[name]
unknown

[dist]
# distance from previous block
# <min> <max>
0	38

[block]
# block no. 0 follows, 33 sequences, length 124
# corresponding to MSA columns:
# 39-162
name=unknown_A
#
# <colnr> <probs for GDERKNQSTAVLIFYWHMCP>
#	G	D	E	R	K	N	Q	S	T	A	V	L	I	F	Y	W	H	M	C	P
0	0.04185	0.07172	0.04289	0.01606	0.02114	0.03796	0.13011	0.29701	0.04414	0.05773	0.01738	0.02339	0.01435	0.00838	0.00674	0.00206	0.00760	0.09315	0.00530	0.06105
1	0.00906	0.00677	0.00844	0.00818	0.00988	0.00616	0.00624	0.01184	0.01758	0.02400	0.52907	0.05408	0.20966	0.01450	0.00786	0.00217	0.00336	0.05818	0.00691	0.00605
2	0.01432	0.22124	0.55711	0.01686	0.02555	0.01802	0.02101	0.02056	0.01377	0.01949	0.01114	0.01305	0.00837	0.00610	0.00574	0.00191	0.00905	0.00452	0.00279	0.00940
3	0.00978	0.00991	0.09361	0.00946	0.01189	0.00728	0.00822	0.01327	0.01764	0.02509	0.60690	0.04476	0.05399	0.04900	0.00883	0.00228	0.00404	0.01097	0.00657	0.00652
4	0.01235	0.00877	0.01070	0.01018	0.01200	0.00874	0.00746	0.14938	0.01686	0.02296	0.14127	0.36720	0.03447	0.01627	0.00976	0.09659	0.00467	0.01268	0.00589	0.05181
5	0.00812	0.00580	0.00775	0.00928	0.00971	0.00543	0.00628	0.00934	0.01270	0.01692	0.03623	0.73786	0.04332	0.02053	0.00843	0.00269	0.00391	0.04422	0.00611	0.00537
6	0.01666	0.01473	0.01502	0.01352	0.01723	0.04135	0.01050	0.03468	0.69170	0.02715	0.02622	0.02413	0.01970	0.00886	0.00667	0.00221	0.00544	0.00733	0.00658	0.01032
7	0.00919	0.00670	0.00865	0.00822	0.00977	0.00615	0.00614	0.01216	0.01826	0.02564	0.66741	0.07026	0.09907	0.01384	0.00778	0.00210	0.00314	0.01221	0.00715	0.00615
8	0.81514	0.01273	0.00968	0.00866	0.01273	0.01477	0.00713	0.01935	0.01120	0.02954	0.00917	0.01069	0.00713	0.00611	0.00407	0.00204	0.00509	0.00356	0.00407	0.00713
9	0.01584	0.01518	0.02591	0.12373	0.64778	0.01552	0.01998	0.01981	0.01478	0.02096	0.01230	0.01644	0.01023	0.00595	0.00652	0.00198	0.00793	0.00586	0.00322	0.01006
10	0.00829	0.00593	0.00791	0.00917	0.00975	0.00555	0.00631	0.00977	0.01348	0.01816	0.12486	0.64435	0.04571	0.01960	0.00835	0.00261	0.00382	0.04464	0.00626	0.00549
11	0.01760	0.77260	0.03450	0.01126	0.01690	0.02605	0.01126	0.01971	0.01338	0.01549	0.00915	0.01056	0.00845	0.00563	0.00422	0.00141	0.00704	0.00352	0.00282	0.00845
12	0.02888	0.01106	0.01507	0.01160	0.01658	0.00956	0.00956	0.03145	0.01884	0.70928	0.04858	0.02327	0.01778	0.00832	0.00666	0.00204	0.00552	0.00679	0.00812	0.01104
13	0.02503	0.01844	0.01976	0.01515	0.02042	0.02042	0.01251	0.70562	0.03095	0.04149	0.01581	0.01581	0.01120	0.00790	0.00659	0.00198	0.00724	0.00593	0.00659	0.01120
14	0.00809	0.00579	0.00770	0.00912	0.00956	0.00540	0.00612	0.00935	0.01295	0.01735	0.07518	0.72390	0.04459	0.02022	0.00837	0.00264	0.00378	0.01833	0.00618	0.00540
15	0.02879	0.01137	0.01526	0.01181	0.01682	0.01005	0.00972	0.03225	0.05825	0.69229	0.02602	0.02253	0.01651	0.00819	0.00662	0.00205	0.00558	0.00667	0.00807	0.01116
16	0.00799	0.00585	0.00751	0.00884	0.00946	0.00537	0.00597	0.00920	0.01291	0.01693	0.04020	0.67401	0.13134	0.02012	0.00832	0.00262	0.00376	0.01809	0.00611	0.00537
17	0.00802	0.00573	0.00764	0.00917	0.00955	0.00535	0.00611	0.00917	0.01260	0.01681	0.03628	0.76434	0.04354	0.02062	0.00840	0.00267	0.00382	0.01872	0.00611	0.00535
18	0.01637	0.01414	0.01489	0.01340	0.01712	0.01637	0.01042	0.03498	0.71568	0.02754	0.02679	0.02456	0.02010	0.00893	0.00670	0.00223	0.00521	0.00744	0.00670	0.01042
19	0.01637	0.01414	0.01489	0.01340	0.01712	0.01637	0.01042	0.03498	0.71568	0.02754	0.02679	0.02456	0.02010	0.00893	0.00670	0.00223	0.00521	0.00744	0.00670	0.01042
20	0.01841	0.05267	0.04539	0.02600	0.22118	0.01560	0.27446	0.07139	0.01673	0.12599	0.01475	0.01722	0.01099	0.00617	0.00680	0.00199	0.00853	0.00645	0.00424	0.05505
21	0.01970	0.55166	0.02985	0.01285	0.01793	0.19799	0.01169	0.06008	0.01564	0.01711	0.00977	0.01117	0.00861	0.00604	0.00477	0.00151	0.00821	0.00383	0.00317	0.00841
22	0.01498	0.01536	0.02008	0.01727	0.01746	0.06100	0.01431	0.01643	0.01057	0.01586	0.00873	0.01426	0.00863	0.01125	0.02072	0.00281	0.71447	0.00568	0.00291	0.00723
23	0.01362	0.01325	0.01866	0.01623	0.01642	0.01829	0.01344	0.01520	0.01016	0.01576	0.01005	0.01620	0.00987	0.01746	0.13462	0.00409	0.64076	0.00596	0.00298	0.00699
24	0.00932	0.00673	0.00880	0.00828	0.00984	0.00621	0.00621	0.01242	0.01863	0.02640	0.72410	0.04918	0.06212	0.01346	0.00776	0.00207	0.00311	0.01191	0.00725	0.00621
25	0.00778	0.00667	0.00667	0.00667	0.00889	0.00556	0.00500	0.00945	0.01501	0.01778	0.06669	0.06336	0.72490	0.01667	0.00778	0.00222	0.00333	0.01389	0.00611	0.00556
26	0.01320	0.03405	0.73453	0.01876	0.02849	0.01529	0.02432	0.02085	0.01390	0.02085	0.01181	0.01390	0.00834	0.00625	0.00625	0.00208	0.00973	0.00486	0.00278	0.00973
27	0.00951	0.00636	0.00720	0.00726	0.00728	0.00634	0.00407	0.00956	0.00970	0.01293	0.02137	0.07217	0.02472	0.73847	0.03249	0.00623	0.00628	0.00994	0.00407	0.00404
28	0.01365	0.01170	0.01365	0.00975	0.01560	0.00878	0.00780	0.01658	0.01365	0.02145	0.01170	0.01365	0.00975	0.00488	0.00488	0.00098	0.00488	0.00390	0.00390	0.80888
29	0.01637	0.01414	0.01489	0.01340	0.01712	0.01637	0.01042	0.03498	0.71568	0.02754	0.02679	0.02456	0.02010	0.00893	0.00670	0.00223	0.00521	0.00744	0.00670	0.01042
30	0.00990	0.00716	0.00962	0.01018	0.01175	0.00688	0.00842	0.01288	0.01663	0.02245	0.33032	0.06296	0.08706	0.01609	0.00845	0.00258	0.00465	0.35936	0.00657	0.00610
31	0.00802	0.00573	0.00764	0.00917	0.00955	0.00535	0.00611	0.00917	0.01260	0.01681	0.03628	0.76434	0.04354	0.02062	0.00840	0.00267	0.00382	0.01872	0.00611	0.00535
32	0.00802	0.00573	0.00764	0.00917	0.00955	0.00535	0.00611	0.00917	0.01260	0.01681	0.03628	0.76434	0.04354	0.02062	0.00840	0.00267	0.00382	0.01872	0.00611	0.00535
33	0.01365	0.01170	0.01365	0.00975	0.01560	0.00878	0.00780	0.01658	0.01365	0.02145	0.01170	0.01365	0.00975	0.00488	0.00488	0.00098	0.00488	0.00390	0.00390	0.80888
34	0.01548	0.41698	0.37157	0.01488	0.02248	0.02087	0.01755	0.02026	0.01363	0.01807	0.01043	0.01217	0.00840	0.00593	0.00520	0.00173	0.00834	0.00417	0.00280	0.00907
35	0.02316	0.10369	0.02014	0.01600	0.01973	0.54473	0.01244	0.08387	0.06461	0.01895	0.01161	0.01296	0.00947	0.00701	0.00622	0.00175	0.02710	0.00455	0.00381	0.00819
36	0.00904	0.00672	0.00842	0.00799	0.00967	0.00609	0.00600	0.01189	0.01799	0.02486	0.60660	0.05171	0.18058	0.01403	0.00777	0.00210	0.00315	0.01226	0.00704	0.00609
37	0.01555	0.01766	0.11730	0.10206	0.57578	0.01550	0.02056	0.01998	0.01468	0.02100	0.01225	0.01610	0.01001	0.00598	0.00649	0.00199	0.00815	0.00574	0.00317	0.01006
38	0.02954	0.01120	0.01528	0.01171	0.01681	0.00968	0.00968	0.03208	0.01884	0.73213	0.02597	0.02241	0.01630	0.00815	0.00662	0.00204	0.00560	0.00662	0.00815	0.01120
39	0.81514	0.01273	0.00968	0.00866	0.01273	0.01477	0.00713	0.01935	0.01120	0.02954	0.00917	0.01069	0.00713	0.00611	0.00407	0.00204	0.00509	0.00356	0.00407	0.00713
40	0.02450	0.01818	0.01946	0.01504	0.02021	0.02017	0.01239	0.66473	0.07271	0.04064	0.01648	0.01634	0.01174	0.00797	0.00659	0.00199	0.00712	0.00602	0.00659	0.01115
41	0.00798	0.00668	0.00694	0.00688	0.00901	0.00564	0.00516	0.00983	0.01547	0.01889	0.15141	0.06153	0.63949	0.01626	0.00778	0.00220	0.00331	0.01364	0.00626	0.00564
42	0.00906	0.00672	0.00844	0.00801	0.00968	0.00610	0.00601	0.01193	0.01803	0.02496	0.61449	0.05154	0.17262	0.01399	0.00777	0.00210	0.00314	0.01224	0.00706	0.00610
43	0.01573	0.01474	0.02367	0.05494	0.56092	0.01514	0.01788	0.02170	0.11989	0.02201	0.01588	0.05987	0.01370	0.00718	0.00665	0.00204	0.00723	0.00683	0.00393	0.01005
44	0.00884	0.00672	0.00825	0.00916	0.01060	0.00620	0.00714	0.01078	0.01428	0.01803	0.04685	0.24685	0.29875	0.04013	0.00913	0.00273	0.00446	0.23942	0.00603	0.00563
45	0.04536	0.01766	0.02671	0.02200	0.08779	0.09206	0.30149	0.12408	0.07304	0.05875	0.03477	0.01818	0.01263	0.00691	0.00736	0.00209	0.03090	0.00676	0.02225	0.00922
46	0.00920	0.00667	0.00868	0.00829	0.00979	0.00615	0.00617	0.01216	0.01820	0.02562	0.66740	0.09000	0.07902	0.01395	0.00780	0.00211	0.00315	0.01234	0.00715	0.00615
47	0.02066	0.01899	0.13120	0.03870	0.02113	0.01748	0.01370	0.40222	0.13110	0.06079	0.04582	0.01871	0.01441	0.00798	0.00655	0.00204	0.00705	0.00626	0.02482	0.01040
48	0.01478	0.02316	0.27232	0.02516	0.05626	0.01616	0.45175	0.02098	0.01497	0.02102	0.01278	0.01641	0.00945	0.00580	0.00722	0.00217	0.01053	0.00673	0.00314	0.00922
49	0.02020	0.43495	0.02712	0.01348	0.01823	0.25682	0.01175	0.06240	0.06644	0.01805	0.01113	0.01229	0.00945	0.00637	0.00509	0.00159	0.00848	0.00417	0.00350	0.00848
50	0.01086	0.00809	0.01117	0.03282	0.01283	0.00809	0.04745	0.03607	0.04095	0.04457	0.12168	0.35096	0.06645	0.14071	0.01255	0.00309	0.02644	0.01339	0.00567	0.00617
51	0.01468	0.13994	0.49340	0.01957	0.09161	0.04606	0.04005	0.02071	0.01415	0.01996	0.01145	0.01365	0.00865	0.00608	0.00596	0.00193	0.00912	0.00479	0.00291	0.03535
52	0.01341	0.02537	0.42732	0.02167	0.09222	0.01447	0.17490	0.01948	0.01422	0.02049	0.01507	0.10276	0.01302	0.00774	0.00687	0.00217	0.00917	0.00723	0.00334	0.00909
53	0.01335	0.03306	0.69211	0.01931	0.02885	0.01537	0.06575	0.02086	0.01400	0.02086	0.01191	0.01413	0.00844	0.00621	0.00635	0.00209	0.00981	0.00504	0.00281	0.00968
54	0.01531	0.01635	0.09311	0.17287	0.22121	0.04200	0.16491	0.01958	0.01486	0.06572	0.01703	0.07079	0.04115	0.00762	0.00694	0.00213	0.00846	0.00738	0.00380	0.00879
55	0.01452	0.01698	0.11690	0.17118	0.35095	0.01493	0.12935	0.01910	0.01444	0.02016	0.01379	0.06222	0.01180	0.00691	0.00681	0.00210	0.00853	0.00683	0.00332	0.00918
56	0.01467	0.02384	0.29854	0.02439	0.03220	0.01614	0.45007	0.02100	0.01493	0.02100	0.01276	0.01632	0.00937	0.00581	0.00720	0.00217	0.01059	0.00668	0.00312	0.00920
57	0.01305	0.01181	0.01916	0.48266	0.16789	0.01370	0.01636	0.03643	0.01357	0.01793	0.01381	0.04338	0.01208	0.09991	0.00991	0.00267	0.00811	0.00671	0.00332	0.00755
58	0.01693	0.06553	0.25845	0.06932	0.14396	0.07688	0.06309	0.04998	0.06208	0.08130	0.01493	0.04244	0.01166	0.00708	0.00643	0.00203	0.00850	0.00601	0.00395	0.00946
59	0.01467	0.01543	0.07056	0.15963	0.23610	0.04402	0.05411	0.04523	0.05999	0.02043	0.03549	0.08839	0.01524	0.02650	0.00894	0.00230	0.08313	0.00739	0.00388	0.00856
60	0.00957	0.00638	0.00718	0.00718	0.00718	0.00638	0.00399	0.00957	0.00957	0.01276	0.02074	0.04308	0.02393	0.76864	0.03351	0.00638	0.00638	0.00957	0.00399	0.00399
61	0.01770	0.03933	0.12387	0.07709	0.18872	0.03667	0.19959	0.06034	0.01602	0.11295	0.01416	0.01695	0.01057	0.00688	0.00765	0.02111	0.03077	0.00621	0.00398	0.00943
62	0.01946	0.08028	0.15701	0.01948	0.12955	0.07307	0.03414	0.30106	0.02134	0.02837	0.01485	0.06411	0.01221	0.00779	0.00643	0.00198	0.00802	0.00629	0.00470	0.00987
63	0.00830	0.00662	0.00747	0.00774	0.00941	0.00587	0.00562	0.01048	0.03155	0.01922	0.16926	0.23814	0.42301	0.01695	0.00791	0.00231	0.00346	0.01463	0.00632	0.00573
64	0.01554	0.01776	0.03885	0.02775	0.03441	0.01665	0.70366	0.02109	0.01554	0.02109	0.01332	0.01776	0.00999	0.00555	0.00777	0.00222	0.01110	0.00777	0.00333	0.00888
65	0.02010	0.22804	0.15491	0.03868	0.04347	0.08580	0.01406	0.08645	0.03736	0.17215	0.01581	0.01805	0.01212	0.00731	0.00594	0.00189	0.00769	0.03613	0.00462	0.00942
66	0.01532	0.03902	0.15525	0.02682	0.28734	0.01487	0.16676	0.02082	0.05474	0.05008	0.04459	0.02104	0.05892	0.00712	0.00682	0.00206	0.00815	0.00690	0.00390	0.00946
67	0.00778	0.00667	0.00667	0.00667	0.00889	0.00556	0.00500	0.00945	0.01501	0.01778	0.06669	0.06336	0.72490	0.01667	0.00778	0.00222	0.00333	0.01389	0.00611	0.00556
68	0.00832	0.00594	0.00798	0.00951	0.01002	0.00560	0.00663	0.00968	0.01290	0.01714	0.03612	0.68508	0.04289	0.02034	0.00848	0.00271	0.00408	0.09504	0.00611	0.00543
69	0.01639	0.03045	0.57240	0.01764	0.02623	0.05975	0.02133	0.05241	0.01553	0.10721	0.01359	0.01488	0.00943	0.00659	0.00629	0.00205	0.00926	0.00508	0.00363	0.00984
70	0.01620	0.01555	0.02655	0.05744	0.71127	0.01562	0.02016	0.02012	0.01495	0.02140	0.01237	0.01632	0.01039	0.00588	0.00652	0.00196	0.00784	0.00587	0.00325	0.01035
71	0.00940	0.00705	0.01058	0.01058	0.01176	0.00823	0.00823	0.01176	0.01058	0.01528	0.01763	0.02586	0.01646	0.04937	0.74255	0.01058	0.01763	0.00705	0.00353	0.00588
72	0.81514	0.01273	0.00968	0.00866	0.01273	0.01477	0.00713	0.01935	0.01120	0.02954	0.00917	0.01069	0.00713	0.00611	0.00407	0.00204	0.00509	0.00356	0.00407	0.00713
73	0.01787	0.01423	0.01530	0.01335	0.01714	0.01606	0.01046	0.17866	0.48299	0.04925	0.02524	0.09001	0.02019	0.00975	0.00683	0.00221	0.00554	0.00812	0.00666	0.01015
74	0.01553	0.13189	0.07385	0.05846	0.04343	0.06198	0.06251	0.06530	0.01393	0.01877	0.01337	0.07874	0.01283	0.00981	0.01202	0.00234	0.28394	0.02981	0.00358	0.00791
75	0.05045	0.01681	0.13074	0.23759	0.30647	0.01471	0.01830	0.01951	0.03915	0.02063	0.01241	0.01611	0.00977	0.00617	0.00625	0.00198	0.00792	0.00550	0.00330	0.07622
76	0.01365	0.01170	0.01365	0.00975	0.01560	0.00878	0.00780	0.01658	0.01365	0.02145	0.01170	0.01365	0.00975	0.00488	0.00488	0.00098	0.00488	0.00390	0.00390	0.80888
77	0.01737	0.01791	0.11689	0.02664	0.29766	0.01559	0.11963	0.15738	0.01822	0.05364	0.01684	0.04155	0.03630	0.00751	0.00686	0.00208	0.00804	0.02570	0.00433	0.00986
78	0.02232	0.01775	0.09856	0.01675	0.08769	0.09682	0.04400	0.10070	0.03785	0.28233	0.01775	0.01765	0.01236	0.00701	0.00631	0.00186	0.00732	0.00572	0.00555	0.11368
79	0.01365	0.01170	0.01365	0.00975	0.01560	0.00878	0.00780	0.01658	0.01365	0.02145	0.01170	0.01365	0.00975	0.00488	0.00488	0.00098	0.00488	0.00390	0.00390	0.80888
80	0.01052	0.00937	0.03829	0.01286	0.07807	0.00825	0.05084	0.01427	0.03690	0.02449	0.49800	0.07072	0.09659	0.01239	0.00759	0.00211	0.00437	0.01112	0.00634	0.00693
81	0.00857	0.00614	0.00804	0.00931	0.00988	0.00582	0.00630	0.02976	0.01336	0.01788	0.06035	0.71668	0.04326	0.01999	0.00833	0.00263	0.00389	0.01809	0.00617	0.00555
82	0.01631	0.01723	0.05075	0.10389	0.48653	0.07696	0.04982	0.02009	0.01470	0.02008	0.01184	0.01587	0.00986	0.00649	0.00779	0.00205	0.07125	0.00577	0.00319	0.00953
83	0.01043	0.00794	0.00922	0.00896	0.01086	0.00765	0.00664	0.08684	0.03975	0.02277	0.23195	0.25063	0.25012	0.01570	0.00779	0.00228	0.00389	0.01363	0.00649	0.00645
84	0.01052	0.00739	0.00908	0.00858	0.01055	0.00682	0.00657	0.04043	0.01785	0.05600	0.44522	0.08244	0.20937	0.01430	0.00777	0.00218	0.00363	0.04797	0.00689	0.00644
85	0.02459	0.03138	0.01866	0.01696	0.02035	0.74221	0.01272	0.02629	0.01866	0.01611	0.01018	0.01187	0.00848	0.00678	0.00594	0.00170	0.01187	0.00424	0.00339	0.00763
86	0.01200	0.00754	0.00963	0.00874	0.01088	0.00692	0.00668	0.01540	0.04086	0.11655	0.54853	0.04629	0.11842	0.01294	0.00758	0.00209	0.00352	0.01127	0.00724	0.00693
87	0.01637	0.01414	0.01489	0.01340	0.01712	0.01637	0.01042	0.03498	0.71568	0.02754	0.02679	0.02456	0.02010	0.00893	0.00670	0.00223	0.00521	0.00744	0.00670	0.01042
88	0.01554	0.01776	0.03885	0.02775	0.03441	0.01665	0.70366	0.02109	0.01554	0.02109	0.01332	0.01776	0.00999	0.00555	0.00777	0.00222	0.01110	0.00777	0.00333	0.00888
89	0.01637	0.01414	0.01489	0.01340	0.01712	0.01637	0.01042	0.03498	0.71568	0.02754	0.02679	0.02456	0.02010	0.00893	0.00670	0.00223	0.00521	0.00744	0.00670	0.01042
90	0.05688	0.01858	0.01932	0.01494	0.02010	0.04066	0.01230	0.65867	0.02981	0.04029	0.01538	0.01549	0.01095	0.00780	0.00647	0.00197	0.00729	0.00578	0.00639	0.01093
91	0.10618	0.00691	0.00655	0.00643	0.00826	0.00715	0.00490	0.01581	0.01350	0.02513	0.02004	0.02292	0.01573	0.00749	0.00454	0.00159	0.00330	0.00584	0.71148	0.00625
92	0.00926	0.00673	0.00871	0.00822	0.00980	0.00619	0.00616	0.01230	0.01849	0.02605	0.69758	0.04975	0.08885	0.01359	0.00777	0.00208	0.00312	0.01199	0.00720	0.00619
93	0.00799	0.00585	0.00751	0.00884	0.00946	0.00537	0.00597	0.00920	0.01291	0.01693	0.04020	0.67401	0.13134	0.02012	0.00832	0.00262	0.00376	0.01809	0.00611	0.00537
94	0.16607	0.01797	0.16570	0.04727	0.02086	0.04529	0.03978	0.06702	0.01643	0.29458	0.01684	0.01693	0.01143	0.00728	0.00670	0.00208	0.03731	0.00553	0.00536	0.00958
95	0.01144	0.00572	0.00858	0.00858	0.00858	0.00572	0.00572	0.00858	0.00858	0.01144	0.01144	0.02001	0.01144	0.02287	0.02573	0.80846	0.00572	0.00572	0.00286	0.00286
96	0.03875	0.57052	0.14750	0.01372	0.04433	0.05584	0.01368	0.02020	0.01370	0.01699	0.00975	0.01138	0.00847	0.00581	0.00471	0.00157	0.00767	0.00386	0.00289	0.00866
97	0.01548	0.01522	0.08826	0.01590	0.08017	0.01197	0.08564	0.03865	0.04160	0.06651	0.01341	0.01540	0.01050	0.00588	0.00636	0.00152	0.03671	0.00502	0.00408	0.44171
98	0.00797	0.00591	0.00745	0.00868	0.00942	0.00539	0.00589	0.00922	0.01307	0.01700	0.04224	0.62708	0.17696	0.01985	0.00828	0.00259	0.00372	0.01777	0.00611	0.00539
99	0.01745	0.15309	0.15067	0.02070	0.13659	0.06006	0.07705	0.12734	0.03613	0.02239	0.01202	0.01460	0.00967	0.00721	0.00853	0.00205	0.12610	0.00539	0.00367	0.00927
100	0.00816	0.00588	0.00774	0.00897	0.00956	0.00546	0.00608	0.00956	0.01340	0.01797	0.11833	0.65540	0.06979	0.01964	0.00831	0.00259	0.00372	0.01774	0.00624	0.00546
101	0.81514	0.01273	0.00968	0.00866	0.01273	0.01477	0.00713	0.01935	0.01120	0.02954	0.00917	0.01069	0.00713	0.00611	0.00407	0.00204	0.00509	0.00356	0.00407	0.00713
102	0.02503	0.01844	0.01976	0.01515	0.02042	0.02042	0.01251	0.70562	0.03095	0.04149	0.01581	0.01581	0.01120	0.00790	0.00659	0.00198	0.00724	0.00593	0.00659	0.01120
103	0.02829	0.01321	0.01652	0.01266	0.01780	0.01265	0.01046	0.21840	0.02219	0.54109	0.02316	0.02058	0.01489	0.00808	0.00661	0.00202	0.00606	0.00643	0.00772	0.01120
104	0.01560	0.01569	0.02933	0.15186	0.26033	0.01604	0.29154	0.05274	0.01547	0.02139	0.01289	0.01719	0.01010	0.00620	0.00753	0.00213	0.03601	0.00663	0.02222	0.00911
105	0.00808	0.00575	0.00762	0.00909	0.00946	0.00539	0.00603	0.00918	0.01249	0.01665	0.03569	0.73666	0.04279	0.04933	0.00937	0.00282	0.00392	0.01836	0.00603	0.00530
106	0.01673	0.01547	0.02506	0.03627	0.61885	0.01570	0.01873	0.07743	0.04034	0.02321	0.01401	0.04296	0.01199	0.00666	0.00660	0.00199	0.00754	0.00638	0.00375	0.01031
107	0.02487	0.01817	0.02022	0.01544	0.02075	0.01993	0.03478	0.66078	0.03005	0.06410	0.01607	0.01609	0.01133	0.00783	0.00663	0.00199	0.00731	0.00601	0.00653	0.01112
108	0.00802	0.00573	0.00764	0.00917	0.00955	0.00535	0.00611	0.00917	0.01260	0.01681	0.03628	0.76434	0.04354	0.02062	0.00840	0.00267	0.00382	0.01872	0.00611	0.00535
109	0.00905	0.00736	0.00809	0.00779	0.00994	0.00674	0.00588	0.01270	0.07929	0.02143	0.27436	0.05530	0.44842	0.01494	0.00768	0.00217	0.00343	0.01267	0.00653	0.00621
110	0.00802	0.00573	0.00764	0.00917	0.00955	0.00535	0.00611	0.00917	0.01260	0.01681	0.03628	0.76434	0.04354	0.02062	0.00840	0.00267	0.00382	0.01872	0.00611	0.00535
111	0.00941	0.00703	0.01046	0.01046	0.01159	0.00816	0.00808	0.01168	0.01054	0.01519	0.01774	0.02647	0.01672	0.07478	0.71751	0.01043	0.01724	0.00714	0.00354	0.00581
112	0.01437	0.01368	0.02324	0.39580	0.38723	0.01514	0.01925	0.01852	0.01408	0.01917	0.01204	0.01692	0.00960	0.00622	0.00655	0.00207	0.00830	0.00586	0.00309	0.00887
113	0.01587	0.15448	0.05874	0.02540	0.10026	0.01832	0.46440	0.02057	0.01486	0.01993	0.01226	0.01607	0.00966	0.00582	0.00742	0.00206	0.03511	0.00665	0.00320	0.00893
114	0.68937	0.06097	0.03629	0.00969	0.01380	0.01582	0.00841	0.01921	0.01136	0.02753	0.00922	0.01102	0.00735	0.00642	0.00523	0.00205	0.05134	0.00374	0.00388	0.00730
115	0.01360	0.01166	0.03508	0.00998	0.01266	0.10206	0.00796	0.04024	0.01814	0.09203	0.37234	0.04249	0.19132	0.01234	0.00733	0.00205	0.00490	0.01039	0.00642	0.00703
116	0.01243	0.01170	0.01975	0.75282	0.04534	0.01463	0.01828	0.01682	0.01316	0.01682	0.01170	0.01755	0.00878	0.00658	0.00658	0.00219	0.00878	0.00585	0.00293	0.00731
117	0.02409	0.01633	0.01945	0.01507	0.01979	0.01775	0.04306	0.46852	0.02568	0.16993	0.01761	0.03802	0.01281	0.00850	0.00796	0.00209	0.06984	0.00649	0.00641	0.01059
118	0.01166	0.00896	0.01281	0.01261	0.01464	0.00904	0.06806	0.01671	0.12616	0.04311	0.03195	0.30101	0.03395	0.01616	0.00828	0.00268	0.00556	0.26373	0.00602	0.00691
119	0.01109	0.00948	0.01002	0.00966	0.01142	0.07777	0.00728	0.01470	0.05717	0.02392	0.49141	0.11527	0.07074	0.01361	0.00766	0.00216	0.00431	0.04922	0.00663	0.00648
120	0.00798	0.00664	0.00697	0.00697	0.00903	0.00563	0.00520	0.00979	0.01534	0.01878	0.14445	0.09223	0.61545	0.01646	0.00781	0.00222	0.00333	0.01387	0.00625	0.00563
121	0.01459	0.01188	0.01383	0.01014	0.01578	0.00945	0.00810	0.01882	0.07275	0.05395	0.01361	0.01496	0.01091	0.00536	0.00511	0.00113	0.00494	0.00432	0.00433	0.70603
122	0.02243	0.02596	0.01833	0.01585	0.01966	0.52068	0.04183	0.09466	0.01902	0.02001	0.01183	0.01360	0.00954	0.00675	0.00590	0.00167	0.01013	0.00468	0.06124	0.07625
123	0.08358	0.04493	0.01437	0.00990	0.01552	0.01012	0.00806	0.01835	0.01390	0.08602	0.01266	0.01405	0.01006	0.00531	0.00494	0.00118	0.00505	0.00410	0.00425	0.63364

[dist]
# distance from previous block
# <min> <max>
0	19

[block]
# block no. 1 follows, 33 sequences, length 61
# corresponding to MSA columns:
# 182-242
name=unknown_B
#
# <colnr> <probs for GDERKNQSTAVLIFYWHMCP>
#	G	D	E	R	K	N	Q	S	T	A	V	L	I	F	Y	W	H	M	C	P
0	0.00968	0.04297	0.00936	0.00887	0.00960	0.00753	0.00601	0.01140	0.04552	0.01567	0.02720	0.33671	0.03113	0.31927	0.06092	0.00454	0.00595	0.03744	0.00498	0.00526
1	0.06331	0.05361	0.02570	0.03350	0.52618	0.07924	0.05057	0.02051	0.01482	0.02094	0.01173	0.01529	0.00987	0.00618	0.00694	0.00196	0.04112	0.00556	0.00328	0.00968
2	0.01553	0.05694	0.01488	0.01189	0.01502	0.04914	0.00946	0.14690	0.21478	0.02729	0.24608	0.03141	0.07626	0.01052	0.00761	0.00209	0.04091	0.00854	0.00625	0.00850
3	0.01856	0.01802	0.01587	0.01420	0.01787	0.17625	0.01096	0.07755	0.49886	0.02570	0.02263	0.03930	0.01751	0.00868	0.00656	0.00211	0.00678	0.00691	0.00595	0.00973
4	0.02119	0.01689	0.07517	0.01490	0.02001	0.01656	0.04905	0.25971	0.27488	0.14847	0.02103	0.02003	0.01498	0.00806	0.00667	0.00210	0.00664	0.00661	0.00641	0.01068
5	0.01509	0.01285	0.01377	0.01275	0.01595	0.01468	0.00976	0.03101	0.60738	0.02589	0.02826	0.13852	0.02371	0.01073	0.00696	0.00230	0.00500	0.00918	0.00661	0.00964
6	0.01629	0.01564	0.02672	0.04041	0.72757	0.01564	0.02020	0.02020	0.01499	0.02151	0.01238	0.01629	0.01043	0.00587	0.00652	0.00196	0.00782	0.00587	0.00326	0.01043
7	0.00806	0.00663	0.00703	0.00702	0.00900	0.00567	0.00519	0.00986	0.01525	0.01881	0.15701	0.09057	0.58028	0.03977	0.00860	0.00235	0.00342	0.01368	0.00621	0.00559
8	0.02503	0.01844	0.01976	0.01515	0.02042	0.02042	0.01251	0.70562	0.03095	0.04149	0.01581	0.01581	0.01120	0.00790	0.00659	0.00198	0.00724	0.00593	0.00659	0.01120
9	0.81514	0.01273	0.00968	0.00866	0.01273	0.01477	0.00713	0.01935	0.01120	0.02954	0.00917	0.01069	0.00713	0.00611	0.00407	0.00204	0.00509	0.00356	0.00407	0.00713
10	0.00802	0.00573	0.00764	0.00917	0.00955	0.00535	0.00611	0.00917	0.01260	0.01681	0.03628	0.76434	0.04354	0.02062	0.00840	0.00267	0.00382	0.01872	0.00611	0.00535
11	0.02503	0.01844	0.01976	0.01515	0.02042	0.02042	0.01251	0.70562	0.03095	0.04149	0.01581	0.01581	0.01120	0.00790	0.00659	0.00198	0.00724	0.00593	0.00659	0.01120
12	0.00896	0.00672	0.00830	0.00791	0.00961	0.00606	0.00593	0.01173	0.01779	0.02439	0.57052	0.05249	0.21695	0.01421	0.00777	0.00211	0.00316	0.01237	0.00698	0.00606
13	0.04713	0.74447	0.03358	0.01117	0.01674	0.02563	0.01111	0.01970	0.01330	0.01601	0.00915	0.01057	0.00840	0.00565	0.00422	0.00143	0.00697	0.00352	0.00286	0.00840
14	0.01645	0.01338	0.01484	0.01334	0.03281	0.01515	0.01017	0.14623	0.40597	0.02838	0.11185	0.02643	0.02325	0.04619	0.00868	0.00237	0.03735	0.00770	0.03002	0.00945
15	0.01474	0.15771	0.28808	0.01658	0.06293	0.01520	0.06570	0.01952	0.01425	0.04187	0.02955	0.01740	0.01171	0.00652	0.00588	0.00176	0.00773	0.03478	0.00351	0.18458
16	0.00940	0.00705	0.01058	0.01058	0.01176	0.00823	0.00823	0.01176	0.01058	0.01528	0.01763	0.02586	0.01646	0.04937	0.74255	0.01058	0.01763	0.00705	0.00353	0.00588
17	0.01520	0.06985	0.52518	0.01809	0.04702	0.01658	0.02083	0.10169	0.08114	0.02360	0.01354	0.01500	0.00983	0.00665	0.00623	0.00205	0.00882	0.00519	0.00360	0.00992
18	0.00957	0.00638	0.00718	0.00718	0.00718	0.00638	0.00399	0.00957	0.00957	0.01276	0.02074	0.04308	0.02393	0.76864	0.03351	0.00638	0.00638	0.00957	0.00399	0.00399
19	0.01546	0.01861	0.08363	0.02850	0.10787	0.01645	0.58586	0.02098	0.01537	0.02112	0.01312	0.01735	0.00993	0.00563	0.00754	0.00218	0.01066	0.00737	0.00329	0.00910
20	0.00802	0.00573	0.00764	0.00917	0.00955	0.00535	0.00611	0.00917	0.01260	0.01681	0.03628	0.76434	0.04354	0.02062	0.00840	0.00267	0.00382	0.01872	0.00611	0.00535
21	0.01454	0.01363	0.02292	0.12358	0.53271	0.01393	0.01780	0.01809	0.01440	0.02020	0.01598	0.13168	0.01532	0.00823	0.00682	0.00210	0.00732	0.00784	0.00366	0.00926
22	0.00823	0.00588	0.00788	0.00941	0.00988	0.00553	0.00647	0.00953	0.01281	0.01704	0.03617	0.70869	0.04309	0.02043	0.00846	0.00270	0.00400	0.07231	0.00611	0.00540
23	0.02028	0.01702	0.01573	0.01315	0.01695	0.14268	0.01036	0.32542	0.08912	0.05107	0.05124	0.03970	0.07950	0.04261	0.00775	0.00216	0.00694	0.00721	0.05207	0.00905
24	0.01637	0.01414	0.01489	0.01340	0.01712	0.01637	0.01042	0.03498	0.71568	0.02754	0.02679	0.02456	0.02010	0.00893	0.00670	0.00223	0.00521	0.00744	0.00670	0.01042
25	0.01688	0.01439	0.01517	0.01350	0.01731	0.01661	0.01054	0.07390	0.67595	0.02835	0.02616	0.02405	0.01958	0.00887	0.00669	0.00222	0.00533	0.00736	0.00669	0.01047
26	0.02503	0.01844	0.01976	0.01515	0.02042	0.02042	0.01251	0.70562	0.03095	0.04149	0.01581	0.01581	0.01120	0.00790	0.00659	0.00198	0.00724	0.00593	0.00659	0.01120
27	0.81514	0.01273	0.00968	0.00866	0.01273	0.01477	0.00713	0.01935	0.01120	0.02954	0.00917	0.01069	0.00713	0.00611	0.00407	0.00204	0.00509	0.00356	0.00407	0.00713
28	0.01669	0.12843	0.02921	0.02487	0.19418	0.09006	0.26017	0.02222	0.09345	0.02040	0.01468	0.04941	0.01232	0.00680	0.00667	0.00201	0.00881	0.00678	0.00374	0.00908
29	0.00895	0.00622	0.00784	0.00844	0.00875	0.00624	0.00542	0.00973	0.01089	0.01469	0.02633	0.32043	0.03047	0.37562	0.12513	0.00554	0.00700	0.01276	0.00475	0.00479
30	0.01127	0.00574	0.00841	0.00850	0.00859	0.00571	0.00569	0.00891	0.00904	0.01232	0.01331	0.06320	0.01353	0.02207	0.02380	0.72637	0.00549	0.00649	0.03839	0.00315
31	0.02503	0.01844	0.01976	0.01515	0.02042	0.02042	0.01251	0.70562	0.03095	0.04149	0.01581	0.01581	0.01120	0.00790	0.00659	0.00198	0.00724	0.00593	0.00659	0.01120
32	0.01759	0.12404	0.40645	0.01723	0.02431	0.26227	0.01879	0.02255	0.01544	0.01859	0.01093	0.01280	0.00840	0.00636	0.00590	0.00187	0.01012	0.00449	0.00299	0.00886
33	0.01625	0.01644	0.06599	0.03266	0.49576	0.01559	0.06405	0.06116	0.08508	0.02343	0.04784	0.01860	0.01373	0.00665	0.00667	0.00201	0.00764	0.00638	0.00396	0.01013
34	0.00827	0.00642	0.00753	0.00782	0.00934	0.00568	0.00565	0.01018	0.01531	0.01986	0.23786	0.25902	0.34965	0.01692	0.00795	0.00231	0.00341	0.01472	0.00642	0.00568
35	0.01446	0.01456	0.04150	0.09067	0.36454	0.06596	0.01523	0.01884	0.05609	0.02135	0.12685	0.02672	0.09824	0.00854	0.00681	0.00202	0.00689	0.00762	0.00435	0.00875
36	0.00891	0.00654	0.00842	0.00880	0.01009	0.00605	0.00656	0.01127	0.01604	0.02177	0.36207	0.25765	0.13742	0.01648	0.00811	0.00238	0.00370	0.09525	0.00664	0.00586
37	0.01416	0.01420	0.02240	0.19486	0.02632	0.01822	0.10863	0.01750	0.03768	0.01722	0.01068	0.01599	0.00928	0.00943	0.01558	0.00260	0.44846	0.00612	0.00309	0.00757
38	0.01637	0.01414	0.01489	0.01340	0.01712	0.01637	0.01042	0.03498	0.71568	0.02754	0.02679	0.02456	0.02010	0.00893	0.00670	0.00223	0.00521	0.00744	0.00670	0.01042
39	0.01435	0.01433	0.02015	0.03836	0.01809	0.02001	0.01451	0.01587	0.01017	0.01587	0.00873	0.01449	0.00865	0.01138	0.02117	0.00286	0.73516	0.00576	0.00288	0.00720
40	0.01629	0.01564	0.02672	0.04041	0.72757	0.01564	0.02020	0.02020	0.01499	0.02151	0.01238	0.01629	0.01043	0.00587	0.00652	0.00196	0.00782	0.00587	0.00326	0.01043
41	0.01061	0.00758	0.01061	0.01212	0.01364	0.00758	0.01061	0.01364	0.01515	0.01970	0.03486	0.07426	0.03789	0.01819	0.00909	0.00303	0.00606	0.68326	0.00606	0.00606
42	0.01637	0.01414	0.01489	0.01340	0.01712	0.01637	0.01042	0.03498	0.71568	0.02754	0.02679	0.02456	0.02010	0.00893	0.00670	0.00223	0.00521	0.00744	0.00670	0.01042
43	0.01760	0.77260	0.03450	0.01126	0.01690	0.02605	0.01126	0.01971	0.01338	0.01549	0.00915	0.01056	0.00845	0.00563	0.00422	0.00141	0.00704	0.00352	0.00282	0.00845
44	0.01046	0.00747	0.01044	0.01195	0.01340	0.00745	0.01035	0.01338	0.01501	0.01953	0.03494	0.11412	0.03821	0.01833	0.00905	0.00301	0.00593	0.64488	0.00606	0.00602
45	0.02476	0.01831	0.01961	0.01509	0.02032	0.02029	0.01245	0.68539	0.05160	0.04107	0.01614	0.01607	0.01146	0.00793	0.00659	0.00198	0.00718	0.00597	0.00659	0.01117
46	0.81514	0.01273	0.00968	0.00866	0.01273	0.01477	0.00713	0.01935	0.01120	0.02954	0.00917	0.01069	0.00713	0.00611	0.00407	0.00204	0.00509	0.00356	0.00407	0.00713
47	0.00778	0.00667	0.00667	0.00667	0.00889	0.00556	0.00500	0.00945	0.01501	0.01778	0.06669	0.06336	0.72490	0.01667	0.00778	0.00222	0.00333	0.01389	0.00611	0.00556
48	0.01607	0.01383	0.01463	0.01318	0.01681	0.01594	0.01024	0.03402	0.68599	0.02749	0.05649	0.02561	0.02189	0.00912	0.00674	0.00223	0.00512	0.00763	0.00672	0.01024
49	0.01304	0.00778	0.01019	0.00896	0.01136	0.00695	0.00690	0.01604	0.01838	0.14721	0.56316	0.04253	0.05123	0.01205	0.00740	0.00200	0.00364	0.01054	0.00721	0.05343
50	0.01227	0.00614	0.00614	0.00614	0.00767	0.00614	0.00460	0.01534	0.01381	0.02454	0.02148	0.02454	0.01687	0.00767	0.00460	0.00153	0.00307	0.00614	0.80518	0.00614
51	0.00829	0.00594	0.00790	0.00911	0.00971	0.00554	0.00625	0.00980	0.01361	0.01837	0.14219	0.63458	0.04624	0.01945	0.00832	0.00259	0.00377	0.03654	0.00628	0.00550
52	0.81514	0.01273	0.00968	0.00866	0.01273	0.01477	0.00713	0.01935	0.01120	0.02954	0.00917	0.01069	0.00713	0.00611	0.00407	0.00204	0.00509	0.00356	0.00407	0.00713
53	0.01541	0.01262	0.01507	0.01112	0.01674	0.01064	0.02973	0.07392	0.07661	0.04860	0.01390	0.01521	0.01101	0.00561	0.00532	0.00124	0.00531	0.00459	0.00449	0.62287
54	0.01009	0.00877	0.00980	0.01173	0.05225	0.07669	0.00756	0.01145	0.01332	0.01701	0.03239	0.64869	0.03825	0.01844	0.00806	0.00254	0.00482	0.01658	0.00568	0.00586
55	0.01670	0.55908	0.09562	0.01218	0.01775	0.02283	0.01216	0.02190	0.12180	0.01824	0.03828	0.01444	0.01220	0.00648	0.00492	0.00162	0.00686	0.00456	0.00357	0.00879
56	0.06851	0.05706	0.01702	0.01473	0.11203	0.01271	0.01033	0.12219	0.01695	0.06644	0.06700	0.01717	0.01417	0.00643	0.00559	0.00150	0.00568	0.00519	0.00467	0.37462
57	0.01111	0.00911	0.00991	0.01045	0.01177	0.06467	0.00766	0.06751	0.01548	0.01997	0.09391	0.47330	0.06312	0.01745	0.00807	0.00252	0.00492	0.09685	0.00603	0.00617
58	0.16879	0.05104	0.07768	0.06212	0.11805	0.01441	0.18977	0.04822	0.01439	0.02234	0.01641	0.15581	0.01559	0.00876	0.00660	0.00217	0.00752	0.00814	0.00404	0.00814
59	0.31006	0.08385	0.09747	0.07399	0.07459	0.15921	0.01295	0.04155	0.01415	0.02274	0.01028	0.01260	0.00823	0.00658	0.00610	0.00197	0.04772	0.00439	0.00355	0.00803
60	0.00975	0.00869	0.00893	0.00848	0.01055	0.04281	0.00646	0.01255	0.04903	0.02008	0.21367	0.05283	0.45886	0.01477	0.00844	0.00220	0.04749	0.01218	0.00609	0.00614

[dist]
# distance from previous block
# <min> <max>
0	1

[block]
# block no. 2 follows, 33 sequences, length 35
# corresponding to MSA columns:
# 244-278
name=unknown_C
#
# <colnr> <probs for GDERKNQSTAVLIFYWHMCP>
#	G	D	E	R	K	N	Q	S	T	A	V	L	I	F	Y	W	H	M	C	P
0	0.01943	0.01617	0.01657	0.01409	0.01829	0.04601	0.01117	0.24681	0.47183	0.03151	0.02267	0.02130	0.01683	0.00852	0.00663	0.00213	0.00611	0.00684	0.00653	0.01056
1	0.11731	0.12986	0.11695	0.12379	0.15801	0.03085	0.05114	0.01887	0.01409	0.04270	0.04077	0.04566	0.04642	0.00739	0.00602	0.00196	0.00732	0.00619	0.00375	0.03094
2	0.01798	0.10312	0.27392	0.10495	0.02435	0.06190	0.01621	0.05343	0.03395	0.16786	0.03099	0.05419	0.01337	0.00767	0.00630	0.00202	0.00794	0.00612	0.00449	0.00926
3	0.04405	0.01691	0.03408	0.02498	0.03022	0.01728	0.54134	0.01998	0.01430	0.02035	0.01224	0.01684	0.00962	0.00676	0.01039	0.00234	0.15937	0.00722	0.00327	0.00848
4	0.00813	0.00671	0.00716	0.00713	0.00921	0.00574	0.00540	0.01009	0.01561	0.01928	0.17445	0.06139	0.59114	0.01619	0.00782	0.00223	0.00339	0.03695	0.00630	0.00568
5	0.01910	0.01883	0.20206	0.01881	0.13485	0.01397	0.03646	0.16012	0.01913	0.17887	0.08581	0.02192	0.04413	0.00800	0.00669	0.00204	0.00719	0.00673	0.00536	0.00993
6	0.01901	0.04560	0.05475	0.07805	0.04252	0.05170	0.17855	0.10793	0.08438	0.15467	0.04163	0.01964	0.01409	0.00952	0.04484	0.00252	0.02961	0.00667	0.00500	0.00932
7	0.02120	0.01475	0.01567	0.01244	0.01659	0.01613	0.01014	0.49851	0.02581	0.03641	0.01751	0.01843	0.01290	0.00783	0.00599	0.00184	0.00599	0.00599	0.24619	0.00968
8	0.00816	0.00583	0.00780	0.00932	0.00977	0.00547	0.00635	0.00940	0.01274	0.01696	0.03621	0.72773	0.04324	0.02050	0.00844	0.00269	0.00394	0.05397	0.00611	0.00539
9	0.03978	0.01710	0.05743	0.04699	0.28771	0.03851	0.09377	0.20061	0.03725	0.05210	0.01529	0.04015	0.01239	0.00733	0.00671	0.00205	0.00790	0.02243	0.00455	0.00993
10	0.01979	0.01872	0.05347	0.02218	0.18981	0.16495	0.08416	0.06728	0.03670	0.13260	0.03460	0.01875	0.03516	0.00773	0.00813	0.00206	0.08391	0.00625	0.00451	0.00924
11	0.00792	0.00664	0.00690	0.00702	0.00909	0.00562	0.00526	0.00964	0.01498	0.01805	0.08505	0.10521	0.64428	0.01685	0.00785	0.00227	0.00343	0.03222	0.00615	0.00558
12	0.77946	0.01281	0.01014	0.00904	0.01293	0.01501	0.00745	0.01920	0.01115	0.02893	0.00914	0.01086	0.00720	0.00635	0.00486	0.00207	0.03857	0.00366	0.00402	0.00713
13	0.02954	0.01120	0.01528	0.01171	0.01681	0.00968	0.00968	0.03208	0.01884	0.73213	0.02597	0.02241	0.01630	0.00815	0.00662	0.00204	0.00560	0.00662	0.00815	0.01120
14	0.01501	0.01466	0.02336	0.34551	0.40259	0.04786	0.01904	0.01902	0.01437	0.01925	0.01199	0.01664	0.00963	0.00621	0.00652	0.00205	0.00841	0.00579	0.00312	0.00896
15	0.01458	0.04685	0.03385	0.04017	0.01805	0.01128	0.02938	0.06150	0.01469	0.02210	0.01180	0.01395	0.00968	0.00544	0.00568	0.00123	0.02963	0.00429	0.00391	0.62195
16	0.00869	0.00637	0.00836	0.00947	0.01040	0.00584	0.00670	0.01018	0.01303	0.01748	0.03527	0.61652	0.05920	0.01916	0.00822	0.00258	0.00413	0.09179	0.00595	0.06067
17	0.01554	0.01776	0.03885	0.02775	0.03441	0.01665	0.70366	0.02109	0.01554	0.02109	0.01332	0.01776	0.00999	0.00555	0.00777	0.00222	0.01110	0.00777	0.00333	0.00888
18	0.01730	0.15711	0.02428	0.11739	0.26112	0.05509	0.01553	0.09754	0.09474	0.02199	0.01330	0.01590	0.01079	0.00695	0.00721	0.00197	0.06303	0.00552	0.00387	0.00936
19	0.01465	0.01445	0.02293	0.15500	0.22391	0.01772	0.05330	0.01753	0.01231	0.01790	0.01049	0.01567	0.00924	0.00873	0.01394	0.00246	0.37262	0.00591	0.00302	0.00822
20	0.01048	0.00699	0.00917	0.00848	0.01023	0.00641	0.00641	0.01355	0.01865	0.06688	0.68405	0.04764	0.05949	0.01315	0.00770	0.00207	0.00325	0.01160	0.00730	0.00650
21	0.08453	0.01398	0.01587	0.01278	0.01742	0.01466	0.01038	0.22431	0.18941	0.29228	0.04049	0.02085	0.01626	0.00825	0.00647	0.00207	0.00587	0.00653	0.00702	0.01057
22	0.00786	0.00635	0.00700	0.00753	0.00912	0.00549	0.00538	0.00935	0.01418	0.01745	0.05623	0.30441	0.49060	0.01803	0.00799	0.00238	0.00350	0.01555	0.00611	0.00549
23	0.01703	0.67700	0.12512	0.01224	0.01840	0.02466	0.01295	0.01986	0.01344	0.01618	0.00950	0.01099	0.00843	0.00571	0.00449	0.00150	0.00739	0.00369	0.00281	0.00861
24	0.01637	0.01414	0.01489	0.01340	0.01712	0.01637	0.01042	0.03498	0.71568	0.02754	0.02679	0.02456	0.02010	0.00893	0.00670	0.00223	0.00521	0.00744	0.00670	0.01042
25	0.01637	0.01414	0.01489	0.01340	0.01712	0.01637	0.01042	0.03498	0.71568	0.02754	0.02679	0.02456	0.02010	0.00893	0.00670	0.00223	0.00521	0.00744	0.00670	0.01042
26	0.01440	0.01440	0.02016	0.01728	0.01728	0.02016	0.01440	0.01584	0.01008	0.01584	0.00864	0.01440	0.00864	0.01152	0.02160	0.00288	0.75659	0.00576	0.00288	0.00720
27	0.00957	0.00638	0.00718	0.00718	0.00718	0.00638	0.00399	0.00957	0.00957	0.01276	0.02074	0.04308	0.02393	0.76864	0.03351	0.00638	0.00638	0.00957	0.00399	0.00399
28	0.00863	0.00670	0.00784	0.00756	0.00941	0.00592	0.00567	0.01109	0.01701	0.02254	0.42935	0.05553	0.35927	0.01490	0.00777	0.00214	0.00321	0.01280	0.00674	0.00592
29	0.01677	0.01010	0.01096	0.00967	0.01261	0.01070	0.00758	0.08395	0.21112	0.11847	0.02304	0.02350	0.01719	0.00810	0.00562	0.00183	0.00436	0.00654	0.40944	0.00843
30	0.07755	0.02753	0.01728	0.01570	0.01908	0.59779	0.01185	0.02592	0.07704	0.01846	0.04360	0.01454	0.01178	0.00722	0.00595	0.00178	0.01045	0.00481	0.00389	0.00777
31	0.01556	0.46538	0.25077	0.01365	0.02011	0.02132	0.01516	0.01934	0.01347	0.01730	0.01301	0.01459	0.04643	0.00669	0.00587	0.00173	0.04341	0.00460	0.00298	0.00864
32	0.03554	0.03702	0.05734	0.01241	0.03677	0.02629	0.06392	0.01605	0.05825	0.06402	0.09631	0.24809	0.11954	0.04076	0.00820	0.00235	0.00544	0.01136	0.00543	0.05492
33	0.01572	0.44143	0.16683	0.01462	0.02091	0.02054	0.10531	0.01946	0.01414	0.01830	0.05948	0.01496	0.01238	0.00624	0.00536	0.00167	0.00772	0.00494	0.00323	0.04675
34	0.06751	0.17838	0.08920	0.01510	0.01989	0.35143	0.01310	0.12933	0.04077	0.02150	0.01146	0.01274	0.00917	0.00670	0.00564	0.00175	0.00937	0.00448	0.00386	0.00861

[dist]
# distance from previous block
# <min> <max>
1	6

[block]
# block no. 3 follows, 33 sequences, length 55
# corresponding to MSA columns:
# 285-339
name=unknown_D
#
# <colnr> <probs for GDERKNQSTAVLIFYWHMCP>
#	G	D	E	R	K	N	Q	S	T	A	V	L	I	F	Y	W	H	M	C	P
0	0.01929	0.59352	0.03067	0.01264	0.01773	0.19908	0.01162	0.02130	0.01465	0.01564	0.00940	0.01088	0.00846	0.00591	0.00464	0.00148	0.00821	0.00369	0.00296	0.00825
1	0.01660	0.02088	0.28946	0.05927	0.07550	0.01297	0.05340	0.04066	0.01525	0.13667	0.01431	0.01586	0.01032	0.00622	0.00610	0.00180	0.00767	0.00523	0.00411	0.20772
2	0.01338	0.06350	0.70661	0.01846	0.02803	0.01572	0.02380	0.02080	0.01388	0.02063	0.01171	0.01377	0.00834	0.00623	0.00617	0.00206	0.00962	0.00481	0.00278	0.00968
3	0.00808	0.00575	0.00762	0.00909	0.00946	0.00539	0.00603	0.00918	0.01249	0.01665	0.03569	0.73690	0.04280	0.04908	0.00936	0.00281	0.00392	0.01837	0.00603	0.00530
4	0.01474	0.01160	0.04421	0.01663	0.11688	0.01025	0.09629	0.01858	0.04934	0.14265	0.03521	0.07526	0.21805	0.01193	0.00751	0.00229	0.00608	0.10877	0.00561	0.00809
5	0.01477	0.01412	0.02385	0.30598	0.44421	0.01544	0.01926	0.01877	0.01411	0.01953	0.01198	0.01669	0.00974	0.00636	0.00714	0.00208	0.03786	0.00586	0.00312	0.00913
6	0.02954	0.01120	0.01528	0.01171	0.01681	0.00968	0.00968	0.03208	0.01884	0.73213	0.02597	0.02241	0.01630	0.00815	0.00662	0.00204	0.00560	0.00662	0.00815	0.01120
7	0.01615	0.01566	0.02741	0.09809	0.56267	0.01583	0.10388	0.04149	0.01540	0.02169	0.01255	0.01656	0.01026	0.00595	0.00668	0.00201	0.00829	0.00610	0.00334	0.01000
8	0.02050	0.11298	0.02413	0.01879	0.04975	0.37245	0.11550	0.05519	0.01665	0.01816	0.01063	0.01335	0.00893	0.00723	0.00854	0.00195	0.12868	0.00506	0.00338	0.00813
9	0.09701	0.02348	0.01836	0.01533	0.01969	0.33006	0.01211	0.35102	0.02386	0.02949	0.01278	0.01365	0.00966	0.00726	0.00608	0.00186	0.00904	0.00499	0.00498	0.00929
10	0.02459	0.03138	0.01866	0.01696	0.02035	0.74221	0.01272	0.02629	0.01866	0.01611	0.01018	0.01187	0.00848	0.00678	0.00594	0.00170	0.01187	0.00424	0.00339	0.00763
11	0.00778	0.00667	0.00667	0.00667	0.00889	0.00556	0.00500	0.00945	0.01501	0.01778	0.06669	0.06336	0.72490	0.01667	0.00778	0.00222	0.00333	0.01389	0.00611	0.00556
12	0.01365	0.01170	0.01365	0.00975	0.01560	0.00878	0.00780	0.01658	0.01365	0.02145	0.01170	0.01365	0.00975	0.00488	0.00488	0.00098	0.00488	0.00390	0.00390	0.80888
13	0.00809	0.00668	0.00710	0.00700	0.00908	0.00569	0.00525	0.01005	0.01574	0.01954	0.20057	0.06047	0.58993	0.01602	0.00778	0.00219	0.00329	0.01349	0.00634	0.00569
14	0.00932	0.00673	0.00880	0.00828	0.00984	0.00621	0.00621	0.01242	0.01863	0.02640	0.72410	0.04918	0.06212	0.01346	0.00776	0.00207	0.00311	0.01191	0.00725	0.00621
15	0.01354	0.01244	0.02033	0.58313	0.14005	0.01476	0.01779	0.05416	0.01459	0.01918	0.03912	0.01848	0.01117	0.00681	0.00662	0.00214	0.00834	0.00609	0.00333	0.00792
16	0.01365	0.01170	0.01365	0.00975	0.01560	0.00878	0.00780	0.01658	0.01365	0.02145	0.01170	0.01365	0.00975	0.00488	0.00488	0.00098	0.00488	0.00390	0.00390	0.80888
17	0.01333	0.03318	0.69713	0.01925	0.02881	0.01536	0.06084	0.02086	0.01399	0.02086	0.01190	0.01411	0.00843	0.00622	0.00634	0.00209	0.00980	0.00502	0.00281	0.00968
18	0.01144	0.00572	0.00858	0.00858	0.00858	0.00572	0.00572	0.00858	0.00858	0.01144	0.01144	0.02001	0.01144	0.02287	0.02573	0.80846	0.00572	0.00572	0.00286	0.00286
