[name]
unknown

[dist]
# distance from previous block
# <min> <max>
0	18

[block]
# block no. 0 follows, 32 sequences, length 70
# corresponding to MSA columns:
# 18-87
name=unknown_A
#
# <colnr> <probs for GDERKNQSTAVLIFYWHMCP>
#	G	D	E	R	K	N	Q	S	T	A	V	L	I	F	Y	W	H	M	C	P
0	0.18988	0.02916	0.01668	0.12065	0.03872	0.01479	0.04036	0.14623	0.08390	0.11675	0.02003	0.02518	0.03898	0.00886	0.00650	0.00222	0.00663	0.08011	0.00545	0.00891
1	0.01876	0.09880	0.06395	0.06041	0.14488	0.01644	0.01377	0.17054	0.04894	0.08932	0.01492	0.01738	0.01172	0.03888	0.00817	0.00208	0.04783	0.00568	0.00468	0.12286
2	0.04046	0.01340	0.04654	0.01194	0.01652	0.01215	0.01002	0.17731	0.06108	0.10289	0.04835	0.07424	0.05653	0.01075	0.03104	0.00218	0.00614	0.04495	0.00572	0.22778
3	0.04371	0.01504	0.01718	0.04031	0.10804	0.07409	0.04026	0.17940	0.13493	0.02620	0.02542	0.09316	0.11010	0.02738	0.00754	0.00222	0.00669	0.00845	0.00543	0.03444
4	0.05206	0.01473	0.02271	0.24378	0.23108	0.01617	0.06756	0.11065	0.03424	0.04998	0.01344	0.01703	0.01038	0.00696	0.00758	0.00213	0.05475	0.00602	0.00399	0.03477
5	0.03458	0.04119	0.01651	0.03586	0.07880	0.01372	0.01078	0.21971	0.03550	0.15303	0.03739	0.02442	0.05172	0.07698	0.10292	0.03728	0.00799	0.00707	0.00562	0.00895
6	0.06444	0.04783	0.12462	0.17352	0.04882	0.01483	0.20733	0.02106	0.03488	0.09663	0.01525	0.04177	0.01194	0.02907	0.00755	0.00226	0.00858	0.00672	0.00401	0.03889
7	0.01083	0.00872	0.01409	0.04179	0.05385	0.00871	0.09043	0.01295	0.01334	0.04226	0.02923	0.50208	0.03302	0.01877	0.05270	0.00308	0.03736	0.01484	0.00538	0.00656
8	0.01223	0.00753	0.00930	0.00903	0.01095	0.00691	0.00661	0.01477	0.04768	0.12551	0.17472	0.25287	0.20368	0.04962	0.00965	0.02822	0.00415	0.01331	0.00659	0.00666
9	0.03343	0.01225	0.01732	0.11829	0.21532	0.01274	0.01302	0.07967	0.08475	0.04482	0.02250	0.11521	0.07839	0.01074	0.00834	0.06165	0.00641	0.00836	0.00474	0.05205
10	0.01783	0.01153	0.01244	0.01047	0.01376	0.01218	0.00833	0.24998	0.07408	0.07354	0.07102	0.02595	0.06080	0.00898	0.00608	0.00188	0.00492	0.00719	0.32042	0.00862
11	0.00970	0.00648	0.00733	0.00739	0.00740	0.00647	0.00414	0.00974	0.00986	0.01315	0.02168	0.06815	0.02507	0.73903	0.03329	0.00638	0.00642	0.01007	0.00414	0.00411
12	0.01033	0.00708	0.00821	0.00803	0.01011	0.00615	0.00598	0.01232	0.01602	0.08468	0.19419	0.17256	0.40747	0.01618	0.00792	0.00229	0.00364	0.01387	0.00666	0.00629
13	0.69726	0.01275	0.01070	0.00928	0.01358	0.01429	0.00765	0.02162	0.01256	0.13205	0.01185	0.01265	0.00863	0.00653	0.00453	0.00208	0.00527	0.00409	0.00476	0.00787
14	0.14020	0.01561	0.01721	0.01337	0.01851	0.01650	0.01104	0.38979	0.02472	0.25826	0.01843	0.01750	0.01247	0.00787	0.00635	0.00204	0.00654	0.00592	0.00685	0.01082
15	0.04794	0.02915	0.01770	0.01615	0.01932	0.65053	0.01200	0.02507	0.01796	0.01654	0.01129	0.01487	0.00999	0.07371	0.00847	0.00216	0.01139	0.00478	0.00353	0.00744
16	0.01047	0.00775	0.00881	0.00841	0.01070	0.00713	0.00643	0.01421	0.07784	0.06038	0.24825	0.07114	0.39073	0.01502	0.00782	0.00225	0.00373	0.03557	0.00673	0.00662
17	0.00943	0.00686	0.00887	0.00837	0.00998	0.00630	0.00628	0.01253	0.01883	0.02652	0.68997	0.05076	0.09237	0.01386	0.00791	0.00212	0.00318	0.01222	0.00734	0.00630
18	0.02905	0.01187	0.01570	0.01217	0.01727	0.01069	0.01001	0.05527	0.06596	0.65715	0.02618	0.02276	0.01670	0.00835	0.00675	0.00209	0.00574	0.00678	0.00815	0.01137
19	0.00831	0.00592	0.00772	0.00909	0.00950	0.00555	0.00601	0.00939	0.01264	0.01679	0.03645	0.67730	0.06140	0.08648	0.01080	0.00305	0.00411	0.01812	0.00604	0.00533
20	0.74145	0.01310	0.01033	0.00925	0.01337	0.01520	0.00756	0.02113	0.07307	0.02993	0.01093	0.01215	0.00843	0.00648	0.00439	0.00209	0.00520	0.00398	0.00439	0.00756
21	0.06614	0.01316	0.01602	0.01261	0.01760	0.01290	0.01033	0.14713	0.11251	0.48227	0.02396	0.02138	0.01577	0.00827	0.00662	0.00209	0.00592	0.00658	0.00763	0.01111
22	0.81159	0.01298	0.00986	0.00882	0.01298	0.01505	0.00727	0.01972	0.01142	0.03010	0.00934	0.01090	0.00727	0.00623	0.00415	0.00208	0.00519	0.00363	0.00415	0.00727
23	0.01916	0.01479	0.01593	0.01376	0.01791	0.01669	0.01087	0.13257	0.54996	0.09181	0.02560	0.02353	0.01881	0.00888	0.00680	0.00222	0.00565	0.00729	0.00694	0.01081
24	0.01411	0.01265	0.01718	0.01273	0.01830	0.01053	0.10182	0.01876	0.07555	0.02210	0.01488	0.05629	0.01279	0.00631	0.00573	0.00137	0.00580	0.00566	0.00427	0.58318
25	0.01003	0.00785	0.01165	0.01139	0.01248	0.00946	0.00894	0.01235	0.01074	0.01563	0.01716	0.02533	0.01607	0.04692	0.67446	0.01009	0.08273	0.00707	0.00354	0.00611
26	0.00881	0.00645	0.00816	0.00924	0.01018	0.00604	0.00669	0.01038	0.01366	0.01776	0.05981	0.42123	0.16357	0.08767	0.01091	0.00304	0.00445	0.14039	0.00605	0.00552
27	0.00957	0.00702	0.01005	0.01010	0.01105	0.00795	0.00752	0.01149	0.01066	0.01515	0.01914	0.05218	0.01903	0.18088	0.58560	0.00975	0.01543	0.00803	0.00376	0.00562
28	0.02551	0.01879	0.02014	0.01544	0.02081	0.02081	0.01275	0.69996	0.03155	0.04229	0.01611	0.01611	0.01141	0.00805	0.00671	0.00201	0.00738	0.00604	0.00671	0.01141
29	0.00945	0.00673	0.00848	0.00856	0.00919	0.00701	0.00574	0.01048	0.01076	0.01456	0.02506	0.07896	0.08424	0.41508	0.26940	0.00738	0.00998	0.00978	0.00422	0.00494
30	0.00959	0.00716	0.01064	0.01064	0.01179	0.00831	0.00821	0.01189	0.01074	0.01547	0.01811	0.02710	0.01709	0.08034	0.70802	0.01060	0.01749	0.00730	0.00361	0.00591
31	0.06977	0.01150	0.01528	0.01178	0.01692	0.01013	0.00973	0.03204	0.01881	0.69161	0.02560	0.02223	0.01614	0.00820	0.00662	0.00208	0.00568	0.00659	0.00809	0.01121
32	0.01391	0.01193	0.01391	0.00994	0.01590	0.00894	0.00795	0.01690	0.01391	0.02186	0.01193	0.01391	0.00994	0.00497	0.00497	0.00099	0.00497	0.00398	0.00398	0.80521
33	0.01559	0.01898	0.08641	0.05215	0.05497	0.01677	0.60886	0.02130	0.01562	0.02134	0.01339	0.01778	0.01004	0.00575	0.00773	0.00224	0.01104	0.00759	0.00334	0.00910
34	0.00818	0.00584	0.00779	0.00934	0.00973	0.00545	0.00623	0.00934	0.01285	0.01713	0.03698	0.75981	0.04438	0.02102	0.00856	0.00273	0.00389	0.01908	0.00623	0.00545
35	0.00826	0.00603	0.00780	0.00918	0.00983	0.00557	0.00629	0.00957	0.01323	0.01736	0.04041	0.65285	0.12008	0.02046	0.00852	0.00269	0.00393	0.04620	0.00623	0.00550
36	0.02053	0.02241	0.27089	0.03610	0.10603	0.03425	0.01733	0.16530	0.04998	0.18578	0.01686	0.01734	0.01174	0.00726	0.00658	0.00207	0.00804	0.00583	0.00513	0.01057
37	0.01461	0.01431	0.02465	0.33485	0.27173	0.01622	0.09000	0.01864	0.01389	0.01910	0.01192	0.01705	0.00963	0.00702	0.00884	0.00225	0.10731	0.00616	0.00313	0.00869
38	0.01251	0.00625	0.00625	0.00625	0.00782	0.00625	0.00469	0.01563	0.01407	0.02502	0.02189	0.02502	0.01720	0.00782	0.00469	0.00156	0.00313	0.00625	0.80144	0.00625
39	0.18211	0.01938	0.02021	0.07871	0.08627	0.21165	0.07508	0.05101	0.01503	0.02135	0.01070	0.01402	0.00886	0.00765	0.00941	0.00219	0.16951	0.00520	0.00357	0.00809
40	0.00813	0.00657	0.00723	0.00756	0.00931	0.00567	0.00548	0.00984	0.01504	0.01869	0.12009	0.23089	0.49670	0.01766	0.00808	0.00236	0.00350	0.01516	0.00634	0.00567
41	0.01452	0.05936	0.01539	0.01027	0.01614	0.03339	0.00833	0.01741	0.01406	0.02131	0.01172	0.01366	0.00981	0.00508	0.00496	0.00104	0.00533	0.00396	0.00389	0.73035
42	0.00974	0.00763	0.00870	0.00861	0.01078	0.00700	0.00680	0.04882	0.01698	0.02164	0.19536	0.06090	0.42121	0.01610	0.00810	0.00237	0.00407	0.13249	0.00649	0.00621
43	0.02069	0.02346	0.24588	0.01810	0.06624	0.01864	0.01696	0.40969	0.05855	0.03365	0.01516	0.01596	0.01089	0.00745	0.00661	0.00206	0.00812	0.00577	0.00528	0.01085
44	0.01848	0.01684	0.09624	0.12869	0.15561	0.03697	0.11172	0.08275	0.05651	0.14550	0.01648	0.01885	0.01216	0.01014	0.06058	0.00275	0.00905	0.00641	0.00462	0.00964
45	0.02268	0.01477	0.01673	0.01348	0.01784	0.01565	0.01086	0.41576	0.05154	0.16395	0.05485	0.13029	0.02009	0.01034	0.00706	0.00215	0.00627	0.00846	0.00697	0.01025
46	0.14474	0.01765	0.01919	0.01670	0.08151	0.01950	0.01261	0.53616	0.02704	0.03863	0.01477	0.01536	0.01071	0.00759	0.00632	0.00202	0.00710	0.00567	0.00602	0.01071
47	0.04742	0.08755	0.01890	0.01667	0.08889	0.15486	0.02757	0.06487	0.15034	0.02149	0.03493	0.02286	0.01586	0.07952	0.04268	0.00289	0.07385	0.03596	0.00451	0.00837
48	0.00841	0.00609	0.00764	0.00872	0.00933	0.00565	0.00579	0.00955	0.01293	0.01702	0.06215	0.55030	0.12588	0.12299	0.01200	0.00317	0.00417	0.01694	0.00597	0.00532
49	0.02506	0.01646	0.01835	0.01432	0.01945	0.01762	0.01174	0.45209	0.11840	0.18754	0.01973	0.01869	0.01370	0.00818	0.00669	0.00204	0.00669	0.00635	0.00701	0.02989
50	0.01088	0.00664	0.00829	0.00869	0.00934	0.00632	0.00561	0.01166	0.01206	0.08030	0.02902	0.37605	0.03301	0.34819	0.01970	0.00434	0.00521	0.01383	0.00546	0.00538
51	0.09839	0.01477	0.01691	0.01322	0.01818	0.01536	0.01089	0.34124	0.02378	0.30526	0.01961	0.01880	0.01334	0.01030	0.04650	0.00252	0.00711	0.00616	0.00692	0.01074
52	0.00867	0.00624	0.00831	0.00963	0.01035	0.00587	0.00688	0.01032	0.01385	0.01846	0.09792	0.57373	0.06681	0.01988	0.00859	0.00271	0.00415	0.11567	0.00632	0.00564
53	0.02302	0.02387	0.01833	0.01585	0.01991	0.35717	0.01230	0.21152	0.20075	0.02644	0.01630	0.01652	0.01245	0.00779	0.00643	0.00195	0.00907	0.00563	0.00521	0.00950
54	0.00848	0.00666	0.00753	0.00761	0.00931	0.00586	0.00552	0.01039	0.01562	0.02001	0.23197	0.15701	0.41465	0.05759	0.00945	0.00252	0.00358	0.01408	0.00642	0.00572
55	0.81159	0.01298	0.00986	0.00882	0.01298	0.01505	0.00727	0.01972	0.01142	0.03010	0.00934	0.01090	0.00727	0.00623	0.00415	0.00208	0.00519	0.00363	0.00415	0.00727
56	0.02281	0.01697	0.01848	0.01488	0.01961	0.01875	0.01231	0.55103	0.09161	0.03813	0.01963	0.02458	0.01574	0.00950	0.00705	0.00218	0.00704	0.09237	0.00665	0.01067
57	0.06290	0.01630	0.01788	0.01407	0.01892	0.01758	0.01149	0.50897	0.02712	0.13896	0.01913	0.08245	0.01487	0.00915	0.00676	0.00209	0.00673	0.00718	0.00678	0.01068
58	0.08476	0.00791	0.00984	0.00975	0.01169	0.00748	0.00708	0.01633	0.01421	0.19579	0.03068	0.45185	0.03232	0.04964	0.00874	0.00264	0.00455	0.01377	0.03389	0.00707
59	0.00895	0.00638	0.00859	0.01009	0.01078	0.00611	0.00740	0.01060	0.01344	0.01778	0.03599	0.54610	0.04205	0.04844	0.00972	0.00297	0.00462	0.19826	0.00613	0.00560
60	0.76270	0.01288	0.01022	0.00902	0.01324	0.01473	0.00743	0.02054	0.01191	0.07369	0.01041	0.01165	0.00785	0.00636	0.00431	0.00208	0.00522	0.00383	0.00441	0.00753
61	0.01005	0.00679	0.00787	0.00802	0.00909	0.00639	0.00551	0.01130	0.01301	0.03966	0.07855	0.12171	0.19479	0.33200	0.01897	0.00412	0.00506	0.07287	0.04897	0.00527
62	0.00881	0.00649	0.00788	0.00843	0.00940	0.00593	0.00567	0.01008	0.01322	0.01750	0.09725	0.39737	0.15892	0.17216	0.01352	0.00330	0.00433	0.01506	0.00579	0.03891
63	0.09727	0.01144	0.01445	0.01132	0.01610	0.01051	0.00930	0.06098	0.01863	0.57094	0.02407	0.02167	0.01560	0.00807	0.00633	0.00203	0.00551	0.00640	0.07880	0.01059
64	0.81159	0.01298	0.00986	0.00882	0.01298	0.01505	0.00727	0.01972	0.01142	0.03010	0.00934	0.01090	0.00727	0.00623	0.00415	0.00208	0.00519	0.00363	0.00415	0.00727
65	0.00997	0.00759	0.01046	0.01030	0.01210	0.00709	0.04510	0.01205	0.01506	0.01952	0.15312	0.08053	0.23915	0.05012	0.01121	0.07618	0.00505	0.22377	0.00585	0.00579
66	0.00890	0.00714	0.00799	0.00777	0.00981	0.00641	0.00582	0.01190	0.04877	0.02168	0.29618	0.07795	0.43447	0.01558	0.00789	0.00222	0.00342	0.01328	0.00667	0.00612
67	0.01037	0.00794	0.00880	0.00831	0.01070	0.00738	0.00632	0.01464	0.10177	0.05160	0.24271	0.05394	0.42125	0.01475	0.00774	0.00222	0.00367	0.01248	0.00671	0.00670
68	0.01794	0.76823	0.03516	0.01148	0.01722	0.02655	0.01148	0.02009	0.01363	0.01579	0.00933	0.01076	0.00861	0.00574	0.00431	0.00144	0.00718	0.00359	0.00287	0.00861
69	0.01391	0.01317	0.02156	0.31506	0.22209	0.01483	0.06056	0.01898	0.06873	0.01949	0.01706	0.02131	0.05442	0.01029	0.05349	0.00275	0.05340	0.00679	0.00364	0.00847

[dist]
# distance from previous block
# <min> <max>
0	1

[block]
# block no. 1 follows, 32 sequences, length 123
# corresponding to MSA columns:
# 89-211
name=unknown_B
#
# <colnr> <probs for GDERKNQSTAVLIFYWHMCP>
#	G	D	E	R	K	N	Q	S	T	A	V	L	I	F	Y	W	H	M	C	P
0	0.19298	0.02117	0.01764	0.01454	0.01912	0.21627	0.01164	0.37012	0.02382	0.03259	0.01309	0.01390	0.00977	0.00735	0.00598	0.00195	0.00821	0.00506	0.00527	0.00953
1	0.01403	0.01155	0.01360	0.00988	0.01551	0.00878	0.00788	0.01701	0.01442	0.04098	0.06331	0.01676	0.01397	0.00569	0.00523	0.00110	0.00486	0.00464	0.00434	0.72646
2	0.01827	0.01615	0.04532	0.15718	0.13482	0.05558	0.22315	0.04323	0.03703	0.14029	0.03479	0.02044	0.01334	0.00710	0.00712	0.00216	0.00881	0.02140	0.00449	0.00933
3	0.03123	0.00688	0.00861	0.00895	0.01012	0.00644	0.00618	0.01243	0.01389	0.08743	0.12673	0.40380	0.08375	0.14665	0.01257	0.00319	0.00442	0.01461	0.00616	0.00597
4	0.02642	0.01733	0.01923	0.01474	0.02008	0.01863	0.01218	0.56743	0.02910	0.17828	0.01817	0.01745	0.01244	0.00810	0.00672	0.00203	0.00705	0.00618	0.00703	0.01141
5	0.01351	0.00747	0.00759	0.00723	0.00914	0.00772	0.00551	0.05640	0.05657	0.02620	0.02188	0.02450	0.01706	0.00791	0.00493	0.00163	0.00350	0.00632	0.70812	0.00681
6	0.25020	0.00831	0.00862	0.00897	0.01074	0.00867	0.00651	0.01354	0.01272	0.03865	0.05102	0.36291	0.05031	0.07998	0.00928	0.00278	0.00457	0.03454	0.03159	0.00611
7	0.00956	0.00713	0.00818	0.00811	0.01006	0.00640	0.00600	0.01226	0.04372	0.04785	0.22047	0.17567	0.38777	0.01622	0.00794	0.00230	0.00359	0.01394	0.00662	0.00621
8	0.77437	0.01325	0.01035	0.00914	0.01335	0.01532	0.00753	0.05193	0.01237	0.03068	0.00966	0.01115	0.00746	0.00632	0.00427	0.00207	0.00529	0.00375	0.00427	0.00746
9	0.05153	0.01386	0.01672	0.01300	0.01811	0.01375	0.01069	0.23011	0.07195	0.45315	0.02294	0.02064	0.01506	0.00822	0.00666	0.00207	0.00616	0.00650	0.00760	0.01123
10	0.00955	0.00687	0.00823	0.00818	0.00977	0.00623	0.00599	0.01162	0.01580	0.04076	0.29116	0.12426	0.26721	0.11157	0.01138	0.00284	0.00399	0.05226	0.00643	0.00587
11	0.04907	0.00867	0.00960	0.00868	0.01119	0.00871	0.00667	0.05879	0.06088	0.14851	0.02349	0.08896	0.01925	0.03933	0.00680	0.00205	0.00426	0.00758	0.42990	0.00763
12	0.01593	0.01453	0.01419	0.01304	0.01635	0.08496	0.01014	0.02965	0.49040	0.02571	0.09414	0.03183	0.06418	0.01042	0.00708	0.00226	0.00572	0.05363	0.00647	0.00935
13	0.05522	0.00686	0.00743	0.00737	0.00766	0.00698	0.00427	0.01053	0.01000	0.01439	0.02050	0.04139	0.02318	0.69508	0.03143	0.00608	0.00631	0.00929	0.03172	0.00432
14	0.01154	0.00851	0.00975	0.00970	0.01171	0.00840	0.00737	0.07007	0.08042	0.03969	0.04204	0.20473	0.25171	0.08144	0.01024	0.00282	0.00475	0.11250	0.02598	0.00666
15	0.12179	0.01160	0.01490	0.01157	0.01664	0.01047	0.00956	0.03118	0.01829	0.64522	0.02446	0.02144	0.01551	0.00806	0.00644	0.00208	0.00565	0.00638	0.00782	0.01093
16	0.00959	0.00719	0.01078	0.01078	0.01198	0.00839	0.00839	0.01198	0.01078	0.01558	0.01797	0.02636	0.01677	0.05032	0.73760	0.01078	0.01797	0.00719	0.00359	0.00599
17	0.16466	0.01106	0.01207	0.01073	0.01365	0.01182	0.00831	0.16607	0.04547	0.07974	0.02424	0.13203	0.08660	0.04649	0.08538	0.07316	0.00679	0.00866	0.00548	0.00757
18	0.03100	0.00953	0.00984	0.00907	0.01178	0.00960	0.00693	0.09456	0.13558	0.02334	0.04625	0.06905	0.38275	0.04345	0.00826	0.00235	0.00434	0.01106	0.08404	0.00720
19	0.00842	0.00606	0.00804	0.00954	0.01011	0.00568	0.00663	0.00980	0.01320	0.01746	0.03808	0.66510	0.07080	0.02062	0.00861	0.00274	0.00410	0.08325	0.00622	0.00553
20	0.12613	0.09936	0.01987	0.15272	0.05683	0.08464	0.05143	0.04059	0.01371	0.01996	0.01224	0.01654	0.01034	0.01374	0.11681	0.00340	0.11429	0.00551	0.03421	0.00768
21	0.01017	0.00765	0.01017	0.01009	0.01126	0.00835	0.00748	0.02688	0.04568	0.01783	0.09103	0.14751	0.06942	0.12168	0.33139	0.02613	0.03634	0.01018	0.00477	0.00599
22	0.01225	0.00628	0.00628	0.00628	0.00789	0.00622	0.00471	0.01529	0.01414	0.02463	0.02450	0.02725	0.05694	0.00834	0.00487	0.00160	0.00314	0.00670	0.75644	0.00622
23	0.00974	0.00742	0.01108	0.01099	0.01215	0.00876	0.00858	0.01211	0.01077	0.01559	0.01769	0.02601	0.01653	0.04915	0.71586	0.01055	0.04027	0.00715	0.00357	0.00603
24	0.01541	0.01347	0.04726	0.05511	0.16204	0.01342	0.04682	0.07147	0.10463	0.07639	0.05956	0.02844	0.13223	0.01333	0.07347	0.00297	0.06209	0.00805	0.00505	0.00880
25	0.01735	0.01855	0.01910	0.11945	0.08479	0.22701	0.01419	0.04602	0.03117	0.01809	0.01206	0.01651	0.01045	0.01442	0.11495	0.00347	0.21546	0.00568	0.00346	0.00782
26	0.03438	0.02256	0.32693	0.14516	0.06272	0.01471	0.10942	0.04400	0.01528	0.06364	0.01552	0.02206	0.01244	0.00770	0.00692	0.00224	0.00902	0.07241	0.00378	0.00912
27	0.01062	0.00869	0.02757	0.01096	0.05135	0.00794	0.00786	0.06092	0.01542	0.02013	0.11084	0.15909	0.28478	0.01935	0.07383	0.07922	0.00576	0.03380	0.00559	0.00628
28	0.12494	0.01788	0.01829	0.01431	0.01942	0.05280	0.01176	0.50919	0.02707	0.11472	0.01612	0.01600	0.01133	0.00780	0.00636	0.00201	0.00715	0.00573	0.00641	0.01072
29	0.02502	0.02496	0.01983	0.01712	0.04268	0.36033	0.01310	0.35960	0.02510	0.02939	0.01328	0.01422	0.01007	0.00745	0.00640	0.00188	0.00964	0.00522	0.00506	0.00966
30	0.01269	0.08368	0.01463	0.01103	0.01385	0.01102	0.05458	0.05525	0.10318	0.04147	0.24212	0.12692	0.14553	0.04370	0.00849	0.00235	0.00495	0.01103	0.00613	0.00738
31	0.03321	0.00796	0.00956	0.00912	0.01075	0.00764	0.00640	0.05119	0.01359	0.06728	0.04863	0.22568	0.09333	0.21646	0.05259	0.06022	0.00580	0.01129	0.00527	0.06403
32	0.00906	0.00667	0.00842	0.00907	0.01011	0.00601	0.00611	0.01029	0.01261	0.01715	0.03264	0.55783	0.05407	0.12043	0.01162	0.00303	0.00436	0.01592	0.00567	0.09896
33	0.00822	0.00642	0.00746	0.00802	0.00945	0.00566	0.00570	0.00990	0.01478	0.01883	0.13725	0.34064	0.36737	0.01819	0.00818	0.00243	0.00357	0.01587	0.00637	0.00566
34	0.02007	0.01415	0.04209	0.01204	0.01587	0.01430	0.00985	0.36174	0.02257	0.08910	0.01884	0.02323	0.01515	0.14032	0.01110	0.00272	0.00634	0.00675	0.16472	0.00904
35	0.01102	0.00716	0.00896	0.00909	0.01033	0.00683	0.00632	0.01352	0.05175	0.07709	0.19248	0.33019	0.06840	0.15987	0.01305	0.00321	0.00443	0.01386	0.00629	0.00616
36	0.10255	0.01155	0.01396	0.01115	0.01549	0.01110	0.00909	0.11827	0.01959	0.41552	0.10281	0.02410	0.02043	0.00864	0.00642	0.00202	0.00534	0.00692	0.08515	0.00992
37	0.00862	0.00609	0.00796	0.00923	0.00968	0.00578	0.00623	0.00981	0.01275	0.01700	0.05350	0.58928	0.04161	0.12853	0.01231	0.00328	0.00441	0.06267	0.00594	0.00532
38	0.04740	0.01075	0.01195	0.01028	0.01355	0.02701	0.00810	0.10299	0.08718	0.16722	0.21283	0.03739	0.17382	0.01143	0.00708	0.00210	0.00473	0.00948	0.04638	0.00832
39	0.00865	0.00615	0.00813	0.00937	0.00995	0.00582	0.00648	0.01010	0.01345	0.01804	0.10237	0.57675	0.04423	0.07556	0.01047	0.00298	0.00422	0.07562	0.00618	0.00550
40	0.00929	0.00668	0.00812	0.00830	0.00986	0.00596	0.00602	0.01133	0.01587	0.04525	0.26893	0.27465	0.27141	0.01688	0.00808	0.00235	0.00356	0.01477	0.00668	0.00601
41	0.73469	0.01355	0.01087	0.00947	0.01374	0.01562	0.00780	0.08626	0.01339	0.03130	0.01000	0.01141	0.00767	0.00641	0.00440	0.00207	0.00541	0.00387	0.00440	0.00767
42	0.00970	0.00672	0.00842	0.00842	0.00879	0.00710	0.00543	0.01046	0.01008	0.01382	0.02014	0.03836	0.02198	0.53825	0.25679	0.00786	0.01013	0.00894	0.00392	0.00468
43	0.77865	0.01270	0.00971	0.00872	0.01276	0.01469	0.00716	0.01956	0.01153	0.02990	0.00986	0.01148	0.00768	0.00629	0.00417	0.00206	0.00511	0.00374	0.03702	0.00722
44	0.02436	0.01800	0.01803	0.01426	0.01899	0.08827	0.01159	0.49776	0.02724	0.09665	0.01711	0.01732	0.01226	0.00794	0.00642	0.00194	0.00721	0.00596	0.09823	0.01046
45	0.00893	0.00674	0.00825	0.00807	0.00973	0.00606	0.00598	0.01149	0.01736	0.02350	0.47023	0.12358	0.24486	0.01535	0.00798	0.00221	0.00330	0.01338	0.00695	0.00606
46	0.02135	0.01533	0.01637	0.01317	0.01743	0.01687	0.01066	0.47012	0.09368	0.03644	0.01918	0.04745	0.01474	0.00861	0.00639	0.00198	0.00619	0.00674	0.16724	0.01006
47	0.63967	0.01353	0.01167	0.00993	0.01433	0.01524	0.00819	0.10361	0.01463	0.09975	0.01184	0.01270	0.00868	0.00665	0.00472	0.00207	0.00551	0.00423	0.00487	0.00818
48	0.00961	0.00658	0.00798	0.00809	0.00834	0.00677	0.00501	0.01013	0.01016	0.01377	0.02168	0.09128	0.02441	0.58129	0.16084	0.00702	0.00842	0.00995	0.00413	0.00452
49	0.00949	0.00691	0.00973	0.00988	0.01073	0.00769	0.00722	0.01123	0.01076	0.01516	0.02053	0.10197	0.02115	0.20480	0.51124	0.00905	0.01407	0.00892	0.00396	0.00551
50	0.05135	0.01216	0.01585	0.01218	0.01736	0.01105	0.01006	0.09577	0.02016	0.64257	0.02501	0.02187	0.01586	0.00822	0.00667	0.00207	0.00585	0.00659	0.00804	0.01130
51	0.10104	0.01386	0.01616	0.01277	0.01773	0.01406	0.01046	0.20472	0.10963	0.39479	0.02228	0.02025	0.01487	0.00815	0.00650	0.00209	0.00604	0.00638	0.00731	0.01092
52	0.00950	0.00687	0.00881	0.00874	0.01014	0.00642	0.00655	0.01213	0.01707	0.02358	0.48626	0.09370	0.10015	0.08834	0.01068	0.00270	0.00391	0.09169	0.00677	0.00600
53	0.01661	0.01588	0.02674	0.04005	0.69328	0.01597	0.02018	0.02121	0.04392	0.02217	0.01323	0.01695	0.01103	0.00611	0.00665	0.00200	0.00786	0.00604	0.00347	0.01063
54	0.01195	0.00631	0.00693	0.00684	0.00826	0.00622	0.00506	0.01449	0.01433	0.02401	0.13134	0.02854	0.02396	0.01027	0.00731	0.08022	0.00340	0.00714	0.59747	0.00594
55	0.01418	0.00674	0.00714	0.00679	0.00870	0.00660	0.00518	0.01725	0.01456	0.09163	0.02232	0.02481	0.01714	0.00786	0.00489	0.00161	0.00337	0.00630	0.72617	0.00674
56	0.01922	0.01625	0.01551	0.01390	0.01767	0.12439	0.01089	0.03247	0.47270	0.11227	0.02520	0.02625	0.01944	0.00931	0.00687	0.00222	0.00645	0.05255	0.00646	0.00999
57	0.01591	0.01122	0.01276	0.01152	0.01469	0.01190	0.00889	0.02658	0.36431	0.13045	0.14457	0.10418	0.09115	0.01160	0.00726	0.00226	0.00471	0.00991	0.00703	0.00910
58	0.02506	0.03198	0.01901	0.01729	0.02074	0.73725	0.01296	0.02679	0.01901	0.01642	0.01037	0.01210	0.00864	0.00691	0.00605	0.00173	0.01210	0.00432	0.00346	0.00778
59	0.01129	0.00774	0.00874	0.00828	0.00886	0.00799	0.00512	0.07738	0.01194	0.01600	0.02050	0.04036	0.02276	0.65643	0.06477	0.00627	0.00713	0.00927	0.00430	0.00488
60	0.01596	0.01257	0.01462	0.01059	0.01645	0.01016	0.00853	0.08461	0.01594	0.06376	0.01316	0.01463	0.01046	0.00546	0.00524	0.00115	0.00525	0.00433	0.00449	0.68264
61	0.01845	0.04870	0.08443	0.09433	0.12344	0.26352	0.10005	0.02174	0.01541	0.01823	0.01107	0.01463	0.00916	0.00737	0.00921	0.00212	0.14104	0.00546	0.00322	0.00844
62	0.01466	0.01490	0.01806	0.03877	0.01756	0.10335	0.01312	0.01647	0.01154	0.01608	0.01125	0.01722	0.01067	0.02008	0.18788	0.00461	0.46754	0.00600	0.00315	0.00708
63	0.01321	0.01247	0.02109	0.65167	0.13842	0.01505	0.01890	0.01761	0.01367	0.01780	0.01202	0.01771	0.00917	0.00661	0.00670	0.00220	0.00881	0.00597	0.00303	0.00789
64	0.81159	0.01298	0.00986	0.00882	0.01298	0.01505	0.00727	0.01972	0.01142	0.03010	0.00934	0.01090	0.00727	0.00623	0.00415	0.00208	0.00519	0.00363	0.00415	0.00727
65	0.01674	0.01311	0.01415	0.01263	0.01631	0.01461	0.00985	0.03196	0.55477	0.08856	0.05787	0.02968	0.09018	0.00998	0.00697	0.00225	0.00508	0.00833	0.00692	0.01004
66	0.02601	0.01051	0.01426	0.01124	0.01572	0.00916	0.00916	0.02872	0.01916	0.58790	0.16401	0.02826	0.02589	0.00938	0.00698	0.00208	0.00520	0.00782	0.00812	0.01041
67	0.45600	0.01139	0.01064	0.00959	0.01303	0.01250	0.00761	0.04186	0.05960	0.08345	0.13679	0.09293	0.02227	0.00937	0.00569	0.00216	0.00484	0.00719	0.00550	0.00761
68	0.10633	0.01192	0.01523	0.01180	0.01690	0.01089	0.00974	0.06302	0.01903	0.62640	0.02431	0.02135	0.01545	0.00809	0.00649	0.00207	0.00574	0.00641	0.00782	0.01101
69	0.08842	0.00718	0.00770	0.00761	0.00829	0.00735	0.00478	0.01150	0.01105	0.01676	0.06794	0.04059	0.02523	0.55894	0.02644	0.00529	0.00588	0.02873	0.06557	0.00476
70	0.01505	0.01260	0.01452	0.01048	0.01638	0.01011	0.00842	0.08371	0.01564	0.02386	0.01234	0.01413	0.01008	0.00527	0.00514	0.00109	0.00521	0.00418	0.00424	0.72756
71	0.01085	0.00798	0.00954	0.00874	0.01062	0.00767	0.00651	0.07909	0.01859	0.02546	0.46994	0.04829	0.15420	0.10026	0.01083	0.00263	0.00400	0.01157	0.00676	0.00646
72	0.02716	0.01615	0.01850	0.01418	0.01949	0.01688	0.01172	0.46046	0.02712	0.28805	0.01983	0.01852	0.01328	0.00814	0.00672	0.00204	0.00678	0.00629	0.00728	0.01141
73	0.00895	0.00680	0.01000	0.01067	0.01162	0.00639	0.04714	0.01070	0.01368	0.01832	0.08187	0.60568	0.04314	0.01940	0.00855	0.00269	0.00449	0.07800	0.00614	0.00579
74	0.01011	0.00782	0.01123	0.01094	0.01184	0.00930	0.00836	0.01206	0.01058	0.01525	0.01755	0.02782	0.01712	0.15234	0.56336	0.00938	0.08807	0.00744	0.00360	0.00584
75	0.25823	0.01187	0.01390	0.01103	0.01592	0.01138	0.00910	0.02891	0.01693	0.52355	0.02147	0.01935	0.01388	0.00770	0.00599	0.00208	0.00556	0.00584	0.00709	0.01021
76	0.00818	0.00584	0.00779	0.00934	0.00973	0.00545	0.00623	0.00934	0.01285	0.01713	0.03698	0.75981	0.04438	0.02102	0.00856	0.00273	0.00389	0.01908	0.00623	0.00545
77	0.02703	0.01636	0.01863	0.01428	0.01959	0.01719	0.01180	0.47958	0.02747	0.26843	0.01953	0.01833	0.01313	0.00814	0.00672	0.00203	0.00683	0.00627	0.00724	0.01141
78	0.64421	0.01387	0.01184	0.01007	0.01447	0.01576	0.00830	0.13317	0.01513	0.06512	0.01128	0.01233	0.00840	0.00663	0.00470	0.00207	0.00558	0.00418	0.00477	0.00815
79	0.01014	0.00734	0.00995	0.01137	0.01261	0.00730	0.00923	0.01321	0.04232	0.01939	0.03570	0.30857	0.03987	0.01901	0.00893	0.00293	0.00536	0.42444	0.00622	0.00611
80	0.00881	0.00653	0.00808	0.00858	0.00978	0.00599	0.00617	0.01070	0.01506	0.01999	0.23391	0.29941	0.19838	0.07624	0.01030	0.00277	0.00395	0.06326	0.00638	0.00569
81	0.00963	0.00666	0.00831	0.00839	0.00874	0.00698	0.00538	0.01036	0.01019	0.01393	0.02102	0.07362	0.02323	0.52844	0.22981	0.00752	0.00959	0.00949	0.00404	0.00467
82	0.02625	0.01761	0.01940	0.01487	0.02022	0.01905	0.01229	0.59249	0.02956	0.15256	0.01778	0.01719	0.01225	0.00810	0.00672	0.00202	0.00711	0.00615	0.00697	0.01141
83	0.01818	0.01415	0.01409	0.01235	0.01530	0.11274	0.00949	0.17254	0.08112	0.10269	0.08891	0.07824	0.02292	0.11946	0.08378	0.00360	0.00792	0.02853	0.00578	0.00821
84	0.01014	0.00725	0.00862	0.00905	0.01048	0.00690	0.00638	0.01320	0.08056	0.05209	0.06837	0.39853	0.20870	0.07500	0.01009	0.00280	0.00416	0.01518	0.00626	0.00621
85	0.01199	0.00631	0.00634	0.00634	0.00793	0.00620	0.00471	0.01489	0.01408	0.02402	0.02638	0.02939	0.08610	0.02883	0.00579	0.00176	0.00324	0.00712	0.70245	0.00614
86	0.02066	0.01474	0.03950	0.03500	0.01853	0.04210	0.01131	0.22962	0.11073	0.17569	0.01950	0.02062	0.01450	0.01699	0.16246	0.00389	0.00923	0.00645	0.00592	0.04257
87	0.01556	0.01449	0.03886	0.22470	0.28423	0.03602	0.01645	0.07137	0.05441	0.02080	0.01360	0.01865	0.01129	0.03970	0.01017	0.08229	0.02903	0.00613	0.00366	0.00858
88	0.00878	0.00623	0.00799	0.00891	0.00948	0.00594	0.00600	0.01006	0.01302	0.01747	0.10911	0.46492	0.06357	0.17367	0.03191	0.00364	0.00478	0.04337	0.00584	0.00531
89	0.00975	0.00653	0.00744	0.00744	0.00748	0.00657	0.00422	0.00983	0.00979	0.01310	0.02103	0.04330	0.02413	0.73944	0.05854	0.00665	0.00690	0.00967	0.00405	0.00413
90	0.57498	0.03624	0.01646	0.01633	0.13704	0.01573	0.07625	0.02005	0.01257	0.02745	0.01031	0.01257	0.00816	0.00612	0.00495	0.00206	0.00632	0.00445	0.00390	0.00806
91	0.04169	0.46950	0.14699	0.01366	0.01967	0.11341	0.01378	0.04893	0.04377	0.01877	0.01093	0.01231	0.00916	0.00624	0.00507	0.00166	0.00813	0.00417	0.00329	0.00888
92	0.01858	0.51729	0.03011	0.10238	0.04339	0.15626	0.01290	0.02099	0.01465	0.01626	0.00994	0.01205	0.00872	0.00608	0.00499	0.00160	0.00832	0.00408	0.00301	0.00838
93	0.01007	0.00801	0.00932	0.00964	0.01173	0.00775	0.00771	0.01450	0.10514	0.02059	0.09865	0.10115	0.33540	0.01643	0.00823	0.00253	0.00450	0.21577	0.00638	0.00650
94	0.03594	0.18022	0.24078	0.11883	0.06507	0.01689	0.05658	0.05771	0.01503	0.04256	0.01498	0.09843	0.01322	0.00802	0.00631	0.00205	0.00810	0.00671	0.00373	0.00885
95	0.09211	0.01650	0.05560	0.08878	0.09125	0.07380	0.03583	0.13070	0.04469	0.16351	0.01870	0.01978	0.05150	0.00824	0.00797	0.00215	0.07806	0.00632	0.00514	0.00938
96	0.00990	0.00745	0.00925	0.00884	0.01066	0.00708	0.00674	0.01402	0.06841	0.02552	0.54979	0.05153	0.13974	0.01406	0.00791	0.00220	0.00352	0.04969	0.00714	0.00655
97	0.00976	0.00651	0.00732	0.00732	0.00732	0.00651	0.00407	0.00976	0.00976	0.01301	0.02114	0.04391	0.02439	0.76419	0.03415	0.00651	0.00651	0.00976	0.00407	0.00407
98	0.01363	0.01247	0.01905	0.13951	0.18162	0.01321	0.08013	0.02076	0.17892	0.02181	0.06014	0.13481	0.07453	0.01028	0.00727	0.00226	0.00663	0.00943	0.00496	0.00859
99	0.00976	0.00651	0.00732	0.00732	0.00732	0.00651	0.00407	0.00976	0.00976	0.01301	0.02114	0.04391	0.02439	0.76419	0.03415	0.00651	0.00651	0.00976	0.00407	0.00407
100	0.00858	0.00613	0.00825	0.00981	0.01038	0.00580	0.00694	0.01005	0.01325	0.01758	0.03676	0.65418	0.04349	0.02064	0.00867	0.00278	0.00425	0.12069	0.00622	0.00556
101	0.05834	0.01050	0.01354	0.01250	0.01546	0.01059	0.05397	0.04680	0.14153	0.04061	0.05632	0.15840	0.04970	0.01344	0.00765	0.00243	0.00565	0.21105	0.00592	0.08561
102	0.01106	0.00764	0.00890	0.00842	0.01050	0.00720	0.00630	0.01406	0.06238	0.07343	0.16635	0.04806	0.33215	0.07898	0.07916	0.03429	0.00537	0.01124	0.02814	0.00637
103	0.01513	0.00906	0.01099	0.00980	0.01261	0.00870	0.00758	0.02048	0.13315	0.18193	0.29213	0.07463	0.14126	0.01235	0.00738	0.00216	0.00416	0.01058	0.03788	0.00804
104	0.01378	0.00748	0.00761	0.00715	0.00909	0.00768	0.00548	0.08257	0.01578	0.02671	0.02132	0.02414	0.01663	0.00784	0.00489	0.00161	0.00354	0.00623	0.72370	0.00676
105	0.09603	0.01596	0.01694	0.01324	0.01840	0.01684	0.01078	0.37307	0.12937	0.03415	0.01620	0.01646	0.01206	0.00732	0.00608	0.00182	0.00629	0.00556	0.00584	0.19759
106	0.06091	0.01317	0.01516	0.01216	0.01634	0.01348	0.00978	0.28898	0.02263	0.24712	0.09172	0.05430	0.04169	0.05218	0.00833	0.00232	0.00593	0.00773	0.02632	0.00975
107	0.05086	0.00865	0.01071	0.01158	0.01343	0.00898	0.00952	0.01657	0.12320	0.02120	0.03474	0.18634	0.06750	0.01682	0.00844	0.00281	0.00545	0.39022	0.00619	0.00677
108	0.01391	0.00936	0.01040	0.00944	0.01242	0.00895	0.00728	0.06488	0.11767	0.13177	0.04896	0.11696	0.39323	0.01427	0.00756	0.00227	0.00436	0.01197	0.00667	0.00766
109	0.00995	0.00657	0.00805	0.00861	0.00957	0.00608	0.00582	0.01106	0.01298	0.06057	0.03801	0.39198	0.16093	0.20446	0.01472	0.00355	0.00462	0.03109	0.00582	0.00553
110	0.03630	0.00835	0.00968	0.00918	0.01136	0.00812	0.00691	0.04735	0.08265	0.05545	0.29482	0.16307	0.21212	0.01454	0.00769	0.00226	0.00392	0.01254	0.00677	0.00693
111	0.81159	0.01298	0.00986	0.00882	0.01298	0.01505	0.00727	0.01972	0.01142	0.03010	0.00934	0.01090	0.00727	0.00623	0.00415	0.00208	0.00519	0.00363	0.00415	0.00727
112	0.01449	0.00770	0.00891	0.00825	0.01033	0.00766	0.00623	0.01812	0.05843	0.12679	0.06632	0.02954	0.04512	0.08571	0.07784	0.00309	0.00539	0.00747	0.40556	0.00704
113	0.00974	0.00635	0.00771	0.00822	0.00854	0.00625	0.00526	0.01026	0.01117	0.01529	0.02562	0.22969	0.02916	0.41380	0.02319	0.06309	0.00552	0.05753	0.05895	0.00464
114	0.01699	0.01422	0.01509	0.01343	0.01711	0.01628	0.01046	0.09669	0.58888	0.02837	0.02610	0.02652	0.02029	0.05196	0.00842	0.00251	0.00560	0.02423	0.00664	0.01021
115	0.00849	0.00613	0.00801	0.00932	0.00997	0.00572	0.00647	0.00991	0.01342	0.01778	0.07089	0.60160	0.08956	0.04263	0.00932	0.00281	0.00409	0.07215	0.00621	0.00552
116	0.01568	0.11008	0.06827	0.19037	0.29428	0.06305	0.03424	0.02019	0.04261	0.01990	0.04178	0.01782	0.01250	0.00817	0.03170	0.00230	0.00860	0.00592	0.00349	0.00905
117	0.00911	0.08119	0.00992	0.00769	0.01004	0.00776	0.00597	0.01097	0.01532	0.01881	0.13373	0.12478	0.50976	0.01591	0.00763	0.00221	0.00379	0.01337	0.00603	0.00601
118	0.00966	0.04401	0.05031	0.00958	0.01106	0.00757	0.00742	0.01149	0.01370	0.01858	0.17067	0.34061	0.05963	0.12310	0.04690	0.02845	0.00538	0.03047	0.00558	0.00581
119	0.01586	0.06181	0.06569	0.01450	0.06237	0.10872	0.02775	0.07714	0.09857	0.02365	0.15812	0.02530	0.05782	0.00916	0.00715	0.02818	0.00657	0.00710	0.00503	0.13953
120	0.03054	0.09067	0.06200	0.08682	0.04062	0.05711	0.08110	0.03407	0.11409	0.03604	0.07809	0.05238	0.01915	0.05456	0.00907	0.00235	0.04414	0.03391	0.00457	0.06871
121	0.01681	0.03861	0.06042	0.05614	0.04000	0.06184	0.01192	0.12960	0.03946	0.03695	0.01412	0.03736	0.01187	0.02854	0.00878	0.00193	0.10472	0.00564	0.03099	0.26430
122	0.01679	0.09360	0.18266	0.05175	0.07783	0.06940	0.01475	0.14027	0.04789	0.02330	0.03124	0.01927	0.01309	0.09656	0.00995	0.00247	0.03041	0.00591	0.00414	0.06872

[dist]
# distance from previous block
# <min> <max>
0	1

[block]
# block no. 2 follows, 32 sequences, length 11
# corresponding to MSA columns:
# 213-223
name=unknown_C
#
# <colnr> <probs for GDERKNQSTAVLIFYWHMCP>
#	G	D	E	R	K	N	Q	S	T	A	V	L	I	F	Y	W	H	M	C	P
0	0.01498	0.11516	0.06851	0.06185	0.13542	0.07283	0.11241	0.01838	0.01494	0.01974	0.11082	0.02438	0.04010	0.03940	0.00976	0.00232	0.09909	0.02784	0.00395	0.00813
1	0.01547	0.12927	0.14547	0.09885	0.17700	0.01699	0.05082	0.04888	0.06832	0.02108	0.01409	0.05003	0.01193	0.00742	0.00737	0.00202	0.05911	0.00612	0.00370	0.06605
2	0.01526	0.01436	0.06482	0.04643	0.14308	0.04501	0.03530	0.03595	0.08640	0.06081	0.05877	0.04075	0.06260	0.01138	0.03780	0.06667	0.04464	0.00707	0.00455	0.11837
3	0.01676	0.06645	0.09664	0.18193	0.10300	0.04632	0.01531	0.09880	0.08648	0.05490	0.01676	0.01898	0.04299	0.00776	0.00764	0.00207	0.06634	0.00607	0.00428	0.06051
4	0.04245	0.01624	0.08689	0.13310	0.07304	0.09550	0.01309	0.06901	0.10583	0.06549	0.05375	0.05608	0.11636	0.01092	0.03104	0.00243	0.00749	0.00786	0.00497	0.00846
5	0.04894	0.07431	0.01981	0.06382	0.15618	0.06910	0.04692	0.10820	0.01732	0.04711	0.09488	0.02241	0.04647	0.01219	0.08088	0.00281	0.00824	0.00670	0.00458	0.06913
6	0.07138	0.04944	0.10542	0.05353	0.04938	0.12942	0.08008	0.11811	0.08568	0.05423	0.04386	0.01733	0.01308	0.00709	0.00629	0.00192	0.00805	0.00577	0.00458	0.09536
7	0.04847	0.07232	0.12810	0.01567	0.06959	0.04528	0.01318	0.27217	0.02056	0.02792	0.04598	0.07310	0.05883	0.01021	0.00807	0.06220	0.00713	0.00719	0.00504	0.00900
8	0.01761	0.07724	0.06983	0.05700	0.01853	0.09524	0.01133	0.16591	0.06827	0.07496	0.09660	0.07946	0.08449	0.04412	0.00804	0.00227	0.00681	0.00822	0.00551	0.00855
9	0.04284	0.06853	0.04174	0.01469	0.04535	0.04688	0.06893	0.13798	0.07707	0.04491	0.05050	0.12723	0.08934	0.01043	0.00756	0.00211	0.04238	0.00871	0.00524	0.06759
10	0.01626	0.09365	0.10415	0.05237	0.04168	0.04773	0.09721	0.10765	0.03364	0.05024	0.06347	0.04605	0.05615	0.03747	0.00757	0.00208	0.00735	0.00701	0.00458	0.12367

[dist]
# distance from previous block
# <min> <max>
41	181

[block]
# block no. 3 follows, 32 sequences, length 52
# corresponding to MSA columns:
# 427-478
name=unknown_D
#
# <colnr> <probs for GDERKNQSTAVLIFYWHMCP>
#	G	D	E	R	K	N	Q	S	T	A	V	L	I	F	Y	W	H	M	C	P
0	0.03482	0.01776	0.09168	0.10718	0.10559	0.05679	0.09100	0.19071	0.07006	0.04825	0.02014	0.05034	0.06882	0.00842	0.00689	0.00213	0.00789	0.00728	0.00487	0.00938
1	0.06151	0.05737	0.09785	0.06822	0.17666	0.01504	0.01400	0.16371	0.03954	0.02509	0.05033	0.02339	0.08030	0.04318	0.00889	0.04766	0.00701	0.00687	0.00457	0.00881
2	0.07046	0.01204	0.03855	0.04643	0.05602	0.02999	0.04741	0.13186	0.01540	0.04429	0.03930	0.07695	0.01713	0.13307	0.01591	0.19958	0.00679	0.00760	0.00446	0.00677
3	0.05105	0.01619	0.07446	0.09562	0.13411	0.09761	0.06384	0.04211	0.07755	0.03640	0.04696	0.07650	0.01859	0.01033	0.00816	0.04793	0.00772	0.08213	0.00450	0.00821
4	0.01793	0.17722	0.13992	0.08274	0.09232	0.09149	0.01459	0.10503	0.01712	0.07056	0.04692	0.01967	0.03707	0.05046	0.00773	0.00217	0.00796	0.00596	0.00422	0.00892
5	0.02050	0.06475	0.07796	0.02135	0.15964	0.22313	0.03736	0.13350	0.04198	0.05426	0.01377	0.03431	0.01121	0.00766	0.00769	0.00202	0.06957	0.00578	0.00423	0.00935
6	0.01717	0.01610	0.05982	0.04367	0.12617	0.04810	0.01423	0.08768	0.03789	0.07054	0.01320	0.01639	0.01078	0.01017	0.04394	0.00255	0.23967	0.00567	0.00408	0.13220
7	0.00892	0.00660	0.00825	0.00831	0.00969	0.00602	0.00601	0.01126	0.01661	0.02262	0.42263	0.21348	0.17561	0.04235	0.00899	0.00243	0.00349	0.01399	0.00680	0.00593
8	0.00947	0.00640	0.00848	0.00922	0.01007	0.00616	0.00652	0.01052	0.01279	0.03193	0.06230	0.38691	0.11580	0.06120	0.09362	0.09977	0.00592	0.05202	0.00552	0.00537
9	0.01628	0.04884	0.09024	0.08321	0.21069	0.03634	0.23067	0.06758	0.04009	0.02254	0.04484	0.01827	0.01271	0.00683	0.00765	0.00214	0.04124	0.00668	0.00378	0.00938
10	0.06111	0.01425	0.01385	0.01222	0.01570	0.07879	0.00954	0.10219	0.32185	0.05906	0.11293	0.02757	0.06527	0.00956	0.00664	0.00210	0.00562	0.00774	0.06486	0.00914
11	0.00846	0.00649	0.00758	0.00805	0.00941	0.00581	0.00571	0.01010	0.01461	0.01874	0.14937	0.28842	0.33007	0.07675	0.01024	0.00275	0.00384	0.03178	0.00623	0.00558
12	0.01499	0.01382	0.01819	0.07228	0.26444	0.05459	0.01362	0.04137	0.17691	0.02308	0.09234	0.09206	0.07406	0.00981	0.00705	0.00216	0.00645	0.00866	0.00510	0.00901
13	0.01996	0.10689	0.02787	0.04050	0.15748	0.06015	0.18385	0.25035	0.03978	0.02770	0.01390	0.01612	0.01066	0.00673	0.00668	0.00200	0.00869	0.00615	0.00452	0.01003
14	0.01382	0.01128	0.01356	0.01076	0.01524	0.01005	0.00854	0.07924	0.03742	0.02225	0.01510	0.04095	0.01319	0.01715	0.18709	0.00361	0.00840	0.00555	0.00430	0.48250
15	0.01482	0.01562	0.05989	0.31911	0.20623	0.05660	0.01738	0.02047	0.09201	0.01971	0.01579	0.01949	0.03967	0.00760	0.00791	0.00220	0.06686	0.00633	0.00365	0.00868
16	0.00975	0.00656	0.00757	0.00757	0.00766	0.00664	0.00438	0.00992	0.00983	0.01320	0.02091	0.04263	0.02384	0.71203	0.08555	0.00682	0.00734	0.00957	0.00403	0.00421
17	0.00831	0.00664	0.00735	0.00765	0.00931	0.00588	0.00553	0.00989	0.01433	0.01776	0.07793	0.18603	0.47322	0.07999	0.04290	0.00309	0.00444	0.02824	0.00597	0.00554
18	0.14643	0.01102	0.01239	0.01055	0.01420	0.01117	0.00842	0.09857	0.07118	0.23492	0.07732	0.06943	0.09142	0.01185	0.03903	0.00249	0.00561	0.00808	0.06718	0.00875
19	0.01011	0.00779	0.01124	0.01114	0.01212	0.00915	0.00866	0.01221	0.01107	0.01579	0.01943	0.05386	0.01937	0.11118	0.52669	0.00882	0.08107	0.06049	0.00387	0.00593
20	0.00959	0.00678	0.00918	0.00937	0.01012	0.00737	0.00666	0.01114	0.01085	0.01537	0.02138	0.11968	0.02243	0.26261	0.40575	0.00814	0.01218	0.00936	0.03669	0.00535
21	0.00953	0.00690	0.00801	0.00803	0.00977	0.00615	0.00591	0.01142	0.01539	0.04764	0.19523	0.14276	0.36002	0.09227	0.01069	0.00276	0.00397	0.05133	0.00634	0.00588
22	0.00932	0.00767	0.00829	0.00799	0.01025	0.00708	0.00603	0.01333	0.09462	0.02148	0.22847	0.05645	0.47428	0.01527	0.00780	0.00223	0.00356	0.01291	0.00659	0.00639
23	0.00839	0.00615	0.00785	0.00904	0.00981	0.00568	0.00626	0.00979	0.01350	0.01771	0.06877	0.56775	0.14217	0.04406	0.00931	0.00278	0.00401	0.05525	0.00620	0.00551
24	0.18410	0.01305	0.01475	0.01171	0.01660	0.05128	0.00959	0.04696	0.01797	0.53253	0.02193	0.01971	0.01419	0.00781	0.00620	0.00206	0.00600	0.00598	0.00718	0.01040
25	0.01244	0.01056	0.01122	0.01060	0.01346	0.01122	0.00814	0.02279	0.36127	0.02330	0.06144	0.08965	0.28904	0.01329	0.00746	0.00232	0.00447	0.03262	0.00656	0.00815
26	0.00872	0.00681	0.01003	0.01053	0.01153	0.00631	0.05668	0.01025	0.01326	0.01753	0.03771	0.65082	0.09510	0.01958	0.00847	0.00266	0.00440	0.01787	0.00602	0.00573
27	0.01532	0.01691	0.03508	0.02577	0.03132	0.01675	0.56145	0.02026	0.01511	0.02071	0.01458	0.02188	0.01209	0.00737	0.00980	0.00241	0.10448	0.05656	0.00354	0.00862
28	0.81159	0.01298	0.00986	0.00882	0.01298	0.01505	0.00727	0.01972	0.01142	0.03010	0.00934	0.01090	0.00727	0.00623	0.00415	0.00208	0.00519	0.00363	0.00415	0.00727
29	0.00983	0.00717	0.00820	0.00816	0.01034	0.00628	0.00636	0.01198	0.01605	0.06009	0.16165	0.08035	0.46791	0.01631	0.00806	0.00235	0.00388	0.10237	0.00652	0.00616
30	0.74999	0.01285	0.01031	0.00907	0.01330	0.01464	0.00747	0.02075	0.01203	0.08503	0.01069	0.01184	0.00800	0.00639	0.00436	0.00208	0.00523	0.00388	0.00448	0.00759
31	0.01507	0.01637	0.03371	0.02543	0.05310	0.01562	0.54448	0.02122	0.07021	0.02154	0.01724	0.10156	0.01483	0.00766	0.00786	0.00231	0.00990	0.00908	0.00398	0.00882
32	0.01196	0.00911	0.01159	0.01244	0.01442	0.00960	0.01045	0.01852	0.17299	0.02169	0.03376	0.11165	0.03490	0.01657	0.00867	0.00288	0.00582	0.47951	0.00633	0.00714
33	0.00959	0.00719	0.01078	0.01078	0.01198	0.00839	0.00839	0.01198	0.01078	0.01558	0.01797	0.02636	0.01677	0.05032	0.73760	0.01078	0.01797	0.00719	0.00359	0.00599
34	0.00862	0.00740	0.00746	0.00734	0.00972	0.00653	0.00553	0.01168	0.07006	0.01891	0.06477	0.06146	0.66451	0.01637	0.00784	0.00227	0.00355	0.01364	0.00628	0.00606
