[name]
unknown

[dist]
# distance from previous block
# <min> <max>
22	171

[block]
# block no. 0 follows, 33 sequences, length 75
# corresponding to MSA columns:
# 288-362
name=unknown_A
#
# <colnr> <probs for GDERKNQSTAVLIFYWHMCP>
#	G	D	E	R	K	N	Q	S	T	A	V	L	I	F	Y	W	H	M	C	P
0	0.10887	0.11749	0.01886	0.01337	0.01753	0.03447	0.01136	0.30650	0.03529	0.07974	0.01728	0.02364	0.01462	0.00920	0.00745	0.00213	0.06184	0.10564	0.00549	0.00922
1	0.19144	0.11623	0.05112	0.01281	0.01691	0.03631	0.01128	0.17638	0.07290	0.04975	0.01714	0.02464	0.01502	0.00919	0.00710	0.00217	0.05481	0.12123	0.00500	0.00858
2	0.09053	0.16454	0.01805	0.01270	0.01623	0.01500	0.02985	0.15665	0.03185	0.02440	0.02265	0.04106	0.02253	0.01191	0.00705	0.00236	0.00653	0.31300	0.00527	0.00785
3	0.17768	0.18083	0.01820	0.01211	0.01595	0.05662	0.01052	0.12639	0.01675	0.07606	0.01824	0.02924	0.01695	0.00982	0.00665	0.00216	0.02955	0.18325	0.00494	0.00810
4	0.12440	0.03245	0.01411	0.01252	0.01563	0.01276	0.01067	0.17551	0.01833	0.09383	0.02431	0.04292	0.02345	0.01260	0.00802	0.00251	0.03924	0.32286	0.00588	0.00799
5	0.25044	0.28443	0.04130	0.01197	0.01671	0.09278	0.01073	0.13001	0.01623	0.02423	0.01211	0.01590	0.01046	0.00710	0.00511	0.00184	0.00701	0.04924	0.00406	0.00830
6	0.10187	0.04054	0.08483	0.01416	0.03924	0.01345	0.01249	0.17107	0.01787	0.02552	0.02278	0.04166	0.02249	0.01228	0.00801	0.00250	0.03972	0.31628	0.00530	0.00796
7	0.01779	0.26319	0.04221	0.01457	0.04518	0.17998	0.01220	0.07933	0.03530	0.01981	0.03992	0.02630	0.01684	0.00922	0.00676	0.00199	0.03541	0.14173	0.00420	0.00807
8	0.01221	0.03713	0.01339	0.01347	0.03934	0.01022	0.01112	0.01553	0.03600	0.03786	0.04791	0.05764	0.03121	0.01540	0.00983	0.00276	0.08634	0.47982	0.00553	0.03729
9	0.33598	0.01438	0.09635	0.01245	0.01647	0.01336	0.03360	0.05810	0.01408	0.04671	0.01728	0.02895	0.01612	0.00977	0.00720	0.00233	0.05725	0.18230	0.00461	0.03270
10	0.01061	0.00758	0.01061	0.01212	0.01364	0.00758	0.01061	0.01364	0.01515	0.01970	0.03486	0.07426	0.03789	0.01819	0.00909	0.00303	0.00606	0.68326	0.00606	0.00606
11	0.02459	0.03138	0.01866	0.01696	0.02035	0.74221	0.01272	0.02629	0.01866	0.01611	0.01018	0.01187	0.00848	0.00678	0.00594	0.00170	0.01187	0.00424	0.00339	0.00763
12	0.01790	0.01355	0.01554	0.01332	0.01684	0.01515	0.01082	0.33539	0.13980	0.02988	0.02010	0.02594	0.01684	0.02025	0.20431	0.00444	0.00957	0.07553	0.00573	0.00911
13	0.00961	0.00689	0.01024	0.01020	0.01128	0.00782	0.00782	0.01147	0.01096	0.01569	0.06878	0.02695	0.01928	0.04394	0.61300	0.09420	0.01531	0.00727	0.00373	0.00558
14	0.00813	0.00578	0.00761	0.00902	0.00937	0.00542	0.00596	0.00920	0.01238	0.01651	0.03514	0.71146	0.04210	0.07547	0.01024	0.00295	0.00401	0.01804	0.00596	0.00525
15	0.07331	0.01436	0.01488	0.01319	0.01705	0.01656	0.01034	0.08305	0.61582	0.02870	0.02475	0.02294	0.01853	0.00866	0.00651	0.00220	0.00535	0.00706	0.00651	0.01025
16	0.01465	0.01354	0.01615	0.20924	0.04642	0.06337	0.01168	0.03857	0.09682	0.02101	0.01509	0.01742	0.03134	0.00640	0.00580	0.00159	0.00656	0.00527	0.00405	0.37503
17	0.01789	0.01695	0.02186	0.07286	0.31673	0.08857	0.03804	0.10504	0.20600	0.02463	0.01644	0.01815	0.01281	0.00706	0.00656	0.00203	0.00762	0.00620	0.00457	0.00999
18	0.00944	0.00692	0.00993	0.00993	0.01087	0.00787	0.00741	0.01134	0.01039	0.01480	0.01823	0.02918	0.01790	0.18791	0.60598	0.00977	0.01547	0.00754	0.00362	0.00551
19	0.01430	0.01444	0.04531	0.11888	0.28363	0.07444	0.01570	0.01766	0.01466	0.01948	0.04050	0.07621	0.01934	0.01023	0.00829	0.00231	0.06309	0.14931	0.00408	0.00815
20	0.20486	0.06659	0.01853	0.01691	0.08280	0.33457	0.01233	0.02185	0.01474	0.01963	0.00981	0.01238	0.00837	0.00733	0.00827	0.00199	0.14341	0.00446	0.00341	0.00774
21	0.00940	0.00705	0.01058	0.01058	0.01176	0.00823	0.00823	0.01176	0.01058	0.01528	0.01763	0.02586	0.01646	0.04937	0.74255	0.01058	0.01763	0.00705	0.00353	0.00588
22	0.01365	0.01170	0.01365	0.00975	0.01560	0.00878	0.00780	0.01658	0.01365	0.02145	0.01170	0.01365	0.00975	0.00488	0.00488	0.00098	0.00488	0.00390	0.00390	0.80888
23	0.00932	0.00673	0.00880	0.00828	0.00984	0.00621	0.00621	0.01242	0.01863	0.02640	0.72410	0.04918	0.06212	0.01346	0.00776	0.00207	0.00311	0.01191	0.00725	0.00621
24	0.00815	0.00583	0.00776	0.00908	0.00958	0.00544	0.00612	0.00950	0.01323	0.01780	0.10728	0.69052	0.04546	0.01989	0.00834	0.00261	0.00375	0.01801	0.00623	0.00544
25	0.00957	0.00638	0.00718	0.00718	0.00718	0.00638	0.00399	0.00957	0.00957	0.01276	0.02074	0.04308	0.02393	0.76864	0.03351	0.00638	0.00638	0.00957	0.00399	0.00399
26	0.01645	0.04390	0.18756	0.02473	0.18092	0.04062	0.18346	0.07068	0.01549	0.04106	0.01238	0.01564	0.00968	0.00695	0.00893	0.00216	0.12059	0.00598	0.00348	0.00934
27	0.11436	0.01825	0.02052	0.02306	0.22921	0.17465	0.01489	0.01983	0.01354	0.01925	0.01015	0.01397	0.00896	0.00815	0.01158	0.00225	0.28069	0.00520	0.00325	0.00825
28	0.00802	0.00573	0.00764	0.00917	0.00955	0.00535	0.00611	0.00917	0.01260	0.01681	0.03628	0.76434	0.04354	0.02062	0.00840	0.00267	0.00382	0.01872	0.00611	0.00535
29	0.01522	0.01415	0.01721	0.04057	0.10771	0.08607	0.01253	0.08879	0.07278	0.02031	0.03086	0.01974	0.01366	0.02103	0.23166	0.00478	0.18472	0.00632	0.00397	0.00792
30	0.02954	0.01120	0.01528	0.01171	0.01681	0.00968	0.00968	0.03208	0.01884	0.73213	0.02597	0.02241	0.01630	0.00815	0.00662	0.00204	0.00560	0.00662	0.00815	0.01120
31	0.05643	0.18887	0.02303	0.01830	0.12327	0.27501	0.01313	0.15895	0.04448	0.02282	0.01196	0.01343	0.00966	0.00667	0.00572	0.00176	0.00875	0.00474	0.00403	0.00901
32	0.02037	0.08430	0.01861	0.01489	0.01866	0.29625	0.01171	0.09239	0.29996	0.02303	0.01726	0.01734	0.01342	0.00783	0.00673	0.00196	0.03551	0.00568	0.00496	0.00914
33	0.07958	0.01717	0.06451	0.17931	0.31156	0.06008	0.01713	0.14908	0.01748	0.02456	0.01247	0.01562	0.00973	0.00650	0.00630	0.00201	0.00806	0.00554	0.00386	0.00945
34	0.49713	0.01240	0.01300	0.08871	0.05487	0.01355	0.00961	0.02225	0.01348	0.19959	0.01371	0.01457	0.00972	0.00665	0.00509	0.00205	0.00575	0.00467	0.00491	0.00832
35	0.08646	0.02086	0.21998	0.02883	0.31666	0.01570	0.17551	0.02050	0.01448	0.02195	0.01215	0.01548	0.00947	0.00592	0.00651	0.00206	0.00884	0.00582	0.00322	0.00959
36	0.08585	0.01141	0.01555	0.01199	0.01694	0.01019	0.03647	0.03000	0.01815	0.62691	0.04990	0.02235	0.01706	0.00809	0.00652	0.00205	0.00569	0.00664	0.00763	0.01063
37	0.00951	0.00635	0.00720	0.00727	0.00728	0.00634	0.00408	0.00956	0.00971	0.01294	0.02143	0.07484	0.02480	0.73570	0.03240	0.00622	0.00627	0.00998	0.00408	0.00405
38	0.81514	0.01273	0.00968	0.00866	0.01273	0.01477	0.00713	0.01935	0.01120	0.02954	0.00917	0.01069	0.00713	0.00611	0.00407	0.00204	0.00509	0.00356	0.00407	0.00713
39	0.00778	0.00667	0.00667	0.00667	0.00889	0.00556	0.00500	0.00945	0.01501	0.01778	0.06669	0.06336	0.72490	0.01667	0.00778	0.00222	0.00333	0.01389	0.00611	0.00556
40	0.00964	0.00636	0.00723	0.00723	0.00723	0.00636	0.00405	0.00954	0.00954	0.01272	0.02040	0.04223	0.02347	0.74122	0.03322	0.03587	0.00636	0.00943	0.00395	0.00395
41	0.00863	0.00620	0.00818	0.00875	0.00968	0.00575	0.00616	0.01069	0.01542	0.02129	0.35765	0.43019	0.05222	0.01728	0.00810	0.00239	0.00349	0.01553	0.00664	0.00575
42	0.00802	0.00573	0.00764	0.00917	0.00955	0.00535	0.00611	0.00917	0.01260	0.01681	0.03628	0.76434	0.04354	0.02062	0.00840	0.00267	0.00382	0.01872	0.00611	0.00535
43	0.00799	0.00661	0.00687	0.00691	0.00888	0.00563	0.00507	0.00962	0.01480	0.01797	0.10233	0.09372	0.61318	0.05982	0.00929	0.00247	0.00352	0.01375	0.00606	0.00550
44	0.00892	0.00664	0.00832	0.00827	0.00981	0.00604	0.00619	0.01149	0.01697	0.02312	0.47024	0.14313	0.19065	0.01525	0.00792	0.00223	0.00340	0.04863	0.00682	0.00596
45	0.01632	0.00873	0.01132	0.00989	0.01268	0.00814	0.00768	0.02045	0.07879	0.25202	0.38933	0.09089	0.04242	0.01189	0.00735	0.00212	0.00414	0.01032	0.00740	0.00811
46	0.02473	0.01118	0.01440	0.01171	0.01607	0.01048	0.00942	0.03019	0.14832	0.52140	0.05348	0.07823	0.02075	0.00941	0.00681	0.00212	0.00530	0.00786	0.00769	0.01044
47	0.02440	0.01046	0.01321	0.01055	0.01470	0.00967	0.00858	0.07118	0.04031	0.48377	0.02419	0.02260	0.01624	0.00803	0.00610	0.00191	0.00504	0.00648	0.21271	0.00988
48	0.00946	0.00633	0.00721	0.00733	0.00735	0.00631	0.00414	0.00954	0.00980	0.01306	0.02188	0.09596	0.02537	0.71380	0.03167	0.00611	0.00619	0.01024	0.00414	0.00409
49	0.01510	0.00883	0.01116	0.00975	0.01239	0.00845	0.00755	0.03768	0.09170	0.18765	0.45252	0.03942	0.04480	0.03344	0.00810	0.00220	0.00410	0.01001	0.00728	0.00786
50	0.00940	0.00705	0.01058	0.01058	0.01176	0.00823	0.00823	0.01176	0.01058	0.01528	0.01763	0.02586	0.01646	0.04937	0.74255	0.01058	0.01763	0.00705	0.00353	0.00588
51	0.01629	0.01564	0.02672	0.04041	0.72757	0.01564	0.02020	0.02020	0.01499	0.02151	0.01238	0.01629	0.01043	0.00587	0.00652	0.00196	0.00782	0.00587	0.00326	0.01043
52	0.01433	0.00870	0.01022	0.00932	0.01087	0.00871	0.00640	0.11417	0.01452	0.11784	0.02350	0.16361	0.02448	0.41966	0.02140	0.00448	0.00595	0.01024	0.00532	0.00628
53	0.00834	0.00622	0.00779	0.00877	0.00967	0.00577	0.00605	0.01025	0.03263	0.01826	0.11268	0.55129	0.16025	0.01889	0.00818	0.00252	0.00370	0.01689	0.00625	0.00561
54	0.00891	0.00706	0.00823	0.00942	0.01016	0.03449	0.00642	0.01067	0.03513	0.01719	0.03720	0.66029	0.09139	0.01943	0.00821	0.00259	0.00414	0.01744	0.00602	0.00561
55	0.00956	0.00643	0.00743	0.00743	0.00752	0.00652	0.00430	0.00974	0.00965	0.01295	0.02051	0.04180	0.02338	0.71532	0.08607	0.00669	0.00722	0.00939	0.00395	0.00413
56	0.01151	0.00853	0.01012	0.00966	0.01175	0.00859	0.00723	0.01783	0.18554	0.05509	0.32964	0.17360	0.11735	0.01378	0.00757	0.00223	0.00388	0.01205	0.00683	0.00722
57	0.02499	0.01938	0.01968	0.01528	0.02041	0.07294	0.01253	0.65618	0.03006	0.03964	0.01540	0.01552	0.01100	0.00782	0.00654	0.00196	0.00758	0.00580	0.00635	0.01094
58	0.01144	0.00572	0.00858	0.00858	0.00858	0.00572	0.00572	0.00858	0.00858	0.01144	0.01144	0.02001	0.01144	0.02287	0.02573	0.80846	0.00572	0.00572	0.00286	0.00286
59	0.01205	0.00655	0.00704	0.00698	0.00855	0.00678	0.00529	0.01558	0.03887	0.02344	0.02117	0.02472	0.01694	0.01317	0.10122	0.00274	0.00505	0.00630	0.67131	0.00626
60	0.00802	0.00573	0.00764	0.00917	0.00955	0.00535	0.00611	0.00917	0.01260	0.01681	0.03628	0.76434	0.04354	0.02062	0.00840	0.00267	0.00382	0.01872	0.00611	0.00535
61	0.01320	0.03405	0.73453	0.01876	0.02849	0.01529	0.02432	0.02085	0.01390	0.02085	0.01181	0.01390	0.00834	0.00625	0.00625	0.00208	0.00973	0.00486	0.00278	0.00973
62	0.00908	0.00663	0.00853	0.00825	0.00974	0.00608	0.00611	0.01190	0.01780	0.02487	0.61136	0.11748	0.10880	0.01437	0.00783	0.00214	0.00319	0.01269	0.00706	0.00608
63	0.01497	0.01540	0.04978	0.02679	0.31547	0.01764	0.01699	0.01771	0.01230	0.01839	0.01066	0.01560	0.00967	0.01034	0.04120	0.00275	0.38685	0.00582	0.00306	0.00860
64	0.01144	0.00572	0.00858	0.00858	0.00858	0.00572	0.00572	0.00858	0.00858	0.01144	0.01144	0.02001	0.01144	0.02287	0.02573	0.80846	0.00572	0.00572	0.00286	0.00286
65	0.00957	0.00638	0.00718	0.00718	0.00718	0.00638	0.00399	0.00957	0.00957	0.01276	0.02074	0.04308	0.02393	0.76864	0.03351	0.00638	0.00638	0.00957	0.00399	0.00399
66	0.01629	0.01564	0.02672	0.04041	0.72757	0.01564	0.02020	0.02020	0.01499	0.02151	0.01238	0.01629	0.01043	0.00587	0.00652	0.00196	0.00782	0.00587	0.00326	0.01043
67	0.01662	0.01687	0.02461	0.12630	0.37494	0.09533	0.09790	0.02269	0.11769	0.02113	0.01427	0.01736	0.01136	0.00647	0.00664	0.00203	0.00839	0.00614	0.00374	0.00953
68	0.01250	0.00701	0.00980	0.00984	0.03222	0.00684	0.00667	0.03734	0.01195	0.05557	0.09887	0.04919	0.07076	0.01934	0.01942	0.53118	0.00530	0.00749	0.00415	0.00454
69	0.18026	0.20295	0.02041	0.01361	0.01777	0.34451	0.01108	0.05050	0.06739	0.02047	0.01117	0.01241	0.00916	0.00658	0.00524	0.00175	0.00870	0.00423	0.00376	0.00807
70	0.01744	0.01457	0.02097	0.04490	0.38379	0.03921	0.01513	0.05185	0.06842	0.09467	0.05461	0.01883	0.01446	0.00674	0.00635	0.00184	0.00684	0.00605	0.00447	0.12885
71	0.04146	0.09670	0.02052	0.01685	0.08884	0.10200	0.03947	0.22385	0.17886	0.04362	0.04124	0.01801	0.01422	0.00751	0.00624	0.00192	0.00718	0.00597	0.00528	0.04026
72	0.06678	0.09853	0.08849	0.04365	0.05880	0.17894	0.06217	0.15173	0.04035	0.04678	0.01359	0.01662	0.01087	0.00722	0.00652	0.00192	0.02869	0.02986	0.00426	0.04420
73	0.04687	0.09230	0.04569	0.02551	0.32195	0.05794	0.06572	0.06844	0.01650	0.12242	0.01577	0.01757	0.03401	0.00667	0.00626	0.00190	0.00758	0.00587	0.00427	0.03676
74	0.01656	0.01319	0.04423	0.09714	0.08310	0.01332	0.06548	0.14085	0.04105	0.10354	0.01672	0.02143	0.01361	0.07513	0.17488	0.00431	0.03065	0.00661	0.00461	0.03358

[dist]
# distance from previous block
# <min> <max>
8	37

[block]
# block no. 1 follows, 33 sequences, length 12
# corresponding to MSA columns:
# 401-412
name=unknown_B
#
# <colnr> <probs for GDERKNQSTAVLIFYWHMCP>
#	G	D	E	R	K	N	Q	S	T	A	V	L	I	F	Y	W	H	M	C	P
0	0.07298	0.01455	0.07052	0.01356	0.01636	0.11252	0.09932	0.01630	0.01349	0.04949	0.02195	0.20560	0.05081	0.14852	0.01281	0.00302	0.05718	0.00983	0.00445	0.00674
1	0.04566	0.05320	0.08385	0.01771	0.02202	0.03962	0.26234	0.01777	0.03749	0.01981	0.04811	0.12068	0.04437	0.01379	0.08493	0.00313	0.04237	0.03134	0.00412	0.00769
2	0.04467	0.01623	0.01546	0.04498	0.07506	0.18610	0.01094	0.10776	0.06974	0.07228	0.14514	0.05660	0.05545	0.00966	0.00673	0.00201	0.00694	0.03394	0.00540	0.03491
3	0.04621	0.04762	0.02495	0.11548	0.06433	0.09100	0.23449	0.08916	0.06615	0.02286	0.04227	0.01762	0.01245	0.00658	0.00658	0.00195	0.00855	0.00629	0.00407	0.09139
4	0.08497	0.03728	0.01129	0.00937	0.01206	0.00994	0.00716	0.04079	0.06429	0.06052	0.05397	0.08343	0.19457	0.13437	0.03845	0.00303	0.03732	0.00918	0.00518	0.10282
5	0.00910	0.00689	0.00857	0.00914	0.01048	0.00629	0.00644	0.01121	0.03839	0.01804	0.05724	0.50553	0.11013	0.04706	0.00890	0.00258	0.00411	0.04517	0.00585	0.08888
6	0.01406	0.09060	0.01581	0.00991	0.01574	0.01057	0.00816	0.01690	0.01362	0.02083	0.01144	0.01333	0.00962	0.00495	0.00481	0.00102	0.00510	0.00386	0.00379	0.72588
7	0.01662	0.01507	0.02247	0.09729	0.33438	0.01580	0.05821	0.09415	0.17713	0.02448	0.01599	0.01817	0.01249	0.00676	0.00654	0.00199	0.00726	0.00622	0.00441	0.06457
8	0.01123	0.00838	0.01028	0.01014	0.01214	0.00802	0.00771	0.09624	0.01625	0.02198	0.11515	0.35028	0.08634	0.01591	0.00780	0.00236	0.00458	0.11950	0.00607	0.08962
9	0.01320	0.01123	0.01330	0.00995	0.01469	0.00926	0.00778	0.01567	0.01291	0.02001	0.01260	0.01730	0.01141	0.09876	0.00952	0.00177	0.05634	0.00472	0.00384	0.65574
10	0.08398	0.02531	0.01764	0.01576	0.01877	0.49545	0.01213	0.05416	0.04557	0.01915	0.04120	0.01440	0.01127	0.00779	0.00804	0.00193	0.11098	0.00492	0.00382	0.00774
11	0.00946	0.00722	0.00983	0.01227	0.09675	0.00692	0.00722	0.01077	0.01256	0.01683	0.05978	0.41027	0.08603	0.20618	0.01441	0.00346	0.00489	0.01421	0.00528	0.00568

[dist]
# distance from previous block
# <min> <max>
0	1

[block]
# block no. 2 follows, 33 sequences, length 80
# corresponding to MSA columns:
# 414-493
name=unknown_C
#
# <colnr> <probs for GDERKNQSTAVLIFYWHMCP>
#	G	D	E	R	K	N	Q	S	T	A	V	L	I	F	Y	W	H	M	C	P
0	0.00935	0.00664	0.00875	0.00976	0.01068	0.00643	0.00739	0.01123	0.01378	0.01830	0.10981	0.30050	0.05851	0.13798	0.01257	0.00332	0.00495	0.25869	0.00588	0.00549
1	0.05117	0.00806	0.00948	0.03453	0.01115	0.00836	0.00635	0.03994	0.05087	0.04724	0.12222	0.06047	0.06191	0.37325	0.08338	0.00488	0.00662	0.00938	0.00496	0.00578
2	0.01781	0.58945	0.06060	0.01327	0.01856	0.09429	0.04511	0.02023	0.01382	0.01605	0.00953	0.01140	0.00853	0.00612	0.00568	0.00159	0.05271	0.00398	0.00290	0.00837
3	0.00837	0.00661	0.00733	0.00727	0.00900	0.00580	0.00527	0.01022	0.01528	0.01948	0.23196	0.09485	0.44567	0.09131	0.01038	0.00262	0.00361	0.01320	0.00620	0.00556
4	0.01024	0.00663	0.00776	0.00773	0.00808	0.00656	0.00476	0.01072	0.01079	0.03613	0.06402	0.04498	0.02696	0.64798	0.02945	0.00576	0.00614	0.05639	0.00446	0.00449
5	0.02117	0.01235	0.01597	0.06027	0.07775	0.01250	0.01119	0.18389	0.04472	0.26853	0.10262	0.02722	0.02122	0.00917	0.00681	0.00208	0.00597	0.05787	0.04906	0.00964
6	0.01375	0.01179	0.01369	0.00988	0.01565	0.00904	0.00789	0.01721	0.03793	0.02166	0.01222	0.01403	0.01011	0.00502	0.00494	0.00102	0.00489	0.00402	0.00400	0.78127
7	0.02367	0.04150	0.01943	0.01505	0.01989	0.11354	0.01224	0.51360	0.11473	0.03570	0.01626	0.01624	0.01188	0.00782	0.00645	0.00196	0.00758	0.00583	0.00608	0.01056
8	0.01057	0.00671	0.00883	0.00890	0.00961	0.00669	0.00613	0.03184	0.03705	0.01680	0.12594	0.19518	0.04802	0.10387	0.04308	0.31565	0.00535	0.01032	0.00473	0.00474
9	0.01231	0.01079	0.01518	0.08473	0.20843	0.01086	0.01161	0.01718	0.10163	0.02098	0.10778	0.03750	0.19364	0.04142	0.00818	0.00229	0.00564	0.05577	0.00505	0.04905
10	0.03677	0.44767	0.28618	0.01402	0.02100	0.02138	0.01584	0.02088	0.04856	0.01840	0.01100	0.01247	0.00896	0.00603	0.00508	0.00171	0.00787	0.00420	0.00303	0.00898
11	0.00936	0.00670	0.00853	0.00928	0.01009	0.00654	0.00645	0.04459	0.01372	0.01840	0.08884	0.49040	0.05725	0.11857	0.04125	0.00340	0.00493	0.05026	0.00584	0.00559
12	0.07667	0.00808	0.00894	0.00878	0.01023	0.00831	0.00619	0.05570	0.04824	0.04503	0.02546	0.19237	0.04501	0.27227	0.01591	0.00366	0.00514	0.04498	0.11303	0.00599
13	0.01466	0.01516	0.02440	0.01966	0.02117	0.01937	0.17074	0.01703	0.01132	0.01703	0.00970	0.01516	0.00895	0.01017	0.01847	0.00273	0.58749	0.00622	0.00298	0.00758
14	0.01760	0.77260	0.03450	0.01126	0.01690	0.02605	0.01126	0.01971	0.01338	0.01549	0.00915	0.01056	0.00845	0.00563	0.00422	0.00141	0.00704	0.00352	0.00282	0.00845
15	0.00918	0.00656	0.00762	0.00796	0.00865	0.00628	0.00513	0.02809	0.01230	0.01607	0.05378	0.27366	0.15233	0.36019	0.01967	0.00425	0.00497	0.01318	0.00519	0.00495
16	0.00869	0.00702	0.00769	0.00755	0.00953	0.00630	0.00560	0.01152	0.05174	0.02028	0.22996	0.08538	0.46800	0.04091	0.00861	0.00234	0.00349	0.01310	0.00636	0.00591
17	0.01243	0.01170	0.01975	0.75282	0.04534	0.01463	0.01828	0.01682	0.01316	0.01682	0.01170	0.01755	0.00878	0.00658	0.00658	0.00219	0.00878	0.00585	0.00293	0.00731
18	0.01405	0.00790	0.00992	0.00966	0.01175	0.00740	0.00712	0.01724	0.07435	0.18787	0.05974	0.38391	0.11231	0.01533	0.00755	0.00236	0.00424	0.01348	0.04656	0.00726
19	0.00940	0.00643	0.00792	0.00832	0.00953	0.00586	0.00584	0.01107	0.01440	0.04936	0.18092	0.36004	0.18735	0.07793	0.00999	0.00270	0.00383	0.01470	0.02869	0.00573
20	0.00807	0.00598	0.00746	0.00856	0.00934	0.00545	0.00581	0.00935	0.01320	0.01719	0.06514	0.57159	0.18341	0.04523	0.00911	0.00269	0.00378	0.01718	0.00608	0.00537
21	0.05401	0.01144	0.01217	0.01106	0.01424	0.01249	0.00857	0.02589	0.41929	0.05016	0.13803	0.03482	0.15880	0.01091	0.00693	0.00219	0.00455	0.00911	0.00659	0.00873
22	0.01038	0.00658	0.00751	0.00736	0.00757	0.00652	0.00422	0.01048	0.00995	0.04180	0.02095	0.04225	0.02363	0.73794	0.03242	0.00621	0.00635	0.00945	0.00416	0.00428
23	0.01479	0.00935	0.01035	0.00955	0.01213	0.00973	0.00728	0.02235	0.23771	0.11205	0.05042	0.09197	0.08285	0.03713	0.00724	0.00216	0.00427	0.00865	0.26210	0.00794
24	0.02559	0.01754	0.01920	0.01472	0.01997	0.01908	0.01216	0.62171	0.02944	0.12753	0.01707	0.01663	0.01183	0.00793	0.00659	0.00198	0.00704	0.00601	0.00678	0.01120
25	0.01637	0.01414	0.01489	0.01340	0.01712	0.01637	0.01042	0.03498	0.71568	0.02754	0.02679	0.02456	0.02010	0.00893	0.00670	0.00223	0.00521	0.00744	0.00670	0.01042
26	0.01018	0.00727	0.01012	0.01163	0.01296	0.00721	0.00986	0.01290	0.01473	0.01922	0.03509	0.18870	0.03883	0.01859	0.00898	0.00297	0.00569	0.57305	0.00607	0.00594
27	0.00804	0.00622	0.00715	0.00784	0.00905	0.00553	0.00542	0.00933	0.01348	0.01693	0.04919	0.37832	0.35969	0.08009	0.01017	0.00277	0.00380	0.01572	0.00594	0.00533
28	0.00802	0.00668	0.00700	0.00692	0.00904	0.00566	0.00519	0.00991	0.01557	0.01913	0.16931	0.06114	0.62144	0.01617	0.00778	0.00220	0.00330	0.01358	0.00629	0.00566
29	0.00940	0.00705	0.01058	0.01058	0.01176	0.00823	0.00823	0.01176	0.01058	0.01528	0.01763	0.02586	0.01646	0.04937	0.74255	0.01058	0.01763	0.00705	0.00353	0.00588
30	0.01142	0.00756	0.01044	0.01164	0.01325	0.00745	0.00997	0.01427	0.01508	0.05631	0.03405	0.12855	0.03652	0.01751	0.00875	0.00290	0.00574	0.56831	0.03400	0.00627
31	0.00845	0.00616	0.00801	0.00938	0.00994	0.00592	0.00633	0.01050	0.04881	0.01736	0.03580	0.72625	0.04233	0.02002	0.00831	0.00265	0.00389	0.01813	0.00614	0.00561
32	0.01061	0.00758	0.01061	0.01212	0.01364	0.00758	0.01061	0.01364	0.01515	0.01970	0.03486	0.07426	0.03789	0.01819	0.00909	0.00303	0.00606	0.68326	0.00606	0.00606
33	0.00802	0.00573	0.00764	0.00917	0.00955	0.00535	0.00611	0.00917	0.01260	0.01681	0.03628	0.76434	0.04354	0.02062	0.00840	0.00267	0.00382	0.01872	0.00611	0.00535
34	0.01503	0.00802	0.01050	0.00914	0.01177	0.00716	0.00711	0.01786	0.01840	0.22948	0.46941	0.04259	0.10243	0.01218	0.00744	0.00207	0.00385	0.01054	0.00742	0.00760
35	0.02522	0.01121	0.01433	0.01145	0.01591	0.01048	0.00930	0.04912	0.11689	0.52402	0.06174	0.02408	0.01911	0.00849	0.00654	0.00203	0.00527	0.00696	0.06740	0.01046
36	0.01061	0.00758	0.01061	0.01212	0.01364	0.00758	0.01061	0.01364	0.01515	0.01970	0.03486	0.07426	0.03789	0.01819	0.00909	0.00303	0.00606	0.68326	0.00606	0.00606
37	0.02026	0.01607	0.01708	0.01418	0.01860	0.01819	0.01136	0.33645	0.40788	0.03381	0.02185	0.02063	0.01610	0.00847	0.00665	0.00212	0.00612	0.00676	0.00665	0.01077
38	0.00947	0.00655	0.00814	0.00819	0.00853	0.00686	0.00524	0.01016	0.00996	0.01361	0.02043	0.06385	0.02256	0.54286	0.22908	0.00741	0.00941	0.00920	0.00394	0.00456
39	0.00923	0.00673	0.00868	0.00819	0.00978	0.00617	0.00614	0.01225	0.01843	0.02590	0.68626	0.04999	0.10026	0.01364	0.00777	0.00208	0.00312	0.01202	0.00718	0.00617
40	0.00895	0.00603	0.00798	0.00916	0.00984	0.00557	0.00623	0.01027	0.01323	0.04620	0.07211	0.67864	0.06179	0.01965	0.00828	0.00260	0.00384	0.01775	0.00625	0.00563
41	0.01771	0.01352	0.01472	0.01305	0.01680	0.01519	0.01019	0.05589	0.57834	0.10642	0.02682	0.06212	0.02058	0.00941	0.00677	0.00222	0.00525	0.00788	0.00683	0.01027
42	0.00942	0.00700	0.01029	0.01029	0.01137	0.00807	0.00787	0.01157	0.01049	0.01507	0.01790	0.02733	0.01709	0.11055	0.68224	0.01022	0.01668	0.00727	0.00357	0.00572
43	0.00921	0.00684	0.00848	0.00813	0.00972	0.00633	0.00600	0.01222	0.03449	0.02396	0.53792	0.07943	0.16423	0.05304	0.00909	0.00235	0.00339	0.01227	0.00684	0.00606
44	0.00957	0.00638	0.00718	0.00718	0.00718	0.00638	0.00399	0.00957	0.00957	0.01276	0.02074	0.04308	0.02393	0.76864	0.03351	0.00638	0.00638	0.00957	0.00399	0.00399
45	0.10954	0.01136	0.01471	0.01140	0.01639	0.01019	0.00942	0.03079	0.01806	0.66058	0.02426	0.02121	0.01536	0.00794	0.00636	0.00204	0.00555	0.00631	0.00773	0.01079
46	0.00915	0.00672	0.00856	0.00810	0.00973	0.00614	0.00608	0.01209	0.01823	0.02544	0.65071	0.05076	0.13610	0.01382	0.00777	0.00209	0.00313	0.01213	0.00712	0.00614
47	0.00993	0.00707	0.00782	0.00741	0.00975	0.00604	0.00564	0.01196	0.01604	0.08023	0.19206	0.05709	0.53474	0.01532	0.00768	0.00218	0.00348	0.01289	0.00651	0.00617
48	0.01175	0.00945	0.01078	0.01072	0.01267	0.01016	0.00783	0.02046	0.31120	0.02215	0.09991	0.33079	0.05323	0.04659	0.00867	0.00257	0.00443	0.01275	0.00638	0.00753
49	0.81514	0.01273	0.00968	0.00866	0.01273	0.01477	0.00713	0.01935	0.01120	0.02954	0.00917	0.01069	0.00713	0.00611	0.00407	0.00204	0.00509	0.00356	0.00407	0.00713
50	0.00801	0.00579	0.00758	0.00902	0.00951	0.00536	0.00604	0.00918	0.01275	0.01686	0.03811	0.72235	0.08436	0.02039	0.00837	0.00265	0.00379	0.01843	0.00611	0.00536
51	0.02512	0.01365	0.01623	0.01295	0.01773	0.01391	0.01053	0.19103	0.19922	0.39040	0.02379	0.02141	0.01607	0.00829	0.00663	0.00207	0.00589	0.00667	0.00741	0.01100
52	0.04296	0.00642	0.00808	0.00924	0.00993	0.00627	0.00628	0.01077	0.04234	0.01781	0.05201	0.64398	0.04010	0.03487	0.00918	0.02740	0.00402	0.01682	0.00594	0.00556
53	0.02787	0.01275	0.01603	0.01234	0.01735	0.01211	0.01018	0.19148	0.02155	0.54383	0.02340	0.02091	0.01510	0.00807	0.00654	0.00201	0.00590	0.00644	0.03511	0.01103
54	0.01320	0.03405	0.73453	0.01876	0.02849	0.01529	0.02432	0.02085	0.01390	0.02085	0.01181	0.01390	0.00834	0.00625	0.00625	0.00208	0.00973	0.00486	0.00278	0.00973
55	0.00978	0.00732	0.00889	0.00827	0.01017	0.00680	0.00626	0.04745	0.01846	0.02524	0.54014	0.05064	0.20818	0.01389	0.00771	0.00210	0.00337	0.01204	0.00696	0.00632
56	0.00956	0.00639	0.00724	0.00722	0.00727	0.00638	0.00407	0.00967	0.00989	0.01324	0.04525	0.04329	0.02526	0.74233	0.03261	0.00623	0.00627	0.00965	0.00410	0.00407
57	0.00956	0.00644	0.00747	0.00747	0.00757	0.00654	0.00435	0.00976	0.00966	0.01298	0.02048	0.04162	0.02330	0.70746	0.09381	0.00674	0.00734	0.00936	0.00395	0.00415
58	0.02459	0.03138	0.01866	0.01696	0.02035	0.74221	0.01272	0.02629	0.01866	0.01611	0.01018	0.01187	0.00848	0.00678	0.00594	0.00170	0.01187	0.00424	0.00339	0.00763
59	0.01263	0.01190	0.02009	0.71726	0.07939	0.01468	0.01838	0.01699	0.01325	0.01705	0.01174	0.01749	0.00886	0.00655	0.00658	0.00218	0.00873	0.00585	0.00294	0.00747
60	0.01088	0.00622	0.00698	0.00697	0.00830	0.00598	0.00505	0.01275	0.01367	0.02127	0.11481	0.05892	0.12840	0.03596	0.00950	0.11650	0.00362	0.00849	0.42023	0.00550
61	0.01629	0.01564	0.02672	0.04041	0.72757	0.01564	0.02020	0.02020	0.01499	0.02151	0.01238	0.01629	0.01043	0.00587	0.00652	0.00196	0.00782	0.00587	0.00326	0.01043
62	0.00824	0.00655	0.00747	0.00808	0.00972	0.00578	0.00607	0.00996	0.01440	0.01780	0.05436	0.24711	0.45229	0.01791	0.00812	0.00245	0.00384	0.10817	0.00611	0.00557
63	0.01742	0.01073	0.01094	0.00958	0.01225	0.07954	0.00749	0.05534	0.01686	0.18022	0.11840	0.02697	0.05011	0.00899	0.00642	0.00183	0.03056	0.00714	0.34152	0.00768
64	0.00978	0.00725	0.00942	0.01062	0.01175	0.00727	0.00810	0.01341	0.08734	0.01893	0.03480	0.45019	0.03914	0.01856	0.00846	0.00275	0.00473	0.24521	0.00616	0.00613
65	0.00826	0.00603	0.00779	0.00888	0.00966	0.00557	0.00616	0.00980	0.01378	0.01832	0.13348	0.56599	0.12039	0.01913	0.00827	0.00255	0.00375	0.04040	0.00626	0.00551
66	0.01723	0.01411	0.02352	0.20203	0.47075	0.01458	0.01830	0.02106	0.01510	0.11864	0.01410	0.01743	0.01086	0.00635	0.00655	0.00202	0.00774	0.00597	0.00386	0.00981
67	0.01365	0.01175	0.01930	0.68097	0.04258	0.01437	0.01747	0.01840	0.03716	0.06251	0.01311	0.01810	0.00963	0.00676	0.00659	0.00219	0.00845	0.00595	0.00338	0.00766
68	0.01147	0.00592	0.00896	0.03411	0.00984	0.00602	0.00615	0.00886	0.00873	0.01162	0.01144	0.01993	0.01134	0.02231	0.02507	0.78080	0.00582	0.00572	0.00286	0.00301
69	0.01584	0.40983	0.33352	0.01521	0.02257	0.04070	0.04140	0.02043	0.01382	0.01800	0.01047	0.01228	0.00846	0.00593	0.00526	0.00173	0.00847	0.00427	0.00283	0.00899
70	0.00788	0.00628	0.00707	0.00770	0.00916	0.00547	0.00546	0.00933	0.01402	0.01738	0.05416	0.35227	0.44407	0.01830	0.00804	0.00241	0.00353	0.01588	0.00611	0.00547
71	0.01530	0.01610	0.03194	0.03083	0.28342	0.01545	0.39770	0.02000	0.01530	0.02106	0.01589	0.02161	0.03606	0.00668	0.00738	0.00216	0.00939	0.04100	0.00354	0.00919
72	0.01390	0.01256	0.02114	0.56829	0.19591	0.01468	0.01840	0.01811	0.01377	0.04319	0.01236	0.01744	0.00941	0.00648	0.00657	0.00214	0.00845	0.00588	0.00318	0.00814
73	0.01335	0.03100	0.62821	0.01916	0.02809	0.01495	0.09184	0.02026	0.01380	0.02040	0.01195	0.01459	0.00866	0.00701	0.00738	0.04234	0.00967	0.00520	0.00284	0.00930
74	0.00809	0.00632	0.00709	0.00756	0.00907	0.00550	0.00539	0.00931	0.01386	0.01708	0.05384	0.27623	0.47010	0.01828	0.00911	0.05345	0.00363	0.01486	0.00591	0.00532
75	0.01493	0.09980	0.41212	0.06012	0.14381	0.01632	0.09482	0.02084	0.01434	0.04502	0.01230	0.01487	0.00917	0.00614	0.00629	0.00202	0.00911	0.00532	0.00312	0.00955
76	0.01472	0.01414	0.02159	0.28986	0.35242	0.05262	0.01741	0.03668	0.01480	0.01963	0.01567	0.07006	0.03694	0.00763	0.00669	0.00209	0.00793	0.00695	0.00353	0.00867
77	0.01708	0.01170	0.01693	0.24135	0.13607	0.01245	0.01327	0.02267	0.11631	0.18379	0.02317	0.02432	0.08112	0.00820	0.00657	0.00208	0.00647	0.00704	0.06049	0.00890
78	0.03523	0.01462	0.01975	0.14874	0.25606	0.08297	0.03859	0.05503	0.05484	0.04545	0.01666	0.02538	0.01486	0.08173	0.00937	0.00255	0.00784	0.07773	0.00414	0.00848
79	0.08837	0.02134	0.01838	0.03911	0.15013	0.32280	0.01305	0.07675	0.10057	0.04654	0.01480	0.05247	0.01234	0.00763	0.00619	0.00193	0.00870	0.00584	0.00435	0.00871

[dist]
# distance from previous block
# <min> <max>
0	5

[block]
# block no. 3 follows, 33 sequences, length 11
# corresponding to MSA columns:
# 499-509
name=unknown_D
#
# <colnr> <probs for GDERKNQSTAVLIFYWHMCP>
#	G	D	E	R	K	N	Q	S	T	A	V	L	I	F	Y	W	H	M	C	P
0	0.01927	0.09865	0.04835	0.01347	0.01711	0.31547	0.01093	0.08695	0.01812	0.06787	0.07176	0.09675	0.08899	0.00972	0.00645	0.00191	0.00810	0.00751	0.00476	0.00785
1	0.01227	0.00614	0.00614	0.00614	0.00767	0.00614	0.00460	0.01534	0.01381	0.02454	0.02148	0.02454	0.01687	0.00767	0.00460	0.00153	0.00307	0.00614	0.80518	0.00614
2	0.01587	0.01886	0.13280	0.04569	0.13981	0.03821	0.24297	0.07562	0.01608	0.02256	0.01265	0.01571	0.00977	0.00582	0.00653	0.00185	0.00867	0.00587	0.00361	0.18103
3	0.01239	0.00660	0.00676	0.00643	0.00833	0.00635	0.00487	0.01544	0.01379	0.02429	0.02067	0.02364	0.01628	0.00744	0.00462	0.00149	0.00322	0.00595	0.73891	0.07253
4	0.55840	0.14514	0.01463	0.00964	0.01389	0.05769	0.00819	0.02030	0.01250	0.06206	0.01059	0.01191	0.00831	0.00624	0.00436	0.00189	0.00576	0.00386	0.03710	0.00755
5	0.05115	0.06812	0.05623	0.27749	0.07576	0.03800	0.01333	0.01728	0.01335	0.01921	0.01278	0.01723	0.01047	0.03136	0.04417	0.00234	0.00769	0.00527	0.06961	0.16914
6	0.12246	0.10210	0.06056	0.01473	0.01744	0.05018	0.01289	0.05069	0.01282	0.05606	0.01041	0.01377	0.00897	0.00893	0.01337	0.00232	0.38250	0.00505	0.00355	0.05123
7	0.03852	0.11431	0.21732	0.08327	0.04014	0.05636	0.07209	0.03789	0.01484	0.05679	0.03155	0.01799	0.04982	0.00705	0.00658	0.00188	0.03351	0.00566	0.00374	0.11071
8	0.03748	0.06280	0.13169	0.04358	0.03961	0.15888	0.06198	0.03991	0.05964	0.09547	0.01544	0.06282	0.01273	0.00833	0.00725	0.04527	0.00798	0.00609	0.00425	0.09879
9	0.05422	0.06774	0.09160	0.05764	0.02008	0.05326	0.04261	0.07437	0.12916	0.16096	0.05921	0.02072	0.03584	0.00770	0.00623	0.00191	0.00665	0.00626	0.00533	0.09851
10	0.05880	0.07021	0.11426	0.04597	0.11252	0.05507	0.05112	0.13406	0.08550	0.07687	0.04960	0.03472	0.01434	0.00741	0.00627	0.00194	0.00729	0.00614	0.00474	0.06318

[dist]
# distance from previous block
# <min> <max>
0	60

[block]
# block no. 4 follows, 33 sequences, length 11
# corresponding to MSA columns:
# 580-590
name=unknown_E
#
# <colnr> <probs for GDERKNQSTAVLIFYWHMCP>
#	G	D	E	R	K	N	Q	S	T	A	V	L	I	F	Y	W	H	M	C	P
0	0.07681	0.08860	0.06199	0.07019	0.04632	0.10538	0.04656	0.10926	0.06294	0.15138	0.01527	0.01609	0.01120	0.00678	0.00595	0.00183	0.00741	0.00532	0.00484	0.10586
1	0.05139	0.06791	0.06188	0.01644	0.07851	0.13223	0.08839	0.02287	0.06648	0.13772	0.07983	0.02183	0.01721	0.00774	0.00632	0.00192	0.00733	0.02981	0.04911	0.05508
2	0.09506	0.17827	0.19632	0.01764	0.11113	0.01712	0.04174	0.05002	0.08837	0.12180	0.01483	0.01572	0.01103	0.00664	0.00582	0.00193	0.00738	0.00525	0.00430	0.00960
3	0.04503	0.15947	0.14664	0.01463	0.05827	0.06860	0.01310	0.10990	0.01716	0.09942	0.06296	0.01674	0.01367	0.00684	0.00575	0.00172	0.00708	0.00524	0.00447	0.14331
4	0.20614	0.06139	0.05495	0.01733	0.09903	0.12106	0.08519	0.07817	0.06511	0.10219	0.01394	0.01516	0.01047	0.00662	0.00582	0.00193	0.00759	0.00524	0.00449	0.03818
5	0.01227	0.00614	0.00614	0.00614	0.00767	0.00614	0.00460	0.01534	0.01381	0.02454	0.02148	0.02454	0.01687	0.00767	0.00460	0.00153	0.00307	0.00614	0.80518	0.00614
6	0.07759	0.01268	0.01175	0.05254	0.06410	0.14416	0.00862	0.01910	0.01523	0.07335	0.06372	0.02163	0.01660	0.00761	0.00540	0.00174	0.00568	0.00597	0.38529	0.00722
7	0.01227	0.00614	0.00614	0.00614	0.00767	0.00614	0.00460	0.01534	0.01381	0.02454	0.02148	0.02454	0.01687	0.00767	0.00460	0.00153	0.00307	0.00614	0.80518	0.00614
8	0.11929	0.19763	0.10936	0.01305	0.01826	0.06429	0.03515	0.02473	0.11927	0.16959	0.05531	0.01800	0.01465	0.00729	0.00575	0.00191	0.00680	0.00557	0.00495	0.00915
9	0.18601	0.03580	0.09078	0.01347	0.04721	0.04177	0.03897	0.07438	0.08696	0.05453	0.04159	0.01665	0.01276	0.00668	0.00555	0.00176	0.00624	0.00521	0.03769	0.19599
10	0.07368	0.15968	0.12421	0.06406	0.07844	0.03711	0.05824	0.06778	0.03749	0.04396	0.14513	0.02094	0.01945	0.00763	0.00613	0.00190	0.00698	0.00632	0.00440	0.03648

[dist]
# distance from previous block
# <min> <max>
2	17

[block]
# block no. 5 follows, 33 sequences, length 12
# corresponding to MSA columns:
# 608-619
name=unknown_F
#
# <colnr> <probs for GDERKNQSTAVLIFYWHMCP>
#	G	D	E	R	K	N	Q	S	T	A	V	L	I	F	Y	W	H	M	C	P
0	0.01758	0.06622	0.10729	0.03853	0.10519	0.11779	0.16277	0.02129	0.01527	0.10377	0.01465	0.03717	0.01195	0.05254	0.00804	0.00215	0.00852	0.00621	0.00397	0.09908
1	0.01512	0.07990	0.39735	0.07246	0.02837	0.04438	0.14461	0.07404	0.01579	0.02184	0.03678	0.01592	0.01077	0.00650	0.00647	0.00204	0.00938	0.00567	0.00337	0.00922
2	0.01712	0.16074	0.19868	0.14600	0.11766	0.01651	0.09451	0.02165	0.01478	0.13104	0.01376	0.01598	0.01014	0.00636	0.00619	0.00197	0.00832	0.00551	0.00378	0.00930
3	0.04380	0.06654	0.17535	0.15767	0.05996	0.13822	0.05376	0.06927	0.01543	0.01999	0.01427	0.01789	0.04124	0.04020	0.00844	0.00224	0.05822	0.00577	0.00349	0.00824
4	0.01391	0.01137	0.01460	0.01411	0.07693	0.06640	0.08064	0.01632	0.01557	0.11244	0.05972	0.10473	0.31166	0.01279	0.00797	0.00222	0.03319	0.03258	0.00554	0.00731
5	0.01385	0.02714	0.49781	0.01887	0.05561	0.01459	0.07405	0.06932	0.01548	0.02212	0.01736	0.02215	0.05431	0.00787	0.00672	0.00216	0.00890	0.05886	0.00358	0.00926
6	0.07744	0.01467	0.01890	0.51923	0.06777	0.10491	0.01630	0.03669	0.04673	0.01906	0.01215	0.01654	0.00927	0.00668	0.00631	0.00211	0.00862	0.00555	0.00336	0.00772
7	0.01814	0.08044	0.31730	0.01922	0.04922	0.23983	0.09585	0.06685	0.01665	0.02041	0.01158	0.01369	0.00883	0.00639	0.00622	0.00192	0.01013	0.00501	0.00330	0.00902
8	0.01312	0.00788	0.00949	0.00899	0.01157	0.00703	0.00710	0.01568	0.03441	0.16901	0.10164	0.10509	0.35856	0.01493	0.00774	0.00232	0.00427	0.10756	0.00664	0.00698
9	0.01405	0.01171	0.01417	0.17957	0.02140	0.05560	0.01147	0.14706	0.04281	0.02242	0.02462	0.25326	0.02548	0.01330	0.00756	0.00242	0.00654	0.13387	0.00533	0.00737
10	0.13408	0.02705	0.46950	0.01831	0.02641	0.01544	0.12706	0.04591	0.01453	0.04490	0.01224	0.01436	0.00877	0.00624	0.00619	0.00209	0.00903	0.00522	0.00336	0.00931
11	0.01839	0.01846	0.07062	0.01313	0.01683	0.21851	0.01088	0.13660	0.04560	0.08538	0.02673	0.08609	0.13957	0.04534	0.00807	0.00226	0.00749	0.03670	0.00527	0.00805

[dist]
# distance from previous block
# <min> <max>
0	1

[block]
# block no. 6 follows, 33 sequences, length 21
# corresponding to MSA columns:
# 621-641
name=unknown_G
#
# <colnr> <probs for GDERKNQSTAVLIFYWHMCP>
#	G	D	E	R	K	N	Q	S	T	A	V	L	I	F	Y	W	H	M	C	P
0	0.02202	0.01440	0.01826	0.01414	0.01890	0.01470	0.08059	0.32121	0.05338	0.20956	0.05674	0.02535	0.10199	0.00909	0.00692	0.00206	0.00647	0.00759	0.00663	0.01002
1	0.01516	0.01347	0.02028	0.22072	0.29598	0.01438	0.01560	0.08025	0.07175	0.02163	0.01446	0.01976	0.01215	0.08375	0.00916	0.00242	0.00744	0.00622	0.00387	0.07156
2	0.01444	0.03800	0.08323	0.01677	0.02046	0.12565	0.18273	0.04128	0.01524	0.01920	0.02123	0.20951	0.02189	0.01200	0.00840	0.01961	0.03317	0.10537	0.00444	0.00737
3	0.01578	0.01734	0.02836	0.13380	0.07183	0.11608	0.36322	0.02083	0.04606	0.02059	0.08523	0.02030	0.01534	0.00684	0.00721	0.00211	0.00960	0.00728	0.00382	0.00836
4	0.01379	0.09026	0.60915	0.01909	0.02818	0.01627	0.09218	0.02078	0.01402	0.02045	0.01176	0.01403	0.00852	0.00613	0.00625	0.00205	0.00966	0.00505	0.00284	0.00954
5	0.09607	0.01736	0.06927	0.04482	0.03109	0.01582	0.54789	0.02024	0.01482	0.02162	0.01381	0.05051	0.01109	0.00635	0.00731	0.00221	0.01003	0.00764	0.00349	0.00854
6	0.13395	0.01722	0.08885	0.01342	0.01861	0.05207	0.01185	0.25072	0.07109	0.22627	0.03918	0.01816	0.01379	0.00774	0.00622	0.00202	0.00671	0.00589	0.00615	0.01010
7	0.62666	0.07523	0.01305	0.01018	0.01427	0.13159	0.00834	0.02049	0.01256	0.02630	0.00933	0.01087	0.00745	0.00618	0.00438	0.00193	0.00633	0.00367	0.00387	0.00731
8	0.02092	0.19549	0.02073	0.01406	0.01811	0.29474	0.01151	0.04863	0.14100	0.08911	0.01655	0.01986	0.01369	0.00796	0.00601	0.00187	0.00835	0.05813	0.00463	0.00866
9	0.01061	0.00758	0.01061	0.01212	0.01364	0.00758	0.01061	0.01364	0.01515	0.01970	0.03486	0.07426	0.03789	0.01819	0.00909	0.00303	0.00606	0.68326	0.00606	0.00606
10	0.02000	0.51507	0.05155	0.01292	0.01810	0.19873	0.01192	0.02222	0.01506	0.06642	0.01067	0.01182	0.00901	0.00611	0.00487	0.00154	0.00820	0.00396	0.00333	0.00849
11	0.01558	0.01143	0.01474	0.01219	0.01546	0.01176	0.05057	0.11368	0.13072	0.09715	0.31104	0.03156	0.03388	0.01025	0.00794	0.00206	0.04992	0.00867	0.00643	0.06496
12	0.02090	0.23388	0.02232	0.01452	0.01870	0.35406	0.01181	0.05696	0.16736	0.01954	0.01371	0.01441	0.01109	0.00697	0.00565	0.00174	0.00889	0.00480	0.00409	0.00862
13	0.00802	0.00573	0.00764	0.00917	0.00955	0.00535	0.00611	0.00917	0.01260	0.01681	0.03628	0.76434	0.04354	0.02062	0.00840	0.00267	0.00382	0.01872	0.00611	0.00535
14	0.01028	0.00828	0.00959	0.01054	0.01187	0.03884	0.00801	0.01376	0.08345	0.01875	0.03652	0.39895	0.09885	0.01782	0.00827	0.00265	0.00490	0.20643	0.00604	0.00617
15	0.01365	0.01170	0.01365	0.00975	0.01560	0.00878	0.00780	0.01658	0.01365	0.02145	0.01170	0.01365	0.00975	0.00488	0.00488	0.00098	0.00488	0.00390	0.00390	0.80888
16	0.02539	0.01190	0.01517	0.01171	0.01680	0.01067	0.00957	0.05911	0.08917	0.51370	0.02326	0.02090	0.01538	0.00768	0.00634	0.00188	0.00551	0.00623	0.00723	0.14240
17	0.01502	0.13653	0.56342	0.01734	0.02604	0.01732	0.02129	0.09012	0.01555	0.02219	0.01184	0.01362	0.00864	0.00633	0.00600	0.00198	0.00910	0.00478	0.00317	0.00970
18	0.07443	0.01825	0.02345	0.06379	0.48820	0.14798	0.01750	0.05067	0.01600	0.02175	0.01187	0.01513	0.00980	0.00617	0.00624	0.00193	0.00838	0.00541	0.00347	0.00958
19	0.00942	0.00642	0.00761	0.00766	0.00794	0.00641	0.00466	0.01001	0.01088	0.01476	0.10161	0.09361	0.02918	0.58410	0.07401	0.00590	0.00655	0.01032	0.00448	0.00446
20	0.01443	0.01206	0.01851	0.16317	0.10557	0.01279	0.08587	0.05310	0.06586	0.06802	0.05213	0.11479	0.06617	0.01005	0.00812	0.00222	0.05966	0.03116	0.00475	0.05156

[dist]
# distance from previous block
# <min> <max>
0	3

# created by:
# /home/berkeley/.conda/envs/busco_data_prod/bin/msa2prfl.pl pipeline/OGs_align_augustus/4893/35673.fs
