[name]
unknown

[dist]
# distance from previous block
# <min> <max>
0	30

[block]
# block no. 0 follows, 33 sequences, length 21
# corresponding to MSA columns:
# 30-50
name=unknown_A
#
# <colnr> <probs for GDERKNQSTAVLIFYWHMCP>
#	G	D	E	R	K	N	Q	S	T	A	V	L	I	F	Y	W	H	M	C	P
0	0.03809	0.07038	0.21195	0.01461	0.02006	0.08821	0.03400	0.13511	0.01778	0.11342	0.04497	0.06061	0.03635	0.01114	0.05216	0.00257	0.00838	0.02647	0.00480	0.00893
1	0.11105	0.15697	0.12397	0.01504	0.03821	0.05098	0.05494	0.18103	0.08346	0.04448	0.01374	0.01476	0.01045	0.00667	0.00574	0.00185	0.00736	0.00510	0.00448	0.06971
2	0.10327	0.26925	0.19963	0.01422	0.02034	0.03712	0.05670	0.07089	0.05444	0.05488	0.03275	0.01605	0.03064	0.00684	0.00558	0.00186	0.00751	0.00518	0.00393	0.00893
3	0.16078	0.63618	0.03004	0.01080	0.01615	0.02402	0.01052	0.01965	0.01299	0.01801	0.00915	0.01058	0.00821	0.00572	0.00420	0.00152	0.00669	0.00353	0.00304	0.00821
4	0.00804	0.00664	0.00683	0.00680	0.00876	0.00568	0.00496	0.00961	0.01463	0.01770	0.09534	0.06053	0.61857	0.09444	0.01045	0.00265	0.00364	0.01335	0.00595	0.00543
5	0.01059	0.00866	0.04598	0.00900	0.01132	0.00721	0.00733	0.01441	0.04961	0.05839	0.53659	0.04687	0.14264	0.01306	0.00759	0.00210	0.00369	0.01136	0.00689	0.00673
6	0.11484	0.07898	0.15814	0.03234	0.01862	0.05260	0.02599	0.06346	0.04825	0.14402	0.01573	0.01948	0.01238	0.01014	0.00933	0.13614	0.00713	0.03976	0.00452	0.00817
7	0.01440	0.01440	0.02016	0.01728	0.01728	0.02016	0.01440	0.01584	0.01008	0.01584	0.00864	0.01440	0.00864	0.01152	0.02160	0.00288	0.75659	0.00576	0.00288	0.00720
8	0.03142	0.04105	0.10812	0.03604	0.07910	0.13523	0.09827	0.07868	0.08465	0.05625	0.11527	0.02249	0.03898	0.00805	0.00660	0.00199	0.00772	0.00687	0.03450	0.00870
9	0.06036	0.70331	0.06006	0.01141	0.01712	0.02503	0.01154	0.01974	0.01328	0.01645	0.00926	0.01070	0.00837	0.00568	0.00429	0.00147	0.00704	0.00357	0.00288	0.00843
10	0.00793	0.00638	0.00697	0.00742	0.00901	0.00553	0.00528	0.00937	0.01407	0.01728	0.05583	0.26789	0.49544	0.04982	0.00906	0.00253	0.00361	0.01512	0.00602	0.00543
11	0.04957	0.05407	0.01161	0.01147	0.05553	0.00840	0.00779	0.01395	0.01320	0.10365	0.02837	0.42913	0.03129	0.07713	0.01034	0.03373	0.00492	0.04380	0.00559	0.00647
12	0.01959	0.01510	0.01578	0.05877	0.01844	0.08193	0.01072	0.31747	0.06540	0.08145	0.13096	0.07153	0.04154	0.00973	0.00681	0.00204	0.00643	0.00790	0.02932	0.00912
13	0.09602	0.06274	0.01880	0.01374	0.01862	0.01898	0.01136	0.51978	0.04414	0.06917	0.01578	0.01684	0.01173	0.04360	0.00749	0.00216	0.00687	0.00581	0.00608	0.01030
14	0.04751	0.01119	0.01306	0.04356	0.01603	0.00955	0.00820	0.03820	0.04749	0.02262	0.05762	0.06343	0.01567	0.00689	0.00544	0.00136	0.00491	0.00569	0.03420	0.54737
15	0.08959	0.01695	0.08496	0.01642	0.07308	0.01610	0.05552	0.32035	0.05380	0.08851	0.10134	0.02029	0.01740	0.00803	0.00655	0.00203	0.00685	0.00658	0.00577	0.00987
16	0.08844	0.08399	0.02468	0.04861	0.43844	0.01636	0.05014	0.04294	0.05869	0.06572	0.01366	0.01625	0.01087	0.00626	0.00617	0.00195	0.00738	0.00569	0.00390	0.00987
17	0.06858	0.01534	0.09574	0.09840	0.04813	0.01434	0.01262	0.16334	0.15637	0.10454	0.05707	0.05969	0.01737	0.00856	0.00646	0.00209	0.00637	0.00703	0.04865	0.00930
18	0.19808	0.01366	0.05515	0.18314	0.05505	0.01376	0.05517	0.05360	0.05288	0.04404	0.04087	0.06815	0.01397	0.00783	0.00662	0.00206	0.03455	0.00641	0.00425	0.09076
19	0.15860	0.04454	0.01705	0.02876	0.01833	0.14053	0.04908	0.12653	0.05677	0.12726	0.01601	0.01896	0.01255	0.00972	0.04501	0.00238	0.00786	0.03973	0.00502	0.07530
20	0.09174	0.01577	0.01929	0.01749	0.09020	0.10005	0.11005	0.14081	0.05300	0.09597	0.04623	0.04192	0.01600	0.00942	0.02834	0.00229	0.00772	0.04762	0.02002	0.04607

[dist]
# distance from previous block
# <min> <max>
9	37

[block]
# block no. 1 follows, 33 sequences, length 7
# corresponding to MSA columns:
# 90-96
name=unknown_B
#
# <colnr> <probs for GDERKNQSTAVLIFYWHMCP>
#	G	D	E	R	K	N	Q	S	T	A	V	L	I	F	Y	W	H	M	C	P
0	0.04809	0.01284	0.01827	0.19780	0.10930	0.02848	0.05939	0.04167	0.05342	0.05430	0.03923	0.02330	0.07417	0.00810	0.00740	0.00201	0.05274	0.02700	0.00428	0.13821
1	0.01733	0.01587	0.08257	0.27215	0.04918	0.01576	0.06331	0.20052	0.01861	0.07282	0.04328	0.01806	0.01226	0.00740	0.00744	0.00209	0.04891	0.00614	0.00449	0.04182
2	0.04997	0.01332	0.01660	0.20011	0.02404	0.01415	0.01197	0.18330	0.06516	0.04810	0.05722	0.01823	0.01378	0.00726	0.00672	0.00183	0.03720	0.00575	0.00479	0.22050
3	0.07414	0.01379	0.01602	0.10714	0.04853	0.04003	0.01125	0.16030	0.09770	0.14482	0.02169	0.02198	0.08146	0.00826	0.00678	0.00197	0.02927	0.00651	0.00550	0.10288
4	0.07151	0.01473	0.02125	0.27048	0.31762	0.05941	0.01692	0.02110	0.06328	0.06126	0.01358	0.01698	0.01054	0.00652	0.00635	0.00205	0.00789	0.00575	0.00373	0.00904
5	0.01785	0.01436	0.02281	0.21529	0.39411	0.01510	0.01762	0.08898	0.01660	0.11211	0.01427	0.01734	0.01083	0.00654	0.00655	0.00203	0.00773	0.00596	0.00412	0.00981
6	0.02006	0.06110	0.01944	0.03838	0.07986	0.15969	0.05327	0.12541	0.06112	0.13008	0.01831	0.07293	0.01555	0.00885	0.00702	0.00203	0.02743	0.05217	0.00511	0.04219

[dist]
# distance from previous block
# <min> <max>
0	1

[block]
# block no. 2 follows, 33 sequences, length 10
# corresponding to MSA columns:
# 98-107
name=unknown_C
#
# <colnr> <probs for GDERKNQSTAVLIFYWHMCP>
#	G	D	E	R	K	N	Q	S	T	A	V	L	I	F	Y	W	H	M	C	P
0	0.01244	0.12053	0.01447	0.01247	0.07301	0.03654	0.00859	0.05223	0.01487	0.04032	0.07784	0.36019	0.09276	0.04316	0.00824	0.00239	0.00517	0.01256	0.00538	0.00684
1	0.06919	0.07762	0.51217	0.01677	0.02476	0.04745	0.01994	0.08270	0.01538	0.02259	0.01283	0.04647	0.01007	0.00701	0.00609	0.00204	0.00885	0.00537	0.00339	0.00932
2	0.09601	0.01471	0.04631	0.21131	0.13818	0.01561	0.04287	0.14796	0.11061	0.02551	0.04422	0.01879	0.01339	0.00892	0.03576	0.00243	0.00774	0.00619	0.00449	0.00898
3	0.00896	0.05853	0.00932	0.00771	0.00979	0.00714	0.00591	0.01108	0.01586	0.02032	0.27205	0.11500	0.40463	0.01523	0.00759	0.00216	0.00355	0.01296	0.00625	0.00595
4	0.01606	0.14196	0.14849	0.06138	0.09325	0.01648	0.04404	0.10916	0.04958	0.05473	0.04884	0.02216	0.09242	0.00839	0.00750	0.00204	0.06362	0.00664	0.00436	0.00890
5	0.01218	0.01220	0.06868	0.05442	0.06160	0.04456	0.01026	0.04520	0.11908	0.02213	0.17771	0.22214	0.09747	0.01296	0.00737	0.00224	0.00535	0.01131	0.00571	0.00743
6	0.11319	0.01600	0.09876	0.01825	0.16579	0.04734	0.01317	0.09635	0.01690	0.11256	0.07031	0.04754	0.01709	0.00817	0.00632	0.00197	0.00665	0.04416	0.00491	0.09457
7	0.01752	0.06076	0.11575	0.05399	0.02046	0.04720	0.07954	0.07526	0.04889	0.16376	0.09267	0.07347	0.05508	0.00897	0.00670	0.00201	0.00683	0.00770	0.00534	0.05810
8	0.01764	0.01929	0.15161	0.02057	0.15375	0.04840	0.07130	0.13343	0.15418	0.05773	0.01683	0.03756	0.01304	0.00730	0.00652	0.00200	0.00759	0.00631	0.00473	0.07020
9	0.12470	0.01659	0.12710	0.07669	0.09240	0.05193	0.01315	0.09015	0.05200	0.08017	0.11303	0.02179	0.03691	0.00907	0.02609	0.00222	0.00703	0.00644	0.00483	0.04771

[dist]
# distance from previous block
# <min> <max>
50	271

[block]
# block no. 3 follows, 33 sequences, length 9
# corresponding to MSA columns:
# 443-451
name=unknown_D
#
# <colnr> <probs for GDERKNQSTAVLIFYWHMCP>
#	G	D	E	R	K	N	Q	S	T	A	V	L	I	F	Y	W	H	M	C	P
0	0.02122	0.01702	0.02050	0.11143	0.06821	0.04387	0.04947	0.41188	0.07123	0.04950	0.01541	0.01666	0.01129	0.00749	0.00692	0.00201	0.02518	0.00599	0.00549	0.03923
1	0.01417	0.01337	0.01620	0.10036	0.10357	0.08651	0.04522	0.04494	0.05751	0.02076	0.07170	0.07761	0.08916	0.04555	0.00783	0.00207	0.00654	0.00779	0.00453	0.18461
2	0.01645	0.01566	0.01798	0.17760	0.14782	0.12559	0.01379	0.10783	0.12251	0.02240	0.01970	0.10535	0.03927	0.00930	0.00682	0.00214	0.00752	0.02905	0.00465	0.00855
3	0.01557	0.01376	0.04904	0.09474	0.17387	0.01404	0.01314	0.04895	0.28303	0.05558	0.05109	0.05963	0.01878	0.03508	0.00759	0.00227	0.00622	0.00750	0.04082	0.00928
4	0.01835	0.06755	0.17400	0.01888	0.09520	0.12732	0.08806	0.04205	0.09425	0.10059	0.01490	0.01622	0.01117	0.00672	0.00656	0.00191	0.02377	0.00554	0.00423	0.08274
5	0.01286	0.01253	0.01809	0.20569	0.02400	0.05728	0.07450	0.01543	0.01231	0.01655	0.01583	0.13864	0.01586	0.04627	0.08843	0.00348	0.22357	0.00825	0.00360	0.00684
6	0.06599	0.28553	0.05388	0.01249	0.01702	0.13125	0.01105	0.09244	0.07803	0.05407	0.12015	0.01903	0.01811	0.00768	0.00567	0.00178	0.00700	0.00569	0.00461	0.00854
7	0.01020	0.00734	0.00836	0.00819	0.00887	0.00764	0.00521	0.01263	0.08897	0.01499	0.02399	0.04050	0.06678	0.56211	0.10217	0.00609	0.00722	0.00935	0.00438	0.00500
8	0.01737	0.01265	0.01347	0.01167	0.01520	0.04481	0.00916	0.10503	0.28032	0.13623	0.13993	0.03243	0.13241	0.01049	0.00697	0.00212	0.00519	0.00868	0.00676	0.00911

[dist]
# distance from previous block
# <min> <max>
13	24

[block]
# block no. 4 follows, 33 sequences, length 23
# corresponding to MSA columns:
# 483-505
name=unknown_E
#
# <colnr> <probs for GDERKNQSTAVLIFYWHMCP>
#	G	D	E	R	K	N	Q	S	T	A	V	L	I	F	Y	W	H	M	C	P
0	0.02046	0.06492	0.02318	0.01953	0.12334	0.01813	0.10186	0.38519	0.03840	0.03168	0.01519	0.04125	0.01194	0.00739	0.00651	0.00192	0.00747	0.00632	0.00523	0.07009
1	0.01533	0.01472	0.06916	0.01350	0.03831	0.04903	0.03638	0.15841	0.01741	0.02410	0.07449	0.09665	0.03679	0.06853	0.00944	0.00221	0.05081	0.00757	0.00480	0.21237
2	0.07756	0.01334	0.04714	0.05640	0.11072	0.04759	0.05848	0.06086	0.06926	0.02119	0.02172	0.13561	0.06631	0.10896	0.01016	0.00264	0.00659	0.00863	0.00455	0.07229
3	0.02075	0.05502	0.02238	0.02462	0.30060	0.10835	0.01502	0.21963	0.02019	0.07948	0.01391	0.01560	0.01070	0.00667	0.00625	0.00185	0.00777	0.00549	0.00462	0.06108
4	0.00814	0.00597	0.00749	0.00858	0.00929	0.00549	0.00578	0.00938	0.01304	0.01708	0.06874	0.56813	0.15621	0.07161	0.01002	0.00283	0.00389	0.01700	0.00601	0.00532
5	0.01695	0.01707	0.02274	0.06330	0.36866	0.11529	0.05988	0.02390	0.17054	0.02204	0.04285	0.01894	0.01419	0.00698	0.00661	0.00201	0.00787	0.00635	0.00418	0.00963
6	0.00802	0.00573	0.00764	0.00917	0.00955	0.00535	0.00611	0.00917	0.01260	0.01681	0.03628	0.76434	0.04354	0.02062	0.00840	0.00267	0.00382	0.01872	0.00611	0.00535
7	0.02214	0.22072	0.02303	0.01537	0.03640	0.31433	0.01232	0.19122	0.06456	0.02302	0.01240	0.01341	0.00992	0.00687	0.00571	0.00173	0.00895	0.00471	0.00423	0.00896
8	0.01409	0.01322	0.02135	0.32651	0.26587	0.01373	0.03925	0.01804	0.01396	0.01955	0.01198	0.01627	0.00958	0.00593	0.00622	0.00184	0.00767	0.00549	0.00327	0.18617
9	0.08612	0.12475	0.04845	0.01765	0.08076	0.48283	0.01321	0.02390	0.01667	0.01776	0.01018	0.01212	0.00853	0.00659	0.00598	0.00175	0.02711	0.00429	0.00333	0.00801
10	0.00957	0.00638	0.00718	0.00718	0.00718	0.00638	0.00399	0.00957	0.00957	0.01276	0.02074	0.04308	0.02393	0.76864	0.03351	0.00638	0.00638	0.00957	0.00399	0.00399
11	0.01272	0.01141	0.03478	0.04308	0.13588	0.03097	0.01050	0.01889	0.14975	0.03692	0.32146	0.03662	0.10844	0.01089	0.00719	0.00209	0.00503	0.00949	0.00596	0.00794
12	0.01574	0.01322	0.01510	0.01272	0.07092	0.05606	0.00921	0.01863	0.01446	0.07430	0.01272	0.01440	0.01021	0.00532	0.00520	0.00118	0.00560	0.00428	0.00414	0.63659
13	0.01778	0.01401	0.01506	0.01330	0.01719	0.01591	0.01042	0.05455	0.63463	0.08944	0.02640	0.02411	0.01950	0.00883	0.00669	0.00221	0.00530	0.00733	0.00682	0.01051
14	0.01563	0.01226	0.01620	0.07599	0.04654	0.01079	0.03675	0.01929	0.04044	0.09995	0.01379	0.01566	0.01076	0.00593	0.00628	0.00142	0.04256	0.00482	0.00430	0.52065
15	0.00932	0.00633	0.00825	0.00879	0.00978	0.00585	0.00614	0.01113	0.01477	0.04656	0.26373	0.44163	0.07087	0.05350	0.00931	0.00261	0.00376	0.01541	0.00646	0.00579
16	0.01379	0.01215	0.01554	0.01110	0.01701	0.00936	0.05988	0.01691	0.01379	0.02142	0.01182	0.01396	0.00977	0.00493	0.00509	0.00107	0.00534	0.00419	0.00386	0.74901
17	0.01551	0.06280	0.01980	0.03792	0.27790	0.08609	0.01367	0.04544	0.08767	0.02075	0.03910	0.05562	0.01541	0.01454	0.12944	0.00335	0.00902	0.00664	0.00407	0.05526
18	0.11257	0.09684	0.10848	0.01649	0.07553	0.23192	0.01344	0.09432	0.06501	0.10495	0.01387	0.01469	0.01043	0.00687	0.00584	0.00188	0.00838	0.00496	0.00443	0.00910
19	0.11498	0.07403	0.01787	0.07165	0.10830	0.14319	0.02524	0.07077	0.05736	0.02097	0.01445	0.04191	0.01253	0.01706	0.17766	0.00395	0.01023	0.00595	0.00394	0.00794
20	0.01641	0.06948	0.17724	0.10710	0.19780	0.04356	0.08191	0.03932	0.06997	0.07404	0.01445	0.01706	0.01104	0.00857	0.04171	0.00243	0.00884	0.00585	0.00383	0.00939
21	0.01203	0.06712	0.01541	0.08434	0.10056	0.03913	0.01076	0.01452	0.01273	0.01728	0.03312	0.13694	0.01955	0.04581	0.24271	0.00492	0.03339	0.03610	0.00398	0.06960
22	0.01376	0.07128	0.06262	0.13021	0.11105	0.01347	0.11611	0.03840	0.01378	0.01924	0.01356	0.01921	0.01172	0.07523	0.11335	0.00341	0.00923	0.00603	0.00348	0.15486

[dist]
# distance from previous block
# <min> <max>
0	14

[block]
# block no. 5 follows, 33 sequences, length 23
# corresponding to MSA columns:
# 520-542
name=unknown_F
#
# <colnr> <probs for GDERKNQSTAVLIFYWHMCP>
#	G	D	E	R	K	N	Q	S	T	A	V	L	I	F	Y	W	H	M	C	P
0	0.01707	0.08410	0.22509	0.04584	0.07694	0.06179	0.06891	0.11981	0.08854	0.04403	0.01507	0.01814	0.01178	0.00712	0.00634	0.00197	0.00816	0.03285	0.00421	0.06223
1	0.01597	0.13772	0.31367	0.04395	0.04897	0.11174	0.01666	0.02201	0.08270	0.04520	0.04967	0.01791	0.01338	0.04432	0.00740	0.00215	0.00842	0.00555	0.00375	0.00886
2	0.01724	0.01660	0.02457	0.16091	0.36060	0.07120	0.08428	0.10571	0.05244	0.02299	0.01334	0.01669	0.01053	0.00644	0.00662	0.00202	0.00841	0.00601	0.00380	0.00960
3	0.08920	0.01685	0.01887	0.01712	0.08930	0.07522	0.03826	0.30502	0.07225	0.06207	0.03610	0.01879	0.04133	0.00831	0.00791	0.00209	0.08007	0.00626	0.00538	0.00959
4	0.01688	0.01188	0.01527	0.01293	0.01619	0.03843	0.07636	0.14301	0.05949	0.14135	0.12257	0.16174	0.05625	0.03897	0.00836	0.00239	0.00595	0.05748	0.00627	0.00822
5	0.05187	0.01702	0.01659	0.01500	0.05739	0.11442	0.01130	0.29515	0.16598	0.02975	0.02402	0.02512	0.10401	0.00927	0.00666	0.00206	0.00686	0.03228	0.00581	0.00944
6	0.01871	0.09062	0.01756	0.01321	0.01695	0.08437	0.01074	0.23643	0.13789	0.06058	0.01747	0.01948	0.01387	0.01914	0.20830	0.00430	0.01009	0.00613	0.00516	0.00900
7	0.00957	0.00638	0.00718	0.00718	0.00718	0.00638	0.00399	0.00957	0.00957	0.01276	0.02074	0.04308	0.02393	0.76864	0.03351	0.00638	0.00638	0.00957	0.00399	0.00399
8	0.00919	0.00626	0.00744	0.00781	0.00796	0.00622	0.00469	0.00957	0.01035	0.01385	0.02433	0.21536	0.02830	0.55660	0.05958	0.00568	0.00628	0.01165	0.00448	0.00440
9	0.01760	0.77260	0.03450	0.01126	0.01690	0.02605	0.01126	0.01971	0.01338	0.01549	0.00915	0.01056	0.00845	0.00563	0.00422	0.00141	0.00704	0.00352	0.00282	0.00845
10	0.23560	0.01375	0.01346	0.01210	0.01591	0.01593	0.00952	0.03069	0.52233	0.02809	0.02196	0.02076	0.01654	0.00816	0.00598	0.00218	0.00518	0.00638	0.00598	0.00952
11	0.01105	0.00687	0.00841	0.00814	0.00874	0.00697	0.00519	0.01168	0.01046	0.06769	0.02057	0.03838	0.02199	0.57999	0.16067	0.00682	0.00837	0.00889	0.00422	0.00488
12	0.01320	0.03405	0.73453	0.01876	0.02849	0.01529	0.02432	0.02085	0.01390	0.02085	0.01181	0.01390	0.00834	0.00625	0.00625	0.00208	0.00973	0.00486	0.00278	0.00973
13	0.81514	0.01273	0.00968	0.00866	0.01273	0.01477	0.00713	0.01935	0.01120	0.02954	0.00917	0.01069	0.00713	0.00611	0.00407	0.00204	0.00509	0.00356	0.00407	0.00713
14	0.00942	0.00697	0.01017	0.01017	0.01121	0.00801	0.00772	0.01149	0.01046	0.01498	0.01801	0.02793	0.01736	0.13573	0.65742	0.01008	0.01628	0.00736	0.00358	0.00565
15	0.00895	0.00644	0.00705	0.00712	0.00782	0.00608	0.00440	0.00952	0.01137	0.01449	0.03547	0.08437	0.23809	0.50351	0.02446	0.00494	0.00533	0.01133	0.00474	0.00453
16	0.01850	0.71495	0.03304	0.01130	0.01689	0.02481	0.01114	0.02065	0.01379	0.06975	0.01043	0.01146	0.00904	0.00582	0.00441	0.00146	0.00693	0.00375	0.00322	0.00866
17	0.01554	0.01776	0.03885	0.02775	0.03441	0.01665	0.70366	0.02109	0.01554	0.02109	0.01332	0.01776	0.00999	0.00555	0.00777	0.00222	0.01110	0.00777	0.00333	0.00888
18	0.01483	0.01399	0.02290	0.31013	0.39771	0.01532	0.01852	0.02035	0.08240	0.02030	0.01352	0.01758	0.01074	0.00644	0.00656	0.00207	0.00793	0.00601	0.00347	0.00924
19	0.01632	0.01533	0.02550	0.12386	0.60662	0.01579	0.01954	0.05826	0.01567	0.02207	0.01249	0.01642	0.01027	0.00607	0.00653	0.00198	0.00790	0.00587	0.00341	0.01010
20	0.01515	0.01289	0.01481	0.01211	0.01614	0.04482	0.04388	0.07387	0.16190	0.05477	0.02646	0.06190	0.13892	0.00943	0.00728	0.00187	0.04766	0.00770	0.00527	0.24318
21	0.01150	0.00903	0.01118	0.01120	0.04672	0.00912	0.00792	0.08551	0.04856	0.02325	0.25276	0.19399	0.14655	0.04092	0.00921	0.00238	0.04236	0.01191	0.00611	0.02983
22	0.01452	0.01309	0.02257	0.38736	0.26373	0.01435	0.06970	0.01857	0.01419	0.05376	0.01413	0.05930	0.01173	0.00713	0.00675	0.00214	0.00821	0.00676	0.00350	0.00853

[dist]
# distance from previous block
# <min> <max>
0	5

[block]
# block no. 6 follows, 33 sequences, length 85
# corresponding to MSA columns:
# 548-632
name=unknown_G
#
# <colnr> <probs for GDERKNQSTAVLIFYWHMCP>
#	G	D	E	R	K	N	Q	S	T	A	V	L	I	F	Y	W	H	M	C	P
0	0.01476	0.01395	0.02360	0.19168	0.51942	0.01455	0.01860	0.01854	0.01439	0.02010	0.01426	0.07985	0.01287	0.00727	0.00669	0.00207	0.00769	0.00695	0.00343	0.00933
1	0.02503	0.01844	0.01976	0.01515	0.02042	0.02042	0.01251	0.70562	0.03095	0.04149	0.01581	0.01581	0.01120	0.00790	0.00659	0.00198	0.00724	0.00593	0.00659	0.01120
2	0.01540	0.01442	0.02271	0.20249	0.42512	0.01555	0.01780	0.02236	0.15467	0.02161	0.01510	0.01824	0.01197	0.00665	0.00657	0.00207	0.00752	0.00618	0.00387	0.00969
3	0.02320	0.02762	0.01897	0.03330	0.02057	0.56664	0.01301	0.09733	0.01887	0.01880	0.01064	0.01271	0.00879	0.00744	0.00781	0.00187	0.09618	0.00463	0.00366	0.00796
4	0.02056	0.01622	0.01724	0.01424	0.01871	0.01833	0.01143	0.35927	0.38458	0.03428	0.02148	0.02033	0.01579	0.00843	0.00664	0.00211	0.00619	0.00671	0.00664	0.01080
5	0.01050	0.00750	0.01048	0.01199	0.01346	0.00748	0.01041	0.01344	0.01504	0.01958	0.03492	0.10438	0.03813	0.01829	0.00906	0.00302	0.00596	0.65425	0.00606	0.00603
6	0.11901	0.01419	0.01620	0.01263	0.01752	0.01458	0.01040	0.30940	0.02297	0.33201	0.05032	0.01946	0.01511	0.00804	0.00636	0.00201	0.00611	0.00620	0.00698	0.01050
7	0.01369	0.01021	0.01296	0.01282	0.01523	0.04283	0.04053	0.06489	0.03769	0.06968	0.03260	0.08128	0.07404	0.01541	0.00837	0.00271	0.00633	0.44566	0.00602	0.00705
8	0.06150	0.01160	0.01525	0.01175	0.01680	0.01038	0.00970	0.06249	0.01909	0.67164	0.02482	0.02162	0.01569	0.00805	0.00651	0.00203	0.00566	0.00646	0.00791	0.01104
9	0.01437	0.01280	0.01665	0.01331	0.05018	0.01099	0.06960	0.02007	0.12570	0.02239	0.01428	0.01587	0.01145	0.00563	0.00549	0.00133	0.00561	0.00489	0.00427	0.57512
10	0.01874	0.16243	0.19508	0.01583	0.02196	0.04487	0.06612	0.20476	0.09934	0.05702	0.01562	0.01782	0.01203	0.00737	0.00624	0.00197	0.00791	0.03048	0.00467	0.00975
11	0.00897	0.00693	0.00823	0.00805	0.00981	0.00635	0.00598	0.01207	0.04728	0.02256	0.40134	0.12575	0.28239	0.01508	0.00779	0.00219	0.00335	0.01308	0.00672	0.00609
12	0.01804	0.01467	0.01566	0.01345	0.01740	0.01663	0.01063	0.20382	0.48858	0.03100	0.07698	0.02421	0.02103	0.00901	0.00675	0.00216	0.00557	0.00740	0.00671	0.01030
13	0.01288	0.01215	0.02055	0.67104	0.12366	0.01474	0.01850	0.01721	0.01337	0.01736	0.01178	0.01741	0.00897	0.00650	0.00657	0.00217	0.00867	0.00585	0.00296	0.00767
14	0.01508	0.23145	0.46736	0.01725	0.02548	0.01813	0.07505	0.02091	0.01404	0.04130	0.01165	0.01357	0.00875	0.00609	0.00584	0.00191	0.00899	0.00479	0.00300	0.00936
15	0.01357	0.08078	0.66401	0.01861	0.02797	0.01603	0.04854	0.02078	0.01393	0.02051	0.01170	0.01383	0.00841	0.00619	0.00618	0.00205	0.00961	0.00489	0.00280	0.00962
16	0.00950	0.00648	0.00778	0.00782	0.00803	0.00667	0.00478	0.00994	0.00983	0.01331	0.02062	0.05928	0.02316	0.62435	0.15548	0.00701	0.00826	0.00938	0.00397	0.00435
17	0.02503	0.01585	0.01719	0.05915	0.01991	0.09288	0.01140	0.26706	0.04382	0.31354	0.05189	0.01994	0.01541	0.00809	0.00659	0.00200	0.00693	0.00634	0.00668	0.01032
18	0.01063	0.00711	0.00884	0.00935	0.01080	0.00671	0.00677	0.01334	0.06182	0.07852	0.06057	0.43540	0.16323	0.03605	0.00867	0.00261	0.00418	0.06283	0.00630	0.00627
19	0.00819	0.00635	0.00737	0.00781	0.00920	0.00563	0.00554	0.00984	0.01455	0.01864	0.16085	0.30002	0.35581	0.04830	0.00904	0.00252	0.00359	0.01504	0.00621	0.00553
20	0.02245	0.01716	0.01831	0.01463	0.01943	0.01921	0.01189	0.50581	0.23496	0.03733	0.01908	0.01841	0.01385	0.00821	0.00662	0.00205	0.00664	0.00638	0.00662	0.01096
21	0.07141	0.07861	0.04347	0.01689	0.02132	0.41679	0.08711	0.12612	0.04015	0.02170	0.01177	0.01337	0.00931	0.00674	0.00603	0.00182	0.01007	0.00490	0.00394	0.00847
22	0.01320	0.00829	0.01019	0.00977	0.01179	0.00818	0.00725	0.01778	0.12647	0.12864	0.16283	0.23760	0.07600	0.07633	0.03187	0.00288	0.00481	0.02838	0.03059	0.00716
23	0.01048	0.00734	0.00849	0.00855	0.00917	0.00745	0.00545	0.06012	0.03773	0.01653	0.02511	0.24924	0.02856	0.47003	0.02334	0.00484	0.00566	0.01188	0.00489	0.00513
24	0.05748	0.02786	0.01850	0.01665	0.01953	0.59544	0.01274	0.02432	0.01696	0.01666	0.00989	0.01222	0.00845	0.00751	0.00835	0.00190	0.13020	0.00445	0.00334	0.00754
25	0.08875	0.11570	0.06232	0.02221	0.24687	0.08238	0.01473	0.15038	0.01774	0.06340	0.01271	0.01461	0.00998	0.00659	0.00633	0.00187	0.02950	0.00512	0.00417	0.04462
26	0.01429	0.01424	0.03779	0.06653	0.10270	0.13752	0.01108	0.04727	0.01416	0.01770	0.04556	0.02657	0.09138	0.10987	0.10448	0.08312	0.05787	0.00723	0.00391	0.00674
27	0.00908	0.00636	0.00813	0.00877	0.00928	0.00630	0.00595	0.01024	0.01194	0.01611	0.07954	0.29967	0.03422	0.30466	0.09376	0.00488	0.00637	0.07460	0.00512	0.00502
28	0.01361	0.01370	0.02093	0.01808	0.04017	0.03799	0.13372	0.01579	0.01198	0.01715	0.01549	0.17429	0.01634	0.01209	0.01545	0.00266	0.42084	0.00882	0.00367	0.00721
29	0.01509	0.01470	0.02325	0.31671	0.35559	0.04711	0.03943	0.03419	0.01466	0.01962	0.01307	0.01749	0.02360	0.00661	0.00705	0.00208	0.03166	0.00600	0.00325	0.00886
30	0.01954	0.07999	0.08910	0.12025	0.06415	0.07024	0.01434	0.23105	0.13858	0.06766	0.01599	0.01702	0.01186	0.00744	0.00665	0.00202	0.02355	0.00579	0.00500	0.00977
31	0.04200	0.01464	0.03858	0.04142	0.06362	0.01373	0.01131	0.24690	0.02041	0.17237	0.01616	0.01664	0.01162	0.00680	0.00597	0.00170	0.00624	0.00539	0.02488	0.23960
32	0.01335	0.01252	0.02039	0.52215	0.18621	0.01463	0.01764	0.01854	0.06321	0.01860	0.01496	0.01949	0.03667	0.00697	0.00662	0.00215	0.00812	0.00627	0.00338	0.00813
33	0.01809	0.17430	0.08846	0.03350	0.09131	0.10644	0.05444	0.07630	0.01599	0.09700	0.01583	0.09809	0.01416	0.03138	0.00801	0.00212	0.05488	0.00681	0.00425	0.00864
34	0.01868	0.03513	0.05810	0.04785	0.35617	0.01408	0.03658	0.07108	0.01683	0.17068	0.05955	0.01981	0.01495	0.00898	0.04039	0.00238	0.00768	0.00640	0.00473	0.00995
35	0.00810	0.00583	0.00768	0.00901	0.00954	0.00542	0.00608	0.00941	0.01312	0.01752	0.08597	0.68768	0.07030	0.01997	0.00833	0.00261	0.00375	0.01805	0.00619	0.00542
36	0.01268	0.01336	0.07400	0.07625	0.05221	0.01255	0.18225	0.01726	0.07700	0.01809	0.01711	0.04780	0.01599	0.20799	0.10050	0.00429	0.05174	0.00788	0.00381	0.00722
37	0.04204	0.02216	0.28336	0.04299	0.14703	0.03376	0.05322	0.10731	0.03371	0.10667	0.01510	0.04009	0.01148	0.00724	0.00682	0.00208	0.02489	0.00603	0.00426	0.00978
38	0.00850	0.00702	0.00844	0.00948	0.04246	0.00648	0.00645	0.01012	0.01393	0.01750	0.05095	0.28783	0.42522	0.01833	0.03120	0.00264	0.02724	0.01464	0.00580	0.00577
39	0.01538	0.01729	0.03622	0.02628	0.03200	0.01714	0.60693	0.02035	0.01477	0.02035	0.01266	0.01729	0.00980	0.00639	0.00971	0.00231	0.11572	0.00749	0.00327	0.00864
40	0.01492	0.01798	0.15309	0.21833	0.27606	0.01545	0.08213	0.05808	0.03484	0.02121	0.01296	0.01684	0.01009	0.00770	0.03046	0.00235	0.00893	0.00594	0.00338	0.00924
41	0.01769	0.01542	0.02342	0.09715	0.43926	0.04843	0.04290	0.02339	0.10763	0.09587	0.01557	0.01799	0.01206	0.00660	0.00658	0.00202	0.00764	0.00615	0.00420	0.01004
42	0.00936	0.00668	0.00917	0.01069	0.01166	0.00650	0.00843	0.01148	0.01392	0.01830	0.03555	0.40812	0.04062	0.01937	0.00876	0.00286	0.00498	0.36176	0.00609	0.00572
43	0.00955	0.00648	0.00770	0.00770	0.00788	0.00666	0.00463	0.00991	0.00973	0.01315	0.02027	0.04046	0.02280	0.65918	0.14141	0.00702	0.00809	0.00919	0.00392	0.00428
44	0.01402	0.01250	0.01645	0.01192	0.01772	0.01009	0.08307	0.01819	0.05670	0.02178	0.01280	0.01476	0.01041	0.00520	0.00530	0.00119	0.00557	0.00453	0.00401	0.67380
45	0.01554	0.01776	0.03885	0.02775	0.03441	0.01665	0.70366	0.02109	0.01554	0.02109	0.01332	0.01776	0.00999	0.00555	0.00777	0.00222	0.01110	0.00777	0.00333	0.00888
46	0.00945	0.00686	0.00958	0.00958	0.01040	0.00768	0.00698	0.01111	0.01028	0.01454	0.01855	0.03095	0.01867	0.26176	0.53318	0.00934	0.01431	0.00780	0.00366	0.00532
47	0.01197	0.00663	0.00926	0.00910	0.00950	0.00687	0.00623	0.01143	0.08490	0.01317	0.01309	0.02050	0.01237	0.02137	0.02367	0.72144	0.00566	0.00590	0.00327	0.00367
48	0.00939	0.00630	0.00724	0.00742	0.00747	0.00626	0.00425	0.00952	0.00994	0.01325	0.02262	0.13031	0.02631	0.67817	0.03047	0.00593	0.00607	0.01068	0.00425	0.00415
49	0.01320	0.03405	0.73453	0.01876	0.02849	0.01529	0.02432	0.02085	0.01390	0.02085	0.01181	0.01390	0.00834	0.00625	0.00625	0.00208	0.00973	0.00486	0.00278	0.00973
50	0.00828	0.00597	0.00784	0.00888	0.00958	0.00553	0.00609	0.00985	0.01395	0.01883	0.17944	0.58808	0.07528	0.01898	0.00825	0.00253	0.00365	0.01711	0.00635	0.00553
51	0.01593	0.08784	0.01574	0.01249	0.01567	0.04636	0.00988	0.14870	0.26444	0.02516	0.02526	0.21574	0.02397	0.01192	0.00699	0.00224	0.00575	0.05130	0.00596	0.00866
52	0.01530	0.01730	0.03739	0.08284	0.03524	0.01649	0.65159	0.02076	0.01536	0.02076	0.01320	0.01774	0.00990	0.00563	0.00768	0.00222	0.01092	0.00762	0.00330	0.00876
53	0.81514	0.01273	0.00968	0.00866	0.01273	0.01477	0.00713	0.01935	0.01120	0.02954	0.00917	0.01069	0.00713	0.00611	0.00407	0.00204	0.00509	0.00356	0.00407	0.00713
54	0.00957	0.00638	0.00718	0.00718	0.00718	0.00638	0.00399	0.00957	0.00957	0.01276	0.02074	0.04308	0.02393	0.76864	0.03351	0.00638	0.00638	0.00957	0.00399	0.00399
55	0.02144	0.01666	0.01774	0.01442	0.01905	0.01874	0.01164	0.42743	0.31499	0.03570	0.02036	0.01944	0.01489	0.00833	0.00663	0.00208	0.00640	0.00656	0.00663	0.01087
56	0.00802	0.00573	0.00764	0.00917	0.00955	0.00535	0.00611	0.00917	0.01260	0.01681	0.03628	0.76434	0.04354	0.02062	0.00840	0.00267	0.00382	0.01872	0.00611	0.00535
57	0.00806	0.00576	0.00768	0.00914	0.00956	0.00538	0.00611	0.00927	0.01280	0.01712	0.05857	0.74117	0.04414	0.02039	0.00838	0.00265	0.00380	0.01849	0.00615	0.00538
58	0.00957	0.00638	0.00718	0.00718	0.00718	0.00638	0.00399	0.00957	0.00957	0.01276	0.02074	0.04308	0.02393	0.76864	0.03351	0.00638	0.00638	0.00957	0.00399	0.00399
59	0.00940	0.00705	0.01058	0.01058	0.01176	0.00823	0.00823	0.01176	0.01058	0.01528	0.01763	0.02586	0.01646	0.04937	0.74255	0.01058	0.01763	0.00705	0.00353	0.00588
60	0.81514	0.01273	0.00968	0.00866	0.01273	0.01477	0.00713	0.01935	0.01120	0.02954	0.00917	0.01069	0.00713	0.00611	0.00407	0.00204	0.00509	0.00356	0.00407	0.00713
61	0.00838	0.00673	0.00749	0.00742	0.00941	0.00585	0.00564	0.01053	0.01608	0.02042	0.25850	0.05973	0.49521	0.01580	0.00784	0.00222	0.00340	0.04711	0.00644	0.00578
62	0.81514	0.01273	0.00968	0.00866	0.01273	0.01477	0.00713	0.01935	0.01120	0.02954	0.00917	0.01069	0.00713	0.00611	0.00407	0.00204	0.00509	0.00356	0.00407	0.00713
63	0.02503	0.01844	0.01976	0.01515	0.02042	0.02042	0.01251	0.70562	0.03095	0.04149	0.01581	0.01581	0.01120	0.00790	0.00659	0.00198	0.00724	0.00593	0.00659	0.01120
64	0.01629	0.01564	0.02672	0.04041	0.72757	0.01564	0.02020	0.02020	0.01499	0.02151	0.01238	0.01629	0.01043	0.00587	0.00652	0.00196	0.00782	0.00587	0.00326	0.01043
65	0.01321	0.01252	0.02100	0.59298	0.16478	0.01506	0.01844	0.01737	0.01335	0.01760	0.01168	0.01718	0.00906	0.00668	0.00726	0.00218	0.04295	0.00585	0.00298	0.00786
66	0.01778	0.02191	0.17913	0.09067	0.19391	0.13982	0.07285	0.10030	0.01714	0.04946	0.01386	0.04808	0.01121	0.00712	0.00656	0.00202	0.00896	0.00612	0.00385	0.00928
67	0.00939	0.00636	0.00749	0.00766	0.00780	0.00641	0.00455	0.00969	0.00999	0.01341	0.02226	0.12303	0.02557	0.62963	0.08464	0.00628	0.00695	0.01041	0.00419	0.00429
68	0.00817	0.00590	0.00778	0.00923	0.00978	0.00550	0.00634	0.00947	0.01289	0.01704	0.03773	0.68460	0.07759	0.02027	0.00842	0.00267	0.00394	0.06117	0.00611	0.00540
69	0.01340	0.06636	0.70391	0.01844	0.02799	0.01576	0.02375	0.02080	0.01388	0.02061	0.01170	0.01375	0.00834	0.00623	0.00617	0.00206	0.00961	0.00481	0.00278	0.00967
70	0.01716	0.22414	0.22019	0.04003	0.14169	0.04103	0.01669	0.11676	0.08089	0.02274	0.01307	0.01469	0.01021	0.00652	0.00584	0.00187	0.00796	0.00507	0.00378	0.00964
71	0.00928	0.00634	0.00763	0.00791	0.00810	0.00640	0.00483	0.00974	0.01022	0.01376	0.02318	0.17010	0.02662	0.55672	0.10616	0.00618	0.00715	0.01093	0.00432	0.00444
72	0.02315	0.01024	0.01355	0.01089	0.01493	0.00924	0.00879	0.04817	0.04175	0.48410	0.22649	0.02996	0.02944	0.00969	0.00695	0.00205	0.00492	0.00815	0.00779	0.00974
73	0.00892	0.00665	0.00736	0.00744	0.00849	0.00622	0.00490	0.01035	0.03058	0.01641	0.09270	0.12241	0.28339	0.34386	0.01901	0.00407	0.00474	0.01218	0.00529	0.00503
74	0.01737	0.21669	0.26742	0.01975	0.13080	0.18050	0.01750	0.02153	0.01488	0.01839	0.01077	0.01299	0.00873	0.00632	0.00618	0.00183	0.03184	0.00457	0.00300	0.00897
75	0.00943	0.00696	0.01009	0.01009	0.01109	0.00796	0.00761	0.01144	0.01043	0.01492	0.01808	0.02836	0.01754	0.15354	0.63987	0.00997	0.01600	0.00742	0.00359	0.00560
76	0.00811	0.00584	0.00769	0.00900	0.00954	0.00542	0.00607	0.00943	0.01316	0.01757	0.08979	0.68129	0.07286	0.01992	0.00833	0.00261	0.00375	0.01800	0.00620	0.00542
77	0.02292	0.01690	0.01826	0.01420	0.01900	0.01853	0.01165	0.61463	0.02923	0.03926	0.08945	0.02060	0.03727	0.00873	0.00674	0.00199	0.00671	0.00677	0.00664	0.01052
78	0.01403	0.01168	0.01541	0.03934	0.03939	0.00952	0.04937	0.01719	0.01428	0.04870	0.04068	0.02006	0.01395	0.00640	0.00563	0.00135	0.00552	0.05262	0.00425	0.59063
79	0.01581	0.01728	0.07911	0.15215	0.48723	0.05553	0.03612	0.01993	0.01468	0.02022	0.01202	0.01605	0.00983	0.00622	0.00695	0.00202	0.03033	0.00574	0.00317	0.00958
80	0.00820	0.00604	0.00734	0.00831	0.00922	0.00549	0.00569	0.00956	0.01328	0.01740	0.05766	0.51138	0.21933	0.04778	0.00905	0.00264	0.00375	0.01649	0.03598	0.00540
81	0.02326	0.01224	0.01610	0.07016	0.06338	0.01218	0.01109	0.05924	0.17158	0.41122	0.06058	0.02325	0.01838	0.00833	0.00669	0.00209	0.00584	0.00694	0.00701	0.01042
82	0.01061	0.00891	0.01475	0.04528	0.01626	0.00910	0.12462	0.03221	0.01326	0.01811	0.05797	0.26674	0.02713	0.06949	0.22340	0.00506	0.00958	0.03650	0.00469	0.00633
83	0.05110	0.05726	0.01845	0.01378	0.01807	0.01475	0.08655	0.27123	0.04775	0.08258	0.06478	0.13331	0.04258	0.00987	0.00677	0.00205	0.00632	0.00845	0.00582	0.05855
84	0.08565	0.01856	0.17474	0.04381	0.07150	0.01480	0.23352	0.04272	0.08345	0.05500	0.01567	0.04517	0.01241	0.01012	0.06109	0.00278	0.00926	0.00681	0.00403	0.00893

[dist]
# distance from previous block
# <min> <max>
0	34

[block]
# block no. 7 follows, 33 sequences, length 17
# corresponding to MSA columns:
# 667-683
name=unknown_H
#
# <colnr> <probs for GDERKNQSTAVLIFYWHMCP>
#	G	D	E	R	K	N	Q	S	T	A	V	L	I	F	Y	W	H	M	C	P
0	0.01623	0.21022	0.11370	0.01291	0.01761	0.11423	0.01190	0.08915	0.04936	0.02075	0.04175	0.08921	0.03757	0.01066	0.04231	0.00225	0.00771	0.02182	0.00424	0.08644
1	0.01539	0.21735	0.05467	0.01143	0.01536	0.05855	0.02724	0.05551	0.06563	0.07084	0.17717	0.02950	0.11188	0.03161	0.02846	0.00226	0.00631	0.00777	0.00515	0.00790
2	0.01528	0.09397	0.15372	0.01534	0.05388	0.12851	0.03043	0.01992	0.06871	0.01930	0.03364	0.02006	0.03377	0.03046	0.06927	0.00269	0.04958	0.02448	0.00380	0.13319
3	0.42256	0.01324	0.01116	0.00972	0.01342	0.07890	0.00780	0.06526	0.01471	0.12134	0.01445	0.01554	0.01074	0.00688	0.00485	0.00190	0.00550	0.00471	0.16954	0.00777
4	0.00842	0.00665	0.00759	0.00745	0.00931	0.00582	0.00555	0.01066	0.01639	0.02129	0.33600	0.09062	0.41977	0.01554	0.00780	0.00218	0.00326	0.01330	0.00658	0.00582
5	0.01365	0.01170	0.01365	0.00975	0.01560	0.00878	0.00780	0.01658	0.01365	0.02145	0.01170	0.01365	0.00975	0.00488	0.00488	0.00098	0.00488	0.00390	0.00390	0.80888
6	0.01158	0.00627	0.00676	0.00664	0.00818	0.00615	0.00498	0.01466	0.01493	0.02498	0.18559	0.03030	0.02744	0.00902	0.00534	0.00166	0.00308	0.00748	0.61881	0.00615
7	0.00885	0.00646	0.00786	0.00793	0.00906	0.00597	0.00552	0.01068	0.01498	0.02023	0.33080	0.18462	0.17136	0.17076	0.01318	0.00310	0.00396	0.01306	0.00616	0.00547
8	0.00885	0.00671	0.00815	0.00779	0.00955	0.00601	0.00584	0.01152	0.01753	0.02378	0.52383	0.05350	0.26402	0.01444	0.00777	0.00212	0.00318	0.01251	0.00690	0.00601
9	0.00831	0.00663	0.00750	0.00775	0.00955	0.00581	0.00584	0.01027	0.01529	0.01925	0.16932	0.15821	0.46161	0.01681	0.00798	0.00233	0.00360	0.07197	0.00630	0.00568
10	0.02459	0.03138	0.01866	0.01696	0.02035	0.74221	0.01272	0.02629	0.01866	0.01611	0.01018	0.01187	0.00848	0.00678	0.00594	0.00170	0.01187	0.00424	0.00339	0.00763
11	0.81514	0.01273	0.00968	0.00866	0.01273	0.01477	0.00713	0.01935	0.01120	0.02954	0.00917	0.01069	0.00713	0.00611	0.00407	0.00204	0.00509	0.00356	0.00407	0.00713
12	0.00942	0.00698	0.01020	0.01020	0.01124	0.00802	0.00775	0.01151	0.01047	0.01500	0.01798	0.02779	0.01730	0.12994	0.66313	0.01011	0.01637	0.00734	0.00358	0.00567
13	0.02331	0.02869	0.01807	0.01640	0.01985	0.62889	0.01236	0.02765	0.12748	0.01790	0.01277	0.01385	0.01029	0.00712	0.00606	0.00178	0.01083	0.00474	0.00391	0.00807
14	0.01421	0.01220	0.01391	0.01050	0.01591	0.01034	0.00834	0.02036	0.15809	0.02270	0.01481	0.01590	0.01188	0.00571	0.00525	0.00123	0.00494	0.00463	0.00448	0.64461
15	0.01681	0.01290	0.01395	0.01224	0.01582	0.01411	0.00957	0.15251	0.37837	0.07337	0.03152	0.09245	0.12599	0.01086	0.00698	0.00221	0.00521	0.00905	0.00663	0.00945
16	0.01472	0.00869	0.00896	0.00801	0.01034	0.00905	0.00625	0.15713	0.01738	0.02776	0.02210	0.02429	0.04381	0.00808	0.00514	0.00165	0.00394	0.00640	0.60916	0.00715

[dist]
# distance from previous block
# <min> <max>
0	2

[block]
# block no. 8 follows, 33 sequences, length 14
# corresponding to MSA columns:
# 686-699
name=unknown_I
#
# <colnr> <probs for GDERKNQSTAVLIFYWHMCP>
#	G	D	E	R	K	N	Q	S	T	A	V	L	I	F	Y	W	H	M	C	P
0	0.01308	0.01236	0.02092	0.63314	0.15994	0.01480	0.01861	0.01739	0.01347	0.01761	0.01182	0.01734	0.00905	0.00646	0.00657	0.00215	0.00862	0.00585	0.00298	0.00784
1	0.01845	0.59315	0.08391	0.01278	0.01834	0.14555	0.01248	0.02090	0.01430	0.01599	0.00952	0.01103	0.00845	0.00587	0.00466	0.00151	0.00805	0.00374	0.00291	0.00841
2	0.01021	0.00683	0.00817	0.00773	0.00960	0.00619	0.00583	0.01292	0.01705	0.05485	0.42870	0.04828	0.22422	0.01326	0.00729	0.00204	0.00327	0.01140	0.11591	0.00625
3	0.01057	0.00728	0.00846	0.00822	0.00874	0.00752	0.00516	0.05951	0.01137	0.01531	0.02092	0.07909	0.02331	0.59671	0.10544	0.00631	0.00750	0.00955	0.00424	0.00478
4	0.01457	0.01411	0.02484	0.02714	0.29626	0.01453	0.18695	0.04609	0.01466	0.02055	0.01660	0.14251	0.01598	0.01087	0.04104	0.00262	0.08961	0.00854	0.00386	0.00867
5	0.01872	0.42865	0.16684	0.01375	0.02009	0.02246	0.01414	0.20202	0.01814	0.02343	0.01144	0.01260	0.00916	0.00636	0.00525	0.00169	0.00762	0.00442	0.00381	0.00943
6	0.00794	0.00668	0.00690	0.00684	0.00899	0.00563	0.00513	0.00976	0.01539	0.01870	0.13645	0.06185	0.65457	0.01633	0.00778	0.00221	0.00331	0.01368	0.00623	0.00563
7	0.02026	0.01380	0.01539	0.01276	0.01655	0.01485	0.01003	0.32494	0.15782	0.12699	0.02229	0.10988	0.01884	0.09284	0.00977	0.00260	0.00613	0.00823	0.00648	0.00957
8	0.01881	0.17084	0.07759	0.04126	0.23646	0.05155	0.08388	0.08553	0.01648	0.10306	0.01338	0.01550	0.01037	0.00657	0.00681	0.00193	0.04083	0.00552	0.00399	0.00964
9	0.01193	0.00727	0.00882	0.00854	0.01071	0.00645	0.00639	0.01374	0.01499	0.14624	0.08265	0.23138	0.34518	0.01803	0.05386	0.00282	0.00475	0.01328	0.00637	0.00657
10	0.00921	0.00676	0.00886	0.01015	0.01117	0.00657	0.00769	0.01177	0.04441	0.01828	0.03743	0.46092	0.08610	0.01906	0.00851	0.00274	0.00458	0.23386	0.00612	0.00582
11	0.01045	0.00730	0.01071	0.01049	0.01184	0.00709	0.04829	0.01240	0.01353	0.05988	0.12875	0.34151	0.03596	0.09938	0.12776	0.00418	0.00685	0.05202	0.00560	0.00601
12	0.01457	0.01633	0.13652	0.01499	0.09441	0.01153	0.01226	0.05421	0.04456	0.02265	0.01265	0.01455	0.01010	0.00554	0.00545	0.00137	0.00614	0.00453	0.00390	0.51374
13	0.15080	0.11852	0.38486	0.01576	0.02321	0.01588	0.06104	0.02198	0.01415	0.11692	0.01303	0.01433	0.00932	0.00636	0.00578	0.00199	0.00815	0.00490	0.00376	0.00928

[dist]
# distance from previous block
# <min> <max>
2	4

[block]
# block no. 9 follows, 33 sequences, length 106
# corresponding to MSA columns:
# 704-809
name=unknown_J
#
# <colnr> <probs for GDERKNQSTAVLIFYWHMCP>
#	G	D	E	R	K	N	Q	S	T	A	V	L	I	F	Y	W	H	M	C	P
0	0.01962	0.08494	0.03973	0.05895	0.01984	0.07519	0.01183	0.26083	0.20242	0.05975	0.02094	0.05183	0.04780	0.00871	0.00648	0.00203	0.00683	0.00688	0.00571	0.00967
1	0.01395	0.01325	0.02237	0.36881	0.21801	0.01489	0.07923	0.03825	0.01437	0.01929	0.01525	0.02148	0.03944	0.00759	0.00776	0.00221	0.05412	0.03804	0.00343	0.00825
2	0.06007	0.01998	0.01701	0.01431	0.01847	0.25814	0.01136	0.23194	0.04990	0.16167	0.04709	0.01988	0.01479	0.00823	0.00643	0.00196	0.00807	0.03566	0.00571	0.00935
3	0.01388	0.09170	0.58256	0.01939	0.02836	0.01635	0.11624	0.02079	0.01408	0.02045	0.01180	0.01416	0.00857	0.00611	0.00630	0.00205	0.00970	0.00515	0.00286	0.00951
4	0.01848	0.01461	0.01566	0.01353	0.01752	0.01652	0.01067	0.17679	0.51197	0.06126	0.02478	0.05097	0.01893	0.00913	0.00674	0.00219	0.00561	0.00752	0.00672	0.01043
5	0.01743	0.01780	0.02562	0.03720	0.63078	0.11509	0.01918	0.02104	0.01549	0.02077	0.01208	0.01569	0.01016	0.00599	0.00644	0.00192	0.00838	0.00564	0.00328	0.01005
6	0.00943	0.00695	0.01008	0.01008	0.01108	0.00796	0.00760	0.01143	0.01043	0.01491	0.01809	0.02840	0.01756	0.15537	0.63806	0.00996	0.01598	0.00742	0.00359	0.00560
7	0.01144	0.00572	0.00858	0.00858	0.00858	0.00572	0.00572	0.00858	0.00858	0.01144	0.01144	0.02001	0.01144	0.02287	0.02573	0.80846	0.00572	0.00572	0.00286	0.00286
8	0.46146	0.14451	0.01662	0.01115	0.01536	0.07288	0.00944	0.11431	0.01479	0.02694	0.01012	0.01169	0.00811	0.00666	0.00566	0.00195	0.05224	0.00407	0.00408	0.00796
9	0.02459	0.03138	0.01866	0.01696	0.02035	0.74221	0.01272	0.02629	0.01866	0.01611	0.01018	0.01187	0.00848	0.00678	0.00594	0.00170	0.01187	0.00424	0.00339	0.00763
10	0.01364	0.01336	0.01913	0.11732	0.02052	0.01825	0.01429	0.01546	0.01070	0.01605	0.01121	0.07314	0.01137	0.01155	0.01852	0.00277	0.59571	0.00678	0.00314	0.00707
11	0.01127	0.00792	0.00972	0.00879	0.01090	0.00749	0.00673	0.07306	0.01922	0.05434	0.54504	0.04716	0.14660	0.01321	0.00762	0.00208	0.00360	0.01145	0.00707	0.00675
12	0.01181	0.13521	0.09610	0.01169	0.01462	0.01263	0.01064	0.03462	0.01393	0.01823	0.03132	0.19051	0.17905	0.01376	0.00918	0.00235	0.10836	0.09429	0.00477	0.00691
13	0.00801	0.00577	0.00760	0.00906	0.00952	0.00536	0.00606	0.00918	0.01271	0.01685	0.03763	0.73334	0.07367	0.02045	0.00838	0.00265	0.00380	0.01850	0.00611	0.00536
14	0.01571	0.01708	0.03419	0.02572	0.05388	0.01742	0.52433	0.04587	0.01507	0.02088	0.01250	0.01700	0.00979	0.00678	0.01030	0.00233	0.15185	0.00726	0.00337	0.00870
15	0.00840	0.00680	0.00755	0.00783	0.00982	0.00595	0.00612	0.01039	0.01520	0.01869	0.10566	0.08781	0.53445	0.01685	0.00803	0.00237	0.00382	0.13240	0.00618	0.00569
16	0.01785	0.12278	0.03404	0.02305	0.02902	0.11787	0.46679	0.04775	0.01635	0.04174	0.01279	0.01603	0.00980	0.00590	0.00695	0.00202	0.01034	0.00660	0.00354	0.00881
17	0.01577	0.01510	0.02577	0.13791	0.63420	0.01550	0.01994	0.01974	0.01474	0.02087	0.01229	0.01647	0.01020	0.00596	0.00653	0.00199	0.00795	0.00586	0.00321	0.01000
18	0.01017	0.00727	0.01011	0.01162	0.01295	0.00720	0.00985	0.01288	0.01472	0.01921	0.03510	0.19074	0.03884	0.01860	0.00898	0.00297	0.00568	0.57109	0.00607	0.00594
19	0.01222	0.02772	0.00991	0.00869	0.01119	0.03557	0.00667	0.04518	0.01680	0.09992	0.19102	0.11439	0.36728	0.01436	0.00749	0.00216	0.00418	0.01212	0.00641	0.00671
20	0.01497	0.11906	0.48960	0.02088	0.12240	0.04273	0.03835	0.04126	0.01471	0.02075	0.01167	0.01391	0.00877	0.00618	0.00608	0.00197	0.00918	0.00492	0.00300	0.00962
