[name]
unknown

[dist]
# distance from previous block
# <min> <max>
0	0

[block]
# block no. 0 follows, 30 sequences, length 25
# corresponding to MSA columns:
# 0-24
name=unknown_A
#
# <colnr> <probs for GDERKNQSTAVLIFYWHMCP>
#	G	D	E	R	K	N	Q	S	T	A	V	L	I	F	Y	W	H	M	C	P
0	0.01124	0.00803	0.01124	0.01285	0.01446	0.00803	0.01124	0.01446	0.01606	0.02088	0.03695	0.07871	0.04016	0.01928	0.00964	0.00321	0.00643	0.66426	0.00643	0.00643
1	0.02607	0.03326	0.01978	0.01798	0.02157	0.72674	0.01348	0.02787	0.01978	0.01708	0.01079	0.01258	0.00899	0.00719	0.00629	0.00180	0.01258	0.00449	0.00360	0.00809
2	0.03131	0.01188	0.01619	0.01242	0.01781	0.01026	0.01026	0.03401	0.01997	0.71606	0.02753	0.02375	0.01727	0.00864	0.00702	0.00216	0.00594	0.00702	0.00864	0.01188
3	0.00844	0.00630	0.00786	0.00911	0.00996	0.00572	0.00621	0.00978	0.01394	0.01805	0.04584	0.59373	0.19786	0.02090	0.00876	0.00272	0.00393	0.01867	0.00648	0.00572
4	0.01000	0.00734	0.01051	0.01051	0.01151	0.00834	0.00784	0.01201	0.01101	0.01568	0.01934	0.03100	0.01900	0.19031	0.59125	0.01034	0.01635	0.00800	0.00383	0.00584
5	0.02498	0.03080	0.01912	0.01727	0.02092	0.63661	0.01302	0.05713	0.04595	0.01883	0.01434	0.01567	0.04015	0.00779	0.00644	0.00186	0.01170	0.00515	0.00401	0.00828
6	0.01527	0.01527	0.02137	0.01832	0.01832	0.02137	0.01527	0.01679	0.01069	0.01679	0.00916	0.01527	0.00916	0.01221	0.02290	0.00305	0.74198	0.00611	0.00305	0.00763
7	0.10180	0.01202	0.01565	0.01212	0.01742	0.01075	0.01001	0.03278	0.01923	0.65360	0.02591	0.02262	0.01639	0.00844	0.00677	0.00216	0.00589	0.00672	0.00824	0.01148
8	0.01054	0.00834	0.01092	0.01023	0.01225	0.00804	0.03658	0.01524	0.09539	0.02477	0.39057	0.17500	0.14479	0.01519	0.00823	0.00236	0.00409	0.01348	0.00705	0.00696
9	0.01727	0.01658	0.02832	0.04283	0.71123	0.01658	0.02142	0.02142	0.01589	0.02280	0.01313	0.01727	0.01105	0.00622	0.00691	0.00207	0.00829	0.00622	0.00345	0.01105
10	0.01647	0.01882	0.04118	0.02941	0.03647	0.01765	0.68588	0.02235	0.01647	0.02235	0.01412	0.01882	0.01059	0.00588	0.00824	0.00235	0.01176	0.00824	0.00353	0.00941
11	0.01684	0.01614	0.02755	0.11544	0.64196	0.01647	0.02120	0.02104	0.01569	0.02228	0.01305	0.01741	0.01087	0.00630	0.00692	0.00210	0.00840	0.00622	0.00342	0.01071
12	0.04699	0.02398	0.01936	0.01752	0.05472	0.32355	0.01307	0.20637	0.14520	0.05679	0.01636	0.01680	0.01239	0.00791	0.00663	0.00202	0.00929	0.00576	0.00536	0.00993
13	0.01453	0.01417	0.02845	0.02274	0.05881	0.01328	0.39823	0.01863	0.01557	0.05207	0.02277	0.26206	0.02273	0.01133	0.00834	0.00249	0.00877	0.01194	0.00474	0.00836
14	0.00850	0.00607	0.00810	0.00972	0.01012	0.00567	0.00648	0.00972	0.01336	0.01781	0.03846	0.75020	0.04615	0.02186	0.00891	0.00283	0.00405	0.01984	0.00648	0.00567
15	0.01663	0.01947	0.06791	0.05426	0.03205	0.06955	0.46143	0.02308	0.07138	0.02235	0.04748	0.02016	0.01375	0.00701	0.00849	0.00233	0.04169	0.00781	0.00395	0.00921
16	0.01622	0.08133	0.02851	0.20589	0.15329	0.03890	0.21656	0.06134	0.01660	0.02192	0.04064	0.05788	0.01422	0.00759	0.00725	0.00221	0.00919	0.00752	0.00389	0.00905
17	0.01770	0.61017	0.17695	0.01358	0.02044	0.02526	0.01479	0.02114	0.01429	0.01759	0.01028	0.01192	0.00893	0.00611	0.00492	0.00164	0.00805	0.00402	0.00298	0.00923
18	0.00846	0.00623	0.00793	0.00930	0.01001	0.00570	0.00629	0.00976	0.01376	0.01798	0.04358	0.64173	0.15132	0.02120	0.00880	0.00276	0.00397	0.01903	0.00648	0.00570
19	0.13647	0.01627	0.07398	0.01299	0.01801	0.08866	0.01123	0.02872	0.07404	0.37169	0.02429	0.04965	0.04560	0.00897	0.00665	0.00218	0.00673	0.00702	0.00670	0.01016
20	0.01577	0.01498	0.02506	0.29714	0.43747	0.01622	0.02022	0.02077	0.04470	0.02125	0.01352	0.01814	0.01085	0.00664	0.00694	0.00218	0.00854	0.00628	0.00348	0.00984
21	0.01002	0.00671	0.00765	0.00777	0.00780	0.00668	0.00440	0.01011	0.01039	0.01386	0.02325	0.09971	0.02696	0.69854	0.03348	0.00646	0.00656	0.01089	0.00440	0.00434
22	0.05662	0.09107	0.62770	0.01870	0.02835	0.01706	0.02373	0.02192	0.01454	0.02215	0.01215	0.01428	0.00878	0.00657	0.00634	0.00215	0.00983	0.00497	0.00302	0.01006
23	0.07577	0.01704	0.02382	0.11243	0.29206	0.09222	0.08679	0.04985	0.03787	0.08354	0.01578	0.05375	0.01295	0.00757	0.00692	0.00216	0.00850	0.00686	0.00436	0.00976
24	0.05818	0.32288	0.22537	0.01568	0.02217	0.20966	0.01608	0.02307	0.01571	0.01895	0.01080	0.01258	0.00886	0.00651	0.00557	0.00181	0.00954	0.00434	0.00320	0.00904

[dist]
# distance from previous block
# <min> <max>
0	1

[block]
# block no. 1 follows, 30 sequences, length 34
# corresponding to MSA columns:
# 26-59
name=unknown_B
#
# <colnr> <probs for GDERKNQSTAVLIFYWHMCP>
#	G	D	E	R	K	N	Q	S	T	A	V	L	I	F	Y	W	H	M	C	P
0	0.01180	0.01016	0.03363	0.01203	0.01419	0.00990	0.04551	0.04667	0.09661	0.02295	0.19076	0.24708	0.06550	0.04706	0.06402	0.00333	0.03326	0.03214	0.00617	0.00724
1	0.08879	0.01405	0.01415	0.01268	0.01635	0.04973	0.00987	0.03020	0.42510	0.07810	0.11428	0.02970	0.06718	0.01014	0.00702	0.00228	0.00549	0.00830	0.00682	0.00976
2	0.03039	0.01334	0.01710	0.01311	0.01855	0.01244	0.01083	0.15917	0.02243	0.58743	0.02547	0.02241	0.01624	0.00859	0.00701	0.00215	0.00627	0.00688	0.00832	0.01187
3	0.01447	0.01240	0.01447	0.01034	0.01654	0.00930	0.00827	0.01757	0.01447	0.02274	0.01240	0.01447	0.01034	0.00517	0.00517	0.00103	0.00517	0.00413	0.00413	0.79742
4	0.00849	0.00708	0.00741	0.00733	0.00958	0.00600	0.00550	0.01049	0.01649	0.02023	0.16699	0.06488	0.61123	0.01716	0.00824	0.00233	0.00350	0.01441	0.00666	0.00600
5	0.08325	0.01910	0.02016	0.01555	0.02105	0.02120	0.01285	0.63927	0.03128	0.04305	0.01624	0.01636	0.01155	0.00824	0.00679	0.00210	0.00751	0.00610	0.00679	0.01155
6	0.00850	0.00607	0.00810	0.00972	0.01012	0.00567	0.00648	0.00972	0.01336	0.01781	0.03846	0.75020	0.04615	0.02186	0.00891	0.00283	0.00405	0.01984	0.00648	0.00567
7	0.01647	0.01882	0.04118	0.02941	0.03647	0.01765	0.68588	0.02235	0.01647	0.02235	0.01412	0.01882	0.01059	0.00588	0.00824	0.00235	0.01176	0.00824	0.00353	0.00941
8	0.80405	0.01350	0.01026	0.00918	0.01350	0.01565	0.00756	0.02051	0.01188	0.03131	0.00972	0.01134	0.00756	0.00648	0.00432	0.00216	0.00540	0.00378	0.00432	0.00756
9	0.02620	0.01825	0.01992	0.01547	0.02088	0.01995	0.01271	0.55233	0.09425	0.11878	0.01908	0.01842	0.01337	0.00851	0.00700	0.00213	0.00728	0.00652	0.00718	0.01179
10	0.00832	0.00707	0.00717	0.00714	0.00947	0.00592	0.00536	0.01015	0.01607	0.01925	0.09833	0.06651	0.68051	0.01753	0.00825	0.00235	0.00352	0.01464	0.00653	0.00592
11	0.02736	0.01760	0.01966	0.01514	0.02063	0.01883	0.01249	0.51380	0.05109	0.20110	0.01965	0.01869	0.01344	0.00847	0.00699	0.00212	0.00720	0.00651	0.00737	0.01184
12	0.02806	0.01282	0.01626	0.01293	0.01801	0.01220	0.01053	0.05624	0.17071	0.54178	0.02737	0.02403	0.01799	0.00881	0.00703	0.00220	0.00590	0.00719	0.00824	0.01169
13	0.01934	0.01485	0.01606	0.01409	0.01827	0.01676	0.01106	0.06669	0.59189	0.10689	0.02777	0.02535	0.02042	0.00932	0.00709	0.00233	0.00567	0.00772	0.00727	0.01118
14	0.00850	0.00607	0.00810	0.00972	0.01012	0.00567	0.00648	0.00972	0.01336	0.01781	0.03846	0.75020	0.04615	0.02186	0.00891	0.00283	0.00405	0.01984	0.00648	0.00567
15	0.00974	0.00713	0.00913	0.00863	0.01034	0.00652	0.00647	0.01290	0.01942	0.02719	0.65250	0.05343	0.12138	0.01456	0.00823	0.00221	0.00331	0.01280	0.00758	0.00652
16	0.08413	0.01769	0.01929	0.01488	0.02034	0.01910	0.01229	0.51865	0.02892	0.16701	0.01823	0.01765	0.01255	0.00829	0.00679	0.00211	0.00719	0.00624	0.00709	0.01155
17	0.00942	0.00646	0.00783	0.00855	0.00873	0.00628	0.00523	0.00996	0.01157	0.01543	0.02930	0.35831	0.03459	0.42953	0.02371	0.00502	0.00556	0.01445	0.00523	0.00487
18	0.01473	0.07115	0.63586	0.01978	0.02953	0.04126	0.04899	0.02225	0.01494	0.02165	0.01238	0.01463	0.00892	0.00659	0.00657	0.00217	0.01030	0.00518	0.00299	0.01014
19	0.01665	0.01595	0.02721	0.14752	0.61135	0.01642	0.02111	0.02088	0.01560	0.02205	0.01302	0.01747	0.01079	0.00633	0.00692	0.00211	0.00844	0.00622	0.00340	0.01056
20	0.01906	0.01584	0.01674	0.01455	0.01879	0.01815	0.01146	0.15795	0.57498	0.03194	0.02624	0.02431	0.01955	0.00926	0.00708	0.00232	0.00592	0.00759	0.00708	0.01120
21	0.00843	0.00699	0.00738	0.00746	0.00958	0.00594	0.00553	0.01030	0.01606	0.01965	0.12975	0.12386	0.58965	0.01770	0.00830	0.00238	0.00355	0.01496	0.00660	0.00594
22	0.06090	0.07685	0.16620	0.06071	0.14702	0.09791	0.05485	0.12434	0.04920	0.02516	0.03380	0.01688	0.01203	0.00738	0.00723	0.00212	0.03757	0.00587	0.00418	0.00981
23	0.01647	0.01882	0.04118	0.02941	0.03647	0.01765	0.68588	0.02235	0.01647	0.02235	0.01412	0.01882	0.01059	0.00588	0.00824	0.00235	0.01176	0.00824	0.00353	0.00941
24	0.00984	0.00730	0.01072	0.01088	0.01198	0.00833	0.00827	0.01208	0.01136	0.01621	0.02075	0.09703	0.02060	0.08741	0.62153	0.01018	0.01666	0.00879	0.00402	0.00607
25	0.06352	0.05057	0.04679	0.12090	0.28008	0.03759	0.12291	0.05887	0.01695	0.11306	0.01482	0.01768	0.01118	0.00674	0.00686	0.00214	0.00862	0.00631	0.00430	0.01011
26	0.01814	0.28192	0.32623	0.01702	0.02478	0.04746	0.07127	0.02321	0.01544	0.09444	0.01322	0.01472	0.00993	0.00658	0.00604	0.00195	0.00906	0.00508	0.00364	0.00985
27	0.01418	0.01413	0.02444	0.05074	0.02319	0.01645	0.22073	0.01718	0.01265	0.01813	0.01368	0.02159	0.01260	0.09355	0.13034	0.00448	0.29348	0.00741	0.00343	0.00761
28	0.00888	0.00631	0.00829	0.00945	0.00997	0.00600	0.00633	0.01022	0.01358	0.01832	0.10404	0.57464	0.04479	0.10154	0.03982	0.00352	0.00484	0.01757	0.00625	0.00563
29	0.02089	0.04410	0.04518	0.02330	0.23358	0.14301	0.01492	0.08657	0.10893	0.11886	0.05608	0.02145	0.03591	0.00812	0.00686	0.00208	0.00795	0.00672	0.00527	0.01022
30	0.01868	0.01739	0.02594	0.21781	0.19850	0.09199	0.14831	0.06202	0.04826	0.08045	0.01499	0.01834	0.01131	0.00694	0.00714	0.00219	0.00934	0.00657	0.00420	0.00965
31	0.01307	0.01169	0.01545	0.03817	0.01651	0.05362	0.06951	0.01734	0.09615	0.01789	0.01861	0.02829	0.01753	0.19593	0.27962	0.00666	0.08502	0.00785	0.00415	0.00694
32	0.10702	0.01748	0.07756	0.04959	0.21906	0.01669	0.13144	0.09014	0.01664	0.05644	0.01359	0.01686	0.01066	0.00820	0.02573	0.00241	0.07739	0.00616	0.00412	0.05280
33	0.06291	0.01961	0.10814	0.01648	0.06015	0.12691	0.03795	0.10879	0.10324	0.13996	0.02449	0.05303	0.08919	0.00937	0.00696	0.00218	0.00771	0.00757	0.00566	0.00970

[dist]
# distance from previous block
# <min> <max>
1	27

[block]
# block no. 2 follows, 30 sequences, length 34
# corresponding to MSA columns:
# 87-120
name=unknown_C
#
# <colnr> <probs for GDERKNQSTAVLIFYWHMCP>
#	G	D	E	R	K	N	Q	S	T	A	V	L	I	F	Y	W	H	M	C	P
0	0.01861	0.02413	0.29590	0.01700	0.02387	0.07211	0.06256	0.06386	0.10553	0.13252	0.04947	0.02147	0.04175	0.00812	0.00694	0.00216	0.00842	0.00669	0.00507	0.03381
1	0.01771	0.08223	0.15912	0.01795	0.07387	0.11963	0.05761	0.11392	0.10503	0.02429	0.02384	0.04410	0.11251	0.00918	0.00693	0.00213	0.00823	0.00750	0.00480	0.00942
2	0.01716	0.16420	0.04636	0.01958	0.16077	0.06499	0.03540	0.02063	0.03853	0.08386	0.05060	0.05121	0.08166	0.01196	0.05168	0.00268	0.07784	0.00743	0.00452	0.00892
3	0.08618	0.01521	0.14259	0.01297	0.03968	0.03380	0.01137	0.01780	0.04651	0.06561	0.05378	0.21560	0.12199	0.01254	0.00718	0.00225	0.00596	0.01063	0.00538	0.09295
4	0.01727	0.01658	0.02832	0.04283	0.71123	0.01658	0.02142	0.02142	0.01589	0.02280	0.01313	0.01727	0.01105	0.00622	0.00691	0.00207	0.00829	0.00622	0.00345	0.01105
5	0.06187	0.01048	0.01205	0.01156	0.01282	0.06694	0.00873	0.01413	0.01167	0.01674	0.01728	0.02775	0.01697	0.18236	0.42138	0.00826	0.08162	0.00741	0.00380	0.00619
6	0.05086	0.07367	0.20004	0.02172	0.09540	0.04689	0.18559	0.04558	0.01679	0.14208	0.01633	0.04572	0.01247	0.00737	0.00697	0.00217	0.00909	0.00678	0.00448	0.01000
7	0.02306	0.02182	0.02044	0.01700	0.02152	0.24597	0.07433	0.18526	0.18958	0.08015	0.01888	0.03865	0.01450	0.00843	0.00696	0.00212	0.00887	0.00671	0.00571	0.01005
8	0.01336	0.01258	0.02125	0.70790	0.07677	0.01555	0.01947	0.01798	0.01404	0.01804	0.01243	0.01855	0.00938	0.00694	0.00697	0.00231	0.00926	0.00620	0.00312	0.00789
9	0.01023	0.00658	0.00878	0.00982	0.01069	0.00607	0.00675	0.01174	0.01441	0.06783	0.09933	0.63483	0.04594	0.02023	0.00871	0.00273	0.00411	0.01827	0.00674	0.00619
10	0.11736	0.09325	0.06962	0.01448	0.01942	0.06665	0.08036	0.11791	0.04667	0.12781	0.11692	0.03942	0.04289	0.00895	0.00672	0.00211	0.00715	0.00735	0.00567	0.00928
11	0.08145	0.02045	0.08340	0.01594	0.02123	0.08299	0.03537	0.29786	0.22880	0.03340	0.01872	0.01865	0.01381	0.00821	0.00676	0.00217	0.00767	0.00638	0.00602	0.01073
12	0.00849	0.00613	0.00804	0.00956	0.01008	0.00568	0.00641	0.00973	0.01351	0.01788	0.04041	0.70897	0.08613	0.02161	0.00887	0.00281	0.00402	0.01953	0.00648	0.00568
13	0.01668	0.08611	0.05872	0.13614	0.12082	0.06741	0.12770	0.03936	0.16982	0.02285	0.04330	0.02194	0.04267	0.00788	0.00701	0.00218	0.00836	0.00710	0.00453	0.00946
14	0.01996	0.02504	0.18538	0.06712	0.09362	0.18699	0.14730	0.07094	0.03913	0.07647	0.01442	0.01668	0.01071	0.00697	0.00698	0.00213	0.01021	0.00607	0.00413	0.00977
15	0.01806	0.39816	0.19970	0.01369	0.02018	0.02094	0.01460	0.04430	0.04887	0.06885	0.01399	0.01522	0.01103	0.00677	0.00543	0.00179	0.00759	0.00485	0.07652	0.00947
16	0.01316	0.00949	0.01302	0.01246	0.01366	0.01090	0.00957	0.04155	0.01363	0.08256	0.02522	0.31084	0.02681	0.02579	0.19480	0.00493	0.16730	0.01200	0.00526	0.00706
17	0.04496	0.09870	0.12365	0.04556	0.16405	0.06242	0.07455	0.04187	0.09079	0.08635	0.01767	0.01938	0.04005	0.00777	0.00764	0.00216	0.05176	0.00638	0.00443	0.00985
18	0.04462	0.24189	0.24484	0.04413	0.02390	0.04302	0.04389	0.10383	0.05107	0.02338	0.01462	0.01913	0.01212	0.00768	0.00626	0.00206	0.00856	0.05144	0.00400	0.00956
19	0.01697	0.00885	0.01101	0.00984	0.01180	0.00849	0.00690	0.05040	0.01456	0.22210	0.02507	0.11664	0.02431	0.38366	0.05463	0.00494	0.00681	0.01001	0.00589	0.00710
20	0.01881	0.03684	0.02504	0.09204	0.23947	0.03106	0.11469	0.11601	0.13717	0.06636	0.01788	0.04278	0.01411	0.00776	0.00715	0.00220	0.00812	0.00720	0.00494	0.01038
21	0.04285	0.05206	0.09378	0.10783	0.06059	0.06219	0.05467	0.09152	0.16742	0.09451	0.04593	0.02318	0.05597	0.00852	0.00692	0.00219	0.00763	0.00710	0.00537	0.00976
22	0.01555	0.01462	0.02465	0.31439	0.36065	0.01586	0.04651	0.04535	0.01568	0.02139	0.01426	0.05372	0.01209	0.00735	0.00709	0.00222	0.00860	0.00696	0.00360	0.00945
23	0.01013	0.00682	0.00788	0.00788	0.00797	0.00691	0.00456	0.01032	0.01023	0.01373	0.02174	0.04430	0.02478	0.70217	0.08730	0.00710	0.00766	0.00995	0.00419	0.00438
24	0.01711	0.01825	0.11418	0.09379	0.37147	0.01612	0.09673	0.02208	0.03086	0.07019	0.01497	0.01966	0.01202	0.00723	0.00791	0.00224	0.04466	0.02642	0.00388	0.01023
25	0.08931	0.18861	0.31275	0.05143	0.02465	0.01798	0.04836	0.05520	0.01556	0.06713	0.01445	0.05909	0.01180	0.00759	0.00621	0.00209	0.00845	0.00597	0.00390	0.00949
26	0.00849	0.00613	0.00804	0.00956	0.01008	0.00568	0.00641	0.00973	0.01351	0.01788	0.04041	0.70897	0.08613	0.02161	0.00887	0.00281	0.00402	0.01953	0.00648	0.00568
27	0.01656	0.01585	0.02703	0.16447	0.59519	0.01639	0.02106	0.02079	0.01555	0.02193	0.01300	0.01750	0.01075	0.00635	0.00692	0.00212	0.00847	0.00621	0.00339	0.01048
28	0.01817	0.01715	0.09338	0.02598	0.20486	0.01477	0.21436	0.02392	0.07101	0.13756	0.01953	0.09321	0.01610	0.00840	0.00751	0.00228	0.00847	0.00835	0.00488	0.01009
29	0.01852	0.01902	0.08367	0.02578	0.16971	0.06968	0.25862	0.07571	0.01794	0.08727	0.01946	0.04940	0.05610	0.00792	0.00750	0.00222	0.00931	0.00787	0.00452	0.00978
30	0.01200	0.00833	0.01095	0.01054	0.01215	0.00930	0.00809	0.07511	0.01380	0.02035	0.02005	0.04940	0.01842	0.08715	0.46530	0.00814	0.01371	0.00775	0.14282	0.00665
31	0.02432	0.02923	0.01914	0.01738	0.02080	0.58109	0.01333	0.07541	0.02006	0.01942	0.01358	0.01909	0.01208	0.00858	0.00728	0.00200	0.03946	0.06547	0.00409	0.00820
32	0.01699	0.07971	0.35631	0.02087	0.05235	0.06617	0.14692	0.09853	0.01772	0.02421	0.04507	0.01716	0.01225	0.00702	0.00688	0.00214	0.00984	0.00611	0.00380	0.00993
33	0.06958	0.01839	0.04141	0.01422	0.01908	0.10695	0.01176	0.31293	0.04687	0.08668	0.04129	0.04555	0.04675	0.00915	0.00679	0.00205	0.00734	0.02451	0.00609	0.08263

[dist]
# distance from previous block
# <min> <max>
10	28

[block]
# block no. 3 follows, 30 sequences, length 11
# corresponding to MSA columns:
# 152-162
name=unknown_D
#
# <colnr> <probs for GDERKNQSTAVLIFYWHMCP>
#	G	D	E	R	K	N	Q	S	T	A	V	L	I	F	Y	W	H	M	C	P
0	0.05087	0.27931	0.27584	0.01529	0.02226	0.04558	0.01657	0.08563	0.06524	0.02324	0.04880	0.01622	0.01295	0.00718	0.00593	0.00195	0.00825	0.00527	0.00396	0.00966
1	0.07154	0.01670	0.01738	0.01437	0.01880	0.06318	0.03015	0.23586	0.26051	0.07223	0.02077	0.02194	0.01595	0.06455	0.00891	0.00249	0.00693	0.00687	0.00630	0.04458
2	0.01465	0.01161	0.04175	0.01096	0.01406	0.03539	0.00887	0.04458	0.13356	0.10472	0.20446	0.07349	0.18835	0.04481	0.00896	0.00250	0.00513	0.03728	0.00680	0.00806
3	0.01181	0.00869	0.01106	0.01126	0.01320	0.00869	0.00913	0.06248	0.05347	0.02493	0.25849	0.12523	0.07530	0.01651	0.00872	0.00268	0.00508	0.27934	0.00692	0.00701
4	0.02616	0.03060	0.02000	0.01761	0.02159	0.59020	0.01344	0.15569	0.02230	0.02229	0.01194	0.01339	0.00955	0.00742	0.00643	0.00186	0.01163	0.00484	0.00425	0.00882
5	0.01638	0.01622	0.02930	0.16734	0.46789	0.01658	0.14141	0.02093	0.01564	0.02181	0.01317	0.01780	0.01065	0.00630	0.00716	0.00217	0.00910	0.00658	0.00340	0.01015
6	0.01318	0.01240	0.02093	0.73798	0.04806	0.01550	0.01938	0.01783	0.01395	0.01783	0.01240	0.01860	0.00930	0.00698	0.00698	0.00233	0.00930	0.00620	0.00310	0.00775
7	0.06404	0.02374	0.01907	0.11835	0.05699	0.37628	0.01368	0.09722	0.01963	0.09202	0.01598	0.01751	0.04013	0.00780	0.00655	0.00200	0.00995	0.00567	0.00456	0.00886
8	0.05445	0.01036	0.01187	0.01076	0.01340	0.01097	0.00837	0.02065	0.19271	0.07005	0.27129	0.04195	0.17710	0.01282	0.00871	0.00233	0.05676	0.01056	0.00684	0.00806
9	0.30106	0.01518	0.01680	0.01379	0.01823	0.07527	0.08704	0.02389	0.07326	0.13209	0.04572	0.02035	0.01478	0.00805	0.00683	0.00216	0.03829	0.03258	0.00523	0.06941
10	0.19816	0.01663	0.01871	0.01611	0.04777	0.07634	0.08762	0.11220	0.19474	0.10371	0.04625	0.02002	0.01567	0.00802	0.00655	0.00219	0.00714	0.00654	0.00580	0.00984

[dist]
# distance from previous block
# <min> <max>
0	23

[block]
# block no. 4 follows, 30 sequences, length 9
# corresponding to MSA columns:
# 186-194
name=unknown_E
#
# <colnr> <probs for GDERKNQSTAVLIFYWHMCP>
#	G	D	E	R	K	N	Q	S	T	A	V	L	I	F	Y	W	H	M	C	P
0	0.03733	0.05046	0.02551	0.01943	0.02407	0.17262	0.23052	0.10950	0.03584	0.04780	0.01589	0.05132	0.01327	0.01367	0.10206	0.00335	0.02686	0.00720	0.00442	0.00889
1	0.06161	0.20723	0.05858	0.06109	0.03801	0.05589	0.10072	0.16191	0.01893	0.06420	0.01746	0.01900	0.05926	0.00789	0.00707	0.00204	0.03887	0.00623	0.00459	0.00944
2	0.11140	0.10137	0.02205	0.04608	0.02171	0.14405	0.10837	0.11314	0.03971	0.12240	0.01759	0.09015	0.01474	0.00868	0.00665	0.00212	0.00825	0.00718	0.00515	0.00919
3	0.11174	0.03825	0.04885	0.01736	0.09684	0.08443	0.01302	0.28089	0.04688	0.09277	0.01982	0.02034	0.06058	0.00957	0.02615	0.00234	0.00783	0.00645	0.00571	0.01018
4	0.28997	0.07296	0.02202	0.01589	0.02123	0.07496	0.14692	0.17295	0.01871	0.05103	0.01295	0.01469	0.00979	0.00682	0.00600	0.00206	0.00794	0.00542	0.00473	0.04297
5	0.01039	0.00830	0.01241	0.12290	0.08680	0.00851	0.01045	0.01265	0.01401	0.01866	0.03183	0.49111	0.03641	0.01776	0.00850	0.00272	0.00553	0.08879	0.00566	0.00661
6	0.01824	0.06790	0.01779	0.01251	0.01815	0.06721	0.01016	0.14964	0.08716	0.02661	0.01454	0.01570	0.01154	0.00643	0.00575	0.00146	0.00640	0.00492	0.00486	0.45303
7	0.01057	0.00821	0.01176	0.01439	0.09030	0.00833	0.00949	0.01349	0.04479	0.01906	0.03136	0.40259	0.03498	0.02466	0.13858	0.00430	0.00760	0.11314	0.00566	0.00673
8	0.00974	0.00709	0.00998	0.01027	0.01113	0.00780	0.00748	0.01153	0.01140	0.01599	0.02288	0.16152	0.02412	0.17803	0.46805	0.00887	0.01382	0.01021	0.00433	0.00575

[dist]
# distance from previous block
# <min> <max>
0	1

[block]
# block no. 5 follows, 30 sequences, length 92
# corresponding to MSA columns:
# 196-287
name=unknown_F
#
# <colnr> <probs for GDERKNQSTAVLIFYWHMCP>
#	G	D	E	R	K	N	Q	S	T	A	V	L	I	F	Y	W	H	M	C	P
0	0.01736	0.16638	0.22822	0.02119	0.02815	0.08894	0.24382	0.04211	0.01600	0.02094	0.01228	0.01532	0.00958	0.00669	0.00772	0.00213	0.05447	0.00595	0.00334	0.00942
1	0.80405	0.01350	0.01026	0.00918	0.01350	0.01565	0.00756	0.02051	0.01188	0.03131	0.00972	0.01134	0.00756	0.00648	0.00432	0.00216	0.00540	0.00378	0.00432	0.00756
2	0.00862	0.00616	0.00824	0.00986	0.01031	0.00577	0.00669	0.00993	0.01348	0.01795	0.03839	0.72033	0.04589	0.02175	0.00894	0.00285	0.00415	0.04851	0.00648	0.00570
3	0.01549	0.01749	0.06168	0.15948	0.10325	0.01652	0.43628	0.02087	0.01578	0.02139	0.01488	0.04049	0.01205	0.00692	0.00786	0.00235	0.01057	0.02392	0.00357	0.00913
4	0.01729	0.04489	0.02738	0.14168	0.52016	0.06464	0.04128	0.02133	0.01582	0.02143	0.01277	0.01697	0.01056	0.00637	0.00683	0.00208	0.00881	0.00607	0.00340	0.01024
5	0.01400	0.03610	0.71860	0.01989	0.03020	0.01621	0.02578	0.02210	0.01473	0.02210	0.01252	0.01473	0.00884	0.00663	0.00663	0.00221	0.01031	0.00516	0.00295	0.01031
6	0.01800	0.01981	0.03435	0.02551	0.03114	0.11477	0.48154	0.02263	0.01640	0.04747	0.01442	0.03974	0.01155	0.00727	0.00938	0.00235	0.08305	0.00781	0.00378	0.00904
7	0.02571	0.02053	0.02039	0.01609	0.02134	0.09132	0.01310	0.56779	0.08737	0.04007	0.01714	0.01712	0.01237	0.00835	0.00692	0.00209	0.00799	0.00624	0.00665	0.01142
8	0.00977	0.00731	0.00847	0.00826	0.01041	0.00643	0.00634	0.01222	0.01743	0.04432	0.29544	0.06121	0.40839	0.01628	0.00830	0.00235	0.00373	0.05999	0.00698	0.00637
9	0.00997	0.00669	0.00766	0.00784	0.00788	0.00665	0.00447	0.01010	0.01049	0.01399	0.02377	0.12173	0.02761	0.67563	0.03264	0.00634	0.00647	0.01119	0.00447	0.00438
10	0.01838	0.05808	0.30968	0.02207	0.05470	0.04347	0.22805	0.02426	0.01634	0.13490	0.01530	0.01734	0.01085	0.00670	0.00710	0.00219	0.00994	0.00637	0.00410	0.01017
11	0.01344	0.01267	0.02140	0.69414	0.08989	0.01557	0.01951	0.01806	0.01408	0.01814	0.01245	0.01852	0.00941	0.00693	0.00697	0.00231	0.00924	0.00620	0.00312	0.00796
12	0.72729	0.01384	0.01103	0.00975	0.01411	0.01601	0.00800	0.05110	0.04961	0.03176	0.01103	0.01236	0.00849	0.00672	0.00459	0.00217	0.00551	0.00411	0.00459	0.00794
13	0.02607	0.03326	0.01978	0.01798	0.02157	0.72674	0.01348	0.02787	0.01978	0.01708	0.01079	0.01258	0.00899	0.00719	0.00629	0.00180	0.01258	0.00449	0.00360	0.00809
14	0.02933	0.01407	0.01704	0.01332	0.01858	0.03764	0.01090	0.13758	0.07270	0.53387	0.02530	0.02242	0.01643	0.00861	0.00699	0.00215	0.00642	0.00688	0.00808	0.01168
15	0.01616	0.01794	0.03736	0.07949	0.06654	0.01778	0.54760	0.02149	0.01574	0.02155	0.01350	0.01842	0.01039	0.00655	0.00941	0.00240	0.07721	0.00781	0.00345	0.00921
16	0.00850	0.00607	0.00810	0.00972	0.01012	0.00567	0.00648	0.00972	0.01336	0.01781	0.03846	0.75020	0.04615	0.02186	0.00891	0.00283	0.00405	0.01984	0.00648	0.00567
17	0.01821	0.69038	0.10127	0.01269	0.01908	0.02653	0.01325	0.02101	0.01423	0.01696	0.00997	0.01153	0.00894	0.00603	0.00468	0.00156	0.00773	0.00387	0.00298	0.00908
18	0.01267	0.00976	0.01314	0.06622	0.01660	0.01100	0.01040	0.09320	0.05187	0.02127	0.02426	0.15066	0.02432	0.03018	0.30059	0.00615	0.03463	0.11075	0.00509	0.00724
19	0.00826	0.00703	0.00711	0.00717	0.00945	0.00588	0.00535	0.01000	0.01581	0.01881	0.06951	0.09226	0.68406	0.01783	0.00827	0.00237	0.00355	0.01492	0.00648	0.00588
20	0.00849	0.00612	0.00805	0.00960	0.01009	0.00568	0.00643	0.00973	0.01347	0.01786	0.03990	0.71981	0.07562	0.02168	0.00888	0.00281	0.00403	0.01961	0.00648	0.00568
21	0.01465	0.03174	0.55199	0.02294	0.06790	0.01650	0.15185	0.02211	0.01513	0.02219	0.01286	0.01565	0.00929	0.00646	0.00695	0.00223	0.01048	0.00580	0.00309	0.01018
22	0.01124	0.00803	0.01124	0.01285	0.01446	0.00803	0.01124	0.01446	0.01606	0.02088	0.03695	0.07871	0.04016	0.01928	0.00964	0.00321	0.00643	0.66426	0.00643	0.00643
23	0.80405	0.01350	0.01026	0.00918	0.01350	0.01565	0.00756	0.02051	0.01188	0.03131	0.00972	0.01134	0.00756	0.00648	0.00432	0.00216	0.00540	0.00378	0.00432	0.00756
24	0.01611	0.01685	0.03507	0.02569	0.03149	0.01642	0.52989	0.02116	0.01556	0.04772	0.01493	0.01992	0.01166	0.01248	0.10348	0.00355	0.05736	0.00796	0.00372	0.00898
25	0.01783	0.02484	0.20304	0.02476	0.03206	0.11840	0.40098	0.02355	0.01666	0.04934	0.01379	0.01713	0.01020	0.00636	0.00752	0.00223	0.01129	0.00690	0.00360	0.00954
26	0.02653	0.01955	0.02094	0.01606	0.02164	0.02164	0.01326	0.68796	0.03281	0.04398	0.01675	0.01675	0.01187	0.00838	0.00698	0.00209	0.00768	0.00628	0.00698	0.01187
27	0.00876	0.00618	0.00802	0.00938	0.00972	0.00584	0.00612	0.00978	0.01285	0.01714	0.03585	0.63864	0.04286	0.13791	0.01312	0.00346	0.00448	0.01830	0.00612	0.00544
28	0.04211	0.29293	0.32441	0.01680	0.02412	0.09499	0.04376	0.02202	0.01488	0.01962	0.01117	0.01331	0.00894	0.00664	0.00646	0.00195	0.03875	0.00469	0.00310	0.00936
29	0.01909	0.66262	0.06631	0.01283	0.01879	0.08804	0.01271	0.02156	0.01469	0.01674	0.00993	0.01148	0.00895	0.00611	0.00473	0.00155	0.00804	0.00386	0.00304	0.00894
30	0.00859	0.00711	0.00758	0.00786	0.01001	0.00611	0.00602	0.01048	0.01577	0.01901	0.06507	0.11041	0.59552	0.01810	0.00844	0.00248	0.00388	0.08517	0.00647	0.00594
31	0.00957	0.00732	0.00890	0.00907	0.01098	0.00665	0.00718	0.01225	0.01741	0.02281	0.30558	0.06412	0.30759	0.01675	0.00857	0.00249	0.00412	0.16543	0.00693	0.00628
32	0.01488	0.15764	0.55296	0.01843	0.02727	0.01851	0.02268	0.02152	0.01435	0.02076	0.01180	0.01417	0.00888	0.00691	0.00742	0.00215	0.06184	0.00498	0.00296	0.00989
33	0.01647	0.01882	0.04118	0.02941	0.03647	0.01765	0.68588	0.02235	0.01647	0.02235	0.01412	0.01882	0.01059	0.00588	0.00824	0.00235	0.01176	0.00824	0.00353	0.00941
34	0.02530	0.03198	0.01989	0.01800	0.02134	0.67651	0.01361	0.02708	0.01913	0.01706	0.01067	0.01278	0.00900	0.00755	0.00747	0.00189	0.06453	0.00461	0.00356	0.00806
35	0.01811	0.01669	0.07316	0.13065	0.18215	0.01653	0.14320	0.02268	0.03571	0.12905	0.01513	0.01848	0.01148	0.00789	0.01016	0.00238	0.14595	0.00668	0.00422	0.00970
36	0.00868	0.00705	0.00769	0.00761	0.00971	0.00606	0.00568	0.01081	0.01680	0.02116	0.23306	0.08882	0.51862	0.01695	0.00827	0.00233	0.00349	0.01438	0.00679	0.00606
37	0.00849	0.00611	0.00806	0.00962	0.01010	0.00568	0.00643	0.00973	0.01345	0.01785	0.03965	0.72510	0.07049	0.02171	0.00888	0.00282	0.00403	0.01965	0.00648	0.00568
38	0.01673	0.09521	0.10826	0.08530	0.04832	0.04468	0.27286	0.09273	0.01719	0.02282	0.01587	0.09384	0.01389	0.00828	0.00784	0.00226	0.03275	0.00799	0.00404	0.00913
39	0.01727	0.01591	0.02707	0.16781	0.45745	0.01646	0.08049	0.04581	0.03616	0.04703	0.01416	0.01812	0.01123	0.00659	0.00705	0.00216	0.00861	0.00648	0.00381	0.01035
40	0.01246	0.00778	0.01028	0.01012	0.01211	0.00720	0.00798	0.01532	0.01795	0.10607	0.35240	0.13208	0.10063	0.01583	0.00848	0.00251	0.00442	0.16209	0.00729	0.00702
41	0.01721	0.02058	0.12754	0.02696	0.03433	0.01693	0.55188	0.02315	0.01649	0.07172	0.01487	0.01864	0.01084	0.00618	0.00794	0.00232	0.01116	0.00775	0.00382	0.00970
42	0.01949	0.43556	0.10177	0.05385	0.02283	0.06793	0.06493	0.09816	0.01707	0.04288	0.01191	0.01365	0.00968	0.00652	0.00560	0.00178	0.00848	0.00479	0.00370	0.00943
43	0.01560	0.01581	0.02927	0.27304	0.19696	0.01664	0.25005	0.02175	0.06899	0.02145	0.01442	0.01895	0.01110	0.00662	0.00741	0.00228	0.00962	0.00704	0.00365	0.00936
44	0.01096	0.00783	0.01092	0.01252	0.01400	0.00778	0.01075	0.01396	0.01578	0.02056	0.03711	0.14907	0.04079	0.01955	0.00956	0.00317	0.00618	0.59674	0.00643	0.00635
45	0.02019	0.01627	0.01897	0.01554	0.02008	0.01799	0.05955	0.29606	0.31372	0.03408	0.05954	0.05631	0.02026	0.00960	0.00728	0.00227	0.00665	0.00807	0.00680	0.01078
46	0.07637	0.01965	0.02372	0.09427	0.31408	0.14508	0.03816	0.15847	0.01960	0.02623	0.01317	0.01607	0.01042	0.00691	0.00668	0.00207	0.00893	0.00581	0.00423	0.01008
47	0.14890	0.01805	0.01864	0.01474	0.01993	0.02018	0.01210	0.50509	0.10814	0.04022	0.01701	0.01699	0.01230	0.00820	0.00657	0.00214	0.00706	0.00607	0.00657	0.01109
48	0.00882	0.00630	0.00847	0.01009	0.01063	0.00595	0.00704	0.01027	0.01368	0.01817	0.03828	0.67122	0.04545	0.02156	0.00899	0.00288	0.00433	0.09563	0.00647	0.00576
49	0.01411	0.01376	0.02352	0.51946	0.04153	0.01653	0.11242	0.01952	0.05520	0.01904	0.01327	0.01874	0.01019	0.00752	0.00882	0.00241	0.08581	0.00658	0.00340	0.00817
50	0.01673	0.01433	0.01524	0.01375	0.01750	0.01646	0.01067	0.03509	0.64196	0.02909	0.08509	0.02821	0.02502	0.00987	0.00719	0.00235	0.00534	0.00828	0.00715	0.01067
51	0.00850	0.00607	0.00810	0.00972	0.01012	0.00567	0.00648	0.00972	0.01336	0.01781	0.03846	0.75020	0.04615	0.02186	0.00891	0.00283	0.00405	0.01984	0.00648	0.00567
52	0.66119	0.01639	0.01206	0.01080	0.01484	0.11757	0.00871	0.02142	0.01296	0.02869	0.00985	0.01167	0.00783	0.00681	0.00535	0.00214	0.03594	0.00397	0.00416	0.00764
53	0.00975	0.00712	0.00917	0.00881	0.01046	0.00654	0.00663	0.01285	0.01913	0.02674	0.61667	0.07823	0.11224	0.01493	0.00830	0.00226	0.00343	0.03272	0.00751	0.00650
54	0.02653	0.01955	0.02094	0.01606	0.02164	0.02164	0.01326	0.68796	0.03281	0.04398	0.01675	0.01675	0.01187	0.00838	0.00698	0.00209	0.00768	0.00628	0.00698	0.01187
55	0.01835	0.20932	0.31371	0.01842	0.02570	0.19451	0.08437	0.02326	0.01601	0.01950	0.01157	0.01375	0.00908	0.00653	0.00618	0.00195	0.01032	0.00495	0.00317	0.00935
56	0.13903	0.07486	0.29066	0.03516	0.02600	0.01749	0.11763	0.12223	0.01758	0.07576	0.01384	0.01562	0.00998	0.00686	0.00646	0.00216	0.00885	0.00563	0.00426	0.00994
57	0.01736	0.01499	0.01578	0.01420	0.01815	0.01736	0.01105	0.03708	0.69862	0.02919	0.02840	0.02604	0.02130	0.00947	0.00710	0.00237	0.00552	0.00789	0.00710	0.01105
58	0.00825	0.00707	0.00707	0.00707	0.00943	0.00589	0.00530	0.01001	0.01591	0.01885	0.07069	0.06716	0.70839	0.01767	0.00825	0.00236	0.00353	0.01473	0.00648	0.00589
59	0.01914	0.12359	0.12862	0.01936	0.02488	0.10331	0.17628	0.06319	0.07834	0.07261	0.01463	0.01684	0.01126	0.00769	0.00898	0.00221	0.10910	0.00620	0.00421	0.00955
60	0.01909	0.01813	0.04758	0.13411	0.15928	0.10226	0.03434	0.20739	0.04346	0.02670	0.01716	0.05034	0.01486	0.04286	0.00846	0.00242	0.00853	0.04866	0.00485	0.00952
61	0.00849	0.00708	0.00740	0.00732	0.00957	0.00599	0.00549	0.01048	0.01647	0.02020	0.16491	0.06493	0.61334	0.01717	0.00824	0.00233	0.00350	0.01442	0.00666	0.00599
62	0.08150	0.03112	0.01916	0.01725	0.02100	0.63831	0.01305	0.06272	0.01991	0.01953	0.01103	0.01272	0.00904	0.00720	0.00619	0.00184	0.01181	0.00454	0.00383	0.00825
63	0.01687	0.01548	0.02503	0.27606	0.41259	0.01675	0.01986	0.09117	0.01703	0.02337	0.01327	0.01767	0.01055	0.00671	0.00694	0.00216	0.00857	0.00622	0.00371	0.01002
64	0.01329	0.01256	0.02095	0.69942	0.04647	0.01582	0.01916	0.01777	0.01378	0.01777	0.01223	0.01843	0.00929	0.00726	0.00783	0.00236	0.04857	0.00620	0.00310	0.00775
65	0.01169	0.00736	0.00972	0.00936	0.01109	0.00674	0.00693	0.01444	0.01827	0.09432	0.48253	0.21320	0.05637	0.01549	0.00827	0.00234	0.00373	0.01376	0.00749	0.00690
66	0.01066	0.00746	0.00909	0.01012	0.05772	0.00746	0.00545	0.01095	0.01056	0.01419	0.02136	0.04364	0.02435	0.70145	0.03348	0.00643	0.00687	0.00987	0.00417	0.00471
67	0.01701	0.01628	0.02727	0.07267	0.62926	0.01674	0.02071	0.02164	0.04026	0.02257	0.01349	0.01757	0.01127	0.00660	0.00753	0.00213	0.03639	0.00627	0.00355	0.01077
68	0.01900	0.72575	0.03580	0.01222	0.01808	0.05960	0.01201	0.02121	0.01444	0.01645	0.00975	0.01126	0.00896	0.00603	0.00456	0.00151	0.00770	0.00377	0.00301	0.00892
69	0.01727	0.01658	0.02832	0.04283	0.71123	0.01658	0.02142	0.02142	0.01589	0.02280	0.01313	0.01727	0.01105	0.00622	0.00691	0.00207	0.00829	0.00622	0.00345	0.01105
70	0.01069	0.00687	0.00897	0.00977	0.01075	0.00643	0.00687	0.01222	0.01427	0.06814	0.09120	0.47044	0.06233	0.11291	0.01214	0.00325	0.00467	0.07556	0.00644	0.00608
71	0.00850	0.00708	0.00742	0.00733	0.00958	0.00600	0.00550	0.01050	0.01650	0.02026	0.16898	0.06484	0.60922	0.01715	0.00824	0.00233	0.00350	0.01440	0.00667	0.00600
72	0.01015	0.00677	0.00761	0.00761	0.00761	0.00677	0.00423	0.01015	0.01015	0.01353	0.02199	0.04567	0.02537	0.75476	0.03552	0.00677	0.00677	0.01015	0.00423	0.00423
73	0.01160	0.00635	0.00941	0.00941	0.00971	0.00653	0.00651	0.00973	0.00970	0.01308	0.01528	0.02388	0.03658	0.02908	0.15266	0.62864	0.00825	0.00661	0.00327	0.00370
74	0.01139	0.00901	0.00970	0.00909	0.01152	0.00871	0.00684	0.08468	0.07337	0.02286	0.12491	0.07799	0.39955	0.08944	0.01080	0.00279	0.00453	0.02946	0.00649	0.00686
75	0.17525	0.01259	0.01495	0.01189	0.01682	0.01211	0.00975	0.09590	0.01936	0.46995	0.02493	0.04840	0.03926	0.00899	0.00661	0.00218	0.00586	0.00705	0.00750	0.01063
76	0.00874	0.00620	0.00816	0.00964	0.01005	0.00584	0.00644	0.00991	0.01317	0.01754	0.03698	0.66619	0.04414	0.08559	0.01125	0.00319	0.00437	0.04075	0.00628	0.00557
77	0.01174	0.00780	0.00898	0.00873	0.01045	0.00737	0.00615	0.01455	0.06336	0.07846	0.11415	0.15252	0.22804	0.20959	0.01519	0.00352	0.00477	0.01260	0.03565	0.00640
78	0.00867	0.00609	0.00804	0.00959	0.01005	0.00570	0.00642	0.00997	0.01341	0.01813	0.03786	0.72241	0.04507	0.02134	0.00875	0.00279	0.00402	0.01933	0.03668	0.00570
79	0.00952	0.00677	0.00913	0.01065	0.01143	0.00653	0.00795	0.01133	0.01408	0.01860	0.03700	0.48396	0.04294	0.06323	0.01069	0.00319	0.00500	0.23582	0.00633	0.00584
80	0.00930	0.00669	0.00773	0.00809	0.00883	0.00629	0.00519	0.01023	0.01289	0.01679	0.08563	0.22390	0.18442	0.35901	0.02101	0.00450	0.00514	0.01372	0.00552	0.00512
81	0.01112	0.00767	0.00941	0.00948	0.01121	0.00719	0.00689	0.03378	0.04401	0.06502	0.22022	0.33410	0.17877	0.01730	0.00835	0.00249	0.00403	0.01524	0.00697	0.00674
82	0.71924	0.01386	0.01124	0.00979	0.01424	0.01587	0.00807	0.06848	0.01367	0.05839	0.01090	0.01220	0.00824	0.00670	0.00461	0.00215	0.00558	0.00408	0.00467	0.00803
83	0.01012	0.00729	0.00879	0.00927	0.01065	0.00693	0.00709	0.01213	0.01479	0.01941	0.11147	0.06185	0.21040	0.21097	0.01571	0.00375	0.00529	0.22636	0.04201	0.00573
84	0.00997	0.00748	0.01121	0.01121	0.01246	0.00872	0.00872	0.01246	0.01121	0.01620	0.01869	0.02741	0.01745	0.05234	0.72710	0.01121	0.01869	0.00748	0.00374	0.00623
85	0.00971	0.00683	0.00886	0.00932	0.00982	0.00708	0.00627	0.01082	0.01143	0.01558	0.02564	0.21936	0.02879	0.34917	0.22444	0.00693	0.00946	0.03054	0.00472	0.00522
86	0.01075	0.00734	0.00934	0.00877	0.01067	0.00665	0.00660	0.01372	0.01900	0.06322	0.55853	0.07791	0.15172	0.01471	0.00819	0.00224	0.00349	0.01287	0.00752	0.00674
87	0.00935	0.00727	0.00992	0.01040	0.01165	0.00688	0.03690	0.01159	0.03457	0.01881	0.06235	0.48044	0.15385	0.04062	0.03822	0.00316	0.00509	0.04661	0.00623	0.00608
88	0.01688	0.01618	0.02762	0.10935	0.64777	0.01648	0.02122	0.02107	0.01570	0.02232	0.01306	0.01740	0.01089	0.00629	0.00691	0.00210	0.00839	0.00622	0.00342	0.01074
89	0.01079	0.00628	0.00879	0.00914	0.00948	0.00620	0.00617	0.00960	0.01071	0.01420	0.02302	0.18221	0.07021	0.07209	0.07227	0.46424	0.00639	0.00998	0.00414	0.00410
90	0.00911	0.00633	0.00792	0.00894	0.00920	0.00607	0.00565	0.00988	0.01218	0.01624	0.03240	0.49098	0.03851	0.29152	0.01870	0.00428	0.00505	0.01627	0.00565	0.00514
91	0.13574	0.01283	0.01955	0.57233	0.06450	0.01580	0.01746	0.01833	0.01357	0.02005	0.01188	0.01730	0.00909	0.00708	0.00720	0.00232	0.03802	0.00582	0.00330	0.00783

[dist]
# distance from previous block
# <min> <max>
0	0

# created by:
# /home/berkeley/.conda/envs/busco_data_prod/bin/msa2prfl.pl pipeline/OGs_align_augustus/4893/35730.fs
