[name]
unknown

[dist]
# distance from previous block
# <min> <max>
10	85

[block]
# block no. 0 follows, 33 sequences, length 27
# corresponding to MSA columns:
# 113-139
name=unknown_A
#
# <colnr> <probs for GDERKNQSTAVLIFYWHMCP>
#	G	D	E	R	K	N	Q	S	T	A	V	L	I	F	Y	W	H	M	C	P
0	0.05879	0.01573	0.06630	0.02169	0.22967	0.04329	0.04908	0.11334	0.05845	0.09451	0.09932	0.02304	0.01850	0.00799	0.00663	0.00202	0.00693	0.03617	0.00502	0.04354
1	0.01649	0.04579	0.17932	0.02417	0.27168	0.07299	0.03763	0.05590	0.03288	0.05383	0.03409	0.05917	0.01354	0.00727	0.00640	0.00194	0.00787	0.00632	0.00395	0.06879
2	0.01988	0.21208	0.10765	0.01564	0.07273	0.04337	0.01337	0.24293	0.01985	0.07888	0.01424	0.03831	0.01129	0.00710	0.00583	0.00177	0.00726	0.00541	0.00468	0.07775
3	0.01697	0.15401	0.14246	0.02106	0.18503	0.01715	0.06660	0.13764	0.04879	0.04310	0.01587	0.09302	0.01386	0.00795	0.00637	0.00199	0.00755	0.00686	0.00426	0.00947
4	0.04096	0.04442	0.18958	0.03870	0.07621	0.01564	0.01466	0.13869	0.19592	0.06987	0.01779	0.04044	0.01363	0.00762	0.00631	0.00201	0.00696	0.00618	0.00501	0.06941
5	0.04974	0.03748	0.03574	0.01336	0.04706	0.01079	0.08435	0.07342	0.01732	0.14286	0.19568	0.10138	0.09412	0.01062	0.00699	0.00205	0.00553	0.00935	0.00592	0.05624
6	0.01035	0.00849	0.00860	0.00830	0.01051	0.04436	0.00622	0.01326	0.05590	0.04937	0.18356	0.11042	0.43647	0.01507	0.00762	0.00220	0.00397	0.01273	0.00631	0.00628
7	0.01370	0.01122	0.01299	0.00986	0.01462	0.00920	0.00764	0.07065	0.01452	0.02177	0.01484	0.07285	0.01392	0.08924	0.00838	0.00177	0.00515	0.00578	0.00429	0.59758
8	0.01381	0.01603	0.12670	0.27804	0.14591	0.01436	0.07629	0.04300	0.08038	0.02128	0.07852	0.02182	0.04012	0.00755	0.00678	0.00213	0.00788	0.00684	0.00397	0.00858
9	0.01797	0.16476	0.32600	0.01642	0.04612	0.07964	0.01707	0.11856	0.01704	0.08372	0.01400	0.04522	0.01099	0.00716	0.00603	0.00193	0.00840	0.00547	0.00400	0.00949
10	0.01243	0.01170	0.01975	0.75282	0.04534	0.01463	0.01828	0.01682	0.01316	0.01682	0.01170	0.01755	0.00878	0.00658	0.00658	0.00219	0.00878	0.00585	0.00293	0.00731
11	0.00857	0.00689	0.00767	0.00752	0.00949	0.00611	0.00562	0.01122	0.03842	0.02087	0.27916	0.08735	0.45660	0.01554	0.00777	0.00219	0.00334	0.01324	0.00650	0.00592
12	0.04856	0.03719	0.08891	0.01202	0.01558	0.04381	0.01039	0.09203	0.17285	0.04363	0.13819	0.14195	0.07444	0.01164	0.00703	0.00220	0.00562	0.03993	0.00587	0.00816
13	0.01816	0.01884	0.02113	0.16962	0.18691	0.23411	0.04392	0.02111	0.01516	0.05834	0.01222	0.01589	0.00992	0.00932	0.04610	0.00250	0.09942	0.00554	0.00348	0.00832
14	0.05397	0.01217	0.01554	0.01207	0.01706	0.01134	0.00993	0.10169	0.05967	0.59729	0.02442	0.02146	0.01568	0.00810	0.00654	0.00204	0.00573	0.00650	0.00777	0.01102
15	0.00869	0.00653	0.00804	0.00803	0.00954	0.00588	0.00588	0.01106	0.01659	0.02242	0.42897	0.18495	0.22808	0.01560	0.00789	0.00222	0.00330	0.01367	0.00675	0.00588
16	0.06528	0.14056	0.23696	0.01836	0.05568	0.03116	0.15360	0.07247	0.08666	0.02261	0.01572	0.01739	0.04121	0.00685	0.00624	0.00200	0.00833	0.00592	0.00383	0.00919
17	0.01609	0.02337	0.28713	0.02334	0.06045	0.01618	0.34167	0.08150	0.01640	0.04961	0.01343	0.01630	0.00976	0.00612	0.00702	0.00213	0.00992	0.00643	0.00360	0.00954
18	0.00801	0.00577	0.00760	0.00906	0.00952	0.00536	0.00606	0.00918	0.01271	0.01685	0.03762	0.73366	0.07337	0.02045	0.00838	0.00265	0.00380	0.01850	0.00611	0.00536
19	0.03561	0.01534	0.01996	0.17897	0.09196	0.09645	0.10979	0.06303	0.15765	0.02179	0.02106	0.02311	0.08662	0.00981	0.03812	0.00247	0.00826	0.00710	0.00444	0.00848
20	0.01640	0.01873	0.11030	0.03650	0.60415	0.05712	0.02027	0.02063	0.01507	0.02112	0.01219	0.01576	0.01007	0.00596	0.00645	0.00196	0.00828	0.00565	0.00321	0.01019
21	0.00949	0.00672	0.00891	0.00891	0.00951	0.00732	0.00615	0.01069	0.01009	0.01405	0.01916	0.03431	0.02013	0.40218	0.39475	0.00852	0.01211	0.00829	0.00375	0.00495
22	0.01249	0.01291	0.10957	0.01206	0.01539	0.01069	0.02655	0.04043	0.19961	0.04168	0.14634	0.20668	0.08409	0.01293	0.00742	0.00231	0.00525	0.03973	0.00600	0.00788
23	0.04668	0.18858	0.09052	0.01725	0.10021	0.04637	0.03221	0.23043	0.08091	0.08303	0.01481	0.01552	0.01113	0.00695	0.00595	0.00188	0.00740	0.00537	0.00484	0.00995
24	0.01953	0.03731	0.10946	0.08358	0.23819	0.06455	0.03900	0.19322	0.04000	0.08963	0.01457	0.01639	0.01085	0.00682	0.00647	0.00199	0.00807	0.00577	0.00455	0.01007
25	0.03594	0.01851	0.11384	0.06463	0.29241	0.04727	0.11987	0.08467	0.01624	0.04649	0.01281	0.01588	0.01000	0.00642	0.00719	0.00201	0.04222	0.00582	0.00371	0.05407
26	0.15782	0.08614	0.11615	0.01955	0.14870	0.07811	0.09314	0.03928	0.06704	0.05967	0.01344	0.01529	0.01036	0.00638	0.00584	0.00192	0.00767	0.00528	0.02507	0.04313

[dist]
# distance from previous block
# <min> <max>
9	20

[block]
# block no. 1 follows, 33 sequences, length 20
# corresponding to MSA columns:
# 164-183
name=unknown_B
#
# <colnr> <probs for GDERKNQSTAVLIFYWHMCP>
#	G	D	E	R	K	N	Q	S	T	A	V	L	I	F	Y	W	H	M	C	P
0	0.04129	0.34081	0.24992	0.01447	0.02116	0.05337	0.01548	0.13639	0.01680	0.03803	0.01153	0.01282	0.00902	0.00633	0.00539	0.00176	0.00805	0.00445	0.00362	0.00930
1	0.01374	0.15406	0.58462	0.01703	0.02569	0.01662	0.02131	0.02026	0.01404	0.02024	0.04564	0.01505	0.01094	0.00650	0.00599	0.00197	0.00897	0.00498	0.00300	0.00935
2	0.00932	0.00788	0.04337	0.00994	0.01111	0.00675	0.00737	0.05073	0.01399	0.01885	0.06257	0.65452	0.04072	0.01889	0.00817	0.00258	0.00427	0.01701	0.00603	0.00594
3	0.06352	0.12741	0.07711	0.01651	0.09748	0.16983	0.01262	0.06730	0.15274	0.02248	0.07020	0.06201	0.01721	0.00825	0.00615	0.00194	0.00742	0.00650	0.00459	0.00873
4	0.14999	0.01675	0.04893	0.14723	0.27043	0.07540	0.07686	0.07404	0.01574	0.04636	0.01233	0.01541	0.00958	0.00632	0.00618	0.00202	0.00811	0.00551	0.00376	0.00905
5	0.01862	0.16049	0.02775	0.01811	0.02332	0.04780	0.25879	0.16872	0.01838	0.07750	0.01552	0.06149	0.01276	0.00975	0.04900	0.00249	0.00904	0.00694	0.00448	0.00904
6	0.00918	0.00640	0.00826	0.00876	0.00987	0.00590	0.00626	0.01111	0.01504	0.03950	0.27010	0.38374	0.11311	0.04179	0.00893	0.00255	0.00376	0.04345	0.00648	0.00580
7	0.01749	0.02118	0.10491	0.02408	0.03049	0.10711	0.47129	0.09842	0.01749	0.02273	0.01305	0.01642	0.00977	0.00604	0.00725	0.00211	0.01062	0.00683	0.00365	0.00907
8	0.00802	0.00573	0.00764	0.00917	0.00955	0.00535	0.00611	0.00917	0.01260	0.01681	0.03628	0.76434	0.04354	0.02062	0.00840	0.00267	0.00382	0.01872	0.00611	0.00535
9	0.00791	0.00662	0.00689	0.00694	0.00900	0.00560	0.00516	0.00966	0.01515	0.01840	0.11627	0.10338	0.63314	0.01665	0.00782	0.00224	0.00335	0.01402	0.00620	0.00560
10	0.01670	0.00850	0.01102	0.00952	0.01224	0.00774	0.00730	0.01966	0.04015	0.27678	0.32853	0.06216	0.06759	0.09020	0.01002	0.00254	0.00444	0.00993	0.00713	0.00785
11	0.01106	0.00861	0.01027	0.00952	0.01165	0.00877	0.00724	0.01804	0.19529	0.02640	0.52497	0.04341	0.07392	0.01242	0.00749	0.00212	0.00365	0.01084	0.00707	0.00726
12	0.02466	0.02944	0.01882	0.01669	0.02036	0.63410	0.01269	0.12804	0.02050	0.01991	0.01102	0.01246	0.00889	0.00695	0.00603	0.00174	0.01118	0.00449	0.00387	0.00817
13	0.02129	0.02052	0.01677	0.01558	0.05308	0.31712	0.01146	0.07377	0.18084	0.11215	0.09324	0.02064	0.01820	0.00820	0.00647	0.00194	0.00808	0.00630	0.00538	0.00896
14	0.01556	0.07260	0.13721	0.13716	0.23287	0.01653	0.01690	0.04373	0.21549	0.02254	0.01618	0.01804	0.01248	0.00696	0.00637	0.00205	0.00746	0.00598	0.00418	0.00971
15	0.02471	0.01719	0.01884	0.01440	0.01969	0.01844	0.01187	0.58453	0.02843	0.11430	0.01661	0.01636	0.01164	0.00772	0.00647	0.00191	0.00690	0.00586	0.00656	0.06758
16	0.00953	0.00654	0.00799	0.00799	0.00826	0.00682	0.00499	0.01009	0.00981	0.01336	0.02001	0.03900	0.02216	0.59825	0.20147	0.00738	0.00905	0.00898	0.00388	0.00444
17	0.01952	0.01570	0.01665	0.01403	0.01832	0.01784	0.01118	0.27852	0.46702	0.03261	0.02280	0.02138	0.01686	0.00856	0.00666	0.00214	0.00595	0.00689	0.00666	0.01070
18	0.54633	0.05082	0.12464	0.01394	0.09240	0.01562	0.01153	0.03996	0.01271	0.02705	0.01012	0.01193	0.00785	0.00614	0.00475	0.00201	0.00625	0.00408	0.00380	0.00806
19	0.02253	0.01804	0.01760	0.01410	0.01891	0.12089	0.01133	0.34631	0.13708	0.09902	0.01723	0.01702	0.01255	0.00754	0.00629	0.00185	0.00712	0.00574	0.00595	0.11290

[dist]
# distance from previous block
# <min> <max>
0	1

[block]
# block no. 2 follows, 33 sequences, length 52
# corresponding to MSA columns:
# 185-236
name=unknown_C
#
# <colnr> <probs for GDERKNQSTAVLIFYWHMCP>
#	G	D	E	R	K	N	Q	S	T	A	V	L	I	F	Y	W	H	M	C	P
0	0.07834	0.01542	0.02540	0.03794	0.67205	0.01557	0.01919	0.02014	0.01470	0.02213	0.01213	0.01586	0.01017	0.00588	0.00633	0.00196	0.00761	0.00569	0.00332	0.01017
1	0.02030	0.07159	0.02082	0.04287	0.05568	0.28148	0.08096	0.15248	0.05268	0.04202	0.06532	0.01959	0.04975	0.00784	0.00645	0.00190	0.00876	0.00623	0.00462	0.00864
2	0.00945	0.00633	0.00722	0.00734	0.00737	0.00630	0.00416	0.00954	0.00981	0.01309	0.02198	0.10053	0.02550	0.70906	0.03151	0.00609	0.00618	0.01030	0.00416	0.00410
3	0.01629	0.01564	0.02672	0.04041	0.72757	0.01564	0.02020	0.02020	0.01499	0.02151	0.01238	0.01629	0.01043	0.00587	0.00652	0.00196	0.00782	0.00587	0.00326	0.01043
4	0.01175	0.00937	0.01119	0.00975	0.01304	0.00795	0.00728	0.05956	0.01441	0.02065	0.02472	0.34214	0.05126	0.01237	0.00663	0.00183	0.00452	0.01085	0.00513	0.37560
5	0.01606	0.01502	0.02446	0.10047	0.56862	0.01552	0.01865	0.04484	0.06975	0.02214	0.01415	0.03560	0.01188	0.00661	0.00659	0.00202	0.00758	0.00631	0.00368	0.01005
6	0.00906	0.00718	0.01122	0.01141	0.01257	0.00675	0.08027	0.01085	0.01316	0.01753	0.03372	0.61978	0.03946	0.01880	0.00840	0.00266	0.00480	0.08078	0.00581	0.00579
7	0.00934	0.00636	0.00786	0.00833	0.00922	0.00591	0.00561	0.01064	0.01335	0.04416	0.13753	0.36815	0.13383	0.19231	0.01399	0.00336	0.00431	0.01448	0.00586	0.00541
8	0.01990	0.22995	0.02274	0.01666	0.11441	0.17564	0.01212	0.02449	0.10850	0.11036	0.01457	0.01532	0.01141	0.00659	0.00561	0.00169	0.00755	0.00495	0.00431	0.09323
9	0.00884	0.00671	0.00814	0.00778	0.00954	0.00601	0.00584	0.01150	0.01751	0.02372	0.51962	0.05359	0.26827	0.01446	0.00777	0.00212	0.00318	0.01252	0.00689	0.00601
10	0.01539	0.03648	0.14881	0.03123	0.46388	0.01492	0.04573	0.01984	0.01460	0.02122	0.01215	0.01543	0.00991	0.00578	0.00624	0.00184	0.00786	0.00544	0.00326	0.11998
11	0.01579	0.01671	0.01996	0.01724	0.01770	0.11812	0.01417	0.01726	0.01125	0.01588	0.00885	0.01406	0.00862	0.01088	0.01948	0.00272	0.65556	0.00555	0.00295	0.00726
12	0.02503	0.01844	0.01976	0.01515	0.02042	0.02042	0.01251	0.70562	0.03095	0.04149	0.01581	0.01581	0.01120	0.00790	0.00659	0.00198	0.00724	0.00593	0.00659	0.01120
13	0.00821	0.00598	0.00747	0.00852	0.00917	0.00553	0.00569	0.00936	0.01279	0.01676	0.06003	0.54967	0.14524	0.10940	0.01130	0.00303	0.00403	0.01668	0.00589	0.00524
14	0.00946	0.00683	0.00942	0.00942	0.01020	0.00760	0.00679	0.01101	0.01024	0.01443	0.01869	0.03172	0.01900	0.29404	0.50136	0.00915	0.01381	0.00791	0.00368	0.00524
15	0.01726	0.01429	0.02310	0.11363	0.41284	0.01460	0.05073	0.07056	0.03578	0.09482	0.05072	0.02087	0.01462	0.00718	0.00675	0.00205	0.00746	0.02862	0.00435	0.00977
16	0.01674	0.01164	0.01410	0.01092	0.03422	0.00930	0.00847	0.03960	0.01525	0.15611	0.01751	0.01812	0.04970	0.00625	0.00546	0.00130	0.00508	0.00507	0.00489	0.57030
17	0.01144	0.00572	0.00858	0.00858	0.00858	0.00572	0.00572	0.00858	0.00858	0.01144	0.01144	0.02001	0.01144	0.02287	0.02573	0.80846	0.00572	0.00572	0.00286	0.00286
18	0.01666	0.01682	0.02595	0.10221	0.56731	0.08167	0.05300	0.02049	0.01518	0.02057	0.01217	0.01608	0.01008	0.00600	0.00653	0.00197	0.00844	0.00581	0.00324	0.00982
19	0.01725	0.05186	0.24383	0.02643	0.29502	0.03570	0.07665	0.02256	0.03547	0.11124	0.01424	0.01634	0.01064	0.00635	0.00645	0.00201	0.00841	0.00572	0.00382	0.01002
20	0.02773	0.01304	0.06086	0.01251	0.01769	0.01085	0.01089	0.05592	0.01863	0.63268	0.02400	0.02130	0.01530	0.00816	0.00720	0.00207	0.03622	0.00645	0.00754	0.01095
21	0.04876	0.01827	0.01945	0.01495	0.02018	0.02025	0.01235	0.68501	0.03036	0.04113	0.01561	0.01565	0.01107	0.00785	0.00651	0.00198	0.00718	0.00586	0.00651	0.01107
22	0.01616	0.01429	0.15032	0.01263	0.01707	0.01029	0.04599	0.02153	0.08375	0.20457	0.29335	0.04818	0.03320	0.01008	0.00710	0.00210	0.00562	0.00875	0.00635	0.00866
23	0.01637	0.01414	0.01489	0.01340	0.01712	0.01637	0.01042	0.03498	0.71568	0.02754	0.02679	0.02456	0.02010	0.00893	0.00670	0.00223	0.00521	0.00744	0.00670	0.01042
24	0.02377	0.01532	0.05422	0.01378	0.01868	0.01479	0.01193	0.35062	0.02383	0.26107	0.02167	0.02638	0.01660	0.00940	0.00695	0.00216	0.00667	0.10499	0.00682	0.01037
25	0.00920	0.00691	0.00856	0.00827	0.00992	0.00640	0.00615	0.01247	0.04353	0.02413	0.52506	0.11156	0.17438	0.01446	0.00778	0.00215	0.00328	0.01266	0.00693	0.00618
26	0.01610	0.01544	0.02637	0.07622	0.69327	0.01559	0.02011	0.02003	0.01490	0.02127	0.01235	0.01636	0.01034	0.00590	0.00652	0.00197	0.00787	0.00586	0.00324	0.01027
27	0.01760	0.77260	0.03450	0.01126	0.01690	0.02605	0.01126	0.01971	0.01338	0.01549	0.00915	0.01056	0.00845	0.00563	0.00422	0.00141	0.00704	0.00352	0.00282	0.00845
28	0.00957	0.00638	0.00718	0.00718	0.00718	0.00638	0.00399	0.00957	0.00957	0.01276	0.02074	0.04308	0.02393	0.76864	0.03351	0.00638	0.00638	0.00957	0.00399	0.00399
29	0.01629	0.01564	0.02672	0.04041	0.72757	0.01564	0.02020	0.02020	0.01499	0.02151	0.01238	0.01629	0.01043	0.00587	0.00652	0.00196	0.00782	0.00587	0.00326	0.01043
30	0.01222	0.00939	0.01084	0.01011	0.01251	0.00976	0.00768	0.02043	0.26248	0.04960	0.32555	0.10580	0.11178	0.01266	0.00741	0.00220	0.00402	0.01097	0.00687	0.00772
31	0.00802	0.00573	0.00764	0.00917	0.00955	0.00535	0.00611	0.00917	0.01260	0.01681	0.03628	0.76434	0.04354	0.02062	0.00840	0.00267	0.00382	0.01872	0.00611	0.00535
32	0.00809	0.00578	0.00770	0.00912	0.00956	0.00539	0.00612	0.00933	0.01291	0.01729	0.07086	0.72839	0.04448	0.02026	0.00837	0.00264	0.00378	0.01837	0.00617	0.00539
33	0.00810	0.00668	0.00711	0.00700	0.00909	0.00569	0.00525	0.01006	0.01576	0.01957	0.20277	0.06042	0.58771	0.01601	0.00778	0.00219	0.00329	0.01348	0.00635	0.00569
34	0.00819	0.00585	0.00782	0.00927	0.00974	0.00548	0.00632	0.00949	0.01294	0.01729	0.06194	0.70664	0.04398	0.02025	0.00841	0.00267	0.00389	0.04827	0.00615	0.00541
35	0.01588	0.01522	0.02598	0.11632	0.65487	0.01553	0.02000	0.01984	0.01480	0.02101	0.01231	0.01643	0.01025	0.00594	0.00652	0.00198	0.00792	0.00586	0.00322	0.01010
36	0.01760	0.77260	0.03450	0.01126	0.01690	0.02605	0.01126	0.01971	0.01338	0.01549	0.00915	0.01056	0.00845	0.00563	0.00422	0.00141	0.00704	0.00352	0.00282	0.00845
37	0.02208	0.03924	0.02429	0.01839	0.04248	0.04407	0.19951	0.31331	0.02257	0.15039	0.01716	0.04645	0.01280	0.00764	0.00689	0.00205	0.00806	0.00691	0.00563	0.01010
38	0.01744	0.74492	0.06074	0.01155	0.01733	0.02565	0.01175	0.01976	0.01340	0.01569	0.00925	0.01069	0.00844	0.00566	0.00430	0.00143	0.00714	0.00357	0.00281	0.00850
39	0.01471	0.00920	0.01191	0.01246	0.08171	0.02544	0.00864	0.01731	0.01691	0.18457	0.24320	0.09219	0.17435	0.01286	0.00749	0.00219	0.00468	0.06601	0.00657	0.00760
40	0.17545	0.16953	0.04108	0.01729	0.13493	0.08730	0.01261	0.18638	0.01839	0.08061	0.01275	0.01392	0.00978	0.00663	0.00554	0.00185	0.00726	0.00484	0.00450	0.00935
41	0.01725	0.01598	0.02532	0.03537	0.58133	0.04261	0.04256	0.06581	0.01623	0.04413	0.01387	0.04437	0.01181	0.00665	0.00662	0.00199	0.00783	0.00638	0.00374	0.01015
42	0.00906	0.00667	0.00797	0.00765	0.00940	0.00601	0.00574	0.01174	0.01721	0.02369	0.47791	0.05170	0.25752	0.01402	0.00755	0.00208	0.00317	0.01210	0.06282	0.00601
43	0.02110	0.04691	0.05360	0.01443	0.01935	0.01858	0.01219	0.37805	0.28136	0.05474	0.01970	0.01893	0.01438	0.00812	0.00652	0.00206	0.00656	0.00636	0.00634	0.01073
44	0.01639	0.08270	0.39596	0.01603	0.02338	0.01451	0.04955	0.06088	0.01596	0.12505	0.05952	0.01949	0.01423	0.00735	0.00637	0.00200	0.00806	0.02942	0.00426	0.04889
45	0.01692	0.65752	0.14358	0.01243	0.01870	0.02437	0.01330	0.01989	0.01346	0.01632	0.00957	0.01108	0.00843	0.00573	0.00454	0.00151	0.00746	0.00373	0.00281	0.00865
46	0.05000	0.37668	0.17159	0.01545	0.02189	0.03667	0.12326	0.02161	0.01444	0.09439	0.01216	0.01367	0.00945	0.00606	0.00548	0.00177	0.00810	0.00481	0.00352	0.00899
47	0.00819	0.00591	0.00755	0.00873	0.00929	0.00549	0.00582	0.00935	0.01277	0.01688	0.06329	0.61009	0.10265	0.08800	0.01061	0.00295	0.00398	0.01720	0.00596	0.00527
48	0.01023	0.00774	0.01011	0.00965	0.01081	0.00846	0.00717	0.03942	0.01301	0.01804	0.14898	0.03636	0.09295	0.19896	0.30340	0.00646	0.05884	0.00902	0.00463	0.00578
49	0.05558	0.47792	0.18333	0.01341	0.01958	0.04846	0.03954	0.01968	0.01369	0.01767	0.01223	0.03229	0.02942	0.00652	0.00506	0.00168	0.00767	0.00468	0.00309	0.00849
50	0.07016	0.01734	0.12940	0.02019	0.14658	0.03385	0.11241	0.10816	0.01709	0.13946	0.01760	0.10447	0.01471	0.00826	0.00668	0.00208	0.00752	0.00738	0.00483	0.03184
51	0.08244	0.00809	0.03554	0.00966	0.01105	0.00733	0.00715	0.04484	0.01354	0.01937	0.03326	0.59947	0.06788	0.01796	0.00781	0.00254	0.00430	0.01597	0.00582	0.00597

[dist]
# distance from previous block
# <min> <max>
0	3

[block]
# block no. 3 follows, 33 sequences, length 67
# corresponding to MSA columns:
# 240-306
name=unknown_D
#
# <colnr> <probs for GDERKNQSTAVLIFYWHMCP>
#	G	D	E	R	K	N	Q	S	T	A	V	L	I	F	Y	W	H	M	C	P
0	0.01720	0.04793	0.27386	0.01763	0.06002	0.01677	0.04521	0.21455	0.04195	0.04146	0.01470	0.03977	0.01184	0.04813	0.00931	0.00235	0.07731	0.00618	0.00434	0.00949
1	0.38979	0.11732	0.01813	0.04027	0.14717	0.06279	0.01146	0.03677	0.01341	0.04909	0.01062	0.01276	0.00857	0.00649	0.00593	0.00197	0.05105	0.00439	0.00381	0.00820
2	0.01077	0.03265	0.01006	0.00843	0.01112	0.00756	0.03170	0.03783	0.01599	0.07056	0.11390	0.05341	0.51883	0.03775	0.00833	0.00229	0.00412	0.01221	0.00610	0.00640
3	0.01579	0.01294	0.03595	0.01645	0.13986	0.01280	0.01116	0.06988	0.24249	0.06381	0.13058	0.02485	0.02251	0.00839	0.00643	0.00193	0.00539	0.00716	0.08042	0.09121
4	0.01067	0.03242	0.04070	0.00922	0.01210	0.00794	0.03274	0.03381	0.01683	0.04834	0.29547	0.04827	0.33425	0.01336	0.00743	0.00208	0.00417	0.01142	0.00620	0.03258
5	0.01615	0.59187	0.02878	0.01088	0.01568	0.04223	0.01029	0.01837	0.01422	0.01724	0.10832	0.04733	0.01730	0.00734	0.00495	0.00155	0.00644	0.00533	0.00361	0.03213
6	0.01740	0.02530	0.39221	0.01982	0.08675	0.04496	0.08467	0.04201	0.06040	0.13996	0.01535	0.01654	0.01083	0.00670	0.00651	0.00207	0.00874	0.00569	0.00414	0.00995
7	0.00844	0.00663	0.00762	0.00751	0.00933	0.00582	0.00558	0.01067	0.01635	0.02130	0.33816	0.10608	0.40183	0.01561	0.00782	0.00219	0.00327	0.01340	0.00658	0.00582
8	0.00806	0.00668	0.00706	0.00696	0.00906	0.00568	0.00522	0.00999	0.01566	0.01935	0.18583	0.06079	0.60479	0.01609	0.00778	0.00220	0.00329	0.01353	0.00632	0.00568
9	0.08882	0.03847	0.01287	0.01047	0.01376	0.01332	0.00837	0.19023	0.16683	0.02963	0.07182	0.02248	0.01834	0.00821	0.00571	0.00187	0.00488	0.00647	0.27900	0.00847
10	0.68919	0.01233	0.01035	0.00903	0.01314	0.01384	0.00742	0.02071	0.01241	0.11739	0.03576	0.01348	0.01016	0.00662	0.00452	0.00204	0.00509	0.00423	0.00469	0.00761
11	0.06062	0.01883	0.02262	0.11539	0.32835	0.18978	0.03902	0.04496	0.01559	0.02027	0.01142	0.01495	0.00944	0.00674	0.00763	0.00202	0.07467	0.00541	0.00338	0.00890
12	0.01792	0.64299	0.06201	0.01235	0.01794	0.02440	0.02867	0.04420	0.01413	0.04132	0.01016	0.01161	0.00885	0.00604	0.00520	0.00155	0.03490	0.00395	0.00314	0.00866
13	0.00810	0.00576	0.00761	0.00906	0.00942	0.00540	0.00600	0.00919	0.01244	0.01659	0.03545	0.72580	0.04249	0.06060	0.00974	0.00287	0.00396	0.01823	0.00600	0.00527
14	0.01629	0.01564	0.02672	0.04041	0.72757	0.01564	0.02020	0.02020	0.01499	0.02151	0.01238	0.01629	0.01043	0.00587	0.00652	0.00196	0.00782	0.00587	0.00326	0.01043
15	0.01637	0.01414	0.01489	0.01340	0.01712	0.01637	0.01042	0.03498	0.71568	0.02754	0.02679	0.02456	0.02010	0.00893	0.00670	0.00223	0.00521	0.00744	0.00670	0.01042
16	0.01568	0.01433	0.01991	0.05267	0.34834	0.04126	0.01474	0.05124	0.19276	0.02430	0.13463	0.02372	0.02137	0.00805	0.00675	0.00204	0.00654	0.00721	0.00492	0.00954
17	0.00941	0.00703	0.01045	0.01045	0.01159	0.00816	0.00807	0.01168	0.01054	0.01519	0.01775	0.02650	0.01673	0.07596	0.71634	0.01042	0.01722	0.00715	0.00354	0.00581
18	0.01629	0.01564	0.02672	0.04041	0.72757	0.01564	0.02020	0.02020	0.01499	0.02151	0.01238	0.01629	0.01043	0.00587	0.00652	0.00196	0.00782	0.00587	0.00326	0.01043
19	0.02770	0.01279	0.04218	0.01228	0.01745	0.01109	0.01045	0.11378	0.02014	0.59723	0.04769	0.02218	0.01692	0.00823	0.00664	0.00203	0.00587	0.00665	0.00773	0.01098
20	0.00944	0.00657	0.00834	0.00842	0.00883	0.00695	0.00552	0.01028	0.01007	0.01382	0.02051	0.07475	0.02245	0.48920	0.26941	0.00759	0.01001	0.00920	0.00394	0.00469
21	0.01320	0.03405	0.73453	0.01876	0.02849	0.01529	0.02432	0.02085	0.01390	0.02085	0.01181	0.01390	0.00834	0.00625	0.00625	0.00208	0.00973	0.00486	0.00278	0.00973
22	0.02250	0.01372	0.02046	0.05124	0.31074	0.01342	0.01457	0.07585	0.05111	0.32928	0.01915	0.01933	0.01341	0.00717	0.00658	0.00201	0.00673	0.00627	0.00576	0.01070
23	0.01243	0.01170	0.01975	0.75282	0.04534	0.01463	0.01828	0.01682	0.01316	0.01682	0.01170	0.01755	0.00878	0.00658	0.00658	0.00219	0.00878	0.00585	0.00293	0.00731
24	0.01410	0.01378	0.01965	0.65279	0.04195	0.08011	0.01752	0.04948	0.01448	0.01790	0.01175	0.01696	0.00886	0.00666	0.00652	0.00214	0.00898	0.00571	0.00314	0.00752
25	0.02737	0.01129	0.01492	0.01158	0.01639	0.01007	0.00951	0.07572	0.01951	0.62194	0.06406	0.02487	0.04401	0.00872	0.00672	0.00204	0.00550	0.00712	0.00792	0.01073
26	0.00929	0.00626	0.00727	0.00755	0.00762	0.00619	0.00438	0.00950	0.01014	0.01351	0.02363	0.17696	0.02757	0.62979	0.02885	0.00569	0.00591	0.01127	0.00438	0.00424
27	0.00826	0.00637	0.00756	0.00794	0.00936	0.00566	0.00569	0.01013	0.01515	0.01971	0.22877	0.29640	0.32100	0.01716	0.00799	0.00234	0.00344	0.01500	0.00641	0.00566
28	0.05608	0.01876	0.02317	0.01763	0.02296	0.09282	0.16901	0.39367	0.02432	0.09314	0.01526	0.01620	0.01091	0.00720	0.00669	0.00201	0.00837	0.00613	0.00555	0.01013
29	0.01493	0.17804	0.34340	0.02046	0.02826	0.01796	0.26494	0.02070	0.01438	0.01985	0.01181	0.01460	0.00895	0.00588	0.00639	0.00200	0.00967	0.00563	0.00298	0.00916
30	0.00956	0.00645	0.00752	0.00752	0.00763	0.00656	0.00441	0.00979	0.00967	0.01301	0.02044	0.04138	0.02320	0.69764	0.10350	0.00680	0.00749	0.00932	0.00394	0.00418
31	0.06456	0.01810	0.02050	0.01565	0.02095	0.01988	0.05787	0.62554	0.02893	0.03954	0.01530	0.01567	0.01091	0.00766	0.00654	0.00199	0.00739	0.00593	0.00624	0.01084
32	0.00807	0.00575	0.00762	0.00910	0.00947	0.00538	0.00604	0.00918	0.01250	0.01667	0.03578	0.74073	0.04290	0.04512	0.00922	0.00280	0.00390	0.01842	0.00604	0.00530
33	0.00824	0.00669	0.00731	0.00715	0.00918	0.00575	0.00537	0.01034	0.01610	0.02037	0.26423	0.05910	0.52575	0.01571	0.00778	0.00218	0.00327	0.01330	0.00645	0.00575
34	0.00820	0.00587	0.00775	0.00917	0.00965	0.00550	0.00623	0.00942	0.01269	0.01683	0.03652	0.68319	0.06200	0.04742	0.00933	0.00281	0.00401	0.05202	0.00603	0.00534
35	0.02939	0.01144	0.01543	0.01183	0.01693	0.01003	0.00977	0.05452	0.01925	0.70912	0.02563	0.02219	0.01613	0.00814	0.00662	0.00203	0.00566	0.00660	0.00810	0.01120
36	0.01760	0.77260	0.03450	0.01126	0.01690	0.02605	0.01126	0.01971	0.01338	0.01549	0.00915	0.01056	0.00845	0.00563	0.00422	0.00141	0.00704	0.00352	0.00282	0.00845
37	0.01725	0.71330	0.09070	0.01187	0.01783	0.02519	0.01231	0.01980	0.01342	0.01592	0.00937	0.01083	0.00844	0.00568	0.00439	0.00146	0.00726	0.00363	0.00281	0.00855
38	0.02518	0.02099	0.01925	0.01537	0.02019	0.18510	0.01240	0.51149	0.02744	0.07521	0.01510	0.01528	0.01087	0.00766	0.00644	0.00192	0.00821	0.00558	0.00594	0.01038
39	0.00841	0.00670	0.00756	0.00753	0.00945	0.00586	0.00570	0.01057	0.01605	0.02051	0.26705	0.08312	0.46239	0.01589	0.00786	0.00223	0.00342	0.04746	0.00646	0.00578
40	0.00867	0.00670	0.00791	0.00761	0.00944	0.00594	0.00571	0.01118	0.01712	0.02279	0.44890	0.05511	0.33956	0.01480	0.00777	0.00213	0.00320	0.01274	0.00677	0.00594
41	0.01709	0.01450	0.01529	0.01354	0.01739	0.01671	0.01059	0.09022	0.65928	0.02869	0.02589	0.02384	0.01936	0.00885	0.00669	0.00221	0.00538	0.00732	0.00669	0.01048
42	0.02250	0.01394	0.01593	0.01315	0.01763	0.01484	0.01056	0.15975	0.34865	0.27143	0.02445	0.02218	0.01713	0.00847	0.00665	0.00212	0.00573	0.00688	0.00717	0.01083
43	0.00802	0.00573	0.00764	0.00917	0.00955	0.00535	0.00611	0.00917	0.01260	0.01681	0.03628	0.76434	0.04354	0.02062	0.00840	0.00267	0.00382	0.01872	0.00611	0.00535
44	0.01365	0.01170	0.01365	0.00975	0.01560	0.00878	0.00780	0.01658	0.01365	0.02145	0.01170	0.01365	0.00975	0.00488	0.00488	0.00098	0.00488	0.00390	0.00390	0.80888
45	0.01629	0.01564	0.02672	0.04041	0.72757	0.01564	0.02020	0.02020	0.01499	0.02151	0.01238	0.01629	0.01043	0.00587	0.00652	0.00196	0.00782	0.00587	0.00326	0.01043
46	0.00801	0.00576	0.00761	0.00910	0.00953	0.00535	0.00608	0.00917	0.01267	0.01683	0.03714	0.74458	0.06275	0.02051	0.00839	0.00266	0.00381	0.01858	0.00611	0.00535
47	0.00850	0.00607	0.00817	0.00959	0.01021	0.00575	0.00683	0.01005	0.01333	0.01778	0.07282	0.61703	0.04364	0.01986	0.00848	0.00270	0.00414	0.12341	0.00616	0.00551
48	0.81514	0.01273	0.00968	0.00866	0.01273	0.01477	0.00713	0.01935	0.01120	0.02954	0.00917	0.01069	0.00713	0.00611	0.00407	0.00204	0.00509	0.00356	0.00407	0.00713
49	0.55779	0.01433	0.01287	0.01184	0.05081	0.03746	0.00904	0.15011	0.01578	0.05192	0.02835	0.01326	0.00971	0.00670	0.00490	0.00201	0.00581	0.00444	0.00469	0.00818
50	0.01629	0.01564	0.02672	0.04041	0.72757	0.01564	0.02020	0.02020	0.01499	0.02151	0.01238	0.01629	0.01043	0.00587	0.00652	0.00196	0.00782	0.00587	0.00326	0.01043
51	0.02798	0.01135	0.01512	0.01160	0.01659	0.00992	0.00952	0.05497	0.01874	0.64986	0.02473	0.02233	0.01600	0.03037	0.00732	0.00211	0.00565	0.00654	0.00775	0.05154
52	0.00942	0.00697	0.01018	0.01018	0.01121	0.00801	0.00773	0.01150	0.01046	0.01498	0.01800	0.02790	0.01734	0.13453	0.65860	0.01008	0.01630	0.00735	0.00358	0.00565
53	0.01894	0.07075	0.31655	0.01761	0.04828	0.16520	0.01756	0.19209	0.04829	0.02499	0.01296	0.01429	0.00964	0.00683	0.00618	0.00194	0.00914	0.00507	0.00403	0.00965
54	0.01630	0.01559	0.02634	0.03953	0.70438	0.01567	0.01988	0.02069	0.03786	0.02170	0.01285	0.01656	0.01074	0.00597	0.00652	0.00196	0.00774	0.00592	0.00337	0.01043
55	0.00902	0.00681	0.00839	0.00854	0.00997	0.00637	0.00619	0.01210	0.05339	0.02198	0.35836	0.26975	0.17265	0.01599	0.00791	0.00229	0.00348	0.01411	0.00667	0.00605
56	0.01722	0.04521	0.46792	0.01803	0.02614	0.03915	0.08160	0.08417	0.01641	0.12130	0.01416	0.01546	0.00986	0.00661	0.00641	0.00205	0.00906	0.00541	0.00394	0.00989
57	0.01637	0.01414	0.01489	0.01340	0.01712	0.01637	0.01042	0.03498	0.71568	0.02754	0.02679	0.02456	0.02010	0.00893	0.00670	0.00223	0.00521	0.00744	0.00670	0.01042
58	0.01637	0.01414	0.01489	0.01340	0.01712	0.01637	0.01042	0.03498	0.71568	0.02754	0.02679	0.02456	0.02010	0.00893	0.00670	0.00223	0.00521	0.00744	0.00670	0.01042
59	0.01365	0.01170	0.01365	0.00975	0.01560	0.00878	0.00780	0.01658	0.01365	0.02145	0.01170	0.01365	0.00975	0.00488	0.00488	0.00098	0.00488	0.00390	0.00390	0.80888
60	0.00842	0.00667	0.00758	0.00741	0.00930	0.00582	0.00553	0.01067	0.01643	0.02131	0.33692	0.07758	0.43207	0.01546	0.00779	0.00217	0.00325	0.01321	0.00658	0.00582
61	0.15500	0.01306	0.01431	0.01081	0.01615	0.01207	0.00879	0.14645	0.01709	0.11622	0.01383	0.01465	0.01040	0.00606	0.00527	0.00148	0.00544	0.00456	0.00496	0.42342
62	0.00788	0.00667	0.00680	0.00677	0.00895	0.00560	0.00508	0.00964	0.01523	0.01833	0.10815	0.06246	0.68310	0.01647	0.00778	0.00221	0.00332	0.01377	0.00618	0.00560
63	0.01401	0.01374	0.02122	0.55180	0.19456	0.05801	0.01838	0.01813	0.01389	0.01781	0.01176	0.01694	0.00912	0.00644	0.00653	0.00211	0.00875	0.00576	0.00303	0.00802
64	0.01738	0.01301	0.01414	0.01249	0.01614	0.01454	0.00978	0.05189	0.53619	0.10258	0.06145	0.02532	0.02134	0.00896	0.00659	0.00215	0.00505	0.00744	0.06355	0.01001
65	0.15772	0.01414	0.01786	0.05865	0.01939	0.08023	0.10481	0.07341	0.01383	0.02102	0.01288	0.01759	0.01102	0.01968	0.22167	0.00465	0.13447	0.00590	0.00369	0.00741
66	0.02289	0.01528	0.01971	0.02117	0.22534	0.04116	0.01353	0.24661	0.02133	0.23209	0.01828	0.03934	0.01343	0.00769	0.00654	0.00198	0.00689	0.00642	0.02980	0.01053

[dist]
# distance from previous block
# <min> <max>
0	2

[block]
# block no. 4 follows, 33 sequences, length 43
# corresponding to MSA columns:
# 309-351
name=unknown_E
#
# <colnr> <probs for GDERKNQSTAVLIFYWHMCP>
#	G	D	E	R	K	N	Q	S	T	A	V	L	I	F	Y	W	H	M	C	P
0	0.09001	0.09334	0.02000	0.01802	0.11722	0.35279	0.01263	0.05979	0.01768	0.13952	0.01324	0.01424	0.01009	0.00678	0.00585	0.00181	0.00900	0.00483	0.00434	0.00884
1	0.32550	0.01616	0.01911	0.02496	0.35728	0.08649	0.01415	0.04517	0.01446	0.02480	0.01105	0.01368	0.00899	0.00612	0.00552	0.00196	0.00714	0.00482	0.00371	0.00891
2	0.05996	0.01789	0.16646	0.01869	0.06487	0.01406	0.19488	0.06498	0.09012	0.08243	0.13700	0.02285	0.02010	0.00781	0.00690	0.00211	0.00762	0.00730	0.00488	0.00909
3	0.00949	0.00635	0.00721	0.00729	0.00731	0.00632	0.00411	0.00955	0.00974	0.01299	0.02161	0.08343	0.02503	0.72680	0.03210	0.00617	0.00624	0.01008	0.00411	0.00406
4	0.02498	0.01974	0.01965	0.01533	0.02041	0.09291	0.01253	0.63739	0.02972	0.03894	0.01524	0.01541	0.01092	0.00779	0.00652	0.00195	0.00771	0.00576	0.00626	0.01084
5	0.01218	0.01127	0.04358	0.02218	0.29663	0.01041	0.01281	0.03004	0.01432	0.01972	0.04192	0.30076	0.04717	0.04203	0.00851	0.00249	0.00596	0.06552	0.00480	0.00770
6	0.01652	0.01710	0.09817	0.02065	0.19754	0.05206	0.01430	0.02787	0.36008	0.05128	0.05915	0.02192	0.01793	0.00797	0.00662	0.00210	0.00661	0.00681	0.00531	0.01000
7	0.01818	0.01403	0.01515	0.01330	0.01724	0.01585	0.01044	0.06596	0.60960	0.10315	0.02619	0.02392	0.01928	0.00880	0.00669	0.00220	0.00535	0.00728	0.00685	0.01054
8	0.00863	0.00644	0.00811	0.00929	0.01007	0.00620	0.00635	0.01114	0.06603	0.01770	0.03799	0.65243	0.09610	0.01942	0.00822	0.00260	0.00389	0.01748	0.00616	0.00575
9	0.01272	0.00984	0.01296	0.01313	0.08027	0.00979	0.03484	0.01903	0.16971	0.06865	0.29672	0.06508	0.15661	0.01192	0.00737	0.00215	0.00453	0.01045	0.00643	0.00780
10	0.02475	0.03012	0.01863	0.01672	0.02026	0.68261	0.01263	0.06444	0.01935	0.03632	0.01091	0.01237	0.00884	0.00688	0.00599	0.00172	0.01145	0.00440	0.00370	0.00793
11	0.02349	0.01896	0.02148	0.01773	0.06087	0.08785	0.07194	0.48679	0.02622	0.06747	0.01507	0.01588	0.01093	0.00763	0.00719	0.00201	0.03632	0.00595	0.00575	0.01047
12	0.00837	0.00662	0.00708	0.00701	0.00868	0.00582	0.00497	0.00990	0.01441	0.01800	0.15241	0.05712	0.48427	0.17138	0.01309	0.00306	0.00393	0.01271	0.00584	0.00533
13	0.01481	0.01676	0.10653	0.14708	0.42423	0.03439	0.04247	0.01903	0.01467	0.02041	0.04621	0.03762	0.01345	0.02569	0.00730	0.00214	0.00806	0.00647	0.00343	0.00923
14	0.01545	0.01478	0.02519	0.19685	0.57775	0.01542	0.01978	0.01946	0.01459	0.02048	0.01223	0.01657	0.01007	0.00602	0.00653	0.00201	0.00803	0.00586	0.00319	0.00974
15	0.00861	0.00667	0.00785	0.00763	0.00942	0.00590	0.00569	0.01103	0.01686	0.02237	0.41846	0.08260	0.34298	0.01510	0.00780	0.00216	0.00323	0.01301	0.00672	0.00590
16	0.00950	0.00694	0.01000	0.01000	0.01102	0.00792	0.00755	0.01155	0.01052	0.01517	0.01816	0.02819	0.01749	0.14705	0.62642	0.00977	0.01572	0.00738	0.02402	0.00563
17	0.03235	0.11599	0.01580	0.01215	0.01437	0.07496	0.06018	0.03237	0.03295	0.01805	0.02496	0.39200	0.02773	0.01707	0.06232	0.00293	0.02592	0.02631	0.00491	0.00667
18	0.01953	0.02270	0.13483	0.01781	0.06527	0.20336	0.01493	0.19156	0.07291	0.02431	0.01330	0.01536	0.01048	0.00945	0.03691	0.00241	0.12604	0.00545	0.00426	0.00911
19	0.01569	0.01536	0.02815	0.10836	0.34535	0.01540	0.23647	0.02104	0.05943	0.03802	0.04105	0.01882	0.01284	0.00638	0.00698	0.00209	0.00857	0.00682	0.00373	0.00946
20	0.00799	0.00584	0.00752	0.00887	0.00947	0.00537	0.00598	0.00920	0.01289	0.01692	0.03995	0.67994	0.12558	0.02015	0.00833	0.00262	0.00376	0.01813	0.00611	0.00537
21	0.01365	0.01170	0.01365	0.00975	0.01560	0.00878	0.00780	0.01658	0.01365	0.02145	0.01170	0.01365	0.00975	0.00488	0.00488	0.00098	0.00488	0.00390	0.00390	0.80888
22	0.01096	0.00748	0.00927	0.00856	0.01061	0.00694	0.00650	0.01467	0.05793	0.07742	0.52094	0.04818	0.16862	0.01335	0.00762	0.00210	0.00345	0.01159	0.00709	0.00671
23	0.01448	0.01375	0.02039	0.09082	0.42190	0.05307	0.01561	0.03715	0.01510	0.02025	0.02141	0.14623	0.08276	0.00953	0.00693	0.00211	0.00702	0.00869	0.00408	0.00872
24	0.00941	0.00637	0.00817	0.00908	0.01009	0.00586	0.00644	0.01090	0.01359	0.05367	0.06563	0.51023	0.13868	0.04962	0.00929	0.00274	0.00411	0.07423	0.00617	0.00571
25	0.01365	0.01170	0.01365	0.00975	0.01560	0.00878	0.00780	0.01658	0.01365	0.02145	0.01170	0.01365	0.00975	0.00488	0.00488	0.00098	0.00488	0.00390	0.00390	0.80888
26	0.01344	0.01224	0.01975	0.69355	0.04334	0.01509	0.01782	0.07216	0.01459	0.01880	0.01203	0.01741	0.00897	0.00669	0.00658	0.00218	0.00865	0.00586	0.00322	0.00763
27	0.77158	0.01305	0.01023	0.00902	0.01316	0.01508	0.00743	0.05719	0.01229	0.03020	0.00953	0.01098	0.00735	0.00621	0.00421	0.00203	0.00521	0.00370	0.00421	0.00735
28	0.01786	0.01786	0.01534	0.01388	0.01734	0.19718	0.01066	0.03099	0.48526	0.02459	0.07866	0.02336	0.02057	0.00876	0.00659	0.00209	0.00671	0.00700	0.00592	0.00938
29	0.01608	0.01381	0.01467	0.01333	0.01694	0.01593	0.01043	0.03390	0.68015	0.02714	0.02720	0.02708	0.02100	0.00940	0.00682	0.00227	0.00525	0.04171	0.00667	0.01020
30	0.01107	0.00687	0.00932	0.01015	0.01142	0.00646	0.00768	0.01301	0.01438	0.09389	0.08570	0.45069	0.04054	0.01813	0.00835	0.00266	0.00455	0.19252	0.00640	0.00622
31	0.02462	0.03042	0.01874	0.01683	0.02036	0.68860	0.01270	0.07674	0.01957	0.01800	0.01059	0.01216	0.00868	0.00687	0.00598	0.00172	0.01153	0.00437	0.00363	0.00790
32	0.01271	0.00751	0.00973	0.00873	0.01097	0.00676	0.00670	0.01558	0.01833	0.14898	0.54093	0.04581	0.11572	0.01283	0.00757	0.00208	0.00356	0.01117	0.00730	0.00702
33	0.01440	0.01440	0.02016	0.01728	0.01728	0.02016	0.01440	0.01584	0.01008	0.01584	0.00864	0.01440	0.00864	0.01152	0.02160	0.00288	0.75659	0.00576	0.00288	0.00720
34	0.00811	0.00588	0.00768	0.00909	0.00966	0.00546	0.00621	0.00937	0.01290	0.01700	0.03867	0.67972	0.09805	0.02021	0.00838	0.00265	0.00387	0.04558	0.00611	0.00539
35	0.81514	0.01273	0.00968	0.00866	0.01273	0.01477	0.00713	0.01935	0.01120	0.02954	0.00917	0.01069	0.00713	0.00611	0.00407	0.00204	0.00509	0.00356	0.00407	0.00713
36	0.02019	0.06962	0.02163	0.05660	0.09810	0.30591	0.03327	0.11220	0.01729	0.02013	0.01092	0.01380	0.00914	0.00776	0.00952	0.00204	0.17474	0.00511	0.00363	0.00838
37	0.00925	0.00614	0.00819	0.00921	0.00989	0.00581	0.00628	0.01057	0.01292	0.05035	0.06879	0.61240	0.04062	0.06311	0.05017	0.00326	0.00477	0.01665	0.00600	0.00562
38	0.01723	0.25229	0.32092	0.01663	0.02370	0.11585	0.07184	0.05351	0.01544	0.03903	0.01149	0.01326	0.00887	0.00621	0.00575	0.00183	0.00909	0.00471	0.00324	0.00911
39	0.01144	0.00572	0.00858	0.00858	0.00858	0.00572	0.00572	0.00858	0.00858	0.01144	0.01144	0.02001	0.01144	0.02287	0.02573	0.80846	0.00572	0.00572	0.00286	0.00286
40	0.00933	0.00632	0.00744	0.00767	0.00779	0.00633	0.00454	0.00963	0.01009	0.01351	0.02292	0.15096	0.02648	0.61612	0.06881	0.00605	0.00662	0.01081	0.00428	0.00430
41	0.01858	0.06210	0.10815	0.03706	0.20144	0.07016	0.01548	0.18464	0.18594	0.02671	0.01620	0.01724	0.01237	0.00719	0.00637	0.00200	0.00756	0.00588	0.00478	0.01014
42	0.01837	0.15359	0.03856	0.01173	0.01698	0.03568	0.01009	0.13316	0.07085	0.11181	0.03365	0.01817	0.04182	0.00700	0.00565	0.00157	0.00601	0.00540	0.00500	0.27491

[dist]
# distance from previous block
# <min> <max>
0	2

[block]
# block no. 5 follows, 33 sequences, length 51
# corresponding to MSA columns:
# 354-404
name=unknown_F
#
# <colnr> <probs for GDERKNQSTAVLIFYWHMCP>
#	G	D	E	R	K	N	Q	S	T	A	V	L	I	F	Y	W	H	M	C	P
0	0.04396	0.05023	0.44399	0.02143	0.12703	0.06349	0.07071	0.04655	0.01513	0.02171	0.02870	0.01508	0.01011	0.00639	0.00629	0.00202	0.00920	0.00530	0.00323	0.00947
1	0.01513	0.08268	0.45279	0.02020	0.02842	0.05080	0.19428	0.02141	0.01465	0.04102	0.01234	0.01478	0.00900	0.00611	0.00649	0.00205	0.00986	0.00552	0.00311	0.00936
2	0.00823	0.00591	0.00748	0.00865	0.00914	0.00552	0.00570	0.00925	0.01238	0.01631	0.03678	0.59560	0.10260	0.12920	0.01200	0.00317	0.00415	0.01695	0.00580	0.00517
3	0.01663	0.00931	0.01151	0.00997	0.01302	0.00887	0.00786	0.04416	0.09981	0.23464	0.29276	0.03856	0.11369	0.01143	0.00718	0.00210	0.00433	0.02774	0.03816	0.00827
4	0.01690	0.35243	0.25412	0.01610	0.06193	0.01971	0.04071	0.02223	0.06496	0.07474	0.01293	0.01415	0.01004	0.00628	0.00550	0.00179	0.00784	0.00476	0.00355	0.00934
5	0.02459	0.03138	0.01866	0.01696	0.02035	0.74221	0.01272	0.02629	0.01866	0.01611	0.01018	0.01187	0.00848	0.00678	0.00594	0.00170	0.01187	0.00424	0.00339	0.00763
6	0.00979	0.00699	0.00801	0.00759	0.00976	0.00607	0.00575	0.01203	0.01656	0.06864	0.29981	0.05553	0.43975	0.01495	0.00770	0.00216	0.00340	0.01269	0.00666	0.00617
7	0.01494	0.04477	0.38873	0.01596	0.04785	0.01314	0.01708	0.05275	0.03916	0.10394	0.05225	0.11802	0.04455	0.00924	0.00669	0.00214	0.00750	0.00771	0.00451	0.00908
8	0.02211	0.04398	0.01899	0.01451	0.01910	0.03597	0.04816	0.42045	0.05103	0.11569	0.03559	0.07558	0.01676	0.00931	0.00684	0.00208	0.00689	0.04060	0.00633	0.01005
9	0.00858	0.00664	0.00784	0.00785	0.00958	0.00590	0.00588	0.01085	0.01627	0.02134	0.33395	0.13037	0.34779	0.01582	0.00790	0.00224	0.00342	0.04538	0.00658	0.00583
10	0.02104	0.01184	0.01414	0.01170	0.01561	0.01180	0.00933	0.18326	0.09886	0.29167	0.08421	0.11156	0.08404	0.01077	0.00702	0.00214	0.00534	0.00899	0.00714	0.00955
11	0.05069	0.10360	0.29121	0.02302	0.22487	0.03930	0.01870	0.09958	0.04726	0.02335	0.01265	0.01472	0.00975	0.00639	0.00607	0.00196	0.00828	0.00517	0.00360	0.00982
12	0.01757	0.03798	0.07566	0.02391	0.08847	0.06895	0.39520	0.04080	0.05339	0.08607	0.01495	0.01822	0.01131	0.02767	0.00787	0.00222	0.00963	0.00693	0.00400	0.00918
13	0.00842	0.00593	0.00769	0.00893	0.00930	0.00564	0.00592	0.00944	0.01216	0.01619	0.03337	0.60156	0.03970	0.15759	0.01303	0.00337	0.00439	0.04652	0.00572	0.00513
14	0.00907	0.00753	0.00898	0.00996	0.06210	0.00682	0.00667	0.01179	0.04184	0.02013	0.19563	0.12077	0.44429	0.01529	0.00770	0.00221	0.00373	0.01310	0.00616	0.00621
15	0.03269	0.17799	0.14396	0.02320	0.27164	0.06097	0.01628	0.02224	0.01516	0.12769	0.01345	0.01515	0.01035	0.00625	0.00587	0.00182	0.00773	0.00511	0.00387	0.03856
16	0.07115	0.10432	0.03843	0.01864	0.14118	0.13720	0.04563	0.10779	0.04167	0.18411	0.01616	0.03796	0.01232	0.00730	0.00615	0.00192	0.00766	0.00586	0.00499	0.00956
17	0.01234	0.00896	0.01271	0.01149	0.01291	0.01015	0.03514	0.04536	0.01197	0.06459	0.01765	0.02767	0.01685	0.21189	0.37619	0.00738	0.09899	0.00746	0.00401	0.00630
18	0.01752	0.01695	0.02410	0.02581	0.28748	0.08132	0.12415	0.11322	0.01712	0.02344	0.01252	0.01546	0.01008	0.00620	0.00693	0.00182	0.03703	0.00563	0.00385	0.16937
19	0.00795	0.00664	0.00692	0.00692	0.00901	0.00562	0.00516	0.00974	0.01529	0.01863	0.13252	0.08565	0.63441	0.01648	0.00780	0.00222	0.00333	0.01385	0.00623	0.00562
20	0.01243	0.01170	0.01975	0.75282	0.04534	0.01463	0.01828	0.01682	0.01316	0.01682	0.01170	0.01755	0.00878	0.00658	0.00658	0.00219	0.00878	0.00585	0.00293	0.00731
21	0.02476	0.01779	0.01850	0.01458	0.01953	0.06715	0.01189	0.48914	0.10028	0.14097	0.01809	0.01744	0.01271	0.00797	0.00656	0.00199	0.00710	0.00608	0.00661	0.01087
22	0.00829	0.00657	0.00746	0.00749	0.00927	0.00574	0.00552	0.01034	0.01584	0.02035	0.26839	0.14714	0.43195	0.01617	0.00785	0.00223	0.00332	0.01388	0.00647	0.00574
23	0.00946	0.00647	0.00785	0.00812	0.00840	0.00657	0.00515	0.01006	0.01039	0.01395	0.02297	0.11899	0.02607	0.55601	0.11137	0.00625	0.00739	0.05574	0.00430	0.00449
24	0.00817	0.00626	0.00741	0.00799	0.00924	0.00559	0.00561	0.00976	0.01429	0.01841	0.14673	0.36156	0.30950	0.04702	0.00904	0.00256	0.00363	0.01551	0.00619	0.00550
25	0.01629	0.01564	0.02672	0.04041	0.72757	0.01564	0.02020	0.02020	0.01499	0.02151	0.01238	0.01629	0.01043	0.00587	0.00652	0.00196	0.00782	0.00587	0.00326	0.01043
26	0.01931	0.01442	0.01541	0.01276	0.01672	0.01600	0.01022	0.34501	0.23865	0.03355	0.07040	0.02220	0.01842	0.00858	0.00640	0.00199	0.00569	0.00685	0.12758	0.00984
