[name]
unknown

[dist]
# distance from previous block
# <min> <max>
71	199

[block]
# block no. 0 follows, 33 sequences, length 24
# corresponding to MSA columns:
# 270-293
name=unknown_A
#
# <colnr> <probs for GDERKNQSTAVLIFYWHMCP>
#	G	D	E	R	K	N	Q	S	T	A	V	L	I	F	Y	W	H	M	C	P
0	0.07184	0.04817	0.04233	0.01745	0.14962	0.01410	0.01210	0.10755	0.16733	0.05661	0.07167	0.07516	0.02103	0.00957	0.00668	0.00212	0.00603	0.07183	0.00542	0.04338
1	0.01676	0.01503	0.06496	0.08779	0.01960	0.06173	0.01150	0.22769	0.06261	0.05131	0.05419	0.15735	0.06803	0.01086	0.00696	0.00213	0.00650	0.02336	0.00557	0.04606
2	0.01980	0.18792	0.02037	0.01310	0.01730	0.10597	0.01082	0.25922	0.10563	0.04477	0.05869	0.06031	0.01685	0.04180	0.00734	0.00208	0.00699	0.00661	0.00530	0.00911
3	0.01640	0.05567	0.01562	0.10475	0.01911	0.06162	0.01041	0.09993	0.15758	0.07592	0.05197	0.07464	0.01938	0.08159	0.00909	0.00241	0.00639	0.03484	0.00527	0.09739
4	0.02031	0.07493	0.12285	0.05003	0.07002	0.01857	0.06269	0.35032	0.09030	0.05180	0.01554	0.01644	0.01136	0.00725	0.00645	0.00200	0.00771	0.00589	0.00522	0.01033
5	0.01375	0.06812	0.10210	0.01301	0.01780	0.07575	0.06258	0.01720	0.01430	0.01987	0.08155	0.02172	0.01675	0.01384	0.12345	0.00302	0.00861	0.03654	0.00396	0.28608
6	0.04380	0.10896	0.06265	0.01657	0.02017	0.14766	0.16489	0.01834	0.01393	0.01775	0.01619	0.10418	0.03699	0.05792	0.02303	0.00257	0.12575	0.00755	0.00366	0.00745
7	0.01997	0.01663	0.07101	0.01398	0.01930	0.04753	0.03977	0.25105	0.07603	0.11599	0.01758	0.02046	0.01358	0.00772	0.00636	0.00184	0.00680	0.05067	0.00556	0.19819
8	0.01608	0.06101	0.08863	0.01960	0.12114	0.13071	0.01508	0.01983	0.06005	0.01822	0.01311	0.01941	0.01195	0.01022	0.02721	0.00253	0.29740	0.05618	0.00351	0.00815
9	0.01009	0.00848	0.01401	0.01291	0.01493	0.00799	0.13301	0.01271	0.01458	0.01945	0.11783	0.34861	0.07984	0.01625	0.00832	0.00257	0.00551	0.16091	0.00574	0.00626
10	0.01440	0.01440	0.02016	0.01728	0.01728	0.02016	0.01440	0.01584	0.01008	0.01584	0.00864	0.01440	0.00864	0.01152	0.02160	0.00288	0.75659	0.00576	0.00288	0.00720
11	0.01300	0.01108	0.01292	0.00955	0.01488	0.00840	0.00755	0.01575	0.01367	0.02098	0.01618	0.05945	0.05158	0.00644	0.00524	0.00114	0.00473	0.00531	0.00415	0.71802
12	0.01840	0.00987	0.01240	0.01037	0.01371	0.00935	0.00823	0.08636	0.05962	0.28137	0.32883	0.03576	0.07562	0.01094	0.00718	0.00207	0.00453	0.00929	0.00741	0.00869
13	0.01488	0.09745	0.34806	0.02068	0.02826	0.05696	0.26585	0.02067	0.01475	0.02003	0.01424	0.01687	0.03810	0.00640	0.00665	0.00205	0.00982	0.00611	0.00315	0.00901
14	0.01237	0.01082	0.07091	0.05394	0.06465	0.00951	0.01030	0.01514	0.01427	0.09715	0.09863	0.09079	0.20812	0.01912	0.14103	0.00374	0.05747	0.00975	0.00512	0.00717
15	0.00811	0.00580	0.00772	0.00911	0.00957	0.00541	0.00612	0.00939	0.01302	0.01747	0.08417	0.71455	0.04483	0.02013	0.00836	0.00263	0.00377	0.01824	0.00619	0.00541
16	0.01488	0.05538	0.03452	0.06590	0.03183	0.01601	0.55692	0.01987	0.01518	0.02033	0.01530	0.04357	0.01292	0.00700	0.00764	0.00225	0.01017	0.05833	0.00357	0.00845
17	0.01705	0.01889	0.09090	0.14430	0.25918	0.10568	0.04761	0.09102	0.03871	0.02163	0.01239	0.01580	0.00990	0.00705	0.00816	0.00210	0.09119	0.00570	0.00359	0.00917
18	0.01453	0.01716	0.10721	0.11282	0.17282	0.01523	0.29504	0.02041	0.06110	0.02052	0.01408	0.01823	0.01104	0.01022	0.07729	0.00295	0.01024	0.00674	0.00345	0.00892
19	0.00845	0.00720	0.00831	0.00956	0.06279	0.00628	0.00630	0.01021	0.01465	0.01792	0.05814	0.16314	0.57100	0.01645	0.00778	0.00227	0.00374	0.01400	0.00590	0.00589
20	0.01284	0.02858	0.56489	0.01925	0.07286	0.01412	0.05139	0.01935	0.01400	0.02044	0.01659	0.07297	0.04828	0.00781	0.00658	0.00213	0.00889	0.00656	0.00326	0.00919
21	0.07360	0.17549	0.07317	0.01679	0.08688	0.08174	0.04972	0.14627	0.04922	0.02384	0.01387	0.01809	0.01172	0.00743	0.00660	0.00190	0.04042	0.05014	0.00419	0.06889
22	0.04518	0.01641	0.16519	0.06612	0.11439	0.01275	0.15912	0.01677	0.01362	0.01941	0.02062	0.11604	0.07681	0.05189	0.04996	0.00292	0.03254	0.00854	0.00384	0.00787
23	0.01397	0.01335	0.02345	0.06292	0.10767	0.01402	0.23949	0.04849	0.06680	0.02044	0.04416	0.02218	0.01496	0.05882	0.16461	0.00421	0.06120	0.00731	0.00390	0.00806

[dist]
# distance from previous block
# <min> <max>
11	143

[block]
# block no. 1 follows, 33 sequences, length 23
# corresponding to MSA columns:
# 442-464
name=unknown_B
#
# <colnr> <probs for GDERKNQSTAVLIFYWHMCP>
#	G	D	E	R	K	N	Q	S	T	A	V	L	I	F	Y	W	H	M	C	P
0	0.01682	0.03161	0.07841	0.15719	0.02352	0.10790	0.01327	0.16090	0.09044	0.02417	0.06091	0.07214	0.01634	0.00862	0.00722	0.00202	0.04284	0.00685	0.00470	0.07414
1	0.07417	0.05024	0.09536	0.01772	0.11537	0.16208	0.03566	0.07898	0.08485	0.07350	0.01809	0.01935	0.05838	0.00998	0.04987	0.00244	0.00846	0.00598	0.00446	0.03506
2	0.01630	0.04269	0.02657	0.01412	0.05811	0.05445	0.01053	0.16942	0.18465	0.02530	0.02223	0.14404	0.02077	0.05738	0.00847	0.00238	0.00620	0.05662	0.00554	0.07422
3	0.01675	0.01806	0.12932	0.03507	0.01955	0.11880	0.05344	0.05364	0.14125	0.09723	0.06011	0.08476	0.08383	0.00985	0.00765	0.00216	0.04673	0.00806	0.00517	0.00859
4	0.05722	0.01637	0.07031	0.13912	0.05381	0.08058	0.15208	0.07577	0.05666	0.03239	0.01458	0.02035	0.01227	0.10822	0.04559	0.00308	0.04316	0.00656	0.00389	0.00800
5	0.01501	0.06881	0.02195	0.07814	0.40505	0.05859	0.01586	0.01866	0.03165	0.02028	0.05848	0.09227	0.01855	0.00880	0.00677	0.00208	0.00723	0.05898	0.00401	0.00884
6	0.01594	0.06551	0.01503	0.01231	0.01571	0.06646	0.00975	0.04950	0.36940	0.05359	0.08390	0.07305	0.06088	0.01043	0.00682	0.00215	0.00559	0.04989	0.00612	0.02797
7	0.01068	0.01017	0.06047	0.01056	0.01298	0.00880	0.00836	0.01636	0.16942	0.01996	0.03370	0.41079	0.10603	0.01531	0.00752	0.00235	0.00458	0.01351	0.00583	0.07262
8	0.13368	0.05486	0.01321	0.01250	0.06173	0.01171	0.00899	0.01719	0.11895	0.01972	0.01842	0.07609	0.01711	0.07245	0.32789	0.00605	0.01085	0.00729	0.00425	0.00707
9	0.07512	0.07326	0.23393	0.01601	0.07743	0.01357	0.05589	0.06035	0.01495	0.02270	0.06567	0.05777	0.01579	0.01009	0.04972	0.00243	0.00769	0.00641	0.07683	0.06438
10	0.01597	0.01296	0.05882	0.06569	0.06652	0.01242	0.01122	0.09360	0.20247	0.11378	0.06903	0.14059	0.08675	0.01096	0.00705	0.00221	0.00567	0.00939	0.00602	0.00887
11	0.01698	0.48308	0.09903	0.01323	0.01879	0.02184	0.04878	0.08268	0.06573	0.01964	0.01341	0.06547	0.01206	0.00718	0.00530	0.00172	0.00718	0.00544	0.00369	0.00877
12	0.01822	0.30969	0.02447	0.01400	0.01837	0.20273	0.05853	0.02391	0.15790	0.01947	0.07834	0.01774	0.01581	0.00730	0.00572	0.00176	0.00781	0.00555	0.00419	0.00847
13	0.01818	0.01248	0.06683	0.01556	0.12990	0.01010	0.01109	0.02109	0.01527	0.26153	0.02377	0.02551	0.09147	0.06361	0.06853	0.00287	0.00693	0.00695	0.00538	0.14296
14	0.01416	0.06215	0.07247	0.10941	0.06946	0.04992	0.09767	0.01876	0.07132	0.01932	0.06288	0.02496	0.06507	0.00951	0.01032	0.00231	0.18137	0.04703	0.00398	0.00793
15	0.01705	0.05700	0.26109	0.08271	0.18763	0.01573	0.06242	0.07181	0.05929	0.10027	0.01467	0.01657	0.01077	0.00661	0.00643	0.00204	0.00826	0.00573	0.00404	0.00989
16	0.00832	0.00588	0.00763	0.00882	0.00920	0.00555	0.00579	0.00940	0.01246	0.01670	0.07022	0.61708	0.04154	0.13382	0.01218	0.00320	0.00417	0.01697	0.00585	0.00519
17	0.00959	0.00662	0.00780	0.00820	0.00972	0.00588	0.00586	0.01104	0.01395	0.06614	0.04772	0.33205	0.33839	0.07190	0.00984	0.00271	0.00399	0.03672	0.00610	0.00577
18	0.05424	0.19224	0.16814	0.07807	0.10039	0.06830	0.04375	0.05309	0.09713	0.02090	0.01284	0.01494	0.01018	0.00680	0.00676	0.00196	0.05247	0.00517	0.00362	0.00901
19	0.01596	0.08406	0.02680	0.03511	0.58564	0.01606	0.05069	0.01954	0.01453	0.02040	0.01265	0.01750	0.01106	0.05294	0.00803	0.00219	0.00782	0.00597	0.00327	0.00978
20	0.00943	0.00697	0.01015	0.01015	0.01118	0.00800	0.00770	0.01148	0.01045	0.01497	0.01802	0.02802	0.01740	0.13960	0.65361	0.01005	0.01622	0.00737	0.00358	0.00564
21	0.69431	0.01575	0.06110	0.01004	0.01446	0.07439	0.00879	0.02002	0.01200	0.02783	0.00943	0.01101	0.00732	0.00618	0.00438	0.00201	0.00597	0.00371	0.00393	0.00735
22	0.01037	0.00935	0.01165	0.04488	0.04604	0.03476	0.05050	0.01383	0.06008	0.02014	0.16334	0.08686	0.37681	0.01389	0.00760	0.00221	0.00476	0.03058	0.00580	0.00656

[dist]
# distance from previous block
# <min> <max>
0	1

[block]
# block no. 2 follows, 33 sequences, length 18
# corresponding to MSA columns:
# 466-483
name=unknown_C
#
# <colnr> <probs for GDERKNQSTAVLIFYWHMCP>
#	G	D	E	R	K	N	Q	S	T	A	V	L	I	F	Y	W	H	M	C	P
0	0.01339	0.01144	0.01351	0.03564	0.01629	0.00926	0.00822	0.01734	0.06309	0.02138	0.01457	0.06952	0.01292	0.00637	0.00532	0.00123	0.00496	0.00530	0.00423	0.66602
1	0.51426	0.01307	0.01059	0.00960	0.01313	0.06648	0.00764	0.01998	0.08784	0.02721	0.11171	0.02066	0.05933	0.00809	0.00521	0.00205	0.00523	0.00578	0.00486	0.00730
2	0.01524	0.01456	0.02481	0.23510	0.54113	0.01536	0.01968	0.01928	0.01449	0.02023	0.01220	0.01664	0.00998	0.00606	0.00654	0.00202	0.00808	0.00586	0.00317	0.00958
3	0.01474	0.01285	0.01938	0.02522	0.35116	0.01304	0.02948	0.09104	0.06623	0.02376	0.10199	0.12892	0.04503	0.01009	0.00712	0.00215	0.00633	0.03761	0.00492	0.00894
4	0.00803	0.00622	0.00732	0.00800	0.00929	0.00551	0.00564	0.00957	0.01417	0.01805	0.10850	0.39727	0.34235	0.01829	0.00808	0.00243	0.00355	0.01603	0.00621	0.00551
5	0.81514	0.01273	0.00968	0.00866	0.01273	0.01477	0.00713	0.01935	0.01120	0.02954	0.00917	0.01069	0.00713	0.00611	0.00407	0.00204	0.00509	0.00356	0.00407	0.00713
6	0.09841	0.03179	0.65752	0.01769	0.02682	0.01523	0.02250	0.02069	0.01361	0.02177	0.01153	0.01356	0.00821	0.00624	0.00602	0.00208	0.00924	0.00473	0.00292	0.00945
7	0.81514	0.01273	0.00968	0.00866	0.01273	0.01477	0.00713	0.01935	0.01120	0.02954	0.00917	0.01069	0.00713	0.00611	0.00407	0.00204	0.00509	0.00356	0.00407	0.00713
8	0.02408	0.01058	0.01405	0.01144	0.01561	0.00959	0.00941	0.06955	0.01918	0.50256	0.13539	0.03168	0.02543	0.01003	0.00706	0.00214	0.00536	0.07929	0.00769	0.00988
9	0.02367	0.01777	0.01899	0.01487	0.01990	0.01978	0.01219	0.60066	0.13811	0.03931	0.01753	0.01718	0.01259	0.00806	0.00660	0.00202	0.00693	0.00616	0.00660	0.01107
10	0.81514	0.01273	0.00968	0.00866	0.01273	0.01477	0.00713	0.01935	0.01120	0.02954	0.00917	0.01069	0.00713	0.00611	0.00407	0.00204	0.00509	0.00356	0.00407	0.00713
11	0.02295	0.01752	0.01943	0.01663	0.06975	0.01940	0.01270	0.54443	0.14504	0.03773	0.01741	0.01731	0.01264	0.00793	0.00660	0.00202	0.00694	0.00618	0.00637	0.01101
12	0.00932	0.00673	0.00880	0.00828	0.00984	0.00621	0.00621	0.01242	0.01863	0.02640	0.72410	0.04918	0.06212	0.01346	0.00776	0.00207	0.00311	0.01191	0.00725	0.00621
13	0.02244	0.01841	0.02130	0.01867	0.09621	0.06269	0.06372	0.46931	0.10133	0.03484	0.01611	0.01671	0.01182	0.00756	0.00664	0.00200	0.00765	0.00612	0.00581	0.01065
14	0.00932	0.00956	0.08666	0.00922	0.01165	0.00698	0.00794	0.01245	0.01682	0.02322	0.45477	0.12392	0.17464	0.01403	0.00767	0.00216	0.00394	0.01223	0.00644	0.00638
15	0.00900	0.00648	0.00774	0.00776	0.00930	0.00588	0.00569	0.01138	0.01612	0.02225	0.35394	0.16947	0.23536	0.01491	0.00753	0.00215	0.00328	0.01296	0.09292	0.00588
16	0.01531	0.02358	0.31782	0.07767	0.22199	0.05450	0.04084	0.06872	0.03296	0.02194	0.01553	0.01791	0.04819	0.00692	0.00650	0.00204	0.00866	0.00590	0.00352	0.00950
17	0.14414	0.01640	0.06999	0.16836	0.13804	0.07896	0.01419	0.09243	0.09154	0.04567	0.01551	0.06890	0.01288	0.00782	0.00623	0.00209	0.00738	0.00639	0.00437	0.00871

[dist]
# distance from previous block
# <min> <max>
0	3

[block]
# block no. 3 follows, 33 sequences, length 14
# corresponding to MSA columns:
# 487-500
name=unknown_D
#
# <colnr> <probs for GDERKNQSTAVLIFYWHMCP>
#	G	D	E	R	K	N	Q	S	T	A	V	L	I	F	Y	W	H	M	C	P
0	0.01881	0.46621	0.02813	0.08974	0.02074	0.09648	0.01228	0.12233	0.05363	0.02017	0.01144	0.01294	0.00951	0.00636	0.00512	0.00165	0.00765	0.00440	0.00365	0.00876
1	0.47881	0.01631	0.01544	0.01280	0.01719	0.10307	0.08124	0.10719	0.06759	0.02839	0.01186	0.01324	0.00906	0.00657	0.00519	0.00202	0.00681	0.00467	0.00442	0.00813
2	0.03720	0.07115	0.02658	0.03290	0.50338	0.01669	0.07983	0.04266	0.08371	0.02244	0.01366	0.01665	0.01113	0.00619	0.00642	0.00197	0.00772	0.00596	0.00369	0.01008
3	0.00969	0.00767	0.01102	0.01167	0.03568	0.00738	0.04918	0.01265	0.05038	0.01943	0.11894	0.41742	0.09057	0.01712	0.00819	0.00255	0.00467	0.11357	0.00601	0.00621
4	0.00948	0.00676	0.00909	0.00909	0.00975	0.00742	0.00637	0.01080	0.01014	0.01418	0.01900	0.03342	0.01974	0.36511	0.43130	0.00874	0.01269	0.00816	0.00373	0.00505
5	0.02954	0.01120	0.01528	0.01171	0.01681	0.00968	0.00968	0.03208	0.01884	0.73213	0.02597	0.02241	0.01630	0.00815	0.00662	0.00204	0.00560	0.00662	0.00815	0.01120
6	0.00962	0.00684	0.00861	0.00862	0.01026	0.00638	0.00677	0.01250	0.01697	0.02362	0.42578	0.05406	0.15025	0.01435	0.00775	0.00224	0.00373	0.14647	0.07910	0.00608
7	0.01629	0.01564	0.02672	0.04041	0.72757	0.01564	0.02020	0.02020	0.01499	0.02151	0.01238	0.01629	0.01043	0.00587	0.00652	0.00196	0.00782	0.00587	0.00326	0.01043
8	0.01114	0.00943	0.01445	0.12829	0.07245	0.00968	0.06148	0.01502	0.05103	0.02013	0.11901	0.15119	0.10381	0.01366	0.00788	0.00246	0.00595	0.19069	0.00536	0.00688
9	0.00940	0.00637	0.00752	0.00768	0.00782	0.00643	0.00458	0.00972	0.00998	0.01340	0.02209	0.11669	0.02533	0.62871	0.09206	0.00636	0.00709	0.01031	0.00417	0.00429
10	0.01408	0.01410	0.01937	0.57678	0.03895	0.09090	0.01694	0.01883	0.05581	0.01732	0.01222	0.01715	0.00942	0.00711	0.00764	0.00220	0.06469	0.00577	0.00320	0.00753
11	0.01673	0.01203	0.01477	0.01411	0.07964	0.01194	0.01005	0.15250	0.10726	0.09599	0.04446	0.11037	0.02063	0.05583	0.00872	0.01856	0.00573	0.05731	0.00565	0.15772
12	0.01693	0.07147	0.02058	0.25728	0.07019	0.09032	0.05026	0.04846	0.01519	0.08513	0.01281	0.01582	0.00986	0.00656	0.00684	0.00184	0.04646	0.00530	0.00383	0.16486
13	0.13005	0.09388	0.04230	0.06906	0.03292	0.05964	0.04810	0.10278	0.04778	0.11360	0.05205	0.03537	0.01504	0.00822	0.00719	0.00204	0.05902	0.03413	0.00485	0.04198

[dist]
# distance from previous block
# <min> <max>
0	21

[block]
# block no. 4 follows, 33 sequences, length 35
# corresponding to MSA columns:
# 522-556
name=unknown_E
#
# <colnr> <probs for GDERKNQSTAVLIFYWHMCP>
#	G	D	E	R	K	N	Q	S	T	A	V	L	I	F	Y	W	H	M	C	P
0	0.06170	0.01791	0.01888	0.01532	0.01965	0.15680	0.09995	0.20465	0.13955	0.07588	0.06284	0.02190	0.05873	0.00835	0.00665	0.00202	0.00758	0.00687	0.00555	0.00921
1	0.01185	0.01039	0.01704	0.01576	0.06602	0.01020	0.15860	0.07242	0.01512	0.02031	0.04556	0.30303	0.10050	0.01825	0.09957	0.00339	0.00762	0.01223	0.00506	0.00707
2	0.01493	0.05455	0.05490	0.11562	0.06304	0.01205	0.01151	0.01972	0.10020	0.13313	0.10109	0.15612	0.06613	0.01114	0.00791	0.00222	0.05278	0.00939	0.00544	0.00812
3	0.03376	0.10533	0.12034	0.06610	0.05999	0.06972	0.02935	0.09126	0.17457	0.10746	0.02027	0.02047	0.05730	0.00784	0.00630	0.00201	0.00720	0.00629	0.00500	0.00944
4	0.01002	0.00769	0.01050	0.01021	0.01081	0.00897	0.00748	0.01142	0.01027	0.01457	0.01840	0.06368	0.01922	0.28518	0.38087	0.00785	0.10550	0.00827	0.00372	0.00538
5	0.02164	0.01514	0.01923	0.01499	0.01958	0.01587	0.09508	0.40828	0.02424	0.12632	0.01972	0.11087	0.01607	0.00922	0.00685	0.00208	0.00684	0.00785	0.05022	0.00991
6	0.01541	0.01644	0.07568	0.15161	0.52268	0.01552	0.06701	0.01977	0.01466	0.02069	0.01230	0.01643	0.00999	0.00599	0.00660	0.00202	0.00833	0.00592	0.00318	0.00978
7	0.01730	0.01756	0.02574	0.03755	0.64144	0.10413	0.01929	0.02094	0.01544	0.02085	0.01211	0.01576	0.01019	0.00598	0.00645	0.00192	0.00831	0.00567	0.00327	0.01009
8	0.00869	0.00670	0.00792	0.00762	0.00945	0.00594	0.00571	0.01120	0.01714	0.02286	0.45365	0.05501	0.33477	0.01478	0.00777	0.00213	0.00320	0.01272	0.00678	0.00594
9	0.01372	0.01183	0.01234	0.01132	0.01457	0.01303	0.00874	0.02708	0.49894	0.02452	0.03914	0.03656	0.23811	0.01133	0.00703	0.00223	0.00463	0.00944	0.00652	0.00892
10	0.01954	0.06101	0.01918	0.10509	0.05832	0.01490	0.05909	0.16995	0.12209	0.17233	0.03691	0.06274	0.01662	0.04285	0.00789	0.00227	0.00674	0.00729	0.00572	0.00946
11	0.01320	0.03405	0.73453	0.01876	0.02849	0.01529	0.02432	0.02085	0.01390	0.02085	0.01181	0.01390	0.00834	0.00625	0.00625	0.00208	0.00973	0.00486	0.00278	0.00973
12	0.00951	0.00663	0.00841	0.00841	0.00884	0.00705	0.00553	0.01036	0.00994	0.01368	0.01962	0.03684	0.02122	0.50793	0.29052	0.00790	0.01046	0.00866	0.00382	0.00467
13	0.01555	0.00930	0.00964	0.00845	0.01095	0.00981	0.00664	0.19282	0.01821	0.02890	0.02002	0.02230	0.01541	0.00773	0.00511	0.00165	0.00414	0.00608	0.59986	0.00744
14	0.00881	0.00734	0.00780	0.00770	0.00994	0.00663	0.00589	0.01211	0.07335	0.01963	0.13298	0.05921	0.55695	0.01577	0.00776	0.00225	0.00361	0.04993	0.00628	0.00606
15	0.76591	0.01264	0.01003	0.00885	0.01299	0.01445	0.00729	0.02015	0.01168	0.07357	0.01022	0.01143	0.00770	0.00624	0.00423	0.00204	0.00512	0.00376	0.00433	0.00738
16	0.02379	0.01707	0.01855	0.01442	0.01935	0.01870	0.01184	0.59266	0.06050	0.07580	0.06536	0.01883	0.01535	0.00834	0.00667	0.00200	0.00678	0.00644	0.00672	0.01082
17	0.01376	0.01093	0.01173	0.01071	0.01373	0.01171	0.00820	0.02464	0.39389	0.06059	0.08562	0.03821	0.22463	0.05150	0.00849	0.00243	0.00461	0.00966	0.00650	0.00844
18	0.00821	0.00581	0.00758	0.00892	0.00926	0.00547	0.00585	0.00922	0.01224	0.01631	0.03439	0.67650	0.04115	0.11172	0.01146	0.00313	0.00413	0.01760	0.00585	0.00518
19	0.01473	0.10658	0.02224	0.08037	0.05965	0.02016	0.01468	0.01664	0.01102	0.01620	0.00917	0.01431	0.00873	0.01007	0.01736	0.00259	0.55954	0.00550	0.00290	0.00754
20	0.01455	0.01484	0.02258	0.01863	0.01949	0.01971	0.10337	0.01652	0.01079	0.01652	0.00925	0.01484	0.00882	0.01075	0.01982	0.00280	0.66037	0.00602	0.00294	0.00742
21	0.01513	0.01860	0.16426	0.01910	0.02464	0.05888	0.29148	0.01964	0.01475	0.05920	0.01641	0.07166	0.01407	0.04723	0.00861	0.00232	0.02329	0.02294	0.06057	0.04723
22	0.02459	0.03138	0.01866	0.01696	0.02035	0.74221	0.01272	0.02629	0.01866	0.01611	0.01018	0.01187	0.00848	0.00678	0.00594	0.00170	0.01187	0.00424	0.00339	0.00763
23	0.00825	0.00662	0.00737	0.00732	0.00922	0.00574	0.00544	0.01031	0.01592	0.02028	0.25996	0.10791	0.48051	0.01599	0.00782	0.00221	0.00330	0.01364	0.00645	0.00574
24	0.00820	0.00678	0.00726	0.00742	0.00952	0.00584	0.00575	0.01011	0.01521	0.01846	0.09636	0.06396	0.60742	0.01669	0.00794	0.00231	0.00366	0.09531	0.00616	0.00565
25	0.01484	0.10593	0.39160	0.02616	0.29213	0.01657	0.02137	0.02048	0.01426	0.02053	0.01175	0.01445	0.00914	0.00604	0.00614	0.00196	0.00872	0.00510	0.00297	0.00986
26	0.01534	0.01324	0.01390	0.01259	0.01613	0.01507	0.00977	0.03190	0.63118	0.02636	0.03161	0.02924	0.10509	0.00987	0.00683	0.00223	0.00498	0.00822	0.00663	0.00983
27	0.00876	0.00649	0.00807	0.00886	0.00971	0.00627	0.00606	0.01092	0.04872	0.01757	0.08383	0.46887	0.12288	0.10859	0.04939	0.00340	0.00480	0.01540	0.00583	0.00556
28	0.12341	0.67179	0.03120	0.01092	0.01634	0.02455	0.01072	0.01966	0.01309	0.01735	0.00915	0.01058	0.00827	0.00570	0.00420	0.00149	0.00678	0.00353	0.00298	0.00827
29	0.00948	0.00683	0.00927	0.01071	0.01183	0.00662	0.00860	0.01172	0.01418	0.01850	0.03714	0.33407	0.07778	0.01902	0.00876	0.00285	0.00507	0.39570	0.00608	0.00576
30	0.00819	0.00598	0.00765	0.00870	0.00944	0.00550	0.00593	0.00961	0.01356	0.01800	0.12345	0.57217	0.13017	0.03770	0.00887	0.00264	0.00374	0.01706	0.00620	0.00545
31	0.01329	0.01350	0.02553	0.07813	0.04171	0.01316	0.36636	0.01836	0.06649	0.02014	0.06628	0.02896	0.10489	0.10071	0.01070	0.00271	0.00836	0.00879	0.00422	0.00773
32	0.01440	0.24181	0.44921	0.01662	0.02446	0.01789	0.05431	0.02004	0.01392	0.01925	0.01274	0.01734	0.01051	0.00687	0.00595	0.00196	0.00878	0.05183	0.00305	0.00907
33	0.39362	0.05122	0.09934	0.01103	0.01536	0.10482	0.00991	0.05434	0.01395	0.02432	0.01769	0.01993	0.09618	0.05536	0.00700	0.00226	0.00657	0.00556	0.00415	0.00739
34	0.05843	0.24558	0.25432	0.02849	0.03725	0.05864	0.03145	0.09295	0.05175	0.02195	0.01203	0.01358	0.00939	0.00631	0.00555	0.00180	0.00802	0.00466	0.00358	0.05428

[dist]
# distance from previous block
# <min> <max>
0	7

[block]
# block no. 5 follows, 33 sequences, length 78
# corresponding to MSA columns:
# 564-641
name=unknown_F
#
# <colnr> <probs for GDERKNQSTAVLIFYWHMCP>
#	G	D	E	R	K	N	Q	S	T	A	V	L	I	F	Y	W	H	M	C	P
0	0.01544	0.03006	0.01483	0.01324	0.01560	0.11074	0.01046	0.05734	0.20966	0.03566	0.10335	0.11911	0.02561	0.01184	0.00942	0.00235	0.12158	0.08017	0.00553	0.00800
1	0.01111	0.00785	0.00962	0.00934	0.01032	0.00833	0.00654	0.08412	0.01267	0.01718	0.02150	0.09507	0.02306	0.40030	0.20840	0.00649	0.00913	0.04907	0.00444	0.00547
2	0.00824	0.00616	0.00781	0.00878	0.00974	0.00574	0.00620	0.00977	0.01342	0.01753	0.07768	0.48850	0.19566	0.02133	0.06096	0.00312	0.00475	0.04313	0.00598	0.00551
3	0.00999	0.00837	0.01357	0.01189	0.01403	0.00777	0.12571	0.01290	0.01617	0.02222	0.35931	0.23936	0.08303	0.01437	0.00798	0.00230	0.00477	0.03371	0.00617	0.00639
4	0.00920	0.00669	0.00831	0.00791	0.00957	0.00610	0.00593	0.01206	0.01779	0.02486	0.57997	0.05041	0.17197	0.01373	0.00762	0.00207	0.00314	0.01197	0.04460	0.00610
5	0.01033	0.00738	0.01029	0.01181	0.01321	0.00734	0.01013	0.01317	0.01488	0.01939	0.03501	0.14741	0.03849	0.01844	0.00902	0.00299	0.00582	0.61282	0.00607	0.00599
6	0.04551	0.05038	0.68913	0.01818	0.02759	0.01552	0.02333	0.02076	0.01378	0.02107	0.01165	0.01369	0.00829	0.00623	0.00612	0.00207	0.00948	0.00478	0.00283	0.00960
7	0.00945	0.00689	0.00974	0.00974	0.01063	0.00777	0.00719	0.01122	0.01033	0.01466	0.01840	0.03010	0.01830	0.22630	0.56814	0.00955	0.01487	0.00767	0.00364	0.00541
8	0.01651	0.00903	0.03917	0.00914	0.01211	0.00762	0.00754	0.01962	0.01714	0.24195	0.28192	0.03256	0.03306	0.00990	0.00645	0.00191	0.00413	0.00836	0.23402	0.00786
9	0.01423	0.01280	0.03358	0.01170	0.01770	0.00969	0.07317	0.01750	0.01397	0.03987	0.01223	0.01427	0.00991	0.00506	0.00522	0.00115	0.00559	0.00436	0.00393	0.69407
10	0.00979	0.00749	0.01083	0.01062	0.01156	0.00885	0.00813	0.01177	0.01041	0.01500	0.01739	0.02726	0.01686	0.13935	0.59942	0.00949	0.06923	0.00729	0.00354	0.00573
11	0.01760	0.77260	0.03450	0.01126	0.01690	0.02605	0.01126	0.01971	0.01338	0.01549	0.00915	0.01056	0.00845	0.00563	0.00422	0.00141	0.00704	0.00352	0.00282	0.00845
12	0.00952	0.00636	0.00720	0.00725	0.00726	0.00635	0.00406	0.00956	0.00968	0.01290	0.02128	0.06782	0.02461	0.74298	0.03265	0.00626	0.00629	0.00989	0.00406	0.00404
13	0.00957	0.00638	0.00718	0.00718	0.00718	0.00638	0.00399	0.00957	0.00957	0.01276	0.02074	0.04308	0.02393	0.76864	0.03351	0.00638	0.00638	0.00957	0.00399	0.00399
14	0.02020	0.18439	0.02073	0.01448	0.01847	0.33317	0.01160	0.02794	0.26272	0.02000	0.01580	0.01605	0.01256	0.00729	0.00584	0.00182	0.00849	0.00521	0.00443	0.00879
15	0.00825	0.00591	0.00785	0.00901	0.00960	0.00550	0.00613	0.00975	0.01369	0.01853	0.16000	0.63571	0.04688	0.01934	0.00829	0.00257	0.00369	0.01749	0.00632	0.00550
16	0.00921	0.00672	0.00865	0.00817	0.00977	0.00616	0.00612	0.01221	0.01837	0.02578	0.67690	0.05019	0.10970	0.01369	0.00777	0.00208	0.00312	0.01205	0.00717	0.00616
17	0.01097	0.00799	0.01088	0.01220	0.01386	0.00813	0.01060	0.01499	0.05942	0.02020	0.03435	0.07112	0.03676	0.01760	0.00894	0.00298	0.00601	0.64055	0.00610	0.00634
18	0.02557	0.01778	0.01871	0.01457	0.01964	0.06391	0.01193	0.51703	0.04890	0.16776	0.01768	0.01705	0.01224	0.00791	0.00655	0.00198	0.00717	0.00600	0.00668	0.01095
19	0.17812	0.27321	0.10110	0.01353	0.01859	0.24460	0.01240	0.05542	0.01550	0.02034	0.01009	0.01162	0.00832	0.00626	0.00507	0.00172	0.00846	0.00402	0.00343	0.00821
20	0.01208	0.01158	0.01738	0.01510	0.01770	0.06233	0.18897	0.01614	0.07989	0.01902	0.02747	0.41381	0.02981	0.01449	0.00793	0.00246	0.00653	0.04513	0.00524	0.00694
21	0.01004	0.00722	0.00981	0.01117	0.01250	0.00710	0.00936	0.01260	0.01454	0.01887	0.03627	0.16530	0.07858	0.05373	0.01007	0.00309	0.00561	0.52232	0.00597	0.00584
22	0.07197	0.03791	0.01799	0.01459	0.01889	0.05638	0.06053	0.16532	0.42451	0.02902	0.02106	0.02032	0.01577	0.00809	0.00647	0.00212	0.00644	0.00662	0.00597	0.01004
23	0.01505	0.01692	0.12054	0.02693	0.33788	0.01426	0.09346	0.06287	0.04808	0.02336	0.10373	0.02236	0.04567	0.00750	0.00679	0.00201	0.00744	0.00703	0.00420	0.03394
24	0.01729	0.13597	0.09739	0.01701	0.05221	0.07884	0.08808	0.09118	0.01549	0.06761	0.01342	0.03465	0.01125	0.01202	0.08269	0.00293	0.14599	0.00590	0.00388	0.02621
25	0.01405	0.03293	0.68322	0.01850	0.02791	0.01566	0.02348	0.07001	0.01512	0.02233	0.01210	0.01404	0.00854	0.00637	0.00628	0.00208	0.00955	0.00494	0.00305	0.00983
26	0.01352	0.00999	0.01043	0.00929	0.01200	0.05434	0.00718	0.08772	0.01852	0.10019	0.26624	0.04604	0.31273	0.01316	0.00741	0.00209	0.00446	0.01101	0.00658	0.00711
27	0.02316	0.01648	0.03112	0.01297	0.01673	0.19603	0.01031	0.09601	0.01810	0.30649	0.01953	0.06625	0.01514	0.03142	0.04342	0.06766	0.00794	0.00669	0.00578	0.00878
28	0.01227	0.00614	0.00614	0.00614	0.00767	0.00614	0.00460	0.01534	0.01381	0.02454	0.02148	0.02454	0.01687	0.00767	0.00460	0.00153	0.00307	0.00614	0.80518	0.00614
29	0.00941	0.00702	0.01040	0.01040	0.01151	0.00813	0.00800	0.01164	0.01053	0.01515	0.01780	0.02679	0.01686	0.08803	0.70444	0.01035	0.01703	0.00719	0.00355	0.00578
30	0.00961	0.00648	0.00757	0.00781	0.00799	0.00646	0.00480	0.00999	0.01032	0.01370	0.02300	0.08039	0.02636	0.65234	0.02969	0.00585	0.00623	0.08282	0.00431	0.00428
31	0.01611	0.01546	0.02640	0.07367	0.69572	0.01559	0.02011	0.02005	0.01490	0.02129	0.01235	0.01635	0.01035	0.00590	0.00652	0.00197	0.00787	0.00586	0.00324	0.01028
32	0.01554	0.01776	0.03885	0.02775	0.03441	0.01665	0.70366	0.02109	0.01554	0.02109	0.01332	0.01776	0.00999	0.00555	0.00777	0.00222	0.01110	0.00777	0.00333	0.00888
33	0.00808	0.00626	0.00740	0.00827	0.00952	0.00558	0.00591	0.00957	0.01381	0.01741	0.04944	0.41527	0.34009	0.01875	0.00818	0.00250	0.00375	0.05861	0.00611	0.00548
34	0.01272	0.00649	0.00703	0.00676	0.00848	0.00633	0.00512	0.01576	0.01482	0.06181	0.13071	0.02825	0.02386	0.00859	0.00520	0.00164	0.00321	0.00706	0.63975	0.00641
35	0.02049	0.02309	0.06431	0.08543	0.02240	0.31724	0.01413	0.16748	0.01865	0.02185	0.01184	0.02895	0.00981	0.00818	0.00929	0.00208	0.15710	0.00538	0.00394	0.00836
36	0.68153	0.01263	0.01060	0.00926	0.01344	0.01426	0.00760	0.02166	0.04892	0.11159	0.01205	0.01279	0.00888	0.00650	0.00451	0.00205	0.00516	0.00412	0.00469	0.00778
37	0.00920	0.00681	0.00863	0.00842	0.01009	0.00625	0.00648	0.01205	0.01764	0.02422	0.53837	0.05429	0.17164	0.01451	0.00791	0.00220	0.00346	0.08480	0.00693	0.00608
38	0.07060	0.05549	0.06681	0.01857	0.04667	0.20094	0.16892	0.06344	0.01658	0.11889	0.01349	0.01559	0.01023	0.00804	0.02504	0.00224	0.07984	0.00569	0.00415	0.00877
39	0.00941	0.00702	0.01042	0.01042	0.01154	0.00814	0.00803	0.01165	0.01053	0.01516	0.01778	0.02667	0.01681	0.08322	0.70919	0.01038	0.01710	0.00717	0.00355	0.00579
40	0.00828	0.00592	0.00794	0.00946	0.00996	0.00557	0.00656	0.00962	0.01286	0.01710	0.03614	0.69479	0.04297	0.02038	0.00847	0.00271	0.00405	0.08570	0.00611	0.00542
41	0.01440	0.01440	0.02016	0.01728	0.01728	0.02016	0.01440	0.01584	0.01008	0.01584	0.00864	0.01440	0.00864	0.01152	0.02160	0.00288	0.75659	0.00576	0.00288	0.00720
42	0.07677	0.03606	0.03645	0.01648	0.07256	0.01937	0.01288	0.55580	0.02726	0.05925	0.01517	0.01553	0.01089	0.00755	0.00635	0.00197	0.00715	0.00570	0.00604	0.01077
43	0.01388	0.01343	0.01951	0.01905	0.09604	0.09523	0.16661	0.01742	0.01579	0.02011	0.05729	0.04698	0.02643	0.01249	0.00809	0.00253	0.00791	0.34896	0.00490	0.00735
44	0.72916	0.01394	0.01184	0.01019	0.01439	0.05053	0.04855	0.01979	0.01182	0.02838	0.00946	0.01117	0.00736	0.00611	0.00438	0.00203	0.00578	0.00385	0.00400	0.00726
45	0.00790	0.00621	0.00714	0.00789	0.00921	0.00545	0.00554	0.00931	0.01383	0.01731	0.05186	0.40528	0.39255	0.01860	0.00808	0.00244	0.00357	0.01625	0.00611	0.00545
46	0.02852	0.01157	0.01538	0.01184	0.01683	0.01033	0.00976	0.07976	0.01970	0.65834	0.04919	0.02285	0.01750	0.00831	0.00666	0.00203	0.00563	0.00675	0.00801	0.01103
47	0.01440	0.01440	0.02016	0.01728	0.01728	0.02016	0.01440	0.01584	0.01008	0.01584	0.00864	0.01440	0.00864	0.01152	0.02160	0.00288	0.75659	0.00576	0.00288	0.00720
48	0.01243	0.01170	0.01975	0.75282	0.04534	0.01463	0.01828	0.01682	0.01316	0.01682	0.01170	0.01755	0.00878	0.00658	0.00658	0.00219	0.00878	0.00585	0.00293	0.00731
49	0.01760	0.77260	0.03450	0.01126	0.01690	0.02605	0.01126	0.01971	0.01338	0.01549	0.00915	0.01056	0.00845	0.00563	0.00422	0.00141	0.00704	0.00352	0.00282	0.00845
50	0.00799	0.00586	0.00751	0.00883	0.00946	0.00538	0.00596	0.00920	0.01293	0.01694	0.04036	0.67036	0.13489	0.02010	0.00832	0.00261	0.00375	0.01807	0.00611	0.00538
51	0.01629	0.01564	0.02672	0.04041	0.72757	0.01564	0.02020	0.02020	0.01499	0.02151	0.01238	0.01629	0.01043	0.00587	0.00652	0.00196	0.00782	0.00587	0.00326	0.01043
52	0.00802	0.00573	0.00764	0.00917	0.00955	0.00535	0.00611	0.00917	0.01260	0.01681	0.03628	0.76434	0.04354	0.02062	0.00840	0.00267	0.00382	0.01872	0.00611	0.00535
53	0.01732	0.72593	0.07873	0.01174	0.01763	0.02537	0.01209	0.01978	0.01341	0.01583	0.00932	0.01077	0.00844	0.00567	0.00435	0.00145	0.00721	0.00361	0.00281	0.00853
54	0.02459	0.03138	0.01866	0.01696	0.02035	0.74221	0.01272	0.02629	0.01866	0.01611	0.01018	0.01187	0.00848	0.00678	0.00594	0.00170	0.01187	0.00424	0.00339	0.00763
55	0.01205	0.00611	0.00621	0.00629	0.00777	0.00609	0.00468	0.01502	0.01374	0.02414	0.02225	0.06321	0.01827	0.00835	0.00480	0.00159	0.00311	0.00679	0.76342	0.00609
56	0.00932	0.00673	0.00880	0.00828	0.00984	0.00621	0.00621	0.01242	0.01863	0.02640	0.72410	0.04918	0.06212	0.01346	0.00776	0.00207	0.00311	0.01191	0.00725	0.00621
57	0.00939	0.00678	0.00891	0.00851	0.01006	0.00629	0.00647	0.01250	0.01843	0.02600	0.68338	0.05066	0.06069	0.01374	0.00784	0.00213	0.00328	0.05157	0.00718	0.00620
58	0.05199	0.01900	0.01629	0.01431	0.01820	0.20252	0.01114	0.12061	0.40305	0.04219	0.02036	0.01955	0.01534	0.00812	0.00638	0.00205	0.00719	0.00625	0.00576	0.00969
59	0.01987	0.12510	0.02217	0.01802	0.11114	0.11428	0.04657	0.15972	0.05711	0.08677	0.01418	0.01590	0.01111	0.00895	0.03711	0.00226	0.07985	0.00549	0.00453	0.05989
60	0.01614	0.26120	0.08232	0.02018	0.07216	0.03671	0.25959	0.02145	0.07886	0.01945	0.01338	0.03482	0.01112	0.00662	0.00686	0.00196	0.03870	0.00615	0.00349	0.00886
61	0.81514	0.01273	0.00968	0.00866	0.01273	0.01477	0.00713	0.01935	0.01120	0.02954	0.00917	0.01069	0.00713	0.00611	0.00407	0.00204	0.00509	0.00356	0.00407	0.00713
62	0.00844	0.00721	0.00731	0.00719	0.00951	0.00635	0.00542	0.01136	0.06540	0.01870	0.08036	0.06021	0.65764	0.01604	0.00770	0.00222	0.00346	0.01338	0.00618	0.00592
63	0.00802	0.00573	0.00764	0.00917	0.00955	0.00535	0.00611	0.00917	0.01260	0.01681	0.03628	0.76434	0.04354	0.02062	0.00840	0.00267	0.00382	0.01872	0.00611	0.00535
64	0.01629	0.01564	0.02672	0.04041	0.72757	0.01564	0.02020	0.02020	0.01499	0.02151	0.01238	0.01629	0.01043	0.00587	0.00652	0.00196	0.00782	0.00587	0.00326	0.01043
65	0.00797	0.00593	0.00743	0.00862	0.00941	0.00539	0.00587	0.00923	0.01313	0.01702	0.04292	0.61147	0.19213	0.01976	0.00827	0.00258	0.00371	0.01766	0.00611	0.00539
66	0.00782	0.00651	0.00683	0.00709	0.00900	0.00552	0.00519	0.00940	0.01460	0.01762	0.06155	0.18196	0.60962	0.01734	0.00789	0.00230	0.00342	0.01471	0.00611	0.00552
67	0.01760	0.77260	0.03450	0.01126	0.01690	0.02605	0.01126	0.01971	0.01338	0.01549	0.00915	0.01056	0.00845	0.00563	0.00422	0.00141	0.00704	0.00352	0.00282	0.00845
68	0.00949	0.00635	0.00720	0.00729	0.00731	0.00633	0.00410	0.00955	0.00974	0.01298	0.02158	0.08184	0.02499	0.72844	0.03216	0.00618	0.00624	0.01006	0.00410	0.00406
69	0.81514	0.01273	0.00968	0.00866	0.01273	0.01477	0.00713	0.01935	0.01120	0.02954	0.00917	0.01069	0.00713	0.00611	0.00407	0.00204	0.00509	0.00356	0.00407	0.00713
70	0.02411	0.01756	0.01878	0.01450	0.01950	0.01939	0.01194	0.65607	0.02972	0.04027	0.01621	0.01643	0.01160	0.00789	0.00644	0.00194	0.00694	0.00594	0.06392	0.01083
71	0.02941	0.01141	0.01541	0.01181	0.01691	0.00998	0.00976	0.05146	0.01919	0.71226	0.02568	0.02222	0.01615	0.00814	0.00662	0.00204	0.00565	0.00660	0.00810	0.01120
72	0.01058	0.00739	0.00933	0.00867	0.01044	0.00702	0.00649	0.01450	0.06473	0.05390	0.59668	0.04648	0.07156	0.05249	0.00899	0.00231	0.00352	0.01132	0.00705	0.00656
73	0.00919	0.00750	0.00822	0.00790	0.01007	0.00693	0.00596	0.01313	0.09186	0.02152	0.26702	0.05475	0.44242	0.01484	0.00766	0.00218	0.00347	0.01258	0.00653	0.00629
74	0.00979	0.00682	0.00772	0.00765	0.00803	0.00693	0.00461	0.01094	0.04456	0.01393	0.02357	0.04238	0.06472	0.64548	0.07160	0.00618	0.00679	0.00958	0.00422	0.00451
75	0.01563	0.01647	0.02847	0.04561	0.24648	0.06750	0.30181	0.01949	0.01452	0.01951	0.01325	0.01938	0.01141	0.08864	0.01092	0.00259	0.05945	0.00693	0.00334	0.00860
76	0.01465	0.14744	0.01691	0.05836	0.01633	0.04748	0.01007	0.05417	0.04175	0.07941	0.01637	0.02103	0.01401	0.02938	0.39577	0.00645	0.01280	0.00613	0.00405	0.00744
77	0.01527	0.06987	0.05791	0.01554	0.06579	0.04834	0.04799	0.03826	0.03789	0.02033	0.01157	0.01435	0.00974	0.00683	0.00886	0.00170	0.16516	0.00485	0.00362	0.35613

[dist]
# distance from previous block
# <min> <max>
1	4

[block]
# block no. 6 follows, 33 sequences, length 21
# corresponding to MSA columns:
# 646-666
name=unknown_G
#
# <colnr> <probs for GDERKNQSTAVLIFYWHMCP>
#	G	D	E	R	K	N	Q	S	T	A	V	L	I	F	Y	W	H	M	C	P
0	0.05510	0.14896	0.11833	0.04296	0.20957	0.09121	0.05145	0.02194	0.09880	0.02043	0.01496	0.01701	0.03650	0.00698	0.00667	0.00196	0.03880	0.00563	0.00367	0.00907
1	0.00834	0.00645	0.00702	0.00726	0.00888	0.00567	0.00519	0.00997	0.01434	0.01825	0.10431	0.18793	0.45303	0.07584	0.00974	0.00258	0.00363	0.01385	0.05225	0.00548
2	0.01002	0.01087	0.09844	0.01052	0.01352	0.00809	0.04351	0.01398	0.04216	0.02299	0.37965	0.06690	0.20244	0.01314	0.00761	0.00217	0.00457	0.03652	0.00615	0.00675
3	0.01420	0.01417	0.05888	0.06511	0.40396	0.01300	0.04988	0.01768	0.01410	0.02007	0.01561	0.09245	0.01465	0.00981	0.03104	0.03551	0.00761	0.03169	0.00366	0.08692
4	0.02718	0.01176	0.01503	0.01166	0.01643	0.01089	0.00959	0.12866	0.02011	0.56158	0.02405	0.02166	0.01561	0.00807	0.00642	0.00198	0.00559	0.00647	0.08658	0.01070
5	0.01449	0.01318	0.02071	0.17145	0.25478	0.01462	0.05099	0.06785	0.03742	0.02080	0.05017	0.05641	0.01543	0.05377	0.03775	0.00276	0.09796	0.00719	0.00390	0.00839
6	0.81514	0.01273	0.00968	0.00866	0.01273	0.01477	0.00713	0.01935	0.01120	0.02954	0.00917	0.01069	0.00713	0.00611	0.00407	0.00204	0.00509	0.00356	0.00407	0.00713
7	0.00786	0.00667	0.00677	0.00675	0.00894	0.00559	0.00506	0.00959	0.01518	0.01820	0.09857	0.06267	0.69276	0.01652	0.00778	0.00222	0.00332	0.01380	0.00617	0.00559
8	0.00973	0.00716	0.00915	0.00858	0.01026	0.00680	0.00646	0.01373	0.05895	0.02647	0.68377	0.04775	0.05969	0.01320	0.00770	0.00208	0.00323	0.01165	0.00722	0.00646
9	0.81514	0.01273	0.00968	0.00866	0.01273	0.01477	0.00713	0.01935	0.01120	0.02954	0.00917	0.01069	0.00713	0.00611	0.00407	0.00204	0.00509	0.00356	0.00407	0.00713
10	0.02503	0.01844	0.01976	0.01515	0.02042	0.02042	0.01251	0.70562	0.03095	0.04149	0.01581	0.01581	0.01120	0.00790	0.00659	0.00198	0.00724	0.00593	0.00659	0.01120
11	0.01760	0.77260	0.03450	0.01126	0.01690	0.02605	0.01126	0.01971	0.01338	0.01549	0.00915	0.01056	0.00845	0.00563	0.00422	0.00141	0.00704	0.00352	0.00282	0.00845
12	0.01365	0.01170	0.01365	0.00975	0.01560	0.00878	0.00780	0.01658	0.01365	0.02145	0.01170	0.01365	0.00975	0.00488	0.00488	0.00098	0.00488	0.00390	0.00390	0.80888
13	0.00940	0.00705	0.01058	0.01058	0.01176	0.00823	0.00823	0.01176	0.01058	0.01528	0.01763	0.02586	0.01646	0.04937	0.74255	0.01058	0.01763	0.00705	0.00353	0.00588
14	0.00802	0.00573	0.00764	0.00917	0.00955	0.00535	0.00611	0.00917	0.01260	0.01681	0.03628	0.76434	0.04354	0.02062	0.00840	0.00267	0.00382	0.01872	0.00611	0.00535
15	0.02881	0.01236	0.01600	0.01226	0.01738	0.01140	0.01013	0.14003	0.02078	0.62144	0.02434	0.02135	0.01548	0.00811	0.00661	0.00203	0.00587	0.00651	0.00790	0.01120
16	0.01365	0.01170	0.01365	0.00975	0.01560	0.00878	0.00780	0.01658	0.01365	0.02145	0.01170	0.01365	0.00975	0.00488	0.00488	0.00098	0.00488	0.00390	0.00390	0.80888
17	0.01320	0.03405	0.73453	0.01876	0.02849	0.01529	0.02432	0.02085	0.01390	0.02085	0.01181	0.01390	0.00834	0.00625	0.00625	0.00208	0.00973	0.00486	0.00278	0.00973
18	0.00802	0.00573	0.00764	0.00917	0.00955	0.00535	0.00611	0.00917	0.01260	0.01681	0.03628	0.76434	0.04354	0.02062	0.00840	0.00267	0.00382	0.01872	0.00611	0.00535
19	0.00801	0.00578	0.00759	0.00904	0.00952	0.00536	0.00606	0.00918	0.01272	0.01685	0.03781	0.72909	0.07781	0.02043	0.00837	0.00265	0.00380	0.01847	0.00611	0.00536
20	0.01637	0.01734	0.09447	0.05363	0.10409	0.12100	0.01284	0.07987	0.16246	0.05228	0.07265	0.06083	0.10505	0.00953	0.00678	0.00208	0.00693	0.00789	0.00517	0.00875

[dist]
# distance from previous block
# <min> <max>
0	7

[block]
# block no. 7 follows, 33 sequences, length 103
# corresponding to MSA columns:
# 674-776
name=unknown_H
#
# <colnr> <probs for GDERKNQSTAVLIFYWHMCP>
#	G	D	E	R	K	N	Q	S	T	A	V	L	I	F	Y	W	H	M	C	P
0	0.01647	0.01751	0.07293	0.09699	0.02549	0.10692	0.20436	0.10044	0.05896	0.03846	0.01607	0.04281	0.01341	0.01285	0.09644	0.00319	0.02821	0.03591	0.00417	0.00840
1	0.08649	0.05529	0.05731	0.06258	0.09495	0.06729	0.07784	0.05585	0.12536	0.04094	0.07870	0.06649	0.04738	0.00856	0.00647	0.00202	0.00684	0.00734	0.00477	0.04753
2	0.01607	0.01285	0.01615	0.01620	0.10478	0.01442	0.01135	0.20799	0.14657	0.02542	0.01794	0.02209	0.01499	0.06225	0.24308	0.00504	0.04245	0.00675	0.00492	0.00870
3	0.00940	0.00705	0.01058	0.01058	0.01176	0.00823	0.00823	0.01176	0.01058	0.01528	0.01763	0.02586	0.01646	0.04937	0.74255	0.01058	0.01763	0.00705	0.00353	0.00588
4	0.01760	0.77260	0.03450	0.01126	0.01690	0.02605	0.01126	0.01971	0.01338	0.01549	0.00915	0.01056	0.00845	0.00563	0.00422	0.00141	0.00704	0.00352	0.00282	0.00845
5	0.01365	0.01170	0.01365	0.00975	0.01560	0.00878	0.00780	0.01658	0.01365	0.02145	0.01170	0.01365	0.00975	0.00488	0.00488	0.00098	0.00488	0.00390	0.00390	0.80888
6	0.01319	0.01211	0.01975	0.70826	0.04384	0.01498	0.01793	0.05842	0.01424	0.01831	0.01195	0.01745	0.00892	0.00666	0.00658	0.00218	0.00868	0.00586	0.00315	0.00755
7	0.01554	0.01084	0.01315	0.00989	0.01493	0.00850	0.00787	0.01835	0.01498	0.13772	0.09018	0.05113	0.01779	0.00699	0.00562	0.00134	0.00476	0.00583	0.00504	0.55956
8	0.01473	0.00790	0.01050	0.00925	0.01171	0.00711	0.00714	0.01760	0.01844	0.21667	0.50690	0.07167	0.04897	0.01232	0.00748	0.00209	0.00381	0.01076	0.00744	0.00752
9	0.01760	0.77260	0.03450	0.01126	0.01690	0.02605	0.01126	0.01971	0.01338	0.01549	0.00915	0.01056	0.00845	0.00563	0.00422	0.00141	0.00704	0.00352	0.00282	0.00845
10	0.00923	0.00673	0.00868	0.00820	0.00978	0.00618	0.00615	0.01226	0.01844	0.02593	0.68862	0.04994	0.09788	0.01363	0.00777	0.00208	0.00312	0.01201	0.00719	0.00618
11	0.01144	0.00572	0.00858	0.00858	0.00858	0.00572	0.00572	0.00858	0.00858	0.01144	0.01144	0.02001	0.01144	0.02287	0.02573	0.80846	0.00572	0.00572	0.00286	0.00286
12	0.02566	0.01743	0.01913	0.01467	0.01991	0.01891	0.01212	0.61144	0.02926	0.13806	0.01723	0.01673	0.01191	0.00794	0.00659	0.00198	0.00701	0.00602	0.00680	0.01120
13	0.00814	0.00651	0.00702	0.00720	0.00904	0.00561	0.00528	0.00993	0.01495	0.01875	0.12658	0.17049	0.52443	0.01663	0.00776	0.00225	0.00338	0.01416	0.03627	0.00561
14	0.07097	0.01128	0.01498	0.01155	0.01659	0.00994	0.00954	0.03141	0.01844	0.69507	0.02509	0.02179	0.01581	0.00804	0.00649	0.00204	0.00557	0.00646	0.00793	0.01099
15	0.00803	0.00668	0.00702	0.00693	0.00905	0.00566	0.00520	0.00994	0.01560	0.01920	0.17467	0.06103	0.61604	0.01614	0.00778	0.00220	0.00330	0.01357	0.00630	0.00566
16	0.01008	0.00791	0.00947	0.01006	0.01209	0.00770	0.00833	0.01421	0.08935	0.01976	0.04684	0.06459	0.31303	0.01659	0.00831	0.00262	0.00487	0.34171	0.00615	0.00632
17	0.00949	0.00670	0.00881	0.00881	0.00938	0.00727	0.00603	0.01062	0.01006	0.01397	0.01925	0.03481	0.02034	0.42316	0.37407	0.00840	0.01179	0.00836	0.00377	0.00490
18	0.00940	0.00705	0.01058	0.01058	0.01176	0.00823	0.00823	0.01176	0.01058	0.01528	0.01763	0.02586	0.01646	0.04937	0.74255	0.01058	0.01763	0.00705	0.00353	0.00588
19	0.01227	0.00614	0.00614	0.00614	0.00767	0.00614	0.00460	0.01534	0.01381	0.02454	0.02148	0.02454	0.01687	0.00767	0.00460	0.00153	0.00307	0.00614	0.80518	0.00614
