[name]
unknown

[dist]
# distance from previous block
# <min> <max>
0	18

[block]
# block no. 0 follows, 31 sequences, length 13
# corresponding to MSA columns:
# 18-30
name=unknown_A
#
# <colnr> <probs for GDERKNQSTAVLIFYWHMCP>
#	G	D	E	R	K	N	Q	S	T	A	V	L	I	F	Y	W	H	M	C	P
0	0.01134	0.01106	0.09355	0.01340	0.01596	0.00880	0.01267	0.01504	0.01560	0.02061	0.03345	0.06991	0.03582	0.01746	0.00911	0.00304	0.00674	0.59379	0.00590	0.00674
1	0.02601	0.01916	0.02053	0.01574	0.02122	0.02122	0.01300	0.69408	0.03217	0.04312	0.01643	0.01643	0.01163	0.00821	0.00684	0.00205	0.00753	0.00616	0.00684	0.01163
2	0.01068	0.03260	0.01007	0.00902	0.00931	0.00888	0.00591	0.01116	0.01080	0.01469	0.05318	0.09018	0.02578	0.56164	0.02931	0.00556	0.09200	0.01006	0.00428	0.00489
3	0.01145	0.00821	0.01043	0.04432	0.01292	0.03206	0.00778	0.01320	0.01258	0.06421	0.02661	0.21546	0.06267	0.16106	0.27833	0.00635	0.01033	0.01106	0.00487	0.00611
4	0.01753	0.54669	0.03492	0.01543	0.02079	0.02465	0.13108	0.02027	0.01390	0.01716	0.01021	0.01274	0.00908	0.00655	0.00712	0.00179	0.09366	0.00470	0.00303	0.00871
5	0.01527	0.01276	0.01326	0.01323	0.05207	0.09734	0.00938	0.14380	0.01851	0.05077	0.08017	0.26317	0.12116	0.01680	0.05712	0.00290	0.00681	0.01188	0.00593	0.00765
6	0.05420	0.02519	0.36815	0.01987	0.10448	0.05339	0.04099	0.05567	0.01634	0.07202	0.04394	0.02238	0.03255	0.00810	0.00680	0.00219	0.00868	0.05131	0.00416	0.00959
7	0.02450	0.01590	0.01683	0.01364	0.01838	0.08568	0.01093	0.19728	0.13614	0.28252	0.02231	0.05528	0.01633	0.00878	0.00678	0.00205	0.00669	0.00700	0.00691	0.06607
8	0.01833	0.03771	0.03025	0.05869	0.07630	0.15768	0.34425	0.06902	0.01729	0.02176	0.01303	0.01674	0.01023	0.00767	0.02780	0.00234	0.03131	0.00660	0.00369	0.04930
9	0.01766	0.10180	0.02055	0.07930	0.14599	0.06794	0.01291	0.07832	0.07255	0.06117	0.07059	0.01910	0.01563	0.00731	0.00659	0.00180	0.02468	0.00592	0.00464	0.18555
10	0.12859	0.01577	0.01922	0.09439	0.12939	0.03190	0.02824	0.26380	0.04631	0.08413	0.03499	0.03841	0.01366	0.00789	0.00652	0.00209	0.00717	0.00640	0.00545	0.03568
11	0.04443	0.13098	0.13258	0.01682	0.11669	0.01491	0.02643	0.04739	0.08070	0.06017	0.03577	0.05806	0.04020	0.13122	0.01103	0.00278	0.00707	0.00734	0.00451	0.03092
12	0.07947	0.06697	0.05735	0.03498	0.03633	0.06166	0.03041	0.21985	0.04769	0.17287	0.01740	0.03755	0.01292	0.00775	0.00635	0.00196	0.00718	0.00606	0.00574	0.08952

[dist]
# distance from previous block
# <min> <max>
0	16

[block]
# block no. 1 follows, 31 sequences, length 32
# corresponding to MSA columns:
# 47-78
name=unknown_B
#
# <colnr> <probs for GDERKNQSTAVLIFYWHMCP>
#	G	D	E	R	K	N	Q	S	T	A	V	L	I	F	Y	W	H	M	C	P
0	0.17939	0.12605	0.08642	0.02081	0.11629	0.06785	0.17207	0.11037	0.01703	0.02535	0.01220	0.01466	0.00952	0.00642	0.00616	0.00203	0.00861	0.00552	0.00393	0.00931
1	0.13076	0.18219	0.09225	0.01212	0.01696	0.01627	0.01117	0.02344	0.17220	0.08082	0.02177	0.02223	0.07689	0.01204	0.07034	0.00279	0.00730	0.00633	0.00491	0.03721
2	0.15011	0.08820	0.10737	0.10754	0.08596	0.12690	0.08099	0.08799	0.03492	0.02380	0.01231	0.01481	0.00957	0.00663	0.00609	0.00200	0.00868	0.00526	0.00387	0.03699
3	0.08669	0.08405	0.18863	0.09058	0.07035	0.03756	0.04793	0.09348	0.09386	0.06124	0.03602	0.05055	0.01419	0.00790	0.00649	0.00213	0.00785	0.00648	0.00456	0.00946
4	0.01488	0.01023	0.01141	0.01031	0.01311	0.04455	0.00777	0.04768	0.05548	0.13440	0.15206	0.20226	0.13687	0.04077	0.00851	0.00235	0.00492	0.01161	0.00651	0.08432
5	0.07159	0.04325	0.01704	0.03528	0.03706	0.19122	0.01124	0.22266	0.05953	0.02812	0.12512	0.05711	0.05292	0.00960	0.00676	0.00205	0.00749	0.00752	0.00559	0.00883
6	0.08303	0.09598	0.09493	0.06968	0.12675	0.14015	0.06250	0.09911	0.01722	0.02319	0.01285	0.01667	0.01056	0.00705	0.00663	0.00196	0.02675	0.02725	0.00390	0.07382
7	0.01075	0.00906	0.01156	0.01244	0.03625	0.04748	0.04208	0.01314	0.03899	0.01865	0.03240	0.54588	0.03714	0.01801	0.00867	0.00263	0.02458	0.04733	0.03659	0.00636
8	0.00853	0.00666	0.00736	0.00771	0.00916	0.00590	0.00536	0.00993	0.01428	0.01784	0.08633	0.22350	0.41236	0.13897	0.01259	0.00312	0.00409	0.01478	0.00605	0.00549
9	0.01748	0.01759	0.16038	0.04208	0.01989	0.03865	0.01326	0.12905	0.11834	0.11952	0.07984	0.06331	0.10071	0.01054	0.00721	0.00224	0.00674	0.03790	0.00595	0.00933
10	0.01817	0.11292	0.22747	0.01545	0.02167	0.01687	0.03767	0.09421	0.20417	0.10684	0.02051	0.04819	0.02911	0.00836	0.00662	0.00214	0.00740	0.00679	0.00528	0.01018
11	0.00915	0.00634	0.00789	0.00866	0.00892	0.00621	0.00546	0.00987	0.01154	0.01546	0.02926	0.39058	0.03440	0.36051	0.06020	0.00499	0.00597	0.01444	0.00520	0.00494
12	0.02367	0.01574	0.10118	0.01358	0.01891	0.01332	0.01214	0.12291	0.14934	0.35449	0.08134	0.02401	0.01993	0.00881	0.00694	0.00216	0.00628	0.00718	0.00721	0.01087
13	0.01740	0.10586	0.16979	0.07710	0.04768	0.14367	0.07139	0.05607	0.07651	0.02076	0.01517	0.01754	0.03760	0.00795	0.00858	0.00216	0.10610	0.00593	0.00379	0.00895
14	0.01980	0.02276	0.10753	0.02105	0.02657	0.18528	0.25402	0.11540	0.01871	0.05650	0.01469	0.01923	0.01166	0.00766	0.00817	0.00220	0.05575	0.03958	0.00423	0.00922
15	0.01012	0.00773	0.00897	0.00886	0.01072	0.00723	0.00653	0.06957	0.01733	0.02269	0.22644	0.24974	0.29517	0.01680	0.00815	0.00238	0.00389	0.01457	0.00671	0.00640
16	0.07557	0.01884	0.02595	0.09249	0.34801	0.14593	0.12585	0.02236	0.01605	0.04614	0.01281	0.01626	0.01022	0.00638	0.00670	0.00206	0.00924	0.00596	0.00363	0.00955
17	0.04454	0.04180	0.05499	0.01501	0.08916	0.10793	0.01083	0.01803	0.08481	0.02069	0.08809	0.18324	0.15090	0.01279	0.00806	0.00228	0.04333	0.01064	0.00524	0.00763
18	0.00856	0.00605	0.00787	0.00923	0.00957	0.00571	0.00604	0.00959	0.01265	0.01687	0.03542	0.65445	0.04236	0.12603	0.01243	0.00332	0.00435	0.01810	0.00604	0.00536
19	0.04324	0.05500	0.18448	0.08542	0.25179	0.01707	0.10284	0.11199	0.01724	0.02464	0.01328	0.01637	0.01024	0.00654	0.00664	0.00208	0.00873	0.00593	0.02648	0.00998
20	0.01428	0.01369	0.02361	0.49798	0.25034	0.01561	0.04964	0.01875	0.01437	0.01916	0.01245	0.01785	0.00970	0.00657	0.00687	0.00221	0.00893	0.00617	0.00316	0.00866
21	0.01527	0.04979	0.33121	0.06165	0.27148	0.03972	0.05825	0.02088	0.01499	0.02119	0.01349	0.04669	0.01109	0.00696	0.00671	0.00212	0.00916	0.00617	0.00327	0.00989
22	0.01517	0.01094	0.01111	0.00990	0.01258	0.04249	0.00759	0.12757	0.10171	0.04458	0.11775	0.03395	0.12658	0.05953	0.00838	0.00229	0.00491	0.00864	0.24658	0.00775
23	0.04779	0.01867	0.03813	0.04440	0.06739	0.13529	0.09471	0.15373	0.06547	0.03742	0.03625	0.04511	0.03374	0.00908	0.00970	0.00227	0.14021	0.00696	0.00468	0.00902
24	0.01346	0.01233	0.02099	0.02647	0.33159	0.01201	0.09955	0.01672	0.01491	0.02071	0.02463	0.23354	0.06092	0.01172	0.00762	0.00233	0.00685	0.04228	0.03289	0.00847
25	0.00992	0.00688	0.00834	0.00868	0.01019	0.00619	0.00626	0.01169	0.01516	0.05798	0.15108	0.30254	0.26475	0.06645	0.01006	0.00276	0.00407	0.04446	0.00650	0.00604
26	0.61109	0.01599	0.04313	0.01156	0.01625	0.06257	0.04634	0.05830	0.01391	0.05257	0.01091	0.01243	0.00827	0.00654	0.00490	0.00210	0.00644	0.00429	0.00437	0.00803
27	0.02009	0.01579	0.01761	0.01614	0.06445	0.01767	0.01202	0.20544	0.44764	0.07013	0.02386	0.02248	0.01761	0.00875	0.00691	0.00222	0.00616	0.00717	0.00678	0.01108
28	0.01812	0.01422	0.02051	0.06979	0.29110	0.01467	0.01489	0.13787	0.04768	0.09132	0.08232	0.06923	0.01905	0.00873	0.00743	0.00211	0.02863	0.00760	0.00520	0.04955
29	0.01529	0.01506	0.02103	0.43575	0.17017	0.08126	0.01753	0.02073	0.07590	0.01961	0.01354	0.01787	0.01052	0.00683	0.00668	0.00212	0.00867	0.00596	0.00356	0.05191
30	0.05185	0.64237	0.03259	0.01196	0.01759	0.02560	0.01154	0.05831	0.06004	0.01901	0.01109	0.01223	0.00967	0.00623	0.00469	0.00158	0.00712	0.00406	0.00346	0.00901
31	0.09128	0.08104	0.01959	0.01420	0.01894	0.07952	0.03383	0.39808	0.02496	0.03393	0.06336	0.02045	0.05305	0.00854	0.00648	0.00200	0.00723	0.00651	0.02717	0.00982

[dist]
# distance from previous block
# <min> <max>
0	4

[block]
# block no. 2 follows, 31 sequences, length 9
# corresponding to MSA columns:
# 83-91
name=unknown_C
#
# <colnr> <probs for GDERKNQSTAVLIFYWHMCP>
#	G	D	E	R	K	N	Q	S	T	A	V	L	I	F	Y	W	H	M	C	P
0	0.01758	0.20076	0.19453	0.01613	0.02211	0.07192	0.08905	0.04637	0.08020	0.07716	0.03354	0.05942	0.03011	0.00816	0.00676	0.00204	0.02388	0.00665	0.00436	0.00928
1	0.01145	0.00775	0.00976	0.00983	0.01146	0.00750	0.00713	0.01550	0.09409	0.07542	0.25961	0.36019	0.07068	0.01647	0.00815	0.00245	0.00401	0.01466	0.00697	0.00692
2	0.01494	0.01449	0.02084	0.56485	0.07714	0.07029	0.01808	0.05561	0.01503	0.01903	0.01211	0.01741	0.00932	0.00722	0.00778	0.00226	0.05634	0.00595	0.00330	0.00801
3	0.01840	0.11907	0.01883	0.01484	0.05930	0.11489	0.02570	0.05234	0.14809	0.11171	0.06036	0.02420	0.05580	0.01576	0.12702	0.00350	0.00900	0.00700	0.00527	0.00894
4	0.02010	0.08683	0.06043	0.06662	0.16781	0.07199	0.01462	0.17664	0.06098	0.10338	0.01803	0.07709	0.01504	0.00863	0.00674	0.00210	0.00763	0.02023	0.00517	0.00993
5	0.00829	0.00694	0.00722	0.00715	0.00937	0.00586	0.00536	0.01022	0.01608	0.01963	0.15207	0.06395	0.63063	0.01690	0.00808	0.00229	0.00343	0.01417	0.00650	0.00586
6	0.05553	0.08547	0.39569	0.02385	0.19959	0.08280	0.02115	0.02185	0.01500	0.02140	0.01192	0.01444	0.00917	0.00639	0.00626	0.00204	0.00936	0.00508	0.00314	0.00985
7	0.07568	0.06597	0.01876	0.01497	0.01910	0.15183	0.05000	0.09367	0.33590	0.02598	0.01964	0.01989	0.01516	0.01068	0.05050	0.00265	0.00816	0.00640	0.00545	0.00961
8	0.11281	0.07073	0.39860	0.06040	0.10497	0.01632	0.01987	0.02036	0.01417	0.02228	0.04656	0.01617	0.01159	0.00710	0.00713	0.00216	0.05073	0.00540	0.00336	0.00930

[dist]
# distance from previous block
# <min> <max>
0	5

[block]
# block no. 3 follows, 31 sequences, length 15
# corresponding to MSA columns:
# 97-111
name=unknown_D
#
# <colnr> <probs for GDERKNQSTAVLIFYWHMCP>
#	G	D	E	R	K	N	Q	S	T	A	V	L	I	F	Y	W	H	M	C	P
0	0.01082	0.06112	0.03066	0.01062	0.01251	0.00833	0.04311	0.01275	0.01433	0.05170	0.09935	0.43704	0.10716	0.05595	0.00948	0.00271	0.00487	0.01510	0.00596	0.00641
1	0.00842	0.00681	0.00719	0.00732	0.00913	0.00589	0.00523	0.00995	0.01484	0.01816	0.09078	0.12629	0.53600	0.10978	0.01147	0.00288	0.00389	0.01425	0.00613	0.00558
2	0.01453	0.01267	0.01587	0.01409	0.10328	0.01001	0.00971	0.01769	0.01436	0.02230	0.01225	0.01453	0.01022	0.00519	0.00528	0.00114	0.00545	0.00431	0.00397	0.70316
3	0.01595	0.02005	0.12402	0.10560	0.12195	0.13076	0.15784	0.02063	0.04008	0.01986	0.01590	0.10309	0.01435	0.00973	0.02674	0.00248	0.05083	0.00773	0.00377	0.00863
4	0.01381	0.00856	0.00892	0.00833	0.01056	0.00880	0.00637	0.10038	0.06269	0.02649	0.02872	0.08013	0.10333	0.01016	0.00586	0.00187	0.00396	0.00833	0.49553	0.00720
5	0.01827	0.02559	0.19765	0.01856	0.02361	0.24178	0.09800	0.04757	0.07736	0.02062	0.01475	0.06482	0.01259	0.00856	0.00874	0.00221	0.10007	0.00657	0.00391	0.00881
6	0.01949	0.11042	0.10217	0.01893	0.12820	0.01714	0.04437	0.14471	0.14981	0.11507	0.02147	0.02159	0.06008	0.00813	0.00665	0.00208	0.00718	0.00674	0.00542	0.01033
7	0.00919	0.00717	0.00895	0.01052	0.05887	0.00651	0.00684	0.01108	0.01488	0.01951	0.10745	0.33097	0.30730	0.01738	0.00808	0.00242	0.00395	0.01523	0.04757	0.00613
8	0.01439	0.01563	0.10706	0.41837	0.10172	0.01513	0.01773	0.06854	0.06154	0.02146	0.01677	0.02059	0.04448	0.00754	0.00677	0.00220	0.00827	0.00649	0.03672	0.00859
9	0.01778	0.44977	0.07837	0.10357	0.06888	0.11097	0.01421	0.02074	0.01459	0.01714	0.01075	0.01332	0.00930	0.00807	0.03542	0.00208	0.00886	0.00446	0.00307	0.00865
10	0.01578	0.01828	0.15390	0.12124	0.13540	0.03353	0.06256	0.10855	0.07852	0.02290	0.01617	0.02274	0.01383	0.15300	0.01227	0.00303	0.00837	0.00689	0.00418	0.00887
11	0.00849	0.00668	0.00767	0.00799	0.00963	0.00586	0.00578	0.01040	0.01572	0.02011	0.19785	0.24861	0.39545	0.01772	0.00826	0.00240	0.00355	0.01535	0.00660	0.00586
12	0.01818	0.04173	0.32875	0.01753	0.02450	0.10383	0.08266	0.05593	0.04461	0.12184	0.01899	0.04569	0.04896	0.00806	0.00682	0.00214	0.00897	0.00667	0.00448	0.00966
13	0.08865	0.12617	0.11989	0.03319	0.07089	0.07094	0.11341	0.15109	0.01808	0.02496	0.01574	0.10675	0.01412	0.00850	0.00657	0.00210	0.00823	0.00723	0.00438	0.00912
14	0.01780	0.01819	0.01692	0.01562	0.04485	0.23844	0.06026	0.12399	0.04675	0.02279	0.06068	0.20061	0.08047	0.01189	0.00735	0.00219	0.00785	0.01004	0.00530	0.00800

[dist]
# distance from previous block
# <min> <max>
1	14

[block]
# block no. 4 follows, 31 sequences, length 12
# corresponding to MSA columns:
# 126-137
name=unknown_E
#
# <colnr> <probs for GDERKNQSTAVLIFYWHMCP>
#	G	D	E	R	K	N	Q	S	T	A	V	L	I	F	Y	W	H	M	C	P
0	0.01053	0.00747	0.00947	0.01048	0.04284	0.00698	0.00698	0.01290	0.04069	0.05774	0.12898	0.35599	0.18530	0.07846	0.01040	0.00283	0.00433	0.01493	0.00633	0.00638
1	0.03947	0.19503	0.06352	0.04667	0.01967	0.04462	0.01258	0.12285	0.11876	0.09018	0.01825	0.04135	0.03821	0.00867	0.00799	0.00208	0.09076	0.00631	0.00495	0.02809
2	0.07010	0.03957	0.05294	0.01630	0.02111	0.20194	0.08754	0.15374	0.05955	0.09832	0.01488	0.01624	0.01120	0.00796	0.00774	0.03095	0.03517	0.00566	0.00487	0.06421
3	0.18783	0.05561	0.01955	0.07834	0.06839	0.29207	0.07335	0.02189	0.01544	0.02033	0.01196	0.01614	0.01024	0.05659	0.04293	0.00269	0.00990	0.00530	0.00364	0.00782
4	0.14700	0.23498	0.02199	0.01311	0.01760	0.09981	0.01121	0.18926	0.01829	0.02551	0.01236	0.01448	0.01021	0.01169	0.08245	0.00281	0.04320	0.00488	0.00431	0.03486
5	0.01677	0.01657	0.02595	0.16492	0.55379	0.06154	0.02015	0.02077	0.01548	0.02113	0.01260	0.01687	0.01040	0.00629	0.00675	0.00206	0.00857	0.00599	0.00333	0.01008
6	0.01033	0.00784	0.00974	0.01022	0.01142	0.00816	0.00724	0.01499	0.13588	0.01979	0.09515	0.40207	0.03727	0.08901	0.10376	0.00404	0.00624	0.01429	0.00603	0.00652
7	0.01618	0.03357	0.01590	0.01417	0.05991	0.01286	0.03166	0.13062	0.07753	0.09402	0.15111	0.03159	0.09720	0.03636	0.11828	0.00364	0.05239	0.00862	0.00587	0.00851
8	0.10052	0.01988	0.02011	0.16084	0.13197	0.19891	0.01477	0.19612	0.02022	0.05391	0.01329	0.01556	0.01009	0.00715	0.00640	0.00203	0.00886	0.00547	0.00453	0.00936
9	0.01672	0.62930	0.03112	0.01154	0.01651	0.02342	0.01109	0.01888	0.01395	0.01656	0.01441	0.09387	0.01483	0.00844	0.00521	0.00172	0.00689	0.05375	0.00353	0.00826
10	0.00965	0.00663	0.00813	0.00839	0.00866	0.00677	0.00525	0.01025	0.01065	0.01440	0.02373	0.16102	0.02701	0.51841	0.14596	0.00671	0.00812	0.01111	0.00444	0.00471
11	0.01709	0.01439	0.02556	0.13192	0.15389	0.01466	0.22018	0.02180	0.04772	0.12514	0.01945	0.07415	0.03941	0.00848	0.00835	0.00230	0.05357	0.00815	0.00458	0.00921

[dist]
# distance from previous block
# <min> <max>
0	1

[block]
# block no. 5 follows, 31 sequences, length 20
# corresponding to MSA columns:
# 139-158
name=unknown_F
#
# <colnr> <probs for GDERKNQSTAVLIFYWHMCP>
#	G	D	E	R	K	N	Q	S	T	A	V	L	I	F	Y	W	H	M	C	P
0	0.10863	0.06550	0.01676	0.01292	0.01671	0.07330	0.06811	0.07342	0.04081	0.13812	0.05801	0.03219	0.11658	0.01143	0.00837	0.05940	0.00664	0.07935	0.00560	0.00814
1	0.00828	0.00616	0.00773	0.00899	0.00978	0.00560	0.00611	0.00959	0.01362	0.01768	0.04428	0.61165	0.18445	0.02058	0.00860	0.00268	0.00386	0.01841	0.00635	0.00560
2	0.01876	0.01792	0.02491	0.03105	0.40641	0.08805	0.06441	0.11874	0.07872	0.02518	0.01563	0.02011	0.01295	0.00736	0.00696	0.00211	0.00837	0.03769	0.00435	0.01033
3	0.03742	0.10599	0.11826	0.04874	0.07778	0.16650	0.01411	0.05702	0.11787	0.04372	0.08344	0.04220	0.01851	0.00863	0.00658	0.00206	0.00803	0.02941	0.00473	0.00900
4	0.01564	0.15516	0.26549	0.05504	0.08554	0.01794	0.15357	0.04512	0.06297	0.02166	0.01606	0.01828	0.04352	0.00698	0.00660	0.00208	0.00896	0.00622	0.00364	0.00954
5	0.00882	0.00629	0.00837	0.00945	0.00993	0.00622	0.00638	0.01004	0.01227	0.01656	0.03201	0.52507	0.03744	0.13938	0.13330	0.00474	0.00677	0.01598	0.00557	0.00543
6	0.01550	0.01953	0.10478	0.04151	0.06648	0.18668	0.15843	0.01894	0.01577	0.01912	0.02263	0.21463	0.06413	0.01111	0.00748	0.00226	0.00875	0.01006	0.00434	0.00788
7	0.05808	0.04264	0.05440	0.03708	0.15168	0.05028	0.06266	0.19425	0.06741	0.04812	0.01841	0.08400	0.01616	0.00933	0.00748	0.00223	0.03059	0.05049	0.00511	0.00961
8	0.01188	0.00895	0.01213	0.01144	0.01346	0.00876	0.05569	0.07019	0.06323	0.04662	0.12732	0.40890	0.10096	0.01657	0.00820	0.00250	0.00481	0.01490	0.00646	0.00703
9	0.01496	0.02209	0.24743	0.06993	0.24548	0.06017	0.09169	0.01999	0.01528	0.02087	0.01855	0.05697	0.07036	0.00800	0.00700	0.00216	0.00886	0.00723	0.00362	0.00937
10	0.01745	0.01555	0.02272	0.29005	0.13699	0.07863	0.10438	0.06814	0.04059	0.08511	0.01616	0.06486	0.01311	0.00786	0.00706	0.00220	0.00870	0.00718	0.00430	0.00896
11	0.01902	0.14082	0.16493	0.08350	0.06228	0.15986	0.08317	0.12255	0.01791	0.02242	0.01211	0.01467	0.00950	0.00702	0.00728	0.00202	0.05258	0.00537	0.00371	0.00928
12	0.00994	0.00710	0.01014	0.01014	0.01103	0.00799	0.00748	0.01154	0.01065	0.01509	0.01858	0.03016	0.01837	0.19490	0.54455	0.06019	0.01514	0.00778	0.00372	0.00551
13	0.01783	0.02483	0.19055	0.10905	0.02670	0.24642	0.08528	0.04373	0.06003	0.02002	0.01368	0.01684	0.01078	0.01200	0.08974	0.00308	0.01141	0.00575	0.00364	0.00864
14	0.05800	0.07805	0.09234	0.02037	0.14029	0.07450	0.07177	0.15777	0.09327	0.04699	0.01661	0.02102	0.01360	0.04327	0.00799	0.00232	0.00810	0.03924	0.00477	0.00970
15	0.04058	0.01340	0.01728	0.21292	0.13266	0.07986	0.03427	0.05356	0.01597	0.02055	0.02719	0.10925	0.14273	0.01114	0.00734	0.00230	0.00734	0.05932	0.00460	0.00775
16	0.01761	0.06724	0.02565	0.07826	0.51445	0.01611	0.01834	0.02205	0.04588	0.07917	0.01635	0.01918	0.03577	0.00685	0.00667	0.00204	0.00766	0.00635	0.00401	0.01039
17	0.01496	0.01308	0.04650	0.01341	0.05138	0.08103	0.01016	0.10724	0.01815	0.06869	0.10861	0.23764	0.10921	0.01433	0.00782	0.00238	0.00599	0.07564	0.00609	0.00770
18	0.04843	0.03510	0.06818	0.09364	0.23404	0.01346	0.10024	0.01808	0.03589	0.02094	0.02222	0.15831	0.05568	0.01053	0.00737	0.00232	0.00742	0.05527	0.00436	0.00852
19	0.01668	0.01652	0.01780	0.01654	0.06587	0.16139	0.05433	0.07294	0.05143	0.01989	0.01569	0.04404	0.01472	0.13814	0.09446	0.00387	0.12129	0.00699	0.00412	0.06327

[dist]
# distance from previous block
# <min> <max>
0	33

[block]
# block no. 6 follows, 31 sequences, length 12
# corresponding to MSA columns:
# 193-204
name=unknown_G
#
# <colnr> <probs for GDERKNQSTAVLIFYWHMCP>
#	G	D	E	R	K	N	Q	S	T	A	V	L	I	F	Y	W	H	M	C	P
0	0.06114	0.19743	0.15369	0.05441	0.02274	0.01738	0.08976	0.06644	0.05676	0.06803	0.03649	0.01868	0.04231	0.00723	0.00612	0.00192	0.00761	0.00591	0.00430	0.08165
1	0.02021	0.25629	0.10466	0.01486	0.02005	0.15068	0.01368	0.11165	0.05639	0.06070	0.01303	0.01438	0.01037	0.00733	0.00729	0.00188	0.07753	0.00493	0.00415	0.04994
2	0.05869	0.16444	0.07273	0.05862	0.04918	0.10331	0.03276	0.07556	0.01641	0.06062	0.01496	0.08374	0.01322	0.00778	0.00599	0.00180	0.00748	0.00617	0.00427	0.16225
3	0.06890	0.11438	0.23266	0.05193	0.02250	0.09677	0.01516	0.05749	0.04688	0.02262	0.03811	0.01565	0.01170	0.00668	0.00587	0.00180	0.00800	0.00501	0.00387	0.17402
4	0.02519	0.02297	0.04629	0.01618	0.02122	0.21472	0.01332	0.43249	0.05783	0.05952	0.01558	0.01590	0.01136	0.00789	0.00665	0.00199	0.00878	0.00574	0.00585	0.01053
5	0.24489	0.02168	0.01932	0.01662	0.04519	0.24977	0.07536	0.20077	0.02014	0.02833	0.01221	0.01381	0.00938	0.00701	0.00600	0.00200	0.00886	0.00508	0.00459	0.00899
6	0.00958	0.00715	0.01059	0.01080	0.01191	0.00815	0.00826	0.01186	0.01128	0.01609	0.02091	0.12409	0.02086	0.04732	0.63584	0.00990	0.01641	0.00895	0.00402	0.00603
7	0.01245	0.01020	0.07644	0.00979	0.01277	0.00762	0.00842	0.01560	0.01777	0.11708	0.37906	0.08641	0.19239	0.01369	0.00780	0.00222	0.00431	0.01180	0.00690	0.00729
8	0.02442	0.01838	0.01964	0.01542	0.02061	0.02048	0.01262	0.57805	0.15077	0.04056	0.01844	0.01803	0.01327	0.00840	0.00686	0.00210	0.00716	0.00644	0.00686	0.01149
9	0.00917	0.00708	0.00857	0.00942	0.01111	0.00648	0.00748	0.01130	0.01518	0.01899	0.05164	0.20018	0.34917	0.01866	0.00869	0.00270	0.00456	0.24737	0.00633	0.00592
10	0.01806	0.01681	0.05645	0.04556	0.15347	0.06137	0.16104	0.02194	0.01573	0.11470	0.01436	0.01690	0.01097	0.00650	0.00744	0.00189	0.04924	0.00593	0.00421	0.21742
11	0.01087	0.00807	0.00955	0.00928	0.01135	0.00775	0.00701	0.01555	0.10882	0.04900	0.30270	0.14753	0.22883	0.01527	0.00803	0.00234	0.00391	0.04026	0.00696	0.00692

[dist]
# distance from previous block
# <min> <max>
0	11

[block]
# block no. 7 follows, 31 sequences, length 11
# corresponding to MSA columns:
# 216-226
name=unknown_H
#
# <colnr> <probs for GDERKNQSTAVLIFYWHMCP>
#	G	D	E	R	K	N	Q	S	T	A	V	L	I	F	Y	W	H	M	C	P
0	0.01419	0.11072	0.65293	0.01869	0.02836	0.01705	0.02387	0.02154	0.01439	0.02109	0.01199	0.01409	0.00868	0.00643	0.00628	0.00209	0.00982	0.00491	0.00289	0.00997
1	0.01695	0.04491	0.09529	0.08397	0.07107	0.06438	0.34740	0.06132	0.06112	0.02237	0.01393	0.01747	0.01066	0.00675	0.00818	0.00224	0.05203	0.00688	0.00375	0.00931
2	0.01677	0.05764	0.01620	0.01332	0.01725	0.01690	0.01053	0.06140	0.58198	0.02772	0.02954	0.02745	0.07403	0.00967	0.00690	0.00226	0.00546	0.00796	0.00668	0.01035
3	0.01526	0.01280	0.01476	0.01064	0.01667	0.01022	0.00855	0.07873	0.01582	0.02419	0.01255	0.01439	0.01027	0.00535	0.00523	0.00111	0.00529	0.00424	0.00431	0.72963
4	0.00911	0.06524	0.01012	0.00970	0.01052	0.00724	0.00677	0.01038	0.01316	0.01736	0.03550	0.69688	0.04240	0.02021	0.00839	0.00268	0.00423	0.01821	0.00608	0.00581
5	0.00838	0.00607	0.00793	0.00930	0.00989	0.00562	0.00627	0.00971	0.01358	0.01802	0.07288	0.67204	0.09348	0.02078	0.00865	0.00271	0.00390	0.01875	0.00641	0.00562
6	0.01646	0.08337	0.04767	0.10071	0.05768	0.01624	0.22109	0.07803	0.01630	0.06084	0.03213	0.09141	0.01513	0.00858	0.00854	0.00221	0.07676	0.00785	0.00429	0.05471
7	0.08564	0.09967	0.12580	0.06144	0.02710	0.06407	0.22170	0.15468	0.01867	0.05716	0.01360	0.01590	0.01009	0.00668	0.00665	0.00209	0.00923	0.00603	0.00426	0.00956
8	0.01857	0.07449	0.17412	0.09214	0.02937	0.06626	0.22558	0.11443	0.04116	0.07595	0.01462	0.01697	0.01069	0.00677	0.00694	0.00213	0.00958	0.00632	0.00422	0.00969
9	0.08296	0.02358	0.19409	0.08654	0.02933	0.13438	0.23621	0.06947	0.01689	0.02297	0.03138	0.01659	0.01089	0.00669	0.00687	0.00214	0.01008	0.00618	0.00371	0.00902
10	0.01660	0.01941	0.07683	0.02467	0.08213	0.08184	0.36353	0.04436	0.01594	0.02127	0.01497	0.03865	0.03054	0.00761	0.00952	0.00229	0.10901	0.00743	0.00366	0.02975

[dist]
# distance from previous block
# <min> <max>
0	26

[block]
# block no. 8 follows, 31 sequences, length 105
# corresponding to MSA columns:
# 253-357
name=unknown_I
#
# <colnr> <probs for GDERKNQSTAVLIFYWHMCP>
#	G	D	E	R	K	N	Q	S	T	A	V	L	I	F	Y	W	H	M	C	P
0	0.04058	0.05725	0.07718	0.06911	0.09770	0.07821	0.32396	0.03685	0.03223	0.02172	0.01519	0.01953	0.02871	0.00679	0.00713	0.00213	0.00972	0.02420	0.00373	0.04808
1	0.03874	0.01983	0.15059	0.02228	0.02891	0.01605	0.37044	0.08015	0.01727	0.09621	0.01802	0.02045	0.05031	0.00724	0.00791	0.00226	0.03201	0.00744	0.00434	0.00954
2	0.01705	0.16365	0.08840	0.05781	0.02315	0.05883	0.14954	0.06476	0.06359	0.06588	0.06987	0.08806	0.01832	0.00862	0.00676	0.00206	0.00792	0.00765	0.00465	0.03343
3	0.11140	0.01550	0.07655	0.05360	0.02012	0.06560	0.08374	0.05388	0.03117	0.06950	0.04990	0.14939	0.01990	0.01034	0.00784	0.00222	0.05258	0.03221	0.00490	0.08963
4	0.01060	0.00830	0.03106	0.00935	0.01132	0.00716	0.00716	0.04711	0.01673	0.04948	0.22959	0.29729	0.21568	0.01669	0.00815	0.00241	0.00408	0.01461	0.00668	0.00655
5	0.01945	0.10469	0.01835	0.01371	0.01762	0.19232	0.01084	0.19643	0.05962	0.02497	0.01903	0.17545	0.01829	0.01026	0.00663	0.00198	0.00754	0.00820	0.00519	0.08944
6	0.04017	0.02100	0.14880	0.02673	0.03408	0.01701	0.56428	0.02182	0.01574	0.02215	0.01346	0.01759	0.01001	0.00590	0.00770	0.00228	0.01111	0.00746	0.00339	0.00931
7	0.01776	0.36496	0.27306	0.01606	0.02325	0.07638	0.06242	0.02218	0.01496	0.05460	0.01174	0.01342	0.00927	0.00630	0.00564	0.00182	0.00889	0.00467	0.00328	0.00935
8	0.01419	0.10933	0.65424	0.01871	0.02839	0.01702	0.02390	0.02155	0.01439	0.02110	0.01200	0.01409	0.00868	0.00643	0.00629	0.00210	0.00983	0.00491	0.00289	0.00998
9	0.00850	0.00614	0.00804	0.00927	0.00993	0.00569	0.00630	0.00998	0.01404	0.01882	0.12747	0.62775	0.08223	0.02025	0.00861	0.00267	0.00385	0.01827	0.00650	0.00569
10	0.01988	0.60714	0.03249	0.01275	0.01833	0.09578	0.01200	0.09770	0.01652	0.01923	0.01040	0.01173	0.00911	0.00624	0.00484	0.00156	0.00783	0.00402	0.00343	0.00902
11	0.00992	0.00676	0.00810	0.00810	0.00832	0.00698	0.00494	0.01036	0.01014	0.01374	0.02097	0.04153	0.02346	0.63123	0.16123	0.00742	0.00875	0.00947	0.00406	0.00450
12	0.01620	0.01807	0.04611	0.02183	0.02497	0.07205	0.26143	0.01989	0.03082	0.01891	0.01143	0.01629	0.00977	0.00914	0.01521	0.00261	0.38700	0.00665	0.00330	0.00830
13	0.01957	0.01596	0.01691	0.01444	0.01876	0.01821	0.01145	0.22288	0.51385	0.03273	0.02461	0.02294	0.01826	0.00898	0.00693	0.00224	0.00601	0.00729	0.00693	0.01106
14	0.00814	0.00672	0.00715	0.00749	0.00939	0.00573	0.00545	0.00976	0.01505	0.01826	0.06246	0.21523	0.56914	0.01822	0.00823	0.00241	0.00357	0.01552	0.00635	0.00573
15	0.00821	0.00694	0.00710	0.00706	0.00931	0.00583	0.00529	0.01005	0.01588	0.01916	0.11785	0.06473	0.66515	0.01707	0.00808	0.00230	0.00345	0.01428	0.00644	0.00583
16	0.01520	0.01805	0.08067	0.02482	0.03022	0.01700	0.47407	0.02000	0.01478	0.02058	0.01461	0.07171	0.01258	0.00809	0.01062	0.00246	0.14396	0.00833	0.00355	0.00870
17	0.01550	0.02051	0.15680	0.13242	0.03350	0.03910	0.35855	0.02198	0.06170	0.02113	0.01383	0.01776	0.01045	0.00675	0.00843	0.00231	0.05975	0.00695	0.00350	0.00909
18	0.04662	0.06297	0.55429	0.01776	0.02632	0.01530	0.04586	0.02052	0.01495	0.02249	0.09505	0.01863	0.01529	0.00732	0.00655	0.00214	0.00902	0.00591	0.00352	0.00947
19	0.01292	0.01216	0.02052	0.74312	0.04712	0.01520	0.01900	0.01748	0.01368	0.01748	0.01216	0.01824	0.00912	0.00684	0.00684	0.00228	0.00912	0.00608	0.00304	0.00760
20	0.07459	0.08365	0.02060	0.01480	0.02001	0.09493	0.01226	0.45540	0.02666	0.10748	0.01588	0.01590	0.01138	0.00780	0.00640	0.00198	0.00770	0.00568	0.00616	0.01074
21	0.01731	0.02074	0.16961	0.02419	0.03122	0.01631	0.43636	0.02358	0.04471	0.10046	0.01545	0.01840	0.01118	0.00655	0.00802	0.00228	0.03264	0.00727	0.00404	0.00968
22	0.01530	0.09876	0.33679	0.02310	0.03131	0.01764	0.33595	0.02167	0.01519	0.02124	0.01274	0.01598	0.00948	0.00609	0.00703	0.00216	0.01050	0.00633	0.00316	0.00957
23	0.00914	0.00708	0.00762	0.00745	0.00970	0.00603	0.00560	0.01113	0.01627	0.04463	0.16991	0.07948	0.56882	0.01659	0.00806	0.00229	0.00352	0.01397	0.00662	0.00609
24	0.17150	0.01939	0.01780	0.01540	0.04362	0.13421	0.01191	0.32871	0.13487	0.03343	0.01591	0.01626	0.01186	0.00777	0.00626	0.00206	0.00756	0.00567	0.00571	0.01008
25	0.01513	0.01510	0.02234	0.49090	0.22286	0.08049	0.01901	0.01931	0.01470	0.01871	0.01220	0.01736	0.00955	0.00666	0.00676	0.00217	0.00915	0.00593	0.00318	0.00849
26	0.00809	0.00693	0.00693	0.00693	0.00924	0.00578	0.00520	0.00982	0.01559	0.01848	0.06931	0.06584	0.71411	0.01733	0.00809	0.00231	0.00347	0.01444	0.00635	0.00578
27	0.01494	0.01486	0.02128	0.06446	0.05557	0.02036	0.01553	0.01676	0.01094	0.01683	0.00938	0.01527	0.00908	0.01135	0.02067	0.00290	0.66314	0.00600	0.00302	0.00766
28	0.09799	0.04926	0.01910	0.01483	0.01938	0.06441	0.01212	0.38046	0.16373	0.03441	0.01693	0.01718	0.01263	0.00833	0.00753	0.00213	0.05714	0.00602	0.00599	0.01044
29	0.02706	0.01439	0.02036	0.01790	0.09935	0.06040	0.09222	0.03018	0.01871	0.51174	0.02272	0.02125	0.01492	0.00778	0.00696	0.00211	0.00720	0.00676	0.00696	0.01101
30	0.00968	0.00699	0.00914	0.00861	0.01022	0.00646	0.00646	0.01291	0.01937	0.02743	0.71328	0.05110	0.06455	0.01399	0.00807	0.00215	0.00323	0.01237	0.00753	0.00646
31	0.12030	0.01867	0.03226	0.02446	0.05114	0.07419	0.46503	0.05083	0.05172	0.02388	0.01381	0.01724	0.01047	0.00624	0.00727	0.00222	0.01020	0.00706	0.00388	0.00912
32	0.01426	0.12157	0.64267	0.01858	0.02818	0.01721	0.02367	0.02153	0.01438	0.02101	0.01195	0.01403	0.00868	0.00642	0.00625	0.00208	0.00978	0.00489	0.00289	0.00995
33	0.00968	0.00699	0.00914	0.00861	0.01022	0.00646	0.00646	0.01291	0.01937	0.02743	0.71328	0.05110	0.06455	0.01399	0.00807	0.00215	0.00323	0.01237	0.00753	0.00646
34	0.02556	0.03261	0.01939	0.01763	0.02115	0.73210	0.01322	0.02732	0.01939	0.01674	0.01058	0.01234	0.00881	0.00705	0.00617	0.00176	0.01234	0.00441	0.00353	0.00793
35	0.02927	0.01196	0.01583	0.01235	0.01750	0.01078	0.01014	0.03365	0.09088	0.64949	0.02708	0.02352	0.01735	0.00855	0.00689	0.00214	0.00578	0.00697	0.00831	0.01156
36	0.00809	0.00693	0.00693	0.00693	0.00924	0.00578	0.00520	0.00982	0.01559	0.01848	0.06931	0.06584	0.71411	0.01733	0.00809	0.00231	0.00347	0.01444	0.00635	0.00578
37	0.00995	0.00663	0.00746	0.00746	0.00746	0.00663	0.00415	0.00995	0.00995	0.01327	0.02156	0.04477	0.02487	0.75957	0.03482	0.00663	0.00663	0.00995	0.00415	0.00415
38	0.01606	0.01547	0.02410	0.08775	0.34811	0.01829	0.01806	0.03920	0.01378	0.02011	0.01129	0.01620	0.00994	0.00869	0.01337	0.00246	0.31857	0.00605	0.00330	0.00919
39	0.01615	0.01845	0.04037	0.02884	0.03576	0.01730	0.69204	0.02191	0.01615	0.02191	0.01384	0.01845	0.01038	0.00577	0.00807	0.00231	0.01153	0.00807	0.00346	0.00923
40	0.00834	0.00595	0.00794	0.00953	0.00992	0.00556	0.00635	0.00953	0.01310	0.01746	0.03771	0.75510	0.04525	0.02143	0.00873	0.00278	0.00397	0.01945	0.00635	0.00556
41	0.71904	0.01390	0.01125	0.00976	0.01414	0.01601	0.00804	0.09669	0.01398	0.03211	0.01031	0.01172	0.00789	0.00656	0.00453	0.00211	0.00555	0.00398	0.00453	0.00789
42	0.02294	0.01903	0.06316	0.01551	0.02086	0.01981	0.01321	0.48362	0.20328	0.03806	0.01909	0.01863	0.01382	0.00838	0.00685	0.00213	0.00715	0.00649	0.00663	0.01133
43	0.00843	0.00602	0.00805	0.00964	0.01008	0.00564	0.00652	0.00969	0.01319	0.01757	0.03765	0.73053	0.04504	0.02134	0.00876	0.00279	0.00405	0.04306	0.00635	0.00558
44	0.01008	0.00711	0.00912	0.00855	0.01032	0.00649	0.00644	0.01316	0.01905	0.04418	0.64041	0.05167	0.11938	0.01414	0.00804	0.00216	0.00331	0.01241	0.00745	0.00653
45	0.01690	0.04319	0.02745	0.12255	0.16317	0.08209	0.22158	0.02405	0.14670	0.02173	0.01540	0.01848	0.01203	0.00708	0.00789	0.00221	0.04731	0.00676	0.00402	0.00940
46	0.01422	0.05754	0.60446	0.02055	0.03007	0.01646	0.11889	0.02166	0.01467	0.02151	0.01240	0.01489	0.00891	0.00637	0.00665	0.00216	0.01022	0.00543	0.00297	0.00994
47	0.01615	0.01845	0.04037	0.02884	0.03576	0.01730	0.69204	0.02191	0.01615	0.02191	0.01384	0.01845	0.01038	0.00577	0.00807	0.00231	0.01153	0.00807	0.00346	0.00923
48	0.75908	0.01360	0.01071	0.00942	0.01373	0.01571	0.00776	0.06219	0.01292	0.03147	0.00996	0.01145	0.00767	0.00647	0.00440	0.00211	0.00543	0.00386	0.00440	0.00767
49	0.01515	0.19835	0.42268	0.01926	0.08393	0.01826	0.04286	0.02179	0.04998	0.02101	0.03721	0.01585	0.01153	0.00670	0.00617	0.00201	0.00887	0.00532	0.00333	0.00975
50	0.01723	0.11999	0.03798	0.02558	0.03207	0.07930	0.54281	0.02218	0.01612	0.02069	0.01298	0.01693	0.01003	0.00589	0.00742	0.00215	0.01103	0.00717	0.00339	0.00906
51	0.00930	0.00698	0.00861	0.00820	0.00999	0.00629	0.00615	0.01217	0.01846	0.02529	0.55884	0.05464	0.22033	0.01479	0.00807	0.00219	0.00328	0.01287	0.00725	0.00629
52	0.01883	0.60743	0.03192	0.01252	0.01792	0.09225	0.01175	0.02298	0.09505	0.01762	0.01175	0.01280	0.01020	0.00637	0.00486	0.00159	0.00757	0.00420	0.00345	0.00894
53	0.01917	0.01833	0.06865	0.01487	0.01943	0.07955	0.01239	0.12831	0.47992	0.04765	0.02355	0.02220	0.01751	0.00871	0.00684	0.00222	0.00667	0.00700	0.00639	0.01066
54	0.00820	0.00694	0.00709	0.00705	0.00931	0.00583	0.00529	0.01005	0.01587	0.01914	0.11665	0.06476	0.66635	0.01708	0.00808	0.00230	0.00345	0.01429	0.00644	0.00583
55	0.09560	0.60999	0.07919	0.01214	0.01810	0.02492	0.01226	0.04859	0.01448	0.01903	0.00999	0.01145	0.00876	0.00604	0.00462	0.00160	0.00732	0.00386	0.00322	0.00885
56	0.21835	0.06996	0.21332	0.01586	0.02192	0.19405	0.05740	0.04221	0.01591	0.07445	0.01229	0.01383	0.00919	0.00671	0.00586	0.00201	0.00899	0.00482	0.00394	0.00891
57	0.02508	0.03182	0.01946	0.01764	0.02101	0.70038	0.01330	0.02683	0.01899	0.01673	0.01050	0.01245	0.00882	0.00727	0.00689	0.00182	0.04510	0.00448	0.00350	0.00791
58	0.00828	0.00694	0.00721	0.00714	0.00936	0.00586	0.00535	0.01020	0.01606	0.01959	0.14915	0.06401	0.63357	0.01691	0.00808	0.00229	0.00344	0.01418	0.00650	0.00586
59	0.21243	0.02097	0.01681	0.01427	0.01858	0.23374	0.01130	0.24818	0.08209	0.03032	0.03907	0.01596	0.01248	0.00772	0.00607	0.00201	0.00810	0.00540	0.00525	0.00924
60	0.29508	0.01643	0.02374	0.01830	0.02288	0.03378	0.24544	0.09686	0.01551	0.02637	0.01173	0.01492	0.00921	0.00732	0.00896	0.00231	0.13268	0.00589	0.00404	0.00854
61	0.00861	0.00607	0.00786	0.00917	0.00950	0.00574	0.00597	0.00960	0.01255	0.01674	0.03491	0.63224	0.04172	0.14911	0.01324	0.00345	0.00443	0.01781	0.00597	0.00531
62	0.09050	0.01638	0.01855	0.06398	0.02108	0.01866	0.01258	0.36002	0.11677	0.09865	0.01721	0.01780	0.01254	0.00857	0.00846	0.00223	0.09334	0.00620	0.00608	0.01040
63	0.13013	0.26073	0.05518	0.05118	0.02030	0.10522	0.01274	0.17636	0.01838	0.04360	0.01192	0.01353	0.00949	0.00717	0.00664	0.00192	0.05737	0.00476	0.00424	0.00914
64	0.02556	0.03261	0.01939	0.01763	0.02115	0.73210	0.01322	0.02732	0.01939	0.01674	0.01058	0.01234	0.00881	0.00705	0.00617	0.00176	0.01234	0.00441	0.00353	0.00793
65	0.01193	0.00763	0.01009	0.01081	0.01239	0.00731	0.00839	0.01481	0.04391	0.09188	0.07664	0.35797	0.07038	0.01816	0.00863	0.00275	0.00491	0.22806	0.00665	0.00670
66	0.01569	0.01889	0.08364	0.02657	0.03285	0.01723	0.55709	0.02109	0.01547	0.02132	0.01405	0.01991	0.01115	0.00688	0.00942	0.00239	0.08289	0.03099	0.00348	0.00901
67	0.06329	0.01811	0.02013	0.18244	0.20660	0.19414	0.01533	0.02319	0.03795	0.10389	0.05782	0.01890	0.01415	0.00739	0.00659	0.00205	0.00858	0.00607	0.00436	0.00902
68	0.03016	0.01250	0.01641	0.01258	0.01789	0.01132	0.01039	0.10842	0.02101	0.64453	0.02579	0.02251	0.01633	0.00844	0.00688	0.00211	0.00602	0.00680	0.00828	0.01164
69	0.02513	0.05395	0.01985	0.01724	0.02095	0.65291	0.01310	0.06360	0.03792	0.01847	0.01131	0.01286	0.00928	0.00713	0.00617	0.00178	0.01174	0.00457	0.00378	0.00823
70	0.01627	0.08138	0.24192	0.02757	0.27770	0.01750	0.09777	0.04852	0.06221	0.02266	0.01357	0.01638	0.01061	0.00663	0.00712	0.00211	0.03039	0.00592	0.00357	0.01020
71	0.01675	0.01949	0.10470	0.02628	0.03302	0.01691	0.54661	0.02230	0.01588	0.06527	0.01424	0.01817	0.01054	0.00635	0.00864	0.00232	0.05186	0.00759	0.00369	0.00937
72	0.00834	0.00595	0.00794	0.00953	0.00992	0.00556	0.00635	0.00953	0.01310	0.01746	0.03771	0.75510	0.04525	0.02143	0.00873	0.00278	0.00397	0.01945	0.00635	0.00556
73	0.09635	0.05764	0.02009	0.12685	0.10140	0.22592	0.03476	0.04694	0.07899	0.02105	0.01452	0.06545	0.01267	0.00830	0.00753	0.00212	0.06054	0.00635	0.00406	0.00845
74	0.01574	0.01513	0.02607	0.20742	0.47144	0.01584	0.06530	0.02040	0.03264	0.02126	0.01385	0.01939	0.01151	0.00672	0.00696	0.00215	0.00847	0.02641	0.00349	0.00982
75	0.03070	0.01164	0.01588	0.01217	0.01746	0.01006	0.01006	0.03334	0.01958	0.72163	0.02699	0.02329	0.01694	0.00847	0.00688	0.00212	0.00582	0.00688	0.00847	0.01164
76	0.01810	0.38467	0.26368	0.01541	0.02226	0.15324	0.01654	0.02214	0.01509	0.01808	0.01064	0.01239	0.00875	0.00629	0.00543	0.00175	0.00918	0.00426	0.00302	0.00907
77	0.01526	0.02667	0.36963	0.11662	0.10070	0.06453	0.16702	0.02150	0.01516	0.02092	0.01254	0.01590	0.00932	0.00638	0.00689	0.00217	0.01024	0.00590	0.00312	0.00952
78	0.01788	0.01710	0.01824	0.01580	0.01789	0.13785	0.01274	0.15169	0.04353	0.02211	0.01348	0.01780	0.01170	0.01880	0.16955	0.00430	0.29106	0.00611	0.00414	0.00821
79	0.01615	0.01845	0.04037	0.02884	0.03576	0.01730	0.69204	0.02191	0.01615	0.02191	0.01384	0.01845	0.01038	0.00577	0.00807	0.00231	0.01153	0.00807	0.00346	0.00923
80	0.01333	0.01258	0.02126	0.67152	0.11552	0.01531	0.01920	0.01784	0.01387	0.01798	0.01223	0.01811	0.00930	0.00676	0.00683	0.00225	0.00902	0.00608	0.00308	0.00793
81	0.01837	0.06385	0.05016	0.05140	0.37201	0.04378	0.14756	0.12491	0.01819	0.02472	0.01328	0.01658	0.01056	0.00641	0.00686	0.00205	0.00888	0.00624	0.00389	0.01031
82	0.01435	0.01362	0.02310	0.49319	0.28588	0.01558	0.01971	0.01873	0.01436	0.01922	0.01241	0.01777	0.00973	0.00657	0.00682	0.00219	0.00877	0.00609	0.00316	0.00875
83	0.02457	0.03094	0.01882	0.01729	0.02068	0.68317	0.01307	0.02643	0.01914	0.01700	0.01231	0.01672	0.01088	0.00785	0.00639	0.00186	0.01193	0.04943	0.00371	0.00782
84	0.01508	0.01444	0.02478	0.36190	0.39370	0.01580	0.03710	0.01941	0.01473	0.02012	0.01257	0.01757	0.01004	0.00643	0.00684	0.00215	0.00867	0.00614	0.00323	0.00932
85	0.01275	0.00638	0.00638	0.00638	0.00797	0.00638	0.00478	0.01594	0.01435	0.02551	0.02232	0.02551	0.01754	0.00797	0.00478	0.00159	0.00319	0.00638	0.79755	0.00638
86	0.71503	0.01394	0.01130	0.00980	0.01418	0.01604	0.00807	0.10015	0.01408	0.03217	0.01035	0.01174	0.00791	0.00657	0.00454	0.00211	0.00556	0.00400	0.00454	0.00791
87	0.01209	0.00997	0.01251	0.01437	0.09498	0.01025	0.00972	0.01860	0.18805	0.02137	0.03742	0.16999	0.16794	0.06135	0.00970	0.00279	0.00534	0.13996	0.00601	0.00760
88	0.00993	0.00698	0.00853	0.00842	0.01016	0.00626	0.00626	0.01196	0.01651	0.04704	0.31561	0.13524	0.28236	0.01664	0.00942	0.05628	0.00378	0.03592	0.00667	0.00606
89	0.01516	0.01167	0.01304	0.01184	0.01481	0.01277	0.00902	0.02736	0.41488	0.06820	0.20130	0.05595	0.03278	0.06879	0.00945	0.00261	0.00493	0.00939	0.00696	0.00909
90	0.00834	0.00595	0.00794	0.00953	0.00992	0.00556	0.00635	0.00953	0.01310	0.01746	0.03771	0.75510	0.04525	0.02143	0.00873	0.00278	0.00397	0.01945	0.00635	0.00556
91	0.00974	0.00724	0.00825	0.00805	0.01003	0.00665	0.00612	0.01299	0.04389	0.02331	0.31293	0.05422	0.31999	0.01467	0.00771	0.00220	0.00354	0.04169	0.10046	0.00633
92	0.01086	0.00741	0.00858	0.00803	0.01039	0.00643	0.00611	0.01320	0.01731	0.09046	0.29083	0.05651	0.41823	0.01529	0.00796	0.00224	0.00361	0.01297	0.00697	0.00659
93	0.00954	0.00699	0.00843	0.00884	0.01056	0.00628	0.00670	0.01163	0.01577	0.04133	0.16263	0.22793	0.32429	0.01772	0.00841	0.00252	0.00404	0.11370	0.00660	0.00609
94	0.01187	0.00738	0.00883	0.00830	0.01038	0.00662	0.00619	0.01422	0.01677	0.10507	0.28469	0.09368	0.25156	0.06468	0.00950	0.00249	0.00388	0.01212	0.07512	0.00664
95	0.00930	0.00698	0.00848	0.00819	0.00988	0.00632	0.00609	0.01190	0.01759	0.02382	0.47012	0.05548	0.23937	0.06542	0.00992	0.00253	0.00361	0.03196	0.00694	0.00611
96	0.01012	0.00714	0.00898	0.00843	0.01029	0.00646	0.00635	0.01305	0.01869	0.04969	0.57341	0.05281	0.18020	0.01440	0.00803	0.00218	0.00336	0.01256	0.00735	0.00651
97	0.01282	0.00958	0.01083	0.00992	0.01224	0.00999	0.00748	0.06122	0.19077	0.02666	0.31360	0.03997	0.08524	0.07628	0.00964	0.00252	0.00435	0.01005	0.09921	0.00762
98	0.00981	0.00703	0.00907	0.01020	0.01104	0.00684	0.00724	0.05282	0.01449	0.01928	0.03566	0.60590	0.04178	0.04518	0.00958	0.00291	0.00455	0.09435	0.00630	0.00598
99	0.00967	0.00761	0.00866	0.00829	0.01028	0.00710	0.00616	0.01345	0.07627	0.02288	0.34111	0.05456	0.32672	0.06533	0.00979	0.00253	0.00374	0.01266	0.00677	0.00640
100	0.01000	0.00779	0.00921	0.00888	0.01093	0.00738	0.00681	0.01435	0.08504	0.02434	0.40362	0.05486	0.25709	0.01488	0.00806	0.00228	0.00372	0.05704	0.00703	0.00667
101	0.00995	0.00733	0.00862	0.00885	0.01053	0.00681	0.00639	0.01303	0.06600	0.04571	0.15832	0.30548	0.27653	0.03325	0.00876	0.00254	0.00390	0.01503	0.00662	0.00636
102	0.00832	0.00602	0.00787	0.00935	0.00988	0.00557	0.00627	0.00955	0.01327	0.01753	0.03982	0.70897	0.09001	0.02116	0.00869	0.00275	0.00394	0.01911	0.00635	0.00557
103	0.06629	0.01072	0.01415	0.01142	0.01582	0.00954	0.00921	0.02836	0.01846	0.55124	0.08644	0.10315	0.02358	0.01022	0.00704	0.00219	0.00537	0.00853	0.00794	0.01033
104	0.01415	0.00830	0.01047	0.00946	0.01207	0.00755	0.00740	0.01753	0.04307	0.17198	0.37113	0.04891	0.18263	0.01363	0.00787	0.00224	0.00409	0.05257	0.00739	0.00756

[dist]
# distance from previous block
# <min> <max>
0	2

# created by:
# /home/berkeley/.conda/envs/busco_data_prod/bin/msa2prfl.pl pipeline/OGs_align_augustus/4893/35805.fs
