[name]
unknown

[dist]
# distance from previous block
# <min> <max>
0	28

[block]
# block no. 0 follows, 33 sequences, length 61
# corresponding to MSA columns:
# 30-90
name=unknown_A
#
# <colnr> <probs for GDERKNQSTAVLIFYWHMCP>
#	G	D	E	R	K	N	Q	S	T	A	V	L	I	F	Y	W	H	M	C	P
0	0.01365	0.09859	0.01440	0.01076	0.01344	0.01095	0.03189	0.03867	0.11436	0.08897	0.26167	0.17051	0.03692	0.03979	0.00814	0.00231	0.00482	0.02643	0.00622	0.00752
1	0.01386	0.01252	0.02044	0.43045	0.10237	0.01423	0.08113	0.08713	0.01509	0.01992	0.01481	0.07413	0.01296	0.06278	0.00877	0.00249	0.00821	0.00726	0.00368	0.00778
2	0.01782	0.01758	0.04245	0.18882	0.22721	0.10195	0.06472	0.15192	0.04554	0.02383	0.01321	0.01620	0.01023	0.00659	0.00649	0.00197	0.00845	0.00576	0.00399	0.04525
3	0.01730	0.04079	0.04427	0.21320	0.15393	0.03164	0.10857	0.05466	0.09054	0.12251	0.01675	0.04835	0.01300	0.00738	0.00672	0.00210	0.00786	0.00677	0.00449	0.00919
4	0.00999	0.00885	0.00888	0.00955	0.01091	0.08127	0.00695	0.01163	0.01446	0.01782	0.07999	0.39110	0.22146	0.01751	0.00802	0.00246	0.00470	0.08280	0.00589	0.00576
5	0.01049	0.00761	0.00973	0.00954	0.01132	0.00745	0.00710	0.01310	0.04421	0.04554	0.04680	0.20532	0.11402	0.09643	0.22209	0.00503	0.00832	0.04248	0.00507	0.08834
6	0.01488	0.01095	0.01489	0.06580	0.10503	0.03679	0.04287	0.01969	0.11508	0.12540	0.06650	0.27872	0.02711	0.01230	0.00727	0.00227	0.00569	0.01103	0.02971	0.00803
7	0.05799	0.11015	0.02487	0.06478	0.11682	0.14039	0.15260	0.11492	0.01773	0.09535	0.01412	0.03597	0.01112	0.00690	0.00635	0.00195	0.00859	0.00601	0.00429	0.00910
8	0.01496	0.01033	0.00925	0.00847	0.01070	0.08346	0.00650	0.10445	0.01667	0.02571	0.04107	0.02392	0.03637	0.00803	0.00517	0.00164	0.00451	0.00630	0.57556	0.00692
9	0.00840	0.00638	0.00888	0.00968	0.01057	0.00590	0.03352	0.00988	0.01323	0.01746	0.06127	0.62214	0.11260	0.01933	0.00831	0.00260	0.00409	0.03418	0.00604	0.00555
10	0.02321	0.02774	0.01890	0.10310	0.02329	0.58280	0.01335	0.09487	0.01927	0.01880	0.01093	0.01294	0.00879	0.00688	0.00608	0.00178	0.01103	0.00460	0.00366	0.00796
11	0.20896	0.01143	0.01443	0.35173	0.02748	0.03768	0.01237	0.03524	0.01324	0.02060	0.01685	0.18910	0.01651	0.00977	0.00637	0.00224	0.00679	0.00823	0.00407	0.00693
12	0.01701	0.16851	0.25739	0.04272	0.15230	0.16106	0.07137	0.02149	0.01504	0.01892	0.01120	0.01370	0.00891	0.00613	0.00598	0.00187	0.00937	0.00492	0.00304	0.00906
13	0.00938	0.00639	0.00765	0.00807	0.00834	0.00631	0.00510	0.00998	0.01094	0.01458	0.04449	0.17887	0.02999	0.53516	0.02574	0.00525	0.00579	0.07878	0.00468	0.00451
14	0.05416	0.46326	0.02733	0.08764	0.01999	0.02146	0.01162	0.11028	0.01588	0.05702	0.01135	0.01282	0.00929	0.00612	0.00494	0.00159	0.00692	0.00427	0.00374	0.07032
15	0.11157	0.09895	0.15339	0.01722	0.07789	0.07850	0.06263	0.12557	0.01678	0.06274	0.02796	0.05798	0.01249	0.00783	0.00718	0.00204	0.06006	0.00606	0.00423	0.00892
16	0.01346	0.00769	0.00991	0.00919	0.01139	0.00700	0.00694	0.01633	0.03709	0.17615	0.34019	0.19533	0.11506	0.01402	0.00762	0.00221	0.00388	0.01228	0.00707	0.00716
17	0.00809	0.00576	0.00762	0.00907	0.00944	0.00540	0.00601	0.00919	0.01246	0.01662	0.03555	0.73040	0.04262	0.05583	0.00958	0.00285	0.00394	0.01828	0.00601	0.00528
18	0.01871	0.01686	0.09381	0.07278	0.16270	0.04340	0.10190	0.06607	0.05199	0.16043	0.01573	0.01766	0.01161	0.00728	0.00811	0.00209	0.08466	0.00611	0.02410	0.03400
19	0.01605	0.01935	0.18357	0.03086	0.07519	0.08114	0.07975	0.10479	0.09013	0.05120	0.05628	0.14407	0.01933	0.00957	0.00694	0.00215	0.00761	0.00835	0.00481	0.00885
20	0.00881	0.00647	0.00812	0.00860	0.00969	0.00605	0.00610	0.01100	0.02874	0.02013	0.26699	0.33915	0.13508	0.07544	0.01005	0.00271	0.00383	0.04101	0.00633	0.00568
21	0.01338	0.01304	0.02321	0.55796	0.14030	0.01503	0.10761	0.01785	0.01373	0.01804	0.01201	0.01740	0.00917	0.00635	0.00673	0.00216	0.00894	0.00610	0.00302	0.00796
22	0.05517	0.08237	0.04265	0.02545	0.27027	0.01702	0.14356	0.13174	0.03355	0.04563	0.01385	0.03436	0.01123	0.00682	0.00700	0.00200	0.03501	0.00621	0.00410	0.03201
23	0.01082	0.00935	0.01306	0.01157	0.01421	0.00912	0.09606	0.01626	0.13711	0.02170	0.18160	0.13062	0.24342	0.01383	0.00776	0.00231	0.00487	0.06328	0.00609	0.00697
24	0.01587	0.04394	0.01842	0.01343	0.03634	0.01226	0.08037	0.09126	0.01572	0.04748	0.01257	0.01458	0.01007	0.00575	0.00622	0.00138	0.04133	0.00473	0.00417	0.52413
25	0.01356	0.01215	0.01690	0.07758	0.07048	0.05937	0.11194	0.01818	0.08659	0.05145	0.13794	0.11831	0.09792	0.02863	0.00787	0.00224	0.00637	0.02902	0.00521	0.04827
26	0.01743	0.14320	0.11051	0.17160	0.10335	0.09548	0.04857	0.05511	0.10661	0.06488	0.01433	0.01634	0.01093	0.00674	0.00615	0.00196	0.00822	0.00552	0.00398	0.00908
27	0.03917	0.07226	0.20986	0.08502	0.13659	0.01693	0.05351	0.18328	0.01787	0.02523	0.01353	0.03584	0.01071	0.00718	0.00691	0.00204	0.03824	0.00585	0.03054	0.00943
28	0.01207	0.00818	0.01010	0.01022	0.01211	0.00810	0.00820	0.08405	0.01652	0.04798	0.10466	0.15680	0.11212	0.04573	0.00892	0.00264	0.00496	0.25785	0.08224	0.00655
29	0.01958	0.50303	0.06592	0.01325	0.01858	0.17918	0.01237	0.08642	0.01621	0.01837	0.01014	0.01151	0.00871	0.00613	0.00492	0.00156	0.00824	0.00397	0.00330	0.00860
30	0.01325	0.01341	0.10121	0.03930	0.07653	0.01217	0.01208	0.10328	0.07702	0.02287	0.14084	0.02571	0.02217	0.02288	0.25953	0.00501	0.03276	0.00736	0.00469	0.00794
31	0.07975	0.02118	0.14302	0.01504	0.02035	0.11791	0.01376	0.27741	0.04403	0.07524	0.01408	0.01502	0.01037	0.00742	0.00719	0.00197	0.06051	0.00527	0.00495	0.06555
32	0.00975	0.00700	0.00809	0.00838	0.00895	0.00707	0.00531	0.01206	0.08309	0.01564	0.02751	0.25385	0.05340	0.44501	0.02249	0.00472	0.00540	0.01219	0.00496	0.00510
33	0.00811	0.00594	0.00764	0.00897	0.00965	0.00548	0.00617	0.00940	0.01304	0.01707	0.04025	0.64044	0.13361	0.01999	0.00835	0.00263	0.00386	0.04790	0.00611	0.00541
34	0.01497	0.01625	0.03104	0.02430	0.06573	0.03627	0.43987	0.01919	0.01400	0.01934	0.01270	0.01768	0.01037	0.01128	0.08577	0.00318	0.15941	0.00710	0.00326	0.00829
35	0.01117	0.01120	0.08419	0.01075	0.01325	0.00961	0.00886	0.01778	0.19983	0.02081	0.11279	0.23095	0.09332	0.11602	0.01101	0.00290	0.00507	0.02763	0.00577	0.00710
36	0.01032	0.00707	0.00987	0.00989	0.01118	0.00772	0.00765	0.01257	0.01182	0.03849	0.04164	0.03412	0.04500	0.11041	0.47440	0.00793	0.01298	0.07513	0.06592	0.00589
37	0.00826	0.00585	0.00768	0.00905	0.00943	0.00552	0.00603	0.00934	0.01237	0.01648	0.03465	0.66929	0.04136	0.09729	0.01100	0.00306	0.00415	0.03806	0.00589	0.00523
38	0.10111	0.01622	0.01639	0.01320	0.01774	0.13651	0.03144	0.17822	0.02047	0.30960	0.04070	0.02081	0.05172	0.00819	0.00638	0.00198	0.00696	0.00634	0.00632	0.00969
39	0.01574	0.01443	0.04331	0.30579	0.17919	0.03635	0.13739	0.01996	0.01504	0.09254	0.04761	0.02034	0.01326	0.00700	0.00687	0.00213	0.00845	0.02209	0.00389	0.00863
40	0.09442	0.01477	0.01629	0.01275	0.01748	0.01563	0.01048	0.39711	0.02427	0.22052	0.01848	0.01799	0.01276	0.00779	0.00617	0.00195	0.00619	0.00592	0.08870	0.01032
41	0.01462	0.00805	0.00947	0.00872	0.01104	0.00788	0.00666	0.01919	0.09792	0.14806	0.16832	0.10607	0.04740	0.01064	0.00632	0.00195	0.00385	0.00904	0.30734	0.00744
42	0.01575	0.01392	0.02637	0.04465	0.10774	0.01349	0.33412	0.01969	0.01495	0.11061	0.02070	0.02420	0.08510	0.03270	0.07707	0.00308	0.03526	0.00788	0.00423	0.00850
43	0.01305	0.01376	0.10932	0.01206	0.01399	0.09912	0.01023	0.01378	0.01157	0.01526	0.01509	0.11336	0.01506	0.01861	0.07311	0.31651	0.08848	0.00721	0.03490	0.00553
44	0.42572	0.01183	0.01260	0.08603	0.01735	0.01261	0.00911	0.02317	0.01437	0.27038	0.04731	0.01716	0.01293	0.00719	0.00538	0.00205	0.00556	0.00523	0.00550	0.00851
45	0.01401	0.04113	0.01970	0.01638	0.01670	0.01915	0.01366	0.01556	0.01025	0.01577	0.00958	0.01544	0.00944	0.01519	0.09493	0.00362	0.65362	0.00581	0.00294	0.00711
46	0.01156	0.00741	0.00937	0.00912	0.01082	0.00707	0.00696	0.01388	0.05931	0.07080	0.20205	0.04600	0.18529	0.03933	0.01256	0.17972	0.00459	0.11251	0.00578	0.00587
47	0.01625	0.10746	0.20444	0.01527	0.05348	0.03177	0.05795	0.02025	0.01464	0.12321	0.01612	0.09198	0.01366	0.00755	0.00606	0.00179	0.00710	0.00637	0.00425	0.20041
48	0.10457	0.01710	0.01787	0.01418	0.01905	0.01913	0.01159	0.51793	0.14868	0.03782	0.01705	0.01681	0.01234	0.00790	0.00635	0.00203	0.00667	0.00595	0.00635	0.01064
49	0.01163	0.00735	0.00892	0.00816	0.01048	0.00646	0.00625	0.01411	0.01729	0.12401	0.37616	0.05070	0.30577	0.01391	0.00761	0.00212	0.00355	0.01190	0.00695	0.00668
50	0.01970	0.26470	0.04121	0.09156	0.08329	0.03594	0.03409	0.16864	0.03570	0.11401	0.01491	0.04241	0.01186	0.00722	0.00589	0.00185	0.00728	0.00570	0.00460	0.00941
51	0.01025	0.00791	0.01094	0.01052	0.01114	0.00938	0.00783	0.01163	0.01016	0.01452	0.01706	0.02909	0.01738	0.25509	0.40841	0.02885	0.12327	0.00757	0.00355	0.00544
52	0.00831	0.00657	0.00753	0.00784	0.00954	0.00578	0.00585	0.01024	0.01520	0.01928	0.17589	0.19597	0.42484	0.01697	0.00799	0.00234	0.00359	0.06428	0.00631	0.00567
53	0.01136	0.00574	0.00852	0.00852	0.00852	0.00574	0.00565	0.00862	0.00862	0.01149	0.01181	0.02094	0.01194	0.05295	0.02604	0.77612	0.00574	0.00587	0.00290	0.00290
54	0.01428	0.03312	0.01401	0.01273	0.01468	0.19518	0.00995	0.04101	0.01351	0.01658	0.01545	0.02218	0.01419	0.03346	0.45935	0.00725	0.05059	0.02222	0.00362	0.00665
55	0.01503	0.01465	0.02562	0.25439	0.39944	0.01549	0.10655	0.01995	0.04595	0.02030	0.01294	0.01723	0.01030	0.00618	0.00671	0.00207	0.00841	0.00618	0.00332	0.00928
56	0.01011	0.00774	0.01053	0.01016	0.01075	0.00906	0.00743	0.01146	0.01014	0.01441	0.01765	0.03085	0.01826	0.31417	0.38459	0.00802	0.10788	0.00783	0.00362	0.00534
57	0.00932	0.00673	0.00880	0.00828	0.00984	0.00621	0.00621	0.01242	0.01863	0.02640	0.72410	0.04918	0.06212	0.01346	0.00776	0.00207	0.00311	0.01191	0.00725	0.00621
58	0.01041	0.00813	0.01207	0.05899	0.03675	0.00811	0.04266	0.01365	0.03160	0.02084	0.19953	0.20452	0.04055	0.01562	0.00827	0.00258	0.00532	0.26806	0.00596	0.00640
59	0.06999	0.01298	0.01962	0.47881	0.08563	0.03444	0.05240	0.01812	0.02968	0.01909	0.01196	0.01649	0.00922	0.00628	0.00623	0.00200	0.00808	0.00554	0.00328	0.11015
60	0.01646	0.01600	0.07923	0.26521	0.04414	0.07199	0.01487	0.14442	0.01660	0.05573	0.01449	0.05841	0.01216	0.03108	0.03059	0.02125	0.08860	0.00652	0.00410	0.00816

[dist]
# distance from previous block
# <min> <max>
0	1

[block]
# block no. 1 follows, 33 sequences, length 41
# corresponding to MSA columns:
# 92-132
name=unknown_B
#
# <colnr> <probs for GDERKNQSTAVLIFYWHMCP>
#	G	D	E	R	K	N	Q	S	T	A	V	L	I	F	Y	W	H	M	C	P
0	0.01371	0.00927	0.01207	0.12290	0.01717	0.00946	0.00907	0.07869	0.04281	0.11125	0.22266	0.11723	0.12324	0.04986	0.00868	0.00241	0.00509	0.03094	0.00615	0.00732
1	0.00831	0.00593	0.00797	0.00950	0.01000	0.00560	0.00661	0.00966	0.01289	0.01713	0.03613	0.68749	0.04291	0.02035	0.00848	0.00271	0.00407	0.09273	0.00611	0.00543
2	0.01244	0.00843	0.01030	0.02882	0.01283	0.00804	0.00762	0.01674	0.10191	0.10670	0.17343	0.16298	0.19933	0.01405	0.00756	0.00226	0.00433	0.07206	0.00646	0.04371
3	0.00884	0.00665	0.00817	0.00792	0.00957	0.00599	0.00589	0.01144	0.01731	0.02355	0.50981	0.09846	0.23275	0.01475	0.00781	0.00215	0.00321	0.01286	0.00688	0.00599
4	0.01471	0.06512	0.16072	0.26304	0.21202	0.01576	0.01830	0.05433	0.01466	0.02033	0.01186	0.01560	0.00929	0.00636	0.00668	0.00198	0.03100	0.00537	0.00324	0.06962
5	0.11371	0.01180	0.01324	0.00971	0.01531	0.00956	0.00781	0.01770	0.01361	0.05797	0.01210	0.01372	0.00975	0.00519	0.00486	0.00116	0.00494	0.00399	0.00413	0.66972
6	0.01791	0.05790	0.12218	0.10950	0.06393	0.09287	0.10498	0.18748	0.03462	0.02409	0.01290	0.01572	0.00996	0.00788	0.00822	0.05344	0.03551	0.00567	0.00402	0.03120
7	0.01039	0.00770	0.01069	0.01034	0.01209	0.00728	0.05108	0.01357	0.06038	0.05368	0.18624	0.36640	0.12888	0.01618	0.00798	0.00241	0.00432	0.03766	0.00631	0.00641
8	0.00802	0.00573	0.00764	0.00917	0.00955	0.00535	0.00611	0.00917	0.01260	0.01681	0.03628	0.76434	0.04354	0.02062	0.00840	0.00267	0.00382	0.01872	0.00611	0.00535
9	0.01519	0.00754	0.00812	0.00739	0.00960	0.00748	0.00572	0.06140	0.01551	0.11179	0.02166	0.02373	0.01644	0.00774	0.00497	0.00162	0.00364	0.00618	0.65719	0.00708
10	0.06710	0.42039	0.08633	0.01334	0.01890	0.03934	0.06763	0.07191	0.01568	0.07579	0.05714	0.01524	0.01272	0.00660	0.00530	0.00171	0.00725	0.00495	0.00393	0.00876
11	0.00858	0.00677	0.00787	0.00844	0.01021	0.00606	0.00660	0.01056	0.01483	0.01843	0.07724	0.16357	0.43451	0.01749	0.00820	0.00248	0.00408	0.18227	0.00614	0.00568
12	0.50654	0.01270	0.01222	0.01012	0.01461	0.01361	0.00835	0.07694	0.01515	0.25128	0.01497	0.01477	0.01033	0.00689	0.00507	0.00203	0.00542	0.00471	0.00555	0.00873
13	0.12045	0.02423	0.01825	0.01755	0.07819	0.44957	0.03855	0.02538	0.08382	0.04459	0.03151	0.01489	0.01134	0.00701	0.00597	0.00185	0.00958	0.00502	0.00405	0.00820
14	0.00847	0.00626	0.00797	0.00884	0.00988	0.00576	0.00636	0.01025	0.01439	0.01903	0.16891	0.44103	0.16776	0.01836	0.00824	0.00252	0.00382	0.08024	0.00632	0.00561
15	0.02407	0.01199	0.01476	0.01179	0.01610	0.01165	0.00967	0.19779	0.02123	0.39464	0.08487	0.02592	0.02019	0.00902	0.00665	0.00203	0.00559	0.04118	0.08083	0.01004
16	0.00889	0.00663	0.00885	0.01034	0.04337	0.00631	0.00684	0.01052	0.01346	0.01805	0.12296	0.43805	0.10263	0.08663	0.04685	0.00326	0.00490	0.04999	0.00580	0.00566
17	0.04831	0.03831	0.01680	0.01418	0.01660	0.20553	0.02826	0.03994	0.03987	0.08656	0.04743	0.01972	0.01437	0.05398	0.13273	0.00376	0.17578	0.00611	0.00419	0.00758
18	0.10070	0.08698	0.22566	0.01683	0.02308	0.08842	0.13272	0.07425	0.01606	0.10987	0.01378	0.01559	0.01017	0.00886	0.04677	0.00246	0.00920	0.00547	0.00407	0.00908
19	0.30417	0.20472	0.07402	0.04009	0.01882	0.19945	0.03627	0.02126	0.01403	0.02133	0.00986	0.01170	0.00804	0.00617	0.00497	0.00181	0.00796	0.00406	0.00343	0.00784
20	0.01724	0.01807	0.05233	0.07341	0.49125	0.09871	0.04061	0.05532	0.01586	0.02134	0.01210	0.01570	0.00998	0.00638	0.00720	0.00200	0.04367	0.00570	0.00339	0.00975
21	0.05327	0.04715	0.01428	0.03475	0.01506	0.03928	0.00945	0.08397	0.06883	0.02030	0.01780	0.11286	0.01724	0.08471	0.17709	0.00439	0.09758	0.00768	0.00437	0.08996
22	0.11862	0.00937	0.04299	0.03715	0.01131	0.00904	0.00658	0.04632	0.01125	0.01712	0.01800	0.03406	0.01931	0.52280	0.06612	0.00546	0.00714	0.00808	0.00401	0.00527
23	0.00844	0.00641	0.00740	0.00791	0.00920	0.00578	0.00562	0.00976	0.01358	0.01711	0.07210	0.25225	0.35321	0.11789	0.01197	0.02592	0.00412	0.06028	0.00577	0.00527
24	0.01380	0.01114	0.01303	0.01018	0.01499	0.00924	0.00795	0.01834	0.09746	0.04869	0.01746	0.11941	0.01592	0.00767	0.00565	0.00140	0.00480	0.00648	0.00470	0.57169
25	0.04206	0.11179	0.11656	0.05918	0.08677	0.06502	0.04010	0.10049	0.01717	0.15463	0.03321	0.01653	0.01201	0.00672	0.00599	0.00181	0.00738	0.00539	0.00463	0.11258
26	0.04831	0.07308	0.03043	0.02137	0.02692	0.01721	0.40209	0.10855	0.05695	0.06892	0.01503	0.03464	0.01161	0.00689	0.00780	0.00215	0.04749	0.00712	0.00427	0.00914
27	0.00942	0.00687	0.00816	0.00850	0.00980	0.00646	0.00595	0.01198	0.05868	0.03714	0.13708	0.33092	0.21448	0.11020	0.01111	0.00289	0.00405	0.01438	0.00610	0.00583
28	0.01065	0.00748	0.01009	0.01002	0.01103	0.00830	0.00752	0.03832	0.01253	0.01823	0.06615	0.19716	0.02441	0.02770	0.27127	0.08609	0.06751	0.00968	0.11005	0.00581
29	0.04610	0.04688	0.08216	0.13371	0.18264	0.01468	0.06776	0.06742	0.05963	0.06117	0.01780	0.06009	0.03127	0.00956	0.02769	0.00240	0.03057	0.04540	0.00428	0.00881
30	0.01299	0.01175	0.01642	0.01457	0.01529	0.01554	0.01191	0.04845	0.01131	0.01690	0.01249	0.01892	0.01180	0.02605	0.30094	0.00583	0.43237	0.00627	0.00332	0.00689
31	0.00971	0.00723	0.01004	0.00989	0.01064	0.00828	0.00725	0.01130	0.01025	0.01454	0.01812	0.03053	0.01834	0.26720	0.48871	0.00890	0.05231	0.00776	0.00363	0.00537
32	0.01663	0.10539	0.15546	0.02050	0.12760	0.11633	0.13277	0.05490	0.03405	0.04127	0.06221	0.07244	0.01583	0.00782	0.00658	0.00200	0.00844	0.00693	0.00402	0.00883
33	0.01710	0.04934	0.02089	0.20243	0.22713	0.03963	0.03362	0.06308	0.05212	0.11062	0.01713	0.04277	0.01423	0.00877	0.02047	0.00227	0.00774	0.05716	0.00446	0.00902
34	0.00995	0.00762	0.00920	0.00918	0.01009	0.02602	0.00662	0.01146	0.01243	0.01666	0.12333	0.06920	0.09060	0.29710	0.17348	0.00560	0.03555	0.07584	0.00476	0.00530
35	0.10337	0.00909	0.01070	0.01040	0.01188	0.04274	0.00791	0.01370	0.02963	0.01695	0.01679	0.02562	0.01599	0.14299	0.48577	0.00818	0.03172	0.00686	0.00372	0.00599
36	0.29405	0.01332	0.04845	0.17255	0.06691	0.01388	0.01193	0.07386	0.01438	0.07982	0.01541	0.05499	0.03357	0.00908	0.02972	0.00237	0.02676	0.00597	0.00435	0.02861
37	0.08651	0.07033	0.04517	0.04630	0.16015	0.08819	0.06170	0.11721	0.01676	0.02325	0.06031	0.02016	0.04709	0.02930	0.03605	0.00242	0.04781	0.00629	0.00418	0.03083
38	0.05271	0.06461	0.20537	0.14936	0.06101	0.08016	0.06261	0.05417	0.05430	0.02062	0.01451	0.08101	0.01251	0.00804	0.00728	0.00213	0.05088	0.00656	0.00369	0.00847
39	0.12893	0.03512	0.04358	0.11153	0.06659	0.01385	0.06880	0.09538	0.05345	0.05635	0.02015	0.05960	0.07432	0.00946	0.00786	0.03294	0.04184	0.02762	0.02589	0.02675
40	0.31579	0.01437	0.03627	0.04035	0.01686	0.05565	0.02728	0.06443	0.10836	0.04339	0.01528	0.07432	0.01310	0.00977	0.03335	0.00242	0.06701	0.00611	0.00459	0.05131

[dist]
# distance from previous block
# <min> <max>
0	10

[block]
# block no. 2 follows, 33 sequences, length 19
# corresponding to MSA columns:
# 143-161
name=unknown_C
#
# <colnr> <probs for GDERKNQSTAVLIFYWHMCP>
#	G	D	E	R	K	N	Q	S	T	A	V	L	I	F	Y	W	H	M	C	P
0	0.01575	0.28325	0.11033	0.04150	0.02015	0.01753	0.08640	0.05860	0.07442	0.04412	0.01756	0.06517	0.03318	0.00915	0.00709	0.04085	0.00725	0.05526	0.00412	0.00832
1	0.10802	0.07591	0.16695	0.11375	0.09265	0.03687	0.07238	0.05779	0.01482	0.04981	0.01356	0.03155	0.01113	0.00787	0.01931	0.00217	0.03038	0.03151	0.00376	0.05981
2	0.01083	0.06880	0.01161	0.00967	0.01131	0.00927	0.00748	0.01367	0.06471	0.01745	0.08660	0.05117	0.07775	0.07442	0.29852	0.09922	0.00989	0.02768	0.04398	0.00597
3	0.04361	0.06180	0.23399	0.22948	0.21547	0.01560	0.01925	0.01888	0.01369	0.01962	0.01239	0.04015	0.01015	0.00685	0.00679	0.00209	0.03247	0.00577	0.00311	0.00884
4	0.01030	0.03425	0.01114	0.01027	0.01157	0.03993	0.00782	0.01227	0.01105	0.01507	0.01927	0.02849	0.04310	0.14343	0.56127	0.00900	0.01495	0.00741	0.00366	0.00577
5	0.01351	0.02413	0.42042	0.01780	0.05669	0.01459	0.01894	0.01862	0.01320	0.04214	0.01489	0.05145	0.01322	0.04903	0.01091	0.00255	0.14963	0.05626	0.00344	0.00858
6	0.00801	0.00578	0.00759	0.00903	0.00951	0.00536	0.00605	0.00918	0.01273	0.01686	0.03789	0.72733	0.07952	0.02042	0.00837	0.00265	0.00379	0.01846	0.00611	0.00536
7	0.01096	0.00903	0.01151	0.15165	0.01788	0.03318	0.00932	0.05196	0.06480	0.01894	0.02891	0.50189	0.03226	0.01594	0.00775	0.00248	0.00532	0.01426	0.00548	0.00649
8	0.01455	0.01471	0.02091	0.53561	0.16905	0.09887	0.01800	0.01854	0.01414	0.01761	0.01165	0.01666	0.00905	0.00647	0.00650	0.00209	0.00896	0.00567	0.00304	0.00793
9	0.01328	0.01002	0.00988	0.00924	0.01172	0.08103	0.00697	0.03531	0.01642	0.12046	0.12201	0.15829	0.35131	0.01446	0.00749	0.00219	0.00468	0.01218	0.00627	0.00678
10	0.01576	0.01563	0.02352	0.15063	0.45428	0.06818	0.01811	0.01927	0.01454	0.01990	0.04053	0.01729	0.01191	0.00701	0.00828	0.00209	0.09458	0.00598	0.00333	0.00918
11	0.00908	0.00697	0.00836	0.00809	0.00993	0.00637	0.00615	0.01218	0.03840	0.02325	0.45113	0.05435	0.28006	0.01462	0.00780	0.00217	0.00339	0.04480	0.00680	0.00611
12	0.01320	0.03405	0.73453	0.01876	0.02849	0.01529	0.02432	0.02085	0.01390	0.02085	0.01181	0.01390	0.00834	0.00625	0.00625	0.00208	0.00973	0.00486	0.00278	0.00973
13	0.15273	0.01377	0.01488	0.01219	0.01651	0.01458	0.01007	0.32288	0.02212	0.15864	0.02423	0.02742	0.09528	0.00968	0.00657	0.00213	0.00603	0.07456	0.00635	0.00937
14	0.01062	0.00835	0.00880	0.00868	0.00920	0.06004	0.00561	0.01129	0.01046	0.01359	0.01926	0.03682	0.02108	0.54649	0.19618	0.00702	0.00939	0.00860	0.00384	0.00469
15	0.02954	0.01120	0.01528	0.01171	0.01681	0.00968	0.00968	0.03208	0.01884	0.73213	0.02597	0.02241	0.01630	0.00815	0.00662	0.00204	0.00560	0.00662	0.00815	0.01120
16	0.01607	0.01451	0.02387	0.21701	0.48049	0.01534	0.01872	0.04079	0.04276	0.04729	0.01338	0.01715	0.01063	0.00631	0.00655	0.00203	0.00786	0.00595	0.00359	0.00969
17	0.34557	0.06821	0.01572	0.10004	0.07113	0.01594	0.01073	0.10820	0.09704	0.02695	0.01344	0.01533	0.01046	0.00849	0.03514	0.00235	0.00659	0.00500	0.03538	0.00831
18	0.01787	0.04448	0.01603	0.01281	0.01724	0.07582	0.01015	0.07344	0.38510	0.06832	0.02055	0.01980	0.01553	0.00760	0.00612	0.00184	0.00592	0.00608	0.00572	0.18957

[dist]
# distance from previous block
# <min> <max>
0	4

[block]
# block no. 3 follows, 33 sequences, length 17
# corresponding to MSA columns:
# 166-182
name=unknown_D
#
# <colnr> <probs for GDERKNQSTAVLIFYWHMCP>
#	G	D	E	R	K	N	Q	S	T	A	V	L	I	F	Y	W	H	M	C	P
0	0.01519	0.01212	0.01354	0.03082	0.01614	0.01355	0.00967	0.02881	0.49625	0.06129	0.13377	0.07566	0.02794	0.01048	0.00702	0.00224	0.00493	0.02456	0.00671	0.00932
1	0.03842	0.01799	0.05222	0.03313	0.04887	0.14590	0.02691	0.15976	0.14016	0.14342	0.01864	0.06031	0.01450	0.00815	0.00643	0.00197	0.00732	0.00653	0.00554	0.06383
2	0.00942	0.00632	0.00723	0.00738	0.00742	0.00628	0.00421	0.00953	0.00988	0.01318	0.02233	0.11656	0.02593	0.69243	0.03095	0.00600	0.00612	0.01050	0.00421	0.00413
3	0.01471	0.01475	0.06968	0.26023	0.15004	0.01425	0.09168	0.09915	0.01632	0.02237	0.05861	0.04233	0.01474	0.00751	0.00673	0.00205	0.00784	0.02580	0.00399	0.07723
4	0.01444	0.02669	0.45165	0.02741	0.30788	0.01543	0.02268	0.02059	0.01434	0.02111	0.01204	0.01486	0.00917	0.00610	0.00636	0.00203	0.00897	0.00526	0.00297	0.01001
5	0.01629	0.01564	0.02672	0.04041	0.72757	0.01564	0.02020	0.02020	0.01499	0.02151	0.01238	0.01629	0.01043	0.00587	0.00652	0.00196	0.00782	0.00587	0.00326	0.01043
6	0.01144	0.00572	0.00858	0.00858	0.00858	0.00572	0.00572	0.00858	0.00858	0.01144	0.01144	0.02001	0.01144	0.02287	0.02573	0.80846	0.00572	0.00572	0.00286	0.00286
7	0.01564	0.01563	0.02254	0.09283	0.43205	0.08237	0.01710	0.01885	0.01428	0.01931	0.01481	0.01879	0.04810	0.00981	0.05064	0.00258	0.10614	0.00619	0.00336	0.00896
8	0.01432	0.00977	0.01314	0.01404	0.11156	0.00953	0.00934	0.06420	0.06218	0.11768	0.35939	0.07944	0.06947	0.01171	0.00736	0.00212	0.00462	0.02558	0.00659	0.00797
9	0.00930	0.00637	0.00771	0.00796	0.00818	0.00646	0.00491	0.00980	0.01020	0.01376	0.02286	0.15834	0.02612	0.54981	0.12492	0.00634	0.00748	0.01072	0.00427	0.00446
10	0.00862	0.00660	0.00885	0.01085	0.05815	0.00613	0.00690	0.01014	0.01348	0.01782	0.07866	0.56620	0.14586	0.01861	0.00814	0.00252	0.00398	0.01672	0.00598	0.00577
11	0.01412	0.02287	0.32526	0.02240	0.11468	0.01466	0.20962	0.04910	0.01545	0.02187	0.05108	0.05332	0.04014	0.00749	0.00695	0.00213	0.00893	0.00716	0.00366	0.00911
12	0.01609	0.39838	0.25413	0.01397	0.02040	0.06942	0.01517	0.02087	0.05147	0.01857	0.05590	0.01488	0.01240	0.00658	0.00534	0.00173	0.00788	0.00473	0.00333	0.00877
13	0.00907	0.00685	0.00858	0.00938	0.01092	0.00636	0.00747	0.01132	0.01502	0.01929	0.12163	0.19428	0.26580	0.01762	0.00839	0.00260	0.00443	0.26900	0.00622	0.00578
14	0.01739	0.73656	0.06866	0.01163	0.01746	0.02552	0.01190	0.01977	0.01340	0.01575	0.00928	0.01072	0.00844	0.00566	0.00432	0.00144	0.00717	0.00359	0.00281	0.00851
15	0.03525	0.04333	0.05771	0.04724	0.06514	0.30569	0.04923	0.02332	0.08678	0.03465	0.01287	0.01528	0.01043	0.00770	0.00881	0.00204	0.14060	0.00532	0.04040	0.00820
16	0.06505	0.01578	0.13416	0.04192	0.03832	0.06529	0.04250	0.04616	0.04578	0.08089	0.11947	0.09905	0.03781	0.01284	0.06265	0.00277	0.04021	0.00809	0.03330	0.00795

[dist]
# distance from previous block
# <min> <max>
0	6

[block]
# block no. 4 follows, 33 sequences, length 21
# corresponding to MSA columns:
# 189-209
name=unknown_E
#
# <colnr> <probs for GDERKNQSTAVLIFYWHMCP>
#	G	D	E	R	K	N	Q	S	T	A	V	L	I	F	Y	W	H	M	C	P
0	0.01450	0.03978	0.01468	0.01095	0.01562	0.02681	0.02367	0.10342	0.03832	0.02297	0.01858	0.13433	0.04274	0.00840	0.00588	0.00152	0.00533	0.00706	0.00470	0.46076
1	0.09737	0.01406	0.04482	0.01300	0.06059	0.03555	0.00995	0.08735	0.13129	0.02459	0.02021	0.04071	0.07993	0.00770	0.00583	0.00169	0.00563	0.00618	0.00481	0.30876
2	0.01913	0.09778	0.02027	0.12714	0.02283	0.17185	0.06341	0.08056	0.08807	0.10892	0.01685	0.01909	0.03147	0.03229	0.04441	0.00254	0.03428	0.00605	0.00454	0.00852
3	0.01189	0.00936	0.01212	0.01097	0.01318	0.00990	0.03449	0.01687	0.12165	0.02079	0.09869	0.05855	0.04480	0.06928	0.14172	0.00390	0.06310	0.06041	0.10909	0.08924
4	0.01489	0.01542	0.12450	0.09034	0.07527	0.03780	0.01260	0.04771	0.03271	0.07692	0.07717	0.07593	0.03741	0.00813	0.00627	0.00178	0.00639	0.00687	0.00459	0.24731
5	0.00881	0.00640	0.00767	0.00799	0.00876	0.00621	0.00530	0.00984	0.01186	0.01554	0.05776	0.20356	0.18142	0.32099	0.11412	0.00506	0.00651	0.01227	0.00497	0.00495
6	0.01705	0.04670	0.02042	0.33344	0.11518	0.01673	0.01546	0.22835	0.01876	0.02531	0.01339	0.01685	0.01018	0.00713	0.00698	0.00205	0.03896	0.00579	0.05240	0.00885
7	0.01069	0.00699	0.00897	0.00853	0.01025	0.00644	0.00635	0.01320	0.01679	0.08211	0.44758	0.12079	0.13554	0.04803	0.04554	0.00276	0.00428	0.01207	0.00674	0.00635
8	0.01211	0.01052	0.01751	0.49381	0.03397	0.01267	0.04165	0.01497	0.01208	0.01582	0.01251	0.01976	0.01056	0.05259	0.06340	0.12457	0.03586	0.00618	0.00303	0.00642
9	0.01760	0.77260	0.03450	0.01126	0.01690	0.02605	0.01126	0.01971	0.01338	0.01549	0.00915	0.01056	0.00845	0.00563	0.00422	0.00141	0.00704	0.00352	0.00282	0.00845
10	0.00955	0.00647	0.00763	0.00763	0.00779	0.00663	0.00455	0.00986	0.00971	0.01310	0.02033	0.04079	0.02294	0.67290	0.12788	0.00694	0.00788	0.00924	0.00393	0.00424
11	0.01363	0.01172	0.01387	0.01036	0.01564	0.00954	0.00835	0.01701	0.03678	0.02129	0.01316	0.01695	0.01138	0.00598	0.00597	0.00121	0.04250	0.03660	0.00405	0.70401
12	0.01561	0.01670	0.01892	0.01611	0.01819	0.20168	0.11429	0.01757	0.01316	0.01617	0.01328	0.04025	0.01265	0.08751	0.13822	0.03568	0.20721	0.00661	0.00338	0.00682
13	0.00837	0.00598	0.00803	0.00956	0.01009	0.00564	0.00671	0.00976	0.01294	0.01719	0.03609	0.67247	0.04279	0.02030	0.00849	0.00272	0.00412	0.10719	0.00610	0.00544
14	0.06313	0.01277	0.01456	0.06786	0.03355	0.01405	0.01036	0.09902	0.34035	0.10127	0.09964	0.02714	0.06921	0.00934	0.00670	0.00215	0.00543	0.00773	0.00635	0.00939
15	0.01659	0.01658	0.10025	0.10244	0.23494	0.01476	0.15812	0.04803	0.07411	0.09140	0.01666	0.03864	0.01334	0.00737	0.00694	0.00214	0.00817	0.03577	0.00427	0.00950
16	0.05875	0.01664	0.01837	0.01413	0.01932	0.01786	0.01168	0.53140	0.02751	0.19048	0.01773	0.01702	0.01213	0.00788	0.00649	0.00199	0.00680	0.00598	0.00682	0.01103
17	0.01000	0.00735	0.00949	0.01005	0.01137	0.00731	0.00762	0.04514	0.04042	0.02069	0.16351	0.34049	0.07022	0.01981	0.06500	0.00318	0.00540	0.15062	0.00616	0.00617
18	0.13540	0.01595	0.07073	0.19486	0.15191	0.07600	0.05337	0.01987	0.01415	0.07147	0.02773	0.01665	0.01088	0.00855	0.03839	0.00240	0.04015	0.00556	0.00374	0.04224
19	0.12120	0.13494	0.05756	0.01322	0.01701	0.06430	0.06940	0.04836	0.10373	0.02186	0.04709	0.07249	0.06033	0.01063	0.03612	0.00239	0.06592	0.00708	0.03845	0.00791
20	0.05216	0.04671	0.12305	0.01486	0.04810	0.01254	0.07360	0.05891	0.06724	0.22697	0.02451	0.07970	0.07791	0.01088	0.03477	0.00245	0.00703	0.02386	0.00559	0.00915

[dist]
# distance from previous block
# <min> <max>
3	9

[block]
# block no. 5 follows, 33 sequences, length 8
# corresponding to MSA columns:
# 219-226
name=unknown_F
#
# <colnr> <probs for GDERKNQSTAVLIFYWHMCP>
#	G	D	E	R	K	N	Q	S	T	A	V	L	I	F	Y	W	H	M	C	P
0	0.05240	0.03588	0.04100	0.12340	0.03939	0.17042	0.01161	0.02159	0.10733	0.09373	0.07626	0.14223	0.02152	0.01012	0.00672	0.00212	0.00713	0.02415	0.00505	0.00795
1	0.04171	0.00707	0.00887	0.00925	0.01085	0.00653	0.00679	0.01317	0.01437	0.11208	0.08871	0.42720	0.14406	0.01713	0.00791	0.00248	0.00414	0.06496	0.00638	0.00633
2	0.03788	0.01300	0.06610	0.04525	0.09077	0.01180	0.05111	0.04669	0.08148	0.19907	0.06312	0.07546	0.05226	0.01156	0.03240	0.00253	0.02812	0.07684	0.00571	0.00884
3	0.01492	0.06590	0.16397	0.13456	0.16884	0.06187	0.05891	0.07150	0.01563	0.02086	0.03336	0.12837	0.01578	0.00864	0.00669	0.00210	0.00801	0.00761	0.00388	0.00860
4	0.01170	0.00774	0.03497	0.01003	0.01149	0.00682	0.00784	0.01263	0.01268	0.08562	0.02855	0.25370	0.07625	0.02093	0.06750	0.20953	0.00607	0.12519	0.00516	0.00561
5	0.00810	0.00588	0.00765	0.00891	0.00952	0.00543	0.00603	0.00944	0.01326	0.01762	0.09176	0.65496	0.09760	0.01977	0.00831	0.00259	0.00373	0.01782	0.00620	0.00543
6	0.00908	0.00637	0.00713	0.00729	0.00774	0.00612	0.00440	0.00951	0.01091	0.01412	0.03099	0.12017	0.15817	0.55080	0.02610	0.00522	0.00555	0.01132	0.00461	0.00442
7	0.15302	0.08892	0.09685	0.10585	0.09560	0.06332	0.01350	0.04340	0.07975	0.02265	0.08718	0.02050	0.01627	0.00801	0.00700	0.00208	0.05368	0.02998	0.00420	0.00826

[dist]
# distance from previous block
# <min> <max>
0	2

[block]
# block no. 6 follows, 33 sequences, length 23
# corresponding to MSA columns:
# 229-251
name=unknown_G
#
# <colnr> <probs for GDERKNQSTAVLIFYWHMCP>
#	G	D	E	R	K	N	Q	S	T	A	V	L	I	F	Y	W	H	M	C	P
0	0.07698	0.05807	0.01930	0.03270	0.08009	0.23331	0.09143	0.04292	0.07634	0.06195	0.01508	0.01848	0.01232	0.06977	0.00827	0.00225	0.00827	0.00582	0.07854	0.00813
1	0.03995	0.01559	0.05681	0.09724	0.27461	0.07807	0.05116	0.01986	0.01519	0.07927	0.04237	0.06344	0.01543	0.00784	0.00658	0.00199	0.00751	0.03799	0.00415	0.08494
2	0.01152	0.01258	0.07837	0.05384	0.01557	0.06932	0.03524	0.04644	0.03472	0.01957	0.08720	0.14150	0.29942	0.05450	0.00882	0.00243	0.00570	0.01130	0.00529	0.00667
3	0.13793	0.08984	0.03597	0.01159	0.01608	0.01372	0.03644	0.10373	0.09486	0.12206	0.10256	0.02396	0.07658	0.00844	0.00606	0.00189	0.00559	0.00675	0.00555	0.10039
4	0.01166	0.00816	0.00926	0.00838	0.01091	0.00748	0.00646	0.07689	0.01794	0.08170	0.26476	0.05111	0.39224	0.01415	0.00757	0.00214	0.00381	0.01193	0.00668	0.00675
5	0.01507	0.01347	0.02167	0.09991	0.29879	0.01444	0.07562	0.02002	0.08862	0.05161	0.03622	0.07108	0.01617	0.03724	0.00957	0.00238	0.09027	0.02484	0.00417	0.00884
6	0.02462	0.03067	0.01872	0.01686	0.02036	0.70300	0.01271	0.06319	0.01932	0.01749	0.01048	0.01209	0.00863	0.00684	0.00597	0.00171	0.01162	0.00433	0.00357	0.00783
7	0.03640	0.10968	0.16184	0.05818	0.04951	0.06017	0.05994	0.06950	0.01594	0.06921	0.05134	0.01642	0.01254	0.00648	0.00587	0.00171	0.00742	0.00527	0.00406	0.19852
8	0.01673	0.01381	0.01720	0.03834	0.01824	0.04063	0.06786	0.18119	0.16924	0.02484	0.01684	0.01968	0.01347	0.01420	0.08511	0.09671	0.09634	0.00643	0.05484	0.00829
9	0.02126	0.01579	0.01706	0.01403	0.01854	0.01760	0.01128	0.32953	0.35713	0.09188	0.02190	0.02053	0.01587	0.00841	0.00664	0.00210	0.00614	0.00671	0.00677	0.01083
10	0.07579	0.00806	0.00959	0.00992	0.01166	0.00804	0.00741	0.05298	0.04070	0.04059	0.03300	0.41640	0.09043	0.01787	0.03648	0.00280	0.00503	0.09283	0.00587	0.03454
11	0.01484	0.01194	0.01367	0.01054	0.01551	0.01049	0.00838	0.06368	0.13083	0.04899	0.07559	0.02044	0.03937	0.00694	0.00568	0.00141	0.00491	0.00569	0.00503	0.50606
12	0.00876	0.00633	0.00841	0.00985	0.01054	0.00610	0.00708	0.01079	0.03449	0.01767	0.03573	0.61320	0.04177	0.01981	0.00848	0.00273	0.00428	0.14223	0.00612	0.00563
13	0.00818	0.00579	0.00759	0.00897	0.00931	0.00545	0.00590	0.00921	0.01230	0.01640	0.03474	0.69248	0.04159	0.09515	0.01090	0.00304	0.00407	0.01780	0.00590	0.00521
14	0.00802	0.00573	0.00764	0.00917	0.00955	0.00535	0.00611	0.00917	0.01260	0.01681	0.03628	0.76434	0.04354	0.02062	0.00840	0.00267	0.00382	0.01872	0.00611	0.00535
15	0.02447	0.08998	0.01975	0.01591	0.01976	0.56999	0.01232	0.07306	0.01908	0.07969	0.01184	0.01295	0.00934	0.00688	0.00590	0.00172	0.01061	0.00450	0.00398	0.00825
16	0.07993	0.00774	0.00956	0.01038	0.01216	0.00765	0.00860	0.01336	0.01439	0.04083	0.03718	0.13108	0.14939	0.05166	0.00943	0.00290	0.00531	0.39652	0.00587	0.00606
17	0.00985	0.00758	0.00844	0.00820	0.01028	0.00703	0.00617	0.03656	0.05653	0.03492	0.17323	0.10359	0.40927	0.05643	0.00915	0.00248	0.00391	0.04390	0.00629	0.00619
18	0.00801	0.00577	0.00759	0.00905	0.00952	0.00536	0.00606	0.00918	0.01272	0.01685	0.03772	0.73132	0.07564	0.02044	0.00837	0.00265	0.00380	0.01849	0.00611	0.00536
19	0.00955	0.00694	0.01015	0.01059	0.01152	0.00666	0.04713	0.03001	0.01304	0.01737	0.03136	0.55731	0.03648	0.01945	0.01038	0.09628	0.00474	0.06998	0.00558	0.00549
20	0.01480	0.04718	0.06516	0.02331	0.02838	0.01694	0.45848	0.01928	0.01395	0.01940	0.01255	0.01732	0.01012	0.01026	0.06962	0.00298	0.15168	0.00703	0.00322	0.00834
21	0.01614	0.12125	0.01810	0.03324	0.05429	0.03147	0.01021	0.12317	0.10756	0.02473	0.09668	0.01928	0.01718	0.00710	0.00577	0.00158	0.00580	0.00570	0.00483	0.29590
22	0.06198	0.04479	0.06406	0.01675	0.05455	0.06122	0.08843	0.06432	0.06386	0.03608	0.01340	0.04472	0.01150	0.00869	0.01061	0.02667	0.19580	0.00601	0.00393	0.12262

[dist]
# distance from previous block
# <min> <max>
0	3

[block]
# block no. 7 follows, 33 sequences, length 16
# corresponding to MSA columns:
# 255-270
name=unknown_H
#
# <colnr> <probs for GDERKNQSTAVLIFYWHMCP>
#	G	D	E	R	K	N	Q	S	T	A	V	L	I	F	Y	W	H	M	C	P
0	0.12218	0.17617	0.02039	0.01322	0.01743	0.06465	0.01118	0.20974	0.08905	0.08536	0.01445	0.01542	0.01115	0.00903	0.03218	0.00226	0.08679	0.00524	0.00491	0.00919
1	0.03553	0.04426	0.03748	0.03412	0.03257	0.00968	0.00876	0.01723	0.06110	0.09209	0.05471	0.09193	0.18954	0.01065	0.00653	0.00188	0.00497	0.03703	0.00531	0.22463
2	0.01993	0.28349	0.12365	0.01442	0.02033	0.01889	0.06715	0.11283	0.09604	0.15782	0.01590	0.01610	0.01172	0.00686	0.00582	0.00185	0.00728	0.00538	0.00479	0.00976
3	0.01368	0.06481	0.07859	0.03887	0.03751	0.01187	0.09804	0.05791	0.04190	0.05795	0.02015	0.04924	0.04846	0.28316	0.06631	0.00419	0.00796	0.00808	0.00428	0.00705
4	0.01766	0.01475	0.02468	0.09607	0.57999	0.01480	0.01870	0.02144	0.01533	0.11187	0.01406	0.01718	0.01104	0.00622	0.00654	0.00199	0.00762	0.00596	0.00386	0.01027
5	0.00916	0.00729	0.00929	0.10341	0.01418	0.00724	0.00751	0.01154	0.03649	0.01764	0.06990	0.27063	0.25689	0.09408	0.01053	0.00283	0.00472	0.05535	0.00555	0.00577
6	0.04573	0.05716	0.08903	0.26395	0.03040	0.07035	0.09833	0.14691	0.01774	0.09743	0.01382	0.01639	0.01002	0.00678	0.00644	0.00205	0.00854	0.00576	0.00425	0.00893
7	0.00879	0.00650	0.00796	0.00857	0.00973	0.00608	0.00605	0.01129	0.04462	0.01985	0.18980	0.41637	0.17199	0.01729	0.00792	0.00239	0.00360	0.01533	0.04003	0.00582
8	0.00932	0.00628	0.00725	0.00750	0.00756	0.00622	0.00433	0.00951	0.01006	0.01341	0.02323	0.15872	0.02708	0.64871	0.02948	0.00579	0.00597	0.01104	0.00433	0.00421
9	0.03838	0.01743	0.16797	0.15030	0.19869	0.01383	0.09389	0.02101	0.01485	0.12585	0.01537	0.01939	0.01173	0.00776	0.02185	0.00227	0.00831	0.02882	0.03309	0.00920
10	0.01527	0.04104	0.16541	0.18027	0.23997	0.04372	0.04103	0.03388	0.04406	0.03957	0.01376	0.01853	0.01111	0.00773	0.00760	0.04692	0.00829	0.02947	0.00351	0.00886
11	0.00950	0.00635	0.00720	0.00727	0.00729	0.00633	0.00409	0.00955	0.00972	0.01296	0.02148	0.07725	0.02486	0.73320	0.03232	0.00621	0.00626	0.01001	0.00409	0.00405
12	0.03560	0.00984	0.01410	0.09980	0.04864	0.01059	0.04550	0.06754	0.01492	0.05051	0.12511	0.14237	0.06398	0.06428	0.13294	0.00391	0.04879	0.00966	0.00496	0.00698
13	0.04219	0.09112	0.21703	0.04550	0.08032	0.03760	0.20716	0.06815	0.06322	0.06408	0.01400	0.01615	0.01040	0.00640	0.00651	0.00204	0.00888	0.00594	0.00387	0.00944
14	0.01508	0.01307	0.07059	0.07725	0.07204	0.01228	0.01138	0.15715	0.08484	0.04621	0.11908	0.08085	0.05320	0.03612	0.00772	0.00225	0.00587	0.03550	0.09125	0.00828
15	0.01416	0.01150	0.01537	0.05446	0.01646	0.01432	0.01116	0.08423	0.05281	0.04391	0.01511	0.02082	0.01329	0.05490	0.22848	0.00501	0.27583	0.00648	0.05436	0.00733

[dist]
# distance from previous block
# <min> <max>
3	7

[block]
# block no. 8 follows, 33 sequences, length 11
# corresponding to MSA columns:
# 278-288
name=unknown_I
#
# <colnr> <probs for GDERKNQSTAVLIFYWHMCP>
#	G	D	E	R	K	N	Q	S	T	A	V	L	I	F	Y	W	H	M	C	P
0	0.00925	0.00713	0.00981	0.01084	0.03871	0.00730	0.00744	0.01090	0.01207	0.01655	0.02926	0.38363	0.07573	0.06635	0.22125	0.00503	0.03428	0.01304	0.00495	0.03651
1	0.01861	0.18563	0.07059	0.03136	0.05038	0.18148	0.06126	0.05120	0.04163	0.09425	0.05733	0.06297	0.04943	0.00829	0.00621	0.00189	0.00789	0.00666	0.00446	0.00847
2	0.01737	0.62909	0.13130	0.01262	0.01870	0.06365	0.01317	0.02023	0.01374	0.01627	0.00958	0.01110	0.00843	0.00578	0.00460	0.00152	0.00768	0.00375	0.00284	0.00858
3	0.02244	0.01587	0.01775	0.01431	0.01872	0.01769	0.01165	0.36604	0.22183	0.13608	0.01987	0.01914	0.01427	0.00850	0.00774	0.00213	0.06228	0.00645	0.00657	0.01068
4	0.01014	0.01072	0.11382	0.00980	0.01267	0.00744	0.00873	0.01285	0.01466	0.05788	0.13557	0.21255	0.27996	0.01761	0.06240	0.00290	0.00554	0.01253	0.00570	0.00654
5	0.01573	0.01347	0.05223	0.01727	0.09633	0.01305	0.09251	0.07431	0.16276	0.09196	0.06577	0.12551	0.04707	0.01077	0.00794	0.00229	0.04065	0.05598	0.00558	0.00880
6	0.00931	0.00692	0.00765	0.00751	0.00968	0.00595	0.00571	0.01127	0.01564	0.05796	0.15743	0.09157	0.53114	0.01598	0.00780	0.00224	0.00356	0.04032	0.00639	0.00597
7	0.00817	0.00603	0.00770	0.00897	0.00975	0.00555	0.00626	0.00955	0.01320	0.01719	0.04131	0.59419	0.15804	0.01977	0.00835	0.00262	0.00391	0.06790	0.00611	0.00544
8	0.01548	0.01105	0.01398	0.01601	0.14378	0.06382	0.01003	0.01749	0.01462	0.15181	0.07145	0.21284	0.02643	0.13085	0.01193	0.00291	0.03288	0.03973	0.00539	0.00749
9	0.01415	0.01400	0.02147	0.33458	0.12466	0.04774	0.06797	0.01820	0.03991	0.01784	0.01205	0.01715	0.00990	0.00997	0.05025	0.00276	0.18031	0.00603	0.00319	0.00787
10	0.01356	0.03621	0.09726	0.15812	0.10785	0.01175	0.08128	0.01713	0.01438	0.08563	0.05098	0.17519	0.07265	0.01196	0.03432	0.00252	0.00733	0.00945	0.00456	0.00788

[dist]
# distance from previous block
# <min> <max>
3	67

# created by:
# /home/berkeley/.conda/envs/busco_data_prod/bin/msa2prfl.pl pipeline/OGs_align_augustus/4893/3585.fs
