[name]
unknown

[dist]
# distance from previous block
# <min> <max>
2	7

[block]
# block no. 0 follows, 32 sequences, length 21
# corresponding to MSA columns:
# 9-29
name=unknown_A
#
# <colnr> <probs for GDERKNQSTAVLIFYWHMCP>
#	G	D	E	R	K	N	Q	S	T	A	V	L	I	F	Y	W	H	M	C	P
0	0.01560	0.01617	0.07964	0.22591	0.37044	0.01570	0.05118	0.02084	0.05474	0.04124	0.01356	0.01744	0.01067	0.00662	0.00720	0.00213	0.03174	0.00610	0.00353	0.00956
1	0.12005	0.01413	0.01693	0.01355	0.01794	0.01501	0.04431	0.15365	0.14386	0.17610	0.03924	0.01921	0.01470	0.00812	0.00781	0.00207	0.07898	0.00619	0.00592	0.10223
2	0.01116	0.00940	0.01014	0.00952	0.01158	0.05745	0.00713	0.01537	0.08117	0.02448	0.46169	0.10396	0.11098	0.01336	0.00762	0.00212	0.00413	0.01160	0.00672	0.04044
3	0.01923	0.01498	0.01754	0.17978	0.02435	0.03876	0.01268	0.33364	0.06599	0.05032	0.01857	0.11048	0.01569	0.00928	0.00681	0.00211	0.00707	0.00764	0.02401	0.04106
4	0.00824	0.00603	0.00775	0.00896	0.00967	0.00554	0.00609	0.00962	0.01360	0.01797	0.09060	0.62090	0.13040	0.01998	0.00844	0.00262	0.00378	0.01795	0.00631	0.00554
5	0.02135	0.01601	0.01959	0.08248	0.09103	0.05486	0.04922	0.19414	0.21311	0.15697	0.01996	0.01992	0.01437	0.00788	0.00677	0.00211	0.00716	0.00659	0.00602	0.01045
6	0.02023	0.11537	0.19071	0.01782	0.05133	0.13573	0.06368	0.20198	0.06514	0.05389	0.01421	0.01535	0.01061	0.00702	0.00632	0.00196	0.00882	0.00546	0.00450	0.00988
7	0.00825	0.00616	0.00767	0.00867	0.00961	0.00558	0.00598	0.00973	0.01400	0.01830	0.10980	0.53191	0.20112	0.01939	0.00836	0.00256	0.00371	0.01728	0.00634	0.00558
8	0.00818	0.00584	0.00779	0.00934	0.00973	0.00545	0.00623	0.00934	0.01285	0.01713	0.03698	0.75981	0.04438	0.02102	0.00856	0.00273	0.00389	0.01908	0.00623	0.00545
9	0.02228	0.10671	0.01999	0.01551	0.01956	0.38800	0.01220	0.11679	0.18988	0.02262	0.01517	0.01566	0.01191	0.00747	0.00614	0.00187	0.00927	0.00527	0.00465	0.00905
10	0.81159	0.01298	0.00986	0.00882	0.01298	0.01505	0.00727	0.01972	0.01142	0.03010	0.00934	0.01090	0.00727	0.00623	0.00415	0.00208	0.00519	0.00363	0.00415	0.00727
11	0.01827	0.02040	0.01630	0.07251	0.04768	0.36563	0.01178	0.04512	0.01589	0.01717	0.01372	0.01917	0.01227	0.07133	0.21858	0.00472	0.01282	0.00578	0.00362	0.00723
12	0.04270	0.01423	0.01893	0.20761	0.12656	0.04302	0.03888	0.09963	0.09560	0.05225	0.01751	0.04675	0.03538	0.00766	0.00650	0.00198	0.00721	0.00658	0.00456	0.12646
13	0.09153	0.03644	0.02171	0.18018	0.22243	0.01570	0.07886	0.07060	0.10944	0.02347	0.01867	0.02112	0.06606	0.00755	0.00660	0.00212	0.00745	0.00672	0.00427	0.00909
14	0.01698	0.01476	0.02377	0.18045	0.30690	0.01556	0.08817	0.07498	0.09219	0.06705	0.04134	0.01953	0.01367	0.00703	0.00687	0.00211	0.00787	0.00663	0.00436	0.00975
15	0.08677	0.09652	0.02209	0.11981	0.25602	0.06202	0.03673	0.04563	0.04995	0.02253	0.08165	0.01892	0.01538	0.00705	0.00622	0.00193	0.00735	0.00604	0.00405	0.05333
16	0.01528	0.01692	0.10053	0.10128	0.27973	0.03770	0.06322	0.04229	0.09076	0.02238	0.04605	0.02179	0.06240	0.00751	0.00673	0.00203	0.00763	0.00679	0.00414	0.06484
17	0.08925	0.01706	0.07093	0.10313	0.19699	0.10969	0.01459	0.04507	0.05057	0.13492	0.04208	0.06554	0.01525	0.00807	0.00653	0.00208	0.00758	0.00674	0.00475	0.00921
18	0.11470	0.07009	0.06248	0.08630	0.06145	0.08861	0.10108	0.01860	0.01459	0.05339	0.04118	0.09925	0.09018	0.00962	0.00769	0.00218	0.05850	0.00798	0.00429	0.00783
19	0.01689	0.15602	0.14387	0.09213	0.08162	0.06668	0.01414	0.03796	0.04154	0.10330	0.06597	0.02277	0.08369	0.00814	0.00630	0.00194	0.00730	0.00653	0.00451	0.03869
20	0.04585	0.01888	0.15540	0.05415	0.16174	0.06571	0.04044	0.04192	0.12582	0.06369	0.05592	0.04245	0.01575	0.00766	0.00653	0.00202	0.00748	0.00654	0.00457	0.07747

[dist]
# distance from previous block
# <min> <max>
35	85

[block]
# block no. 1 follows, 32 sequences, length 12
# corresponding to MSA columns:
# 143-154
name=unknown_B
#
# <colnr> <probs for GDERKNQSTAVLIFYWHMCP>
#	G	D	E	R	K	N	Q	S	T	A	V	L	I	F	Y	W	H	M	C	P
0	0.01387	0.04174	0.18444	0.01518	0.04571	0.01238	0.07426	0.01976	0.10034	0.07014	0.08478	0.10909	0.11659	0.01052	0.00751	0.00218	0.02865	0.00907	0.00506	0.04873
1	0.15674	0.09261	0.07873	0.01538	0.06700	0.05498	0.05796	0.09471	0.04280	0.10784	0.01654	0.08904	0.01397	0.00808	0.00608	0.00198	0.00693	0.00657	0.00482	0.07723
2	0.07529	0.10260	0.07025	0.01555	0.04406	0.13444	0.05941	0.10577	0.09069	0.04204	0.05692	0.03535	0.01480	0.00772	0.00674	0.00191	0.03566	0.00601	0.00461	0.09020
3	0.10538	0.05732	0.11232	0.08348	0.12016	0.09656	0.03839	0.14056	0.03663	0.04957	0.03319	0.01615	0.01155	0.00688	0.00614	0.00194	0.00794	0.00546	0.00434	0.06605
4	0.01856	0.01512	0.09894	0.04320	0.17567	0.01275	0.01377	0.07399	0.07902	0.19380	0.09806	0.04689	0.04399	0.00869	0.00682	0.00206	0.00644	0.00746	0.00569	0.04908
5	0.07602	0.01783	0.08050	0.04853	0.17874	0.08898	0.01401	0.13449	0.04449	0.04714	0.06411	0.01795	0.01427	0.00708	0.00622	0.00185	0.00730	0.00575	0.00459	0.14014
6	0.09915	0.01564	0.02166	0.12687	0.27025	0.06623	0.06221	0.04928	0.05176	0.02235	0.01366	0.04410	0.01154	0.00724	0.00731	0.00206	0.05157	0.00618	0.00384	0.06712
7	0.03880	0.01304	0.04782	0.15142	0.09550	0.01224	0.17115	0.01822	0.01606	0.07142	0.19289	0.02862	0.06819	0.00881	0.00721	0.00212	0.00716	0.00835	0.00485	0.03614
8	0.02481	0.02041	0.02049	0.01754	0.07106	0.11936	0.01334	0.55836	0.02865	0.03726	0.01507	0.01559	0.01097	0.00775	0.00662	0.00197	0.00808	0.00580	0.00602	0.01085
9	0.01157	0.00714	0.00944	0.00940	0.01106	0.00656	0.00704	0.01396	0.01662	0.10585	0.33754	0.27528	0.07558	0.01593	0.00810	0.00239	0.00396	0.06899	0.00698	0.00661
10	0.01629	0.01523	0.02718	0.07785	0.37937	0.01546	0.17642	0.02101	0.04232	0.05671	0.01432	0.01831	0.01148	0.00957	0.05987	0.00275	0.03587	0.00661	0.00371	0.00965
11	0.05131	0.25553	0.08498	0.01483	0.02031	0.14648	0.03680	0.21195	0.04623	0.05259	0.01313	0.01405	0.01015	0.00689	0.00577	0.00182	0.00827	0.00494	0.00447	0.00951

[dist]
# distance from previous block
# <min> <max>
0	2

[block]
# block no. 2 follows, 32 sequences, length 6
# corresponding to MSA columns:
# 157-162
name=unknown_C
#
# <colnr> <probs for GDERKNQSTAVLIFYWHMCP>
#	G	D	E	R	K	N	Q	S	T	A	V	L	I	F	Y	W	H	M	C	P
0	0.00949	0.00953	0.08985	0.00949	0.01105	0.00710	0.00751	0.01123	0.01268	0.01724	0.10599	0.30059	0.06908	0.28848	0.01751	0.00394	0.00542	0.01306	0.00519	0.00556
1	0.00814	0.00596	0.00766	0.00903	0.00965	0.00548	0.00609	0.00938	0.01315	0.01725	0.04079	0.67429	0.12744	0.02053	0.00849	0.00267	0.00383	0.01847	0.00623	0.00548
2	0.01365	0.00993	0.01227	0.01221	0.01458	0.01040	0.01029	0.12750	0.07880	0.02542	0.10874	0.05608	0.03432	0.01491	0.00825	0.00265	0.00580	0.39959	0.04715	0.00744
3	0.38622	0.01606	0.01457	0.01349	0.04316	0.11118	0.03378	0.07945	0.12825	0.02750	0.01548	0.01981	0.01286	0.00796	0.00572	0.00215	0.00671	0.06252	0.00482	0.00832
4	0.01535	0.01709	0.10674	0.19550	0.19265	0.08007	0.01634	0.08191	0.01652	0.02201	0.09345	0.02097	0.01648	0.01191	0.08165	0.00296	0.00924	0.00653	0.00400	0.00863
5	0.10652	0.04135	0.01968	0.13203	0.21205	0.01569	0.01421	0.09102	0.06651	0.02441	0.07446	0.01905	0.01508	0.00766	0.00765	0.00206	0.07252	0.00612	0.00433	0.06760

[dist]
# distance from previous block
# <min> <max>
1	26

[block]
# block no. 3 follows, 32 sequences, length 11
# corresponding to MSA columns:
# 190-200
name=unknown_D
#
# <colnr> <probs for GDERKNQSTAVLIFYWHMCP>
#	G	D	E	R	K	N	Q	S	T	A	V	L	I	F	Y	W	H	M	C	P
0	0.01647	0.15973	0.02174	0.04487	0.06191	0.01566	0.06703	0.07344	0.09128	0.04609	0.01639	0.01784	0.04150	0.00681	0.00626	0.00166	0.02757	0.00556	0.00437	0.27381
1	0.01863	0.20402	0.18504	0.01596	0.07819	0.05370	0.01446	0.06980	0.03391	0.14276	0.06665	0.02054	0.05280	0.00781	0.00616	0.00192	0.00736	0.00612	0.00472	0.00945
2	0.01167	0.01066	0.08612	0.01191	0.06217	0.00804	0.00925	0.01469	0.01645	0.08093	0.30243	0.13465	0.17310	0.03739	0.00849	0.00235	0.00467	0.01170	0.00622	0.00712
3	0.01075	0.00928	0.05858	0.00863	0.01166	0.00694	0.00742	0.01308	0.01561	0.08853	0.05725	0.05785	0.54363	0.01552	0.00782	0.00231	0.00431	0.06805	0.00619	0.00657
4	0.01678	0.08191	0.06333	0.01240	0.01649	0.01482	0.01063	0.22472	0.13879	0.04544	0.13687	0.08964	0.09833	0.01085	0.00697	0.00212	0.00575	0.00894	0.00618	0.00901
5	0.01170	0.11363	0.04536	0.01026	0.01286	0.04799	0.00832	0.03949	0.05222	0.01919	0.05958	0.31546	0.20871	0.01515	0.00741	0.00228	0.00509	0.01297	0.00556	0.00679
6	0.01726	0.41650	0.16537	0.01592	0.07825	0.06359	0.01465	0.06795	0.01540	0.01935	0.01250	0.06202	0.01133	0.00713	0.00546	0.00176	0.00786	0.00530	0.00343	0.00897
7	0.01427	0.31216	0.16377	0.01173	0.01690	0.03290	0.01204	0.01780	0.01499	0.02007	0.14033	0.02413	0.07751	0.00836	0.00575	0.00176	0.00639	0.00649	0.07055	0.04208
8	0.03583	0.16405	0.19970	0.01974	0.09413	0.03694	0.12854	0.07062	0.05510	0.02244	0.05957	0.01744	0.01352	0.00715	0.00716	0.00203	0.04695	0.00599	0.00385	0.00925
9	0.11616	0.16035	0.07423	0.01118	0.01544	0.01452	0.00993	0.06746	0.08883	0.04513	0.11745	0.07248	0.04431	0.05258	0.00766	0.00218	0.00577	0.00737	0.00503	0.08196
10	0.05108	0.20033	0.05015	0.01347	0.03956	0.06859	0.01125	0.07553	0.11576	0.05240	0.14703	0.02197	0.02123	0.00851	0.00712	0.00193	0.05579	0.00645	0.00498	0.04688

[dist]
# distance from previous block
# <min> <max>
3	58

[block]
# block no. 4 follows, 32 sequences, length 6
# corresponding to MSA columns:
# 259-264
name=unknown_E
#
# <colnr> <probs for GDERKNQSTAVLIFYWHMCP>
#	G	D	E	R	K	N	Q	S	T	A	V	L	I	F	Y	W	H	M	C	P
0	0.06475	0.05091	0.01861	0.01457	0.01909	0.12230	0.04429	0.21645	0.10992	0.17290	0.01982	0.02306	0.01531	0.00871	0.00668	0.00211	0.00742	0.06720	0.00606	0.00984
1	0.05944	0.07170	0.06401	0.01431	0.01873	0.06273	0.06957	0.05900	0.06460	0.07587	0.08870	0.01931	0.01637	0.00801	0.00847	0.00195	0.11639	0.00607	0.00464	0.17014
2	0.02045	0.04660	0.16014	0.04760	0.06914	0.05811	0.01515	0.35110	0.02319	0.05588	0.01890	0.01958	0.06781	0.00812	0.00662	0.00203	0.00787	0.00632	0.00527	0.01013
3	0.05686	0.01508	0.04986	0.27562	0.17488	0.04916	0.04613	0.01999	0.07471	0.02072	0.06534	0.01953	0.01424	0.00770	0.00817	0.00221	0.08112	0.00640	0.00380	0.00847
4	0.01065	0.06327	0.01036	0.00866	0.01066	0.00762	0.00655	0.01270	0.01577	0.06717	0.23330	0.24867	0.24836	0.01580	0.00776	0.00228	0.00391	0.01370	0.00644	0.00639
5	0.01514	0.01228	0.03845	0.01419	0.06498	0.01218	0.01077	0.13743	0.16216	0.05446	0.07712	0.13479	0.09486	0.01291	0.00762	0.00239	0.00566	0.12781	0.00627	0.00852

[dist]
# distance from previous block
# <min> <max>
3	8

[block]
# block no. 5 follows, 32 sequences, length 11
# corresponding to MSA columns:
# 273-283
name=unknown_F
#
# <colnr> <probs for GDERKNQSTAVLIFYWHMCP>
#	G	D	E	R	K	N	Q	S	T	A	V	L	I	F	Y	W	H	M	C	P
0	0.02214	0.02252	0.01852	0.04722	0.08110	0.36937	0.01309	0.11696	0.01969	0.08358	0.05116	0.02117	0.01504	0.00849	0.00707	0.00200	0.03002	0.05755	0.00470	0.00862
1	0.01666	0.01512	0.16182	0.01248	0.01674	0.01116	0.01165	0.04889	0.10144	0.18353	0.06759	0.03024	0.03965	0.15539	0.06869	0.00367	0.00750	0.03370	0.00555	0.00850
2	0.01552	0.01483	0.02527	0.23664	0.53539	0.01566	0.02005	0.01964	0.01476	0.02060	0.01243	0.01696	0.01016	0.00618	0.00666	0.00206	0.00824	0.00597	0.00323	0.00975
3	0.02026	0.01677	0.02283	0.08114	0.41241	0.10946	0.01689	0.02417	0.03881	0.16812	0.01564	0.01768	0.01181	0.00674	0.00660	0.00200	0.00803	0.00597	0.00447	0.01019
4	0.01873	0.01457	0.01572	0.01332	0.01750	0.01609	0.01056	0.19585	0.41774	0.06675	0.05555	0.02507	0.05003	0.00917	0.00681	0.00214	0.00565	0.00749	0.00675	0.04450
5	0.01962	0.01866	0.02049	0.12347	0.21685	0.17766	0.01507	0.13212	0.09706	0.05542	0.01728	0.01902	0.04247	0.00756	0.00661	0.00202	0.00834	0.00619	0.00459	0.00949
6	0.01027	0.00748	0.00941	0.00972	0.01093	0.00743	0.00703	0.03888	0.01464	0.04727	0.09564	0.45633	0.17006	0.01796	0.00920	0.00255	0.05722	0.01561	0.00619	0.00618
7	0.01785	0.01468	0.02380	0.13164	0.48278	0.01506	0.01814	0.02288	0.06937	0.11444	0.01549	0.01825	0.01195	0.00663	0.00668	0.00206	0.00760	0.00620	0.00420	0.01030
8	0.05179	0.35382	0.07653	0.01426	0.01949	0.23867	0.01290	0.12276	0.01786	0.02084	0.01084	0.01220	0.00897	0.00650	0.00533	0.00168	0.00881	0.00427	0.00366	0.00881
9	0.00860	0.00616	0.00785	0.00903	0.00958	0.00580	0.00611	0.00976	0.01272	0.01674	0.03669	0.54002	0.09300	0.14221	0.01275	0.00333	0.00445	0.06404	0.00587	0.00529
10	0.00941	0.00656	0.00785	0.00820	0.00866	0.00626	0.00506	0.01000	0.01111	0.01499	0.02639	0.30208	0.03086	0.45302	0.02327	0.00483	0.00547	0.01282	0.00485	0.04832

[dist]
# distance from previous block
# <min> <max>
7	59

[block]
# block no. 6 follows, 32 sequences, length 15
# corresponding to MSA columns:
# 343-357
name=unknown_G
#
# <colnr> <probs for GDERKNQSTAVLIFYWHMCP>
#	G	D	E	R	K	N	Q	S	T	A	V	L	I	F	Y	W	H	M	C	P
0	0.01634	0.02088	0.19161	0.05685	0.35452	0.03334	0.11163	0.07450	0.01640	0.02293	0.01405	0.01721	0.02583	0.00649	0.00677	0.00207	0.00886	0.00615	0.00354	0.01002
1	0.01556	0.01385	0.02151	0.48904	0.17361	0.01609	0.01804	0.13099	0.01678	0.02224	0.01275	0.01734	0.00968	0.00679	0.00670	0.00215	0.00850	0.00598	0.00367	0.00873
2	0.01393	0.01127	0.01773	0.17220	0.14204	0.01210	0.05715	0.05186	0.01449	0.06017	0.01993	0.13724	0.01949	0.09398	0.07201	0.00350	0.03595	0.05289	0.00444	0.00766
3	0.01985	0.02138	0.02192	0.02413	0.22359	0.26520	0.01562	0.08737	0.01679	0.02045	0.01116	0.01449	0.00953	0.00806	0.01059	0.00216	0.20987	0.00539	0.00359	0.00884
4	0.01754	0.16333	0.19148	0.01893	0.11616	0.04993	0.04800	0.14973	0.05437	0.02487	0.06443	0.01748	0.01409	0.00714	0.00623	0.00191	0.00792	0.00578	0.00427	0.03641
5	0.01176	0.00922	0.01248	0.01552	0.17957	0.00849	0.00924	0.01436	0.01603	0.06173	0.15113	0.04643	0.37149	0.01288	0.00738	0.00213	0.00457	0.01106	0.04722	0.00731
6	0.02312	0.01752	0.02013	0.15181	0.02554	0.01971	0.01385	0.57285	0.02817	0.03761	0.01533	0.01644	0.01095	0.00780	0.00671	0.00206	0.00767	0.00603	0.00602	0.01067
7	0.09686	0.01440	0.02180	0.03005	0.46403	0.01471	0.01617	0.04653	0.06193	0.05772	0.09428	0.02067	0.01724	0.00728	0.00656	0.00204	0.00684	0.00659	0.00446	0.00987
8	0.01271	0.01005	0.05837	0.01156	0.01427	0.00810	0.05655	0.02918	0.01524	0.11216	0.10970	0.39237	0.07091	0.01519	0.00781	0.00237	0.00506	0.01367	0.00611	0.04863
9	0.01844	0.05211	0.07956	0.04023	0.24485	0.02821	0.11682	0.06753	0.06895	0.13284	0.02001	0.02136	0.06337	0.00752	0.00682	0.00207	0.00776	0.00688	0.00474	0.00994
10	0.01450	0.05525	0.33916	0.01564	0.02204	0.01428	0.05111	0.13022	0.01783	0.02487	0.12033	0.06359	0.06245	0.00944	0.00694	0.00215	0.00765	0.02897	0.00465	0.00894
11	0.01298	0.01047	0.01040	0.01018	0.01218	0.09016	0.00747	0.06348	0.01659	0.06992	0.11360	0.33087	0.19405	0.01586	0.00780	0.00234	0.00501	0.01369	0.00622	0.00671
12	0.01597	0.06670	0.30694	0.01675	0.02383	0.03155	0.09410	0.07021	0.03559	0.05603	0.04131	0.01662	0.01208	0.00675	0.00674	0.00190	0.03027	0.00557	0.00396	0.15714
13	0.02273	0.01143	0.01431	0.01152	0.01605	0.01054	0.00924	0.02847	0.14895	0.40708	0.06599	0.05288	0.02030	0.00880	0.00660	0.00198	0.00524	0.00731	0.02881	0.12178
14	0.01466	0.01242	0.01480	0.06206	0.01838	0.01021	0.00904	0.06591	0.01514	0.02300	0.01223	0.01435	0.00997	0.00531	0.00522	0.00115	0.00542	0.00426	0.00410	0.69236

[dist]
# distance from previous block
# <min> <max>
0	1

[block]
# block no. 7 follows, 32 sequences, length 14
# corresponding to MSA columns:
# 359-372
name=unknown_H
#
# <colnr> <probs for GDERKNQSTAVLIFYWHMCP>
#	G	D	E	R	K	N	Q	S	T	A	V	L	I	F	Y	W	H	M	C	P
0	0.00906	0.00605	0.00777	0.00864	0.00899	0.00576	0.00561	0.00936	0.01166	0.01541	0.03133	0.44080	0.07552	0.18927	0.01706	0.12838	0.00476	0.01461	0.00522	0.00476
1	0.09661	0.01216	0.01393	0.05456	0.01750	0.01032	0.00866	0.01812	0.04777	0.02274	0.01241	0.01439	0.01012	0.00541	0.00508	0.00124	0.00525	0.00424	0.00407	0.63543
2	0.03853	0.09087	0.01933	0.01986	0.20480	0.01479	0.01261	0.11676	0.04699	0.04591	0.04426	0.17882	0.02049	0.01306	0.05194	0.00271	0.05583	0.00889	0.00487	0.00869
3	0.01206	0.01068	0.01649	0.11451	0.05561	0.01109	0.09623	0.01516	0.01417	0.01995	0.10589	0.03043	0.12715	0.03961	0.08328	0.00311	0.08018	0.00826	0.06646	0.08968
4	0.01555	0.01736	0.03699	0.10346	0.06895	0.01671	0.59533	0.02100	0.01556	0.02106	0.01336	0.01801	0.01007	0.00578	0.00773	0.00225	0.01091	0.00762	0.00335	0.00896
5	0.01669	0.01236	0.01497	0.03889	0.03635	0.04023	0.01083	0.17542	0.01805	0.09676	0.02430	0.26794	0.02468	0.01368	0.00973	0.00248	0.11323	0.06954	0.00578	0.00810
6	0.01035	0.00851	0.00935	0.00859	0.01120	0.00790	0.00648	0.01511	0.12312	0.02182	0.20311	0.04888	0.35318	0.05042	0.00874	0.00231	0.00396	0.01141	0.00625	0.08933
7	0.01828	0.01879	0.13021	0.01685	0.04447	0.05978	0.09258	0.17355	0.05634	0.07291	0.01665	0.01894	0.02861	0.03101	0.03665	0.00247	0.05736	0.00622	0.02148	0.09685
8	0.04322	0.12058	0.04468	0.05867	0.01779	0.01292	0.01004	0.04092	0.01470	0.09455	0.01484	0.04123	0.01214	0.00688	0.00612	0.00157	0.03927	0.00526	0.08561	0.32899
9	0.09833	0.14647	0.07268	0.01317	0.04353	0.03579	0.01109	0.08482	0.05442	0.05703	0.04550	0.07138	0.03955	0.03154	0.08750	0.00307	0.02721	0.02577	0.00466	0.04651
10	0.17979	0.22227	0.15972	0.01359	0.01908	0.04810	0.05153	0.04639	0.01473	0.05559	0.03980	0.04206	0.04402	0.00770	0.00612	0.00196	0.02929	0.00576	0.00401	0.00846
11	0.03434	0.27568	0.05827	0.01656	0.12345	0.03487	0.01252	0.06772	0.08249	0.07261	0.04318	0.05382	0.01643	0.04588	0.00739	0.00214	0.00686	0.03230	0.00453	0.00897
12	0.06589	0.08541	0.20090	0.04023	0.06491	0.07815	0.01327	0.01712	0.01484	0.02019	0.09946	0.05712	0.15019	0.05460	0.00823	0.00233	0.00702	0.00811	0.00435	0.00769
13	0.01282	0.10215	0.12693	0.01284	0.04722	0.01168	0.02876	0.03806	0.01462	0.04689	0.08441	0.08484	0.13499	0.09307	0.08968	0.00345	0.00751	0.00886	0.00467	0.04654

[dist]
# distance from previous block
# <min> <max>
12	24

[block]
# block no. 8 follows, 32 sequences, length 19
# corresponding to MSA columns:
# 399-417
name=unknown_I
#
# <colnr> <probs for GDERKNQSTAVLIFYWHMCP>
#	G	D	E	R	K	N	Q	S	T	A	V	L	I	F	Y	W	H	M	C	P
0	0.01584	0.03261	0.05831	0.01616	0.04573	0.03747	0.11879	0.10707	0.12706	0.02382	0.02056	0.02272	0.07730	0.03251	0.04024	0.00248	0.05300	0.00692	0.00469	0.15670
1	0.03976	0.05760	0.07973	0.03030	0.03177	0.05839	0.07338	0.09838	0.08411	0.05015	0.01884	0.09848	0.03150	0.03070	0.00837	0.00218	0.06010	0.00745	0.04570	0.09311
2	0.01721	0.14840	0.07955	0.04466	0.05830	0.14468	0.04086	0.05265	0.15352	0.02101	0.01790	0.07402	0.03414	0.00853	0.00701	0.00200	0.04111	0.00672	0.00437	0.04335
3	0.01237	0.04881	0.01290	0.01084	0.01286	0.01079	0.00845	0.08895	0.01487	0.02018	0.06880	0.15790	0.11116	0.06765	0.11107	0.04726	0.08606	0.03888	0.00498	0.06523
4	0.01752	0.07425	0.03849	0.01576	0.06016	0.12525	0.04154	0.17271	0.04728	0.02462	0.08267	0.11852	0.05190	0.01031	0.00806	0.00211	0.06657	0.00827	0.00508	0.02895
5	0.01027	0.00877	0.05328	0.00946	0.01057	0.00746	0.04408	0.01098	0.01077	0.01442	0.02269	0.09746	0.05350	0.52105	0.02713	0.07265	0.00658	0.00998	0.00413	0.00478
6	0.01698	0.22955	0.04305	0.06020	0.01961	0.07572	0.03675	0.10364	0.14683	0.02253	0.03887	0.11271	0.01754	0.00900	0.00624	0.00196	0.00697	0.00731	0.00476	0.03981
7	0.01560	0.01632	0.14599	0.01404	0.04092	0.01216	0.03151	0.12630	0.04742	0.06254	0.04661	0.12862	0.03910	0.00919	0.00655	0.00188	0.00631	0.00781	0.00505	0.23607
8	0.11046	0.16089	0.06949	0.03433	0.07183	0.06278	0.09473	0.16416	0.01762	0.02458	0.01449	0.03805	0.02570	0.05286	0.00818	0.00225	0.02851	0.00609	0.00421	0.00880
9	0.01544	0.29221	0.37309	0.01592	0.02341	0.05883	0.04445	0.02045	0.01438	0.01887	0.01446	0.01607	0.05198	0.00680	0.00578	0.00187	0.00872	0.00511	0.00311	0.00904
10	0.00961	0.00709	0.01030	0.01030	0.01133	0.00812	0.00778	0.01167	0.01064	0.01522	0.01841	0.02881	0.01784	0.14981	0.63956	0.01019	0.01637	0.00755	0.00366	0.00572
11	0.08674	0.01716	0.16098	0.09189	0.14502	0.01377	0.01537	0.09782	0.01693	0.13212	0.05510	0.05329	0.01634	0.00978	0.03106	0.00244	0.00763	0.03237	0.00488	0.00930
12	0.03842	0.01517	0.03622	0.01384	0.01806	0.01587	0.03722	0.33762	0.14857	0.05183	0.05453	0.07794	0.03877	0.02880	0.00763	0.00227	0.00637	0.02826	0.03292	0.00969
13	0.00824	0.00595	0.00768	0.00904	0.00955	0.00552	0.00602	0.00939	0.01287	0.01698	0.03853	0.66705	0.09565	0.06104	0.00990	0.00289	0.00400	0.01819	0.00611	0.00539
14	0.01679	0.01822	0.01698	0.11847	0.13195	0.26533	0.01266	0.02043	0.06396	0.01905	0.07646	0.06929	0.08149	0.05029	0.00828	0.00228	0.00824	0.00774	0.00437	0.00773
15	0.01785	0.12534	0.05592	0.01855	0.08376	0.13519	0.10650	0.06956	0.05446	0.04229	0.05453	0.02031	0.03237	0.00819	0.00830	0.00205	0.09479	0.02654	0.00422	0.03928
16	0.06568	0.01423	0.01739	0.10148	0.13831	0.09836	0.04218	0.08016	0.01690	0.10116	0.05002	0.15873	0.04708	0.01050	0.00703	0.00220	0.00707	0.02805	0.00511	0.00836
17	0.04064	0.09142	0.07667	0.09411	0.08521	0.07896	0.01341	0.06586	0.10700	0.10471	0.09634	0.03964	0.01857	0.00854	0.00736	0.00209	0.04869	0.00677	0.00500	0.00902
18	0.03917	0.13779	0.06730	0.04433	0.14338	0.05786	0.06610	0.16692	0.07866	0.04200	0.01463	0.03152	0.01169	0.00722	0.00668	0.00196	0.02820	0.00589	0.00447	0.04425

[dist]
# distance from previous block
# <min> <max>
13	23

[block]
# block no. 9 follows, 32 sequences, length 52
# corresponding to MSA columns:
# 444-495
name=unknown_J
#
# <colnr> <probs for GDERKNQSTAVLIFYWHMCP>
#	G	D	E	R	K	N	Q	S	T	A	V	L	I	F	Y	W	H	M	C	P
0	0.01738	0.01798	0.07849	0.13672	0.12953	0.11182	0.01479	0.08202	0.18400	0.04341	0.04087	0.02048	0.01489	0.04180	0.00844	0.00232	0.03472	0.00646	0.00468	0.00920
1	0.04518	0.01718	0.01986	0.06640	0.21097	0.13604	0.03528	0.09487	0.11820	0.06442	0.06049	0.02017	0.01565	0.03021	0.00739	0.00213	0.00771	0.00640	0.00481	0.03665
2	0.07272	0.05109	0.01711	0.01398	0.01732	0.18597	0.03638	0.10201	0.09021	0.02216	0.01851	0.04236	0.05940	0.01483	0.11374	0.00329	0.07415	0.00655	0.00449	0.05373
3	0.01925	0.08755	0.04309	0.03834	0.08824	0.06222	0.03265	0.20070	0.17723	0.04627	0.03680	0.01844	0.01415	0.00789	0.00742	0.00203	0.05492	0.00614	0.00520	0.05145
4	0.01838	0.01552	0.02031	0.01629	0.02046	0.04196	0.13496	0.23356	0.15499	0.04845	0.03790	0.12566	0.01884	0.00990	0.00797	0.00222	0.04598	0.00859	0.00573	0.03233
5	0.01034	0.00900	0.01008	0.01017	0.01187	0.05015	0.02935	0.01383	0.08824	0.01925	0.08390	0.38938	0.21507	0.01693	0.00801	0.00245	0.00459	0.01492	0.00611	0.00636
6	0.01166	0.00583	0.00874	0.00874	0.00874	0.00583	0.00583	0.00874	0.00874	0.01166	0.01166	0.02040	0.01166	0.02331	0.02622	0.80478	0.00583	0.00583	0.00291	0.00291
7	0.01617	0.01421	0.01497	0.01234	0.01705	0.04068	0.00969	0.04997	0.37784	0.02558	0.02003	0.01972	0.01544	0.00730	0.00604	0.00172	0.00550	0.00594	0.00554	0.33428
8	0.01669	0.11978	0.26598	0.04027	0.04867	0.06368	0.20812	0.07953	0.05267	0.02236	0.01317	0.01560	0.00994	0.00641	0.00659	0.00205	0.00956	0.00586	0.00359	0.00949
9	0.01049	0.01048	0.09936	0.05310	0.01479	0.00812	0.00960	0.01335	0.03686	0.04330	0.02931	0.44584	0.03269	0.08929	0.04328	0.00332	0.00602	0.03897	0.00539	0.00644
10	0.01054	0.00782	0.00844	0.00870	0.00912	0.03950	0.00568	0.01119	0.01126	0.01453	0.02380	0.08274	0.02701	0.57089	0.02754	0.00554	0.00657	0.11998	0.00449	0.00465
11	0.01864	0.01676	0.07543	0.03407	0.52491	0.01520	0.04036	0.04377	0.01631	0.12716	0.01478	0.01739	0.01138	0.00641	0.00668	0.00202	0.00786	0.00608	0.00414	0.01067
12	0.01391	0.01193	0.01391	0.00994	0.01590	0.00894	0.00795	0.01690	0.01391	0.02186	0.01193	0.01391	0.00994	0.00497	0.00497	0.00099	0.00497	0.00398	0.00398	0.80521
13	0.01633	0.04082	0.10458	0.07152	0.25054	0.08490	0.07760	0.02260	0.11626	0.04112	0.05090	0.06120	0.01608	0.00788	0.00680	0.00210	0.00802	0.00710	0.00426	0.00938
14	0.01984	0.01869	0.04209	0.05831	0.06596	0.14242	0.01279	0.21896	0.23054	0.02835	0.01882	0.04082	0.01467	0.00828	0.00657	0.00206	0.00747	0.00656	0.04706	0.00976
15	0.00934	0.00666	0.00834	0.00895	0.01030	0.00599	0.00642	0.01107	0.01448	0.04242	0.12194	0.44089	0.18982	0.01819	0.00820	0.00249	0.00392	0.05061	0.00635	0.03363
16	0.01800	0.15155	0.18394	0.02516	0.25866	0.05879	0.07415	0.06583	0.01631	0.06704	0.01299	0.01529	0.01009	0.00634	0.00626	0.00194	0.00859	0.00546	0.00369	0.00993
17	0.01687	0.27211	0.25937	0.04301	0.02572	0.11486	0.13884	0.02150	0.01490	0.01871	0.01120	0.01360	0.00887	0.00612	0.00594	0.00187	0.00952	0.00499	0.00303	0.00896
18	0.00936	0.00685	0.00878	0.00830	0.00994	0.00627	0.00622	0.01240	0.01867	0.02614	0.66200	0.05138	0.12058	0.01400	0.00792	0.00212	0.00319	0.01231	0.00729	0.00627
19	0.00889	0.00646	0.00851	0.00973	0.01068	0.00608	0.00721	0.01073	0.01422	0.01876	0.09827	0.47076	0.10957	0.01942	0.00861	0.00271	0.00432	0.17303	0.00632	0.00572
20	0.00814	0.00621	0.00749	0.00843	0.00951	0.00556	0.00584	0.00956	0.01391	0.01782	0.07162	0.49451	0.27853	0.01937	0.00832	0.00254	0.00370	0.01713	0.00627	0.00556
21	0.01696	0.15954	0.45393	0.04300	0.02564	0.01704	0.01970	0.05776	0.01559	0.11057	0.01360	0.01490	0.00971	0.00661	0.00609	0.00200	0.00873	0.00504	0.00374	0.00987
22	0.01660	0.08638	0.04041	0.01463	0.06271	0.03395	0.04661	0.06280	0.15677	0.04509	0.01558	0.01662	0.01222	0.00636	0.00577	0.00157	0.00628	0.00525	0.00462	0.35977
23	0.04713	0.08058	0.07125	0.09384	0.29620	0.01727	0.01661	0.18186	0.01896	0.09165	0.01424	0.01633	0.01078	0.00677	0.00637	0.00199	0.00768	0.00571	0.00451	0.01025
24	0.00986	0.00732	0.00918	0.00977	0.01098	0.00720	0.00701	0.03509	0.07393	0.02114	0.18285	0.46938	0.06522	0.01779	0.00823	0.00253	0.00406	0.04562	0.00654	0.00631
25	0.01661	0.01594	0.02724	0.04119	0.72233	0.01594	0.02059	0.02059	0.01528	0.02192	0.01262	0.01661	0.01063	0.00598	0.00664	0.00199	0.00797	0.00598	0.00332	0.01063
26	0.01769	0.09667	0.11964	0.06717	0.11820	0.04205	0.03710	0.17614	0.14249	0.02586	0.01705	0.05657	0.01404	0.03103	0.00738	0.00220	0.00761	0.00669	0.00476	0.00967
27	0.13263	0.07006	0.02399	0.05646	0.04743	0.17646	0.17758	0.12931	0.01838	0.08585	0.01339	0.01531	0.01003	0.00669	0.00634	0.00200	0.00901	0.00567	0.00440	0.00903
28	0.00914	0.00679	0.00837	0.00805	0.00964	0.00617	0.00592	0.01173	0.01742	0.02385	0.51486	0.07638	0.19824	0.06238	0.00961	0.00244	0.00345	0.01264	0.00689	0.00602
29	0.01944	0.06349	0.06721	0.06566	0.17749	0.05981	0.05785	0.20105	0.01935	0.08697	0.01514	0.01820	0.01185	0.03876	0.06552	0.00286	0.00895	0.00611	0.00464	0.00966
30	0.04169	0.02182	0.17272	0.08944	0.09568	0.13278	0.05572	0.14127	0.04228	0.06867	0.01646	0.01958	0.03184	0.00768	0.00666	0.00209	0.00873	0.03104	0.00445	0.00940
31	0.01166	0.00583	0.00874	0.00874	0.00874	0.00583	0.00583	0.00874	0.00874	0.01166	0.01166	0.02040	0.01166	0.02331	0.02622	0.80478	0.00583	0.00583	0.00291	0.00291
32	0.00828	0.00659	0.00716	0.00742	0.00903	0.00576	0.00525	0.00975	0.01438	0.01780	0.09154	0.18982	0.47670	0.10671	0.01117	0.00285	0.00385	0.01444	0.00603	0.00547
33	0.01846	0.11728	0.18466	0.06249	0.08365	0.05898	0.05156	0.08499	0.01724	0.13736	0.04194	0.02211	0.03955	0.00801	0.00656	0.00205	0.00795	0.04109	0.00466	0.00940
34	0.04729	0.17631	0.04464	0.01961	0.14450	0.05125	0.06552	0.15996	0.13190	0.02562	0.01624	0.01983	0.01335	0.00765	0.00632	0.00201	0.00754	0.04606	0.00468	0.00970
35	0.02878	0.01354	0.01688	0.01294	0.01819	0.01301	0.01069	0.22441	0.02275	0.53026	0.02349	0.02090	0.01512	0.00823	0.00674	0.00206	0.00619	0.00654	0.00785	0.01142
36	0.00964	0.00652	0.00728	0.00728	0.00743	0.00645	0.00413	0.00975	0.01012	0.01335	0.02424	0.04528	0.07037	0.71477	0.03242	0.00622	0.00630	0.01005	0.00421	0.00417
37	0.01493	0.06258	0.24192	0.01774	0.04678	0.04064	0.09081	0.08516	0.01571	0.02147	0.02042	0.04521	0.10214	0.00948	0.00948	0.00227	0.13552	0.02517	0.00396	0.00863
38	0.01473	0.01386	0.02201	0.13911	0.44744	0.03129	0.01726	0.01872	0.03426	0.02050	0.01836	0.10643	0.03549	0.00887	0.00703	0.00218	0.00746	0.04195	0.00393	0.00913
39	0.00818	0.00584	0.00779	0.00934	0.00973	0.00545	0.00623	0.00934	0.01285	0.01713	0.03698	0.75981	0.04438	0.02102	0.00856	0.00273	0.00389	0.01908	0.00623	0.00545
40	0.01549	0.01809	0.11817	0.24340	0.37200	0.05459	0.01986	0.02046	0.03599	0.02032	0.01267	0.01667	0.01004	0.00639	0.00660	0.00208	0.00866	0.00580	0.00327	0.00945
41	0.01565	0.01530	0.02446	0.27976	0.46158	0.04801	0.01959	0.01970	0.01482	0.02005	0.01228	0.01684	0.00997	0.00627	0.00664	0.00206	0.00849	0.00590	0.00321	0.00942
42	0.01431	0.01235	0.01543	0.03997	0.09747	0.03208	0.01036	0.01778	0.03823	0.03816	0.03709	0.07149	0.01613	0.00792	0.00672	0.00161	0.03921	0.04632	0.00440	0.45294
43	0.01640	0.01416	0.01490	0.01343	0.01717	0.01633	0.01044	0.03480	0.68748	0.02774	0.02864	0.02633	0.04336	0.00936	0.00686	0.00228	0.00525	0.00780	0.00681	0.01046
44	0.01854	0.13067	0.01905	0.01406	0.03866	0.01810	0.01111	0.15692	0.39136	0.04758	0.02205	0.04139	0.01709	0.00856	0.00639	0.00207	0.00597	0.00688	0.03338	0.01019
45	0.01267	0.01193	0.02013	0.74806	0.04621	0.01491	0.01863	0.01714	0.01342	0.01714	0.01193	0.01789	0.00894	0.00671	0.00671	0.00224	0.00894	0.00596	0.00298	0.00745
46	0.02222	0.02439	0.06609	0.05693	0.08164	0.32034	0.01464	0.22053	0.04198	0.02508	0.01283	0.01462	0.00999	0.00747	0.00730	0.00197	0.05305	0.00528	0.00440	0.00926
47	0.01613	0.01361	0.02181	0.14374	0.40096	0.01420	0.01676	0.02079	0.05994	0.08131	0.08057	0.04636	0.01747	0.00788	0.00729	0.00212	0.02799	0.00716	0.00438	0.00953
48	0.00838	0.00599	0.00802	0.00958	0.01006	0.00563	0.00659	0.00970	0.01305	0.01736	0.03687	0.70580	0.04392	0.02083	0.00862	0.00275	0.00407	0.07103	0.00622	0.00551
49	0.01121	0.00879	0.01217	0.01238	0.03941	0.00892	0.04832	0.07431	0.05080	0.01996	0.02995	0.42521	0.05348	0.07192	0.09652	0.00378	0.00671	0.01395	0.00557	0.00664
50	0.01917	0.05972	0.02545	0.05128	0.29978	0.22230	0.10269	0.06537	0.01731	0.02104	0.01316	0.01787	0.01115	0.00691	0.00664	0.00198	0.00944	0.03580	0.00368	0.00926
51	0.01455	0.01335	0.02052	0.29150	0.21811	0.01480	0.04155	0.04244	0.14259	0.02195	0.05524	0.02318	0.05546	0.00791	0.00689	0.00217	0.00743	0.00714	0.00433	0.00891

[dist]
# distance from previous block
# <min> <max>
3	11

[block]
# block no. 10 follows, 32 sequences, length 14
# corresponding to MSA columns:
# 507-520
name=unknown_K
#
# <colnr> <probs for GDERKNQSTAVLIFYWHMCP>
#	G	D	E	R	K	N	Q	S	T	A	V	L	I	F	Y	W	H	M	C	P
0	0.08976	0.36108	0.09136	0.01379	0.04262	0.11072	0.01240	0.05683	0.04274	0.04485	0.01465	0.04303	0.03636	0.00733	0.00539	0.00178	0.00753	0.00526	0.00387	0.00868
1	0.04471	0.19760	0.40648	0.04282	0.02412	0.01691	0.01820	0.01982	0.01383	0.02009	0.01224	0.04161	0.01002	0.00663	0.00575	0.00186	0.00827	0.00505	0.00316	0.10083
2	0.00899	0.00641	0.00783	0.00863	0.00925	0.00610	0.00582	0.01003	0.01237	0.01613	0.03530	0.33998	0.12548	0.28260	0.01759	0.00404	0.00500	0.08792	0.00546	0.00507
3	0.05890	0.35290	0.05423	0.05623	0.10589	0.01929	0.05725	0.02294	0.01513	0.17743	0.01409	0.01518	0.01070	0.00644	0.00557	0.00180	0.00731	0.00505	0.00425	0.00944
4	0.13055	0.18171	0.08635	0.01379	0.01811	0.25476	0.01214	0.06389	0.01594	0.02009	0.01231	0.01708	0.01087	0.00889	0.00758	0.07689	0.00860	0.04897	0.00371	0.00775
5	0.00976	0.00651	0.00732	0.00732	0.00732	0.00651	0.00407	0.00976	0.00976	0.01301	0.02114	0.04391	0.02439	0.76419	0.03415	0.00651	0.00651	0.00976	0.00407	0.00407
6	0.00808	0.00680	0.00700	0.00695	0.00915	0.00573	0.00521	0.00991	0.01564	0.01895	0.12878	0.06322	0.65829	0.01669	0.00793	0.00225	0.00338	0.01397	0.00634	0.00573
7	0.00887	0.00683	0.00810	0.00778	0.00964	0.00606	0.00584	0.01144	0.01751	0.02338	0.45753	0.05592	0.32677	0.01503	0.00792	0.00217	0.00326	0.01295	0.00692	0.00606
8	0.01554	0.25121	0.18723	0.01489	0.04588	0.04616	0.01433	0.01907	0.01353	0.01860	0.01104	0.01418	0.00953	0.03301	0.00839	0.00190	0.10273	0.00462	0.00320	0.18497
9	0.08733	0.60257	0.08026	0.01217	0.01791	0.07176	0.01214	0.02058	0.01383	0.01746	0.00959	0.01110	0.00849	0.00590	0.00455	0.00156	0.00752	0.00374	0.00302	0.00853
10	0.13551	0.30240	0.17742	0.01298	0.01866	0.04090	0.01319	0.09872	0.01532	0.02202	0.01244	0.03376	0.01095	0.07094	0.00770	0.00222	0.00751	0.00511	0.00371	0.00853
11	0.01395	0.15526	0.07846	0.01168	0.01497	0.06059	0.01032	0.03972	0.04239	0.04286	0.08039	0.11400	0.07146	0.08689	0.04487	0.00303	0.00700	0.10988	0.00497	0.00728
12	0.01414	0.35746	0.18851	0.01239	0.01782	0.01781	0.01294	0.01807	0.03911	0.01835	0.04644	0.10695	0.10626	0.00950	0.00596	0.00191	0.00674	0.00750	0.00398	0.00816
13	0.08018	0.26627	0.20288	0.01440	0.03988	0.07602	0.01428	0.03891	0.04279	0.02088	0.06496	0.02087	0.04023	0.00790	0.00585	0.00192	0.00759	0.04167	0.00391	0.00858

[dist]
# distance from previous block
# <min> <max>
0	17

[block]
# block no. 11 follows, 32 sequences, length 16
# corresponding to MSA columns:
# 538-553
name=unknown_L
#
# <colnr> <probs for GDERKNQSTAVLIFYWHMCP>
#	G	D	E	R	K	N	Q	S	T	A	V	L	I	F	Y	W	H	M	C	P
0	0.07735	0.19986	0.11243	0.01386	0.03298	0.12733	0.01242	0.09224	0.03610	0.06256	0.05084	0.04269	0.01461	0.03228	0.04316	0.00244	0.00818	0.00583	0.00434	0.02851
1	0.12747	0.19578	0.02051	0.06719	0.01954	0.10446	0.01117	0.10530	0.12870	0.05037	0.01430	0.01522	0.01116	0.00685	0.00553	0.00180	0.00705	0.00496	0.00455	0.09810
2	0.05969	0.01936	0.05697	0.05375	0.02338	0.14532	0.14459	0.15119	0.15636	0.02578	0.01702	0.05704	0.01371	0.00793	0.00673	0.00208	0.00839	0.00684	0.00487	0.03903
3	0.01133	0.00937	0.03308	0.08867	0.01638	0.00903	0.02552	0.04030	0.06608	0.03890	0.16452	0.25897	0.09207	0.01623	0.03647	0.00276	0.00563	0.07185	0.00595	0.00690
4	0.01377	0.02364	0.38251	0.12764	0.05968	0.01439	0.01893	0.07004	0.05305	0.02269	0.06710	0.02269	0.07883	0.00816	0.00674	0.00215	0.00818	0.00672	0.00401	0.00909
5	0.01463	0.20707	0.45741	0.05359	0.02665	0.01788	0.05189	0.02055	0.01407	0.01978	0.01145	0.01371	0.00870	0.00613	0.00589	0.00191	0.00901	0.00477	0.00294	0.05196
6	0.00976	0.00651	0.00732	0.00732	0.00732	0.00651	0.00407	0.00976	0.00976	0.01301	0.02114	0.04391	0.02439	0.76419	0.03415	0.00651	0.00651	0.00976	0.00407	0.00407
7	0.00943	0.00690	0.00888	0.00852	0.01016	0.00635	0.00647	0.01247	0.01847	0.02575	0.62345	0.05282	0.11945	0.01427	0.00799	0.00218	0.00335	0.04960	0.00722	0.00626
8	0.01391	0.01193	0.01391	0.00994	0.01590	0.00894	0.00795	0.01690	0.01391	0.02186	0.01193	0.01391	0.00994	0.00497	0.00497	0.00099	0.00497	0.00398	0.00398	0.80521
9	0.00829	0.00599	0.00773	0.00901	0.00956	0.00556	0.00603	0.00952	0.01310	0.01737	0.06514	0.64167	0.09453	0.06029	0.00986	0.00287	0.00397	0.01794	0.00616	0.00543
10	0.01220	0.00819	0.01076	0.01146	0.01341	0.00799	0.00965	0.04636	0.01618	0.06944	0.03831	0.13574	0.12410	0.01739	0.00873	0.00283	0.00562	0.44863	0.00636	0.00665
11	0.00793	0.00680	0.00680	0.00680	0.00906	0.00566	0.00510	0.00963	0.01529	0.01813	0.06797	0.06457	0.71961	0.01699	0.00793	0.00227	0.00340	0.01416	0.00623	0.00566
12	0.00834	0.00603	0.00792	0.00928	0.00989	0.00561	0.00637	0.00973	0.01341	0.01782	0.07415	0.65465	0.08297	0.02031	0.00852	0.00268	0.00393	0.04657	0.00629	0.00554
13	0.01320	0.01108	0.01578	0.01388	0.01467	0.01399	0.03274	0.01481	0.01093	0.05101	0.01464	0.02397	0.01437	0.16922	0.20883	0.00561	0.35397	0.00709	0.00361	0.00661
14	0.81159	0.01298	0.00986	0.00882	0.01298	0.01505	0.00727	0.01972	0.01142	0.03010	0.00934	0.01090	0.00727	0.00623	0.00415	0.00208	0.00519	0.00363	0.00415	0.00727
15	0.07722	0.24240	0.25764	0.01494	0.02129	0.17182	0.01558	0.02139	0.01469	0.01912	0.01092	0.01296	0.00887	0.00795	0.03414	0.00212	0.00929	0.00436	0.00317	0.05013

[dist]
# distance from previous block
# <min> <max>
0	1

[block]
# block no. 12 follows, 32 sequences, length 16
# corresponding to MSA columns:
# 555-570
name=unknown_M
#
# <colnr> <probs for GDERKNQSTAVLIFYWHMCP>
#	G	D	E	R	K	N	Q	S	T	A	V	L	I	F	Y	W	H	M	C	P
0	0.00950	0.00759	0.00861	0.00832	0.01038	0.00711	0.00624	0.01361	0.09182	0.02256	0.31521	0.09407	0.35013	0.01509	0.00784	0.00223	0.00354	0.01294	0.00675	0.00645
1	0.81159	0.01298	0.00986	0.00882	0.01298	0.01505	0.00727	0.01972	0.01142	0.03010	0.00934	0.01090	0.00727	0.00623	0.00415	0.00208	0.00519	0.00363	0.00415	0.00727
2	0.01661	0.01594	0.02724	0.04119	0.72233	0.01594	0.02059	0.02059	0.01528	0.02192	0.01262	0.01661	0.01063	0.00598	0.00664	0.00199	0.00797	0.00598	0.00332	0.01063
3	0.02192	0.06730	0.02059	0.01885	0.09251	0.41673	0.01349	0.09647	0.04669	0.02007	0.01198	0.01463	0.01009	0.02879	0.00866	0.00206	0.09177	0.00509	0.00386	0.00847
4	0.01605	0.01375	0.01462	0.01319	0.01679	0.01577	0.01024	0.03362	0.64911	0.02797	0.08844	0.02725	0.02427	0.00951	0.00692	0.00226	0.00512	0.00799	0.00688	0.01024
5	0.00818	0.00584	0.00779	0.00934	0.00973	0.00545	0.00623	0.00934	0.01285	0.01713	0.03698	0.75981	0.04438	0.02102	0.00856	0.00273	0.00389	0.01908	0.00623	0.00545
6	0.00853	0.00656	0.00776	0.00821	0.00966	0.00587	0.00596	0.01038	0.01511	0.01950	0.18446	0.26988	0.32651	0.04307	0.00908	0.00256	0.00376	0.05104	0.00638	0.00571
7	0.01565	0.13875	0.22796	0.02349	0.19778	0.04642	0.10584	0.04047	0.01492	0.02040	0.01267	0.01607	0.01027	0.01101	0.08708	0.00294	0.01009	0.00563	0.00326	0.00930
8	0.01371	0.01104	0.01251	0.01237	0.05306	0.04427	0.00884	0.02148	0.22853	0.06079	0.34091	0.05697	0.08466	0.01170	0.00738	0.00216	0.00467	0.01008	0.00675	0.00813
9	0.00824	0.00666	0.00735	0.00772	0.00952	0.00577	0.00571	0.01000	0.01505	0.01860	0.10218	0.20510	0.50359	0.01768	0.00813	0.00239	0.00363	0.05068	0.00630	0.00569
10	0.01373	0.00823	0.01140	0.01195	0.01407	0.00794	0.01028	0.01675	0.01634	0.13176	0.09304	0.06518	0.03729	0.01651	0.00875	0.00285	0.00584	0.51444	0.00662	0.00702
11	0.01812	0.10808	0.10078	0.09448	0.20416	0.20622	0.07958	0.02232	0.03927	0.01919	0.01197	0.01497	0.00971	0.00661	0.00691	0.00197	0.03795	0.00539	0.00333	0.00900
12	0.03868	0.15195	0.36329	0.01631	0.02308	0.01759	0.03297	0.06093	0.01463	0.02114	0.01335	0.01663	0.02694	0.00755	0.00807	0.00207	0.10451	0.02312	0.00338	0.05380
13	0.01158	0.01042	0.01437	0.03709	0.09281	0.03465	0.04570	0.01392	0.01420	0.01895	0.06564	0.25159	0.13641	0.01443	0.00948	0.00243	0.09259	0.07701	0.00511	0.05161
14	0.30318	0.14730	0.03773	0.05231	0.04613	0.06939	0.01053	0.07554	0.01512	0.09749	0.01312	0.01560	0.01043	0.04917	0.00680	0.00217	0.00674	0.00487	0.02805	0.00832
15	0.59427	0.01227	0.01082	0.00954	0.01343	0.01387	0.00779	0.05162	0.01304	0.08881	0.01247	0.01432	0.00962	0.01141	0.08552	0.00302	0.00669	0.00449	0.02936	0.00764

[dist]
# distance from previous block
# <min> <max>
0	5

[block]
# block no. 13 follows, 32 sequences, length 31
# corresponding to MSA columns:
# 576-606
name=unknown_N
#
# <colnr> <probs for GDERKNQSTAVLIFYWHMCP>
#	G	D	E	R	K	N	Q	S	T	A	V	L	I	F	Y	W	H	M	C	P
0	0.01538	0.01947	0.12083	0.02591	0.06144	0.01736	0.46968	0.02052	0.01467	0.02058	0.01254	0.01697	0.00976	0.00679	0.01006	0.00235	0.13640	0.00712	0.00324	0.00894
1	0.00811	0.00675	0.00708	0.00711	0.00920	0.00572	0.00529	0.00994	0.01555	0.01901	0.13561	0.10094	0.61288	0.01686	0.00796	0.00227	0.00340	0.01421	0.00635	0.00572
2	0.00954	0.00671	0.00872	0.00886	0.00937	0.00714	0.00596	0.01059	0.01045	0.01440	0.02141	0.10512	0.02332	0.41493	0.30626	0.00782	0.01073	0.00964	0.00409	0.00495
3	0.01366	0.06803	0.69789	0.01878	0.02850	0.01608	0.02419	0.02120	0.01414	0.02100	0.01192	0.01401	0.00850	0.00635	0.00628	0.00209	0.00979	0.00490	0.00283	0.00986
4	0.00869	0.00683	0.00785	0.00759	0.00953	0.00599	0.00570	0.01110	0.01709	0.02238	0.38328	0.05757	0.40165	0.01541	0.00792	0.00219	0.00329	0.01318	0.00679	0.00599
5	0.02498	0.06005	0.01952	0.01685	0.02047	0.68156	0.01279	0.02676	0.01881	0.04359	0.01095	0.01246	0.00895	0.00692	0.00601	0.00173	0.01166	0.00439	0.00362	0.00795
6	0.02105	0.01498	0.01625	0.01332	0.01770	0.01640	0.01071	0.30776	0.26941	0.09820	0.02158	0.02083	0.01572	0.00834	0.00649	0.00204	0.00596	0.00662	0.09467	0.03199
7	0.02525	0.02037	0.01945	0.01547	0.02043	0.13931	0.01253	0.51850	0.06248	0.07461	0.01628	0.01625	0.01168	0.00793	0.00661	0.00198	0.00797	0.00587	0.00626	0.01077
8	0.08289	0.05640	0.05330	0.01557	0.02012	0.04452	0.12855	0.16131	0.03752	0.09271	0.03716	0.03029	0.01852	0.00967	0.00704	0.00225	0.00744	0.15003	0.03588	0.00883
9	0.02506	0.03198	0.01901	0.01729	0.02074	0.73725	0.01296	0.02679	0.01901	0.01642	0.01037	0.01210	0.00864	0.00691	0.00605	0.00173	0.01210	0.00432	0.00346	0.00778
