[name]
unknown

[dist]
# distance from previous block
# <min> <max>
0	125

[block]
# block no. 0 follows, 33 sequences, length 9
# corresponding to MSA columns:
# 125-133
name=unknown_A
#
# <colnr> <probs for GDERKNQSTAVLIFYWHMCP>
#	G	D	E	R	K	N	Q	S	T	A	V	L	I	F	Y	W	H	M	C	P
0	0.01061	0.00758	0.01061	0.01212	0.01364	0.00758	0.01061	0.01364	0.01515	0.01970	0.03486	0.07426	0.03789	0.01819	0.00909	0.00303	0.00606	0.68326	0.00606	0.00606
1	0.02503	0.01844	0.01976	0.01515	0.02042	0.02042	0.01251	0.70562	0.03095	0.04149	0.01581	0.01581	0.01120	0.00790	0.00659	0.00198	0.00724	0.00593	0.00659	0.01120
2	0.00915	0.00654	0.00886	0.00989	0.01071	0.00651	0.00739	0.01094	0.01297	0.01740	0.06607	0.35767	0.03697	0.10848	0.11295	0.00425	0.00659	0.19559	0.00556	0.00550
3	0.00956	0.00629	0.00730	0.00743	0.00746	0.00626	0.00427	0.00948	0.00976	0.01301	0.02142	0.09961	0.02474	0.66237	0.03101	0.05573	0.00614	0.01007	0.00409	0.00403
4	0.00867	0.00619	0.00811	0.00922	0.00992	0.00586	0.00653	0.01019	0.01337	0.01783	0.10449	0.49800	0.06767	0.09126	0.01083	0.00300	0.00430	0.11313	0.00601	0.00541
5	0.07474	0.12350	0.02016	0.01559	0.01943	0.55900	0.01216	0.06765	0.01828	0.01849	0.01033	0.01188	0.00856	0.00666	0.00564	0.00170	0.01053	0.00421	0.00356	0.00793
6	0.10741	0.01349	0.01610	0.01208	0.01751	0.01247	0.05488	0.13828	0.05610	0.06987	0.01395	0.01511	0.01070	0.00601	0.00548	0.00149	0.00578	0.00483	0.00476	0.43369
7	0.01008	0.00726	0.00959	0.00963	0.01056	0.00785	0.00689	0.05085	0.01190	0.01642	0.02215	0.17950	0.02368	0.23733	0.35786	0.00734	0.01117	0.01004	0.00435	0.00556
8	0.19368	0.01547	0.01754	0.07520	0.06211	0.08777	0.05465	0.13201	0.01786	0.20773	0.01545	0.01615	0.01094	0.00690	0.00595	0.00194	0.00708	0.00540	0.00525	0.06093

[dist]
# distance from previous block
# <min> <max>
0	3

[block]
# block no. 1 follows, 33 sequences, length 37
# corresponding to MSA columns:
# 137-173
name=unknown_B
#
# <colnr> <probs for GDERKNQSTAVLIFYWHMCP>
#	G	D	E	R	K	N	Q	S	T	A	V	L	I	F	Y	W	H	M	C	P
0	0.16392	0.01708	0.01757	0.01396	0.01877	0.12308	0.05158	0.23560	0.02101	0.24841	0.01681	0.01649	0.01159	0.00736	0.00613	0.00198	0.00727	0.00559	0.00596	0.00982
1	0.06281	0.01746	0.03712	0.02662	0.03312	0.01654	0.66249	0.02099	0.01528	0.02159	0.01307	0.01734	0.00982	0.00558	0.00755	0.00221	0.01074	0.00752	0.00337	0.00878
2	0.01417	0.06550	0.59785	0.01777	0.02642	0.04235	0.02178	0.02254	0.09076	0.02116	0.01327	0.01484	0.00963	0.00654	0.00620	0.00206	0.00919	0.00506	0.00323	0.00967
3	0.01136	0.00711	0.00940	0.00888	0.01066	0.00651	0.00670	0.01415	0.01777	0.10076	0.53955	0.13942	0.05407	0.01396	0.00776	0.00217	0.00356	0.03242	0.00716	0.00663
4	0.02095	0.33893	0.02584	0.06489	0.02065	0.12398	0.01241	0.27202	0.02055	0.02521	0.01191	0.01315	0.00948	0.00669	0.00549	0.00171	0.00792	0.00467	0.00429	0.00926
5	0.01510	0.02121	0.24930	0.04927	0.02883	0.01442	0.30889	0.02065	0.01478	0.05845	0.01318	0.01609	0.00972	0.00583	0.00669	0.00195	0.00922	0.00606	0.00350	0.14685
6	0.04430	0.04148	0.42271	0.01736	0.02474	0.04124	0.10087	0.02146	0.03315	0.08499	0.08993	0.01892	0.01529	0.00718	0.00651	0.00207	0.00855	0.00609	0.00397	0.00920
7	0.01513	0.01446	0.02462	0.25459	0.52246	0.01534	0.01963	0.01919	0.01444	0.02010	0.01218	0.01667	0.00993	0.00608	0.00654	0.00203	0.00811	0.00586	0.00316	0.00949
8	0.00826	0.00631	0.00764	0.00853	0.00976	0.00570	0.00619	0.00986	0.01397	0.01778	0.06821	0.40425	0.29864	0.01866	0.00823	0.00253	0.00386	0.08995	0.00614	0.00553
9	0.03648	0.31494	0.21274	0.01939	0.13960	0.07325	0.05029	0.04737	0.01491	0.01956	0.01092	0.01304	0.00890	0.00601	0.00552	0.00177	0.00838	0.00462	0.00313	0.00915
10	0.01099	0.00976	0.00976	0.00962	0.01150	0.08573	0.00728	0.01428	0.05794	0.02158	0.30656	0.13708	0.20082	0.01453	0.00771	0.00224	0.00459	0.07537	0.00629	0.00634
11	0.02927	0.01163	0.01554	0.01192	0.01702	0.01031	0.00984	0.07190	0.01956	0.69131	0.02537	0.02202	0.01599	0.00813	0.00662	0.00203	0.00570	0.00658	0.00806	0.01120
12	0.10881	0.02487	0.38377	0.02015	0.08663	0.01573	0.12452	0.04136	0.08978	0.02326	0.01350	0.01552	0.00997	0.00643	0.00631	0.00210	0.00867	0.00555	0.00359	0.00947
13	0.00979	0.00751	0.00906	0.00853	0.01044	0.00718	0.00644	0.01429	0.09282	0.02492	0.52675	0.04917	0.18107	0.01357	0.00765	0.00212	0.00337	0.01180	0.00698	0.00654
14	0.01554	0.01776	0.03885	0.02775	0.03441	0.01665	0.70366	0.02109	0.01554	0.02109	0.01332	0.01776	0.00999	0.00555	0.00777	0.00222	0.01110	0.00777	0.00333	0.00888
15	0.00956	0.00643	0.00742	0.00742	0.00750	0.00651	0.00429	0.00973	0.00964	0.01294	0.02052	0.04187	0.02341	0.71821	0.08322	0.00668	0.00717	0.00940	0.00396	0.00412
16	0.01704	0.52412	0.11602	0.01280	0.01832	0.07340	0.01293	0.04088	0.01455	0.01745	0.01252	0.01807	0.01168	0.00721	0.00519	0.00170	0.00761	0.07682	0.00332	0.00838
17	0.02750	0.01081	0.01478	0.01176	0.01647	0.00945	0.00978	0.03010	0.01845	0.65561	0.02693	0.02798	0.01862	0.00923	0.00689	0.00214	0.00565	0.07929	0.00792	0.01065
18	0.01061	0.00758	0.01061	0.01212	0.01364	0.00758	0.01061	0.01364	0.01515	0.01970	0.03486	0.07426	0.03789	0.01819	0.00909	0.00303	0.00606	0.68326	0.00606	0.00606
19	0.02094	0.01966	0.01871	0.01548	0.01936	0.30021	0.12120	0.04968	0.06054	0.12608	0.01649	0.01782	0.01236	0.00714	0.00614	0.00184	0.00849	0.00579	0.16372	0.00837
20	0.01616	0.01361	0.01611	0.09286	0.02003	0.01558	0.02779	0.13693	0.37370	0.02737	0.09780	0.02572	0.04698	0.00934	0.00767	0.00220	0.04712	0.00765	0.00602	0.00937
21	0.01814	0.01467	0.01562	0.01359	0.01760	0.01672	0.01070	0.13411	0.58845	0.05580	0.02514	0.02319	0.01864	0.00875	0.00668	0.00219	0.00553	0.00719	0.00674	0.01056
22	0.00957	0.00638	0.00718	0.00718	0.00718	0.00638	0.00399	0.00957	0.00957	0.01276	0.02074	0.04308	0.02393	0.76864	0.03351	0.00638	0.00638	0.00957	0.00399	0.00399
23	0.02459	0.03138	0.01866	0.01696	0.02035	0.74221	0.01272	0.02629	0.01866	0.01611	0.01018	0.01187	0.00848	0.00678	0.00594	0.00170	0.01187	0.00424	0.00339	0.00763
24	0.10759	0.02167	0.01613	0.01435	0.01812	0.35374	0.01105	0.02890	0.23073	0.10773	0.01705	0.01690	0.01283	0.00753	0.00605	0.00194	0.00835	0.00543	0.00505	0.00886
25	0.00862	0.00687	0.00788	0.00843	0.01032	0.00613	0.00671	0.01065	0.01488	0.01827	0.05531	0.11574	0.47745	0.01739	0.00821	0.00249	0.00416	0.20872	0.00610	0.00569
26	0.00816	0.00583	0.00780	0.00932	0.00976	0.00546	0.00635	0.00940	0.01274	0.01696	0.03621	0.72791	0.04324	0.02050	0.00844	0.00269	0.00394	0.05380	0.00611	0.00538
27	0.01757	0.12754	0.06046	0.19929	0.16134	0.08875	0.03116	0.08730	0.01610	0.07024	0.01305	0.01640	0.01033	0.02249	0.03184	0.00232	0.02570	0.00551	0.00379	0.00881
28	0.08845	0.01457	0.01543	0.01316	0.01735	0.01637	0.01047	0.16481	0.45207	0.09966	0.02303	0.02143	0.01686	0.00841	0.00644	0.00215	0.00564	0.00673	0.00659	0.01036
29	0.01227	0.00614	0.00614	0.00614	0.00767	0.00614	0.00460	0.01534	0.01381	0.02454	0.02148	0.02454	0.01687	0.00767	0.00460	0.00153	0.00307	0.00614	0.80518	0.00614
30	0.00963	0.00733	0.01062	0.12932	0.01671	0.00761	0.00963	0.01196	0.01359	0.01782	0.03185	0.40328	0.03599	0.01752	0.00835	0.00272	0.00540	0.24916	0.00558	0.00591
31	0.01539	0.02884	0.54582	0.02048	0.08569	0.01482	0.07390	0.02202	0.01464	0.09731	0.01350	0.01530	0.00949	0.00637	0.00643	0.00208	0.00923	0.00536	0.00344	0.00988
32	0.01629	0.01564	0.02672	0.04041	0.72757	0.01564	0.02020	0.02020	0.01499	0.02151	0.01238	0.01629	0.01043	0.00587	0.00652	0.00196	0.00782	0.00587	0.00326	0.01043
33	0.01227	0.00614	0.00614	0.00614	0.00767	0.00614	0.00460	0.01534	0.01381	0.02454	0.02148	0.02454	0.01687	0.00767	0.00460	0.00153	0.00307	0.00614	0.80518	0.00614
34	0.00791	0.00657	0.00692	0.00705	0.00903	0.00558	0.00521	0.00963	0.01500	0.01828	0.10958	0.13765	0.60519	0.01687	0.00785	0.00226	0.00337	0.01427	0.00619	0.00558
35	0.01561	0.01339	0.01730	0.01252	0.01836	0.01142	0.08327	0.12343	0.01652	0.02451	0.01251	0.01442	0.01000	0.00542	0.00545	0.00126	0.00591	0.00463	0.00425	0.59982
36	0.01364	0.01325	0.01858	0.07373	0.01864	0.01799	0.01366	0.01595	0.03810	0.01648	0.01256	0.09559	0.01285	0.01201	0.01843	0.00278	0.58802	0.00723	0.00338	0.00714

[dist]
# distance from previous block
# <min> <max>
0	2

[block]
# block no. 2 follows, 33 sequences, length 41
# corresponding to MSA columns:
# 176-216
name=unknown_C
#
# <colnr> <probs for GDERKNQSTAVLIFYWHMCP>
#	G	D	E	R	K	N	Q	S	T	A	V	L	I	F	Y	W	H	M	C	P
0	0.30196	0.01993	0.23485	0.01611	0.02198	0.01515	0.15343	0.01934	0.01312	0.02365	0.02850	0.01634	0.03866	0.00703	0.00701	0.00216	0.06342	0.00557	0.00360	0.00819
1	0.14388	0.00793	0.01006	0.00989	0.01142	0.00912	0.00759	0.01279	0.01058	0.01739	0.01656	0.02519	0.01571	0.11983	0.54275	0.00870	0.01433	0.00674	0.00367	0.00588
2	0.44379	0.14126	0.01686	0.01105	0.01574	0.01835	0.00944	0.22636	0.01752	0.03080	0.01117	0.01221	0.00858	0.00657	0.00486	0.00191	0.00607	0.00427	0.00462	0.00858
3	0.01518	0.03145	0.61525	0.01816	0.02715	0.01614	0.02235	0.13512	0.01674	0.02429	0.01248	0.01422	0.00882	0.00653	0.00631	0.00207	0.00931	0.00504	0.00341	0.00997
4	0.30426	0.01403	0.01397	0.01119	0.01598	0.03932	0.00912	0.15419	0.04029	0.17829	0.01504	0.01516	0.01077	0.00679	0.00538	0.00184	0.00582	0.00487	0.00545	0.14826
5	0.01671	0.62295	0.17635	0.01278	0.01925	0.02387	0.01391	0.01994	0.01348	0.01657	0.00969	0.01124	0.00843	0.00576	0.00464	0.00155	0.00759	0.00379	0.00281	0.00871
6	0.00802	0.00573	0.00764	0.00917	0.00955	0.00535	0.00611	0.00917	0.01260	0.01681	0.03628	0.76434	0.04354	0.02062	0.00840	0.00267	0.00382	0.01872	0.00611	0.00535
7	0.02229	0.02020	0.01643	0.01443	0.01830	0.29590	0.01116	0.03101	0.30085	0.16979	0.02019	0.01920	0.01481	0.00794	0.00639	0.00198	0.00787	0.00603	0.00572	0.00950
8	0.01592	0.01526	0.02605	0.10939	0.66151	0.01554	0.02002	0.01988	0.01481	0.02105	0.01232	0.01642	0.01027	0.00594	0.00652	0.00198	0.00791	0.00586	0.00323	0.01013
9	0.73907	0.01258	0.01022	0.00895	0.01313	0.01428	0.00738	0.02058	0.01194	0.09757	0.01079	0.01183	0.00802	0.00631	0.00432	0.00204	0.00514	0.00386	0.00447	0.00752
10	0.01320	0.03405	0.73453	0.01876	0.02849	0.01529	0.02432	0.02085	0.01390	0.02085	0.01181	0.01390	0.00834	0.00625	0.00625	0.00208	0.00973	0.00486	0.00278	0.00973
11	0.01202	0.01026	0.01744	0.01562	0.01844	0.00999	0.17911	0.04029	0.01558	0.02051	0.02984	0.12489	0.04789	0.01493	0.00858	0.00274	0.00705	0.41256	0.00542	0.00686
12	0.01551	0.01145	0.03509	0.01031	0.01338	0.01161	0.00840	0.17883	0.14541	0.02921	0.13806	0.02628	0.02341	0.00887	0.00602	0.00187	0.00465	0.00724	0.31619	0.00821
13	0.01227	0.00614	0.00614	0.00614	0.00767	0.00614	0.00460	0.01534	0.01381	0.02454	0.02148	0.02454	0.01687	0.00767	0.00460	0.00153	0.00307	0.00614	0.80518	0.00614
14	0.01047	0.00713	0.00831	0.00777	0.01002	0.00620	0.00591	0.01277	0.01675	0.09022	0.31144	0.05403	0.40556	0.01463	0.00766	0.00215	0.00347	0.01244	0.00674	0.00635
15	0.01760	0.77260	0.03450	0.01126	0.01690	0.02605	0.01126	0.01971	0.01338	0.01549	0.00915	0.01056	0.00845	0.00563	0.00422	0.00141	0.00704	0.00352	0.00282	0.00845
16	0.01243	0.01170	0.01975	0.75282	0.04534	0.01463	0.01828	0.01682	0.01316	0.01682	0.01170	0.01755	0.00878	0.00658	0.00658	0.00219	0.00878	0.00585	0.00293	0.00731
17	0.01227	0.00614	0.00614	0.00614	0.00767	0.00614	0.00460	0.01534	0.01381	0.02454	0.02148	0.02454	0.01687	0.00767	0.00460	0.00153	0.00307	0.00614	0.80518	0.00614
18	0.00896	0.00672	0.00831	0.00791	0.00962	0.00606	0.00593	0.01173	0.01780	0.02441	0.57198	0.05246	0.21548	0.01420	0.00777	0.00211	0.00316	0.01237	0.00698	0.00606
19	0.02832	0.01163	0.01571	0.01278	0.04175	0.01035	0.01008	0.06616	0.01925	0.65442	0.02593	0.02281	0.03254	0.00826	0.00664	0.00204	0.00571	0.00673	0.00785	0.01104
20	0.01629	0.01564	0.02672	0.04041	0.72757	0.01564	0.02020	0.02020	0.01499	0.02151	0.01238	0.01629	0.01043	0.00587	0.00652	0.00196	0.00782	0.00587	0.00326	0.01043
21	0.01280	0.00777	0.00966	0.00951	0.01194	0.00699	0.00775	0.01513	0.01588	0.15133	0.08229	0.08136	0.31805	0.01553	0.00800	0.00245	0.00463	0.22559	0.00653	0.00679
22	0.01360	0.01306	0.01800	0.01560	0.01560	0.01786	0.01267	0.01480	0.01000	0.01533	0.01066	0.01919	0.01119	0.13787	0.02359	0.00346	0.63140	0.00640	0.00307	0.00667
23	0.01228	0.04793	0.01327	0.13415	0.01752	0.01000	0.00966	0.01466	0.01204	0.08484	0.01861	0.05692	0.01733	0.12173	0.37403	0.00684	0.01219	0.02540	0.00407	0.00652
24	0.02394	0.01549	0.01736	0.01382	0.01864	0.01664	0.01125	0.36088	0.20467	0.21382	0.02123	0.01975	0.01479	0.00823	0.00662	0.00206	0.00630	0.00650	0.00701	0.01100
25	0.02289	0.02854	0.01891	0.01701	0.01984	0.62172	0.01300	0.02454	0.01723	0.01607	0.00992	0.01229	0.00851	0.00757	0.00855	0.00189	0.13615	0.00449	0.00331	0.00756
26	0.01213	0.01101	0.01822	0.62921	0.04005	0.01345	0.01700	0.01629	0.01350	0.01730	0.01557	0.02701	0.01363	0.00852	0.00700	0.00233	0.00832	0.11889	0.00345	0.00710
27	0.01108	0.00729	0.00902	0.00935	0.01088	0.00688	0.00670	0.03412	0.05104	0.08804	0.07444	0.47769	0.15335	0.01740	0.00795	0.00246	0.00405	0.01542	0.00641	0.00644
28	0.00825	0.00669	0.00732	0.00716	0.00918	0.00576	0.00537	0.01036	0.01612	0.02043	0.26821	0.05901	0.52173	0.01569	0.00778	0.00218	0.00326	0.01328	0.00646	0.00576
29	0.68152	0.01301	0.01143	0.01010	0.01349	0.01567	0.00834	0.01877	0.01102	0.02725	0.00908	0.01131	0.00738	0.00701	0.00700	0.00218	0.13050	0.00393	0.00387	0.00714
30	0.33323	0.01605	0.13305	0.01194	0.01720	0.01361	0.01123	0.02564	0.11874	0.23277	0.01714	0.01671	0.01194	0.00715	0.00557	0.00207	0.00603	0.00525	0.00544	0.00924
31	0.01003	0.00785	0.01067	0.01047	0.01097	0.00916	0.00766	0.01134	0.01058	0.01494	0.02044	0.16433	0.02226	0.24339	0.28489	0.00664	0.13520	0.00970	0.00403	0.00546
32	0.01262	0.00732	0.00971	0.00907	0.01101	0.00665	0.00680	0.01524	0.01745	0.14903	0.46195	0.18889	0.05028	0.01397	0.00769	0.00219	0.00369	0.01235	0.00718	0.00692
33	0.01498	0.01662	0.03497	0.14836	0.03560	0.01644	0.56402	0.02018	0.01494	0.02018	0.01288	0.01760	0.00974	0.00594	0.00808	0.00224	0.03804	0.00738	0.00325	0.00856
34	0.15465	0.01322	0.01489	0.05062	0.01800	0.01414	0.01021	0.12390	0.22281	0.25322	0.04247	0.02072	0.01616	0.00808	0.00625	0.00209	0.00572	0.00637	0.00653	0.00994
35	0.01443	0.14006	0.02506	0.40288	0.14460	0.01700	0.08921	0.01923	0.05027	0.01834	0.01234	0.01657	0.00970	0.00632	0.00631	0.00203	0.00840	0.00575	0.00320	0.00832
36	0.55865	0.01416	0.01125	0.03247	0.01480	0.10400	0.00874	0.01919	0.01285	0.02585	0.01365	0.02165	0.01248	0.00822	0.00522	0.00217	0.00621	0.11714	0.00429	0.00702
37	0.00943	0.00636	0.00755	0.00760	0.00791	0.00623	0.00463	0.01001	0.01142	0.01550	0.14491	0.11336	0.03217	0.54398	0.02637	0.02705	0.00554	0.01076	0.00473	0.00448
38	0.30481	0.05283	0.03101	0.13489	0.02063	0.01500	0.01089	0.06294	0.12861	0.15434	0.01594	0.01657	0.01150	0.00710	0.00558	0.00206	0.00614	0.00529	0.00510	0.00879
39	0.14740	0.01187	0.01299	0.00957	0.01512	0.00978	0.00769	0.01704	0.01324	0.02280	0.01128	0.01316	0.00931	0.00508	0.00474	0.00115	0.00491	0.00384	0.00393	0.67509
40	0.01569	0.19988	0.23604	0.13876	0.02609	0.01717	0.07012	0.03719	0.01473	0.07587	0.05969	0.01711	0.01286	0.00703	0.00684	0.00198	0.04490	0.00561	0.00368	0.00875

[dist]
# distance from previous block
# <min> <max>
10	33

# created by:
# /home/berkeley/.conda/envs/busco_data_prod/bin/msa2prfl.pl pipeline/OGs_align_augustus/4893/35.fs
