[name]
unknown

[dist]
# distance from previous block
# <min> <max>
0	7

[block]
# block no. 0 follows, 33 sequences, length 51
# corresponding to MSA columns:
# 7-57
name=unknown_A
#
# <colnr> <probs for GDERKNQSTAVLIFYWHMCP>
#	G	D	E	R	K	N	Q	S	T	A	V	L	I	F	Y	W	H	M	C	P
0	0.19139	0.01689	0.01558	0.01342	0.01698	0.14502	0.01081	0.18372	0.06878	0.08621	0.01614	0.03607	0.01336	0.00977	0.02538	0.00235	0.08170	0.05267	0.00513	0.00862
1	0.10601	0.01751	0.01655	0.01342	0.01762	0.11893	0.01069	0.39530	0.02371	0.08022	0.04368	0.01920	0.01402	0.08330	0.00895	0.00239	0.00731	0.00609	0.00575	0.00935
2	0.13789	0.01848	0.01655	0.01369	0.01804	0.18303	0.01095	0.26418	0.04663	0.15917	0.01593	0.01625	0.01154	0.00976	0.04676	0.00242	0.00820	0.00544	0.00561	0.00947
3	0.04287	0.74852	0.03371	0.01118	0.01676	0.02569	0.01113	0.01970	0.01331	0.01593	0.00915	0.01056	0.00841	0.00565	0.00422	0.00143	0.00698	0.00352	0.00286	0.00841
4	0.02475	0.02658	0.01906	0.01629	0.02038	0.47473	0.01264	0.27803	0.02321	0.02552	0.01226	0.01333	0.00949	0.00720	0.00618	0.00180	0.01016	0.00487	0.00458	0.00895
5	0.00957	0.00638	0.00718	0.00718	0.00718	0.00638	0.00399	0.00957	0.00957	0.01276	0.02074	0.04308	0.02393	0.76864	0.03351	0.00638	0.00638	0.00957	0.00399	0.00399
6	0.01482	0.27809	0.45481	0.01689	0.02505	0.01895	0.06623	0.02049	0.01384	0.01909	0.01103	0.01305	0.00849	0.00600	0.00568	0.00187	0.00893	0.00462	0.00283	0.00925
7	0.00960	0.00695	0.01006	0.01006	0.01117	0.00797	0.00770	0.01184	0.01072	0.01571	0.01810	0.02697	0.01700	0.09642	0.64561	0.00970	0.01591	0.00717	0.05558	0.00576
8	0.00814	0.00628	0.00744	0.00801	0.00933	0.00558	0.00568	0.00982	0.01458	0.01879	0.16269	0.36211	0.32227	0.01784	0.00805	0.00239	0.00350	0.01564	0.00630	0.00558
9	0.01032	0.00814	0.00913	0.00983	0.01069	0.04732	0.00674	0.05766	0.01376	0.01793	0.03098	0.56179	0.03616	0.10649	0.03752	0.00329	0.00529	0.01557	0.00565	0.00573
10	0.01474	0.01625	0.03384	0.02476	0.03011	0.01591	0.56524	0.01939	0.01457	0.01996	0.01446	0.05983	0.01234	0.04137	0.01034	0.00250	0.08439	0.00826	0.00347	0.00830
11	0.00800	0.00580	0.00757	0.00899	0.00950	0.00536	0.00603	0.00919	0.01278	0.01688	0.03846	0.71424	0.09224	0.02034	0.00836	0.00264	0.00378	0.01837	0.00611	0.00536
12	0.01558	0.01240	0.01362	0.01245	0.01579	0.01383	0.00980	0.02976	0.52098	0.06517	0.08503	0.03302	0.05890	0.01051	0.00706	0.00228	0.00505	0.07255	0.00673	0.00948
13	0.01710	0.01502	0.02495	0.11294	0.58147	0.01530	0.01901	0.04538	0.01563	0.07011	0.01336	0.01683	0.01068	0.00617	0.00653	0.00199	0.00775	0.00592	0.00368	0.01018
14	0.07514	0.01308	0.01277	0.01133	0.01441	0.07876	0.00873	0.09015	0.23506	0.06089	0.18243	0.03147	0.08730	0.05937	0.00849	0.00237	0.00547	0.00837	0.00616	0.00826
15	0.00802	0.00573	0.00764	0.00917	0.00955	0.00535	0.00611	0.00917	0.01260	0.01681	0.03628	0.76434	0.04354	0.02062	0.00840	0.00267	0.00382	0.01872	0.00611	0.00535
16	0.08845	0.01663	0.01753	0.01405	0.01882	0.01855	0.01144	0.45560	0.20230	0.06088	0.01839	0.01783	0.01329	0.00802	0.00641	0.00205	0.00649	0.00614	0.00646	0.01066
17	0.02184	0.04244	0.01769	0.01412	0.03531	0.01665	0.01118	0.37755	0.14202	0.13187	0.05911	0.06395	0.01801	0.00904	0.00669	0.00205	0.00625	0.00727	0.00661	0.01033
18	0.05851	0.02902	0.52755	0.01978	0.02840	0.01575	0.15437	0.05167	0.01484	0.02231	0.01214	0.01456	0.00872	0.00618	0.00644	0.00210	0.00963	0.00540	0.00313	0.00949
19	0.01545	0.00820	0.00878	0.00785	0.01015	0.00831	0.00608	0.10532	0.01634	0.09310	0.02115	0.02384	0.01633	0.03319	0.00601	0.00180	0.00395	0.00627	0.60068	0.00719
20	0.01224	0.01054	0.01758	0.60872	0.03822	0.01290	0.01585	0.01522	0.01228	0.01578	0.01165	0.01803	0.00929	0.00974	0.01029	0.15830	0.00818	0.00582	0.00291	0.00645
21	0.08175	0.05831	0.01752	0.01321	0.01792	0.11354	0.01079	0.22223	0.07021	0.28458	0.03261	0.01828	0.01386	0.00777	0.00623	0.00195	0.00689	0.00587	0.00635	0.01012
22	0.02290	0.02228	0.01800	0.01533	0.01947	0.30448	0.01200	0.25274	0.19159	0.05044	0.01657	0.01659	0.01244	0.00772	0.00636	0.00193	0.00853	0.00565	0.00540	0.00960
23	0.01243	0.01170	0.01975	0.75282	0.04534	0.01463	0.01828	0.01682	0.01316	0.01682	0.01170	0.01755	0.00878	0.00658	0.00658	0.00219	0.00878	0.00585	0.00293	0.00731
24	0.01599	0.01844	0.08239	0.02723	0.07163	0.01623	0.59419	0.02146	0.01553	0.04939	0.01367	0.01761	0.01016	0.00572	0.00756	0.00219	0.01061	0.00743	0.00348	0.00911
25	0.09436	0.02706	0.46255	0.01912	0.02729	0.01552	0.15751	0.05206	0.01493	0.05099	0.01260	0.01478	0.00900	0.00625	0.00637	0.00210	0.00927	0.00544	0.00340	0.00943
26	0.01719	0.01451	0.01582	0.06344	0.01943	0.01676	0.01121	0.11755	0.58279	0.02856	0.02440	0.02300	0.01822	0.00864	0.00668	0.00220	0.00570	0.00715	0.00643	0.01031
27	0.03831	0.52312	0.17736	0.01315	0.01936	0.02214	0.03046	0.03812	0.01392	0.01789	0.01128	0.04758	0.01018	0.00655	0.00499	0.00166	0.00749	0.00469	0.00312	0.00861
28	0.01546	0.01529	0.02358	0.27751	0.42317	0.06264	0.01883	0.01928	0.01441	0.01935	0.01186	0.01635	0.00967	0.00640	0.00712	0.00206	0.03906	0.00575	0.00314	0.00907
29	0.00803	0.00655	0.00710	0.00723	0.00911	0.00562	0.00532	0.00983	0.01519	0.01885	0.15430	0.15483	0.54166	0.01675	0.00786	0.00226	0.00337	0.01426	0.00627	0.00562
30	0.01473	0.03246	0.65854	0.01823	0.02740	0.04469	0.02290	0.02180	0.01441	0.06681	0.01267	0.01437	0.00886	0.00640	0.00627	0.00207	0.00955	0.00495	0.00315	0.00974
31	0.01374	0.01218	0.01790	0.03431	0.01838	0.01351	0.12623	0.09946	0.11078	0.02179	0.02366	0.27607	0.03875	0.01286	0.01021	0.00247	0.14389	0.01099	0.00511	0.00773
32	0.01058	0.00822	0.00934	0.00984	0.01113	0.03185	0.00696	0.09287	0.01529	0.01985	0.03664	0.56514	0.12083	0.01817	0.00803	0.00250	0.00444	0.01612	0.00608	0.00615
33	0.00822	0.00594	0.00768	0.00880	0.00943	0.00551	0.00595	0.00959	0.01334	0.01781	0.11803	0.59827	0.09352	0.05321	0.00941	0.00274	0.00382	0.01716	0.00615	0.00540
34	0.01648	0.01623	0.02545	0.15937	0.49334	0.06288	0.06075	0.04813	0.01560	0.02115	0.01232	0.01629	0.01002	0.00611	0.00657	0.00200	0.00842	0.00588	0.00335	0.00965
35	0.01297	0.01224	0.02071	0.65451	0.13948	0.01477	0.01855	0.01729	0.01342	0.01747	0.01180	0.01738	0.00900	0.00648	0.00657	0.00216	0.00864	0.00585	0.00297	0.00774
36	0.00834	0.00601	0.00790	0.00886	0.00960	0.00557	0.00610	0.01000	0.01422	0.01928	0.21204	0.55918	0.07108	0.01867	0.00822	0.00251	0.00362	0.01682	0.00640	0.00557
37	0.02815	0.01164	0.01541	0.01176	0.01692	0.01021	0.00970	0.06820	0.01914	0.64316	0.02439	0.02142	0.01555	0.00790	0.00649	0.00196	0.00564	0.00639	0.00776	0.06822
38	0.01638	0.06471	0.02676	0.03744	0.65318	0.01635	0.01923	0.02076	0.04276	0.02136	0.01275	0.01625	0.01068	0.00597	0.00638	0.00193	0.00767	0.00578	0.00337	0.01030
39	0.01485	0.01657	0.03165	0.02343	0.02880	0.06646	0.52510	0.01941	0.01556	0.02041	0.05023	0.10468	0.03395	0.00800	0.00771	0.00223	0.00976	0.00911	0.00390	0.00818
40	0.02245	0.01896	0.06961	0.01498	0.01996	0.06330	0.01283	0.45463	0.11081	0.06882	0.04049	0.01789	0.01378	0.00816	0.00706	0.00203	0.03151	0.00616	0.00611	0.01048
41	0.29190	0.01308	0.01618	0.01339	0.01688	0.04251	0.12052	0.04139	0.03909	0.04822	0.05651	0.04125	0.06500	0.01280	0.08355	0.00305	0.07596	0.00677	0.00446	0.00749
42	0.01077	0.00821	0.00988	0.01045	0.06164	0.00758	0.00716	0.04509	0.03579	0.05344	0.19978	0.10900	0.38758	0.01451	0.00760	0.00219	0.00398	0.01240	0.00629	0.00668
43	0.09776	0.01619	0.01742	0.01418	0.04283	0.01729	0.01119	0.48469	0.02531	0.03560	0.01784	0.01815	0.05692	0.00785	0.00621	0.00187	0.00651	0.00596	0.00586	0.11038
44	0.00991	0.00760	0.01140	0.01237	0.06246	0.00857	0.00866	0.01214	0.01080	0.01548	0.01757	0.02689	0.01677	0.11786	0.61936	0.00955	0.01581	0.00722	0.00355	0.00602
45	0.01560	0.24980	0.44405	0.01700	0.04702	0.03864	0.01934	0.06087	0.01491	0.02038	0.01124	0.01305	0.00861	0.00617	0.00568	0.00186	0.00879	0.00455	0.00305	0.00940
46	0.01578	0.07819	0.24947	0.03773	0.10813	0.07979	0.24708	0.02161	0.04276	0.02027	0.01256	0.01555	0.00963	0.00622	0.00701	0.00206	0.02782	0.00594	0.00323	0.00917
47	0.01026	0.00844	0.00929	0.00986	0.01073	0.05939	0.00681	0.01256	0.05777	0.01645	0.02788	0.40835	0.03146	0.16272	0.13209	0.00455	0.00721	0.01335	0.00514	0.00567
48	0.07617	0.07066	0.01867	0.01361	0.01845	0.01892	0.01129	0.49565	0.08871	0.03573	0.01981	0.01955	0.06679	0.00839	0.00635	0.00198	0.00660	0.00635	0.00612	0.01022
49	0.10432	0.04392	0.15115	0.06882	0.23214	0.09328	0.10390	0.02134	0.04006	0.04061	0.01396	0.01654	0.02832	0.00651	0.00627	0.00201	0.00848	0.00571	0.00358	0.00909
50	0.07612	0.06527	0.19920	0.05792	0.08004	0.19585	0.01536	0.05188	0.05862	0.04948	0.01274	0.01442	0.00977	0.00651	0.00587	0.00184	0.00858	0.00486	0.00379	0.08186

[dist]
# distance from previous block
# <min> <max>
0	18

[block]
# block no. 1 follows, 33 sequences, length 11
# corresponding to MSA columns:
# 76-86
name=unknown_B
#
# <colnr> <probs for GDERKNQSTAVLIFYWHMCP>
#	G	D	E	R	K	N	Q	S	T	A	V	L	I	F	Y	W	H	M	C	P
0	0.01177	0.00970	0.01121	0.00937	0.01295	0.00863	0.00727	0.01699	0.12400	0.02345	0.25427	0.03441	0.13643	0.01008	0.00654	0.00171	0.00412	0.00856	0.00576	0.30278
1	0.07755	0.07635	0.07372	0.01395	0.03836	0.06571	0.01174	0.25845	0.10616	0.06309	0.04398	0.02126	0.07638	0.00832	0.00625	0.00195	0.00670	0.00642	0.00547	0.03818
2	0.03991	0.14533	0.09906	0.04200	0.09416	0.01470	0.04157	0.07031	0.01547	0.08498	0.01377	0.04053	0.01120	0.00644	0.00565	0.00163	0.00670	0.00527	0.00412	0.25719
3	0.05372	0.16454	0.33125	0.07102	0.04605	0.03302	0.08130	0.04653	0.03744	0.02118	0.04566	0.01586	0.01158	0.00658	0.00603	0.00196	0.00850	0.00536	0.00342	0.00900
4	0.01863	0.01561	0.04248	0.01511	0.05229	0.06765	0.03951	0.14658	0.27471	0.10348	0.11091	0.04340	0.02195	0.00901	0.00681	0.00210	0.00632	0.00756	0.00620	0.00968
5	0.01354	0.04626	0.01682	0.09819	0.07041	0.06413	0.08478	0.05765	0.01416	0.01823	0.05224	0.17323	0.03998	0.01393	0.01167	0.19836	0.00682	0.00896	0.00419	0.00644
6	0.05047	0.14033	0.18627	0.05047	0.18924	0.07196	0.12650	0.07069	0.01579	0.02156	0.01182	0.01453	0.00929	0.00612	0.00616	0.00193	0.00883	0.00536	0.00337	0.00931
7	0.01570	0.12348	0.10699	0.12112	0.19733	0.03767	0.07723	0.01989	0.03204	0.07239	0.01724	0.07748	0.03224	0.00810	0.00655	0.00206	0.00776	0.03197	0.00395	0.00879
8	0.01278	0.09103	0.01459	0.01232	0.04554	0.06007	0.00920	0.01490	0.01223	0.04982	0.04611	0.02499	0.01717	0.10949	0.41189	0.00710	0.04350	0.00683	0.00383	0.00660
9	0.01968	0.18741	0.11346	0.10166	0.06037	0.22436	0.01470	0.05347	0.01615	0.08807	0.01216	0.01409	0.00949	0.00685	0.00671	0.00187	0.05228	0.00483	0.00371	0.00867
10	0.01737	0.04749	0.20753	0.02021	0.12916	0.03835	0.08377	0.12629	0.12670	0.06646	0.03379	0.04369	0.01407	0.00757	0.00661	0.00207	0.00786	0.00655	0.00465	0.00982

[dist]
# distance from previous block
# <min> <max>
0	3

[block]
# block no. 2 follows, 33 sequences, length 70
# corresponding to MSA columns:
# 90-159
name=unknown_C
#
# <colnr> <probs for GDERKNQSTAVLIFYWHMCP>
#	G	D	E	R	K	N	Q	S	T	A	V	L	I	F	Y	W	H	M	C	P
0	0.01218	0.00931	0.03593	0.00997	0.01211	0.03755	0.00786	0.01489	0.04129	0.10327	0.10970	0.27422	0.17500	0.03928	0.00862	0.00252	0.00479	0.08868	0.00619	0.00665
1	0.02184	0.04419	0.01826	0.03842	0.06950	0.05567	0.01175	0.34115	0.06339	0.13474	0.04404	0.02069	0.04990	0.00822	0.00648	0.00195	0.00671	0.00649	0.02812	0.02848
2	0.05393	0.05647	0.07641	0.01648	0.05974	0.03424	0.14395	0.03981	0.09167	0.16709	0.07472	0.02307	0.06021	0.00789	0.00658	0.00198	0.00695	0.00702	0.00523	0.06654
3	0.01388	0.03935	0.13694	0.02011	0.21221	0.01212	0.03353	0.01771	0.01399	0.02068	0.01448	0.09390	0.01325	0.00708	0.00599	0.00165	0.00661	0.00626	0.00372	0.32652
4	0.02030	0.20638	0.02171	0.01382	0.01845	0.10549	0.01154	0.23557	0.24897	0.02747	0.01708	0.01690	0.01310	0.00754	0.00596	0.00189	0.00707	0.00562	0.00531	0.00984
5	0.01389	0.02997	0.58933	0.01919	0.07088	0.01503	0.02199	0.05190	0.03273	0.02191	0.01311	0.03584	0.00997	0.00673	0.00630	0.00205	0.00902	0.00540	0.00322	0.04154
6	0.01549	0.01956	0.27039	0.03911	0.14792	0.01283	0.01625	0.03877	0.06576	0.11832	0.08256	0.02539	0.10196	0.00856	0.00671	0.00208	0.00707	0.00721	0.00476	0.00927
7	0.01497	0.24069	0.38823	0.01803	0.02585	0.01863	0.14004	0.02104	0.03772	0.01959	0.01183	0.01399	0.00906	0.00604	0.00596	0.00192	0.00905	0.00508	0.00302	0.00924
8	0.01340	0.01424	0.06692	0.29579	0.12193	0.01435	0.13176	0.01904	0.08262	0.01940	0.01715	0.07491	0.03536	0.00926	0.02827	0.00246	0.03370	0.00751	0.00375	0.00819
9	0.00805	0.00578	0.00759	0.00902	0.00946	0.00538	0.00601	0.00919	0.01262	0.01674	0.03709	0.71755	0.07015	0.04006	0.00904	0.00275	0.00387	0.01828	0.00606	0.00532
10	0.00827	0.00668	0.00737	0.00735	0.00931	0.00578	0.00553	0.01031	0.01581	0.01994	0.22713	0.08800	0.51066	0.01608	0.00785	0.00223	0.00339	0.03618	0.00639	0.00573
11	0.01464	0.01764	0.15593	0.16524	0.10107	0.05502	0.06286	0.08146	0.07658	0.02165	0.01872	0.10271	0.04063	0.02735	0.00742	0.00224	0.00779	0.00768	0.02491	0.00846
12	0.01416	0.03234	0.67551	0.01864	0.02803	0.01502	0.04294	0.02147	0.01421	0.05956	0.01263	0.01447	0.00882	0.00634	0.00632	0.00209	0.00954	0.00504	0.00309	0.00979
13	0.02459	0.03138	0.01866	0.01696	0.02035	0.74221	0.01272	0.02629	0.01866	0.01611	0.01018	0.01187	0.00848	0.00678	0.00594	0.00170	0.01187	0.00424	0.00339	0.00763
14	0.00944	0.00693	0.00995	0.00995	0.01091	0.00789	0.00744	0.01135	0.01039	0.01482	0.01821	0.02905	0.01784	0.18256	0.61126	0.00980	0.01555	0.00752	0.00361	0.00553
15	0.04205	0.08212	0.08987	0.13719	0.24078	0.06506	0.10689	0.06444	0.01597	0.07466	0.01306	0.01593	0.01002	0.00632	0.00637	0.00198	0.00849	0.00570	0.00375	0.00933
16	0.00801	0.00576	0.00761	0.00909	0.00953	0.00535	0.00608	0.00917	0.01267	0.01683	0.03716	0.74424	0.06308	0.02051	0.00838	0.00266	0.00381	0.01858	0.00611	0.00535
17	0.00834	0.00659	0.00758	0.00805	0.00973	0.00584	0.00607	0.01021	0.01487	0.01865	0.11903	0.21016	0.43061	0.01739	0.00808	0.00241	0.00376	0.10078	0.00621	0.00564
18	0.00980	0.00754	0.01150	0.01228	0.05257	0.00865	0.00891	0.01224	0.01083	0.01564	0.01733	0.02532	0.01611	0.04689	0.70059	0.01009	0.01707	0.00699	0.00351	0.00614
19	0.01439	0.02115	0.23409	0.04538	0.09675	0.01565	0.33809	0.01989	0.01453	0.02046	0.01394	0.03955	0.01144	0.00706	0.00805	0.00224	0.05292	0.03220	0.00331	0.00892
20	0.00786	0.00667	0.00678	0.00675	0.00894	0.00559	0.00506	0.00960	0.01519	0.01822	0.09981	0.06264	0.69151	0.01651	0.00778	0.00222	0.00332	0.01379	0.00617	0.00559
21	0.01336	0.03296	0.68806	0.01936	0.02889	0.01538	0.06970	0.02086	0.01401	0.02086	0.01191	0.01416	0.00845	0.00621	0.00636	0.00209	0.00982	0.00506	0.00282	0.00967
22	0.01435	0.01485	0.02692	0.06685	0.11239	0.05042	0.34806	0.01842	0.01481	0.01995	0.01778	0.12314	0.01665	0.00892	0.00792	0.00227	0.03252	0.05467	0.04106	0.00806
23	0.01544	0.01846	0.10029	0.02528	0.03194	0.01571	0.58083	0.02088	0.01548	0.04674	0.01633	0.01987	0.04608	0.00627	0.00759	0.00220	0.01038	0.00777	0.00359	0.00887
24	0.01336	0.06612	0.66253	0.05992	0.02892	0.01574	0.02339	0.02057	0.01383	0.02038	0.01169	0.01395	0.00837	0.00624	0.00618	0.00206	0.00955	0.00486	0.00279	0.00953
25	0.00942	0.00701	0.01034	0.01034	0.01143	0.00810	0.00793	0.01160	0.01051	0.01510	0.01785	0.02708	0.01699	0.10027	0.69238	0.01028	0.01684	0.00723	0.00356	0.00574
26	0.00856	0.00648	0.00768	0.00818	0.00947	0.00590	0.00591	0.01021	0.01420	0.01826	0.13791	0.24972	0.29580	0.10927	0.01122	0.00291	0.00409	0.08277	0.00600	0.00545
27	0.02043	0.04496	0.01863	0.01729	0.07061	0.44864	0.03133	0.02258	0.01634	0.01782	0.01184	0.01449	0.00991	0.00739	0.00780	0.00185	0.10569	0.00491	0.11987	0.00762
28	0.01865	0.01790	0.04915	0.10354	0.27288	0.11896	0.01573	0.11733	0.11583	0.06220	0.01653	0.01828	0.02918	0.00719	0.00650	0.00200	0.00790	0.00606	0.00450	0.00969
29	0.01516	0.01448	0.02467	0.25016	0.52670	0.01534	0.01964	0.01921	0.01445	0.02013	0.01218	0.01666	0.00994	0.00608	0.00654	0.00203	0.00810	0.00586	0.00316	0.00951
30	0.00937	0.00677	0.00771	0.00757	0.00932	0.00598	0.00547	0.01116	0.01512	0.05158	0.20878	0.12070	0.38864	0.10933	0.01098	0.00274	0.00381	0.01301	0.00620	0.00575
31	0.01144	0.00679	0.00924	0.03449	0.01075	0.00691	0.00657	0.04908	0.01164	0.01591	0.03547	0.14361	0.05501	0.02033	0.04107	0.46218	0.00561	0.00847	0.06100	0.00443
32	0.01957	0.01329	0.04148	0.01366	0.05174	0.05405	0.01053	0.10710	0.08814	0.24734	0.02731	0.16067	0.07184	0.01124	0.00747	0.00221	0.02664	0.03033	0.00635	0.00907
33	0.00816	0.00583	0.00780	0.00933	0.00977	0.00547	0.00636	0.00941	0.01274	0.01696	0.03621	0.72679	0.04323	0.02049	0.00844	0.00269	0.00394	0.05488	0.00611	0.00539
34	0.00827	0.00693	0.00722	0.00711	0.00929	0.00601	0.00534	0.01070	0.03912	0.01924	0.15117	0.06020	0.61460	0.01599	0.00774	0.00220	0.00337	0.01342	0.00628	0.00581
35	0.05307	0.13165	0.06438	0.01939	0.07499	0.21003	0.15502	0.15185	0.03755	0.02336	0.01239	0.01436	0.00969	0.00651	0.00619	0.00188	0.00926	0.00539	0.00397	0.00905
36	0.01813	0.02393	0.14418	0.02165	0.04819	0.22588	0.25341	0.05687	0.01628	0.02004	0.01170	0.01488	0.00920	0.00687	0.00855	0.00211	0.10026	0.00588	0.00337	0.00863
37	0.00793	0.00668	0.00688	0.00683	0.00899	0.00562	0.00512	0.00974	0.01537	0.01864	0.13213	0.06194	0.65893	0.01635	0.00778	0.00221	0.00331	0.01370	0.00623	0.00562
38	0.02086	0.07321	0.12277	0.01677	0.05843	0.40572	0.01383	0.02372	0.01716	0.08454	0.03243	0.01874	0.04770	0.00772	0.00620	0.00186	0.00963	0.02640	0.00402	0.00829
39	0.01422	0.20388	0.57356	0.01704	0.02583	0.01776	0.02132	0.02059	0.01378	0.01962	0.01120	0.01313	0.00836	0.00611	0.00579	0.00193	0.00911	0.00456	0.00279	0.00943
40	0.01304	0.01264	0.01709	0.01534	0.01612	0.05146	0.04943	0.01481	0.01194	0.01677	0.01836	0.20216	0.02016	0.01385	0.01558	0.00275	0.41906	0.07864	0.00404	0.00675
41	0.00818	0.00614	0.00725	0.00805	0.00897	0.00558	0.00542	0.00932	0.01292	0.01650	0.04380	0.42466	0.26264	0.13462	0.01207	0.00310	0.00406	0.01573	0.00578	0.00521
42	0.01583	0.01724	0.09133	0.04288	0.01852	0.14808	0.04891	0.14085	0.03912	0.02453	0.19604	0.08282	0.08532	0.01042	0.00702	0.00206	0.00697	0.00874	0.00536	0.00793
43	0.02226	0.01641	0.01803	0.01429	0.01881	0.01817	0.01167	0.58583	0.02754	0.03705	0.01706	0.05474	0.01347	0.01361	0.09653	0.00306	0.00834	0.00671	0.00619	0.01025
44	0.00802	0.00673	0.00700	0.00707	0.00923	0.00571	0.00540	0.00982	0.01515	0.01823	0.08931	0.06351	0.65673	0.01665	0.00786	0.00227	0.00350	0.05605	0.00615	0.00561
45	0.01472	0.01404	0.02388	0.33017	0.45008	0.01523	0.01942	0.01883	0.01425	0.01960	0.01211	0.01681	0.00976	0.00616	0.00654	0.00205	0.00821	0.00586	0.00312	0.00916
46	0.07956	0.05360	0.01938	0.04518	0.02072	0.43118	0.08462	0.04184	0.03596	0.01903	0.01489	0.04173	0.04276	0.00759	0.00611	0.00186	0.00970	0.00573	0.03084	0.00770
47	0.00956	0.00642	0.00737	0.00737	0.00743	0.00648	0.00422	0.00969	0.00963	0.01290	0.02057	0.04214	0.02353	0.72950	0.07209	0.00661	0.00699	0.00944	0.00396	0.00409
48	0.00904	0.00681	0.00761	0.00754	0.00958	0.00589	0.00567	0.01102	0.01567	0.04774	0.18895	0.11510	0.49480	0.01607	0.00782	0.00224	0.00350	0.03264	0.00641	0.00591
49	0.01063	0.10134	0.01309	0.01149	0.08354	0.00967	0.00792	0.01362	0.04128	0.02082	0.25175	0.07418	0.31028	0.01312	0.00720	0.00207	0.00426	0.01116	0.00579	0.00677
50	0.01360	0.07005	0.64792	0.01905	0.02835	0.01593	0.07381	0.02081	0.01399	0.02060	0.01179	0.01402	0.00847	0.00617	0.00626	0.00206	0.00969	0.00501	0.00282	0.00960
51	0.03671	0.01647	0.08978	0.12239	0.03106	0.01473	0.42309	0.01884	0.01441	0.01995	0.01620	0.02052	0.04917	0.01088	0.08298	0.00306	0.01074	0.00740	0.00342	0.00820
52	0.05425	0.01767	0.02356	0.13527	0.47631	0.14076	0.01804	0.02074	0.01519	0.02029	0.01176	0.01545	0.00971	0.00614	0.00631	0.00195	0.00853	0.00548	0.00327	0.00935
53	0.01638	0.00938	0.01163	0.01067	0.01321	0.00916	0.00808	0.10047	0.06107	0.20562	0.06473	0.31094	0.05425	0.05685	0.00901	0.00258	0.00495	0.03648	0.00667	0.00788
54	0.01590	0.04160	0.01595	0.01312	0.01612	0.06011	0.04486	0.08347	0.15790	0.08089	0.04828	0.06496	0.15834	0.01142	0.00922	0.00228	0.11502	0.04677	0.00556	0.00821
55	0.12514	0.01259	0.01878	0.42505	0.13397	0.01435	0.01570	0.04469	0.01455	0.11416	0.01348	0.01701	0.00986	0.00667	0.00624	0.00211	0.00766	0.00565	0.00395	0.00839
56	0.07774	0.10317	0.08802	0.01189	0.01680	0.01411	0.01064	0.11738	0.10808	0.07737	0.06077	0.06817	0.04339	0.00837	0.00599	0.00182	0.00583	0.00669	0.00516	0.16862
57	0.01439	0.01701	0.09498	0.19032	0.10053	0.04023	0.27825	0.01969	0.04616	0.01976	0.01635	0.04006	0.04689	0.00729	0.00769	0.00220	0.03896	0.00726	0.00353	0.00845
58	0.01880	0.27927	0.02534	0.02032	0.21092	0.13524	0.01357	0.02338	0.09996	0.06896	0.03543	0.01603	0.01259	0.00669	0.00570	0.00177	0.00759	0.00522	0.00401	0.00922
59	0.01230	0.01470	0.15328	0.01307	0.04012	0.05152	0.03302	0.01587	0.03446	0.05237	0.11987	0.13479	0.15041	0.06963	0.04294	0.00290	0.03652	0.01004	0.00498	0.00719
60	0.01824	0.25486	0.08118	0.06726	0.05266	0.01740	0.06201	0.11147	0.01713	0.12333	0.07420	0.02046	0.01592	0.02902	0.00683	0.00201	0.00715	0.02526	0.00464	0.00897
61	0.01799	0.08348	0.16310	0.01627	0.02127	0.25206	0.08676	0.04958	0.06986	0.03635	0.05067	0.01889	0.03170	0.03100	0.04068	0.00244	0.00959	0.00596	0.00399	0.00837
62	0.00947	0.00648	0.00761	0.00761	0.00787	0.00659	0.00460	0.00986	0.00995	0.01333	0.02240	0.04170	0.05457	0.63861	0.12708	0.00676	0.00775	0.00943	0.00402	0.00431
63	0.00984	0.00751	0.00872	0.00890	0.01086	0.00707	0.00685	0.01346	0.08259	0.03839	0.13080	0.17093	0.34162	0.01619	0.00795	0.00240	0.00405	0.11923	0.00635	0.00630
64	0.01581	0.06183	0.19674	0.01520	0.02012	0.04716	0.08336	0.12410	0.03835	0.05036	0.01613	0.02232	0.01375	0.10663	0.09188	0.00354	0.02846	0.02964	0.02627	0.00835
65	0.04142	0.17255	0.33136	0.07091	0.06707	0.05405	0.01798	0.10224	0.01618	0.05034	0.01219	0.01402	0.00914	0.00643	0.00587	0.00192	0.00852	0.00486	0.00356	0.00939
66	0.01943	0.02147	0.03964	0.02158	0.20979	0.31118	0.01389	0.09912	0.01864	0.02200	0.09514	0.01949	0.03749	0.00765	0.00641	0.00184	0.00868	0.00605	0.00424	0.03625
67	0.00934	0.00729	0.00793	0.00799	0.00909	0.03134	0.00543	0.01075	0.01392	0.01810	0.20673	0.16774	0.20394	0.25293	0.01592	0.00355	0.00461	0.01251	0.00563	0.00526
68	0.03824	0.21330	0.11335	0.01509	0.04702	0.03951	0.06445	0.02267	0.15452	0.06393	0.05014	0.02056	0.05364	0.00893	0.02492	0.00219	0.04802	0.00626	0.00442	0.00883
69	0.01835	0.01778	0.11537	0.01574	0.05751	0.08933	0.04013	0.20089	0.05212	0.09455	0.05889	0.08236	0.04992	0.01153	0.04393	0.00252	0.00781	0.02684	0.00539	0.00905

[dist]
# distance from previous block
# <min> <max>
0	2

[block]
# block no. 3 follows, 33 sequences, length 22
# corresponding to MSA columns:
# 162-183
name=unknown_D
#
# <colnr> <probs for GDERKNQSTAVLIFYWHMCP>
#	G	D	E	R	K	N	Q	S	T	A	V	L	I	F	Y	W	H	M	C	P
0	0.01736	0.06179	0.11917	0.08514	0.12679	0.09072	0.11172	0.13709	0.01802	0.04360	0.06423	0.01970	0.04196	0.00752	0.00699	0.00202	0.02645	0.00646	0.00425	0.00903
1	0.04035	0.01531	0.04305	0.12285	0.09723	0.08735	0.05968	0.11501	0.04387	0.08420	0.04291	0.05774	0.11443	0.00928	0.00738	0.00212	0.03615	0.00774	0.00488	0.00849
2	0.00849	0.00610	0.00801	0.00906	0.00978	0.00571	0.00634	0.01010	0.01383	0.01859	0.15813	0.53161	0.07141	0.04887	0.00932	0.00272	0.00394	0.06625	0.00622	0.00551
3	0.01632	0.16506	0.10681	0.07758	0.08247	0.07032	0.12845	0.04731	0.04265	0.04584	0.06280	0.01870	0.01413	0.03754	0.00833	0.00216	0.05498	0.00615	0.00384	0.00855
4	0.01844	0.06543	0.11567	0.04892	0.05383	0.07762	0.11497	0.17704	0.06478	0.07344	0.01777	0.02163	0.03247	0.00953	0.03528	0.00240	0.00858	0.04818	0.00475	0.00926
5	0.05514	0.02360	0.01871	0.01574	0.01973	0.35177	0.01242	0.29205	0.02260	0.05482	0.01286	0.01396	0.00981	0.00758	0.00723	0.00191	0.06104	0.00507	0.00482	0.00912
6	0.01460	0.01574	0.09997	0.04122	0.01948	0.06407	0.08733	0.08840	0.16502	0.02271	0.02464	0.07764	0.09061	0.01444	0.09120	0.00314	0.00827	0.03167	0.03159	0.00827
7	0.04736	0.04238	0.19927	0.03528	0.15369	0.06811	0.16965	0.02146	0.08035	0.02142	0.03426	0.02070	0.03758	0.00728	0.00671	0.00210	0.00861	0.03097	0.00380	0.00903
8	0.01674	0.09602	0.01884	0.06702	0.04626	0.06189	0.06472	0.09920	0.06400	0.09953	0.08308	0.11892	0.06915	0.01027	0.00772	0.00212	0.05240	0.00857	0.00524	0.00831
9	0.00809	0.00576	0.00762	0.00908	0.00944	0.00539	0.00602	0.00918	0.01247	0.01663	0.03560	0.73272	0.04268	0.05342	0.00950	0.00284	0.00393	0.01831	0.00602	0.00529
10	0.01540	0.03626	0.10405	0.14683	0.23772	0.04335	0.08279	0.06999	0.06823	0.02174	0.01604	0.07314	0.01397	0.00795	0.00679	0.00213	0.00806	0.03255	0.00396	0.00904
11	0.06760	0.07983	0.11191	0.03829	0.07546	0.09408	0.07460	0.06509	0.16143	0.05467	0.01806	0.07168	0.01524	0.00840	0.00647	0.00209	0.00756	0.03388	0.00467	0.00899
12	0.11359	0.04405	0.12154	0.05019	0.09411	0.01622	0.03690	0.19281	0.10768	0.13394	0.01652	0.01704	0.01188	0.00720	0.00621	0.00204	0.00709	0.00576	0.00525	0.00998
13	0.06089	0.02038	0.07922	0.02372	0.23594	0.20995	0.05375	0.02145	0.03445	0.04045	0.01346	0.06128	0.01182	0.00787	0.00817	0.00208	0.09658	0.00618	0.00367	0.00869
14	0.04695	0.14093	0.24591	0.06134	0.04235	0.09482	0.06042	0.02038	0.06224	0.01966	0.03166	0.06438	0.04057	0.00800	0.00671	0.00202	0.03312	0.00640	0.00367	0.00846
15	0.01458	0.01594	0.09514	0.01209	0.01557	0.12013	0.01044	0.09334	0.10464	0.02344	0.15506	0.05775	0.16996	0.01105	0.00744	0.00208	0.03327	0.00891	0.04143	0.00776
16	0.02185	0.01475	0.01649	0.01357	0.01797	0.01597	0.01097	0.30352	0.25252	0.16738	0.02286	0.05049	0.01734	0.00916	0.00679	0.00214	0.00609	0.03272	0.00688	0.01053
17	0.08670	0.01677	0.08816	0.14945	0.22456	0.04371	0.12917	0.05500	0.04090	0.02237	0.04177	0.01919	0.03943	0.00695	0.00658	0.00207	0.00814	0.00641	0.00380	0.00886
18	0.04770	0.08263	0.21575	0.06798	0.13290	0.07999	0.03945	0.05345	0.09287	0.02154	0.01450	0.04458	0.01198	0.02795	0.00693	0.00209	0.00808	0.00592	0.00381	0.03991
19	0.01738	0.01724	0.02344	0.05597	0.46103	0.13075	0.04368	0.02138	0.04120	0.04654	0.03917	0.01913	0.03992	0.00689	0.00658	0.00196	0.00812	0.00628	0.00382	0.00951
20	0.00951	0.00730	0.00853	0.00884	0.01038	0.00694	0.00636	0.05397	0.04673	0.02016	0.11807	0.38518	0.25899	0.01729	0.00795	0.00240	0.00386	0.01515	0.00629	0.00610
21	0.01957	0.10204	0.15248	0.04514	0.06105	0.11711	0.03772	0.04309	0.03158	0.17901	0.01511	0.01641	0.01116	0.00809	0.02360	0.00214	0.06413	0.00541	0.02380	0.04135

[dist]
# distance from previous block
# <min> <max>
0	1

[block]
# block no. 4 follows, 33 sequences, length 21
# corresponding to MSA columns:
# 185-205
name=unknown_E
#
# <colnr> <probs for GDERKNQSTAVLIFYWHMCP>
#	G	D	E	R	K	N	Q	S	T	A	V	L	I	F	Y	W	H	M	C	P
0	0.01544	0.03429	0.08026	0.03771	0.04098	0.01120	0.01084	0.12506	0.04286	0.12120	0.04981	0.17239	0.13002	0.01267	0.00733	0.00228	0.00576	0.08586	0.00590	0.00813
1	0.01045	0.00681	0.00852	0.00851	0.01018	0.00610	0.00622	0.01251	0.01581	0.08836	0.27454	0.28335	0.21173	0.01607	0.00787	0.00230	0.00363	0.01410	0.00669	0.00625
2	0.00912	0.00748	0.02732	0.00894	0.01063	0.00666	0.00695	0.01187	0.03559	0.02003	0.19886	0.22316	0.22352	0.01930	0.07746	0.00313	0.00518	0.06589	0.03293	0.00600
3	0.08341	0.14085	0.14958	0.04117	0.06720	0.12430	0.14213	0.02128	0.03821	0.03828	0.01276	0.04043	0.01057	0.00705	0.00708	0.00201	0.05588	0.00575	0.00351	0.00856
4	0.01573	0.05035	0.35125	0.02576	0.24169	0.06185	0.08871	0.04943	0.01539	0.02146	0.01211	0.01486	0.00927	0.00615	0.00641	0.00201	0.00922	0.00542	0.00318	0.00975
5	0.00837	0.00594	0.00747	0.00855	0.00896	0.00560	0.00555	0.00928	0.01205	0.01593	0.03454	0.55314	0.08105	0.19453	0.01421	0.00351	0.00439	0.01629	0.00562	0.00504
6	0.01419	0.01523	0.08090	0.25402	0.18848	0.01459	0.13436	0.04077	0.06068	0.02148	0.09431	0.02101	0.01620	0.00719	0.00689	0.00212	0.00811	0.00690	0.00391	0.00867
7	0.01532	0.14577	0.10011	0.01789	0.10134	0.01539	0.13292	0.10433	0.02936	0.04027	0.04163	0.08934	0.11984	0.00928	0.00671	0.00204	0.00715	0.00822	0.00453	0.00858
8	0.01059	0.00799	0.00994	0.00974	0.01138	0.02249	0.03006	0.01411	0.07411	0.03900	0.22275	0.28408	0.10749	0.04645	0.00876	0.00248	0.00429	0.03643	0.05149	0.00636
9	0.00982	0.00668	0.00825	0.00878	0.00984	0.00673	0.00636	0.01234	0.04196	0.01864	0.05482	0.26722	0.07520	0.11766	0.11232	0.00399	0.00612	0.07155	0.15601	0.00571
10	0.08781	0.06455	0.04220	0.07100	0.31277	0.06345	0.05743	0.11783	0.03371	0.04334	0.01283	0.01550	0.01015	0.00658	0.00672	0.00199	0.03308	0.00556	0.00396	0.00955
11	0.06552	0.05686	0.34903	0.04184	0.02664	0.08213	0.15523	0.02172	0.05805	0.02080	0.01244	0.01495	0.00937	0.00660	0.00721	0.00210	0.05173	0.00549	0.00328	0.00898
12	0.00880	0.00707	0.00791	0.00781	0.00975	0.00641	0.00581	0.01192	0.05996	0.02087	0.25732	0.12349	0.41797	0.01560	0.00777	0.00222	0.00343	0.01335	0.00649	0.00604
13	0.01883	0.39928	0.04907	0.01624	0.10196	0.18737	0.01280	0.04426	0.01541	0.01790	0.01030	0.01208	0.00889	0.00596	0.00509	0.00154	0.00815	0.00412	0.00322	0.07752
14	0.01189	0.00662	0.00902	0.00874	0.00919	0.00667	0.00593	0.05158	0.01041	0.01377	0.01571	0.02438	0.05296	0.09177	0.02427	0.63779	0.00574	0.00656	0.00338	0.00363
15	0.01901	0.25487	0.11221	0.01615	0.03892	0.15198	0.05726	0.09937	0.06094	0.04244	0.01235	0.01400	0.00989	0.00700	0.00715	0.00188	0.07690	0.00496	0.00380	0.00894
16	0.01604	0.06192	0.03923	0.08540	0.14422	0.08382	0.09154	0.07579	0.07735	0.04491	0.01924	0.15298	0.01796	0.00958	0.00686	0.00213	0.00742	0.03007	0.02504	0.00849
17	0.01009	0.00713	0.00894	0.00926	0.03545	0.00640	0.00651	0.01239	0.01632	0.06520	0.32543	0.17056	0.27156	0.01511	0.00776	0.00222	0.00362	0.01316	0.00660	0.00631
18	0.01684	0.06283	0.07435	0.03333	0.01846	0.05315	0.02679	0.08003	0.01599	0.09736	0.01489	0.06087	0.01236	0.00679	0.00568	0.00150	0.00628	0.00550	0.00450	0.40251
19	0.01760	0.05927	0.02557	0.13954	0.29390	0.08459	0.12667	0.05877	0.01620	0.06797	0.01391	0.01837	0.01119	0.00669	0.00664	0.00202	0.00859	0.02944	0.00381	0.00927
20	0.06726	0.26134	0.08533	0.01395	0.01897	0.20908	0.01250	0.09784	0.10076	0.05525	0.01328	0.01400	0.01043	0.00677	0.00550	0.00177	0.00816	0.00470	0.00416	0.00893

[dist]
# distance from previous block
# <min> <max>
1	6

[block]
# block no. 5 follows, 33 sequences, length 20
# corresponding to MSA columns:
# 212-231
name=unknown_F
#
# <colnr> <probs for GDERKNQSTAVLIFYWHMCP>
#	G	D	E	R	K	N	Q	S	T	A	V	L	I	F	Y	W	H	M	C	P
0	0.04312	0.21257	0.21104	0.04100	0.02054	0.08445	0.01446	0.09408	0.01557	0.04075	0.01441	0.01736	0.03742	0.05136	0.03734	0.00249	0.04451	0.00536	0.00369	0.00848
1	0.04598	0.00879	0.01041	0.04628	0.01279	0.04906	0.00775	0.01309	0.01174	0.03975	0.02204	0.07288	0.06123	0.20507	0.33623	0.00687	0.01133	0.02877	0.00415	0.00579
2	0.01378	0.01399	0.07494	0.11867	0.10589	0.01281	0.13250	0.03218	0.08323	0.04887	0.04637	0.05178	0.13290	0.03890	0.00856	0.00231	0.03214	0.00831	0.00451	0.03734
3	0.01781	0.01652	0.02019	0.29560	0.07761	0.14389	0.06196	0.13395	0.01754	0.06130	0.01417	0.04032	0.01126	0.00963	0.04767	0.00253	0.00933	0.00622	0.00409	0.00841
4	0.00850	0.00611	0.00746	0.00821	0.00884	0.00572	0.00539	0.00956	0.01259	0.01658	0.08781	0.41814	0.13664	0.21973	0.01499	0.00356	0.00438	0.01507	0.00563	0.00508
5	0.01346	0.01379	0.06086	0.05646	0.19596	0.01363	0.12099	0.03341	0.01379	0.01933	0.04330	0.14031	0.03393	0.04791	0.01154	0.02691	0.13390	0.00874	0.00394	0.00785
6	0.01862	0.06434	0.16394	0.04078	0.11705	0.15131	0.07492	0.12440	0.06385	0.04621	0.01352	0.01562	0.01040	0.00749	0.00750	0.03410	0.02719	0.00553	0.00402	0.00920
7	0.01469	0.03922	0.06315	0.13075	0.19738	0.03747	0.15519	0.07034	0.01613	0.02152	0.06019	0.06703	0.08100	0.00842	0.00698	0.00210	0.00787	0.00793	0.00411	0.00853
8	0.00815	0.00635	0.00743	0.00811	0.00951	0.00564	0.00587	0.00978	0.01427	0.01804	0.09302	0.34560	0.36706	0.01816	0.00811	0.00245	0.00368	0.05705	0.00618	0.00554
9	0.04205	0.05159	0.17539	0.03955	0.10735	0.07087	0.08874	0.06428	0.03558	0.07032	0.01964	0.14374	0.04382	0.00929	0.00676	0.00212	0.00770	0.00813	0.00441	0.00866
10	0.01463	0.08399	0.06094	0.07491	0.15104	0.03675	0.09727	0.03752	0.03674	0.05046	0.04690	0.05135	0.06198	0.04305	0.09738	0.00326	0.03215	0.00740	0.00410	0.00816
11	0.00920	0.00633	0.00790	0.00842	0.00937	0.00585	0.00576	0.01064	0.01378	0.04197	0.16527	0.39457	0.13696	0.13817	0.01216	0.00307	0.00409	0.01492	0.00605	0.00551
12	0.01495	0.07576	0.33495	0.06553	0.14124	0.04343	0.19007	0.02070	0.01458	0.02024	0.01203	0.01514	0.00912	0.00601	0.00654	0.00204	0.00961	0.00568	0.00303	0.00933
13	0.04178	0.19837	0.15259	0.03955	0.06484	0.19132	0.08825	0.04826	0.01577	0.01947	0.03848	0.01515	0.01119	0.00836	0.03788	0.00221	0.00947	0.00517	0.00342	0.00849
14	0.01545	0.01581	0.07568	0.06998	0.16966	0.09199	0.04360	0.05390	0.09092	0.04909	0.07601	0.10669	0.04731	0.00999	0.00704	0.00217	0.00714	0.05421	0.00485	0.00849
15	0.01000	0.00782	0.01132	0.01098	0.01190	0.00940	0.00848	0.01199	0.01042	0.01508	0.01694	0.02639	0.01636	0.12193	0.58412	0.00925	0.10112	0.00717	0.00350	0.00583
16	0.17615	0.06624	0.04895	0.01977	0.14345	0.25556	0.08690	0.02236	0.01539	0.04918	0.01165	0.01391	0.00928	0.00645	0.00610	0.00190	0.02505	0.00494	0.02837	0.00837
17	0.00959	0.00807	0.03706	0.00862	0.01080	0.00666	0.00687	0.01235	0.03834	0.04645	0.18432	0.18009	0.35746	0.01583	0.00782	0.00231	0.00393	0.05092	0.00630	0.00621
18	0.01735	0.15154	0.02426	0.05271	0.25905	0.10273	0.05552	0.07417	0.09644	0.02145	0.01531	0.07270	0.01344	0.00757	0.00629	0.00194	0.00774	0.00653	0.00405	0.00920
19	0.00890	0.00686	0.00938	0.01174	0.07834	0.00644	0.00725	0.01040	0.01324	0.01758	0.06335	0.54972	0.12461	0.04828	0.00912	0.00267	0.00422	0.01626	0.00580	0.00584

[dist]
# distance from previous block
# <min> <max>
0	14

# created by:
# /home/berkeley/.conda/envs/busco_data_prod/bin/msa2prfl.pl pipeline/OGs_align_augustus/4893/3601.fs
