[name]
unknown

[dist]
# distance from previous block
# <min> <max>
6	128

[block]
# block no. 0 follows, 30 sequences, length 134
# corresponding to MSA columns:
# 158-291
name=unknown_A
#
# <colnr> <probs for GDERKNQSTAVLIFYWHMCP>
#	G	D	E	R	K	N	Q	S	T	A	V	L	I	F	Y	W	H	M	C	P
0	0.01788	0.03437	0.07041	0.10637	0.09933	0.06539	0.04499	0.03619	0.01717	0.14732	0.11168	0.05748	0.04098	0.00888	0.00695	0.00203	0.00717	0.00765	0.00527	0.11248
1	0.14930	0.06395	0.09639	0.10437	0.12207	0.01497	0.06308	0.04019	0.03172	0.06951	0.05663	0.05497	0.01550	0.00782	0.00642	0.00208	0.00730	0.00664	0.00448	0.08261
2	0.07816	0.04192	0.01796	0.10861	0.12850	0.03440	0.02878	0.03553	0.06444	0.06438	0.08322	0.08618	0.03675	0.01332	0.06939	0.00297	0.04102	0.00806	0.00490	0.05150
3	0.05070	0.05145	0.01891	0.04230	0.15692	0.07499	0.05166	0.03536	0.05596	0.02177	0.05917	0.11651	0.12252	0.01090	0.00808	0.00221	0.05101	0.00920	0.00483	0.05556
4	0.03696	0.01875	0.08058	0.08499	0.13692	0.10390	0.03695	0.08463	0.01640	0.02250	0.01375	0.05955	0.01210	0.00846	0.00941	0.00214	0.13443	0.00641	0.00398	0.12719
5	0.01528	0.02815	0.01282	0.01121	0.01327	0.02955	0.00837	0.17034	0.01725	0.04369	0.02308	0.14590	0.02352	0.23730	0.08567	0.00451	0.02630	0.04072	0.05588	0.00720
6	0.01645	0.01585	0.02598	0.16083	0.54778	0.03370	0.02020	0.02059	0.01583	0.02203	0.04423	0.01896	0.01317	0.00674	0.00696	0.00211	0.00835	0.00646	0.00359	0.01021
7	0.01954	0.01558	0.01675	0.01443	0.01867	0.01771	0.01142	0.18300	0.49514	0.05405	0.02530	0.02393	0.01886	0.01114	0.03968	0.00270	0.00662	0.00748	0.00697	0.01104
8	0.01036	0.00727	0.00896	0.00869	0.01055	0.00655	0.00652	0.01296	0.01783	0.05508	0.40865	0.11255	0.23167	0.03463	0.00899	0.00244	0.00375	0.03889	0.00717	0.00650
9	0.01721	0.24406	0.25632	0.01964	0.07516	0.01980	0.10925	0.02312	0.05880	0.05984	0.01366	0.01568	0.01056	0.00685	0.00701	0.00205	0.04193	0.00555	0.00367	0.00985
10	0.01507	0.01500	0.02133	0.08493	0.02107	0.02083	0.01565	0.01689	0.01099	0.01689	0.00946	0.01558	0.00917	0.01173	0.02143	0.00299	0.67417	0.00612	0.00306	0.00764
11	0.00899	0.00684	0.00794	0.00813	0.00958	0.00615	0.00573	0.01080	0.01561	0.02031	0.22490	0.19763	0.31210	0.11926	0.01214	0.00302	0.00402	0.01457	0.00649	0.00580
12	0.13851	0.01871	0.05956	0.06882	0.42598	0.09609	0.01824	0.02164	0.01531	0.02290	0.01209	0.01568	0.00999	0.00670	0.00715	0.00212	0.04155	0.00559	0.00354	0.00982
13	0.08070	0.01926	0.07792	0.01486	0.02013	0.07562	0.01284	0.31513	0.10670	0.13237	0.05969	0.02009	0.01620	0.00851	0.00679	0.00213	0.00737	0.00654	0.00646	0.01069
14	0.00998	0.00743	0.01100	0.01100	0.01217	0.00861	0.00845	0.01232	0.01115	0.01604	0.01889	0.02851	0.01792	0.09459	0.68550	0.01095	0.01797	0.00764	0.00377	0.00611
15	0.01471	0.01276	0.01566	0.01312	0.07613	0.00993	0.00940	0.01790	0.01459	0.02274	0.01247	0.01471	0.01040	0.00526	0.00532	0.00112	0.00544	0.00431	0.00408	0.72996
16	0.00866	0.00622	0.00826	0.00983	0.01036	0.00582	0.00673	0.01001	0.01359	0.01803	0.03923	0.69180	0.06345	0.02160	0.00893	0.00284	0.00418	0.05828	0.00647	0.00572
17	0.00972	0.00719	0.00932	0.00895	0.01064	0.00679	0.00679	0.01272	0.01816	0.02526	0.52999	0.05161	0.13945	0.01940	0.09502	0.00333	0.00525	0.02693	0.00703	0.00645
18	0.01731	0.01821	0.03638	0.06395	0.14640	0.01771	0.48772	0.07908	0.01766	0.02407	0.01410	0.01838	0.01071	0.00620	0.00785	0.00228	0.01073	0.00764	0.00379	0.00981
19	0.01536	0.02659	0.34589	0.02513	0.03365	0.01700	0.38896	0.02224	0.01569	0.02224	0.01340	0.01698	0.00980	0.00622	0.00751	0.00229	0.01111	0.00685	0.00327	0.00982
20	0.01898	0.01463	0.01583	0.01399	0.01811	0.01653	0.01095	0.03672	0.61954	0.10923	0.02830	0.02577	0.02083	0.00937	0.00709	0.00234	0.00557	0.00779	0.00728	0.01114
21	0.05109	0.01857	0.10805	0.25068	0.14512	0.09121	0.05123	0.01982	0.01495	0.02030	0.04499	0.01937	0.03073	0.00799	0.00878	0.00229	0.09626	0.00639	0.00356	0.00861
22	0.08387	0.09945	0.27057	0.01742	0.05695	0.08302	0.01703	0.14418	0.01831	0.02577	0.04520	0.04994	0.01374	0.00817	0.00708	0.00213	0.03719	0.00615	0.00428	0.00958
23	0.01224	0.00903	0.01107	0.01177	0.07066	0.00885	0.00762	0.04490	0.01492	0.06057	0.05570	0.08165	0.28767	0.23686	0.01695	0.00369	0.04219	0.01153	0.00555	0.00657
24	0.01356	0.00757	0.00997	0.01010	0.01185	0.00687	0.00736	0.01537	0.01552	0.16508	0.09527	0.43297	0.09023	0.03965	0.00923	0.00274	0.00454	0.04808	0.00696	0.00706
25	0.05270	0.18496	0.07177	0.07166	0.12944	0.06856	0.01423	0.02197	0.07369	0.06147	0.05629	0.01933	0.01506	0.01205	0.07751	0.00294	0.04707	0.00604	0.00421	0.00904
26	0.12326	0.01960	0.07445	0.12176	0.24130	0.11321	0.11310	0.03653	0.01574	0.02257	0.01224	0.01595	0.00977	0.00681	0.00744	0.00218	0.04534	0.00586	0.00358	0.00931
27	0.00949	0.00687	0.00841	0.00892	0.01022	0.00637	0.00652	0.01154	0.01550	0.02080	0.20080	0.24815	0.19248	0.09063	0.01112	0.00295	0.00427	0.09316	0.04588	0.00592
28	0.02146	0.01209	0.01508	0.01125	0.01688	0.00985	0.00912	0.04012	0.01744	0.30894	0.05349	0.02023	0.01600	0.00713	0.00613	0.00158	0.00545	0.00580	0.00623	0.41573
29	0.05025	0.00885	0.01074	0.00943	0.01248	0.00784	0.00736	0.01688	0.01774	0.14090	0.31126	0.06343	0.17290	0.01291	0.00755	0.00213	0.00424	0.03360	0.00695	0.10258
30	0.02248	0.01303	0.01540	0.01300	0.01735	0.01350	0.01034	0.03376	0.35974	0.31313	0.08630	0.02733	0.02346	0.00954	0.00716	0.00227	0.00550	0.00793	0.00779	0.01101
31	0.01338	0.01261	0.02130	0.70323	0.08122	0.01556	0.01948	0.01801	0.01405	0.01808	0.01244	0.01854	0.00939	0.00694	0.00697	0.00231	0.00925	0.00620	0.00312	0.00792
32	0.00932	0.00715	0.00856	0.00832	0.01023	0.00639	0.00631	0.01203	0.01812	0.02419	0.43519	0.05905	0.30833	0.01579	0.00830	0.00230	0.00353	0.04339	0.00717	0.00631
33	0.00914	0.00691	0.00815	0.00818	0.00969	0.00623	0.00583	0.01119	0.01630	0.02153	0.30285	0.15973	0.28252	0.10659	0.01165	0.00290	0.00391	0.01412	0.00666	0.00592
34	0.01178	0.07275	0.01321	0.01200	0.06269	0.00976	0.00845	0.01408	0.01589	0.05492	0.19481	0.17815	0.22389	0.01670	0.04117	0.00274	0.04142	0.01251	0.00605	0.00704
35	0.06641	0.01265	0.01636	0.01260	0.01797	0.01155	0.01041	0.09330	0.02078	0.62299	0.02572	0.02254	0.01633	0.00851	0.00689	0.00215	0.00607	0.00680	0.00829	0.01168
36	0.02488	0.03147	0.02242	0.01939	0.02342	0.63901	0.09667	0.02718	0.01937	0.01773	0.01120	0.01336	0.00919	0.00703	0.00653	0.00187	0.01248	0.00496	0.00359	0.00825
37	0.01711	0.01415	0.01505	0.01341	0.01724	0.01597	0.01046	0.07255	0.55288	0.04542	0.06255	0.03015	0.08163	0.01031	0.00724	0.00234	0.00539	0.00858	0.00710	0.01047
38	0.01596	0.01626	0.06041	0.13173	0.53783	0.01565	0.02028	0.02021	0.01556	0.02201	0.03274	0.05210	0.01380	0.00728	0.00703	0.00215	0.00820	0.00696	0.00363	0.01021
39	0.01443	0.01242	0.01515	0.01232	0.05793	0.00971	0.00908	0.01756	0.01440	0.02243	0.01274	0.01525	0.01071	0.00746	0.03939	0.00158	0.00599	0.00442	0.00407	0.71295
40	0.01128	0.00889	0.01131	0.06712	0.03126	0.00896	0.00888	0.03061	0.08887	0.02359	0.26222	0.09222	0.18901	0.01500	0.00868	0.02271	0.00481	0.10102	0.00653	0.00705
41	0.01229	0.00782	0.00995	0.00939	0.01164	0.00727	0.00728	0.01487	0.01690	0.11412	0.26610	0.06788	0.23893	0.02121	0.12605	0.00378	0.00642	0.04442	0.00671	0.00699
42	0.01702	0.13387	0.05503	0.02397	0.26079	0.09877	0.03243	0.02274	0.10966	0.02249	0.10788	0.02343	0.04619	0.00825	0.00673	0.00203	0.00762	0.00703	0.00455	0.00952
43	0.08934	0.01601	0.02127	0.06353	0.14214	0.04847	0.08113	0.15285	0.07826	0.16302	0.03912	0.02007	0.01463	0.00907	0.02806	0.00243	0.00799	0.00668	0.00566	0.01029
44	0.01011	0.00729	0.00877	0.00829	0.01035	0.00647	0.00626	0.01282	0.01835	0.05149	0.44691	0.05654	0.30012	0.01530	0.00819	0.00225	0.00348	0.01318	0.00728	0.00654
45	0.01327	0.00867	0.01163	0.10598	0.01680	0.00858	0.00903	0.04678	0.01659	0.11381	0.13410	0.30895	0.12408	0.01576	0.00815	0.00250	0.00507	0.03647	0.00652	0.00725
46	0.01988	0.02483	0.15467	0.01614	0.02104	0.25657	0.01454	0.10525	0.12104	0.03917	0.03916	0.02225	0.08075	0.00905	0.00764	0.00213	0.04510	0.00669	0.00488	0.00923
47	0.02653	0.01955	0.02094	0.01606	0.02164	0.02164	0.01326	0.68796	0.03281	0.04398	0.01675	0.01675	0.01187	0.00838	0.00698	0.00209	0.00768	0.00628	0.00698	0.01187
48	0.01624	0.01541	0.02570	0.17496	0.52292	0.01575	0.01989	0.02039	0.01539	0.02183	0.01292	0.01729	0.01065	0.00627	0.00677	0.00203	0.00822	0.00604	0.00344	0.07787
49	0.01370	0.01165	0.01349	0.01014	0.01555	0.00916	0.00802	0.01741	0.04628	0.02282	0.05166	0.04008	0.07426	0.00729	0.00576	0.00131	0.00493	0.00602	0.00470	0.63577
50	0.05196	0.00832	0.01073	0.01015	0.01248	0.00773	0.00781	0.01740	0.01750	0.17891	0.28905	0.21159	0.06136	0.01496	0.00806	0.00243	0.00445	0.07023	0.00731	0.00757
51	0.04162	0.01692	0.06235	0.09077	0.14409	0.01575	0.34644	0.02179	0.04246	0.05630	0.01689	0.08138	0.01417	0.00774	0.00766	0.00232	0.00951	0.00836	0.00412	0.00938
52	0.01275	0.00882	0.01094	0.01152	0.04335	0.00884	0.00795	0.07169	0.06612	0.03938	0.03299	0.25074	0.12790	0.05465	0.01252	0.13299	0.00517	0.04217	0.05292	0.00662
53	0.01452	0.00871	0.01114	0.01028	0.01270	0.00828	0.00798	0.01880	0.07677	0.15302	0.36946	0.07973	0.06821	0.04880	0.00938	0.00256	0.00451	0.07998	0.00742	0.00775
54	0.01984	0.01463	0.06724	0.16243	0.02359	0.04643	0.01277	0.12856	0.01899	0.20353	0.06213	0.09687	0.02001	0.04589	0.00849	0.00244	0.00711	0.00824	0.04164	0.00917
55	0.01410	0.01192	0.01388	0.01010	0.01577	0.00908	0.00792	0.01693	0.01410	0.02195	0.01323	0.01715	0.01163	0.06947	0.00777	0.00153	0.00530	0.00465	0.00414	0.72937
56	0.00968	0.00704	0.00912	0.00878	0.01035	0.00647	0.00651	0.01272	0.01902	0.02668	0.62005	0.11272	0.09452	0.01508	0.00829	0.00226	0.00337	0.01334	0.00752	0.00647
57	0.01674	0.01344	0.01447	0.01299	0.01669	0.01500	0.01010	0.03246	0.54023	0.06921	0.08397	0.03187	0.09113	0.01058	0.00729	0.00234	0.00519	0.00886	0.00718	0.01026
58	0.05201	0.15539	0.02330	0.10484	0.10642	0.37291	0.01440	0.02391	0.01708	0.01855	0.01110	0.01365	0.00927	0.00671	0.00600	0.00182	0.01016	0.00473	0.00346	0.04429
59	0.01266	0.00847	0.01016	0.04210	0.01242	0.00853	0.00701	0.01597	0.08821	0.07884	0.08555	0.07858	0.10521	0.35431	0.02060	0.00443	0.00588	0.04907	0.00564	0.00637
60	0.01220	0.00744	0.00948	0.00905	0.01063	0.00687	0.00646	0.01430	0.01650	0.10565	0.33734	0.16725	0.08036	0.16875	0.01386	0.00326	0.00447	0.01277	0.00681	0.00654
61	0.01866	0.75896	0.03657	0.01194	0.01791	0.02761	0.01194	0.02090	0.01418	0.01642	0.00970	0.01119	0.00896	0.00597	0.00448	0.00149	0.00746	0.00373	0.00299	0.00896
62	0.02048	0.01953	0.02101	0.05098	0.20027	0.15757	0.01497	0.17430	0.15872	0.02710	0.01756	0.05102	0.01436	0.00848	0.00745	0.00216	0.03190	0.00684	0.00512	0.01017
63	0.01026	0.00768	0.00937	0.00924	0.01102	0.00735	0.00694	0.01444	0.07615	0.02486	0.40130	0.14856	0.15470	0.01546	0.00818	0.00235	0.00379	0.04698	0.03464	0.00672
64	0.10806	0.01127	0.01380	0.01119	0.01539	0.01063	0.00894	0.05966	0.03471	0.41764	0.10682	0.02940	0.05429	0.07533	0.00944	0.00258	0.00561	0.00795	0.00745	0.00982
65	0.02023	0.30174	0.02420	0.01424	0.01825	0.33309	0.01175	0.02225	0.01669	0.01734	0.04471	0.07787	0.01516	0.01057	0.04196	0.00226	0.00981	0.00604	0.00381	0.00805
66	0.02211	0.01699	0.02259	0.05512	0.18755	0.01830	0.04548	0.32392	0.06363	0.09155	0.01740	0.03770	0.01330	0.00831	0.00783	0.00220	0.04241	0.00686	0.00576	0.01096
67	0.22747	0.01596	0.01587	0.01343	0.01797	0.01819	0.01079	0.22756	0.31828	0.03418	0.01999	0.01938	0.01485	0.00835	0.00633	0.00223	0.00614	0.00632	0.00633	0.01037
68	0.00862	0.00616	0.00820	0.00964	0.01015	0.00575	0.00649	0.01001	0.01391	0.01869	0.09586	0.69032	0.04784	0.02121	0.00885	0.00278	0.00398	0.01922	0.00658	0.00575
69	0.02054	0.02440	0.10332	0.01937	0.08732	0.27587	0.04501	0.13696	0.05138	0.02380	0.01987	0.02117	0.08901	0.00869	0.00762	0.00210	0.04323	0.00659	0.00454	0.00921
70	0.01190	0.00847	0.01045	0.01071	0.01233	0.00858	0.00791	0.01709	0.14084	0.05380	0.15061	0.31860	0.04114	0.08021	0.01074	0.00299	0.00480	0.09507	0.00670	0.00707
71	0.01676	0.01419	0.01520	0.01370	0.01741	0.01620	0.01069	0.05510	0.59311	0.02933	0.09468	0.02965	0.02584	0.01016	0.00727	0.00236	0.00540	0.02530	0.00714	0.01052
72	0.01476	0.15443	0.60695	0.01859	0.02819	0.01807	0.02352	0.02190	0.01464	0.02117	0.01206	0.01415	0.00886	0.00652	0.00628	0.00209	0.00985	0.00492	0.00295	0.01009
73	0.01724	0.01750	0.02406	0.12159	0.45042	0.11903	0.01860	0.02093	0.01623	0.02104	0.01691	0.02309	0.04452	0.00784	0.00707	0.00215	0.00870	0.04964	0.00377	0.00967
74	0.00941	0.00691	0.00831	0.00822	0.00973	0.00625	0.00591	0.01126	0.01630	0.02165	0.32750	0.11683	0.26804	0.08033	0.01205	0.06175	0.00394	0.01326	0.00654	0.00581
75	0.00969	0.00722	0.00907	0.00889	0.01068	0.00660	0.00685	0.01265	0.01851	0.02522	0.49493	0.05839	0.19937	0.01557	0.00840	0.00235	0.00371	0.08821	0.00728	0.00642
76	0.01447	0.01240	0.01447	0.01034	0.01654	0.00930	0.00827	0.01757	0.01447	0.02274	0.01240	0.01447	0.01034	0.00517	0.00517	0.00103	0.00517	0.00413	0.00413	0.79742
77	0.02420	0.01550	0.01706	0.01342	0.01806	0.01656	0.01093	0.43935	0.02670	0.14277	0.01971	0.02044	0.01424	0.03019	0.00742	0.00215	0.00654	0.00655	0.15756	0.01062
78	0.01023	0.00698	0.00882	0.00970	0.01109	0.00637	0.00716	0.01199	0.01482	0.06035	0.04567	0.42958	0.20997	0.01961	0.00874	0.00273	0.00441	0.11896	0.00660	0.00621
79	0.01691	0.01607	0.02730	0.04104	0.66952	0.01607	0.02081	0.02100	0.01590	0.02268	0.01455	0.02095	0.01280	0.00700	0.00707	0.00214	0.00818	0.04561	0.00363	0.01078
80	0.01765	0.01515	0.01696	0.01660	0.07757	0.01721	0.01193	0.07167	0.58262	0.02944	0.04641	0.02553	0.02120	0.00927	0.00711	0.00232	0.00582	0.00779	0.00680	0.01096
81	0.01729	0.01628	0.02593	0.03737	0.57905	0.01673	0.01944	0.02440	0.14609	0.02402	0.01604	0.01894	0.01301	0.00684	0.00695	0.00213	0.00776	0.00654	0.00415	0.01105
82	0.08520	0.01502	0.01585	0.04666	0.01931	0.01738	0.01126	0.07375	0.56884	0.02974	0.02538	0.02388	0.01901	0.00903	0.00685	0.00233	0.00581	0.00736	0.00667	0.01065
83	0.01142	0.00840	0.01148	0.01106	0.01249	0.00952	0.00841	0.07004	0.01290	0.01816	0.01904	0.02937	0.01821	0.15893	0.55667	0.00973	0.01587	0.00779	0.00409	0.00640
84	0.06178	0.01856	0.06470	0.02908	0.17669	0.01737	0.39652	0.06206	0.01692	0.04447	0.01399	0.01780	0.01067	0.00644	0.00798	0.00228	0.03175	0.00720	0.00387	0.00986
85	0.05141	0.18378	0.08323	0.32272	0.06564	0.08602	0.01635	0.02024	0.03214	0.01900	0.01489	0.01826	0.04442	0.00728	0.00626	0.00206	0.00868	0.00576	0.00345	0.00842
86	0.00844	0.00631	0.00785	0.00909	0.00996	0.00572	0.00620	0.00979	0.01396	0.01806	0.04607	0.58900	0.20244	0.02087	0.00875	0.00272	0.00393	0.01863	0.00648	0.00572
87	0.42494	0.01402	0.04707	0.07399	0.05154	0.01514	0.01109	0.03625	0.01362	0.04317	0.07119	0.01771	0.01404	0.01064	0.05068	0.00281	0.08425	0.00553	0.00440	0.00793
88	0.01558	0.15495	0.42315	0.02337	0.14858	0.01835	0.07829	0.02179	0.01499	0.02127	0.01228	0.01492	0.00940	0.00638	0.00645	0.00207	0.00959	0.00536	0.00309	0.01014
89	0.01550	0.18569	0.43981	0.01736	0.02530	0.01909	0.02028	0.02349	0.10401	0.02150	0.01380	0.01549	0.01052	0.00720	0.00721	0.00213	0.05288	0.00527	0.00351	0.00996
90	0.01861	0.00910	0.01133	0.00969	0.01301	0.00793	0.00751	0.02074	0.01739	0.32240	0.10381	0.06686	0.26369	0.08342	0.01032	0.00269	0.00488	0.01091	0.00731	0.00839
91	0.01631	0.01023	0.01336	0.01351	0.03207	0.01032	0.01100	0.04113	0.11981	0.15101	0.06319	0.07336	0.03292	0.01506	0.00855	0.00278	0.00608	0.36400	0.00694	0.00838
92	0.01202	0.00910	0.01150	0.01225	0.04436	0.00933	0.00879	0.03634	0.12028	0.04285	0.07650	0.25054	0.13168	0.02158	0.11330	0.00384	0.00688	0.07532	0.00618	0.00735
93	0.01447	0.01240	0.01447	0.01034	0.01654	0.00930	0.00827	0.01757	0.01447	0.02274	0.01240	0.01447	0.01034	0.00517	0.00517	0.00103	0.00517	0.00413	0.00413	0.79742
94	0.01146	0.00732	0.00964	0.00937	0.01072	0.00766	0.00693	0.01380	0.01366	0.05137	0.15513	0.03509	0.02839	0.16023	0.31031	0.00665	0.01040	0.00877	0.13686	0.00625
95	0.01754	0.01817	0.01657	0.07517	0.06112	0.21880	0.01201	0.02530	0.21786	0.02349	0.17176	0.02770	0.04576	0.00979	0.00755	0.00216	0.02713	0.00787	0.00555	0.00870
96	0.01195	0.00878	0.01245	0.01397	0.08866	0.00873	0.03212	0.01481	0.04685	0.05034	0.03003	0.27653	0.07272	0.13005	0.10158	0.00421	0.00715	0.02936	0.05283	0.00687
97	0.04450	0.01378	0.01490	0.01296	0.01693	0.01510	0.01015	0.08157	0.44223	0.04804	0.12944	0.02774	0.02586	0.00962	0.00700	0.00219	0.00532	0.00800	0.00687	0.07778
98	0.01708	0.01471	0.02304	0.15983	0.30326	0.01544	0.05679	0.13030	0.01856	0.04382	0.06756	0.08315	0.01807	0.00870	0.00728	0.00222	0.00779	0.00801	0.00469	0.00971
99	0.01878	0.03916	0.05712	0.14681	0.28775	0.16563	0.01773	0.05740	0.09934	0.02241	0.01442	0.01726	0.01144	0.00706	0.00674	0.00209	0.00907	0.00594	0.00400	0.00983
100	0.01485	0.00872	0.01184	0.01092	0.01298	0.00906	0.00842	0.01778	0.03586	0.16335	0.13983	0.09329	0.02834	0.07106	0.26500	0.00573	0.04455	0.00938	0.04153	0.00751
101	0.17651	0.01270	0.01344	0.01167	0.01550	0.01364	0.00930	0.10354	0.20792	0.11898	0.13896	0.03075	0.08067	0.01035	0.00686	0.00226	0.00530	0.02565	0.00675	0.00927
102	0.01602	0.01661	0.05452	0.06275	0.40158	0.06636	0.04339	0.02076	0.04811	0.02315	0.13224	0.02480	0.04283	0.00820	0.00718	0.00212	0.00776	0.00755	0.00440	0.00967
103	0.01704	0.12509	0.02970	0.03001	0.33506	0.05116	0.16525	0.02172	0.04730	0.02149	0.01646	0.03937	0.03155	0.00747	0.00701	0.00212	0.00871	0.02984	0.00384	0.00980
104	0.01713	0.01053	0.01256	0.01117	0.01419	0.01064	0.00852	0.02470	0.22306	0.19098	0.19538	0.08821	0.06449	0.08405	0.01030	0.00274	0.00500	0.01023	0.00726	0.00887
105	0.01692	0.01405	0.01923	0.07426	0.23964	0.01499	0.01422	0.04576	0.26790	0.06749	0.09715	0.02698	0.05259	0.00906	0.00720	0.00223	0.00643	0.00796	0.00578	0.01017
106	0.05818	0.28843	0.05702	0.01469	0.01948	0.21467	0.03584	0.08934	0.03854	0.02110	0.01459	0.09057	0.01352	0.00837	0.00599	0.00190	0.00865	0.00624	0.00413	0.00874
107	0.12667	0.01448	0.01847	0.07948	0.12038	0.01543	0.03076	0.08151	0.20940	0.20014	0.02081	0.02067	0.01492	0.00800	0.00669	0.00222	0.00667	0.00662	0.00614	0.01053
108	0.01885	0.01398	0.01539	0.01353	0.01752	0.01543	0.01071	0.08777	0.46751	0.11507	0.05350	0.03051	0.05584	0.01033	0.00730	0.00235	0.00563	0.04096	0.00724	0.01058
109	0.01293	0.00869	0.01105	0.01082	0.03910	0.00827	0.00776	0.01738	0.08273	0.09995	0.42057	0.07829	0.12719	0.03339	0.00870	0.00237	0.00414	0.01183	0.00728	0.00756
110	0.05565	0.12373	0.11841	0.10584	0.05671	0.07656	0.01519	0.21119	0.02009	0.04519	0.01548	0.03742	0.01276	0.00990	0.03468	0.00246	0.00878	0.03571	0.00469	0.00956
111	0.01890	0.01204	0.01351	0.01298	0.04925	0.08080	0.00932	0.03736	0.04164	0.24241	0.12808	0.19744	0.08240	0.03074	0.00832	0.00241	0.00577	0.01115	0.00688	0.00860
112	0.22036	0.01174	0.01301	0.01098	0.01501	0.01190	0.00881	0.06432	0.07641	0.26439	0.14196	0.05567	0.05698	0.01006	0.00668	0.00221	0.00523	0.00806	0.00696	0.00927
113	0.01826	0.28702	0.14749	0.04660	0.09524	0.13255	0.01607	0.02319	0.07375	0.01936	0.01239	0.01457	0.01025	0.00715	0.00723	0.00196	0.06912	0.00501	0.00349	0.00930
114	0.01971	0.09091	0.04003	0.05565	0.11280	0.16597	0.04716	0.12661	0.15598	0.02466	0.01641	0.01834	0.01299	0.01137	0.06844	0.00284	0.00962	0.00615	0.00471	0.00968
115	0.01413	0.01404	0.01386	0.01301	0.01486	0.18333	0.03291	0.01624	0.01334	0.01627	0.01706	0.02597	0.01622	0.13455	0.43343	0.00802	0.01536	0.00714	0.00376	0.00652
116	0.00931	0.00699	0.00846	0.00830	0.00992	0.00632	0.00605	0.01176	0.01741	0.02347	0.41961	0.11896	0.24143	0.06865	0.01024	0.00262	0.00368	0.01369	0.00699	0.00614
117	0.01005	0.00742	0.01095	0.01095	0.01216	0.00859	0.00845	0.01247	0.01126	0.01634	0.01892	0.02809	0.01777	0.07863	0.68174	0.01080	0.01783	0.00756	0.02384	0.00616
118	0.01609	0.05703	0.25958	0.10536	0.15405	0.03620	0.17569	0.04016	0.04731	0.02233	0.01366	0.01693	0.01036	0.00658	0.00702	0.00219	0.00982	0.00625	0.00351	0.00991
119	0.01447	0.01240	0.01447	0.01034	0.01654	0.00930	0.00827	0.01757	0.01447	0.02274	0.01240	0.01447	0.01034	0.00517	0.00517	0.00103	0.00517	0.00413	0.00413	0.79742
120	0.01729	0.01255	0.01433	0.01261	0.01605	0.01362	0.00987	0.11530	0.30604	0.09746	0.15672	0.06393	0.04518	0.01459	0.06917	0.00306	0.00644	0.00916	0.00702	0.00961
121	0.01581	0.01617	0.02129	0.01830	0.01848	0.05664	0.01518	0.01735	0.01114	0.01681	0.00924	0.01513	0.00915	0.01196	0.02207	0.00299	0.70552	0.00603	0.00308	0.00766
122	0.15518	0.08759	0.10516	0.01629	0.02171	0.24212	0.05412	0.16713	0.01997	0.05053	0.01279	0.01417	0.00973	0.00713	0.00613	0.00199	0.00932	0.00509	0.00449	0.00937
123	0.01625	0.01789	0.03447	0.19193	0.09205	0.05196	0.44756	0.02152	0.01601	0.02109	0.01348	0.01834	0.01025	0.00622	0.00775	0.00230	0.01097	0.00743	0.00343	0.00910
124	0.00890	0.00678	0.00819	0.00851	0.01000	0.00607	0.00613	0.01103	0.01646	0.02175	0.28526	0.27726	0.27281	0.01779	0.00845	0.00245	0.00361	0.01560	0.00690	0.00607
125	0.00908	0.00683	0.00849	0.00920	0.01056	0.00623	0.00679	0.01116	0.01579	0.02070	0.19273	0.32622	0.22976	0.01874	0.00867	0.00261	0.00405	0.09964	0.00673	0.00603
126	0.01721	0.01889	0.06899	0.13978	0.44528	0.08223	0.08381	0.02162	0.01595	0.02146	0.01286	0.01703	0.01043	0.00641	0.00697	0.00212	0.00929	0.00618	0.00339	0.01009
127	0.01076	0.00703	0.00819	0.00812	0.00830	0.00714	0.00480	0.01121	0.04102	0.01403	0.02086	0.04128	0.02329	0.61653	0.03306	0.11976	0.00661	0.00946	0.00419	0.00436
128	0.01318	0.01240	0.02093	0.73798	0.04806	0.01550	0.01938	0.01783	0.01395	0.01783	0.01240	0.01860	0.00930	0.00698	0.00698	0.00233	0.00930	0.00620	0.00310	0.00775
129	0.01642	0.01618	0.02838	0.13646	0.46991	0.01698	0.10812	0.02064	0.01525	0.02153	0.01282	0.01749	0.01058	0.00679	0.00846	0.00223	0.07183	0.00647	0.00338	0.01008
130	0.01003	0.00723	0.00997	0.00997	0.01079	0.00805	0.00717	0.01166	0.01085	0.01528	0.01983	0.03370	0.02018	0.29433	0.48885	0.00968	0.01458	0.00840	0.00391	0.00554
131	0.00997	0.00748	0.01121	0.01121	0.01246	0.00872	0.00872	0.01246	0.01121	0.01620	0.01869	0.02741	0.01745	0.05234	0.72710	0.01121	0.01869	0.00748	0.00374	0.00623
132	0.02607	0.03326	0.01978	0.01798	0.02157	0.72674	0.01348	0.02787	0.01978	0.01708	0.01079	0.01258	0.00899	0.00719	0.00629	0.00180	0.01258	0.00449	0.00360	0.00809
133	0.01676	0.08703	0.33049	0.15796	0.07917	0.01650	0.08491	0.02258	0.01541	0.10341	0.01424	0.01682	0.01026	0.00678	0.00673	0.00217	0.00936	0.00583	0.00375	0.00986

[dist]
# distance from previous block
# <min> <max>
0	1

[block]
# block no. 1 follows, 30 sequences, length 41
# corresponding to MSA columns:
# 293-333
name=unknown_B
#
# <colnr> <probs for GDERKNQSTAVLIFYWHMCP>
#	G	D	E	R	K	N	Q	S	T	A	V	L	I	F	Y	W	H	M	C	P
0	0.00937	0.00689	0.00842	0.00858	0.00968	0.00663	0.00595	0.01096	0.01400	0.01864	0.16845	0.16727	0.18939	0.22195	0.11816	0.00486	0.00661	0.01290	0.00571	0.00559
1	0.00911	0.00720	0.00914	0.00922	0.01092	0.00723	0.00701	0.01123	0.01365	0.01778	0.06090	0.08913	0.32756	0.03411	0.34575	0.00654	0.01067	0.01158	0.00522	0.00606
2	0.01950	0.67593	0.03465	0.01263	0.01833	0.10760	0.01212	0.02169	0.01482	0.01649	0.00983	0.01135	0.00896	0.00611	0.00469	0.00153	0.00805	0.00382	0.00305	0.00886
3	0.01736	0.01499	0.01578	0.01420	0.01815	0.01736	0.01105	0.03708	0.69862	0.02919	0.02840	0.02604	0.02130	0.00947	0.00710	0.00237	0.00552	0.00789	0.00710	0.01105
4	0.01711	0.06542	0.02584	0.06615	0.37873	0.06362	0.01832	0.02021	0.01434	0.01995	0.01151	0.01603	0.01012	0.00813	0.01158	0.00233	0.23187	0.00591	0.00329	0.00953
5	0.60606	0.01869	0.05822	0.01153	0.01611	0.14958	0.00986	0.02200	0.01355	0.02803	0.01010	0.01179	0.00791	0.00662	0.00484	0.00209	0.00707	0.00400	0.00409	0.00784
6	0.01664	0.01594	0.02719	0.14948	0.60948	0.01642	0.02110	0.02087	0.01559	0.02204	0.01302	0.01748	0.01078	0.00633	0.00692	0.00211	0.00845	0.00622	0.00340	0.01055
7	0.01447	0.01240	0.01447	0.01034	0.01654	0.00930	0.00827	0.01757	0.01447	0.02274	0.01240	0.01447	0.01034	0.00517	0.00517	0.00103	0.00517	0.00413	0.00413	0.79742
8	0.00868	0.00620	0.00830	0.00992	0.01040	0.00582	0.00679	0.01002	0.01354	0.01801	0.03836	0.70657	0.04576	0.02169	0.00895	0.00286	0.00420	0.06171	0.00647	0.00572
9	0.00890	0.00697	0.00790	0.00789	0.00968	0.00614	0.00574	0.01097	0.01648	0.02124	0.26185	0.12668	0.40125	0.06491	0.01008	0.00264	0.00372	0.01427	0.00671	0.00598
10	0.01318	0.01240	0.02093	0.73798	0.04806	0.01550	0.01938	0.01783	0.01395	0.01783	0.01240	0.01860	0.00930	0.00698	0.00698	0.00233	0.00930	0.00620	0.00310	0.00775
11	0.52504	0.01567	0.01409	0.01165	0.01642	0.01780	0.00960	0.26002	0.01939	0.03586	0.01224	0.01328	0.00910	0.00716	0.00527	0.00214	0.00622	0.00468	0.00527	0.00910
12	0.02352	0.02013	0.02041	0.01658	0.02115	0.13540	0.04321	0.33440	0.16396	0.06677	0.01801	0.01830	0.01334	0.00859	0.00813	0.00219	0.06274	0.00643	0.00609	0.01066
13	0.00906	0.00638	0.00827	0.00947	0.00993	0.00607	0.00636	0.01027	0.01323	0.01769	0.06828	0.53804	0.04277	0.16162	0.01401	0.00358	0.00468	0.05869	0.00610	0.00549
14	0.01904	0.72125	0.03569	0.01225	0.01810	0.06393	0.01202	0.02126	0.01447	0.01645	0.00976	0.01127	0.00896	0.00603	0.00457	0.00151	0.00773	0.00377	0.00302	0.00891
15	0.01409	0.01179	0.01370	0.01001	0.01559	0.00902	0.00785	0.01695	0.01413	0.02210	0.01346	0.01728	0.01175	0.06463	0.00756	0.00150	0.00524	0.00468	0.02697	0.71171
16	0.00901	0.00693	0.00817	0.00831	0.00997	0.00619	0.00608	0.01118	0.01656	0.02166	0.28087	0.18159	0.32504	0.04576	0.00945	0.00258	0.00375	0.03403	0.00680	0.00604
17	0.01194	0.00849	0.01025	0.00990	0.01198	0.00831	0.00736	0.01726	0.13159	0.06808	0.30712	0.21130	0.13849	0.01535	0.00812	0.00239	0.00404	0.01345	0.00720	0.00736
18	0.22083	0.01161	0.01316	0.05709	0.01676	0.01214	0.00938	0.11073	0.01752	0.18882	0.05701	0.21034	0.02348	0.01167	0.00687	0.00234	0.00562	0.00966	0.00634	0.00862
19	0.01447	0.01240	0.01447	0.01034	0.01654	0.00930	0.00827	0.01757	0.01447	0.02274	0.01240	0.01447	0.01034	0.00517	0.00517	0.00103	0.00517	0.00413	0.00413	0.79742
20	0.01138	0.00720	0.00879	0.00871	0.01044	0.00673	0.00640	0.01360	0.01554	0.07614	0.17137	0.18866	0.19392	0.05741	0.07823	0.00338	0.00536	0.01265	0.11759	0.00649
21	0.02607	0.03326	0.01978	0.01798	0.02157	0.72674	0.01348	0.02787	0.01978	0.01708	0.01079	0.01258	0.00899	0.00719	0.00629	0.00180	0.01258	0.00449	0.00360	0.00809
22	0.02121	0.07321	0.02364	0.08179	0.13288	0.39891	0.07700	0.02412	0.01801	0.01918	0.05560	0.01681	0.01308	0.00727	0.00663	0.00194	0.01064	0.00572	0.00374	0.00861
23	0.01742	0.01346	0.01861	0.08200	0.13026	0.05538	0.06555	0.06416	0.06632	0.11586	0.07709	0.08356	0.02089	0.04344	0.05682	0.05885	0.00805	0.00838	0.00525	0.00865
24	0.01111	0.00718	0.00899	0.00890	0.00981	0.00713	0.00598	0.01229	0.01261	0.06066	0.09129	0.13166	0.07089	0.37595	0.14954	0.00608	0.00798	0.01120	0.00516	0.00557
25	0.01410	0.03540	0.69127	0.02027	0.03046	0.01626	0.05241	0.02211	0.01480	0.02211	0.01259	0.01490	0.00891	0.00660	0.00669	0.00222	0.01037	0.00528	0.00297	0.01028
26	0.08102	0.06727	0.04798	0.06306	0.23939	0.17929	0.03293	0.08854	0.04096	0.02351	0.01670	0.01887	0.05587	0.00756	0.00654	0.00204	0.00875	0.00611	0.00416	0.00947
27	0.01319	0.00908	0.01084	0.01127	0.01287	0.03687	0.00854	0.04060	0.03477	0.08544	0.04877	0.34601	0.03687	0.08716	0.01118	0.00314	0.00561	0.18456	0.00640	0.00682
28	0.06427	0.01069	0.01166	0.01120	0.01406	0.01146	0.00886	0.02205	0.27572	0.02428	0.08004	0.04593	0.21164	0.01629	0.05813	0.00309	0.00590	0.11017	0.00645	0.00811
29	0.01367	0.06057	0.01642	0.01729	0.15968	0.04503	0.01100	0.03694	0.07143	0.02368	0.23978	0.06557	0.15910	0.01200	0.00808	0.00220	0.03345	0.01018	0.00579	0.00813
30	0.01880	0.01692	0.02493	0.11053	0.45087	0.06266	0.01877	0.08002	0.01735	0.06500	0.01407	0.01763	0.01126	0.00802	0.02479	0.00234	0.03543	0.00618	0.00404	0.01038
31	0.01176	0.00893	0.01302	0.12107	0.01803	0.01024	0.01024	0.06058	0.01392	0.01939	0.09164	0.02757	0.02068	0.03630	0.44081	0.06330	0.01395	0.00766	0.00425	0.00667
32	0.00922	0.00640	0.00801	0.00892	0.00919	0.00622	0.00565	0.00999	0.01198	0.01602	0.03107	0.43875	0.03670	0.31960	0.04581	0.00473	0.00568	0.01547	0.00547	0.00511
33	0.01447	0.01240	0.01447	0.01034	0.01654	0.00930	0.00827	0.01757	0.01447	0.02274	0.01240	0.01447	0.01034	0.00517	0.00517	0.00103	0.00517	0.00413	0.00413	0.79742
34	0.01830	0.12044	0.29370	0.02084	0.10699	0.16239	0.04421	0.06540	0.04028	0.02226	0.03357	0.01594	0.01154	0.00702	0.00647	0.00202	0.00969	0.00547	0.00370	0.00976
35	0.54476	0.01575	0.05700	0.01286	0.06058	0.06094	0.01022	0.02115	0.01350	0.05487	0.01300	0.01710	0.01068	0.00743	0.00521	0.00218	0.00637	0.04397	0.03437	0.00805
36	0.01573	0.06762	0.16212	0.13040	0.26894	0.01671	0.05265	0.02269	0.10515	0.02223	0.01617	0.02149	0.01330	0.00759	0.00696	0.00222	0.00848	0.04569	0.00393	0.00993
37	0.01618	0.11052	0.18766	0.06651	0.14110	0.01540	0.03302	0.02107	0.03242	0.06697	0.05570	0.01861	0.01419	0.00713	0.00678	0.00192	0.02885	0.00586	0.03455	0.13556
38	0.00994	0.00755	0.00974	0.00923	0.01078	0.00734	0.00697	0.01284	0.01841	0.02572	0.55730	0.09562	0.12776	0.01498	0.00916	0.00230	0.04773	0.01290	0.00720	0.00652
39	0.01635	0.01367	0.01580	0.01345	0.05101	0.03895	0.01004	0.08499	0.06005	0.04810	0.06114	0.06611	0.01727	0.00810	0.00717	0.00165	0.04996	0.00649	0.00502	0.42469
40	0.04852	0.01867	0.01911	0.09627	0.14971	0.17231	0.01407	0.04648	0.26951	0.02458	0.05576	0.02127	0.01706	0.00822	0.00683	0.00216	0.00792	0.00671	0.00516	0.00970

[dist]
# distance from previous block
# <min> <max>
0	2

[block]
# block no. 2 follows, 30 sequences, length 86
# corresponding to MSA columns:
# 336-421
name=unknown_C
#
# <colnr> <probs for GDERKNQSTAVLIFYWHMCP>
#	G	D	E	R	K	N	Q	S	T	A	V	L	I	F	Y	W	H	M	C	P
0	0.39700	0.08955	0.05843	0.01469	0.05400	0.06345	0.05148	0.08218	0.08383	0.02836	0.01288	0.01430	0.00998	0.00690	0.00548	0.00210	0.00709	0.00492	0.00449	0.00891
1	0.01009	0.00699	0.00874	0.00874	0.00914	0.00738	0.00564	0.01088	0.01048	0.01437	0.02095	0.03992	0.02288	0.53378	0.25308	0.00817	0.01052	0.00931	0.00407	0.00486
2	0.02100	0.01480	0.01519	0.01239	0.01634	0.03666	0.00998	0.38752	0.04973	0.03576	0.01930	0.02051	0.01443	0.00829	0.00616	0.00192	0.00605	0.00637	0.30792	0.00967
3	0.01876	0.01507	0.01291	0.01130	0.01430	0.15200	0.00878	0.18643	0.02052	0.02888	0.06295	0.02274	0.01771	0.00840	0.00590	0.00181	0.00620	0.00645	0.39072	0.00816
4	0.01400	0.03610	0.71860	0.01989	0.03020	0.01621	0.02578	0.02210	0.01473	0.02210	0.01252	0.01473	0.00884	0.00663	0.00663	0.00221	0.01031	0.00516	0.00295	0.01031
5	0.01101	0.00813	0.00944	0.00942	0.01102	0.00799	0.00681	0.05627	0.05894	0.02176	0.14548	0.21702	0.17438	0.14759	0.01305	0.00324	0.00475	0.05230	0.03502	0.00642
6	0.02325	0.26131	0.02520	0.01531	0.02020	0.27823	0.01278	0.19352	0.06495	0.02446	0.01308	0.01406	0.01050	0.00725	0.00594	0.00181	0.00924	0.00492	0.00448	0.00951
7	0.01341	0.01264	0.02136	0.69801	0.08619	0.01557	0.01950	0.01804	0.01406	0.01812	0.01244	0.01853	0.00940	0.00693	0.00697	0.00231	0.00924	0.00620	0.00312	0.00794
8	0.10071	0.01860	0.01890	0.01499	0.02009	0.04586	0.01224	0.51079	0.10036	0.03968	0.01726	0.01732	0.01252	0.00826	0.00665	0.00211	0.00728	0.00615	0.02916	0.01107
9	0.01335	0.00761	0.00992	0.00953	0.01122	0.00700	0.00684	0.01540	0.01639	0.14602	0.27905	0.25479	0.04496	0.13060	0.01246	0.00309	0.00453	0.01339	0.00696	0.00689
10	0.02624	0.05602	0.01637	0.01207	0.01662	0.01141	0.00984	0.07013	0.01889	0.50306	0.02560	0.06941	0.01877	0.05979	0.05022	0.00297	0.00681	0.00780	0.00750	0.01050
11	0.00850	0.00607	0.00810	0.00972	0.01012	0.00567	0.00648	0.00972	0.01336	0.01781	0.03846	0.75020	0.04615	0.02186	0.00891	0.00283	0.00405	0.01984	0.00648	0.00567
12	0.01978	0.08844	0.03542	0.01298	0.01721	0.01546	0.01072	0.13944	0.23251	0.15199	0.10615	0.07111	0.02446	0.03297	0.00791	0.00234	0.00596	0.00836	0.00678	0.01002
13	0.06266	0.00950	0.01087	0.01045	0.01192	0.02811	0.00773	0.03414	0.05255	0.01935	0.04467	0.12160	0.11828	0.14800	0.15049	0.04943	0.07025	0.01002	0.03364	0.00631
14	0.02489	0.02952	0.01935	0.01836	0.05628	0.60351	0.01327	0.02696	0.01958	0.05825	0.05575	0.01596	0.01315	0.00767	0.00649	0.00186	0.01140	0.00524	0.00414	0.00837
15	0.01240	0.00736	0.00918	0.00922	0.01040	0.00692	0.00632	0.01361	0.01367	0.10928	0.07091	0.25174	0.07614	0.30794	0.01911	0.00425	0.00544	0.05414	0.00594	0.00604
16	0.01236	0.00863	0.01040	0.00990	0.01207	0.00834	0.00757	0.05692	0.06100	0.06576	0.28150	0.12577	0.17320	0.05770	0.00979	0.00266	0.00450	0.07783	0.00698	0.00713
17	0.09409	0.01919	0.08823	0.01967	0.06621	0.05788	0.12930	0.14684	0.12199	0.02700	0.01608	0.04288	0.01297	0.00860	0.00929	0.00235	0.11616	0.00686	0.00477	0.00966
18	0.06436	0.01453	0.02062	0.58659	0.08489	0.07703	0.01825	0.01909	0.01445	0.01892	0.01214	0.01754	0.00927	0.00692	0.00675	0.00225	0.00928	0.00590	0.00324	0.00797
19	0.06927	0.01197	0.01416	0.01235	0.01603	0.01217	0.00988	0.14039	0.10386	0.22828	0.06362	0.15176	0.04248	0.01240	0.00754	0.00240	0.00570	0.07908	0.00719	0.00947
20	0.06116	0.01143	0.05388	0.01231	0.05746	0.01006	0.00941	0.08622	0.01735	0.07614	0.09344	0.10337	0.28383	0.01716	0.07245	0.00310	0.00637	0.01110	0.00601	0.00774
21	0.01786	0.01394	0.01666	0.05552	0.01961	0.01289	0.01047	0.14934	0.01813	0.06989	0.01400	0.01580	0.01094	0.00656	0.00685	0.00151	0.05183	0.00498	0.00484	0.49839
22	0.01850	0.00960	0.01211	0.01032	0.01367	0.00871	0.00812	0.06261	0.01955	0.28245	0.25078	0.08237	0.16634	0.01289	0.00774	0.00224	0.00464	0.01096	0.00769	0.00870
23	0.01609	0.00882	0.01124	0.01034	0.01301	0.00814	0.00795	0.01957	0.06040	0.22097	0.20287	0.18021	0.12560	0.03231	0.00868	0.00251	0.00464	0.05122	0.00737	0.00805
24	0.05375	0.01890	0.14138	0.04533	0.12316	0.06352	0.12394	0.07310	0.01710	0.06932	0.04503	0.06819	0.06017	0.01156	0.05203	0.00278	0.00908	0.00790	0.00460	0.00916
25	0.01704	0.01707	0.02517	0.10514	0.29161	0.07558	0.09767	0.05505	0.03446	0.02179	0.01664	0.02031	0.05551	0.00824	0.00969	0.00230	0.12658	0.00689	0.00385	0.00942
26	0.04010	0.11080	0.02633	0.16275	0.22081	0.08329	0.10077	0.02024	0.01513	0.01992	0.01543	0.01914	0.05155	0.00763	0.00821	0.00217	0.07686	0.00642	0.00352	0.00895
27	0.05921	0.00975	0.01119	0.01124	0.03684	0.00992	0.00824	0.04936	0.13729	0.02530	0.22563	0.12143	0.19820	0.01432	0.00786	0.00238	0.00453	0.05304	0.00671	0.00756
28	0.06539	0.01071	0.01285	0.01251	0.04699	0.01117	0.00903	0.10994	0.09658	0.06433	0.21995	0.14320	0.05371	0.04128	0.06770	0.00319	0.00618	0.01068	0.00649	0.00812
29	0.10398	0.15871	0.17288	0.04439	0.03963	0.13741	0.01478	0.02296	0.07538	0.04634	0.01514	0.06265	0.01293	0.00961	0.03113	0.00239	0.03065	0.00606	0.00406	0.00891
30	0.01127	0.00906	0.01090	0.01150	0.05546	0.00902	0.00779	0.01681	0.14517	0.02322	0.24823	0.11232	0.20217	0.09287	0.01089	0.00280	0.00452	0.01223	0.00654	0.00721
31	0.06222	0.01053	0.01230	0.01093	0.01424	0.01034	0.00877	0.09868	0.06331	0.17160	0.15275	0.06991	0.18129	0.01326	0.00773	0.00237	0.00509	0.08912	0.00711	0.00846
32	0.01324	0.00922	0.01363	0.01685	0.13656	0.00908	0.01118	0.01530	0.01455	0.06061	0.02776	0.12032	0.02929	0.09130	0.01369	0.10046	0.00648	0.29822	0.00540	0.00686
33	0.03594	0.01014	0.01229	0.01144	0.01419	0.01003	0.00890	0.12633	0.03677	0.15240	0.07313	0.27705	0.09374	0.01540	0.00807	0.00253	0.00526	0.09123	0.00698	0.00817
34	0.01447	0.01240	0.01447	0.01034	0.01654	0.00930	0.00827	0.01757	0.01447	0.02274	0.01240	0.01447	0.01034	0.00517	0.00517	0.00103	0.00517	0.00413	0.00413	0.79742
35	0.01197	0.00656	0.00693	0.00697	0.00817	0.00649	0.00485	0.01411	0.01344	0.02209	0.02501	0.05302	0.05456	0.17613	0.01289	0.03455	0.00418	0.00809	0.52418	0.00580
36	0.02060	0.02040	0.01781	0.09869	0.02202	0.29187	0.01300	0.06182	0.05562	0.08785	0.03724	0.06537	0.01674	0.01112	0.02864	0.00250	0.08729	0.04818	0.00483	0.00841
37	0.01132	0.00771	0.01130	0.01106	0.01249	0.00869	0.00853	0.01367	0.01170	0.06011	0.01946	0.02836	0.01794	0.09477	0.63726	0.01036	0.01712	0.00762	0.00408	0.00646
38	0.11443	0.00948	0.01109	0.00999	0.01272	0.00941	0.00766	0.01965	0.08925	0.14996	0.28533	0.07820	0.08091	0.03349	0.00933	0.04982	0.00459	0.01009	0.00685	0.00776
39	0.01723	0.01505	0.06026	0.02125	0.17631	0.04968	0.08479	0.03546	0.01616	0.12955	0.02565	0.05293	0.11748	0.01362	0.06251	0.02574	0.05463	0.02777	0.00496	0.00894
40	0.01435	0.01394	0.01985	0.06260	0.01933	0.01914	0.01456	0.01622	0.01097	0.01677	0.01077	0.01727	0.01039	0.01781	0.12586	0.00421	0.58906	0.00632	0.00316	0.00743
41	0.01418	0.00873	0.01104	0.01014	0.01263	0.00830	0.00785	0.01882	0.08884	0.14353	0.39496	0.09213	0.09436	0.01384	0.00804	0.00232	0.00422	0.05069	0.00755	0.00783
42	0.02563	0.07658	0.02078	0.01762	0.02135	0.68500	0.01339	0.02745	0.01944	0.01704	0.01072	0.01250	0.00899	0.00712	0.00618	0.00178	0.01228	0.00445	0.00356	0.00814
43	0.03984	0.19113	0.10285	0.08819	0.17178	0.08079	0.03926	0.12511	0.05434	0.02412	0.01332	0.01559	0.01055	0.00686	0.00627	0.00198	0.00858	0.00548	0.00403	0.00991
44	0.01020	0.00766	0.01032	0.01094	0.05089	0.00715	0.00764	0.01330	0.01865	0.02601	0.54271	0.09763	0.10030	0.01482	0.00829	0.00230	0.00384	0.05342	0.00721	0.00673
45	0.01003	0.00702	0.00846	0.00865	0.00927	0.00707	0.00561	0.01123	0.03528	0.01558	0.02915	0.15231	0.10267	0.39978	0.11391	0.05527	0.00740	0.01148	0.00479	0.00505
46	0.02607	0.03326	0.01978	0.01798	0.02157	0.72674	0.01348	0.02787	0.01978	0.01708	0.01079	0.01258	0.00899	0.00719	0.00629	0.00180	0.01258	0.00449	0.00360	0.00809
47	0.01553	0.09256	0.16907	0.02904	0.37032	0.01647	0.01899	0.01995	0.01547	0.02180	0.06421	0.02166	0.05893	0.00790	0.00766	0.00212	0.04795	0.00674	0.00377	0.00987
48	0.02332	0.02655	0.06407	0.01833	0.03921	0.37033	0.01471	0.18552	0.02094	0.02401	0.01212	0.01432	0.00976	0.00829	0.00939	0.00212	0.13830	0.00529	0.00428	0.00914
49	0.00849	0.00612	0.00804	0.00958	0.01009	0.00568	0.00642	0.00973	0.01349	0.01787	0.04013	0.71492	0.08036	0.02165	0.00887	0.00281	0.00402	0.01957	0.00648	0.00568
50	0.01866	0.75896	0.03657	0.01194	0.01791	0.02761	0.01194	0.02090	0.01418	0.01642	0.00970	0.01119	0.00896	0.00597	0.00448	0.00149	0.00746	0.00373	0.00299	0.00896
51	0.01670	0.01892	0.12729	0.05934	0.45383	0.03285	0.02021	0.05818	0.01671	0.02335	0.01581	0.02365	0.01390	0.00790	0.00716	0.00222	0.00849	0.07929	0.00390	0.01028
52	0.01563	0.01826	0.07133	0.02838	0.11258	0.01628	0.50678	0.02100	0.01616	0.02201	0.01833	0.04809	0.05530	0.00728	0.00802	0.00233	0.01049	0.00867	0.00378	0.00930
53	0.01638	0.09929	0.30211	0.01883	0.10722	0.03277	0.01772	0.05550	0.01594	0.04068	0.01284	0.01490	0.00991	0.00627	0.00607	0.00178	0.00818	0.00495	0.00371	0.22496
54	0.02112	0.43739	0.02973	0.01450	0.01977	0.19231	0.03311	0.09567	0.06021	0.02053	0.01202	0.01328	0.01010	0.00674	0.00546	0.00171	0.00872	0.00459	0.00383	0.00921
55	0.00876	0.00626	0.00839	0.01001	0.01052	0.00589	0.00692	0.01016	0.01361	0.01810	0.03832	0.68775	0.04560	0.02162	0.00897	0.00287	0.00427	0.07977	0.00647	0.00574
56	0.16972	0.06151	0.01982	0.16037	0.06285	0.04130	0.05516	0.14103	0.08238	0.02701	0.01520	0.03189	0.01205	0.00860	0.02109	0.00234	0.02716	0.00614	0.04537	0.00900
57	0.01156	0.00804	0.00995	0.00942	0.01156	0.00707	0.00689	0.01311	0.01408	0.04304	0.09016	0.20903	0.09696	0.10057	0.01279	0.08439	0.00490	0.06176	0.03290	0.17181
58	0.08619	0.01411	0.02031	0.11096	0.27818	0.01450	0.01518	0.07244	0.05211	0.11574	0.01799	0.06696	0.01502	0.00830	0.00681	0.00215	0.00712	0.02649	0.00495	0.06447
59	0.02302	0.04819	0.02101	0.01913	0.06839	0.43022	0.01411	0.10759	0.01921	0.02075	0.01164	0.01429	0.00978	0.00945	0.03126	0.00234	0.13187	0.00517	0.00391	0.00866
60	0.02048	0.01419	0.01577	0.01289	0.01682	0.01525	0.01029	0.34316	0.09906	0.07894	0.14970	0.02675	0.02439	0.03233	0.00860	0.02986	0.00602	0.00783	0.07790	0.00976
61	0.01326	0.00698	0.00986	0.00987	0.01075	0.00678	0.00699	0.01270	0.01188	0.09584	0.02208	0.18463	0.02289	0.06872	0.06065	0.39112	0.00640	0.04878	0.00474	0.00509
62	0.01846	0.07168	0.02293	0.12318	0.18089	0.09666	0.05271	0.06292	0.08963	0.06608	0.06311	0.02007	0.01558	0.00789	0.00773	0.00212	0.05031	0.00655	0.00460	0.03693
63	0.14992	0.01212	0.01528	0.01192	0.01715	0.01108	0.00984	0.03194	0.01873	0.61096	0.02480	0.02185	0.01578	0.00831	0.00660	0.00216	0.00586	0.00652	0.00797	0.01121
64	0.07098	0.01551	0.01652	0.01396	0.01835	0.01736	0.01113	0.21784	0.38357	0.07664	0.06441	0.02389	0.02016	0.00920	0.00695	0.00225	0.00602	0.00740	0.00702	0.01084
