[name]
unknown

[dist]
# distance from previous block
# <min> <max>
13	71

[block]
# block no. 0 follows, 31 sequences, length 18
# corresponding to MSA columns:
# 84-101
name=unknown_A
#
# <colnr> <probs for GDERKNQSTAVLIFYWHMCP>
#	G	D	E	R	K	N	Q	S	T	A	V	L	I	F	Y	W	H	M	C	P
0	0.23723	0.07270	0.01533	0.01224	0.04176	0.01478	0.00929	0.11276	0.01546	0.11698	0.01584	0.02182	0.01375	0.17435	0.01345	0.00312	0.07114	0.00620	0.02374	0.00806
1	0.04104	0.01731	0.06812	0.09497	0.08330	0.05470	0.01383	0.17287	0.25003	0.04982	0.02088	0.02146	0.03818	0.00977	0.03125	0.00247	0.00759	0.00678	0.00557	0.01005
2	0.01086	0.00776	0.00921	0.00891	0.01101	0.00717	0.00676	0.03308	0.04265	0.06003	0.28024	0.14495	0.28804	0.01575	0.00809	0.00234	0.00390	0.04567	0.00691	0.00668
3	0.01906	0.01285	0.01480	0.01149	0.01657	0.01184	0.00924	0.12798	0.10674	0.16016	0.02219	0.02191	0.06336	0.00775	0.00614	0.00167	0.00544	0.00624	0.04152	0.33304
4	0.03920	0.00804	0.00987	0.01015	0.01133	0.00833	0.00723	0.08349	0.01429	0.01978	0.02843	0.37728	0.03200	0.16045	0.12380	0.00466	0.00718	0.04285	0.00551	0.00613
5	0.01309	0.01233	0.02082	0.71423	0.07471	0.01524	0.01908	0.01762	0.01376	0.01768	0.01219	0.01819	0.00919	0.00681	0.00684	0.00227	0.00908	0.00608	0.00305	0.00773
6	0.01864	0.64679	0.08337	0.01261	0.01873	0.02576	0.01278	0.07955	0.01554	0.01886	0.01031	0.01170	0.00902	0.00611	0.00475	0.00156	0.00753	0.00398	0.00327	0.00912
7	0.01054	0.00826	0.01165	0.04679	0.01333	0.00977	0.00864	0.01230	0.01089	0.01544	0.01857	0.06223	0.01894	0.22129	0.40240	0.00813	0.10290	0.00831	0.00379	0.00583
8	0.00937	0.00718	0.00894	0.00938	0.01107	0.00684	0.00740	0.01166	0.01502	0.01936	0.12039	0.09851	0.29875	0.04958	0.11713	0.00399	0.00654	0.18694	0.00599	0.00597
9	0.01393	0.03391	0.66425	0.02032	0.03015	0.01601	0.08366	0.02169	0.01459	0.02169	0.01241	0.01480	0.00882	0.00644	0.00664	0.00218	0.01024	0.00532	0.00294	0.01003
10	0.01393	0.00927	0.01398	0.01368	0.06285	0.00951	0.05631	0.09428	0.01308	0.01770	0.01440	0.05629	0.01370	0.02132	0.07388	0.49230	0.00752	0.00690	0.00372	0.00539
11	0.01617	0.01672	0.04900	0.04228	0.04264	0.17080	0.08425	0.01894	0.01618	0.07023	0.10694	0.13183	0.09830	0.01152	0.00912	0.00228	0.09060	0.00951	0.00496	0.00772
12	0.05007	0.02766	0.01883	0.01736	0.04260	0.52699	0.01286	0.07258	0.10155	0.04612	0.01366	0.01469	0.01075	0.00739	0.00629	0.00188	0.01059	0.00504	0.00435	0.00873
13	0.01391	0.00908	0.01215	0.07075	0.06464	0.00880	0.00912	0.04216	0.01596	0.12899	0.09232	0.17771	0.16861	0.09410	0.01074	0.00285	0.00539	0.05937	0.00608	0.00730
14	0.01541	0.01540	0.06541	0.10219	0.21482	0.01365	0.04606	0.04211	0.07895	0.02292	0.01471	0.01851	0.01200	0.00655	0.00632	0.00178	0.00713	0.02439	0.00408	0.28762
15	0.01837	0.06218	0.07094	0.09387	0.08546	0.20170	0.04007	0.12974	0.01865	0.02267	0.04964	0.02147	0.06499	0.01227	0.07576	0.00286	0.00986	0.00655	0.00433	0.00862
16	0.01249	0.00897	0.01254	0.01097	0.01380	0.00809	0.08070	0.03541	0.01659	0.10442	0.11761	0.17645	0.32949	0.01516	0.00805	0.00237	0.00488	0.02851	0.00643	0.00707
17	0.06504	0.01038	0.01518	0.11261	0.06634	0.01109	0.05260	0.01623	0.04133	0.02075	0.02977	0.09128	0.08691	0.01414	0.00882	0.00271	0.03991	0.30249	0.00525	0.00716

[dist]
# distance from previous block
# <min> <max>
2	17

[block]
# block no. 1 follows, 31 sequences, length 8
# corresponding to MSA columns:
# 119-126
name=unknown_B
#
# <colnr> <probs for GDERKNQSTAVLIFYWHMCP>
#	G	D	E	R	K	N	Q	S	T	A	V	L	I	F	Y	W	H	M	C	P
0	0.02093	0.06177	0.02091	0.11751	0.11631	0.34915	0.01454	0.05968	0.13285	0.02086	0.01421	0.01608	0.01128	0.00726	0.00641	0.00196	0.00969	0.00546	0.00415	0.00899
1	0.01094	0.00817	0.01080	0.00971	0.01056	0.00823	0.06335	0.01271	0.05618	0.01501	0.02131	0.04126	0.02337	0.64581	0.03070	0.00598	0.00697	0.00964	0.00427	0.00502
2	0.00995	0.00663	0.00746	0.00746	0.00746	0.00663	0.00415	0.00995	0.00995	0.01327	0.02156	0.04477	0.02487	0.75957	0.03482	0.00663	0.00663	0.00995	0.00415	0.00415
3	0.02047	0.11506	0.13465	0.01500	0.02046	0.10767	0.01375	0.10589	0.25499	0.11361	0.01940	0.01890	0.01429	0.00789	0.00644	0.00206	0.00758	0.00608	0.00553	0.01028
4	0.04886	0.01676	0.05698	0.04456	0.20089	0.05704	0.08538	0.04603	0.06053	0.08249	0.01465	0.01686	0.01134	0.00660	0.00690	0.00188	0.03230	0.00574	0.00433	0.19990
5	0.01480	0.01465	0.02237	0.34978	0.13811	0.05965	0.08779	0.01983	0.05945	0.02013	0.07300	0.02072	0.01498	0.00780	0.00827	0.00226	0.06741	0.00683	0.00380	0.00838
6	0.10147	0.04154	0.01612	0.01584	0.09088	0.14477	0.01129	0.11641	0.01734	0.02327	0.02117	0.07226	0.06192	0.01662	0.11766	0.00351	0.00918	0.08325	0.00476	0.03075
7	0.04509	0.01538	0.07172	0.06190	0.06046	0.01431	0.11938	0.09505	0.14314	0.09102	0.02015	0.09769	0.01681	0.01105	0.04448	0.00263	0.00785	0.00796	0.00526	0.06869

[dist]
# distance from previous block
# <min> <max>
1	10

[block]
# block no. 2 follows, 31 sequences, length 59
# corresponding to MSA columns:
# 137-195
name=unknown_C
#
# <colnr> <probs for GDERKNQSTAVLIFYWHMCP>
#	G	D	E	R	K	N	Q	S	T	A	V	L	I	F	Y	W	H	M	C	P
0	0.01551	0.01632	0.09730	0.08392	0.02335	0.04435	0.14099	0.14337	0.04094	0.02424	0.05177	0.16921	0.02103	0.05799	0.00917	0.00254	0.00779	0.00951	0.00494	0.03575
1	0.01123	0.00846	0.01132	0.03522	0.03257	0.00873	0.02727	0.03491	0.05484	0.01799	0.02924	0.24437	0.08403	0.18222	0.01668	0.09127	0.03127	0.06730	0.00515	0.00594
2	0.01676	0.11694	0.30532	0.01776	0.05465	0.14608	0.01773	0.02132	0.01485	0.01965	0.01128	0.01378	0.00904	0.00690	0.00775	0.00193	0.09025	0.00478	0.00321	0.12004
3	0.02055	0.07160	0.18764	0.06043	0.02388	0.21129	0.01587	0.21075	0.05208	0.02630	0.04530	0.01661	0.01266	0.00757	0.00649	0.00200	0.00923	0.00562	0.00457	0.00958
4	0.00953	0.00728	0.00882	0.00951	0.01078	0.00706	0.00675	0.01307	0.09016	0.01999	0.11854	0.43485	0.15885	0.03825	0.00907	0.00269	0.00411	0.03794	0.00649	0.00626
5	0.09416	0.01426	0.01643	0.04706	0.01856	0.08166	0.07231	0.13638	0.06525	0.05651	0.04649	0.21999	0.04511	0.01196	0.00793	0.00234	0.03967	0.01014	0.00557	0.00821
6	0.01547	0.09445	0.02085	0.14293	0.08773	0.04880	0.06381	0.06171	0.03929	0.02118	0.01603	0.09302	0.01478	0.02491	0.00746	0.00202	0.02498	0.02055	0.00416	0.19587
7	0.01113	0.00716	0.00965	0.00966	0.01072	0.00756	0.00694	0.01281	0.01181	0.06203	0.02297	0.14434	0.02351	0.22513	0.34907	0.00746	0.01136	0.00981	0.05100	0.00589
8	0.01625	0.31260	0.27632	0.01705	0.02407	0.06557	0.10949	0.02088	0.01470	0.01898	0.01284	0.05803	0.01115	0.00708	0.00601	0.00192	0.00900	0.00575	0.00323	0.00906
9	0.01596	0.03342	0.03623	0.01341	0.01944	0.07065	0.08734	0.04892	0.01564	0.02256	0.01235	0.01455	0.01005	0.00550	0.00560	0.00131	0.00669	0.00465	0.00401	0.57172
10	0.00922	0.00726	0.00899	0.00923	0.01080	0.00676	0.02039	0.01220	0.05928	0.02040	0.16932	0.35101	0.25437	0.01770	0.00828	0.00248	0.00393	0.01562	0.00655	0.00620
11	0.00878	0.00643	0.00799	0.00876	0.00967	0.00594	0.00603	0.01030	0.01422	0.01881	0.14944	0.41616	0.16171	0.11008	0.01174	0.00308	0.00416	0.03485	0.00627	0.00559
12	0.05728	0.01425	0.01547	0.01270	0.01701	0.01533	0.01023	0.27285	0.18611	0.14339	0.02463	0.02374	0.06014	0.00898	0.00658	0.00209	0.00585	0.00709	0.10607	0.01022
13	0.01656	0.01758	0.03649	0.06174	0.06302	0.10726	0.09349	0.04934	0.01382	0.01881	0.01115	0.01616	0.00987	0.01223	0.06105	0.00311	0.39075	0.00612	0.00335	0.00810
14	0.01870	0.01056	0.01148	0.00969	0.01282	0.01091	0.00771	0.20381	0.01990	0.12022	0.02131	0.02273	0.01584	0.00810	0.00562	0.00179	0.00472	0.00638	0.47920	0.00850
15	0.00882	0.00662	0.00821	0.00929	0.01045	0.00609	0.00683	0.01050	0.01422	0.01819	0.04603	0.40704	0.23629	0.04288	0.00950	0.00283	0.00434	0.13989	0.00627	0.00572
16	0.03012	0.01257	0.01645	0.01261	0.01793	0.01144	0.01042	0.11504	0.02114	0.63773	0.02568	0.02244	0.01628	0.00844	0.00688	0.00211	0.00603	0.00679	0.00827	0.01164
17	0.01490	0.01444	0.02330	0.44631	0.30661	0.03959	0.01958	0.01918	0.01461	0.01935	0.01238	0.01753	0.00978	0.00656	0.00679	0.00217	0.00884	0.00603	0.00319	0.00887
18	0.01180	0.00606	0.00888	0.00888	0.00906	0.00614	0.00603	0.00958	0.00940	0.01302	0.01297	0.02149	0.01258	0.02451	0.07044	0.69884	0.00656	0.00606	0.05431	0.00339
19	0.00891	0.00633	0.00845	0.00993	0.01051	0.00603	0.00702	0.01036	0.01336	0.01772	0.03642	0.59153	0.04292	0.06818	0.01053	0.00309	0.00455	0.13238	0.00620	0.00560
20	0.01099	0.00805	0.01107	0.01109	0.01161	0.00904	0.00815	0.01154	0.01190	0.03269	0.02725	0.35108	0.07154	0.02123	0.05858	0.16607	0.15501	0.01264	0.00487	0.00561
21	0.00951	0.00690	0.00882	0.00849	0.00996	0.00636	0.00622	0.01230	0.01811	0.02530	0.58298	0.09871	0.10227	0.06208	0.00981	0.00249	0.00351	0.01282	0.00716	0.00620
22	0.02064	0.39098	0.09275	0.01521	0.02058	0.30045	0.03272	0.02330	0.01615	0.01702	0.01030	0.01203	0.00883	0.00638	0.00538	0.00167	0.00965	0.00420	0.00317	0.00858
23	0.01011	0.00782	0.01164	0.01144	0.01259	0.00935	0.00897	0.01249	0.01096	0.01592	0.01772	0.02611	0.01658	0.04877	0.68662	0.01048	0.06537	0.00724	0.00362	0.00620
24	0.01739	0.01667	0.02871	0.03898	0.60089	0.01667	0.09361	0.06155	0.01664	0.02355	0.01319	0.01707	0.01084	0.00619	0.00692	0.00206	0.00846	0.00631	0.00360	0.01071
25	0.00829	0.00612	0.00776	0.00908	0.00981	0.00559	0.00615	0.00958	0.01353	0.01764	0.04315	0.63632	0.16051	0.02073	0.00862	0.00270	0.00388	0.01859	0.00635	0.00559
26	0.02444	0.03037	0.01966	0.01893	0.06514	0.63880	0.01355	0.02752	0.06495	0.01789	0.01188	0.01351	0.00975	0.00714	0.00626	0.00182	0.01161	0.00474	0.00375	0.00831
27	0.01928	0.21009	0.02202	0.01359	0.01742	0.01877	0.01166	0.20186	0.01829	0.09517	0.01504	0.01780	0.01225	0.01771	0.16916	0.00402	0.11628	0.00581	0.00472	0.00907
28	0.00981	0.00719	0.01029	0.01029	0.01127	0.00817	0.00768	0.01177	0.01079	0.01536	0.01897	0.03043	0.01865	0.19196	0.59391	0.01013	0.01600	0.00785	0.00376	0.00572
29	0.01419	0.01216	0.01419	0.01013	0.01621	0.00912	0.00811	0.01723	0.01419	0.02229	0.01216	0.01419	0.01013	0.00507	0.00507	0.00101	0.00507	0.00405	0.00405	0.80139
30	0.01081	0.00808	0.01160	0.01130	0.01279	0.00936	0.00883	0.05555	0.01234	0.01761	0.01820	0.02621	0.01676	0.04857	0.68634	0.01043	0.01764	0.00726	0.00387	0.00646
31	0.01190	0.01059	0.05475	0.01170	0.01336	0.01082	0.00945	0.06718	0.01257	0.01779	0.01766	0.02867	0.01732	0.22449	0.37524	0.00778	0.09074	0.00764	0.00393	0.00643
32	0.01862	0.73061	0.03511	0.01197	0.01772	0.05896	0.01177	0.02079	0.01415	0.01613	0.00956	0.01104	0.00878	0.00591	0.00447	0.00148	0.00754	0.00369	0.00295	0.00874
33	0.00844	0.00600	0.00791	0.00939	0.00976	0.00563	0.00621	0.00955	0.01290	0.01719	0.03666	0.70924	0.04393	0.06909	0.01042	0.00303	0.00414	0.01884	0.00621	0.00547
34	0.02556	0.03261	0.01939	0.01763	0.02115	0.73210	0.01322	0.02732	0.01939	0.01674	0.01058	0.01234	0.00881	0.00705	0.00617	0.00176	0.01234	0.00441	0.00353	0.00793
35	0.00850	0.00688	0.00754	0.00751	0.00953	0.00593	0.00558	0.01056	0.01637	0.02063	0.22625	0.10627	0.51101	0.01676	0.00812	0.00230	0.00344	0.01425	0.00664	0.00593
36	0.00899	0.00680	0.00824	0.00840	0.00994	0.00614	0.00617	0.01124	0.01648	0.02189	0.32601	0.19419	0.26131	0.04242	0.00919	0.00252	0.00370	0.04364	0.00676	0.00598
37	0.01899	0.02132	0.01791	0.01568	0.01899	0.34864	0.08248	0.04460	0.08277	0.02006	0.02281	0.10307	0.09170	0.01003	0.00721	0.00207	0.02422	0.00807	0.05154	0.00786
38	0.00901	0.00686	0.00828	0.00814	0.00986	0.00613	0.00602	0.01152	0.01745	0.02339	0.42689	0.12953	0.28028	0.01588	0.00814	0.00227	0.00338	0.01380	0.00701	0.00613
39	0.01014	0.00745	0.01029	0.01016	0.01098	0.00849	0.00746	0.01185	0.01076	0.01540	0.01895	0.03152	0.01901	0.25484	0.47746	0.00911	0.04747	0.00801	0.02505	0.00561
40	0.01714	0.01431	0.01528	0.01381	0.01762	0.01641	0.01082	0.03528	0.65433	0.04801	0.02819	0.02776	0.02159	0.00969	0.00707	0.00235	0.00547	0.03724	0.00697	0.01065
41	0.01918	0.59756	0.07760	0.01317	0.01892	0.14121	0.01283	0.02168	0.01483	0.01656	0.00986	0.01142	0.00878	0.00609	0.00482	0.00156	0.00831	0.00387	0.00302	0.00873
42	0.00876	0.00614	0.00816	0.00933	0.00986	0.00585	0.00631	0.00979	0.01288	0.01719	0.05813	0.57708	0.07089	0.05634	0.05453	0.05545	0.00503	0.01695	0.00591	0.00540
43	0.01658	0.06784	0.11220	0.08677	0.04269	0.09021	0.07780	0.06252	0.01550	0.02118	0.01181	0.01494	0.00959	0.00701	0.00855	0.00190	0.11948	0.00524	0.00362	0.22457
44	0.01749	0.01787	0.05842	0.05995	0.07813	0.01633	0.52523	0.02284	0.01630	0.09487	0.01503	0.01872	0.01098	0.00614	0.00776	0.00226	0.01056	0.00763	0.00394	0.00954
45	0.13779	0.03595	0.01697	0.01294	0.01792	0.01590	0.01068	0.28873	0.06414	0.26471	0.01972	0.01876	0.01354	0.00802	0.00633	0.00206	0.00631	0.00608	0.04278	0.01067
46	0.00990	0.00820	0.01105	0.01051	0.01211	0.00810	0.05132	0.01252	0.04566	0.01930	0.12180	0.28652	0.22735	0.08239	0.01154	0.00288	0.05251	0.01422	0.00592	0.00620
47	0.01499	0.01810	0.15189	0.28264	0.04876	0.01624	0.11909	0.08101	0.05704	0.02184	0.01399	0.01819	0.01072	0.01017	0.05648	0.00287	0.05707	0.00638	0.00370	0.00883
48	0.01135	0.00975	0.00963	0.00970	0.01140	0.07358	0.00716	0.04265	0.01555	0.01920	0.08553	0.17180	0.25333	0.14507	0.01277	0.00318	0.00546	0.10106	0.00580	0.00603
49	0.05510	0.01011	0.01198	0.01017	0.01378	0.00956	0.00822	0.08557	0.01839	0.28889	0.05581	0.03504	0.15000	0.01080	0.00679	0.00212	0.00495	0.05256	0.16138	0.00880
50	0.06716	0.01817	0.12700	0.15281	0.30241	0.01641	0.08213	0.02121	0.05860	0.02194	0.01324	0.01698	0.01048	0.00685	0.00771	0.00221	0.05551	0.00607	0.00352	0.00959
51	0.01943	0.01699	0.01843	0.03907	0.02009	0.12360	0.05753	0.22986	0.09006	0.04963	0.04277	0.07202	0.01876	0.01277	0.05177	0.00281	0.05222	0.06753	0.00558	0.00908
52	0.00901	0.00690	0.00837	0.00921	0.01059	0.00639	0.00680	0.01137	0.03723	0.01918	0.08742	0.36729	0.26245	0.01889	0.00853	0.00263	0.00415	0.11118	0.00643	0.00596
53	0.01002	0.00724	0.00975	0.01080	0.01219	0.00698	0.00878	0.01269	0.01593	0.02113	0.17510	0.20983	0.08879	0.01833	0.00894	0.00282	0.00502	0.36296	0.00656	0.00615
54	0.05235	0.14786	0.10054	0.01800	0.06601	0.15218	0.07755	0.10886	0.14266	0.04649	0.01536	0.01639	0.01180	0.00717	0.00629	0.00199	0.00856	0.00567	0.00456	0.00970
55	0.01108	0.00921	0.01152	0.01122	0.01229	0.05249	0.00847	0.01300	0.01128	0.01551	0.01783	0.02837	0.01744	0.16975	0.52194	0.00917	0.06224	0.00753	0.00370	0.00596
56	0.00957	0.00665	0.00834	0.00863	0.00905	0.00677	0.00558	0.01048	0.01140	0.01554	0.06890	0.18692	0.03012	0.42599	0.16037	0.00639	0.00809	0.01155	0.00472	0.00496
57	0.01572	0.05272	0.18014	0.11987	0.26770	0.01641	0.06995	0.03916	0.01499	0.03860	0.01311	0.01705	0.01046	0.00963	0.05388	0.00273	0.05889	0.00600	0.00343	0.00957
58	0.01835	0.04228	0.09068	0.16754	0.11901	0.04046	0.11901	0.15357	0.06232	0.06375	0.01545	0.03194	0.01184	0.00744	0.00730	0.00217	0.02606	0.00658	0.00450	0.00973

[dist]
# distance from previous block
# <min> <max>
0	1

[block]
# block no. 3 follows, 31 sequences, length 21
# corresponding to MSA columns:
# 197-217
name=unknown_D
#
# <colnr> <probs for GDERKNQSTAVLIFYWHMCP>
#	G	D	E	R	K	N	Q	S	T	A	V	L	I	F	Y	W	H	M	C	P
0	0.00987	0.00724	0.00900	0.00919	0.01049	0.00693	0.00655	0.03692	0.03753	0.02252	0.30575	0.32818	0.10182	0.06366	0.00993	0.00269	0.00398	0.01481	0.00672	0.00623
1	0.02119	0.08478	0.02182	0.01544	0.02088	0.10817	0.07337	0.29915	0.06150	0.02995	0.01452	0.01562	0.01110	0.00699	0.00626	0.00177	0.00780	0.00550	0.00515	0.18903
2	0.01753	0.15655	0.09014	0.06162	0.05717	0.03202	0.04555	0.08682	0.05981	0.08593	0.01700	0.08220	0.01460	0.02680	0.00698	0.00200	0.00715	0.00672	0.00465	0.13876
3	0.09908	0.20322	0.15638	0.01678	0.02285	0.16378	0.11680	0.02386	0.03406	0.08404	0.01297	0.01455	0.00993	0.00658	0.00598	0.00193	0.00910	0.00514	0.00386	0.00910
4	0.01320	0.05742	0.01568	0.01323	0.01575	0.01131	0.07055	0.10849	0.01742	0.02316	0.09345	0.24104	0.04882	0.01544	0.00863	0.00260	0.02547	0.20510	0.00595	0.00729
5	0.08488	0.00853	0.00985	0.00928	0.01072	0.00902	0.00642	0.01574	0.07257	0.08011	0.02088	0.03460	0.02071	0.41949	0.16312	0.00629	0.00861	0.00840	0.00470	0.00609
6	0.11467	0.13672	0.17294	0.03335	0.02510	0.03970	0.21978	0.02133	0.05968	0.02184	0.01521	0.08172	0.01313	0.00770	0.00659	0.00215	0.00870	0.00705	0.00384	0.00882
7	0.01328	0.01239	0.02079	0.54251	0.17271	0.01454	0.01825	0.01744	0.01399	0.01842	0.01458	0.08393	0.01268	0.00800	0.00700	0.00228	0.00847	0.00728	0.00340	0.00804
8	0.00927	0.00789	0.01063	0.00960	0.01195	0.00697	0.06712	0.01173	0.01645	0.02116	0.23900	0.12192	0.40950	0.01575	0.00814	0.00231	0.00417	0.01377	0.00642	0.00625
9	0.02012	0.02282	0.02210	0.07528	0.23655	0.32768	0.01616	0.02350	0.04618	0.01899	0.01191	0.01511	0.01000	0.00755	0.00880	0.00208	0.11734	0.00542	0.00352	0.00886
10	0.01054	0.00682	0.00856	0.00863	0.00988	0.00716	0.00639	0.01286	0.01278	0.01948	0.05493	0.07798	0.07200	0.10903	0.29285	0.00597	0.00955	0.00880	0.25988	0.00594
11	0.01178	0.00972	0.01021	0.00997	0.01112	0.07210	0.00710	0.01398	0.04178	0.01679	0.02398	0.07594	0.07107	0.27323	0.21953	0.00612	0.03538	0.00905	0.07533	0.00583
12	0.00905	0.00652	0.00870	0.01009	0.01093	0.00618	0.00743	0.01084	0.01419	0.01877	0.07489	0.52040	0.07716	0.02023	0.00884	0.00281	0.00447	0.17631	0.00640	0.00579
13	0.01130	0.00729	0.00936	0.00917	0.01092	0.00668	0.00690	0.01378	0.01709	0.08641	0.36410	0.16998	0.13426	0.05165	0.00949	0.00258	0.00405	0.07141	0.00700	0.00657
14	0.01436	0.01272	0.01650	0.01179	0.01794	0.00984	0.06857	0.01764	0.01436	0.02226	0.01231	0.01456	0.01016	0.00513	0.00533	0.00113	0.00564	0.00441	0.00400	0.73136
15	0.00852	0.00607	0.00803	0.00936	0.00985	0.00568	0.00627	0.00985	0.01353	0.01818	0.09750	0.66285	0.04614	0.05116	0.00975	0.00288	0.00401	0.01842	0.00637	0.00558
16	0.01138	0.00964	0.01384	0.01292	0.01369	0.01225	0.01025	0.01338	0.01077	0.01590	0.01565	0.02433	0.01509	0.08368	0.47003	0.00826	0.24196	0.00708	0.00349	0.00641
17	0.06195	0.21853	0.10293	0.03625	0.11990	0.14810	0.03592	0.13225	0.01800	0.02314	0.01179	0.01388	0.00952	0.00682	0.00647	0.00190	0.03443	0.00498	0.00383	0.00940
18	0.01699	0.12949	0.01806	0.03312	0.05355	0.07838	0.01079	0.08054	0.11058	0.04898	0.01942	0.10413	0.01719	0.01090	0.02991	0.00234	0.07262	0.00745	0.14715	0.00842
19	0.07664	0.14245	0.03577	0.04609	0.07632	0.08753	0.02487	0.06621	0.04093	0.02160	0.01781	0.02081	0.07316	0.05488	0.00848	0.00212	0.04283	0.00602	0.00415	0.15134
20	0.05564	0.01375	0.01938	0.04989	0.11172	0.05474	0.10100	0.02152	0.05868	0.14732	0.05416	0.06350	0.08086	0.01235	0.05413	0.00282	0.07642	0.00820	0.00516	0.00875

[dist]
# distance from previous block
# <min> <max>
1	13

[block]
# block no. 4 follows, 31 sequences, length 13
# corresponding to MSA columns:
# 231-243
name=unknown_E
#
# <colnr> <probs for GDERKNQSTAVLIFYWHMCP>
#	G	D	E	R	K	N	Q	S	T	A	V	L	I	F	Y	W	H	M	C	P
0	0.01342	0.01347	0.04858	0.11886	0.13780	0.05425	0.05677	0.01854	0.08971	0.02132	0.10302	0.15571	0.07158	0.01174	0.00759	0.00234	0.00683	0.05534	0.00509	0.00804
1	0.05468	0.14226	0.14170	0.07939	0.11849	0.03668	0.04003	0.11342	0.03375	0.07208	0.01494	0.04776	0.01210	0.00821	0.01998	0.00216	0.00809	0.00604	0.00432	0.04390
2	0.13759	0.08003	0.06153	0.05702	0.05943	0.12394	0.01156	0.02176	0.07503	0.07148	0.12765	0.02328	0.04968	0.00843	0.00624	0.00197	0.00687	0.00661	0.00494	0.06498
3	0.01195	0.01026	0.01146	0.01141	0.05775	0.03169	0.00802	0.06243	0.04707	0.02182	0.09020	0.08248	0.34657	0.01558	0.05014	0.00261	0.00553	0.01098	0.00574	0.11633
4	0.01584	0.19499	0.02079	0.05509	0.01885	0.04682	0.01071	0.01951	0.05448	0.02004	0.01204	0.01432	0.01020	0.00641	0.00696	0.00151	0.08280	0.00451	0.00376	0.40036
5	0.38702	0.07512	0.01504	0.01187	0.05302	0.01478	0.00910	0.04045	0.05909	0.02676	0.01191	0.01345	0.00954	0.00616	0.00489	0.00174	0.00562	0.00427	0.00428	0.24589
6	0.07192	0.05742	0.10590	0.10156	0.20710	0.09655	0.01648	0.07512	0.01564	0.02173	0.01243	0.01710	0.01057	0.05677	0.01023	0.00245	0.10275	0.00574	0.00362	0.00893
7	0.00938	0.00751	0.00933	0.01013	0.05621	0.00675	0.00686	0.01188	0.01708	0.02257	0.34410	0.10068	0.34177	0.01540	0.00803	0.00225	0.00370	0.01331	0.00667	0.00639
8	0.01560	0.01603	0.06397	0.14855	0.12104	0.03056	0.14507	0.09106	0.08211	0.02355	0.05816	0.02484	0.08798	0.00868	0.00815	0.00225	0.05116	0.00775	0.00453	0.00897
9	0.00901	0.00669	0.00815	0.00831	0.00961	0.00610	0.00588	0.01104	0.01592	0.02135	0.32243	0.22417	0.20664	0.10008	0.01123	0.00284	0.00384	0.01429	0.00659	0.00582
10	0.04713	0.00783	0.00939	0.00962	0.01137	0.00758	0.00734	0.05191	0.01669	0.02286	0.21692	0.25291	0.17414	0.01682	0.00823	0.00251	0.00432	0.11945	0.00658	0.00639
11	0.01899	0.27072	0.09276	0.02000	0.09473	0.12490	0.13425	0.08333	0.04197	0.02127	0.01230	0.01454	0.00997	0.00658	0.00648	0.00190	0.02692	0.00535	0.00365	0.00937
12	0.06144	0.25076	0.14053	0.11019	0.02468	0.11171	0.04511	0.06842	0.01610	0.06165	0.01212	0.01428	0.00949	0.00685	0.00653	0.00194	0.04055	0.00496	0.00371	0.00899

[dist]
# distance from previous block
# <min> <max>
4	20

[block]
# block no. 5 follows, 31 sequences, length 31
# corresponding to MSA columns:
# 269-299
name=unknown_F
#
# <colnr> <probs for GDERKNQSTAVLIFYWHMCP>
#	G	D	E	R	K	N	Q	S	T	A	V	L	I	F	Y	W	H	M	C	P
0	0.01964	0.03545	0.07244	0.06022	0.03747	0.04111	0.11658	0.25564	0.04830	0.05404	0.01496	0.01704	0.01130	0.00887	0.03164	0.00234	0.05962	0.00612	0.00493	0.10230
1	0.04171	0.01784	0.12867	0.03631	0.11508	0.07070	0.05738	0.08274	0.01661	0.02293	0.01896	0.05874	0.03919	0.00971	0.00759	0.02891	0.00771	0.09861	0.00440	0.13622
2	0.07337	0.08278	0.05342	0.04281	0.11449	0.13638	0.07931	0.09621	0.05072	0.02360	0.01410	0.04758	0.01185	0.00716	0.00623	0.00187	0.00814	0.00592	0.00420	0.13986
3	0.06611	0.00833	0.00891	0.00903	0.01010	0.03981	0.00628	0.01254	0.01234	0.01778	0.05232	0.13910	0.05629	0.29772	0.13567	0.00533	0.00774	0.03690	0.07221	0.00550
4	0.01194	0.00963	0.01402	0.08711	0.03986	0.01013	0.05628	0.06432	0.01509	0.02029	0.11677	0.12124	0.11903	0.08354	0.11270	0.06145	0.03471	0.01028	0.00498	0.00664
5	0.00944	0.00881	0.03964	0.00891	0.01139	0.00735	0.00724	0.01305	0.07257	0.01999	0.09070	0.13158	0.46430	0.01657	0.00811	0.00242	0.00420	0.07100	0.00631	0.00644
6	0.01585	0.09917	0.50376	0.01953	0.02810	0.10596	0.09141	0.02229	0.01518	0.02058	0.01198	0.01428	0.00887	0.00643	0.00643	0.00207	0.01028	0.00516	0.00303	0.00963
7	0.06625	0.67518	0.07460	0.01200	0.01800	0.02570	0.01224	0.02053	0.01379	0.01731	0.00967	0.01119	0.00869	0.00592	0.00450	0.00154	0.00736	0.00374	0.00300	0.00877
8	0.01424	0.01236	0.01466	0.01068	0.01633	0.00994	0.00858	0.01717	0.01393	0.02189	0.01194	0.01424	0.01005	0.00555	0.00628	0.00115	0.05670	0.00419	0.00398	0.74614
9	0.01252	0.00804	0.01013	0.00930	0.01158	0.00748	0.00717	0.01643	0.05891	0.11048	0.48084	0.04914	0.13777	0.01366	0.00792	0.00222	0.00382	0.03796	0.00741	0.00725
10	0.01172	0.00988	0.01582	0.01383	0.01572	0.01114	0.09974	0.03860	0.01230	0.01747	0.01712	0.02609	0.01605	0.11225	0.47244	0.00832	0.08361	0.00753	0.00374	0.00665
11	0.00893	0.00688	0.00784	0.00770	0.00937	0.00613	0.00554	0.01094	0.01607	0.02094	0.29341	0.08063	0.36051	0.12104	0.01188	0.00288	0.00384	0.01323	0.00647	0.00578
12	0.00936	0.00724	0.00867	0.00942	0.01078	0.00694	0.00676	0.01275	0.08470	0.01953	0.07946	0.43547	0.21296	0.01864	0.00839	0.00260	0.00407	0.04954	0.00647	0.00623
13	0.01012	0.00719	0.00981	0.01126	0.01235	0.00707	0.00906	0.01243	0.01449	0.01899	0.03553	0.28155	0.04004	0.07736	0.01121	0.00331	0.00561	0.42056	0.00615	0.00591
14	0.01142	0.00713	0.00928	0.00984	0.01114	0.00666	0.00723	0.01318	0.01456	0.09103	0.09382	0.36245	0.08662	0.11036	0.01181	0.00317	0.00481	0.13289	0.00639	0.00623
15	0.02451	0.13751	0.02175	0.01678	0.02063	0.63094	0.01300	0.02634	0.01860	0.01665	0.01042	0.01214	0.00881	0.00688	0.00591	0.00172	0.01162	0.00430	0.00344	0.00805
16	0.06652	0.71784	0.03427	0.01154	0.01729	0.02635	0.01144	0.02046	0.01376	0.01699	0.00951	0.01098	0.00870	0.00588	0.00438	0.00150	0.00719	0.00366	0.00301	0.00870
17	0.00898	0.00697	0.00816	0.00786	0.00979	0.00615	0.00590	0.01154	0.01770	0.02347	0.42803	0.05763	0.35227	0.01547	0.00808	0.00222	0.00333	0.01329	0.00701	0.00615
18	0.00889	0.00659	0.00814	0.00898	0.01007	0.00608	0.00644	0.01054	0.01435	0.01866	0.10966	0.36700	0.20868	0.08946	0.01107	0.00301	0.00431	0.09616	0.00625	0.00565
19	0.07974	0.01488	0.02358	0.26278	0.40290	0.01615	0.01878	0.06091	0.01567	0.02273	0.01259	0.01685	0.01006	0.00648	0.00659	0.00212	0.00818	0.00590	0.00355	0.00957
20	0.01576	0.01669	0.01501	0.01477	0.04383	0.25171	0.01081	0.01780	0.01387	0.01630	0.01501	0.02192	0.01398	0.08057	0.35652	0.00662	0.07199	0.00638	0.00359	0.00688
21	0.01158	0.00885	0.01046	0.01081	0.01241	0.00916	0.00775	0.07741	0.14492	0.02196	0.03531	0.51938	0.06748	0.01775	0.00820	0.00260	0.00454	0.01580	0.00651	0.00712
22	0.04960	0.01618	0.01789	0.01376	0.01917	0.01673	0.01127	0.39481	0.07615	0.13333	0.01769	0.01745	0.01263	0.00764	0.00642	0.00188	0.00657	0.00588	0.00644	0.16854
23	0.01534	0.01460	0.02024	0.01675	0.01846	0.06626	0.11735	0.01794	0.01294	0.01957	0.01316	0.01794	0.01131	0.00968	0.01470	0.00245	0.39720	0.00630	0.20030	0.00751
24	0.01797	0.71300	0.08375	0.01225	0.01840	0.02629	0.01265	0.02057	0.01394	0.01648	0.00970	0.01122	0.00877	0.00590	0.00454	0.00151	0.00751	0.00376	0.00292	0.00887
25	0.00902	0.00659	0.00875	0.00996	0.01069	0.00649	0.00697	0.01129	0.04351	0.01828	0.05991	0.59487	0.04175	0.02361	0.08331	0.00360	0.00558	0.04377	0.00614	0.00591
26	0.00915	0.00691	0.00845	0.00819	0.00993	0.00621	0.00609	0.01184	0.01794	0.02433	0.49217	0.09650	0.24653	0.01536	0.00811	0.00223	0.00334	0.01337	0.00713	0.00621
27	0.01406	0.01398	0.03941	0.44658	0.17308	0.01526	0.08716	0.01930	0.04488	0.01999	0.04960	0.01995	0.01297	0.00706	0.00701	0.00223	0.00873	0.00666	0.00355	0.00854
28	0.01053	0.00815	0.01222	0.10512	0.03564	0.00922	0.01001	0.01300	0.01204	0.01658	0.02135	0.03360	0.04556	0.08352	0.44256	0.03466	0.01379	0.08227	0.00398	0.00621
29	0.07901	0.13452	0.02043	0.05221	0.01998	0.20782	0.01207	0.22837	0.02077	0.02641	0.03167	0.05267	0.01314	0.00829	0.00678	0.00196	0.03775	0.00596	0.03129	0.00892
30	0.05903	0.14095	0.06511	0.01887	0.15496	0.05075	0.02989	0.14924	0.01764	0.02455	0.01340	0.01709	0.01133	0.06047	0.03446	0.00244	0.00793	0.00548	0.00416	0.13224

[dist]
# distance from previous block
# <min> <max>
0	2

[block]
# block no. 6 follows, 31 sequences, length 14
# corresponding to MSA columns:
# 321-334
name=unknown_G
#
# <colnr> <probs for GDERKNQSTAVLIFYWHMCP>
#	G	D	E	R	K	N	Q	S	T	A	V	L	I	F	Y	W	H	M	C	P
0	0.15545	0.11274	0.05362	0.04902	0.14640	0.12535	0.10553	0.04033	0.01535	0.03865	0.01269	0.04155	0.01076	0.00732	0.00722	0.00208	0.05752	0.00584	0.00377	0.00880
1	0.08766	0.05524	0.15045	0.03930	0.18933	0.03490	0.03687	0.10024	0.08371	0.06643	0.03735	0.02051	0.05306	0.00776	0.00655	0.00210	0.00758	0.00645	0.00467	0.00982
2	0.01161	0.00594	0.00884	0.00896	0.00899	0.00591	0.00597	0.00896	0.00924	0.01232	0.01389	0.07786	0.01448	0.02359	0.02534	0.73893	0.00579	0.00699	0.00323	0.00317
3	0.01494	0.02625	0.38709	0.02289	0.07898	0.01625	0.20469	0.04380	0.03686	0.02235	0.01433	0.04743	0.01133	0.00724	0.00763	0.00225	0.03577	0.00671	0.00349	0.00971
4	0.01615	0.01845	0.04037	0.02884	0.03576	0.01730	0.69204	0.02191	0.01615	0.02191	0.01384	0.01845	0.01038	0.00577	0.00807	0.00231	0.01153	0.00807	0.00346	0.00923
5	0.12479	0.00904	0.01084	0.10407	0.01615	0.00949	0.00876	0.01868	0.01480	0.12263	0.02260	0.05539	0.01933	0.00984	0.00614	0.00211	0.00513	0.11059	0.32222	0.00738
6	0.01045	0.00808	0.01194	0.01134	0.01246	0.00902	0.04049	0.01239	0.01121	0.01576	0.01954	0.03354	0.01973	0.23408	0.43620	0.00858	0.04949	0.04597	0.00390	0.00581
7	0.00932	0.00717	0.00847	0.00861	0.01028	0.00662	0.00640	0.01212	0.04267	0.02131	0.25490	0.16230	0.28802	0.06323	0.00992	0.00267	0.00398	0.06932	0.00660	0.00609
8	0.03944	0.43039	0.21706	0.01402	0.02047	0.07815	0.01506	0.02092	0.01451	0.01859	0.01185	0.01509	0.01021	0.00671	0.00530	0.00176	0.00821	0.02945	0.03395	0.00884
9	0.00992	0.00954	0.05903	0.01162	0.06602	0.00781	0.00842	0.01239	0.01491	0.01988	0.18093	0.11496	0.25622	0.10498	0.08945	0.00373	0.00626	0.01191	0.00558	0.00644
10	0.01812	0.22966	0.13887	0.01638	0.05307	0.18810	0.01454	0.02117	0.01490	0.04234	0.01278	0.04163	0.01128	0.01181	0.07523	0.00280	0.08989	0.00546	0.00348	0.00849
11	0.08039	0.01804	0.10577	0.01533	0.06590	0.08257	0.01258	0.07913	0.12598	0.11597	0.05450	0.01913	0.01530	0.00745	0.00624	0.00188	0.00688	0.00589	0.00527	0.17579
12	0.01700	0.19260	0.05483	0.08639	0.02355	0.14665	0.13176	0.05358	0.01626	0.01962	0.04144	0.08852	0.05055	0.00889	0.00728	0.00206	0.03937	0.00743	0.00400	0.00820
13	0.40966	0.03978	0.01594	0.01595	0.13158	0.01520	0.03299	0.08444	0.01508	0.05462	0.01671	0.01845	0.06437	0.00996	0.04712	0.00260	0.00688	0.00565	0.00457	0.00846

[dist]
# distance from previous block
# <min> <max>
0	5

[block]
# block no. 7 follows, 31 sequences, length 21
# corresponding to MSA columns:
# 340-360
name=unknown_H
#
# <colnr> <probs for GDERKNQSTAVLIFYWHMCP>
#	G	D	E	R	K	N	Q	S	T	A	V	L	I	F	Y	W	H	M	C	P
0	0.01435	0.01447	0.06989	0.20094	0.23109	0.01404	0.03177	0.05297	0.06716	0.02209	0.05842	0.05565	0.04991	0.01117	0.04488	0.00270	0.00814	0.03716	0.00435	0.00884
1	0.01501	0.01302	0.04829	0.28015	0.02920	0.01323	0.10010	0.07084	0.04188	0.07353	0.07991	0.02588	0.05710	0.04559	0.03027	0.04769	0.00808	0.00766	0.00459	0.00798
2	0.01177	0.03140	0.04292	0.00935	0.01061	0.00913	0.00666	0.04713	0.06330	0.01655	0.02088	0.06881	0.02238	0.49912	0.04853	0.06544	0.00695	0.00922	0.00439	0.00547
3	0.01605	0.24535	0.14683	0.01366	0.01823	0.05791	0.04052	0.08120	0.01484	0.01913	0.01418	0.02201	0.01354	0.21439	0.01458	0.00320	0.04656	0.00622	0.00368	0.00791
4	0.09471	0.10480	0.08867	0.10577	0.11305	0.03798	0.07639	0.12201	0.08717	0.04866	0.01559	0.01930	0.01237	0.00750	0.00648	0.00212	0.00797	0.03543	0.00451	0.00952
5	0.01906	0.24699	0.19605	0.01681	0.05089	0.11399	0.03617	0.08511	0.10142	0.05073	0.01418	0.01525	0.01096	0.00692	0.00599	0.00191	0.00854	0.00519	0.00411	0.00972
6	0.01029	0.00795	0.00982	0.01006	0.01218	0.00732	0.00801	0.01344	0.04411	0.02083	0.12085	0.17634	0.20107	0.01656	0.00829	0.00252	0.00471	0.23184	0.00626	0.08757
7	0.01795	0.70935	0.08719	0.01229	0.01846	0.02624	0.01272	0.02057	0.01394	0.01651	0.00972	0.01123	0.00877	0.00590	0.00455	0.00152	0.00752	0.00376	0.00292	0.00888
8	0.01133	0.08870	0.01406	0.01105	0.01275	0.01121	0.00872	0.01335	0.01128	0.01591	0.01682	0.02618	0.01635	0.14216	0.46406	0.00824	0.06961	0.00704	0.00362	0.04757
9	0.01291	0.00890	0.05023	0.01026	0.01142	0.00795	0.00778	0.07706	0.01206	0.01624	0.01574	0.11645	0.01606	0.02096	0.02128	0.57259	0.00607	0.00769	0.00379	0.00456
10	0.01275	0.00638	0.00638	0.00638	0.00797	0.00638	0.00478	0.01594	0.01435	0.02551	0.02232	0.02551	0.01754	0.00797	0.00478	0.00159	0.00319	0.00638	0.79755	0.00638
11	0.01869	0.06448	0.11736	0.07768	0.12440	0.14939	0.11271	0.07524	0.01666	0.04699	0.01248	0.01563	0.00987	0.00746	0.00905	0.00218	0.12102	0.00581	0.00371	0.00920
12	0.01483	0.02963	0.01535	0.05247	0.07356	0.07177	0.04199	0.05937	0.03470	0.07406	0.10743	0.12845	0.11152	0.04588	0.05545	0.00303	0.00718	0.06008	0.00556	0.00768
13	0.02206	0.01341	0.01546	0.01298	0.01726	0.01422	0.01036	0.10955	0.33104	0.25911	0.02554	0.02378	0.01815	0.01036	0.03354	0.00250	0.00613	0.00717	0.05663	0.01074
14	0.01231	0.00828	0.01020	0.01008	0.01178	0.00824	0.00741	0.01515	0.06622	0.10696	0.04069	0.34807	0.20426	0.05003	0.01039	0.00273	0.05974	0.01430	0.00632	0.00686
15	0.01675	0.19130	0.15386	0.10579	0.18919	0.03970	0.06675	0.06315	0.04188	0.02150	0.01358	0.01780	0.01118	0.00694	0.00637	0.00202	0.00858	0.03051	0.00362	0.00954
16	0.01283	0.01184	0.01635	0.04996	0.04146	0.05673	0.11640	0.03272	0.08675	0.02029	0.04770	0.22914	0.09994	0.05745	0.04328	0.00308	0.00721	0.05425	0.00531	0.00729
17	0.01314	0.00903	0.01126	0.01091	0.01274	0.00941	0.00830	0.06587	0.06017	0.08126	0.08435	0.30541	0.09821	0.01747	0.04286	0.00291	0.06105	0.05234	0.04609	0.00721
18	0.03264	0.01154	0.04436	0.01295	0.05249	0.05001	0.04326	0.01661	0.06540	0.06439	0.07754	0.16924	0.06171	0.22719	0.03731	0.00381	0.00671	0.01070	0.00523	0.00690
19	0.08487	0.08456	0.10313	0.01530	0.05830	0.06745	0.05446	0.07657	0.01619	0.05571	0.01616	0.11235	0.01464	0.00825	0.00619	0.00185	0.00711	0.00684	0.00446	0.20560
20	0.05464	0.18376	0.09381	0.03896	0.06538	0.13441	0.10838	0.05565	0.01610	0.03635	0.01653	0.07203	0.04568	0.00833	0.00710	0.00204	0.04150	0.00676	0.00394	0.00864

[dist]
# distance from previous block
# <min> <max>
2	18

[block]
# block no. 8 follows, 31 sequences, length 40
# corresponding to MSA columns:
# 379-418
name=unknown_I
#
# <colnr> <probs for GDERKNQSTAVLIFYWHMCP>
#	G	D	E	R	K	N	Q	S	T	A	V	L	I	F	Y	W	H	M	C	P
0	0.04012	0.01612	0.03612	0.06420	0.14330	0.10383	0.02782	0.10489	0.04558	0.06622	0.04700	0.02174	0.04796	0.01376	0.10338	0.00319	0.02911	0.00661	0.00468	0.07436
1	0.07532	0.01411	0.01882	0.03520	0.08866	0.03911	0.08647	0.09740	0.01667	0.07649	0.01721	0.09754	0.01547	0.02368	0.00799	0.00207	0.04685	0.02597	0.00480	0.21019
2	0.25648	0.10519	0.01676	0.01300	0.03128	0.14232	0.01029	0.07648	0.08540	0.02510	0.05286	0.04590	0.04245	0.00887	0.00655	0.00209	0.03660	0.02939	0.00477	0.00821
3	0.04909	0.04879	0.08467	0.02163	0.11854	0.07142	0.14907	0.17266	0.05646	0.09777	0.01541	0.01713	0.01145	0.00733	0.00764	0.00214	0.04761	0.00627	0.00484	0.01012
4	0.11364	0.02876	0.43807	0.04098	0.02628	0.10042	0.05851	0.02201	0.03695	0.02218	0.01465	0.01659	0.03786	0.00705	0.00636	0.00214	0.00940	0.00549	0.00344	0.00923
5	0.01172	0.00832	0.01035	0.01036	0.01219	0.00828	0.00801	0.04133	0.07603	0.04987	0.20113	0.16633	0.10689	0.07127	0.03983	0.00318	0.00536	0.15623	0.00651	0.00681
6	0.01082	0.00872	0.01111	0.01085	0.01174	0.03848	0.00804	0.01251	0.01108	0.01533	0.01857	0.04597	0.01877	0.22675	0.45630	0.00873	0.06865	0.00805	0.00379	0.00577
7	0.00845	0.00688	0.00749	0.00747	0.00950	0.00591	0.00555	0.01048	0.01626	0.02039	0.20902	0.10882	0.52619	0.01687	0.00813	0.00231	0.00345	0.01432	0.00661	0.00591
8	0.01442	0.01237	0.01429	0.01044	0.01634	0.00976	0.00833	0.01878	0.07024	0.02281	0.01343	0.01511	0.01101	0.00541	0.00522	0.00112	0.00509	0.00435	0.00429	0.73719
9	0.01847	0.01553	0.01712	0.01610	0.06523	0.01765	0.01186	0.14241	0.54885	0.03056	0.02498	0.02347	0.01870	0.00889	0.00693	0.00226	0.00594	0.00737	0.00670	0.01096
10	0.09630	0.01410	0.02374	0.42729	0.13971	0.01588	0.12752	0.03817	0.01468	0.02101	0.01239	0.01730	0.00947	0.00654	0.00676	0.00222	0.00893	0.00616	0.00339	0.00844
11	0.00924	0.00675	0.00849	0.00960	0.01031	0.00658	0.00654	0.01161	0.05927	0.01785	0.03603	0.55814	0.06476	0.11575	0.01200	0.00325	0.00450	0.04748	0.00610	0.00577
12	0.01034	0.00787	0.00898	0.00874	0.01087	0.00739	0.00652	0.01450	0.09671	0.04464	0.24181	0.14934	0.33542	0.01571	0.00800	0.00232	0.00377	0.01351	0.00683	0.00672
13	0.01581	0.02141	0.15778	0.05199	0.03373	0.03752	0.49604	0.02158	0.01555	0.02128	0.01316	0.01739	0.00992	0.00630	0.00846	0.00230	0.05001	0.00726	0.00332	0.00919
14	0.00849	0.00613	0.00778	0.00902	0.00958	0.00570	0.00598	0.00960	0.01302	0.01711	0.03933	0.60186	0.11528	0.10282	0.01155	0.00316	0.00421	0.01785	0.00611	0.00542
15	0.00944	0.00642	0.00761	0.00812	0.00824	0.00629	0.00484	0.00981	0.01095	0.01460	0.02668	0.27000	0.03133	0.52552	0.02655	0.00541	0.00579	0.01296	0.00484	0.00459
16	0.01563	0.10984	0.12837	0.02026	0.13992	0.01701	0.04189	0.03877	0.07850	0.03871	0.01625	0.02309	0.01429	0.01285	0.07413	0.00310	0.14498	0.06937	0.00404	0.00898
17	0.01404	0.01216	0.01727	0.01626	0.06400	0.04483	0.11641	0.03882	0.09002	0.04675	0.06235	0.22657	0.05446	0.03434	0.00942	0.00257	0.04648	0.06463	0.03086	0.00778
18	0.00859	0.00648	0.00802	0.00913	0.01024	0.00591	0.00658	0.01019	0.01417	0.01814	0.04694	0.46586	0.24391	0.01990	0.00863	0.00268	0.00411	0.09845	0.00635	0.00571
19	0.01608	0.01736	0.08531	0.05103	0.32017	0.04514	0.07558	0.05077	0.01556	0.02190	0.01675	0.02020	0.05781	0.00801	0.00913	0.00220	0.11774	0.00667	0.05325	0.00933
20	0.01604	0.03492	0.09850	0.12093	0.12811	0.14243	0.03408	0.05437	0.04736	0.02068	0.04350	0.12087	0.03655	0.03599	0.00852	0.00235	0.03398	0.00817	0.00429	0.00836
21	0.01650	0.01518	0.01314	0.01212	0.01439	0.18595	0.00922	0.05684	0.10376	0.02200	0.03321	0.06045	0.01770	0.05675	0.08733	0.00322	0.05769	0.00714	0.21993	0.00748
22	0.01579	0.00836	0.01062	0.00976	0.01240	0.00746	0.00757	0.01798	0.01666	0.23650	0.13952	0.13180	0.19809	0.07190	0.00999	0.00271	0.00477	0.08351	0.00700	0.00759
23	0.01473	0.01248	0.01448	0.01039	0.01645	0.00968	0.00833	0.04863	0.01502	0.02326	0.01236	0.01429	0.01020	0.00521	0.00515	0.00106	0.00518	0.00415	0.00418	0.76475
24	0.01565	0.14086	0.48398	0.06693	0.02853	0.01722	0.06239	0.02201	0.01476	0.06768	0.01294	0.01502	0.00937	0.00651	0.00633	0.00207	0.00942	0.00522	0.00332	0.00979
25	0.01503	0.01512	0.01931	0.01678	0.01708	0.06692	0.01370	0.01648	0.01106	0.01621	0.01053	0.01768	0.01060	0.07067	0.05886	0.00360	0.60380	0.00625	0.00315	0.00719
26	0.01520	0.01448	0.02463	0.34550	0.42696	0.01580	0.02013	0.01947	0.01476	0.02024	0.01256	0.01750	0.01009	0.00642	0.00680	0.00214	0.00856	0.00609	0.00324	0.00944
27	0.00868	0.00618	0.00788	0.00910	0.00957	0.00582	0.00603	0.00974	0.01275	0.01686	0.03656	0.57375	0.07827	0.15115	0.01331	0.00344	0.00447	0.03514	0.00596	0.00534
28	0.00962	0.00652	0.00753	0.00781	0.00794	0.00642	0.00456	0.00987	0.01065	0.01413	0.02561	0.16970	0.04612	0.61128	0.02957	0.00585	0.00609	0.01173	0.00459	0.00443
29	0.02412	0.01050	0.01359	0.01107	0.01538	0.00928	0.00890	0.02734	0.05313	0.50300	0.03595	0.08072	0.15412	0.01110	0.00724	0.00221	0.00522	0.00923	0.00784	0.01006
30	0.00859	0.00681	0.00766	0.00789	0.00965	0.00597	0.00580	0.01049	0.01566	0.01979	0.17463	0.17522	0.44060	0.04332	0.00917	0.00254	0.00373	0.04018	0.00648	0.00582
31	0.06095	0.72314	0.03446	0.01156	0.01733	0.02644	0.01147	0.02047	0.01378	0.01688	0.00951	0.01098	0.00871	0.00588	0.00438	0.00150	0.00721	0.00366	0.00300	0.00871
32	0.01877	0.05618	0.03880	0.01304	0.01689	0.06188	0.01087	0.11569	0.16582	0.14015	0.06481	0.03097	0.10546	0.01221	0.03634	0.00258	0.04488	0.04924	0.00619	0.00924
33	0.01705	0.05095	0.01555	0.01063	0.01639	0.01071	0.00867	0.05593	0.01583	0.11092	0.01451	0.01573	0.01129	0.00582	0.00534	0.00125	0.00534	0.00459	0.03584	0.58768
34	0.04749	0.01589	0.03159	0.06377	0.07423	0.01513	0.45113	0.02058	0.01576	0.04947	0.04407	0.06718	0.01494	0.00729	0.00761	0.00223	0.00955	0.00833	0.00404	0.04970
35	0.04175	0.01291	0.01998	0.45116	0.06379	0.01508	0.05825	0.04640	0.10980	0.02182	0.07700	0.02181	0.01586	0.00775	0.00695	0.00225	0.00800	0.00691	0.00421	0.00832
36	0.01547	0.01100	0.01651	0.07137	0.04610	0.01137	0.08185	0.11148	0.01517	0.05633	0.04071	0.02241	0.04228	0.01621	0.04384	0.31949	0.02992	0.00682	0.00425	0.03744
37	0.01922	0.08484	0.06216	0.06925	0.09423	0.09950	0.07172	0.11825	0.08104	0.07547	0.01568	0.03779	0.01245	0.00760	0.00722	0.00200	0.04159	0.00618	0.00464	0.08917
38	0.01560	0.04288	0.01589	0.04987	0.04597	0.03650	0.00965	0.08404	0.01532	0.02199	0.01241	0.01561	0.01044	0.00866	0.00895	0.13157	0.00613	0.00476	0.00401	0.45973
39	0.04800	0.01560	0.01651	0.01446	0.03766	0.05392	0.01105	0.28112	0.20436	0.03032	0.01901	0.04515	0.01521	0.01268	0.04811	0.08955	0.00736	0.00683	0.00580	0.03731

[dist]
# distance from previous block
# <min> <max>
26	43

[block]
# block no. 9 follows, 31 sequences, length 21
# corresponding to MSA columns:
# 480-500
name=unknown_J
#
# <colnr> <probs for GDERKNQSTAVLIFYWHMCP>
#	G	D	E	R	K	N	Q	S	T	A	V	L	I	F	Y	W	H	M	C	P
0	0.14261	0.05113	0.12970	0.07008	0.08014	0.01492	0.04821	0.10358	0.01680	0.04900	0.09155	0.05730	0.01778	0.00847	0.00701	0.00211	0.03519	0.00687	0.02770	0.03986
1	0.05756	0.04264	0.09413	0.14396	0.02304	0.04622	0.01296	0.05495	0.07386	0.12595	0.01976	0.02330	0.04124	0.01003	0.03730	0.00241	0.00753	0.04071	0.03731	0.10515
2	0.01373	0.01069	0.01154	0.01016	0.01354	0.01058	0.00788	0.08433	0.18437	0.04325	0.05743	0.07636	0.27089	0.01219	0.00708	0.00209	0.00460	0.01015	0.06166	0.10748
3	0.01614	0.01654	0.11159	0.07982	0.02188	0.01550	0.04816	0.15990	0.16455	0.02680	0.07981	0.04475	0.04111	0.01212	0.05386	0.00282	0.06352	0.00768	0.02429	0.00919
4	0.00994	0.00667	0.00767	0.00767	0.00774	0.00674	0.00440	0.01008	0.01001	0.01342	0.02137	0.04373	0.02442	0.71840	0.07537	0.00689	0.00731	0.00980	0.00412	0.00426
