[name]
unknown

[dist]
# distance from previous block
# <min> <max>
0	39

[block]
# block no. 0 follows, 25 sequences, length 9
# corresponding to MSA columns:
# 39-47
name=unknown_A
#
# <colnr> <probs for GDERKNQSTAVLIFYWHMCP>
#	G	D	E	R	K	N	Q	S	T	A	V	L	I	F	Y	W	H	M	C	P
0	0.05607	0.11274	0.21776	0.02068	0.09676	0.04544	0.04896	0.05799	0.01773	0.05332	0.01963	0.06096	0.01795	0.05995	0.00982	0.00283	0.00925	0.07740	0.00473	0.01002
1	0.01514	0.06363	0.38519	0.01733	0.02511	0.04875	0.01984	0.02259	0.06265	0.02468	0.10233	0.03138	0.12822	0.01059	0.00777	0.00243	0.00890	0.00855	0.00489	0.01003
2	0.01445	0.00723	0.00723	0.00723	0.00903	0.00723	0.00542	0.01807	0.01626	0.02891	0.02529	0.02891	0.01987	0.00903	0.00542	0.00181	0.00361	0.00723	0.77055	0.00723
3	0.09994	0.01526	0.01717	0.01283	0.01925	0.01369	0.01042	0.13712	0.02033	0.12372	0.01673	0.01764	0.01256	0.00708	0.00630	0.00167	0.00639	0.00544	0.00589	0.45055
4	0.00916	0.00785	0.00785	0.00785	0.01047	0.00655	0.00589	0.01113	0.01767	0.02095	0.07855	0.07462	0.67599	0.01964	0.00916	0.00262	0.00393	0.01636	0.00720	0.00655
5	0.01445	0.00723	0.00723	0.00723	0.00903	0.00723	0.00542	0.01807	0.01626	0.02891	0.02529	0.02891	0.01987	0.00903	0.00542	0.00181	0.00361	0.00723	0.77055	0.00723
6	0.01021	0.00703	0.00909	0.01019	0.01073	0.00672	0.00675	0.01097	0.01388	0.01837	0.03851	0.45807	0.09071	0.14221	0.04875	0.08220	0.00594	0.01763	0.00626	0.00579
7	0.05174	0.21336	0.40186	0.01834	0.02742	0.02090	0.02156	0.02615	0.06162	0.06668	0.01528	0.01672	0.01136	0.00753	0.00670	0.00226	0.00972	0.00560	0.00408	0.01111
8	0.05242	0.23726	0.08790	0.01548	0.02234	0.02080	0.05053	0.15150	0.02057	0.06526	0.01704	0.01826	0.03457	0.00769	0.00646	0.00192	0.00803	0.00588	0.00507	0.17100

[dist]
# distance from previous block
# <min> <max>
2	16

[block]
# block no. 1 follows, 25 sequences, length 24
# corresponding to MSA columns:
# 64-87
name=unknown_B
#
# <colnr> <probs for GDERKNQSTAVLIFYWHMCP>
#	G	D	E	R	K	N	Q	S	T	A	V	L	I	F	Y	W	H	M	C	P
0	0.05153	0.16943	0.24290	0.01870	0.06971	0.01961	0.01816	0.09900	0.04279	0.08441	0.02065	0.02188	0.05837	0.01081	0.03737	0.00272	0.00935	0.00672	0.00495	0.01093
1	0.11459	0.12398	0.02389	0.04547	0.02290	0.05222	0.08827	0.12706	0.08877	0.10948	0.02336	0.07754	0.04979	0.01006	0.00737	0.00239	0.00804	0.00833	0.00608	0.01042
2	0.05651	0.01095	0.01571	0.13599	0.02179	0.01122	0.07670	0.01657	0.04316	0.02303	0.13941	0.07997	0.19086	0.12903	0.01354	0.00339	0.00680	0.01201	0.00589	0.00748
3	0.42966	0.01460	0.01400	0.01169	0.01662	0.01575	0.00958	0.10617	0.01858	0.18713	0.01796	0.01833	0.01276	0.00822	0.00594	0.00233	0.00620	0.00572	0.08876	0.01000
4	0.01710	0.01951	0.17279	0.21450	0.11297	0.01560	0.01907	0.05428	0.04301	0.05835	0.01876	0.02436	0.01473	0.01066	0.03571	0.00283	0.00934	0.03260	0.11381	0.01000
5	0.00943	0.00682	0.00892	0.01060	0.01120	0.00631	0.00711	0.01082	0.01503	0.01987	0.04507	0.68023	0.09200	0.02399	0.00985	0.00311	0.00446	0.02167	0.00720	0.00631
6	0.01509	0.04729	0.10245	0.02085	0.15612	0.06837	0.01477	0.01953	0.04602	0.02332	0.08549	0.18908	0.10437	0.01437	0.00850	0.00262	0.00744	0.05960	0.00571	0.00902
7	0.01512	0.05711	0.10163	0.01249	0.01891	0.01181	0.01144	0.01919	0.01716	0.02558	0.12847	0.02547	0.04966	0.00830	0.00663	0.00162	0.00619	0.00681	0.00513	0.47128
8	0.01445	0.00723	0.00723	0.00723	0.00903	0.00723	0.00542	0.01807	0.01626	0.02891	0.02529	0.02891	0.01987	0.00903	0.00542	0.00181	0.00361	0.00723	0.77055	0.00723
9	0.23040	0.06242	0.09239	0.10389	0.10338	0.09713	0.09987	0.02362	0.01602	0.02546	0.01263	0.01631	0.01008	0.00775	0.00830	0.00244	0.06838	0.00594	0.00396	0.00962
10	0.01696	0.01696	0.02375	0.02036	0.02036	0.02375	0.01696	0.01866	0.01187	0.01866	0.01018	0.01696	0.01018	0.01357	0.02545	0.00339	0.71332	0.00679	0.00339	0.00848
11	0.01870	0.02392	0.18611	0.12662	0.24887	0.07258	0.06669	0.02513	0.05039	0.05133	0.04374	0.02085	0.01463	0.00787	0.00774	0.00240	0.01007	0.00706	0.00430	0.01100
12	0.01118	0.00789	0.01037	0.01037	0.01103	0.00856	0.00708	0.01250	0.01184	0.01645	0.02268	0.04105	0.02398	0.40767	0.35355	0.00988	0.01385	0.00986	0.00444	0.00576
13	0.01696	0.01696	0.02375	0.02036	0.02036	0.02375	0.01696	0.01866	0.01187	0.01866	0.01018	0.01696	0.01018	0.01357	0.02545	0.00339	0.71332	0.00679	0.00339	0.00848
14	0.01269	0.01056	0.03953	0.01265	0.03937	0.00953	0.00907	0.08020	0.01726	0.02291	0.06244	0.31290	0.14240	0.11549	0.03991	0.03777	0.00639	0.01531	0.00639	0.00724
15	0.02424	0.21567	0.14414	0.01937	0.06201	0.16623	0.01722	0.18292	0.02272	0.05527	0.01458	0.01596	0.01126	0.00786	0.00679	0.00210	0.01009	0.00562	0.00485	0.01109
16	0.01445	0.00723	0.00723	0.00723	0.00903	0.00723	0.00542	0.01807	0.01626	0.02891	0.02529	0.02891	0.01987	0.00903	0.00542	0.00181	0.00361	0.00723	0.77055	0.00723
17	0.00916	0.00785	0.00785	0.00785	0.01047	0.00655	0.00589	0.01113	0.01767	0.02095	0.07855	0.07462	0.67599	0.01964	0.00916	0.00262	0.00393	0.01636	0.00720	0.00655
18	0.01464	0.01378	0.02326	0.70887	0.05340	0.01723	0.02153	0.01981	0.01550	0.01981	0.01378	0.02067	0.01034	0.00775	0.00775	0.00258	0.01034	0.00689	0.00345	0.00861
19	0.01722	0.02059	0.13448	0.15523	0.30883	0.01773	0.07361	0.02445	0.08395	0.02469	0.01939	0.02294	0.04607	0.00812	0.00786	0.00245	0.00951	0.00757	0.00427	0.01105
20	0.01347	0.00673	0.01010	0.01010	0.01010	0.00673	0.00673	0.01010	0.01010	0.01347	0.01347	0.02357	0.01347	0.02694	0.03030	0.77441	0.00673	0.00673	0.00337	0.00337
21	0.01632	0.01606	0.02344	0.01985	0.02043	0.02153	0.05698	0.01825	0.01228	0.01875	0.01216	0.02050	0.01213	0.07059	0.05856	0.00411	0.57889	0.00736	0.00357	0.00824
22	0.07724	0.01589	0.02153	0.02199	0.12612	0.04287	0.06711	0.07329	0.06309	0.02532	0.02203	0.19884	0.02224	0.01337	0.01219	0.00282	0.16860	0.01080	0.00530	0.00938
23	0.01436	0.01255	0.01944	0.01678	0.01904	0.01441	0.10108	0.04875	0.04722	0.02127	0.02051	0.08091	0.01960	0.07878	0.31439	0.00740	0.14142	0.00936	0.00462	0.00809

[dist]
# distance from previous block
# <min> <max>
0	9

[block]
# block no. 2 follows, 25 sequences, length 21
# corresponding to MSA columns:
# 97-117
name=unknown_C
#
# <colnr> <probs for GDERKNQSTAVLIFYWHMCP>
#	G	D	E	R	K	N	Q	S	T	A	V	L	I	F	Y	W	H	M	C	P
0	0.07472	0.01815	0.02001	0.01567	0.02142	0.01930	0.01287	0.39689	0.06447	0.19336	0.02550	0.02424	0.05774	0.00998	0.00768	0.00238	0.00750	0.00770	0.00798	0.01242
1	0.09177	0.12946	0.05720	0.01997	0.07090	0.13508	0.10784	0.06413	0.04087	0.02449	0.02138	0.02374	0.08459	0.01214	0.05005	0.00293	0.04182	0.00737	0.00462	0.00962
2	0.02350	0.50002	0.03452	0.01534	0.02126	0.20276	0.01382	0.07128	0.01888	0.02067	0.01166	0.01329	0.01020	0.00718	0.00570	0.00180	0.00978	0.00457	0.00382	0.00994
3	0.01224	0.00935	0.01276	0.08642	0.05247	0.00959	0.00994	0.06201	0.01638	0.02187	0.03452	0.49079	0.03968	0.08925	0.01228	0.00341	0.00597	0.01742	0.00642	0.00724
4	0.02031	0.07605	0.07840	0.03539	0.39628	0.04858	0.04925	0.08449	0.06108	0.02687	0.01550	0.01882	0.01255	0.00766	0.00816	0.00233	0.03539	0.00675	0.00438	0.01177
5	0.01445	0.00723	0.00723	0.00723	0.00903	0.00723	0.00542	0.01807	0.01626	0.02891	0.02529	0.02891	0.01987	0.00903	0.00542	0.00181	0.00361	0.00723	0.77055	0.00723
6	0.01608	0.01378	0.01608	0.01148	0.01837	0.01034	0.00919	0.01952	0.01608	0.02527	0.01378	0.01608	0.01148	0.00574	0.00574	0.00115	0.00574	0.00459	0.00459	0.77491
7	0.01440	0.01264	0.01286	0.01224	0.01514	0.05568	0.00934	0.02341	0.23393	0.02697	0.19034	0.10223	0.20053	0.01543	0.00872	0.00263	0.00545	0.04174	0.00752	0.00879
8	0.01445	0.00723	0.00723	0.00723	0.00903	0.00723	0.00542	0.01807	0.01626	0.02891	0.02529	0.02891	0.01987	0.00903	0.00542	0.00181	0.00361	0.00723	0.77055	0.00723
9	0.01464	0.01378	0.02326	0.70887	0.05340	0.01723	0.02153	0.01981	0.01550	0.01981	0.01378	0.02067	0.01034	0.00775	0.00775	0.00258	0.01034	0.00689	0.00345	0.00861
10	0.06254	0.01275	0.01635	0.10846	0.11229	0.01354	0.01247	0.02381	0.16419	0.05794	0.12133	0.03759	0.14376	0.01167	0.00786	0.00246	0.00620	0.00991	0.06538	0.00950
11	0.01566	0.09060	0.44266	0.02032	0.02946	0.01743	0.08980	0.02288	0.01729	0.02499	0.10583	0.02229	0.01892	0.00833	0.00754	0.00235	0.01004	0.00707	0.00413	0.04238
12	0.02633	0.01797	0.02007	0.01572	0.02134	0.01899	0.01285	0.41123	0.05653	0.13256	0.02449	0.02430	0.05760	0.01277	0.04969	0.00290	0.00839	0.00768	0.00752	0.07105
13	0.02060	0.02244	0.08515	0.10998	0.16155	0.13777	0.04435	0.13480	0.03831	0.02691	0.01970	0.06726	0.04410	0.00978	0.00866	0.00244	0.04280	0.00803	0.00492	0.01042
14	0.01632	0.04890	0.09359	0.01617	0.01991	0.01668	0.04040	0.08320	0.11608	0.02606	0.08709	0.06280	0.07226	0.04869	0.04796	0.00347	0.13828	0.04707	0.00576	0.00932
15	0.01017	0.00733	0.00976	0.01130	0.01222	0.00692	0.00823	0.01217	0.01610	0.02137	0.09023	0.51501	0.07975	0.02288	0.00997	0.00316	0.00495	0.14465	0.00728	0.00656
16	0.01603	0.01870	0.12945	0.03976	0.08422	0.05570	0.01477	0.08776	0.04896	0.02656	0.12422	0.08275	0.16595	0.01309	0.00945	0.00255	0.05406	0.01072	0.00593	0.00934
17	0.01439	0.12666	0.02131	0.08226	0.02138	0.04577	0.09507	0.01787	0.01850	0.02402	0.23616	0.11661	0.10440	0.01349	0.00838	0.00246	0.00700	0.03005	0.00606	0.00816
18	0.15687	0.01447	0.01562	0.01828	0.13518	0.07202	0.01186	0.02080	0.07831	0.02584	0.06545	0.09407	0.16971	0.01353	0.00800	0.00260	0.00672	0.07591	0.00599	0.00876
19	0.01591	0.16419	0.12152	0.01456	0.01905	0.01738	0.01363	0.06855	0.06396	0.02307	0.04242	0.06021	0.06554	0.05455	0.17422	0.00501	0.05390	0.00842	0.00487	0.00906
20	0.10231	0.10605	0.07762	0.07109	0.04324	0.06431	0.04487	0.08536	0.04633	0.02514	0.01654	0.06970	0.01479	0.01436	0.07135	0.00342	0.12199	0.00746	0.00460	0.00949

[dist]
# distance from previous block
# <min> <max>
0	8

[block]
# block no. 3 follows, 25 sequences, length 7
# corresponding to MSA columns:
# 126-132
name=unknown_D
#
# <colnr> <probs for GDERKNQSTAVLIFYWHMCP>
#	G	D	E	R	K	N	Q	S	T	A	V	L	I	F	Y	W	H	M	C	P
0	0.05251	0.14557	0.07935	0.06134	0.02619	0.15981	0.09811	0.02625	0.01824	0.11123	0.01529	0.01721	0.01165	0.00730	0.00681	0.00202	0.00974	0.00585	0.00466	0.14088
1	0.01274	0.00936	0.01259	0.01286	0.04651	0.00937	0.00910	0.01566	0.01915	0.06055	0.37783	0.16721	0.11733	0.01670	0.01065	0.00266	0.07021	0.01429	0.00751	0.00773
2	0.01851	0.12696	0.10737	0.02141	0.15590	0.06464	0.01582	0.08957	0.07995	0.02681	0.07751	0.02953	0.11194	0.01017	0.00748	0.00228	0.00798	0.00831	0.02753	0.01034
3	0.09918	0.00870	0.00895	0.00865	0.01130	0.00801	0.00657	0.01344	0.01832	0.02533	0.23396	0.06287	0.43371	0.01716	0.00865	0.00254	0.00409	0.01431	0.00729	0.00697
4	0.11115	0.41387	0.03072	0.01494	0.02049	0.21610	0.01313	0.02634	0.05293	0.02115	0.01226	0.01380	0.01054	0.00729	0.00568	0.00189	0.00951	0.00465	0.00393	0.00963
5	0.00971	0.00701	0.00896	0.01024	0.01095	0.00651	0.00686	0.01118	0.01533	0.02035	0.09458	0.55008	0.10583	0.08855	0.01252	0.00345	0.00466	0.01990	0.00707	0.00625
6	0.01836	0.02202	0.13736	0.15180	0.22740	0.06055	0.09564	0.06065	0.04388	0.02525	0.01731	0.02465	0.01440	0.00860	0.00802	0.00251	0.01021	0.05635	0.00435	0.01071

[dist]
# distance from previous block
# <min> <max>
1	12

[block]
# block no. 4 follows, 25 sequences, length 14
# corresponding to MSA columns:
# 145-153,155-159
name=unknown_E
#
# <colnr> <probs for GDERKNQSTAVLIFYWHMCP>
#	G	D	E	R	K	N	Q	S	T	A	V	L	I	F	Y	W	H	M	C	P
0	0.56676	0.01362	0.01279	0.10369	0.01942	0.01581	0.00991	0.02053	0.01305	0.02966	0.01159	0.01529	0.00940	0.01017	0.00893	0.11567	0.00669	0.00493	0.00441	0.00769
1	0.01250	0.00774	0.00929	0.00925	0.01016	0.00746	0.00602	0.01391	0.01489	0.05635	0.14624	0.16002	0.03890	0.37216	0.02400	0.00503	0.00588	0.01298	0.08107	0.00615
2	0.01640	0.04910	0.05215	0.01527	0.04275	0.12496	0.01196	0.01907	0.01745	0.06239	0.06376	0.20035	0.11658	0.01792	0.04312	0.00318	0.05157	0.07786	0.00597	0.00819
3	0.01864	0.09604	0.01686	0.01184	0.01581	0.01355	0.00967	0.13495	0.02299	0.12766	0.25411	0.04431	0.17574	0.01346	0.00821	0.00236	0.00558	0.01116	0.00765	0.00940
4	0.04970	0.02907	0.21254	0.09038	0.15159	0.18557	0.02085	0.12108	0.02084	0.02695	0.01415	0.01692	0.01083	0.00776	0.00733	0.00231	0.01091	0.00601	0.00431	0.01089
5	0.01602	0.01569	0.01684	0.01663	0.06712	0.12221	0.05064	0.05635	0.05904	0.02414	0.09550	0.16496	0.20560	0.01508	0.00931	0.00259	0.03477	0.01279	0.00627	0.00846
6	0.10809	0.01214	0.01357	0.01176	0.01551	0.01221	0.00926	0.11174	0.06678	0.14016	0.21275	0.07506	0.15283	0.01359	0.00817	0.00249	0.00538	0.01128	0.00781	0.00941
7	0.01660	0.02099	0.22630	0.01621	0.02221	0.01411	0.04662	0.06621	0.05873	0.08822	0.07496	0.08386	0.17242	0.01271	0.00913	0.00259	0.04172	0.01053	0.00602	0.00985
8	0.08452	0.10021	0.28889	0.05530	0.03199	0.06153	0.18600	0.02427	0.01683	0.02434	0.01366	0.01688	0.01033	0.00704	0.00728	0.00233	0.01091	0.00629	0.00370	0.04772
9	0.01196	0.00920	0.01331	0.01273	0.01380	0.01013	0.03507	0.01376	0.01380	0.01927	0.08653	0.14561	0.03081	0.16890	0.22560	0.05428	0.08246	0.04110	0.00516	0.00652
10	0.02008	0.06088	0.01817	0.04615	0.01941	0.01356	0.04047	0.10818	0.04325	0.17274	0.12021	0.12067	0.06197	0.01589	0.05070	0.00313	0.00745	0.03945	0.02787	0.00976
11	0.09214	0.07521	0.14593	0.04350	0.12918	0.14002	0.04672	0.02474	0.01757	0.07012	0.01826	0.02044	0.05252	0.00843	0.00793	0.00228	0.04242	0.00652	0.00444	0.05163
12	0.01539	0.04140	0.01659	0.01444	0.01726	0.05334	0.07386	0.01923	0.05739	0.08253	0.07208	0.30677	0.08280	0.01741	0.00914	0.00284	0.00666	0.09581	0.00684	0.00821
13	0.06598	0.01863	0.10164	0.08757	0.02450	0.04757	0.03587	0.06073	0.16120	0.08964	0.04569	0.03042	0.08765	0.01064	0.00849	0.00251	0.03669	0.03092	0.00608	0.04758

[dist]
# distance from previous block
# <min> <max>
2	90

[block]
# block no. 5 follows, 25 sequences, length 19
# corresponding to MSA columns:
# 254-272
name=unknown_F
#
# <colnr> <probs for GDERKNQSTAVLIFYWHMCP>
#	G	D	E	R	K	N	Q	S	T	A	V	L	I	F	Y	W	H	M	C	P
0	0.03768	0.14834	0.04335	0.01542	0.01988	0.08233	0.05087	0.04975	0.05896	0.04700	0.02189	0.12487	0.02112	0.01495	0.05800	0.00308	0.03634	0.06142	0.00526	0.09948
1	0.06682	0.04542	0.07626	0.12168	0.04779	0.06746	0.01474	0.10664	0.10192	0.11819	0.04898	0.05613	0.07437	0.01044	0.00766	0.00244	0.00802	0.00846	0.00618	0.01040
2	0.02030	0.02123	0.09807	0.08411	0.02668	0.11195	0.09222	0.13218	0.07686	0.05539	0.04064	0.10531	0.01962	0.01037	0.00791	0.00242	0.00913	0.00893	0.03539	0.04128
3	0.10344	0.01830	0.13348	0.10386	0.02602	0.01502	0.07787	0.10011	0.01945	0.05522	0.11505	0.12032	0.02568	0.01113	0.00791	0.00250	0.00797	0.00968	0.00571	0.04131
4	0.04726	0.06004	0.06711	0.11607	0.05078	0.06454	0.01432	0.12134	0.02011	0.02677	0.04736	0.09262	0.08751	0.01215	0.00794	0.00247	0.00797	0.07965	0.00560	0.06839
5	0.01890	0.09064	0.14464	0.11195	0.05577	0.05288	0.11907	0.07100	0.01816	0.05978	0.04403	0.02073	0.01439	0.01030	0.01046	0.10045	0.00967	0.00695	0.00444	0.03578
6	0.07588	0.06595	0.20163	0.10685	0.02938	0.01873	0.07829	0.06606	0.15963	0.04820	0.01874	0.02089	0.01409	0.01121	0.04877	0.00306	0.00992	0.00696	0.00502	0.01075
7	0.01327	0.00954	0.01184	0.01231	0.04005	0.00924	0.00865	0.03589	0.04029	0.06308	0.06786	0.28676	0.20322	0.01941	0.03591	0.00306	0.03222	0.01512	0.05274	0.03954
8	0.01808	0.06448	0.12434	0.18127	0.11108	0.09005	0.09885	0.04638	0.05364	0.02437	0.06666	0.02484	0.01775	0.00882	0.00786	0.00244	0.01003	0.03451	0.00453	0.01003
9	0.07926	0.01002	0.01115	0.01096	0.01327	0.01026	0.00827	0.07416	0.06561	0.02654	0.08416	0.21510	0.13853	0.01723	0.00993	0.05847	0.00520	0.05524	0.09901	0.00762
10	0.01146	0.00877	0.01166	0.01355	0.06891	0.00835	0.00893	0.01437	0.04447	0.02316	0.17687	0.27477	0.16933	0.01955	0.01085	0.05860	0.00502	0.05727	0.00694	0.00717
11	0.08101	0.01983	0.13385	0.02295	0.02929	0.01588	0.32479	0.02107	0.01648	0.02397	0.02243	0.07925	0.06366	0.05584	0.05166	0.00350	0.01102	0.00977	0.00444	0.00928
12	0.01445	0.00723	0.00723	0.00723	0.00903	0.00723	0.00542	0.01807	0.01626	0.02891	0.02529	0.02891	0.01987	0.00903	0.00542	0.00181	0.00361	0.00723	0.77055	0.00723
13	0.32652	0.06126	0.01860	0.06693	0.02157	0.07207	0.01225	0.13544	0.05831	0.10423	0.01586	0.01704	0.01177	0.00838	0.00714	0.00238	0.03865	0.00573	0.00571	0.01015
14	0.00957	0.00775	0.00856	0.00902	0.01114	0.00674	0.00675	0.01163	0.01735	0.02134	0.09294	0.19290	0.48397	0.02048	0.00943	0.00279	0.00430	0.06952	0.00725	0.00658
15	0.01445	0.00723	0.00723	0.00723	0.00903	0.00723	0.00542	0.01807	0.01626	0.02891	0.02529	0.02891	0.01987	0.00903	0.00542	0.00181	0.00361	0.00723	0.77055	0.00723
16	0.66247	0.01709	0.01510	0.01283	0.01783	0.06668	0.06383	0.02356	0.01427	0.03279	0.01130	0.01341	0.00880	0.00720	0.00533	0.00239	0.00718	0.00468	0.00467	0.00862
17	0.01813	0.29329	0.25052	0.01680	0.02432	0.02070	0.05594	0.02321	0.01741	0.06594	0.10335	0.02307	0.03910	0.00868	0.00689	0.00216	0.00878	0.00689	0.00456	0.01025
18	0.01823	0.12366	0.10139	0.01577	0.02087	0.01731	0.04027	0.10584	0.14310	0.05525	0.02995	0.10194	0.07110	0.01291	0.00816	0.00261	0.00756	0.10767	0.00631	0.01011

[dist]
# distance from previous block
# <min> <max>
0	10

[block]
# block no. 6 follows, 25 sequences, length 30
# corresponding to MSA columns:
# 283-290,295-316
name=unknown_G
#
# <colnr> <probs for GDERKNQSTAVLIFYWHMCP>
#	G	D	E	R	K	N	Q	S	T	A	V	L	I	F	Y	W	H	M	C	P
0	0.10588	0.28621	0.02602	0.01451	0.01968	0.20320	0.01236	0.05333	0.01913	0.09030	0.04990	0.02038	0.05240	0.00868	0.00635	0.00203	0.00893	0.00606	0.00497	0.00967
1	0.23799	0.09232	0.05640	0.01485	0.02067	0.05031	0.04003	0.18435	0.02122	0.06476	0.03267	0.04600	0.01431	0.00859	0.00656	0.00220	0.00774	0.00643	0.00565	0.08694
2	0.05411	0.24430	0.16862	0.12031	0.02928	0.02255	0.05935	0.13535	0.01985	0.02698	0.04082	0.01802	0.01320	0.00783	0.00682	0.00221	0.00932	0.00613	0.00444	0.01050
3	0.01338	0.04262	0.05077	0.01083	0.01419	0.00972	0.00894	0.01737	0.06278	0.07896	0.12513	0.17473	0.30460	0.01686	0.00870	0.00258	0.00506	0.01436	0.00713	0.03129
4	0.05141	0.26071	0.05334	0.01575	0.02081	0.21724	0.01349	0.09733	0.06534	0.02380	0.01647	0.06599	0.01495	0.04225	0.00811	0.00234	0.00955	0.00668	0.00473	0.00971
5	0.01563	0.04735	0.05484	0.07629	0.04457	0.01513	0.04135	0.04828	0.06979	0.05136	0.06393	0.19229	0.05496	0.01730	0.05894	0.00345	0.11849	0.01151	0.00568	0.00889
6	0.01563	0.01118	0.01685	0.04652	0.09083	0.01231	0.04127	0.01900	0.01502	0.07357	0.02037	0.02642	0.01710	0.02866	0.28346	0.00637	0.07795	0.00770	0.18132	0.00846
7	0.01445	0.00723	0.00723	0.00723	0.00903	0.00723	0.00542	0.01807	0.01626	0.02891	0.02529	0.02891	0.01987	0.00903	0.00542	0.00181	0.00361	0.00723	0.77055	0.00723
8	0.01878	0.06066	0.14983	0.02072	0.05740	0.07495	0.12949	0.02632	0.11682	0.06244	0.02223	0.02405	0.05979	0.01091	0.03754	0.00277	0.03469	0.00762	0.00498	0.07800
9	0.08625	0.15182	0.07228	0.09255	0.02548	0.07665	0.07189	0.06834	0.06190	0.05040	0.06835	0.04785	0.01836	0.01082	0.02894	0.00267	0.04325	0.00745	0.00502	0.00974
10	0.01445	0.00723	0.00723	0.00723	0.00903	0.00723	0.00542	0.01807	0.01626	0.02891	0.02529	0.02891	0.01987	0.00903	0.00542	0.00181	0.00361	0.00723	0.77055	0.00723
11	0.07899	0.05854	0.18331	0.02182	0.05483	0.18321	0.10346	0.02425	0.01682	0.02244	0.01331	0.01721	0.01090	0.01209	0.06207	0.00321	0.11385	0.00622	0.00376	0.00968
12	0.02191	0.06579	0.02014	0.08750	0.02318	0.05053	0.01345	0.08148	0.21731	0.15171	0.02704	0.04933	0.04793	0.01110	0.00933	0.00258	0.06750	0.03455	0.00677	0.01085
13	0.01526	0.01058	0.01404	0.10328	0.01968	0.01098	0.01108	0.05448	0.03817	0.09745	0.11027	0.20566	0.13168	0.01673	0.00980	0.00284	0.03712	0.09559	0.00700	0.00830
14	0.01111	0.00817	0.01177	0.01177	0.01291	0.00932	0.00883	0.01340	0.01226	0.01749	0.02140	0.03397	0.02091	0.17408	0.58293	0.01160	0.01847	0.00882	0.00425	0.00654
15	0.01696	0.01696	0.02375	0.02036	0.02036	0.02375	0.01696	0.01866	0.01187	0.01866	0.01018	0.01696	0.01018	0.01357	0.02545	0.00339	0.71332	0.00679	0.00339	0.00848
16	0.07844	0.12626	0.30320	0.05887	0.02867	0.01966	0.06407	0.04605	0.01671	0.05658	0.01399	0.01668	0.01061	0.00781	0.00844	0.00234	0.06968	0.00585	0.00402	0.06208
17	0.09200	0.01968	0.05110	0.09743	0.02667	0.02123	0.03929	0.31246	0.15755	0.03728	0.01923	0.02032	0.01420	0.00922	0.00850	0.00250	0.04618	0.00710	0.00644	0.01161
18	0.01445	0.00723	0.00723	0.00723	0.00903	0.00723	0.00542	0.01807	0.01626	0.02891	0.02529	0.02891	0.01987	0.00903	0.00542	0.00181	0.00361	0.00723	0.77055	0.00723
19	0.00945	0.00675	0.00900	0.01080	0.01125	0.00630	0.00720	0.01080	0.01484	0.01979	0.04274	0.72245	0.05128	0.02429	0.00990	0.00315	0.00450	0.02204	0.00720	0.00630
20	0.04741	0.01729	0.05382	0.40196	0.04069	0.04277	0.06313	0.04487	0.07458	0.02295	0.01503	0.02012	0.01160	0.00870	0.01001	0.00265	0.10199	0.00698	0.00409	0.00935
21	0.12375	0.06932	0.09153	0.01739	0.02338	0.01932	0.09876	0.22683	0.07254	0.03468	0.10154	0.02513	0.04342	0.00954	0.00754	0.00239	0.00813	0.00792	0.00616	0.01073
22	0.01038	0.00767	0.00981	0.01114	0.01202	0.00747	0.00763	0.01363	0.07025	0.02165	0.08569	0.61775	0.05047	0.02254	0.00967	0.00306	0.00458	0.02036	0.00735	0.00687
23	0.02517	0.01422	0.02082	0.01643	0.02151	0.01344	0.10894	0.12755	0.02223	0.31853	0.03144	0.15790	0.06102	0.01242	0.00847	0.00257	0.00735	0.01105	0.00784	0.01109
24	0.01575	0.01007	0.01206	0.05884	0.01578	0.01023	0.00882	0.07201	0.04884	0.08382	0.11221	0.09825	0.12815	0.04276	0.04682	0.00311	0.00609	0.01100	0.20709	0.00829
25	0.01555	0.04011	0.68733	0.02210	0.03356	0.01801	0.02865	0.02455	0.01637	0.02455	0.01391	0.01637	0.00982	0.00737	0.00737	0.00246	0.01146	0.00573	0.00327	0.01146
26	0.01122	0.00865	0.01033	0.00978	0.01203	0.00813	0.00737	0.01599	0.07521	0.02863	0.46923	0.05971	0.22203	0.01636	0.00904	0.00250	0.00394	0.01417	0.00814	0.00754
27	0.60746	0.01848	0.01311	0.01183	0.01623	0.13710	0.00936	0.02362	0.01465	0.03093	0.01174	0.01489	0.00974	0.04603	0.00705	0.00260	0.00749	0.00472	0.00465	0.00830
28	0.02057	0.28933	0.29295	0.01852	0.02681	0.09010	0.05362	0.02585	0.01731	0.07790	0.01409	0.01579	0.01079	0.00731	0.00659	0.00212	0.01023	0.00544	0.00394	0.01075
29	0.01602	0.01604	0.07417	0.14783	0.07127	0.04654	0.01456	0.04791	0.07552	0.02439	0.02402	0.06472	0.04482	0.06316	0.01006	0.00277	0.00790	0.07735	0.06051	0.11044

[dist]
# distance from previous block
# <min> <max>
2	6

[block]
# block no. 7 follows, 25 sequences, length 12
# corresponding to MSA columns:
# 324-335
name=unknown_H
#
# <colnr> <probs for GDERKNQSTAVLIFYWHMCP>
#	G	D	E	R	K	N	Q	S	T	A	V	L	I	F	Y	W	H	M	C	P
0	0.01625	0.05997	0.15899	0.01880	0.02341	0.07523	0.11998	0.02032	0.01584	0.02163	0.05069	0.08156	0.01964	0.09077	0.04317	0.00355	0.12430	0.00884	0.03831	0.00877
1	0.01445	0.00723	0.00723	0.00723	0.00903	0.00723	0.00542	0.01807	0.01626	0.02891	0.02529	0.02891	0.01987	0.00903	0.00542	0.00181	0.00361	0.00723	0.77055	0.00723
2	0.01494	0.01025	0.01157	0.01038	0.01373	0.00959	0.00797	0.02069	0.11745	0.08598	0.13644	0.08229	0.21642	0.01378	0.00791	0.00231	0.00467	0.01161	0.12276	0.09927
3	0.06015	0.14811	0.18733	0.01807	0.02443	0.15782	0.08553	0.02467	0.01731	0.05844	0.01555	0.01952	0.01267	0.05491	0.03308	0.00287	0.01064	0.00625	0.05298	0.00966
4	0.01445	0.00723	0.00723	0.00723	0.00903	0.00723	0.00542	0.01807	0.01626	0.02891	0.02529	0.02891	0.01987	0.00903	0.00542	0.00181	0.00361	0.00723	0.77055	0.00723
5	0.05800	0.04749	0.02376	0.28459	0.03365	0.05426	0.07838	0.01992	0.01470	0.02032	0.01405	0.02134	0.01215	0.05399	0.07782	0.00388	0.16241	0.00710	0.00371	0.00845
6	0.13316	0.10002	0.15234	0.02065	0.09202	0.05660	0.04261	0.19602	0.07949	0.03245	0.01601	0.01747	0.01211	0.00802	0.00697	0.00231	0.00902	0.00617	0.00525	0.01131
7	0.01991	0.01916	0.05536	0.06165	0.05929	0.09923	0.07856	0.06154	0.12936	0.07653	0.02102	0.08255	0.01780	0.01289	0.04717	0.00303	0.07422	0.00845	0.00550	0.06679
8	0.01257	0.03542	0.06809	0.01199	0.01434	0.00969	0.00975	0.01653	0.06170	0.04443	0.16596	0.31080	0.04477	0.10333	0.01276	0.00339	0.00575	0.05433	0.00684	0.00756
9	0.09785	0.01516	0.08027	0.06428	0.01990	0.04162	0.03408	0.05688	0.05429	0.05084	0.07377	0.20126	0.11730	0.01418	0.00812	0.00261	0.00672	0.01210	0.04017	0.00861
10	0.01867	0.04737	0.05685	0.09498	0.09243	0.06893	0.01489	0.07299	0.05303	0.06092	0.01984	0.12436	0.01835	0.01211	0.01099	0.05169	0.08290	0.00875	0.00512	0.08483
11	0.05473	0.01353	0.07281	0.01319	0.01643	0.01171	0.04942	0.11113	0.01803	0.02538	0.03230	0.21177	0.10731	0.12412	0.01418	0.04205	0.00677	0.01255	0.05472	0.00786

[dist]
# distance from previous block
# <min> <max>
2	258

[block]
# block no. 8 follows, 25 sequences, length 24
# corresponding to MSA columns:
# 595-618
name=unknown_I
#
# <colnr> <probs for GDERKNQSTAVLIFYWHMCP>
#	G	D	E	R	K	N	Q	S	T	A	V	L	I	F	Y	W	H	M	C	P
0	0.01280	0.01285	0.07133	0.01729	0.09183	0.01086	0.04848	0.01602	0.01504	0.02117	0.05428	0.17126	0.05737	0.09301	0.20129	0.00572	0.01092	0.01135	0.00507	0.07207
1	0.01851	0.11535	0.27228	0.01998	0.02774	0.01920	0.11785	0.07976	0.10341	0.05284	0.02105	0.06146	0.03784	0.00921	0.00767	0.00244	0.00951	0.00796	0.00498	0.01097
2	0.01844	0.01366	0.02048	0.20228	0.08423	0.01434	0.06187	0.07679	0.05545	0.12321	0.08070	0.10764	0.08407	0.01174	0.00835	0.00257	0.00772	0.01044	0.00622	0.00978
3	0.01451	0.03720	0.10099	0.01270	0.01654	0.01139	0.01126	0.09874	0.01926	0.05663	0.04495	0.25392	0.22688	0.01729	0.00884	0.00273	0.00612	0.04486	0.00674	0.00844
4	0.01574	0.01253	0.01872	0.26059	0.08355	0.01423	0.01526	0.08452	0.01730	0.05141	0.02208	0.08565	0.04274	0.02462	0.21065	0.00548	0.01222	0.00902	0.00487	0.00882
5	0.02085	0.11903	0.18290	0.02208	0.05900	0.16614	0.12169	0.07807	0.05552	0.02475	0.01750	0.01968	0.04050	0.00831	0.00797	0.00231	0.03208	0.00675	0.00437	0.01049
6	0.02047	0.15632	0.05426	0.01501	0.01920	0.01867	0.01310	0.02719	0.14309	0.15248	0.13659	0.02745	0.02565	0.01095	0.01085	0.00250	0.14143	0.00808	0.00636	0.01035
7	0.01919	0.01842	0.03147	0.04759	0.67914	0.01842	0.02380	0.02380	0.01765	0.02533	0.01458	0.01919	0.01228	0.00691	0.00768	0.00230	0.00921	0.00691	0.00384	0.01228
8	0.01538	0.01267	0.01830	0.20205	0.02677	0.01461	0.06207	0.02244	0.12780	0.02477	0.05299	0.02738	0.01939	0.04088	0.04854	0.00322	0.07167	0.00807	0.19229	0.00872
9	0.02085	0.01956	0.03025	0.09317	0.33281	0.05183	0.12405	0.14653	0.02146	0.02897	0.01649	0.02216	0.01348	0.00806	0.00804	0.00242	0.00995	0.03372	0.00473	0.01147
10	0.00916	0.00785	0.00785	0.00785	0.01047	0.00655	0.00589	0.01113	0.01767	0.02095	0.07855	0.07462	0.67599	0.01964	0.00916	0.00262	0.00393	0.01636	0.00720	0.00655
11	0.01830	0.02092	0.04575	0.03268	0.04052	0.01961	0.65098	0.02484	0.01830	0.02484	0.01569	0.02092	0.01176	0.00654	0.00915	0.00261	0.01307	0.00915	0.00392	0.01046
12	0.05509	0.02323	0.13558	0.08552	0.09101	0.10766	0.04751	0.12751	0.08918	0.06748	0.03962	0.02417	0.03505	0.00921	0.00770	0.00243	0.00940	0.02630	0.00551	0.01083
13	0.01620	0.01579	0.02209	0.01914	0.01926	0.02181	0.01579	0.01791	0.01190	0.01844	0.01173	0.01965	0.01178	0.04972	0.08353	0.00436	0.62208	0.00712	0.00352	0.00818
14	0.01097	0.00793	0.01036	0.00975	0.01158	0.00732	0.00732	0.01463	0.02195	0.03109	0.67505	0.05792	0.07316	0.01585	0.00914	0.00244	0.00366	0.01402	0.00854	0.00732
15	0.01464	0.01378	0.02326	0.70887	0.05340	0.01723	0.02153	0.01981	0.01550	0.01981	0.01378	0.02067	0.01034	0.00775	0.00775	0.00258	0.01034	0.00689	0.00345	0.00861
16	0.08856	0.07573	0.02507	0.26299	0.19539	0.05719	0.01844	0.08250	0.07374	0.02614	0.01533	0.01904	0.01200	0.00780	0.00721	0.00237	0.00917	0.00649	0.00447	0.01037
17	0.02029	0.01629	0.15025	0.01335	0.01870	0.01084	0.01284	0.02460	0.02013	0.25976	0.21137	0.03887	0.10924	0.01203	0.00813	0.00242	0.00631	0.01008	0.04435	0.01014
18	0.00945	0.00675	0.00900	0.01080	0.01125	0.00630	0.00720	0.01080	0.01484	0.01979	0.04274	0.72245	0.05128	0.02429	0.00990	0.00315	0.00450	0.02204	0.00720	0.00630
19	0.02090	0.38628	0.03295	0.01955	0.09021	0.12615	0.01550	0.02335	0.01596	0.01920	0.01122	0.01444	0.01026	0.00849	0.01036	0.00218	0.17462	0.00518	0.00349	0.00971
20	0.01987	0.09376	0.08494	0.06382	0.10351	0.01978	0.11346	0.15542	0.07968	0.02913	0.01804	0.05949	0.01496	0.00886	0.00819	0.00233	0.03259	0.00771	0.00516	0.07929
21	0.01216	0.00990	0.01486	0.01382	0.01506	0.01144	0.04646	0.01438	0.01273	0.01813	0.02175	0.09614	0.02223	0.16352	0.38840	0.00895	0.10880	0.00995	0.00442	0.00689
22	0.01410	0.01165	0.01491	0.01474	0.05228	0.04104	0.01071	0.05266	0.01502	0.02115	0.01906	0.02722	0.01745	0.07142	0.46020	0.00900	0.01638	0.00760	0.00442	0.11898
23	0.04321	0.05004	0.05373	0.09019	0.14879	0.01770	0.09963	0.01977	0.01518	0.02210	0.01800	0.12123	0.01742	0.01357	0.04515	0.00320	0.17404	0.00917	0.02864	0.00923

[dist]
# distance from previous block
# <min> <max>
2	13

[block]
# block no. 9 follows, 25 sequences, length 26
# corresponding to MSA columns:
# 632-657
name=unknown_J
#
# <colnr> <probs for GDERKNQSTAVLIFYWHMCP>
#	G	D	E	R	K	N	Q	S	T	A	V	L	I	F	Y	W	H	M	C	P
0	0.05783	0.11603	0.02112	0.01487	0.01970	0.04573	0.01202	0.21020	0.23325	0.03249	0.02161	0.02432	0.01750	0.09315	0.01087	0.00288	0.00756	0.00736	0.00641	0.04511
1	0.05374	0.01667	0.02625	0.15367	0.38714	0.01835	0.02034	0.02268	0.04956	0.02410	0.01759	0.02197	0.04348	0.00873	0.00996	0.00253	0.10113	0.00730	0.00412	0.01069
2	0.04381	0.20366	0.16316	0.07022	0.08288	0.11003	0.01783	0.05459	0.01865	0.10891	0.01645	0.02018	0.01305	0.00827	0.00692	0.00223	0.00960	0.03422	0.00469	0.01063
3	0.01881	0.08873	0.06188	0.13738	0.03327	0.01918	0.24819	0.02575	0.09283	0.08028	0.02048	0.02347	0.04436	0.00865	0.00936	0.00255	0.06164	0.00813	0.00482	0.01026
4	0.01116	0.00798	0.01082	0.01082	0.01164	0.00880	0.00765	0.01279	0.01198	0.01678	0.02227	0.03877	0.02299	0.33247	0.42739	0.01043	0.01534	0.00952	0.00438	0.00601
5	0.01739	0.01546	0.01918	0.02217	0.18112	0.01671	0.01394	0.03133	0.38524	0.02855	0.03607	0.03499	0.14174	0.01132	0.00807	0.00255	0.00649	0.00972	0.00676	0.01121
6	0.01913	0.15754	0.07619	0.05171	0.08544	0.06901	0.06929	0.04436	0.07560	0.05110	0.01816	0.02578	0.01610	0.10226	0.01308	0.00307	0.07160	0.03621	0.00467	0.00971
7	0.00965	0.00774	0.00862	0.00868	0.01084	0.00671	0.00640	0.01197	0.01842	0.02337	0.22470	0.14593	0.45124	0.01923	0.00924	0.00263	0.00393	0.01644	0.00754	0.00671
8	0.02896	0.03695	0.02197	0.01998	0.02397	0.69638	0.01498	0.03096	0.02197	0.01898	0.01199	0.01398	0.00999	0.00799	0.00699	0.00200	0.01398	0.00499	0.00400	0.00899
9	0.01851	0.01815	0.03222	0.12890	0.52095	0.01842	0.10159	0.02342	0.01746	0.02458	0.01462	0.01959	0.01197	0.00697	0.00787	0.00238	0.00983	0.00719	0.00380	0.01159
10	0.01709	0.01555	0.02267	0.04775	0.10544	0.01686	0.11112	0.05545	0.21405	0.02681	0.05409	0.05351	0.07294	0.04819	0.01158	0.00294	0.07150	0.03639	0.00595	0.01012
11	0.01082	0.00792	0.01015	0.00959	0.01149	0.00725	0.00719	0.01433	0.02158	0.03023	0.62426	0.05934	0.12449	0.01617	0.00915	0.00245	0.00368	0.01422	0.00842	0.00725
12	0.02861	0.02129	0.02278	0.01766	0.02371	0.02364	0.01453	0.60117	0.08999	0.04747	0.01972	0.01949	0.01408	0.00941	0.00777	0.00235	0.00833	0.00713	0.00777	0.01311
13	0.01493	0.01434	0.02502	0.65586	0.05239	0.01741	0.07088	0.02020	0.01572	0.02020	0.01393	0.02069	0.01045	0.00766	0.00786	0.00259	0.01055	0.00707	0.00348	0.00876
14	0.01888	0.02110	0.10219	0.12340	0.28819	0.05403	0.04169	0.05487	0.08948	0.02530	0.01587	0.01966	0.01267	0.00839	0.00971	0.00251	0.08971	0.00694	0.00432	0.01108
15	0.00945	0.00675	0.00900	0.01080	0.01125	0.00630	0.00720	0.01080	0.01484	0.01979	0.04274	0.72245	0.05128	0.02429	0.00990	0.00315	0.00450	0.02204	0.00720	0.00630
16	0.01108	0.00831	0.01246	0.01246	0.01385	0.00969	0.00969	0.01385	0.01246	0.01800	0.02077	0.03046	0.01938	0.05815	0.69678	0.01246	0.02077	0.00831	0.00415	0.00692
17	0.08742	0.04363	0.05284	0.26210	0.06412	0.01800	0.04957	0.07419	0.04788	0.10440	0.04749	0.02172	0.01512	0.00889	0.00902	0.00254	0.06877	0.00714	0.00511	0.01005
18	0.00995	0.00747	0.00921	0.01031	0.01162	0.00685	0.00749	0.01183	0.01621	0.02083	0.07482	0.38547	0.23238	0.05364	0.01110	0.00323	0.00483	0.10919	0.00713	0.00646
19	0.02947	0.02172	0.02327	0.01784	0.02404	0.02404	0.01474	0.65329	0.03646	0.04887	0.01862	0.01862	0.01319	0.00931	0.00776	0.00233	0.00853	0.00698	0.00776	0.01319
20	0.13789	0.25391	0.05955	0.07537	0.04713	0.07644	0.01391	0.07406	0.01735	0.02449	0.01453	0.04834	0.01285	0.01235	0.06497	0.00297	0.00957	0.00607	0.00430	0.04395
21	0.17347	0.05220	0.01679	0.01446	0.01781	0.22110	0.01121	0.05098	0.04508	0.02367	0.01719	0.05376	0.01566	0.05181	0.19679	0.00525	0.01268	0.00701	0.00469	0.00838
22	0.11946	0.01859	0.08194	0.11726	0.13573	0.07797	0.01564	0.02440	0.12255	0.02650	0.09351	0.02906	0.08602	0.01003	0.00755	0.00244	0.00797	0.00827	0.00537	0.00976
23	0.01110	0.00820	0.01192	0.01192	0.01312	0.00940	0.00902	0.01350	0.01230	0.01760	0.02126	0.03318	0.02056	0.14782	0.60873	0.01180	0.01899	0.00870	0.00423	0.00662
24	0.01679	0.14390	0.02650	0.04245	0.08749	0.01654	0.15222	0.04909	0.01757	0.02437	0.02286	0.11576	0.04594	0.01037	0.00749	0.00227	0.00794	0.02847	0.11270	0.06928
25	0.02117	0.02023	0.09246	0.01717	0.02413	0.07240	0.09677	0.08099	0.05019	0.11255	0.01734	0.01873	0.01294	0.00725	0.00701	0.00189	0.00838	0.00617	0.00540	0.32681

[dist]
# distance from previous block
# <min> <max>
0	1

[block]
# block no. 10 follows, 25 sequences, length 16
# corresponding to MSA columns:
# 659-674
name=unknown_K
#
# <colnr> <probs for GDERKNQSTAVLIFYWHMCP>
#	G	D	E	R	K	N	Q	S	T	A	V	L	I	F	Y	W	H	M	C	P
0	0.01880	0.12592	0.10263	0.09209	0.06794	0.04950	0.10119	0.07523	0.09024	0.04757	0.02161	0.09568	0.03872	0.01013	0.00821	0.00245	0.02801	0.00873	0.00509	0.01024
1	0.01075	0.00881	0.01080	0.01093	0.01261	0.00894	0.00844	0.01287	0.01621	0.02082	0.07948	0.16891	0.32815	0.04428	0.06582	0.00382	0.08097	0.09406	0.00653	0.00679
2	0.02428	0.43273	0.03259	0.01616	0.02165	0.31741	0.01401	0.02655	0.01843	0.01856	0.01130	0.01310	0.00997	0.00722	0.00584	0.00180	0.01074	0.00451	0.00361	0.00954
3	0.01109	0.00825	0.01216	0.01216	0.01344	0.00953	0.00932	0.01365	0.01237	0.01778	0.02104	0.03198	0.02004	0.10833	0.64751	0.01209	0.01978	0.00853	0.00419	0.00676
4	0.01994	0.56381	0.06820	0.05480	0.05665	0.02776	0.01493	0.02457	0.06839	0.02015	0.01298	0.01477	0.01120	0.00706	0.00562	0.00186	0.00843	0.00489	0.00372	0.01026
5	0.07946	0.04615	0.15543	0.02115	0.10545	0.05537	0.04405	0.13084	0.03948	0.02786	0.01798	0.07184	0.01562	0.01660	0.10859	0.00391	0.03733	0.00775	0.00488	0.01025
6	0.01359	0.02195	0.26202	0.01957	0.02571	0.01346	0.15637	0.01886	0.01627	0.02267	0.02786	0.28646	0.05347	0.01408	0.00879	0.00276	0.00887	0.01308	0.00506	0.00909
7	0.03479	0.01320	0.01799	0.01380	0.01979	0.01140	0.01140	0.03779	0.02219	0.68451	0.03059	0.02639	0.01919	0.00960	0.00780	0.00240	0.00660	0.00780	0.00960	0.01320
8	0.01793	0.01688	0.03061	0.26215	0.28256	0.01766	0.15754	0.02303	0.01728	0.05151	0.01612	0.02263	0.01289	0.00771	0.00813	0.00251	0.01024	0.02801	0.00408	0.01053
9	0.01651	0.01466	0.05027	0.11333	0.09869	0.01409	0.08287	0.04068	0.11710	0.07309	0.10006	0.13978	0.08051	0.01253	0.00850	0.00261	0.00744	0.01135	0.00622	0.00970
10	0.10079	0.01828	0.09280	0.04562	0.04446	0.04609	0.10941	0.11865	0.01927	0.04789	0.02335	0.22486	0.02307	0.01283	0.00886	0.00267	0.03478	0.01122	0.00564	0.00948
11	0.00989	0.00779	0.00892	0.00883	0.01097	0.00682	0.00655	0.01246	0.01910	0.02479	0.30721	0.12053	0.39145	0.01854	0.00922	0.00259	0.00387	0.01591	0.00772	0.00682
12	0.01334	0.01489	0.09627	0.11588	0.09356	0.01362	0.01512	0.01679	0.01576	0.02181	0.08279	0.23162	0.08537	0.01514	0.01158	0.00283	0.12739	0.01257	0.00530	0.00836
13	0.01834	0.07215	0.18524	0.02071	0.10163	0.04597	0.04196	0.02556	0.11158	0.07894	0.02433	0.07832	0.05955	0.01051	0.00889	0.00249	0.05762	0.00856	0.03717	0.01047
14	0.01447	0.03164	0.50238	0.01959	0.02842	0.01547	0.04716	0.02172	0.01659	0.02430	0.08278	0.07972	0.02059	0.05006	0.00962	0.00280	0.00996	0.00832	0.00422	0.01021
15	0.01016	0.00735	0.00952	0.01090	0.01182	0.00692	0.00781	0.01196	0.01569	0.02065	0.07297	0.46870	0.10979	0.07567	0.01215	0.00347	0.00509	0.12593	0.00706	0.00639

[dist]
# distance from previous block
# <min> <max>
0	14

# created by:
# /home/berkeley/.conda/envs/busco_data_prod/bin/msa2prfl.pl pipeline/OGs_align_augustus/4893/36155.fs
