[name]
unknown

[dist]
# distance from previous block
# <min> <max>
3	34

[block]
# block no. 0 follows, 33 sequences, length 26
# corresponding to MSA columns:
# 47-72
name=unknown_A
#
# <colnr> <probs for GDERKNQSTAVLIFYWHMCP>
#	G	D	E	R	K	N	Q	S	T	A	V	L	I	F	Y	W	H	M	C	P
0	0.01881	0.11379	0.13159	0.01365	0.01880	0.06462	0.03150	0.11514	0.04276	0.14823	0.04340	0.01896	0.01403	0.04776	0.03925	0.00244	0.03015	0.00581	0.00484	0.09446
1	0.09259	0.05775	0.07327	0.08044	0.02060	0.01508	0.03804	0.15731	0.13959	0.10271	0.05636	0.02191	0.03846	0.00812	0.00632	0.00202	0.00647	0.02244	0.00543	0.05508
2	0.03918	0.11381	0.12096	0.01559	0.02054	0.01534	0.12799	0.11717	0.03553	0.10512	0.02979	0.07675	0.01545	0.01257	0.08020	0.00294	0.03401	0.02360	0.00467	0.00879
3	0.12948	0.09799	0.01601	0.02672	0.06601	0.03837	0.00978	0.09491	0.09456	0.08453	0.09394	0.05082	0.09992	0.01033	0.02608	0.00220	0.00598	0.00740	0.00535	0.03962
4	0.05020	0.21710	0.04721	0.01334	0.01787	0.22448	0.03009	0.05157	0.06977	0.06269	0.04398	0.01867	0.06265	0.00753	0.00574	0.00174	0.00779	0.00556	0.00429	0.05773
5	0.01804	0.16952	0.06303	0.01320	0.01765	0.09496	0.01157	0.20891	0.04890	0.02477	0.04884	0.02129	0.09597	0.00860	0.00731	0.00188	0.06757	0.00629	0.00474	0.06695
6	0.06261	0.01533	0.02273	0.09895	0.37630	0.04250	0.05427	0.06866	0.03957	0.07445	0.01376	0.01650	0.01073	0.00630	0.00632	0.00193	0.00758	0.00574	0.00403	0.07176
7	0.01094	0.01046	0.07553	0.05566	0.03387	0.00874	0.00933	0.04116	0.06459	0.03842	0.15517	0.28677	0.15458	0.01453	0.00760	0.00232	0.00483	0.01274	0.00585	0.00691
8	0.01772	0.07570	0.10592	0.03897	0.01927	0.09971	0.03561	0.10251	0.13210	0.10144	0.11005	0.06624	0.02165	0.00931	0.00670	0.00207	0.00698	0.03373	0.00544	0.00887
9	0.01500	0.01234	0.01344	0.03732	0.04017	0.08313	0.00943	0.04248	0.09165	0.08536	0.08919	0.14907	0.08569	0.01121	0.00753	0.00204	0.03955	0.03466	0.00547	0.14528
10	0.00910	0.00690	0.00841	0.00813	0.00984	0.00635	0.00606	0.01226	0.04159	0.02367	0.49176	0.10321	0.21918	0.01459	0.00778	0.00216	0.00329	0.01272	0.00687	0.00614
11	0.12334	0.01216	0.01459	0.01161	0.01621	0.01187	0.00949	0.11376	0.07132	0.44846	0.07970	0.02248	0.01855	0.00836	0.00640	0.00205	0.00551	0.00665	0.00727	0.01023
12	0.08791	0.01367	0.01613	0.30245	0.04063	0.10299	0.01310	0.05139	0.01503	0.06890	0.04116	0.02241	0.05837	0.01059	0.04920	0.00260	0.04203	0.02287	0.03101	0.00754
13	0.16529	0.01466	0.01949	0.13438	0.23548	0.05818	0.04111	0.07327	0.01590	0.11439	0.01493	0.04004	0.01199	0.00729	0.00624	0.00206	0.00734	0.02454	0.00441	0.00900
14	0.01386	0.00790	0.01052	0.01017	0.01230	0.00740	0.00799	0.01695	0.04036	0.17331	0.26505	0.19676	0.04202	0.01465	0.00789	0.00239	0.00447	0.15185	0.00694	0.00721
15	0.01075	0.00781	0.00951	0.00890	0.01091	0.00753	0.00673	0.01556	0.10767	0.05214	0.49391	0.07725	0.13915	0.01339	0.00761	0.00214	0.00353	0.01167	0.00702	0.00682
16	0.05839	0.01176	0.01917	0.71021	0.04347	0.01463	0.01764	0.01697	0.01305	0.01755	0.01156	0.01716	0.00868	0.00655	0.00644	0.00218	0.00856	0.00572	0.00299	0.00730
17	0.01066	0.00802	0.01025	0.00971	0.01026	0.00912	0.00684	0.03459	0.01098	0.01533	0.04520	0.03407	0.02099	0.42298	0.22075	0.00675	0.10595	0.00837	0.00393	0.00524
18	0.00845	0.00657	0.00768	0.00767	0.00937	0.00580	0.00565	0.01064	0.01619	0.02122	0.33447	0.15031	0.36066	0.01587	0.00786	0.00222	0.00330	0.01371	0.00658	0.00580
19	0.00830	0.00593	0.00796	0.00949	0.01000	0.00559	0.00660	0.00966	0.01288	0.01712	0.03613	0.68888	0.04292	0.02036	0.00848	0.00271	0.00406	0.09139	0.00611	0.00543
20	0.02611	0.01670	0.01868	0.01432	0.01955	0.01783	0.01183	0.54336	0.02804	0.20787	0.01825	0.01740	0.01242	0.00796	0.00659	0.00199	0.00685	0.00609	0.00696	0.01120
21	0.01535	0.01423	0.02062	0.08289	0.02249	0.07546	0.19388	0.11315	0.03636	0.04043	0.11431	0.16874	0.02396	0.01049	0.00791	0.00223	0.03488	0.00965	0.00502	0.00793
22	0.07588	0.01122	0.01180	0.01008	0.01341	0.04743	0.00798	0.09017	0.08013	0.21023	0.08831	0.02530	0.04718	0.00866	0.00596	0.00189	0.00494	0.00692	0.24405	0.00847
23	0.05401	0.03113	0.64009	0.01765	0.02653	0.01500	0.02220	0.02112	0.04565	0.02178	0.03693	0.01543	0.01066	0.00662	0.00622	0.00209	0.00906	0.00516	0.00318	0.00951
24	0.02445	0.01879	0.02029	0.01572	0.02086	0.07642	0.05184	0.54427	0.05210	0.08408	0.01628	0.01635	0.01156	0.00773	0.00661	0.00198	0.00765	0.00600	0.00626	0.01075
25	0.06160	0.01734	0.05686	0.02387	0.03000	0.01620	0.52766	0.06701	0.04807	0.02349	0.04996	0.01900	0.01296	0.00632	0.00738	0.00218	0.00978	0.00750	0.00392	0.00890

[dist]
# distance from previous block
# <min> <max>
0	2

[block]
# block no. 1 follows, 33 sequences, length 22
# corresponding to MSA columns:
# 75-96
name=unknown_B
#
# <colnr> <probs for GDERKNQSTAVLIFYWHMCP>
#	G	D	E	R	K	N	Q	S	T	A	V	L	I	F	Y	W	H	M	C	P
0	0.02420	0.02675	0.01872	0.01624	0.02017	0.49861	0.01252	0.21367	0.06533	0.02380	0.01276	0.01374	0.00995	0.00723	0.00616	0.00181	0.01019	0.00490	0.00448	0.00879
1	0.06208	0.05267	0.01662	0.01322	0.01745	0.05619	0.01061	0.16744	0.36073	0.11467	0.04390	0.02120	0.01728	0.00834	0.00640	0.00207	0.00605	0.00661	0.00636	0.01012
2	0.00887	0.00711	0.00798	0.00769	0.00973	0.00642	0.00579	0.01206	0.05567	0.02175	0.32574	0.05555	0.42204	0.01496	0.00771	0.00216	0.00335	0.01274	0.00660	0.00609
3	0.00805	0.00655	0.00700	0.00712	0.00895	0.00564	0.00517	0.00969	0.01473	0.01813	0.11841	0.14038	0.54751	0.06164	0.00938	0.00251	0.00355	0.01401	0.00609	0.00550
4	0.07026	0.01763	0.01703	0.01417	0.01857	0.09669	0.01132	0.31380	0.28534	0.05721	0.01928	0.01859	0.01418	0.00807	0.00640	0.00205	0.00679	0.00619	0.00618	0.01027
5	0.01376	0.04146	0.02281	0.51099	0.22468	0.01539	0.04241	0.01797	0.01374	0.01816	0.01184	0.01696	0.00924	0.00632	0.00652	0.00210	0.00854	0.00583	0.00302	0.00824
6	0.07496	0.05356	0.01749	0.01342	0.01799	0.09686	0.02919	0.20093	0.15389	0.18602	0.02097	0.02013	0.04656	0.00806	0.00630	0.00197	0.00671	0.00627	0.00606	0.03266
7	0.01441	0.01372	0.02332	0.38814	0.39457	0.01515	0.01927	0.01855	0.01410	0.01922	0.01205	0.01691	0.00962	0.00622	0.00655	0.00207	0.00829	0.00586	0.00310	0.00891
8	0.00846	0.00600	0.00793	0.00930	0.00978	0.00570	0.00641	0.00971	0.01259	0.01673	0.03459	0.61570	0.04097	0.09404	0.01095	0.00308	0.00432	0.09253	0.00590	0.00529
9	0.01545	0.01395	0.02420	0.02023	0.07406	0.01386	0.29077	0.04965	0.15583	0.06504	0.06402	0.11861	0.02092	0.00935	0.00748	0.00226	0.00761	0.03280	0.00510	0.00882
10	0.01773	0.06704	0.02262	0.02143	0.17459	0.11359	0.11113	0.10426	0.17844	0.02413	0.05417	0.04918	0.01634	0.00787	0.00666	0.00202	0.00770	0.00697	0.00476	0.00937
11	0.01513	0.01052	0.01317	0.05438	0.07282	0.03146	0.00958	0.05135	0.10081	0.13922	0.21485	0.12068	0.09589	0.01186	0.00729	0.00218	0.00511	0.02930	0.00635	0.00804
12	0.01258	0.00734	0.00898	0.00855	0.01062	0.00650	0.00629	0.01436	0.01525	0.16151	0.14213	0.21705	0.26401	0.08210	0.00997	0.00264	0.00414	0.01291	0.00650	0.00659
13	0.04146	0.01487	0.02169	0.30693	0.27869	0.06074	0.01734	0.05131	0.01487	0.04670	0.01223	0.01637	0.00967	0.00687	0.00773	0.00212	0.07250	0.00571	0.00347	0.00874
14	0.01569	0.30268	0.33194	0.01613	0.02333	0.04498	0.06955	0.02195	0.07917	0.01935	0.01228	0.01388	0.00960	0.00624	0.00565	0.00185	0.00850	0.00481	0.00322	0.00918
15	0.01318	0.00790	0.00961	0.00891	0.01129	0.00727	0.00684	0.01582	0.04180	0.16281	0.13980	0.06954	0.28162	0.08879	0.05776	0.00317	0.00525	0.05545	0.00633	0.00687
16	0.06858	0.01297	0.01486	0.03615	0.03857	0.05102	0.01006	0.17362	0.01954	0.27123	0.06645	0.02439	0.06845	0.01252	0.07439	0.00280	0.00715	0.00700	0.03097	0.00925
17	0.01842	0.10170	0.12213	0.04801	0.19332	0.06190	0.08555	0.11193	0.01712	0.09246	0.01515	0.01714	0.03228	0.00706	0.00717	0.00200	0.04711	0.00589	0.00414	0.00954
18	0.01714	0.02144	0.20772	0.04545	0.21505	0.05707	0.18090	0.06265	0.03630	0.07181	0.01388	0.01645	0.01037	0.00633	0.00673	0.00206	0.00907	0.00607	0.00379	0.00974
19	0.01292	0.02941	0.58780	0.01848	0.02695	0.01436	0.08625	0.01976	0.01427	0.02099	0.05540	0.05587	0.01353	0.00737	0.00660	0.00213	0.00915	0.00628	0.00327	0.00921
20	0.07075	0.06077	0.07945	0.06083	0.06481	0.42919	0.01377	0.02506	0.07076	0.04736	0.01235	0.01392	0.00973	0.00680	0.00593	0.00184	0.00985	0.00475	0.00377	0.00833
21	0.04683	0.01046	0.01088	0.00979	0.01246	0.04802	0.00757	0.09067	0.08609	0.08552	0.17920	0.07676	0.12591	0.01221	0.02763	0.00226	0.00499	0.00918	0.14604	0.00753

[dist]
# distance from previous block
# <min> <max>
1	2

[block]
# block no. 2 follows, 33 sequences, length 32
# corresponding to MSA columns:
# 99-130
name=unknown_C
#
# <colnr> <probs for GDERKNQSTAVLIFYWHMCP>
#	G	D	E	R	K	N	Q	S	T	A	V	L	I	F	Y	W	H	M	C	P
0	0.06204	0.01618	0.01958	0.16053	0.20532	0.09913	0.01451	0.11732	0.08301	0.06300	0.01434	0.01651	0.01098	0.00672	0.00620	0.00192	0.00759	0.00556	0.00437	0.08516
1	0.04970	0.00728	0.00810	0.00795	0.00965	0.00689	0.00572	0.01228	0.04798	0.02050	0.21665	0.13923	0.25250	0.12674	0.01127	0.00280	0.00399	0.01203	0.03485	0.02389
2	0.01587	0.01400	0.02038	0.17622	0.15990	0.01415	0.06996	0.12755	0.05535	0.02410	0.03446	0.01731	0.01203	0.00644	0.00624	0.00178	0.00712	0.00576	0.00420	0.22719
3	0.01006	0.00723	0.00802	0.00808	0.00838	0.02758	0.00505	0.01052	0.01032	0.01356	0.02123	0.04314	0.02394	0.63663	0.08566	0.00633	0.00738	0.05841	0.00409	0.00439
4	0.04080	0.13405	0.05005	0.04325	0.08015	0.12822	0.01282	0.18809	0.01997	0.21597	0.01591	0.01609	0.01137	0.00712	0.00606	0.00187	0.00764	0.00538	0.00531	0.00987
5	0.01538	0.08334	0.11285	0.05951	0.25467	0.03612	0.03347	0.05051	0.07040	0.04192	0.12546	0.05175	0.02018	0.00812	0.00659	0.00201	0.00706	0.00714	0.00443	0.00908
6	0.01006	0.00747	0.00904	0.00903	0.01082	0.00717	0.00698	0.03351	0.05504	0.02293	0.30932	0.12911	0.18843	0.01494	0.00780	0.00230	0.00394	0.11909	0.04670	0.00633
7	0.00923	0.00649	0.00806	0.00824	0.00872	0.00667	0.00537	0.01007	0.01053	0.01419	0.02468	0.12602	0.06813	0.45132	0.20752	0.00674	0.00872	0.01030	0.00426	0.00472
8	0.04277	0.12149	0.16246	0.03085	0.06000	0.10299	0.03212	0.09392	0.03579	0.06107	0.01743	0.06354	0.02865	0.00948	0.00737	0.04173	0.00777	0.06781	0.00432	0.00844
9	0.01467	0.10383	0.23178	0.08186	0.10955	0.01579	0.08191	0.05249	0.01453	0.03972	0.01570	0.01875	0.04952	0.01136	0.07911	0.00290	0.05824	0.00607	0.00351	0.00873
10	0.01021	0.00724	0.00880	0.00877	0.01075	0.00662	0.00688	0.01301	0.03273	0.06033	0.26545	0.09291	0.29479	0.01548	0.00796	0.00234	0.00397	0.13888	0.00659	0.00627
11	0.02336	0.16227	0.02145	0.01595	0.01974	0.61574	0.01246	0.02513	0.01772	0.01600	0.01000	0.01164	0.00847	0.00658	0.00563	0.00165	0.01102	0.00411	0.00329	0.00778
12	0.04924	0.08121	0.04724	0.07555	0.06659	0.06574	0.05751	0.13871	0.03434	0.16828	0.03835	0.02206	0.01502	0.03037	0.00719	0.00214	0.00721	0.04344	0.04074	0.00910
13	0.00903	0.00753	0.00927	0.01083	0.07950	0.00675	0.00718	0.01113	0.01516	0.01912	0.12580	0.13060	0.45825	0.01581	0.00783	0.00229	0.00402	0.06783	0.00595	0.00612
14	0.00809	0.00576	0.00762	0.00908	0.00944	0.00539	0.00602	0.00918	0.01247	0.01663	0.03559	0.73233	0.04267	0.05382	0.00952	0.00284	0.00393	0.01831	0.00602	0.00529
15	0.06748	0.13928	0.07403	0.01677	0.06930	0.11496	0.10660	0.08430	0.01569	0.02059	0.01511	0.05141	0.01398	0.03135	0.02521	0.06492	0.00830	0.06895	0.00392	0.00785
16	0.01753	0.47717	0.18745	0.01380	0.01996	0.12135	0.01434	0.02146	0.04150	0.01724	0.01057	0.01203	0.00888	0.00606	0.00501	0.00163	0.00823	0.00407	0.00304	0.00870
17	0.01152	0.00946	0.01048	0.00974	0.01228	0.00980	0.00744	0.01998	0.27592	0.02450	0.28843	0.04388	0.22531	0.01265	0.00737	0.00217	0.00395	0.01079	0.00674	0.00759
18	0.00945	0.00688	0.00971	0.00971	0.01058	0.00775	0.00714	0.01119	0.01032	0.01463	0.01843	0.03029	0.01838	0.23445	0.56011	0.00950	0.01474	0.00770	0.00365	0.00539
19	0.77084	0.01267	0.01023	0.04973	0.01453	0.01476	0.00775	0.01921	0.01131	0.02883	0.00931	0.01107	0.00722	0.00614	0.00421	0.00205	0.00530	0.00369	0.00401	0.00714
20	0.00942	0.00681	0.00945	0.00957	0.01037	0.00753	0.00696	0.01105	0.01052	0.01476	0.01998	0.06936	0.02062	0.25566	0.47835	0.00874	0.01333	0.02835	0.00387	0.00531
21	0.01471	0.02437	0.33533	0.12696	0.11234	0.07451	0.06495	0.01988	0.01383	0.01922	0.01135	0.01488	0.00882	0.00706	0.00875	0.00218	0.12365	0.00540	0.00296	0.00886
22	0.00801	0.00578	0.00759	0.00903	0.00951	0.00536	0.00605	0.00918	0.01274	0.01686	0.03795	0.72589	0.08092	0.02041	0.00837	0.00265	0.00379	0.01845	0.00611	0.00536
23	0.01143	0.01008	0.01564	0.05328	0.13721	0.01024	0.07446	0.01471	0.03116	0.02082	0.23146	0.06311	0.13522	0.05909	0.05928	0.00299	0.04781	0.00983	0.00507	0.00710
24	0.66247	0.01367	0.01122	0.00972	0.01393	0.03456	0.00796	0.07882	0.03209	0.06892	0.01115	0.01217	0.00836	0.00647	0.00455	0.00203	0.00549	0.00405	0.00456	0.00780
25	0.00851	0.00645	0.00795	0.00857	0.00975	0.00600	0.00607	0.01072	0.03497	0.01912	0.17298	0.40512	0.21242	0.01912	0.03791	0.00276	0.00417	0.01544	0.00624	0.00573
26	0.01589	0.05551	0.04014	0.07306	0.02098	0.01311	0.08362	0.10777	0.01609	0.04982	0.01348	0.03905	0.01107	0.00645	0.00638	0.00156	0.03562	0.00539	0.00421	0.40081
27	0.02171	0.01647	0.05227	0.01297	0.01827	0.08955	0.01090	0.17964	0.07212	0.21127	0.01733	0.01707	0.01236	0.00699	0.00604	0.00170	0.00661	0.00542	0.00572	0.23560
28	0.04611	0.01514	0.02361	0.23071	0.46106	0.04179	0.01861	0.04732	0.01513	0.02116	0.01214	0.01624	0.00982	0.00619	0.00642	0.00201	0.00810	0.00572	0.00334	0.00939
29	0.04728	0.01744	0.01981	0.05961	0.24879	0.16067	0.03215	0.12404	0.04502	0.02334	0.03559	0.07847	0.04066	0.00828	0.00655	0.00198	0.00779	0.00701	0.00440	0.03111
30	0.08283	0.01786	0.05755	0.01544	0.06575	0.14048	0.01201	0.15575	0.14315	0.12984	0.06874	0.02182	0.01719	0.00835	0.00646	0.00204	0.00712	0.03250	0.00567	0.00943
31	0.02017	0.08256	0.01871	0.01433	0.01835	0.23736	0.04171	0.09299	0.10422	0.09941	0.03500	0.02125	0.04604	0.00829	0.00692	0.00191	0.03831	0.03490	0.00494	0.07264

[dist]
# distance from previous block
# <min> <max>
1	53

[block]
# block no. 3 follows, 33 sequences, length 18
# corresponding to MSA columns:
# 184-201
name=unknown_D
#
# <colnr> <probs for GDERKNQSTAVLIFYWHMCP>
#	G	D	E	R	K	N	Q	S	T	A	V	L	I	F	Y	W	H	M	C	P
0	0.07676	0.18241	0.19189	0.01442	0.02029	0.07379	0.03995	0.12540	0.06418	0.05776	0.01597	0.03950	0.03625	0.00743	0.00588	0.00190	0.00762	0.00569	0.00430	0.02863
1	0.04957	0.18790	0.02039	0.03221	0.08869	0.03619	0.03430	0.10716	0.01635	0.08352	0.02189	0.02338	0.12571	0.03009	0.00781	0.02892	0.02634	0.00657	0.00455	0.06848
2	0.01484	0.03621	0.05704	0.01328	0.05761	0.03405	0.01008	0.10427	0.10468	0.07708	0.05130	0.26039	0.05960	0.03432	0.00791	0.00233	0.00562	0.02314	0.00573	0.04052
3	0.25413	0.06605	0.01814	0.01797	0.17847	0.01578	0.01190	0.11003	0.04050	0.08962	0.03284	0.01565	0.01156	0.00699	0.00650	0.00196	0.05137	0.00519	0.00459	0.06077
4	0.01896	0.11101	0.01854	0.01305	0.01641	0.01726	0.01064	0.28535	0.06598	0.06945	0.01622	0.02116	0.01385	0.14720	0.03613	0.00312	0.11538	0.00643	0.00511	0.00875
5	0.06271	0.01372	0.02260	0.35404	0.38233	0.01514	0.01857	0.01865	0.01395	0.01992	0.01189	0.01651	0.00950	0.00620	0.00640	0.00207	0.00808	0.00572	0.00316	0.00885
6	0.22502	0.01134	0.01277	0.01041	0.01472	0.01117	0.00849	0.05525	0.04349	0.36335	0.02272	0.02163	0.05639	0.00931	0.02881	0.00225	0.00559	0.00617	0.05458	0.03656
7	0.01850	0.14969	0.03043	0.02102	0.04562	0.15314	0.32127	0.08345	0.07261	0.02153	0.01328	0.01576	0.01036	0.00628	0.00660	0.00196	0.00965	0.00614	0.00381	0.00894
8	0.01431	0.01310	0.01944	0.19644	0.04869	0.03770	0.08308	0.03783	0.05947	0.03894	0.01450	0.04339	0.01242	0.01443	0.11253	0.00350	0.20732	0.00670	0.02852	0.00768
9	0.00948	0.00644	0.00765	0.00772	0.00789	0.00657	0.00464	0.00984	0.00985	0.01329	0.02109	0.07573	0.02391	0.63864	0.12477	0.00675	0.00773	0.00969	0.00403	0.00430
10	0.00868	0.00698	0.00784	0.00803	0.00995	0.00629	0.00613	0.01133	0.04380	0.01948	0.14931	0.13593	0.45587	0.01650	0.00795	0.00234	0.00373	0.08768	0.00629	0.00588
11	0.00815	0.00583	0.00776	0.00908	0.00958	0.00543	0.00612	0.00949	0.01321	0.01777	0.10561	0.69226	0.04541	0.01990	0.00834	0.00261	0.00375	0.01803	0.00623	0.00543
12	0.00880	0.00652	0.00844	0.05319	0.01158	0.00620	0.00662	0.01083	0.01465	0.01985	0.21868	0.38528	0.15257	0.01664	0.00784	0.00236	0.00382	0.01478	0.04558	0.00576
13	0.02115	0.14394	0.02128	0.10032	0.03988	0.37300	0.01307	0.10484	0.08436	0.02030	0.01247	0.01408	0.00997	0.00689	0.00590	0.00180	0.00947	0.00485	0.00393	0.00848
14	0.01814	0.05689	0.06353	0.05198	0.22600	0.22176	0.01484	0.04852	0.13584	0.02116	0.03364	0.01901	0.04541	0.00744	0.00635	0.00194	0.00830	0.00602	0.00417	0.00907
15	0.04020	0.03925	0.01118	0.01166	0.05485	0.03640	0.00820	0.01320	0.01414	0.04808	0.07496	0.35316	0.11407	0.01741	0.03553	0.00275	0.00536	0.10755	0.00567	0.00637
16	0.01570	0.04140	0.01803	0.08146	0.15806	0.01241	0.01216	0.05965	0.01520	0.06658	0.01454	0.01975	0.01236	0.00693	0.00654	0.00165	0.03677	0.05690	0.00420	0.35970
17	0.04749	0.01457	0.10357	0.03844	0.01720	0.05034	0.01118	0.06657	0.06428	0.08448	0.01731	0.07098	0.01516	0.06106	0.14362	0.02897	0.04883	0.00681	0.00448	0.10466

[dist]
# distance from previous block
# <min> <max>
0	3

[block]
# block no. 4 follows, 33 sequences, length 21
# corresponding to MSA columns:
# 205-225
name=unknown_E
#
# <colnr> <probs for GDERKNQSTAVLIFYWHMCP>
#	G	D	E	R	K	N	Q	S	T	A	V	L	I	F	Y	W	H	M	C	P
0	0.01225	0.00964	0.01154	0.02757	0.01404	0.00842	0.00781	0.04628	0.04264	0.03798	0.07068	0.18433	0.11007	0.01148	0.00667	0.00184	0.00467	0.05529	0.00530	0.33151
1	0.01825	0.07103	0.02009	0.04731	0.12854	0.02578	0.04759	0.06920	0.07739	0.13855	0.01541	0.01676	0.01171	0.00677	0.00701	0.00177	0.05708	0.00548	0.00470	0.22959
2	0.01940	0.05105	0.15279	0.07980	0.08376	0.10554	0.04038	0.10838	0.04028	0.14889	0.03403	0.01762	0.01250	0.00876	0.03164	0.00231	0.04303	0.00584	0.00464	0.00937
3	0.00926	0.00670	0.00847	0.00874	0.00918	0.00696	0.00584	0.01022	0.01128	0.01532	0.06314	0.24169	0.05673	0.35081	0.12676	0.00541	0.04193	0.01187	0.00472	0.00497
4	0.01756	0.19566	0.25443	0.01715	0.05169	0.06717	0.06176	0.08094	0.03826	0.07257	0.01357	0.01627	0.01065	0.00708	0.00685	0.00197	0.04829	0.02503	0.00383	0.00928
5	0.01812	0.14943	0.19512	0.02094	0.12649	0.08171	0.13095	0.07579	0.04252	0.07755	0.01354	0.01536	0.01024	0.00640	0.00624	0.00193	0.00873	0.00553	0.00387	0.00954
6	0.00965	0.00678	0.00847	0.00904	0.00965	0.00681	0.00611	0.04223	0.01235	0.01655	0.02806	0.36487	0.03232	0.29049	0.08083	0.00468	0.00623	0.05452	0.00515	0.00522
7	0.01162	0.01008	0.01464	0.07315	0.21690	0.01014	0.01140	0.01567	0.07526	0.02029	0.09714	0.19866	0.16188	0.01284	0.00744	0.00227	0.00539	0.04250	0.00522	0.00753
8	0.00965	0.00714	0.00847	0.00888	0.01014	0.00683	0.00633	0.05984	0.01452	0.01885	0.06846	0.35464	0.20663	0.12538	0.01174	0.00304	0.00445	0.06341	0.00589	0.00571
9	0.01653	0.22461	0.11404	0.03461	0.04647	0.07964	0.07792	0.08218	0.04356	0.04639	0.01718	0.15533	0.01626	0.00908	0.00630	0.00198	0.00755	0.00765	0.00424	0.00847
10	0.01416	0.01796	0.14070	0.04128	0.02755	0.01538	0.37399	0.01841	0.01361	0.01906	0.01337	0.05641	0.01139	0.00891	0.01124	0.07203	0.12593	0.00735	0.00327	0.00800
11	0.12665	0.01567	0.01748	0.01483	0.04416	0.05948	0.05733	0.22456	0.17031	0.12790	0.03524	0.01894	0.01442	0.00775	0.00628	0.00203	0.00661	0.00621	0.03434	0.00979
12	0.01712	0.01455	0.04372	0.17363	0.06109	0.04229	0.03998	0.23485	0.02032	0.05922	0.09873	0.02591	0.10116	0.00897	0.00681	0.00206	0.00692	0.00752	0.02648	0.00869
13	0.06819	0.14076	0.06056	0.09572	0.02302	0.04240	0.11698	0.15889	0.05793	0.04374	0.01545	0.04599	0.01306	0.04314	0.00787	0.00224	0.02213	0.02884	0.00442	0.00867
14	0.01421	0.01129	0.01279	0.01212	0.01476	0.05935	0.03434	0.04296	0.18278	0.07713	0.03352	0.18080	0.11733	0.01389	0.00768	0.00244	0.00566	0.16313	0.00613	0.00768
15	0.00942	0.00700	0.01029	0.01029	0.01136	0.00807	0.00786	0.01157	0.01049	0.01506	0.01790	0.02735	0.01710	0.11156	0.68125	0.01022	0.01666	0.00727	0.00357	0.00571
16	0.06736	0.09266	0.20239	0.11619	0.06588	0.05422	0.01482	0.01753	0.01389	0.01942	0.06322	0.02673	0.03931	0.07438	0.00923	0.00250	0.03088	0.07788	0.00381	0.00770
17	0.07515	0.09826	0.17576	0.06715	0.14727	0.01727	0.07490	0.15176	0.05440	0.02513	0.01312	0.01522	0.01002	0.00647	0.00611	0.00195	0.00792	0.00542	0.00400	0.04272
18	0.01226	0.01004	0.01363	0.20006	0.05951	0.01116	0.01095	0.04460	0.14654	0.02035	0.04201	0.23102	0.02477	0.07903	0.00953	0.00268	0.00595	0.03374	0.03488	0.00727
19	0.00885	0.00698	0.00817	0.00799	0.00999	0.00604	0.00594	0.01099	0.01552	0.02048	0.24677	0.17839	0.33264	0.01545	0.00767	0.00217	0.00356	0.03097	0.00625	0.07518
20	0.06230	0.05434	0.04495	0.01507	0.07748	0.01249	0.09255	0.07413	0.04277	0.02399	0.24386	0.05070	0.08951	0.03725	0.00871	0.00226	0.04578	0.00891	0.00527	0.00768

[dist]
# distance from previous block
# <min> <max>
8	22

[block]
# block no. 5 follows, 33 sequences, length 12
# corresponding to MSA columns:
# 248-259
name=unknown_F
#
# <colnr> <probs for GDERKNQSTAVLIFYWHMCP>
#	G	D	E	R	K	N	Q	S	T	A	V	L	I	F	Y	W	H	M	C	P
0	0.01764	0.11210	0.19577	0.01523	0.04760	0.10395	0.01411	0.12456	0.07181	0.07512	0.05049	0.07572	0.05051	0.00874	0.00640	0.00199	0.00751	0.00696	0.00476	0.00904
1	0.07050	0.01836	0.01735	0.05068	0.01960	0.22029	0.04168	0.08982	0.10495	0.07337	0.01476	0.01662	0.01157	0.01088	0.06856	0.00265	0.06879	0.00549	0.00450	0.08957
2	0.05396	0.05315	0.01487	0.01228	0.01590	0.01487	0.00969	0.03009	0.49441	0.08602	0.08825	0.05587	0.02331	0.00945	0.00660	0.00217	0.00509	0.00785	0.00652	0.00964
3	0.00984	0.00671	0.00859	0.00907	0.01037	0.00614	0.00656	0.01161	0.01426	0.05448	0.14834	0.39583	0.11673	0.06259	0.00959	0.00269	0.00415	0.08011	0.00618	0.03616
4	0.08366	0.13031	0.17745	0.07216	0.03973	0.03677	0.06951	0.13836	0.05444	0.06282	0.02987	0.01593	0.01128	0.00707	0.00677	0.00201	0.04292	0.00549	0.00423	0.00920
5	0.02230	0.02424	0.07459	0.01795	0.05727	0.30649	0.05047	0.25743	0.07903	0.02659	0.01385	0.01494	0.01052	0.00719	0.00637	0.00191	0.00934	0.00539	0.00469	0.00944
6	0.01901	0.09909	0.07806	0.08178	0.17402	0.01735	0.11348	0.17582	0.06150	0.09326	0.01502	0.01679	0.01119	0.00675	0.00647	0.00199	0.00792	0.00599	0.00458	0.00993
7	0.00856	0.00629	0.00784	0.00836	0.00930	0.00592	0.00578	0.01011	0.01364	0.01819	0.17499	0.33928	0.16274	0.12995	0.06493	0.00359	0.00497	0.01433	0.00584	0.00540
8	0.28957	0.05931	0.10377	0.01327	0.01861	0.05142	0.01207	0.32328	0.02072	0.03240	0.01247	0.01339	0.00921	0.00693	0.00554	0.00197	0.00702	0.00480	0.00493	0.00934
9	0.01603	0.04911	0.01453	0.01223	0.01551	0.11721	0.00953	0.05331	0.36463	0.02489	0.13159	0.02832	0.07474	0.00962	0.00660	0.00205	0.00575	0.00783	0.04777	0.00875
10	0.04603	0.50912	0.09869	0.01515	0.07007	0.04937	0.03582	0.03957	0.01407	0.01791	0.00998	0.01192	0.00867	0.00612	0.00568	0.00166	0.04429	0.00416	0.00304	0.00867
11	0.01769	0.09798	0.06241	0.03674	0.06138	0.01595	0.26625	0.09229	0.06941	0.11067	0.05575	0.02132	0.04661	0.00737	0.00687	0.00206	0.00808	0.00716	0.00475	0.00927

[dist]
# distance from previous block
# <min> <max>
0	1

[block]
# block no. 6 follows, 33 sequences, length 41
# corresponding to MSA columns:
# 261-301
name=unknown_G
#
# <colnr> <probs for GDERKNQSTAVLIFYWHMCP>
#	G	D	E	R	K	N	Q	S	T	A	V	L	I	F	Y	W	H	M	C	P
0	0.01502	0.35567	0.12878	0.01466	0.04239	0.05079	0.06671	0.01804	0.01371	0.01727	0.01716	0.11255	0.05893	0.00877	0.00676	0.00190	0.05242	0.00691	0.00353	0.00804
1	0.00898	0.00701	0.01018	0.01055	0.01167	0.00671	0.05255	0.01121	0.03571	0.01787	0.06151	0.56909	0.07203	0.02019	0.04614	0.00300	0.00508	0.03881	0.00586	0.00584
2	0.01667	0.00871	0.01139	0.00977	0.01266	0.00801	0.00765	0.02052	0.06078	0.26836	0.44273	0.03852	0.04388	0.01137	0.00731	0.00207	0.00409	0.00982	0.00752	0.00818
3	0.01246	0.00819	0.01108	0.01061	0.01223	0.00818	0.03676	0.06605	0.01416	0.08221	0.02681	0.27836	0.02850	0.16860	0.10077	0.00422	0.00691	0.08194	0.03558	0.00636
4	0.01644	0.01741	0.03044	0.06415	0.38522	0.06831	0.27838	0.02083	0.01538	0.02076	0.01255	0.01658	0.01005	0.00584	0.00695	0.00205	0.00939	0.00647	0.00328	0.00951
5	0.81514	0.01273	0.00968	0.00866	0.01273	0.01477	0.00713	0.01935	0.01120	0.02954	0.00917	0.01069	0.00713	0.00611	0.00407	0.00204	0.00509	0.00356	0.00407	0.00713
6	0.00803	0.00624	0.00732	0.00798	0.00928	0.00552	0.00563	0.00959	0.01422	0.01812	0.11299	0.38882	0.34631	0.01822	0.00807	0.00242	0.00354	0.01596	0.00622	0.00552
7	0.01108	0.00886	0.01027	0.01051	0.01236	0.00930	0.00780	0.01841	0.25038	0.02125	0.07165	0.35088	0.10788	0.01571	0.00778	0.00247	0.00437	0.06548	0.00636	0.00718
8	0.04443	0.01141	0.01305	0.01126	0.01454	0.01184	0.00877	0.18492	0.11481	0.18147	0.02451	0.17703	0.02139	0.04215	0.00778	0.00230	0.00527	0.00906	0.10520	0.00881
9	0.00996	0.00687	0.00846	0.00813	0.00996	0.00614	0.00607	0.01241	0.01696	0.06536	0.42093	0.13094	0.24363	0.01484	0.00777	0.00218	0.00340	0.01290	0.00686	0.00623
10	0.01085	0.00809	0.00936	0.00885	0.01097	0.00787	0.00669	0.01578	0.12961	0.04931	0.30809	0.04899	0.24405	0.07103	0.00957	0.00251	0.00399	0.04111	0.00656	0.00671
11	0.00794	0.00605	0.00731	0.00833	0.00933	0.00542	0.00574	0.00926	0.01341	0.01714	0.04653	0.52821	0.27306	0.01929	0.00819	0.00252	0.00366	0.01709	0.00611	0.00542
12	0.01594	0.00995	0.01055	0.00928	0.01201	0.01059	0.00727	0.14976	0.12710	0.05757	0.04488	0.02363	0.01779	0.00812	0.00549	0.00177	0.00430	0.00651	0.46951	0.00798
13	0.00902	0.00695	0.00751	0.00752	0.00963	0.00612	0.00575	0.01138	0.03184	0.03432	0.11607	0.08252	0.52820	0.01581	0.00768	0.00224	0.00360	0.06046	0.04748	0.00591
14	0.00863	0.00670	0.00785	0.00756	0.00941	0.00592	0.00567	0.01109	0.01701	0.02254	0.42962	0.05553	0.35900	0.01490	0.00777	0.00214	0.00321	0.01280	0.00674	0.00592
15	0.00911	0.00617	0.00787	0.00874	0.00949	0.00572	0.00589	0.01033	0.01305	0.04484	0.07874	0.53999	0.10075	0.11303	0.01138	0.00304	0.00412	0.01626	0.00599	0.00548
16	0.00915	0.00625	0.00749	0.00787	0.00807	0.00618	0.00478	0.00965	0.01072	0.01439	0.04933	0.23023	0.03008	0.51976	0.05352	0.00543	0.00604	0.01194	0.00464	0.00449
17	0.02389	0.01885	0.05629	0.01522	0.02058	0.01968	0.01305	0.64490	0.02949	0.03963	0.01630	0.01785	0.01203	0.00820	0.00666	0.00202	0.00733	0.03074	0.00637	0.01093
18	0.01630	0.01545	0.02598	0.09139	0.65457	0.01573	0.01981	0.04262	0.01538	0.02183	0.01245	0.01637	0.01033	0.00599	0.00652	0.00197	0.00787	0.00587	0.00334	0.01023
19	0.02459	0.03138	0.01866	0.01696	0.02035	0.74221	0.01272	0.02629	0.01866	0.01611	0.01018	0.01187	0.00848	0.00678	0.00594	0.00170	0.01187	0.00424	0.00339	0.00763
20	0.02349	0.02824	0.01873	0.01669	0.01999	0.59427	0.01275	0.08388	0.04599	0.01870	0.01118	0.01290	0.00917	0.00734	0.00728	0.00184	0.07117	0.00463	0.00375	0.00801
21	0.00932	0.00671	0.00744	0.00744	0.00939	0.00584	0.00551	0.01123	0.01521	0.05186	0.14183	0.16003	0.45870	0.01583	0.00760	0.00221	0.00346	0.01348	0.06100	0.00591
22	0.00845	0.00629	0.00844	0.00962	0.01002	0.00627	0.00661	0.00969	0.01268	0.01711	0.06053	0.69229	0.04214	0.01981	0.00917	0.00266	0.04907	0.01768	0.00596	0.00549
23	0.01392	0.05767	0.17773	0.01908	0.02318	0.01697	0.18967	0.01774	0.01272	0.01833	0.01344	0.09398	0.01259	0.00954	0.01252	0.00244	0.28981	0.00733	0.00331	0.00804
24	0.01699	0.04196	0.09605	0.08273	0.03047	0.09751	0.38792	0.08061	0.05823	0.02213	0.01359	0.01676	0.01023	0.00624	0.00706	0.00210	0.01007	0.00665	0.00372	0.00897
25	0.01365	0.10906	0.66343	0.01800	0.02732	0.01638	0.02300	0.02073	0.01385	0.02030	0.01154	0.01356	0.00835	0.00619	0.00605	0.00202	0.00946	0.00473	0.00278	0.00960
26	0.00812	0.00584	0.00773	0.00921	0.00970	0.00545	0.00626	0.00937	0.01279	0.01696	0.03724	0.71157	0.06614	0.02039	0.00841	0.00267	0.00390	0.04675	0.00611	0.00538
27	0.01114	0.00849	0.01050	0.01140	0.05417	0.00865	0.00771	0.05511	0.10063	0.02073	0.08837	0.29024	0.10360	0.09373	0.04277	0.00313	0.00524	0.03405	0.04371	0.00666
28	0.04639	0.04529	0.19084	0.01948	0.13831	0.05210	0.05570	0.03152	0.08378	0.04514	0.04113	0.04523	0.04079	0.00846	0.00773	0.00212	0.06676	0.03523	0.00417	0.03984
29	0.01607	0.01392	0.05031	0.05412	0.04235	0.03711	0.08990	0.09026	0.01500	0.10023	0.02862	0.06573	0.01506	0.05450	0.12735	0.00384	0.17596	0.00732	0.00437	0.00799
30	0.00869	0.00646	0.00876	0.00997	0.01046	0.00653	0.00709	0.01007	0.01262	0.01697	0.03388	0.63058	0.04003	0.02083	0.03416	0.00299	0.04905	0.07950	0.00583	0.00554
31	0.04499	0.02248	0.30218	0.01968	0.07874	0.01509	0.13842	0.12108	0.01751	0.10694	0.05710	0.01803	0.01332	0.00699	0.00665	0.00207	0.00843	0.00619	0.00440	0.00972
32	0.05890	0.01709	0.09208	0.08574	0.31981	0.01601	0.04365	0.12687	0.09054	0.06290	0.01490	0.01705	0.01134	0.00672	0.00645	0.00204	0.00759	0.00594	0.00436	0.01003
33	0.00957	0.00641	0.00734	0.00734	0.00740	0.00647	0.00419	0.00968	0.00962	0.01288	0.02060	0.04227	0.02358	0.73478	0.06688	0.00658	0.00691	0.00945	0.00397	0.00408
34	0.81514	0.01273	0.00968	0.00866	0.01273	0.01477	0.00713	0.01935	0.01120	0.02954	0.00917	0.01069	0.00713	0.00611	0.00407	0.00204	0.00509	0.00356	0.00407	0.00713
35	0.00832	0.00669	0.00742	0.00724	0.00922	0.00579	0.00543	0.01049	0.01628	0.02081	0.29744	0.05838	0.49226	0.01554	0.00777	0.00217	0.00325	0.01320	0.00651	0.00579
36	0.01505	0.01221	0.01431	0.01065	0.01570	0.01054	0.00850	0.08780	0.01511	0.04190	0.01290	0.01601	0.01090	0.05369	0.00791	0.00156	0.05045	0.00465	0.00424	0.60592
37	0.01583	0.01457	0.04556	0.01227	0.01598	0.05941	0.01001	0.14810	0.29909	0.02701	0.11017	0.03214	0.16088	0.01053	0.00694	0.00213	0.00559	0.00863	0.00624	0.00892
38	0.04329	0.58905	0.09814	0.01258	0.01828	0.11113	0.01255	0.02060	0.01399	0.01652	0.00953	0.01104	0.00840	0.00585	0.00462	0.00153	0.00782	0.00374	0.00292	0.00843
39	0.66833	0.04517	0.04158	0.01004	0.01434	0.09119	0.00859	0.02015	0.01218	0.02723	0.00938	0.01094	0.00737	0.00617	0.00436	0.00198	0.00607	0.00369	0.00390	0.00734
40	0.04958	0.01400	0.01637	0.08596	0.01988	0.03089	0.03420	0.14882	0.28498	0.02586	0.01897	0.02134	0.01506	0.05704	0.06593	0.00304	0.05175	0.00664	0.00526	0.04443

[dist]
# distance from previous block
# <min> <max>
0	2

[block]
# block no. 7 follows, 33 sequences, length 28
# corresponding to MSA columns:
# 304-331
name=unknown_H
#
# <colnr> <probs for GDERKNQSTAVLIFYWHMCP>
#	G	D	E	R	K	N	Q	S	T	A	V	L	I	F	Y	W	H	M	C	P
0	0.00799	0.00664	0.00699	0.00699	0.00904	0.00563	0.00521	0.00983	0.01538	0.01888	0.15192	0.09149	0.60850	0.01642	0.00781	0.00222	0.00333	0.01384	0.00626	0.00563
1	0.01456	0.01186	0.01387	0.00997	0.01577	0.00912	0.00800	0.03522	0.01430	0.04946	0.01236	0.01405	0.01004	0.00508	0.00499	0.00104	0.00497	0.00406	0.00413	0.75715
2	0.03799	0.00699	0.00749	0.00734	0.00950	0.00612	0.00551	0.01104	0.01545	0.04328	0.17231	0.10343	0.51903	0.01572	0.00765	0.00221	0.00347	0.01326	0.00630	0.00590
3	0.00806	0.00618	0.00740	0.00815	0.00934	0.00551	0.00571	0.00960	0.01411	0.01815	0.11802	0.43177	0.29747	0.01843	0.00811	0.00245	0.00357	0.01623	0.00623	0.00551
4	0.07060	0.22725	0.10952	0.04807	0.06273	0.32508	0.03076	0.02254	0.01567	0.01784	0.01030	0.01233	0.00853	0.00628	0.00550	0.00174	0.00950	0.00433	0.00318	0.00825
5	0.01023	0.00721	0.00942	0.01012	0.01153	0.00708	0.00812	0.02560	0.02705	0.01893	0.07817	0.14298	0.14562	0.01916	0.03916	0.10159	0.00553	0.30571	0.02109	0.00568
6	0.01821	0.01640	0.01751	0.10104	0.07099	0.09480	0.01237	0.16330	0.28728	0.02670	0.01820	0.01872	0.01381	0.00751	0.00635	0.00195	0.00690	0.00607	0.00530	0.10659
7	0.00869	0.00694	0.00789	0.00798	0.00944	0.00659	0.00581	0.01027	0.01399	0.01796	0.09735	0.19547	0.41202	0.07542	0.01067	0.00264	0.05195	0.01352	0.03983	0.00557
8	0.01572	0.31583	0.19745	0.04379	0.04347	0.01943	0.13899	0.03933	0.04429	0.01942	0.01252	0.03607	0.01041	0.00643	0.00580	0.00183	0.00826	0.00544	0.00331	0.03221
9	0.01662	0.37792	0.33419	0.01476	0.02211	0.02046	0.01691	0.06540	0.01495	0.04542	0.01134	0.01277	0.00886	0.00614	0.00534	0.00176	0.00816	0.00437	0.00324	0.00928
10	0.00875	0.00614	0.00777	0.00841	0.00894	0.00583	0.00553	0.01001	0.01309	0.01780	0.18545	0.40022	0.04213	0.23106	0.01538	0.00359	0.00439	0.01460	0.00576	0.00516
11	0.00842	0.00626	0.00792	0.00907	0.00994	0.00586	0.00636	0.01032	0.03316	0.01770	0.05847	0.57088	0.14874	0.01934	0.00829	0.00260	0.00391	0.06104	0.00615	0.00559
12	0.01778	0.01730	0.02299	0.13750	0.41783	0.12020	0.01739	0.09962	0.01705	0.02246	0.01269	0.01609	0.01023	0.00640	0.00638	0.00194	0.00830	0.00565	0.03269	0.00950
13	0.01374	0.01218	0.01492	0.08784	0.04556	0.05782	0.03202	0.04847	0.14538	0.03414	0.04490	0.14247	0.10175	0.01457	0.05830	0.02778	0.09636	0.00932	0.00497	0.00754
14	0.00878	0.00625	0.00809	0.00928	0.00992	0.00597	0.00658	0.01013	0.01272	0.01674	0.03497	0.46906	0.07497	0.14692	0.01277	0.00335	0.00467	0.14783	0.00574	0.00527
15	0.01216	0.12271	0.27476	0.01268	0.01788	0.01271	0.01362	0.01748	0.05036	0.02266	0.31196	0.03036	0.05518	0.00966	0.00668	0.00200	0.00615	0.00805	0.00496	0.00798
16	0.01525	0.01505	0.02333	0.33145	0.40125	0.06263	0.01893	0.01921	0.01448	0.01923	0.01196	0.01652	0.00962	0.00622	0.00651	0.00204	0.00848	0.00575	0.00313	0.00897
17	0.03392	0.01425	0.02142	0.30821	0.10065	0.09100	0.14533	0.01760	0.01423	0.01833	0.01646	0.15668	0.01561	0.00896	0.00701	0.00221	0.00843	0.00840	0.00371	0.00758
18	0.04602	0.05433	0.54602	0.01875	0.02718	0.09328	0.08277	0.02136	0.01443	0.02054	0.01159	0.01380	0.00846	0.00622	0.00621	0.00203	0.00982	0.00497	0.00295	0.00929
19	0.00940	0.00705	0.01058	0.01058	0.01176	0.00823	0.00823	0.01176	0.01058	0.01528	0.01763	0.02586	0.01646	0.04937	0.74255	0.01058	0.01763	0.00705	0.00353	0.00588
20	0.00813	0.00632	0.00740	0.00790	0.00930	0.00559	0.00563	0.00984	0.01470	0.01887	0.16643	0.32857	0.35251	0.01764	0.00802	0.00237	0.00348	0.01540	0.00630	0.00559
21	0.01492	0.06137	0.01839	0.04546	0.01858	0.01305	0.11913	0.09511	0.09952	0.07004	0.17572	0.04786	0.07516	0.01287	0.05858	0.00273	0.03017	0.02765	0.00554	0.00814
22	0.01488	0.01378	0.02289	0.31771	0.40718	0.01498	0.01854	0.03987	0.01472	0.02042	0.01261	0.01713	0.01008	0.00629	0.00646	0.00203	0.00797	0.00587	0.03756	0.00905
23	0.01311	0.01180	0.05014	0.09827	0.06722	0.01170	0.01108	0.04866	0.18978	0.04373	0.05910	0.19587	0.11051	0.01231	0.00770	0.00231	0.02762	0.02556	0.00556	0.00798
24	0.01425	0.07264	0.38436	0.01690	0.02383	0.01414	0.10949	0.02045	0.04478	0.06858	0.11016	0.05686	0.01854	0.00803	0.00668	0.00209	0.00809	0.00702	0.00414	0.00897
25	0.01464	0.05311	0.53606	0.01851	0.02707	0.05129	0.08368	0.04989	0.01497	0.02139	0.01195	0.01411	0.00872	0.00618	0.00624	0.00198	0.00945	0.00504	0.00310	0.06262
26	0.01768	0.01719	0.02154	0.15498	0.27809	0.15635	0.04265	0.02236	0.07544	0.06737	0.04890	0.01838	0.01344	0.00711	0.00699	0.00202	0.03034	0.00610	0.00403	0.00902
27	0.02273	0.01481	0.01755	0.01379	0.01858	0.01547	0.04021	0.32701	0.13645	0.20773	0.04773	0.02211	0.04596	0.00852	0.00671	0.00203	0.00629	0.00692	0.00678	0.03262

[dist]
# distance from previous block
# <min> <max>
3	13

[block]
# block no. 8 follows, 33 sequences, length 33
# corresponding to MSA columns:
# 345-377
name=unknown_I
#
# <colnr> <probs for GDERKNQSTAVLIFYWHMCP>
#	G	D	E	R	K	N	Q	S	T	A	V	L	I	F	Y	W	H	M	C	P
0	0.03971	0.20844	0.30490	0.01609	0.05904	0.04875	0.01638	0.05871	0.05497	0.04602	0.04689	0.04506	0.01344	0.00731	0.00590	0.00192	0.00785	0.00566	0.00384	0.00912
1	0.01248	0.00871	0.01013	0.00923	0.01168	0.00839	0.00706	0.09534	0.05556	0.07869	0.27139	0.12656	0.25126	0.01395	0.00756	0.00218	0.00405	0.01193	0.00673	0.00711
2	0.01160	0.00989	0.04714	0.00964	0.01242	0.00878	0.00785	0.01764	0.16477	0.06262	0.25780	0.08326	0.25447	0.01322	0.00744	0.00218	0.00414	0.01129	0.00654	0.00731
3	0.01327	0.01019	0.01114	0.01020	0.01268	0.01056	0.00773	0.16867	0.11259	0.02361	0.03691	0.13960	0.23068	0.13028	0.01149	0.00292	0.00515	0.04912	0.00597	0.00724
4	0.00942	0.00698	0.01021	0.01021	0.01126	0.00803	0.00777	0.01152	0.01047	0.01501	0.01797	0.02773	0.01727	0.12737	0.66566	0.01012	0.01641	0.00733	0.00358	0.00567
5	0.04697	0.01302	0.01875	0.47558	0.03507	0.01555	0.01581	0.15878	0.01688	0.04419	0.01397	0.01995	0.01098	0.00773	0.00732	0.00221	0.04306	0.04196	0.00405	0.00815
6	0.00822	0.00679	0.00724	0.00734	0.00932	0.00593	0.00542	0.01048	0.03716	0.01874	0.12009	0.14820	0.55883	0.01663	0.00782	0.00227	0.00343	0.01411	0.00623	0.00574
7	0.72211	0.10137	0.01257	0.00896	0.01322	0.01608	0.00761	0.01939	0.01146	0.02790	0.00916	0.01068	0.00728	0.00606	0.00409	0.00196	0.00532	0.00356	0.00393	0.00728
8	0.01380	0.01264	0.02051	0.61936	0.11805	0.01517	0.01806	0.06907	0.01470	0.01919	0.01208	0.01728	0.00914	0.00660	0.00658	0.00215	0.00856	0.00586	0.00324	0.00795
9	0.01271	0.01198	0.02024	0.70235	0.09367	0.01470	0.01842	0.01706	0.01329	0.01715	0.01175	0.01746	0.00889	0.00653	0.00658	0.00218	0.00871	0.00585	0.00295	0.00753
10	0.01855	0.01366	0.01495	0.01312	0.01707	0.01527	0.01030	0.03450	0.60058	0.14392	0.02666	0.02421	0.01947	0.00880	0.00669	0.00220	0.00527	0.00731	0.00694	0.01055
11	0.01463	0.01568	0.03230	0.05103	0.12960	0.01498	0.48715	0.01940	0.01511	0.02056	0.01626	0.08497	0.01440	0.00760	0.00768	0.00226	0.00966	0.04444	0.00369	0.00859
12	0.01452	0.00892	0.01231	0.01094	0.01345	0.00870	0.03806	0.01824	0.06483	0.17760	0.25727	0.12364	0.07650	0.01560	0.06422	0.00289	0.03177	0.04643	0.00654	0.00757
13	0.01391	0.03306	0.70338	0.01846	0.02799	0.01505	0.02369	0.02134	0.01411	0.05166	0.01243	0.01427	0.00868	0.00634	0.00627	0.00208	0.00955	0.00494	0.00301	0.00979
14	0.00957	0.00638	0.00718	0.00718	0.00718	0.00638	0.00399	0.00957	0.00957	0.01276	0.02074	0.04308	0.02393	0.76864	0.03351	0.00638	0.00638	0.00957	0.00399	0.00399
15	0.10107	0.27990	0.02081	0.01056	0.01598	0.01632	0.00925	0.03712	0.06254	0.02116	0.01169	0.01306	0.00977	0.00563	0.00473	0.00135	0.00575	0.00403	0.00380	0.36547
16	0.01230	0.01052	0.01734	0.01946	0.19634	0.00996	0.10583	0.01508	0.01457	0.04337	0.10781	0.26062	0.06785	0.04771	0.00871	0.00242	0.00595	0.01147	0.00502	0.03768
17	0.04499	0.21499	0.25847	0.01720	0.06731	0.01867	0.05530	0.13108	0.01666	0.05088	0.01226	0.01396	0.00938	0.00648	0.00625	0.00188	0.03078	0.00494	0.00376	0.03477
18	0.02679	0.01603	0.01795	0.01386	0.01899	0.04120	0.01140	0.41638	0.02575	0.31305	0.01962	0.01827	0.01311	0.00796	0.00658	0.00199	0.00676	0.00614	0.00709	0.01108
19	0.00808	0.00578	0.00769	0.00913	0.00956	0.00539	0.00612	0.00932	0.01289	0.01725	0.06846	0.73088	0.04441	0.02029	0.00837	0.00265	0.00379	0.01840	0.00616	0.00539
20	0.01175	0.00999	0.06998	0.00969	0.01248	0.00800	0.00819	0.01617	0.07794	0.08825	0.38448	0.08881	0.16249	0.01298	0.00748	0.00215	0.00415	0.01122	0.00664	0.00716
21	0.10458	0.01754	0.15582	0.09678	0.13201	0.03611	0.07038	0.07852	0.01567	0.05807	0.02990	0.07415	0.05002	0.00852	0.00697	0.00215	0.02709	0.02284	0.00424	0.00862
22	0.01144	0.00706	0.00955	0.01031	0.01165	0.00670	0.00795	0.01344	0.01435	0.09681	0.07277	0.36539	0.03860	0.05794	0.00975	0.00289	0.00489	0.24604	0.00627	0.00621
23	0.01054	0.00673	0.00764	0.00753	0.00921	0.00645	0.00570	0.01387	0.03880	0.02383	0.26703	0.06272	0.13926	0.01185	0.00652	0.00194	0.00334	0.03899	0.33185	0.00619
24	0.01458	0.01597	0.07311	0.26462	0.10416	0.01546	0.27813	0.04549	0.04257	0.02066	0.01433	0.02040	0.01141	0.00684	0.00714	0.00221	0.00929	0.04151	0.00355	0.00858
25	0.01456	0.08905	0.42442	0.05886	0.08549	0.03519	0.13708	0.02110	0.03553	0.02037	0.01230	0.01493	0.00918	0.00616	0.00639	0.00204	0.00945	0.00544	0.00306	0.00938
26	0.00903	0.00715	0.00823	0.00844	0.01016	0.00669	0.00621	0.01246	0.07969	0.02024	0.18801	0.24119	0.32533	0.01639	0.00788	0.00234	0.00367	0.03439	0.00640	0.00610
27	0.00988	0.00718	0.00938	0.01052	0.01163	0.00715	0.00822	0.01280	0.05349	0.01836	0.03414	0.29918	0.05475	0.10100	0.01138	0.00321	0.00523	0.33079	0.00589	0.00583
28	0.31727	0.14268	0.07392	0.05483	0.01937	0.09448	0.05346	0.03923	0.01416	0.09181	0.01166	0.01326	0.00890	0.00654	0.00577	0.00195	0.03393	0.00455	0.00400	0.00822
29	0.05379	0.00648	0.00761	0.00837	0.00958	0.00603	0.00588	0.01015	0.01379	0.01877	0.11341	0.45913	0.22737	0.01800	0.00792	0.00245	0.00369	0.01586	0.00611	0.00559
30	0.06061	0.29271	0.18765	0.01379	0.02003	0.01885	0.03773	0.06093	0.11192	0.03807	0.01338	0.01441	0.01049	0.00637	0.00540	0.00174	0.00720	0.00477	0.00388	0.09008
