[name]
unknown

[dist]
# distance from previous block
# <min> <max>
0	0

[block]
# block no. 0 follows, 34 sequences, length 23
# corresponding to MSA columns:
# 0-22
name=unknown_A
#
# <colnr> <probs for GDERKNQSTAVLIFYWHMCP>
#	G	D	E	R	K	N	Q	S	T	A	V	L	I	F	Y	W	H	M	C	P
0	0.01041	0.00744	0.01041	0.01190	0.01339	0.00744	0.01041	0.01339	0.01487	0.01934	0.03421	0.07288	0.03719	0.01785	0.00892	0.00297	0.00595	0.68913	0.00595	0.00595
1	0.01727	0.77681	0.03386	0.01106	0.01658	0.02557	0.01106	0.01935	0.01313	0.01520	0.00898	0.01036	0.00829	0.00553	0.00415	0.00138	0.00691	0.00345	0.00276	0.00829
2	0.04369	0.07028	0.04514	0.01144	0.01702	0.01287	0.00982	0.16646	0.01776	0.14388	0.01441	0.01497	0.01071	0.00609	0.00541	0.00145	0.00575	0.00469	0.00496	0.39322
3	0.01296	0.03342	0.73944	0.01842	0.02797	0.01501	0.02387	0.02046	0.01364	0.02046	0.01160	0.01364	0.00818	0.00614	0.00614	0.00205	0.00955	0.00477	0.00273	0.00955
4	0.00787	0.00562	0.00750	0.00900	0.00937	0.00525	0.00600	0.00900	0.01237	0.01649	0.03561	0.76871	0.04274	0.02024	0.00825	0.00262	0.00375	0.01837	0.00600	0.00525
5	0.01481	0.01658	0.03544	0.13188	0.03531	0.01606	0.61009	0.02010	0.01492	0.02010	0.01284	0.01740	0.00963	0.00559	0.00746	0.00218	0.01057	0.00736	0.00321	0.00849
6	0.02899	0.01100	0.01499	0.01150	0.01649	0.00950	0.00950	0.03149	0.01849	0.73709	0.02549	0.02199	0.01599	0.00800	0.00650	0.00200	0.00550	0.00650	0.00800	0.01100
7	0.00777	0.00603	0.00708	0.00792	0.00909	0.00534	0.00552	0.00912	0.01341	0.01692	0.04874	0.45784	0.34512	0.01854	0.00798	0.00243	0.00354	0.01629	0.00600	0.00534
8	0.01220	0.01148	0.01938	0.75739	0.04450	0.01436	0.01794	0.01651	0.01292	0.01651	0.01148	0.01723	0.00861	0.00646	0.00646	0.00215	0.00861	0.00574	0.00287	0.00718
9	0.01430	0.06787	0.65416	0.01757	0.02660	0.01513	0.02224	0.02119	0.01396	0.07075	0.01245	0.01407	0.00874	0.00624	0.00607	0.00201	0.00914	0.00483	0.00310	0.00959
10	0.02868	0.01150	0.01530	0.01173	0.01674	0.01024	0.00969	0.07942	0.01933	0.68798	0.02479	0.02154	0.01564	0.00798	0.00650	0.00200	0.00561	0.00645	0.00789	0.01100
11	0.01220	0.01148	0.01938	0.75739	0.04450	0.01436	0.01794	0.01651	0.01292	0.01651	0.01148	0.01723	0.00861	0.00646	0.00646	0.00215	0.00861	0.00574	0.00287	0.00718
12	0.00787	0.00562	0.00750	0.00900	0.00937	0.00525	0.00600	0.00900	0.01237	0.01649	0.03561	0.76871	0.04274	0.02024	0.00825	0.00262	0.00375	0.01837	0.00600	0.00525
13	0.02427	0.01272	0.02002	0.09934	0.02307	0.01204	0.13808	0.07575	0.01811	0.47565	0.02093	0.02016	0.01368	0.00734	0.00670	0.00205	0.00695	0.00657	0.00645	0.01015
14	0.01367	0.02849	0.52337	0.02113	0.02975	0.01542	0.23501	0.02053	0.01414	0.02053	0.01205	0.01481	0.00868	0.00593	0.00660	0.00209	0.00996	0.00565	0.00289	0.00929
15	0.00787	0.00562	0.00750	0.00900	0.00937	0.00525	0.00600	0.00900	0.01237	0.01649	0.03561	0.76871	0.04274	0.02024	0.00825	0.00262	0.00375	0.01837	0.00600	0.00525
16	0.01599	0.01535	0.02623	0.03966	0.73262	0.01535	0.01983	0.01983	0.01471	0.02111	0.01215	0.01599	0.01023	0.00576	0.00640	0.00192	0.00768	0.00576	0.00320	0.01023
17	0.15995	0.01690	0.02064	0.21486	0.08727	0.12397	0.10992	0.14900	0.01711	0.02411	0.01185	0.01481	0.00903	0.00645	0.00609	0.00200	0.00838	0.00539	0.00389	0.00838
18	0.32604	0.04075	0.01768	0.03990	0.07109	0.13842	0.06262	0.09880	0.01523	0.04342	0.01090	0.01305	0.00859	0.00682	0.00686	0.00201	0.08108	0.00471	0.00397	0.00806
19	0.16868	0.01769	0.01920	0.01527	0.01996	0.10733	0.10804	0.28126	0.12311	0.05423	0.01519	0.01584	0.01120	0.00713	0.00611	0.00199	0.00746	0.00568	0.00524	0.00939
20	0.49954	0.01551	0.01326	0.01113	0.01542	0.10723	0.02905	0.10815	0.01509	0.07096	0.01121	0.01234	0.00845	0.00634	0.00484	0.00189	0.00630	0.00420	0.00444	0.05464
21	0.46015	0.03832	0.01569	0.01218	0.01674	0.05110	0.07380	0.15105	0.01614	0.09302	0.01213	0.01317	0.00892	0.00648	0.00512	0.00197	0.00637	0.00462	0.00468	0.00833
22	0.08555	0.06404	0.07182	0.01328	0.01844	0.09553	0.01153	0.24281	0.06385	0.16150	0.01580	0.01575	0.01133	0.00703	0.00586	0.00181	0.00693	0.00523	0.00543	0.09645

[dist]
# distance from previous block
# <min> <max>
1	25

[block]
# block no. 1 follows, 34 sequences, length 83
# corresponding to MSA columns:
# 48-130
name=unknown_B
#
# <colnr> <probs for GDERKNQSTAVLIFYWHMCP>
#	G	D	E	R	K	N	Q	S	T	A	V	L	I	F	Y	W	H	M	C	P
0	0.10270	0.01367	0.01744	0.08766	0.02090	0.03577	0.08221	0.11197	0.04199	0.16423	0.01514	0.01618	0.01100	0.00637	0.00582	0.00171	0.00649	0.00530	0.00494	0.24853
1	0.04406	0.00880	0.01026	0.00925	0.01200	0.00848	0.00715	0.01887	0.13076	0.16373	0.22881	0.08607	0.22114	0.01247	0.00714	0.00213	0.00404	0.01058	0.00672	0.00754
2	0.62758	0.01517	0.05834	0.01157	0.01620	0.04114	0.08089	0.04546	0.01259	0.02757	0.00986	0.01164	0.00756	0.00604	0.00466	0.00201	0.00621	0.00411	0.00391	0.00750
3	0.02074	0.06863	0.15692	0.01502	0.02093	0.01564	0.06780	0.20015	0.11044	0.20283	0.01785	0.01760	0.01249	0.00720	0.00630	0.00195	0.00712	0.00589	0.00556	0.03894
4	0.08316	0.03468	0.01418	0.01120	0.01505	0.01262	0.00904	0.22820	0.04675	0.20495	0.10989	0.08737	0.09493	0.01021	0.00662	0.00204	0.00530	0.00833	0.00653	0.00894
5	0.00816	0.00635	0.00741	0.00760	0.00916	0.00561	0.00553	0.01011	0.01529	0.01985	0.26423	0.21916	0.36588	0.01627	0.00777	0.00224	0.00331	0.01411	0.00634	0.00561
6	0.02400	0.01370	0.01796	0.01394	0.01857	0.08658	0.10637	0.05616	0.01851	0.44781	0.10673	0.02319	0.01956	0.00813	0.00672	0.00199	0.00665	0.00701	0.00669	0.00973
7	0.12681	0.01544	0.02066	0.09195	0.02341	0.09461	0.17928	0.05849	0.01599	0.17340	0.01454	0.01611	0.01048	0.00632	0.00610	0.00187	0.00772	0.00560	0.00458	0.12663
8	0.00920	0.00662	0.00820	0.00822	0.00876	0.00692	0.00547	0.01005	0.01041	0.01400	0.02498	0.08896	0.09548	0.44298	0.20606	0.00653	0.02860	0.00973	0.00413	0.00471
9	0.00816	0.00583	0.00783	0.00933	0.00983	0.00550	0.00650	0.00950	0.01266	0.01682	0.03545	0.68921	0.04210	0.01997	0.00832	0.00266	0.00400	0.09500	0.00599	0.00533
10	0.01534	0.10369	0.40514	0.01967	0.02757	0.01605	0.22076	0.02129	0.01444	0.07685	0.01286	0.01507	0.00929	0.00602	0.00639	0.00201	0.00935	0.00560	0.00331	0.00929
11	0.01626	0.01200	0.01411	0.01026	0.01587	0.00971	0.00828	0.07843	0.01549	0.10974	0.01354	0.01463	0.01047	0.00543	0.00514	0.00117	0.00507	0.00433	0.00456	0.64550
12	0.04134	0.02308	0.19912	0.02214	0.02856	0.14482	0.38053	0.02114	0.01519	0.01991	0.01272	0.03756	0.01005	0.00628	0.00686	0.00206	0.01031	0.00653	0.00325	0.00854
13	0.02899	0.01100	0.01499	0.01150	0.01649	0.00950	0.00950	0.03149	0.01849	0.73709	0.02549	0.02199	0.01599	0.00800	0.00650	0.00200	0.00550	0.00650	0.00800	0.01100
14	0.00884	0.00696	0.01079	0.01094	0.01199	0.00655	0.07868	0.01045	0.01266	0.01689	0.03251	0.62172	0.03816	0.05322	0.00935	0.00276	0.00472	0.05160	0.00562	0.00558
15	0.01296	0.03342	0.73944	0.01842	0.02797	0.01501	0.02387	0.02046	0.01364	0.02046	0.01160	0.01364	0.00818	0.00614	0.00614	0.00205	0.00955	0.00477	0.00273	0.00955
16	0.01220	0.01148	0.01938	0.75739	0.04450	0.01436	0.01794	0.01651	0.01292	0.01651	0.01148	0.01723	0.00861	0.00646	0.00646	0.00215	0.00861	0.00574	0.00287	0.00718
17	0.00787	0.00562	0.00750	0.00900	0.00937	0.00525	0.00600	0.00900	0.01237	0.01649	0.03561	0.76871	0.04274	0.02024	0.00825	0.00262	0.00375	0.01837	0.00600	0.00525
18	0.02334	0.01701	0.01978	0.01590	0.04380	0.01848	0.04822	0.53389	0.09401	0.09298	0.01710	0.01696	0.01213	0.00769	0.00653	0.00198	0.00701	0.00610	0.00632	0.01077
19	0.01220	0.01148	0.01938	0.75739	0.04450	0.01436	0.01794	0.01651	0.01292	0.01651	0.01148	0.01723	0.00861	0.00646	0.00646	0.00215	0.00861	0.00574	0.00287	0.00718
20	0.00914	0.00660	0.00864	0.00813	0.00965	0.00610	0.00610	0.01219	0.01829	0.02591	0.72921	0.04827	0.06097	0.01321	0.00762	0.00203	0.00305	0.01169	0.00711	0.00610
21	0.02656	0.01570	0.01731	0.01344	0.01841	0.06400	0.01102	0.35402	0.02413	0.35779	0.01971	0.01822	0.01310	0.00779	0.00644	0.00195	0.00668	0.00602	0.00696	0.01076
22	0.00796	0.00569	0.00760	0.00910	0.00951	0.00533	0.00615	0.00915	0.01246	0.01660	0.03556	0.74402	0.04254	0.02016	0.00827	0.00264	0.00383	0.04217	0.00600	0.00527
23	0.00914	0.00660	0.00864	0.00813	0.00965	0.00610	0.00610	0.01219	0.01829	0.02591	0.72921	0.04827	0.06097	0.01321	0.00762	0.00203	0.00305	0.01169	0.00711	0.00610
24	0.01262	0.01191	0.02013	0.67904	0.11962	0.01446	0.01815	0.01687	0.01312	0.01701	0.01156	0.01709	0.00879	0.00638	0.00645	0.00213	0.00851	0.00574	0.00291	0.00751
25	0.01327	0.01148	0.01406	0.09259	0.01855	0.00925	0.00880	0.01630	0.01335	0.02055	0.01148	0.01382	0.00946	0.00497	0.00497	0.00109	0.00521	0.00404	0.00372	0.72303
26	0.01605	0.56650	0.23347	0.01314	0.01980	0.02258	0.01468	0.01966	0.01327	0.01669	0.00972	0.01129	0.00826	0.00570	0.00471	0.00157	0.00766	0.00383	0.00275	0.00865
27	0.01220	0.01148	0.01938	0.75739	0.04450	0.01436	0.01794	0.01651	0.01292	0.01651	0.01148	0.01723	0.00861	0.00646	0.00646	0.00215	0.00861	0.00574	0.00287	0.00718
28	0.02448	0.01000	0.01355	0.01073	0.01494	0.00872	0.00872	0.02710	0.01845	0.57541	0.18548	0.02797	0.02622	0.00918	0.00675	0.00201	0.00494	0.00768	0.00780	0.00988
29	0.01481	0.01471	0.02859	0.17105	0.14864	0.01473	0.35711	0.01978	0.03687	0.04676	0.01517	0.05780	0.01255	0.00696	0.00718	0.00217	0.00904	0.02387	0.00367	0.00855
30	0.02854	0.01171	0.01544	0.01184	0.01685	0.01056	0.00978	0.09985	0.01969	0.66704	0.02449	0.02134	0.01549	0.00797	0.00649	0.00199	0.00566	0.00643	0.00784	0.01100
31	0.01072	0.00695	0.00914	0.00840	0.01020	0.00637	0.00637	0.01372	0.01831	0.08234	0.67337	0.04618	0.05740	0.01280	0.00753	0.00203	0.00324	0.01127	0.00718	0.00649
32	0.01296	0.03342	0.73944	0.01842	0.02797	0.01501	0.02387	0.02046	0.01364	0.02046	0.01160	0.01364	0.00818	0.00614	0.00614	0.00205	0.00955	0.00477	0.00273	0.00955
33	0.02143	0.01584	0.02137	0.01664	0.02143	0.09433	0.18747	0.12028	0.10766	0.24412	0.02000	0.04731	0.01495	0.00800	0.00685	0.00208	0.00766	0.02724	0.00576	0.00958
34	0.00923	0.00692	0.01038	0.01038	0.01154	0.00808	0.00808	0.01154	0.01038	0.01500	0.01731	0.02538	0.01615	0.04846	0.74732	0.01038	0.01731	0.00692	0.00346	0.00577
35	0.00803	0.00578	0.00762	0.00881	0.00939	0.00537	0.00598	0.00943	0.01323	0.01777	0.12849	0.65217	0.06557	0.01919	0.00815	0.00253	0.00364	0.01734	0.00615	0.00537
36	0.01614	0.01394	0.02424	0.02677	0.31073	0.01384	0.17690	0.02090	0.06249	0.09597	0.03650	0.04988	0.01629	0.00814	0.00755	0.00216	0.03391	0.07010	0.00439	0.00917
37	0.01520	0.01660	0.03262	0.13905	0.15580	0.03899	0.46377	0.02008	0.01490	0.01998	0.01258	0.01697	0.00965	0.00569	0.00718	0.00211	0.01002	0.00691	0.00320	0.00871
38	0.00924	0.00643	0.00836	0.00937	0.01050	0.00599	0.00702	0.01101	0.01378	0.04323	0.06553	0.43887	0.14705	0.01837	0.00823	0.00260	0.00424	0.17839	0.00610	0.00568
39	0.01243	0.00739	0.00905	0.00826	0.01065	0.00648	0.00632	0.01474	0.01668	0.16262	0.30586	0.08877	0.29843	0.01374	0.00744	0.00211	0.00365	0.01176	0.00681	0.00678
40	0.14963	0.01404	0.01632	0.10912	0.02083	0.01507	0.01126	0.28071	0.04553	0.24749	0.01738	0.01722	0.01188	0.00742	0.00609	0.00200	0.00641	0.00570	0.00608	0.00984
41	0.07211	0.01502	0.02050	0.18050	0.02632	0.01675	0.12615	0.21781	0.20620	0.02766	0.01664	0.01815	0.01232	0.00724	0.00651	0.00210	0.00739	0.00633	0.00501	0.00930
42	0.70362	0.01449	0.01080	0.03424	0.01439	0.09581	0.00797	0.01967	0.01187	0.02711	0.00919	0.01085	0.00720	0.00609	0.00428	0.00197	0.00586	0.00365	0.00389	0.00706
43	0.01944	0.01565	0.02415	0.01850	0.02303	0.09490	0.27904	0.02335	0.03491	0.22104	0.06274	0.02183	0.01574	0.00789	0.00847	0.00215	0.08259	0.03077	0.00499	0.00883
44	0.00818	0.00618	0.00756	0.00803	0.00927	0.00556	0.00571	0.01003	0.01481	0.01957	0.25067	0.34990	0.24698	0.01703	0.00788	0.00232	0.00340	0.01501	0.00633	0.00556
45	0.01667	0.01480	0.01940	0.27419	0.05519	0.04242	0.06116	0.16292	0.23608	0.02508	0.01696	0.01878	0.01266	0.00735	0.00655	0.00210	0.00745	0.00631	0.00480	0.00912
46	0.01703	0.01569	0.01932	0.14765	0.02277	0.10773	0.03445	0.08244	0.01422	0.07546	0.01165	0.01563	0.00963	0.01044	0.03974	0.00267	0.35632	0.00567	0.00368	0.00782
47	0.01569	0.01505	0.02568	0.09661	0.67802	0.01527	0.01968	0.01957	0.01457	0.02074	0.01210	0.01609	0.01011	0.00581	0.00640	0.00194	0.00775	0.00576	0.00317	0.00999
48	0.00822	0.00647	0.00742	0.00738	0.00914	0.00567	0.00546	0.01032	0.01580	0.02048	0.30763	0.12994	0.41188	0.01560	0.00769	0.00217	0.00324	0.01340	0.00641	0.00567
49	0.01964	0.01760	0.01649	0.01415	0.01818	0.12736	0.01114	0.22072	0.42351	0.02914	0.02085	0.01985	0.01558	0.00817	0.00643	0.00204	0.00665	0.00642	0.00605	0.01003
50	0.01296	0.03342	0.73944	0.01842	0.02797	0.01501	0.02387	0.02046	0.01364	0.02046	0.01160	0.01364	0.00818	0.00614	0.00614	0.00205	0.00955	0.00477	0.00273	0.00955
51	0.03652	0.23525	0.05919	0.04790	0.07838	0.15186	0.17280	0.03871	0.03211	0.07085	0.01233	0.01437	0.00967	0.00612	0.00589	0.00181	0.00875	0.00524	0.00361	0.00868
52	0.01399	0.14513	0.51860	0.01870	0.02715	0.01684	0.13172	0.02033	0.01382	0.01969	0.01143	0.01374	0.00846	0.00593	0.00607	0.00197	0.00936	0.00503	0.00282	0.00922
53	0.00768	0.00655	0.00661	0.00659	0.00875	0.00547	0.00494	0.00936	0.01483	0.01771	0.08513	0.06177	0.71016	0.01627	0.00764	0.00218	0.00327	0.01358	0.00603	0.00547
54	0.00910	0.00660	0.00857	0.00808	0.00962	0.00608	0.00606	0.01210	0.01818	0.02564	0.70832	0.04870	0.08202	0.01331	0.00762	0.00204	0.00306	0.01175	0.00708	0.00608
55	0.11874	0.04603	0.14849	0.02056	0.02687	0.01688	0.35109	0.13269	0.01671	0.02467	0.01246	0.01528	0.00928	0.00615	0.00691	0.00208	0.02628	0.00614	0.00376	0.00895
56	0.00768	0.00652	0.00663	0.00666	0.00877	0.00546	0.00497	0.00934	0.01474	0.01764	0.08140	0.08418	0.69123	0.01641	0.00766	0.00219	0.00328	0.01374	0.00603	0.00546
57	0.00787	0.00562	0.00750	0.00900	0.00937	0.00525	0.00600	0.00900	0.01237	0.01649	0.03561	0.76871	0.04274	0.02024	0.00825	0.00262	0.00375	0.01837	0.00600	0.00525
58	0.02031	0.10254	0.09457	0.01633	0.01986	0.45489	0.01384	0.02257	0.01564	0.01618	0.00975	0.01222	0.00834	0.00741	0.00874	0.00191	0.15963	0.00445	0.00311	0.00770
59	0.69548	0.01402	0.01097	0.00958	0.01366	0.05302	0.00783	0.09076	0.01338	0.02952	0.00972	0.01107	0.00748	0.00621	0.00435	0.00198	0.00556	0.00377	0.00422	0.00743
60	0.00856	0.00664	0.00782	0.00771	0.00953	0.00591	0.00590	0.01095	0.01639	0.02153	0.37103	0.05657	0.36452	0.01502	0.00773	0.00218	0.00338	0.06633	0.00651	0.00579
61	0.11006	0.01179	0.01482	0.01149	0.01640	0.01095	0.00949	0.09090	0.01878	0.60183	0.02290	0.02023	0.01462	0.00777	0.00624	0.00199	0.00559	0.00613	0.00745	0.01058
62	0.01353	0.01278	0.02168	0.55403	0.17695	0.01485	0.05393	0.04162	0.01400	0.01847	0.01184	0.01694	0.00907	0.00632	0.00651	0.00210	0.00850	0.00585	0.00308	0.00799
63	0.01569	0.29596	0.27205	0.01780	0.02492	0.01940	0.19096	0.05590	0.01473	0.01968	0.01123	0.01351	0.00878	0.00583	0.00581	0.00184	0.00881	0.00507	0.00307	0.00896
64	0.01408	0.06569	0.42876	0.02148	0.02964	0.01607	0.29106	0.02050	0.01424	0.02028	0.01204	0.01495	0.00882	0.00584	0.00662	0.00206	0.00994	0.00582	0.00294	0.00916
65	0.02086	0.02560	0.02478	0.02164	0.08257	0.47248	0.21751	0.02381	0.01712	0.01768	0.01107	0.01370	0.00891	0.00623	0.00640	0.00184	0.01110	0.00531	0.00330	0.00808
66	0.01643	0.01491	0.02371	0.19355	0.47572	0.01583	0.01829	0.12176	0.01665	0.02301	0.01251	0.01619	0.00999	0.00621	0.00642	0.00197	0.00780	0.00576	0.00361	0.00968
67	0.01540	0.01547	0.02586	0.25689	0.31673	0.05332	0.15770	0.04381	0.01501	0.02003	0.01214	0.01642	0.00957	0.00603	0.00664	0.00203	0.00880	0.00605	0.00323	0.00887
68	0.02068	0.02318	0.01918	0.01841	0.08714	0.40429	0.04883	0.08675	0.12271	0.02068	0.01473	0.01840	0.01230	0.00772	0.00668	0.00193	0.02620	0.04755	0.00423	0.00843
69	0.01743	0.21682	0.25957	0.01502	0.02123	0.11598	0.01548	0.10465	0.13288	0.02198	0.01361	0.01449	0.01047	0.00668	0.00570	0.00184	0.00814	0.00490	0.00389	0.00924
70	0.03586	0.01541	0.01568	0.01353	0.01741	0.08587	0.03517	0.08476	0.47501	0.02644	0.05898	0.02226	0.01881	0.00828	0.00641	0.00203	0.00598	0.00682	0.00593	0.05935
71	0.01511	0.01439	0.02421	0.20684	0.54603	0.01514	0.01905	0.01957	0.03935	0.02024	0.01250	0.01657	0.01019	0.00603	0.00642	0.00198	0.00780	0.00581	0.00324	0.00952
72	0.00868	0.00726	0.00734	0.00706	0.00943	0.00636	0.00537	0.05273	0.01570	0.01890	0.06236	0.05929	0.68547	0.01583	0.00756	0.00217	0.00351	0.01315	0.00603	0.00580
73	0.00774	0.00657	0.00678	0.00678	0.00890	0.00562	0.00511	0.00941	0.01446	0.01730	0.06247	0.05990	0.68579	0.01835	0.05344	0.00269	0.00414	0.01322	0.00584	0.00547
74	0.01034	0.00700	0.00781	0.00753	0.00785	0.00712	0.00443	0.05284	0.01070	0.01427	0.02006	0.04063	0.02272	0.72554	0.03125	0.00600	0.00632	0.00917	0.00407	0.00435
75	0.01752	0.44076	0.14302	0.01323	0.01871	0.18495	0.01307	0.02036	0.01448	0.01633	0.01313	0.01439	0.05297	0.00655	0.00506	0.00160	0.00818	0.00446	0.00309	0.00814
76	0.01252	0.05887	0.02028	0.71118	0.04277	0.01505	0.01752	0.01668	0.01293	0.01643	0.01133	0.01680	0.00859	0.00640	0.00632	0.00211	0.00851	0.00560	0.00286	0.00725
77	0.01369	0.01431	0.06657	0.43868	0.30517	0.01477	0.01903	0.01802	0.01365	0.01850	0.01175	0.01653	0.00920	0.00617	0.00642	0.00206	0.00831	0.00569	0.00299	0.00849
78	0.04860	0.32865	0.28789	0.06020	0.02250	0.05934	0.01597	0.02083	0.01390	0.07147	0.01138	0.01293	0.00880	0.00607	0.00528	0.00176	0.00806	0.00435	0.00323	0.00879
79	0.01419	0.06784	0.13134	0.01767	0.12904	0.04079	0.04924	0.01813	0.06436	0.04899	0.03388	0.08321	0.01682	0.09467	0.01210	0.05276	0.08162	0.03164	0.00399	0.00771
80	0.11206	0.13015	0.01584	0.01094	0.01454	0.08961	0.00886	0.11911	0.04350	0.05436	0.13810	0.09231	0.04581	0.02628	0.00661	0.00195	0.00582	0.00744	0.00513	0.07159
81	0.03737	0.07391	0.10964	0.01166	0.01542	0.08080	0.01034	0.04634	0.05379	0.12943	0.06002	0.05280	0.08982	0.10090	0.03250	0.03147	0.02598	0.00742	0.00487	0.02551
82	0.01619	0.23840	0.07953	0.04301	0.04335	0.07641	0.01181	0.04723	0.07383	0.06793	0.04834	0.08637	0.03279	0.00897	0.00641	0.00191	0.02590	0.04882	0.00442	0.03837

[dist]
# distance from previous block
# <min> <max>
0	14

[block]
# block no. 2 follows, 34 sequences, length 12
# corresponding to MSA columns:
# 145-156
name=unknown_C
#
# <colnr> <probs for GDERKNQSTAVLIFYWHMCP>
#	G	D	E	R	K	N	Q	S	T	A	V	L	I	F	Y	W	H	M	C	P
0	0.10054	0.21844	0.04916	0.01322	0.05642	0.12966	0.02778	0.04586	0.02863	0.01955	0.04459	0.02491	0.17722	0.00885	0.00624	0.00185	0.02869	0.00669	0.00412	0.00759
1	0.05743	0.18516	0.06765	0.01493	0.03986	0.07776	0.04262	0.23826	0.05634	0.04380	0.03447	0.01525	0.01162	0.00717	0.00670	0.00185	0.05341	0.00526	0.00456	0.03589
2	0.09347	0.22552	0.10221	0.01242	0.01667	0.07773	0.04332	0.03794	0.04310	0.01967	0.04905	0.18920	0.01915	0.00966	0.00596	0.00193	0.00657	0.00793	0.00420	0.03430
3	0.04101	0.25319	0.10061	0.01329	0.01815	0.07228	0.02988	0.05437	0.21003	0.05872	0.01658	0.03904	0.01337	0.00932	0.04134	0.00227	0.00744	0.00570	0.00447	0.00893
4	0.01955	0.35359	0.13855	0.01375	0.01976	0.02168	0.01356	0.29920	0.02018	0.02634	0.01203	0.01296	0.00937	0.00652	0.00540	0.00171	0.00740	0.00462	0.00425	0.00958
5	0.01727	0.32964	0.11491	0.18558	0.02527	0.02036	0.01453	0.18072	0.01718	0.02213	0.01142	0.01357	0.00898	0.00634	0.00547	0.00177	0.00768	0.00470	0.00365	0.00882
6	0.01564	0.49594	0.30045	0.01384	0.02088	0.02158	0.01590	0.01977	0.01332	0.01719	0.00997	0.01160	0.00825	0.00576	0.00490	0.00163	0.00791	0.00395	0.00275	0.00877
7	0.01638	0.59970	0.02912	0.01071	0.01629	0.02164	0.01027	0.01864	0.01319	0.01656	0.00956	0.01107	0.00859	0.00536	0.00429	0.00128	0.00642	0.00354	0.00301	0.19438
8	0.01610	0.59970	0.03051	0.18377	0.02304	0.02297	0.01265	0.01869	0.01308	0.01550	0.00956	0.01195	0.00837	0.00574	0.00468	0.00156	0.00730	0.00398	0.00279	0.00803
9	0.00904	0.00612	0.00715	0.00750	0.00759	0.00603	0.00440	0.00930	0.01008	0.01345	0.02389	0.21039	0.02794	0.59874	0.02718	0.00542	0.00568	0.01147	0.00440	0.00422
10	0.00928	0.00638	0.00784	0.00792	0.00821	0.00663	0.00499	0.00987	0.00978	0.01331	0.02047	0.07732	0.02282	0.56491	0.19690	0.00702	0.00868	0.00930	0.00392	0.00442
11	0.01961	0.53559	0.09024	0.01179	0.01754	0.02094	0.01180	0.02225	0.01441	0.18271	0.01303	0.01334	0.01007	0.00615	0.00486	0.00158	0.00681	0.00427	0.00397	0.00903

[dist]
# distance from previous block
# <min> <max>
0	19

# created by:
# /home/berkeley/.conda/envs/busco_data_prod/bin/msa2prfl.pl pipeline/OGs_align_augustus/4893/36245.fs
