[name]
unknown

[dist]
# distance from previous block
# <min> <max>
13	24

[block]
# block no. 0 follows, 32 sequences, length 17
# corresponding to MSA columns:
# 30-46
name=unknown_A
#
# <colnr> <probs for GDERKNQSTAVLIFYWHMCP>
#	G	D	E	R	K	N	Q	S	T	A	V	L	I	F	Y	W	H	M	C	P
0	0.01272	0.01085	0.08705	0.01026	0.01347	0.00795	0.00880	0.01583	0.01646	0.10548	0.33413	0.14362	0.04030	0.05019	0.00866	0.00228	0.00469	0.01059	0.00623	0.11044
1	0.01197	0.01969	0.29407	0.08250	0.09268	0.01212	0.05910	0.01676	0.01451	0.01982	0.02863	0.09395	0.18538	0.01054	0.00718	0.00225	0.00751	0.02902	0.00415	0.00818
2	0.02795	0.01443	0.10794	0.01287	0.01867	0.01060	0.01179	0.03122	0.01855	0.63566	0.02460	0.02172	0.01556	0.00806	0.00670	0.00208	0.00625	0.00652	0.00760	0.01122
3	0.01983	0.00914	0.01210	0.01013	0.01356	0.00804	0.00803	0.02249	0.01850	0.38339	0.27823	0.07006	0.09452	0.01157	0.00735	0.00213	0.00452	0.00987	0.00770	0.00883
4	0.01361	0.03378	0.69488	0.02021	0.06315	0.01560	0.02458	0.02122	0.01422	0.02128	0.01207	0.01429	0.00860	0.00636	0.00639	0.00212	0.00982	0.00501	0.00286	0.00995
5	0.01895	0.00950	0.01332	0.10583	0.01793	0.00900	0.00960	0.02196	0.01804	0.33244	0.27944	0.06001	0.03439	0.01083	0.00731	0.00216	0.00514	0.02833	0.00714	0.00867
6	0.00818	0.00584	0.00779	0.00934	0.00973	0.00545	0.00623	0.00934	0.01285	0.01713	0.03698	0.75981	0.04438	0.02102	0.00856	0.00273	0.00389	0.01908	0.00623	0.00545
7	0.16206	0.36128	0.02452	0.01251	0.01743	0.11470	0.01101	0.11475	0.08520	0.02325	0.01216	0.01310	0.00993	0.00663	0.00508	0.00175	0.00730	0.00442	0.00409	0.00884
8	0.01432	0.01510	0.16136	0.07862	0.09523	0.01097	0.04809	0.01868	0.01700	0.11470	0.31361	0.03131	0.03313	0.00969	0.00721	0.00211	0.00629	0.00858	0.00556	0.00841
9	0.00814	0.00596	0.00766	0.00901	0.00965	0.00548	0.00608	0.00938	0.01316	0.01726	0.04099	0.66985	0.13175	0.02050	0.00848	0.00267	0.00383	0.01844	0.00623	0.00548
10	0.01415	0.01269	0.02095	0.37819	0.29843	0.01413	0.01749	0.01825	0.01421	0.02003	0.01354	0.01837	0.01071	0.00658	0.00641	0.00205	0.00778	0.00601	0.11154	0.00850
11	0.02060	0.02431	0.02110	0.02124	0.12658	0.43352	0.07492	0.02318	0.01726	0.01816	0.01417	0.02167	0.01297	0.00841	0.00754	0.00205	0.04843	0.09204	0.00376	0.00809
12	0.27797	0.01642	0.01642	0.01308	0.01798	0.01831	0.01077	0.42336	0.05469	0.06694	0.01487	0.01512	0.01070	0.00753	0.00590	0.00205	0.00652	0.00537	0.00596	0.01004
13	0.05040	0.07441	0.01808	0.01417	0.01690	0.07274	0.03329	0.07462	0.18892	0.02281	0.01901	0.04320	0.04530	0.00969	0.01060	0.00227	0.21269	0.00680	0.07566	0.00843
14	0.15564	0.04141	0.01536	0.09697	0.01925	0.09295	0.01046	0.12775	0.04857	0.10267	0.06699	0.02099	0.04518	0.00942	0.03012	0.00224	0.00695	0.00618	0.04183	0.05907
15	0.08585	0.18546	0.02595	0.10246	0.08247	0.10378	0.13384	0.08979	0.05198	0.02233	0.01250	0.01495	0.00993	0.00640	0.00601	0.00189	0.00841	0.00538	0.00383	0.04678
16	0.19824	0.01516	0.12258	0.10885	0.09594	0.01343	0.01328	0.03422	0.08007	0.03853	0.07110	0.05946	0.01705	0.01299	0.08861	0.00313	0.00796	0.00677	0.00442	0.00823

[dist]
# distance from previous block
# <min> <max>
0	112

[block]
# block no. 1 follows, 32 sequences, length 10
# corresponding to MSA columns:
# 159-168
name=unknown_B
#
# <colnr> <probs for GDERKNQSTAVLIFYWHMCP>
#	G	D	E	R	K	N	Q	S	T	A	V	L	I	F	Y	W	H	M	C	P
0	0.04741	0.08625	0.16449	0.01935	0.09678	0.04265	0.09319	0.11736	0.13133	0.02482	0.01476	0.01645	0.01136	0.00713	0.00726	0.00204	0.05185	0.00579	0.00429	0.05543
1	0.13184	0.06717	0.09278	0.01554	0.02136	0.06470	0.11550	0.18114	0.03971	0.05139	0.01350	0.01498	0.01017	0.00654	0.00600	0.00185	0.00768	0.00531	0.00457	0.14827
2	0.06083	0.11339	0.32220	0.01436	0.02044	0.03513	0.01563	0.06045	0.01495	0.02143	0.03730	0.12417	0.04275	0.01153	0.04742	0.00256	0.00819	0.00743	0.00400	0.03584
3	0.02012	0.01850	0.01771	0.09261	0.02198	0.14827	0.01246	0.20812	0.33118	0.02857	0.01964	0.01957	0.01471	0.00817	0.00664	0.00210	0.00748	0.00641	0.00578	0.00998
4	0.00814	0.00598	0.00764	0.00898	0.00964	0.00548	0.00607	0.00938	0.01320	0.01727	0.04143	0.66007	0.14125	0.02044	0.00847	0.00266	0.00382	0.01837	0.00623	0.00548
5	0.00830	0.00589	0.00775	0.00919	0.00955	0.00553	0.00606	0.00937	0.01261	0.01681	0.03578	0.70527	0.04286	0.07763	0.01051	0.00301	0.00409	0.01837	0.00606	0.00534
6	0.07293	0.41479	0.05086	0.01272	0.01763	0.14824	0.01162	0.05059	0.01548	0.06461	0.01166	0.01303	0.00963	0.00658	0.00556	0.00168	0.03306	0.00430	0.04648	0.00855
7	0.01405	0.01308	0.02197	0.38504	0.31397	0.01455	0.01858	0.01818	0.01438	0.01938	0.01475	0.02362	0.01282	0.00769	0.00696	0.00223	0.00826	0.07845	0.00346	0.00859
8	0.00983	0.00708	0.00943	0.00943	0.01100	0.00668	0.00746	0.01298	0.01810	0.02518	0.54616	0.05658	0.05707	0.01493	0.00826	0.00236	0.00393	0.18016	0.00708	0.00629
9	0.01423	0.01153	0.01679	0.27572	0.11463	0.01288	0.01367	0.11421	0.01705	0.02362	0.11212	0.02706	0.02031	0.01155	0.05493	0.00270	0.00760	0.05191	0.08952	0.00796

[dist]
# distance from previous block
# <min> <max>
1	8

[block]
# block no. 2 follows, 32 sequences, length 7
# corresponding to MSA columns:
# 177-183
name=unknown_C
#
# <colnr> <probs for GDERKNQSTAVLIFYWHMCP>
#	G	D	E	R	K	N	Q	S	T	A	V	L	I	F	Y	W	H	M	C	P
0	0.02516	0.02906	0.01926	0.01688	0.02076	0.57859	0.01292	0.17587	0.02179	0.02215	0.01164	0.01299	0.00926	0.00717	0.00620	0.00179	0.01106	0.00470	0.00418	0.00858
1	0.01831	0.00890	0.01202	0.01052	0.01361	0.00803	0.00852	0.02123	0.01852	0.31820	0.32146	0.04278	0.03990	0.01222	0.00764	0.00225	0.00471	0.11519	0.00758	0.00843
2	0.13737	0.00806	0.00934	0.00872	0.01091	0.00788	0.00675	0.01452	0.01740	0.05756	0.50160	0.04480	0.09598	0.01273	0.00733	0.00216	0.00375	0.03974	0.00678	0.00665
3	0.01919	0.10363	0.09843	0.06184	0.10727	0.04427	0.01468	0.22952	0.20063	0.02842	0.01694	0.01764	0.01280	0.00751	0.00640	0.00203	0.00743	0.00598	0.00514	0.01027
4	0.00910	0.00637	0.00804	0.00853	0.00905	0.00621	0.00560	0.01029	0.01267	0.01726	0.15336	0.31289	0.03841	0.29717	0.07060	0.00460	0.00575	0.01351	0.00545	0.00514
5	0.00961	0.00708	0.01023	0.01023	0.01124	0.00809	0.00770	0.01163	0.01062	0.01517	0.01847	0.02914	0.01798	0.16336	0.62621	0.01011	0.01616	0.00760	0.00367	0.00569
6	0.01478	0.20056	0.50391	0.01948	0.09234	0.01812	0.02135	0.02092	0.01415	0.02006	0.01148	0.01362	0.00873	0.00619	0.00593	0.00195	0.00910	0.00474	0.00289	0.00969

[dist]
# distance from previous block
# <min> <max>
6	22

[block]
# block no. 3 follows, 32 sequences, length 7
# corresponding to MSA columns:
# 206-212
name=unknown_D
#
# <colnr> <probs for GDERKNQSTAVLIFYWHMCP>
#	G	D	E	R	K	N	Q	S	T	A	V	L	I	F	Y	W	H	M	C	P
0	0.09663	0.01606	0.01982	0.06955	0.10078	0.01707	0.05371	0.31650	0.08343	0.03174	0.01504	0.01640	0.01128	0.00708	0.00630	0.00193	0.00707	0.00576	0.00526	0.11859
1	0.09248	0.00995	0.01150	0.01055	0.01348	0.00988	0.00843	0.11885	0.01793	0.13909	0.08843	0.15343	0.16378	0.01382	0.00750	0.00237	0.00506	0.11922	0.00652	0.00772
2	0.01632	0.01217	0.06146	0.01124	0.01480	0.01076	0.00949	0.17845	0.02072	0.13186	0.26954	0.09835	0.11268	0.01207	0.00741	0.00215	0.00509	0.01023	0.00682	0.00838
3	0.15640	0.08813	0.01982	0.16383	0.13870	0.07289	0.01366	0.12958	0.01661	0.02406	0.01394	0.07883	0.01232	0.00807	0.00670	0.00208	0.03531	0.00634	0.00415	0.00855
4	0.01561	0.01550	0.07808	0.21940	0.08854	0.09787	0.01413	0.07136	0.01655	0.06923	0.08610	0.15756	0.02156	0.01018	0.00706	0.00219	0.00748	0.00877	0.00474	0.00809
5	0.01420	0.12350	0.01647	0.01365	0.07528	0.10747	0.00966	0.01775	0.07637	0.01909	0.02588	0.22765	0.09787	0.01158	0.00665	0.00198	0.00605	0.00978	0.00482	0.13432
6	0.01572	0.10663	0.37175	0.01765	0.06680	0.01658	0.01821	0.13249	0.05566	0.02408	0.01611	0.09888	0.01383	0.00836	0.00649	0.00210	0.00814	0.00679	0.00411	0.00960

[dist]
# distance from previous block
# <min> <max>
10	82

[block]
# block no. 4 follows, 32 sequences, length 13
# corresponding to MSA columns:
# 297-309
name=unknown_E
#
# <colnr> <probs for GDERKNQSTAVLIFYWHMCP>
#	G	D	E	R	K	N	Q	S	T	A	V	L	I	F	Y	W	H	M	C	P
0	0.01482	0.06360	0.11864	0.08733	0.04437	0.10549	0.05938	0.05927	0.03906	0.02022	0.07770	0.06119	0.01834	0.06479	0.11575	0.00365	0.02711	0.00732	0.00413	0.00783
1	0.08680	0.18719	0.10381	0.03733	0.01913	0.08712	0.01267	0.11486	0.07074	0.05180	0.04926	0.03972	0.01411	0.00865	0.00775	0.03344	0.05671	0.00583	0.00443	0.00867
2	0.11687	0.14926	0.14867	0.03359	0.04172	0.01629	0.01299	0.08380	0.07073	0.02341	0.01482	0.06538	0.01274	0.00878	0.02431	0.00213	0.03735	0.00589	0.02763	0.10363
3	0.09393	0.05014	0.22099	0.17190	0.05045	0.01544	0.01637	0.12821	0.01667	0.04497	0.01542	0.01895	0.03384	0.00835	0.02273	0.00226	0.00813	0.02612	0.00409	0.05102
4	0.05588	0.03876	0.13011	0.05554	0.02106	0.01281	0.14038	0.05261	0.01472	0.02106	0.06477	0.04523	0.06400	0.11322	0.03966	0.00306	0.03073	0.02657	0.00421	0.06564
5	0.06523	0.01364	0.06425	0.37049	0.03021	0.06340	0.01426	0.01774	0.01365	0.06264	0.04189	0.02212	0.01390	0.09734	0.07909	0.00347	0.00914	0.00647	0.00377	0.00731
6	0.11873	0.00942	0.01093	0.03606	0.04064	0.00992	0.00803	0.01719	0.13264	0.02392	0.25372	0.08611	0.11749	0.05005	0.05374	0.00294	0.00534	0.01006	0.00594	0.00712
7	0.02431	0.01943	0.01919	0.01524	0.02007	0.10127	0.01234	0.57760	0.02888	0.03768	0.01684	0.06497	0.01328	0.00878	0.00676	0.00203	0.00769	0.00671	0.00631	0.01060
8	0.01661	0.01594	0.02724	0.04119	0.72233	0.01594	0.02059	0.02059	0.01528	0.02192	0.01262	0.01661	0.01063	0.00598	0.00664	0.00199	0.00797	0.00598	0.00332	0.01063
9	0.01318	0.01244	0.02104	0.65703	0.13329	0.01504	0.01889	0.01759	0.01366	0.01776	0.01202	0.01772	0.00916	0.00661	0.00670	0.00220	0.00882	0.00597	0.00303	0.00786
10	0.01526	0.01661	0.03435	0.17824	0.10511	0.01644	0.49086	0.02051	0.01528	0.02064	0.01314	0.01791	0.00997	0.00591	0.00754	0.00223	0.01049	0.00732	0.00330	0.00888
11	0.01639	0.01457	0.02432	0.13237	0.54447	0.01480	0.01873	0.02022	0.01527	0.06484	0.01673	0.02007	0.05363	0.00689	0.00674	0.00205	0.00769	0.00652	0.00376	0.00995
12	0.00812	0.00653	0.00709	0.00748	0.00912	0.00567	0.00532	0.00956	0.01429	0.01753	0.05688	0.24098	0.49995	0.06851	0.00986	0.00267	0.00373	0.01512	0.00608	0.00550

[dist]
# distance from previous block
# <min> <max>
1	8

[block]
# block no. 5 follows, 32 sequences, length 51
# corresponding to MSA columns:
# 318-368
name=unknown_F
#
# <colnr> <probs for GDERKNQSTAVLIFYWHMCP>
#	G	D	E	R	K	N	Q	S	T	A	V	L	I	F	Y	W	H	M	C	P
0	0.16800	0.31877	0.18029	0.01446	0.03895	0.02009	0.04193	0.07882	0.01490	0.02239	0.01111	0.01306	0.00901	0.00789	0.03331	0.00217	0.00802	0.00449	0.00350	0.00886
1	0.02508	0.03142	0.01906	0.01721	0.02075	0.70699	0.01296	0.05522	0.01954	0.01751	0.01061	0.01227	0.00876	0.00696	0.00608	0.00174	0.01190	0.00439	0.00359	0.00793
2	0.00850	0.00601	0.00765	0.00883	0.00920	0.00568	0.00573	0.00944	0.01227	0.01629	0.03462	0.58521	0.06201	0.17877	0.01398	0.00351	0.00443	0.01694	0.00577	0.00516
3	0.01646	0.01579	0.02696	0.06833	0.69637	0.01590	0.02052	0.02046	0.01521	0.02174	0.01259	0.01666	0.01056	0.00601	0.00665	0.00200	0.00801	0.00598	0.00331	0.01051
4	0.10423	0.03133	0.61002	0.01845	0.02755	0.01560	0.05957	0.02109	0.01395	0.02227	0.01182	0.01401	0.00845	0.00632	0.00621	0.00213	0.00946	0.00497	0.00301	0.00957
5	0.00971	0.00715	0.01059	0.01059	0.01180	0.00830	0.00823	0.01214	0.01092	0.01598	0.01814	0.02630	0.01679	0.04850	0.70618	0.01039	0.01734	0.00715	0.03780	0.00600
6	0.01576	0.01627	0.03128	0.13174	0.35218	0.01622	0.29486	0.02049	0.01525	0.02110	0.01291	0.01739	0.01022	0.00595	0.00717	0.00214	0.00946	0.00676	0.00330	0.00956
7	0.00829	0.00589	0.00775	0.00920	0.00956	0.00553	0.00607	0.00937	0.01263	0.01683	0.03585	0.70850	0.04295	0.07429	0.01040	0.00300	0.00408	0.01841	0.00607	0.00535
8	0.06761	0.02899	0.01812	0.01638	0.01996	0.62159	0.01238	0.02724	0.06747	0.04268	0.01207	0.01332	0.00968	0.00708	0.00603	0.00180	0.01102	0.00460	0.00390	0.00808
9	0.01061	0.00758	0.01058	0.01212	0.01358	0.00755	0.01046	0.01355	0.01525	0.01985	0.03564	0.12848	0.03906	0.01873	0.00921	0.00306	0.00600	0.62638	0.00618	0.00612
10	0.02551	0.01879	0.02014	0.01544	0.02081	0.02081	0.01275	0.69996	0.03155	0.04229	0.01611	0.01611	0.01141	0.00805	0.00671	0.00201	0.00738	0.00604	0.00671	0.01141
11	0.00793	0.00680	0.00680	0.00680	0.00906	0.00566	0.00510	0.00963	0.01529	0.01813	0.06797	0.06457	0.71961	0.01699	0.00793	0.00227	0.00340	0.01416	0.00623	0.00566
12	0.09768	0.03241	0.65349	0.01804	0.02735	0.01553	0.02294	0.02109	0.01388	0.02218	0.01176	0.01382	0.00837	0.00636	0.00614	0.00212	0.00942	0.00482	0.00297	0.00964
13	0.02551	0.01879	0.02014	0.01544	0.02081	0.02081	0.01275	0.69996	0.03155	0.04229	0.01611	0.01611	0.01141	0.00805	0.00671	0.00201	0.00738	0.00604	0.00671	0.01141
14	0.01661	0.01594	0.02724	0.04119	0.72233	0.01594	0.02059	0.02059	0.01528	0.02192	0.01262	0.01661	0.01063	0.00598	0.00664	0.00199	0.00797	0.00598	0.00332	0.01063
15	0.01661	0.01594	0.02724	0.04119	0.72233	0.01594	0.02059	0.02059	0.01528	0.02192	0.01262	0.01661	0.01063	0.00598	0.00664	0.00199	0.00797	0.00598	0.00332	0.01063
16	0.01416	0.01343	0.02315	0.56388	0.07997	0.01563	0.11041	0.06269	0.01504	0.01964	0.01246	0.01773	0.00937	0.00661	0.00687	0.00221	0.00911	0.00623	0.00330	0.00810
17	0.00816	0.00589	0.00773	0.00920	0.00970	0.00546	0.00617	0.00936	0.01298	0.01718	0.03868	0.72183	0.08126	0.02080	0.00853	0.00270	0.00387	0.01881	0.00623	0.00546
18	0.00841	0.00685	0.00739	0.00740	0.00944	0.00592	0.00560	0.01037	0.01572	0.01948	0.16819	0.06227	0.55339	0.04011	0.00883	0.00242	0.00362	0.05249	0.00634	0.00575
19	0.01924	0.01384	0.01525	0.01333	0.01739	0.01539	0.01048	0.03509	0.57897	0.16081	0.02715	0.02462	0.01975	0.00895	0.00681	0.00224	0.00539	0.00743	0.00711	0.01077
20	0.01251	0.00625	0.00625	0.00625	0.00782	0.00625	0.00469	0.01563	0.01407	0.02502	0.02189	0.02502	0.01720	0.00782	0.00469	0.00156	0.00313	0.00625	0.80144	0.00625
21	0.00818	0.00584	0.00779	0.00934	0.00973	0.00545	0.00623	0.00934	0.01285	0.01713	0.03698	0.75981	0.04438	0.02102	0.00856	0.00273	0.00389	0.01908	0.00623	0.00545
22	0.09571	0.01451	0.01947	0.01672	0.01714	0.01999	0.01393	0.01651	0.01039	0.01757	0.00886	0.01430	0.00865	0.01118	0.02020	0.00285	0.67598	0.00564	0.00306	0.00733
23	0.00818	0.00584	0.00779	0.00934	0.00973	0.00545	0.00623	0.00934	0.01285	0.01713	0.03698	0.75981	0.04438	0.02102	0.00856	0.00273	0.00389	0.01908	0.00623	0.00545
24	0.00818	0.00584	0.00779	0.00934	0.00973	0.00545	0.00623	0.00934	0.01285	0.01713	0.03698	0.75981	0.04438	0.02102	0.00856	0.00273	0.00389	0.01908	0.00623	0.00545
25	0.01661	0.01594	0.02724	0.04119	0.72233	0.01594	0.02059	0.02059	0.01528	0.02192	0.01262	0.01661	0.01063	0.00598	0.00664	0.00199	0.00797	0.00598	0.00332	0.01063
26	0.00818	0.00584	0.00779	0.00934	0.00973	0.00545	0.00623	0.00934	0.01285	0.01713	0.03698	0.75981	0.04438	0.02102	0.00856	0.00273	0.00389	0.01908	0.00623	0.00545
27	0.03010	0.01142	0.01557	0.01194	0.01713	0.00986	0.00986	0.03270	0.01920	0.72698	0.02647	0.02284	0.01661	0.00830	0.00675	0.00208	0.00571	0.00675	0.00830	0.01142
28	0.02506	0.03198	0.01901	0.01729	0.02074	0.73725	0.01296	0.02679	0.01901	0.01642	0.01037	0.01210	0.00864	0.00691	0.00605	0.00173	0.01210	0.00432	0.00346	0.00778
29	0.01555	0.01461	0.02438	0.08396	0.56656	0.01505	0.01865	0.02002	0.04399	0.02114	0.01380	0.01816	0.01163	0.01120	0.08967	0.00302	0.00906	0.00618	0.00348	0.00989
30	0.01587	0.01802	0.03912	0.02878	0.06150	0.01693	0.67192	0.02146	0.01582	0.02151	0.01354	0.01804	0.01020	0.00567	0.00787	0.00225	0.01118	0.00784	0.00339	0.00911
31	0.00818	0.00584	0.00779	0.00934	0.00973	0.00545	0.00623	0.00934	0.01285	0.01713	0.03698	0.75981	0.04438	0.02102	0.00856	0.00273	0.00389	0.01908	0.00623	0.00545
32	0.02322	0.01726	0.01856	0.01479	0.01971	0.01920	0.01204	0.48604	0.22169	0.06632	0.01968	0.01889	0.01417	0.00836	0.00675	0.00209	0.00673	0.00650	0.00681	0.01119
33	0.01939	0.37751	0.05555	0.01640	0.02177	0.17969	0.13190	0.06731	0.01632	0.01890	0.01083	0.01293	0.00908	0.00634	0.00608	0.00175	0.03143	0.00478	0.00335	0.00870
34	0.01497	0.01406	0.02263	0.33299	0.34415	0.01561	0.01842	0.02119	0.10866	0.02076	0.01432	0.01828	0.01126	0.00671	0.00670	0.00213	0.00802	0.00619	0.00365	0.00930
35	0.00934	0.00685	0.00875	0.00828	0.00993	0.00626	0.00621	0.01236	0.01862	0.02602	0.65335	0.05157	0.12931	0.01405	0.00792	0.00213	0.00319	0.01234	0.00727	0.00626
36	0.07624	0.01630	0.01692	0.01393	0.01846	0.06546	0.01136	0.31865	0.14025	0.15708	0.02067	0.02333	0.01575	0.00898	0.00674	0.00215	0.00681	0.06405	0.00658	0.01030
37	0.01660	0.01299	0.01347	0.01170	0.01440	0.07516	0.00905	0.24325	0.01937	0.02627	0.07681	0.02597	0.01931	0.12304	0.18647	0.00468	0.00938	0.00722	0.09711	0.00775
38	0.00818	0.00584	0.00779	0.00934	0.00973	0.00545	0.00623	0.00934	0.01285	0.01713	0.03698	0.75981	0.04438	0.02102	0.00856	0.00273	0.00389	0.01908	0.00623	0.00545
39	0.01584	0.01810	0.03959	0.02828	0.03507	0.01697	0.69796	0.02149	0.01584	0.02149	0.01357	0.01810	0.01018	0.00566	0.00792	0.00226	0.01131	0.00792	0.00339	0.00905
40	0.01766	0.44791	0.21600	0.01446	0.02113	0.06100	0.03777	0.02193	0.03543	0.05439	0.01167	0.01303	0.00940	0.00620	0.00527	0.00172	0.00817	0.00442	0.00331	0.00913
41	0.01207	0.00898	0.01496	0.01330	0.01561	0.00835	0.13841	0.01465	0.01506	0.08558	0.12548	0.39717	0.03744	0.01571	0.00824	0.00252	0.00556	0.06799	0.00604	0.00687
42	0.00944	0.00686	0.00889	0.00838	0.00999	0.00631	0.00629	0.01255	0.01886	0.02659	0.69544	0.05064	0.08686	0.01383	0.00791	0.00212	0.00317	0.01221	0.00734	0.00631
43	0.01476	0.02309	0.28868	0.02496	0.13541	0.01607	0.25461	0.02098	0.03529	0.02156	0.04275	0.01777	0.01209	0.00679	0.00799	0.00221	0.05556	0.00657	0.00342	0.00944
44	0.01536	0.01784	0.12471	0.09387	0.47513	0.01591	0.01993	0.01960	0.01448	0.02074	0.01395	0.01777	0.03356	0.00702	0.00815	0.00213	0.08070	0.00609	0.00328	0.00978
45	0.01346	0.03471	0.72942	0.01912	0.02904	0.01558	0.02479	0.02125	0.01417	0.02125	0.01204	0.01417	0.00850	0.00637	0.00637	0.00212	0.00992	0.00496	0.00283	0.00992
46	0.01475	0.04102	0.08708	0.18095	0.08488	0.01634	0.37727	0.01979	0.01486	0.02007	0.01482	0.01907	0.03700	0.00662	0.00783	0.00222	0.03626	0.00715	0.00333	0.00869
47	0.01428	0.04151	0.18233	0.07425	0.06192	0.03418	0.09233	0.04918	0.09786	0.03837	0.10466	0.13738	0.02288	0.00992	0.00712	0.00221	0.00735	0.00885	0.00480	0.00861
48	0.01619	0.11475	0.01769	0.08749	0.01874	0.12917	0.02739	0.01960	0.06285	0.08677	0.07602	0.14693	0.07853	0.01113	0.00822	0.00217	0.07471	0.00894	0.00497	0.00772
49	0.05214	0.01410	0.04357	0.16657	0.12364	0.01407	0.01386	0.10736	0.01669	0.13708	0.01562	0.04827	0.01230	0.00771	0.00755	0.00200	0.06442	0.00618	0.00471	0.14215
50	0.06702	0.01469	0.08383	0.25437	0.13859	0.04129	0.01524	0.01845	0.05053	0.02098	0.10316	0.05497	0.01840	0.00970	0.03024	0.00242	0.03410	0.00709	0.00407	0.03086

[dist]
# distance from previous block
# <min> <max>
2	85

[block]
# block no. 6 follows, 32 sequences, length 15
# corresponding to MSA columns:
# 457-471
name=unknown_G
#
# <colnr> <probs for GDERKNQSTAVLIFYWHMCP>
#	G	D	E	R	K	N	Q	S	T	A	V	L	I	F	Y	W	H	M	C	P
0	0.09750	0.19411	0.27303	0.01557	0.02184	0.05944	0.04429	0.07908	0.01514	0.02175	0.01173	0.01422	0.00937	0.00997	0.06160	0.00263	0.05149	0.00491	0.00343	0.00888
1	0.01623	0.23143	0.23194	0.03817	0.02116	0.01729	0.01495	0.07281	0.01539	0.06044	0.03734	0.01613	0.01193	0.01003	0.06123	0.00247	0.03324	0.00513	0.00381	0.09890
2	0.10823	0.27231	0.24827	0.01598	0.02255	0.04013	0.09197	0.02106	0.01399	0.04924	0.01136	0.01343	0.00894	0.00647	0.00650	0.00194	0.05062	0.00479	0.00331	0.00893
3	0.04756	0.39165	0.22785	0.01416	0.02076	0.06113	0.01512	0.04795	0.05392	0.04633	0.01207	0.01326	0.00960	0.00638	0.00531	0.00176	0.00800	0.00446	0.00351	0.00921
4	0.01694	0.42094	0.29600	0.01485	0.02202	0.06201	0.01664	0.04710	0.01483	0.01891	0.01067	0.01233	0.00868	0.00614	0.00528	0.00173	0.00850	0.00424	0.00304	0.00917
5	0.01793	0.40973	0.22649	0.01416	0.02090	0.02156	0.01522	0.08937	0.05536	0.05395	0.01259	0.01362	0.00991	0.00646	0.00538	0.00176	0.00779	0.00459	0.00372	0.00950
6	0.09431	0.42443	0.23667	0.01390	0.02056	0.07394	0.01511	0.02089	0.01397	0.01884	0.01021	0.01188	0.00845	0.00606	0.00503	0.00172	0.00815	0.00405	0.00303	0.00881
7	0.01511	0.35168	0.38777	0.01526	0.02283	0.01978	0.01798	0.02008	0.01386	0.01865	0.01225	0.05415	0.01054	0.00691	0.00560	0.00186	0.00839	0.00515	0.00304	0.00910
8	0.01388	0.02750	0.47351	0.08034	0.03025	0.01566	0.15513	0.02050	0.01425	0.02087	0.01258	0.01570	0.00923	0.00657	0.00737	0.00218	0.04458	0.00572	0.03491	0.00928
9	0.00972	0.00664	0.00801	0.00801	0.00825	0.00688	0.00493	0.01020	0.00996	0.01352	0.02051	0.04041	0.02287	0.62177	0.17449	0.00736	0.00879	0.00925	0.00397	0.00445
10	0.00969	0.00677	0.00864	0.00864	0.00910	0.00723	0.00572	0.01061	0.01015	0.01399	0.01993	0.03719	0.02148	0.49089	0.30346	0.00814	0.01090	0.00877	0.00389	0.00480
11	0.01794	0.76823	0.03516	0.01148	0.01722	0.02655	0.01148	0.02009	0.01363	0.01579	0.00933	0.01076	0.00861	0.00574	0.00431	0.00144	0.00718	0.00359	0.00287	0.00861
12	0.03010	0.01142	0.01557	0.01194	0.01713	0.00986	0.00986	0.03270	0.01920	0.72698	0.02647	0.02284	0.01661	0.00830	0.00675	0.00208	0.00571	0.00675	0.00830	0.01142
13	0.02201	0.01585	0.01662	0.01329	0.01729	0.05222	0.01047	0.44263	0.02486	0.09080	0.03938	0.02345	0.01607	0.16971	0.01258	0.00297	0.00716	0.00699	0.00614	0.00950
14	0.01661	0.33723	0.36515	0.01556	0.02325	0.02069	0.01798	0.09380	0.01582	0.02125	0.01135	0.01296	0.00886	0.00629	0.00555	0.00183	0.00851	0.00451	0.00327	0.00954

[dist]
# distance from previous block
# <min> <max>
2	33

[block]
# block no. 7 follows, 32 sequences, length 55
# corresponding to MSA columns:
# 505-559
name=unknown_H
#
# <colnr> <probs for GDERKNQSTAVLIFYWHMCP>
#	G	D	E	R	K	N	Q	S	T	A	V	L	I	F	Y	W	H	M	C	P
0	0.02005	0.45117	0.05082	0.01381	0.01881	0.17644	0.01256	0.10509	0.01680	0.01938	0.01044	0.01205	0.00897	0.00665	0.00609	0.00168	0.05273	0.00423	0.00347	0.00874
1	0.03494	0.11280	0.50893	0.01727	0.02589	0.01602	0.05015	0.02114	0.01428	0.04859	0.01229	0.01419	0.00901	0.00621	0.00604	0.00195	0.00893	0.00488	0.00322	0.08329
2	0.01705	0.01745	0.05275	0.11138	0.14348	0.04746	0.36864	0.02271	0.05476	0.07452	0.01479	0.01820	0.01105	0.00630	0.00729	0.00218	0.00973	0.00702	0.00388	0.00936
3	0.02561	0.01669	0.01852	0.01432	0.01945	0.01793	0.01179	0.51977	0.04954	0.17628	0.01874	0.01808	0.01295	0.00813	0.00664	0.00202	0.00682	0.00624	0.03931	0.01118
4	0.05285	0.06190	0.01842	0.03592	0.15600	0.15684	0.01244	0.02567	0.22624	0.06493	0.02358	0.02369	0.09614	0.00855	0.00649	0.00204	0.00716	0.00690	0.00505	0.00919
5	0.01174	0.07450	0.12136	0.01030	0.01380	0.00953	0.00961	0.01530	0.01731	0.06319	0.42357	0.04182	0.13801	0.01208	0.00732	0.00208	0.00471	0.01031	0.00621	0.00726
6	0.00832	0.00677	0.00736	0.00731	0.00932	0.00582	0.00544	0.01035	0.01608	0.02020	0.22359	0.09149	0.53179	0.01638	0.00795	0.00225	0.00336	0.01389	0.00651	0.00582
7	0.05181	0.01706	0.02644	0.03576	0.54947	0.06801	0.07034	0.02082	0.01514	0.02153	0.01217	0.01604	0.01020	0.00636	0.00745	0.00205	0.05014	0.00590	0.00335	0.00997
8	0.01058	0.00765	0.01045	0.01188	0.01331	0.00767	0.01000	0.01394	0.04172	0.01987	0.03547	0.19375	0.03893	0.01861	0.00905	0.00299	0.00574	0.53596	0.00621	0.00622
9	0.01346	0.03471	0.72942	0.01912	0.02904	0.01558	0.02479	0.02125	0.01417	0.02125	0.01204	0.01417	0.00850	0.00637	0.00637	0.00212	0.00992	0.00496	0.00283	0.00992
10	0.00907	0.00684	0.00838	0.00800	0.00976	0.00615	0.00600	0.01184	0.01799	0.02452	0.54222	0.05404	0.24137	0.01461	0.00792	0.00215	0.00323	0.01268	0.00707	0.00615
11	0.00950	0.00686	0.00897	0.00844	0.01002	0.00633	0.00633	0.01266	0.01899	0.02691	0.71879	0.05012	0.06331	0.01372	0.00791	0.00211	0.00317	0.01213	0.00739	0.00633
12	0.76334	0.01306	0.01018	0.00912	0.01325	0.01515	0.00747	0.02069	0.05383	0.02998	0.01043	0.01176	0.00807	0.00640	0.00431	0.00209	0.00520	0.00387	0.00431	0.00747
13	0.01669	0.01441	0.01517	0.01365	0.01745	0.01669	0.01062	0.03565	0.71021	0.02807	0.02731	0.02503	0.02048	0.00910	0.00683	0.00228	0.00531	0.00759	0.00683	0.01062
14	0.00897	0.00671	0.00832	0.00819	0.00977	0.00607	0.00604	0.01154	0.01735	0.02364	0.48260	0.14684	0.20845	0.01542	0.00800	0.00223	0.00331	0.01350	0.00697	0.00607
15	0.01661	0.01594	0.02724	0.04119	0.72233	0.01594	0.02059	0.02059	0.01528	0.02192	0.01262	0.01661	0.01063	0.00598	0.00664	0.00199	0.00797	0.00598	0.00332	0.01063
16	0.01661	0.01594	0.02724	0.04119	0.72233	0.01594	0.02059	0.02059	0.01528	0.02192	0.01262	0.01661	0.01063	0.00598	0.00664	0.00199	0.00797	0.00598	0.00332	0.01063
17	0.00944	0.00686	0.00889	0.00838	0.00999	0.00631	0.00629	0.01255	0.01886	0.02658	0.69478	0.05065	0.08752	0.01384	0.00791	0.00212	0.00317	0.01221	0.00734	0.00631
18	0.00960	0.00715	0.01057	0.01057	0.01170	0.00827	0.00812	0.01185	0.01072	0.01542	0.01817	0.02743	0.01724	0.09365	0.69491	0.01052	0.01728	0.00734	0.00362	0.00587
19	0.02421	0.01826	0.01922	0.01508	0.01991	0.04732	0.01230	0.57013	0.06730	0.05877	0.01678	0.01763	0.01236	0.03609	0.00819	0.00221	0.03077	0.00621	0.00642	0.01083
20	0.00860	0.00616	0.00821	0.00937	0.01006	0.00577	0.00655	0.01028	0.01420	0.01920	0.16806	0.57835	0.04764	0.01945	0.00849	0.00263	0.00390	0.06096	0.00645	0.00567
21	0.00850	0.00682	0.00758	0.00739	0.00941	0.00591	0.00554	0.01072	0.01663	0.02130	0.30283	0.05936	0.48277	0.01581	0.00792	0.00221	0.00331	0.01343	0.00665	0.00591
22	0.02551	0.01879	0.02014	0.01544	0.02081	0.02081	0.01275	0.69996	0.03155	0.04229	0.01611	0.01611	0.01141	0.00805	0.00671	0.00201	0.00738	0.00604	0.00671	0.01141
23	0.01590	0.01500	0.02508	0.24103	0.44654	0.01607	0.04400	0.05758	0.01555	0.02153	0.01255	0.01695	0.01013	0.00644	0.00710	0.00210	0.02736	0.00605	0.00341	0.00962
24	0.00983	0.00661	0.00785	0.00785	0.00810	0.00681	0.00480	0.01034	0.01008	0.01387	0.02065	0.04034	0.02288	0.61935	0.14879	0.00703	0.00827	0.00921	0.03289	0.00446
25	0.08441	0.01323	0.01490	0.01266	0.01698	0.01411	0.01008	0.03333	0.40723	0.27874	0.02559	0.02313	0.01805	0.00859	0.00659	0.00219	0.00544	0.00697	0.00715	0.01064
26	0.72025	0.01279	0.01053	0.00919	0.01346	0.01445	0.00757	0.02124	0.01233	0.11155	0.01134	0.01230	0.00836	0.00647	0.00446	0.00208	0.00525	0.00400	0.00464	0.00775
27	0.07219	0.06763	0.01952	0.01578	0.01996	0.42171	0.01238	0.21673	0.04988	0.02501	0.01256	0.01361	0.00982	0.00722	0.00606	0.00184	0.00980	0.00486	0.00452	0.00894
28	0.02551	0.01879	0.02014	0.01544	0.02081	0.02081	0.01275	0.69996	0.03155	0.04229	0.01611	0.01611	0.01141	0.00805	0.00671	0.00201	0.00738	0.00604	0.00671	0.01141
29	0.00818	0.00584	0.00779	0.00934	0.00973	0.00545	0.00623	0.00934	0.01285	0.01713	0.03698	0.75981	0.04438	0.02102	0.00856	0.00273	0.00389	0.01908	0.00623	0.00545
30	0.01391	0.01193	0.01391	0.00994	0.01590	0.00894	0.00795	0.01690	0.01391	0.02186	0.01193	0.01391	0.00994	0.00497	0.00497	0.00099	0.00497	0.00398	0.00398	0.80521
31	0.01346	0.03471	0.72942	0.01912	0.02904	0.01558	0.02479	0.02125	0.01417	0.02125	0.01204	0.01417	0.00850	0.00637	0.00637	0.00212	0.00992	0.00496	0.00283	0.00992
32	0.01391	0.01193	0.01391	0.00994	0.01590	0.00894	0.00795	0.01690	0.01391	0.02186	0.01193	0.01391	0.00994	0.00497	0.00497	0.00099	0.00497	0.00398	0.00398	0.80521
33	0.03010	0.01142	0.01557	0.01194	0.01713	0.00986	0.00986	0.03270	0.01920	0.72698	0.02647	0.02284	0.01661	0.00830	0.00675	0.00208	0.00571	0.00675	0.00830	0.01142
34	0.01267	0.01193	0.02013	0.74806	0.04621	0.01491	0.01863	0.01714	0.01342	0.01714	0.01193	0.01789	0.00894	0.00671	0.00671	0.00224	0.00894	0.00596	0.00298	0.00745
35	0.02301	0.01755	0.01873	0.01493	0.01986	0.01964	0.01215	0.51175	0.22383	0.03826	0.01928	0.01864	0.01398	0.00835	0.00674	0.00209	0.00680	0.00648	0.00674	0.01119
36	0.01575	0.01874	0.06617	0.02793	0.03484	0.01691	0.67203	0.02148	0.01577	0.02148	0.01352	0.01795	0.01012	0.00568	0.00786	0.00226	0.01126	0.00780	0.00337	0.00908
37	0.00950	0.00686	0.00897	0.00844	0.01002	0.00633	0.00633	0.01266	0.01899	0.02691	0.71879	0.05012	0.06331	0.01372	0.00791	0.00211	0.00317	0.01213	0.00739	0.00633
38	0.01267	0.01193	0.02013	0.74806	0.04621	0.01491	0.01863	0.01714	0.01342	0.01714	0.01193	0.01789	0.00894	0.00671	0.00671	0.00224	0.00894	0.00596	0.00298	0.00745
39	0.01507	0.03137	0.56339	0.02007	0.02899	0.05938	0.11966	0.02201	0.01487	0.04515	0.01265	0.01490	0.00903	0.00637	0.00659	0.00212	0.01010	0.00540	0.00314	0.00971
40	0.02135	0.01612	0.01739	0.01421	0.01874	0.01794	0.01144	0.37507	0.29517	0.06369	0.06032	0.02177	0.01807	0.00879	0.00683	0.00212	0.00627	0.00701	0.00686	0.01082
41	0.00818	0.00584	0.00779	0.00934	0.00973	0.00545	0.00623	0.00934	0.01285	0.01713	0.03698	0.75981	0.04438	0.02102	0.00856	0.00273	0.00389	0.01908	0.00623	0.00545
42	0.00818	0.00584	0.00779	0.00934	0.00973	0.00545	0.00623	0.00934	0.01285	0.01713	0.03698	0.75981	0.04438	0.02102	0.00856	0.00273	0.00389	0.01908	0.00623	0.00545
43	0.02106	0.02449	0.02288	0.02606	0.26612	0.39898	0.05631	0.02485	0.05947	0.01935	0.01238	0.01481	0.01015	0.00665	0.00642	0.00189	0.01020	0.00531	0.00361	0.00902
44	0.00832	0.00594	0.00795	0.00951	0.00996	0.00557	0.00648	0.00959	0.01299	0.01729	0.03690	0.72240	0.04406	0.02089	0.00860	0.00274	0.00402	0.05506	0.00623	0.00549
45	0.01391	0.01193	0.01391	0.00994	0.01590	0.00894	0.00795	0.01690	0.01391	0.02186	0.01193	0.01391	0.00994	0.00497	0.00497	0.00099	0.00497	0.00398	0.00398	0.80521
46	0.01773	0.01595	0.05904	0.01400	0.01828	0.01667	0.01160	0.17017	0.47588	0.03013	0.04951	0.05171	0.02035	0.00935	0.00688	0.00222	0.00589	0.00771	0.00656	0.01039
47	0.02405	0.04913	0.02034	0.01995	0.11283	0.57912	0.01374	0.02614	0.01838	0.05948	0.01160	0.01330	0.00938	0.00684	0.00612	0.00178	0.01104	0.00466	0.00371	0.00839
48	0.01166	0.00583	0.00874	0.00874	0.00874	0.00583	0.00583	0.00874	0.00874	0.01166	0.01166	0.02040	0.01166	0.02331	0.02622	0.80478	0.00583	0.00583	0.00291	0.00291
49	0.01704	0.01424	0.01426	0.01269	0.01576	0.07183	0.00975	0.18640	0.25307	0.02637	0.02485	0.07163	0.04653	0.14090	0.01178	0.00299	0.00647	0.05883	0.00595	0.00864
50	0.01620	0.12980	0.01610	0.01129	0.01481	0.05436	0.00911	0.14739	0.10096	0.06629	0.03344	0.14916	0.20012	0.01217	0.00693	0.00212	0.00568	0.00999	0.00584	0.00823
51	0.02311	0.06107	0.01976	0.01496	0.01976	0.09251	0.01222	0.46786	0.13001	0.03503	0.01690	0.01713	0.01254	0.00959	0.03465	0.00233	0.00795	0.00600	0.00606	0.01056
52	0.01475	0.00922	0.01168	0.01050	0.01308	0.00897	0.00841	0.10622	0.02010	0.12722	0.41671	0.04593	0.04582	0.01299	0.00781	0.00225	0.00457	0.11884	0.00723	0.00770
53	0.02172	0.02722	0.11352	0.01758	0.02172	0.40055	0.03235	0.12713	0.01882	0.02110	0.01130	0.01355	0.00911	0.00775	0.00877	0.00203	0.12840	0.00501	0.00379	0.00858
54	0.02291	0.02302	0.04837	0.02093	0.14842	0.25195	0.01477	0.30883	0.02313	0.02850	0.01321	0.01478	0.01017	0.00737	0.00700	0.00195	0.03461	0.00542	0.00476	0.00989

[dist]
# distance from previous block
# <min> <max>
2	70

[block]
# block no. 8 follows, 32 sequences, length 61
# corresponding to MSA columns:
# 630-690
name=unknown_I
#
# <colnr> <probs for GDERKNQSTAVLIFYWHMCP>
#	G	D	E	R	K	N	Q	S	T	A	V	L	I	F	Y	W	H	M	C	P
0	0.02060	0.16454	0.06808	0.07339	0.05265	0.12090	0.06396	0.27936	0.02151	0.02715	0.01478	0.01628	0.03307	0.00727	0.00626	0.00191	0.00847	0.00565	0.00459	0.00957
1	0.04224	0.01482	0.02081	0.04234	0.28636	0.04012	0.03690	0.11872	0.01713	0.08815	0.01536	0.04202	0.01275	0.02664	0.05928	0.00270	0.03934	0.00639	0.00447	0.08347
2	0.03679	0.03701	0.01820	0.17830	0.07701	0.08984	0.02989	0.10939	0.01650	0.05178	0.01474	0.03910	0.01212	0.01155	0.07640	0.00279	0.04323	0.00607	0.06035	0.08894
3	0.00831	0.00616	0.00776	0.00873	0.00964	0.00561	0.00603	0.00986	0.01416	0.01867	0.13688	0.52895	0.17621	0.01924	0.00835	0.00255	0.00370	0.01718	0.00639	0.00561
4	0.02200	0.01705	0.01816	0.01473	0.01947	0.01917	0.01191	0.43578	0.30144	0.03663	0.02056	0.01966	0.01502	0.00847	0.00676	0.00212	0.00656	0.00666	0.00676	0.01110
5	0.02338	0.01326	0.01626	0.05943	0.01945	0.01312	0.01076	0.13397	0.15720	0.33899	0.02209	0.02068	0.01516	0.00786	0.00651	0.00197	0.00599	0.00637	0.00683	0.12073
6	0.02506	0.03198	0.01901	0.01729	0.02074	0.73725	0.01296	0.02679	0.01901	0.01642	0.01037	0.01210	0.00864	0.00691	0.00605	0.00173	0.01210	0.00432	0.00346	0.00778
7	0.58103	0.01386	0.01271	0.01333	0.10067	0.03839	0.00926	0.06376	0.01363	0.02908	0.01110	0.01297	0.00869	0.00645	0.00472	0.00201	0.00575	0.00428	0.06040	0.00789
8	0.01612	0.01545	0.02636	0.12817	0.63913	0.01582	0.02035	0.02017	0.01505	0.02133	0.01254	0.01676	0.01042	0.00607	0.00665	0.00202	0.00809	0.00598	0.00328	0.01024
9	0.01179	0.00747	0.00950	0.00886	0.01101	0.00678	0.00686	0.01455	0.01775	0.11041	0.43015	0.05067	0.19203	0.01524	0.03164	0.00248	0.00420	0.05474	0.00706	0.00680
10	0.00818	0.00584	0.00779	0.00934	0.00973	0.00545	0.00623	0.00934	0.01285	0.01713	0.03698	0.75981	0.04438	0.02102	0.00856	0.00273	0.00389	0.01908	0.00623	0.00545
11	0.00796	0.00668	0.00692	0.00711	0.00915	0.00564	0.00524	0.00959	0.01499	0.01800	0.06416	0.15013	0.63652	0.01749	0.00801	0.00232	0.00346	0.01477	0.00623	0.00564
12	0.00818	0.00584	0.00779	0.00934	0.00973	0.00545	0.00623	0.00934	0.01285	0.01713	0.03698	0.75981	0.04438	0.02102	0.00856	0.00273	0.00389	0.01908	0.00623	0.00545
13	0.03010	0.01142	0.01557	0.01194	0.01713	0.00986	0.00986	0.03270	0.01920	0.72698	0.02647	0.02284	0.01661	0.00830	0.00675	0.00208	0.00571	0.00675	0.00830	0.01142
14	0.01551	0.02197	0.23824	0.03187	0.36905	0.01606	0.16728	0.02098	0.01507	0.02163	0.01265	0.01620	0.00990	0.00603	0.00684	0.00209	0.00927	0.00609	0.00319	0.01008
15	0.01346	0.03471	0.72942	0.01912	0.02904	0.01558	0.02479	0.02125	0.01417	0.02125	0.01204	0.01417	0.00850	0.00637	0.00637	0.00212	0.00992	0.00496	0.00283	0.00992
16	0.02607	0.01789	0.01958	0.01501	0.02036	0.01946	0.01240	0.61785	0.03003	0.12655	0.01738	0.01694	0.01205	0.00809	0.00672	0.00202	0.00718	0.00613	0.00691	0.01141
17	0.00818	0.00584	0.00779	0.00934	0.00973	0.00545	0.00623	0.00934	0.01285	0.01713	0.03698	0.75981	0.04438	0.02102	0.00856	0.00273	0.00389	0.01908	0.00623	0.00545
18	0.11130	0.38861	0.14479	0.01356	0.01943	0.11960	0.01348	0.06641	0.03275	0.02051	0.01082	0.01224	0.00892	0.00630	0.00509	0.00172	0.00804	0.00418	0.00345	0.00879
19	0.01054	0.00754	0.01043	0.01155	0.01310	0.00743	0.00988	0.01364	0.01618	0.02149	0.17710	0.07039	0.04373	0.01754	0.00899	0.00289	0.00555	0.53938	0.00643	0.00621
20	0.00959	0.00692	0.00910	0.00872	0.01030	0.00643	0.00665	0.01275	0.01874	0.02643	0.67063	0.05192	0.06157	0.01406	0.00801	0.00218	0.00338	0.05902	0.00730	0.00632
21	0.13938	0.01447	0.02190	0.26551	0.09680	0.01690	0.10674	0.08566	0.01483	0.02250	0.01167	0.01596	0.00923	0.00746	0.00921	0.00230	0.14170	0.00586	0.00361	0.00831
22	0.02516	0.02927	0.01924	0.01691	0.02076	0.59023	0.01292	0.16493	0.02159	0.02173	0.01155	0.01292	0.00921	0.00715	0.00619	0.00179	0.01113	0.00467	0.00413	0.00852
23	0.00935	0.00685	0.00877	0.00829	0.00993	0.00627	0.00622	0.01238	0.01865	0.02608	0.65779	0.05148	0.12483	0.01402	0.00792	0.00212	0.00319	0.01232	0.00728	0.00627
24	0.01024	0.00754	0.01001	0.01125	0.01294	0.00731	0.00967	0.01305	0.01542	0.01969	0.04199	0.07347	0.17429	0.01823	0.00900	0.00293	0.00562	0.54508	0.00619	0.00608
25	0.10249	0.29641	0.05083	0.01656	0.03777	0.17660	0.11774	0.04172	0.01526	0.01945	0.01054	0.01288	0.00886	0.00655	0.00667	0.00185	0.06128	0.00475	0.00334	0.00844
26	0.00940	0.00685	0.00883	0.00834	0.00996	0.00629	0.00625	0.01247	0.01876	0.02635	0.67735	0.05104	0.10511	0.01393	0.00791	0.00212	0.00318	0.01226	0.00731	0.00629
27	0.00944	0.00674	0.00867	0.00836	0.00965	0.00629	0.00603	0.01205	0.01735	0.02439	0.57921	0.09934	0.05687	0.11268	0.01140	0.00273	0.00365	0.01231	0.00687	0.00597
28	0.01794	0.76823	0.03516	0.01148	0.01722	0.02655	0.01148	0.02009	0.01363	0.01579	0.00933	0.01076	0.00861	0.00574	0.00431	0.00144	0.00718	0.00359	0.00287	0.00861
29	0.18538	0.05008	0.01585	0.01249	0.01662	0.07618	0.01024	0.30470	0.05051	0.03198	0.01645	0.01992	0.01314	0.00816	0.00591	0.00199	0.00655	0.04878	0.11605	0.00903
30	0.01888	0.01606	0.01637	0.01418	0.01829	0.04775	0.01116	0.17361	0.53991	0.03054	0.02427	0.02263	0.01810	0.00879	0.00677	0.00220	0.00603	0.00713	0.00666	0.01067
31	0.00816	0.00590	0.00772	0.00917	0.00969	0.00546	0.00615	0.00936	0.01301	0.01719	0.03904	0.71356	0.08930	0.02075	0.00852	0.00269	0.00386	0.01875	0.00623	0.00546
32	0.77709	0.01271	0.00982	0.00881	0.01285	0.01468	0.00723	0.01942	0.01174	0.02997	0.03985	0.01259	0.00968	0.00655	0.00431	0.00208	0.00510	0.00400	0.00429	0.00723
33	0.01551	0.01482	0.02525	0.23893	0.53319	0.01565	0.02004	0.01963	0.01476	0.02058	0.01243	0.01697	0.01016	0.00618	0.00666	0.00206	0.00824	0.00597	0.00323	0.00974
34	0.03010	0.01142	0.01557	0.01194	0.01713	0.00986	0.00986	0.03270	0.01920	0.72698	0.02647	0.02284	0.01661	0.00830	0.00675	0.00208	0.00571	0.00675	0.00830	0.01142
35	0.01356	0.03401	0.70050	0.01951	0.02929	0.01564	0.05301	0.02126	0.01424	0.02126	0.01211	0.01433	0.00857	0.00634	0.00644	0.00213	0.00997	0.00508	0.00286	0.00988
36	0.01360	0.03379	0.69698	0.01888	0.02851	0.01563	0.02415	0.02190	0.04579	0.02156	0.01273	0.01466	0.00904	0.00650	0.00640	0.00213	0.00971	0.00508	0.00301	0.00995
37	0.01158	0.00588	0.00881	0.00881	0.00886	0.00592	0.00592	0.00886	0.00881	0.01179	0.01188	0.02061	0.01184	0.02427	0.05145	0.77663	0.00626	0.00588	0.00294	0.00302
38	0.00939	0.00685	0.00882	0.00833	0.00996	0.00628	0.00624	0.01245	0.01873	0.02629	0.67291	0.05114	0.10958	0.01395	0.00792	0.00212	0.00318	0.01228	0.00730	0.00628
39	0.01661	0.01594	0.02724	0.04119	0.72233	0.01594	0.02059	0.02059	0.01528	0.02192	0.01262	0.01661	0.01063	0.00598	0.00664	0.00199	0.00797	0.00598	0.00332	0.01063
40	0.01668	0.01893	0.03218	0.02419	0.02883	0.10653	0.43853	0.02078	0.01480	0.01950	0.01196	0.01648	0.00964	0.00737	0.01130	0.00237	0.20123	0.00695	0.00328	0.00846
41	0.01633	0.01566	0.02673	0.09102	0.67467	0.01587	0.02045	0.02035	0.01515	0.02158	0.01257	0.01670	0.01051	0.00603	0.00665	0.00201	0.00804	0.00598	0.00330	0.01040
42	0.01560	0.01763	0.03811	0.08294	0.03591	0.01681	0.64637	0.02116	0.01565	0.02116	0.01345	0.01808	0.01009	0.00574	0.00783	0.00226	0.01113	0.00777	0.00336	0.00893
43	0.01346	0.03471	0.72942	0.01912	0.02904	0.01558	0.02479	0.02125	0.01417	0.02125	0.01204	0.01417	0.00850	0.00637	0.00637	0.00212	0.00992	0.00496	0.00283	0.00992
44	0.00967	0.00657	0.00831	0.00860	0.00991	0.00596	0.00614	0.01130	0.01512	0.04955	0.23792	0.32287	0.19142	0.01768	0.00941	0.05896	0.00379	0.01457	0.00642	0.00582
45	0.01661	0.01594	0.02724	0.04119	0.72233	0.01594	0.02059	0.02059	0.01528	0.02192	0.01262	0.01661	0.01063	0.00598	0.00664	0.00199	0.00797	0.00598	0.00332	0.01063
46	0.01382	0.03217	0.62401	0.02052	0.02996	0.01579	0.12766	0.02129	0.01442	0.02129	0.01228	0.01477	0.00876	0.00627	0.00661	0.00215	0.01013	0.00541	0.00292	0.00978
47	0.01022	0.00977	0.06016	0.01117	0.01300	0.03772	0.00936	0.01269	0.01457	0.01886	0.05894	0.34099	0.10324	0.01788	0.00848	0.00271	0.00541	0.25277	0.00589	0.00617
48	0.00819	0.00620	0.00742	0.00836	0.00936	0.00559	0.00572	0.00946	0.01350	0.01722	0.04658	0.48090	0.27278	0.06379	0.00987	0.00279	0.00388	0.01685	0.00610	0.00544
49	0.01382	0.01257	0.02084	0.18695	0.37318	0.01332	0.01687	0.01747	0.01429	0.01972	0.01728	0.06929	0.01633	0.01308	0.08126	0.00312	0.00874	0.08947	0.00380	0.00861
50	0.01623	0.02892	0.51851	0.02095	0.10655	0.01546	0.03927	0.06615	0.01594	0.08938	0.01377	0.01549	0.00974	0.00660	0.00650	0.00210	0.00917	0.00539	0.00367	0.01021
51	0.01526	0.01546	0.02933	0.31204	0.11942	0.01627	0.31051	0.05998	0.01575	0.02107	0.01296	0.01772	0.00982	0.00625	0.00722	0.00221	0.00976	0.00681	0.00342	0.00875
52	0.00951	0.00659	0.00824	0.00844	0.00879	0.00683	0.00542	0.01026	0.01041	0.01418	0.02241	0.13255	0.02510	0.49065	0.20525	0.00707	0.00901	0.01033	0.00423	0.00472
53	0.00998	0.00813	0.01172	0.13525	0.07834	0.00827	0.00979	0.01224	0.01389	0.01816	0.05319	0.35142	0.14178	0.03702	0.00876	0.00263	0.00530	0.08242	0.00540	0.00633
54	0.04933	0.01994	0.16186	0.07353	0.09049	0.03855	0.19507	0.08196	0.01548	0.02214	0.01273	0.03564	0.01040	0.00777	0.00986	0.00231	0.15396	0.00647	0.00357	0.00892
55	0.03810	0.02012	0.16331	0.04447	0.11820	0.03960	0.24779	0.06254	0.06313	0.11259	0.01560	0.01771	0.01133	0.00663	0.00697	0.00214	0.00908	0.00653	0.00433	0.00983
