[name]
unknown

[dist]
# distance from previous block
# <min> <max>
0	45

[block]
# block no. 0 follows, 34 sequences, length 62
# corresponding to MSA columns:
# 45-106
name=unknown_A
#
# <colnr> <probs for GDERKNQSTAVLIFYWHMCP>
#	G	D	E	R	K	N	Q	S	T	A	V	L	I	F	Y	W	H	M	C	P
0	0.01456	0.14274	0.13342	0.02072	0.04834	0.03474	0.34399	0.01911	0.01459	0.01929	0.01647	0.04544	0.03530	0.00761	0.00690	0.00210	0.00902	0.07381	0.00354	0.00830
1	0.11497	0.04521	0.10982	0.02098	0.02675	0.06604	0.39387	0.04363	0.01491	0.02150	0.01320	0.05481	0.01086	0.00669	0.00711	0.00211	0.02882	0.00686	0.00353	0.00835
2	0.01459	0.07809	0.15594	0.05733	0.07208	0.03668	0.35669	0.01953	0.01466	0.01990	0.03192	0.04118	0.01236	0.00663	0.00686	0.00205	0.00930	0.02437	0.00338	0.03645
3	0.00807	0.00585	0.00762	0.00867	0.00937	0.00540	0.00593	0.00955	0.01352	0.01812	0.15267	0.59774	0.09600	0.01879	0.00810	0.00249	0.00360	0.01692	0.00618	0.00540
4	0.01958	0.04186	0.01869	0.03276	0.01959	0.07531	0.06435	0.26190	0.02033	0.08378	0.01469	0.01701	0.01136	0.00680	0.00598	0.00165	0.00691	0.02846	0.00501	0.26398
5	0.00905	0.00690	0.00889	0.00919	0.01061	0.00654	0.00661	0.01129	0.03512	0.01777	0.07905	0.42504	0.08777	0.02251	0.14117	0.00376	0.00627	0.01355	0.00540	0.09351
6	0.01549	0.01484	0.02531	0.13537	0.64086	0.01522	0.01958	0.01939	0.01447	0.02050	0.01206	0.01616	0.01002	0.00585	0.00641	0.00195	0.00780	0.00576	0.00315	0.00983
7	0.00764	0.00655	0.00655	0.00655	0.00873	0.00545	0.00491	0.00927	0.01473	0.01745	0.06546	0.06218	0.73000	0.01636	0.00764	0.00218	0.00327	0.01364	0.00600	0.00545
8	0.01563	0.01638	0.03211	0.03352	0.38713	0.01584	0.36060	0.02026	0.01498	0.02091	0.01261	0.01670	0.01002	0.00560	0.00700	0.00205	0.00927	0.00668	0.00323	0.00948
9	0.03681	0.01069	0.03643	0.01273	0.01522	0.03340	0.10096	0.06546	0.01319	0.01893	0.01755	0.06992	0.01625	0.06903	0.38567	0.00651	0.01240	0.00746	0.06475	0.00664
10	0.00786	0.00565	0.00747	0.00892	0.00935	0.00525	0.00596	0.00901	0.01245	0.01652	0.03656	0.74636	0.06447	0.02012	0.00823	0.00261	0.00373	0.01822	0.00600	0.00525
11	0.01599	0.01535	0.02623	0.03966	0.73262	0.01535	0.01983	0.01983	0.01471	0.02111	0.01215	0.01599	0.01023	0.00576	0.00640	0.00192	0.00768	0.00576	0.00320	0.01023
12	0.00787	0.00562	0.00750	0.00900	0.00937	0.00525	0.00600	0.00900	0.01237	0.01649	0.03561	0.76871	0.04274	0.02024	0.00825	0.00262	0.00375	0.01837	0.00600	0.00525
13	0.01557	0.01492	0.02546	0.12046	0.65515	0.01524	0.01962	0.01946	0.01451	0.02059	0.01208	0.01613	0.01005	0.00584	0.00640	0.00195	0.00778	0.00576	0.00316	0.00989
14	0.01220	0.01148	0.01938	0.75739	0.04450	0.01436	0.01794	0.01651	0.01292	0.01651	0.01148	0.01723	0.00861	0.00646	0.00646	0.00215	0.00861	0.00574	0.00287	0.00718
15	0.00877	0.00732	0.00774	0.00756	0.00975	0.00669	0.00568	0.01239	0.09207	0.01960	0.14944	0.07851	0.54098	0.01524	0.00754	0.00218	0.00346	0.01283	0.00621	0.00605
16	0.02178	0.02969	0.12320	0.01735	0.04154	0.57428	0.01421	0.02538	0.06086	0.01733	0.01129	0.01284	0.00906	0.00669	0.00593	0.00176	0.01083	0.00449	0.00344	0.00804
17	0.05938	0.08299	0.64946	0.01735	0.02630	0.01570	0.02203	0.02030	0.01346	0.02059	0.01127	0.01324	0.00812	0.00609	0.00588	0.00200	0.00911	0.00461	0.00280	0.00932
18	0.00787	0.00562	0.00750	0.00900	0.00937	0.00525	0.00600	0.00900	0.01237	0.01649	0.03561	0.76871	0.04274	0.02024	0.00825	0.00262	0.00375	0.01837	0.00600	0.00525
19	0.02414	0.03079	0.01831	0.01665	0.01998	0.74698	0.01248	0.02580	0.01831	0.01581	0.00999	0.01165	0.00832	0.00666	0.00583	0.00166	0.01165	0.00416	0.00333	0.00749
20	0.04609	0.10085	0.04531	0.07483	0.05941	0.46625	0.03350	0.06608	0.01746	0.01834	0.01057	0.01262	0.00861	0.00648	0.00578	0.00174	0.01016	0.00450	0.00342	0.00800
21	0.01647	0.01674	0.02351	0.15303	0.49132	0.11409	0.01810	0.02074	0.04666	0.01991	0.01239	0.01597	0.01014	0.00613	0.00634	0.00194	0.00825	0.00561	0.00331	0.00936
22	0.00787	0.00562	0.00750	0.00900	0.00937	0.00525	0.00600	0.00900	0.01237	0.01649	0.03561	0.76871	0.04274	0.02024	0.00825	0.00262	0.00375	0.01837	0.00600	0.00525
23	0.01349	0.01280	0.02171	0.51309	0.27873	0.01469	0.01859	0.01764	0.01353	0.01807	0.01171	0.01681	0.00917	0.00622	0.00644	0.00207	0.00829	0.00575	0.00298	0.00822
24	0.04403	0.13098	0.09682	0.02095	0.16672	0.25443	0.07138	0.04643	0.04789	0.04411	0.01212	0.01404	0.00964	0.00632	0.00590	0.00181	0.00902	0.00499	0.00359	0.00882
25	0.01296	0.03342	0.73944	0.01842	0.02797	0.01501	0.02387	0.02046	0.01364	0.02046	0.01160	0.01364	0.00818	0.00614	0.00614	0.00205	0.00955	0.00477	0.00273	0.00955
26	0.00786	0.00567	0.00745	0.00887	0.00934	0.00526	0.00594	0.00901	0.01249	0.01654	0.03718	0.73160	0.07883	0.02004	0.00822	0.00260	0.00372	0.01812	0.00600	0.00526
27	0.13941	0.01430	0.01820	0.01498	0.05616	0.01453	0.07051	0.24866	0.02079	0.31019	0.01811	0.01753	0.01224	0.00730	0.00622	0.00199	0.00653	0.00590	0.00627	0.01018
28	0.01220	0.01148	0.01938	0.75739	0.04450	0.01436	0.01794	0.01651	0.01292	0.01651	0.01148	0.01723	0.00861	0.00646	0.00646	0.00215	0.00861	0.00574	0.00287	0.00718
29	0.01360	0.14337	0.63509	0.01733	0.02628	0.01657	0.02198	0.02030	0.01357	0.01968	0.01121	0.01316	0.00820	0.00605	0.00584	0.00195	0.00916	0.00458	0.00273	0.00936
30	0.01220	0.01148	0.01938	0.75739	0.04450	0.01436	0.01794	0.01651	0.01292	0.01651	0.01148	0.01723	0.00861	0.00646	0.00646	0.00215	0.00861	0.00574	0.00287	0.00718
31	0.00782	0.00661	0.00680	0.00690	0.00904	0.00559	0.00528	0.00955	0.01474	0.01758	0.06337	0.06290	0.68366	0.01646	0.00772	0.00223	0.00345	0.05882	0.00600	0.00549
32	0.01597	0.01389	0.01488	0.01335	0.01681	0.01626	0.01043	0.03337	0.68436	0.02644	0.02538	0.02359	0.01915	0.00890	0.00733	0.00222	0.04401	0.00722	0.00638	0.01006
33	0.02876	0.01136	0.01522	0.01167	0.01668	0.01004	0.00964	0.06646	0.01911	0.70126	0.02498	0.02166	0.01574	0.00798	0.00650	0.00200	0.00558	0.00646	0.00792	0.01100
34	0.02456	0.01810	0.01939	0.01487	0.02004	0.02004	0.01228	0.71107	0.03038	0.04072	0.01551	0.01551	0.01099	0.00776	0.00646	0.00194	0.00711	0.00582	0.00646	0.01099
35	0.02414	0.03079	0.01831	0.01665	0.01998	0.74698	0.01248	0.02580	0.01831	0.01581	0.00999	0.01165	0.00832	0.00666	0.00583	0.00166	0.01165	0.00416	0.00333	0.00749
36	0.02876	0.01137	0.01523	0.01167	0.01668	0.01005	0.00964	0.06718	0.01912	0.70052	0.02497	0.02165	0.01573	0.00798	0.00650	0.00200	0.00558	0.00646	0.00792	0.01100
37	0.01304	0.00698	0.00709	0.00673	0.00852	0.00714	0.00514	0.07049	0.01489	0.02541	0.02063	0.02341	0.01612	0.00755	0.00467	0.00154	0.00334	0.00601	0.74489	0.00642
38	0.00787	0.00562	0.00750	0.00900	0.00937	0.00525	0.00600	0.00900	0.01237	0.01649	0.03561	0.76871	0.04274	0.02024	0.00825	0.00262	0.00375	0.01837	0.00600	0.00525
39	0.02219	0.01919	0.01863	0.01581	0.04141	0.16830	0.03574	0.32508	0.18706	0.07410	0.01731	0.01720	0.01272	0.00764	0.00640	0.00195	0.00763	0.00592	0.00573	0.00999
40	0.00835	0.00665	0.00729	0.00758	0.00927	0.00592	0.00552	0.02869	0.01431	0.01767	0.05337	0.23337	0.48165	0.05614	0.00910	0.00252	0.00374	0.03746	0.00590	0.00549
41	0.00832	0.00691	0.00716	0.00697	0.00917	0.00597	0.00526	0.03121	0.01559	0.01908	0.13486	0.05926	0.63633	0.01576	0.00760	0.00216	0.00337	0.01319	0.00613	0.00569
42	0.02114	0.33691	0.04674	0.01423	0.01871	0.40268	0.01214	0.02318	0.01604	0.04038	0.01015	0.01154	0.00857	0.00622	0.00517	0.00157	0.00943	0.00397	0.00324	0.00800
43	0.00940	0.00709	0.01041	0.01032	0.01135	0.00829	0.00793	0.01149	0.01029	0.01482	0.01728	0.02638	0.01650	0.10498	0.66798	0.00982	0.03944	0.00708	0.00348	0.00566
44	0.01711	0.01198	0.01344	0.01174	0.01523	0.01296	0.00921	0.06446	0.41302	0.14220	0.14262	0.02835	0.04495	0.00949	0.00669	0.00210	0.00482	0.00795	0.03224	0.00944
45	0.02174	0.01772	0.01900	0.01516	0.01987	0.06475	0.04801	0.44749	0.21689	0.03437	0.01797	0.01771	0.01314	0.00784	0.00651	0.00200	0.00705	0.00621	0.00613	0.01044
46	0.01970	0.01959	0.05450	0.01499	0.01930	0.18267	0.03606	0.16194	0.34849	0.04526	0.01927	0.01879	0.01441	0.00782	0.00640	0.00201	0.00742	0.00616	0.00554	0.00969
47	0.01569	0.01749	0.07390	0.01756	0.05120	0.09949	0.05963	0.02224	0.19062	0.01968	0.03149	0.01746	0.01272	0.00917	0.01277	0.00237	0.32810	0.00612	0.00397	0.00832
48	0.01530	0.01515	0.05473	0.20035	0.40884	0.01538	0.01787	0.04645	0.11988	0.02161	0.01420	0.01736	0.01121	0.00646	0.00643	0.00202	0.00758	0.00594	0.00372	0.00952
49	0.01727	0.77681	0.03386	0.01106	0.01658	0.02557	0.01106	0.01935	0.01313	0.01520	0.00898	0.01036	0.00829	0.00553	0.00415	0.00138	0.00691	0.00345	0.00276	0.00829
50	0.00925	0.00684	0.00998	0.00998	0.01100	0.00786	0.00758	0.01128	0.01027	0.01470	0.01767	0.02742	0.01704	0.13575	0.66124	0.00989	0.01598	0.00722	0.00352	0.00555
51	0.02035	0.01169	0.01392	0.01183	0.01570	0.01202	0.00937	0.03009	0.33999	0.31558	0.09917	0.04906	0.02320	0.00927	0.00670	0.00211	0.00501	0.00778	0.00719	0.00996
52	0.00795	0.00602	0.00733	0.00814	0.00921	0.00541	0.00567	0.00945	0.01377	0.01786	0.12396	0.46918	0.25618	0.01825	0.00799	0.00242	0.00352	0.01615	0.00613	0.00541
53	0.01429	0.01201	0.01388	0.00999	0.01569	0.00952	0.00802	0.07161	0.01475	0.02262	0.01181	0.01357	0.00968	0.00502	0.00492	0.00104	0.00497	0.00399	0.00404	0.74859
54	0.05670	0.24759	0.44918	0.01585	0.02364	0.01813	0.04001	0.02054	0.03760	0.01961	0.01125	0.01300	0.00860	0.00602	0.00551	0.00186	0.00843	0.00450	0.00295	0.00905
55	0.00818	0.00639	0.00742	0.00753	0.00916	0.00563	0.00551	0.01020	0.01548	0.02010	0.28187	0.18918	0.37819	0.01603	0.00775	0.00221	0.00329	0.01387	0.00637	0.00563
56	0.01122	0.00561	0.00842	0.00842	0.00842	0.00561	0.00561	0.00842	0.00842	0.01122	0.01122	0.01964	0.01122	0.02245	0.02525	0.81201	0.00561	0.00561	0.00281	0.00281
57	0.81856	0.01250	0.00950	0.00850	0.01250	0.01449	0.00700	0.01899	0.01100	0.02899	0.00900	0.01050	0.00700	0.00600	0.00400	0.00200	0.00500	0.00350	0.00400	0.00700
58	0.01010	0.00817	0.01192	0.01142	0.01233	0.01008	0.00899	0.01217	0.01026	0.01501	0.01586	0.02401	0.01507	0.06832	0.59309	0.00890	0.14820	0.00679	0.00337	0.00593
59	0.01349	0.01065	0.01272	0.00980	0.01474	0.00831	0.00790	0.01625	0.01383	0.05743	0.01735	0.04774	0.03868	0.00730	0.00554	0.00133	0.00486	0.07945	0.00442	0.62821
60	0.01582	0.03976	0.09449	0.01989	0.16884	0.03272	0.08960	0.06852	0.06931	0.05651	0.03005	0.02273	0.01467	0.00751	0.00642	0.00189	0.00711	0.07948	0.00436	0.17034
61	0.01618	0.01151	0.01360	0.01019	0.01540	0.00952	0.00817	0.04498	0.06505	0.13685	0.03844	0.01820	0.03548	0.00631	0.00542	0.00132	0.00491	0.00512	0.00495	0.54840

[dist]
# distance from previous block
# <min> <max>
0	2

[block]
# block no. 1 follows, 34 sequences, length 8
# corresponding to MSA columns:
# 109-116
name=unknown_B
#
# <colnr> <probs for GDERKNQSTAVLIFYWHMCP>
#	G	D	E	R	K	N	Q	S	T	A	V	L	I	F	Y	W	H	M	C	P
0	0.02240	0.02824	0.01707	0.01558	0.01879	0.66879	0.01169	0.02406	0.01793	0.01599	0.01584	0.01698	0.08442	0.00768	0.00602	0.00172	0.01077	0.00516	0.00361	0.00728
1	0.01377	0.01300	0.01790	0.05117	0.01849	0.01438	0.04786	0.01619	0.01188	0.01831	0.01020	0.01414	0.00904	0.00787	0.01247	0.00193	0.34875	0.00495	0.00330	0.36441
2	0.01007	0.00759	0.00969	0.00926	0.00952	0.00869	0.00636	0.01079	0.00969	0.01352	0.01791	0.03438	0.01964	0.50095	0.18628	0.00664	0.12229	0.00830	0.00365	0.00479
3	0.01555	0.05475	0.01791	0.41011	0.03115	0.05544	0.01405	0.02137	0.12547	0.10878	0.01918	0.02140	0.06244	0.00768	0.00640	0.00207	0.00737	0.00643	0.00434	0.00809
4	0.03979	0.17413	0.08576	0.01347	0.01757	0.28720	0.01175	0.02163	0.06869	0.03688	0.04846	0.02180	0.06759	0.00963	0.03211	0.00213	0.00857	0.04104	0.00405	0.00777
5	0.18612	0.04758	0.01652	0.01347	0.01706	0.20116	0.01075	0.16546	0.09625	0.05896	0.01362	0.01530	0.01074	0.03243	0.00812	0.00213	0.08611	0.00513	0.00464	0.00845
6	0.12807	0.01256	0.01487	0.05598	0.09202	0.07638	0.04391	0.04257	0.07057	0.07538	0.06590	0.19622	0.02297	0.01101	0.00706	0.00221	0.02205	0.04753	0.00509	0.00765
7	0.04468	0.05331	0.04965	0.24160	0.14317	0.07368	0.08635	0.10578	0.06710	0.02209	0.01300	0.01603	0.01002	0.00644	0.00625	0.00196	0.00817	0.00563	0.00378	0.04131

[dist]
# distance from previous block
# <min> <max>
2	17

[block]
# block no. 2 follows, 34 sequences, length 10
# corresponding to MSA columns:
# 134-143
name=unknown_C
#
# <colnr> <probs for GDERKNQSTAVLIFYWHMCP>
#	G	D	E	R	K	N	Q	S	T	A	V	L	I	F	Y	W	H	M	C	P
0	0.20875	0.04060	0.08117	0.01412	0.01892	0.10856	0.04182	0.24515	0.01934	0.09833	0.01322	0.01418	0.00969	0.00713	0.00662	0.00198	0.05142	0.00504	0.00486	0.00908
1	0.10072	0.18452	0.08950	0.01580	0.06730	0.08751	0.03730	0.17877	0.06504	0.06184	0.01316	0.01429	0.01012	0.00686	0.00631	0.00187	0.04055	0.00500	0.00436	0.00918
2	0.02020	0.20049	0.05467	0.01480	0.01976	0.13466	0.06631	0.23730	0.08681	0.04915	0.04463	0.01617	0.01284	0.00714	0.00595	0.00182	0.00777	0.00550	0.00476	0.00927
3	0.16264	0.07212	0.01697	0.01401	0.04759	0.20499	0.01079	0.14799	0.05703	0.08865	0.03862	0.01825	0.01325	0.00757	0.00580	0.00187	0.00738	0.03960	0.00485	0.04003
4	0.21337	0.01380	0.01311	0.01124	0.01501	0.08251	0.00889	0.09068	0.16017	0.17191	0.05752	0.02292	0.06517	0.03779	0.00699	0.00218	0.00579	0.00652	0.00581	0.00863
5	0.01204	0.00602	0.00602	0.00602	0.00753	0.00602	0.00452	0.01506	0.01355	0.02409	0.02108	0.02409	0.01656	0.00753	0.00452	0.00151	0.00301	0.00602	0.80879	0.00602
6	0.01204	0.00602	0.00602	0.00602	0.00753	0.00602	0.00452	0.01506	0.01355	0.02409	0.02108	0.02409	0.01656	0.00753	0.00452	0.00151	0.00301	0.00602	0.80879	0.00602
7	0.01572	0.01250	0.01254	0.01121	0.01435	0.06250	0.00870	0.06267	0.34741	0.07123	0.10531	0.02958	0.10233	0.00971	0.00650	0.00203	0.00501	0.00799	0.10409	0.00863
8	0.00776	0.00639	0.00683	0.00707	0.00889	0.00545	0.00517	0.00938	0.01450	0.01774	0.09625	0.18663	0.57184	0.01688	0.00774	0.00225	0.00334	0.01437	0.00606	0.00545
9	0.01113	0.00799	0.01074	0.01160	0.01332	0.00805	0.00997	0.05660	0.01628	0.02151	0.12250	0.06615	0.03862	0.01662	0.00860	0.00279	0.00565	0.55946	0.00613	0.00628

[dist]
# distance from previous block
# <min> <max>
0	0

# created by:
# /home/berkeley/.conda/envs/busco_data_prod/bin/msa2prfl.pl pipeline/OGs_align_augustus/4893/36255.fs
