[name]
unknown

[dist]
# distance from previous block
# <min> <max>
0	28

[block]
# block no. 0 follows, 31 sequences, length 43
# corresponding to MSA columns:
# 28-70
name=unknown_A
#
# <colnr> <probs for GDERKNQSTAVLIFYWHMCP>
#	G	D	E	R	K	N	Q	S	T	A	V	L	I	F	Y	W	H	M	C	P
0	0.13214	0.04755	0.11072	0.01731	0.07657	0.13865	0.04739	0.16486	0.01925	0.07594	0.01645	0.01895	0.03708	0.00775	0.00635	0.00203	0.00820	0.02819	0.00478	0.03985
1	0.03996	0.00851	0.01103	0.01123	0.03775	0.00870	0.00785	0.01631	0.06577	0.10650	0.08134	0.18387	0.04156	0.15548	0.18738	0.00522	0.00838	0.01069	0.00554	0.00693
2	0.00955	0.00663	0.00819	0.00902	0.00972	0.00646	0.00604	0.01175	0.04748	0.01873	0.08567	0.47150	0.03944	0.15356	0.01300	0.00331	0.00440	0.01546	0.07438	0.00570
3	0.04526	0.01470	0.02159	0.44745	0.17946	0.04057	0.01797	0.11123	0.01672	0.02245	0.01274	0.01726	0.00974	0.00686	0.00671	0.00217	0.00867	0.00595	0.00369	0.00882
4	0.02658	0.01695	0.01906	0.01458	0.02004	0.01785	0.01203	0.49690	0.02816	0.21006	0.01883	0.01801	0.01287	0.00812	0.00676	0.00202	0.00698	0.00623	0.00711	0.05084
5	0.01123	0.00815	0.00943	0.00913	0.01129	0.00779	0.00678	0.01585	0.11153	0.04836	0.19503	0.20165	0.20737	0.01471	0.00761	0.00226	0.00392	0.01273	0.07500	0.04018
6	0.01005	0.00647	0.00740	0.00769	0.00799	0.00640	0.00464	0.01072	0.01116	0.01578	0.02466	0.17390	0.02762	0.51625	0.02573	0.00520	0.00565	0.01121	0.11677	0.00472
7	0.01385	0.01311	0.02220	0.58101	0.20198	0.01544	0.01946	0.01829	0.01412	0.01861	0.01232	0.01794	0.00952	0.00667	0.00682	0.00222	0.00889	0.00608	0.00312	0.00835
8	0.00985	0.00679	0.00840	0.00845	0.00878	0.00709	0.00537	0.01052	0.01033	0.01409	0.02130	0.06563	0.02359	0.54931	0.21489	0.00763	0.00957	0.00961	0.00410	0.00471
9	0.01292	0.01216	0.02052	0.74312	0.04712	0.01520	0.01900	0.01748	0.01368	0.01748	0.01216	0.01824	0.00912	0.00684	0.00684	0.00228	0.00912	0.00608	0.00304	0.00760
10	0.01639	0.01570	0.02678	0.13737	0.62578	0.01611	0.02072	0.02052	0.01532	0.02169	0.01277	0.01711	0.01060	0.00620	0.00678	0.00207	0.00826	0.00609	0.00334	0.01040
11	0.01702	0.01470	0.01547	0.01392	0.01779	0.01702	0.01083	0.03635	0.70453	0.02862	0.02785	0.02553	0.02088	0.00928	0.00696	0.00232	0.00541	0.00773	0.00696	0.01083
12	0.02425	0.02611	0.01904	0.01652	0.02061	0.42695	0.01276	0.20341	0.13675	0.02563	0.01498	0.01560	0.01156	0.00773	0.00648	0.00193	0.00993	0.00542	0.00497	0.00938
13	0.00917	0.00662	0.00860	0.00884	0.01000	0.00613	0.00631	0.01153	0.01675	0.02320	0.43416	0.29827	0.07646	0.04082	0.00917	0.00252	0.00361	0.01484	0.00697	0.00604
14	0.02523	0.01878	0.02009	0.01558	0.02092	0.02085	0.01282	0.63729	0.09022	0.04187	0.01741	0.01721	0.01243	0.00831	0.00685	0.00208	0.00735	0.00630	0.00685	0.01157
15	0.01209	0.00847	0.00986	0.00955	0.01166	0.00826	0.00702	0.01701	0.13744	0.08186	0.15601	0.21308	0.21244	0.07139	0.00994	0.00270	0.00433	0.01309	0.00668	0.00712
16	0.00953	0.00674	0.00843	0.00941	0.01019	0.00647	0.00652	0.03291	0.01372	0.01834	0.03612	0.49684	0.08469	0.12565	0.01228	0.00326	0.00461	0.07306	0.03555	0.00567
17	0.00910	0.00626	0.00788	0.00892	0.00949	0.00595	0.00598	0.01038	0.01302	0.01775	0.05898	0.49185	0.06490	0.15871	0.01335	0.00340	0.00447	0.04361	0.06060	0.00542
18	0.04013	0.00794	0.01038	0.01003	0.01179	0.00757	0.03308	0.03828	0.01625	0.04673	0.24636	0.28882	0.11438	0.05700	0.00959	0.00267	0.00447	0.04154	0.00650	0.00646
19	0.01225	0.00792	0.00937	0.00911	0.01131	0.00727	0.00674	0.01542	0.06814	0.11979	0.11550	0.24597	0.29653	0.03182	0.00857	0.00249	0.00413	0.01394	0.00677	0.00697
20	0.04805	0.01436	0.01473	0.01314	0.01685	0.05063	0.01023	0.03222	0.50724	0.08284	0.10865	0.02722	0.02471	0.00956	0.00694	0.00225	0.00552	0.00790	0.00687	0.01009
21	0.00970	0.00726	0.01056	0.01048	0.01180	0.00813	0.00811	0.01223	0.01242	0.01771	0.12422	0.03200	0.05096	0.04442	0.59630	0.00934	0.01550	0.00836	0.00435	0.00615
22	0.07224	0.01072	0.01229	0.01069	0.01372	0.01083	0.00821	0.14603	0.04756	0.16108	0.12119	0.13947	0.08004	0.09245	0.01015	0.00270	0.00527	0.01006	0.03703	0.00825
23	0.04191	0.00801	0.00903	0.00878	0.01090	0.00754	0.00648	0.03966	0.04066	0.07147	0.12660	0.21011	0.29947	0.05273	0.00913	0.00256	0.00417	0.01335	0.03081	0.00663
24	0.00845	0.00684	0.00750	0.00756	0.00952	0.00589	0.00559	0.01043	0.01611	0.02024	0.20004	0.13766	0.50611	0.01708	0.00815	0.00233	0.00347	0.01455	0.00660	0.00589
25	0.32048	0.01167	0.01183	0.01028	0.01396	0.01238	0.00814	0.05481	0.09206	0.16612	0.08164	0.04329	0.06778	0.03858	0.00793	0.03240	0.00525	0.00714	0.00595	0.00830
26	0.01373	0.00879	0.01053	0.01004	0.01234	0.00854	0.00750	0.05088	0.09910	0.12112	0.14066	0.27779	0.15119	0.01517	0.00781	0.00238	0.00435	0.01320	0.03735	0.00755
27	0.00879	0.00642	0.00822	0.00939	0.01009	0.00608	0.00637	0.01076	0.03771	0.01853	0.09101	0.61178	0.08101	0.04741	0.00955	0.00283	0.00403	0.01787	0.00638	0.00577
28	0.01079	0.00816	0.01140	0.01117	0.01265	0.00938	0.00862	0.03868	0.05556	0.01764	0.01960	0.05064	0.01834	0.07276	0.61030	0.00969	0.01621	0.00780	0.00410	0.00652
29	0.01100	0.00707	0.00899	0.00874	0.01020	0.00659	0.00627	0.01277	0.01551	0.07235	0.29517	0.14920	0.13908	0.12315	0.04904	0.05529	0.00497	0.01228	0.00629	0.00604
30	0.01225	0.00931	0.01032	0.01005	0.01105	0.07001	0.00711	0.03722	0.01206	0.01546	0.02052	0.05658	0.06519	0.18017	0.20854	0.24737	0.00969	0.00809	0.00394	0.00507
31	0.01944	0.64850	0.03326	0.01264	0.01813	0.13815	0.01194	0.02156	0.01477	0.01620	0.00968	0.01119	0.00878	0.00604	0.00467	0.00151	0.00811	0.00378	0.00302	0.00865
32	0.01894	0.01888	0.02484	0.09036	0.07491	0.16535	0.16405	0.02202	0.01515	0.08869	0.01276	0.01647	0.01019	0.00833	0.01176	0.00236	0.23630	0.00623	0.00379	0.00863
33	0.01427	0.01586	0.10757	0.01273	0.01624	0.08352	0.02615	0.06698	0.15956	0.02219	0.06369	0.12170	0.12114	0.12418	0.01146	0.00292	0.00664	0.00990	0.00543	0.00787
34	0.01504	0.01430	0.01979	0.35223	0.10212	0.06668	0.01616	0.06895	0.01500	0.01964	0.01437	0.08097	0.01288	0.01076	0.03833	0.00271	0.13122	0.00716	0.00370	0.00801
35	0.01023	0.00796	0.01172	0.01147	0.01254	0.00955	0.00894	0.01250	0.01091	0.01583	0.01764	0.02651	0.01669	0.07420	0.64526	0.01014	0.08081	0.00731	0.00362	0.00615
36	0.01640	0.01753	0.07652	0.06111	0.50828	0.01657	0.08704	0.02155	0.04944	0.02211	0.01345	0.01728	0.01099	0.00657	0.00767	0.00214	0.04523	0.00629	0.00350	0.01035
37	0.04009	0.01242	0.01394	0.04881	0.01568	0.07463	0.01002	0.05890	0.06459	0.01911	0.02011	0.10620	0.03989	0.14573	0.15458	0.00483	0.15053	0.00859	0.00442	0.00694
38	0.01957	0.04335	0.07897	0.01505	0.01953	0.14587	0.03699	0.13798	0.14978	0.08107	0.05796	0.05031	0.03402	0.00935	0.00743	0.00213	0.03356	0.03258	0.00555	0.03896
39	0.06788	0.00826	0.01017	0.01094	0.03744	0.00810	0.00740	0.03867	0.03724	0.04710	0.08858	0.44290	0.03657	0.08081	0.01018	0.00284	0.00468	0.01441	0.00602	0.03981
40	0.01450	0.01155	0.01359	0.01043	0.01561	0.00929	0.00818	0.01845	0.06349	0.05747	0.01718	0.10692	0.01558	0.00756	0.00575	0.00138	0.00499	0.00636	0.00477	0.60695
41	0.01928	0.06833	0.08627	0.03366	0.10075	0.12371	0.06747	0.18462	0.03375	0.04315	0.01746	0.06998	0.03693	0.00827	0.00667	0.00198	0.00820	0.00687	0.00474	0.07793
42	0.04557	0.22763	0.18273	0.01776	0.08881	0.07190	0.04149	0.06989	0.04310	0.10498	0.01404	0.01522	0.01064	0.00670	0.00595	0.00189	0.00819	0.00516	0.00419	0.03416

[dist]
# distance from previous block
# <min> <max>
1	5

[block]
# block no. 1 follows, 31 sequences, length 42
# corresponding to MSA columns:
# 76-117
name=unknown_B
#
# <colnr> <probs for GDERKNQSTAVLIFYWHMCP>
#	G	D	E	R	K	N	Q	S	T	A	V	L	I	F	Y	W	H	M	C	P
0	0.04428	0.06346	0.06508	0.03413	0.01642	0.01247	0.01049	0.08871	0.03338	0.16200	0.02210	0.07254	0.04739	0.10087	0.16744	0.00458	0.03327	0.00789	0.00526	0.00825
1	0.01987	0.01717	0.04095	0.06580	0.08830	0.11957	0.10513	0.08081	0.01828	0.14752	0.07466	0.01997	0.01588	0.00734	0.00669	0.00189	0.00791	0.00640	0.00505	0.15081
2	0.03458	0.12247	0.05894	0.11095	0.06190	0.03816	0.11615	0.11722	0.06226	0.04742	0.02087	0.09643	0.06514	0.00915	0.00687	0.00215	0.00772	0.00801	0.00471	0.00891
3	0.00904	0.00665	0.00895	0.01016	0.01077	0.00656	0.00726	0.01064	0.01382	0.01861	0.09383	0.58717	0.04467	0.02011	0.00935	0.00278	0.03628	0.09128	0.00630	0.00580
4	0.00856	0.00612	0.00817	0.00960	0.01014	0.00573	0.00657	0.00998	0.01367	0.01833	0.08668	0.67313	0.04638	0.02078	0.00872	0.00275	0.00402	0.04859	0.00643	0.00566
5	0.01621	0.20502	0.47446	0.01754	0.02602	0.05039	0.04261	0.02221	0.01484	0.05345	0.01230	0.01408	0.00915	0.00644	0.00606	0.00199	0.00940	0.00488	0.00321	0.00974
6	0.02058	0.26887	0.02482	0.01550	0.04937	0.12094	0.03277	0.11445	0.19841	0.06452	0.01666	0.01689	0.01294	0.00739	0.00599	0.00190	0.00763	0.00558	0.00494	0.00984
7	0.02933	0.01223	0.01604	0.01248	0.01765	0.01113	0.01025	0.06215	0.07846	0.63328	0.02661	0.02318	0.01704	0.00853	0.00689	0.00213	0.00586	0.00692	0.00827	0.01157
8	0.01188	0.00594	0.00891	0.00891	0.00891	0.00594	0.00594	0.00891	0.00891	0.01188	0.01188	0.02080	0.01188	0.02377	0.02674	0.80095	0.00594	0.00594	0.00297	0.00297
9	0.04712	0.01006	0.01242	0.01229	0.02958	0.01071	0.00900	0.10354	0.05630	0.08196	0.02865	0.38842	0.03065	0.04478	0.01017	0.00274	0.06631	0.04168	0.00611	0.00751
10	0.01916	0.53505	0.06266	0.01338	0.01878	0.05307	0.01283	0.11397	0.01639	0.02015	0.01059	0.01228	0.00919	0.00678	0.00643	0.00172	0.07067	0.00430	0.00350	0.00909
11	0.00834	0.00595	0.00794	0.00953	0.00992	0.00556	0.00635	0.00953	0.01310	0.01746	0.03771	0.75510	0.04525	0.02143	0.00873	0.00278	0.00397	0.01945	0.00635	0.00556
12	0.01581	0.02084	0.13668	0.02752	0.03489	0.01710	0.59813	0.02188	0.01591	0.02188	0.01362	0.01789	0.01014	0.00587	0.00785	0.00229	0.01133	0.00765	0.00338	0.00935
13	0.01709	0.01996	0.03811	0.01360	0.01677	0.32537	0.03418	0.02052	0.05616	0.02072	0.19652	0.03319	0.15868	0.01080	0.00713	0.00203	0.00790	0.00863	0.00522	0.00743
14	0.00824	0.00694	0.00714	0.00709	0.00933	0.00584	0.00532	0.01011	0.01595	0.01933	0.13021	0.06445	0.65268	0.01701	0.00808	0.00230	0.00344	0.01424	0.00646	0.00584
15	0.01778	0.01508	0.01590	0.01408	0.01808	0.01737	0.01101	0.09237	0.64727	0.02985	0.02687	0.02475	0.02010	0.00919	0.00695	0.00230	0.00559	0.00760	0.00695	0.01090
16	0.01707	0.02138	0.22040	0.02100	0.10523	0.07132	0.13700	0.05189	0.01589	0.09105	0.01589	0.04332	0.01304	0.06011	0.05790	0.00307	0.03428	0.00687	0.00409	0.00919
17	0.05797	0.01608	0.01972	0.08243	0.17580	0.04261	0.01418	0.25043	0.12880	0.02944	0.01673	0.01889	0.01300	0.01249	0.08803	0.00310	0.00874	0.00633	0.00517	0.01003
18	0.01237	0.00978	0.01164	0.00939	0.01299	0.00827	0.00697	0.01450	0.01259	0.01905	0.01593	0.02469	0.01538	0.21761	0.11409	0.00395	0.00727	0.00620	0.03132	0.44601
19	0.01497	0.01497	0.02095	0.01796	0.01796	0.02095	0.01497	0.01646	0.01048	0.01646	0.00898	0.01497	0.00898	0.01197	0.02245	0.00299	0.74704	0.00599	0.00299	0.00748
20	0.01553	0.01534	0.11288	0.01161	0.01818	0.01014	0.01066	0.01922	0.01468	0.08176	0.01344	0.01500	0.01051	0.00556	0.00542	0.00127	0.00583	0.00443	0.00427	0.62428
21	0.00980	0.00723	0.01049	0.01049	0.01154	0.00828	0.00793	0.01189	0.01085	0.01551	0.01878	0.02942	0.01821	0.15181	0.63346	0.01038	0.01667	0.00770	0.00373	0.00583
22	0.05341	0.01353	0.01394	0.01228	0.01573	0.04599	0.00948	0.08773	0.34277	0.08729	0.09862	0.03037	0.07060	0.07633	0.00944	0.00261	0.00569	0.00832	0.00657	0.00930
23	0.02557	0.01894	0.02028	0.01565	0.02105	0.02101	0.01290	0.66182	0.06514	0.04241	0.01699	0.01687	0.01209	0.00827	0.00685	0.00207	0.00742	0.00624	0.00685	0.01160
24	0.01445	0.01379	0.02172	0.33865	0.18706	0.01639	0.01749	0.01799	0.01333	0.01872	0.01151	0.01677	0.00956	0.00783	0.01066	0.00230	0.19681	0.00589	0.00319	0.07590
25	0.01878	0.23205	0.13849	0.01705	0.04644	0.03893	0.14160	0.02246	0.01529	0.15255	0.01558	0.01925	0.01246	0.08933	0.00938	0.00246	0.00838	0.00613	0.00425	0.00916
26	0.02556	0.03261	0.01939	0.01763	0.02115	0.73210	0.01322	0.02732	0.01939	0.01674	0.01058	0.01234	0.00881	0.00705	0.00617	0.00176	0.01234	0.00441	0.00353	0.00793
27	0.01709	0.61367	0.05904	0.01178	0.01723	0.02383	0.01161	0.02046	0.04840	0.01820	0.08914	0.01631	0.01560	0.00696	0.00501	0.00161	0.00688	0.00489	0.00364	0.00867
28	0.01378	0.03531	0.05512	0.27154	0.19853	0.04526	0.01591	0.01782	0.01596	0.02144	0.19122	0.02743	0.02453	0.00881	0.00710	0.00216	0.00743	0.02804	0.00438	0.00824
29	0.00961	0.00699	0.00905	0.00853	0.01018	0.00642	0.00640	0.01277	0.01920	0.02703	0.68441	0.05176	0.09367	0.01414	0.00807	0.00216	0.00324	0.01247	0.00748	0.00642
30	0.01497	0.01497	0.02095	0.01796	0.01796	0.02095	0.01497	0.01646	0.01048	0.01646	0.00898	0.01497	0.00898	0.01197	0.02245	0.00299	0.74704	0.00599	0.00299	0.00748
31	0.01877	0.73439	0.03507	0.01172	0.01756	0.02641	0.01164	0.02099	0.01412	0.04358	0.01019	0.01145	0.00910	0.00595	0.00449	0.00149	0.00726	0.00378	0.00314	0.00889
32	0.00981	0.00718	0.01026	0.01026	0.01122	0.00815	0.00763	0.01174	0.01078	0.01534	0.01900	0.03061	0.01872	0.19905	0.58693	0.01009	0.01589	0.00788	0.00377	0.00570
33	0.00829	0.00612	0.00777	0.00908	0.00981	0.00559	0.00615	0.00958	0.01353	0.01764	0.04313	0.63689	0.15996	0.02073	0.00862	0.00270	0.00388	0.01859	0.00635	0.00559
34	0.00954	0.00737	0.01061	0.01371	0.10234	0.00701	0.00827	0.01124	0.01382	0.01873	0.07679	0.61451	0.04196	0.01896	0.00843	0.00264	0.00447	0.01726	0.00604	0.00630
35	0.06904	0.12755	0.11939	0.03752	0.11639	0.07765	0.15748	0.08226	0.01623	0.02228	0.01278	0.01674	0.01053	0.04216	0.02836	0.00251	0.04246	0.00594	0.00367	0.00906
36	0.01342	0.01458	0.08122	0.60620	0.11755	0.01537	0.01975	0.01821	0.01395	0.01836	0.01225	0.01778	0.00927	0.00673	0.00680	0.00224	0.00910	0.00599	0.00306	0.00816
37	0.01138	0.00747	0.00909	0.00840	0.01065	0.00660	0.00640	0.01402	0.01806	0.09880	0.41340	0.05330	0.28763	0.01457	0.00795	0.00220	0.00359	0.01251	0.00722	0.00677
38	0.01558	0.01772	0.11526	0.06874	0.17134	0.07275	0.11431	0.02137	0.09077	0.04551	0.04108	0.13492	0.01943	0.00969	0.00734	0.00227	0.00807	0.03030	0.00457	0.00899
39	0.01735	0.13386	0.21022	0.01925	0.08514	0.11431	0.06426	0.02593	0.19695	0.02194	0.01581	0.01709	0.01225	0.00728	0.00686	0.00207	0.02976	0.00580	0.00414	0.00974
40	0.00870	0.00700	0.00781	0.00816	0.01000	0.00623	0.00605	0.01103	0.03519	0.01942	0.11359	0.21319	0.45654	0.01779	0.00827	0.00245	0.00377	0.05240	0.00647	0.00596
41	0.01565	0.01253	0.01371	0.01233	0.01566	0.01383	0.00955	0.06437	0.44358	0.05109	0.16503	0.05854	0.07260	0.01105	0.00730	0.00228	0.00494	0.00937	0.00706	0.00954

[dist]
# distance from previous block
# <min> <max>
0	6

[block]
# block no. 2 follows, 31 sequences, length 23
# corresponding to MSA columns:
# 124-146
name=unknown_C
#
# <colnr> <probs for GDERKNQSTAVLIFYWHMCP>
#	G	D	E	R	K	N	Q	S	T	A	V	L	I	F	Y	W	H	M	C	P
0	0.12460	0.01719	0.07055	0.12147	0.22295	0.03396	0.14502	0.06004	0.01588	0.06761	0.01332	0.01661	0.01021	0.00678	0.00743	0.00218	0.04473	0.00608	0.00394	0.00945
1	0.12120	0.17079	0.02270	0.03531	0.08254	0.21590	0.03019	0.13653	0.04740	0.05785	0.01305	0.01439	0.01022	0.00695	0.00587	0.00189	0.00855	0.00501	0.00440	0.00924
2	0.01876	0.01606	0.01551	0.04343	0.01795	0.12831	0.01061	0.21163	0.12529	0.05670	0.19695	0.02995	0.07901	0.01028	0.00716	0.00210	0.00659	0.00833	0.00637	0.00901
3	0.05825	0.07925	0.07055	0.01444	0.03878	0.01694	0.01226	0.31019	0.04861	0.03110	0.01631	0.04738	0.01349	0.00808	0.00629	0.00188	0.00680	0.03387	0.00537	0.18017
4	0.01091	0.00857	0.00990	0.00968	0.01029	0.04486	0.00663	0.01191	0.01082	0.01450	0.01931	0.03555	0.02064	0.44089	0.27611	0.00774	0.04405	0.00858	0.00389	0.00517
5	0.02249	0.01055	0.01327	0.01080	0.01492	0.00957	0.00870	0.06221	0.04650	0.41694	0.10853	0.03444	0.15892	0.01080	0.00716	0.00214	0.00505	0.00893	0.03837	0.00969
6	0.01842	0.06351	0.24007	0.01965	0.08176	0.04338	0.08580	0.13783	0.08046	0.07762	0.01571	0.01744	0.01170	0.00950	0.04408	0.00258	0.02983	0.00606	0.00452	0.01009
7	0.00942	0.00726	0.00865	0.00835	0.01023	0.00666	0.00624	0.01277	0.04851	0.02404	0.43691	0.09335	0.27193	0.01527	0.00806	0.00225	0.00344	0.01322	0.00706	0.00638
8	0.02286	0.05436	0.01911	0.01430	0.01886	0.01841	0.01173	0.50277	0.02649	0.06235	0.01627	0.01788	0.01228	0.01393	0.08322	0.07441	0.00842	0.00616	0.00603	0.01015
9	0.01829	0.76368	0.03585	0.01171	0.01756	0.02707	0.01171	0.02049	0.01390	0.01610	0.00951	0.01097	0.00878	0.00585	0.00439	0.00146	0.00732	0.00366	0.00293	0.00878
10	0.01829	0.76368	0.03585	0.01171	0.01756	0.02707	0.01171	0.02049	0.01390	0.01610	0.00951	0.01097	0.00878	0.00585	0.00439	0.00146	0.00732	0.00366	0.00293	0.00878
11	0.01406	0.01002	0.01345	0.04562	0.03902	0.02405	0.01030	0.07193	0.01519	0.08779	0.05003	0.05211	0.05506	0.02978	0.33107	0.00626	0.04031	0.09152	0.00501	0.00742
12	0.13080	0.03781	0.27246	0.09010	0.09416	0.01574	0.01750	0.09435	0.03305	0.12888	0.01487	0.01631	0.01058	0.00700	0.00630	0.00213	0.00805	0.00549	0.00449	0.00993
13	0.01947	0.05377	0.10831	0.01605	0.02051	0.23796	0.03551	0.12727	0.12525	0.02365	0.01925	0.06113	0.04248	0.00933	0.00751	0.00214	0.04187	0.03471	0.00482	0.00900
14	0.21141	0.08844	0.06382	0.08360	0.21663	0.09689	0.10454	0.02130	0.01473	0.02268	0.01151	0.01460	0.00925	0.00628	0.00602	0.00203	0.00847	0.00529	0.00352	0.00896
15	0.01560	0.01388	0.01630	0.25573	0.02621	0.07609	0.01281	0.13092	0.11222	0.02434	0.09916	0.10378	0.06362	0.01041	0.00721	0.00224	0.00708	0.00881	0.00530	0.00828
16	0.01973	0.04338	0.02024	0.13359	0.08282	0.01773	0.02792	0.33283	0.09766	0.03162	0.04415	0.02118	0.04828	0.00832	0.00682	0.00207	0.00723	0.00681	0.00563	0.04200
17	0.01525	0.01266	0.01438	0.01474	0.08819	0.05162	0.01024	0.07394	0.14425	0.07125	0.03733	0.10043	0.24864	0.01266	0.00873	0.00232	0.06879	0.01031	0.00590	0.00837
18	0.00949	0.00643	0.00812	0.00909	0.00999	0.00589	0.00618	0.01075	0.01357	0.05119	0.04101	0.55716	0.14870	0.07539	0.01049	0.00296	0.00418	0.01734	0.00629	0.00578
19	0.04947	0.00741	0.00831	0.00826	0.00882	0.00754	0.00517	0.03559	0.01170	0.01640	0.04938	0.10634	0.02741	0.57328	0.02801	0.00560	0.00622	0.03556	0.00466	0.00487
20	0.01544	0.01598	0.05453	0.22298	0.36707	0.01605	0.10044	0.01982	0.01478	0.02068	0.01255	0.01716	0.01012	0.00653	0.00767	0.00215	0.04637	0.00620	0.00329	0.04021
21	0.08372	0.01822	0.05023	0.08591	0.03062	0.07282	0.40516	0.02086	0.01529	0.02151	0.04033	0.01815	0.01185	0.00701	0.00896	0.00231	0.08779	0.00711	0.00359	0.00856
22	0.01468	0.01669	0.09917	0.01806	0.04935	0.04727	0.20216	0.04473	0.04485	0.02271	0.07933	0.10178	0.04185	0.00881	0.00709	0.00201	0.00768	0.00836	0.00456	0.17886

[dist]
# distance from previous block
# <min> <max>
1	7

[block]
# block no. 3 follows, 31 sequences, length 22
# corresponding to MSA columns:
# 154-175
name=unknown_D
#
# <colnr> <probs for GDERKNQSTAVLIFYWHMCP>
#	G	D	E	R	K	N	Q	S	T	A	V	L	I	F	Y	W	H	M	C	P
0	0.06770	0.05514	0.06346	0.03523	0.16008	0.04371	0.05247	0.08328	0.17776	0.04774	0.04460	0.02231	0.05834	0.00827	0.00709	0.00212	0.02762	0.00690	0.00503	0.03114
1	0.01550	0.12332	0.15571	0.07316	0.08428	0.01377	0.01351	0.01990	0.04956	0.10943	0.08186	0.02887	0.10785	0.08330	0.00946	0.00252	0.00689	0.00771	0.00483	0.00856
2	0.14277	0.05529	0.01820	0.01413	0.01885	0.06850	0.01149	0.32724	0.21517	0.03399	0.01781	0.01760	0.01324	0.00803	0.00631	0.00209	0.00692	0.00598	0.00605	0.01036
3	0.07251	0.01313	0.02097	0.46889	0.11866	0.01533	0.05554	0.04352	0.03868	0.02051	0.01323	0.01829	0.01026	0.00951	0.05106	0.00277	0.00923	0.00616	0.00351	0.00823
4	0.01115	0.00730	0.00933	0.00875	0.01068	0.00660	0.00658	0.01397	0.01840	0.08463	0.51585	0.10380	0.14783	0.01453	0.00802	0.00222	0.00354	0.01272	0.00736	0.00674
5	0.01101	0.00880	0.00988	0.00928	0.01167	0.00868	0.00707	0.05377	0.12137	0.02385	0.24342	0.07726	0.31990	0.01649	0.04421	0.00270	0.00469	0.01219	0.00668	0.00708
6	0.01116	0.00834	0.01181	0.01140	0.01299	0.00964	0.00893	0.07066	0.01281	0.01822	0.01816	0.02598	0.01663	0.04762	0.67026	0.01023	0.01740	0.00723	0.00394	0.00658
7	0.00990	0.00683	0.00848	0.00848	0.00883	0.00718	0.00541	0.01060	0.01025	0.01402	0.02063	0.03962	0.02264	0.55577	0.23556	0.00789	0.01000	0.00920	0.00401	0.00471
8	0.01385	0.03450	0.68818	0.01999	0.02993	0.01596	0.06033	0.02168	0.01453	0.02168	0.01236	0.01465	0.00876	0.00646	0.00658	0.00217	0.01019	0.00521	0.00292	0.01006
9	0.02601	0.01916	0.02053	0.01574	0.02122	0.02122	0.01300	0.69408	0.03217	0.04312	0.01643	0.01643	0.01163	0.00821	0.00684	0.00205	0.00753	0.00616	0.00684	0.01163
10	0.07120	0.01770	0.01924	0.01482	0.02020	0.01921	0.01224	0.55673	0.02911	0.14406	0.01762	0.01715	0.01219	0.00814	0.00670	0.00207	0.00715	0.00613	0.00694	0.01140
11	0.02556	0.03261	0.01939	0.01763	0.02115	0.73210	0.01322	0.02732	0.01939	0.01674	0.01058	0.01234	0.00881	0.00705	0.00617	0.00176	0.01234	0.00441	0.00353	0.00793
12	0.00857	0.00687	0.00765	0.00762	0.00958	0.00596	0.00565	0.01069	0.01650	0.02100	0.25384	0.11496	0.47369	0.01667	0.00813	0.00230	0.00344	0.01423	0.00669	0.00596
13	0.00859	0.00625	0.00813	0.00932	0.01008	0.00578	0.00646	0.01016	0.01419	0.01889	0.12205	0.57975	0.10675	0.02006	0.00863	0.00268	0.00393	0.04610	0.00649	0.00572
14	0.01413	0.00798	0.01057	0.00936	0.01175	0.00722	0.00722	0.01723	0.01941	0.17428	0.56811	0.04522	0.05448	0.01282	0.00782	0.00214	0.00378	0.01121	0.00773	0.00755
15	0.01641	0.01573	0.02683	0.13245	0.63048	0.01612	0.02074	0.02054	0.01533	0.02172	0.01278	0.01710	0.01062	0.00619	0.00678	0.00206	0.00826	0.00609	0.00334	0.01042
16	0.00870	0.00665	0.00800	0.00843	0.00989	0.00596	0.00611	0.01070	0.01580	0.02065	0.23361	0.28993	0.29444	0.01782	0.00834	0.00245	0.00366	0.03628	0.00667	0.00591
17	0.01464	0.05980	0.44156	0.02209	0.06385	0.01643	0.19156	0.02174	0.03451	0.02193	0.03844	0.01707	0.01158	0.00662	0.00689	0.00217	0.00987	0.00615	0.00334	0.00975
18	0.80789	0.01323	0.01006	0.00900	0.01323	0.01535	0.00741	0.02011	0.01164	0.03070	0.00953	0.01111	0.00741	0.00635	0.00423	0.00212	0.00529	0.00370	0.00423	0.00741
19	0.01697	0.01541	0.02396	0.16335	0.37047	0.01634	0.05004	0.11416	0.07516	0.02463	0.01734	0.02033	0.04649	0.00734	0.00694	0.00213	0.00793	0.00675	0.00425	0.01002
20	0.02176	0.19939	0.05380	0.01690	0.04603	0.41050	0.03584	0.05748	0.01808	0.01860	0.01423	0.01573	0.04920	0.00731	0.00600	0.00178	0.01015	0.00510	0.00368	0.00843
21	0.04725	0.01658	0.05197	0.01420	0.05502	0.05952	0.01123	0.20746	0.01980	0.02830	0.04837	0.01659	0.01306	0.00669	0.00592	0.00156	0.00655	0.00523	0.00489	0.37981

[dist]
# distance from previous block
# <min> <max>
0	2

[block]
# block no. 4 follows, 31 sequences, length 38
# corresponding to MSA columns:
# 178-215
name=unknown_E
#
# <colnr> <probs for GDERKNQSTAVLIFYWHMCP>
#	G	D	E	R	K	N	Q	S	T	A	V	L	I	F	Y	W	H	M	C	P
0	0.04949	0.11948	0.13850	0.01943	0.11996	0.08738	0.06028	0.11826	0.05772	0.09117	0.06063	0.01842	0.01463	0.00743	0.00646	0.00201	0.00810	0.00607	0.00474	0.00982
1	0.00970	0.00907	0.05021	0.01207	0.01375	0.00767	0.07294	0.01237	0.03928	0.01853	0.03368	0.61737	0.03903	0.01867	0.00848	0.00268	0.00508	0.01714	0.00591	0.00635
2	0.01457	0.08401	0.24004	0.01530	0.06645	0.01325	0.01466	0.01915	0.01433	0.02157	0.01202	0.01417	0.00960	0.00565	0.00557	0.00148	0.00704	0.00447	0.00355	0.43311
3	0.61257	0.01446	0.04555	0.01037	0.01511	0.01503	0.00899	0.06615	0.01421	0.12554	0.01250	0.01328	0.00905	0.00677	0.00487	0.00212	0.00574	0.00436	0.00492	0.00839
4	0.00833	0.00599	0.00790	0.00943	0.00990	0.00557	0.00631	0.00954	0.01319	0.01750	0.03892	0.72868	0.07089	0.02128	0.00871	0.00276	0.00395	0.01926	0.00635	0.00557
5	0.00839	0.00599	0.00799	0.00949	0.00993	0.00559	0.00635	0.00966	0.01334	0.01785	0.06389	0.72782	0.04600	0.02115	0.00871	0.00275	0.00394	0.01917	0.00640	0.00559
6	0.00840	0.00615	0.00790	0.00914	0.00986	0.00565	0.00622	0.00981	0.01386	0.01831	0.09060	0.62047	0.12768	0.02040	0.00861	0.00268	0.00385	0.01833	0.00644	0.00565
7	0.02601	0.01916	0.02053	0.01574	0.02122	0.02122	0.01300	0.69408	0.03217	0.04312	0.01643	0.01643	0.01163	0.00821	0.00684	0.00205	0.00753	0.00616	0.00684	0.01163
8	0.06685	0.01199	0.01578	0.01216	0.01740	0.01071	0.01004	0.05707	0.01967	0.66433	0.02578	0.02246	0.01629	0.00836	0.00675	0.00211	0.00586	0.00670	0.00821	0.01144
9	0.01497	0.01497	0.02095	0.01796	0.01796	0.02095	0.01497	0.01646	0.01048	0.01646	0.00898	0.01497	0.00898	0.01197	0.02245	0.00299	0.74704	0.00599	0.00299	0.00748
10	0.00988	0.00690	0.00883	0.00883	0.00931	0.00738	0.00586	0.01083	0.01035	0.01428	0.02030	0.03783	0.02186	0.48468	0.30558	0.00833	0.01117	0.00893	0.00396	0.00491
11	0.01829	0.76368	0.03585	0.01171	0.01756	0.02707	0.01171	0.02049	0.01390	0.01610	0.00951	0.01097	0.00878	0.00585	0.00439	0.00146	0.00732	0.00366	0.00293	0.00878
12	0.02645	0.01845	0.02009	0.01540	0.02086	0.02016	0.01272	0.63148	0.03097	0.10740	0.01743	0.01708	0.01214	0.00824	0.00685	0.00206	0.00737	0.00623	0.00700	0.01164
13	0.01016	0.00750	0.00956	0.00896	0.01072	0.00715	0.00674	0.01445	0.06426	0.02751	0.66837	0.04943	0.06169	0.01368	0.00800	0.00216	0.00337	0.01207	0.00749	0.00674
14	0.01419	0.01216	0.01419	0.01013	0.01621	0.00912	0.00811	0.01723	0.01419	0.02229	0.01216	0.01419	0.01013	0.00507	0.00507	0.00101	0.00507	0.00405	0.00405	0.80139
15	0.01865	0.01551	0.01639	0.01425	0.01841	0.01778	0.01122	0.15557	0.58266	0.03125	0.02578	0.02388	0.01921	0.00909	0.00694	0.00227	0.00580	0.00745	0.00694	0.01097
16	0.34612	0.01556	0.01552	0.01242	0.01736	0.01706	0.01025	0.31471	0.02180	0.14491	0.01527	0.01534	0.01074	0.00749	0.00578	0.00209	0.00635	0.00527	0.00603	0.00991
17	0.01237	0.01098	0.01414	0.03690	0.01469	0.03958	0.01024	0.01460	0.03674	0.01624	0.01719	0.07985	0.01761	0.16962	0.23130	0.00595	0.25358	0.00817	0.00383	0.00643
18	0.80789	0.01323	0.01006	0.00900	0.01323	0.01535	0.00741	0.02011	0.01164	0.03070	0.00953	0.01111	0.00741	0.00635	0.00423	0.00212	0.00529	0.00370	0.00423	0.00741
19	0.02932	0.01134	0.01544	0.01194	0.01699	0.00982	0.00982	0.03200	0.01957	0.67614	0.07196	0.02511	0.02006	0.00883	0.00696	0.00212	0.00565	0.00724	0.00841	0.01130
20	0.01702	0.01470	0.01547	0.01392	0.01779	0.01702	0.01083	0.03635	0.70453	0.02862	0.02785	0.02553	0.02088	0.00928	0.00696	0.00232	0.00541	0.00773	0.00696	0.01083
21	0.01829	0.76368	0.03585	0.01171	0.01756	0.02707	0.01171	0.02049	0.01390	0.01610	0.00951	0.01097	0.00878	0.00585	0.00439	0.00146	0.00732	0.00366	0.00293	0.00878
22	0.01829	0.76368	0.03585	0.01171	0.01756	0.02707	0.01171	0.02049	0.01390	0.01610	0.00951	0.01097	0.00878	0.00585	0.00439	0.00146	0.00732	0.00366	0.00293	0.00878
23	0.80789	0.01323	0.01006	0.00900	0.01323	0.01535	0.00741	0.02011	0.01164	0.03070	0.00953	0.01111	0.00741	0.00635	0.00423	0.00212	0.00529	0.00370	0.00423	0.00741
24	0.01389	0.01218	0.01946	0.02752	0.38106	0.01209	0.01579	0.01740	0.01565	0.02130	0.02657	0.04481	0.07649	0.01209	0.00795	0.00250	0.00704	0.27280	0.00478	0.00863
25	0.80789	0.01323	0.01006	0.00900	0.01323	0.01535	0.00741	0.02011	0.01164	0.03070	0.00953	0.01111	0.00741	0.00635	0.00423	0.00212	0.00529	0.00370	0.00423	0.00741
26	0.00890	0.00696	0.00806	0.00778	0.00974	0.00612	0.00584	0.01139	0.01751	0.02304	0.39684	0.05835	0.38374	0.01563	0.00808	0.00223	0.00334	0.01339	0.00695	0.00612
27	0.01320	0.00791	0.01022	0.00921	0.01144	0.00733	0.00705	0.01686	0.04143	0.13093	0.55571	0.04490	0.05379	0.01272	0.00770	0.00213	0.00368	0.01112	0.04529	0.00737
28	0.02459	0.01846	0.01974	0.01546	0.02068	0.02056	0.01266	0.59063	0.13792	0.04084	0.01822	0.01786	0.01309	0.00838	0.00686	0.00210	0.00720	0.00641	0.00686	0.01151
29	0.00895	0.00649	0.00858	0.01003	0.01087	0.00612	0.00736	0.01065	0.01394	0.01826	0.04004	0.53594	0.10069	0.02048	0.00885	0.00283	0.00448	0.17333	0.00634	0.00575
30	0.00834	0.00595	0.00794	0.00953	0.00992	0.00556	0.00635	0.00953	0.01310	0.01746	0.03771	0.75510	0.04525	0.02143	0.00873	0.00278	0.00397	0.01945	0.00635	0.00556
31	0.19633	0.01269	0.01507	0.01183	0.01691	0.01223	0.00977	0.09251	0.01907	0.51032	0.02227	0.02004	0.01440	0.00799	0.00631	0.00211	0.00587	0.00613	0.00741	0.01074
32	0.01181	0.01052	0.00978	0.01005	0.01173	0.11462	0.00721	0.01346	0.01551	0.04519	0.10001	0.36612	0.22429	0.01702	0.00804	0.00242	0.00509	0.01473	0.00611	0.00628
33	0.00834	0.00595	0.00794	0.00953	0.00992	0.00556	0.00635	0.00953	0.01310	0.01746	0.03771	0.75510	0.04525	0.02143	0.00873	0.00278	0.00397	0.01945	0.00635	0.00556
34	0.01837	0.23021	0.14247	0.02064	0.11396	0.05323	0.12882	0.08903	0.07618	0.04353	0.01394	0.01578	0.01086	0.00663	0.00628	0.00196	0.00863	0.00567	0.00399	0.00984
35	0.01230	0.01112	0.01521	0.07786	0.04373	0.04647	0.01166	0.01467	0.01175	0.01651	0.01566	0.05116	0.01488	0.03266	0.40202	0.00714	0.19764	0.00719	0.00353	0.00682
36	0.01047	0.00802	0.01085	0.01067	0.01126	0.00930	0.00783	0.01194	0.01114	0.01594	0.02127	0.15500	0.02278	0.22440	0.28957	0.00686	0.12127	0.00986	0.03583	0.00572
37	0.01967	0.01366	0.01543	0.01337	0.03530	0.01450	0.01050	0.30933	0.09577	0.09013	0.08819	0.03105	0.07988	0.01041	0.00707	0.00216	0.00591	0.06081	0.08725	0.00960

[dist]
# distance from previous block
# <min> <max>
0	2

[block]
# block no. 5 follows, 31 sequences, length 47
# corresponding to MSA columns:
# 218-264
name=unknown_F
#
# <colnr> <probs for GDERKNQSTAVLIFYWHMCP>
#	G	D	E	R	K	N	Q	S	T	A	V	L	I	F	Y	W	H	M	C	P
0	0.01750	0.03973	0.12568	0.14366	0.28099	0.05707	0.10952	0.07585	0.01685	0.04843	0.01339	0.01677	0.01031	0.00653	0.00683	0.00210	0.00911	0.00608	0.00373	0.00988
1	0.01854	0.02243	0.09514	0.04129	0.11485	0.21773	0.08435	0.05597	0.01608	0.02012	0.03168	0.01600	0.01104	0.00836	0.01110	0.00228	0.21493	0.00587	0.00356	0.00868
2	0.01580	0.01766	0.03769	0.11154	0.05835	0.01703	0.59353	0.02138	0.01585	0.02142	0.01362	0.01838	0.01025	0.00590	0.00789	0.00230	0.01115	0.00778	0.00341	0.00909
3	0.01419	0.01216	0.01419	0.01013	0.01621	0.00912	0.00811	0.01723	0.01419	0.02229	0.01216	0.01419	0.01013	0.00507	0.00507	0.00101	0.00507	0.00405	0.00405	0.80139
4	0.01550	0.10937	0.40640	0.07673	0.08950	0.05842	0.06513	0.04108	0.01531	0.02104	0.01284	0.03513	0.01012	0.00686	0.00647	0.00209	0.00953	0.00566	0.00324	0.00957
5	0.01292	0.01216	0.02052	0.74312	0.04712	0.01520	0.01900	0.01748	0.01368	0.01748	0.01216	0.01824	0.00912	0.00684	0.00684	0.00228	0.00912	0.00608	0.00304	0.00760
6	0.05751	0.01509	0.01573	0.01387	0.01792	0.01737	0.01089	0.10430	0.59959	0.03024	0.02574	0.02385	0.01924	0.00902	0.00681	0.00228	0.00563	0.00737	0.00681	0.01074
7	0.00872	0.00652	0.00816	0.00904	0.01018	0.00595	0.00650	0.01053	0.01490	0.01953	0.15066	0.42202	0.20650	0.01907	0.00854	0.00260	0.00394	0.07429	0.00653	0.00581
8	0.00889	0.00693	0.00807	0.00786	0.00975	0.00611	0.00587	0.01135	0.01738	0.02290	0.38843	0.08396	0.36635	0.01582	0.00810	0.00225	0.00337	0.01360	0.00694	0.00611
9	0.00988	0.00660	0.00748	0.00755	0.00756	0.00659	0.00424	0.00993	0.01008	0.01344	0.02223	0.07423	0.02572	0.72895	0.03374	0.00647	0.00652	0.01034	0.00424	0.00420
10	0.02556	0.03261	0.01939	0.01763	0.02115	0.73210	0.01322	0.02732	0.01939	0.01674	0.01058	0.01234	0.00881	0.00705	0.00617	0.00176	0.01234	0.00441	0.00353	0.00793
11	0.00978	0.00656	0.00751	0.00768	0.00773	0.00652	0.00438	0.00990	0.01029	0.01372	0.02329	0.12088	0.02706	0.68047	0.03203	0.00622	0.00635	0.01097	0.00438	0.00430
12	0.02556	0.03261	0.01939	0.01763	0.02115	0.73210	0.01322	0.02732	0.01939	0.01674	0.01058	0.01234	0.00881	0.00705	0.00617	0.00176	0.01234	0.00441	0.00353	0.00793
13	0.02485	0.10334	0.02098	0.01705	0.02080	0.66388	0.01307	0.02666	0.01886	0.01668	0.01047	0.01221	0.00881	0.00693	0.00600	0.00173	0.01185	0.00433	0.00347	0.00801
14	0.02525	0.06314	0.02008	0.01738	0.02100	0.70266	0.01316	0.02703	0.01916	0.01672	0.01053	0.01228	0.00881	0.00700	0.00609	0.00175	0.01213	0.00438	0.00350	0.00797
15	0.01386	0.03445	0.68642	0.02001	0.02995	0.01597	0.06204	0.02168	0.01454	0.02168	0.01236	0.01467	0.00876	0.00646	0.00659	0.00217	0.01019	0.00522	0.00292	0.01006
16	0.01372	0.03539	0.72412	0.01950	0.02961	0.01589	0.02528	0.02167	0.01444	0.02167	0.01228	0.01444	0.00867	0.00650	0.00650	0.00217	0.01011	0.00506	0.00289	0.01011
17	0.00995	0.00663	0.00746	0.00746	0.00746	0.00663	0.00415	0.00995	0.00995	0.01327	0.02156	0.04477	0.02487	0.75957	0.03482	0.00663	0.00663	0.00995	0.00415	0.00415
18	0.80789	0.01323	0.01006	0.00900	0.01323	0.01535	0.00741	0.02011	0.01164	0.03070	0.00953	0.01111	0.00741	0.00635	0.00423	0.00212	0.00529	0.00370	0.00423	0.00741
19	0.00834	0.00595	0.00794	0.00953	0.00992	0.00556	0.00635	0.00953	0.01310	0.01746	0.03771	0.75510	0.04525	0.02143	0.00873	0.00278	0.00397	0.01945	0.00635	0.00556
20	0.01106	0.00671	0.00901	0.00999	0.01101	0.00619	0.00702	0.01251	0.01398	0.09899	0.03639	0.63610	0.04168	0.01981	0.00855	0.00272	0.00430	0.05109	0.00659	0.00630
21	0.80789	0.01323	0.01006	0.00900	0.01323	0.01535	0.00741	0.02011	0.01164	0.03070	0.00953	0.01111	0.00741	0.00635	0.00423	0.00212	0.00529	0.00370	0.00423	0.00741
22	0.03046	0.01202	0.01611	0.01235	0.01765	0.01061	0.01020	0.06639	0.02021	0.68769	0.02646	0.02294	0.01667	0.00845	0.00688	0.00211	0.00591	0.00684	0.00839	0.01164
23	0.01906	0.01974	0.15348	0.01545	0.02078	0.01772	0.01429	0.28478	0.22095	0.03134	0.02075	0.02105	0.04075	0.01091	0.04484	0.00266	0.03849	0.00677	0.00577	0.01043
24	0.02216	0.01083	0.01375	0.01142	0.01535	0.01026	0.00915	0.02671	0.10634	0.40995	0.07282	0.06912	0.13825	0.01118	0.00790	0.00225	0.03609	0.00917	0.00753	0.00978
25	0.00992	0.00673	0.00798	0.00798	0.00816	0.00691	0.00479	0.01028	0.01010	0.01365	0.02108	0.04215	0.02373	0.65584	0.13700	0.00727	0.00835	0.00957	0.00408	0.00443
26	0.01096	0.00790	0.00921	0.00941	0.01024	0.00819	0.00642	0.01430	0.10860	0.01700	0.02638	0.11514	0.02863	0.46271	0.02427	0.00509	0.00615	0.11871	0.00510	0.00557
27	0.01781	0.14182	0.20555	0.03524	0.04326	0.16380	0.05034	0.09003	0.01669	0.02094	0.01276	0.01580	0.01037	0.01309	0.10850	0.00323	0.03292	0.00537	0.00359	0.00889
28	0.01648	0.01703	0.02077	0.01785	0.01841	0.09854	0.01471	0.03942	0.01215	0.01735	0.00939	0.01473	0.00905	0.01132	0.02017	0.00283	0.64313	0.00582	0.00318	0.00767
29	0.01495	0.01722	0.14948	0.01449	0.06909	0.01158	0.01254	0.05588	0.01533	0.02333	0.01247	0.01456	0.00999	0.00559	0.00556	0.00136	0.00637	0.00451	0.00394	0.55177
30	0.01188	0.00594	0.00891	0.00891	0.00891	0.00594	0.00594	0.00891	0.00891	0.01188	0.01188	0.02080	0.01188	0.02377	0.02674	0.80095	0.00594	0.00594	0.00297	0.00297
31	0.02409	0.01673	0.01825	0.01423	0.01904	0.01811	0.01155	0.53769	0.02819	0.10127	0.02057	0.02211	0.04943	0.07541	0.00940	0.00248	0.00708	0.00699	0.00673	0.01067
32	0.01842	0.03899	0.04770	0.07180	0.51469	0.08221	0.01924	0.06282	0.01688	0.04337	0.01315	0.01649	0.01067	0.00643	0.00665	0.00201	0.00850	0.00587	0.00371	0.01040
33	0.03122	0.04911	0.07454	0.05873	0.01497	0.02974	0.00936	0.01266	0.01360	0.01813	0.03315	0.45184	0.10505	0.01859	0.04412	0.00294	0.00597	0.01449	0.00538	0.00643
34	0.01237	0.00898	0.01056	0.00976	0.01221	0.00891	0.00744	0.01884	0.17254	0.07131	0.37326	0.07023	0.16976	0.01343	0.00777	0.00224	0.00396	0.01159	0.00721	0.00762
35	0.01783	0.01817	0.07990	0.05202	0.20863	0.04743	0.07339	0.16873	0.01812	0.02494	0.01457	0.06865	0.01273	0.00888	0.01006	0.00231	0.15281	0.00705	0.00425	0.00954
36	0.00978	0.00729	0.01082	0.01082	0.01198	0.00845	0.00833	0.01210	0.01094	0.01575	0.01849	0.02779	0.01750	0.08729	0.69702	0.01077	0.01773	0.00746	0.00369	0.00601
37	0.00984	0.00695	0.00879	0.00853	0.00969	0.00659	0.00608	0.01216	0.01654	0.02309	0.48102	0.05089	0.05204	0.22143	0.01558	0.00346	0.00436	0.05066	0.00652	0.00580
38	0.00821	0.00666	0.00729	0.00772	0.00947	0.00574	0.00556	0.00984	0.01502	0.01850	0.08240	0.25881	0.50421	0.01837	0.00827	0.00244	0.00360	0.01577	0.00639	0.00574
39	0.02556	0.03261	0.01939	0.01763	0.02115	0.73210	0.01322	0.02732	0.01939	0.01674	0.01058	0.01234	0.00881	0.00705	0.00617	0.00176	0.01234	0.00441	0.00353	0.00793
40	0.00834	0.00595	0.00794	0.00953	0.00992	0.00556	0.00635	0.00953	0.01310	0.01746	0.03771	0.75510	0.04525	0.02143	0.00873	0.00278	0.00397	0.01945	0.00635	0.00556
41	0.01372	0.03539	0.72412	0.01950	0.02961	0.01589	0.02528	0.02167	0.01444	0.02167	0.01228	0.01444	0.00867	0.00650	0.00650	0.00217	0.01011	0.00506	0.00289	0.01011
42	0.80789	0.01323	0.01006	0.00900	0.01323	0.01535	0.00741	0.02011	0.01164	0.03070	0.00953	0.01111	0.00741	0.00635	0.00423	0.00212	0.00529	0.00370	0.00423	0.00741
43	0.02057	0.01348	0.01536	0.01336	0.01751	0.01458	0.01062	0.03436	0.47554	0.22403	0.02803	0.02755	0.02072	0.00955	0.00707	0.00231	0.00557	0.04161	0.00735	0.01083
44	0.80789	0.01323	0.01006	0.00900	0.01323	0.01535	0.00741	0.02011	0.01164	0.03070	0.00953	0.01111	0.00741	0.00635	0.00423	0.00212	0.00529	0.00370	0.00423	0.00741
45	0.02375	0.01267	0.01520	0.01241	0.01694	0.01258	0.01000	0.10134	0.20327	0.37677	0.04893	0.02810	0.08726	0.00968	0.00705	0.00218	0.00559	0.00792	0.00766	0.01071
46	0.77755	0.01408	0.03733	0.00940	0.01386	0.01537	0.00809	0.02017	0.01175	0.03035	0.00963	0.01124	0.00746	0.00636	0.00432	0.00212	0.00548	0.00376	0.00418	0.00751

[dist]
# distance from previous block
# <min> <max>
0	1

[block]
# block no. 6 follows, 31 sequences, length 101
# corresponding to MSA columns:
# 266-366
name=unknown_G
#
# <colnr> <probs for GDERKNQSTAVLIFYWHMCP>
#	G	D	E	R	K	N	Q	S	T	A	V	L	I	F	Y	W	H	M	C	P
0	0.59191	0.05146	0.01364	0.01074	0.01525	0.04772	0.00890	0.14477	0.01587	0.03168	0.01084	0.01214	0.00832	0.00670	0.00481	0.00206	0.00610	0.00419	0.00462	0.00828
1	0.01693	0.01673	0.02737	0.10132	0.59512	0.04794	0.05263	0.02101	0.01561	0.02166	0.01275	0.01692	0.01058	0.00619	0.00681	0.00205	0.00856	0.00611	0.00337	0.01035
2	0.02989	0.01293	0.01668	0.01279	0.01811	0.01197	0.01056	0.14682	0.02174	0.60510	0.02518	0.02211	0.01602	0.00842	0.00687	0.00211	0.00611	0.00676	0.00819	0.01164
3	0.01024	0.00714	0.00919	0.00859	0.01038	0.00652	0.00647	0.01333	0.01907	0.04936	0.63935	0.05138	0.11499	0.01407	0.00803	0.00216	0.00333	0.01236	0.00747	0.00657
4	0.00834	0.00595	0.00794	0.00953	0.00992	0.00556	0.00635	0.00953	0.01310	0.01746	0.03771	0.75510	0.04525	0.02143	0.00873	0.00278	0.00397	0.01945	0.00635	0.00556
5	0.00982	0.00658	0.00750	0.00763	0.00767	0.00654	0.00433	0.00991	0.01021	0.01361	0.02289	0.10344	0.02656	0.69860	0.03267	0.00631	0.00641	0.01073	0.00433	0.00426
6	0.01292	0.01216	0.02052	0.74312	0.04712	0.01520	0.01900	0.01748	0.01368	0.01748	0.01216	0.01824	0.00912	0.00684	0.00684	0.00228	0.00912	0.00608	0.00304	0.00760
7	0.01767	0.01455	0.01549	0.01384	0.01777	0.01668	0.01079	0.03621	0.67171	0.06182	0.02780	0.02542	0.02069	0.00924	0.00696	0.00231	0.00543	0.00769	0.00703	0.01087
8	0.02530	0.01881	0.02013	0.01560	0.02095	0.02089	0.01283	0.64251	0.08488	0.04198	0.01732	0.01714	0.01236	0.00830	0.00685	0.00207	0.00736	0.00628	0.00685	0.01157
9	0.01922	0.67059	0.03375	0.01246	0.01802	0.11685	0.01190	0.02136	0.01460	0.01618	0.00965	0.01115	0.00878	0.00601	0.00462	0.00150	0.00796	0.00375	0.00300	0.00867
10	0.01589	0.01110	0.01281	0.01126	0.01444	0.01155	0.00878	0.07410	0.25318	0.11484	0.29113	0.03751	0.09153	0.01153	0.00745	0.00221	0.00464	0.00981	0.00731	0.00892
11	0.07426	0.01704	0.05171	0.01426	0.01938	0.03922	0.01214	0.36068	0.04387	0.20755	0.02018	0.04611	0.01511	0.00900	0.00683	0.00215	0.00700	0.03604	0.00675	0.01071
12	0.01640	0.01405	0.01496	0.01367	0.01729	0.01617	0.01062	0.03434	0.64886	0.02782	0.02859	0.06217	0.02266	0.01018	0.00713	0.00237	0.00537	0.03000	0.00691	0.01043
13	0.03049	0.01197	0.01608	0.01233	0.01763	0.01053	0.01018	0.06166	0.02012	0.69254	0.02654	0.02299	0.01671	0.00846	0.00688	0.00211	0.00589	0.00685	0.00840	0.01164
14	0.01888	0.01823	0.05716	0.15295	0.20085	0.07637	0.07247	0.22002	0.02032	0.02681	0.01517	0.06147	0.01255	0.00786	0.00697	0.00213	0.00860	0.00690	0.00452	0.00977
15	0.00931	0.00701	0.00802	0.00812	0.01008	0.00614	0.00610	0.01137	0.01611	0.04200	0.18597	0.15864	0.43292	0.01708	0.00822	0.00239	0.00373	0.05408	0.00664	0.00609
16	0.00977	0.00733	0.01100	0.01100	0.01222	0.00855	0.00855	0.01222	0.01100	0.01588	0.01833	0.02688	0.01710	0.05131	0.73245	0.01100	0.01833	0.00733	0.00367	0.00611
17	0.04282	0.01697	0.07114	0.11826	0.28093	0.01569	0.22645	0.02226	0.01578	0.10108	0.01454	0.01795	0.01093	0.00639	0.00710	0.00217	0.00907	0.00665	0.00394	0.00988
18	0.01879	0.14782	0.10118	0.07190	0.18446	0.15553	0.11461	0.02262	0.01606	0.06517	0.01343	0.03398	0.01095	0.00682	0.00647	0.00198	0.00932	0.00592	0.00368	0.00932
