[name]
unknown

[dist]
# distance from previous block
# <min> <max>
0	49

[block]
# block no. 0 follows, 29 sequences, length 6
# corresponding to MSA columns:
# 64-69
name=unknown_A
#
# <colnr> <probs for GDERKNQSTAVLIFYWHMCP>
#	G	D	E	R	K	N	Q	S	T	A	V	L	I	F	Y	W	H	M	C	P
0	0.09151	0.04700	0.02123	0.07459	0.16210	0.10484	0.06398	0.05227	0.08918	0.06894	0.04327	0.04625	0.01689	0.01111	0.04608	0.00273	0.00873	0.03503	0.00489	0.00937
1	0.17384	0.04106	0.11982	0.06474	0.09373	0.04626	0.01485	0.10406	0.10812	0.04612	0.03531	0.01927	0.03181	0.00832	0.00772	0.00227	0.06200	0.00621	0.00485	0.00965
2	0.01234	0.12017	0.01430	0.01100	0.01307	0.01140	0.00833	0.05171	0.08798	0.02173	0.10066	0.44741	0.03885	0.01698	0.00804	0.00253	0.00494	0.01496	0.00630	0.00731
3	0.01562	0.01274	0.01474	0.01129	0.01664	0.01075	0.00890	0.11223	0.01729	0.02557	0.01728	0.12462	0.01625	0.00830	0.00611	0.00149	0.00547	0.00694	0.00500	0.56279
4	0.01169	0.04493	0.06000	0.01122	0.01338	0.08423	0.00894	0.01381	0.01474	0.01866	0.03601	0.38759	0.13979	0.02041	0.06979	0.00329	0.00684	0.01438	0.03364	0.00664
5	0.01765	0.07069	0.06909	0.04739	0.20385	0.01817	0.22528	0.10014	0.01781	0.02449	0.01602	0.01939	0.03972	0.00737	0.00834	0.00221	0.05702	0.00702	0.00404	0.04432

[dist]
# distance from previous block
# <min> <max>
4	9

[block]
# block no. 1 follows, 29 sequences, length 20
# corresponding to MSA columns:
# 79-98
name=unknown_B
#
# <colnr> <probs for GDERKNQSTAVLIFYWHMCP>
#	G	D	E	R	K	N	Q	S	T	A	V	L	I	F	Y	W	H	M	C	P
0	0.05077	0.09549	0.13479	0.01744	0.06754	0.04365	0.05122	0.08313	0.09706	0.04695	0.05981	0.09677	0.01899	0.00971	0.00816	0.00225	0.06185	0.00786	0.00497	0.04159
1	0.08438	0.01895	0.16457	0.03796	0.04851	0.01532	0.06998	0.15729	0.07057	0.06593	0.02041	0.06188	0.03833	0.04476	0.00833	0.00247	0.00762	0.00755	0.06558	0.00961
2	0.06911	0.00860	0.00995	0.00991	0.01179	0.00837	0.00712	0.06434	0.01505	0.02121	0.03501	0.36514	0.13237	0.07119	0.04149	0.03636	0.00546	0.01409	0.00587	0.06758
3	0.01849	0.05712	0.01871	0.01444	0.04255	0.07006	0.02642	0.15371	0.09304	0.02732	0.03869	0.01828	0.01417	0.00914	0.03826	0.00208	0.00737	0.00570	0.00509	0.33936
4	0.05101	0.03656	0.01823	0.01386	0.01915	0.12776	0.04744	0.11731	0.01911	0.11707	0.01834	0.04519	0.04007	0.00780	0.00636	0.00174	0.00731	0.00621	0.00529	0.29420
5	0.07413	0.16018	0.28704	0.01648	0.02331	0.12593	0.01739	0.10415	0.01748	0.02363	0.01287	0.01520	0.01013	0.01106	0.06926	0.00285	0.01041	0.00515	0.00380	0.00956
6	0.04149	0.00786	0.01094	0.01109	0.01267	0.00737	0.04443	0.01322	0.01493	0.06725	0.07652	0.50197	0.09296	0.01896	0.00868	0.00273	0.00479	0.04894	0.00658	0.00661
7	0.01410	0.04366	0.07664	0.01519	0.09070	0.03910	0.01128	0.07251	0.01786	0.05052	0.17211	0.19238	0.11261	0.01552	0.04087	0.00276	0.00652	0.01165	0.00595	0.00808
8	0.07067	0.04465	0.04332	0.01092	0.01332	0.01052	0.00879	0.01621	0.06979	0.04596	0.15064	0.21964	0.12225	0.03940	0.05875	0.00323	0.04645	0.01223	0.00601	0.00726
9	0.01854	0.01177	0.01688	0.04732	0.05036	0.01158	0.06921	0.12580	0.01901	0.18796	0.04517	0.30916	0.02844	0.01384	0.00805	0.00249	0.00630	0.01242	0.00669	0.00902
10	0.01345	0.01266	0.02136	0.73264	0.04904	0.01582	0.01978	0.01819	0.01424	0.01819	0.01266	0.01898	0.00949	0.00712	0.00712	0.00237	0.00949	0.00633	0.00316	0.00791
11	0.04967	0.08849	0.04839	0.04613	0.02231	0.29754	0.07594	0.11105	0.01963	0.02287	0.04274	0.09025	0.03644	0.00929	0.00691	0.00209	0.00963	0.00738	0.00459	0.00866
12	0.02238	0.10680	0.12015	0.07835	0.02655	0.31213	0.10063	0.02604	0.01794	0.10367	0.01380	0.01571	0.01042	0.00711	0.00667	0.00202	0.01073	0.00554	0.00409	0.00928
13	0.01794	0.00887	0.01064	0.00926	0.01211	0.00841	0.00725	0.05353	0.01858	0.20336	0.19703	0.03227	0.03026	0.01004	0.00652	0.00197	0.00426	0.00835	0.35103	0.00834
14	0.01588	0.01428	0.04313	0.04163	0.04671	0.10582	0.04715	0.01933	0.04288	0.11476	0.09766	0.06932	0.28714	0.01283	0.00778	0.00229	0.00645	0.01082	0.00606	0.00808
15	0.02012	0.05033	0.04729	0.13872	0.06827	0.13956	0.01452	0.15700	0.03532	0.07788	0.02177	0.02534	0.08165	0.00954	0.00804	0.00225	0.04869	0.03926	0.00511	0.00934
16	0.05745	0.01411	0.03538	0.01268	0.01686	0.04238	0.01032	0.17425	0.06013	0.21871	0.05626	0.13698	0.10981	0.01201	0.00749	0.00232	0.00613	0.00992	0.00709	0.00971
17	0.01140	0.00840	0.00979	0.00977	0.01185	0.00795	0.00724	0.05125	0.05711	0.04156	0.10426	0.29707	0.24616	0.01732	0.00833	0.00251	0.00437	0.04191	0.02940	0.03238
18	0.05323	0.06353	0.07837	0.04396	0.01922	0.15005	0.01210	0.04553	0.14443	0.07354	0.08802	0.06154	0.05988	0.04063	0.00829	0.00242	0.00753	0.03331	0.00558	0.00883
19	0.10841	0.04723	0.02366	0.01860	0.05220	0.09384	0.13524	0.24980	0.04755	0.10901	0.01658	0.01764	0.01207	0.00761	0.00684	0.00214	0.00850	0.00635	0.02629	0.01043

[dist]
# distance from previous block
# <min> <max>
0	9

[block]
# block no. 2 follows, 29 sequences, length 20
# corresponding to MSA columns:
# 108-127
name=unknown_C
#
# <colnr> <probs for GDERKNQSTAVLIFYWHMCP>
#	G	D	E	R	K	N	Q	S	T	A	V	L	I	F	Y	W	H	M	C	P
0	0.01487	0.11162	0.01657	0.04457	0.01624	0.01190	0.02952	0.05107	0.01530	0.08208	0.05927	0.18544	0.03767	0.01970	0.11758	0.07771	0.00798	0.00975	0.00517	0.08598
1	0.01155	0.05954	0.01186	0.01063	0.01238	0.00960	0.00779	0.06224	0.07350	0.02171	0.07606	0.47791	0.10159	0.01827	0.00838	0.00262	0.00468	0.01616	0.00653	0.00702
2	0.04713	0.01796	0.02165	0.01864	0.05688	0.10386	0.11105	0.19927	0.08984	0.05499	0.03647	0.08480	0.01721	0.01172	0.04167	0.00274	0.06087	0.00804	0.00551	0.00970
3	0.05516	0.01186	0.01785	0.12365	0.14136	0.01216	0.06491	0.05462	0.01688	0.07844	0.09038	0.13598	0.05344	0.01075	0.00730	0.00228	0.00653	0.00963	0.09830	0.00851
4	0.01047	0.00824	0.00888	0.00874	0.01085	0.00776	0.00639	0.04725	0.06383	0.02132	0.08444	0.16773	0.40532	0.08001	0.01066	0.00283	0.00432	0.01417	0.03023	0.00657
5	0.01904	0.56942	0.16173	0.01373	0.02061	0.02479	0.01470	0.02247	0.01498	0.06551	0.01169	0.01298	0.00970	0.00640	0.00516	0.00171	0.00805	0.00431	0.00344	0.00960
6	0.01546	0.01195	0.03735	0.01356	0.06209	0.01143	0.00998	0.06041	0.17985	0.09544	0.14567	0.11604	0.15172	0.01282	0.00770	0.00234	0.00516	0.01098	0.04116	0.00888
7	0.01230	0.01007	0.01042	0.01081	0.01170	0.09035	0.00762	0.01327	0.01395	0.01841	0.06239	0.37632	0.03275	0.04717	0.01291	0.11849	0.04546	0.01342	0.08633	0.00587
8	0.04737	0.00847	0.00989	0.01023	0.01153	0.00874	0.00722	0.03986	0.07038	0.02033	0.03695	0.40584	0.12423	0.11986	0.01290	0.00329	0.03502	0.01528	0.00612	0.00649
9	0.06410	0.10798	0.15598	0.08256	0.11444	0.04853	0.15251	0.10047	0.01739	0.02431	0.01289	0.01610	0.01004	0.00710	0.00785	0.00221	0.05586	0.00604	0.00382	0.00981
10	0.01036	0.00781	0.01127	0.01121	0.01223	0.00905	0.00849	0.01247	0.01138	0.01629	0.02003	0.06310	0.01983	0.13876	0.57177	0.01012	0.04722	0.00850	0.00398	0.00613
11	0.05409	0.01193	0.01407	0.01183	0.01607	0.03844	0.00957	0.02741	0.07572	0.39348	0.07560	0.03660	0.13451	0.01139	0.00751	0.00232	0.00574	0.05602	0.00772	0.00998
12	0.14133	0.08452	0.04296	0.01682	0.02180	0.29819	0.05881	0.20468	0.02175	0.02758	0.01270	0.01420	0.00986	0.00735	0.00631	0.00200	0.00982	0.00519	0.00465	0.00946
13	0.11159	0.01799	0.15864	0.01952	0.14353	0.03283	0.04389	0.02300	0.01622	0.17920	0.02180	0.09923	0.04322	0.00933	0.00691	0.00225	0.00733	0.00792	0.04590	0.00969
14	0.00862	0.00643	0.00802	0.00930	0.01017	0.00584	0.00634	0.00998	0.01422	0.01842	0.04674	0.59096	0.19640	0.02133	0.00894	0.00278	0.00401	0.01905	0.00661	0.00584
15	0.00879	0.00639	0.00825	0.00959	0.01022	0.00599	0.00646	0.01008	0.01365	0.01800	0.04102	0.61145	0.11296	0.05989	0.03823	0.00338	0.00480	0.01871	0.00638	0.00576
16	0.06033	0.01782	0.07645	0.08864	0.11373	0.06624	0.05503	0.09996	0.11680	0.04706	0.03915	0.04339	0.01555	0.00843	0.00760	0.00220	0.03970	0.00696	0.04560	0.04936
17	0.01164	0.01077	0.05521	0.01281	0.01480	0.01022	0.06330	0.03435	0.01324	0.01855	0.02414	0.16991	0.04680	0.16900	0.23071	0.00612	0.06018	0.01062	0.03099	0.00664
18	0.05953	0.05641	0.03733	0.10877	0.08055	0.04033	0.04239	0.04675	0.03768	0.04142	0.02767	0.11756	0.12466	0.05115	0.03812	0.00288	0.00728	0.00947	0.06208	0.00795
19	0.06355	0.04304	0.08367	0.01640	0.02117	0.05179	0.10174	0.15740	0.05587	0.07390	0.03730	0.04849	0.01541	0.01265	0.06307	0.02807	0.05791	0.00712	0.02246	0.03899

[dist]
# distance from previous block
# <min> <max>
1	13

[block]
# block no. 3 follows, 29 sequences, length 32
# corresponding to MSA columns:
# 141-172
name=unknown_D
#
# <colnr> <probs for GDERKNQSTAVLIFYWHMCP>
#	G	D	E	R	K	N	Q	S	T	A	V	L	I	F	Y	W	H	M	C	P
0	0.01975	0.01762	0.04747	0.01752	0.06125	0.09498	0.09618	0.17427	0.02106	0.08365	0.09635	0.07933	0.02077	0.00920	0.00721	0.00205	0.00773	0.00798	0.00564	0.12997
1	0.06281	0.09700	0.07583	0.01319	0.01696	0.10239	0.01127	0.07632	0.06290	0.04151	0.11656	0.13555	0.02548	0.04297	0.02405	0.00259	0.03729	0.00894	0.00534	0.04107
2	0.00901	0.00664	0.00824	0.00910	0.01002	0.00616	0.00621	0.01049	0.01438	0.01892	0.11189	0.43675	0.17500	0.10254	0.03731	0.00348	0.00479	0.01690	0.00638	0.00578
3	0.01884	0.12293	0.23252	0.01730	0.04945	0.01762	0.04358	0.19119	0.02041	0.07266	0.06478	0.08171	0.01789	0.00910	0.00698	0.00218	0.00807	0.00748	0.00515	0.01016
4	0.01709	0.13712	0.23660	0.01654	0.02280	0.04623	0.06173	0.04394	0.09468	0.06083	0.01800	0.01976	0.03914	0.01062	0.04927	0.00268	0.05203	0.00626	0.02461	0.04009
5	0.01603	0.20265	0.35631	0.01789	0.02555	0.04353	0.08401	0.04876	0.01595	0.02151	0.01615	0.07311	0.03242	0.00816	0.00663	0.00213	0.00924	0.00670	0.00366	0.00959
6	0.01000	0.00807	0.01114	0.01071	0.01256	0.00748	0.05896	0.01268	0.04564	0.02039	0.12911	0.32546	0.24406	0.01831	0.00962	0.04288	0.00466	0.01553	0.00638	0.00638
7	0.01823	0.01108	0.03735	0.01129	0.01467	0.01016	0.00930	0.08315	0.05870	0.19853	0.13015	0.09297	0.05927	0.01351	0.03459	0.00261	0.00573	0.05450	0.14539	0.00883
8	0.01153	0.01036	0.04184	0.01116	0.04116	0.00913	0.00853	0.04915	0.08564	0.02354	0.14183	0.10082	0.34876	0.01519	0.00806	0.00239	0.00465	0.03949	0.03938	0.00740
9	0.01974	0.01154	0.01363	0.01166	0.01530	0.01165	0.00919	0.09206	0.16891	0.21784	0.16783	0.06231	0.06012	0.01108	0.00733	0.00223	0.00510	0.00930	0.09353	0.00968
10	0.01167	0.00818	0.00981	0.00980	0.01180	0.00771	0.00730	0.03707	0.05690	0.06665	0.17389	0.27468	0.22991	0.01740	0.00851	0.00255	0.00430	0.04782	0.00704	0.00701
11	0.00949	0.00754	0.00860	0.00889	0.01069	0.00697	0.00645	0.01279	0.06883	0.02122	0.15882	0.27166	0.34590	0.01815	0.00853	0.00253	0.00389	0.01575	0.00686	0.00646
12	0.02426	0.25684	0.02548	0.01644	0.02086	0.50665	0.01327	0.02623	0.01841	0.01722	0.01066	0.01240	0.00916	0.00695	0.00585	0.00174	0.01122	0.00435	0.00348	0.00853
13	0.01603	0.00872	0.01096	0.01023	0.01296	0.00808	0.00819	0.01941	0.03845	0.19090	0.17223	0.07774	0.13930	0.01391	0.00787	0.00240	0.00474	0.12991	0.11998	0.00798
14	0.06078	0.01346	0.01663	0.01292	0.01821	0.01278	0.01064	0.16604	0.02246	0.49699	0.02814	0.02532	0.06370	0.00931	0.00713	0.00220	0.00623	0.00742	0.00813	0.01151
15	0.03136	0.00913	0.01139	0.01072	0.01235	0.01002	0.00810	0.04292	0.04331	0.05035	0.05094	0.03652	0.08819	0.18699	0.24345	0.00628	0.06259	0.02911	0.05952	0.00676
16	0.08893	0.00801	0.00932	0.00907	0.01038	0.00818	0.00625	0.01344	0.01277	0.05904	0.08073	0.09600	0.07430	0.34600	0.14219	0.00593	0.00806	0.01037	0.00513	0.00589
17	0.01096	0.01021	0.06185	0.01215	0.01384	0.01010	0.01009	0.01359	0.01190	0.01739	0.01975	0.08308	0.01927	0.08691	0.48041	0.00870	0.07789	0.00846	0.03686	0.00662
18	0.05647	0.02190	0.18472	0.12352	0.06127	0.01752	0.33649	0.06812	0.01696	0.02414	0.01372	0.01765	0.01018	0.00655	0.00752	0.00232	0.01057	0.00697	0.00369	0.00972
19	0.04997	0.13634	0.21310	0.02387	0.12258	0.07877	0.20141	0.02255	0.01592	0.02194	0.01300	0.01610	0.01016	0.00649	0.00673	0.00210	0.00992	0.00600	0.03335	0.00970
20	0.01037	0.00761	0.00930	0.00954	0.01129	0.00710	0.00727	0.01251	0.01625	0.04903	0.15932	0.22623	0.30248	0.01812	0.00924	0.00262	0.03032	0.09817	0.00677	0.00646
21	0.10513	0.01349	0.01579	0.01256	0.01745	0.01335	0.01026	0.17871	0.04600	0.36428	0.06727	0.02693	0.07762	0.00969	0.00706	0.00222	0.00603	0.00770	0.00767	0.01079
22	0.01119	0.01394	0.14175	0.01334	0.01703	0.00968	0.07634	0.03975	0.01579	0.02099	0.05486	0.32132	0.20369	0.01603	0.00833	0.00256	0.00608	0.01427	0.00570	0.00736
23	0.07871	0.20066	0.21597	0.04496	0.07299	0.07554	0.11022	0.02242	0.01562	0.04281	0.01373	0.01824	0.01128	0.00724	0.00646	0.00211	0.00930	0.03861	0.00367	0.00947
24	0.01304	0.01016	0.01175	0.01163	0.01391	0.01060	0.00886	0.08493	0.17550	0.02468	0.07431	0.29110	0.12573	0.01664	0.00843	0.00265	0.00505	0.09626	0.00687	0.00788
25	0.01171	0.00790	0.01100	0.08187	0.01591	0.00781	0.00945	0.01400	0.01514	0.07311	0.03746	0.39255	0.08165	0.01877	0.00890	0.00286	0.00544	0.19132	0.00643	0.00671
26	0.01573	0.05186	0.26195	0.05172	0.07545	0.01801	0.22907	0.02240	0.05499	0.02193	0.01388	0.01755	0.01072	0.00829	0.02365	0.00257	0.10032	0.00664	0.00352	0.00975
27	0.01584	0.01515	0.02200	0.40667	0.19735	0.06116	0.01831	0.04343	0.06325	0.02167	0.05464	0.02075	0.01424	0.00761	0.00714	0.00226	0.00878	0.00673	0.00398	0.00904
28	0.03161	0.01266	0.01686	0.01293	0.01845	0.01127	0.01068	0.07969	0.02129	0.66400	0.02733	0.02374	0.01724	0.00879	0.00716	0.00220	0.00618	0.00711	0.00870	0.01212
29	0.01083	0.00856	0.01131	0.01124	0.01244	0.03630	0.00850	0.01302	0.01164	0.01621	0.01919	0.02979	0.01851	0.14147	0.60534	0.01048	0.01726	0.00786	0.00387	0.00617
30	0.14212	0.11298	0.11655	0.11676	0.02404	0.05424	0.01429	0.09384	0.17938	0.02637	0.01831	0.01937	0.03701	0.00802	0.00636	0.00218	0.00763	0.00611	0.00487	0.00960
31	0.02227	0.06703	0.12863	0.01737	0.05682	0.01937	0.01507	0.34288	0.12656	0.07447	0.01907	0.04606	0.01451	0.00871	0.00700	0.00219	0.00769	0.00688	0.00614	0.01127

[dist]
# distance from previous block
# <min> <max>
0	4

[block]
# block no. 4 follows, 29 sequences, length 29
# corresponding to MSA columns:
# 177-205
name=unknown_E
#
# <colnr> <probs for GDERKNQSTAVLIFYWHMCP>
#	G	D	E	R	K	N	Q	S	T	A	V	L	I	F	Y	W	H	M	C	P
0	0.05045	0.17698	0.04278	0.01409	0.05157	0.01509	0.03652	0.04646	0.05467	0.08384	0.07134	0.12621	0.02204	0.00999	0.00663	0.00200	0.00631	0.03067	0.00526	0.14708
1	0.06803	0.09503	0.02280	0.02128	0.18648	0.03898	0.01423	0.23953	0.02230	0.16866	0.01785	0.04331	0.01361	0.00814	0.00674	0.00210	0.00749	0.00656	0.00588	0.01101
2	0.04550	0.19281	0.08600	0.04478	0.09975	0.14882	0.01488	0.12964	0.09787	0.02511	0.03959	0.01719	0.01341	0.00758	0.00633	0.00199	0.00858	0.00570	0.00457	0.00989
3	0.06012	0.05362	0.12820	0.02019	0.07631	0.10537	0.12338	0.16086	0.05930	0.08913	0.01809	0.01929	0.03824	0.00780	0.00700	0.00217	0.00902	0.00658	0.00505	0.01029
4	0.05268	0.01025	0.01503	0.01308	0.01605	0.00976	0.07953	0.01978	0.01593	0.22873	0.03175	0.29386	0.06710	0.04785	0.01002	0.00278	0.03582	0.03514	0.00661	0.00825
5	0.01237	0.00618	0.00928	0.00928	0.00928	0.00618	0.00618	0.00928	0.00928	0.01237	0.01237	0.02165	0.01237	0.02474	0.02783	0.79283	0.00618	0.00618	0.00309	0.00309
6	0.11114	0.01760	0.04761	0.01615	0.02163	0.01794	0.08298	0.29369	0.13648	0.13219	0.03777	0.02019	0.01523	0.00838	0.00700	0.00224	0.00738	0.00684	0.00656	0.01100
7	0.02054	0.01787	0.01771	0.04206	0.04277	0.10621	0.01226	0.17235	0.34041	0.05640	0.02629	0.02532	0.06900	0.00953	0.00719	0.00226	0.00712	0.00764	0.00651	0.01058
8	0.06633	0.01930	0.02006	0.01561	0.02110	0.05971	0.01281	0.51853	0.02977	0.13842	0.01797	0.01761	0.01252	0.00842	0.00695	0.00213	0.00775	0.00629	0.00704	0.01167
9	0.65667	0.01442	0.01192	0.01046	0.01492	0.01664	0.00854	0.07438	0.08592	0.03273	0.01250	0.01359	0.00954	0.00708	0.00492	0.00222	0.00570	0.00450	0.00492	0.00843
10	0.04782	0.04911	0.09242	0.04756	0.04623	0.08902	0.02911	0.07949	0.11980	0.04781	0.07932	0.12940	0.02268	0.01038	0.00707	0.00220	0.00714	0.00869	0.03128	0.05348
11	0.01104	0.00840	0.01321	0.01229	0.01406	0.00933	0.05955	0.01394	0.01226	0.01819	0.01921	0.02714	0.01732	0.04449	0.58301	0.00961	0.01668	0.00757	0.09607	0.00664
12	0.01337	0.01344	0.01137	0.01190	0.01332	0.18950	0.00840	0.01495	0.01592	0.01882	0.08383	0.47666	0.06576	0.01770	0.00832	0.00255	0.00629	0.01545	0.00595	0.00650
13	0.01709	0.01629	0.02735	0.13179	0.58920	0.01681	0.02111	0.02210	0.04645	0.02290	0.01400	0.01820	0.01152	0.00659	0.00707	0.00216	0.00847	0.00642	0.00365	0.01084
14	0.01657	0.01670	0.02316	0.30328	0.29474	0.11004	0.01886	0.02056	0.01578	0.02012	0.01426	0.02110	0.01208	0.00956	0.03935	0.00266	0.00983	0.03866	0.00357	0.00912
15	0.53791	0.01404	0.01304	0.01088	0.01569	0.01533	0.00898	0.09438	0.01632	0.19227	0.01494	0.01512	0.01050	0.00733	0.00534	0.00220	0.00588	0.00490	0.00573	0.00921
16	0.00870	0.00658	0.00804	0.00904	0.01014	0.00592	0.00626	0.01026	0.01488	0.01925	0.09706	0.49229	0.24490	0.02047	0.00884	0.00270	0.00392	0.01815	0.00670	0.00592
17	0.80005	0.01377	0.01047	0.00936	0.01377	0.01597	0.00771	0.02093	0.01212	0.03195	0.00991	0.01157	0.00771	0.00661	0.00441	0.00220	0.00551	0.00386	0.00441	0.00771
18	0.00870	0.00649	0.00822	0.00943	0.01031	0.00601	0.00648	0.01014	0.01406	0.01831	0.04511	0.56033	0.18507	0.02316	0.04930	0.00327	0.00487	0.01842	0.00645	0.00586
19	0.00949	0.00708	0.00892	0.01003	0.01097	0.00684	0.00691	0.01246	0.06941	0.01994	0.08834	0.58970	0.09229	0.02043	0.00884	0.00277	0.00416	0.01836	0.00675	0.00631
20	0.04637	0.10400	0.08392	0.04700	0.02922	0.01808	0.36198	0.03827	0.01578	0.02224	0.01478	0.04905	0.01229	0.00865	0.02613	0.00254	0.06519	0.00758	0.03789	0.00904
21	0.01030	0.00711	0.00881	0.00881	0.00917	0.00747	0.00562	0.01102	0.01066	0.01458	0.02148	0.04131	0.02359	0.55222	0.23064	0.00819	0.01036	0.00958	0.00417	0.00489
22	0.01141	0.00730	0.00949	0.00998	0.01123	0.00695	0.00705	0.01390	0.03888	0.07635	0.16375	0.44934	0.04479	0.04985	0.03710	0.00315	0.00485	0.01602	0.03197	0.00665
23	0.08228	0.01916	0.13916	0.08560	0.11867	0.06857	0.01560	0.12462	0.01857	0.08641	0.02060	0.10706	0.04003	0.00993	0.00715	0.00231	0.00795	0.03172	0.00510	0.00951
24	0.01987	0.04434	0.06702	0.03634	0.07120	0.10639	0.12974	0.13962	0.04429	0.08431	0.01962	0.05502	0.03537	0.01165	0.04845	0.00280	0.03623	0.03303	0.00508	0.00962
25	0.01434	0.01546	0.09831	0.04551	0.01811	0.07657	0.03331	0.05573	0.08738	0.02295	0.11392	0.12607	0.08128	0.04137	0.03766	0.04226	0.00723	0.00985	0.03754	0.03515
26	0.06900	0.07580	0.01651	0.03959	0.04432	0.01272	0.03972	0.05058	0.01514	0.04839	0.06396	0.15733	0.04568	0.09667	0.03893	0.00311	0.05949	0.00959	0.02573	0.08774
27	0.01474	0.04255	0.04850	0.01479	0.03566	0.06707	0.09009	0.09606	0.01772	0.02272	0.05780	0.16069	0.14887	0.04080	0.00981	0.03646	0.00699	0.05219	0.00544	0.03105
28	0.01787	0.01651	0.06747	0.04609	0.08271	0.06244	0.09479	0.09259	0.08128	0.09618	0.07776	0.05965	0.11432	0.01010	0.00748	0.00222	0.00740	0.00884	0.00569	0.04858

[dist]
# distance from previous block
# <min> <max>
0	10

[block]
# block no. 5 follows, 29 sequences, length 36
# corresponding to MSA columns:
# 216-251
name=unknown_F
#
# <colnr> <probs for GDERKNQSTAVLIFYWHMCP>
#	G	D	E	R	K	N	Q	S	T	A	V	L	I	F	Y	W	H	M	C	P
0	0.01875	0.15231	0.07306	0.05615	0.09942	0.09462	0.01422	0.11953	0.11082	0.02467	0.01874	0.04159	0.04845	0.00840	0.00693	0.00202	0.02514	0.00655	0.00473	0.07390
1	0.01774	0.01621	0.06058	0.01601	0.02076	0.04652	0.10697	0.06101	0.21281	0.09040	0.02696	0.05642	0.07955	0.01021	0.00800	0.00230	0.03115	0.04620	0.00591	0.08428
2	0.06137	0.02266	0.19724	0.09538	0.11654	0.05496	0.12625	0.10276	0.08659	0.02592	0.01502	0.01755	0.01129	0.00711	0.00701	0.00222	0.00928	0.00630	0.00426	0.03029
3	0.01217	0.00958	0.01275	0.01184	0.01359	0.01002	0.04531	0.07112	0.04639	0.02141	0.09087	0.21904	0.09578	0.15164	0.08545	0.00428	0.04753	0.03865	0.00574	0.00683
4	0.01137	0.00835	0.01031	0.01057	0.01167	0.00891	0.00750	0.03968	0.08205	0.01996	0.02952	0.35117	0.03217	0.14696	0.10805	0.00455	0.03568	0.01361	0.06138	0.00655
5	0.16217	0.07671	0.17282	0.03605	0.04290	0.09479	0.07683	0.14850	0.04513	0.05900	0.01416	0.01572	0.01051	0.00722	0.00641	0.00214	0.00881	0.00559	0.00462	0.00994
6	0.01068	0.00904	0.01401	0.04024	0.01618	0.00883	0.09732	0.01389	0.04082	0.01997	0.06808	0.32648	0.14537	0.02089	0.07935	0.00356	0.00699	0.06563	0.00588	0.00678
7	0.01086	0.00822	0.00892	0.00904	0.01092	0.02173	0.00667	0.02738	0.05973	0.02257	0.13627	0.22174	0.26283	0.01621	0.00794	0.00239	0.00413	0.02914	0.12661	0.00667
8	0.02052	0.02549	0.07097	0.01794	0.02235	0.37171	0.10564	0.04941	0.06147	0.02064	0.02208	0.06537	0.09665	0.00949	0.00720	0.00212	0.01027	0.00766	0.00450	0.00853
9	0.01745	0.11074	0.12216	0.10000	0.02990	0.04656	0.23073	0.05788	0.16526	0.02392	0.01664	0.01893	0.01261	0.00722	0.00717	0.00224	0.00942	0.00686	0.00438	0.00992
10	0.01052	0.00783	0.01081	0.04674	0.01380	0.00842	0.00893	0.01271	0.01354	0.01860	0.03084	0.26570	0.05821	0.07273	0.17319	0.00506	0.04602	0.14104	0.04907	0.00624
11	0.01827	0.01396	0.04945	0.04701	0.05498	0.01340	0.01164	0.17637	0.09828	0.11529	0.03400	0.07532	0.16732	0.01198	0.00761	0.00235	0.00623	0.05206	0.03501	0.00946
12	0.01663	0.04624	0.08755	0.05703	0.09520	0.05636	0.01341	0.17711	0.01966	0.02595	0.05067	0.20003	0.04980	0.03662	0.00857	0.00251	0.00724	0.03508	0.00549	0.00882
13	0.01359	0.02710	0.47154	0.01734	0.02498	0.01368	0.05848	0.02005	0.01495	0.02270	0.01780	0.10515	0.01524	0.00885	0.00684	0.00224	0.00864	0.00748	0.13408	0.00925
14	0.01048	0.00697	0.00908	0.00933	0.00984	0.00716	0.00632	0.01091	0.01132	0.01524	0.02450	0.10597	0.05208	0.33456	0.18136	0.13768	0.00907	0.04878	0.00444	0.00490
15	0.06475	0.01748	0.03156	0.05737	0.22597	0.01747	0.31340	0.06051	0.07177	0.04555	0.01551	0.01891	0.01186	0.00670	0.00752	0.00229	0.00958	0.00728	0.00426	0.01026
16	0.00907	0.00669	0.00820	0.00890	0.00992	0.00613	0.00609	0.01066	0.01494	0.01970	0.16101	0.39237	0.18881	0.10899	0.01214	0.00316	0.00422	0.01662	0.00655	0.00582
17	0.01367	0.04483	0.01266	0.01128	0.01346	0.06329	0.00841	0.12382	0.01851	0.02377	0.10929	0.37401	0.12185	0.01677	0.00820	0.00249	0.00541	0.01455	0.00645	0.00730
18	0.01614	0.01804	0.03893	0.02814	0.03474	0.01709	0.61179	0.02179	0.01627	0.02218	0.01488	0.02009	0.01151	0.01079	0.08038	0.00331	0.01272	0.00833	0.00362	0.00928
19	0.01672	0.01980	0.06453	0.02969	0.03700	0.01796	0.65755	0.02280	0.01675	0.02280	0.01435	0.01907	0.01074	0.00603	0.00835	0.00240	0.01196	0.00830	0.00358	0.00963
20	0.00965	0.00670	0.00873	0.01003	0.01094	0.00620	0.00710	0.01120	0.01441	0.03977	0.04241	0.57923	0.11858	0.02115	0.00903	0.00286	0.00438	0.08487	0.00667	0.00608
21	0.44899	0.01627	0.01523	0.01241	0.01739	0.01829	0.01024	0.29566	0.02131	0.06404	0.01361	0.01436	0.00993	0.00750	0.00564	0.00218	0.00650	0.00505	0.00571	0.00971
22	0.00944	0.00736	0.00867	0.00892	0.01089	0.00659	0.00695	0.01189	0.01714	0.02199	0.22746	0.10445	0.37681	0.01768	0.00871	0.00255	0.00412	0.13518	0.00692	0.00628
23	0.00953	0.00714	0.00884	0.00866	0.01037	0.00645	0.00640	0.01230	0.01852	0.02523	0.48123	0.13301	0.21371	0.01623	0.00848	0.00235	0.00350	0.01419	0.00742	0.00645
24	0.01005	0.00757	0.00945	0.00987	0.01150	0.00717	0.00753	0.01342	0.05011	0.02303	0.26873	0.22303	0.17895	0.01776	0.00877	0.00262	0.00429	0.13254	0.00705	0.00655
25	0.00876	0.00626	0.00834	0.00986	0.01035	0.00584	0.00662	0.01013	0.01402	0.01880	0.07877	0.70381	0.04829	0.02185	0.00905	0.00285	0.00409	0.01980	0.00668	0.00584
26	0.02540	0.01722	0.01906	0.01509	0.02028	0.01866	0.01231	0.42039	0.15935	0.15374	0.04816	0.02157	0.01708	0.00905	0.00720	0.00221	0.00693	0.00711	0.00746	0.01174
27	0.00878	0.00651	0.00796	0.00906	0.00990	0.00595	0.00610	0.01003	0.01391	0.01799	0.04531	0.51502	0.19953	0.09472	0.01167	0.00318	0.00429	0.01801	0.00638	0.00569
28	0.02411	0.01723	0.01878	0.01502	0.01988	0.01885	0.01216	0.49292	0.09459	0.07717	0.02131	0.09221	0.01709	0.01005	0.00727	0.00223	0.00700	0.00802	0.03291	0.01121
29	0.01742	0.01671	0.02853	0.07747	0.67317	0.01686	0.02175	0.02167	0.01612	0.02301	0.01336	0.01769	0.01119	0.00638	0.00705	0.00213	0.00851	0.00634	0.00351	0.01111
30	0.00901	0.00644	0.00865	0.01030	0.01086	0.00607	0.00720	0.01050	0.01397	0.01855	0.03906	0.66501	0.04636	0.02199	0.00918	0.00294	0.00442	0.09701	0.00660	0.00588
31	0.01466	0.01390	0.02355	0.53218	0.24000	0.01614	0.02038	0.01926	0.01481	0.01967	0.01287	0.01859	0.01001	0.00689	0.00710	0.00230	0.00919	0.00633	0.00327	0.00889
32	0.02381	0.01912	0.02141	0.01873	0.08113	0.07006	0.04646	0.40610	0.10817	0.06370	0.02090	0.02101	0.04861	0.00877	0.00721	0.00218	0.00790	0.00704	0.00644	0.01122
33	0.01751	0.01693	0.02419	0.19921	0.30886	0.08119	0.05481	0.08711	0.01808	0.02372	0.05055	0.02192	0.04899	0.00783	0.00723	0.00219	0.00874	0.00707	0.00419	0.00969
34	0.00953	0.00713	0.00885	0.00940	0.01088	0.00655	0.00706	0.01179	0.01642	0.02161	0.22549	0.23633	0.22531	0.04805	0.00995	0.00281	0.00431	0.12552	0.00684	0.00617
35	0.01606	0.01178	0.01453	0.01281	0.01545	0.01338	0.01019	0.22763	0.01874	0.02639	0.01850	0.02442	0.01592	0.05347	0.38747	0.00721	0.04133	0.00718	0.06932	0.00822

[dist]
# distance from previous block
# <min> <max>
1	20

[block]
# block no. 6 follows, 29 sequences, length 12
# corresponding to MSA columns:
# 272-283
name=unknown_G
#
# <colnr> <probs for GDERKNQSTAVLIFYWHMCP>
#	G	D	E	R	K	N	Q	S	T	A	V	L	I	F	Y	W	H	M	C	P
0	0.05468	0.45041	0.07341	0.01385	0.01985	0.05289	0.01318	0.16432	0.05518	0.02455	0.01270	0.01375	0.01039	0.00693	0.00547	0.00179	0.00786	0.00472	0.00423	0.00988
1	0.02603	0.01522	0.01858	0.09050	0.07005	0.05930	0.01288	0.10098	0.12196	0.37305	0.02334	0.02209	0.01583	0.00847	0.00711	0.00222	0.00714	0.00691	0.00711	0.01125
2	0.01186	0.00987	0.04775	0.01319	0.07968	0.00819	0.00938	0.01476	0.01718	0.06693	0.25464	0.19054	0.18547	0.01555	0.00832	0.00244	0.00477	0.04544	0.00666	0.00736
3	0.01113	0.00694	0.00930	0.01029	0.01134	0.00642	0.00725	0.01276	0.01484	0.08461	0.08058	0.59569	0.04525	0.02039	0.00890	0.00281	0.00440	0.05372	0.00689	0.00649
4	0.01934	0.60722	0.10577	0.01344	0.01995	0.02637	0.01378	0.08663	0.01640	0.02013	0.01091	0.01236	0.00942	0.00640	0.00505	0.00166	0.00794	0.00422	0.00344	0.00957
5	0.00939	0.00659	0.00796	0.00875	0.00915	0.00629	0.00550	0.01013	0.01242	0.01636	0.03472	0.38218	0.09390	0.33963	0.02089	0.00460	0.00530	0.01548	0.00561	0.00516
6	0.01605	0.07876	0.14468	0.07189	0.03358	0.01831	0.41905	0.02167	0.01565	0.02145	0.01357	0.01803	0.01048	0.00827	0.03429	0.00267	0.05154	0.00726	0.00342	0.00938
7	0.01910	0.11959	0.18726	0.01580	0.02189	0.15506	0.01512	0.09107	0.13693	0.02407	0.01568	0.01748	0.01241	0.03403	0.00741	0.00211	0.00869	0.00560	0.00449	0.10619
8	0.05997	0.02361	0.10729	0.01991	0.02542	0.16862	0.16568	0.20812	0.02123	0.02770	0.01466	0.04529	0.01181	0.00823	0.00830	0.00225	0.06073	0.00675	0.00466	0.00976
9	0.01854	0.50755	0.17076	0.01542	0.02228	0.07972	0.05784	0.02222	0.01518	0.01835	0.01085	0.01275	0.00922	0.00632	0.00540	0.00175	0.00889	0.00445	0.00312	0.00937
10	0.00968	0.06539	0.01061	0.00970	0.01108	0.00778	0.00709	0.01136	0.01476	0.01911	0.08649	0.47955	0.16779	0.01958	0.00860	0.00267	0.00439	0.05176	0.00641	0.00619
11	0.05392	0.01862	0.06454	0.04381	0.27868	0.08956	0.08209	0.07102	0.03572	0.10619	0.01750	0.07511	0.01459	0.00827	0.00717	0.00221	0.00854	0.00743	0.00478	0.01025

[dist]
# distance from previous block
# <min> <max>
0	4

[block]
# block no. 7 follows, 29 sequences, length 25
# corresponding to MSA columns:
# 288-312
name=unknown_H
#
# <colnr> <probs for GDERKNQSTAVLIFYWHMCP>
#	G	D	E	R	K	N	Q	S	T	A	V	L	I	F	Y	W	H	M	C	P
0	0.01684	0.15396	0.33523	0.01838	0.05832	0.01841	0.03631	0.12035	0.04878	0.02481	0.01646	0.09048	0.01416	0.00860	0.00675	0.00218	0.00867	0.00698	0.00424	0.01008
1	0.01443	0.00963	0.01170	0.01156	0.01357	0.00974	0.00843	0.11031	0.08535	0.08968	0.03400	0.50034	0.03675	0.01779	0.00844	0.00267	0.00499	0.01580	0.00696	0.00784
2	0.09936	0.01626	0.01835	0.01427	0.01972	0.01699	0.01176	0.35315	0.05232	0.29284	0.02103	0.01964	0.01415	0.00851	0.00689	0.00218	0.00687	0.00652	0.00751	0.01168
3	0.02266	0.01795	0.02143	0.05379	0.19769	0.08953	0.01512	0.16295	0.14331	0.14384	0.01903	0.01974	0.01405	0.00820	0.00772	0.00221	0.03736	0.00662	0.00582	0.01099
4	0.02238	0.02174	0.01754	0.01531	0.01906	0.28671	0.01180	0.19893	0.08770	0.05427	0.09717	0.09400	0.02196	0.01027	0.00721	0.00214	0.00859	0.00803	0.00590	0.00929
5	0.02409	0.01678	0.01812	0.01422	0.01916	0.01811	0.01164	0.50323	0.02898	0.08414	0.02409	0.02380	0.08401	0.00951	0.00704	0.00212	0.00683	0.00737	0.08583	0.01093
6	0.03419	0.01106	0.01196	0.01165	0.01381	0.05540	0.00875	0.06366	0.10907	0.05827	0.15544	0.27551	0.03855	0.04976	0.00952	0.00276	0.00548	0.07080	0.00671	0.00766
7	0.01125	0.00724	0.00898	0.00920	0.01013	0.00677	0.00602	0.01227	0.01307	0.06257	0.05902	0.34512	0.03553	0.31886	0.01989	0.00437	0.00542	0.01422	0.00575	0.04432
8	0.01211	0.01057	0.01241	0.01222	0.01382	0.08080	0.00941	0.01535	0.04407	0.01730	0.01955	0.05574	0.01832	0.04547	0.58725	0.00971	0.01721	0.00786	0.00407	0.00675
9	0.06600	0.01418	0.01748	0.01346	0.01897	0.01367	0.01112	0.19857	0.02333	0.50989	0.02446	0.02184	0.01577	0.00864	0.00702	0.00219	0.00649	0.00682	0.00818	0.01191
10	0.01660	0.01588	0.02706	0.21190	0.54511	0.01665	0.02135	0.02096	0.01573	0.02203	0.01321	0.01796	0.01084	0.00653	0.00707	0.00218	0.00871	0.00634	0.00344	0.01046
11	0.00894	0.00649	0.00850	0.01001	0.01072	0.00605	0.00700	0.01044	0.01415	0.01859	0.04199	0.61718	0.10423	0.02166	0.00911	0.00289	0.00433	0.08524	0.00660	0.00588
12	0.01597	0.00883	0.00988	0.00882	0.01132	0.00880	0.00685	0.09440	0.01869	0.09408	0.16545	0.03083	0.02776	0.00969	0.00615	0.00189	0.00411	0.00797	0.46070	0.00781
13	0.00911	0.00766	0.00798	0.00796	0.01037	0.00672	0.00608	0.01194	0.04890	0.02031	0.09952	0.06637	0.60345	0.01755	0.00843	0.00244	0.00385	0.04834	0.00670	0.00633
14	0.72064	0.01440	0.01159	0.01009	0.01462	0.01660	0.00831	0.08880	0.01431	0.03328	0.01065	0.01214	0.00816	0.00681	0.00469	0.00220	0.00575	0.00412	0.00469	0.00816
15	0.01646	0.00842	0.00900	0.00815	0.01057	0.00845	0.00633	0.07938	0.01719	0.09846	0.02317	0.02544	0.01762	0.00837	0.00540	0.00176	0.00401	0.00667	0.63744	0.00770
16	0.01386	0.01173	0.01726	0.12989	0.08032	0.01334	0.03978	0.09145	0.01545	0.02119	0.02125	0.14536	0.04079	0.05629	0.18187	0.00488	0.09340	0.00952	0.00456	0.00778
17	0.05923	0.27823	0.19033	0.01605	0.02234	0.23550	0.01582	0.05224	0.01718	0.03696	0.01167	0.01327	0.00938	0.00683	0.00582	0.00187	0.00977	0.00459	0.00361	0.00933
18	0.01808	0.01493	0.01647	0.01435	0.01810	0.05234	0.03767	0.10861	0.36339	0.06121	0.10376	0.08713	0.02648	0.01220	0.02992	0.00264	0.00659	0.00920	0.00688	0.01005
19	0.02096	0.01006	0.01249	0.01095	0.01442	0.00953	0.00887	0.05291	0.04964	0.30188	0.02992	0.06495	0.05004	0.01120	0.00707	0.00225	0.00524	0.10131	0.22707	0.00923
20	0.01683	0.04865	0.01563	0.01367	0.03721	0.01385	0.01025	0.16821	0.11563	0.06908	0.02916	0.25918	0.06030	0.04517	0.00985	0.00268	0.04424	0.02519	0.00640	0.00880
21	0.12983	0.01723	0.04530	0.07164	0.09143	0.01709	0.25241	0.10043	0.08191	0.09763	0.01661	0.01882	0.01216	0.00714	0.00720	0.00229	0.00886	0.00695	0.00495	0.01010
22	0.01078	0.00809	0.00888	0.00942	0.01066	0.03612	0.00677	0.01271	0.01449	0.02018	0.03851	0.35710	0.16106	0.01856	0.03939	0.00285	0.03576	0.01431	0.18815	0.00624
23	0.01903	0.01724	0.02485	0.08064	0.16871	0.07456	0.15201	0.14074	0.03755	0.05820	0.03440	0.09359	0.01659	0.00881	0.00748	0.00223	0.00864	0.00822	0.00497	0.04155
24	0.15566	0.03281	0.02169	0.06775	0.13070	0.10950	0.08529	0.10740	0.06744	0.04432	0.01597	0.06456	0.01347	0.00847	0.00757	0.00226	0.04409	0.00691	0.00473	0.00941

[dist]
# distance from previous block
# <min> <max>
0	13

[block]
# block no. 8 follows, 29 sequences, length 22
# corresponding to MSA columns:
# 328-349
name=unknown_I
#
# <colnr> <probs for GDERKNQSTAVLIFYWHMCP>
#	G	D	E	R	K	N	Q	S	T	A	V	L	I	F	Y	W	H	M	C	P
0	0.06223	0.01822	0.10123	0.10339	0.19295	0.07551	0.01632	0.05151	0.03724	0.11828	0.05513	0.06351	0.01682	0.00886	0.00791	0.00227	0.04671	0.00729	0.00489	0.00973
1	0.05153	0.01411	0.05099	0.01483	0.01958	0.01270	0.10478	0.09163	0.07133	0.11684	0.04432	0.13734	0.02066	0.01311	0.05751	0.00279	0.00761	0.00888	0.00572	0.15372
2	0.03196	0.00915	0.00993	0.01073	0.01183	0.05743	0.00769	0.01355	0.03886	0.01964	0.09069	0.39974	0.04044	0.11917	0.01248	0.00333	0.00549	0.10555	0.00615	0.00619
3	0.03537	0.01017	0.01433	0.03478	0.05697	0.01038	0.06281	0.01665	0.09069	0.02231	0.13281	0.20110	0.12950	0.04694	0.01008	0.00277	0.03179	0.07710	0.00604	0.00740
4	0.02133	0.10083	0.02430	0.06303	0.10304	0.09666	0.06295	0.15741	0.06840	0.09398	0.01578	0.01786	0.01218	0.00954	0.03016	0.00249	0.09880	0.00626	0.00495	0.01005
5	0.01024	0.00737	0.01014	0.01014	0.01096	0.00819	0.00727	0.01188	0.01106	0.01556	0.02027	0.03460	0.02068	0.30105	0.47782	0.00983	0.01475	0.00860	0.00399	0.00563
6	0.00872	0.00632	0.00824	0.00968	0.01029	0.00584	0.00653	0.01009	0.01410	0.01870	0.07034	0.66740	0.09412	0.02167	0.00901	0.00283	0.00406	0.01956	0.00666	0.00584
7	0.05162	0.23312	0.19877	0.02132	0.09402	0.12683	0.13573	0.02300	0.01596	0.02065	0.01193	0.01454	0.00957	0.00648	0.00631	0.00199	0.00990	0.00536	0.00334	0.00958
8	0.17564	0.01409	0.01500	0.01221	0.01660	0.01500	0.00992	0.25840	0.04257	0.15589	0.09296	0.02271	0.01928	0.00887	0.00646	0.00212	0.00592	0.00682	0.10962	0.00992
9	0.01049	0.00767	0.00962	0.01062	0.01160	0.00758	0.00735	0.06201	0.04719	0.02074	0.03709	0.65613	0.04325	0.02067	0.00885	0.00281	0.00448	0.01862	0.00668	0.00652
10	0.04932	0.01286	0.01392	0.01187	0.01589	0.01339	0.00943	0.15085	0.20402	0.13757	0.03831	0.03619	0.21951	0.01161	0.00735	0.00228	0.00542	0.00943	0.04110	0.00967
11	0.00993	0.00700	0.00912	0.00948	0.01000	0.00734	0.00637	0.01106	0.01143	0.01567	0.02490	0.19036	0.02769	0.35637	0.26370	0.00759	0.01045	0.01155	0.00464	0.00533
12	0.01110	0.00780	0.00950	0.01015	0.01164	0.00751	0.00718	0.01475	0.09452	0.06135	0.04308	0.49944	0.15624	0.01926	0.00864	0.00271	0.00433	0.01711	0.00682	0.00685
13	0.00896	0.00631	0.00818	0.00956	0.00990	0.00597	0.00623	0.00999	0.01309	0.01745	0.03644	0.62837	0.04355	0.14388	0.01363	0.00356	0.00459	0.01859	0.00623	0.00554
14	0.00900	0.00649	0.00857	0.00991	0.01062	0.00605	0.00689	0.01063	0.01464	0.01956	0.11297	0.59780	0.07613	0.02111	0.00903	0.00283	0.00418	0.06090	0.00674	0.00595
15	0.02707	0.01995	0.02137	0.01638	0.02208	0.02208	0.01353	0.68159	0.03348	0.04488	0.01710	0.01710	0.01211	0.00855	0.00712	0.00214	0.00784	0.00641	0.00712	0.01211
16	0.00915	0.00696	0.00854	0.00960	0.01097	0.00635	0.00716	0.01099	0.01510	0.01918	0.05054	0.37271	0.27716	0.02027	0.00900	0.00280	0.00443	0.14646	0.00660	0.00602
17	0.01884	0.50201	0.13517	0.01399	0.02005	0.12024	0.01406	0.02182	0.01509	0.01754	0.01124	0.01428	0.01013	0.05109	0.00706	0.00200	0.00873	0.00453	0.00320	0.00894
18	0.01649	0.01930	0.08266	0.09782	0.15660	0.04142	0.37263	0.02165	0.01594	0.02166	0.01391	0.01926	0.01109	0.03476	0.00955	0.00252	0.04229	0.00745	0.00351	0.00948
19	0.01021	0.00747	0.01063	0.01063	0.01161	0.00846	0.00788	0.01219	0.01120	0.01592	0.01982	0.03212	0.01960	0.20826	0.56914	0.01043	0.01637	0.00824	0.00393	0.00590
20	0.02041	0.12527	0.07449	0.15784	0.12017	0.18957	0.06924	0.09522	0.01854	0.04515	0.01312	0.01596	0.01023	0.00702	0.00666	0.00205	0.00988	0.00568	0.00396	0.00954
21	0.01878	0.01848	0.02203	0.05695	0.27135	0.17260	0.04089	0.02192	0.01708	0.06933	0.04899	0.02577	0.08874	0.00924	0.00856	0.00223	0.06690	0.02639	0.00448	0.00928

[dist]
# distance from previous block
# <min> <max>
0	1

[block]
# block no. 9 follows, 29 sequences, length 29
# corresponding to MSA columns:
# 351-379
name=unknown_J
#
# <colnr> <probs for GDERKNQSTAVLIFYWHMCP>
#	G	D	E	R	K	N	Q	S	T	A	V	L	I	F	Y	W	H	M	C	P
0	0.02049	0.61547	0.03402	0.01337	0.01900	0.16153	0.01249	0.02269	0.01557	0.01688	0.01011	0.01170	0.00914	0.00633	0.00493	0.00158	0.00862	0.00396	0.00317	0.00897
1	0.01775	0.24142	0.33977	0.01937	0.05425	0.08281	0.08131	0.02314	0.01573	0.04456	0.01250	0.01461	0.00963	0.00660	0.00628	0.00201	0.00978	0.00518	0.00336	0.00992
2	0.01442	0.00981	0.01055	0.00946	0.01232	0.00997	0.00730	0.05775	0.15117	0.02778	0.11216	0.03040	0.05899	0.00958	0.00619	0.00189	0.00425	0.00789	0.37249	0.08564
3	0.66879	0.06571	0.01317	0.01017	0.01474	0.01723	0.00849	0.05659	0.04480	0.03147	0.01117	0.01254	0.00869	0.00682	0.00469	0.00216	0.00578	0.00418	0.00459	0.00821
4	0.01524	0.01184	0.01294	0.01158	0.01436	0.04944	0.00910	0.05662	0.11968	0.09068	0.20447	0.04394	0.21869	0.01348	0.00932	0.00239	0.07042	0.03085	0.00678	0.00820
5	0.03123	0.01327	0.01724	0.01322	0.01875	0.01218	0.01092	0.12990	0.02231	0.61235	0.02647	0.02319	0.01681	0.00877	0.00716	0.00219	0.00632	0.00705	0.00856	0.01212
6	0.01068	0.00780	0.00905	0.00913	0.01125	0.00710	0.00692	0.01372	0.05103	0.05753	0.14658	0.18583	0.36465	0.01756	0.00854	0.00254	0.00416	0.07230	0.00693	0.00671
7	0.66796	0.06759	0.08180	0.01064	0.01577	0.01688	0.00986	0.02112	0.01257	0.02996	0.01020	0.01190	0.00794	0.00659	0.00465	0.00216	0.00615	0.00399	0.00417	0.00809
8	0.01099	0.00781	0.01071	0.01220	0.01353	0.00775	0.01017	0.01370	0.01548	0.02021	0.03655	0.16787	0.04046	0.08526	0.01209	0.00355	0.00626	0.51279	0.00636	0.00625
9	0.00867	0.00661	0.00799	0.00895	0.01011	0.00592	0.00621	0.01023	0.01491	0.01917	0.09082	0.47483	0.26914	0.02039	0.00882	0.00269	0.00391	0.01804	0.00669	0.00592
10	0.01801	0.20479	0.25317	0.02190	0.10856	0.12386	0.09324	0.02279	0.01579	0.02023	0.01190	0.01465	0.00956	0.00684	0.00725	0.00206	0.04712	0.00534	0.00325	0.00970
11	0.01705	0.01825	0.16735	0.01761	0.02289	0.01404	0.14375	0.05905	0.09500	0.11600	0.02310	0.15234	0.02073	0.04125	0.00952	0.00266	0.03347	0.03110	0.00544	0.00940
12	0.02873	0.01460	0.01770	0.01368	0.01899	0.01443	0.01126	0.26878	0.02496	0.41984	0.04982	0.02282	0.01754	0.00892	0.00712	0.00216	0.00651	0.00709	0.03329	0.01173
13	0.01018	0.00861	0.00976	0.07307	0.01418	0.00833	0.00746	0.01442	0.09276	0.02114	0.12904	0.05676	0.46577	0.04595	0.00931	0.00257	0.00447	0.01303	0.00642	0.00678
14	0.02032	0.06194	0.06941	0.06630	0.18132	0.18695	0.04286	0.08853	0.01911	0.07131	0.08232	0.02095	0.01689	0.03177	0.00789	0.00223	0.00904	0.00663	0.00466	0.00957
15	0.01501	0.04021	0.08892	0.05670	0.09975	0.06313	0.01360	0.03825	0.01462	0.02109	0.01693	0.02167	0.02804	0.01842	0.16525	0.00421	0.12162	0.00653	0.15791	0.00812
16	0.00897	0.00664	0.00837	0.00945	0.01035	0.00623	0.00656	0.01041	0.01388	0.01809	0.04323	0.47875	0.17659	0.07584	0.06161	0.00371	0.00539	0.04389	0.00624	0.00580
17	0.02202	0.01807	0.02229	0.06966	0.09695	0.04362	0.06698	0.38037	0.08585	0.03459	0.01874	0.07433	0.01519	0.00913	0.00735	0.00224	0.00804	0.00771	0.00603	0.01083
18	0.04194	0.01882	0.04437	0.08598	0.14830	0.13304	0.09705	0.03344	0.03327	0.04277	0.01557	0.01857	0.03726	0.00762	0.00838	0.00207	0.07982	0.00623	0.00405	0.14142
19	0.13235	0.01043	0.00908	0.00899	0.01130	0.07150	0.00659	0.01347	0.01502	0.02038	0.04759	0.15355	0.37326	0.08349	0.01029	0.00281	0.00511	0.01272	0.00580	0.00628
20	0.01013	0.00836	0.00916	0.00937	0.01092	0.04491	0.00676	0.01237	0.01714	0.02244	0.30458	0.27788	0.20478	0.01747	0.00852	0.00247	0.00418	0.01530	0.00693	0.00634
21	0.01624	0.01304	0.01483	0.01170	0.01676	0.01180	0.00946	0.15654	0.04292	0.02758	0.05143	0.02919	0.09460	0.00923	0.00662	0.00173	0.00567	0.06475	0.00556	0.41035
22	0.01893	0.01781	0.02135	0.14225	0.24746	0.13723	0.01615	0.04773	0.12157	0.06477	0.01932	0.06558	0.03141	0.00866	0.00715	0.00222	0.00839	0.00743	0.00478	0.00981
23	0.02038	0.11681	0.13947	0.01555	0.02149	0.01969	0.01451	0.28271	0.17298	0.03192	0.01913	0.05743	0.01518	0.00881	0.00681	0.00215	0.00750	0.00692	0.00580	0.03477
24	0.01644	0.01747	0.05223	0.07358	0.22802	0.01681	0.30639	0.02346	0.10260	0.02329	0.01716	0.05882	0.01417	0.00754	0.00777	0.00234	0.00954	0.00818	0.00416	0.01002
25	0.01102	0.07521	0.01605	0.01285	0.01502	0.00981	0.11068	0.01321	0.01467	0.01934	0.08042	0.43515	0.08554	0.05460	0.00987	0.00282	0.00571	0.01556	0.00580	0.00668
26	0.01857	0.08543	0.04196	0.01703	0.07115	0.22016	0.01257	0.06359	0.12856	0.02187	0.02129	0.19415	0.02082	0.01145	0.00784	0.00227	0.03824	0.00924	0.00507	0.00875
27	0.01831	0.16250	0.07871	0.02201	0.17555	0.05563	0.07425	0.08959	0.03822	0.06067	0.01864	0.13927	0.01731	0.00950	0.00699	0.00217	0.00800	0.00830	0.00470	0.00969
