[name]
unknown

[dist]
# distance from previous block
# <min> <max>
0	31

[block]
# block no. 0 follows, 32 sequences, length 15
# corresponding to MSA columns:
# 32-46
name=unknown_A
#
# <colnr> <probs for GDERKNQSTAVLIFYWHMCP>
#	G	D	E	R	K	N	Q	S	T	A	V	L	I	F	Y	W	H	M	C	P
0	0.01422	0.01674	0.13971	0.16038	0.21859	0.01458	0.03234	0.05158	0.05264	0.02113	0.01929	0.08093	0.06007	0.00911	0.00804	0.00226	0.05995	0.02563	0.00400	0.00882
1	0.00863	0.00662	0.00772	0.00783	0.00936	0.00591	0.00562	0.01058	0.01562	0.02040	0.27067	0.18140	0.33066	0.07640	0.01013	0.00264	0.00366	0.01402	0.00643	0.00572
2	0.00922	0.00687	0.00868	0.00827	0.00996	0.00632	0.00622	0.01208	0.01789	0.02472	0.56446	0.05143	0.17835	0.01628	0.04724	0.00261	0.00401	0.01223	0.00698	0.00619
3	0.54329	0.04846	0.01263	0.01013	0.01410	0.06163	0.00826	0.02139	0.01300	0.12649	0.01248	0.01461	0.00974	0.04844	0.00686	0.00229	0.02927	0.00453	0.00460	0.00778
4	0.01433	0.01489	0.06484	0.27490	0.36617	0.01470	0.04407	0.01852	0.01439	0.01984	0.01451	0.08165	0.01286	0.00755	0.00686	0.00216	0.00818	0.00713	0.00343	0.00901
5	0.81159	0.01298	0.00986	0.00882	0.01298	0.01505	0.00727	0.01972	0.01142	0.03010	0.00934	0.01090	0.00727	0.00623	0.00415	0.00208	0.00519	0.00363	0.00415	0.00727
6	0.18674	0.02346	0.01713	0.04930	0.04431	0.40597	0.01194	0.06242	0.01778	0.10373	0.01250	0.01375	0.00952	0.00696	0.00583	0.00189	0.00938	0.00469	0.00432	0.00838
7	0.02970	0.01206	0.01597	0.01224	0.01745	0.01081	0.01011	0.09079	0.02028	0.66737	0.02557	0.02225	0.01616	0.00828	0.00674	0.00207	0.00586	0.00669	0.00817	0.01142
8	0.02506	0.03198	0.01901	0.01729	0.02074	0.73725	0.01296	0.02679	0.01901	0.01642	0.01037	0.01210	0.00864	0.00691	0.00605	0.00173	0.01210	0.00432	0.00346	0.00778
9	0.00996	0.00700	0.00796	0.00774	0.00982	0.00626	0.00584	0.01211	0.01559	0.05902	0.16905	0.08543	0.42156	0.01787	0.06321	0.00284	0.00460	0.01241	0.07557	0.00616
10	0.00895	0.00624	0.00802	0.00871	0.00965	0.00581	0.00610	0.01095	0.01505	0.02101	0.26094	0.44465	0.07086	0.01743	0.00802	0.00241	0.00358	0.01560	0.07021	0.00581
11	0.00865	0.00661	0.00774	0.00796	0.00957	0.00600	0.00583	0.01066	0.01511	0.01983	0.18715	0.20250	0.35486	0.01940	0.06626	0.00298	0.00461	0.01384	0.04464	0.00581
12	0.06109	0.22330	0.07858	0.12371	0.04186	0.01644	0.03386	0.05789	0.01591	0.16048	0.05038	0.07699	0.01592	0.00821	0.00613	0.00198	0.00697	0.00667	0.00475	0.00888
13	0.01024	0.03365	0.01120	0.01154	0.04926	0.02922	0.00791	0.01204	0.01239	0.01673	0.05867	0.25084	0.04908	0.12010	0.28899	0.00610	0.01009	0.01127	0.00467	0.00599
14	0.30289	0.21354	0.04425	0.01307	0.05494	0.06186	0.01073	0.07455	0.03808	0.02417	0.01165	0.01369	0.00961	0.01018	0.06869	0.00261	0.00774	0.00448	0.00392	0.02935

[dist]
# distance from previous block
# <min> <max>
0	8

[block]
# block no. 1 follows, 32 sequences, length 11
# corresponding to MSA columns:
# 55-65
name=unknown_B
#
# <colnr> <probs for GDERKNQSTAVLIFYWHMCP>
#	G	D	E	R	K	N	Q	S	T	A	V	L	I	F	Y	W	H	M	C	P
0	0.16408	0.10432	0.12864	0.06251	0.07460	0.05238	0.01325	0.06224	0.09048	0.04133	0.03605	0.04467	0.01428	0.02996	0.00678	0.00215	0.00707	0.02162	0.00438	0.03923
1	0.01285	0.03219	0.09873	0.08155	0.01659	0.02937	0.01034	0.03653	0.01344	0.04461	0.09296	0.02671	0.06497	0.04239	0.11611	0.22558	0.00806	0.00723	0.03356	0.00622
2	0.00834	0.00596	0.00793	0.00923	0.00977	0.00556	0.00624	0.00974	0.01359	0.01831	0.11951	0.67391	0.04667	0.02014	0.00849	0.00265	0.00380	0.01823	0.00637	0.00556
3	0.01069	0.07449	0.03897	0.01075	0.01248	0.00987	0.00876	0.01257	0.01089	0.01525	0.01649	0.02483	0.01561	0.07928	0.53398	0.09409	0.01484	0.00678	0.00346	0.00594
4	0.01267	0.01193	0.02013	0.74806	0.04621	0.01491	0.01863	0.01714	0.01342	0.01714	0.01193	0.01789	0.00894	0.00671	0.00671	0.00224	0.00894	0.00596	0.00298	0.00745
5	0.01038	0.00646	0.00688	0.00695	0.00855	0.00604	0.00508	0.01279	0.01466	0.02202	0.11239	0.09820	0.22852	0.04879	0.00771	0.00216	0.00343	0.01037	0.38272	0.00592
6	0.01535	0.00981	0.00965	0.00874	0.01107	0.04008	0.00674	0.15186	0.01768	0.02759	0.02120	0.06906	0.01740	0.00866	0.00539	0.00173	0.00440	0.00694	0.55933	0.00729
7	0.01001	0.00802	0.00965	0.00994	0.04060	0.00764	0.00701	0.01440	0.09639	0.02326	0.34844	0.09926	0.27126	0.01444	0.00779	0.00222	0.00374	0.01250	0.00669	0.00672
8	0.01320	0.01246	0.02108	0.65349	0.13667	0.01505	0.01890	0.01761	0.01367	0.01778	0.01202	0.01772	0.00917	0.00661	0.00670	0.00220	0.00881	0.00597	0.00303	0.00788
9	0.05901	0.06887	0.01326	0.01056	0.01215	0.04148	0.00797	0.03992	0.01187	0.01698	0.01563	0.02638	0.01580	0.25979	0.15578	0.06904	0.09879	0.00692	0.02525	0.04456
10	0.05761	0.01613	0.07792	0.09008	0.11145	0.04014	0.08545	0.09557	0.04287	0.02356	0.01474	0.02024	0.01242	0.04357	0.00768	0.00209	0.00751	0.04078	0.00417	0.20604

[dist]
# distance from previous block
# <min> <max>
0	1

[block]
# block no. 2 follows, 32 sequences, length 18
# corresponding to MSA columns:
# 67-84
name=unknown_C
#
# <colnr> <probs for GDERKNQSTAVLIFYWHMCP>
#	G	D	E	R	K	N	Q	S	T	A	V	L	I	F	Y	W	H	M	C	P
0	0.02277	0.01723	0.01971	0.01617	0.04517	0.01884	0.03770	0.55385	0.06065	0.03774	0.01840	0.08701	0.01489	0.00917	0.00694	0.00210	0.00712	0.00741	0.00643	0.01069
1	0.00825	0.00603	0.00776	0.00897	0.00968	0.00554	0.00610	0.00964	0.01362	0.01802	0.09440	0.62184	0.12552	0.01997	0.00844	0.00262	0.00378	0.01795	0.00632	0.00554
2	0.01708	0.01672	0.07041	0.19406	0.18700	0.06569	0.06248	0.13334	0.01804	0.05232	0.04978	0.04639	0.04108	0.00798	0.00688	0.00211	0.00812	0.00703	0.00440	0.00911
3	0.01598	0.01597	0.12350	0.14343	0.07086	0.01362	0.10712	0.10024	0.04521	0.08924	0.03559	0.10191	0.04576	0.00944	0.00715	0.00224	0.00759	0.03355	0.02279	0.00882
4	0.04988	0.02580	0.01620	0.01493	0.01794	0.55458	0.01120	0.02374	0.01750	0.01804	0.01324	0.04365	0.01148	0.00940	0.03690	0.00214	0.01059	0.00525	0.11016	0.00739
5	0.02506	0.03198	0.01901	0.01729	0.02074	0.73725	0.01296	0.02679	0.01901	0.01642	0.01037	0.01210	0.00864	0.00691	0.00605	0.00173	0.01210	0.00432	0.00346	0.00778
6	0.01726	0.09873	0.14363	0.06563	0.02433	0.01580	0.15736	0.11548	0.06173	0.09725	0.02006	0.08743	0.04799	0.00863	0.00689	0.00214	0.00790	0.00773	0.00480	0.00923
7	0.01139	0.00889	0.01133	0.01095	0.01245	0.03864	0.00843	0.05827	0.01255	0.01757	0.01790	0.02624	0.01662	0.09273	0.58364	0.00919	0.01569	0.00714	0.03408	0.00630
8	0.01617	0.01387	0.01444	0.01303	0.01644	0.03851	0.01007	0.07373	0.52213	0.02773	0.10130	0.07676	0.02576	0.01027	0.00703	0.00225	0.00534	0.00865	0.00673	0.00976
9	0.01094	0.00940	0.01305	0.06933	0.04662	0.03409	0.05886	0.03319	0.01515	0.01985	0.11903	0.29962	0.12563	0.01721	0.04704	0.00288	0.00615	0.05982	0.00556	0.00657
10	0.01621	0.12212	0.29041	0.07214	0.18978	0.04203	0.01910	0.04370	0.04478	0.04815	0.01400	0.01774	0.01114	0.00696	0.00633	0.00204	0.00852	0.03159	0.00362	0.00966
11	0.02458	0.08210	0.02011	0.01689	0.02050	0.68887	0.01286	0.02634	0.01865	0.01638	0.01030	0.01201	0.00864	0.00683	0.00593	0.00171	0.01177	0.00427	0.00342	0.00784
12	0.00998	0.00739	0.00990	0.00977	0.01064	0.00816	0.00719	0.01127	0.01147	0.01591	0.04486	0.09904	0.11012	0.15750	0.29504	0.07489	0.07420	0.00946	0.02774	0.00544
13	0.04679	0.07121	0.08598	0.10238	0.11740	0.05149	0.21109	0.03598	0.01474	0.05114	0.01234	0.01606	0.00974	0.00717	0.00934	0.00222	0.13643	0.00613	0.00350	0.00886
14	0.00966	0.00687	0.00919	0.00919	0.00984	0.00752	0.00640	0.01096	0.01031	0.01440	0.01943	0.03443	0.02028	0.37845	0.41426	0.00882	0.01270	0.00837	0.00381	0.00511
15	0.00953	0.00704	0.00759	0.00742	0.00971	0.00597	0.00557	0.01135	0.01564	0.06573	0.10704	0.10746	0.58335	0.01647	0.00789	0.00227	0.00357	0.01386	0.00645	0.00608
16	0.01700	0.07532	0.11984	0.08782	0.12908	0.18310	0.08361	0.04801	0.01606	0.01997	0.01487	0.06700	0.01318	0.00940	0.03241	0.00234	0.00938	0.02823	0.03490	0.00848
17	0.01797	0.09675	0.20878	0.07009	0.09331	0.07702	0.10954	0.08717	0.04586	0.07637	0.01441	0.01642	0.01074	0.00672	0.00641	0.00201	0.00873	0.00574	0.03644	0.00953

[dist]
# distance from previous block
# <min> <max>
0	3

[block]
# block no. 3 follows, 32 sequences, length 7
# corresponding to MSA columns:
# 88-94
name=unknown_D
#
# <colnr> <probs for GDERKNQSTAVLIFYWHMCP>
#	G	D	E	R	K	N	Q	S	T	A	V	L	I	F	Y	W	H	M	C	P
0	0.01407	0.09749	0.12621	0.14900	0.06540	0.02999	0.01367	0.05539	0.05686	0.02274	0.17146	0.02461	0.02280	0.00946	0.02294	0.00221	0.02339	0.00704	0.07711	0.00816
1	0.01160	0.01203	0.07080	0.01006	0.01289	0.07068	0.00847	0.05399	0.01800	0.02345	0.33721	0.07069	0.24775	0.01342	0.00758	0.00214	0.00485	0.01135	0.00624	0.00683
2	0.01314	0.07833	0.11717	0.11535	0.15078	0.01294	0.01389	0.03810	0.03019	0.02086	0.08765	0.12189	0.09568	0.01006	0.00681	0.00207	0.00654	0.00870	0.00447	0.06538
3	0.08524	0.01433	0.01507	0.01246	0.04592	0.07252	0.00948	0.08218	0.01610	0.05123	0.01354	0.01675	0.01123	0.00627	0.00547	0.00142	0.00602	0.03259	0.00443	0.49776
4	0.01211	0.00872	0.01195	0.08877	0.01602	0.00868	0.02333	0.04220	0.01455	0.07000	0.05790	0.35826	0.05644	0.05629	0.00967	0.00263	0.02950	0.05200	0.00562	0.07536
5	0.00924	0.00629	0.00796	0.00894	0.00983	0.00575	0.00609	0.01049	0.01334	0.04976	0.04046	0.57395	0.14854	0.06352	0.00989	0.00284	0.00405	0.01718	0.00620	0.00568
6	0.40020	0.03253	0.03748	0.06484	0.03338	0.03281	0.01050	0.07718	0.01434	0.06771	0.01300	0.04211	0.01081	0.00774	0.00667	0.00211	0.06714	0.02010	0.00443	0.05494

[dist]
# distance from previous block
# <min> <max>
0	1

[block]
# block no. 4 follows, 32 sequences, length 14
# corresponding to MSA columns:
# 96-109
name=unknown_E
#
# <colnr> <probs for GDERKNQSTAVLIFYWHMCP>
#	G	D	E	R	K	N	Q	S	T	A	V	L	I	F	Y	W	H	M	C	P
0	0.13775	0.39294	0.13475	0.01404	0.04112	0.02070	0.04263	0.04654	0.01436	0.05363	0.01143	0.01317	0.00932	0.00783	0.03307	0.00210	0.00785	0.00445	0.00352	0.00883
1	0.00955	0.00687	0.00932	0.00978	0.01072	0.00732	0.00712	0.01191	0.03384	0.01718	0.05062	0.26248	0.02868	0.11049	0.32919	0.00655	0.01035	0.02808	0.04415	0.00579
2	0.00868	0.00636	0.00822	0.00916	0.01015	0.00589	0.00659	0.01052	0.01464	0.01950	0.17524	0.46005	0.13231	0.01881	0.00843	0.00258	0.00393	0.08675	0.00645	0.00573
3	0.01272	0.00697	0.00776	0.00732	0.00932	0.00656	0.00554	0.01564	0.01523	0.06844	0.14091	0.06140	0.06921	0.00980	0.00573	0.00175	0.00343	0.00817	0.49814	0.04594
4	0.09327	0.04040	0.12761	0.05858	0.02006	0.04102	0.01224	0.08849	0.04255	0.10153	0.01474	0.01678	0.01132	0.02509	0.05224	0.00239	0.00754	0.00520	0.00454	0.23439
5	0.01067	0.00765	0.00996	0.01089	0.01251	0.00758	0.00911	0.01413	0.04454	0.02078	0.09611	0.08506	0.10227	0.04568	0.00958	0.00292	0.00538	0.44334	0.05563	0.00623
6	0.01531	0.04963	0.36658	0.10390	0.05958	0.03338	0.01903	0.09075	0.10245	0.02360	0.04484	0.01790	0.01297	0.00812	0.02153	0.00228	0.00872	0.00585	0.00399	0.00957
7	0.01063	0.00931	0.01219	0.04946	0.08762	0.05289	0.03159	0.01256	0.01401	0.01825	0.06565	0.51264	0.06332	0.01685	0.00804	0.00250	0.00526	0.01525	0.00556	0.00640
8	0.04937	0.01215	0.08430	0.01367	0.05797	0.01025	0.06667	0.04212	0.05776	0.02304	0.20589	0.12113	0.09995	0.05031	0.04692	0.00286	0.00623	0.01025	0.03180	0.00737
9	0.06750	0.14711	0.19470	0.01518	0.02122	0.05440	0.07338	0.07658	0.08832	0.10960	0.03170	0.01979	0.05667	0.00768	0.00625	0.00201	0.00767	0.00615	0.00469	0.00939
10	0.00957	0.00769	0.01072	0.16782	0.01775	0.00787	0.00895	0.01217	0.01514	0.01998	0.21204	0.25037	0.16955	0.01517	0.00791	0.00239	0.00482	0.04806	0.00582	0.00619
11	0.01765	0.08779	0.10708	0.01426	0.02002	0.10193	0.06447	0.08966	0.05309	0.05572	0.01389	0.01607	0.01104	0.03367	0.00685	0.00178	0.00748	0.00514	0.00426	0.28815
12	0.01051	0.00768	0.00994	0.04795	0.01283	0.00746	0.00742	0.01378	0.05186	0.04917	0.26748	0.22095	0.12979	0.01830	0.07806	0.00309	0.00539	0.01254	0.00622	0.03958
13	0.04272	0.20938	0.12926	0.06163	0.07549	0.06295	0.04257	0.05051	0.08414	0.03588	0.01709	0.05366	0.04043	0.00788	0.00629	0.00196	0.02050	0.00626	0.04261	0.00879

[dist]
# distance from previous block
# <min> <max>
2	4

[block]
# block no. 5 follows, 32 sequences, length 6
# corresponding to MSA columns:
# 114-119
name=unknown_F
#
# <colnr> <probs for GDERKNQSTAVLIFYWHMCP>
#	G	D	E	R	K	N	Q	S	T	A	V	L	I	F	Y	W	H	M	C	P
0	0.06307	0.08944	0.02073	0.08234	0.07090	0.06318	0.11907	0.06540	0.01585	0.02186	0.08039	0.05637	0.03990	0.05859	0.00828	0.00220	0.00727	0.00719	0.00430	0.12367
1	0.01095	0.00787	0.01109	0.01001	0.01221	0.00716	0.06944	0.01353	0.01601	0.06364	0.23605	0.19127	0.21325	0.01436	0.00764	0.00223	0.00427	0.01274	0.08975	0.00653
2	0.01228	0.01182	0.07653	0.04184	0.01487	0.05731	0.00950	0.06082	0.01488	0.05008	0.03024	0.39439	0.08061	0.04669	0.06286	0.00321	0.00663	0.01321	0.00544	0.00677
3	0.13144	0.01822	0.07078	0.06133	0.14938	0.15029	0.01346	0.09016	0.03804	0.02452	0.12591	0.02164	0.03813	0.00828	0.00687	0.00204	0.02988	0.00651	0.00458	0.00853
4	0.06415	0.08739	0.16765	0.03832	0.05366	0.10257	0.10245	0.08236	0.05696	0.02329	0.07324	0.01803	0.01451	0.00732	0.00690	0.00199	0.03455	0.00598	0.00413	0.05455
5	0.01154	0.01086	0.06103	0.01347	0.07239	0.01014	0.00985	0.01546	0.07619	0.01846	0.06599	0.07748	0.02167	0.16937	0.24315	0.00571	0.04270	0.00832	0.00434	0.06187

[dist]
# distance from previous block
# <min> <max>
4	11

[block]
# block no. 6 follows, 32 sequences, length 17
# corresponding to MSA columns:
# 131-147
name=unknown_G
#
# <colnr> <probs for GDERKNQSTAVLIFYWHMCP>
#	G	D	E	R	K	N	Q	S	T	A	V	L	I	F	Y	W	H	M	C	P
0	0.04393	0.54005	0.05996	0.01300	0.04886	0.02242	0.01190	0.05129	0.01486	0.05889	0.01223	0.01453	0.01046	0.00648	0.00489	0.00162	0.00694	0.02112	0.04776	0.00881
1	0.01871	0.24575	0.12922	0.04939	0.02062	0.05886	0.01344	0.14064	0.11213	0.06785	0.01759	0.01813	0.04342	0.00753	0.00592	0.00189	0.00736	0.00566	0.02645	0.00944
2	0.01922	0.25510	0.07682	0.05038	0.09830	0.08777	0.03240	0.16957	0.07305	0.02411	0.01321	0.01471	0.01048	0.00670	0.00583	0.00181	0.00792	0.00511	0.00418	0.04335
3	0.01539	0.01527	0.09421	0.03628	0.13431	0.03852	0.01331	0.09099	0.09928	0.05370	0.12735	0.05871	0.04571	0.01368	0.07844	0.00302	0.06002	0.00797	0.00510	0.00874
4	0.01097	0.00719	0.00918	0.00892	0.01078	0.00653	0.00681	0.01357	0.01728	0.08447	0.39835	0.14209	0.16918	0.01517	0.00802	0.00230	0.00379	0.07186	0.00701	0.00653
5	0.01343	0.01264	0.06741	0.01732	0.13788	0.01122	0.06237	0.06893	0.05913	0.03576	0.06105	0.10047	0.13564	0.07544	0.02876	0.04578	0.00666	0.04737	0.00502	0.00772
6	0.05937	0.00849	0.00983	0.00894	0.01134	0.00838	0.00687	0.04825	0.05429	0.11596	0.26761	0.08627	0.05302	0.01112	0.00662	0.00201	0.00396	0.00942	0.22087	0.00739
7	0.00895	0.00671	0.00777	0.00832	0.00938	0.00631	0.00570	0.01070	0.03712	0.01689	0.04213	0.29074	0.25006	0.21500	0.01508	0.00358	0.00460	0.04990	0.00568	0.00537
8	0.01594	0.01671	0.08850	0.07888	0.49346	0.01528	0.01886	0.05783	0.03667	0.02331	0.07576	0.01966	0.01533	0.00695	0.00674	0.00204	0.00767	0.00648	0.00391	0.01002
9	0.00916	0.00701	0.00862	0.00942	0.01108	0.00646	0.00754	0.01140	0.01518	0.01922	0.08754	0.17725	0.31506	0.01803	0.00854	0.00265	0.00453	0.26919	0.00628	0.00587
10	0.01381	0.01669	0.15491	0.07566	0.16939	0.01188	0.01453	0.01791	0.01419	0.02102	0.01507	0.05851	0.03134	0.00683	0.00602	0.00165	0.00676	0.00588	0.00373	0.35423
11	0.02244	0.06080	0.02016	0.01693	0.02028	0.51581	0.03904	0.06087	0.04143	0.01837	0.01226	0.04376	0.01072	0.00799	0.00775	0.00193	0.08229	0.00538	0.00378	0.00802
12	0.00836	0.00600	0.00784	0.00923	0.00974	0.00562	0.00625	0.00957	0.01290	0.01707	0.03755	0.65735	0.07583	0.06191	0.00998	0.00293	0.00411	0.04622	0.00611	0.00541
13	0.01463	0.01275	0.01891	0.16778	0.24701	0.01389	0.01460	0.04922	0.11175	0.03610	0.09668	0.02553	0.05619	0.03043	0.04315	0.00269	0.03783	0.00749	0.00461	0.00877
14	0.04827	0.03851	0.01516	0.01179	0.01616	0.08666	0.00940	0.12876	0.01724	0.08605	0.01660	0.05351	0.01449	0.04697	0.06247	0.00256	0.00730	0.03484	0.00489	0.29837
15	0.09638	0.06515	0.04451	0.07618	0.14843	0.04489	0.04621	0.11665	0.09765	0.13882	0.01634	0.01737	0.01204	0.00705	0.00626	0.00199	0.00723	0.00581	0.00504	0.04597
16	0.06821	0.09454	0.07490	0.08028	0.03557	0.07606	0.04563	0.16490	0.08115	0.06753	0.01886	0.02302	0.04173	0.01020	0.03687	0.00246	0.00805	0.05606	0.00494	0.00905

[dist]
# distance from previous block
# <min> <max>
3	12

[block]
# block no. 7 follows, 32 sequences, length 13
# corresponding to MSA columns:
# 161-173
name=unknown_H
#
# <colnr> <probs for GDERKNQSTAVLIFYWHMCP>
#	G	D	E	R	K	N	Q	S	T	A	V	L	I	F	Y	W	H	M	C	P
0	0.01157	0.00890	0.03686	0.04914	0.04021	0.00788	0.00862	0.01395	0.01517	0.09152	0.13125	0.23271	0.22874	0.01620	0.02732	0.00260	0.02315	0.04137	0.00604	0.00679
1	0.01262	0.01123	0.01838	0.03857	0.12008	0.01160	0.13246	0.03577	0.06668	0.01939	0.02279	0.06205	0.08630	0.06159	0.24361	0.02585	0.01080	0.00846	0.00423	0.00752
2	0.01770	0.11641	0.04061	0.03577	0.09108	0.11868	0.04925	0.07810	0.01750	0.09872	0.11261	0.09595	0.06126	0.00980	0.00714	0.00204	0.02569	0.00815	0.00508	0.00847
3	0.01874	0.68761	0.03348	0.01200	0.01761	0.05977	0.01163	0.06199	0.01498	0.01744	0.00979	0.01115	0.00878	0.00594	0.00454	0.00148	0.00742	0.00377	0.00313	0.00874
4	0.01465	0.01474	0.02157	0.05273	0.01992	0.02009	0.05227	0.01649	0.01073	0.01649	0.00922	0.01502	0.00889	0.01117	0.02052	0.00287	0.67625	0.00599	0.00296	0.00744
5	0.01076	0.00847	0.01315	0.01138	0.01277	0.00840	0.12100	0.01225	0.01135	0.01564	0.02075	0.09260	0.02228	0.45293	0.11535	0.00581	0.00840	0.00969	0.04168	0.00536
6	0.01581	0.01395	0.01400	0.01301	0.01606	0.06788	0.00988	0.06660	0.45558	0.02543	0.02769	0.19697	0.02472	0.01169	0.00717	0.00233	0.00560	0.00997	0.00643	0.00923
7	0.01709	0.01593	0.02667	0.09398	0.44756	0.01627	0.11279	0.11165	0.01754	0.02440	0.04106	0.01818	0.01261	0.00658	0.00688	0.00206	0.00825	0.00650	0.00392	0.01008
8	0.01058	0.00810	0.00904	0.00853	0.01058	0.00767	0.00631	0.09237	0.01726	0.02238	0.20142	0.13012	0.34451	0.08837	0.01040	0.00266	0.00418	0.01285	0.00634	0.00632
9	0.01119	0.00930	0.01321	0.01231	0.01314	0.01166	0.00977	0.01328	0.01121	0.01667	0.05844	0.02516	0.01766	0.06884	0.42222	0.00740	0.23145	0.00719	0.03357	0.00633
10	0.04401	0.01040	0.01253	0.09593	0.03652	0.01121	0.00926	0.05142	0.15958	0.06988	0.09050	0.06314	0.11398	0.07383	0.00943	0.00252	0.02418	0.00882	0.10509	0.00778
11	0.08023	0.09464	0.01902	0.04532	0.01946	0.14912	0.02886	0.22514	0.10796	0.06792	0.01616	0.01691	0.01215	0.00748	0.00602	0.00192	0.00748	0.00560	0.07928	0.00935
12	0.07273	0.07344	0.15733	0.01905	0.10356	0.06030	0.09607	0.08250	0.03526	0.07760	0.07233	0.01846	0.01472	0.00744	0.00727	0.00204	0.04866	0.00611	0.00439	0.04073

[dist]
# distance from previous block
# <min> <max>
0	5

[block]
# block no. 8 follows, 32 sequences, length 15
# corresponding to MSA columns:
# 179-193
name=unknown_I
#
# <colnr> <probs for GDERKNQSTAVLIFYWHMCP>
#	G	D	E	R	K	N	Q	S	T	A	V	L	I	F	Y	W	H	M	C	P
0	0.13463	0.10415	0.10457	0.05913	0.04420	0.07657	0.09198	0.16771	0.10709	0.02670	0.01422	0.01569	0.01078	0.00696	0.00613	0.00202	0.00801	0.00555	0.00451	0.00940
1	0.05245	0.06053	0.04807	0.06224	0.15365	0.03332	0.01306	0.04184	0.16610	0.14950	0.02076	0.04240	0.03828	0.00836	0.00712	0.00210	0.03953	0.00680	0.04435	0.00955
2	0.00861	0.00677	0.00785	0.00775	0.00959	0.00601	0.00577	0.01085	0.01635	0.02128	0.31045	0.10393	0.39771	0.01736	0.03729	0.00258	0.00393	0.01344	0.00656	0.00592
3	0.01068	0.00742	0.00907	0.00913	0.01068	0.00710	0.00660	0.03605	0.05343	0.05118	0.23584	0.32067	0.13257	0.04013	0.00875	0.00249	0.00394	0.01412	0.03371	0.00644
4	0.00988	0.00619	0.00850	0.00922	0.00975	0.00595	0.00648	0.00992	0.01212	0.01614	0.08177	0.30734	0.06023	0.04645	0.01584	0.29338	0.00486	0.08631	0.00504	0.00464
5	0.01346	0.03471	0.72942	0.01912	0.02904	0.01558	0.02479	0.02125	0.01417	0.02125	0.01204	0.01417	0.00850	0.00637	0.00637	0.00212	0.00992	0.00496	0.00283	0.00992
6	0.00899	0.00646	0.00768	0.00827	0.00899	0.00610	0.00552	0.01001	0.01250	0.01625	0.05844	0.27376	0.16578	0.30931	0.01844	0.00412	0.00497	0.06396	0.00542	0.00503
7	0.01661	0.01594	0.02724	0.04119	0.72233	0.01594	0.02059	0.02059	0.01528	0.02192	0.01262	0.01661	0.01063	0.00598	0.00664	0.00199	0.00797	0.00598	0.00332	0.01063
8	0.01391	0.01193	0.01391	0.00994	0.01590	0.00894	0.00795	0.01690	0.01391	0.02186	0.01193	0.01391	0.00994	0.00497	0.00497	0.00099	0.00497	0.00398	0.00398	0.80521
9	0.01661	0.01594	0.02724	0.04119	0.72233	0.01594	0.02059	0.02059	0.01528	0.02192	0.01262	0.01661	0.01063	0.00598	0.00664	0.00199	0.00797	0.00598	0.00332	0.01063
10	0.01166	0.00583	0.00874	0.00874	0.00874	0.00583	0.00583	0.00874	0.00874	0.01166	0.01166	0.02040	0.01166	0.02331	0.02622	0.80478	0.00583	0.00583	0.00291	0.00291
11	0.00864	0.00619	0.00813	0.00927	0.01002	0.00582	0.00651	0.00997	0.01337	0.01769	0.07783	0.53269	0.11324	0.02123	0.03746	0.04140	0.00460	0.06445	0.00603	0.00548
12	0.01282	0.03587	0.01390	0.01203	0.01367	0.01259	0.00954	0.07544	0.06341	0.01929	0.01886	0.02555	0.04238	0.09191	0.34039	0.00649	0.14937	0.00719	0.04232	0.00698
13	0.06364	0.01956	0.07726	0.07261	0.02242	0.19771	0.09370	0.10944	0.01670	0.02146	0.01343	0.01736	0.01105	0.01728	0.17974	0.00411	0.04476	0.00586	0.00384	0.00809
14	0.01792	0.12407	0.02034	0.01557	0.08723	0.05701	0.03906	0.14364	0.05145	0.05605	0.05898	0.04934	0.01563	0.00746	0.00604	0.00169	0.00659	0.00613	0.00483	0.23097

[dist]
# distance from previous block
# <min> <max>
0	3

[block]
# block no. 9 follows, 32 sequences, length 14
# corresponding to MSA columns:
# 197-210
name=unknown_J
#
# <colnr> <probs for GDERKNQSTAVLIFYWHMCP>
#	G	D	E	R	K	N	Q	S	T	A	V	L	I	F	Y	W	H	M	C	P
0	0.16774	0.18968	0.12098	0.04301	0.08679	0.01776	0.06697	0.04513	0.01445	0.07106	0.01202	0.01412	0.00942	0.00656	0.00656	0.00193	0.05403	0.00491	0.00379	0.06308
1	0.01084	0.00923	0.01111	0.01096	0.01232	0.06973	0.00838	0.01300	0.01159	0.01559	0.01948	0.02774	0.04403	0.08991	0.60338	0.00942	0.01619	0.00738	0.00372	0.00601
2	0.01251	0.00625	0.00625	0.00625	0.00782	0.00625	0.00469	0.01563	0.01407	0.02502	0.02189	0.02502	0.01720	0.00782	0.00469	0.00156	0.00313	0.00625	0.80144	0.00625
3	0.01267	0.01193	0.02013	0.74806	0.04621	0.01491	0.01863	0.01714	0.01342	0.01714	0.01193	0.01789	0.00894	0.00671	0.00671	0.00224	0.00894	0.00596	0.00298	0.00745
4	0.02423	0.03023	0.01863	0.01692	0.02042	0.66560	0.01273	0.02767	0.08775	0.01758	0.01206	0.01339	0.00982	0.00713	0.00613	0.00178	0.01143	0.00465	0.00379	0.00806
5	0.01251	0.00625	0.00625	0.00625	0.00782	0.00625	0.00469	0.01563	0.01407	0.02502	0.02189	0.02502	0.01720	0.00782	0.00469	0.00156	0.00313	0.00625	0.80144	0.00625
6	0.01667	0.01375	0.01485	0.01318	0.01681	0.01555	0.01037	0.11594	0.50924	0.02938	0.11144	0.02918	0.02539	0.00995	0.00705	0.00226	0.00535	0.03681	0.00685	0.01000
7	0.01308	0.06201	0.01672	0.01398	0.01472	0.01506	0.01123	0.01457	0.01171	0.04194	0.01930	0.26688	0.02136	0.01564	0.03956	0.00299	0.39785	0.01025	0.00426	0.00689
8	0.02479	0.02729	0.01794	0.01591	0.01956	0.56405	0.01211	0.07739	0.01966	0.08958	0.01314	0.01430	0.01019	0.00720	0.00608	0.00177	0.01053	0.00482	0.05536	0.00832
9	0.01758	0.03255	0.01822	0.14664	0.09632	0.09380	0.03784	0.09920	0.11841	0.08602	0.05133	0.09581	0.03454	0.00926	0.00685	0.00213	0.00717	0.00791	0.02958	0.00884
10	0.00985	0.00721	0.00957	0.05907	0.01272	0.00733	0.00754	0.02795	0.01350	0.01801	0.09219	0.27715	0.07828	0.15658	0.08562	0.02450	0.00642	0.09548	0.00538	0.00565
11	0.01507	0.01435	0.02399	0.15881	0.53562	0.01474	0.01872	0.01891	0.01496	0.02073	0.01801	0.02160	0.08084	0.00720	0.00678	0.00206	0.00768	0.00679	0.00355	0.00959
12	0.52503	0.01594	0.01453	0.01590	0.13906	0.09835	0.01058	0.04623	0.03799	0.02747	0.01091	0.01272	0.00863	0.00643	0.00500	0.00203	0.00656	0.00435	0.00411	0.00819
13	0.01368	0.01358	0.02087	0.64079	0.04291	0.06156	0.04599	0.01790	0.01374	0.01723	0.01176	0.01739	0.00897	0.00689	0.00736	0.00223	0.04063	0.00593	0.00303	0.00754

[dist]
# distance from previous block
# <min> <max>
7	13

[block]
# block no. 10 follows, 32 sequences, length 8
# corresponding to MSA columns:
# 224-231
name=unknown_K
#
# <colnr> <probs for GDERKNQSTAVLIFYWHMCP>
#	G	D	E	R	K	N	Q	S	T	A	V	L	I	F	Y	W	H	M	C	P
0	0.01770	0.08308	0.13885	0.05812	0.12917	0.16451	0.04160	0.06342	0.05578	0.04258	0.04851	0.03907	0.02734	0.00816	0.00704	0.00205	0.03101	0.02890	0.00417	0.00893
1	0.06754	0.25142	0.09908	0.03343	0.02043	0.19079	0.04278	0.02186	0.01513	0.05429	0.01130	0.01312	0.00918	0.00638	0.00600	0.00170	0.03500	0.00445	0.00353	0.11256
2	0.08686	0.01462	0.04248	0.04981	0.04877	0.05656	0.01048	0.08488	0.04496	0.04412	0.01544	0.01716	0.03380	0.00673	0.00608	0.00160	0.02931	0.00515	0.05431	0.34686
3	0.09135	0.07492	0.08317	0.04253	0.04350	0.05636	0.10520	0.16751	0.09628	0.06954	0.01652	0.04570	0.01307	0.01034	0.05224	0.00262	0.00845	0.00648	0.00488	0.00935
4	0.01554	0.06063	0.05733	0.01509	0.01768	0.01504	0.07206	0.01811	0.01358	0.11502	0.04846	0.06887	0.06925	0.01275	0.04100	0.00280	0.29560	0.03170	0.02162	0.00787
5	0.07137	0.00800	0.01024	0.01115	0.04984	0.00814	0.00750	0.01277	0.01290	0.05963	0.05274	0.31440	0.10853	0.09511	0.05700	0.05363	0.04315	0.01250	0.00532	0.00610
6	0.01312	0.03793	0.10452	0.11958	0.08294	0.03101	0.05956	0.03894	0.04143	0.02038	0.08403	0.05721	0.08301	0.08340	0.05195	0.00298	0.00774	0.00805	0.00434	0.06789
7	0.01437	0.10486	0.11670	0.01878	0.14493	0.01440	0.05655	0.04262	0.05478	0.03959	0.08863	0.09785	0.07404	0.01036	0.00793	0.00220	0.05299	0.04524	0.00468	0.00851

[dist]
# distance from previous block
# <min> <max>
4	12

[block]
# block no. 11 follows, 32 sequences, length 15
# corresponding to MSA columns:
# 244-258
name=unknown_L
#
# <colnr> <probs for GDERKNQSTAVLIFYWHMCP>
#	G	D	E	R	K	N	Q	S	T	A	V	L	I	F	Y	W	H	M	C	P
0	0.04862	0.07496	0.07435	0.03241	0.05616	0.07164	0.04170	0.19601	0.05463	0.02704	0.07984	0.02386	0.06055	0.00857	0.00645	0.00196	0.00696	0.02843	0.04592	0.05994
1	0.01009	0.00737	0.00930	0.00943	0.01076	0.00727	0.00687	0.05951	0.01568	0.02127	0.21933	0.29995	0.10123	0.07189	0.09335	0.00366	0.00576	0.03503	0.00613	0.00612
2	0.01453	0.04145	0.01470	0.01063	0.01587	0.01054	0.00857	0.07085	0.03984	0.02304	0.01557	0.06991	0.01414	0.00716	0.00560	0.00136	0.00524	0.03673	0.00451	0.58975
3	0.01621	0.07598	0.09132	0.12903	0.10019	0.06527	0.03776	0.09299	0.01666	0.04503	0.03546	0.06233	0.03245	0.00804	0.00640	0.00192	0.00743	0.02361	0.02441	0.12751
4	0.06536	0.05355	0.15533	0.04329	0.12809	0.05287	0.13639	0.05171	0.01563	0.06645	0.01849	0.02069	0.07847	0.00822	0.00759	0.04252	0.00815	0.00655	0.00403	0.03662
5	0.01014	0.00694	0.00845	0.00917	0.04092	0.00701	0.00528	0.01073	0.01049	0.01450	0.02137	0.07642	0.02381	0.59752	0.07956	0.00612	0.00706	0.00967	0.05013	0.00470
6	0.05705	0.01014	0.03171	0.01510	0.13009	0.00972	0.03162	0.01350	0.01413	0.01981	0.11235	0.16207	0.20621	0.09130	0.01128	0.00275	0.05793	0.01131	0.00512	0.00680
7	0.05216	0.12794	0.16403	0.05908	0.10982	0.03264	0.01397	0.01952	0.03161	0.08482	0.08652	0.06096	0.08659	0.00892	0.00642	0.00201	0.00681	0.00735	0.00455	0.03426
8	0.01794	0.29879	0.06561	0.05142	0.04890	0.04580	0.06045	0.04457	0.03220	0.11646	0.04997	0.02186	0.06727	0.00833	0.00655	0.02216	0.00718	0.02135	0.00446	0.00872
9	0.01045	0.00716	0.00937	0.01031	0.01176	0.00678	0.00819	0.01265	0.01476	0.05188	0.06155	0.25643	0.14653	0.04927	0.00974	0.00292	0.00501	0.31292	0.00625	0.00606
10	0.01508	0.01587	0.17523	0.01330	0.03222	0.02989	0.01222	0.02029	0.09197	0.12790	0.08944	0.11688	0.07789	0.05442	0.00950	0.00248	0.05253	0.00903	0.04558	0.00829
11	0.01768	0.05211	0.22418	0.06214	0.10576	0.05036	0.09806	0.08535	0.03921	0.10768	0.01654	0.06562	0.01315	0.00773	0.00671	0.00210	0.00837	0.00675	0.02093	0.00957
12	0.00959	0.00719	0.01078	0.01078	0.01198	0.00839	0.00839	0.01198	0.01078	0.01558	0.01797	0.02636	0.01677	0.05032	0.73760	0.01078	0.01797	0.00719	0.00359	0.00599
13	0.00912	0.00633	0.00757	0.00818	0.00851	0.00612	0.00513	0.00975	0.01138	0.01502	0.03006	0.30067	0.07338	0.42967	0.02263	0.00479	0.00538	0.03653	0.00504	0.00473
14	0.03767	0.01634	0.08246	0.22958	0.07797	0.03903	0.06699	0.13436	0.04191	0.08248	0.04794	0.02050	0.01392	0.00795	0.00771	0.00220	0.05141	0.02600	0.00457	0.00903

[dist]
# distance from previous block
# <min> <max>
0	1

[block]
# block no. 12 follows, 32 sequences, length 17
# corresponding to MSA columns:
# 260-276
name=unknown_M
#
# <colnr> <probs for GDERKNQSTAVLIFYWHMCP>
#	G	D	E	R	K	N	Q	S	T	A	V	L	I	F	Y	W	H	M	C	P
0	0.07225	0.18133	0.04348	0.08728	0.06346	0.12215	0.06722	0.19992	0.03827	0.04466	0.01306	0.01477	0.01007	0.00683	0.00602	0.00190	0.00833	0.00528	0.00438	0.00934
1	0.04696	0.13633	0.11044	0.03606	0.07430	0.04507	0.04223	0.17617	0.01835	0.04163	0.01280	0.01447	0.00993	0.00633	0.00579	0.00169	0.00740	0.00495	0.00427	0.20482
2	0.04076	0.33994	0.07475	0.01597	0.09295	0.12441	0.01296	0.06801	0.07074	0.02079	0.01287	0.01442	0.01058	0.00658	0.00534	0.00172	0.00766	0.00473	0.06589	0.00892
3	0.02512	0.03028	0.01916	0.01705	0.02075	0.64496	0.01294	0.11351	0.02063	0.01975	0.01111	0.01262	0.00900	0.00706	0.00614	0.00177	0.01149	0.00454	0.00388	0.00825
4	0.00906	0.00682	0.00826	0.00791	0.00961	0.00615	0.00586	0.01164	0.01745	0.02366	0.49484	0.05399	0.25134	0.05288	0.00925	0.00238	0.00340	0.01260	0.00688	0.00602
5	0.00882	0.00637	0.00810	0.00929	0.00980	0.00616	0.00616	0.01074	0.04787	0.01712	0.03433	0.62496	0.04044	0.12163	0.01196	0.00322	0.00432	0.01722	0.00596	0.00552
6	0.01906	0.01540	0.02822	0.07198	0.19953	0.01509	0.28085	0.02395	0.04536	0.18122	0.01658	0.01897	0.01206	0.00675	0.00769	0.00218	0.03368	0.00697	0.00459	0.00988
7	0.01242	0.01093	0.01638	0.19655	0.19057	0.01174	0.01316	0.01664	0.05806	0.02068	0.11197	0.09007	0.12766	0.01074	0.00771	0.00223	0.03315	0.02432	0.03726	0.00776
8	0.00825	0.00604	0.00777	0.00897	0.00968	0.00555	0.00610	0.00965	0.01364	0.01805	0.09666	0.61969	0.12538	0.01995	0.00844	0.00262	0.00377	0.01793	0.00632	0.00555
9	0.01065	0.00867	0.01265	0.06896	0.01500	0.01060	0.00967	0.01278	0.01079	0.01549	0.01642	0.02592	0.01580	0.12493	0.48425	0.00837	0.13228	0.00719	0.00350	0.00609
10	0.04765	0.20009	0.11080	0.04534	0.07141	0.07449	0.01343	0.05711	0.04570	0.14236	0.04556	0.01915	0.04100	0.00856	0.02121	0.00212	0.03440	0.00585	0.00463	0.00917
11	0.01708	0.01010	0.03901	0.01161	0.03935	0.00867	0.00888	0.02062	0.06462	0.26873	0.10775	0.21903	0.12989	0.01327	0.00749	0.00229	0.00486	0.01149	0.00689	0.00839
12	0.01584	0.01810	0.03959	0.02828	0.03507	0.01697	0.69796	0.02149	0.01584	0.02149	0.01357	0.01810	0.01018	0.00566	0.00792	0.00226	0.01131	0.00792	0.00339	0.00905
13	0.01534	0.01804	0.17064	0.16093	0.25838	0.01461	0.04606	0.06846	0.01580	0.04188	0.01561	0.06688	0.01327	0.00778	0.00677	0.00214	0.00809	0.02426	0.03579	0.00927
14	0.01785	0.04489	0.07349	0.02599	0.23300	0.12082	0.16806	0.08248	0.04622	0.02212	0.01353	0.01753	0.01113	0.04521	0.00894	0.00230	0.04706	0.00628	0.00378	0.00932
15	0.01075	0.00709	0.00909	0.00947	0.01069	0.00675	0.00669	0.02882	0.04119	0.06494	0.17855	0.44739	0.06576	0.03602	0.00953	0.03534	0.00412	0.01516	0.00645	0.00622
16	0.01671	0.19170	0.04178	0.01695	0.10074	0.01763	0.04157	0.09503	0.10951	0.05034	0.04082	0.01926	0.01452	0.01498	0.13178	0.00350	0.07369	0.00614	0.00441	0.00895

[dist]
# distance from previous block
# <min> <max>
0	16

[block]
# block no. 13 follows, 32 sequences, length 21
# corresponding to MSA columns:
# 294-314
name=unknown_N
#
# <colnr> <probs for GDERKNQSTAVLIFYWHMCP>
#	G	D	E	R	K	N	Q	S	T	A	V	L	I	F	Y	W	H	M	C	P
0	0.03952	0.27696	0.14914	0.01402	0.03410	0.06787	0.01335	0.07106	0.09915	0.02141	0.01490	0.01618	0.03116	0.00856	0.03487	0.00211	0.00785	0.00508	0.00394	0.08878
1	0.05116	0.19957	0.17761	0.01796	0.08161	0.06005	0.06149	0.07257	0.10037	0.05069	0.01389	0.01542	0.01079	0.00702	0.00692	0.00199	0.05205	0.00535	0.00401	0.00948
2	0.00963	0.00747	0.01056	0.03446	0.01264	0.00769	0.02827	0.01131	0.01267	0.01743	0.03001	0.49796	0.03453	0.05067	0.06618	0.00341	0.05924	0.04448	0.02905	0.03238
3	0.01576	0.00955	0.01334	0.05503	0.01616	0.00930	0.05435	0.07066	0.01628	0.16058	0.02685	0.25054	0.02585	0.01272	0.00723	0.00227	0.00544	0.07731	0.14010	0.03068
4	0.00917	0.00679	0.00842	0.00950	0.01040	0.00663	0.00654	0.01225	0.08390	0.01857	0.03767	0.61184	0.08841	0.01909	0.00821	0.00261	0.00398	0.01713	0.03288	0.00602
5	0.01495	0.01059	0.03269	0.01108	0.01338	0.03840	0.00848	0.12383	0.01703	0.11584	0.02949	0.44486	0.03122	0.01543	0.00762	0.00239	0.00515	0.01354	0.05657	0.00747
6	0.01081	0.00772	0.01081	0.01236	0.01390	0.00772	0.01081	0.01390	0.01545	0.02008	0.03553	0.07569	0.03862	0.01854	0.00927	0.00309	0.00618	0.67717	0.00618	0.00618
7	0.01720	0.01307	0.01415	0.01257	0.01633	0.01444	0.00982	0.03196	0.53687	0.11201	0.03242	0.02983	0.10963	0.01002	0.00696	0.00225	0.00511	0.00833	0.00693	0.01008
8	0.00832	0.00594	0.00795	0.00950	0.00996	0.00557	0.00647	0.00959	0.01299	0.01729	0.03690	0.72324	0.04407	0.02089	0.00860	0.00274	0.00402	0.05426	0.00623	0.00549
9	0.01365	0.01293	0.02190	0.57186	0.21475	0.01517	0.01912	0.01800	0.01388	0.01833	0.01210	0.01757	0.00936	0.00653	0.00669	0.00218	0.00870	0.00597	0.00307	0.00825
10	0.01794	0.76823	0.03516	0.01148	0.01722	0.02655	0.01148	0.02009	0.01363	0.01579	0.00933	0.01076	0.00861	0.00574	0.00431	0.00144	0.00718	0.00359	0.00287	0.00861
11	0.00942	0.00680	0.00890	0.00849	0.01001	0.00628	0.00633	0.01247	0.01863	0.02633	0.67851	0.09205	0.06219	0.01415	0.00795	0.00215	0.00321	0.01254	0.00732	0.00628
12	0.01868	0.01540	0.01629	0.01406	0.01821	0.01762	0.01110	0.18535	0.55728	0.03127	0.02479	0.02302	0.01844	0.00887	0.00680	0.00222	0.00578	0.00724	0.00680	0.01080
13	0.01172	0.00633	0.00662	0.00663	0.00820	0.00619	0.00494	0.01468	0.01460	0.02442	0.09530	0.05967	0.07085	0.00956	0.00539	0.00171	0.00318	0.00790	0.63592	0.00619
14	0.00981	0.00660	0.00764	0.00773	0.00786	0.00664	0.00460	0.01007	0.01012	0.01351	0.02187	0.04515	0.02496	0.69652	0.05681	0.00645	0.00688	0.04835	0.00417	0.00425
15	0.00822	0.00661	0.00733	0.00756	0.00935	0.00572	0.00552	0.01003	0.01536	0.01926	0.16108	0.20329	0.48252	0.01731	0.00806	0.00234	0.00346	0.01485	0.00641	0.00572
16	0.01615	0.02279	0.29466	0.12598	0.08851	0.01660	0.05838	0.15310	0.04045	0.02446	0.01362	0.01704	0.01043	0.03573	0.00857	0.00233	0.05191	0.00590	0.00387	0.00952
17	0.01260	0.00671	0.00952	0.00920	0.00956	0.00685	0.00630	0.05593	0.01030	0.01375	0.01196	0.02010	0.01164	0.02227	0.02489	0.74998	0.00593	0.00584	0.00317	0.00349
18	0.01854	0.27692	0.02656	0.07768	0.06327	0.07058	0.05315	0.13927	0.05903	0.02205	0.01225	0.01461	0.01009	0.00742	0.00822	0.00198	0.12023	0.00524	0.00390	0.00902
19	0.03141	0.02956	0.05864	0.07038	0.11231	0.01357	0.03151	0.12264	0.04458	0.02415	0.05154	0.02282	0.06252	0.05480	0.00885	0.00216	0.04633	0.00663	0.03184	0.17374
20	0.04806	0.18252	0.15444	0.01510	0.03950	0.04115	0.04226	0.11445	0.05693	0.09224	0.01686	0.08857	0.01452	0.03355	0.00761	0.00218	0.02952	0.00677	0.00462	0.00913

[dist]
# distance from previous block
# <min> <max>
4	13

[block]
# block no. 14 follows, 32 sequences, length 28
# corresponding to MSA columns:
# 328-355
name=unknown_O
#
# <colnr> <probs for GDERKNQSTAVLIFYWHMCP>
#	G	D	E	R	K	N	Q	S	T	A	V	L	I	F	Y	W	H	M	C	P
0	0.01645	0.00902	0.01137	0.00957	0.01280	0.00802	0.00753	0.04270	0.01846	0.23345	0.32794	0.03868	0.11996	0.01137	0.00717	0.00200	0.00424	0.00968	0.03548	0.07411
1	0.02003	0.02191	0.02142	0.04089	0.21552	0.31004	0.03916	0.07802	0.04166	0.02136	0.06181	0.01732	0.01373	0.00759	0.00762	0.00199	0.06120	0.00586	0.00402	0.00887
2	0.00867	0.00681	0.00773	0.00751	0.00938	0.00598	0.00556	0.01090	0.01657	0.02154	0.33699	0.05757	0.41293	0.05125	0.00917	0.00240	0.00345	0.01311	0.00661	0.00587
3	0.00892	0.00684	0.00816	0.00783	0.00967	0.00608	0.00587	0.01154	0.01762	0.02365	0.47770	0.05548	0.30643	0.01493	0.00792	0.00217	0.00325	0.01289	0.00696	0.00608
4	0.01794	0.76823	0.03516	0.01148	0.01722	0.02655	0.01148	0.02009	0.01363	0.01579	0.00933	0.01076	0.00861	0.00574	0.00431	0.00144	0.00718	0.00359	0.00287	0.00861
5	0.00995	0.00680	0.00895	0.00876	0.01021	0.00627	0.00643	0.01266	0.01767	0.04976	0.54634	0.20295	0.05754	0.01511	0.00801	0.00224	0.00341	0.01345	0.00717	0.00632
6	0.01794	0.76823	0.03516	0.01148	0.01722	0.02655	0.01148	0.02009	0.01363	0.01579	0.00933	0.01076	0.00861	0.00574	0.00431	0.00144	0.00718	0.00359	0.00287	0.00861
7	0.01005	0.00814	0.01274	0.04903	0.07296	0.00795	0.05834	0.01223	0.01369	0.01830	0.03186	0.50330	0.03654	0.01760	0.00838	0.00266	0.00536	0.11890	0.00562	0.00635
8	0.01661	0.01594	0.02724	0.04119	0.72233	0.01594	0.02059	0.02059	0.01528	0.02192	0.01262	0.01661	0.01063	0.00598	0.00664	0.00199	0.00797	0.00598	0.00332	0.01063
9	0.01414	0.01227	0.01579	0.01178	0.01720	0.01009	0.06525	0.04465	0.04294	0.02248	0.01509	0.08131	0.01352	0.00675	0.00568	0.00135	0.00551	0.00588	0.00435	0.60398
10	0.01761	0.01435	0.04331	0.10753	0.31182	0.01364	0.01556	0.07862	0.01704	0.11700	0.06544	0.02121	0.01569	0.00735	0.00662	0.00195	0.00703	0.02551	0.00467	0.10805
11	0.01843	0.15480	0.24388	0.01699	0.06231	0.04286	0.01634	0.20694	0.01887	0.05039	0.01357	0.01550	0.01043	0.01057	0.06711	0.00269	0.02906	0.00532	0.00421	0.00972
12	0.01628	0.01561	0.02665	0.09974	0.66633	0.01586	0.02043	0.02031	0.01512	0.02153	0.01256	0.01671	0.01049	0.00604	0.00665	0.00201	0.00805	0.00598	0.00329	0.01037
13	0.01117	0.00675	0.00935	0.05361	0.01148	0.00691	0.00670	0.03430	0.01114	0.01503	0.01946	0.20276	0.02113	0.10769	0.02024	0.41112	0.00559	0.00954	0.03169	0.00436
14	0.04001	0.12136	0.05662	0.08245	0.11870	0.01621	0.03758	0.05685	0.20009	0.08441	0.05651	0.03643	0.01674	0.00787	0.00638	0.00202	0.00668	0.00663	0.00506	0.04137
15	0.01466	0.01476	0.01995	0.01690	0.01812	0.07674	0.08265	0.01673	0.01177	0.01686	0.01168	0.01789	0.01094	0.04040	0.12602	0.00400	0.45319	0.00629	0.03327	0.00720
16	0.01166	0.00583	0.00874	0.00874	0.00874	0.00583	0.00583	0.00874	0.00874	0.01166	0.01166	0.02040	0.01166	0.02331	0.02622	0.80478	0.00583	0.00583	0.00291	0.00291
17	0.01676	0.01262	0.01643	0.09451	0.07638	0.05768	0.05831	0.05647	0.09224	0.14724	0.04973	0.15219	0.10173	0.01131	0.00732	0.00225	0.00644	0.02613	0.00577	0.00849
18	0.01997	0.07976	0.14182	0.02413	0.24940	0.03903	0.04415	0.11771	0.01786	0.14846	0.01501	0.01660	0.01112	0.00698	0.00709	0.00203	0.03821	0.00578	0.00455	0.01031
19	0.01507	0.01319	0.01614	0.01399	0.01762	0.01444	0.07980	0.05543	0.45913	0.02569	0.03103	0.10765	0.09951	0.01087	0.00724	0.00231	0.00564	0.00953	0.00634	0.00938
20	0.01509	0.02150	0.22853	0.04870	0.02772	0.03948	0.25228	0.02001	0.01396	0.03809	0.01253	0.01664	0.00986	0.00992	0.05269	0.00284	0.17182	0.00637	0.00326	0.00871
21	0.01792	0.05817	0.11721	0.04301	0.06251	0.09497	0.08360	0.15896	0.07104	0.04497	0.01948	0.05184	0.05368	0.00876	0.00730	0.00212	0.03452	0.02835	0.03248	0.00912
22	0.01569	0.01475	0.06451	0.11109	0.10018	0.01366	0.21280	0.05919	0.05480	0.08550	0.07373	0.09814	0.04708	0.00906	0.00737	0.00223	0.00783	0.00877	0.00483	0.00879
23	0.00820	0.00595	0.00775	0.00910	0.00969	0.00550	0.00614	0.00948	0.01326	0.01755	0.06328	0.67752	0.10097	0.02043	0.00849	0.00267	0.00383	0.01843	0.00627	0.00550
24	0.01815	0.27021	0.27644	0.04145	0.02313	0.08802	0.01661	0.08675	0.04328	0.05871	0.01274	0.01406	0.00974	0.00660	0.00575	0.00186	0.00855	0.00478	0.00372	0.00945
25	0.01996	0.04572	0.09519	0.06159	0.07398	0.09271	0.01400	0.24006	0.11387	0.06956	0.03754	0.02158	0.01514	0.02847	0.00742	0.00220	0.00771	0.03816	0.00537	0.00977
26	0.05953	0.01034	0.01319	0.01151	0.01354	0.01110	0.05618	0.14379	0.01508	0.02147	0.01983	0.10946	0.02022	0.28241	0.13398	0.00512	0.03209	0.00896	0.02558	0.00663
27	0.01714	0.04274	0.18611	0.04308	0.04004	0.07869	0.10553	0.13859	0.01757	0.02406	0.03125	0.01589	0.01105	0.00702	0.00773	0.00194	0.07345	0.00560	0.00399	0.14853

[dist]
# distance from previous block
# <min> <max>
5	20

# created by:
# /home/berkeley/.conda/envs/busco_data_prod/bin/msa2prfl.pl pipeline/OGs_align_augustus/4893/36273.fs
