[name]
unknown

[dist]
# distance from previous block
# <min> <max>
0	4

[block]
# block no. 0 follows, 34 sequences, length 58
# corresponding to MSA columns:
# 4-61
name=unknown_A
#
# <colnr> <probs for GDERKNQSTAVLIFYWHMCP>
#	G	D	E	R	K	N	Q	S	T	A	V	L	I	F	Y	W	H	M	C	P
0	0.04789	0.05812	0.08913	0.03659	0.04320	0.01608	0.06961	0.25892	0.07954	0.09746	0.06897	0.02143	0.01625	0.00819	0.00692	0.00205	0.02720	0.03755	0.00543	0.00948
1	0.01706	0.10083	0.24564	0.01732	0.04880	0.08346	0.10256	0.07299	0.05411	0.08712	0.07178	0.01796	0.01431	0.00718	0.00675	0.00197	0.03094	0.00593	0.00420	0.00907
2	0.06641	0.03468	0.04870	0.03975	0.01527	0.01163	0.00944	0.06798	0.05436	0.09068	0.15571	0.02667	0.04051	0.09436	0.04570	0.00283	0.08103	0.00722	0.00505	0.10202
3	0.00838	0.00633	0.00761	0.00784	0.00910	0.00581	0.00556	0.01013	0.01426	0.01879	0.22779	0.22641	0.26445	0.10287	0.05229	0.00317	0.00445	0.01342	0.00592	0.00542
4	0.01713	0.01278	0.01474	0.01089	0.01638	0.01114	0.00881	0.15101	0.04150	0.09419	0.01412	0.01500	0.01081	0.00580	0.00533	0.00129	0.00531	0.00459	0.00483	0.55436
5	0.01017	0.00668	0.00870	0.00916	0.01056	0.00616	0.00688	0.01222	0.01496	0.07391	0.20568	0.33875	0.12723	0.01676	0.00800	0.00244	0.00402	0.12529	0.00641	0.00603
6	0.02206	0.01616	0.01777	0.01536	0.06542	0.04998	0.01165	0.39352	0.12015	0.11908	0.05767	0.01908	0.01537	0.00793	0.00645	0.00193	0.00657	0.00628	0.00624	0.04133
7	0.01660	0.06190	0.05612	0.01622	0.10998	0.01416	0.04345	0.16201	0.13666	0.07611	0.14903	0.04840	0.06291	0.00920	0.00669	0.00202	0.00598	0.00786	0.00566	0.00905
8	0.00836	0.00587	0.00748	0.00837	0.00903	0.00544	0.00565	0.00921	0.01250	0.01643	0.08013	0.49049	0.14384	0.07252	0.01154	0.08321	0.00400	0.01533	0.00560	0.00500
9	0.02646	0.01044	0.01418	0.01107	0.01562	0.00906	0.00906	0.02903	0.01847	0.64636	0.11527	0.02534	0.02173	0.00866	0.00664	0.00200	0.00519	0.00716	0.00788	0.01037
10	0.01710	0.04549	0.02525	0.08200	0.46971	0.11144	0.06648	0.04574	0.03679	0.02074	0.01232	0.01563	0.01008	0.00605	0.00634	0.00191	0.00836	0.00564	0.00340	0.00952
11	0.01508	0.01642	0.07139	0.22045	0.04880	0.09288	0.16689	0.03311	0.07484	0.04081	0.01648	0.07115	0.03289	0.00808	0.00783	0.00217	0.06164	0.00719	0.00385	0.00805
12	0.00802	0.00582	0.00761	0.00898	0.00958	0.00541	0.00619	0.00930	0.01273	0.01676	0.03804	0.66422	0.10026	0.01976	0.00824	0.00261	0.00385	0.06132	0.00599	0.00531
13	0.01435	0.07291	0.61585	0.01803	0.02690	0.01532	0.05895	0.02112	0.01401	0.06603	0.01242	0.01419	0.00878	0.00619	0.00613	0.00201	0.00921	0.00496	0.00310	0.00953
14	0.04122	0.01560	0.10297	0.03996	0.01854	0.01433	0.03024	0.24938	0.12936	0.06447	0.02261	0.06368	0.07634	0.06818	0.03165	0.00266	0.00685	0.00758	0.00547	0.00890
15	0.02133	0.01118	0.01312	0.01067	0.01446	0.01118	0.00861	0.17848	0.06902	0.29529	0.05979	0.02268	0.01770	0.00815	0.00601	0.00186	0.00501	0.00655	0.22963	0.00930
16	0.01840	0.08923	0.17591	0.01860	0.07792	0.08778	0.09779	0.20327	0.12085	0.02587	0.01457	0.01579	0.01096	0.00682	0.00628	0.00195	0.00825	0.00565	0.00442	0.00967
17	0.69255	0.08132	0.04000	0.00920	0.01358	0.01535	0.00808	0.01945	0.01151	0.04857	0.00959	0.01095	0.00743	0.00602	0.00417	0.00195	0.00536	0.00363	0.00396	0.00733
18	0.01778	0.07743	0.01654	0.01259	0.01607	0.12830	0.01013	0.18858	0.01753	0.06515	0.01474	0.01836	0.01233	0.04693	0.21474	0.00430	0.03440	0.00563	0.00443	0.09405
19	0.01476	0.19858	0.42094	0.01837	0.02622	0.04286	0.15144	0.02044	0.01399	0.01916	0.01123	0.01355	0.00852	0.00589	0.00596	0.00191	0.00928	0.00500	0.00286	0.00903
20	0.00935	0.00625	0.00706	0.00710	0.00711	0.00624	0.00397	0.00938	0.00948	0.01264	0.02079	0.06289	0.02404	0.75157	0.03219	0.00616	0.00619	0.00965	0.00397	0.00395
21	0.04493	0.01462	0.02722	0.13640	0.06666	0.01559	0.34446	0.01795	0.01364	0.01913	0.01642	0.02042	0.07341	0.00772	0.00980	0.00228	0.15084	0.00724	0.00339	0.00789
22	0.01555	0.01206	0.01345	0.01307	0.06073	0.03920	0.00939	0.08132	0.28459	0.08609	0.08998	0.07983	0.13376	0.01121	0.00761	0.03338	0.00519	0.00893	0.00612	0.00854
23	0.00817	0.00637	0.00746	0.00788	0.00940	0.00566	0.00581	0.01002	0.01475	0.01888	0.17683	0.25318	0.37090	0.01695	0.00789	0.00233	0.00355	0.06222	0.00620	0.00555
24	0.00786	0.00569	0.00743	0.00882	0.00933	0.00526	0.00592	0.00902	0.01254	0.01656	0.03772	0.71887	0.09121	0.01997	0.00820	0.00259	0.00372	0.01803	0.00600	0.00526
25	0.06884	0.04950	0.02349	0.13860	0.34037	0.03722	0.08465	0.02036	0.05372	0.04944	0.01314	0.01656	0.01052	0.00787	0.03414	0.00231	0.03090	0.00579	0.00357	0.00901
26	0.01661	0.01339	0.01658	0.01549	0.06689	0.03927	0.06150	0.05689	0.32444	0.08397	0.02241	0.04706	0.01812	0.00918	0.00762	0.00218	0.05693	0.05518	0.07722	0.00908
27	0.00783	0.00577	0.00734	0.00859	0.00927	0.00528	0.00582	0.00904	0.01276	0.01665	0.04052	0.65263	0.15565	0.01961	0.00815	0.00255	0.00367	0.01759	0.00600	0.00528
28	0.01764	0.01316	0.01891	0.32945	0.12840	0.01469	0.01495	0.11204	0.12148	0.13909	0.01658	0.01863	0.01200	0.00712	0.00647	0.00207	0.00726	0.00611	0.00477	0.00917
29	0.02295	0.05112	0.01912	0.01424	0.01906	0.01915	0.01174	0.62610	0.02822	0.03772	0.01677	0.07321	0.01331	0.00862	0.00650	0.00197	0.00684	0.00668	0.00626	0.01043
30	0.01604	0.01253	0.01499	0.01108	0.01649	0.01077	0.02985	0.11108	0.05279	0.07158	0.01396	0.01552	0.01101	0.02132	0.00588	0.00137	0.00538	0.00468	0.00459	0.56908
31	0.01631	0.09415	0.05571	0.08932	0.08018	0.05747	0.04277	0.06226	0.05501	0.12468	0.16541	0.02712	0.08470	0.00892	0.00656	0.00196	0.00636	0.00754	0.00522	0.00834
32	0.00923	0.00692	0.01038	0.01038	0.01154	0.00808	0.00808	0.01154	0.01038	0.01500	0.01731	0.02538	0.01615	0.04846	0.74732	0.01038	0.01731	0.00692	0.00346	0.00577
33	0.01071	0.00731	0.00957	0.00865	0.01079	0.00654	0.02858	0.01335	0.01709	0.08784	0.44596	0.06974	0.23214	0.01353	0.00754	0.00209	0.00360	0.01180	0.00674	0.00643
34	0.01986	0.40488	0.02694	0.01616	0.09027	0.30980	0.01251	0.02195	0.01534	0.01604	0.00970	0.01144	0.00850	0.00600	0.00504	0.00155	0.00886	0.00397	0.00303	0.00817
35	0.01401	0.12009	0.49316	0.01954	0.02791	0.01659	0.17918	0.02038	0.01395	0.01988	0.01162	0.01411	0.00857	0.00591	0.00624	0.00200	0.00954	0.00527	0.00286	0.00921
36	0.01671	0.01663	0.02884	0.09275	0.22661	0.03864	0.30622	0.11073	0.05477	0.02323	0.01361	0.01694	0.01046	0.00614	0.00692	0.00206	0.00901	0.00658	0.00381	0.00934
37	0.00793	0.00573	0.00750	0.00881	0.00935	0.00531	0.00594	0.00918	0.01282	0.01705	0.07446	0.69029	0.08244	0.01965	0.00818	0.00257	0.00368	0.01774	0.00606	0.00531
38	0.00870	0.00587	0.00783	0.00904	0.00964	0.00545	0.00613	0.00998	0.01291	0.04294	0.07241	0.70323	0.04275	0.01943	0.00815	0.00257	0.00377	0.01758	0.00613	0.00550
39	0.01599	0.01535	0.02623	0.03966	0.73262	0.01535	0.01983	0.01983	0.01471	0.02111	0.01215	0.01599	0.01023	0.00576	0.00640	0.00192	0.00768	0.00576	0.00320	0.01023
40	0.04718	0.07121	0.01930	0.01413	0.01902	0.05261	0.01168	0.49971	0.10913	0.06687	0.01632	0.01613	0.01181	0.00763	0.00621	0.00192	0.00693	0.00571	0.00607	0.01043
41	0.01456	0.30845	0.47840	0.01569	0.02375	0.01891	0.01913	0.02005	0.01345	0.01852	0.01063	0.01243	0.00822	0.00591	0.00540	0.00180	0.00857	0.00429	0.00274	0.00908
42	0.00785	0.00571	0.00741	0.00877	0.00931	0.00527	0.00590	0.00902	0.01259	0.01658	0.03838	0.70325	0.10641	0.01988	0.00819	0.00258	0.00370	0.01793	0.00600	0.00527
43	0.22684	0.01436	0.01493	0.01187	0.01644	0.03324	0.00968	0.28258	0.02049	0.22164	0.01648	0.01701	0.01176	0.04152	0.00696	0.00213	0.00615	0.00547	0.00597	0.03451
44	0.00835	0.00606	0.00768	0.00831	0.00916	0.00561	0.00571	0.00996	0.01399	0.01885	0.23198	0.42382	0.11641	0.09058	0.01039	0.00276	0.00375	0.01514	0.00611	0.00538
45	0.00829	0.00583	0.00748	0.00851	0.00889	0.00553	0.00555	0.00931	0.01214	0.01629	0.08066	0.56149	0.03985	0.18242	0.01353	0.00337	0.00424	0.01596	0.00563	0.00502
46	0.01466	0.01232	0.01169	0.01081	0.01316	0.15510	0.00843	0.03817	0.01813	0.09229	0.38386	0.04106	0.06139	0.01193	0.00729	0.00208	0.00552	0.09891	0.00624	0.00696
47	0.02179	0.01311	0.01472	0.01240	0.01655	0.04558	0.00986	0.03190	0.35811	0.33515	0.05124	0.02352	0.01912	0.00850	0.00655	0.00208	0.00550	0.00698	0.00707	0.01029
48	0.01626	0.01601	0.02550	0.07057	0.66362	0.05451	0.01935	0.02000	0.01482	0.02062	0.01201	0.01581	0.01006	0.00584	0.00637	0.00192	0.00793	0.00567	0.00319	0.00995
49	0.00893	0.00735	0.00795	0.00782	0.00991	0.00681	0.00584	0.01275	0.09913	0.02001	0.17556	0.11471	0.46945	0.01523	0.00756	0.00219	0.00349	0.01294	0.00626	0.00612
50	0.00934	0.00724	0.01047	0.01075	0.01177	0.00711	0.05169	0.03734	0.01346	0.01808	0.05295	0.61497	0.03862	0.01822	0.00855	0.00257	0.02798	0.04732	0.00577	0.00581
51	0.01754	0.01483	0.02489	0.03631	0.64747	0.01466	0.01860	0.02122	0.01516	0.10624	0.01374	0.01671	0.01092	0.00602	0.00641	0.00193	0.00742	0.00585	0.00377	0.01033
52	0.00787	0.00562	0.00750	0.00900	0.00937	0.00525	0.00600	0.00900	0.01237	0.01649	0.03561	0.76871	0.04274	0.02024	0.00825	0.00262	0.00375	0.01837	0.00600	0.00525
53	0.00793	0.00571	0.00752	0.00886	0.00936	0.00530	0.00596	0.00918	0.01278	0.01703	0.07346	0.70308	0.07048	0.01972	0.00819	0.00258	0.00369	0.01783	0.00606	0.00530
54	0.01327	0.01315	0.02004	0.64288	0.06376	0.06406	0.03616	0.01733	0.01331	0.01669	0.01136	0.01672	0.00867	0.00657	0.00688	0.00213	0.03106	0.00568	0.00292	0.00733
55	0.02399	0.01755	0.01878	0.01446	0.01946	0.01940	0.01193	0.67920	0.02961	0.03996	0.01577	0.01591	0.01124	0.00775	0.00637	0.00192	0.00692	0.00583	0.04320	0.01076
56	0.12031	0.02036	0.01840	0.01628	0.06937	0.19887	0.01222	0.40871	0.02393	0.03175	0.01312	0.01398	0.00979	0.00713	0.00600	0.00188	0.00802	0.00512	0.00516	0.00959
57	0.01765	0.30816	0.15358	0.04189	0.04366	0.14611	0.08199	0.06526	0.03331	0.01893	0.01104	0.01302	0.00896	0.00622	0.00588	0.00176	0.02602	0.00466	0.00326	0.00863

[dist]
# distance from previous block
# <min> <max>
0	4

[block]
# block no. 1 follows, 34 sequences, length 47
# corresponding to MSA columns:
# 66-112
name=unknown_B
#
# <colnr> <probs for GDERKNQSTAVLIFYWHMCP>
#	G	D	E	R	K	N	Q	S	T	A	V	L	I	F	Y	W	H	M	C	P
0	0.01637	0.43773	0.11096	0.01348	0.04591	0.10079	0.01250	0.01920	0.01358	0.01660	0.01054	0.01282	0.00922	0.00980	0.07623	0.00234	0.00860	0.00414	0.00300	0.07619
1	0.01046	0.00931	0.06296	0.01061	0.01232	0.00890	0.00872	0.02761	0.01116	0.03219	0.01860	0.02795	0.03623	0.17456	0.48166	0.00814	0.04161	0.00733	0.00371	0.00597
2	0.01623	0.22615	0.06124	0.01692	0.03715	0.03966	0.20379	0.05577	0.03145	0.06617	0.03176	0.10002	0.01570	0.00839	0.00694	0.00201	0.03416	0.03404	0.00413	0.00833
3	0.00843	0.00633	0.00781	0.00797	0.00935	0.00571	0.00578	0.01062	0.01583	0.02130	0.37946	0.24443	0.22160	0.01587	0.00779	0.00223	0.00329	0.01396	0.00654	0.00571
4	0.01122	0.00561	0.00842	0.00842	0.00842	0.00561	0.00561	0.00842	0.00842	0.01122	0.01122	0.01964	0.01122	0.02245	0.02525	0.81201	0.00561	0.00561	0.00281	0.00281
5	0.01554	0.01489	0.02541	0.12477	0.65102	0.01523	0.01961	0.01944	0.01450	0.02056	0.01207	0.01614	0.01004	0.00584	0.00640	0.00195	0.00779	0.00576	0.00316	0.00987
6	0.79087	0.01244	0.00969	0.00860	0.01264	0.01432	0.00709	0.01943	0.01126	0.05382	0.00958	0.01090	0.00731	0.00607	0.00409	0.00200	0.00502	0.00360	0.00414	0.00714
7	0.01204	0.00602	0.00602	0.00602	0.00753	0.00602	0.00452	0.01506	0.01355	0.02409	0.02108	0.02409	0.01656	0.00753	0.00452	0.00151	0.00301	0.00602	0.80879	0.00602
8	0.01476	0.01510	0.02062	0.01862	0.06143	0.05408	0.03359	0.01644	0.01074	0.01605	0.00891	0.01422	0.00862	0.01059	0.01919	0.00270	0.65849	0.00564	0.00289	0.00733
9	0.01743	0.01003	0.01215	0.01080	0.01393	0.00998	0.00835	0.02435	0.22625	0.25973	0.10075	0.17519	0.07961	0.01177	0.00706	0.00220	0.00463	0.01012	0.00694	0.00874
10	0.02107	0.01180	0.01419	0.01145	0.01542	0.01173	0.00924	0.20775	0.06831	0.29522	0.19682	0.02874	0.05993	0.00966	0.00682	0.00201	0.00520	0.00798	0.00718	0.00948
11	0.01607	0.07717	0.03953	0.01102	0.01430	0.06752	0.00907	0.06192	0.10712	0.13966	0.30883	0.06608	0.03423	0.01041	0.00678	0.00199	0.00520	0.00874	0.00628	0.00808
12	0.00904	0.00660	0.00849	0.00802	0.00959	0.00605	0.00601	0.01199	0.01804	0.02531	0.68204	0.04925	0.10850	0.01343	0.00762	0.00204	0.00306	0.01182	0.00703	0.00605
13	0.00821	0.00629	0.00721	0.00749	0.00881	0.00563	0.00524	0.00973	0.01401	0.01798	0.16639	0.23002	0.34545	0.12451	0.01138	0.00285	0.00378	0.01385	0.00589	0.00530
14	0.01283	0.00625	0.00644	0.00628	0.00794	0.00618	0.00475	0.01582	0.01378	0.05720	0.02128	0.02399	0.01653	0.00755	0.00461	0.00153	0.00313	0.00604	0.77161	0.00625
15	0.02414	0.01511	0.01709	0.01351	0.01831	0.01607	0.01103	0.36864	0.16901	0.24602	0.02072	0.01922	0.01428	0.00804	0.00650	0.00201	0.00622	0.00633	0.00694	0.01083
16	0.00989	0.00783	0.01049	0.01034	0.01138	0.03197	0.00785	0.01184	0.01049	0.01471	0.01720	0.02685	0.01664	0.14292	0.60521	0.00932	0.03883	0.00713	0.00350	0.00562
17	0.02414	0.03079	0.01831	0.01665	0.01998	0.74698	0.01248	0.02580	0.01831	0.01581	0.00999	0.01165	0.00832	0.00666	0.00583	0.00166	0.01165	0.00416	0.00333	0.00749
18	0.01656	0.01139	0.01372	0.00996	0.01555	0.00879	0.00803	0.01936	0.01443	0.16643	0.01433	0.01514	0.01087	0.00544	0.00513	0.00117	0.00493	0.00437	0.00467	0.64971
19	0.00828	0.00598	0.00783	0.00862	0.00944	0.00553	0.00599	0.01005	0.01439	0.01960	0.26306	0.50584	0.07576	0.01780	0.00802	0.00241	0.00350	0.01600	0.00636	0.00553
20	0.00960	0.00672	0.00855	0.00810	0.00969	0.00618	0.00606	0.01228	0.01725	0.04369	0.57561	0.04929	0.12462	0.06291	0.00927	0.00235	0.00343	0.03159	0.00678	0.00602
21	0.00787	0.00562	0.00750	0.00900	0.00937	0.00525	0.00600	0.00900	0.01237	0.01649	0.03561	0.76871	0.04274	0.02024	0.00825	0.00262	0.00375	0.01837	0.00600	0.00525
22	0.01287	0.00764	0.00833	0.00788	0.00977	0.00779	0.00608	0.10019	0.01622	0.02563	0.11108	0.07704	0.02424	0.00964	0.00562	0.00178	0.00372	0.04336	0.51454	0.00659
23	0.05931	0.01510	0.01671	0.01318	0.01787	0.01620	0.01078	0.41053	0.10786	0.18959	0.03862	0.01889	0.01449	0.00799	0.00635	0.00197	0.00619	0.00621	0.03173	0.01043
24	0.01259	0.01204	0.01950	0.01607	0.01763	0.01446	0.15344	0.01476	0.01100	0.01598	0.01320	0.02186	0.01284	0.14817	0.16334	0.00477	0.33157	0.00695	0.00323	0.00661
25	0.40400	0.01287	0.01310	0.01062	0.01517	0.01360	0.00876	0.13687	0.01687	0.28606	0.01601	0.01546	0.01089	0.00701	0.00530	0.00199	0.00552	0.00496	0.00584	0.00909
26	0.62062	0.05142	0.01253	0.01009	0.01420	0.09488	0.00828	0.08399	0.01369	0.02799	0.00971	0.01108	0.00757	0.00621	0.00443	0.00193	0.00601	0.00378	0.00410	0.00748
27	0.01423	0.01837	0.13888	0.02389	0.06597	0.01521	0.45230	0.01940	0.01498	0.02092	0.08877	0.01986	0.01495	0.00675	0.00817	0.00217	0.05567	0.00741	0.00357	0.00854
28	0.00928	0.00661	0.00836	0.00927	0.00996	0.00645	0.00635	0.05491	0.01328	0.01769	0.03225	0.59036	0.03789	0.11746	0.01138	0.00307	0.00440	0.04979	0.00575	0.00548
29	0.00819	0.00585	0.00785	0.00930	0.00983	0.00551	0.00649	0.00957	0.01281	0.01706	0.05383	0.67222	0.04260	0.01979	0.00831	0.00265	0.00397	0.09280	0.00602	0.00535
30	0.09956	0.05351	0.01589	0.01336	0.05034	0.03749	0.01021	0.07176	0.28967	0.21830	0.05660	0.02135	0.01755	0.00806	0.00618	0.00202	0.00565	0.00646	0.00626	0.00977
31	0.05850	0.01125	0.04729	0.01073	0.01497	0.00956	0.00907	0.04191	0.05420	0.42277	0.08993	0.04934	0.13227	0.00993	0.00669	0.00206	0.00508	0.00818	0.00700	0.00926
32	0.00793	0.00614	0.00724	0.00785	0.00914	0.00544	0.00555	0.00952	0.01411	0.01808	0.13550	0.38032	0.33461	0.01772	0.00791	0.00236	0.00346	0.01553	0.00614	0.00544
33	0.01000	0.00802	0.01029	0.01021	0.01131	0.04461	0.00769	0.01194	0.01064	0.01468	0.01739	0.02715	0.01683	0.15163	0.60660	0.00935	0.01542	0.00714	0.00352	0.00559
34	0.02152	0.01795	0.01899	0.07004	0.02158	0.11351	0.04868	0.40302	0.10123	0.05519	0.01684	0.05229	0.01304	0.00811	0.00654	0.00199	0.00758	0.00647	0.00566	0.00977
35	0.01640	0.01571	0.02397	0.16673	0.52726	0.07210	0.01855	0.02011	0.01480	0.04506	0.01233	0.01609	0.00999	0.00603	0.00637	0.00194	0.00808	0.00566	0.00332	0.00949
36	0.00796	0.00569	0.00760	0.00910	0.00952	0.00533	0.00616	0.00915	0.01246	0.01660	0.03556	0.74385	0.04254	0.02016	0.00827	0.00264	0.00383	0.04233	0.00600	0.00527
37	0.01334	0.09922	0.67700	0.01776	0.02696	0.01594	0.02274	0.02036	0.01360	0.02000	0.01136	0.01335	0.00819	0.00608	0.00596	0.00199	0.00932	0.00466	0.00273	0.00944
38	0.01563	0.07235	0.03106	0.02271	0.06079	0.01681	0.42628	0.07761	0.01566	0.02128	0.01512	0.01851	0.04745	0.00685	0.00860	0.00211	0.09191	0.00703	0.00361	0.03861
39	0.01498	0.01255	0.02053	0.07458	0.45940	0.01258	0.01571	0.01813	0.01429	0.07255	0.01787	0.11351	0.01705	0.05371	0.00836	0.00235	0.00690	0.05199	0.00410	0.00884
40	0.01535	0.01058	0.01225	0.01068	0.01365	0.01097	0.00831	0.11748	0.20127	0.11257	0.28525	0.05739	0.07509	0.03020	0.00771	0.00219	0.00456	0.00937	0.00681	0.00832
41	0.22793	0.07708	0.16163	0.04382	0.06265	0.15641	0.01343	0.07567	0.04297	0.02296	0.01259	0.05266	0.01054	0.00712	0.00555	0.00194	0.00774	0.00522	0.00383	0.00825
42	0.00959	0.00732	0.01104	0.01047	0.01163	0.00807	0.04387	0.01150	0.01040	0.01470	0.01782	0.02903	0.01758	0.22034	0.53677	0.00896	0.01432	0.00755	0.00356	0.00548
43	0.00961	0.00754	0.01107	0.04963	0.01323	0.00888	0.00860	0.01182	0.01064	0.01510	0.01887	0.02684	0.04882	0.07866	0.59576	0.00892	0.05944	0.00722	0.00353	0.00581
44	0.07896	0.01571	0.01745	0.10349	0.04021	0.06525	0.02335	0.31744	0.04923	0.06403	0.06404	0.01785	0.01407	0.00759	0.00660	0.00192	0.02686	0.00589	0.00531	0.07474
45	0.01991	0.10417	0.08004	0.01391	0.01894	0.05434	0.01220	0.30951	0.19372	0.04965	0.03800	0.01775	0.01401	0.00762	0.00614	0.00190	0.00678	0.00586	0.00556	0.03998
46	0.01763	0.03683	0.01619	0.01311	0.01701	0.05327	0.04234	0.16910	0.31564	0.07047	0.08638	0.02658	0.08839	0.00927	0.00668	0.00206	0.00586	0.00767	0.00619	0.00934

[dist]
# distance from previous block
# <min> <max>
0	2

[block]
# block no. 2 follows, 34 sequences, length 86
# corresponding to MSA columns:
# 115-200
name=unknown_C
#
# <colnr> <probs for GDERKNQSTAVLIFYWHMCP>
#	G	D	E	R	K	N	Q	S	T	A	V	L	I	F	Y	W	H	M	C	P
0	0.01913	0.05490	0.01725	0.01372	0.01794	0.04753	0.01101	0.24599	0.43906	0.03027	0.02136	0.02020	0.01593	0.00820	0.00639	0.00205	0.00610	0.00651	0.00621	0.01026
1	0.01560	0.01486	0.11609	0.01348	0.05189	0.02920	0.02982	0.09347	0.05270	0.10387	0.04532	0.07569	0.09091	0.03157	0.00717	0.00197	0.00606	0.02139	0.00504	0.19391
2	0.01587	0.01753	0.11586	0.02242	0.05804	0.01531	0.38697	0.04079	0.01489	0.07729	0.01391	0.01746	0.01055	0.00832	0.03939	0.00251	0.09103	0.00675	0.03639	0.00872
3	0.47377	0.01416	0.05324	0.12831	0.01903	0.04402	0.01020	0.06866	0.02787	0.02565	0.01199	0.04676	0.01010	0.03528	0.00607	0.00220	0.00624	0.00507	0.00404	0.00736
4	0.01501	0.04202	0.02240	0.20796	0.41620	0.03298	0.01711	0.01920	0.04361	0.03755	0.01460	0.07600	0.01283	0.00727	0.00647	0.00202	0.00750	0.00671	0.00359	0.00898
5	0.01244	0.01095	0.03163	0.01233	0.01544	0.01067	0.10274	0.02010	0.22744	0.04225	0.25096	0.05823	0.12268	0.04275	0.00831	0.00231	0.00513	0.00987	0.00604	0.00770
6	0.00931	0.00673	0.00847	0.00897	0.01026	0.00638	0.00655	0.01215	0.05468	0.03609	0.21971	0.37519	0.13416	0.01679	0.00792	0.00240	0.00379	0.06811	0.00636	0.00596
7	0.00813	0.00582	0.00741	0.00850	0.00899	0.00545	0.00561	0.00920	0.01233	0.01634	0.06308	0.58104	0.08949	0.13231	0.01187	0.00311	0.00406	0.01642	0.00573	0.00510
8	0.01606	0.06866	0.22117	0.09452	0.11870	0.11637	0.06359	0.08274	0.03846	0.02048	0.01305	0.01738	0.01074	0.08045	0.00877	0.00236	0.00874	0.00565	0.00351	0.00859
9	0.01918	0.01549	0.01543	0.01327	0.01716	0.08247	0.01045	0.16168	0.41650	0.09040	0.05006	0.02208	0.01821	0.00845	0.00646	0.00205	0.00599	0.00680	0.02794	0.00992
10	0.00787	0.00562	0.00750	0.00900	0.00937	0.00525	0.00600	0.00900	0.01237	0.01649	0.03561	0.76871	0.04274	0.02024	0.00825	0.00262	0.00375	0.01837	0.00600	0.00525
11	0.00969	0.00739	0.00899	0.00845	0.01030	0.00709	0.00638	0.01419	0.09420	0.02484	0.55936	0.04760	0.15063	0.01317	0.00751	0.00207	0.00330	0.01148	0.00690	0.00646
12	0.01744	0.01523	0.01818	0.12248	0.11603	0.09146	0.03972	0.23554	0.01855	0.02428	0.01460	0.02045	0.01255	0.13281	0.04621	0.00306	0.03270	0.00633	0.02414	0.00825
13	0.02210	0.01447	0.01616	0.01315	0.01760	0.01562	0.01062	0.27897	0.27998	0.20086	0.02202	0.02048	0.01556	0.00818	0.00645	0.00203	0.00586	0.00653	0.03281	0.01055
14	0.00990	0.00754	0.00918	0.00939	0.01101	0.00742	0.00709	0.03222	0.09481	0.02152	0.23499	0.26120	0.14808	0.01572	0.00783	0.00237	0.00401	0.10300	0.00639	0.00633
15	0.13239	0.21007	0.02138	0.01374	0.05075	0.01918	0.01121	0.30800	0.04682	0.10638	0.01426	0.01454	0.01058	0.00691	0.00554	0.00182	0.00654	0.00502	0.00520	0.00968
16	0.01268	0.01085	0.01119	0.01083	0.04164	0.05021	0.00792	0.09281	0.14683	0.02287	0.10954	0.04118	0.33121	0.01340	0.03100	0.00234	0.00509	0.01003	0.04102	0.00734
17	0.00813	0.00604	0.00764	0.00882	0.00972	0.00556	0.00630	0.00958	0.01317	0.01704	0.04180	0.53468	0.18842	0.01913	0.00820	0.00257	0.00391	0.09792	0.00599	0.00538
18	0.00943	0.00694	0.00896	0.00986	0.01140	0.00659	0.00814	0.01168	0.01459	0.01867	0.08269	0.11520	0.22739	0.01753	0.00913	0.03635	0.00488	0.38902	0.00590	0.00564
19	0.01774	0.62672	0.09007	0.01233	0.01792	0.11069	0.01228	0.02021	0.01379	0.01571	0.00932	0.01079	0.00829	0.00571	0.00451	0.00147	0.00769	0.00365	0.00283	0.00830
20	0.00821	0.00595	0.00827	0.00939	0.00997	0.00557	0.02483	0.00951	0.01249	0.01685	0.03454	0.72446	0.04100	0.01943	0.00811	0.00258	0.00392	0.01768	0.03188	0.00537
21	0.00952	0.00724	0.00909	0.00989	0.01167	0.00689	0.00829	0.01240	0.03181	0.01918	0.07789	0.06684	0.27825	0.01690	0.00836	0.00264	0.00486	0.40635	0.00604	0.00589
22	0.01261	0.01190	0.02012	0.67987	0.11883	0.01446	0.01815	0.01687	0.01311	0.01701	0.01156	0.01709	0.00879	0.00638	0.00645	0.00213	0.00851	0.00574	0.00291	0.00751
23	0.42048	0.07117	0.01509	0.01258	0.03383	0.25780	0.00975	0.05204	0.03721	0.02394	0.01024	0.01166	0.00819	0.00634	0.00486	0.00185	0.00749	0.00399	0.00386	0.00761
24	0.01629	0.01592	0.02593	0.03881	0.70626	0.04241	0.01956	0.02005	0.01485	0.02091	0.01207	0.01583	0.01016	0.00579	0.00638	0.00191	0.00782	0.00570	0.00320	0.01013
25	0.01422	0.01159	0.01353	0.00984	0.01544	0.00903	0.00787	0.01786	0.04980	0.05267	0.01285	0.01432	0.01037	0.00513	0.00495	0.00107	0.00483	0.00412	0.00415	0.73636
26	0.06081	0.01376	0.01503	0.01279	0.01693	0.01515	0.01017	0.11856	0.45439	0.17332	0.02389	0.02189	0.01721	0.00834	0.00641	0.00211	0.00544	0.00676	0.00672	0.01031
27	0.00804	0.00581	0.00763	0.00888	0.00948	0.00540	0.00608	0.00941	0.01306	0.01739	0.09269	0.64713	0.08469	0.01938	0.00818	0.00256	0.00374	0.03901	0.00609	0.00535
28	0.02139	0.01652	0.01761	0.01423	0.01883	0.01856	0.01151	0.45846	0.28815	0.03561	0.01954	0.01872	0.01425	0.00813	0.00651	0.00203	0.00636	0.00637	0.00651	0.01070
29	0.01220	0.01148	0.01938	0.75739	0.04450	0.01436	0.01794	0.01651	0.01292	0.01651	0.01148	0.01723	0.00861	0.00646	0.00646	0.00215	0.00861	0.00574	0.00287	0.00718
30	0.01296	0.03342	0.73944	0.01842	0.02797	0.01501	0.02387	0.02046	0.01364	0.02046	0.01160	0.01364	0.00818	0.00614	0.00614	0.00205	0.00955	0.00477	0.00273	0.00955
31	0.14557	0.01217	0.01342	0.01101	0.01469	0.03374	0.00885	0.15614	0.01846	0.25883	0.11171	0.02391	0.03815	0.04772	0.00811	0.00222	0.03619	0.00678	0.04359	0.00873
32	0.00787	0.00562	0.00750	0.00900	0.00937	0.00525	0.00600	0.00900	0.01237	0.01649	0.03561	0.76871	0.04274	0.02024	0.00825	0.00262	0.00375	0.01837	0.00600	0.00525
33	0.01193	0.00962	0.01099	0.01012	0.01256	0.01020	0.00774	0.02120	0.30960	0.02586	0.39711	0.03909	0.08463	0.01156	0.00719	0.00211	0.00392	0.00999	0.00682	0.00777
34	0.01340	0.01148	0.01340	0.00957	0.01531	0.00861	0.00766	0.01627	0.01340	0.02105	0.01148	0.01340	0.00957	0.00479	0.00479	0.00096	0.00479	0.00383	0.00383	0.81242
35	0.01591	0.01469	0.02494	0.12483	0.52657	0.01537	0.05133	0.01963	0.01430	0.05139	0.01241	0.01633	0.01013	0.00637	0.00764	0.00204	0.06737	0.00587	0.00334	0.00957
36	0.00794	0.00567	0.00756	0.00895	0.00939	0.00529	0.00600	0.00916	0.01267	0.01698	0.07108	0.73187	0.04367	0.01988	0.00822	0.00259	0.00371	0.01803	0.00605	0.00529
37	0.01692	0.01602	0.02219	0.05753	0.43900	0.07257	0.01614	0.08849	0.03910	0.02264	0.01264	0.01549	0.01029	0.00599	0.00610	0.00176	0.00742	0.00537	0.00373	0.14062
38	0.02497	0.01172	0.01454	0.01159	0.01601	0.03168	0.00940	0.06551	0.08991	0.52377	0.10750	0.02466	0.02118	0.00864	0.00662	0.00201	0.00543	0.00709	0.00753	0.01024
39	0.00768	0.00655	0.00661	0.00659	0.00876	0.00547	0.00495	0.00936	0.01484	0.01771	0.08554	0.06176	0.70975	0.01627	0.00764	0.00218	0.00327	0.01358	0.00603	0.00547
40	0.00770	0.00655	0.00663	0.00661	0.00877	0.00548	0.00496	0.00939	0.01487	0.01780	0.09242	0.06162	0.70282	0.01624	0.00764	0.00218	0.00326	0.01356	0.00605	0.00548
41	0.01418	0.01201	0.01380	0.01010	0.01567	0.00975	0.00808	0.05465	0.06404	0.02253	0.01274	0.01426	0.01036	0.00522	0.00500	0.00110	0.00493	0.00418	0.00416	0.71323
42	0.01295	0.01056	0.01151	0.01083	0.01355	0.01146	0.00830	0.02386	0.39913	0.02381	0.08326	0.12619	0.11012	0.01161	0.00689	0.00218	0.00445	0.03675	0.06279	0.02980
43	0.00800	0.00568	0.00746	0.00883	0.00917	0.00534	0.00582	0.00903	0.01211	0.01615	0.03430	0.70615	0.04108	0.08506	0.01037	0.00294	0.00397	0.01760	0.00582	0.00513
44	0.00807	0.00659	0.00714	0.00707	0.00908	0.00566	0.00535	0.01007	0.01555	0.01946	0.21758	0.05930	0.55475	0.01568	0.00767	0.00217	0.00330	0.03363	0.00626	0.00562
45	0.04220	0.01664	0.01896	0.04888	0.13442	0.08644	0.04513	0.17059	0.31381	0.02720	0.01849	0.01883	0.01400	0.00754	0.00642	0.00204	0.00697	0.00628	0.00532	0.00984
46	0.00809	0.00578	0.00754	0.00886	0.00932	0.00543	0.00597	0.00922	0.01233	0.01634	0.03556	0.65432	0.06894	0.07945	0.01020	0.00291	0.00402	0.04471	0.00583	0.00518
47	0.05401	0.01422	0.01566	0.01261	0.01699	0.01529	0.01023	0.32387	0.17172	0.18244	0.02023	0.01940	0.01432	0.00793	0.00619	0.00196	0.00583	0.00621	0.09074	0.01015
48	0.01489	0.01656	0.07627	0.10327	0.03109	0.01476	0.46538	0.02003	0.03193	0.04129	0.01329	0.01721	0.01003	0.00637	0.00779	0.03378	0.00953	0.00680	0.00344	0.07630
49	0.01205	0.02507	0.01159	0.01052	0.01200	0.04542	0.00798	0.08404	0.01308	0.01792	0.03858	0.06110	0.01829	0.14535	0.36422	0.04206	0.04107	0.00752	0.03607	0.00607
50	0.01342	0.05124	0.57476	0.02050	0.08247	0.01523	0.09158	0.02012	0.01384	0.02028	0.01232	0.03310	0.00938	0.00638	0.00630	0.00204	0.00932	0.00544	0.00290	0.00937
51	0.01375	0.01172	0.01358	0.00980	0.01547	0.00910	0.00784	0.03438	0.03249	0.02171	0.01198	0.01373	0.00987	0.00497	0.00487	0.00101	0.00485	0.00397	0.00397	0.77092
52	0.06856	0.02183	0.29619	0.06310	0.25342	0.04344	0.03299	0.02061	0.01433	0.07661	0.01354	0.04296	0.01072	0.00670	0.00622	0.00201	0.00818	0.00573	0.00354	0.00933
53	0.00829	0.00618	0.00861	0.00961	0.01012	0.00596	0.02493	0.00949	0.01226	0.01642	0.03369	0.69922	0.04018	0.05095	0.00958	0.00277	0.02327	0.01738	0.00576	0.00533
54	0.01341	0.00786	0.00852	0.00790	0.01000	0.00807	0.00606	0.04562	0.10744	0.05918	0.13444	0.02750	0.02379	0.00862	0.00545	0.00172	0.00357	0.00711	0.50675	0.00702
55	0.04115	0.00594	0.00746	0.00873	0.00935	0.00569	0.00592	0.00991	0.01241	0.01763	0.03332	0.67605	0.03911	0.01861	0.00776	0.00251	0.00374	0.01674	0.07261	0.00538
56	0.01357	0.01183	0.01468	0.01140	0.04721	0.00913	0.02850	0.01655	0.01351	0.02105	0.01156	0.01363	0.00961	0.00485	0.00494	0.00103	0.00509	0.00402	0.00378	0.75407
57	0.00916	0.00773	0.03192	0.00837	0.01028	0.00667	0.00652	0.01252	0.05144	0.02261	0.43597	0.10723	0.21187	0.03869	0.00839	0.00226	0.00357	0.01217	0.00649	0.00612
58	0.00785	0.00572	0.00740	0.00874	0.00930	0.00527	0.00588	0.00903	0.01262	0.01660	0.03877	0.69392	0.11548	0.01983	0.00818	0.00258	0.00370	0.01787	0.00600	0.00527
59	0.01618	0.01528	0.02708	0.07362	0.57566	0.01522	0.11334	0.02021	0.01483	0.04730	0.01274	0.01647	0.01031	0.00583	0.00657	0.00197	0.00808	0.00604	0.00337	0.00990
60	0.01677	0.05183	0.04388	0.06101	0.40800	0.06742	0.01635	0.08483	0.10101	0.02282	0.03786	0.01833	0.02762	0.00686	0.00634	0.00193	0.00742	0.00605	0.00405	0.00963
61	0.00782	0.00584	0.00727	0.00842	0.00922	0.00530	0.00574	0.00906	0.01293	0.01672	0.04265	0.60219	0.20472	0.01933	0.00810	0.00252	0.00364	0.01725	0.00600	0.00530
62	0.00786	0.00567	0.00745	0.00887	0.00934	0.00526	0.00594	0.00901	0.01249	0.01654	0.03714	0.73258	0.07787	0.02004	0.00822	0.00260	0.00372	0.01813	0.00600	0.00526
63	0.01214	0.00903	0.01250	0.03393	0.10498	0.00948	0.00917	0.07174	0.03238	0.04799	0.04362	0.18056	0.04334	0.12705	0.22674	0.00516	0.00904	0.00968	0.00470	0.00679
64	0.01545	0.01604	0.04279	0.19837	0.42875	0.06243	0.07332	0.01937	0.01436	0.01945	0.01177	0.01597	0.00959	0.00619	0.00707	0.00202	0.03909	0.00577	0.00311	0.00910
65	0.02060	0.02435	0.01888	0.01668	0.01891	0.45846	0.01306	0.05068	0.01582	0.01676	0.00968	0.01270	0.00849	0.00836	0.01131	0.00209	0.27763	0.00476	0.00328	0.00749
66	0.01851	0.01541	0.01617	0.01374	0.01775	0.03452	0.01091	0.22304	0.46843	0.03008	0.02191	0.02079	0.01637	0.00841	0.00695	0.00210	0.03001	0.00667	0.00627	0.03197
67	0.01669	0.01517	0.01489	0.01342	0.01704	0.07172	0.01040	0.03368	0.66745	0.02618	0.02506	0.02316	0.01886	0.00861	0.00652	0.00215	0.00561	0.00707	0.00633	0.01002
68	0.01607	0.01388	0.01461	0.01315	0.01680	0.01607	0.01023	0.03433	0.72094	0.02703	0.02630	0.02411	0.01972	0.00877	0.00657	0.00219	0.00511	0.00731	0.00657	0.01023
69	0.00940	0.00626	0.00705	0.00705	0.00705	0.00626	0.00392	0.00940	0.00940	0.01253	0.02036	0.04228	0.02349	0.77292	0.03289	0.00626	0.00626	0.00940	0.00392	0.00392
70	0.01447	0.01380	0.02347	0.32851	0.45569	0.01495	0.01907	0.01849	0.01399	0.01926	0.01188	0.01649	0.00958	0.00604	0.00642	0.00201	0.00805	0.00575	0.00307	0.00900
71	0.01340	0.01148	0.01340	0.00957	0.01531	0.00861	0.00766	0.01627	0.01340	0.02105	0.01148	0.01340	0.00957	0.00479	0.00479	0.00096	0.00479	0.00383	0.00383	0.81242
72	0.01088	0.00885	0.01042	0.00980	0.01008	0.03816	0.00679	0.01152	0.00997	0.01357	0.01723	0.03338	0.01900	0.49973	0.12225	0.00595	0.15575	0.00814	0.00362	0.00491
73	0.01950	0.01059	0.01237	0.01035	0.01386	0.04642	0.00821	0.04475	0.05781	0.34453	0.21675	0.03420	0.13171	0.01057	0.00693	0.00203	0.00487	0.00882	0.00710	0.00867
74	0.08649	0.02606	0.01720	0.01532	0.01894	0.54117	0.01169	0.07205	0.07784	0.05634	0.01245	0.01340	0.00975	0.00693	0.00582	0.00177	0.00996	0.00460	0.00410	0.00810
75	0.01581	0.01525	0.02626	0.06920	0.68521	0.01534	0.03826	0.01971	0.01465	0.02091	0.01215	0.01608	0.01016	0.00578	0.00643	0.00194	0.00780	0.00581	0.00319	0.01007
76	0.00911	0.00647	0.00863	0.00884	0.00942	0.00695	0.00611	0.01032	0.01026	0.01421	0.02111	0.13653	0.02284	0.33661	0.35551	0.00763	0.01095	0.00953	0.00400	0.00495
77	0.01383	0.01299	0.02011	0.51677	0.16680	0.03638	0.01724	0.04622	0.04499	0.01873	0.01256	0.01733	0.00973	0.00785	0.03044	0.00236	0.00860	0.00581	0.00327	0.00799
78	0.01599	0.06909	0.01846	0.05381	0.01913	0.12726	0.11574	0.02188	0.15017	0.08141	0.15894	0.02810	0.09414	0.00913	0.00674	0.00200	0.00678	0.00792	0.00526	0.00806
79	0.01013	0.00717	0.00880	0.00834	0.01016	0.00663	0.00625	0.04441	0.01740	0.05000	0.44762	0.13558	0.19460	0.01427	0.00760	0.00213	0.00346	0.01243	0.00675	0.00627
80	0.00786	0.00569	0.00743	0.00882	0.00933	0.00526	0.00592	0.00902	0.01254	0.01656	0.03771	0.71905	0.09104	0.01997	0.00820	0.00259	0.00372	0.01804	0.00600	0.00526
81	0.05116	0.01372	0.04010	0.01184	0.01538	0.05166	0.00961	0.15523	0.23825	0.05593	0.13275	0.07240	0.10390	0.01041	0.00676	0.00209	0.00542	0.00858	0.00617	0.00864
82	0.06385	0.05530	0.19990	0.03971	0.05921	0.25510	0.05058	0.03809	0.11206	0.02037	0.01475	0.01614	0.03340	0.00695	0.00605	0.00192	0.00895	0.00533	0.00377	0.00859
83	0.00863	0.00661	0.00968	0.01102	0.04049	0.00624	0.03917	0.01001	0.01245	0.01668	0.03281	0.66530	0.03887	0.05744	0.00940	0.00276	0.00437	0.01689	0.00565	0.00555
84	0.00790	0.00635	0.00721	0.00766	0.00925	0.00566	0.00560	0.00949	0.01375	0.01705	0.05274	0.25063	0.46901	0.01999	0.06627	0.00297	0.00458	0.03266	0.00580	0.00544
85	0.04907	0.04448	0.04592	0.01224	0.03057	0.09541	0.00986	0.11861	0.15044	0.09745	0.10927	0.02832	0.12993	0.00954	0.00645	0.00198	0.00587	0.00766	0.03845	0.00847

[dist]
# distance from previous block
# <min> <max>
0	3

[block]
# block no. 3 follows, 34 sequences, length 30
# corresponding to MSA columns:
# 204-233
name=unknown_D
#
# <colnr> <probs for GDERKNQSTAVLIFYWHMCP>
#	G	D	E	R	K	N	Q	S	T	A	V	L	I	F	Y	W	H	M	C	P
0	0.10399	0.33928	0.16168	0.01457	0.05100	0.04737	0.01386	0.05114	0.01359	0.01922	0.01013	0.01241	0.00858	0.00772	0.02689	0.00206	0.10069	0.00432	0.00313	0.00835
1	0.00925	0.00683	0.00992	0.00992	0.01092	0.00783	0.00750	0.01124	0.01025	0.01466	0.01773	0.02773	0.01717	0.14895	0.64822	0.00981	0.01578	0.00727	0.00352	0.00551
2	0.03883	0.07618	0.09503	0.01811	0.02260	0.09075	0.19861	0.02226	0.05612	0.12360	0.01375	0.01606	0.01050	0.00756	0.00979	0.00217	0.17952	0.00594	0.00399	0.00864
3	0.01759	0.01567	0.01843	0.03533	0.01887	0.09407	0.06346	0.20081	0.07156	0.04493	0.03280	0.10142	0.01559	0.01117	0.03247	0.00251	0.20272	0.00744	0.00478	0.00836
4	0.00938	0.00665	0.00838	0.00883	0.00921	0.00693	0.00602	0.01036	0.01112	0.01529	0.02573	0.28409	0.02939	0.33654	0.05965	0.00456	0.05160	0.06716	0.04421	0.00492
5	0.07547	0.53148	0.02794	0.01185	0.01690	0.14559	0.01086	0.04090	0.01438	0.01737	0.00949	0.01091	0.00836	0.00578	0.00452	0.00147	0.00746	0.00367	0.00312	0.05248
6	0.01673	0.06933	0.11071	0.08241	0.25091	0.01499	0.01544	0.08821	0.08074	0.07884	0.04275	0.01760	0.01304	0.00669	0.00614	0.00186	0.00701	0.00573	0.00430	0.08656
7	0.01777	0.05992	0.16887	0.01897	0.14427	0.07056	0.01515	0.02215	0.05238	0.16058	0.04709	0.01800	0.01344	0.00928	0.03620	0.00239	0.12373	0.00583	0.00434	0.00909
8	0.01472	0.01248	0.01345	0.01225	0.01546	0.01418	0.00945	0.03007	0.58991	0.02639	0.12562	0.06130	0.02657	0.00991	0.00680	0.00219	0.00476	0.00842	0.00662	0.00942
9	0.01468	0.01548	0.03073	0.20878	0.20162	0.01562	0.37709	0.01947	0.01455	0.01977	0.01247	0.01704	0.00961	0.00577	0.00705	0.00211	0.00957	0.00672	0.00315	0.00870
10	0.04359	0.01257	0.02011	0.22950	0.33219	0.01338	0.03363	0.03081	0.03373	0.02014	0.03696	0.08112	0.06850	0.00824	0.00664	0.00208	0.00707	0.00753	0.00384	0.00837
11	0.00922	0.00734	0.03009	0.00964	0.01072	0.00657	0.00706	0.05166	0.01413	0.01905	0.10008	0.60943	0.04138	0.01833	0.00804	0.00252	0.00413	0.03874	0.00603	0.00582
12	0.00923	0.00669	0.00775	0.00757	0.00949	0.00584	0.00564	0.01130	0.01580	0.05649	0.27328	0.13328	0.40356	0.01535	0.00764	0.00217	0.00337	0.01317	0.00646	0.00592
13	0.01225	0.00668	0.00701	0.00682	0.00846	0.00672	0.00513	0.05122	0.01474	0.02468	0.07638	0.06724	0.02117	0.00869	0.00507	0.00163	0.00327	0.00714	0.65945	0.00625
14	0.01626	0.48351	0.22042	0.01451	0.05215	0.04151	0.01483	0.03917	0.01409	0.01787	0.02724	0.01258	0.00969	0.00598	0.00497	0.00162	0.00769	0.00419	0.00300	0.00872
15	0.02144	0.02521	0.01631	0.01487	0.01805	0.54276	0.01121	0.02599	0.13364	0.01860	0.01393	0.01511	0.01113	0.00710	0.00580	0.00173	0.00960	0.00489	0.09483	0.00778
16	0.01120	0.00701	0.00927	0.00893	0.00992	0.00737	0.00627	0.01245	0.01070	0.08300	0.01951	0.03294	0.01956	0.38233	0.34330	0.00766	0.01103	0.00804	0.00411	0.00541
17	0.02899	0.01100	0.01499	0.01150	0.01649	0.00950	0.00950	0.03149	0.01849	0.73709	0.02549	0.02199	0.01599	0.00800	0.00650	0.00200	0.00550	0.00650	0.00800	0.01100
18	0.00900	0.00671	0.00990	0.01015	0.01118	0.00761	0.00773	0.01112	0.01071	0.01525	0.02035	0.14910	0.02058	0.04376	0.62431	0.00909	0.01505	0.00883	0.00388	0.00568
19	0.00820	0.00595	0.00778	0.00916	0.00967	0.00568	0.00617	0.01000	0.04037	0.01691	0.03524	0.73928	0.04183	0.01979	0.00818	0.00261	0.00380	0.01793	0.00602	0.00544
20	0.01491	0.01542	0.01968	0.01694	0.01720	0.07604	0.01401	0.01634	0.01055	0.01557	0.00860	0.01394	0.00847	0.01095	0.02001	0.00274	0.70312	0.00554	0.00287	0.00710
21	0.00801	0.00572	0.00765	0.00915	0.00958	0.00536	0.00623	0.00923	0.01250	0.01664	0.03554	0.73232	0.04244	0.02012	0.00828	0.00264	0.00386	0.05344	0.00600	0.00528
22	0.00872	0.00715	0.00778	0.00773	0.00973	0.00655	0.00574	0.01213	0.08268	0.01967	0.16903	0.13923	0.46950	0.01557	0.00760	0.00221	0.00347	0.01326	0.00624	0.00599
23	0.01571	0.01534	0.02699	0.07777	0.62801	0.01539	0.08574	0.01973	0.01467	0.02082	0.01221	0.01620	0.01010	0.00577	0.00652	0.00196	0.00804	0.00594	0.00319	0.00992
24	0.01160	0.04541	0.01855	0.01753	0.12844	0.01083	0.16293	0.01521	0.05116	0.01913	0.05236	0.23116	0.18403	0.01237	0.00739	0.00222	0.00602	0.01151	0.00488	0.00726
25	0.01851	0.01988	0.02649	0.02022	0.02542	0.21478	0.33274	0.04251	0.08260	0.05572	0.01399	0.01626	0.01064	0.00621	0.00668	0.00191	0.00960	0.00618	0.00397	0.08567
26	0.11876	0.01348	0.01430	0.01147	0.01600	0.06530	0.00923	0.10465	0.08346	0.27414	0.07004	0.01969	0.01625	0.00752	0.00593	0.00181	0.00573	0.00587	0.00606	0.15029
27	0.08239	0.03743	0.02419	0.01931	0.06512	0.12491	0.21924	0.20000	0.05643	0.08607	0.01450	0.01602	0.01070	0.00667	0.00647	0.00198	0.00853	0.00600	0.00471	0.00933
28	0.04270	0.03490	0.04242	0.01855	0.08242	0.24105	0.14077	0.03954	0.04408	0.07521	0.03534	0.01768	0.03838	0.00717	0.00711	0.00189	0.05020	0.00589	0.00408	0.07061
29	0.05763	0.01445	0.01888	0.01838	0.14161	0.06505	0.09020	0.11193	0.10177	0.12907	0.12058	0.04138	0.02013	0.00817	0.00660	0.00199	0.00664	0.00717	0.00544	0.03295

[dist]
# distance from previous block
# <min> <max>
0	5

[block]
# block no. 4 follows, 34 sequences, length 51
# corresponding to MSA columns:
# 239-289
name=unknown_E
#
# <colnr> <probs for GDERKNQSTAVLIFYWHMCP>
#	G	D	E	R	K	N	Q	S	T	A	V	L	I	F	Y	W	H	M	C	P
0	0.01893	0.55185	0.05637	0.01275	0.01791	0.19059	0.01191	0.04431	0.01492	0.01641	0.00953	0.01096	0.00839	0.00589	0.00469	0.00149	0.00810	0.00375	0.00302	0.00825
1	0.01698	0.08758	0.49272	0.01651	0.02446	0.05589	0.01941	0.06742	0.01565	0.12417	0.01356	0.01460	0.00951	0.00649	0.00604	0.00196	0.00872	0.00495	0.00377	0.00964
2	0.02085	0.01891	0.01726	0.01473	0.01833	0.20144	0.01166	0.18368	0.24781	0.08303	0.01760	0.01768	0.01326	0.00824	0.00805	0.00206	0.09468	0.00592	0.00541	0.00941
3	0.01536	0.04426	0.14427	0.02303	0.11146	0.01564	0.31326	0.08781	0.05521	0.02254	0.01579	0.06031	0.01330	0.00740	0.00704	0.00214	0.00884	0.03941	0.00393	0.00900
4	0.07614	0.01617	0.08171	0.04834	0.01959	0.05434	0.01190	0.22692	0.02076	0.32396	0.04256	0.01868	0.01398	0.00766	0.00629	0.00198	0.00671	0.00596	0.00628	0.01006
5	0.01414	0.01414	0.01979	0.01696	0.01696	0.01979	0.01414	0.01555	0.00990	0.01555	0.00848	0.01414	0.00848	0.01131	0.02120	0.00283	0.76110	0.00565	0.00283	0.00707
6	0.01419	0.01438	0.01923	0.01650	0.01697	0.05576	0.03454	0.01582	0.01104	0.01633	0.04952	0.04191	0.01260	0.01130	0.01880	0.00270	0.63176	0.00641	0.00321	0.00702
7	0.01674	0.01588	0.02470	0.05302	0.60564	0.04056	0.01851	0.06596	0.05490	0.02243	0.01307	0.01629	0.01071	0.00610	0.00639	0.00193	0.00765	0.00579	0.00360	0.01012
8	0.01929	0.01234	0.01433	0.01173	0.01571	0.01258	0.00938	0.19835	0.16228	0.19322	0.15822	0.04716	0.03633	0.00933	0.00666	0.00197	0.00522	0.00774	0.00674	0.07140
9	0.01079	0.00857	0.01154	0.05920	0.01306	0.01018	0.00823	0.03121	0.01070	0.01498	0.01714	0.05724	0.01802	0.32740	0.22732	0.00625	0.15101	0.00800	0.00367	0.00549
10	0.04734	0.01402	0.02264	0.04361	0.06923	0.03762	0.24098	0.04102	0.01526	0.11096	0.01649	0.06221	0.01393	0.00758	0.00703	0.00196	0.02700	0.04944	0.00439	0.16728
11	0.01727	0.77681	0.03386	0.01106	0.01658	0.02557	0.01106	0.01935	0.01313	0.01520	0.00898	0.01036	0.00829	0.00553	0.00415	0.00138	0.00691	0.00345	0.00276	0.00829
12	0.01555	0.14191	0.53649	0.01655	0.02489	0.01635	0.02015	0.05482	0.01480	0.08242	0.01259	0.01396	0.00901	0.00629	0.00589	0.00194	0.00869	0.00478	0.00337	0.00956
13	0.01913	0.01910	0.02065	0.01706	0.02071	0.22440	0.13547	0.02642	0.22462	0.08657	0.01657	0.01769	0.01269	0.00788	0.00872	0.00212	0.12063	0.00615	0.00464	0.00878
14	0.01109	0.00570	0.00855	0.00855	0.00862	0.00577	0.00577	0.00862	0.00855	0.01147	0.01162	0.02002	0.01155	0.02415	0.07247	0.75959	0.00638	0.00570	0.00285	0.00300
15	0.01244	0.01160	0.01926	0.67739	0.07428	0.01423	0.01755	0.01711	0.03478	0.01713	0.01271	0.01919	0.00996	0.00687	0.00654	0.00217	0.00838	0.02795	0.00310	0.00737
