[name]
unknown

[dist]
# distance from previous block
# <min> <max>
3	19

[block]
# block no. 0 follows, 33 sequences, length 24
# corresponding to MSA columns:
# 19-42
name=unknown_A
#
# <colnr> <probs for GDERKNQSTAVLIFYWHMCP>
#	G	D	E	R	K	N	Q	S	T	A	V	L	I	F	Y	W	H	M	C	P
0	0.09877	0.11071	0.06692	0.04308	0.05442	0.13858	0.06242	0.03874	0.01499	0.03604	0.04921	0.09180	0.08764	0.06914	0.00844	0.00234	0.00735	0.00769	0.00426	0.00747
1	0.16816	0.01402	0.04350	0.04440	0.10121	0.05034	0.04658	0.06739	0.11383	0.06350	0.09171	0.07720	0.07275	0.00932	0.00647	0.00211	0.00616	0.00780	0.00519	0.00837
2	0.03983	0.19103	0.11666	0.09047	0.05476	0.11793	0.04907	0.02048	0.07942	0.01901	0.04365	0.07208	0.01496	0.03132	0.00739	0.00210	0.03145	0.00645	0.00381	0.00815
3	0.14619	0.11249	0.08780	0.04008	0.04172	0.06077	0.04684	0.04025	0.03625	0.08094	0.01673	0.01785	0.06160	0.00689	0.00559	0.00174	0.00669	0.00536	0.00424	0.17997
4	0.04793	0.03076	0.07561	0.01571	0.08575	0.06270	0.03200	0.09562	0.08663	0.07497	0.04606	0.05646	0.01539	0.00974	0.04113	0.00225	0.03138	0.00636	0.00477	0.17877
5	0.10900	0.01292	0.01788	0.01723	0.11497	0.05134	0.12472	0.05075	0.03933	0.08722	0.06398	0.08806	0.05537	0.09753	0.03844	0.00294	0.00730	0.00830	0.00483	0.00788
6	0.01538	0.10107	0.01838	0.01384	0.01675	0.11180	0.05781	0.09776	0.03917	0.01962	0.01541	0.05616	0.01399	0.02321	0.27333	0.00509	0.07979	0.00658	0.00396	0.03090
7	0.01907	0.11218	0.16359	0.02147	0.13667	0.08844	0.12621	0.18001	0.01887	0.05233	0.01314	0.01507	0.00993	0.00651	0.00636	0.00194	0.00879	0.00558	0.00410	0.00974
8	0.61003	0.01669	0.01208	0.01069	0.01471	0.15428	0.00857	0.06751	0.01398	0.02778	0.00981	0.01127	0.00767	0.00636	0.00460	0.00197	0.00654	0.00386	0.00411	0.00750
9	0.00874	0.00659	0.00808	0.00795	0.00954	0.00593	0.00587	0.01121	0.01690	0.02286	0.45954	0.14242	0.23985	0.01523	0.00785	0.00219	0.00326	0.01330	0.00680	0.00593
10	0.02191	0.01433	0.01610	0.01334	0.01779	0.01549	0.01070	0.18735	0.37094	0.22119	0.02406	0.02198	0.01704	0.00848	0.00665	0.00212	0.00578	0.00687	0.00706	0.01081
11	0.01456	0.01267	0.01397	0.01383	0.06387	0.01405	0.00995	0.02861	0.52058	0.02508	0.03420	0.03215	0.16759	0.01035	0.00691	0.00221	0.00499	0.00869	0.00634	0.00940
12	0.01207	0.00767	0.00969	0.00879	0.01099	0.00710	0.00673	0.01574	0.05413	0.11523	0.52243	0.04616	0.13170	0.01293	0.00757	0.00209	0.00356	0.01124	0.00720	0.00699
13	0.01144	0.00572	0.00858	0.00858	0.00858	0.00572	0.00572	0.00858	0.00858	0.01144	0.01144	0.02001	0.01144	0.02287	0.02573	0.80846	0.00572	0.00572	0.00286	0.00286
14	0.00990	0.00660	0.00859	0.00957	0.01042	0.00627	0.00659	0.04293	0.01378	0.05396	0.03481	0.69196	0.04066	0.01940	0.00823	0.00261	0.00407	0.01751	0.00624	0.00592
15	0.00802	0.00573	0.00764	0.00917	0.00955	0.00535	0.00611	0.00917	0.01260	0.01681	0.03628	0.76434	0.04354	0.02062	0.00840	0.00267	0.00382	0.01872	0.00611	0.00535
16	0.02668	0.01579	0.01812	0.01389	0.01909	0.01649	0.01147	0.45917	0.02652	0.29419	0.01953	0.01822	0.01306	0.00799	0.00660	0.00200	0.00664	0.00618	0.00716	0.01120
17	0.01873	0.01651	0.01580	0.01386	0.01770	0.10856	0.01090	0.14955	0.43988	0.04427	0.02430	0.02465	0.03934	0.00909	0.00671	0.00215	0.00640	0.03546	0.00625	0.00989
18	0.00865	0.00630	0.00792	0.00903	0.00962	0.00607	0.00602	0.01060	0.04952	0.01690	0.03509	0.60387	0.06855	0.11500	0.01148	0.00310	0.00420	0.01675	0.00587	0.00545
19	0.71940	0.01411	0.01084	0.00954	0.01366	0.05364	0.00779	0.06655	0.01295	0.02964	0.00967	0.01111	0.00748	0.00627	0.00434	0.00201	0.00560	0.00376	0.00421	0.00743
20	0.24789	0.01731	0.01484	0.03806	0.01752	0.17898	0.01021	0.16072	0.04084	0.11854	0.04280	0.05556	0.01398	0.00805	0.00587	0.00199	0.00711	0.00592	0.00523	0.00857
21	0.20287	0.01452	0.01559	0.01360	0.05316	0.01566	0.01040	0.32332	0.05023	0.09130	0.04765	0.05595	0.03533	0.00848	0.00614	0.00202	0.00603	0.00656	0.00588	0.03532
22	0.01861	0.01750	0.01701	0.14377	0.02221	0.20412	0.01241	0.14001	0.04004	0.06995	0.03434	0.02180	0.08570	0.01096	0.04533	0.00252	0.09442	0.00656	0.00461	0.00815
23	0.11072	0.01783	0.05258	0.03624	0.01884	0.14850	0.03968	0.18931	0.08372	0.05286	0.12513	0.03791	0.01953	0.00863	0.00688	0.00204	0.02882	0.00675	0.00533	0.00869

[dist]
# distance from previous block
# <min> <max>
0	42

[block]
# block no. 1 follows, 33 sequences, length 74
# corresponding to MSA columns:
# 85-158
name=unknown_B
#
# <colnr> <probs for GDERKNQSTAVLIFYWHMCP>
#	G	D	E	R	K	N	Q	S	T	A	V	L	I	F	Y	W	H	M	C	P
0	0.11560	0.03676	0.01627	0.03878	0.07039	0.05117	0.01096	0.28439	0.02137	0.05427	0.11377	0.04538	0.06049	0.00948	0.00658	0.00206	0.00631	0.04140	0.00572	0.00885
1	0.08780	0.04639	0.01676	0.08099	0.10085	0.17985	0.01158	0.04210	0.10910	0.05516	0.05213	0.04145	0.07534	0.00833	0.00621	0.00192	0.00717	0.00661	0.00465	0.06562
2	0.00919	0.00657	0.00788	0.00770	0.00928	0.00599	0.00568	0.01171	0.01654	0.02305	0.42263	0.10054	0.21121	0.03839	0.00830	0.00223	0.00331	0.01217	0.09171	0.00592
3	0.01630	0.01557	0.02616	0.03913	0.69392	0.01568	0.01974	0.02090	0.04818	0.02179	0.01307	0.01669	0.01089	0.00601	0.00653	0.00197	0.00770	0.00594	0.00342	0.01043
4	0.01585	0.01519	0.02592	0.12191	0.64952	0.01553	0.01998	0.01982	0.01478	0.02097	0.01231	0.01644	0.01024	0.00595	0.00652	0.00198	0.00793	0.00586	0.00322	0.01007
5	0.01545	0.01478	0.02520	0.19531	0.57923	0.01542	0.01979	0.01947	0.01459	0.02049	0.01223	0.01657	0.01007	0.00602	0.00653	0.00201	0.00803	0.00586	0.00319	0.00975
6	0.01687	0.63437	0.13751	0.01302	0.01929	0.02410	0.04045	0.01993	0.01354	0.01650	0.00971	0.01133	0.00849	0.00572	0.00466	0.00154	0.00760	0.00388	0.00283	0.00865
7	0.00778	0.00667	0.00667	0.00667	0.00889	0.00556	0.00500	0.00945	0.01501	0.01778	0.06669	0.06336	0.72490	0.01667	0.00778	0.00222	0.00333	0.01389	0.00611	0.00556
8	0.00845	0.00631	0.00777	0.00819	0.00940	0.00572	0.00580	0.01033	0.01508	0.02008	0.27157	0.33022	0.21389	0.04515	0.00898	0.00250	0.00356	0.01495	0.00641	0.00563
9	0.04530	0.10765	0.02173	0.05431	0.13402	0.34124	0.01381	0.16393	0.01953	0.02256	0.01162	0.01348	0.00932	0.00671	0.00595	0.00180	0.00938	0.00482	0.00396	0.00887
10	0.00897	0.00669	0.00834	0.00798	0.00964	0.00605	0.00596	0.01173	0.01773	0.02438	0.57141	0.07229	0.19590	0.01431	0.00779	0.00212	0.00317	0.01250	0.00699	0.00605
11	0.02286	0.01635	0.01744	0.01361	0.01825	0.01799	0.01117	0.58820	0.02804	0.03861	0.01677	0.01729	0.01216	0.00786	0.00625	0.00190	0.00653	0.00596	0.14243	0.01033
12	0.00778	0.00667	0.00667	0.00667	0.00889	0.00556	0.00500	0.00945	0.01501	0.01778	0.06669	0.06336	0.72490	0.01667	0.00778	0.00222	0.00333	0.01389	0.00611	0.00556
13	0.01365	0.01170	0.01365	0.00975	0.01560	0.00878	0.00780	0.01658	0.01365	0.02145	0.01170	0.01365	0.00975	0.00488	0.00488	0.00098	0.00488	0.00390	0.00390	0.80888
14	0.01645	0.11633	0.10766	0.06099	0.27502	0.09955	0.11202	0.02035	0.01471	0.01930	0.01217	0.01670	0.01029	0.00677	0.00748	0.00202	0.06351	0.02642	0.00322	0.00905
15	0.01691	0.01355	0.01450	0.01294	0.01669	0.01535	0.01010	0.03350	0.62985	0.07849	0.02872	0.02634	0.05498	0.00926	0.00675	0.00222	0.00515	0.00770	0.00678	0.01023
16	0.01227	0.00614	0.00614	0.00614	0.00767	0.00614	0.00460	0.01534	0.01381	0.02454	0.02148	0.02454	0.01687	0.00767	0.00460	0.00153	0.00307	0.00614	0.80518	0.00614
17	0.01519	0.12989	0.25518	0.02529	0.22191	0.01703	0.16315	0.02070	0.03108	0.02044	0.01288	0.01677	0.01035	0.00629	0.00644	0.00201	0.00890	0.02380	0.00321	0.00948
18	0.01418	0.01227	0.11219	0.01072	0.01438	0.00919	0.00968	0.06023	0.04394	0.14242	0.30886	0.06450	0.14698	0.01182	0.00727	0.00211	0.00485	0.01006	0.00649	0.00787
19	0.00789	0.00646	0.00697	0.00730	0.00908	0.00553	0.00530	0.00949	0.01459	0.01788	0.08391	0.22195	0.54592	0.01745	0.00792	0.00232	0.00344	0.01492	0.00615	0.00553
20	0.01649	0.01801	0.15669	0.05672	0.05235	0.01428	0.26506	0.09634	0.01675	0.10072	0.01791	0.12512	0.01531	0.00847	0.00722	0.00220	0.00853	0.00832	0.00450	0.00902
21	0.01800	0.04070	0.09297	0.07016	0.10482	0.16659	0.09907	0.14093	0.05131	0.02323	0.01590	0.07465	0.01374	0.00816	0.00666	0.00204	0.00859	0.02789	0.02576	0.00881
22	0.05088	0.02367	0.04340	0.01501	0.01859	0.39339	0.01182	0.13170	0.09844	0.02184	0.01501	0.01771	0.02680	0.07009	0.00885	0.00226	0.03239	0.00556	0.00437	0.00821
23	0.10279	0.10365	0.22507	0.01985	0.11151	0.11301	0.09217	0.11566	0.01685	0.02354	0.01182	0.01392	0.00908	0.00634	0.00601	0.00194	0.00880	0.00509	0.00365	0.00924
24	0.04450	0.07319	0.03901	0.01378	0.05116	0.13581	0.01059	0.13580	0.03826	0.05943	0.11648	0.12124	0.02398	0.03698	0.03462	0.00252	0.00718	0.04222	0.00527	0.00800
25	0.08650	0.23643	0.22431	0.01602	0.02238	0.06031	0.09922	0.07234	0.04036	0.04434	0.01211	0.01384	0.00937	0.00644	0.00616	0.00190	0.03039	0.00494	0.00360	0.00902
26	0.00851	0.00621	0.00816	0.00926	0.01002	0.00599	0.00658	0.00998	0.01270	0.01679	0.03618	0.49358	0.10854	0.06655	0.09574	0.00380	0.00576	0.08452	0.00568	0.00543
27	0.01760	0.01417	0.01573	0.01199	0.01733	0.01356	0.00967	0.23257	0.12877	0.02860	0.01533	0.01602	0.01182	0.00645	0.00569	0.00148	0.00566	0.00508	0.00517	0.43732
28	0.00802	0.00573	0.00764	0.00917	0.00955	0.00535	0.00611	0.00917	0.01260	0.01681	0.03628	0.76434	0.04354	0.02062	0.00840	0.00267	0.00382	0.01872	0.00611	0.00535
29	0.01297	0.01225	0.02072	0.65341	0.14054	0.01477	0.01855	0.01729	0.01342	0.01747	0.01180	0.01738	0.00901	0.00648	0.00657	0.00216	0.00864	0.00585	0.00297	0.00775
30	0.01390	0.01249	0.01717	0.01462	0.01655	0.04817	0.08532	0.09543	0.01365	0.01889	0.01465	0.02207	0.01357	0.10469	0.28338	0.00584	0.20203	0.00681	0.00374	0.00704
31	0.01384	0.00930	0.01099	0.00967	0.01240	0.00912	0.00752	0.09041	0.09596	0.10904	0.36486	0.04249	0.17322	0.01236	0.00739	0.00210	0.00411	0.01054	0.00701	0.00766
32	0.11195	0.01781	0.01865	0.01443	0.01957	0.01979	0.01192	0.63012	0.02878	0.04017	0.01508	0.01524	0.01075	0.00771	0.00631	0.00198	0.00701	0.00567	0.00631	0.01075
33	0.02370	0.02684	0.02114	0.01772	0.02191	0.49288	0.08869	0.18525	0.02120	0.02262	0.01184	0.01344	0.00928	0.00691	0.00629	0.00182	0.01070	0.00502	0.00414	0.00861
34	0.00802	0.00573	0.00764	0.00917	0.00955	0.00535	0.00611	0.00917	0.01260	0.01681	0.03628	0.76434	0.04354	0.02062	0.00840	0.00267	0.00382	0.01872	0.00611	0.00535
35	0.00837	0.00598	0.00804	0.00956	0.01010	0.00565	0.00671	0.00977	0.01295	0.01719	0.03609	0.67194	0.04278	0.02030	0.00850	0.00272	0.00412	0.10769	0.00610	0.00544
36	0.00941	0.00703	0.01047	0.01047	0.01160	0.00817	0.00809	0.01168	0.01055	0.01520	0.01774	0.02643	0.01671	0.07315	0.71911	0.01044	0.01726	0.00714	0.00354	0.00582
37	0.81514	0.01273	0.00968	0.00866	0.01273	0.01477	0.00713	0.01935	0.01120	0.02954	0.00917	0.01069	0.00713	0.00611	0.00407	0.00204	0.00509	0.00356	0.00407	0.00713
38	0.00915	0.00672	0.00857	0.00811	0.00973	0.00614	0.00608	0.01210	0.01824	0.02545	0.65189	0.05073	0.13491	0.01381	0.00777	0.00209	0.00313	0.01212	0.00712	0.00614
39	0.01909	0.01353	0.01497	0.01305	0.01705	0.01499	0.01027	0.03438	0.57179	0.17303	0.02662	0.02412	0.01931	0.00877	0.00668	0.00219	0.00529	0.00727	0.00700	0.01058
40	0.00855	0.00655	0.00784	0.00782	0.00944	0.00584	0.00575	0.01083	0.01637	0.02175	0.37621	0.16372	0.30402	0.01574	0.00787	0.00222	0.00330	0.01368	0.00665	0.00584
41	0.01227	0.00614	0.00614	0.00614	0.00767	0.00614	0.00460	0.01534	0.01381	0.02454	0.02148	0.02454	0.01687	0.00767	0.00460	0.00153	0.00307	0.00614	0.80518	0.00614
42	0.00941	0.00703	0.01046	0.01046	0.01159	0.00816	0.00807	0.01168	0.01054	0.01519	0.01775	0.02649	0.01673	0.07576	0.71653	0.01043	0.01722	0.00715	0.00354	0.00581
43	0.10199	0.06185	0.12399	0.01577	0.02018	0.27892	0.01397	0.15999	0.01821	0.02323	0.01118	0.01313	0.00889	0.00747	0.00803	0.00200	0.11390	0.00478	0.00392	0.00859
44	0.01427	0.01357	0.02306	0.41450	0.36933	0.01511	0.01920	0.01843	0.01403	0.01905	0.01202	0.01695	0.00956	0.00624	0.00655	0.00208	0.00832	0.00586	0.00308	0.00879
45	0.01629	0.01564	0.02672	0.04041	0.72757	0.01564	0.02020	0.02020	0.01499	0.02151	0.01238	0.01629	0.01043	0.00587	0.00652	0.00196	0.00782	0.00587	0.00326	0.01043
46	0.01753	0.01375	0.01478	0.01306	0.01690	0.01551	0.01022	0.05681	0.60391	0.09050	0.02783	0.02551	0.04570	0.00911	0.00673	0.00221	0.00525	0.00756	0.00680	0.01034
47	0.10241	0.19670	0.49840	0.01598	0.02417	0.01764	0.01951	0.02043	0.01349	0.02061	0.01093	0.01280	0.00823	0.00610	0.00556	0.00193	0.00862	0.00442	0.00293	0.00916
48	0.00947	0.00681	0.00932	0.00932	0.01006	0.00755	0.00666	0.01095	0.01021	0.01435	0.01878	0.03223	0.01922	0.31556	0.48015	0.00903	0.01347	0.00799	0.00370	0.00518
49	0.00878	0.00663	0.00794	0.00773	0.00932	0.00597	0.00565	0.01109	0.01648	0.02212	0.42564	0.08893	0.27050	0.07245	0.00977	0.00248	0.00346	0.01270	0.00658	0.00579
50	0.00802	0.00573	0.00764	0.00917	0.00955	0.00535	0.00611	0.00917	0.01260	0.01681	0.03628	0.76434	0.04354	0.02062	0.00840	0.00267	0.00382	0.01872	0.00611	0.00535
51	0.02548	0.06036	0.01896	0.01500	0.01939	0.35026	0.01190	0.20538	0.02166	0.18597	0.01520	0.01524	0.01097	0.00733	0.00618	0.00183	0.00899	0.00519	0.00528	0.00942
52	0.01760	0.77260	0.03450	0.01126	0.01690	0.02605	0.01126	0.01971	0.01338	0.01549	0.00915	0.01056	0.00845	0.00563	0.00422	0.00141	0.00704	0.00352	0.00282	0.00845
53	0.00855	0.00622	0.00805	0.00860	0.00962	0.00573	0.00607	0.01056	0.01533	0.02092	0.32818	0.40978	0.10333	0.01731	0.00809	0.00239	0.00348	0.01548	0.00659	0.00573
54	0.01824	0.04481	0.06794	0.01450	0.01829	0.24767	0.01194	0.04732	0.29973	0.02288	0.09306	0.02128	0.01896	0.00850	0.00701	0.00202	0.03536	0.00648	0.00515	0.00887
55	0.04509	0.01833	0.01927	0.01554	0.01977	0.16795	0.08493	0.22703	0.07077	0.12262	0.05155	0.02003	0.04372	0.00832	0.00755	0.00204	0.05418	0.00651	0.00550	0.00931
56	0.00853	0.00629	0.00806	0.00901	0.01003	0.00582	0.00654	0.01033	0.01430	0.01888	0.15083	0.44412	0.15708	0.01851	0.00829	0.00255	0.00392	0.10501	0.00629	0.00561
57	0.01110	0.00944	0.01430	0.09921	0.20060	0.00963	0.01130	0.01427	0.04861	0.01888	0.04817	0.40646	0.05301	0.01432	0.00759	0.00238	0.00544	0.01304	0.00508	0.00717
58	0.10181	0.09617	0.01566	0.01147	0.01520	0.01508	0.00933	0.17084	0.20103	0.04868	0.14081	0.05236	0.04954	0.00947	0.00634	0.00202	0.00530	0.00762	0.03246	0.00882
59	0.01681	0.01661	0.03514	0.02532	0.03158	0.01548	0.60247	0.02187	0.01580	0.09916	0.01553	0.04485	0.01188	0.00637	0.00767	0.00222	0.01023	0.00803	0.00396	0.00901
60	0.00818	0.00585	0.00778	0.00906	0.00958	0.00545	0.00612	0.00956	0.01334	0.01798	0.12039	0.67689	0.04581	0.01975	0.00832	0.00260	0.00373	0.01788	0.00625	0.00545
61	0.01564	0.01728	0.03260	0.05157	0.03042	0.05282	0.50218	0.02145	0.06833	0.02048	0.01381	0.01790	0.01071	0.00786	0.03191	0.00252	0.08308	0.00728	0.00354	0.00862
62	0.01346	0.01275	0.02161	0.56236	0.22773	0.01490	0.01880	0.01772	0.01365	0.01807	0.01188	0.01722	0.00922	0.00639	0.00656	0.00213	0.00852	0.00585	0.00301	0.00815
63	0.01726	0.01727	0.02570	0.12379	0.23201	0.11639	0.19728	0.05376	0.04205	0.04894	0.01465	0.05407	0.01210	0.00704	0.00688	0.00207	0.00897	0.00687	0.00387	0.00903
64	0.01133	0.05879	0.05104	0.01147	0.04578	0.05038	0.00846	0.01359	0.04819	0.01743	0.07051	0.27090	0.09946	0.09133	0.01205	0.09140	0.00550	0.03133	0.00496	0.00609
65	0.01270	0.00958	0.01123	0.01117	0.03631	0.04536	0.00792	0.06609	0.01418	0.06199	0.05605	0.13313	0.10086	0.18425	0.17049	0.00494	0.03501	0.02739	0.00496	0.00640
66	0.21803	0.01460	0.07599	0.01285	0.01674	0.05379	0.05756	0.11130	0.01579	0.05833	0.06588	0.04533	0.01670	0.01711	0.16288	0.00390	0.00912	0.03161	0.00466	0.00782
67	0.06287	0.01178	0.01237	0.01129	0.01408	0.06627	0.00861	0.09835	0.11970	0.13076	0.09639	0.24010	0.05196	0.01367	0.02874	0.00248	0.00569	0.01060	0.00627	0.00803
68	0.03940	0.01490	0.09246	0.05341	0.11696	0.03631	0.02865	0.08109	0.10603	0.07782	0.03769	0.04937	0.04153	0.11598	0.01149	0.03245	0.02694	0.00731	0.00474	0.02548
69	0.05819	0.01444	0.01645	0.10166	0.09313	0.06922	0.01159	0.18314	0.06140	0.07624	0.01864	0.06769	0.03956	0.06248	0.00830	0.00226	0.00680	0.00694	0.00503	0.09681
70	0.07057	0.01290	0.03589	0.01747	0.15123	0.03687	0.04543	0.09001	0.04988	0.11857	0.02308	0.18999	0.04632	0.07085	0.00903	0.00252	0.00632	0.00940	0.00529	0.00836
71	0.12527	0.01320	0.01685	0.11580	0.16269	0.03938	0.01250	0.08545	0.04181	0.08689	0.04337	0.07789	0.03609	0.00901	0.00763	0.02424	0.04390	0.00700	0.00468	0.04636
72	0.06819	0.01649	0.02121	0.12662	0.22342	0.10178	0.06746	0.13342	0.03809	0.06456	0.03793	0.01897	0.03829	0.00725	0.00651	0.00201	0.00791	0.00625	0.00444	0.00919
73	0.04116	0.01528	0.02121	0.06371	0.22565	0.09266	0.10310	0.04550	0.03829	0.06689	0.04633	0.07290	0.04961	0.00888	0.00786	0.00215	0.05596	0.02985	0.00439	0.00863

[dist]
# distance from previous block
# <min> <max>
9	50

[block]
# block no. 2 follows, 33 sequences, length 28
# corresponding to MSA columns:
# 215-242
name=unknown_C
#
# <colnr> <probs for GDERKNQSTAVLIFYWHMCP>
#	G	D	E	R	K	N	Q	S	T	A	V	L	I	F	Y	W	H	M	C	P
0	0.10162	0.03623	0.03909	0.05943	0.01798	0.10254	0.02696	0.06658	0.20616	0.07462	0.05649	0.07686	0.01906	0.07734	0.00884	0.00248	0.00663	0.00745	0.00530	0.00835
1	0.10799	0.08813	0.08569	0.06116	0.06592	0.17545	0.01193	0.03428	0.01542	0.05418	0.12776	0.02004	0.01796	0.00944	0.00821	0.09135	0.00746	0.00593	0.00418	0.00751
2	0.08207	0.12193	0.09748	0.05139	0.04102	0.05021	0.01219	0.10478	0.10466	0.08774	0.03994	0.04091	0.01481	0.02986	0.03403	0.00242	0.03224	0.00617	0.03738	0.00876
3	0.06910	0.04617	0.11805	0.05298	0.05992	0.16870	0.01318	0.07486	0.04088	0.18902	0.07187	0.01983	0.03144	0.00778	0.00629	0.00196	0.00769	0.00604	0.00512	0.00910
4	0.04379	0.06777	0.02004	0.06324	0.04538	0.36646	0.06597	0.08724	0.07321	0.02103	0.01326	0.01513	0.01050	0.00690	0.00599	0.00182	0.00932	0.00517	0.06950	0.00827
5	0.14177	0.01524	0.09016	0.01177	0.01559	0.08752	0.01020	0.04849	0.08360	0.10923	0.15411	0.04780	0.06257	0.03949	0.00794	0.00223	0.02965	0.00754	0.00544	0.02965
6	0.00900	0.00626	0.00740	0.00781	0.00815	0.00611	0.00482	0.00954	0.01089	0.01438	0.02868	0.23932	0.08775	0.47376	0.05344	0.00520	0.00589	0.01231	0.00472	0.00457
7	0.00842	0.00595	0.00777	0.00889	0.00926	0.00576	0.00586	0.00944	0.01187	0.01591	0.03191	0.57058	0.03775	0.16664	0.06794	0.00398	0.00534	0.01609	0.00551	0.00513
8	0.04536	0.14777	0.02367	0.04813	0.11837	0.15456	0.10807	0.05842	0.06389	0.07382	0.03230	0.04380	0.01398	0.00761	0.00632	0.00195	0.00817	0.03074	0.00430	0.00877
9	0.01812	0.71736	0.03332	0.01169	0.01715	0.07942	0.01137	0.02020	0.01377	0.01554	0.00923	0.01066	0.00845	0.00572	0.00435	0.00143	0.00740	0.00357	0.00286	0.00839
10	0.01760	0.77260	0.03450	0.01126	0.01690	0.02605	0.01126	0.01971	0.01338	0.01549	0.00915	0.01056	0.00845	0.00563	0.00422	0.00141	0.00704	0.00352	0.00282	0.00845
11	0.01500	0.01191	0.01460	0.01183	0.06057	0.00928	0.00872	0.01796	0.01412	0.07442	0.01281	0.01447	0.01028	0.00518	0.00511	0.00112	0.00512	0.00423	0.00418	0.69910
12	0.01607	0.01435	0.01399	0.03755	0.06930	0.17010	0.01032	0.06467	0.07403	0.07029	0.02458	0.28325	0.02506	0.01278	0.00721	0.00226	0.00665	0.06069	0.02926	0.00759
13	0.00955	0.00648	0.00770	0.00770	0.00787	0.00666	0.00463	0.00990	0.00973	0.01315	0.02027	0.04047	0.02280	0.65957	0.14103	0.00702	0.00809	0.00919	0.00392	0.00428
14	0.01788	0.70746	0.03344	0.01269	0.04516	0.05966	0.01169	0.02004	0.01369	0.01576	0.00933	0.01085	0.00853	0.00570	0.00440	0.00144	0.00730	0.00365	0.00286	0.00849
15	0.00815	0.00674	0.00719	0.00723	0.00933	0.00577	0.00553	0.01008	0.01544	0.01892	0.14145	0.06245	0.60013	0.01640	0.00787	0.00226	0.00350	0.05965	0.00624	0.00567
16	0.04440	0.05144	0.07172	0.01544	0.01967	0.29737	0.05587	0.05547	0.09438	0.09963	0.04233	0.02275	0.01571	0.00844	0.00653	0.00202	0.00873	0.07479	0.00478	0.00853
17	0.01425	0.09821	0.09371	0.02026	0.10034	0.04450	0.21917	0.01788	0.01375	0.01842	0.01558	0.04951	0.01461	0.09222	0.06198	0.00321	0.05749	0.05348	0.00356	0.00788
18	0.01005	0.00764	0.01048	0.03575	0.01247	0.00698	0.05377	0.01203	0.01539	0.04351	0.24569	0.07393	0.33077	0.01514	0.00965	0.08897	0.00434	0.01166	0.00586	0.00593
19	0.13866	0.01428	0.01557	0.13232	0.09918	0.10665	0.01147	0.06013	0.01480	0.04273	0.01506	0.09411	0.01376	0.04418	0.00771	0.00213	0.02870	0.00656	0.02827	0.12374
20	0.02072	0.15993	0.04491	0.01659	0.09192	0.25282	0.01248	0.09156	0.04204	0.10016	0.09006	0.01817	0.01598	0.00751	0.00605	0.00181	0.00816	0.00566	0.00463	0.00884
21	0.00903	0.00652	0.00765	0.00800	0.00883	0.00621	0.00543	0.01010	0.01231	0.01594	0.06857	0.15259	0.19317	0.35446	0.03926	0.00445	0.00542	0.08199	0.00514	0.00492
22	0.01937	0.14709	0.15778	0.07429	0.06638	0.09748	0.03857	0.15135	0.07520	0.08898	0.01454	0.01569	0.01081	0.00689	0.00611	0.00192	0.00816	0.00538	0.00444	0.00958
23	0.01485	0.06166	0.05497	0.01212	0.01489	0.10130	0.04416	0.09653	0.04394	0.04576	0.02264	0.19284	0.04404	0.20485	0.01373	0.00323	0.00688	0.00975	0.00485	0.00702
24	0.04044	0.12196	0.06955	0.01084	0.01346	0.08593	0.00910	0.01432	0.01366	0.01760	0.06593	0.24890	0.12007	0.06268	0.04873	0.00289	0.03195	0.01076	0.00471	0.00651
25	0.01245	0.09798	0.06601	0.01117	0.01357	0.06994	0.00914	0.01568	0.06593	0.04217	0.04745	0.37615	0.02986	0.05268	0.03533	0.00281	0.00612	0.03357	0.00522	0.00679
26	0.19178	0.19822	0.08331	0.06477	0.01968	0.08096	0.01207	0.08761	0.13991	0.04310	0.01387	0.01479	0.01072	0.00683	0.00541	0.00190	0.00705	0.00488	0.00433	0.00881
27	0.05406	0.09029	0.20648	0.01432	0.04252	0.03640	0.01356	0.06688	0.13283	0.07140	0.01941	0.04526	0.04335	0.06003	0.00807	0.00230	0.00699	0.02533	0.00464	0.05590

[dist]
# distance from previous block
# <min> <max>
2	23

[block]
# block no. 3 follows, 33 sequences, length 24
# corresponding to MSA columns:
# 266-289
name=unknown_D
#
# <colnr> <probs for GDERKNQSTAVLIFYWHMCP>
#	G	D	E	R	K	N	Q	S	T	A	V	L	I	F	Y	W	H	M	C	P
0	0.01882	0.01556	0.06704	0.08032	0.02094	0.04014	0.04869	0.19078	0.15295	0.12495	0.06460	0.02340	0.03882	0.05072	0.00819	0.00229	0.00681	0.00704	0.00575	0.03219
1	0.04105	0.14530	0.18644	0.10682	0.07942	0.10351	0.03765	0.13957	0.01758	0.06443	0.01271	0.01460	0.00956	0.00659	0.00601	0.00191	0.00852	0.00511	0.00394	0.00927
2	0.08331	0.01388	0.01936	0.01827	0.13900	0.01373	0.07611	0.15424	0.04121	0.27281	0.06321	0.02030	0.01588	0.00758	0.00653	0.00201	0.00657	0.00651	0.00603	0.03346
3	0.06903	0.01575	0.03912	0.01848	0.13159	0.08664	0.07730	0.16596	0.01870	0.10914	0.02131	0.11666	0.05547	0.00963	0.00686	0.00213	0.00720	0.03485	0.00524	0.00894
4	0.01610	0.01413	0.12240	0.01217	0.01621	0.01136	0.01089	0.12299	0.10893	0.14261	0.07018	0.19714	0.10279	0.01206	0.00718	0.00223	0.00562	0.01026	0.00616	0.00861
5	0.00780	0.00661	0.00673	0.00683	0.00893	0.00554	0.00507	0.00943	0.01485	0.01772	0.06478	0.10745	0.68205	0.01692	0.00782	0.00225	0.00337	0.01420	0.00611	0.00554
6	0.01360	0.01296	0.02152	0.49935	0.21169	0.01546	0.01835	0.01756	0.01330	0.01788	0.01155	0.01691	0.00917	0.00692	0.00813	0.00221	0.08652	0.00584	0.00300	0.00807
7	0.01431	0.01559	0.06322	0.32978	0.19849	0.01551	0.22863	0.01911	0.01435	0.01941	0.01236	0.01714	0.00951	0.00608	0.00691	0.00214	0.00931	0.00639	0.00312	0.00863
8	0.01482	0.11990	0.02811	0.13442	0.06704	0.04208	0.28957	0.01902	0.03558	0.01860	0.01438	0.06501	0.01278	0.05531	0.00940	0.00240	0.05273	0.00733	0.00349	0.00804
9	0.01760	0.77260	0.03450	0.01126	0.01690	0.02605	0.01126	0.01971	0.01338	0.01549	0.00915	0.01056	0.00845	0.00563	0.00422	0.00141	0.00704	0.00352	0.00282	0.00845
10	0.00925	0.00687	0.00913	0.00947	0.01063	0.00716	0.00718	0.01111	0.01201	0.01607	0.03052	0.09160	0.14474	0.16040	0.33183	0.00672	0.01053	0.11467	0.00462	0.00549
11	0.00888	0.00624	0.00807	0.00906	0.00997	0.00582	0.00659	0.00990	0.01298	0.01676	0.03899	0.39686	0.18132	0.01969	0.01079	0.11419	0.00436	0.12870	0.00565	0.00517
12	0.01980	0.06151	0.04218	0.07706	0.10648	0.29069	0.11933	0.04189	0.06005	0.05510	0.01291	0.01528	0.01015	0.00691	0.00727	0.00197	0.05348	0.00552	0.00378	0.00865
13	0.01320	0.03405	0.73453	0.01876	0.02849	0.01529	0.02432	0.02085	0.01390	0.02085	0.01181	0.01390	0.00834	0.00625	0.00625	0.00208	0.00973	0.00486	0.00278	0.00973
14	0.00969	0.00642	0.00846	0.00924	0.01030	0.00593	0.00661	0.01143	0.01436	0.06063	0.15651	0.50090	0.08676	0.01822	0.00820	0.00253	0.00394	0.06754	0.00642	0.00591
15	0.06341	0.02067	0.11812	0.01730	0.05958	0.14634	0.06862	0.15415	0.18929	0.02576	0.01628	0.01746	0.01243	0.00975	0.04949	0.00253	0.00875	0.00593	0.00475	0.00940
16	0.06701	0.02722	0.01692	0.01526	0.01875	0.59959	0.01151	0.02401	0.01765	0.01732	0.01455	0.01587	0.06347	0.00739	0.00591	0.00171	0.01040	0.00492	0.00367	0.05687
17	0.25963	0.06283	0.01669	0.01272	0.01688	0.06273	0.04990	0.20896	0.07448	0.05658	0.01538	0.05786	0.01275	0.03513	0.00729	0.02392	0.00661	0.00605	0.00505	0.00856
18	0.01892	0.13800	0.05531	0.01473	0.01804	0.39104	0.01208	0.02104	0.01543	0.01614	0.01269	0.05645	0.01175	0.01459	0.12673	0.00325	0.05745	0.00553	0.00342	0.00742
19	0.06375	0.05070	0.18169	0.06724	0.06277	0.13860	0.01447	0.09722	0.03583	0.06627	0.05669	0.02032	0.05682	0.01013	0.04737	0.00246	0.00856	0.00612	0.00436	0.00865
20	0.01481	0.01227	0.01448	0.01208	0.01523	0.05396	0.05127	0.09673	0.09481	0.04361	0.06598	0.04488	0.01917	0.15779	0.09973	0.00373	0.02865	0.00732	0.00482	0.15867
21	0.05958	0.23263	0.18366	0.01244	0.01725	0.03967	0.01242	0.01899	0.04828	0.05792	0.01457	0.01982	0.01285	0.12846	0.11167	0.00371	0.00890	0.00564	0.00367	0.00786
22	0.01351	0.04941	0.04520	0.11481	0.09342	0.03102	0.05060	0.01827	0.09121	0.06134	0.06423	0.17533	0.04668	0.01390	0.05651	0.00281	0.00718	0.05187	0.00494	0.00776
23	0.16106	0.11493	0.05828	0.01218	0.01579	0.06867	0.01045	0.06136	0.05344	0.05531	0.01616	0.07027	0.03330	0.05437	0.03154	0.00254	0.10623	0.00632	0.00429	0.06350

[dist]
# distance from previous block
# <min> <max>
7	38

[block]
# block no. 4 follows, 33 sequences, length 12
# corresponding to MSA columns:
# 328-339
name=unknown_E
#
# <colnr> <probs for GDERKNQSTAVLIFYWHMCP>
#	G	D	E	R	K	N	Q	S	T	A	V	L	I	F	Y	W	H	M	C	P
0	0.08436	0.24222	0.02120	0.07656	0.03184	0.14238	0.03599	0.01938	0.01463	0.06106	0.01787	0.08907	0.04195	0.00920	0.00632	0.00198	0.02081	0.07139	0.00412	0.00767
1	0.08870	0.04570	0.07164	0.14082	0.05047	0.15406	0.01261	0.08537	0.04983	0.02156	0.07285	0.02062	0.01559	0.06532	0.07490	0.00306	0.00885	0.00613	0.00414	0.00778
2	0.01835	0.04314	0.01599	0.01290	0.01658	0.12666	0.01011	0.25917	0.06846	0.02624	0.01801	0.11273	0.01642	0.05825	0.06825	0.00287	0.00789	0.00737	0.00517	0.10543
3	0.01357	0.11601	0.07277	0.04520	0.01764	0.09470	0.07180	0.02985	0.01490	0.01879	0.08469	0.09349	0.12761	0.07101	0.00908	0.00234	0.01947	0.02863	0.00444	0.06401
4	0.01647	0.21523	0.08975	0.01332	0.01773	0.04969	0.01205	0.10528	0.18597	0.02250	0.01775	0.06830	0.01543	0.01112	0.05119	0.00250	0.04246	0.02872	0.00464	0.02990
5	0.06164	0.27289	0.05543	0.01062	0.01428	0.01461	0.00933	0.04741	0.01421	0.01954	0.06854	0.27283	0.02436	0.01143	0.00616	0.00195	0.00551	0.00954	0.00460	0.07512
6	0.01525	0.43330	0.30606	0.01405	0.02094	0.02047	0.01602	0.01946	0.01353	0.01767	0.01199	0.06190	0.01074	0.00687	0.00529	0.00176	0.00788	0.00505	0.00302	0.00874
7	0.01271	0.15047	0.21117	0.01378	0.01832	0.01343	0.07029	0.04176	0.01376	0.01857	0.02012	0.21135	0.02102	0.10965	0.01027	0.00273	0.00716	0.04185	0.00414	0.00745
8	0.09842	0.00992	0.01091	0.01000	0.01282	0.00997	0.00791	0.14338	0.01740	0.08933	0.03706	0.13259	0.23902	0.05019	0.00856	0.00251	0.00504	0.10164	0.00607	0.00727
9	0.06999	0.01267	0.01432	0.01099	0.01592	0.01175	0.00888	0.13669	0.04465	0.09364	0.01867	0.01928	0.07047	0.00721	0.00628	0.00155	0.03584	0.00554	0.00504	0.41061
10	0.00823	0.00632	0.00736	0.00787	0.00909	0.00572	0.00548	0.00964	0.01358	0.01731	0.09073	0.30802	0.33172	0.10668	0.03877	0.00317	0.00439	0.01472	0.00584	0.00535
11	0.01796	0.67241	0.06954	0.01213	0.01779	0.08523	0.01206	0.02032	0.01384	0.01582	0.00938	0.01084	0.00845	0.00576	0.00447	0.00147	0.00758	0.00365	0.00286	0.00845

[dist]
# distance from previous block
# <min> <max>
0	2

[block]
# block no. 5 follows, 33 sequences, length 10
# corresponding to MSA columns:
# 342-351
name=unknown_F
#
# <colnr> <probs for GDERKNQSTAVLIFYWHMCP>
#	G	D	E	R	K	N	Q	S	T	A	V	L	I	F	Y	W	H	M	C	P
0	0.01227	0.00743	0.00960	0.00930	0.01129	0.00680	0.00724	0.01473	0.01649	0.12961	0.29566	0.12557	0.14514	0.04735	0.00901	0.00251	0.00426	0.13231	0.00675	0.00666
1	0.01825	0.55024	0.12119	0.01321	0.01897	0.14836	0.01318	0.02099	0.01436	0.01628	0.00967	0.01121	0.00844	0.00591	0.00478	0.00154	0.00822	0.00382	0.00291	0.00847
2	0.00891	0.00610	0.00738	0.00803	0.00820	0.00594	0.00490	0.00940	0.01087	0.01450	0.02741	0.35268	0.03235	0.44755	0.02273	0.00479	0.00528	0.01350	0.00490	0.00457
3	0.02077	0.11794	0.09996	0.04318	0.02192	0.45540	0.03833	0.02337	0.01637	0.01673	0.01025	0.01259	0.00854	0.00699	0.00736	0.00185	0.08274	0.00455	0.00319	0.00795
4	0.00851	0.00601	0.00742	0.00834	0.00873	0.00570	0.00534	0.00932	0.01178	0.01555	0.03328	0.47931	0.08415	0.26577	0.01660	0.00386	0.00463	0.01538	0.00541	0.00492
5	0.01618	0.41631	0.19839	0.08348	0.02423	0.05360	0.08674	0.02015	0.01394	0.01749	0.01049	0.01280	0.00861	0.00591	0.00537	0.00174	0.00847	0.00453	0.00290	0.00865
6	0.06337	0.00671	0.00746	0.00786	0.00907	0.00635	0.00538	0.01028	0.01304	0.01781	0.09224	0.28453	0.24864	0.18180	0.01337	0.00326	0.00426	0.01368	0.00559	0.00530
7	0.06371	0.51804	0.14245	0.01302	0.01894	0.11383	0.01329	0.02070	0.01400	0.01723	0.00971	0.01126	0.00836	0.00590	0.00475	0.00159	0.00796	0.00383	0.00296	0.00847
8	0.01667	0.61685	0.18213	0.01285	0.01934	0.02378	0.01402	0.01995	0.01349	0.01662	0.00971	0.01126	0.00843	0.00576	0.00465	0.00155	0.00761	0.00380	0.00281	0.00872
9	0.00990	0.00979	0.07798	0.00923	0.01169	0.00759	0.00778	0.03338	0.03728	0.02239	0.34063	0.10604	0.21485	0.07075	0.00955	0.00249	0.00429	0.01180	0.00616	0.00642

[dist]
# distance from previous block
# <min> <max>
1	3

[block]
# block no. 6 follows, 33 sequences, length 8
# corresponding to MSA columns:
# 355-362
name=unknown_G
#
# <colnr> <probs for GDERKNQSTAVLIFYWHMCP>
#	G	D	E	R	K	N	Q	S	T	A	V	L	I	F	Y	W	H	M	C	P
0	0.02431	0.01838	0.01887	0.01486	0.01982	0.06702	0.01212	0.54493	0.10584	0.08022	0.01728	0.01692	0.01232	0.00796	0.00656	0.00199	0.00722	0.00603	0.00648	0.01087
1	0.01478	0.16787	0.19465	0.06413	0.08389	0.01769	0.20013	0.01938	0.01418	0.01951	0.05469	0.01688	0.01230	0.00691	0.00796	0.00206	0.08501	0.00604	0.00326	0.00869
2	0.05697	0.10561	0.06933	0.01620	0.02020	0.11392	0.13600	0.06099	0.03699	0.05584	0.04523	0.07926	0.03670	0.00903	0.00892	0.00215	0.12713	0.00716	0.00422	0.00816
3	0.47273	0.08757	0.19828	0.01201	0.01777	0.01639	0.01235	0.07608	0.01371	0.02702	0.01039	0.01192	0.00789	0.00625	0.00485	0.00199	0.00663	0.00409	0.00383	0.00825
4	0.04628	0.01445	0.01628	0.05072	0.06123	0.03974	0.01174	0.16775	0.30209	0.08977	0.02271	0.02706	0.01820	0.00934	0.00684	0.00222	0.00632	0.09140	0.00613	0.00974
5	0.11810	0.01753	0.09632	0.10022	0.04171	0.07478	0.01286	0.18840	0.09537	0.04935	0.05142	0.01913	0.03769	0.00768	0.00617	0.00197	0.00705	0.00598	0.00496	0.06331
6	0.01493	0.01278	0.05816	0.07413	0.03897	0.01239	0.04708	0.13888	0.10871	0.05329	0.08216	0.07876	0.05853	0.01410	0.07796	0.00299	0.00727	0.05235	0.05832	0.00825
7	0.09807	0.08655	0.05281	0.03739	0.01657	0.01431	0.01074	0.04018	0.09489	0.13035	0.09608	0.06733	0.05532	0.00990	0.00901	0.00218	0.13838	0.00742	0.00519	0.02731

[dist]
# distance from previous block
# <min> <max>
6	25

[block]
# block no. 7 follows, 33 sequences, length 12
# corresponding to MSA columns:
# 388-399
name=unknown_H
#
# <colnr> <probs for GDERKNQSTAVLIFYWHMCP>
#	G	D	E	R	K	N	Q	S	T	A	V	L	I	F	Y	W	H	M	C	P
0	0.11002	0.08704	0.08996	0.10880	0.09736	0.08993	0.10488	0.11131	0.01662	0.05287	0.01238	0.01483	0.00949	0.00651	0.00643	0.00195	0.02649	0.00533	0.00391	0.04388
1	0.01758	0.25572	0.16764	0.10640	0.09428	0.14198	0.04148	0.06692	0.01577	0.01937	0.01108	0.01347	0.00891	0.00624	0.00572	0.00181	0.00884	0.00474	0.00324	0.00882
2	0.00898	0.00664	0.00803	0.05770	0.01072	0.00650	0.00571	0.00993	0.01176	0.01515	0.03404	0.22798	0.18004	0.36518	0.01977	0.00426	0.00523	0.01257	0.00491	0.00490
3	0.09235	0.17081	0.11089	0.06448	0.05052	0.07138	0.03608	0.11055	0.08280	0.04404	0.05776	0.01945	0.03113	0.00762	0.00599	0.00194	0.00731	0.02164	0.00445	0.00881
4	0.01002	0.00736	0.00896	0.00956	0.01076	0.00717	0.00673	0.09220	0.01509	0.01987	0.03768	0.58671	0.12564	0.01861	0.00811	0.00253	0.00417	0.01658	0.00617	0.00607
5	0.02263	0.12431	0.02006	0.01557	0.01920	0.54543	0.01208	0.07663	0.01852	0.01803	0.01221	0.06183	0.01101	0.00764	0.00593	0.00175	0.01036	0.00524	0.00374	0.00786
6	0.00939	0.00647	0.00768	0.00785	0.00823	0.00644	0.00495	0.01003	0.01088	0.01453	0.05861	0.10119	0.06321	0.54729	0.07618	0.00579	0.00662	0.04563	0.00450	0.00452
7	0.01898	0.24056	0.15878	0.01613	0.06734	0.19680	0.01425	0.05756	0.01617	0.07450	0.01388	0.07116	0.01203	0.00752	0.00582	0.00182	0.00845	0.00565	0.00385	0.00874
8	0.09141	0.09643	0.11458	0.08472	0.07560	0.16189	0.03324	0.02095	0.01510	0.08079	0.01612	0.01768	0.05994	0.00701	0.00586	0.00182	0.00791	0.00541	0.00392	0.09963
9	0.04193	0.20197	0.14087	0.01265	0.01732	0.09942	0.01192	0.07200	0.01568	0.02061	0.07160	0.16210	0.01976	0.00954	0.00610	0.00188	0.00689	0.00768	0.00430	0.07578
10	0.01677	0.10733	0.14704	0.04824	0.13214	0.06670	0.01371	0.02060	0.03303	0.12673	0.08666	0.02233	0.01746	0.09449	0.00934	0.00241	0.00726	0.00640	0.00445	0.03691
11	0.01643	0.06326	0.13725	0.04526	0.04796	0.05112	0.01258	0.08718	0.04512	0.11460	0.04288	0.12819	0.05476	0.01065	0.02428	0.00223	0.02731	0.00796	0.00499	0.07598

[dist]
# distance from previous block
# <min> <max>
39	69

[block]
# block no. 8 follows, 33 sequences, length 42
# corresponding to MSA columns:
# 481-522
name=unknown_I
#
# <colnr> <probs for GDERKNQSTAVLIFYWHMCP>
#	G	D	E	R	K	N	Q	S	T	A	V	L	I	F	Y	W	H	M	C	P
0	0.04149	0.07022	0.02081	0.09765	0.21542	0.13271	0.03019	0.08834	0.03802	0.02192	0.06587	0.06066	0.01636	0.00837	0.00722	0.00204	0.04351	0.02643	0.00419	0.00859
1	0.05907	0.01602	0.01782	0.17110	0.09208	0.14322	0.03663	0.10946	0.05773	0.06315	0.04599	0.04401	0.05702	0.00851	0.00659	0.00205	0.00766	0.02950	0.00468	0.02771
2	0.08505	0.01552	0.01812	0.11556	0.09612	0.10996	0.05268	0.09151	0.07296	0.10644	0.04285	0.01904	0.01375	0.03268	0.00761	0.00212	0.02998	0.00604	0.02912	0.05292
3	0.08924	0.06710	0.01778	0.07825	0.11790	0.06666	0.03475	0.06718	0.03199	0.02161	0.05815	0.15256	0.01903	0.00992	0.00793	0.00212	0.08099	0.00808	0.03429	0.03447
4	0.17511	0.01788	0.07565	0.01264	0.01669	0.16203	0.01069	0.13588	0.04114	0.06276	0.09858	0.04242	0.01783	0.04128	0.03196	0.00242	0.00746	0.00633	0.00496	0.03628
5	0.03895	0.01313	0.01583	0.01689	0.15110	0.07718	0.01105	0.05873	0.04141	0.19382	0.14806	0.07177	0.06354	0.00973	0.00724	0.00204	0.02861	0.00815	0.00583	0.03691
6	0.07660	0.06632	0.01564	0.01205	0.01526	0.08748	0.03508	0.09507	0.05165	0.02249	0.07255	0.02671	0.07887	0.07443	0.01000	0.00234	0.07941	0.03634	0.04065	0.10107
7	0.05110	0.06825	0.01475	0.01136	0.01418	0.03636	0.04143	0.12257	0.01641	0.04359	0.10514	0.14099	0.04021	0.06986	0.03719	0.02221	0.03887	0.00881	0.06071	0.05601
8	0.01031	0.00794	0.01040	0.00999	0.01147	0.00788	0.03773	0.01344	0.08598	0.01749	0.04959	0.23192	0.07896	0.21247	0.08521	0.03131	0.00642	0.03751	0.00506	0.04891
9	0.09944	0.01356	0.03410	0.03880	0.10510	0.01367	0.11818	0.15074	0.06496	0.02555	0.06161	0.10411	0.09298	0.01125	0.03437	0.00247	0.00702	0.00863	0.00505	0.00842
10	0.01490	0.01394	0.01980	0.18426	0.24508	0.05612	0.03501	0.06789	0.06768	0.02087	0.01818	0.10756	0.03864	0.01067	0.03955	0.00253	0.03692	0.00779	0.00412	0.00850
11	0.00819	0.00644	0.00741	0.00768	0.00928	0.00565	0.00556	0.01006	0.01522	0.01950	0.20933	0.24084	0.39752	0.01696	0.00794	0.00230	0.00341	0.01468	0.00637	0.00565
12	0.04089	0.01461	0.05397	0.04883	0.28562	0.01369	0.19144	0.01898	0.04583	0.02209	0.11657	0.08079	0.02049	0.00822	0.00708	0.00212	0.00757	0.00818	0.00422	0.00879
13	0.00990	0.00772	0.00874	0.03089	0.01061	0.02952	0.00626	0.01170	0.01362	0.01829	0.15420	0.06757	0.21977	0.18915	0.09627	0.00404	0.02806	0.01048	0.07763	0.00556
14	0.01760	0.77260	0.03450	0.01126	0.01690	0.02605	0.01126	0.01971	0.01338	0.01549	0.00915	0.01056	0.00845	0.00563	0.00422	0.00141	0.00704	0.00352	0.00282	0.00845
15	0.07479	0.18750	0.32357	0.01552	0.02267	0.01780	0.04533	0.11112	0.03254	0.09081	0.01332	0.01441	0.00975	0.00654	0.00581	0.00192	0.00805	0.00497	0.00400	0.00958
16	0.01540	0.01385	0.02176	0.33030	0.31170	0.01538	0.01756	0.08559	0.05405	0.02194	0.01355	0.01752	0.01058	0.00659	0.00649	0.00206	0.00784	0.00596	0.03283	0.00906
17	0.01152	0.00988	0.01027	0.00961	0.01246	0.01022	0.00737	0.02051	0.31583	0.02227	0.07215	0.04622	0.39966	0.01324	0.00732	0.00222	0.00413	0.01106	0.00640	0.00767
18	0.44232	0.01547	0.01406	0.01155	0.01610	0.04818	0.00947	0.26486	0.01911	0.08422	0.01279	0.01342	0.00930	0.00693	0.00523	0.00200	0.00619	0.00466	0.00523	0.00889
19	0.00859	0.00663	0.00902	0.00968	0.01066	0.00648	0.02293	0.01017	0.01283	0.01694	0.03755	0.48535	0.15215	0.02326	0.10969	0.00369	0.02409	0.03906	0.00561	0.00561
20	0.08041	0.01387	0.01545	0.01228	0.01684	0.01408	0.00989	0.32697	0.02181	0.13112	0.01893	0.12426	0.01602	0.00907	0.00634	0.00190	0.00590	0.00731	0.00604	0.16152
21	0.01893	0.01951	0.01606	0.01451	0.01813	0.24233	0.01114	0.03228	0.49869	0.02398	0.02162	0.02061	0.01648	0.00826	0.00646	0.00207	0.00728	0.00645	0.00567	0.00955
22	0.07572	0.34738	0.35687	0.01474	0.02208	0.04483	0.01706	0.02044	0.01364	0.01905	0.01042	0.01216	0.00830	0.00600	0.00521	0.00178	0.00831	0.00417	0.00291	0.00892
23	0.01404	0.07187	0.01636	0.04475	0.01711	0.01246	0.07637	0.02180	0.22598	0.06873	0.19140	0.03588	0.10948	0.01075	0.00713	0.00217	0.00546	0.05408	0.00601	0.00819
24	0.00801	0.00578	0.00759	0.00903	0.00951	0.00536	0.00605	0.00918	0.01274	0.01686	0.03796	0.72564	0.08116	0.02041	0.00837	0.00265	0.00379	0.01845	0.00611	0.00536
25	0.01328	0.01256	0.02127	0.59671	0.19484	0.01485	0.01870	0.01756	0.01356	0.01785	0.01185	0.01728	0.00914	0.00642	0.00657	0.00214	0.00857	0.00585	0.00300	0.00800
26	0.01649	0.12060	0.09715	0.07670	0.01968	0.13726	0.01254	0.08364	0.04682	0.04015	0.01548	0.03897	0.01403	0.10139	0.07008	0.00323	0.05964	0.03434	0.00402	0.00779
27	0.02351	0.05989	0.01985	0.01673	0.02039	0.61962	0.05040	0.02552	0.01809	0.04129	0.01127	0.01298	0.00914	0.00675	0.00594	0.00172	0.01108	0.00456	0.03347	0.00780
28	0.01602	0.04961	0.01970	0.01583	0.01734	0.09266	0.05039	0.08647	0.01346	0.01829	0.01162	0.01858	0.01124	0.12325	0.01870	0.00309	0.41675	0.00620	0.00350	0.00732
29	0.12184	0.15413	0.30326	0.01585	0.04230	0.11912	0.01632	0.08083	0.01550	0.02199	0.01141	0.01340	0.00890	0.00827	0.03869	0.00228	0.00904	0.00460	0.00342	0.00885
30	0.04433	0.04436	0.01886	0.04663	0.09723	0.37042	0.01301	0.07626	0.04604	0.01957	0.01320	0.05572	0.01167	0.00987	0.04053	0.00234	0.07225	0.00576	0.00387	0.00809
31	0.00940	0.00705	0.01058	0.01058	0.01176	0.00823	0.00823	0.01176	0.01058	0.01528	0.01763	0.02586	0.01646	0.04937	0.74255	0.01058	0.01763	0.00705	0.00353	0.00588
32	0.01507	0.01061	0.01252	0.04563	0.07048	0.04184	0.00897	0.12611	0.01781	0.07451	0.15461	0.14783	0.02776	0.02589	0.00716	0.00209	0.00513	0.00924	0.18914	0.00760
33	0.05009	0.14982	0.31987	0.01585	0.04220	0.06780	0.01660	0.07557	0.01569	0.07371	0.01631	0.01749	0.06060	0.00744	0.00671	0.00197	0.04388	0.00548	0.00384	0.00909
34	0.01118	0.00968	0.01162	0.03414	0.03718	0.04226	0.03114	0.04416	0.04357	0.01896	0.06246	0.21834	0.22308	0.09102	0.01110	0.00278	0.04671	0.04885	0.00539	0.00637
35	0.01061	0.00758	0.01061	0.01212	0.01364	0.00758	0.01061	0.01364	0.01515	0.01970	0.03486	0.07426	0.03789	0.01819	0.00909	0.00303	0.00606	0.68326	0.00606	0.00606
36	0.01590	0.16406	0.30032	0.06832	0.06523	0.03375	0.06644	0.04111	0.01498	0.08076	0.01616	0.04813	0.04216	0.00737	0.00621	0.00198	0.00824	0.00609	0.00374	0.00906
37	0.01559	0.08521	0.08102	0.04214	0.10322	0.03904	0.07835	0.12491	0.09542	0.02398	0.09355	0.04919	0.05877	0.04051	0.00791	0.00226	0.00701	0.03842	0.00489	0.00863
38	0.03346	0.04242	0.01944	0.09438	0.20708	0.08347	0.05452	0.04948	0.05446	0.02005	0.01819	0.14501	0.01778	0.04517	0.03438	0.00266	0.03298	0.03279	0.00420	0.00807
