[name]
unknown

[dist]
# distance from previous block
# <min> <max>
0	58

[block]
# block no. 0 follows, 32 sequences, length 30
# corresponding to MSA columns:
# 58-87
name=unknown_A
#
# <colnr> <probs for GDERKNQSTAVLIFYWHMCP>
#	G	D	E	R	K	N	Q	S	T	A	V	L	I	F	Y	W	H	M	C	P
0	0.01470	0.03836	0.01449	0.01203	0.01532	0.01102	0.05180	0.08936	0.09751	0.08385	0.05992	0.11671	0.13445	0.04006	0.00845	0.00243	0.00563	0.12529	0.00601	0.07261
1	0.15140	0.07097	0.01824	0.01393	0.03649	0.04944	0.03296	0.27884	0.05536	0.11043	0.09950	0.02000	0.01755	0.00815	0.00628	0.00201	0.00657	0.00633	0.00593	0.00962
2	0.17503	0.15095	0.07366	0.08757	0.06306	0.06350	0.10964	0.07237	0.03666	0.06870	0.01277	0.01489	0.00980	0.00666	0.00630	0.00201	0.02826	0.00529	0.00403	0.00887
3	0.01894	0.26162	0.14022	0.05446	0.05819	0.19814	0.05201	0.07168	0.01640	0.01947	0.01102	0.01327	0.00902	0.00664	0.00650	0.00184	0.04363	0.00475	0.00335	0.00883
4	0.01799	0.71970	0.05995	0.01193	0.01776	0.04722	0.01201	0.02033	0.01381	0.01600	0.00946	0.01093	0.00861	0.00580	0.00443	0.00147	0.00742	0.00366	0.00289	0.00863
5	0.01565	0.14128	0.40149	0.01847	0.09309	0.03867	0.01896	0.02113	0.01479	0.06031	0.03866	0.01562	0.01135	0.00651	0.00603	0.00189	0.00845	0.00511	0.00348	0.07904
6	0.00825	0.00650	0.00737	0.00779	0.00931	0.00571	0.00555	0.00989	0.01475	0.01862	0.13043	0.27674	0.41103	0.04560	0.00910	0.00255	0.00364	0.01528	0.00628	0.00561
7	0.00826	0.00587	0.00776	0.00924	0.00961	0.00550	0.00612	0.00936	0.01269	0.01692	0.03618	0.72352	0.04337	0.05869	0.00986	0.00292	0.00403	0.01860	0.00612	0.00538
8	0.07725	0.17463	0.21445	0.06015	0.07554	0.14300	0.06505	0.07720	0.01627	0.02153	0.01149	0.01371	0.00899	0.00641	0.00591	0.00191	0.00909	0.00491	0.00345	0.00906
9	0.01033	0.00757	0.01014	0.01143	0.01309	0.00738	0.00986	0.01319	0.01542	0.01975	0.04096	0.07383	0.15257	0.01828	0.00904	0.00295	0.00571	0.56623	0.00619	0.00609
10	0.00976	0.00651	0.00732	0.00732	0.00732	0.00651	0.00407	0.00976	0.00976	0.01301	0.02114	0.04391	0.02439	0.76419	0.03415	0.00651	0.00651	0.00976	0.00407	0.00407
11	0.00958	0.00643	0.00737	0.00755	0.00759	0.00639	0.00431	0.00971	0.01011	0.01348	0.02293	0.12490	0.02666	0.68012	0.03126	0.00608	0.00621	0.01081	0.00431	0.00422
12	0.01794	0.76823	0.03516	0.01148	0.01722	0.02655	0.01148	0.02009	0.01363	0.01579	0.00933	0.01076	0.00861	0.00574	0.00431	0.00144	0.00718	0.00359	0.00287	0.00861
13	0.01462	0.09937	0.54418	0.02048	0.07147	0.03934	0.07708	0.02130	0.01447	0.02066	0.01190	0.01426	0.00878	0.00625	0.00632	0.00205	0.00972	0.00511	0.00293	0.00970
14	0.12329	0.19362	0.19841	0.01761	0.05170	0.07373	0.12450	0.06279	0.01570	0.06216	0.01227	0.01413	0.00936	0.00633	0.00588	0.00194	0.00858	0.00510	0.00372	0.00917
15	0.00976	0.00651	0.00732	0.00732	0.00732	0.00651	0.00407	0.00976	0.00976	0.01301	0.02114	0.04391	0.02439	0.76419	0.03415	0.00651	0.00651	0.00976	0.00407	0.00407
16	0.00943	0.00681	0.00891	0.00849	0.01001	0.00629	0.00633	0.01250	0.01869	0.02643	0.68541	0.08487	0.06238	0.01408	0.00795	0.00214	0.00320	0.01247	0.00733	0.00629
17	0.01458	0.01232	0.01427	0.01025	0.01618	0.00962	0.00823	0.05595	0.01492	0.02303	0.01217	0.01404	0.01002	0.00515	0.00507	0.00105	0.00511	0.00409	0.00413	0.75982
18	0.01457	0.01565	0.03166	0.02345	0.02823	0.01564	0.48971	0.01882	0.01422	0.01957	0.01482	0.05091	0.01307	0.08870	0.03079	0.00303	0.10726	0.00828	0.00353	0.00807
19	0.11276	0.01204	0.01525	0.01183	0.01692	0.01110	0.00977	0.07299	0.01915	0.61026	0.02401	0.02115	0.01529	0.00807	0.00647	0.00207	0.00576	0.00637	0.00776	0.01098
20	0.00966	0.00689	0.00928	0.00928	0.00996	0.00757	0.00651	0.01102	0.01034	0.01446	0.01935	0.03397	0.02008	0.35978	0.43266	0.00893	0.01300	0.00830	0.00380	0.00516
21	0.00910	0.00668	0.00853	0.00842	0.00987	0.00611	0.00618	0.01176	0.01753	0.02427	0.53050	0.17447	0.13095	0.01534	0.00803	0.00223	0.00332	0.01355	0.00706	0.00611
22	0.01794	0.76823	0.03516	0.01148	0.01722	0.02655	0.01148	0.02009	0.01363	0.01579	0.00933	0.01076	0.00861	0.00574	0.00431	0.00144	0.00718	0.00359	0.00287	0.00861
23	0.00806	0.00666	0.00708	0.00727	0.00922	0.00567	0.00534	0.00978	0.01517	0.01853	0.10405	0.16587	0.57937	0.01738	0.00802	0.00232	0.00346	0.01476	0.00630	0.00567
24	0.00830	0.00589	0.00775	0.00918	0.00954	0.00554	0.00605	0.00938	0.01260	0.01679	0.03570	0.70167	0.04276	0.08137	0.01064	0.00303	0.00411	0.01832	0.00605	0.00534
25	0.00816	0.00589	0.00774	0.00921	0.00970	0.00546	0.00617	0.00936	0.01297	0.01718	0.03856	0.72443	0.07874	0.02082	0.00853	0.00270	0.00387	0.01883	0.00623	0.00546
26	0.02374	0.01775	0.01900	0.01490	0.01986	0.01973	0.01215	0.58486	0.12255	0.03929	0.01781	0.01833	0.01311	0.03585	0.00773	0.00221	0.00707	0.00639	0.00663	0.01104
27	0.02221	0.02049	0.01777	0.01530	0.04180	0.25152	0.01164	0.18181	0.11178	0.09173	0.01579	0.01621	0.01189	0.00721	0.00619	0.00177	0.00807	0.00537	0.00520	0.15625
28	0.01976	0.09297	0.04256	0.01244	0.03493	0.04212	0.00999	0.04293	0.12835	0.26013	0.05839	0.06471	0.07663	0.07318	0.00900	0.00245	0.00599	0.00807	0.00624	0.00914
29	0.07715	0.11239	0.11156	0.05262	0.04032	0.11700	0.07081	0.09005	0.01720	0.14326	0.01631	0.07566	0.01327	0.00796	0.00631	0.00200	0.00799	0.00646	0.00471	0.02699

[dist]
# distance from previous block
# <min> <max>
0	2

[block]
# block no. 1 follows, 32 sequences, length 47
# corresponding to MSA columns:
# 90-136
name=unknown_B
#
# <colnr> <probs for GDERKNQSTAVLIFYWHMCP>
#	G	D	E	R	K	N	Q	S	T	A	V	L	I	F	Y	W	H	M	C	P
0	0.10975	0.29518	0.04013	0.01608	0.04244	0.07514	0.15359	0.04656	0.01504	0.02085	0.01107	0.01330	0.00914	0.00587	0.00547	0.00169	0.00795	0.00480	0.00349	0.12246
1	0.01007	0.00860	0.02659	0.01212	0.04777	0.00760	0.05928	0.01246	0.03119	0.03137	0.03840	0.42396	0.18116	0.04161	0.00890	0.00259	0.00486	0.01495	0.00571	0.03079
2	0.07455	0.09087	0.04948	0.01651	0.07178	0.27463	0.01262	0.11359	0.07625	0.02251	0.01810	0.01912	0.07848	0.00821	0.00695	0.00196	0.04552	0.00589	0.00437	0.00863
3	0.04448	0.15058	0.23455	0.02184	0.05621	0.06945	0.28712	0.02146	0.01503	0.02042	0.01200	0.01498	0.00924	0.00600	0.00654	0.00203	0.00991	0.00585	0.00317	0.00913
4	0.01119	0.00779	0.00960	0.00975	0.01144	0.00759	0.00716	0.01546	0.11024	0.06873	0.19041	0.34754	0.11724	0.01637	0.00802	0.00245	0.00409	0.04143	0.00671	0.00681
5	0.01565	0.01720	0.03578	0.08879	0.12805	0.01677	0.53112	0.02086	0.01540	0.02104	0.01317	0.01778	0.01010	0.00596	0.00806	0.00224	0.03219	0.00744	0.00334	0.00908
6	0.01958	0.01406	0.01725	0.01409	0.01813	0.01508	0.05718	0.22959	0.19068	0.13124	0.05928	0.07644	0.06920	0.01018	0.00786	0.00222	0.04319	0.00843	0.00652	0.00978
7	0.01280	0.01035	0.01057	0.01000	0.01232	0.07641	0.00762	0.01710	0.09709	0.07124	0.27876	0.10629	0.20216	0.01380	0.00766	0.00223	0.00470	0.04524	0.00658	0.00707
8	0.02356	0.01665	0.01798	0.01415	0.01897	0.01829	0.01157	0.51814	0.10669	0.08162	0.01858	0.01839	0.01332	0.00817	0.00654	0.00201	0.00664	0.00628	0.08163	0.01084
9	0.02494	0.01813	0.01915	0.01494	0.01995	0.04684	0.01221	0.57848	0.05184	0.08612	0.01678	0.01688	0.01197	0.00868	0.00749	0.03475	0.00732	0.00607	0.00654	0.01090
10	0.12561	0.01673	0.01814	0.01423	0.01921	0.01829	0.02461	0.49047	0.05097	0.09972	0.01731	0.04471	0.01290	0.00833	0.00648	0.00207	0.00682	0.00638	0.00645	0.01058
11	0.00826	0.00590	0.00789	0.00945	0.00987	0.00553	0.00638	0.00950	0.01293	0.01723	0.03693	0.73661	0.04418	0.02094	0.00859	0.00274	0.00397	0.04139	0.00623	0.00547
12	0.00853	0.00651	0.00927	0.01009	0.01092	0.00603	0.03994	0.00996	0.01317	0.01741	0.03803	0.67430	0.09056	0.01999	0.00849	0.00267	0.00422	0.01818	0.00609	0.00564
13	0.05080	0.01659	0.01775	0.01419	0.01900	0.04168	0.01154	0.39637	0.15017	0.15479	0.01955	0.01891	0.01389	0.00964	0.03172	0.00237	0.00717	0.00634	0.00670	0.01082
14	0.01332	0.01259	0.02130	0.63143	0.15777	0.01508	0.01896	0.01771	0.01372	0.01793	0.01204	0.01768	0.00922	0.00659	0.00670	0.00220	0.00878	0.00597	0.00304	0.00798
15	0.00860	0.00608	0.00798	0.00933	0.00976	0.00578	0.00633	0.00978	0.01266	0.01683	0.03478	0.60892	0.04128	0.11840	0.01198	0.00325	0.00443	0.07257	0.00594	0.00533
16	0.01745	0.68845	0.11067	0.01231	0.01851	0.02536	0.01293	0.02022	0.01369	0.01638	0.00962	0.01113	0.00860	0.00581	0.00453	0.00151	0.00747	0.00374	0.00287	0.00875
17	0.00951	0.00675	0.00897	0.00914	0.00974	0.00726	0.00630	0.01074	0.01056	0.01464	0.02137	0.11228	0.02300	0.35419	0.35717	0.00808	0.01154	0.00956	0.00408	0.00511
18	0.01068	0.00895	0.01137	0.01124	0.01260	0.06004	0.00871	0.01303	0.01137	0.01564	0.01743	0.02535	0.01620	0.04725	0.68575	0.01014	0.01756	0.00699	0.00358	0.00612
19	0.01744	0.01521	0.01547	0.01390	0.01765	0.05354	0.01093	0.08889	0.56892	0.02808	0.02609	0.02722	0.02040	0.00957	0.00695	0.00228	0.00589	0.05474	0.00660	0.01022
20	0.26414	0.09585	0.05613	0.11015	0.31213	0.01666	0.01544	0.01989	0.01362	0.02322	0.01114	0.01423	0.00906	0.00614	0.00561	0.00199	0.00723	0.00494	0.00347	0.00896
21	0.01711	0.01794	0.01836	0.12225	0.02185	0.20359	0.01351	0.06110	0.04314	0.01913	0.05978	0.01823	0.01369	0.01232	0.06423	0.00294	0.27325	0.00608	0.00381	0.00769
22	0.00821	0.00597	0.00774	0.00907	0.00968	0.00551	0.00613	0.00950	0.01333	0.01762	0.06756	0.66558	0.10871	0.02035	0.00848	0.00266	0.00382	0.01833	0.00628	0.00551
23	0.01714	0.01464	0.01543	0.01375	0.01762	0.01690	0.01073	0.06990	0.67523	0.02880	0.02673	0.02457	0.02001	0.00905	0.00682	0.00226	0.00542	0.00751	0.00682	0.01066
24	0.04517	0.01656	0.02326	0.11637	0.42116	0.06545	0.01750	0.09973	0.06772	0.04163	0.01409	0.01697	0.01114	0.00666	0.00655	0.00203	0.00796	0.00593	0.00409	0.01005
25	0.01400	0.08197	0.58195	0.04384	0.02948	0.01646	0.09854	0.02106	0.01429	0.02077	0.01202	0.01450	0.00871	0.00626	0.00642	0.00210	0.00985	0.00523	0.00290	0.00965
26	0.00818	0.00584	0.00779	0.00934	0.00973	0.00545	0.00623	0.00934	0.01285	0.01713	0.03698	0.75981	0.04438	0.02102	0.00856	0.00273	0.00389	0.01908	0.00623	0.00545
27	0.01451	0.03317	0.62865	0.02058	0.07824	0.06675	0.02365	0.02160	0.01459	0.02096	0.01196	0.01420	0.00866	0.00638	0.00637	0.00209	0.00993	0.00499	0.00291	0.00982
28	0.06115	0.06993	0.01949	0.01573	0.05400	0.12865	0.01222	0.36498	0.07316	0.05123	0.01809	0.01988	0.03960	0.00836	0.00647	0.00200	0.00762	0.03182	0.00567	0.00994
29	0.01755	0.01533	0.01651	0.01589	0.06908	0.03703	0.01156	0.08202	0.59161	0.02832	0.02496	0.02342	0.01878	0.00874	0.00678	0.00222	0.00584	0.00727	0.00647	0.01060
30	0.00800	0.00669	0.00697	0.00713	0.00917	0.00566	0.00526	0.00969	0.01513	0.01827	0.08330	0.14145	0.62561	0.01735	0.00800	0.00231	0.00345	0.01465	0.00626	0.00566
31	0.03964	0.01389	0.05138	0.11725	0.10365	0.01383	0.20207	0.04993	0.01362	0.01910	0.01251	0.01838	0.01059	0.02990	0.01380	0.20708	0.06628	0.00645	0.00335	0.00729
32	0.01841	0.04162	0.02068	0.17683	0.18801	0.19756	0.01515	0.10213	0.06726	0.02259	0.07213	0.01890	0.01489	0.00747	0.00656	0.00199	0.00854	0.00612	0.00426	0.00891
33	0.00818	0.00584	0.00779	0.00934	0.00973	0.00545	0.00623	0.00934	0.01285	0.01713	0.03698	0.75981	0.04438	0.02102	0.00856	0.00273	0.00389	0.01908	0.00623	0.00545
34	0.01473	0.08220	0.37062	0.09979	0.05972	0.03181	0.20541	0.02088	0.01465	0.02039	0.01223	0.01543	0.00910	0.00616	0.00668	0.00211	0.00995	0.00579	0.00304	0.00930
35	0.01716	0.01673	0.02541	0.09572	0.56964	0.06451	0.01928	0.04432	0.04181	0.02208	0.01308	0.01671	0.01075	0.00629	0.00662	0.00201	0.00821	0.00593	0.00355	0.01020
36	0.01162	0.00917	0.01099	0.00988	0.01288	0.00791	0.00731	0.06124	0.01471	0.02080	0.02728	0.38318	0.06164	0.01367	0.00700	0.00198	0.00453	0.01204	0.00539	0.31678
37	0.02524	0.01594	0.01797	0.01413	0.01917	0.01699	0.01156	0.39381	0.14869	0.23276	0.02102	0.01959	0.01449	0.00831	0.00674	0.00208	0.00654	0.00651	0.00718	0.01127
38	0.06207	0.06763	0.58570	0.01901	0.02807	0.01622	0.08786	0.02112	0.01414	0.02154	0.01189	0.01418	0.00859	0.00627	0.00629	0.00210	0.00963	0.00510	0.00297	0.00961
39	0.01476	0.01043	0.01288	0.10010	0.01782	0.01116	0.00968	0.02280	0.25805	0.12092	0.03155	0.25443	0.08132	0.01302	0.00743	0.00238	0.00521	0.01135	0.00634	0.00836
40	0.00812	0.00604	0.00758	0.00882	0.00959	0.00549	0.00600	0.00940	0.01335	0.01733	0.04338	0.61624	0.18382	0.02019	0.00843	0.00263	0.00379	0.01806	0.00623	0.00549
41	0.01562	0.01355	0.01418	0.01115	0.01595	0.06021	0.00880	0.11736	0.06784	0.02469	0.05554	0.05115	0.07247	0.00793	0.00597	0.00152	0.00557	0.00642	0.00500	0.43910
42	0.23207	0.01038	0.01207	0.06619	0.01589	0.01178	0.00940	0.06371	0.04024	0.04428	0.01883	0.02635	0.03749	0.02518	0.29041	0.00558	0.01065	0.06782	0.00451	0.00718
43	0.02082	0.01526	0.01697	0.01485	0.04233	0.01688	0.01144	0.21385	0.41319	0.12310	0.02368	0.02205	0.01719	0.00861	0.00678	0.00217	0.00601	0.00701	0.00687	0.01094
44	0.01604	0.01119	0.01295	0.01305	0.06860	0.08638	0.00876	0.06347	0.01399	0.08410	0.06216	0.04352	0.01614	0.01623	0.01665	0.41121	0.00649	0.00654	0.00423	0.03830
45	0.02181	0.05862	0.08846	0.01369	0.01854	0.08103	0.01197	0.23520	0.05842	0.18958	0.05274	0.05016	0.04010	0.03966	0.00779	0.00222	0.00706	0.00709	0.00608	0.00978
46	0.01993	0.02010	0.10925	0.04367	0.02145	0.13465	0.04132	0.17444	0.15641	0.08853	0.04578	0.02033	0.03514	0.00827	0.00720	0.00208	0.03319	0.00648	0.00539	0.02639

[dist]
# distance from previous block
# <min> <max>
0	34

[block]
# block no. 2 follows, 32 sequences, length 38
# corresponding to MSA columns:
# 171-208
name=unknown_C
#
# <colnr> <probs for GDERKNQSTAVLIFYWHMCP>
#	G	D	E	R	K	N	Q	S	T	A	V	L	I	F	Y	W	H	M	C	P
0	0.12602	0.04814	0.27689	0.01729	0.02357	0.13228	0.10539	0.05943	0.03488	0.02310	0.05664	0.01648	0.01253	0.00713	0.00679	0.00207	0.03309	0.00563	0.00380	0.00885
1	0.05629	0.06361	0.01699	0.01322	0.01685	0.13558	0.06659	0.12365	0.01811	0.09101	0.05033	0.11737	0.10786	0.04498	0.00813	0.00229	0.00701	0.02709	0.00537	0.02766
2	0.14135	0.01257	0.09681	0.01261	0.03714	0.01046	0.04581	0.01553	0.01428	0.04106	0.10502	0.11398	0.13489	0.03391	0.03224	0.00270	0.03677	0.07667	0.00509	0.03108
3	0.47272	0.01309	0.01461	0.20576	0.09218	0.01521	0.01178	0.02016	0.05727	0.02577	0.01150	0.01420	0.00889	0.00651	0.00524	0.00212	0.00646	0.00473	0.00394	0.00786
4	0.02008	0.01470	0.01621	0.01331	0.01781	0.01578	0.01065	0.23732	0.31236	0.10560	0.06822	0.02261	0.01907	0.00859	0.00667	0.00204	0.00582	0.00696	0.00670	0.08949
5	0.02203	0.01706	0.01818	0.01473	0.01948	0.01918	0.01191	0.43765	0.29952	0.03667	0.02053	0.01963	0.01499	0.00847	0.00676	0.00212	0.00656	0.00665	0.00676	0.01110
6	0.01631	0.01564	0.02669	0.09496	0.67090	0.01586	0.02044	0.02033	0.01514	0.02156	0.01257	0.01670	0.01050	0.00603	0.00665	0.00201	0.00805	0.00598	0.00330	0.01039
7	0.00829	0.00592	0.00792	0.00948	0.00992	0.00555	0.00644	0.00955	0.01296	0.01726	0.03692	0.72870	0.04412	0.02091	0.00860	0.00274	0.00400	0.04900	0.00623	0.00548
8	0.01403	0.07993	0.60338	0.01971	0.02899	0.01645	0.10336	0.02120	0.01433	0.02093	0.01205	0.01441	0.00871	0.00625	0.00642	0.00210	0.00990	0.00522	0.00290	0.00973
9	0.00960	0.00715	0.01056	0.01056	0.01168	0.00827	0.00811	0.01184	0.01072	0.01541	0.01818	0.02749	0.01726	0.09624	0.69235	0.01051	0.01724	0.00735	0.00362	0.00587
10	0.00959	0.00719	0.01078	0.01078	0.01198	0.00839	0.00839	0.01198	0.01078	0.01558	0.01797	0.02636	0.01677	0.05032	0.73760	0.01078	0.01797	0.00719	0.00359	0.00599
11	0.00836	0.00606	0.00794	0.00937	0.01000	0.00564	0.00649	0.00971	0.01324	0.01743	0.03931	0.65300	0.09713	0.02052	0.00857	0.00272	0.00403	0.06875	0.00622	0.00552
12	0.01775	0.73807	0.06371	0.01180	0.01771	0.02610	0.01203	0.02014	0.01366	0.01601	0.00944	0.01090	0.00861	0.00577	0.00439	0.00146	0.00729	0.00364	0.00287	0.00866
13	0.01669	0.01441	0.01517	0.01365	0.01745	0.01669	0.01062	0.03565	0.71021	0.02807	0.02731	0.02503	0.02048	0.00910	0.00683	0.00228	0.00531	0.00759	0.00683	0.01062
14	0.00818	0.00584	0.00779	0.00934	0.00973	0.00545	0.00623	0.00934	0.01285	0.01713	0.03698	0.75981	0.04438	0.02102	0.00856	0.00273	0.00389	0.01908	0.00623	0.00545
15	0.37166	0.01353	0.01396	0.03105	0.01674	0.01449	0.00949	0.14261	0.04920	0.25093	0.01679	0.01639	0.01157	0.00734	0.00560	0.00208	0.00584	0.00527	0.00599	0.00945
16	0.07087	0.02281	0.01913	0.01648	0.04365	0.27335	0.01266	0.36710	0.05824	0.03106	0.01411	0.01483	0.01060	0.00753	0.00633	0.00193	0.00884	0.00536	0.00530	0.00982
17	0.02798	0.01482	0.01768	0.01355	0.01883	0.01491	0.01120	0.34055	0.02490	0.41109	0.02169	0.01973	0.01421	0.00819	0.00673	0.00205	0.00648	0.00642	0.00757	0.01142
18	0.00949	0.00688	0.00896	0.00852	0.01012	0.00636	0.00644	0.01261	0.01877	0.02643	0.67746	0.05138	0.08185	0.01397	0.00796	0.00215	0.00327	0.03376	0.00731	0.00631
19	0.01515	0.01487	0.02370	0.41891	0.24751	0.05312	0.07043	0.04031	0.01502	0.01966	0.01231	0.01716	0.00961	0.00646	0.00675	0.00213	0.00895	0.00603	0.00326	0.00867
20	0.08807	0.10180	0.01712	0.01203	0.01638	0.01449	0.00992	0.17487	0.07028	0.26078	0.06057	0.10581	0.01983	0.00960	0.00652	0.00208	0.00583	0.00774	0.00656	0.00971
21	0.00830	0.00605	0.00784	0.00913	0.00980	0.00559	0.00626	0.00970	0.01352	0.01788	0.07922	0.63009	0.11229	0.02013	0.00848	0.00265	0.00387	0.03738	0.00629	0.00554
22	0.01438	0.10465	0.55483	0.02169	0.13225	0.01673	0.02284	0.02104	0.01428	0.02081	0.01186	0.01420	0.00883	0.00625	0.00621	0.00204	0.00935	0.00498	0.00291	0.00989
23	0.06236	0.04320	0.07492	0.06064	0.01991	0.03698	0.01205	0.19808	0.15279	0.13878	0.04761	0.06793	0.03715	0.00914	0.00666	0.00213	0.00656	0.00737	0.00603	0.00972
24	0.16540	0.59260	0.02969	0.01127	0.01661	0.05882	0.01077	0.02035	0.01348	0.01847	0.00938	0.01085	0.00836	0.00589	0.00436	0.00157	0.00705	0.00363	0.00314	0.00832
25	0.00947	0.00726	0.00886	0.00928	0.01103	0.00681	0.00730	0.01254	0.04448	0.02101	0.20663	0.14616	0.27092	0.01680	0.00832	0.00251	0.00424	0.19375	0.00651	0.00614
26	0.07984	0.06107	0.06238	0.06620	0.12426	0.01665	0.07640	0.14401	0.10723	0.12151	0.03113	0.01836	0.01321	0.00752	0.00717	0.00211	0.03973	0.00622	0.00511	0.00987
27	0.06952	0.03906	0.02373	0.06610	0.44682	0.12223	0.01728	0.05010	0.04434	0.03912	0.01302	0.01594	0.01056	0.00643	0.00635	0.00197	0.00824	0.00560	0.00377	0.00983
28	0.00847	0.00678	0.00758	0.00746	0.00942	0.00588	0.00556	0.01065	0.01645	0.02108	0.28830	0.08781	0.46882	0.01604	0.00795	0.00223	0.00334	0.01367	0.00662	0.00588
29	0.01887	0.34199	0.13766	0.01443	0.01981	0.23778	0.01372	0.02294	0.06095	0.01821	0.04722	0.01463	0.01215	0.00682	0.00551	0.00172	0.00877	0.00472	0.00353	0.00858
30	0.07668	0.03385	0.13102	0.03719	0.11717	0.03942	0.01425	0.10393	0.24645	0.05329	0.01946	0.06564	0.01561	0.00842	0.00654	0.00215	0.00692	0.00694	0.00522	0.00984
31	0.01525	0.06939	0.17969	0.08173	0.11613	0.01725	0.33327	0.02056	0.01473	0.02044	0.01243	0.01638	0.00960	0.00632	0.00802	0.00219	0.05779	0.00650	0.00317	0.00916
32	0.00850	0.00616	0.00791	0.00904	0.00975	0.00573	0.00623	0.00990	0.01352	0.01788	0.09171	0.55026	0.11416	0.06771	0.01013	0.00289	0.00408	0.05279	0.00618	0.00549
33	0.05403	0.18780	0.21100	0.01579	0.06768	0.03774	0.01480	0.09304	0.05497	0.07709	0.08649	0.03950	0.01680	0.00785	0.00613	0.00196	0.00732	0.00617	0.00456	0.00931
34	0.03776	0.12790	0.31530	0.03923	0.02572	0.08760	0.11489	0.02359	0.08321	0.06207	0.01399	0.01565	0.01040	0.00662	0.00630	0.00203	0.00910	0.00549	0.00373	0.00942
35	0.00996	0.00722	0.00955	0.00987	0.01131	0.00669	0.03147	0.03437	0.01448	0.04720	0.04190	0.49983	0.19206	0.01853	0.00829	0.00257	0.00432	0.03807	0.00623	0.00610
36	0.01975	0.38232	0.05611	0.01690	0.09383	0.26593	0.01339	0.02219	0.01556	0.01687	0.01044	0.01251	0.00911	0.00770	0.03011	0.00194	0.00941	0.00427	0.00314	0.00851
37	0.04182	0.05654	0.06276	0.01682	0.06621	0.05064	0.09564	0.16173	0.06115	0.07889	0.04221	0.10375	0.05058	0.00949	0.00754	0.00213	0.04101	0.00803	0.00521	0.03785

[dist]
# distance from previous block
# <min> <max>
4	8

[block]
# block no. 3 follows, 32 sequences, length 40
# corresponding to MSA columns:
# 220-259
name=unknown_D
#
# <colnr> <probs for GDERKNQSTAVLIFYWHMCP>
#	G	D	E	R	K	N	Q	S	T	A	V	L	I	F	Y	W	H	M	C	P
0	0.07678	0.06724	0.02040	0.01632	0.05770	0.14639	0.01265	0.42976	0.02550	0.06208	0.01446	0.01502	0.01064	0.00749	0.00627	0.00193	0.00802	0.00545	0.00561	0.01028
1	0.05166	0.09377	0.11419	0.04888	0.04324	0.11895	0.04042	0.04789	0.15540	0.17148	0.01918	0.01917	0.03123	0.00764	0.00634	0.00202	0.00766	0.00605	0.00519	0.00965
2	0.06779	0.06334	0.12315	0.06841	0.10168	0.17863	0.10200	0.08283	0.01725	0.08740	0.01349	0.01569	0.01021	0.00806	0.02954	0.00226	0.00951	0.00555	0.00407	0.00915
3	0.01173	0.00881	0.01030	0.00939	0.01184	0.00855	0.00716	0.05927	0.10448	0.04398	0.36488	0.08534	0.19010	0.01340	0.00759	0.00215	0.00393	0.01153	0.00685	0.03872
4	0.01356	0.00973	0.01394	0.13694	0.04703	0.00989	0.03811	0.01804	0.07857	0.11025	0.20507	0.10560	0.12197	0.01219	0.00756	0.00228	0.00546	0.05012	0.00605	0.00765
5	0.08902	0.06858	0.29209	0.04101	0.02524	0.06365	0.15600	0.02051	0.01499	0.04319	0.07829	0.01853	0.01444	0.00870	0.03541	0.00242	0.00927	0.00616	0.00374	0.00875
6	0.01680	0.04769	0.05094	0.09713	0.30881	0.04492	0.18240	0.02287	0.09530	0.04507	0.01469	0.01777	0.01146	0.00645	0.00685	0.00209	0.00869	0.00646	0.00385	0.00976
7	0.00912	0.00661	0.00842	0.00954	0.01031	0.00631	0.00653	0.04768	0.01402	0.01858	0.03752	0.68042	0.07957	0.02008	0.00843	0.00266	0.00406	0.01808	0.00626	0.00579
8	0.01720	0.04747	0.07872	0.19077	0.12865	0.08773	0.18644	0.10047	0.05521	0.02260	0.01352	0.01683	0.01033	0.00659	0.00683	0.00210	0.00933	0.00622	0.00381	0.00919
9	0.04090	0.17730	0.02565	0.02378	0.26713	0.09063	0.05217	0.11894	0.01779	0.07288	0.01350	0.01554	0.01068	0.00654	0.00603	0.00186	0.00789	0.00542	0.03564	0.00973
10	0.00826	0.00588	0.00776	0.00923	0.00960	0.00551	0.00611	0.00937	0.01268	0.01691	0.03613	0.72123	0.04330	0.06107	0.00994	0.00293	0.00403	0.01857	0.00611	0.00538
11	0.04537	0.04373	0.27925	0.04652	0.08313	0.08007	0.01676	0.02014	0.05704	0.02171	0.10802	0.02652	0.02004	0.00911	0.00741	0.00221	0.03745	0.08272	0.00421	0.00859
12	0.01204	0.00914	0.01335	0.01732	0.18053	0.00890	0.01022	0.01499	0.05104	0.06168	0.03121	0.44816	0.05995	0.01579	0.00790	0.00248	0.00511	0.03715	0.00569	0.00735
13	0.01183	0.00770	0.00894	0.00822	0.01075	0.00679	0.00631	0.01460	0.03734	0.12282	0.25272	0.05316	0.40460	0.01455	0.00772	0.00219	0.00372	0.01231	0.00689	0.00683
14	0.01613	0.01546	0.02638	0.12639	0.64084	0.01582	0.02036	0.02018	0.01505	0.02135	0.01254	0.01676	0.01043	0.00607	0.00665	0.00202	0.00809	0.00598	0.00328	0.01025
15	0.12403	0.02005	0.13146	0.01793	0.10731	0.08552	0.01438	0.24395	0.04227	0.07418	0.01597	0.04741	0.01272	0.00804	0.00640	0.00208	0.00768	0.02375	0.00510	0.00978
16	0.01317	0.01230	0.02015	0.68245	0.04374	0.01542	0.01822	0.03730	0.01376	0.01783	0.01186	0.01764	0.00901	0.00705	0.00763	0.00227	0.05358	0.00596	0.00309	0.00756
17	0.00814	0.00598	0.00764	0.00898	0.00964	0.00548	0.00607	0.00938	0.01320	0.01727	0.04141	0.66039	0.14094	0.02045	0.00847	0.00266	0.00382	0.01837	0.00623	0.00548
18	0.04296	0.05025	0.17377	0.01540	0.01984	0.18686	0.06829	0.01992	0.05302	0.01971	0.06178	0.12296	0.04195	0.01267	0.05903	0.00274	0.02875	0.00799	0.00422	0.00790
19	0.04847	0.04277	0.13423	0.04864	0.23463	0.10275	0.05001	0.04848	0.09667	0.04286	0.01867	0.02032	0.06724	0.00755	0.00655	0.00205	0.00809	0.00640	0.00418	0.00945
20	0.01193	0.00760	0.00977	0.00890	0.01099	0.00701	0.00678	0.01544	0.04069	0.10463	0.57906	0.04718	0.09753	0.01317	0.00775	0.00212	0.00353	0.01151	0.00740	0.00699
21	0.01257	0.01003	0.01318	0.01386	0.07674	0.01029	0.02923	0.12432	0.04085	0.02281	0.07300	0.36886	0.11665	0.01541	0.00843	0.00243	0.03457	0.01353	0.00592	0.00732
22	0.01609	0.03921	0.04168	0.11558	0.09708	0.13790	0.15830	0.05969	0.01584	0.02006	0.03789	0.05854	0.01429	0.01393	0.11202	0.00336	0.03950	0.00709	0.00381	0.00815
23	0.01350	0.01101	0.01107	0.01035	0.01237	0.08936	0.00782	0.07681	0.05441	0.02164	0.10919	0.05012	0.08351	0.07032	0.18208	0.03708	0.00852	0.00828	0.13583	0.00672
24	0.00943	0.00637	0.00742	0.00774	0.00782	0.00628	0.00452	0.00967	0.01040	0.01387	0.02446	0.19374	0.02858	0.60865	0.02880	0.00571	0.00596	0.01171	0.00452	0.00436
25	0.01627	0.10938	0.19447	0.01776	0.06860	0.07315	0.09848	0.04786	0.05612	0.06771	0.02082	0.07771	0.06110	0.00915	0.00683	0.00214	0.00805	0.05111	0.00443	0.00888
26	0.01529	0.08740	0.12799	0.05121	0.07786	0.01677	0.32924	0.02235	0.11238	0.02146	0.01617	0.06234	0.01329	0.00723	0.00712	0.00218	0.00912	0.00752	0.00390	0.00918
27	0.00816	0.00610	0.00759	0.00870	0.00958	0.00553	0.00596	0.00952	0.01364	0.01770	0.06730	0.56800	0.20822	0.01980	0.00839	0.00259	0.00375	0.01765	0.00627	0.00553
28	0.01536	0.04490	0.06516	0.22171	0.39019	0.01619	0.10999	0.01983	0.01474	0.02035	0.01241	0.01679	0.00994	0.00614	0.00673	0.00208	0.00874	0.00609	0.00320	0.00947
29	0.02024	0.03917	0.01673	0.04240	0.01869	0.07177	0.01106	0.22392	0.22085	0.11339	0.05237	0.02615	0.07532	0.00944	0.00684	0.00212	0.00648	0.02685	0.00639	0.00983
30	0.00819	0.00679	0.00706	0.00700	0.00909	0.00578	0.00519	0.00997	0.01545	0.01887	0.13799	0.06203	0.61521	0.05064	0.00912	0.00244	0.00351	0.01374	0.00626	0.00567
31	0.01268	0.00838	0.01055	0.01072	0.01246	0.00836	0.00814	0.04314	0.09270	0.08776	0.09501	0.31719	0.03685	0.07082	0.01008	0.00288	0.00497	0.15391	0.00645	0.00696
32	0.09782	0.12988	0.08597	0.05353	0.01932	0.17640	0.01203	0.07572	0.11316	0.02242	0.04293	0.02245	0.10480	0.00853	0.00613	0.00197	0.00757	0.00641	0.00457	0.00840
33	0.00997	0.00718	0.00764	0.00737	0.00983	0.00604	0.00558	0.01173	0.01556	0.08295	0.06295	0.08823	0.62860	0.01636	0.00785	0.00227	0.00363	0.01368	0.00642	0.00618
34	0.02499	0.01790	0.01937	0.01504	0.02025	0.01970	0.01236	0.59366	0.09418	0.08631	0.01784	0.01739	0.01260	0.00817	0.00673	0.00204	0.00708	0.00623	0.00683	0.01134
35	0.05725	0.08609	0.04339	0.01307	0.05495	0.03251	0.02901	0.06362	0.10564	0.04113	0.13402	0.06078	0.08703	0.08059	0.03449	0.00277	0.00630	0.02376	0.00531	0.03829
36	0.18983	0.03898	0.13326	0.01622	0.05803	0.07164	0.07449	0.09298	0.11149	0.08018	0.04012	0.01853	0.03101	0.00749	0.00618	0.00208	0.00741	0.00599	0.00485	0.00924
37	0.12330	0.12998	0.14024	0.06007	0.10034	0.06513	0.01467	0.16429	0.06495	0.02591	0.01526	0.01666	0.03719	0.00722	0.00597	0.00198	0.00766	0.00547	0.00433	0.00937
38	0.01612	0.18299	0.12254	0.01820	0.13227	0.03606	0.05827	0.11705	0.01735	0.02283	0.04926	0.02395	0.12803	0.00836	0.00636	0.00191	0.00726	0.00690	0.00432	0.03995
39	0.09075	0.20103	0.10215	0.07215	0.02259	0.09901	0.07477	0.10842	0.09441	0.02355	0.04080	0.01631	0.01245	0.00703	0.00595	0.00193	0.00802	0.00549	0.00421	0.00898

[dist]
# distance from previous block
# <min> <max>
1	9

[block]
# block no. 4 follows, 32 sequences, length 27
# corresponding to MSA columns:
# 269-295
name=unknown_E
#
# <colnr> <probs for GDERKNQSTAVLIFYWHMCP>
#	G	D	E	R	K	N	Q	S	T	A	V	L	I	F	Y	W	H	M	C	P
0	0.01802	0.08000	0.01942	0.01882	0.18052	0.03409	0.03901	0.09089	0.07358	0.14270	0.09302	0.02879	0.13368	0.00938	0.00684	0.00204	0.00628	0.00800	0.00562	0.00929
1	0.13040	0.01138	0.01419	0.01293	0.04289	0.03227	0.07797	0.06899	0.01503	0.02224	0.02633	0.21359	0.10294	0.05865	0.00861	0.00243	0.00585	0.03420	0.00504	0.11406
2	0.01592	0.03789	0.02597	0.09373	0.10362	0.05416	0.27044	0.02147	0.08485	0.05833	0.04523	0.09465	0.01690	0.00820	0.00723	0.00216	0.00843	0.00824	0.00440	0.03817
3	0.01825	0.10889	0.01924	0.01584	0.06574	0.17621	0.01181	0.08323	0.20537	0.02302	0.06612	0.06001	0.01804	0.00897	0.00764	0.00204	0.06571	0.00684	0.00497	0.03205
4	0.00947	0.00739	0.00860	0.00844	0.01025	0.00695	0.00622	0.01323	0.07978	0.02237	0.32849	0.13969	0.27629	0.04179	0.00883	0.00241	0.00365	0.01317	0.00669	0.00631
5	0.02203	0.06228	0.01931	0.01447	0.01941	0.04600	0.01183	0.41937	0.20538	0.03478	0.01815	0.01783	0.01341	0.00796	0.00647	0.00197	0.00686	0.00610	0.00622	0.06017
6	0.01073	0.00775	0.00921	0.00914	0.01087	0.00740	0.00665	0.06297	0.04021	0.04383	0.19253	0.30691	0.20612	0.04291	0.00892	0.00252	0.00407	0.01428	0.00653	0.00645
7	0.04265	0.11046	0.12719	0.04336	0.06769	0.09452	0.01420	0.19360	0.03720	0.16152	0.01590	0.01690	0.01163	0.02563	0.00691	0.00207	0.00789	0.00559	0.00513	0.00995
8	0.01808	0.54285	0.15726	0.01340	0.01978	0.04414	0.01403	0.08717	0.01564	0.01938	0.01051	0.01193	0.00887	0.00611	0.00496	0.00162	0.00783	0.00409	0.00326	0.00910
9	0.00967	0.00647	0.00734	0.00743	0.00745	0.00645	0.00418	0.00973	0.00993	0.01324	0.02201	0.08324	0.02549	0.72336	0.03275	0.00630	0.00636	0.01027	0.00418	0.00414
10	0.01600	0.01803	0.11145	0.11917	0.42996	0.03712	0.01918	0.02266	0.11752	0.02200	0.01457	0.01757	0.01156	0.00660	0.00663	0.00207	0.00806	0.00604	0.00374	0.01007
11	0.01242	0.09627	0.05803	0.01200	0.04800	0.01079	0.00930	0.03184	0.08377	0.05379	0.11548	0.29286	0.12108	0.01417	0.00739	0.00228	0.00499	0.01232	0.00580	0.00740
12	0.02692	0.01653	0.01873	0.01436	0.01968	0.01744	0.01186	0.49478	0.02775	0.25283	0.01930	0.01818	0.01301	0.00813	0.00672	0.00203	0.00687	0.00626	0.00720	0.01141
13	0.00818	0.00584	0.00779	0.00934	0.00973	0.00545	0.00623	0.00934	0.01285	0.01713	0.03698	0.75981	0.04438	0.02102	0.00856	0.00273	0.00389	0.01908	0.00623	0.00545
14	0.01892	0.11308	0.07484	0.10471	0.22628	0.10783	0.07840	0.04628	0.01632	0.10915	0.01438	0.03507	0.01138	0.00690	0.00644	0.00198	0.00854	0.00600	0.00404	0.00946
15	0.01697	0.01229	0.01372	0.01214	0.01569	0.01333	0.00948	0.02991	0.45410	0.13051	0.14066	0.03119	0.07017	0.01022	0.00706	0.00222	0.00491	0.00860	0.00710	0.00974
16	0.00818	0.00584	0.00779	0.00934	0.00973	0.00545	0.00623	0.00934	0.01285	0.01713	0.03698	0.75981	0.04438	0.02102	0.00856	0.00273	0.00389	0.01908	0.00623	0.00545
17	0.12178	0.02492	0.37608	0.06419	0.07617	0.01557	0.15808	0.02123	0.01435	0.04833	0.01256	0.01524	0.00915	0.00627	0.00644	0.00214	0.00922	0.00558	0.00337	0.00934
18	0.01585	0.27005	0.36137	0.06207	0.02559	0.07288	0.04554	0.02091	0.01427	0.01874	0.01101	0.01331	0.00865	0.00634	0.00617	0.00191	0.02867	0.00467	0.00293	0.00908
19	0.01694	0.01343	0.01447	0.01300	0.01668	0.01512	0.01010	0.03299	0.59155	0.08177	0.02956	0.06120	0.05333	0.00996	0.00695	0.00228	0.00519	0.00836	0.00689	0.01021
20	0.00811	0.00667	0.00714	0.00730	0.00925	0.00570	0.00537	0.00988	0.01532	0.01884	0.12655	0.15643	0.56578	0.01722	0.00801	0.00231	0.00344	0.01462	0.00634	0.00570
21	0.01537	0.18958	0.05959	0.01091	0.01481	0.03704	0.00960	0.08826	0.10715	0.03921	0.04718	0.05113	0.14252	0.03562	0.00708	0.00207	0.00573	0.00777	0.12132	0.00808
22	0.01742	0.04786	0.21203	0.01964	0.06616	0.03645	0.17374	0.11658	0.04382	0.08589	0.06305	0.03767	0.03311	0.00778	0.00695	0.00212	0.00845	0.00708	0.00464	0.00957
23	0.02147	0.08401	0.05513	0.01860	0.11031	0.06333	0.03833	0.29370	0.14735	0.07476	0.01711	0.01747	0.01268	0.00756	0.00650	0.00201	0.00751	0.00605	0.00556	0.01054
24	0.00844	0.00595	0.00771	0.00900	0.00932	0.00563	0.00586	0.00941	0.01232	0.01643	0.03429	0.63801	0.04098	0.14746	0.01292	0.00337	0.00434	0.01749	0.00586	0.00521
25	0.01711	0.12486	0.13330	0.04813	0.09721	0.07528	0.05205	0.07219	0.10901	0.05987	0.02004	0.04228	0.06529	0.00849	0.00700	0.00208	0.03004	0.02208	0.00452	0.00917
26	0.03845	0.08549	0.33346	0.08840	0.12467	0.01587	0.06645	0.05298	0.01489	0.02133	0.01410	0.06785	0.01200	0.02698	0.00720	0.00222	0.00865	0.00641	0.00346	0.00915

[dist]
# distance from previous block
# <min> <max>
0	9

[block]
# block no. 5 follows, 32 sequences, length 54
# corresponding to MSA columns:
# 306-359
name=unknown_F
#
# <colnr> <probs for GDERKNQSTAVLIFYWHMCP>
#	G	D	E	R	K	N	Q	S	T	A	V	L	I	F	Y	W	H	M	C	P
0	0.01913	0.01344	0.01622	0.04323	0.07768	0.03571	0.01086	0.17588	0.04326	0.15260	0.13461	0.02457	0.03676	0.02666	0.00761	0.00201	0.02212	0.00708	0.00595	0.14460
1	0.01757	0.09223	0.07526	0.04646	0.06370	0.15693	0.07315	0.06579	0.10934	0.05006	0.07442	0.07001	0.01892	0.00983	0.02306	0.00226	0.00821	0.02934	0.00476	0.00869
2	0.01595	0.02629	0.39942	0.01982	0.07982	0.03637	0.06888	0.11806	0.07768	0.02509	0.05634	0.01795	0.01352	0.00722	0.00668	0.00211	0.00877	0.00604	0.00410	0.00991
3	0.01484	0.05835	0.04944	0.22219	0.22732	0.04443	0.01580	0.02141	0.14321	0.02068	0.02023	0.04549	0.07194	0.00819	0.00669	0.00212	0.00744	0.00712	0.00417	0.00892
4	0.02341	0.05481	0.08807	0.01677	0.02113	0.57251	0.01376	0.04568	0.01854	0.03792	0.01119	0.01275	0.00899	0.00682	0.00602	0.00175	0.01112	0.00446	0.00363	0.04068
5	0.01756	0.12130	0.11935	0.04185	0.09474	0.06303	0.08562	0.10881	0.14030	0.04349	0.04420	0.01974	0.01467	0.00908	0.03321	0.00235	0.00830	0.01826	0.00461	0.00951
6	0.04301	0.26124	0.42129	0.01601	0.02389	0.05873	0.01881	0.02160	0.01438	0.04771	0.01159	0.01323	0.00882	0.00628	0.00565	0.00188	0.00886	0.00452	0.00314	0.00936
7	0.00829	0.00595	0.00776	0.00911	0.00960	0.00554	0.00608	0.00949	0.01303	0.01733	0.06206	0.67118	0.07321	0.05506	0.00970	0.00286	0.00397	0.01818	0.00617	0.00543
8	0.00824	0.00608	0.00774	0.00903	0.00979	0.00558	0.00622	0.00958	0.01337	0.01742	0.04225	0.61262	0.16018	0.02023	0.00848	0.00266	0.00390	0.04489	0.00623	0.00552
9	0.03335	0.10869	0.11618	0.10192	0.16977	0.08010	0.05652	0.05908	0.05378	0.06975	0.04745	0.04522	0.01432	0.00751	0.00646	0.00202	0.00805	0.00639	0.00421	0.00923
10	0.01585	0.01620	0.05050	0.20563	0.51544	0.03954	0.02003	0.02001	0.01492	0.02059	0.01236	0.01667	0.01009	0.00620	0.00663	0.00205	0.00841	0.00588	0.00323	0.00976
11	0.00826	0.00681	0.00725	0.00714	0.00926	0.00580	0.00536	0.01027	0.01607	0.01997	0.20463	0.06154	0.58180	0.01631	0.00793	0.00223	0.00335	0.01374	0.00647	0.00580
12	0.04973	0.46022	0.09389	0.04031	0.01954	0.04706	0.04024	0.02023	0.01403	0.05984	0.01287	0.06596	0.01166	0.00734	0.00582	0.00178	0.03207	0.00537	0.00353	0.00852
13	0.01840	0.11958	0.02263	0.01681	0.04789	0.09102	0.12584	0.15830	0.04372	0.06426	0.01863	0.12151	0.01719	0.03670	0.00845	0.00230	0.03635	0.03675	0.00492	0.00873
14	0.00927	0.00635	0.00771	0.00818	0.00838	0.00632	0.00503	0.00979	0.01077	0.01444	0.02572	0.25972	0.02991	0.48795	0.07656	0.00566	0.00653	0.01240	0.00469	0.00462
15	0.01395	0.01282	0.06348	0.01297	0.07323	0.03743	0.00983	0.11147	0.06216	0.05256	0.12206	0.04087	0.30703	0.01211	0.00723	0.00213	0.00530	0.01007	0.03540	0.00791
16	0.01576	0.08520	0.45211	0.06410	0.08442	0.03087	0.02072	0.08712	0.01623	0.04207	0.03218	0.01571	0.01074	0.00674	0.00634	0.00205	0.00898	0.00534	0.00355	0.00977
17	0.00825	0.00589	0.00787	0.00943	0.00985	0.00551	0.00636	0.00947	0.01292	0.01721	0.03694	0.74049	0.04422	0.02095	0.00858	0.00274	0.00396	0.03766	0.00623	0.00547
18	0.01593	0.01645	0.07667	0.11341	0.46668	0.01566	0.01878	0.04437	0.09258	0.02253	0.01515	0.04503	0.01265	0.00706	0.00672	0.00209	0.00776	0.00657	0.00386	0.01005
19	0.01645	0.01428	0.01814	0.01377	0.01893	0.04139	0.10109	0.10727	0.07985	0.04418	0.03596	0.01905	0.03909	0.00694	0.00654	0.00162	0.02838	0.00589	0.02076	0.38042
20	0.01243	0.00724	0.00956	0.00963	0.01134	0.00660	0.00715	0.01448	0.01572	0.14146	0.19416	0.36829	0.09148	0.01668	0.00811	0.00247	0.00418	0.06543	0.00685	0.00675
21	0.00933	0.00633	0.00744	0.00786	0.00797	0.00622	0.00465	0.00965	0.01059	0.01412	0.02539	0.23612	0.02976	0.56466	0.02728	0.00549	0.00580	0.01226	0.00465	0.00444
22	0.04224	0.01563	0.02562	0.10741	0.49835	0.04201	0.08160	0.01986	0.01501	0.02118	0.01391	0.06098	0.01225	0.00697	0.00678	0.00208	0.00820	0.00680	0.00350	0.00964
23	0.62053	0.07565	0.01260	0.00944	0.01364	0.01588	0.00791	0.07851	0.01354	0.02961	0.01082	0.01235	0.00845	0.00646	0.00443	0.00198	0.00540	0.00403	0.06113	0.00767
24	0.00843	0.00599	0.00766	0.00889	0.00930	0.00564	0.00581	0.00943	0.01243	0.01648	0.03564	0.60878	0.07008	0.14655	0.01286	0.00334	0.00431	0.01729	0.00586	0.00523
25	0.04714	0.27304	0.09276	0.01577	0.06251	0.05874	0.05402	0.04775	0.11395	0.04927	0.01383	0.01512	0.01102	0.00668	0.00615	0.00180	0.03202	0.00506	0.00404	0.08933
26	0.01635	0.01694	0.05020	0.08528	0.44274	0.07119	0.04093	0.02076	0.04054	0.02109	0.01370	0.01872	0.01163	0.00681	0.00705	0.00201	0.02868	0.03255	0.00357	0.06926
27	0.00976	0.00651	0.00732	0.00732	0.00732	0.00651	0.00407	0.00976	0.00976	0.01301	0.02114	0.04391	0.02439	0.76419	0.03415	0.00651	0.00651	0.00976	0.00407	0.00407
28	0.06900	0.01055	0.01261	0.01179	0.01349	0.06594	0.03174	0.04160	0.01246	0.01780	0.01759	0.06868	0.01712	0.11394	0.42121	0.00751	0.04906	0.00762	0.00392	0.00637
29	0.04117	0.05965	0.10006	0.01260	0.01822	0.01226	0.04042	0.06960	0.04221	0.15710	0.04678	0.04916	0.03499	0.00760	0.00608	0.00172	0.00612	0.00626	0.00517	0.28285
30	0.01559	0.01417	0.15317	0.01165	0.01629	0.00945	0.01103	0.01965	0.03219	0.18430	0.23202	0.08005	0.06465	0.01040	0.00697	0.00201	0.00543	0.00885	0.00609	0.11604
31	0.00959	0.00716	0.01065	0.01065	0.01180	0.00831	0.00821	0.01189	0.01074	0.01547	0.01810	0.02706	0.01708	0.07879	0.70954	0.01061	0.01752	0.00729	0.00361	0.00591
32	0.06759	0.09918	0.05101	0.01322	0.01757	0.01643	0.01130	0.25062	0.08823	0.12447	0.03349	0.11671	0.01800	0.00990	0.00726	0.00215	0.03842	0.01892	0.00596	0.00956
33	0.01449	0.08455	0.32391	0.02081	0.10686	0.03011	0.13104	0.02101	0.06064	0.02180	0.08853	0.02039	0.03145	0.00735	0.00671	0.00208	0.00859	0.00657	0.00381	0.00928
34	0.00976	0.00651	0.00732	0.00732	0.00732	0.00651	0.00407	0.00976	0.00976	0.01301	0.02114	0.04391	0.02439	0.76419	0.03415	0.00651	0.00651	0.00976	0.00407	0.00407
35	0.02129	0.01182	0.01423	0.01152	0.01555	0.01159	0.00929	0.19128	0.04937	0.29112	0.19154	0.03199	0.09883	0.01045	0.00714	0.00210	0.00527	0.00864	0.00742	0.00959
36	0.04587	0.20327	0.22020	0.01809	0.05179	0.13152	0.11064	0.04932	0.04143	0.02052	0.01292	0.04164	0.01071	0.00690	0.00609	0.00193	0.00905	0.00560	0.00352	0.00900
37	0.05468	0.01924	0.03878	0.14175	0.04386	0.19687	0.03844	0.15244	0.04173	0.18286	0.01606	0.01703	0.01144	0.00736	0.00649	0.00202	0.00854	0.00574	0.00519	0.00948
38	0.00807	0.00680	0.00699	0.00694	0.00915	0.00572	0.00521	0.00989	0.01562	0.01889	0.12453	0.06332	0.66257	0.01671	0.00793	0.00225	0.00338	0.01398	0.00633	0.00572
39	0.09638	0.01711	0.06595	0.12300	0.19261	0.01667	0.22335	0.10878	0.04678	0.02483	0.01354	0.01682	0.01034	0.00643	0.00679	0.00214	0.00876	0.00635	0.00394	0.00945
40	0.05033	0.01546	0.02094	0.10074	0.25877	0.07073	0.04653	0.10338	0.03139	0.09964	0.01607	0.05267	0.01301	0.00772	0.00713	0.00208	0.03516	0.00660	0.05223	0.00942
41	0.04696	0.01940	0.17067	0.07063	0.20358	0.03814	0.06903	0.09695	0.05890	0.08280	0.06428	0.01925	0.01471	0.00727	0.00669	0.00209	0.00798	0.00637	0.00452	0.00979
42	0.02225	0.01263	0.01754	0.04767	0.15174	0.01237	0.01240	0.11421	0.04238	0.32685	0.08972	0.02750	0.02089	0.00913	0.00704	0.00215	0.00627	0.06048	0.00663	0.01017
43	0.01734	0.18577	0.18878	0.04979	0.05318	0.14954	0.22185	0.02189	0.01545	0.01913	0.01163	0.01448	0.00915	0.00612	0.00636	0.00195	0.01003	0.00552	0.00315	0.00891
44	0.01898	0.12969	0.11980	0.04003	0.08078	0.07284	0.09102	0.14985	0.08800	0.07002	0.01701	0.01822	0.03846	0.00749	0.00687	0.00202	0.02852	0.00611	0.00461	0.00967
45	0.00960	0.00715	0.01058	0.01058	0.01170	0.00827	0.00813	0.01185	0.01072	0.01542	0.01816	0.02741	0.01723	0.09303	0.69551	0.01053	0.01729	0.00734	0.00362	0.00588
46	0.00962	0.00636	0.00835	0.00946	0.01036	0.00587	0.00662	0.01103	0.01358	0.05986	0.03886	0.61760	0.09875	0.01978	0.00844	0.00267	0.00409	0.05649	0.00635	0.00587
47	0.06998	0.04729	0.05465	0.06924	0.02373	0.12017	0.08973	0.33307	0.02313	0.08277	0.01464	0.01580	0.01061	0.00728	0.00650	0.00201	0.00846	0.00577	0.00526	0.00993
48	0.05475	0.01540	0.02152	0.07155	0.11700	0.01666	0.12519	0.11047	0.31083	0.05535	0.01977	0.02043	0.01478	0.00766	0.00683	0.00218	0.00717	0.00690	0.00544	0.01011
49	0.01591	0.01653	0.06813	0.06711	0.62442	0.01546	0.02013	0.02005	0.01514	0.02153	0.01481	0.01847	0.03929	0.00648	0.00668	0.00202	0.00794	0.00625	0.00340	0.01026
50	0.01767	0.49701	0.06192	0.01300	0.01826	0.10814	0.03963	0.03631	0.01510	0.01787	0.05019	0.04414	0.01325	0.00699	0.00521	0.00162	0.00763	0.00509	0.00348	0.03748
51	0.03979	0.05012	0.01032	0.00881	0.01130	0.00894	0.00685	0.06085	0.05533	0.02116	0.09059	0.15293	0.40123	0.01535	0.00759	0.00229	0.00423	0.03963	0.00611	0.00660
52	0.10261	0.30426	0.21498	0.03989	0.02007	0.03846	0.01410	0.01962	0.01411	0.04839	0.03772	0.05951	0.04556	0.00780	0.00561	0.00189	0.00735	0.00586	0.00374	0.00847
53	0.11821	0.19086	0.13999	0.04282	0.02005	0.12097	0.01313	0.09081	0.01618	0.04827	0.01341	0.05822	0.01144	0.00830	0.02194	0.00204	0.00802	0.00543	0.00401	0.06589

[dist]
