[name]
unknown

[dist]
# distance from previous block
# <min> <max>
0	7

[block]
# block no. 0 follows, 33 sequences, length 9
# corresponding to MSA columns:
# 7-15
name=unknown_A
#
# <colnr> <probs for GDERKNQSTAVLIFYWHMCP>
#	G	D	E	R	K	N	Q	S	T	A	V	L	I	F	Y	W	H	M	C	P
0	0.00845	0.00667	0.00789	0.00845	0.01008	0.00611	0.00646	0.01030	0.01411	0.01765	0.05052	0.20175	0.40597	0.02098	0.08170	0.00328	0.00531	0.12284	0.00585	0.00563
1	0.01838	0.18385	0.20808	0.01719	0.02310	0.25329	0.09746	0.02368	0.07925	0.01883	0.01227	0.01397	0.00967	0.00646	0.00595	0.00185	0.00961	0.00496	0.00341	0.00874
2	0.01436	0.01691	0.09440	0.02238	0.02773	0.01490	0.44283	0.05080	0.01526	0.02094	0.01712	0.15059	0.01581	0.00878	0.00853	0.00232	0.05486	0.00925	0.00390	0.00833
3	0.01050	0.00698	0.00873	0.00828	0.01016	0.00626	0.00621	0.01303	0.01721	0.08160	0.44618	0.12186	0.20923	0.01448	0.00774	0.00216	0.00344	0.01261	0.00695	0.00639
4	0.00884	0.00632	0.00747	0.00790	0.00857	0.00598	0.00516	0.00981	0.01229	0.01611	0.09062	0.24959	0.15484	0.34248	0.01911	0.00416	0.00486	0.03573	0.00529	0.00489
5	0.09424	0.01667	0.06888	0.07787	0.05801	0.01590	0.18953	0.20033	0.03538	0.15409	0.01588	0.01725	0.01121	0.00690	0.00664	0.00208	0.00800	0.00626	0.00511	0.00977
6	0.02249	0.08610	0.05325	0.01658	0.02086	0.46785	0.04551	0.11240	0.07603	0.02067	0.01238	0.01367	0.00983	0.00693	0.00605	0.00179	0.01023	0.00485	0.00399	0.00853
7	0.01664	0.15744	0.26072	0.01531	0.02219	0.08135	0.07101	0.02107	0.01471	0.07737	0.01243	0.01406	0.00948	0.00596	0.00569	0.00168	0.00808	0.00472	0.00358	0.19649
8	0.01705	0.01602	0.02369	0.05585	0.52377	0.05958	0.01768	0.10001	0.01684	0.02301	0.01451	0.07483	0.01295	0.00734	0.00664	0.00201	0.00771	0.00678	0.00387	0.00985

[dist]
# distance from previous block
# <min> <max>
0	3

[block]
# block no. 1 follows, 33 sequences, length 13
# corresponding to MSA columns:
# 19-31
name=unknown_B
#
# <colnr> <probs for GDERKNQSTAVLIFYWHMCP>
#	G	D	E	R	K	N	Q	S	T	A	V	L	I	F	Y	W	H	M	C	P
0	0.30992	0.01577	0.08699	0.08816	0.01975	0.07215	0.01138	0.02429	0.01498	0.27380	0.01570	0.01595	0.01076	0.00695	0.00560	0.00203	0.00667	0.00506	0.00520	0.00889
1	0.00953	0.00646	0.00831	0.00812	0.00905	0.00613	0.00563	0.01108	0.01493	0.02081	0.42914	0.09416	0.04602	0.19158	0.01591	0.09665	0.00422	0.01112	0.00590	0.00524
2	0.00834	0.00602	0.00794	0.00920	0.00987	0.00562	0.00643	0.00984	0.01348	0.01796	0.10004	0.60892	0.07826	0.01958	0.00837	0.00263	0.00391	0.07189	0.00621	0.00549
3	0.09920	0.01658	0.02205	0.11076	0.42400	0.09978	0.01678	0.02195	0.08594	0.02180	0.01318	0.01618	0.01066	0.00639	0.00622	0.00199	0.00785	0.00560	0.00367	0.00942
4	0.01787	0.01965	0.20898	0.01437	0.01975	0.06465	0.01387	0.05437	0.26614	0.14042	0.09180	0.02260	0.01941	0.00835	0.00662	0.00210	0.00682	0.00678	0.00570	0.00977
5	0.01035	0.00648	0.00818	0.00836	0.00945	0.00690	0.00614	0.01257	0.01193	0.01869	0.02160	0.11292	0.02058	0.10968	0.29942	0.00577	0.00927	0.00834	0.30769	0.00571
6	0.02128	0.02287	0.05292	0.01500	0.01885	0.38642	0.02973	0.10227	0.01863	0.09331	0.01850	0.01976	0.07542	0.01222	0.08107	0.00275	0.01037	0.00597	0.00448	0.00818
7	0.01991	0.01199	0.01377	0.01194	0.01560	0.03317	0.00947	0.09510	0.19507	0.26870	0.02986	0.12215	0.07893	0.01119	0.00709	0.00223	0.00548	0.05205	0.00693	0.00937
8	0.01539	0.01015	0.01176	0.01041	0.01353	0.01028	0.00811	0.02348	0.25921	0.16214	0.22237	0.03816	0.16460	0.01147	0.00718	0.00215	0.00436	0.00971	0.00702	0.00851
9	0.01410	0.01365	0.02409	0.33977	0.31686	0.01475	0.09786	0.01825	0.01414	0.01920	0.01355	0.05923	0.01154	0.00697	0.00680	0.00213	0.00838	0.00681	0.00329	0.00864
10	0.01368	0.01088	0.01548	0.14046	0.02034	0.01231	0.04981	0.16388	0.01565	0.02137	0.01622	0.02320	0.01424	0.08960	0.35562	0.00644	0.01255	0.00685	0.00411	0.00730
11	0.01053	0.00816	0.00926	0.00913	0.01103	0.00801	0.00684	0.06122	0.08670	0.02093	0.12246	0.17031	0.27446	0.09324	0.01047	0.00277	0.00443	0.07757	0.00611	0.00637
12	0.00805	0.00623	0.00735	0.00802	0.00930	0.00553	0.00565	0.00962	0.01424	0.01821	0.12010	0.39325	0.33449	0.01821	0.00807	0.00242	0.00354	0.01597	0.00623	0.00553

[dist]
# distance from previous block
# <min> <max>
0	3

[block]
# block no. 2 follows, 33 sequences, length 31
# corresponding to MSA columns:
# 35-65
name=unknown_C
#
# <colnr> <probs for GDERKNQSTAVLIFYWHMCP>
#	G	D	E	R	K	N	Q	S	T	A	V	L	I	F	Y	W	H	M	C	P
0	0.01686	0.09467	0.07279	0.19853	0.08082	0.09592	0.03641	0.11927	0.06169	0.04019	0.01628	0.07246	0.01412	0.00839	0.00655	0.00208	0.00798	0.04212	0.00429	0.00859
1	0.01578	0.01583	0.01987	0.12030	0.04717	0.09198	0.01467	0.06307	0.01296	0.01790	0.01012	0.01510	0.00912	0.01108	0.03874	0.00281	0.47699	0.00567	0.00322	0.00760
2	0.01981	0.01267	0.01403	0.01149	0.01511	0.01335	0.00905	0.29279	0.08799	0.14277	0.02336	0.02597	0.06306	0.11746	0.01026	0.00260	0.00583	0.00726	0.11611	0.00902
3	0.01741	0.22555	0.02033	0.01180	0.01655	0.03439	0.01005	0.18907	0.11874	0.02518	0.03955	0.02152	0.09507	0.00805	0.00581	0.00171	0.00605	0.00618	0.00499	0.14200
4	0.01615	0.00999	0.01383	0.03177	0.03359	0.00945	0.04901	0.01974	0.06481	0.20279	0.07217	0.03233	0.06881	0.13285	0.08234	0.00353	0.00695	0.04824	0.00560	0.09606
5	0.01624	0.01638	0.02697	0.11865	0.52170	0.05807	0.10515	0.02028	0.01506	0.02061	0.01229	0.01636	0.01007	0.00596	0.00665	0.00200	0.00858	0.00601	0.00324	0.00972
6	0.01952	0.33317	0.16532	0.01489	0.02072	0.20576	0.03065	0.07412	0.01643	0.04766	0.01121	0.01259	0.00900	0.00632	0.00542	0.00170	0.00885	0.00437	0.00347	0.00882
7	0.01516	0.01448	0.02467	0.25040	0.52648	0.01534	0.01964	0.01921	0.01445	0.02013	0.01218	0.01666	0.00994	0.00608	0.00654	0.00203	0.00810	0.00586	0.00316	0.00951
8	0.01012	0.00786	0.01057	0.01073	0.01176	0.00883	0.00808	0.01340	0.07425	0.01735	0.04988	0.23906	0.02746	0.08480	0.28451	0.00587	0.06879	0.05574	0.00483	0.00612
9	0.00959	0.00764	0.01140	0.06166	0.01461	0.00761	0.05746	0.01239	0.05007	0.01800	0.03231	0.54436	0.03692	0.01771	0.00822	0.00263	0.00500	0.09061	0.00572	0.00608
10	0.03782	0.01319	0.01494	0.11358	0.04982	0.12648	0.01147	0.01611	0.01270	0.01720	0.01522	0.07354	0.01425	0.02190	0.23869	0.00483	0.14390	0.00685	0.06073	0.00680
11	0.07742	0.01297	0.01450	0.01217	0.01631	0.01376	0.00973	0.12089	0.29919	0.22811	0.06596	0.02524	0.05639	0.00904	0.00659	0.00212	0.00537	0.00732	0.00691	0.01001
12	0.01087	0.00795	0.01132	0.01341	0.05094	0.00795	0.01085	0.01382	0.01492	0.01952	0.03311	0.06995	0.03588	0.04776	0.00994	0.00311	0.00617	0.62049	0.00583	0.00621
13	0.01384	0.01297	0.02121	0.34542	0.23720	0.01432	0.06239	0.01937	0.08482	0.01989	0.01761	0.02126	0.05950	0.00726	0.00667	0.00211	0.00773	0.00670	0.03125	0.00848
14	0.01227	0.00614	0.00614	0.00614	0.00767	0.00614	0.00460	0.01534	0.01381	0.02454	0.02148	0.02454	0.01687	0.00767	0.00460	0.00153	0.00307	0.00614	0.80518	0.00614
15	0.09452	0.01573	0.01759	0.01424	0.01824	0.01788	0.01177	0.41917	0.04540	0.07692	0.01637	0.01962	0.01282	0.01038	0.03513	0.00249	0.11065	0.04551	0.00580	0.00976
16	0.01535	0.17290	0.30201	0.01627	0.04291	0.01786	0.03542	0.02559	0.26094	0.02216	0.01662	0.01717	0.01261	0.00704	0.00606	0.00200	0.00759	0.00561	0.00420	0.00971
17	0.01227	0.00614	0.00614	0.00614	0.00767	0.00614	0.00460	0.01534	0.01381	0.02454	0.02148	0.02454	0.01687	0.00767	0.00460	0.00153	0.00307	0.00614	0.80518	0.00614
18	0.08518	0.01387	0.01889	0.11889	0.06623	0.05559	0.05710	0.01661	0.01180	0.01769	0.01191	0.04023	0.01128	0.06520	0.05406	0.00320	0.33544	0.00636	0.00328	0.00719
19	0.01427	0.03064	0.55705	0.02047	0.02925	0.05381	0.16025	0.02118	0.01448	0.02065	0.01203	0.01457	0.00868	0.00614	0.00654	0.00209	0.01012	0.00542	0.00292	0.00945
20	0.00817	0.00660	0.00711	0.00713	0.00898	0.00570	0.00521	0.00992	0.01507	0.01878	0.16787	0.10742	0.52460	0.06657	0.00954	0.00251	0.00353	0.01361	0.00615	0.00554
21	0.02339	0.06729	0.01870	0.01571	0.01927	0.58062	0.01204	0.09233	0.01925	0.01919	0.01149	0.01310	0.00935	0.00690	0.00581	0.00170	0.01053	0.00450	0.06091	0.00792
22	0.01981	0.01537	0.03737	0.08676	0.01865	0.14506	0.01072	0.12623	0.01845	0.16484	0.06460	0.02075	0.01603	0.00799	0.00655	0.00189	0.03032	0.00616	0.19399	0.00846
23	0.81514	0.01273	0.00968	0.00866	0.01273	0.01477	0.00713	0.01935	0.01120	0.02954	0.00917	0.01069	0.00713	0.00611	0.00407	0.00204	0.00509	0.00356	0.00407	0.00713
24	0.02504	0.01676	0.01792	0.01415	0.01906	0.05734	0.01153	0.40928	0.11561	0.21454	0.01951	0.01840	0.01350	0.00804	0.00657	0.00201	0.00682	0.00621	0.00682	0.01090
25	0.02020	0.01936	0.01682	0.01465	0.01860	0.20033	0.01142	0.16862	0.40112	0.02748	0.02038	0.01959	0.01536	0.00818	0.00648	0.00205	0.00730	0.00633	0.00584	0.00987
26	0.00957	0.00638	0.00718	0.00718	0.00718	0.00638	0.00399	0.00957	0.00957	0.01276	0.02074	0.04308	0.02393	0.76864	0.03351	0.00638	0.00638	0.00957	0.00399	0.00399
27	0.00955	0.00703	0.00926	0.01049	0.01191	0.00674	0.00863	0.01193	0.01460	0.01875	0.04112	0.21406	0.16790	0.01840	0.00870	0.00281	0.00509	0.42112	0.00608	0.00582
28	0.01227	0.00614	0.00614	0.00614	0.00767	0.00614	0.00460	0.01534	0.01381	0.02454	0.02148	0.02454	0.01687	0.00767	0.00460	0.00153	0.00307	0.00614	0.80518	0.00614
29	0.00800	0.00579	0.00757	0.00900	0.00950	0.00536	0.00604	0.00919	0.01277	0.01687	0.03835	0.71663	0.08992	0.02036	0.00836	0.00264	0.00379	0.01839	0.00611	0.00536
30	0.01614	0.01758	0.03624	0.02615	0.03227	0.01715	0.60836	0.06960	0.01627	0.02219	0.01318	0.01739	0.00999	0.00612	0.00861	0.00225	0.06054	0.00750	0.00353	0.00893

[dist]
# distance from previous block
# <min> <max>
0	2

[block]
# block no. 3 follows, 33 sequences, length 17
# corresponding to MSA columns:
# 68-84
name=unknown_D
#
# <colnr> <probs for GDERKNQSTAVLIFYWHMCP>
#	G	D	E	R	K	N	Q	S	T	A	V	L	I	F	Y	W	H	M	C	P
0	0.01227	0.00614	0.00614	0.00614	0.00767	0.00614	0.00460	0.01534	0.01381	0.02454	0.02148	0.02454	0.01687	0.00767	0.00460	0.00153	0.00307	0.00614	0.80518	0.00614
1	0.56778	0.08815	0.07466	0.01052	0.01530	0.01643	0.00958	0.07476	0.04837	0.02830	0.01080	0.01205	0.00833	0.00636	0.00460	0.00199	0.00585	0.00405	0.00417	0.00796
2	0.01060	0.00831	0.00876	0.00864	0.00933	0.05856	0.00571	0.01147	0.01085	0.01425	0.02139	0.03697	0.05318	0.47802	0.20332	0.00673	0.00928	0.00866	0.03112	0.00485
3	0.07638	0.00798	0.00831	0.00768	0.00981	0.00817	0.00592	0.08041	0.01633	0.02667	0.17479	0.02960	0.05515	0.00921	0.00557	0.00176	0.00365	0.00749	0.45843	0.00669
4	0.81514	0.01273	0.00968	0.00866	0.01273	0.01477	0.00713	0.01935	0.01120	0.02954	0.00917	0.01069	0.00713	0.00611	0.00407	0.00204	0.00509	0.00356	0.00407	0.00713
5	0.01227	0.00614	0.00614	0.00614	0.00767	0.00614	0.00460	0.01534	0.01381	0.02454	0.02148	0.02454	0.01687	0.00767	0.00460	0.00153	0.00307	0.00614	0.80518	0.00614
6	0.01144	0.00572	0.00858	0.00858	0.00858	0.00572	0.00572	0.00858	0.00858	0.01144	0.01144	0.02001	0.01144	0.02287	0.02573	0.80846	0.00572	0.00572	0.00286	0.00286
7	0.02369	0.03159	0.07548	0.01710	0.02100	0.68451	0.01364	0.02586	0.01828	0.01649	0.01031	0.01203	0.00847	0.00674	0.00596	0.00173	0.01170	0.00429	0.00334	0.00780
8	0.22288	0.04594	0.06762	0.01562	0.05092	0.17671	0.01272	0.13401	0.01631	0.02425	0.01071	0.01305	0.00870	0.00767	0.00884	0.00211	0.16496	0.00476	0.00392	0.00831
9	0.08698	0.01918	0.07666	0.01917	0.10445	0.08094	0.09174	0.30504	0.05164	0.03018	0.03995	0.01672	0.01234	0.00737	0.00687	0.00203	0.02806	0.00598	0.00497	0.00975
10	0.01460	0.06035	0.02103	0.01692	0.01726	0.02052	0.01421	0.01608	0.01028	0.01582	0.00867	0.01417	0.00863	0.01117	0.02055	0.00279	0.71117	0.00563	0.00288	0.00728
11	0.01066	0.00723	0.00807	0.00774	0.00811	0.00737	0.00459	0.05855	0.01108	0.01479	0.02040	0.04116	0.02304	0.71511	0.03161	0.00607	0.00644	0.00932	0.00417	0.00450
12	0.03210	0.07011	0.03110	0.04134	0.07551	0.01028	0.04435	0.01572	0.03087	0.08590	0.02882	0.29592	0.07748	0.01556	0.04142	0.00274	0.00617	0.08209	0.00531	0.00721
13	0.01892	0.11351	0.11196	0.01553	0.02029	0.11143	0.06918	0.08441	0.12292	0.11450	0.01784	0.02224	0.01443	0.00850	0.00757	0.00211	0.05999	0.07069	0.00486	0.00912
14	0.01440	0.01440	0.02016	0.01728	0.01728	0.02016	0.01440	0.01584	0.01008	0.01584	0.00864	0.01440	0.00864	0.01152	0.02160	0.00288	0.75659	0.00576	0.00288	0.00720
15	0.02258	0.01737	0.01852	0.01478	0.01928	0.04576	0.01212	0.54819	0.06191	0.03629	0.01669	0.01883	0.01277	0.01133	0.05899	0.00265	0.03541	0.03011	0.00610	0.01032
16	0.01468	0.01473	0.04490	0.12402	0.45765	0.01440	0.09410	0.01869	0.01476	0.02069	0.04480	0.07723	0.01495	0.00743	0.00686	0.00208	0.00784	0.00732	0.00361	0.00926

[dist]
# distance from previous block
# <min> <max>
0	1

[block]
# block no. 4 follows, 33 sequences, length 27
# corresponding to MSA columns:
# 86-112
name=unknown_E
#
# <colnr> <probs for GDERKNQSTAVLIFYWHMCP>
#	G	D	E	R	K	N	Q	S	T	A	V	L	I	F	Y	W	H	M	C	P
0	0.06430	0.00907	0.01117	0.01144	0.05651	0.00936	0.00812	0.01623	0.10282	0.03887	0.33907	0.06734	0.12878	0.03268	0.00876	0.00232	0.04275	0.03717	0.00619	0.00704
1	0.65389	0.03964	0.01207	0.01007	0.01418	0.10298	0.00821	0.05539	0.01318	0.02808	0.00963	0.01109	0.00754	0.00627	0.00443	0.00197	0.00608	0.00377	0.00408	0.00744
2	0.01440	0.01440	0.02016	0.01728	0.01728	0.02016	0.01440	0.01584	0.01008	0.01584	0.00864	0.01440	0.00864	0.01152	0.02160	0.00288	0.75659	0.00576	0.00288	0.00720
3	0.00906	0.00750	0.00879	0.05673	0.01226	0.00663	0.00650	0.01130	0.01532	0.01981	0.18894	0.09860	0.41961	0.01433	0.00742	0.00208	0.00385	0.01219	0.00589	0.09320
4	0.00947	0.00634	0.00721	0.00731	0.00734	0.00631	0.00413	0.00955	0.00977	0.01303	0.02177	0.09067	0.02523	0.71929	0.03185	0.00614	0.00621	0.01018	0.00413	0.00408
5	0.78368	0.01296	0.01008	0.00892	0.01304	0.01499	0.00734	0.04668	0.01199	0.03001	0.00943	0.01090	0.00729	0.00618	0.00417	0.00203	0.00518	0.00366	0.00417	0.00729
6	0.00850	0.00670	0.00767	0.00742	0.00933	0.00586	0.00557	0.01084	0.01671	0.02182	0.37456	0.05672	0.41452	0.01517	0.00777	0.00215	0.00323	0.01296	0.00664	0.00586
7	0.02461	0.03092	0.01870	0.01690	0.02035	0.71657	0.01271	0.05041	0.01909	0.01701	0.01038	0.01201	0.00858	0.00682	0.00596	0.00171	0.01171	0.00430	0.00351	0.00776
8	0.02637	0.01628	0.01842	0.01412	0.01934	0.01722	0.01167	0.50498	0.02735	0.24722	0.01883	0.01777	0.01272	0.00798	0.00660	0.00199	0.00675	0.00613	0.00705	0.01120
9	0.02040	0.01742	0.02000	0.01600	0.02046	0.09214	0.10307	0.36982	0.09238	0.03152	0.05222	0.06418	0.01731	0.00910	0.00698	0.00210	0.00758	0.04190	0.00581	0.00960
10	0.02405	0.03023	0.01841	0.01672	0.02014	0.69400	0.01257	0.02687	0.06495	0.01687	0.01128	0.01271	0.00925	0.00693	0.00599	0.00173	0.01143	0.00445	0.00361	0.00782
11	0.65235	0.01604	0.11324	0.01128	0.01631	0.01496	0.05331	0.01967	0.01185	0.02779	0.00980	0.01159	0.00748	0.00610	0.00461	0.00206	0.00612	0.00401	0.00385	0.00760
12	0.00808	0.00575	0.00762	0.00909	0.00946	0.00539	0.00603	0.00918	0.01249	0.01665	0.03569	0.73655	0.04279	0.04945	0.00937	0.00282	0.00392	0.01836	0.00603	0.00529
13	0.00828	0.00593	0.00787	0.00899	0.00960	0.00552	0.00613	0.00981	0.01379	0.01869	0.17129	0.62397	0.04719	0.01922	0.00828	0.00256	0.00368	0.01738	0.00633	0.00552
14	0.00954	0.00650	0.00779	0.00779	0.00800	0.00671	0.00475	0.00997	0.00975	0.01322	0.02018	0.03999	0.02259	0.63961	0.16070	0.00714	0.00840	0.00912	0.00391	0.00433
15	0.01227	0.00614	0.00614	0.00614	0.00767	0.00614	0.00460	0.01534	0.01381	0.02454	0.02148	0.02454	0.01687	0.00767	0.00460	0.00153	0.00307	0.00614	0.80518	0.00614
16	0.00957	0.00638	0.00718	0.00718	0.00718	0.00638	0.00399	0.00957	0.00957	0.01276	0.02074	0.04308	0.02393	0.76864	0.03351	0.00638	0.00638	0.00957	0.00399	0.00399
17	0.01537	0.01603	0.07154	0.17910	0.40054	0.01571	0.06434	0.05423	0.01512	0.02108	0.01369	0.01762	0.02912	0.00674	0.00750	0.00209	0.05128	0.00614	0.00339	0.00937
18	0.01227	0.00614	0.00614	0.00614	0.00767	0.00614	0.00460	0.01534	0.01381	0.02454	0.02148	0.02454	0.01687	0.00767	0.00460	0.00153	0.00307	0.00614	0.80518	0.00614
19	0.17157	0.06132	0.16028	0.04550	0.01901	0.05480	0.05585	0.03143	0.01454	0.02230	0.09140	0.02973	0.02029	0.04589	0.00775	0.00239	0.00710	0.12894	0.02242	0.00750
20	0.01794	0.73692	0.03373	0.01154	0.01706	0.06053	0.01133	0.02003	0.01363	0.01552	0.00920	0.01062	0.00845	0.00569	0.00431	0.00142	0.00727	0.00355	0.00284	0.00841
21	0.00942	0.00698	0.01022	0.01022	0.01127	0.00803	0.00778	0.01153	0.01047	0.01502	0.01796	0.02768	0.01725	0.12539	0.66761	0.01014	0.01644	0.00732	0.00358	0.00568
22	0.00857	0.00668	0.00783	0.00793	0.00969	0.00594	0.00601	0.01080	0.01602	0.02077	0.28292	0.12463	0.37706	0.01609	0.00795	0.00229	0.00354	0.07299	0.00649	0.00580
23	0.50166	0.01258	0.01168	0.00988	0.01391	0.01381	0.00801	0.11105	0.01528	0.13861	0.04997	0.01702	0.01287	0.05091	0.00668	0.00228	0.00543	0.00512	0.00519	0.00807
24	0.19954	0.39478	0.02404	0.01167	0.01621	0.13036	0.01039	0.04630	0.01457	0.02040	0.05068	0.01331	0.01135	0.00661	0.00521	0.00169	0.02706	0.00427	0.00359	0.00797
25	0.01589	0.01756	0.05407	0.01206	0.01488	0.26154	0.00954	0.07253	0.01716	0.02021	0.10101	0.11428	0.13626	0.06142	0.00853	0.00228	0.00718	0.00895	0.05772	0.00695
26	0.01383	0.14210	0.54560	0.01666	0.02488	0.03624	0.02044	0.02008	0.01437	0.02041	0.07449	0.01647	0.01313	0.00681	0.00608	0.00197	0.00880	0.00527	0.00320	0.00917

[dist]
# distance from previous block
# <min> <max>
3	7

[block]
# block no. 5 follows, 33 sequences, length 9
# corresponding to MSA columns:
# 120-128
name=unknown_F
#
# <colnr> <probs for GDERKNQSTAVLIFYWHMCP>
#	G	D	E	R	K	N	Q	S	T	A	V	L	I	F	Y	W	H	M	C	P
0	0.01103	0.00723	0.00932	0.00949	0.01125	0.00642	0.00695	0.01285	0.01416	0.08723	0.08774	0.44789	0.08408	0.01662	0.00780	0.00237	0.00421	0.07051	0.00614	0.09670
1	0.15561	0.01548	0.01497	0.01258	0.01673	0.15507	0.04086	0.02407	0.07937	0.19954	0.04494	0.02321	0.04543	0.00829	0.00616	0.00195	0.00673	0.04719	0.00546	0.09638
2	0.01754	0.01867	0.07580	0.02958	0.42793	0.11666	0.01725	0.09767	0.01757	0.02343	0.08092	0.01861	0.01506	0.00698	0.00654	0.00194	0.00801	0.00615	0.00400	0.00967
3	0.01343	0.01511	0.11335	0.07233	0.01979	0.05035	0.04761	0.05523	0.01333	0.01885	0.01382	0.01922	0.01199	0.03863	0.24446	0.00489	0.13242	0.00601	0.02463	0.08452
4	0.01144	0.00572	0.00858	0.00858	0.00858	0.00572	0.00572	0.00858	0.00858	0.01144	0.01144	0.02001	0.01144	0.02287	0.02573	0.80846	0.00572	0.00572	0.00286	0.00286
5	0.01799	0.52419	0.05667	0.01225	0.01772	0.13573	0.01154	0.02036	0.01426	0.01660	0.00976	0.01132	0.00863	0.00573	0.00466	0.00142	0.00761	0.00374	0.00305	0.11676
6	0.01574	0.27196	0.12434	0.09139	0.02088	0.01808	0.01317	0.12724	0.05150	0.02127	0.01714	0.01924	0.06389	0.01286	0.10147	0.00297	0.00865	0.00577	0.00395	0.00850
7	0.01081	0.00717	0.00893	0.00831	0.01037	0.00651	0.00634	0.01337	0.01693	0.09087	0.40452	0.04901	0.25255	0.01673	0.06545	0.00278	0.00456	0.01161	0.00670	0.00647
8	0.01764	0.01384	0.07053	0.01291	0.01655	0.03620	0.01120	0.22597	0.02014	0.11667	0.05335	0.14738	0.02511	0.01241	0.00742	0.00234	0.00630	0.16993	0.02560	0.00851

[dist]
# distance from previous block
# <min> <max>
0	1

[block]
# block no. 6 follows, 33 sequences, length 77
# corresponding to MSA columns:
# 130-206
name=unknown_G
#
# <colnr> <probs for GDERKNQSTAVLIFYWHMCP>
#	G	D	E	R	K	N	Q	S	T	A	V	L	I	F	Y	W	H	M	C	P
0	0.01559	0.01711	0.14543	0.06526	0.12521	0.04803	0.01421	0.09306	0.13772	0.05487	0.09508	0.07067	0.05504	0.00939	0.00686	0.00213	0.00681	0.02344	0.00511	0.00898
1	0.01561	0.01662	0.05819	0.16687	0.39042	0.06901	0.07880	0.02020	0.03939	0.02005	0.01294	0.01702	0.01050	0.00848	0.04578	0.00248	0.00911	0.00598	0.00333	0.00923
2	0.01824	0.01490	0.01584	0.01361	0.01763	0.01694	0.01076	0.20343	0.51148	0.03101	0.05521	0.02345	0.01973	0.00887	0.00672	0.00216	0.00563	0.00726	0.00669	0.01043
3	0.01780	0.07190	0.07704	0.04626	0.01935	0.05468	0.02801	0.23320	0.05400	0.04642	0.07200	0.04212	0.03130	0.00959	0.00815	0.00215	0.08048	0.06359	0.03317	0.00880
4	0.00913	0.04010	0.00913	0.00802	0.00996	0.00683	0.00597	0.01119	0.01540	0.02029	0.26494	0.17772	0.29601	0.04226	0.00850	0.00230	0.00370	0.01296	0.00614	0.04944
5	0.01375	0.01179	0.01370	0.00989	0.01566	0.00906	0.00790	0.01727	0.03994	0.02168	0.01227	0.01406	0.01014	0.00503	0.00494	0.00102	0.00489	0.00403	0.00401	0.77899
6	0.04805	0.04163	0.01756	0.01456	0.05518	0.01497	0.03521	0.23661	0.13903	0.16285	0.04115	0.04865	0.04648	0.00887	0.00661	0.00204	0.00615	0.02348	0.00624	0.04470
7	0.01333	0.00993	0.01407	0.01242	0.01518	0.00967	0.07922	0.10213	0.01704	0.05904	0.13647	0.14961	0.05573	0.04756	0.03532	0.00282	0.00616	0.16954	0.00583	0.05893
8	0.01515	0.13639	0.18747	0.05272	0.04514	0.07241	0.01443	0.06878	0.04828	0.02027	0.06104	0.07133	0.03549	0.00957	0.00895	0.03716	0.09659	0.00673	0.00395	0.00816
9	0.12301	0.01331	0.02172	0.41549	0.11681	0.01546	0.10653	0.01804	0.01318	0.01959	0.01141	0.01625	0.00889	0.00669	0.00756	0.00220	0.06706	0.00578	0.00317	0.00785
10	0.06526	0.01189	0.01892	0.55525	0.11139	0.01402	0.01665	0.01767	0.01360	0.05211	0.01521	0.01965	0.04733	0.00709	0.00648	0.00215	0.00800	0.00617	0.00345	0.00772
11	0.01700	0.66203	0.10454	0.01231	0.01809	0.02468	0.01273	0.01964	0.01327	0.01605	0.00940	0.01108	0.00845	0.00597	0.00525	0.00155	0.04286	0.00376	0.00282	0.00852
12	0.81514	0.01273	0.00968	0.00866	0.01273	0.01477	0.00713	0.01935	0.01120	0.02954	0.00917	0.01069	0.00713	0.00611	0.00407	0.00204	0.00509	0.00356	0.00407	0.00713
13	0.00816	0.00583	0.00780	0.00932	0.00977	0.00547	0.00635	0.00940	0.01274	0.01696	0.03621	0.72760	0.04324	0.02050	0.00844	0.00269	0.00394	0.05410	0.00611	0.00539
14	0.01597	0.01185	0.01644	0.03234	0.05051	0.01270	0.08236	0.18562	0.01741	0.06224	0.01881	0.09279	0.01669	0.06505	0.12300	0.00368	0.05286	0.00781	0.12390	0.00798
15	0.81514	0.01273	0.00968	0.00866	0.01273	0.01477	0.00713	0.01935	0.01120	0.02954	0.00917	0.01069	0.00713	0.00611	0.00407	0.00204	0.00509	0.00356	0.00407	0.00713
16	0.00813	0.00578	0.00761	0.00902	0.00937	0.00542	0.00596	0.00920	0.01238	0.01651	0.03514	0.71139	0.04210	0.07554	0.01025	0.00295	0.00401	0.01804	0.00596	0.00525
17	0.00882	0.00653	0.00823	0.00819	0.00963	0.00594	0.00600	0.01131	0.01688	0.02315	0.48473	0.19031	0.16520	0.01537	0.00789	0.00221	0.00328	0.01355	0.00684	0.00594
18	0.02459	0.03138	0.01866	0.01696	0.02035	0.74221	0.01272	0.02629	0.01866	0.01611	0.01018	0.01187	0.00848	0.00678	0.00594	0.00170	0.01187	0.00424	0.00339	0.00763
19	0.01023	0.00731	0.01018	0.01169	0.01305	0.00725	0.00996	0.01299	0.01478	0.01928	0.03506	0.17438	0.03871	0.01854	0.00899	0.00298	0.00574	0.58685	0.00607	0.00596
20	0.81514	0.01273	0.00968	0.00866	0.01273	0.01477	0.00713	0.01935	0.01120	0.02954	0.00917	0.01069	0.00713	0.00611	0.00407	0.00204	0.00509	0.00356	0.00407	0.00713
21	0.02503	0.01844	0.01976	0.01515	0.02042	0.02042	0.01251	0.70562	0.03095	0.04149	0.01581	0.01581	0.01120	0.00790	0.00659	0.00198	0.00724	0.00593	0.00659	0.01120
22	0.01605	0.01386	0.01457	0.01314	0.01680	0.01596	0.01021	0.03401	0.68894	0.02717	0.02832	0.02604	0.04699	0.00923	0.00674	0.00223	0.00514	0.00769	0.00668	0.01023
23	0.01227	0.00614	0.00614	0.00614	0.00767	0.00614	0.00460	0.01534	0.01381	0.02454	0.02148	0.02454	0.01687	0.00767	0.00460	0.00153	0.00307	0.00614	0.80518	0.00614
24	0.00954	0.00650	0.00776	0.00776	0.00797	0.00670	0.00472	0.00995	0.00975	0.01320	0.02021	0.04013	0.02265	0.64523	0.15516	0.00710	0.00831	0.00914	0.00391	0.00431
25	0.01036	0.00748	0.01026	0.01159	0.01316	0.00738	0.01004	0.01329	0.01527	0.01979	0.06128	0.07258	0.08918	0.01791	0.00895	0.00294	0.00576	0.61066	0.00611	0.00603
26	0.02503	0.01844	0.01976	0.01515	0.02042	0.02042	0.01251	0.70562	0.03095	0.04149	0.01581	0.01581	0.01120	0.00790	0.00659	0.00198	0.00724	0.00593	0.00659	0.01120
27	0.02310	0.01680	0.01793	0.01402	0.01878	0.01856	0.01149	0.59023	0.06619	0.03879	0.01705	0.01728	0.01233	0.00793	0.00636	0.00194	0.00666	0.00603	0.09795	0.01057
28	0.00809	0.00668	0.00710	0.00700	0.00908	0.00569	0.00525	0.01005	0.01574	0.01953	0.19958	0.06049	0.59092	0.01602	0.00778	0.00219	0.00329	0.01349	0.00634	0.00569
29	0.00828	0.00632	0.00764	0.00831	0.00958	0.00568	0.00598	0.01002	0.01454	0.01883	0.15647	0.36859	0.28436	0.01797	0.00812	0.00244	0.00366	0.05133	0.00629	0.00560
30	0.01554	0.01776	0.03885	0.02775	0.03441	0.01665	0.70366	0.02109	0.01554	0.02109	0.01332	0.01776	0.00999	0.00555	0.00777	0.00222	0.01110	0.00777	0.00333	0.00888
31	0.01478	0.01035	0.01085	0.00989	0.01270	0.01129	0.00766	0.05481	0.32027	0.04585	0.02693	0.02691	0.06917	0.00889	0.00589	0.00192	0.00428	0.00727	0.34198	0.00833
32	0.00809	0.00590	0.00748	0.00870	0.00931	0.00544	0.00582	0.00923	0.01273	0.01668	0.03940	0.62279	0.13457	0.06841	0.00994	0.00285	0.00392	0.01747	0.00597	0.00529
33	0.00946	0.00692	0.00811	0.00806	0.01003	0.00611	0.00619	0.01168	0.01604	0.05139	0.24265	0.10404	0.39447	0.01582	0.00790	0.00229	0.00368	0.08261	0.00651	0.00602
34	0.01406	0.01393	0.02009	0.14495	0.02215	0.01920	0.01508	0.01601	0.01062	0.01601	0.00917	0.01495	0.00867	0.01066	0.01900	0.00276	0.62679	0.00578	0.00289	0.00722
35	0.02216	0.05509	0.01773	0.01557	0.01877	0.62000	0.01173	0.02383	0.01783	0.01624	0.01555	0.06383	0.05793	0.00829	0.00615	0.00178	0.01061	0.00578	0.00373	0.00738
36	0.01387	0.01195	0.01418	0.01103	0.04160	0.00937	0.00837	0.01753	0.04510	0.02173	0.01240	0.01424	0.01024	0.00509	0.00502	0.00107	0.00500	0.00413	0.00400	0.74409
37	0.01010	0.00806	0.01173	0.01132	0.01247	0.00959	0.00888	0.01231	0.01072	0.01564	0.01720	0.05905	0.01654	0.04178	0.59292	0.00892	0.10810	0.00734	0.00358	0.03375
38	0.00915	0.00660	0.00766	0.00761	0.00859	0.00621	0.00514	0.01049	0.01342	0.01776	0.21109	0.05094	0.19494	0.36419	0.01976	0.00415	0.00483	0.04703	0.00542	0.00502
39	0.00963	0.00736	0.00962	0.00925	0.01073	0.00693	0.03709	0.04097	0.01514	0.02021	0.22121	0.26732	0.17154	0.12851	0.01176	0.00293	0.00439	0.01358	0.00599	0.00583
40	0.01658	0.05503	0.06401	0.19195	0.16843	0.16908	0.16548	0.02054	0.01513	0.01861	0.01201	0.01599	0.00961	0.00811	0.03948	0.00238	0.01011	0.00582	0.00319	0.00845
41	0.01255	0.05371	0.05925	0.01248	0.01414	0.07822	0.01030	0.01436	0.01144	0.01539	0.01529	0.05776	0.01525	0.12886	0.27495	0.04188	0.16740	0.00704	0.00345	0.00627
42	0.01899	0.01373	0.01513	0.01258	0.01604	0.01487	0.00996	0.43431	0.02378	0.03213	0.04253	0.11207	0.02025	0.11246	0.01053	0.00270	0.00634	0.05187	0.04090	0.00884
43	0.00897	0.00660	0.00852	0.00971	0.01083	0.00624	0.00747	0.01086	0.01387	0.01790	0.04086	0.35679	0.16740	0.04590	0.00944	0.00285	0.00464	0.25954	0.00602	0.00560
44	0.04779	0.09897	0.06687	0.03070	0.07576	0.13555	0.04295	0.26411	0.05384	0.02776	0.01428	0.01568	0.01092	0.00705	0.00600	0.00186	0.00783	0.00541	0.07729	0.00936
45	0.05356	0.01678	0.03327	0.07194	0.03153	0.01699	0.51779	0.05076	0.01525	0.02153	0.01260	0.01694	0.00968	0.00642	0.00902	0.00227	0.09446	0.00714	0.00343	0.00861
46	0.05101	0.04059	0.01749	0.01514	0.05545	0.01469	0.07171	0.12932	0.18384	0.02496	0.06902	0.10637	0.06124	0.01240	0.04568	0.00266	0.07597	0.00858	0.00536	0.00853
47	0.01440	0.01440	0.02016	0.01728	0.01728	0.02016	0.01440	0.01584	0.01008	0.01584	0.00864	0.01440	0.00864	0.01152	0.02160	0.00288	0.75659	0.00576	0.00288	0.00720
48	0.01512	0.01081	0.01443	0.03285	0.01565	0.01160	0.05451	0.17143	0.03780	0.07132	0.04401	0.02650	0.01776	0.16057	0.25881	0.00570	0.01044	0.00741	0.02579	0.00750
49	0.02250	0.02117	0.01961	0.07721	0.11118	0.33302	0.04549	0.04697	0.04342	0.17129	0.03478	0.01703	0.01249	0.00718	0.00639	0.00190	0.00911	0.00563	0.00468	0.00895
50	0.01542	0.01665	0.04479	0.10760	0.16780	0.14528	0.04419	0.01997	0.08176	0.01899	0.01926	0.02357	0.07881	0.01205	0.06863	0.00285	0.08837	0.03197	0.00391	0.00813
51	0.01227	0.00614	0.00614	0.00614	0.00767	0.00614	0.00460	0.01534	0.01381	0.02454	0.02148	0.02454	0.01687	0.00767	0.00460	0.00153	0.00307	0.00614	0.80518	0.00614
52	0.01757	0.22826	0.02590	0.01975	0.17254	0.01787	0.08938	0.08485	0.08579	0.05399	0.01383	0.01548	0.01101	0.00621	0.00579	0.00171	0.00710	0.00531	0.00411	0.13356
53	0.01091	0.00869	0.00949	0.00907	0.01116	0.02549	0.00678	0.09144	0.04180	0.02276	0.21658	0.20337	0.28720	0.01520	0.00769	0.00224	0.00410	0.01306	0.00641	0.00654
54	0.03189	0.03660	0.06822	0.16915	0.24999	0.01621	0.26544	0.01972	0.01448	0.02023	0.01227	0.01660	0.00965	0.00611	0.00738	0.00212	0.03538	0.00638	0.00319	0.00900
55	0.01923	0.50759	0.02862	0.01260	0.01770	0.08957	0.01158	0.14786	0.03202	0.02086	0.01222	0.01534	0.01077	0.00690	0.00513	0.00164	0.00743	0.04031	0.00382	0.00880
56	0.14545	0.01326	0.01441	0.01099	0.01625	0.01241	0.00896	0.17554	0.01754	0.06512	0.01370	0.01598	0.01087	0.00635	0.00536	0.00149	0.00553	0.02512	0.00484	0.43085
57	0.01606	0.10816	0.01795	0.01583	0.10980	0.01504	0.01123	0.17966	0.14312	0.02581	0.06742	0.14052	0.04507	0.01096	0.00690	0.00216	0.00592	0.06400	0.00560	0.00880
58	0.13620	0.01678	0.01889	0.05122	0.16566	0.07082	0.01317	0.30288	0.04584	0.07143	0.01509	0.03652	0.01165	0.00749	0.00622	0.00200	0.00720	0.00589	0.00522	0.00983
59	0.01227	0.00614	0.00614	0.00614	0.00767	0.00614	0.00460	0.01534	0.01381	0.02454	0.02148	0.02454	0.01687	0.00767	0.00460	0.00153	0.00307	0.00614	0.80518	0.00614
60	0.00948	0.00741	0.00837	0.00847	0.01020	0.00706	0.00635	0.01274	0.07791	0.01895	0.11780	0.08169	0.33716	0.14825	0.01243	0.00308	0.00446	0.11642	0.00590	0.00586
61	0.02503	0.01844	0.01976	0.01515	0.02042	0.02042	0.01251	0.70562	0.03095	0.04149	0.01581	0.01581	0.01120	0.00790	0.00659	0.00198	0.00724	0.00593	0.00659	0.01120
62	0.01227	0.00614	0.00614	0.00614	0.00767	0.00614	0.00460	0.01534	0.01381	0.02454	0.02148	0.02454	0.01687	0.00767	0.00460	0.00153	0.00307	0.00614	0.80518	0.00614
63	0.02921	0.01173	0.01561	0.01197	0.01707	0.01046	0.00988	0.08153	0.01973	0.68142	0.02523	0.02192	0.01592	0.00813	0.00662	0.00203	0.00572	0.00657	0.00803	0.01120
64	0.00830	0.00605	0.00767	0.00868	0.00943	0.00559	0.00594	0.00967	0.01336	0.01765	0.10523	0.53011	0.13589	0.07288	0.01007	0.00283	0.00393	0.03526	0.00607	0.00538
65	0.01775	0.69150	0.07252	0.01189	0.01773	0.02515	0.01205	0.05630	0.01434	0.01717	0.00965	0.01102	0.00859	0.00579	0.00446	0.00148	0.00720	0.00372	0.00301	0.00867
66	0.01665	0.01934	0.17284	0.09748	0.16175	0.04966	0.06744	0.14038	0.05566	0.04386	0.01758	0.04823	0.03799	0.00803	0.00677	0.00211	0.00808	0.03245	0.00435	0.00934
67	0.00855	0.00682	0.00774	0.00786	0.00983	0.00601	0.00613	0.01074	0.01582	0.01997	0.20589	0.06192	0.47448	0.01620	0.00798	0.00231	0.00370	0.11592	0.00635	0.00578
68	0.01028	0.00710	0.00836	0.00793	0.01011	0.00623	0.00609	0.01262	0.01671	0.07987	0.31166	0.05508	0.38501	0.01482	0.00774	0.00218	0.00355	0.04165	0.00671	0.00629
69	0.02065	0.01348	0.03518	0.01300	0.01676	0.01391	0.02503	0.18445	0.12179	0.21990	0.02111	0.02193	0.03435	0.03670	0.00998	0.03997	0.08637	0.00669	0.06939	0.00936
70	0.03873	0.17530	0.37711	0.01674	0.02394	0.15855	0.03904	0.06159	0.01569	0.02033	0.01119	0.01300	0.00857	0.00631	0.00580	0.00187	0.00939	0.00460	0.00318	0.00906
71	0.01084	0.00744	0.00851	0.00850	0.00929	0.00759	0.00553	0.06224	0.04578	0.01760	0.02483	0.22923	0.02742	0.41739	0.02128	0.00449	0.00544	0.01134	0.06989	0.00536
72	0.00940	0.00705	0.01058	0.01058	0.01176	0.00823	0.00823	0.01176	0.01058	0.01528	0.01763	0.02586	0.01646	0.04937	0.74255	0.01058	0.01763	0.00705	0.00353	0.00588
73	0.78572	0.01267	0.00989	0.00877	0.01288	0.01458	0.00722	0.01983	0.01149	0.05585	0.00980	0.01113	0.00747	0.00619	0.00417	0.00204	0.00511	0.00368	0.00423	0.00728
74	0.04038	0.01632	0.01714	0.05527	0.04468	0.15903	0.05263	0.11458	0.07431	0.06940	0.07345	0.02125	0.04064	0.01185	0.07584	0.00271	0.02659	0.00644	0.00485	0.09263
75	0.08147	0.01282	0.04073	0.01286	0.04903	0.01235	0.00993	0.19757	0.06089	0.04643	0.09314	0.15551	0.05025	0.01078	0.00672	0.00205	0.00549	0.03259	0.00572	0.11368
76	0.08119	0.10020	0.05372	0.01740	0.11681	0.09384	0.03742	0.17001	0.01809	0.04266	0.05071	0.01686	0.01299	0.00997	0.05699	0.00245	0.03402	0.00555	0.00439	0.07475

[dist]
# distance from previous block
# <min> <max>
0	23

[block]
# block no. 7 follows, 33 sequences, length 50
# corresponding to MSA columns:
# 230-279
name=unknown_H
#
# <colnr> <probs for GDERKNQSTAVLIFYWHMCP>
#	G	D	E	R	K	N	Q	S	T	A	V	L	I	F	Y	W	H	M	C	P
0	0.01884	0.05497	0.02112	0.08212	0.04671	0.06684	0.10337	0.22115	0.16344	0.04640	0.03710	0.01972	0.03257	0.00766	0.00657	0.00199	0.00742	0.00652	0.00524	0.05026
1	0.02177	0.12228	0.03860	0.03330	0.04831	0.19918	0.01233	0.20999	0.09405	0.08993	0.01524	0.01578	0.01147	0.00718	0.00600	0.00183	0.00796	0.00531	0.02373	0.03576
2	0.01535	0.06654	0.06215	0.12982	0.08233	0.03901	0.11276	0.11136	0.01720	0.02325	0.09923	0.02436	0.01826	0.00805	0.00669	0.00198	0.00748	0.06260	0.00441	0.10718
3	0.01668	0.01683	0.02421	0.01886	0.02274	0.10966	0.25060	0.10085	0.01601	0.02147	0.01317	0.01719	0.01077	0.01197	0.08946	0.00306	0.15262	0.00635	0.04964	0.04785
4	0.11216	0.04354	0.11415	0.04064	0.15970	0.01643	0.09666	0.15288	0.09216	0.08547	0.01523	0.01663	0.01127	0.00682	0.00631	0.00204	0.00757	0.00585	0.00468	0.00982
5	0.77619	0.01266	0.00995	0.00881	0.01293	0.01452	0.00726	0.01998	0.01158	0.06437	0.01000	0.01128	0.00758	0.00621	0.00420	0.00204	0.00512	0.00372	0.00428	0.00733
6	0.00937	0.00630	0.00724	0.00744	0.00749	0.00625	0.00426	0.00952	0.00997	0.01329	0.02275	0.13633	0.02647	0.67193	0.03026	0.00590	0.00605	0.01076	0.00426	0.00416
7	0.00805	0.00662	0.00708	0.00710	0.00909	0.00565	0.00528	0.00992	0.01544	0.01913	0.17217	0.10868	0.57017	0.01642	0.00782	0.00223	0.00333	0.01390	0.00630	0.00565
8	0.15214	0.19641	0.03865	0.01332	0.01760	0.19379	0.01133	0.16345	0.01761	0.02352	0.01164	0.01364	0.00957	0.01079	0.07542	0.00263	0.03149	0.00464	0.00402	0.00836
9	0.00808	0.00585	0.00752	0.00882	0.00936	0.00542	0.00589	0.00922	0.01267	0.01668	0.03835	0.65897	0.10743	0.06024	0.00969	0.00283	0.00391	0.01777	0.00600	0.00529
10	0.00806	0.00576	0.00768	0.00914	0.00956	0.00538	0.00611	0.00927	0.01280	0.01712	0.05887	0.74086	0.04415	0.02039	0.00838	0.00265	0.00380	0.01849	0.00615	0.00538
11	0.01728	0.01613	0.01462	0.01308	0.01643	0.14965	0.01014	0.12559	0.31345	0.02577	0.08401	0.06524	0.08104	0.01026	0.00687	0.00213	0.00637	0.02707	0.00601	0.00888
12	0.01551	0.00879	0.00922	0.00815	0.01058	0.00912	0.00638	0.15308	0.01742	0.05701	0.02053	0.02272	0.01572	0.00774	0.00508	0.00164	0.00400	0.00611	0.61385	0.00735
13	0.02443	0.01563	0.01761	0.01378	0.01861	0.01663	0.01128	0.46318	0.06192	0.20026	0.04515	0.04711	0.01590	0.00869	0.00671	0.00203	0.00648	0.00686	0.00696	0.01076
14	0.01114	0.00572	0.00849	0.00863	0.00866	0.00569	0.00575	0.00863	0.00893	0.01190	0.01360	0.08487	0.01423	0.02267	0.02422	0.73825	0.00555	0.00685	0.00314	0.00308
15	0.01620	0.01562	0.02526	0.06697	0.54284	0.03431	0.04439	0.04439	0.01503	0.02117	0.01236	0.01649	0.01040	0.00811	0.03611	0.00238	0.06894	0.00593	0.00335	0.00975
16	0.00927	0.00702	0.00783	0.02643	0.01049	0.00612	0.00591	0.01123	0.01548	0.05508	0.13567	0.08577	0.55087	0.01581	0.00775	0.00223	0.00365	0.03117	0.00626	0.00597
17	0.02421	0.07224	0.01953	0.01665	0.02016	0.70273	0.01264	0.02593	0.01836	0.01608	0.01012	0.01180	0.00848	0.00672	0.00584	0.00168	0.01161	0.00420	0.00336	0.00768
18	0.01549	0.02335	0.26591	0.05619	0.21202	0.07270	0.18721	0.02079	0.01477	0.02034	0.01207	0.01547	0.00933	0.00625	0.00731	0.00209	0.04041	0.00586	0.00310	0.00934
19	0.02305	0.06612	0.01973	0.01656	0.01981	0.56169	0.01283	0.07917	0.01835	0.01808	0.01039	0.01242	0.00872	0.00738	0.00777	0.00185	0.10009	0.00452	0.00356	0.00791
20	0.00834	0.00589	0.00767	0.00888	0.00922	0.00563	0.00582	0.00933	0.01201	0.01605	0.03293	0.61330	0.03918	0.15058	0.03932	0.00360	0.00476	0.01672	0.00565	0.00513
21	0.02609	0.01044	0.01417	0.01113	0.01562	0.00909	0.00909	0.02874	0.01881	0.61195	0.14486	0.02697	0.02410	0.00905	0.00682	0.00204	0.00518	0.00752	0.00799	0.01035
22	0.81514	0.01273	0.00968	0.00866	0.01273	0.01477	0.00713	0.01935	0.01120	0.02954	0.00917	0.01069	0.00713	0.00611	0.00407	0.00204	0.00509	0.00356	0.00407	0.00713
23	0.01127	0.00841	0.01167	0.01112	0.01279	0.00968	0.00874	0.09452	0.01301	0.01841	0.01742	0.02466	0.01583	0.04443	0.65476	0.00955	0.01639	0.00692	0.00389	0.00651
24	0.02355	0.01745	0.01870	0.01457	0.01943	0.01933	0.01188	0.61969	0.07677	0.03889	0.01684	0.01797	0.01254	0.05153	0.00813	0.00225	0.00706	0.00624	0.00644	0.01073
25	0.01554	0.01776	0.03885	0.02775	0.03441	0.01665	0.70366	0.02109	0.01554	0.02109	0.01332	0.01776	0.00999	0.00555	0.00777	0.00222	0.01110	0.00777	0.00333	0.00888
26	0.01554	0.01776	0.03885	0.02775	0.03441	0.01665	0.70366	0.02109	0.01554	0.02109	0.01332	0.01776	0.00999	0.00555	0.00777	0.00222	0.01110	0.00777	0.00333	0.00888
27	0.01760	0.77260	0.03450	0.01126	0.01690	0.02605	0.01126	0.01971	0.01338	0.01549	0.00915	0.01056	0.00845	0.00563	0.00422	0.00141	0.00704	0.00352	0.00282	0.00845
28	0.02954	0.01120	0.01528	0.01171	0.01681	0.00968	0.00968	0.03208	0.01884	0.73213	0.02597	0.02241	0.01630	0.00815	0.00662	0.00204	0.00560	0.00662	0.00815	0.01120
29	0.01440	0.01440	0.02016	0.01728	0.01728	0.02016	0.01440	0.01584	0.01008	0.01584	0.00864	0.01440	0.00864	0.01152	0.02160	0.00288	0.75659	0.00576	0.00288	0.00720
30	0.01320	0.03405	0.73453	0.01876	0.02849	0.01529	0.02432	0.02085	0.01390	0.02085	0.01181	0.01390	0.00834	0.00625	0.00625	0.00208	0.00973	0.00486	0.00278	0.00973
31	0.00954	0.00652	0.00789	0.00789	0.00813	0.00677	0.00487	0.01003	0.00978	0.01329	0.02010	0.03950	0.02238	0.61905	0.18097	0.00726	0.00872	0.00905	0.00389	0.00438
32	0.01040	0.00572	0.00829	0.00876	0.00887	0.00561	0.00584	0.00876	0.00980	0.01307	0.01898	0.24608	0.02119	0.02219	0.02047	0.56373	0.00514	0.00967	0.00385	0.00361
33	0.01554	0.01776	0.03885	0.02775	0.03441	0.01665	0.70366	0.02109	0.01554	0.02109	0.01332	0.01776	0.00999	0.00555	0.00777	0.00222	0.01110	0.00777	0.00333	0.00888
34	0.00957	0.00642	0.00735	0.00735	0.00741	0.00647	0.00420	0.00968	0.00962	0.01289	0.02059	0.04223	0.02356	0.73298	0.06866	0.00659	0.00694	0.00945	0.00397	0.00408
35	0.00819	0.00610	0.00729	0.00815	0.00900	0.00557	0.00547	0.00931	0.01282	0.01646	0.04251	0.45427	0.23377	0.13488	0.01210	0.00312	0.00408	0.01594	0.00578	0.00520
36	0.00812	0.00594	0.00767	0.00901	0.00968	0.00549	0.00620	0.00943	0.01303	0.01707	0.04000	0.64189	0.12806	0.02001	0.00836	0.00264	0.00387	0.05201	0.00611	0.00541
37	0.02459	0.03138	0.01866	0.01696	0.02035	0.74221	0.01272	0.02629	0.01866	0.01611	0.01018	0.01187	0.00848	0.00678	0.00594	0.00170	0.01187	0.00424	0.00339	0.00763
38	0.01509	0.01748	0.05705	0.10651	0.03489	0.01650	0.58660	0.02045	0.01506	0.02045	0.01295	0.01751	0.00976	0.00587	0.00803	0.00223	0.03423	0.00741	0.00325	0.00868
39	0.00806	0.00610	0.00747	0.00853	0.00953	0.00551	0.00597	0.00945	0.01346	0.01724	0.04560	0.51750	0.25351	0.01930	0.00824	0.00255	0.00377	0.04667	0.00611	0.00544
40	0.01440	0.01440	0.02016	0.01728	0.01728	0.02016	0.01440	0.01584	0.01008	0.01584	0.00864	0.01440	0.00864	0.01152	0.02160	0.00288	0.75659	0.00576	0.00288	0.00720
41	0.04483	0.01978	0.02181	0.01752	0.02176	0.19868	0.15391	0.17162	0.13100	0.04186	0.01526	0.01678	0.01165	0.00755	0.00779	0.00206	0.07085	0.00606	0.03014	0.00909
42	0.01814	0.61630	0.09212	0.01243	0.01832	0.04304	0.01253	0.08767	0.01529	0.01853	0.01006	0.01140	0.00871	0.00594	0.00467	0.00153	0.00741	0.00389	0.00320	0.00881
43	0.01109	0.00959	0.01289	0.01220	0.01318	0.03989	0.00964	0.01316	0.01077	0.01537	0.01547	0.02327	0.01464	0.05798	0.53880	0.00845	0.17731	0.00673	0.00339	0.00619
44	0.01429	0.01155	0.01822	0.02148	0.25222	0.01131	0.06959	0.01888	0.07176	0.08019	0.21334	0.07186	0.05806	0.01027	0.00728	0.00215	0.00593	0.04766	0.00545	0.00849
45	0.01185	0.01013	0.01541	0.40897	0.02972	0.01181	0.01329	0.05945	0.01489	0.01975	0.11753	0.19495	0.02447	0.01101	0.00755	0.00229	0.02577	0.00969	0.00451	0.00695
46	0.01509	0.10348	0.03700	0.01072	0.01385	0.13309	0.00879	0.07714	0.03880	0.03936	0.13909	0.07651	0.15296	0.01069	0.00644	0.00192	0.00581	0.00863	0.11328	0.00733
47	0.01625	0.01722	0.08652	0.05775	0.01905	0.11236	0.01281	0.14855	0.03609	0.02169	0.01771	0.09483	0.03933	0.07088	0.01262	0.00265	0.19274	0.02871	0.00437	0.00783
48	0.27815	0.01601	0.01592	0.01578	0.10882	0.13046	0.03268	0.05335	0.01465	0.02367	0.01410	0.01750	0.04153	0.00730	0.00644	0.00190	0.05071	0.03039	0.00403	0.13662
49	0.03793	0.01850	0.07228	0.05979	0.17749	0.12535	0.01459	0.13101	0.05325	0.05191	0.03589	0.01657	0.01207	0.00732	0.00767	0.00195	0.07810	0.00560	0.00430	0.08843

[dist]
# distance from previous block
