[name]
unknown

[dist]
# distance from previous block
# <min> <max>
0	41

[block]
# block no. 0 follows, 32 sequences, length 23
# corresponding to MSA columns:
# 41-63
name=unknown_A
#
# <colnr> <probs for GDERKNQSTAVLIFYWHMCP>
#	G	D	E	R	K	N	Q	S	T	A	V	L	I	F	Y	W	H	M	C	P
0	0.08394	0.02053	0.26968	0.01716	0.04290	0.01380	0.11492	0.06699	0.04793	0.02326	0.01984	0.09712	0.05009	0.00922	0.00687	0.00221	0.00782	0.05113	0.00429	0.05029
1	0.11467	0.03012	0.59075	0.01701	0.02569	0.01487	0.02128	0.02030	0.01389	0.02217	0.01534	0.01704	0.05469	0.00705	0.00619	0.00213	0.00889	0.00539	0.00322	0.00930
2	0.01917	0.01419	0.01625	0.03628	0.01808	0.01517	0.03322	0.37393	0.06980	0.05599	0.06139	0.06195	0.13378	0.01036	0.00700	0.00211	0.00612	0.00849	0.04729	0.00941
3	0.01889	0.03296	0.08120	0.02242	0.17590	0.06880	0.11312	0.15599	0.11381	0.06929	0.01769	0.06844	0.01438	0.00803	0.00689	0.00211	0.00800	0.00718	0.00494	0.00994
4	0.01394	0.00917	0.01218	0.01032	0.01326	0.00849	0.04124	0.05244	0.04018	0.13022	0.40675	0.04210	0.13131	0.01209	0.00751	0.00208	0.00434	0.01055	0.00697	0.04486
5	0.01311	0.08685	0.12615	0.01281	0.01626	0.06823	0.04746	0.04949	0.03711	0.01999	0.04629	0.30720	0.04487	0.04210	0.00819	0.00241	0.00643	0.01126	0.04648	0.00730
6	0.01822	0.01725	0.09256	0.06860	0.08450	0.11394	0.06666	0.07986	0.01676	0.12982	0.01983	0.05869	0.05054	0.07818	0.00981	0.00250	0.03440	0.00734	0.04197	0.00856
7	0.01918	0.01184	0.01806	0.15540	0.10994	0.01202	0.05463	0.04142	0.04175	0.26160	0.05388	0.10465	0.01915	0.00932	0.00735	0.00219	0.02446	0.00818	0.03579	0.00920
8	0.01524	0.01052	0.01228	0.01082	0.01383	0.01084	0.00842	0.06808	0.22900	0.11610	0.32855	0.03782	0.08748	0.01149	0.00736	0.00216	0.00444	0.00981	0.00721	0.00857
9	0.01554	0.01495	0.01995	0.12772	0.24558	0.06425	0.01518	0.02247	0.18042	0.02109	0.01864	0.04355	0.04346	0.00995	0.03175	0.00251	0.10262	0.00702	0.00429	0.00905
10	0.01876	0.01405	0.01533	0.01341	0.01738	0.01571	0.01052	0.08554	0.54343	0.11788	0.02670	0.05178	0.02019	0.00937	0.00687	0.00225	0.00547	0.00779	0.00698	0.01059
11	0.06669	0.02209	0.21984	0.11457	0.22144	0.09621	0.03678	0.05653	0.01591	0.04546	0.01422	0.01686	0.03063	0.00680	0.00643	0.00205	0.00877	0.00568	0.00364	0.00938
12	0.01023	0.00807	0.01155	0.03692	0.10179	0.00842	0.00866	0.01176	0.01215	0.01663	0.02612	0.36793	0.02977	0.18186	0.09428	0.00433	0.04569	0.01299	0.00483	0.00603
13	0.01391	0.01193	0.01391	0.00994	0.01590	0.00894	0.00795	0.01690	0.01391	0.02186	0.01193	0.01391	0.00994	0.00497	0.00497	0.00099	0.00497	0.00398	0.00398	0.80521
14	0.01391	0.01193	0.01391	0.00994	0.01590	0.00894	0.00795	0.01690	0.01391	0.02186	0.01193	0.01391	0.00994	0.00497	0.00497	0.00099	0.00497	0.00398	0.00398	0.80521
15	0.01251	0.00625	0.00625	0.00625	0.00782	0.00625	0.00469	0.01563	0.01407	0.02502	0.02189	0.02502	0.01720	0.00782	0.00469	0.00156	0.00313	0.00625	0.80144	0.00625
16	0.01956	0.00833	0.00999	0.00853	0.01155	0.00770	0.00676	0.02248	0.01613	0.30652	0.02373	0.02414	0.01696	0.00801	0.00552	0.00177	0.00416	0.00645	0.48337	0.00833
17	0.00840	0.00601	0.00799	0.00919	0.00978	0.00560	0.00625	0.00991	0.01389	0.01879	0.15297	0.63908	0.04760	0.01978	0.00845	0.00262	0.00377	0.01789	0.00643	0.00560
18	0.01312	0.01243	0.02131	0.61547	0.06700	0.01503	0.06645	0.01748	0.01355	0.01785	0.01228	0.01797	0.00937	0.00686	0.00737	0.00224	0.04015	0.00611	0.03034	0.00763
19	0.00793	0.00680	0.00680	0.00680	0.00906	0.00566	0.00510	0.00963	0.01529	0.01813	0.06797	0.06457	0.71961	0.01699	0.00793	0.00227	0.00340	0.01416	0.00623	0.00566
20	0.00933	0.00660	0.00811	0.00831	0.00906	0.00642	0.00560	0.01065	0.01302	0.01758	0.17819	0.16233	0.09371	0.33580	0.07435	0.00478	0.00596	0.03970	0.00536	0.00514
21	0.01481	0.18416	0.04397	0.36727	0.09798	0.04085	0.03627	0.01844	0.01356	0.01737	0.01132	0.01586	0.00926	0.00811	0.02908	0.00233	0.07281	0.00544	0.00303	0.00808
22	0.11380	0.38084	0.12708	0.01377	0.01932	0.20949	0.01327	0.02197	0.01485	0.01844	0.00999	0.01162	0.00844	0.00620	0.00504	0.00169	0.00862	0.00398	0.00317	0.00842

[dist]
# distance from previous block
# <min> <max>
0	4

[block]
# block no. 1 follows, 32 sequences, length 13
# corresponding to MSA columns:
# 68-80
name=unknown_B
#
# <colnr> <probs for GDERKNQSTAVLIFYWHMCP>
#	G	D	E	R	K	N	Q	S	T	A	V	L	I	F	Y	W	H	M	C	P
0	0.06869	0.04852	0.14959	0.08087	0.36652	0.07705	0.07263	0.02098	0.01500	0.02128	0.01202	0.01541	0.00964	0.00616	0.00640	0.00202	0.00878	0.00557	0.00327	0.00962
1	0.00968	0.00705	0.00932	0.04018	0.01112	0.00756	0.00663	0.01111	0.01115	0.01526	0.05750	0.03731	0.06788	0.35491	0.31654	0.00757	0.01091	0.00896	0.00414	0.00521
2	0.00887	0.00705	0.00799	0.00780	0.00977	0.00631	0.00583	0.01174	0.04133	0.02190	0.32161	0.08862	0.40590	0.01560	0.00791	0.00223	0.00340	0.01335	0.00671	0.00609
3	0.00825	0.00617	0.00768	0.00866	0.00961	0.00559	0.00598	0.00975	0.01405	0.01837	0.11457	0.52468	0.20356	0.01933	0.00835	0.00255	0.00370	0.01721	0.00635	0.00559
4	0.00916	0.00669	0.00861	0.00847	0.00990	0.00614	0.00622	0.01189	0.01771	0.02465	0.55839	0.16792	0.10886	0.01516	0.00802	0.00222	0.00330	0.01343	0.00711	0.00614
5	0.81159	0.01298	0.00986	0.00882	0.01298	0.01505	0.00727	0.01972	0.01142	0.03010	0.00934	0.01090	0.00727	0.00623	0.00415	0.00208	0.00519	0.00363	0.00415	0.00727
6	0.05862	0.01455	0.01514	0.01349	0.01738	0.01681	0.01055	0.06752	0.64032	0.02887	0.02582	0.02386	0.01935	0.00890	0.00668	0.00225	0.00541	0.00730	0.00668	0.01048
7	0.00959	0.00719	0.01078	0.01078	0.01198	0.00839	0.00839	0.01198	0.01078	0.01558	0.01797	0.02636	0.01677	0.05032	0.73760	0.01078	0.01797	0.00719	0.00359	0.00599
8	0.01529	0.24354	0.31359	0.10374	0.02546	0.06517	0.01788	0.01990	0.01390	0.01830	0.01196	0.04529	0.01015	0.00728	0.00701	0.00200	0.06248	0.00530	0.00305	0.00872
9	0.00818	0.00584	0.00779	0.00934	0.00973	0.00545	0.00623	0.00934	0.01285	0.01713	0.03698	0.75981	0.04438	0.02102	0.00856	0.00273	0.00389	0.01908	0.00623	0.00545
10	0.01843	0.57548	0.06723	0.01311	0.01833	0.12136	0.01260	0.02076	0.01414	0.01618	0.00957	0.01141	0.00862	0.00638	0.00597	0.00162	0.06347	0.00393	0.00295	0.00847
11	0.01780	0.01554	0.02621	0.03861	0.66019	0.01541	0.01965	0.02166	0.01562	0.08405	0.01384	0.01716	0.01116	0.00618	0.00665	0.00200	0.00777	0.00605	0.00376	0.01070
12	0.01784	0.09246	0.17960	0.01514	0.05574	0.01507	0.01388	0.14567	0.05951	0.09060	0.01608	0.05464	0.01284	0.00738	0.00609	0.00180	0.00693	0.00590	0.00477	0.19806

[dist]
# distance from previous block
# <min> <max>
0	1

[block]
# block no. 2 follows, 32 sequences, length 56
# corresponding to MSA columns:
# 82-137
name=unknown_C
#
# <colnr> <probs for GDERKNQSTAVLIFYWHMCP>
#	G	D	E	R	K	N	Q	S	T	A	V	L	I	F	Y	W	H	M	C	P
0	0.78223	0.01319	0.01025	0.00907	0.01327	0.01527	0.00747	0.04513	0.01217	0.03056	0.00960	0.01109	0.00742	0.00630	0.00425	0.00207	0.00527	0.00372	0.00425	0.00742
1	0.01692	0.01500	0.01524	0.03899	0.06289	0.18165	0.01112	0.01982	0.04073	0.10446	0.03638	0.06379	0.01771	0.04499	0.21088	0.00469	0.06395	0.03861	0.00455	0.00763
2	0.01267	0.01193	0.02013	0.74806	0.04621	0.01491	0.01863	0.01714	0.01342	0.01714	0.01193	0.01789	0.00894	0.00671	0.00671	0.00224	0.00894	0.00596	0.00298	0.00745
3	0.01639	0.03823	0.01613	0.01426	0.04542	0.01607	0.01079	0.10714	0.41937	0.02711	0.07269	0.02712	0.06497	0.02973	0.00870	0.00235	0.05984	0.00787	0.00619	0.00963
4	0.81159	0.01298	0.00986	0.00882	0.01298	0.01505	0.00727	0.01972	0.01142	0.03010	0.00934	0.01090	0.00727	0.00623	0.00415	0.00208	0.00519	0.00363	0.00415	0.00727
5	0.02361	0.01768	0.01897	0.01495	0.01991	0.01964	0.01220	0.58069	0.12537	0.03933	0.01848	0.04612	0.01395	0.00870	0.00680	0.00208	0.00696	0.00676	0.00671	0.01107
6	0.00829	0.00641	0.00758	0.00829	0.00963	0.00571	0.00593	0.00993	0.01454	0.01853	0.10990	0.37207	0.33640	0.01855	0.00826	0.00249	0.00370	0.04181	0.00633	0.00565
7	0.01630	0.43139	0.32822	0.01492	0.02235	0.04758	0.01716	0.02082	0.01405	0.01812	0.01051	0.01225	0.00857	0.00605	0.00524	0.00174	0.00851	0.00419	0.00288	0.00913
8	0.00958	0.00687	0.00844	0.00821	0.00996	0.00615	0.00609	0.01207	0.01722	0.04618	0.43268	0.14058	0.24049	0.01534	0.00796	0.00223	0.00340	0.01337	0.00696	0.00621
9	0.01000	0.00762	0.01101	0.12081	0.01567	0.00864	0.00856	0.01195	0.01103	0.01519	0.01925	0.07972	0.01962	0.24414	0.37868	0.00774	0.01241	0.00854	0.00381	0.00563
10	0.01892	0.56368	0.03027	0.01265	0.01780	0.13750	0.01161	0.02297	0.09618	0.01733	0.01160	0.01265	0.01001	0.00632	0.00488	0.00158	0.00773	0.00417	0.00343	0.00872
11	0.04709	0.15884	0.13258	0.09173	0.08901	0.01561	0.01426	0.08002	0.03411	0.05702	0.03751	0.07797	0.04025	0.00957	0.00660	0.00214	0.00711	0.08543	0.00454	0.00862
12	0.07498	0.18525	0.31181	0.01740	0.04190	0.13211	0.05639	0.04264	0.01514	0.02047	0.01112	0.01325	0.00871	0.00652	0.00641	0.00194	0.03700	0.00473	0.00320	0.00903
13	0.00818	0.00584	0.00779	0.00934	0.00973	0.00545	0.00623	0.00934	0.01285	0.01713	0.03698	0.75981	0.04438	0.02102	0.00856	0.00273	0.00389	0.01908	0.00623	0.00545
14	0.01618	0.01784	0.05122	0.09776	0.24737	0.12875	0.13234	0.02052	0.04029	0.02066	0.07473	0.02159	0.04997	0.00774	0.00766	0.00210	0.04362	0.00698	0.00389	0.00880
15	0.00940	0.00700	0.00897	0.02860	0.01144	0.00656	0.00680	0.03455	0.01383	0.01862	0.05645	0.58511	0.07157	0.03807	0.00881	0.00262	0.00425	0.01646	0.00597	0.06492
16	0.00922	0.00736	0.00985	0.01072	0.03995	0.00687	0.02991	0.01173	0.04142	0.01942	0.13167	0.41619	0.20543	0.01750	0.00816	0.00247	0.00415	0.01563	0.00619	0.00615
17	0.10218	0.01643	0.07212	0.06426	0.12497	0.09282	0.03001	0.06168	0.03990	0.04433	0.01604	0.09529	0.01468	0.05000	0.01005	0.00245	0.10912	0.00717	0.03830	0.00820
18	0.02165	0.01716	0.02138	0.04735	0.09002	0.01857	0.07287	0.46317	0.06981	0.03511	0.01932	0.01998	0.05569	0.00821	0.00689	0.00207	0.00747	0.00680	0.00592	0.01057
19	0.01125	0.00957	0.01381	0.01254	0.01441	0.02607	0.06581	0.01496	0.06264	0.01740	0.02115	0.02756	0.06423	0.05533	0.47404	0.00781	0.06155	0.00765	0.02557	0.00664
20	0.01873	0.12097	0.12502	0.03459	0.04242	0.18763	0.01352	0.04560	0.01594	0.07123	0.01226	0.01407	0.00970	0.00660	0.00672	0.00170	0.05542	0.00466	0.00384	0.20940
21	0.01604	0.01352	0.01429	0.01301	0.01651	0.01554	0.01006	0.03322	0.63570	0.02737	0.02744	0.05958	0.02141	0.00959	0.00678	0.00225	0.00511	0.00805	0.05443	0.01012
22	0.00959	0.00719	0.01078	0.01078	0.01198	0.00839	0.00839	0.01198	0.01078	0.01558	0.01797	0.02636	0.01677	0.05032	0.73760	0.01078	0.01797	0.00719	0.00359	0.00599
23	0.74044	0.01320	0.01061	0.00928	0.01354	0.01513	0.00765	0.05412	0.01274	0.05926	0.01038	0.01165	0.00786	0.00640	0.00439	0.00207	0.00532	0.00388	0.00445	0.00764
24	0.03010	0.01142	0.01557	0.01194	0.01713	0.00986	0.00986	0.03270	0.01920	0.72698	0.02647	0.02284	0.01661	0.00830	0.00675	0.00208	0.00571	0.00675	0.00830	0.01142
25	0.00859	0.00682	0.00771	0.00749	0.00947	0.00594	0.00561	0.01090	0.01684	0.02181	0.34077	0.05852	0.44452	0.01562	0.00792	0.00220	0.00330	0.01331	0.00672	0.00594
26	0.00818	0.00584	0.00779	0.00934	0.00973	0.00545	0.00623	0.00934	0.01285	0.01713	0.03698	0.75981	0.04438	0.02102	0.00856	0.00273	0.00389	0.01908	0.00623	0.00545
27	0.01794	0.76823	0.03516	0.01148	0.01722	0.02655	0.01148	0.02009	0.01363	0.01579	0.00933	0.01076	0.00861	0.00574	0.00431	0.00144	0.00718	0.00359	0.00287	0.00861
28	0.00830	0.00593	0.00792	0.00942	0.00988	0.00555	0.00638	0.00959	0.01311	0.01751	0.05660	0.71696	0.04474	0.02073	0.00857	0.00272	0.00395	0.04040	0.00626	0.00550
29	0.01661	0.01594	0.02724	0.04119	0.72233	0.01594	0.02059	0.02059	0.01528	0.02192	0.01262	0.01661	0.01063	0.00598	0.00664	0.00199	0.00797	0.00598	0.00332	0.01063
30	0.00922	0.00632	0.00817	0.00904	0.01000	0.00578	0.00627	0.01080	0.01430	0.04678	0.14433	0.54804	0.11796	0.01897	0.00833	0.00256	0.00380	0.01700	0.00649	0.00584
31	0.02505	0.01974	0.01969	0.01543	0.02045	0.09251	0.01257	0.61183	0.02961	0.03878	0.01540	0.01583	0.01114	0.00839	0.00722	0.02561	0.00781	0.00586	0.00627	0.01080
32	0.01391	0.01193	0.01391	0.00994	0.01590	0.00894	0.00795	0.01690	0.01391	0.02186	0.01193	0.01391	0.00994	0.00497	0.00497	0.00099	0.00497	0.00398	0.00398	0.80521
33	0.01013	0.00713	0.00833	0.00810	0.00810	0.00758	0.00487	0.01024	0.00980	0.01325	0.02020	0.04168	0.02321	0.70687	0.03323	0.00623	0.06329	0.00946	0.00398	0.00432
34	0.01722	0.63605	0.07754	0.01199	0.01756	0.04993	0.01200	0.01973	0.01405	0.01667	0.03958	0.03902	0.01211	0.00669	0.00480	0.00156	0.00725	0.00460	0.00319	0.00846
35	0.01840	0.37345	0.12161	0.04007	0.07224	0.04741	0.03737	0.10525	0.04330	0.04152	0.01220	0.01385	0.00985	0.00659	0.00603	0.00180	0.03119	0.00481	0.00373	0.00934
36	0.01866	0.04247	0.08913	0.04067	0.08435	0.11575	0.01358	0.05421	0.36619	0.07285	0.02059	0.02025	0.01542	0.00797	0.00657	0.00211	0.00723	0.00644	0.00549	0.01008
37	0.00892	0.00656	0.00844	0.00957	0.01032	0.00635	0.00656	0.01158	0.06421	0.01887	0.10228	0.63762	0.04447	0.01945	0.00837	0.00263	0.00393	0.01757	0.00638	0.00591
38	0.01072	0.00710	0.00893	0.00895	0.01074	0.00642	0.00678	0.01302	0.01634	0.08208	0.27119	0.21183	0.21744	0.01621	0.00811	0.00239	0.00393	0.08466	0.00679	0.00639
39	0.04667	0.00915	0.01163	0.00976	0.01317	0.00826	0.00776	0.02277	0.01772	0.36467	0.19942	0.05468	0.06726	0.01037	0.00676	0.00204	0.00449	0.00869	0.12598	0.00875
40	0.01994	0.01572	0.01677	0.01417	0.01851	0.01779	0.01128	0.24820	0.47079	0.05506	0.02370	0.02211	0.01745	0.00874	0.00679	0.00219	0.00599	0.00706	0.00684	0.01090
41	0.15702	0.01167	0.01464	0.01143	0.01645	0.01070	0.00944	0.03059	0.01794	0.61380	0.02369	0.02090	0.01509	0.00797	0.00633	0.00208	0.00563	0.00624	0.00763	0.01074
42	0.01468	0.01468	0.02055	0.01762	0.01762	0.02055	0.01468	0.01615	0.01028	0.01615	0.00881	0.01468	0.00881	0.01174	0.02202	0.00294	0.75191	0.00587	0.00294	0.00734
43	0.02551	0.01879	0.02014	0.01544	0.02081	0.02081	0.01275	0.69996	0.03155	0.04229	0.01611	0.01611	0.01141	0.00805	0.00671	0.00201	0.00738	0.00604	0.00671	0.01141
44	0.01640	0.01408	0.01496	0.01359	0.01727	0.01624	0.01063	0.03457	0.67562	0.02767	0.02772	0.02756	0.02139	0.00957	0.00695	0.00232	0.00535	0.04092	0.00680	0.01040
45	0.81159	0.01298	0.00986	0.00882	0.01298	0.01505	0.00727	0.01972	0.01142	0.03010	0.00934	0.01090	0.00727	0.00623	0.00415	0.00208	0.00519	0.00363	0.00415	0.00727
46	0.02506	0.03198	0.01901	0.01729	0.02074	0.73725	0.01296	0.02679	0.01901	0.01642	0.01037	0.01210	0.00864	0.00691	0.00605	0.00173	0.01210	0.00432	0.00346	0.00778
47	0.00883	0.00670	0.00815	0.00820	0.00980	0.00602	0.00607	0.01121	0.01671	0.02234	0.38161	0.17213	0.26488	0.01609	0.00807	0.00229	0.00345	0.03469	0.00680	0.00597
48	0.03841	0.01205	0.03523	0.01488	0.01822	0.01196	0.11429	0.04574	0.17450	0.02317	0.03024	0.04886	0.07074	0.01325	0.00809	0.00263	0.00669	0.31737	0.00578	0.00792
49	0.00832	0.00614	0.00780	0.00881	0.00967	0.00561	0.00606	0.00986	0.01411	0.01868	0.13907	0.54834	0.15423	0.01934	0.00837	0.00256	0.00371	0.01731	0.00639	0.00561
50	0.01166	0.00583	0.00874	0.00874	0.00874	0.00583	0.00583	0.00874	0.00874	0.01166	0.01166	0.02040	0.01166	0.02331	0.02622	0.80478	0.00583	0.00583	0.00291	0.00291
51	0.01526	0.01584	0.04995	0.28863	0.32533	0.04281	0.06800	0.01994	0.03623	0.01988	0.01262	0.01709	0.01007	0.00663	0.00746	0.00215	0.04368	0.00606	0.00328	0.00910
52	0.00868	0.00669	0.00757	0.00783	0.00931	0.00601	0.00563	0.01027	0.01442	0.01824	0.12768	0.15591	0.37922	0.14897	0.01273	0.00312	0.00419	0.06210	0.00598	0.00547
53	0.03308	0.08863	0.06236	0.03966	0.07780	0.03625	0.04384	0.08994	0.04368	0.07368	0.08773	0.09171	0.05796	0.01006	0.00752	0.00212	0.04652	0.02902	0.07007	0.00837
54	0.01279	0.01305	0.12318	0.03138	0.01586	0.03257	0.03356	0.04073	0.03308	0.04193	0.06996	0.16909	0.02579	0.03853	0.04940	0.00286	0.00663	0.08435	0.16805	0.00721
55	0.13457	0.21484	0.08502	0.01285	0.01772	0.05342	0.02992	0.05936	0.15162	0.06666	0.04009	0.05337	0.03784	0.00820	0.00586	0.00197	0.00664	0.00632	0.00482	0.00890

[dist]
# distance from previous block
# <min> <max>
0	10

[block]
# block no. 3 follows, 32 sequences, length 49
# corresponding to MSA columns:
# 148-196
name=unknown_D
#
# <colnr> <probs for GDERKNQSTAVLIFYWHMCP>
#	G	D	E	R	K	N	Q	S	T	A	V	L	I	F	Y	W	H	M	C	P
0	0.04325	0.08047	0.18859	0.03814	0.11454	0.04958	0.01503	0.05918	0.09912	0.07335	0.05207	0.05028	0.06948	0.00872	0.00697	0.00210	0.02824	0.00704	0.00467	0.00919
1	0.00901	0.00638	0.00787	0.00866	0.00984	0.00573	0.00605	0.01051	0.01418	0.04444	0.09030	0.48976	0.23480	0.01893	0.00828	0.00253	0.00377	0.01677	0.00638	0.00579
2	0.01679	0.05567	0.19235	0.08279	0.14314	0.01476	0.05265	0.06280	0.06113	0.10969	0.05028	0.04111	0.03435	0.00798	0.00699	0.00210	0.02348	0.00680	0.02567	0.00948
3	0.01407	0.03464	0.21939	0.03494	0.02035	0.01158	0.08172	0.03615	0.03435	0.09792	0.03929	0.25422	0.02401	0.03273	0.00814	0.00246	0.00703	0.03378	0.00503	0.00818
4	0.00924	0.00664	0.00800	0.00830	0.00984	0.00590	0.00598	0.01112	0.01542	0.04703	0.20764	0.31165	0.29404	0.01735	0.00811	0.00239	0.00361	0.01518	0.00658	0.00596
5	0.05656	0.01329	0.01607	0.01406	0.06163	0.03767	0.01061	0.12588	0.07093	0.40910	0.06646	0.02258	0.01808	0.00837	0.00661	0.00205	0.00601	0.00677	0.03675	0.01050
6	0.02477	0.03084	0.01892	0.01708	0.02062	0.68415	0.01287	0.05214	0.04488	0.01781	0.01121	0.01272	0.00918	0.00704	0.00610	0.00176	0.01168	0.00451	0.00370	0.00802
7	0.00841	0.00612	0.00773	0.00884	0.00953	0.00567	0.00599	0.00966	0.01318	0.01729	0.06357	0.55181	0.13688	0.09115	0.01092	0.00301	0.00411	0.03467	0.00606	0.00540
8	0.01510	0.01681	0.03611	0.02608	0.03220	0.01577	0.62158	0.02030	0.01564	0.02125	0.04264	0.04531	0.01397	0.03451	0.00891	0.00243	0.01056	0.00853	0.00367	0.00864
9	0.01085	0.00695	0.00892	0.00887	0.01049	0.00628	0.00648	0.01308	0.01639	0.09110	0.32768	0.29416	0.14092	0.01615	0.00803	0.00234	0.00370	0.01427	0.00692	0.00644
10	0.00976	0.00651	0.00732	0.00732	0.00732	0.00651	0.00407	0.00976	0.00976	0.01301	0.02114	0.04391	0.02439	0.76419	0.03415	0.00651	0.00651	0.00976	0.00407	0.00407
11	0.13194	0.37835	0.27247	0.01431	0.02131	0.02075	0.03871	0.02049	0.01357	0.01996	0.01042	0.01221	0.00843	0.00603	0.00512	0.00180	0.00798	0.00422	0.00306	0.00888
12	0.03512	0.01376	0.01593	0.01596	0.11780	0.04012	0.01088	0.10577	0.18391	0.02629	0.07364	0.02227	0.03611	0.00803	0.00665	0.00185	0.02646	0.00655	0.07581	0.17710
13	0.04880	0.45556	0.18343	0.01410	0.02050	0.05087	0.03825	0.03953	0.05827	0.01924	0.01142	0.01286	0.00941	0.00621	0.00517	0.00172	0.00792	0.00439	0.00331	0.00902
14	0.01381	0.01036	0.01226	0.01184	0.04596	0.01084	0.00861	0.05246	0.23958	0.05412	0.32639	0.03658	0.06555	0.01109	0.00716	0.00212	0.00437	0.00953	0.06908	0.00829
15	0.00829	0.00593	0.00789	0.00926	0.00976	0.00553	0.00624	0.00964	0.01339	0.01799	0.09737	0.69696	0.04606	0.02037	0.00851	0.00267	0.00383	0.01846	0.00633	0.00553
16	0.00848	0.00680	0.00736	0.00722	0.00929	0.00586	0.00542	0.01061	0.01625	0.02067	0.24082	0.05959	0.52418	0.01586	0.00783	0.00220	0.00333	0.01340	0.02897	0.00586
17	0.01998	0.01441	0.01581	0.01357	0.01778	0.01600	0.01074	0.11173	0.51465	0.14838	0.02588	0.02363	0.01878	0.00885	0.00680	0.00221	0.00562	0.00727	0.00707	0.01085
18	0.02551	0.01879	0.02014	0.01544	0.02081	0.02081	0.01275	0.69996	0.03155	0.04229	0.01611	0.01611	0.01141	0.00805	0.00671	0.00201	0.00738	0.00604	0.00671	0.01141
19	0.00903	0.00611	0.00784	0.00875	0.00954	0.00574	0.00605	0.01088	0.01432	0.02025	0.18050	0.51203	0.04486	0.01773	0.00792	0.00244	0.00364	0.01591	0.11073	0.00574
20	0.01635	0.01717	0.02178	0.01831	0.01940	0.10801	0.06555	0.03757	0.01238	0.01734	0.00957	0.01466	0.00897	0.01059	0.01857	0.00271	0.58447	0.00584	0.00314	0.00764
21	0.00985	0.00647	0.00738	0.00738	0.00738	0.00647	0.00415	0.00971	0.00971	0.01295	0.02070	0.04282	0.02380	0.72985	0.03378	0.04350	0.00647	0.00958	0.00401	0.00401
22	0.02551	0.01879	0.02014	0.01544	0.02081	0.02081	0.01275	0.69996	0.03155	0.04229	0.01611	0.01611	0.01141	0.00805	0.00671	0.00201	0.00738	0.00604	0.00671	0.01141
23	0.01503	0.01219	0.01420	0.01033	0.01615	0.00964	0.00828	0.03589	0.04621	0.05310	0.01336	0.01486	0.01074	0.00538	0.00517	0.00112	0.00508	0.00431	0.00436	0.71458
24	0.01125	0.00921	0.01243	0.01204	0.01353	0.03543	0.06852	0.02965	0.05344	0.03724	0.03105	0.53834	0.03519	0.03795	0.00946	0.00270	0.03483	0.01547	0.00578	0.00648
25	0.01807	0.46043	0.11463	0.01387	0.03720	0.11711	0.01312	0.03937	0.01530	0.03485	0.04433	0.04002	0.01271	0.00701	0.00529	0.00168	0.00786	0.00500	0.00352	0.00864
26	0.01896	0.03948	0.01730	0.03498	0.06574	0.01236	0.03334	0.13171	0.01789	0.15212	0.01605	0.01711	0.01195	0.00647	0.00579	0.00156	0.00596	0.00531	0.06997	0.33594
27	0.08855	0.01866	0.06288	0.18605	0.17323	0.15841	0.01562	0.05887	0.05938	0.05779	0.03146	0.01697	0.01169	0.00713	0.00672	0.00206	0.02589	0.00567	0.00406	0.00890
28	0.01167	0.00891	0.01136	0.03964	0.07944	0.00908	0.00854	0.06291	0.07985	0.02114	0.03222	0.35891	0.10061	0.04968	0.00873	0.00255	0.00483	0.01307	0.08990	0.00696
29	0.00870	0.00639	0.00820	0.00899	0.01005	0.00590	0.00647	0.01063	0.01503	0.02010	0.22202	0.41994	0.14304	0.01832	0.00836	0.00253	0.00381	0.06922	0.00653	0.00577
30	0.02997	0.00697	0.00853	0.00887	0.01018	0.00673	0.00647	0.03594	0.01577	0.02275	0.24903	0.33088	0.06300	0.01571	0.00762	0.00232	0.00380	0.04450	0.12480	0.00614
31	0.01054	0.00703	0.00901	0.00859	0.01035	0.00638	0.00641	0.01324	0.01780	0.07195	0.50905	0.13708	0.13783	0.01465	0.00792	0.00220	0.00346	0.01287	0.00717	0.00649
32	0.01669	0.01441	0.01517	0.01365	0.01745	0.01669	0.01062	0.03565	0.71021	0.02807	0.02731	0.02503	0.02048	0.00910	0.00683	0.00228	0.00531	0.00759	0.00683	0.01062
33	0.09240	0.02016	0.01667	0.01438	0.01852	0.25338	0.01125	0.11614	0.22408	0.13753	0.01858	0.01804	0.01364	0.00787	0.00631	0.00201	0.00787	0.00583	0.00570	0.00962
34	0.01788	0.01415	0.01521	0.01350	0.01742	0.01608	0.01055	0.03539	0.64901	0.08997	0.02724	0.02484	0.02014	0.00903	0.00682	0.00226	0.00535	0.00751	0.00696	0.01069
35	0.09092	0.01344	0.01455	0.01235	0.01632	0.03875	0.00987	0.16713	0.16519	0.20213	0.05955	0.08243	0.05228	0.01022	0.00685	0.00219	0.00580	0.03370	0.00674	0.00958
36	0.78287	0.01292	0.01007	0.00894	0.01313	0.01486	0.00736	0.02020	0.01171	0.05571	0.00997	0.01134	0.00761	0.00630	0.00425	0.00208	0.00521	0.00375	0.00430	0.00742
37	0.01614	0.08381	0.54320	0.01749	0.02616	0.01624	0.02119	0.06529	0.04336	0.08495	0.01399	0.01524	0.00989	0.00671	0.00630	0.00207	0.00900	0.00519	0.00372	0.01008
38	0.01925	0.01191	0.01393	0.01176	0.01535	0.01223	0.00937	0.18441	0.12950	0.18969	0.16080	0.05283	0.05097	0.03703	0.00807	0.00231	0.00537	0.03953	0.03643	0.00924
39	0.02538	0.01192	0.01682	0.05334	0.10307	0.01109	0.01156	0.04717	0.03784	0.50763	0.05958	0.02490	0.01860	0.00858	0.00688	0.00211	0.00607	0.02957	0.00723	0.01066
40	0.01594	0.01242	0.01354	0.01221	0.01564	0.01370	0.00947	0.02979	0.49766	0.08296	0.09292	0.06011	0.09313	0.01069	0.00709	0.00226	0.00491	0.00902	0.00691	0.00962
41	0.00858	0.00666	0.00765	0.00772	0.00934	0.00590	0.00557	0.01054	0.01570	0.02035	0.26266	0.16042	0.36740	0.06933	0.00987	0.00258	0.00362	0.01394	0.00644	0.00573
42	0.01946	0.61087	0.03171	0.01272	0.01797	0.17844	0.01180	0.02152	0.01478	0.01592	0.00955	0.01105	0.00862	0.00599	0.00468	0.00150	0.00823	0.00374	0.00300	0.00843
43	0.00830	0.00674	0.00738	0.00752	0.00946	0.00582	0.00562	0.01022	0.01561	0.01944	0.16345	0.13577	0.52278	0.01697	0.00804	0.00232	0.00352	0.03886	0.00641	0.00576
44	0.01533	0.02332	0.36762	0.06002	0.03914	0.03368	0.03665	0.05639	0.03116	0.09364	0.08157	0.05009	0.06493	0.00865	0.00682	0.00214	0.00799	0.00719	0.00449	0.00917
45	0.03841	0.04353	0.01685	0.04211	0.05514	0.03223	0.02917	0.04894	0.33275	0.04952	0.09095	0.04245	0.02137	0.01051	0.02810	0.00246	0.07060	0.00757	0.02817	0.00918
46	0.44313	0.01512	0.06979	0.01400	0.05148	0.04068	0.08810	0.03769	0.01339	0.02583	0.01477	0.13035	0.01387	0.00857	0.00571	0.00218	0.00650	0.00686	0.00430	0.00769
47	0.07702	0.09104	0.17308	0.03538	0.06535	0.08747	0.05144	0.14996	0.01847	0.11310	0.01574	0.03418	0.01240	0.00774	0.00639	0.00205	0.00816	0.03680	0.00470	0.00953
48	0.01276	0.03831	0.06466	0.01116	0.01489	0.01061	0.03442	0.07282	0.09123	0.02400	0.17330	0.08394	0.16377	0.01148	0.00703	0.00203	0.00509	0.02729	0.03269	0.11852

[dist]
# distance from previous block
# <min> <max>
1	19

[block]
# block no. 4 follows, 32 sequences, length 14
# corresponding to MSA columns:
# 217-230
name=unknown_E
#
# <colnr> <probs for GDERKNQSTAVLIFYWHMCP>
#	G	D	E	R	K	N	Q	S	T	A	V	L	I	F	Y	W	H	M	C	P
0	0.01722	0.01650	0.02206	0.05903	0.26763	0.09380	0.08686	0.12556	0.05933	0.02431	0.05325	0.02439	0.10357	0.00834	0.00696	0.00206	0.00777	0.00743	0.00462	0.00929
1	0.01645	0.07401	0.12385	0.01770	0.10466	0.01533	0.04700	0.13947	0.06401	0.05470	0.03746	0.07228	0.04287	0.01214	0.06497	0.00277	0.05054	0.00729	0.00473	0.04777
2	0.00898	0.00709	0.00879	0.00870	0.01024	0.00706	0.00652	0.01095	0.01381	0.01813	0.13790	0.07820	0.31670	0.07774	0.23191	0.00516	0.02953	0.01143	0.00535	0.00579
3	0.01807	0.07644	0.22620	0.02012	0.07064	0.09421	0.16031	0.08631	0.05009	0.07565	0.04659	0.01768	0.01297	0.00698	0.00669	0.00205	0.00905	0.00617	0.00422	0.00958
4	0.01090	0.00717	0.00942	0.00868	0.01051	0.00657	0.00657	0.01403	0.01901	0.07454	0.67169	0.04827	0.06013	0.01335	0.00783	0.00211	0.00334	0.01177	0.00745	0.00668
5	0.01569	0.01761	0.03758	0.02684	0.03356	0.01634	0.64375	0.02113	0.01569	0.02152	0.01345	0.01777	0.01016	0.00560	0.00769	0.00216	0.01081	0.00761	0.00344	0.07161
6	0.66079	0.07551	0.03567	0.01003	0.01444	0.07273	0.00861	0.02036	0.01228	0.02760	0.00951	0.01109	0.00752	0.00625	0.00438	0.00200	0.00604	0.00373	0.00395	0.00750
7	0.05635	0.01618	0.08969	0.05255	0.14096	0.03508	0.06554	0.12583	0.04515	0.14626	0.02135	0.02364	0.06591	0.00828	0.00670	0.00210	0.00719	0.03080	0.05091	0.00952
8	0.01770	0.10013	0.09500	0.04490	0.02011	0.05473	0.02733	0.19251	0.15938	0.02657	0.03850	0.05614	0.01679	0.03377	0.00744	0.00217	0.00709	0.03276	0.00521	0.06176
9	0.01276	0.01792	0.20111	0.07280	0.02466	0.01305	0.19240	0.01855	0.05810	0.02180	0.14416	0.02974	0.12278	0.00936	0.00778	0.00222	0.02948	0.00858	0.00452	0.00823
10	0.01743	0.07173	0.01925	0.16631	0.14364	0.08301	0.01334	0.13206	0.01794	0.05772	0.08913	0.02133	0.01687	0.03195	0.00796	0.02922	0.00733	0.00647	0.05878	0.00851
11	0.09124	0.00945	0.01144	0.00984	0.01302	0.00905	0.00776	0.02149	0.07230	0.24965	0.32292	0.03547	0.06651	0.01085	0.00698	0.00209	0.00434	0.00913	0.03813	0.00834
12	0.01096	0.00840	0.01062	0.03736	0.06043	0.00801	0.00793	0.01482	0.06930	0.05205	0.29113	0.07350	0.28009	0.01391	0.00773	0.00223	0.00418	0.03396	0.00647	0.00693
13	0.01684	0.15928	0.27460	0.01700	0.02321	0.12789	0.08565	0.02131	0.01521	0.05559	0.03087	0.01929	0.03354	0.00774	0.00729	0.00205	0.05387	0.03631	0.00364	0.00880

[dist]
# distance from previous block
# <min> <max>
1	4

[block]
# block no. 5 follows, 32 sequences, length 95
# corresponding to MSA columns:
# 235-329
name=unknown_F
#
# <colnr> <probs for GDERKNQSTAVLIFYWHMCP>
#	G	D	E	R	K	N	Q	S	T	A	V	L	I	F	Y	W	H	M	C	P
0	0.09042	0.04200	0.15304	0.01614	0.10490	0.03103	0.01312	0.01827	0.04178	0.04581	0.05500	0.07192	0.07894	0.03232	0.04505	0.00264	0.06599	0.00741	0.00433	0.07991
1	0.11049	0.01278	0.04496	0.01109	0.01523	0.01182	0.00924	0.14925	0.04585	0.04949	0.15920	0.02698	0.04282	0.04302	0.03602	0.00240	0.00592	0.02603	0.00553	0.19190
2	0.01511	0.14359	0.24995	0.20308	0.03147	0.03541	0.13375	0.04335	0.01488	0.01999	0.01193	0.01523	0.00908	0.00625	0.00633	0.00201	0.00923	0.00547	0.00317	0.04072
3	0.04209	0.01530	0.11462	0.01676	0.06204	0.01248	0.14329	0.03904	0.11120	0.05121	0.09233	0.10979	0.08902	0.01002	0.00715	0.00216	0.00674	0.00913	0.00512	0.06052
4	0.00948	0.00641	0.00747	0.00771	0.00784	0.00632	0.00453	0.00981	0.01068	0.01430	0.05387	0.16464	0.02943	0.60681	0.02872	0.00568	0.00592	0.01143	0.00457	0.00440
5	0.01903	0.17628	0.04882	0.01398	0.01843	0.03768	0.03301	0.20395	0.15638	0.06745	0.01933	0.10813	0.01661	0.00937	0.00714	0.00208	0.03996	0.00743	0.00544	0.00952
6	0.08283	0.01846	0.16364	0.15758	0.16580	0.01638	0.01718	0.10258	0.03918	0.02316	0.01293	0.01707	0.01042	0.04112	0.00956	0.00240	0.10119	0.00579	0.00375	0.00900
7	0.15650	0.01653	0.08823	0.03921	0.11882	0.01469	0.13617	0.11025	0.01683	0.07427	0.03308	0.03385	0.01234	0.00688	0.00628	0.00197	0.00744	0.00608	0.00448	0.11610
8	0.01468	0.01468	0.02055	0.01762	0.01762	0.02055	0.01468	0.01615	0.01028	0.01615	0.00881	0.01468	0.00881	0.01174	0.02202	0.00294	0.75191	0.00587	0.00294	0.00734
9	0.11895	0.08116	0.11500	0.01529	0.02116	0.01875	0.05630	0.35763	0.04994	0.07960	0.01515	0.01569	0.01091	0.00732	0.00624	0.00202	0.00749	0.00563	0.00547	0.01030
10	0.00830	0.00594	0.00790	0.00926	0.00976	0.00553	0.00624	0.00966	0.01344	0.01807	0.10243	0.69168	0.04620	0.02032	0.00850	0.00267	0.00382	0.01841	0.00634	0.00553
11	0.01356	0.03401	0.70054	0.01951	0.02929	0.01564	0.05297	0.02126	0.01424	0.02126	0.01211	0.01433	0.00857	0.00634	0.00644	0.00213	0.00997	0.00508	0.00286	0.00988
12	0.05954	0.00665	0.00647	0.00641	0.00812	0.00677	0.00484	0.01588	0.01392	0.02532	0.02115	0.02418	0.01661	0.00772	0.00466	0.00159	0.00325	0.00610	0.75451	0.00631
13	0.01166	0.00583	0.00874	0.00874	0.00874	0.00583	0.00583	0.00874	0.00874	0.01166	0.01166	0.02040	0.01166	0.02331	0.02622	0.80478	0.00583	0.00583	0.00291	0.00291
14	0.01510	0.01303	0.01366	0.01241	0.01593	0.01469	0.00962	0.03094	0.58442	0.02627	0.03467	0.03219	0.14703	0.01053	0.00703	0.00227	0.00496	0.00878	0.00672	0.00972
15	0.32812	0.01230	0.01357	0.01089	0.01569	0.01227	0.00898	0.05376	0.01672	0.43438	0.01953	0.01802	0.01284	0.00750	0.00576	0.00207	0.00558	0.00553	0.00666	0.00983
16	0.01346	0.03471	0.72942	0.01912	0.02904	0.01558	0.02479	0.02125	0.01417	0.02125	0.01204	0.01417	0.00850	0.00637	0.00637	0.00212	0.00992	0.00496	0.00283	0.00992
17	0.00969	0.00655	0.00738	0.00742	0.00758	0.00650	0.00429	0.00986	0.01018	0.01345	0.02386	0.04577	0.05946	0.70736	0.03219	0.00620	0.00634	0.02746	0.00423	0.00420
18	0.76429	0.01288	0.01021	0.00901	0.01323	0.01474	0.00742	0.02051	0.01189	0.07228	0.01038	0.01162	0.00783	0.00635	0.00431	0.00208	0.00522	0.00382	0.00440	0.00752
19	0.01873	0.01417	0.02182	0.01774	0.05042	0.03189	0.20128	0.13477	0.03986	0.14113	0.03799	0.02349	0.01580	0.04337	0.05824	0.00290	0.02910	0.02826	0.08002	0.00902
20	0.00816	0.00588	0.00774	0.00924	0.00970	0.00546	0.00618	0.00935	0.01295	0.01717	0.03828	0.73070	0.07265	0.02085	0.00854	0.00271	0.00387	0.01887	0.00623	0.00546
21	0.02055	0.01663	0.02594	0.01930	0.02471	0.01702	0.25743	0.24525	0.04269	0.11481	0.01591	0.01764	0.01157	0.00732	0.00827	0.00212	0.06926	0.00667	0.00520	0.07169
22	0.01391	0.01193	0.01391	0.00994	0.01590	0.00894	0.00795	0.01690	0.01391	0.02186	0.01193	0.01391	0.00994	0.00497	0.00497	0.00099	0.00497	0.00398	0.00398	0.80521
23	0.00862	0.00606	0.00762	0.00868	0.00901	0.00576	0.00557	0.00947	0.01203	0.01597	0.03337	0.53118	0.05965	0.23574	0.01594	0.00380	0.00463	0.01623	0.00560	0.00506
24	0.01583	0.04794	0.30726	0.02375	0.06170	0.01657	0.33576	0.04503	0.01574	0.04600	0.01333	0.01636	0.00976	0.00613	0.00706	0.00216	0.01016	0.00643	0.00344	0.00961
25	0.02236	0.27891	0.02520	0.01564	0.02005	0.44805	0.03602	0.04800	0.01753	0.01729	0.01033	0.01200	0.00878	0.00652	0.00555	0.00166	0.01025	0.00426	0.00337	0.00823
26	0.00999	0.00738	0.00940	0.00880	0.01054	0.00705	0.00663	0.01425	0.06683	0.02699	0.67094	0.04839	0.06035	0.01340	0.00784	0.00212	0.00331	0.01182	0.00735	0.00663
27	0.00891	0.00662	0.00831	0.00834	0.00978	0.00601	0.00608	0.01136	0.01694	0.02311	0.44714	0.21196	0.17877	0.01595	0.00806	0.00228	0.00337	0.01406	0.00692	0.00601
28	0.00976	0.00651	0.00732	0.00732	0.00732	0.00651	0.00407	0.00976	0.00976	0.01301	0.02114	0.04391	0.02439	0.76419	0.03415	0.00651	0.00651	0.00976	0.00407	0.00407
29	0.01851	0.01532	0.01620	0.01402	0.01814	0.01754	0.01106	0.17280	0.57011	0.03100	0.02500	0.02319	0.01861	0.00889	0.00680	0.00222	0.00574	0.00727	0.00680	0.01078
30	0.81159	0.01298	0.00986	0.00882	0.01298	0.01505	0.00727	0.01972	0.01142	0.03010	0.00934	0.01090	0.00727	0.00623	0.00415	0.00208	0.00519	0.00363	0.00415	0.00727
31	0.81159	0.01298	0.00986	0.00882	0.01298	0.01505	0.00727	0.01972	0.01142	0.03010	0.00934	0.01090	0.00727	0.00623	0.00415	0.00208	0.00519	0.00363	0.00415	0.00727
32	0.01794	0.76823	0.03516	0.01148	0.01722	0.02655	0.01148	0.02009	0.01363	0.01579	0.00933	0.01076	0.00861	0.00574	0.00431	0.00144	0.00718	0.00359	0.00287	0.00861
33	0.01794	0.76823	0.03516	0.01148	0.01722	0.02655	0.01148	0.02009	0.01363	0.01579	0.00933	0.01076	0.00861	0.00574	0.00431	0.00144	0.00718	0.00359	0.00287	0.00861
34	0.02504	0.01360	0.01583	0.01240	0.01702	0.01382	0.01016	0.31019	0.02348	0.31413	0.02130	0.02040	0.01453	0.00811	0.00637	0.00196	0.00595	0.00636	0.14886	0.01050
35	0.01977	0.01287	0.01499	0.05172	0.01826	0.01392	0.01046	0.03224	0.42954	0.22163	0.05371	0.02505	0.02039	0.00889	0.00677	0.00219	0.00545	0.00740	0.03439	0.01035
36	0.00811	0.00670	0.00711	0.00723	0.00923	0.00570	0.00534	0.00989	0.01538	0.01886	0.12705	0.13931	0.58268	0.01712	0.00800	0.00230	0.00343	0.01450	0.00634	0.00570
37	0.01462	0.00978	0.01458	0.01357	0.01608	0.00989	0.06753	0.01757	0.01571	0.13986	0.05118	0.05450	0.08295	0.01482	0.00981	0.00274	0.07781	0.37356	0.00603	0.00738
38	0.07892	0.01152	0.01521	0.01174	0.01687	0.01019	0.00970	0.03189	0.01872	0.68345	0.02540	0.02209	0.01603	0.00818	0.00659	0.00208	0.00568	0.00655	0.00805	0.01116
39	0.01419	0.01396	0.01961	0.01696	0.01708	0.01938	0.01408	0.01575	0.01032	0.01609	0.00969	0.01580	0.00957	0.01545	0.09071	0.00369	0.68145	0.00600	0.00300	0.00721
40	0.01794	0.76823	0.03516	0.01148	0.01722	0.02655	0.01148	0.02009	0.01363	0.01579	0.00933	0.01076	0.00861	0.00574	0.00431	0.00144	0.00718	0.00359	0.00287	0.00861
41	0.00844	0.00612	0.00800	0.00924	0.00995	0.00568	0.00642	0.00995	0.01378	0.01832	0.10475	0.59761	0.09815	0.01986	0.00849	0.00265	0.00392	0.05672	0.00634	0.00559
42	0.01322	0.01282	0.02008	0.71547	0.04508	0.04713	0.01838	0.01757	0.01367	0.01711	0.01186	0.01763	0.00893	0.00672	0.00668	0.00221	0.00909	0.00589	0.00300	0.00747
43	0.02442	0.01778	0.01917	0.01500	0.02012	0.01965	0.01229	0.56784	0.13229	0.07393	0.01829	0.01777	0.01302	0.00822	0.00673	0.00206	0.00699	0.00631	0.00681	0.01129
44	0.28490	0.01447	0.02013	0.06632	0.37711	0.01561	0.01522	0.02034	0.01374	0.05227	0.01181	0.01489	0.00954	0.00653	0.00670	0.00209	0.05019	0.00521	0.00376	0.00916
45	0.13825	0.21851	0.24858	0.01603	0.05286	0.04742	0.03917	0.08401	0.01581	0.06448	0.01216	0.01363	0.00925	0.00643	0.00560	0.00191	0.00805	0.00473	0.00379	0.00932
46	0.01369	0.01109	0.01205	0.01252	0.05928	0.06912	0.00851	0.05713	0.09517	0.03816	0.10011	0.17229	0.02891	0.16636	0.01276	0.00310	0.00583	0.05170	0.05370	0.02853
47	0.00802	0.00680	0.00693	0.00690	0.00912	0.00570	0.00517	0.00981	0.01551	0.01865	0.10665	0.06372	0.68061	0.01680	0.00793	0.00226	0.00338	0.01404	0.00630	0.00570
48	0.01159	0.00585	0.00869	0.00869	0.00869	0.00585	0.00577	0.00878	0.00878	0.01170	0.01199	0.02122	0.01210	0.04933	0.02650	0.77674	0.00585	0.00597	0.00295	0.00295
49	0.02441	0.01687	0.01859	0.01460	0.01959	0.01843	0.01196	0.50799	0.11096	0.12684	0.01885	0.01844	0.01338	0.00986	0.03522	0.00240	0.00733	0.00636	0.00681	0.01111
50	0.02506	0.03198	0.01901	0.01729	0.02074	0.73725	0.01296	0.02679	0.01901	0.01642	0.01037	0.01210	0.00864	0.00691	0.00605	0.00173	0.01210	0.00432	0.00346	0.00778
51	0.13039	0.02215	0.01854	0.03538	0.05052	0.27133	0.01250	0.30669	0.02293	0.04848	0.01320	0.01425	0.00992	0.00729	0.00613	0.00193	0.00877	0.00513	0.00502	0.00944
52	0.01534	0.01256	0.02001	0.56590	0.09028	0.01482	0.01737	0.04903	0.04205	0.08714	0.01415	0.01847	0.01036	0.00696	0.00671	0.00220	0.00835	0.00611	0.00383	0.00836
53	0.00815	0.00676	0.00713	0.00713	0.00922	0.00575	0.00531	0.01003	0.01569	0.01927	0.15448	0.09258	0.60194	0.01672	0.00796	0.00226	0.00339	0.01410	0.00639	0.00575
54	0.01468	0.01468	0.02055	0.01762	0.01762	0.02055	0.01468	0.01615	0.01028	0.01615	0.00881	0.01468	0.00881	0.01174	0.02202	0.00294	0.75191	0.00587	0.00294	0.00734
55	0.16239	0.16201	0.35087	0.01611	0.02341	0.03666	0.06674	0.04041	0.04428	0.02266	0.01189	0.01370	0.00902	0.00636	0.00572	0.00199	0.00843	0.00481	0.00342	0.00914
56	0.16910	0.01195	0.01471	0.01150	0.01652	0.01116	0.00950	0.05334	0.01824	0.57935	0.02307	0.02048	0.01477	0.00793	0.00628	0.00207	0.00567	0.00617	0.00751	0.01068
57	0.81159	0.01298	0.00986	0.00882	0.01298	0.01505	0.00727	0.01972	0.01142	0.03010	0.00934	0.01090	0.00727	0.00623	0.00415	0.00208	0.00519	0.00363	0.00415	0.00727
58	0.00950	0.00686	0.00897	0.00844	0.01002	0.00633	0.00633	0.01266	0.01899	0.02691	0.71879	0.05012	0.06331	0.01372	0.00791	0.00211	0.00317	0.01213	0.00739	0.00633
59	0.00973	0.00719	0.00913	0.00859	0.01030	0.00676	0.00646	0.01352	0.04962	0.02648	0.65274	0.04978	0.09691	0.01369	0.00787	0.00213	0.00327	0.01204	0.00730	0.00649
60	0.31737	0.01218	0.01359	0.01088	0.01569	0.01205	0.00898	0.04469	0.01665	0.45351	0.01991	0.01828	0.01304	0.00754	0.00579	0.00207	0.00556	0.00558	0.00674	0.00989
61	0.00795	0.00671	0.00689	0.00704	0.00913	0.00564	0.00521	0.00960	0.01506	0.01803	0.06500	0.13131	0.65479	0.01738	0.00799	0.00231	0.00345	0.01463	0.00623	0.00564
62	0.01623	0.01556	0.02655	0.10904	0.65743	0.01584	0.02040	0.02026	0.01510	0.02146	0.01255	0.01673	0.01047	0.00605	0.00665	0.00202	0.00806	0.00598	0.00329	0.01032
63	0.01754	0.01076	0.01176	0.00991	0.01329	0.01097	0.00785	0.14604	0.10990	0.10648	0.02110	0.02207	0.01581	0.00781	0.00560	0.00174	0.00466	0.00623	0.38543	0.08505
64	0.02613	0.01779	0.01952	0.01496	0.02031	0.01932	0.01236	0.60925	0.02987	0.13537	0.01752	0.01702	0.01212	0.00809	0.00672	0.00202	0.00716	0.00614	0.00693	0.01141
65	0.01773	0.01579	0.01911	0.04853	0.02140	0.03732	0.09558	0.11495	0.49077	0.02821	0.02308	0.02240	0.01725	0.00838	0.00692	0.00222	0.00665	0.00727	0.00613	0.01030
66	0.01527	0.05812	0.14707	0.01349	0.03549	0.01238	0.03535	0.05692	0.03890	0.04180	0.01303	0.01502	0.01033	0.00651	0.00645	0.03605	0.00648	0.00471	0.00400	0.44262
67	0.02025	0.01927	0.01697	0.01482	0.01883	0.18374	0.01155	0.15601	0.42565	0.02800	0.02134	0.02040	0.01608	0.00840	0.00663	0.00210	0.00726	0.00655	0.00603	0.01011
68	0.00976	0.00651	0.00732	0.00732	0.00732	0.00651	0.00407	0.00976	0.00976	0.01301	0.02114	0.04391	0.02439	0.76419	0.03415	0.00651	0.00651	0.00976	0.00407	0.00407
69	0.01267	0.01193	0.02013	0.74806	0.04621	0.01491	0.01863	0.01714	0.01342	0.01714	0.01193	0.01789	0.00894	0.00671	0.00671	0.00224	0.00894	0.00596	0.00298	0.00745
70	0.05485	0.01906	0.01779	0.04342	0.01984	0.23101	0.04877	0.10366	0.10501	0.05152	0.05814	0.01843	0.01469	0.00954	0.03778	0.00229	0.04931	0.00591	0.00475	0.10423
71	0.02190	0.13565	0.02185	0.04084	0.02040	0.25821	0.01301	0.20262	0.03854	0.04311	0.01243	0.01423	0.00995	0.00792	0.00863	0.00200	0.13027	0.00513	0.00435	0.00896
72	0.01526	0.01450	0.02330	0.14652	0.35636	0.03750	0.06941	0.03587	0.01530	0.02081	0.01647	0.02719	0.01516	0.00870	0.00804	0.00229	0.04891	0.12558	0.00385	0.00895
73	0.01428	0.01214	0.01411	0.01011	0.01606	0.00932	0.00810	0.03843	0.01447	0.02251	0.01206	0.01398	0.00998	0.00507	0.00502	0.00103	0.00505	0.00404	0.00406	0.78018
74	0.01653	0.01423	0.01505	0.01362	0.01735	0.01644	0.01063	0.03505	0.69091	0.02785	0.02754	0.02644	0.02099	0.00937	0.00690	0.00230	0.00533	0.02619	0.00681	0.01050
75	0.02595	0.01809	0.01970	0.01510	0.02045	0.01976	0.01248	0.63591	0.03036	0.10801	0.01710	0.01676	0.01191	0.00808	0.00672	0.00202	0.00722	0.00611	0.00687	0.01141
76	0.00800	0.00653	0.00708	0.00752	0.00925	0.00560	0.00542	0.00955	0.01460	0.01784	0.05918	0.26176	0.52810	0.01814	0.00811	0.00240	0.00354	0.01555	0.00623	0.00560
77	0.00827	0.00659	0.00742	0.00769	0.00939	0.00574	0.00558	0.01011	0.01540	0.01949	0.17920	0.22276	0.44403	0.01733	0.00807	0.00234	0.00347	0.01493	0.00644	0.00574
78	0.01669	0.01441	0.01517	0.01365	0.01745	0.01669	0.01062	0.03565	0.71021	0.02807	0.02731	0.02503	0.02048	0.00910	0.00683	0.00228	0.00531	0.00759	0.00683	0.01062
79	0.81159	0.01298	0.00986	0.00882	0.01298	0.01505	0.00727	0.01972	0.01142	0.03010	0.00934	0.01090	0.00727	0.00623	0.00415	0.00208	0.00519	0.00363	0.00415	0.00727
80	0.02570	0.01849	0.01995	0.01529	0.02065	0.02035	0.01263	0.67202	0.03103	0.07095	0.01654	0.01639	0.01163	0.00807	0.00671	0.00202	0.00731	0.00607	0.00678	0.01141
