[name]
unknown

[dist]
# distance from previous block
# <min> <max>
15	42

[block]
# block no. 0 follows, 33 sequences, length 57
# corresponding to MSA columns:
# 52-108
name=unknown_A
#
# <colnr> <probs for GDERKNQSTAVLIFYWHMCP>
#	G	D	E	R	K	N	Q	S	T	A	V	L	I	F	Y	W	H	M	C	P
0	0.08367	0.03303	0.01622	0.09900	0.04491	0.04994	0.07609	0.03557	0.01511	0.11131	0.10405	0.10709	0.02119	0.01204	0.04922	0.03217	0.00699	0.00794	0.03114	0.06330
1	0.03451	0.01268	0.01420	0.10019	0.01844	0.08640	0.03518	0.05878	0.11666	0.09067	0.04865	0.10669	0.14721	0.03520	0.00877	0.02204	0.02908	0.02159	0.00540	0.00766
2	0.06113	0.01479	0.04189	0.04118	0.06262	0.03315	0.09934	0.19354	0.09303	0.04648	0.03788	0.11714	0.01777	0.04638	0.00806	0.00228	0.00688	0.00801	0.00520	0.06324
3	0.03571	0.05288	0.01556	0.07887	0.07530	0.05806	0.01069	0.13638	0.10563	0.02457	0.08536	0.11034	0.07618	0.01037	0.00669	0.00207	0.00599	0.02957	0.05386	0.02592
4	0.04230	0.01269	0.05581	0.34710	0.10972	0.01307	0.03731	0.06439	0.01462	0.01997	0.03776	0.10496	0.04750	0.05495	0.00843	0.00245	0.00745	0.00798	0.00395	0.00758
5	0.05231	0.05319	0.01615	0.03382	0.03587	0.05141	0.04912	0.09594	0.03118	0.10502	0.04160	0.06085	0.01683	0.08234	0.10631	0.00353	0.05861	0.00711	0.06473	0.03407
6	0.06092	0.04305	0.02008	0.02333	0.28984	0.07180	0.01409	0.17737	0.01879	0.04132	0.04223	0.06385	0.04514	0.00877	0.00664	0.00205	0.00710	0.04964	0.00476	0.00925
7	0.11046	0.05666	0.01810	0.01361	0.01833	0.01875	0.01120	0.44916	0.14045	0.03576	0.04989	0.01798	0.01447	0.00801	0.00625	0.00200	0.00646	0.00607	0.00616	0.01023
8	0.01708	0.01398	0.01491	0.01331	0.01710	0.01601	0.01038	0.03483	0.67814	0.06550	0.02675	0.02445	0.01989	0.00889	0.00669	0.00222	0.00523	0.00740	0.00678	0.01046
9	0.20293	0.14660	0.03914	0.01250	0.01735	0.01833	0.01081	0.31193	0.03977	0.07404	0.01511	0.05700	0.01211	0.00782	0.00570	0.00195	0.00644	0.00575	0.00532	0.00940
10	0.02411	0.01268	0.01526	0.01234	0.01692	0.01267	0.00999	0.11451	0.21683	0.41031	0.02712	0.02438	0.05444	0.00879	0.00670	0.00209	0.00557	0.00715	0.00744	0.01068
11	0.02368	0.04903	0.01978	0.01478	0.01988	0.02016	0.01221	0.59703	0.11221	0.03875	0.01685	0.01664	0.01215	0.00793	0.00650	0.00198	0.00699	0.00601	0.00644	0.01099
12	0.01870	0.05604	0.18804	0.01979	0.08941	0.05675	0.15637	0.10890	0.01742	0.12482	0.01447	0.01607	0.01052	0.00642	0.00643	0.00192	0.00844	0.00574	0.00433	0.08940
13	0.01718	0.62816	0.14457	0.01259	0.01886	0.02414	0.01337	0.04512	0.01411	0.01729	0.00982	0.01128	0.00853	0.00581	0.00463	0.00154	0.00747	0.00382	0.00295	0.00875
14	0.01320	0.03405	0.73453	0.01876	0.02849	0.01529	0.02432	0.02085	0.01390	0.02085	0.01181	0.01390	0.00834	0.00625	0.00625	0.00208	0.00973	0.00486	0.00278	0.00973
15	0.00954	0.00693	0.00800	0.00785	0.00990	0.00607	0.00599	0.01170	0.01606	0.05816	0.23625	0.09585	0.43025	0.01567	0.00783	0.00225	0.00359	0.05555	0.00652	0.00605
16	0.05919	0.05512	0.04599	0.01954	0.17213	0.05407	0.01343	0.23687	0.01910	0.05207	0.01553	0.07921	0.01370	0.04678	0.00934	0.00231	0.08490	0.00681	0.00474	0.00918
17	0.01440	0.01440	0.02016	0.01728	0.01728	0.02016	0.01440	0.01584	0.01008	0.01584	0.00864	0.01440	0.00864	0.01152	0.02160	0.00288	0.75659	0.00576	0.00288	0.00720
18	0.00957	0.00638	0.00718	0.00718	0.00718	0.00638	0.00399	0.00957	0.00957	0.01276	0.02074	0.04308	0.02393	0.76864	0.03351	0.00638	0.00638	0.00957	0.00399	0.00399
19	0.09539	0.01662	0.05633	0.07008	0.30359	0.01589	0.28327	0.02071	0.03407	0.02203	0.01276	0.01651	0.01002	0.00591	0.00676	0.00209	0.00887	0.00638	0.00343	0.00930
20	0.01590	0.11874	0.37178	0.02028	0.05279	0.04414	0.17602	0.08426	0.01600	0.02200	0.01216	0.01456	0.00907	0.00618	0.00638	0.00200	0.00949	0.00547	0.00330	0.00946
21	0.00802	0.00573	0.00764	0.00917	0.00955	0.00535	0.00611	0.00917	0.01260	0.01681	0.03628	0.76434	0.04354	0.02062	0.00840	0.00267	0.00382	0.01872	0.00611	0.00535
22	0.02926	0.01164	0.01555	0.01192	0.01702	0.01033	0.00985	0.07292	0.01958	0.69025	0.02536	0.02201	0.01599	0.00813	0.00662	0.00203	0.00570	0.00658	0.00805	0.01120
23	0.01426	0.01211	0.01396	0.01018	0.01588	0.00969	0.00814	0.04429	0.05689	0.02259	0.01277	0.01440	0.01043	0.00524	0.00505	0.00109	0.00499	0.00419	0.00417	0.72967
24	0.01957	0.06168	0.01783	0.01390	0.01830	0.01842	0.01123	0.27609	0.42598	0.03184	0.02176	0.02055	0.01618	0.00836	0.00651	0.00209	0.00606	0.00666	0.00642	0.01058
25	0.01144	0.00572	0.00858	0.00858	0.00858	0.00572	0.00572	0.00858	0.00858	0.01144	0.01144	0.02001	0.01144	0.02287	0.02573	0.80846	0.00572	0.00572	0.00286	0.00286
26	0.01144	0.00572	0.00858	0.00858	0.00858	0.00572	0.00572	0.00858	0.00858	0.01144	0.01144	0.02001	0.01144	0.02287	0.02573	0.80846	0.00572	0.00572	0.00286	0.00286
27	0.01802	0.72765	0.03354	0.01161	0.01711	0.06947	0.01135	0.02011	0.01370	0.01553	0.00921	0.01064	0.00845	0.00570	0.00433	0.00143	0.00733	0.00356	0.00285	0.00840
28	0.01367	0.01126	0.01240	0.01118	0.01414	0.01222	0.00859	0.04566	0.39872	0.02631	0.23458	0.03448	0.07946	0.03554	0.00791	0.00228	0.00455	0.00912	0.00665	0.03127
29	0.01952	0.09573	0.05775	0.04290	0.04837	0.32708	0.01272	0.08320	0.01627	0.01810	0.01089	0.01414	0.00930	0.00971	0.01048	0.13163	0.07645	0.00486	0.00344	0.00745
30	0.77308	0.01372	0.01015	0.00910	0.01314	0.05347	0.00743	0.01972	0.01160	0.02882	0.00922	0.01076	0.00720	0.00615	0.00417	0.00202	0.00545	0.00360	0.00404	0.00716
31	0.02171	0.01696	0.01795	0.01365	0.01902	0.04359	0.01116	0.48101	0.02549	0.03475	0.01441	0.01504	0.01068	0.00698	0.00607	0.00168	0.00673	0.00528	0.00569	0.24217
32	0.01554	0.01776	0.03885	0.02775	0.03441	0.01665	0.70366	0.02109	0.01554	0.02109	0.01332	0.01776	0.00999	0.00555	0.00777	0.00222	0.01110	0.00777	0.00333	0.00888
33	0.01380	0.01179	0.01964	0.67670	0.06461	0.01430	0.01772	0.01803	0.01363	0.06893	0.01276	0.01786	0.00937	0.00667	0.00658	0.00218	0.00852	0.00591	0.00332	0.00769
34	0.00787	0.00662	0.00682	0.00688	0.00897	0.00558	0.00512	0.00957	0.01505	0.01814	0.09602	0.10045	0.65698	0.01673	0.00781	0.00224	0.00335	0.01406	0.00617	0.00558
35	0.00802	0.00573	0.00764	0.00917	0.00955	0.00535	0.00611	0.00917	0.01260	0.01681	0.03628	0.76434	0.04354	0.02062	0.00840	0.00267	0.00382	0.01872	0.00611	0.00535
36	0.01440	0.01440	0.02016	0.01728	0.01728	0.02016	0.01440	0.01584	0.01008	0.01584	0.00864	0.01440	0.00864	0.01152	0.02160	0.00288	0.75659	0.00576	0.00288	0.00720
37	0.01309	0.01196	0.02008	0.08026	0.38006	0.01199	0.05198	0.01621	0.01414	0.01957	0.02100	0.25567	0.02205	0.01115	0.00731	0.00226	0.00672	0.04193	0.00427	0.00831
38	0.01047	0.00748	0.01045	0.01197	0.01342	0.00746	0.01037	0.01340	0.01502	0.01955	0.03493	0.11097	0.03819	0.01832	0.00906	0.00301	0.00594	0.64791	0.00606	0.00602
39	0.02459	0.03138	0.01866	0.01696	0.02035	0.74221	0.01272	0.02629	0.01866	0.01611	0.01018	0.01187	0.00848	0.00678	0.00594	0.00170	0.01187	0.00424	0.00339	0.00763
40	0.01115	0.01052	0.00973	0.01057	0.01156	0.14164	0.00734	0.01249	0.01401	0.01713	0.06385	0.59152	0.03793	0.01773	0.00792	0.00246	0.00527	0.01572	0.00566	0.00581
41	0.06906	0.01277	0.01538	0.01367	0.06114	0.04171	0.01035	0.12110	0.03761	0.38391	0.08513	0.02530	0.01976	0.00882	0.00662	0.00206	0.00593	0.04314	0.02664	0.00990
42	0.01243	0.01170	0.01975	0.75282	0.04534	0.01463	0.01828	0.01682	0.01316	0.01682	0.01170	0.01755	0.00878	0.00658	0.00658	0.00219	0.00878	0.00585	0.00293	0.00731
43	0.00921	0.00658	0.00899	0.01043	0.01136	0.00636	0.00809	0.01127	0.01397	0.01847	0.06402	0.43163	0.04182	0.01926	0.00868	0.00281	0.00478	0.31043	0.00614	0.00570
44	0.01729	0.71003	0.05928	0.01182	0.01734	0.02538	0.01189	0.01957	0.01324	0.01570	0.00923	0.01086	0.00845	0.00593	0.00512	0.00150	0.04244	0.00367	0.00282	0.00844
45	0.00957	0.00638	0.00718	0.00718	0.00718	0.00638	0.00399	0.00957	0.00957	0.01276	0.02074	0.04308	0.02393	0.76864	0.03351	0.00638	0.00638	0.00957	0.00399	0.00399
46	0.00836	0.00674	0.00744	0.00754	0.00948	0.00588	0.00575	0.01034	0.01542	0.01923	0.16955	0.07889	0.51481	0.03556	0.00858	0.00239	0.00365	0.07850	0.00624	0.00567
47	0.01469	0.01610	0.03362	0.22611	0.03740	0.01610	0.51616	0.01992	0.01489	0.01992	0.01288	0.01770	0.00966	0.00583	0.00744	0.00221	0.01046	0.00724	0.00322	0.00845
48	0.01397	0.03478	0.04782	0.48498	0.17542	0.03310	0.03508	0.01915	0.05635	0.01859	0.01269	0.01727	0.00978	0.00653	0.00651	0.00211	0.00849	0.00586	0.00323	0.00828
49	0.01455	0.01421	0.01249	0.01151	0.01450	0.14078	0.00879	0.02353	0.31174	0.02254	0.11107	0.03632	0.22864	0.01130	0.00700	0.00212	0.00561	0.00924	0.00600	0.00805
50	0.00853	0.00638	0.00800	0.00899	0.01003	0.00594	0.00644	0.01054	0.03074	0.01830	0.09637	0.48300	0.17913	0.01875	0.00826	0.00256	0.00392	0.08225	0.00621	0.00565
51	0.01728	0.01693	0.02028	0.37638	0.05036	0.16969	0.05895	0.09473	0.01661	0.04923	0.01336	0.04357	0.01067	0.00739	0.00696	0.00209	0.02754	0.00614	0.00379	0.00807
52	0.02002	0.04322	0.07687	0.02483	0.21816	0.24388	0.13496	0.08006	0.01765	0.05948	0.01274	0.01512	0.00991	0.00641	0.00648	0.00192	0.00961	0.00559	0.00381	0.00928
53	0.03509	0.01738	0.10697	0.06034	0.04329	0.03405	0.23991	0.11627	0.11610	0.02426	0.01796	0.10331	0.01527	0.00834	0.00702	0.00218	0.00817	0.00799	0.02721	0.00891
54	0.00910	0.00822	0.04747	0.00907	0.01114	0.00672	0.00750	0.01176	0.01571	0.02092	0.28005	0.11955	0.26044	0.01763	0.05437	0.00284	0.00491	0.10039	0.00615	0.00607
55	0.01692	0.01645	0.04134	0.05094	0.42492	0.05400	0.07925	0.02325	0.12850	0.04944	0.01515	0.01765	0.01195	0.00647	0.00657	0.00199	0.00780	0.00614	0.00402	0.03724
56	0.01089	0.00716	0.00846	0.00798	0.01019	0.00625	0.00603	0.01309	0.01647	0.10547	0.27462	0.10477	0.37441	0.01490	0.00768	0.00218	0.00356	0.01273	0.00673	0.00643

[dist]
# distance from previous block
# <min> <max>
0	10

[block]
# block no. 1 follows, 33 sequences, length 37
# corresponding to MSA columns:
# 119-155
name=unknown_B
#
# <colnr> <probs for GDERKNQSTAVLIFYWHMCP>
#	G	D	E	R	K	N	Q	S	T	A	V	L	I	F	Y	W	H	M	C	P
0	0.10103	0.22202	0.06193	0.01460	0.01918	0.31757	0.04020	0.04511	0.03437	0.04128	0.01141	0.01307	0.00932	0.00806	0.03303	0.00206	0.00946	0.00448	0.00362	0.00820
1	0.01755	0.08591	0.03944	0.01312	0.05257	0.01395	0.01050	0.19428	0.01830	0.04826	0.01300	0.01432	0.01019	0.00592	0.00543	0.00139	0.00600	0.00460	0.00455	0.44073
2	0.03859	0.50002	0.20265	0.06031	0.02152	0.04507	0.01482	0.02000	0.01360	0.01729	0.00999	0.01186	0.00841	0.00589	0.00492	0.00165	0.00790	0.00402	0.00287	0.00863
3	0.01212	0.01013	0.01097	0.01016	0.01292	0.01071	0.00779	0.02195	0.33923	0.02436	0.20629	0.04204	0.24033	0.01233	0.00728	0.00219	0.00415	0.01044	0.00666	0.00796
4	0.00945	0.00682	0.00940	0.00937	0.01020	0.00752	0.00677	0.01111	0.01078	0.01520	0.06350	0.03274	0.02170	0.27245	0.47371	0.00872	0.01319	0.00815	0.00391	0.00531
5	0.00860	0.00674	0.00781	0.00764	0.00953	0.00594	0.00579	0.01099	0.01667	0.02181	0.36648	0.05732	0.39217	0.01526	0.00783	0.00219	0.00335	0.04136	0.00663	0.00588
6	0.01365	0.01170	0.01365	0.00975	0.01560	0.00878	0.00780	0.01658	0.01365	0.02145	0.01170	0.01365	0.00975	0.00488	0.00488	0.00098	0.00488	0.00390	0.00390	0.80888
7	0.79077	0.01268	0.00985	0.00875	0.01286	0.01461	0.00721	0.01975	0.01144	0.05133	0.00969	0.01106	0.00741	0.00617	0.00415	0.00204	0.00511	0.00366	0.00420	0.00726
8	0.00953	0.00655	0.00802	0.00802	0.00831	0.00684	0.00503	0.01011	0.00982	0.01338	0.01998	0.03885	0.02209	0.59169	0.20794	0.00742	0.00915	0.00895	0.00388	0.00445
9	0.02340	0.12181	0.02136	0.01666	0.02045	0.62717	0.03841	0.02529	0.01789	0.01622	0.01017	0.01193	0.00853	0.00660	0.00579	0.00168	0.01125	0.00428	0.00332	0.00778
10	0.01022	0.00817	0.01179	0.01133	0.01221	0.00997	0.00881	0.01220	0.01040	0.01513	0.01649	0.02567	0.01592	0.11219	0.55884	0.00894	0.13524	0.00709	0.00347	0.00591
11	0.01589	0.01482	0.02516	0.11169	0.47511	0.01554	0.07373	0.02006	0.03899	0.04002	0.01294	0.01696	0.01060	0.00704	0.00841	0.02592	0.06808	0.00608	0.00344	0.00951
12	0.05185	0.18699	0.29017	0.01629	0.06087	0.01647	0.03580	0.04736	0.01560	0.19637	0.01483	0.01545	0.01054	0.00660	0.00588	0.00192	0.00778	0.00513	0.00434	0.00977
13	0.01049	0.00798	0.00981	0.00934	0.00949	0.00904	0.00634	0.01097	0.01013	0.01386	0.02061	0.03987	0.04370	0.56245	0.02918	0.00541	0.14893	0.04369	0.00395	0.00476
14	0.00860	0.00604	0.00775	0.00875	0.00919	0.00575	0.00581	0.00971	0.01247	0.01673	0.08695	0.50846	0.04015	0.19633	0.01430	0.00352	0.00446	0.04420	0.00570	0.00513
15	0.01424	0.01205	0.01397	0.01003	0.01585	0.00938	0.00804	0.05207	0.01454	0.02248	0.01191	0.01376	0.00983	0.00503	0.00496	0.00103	0.00500	0.00400	0.00404	0.76779
16	0.03931	0.03688	0.19932	0.04610	0.16352	0.01474	0.04190	0.09176	0.01608	0.07504	0.04823	0.01738	0.01272	0.00822	0.02814	0.00221	0.05545	0.00574	0.00410	0.09315
17	0.05650	0.10440	0.04975	0.04238	0.01990	0.03613	0.12750	0.10316	0.01528	0.03967	0.01560	0.01946	0.03158	0.01953	0.22587	0.00450	0.02942	0.00620	0.00396	0.04921
18	0.00879	0.00671	0.00807	0.00773	0.00951	0.00599	0.00580	0.01140	0.01739	0.02345	0.49866	0.05404	0.28940	0.01456	0.00777	0.00212	0.00318	0.01259	0.00686	0.00599
19	0.07346	0.01623	0.01721	0.01358	0.01827	0.01790	0.01112	0.51172	0.08462	0.06635	0.01727	0.01733	0.01244	0.00786	0.00625	0.00196	0.00647	0.00595	0.08363	0.01038
20	0.04237	0.07729	0.13871	0.10762	0.12074	0.07214	0.11204	0.06136	0.06910	0.03876	0.01308	0.01587	0.01018	0.00702	0.00792	0.00210	0.08529	0.00572	0.00369	0.00899
21	0.02267	0.01930	0.04533	0.01534	0.01982	0.24813	0.09024	0.04385	0.06971	0.25809	0.02139	0.04445	0.05506	0.00829	0.00665	0.00199	0.00824	0.00677	0.00553	0.00915
22	0.00950	0.00697	0.00768	0.00734	0.00960	0.00596	0.00556	0.01153	0.01604	0.06505	0.20723	0.05767	0.53558	0.01543	0.00770	0.00218	0.00343	0.01300	0.00649	0.00606
23	0.01576	0.09541	0.31932	0.10580	0.02969	0.03948	0.18997	0.06567	0.01559	0.04365	0.01258	0.01530	0.00925	0.00624	0.00650	0.00205	0.00948	0.00568	0.00338	0.00919
24	0.03613	0.06248	0.08780	0.15436	0.16647	0.11348	0.15930	0.03805	0.01496	0.01967	0.01160	0.01537	0.00927	0.00664	0.00786	0.00208	0.07683	0.00575	0.00324	0.00865
25	0.01554	0.20539	0.44636	0.01754	0.02566	0.01763	0.09548	0.02132	0.01427	0.06480	0.01225	0.01408	0.00905	0.00615	0.00597	0.00194	0.00898	0.00498	0.00319	0.00943
26	0.00862	0.00613	0.00765	0.00841	0.00935	0.00562	0.00588	0.00951	0.01304	0.01681	0.07217	0.38592	0.23170	0.03984	0.01123	0.11042	0.00407	0.04285	0.00567	0.00511
27	0.01714	0.16218	0.20062	0.07025	0.02411	0.13456	0.09654	0.09199	0.04082	0.02059	0.01285	0.01646	0.01050	0.06431	0.00815	0.00224	0.00900	0.00549	0.00359	0.00862
28	0.05440	0.07814	0.10035	0.01910	0.07430	0.10158	0.19931	0.01954	0.05018	0.01985	0.01858	0.13323	0.03583	0.00929	0.00731	0.00217	0.02909	0.03560	0.00404	0.00810
29	0.01773	0.14816	0.31490	0.01887	0.10957	0.01806	0.01788	0.17367	0.04650	0.05417	0.01352	0.01485	0.01005	0.00666	0.00606	0.00194	0.00815	0.00518	0.00407	0.01002
30	0.00924	0.00674	0.00791	0.00781	0.00964	0.00592	0.00578	0.01137	0.01608	0.04974	0.29175	0.15979	0.36279	0.01578	0.00782	0.00223	0.00342	0.01361	0.00659	0.00599
31	0.01808	0.07632	0.12658	0.18971	0.02862	0.13905	0.10643	0.11460	0.06571	0.05215	0.01369	0.01603	0.01023	0.00677	0.00642	0.00201	0.00903	0.00567	0.00400	0.00891
32	0.04230	0.06611	0.06740	0.05919	0.12860	0.01581	0.04273	0.19146	0.08579	0.15873	0.06199	0.01962	0.01543	0.00761	0.00647	0.00201	0.00691	0.00635	0.00551	0.00998
33	0.05734	0.01726	0.11384	0.05892	0.17059	0.03068	0.18076	0.09659	0.01620	0.02286	0.01715	0.09691	0.03353	0.00848	0.00741	0.00219	0.03059	0.02587	0.00406	0.00879
34	0.00832	0.00628	0.00887	0.00980	0.01054	0.00582	0.03476	0.00967	0.01286	0.01703	0.03699	0.69556	0.07915	0.01979	0.00834	0.00263	0.00409	0.01800	0.00600	0.00550
35	0.05625	0.09363	0.08987	0.05402	0.06419	0.09636	0.10923	0.05503	0.04427	0.05412	0.04303	0.04216	0.06350	0.03490	0.04827	0.00264	0.02922	0.00691	0.00421	0.00820
36	0.03412	0.03976	0.18373	0.06975	0.18719	0.07255	0.11122	0.07740	0.01630	0.05359	0.03529	0.01785	0.03100	0.00702	0.00709	0.00205	0.03491	0.00610	0.00383	0.00925

[dist]
# distance from previous block
# <min> <max>
0	1

[block]
# block no. 2 follows, 33 sequences, length 67
# corresponding to MSA columns:
# 157-223
name=unknown_C
#
# <colnr> <probs for GDERKNQSTAVLIFYWHMCP>
#	G	D	E	R	K	N	Q	S	T	A	V	L	I	F	Y	W	H	M	C	P
0	0.04382	0.01587	0.06695	0.07641	0.21427	0.03564	0.15840	0.06945	0.01593	0.02249	0.03699	0.04948	0.01451	0.00753	0.00675	0.00202	0.00791	0.04913	0.00398	0.10247
1	0.03735	0.01753	0.09160	0.11099	0.36637	0.03517	0.17485	0.02069	0.01496	0.04841	0.01285	0.01652	0.01005	0.00603	0.00671	0.00205	0.00880	0.00613	0.00341	0.00954
2	0.00921	0.00677	0.00919	0.01067	0.04144	0.00670	0.00722	0.01077	0.01249	0.01676	0.04718	0.36974	0.05993	0.15348	0.11135	0.00437	0.00657	0.10535	0.00529	0.00553
3	0.01933	0.12838	0.06062	0.03719	0.10079	0.14825	0.08510	0.16590	0.09384	0.02392	0.01358	0.01540	0.01068	0.00716	0.00730	0.00197	0.06148	0.00556	0.00423	0.00930
4	0.01075	0.00702	0.00915	0.00852	0.01032	0.00641	0.00642	0.01365	0.01818	0.08008	0.60649	0.08444	0.08619	0.01355	0.00771	0.00211	0.00335	0.01193	0.00721	0.00652
5	0.00802	0.00573	0.00764	0.00917	0.00955	0.00535	0.00611	0.00917	0.01260	0.01681	0.03628	0.76434	0.04354	0.02062	0.00840	0.00267	0.00382	0.01872	0.00611	0.00535
6	0.01760	0.77260	0.03450	0.01126	0.01690	0.02605	0.01126	0.01971	0.01338	0.01549	0.00915	0.01056	0.00845	0.00563	0.00422	0.00141	0.00704	0.00352	0.00282	0.00845
7	0.00857	0.00670	0.00776	0.00750	0.00938	0.00589	0.00562	0.01097	0.01687	0.02220	0.40357	0.05609	0.38526	0.01503	0.00777	0.00214	0.00322	0.01288	0.00669	0.00589
8	0.81514	0.01273	0.00968	0.00866	0.01273	0.01477	0.00713	0.01935	0.01120	0.02954	0.00917	0.01069	0.00713	0.00611	0.00407	0.00204	0.00509	0.00356	0.00407	0.00713
9	0.01227	0.00614	0.00614	0.00614	0.00767	0.00614	0.00460	0.01534	0.01381	0.02454	0.02148	0.02454	0.01687	0.00767	0.00460	0.00153	0.00307	0.00614	0.80518	0.00614
10	0.81514	0.01273	0.00968	0.00866	0.01273	0.01477	0.00713	0.01935	0.01120	0.02954	0.00917	0.01069	0.00713	0.00611	0.00407	0.00204	0.00509	0.00356	0.00407	0.00713
11	0.81514	0.01273	0.00968	0.00866	0.01273	0.01477	0.00713	0.01935	0.01120	0.02954	0.00917	0.01069	0.00713	0.00611	0.00407	0.00204	0.00509	0.00356	0.00407	0.00713
12	0.81514	0.01273	0.00968	0.00866	0.01273	0.01477	0.00713	0.01935	0.01120	0.02954	0.00917	0.01069	0.00713	0.00611	0.00407	0.00204	0.00509	0.00356	0.00407	0.00713
13	0.00778	0.00667	0.00667	0.00667	0.00889	0.00556	0.00500	0.00945	0.01501	0.01778	0.06669	0.06336	0.72490	0.01667	0.00778	0.00222	0.00333	0.01389	0.00611	0.00556
14	0.00810	0.00576	0.00762	0.00906	0.00943	0.00540	0.00600	0.00919	0.01245	0.01660	0.03549	0.72731	0.04253	0.05903	0.00969	0.00286	0.00395	0.01825	0.00600	0.00528
15	0.05095	0.01514	0.01732	0.01349	0.01852	0.01581	0.01109	0.37027	0.08526	0.30175	0.02041	0.01891	0.01377	0.00803	0.00653	0.00202	0.00638	0.00625	0.00711	0.01100
16	0.01320	0.03405	0.73453	0.01876	0.02849	0.01529	0.02432	0.02085	0.01390	0.02085	0.01181	0.01390	0.00834	0.00625	0.00625	0.00208	0.00973	0.00486	0.00278	0.00973
17	0.02316	0.01621	0.01742	0.01359	0.01825	0.01774	0.01115	0.57080	0.02777	0.06437	0.01708	0.01744	0.01229	0.00787	0.00627	0.00191	0.00652	0.00599	0.13376	0.01039
18	0.00998	0.00661	0.00895	0.01016	0.01113	0.00630	0.00764	0.01176	0.01363	0.05431	0.03482	0.48773	0.03976	0.04246	0.00931	0.00287	0.00469	0.22592	0.00613	0.00583
19	0.20660	0.01155	0.01402	0.01102	0.01589	0.01082	0.00910	0.02921	0.01712	0.57378	0.02218	0.01977	0.01423	0.00769	0.00605	0.00204	0.00549	0.00593	0.00723	0.01029
20	0.01243	0.01170	0.01975	0.75282	0.04534	0.01463	0.01828	0.01682	0.01316	0.01682	0.01170	0.01755	0.00878	0.00658	0.00658	0.00219	0.00878	0.00585	0.00293	0.00731
21	0.00901	0.00723	0.01145	0.01148	0.01265	0.00677	0.08891	0.01075	0.01305	0.01742	0.03351	0.64920	0.03935	0.01874	0.00835	0.00263	0.00477	0.04314	0.00578	0.00579
22	0.01438	0.01241	0.01541	0.01354	0.09904	0.01001	0.00943	0.04252	0.01445	0.02220	0.01193	0.01404	0.00988	0.00510	0.00513	0.00113	0.00531	0.00421	0.00392	0.68597
23	0.01071	0.00821	0.00907	0.00895	0.00958	0.05696	0.00601	0.01121	0.01052	0.01370	0.01944	0.03402	0.04036	0.40448	0.22950	0.10092	0.00975	0.00818	0.00375	0.00468
24	0.00942	0.00715	0.00863	0.00819	0.00996	0.00669	0.00610	0.01302	0.06007	0.02396	0.50470	0.05057	0.20553	0.04645	0.00881	0.00230	0.00343	0.01198	0.00682	0.00623
25	0.01776	0.05262	0.12080	0.07211	0.29422	0.07177	0.12350	0.09100	0.01684	0.05732	0.01312	0.01594	0.01011	0.00629	0.00655	0.00199	0.00874	0.00584	0.00375	0.00972
26	0.01725	0.01698	0.02242	0.09989	0.16908	0.10256	0.06984	0.11795	0.01589	0.02125	0.01160	0.01565	0.00972	0.00946	0.03425	0.00254	0.24563	0.00584	0.00361	0.00860
27	0.00932	0.00673	0.00880	0.00828	0.00984	0.00621	0.00621	0.01242	0.01863	0.02640	0.72410	0.04918	0.06212	0.01346	0.00776	0.00207	0.00311	0.01191	0.00725	0.00621
28	0.01464	0.05433	0.05101	0.03803	0.05313	0.01523	0.11919	0.02526	0.34104	0.02268	0.02188	0.10400	0.01861	0.01165	0.05022	0.00272	0.03399	0.00823	0.00514	0.00901
29	0.76742	0.01264	0.01002	0.00884	0.01298	0.01446	0.00728	0.02013	0.01167	0.07222	0.01019	0.01141	0.00769	0.00623	0.00423	0.00204	0.00512	0.00375	0.00432	0.00738
30	0.00784	0.00667	0.00675	0.00673	0.00893	0.00558	0.00505	0.00955	0.01514	0.01809	0.09034	0.06285	0.70106	0.01656	0.00778	0.00222	0.00333	0.01382	0.00615	0.00558
31	0.01760	0.77260	0.03450	0.01126	0.01690	0.02605	0.01126	0.01971	0.01338	0.01549	0.00915	0.01056	0.00845	0.00563	0.00422	0.00141	0.00704	0.00352	0.00282	0.00845
32	0.00809	0.00578	0.00770	0.00912	0.00956	0.00539	0.00612	0.00933	0.01291	0.01730	0.07160	0.72762	0.04450	0.02026	0.00837	0.00264	0.00378	0.01837	0.00617	0.00539
33	0.01764	0.01386	0.01492	0.01324	0.01709	0.01573	0.01035	0.03470	0.64886	0.09510	0.02672	0.02436	0.01973	0.00886	0.00669	0.00221	0.00525	0.00736	0.00684	0.01050
34	0.01562	0.01513	0.09987	0.06499	0.06370	0.01165	0.01189	0.07305	0.01534	0.06809	0.01292	0.01487	0.01007	0.00584	0.00595	0.00145	0.02607	0.00465	0.00412	0.47473
35	0.01450	0.25256	0.52742	0.01654	0.02506	0.01847	0.02046	0.02051	0.01374	0.01926	0.01103	0.01291	0.00837	0.00607	0.00565	0.00188	0.00893	0.00447	0.00279	0.00935
36	0.01163	0.00627	0.00672	0.00660	0.00814	0.00615	0.00495	0.01470	0.01486	0.02495	0.17492	0.02992	0.02675	0.00893	0.00529	0.00165	0.00308	0.00740	0.63092	0.00615
37	0.00791	0.00663	0.00688	0.00690	0.00899	0.00560	0.00514	0.00967	0.01518	0.01841	0.11614	0.09248	0.64435	0.01659	0.00781	0.00223	0.00334	0.01395	0.00620	0.00560
38	0.01596	0.07241	0.26774	0.01911	0.11788	0.01474	0.05052	0.04693	0.10151	0.08960	0.01852	0.04527	0.01550	0.00851	0.00672	0.00216	0.00771	0.08531	0.00448	0.00942
39	0.01079	0.00712	0.00892	0.00824	0.01025	0.00638	0.00626	0.01354	0.01787	0.08756	0.52004	0.04984	0.20090	0.01368	0.00767	0.00210	0.00338	0.01186	0.00708	0.00652
40	0.02954	0.01120	0.01528	0.01171	0.01681	0.00968	0.00968	0.03208	0.01884	0.73213	0.02597	0.02241	0.01630	0.00815	0.00662	0.00204	0.00560	0.00662	0.00815	0.01120
41	0.01555	0.01528	0.02724	0.15589	0.51989	0.01561	0.11397	0.01977	0.01476	0.02068	0.01240	0.01670	0.01010	0.00594	0.00670	0.00203	0.00843	0.00613	0.00321	0.00970
42	0.04370	0.05394	0.25041	0.01639	0.04801	0.05975	0.06156	0.09467	0.01716	0.14399	0.05965	0.06431	0.01655	0.00841	0.00660	0.00208	0.00777	0.03100	0.00482	0.00923
43	0.01440	0.01440	0.02016	0.01728	0.01728	0.02016	0.01440	0.01584	0.01008	0.01584	0.00864	0.01440	0.00864	0.01152	0.02160	0.00288	0.75659	0.00576	0.00288	0.00720
44	0.02534	0.01206	0.01585	0.08155	0.01948	0.01165	0.01066	0.14451	0.02011	0.48462	0.05344	0.05449	0.01788	0.00873	0.00674	0.00207	0.00600	0.00719	0.00726	0.01037
45	0.01677	0.08507	0.04068	0.09725	0.27003	0.01479	0.05571	0.09175	0.01633	0.09165	0.01769	0.13989	0.01612	0.00878	0.00670	0.00208	0.00715	0.00793	0.00448	0.00914
46	0.01580	0.01393	0.02302	0.10930	0.37034	0.01428	0.08431	0.08418	0.01603	0.04833	0.01639	0.10870	0.01481	0.00991	0.03915	0.00248	0.00805	0.00771	0.00409	0.00921
47	0.01760	0.77260	0.03450	0.01126	0.01690	0.02605	0.01126	0.01971	0.01338	0.01549	0.00915	0.01056	0.00845	0.00563	0.00422	0.00141	0.00704	0.00352	0.00282	0.00845
48	0.01365	0.01170	0.01365	0.00975	0.01560	0.00878	0.00780	0.01658	0.01365	0.02145	0.01170	0.01365	0.00975	0.00488	0.00488	0.00098	0.00488	0.00390	0.00390	0.80888
49	0.01964	0.01349	0.04246	0.01390	0.01808	0.04009	0.08003	0.14141	0.04565	0.23118	0.08406	0.05537	0.05632	0.01060	0.00730	0.00223	0.00652	0.11623	0.00639	0.00906
50	0.00796	0.00597	0.00739	0.00852	0.00938	0.00540	0.00582	0.00924	0.01323	0.01706	0.04421	0.58153	0.22124	0.01959	0.00824	0.00256	0.00369	0.01746	0.00611	0.00540
51	0.01719	0.09015	0.14254	0.04645	0.24200	0.10356	0.08675	0.03951	0.01567	0.06912	0.01549	0.05871	0.02921	0.00732	0.00647	0.00198	0.00842	0.00645	0.00381	0.00921
52	0.42973	0.18578	0.03976	0.03182	0.04721	0.06374	0.01032	0.01958	0.01245	0.02343	0.00955	0.01159	0.00791	0.00639	0.00568	0.00191	0.05731	0.00396	0.00356	0.02834
53	0.01629	0.01564	0.02672	0.04041	0.72757	0.01564	0.02020	0.02020	0.01499	0.02151	0.01238	0.01629	0.01043	0.00587	0.00652	0.00196	0.00782	0.00587	0.00326	0.01043
54	0.00815	0.00631	0.00743	0.00795	0.00932	0.00559	0.00566	0.00986	0.01469	0.01892	0.17070	0.33914	0.33737	0.01767	0.00802	0.00237	0.00349	0.01546	0.00631	0.00559
55	0.01784	0.14910	0.14491	0.01595	0.05044	0.11436	0.05361	0.17341	0.04341	0.02356	0.03988	0.05074	0.01437	0.07019	0.00844	0.00228	0.00807	0.00634	0.00432	0.00877
56	0.00940	0.00705	0.01058	0.01058	0.01176	0.00823	0.00823	0.01176	0.01058	0.01528	0.01763	0.02586	0.01646	0.04937	0.74255	0.01058	0.01763	0.00705	0.00353	0.00588
57	0.01495	0.13151	0.28768	0.11243	0.18063	0.01697	0.04140	0.04964	0.01470	0.02044	0.01253	0.01688	0.01016	0.00678	0.00670	0.00203	0.03144	0.03068	0.00322	0.00922
58	0.00976	0.00827	0.05220	0.00951	0.01112	0.00703	0.00753	0.01285	0.04149	0.02077	0.20856	0.31214	0.03948	0.04098	0.05738	0.00299	0.00507	0.04727	0.09943	0.00615
59	0.01342	0.01429	0.07937	0.02591	0.31211	0.01247	0.13248	0.01720	0.01460	0.02056	0.04538	0.17505	0.03737	0.00988	0.00718	0.00219	0.00720	0.03058	0.03427	0.00849
60	0.02184	0.04142	0.01621	0.01157	0.01702	0.01200	0.00953	0.15495	0.01888	0.28675	0.01765	0.01717	0.01239	0.00669	0.00582	0.00157	0.00568	0.00528	0.00594	0.33165
61	0.00812	0.00580	0.00773	0.00910	0.00957	0.00541	0.00612	0.00941	0.01305	0.01752	0.08764	0.71094	0.04493	0.02009	0.00836	0.00263	0.00377	0.01821	0.00620	0.00541
62	0.01472	0.08624	0.63081	0.01770	0.02679	0.01566	0.02230	0.02159	0.01422	0.07255	0.01266	0.01428	0.00893	0.00635	0.00613	0.00203	0.00923	0.00490	0.00318	0.00974
63	0.01657	0.29491	0.19754	0.02213	0.23197	0.04173	0.01710	0.04307	0.04111	0.01988	0.01166	0.01380	0.00954	0.00608	0.00561	0.00179	0.00800	0.00479	0.00322	0.00948
64	0.00950	0.00693	0.00895	0.00848	0.01006	0.00651	0.00634	0.01304	0.04094	0.02609	0.67685	0.07409	0.06009	0.01357	0.00775	0.00210	0.00320	0.01201	0.00719	0.00632
65	0.01459	0.04834	0.27693	0.02121	0.16705	0.01566	0.03944	0.02154	0.11398	0.02140	0.03297	0.01690	0.01212	0.00717	0.00797	0.00205	0.09117	0.00569	0.00369	0.08014
66	0.55590	0.06265	0.05882	0.01134	0.01614	0.01535	0.06379	0.02072	0.04676	0.05209	0.01121	0.01265	0.00857	0.00621	0.00476	0.00199	0.00599	0.00429	0.00412	0.03666

[dist]
# distance from previous block
# <min> <max>
0	2

[block]
# block no. 3 follows, 33 sequences, length 31
# corresponding to MSA columns:
# 226-256
name=unknown_D
#
# <colnr> <probs for GDERKNQSTAVLIFYWHMCP>
#	G	D	E	R	K	N	Q	S	T	A	V	L	I	F	Y	W	H	M	C	P
0	0.04167	0.03779	0.04925	0.02742	0.29980	0.06075	0.18505	0.02109	0.07267	0.02151	0.05042	0.01960	0.03451	0.00707	0.00744	0.00207	0.04215	0.00673	0.00383	0.00919
1	0.00949	0.00671	0.00886	0.00886	0.00944	0.00730	0.00609	0.01065	0.01007	0.01401	0.01920	0.03456	0.02024	0.41283	0.38426	0.00846	0.01195	0.00833	0.00376	0.00492
2	0.01759	0.64584	0.10777	0.01243	0.01835	0.07163	0.01275	0.02026	0.01378	0.01610	0.00950	0.01100	0.00844	0.00577	0.00455	0.00150	0.00764	0.00371	0.00285	0.00853
3	0.00826	0.00653	0.00748	0.00785	0.00951	0.00575	0.00582	0.01013	0.01505	0.01904	0.16012	0.21776	0.42364	0.01715	0.00801	0.00235	0.00359	0.06003	0.00629	0.00565
4	0.00898	0.00672	0.00833	0.00792	0.00963	0.00607	0.00594	0.01176	0.01783	0.02449	0.57803	0.05233	0.20938	0.01417	0.00777	0.00210	0.00316	0.01235	0.00700	0.00607
5	0.05946	0.01407	0.01460	0.01314	0.01688	0.01629	0.01024	0.03414	0.67768	0.02765	0.02584	0.02381	0.01940	0.00878	0.00656	0.00222	0.00520	0.00723	0.00656	0.01024
6	0.01175	0.00631	0.00687	0.00719	0.00864	0.00629	0.00556	0.01468	0.01392	0.02334	0.02437	0.08112	0.02165	0.01003	0.00549	0.00182	0.00354	0.10325	0.63809	0.00607
7	0.00957	0.00652	0.00787	0.00825	0.00856	0.00652	0.00536	0.01023	0.01077	0.01432	0.02438	0.12112	0.02781	0.55299	0.05164	0.00564	0.00646	0.11299	0.00451	0.00451
8	0.01320	0.03405	0.73453	0.01876	0.02849	0.01529	0.02432	0.02085	0.01390	0.02085	0.01181	0.01390	0.00834	0.00625	0.00625	0.00208	0.00973	0.00486	0.00278	0.00973
9	0.01034	0.00746	0.01025	0.01167	0.01319	0.00737	0.01009	0.01322	0.01507	0.01948	0.03703	0.09493	0.08404	0.01816	0.00898	0.00297	0.00581	0.61785	0.00607	0.00601
10	0.00802	0.00573	0.00764	0.00917	0.00955	0.00535	0.00611	0.00917	0.01260	0.01681	0.03628	0.76434	0.04354	0.02062	0.00840	0.00267	0.00382	0.01872	0.00611	0.00535
11	0.01320	0.03405	0.73453	0.01876	0.02849	0.01529	0.02432	0.02085	0.01390	0.02085	0.01181	0.01390	0.00834	0.00625	0.00625	0.00208	0.00973	0.00486	0.00278	0.00973
12	0.01440	0.01440	0.02016	0.01728	0.01728	0.02016	0.01440	0.01584	0.01008	0.01584	0.00864	0.01440	0.00864	0.01152	0.02160	0.00288	0.75659	0.00576	0.00288	0.00720
13	0.01045	0.00737	0.00942	0.00874	0.01055	0.00701	0.00661	0.01458	0.06529	0.04955	0.65461	0.04665	0.05781	0.01298	0.00766	0.00208	0.00333	0.01143	0.00724	0.00666
14	0.01802	0.59739	0.11807	0.01257	0.01860	0.04570	0.01292	0.05741	0.01471	0.03820	0.01035	0.01163	0.00881	0.00594	0.00472	0.00155	0.00748	0.00393	0.00319	0.00881
15	0.01548	0.01779	0.09714	0.09954	0.06613	0.15431	0.08208	0.04088	0.01620	0.03751	0.15904	0.04824	0.02208	0.01029	0.02960	0.00237	0.06612	0.02299	0.00438	0.00784
16	0.01365	0.01170	0.01365	0.00975	0.01560	0.00878	0.00780	0.01658	0.01365	0.02145	0.01170	0.01365	0.00975	0.00488	0.00488	0.00098	0.00488	0.00390	0.00390	0.80888
17	0.13102	0.05784	0.03810	0.01393	0.01885	0.01875	0.01188	0.47117	0.02490	0.07347	0.01544	0.01723	0.01159	0.00801	0.00672	0.00203	0.03268	0.03038	0.00587	0.01013
18	0.01569	0.08852	0.50801	0.01680	0.02500	0.01516	0.04028	0.04361	0.01511	0.10686	0.01644	0.01750	0.04811	0.00703	0.00627	0.00203	0.00863	0.00558	0.00375	0.00960
19	0.00807	0.00673	0.00707	0.00714	0.00927	0.00573	0.00545	0.00992	0.01524	0.01846	0.10597	0.06319	0.63717	0.01657	0.00787	0.00227	0.00350	0.05857	0.00618	0.00563
20	0.00802	0.00573	0.00764	0.00917	0.00955	0.00535	0.00611	0.00917	0.01260	0.01681	0.03628	0.76434	0.04354	0.02062	0.00840	0.00267	0.00382	0.01872	0.00611	0.00535
21	0.01469	0.06956	0.11928	0.46482	0.07844	0.06252	0.01802	0.06152	0.01485	0.01906	0.01174	0.01602	0.00892	0.00652	0.00633	0.00206	0.00883	0.00546	0.00318	0.00817
22	0.01456	0.01488	0.02281	0.01876	0.01970	0.01967	0.11187	0.01658	0.01085	0.01658	0.00930	0.01488	0.00883	0.01068	0.01965	0.00279	0.65117	0.00605	0.00294	0.00744
23	0.02551	0.01091	0.01395	0.01099	0.01538	0.01002	0.00898	0.09515	0.01916	0.52065	0.04525	0.02293	0.01727	0.00820	0.00630	0.00195	0.00525	0.00663	0.14534	0.01018
24	0.01144	0.00572	0.00858	0.00858	0.00858	0.00572	0.00572	0.00858	0.00858	0.01144	0.01144	0.02001	0.01144	0.02287	0.02573	0.80846	0.00572	0.00572	0.00286	0.00286
25	0.04436	0.01534	0.01916	0.12772	0.17624	0.10061	0.03506	0.10952	0.03880	0.06764	0.01722	0.10641	0.01555	0.00922	0.00778	0.00218	0.05772	0.03631	0.00454	0.00863
26	0.01393	0.01318	0.02230	0.41471	0.33978	0.01470	0.01864	0.01799	0.01393	0.01885	0.01296	0.04630	0.01086	0.00682	0.00663	0.00211	0.00817	0.00636	0.00319	0.00859
27	0.00811	0.00580	0.00772	0.00911	0.00957	0.00540	0.00612	0.00938	0.01300	0.01744	0.08159	0.71724	0.04476	0.02015	0.00836	0.00263	0.00377	0.01827	0.00619	0.00540
28	0.04566	0.04645	0.02393	0.05354	0.40549	0.21112	0.03453	0.04311	0.01610	0.02042	0.01157	0.01472	0.00963	0.00636	0.00668	0.00191	0.03080	0.00532	0.00339	0.00928
29	0.01391	0.01322	0.04323	0.01439	0.08140	0.01043	0.06744	0.01788	0.03896	0.02187	0.04800	0.01640	0.01276	0.00564	0.00552	0.00131	0.00576	0.00496	0.00402	0.57292
30	0.10917	0.25396	0.15671	0.01525	0.02077	0.26553	0.05374	0.02220	0.01515	0.01861	0.01024	0.01206	0.00838	0.00619	0.00537	0.00175	0.00920	0.00427	0.00318	0.00829

[dist]
# distance from previous block
# <min> <max>
0	1

[block]
# block no. 4 follows, 33 sequences, length 91
# corresponding to MSA columns:
# 258-348
name=unknown_E
#
# <colnr> <probs for GDERKNQSTAVLIFYWHMCP>
#	G	D	E	R	K	N	Q	S	T	A	V	L	I	F	Y	W	H	M	C	P
0	0.81514	0.01273	0.00968	0.00866	0.01273	0.01477	0.00713	0.01935	0.01120	0.02954	0.00917	0.01069	0.00713	0.00611	0.00407	0.00204	0.00509	0.00356	0.00407	0.00713
1	0.00848	0.00683	0.00752	0.00743	0.00935	0.00603	0.00550	0.01091	0.03460	0.02012	0.23586	0.09769	0.47219	0.03768	0.00853	0.00233	0.00344	0.01334	0.00637	0.00580
2	0.00819	0.00588	0.00781	0.00925	0.00977	0.00550	0.00634	0.00950	0.01296	0.01723	0.05428	0.69088	0.06038	0.02021	0.00841	0.00267	0.00391	0.05529	0.00614	0.00541
3	0.00950	0.00650	0.00749	0.00755	0.00786	0.00644	0.00461	0.00995	0.01060	0.01406	0.05221	0.04580	0.06959	0.63273	0.04825	0.00588	0.00634	0.04597	0.00435	0.00434
4	0.00822	0.00603	0.00772	0.00869	0.00951	0.00553	0.00599	0.00978	0.01399	0.01864	0.16273	0.54612	0.13516	0.01884	0.00821	0.00251	0.00363	0.01688	0.00631	0.00553
5	0.02503	0.01844	0.01976	0.01515	0.02042	0.02042	0.01251	0.70562	0.03095	0.04149	0.01581	0.01581	0.01120	0.00790	0.00659	0.00198	0.00724	0.00593	0.00659	0.01120
6	0.01637	0.01414	0.01489	0.01340	0.01712	0.01637	0.01042	0.03498	0.71568	0.02754	0.02679	0.02456	0.02010	0.00893	0.00670	0.00223	0.00521	0.00744	0.00670	0.01042
7	0.00778	0.00667	0.00667	0.00667	0.00889	0.00556	0.00500	0.00945	0.01501	0.01778	0.06669	0.06336	0.72490	0.01667	0.00778	0.00222	0.00333	0.01389	0.00611	0.00556
8	0.02459	0.03138	0.01866	0.01696	0.02035	0.74221	0.01272	0.02629	0.01866	0.01611	0.01018	0.01187	0.00848	0.00678	0.00594	0.00170	0.01187	0.00424	0.00339	0.00763
9	0.01283	0.01211	0.02047	0.67855	0.11646	0.01473	0.01848	0.01717	0.01335	0.01731	0.01177	0.01742	0.00895	0.00651	0.00658	0.00217	0.00868	0.00585	0.00296	0.00764
10	0.07700	0.60530	0.06584	0.01195	0.01751	0.07151	0.01175	0.04371	0.01419	0.01773	0.00958	0.01100	0.00844	0.00585	0.00451	0.00153	0.00735	0.00372	0.00307	0.00846
11	0.01015	0.00785	0.00946	0.00890	0.01109	0.00672	0.00634	0.01175	0.01265	0.01767	0.02808	0.30733	0.08325	0.15896	0.01212	0.00284	0.00470	0.04253	0.00502	0.25256
12	0.00854	0.00663	0.00777	0.00763	0.00940	0.00586	0.00567	0.01087	0.01658	0.02188	0.38231	0.10785	0.35455	0.01541	0.00782	0.00218	0.00326	0.01329	0.00666	0.00586
13	0.02503	0.01844	0.01976	0.01515	0.02042	0.02042	0.01251	0.70562	0.03095	0.04149	0.01581	0.01581	0.01120	0.00790	0.00659	0.00198	0.00724	0.00593	0.00659	0.01120
14	0.01144	0.00572	0.00858	0.00858	0.00858	0.00572	0.00572	0.00858	0.00858	0.01144	0.01144	0.02001	0.01144	0.02287	0.02573	0.80846	0.00572	0.00572	0.00286	0.00286
15	0.00943	0.00632	0.00722	0.00737	0.00741	0.00628	0.00419	0.00953	0.00986	0.01315	0.02223	0.11198	0.02581	0.69719	0.03111	0.00603	0.00614	0.01045	0.00419	0.00412
16	0.01674	0.01361	0.01461	0.01305	0.01674	0.01551	0.01017	0.03371	0.64321	0.06580	0.06134	0.02567	0.02197	0.00911	0.00675	0.00221	0.00513	0.00762	0.00680	0.01025
17	0.01678	0.01500	0.01507	0.01357	0.01728	0.05238	0.01053	0.03455	0.68111	0.02697	0.02597	0.02393	0.01952	0.00883	0.00666	0.00221	0.00554	0.00728	0.00653	0.01028
18	0.00778	0.00667	0.00667	0.00667	0.00889	0.00556	0.00500	0.00945	0.01501	0.01778	0.06669	0.06336	0.72490	0.01667	0.00778	0.00222	0.00333	0.01389	0.00611	0.00556
19	0.00974	0.00640	0.00727	0.00724	0.00744	0.00640	0.00423	0.01013	0.01029	0.01422	0.05302	0.04174	0.02505	0.66727	0.04691	0.00596	0.00628	0.00940	0.05674	0.00428
20	0.01007	0.00722	0.00989	0.01074	0.01222	0.00703	0.00898	0.01304	0.01617	0.02174	0.25823	0.09782	0.04600	0.01677	0.00863	0.00270	0.00500	0.43524	0.00645	0.00608
21	0.39897	0.01192	0.01264	0.01028	0.01489	0.01207	0.00848	0.02610	0.01525	0.40173	0.01807	0.01690	0.01199	0.00719	0.00542	0.00204	0.00536	0.00518	0.00623	0.00929
22	0.01320	0.03405	0.73453	0.01876	0.02849	0.01529	0.02432	0.02085	0.01390	0.02085	0.01181	0.01390	0.00834	0.00625	0.00625	0.00208	0.00973	0.00486	0.00278	0.00973
23	0.01660	0.06481	0.04207	0.03739	0.02122	0.23741	0.14835	0.01990	0.03240	0.01726	0.01306	0.01739	0.01118	0.01808	0.20030	0.00425	0.08149	0.00591	0.00339	0.00755
24	0.00877	0.00667	0.00807	0.00780	0.00952	0.00597	0.00582	0.01134	0.01723	0.02326	0.48592	0.08213	0.27396	0.01477	0.00780	0.00214	0.00321	0.01281	0.00684	0.00597
25	0.00834	0.00605	0.00792	0.00933	0.00984	0.00577	0.00628	0.01015	0.03941	0.01721	0.03592	0.73614	0.04265	0.02018	0.00834	0.00266	0.00387	0.01829	0.00613	0.00554
26	0.14307	0.01562	0.02213	0.16472	0.43608	0.06917	0.01722	0.01990	0.01432	0.02152	0.01158	0.01531	0.00946	0.00610	0.00610	0.00199	0.00786	0.00538	0.00334	0.00912
27	0.00844	0.00652	0.00772	0.00799	0.00956	0.00581	0.00590	0.01048	0.01555	0.02024	0.25539	0.21940	0.33672	0.01668	0.00798	0.00232	0.00351	0.04760	0.00645	0.00573
28	0.00932	0.00673	0.00880	0.00828	0.00984	0.00621	0.00621	0.01242	0.01863	0.02640	0.72410	0.04918	0.06212	0.01346	0.00776	0.00207	0.00311	0.01191	0.00725	0.00621
29	0.01365	0.01170	0.01365	0.00975	0.01560	0.00878	0.00780	0.01658	0.01365	0.02145	0.01170	0.01365	0.00975	0.00488	0.00488	0.00098	0.00488	0.00390	0.00390	0.80888
30	0.01422	0.01330	0.02219	0.25910	0.36723	0.01413	0.04343	0.03551	0.01519	0.02082	0.08210	0.02200	0.04761	0.00735	0.00676	0.00206	0.00758	0.00687	0.00375	0.00878
31	0.81514	0.01273	0.00968	0.00866	0.01273	0.01477	0.00713	0.01935	0.01120	0.02954	0.00917	0.01069	0.00713	0.00611	0.00407	0.00204	0.00509	0.00356	0.00407	0.00713
32	0.01637	0.01414	0.01489	0.01340	0.01712	0.01637	0.01042	0.03498	0.71568	0.02754	0.02679	0.02456	0.02010	0.00893	0.00670	0.00223	0.00521	0.00744	0.00670	0.01042
33	0.01440	0.01440	0.02016	0.01728	0.01728	0.02016	0.01440	0.01584	0.01008	0.01584	0.00864	0.01440	0.00864	0.01152	0.02160	0.00288	0.75659	0.00576	0.00288	0.00720
34	0.01543	0.01603	0.02047	0.01746	0.01814	0.08456	0.03764	0.01769	0.03793	0.01649	0.00963	0.01468	0.00911	0.01080	0.01916	0.00273	0.63580	0.00576	0.00309	0.00742
35	0.00892	0.00623	0.00812	0.00887	0.00983	0.00578	0.00621	0.01063	0.01423	0.03841	0.18833	0.49537	0.10842	0.01945	0.03614	0.00278	0.00419	0.01601	0.00632	0.00574
36	0.03896	0.12180	0.17171	0.01645	0.04562	0.15219	0.01501	0.30917	0.02184	0.02817	0.01280	0.01390	0.00962	0.00695	0.00603	0.00187	0.00856	0.00503	0.00454	0.00976
37	0.01629	0.01564	0.02672	0.04041	0.72757	0.01564	0.02020	0.02020	0.01499	0.02151	0.01238	0.01629	0.01043	0.00587	0.00652	0.00196	0.00782	0.00587	0.00326	0.01043
38	0.00943	0.00695	0.01005	0.01005	0.01104	0.00794	0.00757	0.01141	0.01042	0.01489	0.01812	0.02855	0.01763	0.16171	0.63181	0.00992	0.01588	0.00745	0.00360	0.00558
39	0.00816	0.00662	0.00723	0.00721	0.00916	0.00570	0.00536	0.01013	0.01570	0.01974	0.21869	0.10606	0.52491	0.01618	0.00782	0.00222	0.00331	0.01374	0.00638	0.00570
40	0.02260	0.07715	0.02118	0.02091	0.15054	0.56120	0.01400	0.02473	0.01763	0.01707	0.01052	0.01260	0.00884	0.00654	0.00593	0.00172	0.01081	0.00449	0.00333	0.00820
41	0.02625	0.01648	0.01854	0.01421	0.01944	0.01750	0.01174	0.52276	0.02766	0.22899	0.01857	0.01760	0.01258	0.00797	0.00660	0.00199	0.00680	0.00612	0.00701	0.01120
42	0.04198	0.01756	0.08451	0.03997	0.17273	0.01677	0.03827	0.28836	0.08975	0.11875	0.01669	0.01740	0.01207	0.00729	0.00653	0.00203	0.00730	0.00605	0.00547	0.01054
43	0.01382	0.13702	0.63693	0.01772	0.02688	0.01679	0.02250	0.02069	0.01383	0.02010	0.01144	0.01343	0.00835	0.00617	0.00597	0.00199	0.00935	0.00468	0.00278	0.00955
44	0.00801	0.00668	0.00699	0.00691	0.00904	0.00566	0.00519	0.00990	0.01556	0.01910	0.16683	0.06120	0.62394	0.01618	0.00778	0.00220	0.00330	0.01359	0.00629	0.00566
