[name]
unknown

[dist]
# distance from previous block
# <min> <max>
0	24

[block]
# block no. 0 follows, 31 sequences, length 42
# corresponding to MSA columns:
# 24-65
name=unknown_A
#
# <colnr> <probs for GDERKNQSTAVLIFYWHMCP>
#	G	D	E	R	K	N	Q	S	T	A	V	L	I	F	Y	W	H	M	C	P
0	0.01071	0.00960	0.05518	0.01178	0.01379	0.00839	0.01000	0.01503	0.08245	0.02025	0.03674	0.28357	0.08591	0.01787	0.00869	0.00283	0.00551	0.30883	0.00617	0.00671
1	0.02428	0.01875	0.06368	0.01534	0.02084	0.01912	0.01315	0.48353	0.13534	0.10612	0.01899	0.01840	0.01342	0.00830	0.00684	0.00211	0.00719	0.00641	0.00677	0.01141
2	0.09367	0.04985	0.05282	0.04464	0.01869	0.01266	0.01019	0.09911	0.01607	0.02507	0.01229	0.01420	0.00986	0.00576	0.00532	0.00139	0.00594	0.00440	0.00425	0.51383
3	0.01577	0.02709	0.40953	0.02114	0.06556	0.01637	0.14163	0.08839	0.06008	0.02433	0.01397	0.01618	0.01024	0.00661	0.00678	0.00212	0.00942	0.00587	0.00373	0.05518
4	0.01808	0.01716	0.02567	0.03394	0.49617	0.05371	0.05016	0.08823	0.06083	0.02447	0.01405	0.01710	0.01138	0.00648	0.00672	0.00199	0.00810	0.00609	0.00400	0.05564
5	0.01559	0.07358	0.54916	0.01937	0.02845	0.01725	0.07652	0.09906	0.01659	0.02384	0.01272	0.01480	0.00915	0.00660	0.00655	0.00212	0.00977	0.00534	0.00339	0.01014
6	0.01712	0.12639	0.03471	0.11852	0.03294	0.10076	0.42801	0.02175	0.01588	0.01990	0.01262	0.01665	0.00980	0.00607	0.00716	0.00212	0.01070	0.00676	0.00334	0.00880
7	0.01451	0.16069	0.60571	0.01816	0.02754	0.01781	0.02294	0.02146	0.01435	0.02071	0.01180	0.01385	0.00869	0.00639	0.00614	0.00205	0.00963	0.00482	0.00290	0.00988
8	0.00825	0.00631	0.00758	0.00859	0.00968	0.00564	0.00594	0.00963	0.01400	0.01783	0.04909	0.50677	0.28623	0.01995	0.00850	0.00261	0.00379	0.01764	0.00635	0.00564
9	0.02900	0.01247	0.01616	0.01259	0.01775	0.01152	0.01034	0.07904	0.08919	0.60545	0.02635	0.02304	0.01697	0.00853	0.00689	0.00213	0.00590	0.00692	0.00820	0.01156
10	0.02224	0.08050	0.09003	0.01580	0.02093	0.11293	0.03431	0.34752	0.02373	0.07024	0.01669	0.07627	0.01367	0.00886	0.00728	0.00208	0.03455	0.00680	0.00551	0.01005
11	0.01493	0.01410	0.02387	0.34104	0.39666	0.01541	0.01967	0.01917	0.01477	0.02017	0.01367	0.02034	0.01145	0.00702	0.00693	0.00219	0.00847	0.03752	0.00338	0.00924
12	0.00809	0.00693	0.00693	0.00693	0.00924	0.00578	0.00520	0.00982	0.01559	0.01848	0.06931	0.06584	0.71411	0.01733	0.00809	0.00231	0.00347	0.01444	0.00635	0.00578
13	0.00834	0.00595	0.00794	0.00953	0.00992	0.00556	0.00635	0.00953	0.01310	0.01746	0.03771	0.75510	0.04525	0.02143	0.00873	0.00278	0.00397	0.01945	0.00635	0.00556
14	0.01471	0.02777	0.43958	0.02413	0.12849	0.01669	0.13389	0.02108	0.01449	0.02128	0.01229	0.01552	0.00929	0.00687	0.00841	0.00225	0.08459	0.00580	0.00307	0.00980
15	0.01292	0.01216	0.02052	0.74312	0.04712	0.01520	0.01900	0.01748	0.01368	0.01748	0.01216	0.01824	0.00912	0.00684	0.00684	0.00228	0.00912	0.00608	0.00304	0.00760
16	0.03070	0.01164	0.01588	0.01217	0.01746	0.01006	0.01006	0.03334	0.01958	0.72163	0.02699	0.02329	0.01694	0.00847	0.00688	0.00212	0.00582	0.00688	0.00847	0.01164
17	0.01472	0.02844	0.44348	0.02333	0.03213	0.01647	0.29895	0.02177	0.01514	0.02177	0.01292	0.01609	0.00937	0.00620	0.00715	0.00222	0.01069	0.00629	0.00312	0.00975
18	0.00888	0.00640	0.00853	0.01004	0.01077	0.00605	0.00727	0.01051	0.01377	0.01814	0.03892	0.58116	0.07614	0.02071	0.00885	0.00283	0.00443	0.15454	0.00634	0.00572
19	0.03070	0.01164	0.01588	0.01217	0.01746	0.01006	0.01006	0.03334	0.01958	0.72163	0.02699	0.02329	0.01694	0.00847	0.00688	0.00212	0.00582	0.00688	0.00847	0.01164
20	0.01603	0.01823	0.03965	0.05475	0.03617	0.01722	0.66762	0.02175	0.01606	0.02175	0.01378	0.01845	0.01033	0.00581	0.00803	0.00231	0.01145	0.00800	0.00344	0.00917
21	0.01111	0.00768	0.01082	0.01224	0.01366	0.00768	0.01053	0.01366	0.01508	0.01963	0.03383	0.07163	0.03667	0.01938	0.01115	0.08150	0.00626	0.60554	0.00597	0.00597
22	0.01878	0.01430	0.01697	0.04964	0.08774	0.01586	0.01209	0.03355	0.50730	0.12675	0.02554	0.02403	0.01880	0.00874	0.00693	0.00226	0.00591	0.00738	0.00665	0.01080
23	0.01292	0.01216	0.02052	0.74312	0.04712	0.01520	0.01900	0.01748	0.01368	0.01748	0.01216	0.01824	0.00912	0.00684	0.00684	0.00228	0.00912	0.00608	0.00304	0.00760
24	0.01626	0.01815	0.03864	0.03064	0.12907	0.01716	0.60011	0.02179	0.01607	0.02197	0.01371	0.01825	0.01044	0.00581	0.00790	0.00227	0.01107	0.00780	0.00345	0.00945
25	0.00834	0.00595	0.00794	0.00953	0.00992	0.00556	0.00635	0.00953	0.01310	0.01746	0.03771	0.75510	0.04525	0.02143	0.00873	0.00278	0.00397	0.01945	0.00635	0.00556
26	0.01693	0.01626	0.02777	0.04199	0.71689	0.01626	0.02100	0.02100	0.01558	0.02235	0.01287	0.01693	0.01084	0.00610	0.00677	0.00203	0.00813	0.00610	0.00339	0.01084
27	0.00892	0.00647	0.00842	0.00950	0.01040	0.00605	0.00682	0.01068	0.01450	0.01928	0.13826	0.47574	0.10923	0.04225	0.00947	0.00281	0.00421	0.10478	0.00645	0.00576
28	0.68047	0.01519	0.03779	0.01236	0.06901	0.04933	0.00939	0.02058	0.01242	0.02906	0.00994	0.01175	0.00779	0.00637	0.00461	0.00210	0.00602	0.00397	0.00409	0.00780
29	0.00834	0.00595	0.00794	0.00953	0.00992	0.00556	0.00635	0.00953	0.01310	0.01746	0.03771	0.75510	0.04525	0.02143	0.00873	0.00278	0.00397	0.01945	0.00635	0.00556
30	0.12285	0.02039	0.01907	0.01518	0.02022	0.12443	0.01234	0.51305	0.02775	0.03772	0.01471	0.01517	0.01070	0.00781	0.00642	0.00202	0.00795	0.00560	0.00604	0.01057
31	0.01720	0.01810	0.02962	0.10456	0.39693	0.08883	0.20136	0.02154	0.01593	0.02119	0.01283	0.01701	0.01034	0.00618	0.00707	0.00210	0.00957	0.00646	0.00339	0.00979
32	0.01022	0.00774	0.00951	0.00894	0.01085	0.00741	0.00674	0.01486	0.08622	0.02652	0.57179	0.05029	0.13508	0.01391	0.00796	0.00219	0.00347	0.01216	0.00734	0.00681
33	0.01874	0.01189	0.01440	0.01110	0.01626	0.01005	0.00884	0.05435	0.05563	0.20949	0.01972	0.09013	0.01608	0.00797	0.00610	0.00160	0.00530	0.00663	0.00575	0.42997
34	0.09796	0.01651	0.01911	0.01787	0.09976	0.01832	0.03679	0.27467	0.28496	0.03320	0.01962	0.01952	0.01462	0.00811	0.00667	0.00217	0.00671	0.00658	0.00611	0.01073
35	0.09640	0.01865	0.04853	0.01401	0.03656	0.15034	0.01119	0.11778	0.11198	0.02584	0.01437	0.01548	0.01125	0.00668	0.00581	0.00167	0.00717	0.00499	0.00469	0.29661
36	0.01661	0.01650	0.02352	0.08613	0.38846	0.08964	0.05214	0.02153	0.06943	0.02122	0.01429	0.01811	0.01183	0.01086	0.07796	0.00288	0.00942	0.00614	0.00373	0.05962
37	0.01842	0.01704	0.07569	0.12944	0.22262	0.05295	0.01629	0.14973	0.01866	0.08153	0.04883	0.06340	0.01548	0.00852	0.00782	0.00218	0.04988	0.00710	0.00473	0.00965
38	0.05637	0.05333	0.01991	0.01853	0.11991	0.18929	0.01303	0.16508	0.06034	0.14893	0.04961	0.01839	0.01444	0.00796	0.00708	0.00202	0.03446	0.00602	0.00544	0.00987
39	0.16372	0.09976	0.03635	0.03880	0.05426	0.11053	0.06683	0.20317	0.04215	0.04756	0.01391	0.03260	0.01105	0.00763	0.00689	0.00206	0.04294	0.00572	0.00474	0.00933
40	0.10372	0.18646	0.05335	0.09956	0.02158	0.08829	0.01251	0.10560	0.03944	0.04076	0.03386	0.01550	0.01153	0.00714	0.00662	0.00186	0.04950	0.00507	0.00420	0.11345
41	0.03884	0.08232	0.04435	0.01557	0.07981	0.04871	0.04230	0.12400	0.06232	0.10544	0.08748	0.04198	0.05818	0.01026	0.03250	0.00228	0.00700	0.00725	0.02236	0.08707

[dist]
# distance from previous block
# <min> <max>
9	47

[block]
# block no. 1 follows, 31 sequences, length 21
# corresponding to MSA columns:
# 125-145
name=unknown_B
#
# <colnr> <probs for GDERKNQSTAVLIFYWHMCP>
#	G	D	E	R	K	N	Q	S	T	A	V	L	I	F	Y	W	H	M	C	P
0	0.04957	0.04673	0.04017	0.01104	0.01384	0.04616	0.00918	0.04410	0.04284	0.06134	0.09708	0.09166	0.27282	0.01370	0.00907	0.00235	0.08380	0.05152	0.00573	0.00730
1	0.06701	0.01865	0.09934	0.03282	0.12453	0.09681	0.03563	0.10831	0.12480	0.04871	0.01838	0.07682	0.01569	0.00872	0.00673	0.00211	0.00759	0.03257	0.00495	0.06984
2	0.05275	0.06539	0.21892	0.06995	0.02331	0.04428	0.04012	0.09233	0.04788	0.06642	0.01699	0.08963	0.01469	0.00910	0.00788	0.00222	0.06426	0.02744	0.00446	0.04197
3	0.01936	0.08588	0.09543	0.01293	0.01758	0.04200	0.01152	0.20016	0.02023	0.15491	0.02813	0.14064	0.11982	0.01122	0.00704	0.00216	0.00651	0.00917	0.00606	0.00924
4	0.03892	0.01254	0.04204	0.04579	0.03821	0.06105	0.00958	0.04180	0.04293	0.08328	0.06007	0.12893	0.20276	0.01212	0.00714	0.00211	0.00566	0.03103	0.00561	0.12841
5	0.06857	0.01842	0.11037	0.01853	0.12450	0.06860	0.01417	0.07843	0.21170	0.12703	0.01983	0.02143	0.01504	0.00809	0.00664	0.00213	0.00719	0.03189	0.00553	0.04192
6	0.01693	0.05124	0.06982	0.34219	0.18213	0.07118	0.01772	0.04608	0.01577	0.07916	0.01423	0.03857	0.01122	0.00724	0.00669	0.00213	0.00865	0.00623	0.00383	0.00898
7	0.05014	0.01044	0.01179	0.09227	0.01631	0.04274	0.00891	0.04543	0.09040	0.05068	0.20540	0.09368	0.12496	0.04107	0.00838	0.00241	0.00526	0.03722	0.05519	0.00732
8	0.02601	0.01916	0.02053	0.01574	0.02122	0.02122	0.01300	0.69408	0.03217	0.04312	0.01643	0.01643	0.01163	0.00821	0.00684	0.00205	0.00753	0.00616	0.00684	0.01163
9	0.01540	0.01225	0.01436	0.01044	0.01637	0.00955	0.00836	0.01918	0.04691	0.06826	0.01386	0.01531	0.01108	0.00549	0.00527	0.00115	0.00513	0.00441	0.00448	0.71275
10	0.01281	0.00871	0.01114	0.01178	0.03865	0.00863	0.00843	0.04379	0.09297	0.08046	0.09368	0.33897	0.07841	0.01678	0.00905	0.03973	0.00485	0.08755	0.00645	0.00716
11	0.01693	0.01626	0.02777	0.04199	0.71689	0.01626	0.02100	0.02100	0.01558	0.02235	0.01287	0.01693	0.01084	0.00610	0.00677	0.00203	0.00813	0.00610	0.00339	0.01084
12	0.01664	0.01587	0.02257	0.12336	0.39341	0.07089	0.01722	0.05217	0.04404	0.02262	0.04672	0.02218	0.01507	0.00758	0.00686	0.00206	0.00791	0.04740	0.00407	0.06137
13	0.09192	0.01530	0.04073	0.11221	0.02333	0.03892	0.08763	0.11721	0.01657	0.02454	0.03968	0.01722	0.01216	0.00908	0.03771	0.00232	0.09042	0.00576	0.00423	0.21307
14	0.01492	0.04170	0.01944	0.21437	0.05766	0.01410	0.08953	0.11805	0.06748	0.02343	0.04542	0.15466	0.01980	0.01054	0.00777	0.02661	0.00717	0.00904	0.05011	0.00819
15	0.01775	0.01451	0.04599	0.09695	0.04740	0.01486	0.04067	0.20226	0.06837	0.08294	0.06196	0.09520	0.06703	0.01036	0.00848	0.00225	0.06923	0.00849	0.00565	0.03965
16	0.01830	0.20000	0.11124	0.01522	0.05499	0.09041	0.03832	0.02361	0.10618	0.11082	0.04577	0.02192	0.04418	0.05992	0.00819	0.00225	0.00752	0.00639	0.00471	0.03005
17	0.14714	0.14550	0.10294	0.04791	0.04665	0.06221	0.03499	0.02076	0.05408	0.04914	0.04835	0.04465	0.03631	0.00763	0.00585	0.00188	0.00696	0.00598	0.00428	0.12680
18	0.04860	0.01543	0.06787	0.06086	0.06605	0.05450	0.03827	0.07069	0.15729	0.16658	0.05773	0.05301	0.09406	0.00964	0.00701	0.00220	0.00666	0.00808	0.00599	0.00950
19	0.06615	0.04443	0.01712	0.01617	0.09539	0.14621	0.01133	0.14192	0.06669	0.06458	0.04406	0.07721	0.05970	0.01166	0.03713	0.03433	0.00769	0.00742	0.00518	0.04564
20	0.08204	0.09529	0.05772	0.01664	0.09899	0.10629	0.03844	0.10361	0.07362	0.02408	0.05057	0.07984	0.09548	0.00949	0.00659	0.00204	0.00712	0.00775	0.00488	0.03952

[dist]
# distance from previous block
# <min> <max>
22	86

[block]
# block no. 2 follows, 31 sequences, length 11
# corresponding to MSA columns:
# 253-263
name=unknown_C
#
# <colnr> <probs for GDERKNQSTAVLIFYWHMCP>
#	G	D	E	R	K	N	Q	S	T	A	V	L	I	F	Y	W	H	M	C	P
0	0.01810	0.07318	0.04094	0.08232	0.06162	0.06652	0.01236	0.09860	0.13829	0.10086	0.02493	0.02772	0.09743	0.00953	0.00725	0.00213	0.02736	0.04939	0.00545	0.05602
1	0.04228	0.04228	0.19533	0.04883	0.12917	0.01315	0.03645	0.04474	0.01601	0.08721	0.06154	0.06317	0.05895	0.00911	0.00685	0.00211	0.00723	0.04652	0.00467	0.08439
2	0.01369	0.10232	0.08986	0.04266	0.08572	0.03172	0.08402	0.03824	0.03452	0.02035	0.02375	0.23127	0.05977	0.01154	0.00715	0.00218	0.00686	0.02856	0.00464	0.08118
3	0.06259	0.11235	0.14547	0.01795	0.09496	0.04118	0.07688	0.02411	0.09398	0.12459	0.04507	0.01843	0.01409	0.00708	0.00629	0.00195	0.00750	0.00594	0.00469	0.09489
4	0.01321	0.00974	0.01238	0.01289	0.07782	0.00931	0.00892	0.01836	0.11618	0.08100	0.23217	0.08833	0.16107	0.01282	0.00759	0.00221	0.00465	0.05379	0.00649	0.07109
5	0.01379	0.01165	0.01356	0.00989	0.01540	0.00889	0.00774	0.01655	0.01379	0.02146	0.01303	0.01702	0.01150	0.07487	0.00782	0.00153	0.00521	0.00460	0.00406	0.72763
6	0.02165	0.01689	0.02067	0.09588	0.02422	0.01870	0.06874	0.36915	0.20066	0.06260	0.01911	0.01940	0.01384	0.00815	0.00698	0.00217	0.00742	0.00674	0.00625	0.01079
7	0.01702	0.01470	0.01547	0.01392	0.01779	0.01702	0.01083	0.03635	0.70453	0.02862	0.02785	0.02553	0.02088	0.00928	0.00696	0.00232	0.00541	0.00773	0.00696	0.01083
8	0.01419	0.01216	0.01419	0.01013	0.01621	0.00912	0.00811	0.01723	0.01419	0.02229	0.01216	0.01419	0.01013	0.00507	0.00507	0.00101	0.00507	0.00405	0.00405	0.80139
9	0.19331	0.01426	0.02170	0.20752	0.32769	0.01539	0.04974	0.01949	0.01425	0.02282	0.01440	0.01812	0.03972	0.00680	0.00634	0.00214	0.00771	0.00601	0.00362	0.00896
10	0.02231	0.01330	0.01771	0.22032	0.02627	0.01374	0.01289	0.17374	0.02011	0.28437	0.02110	0.02146	0.04344	0.00807	0.00677	0.00207	0.00698	0.00660	0.00612	0.07263

[dist]
# distance from previous block
# <min> <max>
0	66

[block]
# block no. 3 follows, 31 sequences, length 25
# corresponding to MSA columns:
# 338-362
name=unknown_D
#
# <colnr> <probs for GDERKNQSTAVLIFYWHMCP>
#	G	D	E	R	K	N	Q	S	T	A	V	L	I	F	Y	W	H	M	C	P
0	0.14180	0.09589	0.04489	0.01680	0.05177	0.18064	0.09378	0.10700	0.07216	0.02473	0.01313	0.01479	0.01033	0.00670	0.00598	0.00187	0.00840	0.00520	0.00428	0.09985
1	0.10656	0.09105	0.06914	0.03697	0.08422	0.13642	0.01377	0.14492	0.06883	0.05762	0.01446	0.03732	0.01172	0.00814	0.00796	0.00211	0.08910	0.00580	0.00459	0.00930
2	0.22009	0.04073	0.07091	0.01337	0.01811	0.11537	0.01150	0.15885	0.08370	0.05310	0.05761	0.01725	0.01402	0.00773	0.00643	0.00201	0.03008	0.00553	0.00508	0.06853
3	0.08971	0.17882	0.26353	0.01555	0.02208	0.08392	0.03813	0.07901	0.05540	0.04405	0.03637	0.03782	0.01273	0.00743	0.00606	0.00200	0.00833	0.00565	0.00408	0.00932
4	0.02280	0.09079	0.08070	0.01683	0.02116	0.44804	0.01400	0.09545	0.07119	0.02072	0.01246	0.01396	0.01001	0.00744	0.00700	0.00191	0.04786	0.00491	0.00400	0.00877
5	0.01760	0.36624	0.24323	0.01482	0.02170	0.02177	0.01592	0.09828	0.09920	0.02234	0.01334	0.01440	0.01052	0.00673	0.00562	0.00185	0.00797	0.00486	0.00384	0.00976
6	0.01593	0.01237	0.07780	0.01151	0.01523	0.01031	0.00985	0.06378	0.10838	0.15471	0.25581	0.11146	0.06541	0.01184	0.00742	0.00219	0.00507	0.01016	0.00683	0.04395
7	0.74266	0.01310	0.01054	0.00926	0.01359	0.01490	0.00763	0.02122	0.01231	0.08869	0.01099	0.01214	0.00821	0.00653	0.00446	0.00212	0.00534	0.00397	0.00459	0.00776
8	0.02963	0.01141	0.01553	0.01199	0.01710	0.00987	0.00987	0.03230	0.01957	0.68632	0.06189	0.02470	0.01936	0.00875	0.00694	0.00212	0.00569	0.00716	0.00842	0.01138
9	0.01829	0.76368	0.03585	0.01171	0.01756	0.02707	0.01171	0.02049	0.01390	0.01610	0.00951	0.01097	0.00878	0.00585	0.00439	0.00146	0.00732	0.00366	0.00293	0.00878
10	0.00834	0.00595	0.00794	0.00953	0.00992	0.00556	0.00635	0.00953	0.01310	0.01746	0.03771	0.75510	0.04525	0.02143	0.00873	0.00278	0.00397	0.01945	0.00635	0.00556
11	0.00834	0.00595	0.00794	0.00953	0.00992	0.00556	0.00635	0.00953	0.01310	0.01746	0.03771	0.75510	0.04525	0.02143	0.00873	0.00278	0.00397	0.01945	0.00635	0.00556
12	0.01078	0.00780	0.01069	0.01213	0.01377	0.00770	0.01054	0.01381	0.01574	0.02031	0.03897	0.07623	0.09530	0.01877	0.00934	0.00308	0.00606	0.61643	0.00630	0.00626
13	0.00978	0.00729	0.01080	0.01080	0.01196	0.00845	0.00831	0.01209	0.01094	0.01574	0.01850	0.02785	0.01753	0.09001	0.69434	0.01076	0.01769	0.00747	0.00369	0.00600
14	0.00834	0.00595	0.00794	0.00953	0.00992	0.00556	0.00635	0.00953	0.01310	0.01746	0.03771	0.75510	0.04525	0.02143	0.00873	0.00278	0.00397	0.01945	0.00635	0.00556
15	0.03070	0.01164	0.01588	0.01217	0.01746	0.01006	0.01006	0.03334	0.01958	0.72163	0.02699	0.02329	0.01694	0.00847	0.00688	0.00212	0.00582	0.00688	0.00847	0.01164
16	0.01836	0.01440	0.01551	0.01375	0.01776	0.01633	0.01075	0.03606	0.63716	0.09678	0.02776	0.02530	0.02050	0.00920	0.00695	0.00230	0.00545	0.00765	0.00711	0.01091
17	0.02601	0.01916	0.02053	0.01574	0.02122	0.02122	0.01300	0.69408	0.03217	0.04312	0.01643	0.01643	0.01163	0.00821	0.00684	0.00205	0.00753	0.00616	0.00684	0.01163
18	0.01419	0.01216	0.01419	0.01013	0.01621	0.00912	0.00811	0.01723	0.01419	0.02229	0.01216	0.01419	0.01013	0.00507	0.00507	0.00101	0.00507	0.00405	0.00405	0.80139
19	0.00977	0.00733	0.01100	0.01100	0.01222	0.00855	0.00855	0.01222	0.01100	0.01588	0.01833	0.02688	0.01710	0.05131	0.73245	0.01100	0.01833	0.00733	0.00367	0.00611
20	0.01998	0.01467	0.01540	0.01338	0.01725	0.06654	0.01057	0.11023	0.33146	0.15516	0.09219	0.05049	0.02395	0.01009	0.00714	0.00224	0.00603	0.03616	0.00698	0.01008
21	0.08623	0.01739	0.02090	0.02072	0.17467	0.01868	0.01408	0.43385	0.02577	0.09661	0.01601	0.01672	0.01159	0.00762	0.00662	0.00206	0.00734	0.00601	0.00601	0.01112
22	0.05700	0.01581	0.01701	0.01461	0.04286	0.07147	0.01132	0.23935	0.10752	0.21785	0.04097	0.05453	0.01757	0.00915	0.00685	0.00212	0.00672	0.02704	0.00670	0.03356
23	0.05366	0.01750	0.05261	0.11647	0.14741	0.06139	0.01478	0.22949	0.10764	0.07116	0.01877	0.01991	0.04286	0.00797	0.00673	0.00212	0.00762	0.00648	0.00531	0.01012
24	0.07901	0.01670	0.02037	0.11605	0.04455	0.07768	0.07158	0.16022	0.08241	0.06709	0.01473	0.01697	0.01126	0.00794	0.00891	0.00217	0.11901	0.00597	0.00476	0.07263

[dist]
# distance from previous block
# <min> <max>
0	36

[block]
# block no. 4 follows, 31 sequences, length 13
# corresponding to MSA columns:
# 399-411
name=unknown_E
#
# <colnr> <probs for GDERKNQSTAVLIFYWHMCP>
#	G	D	E	R	K	N	Q	S	T	A	V	L	I	F	Y	W	H	M	C	P
0	0.21342	0.01595	0.04764	0.05887	0.01977	0.08231	0.05699	0.11351	0.04247	0.05164	0.04210	0.02577	0.05523	0.00898	0.00646	0.00215	0.00709	0.07726	0.00503	0.06736
1	0.06352	0.01572	0.01819	0.04249	0.04486	0.10334	0.07192	0.12102	0.09181	0.04255	0.05263	0.05666	0.01816	0.01284	0.06617	0.00290	0.05512	0.05287	0.00506	0.06218
2	0.11879	0.07285	0.01717	0.01273	0.01671	0.01419	0.05015	0.07077	0.09057	0.11508	0.09567	0.02695	0.07001	0.00955	0.00796	0.00212	0.07256	0.03684	0.00558	0.09377
3	0.08756	0.01415	0.02162	0.24780	0.30259	0.01559	0.01709	0.06506	0.01591	0.04868	0.05449	0.01895	0.01338	0.00731	0.00735	0.00217	0.04081	0.00628	0.00400	0.00921
4	0.00893	0.00701	0.00814	0.00827	0.01017	0.00622	0.00635	0.01124	0.01657	0.02129	0.25242	0.10379	0.40131	0.01678	0.00829	0.00239	0.00377	0.09434	0.00669	0.00603
5	0.01357	0.01150	0.01353	0.01007	0.01555	0.00874	0.00792	0.01641	0.01407	0.02178	0.01486	0.09252	0.01385	0.00680	0.00545	0.00120	0.00495	0.00568	0.00430	0.71725
6	0.01898	0.01526	0.01646	0.01431	0.01840	0.01725	0.01148	0.22464	0.43573	0.03195	0.02543	0.02843	0.02019	0.01000	0.00719	0.00233	0.00612	0.07842	0.00686	0.01058
7	0.01702	0.01470	0.01547	0.01392	0.01779	0.01702	0.01083	0.03635	0.70453	0.02862	0.02785	0.02553	0.02088	0.00928	0.00696	0.00232	0.00541	0.00773	0.00696	0.01083
8	0.01419	0.01216	0.01419	0.01013	0.01621	0.00912	0.00811	0.01723	0.01419	0.02229	0.01216	0.01419	0.01013	0.00507	0.00507	0.00101	0.00507	0.00405	0.00405	0.80139
9	0.02077	0.01584	0.01900	0.16874	0.02546	0.01783	0.01383	0.44175	0.02539	0.03383	0.01782	0.02408	0.01446	0.01125	0.04319	0.00267	0.00826	0.08009	0.00582	0.00992
10	0.02011	0.01489	0.01724	0.03609	0.01881	0.06321	0.03619	0.24740	0.05517	0.12189	0.04523	0.06492	0.01858	0.04158	0.08692	0.00335	0.05229	0.04098	0.00591	0.00923
11	0.01875	0.01600	0.01743	0.01478	0.01812	0.11982	0.04874	0.24372	0.02002	0.05120	0.01750	0.06786	0.01518	0.02273	0.23975	0.00497	0.04251	0.00727	0.00502	0.00862
12	0.07844	0.01362	0.01752	0.01486	0.01786	0.04415	0.08674	0.11935	0.04173	0.04502	0.02259	0.10300	0.06671	0.01486	0.06887	0.00314	0.13556	0.07014	0.00504	0.03081

[dist]
# distance from previous block
# <min> <max>
6	38

[block]
# block no. 5 follows, 31 sequences, length 7
# corresponding to MSA columns:
# 455-461
name=unknown_F
#
# <colnr> <probs for GDERKNQSTAVLIFYWHMCP>
#	G	D	E	R	K	N	Q	S	T	A	V	L	I	F	Y	W	H	M	C	P
0	0.05741	0.01713	0.01811	0.01392	0.01936	0.04077	0.01137	0.42463	0.04805	0.07122	0.01583	0.01617	0.01157	0.00739	0.00629	0.00181	0.00684	0.00558	0.00604	0.20051
1	0.02588	0.01774	0.01952	0.01492	0.02041	0.01899	0.01231	0.56486	0.02938	0.13067	0.01754	0.01718	0.01223	0.00805	0.00674	0.00200	0.00715	0.00612	0.00688	0.06144
2	0.01545	0.01358	0.01815	0.01306	0.01920	0.01122	0.09810	0.07537	0.01597	0.02401	0.01274	0.01494	0.01029	0.00543	0.00561	0.00127	0.00612	0.00476	0.00421	0.63052
3	0.01701	0.01892	0.02783	0.02189	0.02496	0.12767	0.26270	0.02011	0.01391	0.01850	0.01100	0.01585	0.00947	0.00895	0.01471	0.00255	0.36601	0.00651	0.00325	0.00819
4	0.01960	0.01357	0.01512	0.01240	0.01594	0.01451	0.00965	0.32649	0.08773	0.08877	0.12536	0.02924	0.02384	0.17147	0.01309	0.00309	0.00634	0.00813	0.00651	0.00916
5	0.18981	0.01601	0.01433	0.01265	0.01646	0.12347	0.00991	0.05305	0.27444	0.09295	0.10724	0.02308	0.02093	0.00879	0.00638	0.00214	0.00628	0.00680	0.00606	0.00921
6	0.01045	0.00751	0.00872	0.00825	0.00938	0.00691	0.00518	0.01117	0.01118	0.01550	0.02235	0.14730	0.02537	0.51423	0.02561	0.00506	0.00595	0.01035	0.00446	0.14509

[dist]
# distance from previous block
# <min> <max>
6	23

[block]
# block no. 6 follows, 31 sequences, length 18
# corresponding to MSA columns:
# 487-504
name=unknown_G
#
# <colnr> <probs for GDERKNQSTAVLIFYWHMCP>
#	G	D	E	R	K	N	Q	S	T	A	V	L	I	F	Y	W	H	M	C	P
0	0.06778	0.01568	0.01986	0.01606	0.01976	0.09606	0.14550	0.10048	0.04346	0.04713	0.07244	0.09311	0.07669	0.01027	0.00908	0.00225	0.10019	0.00854	0.00502	0.05064
1	0.08308	0.01698	0.06132	0.01312	0.01751	0.09845	0.01098	0.22271	0.02037	0.10072	0.06147	0.02304	0.01680	0.08050	0.00991	0.03138	0.00719	0.02890	0.00550	0.09006
2	0.01644	0.01256	0.01694	0.01371	0.01681	0.01315	0.08760	0.15972	0.04185	0.06852	0.01858	0.05517	0.01726	0.22853	0.05772	0.00395	0.07500	0.00796	0.00497	0.08357
3	0.04829	0.11366	0.01704	0.01217	0.01559	0.06767	0.02930	0.14011	0.08528	0.04247	0.02235	0.03093	0.06584	0.18754	0.01327	0.00314	0.00695	0.05658	0.00511	0.03672
4	0.01923	0.20721	0.17087	0.01673	0.02208	0.13728	0.04273	0.13906	0.01762	0.02238	0.01155	0.01384	0.00936	0.00762	0.00874	0.00205	0.13362	0.00508	0.00373	0.00922
5	0.01463	0.16762	0.18768	0.01301	0.01810	0.01491	0.01309	0.10915	0.01805	0.02458	0.20034	0.07254	0.05280	0.01033	0.00681	0.00206	0.00651	0.03546	0.00515	0.02719
6	0.00847	0.00623	0.00798	0.00932	0.01009	0.00574	0.00647	0.00987	0.01366	0.01782	0.04252	0.60447	0.14866	0.02063	0.00868	0.00273	0.00404	0.06063	0.00635	0.00564
7	0.06200	0.00779	0.01012	0.01132	0.01291	0.00777	0.00943	0.01347	0.01523	0.02092	0.07532	0.18746	0.07381	0.01816	0.00884	0.00292	0.00551	0.44455	0.00625	0.00623
8	0.01709	0.42624	0.25438	0.01598	0.02327	0.02186	0.08653	0.02150	0.01452	0.04528	0.01150	0.01332	0.00922	0.00615	0.00554	0.00180	0.00859	0.00468	0.00318	0.00936
9	0.02489	0.01855	0.01992	0.01535	0.02077	0.02036	0.01263	0.62213	0.06989	0.04123	0.01687	0.01684	0.01209	0.00812	0.00676	0.00202	0.00728	0.00614	0.00671	0.05145
10	0.01419	0.01216	0.01419	0.01013	0.01621	0.00912	0.00811	0.01723	0.01419	0.02229	0.01216	0.01419	0.01013	0.00507	0.00507	0.00101	0.00507	0.00405	0.00405	0.80139
11	0.07404	0.01796	0.02085	0.01634	0.02150	0.04738	0.09030	0.38216	0.15952	0.07221	0.01825	0.01830	0.01320	0.00799	0.00681	0.00213	0.00753	0.00650	0.00626	0.01078
12	0.01035	0.00714	0.00899	0.00949	0.01096	0.00666	0.00696	0.01297	0.04152	0.05927	0.16836	0.37303	0.16362	0.01791	0.00839	0.00256	0.00411	0.07465	0.00671	0.00637
13	0.01643	0.01101	0.01357	0.01185	0.01446	0.01199	0.00919	0.20978	0.01770	0.08944	0.01916	0.02669	0.01689	0.15987	0.33276	0.00682	0.01199	0.00741	0.00511	0.00787
14	0.01302	0.01003	0.01154	0.01176	0.01366	0.03900	0.00931	0.12236	0.01742	0.02254	0.03361	0.25294	0.07786	0.06366	0.01019	0.00298	0.00593	0.26918	0.00616	0.00685
15	0.06599	0.01308	0.01404	0.01237	0.01542	0.06122	0.00969	0.15793	0.10468	0.08996	0.04305	0.02661	0.01842	0.09863	0.21102	0.00507	0.01001	0.02898	0.00547	0.00837
16	0.02045	0.01642	0.01632	0.01525	0.04198	0.14251	0.01193	0.14376	0.14883	0.12696	0.02442	0.03526	0.02130	0.01113	0.00747	0.00236	0.00743	0.19067	0.00624	0.00931
17	0.07478	0.01774	0.01834	0.01485	0.01966	0.08559	0.03406	0.33482	0.13152	0.08155	0.01872	0.02098	0.01435	0.00850	0.00671	0.00208	0.00730	0.04390	0.00617	0.05838

[dist]
# distance from previous block
# <min> <max>
22	98

[block]
# block no. 7 follows, 31 sequences, length 33
# corresponding to MSA columns:
# 632-664
name=unknown_H
#
# <colnr> <probs for GDERKNQSTAVLIFYWHMCP>
#	G	D	E	R	K	N	Q	S	T	A	V	L	I	F	Y	W	H	M	C	P
0	0.08669	0.01351	0.01505	0.01349	0.04300	0.03430	0.01005	0.21496	0.05967	0.09185	0.05907	0.11877	0.02097	0.10289	0.01122	0.00275	0.04949	0.00852	0.00586	0.03788
1	0.02151	0.02183	0.01965	0.03720	0.02066	0.30832	0.03855	0.08213	0.06088	0.08456	0.01389	0.01632	0.01112	0.01090	0.04933	0.00267	0.18185	0.00570	0.00435	0.00861
2	0.00852	0.00607	0.00800	0.00934	0.00981	0.00568	0.00623	0.00979	0.01337	0.01795	0.08563	0.66437	0.04550	0.06230	0.01015	0.00295	0.00406	0.01840	0.00631	0.00554
3	0.00897	0.00640	0.00845	0.00953	0.01032	0.00584	0.00645	0.01005	0.01293	0.01748	0.03433	0.65796	0.04073	0.02039	0.00954	0.05003	0.00417	0.01753	0.00598	0.06293
4	0.07355	0.01472	0.02370	0.22532	0.43742	0.01570	0.01873	0.02096	0.03761	0.04809	0.01346	0.01738	0.01069	0.00651	0.00662	0.00212	0.00801	0.00600	0.00366	0.00975
5	0.01702	0.01470	0.01547	0.01392	0.01779	0.01702	0.01083	0.03635	0.70453	0.02862	0.02785	0.02553	0.02088	0.00928	0.00696	0.00232	0.00541	0.00773	0.00696	0.01083
6	0.01419	0.01216	0.01419	0.01013	0.01621	0.00912	0.00811	0.01723	0.01419	0.02229	0.01216	0.01419	0.01013	0.00507	0.00507	0.00101	0.00507	0.00405	0.00405	0.80139
7	0.02556	0.03261	0.01939	0.01763	0.02115	0.73210	0.01322	0.02732	0.01939	0.01674	0.01058	0.01234	0.00881	0.00705	0.00617	0.00176	0.01234	0.00441	0.00353	0.00793
8	0.00995	0.00663	0.00746	0.00746	0.00746	0.00663	0.00415	0.00995	0.00995	0.01327	0.02156	0.04477	0.02487	0.75957	0.03482	0.00663	0.00663	0.00995	0.00415	0.00415
9	0.02462	0.03122	0.01872	0.01705	0.02051	0.69298	0.01279	0.02638	0.01918	0.01684	0.01374	0.01522	0.04680	0.00760	0.00627	0.00179	0.01186	0.00495	0.00368	0.00782
10	0.01102	0.00787	0.01102	0.01260	0.01417	0.00787	0.01102	0.01417	0.01575	0.02047	0.03622	0.07717	0.03937	0.01890	0.00945	0.00315	0.00630	0.67084	0.00630	0.00630
11	0.69794	0.01448	0.01069	0.00963	0.01357	0.07459	0.00771	0.02014	0.01219	0.02855	0.01029	0.01310	0.00851	0.04866	0.00611	0.00234	0.00595	0.00411	0.00417	0.00727
12	0.01829	0.76368	0.03585	0.01171	0.01756	0.02707	0.01171	0.02049	0.01390	0.01610	0.00951	0.01097	0.00878	0.00585	0.00439	0.00146	0.00732	0.00366	0.00293	0.00878
13	0.00977	0.00733	0.01100	0.01100	0.01222	0.00855	0.00855	0.01222	0.01100	0.01588	0.01833	0.02688	0.01710	0.05131	0.73245	0.01100	0.01833	0.00733	0.00367	0.00611
14	0.00904	0.00679	0.00837	0.00835	0.00992	0.00612	0.00612	0.01152	0.01728	0.02337	0.42832	0.18285	0.22454	0.01618	0.00819	0.00231	0.00342	0.01418	0.00702	0.00612
15	0.01504	0.01517	0.02209	0.01860	0.01900	0.02074	0.05456	0.01678	0.01081	0.01678	0.00926	0.01517	0.00906	0.01161	0.02161	0.00295	0.70403	0.00611	0.00302	0.00759
16	0.02479	0.02824	0.01853	0.01663	0.02035	0.56780	0.01260	0.02913	0.11692	0.07947	0.01445	0.01516	0.01123	0.00749	0.00634	0.00187	0.01079	0.00509	0.00444	0.00867
17	0.00830	0.00609	0.00779	0.00915	0.00982	0.00559	0.00618	0.00957	0.01346	0.01761	0.04227	0.65563	0.14178	0.02084	0.00864	0.00271	0.00390	0.01873	0.00635	0.00559
18	0.00995	0.00663	0.00746	0.00746	0.00746	0.00663	0.00415	0.00995	0.00995	0.01327	0.02156	0.04477	0.02487	0.75957	0.03482	0.00663	0.00663	0.00995	0.00415	0.00415
19	0.02601	0.01916	0.02053	0.01574	0.02122	0.02122	0.01300	0.69408	0.03217	0.04312	0.01643	0.01643	0.01163	0.00821	0.00684	0.00205	0.00753	0.00616	0.00684	0.01163
20	0.01419	0.01216	0.01419	0.01013	0.01621	0.00912	0.00811	0.01723	0.01419	0.02229	0.01216	0.01419	0.01013	0.00507	0.00507	0.00101	0.00507	0.00405	0.00405	0.80139
21	0.02601	0.01916	0.02053	0.01574	0.02122	0.02122	0.01300	0.69408	0.03217	0.04312	0.01643	0.01643	0.01163	0.00821	0.00684	0.00205	0.00753	0.00616	0.00684	0.01163
22	0.01419	0.01216	0.01419	0.01013	0.01621	0.00912	0.00811	0.01723	0.01419	0.02229	0.01216	0.01419	0.01013	0.00507	0.00507	0.00101	0.00507	0.00405	0.00405	0.80139
23	0.01541	0.01612	0.02188	0.54395	0.07825	0.13360	0.05751	0.01955	0.01487	0.01788	0.01204	0.01721	0.00924	0.00677	0.00680	0.00218	0.00974	0.00592	0.00316	0.00792
24	0.03628	0.00716	0.00847	0.00809	0.00986	0.00659	0.00598	0.01212	0.01740	0.02412	0.46810	0.05312	0.22944	0.07171	0.00999	0.00254	0.00362	0.01243	0.00685	0.00613
25	0.04694	0.14628	0.02065	0.01428	0.01898	0.17010	0.01166	0.18331	0.20641	0.02692	0.01654	0.01675	0.01280	0.00754	0.00609	0.00188	0.00766	0.00554	0.00520	0.07449
26	0.04305	0.01366	0.01458	0.01264	0.01615	0.03243	0.00986	0.23124	0.17501	0.04818	0.02512	0.12690	0.04678	0.08076	0.00972	0.00265	0.00613	0.04605	0.00623	0.05287
27	0.21944	0.01714	0.01836	0.04319	0.02044	0.10456	0.09458	0.19269	0.05777	0.02904	0.03725	0.04071	0.03678	0.00802	0.00630	0.00206	0.00748	0.00640	0.00505	0.05275
28	0.13321	0.06021	0.02237	0.04486	0.02247	0.04390	0.13524	0.18899	0.08660	0.12783	0.01639	0.01743	0.01195	0.00763	0.00744	0.00216	0.04994	0.00619	0.00538	0.00982
29	0.19188	0.01371	0.01565	0.03379	0.01748	0.04207	0.06815	0.15019	0.07730	0.04700	0.06737	0.11140	0.04565	0.06062	0.00897	0.00254	0.02403	0.00845	0.00549	0.00826
30	0.11674	0.01696	0.01791	0.15811	0.02446	0.08364	0.01287	0.25697	0.12387	0.07323	0.01643	0.01747	0.01203	0.00769	0.00643	0.00209	0.00752	0.00590	0.00550	0.03417
31	0.16065	0.08924	0.06938	0.12004	0.08887	0.05830	0.05315	0.12231	0.01712	0.06407	0.01536	0.08402	0.01314	0.00817	0.00631	0.00211	0.00765	0.00667	0.00451	0.00892
32	0.06076	0.05982	0.06510	0.01373	0.01851	0.11937	0.01167	0.21409	0.06940	0.05401	0.05565	0.04252	0.01650	0.02963	0.00721	0.00206	0.00730	0.02671	0.00535	0.12063

[dist]
# distance from previous block
# <min> <max>
0	71

# created by:
# /home/berkeley/.conda/envs/busco_data_prod/bin/msa2prfl.pl pipeline/OGs_align_augustus/4893/36484.fs
