[name]
unknown

[dist]
# distance from previous block
# <min> <max>
0	1

[block]
# block no. 0 follows, 33 sequences, length 9
# corresponding to MSA columns:
# 1-9
name=unknown_A
#
# <colnr> <probs for GDERKNQSTAVLIFYWHMCP>
#	G	D	E	R	K	N	Q	S	T	A	V	L	I	F	Y	W	H	M	C	P
0	0.12106	0.01052	0.01184	0.01067	0.01357	0.01109	0.00853	0.10482	0.12749	0.06980	0.30453	0.03758	0.03615	0.01135	0.00706	0.00220	0.00473	0.09257	0.00656	0.00789
1	0.00900	0.00618	0.00753	0.00808	0.00828	0.00611	0.00498	0.00955	0.01072	0.01436	0.02618	0.30213	0.03059	0.45988	0.06303	0.00527	0.00607	0.01273	0.00473	0.00458
2	0.01525	0.01265	0.01451	0.01051	0.01628	0.01041	0.00846	0.11322	0.01608	0.02426	0.01228	0.01395	0.00995	0.00530	0.00512	0.00112	0.00521	0.00418	0.00428	0.69700
3	0.00832	0.00650	0.00736	0.00750	0.00908	0.00574	0.00538	0.01009	0.01499	0.01919	0.20854	0.17629	0.40161	0.07759	0.00997	0.00260	0.00361	0.01390	0.00620	0.00554
4	0.00818	0.00602	0.00766	0.00865	0.00949	0.00551	0.00595	0.00970	0.01388	0.01839	0.14392	0.54883	0.15178	0.01894	0.00821	0.00251	0.00364	0.01695	0.00628	0.00551
5	0.01311	0.01108	0.01304	0.00957	0.01488	0.00846	0.00760	0.01606	0.01427	0.02207	0.10075	0.01809	0.01630	0.00595	0.00524	0.00111	0.00465	0.00490	0.00432	0.70855
6	0.00853	0.00624	0.00823	0.04018	0.01084	0.00598	0.00638	0.01002	0.01334	0.01787	0.13562	0.52399	0.07714	0.09056	0.01061	0.00290	0.00415	0.01606	0.00594	0.00544
7	0.00914	0.00655	0.00823	0.00832	0.00912	0.00657	0.00568	0.01052	0.01231	0.01674	0.15355	0.12479	0.09856	0.31405	0.18155	0.00571	0.00771	0.01089	0.00492	0.00512
8	0.31556	0.13987	0.01712	0.01156	0.01607	0.09763	0.00966	0.08673	0.07738	0.14994	0.01438	0.01455	0.01062	0.00688	0.00521	0.00191	0.00647	0.00473	0.00497	0.00878

[dist]
# distance from previous block
# <min> <max>
3	7

[block]
# block no. 1 follows, 33 sequences, length 22
# corresponding to MSA columns:
# 17-38
name=unknown_B
#
# <colnr> <probs for GDERKNQSTAVLIFYWHMCP>
#	G	D	E	R	K	N	Q	S	T	A	V	L	I	F	Y	W	H	M	C	P
0	0.01436	0.01151	0.06483	0.01076	0.01365	0.03608	0.00884	0.01963	0.14962	0.12138	0.20571	0.08886	0.08740	0.04203	0.01015	0.08708	0.00515	0.00944	0.00603	0.00747
1	0.01056	0.00882	0.00950	0.04984	0.01262	0.06169	0.00721	0.01296	0.03487	0.04071	0.16562	0.29843	0.23106	0.01571	0.00773	0.00231	0.00452	0.01366	0.00602	0.00616
2	0.01989	0.01842	0.08996	0.04372	0.13571	0.12700	0.07120	0.07399	0.10489	0.16686	0.05082	0.02041	0.03178	0.00764	0.00664	0.00202	0.00780	0.00650	0.00514	0.00960
3	0.01803	0.05726	0.23480	0.02089	0.15114	0.01613	0.06330	0.12454	0.06382	0.10971	0.03170	0.01730	0.01227	0.00717	0.00717	0.00206	0.04231	0.00592	0.00449	0.00998
4	0.01592	0.01566	0.02533	0.11694	0.55433	0.05048	0.04852	0.01977	0.01479	0.02042	0.01248	0.01672	0.01041	0.00797	0.04034	0.00238	0.00872	0.00592	0.00324	0.00967
5	0.01523	0.01541	0.10304	0.04857	0.02016	0.01166	0.04902	0.07857	0.04719	0.04465	0.01327	0.01504	0.01034	0.00571	0.00557	0.00141	0.00624	0.00474	0.00418	0.50000
6	0.00951	0.00662	0.00838	0.00838	0.00880	0.00704	0.00549	0.01035	0.00993	0.01366	0.01964	0.03698	0.02129	0.51397	0.28456	0.00787	0.01037	0.00868	0.00383	0.00466
7	0.00989	0.00657	0.00828	0.00864	0.01002	0.00592	0.00617	0.01170	0.01498	0.07284	0.20295	0.39677	0.18623	0.01720	0.00799	0.00239	0.00369	0.01522	0.00653	0.00603
8	0.09380	0.01309	0.01526	0.03829	0.08100	0.01433	0.01078	0.17131	0.21522	0.08144	0.02145	0.11240	0.01804	0.01127	0.03982	0.00252	0.00632	0.00783	0.03658	0.00923
9	0.00812	0.00588	0.00769	0.00893	0.00953	0.00544	0.00605	0.00948	0.01330	0.01774	0.10091	0.65651	0.08660	0.01973	0.00831	0.00259	0.00372	0.01780	0.00621	0.00544
10	0.01981	0.01287	0.01466	0.01217	0.01615	0.01352	0.00973	0.19944	0.22493	0.18910	0.13221	0.02857	0.07786	0.00978	0.00690	0.00210	0.00535	0.00805	0.00703	0.00978
11	0.54379	0.06966	0.01483	0.01194	0.04244	0.07015	0.03870	0.05138	0.01348	0.05019	0.01048	0.01201	0.00815	0.00620	0.00470	0.00193	0.00621	0.00410	0.00411	0.03554
12	0.01514	0.06416	0.06022	0.05670	0.03225	0.01674	0.56539	0.02023	0.01501	0.02027	0.01371	0.04563	0.01104	0.00634	0.00779	0.00220	0.02751	0.00770	0.00336	0.00864
13	0.02020	0.00976	0.01261	0.01066	0.01411	0.00901	0.00840	0.05639	0.05648	0.37406	0.17722	0.14181	0.05737	0.01153	0.00718	0.00216	0.00477	0.00987	0.00741	0.00899
14	0.00969	0.00633	0.00841	0.00909	0.01007	0.00584	0.00636	0.01143	0.01456	0.06349	0.21459	0.53245	0.04669	0.01799	0.00813	0.00248	0.00374	0.01620	0.00653	0.00593
15	0.00818	0.00604	0.00765	0.00860	0.00948	0.00551	0.00594	0.00971	0.01393	0.01843	0.14608	0.53495	0.16365	0.01886	0.00820	0.00250	0.00363	0.01685	0.00628	0.00551
16	0.01801	0.69484	0.03316	0.01276	0.04458	0.07252	0.01171	0.02016	0.01378	0.01576	0.00934	0.01087	0.00853	0.00572	0.00442	0.00145	0.00739	0.00366	0.00287	0.00847
17	0.29859	0.01187	0.01284	0.01183	0.04700	0.01254	0.00892	0.08842	0.06195	0.20553	0.01909	0.09497	0.01545	0.01014	0.03274	0.00239	0.00579	0.00676	0.04454	0.00864
18	0.04806	0.03460	0.04136	0.01586	0.07744	0.04302	0.01206	0.34326	0.11110	0.07409	0.05288	0.08143	0.01735	0.00900	0.00663	0.00206	0.00662	0.00728	0.00599	0.00991
19	0.01817	0.05198	0.07495	0.01946	0.09106	0.08322	0.17263	0.15780	0.04586	0.06917	0.10832	0.02100	0.01778	0.00882	0.02815	0.00226	0.00837	0.00693	0.00486	0.00918
20	0.01144	0.00851	0.00999	0.00991	0.01146	0.00865	0.00709	0.09224	0.08710	0.02063	0.05578	0.35444	0.06511	0.15838	0.01264	0.00317	0.00492	0.04353	0.00580	0.02919
21	0.04919	0.04777	0.05402	0.05237	0.11660	0.11852	0.05130	0.22378	0.07867	0.06434	0.04286	0.01735	0.01312	0.00727	0.00635	0.00194	0.00779	0.00588	0.00496	0.03591

[dist]
# distance from previous block
# <min> <max>
0	3

[block]
# block no. 2 follows, 33 sequences, length 9
# corresponding to MSA columns:
# 42-50
name=unknown_C
#
# <colnr> <probs for GDERKNQSTAVLIFYWHMCP>
#	G	D	E	R	K	N	Q	S	T	A	V	L	I	F	Y	W	H	M	C	P
0	0.01797	0.23610	0.24375	0.01658	0.02343	0.01796	0.12853	0.04885	0.05455	0.13000	0.01447	0.01556	0.01063	0.00646	0.00602	0.00191	0.00821	0.00541	0.00407	0.00955
1	0.01054	0.00719	0.00808	0.00757	0.00998	0.00616	0.00578	0.01261	0.01620	0.09971	0.20057	0.05578	0.50586	0.01504	0.00765	0.00217	0.00354	0.01266	0.00658	0.00633
2	0.01356	0.01011	0.01405	0.01544	0.12498	0.00992	0.03714	0.09074	0.04398	0.07770	0.08473	0.30501	0.11789	0.01384	0.00755	0.00230	0.00519	0.01235	0.00588	0.00767
3	0.06508	0.11051	0.09357	0.01827	0.09863	0.09549	0.10388	0.08956	0.03578	0.17957	0.01559	0.01704	0.01154	0.02850	0.00698	0.00207	0.00798	0.00574	0.00474	0.00949
4	0.01162	0.00691	0.00825	0.00793	0.00877	0.00662	0.00504	0.01232	0.01183	0.09654	0.07800	0.10624	0.05920	0.52433	0.02510	0.00504	0.00568	0.01042	0.00499	0.00517
5	0.01227	0.00828	0.00991	0.00910	0.01129	0.00800	0.00684	0.04200	0.09089	0.09152	0.34862	0.08791	0.16197	0.07038	0.00949	0.00247	0.00405	0.01128	0.00674	0.00699
6	0.01675	0.07676	0.12665	0.05215	0.30764	0.01713	0.12399	0.10218	0.06962	0.02354	0.01367	0.01635	0.01068	0.00635	0.00652	0.00200	0.00830	0.00597	0.00381	0.00992
7	0.01844	0.08600	0.23971	0.02104	0.13725	0.09764	0.08607	0.09010	0.05060	0.08995	0.01411	0.01567	0.01047	0.00660	0.00633	0.00197	0.00872	0.00553	0.00405	0.00973
8	0.01495	0.01505	0.08109	0.01346	0.01658	0.12005	0.06891	0.06057	0.03809	0.06184	0.01869	0.09612	0.01743	0.12042	0.19636	0.00479	0.01037	0.00786	0.03012	0.00726

[dist]
# distance from previous block
# <min> <max>
10	14

[block]
# block no. 3 follows, 33 sequences, length 24
# corresponding to MSA columns:
# 65-88
name=unknown_D
#
# <colnr> <probs for GDERKNQSTAVLIFYWHMCP>
#	G	D	E	R	K	N	Q	S	T	A	V	L	I	F	Y	W	H	M	C	P
0	0.02020	0.22457	0.02214	0.01392	0.03307	0.12313	0.01143	0.26847	0.06595	0.02686	0.05896	0.03872	0.01473	0.00774	0.00591	0.00178	0.00727	0.00579	0.00494	0.04442
1	0.09979	0.02053	0.19764	0.01742	0.06545	0.06746	0.04788	0.09987	0.06669	0.08565	0.01402	0.01633	0.01076	0.02731	0.00945	0.00229	0.13247	0.00562	0.00425	0.00910
2	0.01516	0.01528	0.06997	0.10375	0.21358	0.01437	0.18035	0.04543	0.04845	0.05508	0.01903	0.08682	0.05428	0.00839	0.00769	0.00219	0.03918	0.00797	0.00413	0.00887
3	0.00926	0.00649	0.00787	0.00795	0.00848	0.00651	0.00512	0.01015	0.01126	0.01519	0.09345	0.10431	0.07767	0.46501	0.13807	0.00601	0.00739	0.01050	0.00457	0.00473
4	0.02216	0.14562	0.04144	0.01505	0.03749	0.08626	0.01246	0.37687	0.11928	0.05556	0.01583	0.01595	0.01178	0.00747	0.00614	0.00189	0.00738	0.00557	0.00554	0.01024
5	0.06523	0.42720	0.18063	0.01379	0.04518	0.03982	0.01376	0.02023	0.04712	0.01881	0.03964	0.01547	0.03551	0.00666	0.00516	0.00171	0.00730	0.00478	0.00338	0.00861
6	0.01760	0.45810	0.18224	0.01547	0.06475	0.10001	0.01484	0.04625	0.01481	0.01806	0.01029	0.01198	0.00866	0.00599	0.00508	0.00164	0.00820	0.00412	0.00304	0.00886
7	0.01642	0.43870	0.21403	0.01658	0.05596	0.04639	0.09056	0.02040	0.01401	0.01779	0.01048	0.01252	0.00868	0.00583	0.00530	0.00171	0.00838	0.00447	0.00290	0.00889
8	0.01088	0.00697	0.00856	0.00846	0.01025	0.00627	0.00619	0.01274	0.01503	0.10404	0.17130	0.24662	0.26585	0.05068	0.04272	0.00286	0.00449	0.01348	0.00635	0.00624
9	0.00847	0.00667	0.00749	0.00730	0.00911	0.00586	0.00537	0.01055	0.01594	0.02058	0.30394	0.05671	0.43196	0.06959	0.00963	0.00247	0.00347	0.01286	0.00638	0.00568
10	0.03796	0.12606	0.17067	0.03641	0.02111	0.12938	0.04415	0.07845	0.10045	0.11592	0.03543	0.01727	0.01295	0.00718	0.00605	0.00192	0.00789	0.00558	0.03598	0.00921
11	0.00865	0.00621	0.00778	0.00878	0.00943	0.00587	0.00604	0.00982	0.01251	0.01636	0.03621	0.43901	0.11824	0.18675	0.01401	0.00349	0.00460	0.09543	0.00563	0.00515
12	0.00819	0.00586	0.00779	0.00905	0.00959	0.00546	0.00612	0.00959	0.01338	0.01804	0.12502	0.67208	0.04594	0.01970	0.00832	0.00260	0.00373	0.01784	0.00626	0.00546
13	0.02459	0.03138	0.01866	0.01696	0.02035	0.74221	0.01272	0.02629	0.01866	0.01611	0.01018	0.01187	0.00848	0.00678	0.00594	0.00170	0.01187	0.00424	0.00339	0.00763
14	0.06120	0.02793	0.01825	0.01612	0.01986	0.58097	0.01231	0.11775	0.01998	0.05000	0.01155	0.01279	0.00911	0.00696	0.00597	0.00176	0.01068	0.00454	0.00405	0.00824
15	0.81514	0.01273	0.00968	0.00866	0.01273	0.01477	0.00713	0.01935	0.01120	0.02954	0.00917	0.01069	0.00713	0.00611	0.00407	0.00204	0.00509	0.00356	0.00407	0.00713
16	0.00869	0.00670	0.00793	0.00762	0.00945	0.00595	0.00572	0.01121	0.01716	0.02289	0.45618	0.05495	0.33223	0.01477	0.00777	0.00213	0.00320	0.01272	0.00678	0.00595
17	0.02274	0.06466	0.05226	0.01375	0.01865	0.04876	0.01169	0.34895	0.10309	0.16178	0.03809	0.01922	0.01458	0.02701	0.00708	0.00208	0.00680	0.00621	0.02233	0.01029
18	0.01772	0.01343	0.01522	0.01429	0.06101	0.03711	0.01051	0.11484	0.33179	0.10746	0.13102	0.02615	0.02381	0.01160	0.05145	0.00262	0.00632	0.00762	0.00642	0.00959
19	0.00827	0.00605	0.00764	0.00857	0.00935	0.00557	0.00584	0.00970	0.01363	0.01809	0.13948	0.51809	0.14105	0.06432	0.00974	0.00275	0.00380	0.01649	0.00615	0.00542
20	0.00943	0.00645	0.00761	0.00764	0.00791	0.00651	0.00464	0.00990	0.01032	0.01387	0.04998	0.06707	0.04791	0.61195	0.10670	0.00640	0.00727	0.00985	0.00421	0.00438
21	0.01156	0.00915	0.01040	0.00978	0.01207	0.00936	0.00739	0.06069	0.18985	0.02456	0.27860	0.14369	0.17972	0.01364	0.00752	0.00222	0.00403	0.01178	0.00668	0.00731
22	0.05261	0.18067	0.08509	0.01570	0.06792	0.10858	0.05229	0.10177	0.04952	0.12909	0.01926	0.01961	0.07497	0.00765	0.00604	0.00189	0.00749	0.00600	0.00471	0.00913
23	0.01728	0.22076	0.10303	0.01623	0.06422	0.06412	0.06682	0.13742	0.05391	0.02308	0.04697	0.04195	0.01444	0.00785	0.00677	0.00192	0.04302	0.02198	0.03940	0.00885

[dist]
# distance from previous block
# <min> <max>
1	10

[block]
# block no. 4 follows, 33 sequences, length 12
# corresponding to MSA columns:
# 99-110
name=unknown_E
#
# <colnr> <probs for GDERKNQSTAVLIFYWHMCP>
#	G	D	E	R	K	N	Q	S	T	A	V	L	I	F	Y	W	H	M	C	P
0	0.06359	0.07124	0.10469	0.01571	0.05371	0.12639	0.08492	0.03486	0.06101	0.05270	0.07832	0.09978	0.04756	0.00911	0.00687	0.00201	0.02511	0.00763	0.00454	0.05026
1	0.05713	0.11725	0.29110	0.01529	0.02135	0.03622	0.07196	0.11371	0.01592	0.02246	0.04715	0.01977	0.01366	0.11783	0.01009	0.00261	0.00817	0.00602	0.00383	0.00850
2	0.01289	0.12765	0.04539	0.01007	0.01288	0.04527	0.00833	0.04529	0.01562	0.06420	0.15323	0.19986	0.16001	0.03852	0.02932	0.00250	0.00549	0.01103	0.00553	0.00691
3	0.40222	0.01892	0.01441	0.01237	0.01654	0.21720	0.00985	0.15462	0.01749	0.06486	0.01161	0.01262	0.00877	0.00675	0.00521	0.00193	0.00741	0.00437	0.00458	0.00827
4	0.00850	0.00670	0.00766	0.00742	0.00933	0.00586	0.00557	0.01084	0.01670	0.02181	0.37366	0.05673	0.41543	0.01517	0.00777	0.00215	0.00323	0.01297	0.00664	0.00586
5	0.01472	0.01234	0.01423	0.01026	0.01605	0.00987	0.00824	0.08143	0.01528	0.02334	0.01209	0.01385	0.00989	0.00516	0.00504	0.00107	0.00510	0.00409	0.00415	0.73381
6	0.01674	0.03758	0.06264	0.06137	0.31865	0.05114	0.08329	0.07700	0.04684	0.04522	0.03169	0.01915	0.04360	0.00711	0.00709	0.00199	0.03382	0.00635	0.00403	0.04469
7	0.01634	0.14114	0.35818	0.01525	0.02203	0.08601	0.01686	0.07031	0.04039	0.05885	0.04503	0.01835	0.04772	0.00738	0.00606	0.00193	0.00820	0.00563	0.02525	0.00909
8	0.01243	0.01170	0.01975	0.75282	0.04534	0.01463	0.01828	0.01682	0.01316	0.01682	0.01170	0.01755	0.00878	0.00658	0.00658	0.00219	0.00878	0.00585	0.00293	0.00731
9	0.00908	0.00634	0.00797	0.00856	0.00976	0.00574	0.00604	0.01078	0.01456	0.04741	0.17867	0.44488	0.19011	0.01787	0.00807	0.00243	0.00365	0.01586	0.00642	0.00580
10	0.01583	0.01089	0.01347	0.01146	0.01468	0.01103	0.04244	0.10707	0.16503	0.13133	0.18881	0.07361	0.12871	0.04510	0.00840	0.00234	0.00505	0.00976	0.00663	0.00836
11	0.01238	0.01181	0.08681	0.01106	0.01404	0.01001	0.00951	0.11241	0.08422	0.02588	0.31822	0.15433	0.06933	0.01297	0.00750	0.00222	0.00483	0.03863	0.00636	0.00751

[dist]
# distance from previous block
# <min> <max>
3	21

[block]
# block no. 5 follows, 33 sequences, length 104
# corresponding to MSA columns:
# 133-236
name=unknown_F
#
# <colnr> <probs for GDERKNQSTAVLIFYWHMCP>
#	G	D	E	R	K	N	Q	S	T	A	V	L	I	F	Y	W	H	M	C	P
0	0.04253	0.12957	0.02687	0.07783	0.16424	0.05693	0.18663	0.08372	0.04223	0.02150	0.01340	0.03549	0.01130	0.03103	0.00809	0.00217	0.04761	0.00633	0.00373	0.00882
1	0.00790	0.00645	0.00698	0.00733	0.00909	0.00553	0.00531	0.00950	0.01458	0.01789	0.08527	0.22943	0.53692	0.01749	0.00793	0.00232	0.00344	0.01496	0.00616	0.00553
2	0.01113	0.00849	0.01173	0.03392	0.01343	0.00814	0.05643	0.01455	0.04322	0.06669	0.37329	0.04603	0.23410	0.01300	0.00812	0.00216	0.03117	0.01125	0.00639	0.00676
3	0.01742	0.09505	0.03547	0.03800	0.05811	0.06893	0.03249	0.15545	0.01766	0.04604	0.01438	0.06641	0.01234	0.00706	0.00580	0.00158	0.00665	0.00572	0.00446	0.31101
4	0.01778	0.00924	0.01163	0.01003	0.01320	0.00852	0.00785	0.04280	0.06588	0.29880	0.20862	0.11238	0.14121	0.01215	0.00728	0.00215	0.00446	0.01037	0.00724	0.00841
5	0.05839	0.11602	0.14799	0.03946	0.13233	0.08745	0.04560	0.19756	0.04662	0.04784	0.01340	0.01494	0.01016	0.00672	0.00609	0.00193	0.00816	0.00531	0.00431	0.00970
6	0.01749	0.21668	0.11870	0.04383	0.16497	0.04446	0.12994	0.10299	0.01645	0.04054	0.01256	0.01555	0.01012	0.02991	0.00692	0.00201	0.00840	0.00553	0.00364	0.00928
7	0.00869	0.00713	0.00784	0.00853	0.00984	0.03180	0.00608	0.01025	0.01422	0.01790	0.09365	0.40087	0.30166	0.01807	0.00806	0.00244	0.00395	0.03735	0.00609	0.00559
8	0.01920	0.09213	0.01880	0.01390	0.01833	0.01839	0.02785	0.25248	0.38295	0.03065	0.02093	0.02011	0.01566	0.00814	0.00638	0.00204	0.00614	0.00652	0.02910	0.01031
9	0.04339	0.01221	0.08601	0.01533	0.12202	0.01002	0.01103	0.06015	0.01628	0.13465	0.13704	0.22841	0.07170	0.01228	0.00721	0.00222	0.00542	0.01075	0.00580	0.00806
10	0.05209	0.29844	0.18571	0.01781	0.07169	0.03942	0.11889	0.07030	0.03320	0.03768	0.01194	0.01383	0.00942	0.00613	0.00569	0.00183	0.00828	0.00499	0.00348	0.00917
11	0.01791	0.04207	0.04240	0.01687	0.08332	0.01541	0.08300	0.26097	0.10416	0.05097	0.04218	0.09532	0.03895	0.04999	0.00837	0.00235	0.00682	0.02413	0.00556	0.00926
12	0.00909	0.00632	0.00761	0.00807	0.00847	0.00618	0.00516	0.00982	0.01129	0.01499	0.05009	0.23582	0.07298	0.43991	0.04858	0.00500	0.00580	0.04526	0.00486	0.00468
13	0.01901	0.01442	0.04411	0.01325	0.01749	0.03380	0.04072	0.18849	0.19917	0.14983	0.04764	0.05282	0.10305	0.01111	0.03227	0.00241	0.00648	0.00806	0.00634	0.00952
14	0.01786	0.07297	0.11450	0.02560	0.21025	0.15192	0.19293	0.06692	0.01643	0.02101	0.01200	0.01506	0.00954	0.00635	0.00714	0.00199	0.03912	0.00577	0.00342	0.00922
15	0.07422	0.01821	0.13056	0.01406	0.01966	0.04376	0.01289	0.23218	0.09498	0.26364	0.01905	0.01813	0.01301	0.00767	0.00637	0.00203	0.00692	0.00593	0.00622	0.01048
16	0.00843	0.00623	0.00773	0.00830	0.00933	0.00569	0.00577	0.01012	0.01448	0.01929	0.22542	0.38567	0.18032	0.06986	0.00985	0.00268	0.00371	0.01531	0.00627	0.00553
17	0.00812	0.00703	0.02990	0.00841	0.00987	0.00577	0.00622	0.00973	0.01380	0.01760	0.06674	0.43171	0.32471	0.01835	0.00806	0.00245	0.00378	0.01611	0.00604	0.00559
18	0.04318	0.04255	0.01897	0.01511	0.03835	0.10060	0.01205	0.43308	0.04256	0.13526	0.01711	0.01833	0.01258	0.00803	0.00647	0.00198	0.00740	0.02986	0.00616	0.01038
19	0.06453	0.01826	0.13163	0.01771	0.06546	0.04356	0.11267	0.14194	0.07285	0.18156	0.04466	0.01877	0.01392	0.00752	0.00713	0.00209	0.03429	0.00632	0.00530	0.00983
20	0.00996	0.00663	0.00834	0.00868	0.01013	0.00598	0.00628	0.01182	0.01502	0.07366	0.19301	0.37068	0.20174	0.01713	0.00800	0.00240	0.00375	0.03422	0.00651	0.00605
21	0.01515	0.01448	0.02466	0.25070	0.52619	0.01534	0.01964	0.01921	0.01445	0.02012	0.01218	0.01666	0.00994	0.00608	0.00654	0.00203	0.00810	0.00586	0.00316	0.00951
22	0.01696	0.01443	0.01522	0.01352	0.01734	0.01665	0.01056	0.08051	0.66920	0.02849	0.02605	0.02397	0.01949	0.00886	0.00669	0.00222	0.00535	0.00734	0.00669	0.01047
23	0.01760	0.77260	0.03450	0.01126	0.01690	0.02605	0.01126	0.01971	0.01338	0.01549	0.00915	0.01056	0.00845	0.00563	0.00422	0.00141	0.00704	0.00352	0.00282	0.00845
24	0.01243	0.01170	0.01975	0.75282	0.04534	0.01463	0.01828	0.01682	0.01316	0.01682	0.01170	0.01755	0.00878	0.00658	0.00658	0.00219	0.00878	0.00585	0.00293	0.00731
25	0.01900	0.04943	0.09569	0.02061	0.17309	0.01407	0.10193	0.07964	0.03801	0.17427	0.01579	0.01701	0.01155	0.00642	0.00628	0.00183	0.00726	0.00575	0.00474	0.15763
26	0.01760	0.77260	0.03450	0.01126	0.01690	0.02605	0.01126	0.01971	0.01338	0.01549	0.00915	0.01056	0.00845	0.00563	0.00422	0.00141	0.00704	0.00352	0.00282	0.00845
27	0.47184	0.04114	0.04460	0.04229	0.22617	0.03631	0.01233	0.01979	0.01278	0.02555	0.01033	0.01272	0.00829	0.00606	0.00502	0.00199	0.00646	0.00439	0.00368	0.00827
28	0.00802	0.00573	0.00764	0.00917	0.00955	0.00535	0.00611	0.00917	0.01260	0.01681	0.03628	0.76434	0.04354	0.02062	0.00840	0.00267	0.00382	0.01872	0.00611	0.00535
29	0.00939	0.00690	0.00990	0.00994	0.01089	0.00782	0.00742	0.01130	0.01046	0.01489	0.01873	0.05051	0.01856	0.17471	0.59667	0.00961	0.01526	0.00784	0.00368	0.00553
30	0.01754	0.01443	0.01536	0.01342	0.01740	0.01637	0.01053	0.10385	0.60391	0.04759	0.02516	0.02325	0.01874	0.00868	0.00663	0.00216	0.00542	0.00715	0.00664	0.03575
31	0.01637	0.01414	0.01489	0.01340	0.01712	0.01637	0.01042	0.03498	0.71568	0.02754	0.02679	0.02456	0.02010	0.00893	0.00670	0.00223	0.00521	0.00744	0.00670	0.01042
32	0.00807	0.00577	0.00768	0.00913	0.00956	0.00538	0.00612	0.00929	0.01284	0.01718	0.06329	0.73627	0.04427	0.02034	0.00838	0.00265	0.00379	0.01845	0.00616	0.00538
33	0.00932	0.00673	0.00880	0.00828	0.00984	0.00621	0.00621	0.01242	0.01863	0.02640	0.72410	0.04918	0.06212	0.01346	0.00776	0.00207	0.00311	0.01191	0.00725	0.00621
34	0.00921	0.00669	0.00867	0.00825	0.00979	0.00615	0.00616	0.01218	0.01825	0.02568	0.67113	0.07797	0.08740	0.01387	0.00779	0.00210	0.00314	0.01225	0.00716	0.00615
35	0.01760	0.77260	0.03450	0.01126	0.01690	0.02605	0.01126	0.01971	0.01338	0.01549	0.00915	0.01056	0.00845	0.00563	0.00422	0.00141	0.00704	0.00352	0.00282	0.00845
36	0.01758	0.04766	0.15666	0.01651	0.02202	0.05624	0.12641	0.08960	0.22460	0.08735	0.07142	0.02102	0.01711	0.00780	0.00672	0.00209	0.00754	0.00680	0.00523	0.00963
37	0.01672	0.01579	0.01678	0.01603	0.06589	0.18394	0.03384	0.06635	0.01482	0.06378	0.01453	0.01914	0.01249	0.02415	0.29623	0.00541	0.11657	0.00605	0.00389	0.00760
38	0.01424	0.13020	0.61476	0.01764	0.02666	0.01690	0.02215	0.04758	0.01450	0.02096	0.01162	0.01354	0.00847	0.00624	0.00600	0.00199	0.00928	0.00473	0.00293	0.00962
39	0.01260	0.01187	0.02005	0.72165	0.07518	0.01467	0.01837	0.01697	0.01324	0.01703	0.01173	0.01750	0.00885	0.00655	0.00658	0.00218	0.00873	0.00585	0.00294	0.00745
40	0.01458	0.00803	0.00837	0.00764	0.00982	0.00827	0.00591	0.09775	0.03786	0.05440	0.02115	0.02343	0.01628	0.00776	0.00498	0.00163	0.00372	0.00617	0.65519	0.00706
41	0.00802	0.00573	0.00764	0.00917	0.00955	0.00535	0.00611	0.00917	0.01260	0.01681	0.03628	0.76434	0.04354	0.02062	0.00840	0.00267	0.00382	0.01872	0.00611	0.00535
42	0.81514	0.01273	0.00968	0.00866	0.01273	0.01477	0.00713	0.01935	0.01120	0.02954	0.00917	0.01069	0.00713	0.00611	0.00407	0.00204	0.00509	0.00356	0.00407	0.00713
43	0.00802	0.00573	0.00764	0.00917	0.00955	0.00535	0.00611	0.00917	0.01260	0.01681	0.03628	0.76434	0.04354	0.02062	0.00840	0.00267	0.00382	0.01872	0.00611	0.00535
44	0.00932	0.00673	0.00880	0.00828	0.00984	0.00621	0.00621	0.01242	0.01863	0.02640	0.72410	0.04918	0.06212	0.01346	0.00776	0.00207	0.00311	0.01191	0.00725	0.00621
45	0.00940	0.00705	0.01058	0.01058	0.01176	0.00823	0.00823	0.01176	0.01058	0.01528	0.01763	0.02586	0.01646	0.04937	0.74255	0.01058	0.01763	0.00705	0.00353	0.00588
46	0.02503	0.01844	0.01976	0.01515	0.02042	0.02042	0.01251	0.70562	0.03095	0.04149	0.01581	0.01581	0.01120	0.00790	0.00659	0.00198	0.00724	0.00593	0.00659	0.01120
47	0.02500	0.01917	0.01970	0.01525	0.02041	0.06089	0.01252	0.66752	0.03026	0.04007	0.01549	0.01558	0.01104	0.00784	0.00655	0.00196	0.00750	0.00583	0.00641	0.01100
48	0.01518	0.01558	0.10530	0.02639	0.33967	0.01310	0.08358	0.01966	0.04258	0.07795	0.04165	0.10131	0.07118	0.00881	0.00696	0.00211	0.00718	0.00822	0.00438	0.00921
49	0.04426	0.03209	0.67087	0.01803	0.02731	0.01499	0.02294	0.02136	0.01405	0.05710	0.01243	0.01421	0.00870	0.00634	0.00619	0.00208	0.00935	0.00490	0.00310	0.00971
50	0.02503	0.01844	0.01976	0.01515	0.02042	0.02042	0.01251	0.70562	0.03095	0.04149	0.01581	0.01581	0.01120	0.00790	0.00659	0.00198	0.00724	0.00593	0.00659	0.01120
51	0.00803	0.00665	0.00704	0.00700	0.00906	0.00566	0.00523	0.00991	0.01551	0.01913	0.17043	0.08121	0.59989	0.01627	0.00780	0.00221	0.00331	0.01372	0.00629	0.00566
52	0.01863	0.01528	0.04574	0.10720	0.36460	0.01483	0.08807	0.06113	0.04283	0.15271	0.01562	0.01791	0.01163	0.00657	0.00668	0.00204	0.00778	0.00623	0.00443	0.01010
53	0.01074	0.00999	0.03783	0.01687	0.13109	0.00898	0.09255	0.01340	0.01412	0.01906	0.06567	0.37249	0.08313	0.01506	0.00794	0.00246	0.00568	0.08081	0.00526	0.00687
54	0.02936	0.01149	0.01545	0.01185	0.01695	0.01010	0.00979	0.05852	0.01932	0.70502	0.02557	0.02215	0.01610	0.00814	0.00662	0.00203	0.00567	0.00659	0.00809	0.01120
55	0.00825	0.00697	0.00718	0.00713	0.00933	0.00606	0.00534	0.01073	0.04579	0.01867	0.10165	0.08267	0.63490	0.01627	0.00775	0.00223	0.00342	0.01365	0.00620	0.00580
56	0.01522	0.16801	0.45301	0.01842	0.04844	0.04113	0.07495	0.04707	0.03703	0.02073	0.01203	0.01401	0.00904	0.00623	0.00602	0.00195	0.00911	0.00498	0.00313	0.00946
57	0.01481	0.01444	0.04565	0.07602	0.46010	0.01409	0.04292	0.03756	0.05420	0.02129	0.01717	0.13932	0.01623	0.00855	0.00688	0.00212	0.00725	0.00810	0.00398	0.00934
58	0.13581	0.01741	0.07541	0.04930	0.18712	0.01612	0.35577	0.04409	0.01512	0.02301	0.01242	0.01604	0.00956	0.00586	0.00676	0.00211	0.00916	0.00640	0.00349	0.00905
59	0.01701	0.01050	0.01479	0.12828	0.04743	0.01050	0.03415	0.04335	0.07561	0.22455	0.23199	0.03219	0.08141	0.00999	0.00708	0.00210	0.00549	0.00866	0.00638	0.00852
60	0.81514	0.01273	0.00968	0.00866	0.01273	0.01477	0.00713	0.01935	0.01120	0.02954	0.00917	0.01069	0.00713	0.00611	0.00407	0.00204	0.00509	0.00356	0.00407	0.00713
61	0.00913	0.00669	0.00824	0.00785	0.00954	0.00607	0.00589	0.01193	0.01767	0.02452	0.55600	0.05106	0.19863	0.01388	0.00763	0.00208	0.00315	0.01207	0.04191	0.00607
62	0.00940	0.00705	0.01058	0.01058	0.01176	0.00823	0.00823	0.01176	0.01058	0.01528	0.01763	0.02586	0.01646	0.04937	0.74255	0.01058	0.01763	0.00705	0.00353	0.00588
63	0.00948	0.00675	0.00904	0.00904	0.00968	0.00739	0.00631	0.01077	0.01012	0.01414	0.01904	0.03368	0.01985	0.37575	0.42081	0.00868	0.01253	0.00820	0.00374	0.00502
64	0.02503	0.01844	0.01976	0.01515	0.02042	0.02042	0.01251	0.70562	0.03095	0.04149	0.01581	0.01581	0.01120	0.00790	0.00659	0.00198	0.00724	0.00593	0.00659	0.01120
65	0.01243	0.01170	0.01975	0.75282	0.04534	0.01463	0.01828	0.01682	0.01316	0.01682	0.01170	0.01755	0.00878	0.00658	0.00658	0.00219	0.00878	0.00585	0.00293	0.00731
66	0.02503	0.01844	0.01976	0.01515	0.02042	0.02042	0.01251	0.70562	0.03095	0.04149	0.01581	0.01581	0.01120	0.00790	0.00659	0.00198	0.00724	0.00593	0.00659	0.01120
67	0.01243	0.01170	0.01975	0.75282	0.04534	0.01463	0.01828	0.01682	0.01316	0.01682	0.01170	0.01755	0.00878	0.00658	0.00658	0.00219	0.00878	0.00585	0.00293	0.00731
68	0.02385	0.05354	0.01976	0.01819	0.06606	0.62859	0.01315	0.06653	0.01899	0.01797	0.01062	0.01235	0.00877	0.00675	0.00596	0.00172	0.01118	0.00442	0.00356	0.00805
69	0.06634	0.03203	0.63673	0.01831	0.02732	0.04400	0.04420	0.02097	0.01396	0.02124	0.01162	0.01373	0.00832	0.00624	0.00615	0.00207	0.00955	0.00485	0.00291	0.00945
70	0.00789	0.00667	0.00681	0.00678	0.00896	0.00560	0.00508	0.00965	0.01525	0.01837	0.11144	0.06239	0.67979	0.01645	0.00778	0.00221	0.00332	0.01376	0.00619	0.00560
71	0.01144	0.00572	0.00858	0.00858	0.00858	0.00572	0.00572	0.00858	0.00858	0.01144	0.01144	0.02001	0.01144	0.02287	0.02573	0.80846	0.00572	0.00572	0.00286	0.00286
72	0.01056	0.01454	0.19867	0.07273	0.01774	0.00954	0.01186	0.01527	0.04358	0.02247	0.31974	0.03924	0.17527	0.01148	0.00723	0.00212	0.00543	0.00979	0.00547	0.00725
73	0.01629	0.01564	0.02672	0.04041	0.72757	0.01564	0.02020	0.02020	0.01499	0.02151	0.01238	0.01629	0.01043	0.00587	0.00652	0.00196	0.00782	0.00587	0.00326	0.01043
74	0.81514	0.01273	0.00968	0.00866	0.01273	0.01477	0.00713	0.01935	0.01120	0.02954	0.00917	0.01069	0.00713	0.00611	0.00407	0.00204	0.00509	0.00356	0.00407	0.00713
75	0.01550	0.01401	0.17734	0.03876	0.01725	0.00920	0.01175	0.01865	0.01470	0.22143	0.02684	0.35379	0.02644	0.01327	0.00734	0.00234	0.00586	0.01163	0.00581	0.00809
76	0.01672	0.01431	0.01508	0.01347	0.01725	0.01653	0.01050	0.06146	0.68864	0.02809	0.02636	0.02422	0.01974	0.00889	0.00669	0.00222	0.00529	0.00738	0.00669	0.01045
77	0.02503	0.01844	0.01976	0.01515	0.02042	0.02042	0.01251	0.70562	0.03095	0.04149	0.01581	0.01581	0.01120	0.00790	0.00659	0.00198	0.00724	0.00593	0.00659	0.01120
78	0.81514	0.01273	0.00968	0.00866	0.01273	0.01477	0.00713	0.01935	0.01120	0.02954	0.00917	0.01069	0.00713	0.00611	0.00407	0.00204	0.00509	0.00356	0.00407	0.00713
79	0.02438	0.05336	0.01913	0.01679	0.02025	0.72097	0.01268	0.02609	0.01850	0.01609	0.01015	0.01183	0.00848	0.00675	0.00589	0.00169	0.01173	0.00422	0.00337	0.00766
80	0.11493	0.01327	0.01390	0.03789	0.01694	0.01527	0.00993	0.03054	0.54599	0.02732	0.08200	0.02464	0.02158	0.00888	0.00646	0.00219	0.00514	0.00728	0.00629	0.00955
81	0.01554	0.01776	0.03885	0.02775	0.03441	0.01665	0.70366	0.02109	0.01554	0.02109	0.01332	0.01776	0.00999	0.00555	0.00777	0.00222	0.01110	0.00777	0.00333	0.00888
82	0.01571	0.04969	0.09498	0.10034	0.37438	0.01532	0.10236	0.04543	0.01533	0.04365	0.01561	0.04745	0.03609	0.00703	0.00668	0.00204	0.00806	0.00671	0.00366	0.00947
83	0.00802	0.00573	0.00764	0.00917	0.00955	0.00535	0.00611	0.00917	0.01260	0.01681	0.03628	0.76434	0.04354	0.02062	0.00840	0.00267	0.00382	0.01872	0.00611	0.00535
84	0.00934	0.00741	0.01025	0.01282	0.10502	0.00694	0.00791	0.01129	0.01433	0.01915	0.14443	0.41655	0.16055	0.01681	0.00796	0.00241	0.00421	0.03050	0.00591	0.00621
85	0.02140	0.01882	0.02493	0.04510	0.02509	0.09721	0.22363	0.35647	0.02339	0.05260	0.01477	0.01650	0.01077	0.00702	0.00682	0.00202	0.00881	0.00633	0.02855	0.00981
86	0.00812	0.00665	0.00716	0.00711	0.00912	0.00569	0.00530	0.01007	0.01569	0.01959	0.20604	0.08784	0.55646	0.01614	0.00780	0.00221	0.00330	0.01366	0.00636	0.00569
87	0.01924	0.22005	0.12701	0.03642	0.04220	0.01894	0.16707	0.16873	0.01833	0.10016	0.01383	0.01534	0.01027	0.00649	0.00618	0.00191	0.00827	0.00562	0.00432	0.00963
88	0.00937	0.00743	0.00852	0.00889	0.01047	0.00722	0.00637	0.01351	0.12302	0.01939	0.09370	0.34931	0.26564	0.03514	0.00850	0.00250	0.00389	0.01466	0.00623	0.00623
89	0.01760	0.77260	0.03450	0.01126	0.01690	0.02605	0.01126	0.01971	0.01338	0.01549	0.00915	0.01056	0.00845	0.00563	0.00422	0.00141	0.00704	0.00352	0.00282	0.00845
90	0.01227	0.00614	0.00614	0.00614	0.00767	0.00614	0.00460	0.01534	0.01381	0.02454	0.02148	0.02454	0.01687	0.00767	0.00460	0.00153	0.00307	0.00614	0.80518	0.00614
91	0.01760	0.77260	0.03450	0.01126	0.01690	0.02605	0.01126	0.01971	0.01338	0.01549	0.00915	0.01056	0.00845	0.00563	0.00422	0.00141	0.00704	0.00352	0.00282	0.00845
92	0.61296	0.01370	0.01195	0.01009	0.01446	0.01549	0.00832	0.14943	0.01544	0.07956	0.01156	0.01245	0.00852	0.00659	0.00472	0.00203	0.00553	0.00422	0.00482	0.00817
93	0.01760	0.77260	0.03450	0.01126	0.01690	0.02605	0.01126	0.01971	0.01338	0.01549	0.00915	0.01056	0.00845	0.00563	0.00422	0.00141	0.00704	0.00352	0.00282	0.00845
94	0.02934	0.01152	0.01547	0.01186	0.01696	0.01015	0.00980	0.06155	0.01937	0.70192	0.02553	0.02212	0.01607	0.00814	0.00662	0.00203	0.00567	0.00659	0.00808	0.01120
95	0.00802	0.00573	0.00764	0.00917	0.00955	0.00535	0.00611	0.00917	0.01260	0.01681	0.03628	0.76434	0.04354	0.02062	0.00840	0.00267	0.00382	0.01872	0.00611	0.00535
96	0.01600	0.01545	0.02666	0.08846	0.65723	0.01561	0.04365	0.02000	0.01488	0.02117	0.01237	0.01643	0.01030	0.00590	0.00656	0.00198	0.00800	0.00593	0.00324	0.01016
97	0.00956	0.00645	0.00752	0.00752	0.00764	0.00657	0.00441	0.00979	0.00967	0.01302	0.02043	0.04137	0.02319	0.69696	0.10417	0.00680	0.00750	0.00932	0.00394	0.00418
98	0.00952	0.00723	0.00882	0.00833	0.01016	0.00679	0.00628	0.01343	0.06634	0.02486	0.55231	0.05013	0.18359	0.01375	0.00769	0.00211	0.00329	0.01197	0.00700	0.00638
99	0.00932	0.00673	0.00880	0.00828	0.00984	0.00621	0.00621	0.01242	0.01863	0.02640	0.72410	0.04918	0.06212	0.01346	0.00776	0.00207	0.00311	0.01191	0.00725	0.00621
100	0.03881	0.08995	0.26436	0.07512	0.02156	0.01347	0.04164	0.06461	0.01591	0.02227	0.15186	0.05305	0.10201	0.00936	0.00664	0.00206	0.00695	0.00781	0.00446	0.00810
101	0.01539	0.01727	0.03683	0.02630	0.03290	0.01602	0.64787	0.02073	0.01539	0.02112	0.01319	0.01743	0.00997	0.00550	0.00754	0.00212	0.01060	0.00746	0.00338	0.07302
102	0.13040	0.06945	0.26959	0.06707	0.07293	0.04659	0.06273	0.04036	0.01486	0.05045	0.06391	0.01729	0.01318	0.00688	0.00599	0.00199	0.00783	0.00557	0.04425	0.00867
103	0.54524	0.01672	0.01250	0.01090	0.01503	0.15897	0.00873	0.06784	0.01441	0.05498	0.01057	0.01184	0.00813	0.00640	0.00474	0.00193	0.00660	0.00399	0.00426	0.03622

[dist]
# distance from previous block
# <min> <max>
0	6

[block]
# block no. 6 follows, 33 sequences, length 121
# corresponding to MSA columns:
# 243-363
name=unknown_G
#
# <colnr> <probs for GDERKNQSTAVLIFYWHMCP>
#	G	D	E	R	K	N	Q	S	T	A	V	L	I	F	Y	W	H	M	C	P
0	0.16085	0.09321	0.01699	0.03156	0.01716	0.03687	0.01015	0.25388	0.06742	0.09139	0.10055	0.02039	0.03266	0.00814	0.00600	0.00193	0.00609	0.00620	0.00569	0.03287
1	0.24200	0.13617	0.01866	0.01305	0.01751	0.20608	0.01073	0.19129	0.03870	0.05173	0.01216	0.01305	0.00938	0.00681	0.00536	0.00184	0.00770	0.00453	0.00454	0.00870
2	0.00957	0.00638	0.00718	0.00718	0.00718	0.00638	0.00399	0.00957	0.00957	0.01276	0.02074	0.04308	0.02393	0.76864	0.03351	0.00638	0.00638	0.00957	0.00399	0.00399
3	0.01227	0.00614	0.00614	0.00614	0.00767	0.00614	0.00460	0.01534	0.01381	0.02454	0.02148	0.02454	0.01687	0.00767	0.00460	0.00153	0.00307	0.00614	0.80518	0.00614
4	0.01440	0.01440	0.02016	0.01728	0.01728	0.02016	0.01440	0.01584	0.01008	0.01584	0.00864	0.01440	0.00864	0.01152	0.02160	0.00288	0.75659	0.00576	0.00288	0.00720
5	0.00913	0.00846	0.05034	0.01011	0.01125	0.02875	0.00753	0.01131	0.03868	0.01741	0.03372	0.67082	0.03957	0.01894	0.00814	0.00259	0.00446	0.01706	0.00586	0.00586
6	0.14502	0.16839	0.20687	0.01505	0.02062	0.30336	0.01459	0.02254	0.01525	0.01935	0.01025	0.01197	0.00822	0.00632	0.00540	0.00180	0.00934	0.00416	0.00323	0.00825
7	0.01619	0.01403	0.01511	0.04790	0.01844	0.01629	0.01079	0.03413	0.68290	0.02704	0.02609	0.02423	0.01957	0.00882	0.00669	0.00223	0.00538	0.00737	0.00652	0.01028
8	0.01593	0.04750	0.24889	0.01814	0.08877	0.05984	0.07628	0.02105	0.03671	0.09445	0.05247	0.02392	0.01605	0.00800	0.00662	0.00203	0.00791	0.08129	0.00429	0.08987
9	0.02472	0.01829	0.01958	0.01508	0.02030	0.02027	0.01244	0.68181	0.05526	0.04099	0.01620	0.01612	0.01151	0.00794	0.00659	0.00198	0.00717	0.00598	0.00659	0.01117
10	0.01227	0.00614	0.00614	0.00614	0.00767	0.00614	0.00460	0.01534	0.01381	0.02454	0.02148	0.02454	0.01687	0.00767	0.00460	0.00153	0.00307	0.00614	0.80518	0.00614
11	0.00956	0.00645	0.00753	0.00753	0.00765	0.00657	0.00443	0.00980	0.00968	0.01303	0.02042	0.04130	0.02316	0.69422	0.10686	0.00682	0.00755	0.00931	0.00394	0.00418
12	0.81514	0.01273	0.00968	0.00866	0.01273	0.01477	0.00713	0.01935	0.01120	0.02954	0.00917	0.01069	0.00713	0.00611	0.00407	0.00204	0.00509	0.00356	0.00407	0.00713
13	0.03860	0.24314	0.21794	0.01730	0.04624	0.05837	0.11027	0.12950	0.01690	0.02261	0.01173	0.01363	0.00914	0.00621	0.00581	0.00183	0.00852	0.00498	0.00359	0.03369
14	0.00971	0.00665	0.00782	0.00803	0.00833	0.00666	0.00492	0.03231	0.01102	0.01474	0.02412	0.21101	0.02786	0.54251	0.05191	0.00552	0.00621	0.01151	0.00456	0.00461
15	0.04173	0.03617	0.02425	0.11735	0.25155	0.11108	0.13207	0.04176	0.05553	0.04724	0.01335	0.01629	0.01048	0.00627	0.00642	0.00193	0.00846	0.00582	0.00378	0.06848
16	0.01413	0.01374	0.01818	0.05244	0.01848	0.07535	0.06176	0.05085	0.01266	0.01750	0.01340	0.05601	0.01270	0.02069	0.20664	0.00467	0.33341	0.00679	0.00348	0.00712
17	0.81514	0.01273	0.00968	0.00866	0.01273	0.01477	0.00713	0.01935	0.01120	0.02954	0.00917	0.01069	0.00713	0.00611	0.00407	0.00204	0.00509	0.00356	0.00407	0.00713
18	0.00802	0.00573	0.00764	0.00917	0.00955	0.00535	0.00611	0.00917	0.01260	0.01681	0.03628	0.76434	0.04354	0.02062	0.00840	0.00267	0.00382	0.01872	0.00611	0.00535
19	0.01226	0.01143	0.08412	0.01110	0.01386	0.03547	0.02955	0.01623	0.06269	0.07711	0.24824	0.15025	0.07404	0.05197	0.08839	0.00330	0.00653	0.01062	0.00577	0.00706
20	0.48444	0.01889	0.18754	0.01223	0.01788	0.01587	0.01223	0.13770	0.01525	0.02948	0.01095	0.01235	0.00812	0.00645	0.00504	0.00204	0.00659	0.00429	0.00419	0.00846
21	0.00802	0.00573	0.00764	0.00917	0.00955	0.00535	0.00611	0.00917	0.01260	0.01681	0.03628	0.76434	0.04354	0.02062	0.00840	0.00267	0.00382	0.01872	0.00611	0.00535
22	0.01361	0.03119	0.61243	0.02034	0.02953	0.01553	0.14355	0.02089	0.01419	0.02089	0.01208	0.01458	0.00863	0.00613	0.00652	0.00211	0.00997	0.00537	0.00288	0.00958
23	0.01708	0.04003	0.06795	0.10048	0.18075	0.01694	0.20716	0.11726	0.06786	0.04677	0.01416	0.01712	0.01084	0.00683	0.00783	0.00213	0.05885	0.00640	0.00405	0.00949
24	0.00931	0.00701	0.00865	0.00937	0.01042	0.00691	0.00653	0.01292	0.10212	0.01944	0.13545	0.50597	0.07656	0.04565	0.00900	0.00265	0.00396	0.01573	0.00627	0.00607
25	0.00826	0.00595	0.00786	0.00912	0.00974	0.00555	0.00629	0.00971	0.01342	0.01795	0.10684	0.63389	0.07042	0.01964	0.00835	0.00261	0.00383	0.04886	0.00622	0.00548
26	0.01708	0.09350	0.02792	0.12131	0.23311	0.09224	0.20555	0.04499	0.01575	0.04342	0.01326	0.03790	0.01088	0.00652	0.00664	0.00200	0.00898	0.00638	0.00357	0.00901
27	0.01749	0.26083	0.06796	0.02104	0.06207	0.04050	0.33204	0.04226	0.01549	0.06096	0.01258	0.01522	0.00979	0.00588	0.00634	0.00191	0.00915	0.00594	0.00351	0.00903
28	0.01243	0.01170	0.01975	0.75282	0.04534	0.01463	0.01828	0.01682	0.01316	0.01682	0.01170	0.01755	0.00878	0.00658	0.00658	0.00219	0.00878	0.00585	0.00293	0.00731
29	0.00957	0.00749	0.01054	0.03935	0.09856	0.00728	0.00836	0.01128	0.01308	0.01733	0.03381	0.43528	0.10453	0.09545	0.01072	0.00294	0.00491	0.07811	0.00542	0.00599
30	0.01724	0.03290	0.11097	0.01556	0.05836	0.03119	0.10833	0.05862	0.01701	0.19683	0.10091	0.09068	0.11234	0.01003	0.00707	0.00212	0.00661	0.00887	0.00563	0.00872
31	0.02197	0.21299	0.02419	0.01717	0.05331	0.44875	0.05271	0.06162	0.01767	0.01790	0.01052	0.01231	0.00880	0.00645	0.00568	0.00168	0.01018	0.00443	0.00342	0.00823
32	0.02885	0.01231	0.01596	0.01224	0.01736	0.01132	0.01011	0.13489	0.02069	0.62671	0.02442	0.02140	0.01552	0.00811	0.00662	0.00203	0.00585	0.00651	0.00791	0.01120
33	0.01439	0.01181	0.03907	0.04715	0.01690	0.00905	0.00887	0.01755	0.01473	0.08354	0.10492	0.01920	0.01698	0.00640	0.00553	0.00131	0.00508	0.00530	0.00461	0.56761
34	0.01485	0.07592	0.42416	0.01703	0.05418	0.01475	0.03404	0.05244	0.03043	0.04830	0.03801	0.01572	0.01130	0.00642	0.00604	0.00185	0.00812	0.00515	0.00362	0.13769
35	0.48640	0.07826	0.14011	0.01560	0.12783	0.01591	0.01250	0.01977	0.01244	0.02564	0.01013	0.01212	0.00796	0.00606	0.00485	0.00198	0.00648	0.00415	0.00362	0.00820
36	0.02503	0.01844	0.01976	0.01515	0.02042	0.02042	0.01251	0.70562	0.03095	0.04149	0.01581	0.01581	0.01120	0.00790	0.00659	0.00198	0.00724	0.00593	0.00659	0.01120
37	0.00940	0.00705	0.01058	0.01058	0.01176	0.00823	0.00823	0.01176	0.01058	0.01528	0.01763	0.02586	0.01646	0.04937	0.74255	0.01058	0.01763	0.00705	0.00353	0.00588
38	0.01659	0.01425	0.01501	0.01344	0.01720	0.01648	0.01047	0.05175	0.69856	0.02789	0.02652	0.02434	0.01987	0.00891	0.00670	0.00223	0.00526	0.00741	0.00670	0.01044
39	0.01472	0.01432	0.02297	0.30622	0.28916	0.04120	0.06377	0.03439	0.01434	0.01930	0.01309	0.05390	0.01123	0.00737	0.00785	0.00216	0.06554	0.00656	0.00333	0.00856
40	0.01243	0.01170	0.01975	0.75282	0.04534	0.01463	0.01828	0.01682	0.01316	0.01682	0.01170	0.01755	0.00878	0.00658	0.00658	0.00219	0.00878	0.00585	0.00293	0.00731
41	0.00802	0.00573	0.00764	0.00917	0.00955	0.00535	0.00611	0.00917	0.01260	0.01681	0.03628	0.76434	0.04354	0.02062	0.00840	0.00267	0.00382	0.01872	0.00611	0.00535
42	0.00955	0.00642	0.00734	0.00729	0.00745	0.00637	0.00421	0.00986	0.01049	0.01414	0.09181	0.04370	0.02779	0.69234	0.03091	0.00595	0.00605	0.00981	0.00432	0.00421
43	0.10346	0.08105	0.01959	0.01704	0.06683	0.47343	0.01252	0.11320	0.01887	0.02109	0.01088	0.01247	0.00883	0.00672	0.00575	0.00176	0.00996	0.00445	0.00383	0.00829
44	0.01760	0.77260	0.03450	0.01126	0.01690	0.02605	0.01126	0.01971	0.01338	0.01549	0.00915	0.01056	0.00845	0.00563	0.00422	0.00141	0.00704	0.00352	0.00282	0.00845
45	0.01616	0.06606	0.13066	0.01323	0.01920	0.01362	0.04402	0.12480	0.07692	0.04647	0.05040	0.01703	0.01344	0.00652	0.00580	0.00159	0.00639	0.00531	0.00458	0.33779
46	0.01805	0.14160	0.34441	0.01612	0.04851	0.01589	0.01705	0.02499	0.10714	0.17862	0.01652	0.01675	0.01174	0.00691	0.00609	0.00198	0.00773	0.00542	0.00451	0.00997
47	0.00802	0.00573	0.00764	0.00917	0.00955	0.00535	0.00611	0.00917	0.01260	0.01681	0.03628	0.76434	0.04354	0.02062	0.00840	0.00267	0.00382	0.01872	0.00611	0.00535
48	0.00802	0.00573	0.00764	0.00917	0.00955	0.00535	0.00611	0.00917	0.01260	0.01681	0.03628	0.76434	0.04354	0.02062	0.00840	0.00267	0.00382	0.01872	0.00611	0.00535
49	0.02117	0.14662	0.02024	0.01473	0.01861	0.32501	0.01178	0.06238	0.19630	0.06170	0.01539	0.01583	0.01205	0.00750	0.00665	0.00188	0.04352	0.00524	0.00456	0.00885
50	0.02908	0.01193	0.01573	0.01206	0.01717	0.01076	0.00996	0.10014	0.02007	0.66235	0.02494	0.02174	0.01578	0.00812	0.00662	0.00203	0.00577	0.00655	0.00799	0.01120
51	0.01629	0.01564	0.02672	0.04041	0.72757	0.01564	0.02020	0.02020	0.01499	0.02151	0.01238	0.01629	0.01043	0.00587	0.00652	0.00196	0.00782	0.00587	0.00326	0.01043
52	0.00782	0.00667	0.00673	0.00671	0.00892	0.00558	0.00503	0.00953	0.01510	0.01802	0.08442	0.06297	0.70703	0.01659	0.00778	0.00222	0.00333	0.01384	0.00614	0.00558
53	0.01637	0.01598	0.02603	0.08083	0.66281	0.04152	0.01983	0.02023	0.01502	0.02104	0.01226	0.01621	0.01026	0.00594	0.00650	0.00196	0.00802	0.00581	0.00324	0.01015
