[name]
unknown

[dist]
# distance from previous block
# <min> <max>
0	1

[block]
# block no. 0 follows, 32 sequences, length 35
# corresponding to MSA columns:
# 1-35
name=unknown_A
#
# <colnr> <probs for GDERKNQSTAVLIFYWHMCP>
#	G	D	E	R	K	N	Q	S	T	A	V	L	I	F	Y	W	H	M	C	P
0	0.11766	0.02254	0.05583	0.01495	0.01854	0.36201	0.01237	0.08081	0.01800	0.02154	0.01717	0.02842	0.01625	0.00982	0.00670	0.00216	0.00923	0.17377	0.00448	0.00775
1	0.05244	0.02458	0.01807	0.05677	0.02104	0.43704	0.01241	0.12849	0.04674	0.09086	0.03927	0.01591	0.01225	0.00752	0.00628	0.00188	0.00975	0.00529	0.00469	0.00870
2	0.08729	0.19800	0.01969	0.01296	0.01708	0.10383	0.01064	0.02840	0.37113	0.02347	0.01977	0.04814	0.01601	0.00826	0.00596	0.00201	0.00650	0.00635	0.00521	0.00930
3	0.01978	0.54561	0.03069	0.01403	0.04508	0.17234	0.01221	0.05969	0.01581	0.01764	0.01005	0.01156	0.00885	0.00612	0.00489	0.00155	0.00823	0.00397	0.00322	0.00867
4	0.01803	0.01369	0.01545	0.01198	0.01724	0.01298	0.00961	0.14249	0.18665	0.08827	0.01766	0.01778	0.01334	0.00680	0.00588	0.00158	0.00554	0.00546	0.00552	0.40405
5	0.01895	0.01427	0.01550	0.01353	0.01759	0.01602	0.01064	0.07259	0.58112	0.12087	0.02657	0.02424	0.01946	0.00894	0.00681	0.00223	0.00548	0.00739	0.00702	0.01077
6	0.02551	0.01879	0.02014	0.01544	0.02081	0.02081	0.01275	0.69996	0.03155	0.04229	0.01611	0.01611	0.01141	0.00805	0.00671	0.00201	0.00738	0.00604	0.00671	0.01141
7	0.00976	0.00651	0.00732	0.00732	0.00732	0.00651	0.00407	0.00976	0.00976	0.01301	0.02114	0.04391	0.02439	0.76419	0.03415	0.00651	0.00651	0.00976	0.00407	0.00407
8	0.01534	0.09583	0.29303	0.02641	0.19928	0.01712	0.21558	0.02105	0.01487	0.02096	0.01236	0.01556	0.00951	0.00601	0.00668	0.00207	0.00958	0.00593	0.00312	0.00972
9	0.02509	0.01866	0.02047	0.01665	0.05382	0.02058	0.01312	0.66799	0.03078	0.04133	0.01595	0.01613	0.01137	0.00796	0.00671	0.00201	0.00741	0.00604	0.00655	0.01137
10	0.00793	0.00680	0.00680	0.00680	0.00906	0.00566	0.00510	0.00963	0.01529	0.01813	0.06797	0.06457	0.71961	0.01699	0.00793	0.00227	0.00340	0.01416	0.00623	0.00566
11	0.00816	0.00589	0.00774	0.00921	0.00970	0.00546	0.00617	0.00936	0.01297	0.01718	0.03854	0.72486	0.07832	0.02082	0.00853	0.00270	0.00387	0.01883	0.00623	0.00546
12	0.02942	0.01238	0.04502	0.01223	0.01762	0.01010	0.01048	0.03223	0.01900	0.69787	0.02588	0.02248	0.01628	0.00823	0.00673	0.00208	0.00588	0.00667	0.00808	0.01136
13	0.55135	0.01785	0.01360	0.01369	0.07645	0.19071	0.00981	0.02152	0.01360	0.02607	0.00988	0.01169	0.00789	0.00637	0.00483	0.00198	0.00711	0.00400	0.00391	0.00768
14	0.01129	0.00725	0.00954	0.00875	0.01064	0.00664	0.00664	0.01440	0.01901	0.08769	0.65869	0.04775	0.05926	0.01325	0.00781	0.00211	0.00339	0.01167	0.00747	0.00677
15	0.01763	0.01768	0.04906	0.11718	0.30083	0.07825	0.21883	0.02197	0.01582	0.07695	0.01371	0.01723	0.01054	0.00625	0.00698	0.00209	0.00931	0.00644	0.00370	0.00958
16	0.01451	0.01380	0.02344	0.41843	0.36150	0.01539	0.01955	0.01875	0.01428	0.01937	0.01225	0.01729	0.00973	0.00637	0.00668	0.00212	0.00849	0.00597	0.00314	0.00893
17	0.00966	0.00785	0.01186	0.25307	0.02177	0.00857	0.01032	0.01192	0.01303	0.01713	0.02872	0.51502	0.03269	0.01630	0.00795	0.00256	0.00556	0.01475	0.00516	0.00611
18	0.01274	0.01390	0.08171	0.68478	0.04472	0.01497	0.01917	0.01750	0.01348	0.01750	0.01194	0.01757	0.00891	0.00668	0.00668	0.00223	0.00903	0.00588	0.00297	0.00767
19	0.01746	0.06884	0.32515	0.02233	0.11842	0.07033	0.14991	0.02294	0.01557	0.10542	0.01386	0.01593	0.01009	0.00642	0.00661	0.00206	0.00943	0.00575	0.00371	0.00979
20	0.04508	0.02182	0.27341	0.02122	0.09079	0.01488	0.18932	0.06255	0.03431	0.08874	0.01655	0.08122	0.01344	0.00778	0.00697	0.00219	0.00873	0.00728	0.00421	0.00953
21	0.03663	0.01632	0.09709	0.01867	0.12857	0.08848	0.03192	0.01772	0.01362	0.03720	0.07462	0.02200	0.01644	0.06870	0.13859	0.00405	0.17111	0.00669	0.00380	0.00779
22	0.35867	0.07997	0.09235	0.01402	0.01926	0.10629	0.07107	0.14186	0.01678	0.02776	0.01132	0.01293	0.00866	0.00656	0.00541	0.00199	0.00762	0.00465	0.00422	0.00861
23	0.36955	0.09622	0.05445	0.01185	0.01674	0.01491	0.05742	0.02194	0.05676	0.11908	0.01478	0.05192	0.01183	0.00724	0.00535	0.00198	0.00608	0.00546	0.00470	0.07174
24	0.16814	0.12235	0.03710	0.03021	0.04797	0.11556	0.02689	0.04252	0.09356	0.13762	0.01514	0.01572	0.01136	0.00680	0.00563	0.00183	0.00702	0.00506	0.00479	0.10473
25	0.01882	0.19521	0.19584	0.01657	0.03895	0.13932	0.06762	0.04851	0.07411	0.08417	0.03214	0.01607	0.01200	0.00687	0.00606	0.00188	0.00857	0.00537	0.00411	0.02780
26	0.07549	0.15175	0.08022	0.03121	0.05953	0.08673	0.01199	0.09554	0.04966	0.11117	0.05897	0.04590	0.06881	0.00850	0.00617	0.00193	0.00689	0.00664	0.00499	0.03790
27	0.01920	0.12003	0.08287	0.04084	0.04396	0.09104	0.14847	0.08852	0.15770	0.09693	0.03317	0.01857	0.01374	0.00728	0.00658	0.00203	0.00820	0.00634	0.00487	0.00965
28	0.07050	0.07039	0.10723	0.01475	0.02052	0.03172	0.06282	0.24831	0.06687	0.07445	0.01531	0.01669	0.01152	0.02780	0.00691	0.00199	0.00728	0.00561	0.00510	0.13422
29	0.07319	0.06240	0.05717	0.09273	0.06618	0.03402	0.10410	0.13044	0.04279	0.08386	0.03984	0.02270	0.01496	0.00814	0.00708	0.00211	0.02808	0.06431	0.00481	0.06109
30	0.01689	0.01721	0.05151	0.07046	0.07306	0.10010	0.16181	0.05335	0.06194	0.04906	0.05163	0.01824	0.01358	0.00696	0.00733	0.00189	0.04551	0.00617	0.00424	0.18907
31	0.02076	0.06612	0.07351	0.01880	0.10511	0.09024	0.06683	0.25007	0.07634	0.07506	0.01677	0.01763	0.02857	0.00736	0.00649	0.00194	0.00789	0.00601	0.00513	0.05936
32	0.05017	0.03632	0.04423	0.05576	0.12421	0.01337	0.15901	0.05086	0.04445	0.07504	0.04621	0.09141	0.03498	0.00825	0.00675	0.00199	0.00716	0.00772	0.00462	0.13747
33	0.01621	0.04635	0.03687	0.10988	0.04054	0.04069	0.13441	0.03833	0.05224	0.08348	0.06199	0.02004	0.03078	0.00707	0.00674	0.00181	0.02346	0.00630	0.00449	0.23830
34	0.08042	0.03275	0.05873	0.03756	0.12522	0.01339	0.06155	0.09901	0.03265	0.11940	0.07393	0.02024	0.03137	0.00730	0.00627	0.00184	0.00654	0.00622	0.00502	0.18060

[dist]
# distance from previous block
# <min> <max>
4	35

[block]
# block no. 1 follows, 32 sequences, length 26
# corresponding to MSA columns:
# 73-98
name=unknown_B
#
# <colnr> <probs for GDERKNQSTAVLIFYWHMCP>
#	G	D	E	R	K	N	Q	S	T	A	V	L	I	F	Y	W	H	M	C	P
0	0.05978	0.03771	0.08450	0.07703	0.04001	0.01497	0.08554	0.12100	0.12708	0.07176	0.03635	0.04054	0.03620	0.00914	0.02586	0.00228	0.02679	0.00680	0.00500	0.09166
1	0.05992	0.06970	0.03478	0.04641	0.09215	0.11252	0.08399	0.09657	0.06755	0.14018	0.08747	0.02038	0.01697	0.00792	0.00710	0.00204	0.03335	0.00652	0.00517	0.00929
2	0.04461	0.01753	0.08495	0.04121	0.10382	0.01629	0.05461	0.26464	0.08896	0.09073	0.01629	0.01718	0.01192	0.00714	0.00646	0.00194	0.00724	0.00592	0.00536	0.11321
3	0.03754	0.03163	0.04602	0.12236	0.06451	0.01404	0.06965	0.05703	0.20425	0.06291	0.09137	0.04131	0.03989	0.00853	0.00675	0.00207	0.00651	0.00745	0.00529	0.08090
4	0.05856	0.06046	0.01742	0.02667	0.01814	0.08474	0.03014	0.19542	0.04653	0.07238	0.03582	0.06213	0.03285	0.00800	0.00612	0.00176	0.00660	0.00636	0.00521	0.22468
5	0.01438	0.01456	0.09038	0.03332	0.06474	0.03037	0.02933	0.06422	0.10707	0.04334	0.10980	0.05370	0.10002	0.04755	0.00950	0.00231	0.06866	0.00820	0.00511	0.10346
6	0.13075	0.02904	0.03484	0.07982	0.10238	0.04067	0.04629	0.16315	0.03461	0.05648	0.01560	0.07792	0.01320	0.00781	0.00619	0.00193	0.00688	0.00646	0.00476	0.14121
7	0.01884	0.07095	0.02054	0.04381	0.15240	0.05653	0.03841	0.16536	0.01913	0.08423	0.07323	0.01863	0.01522	0.00708	0.00624	0.00175	0.00692	0.00592	0.00491	0.18991
8	0.13020	0.02017	0.09671	0.07969	0.07483	0.15868	0.01385	0.14790	0.07713	0.04255	0.04717	0.01700	0.01294	0.00750	0.00660	0.00202	0.02695	0.00562	0.00462	0.02787
9	0.01712	0.01640	0.07273	0.07342	0.17715	0.04977	0.06700	0.04912	0.06741	0.08162	0.01467	0.01671	0.01127	0.00628	0.00621	0.00175	0.00732	0.00554	0.00429	0.25423
10	0.00930	0.00709	0.00864	0.00808	0.01006	0.00628	0.00608	0.01207	0.01776	0.02432	0.51042	0.05216	0.23525	0.01415	0.00777	0.00210	0.00332	0.01227	0.00691	0.04597
11	0.01084	0.00873	0.00946	0.00875	0.01129	0.00842	0.00671	0.07140	0.10049	0.02353	0.22090	0.05219	0.41329	0.01449	0.00769	0.00221	0.00390	0.01219	0.00663	0.00690
12	0.02506	0.03198	0.01901	0.01729	0.02074	0.73725	0.01296	0.02679	0.01901	0.01642	0.01037	0.01210	0.00864	0.00691	0.00605	0.00173	0.01210	0.00432	0.00346	0.00778
13	0.02775	0.01348	0.01664	0.01294	0.01805	0.01314	0.01063	0.19432	0.08607	0.49680	0.02404	0.02141	0.01571	0.00832	0.00675	0.00208	0.00608	0.00665	0.00778	0.01134
14	0.00996	0.00722	0.00837	0.00812	0.00838	0.00759	0.00507	0.01028	0.01043	0.01385	0.02543	0.04380	0.10204	0.61621	0.03016	0.00572	0.06868	0.00993	0.00422	0.00452
15	0.02367	0.02925	0.01864	0.01689	0.02024	0.62480	0.01277	0.02734	0.09714	0.01773	0.01223	0.01368	0.00999	0.00737	0.00682	0.00184	0.04294	0.00476	0.00382	0.00808
16	0.01538	0.01711	0.03578	0.10913	0.03487	0.01703	0.56350	0.02055	0.01510	0.02055	0.01299	0.01779	0.00993	0.00629	0.00896	0.00232	0.07317	0.00752	0.00331	0.00873
17	0.01633	0.06366	0.09164	0.08897	0.06096	0.01753	0.45800	0.07789	0.01665	0.02251	0.01323	0.01710	0.00996	0.00603	0.00732	0.00217	0.01028	0.00701	0.00356	0.00922
18	0.03736	0.01470	0.02010	0.33110	0.15135	0.07564	0.01610	0.02047	0.04234	0.07511	0.01327	0.01708	0.01028	0.00727	0.00820	0.00214	0.09191	0.00577	0.00374	0.05607
19	0.01480	0.15018	0.05381	0.05022	0.01809	0.07971	0.03716	0.04080	0.07344	0.02019	0.04456	0.05011	0.11784	0.03184	0.02670	0.00216	0.00690	0.00714	0.00443	0.16991
20	0.01553	0.09821	0.09985	0.01563	0.04525	0.03128	0.10437	0.03783	0.09385	0.06641	0.04087	0.09905	0.05589	0.00903	0.00720	0.00200	0.03599	0.00777	0.00470	0.12929
21	0.05527	0.03742	0.15271	0.10479	0.08104	0.03831	0.03547	0.08698	0.01616	0.06691	0.03788	0.06271	0.06886	0.05358	0.00819	0.00230	0.00732	0.00723	0.00447	0.07242
22	0.06212	0.13458	0.05460	0.01511	0.05607	0.12955	0.04819	0.05779	0.03820	0.07364	0.01421	0.05219	0.01209	0.00857	0.00793	0.06108	0.03322	0.00571	0.00417	0.13099
23	0.10225	0.01673	0.03679	0.05481	0.07838	0.15157	0.01169	0.07053	0.06623	0.13615	0.02105	0.02229	0.08203	0.02676	0.03689	0.00248	0.03201	0.00649	0.00502	0.03986
24	0.08340	0.18083	0.01957	0.01335	0.04492	0.12653	0.01049	0.04543	0.08587	0.16770	0.04701	0.04286	0.01572	0.03736	0.00699	0.00203	0.00690	0.00607	0.00513	0.05187
25	0.06998	0.07959	0.06188	0.01580	0.05434	0.10067	0.07619	0.12139	0.05858	0.03731	0.02050	0.12227	0.05823	0.04743	0.00880	0.00236	0.04346	0.00814	0.00474	0.00834

[dist]
# distance from previous block
# <min> <max>
9	24

[block]
# block no. 2 follows, 32 sequences, length 72
# corresponding to MSA columns:
# 123-194
name=unknown_C
#
# <colnr> <probs for GDERKNQSTAVLIFYWHMCP>
#	G	D	E	R	K	N	Q	S	T	A	V	L	I	F	Y	W	H	M	C	P
0	0.27643	0.01693	0.03991	0.03324	0.05635	0.12889	0.01083	0.14084	0.05686	0.02781	0.09287	0.05842	0.01752	0.00847	0.00600	0.00206	0.00680	0.00642	0.00500	0.00835
1	0.01646	0.01352	0.01863	0.04123	0.04188	0.03636	0.11368	0.07449	0.08989	0.09370	0.05978	0.07710	0.06075	0.00907	0.00774	0.00200	0.05262	0.00784	0.00520	0.17805
2	0.54780	0.01564	0.06037	0.01114	0.01587	0.01630	0.00973	0.14872	0.07065	0.03164	0.01221	0.01321	0.00917	0.00681	0.00499	0.00208	0.00593	0.00449	0.00476	0.00849
3	0.01633	0.01590	0.02596	0.14060	0.60356	0.03938	0.02007	0.02031	0.01514	0.02106	0.01245	0.01664	0.01032	0.00611	0.00663	0.00202	0.00824	0.00592	0.00328	0.01009
4	0.01920	0.01586	0.01674	0.01439	0.01854	0.06030	0.03164	0.11057	0.51735	0.08174	0.02452	0.02285	0.01812	0.00869	0.00679	0.00220	0.00617	0.00716	0.00662	0.01055
5	0.00925	0.00687	0.00866	0.00848	0.01014	0.00628	0.00645	0.01205	0.01776	0.02430	0.51364	0.08428	0.18440	0.01502	0.00805	0.00224	0.00348	0.06547	0.00702	0.00616
6	0.00837	0.00592	0.00773	0.00910	0.00944	0.00558	0.00597	0.00939	0.01247	0.01663	0.03507	0.67345	0.04197	0.11067	0.01165	0.00318	0.00421	0.01795	0.00597	0.00528
7	0.00950	0.00686	0.00897	0.00844	0.01002	0.00633	0.00633	0.01266	0.01899	0.02691	0.71879	0.05012	0.06331	0.01372	0.00791	0.00211	0.00317	0.01213	0.00739	0.00633
8	0.02526	0.02602	0.01952	0.01645	0.02077	0.41334	0.01287	0.33114	0.02468	0.02812	0.01297	0.01391	0.00989	0.00743	0.00635	0.00186	0.00997	0.00510	0.00493	0.00942
9	0.01880	0.01460	0.01577	0.01357	0.01762	0.01642	0.01072	0.16141	0.49421	0.07528	0.06700	0.02470	0.02109	0.00913	0.00687	0.00220	0.00560	0.00751	0.00693	0.01056
10	0.02003	0.01607	0.01705	0.01433	0.01872	0.01825	0.01143	0.28713	0.45330	0.03345	0.02307	0.02166	0.01705	0.00871	0.00678	0.00218	0.00610	0.00700	0.00678	0.01092
11	0.01584	0.01810	0.03959	0.02828	0.03507	0.01697	0.69796	0.02149	0.01584	0.02149	0.01357	0.01810	0.01018	0.00566	0.00792	0.00226	0.01131	0.00792	0.00339	0.00905
12	0.01568	0.01469	0.02323	0.20478	0.42602	0.01584	0.01822	0.02265	0.14772	0.02196	0.01526	0.01852	0.01211	0.00675	0.00669	0.00211	0.00769	0.00628	0.00391	0.00987
13	0.34936	0.04855	0.38401	0.01434	0.02157	0.01555	0.01657	0.02090	0.01314	0.04531	0.01124	0.01294	0.00822	0.00635	0.00539	0.00208	0.00772	0.00441	0.00355	0.00880
14	0.02506	0.03198	0.01901	0.01729	0.02074	0.73725	0.01296	0.02679	0.01901	0.01642	0.01037	0.01210	0.00864	0.00691	0.00605	0.00173	0.01210	0.00432	0.00346	0.00778
15	0.01391	0.01193	0.01391	0.00994	0.01590	0.00894	0.00795	0.01690	0.01391	0.02186	0.01193	0.01391	0.00994	0.00497	0.00497	0.00099	0.00497	0.00398	0.00398	0.80521
16	0.00818	0.00584	0.00779	0.00934	0.00973	0.00545	0.00623	0.00934	0.01285	0.01713	0.03698	0.75981	0.04438	0.02102	0.00856	0.00273	0.00389	0.01908	0.00623	0.00545
17	0.00818	0.00584	0.00779	0.00934	0.00973	0.00545	0.00623	0.00934	0.01285	0.01713	0.03698	0.75981	0.04438	0.02102	0.00856	0.00273	0.00389	0.01908	0.00623	0.00545
18	0.06689	0.09210	0.02183	0.04712	0.18012	0.36749	0.01431	0.06974	0.01790	0.04579	0.01175	0.01380	0.00950	0.00668	0.00601	0.00183	0.00966	0.00485	0.00379	0.00884
19	0.07592	0.04412	0.01961	0.01566	0.01837	0.06973	0.01292	0.26595	0.01892	0.02670	0.01263	0.04098	0.01089	0.00978	0.01295	0.00239	0.32306	0.00605	0.00455	0.00883
20	0.00827	0.00591	0.00789	0.00945	0.00988	0.00553	0.00639	0.00951	0.01294	0.01723	0.03693	0.73515	0.04417	0.02093	0.00859	0.00274	0.00398	0.04279	0.00623	0.00548
21	0.01647	0.01391	0.02123	0.02868	0.42505	0.01415	0.01568	0.02312	0.15021	0.07404	0.12661	0.02390	0.02117	0.00795	0.00688	0.00207	0.00655	0.00730	0.00499	0.01001
22	0.02513	0.03014	0.01917	0.01703	0.02075	0.63741	0.01294	0.12061	0.02076	0.02003	0.01117	0.01266	0.00903	0.00707	0.00614	0.00177	0.01144	0.00456	0.00391	0.00828
23	0.01556	0.01327	0.01417	0.01282	0.01630	0.01511	0.00994	0.03210	0.60601	0.02763	0.11194	0.02925	0.04660	0.00990	0.00699	0.00226	0.00499	0.00833	0.00688	0.00995
24	0.02532	0.02902	0.01908	0.01678	0.02062	0.59078	0.01282	0.13999	0.02113	0.04639	0.01192	0.01316	0.00939	0.00716	0.00619	0.00179	0.01108	0.00470	0.00418	0.00852
25	0.01166	0.00583	0.00874	0.00874	0.00874	0.00583	0.00583	0.00874	0.00874	0.01166	0.01166	0.02040	0.01166	0.02331	0.02622	0.80478	0.00583	0.00583	0.00291	0.00291
26	0.01317	0.01232	0.02016	0.65748	0.08083	0.01509	0.01817	0.01865	0.06309	0.01818	0.01306	0.01833	0.00986	0.00684	0.00671	0.00223	0.00863	0.00608	0.00327	0.00785
27	0.00959	0.00719	0.01078	0.01078	0.01198	0.00839	0.00839	0.01198	0.01078	0.01558	0.01797	0.02636	0.01677	0.05032	0.73760	0.01078	0.01797	0.00719	0.00359	0.00599
28	0.01006	0.00781	0.00917	0.00862	0.01070	0.00744	0.00654	0.03543	0.07026	0.02425	0.40897	0.05087	0.26694	0.01561	0.03528	0.00250	0.00410	0.01206	0.00681	0.00659
29	0.02133	0.01719	0.02182	0.02360	0.25328	0.01834	0.01497	0.39075	0.08044	0.03348	0.01568	0.01690	0.01182	0.00732	0.00662	0.00198	0.00731	0.00606	0.00548	0.04563
30	0.02310	0.01706	0.01860	0.01419	0.01961	0.01800	0.01165	0.52175	0.05162	0.06069	0.01604	0.01622	0.01162	0.00750	0.00638	0.00183	0.00679	0.00572	0.00624	0.16540
31	0.02013	0.01556	0.01831	0.01655	0.07526	0.01697	0.03388	0.22179	0.35783	0.08731	0.02187	0.02101	0.01608	0.00823	0.00674	0.00211	0.00632	0.00683	0.00642	0.04079
32	0.40376	0.01276	0.01373	0.01317	0.09033	0.01285	0.00938	0.02202	0.01398	0.17590	0.01385	0.01464	0.01014	0.00640	0.00513	0.00185	0.00556	0.00461	0.00491	0.16505
33	0.45681	0.01283	0.01142	0.01031	0.01413	0.01466	0.00822	0.02421	0.25087	0.02842	0.03976	0.02087	0.06699	0.00823	0.00546	0.00216	0.00504	0.00602	0.00531	0.00827
34	0.02008	0.04832	0.07034	0.07523	0.04299	0.26075	0.05750	0.02801	0.22433	0.07956	0.01724	0.01793	0.01301	0.00748	0.00649	0.00202	0.00879	0.00593	0.00475	0.00925
35	0.01620	0.01548	0.02617	0.03735	0.61918	0.01519	0.04495	0.02014	0.01519	0.02185	0.01320	0.01800	0.01129	0.00621	0.00662	0.00195	0.00780	0.02357	0.00345	0.07620
36	0.00848	0.00679	0.00758	0.00744	0.00942	0.00589	0.00556	0.01067	0.01650	0.02113	0.29220	0.08050	0.47224	0.01598	0.00794	0.00223	0.00333	0.01361	0.00663	0.00589
37	0.01139	0.00956	0.01259	0.01197	0.01313	0.04048	0.00936	0.03112	0.01154	0.01625	0.01646	0.02480	0.01557	0.08189	0.54532	0.00881	0.12288	0.00699	0.00360	0.00629
38	0.00959	0.00719	0.01078	0.01078	0.01198	0.00839	0.00839	0.01198	0.01078	0.01558	0.01797	0.02636	0.01677	0.05032	0.73760	0.01078	0.01797	0.00719	0.00359	0.00599
39	0.01794	0.76823	0.03516	0.01148	0.01722	0.02655	0.01148	0.02009	0.01363	0.01579	0.00933	0.01076	0.00861	0.00574	0.00431	0.00144	0.00718	0.00359	0.00287	0.00861
40	0.00959	0.00719	0.01078	0.01078	0.01198	0.00839	0.00839	0.01198	0.01078	0.01558	0.01797	0.02636	0.01677	0.05032	0.73760	0.01078	0.01797	0.00719	0.00359	0.00599
41	0.01152	0.00963	0.01651	0.01453	0.03855	0.00921	0.18764	0.01409	0.01337	0.01895	0.02454	0.26615	0.02596	0.15991	0.01275	0.00315	0.00642	0.03030	0.13038	0.00644
42	0.00878	0.00679	0.00801	0.00778	0.00961	0.00602	0.00581	0.01126	0.01720	0.02283	0.41802	0.08296	0.34001	0.01538	0.00795	0.00220	0.00329	0.01325	0.00685	0.00602
43	0.01486	0.01497	0.02525	0.32475	0.21448	0.03792	0.13240	0.01892	0.01405	0.01895	0.01192	0.01699	0.00956	0.00702	0.00893	0.00226	0.10885	0.00623	0.00315	0.00854
44	0.50205	0.01743	0.03365	0.03648	0.07185	0.13773	0.04917	0.04329	0.01404	0.02645	0.01038	0.01241	0.00814	0.00637	0.00510	0.00203	0.00723	0.00435	0.00394	0.00792
45	0.01267	0.01193	0.02013	0.74806	0.04621	0.01491	0.01863	0.01714	0.01342	0.01714	0.01193	0.01789	0.00894	0.00671	0.00671	0.00224	0.00894	0.00596	0.00298	0.00745
46	0.02456	0.02295	0.01979	0.01761	0.07035	0.28833	0.01309	0.34372	0.02450	0.06467	0.01409	0.01491	0.01053	0.00739	0.00640	0.00188	0.00903	0.00536	0.00524	0.03559
47	0.00926	0.00685	0.00863	0.00819	0.00988	0.00623	0.00614	0.01220	0.01842	0.02556	0.61858	0.05235	0.16436	0.01422	0.00792	0.00213	0.00320	0.01245	0.00721	0.00623
48	0.00852	0.00619	0.00804	0.00891	0.00976	0.00571	0.00617	0.01027	0.01470	0.01986	0.22481	0.51584	0.09889	0.01874	0.00834	0.00252	0.00366	0.01683	0.00654	0.00571
49	0.00976	0.00651	0.00732	0.00732	0.00732	0.00651	0.00407	0.00976	0.00976	0.01301	0.02114	0.04391	0.02439	0.76419	0.03415	0.00651	0.00651	0.00976	0.00407	0.00407
50	0.00818	0.00584	0.00779	0.00934	0.00973	0.00545	0.00623	0.00934	0.01285	0.01713	0.03698	0.75981	0.04438	0.02102	0.00856	0.00273	0.00389	0.01908	0.00623	0.00545
51	0.02078	0.01644	0.01747	0.01448	0.01901	0.01860	0.01161	0.34362	0.39559	0.03466	0.02212	0.02090	0.01628	0.00862	0.00677	0.00215	0.00627	0.00687	0.00677	0.01099
52	0.00818	0.00584	0.00779	0.00934	0.00973	0.00545	0.00623	0.00934	0.01285	0.01713	0.03698	0.75981	0.04438	0.02102	0.00856	0.00273	0.00389	0.01908	0.00623	0.00545
53	0.01860	0.01594	0.02113	0.05485	0.28643	0.01732	0.01524	0.18795	0.25601	0.02869	0.01843	0.01941	0.01411	0.00757	0.00673	0.00210	0.00696	0.00654	0.00531	0.01068
54	0.00959	0.00719	0.01078	0.01078	0.01198	0.00839	0.00839	0.01198	0.01078	0.01558	0.01797	0.02636	0.01677	0.05032	0.73760	0.01078	0.01797	0.00719	0.00359	0.00599
55	0.01468	0.01468	0.02055	0.01762	0.01762	0.02055	0.01468	0.01615	0.01028	0.01615	0.00881	0.01468	0.00881	0.01174	0.02202	0.00294	0.75191	0.00587	0.00294	0.00734
56	0.01635	0.01568	0.02677	0.08790	0.67765	0.01587	0.02046	0.02036	0.01516	0.02161	0.01258	0.01669	0.01052	0.00603	0.00665	0.00201	0.00804	0.00598	0.00330	0.01042
57	0.00823	0.00588	0.00784	0.00930	0.00974	0.00549	0.00623	0.00949	0.01311	0.01755	0.06665	0.72893	0.04520	0.02070	0.00854	0.00270	0.00386	0.01877	0.00628	0.00549
58	0.01166	0.01027	0.01525	0.11749	0.01865	0.01323	0.01187	0.01405	0.01099	0.01598	0.01417	0.02140	0.01310	0.03172	0.40369	0.00705	0.25291	0.00659	0.00330	0.00663
59	0.01913	0.01242	0.01410	0.01085	0.01581	0.05748	0.00866	0.02193	0.01660	0.24298	0.11203	0.02149	0.01916	0.00733	0.00600	0.00153	0.00543	0.00597	0.00576	0.39532
60	0.01567	0.39616	0.38731	0.01536	0.02322	0.02099	0.01823	0.02068	0.01390	0.01856	0.01070	0.01249	0.00855	0.00606	0.00536	0.00179	0.00857	0.00428	0.00285	0.00927
61	0.00959	0.00719	0.01078	0.01078	0.01198	0.00839	0.00839	0.01198	0.01078	0.01558	0.01797	0.02636	0.01677	0.05032	0.73760	0.01078	0.01797	0.00719	0.00359	0.00599
62	0.00795	0.00674	0.00686	0.00696	0.00910	0.00565	0.00517	0.00961	0.01514	0.01806	0.06605	0.10770	0.67773	0.01724	0.00797	0.00229	0.00343	0.01447	0.00623	0.00565
63	0.20437	0.07075	0.08989	0.01301	0.01788	0.03838	0.01154	0.19422	0.13797	0.07546	0.01712	0.04934	0.01358	0.03000	0.00679	0.00220	0.00662	0.00613	0.00537	0.00937
64	0.04903	0.01381	0.02354	0.41804	0.27990	0.01542	0.06715	0.01877	0.01415	0.01968	0.01217	0.01715	0.00955	0.00636	0.00666	0.00215	0.00861	0.00601	0.00318	0.00867
65	0.01432	0.01361	0.02311	0.45112	0.33024	0.01534	0.01946	0.01859	0.01420	0.01915	0.01222	0.01735	0.00965	0.00640	0.00668	0.00213	0.00854	0.00597	0.00312	0.00879
66	0.00952	0.00704	0.00919	0.01042	0.01181	0.00670	0.00843	0.01182	0.01473	0.01890	0.04262	0.25288	0.18107	0.01887	0.00881	0.00282	0.00500	0.36728	0.00620	0.00588
67	0.01437	0.01294	0.02402	0.07245	0.08123	0.01266	0.28306	0.01854	0.03741	0.07412	0.04267	0.21607	0.03860	0.01079	0.00814	0.00236	0.02699	0.01068	0.00476	0.00814
68	0.01492	0.01210	0.01416	0.01018	0.01609	0.00932	0.00817	0.03713	0.01464	0.05166	0.01265	0.01435	0.01026	0.00520	0.00509	0.00107	0.00507	0.00415	0.00423	0.74956
69	0.00859	0.00602	0.00766	0.00881	0.00909	0.00573	0.00566	0.00945	0.01203	0.01604	0.03279	0.57023	0.03909	0.21782	0.01534	0.00373	0.00458	0.01661	0.00566	0.00508
70	0.10333	0.01507	0.02055	0.04919	0.12439	0.01586	0.10556	0.24980	0.04713	0.05496	0.10251	0.02243	0.04295	0.00823	0.00679	0.00209	0.00704	0.00714	0.00546	0.00951
71	0.01731	0.01620	0.02461	0.15881	0.40216	0.05004	0.05742	0.11956	0.01768	0.02396	0.03843	0.01784	0.01223	0.00672	0.00676	0.00205	0.00827	0.00624	0.00392	0.00980

[dist]
# distance from previous block
# <min> <max>
0	4

[block]
# block no. 3 follows, 32 sequences, length 12
# corresponding to MSA columns:
# 199-210
name=unknown_D
#
# <colnr> <probs for GDERKNQSTAVLIFYWHMCP>
#	G	D	E	R	K	N	Q	S	T	A	V	L	I	F	Y	W	H	M	C	P
0	0.02223	0.07818	0.01909	0.01537	0.01925	0.36947	0.01200	0.17547	0.12342	0.02388	0.01592	0.06657	0.01348	0.00838	0.00636	0.00192	0.00912	0.00615	0.00483	0.00890
1	0.11988	0.14996	0.22037	0.01908	0.11896	0.09392	0.05994	0.04420	0.01507	0.02183	0.01136	0.01358	0.00899	0.00615	0.00574	0.00186	0.00841	0.00478	0.00340	0.07252
2	0.22693	0.18583	0.02013	0.01385	0.01798	0.39723	0.01117	0.02352	0.01589	0.01982	0.00988	0.01150	0.00828	0.00648	0.00518	0.00176	0.00925	0.00399	0.00351	0.00783
3	0.02424	0.03060	0.01914	0.01731	0.02049	0.68021	0.01310	0.02595	0.01832	0.01640	0.01025	0.01231	0.00866	0.00730	0.00732	0.00182	0.07099	0.00444	0.00342	0.00774
4	0.00830	0.00681	0.00731	0.00719	0.00929	0.00582	0.00539	0.01035	0.01617	0.02020	0.22155	0.06116	0.56474	0.01622	0.00793	0.00223	0.00334	0.01368	0.00650	0.00582
5	0.00836	0.00597	0.00799	0.00955	0.01002	0.00561	0.00654	0.00966	0.01303	0.01733	0.03688	0.71262	0.04398	0.02085	0.00861	0.00275	0.00405	0.06447	0.00623	0.00550
6	0.00801	0.00647	0.00714	0.00767	0.00929	0.00559	0.00549	0.00953	0.01445	0.01778	0.05730	0.30404	0.48704	0.01838	0.00815	0.00242	0.00357	0.01585	0.00623	0.00559
7	0.01101	0.00639	0.00683	0.00683	0.00755	0.00639	0.00435	0.01243	0.01172	0.01847	0.02148	0.03532	0.02112	0.42033	0.02076	0.00426	0.00497	0.00816	0.36656	0.00506
8	0.00966	0.00718	0.00903	0.00851	0.01026	0.00672	0.00640	0.01337	0.04893	0.02610	0.62466	0.05044	0.12579	0.01384	0.00787	0.00213	0.00328	0.01213	0.00725	0.00645
9	0.00971	0.00725	0.00964	0.00978	0.04126	0.00671	0.00688	0.01282	0.01860	0.02614	0.64729	0.04955	0.10181	0.01358	0.00786	0.00211	0.00339	0.01199	0.00714	0.00648
10	0.01794	0.76823	0.03516	0.01148	0.01722	0.02655	0.01148	0.02009	0.01363	0.01579	0.00933	0.01076	0.00861	0.00574	0.00431	0.00144	0.00718	0.00359	0.00287	0.00861
11	0.04256	0.29715	0.01982	0.05571	0.01555	0.01558	0.00922	0.04113	0.03736	0.02111	0.20823	0.03250	0.15955	0.01026	0.00626	0.00189	0.00539	0.00822	0.00502	0.00749

[dist]
# distance from previous block
# <min> <max>
0	16

[block]
# block no. 4 follows, 32 sequences, length 39
# corresponding to MSA columns:
# 227-265
name=unknown_E
#
# <colnr> <probs for GDERKNQSTAVLIFYWHMCP>
#	G	D	E	R	K	N	Q	S	T	A	V	L	I	F	Y	W	H	M	C	P
0	0.04070	0.04508	0.27030	0.01728	0.05813	0.12730	0.01649	0.12140	0.14213	0.02481	0.01678	0.01763	0.03411	0.00745	0.00636	0.00202	0.00840	0.00573	0.00441	0.03353
1	0.02274	0.14810	0.02189	0.05229	0.02126	0.47310	0.01308	0.09189	0.01861	0.01892	0.01076	0.01272	0.00894	0.00711	0.00679	0.00180	0.05358	0.00455	0.00363	0.00824
2	0.02513	0.01857	0.01994	0.01526	0.02065	0.02042	0.01260	0.67789	0.03098	0.04163	0.01597	0.01604	0.01136	0.00796	0.00666	0.00198	0.00731	0.00597	0.00662	0.03705
3	0.01403	0.03457	0.69432	0.01903	0.02863	0.05124	0.02421	0.02152	0.01441	0.02101	0.01196	0.01406	0.00851	0.00640	0.00636	0.00211	0.01002	0.00493	0.00286	0.00981
4	0.01867	0.48292	0.12825	0.01370	0.01958	0.12729	0.01358	0.05702	0.04983	0.01862	0.01110	0.01241	0.00933	0.00628	0.00510	0.00165	0.00819	0.00421	0.00334	0.00892
5	0.01308	0.00990	0.01059	0.00958	0.01275	0.00976	0.00742	0.03620	0.22112	0.08388	0.04928	0.04645	0.41171	0.01330	0.00738	0.00221	0.00431	0.01105	0.00653	0.03352
6	0.00820	0.00591	0.00778	0.00922	0.00972	0.00548	0.00619	0.00945	0.01312	0.01745	0.05808	0.71251	0.07073	0.02065	0.00852	0.00269	0.00385	0.01868	0.00626	0.00548
7	0.01733	0.01783	0.02272	0.16714	0.29631	0.14397	0.05184	0.02398	0.14954	0.02119	0.01497	0.01775	0.01183	0.00687	0.00665	0.00206	0.00855	0.00609	0.00396	0.00943
8	0.01627	0.36583	0.33829	0.01526	0.02261	0.05780	0.01736	0.02182	0.05307	0.01891	0.01158	0.01313	0.00923	0.00627	0.00545	0.00180	0.00853	0.00445	0.00311	0.00925
9	0.00818	0.00630	0.00748	0.00825	0.00949	0.00561	0.00578	0.00972	0.01432	0.01831	0.10353	0.42431	0.31704	0.01882	0.00826	0.00249	0.00364	0.01655	0.00632	0.00561
10	0.01992	0.01957	0.01654	0.01473	0.01855	0.22245	0.01138	0.06727	0.45794	0.04564	0.02187	0.02082	0.01652	0.00840	0.00660	0.00210	0.00737	0.00655	0.00590	0.00987
11	0.01657	0.01604	0.02778	0.04061	0.69180	0.01599	0.05069	0.02063	0.01530	0.02190	0.01266	0.01667	0.01061	0.00596	0.00670	0.00200	0.00812	0.00606	0.00332	0.01056
12	0.01332	0.00860	0.01163	0.01129	0.01357	0.00825	0.03517	0.01716	0.07698	0.12780	0.08268	0.24288	0.11615	0.01581	0.00818	0.00257	0.00508	0.18909	0.00655	0.00723
13	0.01400	0.00764	0.00789	0.00744	0.00947	0.00786	0.00569	0.04821	0.07088	0.04915	0.02222	0.02455	0.01719	0.00795	0.00502	0.00166	0.00358	0.00637	0.67624	0.00700
14	0.01058	0.00759	0.01053	0.01203	0.01353	0.00754	0.01039	0.01353	0.01530	0.01986	0.03653	0.11361	0.05819	0.01863	0.00919	0.00305	0.00597	0.62164	0.00618	0.00612
15	0.00976	0.00651	0.00732	0.00732	0.00732	0.00651	0.00407	0.00976	0.00976	0.01301	0.02114	0.04391	0.02439	0.76419	0.03415	0.00651	0.00651	0.00976	0.00407	0.00407
16	0.06382	0.02644	0.02166	0.02021	0.09287	0.47086	0.08514	0.10112	0.01932	0.02113	0.01153	0.01357	0.00925	0.00678	0.00628	0.00186	0.01071	0.00502	0.00384	0.00858
17	0.81159	0.01298	0.00986	0.00882	0.01298	0.01505	0.00727	0.01972	0.01142	0.03010	0.00934	0.01090	0.00727	0.00623	0.00415	0.00208	0.00519	0.00363	0.00415	0.00727
18	0.00976	0.00651	0.00732	0.00732	0.00732	0.00651	0.00407	0.00976	0.00976	0.01301	0.02114	0.04391	0.02439	0.76419	0.03415	0.00651	0.00651	0.00976	0.00407	0.00407
19	0.01923	0.01385	0.01525	0.01333	0.01739	0.01539	0.01048	0.03509	0.57916	0.16062	0.02715	0.02462	0.01975	0.00895	0.00681	0.00224	0.00539	0.00743	0.00711	0.01077
20	0.00844	0.00609	0.00795	0.00934	0.00994	0.00570	0.00645	0.00976	0.01312	0.01729	0.03848	0.62522	0.09153	0.04892	0.00956	0.00287	0.00415	0.07358	0.00614	0.00547
21	0.00818	0.00584	0.00779	0.00934	0.00973	0.00545	0.00623	0.00934	0.01285	0.01713	0.03698	0.75981	0.04438	0.02102	0.00856	0.00273	0.00389	0.01908	0.00623	0.00545
22	0.00854	0.00612	0.00811	0.00909	0.00981	0.00569	0.00626	0.01026	0.01455	0.01984	0.22588	0.56319	0.04962	0.01900	0.00838	0.00255	0.00369	0.01715	0.00655	0.00569
23	0.02930	0.01124	0.01531	0.01180	0.01685	0.00972	0.00972	0.03192	0.01920	0.69974	0.05341	0.02390	0.01843	0.00852	0.00679	0.00208	0.00561	0.00696	0.00827	0.01122
24	0.00976	0.00651	0.00732	0.00732	0.00732	0.00651	0.00407	0.00976	0.00976	0.01301	0.02114	0.04391	0.02439	0.76419	0.03415	0.00651	0.00651	0.00976	0.00407	0.00407
25	0.02454	0.02850	0.01893	0.01671	0.02052	0.56478	0.01276	0.14095	0.07067	0.02162	0.01255	0.01370	0.00996	0.00726	0.00622	0.00182	0.01082	0.00485	0.00425	0.00859
26	0.00976	0.00651	0.00732	0.00732	0.00732	0.00651	0.00407	0.00976	0.00976	0.01301	0.02114	0.04391	0.02439	0.76419	0.03415	0.00651	0.00651	0.00976	0.00407	0.00407
27	0.01359	0.03378	0.69087	0.01964	0.02938	0.01566	0.06241	0.02126	0.01426	0.02126	0.01213	0.01439	0.00859	0.00633	0.00646	0.00213	0.00999	0.00512	0.00286	0.00987
28	0.01584	0.01810	0.03959	0.02828	0.03507	0.01697	0.69796	0.02149	0.01584	0.02149	0.01357	0.01810	0.01018	0.00566	0.00792	0.00226	0.01131	0.00792	0.00339	0.00905
29	0.02993	0.01169	0.01574	0.01207	0.01727	0.01027	0.00997	0.05756	0.01966	0.70147	0.02609	0.02259	0.01642	0.00830	0.00675	0.00207	0.00577	0.00672	0.00825	0.01142
30	0.15828	0.01167	0.01464	0.01143	0.01645	0.01071	0.00944	0.03057	0.01793	0.61268	0.02366	0.02088	0.01508	0.00796	0.00632	0.00208	0.00562	0.00624	0.00762	0.01074
31	0.01720	0.01722	0.02614	0.07279	0.62559	0.08211	0.01980	0.02100	0.01553	0.02119	0.01238	0.01625	0.01037	0.00610	0.00659	0.00198	0.00840	0.00583	0.00332	0.01021
32	0.00959	0.00719	0.01078	0.01078	0.01198	0.00839	0.00839	0.01198	0.01078	0.01558	0.01797	0.02636	0.01677	0.05032	0.73760	0.01078	0.01797	0.00719	0.00359	0.00599
33	0.00802	0.00644	0.00716	0.00774	0.00931	0.00559	0.00552	0.00952	0.01439	0.01776	0.05654	0.32112	0.47045	0.01848	0.00816	0.00244	0.00358	0.01597	0.00623	0.00559
34	0.01304	0.02314	0.38798	0.05899	0.02412	0.01335	0.04322	0.04493	0.06237	0.02263	0.10737	0.02828	0.07600	0.00926	0.00702	0.00222	0.00787	0.05506	0.00436	0.00879
35	0.05447	0.00725	0.00941	0.00935	0.01026	0.00804	0.00668	0.01157	0.01043	0.01541	0.01870	0.03219	0.01915	0.32019	0.42825	0.00866	0.01288	0.00797	0.00381	0.00533
36	0.00897	0.00641	0.00870	0.01025	0.01099	0.00614	0.00761	0.01072	0.01363	0.01802	0.03654	0.55363	0.04264	0.02027	0.00878	0.00283	0.00458	0.21741	0.00621	0.00567
37	0.02506	0.03198	0.01901	0.01729	0.02074	0.73725	0.01296	0.02679	0.01901	0.01642	0.01037	0.01210	0.00864	0.00691	0.00605	0.00173	0.01210	0.00432	0.00346	0.00778
38	0.01748	0.05776	0.02472	0.08466	0.27884	0.03266	0.10652	0.16310	0.04127	0.02503	0.01612	0.09125	0.01415	0.00805	0.00689	0.00210	0.00792	0.00745	0.00440	0.00963

[dist]
# distance from previous block
# <min> <max>
0	1

# created by:
# /home/berkeley/.conda/envs/busco_data_prod/bin/msa2prfl.pl pipeline/OGs_align_augustus/4893/36565.fs
