[name]
unknown

[dist]
# distance from previous block
# <min> <max>
0	36

[block]
# block no. 0 follows, 33 sequences, length 64
# corresponding to MSA columns:
# 36-99
name=unknown_A
#
# <colnr> <probs for GDERKNQSTAVLIFYWHMCP>
#	G	D	E	R	K	N	Q	S	T	A	V	L	I	F	Y	W	H	M	C	P
0	0.01363	0.17583	0.01628	0.01144	0.01440	0.01224	0.01008	0.03091	0.04601	0.05996	0.08121	0.04969	0.05737	0.01340	0.00744	0.00239	0.00586	0.35260	0.00553	0.03373
1	0.01702	0.47735	0.12728	0.01211	0.01754	0.06552	0.01220	0.01978	0.01395	0.05726	0.01423	0.01656	0.04306	0.05271	0.00670	0.00190	0.00732	0.00484	0.02442	0.00827
2	0.01027	0.00820	0.03194	0.00932	0.01034	0.00783	0.00665	0.01337	0.09581	0.01641	0.02569	0.19614	0.02816	0.39497	0.04999	0.00481	0.00622	0.07350	0.00490	0.00550
3	0.01710	0.68861	0.11411	0.01212	0.01822	0.02483	0.01275	0.01984	0.01344	0.01610	0.00946	0.01094	0.00844	0.00570	0.00446	0.00149	0.00735	0.00367	0.00281	0.00859
4	0.06282	0.07577	0.30902	0.01641	0.04525	0.11911	0.01659	0.11617	0.01657	0.04732	0.01301	0.01527	0.01001	0.01172	0.09411	0.00298	0.00998	0.00511	0.00377	0.00901
5	0.00856	0.00626	0.00809	0.00911	0.00988	0.00594	0.00626	0.01075	0.04166	0.01887	0.15211	0.59297	0.06722	0.01883	0.00821	0.00254	0.00374	0.01697	0.00632	0.00570
6	0.00814	0.00580	0.00767	0.00905	0.00946	0.00542	0.00603	0.00931	0.01272	0.01702	0.06300	0.70586	0.04346	0.05149	0.00942	0.00280	0.00390	0.01806	0.00607	0.00533
7	0.04889	0.05266	0.06653	0.01758	0.06331	0.52426	0.01339	0.05986	0.03591	0.01869	0.01138	0.01363	0.00943	0.02895	0.00673	0.00190	0.01053	0.00466	0.00361	0.00810
8	0.00802	0.00573	0.00764	0.00917	0.00955	0.00535	0.00611	0.00917	0.01260	0.01681	0.03628	0.76434	0.04354	0.02062	0.00840	0.00267	0.00382	0.01872	0.00611	0.00535
9	0.01320	0.03405	0.73453	0.01876	0.02849	0.01529	0.02432	0.02085	0.01390	0.02085	0.01181	0.01390	0.00834	0.00625	0.00625	0.00208	0.00973	0.00486	0.00278	0.00973
10	0.01390	0.09273	0.57832	0.01942	0.02837	0.01637	0.11934	0.02079	0.01409	0.02044	0.01181	0.01417	0.00858	0.00610	0.00630	0.00205	0.00970	0.00516	0.00286	0.00950
11	0.01567	0.01903	0.11353	0.04884	0.13424	0.01657	0.45501	0.05045	0.01570	0.02172	0.01292	0.01691	0.00984	0.00600	0.00777	0.00218	0.03409	0.00696	0.00337	0.00920
12	0.00952	0.00658	0.00817	0.00817	0.00852	0.00692	0.00523	0.01021	0.00987	0.01350	0.01983	0.03805	0.02175	0.55843	0.24072	0.00761	0.00967	0.00884	0.00385	0.00454
13	0.00940	0.00705	0.01058	0.01058	0.01176	0.00823	0.00823	0.01176	0.01058	0.01528	0.01763	0.02586	0.01646	0.04937	0.74255	0.01058	0.01763	0.00705	0.00353	0.00588
14	0.01559	0.01800	0.08785	0.05659	0.14214	0.01605	0.44822	0.05686	0.01619	0.02228	0.04407	0.01848	0.01222	0.00617	0.00734	0.00215	0.00983	0.00725	0.00360	0.00913
15	0.01327	0.05124	0.66307	0.01891	0.05181	0.01522	0.02312	0.02046	0.01411	0.02096	0.04010	0.01530	0.01055	0.00651	0.00627	0.00206	0.00933	0.00515	0.00298	0.00958
16	0.81514	0.01273	0.00968	0.00866	0.01273	0.01477	0.00713	0.01935	0.01120	0.02954	0.00917	0.01069	0.00713	0.00611	0.00407	0.00204	0.00509	0.00356	0.00407	0.00713
17	0.00947	0.00669	0.00917	0.00927	0.00995	0.00732	0.00657	0.01072	0.01028	0.01436	0.01954	0.07731	0.02040	0.28583	0.42773	0.04546	0.01248	0.00856	0.00381	0.00508
18	0.01472	0.09759	0.41976	0.05517	0.10122	0.01582	0.09638	0.02060	0.01429	0.04985	0.01313	0.03163	0.01007	0.00652	0.00630	0.00203	0.00893	0.00562	0.02104	0.00936
19	0.01361	0.06474	0.64090	0.01925	0.02852	0.01588	0.08541	0.02082	0.01403	0.02064	0.01183	0.01410	0.00849	0.00616	0.00630	0.00207	0.00974	0.00507	0.00283	0.00960
20	0.74494	0.01259	0.01018	0.00893	0.01310	0.01431	0.00736	0.02049	0.01189	0.09232	0.01067	0.01174	0.00795	0.00629	0.00430	0.00204	0.00514	0.00384	0.00444	0.00749
21	0.01487	0.01374	0.02390	0.32769	0.03343	0.01526	0.20644	0.08415	0.01541	0.04420	0.01488	0.08168	0.01258	0.00811	0.00837	0.00228	0.07359	0.00752	0.00384	0.00807
22	0.04330	0.02136	0.04022	0.16354	0.02561	0.30708	0.06428	0.10107	0.01804	0.08580	0.01465	0.01666	0.03335	0.00733	0.00680	0.00197	0.03082	0.00559	0.00417	0.00836
23	0.01294	0.03127	0.65292	0.01813	0.02708	0.01456	0.04239	0.02014	0.01435	0.02133	0.07225	0.01700	0.01295	0.00685	0.00643	0.00209	0.00921	0.00555	0.00317	0.00941
24	0.02297	0.02830	0.02023	0.02155	0.15878	0.59999	0.01418	0.02510	0.01794	0.01717	0.01061	0.01274	0.00886	0.00660	0.00605	0.00175	0.01108	0.00456	0.00337	0.00818
25	0.01133	0.00673	0.00881	0.00923	0.01060	0.00610	0.00655	0.01294	0.01440	0.12382	0.11275	0.51557	0.10043	0.01765	0.00802	0.00247	0.00396	0.01576	0.00654	0.00633
26	0.01668	0.01666	0.07501	0.10159	0.39985	0.01573	0.12077	0.05360	0.03075	0.06078	0.01352	0.01690	0.01057	0.00638	0.00719	0.00207	0.03229	0.00615	0.00369	0.00982
27	0.01728	0.06351	0.06441	0.01841	0.02109	0.20436	0.11079	0.01976	0.01345	0.01691	0.00990	0.01398	0.00876	0.00884	0.01379	0.00236	0.37612	0.00547	0.00306	0.00776
28	0.02429	0.06591	0.01948	0.01657	0.02019	0.66121	0.01264	0.07004	0.01920	0.01773	0.01049	0.01206	0.00865	0.00680	0.00590	0.00170	0.01134	0.00432	0.00357	0.00790
29	0.00921	0.00665	0.00865	0.00906	0.00945	0.00703	0.00611	0.01019	0.01087	0.01485	0.02492	0.28822	0.02842	0.31804	0.18021	0.00587	0.04064	0.01202	0.00458	0.00502
30	0.00867	0.00678	0.00840	0.05083	0.01171	0.00646	0.00668	0.01088	0.03721	0.01795	0.07931	0.39299	0.25977	0.03856	0.00873	0.00257	0.00410	0.03672	0.00595	0.00573
31	0.01334	0.03312	0.69492	0.01928	0.02883	0.01537	0.06300	0.02086	0.01399	0.02086	0.01190	0.01412	0.00843	0.00621	0.00634	0.00209	0.00981	0.00503	0.00281	0.00968
32	0.81514	0.01273	0.00968	0.00866	0.01273	0.01477	0.00713	0.01935	0.01120	0.02954	0.00917	0.01069	0.00713	0.00611	0.00407	0.00204	0.00509	0.00356	0.00407	0.00713
33	0.01611	0.01545	0.02639	0.07441	0.69501	0.01559	0.02011	0.02004	0.01490	0.02128	0.01235	0.01635	0.01035	0.00590	0.00652	0.00197	0.00787	0.00586	0.00324	0.01028
34	0.01547	0.01823	0.05912	0.02749	0.03423	0.01661	0.68387	0.02108	0.01549	0.02108	0.01327	0.01765	0.00994	0.00557	0.00773	0.00222	0.01106	0.00768	0.00331	0.00890
35	0.00946	0.00684	0.00950	0.00950	0.01031	0.00764	0.00689	0.01106	0.01026	0.01449	0.01862	0.03131	0.01882	0.27708	0.51808	0.00925	0.01407	0.00785	0.00367	0.00528
36	0.81514	0.01273	0.00968	0.00866	0.01273	0.01477	0.00713	0.01935	0.01120	0.02954	0.00917	0.01069	0.00713	0.00611	0.00407	0.00204	0.00509	0.00356	0.00407	0.00713
37	0.00802	0.00573	0.00764	0.00917	0.00955	0.00535	0.00611	0.00917	0.01260	0.01681	0.03628	0.76434	0.04354	0.02062	0.00840	0.00267	0.00382	0.01872	0.00611	0.00535
38	0.01554	0.01776	0.03885	0.02775	0.03441	0.01665	0.70366	0.02109	0.01554	0.02109	0.01332	0.01776	0.00999	0.00555	0.00777	0.00222	0.01110	0.00777	0.00333	0.00888
39	0.00957	0.00699	0.00902	0.00847	0.01010	0.00658	0.00636	0.01323	0.04360	0.02644	0.69913	0.04829	0.06061	0.01330	0.00773	0.00208	0.00318	0.01175	0.00723	0.00636
40	0.81514	0.01273	0.00968	0.00866	0.01273	0.01477	0.00713	0.01935	0.01120	0.02954	0.00917	0.01069	0.00713	0.00611	0.00407	0.00204	0.00509	0.00356	0.00407	0.00713
41	0.00949	0.00635	0.00721	0.00729	0.00732	0.00632	0.00411	0.00955	0.00975	0.01299	0.02163	0.08414	0.02505	0.72606	0.03208	0.00617	0.00624	0.01009	0.00411	0.00407
42	0.01554	0.01776	0.03885	0.02775	0.03441	0.01665	0.70366	0.02109	0.01554	0.02109	0.01332	0.01776	0.00999	0.00555	0.00777	0.00222	0.01110	0.00777	0.00333	0.00888
43	0.01243	0.01170	0.01975	0.75282	0.04534	0.01463	0.01828	0.01682	0.01316	0.01682	0.01170	0.01755	0.00878	0.00658	0.00658	0.00219	0.00878	0.00585	0.00293	0.00731
44	0.00954	0.00653	0.00792	0.00792	0.00818	0.00679	0.00492	0.01005	0.00979	0.01332	0.02006	0.03931	0.02230	0.61112	0.18879	0.00730	0.00885	0.00902	0.00389	0.00440
45	0.01153	0.00863	0.01143	0.01042	0.01253	0.00850	0.04348	0.05001	0.06490	0.05680	0.28811	0.21111	0.14403	0.01429	0.00816	0.00227	0.02797	0.01252	0.00644	0.00687
46	0.00960	0.00717	0.00869	0.00922	0.01043	0.00684	0.00639	0.04653	0.04180	0.01851	0.03593	0.51838	0.11720	0.08062	0.01009	0.00280	0.00426	0.01557	0.00588	0.04411
47	0.00809	0.00592	0.00760	0.00878	0.00949	0.00544	0.00598	0.00945	0.01337	0.01766	0.09236	0.62071	0.13181	0.01958	0.00827	0.00257	0.00370	0.01758	0.00620	0.00544
48	0.81514	0.01273	0.00968	0.00866	0.01273	0.01477	0.00713	0.01935	0.01120	0.02954	0.00917	0.01069	0.00713	0.00611	0.00407	0.00204	0.00509	0.00356	0.00407	0.00713
49	0.01350	0.01550	0.06934	0.02172	0.02672	0.01392	0.44436	0.01796	0.01484	0.02022	0.05049	0.12341	0.05484	0.00927	0.00857	0.00233	0.05020	0.03078	0.00405	0.00798
50	0.00915	0.00708	0.00857	0.00922	0.01108	0.00650	0.00759	0.01152	0.01532	0.01923	0.09740	0.06726	0.37279	0.01713	0.00837	0.00257	0.00454	0.31270	0.00617	0.00583
51	0.01352	0.01522	0.10918	0.08827	0.15490	0.01309	0.15649	0.05747	0.03109	0.02124	0.06217	0.11635	0.04710	0.01253	0.06880	0.00289	0.00857	0.00860	0.00420	0.00830
52	0.78224	0.01297	0.01010	0.00893	0.01305	0.01500	0.00735	0.04793	0.01203	0.03003	0.00944	0.01091	0.00730	0.00619	0.00418	0.00203	0.00518	0.00366	0.00418	0.00730
53	0.00941	0.00662	0.00788	0.00820	0.00973	0.00604	0.00600	0.01120	0.01423	0.04695	0.10232	0.25179	0.30415	0.05327	0.05081	0.00300	0.00462	0.04816	0.04982	0.00578
54	0.01168	0.00646	0.00674	0.00676	0.00834	0.00636	0.00502	0.03095	0.01436	0.02365	0.04740	0.09985	0.08460	0.00991	0.00540	0.00173	0.00327	0.00821	0.61319	0.00613
55	0.07814	0.43248	0.13893	0.01431	0.04450	0.13776	0.01359	0.04052	0.01470	0.01844	0.01004	0.01166	0.00849	0.00602	0.00495	0.00164	0.00812	0.00400	0.00312	0.00857
56	0.01017	0.00853	0.04082	0.00926	0.01121	0.00750	0.00735	0.04036	0.03652	0.02381	0.44792	0.09848	0.09162	0.06875	0.04740	0.00290	0.00475	0.02987	0.00640	0.00640
57	0.00800	0.00599	0.00738	0.00847	0.00931	0.00543	0.00577	0.00925	0.01314	0.01695	0.04372	0.56336	0.21913	0.04012	0.00893	0.00266	0.00376	0.01722	0.00605	0.00536
58	0.01474	0.13359	0.26776	0.02058	0.19536	0.01501	0.01689	0.01959	0.03481	0.06028	0.01955	0.08482	0.07280	0.00839	0.00637	0.00202	0.00743	0.00706	0.00390	0.00908
59	0.04601	0.01575	0.04702	0.04190	0.05089	0.01597	0.04816	0.33933	0.08460	0.12086	0.06643	0.05821	0.01732	0.00868	0.00674	0.00207	0.00671	0.00719	0.00613	0.01001
60	0.01197	0.01010	0.01386	0.05562	0.05543	0.03873	0.06660	0.07768	0.01521	0.02033	0.06300	0.33993	0.06204	0.01823	0.08993	0.00326	0.00704	0.01227	0.03195	0.00682
61	0.09458	0.12289	0.08937	0.01563	0.09279	0.10807	0.04983	0.04530	0.01468	0.02013	0.01927	0.10153	0.07072	0.04971	0.02899	0.00243	0.00749	0.00734	0.03270	0.02655
62	0.06645	0.10932	0.01421	0.01076	0.01290	0.01151	0.03273	0.06146	0.03763	0.01999	0.06681	0.30417	0.06831	0.08400	0.01031	0.00269	0.04392	0.03102	0.00519	0.00663
63	0.07687	0.29429	0.05080	0.01540	0.05384	0.10426	0.06678	0.07781	0.03596	0.04099	0.01255	0.04344	0.01083	0.00714	0.00653	0.00182	0.05626	0.00528	0.00379	0.03534

[dist]
# distance from previous block
# <min> <max>
0	2

[block]
# block no. 1 follows, 33 sequences, length 53
# corresponding to MSA columns:
# 102-154
name=unknown_B
#
# <colnr> <probs for GDERKNQSTAVLIFYWHMCP>
#	G	D	E	R	K	N	Q	S	T	A	V	L	I	F	Y	W	H	M	C	P
0	0.01974	0.01536	0.01736	0.04317	0.06893	0.07668	0.03011	0.14426	0.17048	0.13750	0.01905	0.01910	0.02810	0.00736	0.00626	0.00183	0.00657	0.00601	0.00555	0.17658
1	0.04119	0.01570	0.01615	0.01335	0.01742	0.11915	0.03802	0.23278	0.03615	0.11031	0.05741	0.08096	0.05367	0.00967	0.00672	0.00199	0.00680	0.04839	0.00578	0.08838
2	0.00820	0.00611	0.00748	0.00832	0.00925	0.00556	0.00570	0.00959	0.01359	0.01772	0.11109	0.46844	0.21389	0.07090	0.00993	0.00276	0.00381	0.01620	0.00608	0.00539
3	0.01488	0.12673	0.19726	0.01567	0.04818	0.01520	0.05699	0.08793	0.04647	0.04409	0.05853	0.12986	0.01921	0.02970	0.00837	0.00227	0.05742	0.02834	0.00445	0.00847
4	0.01634	0.01534	0.02545	0.03598	0.60176	0.01546	0.04464	0.05369	0.04433	0.02295	0.04933	0.01833	0.01347	0.00646	0.00664	0.00198	0.00757	0.00631	0.00376	0.01019
5	0.02239	0.02669	0.01877	0.04782	0.07005	0.53916	0.01314	0.04727	0.11579	0.01888	0.01288	0.01430	0.01033	0.00705	0.00613	0.00182	0.01040	0.00492	0.00392	0.00831
6	0.01094	0.00723	0.00828	0.00777	0.01014	0.00622	0.00591	0.01301	0.01619	0.11203	0.20176	0.08217	0.46415	0.01503	0.00765	0.00218	0.00360	0.01271	0.00662	0.00642
7	0.01710	0.06826	0.25510	0.04968	0.08791	0.14702	0.10971	0.02160	0.01507	0.06908	0.01335	0.04392	0.01074	0.00722	0.00739	0.00206	0.05646	0.00591	0.00353	0.00890
8	0.01671	0.01534	0.08636	0.01333	0.01743	0.03288	0.03250	0.21151	0.17318	0.05630	0.07905	0.13625	0.07870	0.01090	0.00706	0.00218	0.00608	0.00920	0.00605	0.00901
9	0.00849	0.00663	0.00772	0.00771	0.00947	0.00585	0.00575	0.01071	0.01619	0.02111	0.31965	0.12776	0.37758	0.01585	0.00788	0.00223	0.00338	0.03369	0.00655	0.00581
10	0.05114	0.03658	0.04335	0.36994	0.12035	0.01302	0.03612	0.01612	0.01392	0.01905	0.07013	0.08508	0.08082	0.00897	0.00675	0.00216	0.00721	0.00793	0.00389	0.00747
11	0.08646	0.06905	0.09807	0.06623	0.07639	0.08141	0.03773	0.13067	0.16657	0.06599	0.01820	0.01885	0.04092	0.00757	0.00623	0.00202	0.00733	0.00604	0.00488	0.00939
12	0.00886	0.00635	0.00840	0.00975	0.01043	0.00609	0.00692	0.02957	0.01348	0.01791	0.03550	0.64682	0.04183	0.01992	0.00845	0.00270	0.00423	0.11106	0.00612	0.00561
13	0.00809	0.00656	0.00723	0.00768	0.00946	0.00570	0.00574	0.00978	0.01453	0.01776	0.05754	0.20792	0.52228	0.01762	0.00803	0.00239	0.00368	0.07634	0.00611	0.00556
14	0.02030	0.10547	0.14240	0.04832	0.10587	0.10998	0.01502	0.20433	0.05519	0.09243	0.01472	0.01577	0.01091	0.00700	0.00614	0.00191	0.00802	0.00540	0.02103	0.00979
15	0.21261	0.10266	0.22143	0.08824	0.02364	0.04247	0.06429	0.07511	0.06996	0.02400	0.01241	0.01431	0.00937	0.00649	0.00569	0.00201	0.00782	0.00497	0.00379	0.00875
16	0.00802	0.00651	0.00711	0.00731	0.00913	0.00561	0.00535	0.00978	0.01506	0.01873	0.14643	0.18321	0.52090	0.01694	0.00789	0.00228	0.00339	0.01447	0.00626	0.00561
17	0.07722	0.03480	0.14697	0.05089	0.19756	0.01364	0.05780	0.01879	0.01380	0.02144	0.01163	0.01449	0.00937	0.00583	0.00629	0.00170	0.03358	0.00491	0.00342	0.27585
18	0.03583	0.00759	0.01019	0.01140	0.01269	0.00776	0.00952	0.01298	0.01415	0.01902	0.03252	0.16178	0.03589	0.07155	0.01092	0.00319	0.02599	0.50537	0.00577	0.00588
19	0.04439	0.39773	0.02619	0.01344	0.01821	0.23461	0.01166	0.10347	0.05915	0.01989	0.01130	0.01241	0.00944	0.00645	0.00515	0.00163	0.00831	0.00425	0.00370	0.00861
20	0.02459	0.03138	0.01866	0.01696	0.02035	0.74221	0.01272	0.02629	0.01866	0.01611	0.01018	0.01187	0.00848	0.00678	0.00594	0.00170	0.01187	0.00424	0.00339	0.00763
21	0.01842	0.31028	0.16710	0.03490	0.05889	0.08754	0.01488	0.16202	0.01776	0.02251	0.01243	0.01550	0.01030	0.00688	0.00565	0.00180	0.00811	0.03205	0.00380	0.00917
22	0.01807	0.37180	0.18398	0.01501	0.02140	0.07881	0.07584	0.05463	0.01534	0.06753	0.01174	0.01320	0.00927	0.00611	0.00542	0.00171	0.00823	0.00459	0.00348	0.03383
23	0.01808	0.08009	0.36113	0.01721	0.05979	0.01629	0.01784	0.16716	0.04486	0.10781	0.03731	0.01669	0.01214	0.00709	0.00630	0.00200	0.00805	0.00557	0.00453	0.01007
24	0.02434	0.04337	0.03579	0.01547	0.02010	0.27905	0.01255	0.35375	0.05301	0.07726	0.01465	0.01501	0.01079	0.00746	0.00629	0.00188	0.00877	0.00534	0.00536	0.00977
25	0.01133	0.00717	0.00944	0.00862	0.01053	0.00656	0.00656	0.01438	0.01866	0.09649	0.65477	0.04652	0.05757	0.01293	0.00765	0.00207	0.00335	0.01138	0.00734	0.00671
26	0.01883	0.01878	0.25305	0.01471	0.02067	0.01216	0.05095	0.05696	0.05265	0.26053	0.09618	0.04784	0.02003	0.00882	0.00685	0.00214	0.00701	0.03655	0.00572	0.00961
27	0.03071	0.10545	0.25171	0.01635	0.04964	0.10421	0.07860	0.03780	0.03786	0.03587	0.06473	0.02379	0.11911	0.00833	0.00645	0.00199	0.00800	0.00685	0.00407	0.00848
28	0.00916	0.00668	0.00943	0.00974	0.01056	0.00735	0.00711	0.01088	0.01082	0.01517	0.02188	0.17647	0.02310	0.16164	0.47929	0.00831	0.01302	0.00980	0.00412	0.00546
29	0.03852	0.09345	0.65504	0.01784	0.02706	0.01615	0.02273	0.02071	0.01377	0.02068	0.01152	0.01353	0.00831	0.00620	0.00602	0.00203	0.00937	0.00471	0.00282	0.00954
30	0.01727	0.03966	0.02484	0.15524	0.35210	0.04367	0.08540	0.11575	0.01726	0.04212	0.03457	0.01740	0.01179	0.00656	0.00661	0.00200	0.00816	0.00613	0.00391	0.00957
31	0.01624	0.01489	0.01500	0.13872	0.04058	0.15324	0.01118	0.08175	0.12478	0.05821	0.10559	0.10784	0.08377	0.01040	0.00692	0.00211	0.00682	0.00866	0.00533	0.00798
32	0.00858	0.00652	0.00786	0.00850	0.00986	0.00594	0.00631	0.01037	0.01438	0.01844	0.12160	0.27168	0.29592	0.06283	0.00972	0.00272	0.00408	0.12302	0.00610	0.00555
33	0.01057	0.00819	0.00968	0.00909	0.01109	0.00805	0.00678	0.01589	0.14056	0.02366	0.39055	0.07442	0.12318	0.08043	0.00981	0.00250	0.00396	0.02592	0.00652	0.03914
34	0.01566	0.01500	0.02558	0.15664	0.61626	0.01548	0.01989	0.01965	0.01469	0.02074	0.01227	0.01650	0.01016	0.00598	0.00653	0.00199	0.00798	0.00586	0.00320	0.00992
35	0.00818	0.00624	0.00753	0.00814	0.00938	0.00558	0.00575	0.00988	0.01457	0.01896	0.17707	0.38878	0.28035	0.01791	0.00807	0.00241	0.00352	0.01577	0.00633	0.00558
36	0.01505	0.01437	0.02447	0.27064	0.50710	0.01531	0.01958	0.01911	0.01440	0.01999	0.01216	0.01670	0.00989	0.00610	0.00654	0.00203	0.00813	0.00586	0.00315	0.00942
37	0.02459	0.03138	0.01866	0.01696	0.02035	0.74221	0.01272	0.02629	0.01866	0.01611	0.01018	0.01187	0.00848	0.00678	0.00594	0.00170	0.01187	0.00424	0.00339	0.00763
38	0.01629	0.01564	0.02672	0.04041	0.72757	0.01564	0.02020	0.02020	0.01499	0.02151	0.01238	0.01629	0.01043	0.00587	0.00652	0.00196	0.00782	0.00587	0.00326	0.01043
39	0.00943	0.00632	0.00722	0.00737	0.00740	0.00628	0.00419	0.00954	0.00986	0.01315	0.02221	0.11101	0.02578	0.69819	0.03114	0.00603	0.00614	0.01043	0.00419	0.00412
40	0.01243	0.01170	0.01975	0.75282	0.04534	0.01463	0.01828	0.01682	0.01316	0.01682	0.01170	0.01755	0.00878	0.00658	0.00658	0.00219	0.00878	0.00585	0.00293	0.00731
41	0.01305	0.01146	0.01173	0.01144	0.01375	0.06028	0.00848	0.02244	0.33770	0.02233	0.07239	0.28745	0.07320	0.01364	0.00737	0.00234	0.00493	0.01184	0.00627	0.00790
42	0.00818	0.00644	0.00738	0.00765	0.00926	0.00565	0.00555	0.01002	0.01518	0.01941	0.20167	0.23844	0.40785	0.01698	0.00794	0.00230	0.00341	0.01469	0.00636	0.00565
43	0.00817	0.00588	0.00778	0.00925	0.00977	0.00549	0.00634	0.00945	0.01285	0.01702	0.03738	0.69570	0.06960	0.02033	0.00842	0.00268	0.00394	0.05847	0.00611	0.00540
44	0.00869	0.00650	0.00823	0.00936	0.01054	0.00604	0.00710	0.01051	0.01395	0.01788	0.04377	0.38612	0.21872	0.01891	0.00844	0.00266	0.00433	0.20654	0.00610	0.00561
45	0.01982	0.01263	0.01453	0.01219	0.01593	0.01326	0.00967	0.22942	0.16813	0.18170	0.10770	0.11261	0.02431	0.01035	0.00690	0.00212	0.00541	0.00864	0.03512	0.00956
46	0.01053	0.00712	0.00899	0.00947	0.01050	0.00703	0.00662	0.03375	0.04913	0.05286	0.07924	0.43809	0.03669	0.14606	0.04191	0.00352	0.00511	0.04157	0.00587	0.00595
47	0.01759	0.01905	0.03129	0.04469	0.02929	0.11226	0.43385	0.09951	0.01701	0.02204	0.01260	0.01637	0.00974	0.00671	0.00897	0.00220	0.09764	0.00681	0.00365	0.00874
48	0.01418	0.01348	0.02290	0.43090	0.35362	0.01509	0.01915	0.01835	0.01399	0.01894	0.01201	0.01698	0.00952	0.00626	0.00655	0.00209	0.00834	0.00586	0.00308	0.00872
49	0.01353	0.01408	0.03989	0.03705	0.04989	0.05269	0.20145	0.01714	0.03839	0.01898	0.02066	0.17039	0.05994	0.01076	0.01019	0.00233	0.15846	0.00932	0.03516	0.03971
50	0.01135	0.00875	0.01100	0.01058	0.01234	0.02883	0.03599	0.03617	0.06654	0.01955	0.09982	0.20887	0.07773	0.06009	0.03970	0.09532	0.00567	0.09993	0.03349	0.03830
51	0.07087	0.01684	0.04244	0.06198	0.51329	0.07347	0.01784	0.05710	0.01570	0.02233	0.01297	0.04189	0.01114	0.00662	0.00637	0.00198	0.00788	0.00601	0.00358	0.00970
52	0.04243	0.17549	0.03996	0.04631	0.14982	0.11354	0.10090	0.08799	0.04337	0.04358	0.01272	0.01528	0.01028	0.00845	0.03722	0.00228	0.05219	0.00545	0.00380	0.00895

[dist]
# distance from previous block
# <min> <max>
1	10

[block]
# block no. 2 follows, 33 sequences, length 28
# corresponding to MSA columns:
# 165-192
name=unknown_C
#
# <colnr> <probs for GDERKNQSTAVLIFYWHMCP>
#	G	D	E	R	K	N	Q	S	T	A	V	L	I	F	Y	W	H	M	C	P
0	0.15679	0.05861	0.05302	0.06143	0.20266	0.01505	0.05849	0.07914	0.06109	0.07173	0.01493	0.03514	0.01234	0.06211	0.00801	0.00231	0.00701	0.00608	0.00432	0.02974
1	0.03212	0.22815	0.16817	0.06793	0.10961	0.09179	0.01521	0.04264	0.06585	0.04763	0.01339	0.03593	0.01096	0.00679	0.00574	0.00183	0.00790	0.00525	0.00369	0.03941
2	0.03179	0.06548	0.01931	0.09458	0.16390	0.03582	0.01294	0.12043	0.09138	0.07477	0.06150	0.01992	0.03272	0.00758	0.00681	0.00190	0.03492	0.00618	0.00480	0.11328
3	0.00828	0.00602	0.00769	0.00883	0.00951	0.00559	0.00604	0.00959	0.01310	0.01727	0.07389	0.56552	0.12304	0.07033	0.01003	0.00286	0.00400	0.04704	0.00602	0.00536
4	0.01860	0.03620	0.01615	0.01361	0.01748	0.13521	0.01070	0.16240	0.38027	0.02714	0.02540	0.02423	0.08559	0.00906	0.00660	0.00207	0.00656	0.00716	0.00598	0.00959
5	0.00916	0.00627	0.00758	0.00797	0.00817	0.00627	0.00489	0.00965	0.01043	0.01401	0.02444	0.22537	0.02830	0.51771	0.08663	0.00579	0.00667	0.01169	0.00449	0.00449
6	0.01649	0.34981	0.37196	0.01494	0.02251	0.01944	0.01745	0.02132	0.01410	0.07929	0.01188	0.01319	0.00907	0.00615	0.00541	0.00179	0.00822	0.00444	0.00325	0.00930
7	0.01775	0.22308	0.02434	0.01817	0.13501	0.04646	0.09787	0.04173	0.01604	0.12867	0.06100	0.03772	0.05141	0.00848	0.00642	0.00196	0.00711	0.06333	0.00466	0.00877
8	0.00886	0.00651	0.00779	0.00776	0.00896	0.00599	0.00540	0.01067	0.01495	0.02006	0.32399	0.13895	0.20400	0.19088	0.01384	0.00318	0.00401	0.01266	0.00609	0.00544
9	0.01403	0.13538	0.58847	0.01736	0.02611	0.01686	0.02157	0.02165	0.06136	0.02056	0.01246	0.01416	0.00915	0.00635	0.00600	0.00200	0.00905	0.00485	0.00305	0.00960
10	0.01686	0.18574	0.12959	0.08237	0.15643	0.14044	0.01535	0.04122	0.07474	0.01952	0.01421	0.06899	0.01246	0.00748	0.00604	0.00191	0.00817	0.00599	0.00368	0.00880
11	0.01029	0.00717	0.00872	0.00882	0.01055	0.00665	0.00653	0.01325	0.05598	0.06695	0.21094	0.27268	0.23179	0.01618	0.00789	0.00235	0.00382	0.04657	0.00655	0.00633
12	0.02206	0.01718	0.01730	0.01383	0.01834	0.06681	0.01121	0.50100	0.08516	0.03561	0.02046	0.02038	0.06396	0.00853	0.00649	0.00196	0.00679	0.00653	0.06629	0.01010
13	0.01410	0.01276	0.02015	0.37447	0.23338	0.01438	0.01674	0.05812	0.06066	0.02037	0.01584	0.08285	0.01388	0.00812	0.00679	0.00218	0.00768	0.02527	0.00384	0.00843
14	0.01575	0.01379	0.05193	0.03673	0.05897	0.06451	0.03051	0.11738	0.09135	0.08531	0.07896	0.06544	0.18789	0.01139	0.00719	0.00218	0.00611	0.06058	0.00577	0.00825
15	0.00824	0.00659	0.00736	0.00737	0.00922	0.00572	0.00545	0.01026	0.01579	0.02011	0.24852	0.12843	0.47144	0.01616	0.00784	0.00222	0.00332	0.01381	0.00643	0.00572
16	0.14823	0.01187	0.01453	0.01147	0.01632	0.01127	0.00943	0.05098	0.06860	0.55274	0.02316	0.02058	0.01502	0.00789	0.00624	0.00205	0.00555	0.00619	0.00737	0.01053
17	0.74661	0.01352	0.03849	0.04351	0.01486	0.01478	0.00832	0.01929	0.01140	0.02861	0.00939	0.01114	0.00725	0.00614	0.00428	0.00205	0.00544	0.00372	0.00397	0.00724
18	0.01432	0.11573	0.50034	0.01986	0.07368	0.01675	0.08441	0.02151	0.05470	0.02068	0.01255	0.01465	0.00932	0.00625	0.00620	0.00202	0.00916	0.00519	0.00309	0.00959
19	0.00829	0.00629	0.00767	0.00840	0.00961	0.00567	0.00602	0.01000	0.01443	0.01874	0.15083	0.39272	0.26391	0.01813	0.00814	0.00246	0.00368	0.05314	0.00628	0.00559
20	0.01557	0.01618	0.02442	0.23233	0.28668	0.09783	0.11871	0.01938	0.01473	0.01907	0.01433	0.01838	0.04170	0.00689	0.00746	0.00209	0.04601	0.00631	0.00330	0.00863
21	0.50530	0.01252	0.01204	0.01006	0.01449	0.01344	0.00827	0.05075	0.04102	0.25246	0.01541	0.01513	0.01068	0.00693	0.00508	0.00204	0.00534	0.00477	0.00556	0.00870
22	0.00977	0.00867	0.06137	0.00945	0.01065	0.00781	0.00725	0.01131	0.01031	0.01441	0.01879	0.03372	0.01966	0.41053	0.33003	0.00784	0.01136	0.00817	0.00371	0.00520
23	0.01262	0.00899	0.01038	0.00944	0.01166	0.04058	0.00720	0.01704	0.08587	0.09550	0.52707	0.04309	0.07982	0.01233	0.00747	0.00207	0.00396	0.01069	0.00706	0.00715
24	0.01396	0.07507	0.56085	0.01678	0.02512	0.01509	0.02058	0.02137	0.06168	0.04964	0.01722	0.01835	0.06144	0.00723	0.00629	0.00206	0.00863	0.00568	0.00351	0.00945
25	0.05417	0.44971	0.12631	0.01317	0.01845	0.11634	0.01303	0.01999	0.01387	0.01709	0.01211	0.01377	0.03942	0.00680	0.00614	0.00171	0.06217	0.00442	0.00309	0.00824
26	0.09063	0.14078	0.37109	0.03406	0.02356	0.03439	0.01763	0.13175	0.03509	0.04452	0.01257	0.01397	0.00926	0.00656	0.00582	0.00196	0.00828	0.00484	0.00379	0.00948
27	0.05743	0.34576	0.08823	0.01306	0.01843	0.08132	0.01226	0.18903	0.04859	0.02374	0.01521	0.01593	0.05104	0.00715	0.00543	0.00175	0.00735	0.00506	0.00421	0.00902

[dist]
# distance from previous block
# <min> <max>
0	7

[block]
# block no. 3 follows, 33 sequences, length 10
# corresponding to MSA columns:
# 200-209
name=unknown_D
#
# <colnr> <probs for GDERKNQSTAVLIFYWHMCP>
#	G	D	E	R	K	N	Q	S	T	A	V	L	I	F	Y	W	H	M	C	P
0	0.01648	0.04818	0.04141	0.01738	0.16815	0.05960	0.01151	0.08581	0.04475	0.10979	0.20560	0.02994	0.07594	0.04686	0.00814	0.00221	0.00607	0.00811	0.00556	0.00853
1	0.01759	0.01595	0.04754	0.01352	0.01733	0.07760	0.01110	0.20158	0.28842	0.02870	0.10240	0.06315	0.02335	0.01004	0.00694	0.00217	0.00626	0.05081	0.00620	0.00934
2	0.07311	0.01119	0.01298	0.01200	0.04188	0.01143	0.00887	0.07432	0.18388	0.13848	0.07436	0.08818	0.05758	0.08449	0.00933	0.00252	0.00529	0.03431	0.00606	0.06975
3	0.01654	0.01858	0.03366	0.11039	0.03359	0.09666	0.52112	0.04748	0.01620	0.02083	0.01288	0.01701	0.00973	0.00590	0.00738	0.00215	0.01077	0.00709	0.00341	0.00865
4	0.06655	0.52816	0.02781	0.01125	0.01659	0.04990	0.01048	0.02056	0.06354	0.01814	0.01083	0.01208	0.00939	0.00583	0.00456	0.00145	0.00665	0.00389	0.00336	0.12896
5	0.01525	0.01742	0.07029	0.02760	0.14302	0.01611	0.47407	0.01993	0.01462	0.02028	0.01266	0.01720	0.00995	0.00694	0.00938	0.04314	0.06309	0.00707	0.00323	0.00875
6	0.02003	0.01313	0.01706	0.01592	0.08935	0.04882	0.05378	0.05896	0.11945	0.25483	0.08057	0.02829	0.02094	0.00911	0.00690	0.00209	0.00630	0.08171	0.00622	0.06655
7	0.01587	0.18479	0.06495	0.02024	0.05685	0.03430	0.28820	0.02245	0.12951	0.02056	0.01581	0.02080	0.01315	0.00726	0.00710	0.00209	0.02896	0.05431	0.00392	0.00888
8	0.01789	0.24952	0.12704	0.01351	0.01850	0.07595	0.01289	0.12315	0.06694	0.06430	0.01699	0.02402	0.01496	0.04528	0.00742	0.00218	0.00747	0.09873	0.00452	0.00874
9	0.01144	0.00572	0.00858	0.00858	0.00858	0.00572	0.00572	0.00858	0.00858	0.01144	0.01144	0.02001	0.01144	0.02287	0.02573	0.80846	0.00572	0.00572	0.00286	0.00286

[dist]
# distance from previous block
# <min> <max>
0	0

# created by:
# /home/berkeley/.conda/envs/busco_data_prod/bin/msa2prfl.pl pipeline/OGs_align_augustus/4893/36588.fs
