[name]
unknown

[dist]
# distance from previous block
# <min> <max>
0	25

[block]
# block no. 0 follows, 34 sequences, length 54
# corresponding to MSA columns:
# 25-78
name=unknown_A
#
# <colnr> <probs for GDERKNQSTAVLIFYWHMCP>
#	G	D	E	R	K	N	Q	S	T	A	V	L	I	F	Y	W	H	M	C	P
0	0.09463	0.30963	0.22411	0.01525	0.04518	0.01943	0.05510	0.10370	0.01540	0.02176	0.01166	0.01452	0.00955	0.00641	0.00540	0.00181	0.00770	0.02645	0.00347	0.00886
1	0.14028	0.25150	0.09682	0.01285	0.01818	0.01979	0.01201	0.22197	0.12177	0.02697	0.01369	0.01424	0.01054	0.00678	0.00536	0.00183	0.00669	0.00485	0.00458	0.00929
2	0.01368	0.00944	0.01109	0.00979	0.01274	0.00897	0.00751	0.08222	0.09537	0.10437	0.16237	0.17593	0.15087	0.01240	0.00702	0.00204	0.00434	0.01064	0.00626	0.11295
3	0.00853	0.00639	0.00790	0.00792	0.00937	0.00577	0.00579	0.01085	0.01624	0.02198	0.42975	0.19724	0.21780	0.01539	0.00775	0.00219	0.00324	0.01350	0.00662	0.00577
4	0.01468	0.35968	0.19445	0.01327	0.01870	0.04276	0.03715	0.01912	0.06046	0.01804	0.04255	0.12172	0.01601	0.00831	0.00567	0.00183	0.00711	0.00663	0.00367	0.00819
5	0.01515	0.01422	0.02349	0.25414	0.47379	0.01524	0.01864	0.04306	0.04136	0.02062	0.01260	0.01665	0.01013	0.00615	0.00642	0.00200	0.00784	0.00581	0.00334	0.00934
6	0.02666	0.01186	0.01518	0.01195	0.01674	0.01115	0.00977	0.07046	0.13224	0.58332	0.02506	0.02197	0.01631	0.00811	0.00651	0.00203	0.00553	0.00659	0.00768	0.01087
7	0.00799	0.00606	0.00754	0.00837	0.00940	0.00562	0.00588	0.00946	0.01314	0.01706	0.07379	0.45690	0.24385	0.02148	0.07860	0.00321	0.00487	0.01558	0.00581	0.00540
8	0.01507	0.18456	0.41065	0.01810	0.07579	0.03482	0.04257	0.04328	0.07827	0.02054	0.01256	0.01422	0.00955	0.00626	0.00583	0.00190	0.00848	0.00492	0.00327	0.00937
9	0.00794	0.00568	0.00756	0.00895	0.00939	0.00530	0.00600	0.00918	0.01270	0.01702	0.07458	0.72823	0.04376	0.01985	0.00821	0.00259	0.00371	0.01799	0.00606	0.00530
10	0.81856	0.01250	0.00950	0.00850	0.01250	0.01449	0.00700	0.01899	0.01100	0.02899	0.00900	0.01050	0.00700	0.00600	0.00400	0.00200	0.00500	0.00350	0.00400	0.00700
11	0.04211	0.01136	0.01223	0.01111	0.01425	0.01235	0.00859	0.04274	0.40999	0.06929	0.08816	0.08114	0.14757	0.01103	0.00686	0.00218	0.00461	0.00927	0.00648	0.00870
12	0.01630	0.01466	0.01923	0.08783	0.20405	0.05957	0.05281	0.06324	0.26344	0.04275	0.05256	0.04093	0.01681	0.00826	0.00709	0.02253	0.00682	0.00695	0.00493	0.00924
13	0.00962	0.00650	0.00911	0.00928	0.01020	0.00715	0.00689	0.01125	0.01075	0.01577	0.01948	0.10987	0.01924	0.08692	0.45556	0.08347	0.01216	0.00815	0.10331	0.00534
14	0.00948	0.00642	0.00761	0.00775	0.00798	0.00651	0.00484	0.00993	0.00999	0.01336	0.02146	0.04397	0.02426	0.64794	0.08276	0.00625	0.00704	0.07411	0.00408	0.00424
15	0.01495	0.01501	0.02773	0.19821	0.39890	0.01538	0.19564	0.01930	0.01445	0.01997	0.01224	0.01664	0.00976	0.00584	0.00673	0.00204	0.00871	0.00623	0.00314	0.00916
16	0.06420	0.01777	0.01551	0.03404	0.01734	0.23043	0.02789	0.20154	0.01923	0.05244	0.01701	0.04652	0.03777	0.00963	0.03433	0.00219	0.02832	0.00609	0.12967	0.00808
17	0.22167	0.04473	0.39951	0.04351	0.04513	0.01513	0.08389	0.02020	0.01323	0.04095	0.01137	0.01352	0.00831	0.00607	0.00570	0.00203	0.00824	0.00479	0.00326	0.00875
18	0.01809	0.24668	0.21970	0.01705	0.04480	0.19859	0.07837	0.06997	0.01600	0.01925	0.01086	0.01274	0.00866	0.00613	0.00565	0.00176	0.00919	0.00460	0.00321	0.00872
19	0.00925	0.00684	0.00996	0.00996	0.01097	0.00785	0.00755	0.01127	0.01026	0.01468	0.01770	0.02754	0.01709	0.14076	0.65629	0.00986	0.01590	0.00724	0.00352	0.00553
20	0.09872	0.03230	0.10634	0.10428	0.16565	0.01405	0.08454	0.07645	0.03745	0.02275	0.07417	0.10322	0.01756	0.00852	0.00687	0.00210	0.02498	0.00750	0.00420	0.00835
21	0.06211	0.10547	0.06618	0.08148	0.35336	0.06246	0.09520	0.06092	0.01534	0.02128	0.01169	0.01485	0.00947	0.00596	0.00610	0.00190	0.00819	0.00542	0.00335	0.00927
22	0.02899	0.01100	0.01499	0.01150	0.01649	0.00950	0.00950	0.03149	0.01849	0.73709	0.02549	0.02199	0.01599	0.00800	0.00650	0.00200	0.00550	0.00650	0.00800	0.01100
23	0.01349	0.01167	0.01911	0.08994	0.35096	0.01157	0.04964	0.01652	0.01427	0.05663	0.02460	0.18598	0.10740	0.01040	0.00703	0.00214	0.00641	0.00962	0.00438	0.00825
24	0.07619	0.09870	0.16972	0.10199	0.10784	0.12742	0.03931	0.11867	0.01653	0.02216	0.01291	0.05628	0.01082	0.00714	0.00601	0.00194	0.00831	0.00569	0.00373	0.00867
25	0.00796	0.00594	0.00740	0.00835	0.00926	0.00539	0.00576	0.00940	0.01355	0.01773	0.11729	0.53034	0.20089	0.01860	0.00804	0.00246	0.00356	0.01657	0.00612	0.00539
26	0.00940	0.00626	0.00705	0.00705	0.00705	0.00626	0.00392	0.00940	0.00940	0.01253	0.02036	0.04228	0.02349	0.77292	0.03289	0.00626	0.00626	0.00940	0.00392	0.00392
27	0.04658	0.01561	0.08709	0.12150	0.05933	0.01513	0.03483	0.20879	0.17006	0.02719	0.06186	0.02362	0.08326	0.00852	0.00657	0.00207	0.00661	0.00707	0.00524	0.00907
28	0.01664	0.01682	0.02483	0.08946	0.60181	0.09799	0.01886	0.02026	0.01499	0.02017	0.01186	0.01559	0.00990	0.00591	0.00634	0.00191	0.00819	0.00558	0.00319	0.00970
29	0.02569	0.01144	0.01453	0.01152	0.01608	0.01076	0.00939	0.06921	0.11715	0.54615	0.02472	0.02207	0.01627	0.00806	0.00636	0.00199	0.00535	0.00654	0.06618	0.01052
30	0.00813	0.00610	0.00760	0.00857	0.00960	0.00557	0.00614	0.00970	0.01362	0.01763	0.08824	0.46840	0.22557	0.01853	0.00811	0.00250	0.00379	0.08072	0.00607	0.00542
31	0.01436	0.03252	0.08030	0.09261	0.38003	0.01417	0.10166	0.01817	0.01401	0.01986	0.01510	0.04394	0.03601	0.00749	0.00754	0.02976	0.02858	0.00657	0.04856	0.00877
32	0.00820	0.00588	0.00779	0.00877	0.00944	0.00547	0.00602	0.00983	0.01391	0.01895	0.21625	0.58108	0.04748	0.01841	0.00808	0.00247	0.00357	0.01663	0.00629	0.00547
33	0.03956	0.01035	0.01246	0.01041	0.01390	0.01015	0.00829	0.10588	0.08755	0.28721	0.17151	0.05383	0.05117	0.00974	0.00655	0.00199	0.00471	0.00810	0.09778	0.00884
34	0.03674	0.12577	0.02161	0.25846	0.14970	0.08407	0.05539	0.01778	0.01403	0.01813	0.05071	0.05481	0.01432	0.00956	0.04343	0.00240	0.00837	0.02351	0.00349	0.00773
35	0.06853	0.01734	0.01834	0.01419	0.01918	0.01917	0.01170	0.64539	0.02869	0.03917	0.01705	0.01701	0.03822	0.00799	0.00637	0.00195	0.00684	0.00599	0.00631	0.01055
36	0.00944	0.00686	0.01006	0.01006	0.01124	0.00793	0.00781	0.01180	0.01062	0.01567	0.01758	0.02529	0.01618	0.04545	0.69262	0.00973	0.01625	0.00686	0.06276	0.00579
37	0.04041	0.14923	0.05887	0.01340	0.01874	0.03697	0.01174	0.36576	0.08165	0.03040	0.01422	0.01473	0.01074	0.00688	0.00574	0.00173	0.00677	0.00510	0.00512	0.12178
38	0.01519	0.18452	0.20880	0.02024	0.14573	0.01608	0.11555	0.01959	0.01433	0.05956	0.03141	0.02123	0.01352	0.00868	0.03174	0.00227	0.00838	0.07074	0.00363	0.00880
39	0.01582	0.25482	0.23779	0.06032	0.09323	0.06712	0.08588	0.03724	0.01443	0.01894	0.01098	0.01335	0.00876	0.00587	0.00564	0.00176	0.00846	0.00474	0.00304	0.05182
40	0.01499	0.23260	0.24981	0.05695	0.04279	0.01764	0.09443	0.05914	0.05816	0.02019	0.01437	0.04018	0.01228	0.00734	0.00607	0.00196	0.00804	0.05074	0.00358	0.00875
41	0.00878	0.00713	0.00796	0.00854	0.00982	0.02962	0.00604	0.01093	0.03917	0.01836	0.13383	0.41136	0.25014	0.01732	0.00784	0.00237	0.00382	0.01522	0.00608	0.00567
42	0.03327	0.01610	0.22235	0.01394	0.07804	0.01053	0.01262	0.05421	0.03336	0.02159	0.12311	0.06184	0.25601	0.01129	0.00695	0.00211	0.00583	0.02428	0.00494	0.00761
43	0.06045	0.01714	0.12040	0.20030	0.26874	0.04122	0.07093	0.04563	0.03903	0.02116	0.02882	0.01788	0.01138	0.00662	0.00641	0.00204	0.00814	0.02134	0.00350	0.00885
44	0.00809	0.00623	0.00756	0.02887	0.01013	0.00572	0.00598	0.00950	0.01319	0.01674	0.04509	0.41898	0.29515	0.06062	0.00938	0.00266	0.00393	0.04107	0.00579	0.00533
45	0.01220	0.01148	0.01938	0.75739	0.04450	0.01436	0.01794	0.01651	0.01292	0.01651	0.01148	0.01723	0.00861	0.00646	0.00646	0.00215	0.00861	0.00574	0.00287	0.00718
46	0.04355	0.01880	0.17896	0.03774	0.04604	0.12635	0.01313	0.07734	0.01669	0.10753	0.10056	0.08044	0.08219	0.00952	0.00705	0.00205	0.03133	0.00763	0.00487	0.00823
47	0.03658	0.06025	0.10577	0.11081	0.12092	0.06641	0.06225	0.14173	0.04174	0.12503	0.01549	0.03784	0.01196	0.02647	0.00699	0.00209	0.00777	0.00609	0.00457	0.00924
48	0.01523	0.01088	0.03910	0.01272	0.01516	0.01107	0.04278	0.05604	0.01466	0.16662	0.06591	0.15484	0.04644	0.01771	0.11985	0.00358	0.14491	0.04962	0.00530	0.00757
49	0.60144	0.01446	0.01369	0.01232	0.04291	0.07732	0.06941	0.01942	0.01209	0.02602	0.00983	0.01201	0.00783	0.00756	0.03003	0.00229	0.02615	0.00417	0.00380	0.00728
50	0.00949	0.00638	0.00851	0.00951	0.01029	0.00614	0.00673	0.01085	0.01290	0.05932	0.03513	0.62639	0.06557	0.01891	0.00860	0.00260	0.02947	0.06147	0.00601	0.00570
51	0.01557	0.12502	0.01770	0.05890	0.03692	0.01413	0.01011	0.10583	0.10959	0.03989	0.10135	0.01941	0.01724	0.00723	0.00619	0.00162	0.02933	0.00573	0.00475	0.27349
52	0.03638	0.04044	0.05646	0.11521	0.26061	0.01492	0.01480	0.09146	0.13557	0.05087	0.03964	0.01949	0.03429	0.00715	0.00628	0.00194	0.00677	0.00617	0.00447	0.05709
53	0.06131	0.01148	0.03939	0.21014	0.04039	0.01264	0.01226	0.05668	0.03467	0.06633	0.08908	0.08903	0.01898	0.01512	0.11251	0.00339	0.10726	0.00758	0.00438	0.00738

[dist]
# distance from previous block
# <min> <max>
2	27

[block]
# block no. 1 follows, 34 sequences, length 78
# corresponding to MSA columns:
# 106-183
name=unknown_B
#
# <colnr> <probs for GDERKNQSTAVLIFYWHMCP>
#	G	D	E	R	K	N	Q	S	T	A	V	L	I	F	Y	W	H	M	C	P
0	0.12480	0.07182	0.01905	0.05173	0.15532	0.05650	0.01249	0.23010	0.04557	0.04357	0.01368	0.01541	0.01057	0.00697	0.00637	0.00189	0.03880	0.00526	0.06207	0.02804
1	0.01432	0.01561	0.08973	0.25376	0.30489	0.03093	0.03680	0.03611	0.04446	0.01999	0.01539	0.03189	0.04336	0.00692	0.00647	0.00202	0.00785	0.00628	0.00348	0.02976
2	0.01181	0.00794	0.00962	0.00917	0.01109	0.00770	0.00685	0.04599	0.04820	0.09944	0.16939	0.24437	0.22066	0.03815	0.00886	0.00239	0.03274	0.01271	0.00629	0.00662
3	0.00989	0.00764	0.01066	0.01040	0.01175	0.00870	0.00805	0.01353	0.06859	0.01794	0.14217	0.05707	0.02496	0.03671	0.50448	0.00770	0.04096	0.00817	0.00442	0.00621
4	0.01414	0.01414	0.01979	0.01696	0.01696	0.01979	0.01414	0.01555	0.00990	0.01555	0.00848	0.01414	0.00848	0.01131	0.02120	0.00283	0.76110	0.00565	0.00283	0.00707
5	0.01385	0.01147	0.01344	0.00963	0.01535	0.00864	0.00771	0.01671	0.01355	0.04167	0.01189	0.01365	0.00976	0.00488	0.00483	0.00099	0.00481	0.00390	0.00395	0.78935
6	0.01286	0.01190	0.01966	0.36246	0.26066	0.01341	0.01649	0.01641	0.01338	0.01807	0.01573	0.11953	0.01486	0.00875	0.00741	0.00220	0.03962	0.03520	0.00352	0.00786
7	0.00919	0.00700	0.01025	0.01042	0.01137	0.00806	0.00795	0.01123	0.01075	0.01531	0.02046	0.16924	0.02097	0.04128	0.57059	0.00853	0.04867	0.00909	0.00393	0.00573
8	0.01003	0.00847	0.00933	0.00905	0.01074	0.04214	0.00675	0.01350	0.07260	0.02142	0.32788	0.16414	0.21889	0.01441	0.00813	0.00220	0.03555	0.01231	0.00625	0.00624
9	0.01457	0.01384	0.02335	0.13304	0.50504	0.01418	0.04707	0.01878	0.03617	0.02054	0.04514	0.05110	0.03425	0.00716	0.00663	0.00201	0.00738	0.00689	0.00362	0.00923
10	0.00782	0.00584	0.00727	0.00842	0.00922	0.00530	0.00574	0.00906	0.01292	0.01672	0.04259	0.60341	0.20352	0.01934	0.00810	0.00252	0.00364	0.01726	0.00600	0.00530
11	0.00797	0.00572	0.00771	0.00910	0.00953	0.00546	0.00615	0.00918	0.01223	0.01638	0.03427	0.71427	0.04079	0.02231	0.06237	0.00319	0.00474	0.01753	0.00581	0.00529
12	0.05066	0.71322	0.06280	0.01126	0.01690	0.02465	0.01143	0.01938	0.01306	0.01600	0.00909	0.01051	0.00823	0.00557	0.00422	0.00144	0.00694	0.00351	0.00281	0.00829
13	0.02384	0.02780	0.01812	0.01601	0.01960	0.59612	0.01220	0.14629	0.02029	0.02046	0.01130	0.01271	0.00905	0.00688	0.00590	0.00171	0.01059	0.00451	0.02855	0.00806
14	0.00993	0.00840	0.01265	0.29358	0.04488	0.00918	0.01092	0.01265	0.01365	0.01786	0.10650	0.27992	0.11539	0.01326	0.00738	0.00231	0.00562	0.02481	0.00485	0.00627
15	0.02249	0.01118	0.01349	0.01077	0.01484	0.01076	0.00875	0.17684	0.02000	0.37168	0.05856	0.02563	0.07965	0.00884	0.00632	0.00192	0.00515	0.00714	0.13652	0.00948
16	0.02755	0.01176	0.01531	0.01180	0.01668	0.01076	0.00972	0.12162	0.02008	0.61358	0.05415	0.02224	0.01724	0.00819	0.00654	0.00199	0.00561	0.00663	0.00775	0.01079
17	0.01469	0.00956	0.00999	0.00909	0.01164	0.01037	0.00704	0.07653	0.23747	0.04259	0.02238	0.02337	0.01710	0.00795	0.00536	0.00177	0.00405	0.00642	0.47478	0.00785
18	0.00982	0.00619	0.00913	0.00937	0.00993	0.00663	0.00675	0.00987	0.00990	0.01371	0.01775	0.14108	0.01838	0.03345	0.33764	0.33369	0.01042	0.00821	0.00360	0.00449
19	0.01291	0.08048	0.59391	0.01704	0.02524	0.01471	0.02120	0.01944	0.01377	0.01995	0.01444	0.02135	0.01207	0.00766	0.00638	0.00213	0.00889	0.09628	0.00316	0.00898
20	0.01569	0.01504	0.02567	0.09752	0.67714	0.01527	0.01968	0.01956	0.01457	0.02074	0.01210	0.01609	0.01010	0.00581	0.00640	0.00194	0.00775	0.00576	0.00317	0.00999
21	0.00930	0.00701	0.00977	0.01006	0.01125	0.00669	0.03869	0.04020	0.01452	0.01955	0.15306	0.51108	0.06215	0.01756	0.00807	0.00249	0.00424	0.06238	0.00608	0.00585
22	0.35764	0.10264	0.01734	0.01296	0.01700	0.24212	0.06074	0.05034	0.01469	0.02276	0.01101	0.04376	0.00944	0.00679	0.00513	0.00186	0.00773	0.00473	0.00379	0.00751
23	0.01644	0.38566	0.21872	0.01535	0.05040	0.11464	0.04126	0.02009	0.01416	0.01724	0.01268	0.01428	0.04139	0.00634	0.00528	0.00169	0.00825	0.00462	0.00301	0.00849
24	0.00835	0.00593	0.00802	0.00907	0.00970	0.00583	0.00631	0.00988	0.01245	0.01713	0.07696	0.56250	0.03824	0.02428	0.13837	0.00391	0.00607	0.01545	0.03611	0.00542
25	0.11163	0.18177	0.07913	0.03697	0.19672	0.01719	0.06154	0.07564	0.01525	0.09153	0.01251	0.01445	0.00974	0.00629	0.00615	0.00185	0.03298	0.00504	0.00390	0.03970
26	0.01614	0.01516	0.02262	0.23544	0.39763	0.04901	0.01769	0.08715	0.05609	0.02182	0.01300	0.01655	0.01031	0.00636	0.00640	0.00199	0.00792	0.00577	0.00362	0.00933
27	0.02690	0.01038	0.01389	0.01082	0.01539	0.00907	0.00888	0.02946	0.01788	0.64924	0.02495	0.02225	0.01606	0.00794	0.00625	0.00194	0.00519	0.00644	0.10666	0.01038
28	0.00881	0.00638	0.00823	0.00906	0.00991	0.00610	0.00630	0.03901	0.01409	0.01899	0.14543	0.57324	0.06898	0.01934	0.03121	0.00273	0.00419	0.01625	0.00612	0.00565
29	0.01592	0.06519	0.10553	0.18469	0.28286	0.04514	0.01695	0.07022	0.03390	0.05083	0.01506	0.04024	0.03144	0.00704	0.00632	0.00198	0.00777	0.00611	0.00374	0.00905
30	0.01267	0.22352	0.11379	0.01074	0.01460	0.01358	0.01023	0.05128	0.01469	0.01981	0.13651	0.06098	0.10302	0.01558	0.11947	0.00314	0.00743	0.00763	0.05407	0.00725
31	0.04603	0.01460	0.01680	0.01314	0.01803	0.01519	0.01078	0.33973	0.10749	0.31807	0.02063	0.01901	0.01393	0.00793	0.00643	0.00199	0.00617	0.00621	0.00703	0.01080
32	0.01623	0.15666	0.06246	0.03938	0.10548	0.03848	0.26660	0.04304	0.08201	0.03524	0.01376	0.01644	0.01078	0.00639	0.00702	0.00197	0.04285	0.00609	0.04029	0.00884
33	0.01304	0.01195	0.01995	0.27383	0.32302	0.01315	0.01630	0.01665	0.01317	0.01817	0.01392	0.03448	0.01212	0.01535	0.15946	0.00378	0.00987	0.02043	0.00326	0.00810
34	0.01123	0.00754	0.00980	0.01054	0.01194	0.00754	0.00852	0.04809	0.01455	0.04003	0.03051	0.17093	0.03293	0.11781	0.01154	0.00318	0.00550	0.39298	0.05886	0.00597
35	0.00907	0.00656	0.00732	0.00738	0.00907	0.00600	0.00544	0.01172	0.03678	0.02077	0.20581	0.15322	0.32510	0.01437	0.00713	0.00209	0.00330	0.01230	0.15075	0.00582
36	0.01512	0.05616	0.11766	0.11709	0.35065	0.04623	0.07247	0.01985	0.04373	0.01965	0.01261	0.01659	0.01035	0.02519	0.02418	0.00228	0.03210	0.00576	0.00324	0.00909
37	0.01077	0.00879	0.03538	0.03964	0.06899	0.00788	0.00825	0.03855	0.01543	0.04969	0.22856	0.17750	0.18367	0.06494	0.03042	0.00269	0.00490	0.01170	0.00574	0.00652
38	0.03687	0.29199	0.47317	0.01557	0.02357	0.01867	0.01894	0.02003	0.01339	0.01887	0.01061	0.01241	0.00819	0.00592	0.00538	0.00181	0.00850	0.00428	0.00278	0.00904
39	0.01563	0.01201	0.01482	0.01072	0.01638	0.00960	0.03473	0.05471	0.01488	0.09441	0.01317	0.01453	0.01030	0.00529	0.00515	0.00116	0.00521	0.00435	0.00437	0.65856
40	0.06949	0.04681	0.01098	0.00954	0.01111	0.00968	0.00719	0.04143	0.04413	0.01748	0.01797	0.04410	0.01746	0.21410	0.36514	0.00700	0.01123	0.00729	0.04191	0.00595
41	0.02385	0.02853	0.01851	0.01642	0.01988	0.62482	0.01251	0.11717	0.01964	0.01914	0.01068	0.01225	0.00869	0.00696	0.00644	0.00174	0.03668	0.00443	0.00373	0.00794
42	0.01078	0.00747	0.00929	0.00972	0.01125	0.00732	0.00718	0.01471	0.10865	0.06864	0.09877	0.41152	0.10439	0.01661	0.00786	0.00247	0.00418	0.08641	0.00631	0.00648
43	0.01541	0.01475	0.02517	0.15052	0.62634	0.01520	0.01954	0.01932	0.01444	0.02040	0.01205	0.01618	0.00998	0.00587	0.00641	0.00196	0.00782	0.00575	0.00315	0.00976
44	0.22992	0.00963	0.00991	0.00859	0.01182	0.00992	0.00687	0.03695	0.04684	0.20638	0.01911	0.01977	0.01391	0.00730	0.00502	0.00180	0.00435	0.00553	0.33853	0.00784
45	0.00929	0.00688	0.01009	0.01029	0.01138	0.00780	0.00798	0.01149	0.01083	0.01533	0.01979	0.06083	0.01959	0.08383	0.60964	0.00915	0.01510	0.07121	0.00382	0.00566
46	0.00797	0.00636	0.00716	0.00755	0.00918	0.00555	0.00554	0.00968	0.01451	0.01816	0.12492	0.23880	0.45898	0.01708	0.00784	0.00231	0.00348	0.04331	0.00611	0.00549
47	0.01213	0.01131	0.01900	0.72616	0.04320	0.01407	0.01763	0.01638	0.01300	0.01663	0.01244	0.01956	0.00981	0.00694	0.00656	0.00219	0.00850	0.03437	0.00300	0.00713
48	0.03658	0.00952	0.01405	0.23324	0.11311	0.01043	0.01177	0.04019	0.01384	0.01966	0.03582	0.21660	0.02208	0.01250	0.03214	0.00249	0.00637	0.05918	0.10352	0.00690
49	0.62202	0.01303	0.01277	0.01078	0.01498	0.01466	0.06724	0.02149	0.09911	0.05433	0.01209	0.01319	0.00914	0.00637	0.00472	0.00204	0.00553	0.00443	0.00440	0.00769
50	0.01436	0.01367	0.02304	0.26309	0.47845	0.01452	0.01845	0.01823	0.01415	0.01947	0.01476	0.01882	0.04779	0.00654	0.00648	0.00201	0.00774	0.00617	0.00324	0.00902
51	0.01117	0.00882	0.00969	0.00914	0.01147	0.00875	0.00690	0.10659	0.10381	0.02258	0.12778	0.18598	0.33334	0.01465	0.00746	0.00222	0.00408	0.01249	0.00627	0.00682
52	0.00818	0.00580	0.00792	0.00916	0.00963	0.00564	0.00626	0.00932	0.01196	0.01610	0.03226	0.64141	0.03801	0.02410	0.10780	0.03371	0.00563	0.01636	0.00554	0.00523
53	0.01351	0.01733	0.12570	0.02213	0.02807	0.01400	0.47263	0.01849	0.01485	0.02005	0.02113	0.05286	0.10079	0.00800	0.00751	0.00221	0.00928	0.03953	0.00376	0.00817
54	0.01438	0.01351	0.02277	0.13535	0.54014	0.01386	0.01772	0.01792	0.01415	0.01985	0.01520	0.11691	0.01436	0.00779	0.00665	0.00205	0.00728	0.00744	0.00353	0.00914
55	0.01353	0.01024	0.01556	0.01366	0.01622	0.04022	0.14530	0.03502	0.01473	0.11466	0.02806	0.40661	0.02985	0.01456	0.00780	0.00242	0.00601	0.07292	0.00562	0.00702
56	0.31173	0.07919	0.05442	0.06606	0.10652	0.08076	0.03559	0.04849	0.04645	0.04419	0.04411	0.01507	0.01137	0.00671	0.00573	0.00195	0.02455	0.00497	0.00402	0.00813
57	0.01559	0.16606	0.02573	0.17144	0.37821	0.05139	0.03650	0.01902	0.01415	0.01862	0.01212	0.04070	0.01054	0.00638	0.00603	0.00188	0.00785	0.00571	0.00315	0.00891
58	0.04708	0.32198	0.07993	0.01098	0.01468	0.03598	0.01009	0.01626	0.01227	0.04898	0.01425	0.09692	0.01376	0.01530	0.09641	0.14083	0.00778	0.00612	0.00351	0.00688
59	0.04256	0.13565	0.15830	0.08152	0.29428	0.01636	0.06876	0.03637	0.01431	0.02028	0.01242	0.04320	0.01052	0.00640	0.00604	0.00190	0.00787	0.00570	0.00326	0.03431
60	0.03848	0.19311	0.19908	0.11774	0.09039	0.01628	0.04845	0.04136	0.01458	0.09904	0.01454	0.04851	0.01198	0.00725	0.00600	0.00195	0.00768	0.03099	0.00382	0.00878
61	0.02899	0.01100	0.01499	0.01150	0.01649	0.00950	0.00950	0.03149	0.01849	0.73709	0.02549	0.02199	0.01599	0.00800	0.00650	0.00200	0.00550	0.00650	0.00800	0.01100
62	0.00977	0.03358	0.01149	0.07563	0.01401	0.00889	0.00854	0.01160	0.01100	0.01522	0.02014	0.19269	0.02101	0.06489	0.39472	0.04410	0.04381	0.00929	0.00392	0.00570
63	0.01712	0.04980	0.11890	0.02418	0.25526	0.09395	0.07341	0.08134	0.01587	0.05481	0.01446	0.01713	0.03668	0.00835	0.02901	0.00226	0.08877	0.00587	0.00373	0.00911
64	0.04133	0.01545	0.01304	0.01182	0.01470	0.21279	0.00902	0.02277	0.18033	0.08277	0.21519	0.05128	0.05804	0.00989	0.00660	0.00197	0.00619	0.00802	0.03096	0.00782
65	0.00982	0.00671	0.00932	0.00932	0.01050	0.00757	0.00714	0.01217	0.01100	0.01678	0.01823	0.02589	0.01657	0.07304	0.55994	0.00835	0.01382	0.00685	0.17123	0.00574
66	0.01541	0.06122	0.09179	0.13138	0.35670	0.01525	0.01691	0.08823	0.03222	0.02263	0.07492	0.01873	0.01453	0.00684	0.00632	0.00194	0.00732	0.00608	0.02234	0.00924
67	0.07105	0.03538	0.12724	0.19109	0.11827	0.10314	0.04357	0.08387	0.03222	0.02123	0.01557	0.06539	0.03216	0.00786	0.00636	0.00205	0.00806	0.02338	0.00383	0.00827
68	0.60914	0.01210	0.01095	0.00929	0.01356	0.01317	0.00766	0.02231	0.01298	0.21680	0.01337	0.01355	0.00938	0.00653	0.00466	0.00200	0.00513	0.00429	0.00506	0.00806
69	0.00861	0.00688	0.00987	0.07427	0.01347	0.00663	0.04005	0.01038	0.01319	0.01725	0.06685	0.52320	0.15011	0.01742	0.00794	0.00247	0.00440	0.01572	0.00565	0.00565
70	0.01549	0.01639	0.08914	0.17144	0.16140	0.04279	0.11700	0.11743	0.04869	0.02237	0.01572	0.07061	0.01361	0.00807	0.00720	0.00215	0.02776	0.03999	0.00404	0.00870
71	0.01368	0.01382	0.03630	0.12311	0.17642	0.10414	0.05649	0.03347	0.01494	0.01904	0.04026	0.18118	0.04601	0.01120	0.00720	0.00224	0.00723	0.10138	0.00439	0.00748
72	0.01822	0.00931	0.01156	0.00989	0.01305	0.00884	0.00793	0.06913	0.05326	0.28256	0.19678	0.03356	0.06084	0.01024	0.00665	0.00200	0.00451	0.05313	0.14018	0.00836
73	0.07082	0.13504	0.02436	0.14220	0.26574	0.06868	0.06288	0.03921	0.04113	0.01996	0.01162	0.01489	0.00954	0.00645	0.00699	0.00195	0.06116	0.00531	0.00334	0.00872
74	0.04190	0.04040	0.32167	0.05356	0.10218	0.10433	0.03869	0.01992	0.04634	0.01930	0.01304	0.01657	0.01047	0.03022	0.11084	0.00325	0.01019	0.00540	0.00323	0.00849
75	0.11785	0.04752	0.01251	0.01028	0.01338	0.00999	0.00823	0.03630	0.03680	0.27780	0.02458	0.15095	0.02223	0.07597	0.00884	0.00254	0.00527	0.09434	0.03664	0.00797
76	0.01580	0.04073	0.11783	0.08122	0.11565	0.05290	0.04448	0.14054	0.03285	0.02240	0.04335	0.04093	0.01332	0.01146	0.06857	0.00281	0.13634	0.00632	0.00397	0.00853
77	0.01638	0.07869	0.20997	0.11106	0.07319	0.05104	0.15938	0.08838	0.03635	0.05472	0.01309	0.01553	0.00976	0.00624	0.00633	0.00195	0.00869	0.00562	0.00369	0.04995

[dist]
# distance from previous block
# <min> <max>
0	12

[block]
# block no. 2 follows, 34 sequences, length 17
# corresponding to MSA columns:
# 196-212
name=unknown_C
#
# <colnr> <probs for GDERKNQSTAVLIFYWHMCP>
#	G	D	E	R	K	N	Q	S	T	A	V	L	I	F	Y	W	H	M	C	P
0	0.00952	0.00680	0.00829	0.00843	0.00960	0.00657	0.00604	0.01094	0.01311	0.04495	0.10009	0.21674	0.22821	0.18334	0.04798	0.00360	0.03308	0.05179	0.00548	0.00545
1	0.01180	0.00899	0.00943	0.00910	0.01099	0.06571	0.00674	0.04014	0.01635	0.06998	0.25580	0.22512	0.17974	0.01426	0.00737	0.00215	0.00428	0.01232	0.04336	0.00638
2	0.01588	0.13269	0.09781	0.09427	0.09635	0.07828	0.15879	0.07815	0.04317	0.02055	0.03225	0.01706	0.01172	0.01069	0.08196	0.00279	0.00956	0.00591	0.00362	0.00851
3	0.03384	0.05988	0.02401	0.19571	0.06134	0.06794	0.20196	0.01858	0.01365	0.05094	0.01330	0.04609	0.01119	0.01063	0.06685	0.00281	0.10348	0.00656	0.00345	0.00780
4	0.01507	0.01520	0.03151	0.02406	0.06495	0.01447	0.52201	0.01980	0.01472	0.05417	0.01452	0.01885	0.01121	0.01077	0.09482	0.00309	0.01083	0.00731	0.04422	0.00842
5	0.01393	0.01644	0.13695	0.09871	0.43877	0.01367	0.01819	0.01806	0.01422	0.01999	0.01728	0.07316	0.05064	0.00792	0.00665	0.00207	0.00749	0.03325	0.00354	0.00907
6	0.01757	0.07228	0.11399	0.06332	0.05887	0.14623	0.12482	0.11364	0.05587	0.05479	0.01963	0.02087	0.09415	0.00772	0.00647	0.00196	0.00832	0.00653	0.00429	0.00867
7	0.01286	0.00965	0.03145	0.01123	0.04494	0.03613	0.00799	0.05004	0.05048	0.09413	0.03014	0.33302	0.09048	0.09226	0.03422	0.00295	0.00544	0.01212	0.04369	0.00677
8	0.00920	0.00659	0.00787	0.00782	0.00954	0.00583	0.00576	0.01128	0.01570	0.05338	0.29367	0.19461	0.32390	0.01562	0.00770	0.00221	0.00339	0.01355	0.00649	0.00590
9	0.05300	0.01417	0.02110	0.21207	0.38279	0.05241	0.01668	0.04106	0.01479	0.02053	0.03605	0.02002	0.03278	0.00808	0.02616	0.00224	0.00791	0.02592	0.00356	0.00869
10	0.01692	0.14744	0.13904	0.09828	0.06024	0.11283	0.09234	0.09341	0.05746	0.03969	0.01460	0.07259	0.01237	0.00749	0.00621	0.00194	0.00827	0.00629	0.00392	0.00865
11	0.01517	0.04613	0.02021	0.38059	0.16798	0.11860	0.01611	0.05210	0.01496	0.01856	0.01359	0.05095	0.01178	0.00750	0.00645	0.00206	0.00839	0.03753	0.00345	0.00790
12	0.01160	0.00908	0.03166	0.01130	0.04018	0.00851	0.00831	0.07704	0.06287	0.04803	0.06839	0.35493	0.10452	0.05064	0.00889	0.00259	0.00480	0.08403	0.00591	0.00672
13	0.04083	0.05160	0.09596	0.01667	0.09980	0.08761	0.07436	0.04121	0.03641	0.12971	0.06760	0.08141	0.07752	0.00969	0.00677	0.00209	0.00696	0.06046	0.00500	0.00834
14	0.01769	0.03997	0.06395	0.04776	0.13076	0.08600	0.10455	0.14580	0.04087	0.06318	0.01541	0.07295	0.01290	0.00740	0.00636	0.00186	0.00759	0.00651	0.00444	0.12406
15	0.01522	0.03641	0.06871	0.09381	0.11347	0.04206	0.14080	0.08789	0.04845	0.05604	0.01959	0.13797	0.04360	0.01026	0.02947	0.00234	0.00775	0.00830	0.00444	0.03342
16	0.03860	0.04783	0.08570	0.04061	0.18096	0.07697	0.10099	0.09045	0.01728	0.10416	0.11195	0.02163	0.03893	0.00763	0.00655	0.00196	0.00745	0.00674	0.00466	0.00896

[dist]
# distance from previous block
# <min> <max>
2	24

[block]
# block no. 3 follows, 34 sequences, length 16
# corresponding to MSA columns:
# 237-252
name=unknown_D
#
# <colnr> <probs for GDERKNQSTAVLIFYWHMCP>
#	G	D	E	R	K	N	Q	S	T	A	V	L	I	F	Y	W	H	M	C	P
0	0.04022	0.03687	0.02476	0.08373	0.57809	0.06407	0.01838	0.03996	0.01513	0.02109	0.01188	0.01546	0.00987	0.00592	0.00623	0.00191	0.00789	0.00552	0.00329	0.00972
1	0.01426	0.01283	0.02028	0.56911	0.13196	0.01520	0.01748	0.10472	0.01536	0.02017	0.01208	0.01685	0.00913	0.00653	0.00645	0.00210	0.00830	0.00575	0.00337	0.00806
2	0.01240	0.01225	0.05866	0.01613	0.11308	0.01176	0.04970	0.03182	0.08860	0.02153	0.18027	0.12193	0.07668	0.01110	0.00909	0.00218	0.11373	0.00931	0.00501	0.05476
3	0.01047	0.00789	0.00990	0.00964	0.01106	0.00823	0.00713	0.01312	0.05991	0.04771	0.05867	0.23874	0.16275	0.10011	0.12067	0.00395	0.07653	0.01159	0.00519	0.03674
4	0.01087	0.00881	0.01186	0.01011	0.01306	0.00792	0.09469	0.05381	0.01579	0.06133	0.05148	0.09969	0.50735	0.01425	0.00754	0.00219	0.00463	0.01232	0.00580	0.00651
5	0.01440	0.33364	0.18438	0.01415	0.02014	0.01760	0.10101	0.01809	0.01358	0.01791	0.01564	0.07047	0.05409	0.00729	0.00560	0.00172	0.00732	0.00600	0.00336	0.09362
6	0.01450	0.05706	0.01791	0.01374	0.06001	0.01127	0.08243	0.01867	0.06124	0.04491	0.01436	0.01834	0.01210	0.00611	0.00556	0.00140	0.00584	0.04547	0.00412	0.50497
7	0.01246	0.07308	0.01412	0.01309	0.10421	0.01055	0.00887	0.09557	0.01651	0.02212	0.14283	0.13844	0.20340	0.01175	0.00679	0.00195	0.00480	0.01005	0.00535	0.10406
8	0.05085	0.01769	0.17433	0.03706	0.10462	0.03494	0.08557	0.07838	0.05817	0.12516	0.01904	0.05602	0.01613	0.00884	0.00681	0.00218	0.00752	0.10289	0.00480	0.00899
9	0.01350	0.12274	0.35750	0.01753	0.10581	0.01470	0.01708	0.01942	0.05619	0.02069	0.08829	0.04805	0.01615	0.00737	0.00607	0.00189	0.00744	0.00607	0.00369	0.06981
10	0.15824	0.05602	0.11196	0.07289	0.05218	0.06127	0.13225	0.04758	0.04342	0.10320	0.04231	0.01692	0.01215	0.00780	0.02277	0.00221	0.03836	0.00574	0.00420	0.00854
11	0.01610	0.04649	0.06175	0.09894	0.12799	0.05560	0.06098	0.08016	0.07420	0.07917	0.07372	0.05972	0.01758	0.05624	0.00814	0.00222	0.00702	0.00706	0.00462	0.06231
12	0.01419	0.07246	0.08641	0.13078	0.21137	0.01418	0.07531	0.04378	0.07101	0.03396	0.05355	0.12976	0.01794	0.00874	0.00667	0.00208	0.00712	0.00797	0.00417	0.00853
13	0.01292	0.07003	0.08685	0.03006	0.05170	0.01076	0.04174	0.03984	0.04304	0.07799	0.10756	0.23694	0.07834	0.05690	0.00888	0.00243	0.02080	0.01071	0.00523	0.00730
14	0.01380	0.01311	0.04272	0.06340	0.28521	0.04614	0.03737	0.04376	0.03160	0.03562	0.10518	0.14979	0.06367	0.03044	0.00765	0.00221	0.00646	0.00914	0.00459	0.00813
15	0.03473	0.04601	0.06985	0.20787	0.27155	0.01423	0.01575	0.05586	0.04168	0.02133	0.03853	0.04335	0.01313	0.00699	0.00617	0.00194	0.00711	0.00616	0.05083	0.04694

[dist]
# distance from previous block
# <min> <max>
2	26

[block]
# block no. 4 follows, 34 sequences, length 44
# corresponding to MSA columns:
# 280-323
name=unknown_E
#
# <colnr> <probs for GDERKNQSTAVLIFYWHMCP>
#	G	D	E	R	K	N	Q	S	T	A	V	L	I	F	Y	W	H	M	C	P
0	0.07402	0.04377	0.05590	0.01563	0.10326	0.08329	0.03096	0.11372	0.04025	0.09255	0.10844	0.06754	0.02030	0.04070	0.00747	0.00211	0.00653	0.02500	0.00506	0.06349
1	0.01779	0.11320	0.11684	0.03621	0.10223	0.04659	0.05763	0.11341	0.13282	0.09440	0.04068	0.01911	0.03497	0.00732	0.00620	0.00191	0.00712	0.00608	0.00478	0.04072
2	0.07241	0.05586	0.04207	0.07413	0.05713	0.01369	0.05384	0.09387	0.08925	0.07123	0.04184	0.04701	0.08520	0.01000	0.02604	0.00225	0.05121	0.03399	0.00484	0.07414
3	0.03054	0.01317	0.06530	0.06294	0.11011	0.01213	0.08002	0.07935	0.05294	0.08397	0.06554	0.07280	0.12500	0.00985	0.00742	0.00211	0.03612	0.03072	0.02550	0.03447
4	0.08028	0.01472	0.04752	0.08345	0.17625	0.06112	0.01320	0.07047	0.11786	0.06172	0.01697	0.01935	0.03556	0.01275	0.10380	0.00310	0.03818	0.00605	0.00434	0.03331
5	0.01053	0.00886	0.01046	0.01161	0.07888	0.03098	0.00770	0.03469	0.06252	0.02081	0.20055	0.16419	0.26735	0.03425	0.00815	0.00230	0.00437	0.02936	0.00590	0.00654
6	0.01727	0.77681	0.03386	0.01106	0.01658	0.02557	0.01106	0.01935	0.01313	0.01520	0.00898	0.01036	0.00829	0.00553	0.00415	0.00138	0.00691	0.00345	0.00276	0.00829
7	0.00916	0.00670	0.00793	0.00789	0.00891	0.00633	0.00520	0.01011	0.01123	0.01503	0.02918	0.17985	0.13459	0.37478	0.09184	0.00488	0.00628	0.01104	0.00458	0.07450
8	0.00821	0.00644	0.00733	0.00735	0.00902	0.00566	0.00536	0.01014	0.01530	0.01972	0.26366	0.14327	0.40932	0.04940	0.00883	0.00237	0.00339	0.01343	0.00625	0.00556
9	0.25298	0.03444	0.04563	0.03483	0.05868	0.01399	0.02876	0.16172	0.01694	0.15938	0.01642	0.07143	0.01329	0.03258	0.02987	0.00242	0.00652	0.00626	0.00519	0.00868
10	0.04763	0.10858	0.06132	0.05837	0.07846	0.05963	0.11918	0.08703	0.07424	0.04258	0.04012	0.09706	0.01780	0.00910	0.00665	0.00210	0.00735	0.06994	0.00454	0.00833
11	0.00874	0.00587	0.00726	0.00826	0.00889	0.00557	0.00559	0.01008	0.01236	0.01722	0.03314	0.50431	0.07483	0.11641	0.01091	0.00292	0.00401	0.03617	0.12220	0.00522
12	0.01340	0.01148	0.01340	0.00957	0.01531	0.00861	0.00766	0.01627	0.01340	0.02105	0.01148	0.01340	0.00957	0.00479	0.00479	0.00096	0.00479	0.00383	0.00383	0.81242
13	0.01093	0.00863	0.00997	0.00931	0.01171	0.00815	0.00689	0.05848	0.09597	0.02111	0.11271	0.27240	0.16540	0.03865	0.00800	0.00223	0.00420	0.01198	0.00580	0.13750
14	0.01313	0.06235	0.71199	0.01813	0.02752	0.01542	0.02337	0.02042	0.01362	0.02026	0.01149	0.01351	0.00819	0.00611	0.00606	0.00202	0.00945	0.00472	0.00273	0.00950
15	0.00810	0.00619	0.00746	0.00807	0.00933	0.00555	0.00577	0.00981	0.01435	0.01862	0.17060	0.36629	0.28938	0.01753	0.00794	0.00237	0.00353	0.03744	0.00620	0.00550
16	0.00925	0.00690	0.00857	0.00907	0.01027	0.00672	0.00652	0.03809	0.04386	0.01930	0.13925	0.40848	0.13681	0.04189	0.05451	0.00303	0.00477	0.04090	0.00598	0.00585
17	0.01294	0.01234	0.05670	0.05028	0.06173	0.03308	0.00953	0.01588	0.01412	0.04072	0.06895	0.05475	0.10208	0.02958	0.00662	0.00164	0.00539	0.00669	0.00436	0.41262
18	0.03842	0.00916	0.01192	0.05047	0.09942	0.00923	0.00891	0.09025	0.01556	0.04270	0.08605	0.27077	0.12919	0.05483	0.00865	0.00246	0.00498	0.02966	0.03049	0.00688
19	0.00795	0.00656	0.00698	0.00687	0.00892	0.00559	0.00516	0.00988	0.01547	0.01921	0.20311	0.05930	0.59125	0.01571	0.00763	0.00215	0.00323	0.01323	0.00623	0.00559
20	0.00879	0.00621	0.00802	0.00906	0.00967	0.00597	0.00642	0.01013	0.01250	0.01657	0.05999	0.41338	0.05368	0.19159	0.01399	0.00350	0.00474	0.15509	0.00556	0.00513
21	0.04849	0.03902	0.04316	0.10844	0.10756	0.06150	0.14028	0.12276	0.03594	0.06565	0.01676	0.10377	0.01459	0.02695	0.00724	0.00216	0.00763	0.00745	0.03218	0.00848
22	0.17025	0.08257	0.02039	0.09761	0.05154	0.16738	0.08677	0.07193	0.03280	0.02118	0.01123	0.01417	0.00915	0.00856	0.03624	0.00233	0.09933	0.00508	0.00361	0.00789
23	0.00882	0.00611	0.00739	0.00804	0.00836	0.00593	0.00512	0.00948	0.01105	0.01461	0.02871	0.31318	0.06104	0.41798	0.02129	0.00455	0.00519	0.05366	0.00489	0.00459
24	0.01860	0.16791	0.04188	0.04462	0.01922	0.06843	0.01169	0.19620	0.28338	0.02643	0.01744	0.01739	0.01331	0.00740	0.00593	0.00188	0.00668	0.00568	0.00519	0.04075
25	0.02002	0.01349	0.01527	0.01244	0.01691	0.01400	0.00997	0.16739	0.30028	0.18640	0.04858	0.02133	0.01728	0.00801	0.00633	0.00192	0.00548	0.00651	0.00651	0.12191
26	0.04855	0.01527	0.02276	0.15639	0.46195	0.05692	0.01748	0.04342	0.03649	0.06006	0.01305	0.01629	0.01034	0.00622	0.00629	0.00196	0.00774	0.00566	0.00365	0.00949
27	0.01526	0.17309	0.40186	0.01846	0.02620	0.03837	0.15468	0.06187	0.01499	0.02057	0.01157	0.01381	0.00870	0.00600	0.00606	0.00193	0.00922	0.00512	0.00308	0.00917
28	0.00786	0.00587	0.00731	0.00840	0.00923	0.00532	0.00575	0.00916	0.01310	0.01701	0.06398	0.58236	0.20291	0.01912	0.00809	0.00250	0.00362	0.01706	0.00603	0.00532
29	0.01108	0.00750	0.00867	0.00827	0.01027	0.00698	0.00607	0.01424	0.07591	0.09324	0.17050	0.13426	0.30481	0.10632	0.01055	0.00268	0.00404	0.01205	0.00621	0.00634
30	0.01531	0.01653	0.09871	0.22728	0.15699	0.03757	0.06352	0.08824	0.10580	0.02179	0.01462	0.01906	0.01166	0.00743	0.00762	0.00215	0.06130	0.03172	0.00389	0.00881
31	0.00990	0.00622	0.00722	0.00760	0.00864	0.00604	0.00530	0.01227	0.03138	0.02028	0.12399	0.27347	0.06027	0.10528	0.00976	0.00256	0.00371	0.01155	0.28893	0.00561
32	0.01439	0.01029	0.01226	0.01171	0.01424	0.01100	0.00950	0.13746	0.15246	0.05286	0.04745	0.12214	0.02713	0.01525	0.05184	0.00289	0.00612	0.23232	0.06093	0.00776
33	0.01118	0.00948	0.03065	0.03235	0.03752	0.00902	0.05259	0.05567	0.07647	0.01954	0.02653	0.40117	0.02880	0.06874	0.03796	0.00289	0.00567	0.01259	0.02804	0.05310
34	0.00983	0.00676	0.00886	0.00824	0.00989	0.00621	0.00621	0.01286	0.01830	0.05044	0.70493	0.04736	0.05942	0.01303	0.00758	0.00203	0.00313	0.01151	0.00714	0.00627
35	0.01898	0.01323	0.01341	0.01101	0.01447	0.04257	0.00884	0.37455	0.02242	0.03234	0.01777	0.01917	0.01336	0.00761	0.00557	0.00174	0.00547	0.00584	0.36302	0.00864
36	0.01621	0.01626	0.02390	0.13465	0.51841	0.08778	0.01834	0.02024	0.03602	0.01992	0.01214	0.01591	0.01004	0.00625	0.00692	0.00197	0.03674	0.00564	0.00325	0.00942
37	0.01391	0.01160	0.01434	0.06430	0.11668	0.03404	0.01055	0.10288	0.15717	0.02326	0.10441	0.13582	0.04803	0.05745	0.03715	0.00271	0.00616	0.02649	0.02512	0.00792
38	0.01109	0.00570	0.00855	0.00855	0.00863	0.00578	0.00578	0.00863	0.00855	0.01148	0.01163	0.02002	0.01155	0.02418	0.07349	0.75845	0.00639	0.00570	0.00285	0.00300
39	0.01321	0.01266	0.01758	0.23423	0.12968	0.08183	0.03504	0.01595	0.01256	0.01645	0.01360	0.04184	0.01229	0.04777	0.17881	0.03628	0.08353	0.00643	0.00324	0.00702
40	0.01670	0.12084	0.07474	0.08568	0.16710	0.05612	0.03686	0.04692	0.04259	0.10170	0.01533	0.06473	0.01298	0.01061	0.05204	0.02675	0.04931	0.00635	0.00406	0.00857
41	0.01352	0.01212	0.01845	0.37155	0.19195	0.02885	0.01525	0.05951	0.01483	0.01993	0.07164	0.02196	0.03523	0.03803	0.02711	0.00242	0.00769	0.00660	0.03559	0.00777
42	0.00778	0.00622	0.00697	0.00749	0.00900	0.00541	0.00535	0.00929	0.01402	0.01744	0.08103	0.31553	0.45652	0.01763	0.00786	0.00233	0.00343	0.01526	0.00604	0.00541
43	0.01223	0.01106	0.05514	0.01192	0.03505	0.03356	0.02600	0.09519	0.06403	0.02038	0.02711	0.27127	0.06425	0.12142	0.04632	0.00326	0.00624	0.05731	0.03151	0.00675

[dist]
# distance from previous block
# <min> <max>
0	1

[block]
# block no. 5 follows, 34 sequences, length 12
# corresponding to MSA columns:
# 325-336
name=unknown_F
#
# <colnr> <probs for GDERKNQSTAVLIFYWHMCP>
#	G	D	E	R	K	N	Q	S	T	A	V	L	I	F	Y	W	H	M	C	P
0	0.01733	0.01517	0.04034	0.05792	0.04325	0.12257	0.04297	0.14529	0.06500	0.09086	0.02034	0.09027	0.04186	0.05382	0.08972	0.00319	0.00839	0.02150	0.02208	0.00813
1	0.01282	0.01069	0.01301	0.01206	0.01370	0.06140	0.04703	0.01684	0.12476	0.05089	0.04362	0.26761	0.02526	0.07792	0.05941	0.05097	0.08967	0.01068	0.00501	0.00666
2	0.01358	0.01124	0.01305	0.01020	0.01484	0.00966	0.00801	0.06823	0.07773	0.02249	0.03811	0.09928	0.01605	0.00879	0.03038	0.00167	0.00524	0.00624	0.00460	0.54063
3	0.01491	0.08600	0.12685	0.06405	0.04712	0.09598	0.12222	0.01847	0.01434	0.05129	0.01851	0.06310	0.03969	0.03476	0.00853	0.00229	0.05589	0.09786	0.03042	0.00772
4	0.00863	0.00601	0.00728	0.00791	0.00898	0.00550	0.00554	0.01006	0.01351	0.01829	0.11769	0.37884	0.21413	0.01721	0.00870	0.05412	0.00359	0.01424	0.09444	0.00532
5	0.00911	0.00635	0.00716	0.00716	0.00758	0.00624	0.00432	0.00950	0.01030	0.01345	0.02732	0.04444	0.13497	0.61048	0.07089	0.00586	0.00644	0.00992	0.00422	0.00427
6	0.05663	0.15942	0.02733	0.10943	0.13740	0.08205	0.20898	0.04884	0.04359	0.02024	0.01288	0.01717	0.01060	0.00644	0.00626	0.00195	0.00858	0.03013	0.00352	0.00855
7	0.01423	0.14095	0.19952	0.16259	0.07336	0.01525	0.03837	0.04287	0.04265	0.04853	0.02885	0.01956	0.05364	0.01118	0.07898	0.00278	0.00870	0.00598	0.00365	0.00836
8	0.00892	0.00622	0.00729	0.00757	0.00794	0.00611	0.00467	0.00945	0.01057	0.01394	0.02769	0.17928	0.09977	0.50731	0.07138	0.00542	0.00619	0.01136	0.00449	0.00444
9	0.01776	0.13754	0.04667	0.06153	0.13469	0.18564	0.03572	0.09455	0.01690	0.04478	0.05557	0.06468	0.03769	0.03049	0.00696	0.00199	0.00789	0.00655	0.00415	0.00827
10	0.00808	0.00582	0.00746	0.00856	0.00912	0.00542	0.00572	0.00927	0.01268	0.01683	0.08333	0.59561	0.09665	0.09040	0.01048	0.00289	0.00390	0.01670	0.00588	0.00520
11	0.01975	0.05949	0.01925	0.10209	0.02207	0.25286	0.04420	0.17159	0.06644	0.03981	0.01425	0.05254	0.01177	0.00765	0.00669	0.00187	0.03471	0.00584	0.00440	0.06275

[dist]
# distance from previous block
# <min> <max>
0	1

[block]
# block no. 6 follows, 34 sequences, length 18
# corresponding to MSA columns:
# 338-355
name=unknown_G
#
# <colnr> <probs for GDERKNQSTAVLIFYWHMCP>
#	G	D	E	R	K	N	Q	S	T	A	V	L	I	F	Y	W	H	M	C	P
0	0.05185	0.00840	0.00955	0.02723	0.03565	0.00845	0.00700	0.03661	0.09270	0.05799	0.11988	0.10550	0.17945	0.01139	0.00641	0.00199	0.00401	0.00959	0.21945	0.00690
1	0.01972	0.06246	0.01751	0.04464	0.01885	0.12273	0.01122	0.25757	0.26738	0.02867	0.01831	0.01832	0.01378	0.00775	0.00614	0.00193	0.00684	0.00597	0.06064	0.00956
2	0.01221	0.01009	0.01189	0.01107	0.01272	0.04712	0.00845	0.05427	0.07828	0.01820	0.01847	0.07965	0.01765	0.12062	0.31448	0.00601	0.08236	0.00760	0.04274	0.04612
3	0.01563	0.01444	0.02383	0.31246	0.29875	0.01571	0.08697	0.11370	0.01623	0.02199	0.01245	0.01655	0.00967	0.00627	0.00655	0.00204	0.00828	0.00595	0.00353	0.00900
4	0.01835	0.05608	0.06067	0.02359	0.17899	0.12985	0.20473	0.06783	0.01629	0.08518	0.01378	0.03867	0.01107	0.00697	0.00758	0.00202	0.05914	0.00631	0.00391	0.00902
5	0.00975	0.00681	0.00796	0.00820	0.00961	0.00635	0.00591	0.01179	0.03676	0.04878	0.07421	0.20357	0.26180	0.16854	0.01279	0.00314	0.00438	0.08124	0.03281	0.00560
6	0.05607	0.01416	0.01361	0.06173	0.01673	0.13316	0.00962	0.14384	0.08818	0.06902	0.14457	0.11651	0.08476	0.01069	0.00676	0.00206	0.00613	0.00880	0.00571	0.00788
7	0.07354	0.01680	0.02371	0.02423	0.23668	0.07602	0.15741	0.15980	0.05796	0.05654	0.01492	0.01855	0.01183	0.00695	0.00657	0.00202	0.00806	0.03447	0.00445	0.00948
8	0.00959	0.00628	0.00736	0.00758	0.00793	0.00632	0.00478	0.01033	0.01048	0.01470	0.02234	0.10954	0.02469	0.52937	0.07514	0.00551	0.00640	0.04229	0.09485	0.00450
9	0.01118	0.03037	0.01164	0.01038	0.01220	0.03257	0.05215	0.01434	0.04525	0.02074	0.15376	0.19495	0.08671	0.01294	0.00778	0.00217	0.04743	0.06992	0.17718	0.00635
10	0.01807	0.21793	0.06673	0.08615	0.16983	0.15867	0.03794	0.06690	0.01580	0.04246	0.01213	0.01563	0.01013	0.00695	0.00631	0.02302	0.00833	0.02494	0.00350	0.00859
11	0.00928	0.00628	0.00701	0.00701	0.00716	0.00621	0.00398	0.00939	0.00975	0.01286	0.02338	0.04362	0.07090	0.72215	0.03119	0.00599	0.00606	0.00968	0.00406	0.00402
12	0.00955	0.00665	0.00824	0.00850	0.00991	0.00616	0.00629	0.01140	0.01431	0.05131	0.17551	0.21386	0.22150	0.10012	0.04288	0.00314	0.00470	0.09433	0.00596	0.00569
