[name]
unknown

[dist]
# distance from previous block
# <min> <max>
0	2

[block]
# block no. 0 follows, 34 sequences, length 36
# corresponding to MSA columns:
# 2-37
name=unknown_A
#
# <colnr> <probs for GDERKNQSTAVLIFYWHMCP>
#	G	D	E	R	K	N	Q	S	T	A	V	L	I	F	Y	W	H	M	C	P
0	0.01138	0.00782	0.01110	0.05504	0.01522	0.00789	0.01065	0.01442	0.01506	0.05467	0.05662	0.06630	0.03531	0.01654	0.00862	0.00285	0.00598	0.59235	0.00591	0.00627
1	0.01134	0.00742	0.00956	0.00872	0.01069	0.00698	0.00664	0.01522	0.05911	0.09029	0.62475	0.04449	0.05450	0.01248	0.00746	0.00204	0.00339	0.01096	0.00716	0.00678
2	0.00907	0.00660	0.00853	0.00805	0.00961	0.00607	0.00604	0.01205	0.01811	0.02550	0.69660	0.04895	0.09384	0.01336	0.00762	0.00204	0.00306	0.01178	0.00706	0.00607
3	0.01655	0.01835	0.01893	0.01643	0.01780	0.23242	0.04312	0.01829	0.01321	0.01650	0.05225	0.05085	0.01314	0.01021	0.01469	0.00240	0.42808	0.00625	0.00339	0.00712
4	0.02414	0.03079	0.01831	0.01665	0.01998	0.74698	0.01248	0.02580	0.01831	0.01581	0.00999	0.01165	0.00832	0.00666	0.00583	0.00166	0.01165	0.00416	0.00333	0.00749
5	0.01340	0.01148	0.01340	0.00957	0.01531	0.00861	0.00766	0.01627	0.01340	0.02105	0.01148	0.01340	0.00957	0.00479	0.00479	0.00096	0.00479	0.00383	0.00383	0.81242
6	0.02414	0.03079	0.01831	0.01665	0.01998	0.74698	0.01248	0.02580	0.01831	0.01581	0.00999	0.01165	0.00832	0.00666	0.00583	0.00166	0.01165	0.00416	0.00333	0.00749
7	0.02414	0.03079	0.01831	0.01665	0.01998	0.74698	0.01248	0.02580	0.01831	0.01581	0.00999	0.01165	0.00832	0.00666	0.00583	0.00166	0.01165	0.00416	0.00333	0.00749
8	0.01122	0.00561	0.00842	0.00842	0.00842	0.00561	0.00561	0.00842	0.00842	0.01122	0.01122	0.01964	0.01122	0.02245	0.02525	0.81201	0.00561	0.00561	0.00281	0.00281
9	0.01414	0.01414	0.01979	0.01696	0.01696	0.01979	0.01414	0.01555	0.00990	0.01555	0.00848	0.01414	0.00848	0.01131	0.02120	0.00283	0.76110	0.00565	0.00283	0.00707
10	0.01122	0.00561	0.00842	0.00842	0.00842	0.00561	0.00561	0.00842	0.00842	0.01122	0.01122	0.01964	0.01122	0.02245	0.02525	0.81201	0.00561	0.00561	0.00281	0.00281
11	0.00973	0.00722	0.00914	0.00855	0.01025	0.00693	0.00644	0.01405	0.07724	0.02600	0.67024	0.04624	0.05751	0.01284	0.00753	0.00205	0.00322	0.01132	0.00707	0.00644
12	0.01727	0.77681	0.03386	0.01106	0.01658	0.02557	0.01106	0.01935	0.01313	0.01520	0.00898	0.01036	0.00829	0.00553	0.00415	0.00138	0.00691	0.00345	0.00276	0.00829
13	0.01599	0.01535	0.02623	0.03966	0.73262	0.01535	0.01983	0.01983	0.01471	0.02111	0.01215	0.01599	0.01023	0.00576	0.00640	0.00192	0.00768	0.00576	0.00320	0.01023
14	0.02414	0.03079	0.01831	0.01665	0.01998	0.74698	0.01248	0.02580	0.01831	0.01581	0.00999	0.01165	0.00832	0.00666	0.00583	0.00166	0.01165	0.00416	0.00333	0.00749
15	0.01204	0.00602	0.00602	0.00602	0.00753	0.00602	0.00452	0.01506	0.01355	0.02409	0.02108	0.02409	0.01656	0.00753	0.00452	0.00151	0.00301	0.00602	0.80879	0.00602
16	0.00812	0.00651	0.00696	0.00711	0.00881	0.00570	0.00518	0.00961	0.01395	0.01708	0.07851	0.09667	0.52618	0.12852	0.01148	0.00285	0.00389	0.05188	0.00573	0.00527
17	0.14640	0.18373	0.11465	0.05608	0.02025	0.10370	0.01287	0.18483	0.07691	0.02526	0.01258	0.01373	0.00969	0.00667	0.00546	0.00184	0.00750	0.00473	0.00422	0.00889
18	0.01122	0.00561	0.00842	0.00842	0.00842	0.00561	0.00561	0.00842	0.00842	0.01122	0.01122	0.01964	0.01122	0.02245	0.02525	0.81201	0.00561	0.00561	0.00281	0.00281
19	0.02899	0.01100	0.01499	0.01150	0.01649	0.00950	0.00950	0.03149	0.01849	0.73709	0.02549	0.02199	0.01599	0.00800	0.00650	0.00200	0.00550	0.00650	0.00800	0.01100
20	0.01356	0.01298	0.02234	0.49414	0.26962	0.01476	0.04509	0.01776	0.01360	0.01818	0.01176	0.01683	0.00919	0.00619	0.00648	0.00208	0.00839	0.00582	0.00299	0.00824
21	0.01569	0.05205	0.25709	0.04501	0.19675	0.09139	0.12155	0.02234	0.09616	0.02062	0.01338	0.01575	0.01028	0.00629	0.00637	0.00199	0.00887	0.00564	0.00343	0.00934
22	0.00963	0.00751	0.01114	0.01092	0.01198	0.00902	0.00857	0.01186	0.01034	0.01504	0.01659	0.02448	0.01553	0.04546	0.68867	0.00977	0.07738	0.00682	0.00341	0.00587
23	0.00920	0.00621	0.00724	0.00752	0.00763	0.00615	0.00447	0.00948	0.01005	0.01338	0.02316	0.15274	0.02689	0.63185	0.02830	0.00560	0.00587	0.03577	0.00430	0.00419
24	0.03655	0.04776	0.20290	0.04893	0.11387	0.08362	0.19437	0.04030	0.06846	0.06069	0.01363	0.01597	0.01024	0.00643	0.00687	0.00203	0.02867	0.00586	0.00370	0.00914
25	0.03665	0.09213	0.40710	0.01827	0.02573	0.11405	0.11740	0.07662	0.01573	0.02128	0.01162	0.01371	0.00864	0.00618	0.00611	0.00195	0.00948	0.00504	0.00322	0.00910
26	0.01554	0.01618	0.05754	0.11854	0.50028	0.04376	0.01868	0.01969	0.03440	0.01996	0.01201	0.01591	0.00997	0.00653	0.00785	0.00204	0.08282	0.00568	0.00320	0.00943
27	0.00832	0.00604	0.00789	0.00904	0.00967	0.00574	0.00616	0.01030	0.03873	0.01802	0.11979	0.65397	0.04412	0.01897	0.00811	0.00254	0.00371	0.01715	0.00615	0.00553
28	0.01233	0.00864	0.01061	0.00988	0.02958	0.00824	0.00733	0.01745	0.12372	0.09230	0.40473	0.04091	0.13402	0.01173	0.00715	0.00200	0.00385	0.01014	0.00666	0.05874
29	0.68823	0.05767	0.01241	0.01118	0.06550	0.03848	0.00834	0.01929	0.01162	0.02720	0.00926	0.01093	0.00735	0.00597	0.00424	0.00195	0.00552	0.00368	0.00385	0.00732
30	0.00844	0.00639	0.00901	0.00948	0.01046	0.00591	0.03663	0.01016	0.01382	0.01862	0.17541	0.55047	0.08487	0.01796	0.00806	0.00246	0.00389	0.01629	0.00610	0.00558
31	0.02205	0.04210	0.10201	0.01843	0.10040	0.32688	0.01425	0.18019	0.03669	0.07699	0.01319	0.01428	0.00997	0.00687	0.00610	0.00183	0.00921	0.00502	0.00437	0.00917
32	0.01927	0.01407	0.01533	0.01299	0.01709	0.01556	0.01033	0.18111	0.44222	0.12491	0.02566	0.02372	0.05056	0.00880	0.00659	0.00211	0.00552	0.00717	0.00671	0.01027
33	0.58874	0.06660	0.01334	0.01071	0.03438	0.04186	0.02638	0.04005	0.01292	0.07194	0.03552	0.01305	0.00986	0.00640	0.00459	0.00195	0.00563	0.00423	0.00428	0.00758
34	0.09120	0.15678	0.24012	0.01429	0.02062	0.05794	0.01469	0.17908	0.03823	0.08079	0.01321	0.01404	0.00974	0.00659	0.00564	0.00184	0.00761	0.00480	0.00430	0.03849
35	0.08256	0.11215	0.03677	0.03710	0.08270	0.07967	0.08557	0.03777	0.07181	0.11282	0.09734	0.02098	0.03944	0.00802	0.00737	0.00200	0.06635	0.00645	0.00467	0.00846

[dist]
# distance from previous block
# <min> <max>
0	3

[block]
# block no. 1 follows, 34 sequences, length 43
# corresponding to MSA columns:
# 41-83
name=unknown_B
#
# <colnr> <probs for GDERKNQSTAVLIFYWHMCP>
#	G	D	E	R	K	N	Q	S	T	A	V	L	I	F	Y	W	H	M	C	P
0	0.20636	0.14163	0.09629	0.01561	0.10769	0.03273	0.01239	0.10951	0.08898	0.06254	0.01334	0.01437	0.01024	0.00646	0.00536	0.00183	0.00658	0.00480	0.00432	0.05897
1	0.01365	0.01397	0.07803	0.02657	0.39790	0.01284	0.01544	0.01764	0.04088	0.02037	0.04007	0.13432	0.01765	0.01050	0.03681	0.00241	0.04818	0.00794	0.05619	0.00865
2	0.01049	0.00902	0.03261	0.01245	0.03240	0.00951	0.05424	0.03142	0.01132	0.01613	0.01673	0.02547	0.01576	0.11842	0.53958	0.00849	0.03919	0.00707	0.00353	0.00617
3	0.02242	0.00988	0.01278	0.01043	0.01427	0.00896	0.00837	0.05186	0.03909	0.46821	0.10137	0.07514	0.05528	0.00970	0.00660	0.00201	0.00485	0.00810	0.08130	0.00937
4	0.01411	0.02521	0.43433	0.04102	0.14582	0.01503	0.04283	0.06474	0.03767	0.02158	0.01460	0.01694	0.03700	0.00806	0.02882	0.00231	0.03160	0.00564	0.00335	0.00935
5	0.00810	0.00656	0.00719	0.00704	0.00901	0.00565	0.00528	0.01018	0.01583	0.02008	0.27157	0.05786	0.52225	0.01538	0.00763	0.00214	0.00320	0.01303	0.00635	0.00565
6	0.02064	0.04482	0.01947	0.01934	0.17681	0.04476	0.01296	0.22079	0.21535	0.12931	0.01870	0.01857	0.01374	0.00750	0.00637	0.00198	0.00662	0.00616	0.00572	0.01037
7	0.02234	0.07755	0.02168	0.02013	0.18387	0.06830	0.01371	0.39491	0.02361	0.08912	0.01466	0.01548	0.01083	0.00706	0.00622	0.00188	0.00740	0.00556	0.00533	0.01036
8	0.00860	0.00642	0.00799	0.00795	0.00941	0.00581	0.00583	0.01101	0.01648	0.02244	0.46527	0.18090	0.19785	0.01514	0.00774	0.00217	0.00322	0.01330	0.00668	0.00581
9	0.02363	0.01924	0.01952	0.01662	0.06621	0.10447	0.01272	0.55992	0.05469	0.03601	0.01507	0.01543	0.01097	0.00754	0.00639	0.00192	0.00760	0.00568	0.00589	0.01050
10	0.02378	0.01757	0.01968	0.01514	0.02026	0.01929	0.03973	0.61755	0.07427	0.06171	0.01644	0.01636	0.01167	0.00774	0.00652	0.00197	0.00708	0.00601	0.00639	0.01085
11	0.00856	0.00648	0.00779	0.00804	0.00948	0.00588	0.00596	0.01056	0.01503	0.01970	0.25673	0.17856	0.28269	0.07287	0.00976	0.00260	0.00379	0.08380	0.00618	0.00555
12	0.01358	0.14003	0.63825	0.01736	0.02633	0.01652	0.02203	0.02030	0.01357	0.01971	0.01122	0.01317	0.00820	0.00605	0.00585	0.00195	0.00917	0.00459	0.00273	0.00937
13	0.81856	0.01250	0.00950	0.00850	0.01250	0.01449	0.00700	0.01899	0.01100	0.02899	0.00900	0.01050	0.00700	0.00600	0.00400	0.00200	0.00500	0.00350	0.00400	0.00700
14	0.01727	0.77681	0.03386	0.01106	0.01658	0.02557	0.01106	0.01935	0.01313	0.01520	0.00898	0.01036	0.00829	0.00553	0.00415	0.00138	0.00691	0.00345	0.00276	0.00829
15	0.01204	0.00602	0.00602	0.00602	0.00753	0.00602	0.00452	0.01506	0.01355	0.02409	0.02108	0.02409	0.01656	0.00753	0.00452	0.00151	0.00301	0.00602	0.80879	0.00602
16	0.01296	0.03342	0.73944	0.01842	0.02797	0.01501	0.02387	0.02046	0.01364	0.02046	0.01160	0.01364	0.00818	0.00614	0.00614	0.00205	0.00955	0.00477	0.00273	0.00955
17	0.00914	0.00660	0.00864	0.00813	0.00965	0.00610	0.00610	0.01219	0.01829	0.02591	0.72921	0.04827	0.06097	0.01321	0.00762	0.00203	0.00305	0.01169	0.00711	0.00610
18	0.02393	0.02628	0.01848	0.01597	0.01986	0.49832	0.01233	0.23226	0.05080	0.02377	0.01232	0.01332	0.00959	0.00708	0.00605	0.00177	0.01002	0.00479	0.00441	0.00866
19	0.01525	0.01743	0.03813	0.02723	0.03377	0.01634	0.70915	0.02070	0.01525	0.02070	0.01307	0.01743	0.00980	0.00545	0.00763	0.00218	0.01089	0.00763	0.00327	0.00871
20	0.01220	0.01148	0.01938	0.75739	0.04450	0.01436	0.01794	0.01651	0.01292	0.01651	0.01148	0.01723	0.00861	0.00646	0.00646	0.00215	0.00861	0.00574	0.00287	0.00718
21	0.01599	0.01535	0.02623	0.03966	0.73262	0.01535	0.01983	0.01983	0.01471	0.02111	0.01215	0.01599	0.01023	0.00576	0.00640	0.00192	0.00768	0.00576	0.00320	0.01023
22	0.81856	0.01250	0.00950	0.00850	0.01250	0.01449	0.00700	0.01899	0.01100	0.02899	0.00900	0.01050	0.00700	0.00600	0.00400	0.00200	0.00500	0.00350	0.00400	0.00700
23	0.01599	0.01535	0.02623	0.03966	0.73262	0.01535	0.01983	0.01983	0.01471	0.02111	0.01215	0.01599	0.01023	0.00576	0.00640	0.00192	0.00768	0.00576	0.00320	0.01023
24	0.01029	0.00686	0.00900	0.00832	0.01005	0.00629	0.00629	0.01330	0.01830	0.06684	0.68871	0.04675	0.05838	0.01291	0.00756	0.00203	0.00319	0.01139	0.00716	0.00638
25	0.00798	0.00685	0.00688	0.00682	0.00906	0.00589	0.00513	0.01030	0.04374	0.01785	0.06385	0.06062	0.70082	0.01605	0.00759	0.00218	0.00335	0.01338	0.00602	0.00565
26	0.02456	0.01810	0.01939	0.01487	0.02004	0.02004	0.01228	0.71107	0.03038	0.04072	0.01551	0.01551	0.01099	0.00776	0.00646	0.00194	0.00711	0.00582	0.00646	0.01099
27	0.00787	0.00562	0.00750	0.00900	0.00937	0.00525	0.00600	0.00900	0.01237	0.01649	0.03561	0.76871	0.04274	0.02024	0.00825	0.00262	0.00375	0.01837	0.00600	0.00525
28	0.00940	0.00626	0.00705	0.00705	0.00705	0.00626	0.00392	0.00940	0.00940	0.01253	0.02036	0.04228	0.02349	0.77292	0.03289	0.00626	0.00626	0.00940	0.00392	0.00392
29	0.01713	0.75135	0.05802	0.01131	0.01697	0.02520	0.01149	0.01939	0.01315	0.01538	0.00907	0.01048	0.00829	0.00555	0.00421	0.00140	0.00700	0.00350	0.00276	0.00833
30	0.00787	0.00562	0.00750	0.00900	0.00937	0.00525	0.00600	0.00900	0.01237	0.01649	0.03561	0.76871	0.04274	0.02024	0.00825	0.00262	0.00375	0.01837	0.00600	0.00525
31	0.01648	0.01811	0.05401	0.09606	0.42635	0.11148	0.14301	0.02051	0.01508	0.01991	0.01196	0.01570	0.00969	0.00590	0.00654	0.00196	0.00893	0.00585	0.00318	0.00931
32	0.00835	0.00644	0.00771	0.00828	0.00977	0.00580	0.00624	0.01026	0.01462	0.01869	0.14655	0.25353	0.33948	0.01720	0.00800	0.00241	0.00379	0.12116	0.00615	0.00557
33	0.01346	0.01016	0.01097	0.00992	0.01225	0.07167	0.00758	0.01847	0.11700	0.09858	0.49592	0.03901	0.04600	0.01148	0.00720	0.00202	0.00433	0.00989	0.00680	0.00730
34	0.00905	0.00661	0.00870	0.00985	0.01086	0.00641	0.00745	0.01158	0.04182	0.01854	0.08989	0.44214	0.07318	0.01835	0.00831	0.00265	0.00439	0.21841	0.00609	0.00573
35	0.08307	0.00913	0.01096	0.01079	0.01296	0.00929	0.00844	0.12236	0.01626	0.09638	0.02883	0.34915	0.03068	0.01526	0.00758	0.00248	0.00507	0.16818	0.00609	0.00705
36	0.00861	0.00690	0.00767	0.00776	0.00952	0.00637	0.00576	0.01105	0.04798	0.01776	0.08802	0.10200	0.44871	0.09741	0.05842	0.00321	0.00478	0.05676	0.00570	0.00560
37	0.01664	0.09873	0.13627	0.11528	0.33760	0.01670	0.03423	0.10669	0.01625	0.04315	0.01248	0.01533	0.00977	0.00619	0.00617	0.00192	0.00794	0.00543	0.00359	0.00964
38	0.81856	0.01250	0.00950	0.00850	0.01250	0.01449	0.00700	0.01899	0.01100	0.02899	0.00900	0.01050	0.00700	0.00600	0.00400	0.00200	0.00500	0.00350	0.00400	0.00700
39	0.01461	0.01631	0.06793	0.01871	0.06146	0.07021	0.10867	0.01752	0.03228	0.01699	0.01131	0.01730	0.01045	0.07167	0.03391	0.00299	0.41090	0.00614	0.00315	0.00748
40	0.00899	0.00654	0.00847	0.00811	0.00959	0.00601	0.00604	0.01185	0.01774	0.02491	0.65361	0.09572	0.09055	0.01381	0.00766	0.00208	0.00310	0.01221	0.00699	0.00601
41	0.10833	0.26100	0.10350	0.01480	0.05795	0.17715	0.01281	0.08848	0.01632	0.08734	0.01183	0.01291	0.00923	0.00635	0.00528	0.00173	0.00796	0.00440	0.00388	0.00873
42	0.15718	0.33258	0.10908	0.01322	0.01887	0.03998	0.04428	0.17445	0.01692	0.02419	0.01097	0.01228	0.00873	0.00621	0.00508	0.00174	0.00724	0.00436	0.00384	0.00882

[dist]
# distance from previous block
# <min> <max>
0	11

[block]
# block no. 2 follows, 34 sequences, length 36
# corresponding to MSA columns:
# 95-130
name=unknown_C
#
# <colnr> <probs for GDERKNQSTAVLIFYWHMCP>
#	G	D	E	R	K	N	Q	S	T	A	V	L	I	F	Y	W	H	M	C	P
0	0.01411	0.08696	0.25082	0.01667	0.04882	0.07277	0.08214	0.02054	0.12131	0.01976	0.01813	0.15960	0.01681	0.00931	0.00706	0.00212	0.03265	0.00794	0.00406	0.00842
1	0.03704	0.11663	0.10762	0.01876	0.12913	0.04392	0.11547	0.09036	0.01574	0.02221	0.01180	0.01409	0.00941	0.00570	0.00572	0.00162	0.00747	0.00495	0.00364	0.23875
2	0.00961	0.00614	0.00727	0.00735	0.00748	0.00610	0.00436	0.00953	0.00991	0.01347	0.04372	0.08797	0.02423	0.57512	0.02844	0.10818	0.00579	0.00948	0.03182	0.00401
3	0.01363	0.09027	0.66391	0.01774	0.02686	0.01597	0.02254	0.04066	0.01409	0.02065	0.01151	0.01344	0.00828	0.00614	0.00599	0.00199	0.00927	0.00470	0.00284	0.00949
4	0.81856	0.01250	0.00950	0.00850	0.01250	0.01449	0.00700	0.01899	0.01100	0.02899	0.00900	0.01050	0.00700	0.00600	0.00400	0.00200	0.00500	0.00350	0.00400	0.00700
5	0.02399	0.01782	0.01907	0.01475	0.01982	0.01977	0.01214	0.66581	0.07657	0.03981	0.01623	0.01609	0.01157	0.00782	0.00647	0.00196	0.00698	0.00592	0.00647	0.01094
6	0.00778	0.00655	0.00674	0.00670	0.00882	0.00552	0.00502	0.00955	0.01507	0.01826	0.12871	0.06086	0.66623	0.01606	0.00764	0.00217	0.00325	0.01345	0.00611	0.00552
7	0.01970	0.01711	0.01716	0.01444	0.01855	0.10257	0.02991	0.27372	0.33612	0.02991	0.02009	0.02051	0.01528	0.00946	0.02870	0.00230	0.00713	0.02146	0.00596	0.00991
8	0.00857	0.00658	0.00784	0.00753	0.00930	0.00585	0.00564	0.01108	0.01693	0.02269	0.47660	0.05356	0.31558	0.01441	0.00763	0.00209	0.00313	0.01243	0.00669	0.00585
9	0.01340	0.01148	0.01340	0.00957	0.01531	0.00861	0.00766	0.01627	0.01340	0.02105	0.01148	0.01340	0.00957	0.00479	0.00479	0.00096	0.00479	0.00383	0.00383	0.81242
10	0.01316	0.06847	0.70618	0.01807	0.02743	0.01550	0.02327	0.02041	0.01362	0.02021	0.01147	0.01349	0.00819	0.00611	0.00604	0.00201	0.00942	0.00471	0.00273	0.00949
11	0.00879	0.00659	0.00814	0.00775	0.00943	0.00594	0.00582	0.01150	0.01745	0.02391	0.57192	0.05156	0.21950	0.01396	0.00762	0.00207	0.00310	0.01215	0.00685	0.00594
12	0.02861	0.01161	0.01537	0.01179	0.01680	0.01041	0.00974	0.09009	0.01952	0.67704	0.02463	0.02143	0.01556	0.00798	0.00649	0.00199	0.00564	0.00644	0.00786	0.01100
13	0.00940	0.00626	0.00705	0.00705	0.00705	0.00626	0.00392	0.00940	0.00940	0.01253	0.02036	0.04228	0.02349	0.77292	0.03289	0.00626	0.00626	0.00940	0.00392	0.00392
14	0.01727	0.77681	0.03386	0.01106	0.01658	0.02557	0.01106	0.01935	0.01313	0.01520	0.00898	0.01036	0.00829	0.00553	0.00415	0.00138	0.00691	0.00345	0.00276	0.00829
15	0.02456	0.01810	0.01939	0.01487	0.02004	0.02004	0.01228	0.71107	0.03038	0.04072	0.01551	0.01551	0.01099	0.00776	0.00646	0.00194	0.00711	0.00582	0.00646	0.01099
16	0.03620	0.20624	0.40858	0.01575	0.02325	0.01760	0.03677	0.05887	0.06182	0.05855	0.01287	0.01412	0.00955	0.00633	0.00572	0.00189	0.00820	0.00482	0.00352	0.00936
17	0.01332	0.01497	0.16980	0.07664	0.05220	0.01003	0.01208	0.01704	0.01451	0.09112	0.05744	0.02783	0.18240	0.00870	0.00627	0.00178	0.00592	0.00722	0.00455	0.22619
18	0.03768	0.24936	0.22041	0.01422	0.02043	0.04752	0.01458	0.15517	0.09418	0.06731	0.01389	0.01452	0.01047	0.00668	0.00561	0.00182	0.00753	0.00491	0.00425	0.00947
19	0.01813	0.68806	0.03217	0.01150	0.01699	0.02492	0.01120	0.10026	0.01515	0.01819	0.00975	0.01097	0.00861	0.00579	0.00442	0.00145	0.00693	0.00373	0.00320	0.00861
20	0.00923	0.00692	0.01038	0.01038	0.01154	0.00808	0.00808	0.01154	0.01038	0.01500	0.01731	0.02538	0.01615	0.04846	0.74732	0.01038	0.01731	0.00692	0.00346	0.00577
21	0.01525	0.01743	0.03813	0.02723	0.03377	0.01634	0.70915	0.02070	0.01525	0.02070	0.01307	0.01743	0.00980	0.00545	0.00763	0.00218	0.01089	0.00763	0.00327	0.00871
22	0.00940	0.00626	0.00705	0.00705	0.00705	0.00626	0.00392	0.00940	0.00940	0.01253	0.02036	0.04228	0.02349	0.77292	0.03289	0.00626	0.00626	0.00940	0.00392	0.00392
23	0.01428	0.32124	0.38233	0.01456	0.02164	0.01821	0.01708	0.01916	0.01381	0.01872	0.05957	0.01730	0.01304	0.00689	0.00558	0.00183	0.00792	0.03500	0.00318	0.00867
24	0.00784	0.00649	0.00687	0.00691	0.00889	0.00552	0.00513	0.00962	0.01501	0.01845	0.14691	0.10870	0.59889	0.01623	0.00768	0.00219	0.00328	0.01371	0.00614	0.00552
25	0.02399	0.01782	0.01907	0.01475	0.01982	0.01977	0.01214	0.66581	0.07657	0.03981	0.01623	0.01609	0.01157	0.00782	0.00647	0.00196	0.00698	0.00592	0.00647	0.01094
26	0.00781	0.00655	0.00678	0.00672	0.00883	0.00553	0.00504	0.00960	0.01513	0.01841	0.14046	0.06061	0.65439	0.01601	0.00763	0.00216	0.00325	0.01342	0.00613	0.00553
27	0.00928	0.00675	0.00948	0.00948	0.01033	0.00759	0.00695	0.01096	0.01012	0.01433	0.01813	0.02994	0.01813	0.24385	0.55464	0.00927	0.01433	0.00759	0.00358	0.00527
28	0.01587	0.01570	0.02822	0.03757	0.61534	0.01552	0.13551	0.01998	0.01480	0.02104	0.01231	0.01623	0.01016	0.00570	0.00660	0.00196	0.00822	0.00607	0.00321	0.00998
29	0.01296	0.03342	0.73944	0.01842	0.02797	0.01501	0.02387	0.02046	0.01364	0.02046	0.01160	0.01364	0.00818	0.00614	0.00614	0.00205	0.00955	0.00477	0.00273	0.00955
30	0.01665	0.01510	0.01488	0.01340	0.01703	0.06894	0.01039	0.03372	0.67012	0.02622	0.02512	0.02321	0.01890	0.00861	0.00652	0.00215	0.00559	0.00708	0.00634	0.01003
31	0.09558	0.01652	0.01789	0.01493	0.05016	0.01824	0.01167	0.51142	0.09587	0.05597	0.03659	0.01705	0.01303	0.00777	0.00628	0.00197	0.00658	0.00594	0.00617	0.01037
32	0.01529	0.01954	0.19264	0.07713	0.42756	0.01547	0.07307	0.04410	0.03388	0.02147	0.01255	0.01583	0.00990	0.00602	0.00644	0.00199	0.00833	0.00571	0.00328	0.00979
33	0.00855	0.00613	0.00798	0.00923	0.00980	0.00585	0.00625	0.03736	0.01310	0.01747	0.03480	0.73827	0.04145	0.01974	0.00818	0.00260	0.00388	0.01786	0.00602	0.00548
34	0.05102	0.02469	0.01794	0.01535	0.01926	0.43969	0.01189	0.24917	0.02176	0.04766	0.01256	0.01408	0.00983	0.02877	0.00676	0.00191	0.00959	0.00490	0.00454	0.00863
35	0.03354	0.02905	0.59539	0.01780	0.05415	0.01410	0.02109	0.02032	0.01377	0.04522	0.01233	0.01427	0.00887	0.00614	0.00596	0.00195	0.00869	0.00482	0.02938	0.06318

[dist]
# distance from previous block
# <min> <max>
0	1

[block]
# block no. 3 follows, 34 sequences, length 64
# corresponding to MSA columns:
# 132-195
name=unknown_D
#
# <colnr> <probs for GDERKNQSTAVLIFYWHMCP>
#	G	D	E	R	K	N	Q	S	T	A	V	L	I	F	Y	W	H	M	C	P
0	0.01232	0.00741	0.00890	0.00810	0.01057	0.00645	0.00622	0.01456	0.01654	0.16137	0.26937	0.07108	0.35486	0.01383	0.00743	0.00211	0.00365	0.01175	0.00675	0.00674
1	0.01542	0.01477	0.02520	0.14712	0.62960	0.01520	0.01955	0.01933	0.01444	0.02042	0.01205	0.01618	0.00999	0.00586	0.00641	0.00195	0.00782	0.00575	0.00315	0.00978
2	0.01338	0.01226	0.03918	0.00988	0.01576	0.00884	0.00823	0.01642	0.01341	0.02103	0.01149	0.01341	0.00952	0.00483	0.00483	0.00100	0.00495	0.00386	0.00379	0.78392
3	0.00925	0.00715	0.00935	0.01070	0.06470	0.00677	0.00691	0.01178	0.03966	0.01996	0.24958	0.30189	0.14861	0.07195	0.00959	0.00258	0.00400	0.01357	0.00599	0.00600
4	0.00777	0.00652	0.00675	0.00675	0.00882	0.00550	0.00504	0.00951	0.01495	0.01812	0.11918	0.08165	0.65492	0.01622	0.00765	0.00218	0.00327	0.01361	0.00609	0.00550
5	0.01251	0.01180	0.01994	0.69877	0.10071	0.01444	0.01810	0.01678	0.01307	0.01688	0.01154	0.01713	0.00875	0.00640	0.00645	0.00213	0.00854	0.00574	0.00290	0.00743
6	0.01595	0.08912	0.53600	0.01690	0.02522	0.01622	0.02031	0.11913	0.01628	0.06737	0.01281	0.01416	0.00908	0.00644	0.00605	0.00198	0.00874	0.00492	0.00359	0.00974
7	0.03884	0.01968	0.15077	0.09282	0.31088	0.10648	0.04167	0.05126	0.03416	0.02123	0.04334	0.01684	0.01199	0.00748	0.02351	0.00215	0.00856	0.00571	0.00354	0.00910
8	0.00785	0.00570	0.00742	0.00880	0.00932	0.00527	0.00591	0.00902	0.01256	0.01657	0.03805	0.71100	0.09887	0.01993	0.00820	0.00259	0.00371	0.01798	0.00600	0.00527
9	0.00808	0.00606	0.00749	0.00819	0.00926	0.00548	0.00574	0.00973	0.01421	0.01870	0.18732	0.43717	0.22349	0.01778	0.00796	0.00239	0.00348	0.01576	0.00623	0.00548
10	0.01340	0.01148	0.01340	0.00957	0.01531	0.00861	0.00766	0.01627	0.01340	0.02105	0.01148	0.01340	0.00957	0.00479	0.00479	0.00096	0.00479	0.00383	0.00383	0.81242
11	0.01516	0.01735	0.06547	0.06732	0.19583	0.01595	0.48365	0.02027	0.01493	0.02057	0.01271	0.01692	0.00977	0.00560	0.00722	0.00211	0.00997	0.00697	0.00321	0.00902
12	0.00803	0.00572	0.00761	0.00906	0.00947	0.00538	0.00612	0.00920	0.01238	0.01649	0.03505	0.71396	0.04186	0.04493	0.00909	0.00276	0.00393	0.04778	0.00593	0.00524
13	0.01220	0.01148	0.01938	0.75739	0.04450	0.01436	0.01794	0.01651	0.01292	0.01651	0.01148	0.01723	0.00861	0.00646	0.00646	0.00215	0.00861	0.00574	0.00287	0.00718
14	0.01733	0.34245	0.15382	0.01547	0.04467	0.01918	0.09571	0.07006	0.04693	0.08004	0.01358	0.03312	0.01090	0.00655	0.00556	0.00177	0.00752	0.00528	0.02102	0.00901
15	0.01324	0.00831	0.00994	0.00965	0.03520	0.00756	0.00710	0.01656	0.07216	0.16857	0.10123	0.10242	0.37747	0.01375	0.00735	0.00218	0.00412	0.02951	0.00645	0.00719
16	0.00940	0.00626	0.00705	0.00705	0.00705	0.00626	0.00392	0.00940	0.00940	0.01253	0.02036	0.04228	0.02349	0.77292	0.03289	0.00626	0.00626	0.00940	0.00392	0.00392
17	0.01854	0.01568	0.02752	0.02035	0.02561	0.01556	0.37253	0.18459	0.01871	0.11388	0.01648	0.05834	0.01302	0.03271	0.00854	0.00228	0.03412	0.00762	0.00477	0.00914
18	0.04450	0.01846	0.04894	0.08330	0.16679	0.13543	0.32302	0.02051	0.01543	0.02021	0.05062	0.01749	0.01216	0.00624	0.00683	0.00202	0.00954	0.00653	0.00345	0.00851
19	0.00940	0.00626	0.00705	0.00705	0.00705	0.00626	0.00392	0.00940	0.00940	0.01253	0.02036	0.04228	0.02349	0.77292	0.03289	0.00626	0.00626	0.00940	0.00392	0.00392
20	0.72776	0.01289	0.01048	0.00911	0.01323	0.01476	0.00750	0.07436	0.01280	0.05485	0.01009	0.01130	0.00763	0.00621	0.00428	0.00199	0.00518	0.00379	0.00433	0.00746
21	0.06331	0.01472	0.02195	0.02811	0.42497	0.03433	0.03398	0.01876	0.01382	0.02082	0.01140	0.01484	0.00965	0.00617	0.00750	0.00182	0.08690	0.00521	0.00334	0.17840
22	0.01646	0.51855	0.21534	0.01382	0.02042	0.02180	0.05099	0.02013	0.01356	0.04201	0.01045	0.01199	0.00861	0.00577	0.00492	0.00162	0.00775	0.00412	0.00296	0.00873
23	0.00787	0.00562	0.00750	0.00900	0.00937	0.00525	0.00600	0.00900	0.01237	0.01649	0.03561	0.76871	0.04274	0.02024	0.00825	0.00262	0.00375	0.01837	0.00600	0.00525
24	0.00787	0.00562	0.00750	0.00900	0.00937	0.00525	0.00600	0.00900	0.01237	0.01649	0.03561	0.76871	0.04274	0.02024	0.00825	0.00262	0.00375	0.01837	0.00600	0.00525
25	0.01621	0.03816	0.01793	0.01432	0.03640	0.03347	0.13352	0.10230	0.09006	0.12556	0.14999	0.06523	0.12834	0.01013	0.00705	0.00207	0.00606	0.00902	0.00584	0.00836
26	0.01730	0.01848	0.21222	0.01414	0.01958	0.01432	0.01370	0.02938	0.38292	0.15056	0.04322	0.02160	0.01715	0.00805	0.00647	0.00211	0.00633	0.00660	0.00579	0.01005
27	0.01551	0.01656	0.02124	0.01784	0.01885	0.11227	0.07588	0.01732	0.01145	0.01604	0.00908	0.01411	0.00858	0.01019	0.01803	0.00262	0.59859	0.00564	0.00293	0.00727
28	0.60243	0.01238	0.01118	0.00946	0.01374	0.01356	0.00780	0.05046	0.01354	0.19392	0.01310	0.01337	0.00925	0.00653	0.00468	0.00200	0.00520	0.00429	0.00503	0.00809
29	0.04703	0.05303	0.01925	0.01708	0.05801	0.50874	0.01262	0.16816	0.02024	0.02167	0.01119	0.01261	0.00894	0.00678	0.00588	0.00174	0.01013	0.00455	0.00398	0.00838
30	0.01828	0.68445	0.03184	0.01157	0.01688	0.08933	0.01113	0.02033	0.01377	0.03963	0.00963	0.01087	0.00855	0.00571	0.00438	0.00143	0.00728	0.00362	0.00299	0.00831
31	0.00764	0.00655	0.00655	0.00655	0.00873	0.00545	0.00491	0.00927	0.01473	0.01745	0.06546	0.06218	0.73000	0.01636	0.00764	0.00218	0.00327	0.01364	0.00600	0.00545
32	0.01469	0.01653	0.03579	0.02584	0.03191	0.01549	0.65544	0.01980	0.01503	0.02038	0.01479	0.07482	0.01232	0.00658	0.00767	0.00221	0.01035	0.00845	0.00348	0.00845
33	0.00921	0.00681	0.00863	0.00834	0.00987	0.00639	0.00619	0.01261	0.04781	0.02436	0.57828	0.12914	0.09996	0.01401	0.00765	0.00212	0.00323	0.01237	0.00689	0.00614
34	0.04890	0.01287	0.01446	0.01061	0.01616	0.01118	0.00857	0.15796	0.01676	0.02539	0.01220	0.01371	0.00975	0.00544	0.00509	0.00120	0.00527	0.00422	0.00437	0.61587
35	0.01542	0.02758	0.49382	0.02025	0.07549	0.01553	0.10504	0.09921	0.01601	0.05241	0.01283	0.01482	0.00916	0.00629	0.00639	0.00204	0.00914	0.00538	0.00347	0.00972
36	0.01963	0.31341	0.14278	0.01451	0.02034	0.11159	0.03532	0.21006	0.01877	0.04004	0.01183	0.01296	0.00924	0.00643	0.00548	0.00172	0.00808	0.00461	0.00398	0.00921
37	0.01563	0.01864	0.11220	0.02722	0.15650	0.01605	0.44584	0.06909	0.01599	0.02207	0.01338	0.03213	0.01046	0.00605	0.00717	0.00211	0.00975	0.00707	0.00348	0.00917
38	0.00914	0.00660	0.00864	0.00813	0.00965	0.00610	0.00610	0.01219	0.01829	0.02591	0.72921	0.04827	0.06097	0.01321	0.00762	0.00203	0.00305	0.01169	0.00711	0.00610
39	0.01895	0.02015	0.04145	0.06433	0.26347	0.23460	0.06133	0.05244	0.11210	0.04761	0.01407	0.01609	0.01102	0.00663	0.00633	0.00192	0.00873	0.00562	0.00398	0.00919
40	0.02456	0.01810	0.01939	0.01487	0.02004	0.02004	0.01228	0.71107	0.03038	0.04072	0.01551	0.01551	0.01099	0.00776	0.00646	0.00194	0.00711	0.00582	0.00646	0.01099
41	0.01672	0.03824	0.19293	0.01956	0.07122	0.11100	0.16401	0.08378	0.16393	0.02316	0.04057	0.01786	0.01321	0.00696	0.00656	0.00202	0.00856	0.00621	0.00424	0.00927
42	0.00928	0.00644	0.00808	0.00815	0.00852	0.00677	0.00528	0.01003	0.00983	0.01346	0.02011	0.06972	0.02212	0.51837	0.24951	0.00736	0.00952	0.00904	0.00387	0.00454
43	0.01607	0.01388	0.01461	0.01315	0.01680	0.01607	0.01023	0.03433	0.72094	0.02703	0.02630	0.02411	0.01972	0.00877	0.00657	0.00219	0.00511	0.00731	0.00657	0.01023
44	0.01471	0.01417	0.02448	0.27579	0.47547	0.01507	0.04904	0.01877	0.01414	0.01957	0.01197	0.01646	0.00968	0.00598	0.00647	0.00201	0.00812	0.00583	0.00309	0.00916
45	0.13550	0.01349	0.04817	0.01242	0.01757	0.01225	0.03338	0.13146	0.01893	0.47899	0.02069	0.01891	0.01345	0.00752	0.00617	0.00200	0.00603	0.00594	0.00682	0.01031
46	0.02414	0.03079	0.01831	0.01665	0.01998	0.74698	0.01248	0.02580	0.01831	0.01581	0.00999	0.01165	0.00832	0.00666	0.00583	0.00166	0.01165	0.00416	0.00333	0.00749
47	0.01563	0.01570	0.03311	0.02409	0.02987	0.01465	0.58016	0.02039	0.01522	0.07904	0.01639	0.09429	0.01366	0.00716	0.00760	0.00221	0.00972	0.00863	0.00393	0.00855
48	0.01532	0.01945	0.15348	0.02763	0.20523	0.01607	0.35316	0.04146	0.03973	0.02142	0.01298	0.01649	0.00997	0.00601	0.00742	0.00210	0.03286	0.00654	0.00336	0.00931
49	0.06288	0.05310	0.06370	0.01812	0.07700	0.06505	0.13761	0.26194	0.03789	0.07606	0.01525	0.04820	0.01192	0.00730	0.00639	0.00195	0.00777	0.00629	0.00491	0.03666
50	0.02197	0.01681	0.01772	0.01408	0.01869	0.03871	0.01141	0.54345	0.09568	0.03601	0.01786	0.07604	0.01424	0.00871	0.00654	0.00197	0.00669	0.00684	0.00625	0.04033
51	0.01308	0.00963	0.01313	0.03023	0.03844	0.00960	0.06967	0.10250	0.01411	0.05107	0.04904	0.09864	0.02216	0.39252	0.01996	0.00416	0.00644	0.00909	0.00463	0.04189
52	0.04648	0.01426	0.01812	0.03489	0.05127	0.05782	0.09154	0.10092	0.17231	0.21575	0.07879	0.02166	0.01782	0.00786	0.00654	0.00200	0.00652	0.00676	0.00596	0.04275
53	0.13091	0.01882	0.11723	0.01563	0.07615	0.10140	0.01281	0.20277	0.09717	0.07308	0.04666	0.01895	0.04527	0.00773	0.00611	0.00198	0.00707	0.00595	0.00508	0.00922
54	0.07459	0.01280	0.03875	0.01241	0.04591	0.01282	0.00964	0.18928	0.14931	0.07925	0.13808	0.03053	0.13359	0.03511	0.00753	0.00219	0.00531	0.00820	0.00609	0.00860
55	0.07050	0.03770	0.09726	0.03339	0.10591	0.06118	0.06471	0.11875	0.08472	0.13510	0.04865	0.01915	0.03174	0.00731	0.00624	0.00193	0.00705	0.00609	0.00499	0.05764
56	0.11394	0.04413	0.03526	0.01436	0.08432	0.03567	0.01073	0.11051	0.13222	0.19494	0.04445	0.01878	0.01467	0.00731	0.00589	0.00186	0.00590	0.00579	0.02754	0.09171
57	0.04318	0.04867	0.01714	0.01370	0.04260	0.08315	0.01069	0.24378	0.11137	0.16170	0.01943	0.01897	0.04463	0.00764	0.00610	0.00183	0.00647	0.00592	0.00579	0.10721
58	0.03949	0.01628	0.07636	0.01779	0.13046	0.05580	0.04154	0.15902	0.06588	0.21045	0.05742	0.01914	0.01495	0.00736	0.00635	0.00191	0.00683	0.00613	0.00556	0.06127
59	0.02104	0.04524	0.15899	0.01814	0.12877	0.03716	0.01468	0.19515	0.05977	0.20746	0.01688	0.01700	0.01188	0.00706	0.00626	0.00193	0.00721	0.00567	0.00533	0.03439
60	0.01783	0.03290	0.03470	0.06494	0.18999	0.05776	0.03616	0.07473	0.15670	0.10792	0.03311	0.01833	0.01362	0.00689	0.00619	0.00184	0.00675	0.00590	0.00483	0.12889
61	0.04071	0.01363	0.03826	0.01487	0.09852	0.03397	0.01083	0.07879	0.11566	0.22413	0.04382	0.03660	0.01543	0.00738	0.00607	0.00177	0.00582	0.00609	0.00564	0.20199
62	0.08069	0.01654	0.09919	0.04000	0.13561	0.04805	0.05968	0.13605	0.06001	0.08661	0.07450	0.02063	0.04670	0.00758	0.00631	0.00194	0.00691	0.00639	0.00485	0.06177
63	0.04201	0.01438	0.01734	0.04052	0.15329	0.07895	0.02908	0.11655	0.04074	0.13245	0.05362	0.05372	0.04044	0.00781	0.00624	0.00181	0.00649	0.00657	0.00506	0.15293

[dist]
# distance from previous block
# <min> <max>
1	29

[block]
# block no. 4 follows, 34 sequences, length 52
# corresponding to MSA columns:
# 226-277
name=unknown_E
#
# <colnr> <probs for GDERKNQSTAVLIFYWHMCP>
#	G	D	E	R	K	N	Q	S	T	A	V	L	I	F	Y	W	H	M	C	P
0	0.05416	0.03708	0.03968	0.06265	0.07871	0.03918	0.02566	0.14997	0.12482	0.17603	0.10741	0.02185	0.01892	0.00804	0.00640	0.00197	0.00626	0.00664	0.00581	0.02876
1	0.03812	0.01737	0.04114	0.01706	0.10116	0.06340	0.01263	0.33044	0.19635	0.06151	0.01746	0.01748	0.01288	0.00752	0.00632	0.00195	0.00685	0.00595	0.00572	0.03868
2	0.04241	0.01620	0.04925	0.01841	0.12574	0.04907	0.06961	0.20054	0.12354	0.17936	0.03225	0.01861	0.01376	0.00735	0.00645	0.00198	0.00699	0.00622	0.00565	0.02657
3	0.04128	0.01755	0.06683	0.01886	0.11971	0.09015	0.09677	0.17217	0.08814	0.12688	0.04567	0.01817	0.01375	0.00715	0.00642	0.00193	0.00750	0.00611	0.00512	0.04984
4	0.01929	0.01683	0.04942	0.01992	0.16989	0.06467	0.05334	0.20292	0.16143	0.08618	0.01858	0.01909	0.03616	0.00743	0.00644	0.00195	0.00708	0.00627	0.00524	0.04787
5	0.06573	0.01444	0.01690	0.01683	0.14049	0.03708	0.01142	0.16381	0.16810	0.09057	0.01872	0.01898	0.04036	0.00727	0.00604	0.00181	0.00606	0.00592	0.00529	0.16419
6	0.06326	0.01300	0.01456	0.04148	0.04110	0.03282	0.00999	0.23577	0.11078	0.09715	0.10705	0.04405	0.07570	0.03438	0.04749	0.00261	0.00643	0.00768	0.00594	0.00875
7	0.04220	0.01221	0.01423	0.01325	0.06710	0.01261	0.00963	0.16110	0.17433	0.11484	0.07873	0.02909	0.10451	0.05826	0.00828	0.00228	0.00544	0.02406	0.00601	0.06182
8	0.01954	0.01785	0.02019	0.01993	0.15066	0.15298	0.07294	0.11452	0.20886	0.08443	0.01710	0.01781	0.01293	0.00726	0.00675	0.00196	0.02524	0.00604	0.00498	0.03802
9	0.08018	0.01581	0.01592	0.03650	0.05104	0.10604	0.01095	0.16628	0.23773	0.13187	0.02102	0.04565	0.03573	0.00839	0.00633	0.00203	0.00650	0.00665	0.00586	0.00951
10	0.26758	0.01487	0.01458	0.05389	0.01759	0.07757	0.00991	0.18124	0.01765	0.11120	0.03795	0.01530	0.01144	0.00699	0.00596	0.00186	0.03147	0.00497	0.00497	0.11299
11	0.17253	0.09265	0.01506	0.01320	0.09196	0.01322	0.00934	0.10837	0.06157	0.02584	0.21566	0.08776	0.04845	0.00983	0.00624	0.00200	0.00508	0.00811	0.00536	0.00778
12	0.37611	0.01168	0.01208	0.03660	0.01487	0.01297	0.00862	0.11928	0.01510	0.11397	0.05447	0.01788	0.01356	0.01511	0.14827	0.00361	0.00776	0.00541	0.00488	0.00779
13	0.02414	0.03079	0.01831	0.01665	0.01998	0.74698	0.01248	0.02580	0.01831	0.01581	0.00999	0.01165	0.00832	0.00666	0.00583	0.00166	0.01165	0.00416	0.00333	0.00749
14	0.01601	0.01364	0.01603	0.17193	0.02296	0.01589	0.01210	0.10413	0.47344	0.02606	0.02219	0.02314	0.01691	0.00843	0.00661	0.00218	0.00610	0.02696	0.00575	0.00953
15	0.01830	0.01413	0.01526	0.01315	0.01709	0.01590	0.01038	0.14858	0.52518	0.08509	0.04746	0.02327	0.01930	0.00868	0.00658	0.00213	0.00542	0.00713	0.00669	0.01028
16	0.02035	0.01592	0.01790	0.01628	0.08231	0.01770	0.01203	0.34973	0.31757	0.05008	0.01997	0.01931	0.01470	0.00801	0.00650	0.00204	0.00629	0.00645	0.00626	0.01060
17	0.00803	0.00638	0.00726	0.00775	0.00936	0.00561	0.00575	0.00974	0.01434	0.01790	0.09670	0.24820	0.44723	0.01731	0.00791	0.00236	0.00361	0.07301	0.00607	0.00548
18	0.01360	0.01335	0.01876	0.01624	0.01637	0.01851	0.01347	0.01511	0.00995	0.01549	0.00945	0.01537	0.00932	0.01538	0.10083	0.00366	0.67953	0.00579	0.00290	0.00693
19	0.00793	0.00577	0.00749	0.00872	0.00933	0.00532	0.00591	0.00923	0.01296	0.01718	0.08273	0.65993	0.10478	0.01945	0.00815	0.00255	0.00366	0.01752	0.00607	0.00532
20	0.01296	0.03342	0.73944	0.01842	0.02797	0.01501	0.02387	0.02046	0.01364	0.02046	0.01160	0.01364	0.00818	0.00614	0.00614	0.00205	0.00955	0.00477	0.00273	0.00955
21	0.01440	0.01208	0.01393	0.01004	0.01573	0.00963	0.00807	0.07840	0.01492	0.02281	0.01184	0.01359	0.00970	0.00505	0.00494	0.00104	0.00499	0.00401	0.00406	0.74076
22	0.01934	0.01474	0.01638	0.06119	0.01943	0.01656	0.01124	0.26517	0.36854	0.07663	0.04579	0.02140	0.01719	0.00837	0.00656	0.00208	0.00598	0.00679	0.00641	0.01020
23	0.00940	0.00626	0.00705	0.00705	0.00705	0.00626	0.00392	0.00940	0.00940	0.01253	0.02036	0.04228	0.02349	0.77292	0.03289	0.00626	0.00626	0.00940	0.00392	0.00392
24	0.02203	0.02767	0.01914	0.01679	0.02031	0.62250	0.07417	0.02403	0.01775	0.01638	0.01469	0.01620	0.06602	0.00732	0.00613	0.00175	0.01092	0.00523	0.00354	0.00744
25	0.01100	0.00701	0.00923	0.00844	0.01029	0.00641	0.00641	0.01399	0.01831	0.09223	0.66359	0.04582	0.05677	0.01272	0.00752	0.00203	0.00328	0.01120	0.00720	0.00655
26	0.01557	0.01206	0.01475	0.01067	0.01634	0.00968	0.03153	0.06233	0.01501	0.08637	0.01305	0.01444	0.01024	0.00529	0.00514	0.00115	0.00520	0.00432	0.00435	0.66249
27	0.07914	0.01187	0.01512	0.01167	0.01663	0.01097	0.00964	0.10521	0.01932	0.61532	0.02334	0.02054	0.01487	0.00784	0.00633	0.00199	0.00564	0.00623	0.00757	0.01074
28	0.01678	0.06156	0.05400	0.01108	0.01476	0.01268	0.00939	0.20080	0.04318	0.12108	0.06682	0.03185	0.18696	0.08359	0.00966	0.00243	0.03228	0.00827	0.02464	0.00820
29	0.01374	0.16749	0.61220	0.01709	0.02591	0.01691	0.02156	0.02026	0.01355	0.01951	0.01112	0.01305	0.00820	0.00603	0.00578	0.00193	0.00907	0.00454	0.00273	0.00932
30	0.00784	0.00576	0.00736	0.00864	0.00928	0.00528	0.00584	0.00904	0.01271	0.01663	0.03997	0.66559	0.14304	0.01968	0.00816	0.00256	0.00368	0.01768	0.00600	0.00528
31	0.00961	0.00736	0.01115	0.01053	0.01172	0.00811	0.04681	0.01154	0.01042	0.01473	0.01780	0.02901	0.01756	0.22069	0.53315	0.00893	0.01428	0.00756	0.00356	0.00549
32	0.01666	0.02041	0.09893	0.20423	0.06890	0.23867	0.07310	0.04653	0.01549	0.01833	0.01353	0.06494	0.01193	0.00795	0.00732	0.00207	0.05005	0.02965	0.00349	0.00782
33	0.01745	0.01357	0.01465	0.01297	0.01677	0.01537	0.01015	0.03403	0.64603	0.10275	0.02621	0.02388	0.01933	0.00868	0.00657	0.00217	0.00515	0.00722	0.00673	0.01031
34	0.00912	0.00617	0.00724	0.00751	0.00761	0.00615	0.00443	0.00940	0.00996	0.01332	0.02295	0.17035	0.02664	0.61450	0.05329	0.00576	0.00620	0.01090	0.00427	0.00422
35	0.00849	0.00660	0.00781	0.00855	0.00985	0.00615	0.00614	0.01103	0.05890	0.01787	0.06045	0.41991	0.28120	0.01787	0.00795	0.00245	0.00378	0.05325	0.00606	0.00570
36	0.01678	0.52152	0.17836	0.01279	0.01877	0.06831	0.01348	0.01988	0.01355	0.03486	0.01050	0.01279	0.00912	0.03842	0.00595	0.00176	0.00770	0.00411	0.00298	0.00839
37	0.01578	0.01513	0.02584	0.08034	0.69362	0.01530	0.01972	0.01964	0.01461	0.02085	0.01212	0.01606	0.01014	0.00580	0.00640	0.00193	0.00773	0.00576	0.00318	0.01006
38	0.01520	0.09846	0.11833	0.06288	0.02738	0.04090	0.33051	0.04885	0.01519	0.02049	0.01336	0.01857	0.01090	0.00636	0.00662	0.00194	0.00901	0.04468	0.00348	0.10686
39	0.01202	0.01124	0.01887	0.72558	0.04301	0.01397	0.01744	0.01619	0.01290	0.01651	0.01251	0.04918	0.01006	0.00705	0.00654	0.00217	0.00841	0.00628	0.00300	0.00710
40	0.00795	0.00650	0.00704	0.00718	0.00909	0.00559	0.00538	0.00975	0.01492	0.01842	0.13813	0.12836	0.55859	0.01643	0.00775	0.00224	0.00340	0.04164	0.00613	0.00553
41	0.01154	0.01160	0.07930	0.01381	0.01694	0.00975	0.10809	0.03934	0.05302	0.02017	0.02958	0.19034	0.07233	0.01415	0.00792	0.00251	0.00631	0.27262	0.00528	0.03540
42	0.02625	0.01096	0.01562	0.01209	0.01688	0.00956	0.04889	0.02888	0.01795	0.62740	0.02760	0.02595	0.06153	0.00871	0.00671	0.00205	0.00568	0.02941	0.00754	0.01035
43	0.01097	0.00570	0.00823	0.00823	0.00823	0.00570	0.00538	0.00855	0.00855	0.01140	0.01247	0.02273	0.01290	0.12484	0.02629	0.70208	0.00570	0.00613	0.00296	0.00296
44	0.02292	0.01728	0.01847	0.01453	0.01941	0.01927	0.01188	0.58018	0.16394	0.03807	0.01760	0.01718	0.01268	0.00795	0.00649	0.00199	0.00672	0.00611	0.00649	0.01084
45	0.01291	0.01220	0.02065	0.62408	0.17231	0.01454	0.01829	0.01713	0.01325	0.01736	0.01161	0.01700	0.00891	0.00633	0.00645	0.00211	0.00844	0.00574	0.00293	0.00775
46	0.21692	0.01674	0.01699	0.01332	0.01821	0.01869	0.01100	0.54341	0.02568	0.03788	0.01393	0.01430	0.01002	0.00733	0.00587	0.00195	0.00660	0.00526	0.00587	0.01002
47	0.06242	0.01403	0.05702	0.01340	0.04112	0.01271	0.03946	0.16700	0.01764	0.14835	0.03688	0.01974	0.01380	0.05795	0.00846	0.00207	0.04205	0.02090	0.00511	0.21989
48	0.01172	0.00826	0.01188	0.01041	0.01301	0.00732	0.08327	0.01399	0.01510	0.11269	0.13438	0.23136	0.26481	0.01425	0.00754	0.00221	0.00454	0.01267	0.00604	0.03455
49	0.01346	0.06158	0.02147	0.18338	0.09326	0.03264	0.16048	0.03316	0.01407	0.01882	0.06375	0.02441	0.06294	0.09169	0.01052	0.00253	0.05943	0.00729	0.03774	0.00737
50	0.01382	0.01193	0.08139	0.02850	0.01454	0.01019	0.00927	0.10909	0.01534	0.06035	0.04884	0.02997	0.07165	0.15532	0.05015	0.00315	0.03303	0.04578	0.09458	0.11310
51	0.04346	0.12544	0.10999	0.01647	0.09518	0.09886	0.03755	0.10591	0.01628	0.06620	0.01730	0.06032	0.05814	0.00942	0.03153	0.00218	0.04507	0.00633	0.00419	0.05019

[dist]
# distance from previous block
# <min> <max>
0	8

[block]
# block no. 5 follows, 34 sequences, length 28
# corresponding to MSA columns:
# 286-313
name=unknown_F
#
# <colnr> <probs for GDERKNQSTAVLIFYWHMCP>
#	G	D	E	R	K	N	Q	S	T	A	V	L	I	F	Y	W	H	M	C	P
0	0.14332	0.04318	0.01807	0.01532	0.07159	0.10857	0.01155	0.36445	0.04128	0.03137	0.01329	0.01417	0.01001	0.00689	0.00578	0.00181	0.00713	0.00504	0.00509	0.08209
1	0.39738	0.04256	0.06005	0.01423	0.08550	0.04881	0.01102	0.17273	0.03404	0.06138	0.01212	0.01323	0.00909	0.00654	0.00517	0.00195	0.00639	0.00456	0.00456	0.00868
2	0.08574	0.03369	0.05913	0.04473	0.07340	0.07067	0.04793	0.10525	0.04060	0.05617	0.01288	0.01454	0.00999	0.00596	0.00555	0.00157	0.00669	0.00478	0.00421	0.31653
3	0.01364	0.02971	0.10660	0.03753	0.11585	0.03572	0.06110	0.03332	0.14908	0.04157	0.06628	0.12133	0.06563	0.01357	0.07697	0.00291	0.00754	0.00861	0.00479	0.00823
4	0.00798	0.00582	0.00737	0.00852	0.00913	0.00537	0.00571	0.00915	0.01262	0.01659	0.05713	0.60543	0.13126	0.07334	0.00991	0.00281	0.00385	0.01693	0.00588	0.00520
