[name]
unknown

[dist]
# distance from previous block
# <min> <max>
0	0

[block]
# block no. 0 follows, 33 sequences, length 59
# corresponding to MSA columns:
# 0-58
name=unknown_A
#
# <colnr> <probs for GDERKNQSTAVLIFYWHMCP>
#	G	D	E	R	K	N	Q	S	T	A	V	L	I	F	Y	W	H	M	C	P
0	0.01061	0.00758	0.01061	0.01212	0.01364	0.00758	0.01061	0.01364	0.01515	0.01970	0.03486	0.07426	0.03789	0.01819	0.00909	0.00303	0.00606	0.68326	0.00606	0.00606
1	0.00952	0.00636	0.00720	0.00725	0.00727	0.00634	0.00407	0.00956	0.00968	0.01291	0.02131	0.06924	0.02465	0.74151	0.03260	0.00625	0.00629	0.00991	0.00407	0.00404
2	0.81514	0.01273	0.00968	0.00866	0.01273	0.01477	0.00713	0.01935	0.01120	0.02954	0.00917	0.01069	0.00713	0.00611	0.00407	0.00204	0.00509	0.00356	0.00407	0.00713
3	0.01717	0.01159	0.01401	0.01019	0.01587	0.00898	0.00822	0.02001	0.01480	0.17898	0.01486	0.01559	0.01120	0.00560	0.00526	0.00121	0.00504	0.00450	0.00484	0.63207
4	0.00957	0.00638	0.00718	0.00718	0.00718	0.00638	0.00399	0.00957	0.00957	0.01276	0.02074	0.04308	0.02393	0.76864	0.03351	0.00638	0.00638	0.00957	0.00399	0.00399
5	0.01549	0.01482	0.02527	0.18848	0.58577	0.01543	0.01980	0.01950	0.01461	0.02053	0.01224	0.01656	0.01008	0.00601	0.00653	0.00200	0.00802	0.00586	0.00319	0.00978
6	0.05060	0.01263	0.01514	0.01193	0.01660	0.01208	0.00964	0.20708	0.02030	0.33041	0.02170	0.10611	0.01682	0.00898	0.00647	0.00193	0.00570	0.00734	0.00670	0.13184
7	0.02114	0.01613	0.01729	0.01419	0.01872	0.01809	0.01142	0.36359	0.35227	0.06247	0.02138	0.02018	0.01558	0.00840	0.00664	0.00210	0.00622	0.00667	0.00670	0.01083
8	0.04395	0.02243	0.02444	0.01910	0.02409	0.26102	0.20549	0.26796	0.02198	0.02696	0.01304	0.01489	0.00984	0.00682	0.00663	0.00195	0.00981	0.00581	0.00454	0.00924
9	0.01671	0.01340	0.01484	0.01188	0.01662	0.01327	0.00940	0.12469	0.27911	0.04934	0.01873	0.01936	0.01454	0.03341	0.00686	0.00181	0.00542	0.00581	0.00548	0.33931
10	0.01252	0.00748	0.00971	0.00975	0.01137	0.00706	0.00705	0.03783	0.03807	0.13352	0.15615	0.46958	0.04066	0.01655	0.00789	0.00243	0.00414	0.01478	0.00667	0.00680
11	0.01103	0.00693	0.00978	0.01021	0.01142	0.00643	0.03089	0.01257	0.01348	0.10106	0.03357	0.57956	0.03804	0.04831	0.00922	0.00275	0.00452	0.05791	0.00617	0.00615
12	0.81514	0.01273	0.00968	0.00866	0.01273	0.01477	0.00713	0.01935	0.01120	0.02954	0.00917	0.01069	0.00713	0.00611	0.00407	0.00204	0.00509	0.00356	0.00407	0.00713
13	0.81514	0.01273	0.00968	0.00866	0.01273	0.01477	0.00713	0.01935	0.01120	0.02954	0.00917	0.01069	0.00713	0.00611	0.00407	0.00204	0.00509	0.00356	0.00407	0.00713
14	0.00802	0.00573	0.00764	0.00917	0.00955	0.00535	0.00611	0.00917	0.01260	0.01681	0.03628	0.76434	0.04354	0.02062	0.00840	0.00267	0.00382	0.01872	0.00611	0.00535
15	0.00802	0.00573	0.00764	0.00917	0.00955	0.00535	0.00611	0.00917	0.01260	0.01681	0.03628	0.76434	0.04354	0.02062	0.00840	0.00267	0.00382	0.01872	0.00611	0.00535
16	0.01144	0.00572	0.00858	0.00858	0.00858	0.00572	0.00572	0.00858	0.00858	0.01144	0.01144	0.02001	0.01144	0.02287	0.02573	0.80846	0.00572	0.00572	0.00286	0.00286
17	0.01629	0.01564	0.02672	0.04041	0.72757	0.01564	0.02020	0.02020	0.01499	0.02151	0.01238	0.01629	0.01043	0.00587	0.00652	0.00196	0.00782	0.00587	0.00326	0.01043
18	0.00947	0.00827	0.00813	0.00779	0.01002	0.04294	0.00588	0.03165	0.01647	0.02031	0.20785	0.05623	0.52120	0.01521	0.00765	0.00216	0.00383	0.01273	0.00624	0.00597
19	0.01365	0.01170	0.01365	0.00975	0.01560	0.00878	0.00780	0.01658	0.01365	0.02145	0.01170	0.01365	0.00975	0.00488	0.00488	0.00098	0.00488	0.00390	0.00390	0.80888
20	0.01264	0.00638	0.00923	0.00893	0.00932	0.00639	0.00611	0.03373	0.00977	0.04149	0.01217	0.01996	0.01162	0.02176	0.02430	0.74800	0.00577	0.00576	0.00320	0.00348
21	0.01295	0.01212	0.01979	0.65560	0.08323	0.01482	0.01781	0.01838	0.06594	0.01790	0.01287	0.01800	0.00972	0.00672	0.00659	0.00218	0.00845	0.00597	0.00323	0.00773
22	0.01014	0.00724	0.01007	0.01159	0.01289	0.00717	0.00979	0.01283	0.01469	0.01917	0.03512	0.19984	0.03892	0.01863	0.00897	0.00297	0.00565	0.56233	0.00607	0.00593
23	0.02503	0.01844	0.01976	0.01515	0.02042	0.02042	0.01251	0.70562	0.03095	0.04149	0.01581	0.01581	0.01120	0.00790	0.00659	0.00198	0.00724	0.00593	0.00659	0.01120
24	0.12797	0.01334	0.01615	0.16720	0.02290	0.01460	0.01188	0.16824	0.12670	0.20584	0.01908	0.02083	0.01387	0.00802	0.00637	0.00213	0.00650	0.03301	0.00587	0.00951
25	0.04573	0.01241	0.01532	0.01201	0.01592	0.01234	0.00981	0.01638	0.01255	0.02006	0.01145	0.01571	0.01023	0.00732	0.00992	0.00165	0.22673	0.02640	0.00368	0.51440
26	0.01540	0.01749	0.03800	0.05985	0.03489	0.01656	0.67332	0.02090	0.01543	0.02090	0.01325	0.01775	0.00994	0.00560	0.00772	0.00222	0.01100	0.00768	0.00331	0.00881
27	0.01629	0.01564	0.02672	0.04041	0.72757	0.01564	0.02020	0.02020	0.01499	0.02151	0.01238	0.01629	0.01043	0.00587	0.00652	0.00196	0.00782	0.00587	0.00326	0.01043
28	0.03568	0.01421	0.02652	0.08046	0.02690	0.01405	0.35524	0.04161	0.03147	0.13788	0.01631	0.02019	0.01237	0.03716	0.08078	0.00314	0.02755	0.00717	0.02267	0.00863
29	0.01243	0.01170	0.01975	0.75282	0.04534	0.01463	0.01828	0.01682	0.01316	0.01682	0.01170	0.01755	0.00878	0.00658	0.00658	0.00219	0.00878	0.00585	0.00293	0.00731
30	0.01408	0.01525	0.03208	0.02344	0.02890	0.01427	0.54790	0.01899	0.01593	0.02179	0.13769	0.06050	0.02070	0.00767	0.00780	0.00222	0.00935	0.00903	0.00415	0.00824
31	0.01243	0.01170	0.01975	0.75282	0.04534	0.01463	0.01828	0.01682	0.01316	0.01682	0.01170	0.01755	0.00878	0.00658	0.00658	0.00219	0.00878	0.00585	0.00293	0.00731
32	0.04244	0.09197	0.13038	0.08708	0.08144	0.10045	0.08919	0.06531	0.04275	0.02029	0.01164	0.01485	0.00944	0.00757	0.00963	0.00216	0.17590	0.00548	0.00343	0.00859
33	0.01243	0.01170	0.01975	0.75282	0.04534	0.01463	0.01828	0.01682	0.01316	0.01682	0.01170	0.01755	0.00878	0.00658	0.00658	0.00219	0.00878	0.00585	0.00293	0.00731
34	0.00802	0.00573	0.00764	0.00917	0.00955	0.00535	0.00611	0.00917	0.01260	0.01681	0.03628	0.76434	0.04354	0.02062	0.00840	0.00267	0.00382	0.01872	0.00611	0.00535
35	0.01441	0.01444	0.02669	0.34986	0.25489	0.01545	0.19023	0.01894	0.01433	0.01935	0.01232	0.01721	0.00959	0.00610	0.00686	0.00213	0.00906	0.00633	0.00313	0.00867
36	0.02199	0.25505	0.02464	0.01546	0.04596	0.17771	0.05707	0.07115	0.01698	0.18238	0.01405	0.01487	0.01063	0.00701	0.00678	0.00183	0.05777	0.00507	0.00448	0.00911
37	0.00932	0.00673	0.00880	0.00828	0.00984	0.00621	0.00621	0.01242	0.01863	0.02640	0.72410	0.04918	0.06212	0.01346	0.00776	0.00207	0.00311	0.01191	0.00725	0.00621
38	0.01760	0.77260	0.03450	0.01126	0.01690	0.02605	0.01126	0.01971	0.01338	0.01549	0.00915	0.01056	0.00845	0.00563	0.00422	0.00141	0.00704	0.00352	0.00282	0.00845
39	0.01853	0.25134	0.17495	0.01853	0.08403	0.11175	0.09644	0.11003	0.01698	0.04176	0.01195	0.01378	0.00936	0.00628	0.00585	0.00182	0.00874	0.00499	0.00362	0.00927
40	0.01008	0.00796	0.00929	0.00872	0.01036	0.04298	0.00654	0.01312	0.01864	0.02589	0.68843	0.04731	0.05944	0.01313	0.00767	0.00205	0.00354	0.01152	0.00705	0.00628
41	0.00807	0.00628	0.00734	0.00791	0.00928	0.00555	0.00561	0.00970	0.01445	0.01844	0.13525	0.35448	0.35830	0.01793	0.00804	0.00239	0.00351	0.01566	0.00625	0.00555
42	0.01839	0.01719	0.05153	0.05022	0.42910	0.03430	0.09158	0.15331	0.01828	0.05196	0.01357	0.01642	0.01058	0.00637	0.00665	0.00200	0.00817	0.00603	0.00407	0.01026
43	0.01696	0.02028	0.06763	0.02473	0.05814	0.13072	0.46691	0.02319	0.08314	0.02093	0.01400	0.01723	0.01066	0.00612	0.00725	0.00212	0.01045	0.00696	0.00363	0.00894
44	0.00828	0.00606	0.00778	0.00867	0.00953	0.00556	0.00600	0.00993	0.01423	0.01906	0.19332	0.52172	0.12845	0.01856	0.00819	0.00249	0.00360	0.01662	0.00636	0.00556
45	0.01926	0.02071	0.01846	0.04900	0.13812	0.28650	0.01323	0.02854	0.31079	0.02184	0.01759	0.01817	0.01370	0.00753	0.00638	0.00198	0.00827	0.00592	0.00474	0.00926
46	0.00839	0.00607	0.00798	0.00941	0.00994	0.00579	0.00640	0.01019	0.03651	0.01726	0.03592	0.71691	0.04256	0.02015	0.00837	0.00267	0.00394	0.03986	0.00613	0.00554
47	0.81514	0.01273	0.00968	0.00866	0.01273	0.01477	0.00713	0.01935	0.01120	0.02954	0.00917	0.01069	0.00713	0.00611	0.00407	0.00204	0.00509	0.00356	0.00407	0.00713
48	0.00802	0.00573	0.00764	0.00917	0.00955	0.00535	0.00611	0.00917	0.01260	0.01681	0.03628	0.76434	0.04354	0.02062	0.00840	0.00267	0.00382	0.01872	0.00611	0.00535
49	0.01407	0.01402	0.02057	0.01740	0.01792	0.01897	0.05765	0.01584	0.01047	0.01613	0.00967	0.01555	0.00936	0.01422	0.07930	0.00346	0.64923	0.00599	0.00296	0.00720
50	0.01072	0.00741	0.00922	0.00891	0.01077	0.00698	0.00672	0.01436	0.06599	0.06815	0.39642	0.15625	0.15405	0.01458	0.00777	0.00224	0.00368	0.04230	0.00687	0.00659
51	0.01609	0.01676	0.12094	0.06775	0.11725	0.04095	0.18741	0.02139	0.05669	0.10374	0.04338	0.02844	0.01757	0.00872	0.00728	0.00226	0.00824	0.12172	0.00458	0.00884
52	0.01372	0.01271	0.02063	0.57380	0.15295	0.01509	0.01799	0.04374	0.04921	0.01902	0.01272	0.01763	0.00970	0.00663	0.00658	0.00215	0.00839	0.00594	0.00330	0.00811
53	0.01908	0.01350	0.01372	0.01335	0.08044	0.10288	0.00943	0.17039	0.01889	0.11262	0.01851	0.02001	0.01391	0.00750	0.00563	0.00175	0.00584	0.00589	0.35824	0.00845
54	0.01334	0.01996	0.25763	0.01911	0.02498	0.01362	0.23828	0.04406	0.01502	0.02084	0.02009	0.10598	0.04322	0.00979	0.00792	0.00235	0.03313	0.09835	0.00403	0.00831
55	0.05990	0.10339	0.23923	0.01667	0.06271	0.01538	0.05244	0.10119	0.03421	0.15095	0.01717	0.02176	0.01350	0.00791	0.00641	0.00208	0.00765	0.07318	0.00474	0.00953
56	0.01741	0.01627	0.05677	0.03452	0.55986	0.01533	0.03927	0.06437	0.01616	0.06685	0.01342	0.01648	0.01071	0.00611	0.00649	0.00194	0.00772	0.00585	0.00378	0.04069
57	0.61893	0.04602	0.01092	0.00906	0.01268	0.04072	0.00735	0.01827	0.01228	0.02713	0.08160	0.03870	0.01402	0.00784	0.00535	0.02772	0.00521	0.00497	0.00434	0.00692
58	0.01279	0.00905	0.01065	0.00968	0.01249	0.00833	0.00749	0.09841	0.01682	0.07542	0.09299	0.20570	0.21645	0.01401	0.00737	0.00215	0.00452	0.06659	0.00609	0.12298

[dist]
# distance from previous block
# <min> <max>
0	3

[block]
# block no. 1 follows, 33 sequences, length 7
# corresponding to MSA columns:
# 62-68
name=unknown_B
#
# <colnr> <probs for GDERKNQSTAVLIFYWHMCP>
#	G	D	E	R	K	N	Q	S	T	A	V	L	I	F	Y	W	H	M	C	P
0	0.01004	0.01088	0.11947	0.01033	0.01239	0.00843	0.00888	0.01235	0.01132	0.01601	0.07249	0.03251	0.02164	0.31856	0.29903	0.00700	0.01095	0.00807	0.00388	0.00576
1	0.09610	0.11165	0.22634	0.02035	0.10920	0.01686	0.15651	0.05226	0.06922	0.06017	0.01368	0.01561	0.01027	0.00635	0.00620	0.00201	0.00832	0.00562	0.00384	0.00942
2	0.01827	0.15434	0.29157	0.01743	0.06741	0.03992	0.03956	0.12727	0.06560	0.09578	0.01447	0.01543	0.01060	0.00674	0.00608	0.00194	0.00814	0.00529	0.00425	0.00988
3	0.05130	0.01160	0.01726	0.01362	0.01788	0.01082	0.11472	0.07934	0.01803	0.36746	0.08447	0.14020	0.02283	0.01008	0.00708	0.00216	0.00606	0.00899	0.00673	0.00934
4	0.00914	0.00694	0.00938	0.01135	0.06757	0.00656	0.00729	0.01083	0.01368	0.01825	0.11407	0.42939	0.11856	0.08255	0.01033	0.00284	0.00440	0.06524	0.00582	0.00582
5	0.05443	0.02168	0.10691	0.01872	0.07827	0.21678	0.08603	0.08177	0.07752	0.07172	0.03895	0.01677	0.01241	0.00756	0.00789	0.00206	0.08152	0.00579	0.00431	0.00892
6	0.01653	0.01428	0.08864	0.01571	0.09114	0.01278	0.01235	0.17937	0.08070	0.08551	0.14417	0.07390	0.02696	0.01096	0.00727	0.00224	0.00614	0.11646	0.00599	0.00888

[dist]
# distance from previous block
# <min> <max>
0	3

[block]
# block no. 2 follows, 33 sequences, length 63
# corresponding to MSA columns:
# 72-134
name=unknown_C
#
# <colnr> <probs for GDERKNQSTAVLIFYWHMCP>
#	G	D	E	R	K	N	Q	S	T	A	V	L	I	F	Y	W	H	M	C	P
0	0.01553	0.01602	0.05623	0.11705	0.41770	0.04629	0.05397	0.02125	0.09350	0.02168	0.06347	0.01944	0.01471	0.00686	0.00666	0.00203	0.00775	0.00645	0.00387	0.00953
1	0.01247	0.01104	0.01756	0.02356	0.32199	0.01092	0.03582	0.01586	0.03482	0.02007	0.05857	0.19549	0.08400	0.01371	0.03914	0.00265	0.00660	0.08302	0.00474	0.00797
2	0.00975	0.00747	0.01027	0.01215	0.09030	0.00751	0.00745	0.01128	0.01204	0.01635	0.05981	0.20616	0.09264	0.24349	0.17836	0.00536	0.00801	0.01123	0.00465	0.00570
3	0.01510	0.01496	0.05453	0.05623	0.52952	0.01422	0.04955	0.01910	0.01481	0.02148	0.04642	0.01882	0.01338	0.00824	0.03820	0.00233	0.00796	0.00626	0.05935	0.00954
4	0.01438	0.01315	0.01383	0.01043	0.01576	0.07444	0.00829	0.01720	0.01432	0.02108	0.03649	0.01687	0.01242	0.00581	0.00522	0.00115	0.00549	0.02860	0.00405	0.68103
5	0.14144	0.10192	0.01978	0.49122	0.03491	0.07249	0.01526	0.01829	0.01330	0.01863	0.01088	0.01521	0.00845	0.00641	0.00586	0.00204	0.00823	0.00509	0.00313	0.00744
6	0.01542	0.01208	0.01289	0.01107	0.01414	0.04302	0.00873	0.25686	0.04096	0.02935	0.27367	0.06381	0.14960	0.01201	0.00730	0.00210	0.00514	0.02728	0.00657	0.00800
7	0.05372	0.01592	0.06413	0.06612	0.57023	0.01501	0.01894	0.02048	0.01488	0.05788	0.01348	0.01784	0.01113	0.00638	0.00647	0.00201	0.00768	0.02411	0.00358	0.01002
8	0.03796	0.01402	0.01973	0.04214	0.02080	0.01458	0.14883	0.27369	0.04603	0.06811	0.05436	0.13652	0.03804	0.01034	0.00726	0.00222	0.00698	0.04372	0.00575	0.00893
9	0.00831	0.00593	0.00797	0.00950	0.01000	0.00560	0.00661	0.00966	0.01289	0.01713	0.03613	0.68758	0.04291	0.02035	0.00848	0.00271	0.00407	0.09263	0.00611	0.00543
10	0.01327	0.01299	0.02084	0.65673	0.07560	0.04611	0.04760	0.01757	0.01359	0.01719	0.01174	0.01726	0.00889	0.00651	0.00660	0.00216	0.00896	0.00586	0.00298	0.00754
11	0.00983	0.00781	0.01107	0.01082	0.01236	0.00751	0.06405	0.04155	0.04473	0.01970	0.10204	0.50439	0.10387	0.01727	0.00808	0.00249	0.00451	0.01567	0.00604	0.00621
12	0.00817	0.00587	0.00764	0.00891	0.00939	0.00553	0.00595	0.00929	0.01244	0.01650	0.03620	0.64612	0.07923	0.08017	0.03250	0.00318	0.00441	0.01737	0.00587	0.00527
13	0.05136	0.09965	0.01986	0.01608	0.01977	0.62824	0.01238	0.04593	0.01827	0.01728	0.01022	0.01183	0.00851	0.00669	0.00573	0.00169	0.01105	0.00420	0.00346	0.00780
14	0.01656	0.16887	0.02830	0.03451	0.58371	0.01775	0.01839	0.02010	0.01466	0.02029	0.01173	0.01513	0.01003	0.00582	0.00605	0.00184	0.00766	0.00539	0.00317	0.01003
15	0.01966	0.01558	0.01596	0.01217	0.01750	0.09489	0.00977	0.19414	0.01922	0.11030	0.01426	0.01504	0.01075	0.00625	0.00564	0.00144	0.00635	0.00478	0.00503	0.42130
16	0.02482	0.01726	0.02050	0.01624	0.04359	0.01848	0.05465	0.54403	0.02774	0.13963	0.01702	0.01690	0.01184	0.00773	0.00666	0.00200	0.00726	0.00614	0.00651	0.01103
17	0.00891	0.00654	0.00795	0.00801	0.00907	0.00630	0.00555	0.01044	0.01332	0.01776	0.18916	0.12834	0.19378	0.24358	0.11802	0.00464	0.00624	0.01176	0.00538	0.00526
18	0.00957	0.00638	0.00718	0.00718	0.00718	0.00638	0.00399	0.00957	0.00957	0.01276	0.02074	0.04308	0.02393	0.76864	0.03351	0.00638	0.00638	0.00957	0.00399	0.00399
19	0.01365	0.01170	0.01365	0.00975	0.01560	0.00878	0.00780	0.01658	0.01365	0.02145	0.01170	0.01365	0.00975	0.00488	0.00488	0.00098	0.00488	0.00390	0.00390	0.80888
20	0.01803	0.01504	0.02315	0.10871	0.39878	0.01539	0.03756	0.14109	0.01781	0.07402	0.01434	0.01792	0.01134	0.00666	0.00654	0.00196	0.00755	0.02069	0.00425	0.05918
21	0.01320	0.03405	0.73453	0.01876	0.02849	0.01529	0.02432	0.02085	0.01390	0.02085	0.01181	0.01390	0.00834	0.00625	0.00625	0.00208	0.00973	0.00486	0.00278	0.00973
22	0.01939	0.01927	0.05602	0.01944	0.14465	0.18183	0.01371	0.16454	0.01799	0.05585	0.01348	0.01751	0.01133	0.07329	0.02938	0.00261	0.11725	0.00576	0.00423	0.03246
23	0.01500	0.02116	0.18815	0.02545	0.03255	0.01648	0.53371	0.02086	0.01500	0.02086	0.01283	0.01681	0.00959	0.00591	0.00791	0.00221	0.03625	0.00707	0.00320	0.00901
24	0.01061	0.00758	0.01061	0.01212	0.01364	0.00758	0.01061	0.01364	0.01515	0.01970	0.03486	0.07426	0.03789	0.01819	0.00909	0.00303	0.00606	0.68326	0.00606	0.00606
25	0.02392	0.01874	0.05229	0.01512	0.02043	0.01968	0.01285	0.65112	0.02956	0.03973	0.01630	0.04039	0.01213	0.00825	0.00663	0.00200	0.00725	0.00630	0.00639	0.01094
26	0.01906	0.01336	0.01557	0.01232	0.01686	0.01346	0.00998	0.27221	0.05630	0.11234	0.01682	0.01838	0.01288	0.01509	0.14670	0.00337	0.00829	0.00575	0.00547	0.22580
27	0.01570	0.01489	0.02453	0.14847	0.55524	0.01555	0.01899	0.02106	0.08023	0.02134	0.01362	0.01726	0.01108	0.00626	0.00654	0.00202	0.00772	0.00601	0.00353	0.00994
28	0.01828	0.70018	0.03295	0.01182	0.01723	0.09602	0.01141	0.02036	0.01389	0.01555	0.00925	0.01069	0.00845	0.00574	0.00439	0.00144	0.00751	0.00359	0.00287	0.00837
29	0.01629	0.01564	0.02672	0.04041	0.72757	0.01564	0.02020	0.02020	0.01499	0.02151	0.01238	0.01629	0.01043	0.00587	0.00652	0.00196	0.00782	0.00587	0.00326	0.01043
30	0.00940	0.00705	0.01058	0.01058	0.01176	0.00823	0.00823	0.01176	0.01058	0.01528	0.01763	0.02586	0.01646	0.04937	0.74255	0.01058	0.01763	0.00705	0.00353	0.00588
31	0.01684	0.01372	0.01476	0.01307	0.01657	0.01568	0.01015	0.11036	0.55810	0.02740	0.02383	0.02304	0.01811	0.01034	0.00878	0.09074	0.00550	0.00708	0.00626	0.00968
32	0.01034	0.00750	0.00953	0.00896	0.01071	0.00738	0.00676	0.01453	0.07808	0.04032	0.51479	0.04418	0.07948	0.04333	0.09175	0.00320	0.00511	0.01085	0.00664	0.00655
33	0.00957	0.00638	0.00718	0.00718	0.00718	0.00638	0.00399	0.00957	0.00957	0.01276	0.02074	0.04308	0.02393	0.76864	0.03351	0.00638	0.00638	0.00957	0.00399	0.00399
34	0.02168	0.34608	0.02561	0.01422	0.01889	0.31599	0.01206	0.13648	0.01844	0.02007	0.01067	0.01197	0.00892	0.00648	0.00531	0.00162	0.00904	0.00421	0.00368	0.00857
35	0.01531	0.01464	0.02494	0.22202	0.55365	0.01538	0.01971	0.01934	0.01452	0.02031	0.01221	0.01661	0.01001	0.00605	0.00653	0.00202	0.00806	0.00586	0.00317	0.00963
36	0.01510	0.01426	0.02418	0.05581	0.42428	0.01484	0.09465	0.04214	0.03489	0.02081	0.01373	0.01829	0.01158	0.01378	0.13434	0.00353	0.04473	0.00633	0.00350	0.00923
37	0.02325	0.03805	0.12079	0.01412	0.01972	0.01584	0.01294	0.35282	0.02380	0.22768	0.06881	0.01962	0.01578	0.00807	0.00657	0.00200	0.00684	0.00633	0.00642	0.01056
38	0.01546	0.03948	0.02140	0.21783	0.31026	0.05522	0.01611	0.05939	0.03154	0.02131	0.05917	0.01934	0.03005	0.00695	0.00642	0.00193	0.00755	0.00615	0.00381	0.07063
39	0.61533	0.12401	0.01634	0.01103	0.01560	0.01661	0.08053	0.01959	0.01197	0.02661	0.00960	0.01141	0.00762	0.00598	0.00448	0.00196	0.00600	0.00400	0.00381	0.00750
40	0.00958	0.00730	0.01091	0.01081	0.01194	0.00864	0.00844	0.01190	0.01056	0.01530	0.01733	0.02547	0.01619	0.04808	0.71794	0.01032	0.04286	0.00701	0.00350	0.00592
41	0.01243	0.01170	0.01975	0.75282	0.04534	0.01463	0.01828	0.01682	0.01316	0.01682	0.01170	0.01755	0.00878	0.00658	0.00658	0.00219	0.00878	0.00585	0.00293	0.00731
42	0.01629	0.01564	0.02672	0.04041	0.72757	0.01564	0.02020	0.02020	0.01499	0.02151	0.01238	0.01629	0.01043	0.00587	0.00652	0.00196	0.00782	0.00587	0.00326	0.01043
43	0.73834	0.01329	0.01066	0.00929	0.01348	0.01532	0.00765	0.08606	0.01312	0.03070	0.00981	0.01119	0.00752	0.00629	0.00432	0.00203	0.00530	0.00379	0.00432	0.00752
44	0.01033	0.00742	0.00852	0.00819	0.01043	0.00670	0.00630	0.01339	0.05249	0.07048	0.23327	0.07181	0.40524	0.01501	0.00773	0.00223	0.00371	0.05376	0.00658	0.00640
45	0.01440	0.01440	0.02016	0.01728	0.01728	0.02016	0.01440	0.01584	0.01008	0.01584	0.00864	0.01440	0.00864	0.01152	0.02160	0.00288	0.75659	0.00576	0.00288	0.00720
46	0.01594	0.01515	0.02573	0.03867	0.68372	0.01515	0.01961	0.01980	0.01500	0.02140	0.01376	0.01985	0.01211	0.00662	0.00668	0.00202	0.00771	0.04748	0.00343	0.01016
47	0.00913	0.00658	0.00863	0.00841	0.00979	0.00608	0.00620	0.01194	0.01774	0.02498	0.62236	0.15496	0.05937	0.01452	0.00786	0.00216	0.00321	0.01291	0.00708	0.00608
48	0.01365	0.01170	0.01365	0.00975	0.01560	0.00878	0.00780	0.01658	0.01365	0.02145	0.01170	0.01365	0.00975	0.00488	0.00488	0.00098	0.00488	0.00390	0.00390	0.80888
49	0.01629	0.01564	0.02672	0.04041	0.72757	0.01564	0.02020	0.02020	0.01499	0.02151	0.01238	0.01629	0.01043	0.00587	0.00652	0.00196	0.00782	0.00587	0.00326	0.01043
50	0.01137	0.00574	0.00853	0.00853	0.00853	0.00574	0.00566	0.00861	0.00861	0.01148	0.01177	0.02084	0.01188	0.04961	0.02601	0.77971	0.00574	0.00586	0.00290	0.00290
51	0.01637	0.01414	0.01489	0.01340	0.01712	0.01637	0.01042	0.03498	0.71568	0.02754	0.02679	0.02456	0.02010	0.00893	0.00670	0.00223	0.00521	0.00744	0.00670	0.01042
52	0.01629	0.01564	0.02672	0.04041	0.72757	0.01564	0.02020	0.02020	0.01499	0.02151	0.01238	0.01629	0.01043	0.00587	0.00652	0.00196	0.00782	0.00587	0.00326	0.01043
53	0.00842	0.00634	0.00781	0.00833	0.00959	0.00573	0.00599	0.01034	0.01509	0.01994	0.24290	0.34164	0.23589	0.01739	0.00807	0.00239	0.00356	0.03847	0.00644	0.00568
54	0.02503	0.01844	0.01976	0.01515	0.02042	0.02042	0.01251	0.70562	0.03095	0.04149	0.01581	0.01581	0.01120	0.00790	0.00659	0.00198	0.00724	0.00593	0.00659	0.01120
55	0.01453	0.01237	0.01554	0.01349	0.01632	0.09229	0.11127	0.05190	0.01589	0.09162	0.03261	0.21831	0.16661	0.01347	0.00830	0.00234	0.04135	0.06909	0.00547	0.00721
56	0.01264	0.01198	0.02031	0.68104	0.04330	0.01442	0.04932	0.01700	0.01330	0.01726	0.01178	0.01736	0.00888	0.00645	0.00655	0.00213	0.00868	0.00584	0.00299	0.04877
57	0.01458	0.01396	0.02055	0.45034	0.15693	0.05939	0.03466	0.04877	0.06142	0.01992	0.04615	0.01885	0.01242	0.00698	0.00662	0.00211	0.00829	0.00620	0.00363	0.00823
58	0.02275	0.02730	0.01751	0.01596	0.01928	0.59086	0.01200	0.02669	0.11128	0.03383	0.01410	0.05265	0.01202	0.00782	0.00618	0.00183	0.01043	0.00547	0.00408	0.00797
59	0.01430	0.01273	0.01395	0.01027	0.01590	0.04296	0.00816	0.01797	0.05013	0.02152	0.01241	0.01413	0.01023	0.00517	0.00502	0.00107	0.00522	0.00410	0.00402	0.73074
60	0.01602	0.09516	0.08081	0.19859	0.28360	0.01611	0.08677	0.02012	0.01447	0.06908	0.01277	0.01627	0.00997	0.00630	0.00677	0.00200	0.02822	0.00573	0.00345	0.02779
61	0.04721	0.01126	0.01115	0.01037	0.01127	0.10007	0.00726	0.03808	0.01170	0.01558	0.01691	0.03145	0.01814	0.44428	0.09970	0.00545	0.10307	0.00778	0.00382	0.00543
62	0.00982	0.00682	0.00797	0.00782	0.00787	0.00716	0.00468	0.00998	0.00964	0.01301	0.02001	0.04098	0.02288	0.70376	0.05831	0.00635	0.04552	0.00929	0.00392	0.00422

[dist]
# distance from previous block
# <min> <max>
0	0

# created by:
# /home/berkeley/.conda/envs/busco_data_prod/bin/msa2prfl.pl pipeline/OGs_align_augustus/4893/36610.fs
