[name]
unknown

[dist]
# distance from previous block
# <min> <max>
0	10

[block]
# block no. 0 follows, 34 sequences, length 12
# corresponding to MSA columns:
# 10-21
name=unknown_A
#
# <colnr> <probs for GDERKNQSTAVLIFYWHMCP>
#	G	D	E	R	K	N	Q	S	T	A	V	L	I	F	Y	W	H	M	C	P
0	0.01570	0.01588	0.15320	0.01711	0.07609	0.01219	0.11718	0.06210	0.07288	0.12648	0.06374	0.13231	0.02103	0.00982	0.00704	0.00217	0.00691	0.05444	0.00513	0.02858
1	0.01034	0.04631	0.01028	0.00961	0.01101	0.02557	0.00710	0.04260	0.04490	0.01945	0.14072	0.39004	0.07214	0.06491	0.00935	0.00264	0.00454	0.07661	0.00585	0.00604
2	0.03296	0.04277	0.14734	0.11317	0.10449	0.01404	0.11494	0.08360	0.04632	0.05898	0.08143	0.05260	0.01672	0.00918	0.03296	0.00234	0.00787	0.00698	0.02270	0.00862
3	0.04308	0.06699	0.10075	0.02087	0.18137	0.01550	0.09683	0.13996	0.05331	0.14378	0.01536	0.01653	0.01126	0.00656	0.00623	0.00190	0.00736	0.00574	0.00472	0.06191
4	0.00964	0.00611	0.00807	0.00896	0.00981	0.00566	0.00619	0.01113	0.01344	0.06756	0.10469	0.61265	0.04164	0.01815	0.00791	0.00247	0.00377	0.01635	0.04005	0.00576
5	0.00907	0.00660	0.00876	0.00880	0.00966	0.00703	0.00627	0.01058	0.01100	0.01513	0.06424	0.07118	0.08407	0.27131	0.37923	0.00752	0.01113	0.00911	0.00416	0.00515
6	0.04434	0.30075	0.21332	0.01397	0.01969	0.12834	0.01431	0.05379	0.01504	0.04367	0.03171	0.01498	0.03420	0.00688	0.00606	0.00177	0.04044	0.00478	0.00347	0.00848
7	0.01644	0.05527	0.11789	0.11169	0.32143	0.01605	0.12979	0.08352	0.01597	0.05128	0.01285	0.01599	0.00993	0.00610	0.00647	0.00198	0.00836	0.00585	0.00359	0.00956
8	0.01248	0.01146	0.01449	0.01295	0.01450	0.04495	0.03178	0.01678	0.11115	0.01812	0.05043	0.02613	0.10172	0.02125	0.21322	0.00457	0.24819	0.00745	0.03141	0.00696
9	0.01216	0.00694	0.00795	0.07625	0.01143	0.00749	0.00625	0.01522	0.01331	0.02296	0.01955	0.02295	0.01542	0.00762	0.00554	0.00163	0.04165	0.00598	0.69353	0.00618
10	0.08985	0.01348	0.01838	0.07746	0.19511	0.01451	0.06356	0.07814	0.22003	0.02477	0.04156	0.02236	0.06185	0.00784	0.00636	0.00205	0.00631	0.00684	0.04050	0.00902
11	0.01633	0.01466	0.01669	0.03120	0.01845	0.06061	0.07330	0.05963	0.47321	0.02540	0.02209	0.02180	0.01674	0.00823	0.00701	0.00211	0.03609	0.00685	0.08023	0.00937

[dist]
# distance from previous block
# <min> <max>
0	1

[block]
# block no. 1 follows, 34 sequences, length 38
# corresponding to MSA columns:
# 23-60
name=unknown_B
#
# <colnr> <probs for GDERKNQSTAVLIFYWHMCP>
#	G	D	E	R	K	N	Q	S	T	A	V	L	I	F	Y	W	H	M	C	P
0	0.39364	0.14441	0.01679	0.03675	0.01675	0.26156	0.00987	0.02125	0.01386	0.02189	0.00941	0.01109	0.00771	0.00616	0.00472	0.00179	0.00766	0.00379	0.00353	0.00738
1	0.01189	0.01112	0.01565	0.07868	0.01748	0.05466	0.08390	0.01423	0.01235	0.01677	0.08460	0.04433	0.04796	0.11251	0.21134	0.00496	0.15961	0.00778	0.00382	0.00635
2	0.01522	0.01425	0.02140	0.14721	0.16525	0.04144	0.11212	0.03795	0.14343	0.04035	0.08196	0.02067	0.01627	0.00793	0.00861	0.00217	0.10404	0.00681	0.00430	0.00864
3	0.00925	0.00684	0.00998	0.00998	0.01099	0.00786	0.00757	0.01128	0.01026	0.01470	0.01768	0.02744	0.01704	0.13642	0.66058	0.00988	0.01597	0.00722	0.00352	0.00554
4	0.01959	0.01458	0.01544	0.01287	0.01687	0.04520	0.01026	0.26200	0.26993	0.10782	0.10884	0.02464	0.04469	0.00905	0.00666	0.00204	0.00579	0.00732	0.00660	0.00980
5	0.00923	0.00692	0.01038	0.01038	0.01154	0.00808	0.00808	0.01154	0.01038	0.01500	0.01731	0.02538	0.01615	0.04846	0.74732	0.01038	0.01731	0.00692	0.00346	0.00577
6	0.81856	0.01250	0.00950	0.00850	0.01250	0.01449	0.00700	0.01899	0.01100	0.02899	0.00900	0.01050	0.00700	0.00600	0.00400	0.00200	0.00500	0.00350	0.00400	0.00700
7	0.01607	0.01388	0.01461	0.01315	0.01680	0.01607	0.01023	0.03433	0.72094	0.02703	0.02630	0.02411	0.01972	0.00877	0.00657	0.00219	0.00511	0.00731	0.00657	0.01023
8	0.02873	0.01141	0.01525	0.01169	0.01670	0.01012	0.00966	0.07142	0.01919	0.69618	0.02490	0.02161	0.01570	0.00798	0.00650	0.00200	0.00559	0.00646	0.00791	0.01100
9	0.81856	0.01250	0.00950	0.00850	0.01250	0.01449	0.00700	0.01899	0.01100	0.02899	0.00900	0.01050	0.00700	0.00600	0.00400	0.00200	0.00500	0.00350	0.00400	0.00700
10	0.00940	0.00626	0.00705	0.00705	0.00705	0.00626	0.00392	0.00940	0.00940	0.01253	0.02036	0.04228	0.02349	0.77292	0.03289	0.00626	0.00626	0.00940	0.00392	0.00392
11	0.01220	0.01148	0.01938	0.75739	0.04450	0.01436	0.01794	0.01651	0.01292	0.01651	0.01148	0.01723	0.00861	0.00646	0.00646	0.00215	0.00861	0.00574	0.00287	0.00718
12	0.06113	0.28581	0.02094	0.01163	0.01580	0.01726	0.01017	0.10640	0.09970	0.11063	0.01674	0.02020	0.01384	0.01419	0.12558	0.00321	0.00807	0.04543	0.00469	0.00858
13	0.01553	0.15143	0.02307	0.07171	0.24377	0.08905	0.03084	0.01819	0.01358	0.01784	0.01293	0.08593	0.01235	0.00810	0.00854	0.00199	0.13372	0.00631	0.00335	0.05177
14	0.02807	0.01378	0.01574	0.01235	0.01718	0.09123	0.01007	0.08997	0.01951	0.59749	0.02292	0.02030	0.01472	0.00783	0.00642	0.00196	0.00631	0.00618	0.00735	0.01061
15	0.03762	0.15822	0.11593	0.05415	0.12405	0.03309	0.01411	0.18358	0.04374	0.12334	0.01640	0.01715	0.03662	0.00709	0.00596	0.00188	0.00717	0.00557	0.00471	0.00961
16	0.05729	0.06250	0.01358	0.09072	0.07506	0.04777	0.00933	0.01598	0.07079	0.02178	0.27672	0.06570	0.14599	0.01106	0.00681	0.00203	0.00506	0.00941	0.00541	0.00701
17	0.00787	0.00562	0.00750	0.00900	0.00937	0.00525	0.00600	0.00900	0.01237	0.01649	0.03561	0.76871	0.04274	0.02024	0.00825	0.00262	0.00375	0.01837	0.00600	0.00525
18	0.05119	0.67350	0.03116	0.01113	0.01650	0.04393	0.01082	0.02032	0.01354	0.06415	0.01012	0.01118	0.00876	0.00574	0.00434	0.00146	0.00687	0.00368	0.00318	0.00840
19	0.01616	0.01379	0.01470	0.01279	0.01678	0.01535	0.01001	0.06569	0.59933	0.02697	0.02393	0.02236	0.01804	0.00822	0.00635	0.00203	0.00517	0.00680	0.00623	0.10929
20	0.00914	0.00660	0.00864	0.00813	0.00965	0.00610	0.00610	0.01219	0.01829	0.02591	0.72921	0.04827	0.06097	0.01321	0.00762	0.00203	0.00305	0.01169	0.00711	0.00610
21	0.01000	0.00715	0.00992	0.01127	0.01262	0.00707	0.00955	0.01274	0.01478	0.01941	0.08096	0.16081	0.03949	0.01785	0.00875	0.00287	0.00547	0.55739	0.00603	0.00587
22	0.00939	0.00628	0.00710	0.00709	0.00714	0.00626	0.00399	0.00950	0.00972	0.01301	0.04581	0.04250	0.02484	0.74564	0.03198	0.00611	0.00615	0.00948	0.00403	0.00399
23	0.02091	0.01334	0.01515	0.01278	0.01699	0.01434	0.01018	0.09281	0.43801	0.25299	0.02510	0.02268	0.01778	0.00843	0.00654	0.00211	0.00541	0.00692	0.00702	0.01054
24	0.01568	0.01347	0.01427	0.01287	0.01640	0.01551	0.00999	0.03308	0.68128	0.02697	0.06597	0.02547	0.02205	0.00902	0.00663	0.00218	0.00500	0.00755	0.00660	0.00999
25	0.81856	0.01250	0.00950	0.00850	0.01250	0.01449	0.00700	0.01899	0.01100	0.02899	0.00900	0.01050	0.00700	0.00600	0.00400	0.00200	0.00500	0.00350	0.00400	0.00700
26	0.00820	0.00640	0.00715	0.00725	0.00895	0.00561	0.00530	0.01008	0.01502	0.01931	0.20909	0.15903	0.43752	0.03628	0.00830	0.00230	0.00336	0.01352	0.03178	0.00555
27	0.00830	0.00619	0.00772	0.00814	0.00934	0.00561	0.00580	0.01025	0.01510	0.02023	0.30191	0.34663	0.19756	0.01677	0.00788	0.00231	0.00338	0.01485	0.00642	0.00561
28	0.02782	0.01074	0.01462	0.01130	0.01609	0.00930	0.00930	0.03036	0.01848	0.69531	0.06684	0.02354	0.01864	0.00830	0.00656	0.00200	0.00535	0.00680	0.00795	0.01071
29	0.12919	0.00818	0.00873	0.00782	0.01038	0.00805	0.00610	0.03400	0.01523	0.10169	0.17458	0.02910	0.07389	0.00909	0.00560	0.00178	0.00377	0.00736	0.32551	0.03995
30	0.00796	0.00571	0.00744	0.00875	0.00928	0.00528	0.00588	0.00900	0.01246	0.01641	0.03756	0.67845	0.10521	0.01996	0.00876	0.02954	0.00377	0.01751	0.00589	0.00519
31	0.01220	0.01148	0.01938	0.75739	0.04450	0.01436	0.01794	0.01651	0.01292	0.01651	0.01148	0.01723	0.00861	0.00646	0.00646	0.00215	0.00861	0.00574	0.00287	0.00718
32	0.02456	0.01810	0.01939	0.01487	0.02004	0.02004	0.01228	0.71107	0.03038	0.04072	0.01551	0.01551	0.01099	0.00776	0.00646	0.00194	0.00711	0.00582	0.00646	0.01099
33	0.00861	0.00661	0.00873	0.00934	0.01065	0.00608	0.02796	0.01025	0.01352	0.01729	0.04296	0.37511	0.24865	0.01823	0.00871	0.02833	0.00430	0.14340	0.00580	0.00547
34	0.01565	0.01118	0.01522	0.03927	0.11628	0.01213	0.01090	0.10807	0.07823	0.11247	0.08026	0.02430	0.01862	0.06286	0.21711	0.00465	0.05261	0.00704	0.00495	0.00817
35	0.00877	0.00658	0.00878	0.00973	0.01012	0.00689	0.00682	0.01002	0.01216	0.01677	0.03191	0.64870	0.03767	0.01863	0.00949	0.00259	0.08707	0.01636	0.04549	0.00549
36	0.15594	0.09904	0.08239	0.02248	0.19992	0.09836	0.16739	0.03690	0.01467	0.02168	0.01156	0.01434	0.00922	0.00594	0.00587	0.00190	0.00827	0.00529	0.03020	0.00865
37	0.67037	0.01282	0.01054	0.00919	0.01319	0.01472	0.00754	0.09504	0.03196	0.02998	0.01077	0.01208	0.00825	0.00634	0.00436	0.00197	0.00513	0.00398	0.04428	0.00747

[dist]
# distance from previous block
# <min> <max>
0	4

[block]
# block no. 2 follows, 34 sequences, length 47
# corresponding to MSA columns:
# 65-111
name=unknown_C
#
# <colnr> <probs for GDERKNQSTAVLIFYWHMCP>
#	G	D	E	R	K	N	Q	S	T	A	V	L	I	F	Y	W	H	M	C	P
0	0.01830	0.04512	0.02695	0.04783	0.30389	0.01578	0.20269	0.09597	0.04332	0.11345	0.01483	0.01720	0.01116	0.00629	0.00667	0.00200	0.00811	0.00633	0.00427	0.00984
1	0.01402	0.00948	0.01275	0.01081	0.01392	0.00914	0.03300	0.01793	0.07737	0.12937	0.07554	0.02489	0.01892	0.07683	0.26588	0.00502	0.00947	0.00680	0.00484	0.18401
2	0.00930	0.00699	0.00865	0.00816	0.00990	0.00655	0.00614	0.01296	0.05627	0.02468	0.58964	0.04906	0.16055	0.01345	0.00757	0.00206	0.00320	0.01174	0.00691	0.00623
3	0.81856	0.01250	0.00950	0.00850	0.01250	0.01449	0.00700	0.01899	0.01100	0.02899	0.00900	0.01050	0.00700	0.00600	0.00400	0.00200	0.00500	0.00350	0.00400	0.00700
4	0.00988	0.00677	0.00887	0.00825	0.00991	0.00622	0.00622	0.01291	0.01830	0.05223	0.70316	0.04729	0.05930	0.01302	0.00758	0.00203	0.00314	0.01149	0.00715	0.00628
5	0.01041	0.00744	0.01041	0.01190	0.01339	0.00744	0.01041	0.01339	0.01487	0.01934	0.03421	0.07288	0.03719	0.01785	0.00892	0.00297	0.00595	0.68913	0.00595	0.00595
6	0.00795	0.00650	0.00702	0.00701	0.00895	0.00557	0.00521	0.00984	0.01531	0.01909	0.19683	0.10035	0.55599	0.01596	0.00767	0.00218	0.00326	0.01352	0.00622	0.00557
7	0.01607	0.01388	0.01461	0.01315	0.01680	0.01607	0.01023	0.03433	0.72094	0.02703	0.02630	0.02411	0.01972	0.00877	0.00657	0.00219	0.00511	0.00731	0.00657	0.01023
8	0.02899	0.01100	0.01499	0.01150	0.01649	0.00950	0.00950	0.03149	0.01849	0.73709	0.02549	0.02199	0.01599	0.00800	0.00650	0.00200	0.00550	0.00650	0.00800	0.01100
9	0.02456	0.01810	0.01939	0.01487	0.02004	0.02004	0.01228	0.71107	0.03038	0.04072	0.01551	0.01551	0.01099	0.00776	0.00646	0.00194	0.00711	0.00582	0.00646	0.01099
10	0.01414	0.01414	0.01979	0.01696	0.01696	0.01979	0.01414	0.01555	0.00990	0.01555	0.00848	0.01414	0.00848	0.01131	0.02120	0.00283	0.76110	0.00565	0.00283	0.00707
11	0.02414	0.03079	0.01831	0.01665	0.01998	0.74698	0.01248	0.02580	0.01831	0.01581	0.00999	0.01165	0.00832	0.00666	0.00583	0.00166	0.01165	0.00416	0.00333	0.00749
12	0.01347	0.01171	0.01434	0.01024	0.01601	0.00891	0.03425	0.01644	0.01347	0.02104	0.01154	0.01355	0.00958	0.00481	0.00489	0.00100	0.00502	0.00397	0.00381	0.78196
13	0.01419	0.01113	0.01333	0.00995	0.01509	0.00897	0.00796	0.03867	0.01389	0.06373	0.01314	0.01540	0.01078	0.01023	0.09272	0.00216	0.00638	0.00442	0.00412	0.64376
14	0.03918	0.01998	0.26453	0.04240	0.02511	0.01364	0.23163	0.05975	0.01534	0.02219	0.06058	0.04943	0.03641	0.00777	0.00676	0.00210	0.00829	0.02955	0.05699	0.00837
15	0.01727	0.77681	0.03386	0.01106	0.01658	0.02557	0.01106	0.01935	0.01313	0.01520	0.00898	0.01036	0.00829	0.00553	0.00415	0.00138	0.00691	0.00345	0.00276	0.00829
16	0.02414	0.03079	0.01831	0.01665	0.01998	0.74698	0.01248	0.02580	0.01831	0.01581	0.00999	0.01165	0.00832	0.00666	0.00583	0.00166	0.01165	0.00416	0.00333	0.00749
17	0.81856	0.01250	0.00950	0.00850	0.01250	0.01449	0.00700	0.01899	0.01100	0.02899	0.00900	0.01050	0.00700	0.00600	0.00400	0.00200	0.00500	0.00350	0.00400	0.00700
18	0.00914	0.00660	0.00864	0.00813	0.00965	0.00610	0.00610	0.01219	0.01829	0.02591	0.72921	0.04827	0.06097	0.01321	0.00762	0.00203	0.00305	0.01169	0.00711	0.00610
19	0.01599	0.01535	0.02623	0.03966	0.73262	0.01535	0.01983	0.01983	0.01471	0.02111	0.01215	0.01599	0.01023	0.00576	0.00640	0.00192	0.00768	0.00576	0.00320	0.01023
20	0.00796	0.00644	0.00708	0.00716	0.00899	0.00556	0.00528	0.00982	0.01514	0.01901	0.19334	0.14716	0.51201	0.01622	0.00771	0.00221	0.00329	0.01384	0.00622	0.00556
21	0.00901	0.00660	0.00844	0.00798	0.00957	0.00604	0.00599	0.01192	0.01796	0.02513	0.66795	0.04955	0.12271	0.01350	0.00762	0.00205	0.00307	0.01187	0.00701	0.00604
22	0.01404	0.21945	0.56288	0.01657	0.02512	0.01765	0.02067	0.02018	0.01351	0.01915	0.01094	0.01282	0.00821	0.00599	0.00564	0.00188	0.00889	0.00444	0.00274	0.00923
23	0.01407	0.01188	0.01376	0.00989	0.01560	0.00930	0.00793	0.05806	0.01442	0.02224	0.01173	0.01353	0.00966	0.00496	0.00489	0.00102	0.00492	0.00395	0.00399	0.76422
24	0.01651	0.34678	0.05178	0.11471	0.10765	0.08076	0.01385	0.04000	0.04033	0.01755	0.01087	0.01360	0.00929	0.00763	0.02518	0.00201	0.08535	0.00467	0.00315	0.00832
25	0.81856	0.01250	0.00950	0.00850	0.01250	0.01449	0.00700	0.01899	0.01100	0.02899	0.00900	0.01050	0.00700	0.00600	0.00400	0.00200	0.00500	0.00350	0.00400	0.00700
26	0.04917	0.06383	0.25401	0.01528	0.02184	0.01754	0.01555	0.36146	0.02220	0.09580	0.01456	0.01503	0.01024	0.00707	0.00615	0.00195	0.00767	0.00533	0.00510	0.01023
27	0.01041	0.00744	0.01041	0.01190	0.01339	0.00744	0.01041	0.01339	0.01487	0.01934	0.03421	0.07288	0.03719	0.01785	0.00892	0.00297	0.00595	0.68913	0.00595	0.00595
28	0.00808	0.00577	0.00773	0.00923	0.00970	0.00542	0.00635	0.00935	0.01257	0.01672	0.03550	0.71263	0.04229	0.02005	0.00830	0.00265	0.00393	0.07242	0.00599	0.00530
29	0.01278	0.06020	0.10867	0.01184	0.04094	0.03140	0.00998	0.05391	0.01538	0.06203	0.11827	0.22478	0.11652	0.01211	0.00685	0.00204	0.00534	0.01039	0.00524	0.09135
30	0.01728	0.01806	0.12633	0.02264	0.04759	0.01451	0.43723	0.02230	0.01549	0.14691	0.01495	0.01747	0.01068	0.00596	0.00704	0.00206	0.00934	0.00679	0.00406	0.05333
31	0.02000	0.11852	0.14164	0.01491	0.02047	0.05330	0.03838	0.31418	0.09550	0.06542	0.01608	0.04495	0.01241	0.00766	0.00620	0.00194	0.00742	0.00600	0.00516	0.00984
32	0.01122	0.00561	0.00842	0.00842	0.00842	0.00561	0.00561	0.00842	0.00842	0.01122	0.01122	0.01964	0.01122	0.02245	0.02525	0.81201	0.00561	0.00561	0.00281	0.00281
33	0.01296	0.03342	0.73944	0.01842	0.02797	0.01501	0.02387	0.02046	0.01364	0.02046	0.01160	0.01364	0.00818	0.00614	0.00614	0.00205	0.00955	0.00477	0.00273	0.00955
34	0.01545	0.01282	0.01671	0.01572	0.13341	0.01140	0.03094	0.10041	0.03887	0.04405	0.06051	0.01709	0.01376	0.00609	0.00563	0.00141	0.00563	0.00520	0.00445	0.46048
35	0.01033	0.00977	0.05112	0.03576	0.03909	0.00963	0.00940	0.01388	0.07412	0.01741	0.02862	0.21525	0.12626	0.05106	0.18144	0.00442	0.08421	0.02710	0.00468	0.00646
36	0.02734	0.01086	0.01452	0.01129	0.01608	0.00952	0.00927	0.03038	0.04456	0.67108	0.02771	0.02427	0.05527	0.00848	0.00656	0.00202	0.00536	0.00692	0.00783	0.01066
37	0.01540	0.01312	0.01411	0.01300	0.01640	0.01505	0.01025	0.03186	0.63748	0.02612	0.02723	0.02987	0.02179	0.00984	0.00685	0.00228	0.00521	0.08790	0.00650	0.00972
38	0.01592	0.11838	0.16396	0.11349	0.12707	0.04058	0.22312	0.02103	0.03520	0.06103	0.01294	0.01583	0.00981	0.00604	0.00642	0.00198	0.00893	0.00586	0.00341	0.00898
39	0.00798	0.00569	0.00753	0.00889	0.00930	0.00532	0.00593	0.00914	0.01251	0.01675	0.06398	0.71283	0.04281	0.04673	0.00910	0.00273	0.00381	0.01777	0.00597	0.00524
40	0.02790	0.01076	0.01465	0.01131	0.01612	0.00931	0.00931	0.03043	0.01848	0.69811	0.06407	0.02343	0.01846	0.00828	0.00656	0.00200	0.00536	0.00678	0.00795	0.01073
41	0.02414	0.03079	0.01831	0.01665	0.01998	0.74698	0.01248	0.02580	0.01831	0.01581	0.00999	0.01165	0.00832	0.00666	0.00583	0.00166	0.01165	0.00416	0.00333	0.00749
42	0.01586	0.01006	0.01189	0.01122	0.04023	0.01006	0.00825	0.13941	0.08225	0.14550	0.03253	0.20260	0.15254	0.01228	0.00690	0.00213	0.00474	0.01045	0.09309	0.00800
43	0.02397	0.00999	0.01336	0.01087	0.01493	0.00883	0.00872	0.02682	0.04072	0.55507	0.07088	0.12058	0.04520	0.01018	0.00683	0.00209	0.00504	0.00859	0.00758	0.00976
44	0.02546	0.01532	0.01743	0.01342	0.01838	0.01608	0.01107	0.46447	0.02587	0.26300	0.01894	0.01794	0.01282	0.00782	0.00639	0.00194	0.00642	0.00604	0.04039	0.01078
45	0.01776	0.07332	0.10098	0.01545	0.01965	0.21702	0.10224	0.09826	0.05241	0.03684	0.01605	0.02067	0.04001	0.12677	0.01085	0.00259	0.03095	0.00626	0.00402	0.00790
46	0.27882	0.01724	0.10864	0.03780	0.06718	0.07417	0.01203	0.14234	0.01662	0.11099	0.01353	0.01483	0.00996	0.00806	0.02970	0.00222	0.00719	0.00491	0.03508	0.00869

[dist]
# distance from previous block
# <min> <max>
2	15

[block]
# block no. 3 follows, 34 sequences, length 12
# corresponding to MSA columns:
# 127-138
name=unknown_D
#
# <colnr> <probs for GDERKNQSTAVLIFYWHMCP>
#	G	D	E	R	K	N	Q	S	T	A	V	L	I	F	Y	W	H	M	C	P
0	0.01774	0.15254	0.12279	0.01716	0.08784	0.05367	0.06335	0.09064	0.04727	0.11110	0.03229	0.04728	0.01390	0.00870	0.02007	0.00215	0.07167	0.02647	0.00440	0.00895
1	0.01715	0.04048	0.16761	0.03634	0.05422	0.02811	0.01288	0.03687	0.06505	0.20740	0.01879	0.05477	0.01515	0.07136	0.11893	0.00361	0.03103	0.00676	0.00486	0.00864
2	0.00824	0.00602	0.00760	0.00851	0.00943	0.00551	0.00599	0.00956	0.01338	0.01747	0.10417	0.47273	0.19471	0.01872	0.00890	0.04077	0.00379	0.05327	0.00595	0.00529
3	0.01460	0.01481	0.07406	0.08206	0.12763	0.03194	0.12932	0.07741	0.06111	0.03867	0.07399	0.08046	0.05090	0.00946	0.00815	0.00221	0.06472	0.04568	0.00452	0.00830
4	0.04348	0.14186	0.23123	0.04983	0.07189	0.03775	0.07911	0.08520	0.01618	0.08397	0.06805	0.01862	0.01416	0.00712	0.00615	0.00194	0.00783	0.02256	0.00410	0.00898
5	0.01106	0.00896	0.01267	0.05621	0.11213	0.00891	0.03170	0.06707	0.01505	0.02018	0.12153	0.29182	0.12109	0.07988	0.00971	0.00261	0.00513	0.01233	0.00535	0.00663
6	0.01026	0.00735	0.00868	0.00846	0.01030	0.00700	0.00638	0.04371	0.03627	0.04294	0.21702	0.13460	0.25868	0.04589	0.04945	0.00280	0.00459	0.04888	0.05057	0.00617
7	0.06685	0.07435	0.13502	0.02142	0.20386	0.05871	0.09666	0.02040	0.01516	0.10100	0.06708	0.02226	0.03662	0.00760	0.00642	0.00200	0.00757	0.04396	0.00421	0.00884
8	0.01739	0.07523	0.15827	0.05321	0.11013	0.01635	0.10650	0.14081	0.06446	0.08592	0.01609	0.03167	0.02878	0.00745	0.00743	0.00206	0.05826	0.00625	0.00438	0.00940
9	0.04942	0.01026	0.07388	0.01300	0.07519	0.00835	0.02785	0.01382	0.01320	0.06599	0.06456	0.38286	0.02983	0.06516	0.03767	0.00286	0.00565	0.01227	0.00517	0.04298
10	0.13602	0.04178	0.06741	0.02001	0.19127	0.17151	0.03156	0.04649	0.07752	0.04385	0.05426	0.04020	0.01402	0.00744	0.00645	0.00196	0.02960	0.00588	0.00416	0.00859
11	0.01139	0.00980	0.01079	0.01105	0.05911	0.04187	0.00764	0.05770	0.07383	0.02048	0.10482	0.11143	0.30424	0.04901	0.04330	0.00265	0.00526	0.01079	0.00552	0.05932

[dist]
# distance from previous block
# <min> <max>
2	7

[block]
# block no. 4 follows, 34 sequences, length 28
# corresponding to MSA columns:
# 146-173
name=unknown_E
#
# <colnr> <probs for GDERKNQSTAVLIFYWHMCP>
#	G	D	E	R	K	N	Q	S	T	A	V	L	I	F	Y	W	H	M	C	P
0	0.05526	0.01162	0.03441	0.14165	0.09539	0.01144	0.03444	0.04143	0.05790	0.06956	0.10836	0.06154	0.09464	0.00943	0.00704	0.00202	0.02826	0.03067	0.00487	0.10008
1	0.11446	0.01145	0.01343	0.01005	0.01535	0.00959	0.00815	0.02137	0.01471	0.24653	0.01558	0.01575	0.01128	0.00594	0.00523	0.00141	0.00503	0.00463	0.00516	0.46491
2	0.04345	0.01414	0.01800	0.21086	0.04377	0.06711	0.04587	0.09306	0.10380	0.04204	0.06025	0.01919	0.01425	0.00823	0.00904	0.00217	0.14386	0.00625	0.04658	0.00809
3	0.00809	0.00616	0.00734	0.00787	0.00908	0.00552	0.00553	0.00969	0.01414	0.01835	0.17080	0.35176	0.29001	0.05390	0.00910	0.00254	0.00357	0.01504	0.00610	0.00541
4	0.01139	0.00757	0.00910	0.00849	0.01068	0.00707	0.00655	0.01515	0.06991	0.09159	0.36476	0.04751	0.22535	0.01313	0.00734	0.00210	0.00364	0.04375	0.04823	0.00670
5	0.00885	0.00647	0.00832	0.00813	0.00954	0.00593	0.00599	0.01153	0.01720	0.02397	0.58320	0.14845	0.10944	0.01442	0.00771	0.00213	0.00316	0.01275	0.00687	0.00593
6	0.51309	0.01192	0.01162	0.00966	0.01404	0.01256	0.00796	0.02383	0.01390	0.30295	0.01538	0.01494	0.01048	0.00677	0.00497	0.00200	0.00519	0.00466	0.00555	0.00854
7	0.01259	0.01192	0.01893	0.51820	0.03539	0.01534	0.01648	0.01606	0.01225	0.01644	0.01212	0.01989	0.01036	0.00843	0.01045	0.00238	0.20434	0.04829	0.00305	0.00707
8	0.01727	0.77681	0.03386	0.01106	0.01658	0.02557	0.01106	0.01935	0.01313	0.01520	0.00898	0.01036	0.00829	0.00553	0.00415	0.00138	0.00691	0.00345	0.00276	0.00829
9	0.02412	0.01788	0.01914	0.01478	0.01987	0.01983	0.01217	0.67611	0.06606	0.04001	0.01607	0.01596	0.01144	0.00781	0.00647	0.00195	0.00701	0.00589	0.00647	0.01095
10	0.01220	0.01148	0.01938	0.75739	0.04450	0.01436	0.01794	0.01651	0.01292	0.01651	0.01148	0.01723	0.00861	0.00646	0.00646	0.00215	0.00861	0.00574	0.00287	0.00718
11	0.01478	0.11776	0.52528	0.01616	0.02416	0.01534	0.01961	0.04108	0.01479	0.07616	0.06441	0.01646	0.01270	0.00677	0.00605	0.00196	0.00838	0.00528	0.00357	0.00930
12	0.02456	0.01810	0.01939	0.01487	0.02004	0.02004	0.01228	0.71107	0.03038	0.04072	0.01551	0.01551	0.01099	0.00776	0.00646	0.00194	0.00711	0.00582	0.00646	0.01099
13	0.44781	0.01511	0.01412	0.01147	0.01602	0.01708	0.00946	0.34216	0.02005	0.03447	0.01204	0.01284	0.00886	0.00682	0.00515	0.00197	0.00598	0.00458	0.00515	0.00886
14	0.01418	0.01198	0.01381	0.01005	0.01566	0.00963	0.00805	0.05833	0.04615	0.02249	0.01239	0.01400	0.01011	0.00514	0.00497	0.00107	0.00494	0.00410	0.00411	0.72886
15	0.01310	0.01200	0.01888	0.39146	0.06557	0.01451	0.04951	0.04812	0.05533	0.01823	0.01329	0.01883	0.01090	0.03116	0.11138	0.00346	0.10725	0.00617	0.00339	0.00747
16	0.00787	0.00562	0.00750	0.00900	0.00937	0.00525	0.00600	0.00900	0.01237	0.01649	0.03561	0.76871	0.04274	0.02024	0.00825	0.00262	0.00375	0.01837	0.00600	0.00525
17	0.00869	0.00633	0.00836	0.00968	0.01040	0.00618	0.00693	0.01094	0.04623	0.01738	0.03440	0.60543	0.03999	0.02020	0.03090	0.00289	0.00456	0.11897	0.00594	0.00561
18	0.01835	0.05848	0.18587	0.09320	0.11374	0.10473	0.07129	0.07299	0.03708	0.12459	0.01403	0.01587	0.01033	0.00682	0.00700	0.00200	0.04481	0.00552	0.00408	0.00923
19	0.01828	0.00995	0.01070	0.00936	0.01197	0.06406	0.00735	0.02084	0.01521	0.24939	0.02158	0.05713	0.01651	0.00844	0.00642	0.00181	0.04973	0.00660	0.40693	0.00774
20	0.00813	0.00579	0.00736	0.00851	0.00892	0.00544	0.00556	0.00908	0.01198	0.01585	0.03469	0.59786	0.08034	0.15334	0.01258	0.00324	0.00417	0.01650	0.00563	0.00502
21	0.01181	0.01111	0.03871	0.03420	0.13610	0.03303	0.03095	0.01681	0.11893	0.02053	0.11212	0.21335	0.11267	0.01292	0.00739	0.00227	0.00544	0.06889	0.00538	0.00738
22	0.06129	0.15456	0.05212	0.01423	0.06026	0.05082	0.01158	0.15821	0.09330	0.23195	0.03732	0.01779	0.01377	0.00735	0.00592	0.00188	0.00654	0.00566	0.00563	0.00981
23	0.38486	0.01358	0.01312	0.01108	0.01526	0.01514	0.00898	0.17071	0.15115	0.10784	0.01631	0.03920	0.01237	0.00757	0.00542	0.00204	0.00549	0.00551	0.00551	0.00884
24	0.01885	0.01007	0.01255	0.01092	0.01431	0.00973	0.00874	0.05453	0.13314	0.31108	0.10799	0.10031	0.08937	0.01151	0.00713	0.00220	0.00493	0.07676	0.00704	0.00882
25	0.01558	0.01578	0.12030	0.07738	0.13217	0.03419	0.03757	0.11646	0.07548	0.06810	0.10069	0.11529	0.02096	0.00922	0.00675	0.00206	0.00670	0.00804	0.00497	0.03231
26	0.01718	0.01436	0.08354	0.01327	0.04822	0.05727	0.01087	0.13808	0.03756	0.13803	0.16710	0.07093	0.02505	0.01002	0.00723	0.02422	0.00598	0.04153	0.00574	0.08381
27	0.00862	0.00616	0.00761	0.00801	0.00885	0.00578	0.00544	0.00983	0.01308	0.01742	0.17623	0.28790	0.15630	0.17924	0.03849	0.04250	0.00460	0.01331	0.00554	0.00507

[dist]
# distance from previous block
# <min> <max>
1	5

[block]
# block no. 5 follows, 34 sequences, length 22
# corresponding to MSA columns:
# 180-201
name=unknown_F
#
# <colnr> <probs for GDERKNQSTAVLIFYWHMCP>
#	G	D	E	R	K	N	Q	S	T	A	V	L	I	F	Y	W	H	M	C	P
0	0.01834	0.00911	0.01169	0.00996	0.01324	0.00825	0.00782	0.02191	0.06883	0.34248	0.20206	0.10932	0.10779	0.01142	0.00704	0.00208	0.00443	0.00976	0.00716	0.02731
1	0.01450	0.08464	0.11188	0.07739	0.21939	0.03610	0.13468	0.02015	0.09157	0.02009	0.01945	0.04219	0.08440	0.00762	0.00656	0.00202	0.00774	0.00703	0.00382	0.00879
2	0.00973	0.00753	0.00805	0.00765	0.00978	0.02869	0.00578	0.01189	0.01625	0.05615	0.29055	0.05383	0.44163	0.01456	0.00752	0.00211	0.00356	0.01232	0.00640	0.00601
3	0.01212	0.00997	0.01309	0.05459	0.10255	0.01050	0.00970	0.09045	0.06952	0.02219	0.15347	0.13722	0.16672	0.01530	0.06646	0.00284	0.04028	0.01032	0.00543	0.00729
4	0.01843	0.50585	0.02870	0.01521	0.09520	0.17939	0.01209	0.02064	0.01443	0.01629	0.00997	0.01174	0.00880	0.00587	0.00477	0.00151	0.00788	0.00395	0.03103	0.00825
5	0.01088	0.00896	0.01252	0.01137	0.01271	0.01017	0.02893	0.01273	0.01099	0.01618	0.01740	0.11002	0.01774	0.12808	0.27693	0.00568	0.16812	0.00797	0.03872	0.09392
6	0.54610	0.03718	0.07105	0.01019	0.01419	0.06813	0.00890	0.01916	0.04327	0.02488	0.01030	0.01244	0.00826	0.00796	0.00675	0.09043	0.00599	0.00405	0.00379	0.00697
7	0.00927	0.00663	0.00817	0.00897	0.01020	0.00641	0.00670	0.01201	0.04886	0.01900	0.07262	0.35331	0.14865	0.01749	0.02601	0.00263	0.00434	0.13372	0.09921	0.00580
8	0.00903	0.00678	0.00848	0.00915	0.01022	0.00662	0.00643	0.01247	0.09115	0.01973	0.18634	0.49957	0.07489	0.01729	0.00790	0.00243	0.00372	0.01550	0.00630	0.00599
9	0.01725	0.01588	0.01518	0.01359	0.01726	0.09604	0.01055	0.05738	0.61974	0.02629	0.02413	0.02244	0.01817	0.00850	0.00649	0.00213	0.00590	0.00691	0.00622	0.00996
10	0.01586	0.01391	0.01518	0.01357	0.01682	0.01648	0.01065	0.03228	0.64329	0.02578	0.02435	0.02302	0.01850	0.00904	0.00817	0.00226	0.08768	0.00712	0.00617	0.00988
11	0.01340	0.01148	0.01340	0.00957	0.01531	0.00861	0.00766	0.01627	0.01340	0.02105	0.01148	0.01340	0.00957	0.00479	0.00479	0.00096	0.00479	0.00383	0.00383	0.81242
12	0.01525	0.01743	0.03813	0.02723	0.03377	0.01634	0.70915	0.02070	0.01525	0.02070	0.01307	0.01743	0.00980	0.00545	0.00763	0.00218	0.01089	0.00763	0.00327	0.00871
13	0.00787	0.00562	0.00750	0.00900	0.00937	0.00525	0.00600	0.00900	0.01237	0.01649	0.03561	0.76871	0.04274	0.02024	0.00825	0.00262	0.00375	0.01837	0.00600	0.00525
14	0.01414	0.01414	0.01979	0.01696	0.01696	0.01979	0.01414	0.01555	0.00990	0.01555	0.00848	0.01414	0.00848	0.01131	0.02120	0.00283	0.76110	0.00565	0.00283	0.00707
15	0.00934	0.00650	0.00822	0.00822	0.00863	0.00690	0.00538	0.01015	0.00974	0.01340	0.01929	0.03634	0.02091	0.51830	0.28399	0.00771	0.01015	0.00853	0.00376	0.00457
16	0.00807	0.00595	0.00762	0.00872	0.00951	0.00541	0.00594	0.00937	0.01284	0.01703	0.05879	0.64358	0.11833	0.01908	0.00804	0.00250	0.00371	0.01716	0.00596	0.03238
17	0.01645	0.01346	0.01440	0.01288	0.01652	0.01537	0.01003	0.03335	0.65935	0.06234	0.05288	0.02492	0.02110	0.00890	0.00661	0.00218	0.00505	0.00743	0.00667	0.01011
18	0.02012	0.08244	0.01762	0.01334	0.01697	0.14377	0.01083	0.29286	0.02075	0.06507	0.01616	0.03842	0.01355	0.03772	0.05754	0.00264	0.04717	0.03642	0.05797	0.00865
19	0.01335	0.01355	0.10140	0.05765	0.09182	0.03297	0.08458	0.04270	0.03078	0.06716	0.02351	0.28465	0.04284	0.01280	0.02531	0.00245	0.02875	0.01060	0.02550	0.00761
20	0.01562	0.01275	0.01829	0.01471	0.01842	0.01317	0.15778	0.17216	0.11883	0.04511	0.02341	0.13765	0.06739	0.01115	0.02347	0.02218	0.02607	0.00888	0.06054	0.03242
21	0.02147	0.02424	0.01758	0.12245	0.02259	0.49821	0.01270	0.06793	0.01791	0.05440	0.01334	0.05681	0.01152	0.00779	0.00620	0.00185	0.01003	0.02139	0.00391	0.00769

[dist]
# distance from previous block
# <min> <max>
0	15

[block]
# block no. 6 follows, 34 sequences, length 21
# corresponding to MSA columns:
# 217-237
name=unknown_G
#
# <colnr> <probs for GDERKNQSTAVLIFYWHMCP>
#	G	D	E	R	K	N	Q	S	T	A	V	L	I	F	Y	W	H	M	C	P
0	0.01316	0.04705	0.01222	0.01074	0.04966	0.00900	0.00787	0.01674	0.05869	0.12309	0.35236	0.03958	0.15794	0.01159	0.00743	0.00200	0.02535	0.00982	0.00634	0.03935
1	0.01799	0.12869	0.09620	0.07279	0.06451	0.08994	0.03422	0.14573	0.17006	0.04289	0.01551	0.01714	0.01206	0.02871	0.00736	0.00207	0.03473	0.00568	0.00452	0.00919
2	0.01326	0.05044	0.53770	0.01578	0.02346	0.01332	0.01924	0.01940	0.01461	0.06359	0.11350	0.02118	0.05145	0.00770	0.00637	0.00203	0.00802	0.00622	0.00381	0.00892
3	0.01822	0.12348	0.12170	0.01726	0.08666	0.05096	0.08487	0.13646	0.09017	0.10557	0.03623	0.04553	0.03880	0.00776	0.00633	0.00195	0.00733	0.00655	0.00482	0.00934
4	0.01712	0.21832	0.02091	0.04024	0.04499	0.08741	0.05807	0.04098	0.07187	0.11739	0.01896	0.15749	0.01762	0.03089	0.02771	0.00230	0.00709	0.00783	0.00467	0.00813
5	0.00923	0.00692	0.01038	0.01038	0.01154	0.00808	0.00808	0.01154	0.01038	0.01500	0.01731	0.02538	0.01615	0.04846	0.74732	0.01038	0.01731	0.00692	0.00346	0.00577
6	0.01200	0.04735	0.01232	0.01097	0.01252	0.12606	0.00837	0.01389	0.01164	0.01481	0.01615	0.02472	0.01551	0.13568	0.49949	0.00802	0.01445	0.00665	0.00347	0.00592
7	0.01868	0.18436	0.02249	0.11747	0.05957	0.08642	0.04518	0.15922	0.08685	0.07074	0.04656	0.01707	0.01308	0.00727	0.00659	0.00190	0.03741	0.00566	0.00454	0.00894
8	0.01336	0.04936	0.08636	0.01340	0.01523	0.08506	0.01140	0.01586	0.03682	0.01570	0.01366	0.02210	0.01340	0.18483	0.13723	0.00454	0.26530	0.00642	0.00334	0.00661
9	0.00933	0.00624	0.00707	0.00713	0.00715	0.00622	0.00401	0.00938	0.00953	0.01270	0.02103	0.07433	0.02434	0.73972	0.03180	0.00610	0.00615	0.00979	0.00401	0.00397
10	0.01257	0.01206	0.01594	0.01374	0.01642	0.09337	0.15241	0.06361	0.01575	0.01993	0.08343	0.30731	0.12145	0.01364	0.00761	0.00228	0.00631	0.03019	0.00525	0.00674
11	0.13714	0.07278	0.04063	0.01543	0.06107	0.08319	0.03669	0.30650	0.07292	0.09026	0.01483	0.01529	0.01087	0.00709	0.00592	0.00192	0.00716	0.00536	0.00528	0.00968
12	0.02491	0.01125	0.01457	0.01197	0.03067	0.01052	0.00954	0.09308	0.05337	0.51614	0.02520	0.02392	0.03850	0.00981	0.03224	0.00229	0.00588	0.02084	0.05513	0.01018
13	0.01054	0.00573	0.00808	0.00824	0.00828	0.00569	0.00535	0.00865	0.00901	0.01202	0.01545	0.10346	0.01676	0.15589	0.02480	0.58228	0.00553	0.00764	0.00334	0.00326
14	0.02107	0.15884	0.05470	0.01706	0.07405	0.28763	0.05425	0.10141	0.04342	0.08799	0.03186	0.01501	0.01137	0.00679	0.00590	0.00177	0.00880	0.00511	0.00420	0.00880
15	0.01651	0.07739	0.23854	0.02264	0.15147	0.07222	0.15436	0.09464	0.04332	0.02213	0.01255	0.01504	0.00964	0.00639	0.00690	0.00199	0.03580	0.00561	0.00352	0.00935
16	0.00795	0.00596	0.00729	0.00821	0.00912	0.00539	0.00563	0.00928	0.01324	0.01716	0.08468	0.50685	0.22777	0.04853	0.00902	0.00261	0.00368	0.01634	0.00598	0.00530
17	0.01620	0.01027	0.01360	0.01175	0.01465	0.01036	0.06004	0.02237	0.19780	0.19615	0.02628	0.10227	0.04978	0.16067	0.04911	0.00342	0.00630	0.03506	0.00590	0.00802
18	0.01850	0.05199	0.14575	0.05230	0.09275	0.05089	0.11762	0.10307	0.06948	0.14177	0.01613	0.01832	0.01200	0.00694	0.00642	0.00196	0.00784	0.02421	0.00464	0.05742
19	0.05030	0.05323	0.01009	0.00927	0.01088	0.00842	0.00677	0.03930	0.07107	0.01924	0.05512	0.47028	0.13910	0.01646	0.00748	0.00237	0.00415	0.01446	0.00580	0.00620
20	0.06125	0.07067	0.01537	0.01231	0.01412	0.04239	0.02483	0.03233	0.01189	0.04331	0.01422	0.01990	0.01279	0.04540	0.31312	0.00565	0.19294	0.00601	0.05473	0.00677

[dist]
# distance from previous block
# <min> <max>
4	11

[block]
# block no. 7 follows, 34 sequences, length 20
# corresponding to MSA columns:
# 249-268
name=unknown_H
#
# <colnr> <probs for GDERKNQSTAVLIFYWHMCP>
#	G	D	E	R	K	N	Q	S	T	A	V	L	I	F	Y	W	H	M	C	P
0	0.01511	0.14465	0.08266	0.01196	0.03285	0.07089	0.01009	0.04903	0.01369	0.06803	0.01477	0.02099	0.01338	0.16024	0.12898	0.00385	0.00864	0.00577	0.00386	0.14057
1	0.07436	0.01948	0.05856	0.07652	0.13466	0.22243	0.01359	0.07295	0.01587	0.04025	0.01159	0.01419	0.00935	0.00774	0.02605	0.00204	0.07085	0.00487	0.00368	0.12096
2	0.00795	0.00573	0.00753	0.00883	0.00936	0.00531	0.00595	0.00922	0.01287	0.01716	0.08302	0.68852	0.07543	0.01960	0.00818	0.00256	0.00368	0.01771	0.00607	0.00531
3	0.01105	0.00902	0.01101	0.04510	0.05294	0.00941	0.00799	0.01707	0.18335	0.02108	0.20050	0.03970	0.17723	0.11956	0.06381	0.00328	0.00557	0.00978	0.00563	0.00691
4	0.00817	0.00657	0.00728	0.00710	0.00905	0.00568	0.00533	0.01030	0.01598	0.02042	0.29807	0.05731	0.49553	0.01526	0.00763	0.00213	0.00319	0.01295	0.00639	0.00568
5	0.01727	0.77681	0.03386	0.01106	0.01658	0.02557	0.01106	0.01935	0.01313	0.01520	0.00898	0.01036	0.00829	0.00553	0.00415	0.00138	0.00691	0.00345	0.00276	0.00829
6	0.05864	0.01118	0.01256	0.01068	0.01430	0.01166	0.00850	0.07224	0.24446	0.24236	0.02315	0.02223	0.01658	0.00801	0.00588	0.00193	0.00481	0.00644	0.21513	0.00926
7	0.02899	0.01100	0.01499	0.01150	0.01649	0.00950	0.00950	0.03149	0.01849	0.73709	0.02549	0.02199	0.01599	0.00800	0.00650	0.00200	0.00550	0.00650	0.00800	0.01100
8	0.02414	0.03079	0.01831	0.01665	0.01998	0.74698	0.01248	0.02580	0.01831	0.01581	0.00999	0.01165	0.00832	0.00666	0.00583	0.00166	0.01165	0.00416	0.00333	0.00749
9	0.81856	0.01250	0.00950	0.00850	0.01250	0.01449	0.00700	0.01899	0.01100	0.02899	0.00900	0.01050	0.00700	0.00600	0.00400	0.00200	0.00500	0.00350	0.00400	0.00700
10	0.00813	0.00657	0.00723	0.00707	0.00903	0.00567	0.00530	0.01023	0.01590	0.02024	0.28394	0.05760	0.50977	0.01533	0.00763	0.00213	0.00320	0.01299	0.00637	0.00567
11	0.81856	0.01250	0.00950	0.00850	0.01250	0.01449	0.00700	0.01899	0.01100	0.02899	0.00900	0.01050	0.00700	0.00600	0.00400	0.00200	0.00500	0.00350	0.00400	0.00700
12	0.43241	0.01244	0.01260	0.01028	0.01479	0.01306	0.00848	0.08991	0.01579	0.30850	0.01610	0.01549	0.01092	0.00695	0.00522	0.00199	0.00540	0.00490	0.00581	0.00895
13	0.01399	0.04991	0.03727	0.04477	0.01624	0.00951	0.00871	0.01685	0.01410	0.08073	0.07235	0.08651	0.01714	0.00731	0.00556	0.00140	0.00505	0.00612	0.00451	0.50197
14	0.01573	0.01609	0.03048	0.03522	0.48300	0.01570	0.26604	0.02014	0.01490	0.02096	0.01248	0.01651	0.01008	0.00565	0.00684	0.00201	0.00883	0.00642	0.00322	0.00969
15	0.01163	0.00706	0.00895	0.00874	0.01039	0.00648	0.00648	0.01358	0.01505	0.11951	0.23452	0.18116	0.13763	0.12958	0.01153	0.00289	0.00432	0.07806	0.00628	0.00619
16	0.01546	0.01996	0.21494	0.10763	0.17652	0.01596	0.11179	0.11444	0.04144	0.02273	0.01345	0.03786	0.01072	0.00709	0.00761	0.00211	0.06120	0.00617	0.00367	0.00923
17	0.01631	0.04929	0.26473	0.05431	0.18914	0.05932	0.09712	0.06899	0.01572	0.06654	0.01397	0.05038	0.01117	0.00688	0.00643	0.00201	0.00856	0.00610	0.00369	0.00933
18	0.00877	0.00614	0.00793	0.00903	0.00951	0.00594	0.00628	0.00994	0.01205	0.01597	0.03123	0.43958	0.03648	0.22303	0.01503	0.00367	0.00485	0.14413	0.00543	0.00502
19	0.00877	0.00650	0.00768	0.00828	0.00927	0.00610	0.00563	0.03904	0.01328	0.01713	0.04019	0.42969	0.22095	0.14206	0.01205	0.00307	0.00418	0.01510	0.00568	0.00533

[dist]
# distance from previous block
# <min> <max>
6	15

[block]
# block no. 8 follows, 34 sequences, length 38
# corresponding to MSA columns:
# 285-322
name=unknown_I
#
# <colnr> <probs for GDERKNQSTAVLIFYWHMCP>
#	G	D	E	R	K	N	Q	S	T	A	V	L	I	F	Y	W	H	M	C	P
0	0.13994	0.15976	0.05911	0.01657	0.08922	0.21558	0.03277	0.10642	0.03971	0.02200	0.01142	0.01329	0.00927	0.00772	0.02676	0.00205	0.03155	0.00465	0.00376	0.00844
1	0.01743	0.04051	0.04151	0.09166	0.09958	0.03396	0.20095	0.12772	0.06798	0.09218	0.01716	0.06444	0.01404	0.00778	0.00683	0.00208	0.00790	0.03135	0.00465	0.03028
2	0.00954	0.00728	0.00850	0.00838	0.00995	0.00714	0.00607	0.01335	0.09755	0.02026	0.23302	0.13942	0.21336	0.11165	0.05772	0.00321	0.00475	0.01176	0.03108	0.00601
3	0.01610	0.04065	0.13947	0.11468	0.08629	0.01637	0.01486	0.14686	0.19872	0.02475	0.01666	0.03690	0.01306	0.00795	0.00765	0.00211	0.07346	0.00625	0.02794	0.00926
4	0.00969	0.00702	0.00822	0.00810	0.00970	0.00657	0.00582	0.01257	0.06182	0.04597	0.24220	0.16977	0.25420	0.11603	0.01098	0.00275	0.00389	0.01262	0.00615	0.00592
5	0.00946	0.00759	0.00841	0.00818	0.01024	0.00716	0.00611	0.03742	0.08702	0.02102	0.20493	0.14415	0.39440	0.01508	0.00756	0.00220	0.00361	0.01289	0.00632	0.00625
6	0.02414	0.03079	0.01831	0.01665	0.01998	0.74698	0.01248	0.02580	0.01831	0.01581	0.00999	0.01165	0.00832	0.00666	0.00583	0.00166	0.01165	0.00416	0.00333	0.00749
7	0.17941	0.31619	0.02213	0.01216	0.01666	0.20979	0.01043	0.02292	0.05144	0.08854	0.01175	0.01257	0.00938	0.00632	0.00491	0.00168	0.00754	0.00414	0.00386	0.00819
8	0.01849	0.22402	0.08895	0.05172	0.16262	0.18240	0.06010	0.06028	0.01582	0.03979	0.01127	0.01355	0.00917	0.00628	0.00616	0.00179	0.03061	0.00484	0.00337	0.00878
9	0.01385	0.00879	0.01117	0.01022	0.01175	0.00960	0.00766	0.10497	0.08587	0.04073	0.01557	0.02080	0.01342	0.02119	0.13597	0.36656	0.03230	0.00609	0.07768	0.00581
10	0.05893	0.19404	0.08244	0.01926	0.13596	0.04180	0.11152	0.10829	0.04428	0.04542	0.01412	0.06448	0.01208	0.00732	0.00651	0.00193	0.03251	0.00616	0.00400	0.00894
11	0.01754	0.06455	0.04225	0.03871	0.10269	0.22464	0.06353	0.02305	0.13646	0.04406	0.11240	0.02037	0.01809	0.00797	0.00731	0.00197	0.05525	0.00636	0.00444	0.00837
12	0.01426	0.01087	0.01332	0.01020	0.01464	0.00932	0.00809	0.01674	0.01307	0.08631	0.01369	0.01730	0.01163	0.06200	0.07431	0.00240	0.06228	0.00487	0.00412	0.55058
13	0.01714	0.10120	0.28591	0.01843	0.07032	0.05412	0.10807	0.09057	0.03679	0.09116	0.01441	0.03973	0.01108	0.00683	0.00625	0.00195	0.00838	0.00581	0.00399	0.02787
14	0.01353	0.00972	0.01145	0.01210	0.04717	0.04695	0.00848	0.07666	0.05969	0.09730	0.02961	0.45516	0.03190	0.01554	0.00762	0.00241	0.00506	0.05654	0.00601	0.00709
15	0.00787	0.00562	0.00750	0.00900	0.00937	0.00525	0.00600	0.00900	0.01237	0.01649	0.03561	0.76871	0.04274	0.02024	0.00825	0.00262	0.00375	0.01837	0.00600	0.00525
16	0.02414	0.03079	0.01831	0.01665	0.01998	0.74698	0.01248	0.02580	0.01831	0.01581	0.00999	0.01165	0.00832	0.00666	0.00583	0.00166	0.01165	0.00416	0.00333	0.00749
17	0.01501	0.01680	0.11598	0.05930	0.03655	0.09483	0.01291	0.11989	0.01577	0.02099	0.07667	0.02412	0.05057	0.07719	0.05903	0.00307	0.16481	0.02474	0.00416	0.00759
18	0.15373	0.12189	0.14440	0.01468	0.05536	0.07414	0.03572	0.13355	0.01615	0.02393	0.01385	0.04947	0.01192	0.02632	0.00672	0.00204	0.02729	0.02532	0.05522	0.00830
19	0.01204	0.00602	0.00602	0.00602	0.00753	0.00602	0.00452	0.01506	0.01355	0.02409	0.02108	0.02409	0.01656	0.00753	0.00452	0.00151	0.00301	0.00602	0.80879	0.00602
20	0.81856	0.01250	0.00950	0.00850	0.01250	0.01449	0.00700	0.01899	0.01100	0.02899	0.00900	0.01050	0.00700	0.00600	0.00400	0.00200	0.00500	0.00350	0.00400	0.00700
21	0.02899	0.01100	0.01499	0.01150	0.01649	0.00950	0.00950	0.03149	0.01849	0.73709	0.02549	0.02199	0.01599	0.00800	0.00650	0.00200	0.00550	0.00650	0.00800	0.01100
22	0.01727	0.77681	0.03386	0.01106	0.01658	0.02557	0.01106	0.01935	0.01313	0.01520	0.00898	0.01036	0.00829	0.00553	0.00415	0.00138	0.00691	0.00345	0.00276	0.00829
23	0.00934	0.00647	0.00809	0.00809	0.00846	0.00683	0.00522	0.01007	0.00971	0.01330	0.01940	0.03698	0.02119	0.54570	0.25697	0.00756	0.00973	0.00862	0.00377	0.00450
24	0.00914	0.00660	0.00864	0.00813	0.00965	0.00610	0.00610	0.01219	0.01829	0.02591	0.72921	0.04827	0.06097	0.01321	0.00762	0.00203	0.00305	0.01169	0.00711	0.00610
25	0.01599	0.01535	0.02623	0.03966	0.73262	0.01535	0.01983	0.01983	0.01471	0.02111	0.01215	0.01599	0.01023	0.00576	0.00640	0.00192	0.00768	0.00576	0.00320	0.01023
26	0.01641	0.01405	0.01480	0.01322	0.01693	0.01623	0.01031	0.06137	0.69336	0.02758	0.02587	0.02376	0.01937	0.00873	0.00657	0.00218	0.00519	0.00725	0.00657	0.01026
27	0.02266	0.02795	0.02026	0.04488	0.05658	0.60750	0.06551	0.04624	0.01809	0.01724	0.01055	0.01262	0.00862	0.00655	0.00603	0.00174	0.01115	0.00461	0.00340	0.00781
28	0.01514	0.01710	0.03629	0.02620	0.03208	0.01669	0.63950	0.02018	0.01471	0.02018	0.01261	0.01710	0.00967	0.00603	0.00899	0.00224	0.08608	0.00743	0.00322	0.00855
29	0.01379	0.01199	0.01842	0.30174	0.23924	0.01334	0.01498	0.03592	0.08746	0.02041	0.01560	0.04215	0.01289	0.03366	0.00717	0.00216	0.00698	0.00646	0.10745	0.00818
30	0.00809	0.00571	0.00743	0.00872	0.00904	0.00539	0.00570	0.00905	0.01195	0.01593	0.03343	0.66481	0.03998	0.12789	0.01177	0.00314	0.00411	0.01709	0.00570	0.00506
