[name]
unknown

[dist]
# distance from previous block
# <min> <max>
0	9

[block]
# block no. 0 follows, 34 sequences, length 51
# corresponding to MSA columns:
# 9-59
name=unknown_A
#
# <colnr> <probs for GDERKNQSTAVLIFYWHMCP>
#	G	D	E	R	K	N	Q	S	T	A	V	L	I	F	Y	W	H	M	C	P
0	0.06211	0.05266	0.01942	0.14871	0.14632	0.14593	0.01376	0.18070	0.06749	0.02409	0.01416	0.01827	0.01160	0.03529	0.00716	0.00211	0.00794	0.02923	0.00430	0.00874
1	0.10943	0.01151	0.01542	0.41407	0.02996	0.03810	0.01318	0.01806	0.06263	0.05709	0.07929	0.02403	0.08528	0.00820	0.00637	0.00211	0.00688	0.00685	0.00421	0.00731
2	0.02025	0.01396	0.04754	0.20465	0.02434	0.05108	0.01263	0.12664	0.07465	0.26159	0.01990	0.08159	0.01515	0.00850	0.00659	0.00208	0.00686	0.00706	0.00570	0.00922
3	0.05926	0.09156	0.12971	0.09743	0.09962	0.06288	0.14291	0.05036	0.01479	0.02083	0.01157	0.01439	0.00910	0.00578	0.00590	0.00176	0.00810	0.00513	0.00339	0.16553
4	0.02428	0.01120	0.01525	0.01389	0.07974	0.01024	0.01012	0.02828	0.08401	0.52132	0.02487	0.08764	0.01802	0.00886	0.00660	0.00204	0.00548	0.00748	0.00714	0.03354
5	0.01375	0.01413	0.05142	0.33033	0.23969	0.03720	0.04196	0.01769	0.01390	0.01878	0.01464	0.01851	0.04852	0.00654	0.00631	0.00192	0.00779	0.00592	0.00328	0.10774
6	0.02004	0.03725	0.02055	0.10902	0.09517	0.01269	0.12848	0.04794	0.05343	0.30005	0.05285	0.02289	0.05412	0.00779	0.00671	0.00204	0.00686	0.00706	0.00564	0.00942
7	0.01407	0.01449	0.02547	0.14187	0.11559	0.05369	0.29182	0.01823	0.01507	0.02003	0.09317	0.02650	0.01827	0.00820	0.00784	0.00221	0.03641	0.08524	0.00391	0.00792
8	0.01299	0.01158	0.01842	0.62439	0.03941	0.01371	0.01629	0.01775	0.04635	0.03833	0.01258	0.01730	0.00945	0.00644	0.00630	0.00203	0.00797	0.00564	0.00329	0.08980
9	0.01736	0.01520	0.05333	0.11095	0.05535	0.03865	0.03024	0.23928	0.09023	0.04638	0.05761	0.02192	0.01578	0.01070	0.05180	0.00254	0.03989	0.04173	0.00505	0.05600
10	0.03865	0.01575	0.01980	0.34364	0.09589	0.10347	0.03771	0.13145	0.08100	0.02214	0.01323	0.01650	0.01011	0.00698	0.00691	0.00206	0.03665	0.00570	0.00391	0.00843
11	0.01642	0.01389	0.01455	0.05259	0.01737	0.10032	0.00998	0.14701	0.01722	0.05450	0.01791	0.09092	0.01681	0.03718	0.00770	0.00198	0.02718	0.09079	0.00483	0.26082
12	0.05984	0.01356	0.02001	0.06631	0.09491	0.01650	0.06601	0.01907	0.03820	0.10687	0.01264	0.01698	0.01060	0.03786	0.01481	0.00260	0.38543	0.00601	0.00378	0.00801
13	0.03148	0.00868	0.01165	0.07523	0.01499	0.00847	0.05182	0.01529	0.06907	0.07642	0.23073	0.07405	0.25464	0.03889	0.00817	0.00228	0.00464	0.01079	0.00594	0.00676
14	0.06145	0.15668	0.07540	0.13778	0.14082	0.07430	0.03778	0.05226	0.01508	0.02012	0.07026	0.05656	0.05975	0.00797	0.00609	0.00192	0.00726	0.00663	0.00386	0.00805
15	0.01343	0.01308	0.01857	0.07671	0.01843	0.01795	0.01361	0.01509	0.01016	0.01547	0.00984	0.01630	0.00964	0.04241	0.07530	0.00347	0.61486	0.00590	0.00292	0.00686
16	0.01979	0.05235	0.11868	0.04322	0.04336	0.05786	0.03111	0.33460	0.17867	0.03044	0.01648	0.01686	0.01214	0.00744	0.00634	0.00198	0.00741	0.00585	0.00533	0.01009
17	0.00953	0.00628	0.00718	0.00723	0.00745	0.00625	0.00430	0.00999	0.01035	0.01424	0.05977	0.06023	0.02596	0.64625	0.02854	0.00557	0.00582	0.02815	0.05266	0.00425
18	0.10593	0.07285	0.07128	0.13646	0.10692	0.13687	0.01427	0.19828	0.03622	0.02495	0.01221	0.01435	0.00942	0.00678	0.00627	0.00193	0.02695	0.00507	0.00411	0.00887
19	0.03157	0.00706	0.00833	0.00827	0.00994	0.00644	0.00607	0.01119	0.01397	0.01904	0.17830	0.16566	0.20315	0.14258	0.01177	0.00289	0.00429	0.08746	0.00562	0.07642
20	0.16971	0.01593	0.01907	0.09832	0.17364	0.07304	0.03267	0.19661	0.01823	0.08923	0.01321	0.01512	0.00991	0.00689	0.00663	0.00200	0.04073	0.00534	0.00456	0.00917
21	0.02302	0.02807	0.01769	0.01593	0.01927	0.63804	0.01205	0.07589	0.01876	0.01769	0.01242	0.01408	0.03100	0.00884	0.03791	0.00208	0.01130	0.00469	0.00365	0.00762
22	0.00823	0.00577	0.00739	0.00854	0.00882	0.00549	0.00551	0.00909	0.01167	0.01556	0.03201	0.59722	0.03819	0.19793	0.01406	0.00348	0.00434	0.01625	0.00551	0.00493
23	0.00852	0.00617	0.00769	0.00822	0.00895	0.00597	0.00555	0.00973	0.01219	0.01620	0.09290	0.31923	0.13691	0.22173	0.10603	0.00443	0.00596	0.01331	0.00523	0.00506
24	0.45404	0.01370	0.01294	0.01080	0.01515	0.01528	0.00884	0.17488	0.09741	0.11893	0.01445	0.01458	0.01045	0.00695	0.00515	0.00201	0.00554	0.00482	0.00533	0.00874
25	0.01727	0.77681	0.03386	0.01106	0.01658	0.02557	0.01106	0.01935	0.01313	0.01520	0.00898	0.01036	0.00829	0.00553	0.00415	0.00138	0.00691	0.00345	0.00276	0.00829
26	0.01340	0.01148	0.01340	0.00957	0.01531	0.00861	0.00766	0.01627	0.01340	0.02105	0.01148	0.01340	0.00957	0.00479	0.00479	0.00096	0.00479	0.00383	0.00383	0.81242
27	0.00940	0.00626	0.00705	0.00705	0.00705	0.00626	0.00392	0.00940	0.00940	0.01253	0.02036	0.04228	0.02349	0.77292	0.03289	0.00626	0.00626	0.00940	0.00392	0.00392
28	0.06279	0.01080	0.01437	0.01116	0.01591	0.00951	0.00918	0.02977	0.01815	0.66289	0.06713	0.02306	0.01830	0.00822	0.00645	0.00200	0.00533	0.00668	0.00777	0.01052
29	0.00778	0.00650	0.00679	0.00694	0.00894	0.00551	0.00519	0.00945	0.01465	0.01769	0.08249	0.12001	0.63391	0.01663	0.00772	0.00224	0.00338	0.03268	0.00603	0.00547
30	0.08425	0.01711	0.01830	0.01412	0.01919	0.01878	0.01166	0.60499	0.02798	0.09556	0.01582	0.01566	0.01109	0.00764	0.00628	0.00195	0.00682	0.00570	0.00640	0.01069
31	0.01932	0.01513	0.01622	0.01359	0.01766	0.01698	0.01082	0.34863	0.33580	0.03251	0.02207	0.08541	0.01766	0.00930	0.00667	0.00211	0.00593	0.00758	0.00647	0.01015
32	0.00807	0.00656	0.00718	0.00752	0.00924	0.00581	0.00545	0.01023	0.04013	0.01786	0.08079	0.25523	0.48908	0.01704	0.00777	0.00230	0.00346	0.01464	0.00606	0.00560
33	0.02266	0.01677	0.01809	0.01425	0.01892	0.01851	0.01162	0.61695	0.05934	0.03790	0.01783	0.08470	0.01428	0.00894	0.00663	0.00201	0.00671	0.00703	0.00643	0.01043
34	0.00847	0.00651	0.00706	0.00725	0.00915	0.00556	0.00531	0.01003	0.01437	0.04379	0.05767	0.21007	0.55837	0.01688	0.00772	0.00227	0.00346	0.01437	0.00607	0.00562
35	0.16605	0.01190	0.01396	0.01117	0.01566	0.01177	0.00915	0.10618	0.05853	0.43674	0.02102	0.01953	0.01407	0.00888	0.02869	0.00224	0.00582	0.00593	0.04284	0.00986
36	0.00922	0.00718	0.00813	0.00848	0.00984	0.00699	0.00595	0.01263	0.10652	0.01759	0.04151	0.29027	0.26288	0.14963	0.01217	0.00307	0.00427	0.03220	0.00571	0.00576
37	0.00813	0.00648	0.00723	0.00743	0.00915	0.00568	0.00551	0.00993	0.01474	0.01849	0.15664	0.14669	0.47301	0.04999	0.00891	0.00244	0.00359	0.05441	0.00607	0.00549
38	0.02605	0.01571	0.01791	0.01373	0.01884	0.01649	0.01134	0.48231	0.02638	0.27514	0.01887	0.01769	0.01267	0.00784	0.00648	0.00196	0.00657	0.00605	0.00698	0.01099
39	0.01122	0.00561	0.00842	0.00842	0.00842	0.00561	0.00561	0.00842	0.00842	0.01122	0.01122	0.01964	0.01122	0.02245	0.02525	0.81201	0.00561	0.00561	0.00281	0.00281
40	0.00925	0.00662	0.00763	0.00750	0.00936	0.00583	0.00558	0.01135	0.01563	0.05125	0.25829	0.13788	0.38252	0.01509	0.00751	0.00215	0.00334	0.01294	0.04440	0.00589
41	0.00777	0.00655	0.00673	0.00668	0.00881	0.00551	0.00501	0.00953	0.01504	0.01819	0.12312	0.06097	0.67187	0.01609	0.00764	0.00217	0.00325	0.01347	0.00610	0.00551
42	0.02451	0.01226	0.01506	0.01219	0.01675	0.01213	0.00986	0.06175	0.25206	0.47148	0.02533	0.02241	0.01702	0.00824	0.00652	0.00206	0.00544	0.00674	0.00746	0.01074
43	0.00809	0.00613	0.00702	0.00760	0.00863	0.00554	0.00513	0.00919	0.01271	0.01606	0.04456	0.33237	0.31733	0.17405	0.01309	0.00320	0.00408	0.01460	0.00557	0.00506
44	0.30182	0.01067	0.01161	0.00971	0.01348	0.01078	0.00786	0.04726	0.01624	0.28203	0.19748	0.02436	0.02403	0.00860	0.00590	0.00201	0.00476	0.00673	0.00631	0.00835
45	0.77000	0.01211	0.00929	0.00835	0.01220	0.01398	0.00685	0.01876	0.01115	0.02869	0.00972	0.01131	0.00757	0.00609	0.00403	0.00197	0.00488	0.00365	0.05245	0.00694
46	0.06792	0.01484	0.01571	0.01242	0.01671	0.01623	0.01016	0.49196	0.02510	0.06261	0.01674	0.01736	0.01217	0.00761	0.00589	0.00185	0.00602	0.00575	0.18328	0.00966
47	0.00930	0.00720	0.00753	0.00719	0.00944	0.00632	0.00539	0.04129	0.01539	0.04356	0.08898	0.05690	0.60072	0.06110	0.00906	0.00240	0.00369	0.01270	0.00601	0.00583
48	0.02454	0.01258	0.01540	0.01215	0.01682	0.01220	0.00988	0.18225	0.08947	0.42528	0.02311	0.06520	0.01647	0.00857	0.00650	0.00198	0.00568	0.00698	0.00715	0.05781
49	0.02124	0.01290	0.01502	0.01226	0.01639	0.01342	0.00986	0.21093	0.19966	0.25274	0.13977	0.02515	0.02306	0.00899	0.00669	0.00204	0.00543	0.00738	0.00708	0.00999
50	0.02466	0.01286	0.06018	0.01421	0.05919	0.01056	0.04887	0.04473	0.01792	0.52813	0.06698	0.02212	0.01736	0.00784	0.00655	0.00197	0.00602	0.00664	0.00692	0.03630

[dist]
# distance from previous block
# <min> <max>
0	5

[block]
# block no. 1 follows, 34 sequences, length 63
# corresponding to MSA columns:
# 65-127
name=unknown_B
#
# <colnr> <probs for GDERKNQSTAVLIFYWHMCP>
#	G	D	E	R	K	N	Q	S	T	A	V	L	I	F	Y	W	H	M	C	P
0	0.01949	0.07585	0.02096	0.01782	0.11696	0.05474	0.06664	0.26391	0.08392	0.06646	0.01616	0.05434	0.01296	0.00749	0.00625	0.00185	0.00702	0.00627	0.00510	0.09578
1	0.01040	0.00672	0.00845	0.00834	0.00895	0.00694	0.00554	0.01124	0.01035	0.05032	0.02045	0.03827	0.02183	0.51628	0.21274	0.00695	0.00903	0.03826	0.00410	0.00484
2	0.01419	0.01146	0.01348	0.00967	0.01537	0.00866	0.00775	0.01704	0.01366	0.05748	0.01220	0.01384	0.00990	0.00495	0.00487	0.00101	0.00482	0.00396	0.00404	0.77165
3	0.01290	0.01190	0.01813	0.47887	0.07824	0.01361	0.01525	0.01784	0.06846	0.01835	0.01396	0.01809	0.02855	0.00679	0.00686	0.00197	0.04032	0.00575	0.00342	0.14072
4	0.00940	0.00626	0.00705	0.00705	0.00705	0.00626	0.00392	0.00940	0.00940	0.01253	0.02036	0.04228	0.02349	0.77292	0.03289	0.00626	0.00626	0.00940	0.00392	0.00392
5	0.02031	0.01492	0.01621	0.01352	0.01782	0.01661	0.01081	0.25433	0.41569	0.11278	0.02269	0.02107	0.01645	0.00835	0.00653	0.00209	0.00581	0.00673	0.00670	0.01056
6	0.01122	0.00561	0.00842	0.00842	0.00842	0.00561	0.00561	0.00842	0.00842	0.01122	0.01122	0.01964	0.01122	0.02245	0.02525	0.81201	0.00561	0.00561	0.00281	0.00281
7	0.01108	0.00566	0.00831	0.00831	0.00831	0.00566	0.00548	0.00849	0.00849	0.01133	0.01194	0.02141	0.01218	0.08121	0.02585	0.74892	0.00566	0.00591	0.00289	0.00289
8	0.66748	0.01284	0.01085	0.00938	0.01353	0.01457	0.00771	0.07116	0.04062	0.08521	0.01144	0.01229	0.00849	0.00639	0.00447	0.00200	0.00520	0.00405	0.00459	0.00773
9	0.00766	0.00643	0.00666	0.00684	0.00880	0.00543	0.00504	0.00924	0.01444	0.01734	0.06187	0.14697	0.64752	0.01683	0.00771	0.00223	0.00333	0.01420	0.00600	0.00543
10	0.10584	0.00928	0.01168	0.00973	0.01313	0.00858	0.00777	0.02187	0.01760	0.35573	0.32532	0.03201	0.03430	0.01002	0.00671	0.00201	0.00439	0.00840	0.00719	0.00846
11	0.00927	0.00678	0.00967	0.00967	0.01058	0.00769	0.00719	0.01108	0.01017	0.01447	0.01796	0.02898	0.01772	0.20266	0.59525	0.00951	0.01496	0.00745	0.00356	0.00537
12	0.01479	0.02065	0.17919	0.02546	0.03260	0.01607	0.57131	0.02065	0.01493	0.02065	0.01277	0.01667	0.00948	0.00559	0.00733	0.00215	0.01062	0.00705	0.00316	0.00888
13	0.00945	0.00635	0.00737	0.00759	0.00815	0.00608	0.00477	0.01004	0.01110	0.03470	0.03008	0.18023	0.12726	0.48468	0.02336	0.00480	0.00534	0.02923	0.00477	0.00463
14	0.00829	0.00599	0.00776	0.00889	0.00960	0.00561	0.00622	0.00972	0.01308	0.01732	0.08828	0.54199	0.10241	0.06368	0.00967	0.00279	0.00402	0.08340	0.00595	0.00532
15	0.00848	0.00639	0.00792	0.00853	0.00986	0.00583	0.00638	0.01046	0.01477	0.01931	0.19891	0.29327	0.24821	0.01716	0.00803	0.00242	0.00379	0.11843	0.00624	0.00561
16	0.00909	0.00714	0.00835	0.00929	0.01048	0.02794	0.00700	0.01080	0.01364	0.01725	0.04099	0.33278	0.21108	0.06510	0.00974	0.00281	0.00463	0.20064	0.00578	0.00548
17	0.00982	0.00660	0.00766	0.00779	0.00908	0.00636	0.00563	0.01249	0.04120	0.02050	0.18984	0.14498	0.13358	0.13298	0.01100	0.00274	0.00394	0.05324	0.19491	0.00568
18	0.01527	0.00967	0.01111	0.01010	0.01290	0.00976	0.00804	0.12224	0.09641	0.12313	0.05333	0.10063	0.14984	0.01197	0.00687	0.00214	0.00471	0.09899	0.14515	0.00775
19	0.00874	0.00676	0.00879	0.00920	0.01055	0.00629	0.02706	0.01089	0.02987	0.01823	0.10966	0.35147	0.22091	0.05035	0.00913	0.00263	0.00420	0.10369	0.00594	0.00563
20	0.00994	0.00712	0.00830	0.00817	0.00962	0.00675	0.00587	0.03234	0.03199	0.03765	0.18393	0.10661	0.23140	0.22187	0.01458	0.00335	0.00451	0.06464	0.00574	0.00562
21	0.05983	0.00742	0.00857	0.00840	0.01020	0.00711	0.00616	0.01349	0.06034	0.05759	0.26010	0.19890	0.20145	0.06040	0.00894	0.00246	0.00382	0.01237	0.00624	0.00621
22	0.00887	0.00627	0.00737	0.00777	0.00835	0.00601	0.00506	0.00969	0.01158	0.01513	0.05901	0.19941	0.13770	0.41571	0.02116	0.00448	0.00513	0.06169	0.00494	0.00466
23	0.00923	0.00692	0.01038	0.01038	0.01154	0.00808	0.00808	0.01154	0.01038	0.01500	0.01731	0.02538	0.01615	0.04846	0.74732	0.01038	0.01731	0.00692	0.00346	0.00577
24	0.01224	0.00749	0.00797	0.00776	0.00957	0.00763	0.00581	0.07386	0.05693	0.02378	0.02738	0.15542	0.08441	0.01061	0.00573	0.00184	0.00364	0.00889	0.48255	0.00651
25	0.00941	0.00648	0.00878	0.00895	0.00953	0.00695	0.00627	0.01034	0.01015	0.01402	0.01983	0.09001	0.02111	0.30288	0.33982	0.08379	0.01079	0.03225	0.00384	0.00479
26	0.01764	0.69906	0.05469	0.01169	0.01719	0.07804	0.01156	0.01985	0.01352	0.01541	0.00914	0.01056	0.00829	0.00563	0.00433	0.00142	0.00734	0.00355	0.00280	0.00827
27	0.00841	0.00620	0.00792	0.00881	0.00966	0.00584	0.00610	0.01060	0.04116	0.01875	0.16818	0.55094	0.09696	0.01818	0.00802	0.00246	0.00363	0.01632	0.00623	0.00562
28	0.00871	0.00659	0.00803	0.00767	0.00938	0.00591	0.00575	0.01134	0.01725	0.02345	0.53582	0.05232	0.25590	0.01413	0.00763	0.00208	0.00311	0.01225	0.00679	0.00591
29	0.04153	0.67255	0.05420	0.01147	0.01700	0.04241	0.01137	0.03841	0.01381	0.03445	0.00968	0.01093	0.00852	0.00571	0.00437	0.00146	0.00703	0.00365	0.00304	0.00841
30	0.00963	0.00751	0.01106	0.01085	0.01186	0.00899	0.00846	0.01177	0.01038	0.01504	0.01714	0.04669	0.01642	0.05976	0.64642	0.00940	0.08213	0.00720	0.00349	0.00583
31	0.00923	0.00692	0.01038	0.01038	0.01154	0.00808	0.00808	0.01154	0.01038	0.01500	0.01731	0.02538	0.01615	0.04846	0.74732	0.01038	0.01731	0.00692	0.00346	0.00577
32	0.01397	0.01329	0.02258	0.42208	0.36597	0.01482	0.01883	0.01806	0.01376	0.01866	0.01180	0.01665	0.00937	0.00613	0.00643	0.00204	0.00818	0.00575	0.00302	0.00861
33	0.13170	0.01494	0.01310	0.01191	0.01518	0.13423	0.00927	0.06417	0.29044	0.02449	0.06943	0.04612	0.10300	0.00977	0.00640	0.00209	0.00594	0.03397	0.00559	0.00824
34	0.00940	0.00626	0.00705	0.00705	0.00705	0.00626	0.00392	0.00940	0.00940	0.01253	0.02036	0.04228	0.02349	0.77292	0.03289	0.00626	0.00626	0.00940	0.00392	0.00392
35	0.00783	0.00581	0.00731	0.00851	0.00924	0.00529	0.00578	0.00905	0.01284	0.01669	0.04156	0.62791	0.17970	0.01947	0.00813	0.00254	0.00365	0.01743	0.00600	0.00529
36	0.02019	0.01349	0.01503	0.01265	0.01677	0.01461	0.01008	0.15011	0.39440	0.19487	0.02525	0.02326	0.03860	0.00860	0.00651	0.00208	0.00543	0.00701	0.03078	0.01027
37	0.27348	0.01215	0.01284	0.01055	0.01475	0.01271	0.00860	0.11996	0.07905	0.27590	0.01850	0.01790	0.01287	0.00735	0.00549	0.00195	0.00525	0.00548	0.09609	0.00911
38	0.22728	0.01290	0.01446	0.01147	0.01620	0.01311	0.00945	0.16372	0.04593	0.39214	0.01936	0.01788	0.01287	0.00747	0.00586	0.00199	0.00568	0.00563	0.00663	0.00995
39	0.01072	0.00879	0.00937	0.00914	0.01093	0.04822	0.00683	0.05306	0.04473	0.02121	0.24406	0.15215	0.21026	0.07695	0.00968	0.00256	0.00449	0.06466	0.00606	0.00615
40	0.25597	0.01282	0.01427	0.01129	0.01604	0.01301	0.00932	0.16125	0.01866	0.39609	0.01877	0.01740	0.01242	0.00737	0.00577	0.00199	0.00567	0.00550	0.00654	0.00984
41	0.01013	0.00687	0.00869	0.00808	0.00993	0.00620	0.00611	0.01292	0.01772	0.06883	0.57650	0.04891	0.16790	0.01340	0.00755	0.00205	0.00324	0.01168	0.00699	0.00630
42	0.07736	0.01144	0.01469	0.01138	0.01622	0.01044	0.00939	0.07788	0.01871	0.62270	0.02363	0.02088	0.01510	0.00784	0.00628	0.00198	0.00551	0.00625	0.03172	0.01060
43	0.00952	0.00623	0.00700	0.00704	0.00714	0.00622	0.00401	0.00974	0.00973	0.01336	0.02081	0.06065	0.02358	0.70503	0.03046	0.00587	0.00599	0.00943	0.05411	0.00408
44	0.00885	0.00657	0.00807	0.00771	0.00925	0.00598	0.00568	0.01136	0.01685	0.02309	0.53442	0.05072	0.19842	0.07336	0.00960	0.00239	0.00335	0.01192	0.00663	0.00579
45	0.00923	0.00692	0.01038	0.01038	0.01154	0.00808	0.00808	0.01154	0.01038	0.01500	0.01731	0.02538	0.01615	0.04846	0.74732	0.01038	0.01731	0.00692	0.00346	0.00577
46	0.02060	0.02053	0.01688	0.01470	0.01856	0.26622	0.01143	0.17335	0.33644	0.02607	0.01847	0.01806	0.01400	0.00784	0.00630	0.00196	0.00776	0.00592	0.00544	0.00945
47	0.01769	0.01468	0.01552	0.01348	0.01742	0.01683	0.01062	0.16312	0.58953	0.02963	0.02425	0.02247	0.01806	0.00857	0.00655	0.00214	0.00549	0.00702	0.00655	0.01037
48	0.02452	0.02924	0.01805	0.01624	0.01970	0.68924	0.01225	0.02625	0.01832	0.07229	0.01120	0.01246	0.00892	0.00676	0.00588	0.00169	0.01117	0.00434	0.00369	0.00777
49	0.02456	0.01810	0.01939	0.01487	0.02004	0.02004	0.01228	0.71107	0.03038	0.04072	0.01551	0.01551	0.01099	0.00776	0.00646	0.00194	0.00711	0.00582	0.00646	0.01099
50	0.02175	0.01045	0.01291	0.01082	0.01460	0.01011	0.00861	0.02780	0.17633	0.40806	0.02577	0.08127	0.01902	0.00906	0.00634	0.00201	0.00488	0.00754	0.13307	0.00959
51	0.09065	0.01770	0.01571	0.01367	0.01759	0.15857	0.01072	0.14817	0.38391	0.04568	0.01971	0.01894	0.01477	0.00792	0.00618	0.00202	0.00673	0.00608	0.00573	0.00956
52	0.01883	0.10744	0.02119	0.05344	0.02103	0.29157	0.10348	0.09921	0.07270	0.02019	0.01728	0.01891	0.07068	0.00963	0.04457	0.00229	0.00942	0.00599	0.00407	0.00807
53	0.00795	0.00580	0.00748	0.00865	0.00932	0.00534	0.00588	0.00928	0.01310	0.01734	0.09326	0.63317	0.12114	0.01926	0.00813	0.00253	0.00364	0.01732	0.00609	0.00534
54	0.00859	0.00651	0.00791	0.00772	0.00935	0.00584	0.00573	0.01106	0.01675	0.02261	0.47347	0.10890	0.26257	0.01472	0.00767	0.00212	0.00317	0.01280	0.00669	0.00584
55	0.00923	0.00692	0.01038	0.01038	0.01154	0.00808	0.00808	0.01154	0.01038	0.01500	0.01731	0.02538	0.01615	0.04846	0.74732	0.01038	0.01731	0.00692	0.00346	0.00577
56	0.12992	0.05492	0.01941	0.07652	0.02125	0.10872	0.09612	0.18217	0.03919	0.13114	0.01544	0.03950	0.01181	0.00891	0.03496	0.00230	0.00797	0.00596	0.00495	0.00886
57	0.04069	0.44420	0.12303	0.01314	0.01881	0.04202	0.03681	0.08647	0.07862	0.02032	0.03333	0.01395	0.01116	0.00639	0.00512	0.00167	0.00722	0.00461	0.00365	0.00878
58	0.60640	0.05286	0.04521	0.01363	0.11485	0.01536	0.00990	0.03961	0.01231	0.02715	0.00975	0.01155	0.00769	0.00600	0.00451	0.00196	0.00573	0.00394	0.00384	0.00775
59	0.02129	0.01629	0.01741	0.01336	0.01853	0.03610	0.01090	0.45369	0.06840	0.05393	0.01529	0.01559	0.01124	0.00704	0.00603	0.00170	0.00647	0.00538	0.00576	0.21562
60	0.01578	0.01517	0.02345	0.27318	0.26115	0.05390	0.10092	0.09025	0.01590	0.02126	0.01223	0.01614	0.00957	0.00615	0.00644	0.00196	0.00835	0.00578	0.00348	0.05893
61	0.01665	0.01368	0.02064	0.04704	0.34293	0.01402	0.04493	0.13950	0.03823	0.06040	0.05352	0.02527	0.01690	0.06783	0.00883	0.00239	0.00706	0.06643	0.00460	0.00916
62	0.18895	0.01103	0.01335	0.01057	0.01519	0.01027	0.00870	0.02755	0.01673	0.54762	0.02461	0.02215	0.05864	0.00811	0.00606	0.00201	0.00526	0.00633	0.00706	0.00983

[dist]
# distance from previous block
# <min> <max>
0	1

[block]
# block no. 2 follows, 34 sequences, length 57
# corresponding to MSA columns:
# 129-185
name=unknown_C
#
# <colnr> <probs for GDERKNQSTAVLIFYWHMCP>
#	G	D	E	R	K	N	Q	S	T	A	V	L	I	F	Y	W	H	M	C	P
0	0.10866	0.01115	0.01420	0.01107	0.01583	0.01016	0.00912	0.04806	0.01786	0.61795	0.02337	0.02073	0.01496	0.00777	0.00616	0.00198	0.00539	0.00615	0.03903	0.01039
1	0.05682	0.01621	0.01797	0.01382	0.01891	0.01734	0.01142	0.52400	0.02682	0.20407	0.01760	0.01684	0.01201	0.00774	0.00637	0.00196	0.00665	0.00589	0.00673	0.01083
2	0.02776	0.01072	0.01460	0.01129	0.01607	0.00929	0.00929	0.03029	0.01848	0.69292	0.06920	0.02362	0.01879	0.00832	0.00657	0.00200	0.00535	0.00682	0.00794	0.01069
3	0.81856	0.01250	0.00950	0.00850	0.01250	0.01449	0.00700	0.01899	0.01100	0.02899	0.00900	0.01050	0.00700	0.00600	0.00400	0.00200	0.00500	0.00350	0.00400	0.00700
4	0.00893	0.00631	0.00801	0.00806	0.00897	0.00595	0.00556	0.01083	0.01489	0.02068	0.40979	0.20330	0.04808	0.19563	0.01377	0.00317	0.00397	0.01259	0.00611	0.00539
5	0.00850	0.00696	0.00758	0.00760	0.00968	0.00620	0.00587	0.01118	0.04547	0.01927	0.15593	0.05965	0.53292	0.01574	0.00772	0.00224	0.00359	0.08192	0.00618	0.00580
6	0.00817	0.00590	0.00779	0.00920	0.00982	0.00553	0.00647	0.00955	0.01282	0.01690	0.03730	0.64001	0.08474	0.01971	0.00829	0.00264	0.00399	0.09984	0.00599	0.00535
7	0.00799	0.00577	0.00759	0.00899	0.00954	0.00537	0.00616	0.00924	0.01265	0.01670	0.03739	0.68915	0.08513	0.01988	0.00824	0.00261	0.00383	0.05247	0.00600	0.00530
8	0.02506	0.01729	0.01889	0.01448	0.01964	0.01884	0.01197	0.63402	0.02903	0.11968	0.01664	0.01625	0.01156	0.00778	0.00647	0.00195	0.00693	0.00589	0.00664	0.01099
9	0.00943	0.00762	0.00863	0.00882	0.01094	0.00723	0.00705	0.01341	0.09509	0.01963	0.09949	0.05971	0.41961	0.01567	0.00785	0.00238	0.00417	0.19098	0.00613	0.00617
10	0.00848	0.00662	0.00772	0.00756	0.00940	0.00586	0.00574	0.01084	0.01639	0.02149	0.37288	0.05625	0.38299	0.01497	0.00770	0.00215	0.00331	0.04736	0.00652	0.00578
11	0.02358	0.09124	0.01957	0.01619	0.01970	0.68853	0.01237	0.02528	0.01789	0.01576	0.00991	0.01155	0.00832	0.00657	0.00569	0.00164	0.01127	0.00410	0.00328	0.00756
12	0.01050	0.00645	0.00838	0.00900	0.01006	0.00595	0.00629	0.01184	0.01323	0.09631	0.06210	0.51221	0.08248	0.09346	0.01048	0.00288	0.00422	0.04228	0.00605	0.00582
13	0.00788	0.00644	0.00685	0.00696	0.00879	0.00553	0.00507	0.00950	0.01451	0.01782	0.11639	0.13409	0.56486	0.05529	0.00899	0.00242	0.00346	0.01375	0.00599	0.00541
14	0.01122	0.00561	0.00842	0.00842	0.00842	0.00561	0.00561	0.00842	0.00842	0.01122	0.01122	0.01964	0.01122	0.02245	0.02525	0.81201	0.00561	0.00561	0.00281	0.00281
15	0.00857	0.00666	0.00788	0.00822	0.00983	0.00606	0.00620	0.01098	0.03237	0.01960	0.20245	0.20569	0.33676	0.01646	0.00789	0.00234	0.00369	0.09636	0.00626	0.00573
16	0.00905	0.00618	0.00709	0.00733	0.00752	0.00605	0.00431	0.00932	0.01019	0.01345	0.02545	0.16031	0.06787	0.60763	0.02745	0.00544	0.00568	0.01109	0.00437	0.00422
17	0.00923	0.00692	0.01038	0.01038	0.01154	0.00808	0.00808	0.01154	0.01038	0.01500	0.01731	0.02538	0.01615	0.04846	0.74732	0.01038	0.01731	0.00692	0.00346	0.00577
18	0.00934	0.00650	0.00824	0.00824	0.00865	0.00691	0.00540	0.01016	0.00975	0.01341	0.01927	0.03623	0.02086	0.51358	0.28864	0.00774	0.01022	0.00851	0.00375	0.00458
19	0.81856	0.01250	0.00950	0.00850	0.01250	0.01449	0.00700	0.01899	0.01100	0.02899	0.00900	0.01050	0.00700	0.00600	0.00400	0.00200	0.00500	0.00350	0.00400	0.00700
20	0.50980	0.01303	0.01234	0.01020	0.01461	0.01421	0.00841	0.13106	0.01580	0.19543	0.01386	0.01396	0.00972	0.00674	0.00497	0.00199	0.00545	0.00456	0.00532	0.00856
21	0.01727	0.77681	0.03386	0.01106	0.01658	0.02557	0.01106	0.01935	0.01313	0.01520	0.00898	0.01036	0.00829	0.00553	0.00415	0.00138	0.00691	0.00345	0.00276	0.00829
22	0.02415	0.03027	0.01835	0.01657	0.01998	0.71721	0.01248	0.05387	0.01880	0.01683	0.01021	0.01181	0.00843	0.00670	0.00585	0.00168	0.01147	0.00423	0.00346	0.00763
23	0.07964	0.01132	0.01478	0.01141	0.01635	0.01016	0.00943	0.05270	0.01840	0.66897	0.02411	0.02104	0.01525	0.00786	0.00634	0.00200	0.00552	0.00628	0.00769	0.01074
24	0.02546	0.01666	0.01850	0.01419	0.01932	0.01791	0.01172	0.57388	0.02798	0.18131	0.01753	0.01682	0.01200	0.00781	0.00647	0.00195	0.00678	0.00595	0.00677	0.01099
25	0.01340	0.01148	0.01340	0.00957	0.01531	0.00861	0.00766	0.01627	0.01340	0.02105	0.01148	0.01340	0.00957	0.00479	0.00479	0.00096	0.00479	0.00383	0.00383	0.81242
26	0.01702	0.01302	0.01405	0.01220	0.01585	0.01435	0.00957	0.13361	0.43659	0.08377	0.05111	0.02830	0.10250	0.02919	0.00738	0.00224	0.00520	0.00794	0.00655	0.00956
27	0.02416	0.03013	0.01837	0.01655	0.01998	0.70885	0.01247	0.06175	0.01894	0.01712	0.01028	0.01185	0.00846	0.00672	0.00586	0.00168	0.01141	0.00425	0.00349	0.00767
28	0.01235	0.01164	0.01965	0.72918	0.07155	0.01439	0.01802	0.01664	0.01299	0.01669	0.01151	0.01718	0.00868	0.00643	0.00646	0.00214	0.00858	0.00574	0.00288	0.00730
29	0.01122	0.00561	0.00842	0.00842	0.00842	0.00561	0.00561	0.00842	0.00842	0.01122	0.01122	0.01964	0.01122	0.02245	0.02525	0.81201	0.00561	0.00561	0.00281	0.00281
30	0.00799	0.00651	0.00706	0.00703	0.00897	0.00559	0.00523	0.00992	0.01541	0.01931	0.21328	0.09528	0.54421	0.01585	0.00766	0.00217	0.00325	0.01344	0.00625	0.00559
31	0.01727	0.77681	0.03386	0.01106	0.01658	0.02557	0.01106	0.01935	0.01313	0.01520	0.00898	0.01036	0.00829	0.00553	0.00415	0.00138	0.00691	0.00345	0.00276	0.00829
32	0.04953	0.01792	0.01908	0.01467	0.01980	0.01986	0.01211	0.68931	0.02977	0.04035	0.01531	0.01536	0.01086	0.00770	0.00639	0.00194	0.00704	0.00574	0.00639	0.01086
33	0.00936	0.00639	0.00768	0.00768	0.00790	0.00661	0.00471	0.00980	0.00958	0.01300	0.01978	0.03906	0.02209	0.63468	0.16921	0.00705	0.00837	0.00892	0.00383	0.00427
34	0.02483	0.01766	0.01912	0.01466	0.01982	0.01939	0.01211	0.66953	0.02965	0.08329	0.01612	0.01591	0.01129	0.00777	0.00647	0.00194	0.00701	0.00586	0.00656	0.01099
35	0.00821	0.00608	0.00766	0.00867	0.00959	0.00559	0.00616	0.00972	0.01341	0.01748	0.08675	0.48536	0.18459	0.03996	0.00884	0.00263	0.00390	0.08401	0.00601	0.00538
36	0.04557	0.01455	0.02213	0.30828	0.35766	0.05588	0.01785	0.01859	0.01378	0.01901	0.01142	0.01589	0.00928	0.00644	0.00726	0.00206	0.05711	0.00557	0.00309	0.00859
37	0.81856	0.01250	0.00950	0.00850	0.01250	0.01449	0.00700	0.01899	0.01100	0.02899	0.00900	0.01050	0.00700	0.00600	0.00400	0.00200	0.00500	0.00350	0.00400	0.00700
38	0.00778	0.00658	0.00675	0.00679	0.00893	0.00555	0.00515	0.00950	0.01482	0.01773	0.07970	0.06228	0.68716	0.01635	0.00769	0.00221	0.00337	0.04015	0.00602	0.00549
39	0.01286	0.01216	0.02057	0.63265	0.16409	0.01453	0.01827	0.01709	0.01323	0.01731	0.01160	0.01701	0.00890	0.00634	0.00645	0.00211	0.00845	0.00574	0.00293	0.00771
40	0.01401	0.01172	0.01429	0.01072	0.01544	0.01027	0.00867	0.01665	0.01321	0.04885	0.03252	0.01487	0.01116	0.00615	0.00742	0.00131	0.11935	0.00444	0.00394	0.63500
41	0.02456	0.01810	0.01939	0.01487	0.02004	0.02004	0.01228	0.71107	0.03038	0.04072	0.01551	0.01551	0.01099	0.00776	0.00646	0.00194	0.00711	0.00582	0.00646	0.01099
42	0.01582	0.00964	0.01287	0.01032	0.01417	0.00811	0.03545	0.01857	0.01607	0.21017	0.21808	0.10216	0.02898	0.00958	0.00649	0.00175	0.00463	0.00835	0.00604	0.26275
43	0.00972	0.00758	0.01074	0.01041	0.01184	0.00782	0.04292	0.01330	0.07731	0.01901	0.17366	0.26355	0.03431	0.06559	0.21621	0.00481	0.00802	0.01172	0.00532	0.00613
44	0.01365	0.10971	0.59141	0.01857	0.02738	0.01625	0.09486	0.02037	0.01376	0.01994	0.01148	0.01370	0.00837	0.00600	0.00609	0.00199	0.00941	0.00494	0.00279	0.00933
45	0.02054	0.15202	0.02019	0.01388	0.01800	0.16461	0.01142	0.26243	0.10927	0.04558	0.01700	0.03735	0.04021	0.00816	0.00688	0.00190	0.05051	0.00592	0.00500	0.00912
46	0.02394	0.01495	0.01697	0.01341	0.01810	0.01583	0.01093	0.40427	0.10602	0.23376	0.02064	0.05832	0.01509	0.00860	0.00658	0.00202	0.00625	0.00685	0.00688	0.01060
47	0.00911	0.00699	0.00907	0.01065	0.05236	0.00671	0.00718	0.01113	0.03113	0.01713	0.03754	0.34218	0.17970	0.10692	0.03921	0.00325	0.00505	0.11350	0.00550	0.00568
48	0.03768	0.00881	0.01158	0.01057	0.01289	0.00868	0.00824	0.01831	0.01475	0.27031	0.05990	0.24729	0.08019	0.04269	0.00972	0.00252	0.07940	0.06264	0.00630	0.00755
49	0.01072	0.00946	0.01495	0.37521	0.09422	0.01064	0.01301	0.01369	0.01306	0.01702	0.02423	0.27305	0.08148	0.01186	0.00715	0.00229	0.00644	0.01065	0.00422	0.00667
50	0.02641	0.01340	0.01624	0.01256	0.01749	0.01321	0.01034	0.26640	0.04298	0.45248	0.02331	0.02107	0.03675	0.00820	0.00652	0.00199	0.00598	0.00651	0.00736	0.01080
51	0.03332	0.03672	0.04787	0.51105	0.03519	0.03442	0.01584	0.03535	0.01340	0.03540	0.01390	0.03349	0.02953	0.00962	0.04828	0.00260	0.04729	0.00609	0.00331	0.00734
52	0.01525	0.01304	0.01848	0.52680	0.03612	0.04457	0.01569	0.13120	0.01658	0.05187	0.05726	0.01885	0.01256	0.00717	0.00651	0.00208	0.00801	0.00609	0.00396	0.00791
53	0.01352	0.01244	0.02161	0.52440	0.03837	0.01385	0.12985	0.01778	0.01358	0.04721	0.01232	0.01703	0.00922	0.00617	0.00647	0.00202	0.00844	0.00587	0.00325	0.09661
54	0.09707	0.01478	0.01886	0.18483	0.12746	0.03523	0.03546	0.21294	0.10862	0.04634	0.01498	0.01711	0.01131	0.00870	0.03659	0.00237	0.00768	0.00583	0.00469	0.00915
55	0.08262	0.01604	0.01594	0.05208	0.01863	0.11496	0.01082	0.26545	0.07628	0.13029	0.04612	0.05861	0.01589	0.00854	0.00634	0.00197	0.00680	0.02471	0.00576	0.04214
56	0.06674	0.01282	0.01523	0.17873	0.08720	0.09620	0.01177	0.03600	0.01494	0.08189	0.08271	0.04482	0.04008	0.01273	0.08412	0.00285	0.00797	0.04287	0.00445	0.07589

[dist]
# distance from previous block
# <min> <max>
16	53

[block]
# block no. 3 follows, 34 sequences, length 23
# corresponding to MSA columns:
# 239-261
name=unknown_D
#
# <colnr> <probs for GDERKNQSTAVLIFYWHMCP>
#	G	D	E	R	K	N	Q	S	T	A	V	L	I	F	Y	W	H	M	C	P
0	0.01661	0.01612	0.05674	0.02196	0.13654	0.01615	0.20266	0.15005	0.01676	0.04002	0.01388	0.05684	0.01170	0.00787	0.00946	0.00214	0.14728	0.00678	0.00406	0.06639
1	0.05002	0.01496	0.01692	0.01381	0.01761	0.05788	0.03849	0.20340	0.10752	0.02591	0.01590	0.04274	0.01353	0.00856	0.00859	0.00198	0.12785	0.04517	0.00486	0.18430
2	0.01688	0.01972	0.09683	0.02055	0.02600	0.11240	0.33215	0.10177	0.08722	0.02259	0.01695	0.01919	0.05199	0.00713	0.00754	0.00210	0.03922	0.00692	0.00406	0.00880
3	0.02016	0.02412	0.02181	0.02064	0.10505	0.43182	0.09347	0.02247	0.01586	0.01695	0.01030	0.01332	0.00875	0.00734	0.00917	0.00199	0.16068	0.00504	0.00321	0.00787
4	0.00923	0.00692	0.01038	0.01038	0.01154	0.00808	0.00808	0.01154	0.01038	0.01500	0.01731	0.02538	0.01615	0.04846	0.74732	0.01038	0.01731	0.00692	0.00346	0.00577
5	0.00965	0.00693	0.00934	0.00962	0.01113	0.00663	0.00781	0.01267	0.01693	0.02330	0.45347	0.05803	0.05153	0.01505	0.00814	0.00241	0.00420	0.28045	0.00665	0.00604
6	0.02456	0.01810	0.01939	0.01487	0.02004	0.02004	0.01228	0.71107	0.03038	0.04072	0.01551	0.01551	0.01099	0.00776	0.00646	0.00194	0.00711	0.00582	0.00646	0.01099
7	0.02482	0.01768	0.01913	0.01467	0.01983	0.01942	0.01212	0.67139	0.02969	0.08138	0.01610	0.01589	0.01128	0.00777	0.00647	0.00194	0.00702	0.00586	0.00655	0.01099
8	0.01523	0.01385	0.01450	0.01311	0.01592	0.06647	0.01029	0.02760	0.46149	0.02441	0.12044	0.02729	0.02396	0.00989	0.00851	0.00224	0.09565	0.03429	0.00595	0.00892
9	0.07156	0.08170	0.05761	0.01142	0.01640	0.01130	0.01006	0.02752	0.01727	0.53350	0.07696	0.02183	0.01782	0.00795	0.00620	0.00195	0.00564	0.00635	0.00692	0.01005
10	0.00787	0.00562	0.00750	0.00900	0.00937	0.00525	0.00600	0.00900	0.01237	0.01649	0.03561	0.76871	0.04274	0.02024	0.00825	0.00262	0.00375	0.01837	0.00600	0.00525
11	0.02314	0.01884	0.01630	0.01393	0.01800	0.25064	0.01091	0.08525	0.23283	0.23220	0.01992	0.01877	0.01425	0.00778	0.00630	0.00194	0.00750	0.00593	0.00593	0.00963
12	0.76234	0.03919	0.03662	0.00894	0.01319	0.01489	0.00774	0.01906	0.01116	0.02821	0.00909	0.01061	0.00708	0.00599	0.00408	0.00198	0.00523	0.00354	0.00391	0.00713
13	0.00917	0.00617	0.00711	0.00734	0.00739	0.00611	0.00422	0.00934	0.00984	0.01312	0.02262	0.15019	0.02635	0.66111	0.02923	0.00572	0.00589	0.01073	0.00422	0.00411
14	0.01296	0.03342	0.73944	0.01842	0.02797	0.01501	0.02387	0.02046	0.01364	0.02046	0.01160	0.01364	0.00818	0.00614	0.00614	0.00205	0.00955	0.00477	0.00273	0.00955
15	0.02379	0.02901	0.01847	0.01650	0.01987	0.65319	0.01253	0.08775	0.01909	0.01807	0.01043	0.01210	0.00857	0.00694	0.00647	0.00173	0.03974	0.00437	0.00360	0.00779
16	0.01852	0.01313	0.01461	0.01258	0.01664	0.01424	0.00991	0.03256	0.53106	0.17113	0.02515	0.02297	0.01829	0.00835	0.00644	0.00207	0.00517	0.00691	0.00668	0.06361
17	0.08130	0.32984	0.21710	0.01528	0.02152	0.12870	0.08518	0.02072	0.01408	0.01835	0.01024	0.01215	0.00832	0.00589	0.00527	0.00173	0.00857	0.00434	0.00299	0.00844
18	0.01295	0.01116	0.01336	0.01009	0.01490	0.00918	0.00801	0.01555	0.01303	0.02021	0.01345	0.08217	0.01250	0.00670	0.00638	0.00125	0.06351	0.00529	0.00395	0.67635
19	0.01963	0.08627	0.02003	0.07615	0.06181	0.13282	0.04048	0.19527	0.03301	0.08401	0.01423	0.03835	0.01131	0.00721	0.00661	0.00180	0.03786	0.00559	0.00461	0.12296
20	0.01757	0.01335	0.01488	0.01389	0.05666	0.07938	0.01029	0.15016	0.11715	0.11981	0.03671	0.02311	0.03614	0.05033	0.20693	0.00443	0.02877	0.00677	0.00521	0.00845
21	0.01986	0.04356	0.01653	0.01271	0.01700	0.04484	0.01025	0.24903	0.15146	0.12262	0.01788	0.01906	0.01364	0.04931	0.03709	0.00240	0.03060	0.00596	0.00566	0.13056
22	0.01893	0.07744	0.03655	0.01649	0.07502	0.09107	0.09305	0.20348	0.03452	0.06926	0.03826	0.01708	0.01257	0.03092	0.00690	0.00186	0.00736	0.00566	0.00468	0.15889

[dist]
# distance from previous block
# <min> <max>
5	36

[block]
# block no. 4 follows, 34 sequences, length 12
# corresponding to MSA columns:
# 300-311
name=unknown_E
#
# <colnr> <probs for GDERKNQSTAVLIFYWHMCP>
#	G	D	E	R	K	N	Q	S	T	A	V	L	I	F	Y	W	H	M	C	P
0	0.10853	0.01791	0.01563	0.01419	0.03689	0.24764	0.03793	0.05388	0.13278	0.07382	0.04941	0.05631	0.06513	0.00985	0.02623	0.00222	0.03193	0.00680	0.00487	0.00806
1	0.09532	0.01296	0.03818	0.05757	0.01796	0.03711	0.05950	0.07022	0.10673	0.11220	0.01889	0.10774	0.01653	0.07480	0.00851	0.00230	0.00617	0.00735	0.00503	0.14493
2	0.07621	0.13512	0.06359	0.01471	0.01878	0.36540	0.04289	0.06326	0.04107	0.01941	0.04417	0.04100	0.01277	0.02719	0.00648	0.00190	0.00903	0.00537	0.00383	0.00782
3	0.02194	0.01996	0.01697	0.01451	0.01855	0.24725	0.01136	0.19469	0.26319	0.09669	0.01846	0.01789	0.01365	0.00778	0.00630	0.00195	0.00770	0.00587	0.00566	0.00962
4	0.01825	0.02110	0.08451	0.05092	0.02229	0.27143	0.13808	0.02245	0.06666	0.06207	0.01439	0.04240	0.01189	0.03162	0.00864	0.00215	0.08077	0.00615	0.03620	0.00800
5	0.11364	0.01826	0.01424	0.01280	0.01626	0.29788	0.01004	0.02374	0.06740	0.16942	0.02274	0.02645	0.08999	0.00923	0.00633	0.00201	0.00763	0.07880	0.00518	0.00798
6	0.18770	0.06162	0.10094	0.08006	0.02007	0.01476	0.05744	0.10419	0.11654	0.05439	0.10247	0.02094	0.03696	0.00784	0.00602	0.00202	0.00637	0.00634	0.00488	0.00845
7	0.09188	0.14600	0.02023	0.01479	0.01870	0.43744	0.01180	0.12540	0.01837	0.02054	0.01051	0.01200	0.00860	0.00673	0.00598	0.00173	0.03318	0.00428	0.00375	0.00808
8	0.01657	0.01413	0.01489	0.01325	0.01699	0.01631	0.01035	0.07448	0.67998	0.02784	0.02566	0.02360	0.01921	0.00871	0.00657	0.00218	0.00523	0.00722	0.00657	0.01027
9	0.00934	0.00649	0.00820	0.00820	0.00860	0.00689	0.00535	0.01014	0.00974	0.01338	0.01930	0.03645	0.02096	0.52271	0.27964	0.00769	0.01008	0.00854	0.00376	0.00456
10	0.00962	0.08665	0.01075	0.00885	0.01064	0.00816	0.00699	0.01153	0.01398	0.01791	0.12249	0.16851	0.23617	0.08249	0.04284	0.00302	0.00510	0.14303	0.00549	0.00577
11	0.01758	0.01463	0.01546	0.01345	0.01738	0.01678	0.01059	0.15453	0.59829	0.02946	0.02438	0.02258	0.01817	0.00859	0.00655	0.00215	0.00547	0.00704	0.00655	0.01036

[dist]
# distance from previous block
# <min> <max>
10	15

[block]
# block no. 5 follows, 34 sequences, length 9
# corresponding to MSA columns:
# 327-335
name=unknown_F
#
# <colnr> <probs for GDERKNQSTAVLIFYWHMCP>
#	G	D	E	R	K	N	Q	S	T	A	V	L	I	F	Y	W	H	M	C	P
0	0.00840	0.00600	0.00810	0.00960	0.01021	0.00570	0.00692	0.00991	0.01289	0.01708	0.03532	0.62410	0.04158	0.01975	0.00839	0.00270	0.00421	0.15776	0.00599	0.00539
1	0.65818	0.07331	0.10136	0.00992	0.01471	0.01540	0.00939	0.01920	0.01148	0.02689	0.00932	0.01087	0.00724	0.00598	0.00427	0.00196	0.00571	0.00365	0.00375	0.00741
2	0.00800	0.00568	0.00746	0.00883	0.00918	0.00533	0.00582	0.00903	0.01212	0.01616	0.03433	0.70739	0.04111	0.08377	0.01033	0.00293	0.00396	0.01761	0.00582	0.00514
3	0.00923	0.00692	0.01038	0.01038	0.01154	0.00808	0.00808	0.01154	0.01038	0.01500	0.01731	0.02538	0.01615	0.04846	0.74732	0.01038	0.01731	0.00692	0.00346	0.00577
4	0.02489	0.01852	0.01895	0.01473	0.01974	0.07624	0.01207	0.60202	0.02847	0.09540	0.01589	0.01574	0.01119	0.00769	0.00642	0.00192	0.00734	0.00574	0.00634	0.01071
5	0.01691	0.60503	0.15621	0.01266	0.01876	0.06429	0.01337	0.01991	0.01351	0.01615	0.00950	0.01101	0.00827	0.00570	0.00459	0.00151	0.00764	0.00373	0.00279	0.00847
6	0.01229	0.00745	0.00910	0.00890	0.01099	0.00676	0.00671	0.01471	0.04170	0.14943	0.08655	0.24514	0.26551	0.04165	0.00852	0.00246	0.00417	0.06496	0.00638	0.00662
7	0.63096	0.05119	0.06857	0.00972	0.01434	0.01453	0.00879	0.02048	0.01212	0.10419	0.01098	0.01198	0.00813	0.00620	0.00444	0.00197	0.00550	0.00392	0.00427	0.00769
8	0.01684	0.55465	0.14883	0.01274	0.01868	0.06222	0.01320	0.02102	0.06742	0.01701	0.01079	0.01203	0.00915	0.00594	0.00475	0.00157	0.00747	0.00401	0.00308	0.00860

[dist]
# distance from previous block
# <min> <max>
0	2

[block]
# block no. 6 follows, 34 sequences, length 62
# corresponding to MSA columns:
# 338-399
name=unknown_G
#
# <colnr> <probs for GDERKNQSTAVLIFYWHMCP>
#	G	D	E	R	K	N	Q	S	T	A	V	L	I	F	Y	W	H	M	C	P
0	0.10528	0.29188	0.24050	0.01338	0.01938	0.08285	0.01418	0.03971	0.03610	0.02009	0.04892	0.01561	0.03399	0.00676	0.00531	0.00178	0.00756	0.00485	0.00349	0.00839
1	0.02367	0.02280	0.01845	0.01529	0.01953	0.31934	0.01208	0.39594	0.02484	0.02976	0.04630	0.01544	0.01220	0.00756	0.00625	0.00183	0.00880	0.00541	0.00520	0.00932
2	0.00940	0.00626	0.00705	0.00705	0.00705	0.00626	0.00392	0.00940	0.00940	0.01253	0.02036	0.04228	0.02349	0.77292	0.03289	0.00626	0.00626	0.00940	0.00392	0.00392
3	0.01360	0.01125	0.01350	0.01127	0.05039	0.00933	0.00839	0.01787	0.07895	0.04191	0.05562	0.02074	0.05182	0.00669	0.00549	0.00132	0.00484	0.02308	0.00451	0.56943
4	0.00923	0.00692	0.01038	0.01038	0.01154	0.00808	0.00808	0.01154	0.01038	0.01500	0.01731	0.02538	0.01615	0.04846	0.74732	0.01038	0.01731	0.00692	0.00346	0.00577
5	0.01575	0.01373	0.01672	0.05462	0.14529	0.01540	0.01214	0.05351	0.49321	0.02587	0.06503	0.02347	0.01966	0.00835	0.00660	0.00212	0.00569	0.00716	0.00582	0.00985
6	0.02654	0.01071	0.01439	0.01121	0.01581	0.00943	0.00919	0.05068	0.01884	0.63244	0.10699	0.02484	0.02106	0.00860	0.00663	0.00200	0.00526	0.00708	0.00785	0.01043
7	0.01482	0.01611	0.08803	0.20530	0.48918	0.01512	0.03965	0.01913	0.01421	0.01996	0.01197	0.01611	0.00966	0.00595	0.00642	0.00199	0.00815	0.00572	0.00308	0.00942
8	0.02627	0.01160	0.01491	0.01184	0.01656	0.01088	0.00965	0.03209	0.16637	0.58762	0.02566	0.02244	0.01678	0.00816	0.00651	0.00204	0.00542	0.00667	0.00770	0.01083
9	0.00787	0.00562	0.00750	0.00900	0.00937	0.00525	0.00600	0.00900	0.01237	0.01649	0.03561	0.76871	0.04274	0.02024	0.00825	0.00262	0.00375	0.01837	0.00600	0.00525
10	0.00923	0.00692	0.01038	0.01038	0.01154	0.00808	0.00808	0.01154	0.01038	0.01500	0.01731	0.02538	0.01615	0.04846	0.74732	0.01038	0.01731	0.00692	0.00346	0.00577
11	0.02110	0.01545	0.01728	0.05297	0.01978	0.01657	0.01133	0.39155	0.16422	0.09142	0.01774	0.01758	0.01283	0.00752	0.00627	0.00188	0.00635	0.00590	0.00607	0.11618
12	0.00923	0.00692	0.01038	0.01038	0.01154	0.00808	0.00808	0.01154	0.01038	0.01500	0.01731	0.02538	0.01615	0.04846	0.74732	0.01038	0.01731	0.00692	0.00346	0.00577
13	0.01611	0.14152	0.21649	0.02174	0.08840	0.03849	0.26283	0.07986	0.03411	0.02154	0.01243	0.01505	0.00950	0.00598	0.00640	0.00196	0.00918	0.00580	0.00340	0.00920
14	0.02899	0.01100	0.01499	0.01150	0.01649	0.00950	0.00950	0.03149	0.01849	0.73709	0.02549	0.02199	0.01599	0.00800	0.00650	0.00200	0.00550	0.00650	0.00800	0.01100
15	0.01786	0.71368	0.03254	0.01153	0.01687	0.08661	0.01118	0.01989	0.01357	0.01525	0.00907	0.01047	0.00829	0.00562	0.00429	0.00141	0.00731	0.00351	0.00281	0.00822
16	0.04387	0.23316	0.14056	0.01406	0.01999	0.01772	0.05498	0.15250	0.04489	0.19467	0.01549	0.01560	0.01111	0.00677	0.00577	0.00184	0.00716	0.00524	0.00491	0.00971
17	0.07909	0.11787	0.03860	0.01374	0.01839	0.22593	0.01145	0.18944	0.04030	0.18214	0.01504	0.01502	0.01088	0.00707	0.00581	0.00182	0.00789	0.00504	0.00516	0.00930
18	0.01727	0.77681	0.03386	0.01106	0.01658	0.02557	0.01106	0.01935	0.01313	0.01520	0.00898	0.01036	0.00829	0.00553	0.00415	0.00138	0.00691	0.00345	0.00276	0.00829
