[name]
unknown

[dist]
# distance from previous block
# <min> <max>
0	72

[block]
# block no. 0 follows, 27 sequences, length 21
# corresponding to MSA columns:
# 97-117
name=unknown_A
#
# <colnr> <probs for GDERKNQSTAVLIFYWHMCP>
#	G	D	E	R	K	N	Q	S	T	A	V	L	I	F	Y	W	H	M	C	P
0	0.05149	0.04085	0.08032	0.01928	0.05944	0.01662	0.13402	0.13636	0.10191	0.08004	0.02040	0.02675	0.01676	0.04602	0.00908	0.00257	0.00830	0.06444	0.00561	0.07974
1	0.09412	0.19446	0.13964	0.01638	0.02336	0.01928	0.08778	0.10789	0.01870	0.12166	0.01534	0.01652	0.01138	0.00715	0.00639	0.00201	0.00828	0.00566	0.00491	0.09907
2	0.11706	0.18472	0.02862	0.01854	0.04413	0.01990	0.17613	0.10572	0.06777	0.05524	0.01636	0.04747	0.01338	0.00778	0.00674	0.00213	0.00831	0.00684	0.00488	0.06828
3	0.05594	0.08577	0.15114	0.02197	0.08357	0.01780	0.18986	0.09003	0.04526	0.07276	0.02073	0.02249	0.06733	0.00810	0.00739	0.00227	0.00909	0.00743	0.00481	0.03625
4	0.19898	0.11376	0.11320	0.01494	0.02141	0.01869	0.04101	0.18241	0.02039	0.11695	0.01546	0.01627	0.01127	0.00748	0.00627	0.00210	0.00767	0.00554	0.00544	0.08076
5	0.05345	0.01566	0.02581	0.03217	0.39079	0.01521	0.07695	0.02497	0.01813	0.17435	0.08089	0.02328	0.01851	0.00797	0.00752	0.00227	0.00797	0.00753	0.00537	0.01119
6	0.01384	0.00692	0.00692	0.00692	0.00865	0.00692	0.00519	0.01730	0.01557	0.02768	0.02422	0.02768	0.01903	0.00865	0.00519	0.00173	0.00346	0.00692	0.78031	0.00692
7	0.01539	0.01319	0.01539	0.01100	0.01759	0.00990	0.00880	0.01869	0.01539	0.02419	0.01319	0.01539	0.01100	0.00550	0.00550	0.00110	0.00550	0.00440	0.00440	0.78449
8	0.01051	0.00759	0.00992	0.00934	0.01109	0.00700	0.00700	0.01401	0.02101	0.02977	0.68888	0.05545	0.07005	0.01518	0.00876	0.00233	0.00350	0.01343	0.00817	0.00700
9	0.02221	0.53833	0.03411	0.01405	0.02018	0.06052	0.01311	0.17558	0.02007	0.02445	0.01215	0.01338	0.01026	0.00702	0.00549	0.00176	0.00826	0.00465	0.00421	0.01022
10	0.01628	0.12139	0.17027	0.01722	0.02179	0.01992	0.01669	0.01986	0.01362	0.02029	0.01128	0.01535	0.00989	0.00930	0.01415	0.00240	0.32827	0.00551	0.00344	0.16309
11	0.01880	0.09501	0.39309	0.02147	0.08339	0.04250	0.02206	0.15303	0.01956	0.02726	0.01378	0.01595	0.01028	0.00764	0.00779	0.00228	0.04530	0.00571	0.00408	0.01102
12	0.02825	0.01538	0.01827	0.01460	0.01998	0.01567	0.01187	0.18238	0.19660	0.37366	0.02689	0.02419	0.01817	0.00936	0.00748	0.00234	0.00663	0.00753	0.00836	0.01240
13	0.01531	0.01486	0.02624	0.50513	0.18430	0.01698	0.09073	0.02029	0.01556	0.02060	0.01355	0.01952	0.01043	0.00713	0.00755	0.00242	0.00995	0.00683	0.00343	0.00917
14	0.01907	0.18193	0.10562	0.02363	0.15704	0.07456	0.09777	0.08692	0.04543	0.02395	0.01611	0.07534	0.01428	0.00863	0.00774	0.00222	0.03799	0.00729	0.00430	0.01018
15	0.01171	0.00931	0.03710	0.01141	0.04179	0.00781	0.00844	0.01485	0.01905	0.06073	0.41108	0.14472	0.16193	0.01587	0.00866	0.00245	0.00432	0.01392	0.00745	0.00740
16	0.01289	0.00645	0.00967	0.00967	0.00967	0.00645	0.00645	0.00967	0.00967	0.01289	0.01289	0.02257	0.01289	0.02579	0.02901	0.78401	0.00645	0.00645	0.00322	0.00322
17	0.00920	0.00657	0.00879	0.01052	0.01102	0.00616	0.00716	0.01061	0.01437	0.01913	0.04083	0.69936	0.04876	0.02311	0.00952	0.00304	0.00444	0.05446	0.00689	0.00607
18	0.01692	0.05482	0.03389	0.14518	0.24884	0.01794	0.28753	0.02192	0.01660	0.02258	0.01546	0.05536	0.01304	0.00743	0.00792	0.00238	0.01025	0.00810	0.00379	0.01006
19	0.02029	0.02357	0.11976	0.02917	0.22139	0.13178	0.15009	0.05621	0.01806	0.05826	0.01421	0.01762	0.01115	0.00771	0.00933	0.00236	0.08787	0.00663	0.00407	0.01048
20	0.06189	0.01891	0.04441	0.01735	0.02155	0.11443	0.06702	0.07684	0.06385	0.21598	0.04251	0.02080	0.01546	0.00967	0.01122	0.00249	0.17249	0.00695	0.00591	0.01027

[dist]
# distance from previous block
# <min> <max>
3	39

[block]
# block no. 1 follows, 27 sequences, length 22
# corresponding to MSA columns:
# 167-188
name=unknown_B
#
# <colnr> <probs for GDERKNQSTAVLIFYWHMCP>
#	G	D	E	R	K	N	Q	S	T	A	V	L	I	F	Y	W	H	M	C	P
0	0.01877	0.02112	0.10209	0.04243	0.12463	0.12355	0.17902	0.02326	0.01805	0.07197	0.12217	0.02399	0.02060	0.00881	0.00913	0.00237	0.06575	0.00788	0.00473	0.00967
1	0.01496	0.01237	0.01382	0.01317	0.01533	0.09961	0.01022	0.01886	0.06192	0.06624	0.02022	0.02677	0.01769	0.04297	0.51968	0.00929	0.01709	0.00755	0.00458	0.00767
2	0.02129	0.05787	0.04620	0.02136	0.11971	0.09331	0.06294	0.10772	0.13794	0.09871	0.04271	0.04873	0.01733	0.00946	0.00911	0.00238	0.07940	0.00760	0.00565	0.01059
3	0.02101	0.01936	0.01808	0.01593	0.02029	0.11909	0.01242	0.11557	0.50452	0.03113	0.02597	0.02441	0.01953	0.00958	0.00741	0.00239	0.00725	0.00766	0.00700	0.01140
4	0.02326	0.33451	0.02869	0.01663	0.04849	0.21710	0.01360	0.10289	0.08556	0.04370	0.01425	0.01527	0.01158	0.00749	0.00609	0.00189	0.00927	0.00518	0.00450	0.01004
5	0.01276	0.00962	0.01162	0.01057	0.01297	0.00961	0.00808	0.06580	0.10459	0.03084	0.53361	0.04975	0.08259	0.01420	0.00851	0.00236	0.00416	0.01237	0.00799	0.00799
6	0.13144	0.07595	0.08497	0.01971	0.14164	0.11374	0.01428	0.02488	0.06474	0.11090	0.02115	0.07364	0.05114	0.00926	0.00684	0.00222	0.00792	0.00740	0.00516	0.03302
7	0.00904	0.00646	0.00861	0.01034	0.01077	0.00603	0.00689	0.01034	0.01421	0.01895	0.04092	0.73426	0.04910	0.02326	0.00948	0.00301	0.00431	0.02110	0.00689	0.00603
8	0.02099	0.06825	0.01938	0.01318	0.01949	0.01548	0.01089	0.22355	0.02189	0.07818	0.01557	0.01660	0.01192	0.00689	0.00619	0.00157	0.00657	0.00530	0.00560	0.43251
9	0.01967	0.07010	0.13365	0.04550	0.02546	0.01840	0.11048	0.12184	0.22218	0.07769	0.06178	0.02333	0.01859	0.00875	0.00750	0.00235	0.00819	0.00760	0.00595	0.01098
10	0.01828	0.02889	0.37560	0.01992	0.04883	0.04208	0.02106	0.16787	0.02016	0.02845	0.06423	0.01920	0.01477	0.00874	0.00917	0.00240	0.08867	0.00647	0.00453	0.01068
11	0.01402	0.01319	0.02227	0.72126	0.05113	0.01649	0.02062	0.01897	0.01484	0.01897	0.01319	0.01979	0.00990	0.00742	0.00742	0.00247	0.00990	0.00660	0.00330	0.00825
12	0.01535	0.08726	0.62750	0.02097	0.03148	0.01816	0.05224	0.02343	0.01571	0.02310	0.01318	0.01558	0.00949	0.00697	0.00696	0.00230	0.01082	0.00551	0.00316	0.01083
13	0.01067	0.00904	0.01230	0.01272	0.06804	0.00815	0.04478	0.01354	0.01827	0.02394	0.27835	0.08398	0.35647	0.01601	0.00868	0.00244	0.00460	0.01397	0.00690	0.00718
14	0.02822	0.02079	0.02228	0.01708	0.02302	0.02302	0.01411	0.66804	0.03490	0.04679	0.01782	0.01782	0.01262	0.00891	0.00743	0.00223	0.00817	0.00668	0.00743	0.01262
15	0.12406	0.01907	0.01981	0.01578	0.02122	0.02136	0.01290	0.46891	0.15146	0.04215	0.01916	0.01892	0.01390	0.00887	0.00709	0.00229	0.00743	0.00666	0.00709	0.01188
16	0.00877	0.00752	0.00752	0.00752	0.01003	0.00627	0.00564	0.01065	0.01692	0.02005	0.07520	0.07144	0.68978	0.01880	0.00877	0.00251	0.00376	0.01567	0.00689	0.00627
17	0.01539	0.01319	0.01539	0.01100	0.01759	0.00990	0.00880	0.01869	0.01539	0.02419	0.01319	0.01539	0.01100	0.00550	0.00550	0.00110	0.00550	0.00440	0.00440	0.78449
18	0.01402	0.01319	0.02227	0.72126	0.05113	0.01649	0.02062	0.01897	0.01484	0.01897	0.01319	0.01979	0.00990	0.00742	0.00742	0.00247	0.00990	0.00660	0.00330	0.00825
19	0.01911	0.01627	0.01715	0.01524	0.01955	0.01877	0.01191	0.08100	0.63678	0.03209	0.02940	0.02704	0.02200	0.01000	0.00755	0.00250	0.00603	0.00828	0.00755	0.01181
20	0.59375	0.12303	0.01612	0.01124	0.01600	0.09583	0.00942	0.02275	0.01393	0.02931	0.01046	0.01219	0.00843	0.00690	0.00485	0.00215	0.00692	0.00410	0.00430	0.00832
21	0.02461	0.04007	0.02258	0.01728	0.02270	0.02081	0.06183	0.37013	0.20067	0.08635	0.02123	0.02090	0.01540	0.00909	0.00800	0.00234	0.02970	0.00726	0.00706	0.01197

[dist]
# distance from previous block
# <min> <max>
0	1

[block]
# block no. 2 follows, 27 sequences, length 22
# corresponding to MSA columns:
# 190-211
name=unknown_C
#
# <colnr> <probs for GDERKNQSTAVLIFYWHMCP>
#	G	D	E	R	K	N	Q	S	T	A	V	L	I	F	Y	W	H	M	C	P
0	0.15638	0.27966	0.11874	0.01568	0.02162	0.09663	0.03733	0.10107	0.01759	0.02495	0.01189	0.01391	0.00970	0.00746	0.00710	0.00208	0.05958	0.00495	0.00403	0.00966
1	0.10316	0.08278	0.02742	0.09180	0.12552	0.01885	0.15480	0.11635	0.01866	0.09174	0.01547	0.01905	0.01200	0.03191	0.00930	0.00250	0.05696	0.00678	0.00478	0.01016
2	0.02614	0.03256	0.02186	0.02115	0.07334	0.60404	0.01513	0.02822	0.01998	0.01861	0.01153	0.01398	0.00974	0.00798	0.00811	0.00204	0.06797	0.00505	0.00377	0.00881
3	0.01289	0.00645	0.00967	0.00967	0.00967	0.00645	0.00645	0.00967	0.00967	0.01289	0.01289	0.02257	0.01289	0.02579	0.02901	0.78401	0.00645	0.00645	0.00322	0.00322
4	0.00981	0.00756	0.00896	0.00861	0.01066	0.00671	0.00646	0.01266	0.01937	0.02587	0.44247	0.06187	0.31889	0.01663	0.00876	0.00240	0.00361	0.01433	0.00766	0.00671
5	0.01061	0.00795	0.01193	0.01193	0.01326	0.00928	0.00928	0.01326	0.01193	0.01723	0.01988	0.02916	0.01856	0.05568	0.70968	0.01193	0.01988	0.00795	0.00398	0.00663
6	0.01539	0.01319	0.01539	0.01100	0.01759	0.00990	0.00880	0.01869	0.01539	0.02419	0.01319	0.01539	0.01100	0.00550	0.00550	0.00110	0.00550	0.00440	0.00440	0.78449
7	0.02822	0.02079	0.02228	0.01708	0.02302	0.02302	0.01411	0.66804	0.03490	0.04679	0.01782	0.01782	0.01262	0.00891	0.00743	0.00223	0.00817	0.00668	0.00743	0.01262
8	0.01552	0.03403	0.54456	0.02357	0.03371	0.01760	0.17913	0.02357	0.01611	0.02357	0.01373	0.01671	0.00985	0.00686	0.00746	0.00239	0.01134	0.00626	0.00328	0.01074
9	0.01830	0.01783	0.03125	0.04440	0.63917	0.01773	0.07551	0.02286	0.01695	0.02421	0.01405	0.01851	0.01172	0.00659	0.00747	0.00223	0.00912	0.00679	0.00368	0.01162
10	0.01752	0.02003	0.04380	0.03129	0.03880	0.01877	0.66583	0.02378	0.01752	0.02378	0.01502	0.02003	0.01126	0.00626	0.00876	0.00250	0.01252	0.00876	0.00375	0.01001
11	0.01080	0.00720	0.00810	0.00810	0.00810	0.00720	0.00450	0.01080	0.01080	0.01439	0.02339	0.04858	0.02699	0.73910	0.03779	0.00720	0.00720	0.01080	0.00450	0.00450
12	0.01068	0.00766	0.01042	0.01042	0.01123	0.00846	0.00740	0.01229	0.01148	0.01612	0.02126	0.03679	0.02187	0.32417	0.44572	0.01007	0.01490	0.00907	0.00418	0.00579
13	0.01603	0.20115	0.54792	0.01921	0.02911	0.02004	0.02403	0.02321	0.01554	0.02212	0.01263	0.01480	0.00943	0.00689	0.00652	0.00217	0.01027	0.00514	0.00314	0.01064
14	0.03331	0.01263	0.01723	0.01321	0.01895	0.01091	0.01091	0.03618	0.02125	0.69794	0.02929	0.02527	0.01838	0.00919	0.00747	0.00230	0.00632	0.00747	0.00919	0.01263
15	0.01196	0.00854	0.01196	0.01367	0.01538	0.00854	0.01196	0.01538	0.01709	0.02222	0.03931	0.08374	0.04272	0.02051	0.01025	0.00342	0.00684	0.64283	0.00684	0.00684
16	0.01232	0.01000	0.01435	0.01834	0.15374	0.00991	0.01135	0.01636	0.06639	0.02271	0.10570	0.32686	0.06514	0.01731	0.00891	0.00278	0.00567	0.11786	0.00640	0.00790
17	0.01473	0.01392	0.02355	0.61066	0.15616	0.01668	0.02097	0.01959	0.01518	0.01983	0.01332	0.01956	0.01020	0.00729	0.00741	0.00243	0.00972	0.00660	0.00336	0.00882
18	0.01837	0.01764	0.03013	0.04557	0.69279	0.01764	0.02278	0.02278	0.01690	0.02425	0.01396	0.01837	0.01176	0.00661	0.00735	0.00220	0.00882	0.00661	0.00367	0.01176
19	0.02435	0.08427	0.02615	0.02512	0.16299	0.45743	0.06939	0.02718	0.01944	0.01984	0.01219	0.01485	0.01016	0.00722	0.00685	0.00200	0.01195	0.00543	0.00374	0.00945
20	0.01240	0.00659	0.00938	0.00938	0.00958	0.00649	0.00623	0.00984	0.01035	0.01360	0.01880	0.02854	0.06946	0.07916	0.02802	0.66119	0.00628	0.00753	0.00362	0.00357
21	0.02203	0.44812	0.03255	0.01841	0.09795	0.23127	0.01436	0.02451	0.01707	0.01846	0.01109	0.01310	0.00980	0.00677	0.00564	0.00176	0.00967	0.00452	0.00343	0.00951

[dist]
# distance from previous block
# <min> <max>
0	2

[block]
# block no. 3 follows, 27 sequences, length 30
# corresponding to MSA columns:
# 214,215,233-260
name=unknown_D
#
# <colnr> <probs for GDERKNQSTAVLIFYWHMCP>
#	G	D	E	R	K	N	Q	S	T	A	V	L	I	F	Y	W	H	M	C	P
0	0.06930	0.01343	0.01516	0.01114	0.01747	0.01085	0.00891	0.02008	0.05261	0.02521	0.01396	0.01586	0.01145	0.00585	0.00555	0.00126	0.00554	0.00460	0.00459	0.68719
1	0.02305	0.08446	0.11984	0.02009	0.04571	0.27865	0.05788	0.11636	0.02011	0.04629	0.01321	0.01559	0.01047	0.00830	0.00929	0.00224	0.10864	0.00572	0.00428	0.00984
2	0.02717	0.01712	0.06646	0.01638	0.05880	0.01506	0.01334	0.21362	0.02370	0.32978	0.02172	0.02066	0.01467	0.00829	0.00714	0.00210	0.00720	0.00662	0.00727	0.12289
3	0.01529	0.19409	0.28262	0.01571	0.02222	0.04106	0.01709	0.02006	0.01591	0.02141	0.06147	0.07488	0.06854	0.01037	0.00781	0.00226	0.04113	0.04334	0.00428	0.04046
4	0.01985	0.74357	0.03890	0.01270	0.01905	0.02937	0.01270	0.02223	0.01508	0.01747	0.01032	0.01191	0.00953	0.00635	0.00476	0.00159	0.00794	0.00397	0.00318	0.00953
5	0.01196	0.00854	0.01196	0.01367	0.01538	0.00854	0.01196	0.01538	0.01709	0.02222	0.03931	0.08374	0.04272	0.02051	0.01025	0.00342	0.00684	0.64283	0.00684	0.00684
6	0.01810	0.01764	0.03096	0.07466	0.60768	0.01768	0.07805	0.02270	0.01686	0.02398	0.01402	0.01858	0.01163	0.00662	0.00747	0.00224	0.00919	0.00680	0.00366	0.01145
7	0.01863	0.01405	0.01562	0.01375	0.01764	0.01546	0.01074	0.07474	0.42673	0.09213	0.18003	0.03318	0.03246	0.01108	0.00781	0.00244	0.00552	0.00935	0.00783	0.01080
8	0.01040	0.00758	0.00977	0.00922	0.01102	0.00696	0.00692	0.01380	0.02075	0.02915	0.64983	0.05647	0.10948	0.01541	0.00876	0.00235	0.00352	0.01357	0.00809	0.00696
9	0.00985	0.00756	0.00901	0.00865	0.01069	0.00672	0.00649	0.01273	0.01946	0.02608	0.45572	0.06153	0.30550	0.01655	0.00876	0.00240	0.00360	0.01428	0.00769	0.00672
10	0.01539	0.01319	0.01539	0.01100	0.01759	0.00990	0.00880	0.01869	0.01539	0.02419	0.01319	0.01539	0.01100	0.00550	0.00550	0.00110	0.00550	0.00440	0.00440	0.78449
11	0.00891	0.00698	0.00808	0.00895	0.01040	0.00615	0.00628	0.01049	0.01554	0.01949	0.05778	0.40836	0.36411	0.02107	0.00913	0.00277	0.00404	0.01843	0.00689	0.00615
12	0.01624	0.01624	0.02274	0.01949	0.01949	0.02274	0.01624	0.01787	0.01137	0.01787	0.00975	0.01624	0.00975	0.01299	0.02436	0.00325	0.72552	0.00650	0.00325	0.00812
13	0.02773	0.03538	0.02104	0.01913	0.02295	0.70930	0.01434	0.02964	0.02104	0.01817	0.01148	0.01339	0.00956	0.00765	0.00669	0.00191	0.01339	0.00478	0.00383	0.00861
14	0.02625	0.02159	0.02207	0.01747	0.02285	0.10798	0.03857	0.49709	0.05623	0.03982	0.01753	0.01846	0.01296	0.01167	0.05207	0.00283	0.00965	0.00667	0.00662	0.01160
15	0.01023	0.00758	0.00955	0.00905	0.01092	0.00689	0.00679	0.01348	0.02037	0.02824	0.59250	0.05796	0.16737	0.01575	0.00876	0.00236	0.00354	0.01378	0.00797	0.00689
16	0.02773	0.03538	0.02104	0.01913	0.02295	0.70930	0.01434	0.02964	0.02104	0.01817	0.01148	0.01339	0.00956	0.00765	0.00669	0.00191	0.01339	0.00478	0.00383	0.00861
17	0.01489	0.03840	0.70064	0.02116	0.03213	0.01724	0.02743	0.02351	0.01567	0.02351	0.01332	0.01567	0.00940	0.00705	0.00705	0.00235	0.01097	0.00549	0.00313	0.01097
18	0.01402	0.01319	0.02227	0.72126	0.05113	0.01649	0.02062	0.01897	0.01484	0.01897	0.01319	0.01979	0.00990	0.00742	0.00742	0.00247	0.00990	0.00660	0.00330	0.00825
19	0.01051	0.00759	0.00992	0.00934	0.01109	0.00700	0.00700	0.01401	0.02101	0.02977	0.68888	0.05545	0.07005	0.01518	0.00876	0.00233	0.00350	0.01343	0.00817	0.00700
20	0.01289	0.00645	0.00967	0.00967	0.00967	0.00645	0.00645	0.00967	0.00967	0.01289	0.01289	0.02257	0.01289	0.02579	0.02901	0.78401	0.00645	0.00645	0.00322	0.00322
21	0.02593	0.05831	0.02239	0.06540	0.07098	0.59278	0.01527	0.02822	0.02014	0.01862	0.01172	0.01409	0.00973	0.00752	0.00672	0.00196	0.01265	0.00499	0.00376	0.00883
22	0.01215	0.00879	0.01224	0.01187	0.01356	0.01007	0.00927	0.06079	0.01390	0.02026	0.02011	0.02822	0.01817	0.04825	0.59828	0.01035	0.01762	0.00777	0.07122	0.00709
23	0.00877	0.00752	0.00752	0.00752	0.01003	0.00627	0.00564	0.01065	0.01692	0.02005	0.07520	0.07144	0.68978	0.01880	0.00877	0.00251	0.00376	0.01567	0.00689	0.00627
24	0.01862	0.02069	0.07389	0.16264	0.43962	0.11160	0.02156	0.02308	0.01701	0.02242	0.01344	0.01776	0.01096	0.00693	0.00725	0.00222	0.00979	0.00628	0.00359	0.01064
25	0.06416	0.01259	0.01439	0.07325	0.05578	0.04105	0.01069	0.15042	0.01927	0.02600	0.03358	0.26135	0.12828	0.04445	0.00939	0.00277	0.00641	0.03189	0.00615	0.00814
26	0.01289	0.00645	0.00967	0.00967	0.00967	0.00645	0.00645	0.00967	0.00967	0.01289	0.01289	0.02257	0.01289	0.02579	0.02901	0.78401	0.00645	0.00645	0.00322	0.00322
27	0.01489	0.03840	0.70064	0.02116	0.03213	0.01724	0.02743	0.02351	0.01567	0.02351	0.01332	0.01567	0.00940	0.00705	0.00705	0.00235	0.01097	0.00549	0.00313	0.01097
28	0.04831	0.13665	0.05319	0.02557	0.20860	0.23241	0.06269	0.04538	0.04591	0.05334	0.01405	0.01632	0.01127	0.00722	0.00676	0.00207	0.01007	0.00578	0.00418	0.01023
29	0.21005	0.15094	0.02129	0.01788	0.12322	0.15753	0.01233	0.02288	0.01628	0.05153	0.05118	0.01897	0.01457	0.05809	0.00818	0.00236	0.00816	0.00573	0.00441	0.04442

[dist]
# distance from previous block
# <min> <max>
2	10

[block]
# block no. 4 follows, 27 sequences, length 42
# corresponding to MSA columns:
# 275-316
name=unknown_E
#
# <colnr> <probs for GDERKNQSTAVLIFYWHMCP>
#	G	D	E	R	K	N	Q	S	T	A	V	L	I	F	Y	W	H	M	C	P
0	0.59326	0.01744	0.01598	0.01476	0.05730	0.09626	0.06511	0.02294	0.01426	0.03024	0.01108	0.01325	0.00870	0.00691	0.00535	0.00226	0.00737	0.00466	0.00438	0.00849
1	0.59262	0.05019	0.01436	0.01291	0.05977	0.01725	0.00968	0.07574	0.01501	0.03223	0.01300	0.05543	0.01116	0.00798	0.00531	0.00229	0.00617	0.00542	0.00484	0.00863
2	0.00894	0.00708	0.00805	0.00875	0.01037	0.00619	0.00620	0.01063	0.01593	0.01991	0.08074	0.34588	0.40406	0.02053	0.00906	0.00271	0.00398	0.01785	0.00693	0.00619
3	0.01935	0.01860	0.03211	0.03519	0.35740	0.01872	0.21261	0.10492	0.07521	0.02749	0.01613	0.01958	0.01264	0.00709	0.00780	0.00232	0.00959	0.00741	0.00449	0.01135
4	0.00904	0.00646	0.00861	0.01034	0.01077	0.00603	0.00689	0.01034	0.01421	0.01895	0.04092	0.73426	0.04910	0.02326	0.00948	0.00301	0.00431	0.02110	0.00689	0.00603
5	0.02052	0.01661	0.01768	0.01536	0.01989	0.01894	0.01210	0.14016	0.55416	0.05573	0.02820	0.02603	0.02091	0.00986	0.00753	0.00246	0.00626	0.00809	0.00759	0.01192
6	0.02731	0.02297	0.02160	0.01728	0.02270	0.14443	0.01395	0.50172	0.08680	0.04038	0.01774	0.01787	0.01293	0.00879	0.00731	0.00220	0.00890	0.00649	0.00680	0.01184
7	0.01080	0.00720	0.00810	0.00810	0.00810	0.00720	0.00450	0.01080	0.01080	0.01439	0.02339	0.04858	0.02699	0.73910	0.03779	0.00720	0.00720	0.01080	0.00450	0.00450
8	0.01821	0.01747	0.02983	0.07143	0.66824	0.01759	0.02270	0.02264	0.01682	0.02405	0.01393	0.01843	0.01169	0.00665	0.00735	0.00222	0.00886	0.00661	0.00366	0.01162
9	0.79154	0.01436	0.01091	0.00976	0.01436	0.01665	0.00804	0.02182	0.01263	0.03331	0.01034	0.01206	0.00804	0.00689	0.00459	0.00230	0.00574	0.00402	0.00459	0.00804
10	0.02112	0.60227	0.03619	0.01418	0.02032	0.08588	0.03338	0.07557	0.01728	0.02011	0.01118	0.01277	0.00984	0.00667	0.00527	0.00170	0.00856	0.00441	0.00360	0.00972
11	0.02957	0.01863	0.02094	0.01605	0.02194	0.01981	0.01326	0.50054	0.03128	0.21939	0.02086	0.01980	0.01415	0.00898	0.00744	0.00225	0.00768	0.00689	0.00789	0.01263
12	0.01820	0.01747	0.02983	0.07197	0.66772	0.01759	0.02270	0.02263	0.01682	0.02405	0.01393	0.01843	0.01169	0.00665	0.00735	0.00222	0.00886	0.00661	0.00366	0.01162
13	0.01811	0.04928	0.05617	0.07321	0.60987	0.01807	0.02244	0.02262	0.01669	0.02370	0.01375	0.01806	0.01149	0.00666	0.00723	0.00220	0.00891	0.00646	0.00362	0.01148
14	0.00908	0.00665	0.00854	0.00994	0.01069	0.00611	0.00674	0.01056	0.01488	0.01962	0.07677	0.61855	0.12998	0.02231	0.00935	0.00292	0.00420	0.02005	0.00695	0.00611
15	0.01846	0.01595	0.01679	0.01511	0.01930	0.01846	0.01175	0.03945	0.67938	0.03105	0.03022	0.02770	0.02266	0.01007	0.00755	0.00252	0.00588	0.00839	0.00755	0.01175
16	0.01539	0.01319	0.01539	0.01100	0.01759	0.00990	0.00880	0.01869	0.01539	0.02419	0.01319	0.01539	0.01100	0.00550	0.00550	0.00110	0.00550	0.00440	0.00440	0.78449
17	0.01402	0.01319	0.02227	0.72126	0.05113	0.01649	0.02062	0.01897	0.01484	0.01897	0.01319	0.01979	0.00990	0.00742	0.00742	0.00247	0.00990	0.00660	0.00330	0.00825
18	0.03331	0.01263	0.01723	0.01321	0.01895	0.01091	0.01091	0.03618	0.02125	0.69794	0.02929	0.02527	0.01838	0.00919	0.00747	0.00230	0.00632	0.00747	0.00919	0.01263
19	0.01289	0.00645	0.00967	0.00967	0.00967	0.00645	0.00645	0.00967	0.00967	0.01289	0.01289	0.02257	0.01289	0.02579	0.02901	0.78401	0.00645	0.00645	0.00322	0.00322
20	0.01040	0.00736	0.00840	0.00860	0.00933	0.00707	0.00556	0.01125	0.01308	0.01696	0.06036	0.08683	0.16383	0.47562	0.02732	0.00557	0.00621	0.06564	0.00542	0.00521
21	0.01402	0.01319	0.02227	0.72126	0.05113	0.01649	0.02062	0.01897	0.01484	0.01897	0.01319	0.01979	0.00990	0.00742	0.00742	0.00247	0.00990	0.00660	0.00330	0.00825
22	0.02541	0.01887	0.02129	0.01682	0.02162	0.02142	0.01386	0.51040	0.02957	0.06270	0.01738	0.01883	0.01296	0.01337	0.06877	0.00318	0.09851	0.00679	0.00667	0.01156
23	0.01976	0.01578	0.01926	0.11898	0.02426	0.05063	0.03731	0.12431	0.20023	0.09372	0.02104	0.02375	0.01634	0.04002	0.09748	0.00381	0.06996	0.00748	0.00584	0.01005
24	0.00908	0.00729	0.00811	0.00841	0.01035	0.00632	0.00612	0.01107	0.01691	0.02121	0.15617	0.21641	0.45797	0.01927	0.00893	0.00259	0.00384	0.01655	0.00708	0.00632
25	0.00959	0.00682	0.00908	0.01069	0.01128	0.00648	0.00749	0.01112	0.01442	0.01914	0.03952	0.59232	0.04670	0.06998	0.01146	0.00335	0.00487	0.11293	0.00673	0.00605
26	0.67820	0.01463	0.01264	0.01118	0.01511	0.01754	0.00924	0.02124	0.01245	0.03105	0.01025	0.01267	0.00829	0.00778	0.00748	0.00244	0.11097	0.00438	0.00440	0.00805
27	0.01128	0.00878	0.01341	0.01429	0.04439	0.00886	0.05172	0.01378	0.01450	0.01958	0.03141	0.26589	0.03459	0.09303	0.16568	0.00539	0.00939	0.18160	0.00567	0.00675
28	0.02572	0.10953	0.04500	0.01555	0.02119	0.05710	0.01323	0.26629	0.16342	0.17469	0.02141	0.02042	0.01528	0.00876	0.00708	0.00221	0.00764	0.00673	0.00696	0.01178
29	0.01662	0.01558	0.02598	0.11180	0.51044	0.01574	0.01997	0.02065	0.01628	0.02303	0.01721	0.10763	0.01618	0.00873	0.00754	0.00229	0.00823	0.00832	0.00407	0.04371
30	0.01539	0.01319	0.01539	0.01100	0.01759	0.00990	0.00880	0.01869	0.01539	0.02419	0.01319	0.01539	0.01100	0.00550	0.00550	0.00110	0.00550	0.00440	0.00440	0.78449
31	0.01080	0.00720	0.00810	0.00810	0.00810	0.00720	0.00450	0.01080	0.01080	0.01439	0.02339	0.04858	0.02699	0.73910	0.03779	0.00720	0.00720	0.01080	0.00450	0.00450
32	0.01985	0.74357	0.03890	0.01270	0.01905	0.02937	0.01270	0.02223	0.01508	0.01747	0.01032	0.01191	0.00953	0.00635	0.00476	0.00159	0.00794	0.00397	0.00318	0.00953
33	0.01402	0.01319	0.02227	0.72126	0.05113	0.01649	0.02062	0.01897	0.01484	0.01897	0.01319	0.01979	0.00990	0.00742	0.00742	0.00247	0.00990	0.00660	0.00330	0.00825
34	0.01624	0.01624	0.02274	0.01949	0.01949	0.02274	0.01624	0.01787	0.01137	0.01787	0.00975	0.01624	0.00975	0.01299	0.02436	0.00325	0.72552	0.00650	0.00325	0.00812
35	0.01985	0.74357	0.03890	0.01270	0.01905	0.02937	0.01270	0.02223	0.01508	0.01747	0.01032	0.01191	0.00953	0.00635	0.00476	0.00159	0.00794	0.00397	0.00318	0.00953
36	0.01289	0.00645	0.00967	0.00967	0.00967	0.00645	0.00645	0.00967	0.00967	0.01289	0.01289	0.02257	0.01289	0.02579	0.02901	0.78401	0.00645	0.00645	0.00322	0.00322
37	0.01750	0.01548	0.02243	0.07641	0.05466	0.01653	0.14633	0.05290	0.31794	0.05083	0.07984	0.02971	0.06598	0.00983	0.00795	0.00246	0.00747	0.00903	0.00631	0.01043
38	0.00964	0.00755	0.00872	0.00843	0.01056	0.00663	0.00632	0.01233	0.01896	0.02490	0.38121	0.06347	0.38076	0.01699	0.00876	0.00242	0.00363	0.01455	0.00753	0.00663
39	0.02378	0.39042	0.02999	0.01591	0.02100	0.36843	0.01352	0.02593	0.01805	0.01782	0.01090	0.01265	0.00954	0.00700	0.00573	0.00175	0.01066	0.00437	0.00350	0.00907
40	0.01545	0.01545	0.02222	0.57456	0.04481	0.07571	0.01954	0.01973	0.01493	0.01876	0.01262	0.01881	0.00985	0.00814	0.00947	0.00252	0.09939	0.00643	0.00334	0.00826
41	0.01593	0.01064	0.01132	0.01152	0.05144	0.04418	0.00819	0.06112	0.01683	0.02744	0.02135	0.02482	0.01693	0.00886	0.00715	0.00193	0.06547	0.00675	0.58036	0.00776

[dist]
# distance from previous block
# <min> <max>
0	7

[block]
# block no. 5 follows, 27 sequences, length 14
# corresponding to MSA columns:
# 324-337
name=unknown_F
#
# <colnr> <probs for GDERKNQSTAVLIFYWHMCP>
#	G	D	E	R	K	N	Q	S	T	A	V	L	I	F	Y	W	H	M	C	P
0	0.68843	0.01523	0.01245	0.01075	0.01553	0.01751	0.00886	0.10912	0.01564	0.03513	0.01135	0.01284	0.00866	0.00716	0.00498	0.00229	0.00607	0.00438	0.00498	0.00866
1	0.01679	0.01510	0.02304	0.03151	0.40496	0.01548	0.01729	0.05072	0.10390	0.02567	0.07013	0.02944	0.06502	0.01253	0.05514	0.00299	0.00835	0.03639	0.00504	0.01052
2	0.02056	0.05719	0.13207	0.02265	0.05756	0.17695	0.18907	0.07581	0.14477	0.02529	0.01679	0.01870	0.01280	0.00764	0.00746	0.00227	0.01053	0.00682	0.00464	0.01042
3	0.00956	0.00758	0.00875	0.00853	0.01066	0.00676	0.00642	0.01212	0.01812	0.02355	0.30496	0.06233	0.40581	0.02006	0.05884	0.00311	0.00481	0.01426	0.00717	0.00657
4	0.01952	0.69736	0.08227	0.01326	0.01991	0.02858	0.01367	0.02231	0.01512	0.01786	0.01052	0.01216	0.00952	0.00640	0.00491	0.00164	0.00814	0.00407	0.00317	0.00962
5	0.01061	0.00795	0.01193	0.01193	0.01326	0.00928	0.00928	0.01326	0.01193	0.01723	0.01988	0.02916	0.01856	0.05568	0.70968	0.01193	0.01988	0.00795	0.00398	0.00663
6	0.01051	0.00759	0.00992	0.00934	0.01109	0.00700	0.00700	0.01401	0.02101	0.02977	0.68888	0.05545	0.07005	0.01518	0.00876	0.00233	0.00350	0.01343	0.00817	0.00700
7	0.00877	0.00752	0.00752	0.00752	0.01003	0.00627	0.00564	0.01065	0.01692	0.02005	0.07520	0.07144	0.68978	0.01880	0.00877	0.00251	0.00376	0.01567	0.00689	0.00627
8	0.01985	0.74357	0.03890	0.01270	0.01905	0.02937	0.01270	0.02223	0.01508	0.01747	0.01032	0.01191	0.00953	0.00635	0.00476	0.00159	0.00794	0.00397	0.00318	0.00953
9	0.01080	0.00720	0.00810	0.00810	0.00810	0.00720	0.00450	0.01080	0.01080	0.01439	0.02339	0.04858	0.02699	0.73910	0.03779	0.00720	0.00720	0.01080	0.00450	0.00450
10	0.01061	0.00795	0.01193	0.01193	0.01326	0.00928	0.00928	0.01326	0.01193	0.01723	0.01988	0.02916	0.01856	0.05568	0.70968	0.01193	0.01988	0.00795	0.00398	0.00663
11	0.07602	0.01773	0.01902	0.01572	0.02032	0.06134	0.01296	0.31716	0.05436	0.14551	0.02167	0.02761	0.01737	0.01066	0.00884	0.00247	0.06089	0.09251	0.00692	0.01092
12	0.09632	0.14201	0.18167	0.01707	0.02317	0.25349	0.01618	0.05223	0.10740	0.02362	0.01439	0.01566	0.01126	0.00761	0.00642	0.00210	0.01001	0.00531	0.00428	0.00983
13	0.01826	0.31950	0.25189	0.01920	0.07041	0.02225	0.06470	0.06620	0.01693	0.02274	0.01256	0.01476	0.01006	0.00671	0.00619	0.00196	0.00918	0.00519	0.00360	0.05770

[dist]
# distance from previous block
# <min> <max>
0	11

[block]
# block no. 6 follows, 27 sequences, length 27
# corresponding to MSA columns:
# 350-376
name=unknown_G
#
# <colnr> <probs for GDERKNQSTAVLIFYWHMCP>
#	G	D	E	R	K	N	Q	S	T	A	V	L	I	F	Y	W	H	M	C	P
0	0.01705	0.01805	0.08081	0.01401	0.02081	0.06843	0.04828	0.04983	0.01688	0.02464	0.01338	0.01563	0.01082	0.00601	0.00601	0.00141	0.00716	0.00488	0.00434	0.57156
1	0.24038	0.07158	0.02176	0.04954	0.02241	0.06118	0.13138	0.09387	0.01737	0.02750	0.01631	0.10372	0.01481	0.00890	0.00666	0.00222	0.00792	0.00750	0.00480	0.09018
2	0.00925	0.00754	0.00818	0.00802	0.01032	0.00647	0.00602	0.01158	0.01805	0.02273	0.24400	0.06705	0.51932	0.01780	0.00877	0.00246	0.00369	0.01505	0.00725	0.00647
3	0.01057	0.00775	0.01106	0.01107	0.01221	0.00865	0.00828	0.01286	0.01269	0.01804	0.08273	0.06073	0.02566	0.15030	0.52117	0.01003	0.01595	0.00936	0.00455	0.00633
4	0.00918	0.00656	0.00877	0.01050	0.01099	0.00615	0.00713	0.01058	0.01435	0.01911	0.04084	0.70321	0.04880	0.02313	0.00951	0.00303	0.00443	0.05078	0.00689	0.00607
5	0.01985	0.74357	0.03890	0.01270	0.01905	0.02937	0.01270	0.02223	0.01508	0.01747	0.01032	0.01191	0.00953	0.00635	0.00476	0.00159	0.00794	0.00397	0.00318	0.00953
6	0.01051	0.00759	0.00992	0.00934	0.01109	0.00700	0.00700	0.01401	0.02101	0.02977	0.68888	0.05545	0.07005	0.01518	0.00876	0.00233	0.00350	0.01343	0.00817	0.00700
7	0.01402	0.01319	0.02227	0.72126	0.05113	0.01649	0.02062	0.01897	0.01484	0.01897	0.01319	0.01979	0.00990	0.00742	0.00742	0.00247	0.00990	0.00660	0.00330	0.00825
8	0.01539	0.01319	0.01539	0.01100	0.01759	0.00990	0.00880	0.01869	0.01539	0.02419	0.01319	0.01539	0.01100	0.00550	0.00550	0.00110	0.00550	0.00440	0.00440	0.78449
9	0.01837	0.01764	0.03013	0.04557	0.69279	0.01764	0.02278	0.02278	0.01690	0.02425	0.01396	0.01837	0.01176	0.00661	0.00735	0.00220	0.00882	0.00661	0.00367	0.01176
10	0.00913	0.00663	0.00862	0.01004	0.01073	0.00612	0.00680	0.01062	0.01492	0.01981	0.08986	0.63211	0.10259	0.02232	0.00937	0.00293	0.00421	0.02012	0.00698	0.00612
11	0.02773	0.03538	0.02104	0.01913	0.02295	0.70930	0.01434	0.02964	0.02104	0.01817	0.01148	0.01339	0.00956	0.00765	0.00669	0.00191	0.01339	0.00478	0.00383	0.00861
12	0.02656	0.01997	0.02134	0.01674	0.02239	0.02224	0.01371	0.56080	0.14486	0.04410	0.01994	0.01951	0.01434	0.00911	0.00745	0.00228	0.00778	0.00698	0.00745	0.01248
13	0.01073	0.00728	0.00913	0.00918	0.00972	0.00742	0.00599	0.01137	0.01213	0.01643	0.07162	0.08134	0.06267	0.41074	0.16560	0.07880	0.00906	0.01083	0.00479	0.00515
14	0.01523	0.03487	0.58496	0.02183	0.03151	0.01787	0.07821	0.02301	0.01543	0.02301	0.01313	0.01608	0.00959	0.00754	0.00878	0.00245	0.07684	0.00584	0.00320	0.01063
15	0.79154	0.01436	0.01091	0.00976	0.01436	0.01665	0.00804	0.02182	0.01263	0.03331	0.01034	0.01206	0.00804	0.00689	0.00459	0.00230	0.00574	0.00402	0.00459	0.00804
16	0.01090	0.00719	0.00824	0.00821	0.00936	0.00680	0.00555	0.01222	0.01467	0.02039	0.14431	0.07478	0.18403	0.24528	0.01926	0.07576	0.00502	0.01170	0.13068	0.00564
17	0.01790	0.01530	0.02562	0.32857	0.35922	0.01653	0.02077	0.02240	0.01643	0.08400	0.01505	0.01961	0.01158	0.00719	0.00739	0.00233	0.00904	0.00669	0.00402	0.01035
18	0.01036	0.00792	0.01138	0.07047	0.05314	0.00787	0.00958	0.01241	0.01480	0.01969	0.03693	0.54933	0.04296	0.02067	0.00929	0.00298	0.00535	0.10182	0.00641	0.00664
19	0.01402	0.01319	0.02227	0.72126	0.05113	0.01649	0.02062	0.01897	0.01484	0.01897	0.01319	0.01979	0.00990	0.00742	0.00742	0.00247	0.00990	0.00660	0.00330	0.00825
20	0.05825	0.00780	0.00918	0.00927	0.01088	0.00734	0.00659	0.01317	0.01653	0.04585	0.24363	0.24271	0.17010	0.11034	0.01239	0.00318	0.00448	0.01487	0.00692	0.00653
21	0.01348	0.00882	0.01282	0.05766	0.08436	0.00866	0.01001	0.01511	0.01479	0.08161	0.03069	0.36088	0.03336	0.04437	0.01230	0.09896	0.00587	0.07101	0.02819	0.00706
22	0.01720	0.01648	0.02781	0.20798	0.49917	0.01765	0.02189	0.02158	0.01609	0.02261	0.01354	0.01860	0.01119	0.00717	0.00833	0.00233	0.04952	0.00660	0.00356	0.01070
23	0.02186	0.01365	0.01611	0.01355	0.01735	0.01436	0.01068	0.23260	0.08494	0.16975	0.04407	0.06312	0.02170	0.10167	0.08612	0.03051	0.00826	0.03285	0.00693	0.00993
24	0.00945	0.00675	0.00884	0.01036	0.01095	0.00636	0.00712	0.01085	0.01430	0.01892	0.04057	0.59517	0.06952	0.08094	0.01182	0.00337	0.00475	0.07728	0.00669	0.00599
25	0.75212	0.01427	0.01124	0.00994	0.01460	0.01636	0.00819	0.02257	0.01308	0.06786	0.01132	0.01275	0.00858	0.00701	0.00474	0.00230	0.00577	0.00420	0.00483	0.00828
26	0.01035	0.00699	0.00892	0.00950	0.00983	0.00703	0.00612	0.01089	0.01201	0.01620	0.02797	0.27454	0.03215	0.34764	0.12026	0.06780	0.00792	0.01353	0.00513	0.00521

[dist]
# distance from previous block
# <min> <max>
0	4

# created by:
# /home/berkeley/.conda/envs/busco_data_prod/bin/msa2prfl.pl pipeline/OGs_align_augustus/4893/36693.fs
