[name]
unknown

[dist]
# distance from previous block
# <min> <max>
5	282

[block]
# block no. 0 follows, 33 sequences, length 16
# corresponding to MSA columns:
# 295-310
name=unknown_A
#
# <colnr> <probs for GDERKNQSTAVLIFYWHMCP>
#	G	D	E	R	K	N	Q	S	T	A	V	L	I	F	Y	W	H	M	C	P
0	0.01381	0.01278	0.02061	0.50151	0.18074	0.01499	0.01760	0.05595	0.01449	0.01917	0.01437	0.01908	0.04086	0.00716	0.00726	0.00216	0.03982	0.00621	0.00334	0.00809
1	0.05951	0.01658	0.07660	0.06128	0.13020	0.05498	0.01316	0.14063	0.06482	0.10951	0.01502	0.01621	0.01120	0.00660	0.00599	0.00177	0.00689	0.00532	0.00479	0.19895
2	0.00946	0.00685	0.00956	0.00956	0.01038	0.00767	0.00695	0.01110	0.01028	0.01453	0.01857	0.03104	0.01871	0.26573	0.52927	0.00932	0.01425	0.00781	0.00367	0.00531
3	0.01041	0.00836	0.02703	0.01220	0.06098	0.00748	0.04455	0.01260	0.01428	0.04748	0.13134	0.31266	0.13720	0.06829	0.03198	0.00293	0.00524	0.05297	0.00571	0.00633
4	0.12531	0.01288	0.03738	0.04843	0.09068	0.01090	0.01024	0.01943	0.01410	0.11210	0.01323	0.01482	0.01020	0.00568	0.00528	0.00145	0.00564	0.00452	0.00431	0.45341
5	0.01688	0.01098	0.01386	0.04264	0.01575	0.01176	0.00967	0.14582	0.01778	0.17008	0.09948	0.03086	0.14864	0.01722	0.12803	0.00355	0.09471	0.00831	0.00581	0.00816
6	0.01988	0.39121	0.05477	0.01389	0.01866	0.28892	0.01224	0.02376	0.08771	0.01718	0.01146	0.01262	0.00966	0.00642	0.00519	0.00163	0.00874	0.00424	0.00343	0.00840
7	0.01261	0.00912	0.01140	0.08143	0.01529	0.00948	0.00850	0.08403	0.06258	0.07304	0.07810	0.12211	0.21275	0.04475	0.14064	0.00387	0.00726	0.01041	0.00558	0.00706
8	0.01057	0.00919	0.01324	0.01190	0.01365	0.03610	0.08829	0.01270	0.01198	0.01603	0.02448	0.08415	0.10619	0.14881	0.35173	0.00677	0.03516	0.00907	0.00406	0.00596
9	0.01568	0.04393	0.13692	0.09818	0.05209	0.04318	0.04725	0.09774	0.01529	0.08090	0.01741	0.04901	0.04164	0.06791	0.04615	0.12005	0.00802	0.00682	0.00417	0.00767
10	0.01621	0.04665	0.08206	0.07145	0.20904	0.05298	0.08895	0.07248	0.01564	0.06417	0.01766	0.05194	0.05450	0.03580	0.03413	0.00255	0.06396	0.00704	0.00405	0.00875
11	0.01330	0.01237	0.03455	0.01357	0.07720	0.09338	0.00953	0.06055	0.01491	0.01985	0.06487	0.17901	0.10455	0.06019	0.02752	0.02959	0.07801	0.00983	0.09044	0.00677
12	0.14909	0.06590	0.03811	0.10500	0.18254	0.01509	0.06063	0.01911	0.07876	0.02098	0.01516	0.07727	0.01384	0.06295	0.00932	0.00245	0.06492	0.00685	0.00389	0.00813
13	0.06713	0.00974	0.01070	0.05558	0.01387	0.04325	0.00783	0.04112	0.04198	0.07240	0.18947	0.09122	0.18271	0.06995	0.00917	0.00248	0.00499	0.04812	0.00585	0.03244
14	0.41742	0.06621	0.05728	0.04664	0.05548	0.03820	0.00969	0.04010	0.01344	0.02527	0.06442	0.01871	0.04444	0.03923	0.00630	0.00216	0.00589	0.00538	0.03633	0.00741
15	0.01642	0.01812	0.10090	0.11698	0.16501	0.07131	0.10392	0.10550	0.08548	0.02271	0.01523	0.06315	0.01275	0.00793	0.00789	0.00216	0.06457	0.00683	0.00408	0.00907

[dist]
# distance from previous block
# <min> <max>
0	8

[block]
# block no. 1 follows, 33 sequences, length 17
# corresponding to MSA columns:
# 319-335
name=unknown_B
#
# <colnr> <probs for GDERKNQSTAVLIFYWHMCP>
#	G	D	E	R	K	N	Q	S	T	A	V	L	I	F	Y	W	H	M	C	P
0	0.01133	0.00892	0.01294	0.04120	0.01454	0.00914	0.07939	0.04517	0.05684	0.01871	0.05701	0.19309	0.10781	0.08867	0.05882	0.10341	0.02615	0.03348	0.02725	0.00613
1	0.05901	0.63429	0.03099	0.01160	0.01682	0.06150	0.01111	0.01975	0.01341	0.01650	0.00929	0.01091	0.00844	0.00592	0.00503	0.00150	0.03719	0.00366	0.00296	0.04010
2	0.08680	0.00829	0.01064	0.01114	0.05988	0.00823	0.00771	0.01424	0.01403	0.07504	0.17073	0.11505	0.10737	0.04440	0.15745	0.03633	0.00712	0.00959	0.02232	0.03366
3	0.05323	0.00735	0.00854	0.00840	0.01051	0.00665	0.00631	0.01321	0.01519	0.10648	0.13832	0.22302	0.32338	0.01565	0.00764	0.00231	0.00389	0.03714	0.00640	0.00638
4	0.00898	0.00656	0.00781	0.00824	0.00943	0.00609	0.00580	0.02527	0.01437	0.01909	0.15287	0.31421	0.21736	0.10578	0.01092	0.00284	0.00399	0.03471	0.04011	0.00556
5	0.11793	0.01434	0.01609	0.01396	0.05365	0.05196	0.01071	0.21415	0.03991	0.30058	0.01925	0.02018	0.01374	0.00881	0.00735	0.04384	0.00645	0.03090	0.00634	0.00985
6	0.01310	0.00804	0.00985	0.00930	0.01142	0.00771	0.00697	0.05620	0.03478	0.13003	0.12238	0.22071	0.17104	0.04969	0.07367	0.00316	0.00544	0.01189	0.04771	0.00692
7	0.14435	0.00991	0.01079	0.01015	0.01261	0.01044	0.00760	0.08696	0.11230	0.08722	0.04405	0.28161	0.04375	0.06392	0.00862	0.00256	0.00483	0.01087	0.04003	0.00742
8	0.01055	0.00775	0.00919	0.00850	0.01094	0.00678	0.00638	0.01340	0.04108	0.05859	0.24503	0.16543	0.25187	0.01399	0.00737	0.00207	0.00375	0.01209	0.00627	0.11898
9	0.10367	0.00943	0.01086	0.00934	0.01242	0.00907	0.00731	0.06152	0.03574	0.18144	0.25190	0.03640	0.14139	0.04325	0.00792	0.00221	0.00442	0.00912	0.02889	0.03368
10	0.13836	0.00987	0.01128	0.01000	0.01297	0.00985	0.00773	0.06955	0.06354	0.16578	0.19548	0.16149	0.04971	0.03092	0.00749	0.00225	0.00463	0.00980	0.00643	0.03286
11	0.10292	0.00953	0.01095	0.00980	0.01229	0.00982	0.00749	0.10932	0.03432	0.10206	0.08673	0.06988	0.13114	0.08085	0.10239	0.09283	0.00667	0.00864	0.00543	0.00692
12	0.01360	0.01048	0.01228	0.01123	0.01304	0.08349	0.05072	0.01586	0.03707	0.09014	0.02158	0.14014	0.02151	0.22826	0.18977	0.00533	0.00931	0.00921	0.03061	0.00636
13	0.04845	0.00996	0.01133	0.00977	0.01242	0.00999	0.00730	0.13483	0.03584	0.11575	0.05679	0.05728	0.08646	0.23175	0.05663	0.00373	0.00623	0.00843	0.03960	0.05748
14	0.01298	0.00863	0.01082	0.03518	0.01327	0.00878	0.00795	0.04395	0.10632	0.10449	0.08729	0.21375	0.12119	0.04552	0.09637	0.02858	0.00627	0.03565	0.00595	0.00706
15	0.01213	0.00921	0.01309	0.06911	0.01571	0.00978	0.05792	0.06863	0.03027	0.04159	0.05022	0.13796	0.08830	0.09521	0.17768	0.02967	0.03134	0.00958	0.04606	0.00658
16	0.03979	0.01096	0.01549	0.05251	0.04534	0.03454	0.09137	0.03667	0.01506	0.02027	0.09263	0.10901	0.15034	0.01328	0.00933	0.00246	0.09004	0.15893	0.00509	0.00687

[dist]
# distance from previous block
# <min> <max>
4	17

[block]
# block no. 2 follows, 33 sequences, length 39
# corresponding to MSA columns:
# 353-391
name=unknown_C
#
# <colnr> <probs for GDERKNQSTAVLIFYWHMCP>
#	G	D	E	R	K	N	Q	S	T	A	V	L	I	F	Y	W	H	M	C	P
0	0.06663	0.08184	0.07600	0.07410	0.05209	0.07906	0.08483	0.06213	0.03095	0.02115	0.03417	0.09659	0.01554	0.05294	0.00777	0.00214	0.00724	0.00699	0.02701	0.12081
1	0.03419	0.19509	0.12726	0.01336	0.04337	0.06930	0.01187	0.03718	0.05756	0.07889	0.07933	0.08245	0.01810	0.01009	0.00811	0.08692	0.00674	0.00672	0.00439	0.02907
2	0.01378	0.09078	0.01410	0.01193	0.05169	0.05390	0.00860	0.05218	0.07602	0.06527	0.13260	0.22451	0.10254	0.04127	0.00805	0.00229	0.00523	0.01092	0.00568	0.02866
3	0.01843	0.06294	0.06005	0.07844	0.02057	0.10107	0.01235	0.19766	0.20268	0.04172	0.01858	0.06585	0.01524	0.02968	0.02629	0.00240	0.02473	0.00686	0.00525	0.00920
4	0.06655	0.14441	0.14610	0.01335	0.01846	0.06562	0.03009	0.07138	0.05810	0.07693	0.05702	0.02390	0.05746	0.00850	0.00648	0.00195	0.02280	0.05681	0.00463	0.06945
5	0.05378	0.08272	0.08323	0.06785	0.06108	0.03698	0.06242	0.25916	0.12809	0.04735	0.01649	0.04331	0.01282	0.00770	0.00639	0.00203	0.00740	0.00631	0.00511	0.00976
6	0.01333	0.03317	0.69673	0.01925	0.02881	0.01536	0.06124	0.02086	0.01399	0.02086	0.01190	0.01411	0.00843	0.00622	0.00634	0.00209	0.00980	0.00502	0.00281	0.00968
7	0.06147	0.01314	0.03342	0.07973	0.03953	0.04995	0.15299	0.01924	0.09893	0.06205	0.04000	0.13742	0.07967	0.04838	0.00896	0.00248	0.03152	0.02857	0.00486	0.00770
8	0.01418	0.16015	0.39526	0.01845	0.07394	0.04003	0.06979	0.01947	0.01393	0.01925	0.01372	0.07759	0.01192	0.00891	0.03379	0.00232	0.00908	0.00614	0.00319	0.00890
9	0.00825	0.00609	0.00756	0.00854	0.00937	0.00560	0.00586	0.00957	0.01323	0.01724	0.07516	0.49850	0.18491	0.08226	0.01038	0.00287	0.00398	0.03930	0.00599	0.00534
10	0.01210	0.00917	0.04910	0.01005	0.01184	0.00816	0.00776	0.06948	0.03671	0.06049	0.04195	0.26951	0.07804	0.10030	0.06648	0.14019	0.00612	0.01129	0.00517	0.00608
11	0.03503	0.16634	0.23654	0.01866	0.06274	0.11188	0.13898	0.02170	0.04887	0.03837	0.01451	0.03475	0.02949	0.00687	0.00619	0.00195	0.00888	0.00583	0.00353	0.00889
12	0.01991	0.01246	0.06067	0.01332	0.01746	0.01075	0.07578	0.08143	0.05184	0.31694	0.04119	0.20519	0.02273	0.01196	0.02425	0.00242	0.00628	0.00972	0.00652	0.00917
13	0.00917	0.00685	0.00834	0.03613	0.01110	0.00623	0.00645	0.01127	0.01542	0.04110	0.21581	0.21078	0.33302	0.01619	0.00790	0.00232	0.00379	0.04588	0.00633	0.00593
14	0.05180	0.04607	0.20259	0.07472	0.04010	0.07455	0.10565	0.06193	0.11037	0.02228	0.04324	0.04463	0.05577	0.00815	0.00702	0.00211	0.02925	0.00687	0.00421	0.00870
15	0.01441	0.10484	0.03903	0.06048	0.05090	0.01355	0.01124	0.01666	0.01245	0.09971	0.01688	0.05064	0.01579	0.10580	0.17697	0.00461	0.15459	0.04013	0.00405	0.00728
16	0.01048	0.00857	0.01372	0.07167	0.01609	0.00951	0.07442	0.01317	0.01205	0.01714	0.08744	0.02781	0.02018	0.09688	0.43517	0.00739	0.03766	0.00765	0.02680	0.00620
17	0.01418	0.01275	0.01914	0.12017	0.21477	0.04950	0.08335	0.04282	0.01570	0.04764	0.07632	0.12688	0.08825	0.01044	0.00725	0.00220	0.00696	0.04896	0.00466	0.00805
18	0.01711	0.12619	0.11643	0.03915	0.13043	0.09565	0.12215	0.11729	0.04374	0.02235	0.01535	0.09574	0.01360	0.00795	0.00651	0.00200	0.00832	0.00698	0.00406	0.00900
19	0.38057	0.05340	0.01791	0.06197	0.13783	0.09626	0.04532	0.04568	0.01376	0.02431	0.01039	0.01297	0.00840	0.00657	0.00636	0.00203	0.05990	0.00461	0.00370	0.00806
20	0.06614	0.03351	0.12265	0.13179	0.27418	0.03646	0.04123	0.02155	0.06865	0.08007	0.01677	0.01901	0.04545	0.00700	0.00640	0.00204	0.00768	0.00612	0.00400	0.00931
21	0.01074	0.00668	0.00774	0.00750	0.00788	0.00657	0.00443	0.01104	0.01056	0.05593	0.05516	0.04216	0.02533	0.68708	0.03067	0.00592	0.00618	0.00951	0.00439	0.00452
22	0.01135	0.04493	0.01236	0.03026	0.01255	0.03816	0.00819	0.02847	0.01146	0.01544	0.01953	0.03012	0.05894	0.24918	0.30566	0.00675	0.09937	0.00772	0.00376	0.00581
23	0.00792	0.00612	0.00723	0.00812	0.00927	0.00544	0.00565	0.00928	0.01361	0.01722	0.04903	0.47040	0.32926	0.01897	0.00814	0.00248	0.00362	0.01669	0.00611	0.00544
24	0.16989	0.01744	0.01556	0.01321	0.01686	0.17735	0.01050	0.15089	0.05382	0.09408	0.03465	0.04527	0.02954	0.00843	0.00759	0.00201	0.08614	0.00595	0.00500	0.05582
25	0.01691	0.01690	0.12562	0.01273	0.01758	0.05594	0.01142	0.16797	0.09432	0.06596	0.06302	0.02342	0.04961	0.08892	0.00918	0.00231	0.00661	0.00662	0.00515	0.15982
26	0.04272	0.01029	0.01188	0.08329	0.01558	0.03146	0.00872	0.10390	0.08795	0.02152	0.06429	0.24917	0.06810	0.11901	0.02987	0.00310	0.02578	0.01109	0.00538	0.00689
27	0.10998	0.01168	0.01313	0.01026	0.01477	0.01079	0.00822	0.05122	0.05275	0.04195	0.08074	0.01817	0.01549	0.00682	0.00626	0.00149	0.04921	0.00520	0.04404	0.44783
28	0.01487	0.01225	0.01407	0.01036	0.01578	0.01015	0.00825	0.10766	0.01578	0.02368	0.01322	0.03490	0.01134	0.03288	0.00622	0.00135	0.00522	0.00476	0.00432	0.65295
29	0.04898	0.00693	0.00829	0.00888	0.00959	0.00708	0.00595	0.01161	0.05183	0.01662	0.02762	0.36012	0.03147	0.28208	0.06893	0.00448	0.00590	0.03319	0.00512	0.00531
30	0.22112	0.01019	0.01093	0.00972	0.01303	0.01029	0.00760	0.02041	0.10060	0.16962	0.10740	0.13068	0.10265	0.01087	0.00640	0.00212	0.00460	0.00892	0.00610	0.04672
31	0.00871	0.00678	0.00772	0.00759	0.00949	0.00590	0.00558	0.01077	0.01544	0.02030	0.23682	0.15044	0.37687	0.03241	0.00819	0.00225	0.00347	0.01316	0.03282	0.04526
32	0.01378	0.01726	0.12122	0.06187	0.02845	0.01502	0.39004	0.01847	0.01398	0.01944	0.01497	0.08421	0.01310	0.01122	0.06901	0.00299	0.08534	0.00800	0.00346	0.00818
33	0.00851	0.00613	0.00769	0.00840	0.00914	0.00571	0.00566	0.00990	0.01352	0.01809	0.17077	0.42965	0.11549	0.14507	0.01245	0.00313	0.00406	0.01534	0.00597	0.00531
34	0.00940	0.00647	0.00885	0.00939	0.01024	0.00657	0.00667	0.01102	0.01239	0.03874	0.09161	0.36712	0.03382	0.10881	0.24105	0.00547	0.00841	0.01308	0.00524	0.00563
35	0.05530	0.01594	0.01775	0.01382	0.01878	0.01706	0.01134	0.46383	0.06724	0.20156	0.01848	0.01779	0.01277	0.00834	0.00700	0.02275	0.00662	0.00608	0.00677	0.01078
36	0.01087	0.00832	0.01127	0.03756	0.07328	0.00856	0.00838	0.02796	0.01382	0.04521	0.09292	0.33056	0.13043	0.09101	0.01160	0.00283	0.07053	0.01310	0.00545	0.00634
37	0.02965	0.00765	0.00903	0.00885	0.01042	0.00744	0.00643	0.06732	0.01529	0.04747	0.15470	0.21362	0.14243	0.12892	0.01215	0.03360	0.00452	0.04512	0.04935	0.00604
38	0.06607	0.01263	0.03122	0.05682	0.03774	0.01228	0.01025	0.16187	0.03579	0.06812	0.01779	0.08716	0.01601	0.05261	0.04807	0.00259	0.02333	0.04007	0.00497	0.21460

[dist]
# distance from previous block
# <min> <max>
0	14

[block]
# block no. 3 follows, 33 sequences, length 39
# corresponding to MSA columns:
# 406-444
name=unknown_D
#
# <colnr> <probs for GDERKNQSTAVLIFYWHMCP>
#	G	D	E	R	K	N	Q	S	T	A	V	L	I	F	Y	W	H	M	C	P
0	0.01171	0.00722	0.00886	0.00868	0.01039	0.00679	0.00637	0.01422	0.03804	0.10343	0.16894	0.20272	0.15221	0.09693	0.03900	0.00301	0.00467	0.03296	0.07747	0.00637
1	0.02318	0.01846	0.01854	0.01587	0.05614	0.11964	0.01215	0.43034	0.07149	0.08756	0.06595	0.01869	0.01531	0.00811	0.00658	0.00196	0.00738	0.00626	0.00614	0.01025
2	0.01037	0.00874	0.00917	0.00979	0.01083	0.07436	0.00682	0.03524	0.01452	0.01867	0.12139	0.51653	0.06728	0.05261	0.00917	0.00264	0.00469	0.01545	0.00592	0.00582
3	0.02818	0.00841	0.01000	0.00961	0.01142	0.00850	0.00707	0.06371	0.08637	0.06581	0.18089	0.22077	0.06037	0.11633	0.03013	0.00304	0.00491	0.03480	0.04292	0.00676
4	0.01210	0.00808	0.00962	0.00932	0.01097	0.00800	0.00674	0.06365	0.06675	0.06961	0.14775	0.23696	0.08742	0.15863	0.01251	0.00308	0.00466	0.03437	0.04326	0.00650
5	0.16987	0.01411	0.01439	0.01194	0.01598	0.08058	0.00953	0.17445	0.01912	0.26785	0.04135	0.08735	0.01652	0.00946	0.00699	0.03204	0.00622	0.00693	0.00619	0.00911
6	0.04302	0.01352	0.01513	0.01221	0.01634	0.01422	0.00987	0.35181	0.04244	0.18440	0.02082	0.08372	0.01616	0.00900	0.00637	0.00199	0.00580	0.00720	0.13625	0.00974
7	0.12759	0.01012	0.01110	0.01011	0.01268	0.01047	0.00764	0.14903	0.03810	0.08549	0.05406	0.22829	0.10636	0.07037	0.00983	0.04004	0.00506	0.01059	0.00584	0.00724
8	0.01700	0.01258	0.01372	0.01198	0.01545	0.01378	0.00932	0.10822	0.40298	0.09482	0.07402	0.02893	0.07224	0.05825	0.00848	0.00242	0.00522	0.00804	0.03317	0.00940
9	0.00835	0.00602	0.00793	0.00909	0.00978	0.00560	0.00632	0.00991	0.01376	0.01847	0.14306	0.59098	0.07274	0.01924	0.00832	0.00258	0.00381	0.05222	0.00628	0.00553
10	0.12132	0.01275	0.03949	0.01240	0.01616	0.01245	0.06539	0.16921	0.05069	0.12711	0.08752	0.10331	0.05827	0.08334	0.00932	0.00255	0.00600	0.00857	0.00583	0.00833
11	0.01282	0.01069	0.01128	0.01151	0.03545	0.08554	0.00801	0.01623	0.09474	0.04427	0.08365	0.17192	0.02834	0.23264	0.04277	0.00382	0.03224	0.06256	0.00515	0.00638
12	0.00961	0.00706	0.00851	0.00875	0.01000	0.00673	0.00615	0.05897	0.01520	0.02020	0.17703	0.36521	0.16230	0.09998	0.01080	0.00283	0.00411	0.01459	0.00614	0.00582
13	0.01012	0.00744	0.01038	0.01018	0.01133	0.00844	0.00767	0.04197	0.01130	0.01599	0.01810	0.02847	0.01755	0.17505	0.58440	0.00946	0.01518	0.00745	0.00374	0.00578
14	0.03372	0.00787	0.01063	0.03478	0.06299	0.00805	0.00833	0.04307	0.01346	0.01851	0.02970	0.50059	0.03422	0.05248	0.01011	0.02380	0.02955	0.06657	0.00548	0.00608
15	0.07568	0.01147	0.01221	0.01077	0.01416	0.01211	0.00844	0.11292	0.24345	0.09010	0.06713	0.07165	0.22007	0.01150	0.00692	0.00218	0.00481	0.00947	0.00645	0.00852
16	0.01086	0.00798	0.02767	0.01072	0.01221	0.00726	0.03152	0.01370	0.05943	0.07175	0.03288	0.53045	0.03681	0.04116	0.00893	0.00272	0.00472	0.07680	0.00606	0.00637
17	0.01236	0.01161	0.01940	0.69282	0.06827	0.01425	0.01774	0.01660	0.01331	0.01703	0.01425	0.01961	0.04176	0.00702	0.00663	0.00219	0.00849	0.00622	0.00308	0.00734
18	0.01387	0.01173	0.01879	0.38368	0.18904	0.01328	0.01571	0.01799	0.03112	0.05355	0.05841	0.05435	0.01523	0.00785	0.00705	0.00212	0.03020	0.00691	0.06109	0.00803
19	0.01885	0.01217	0.01364	0.01146	0.01499	0.03591	0.00914	0.21681	0.05642	0.17581	0.17371	0.06607	0.09245	0.01089	0.00703	0.00209	0.00537	0.03207	0.03629	0.00883
20	0.18167	0.05478	0.01749	0.04807	0.01945	0.32116	0.01149	0.20072	0.01973	0.02568	0.01182	0.01326	0.00919	0.00691	0.00565	0.00184	0.00868	0.00465	0.02934	0.00843
21	0.01136	0.00970	0.00960	0.00925	0.01140	0.07115	0.00710	0.01565	0.09552	0.02231	0.26215	0.04723	0.24644	0.01319	0.00731	0.00213	0.00442	0.06675	0.08075	0.00659
22	0.02094	0.05817	0.02035	0.01615	0.04746	0.15431	0.06124	0.32708	0.05031	0.02949	0.06407	0.01774	0.01438	0.00857	0.02440	0.00207	0.00813	0.00598	0.00522	0.06394
23	0.01377	0.01111	0.01516	0.13225	0.05270	0.01194	0.03651	0.11880	0.08798	0.02266	0.08528	0.06595	0.04408	0.04454	0.10424	0.04553	0.00780	0.03891	0.00488	0.05591
24	0.01116	0.00800	0.01015	0.01074	0.04844	0.00744	0.00738	0.03161	0.04117	0.06349	0.14606	0.30322	0.16022	0.04003	0.00850	0.00241	0.00429	0.03283	0.00609	0.05677
25	0.00867	0.00639	0.00738	0.00757	0.00877	0.00579	0.00521	0.00979	0.01354	0.01737	0.14176	0.17587	0.31896	0.16991	0.01439	0.06075	0.00417	0.01299	0.00561	0.00510
26	0.02539	0.01458	0.01684	0.01305	0.01795	0.01497	0.01073	0.38410	0.02482	0.30591	0.02259	0.02116	0.05068	0.00845	0.00659	0.00200	0.00625	0.00662	0.03659	0.01072
27	0.09959	0.00877	0.00983	0.00925	0.01143	0.00887	0.00686	0.04787	0.08351	0.08726	0.16736	0.18383	0.10158	0.09767	0.00998	0.00267	0.00448	0.01088	0.04139	0.00691
28	0.07421	0.00978	0.01141	0.01016	0.01309	0.00951	0.00780	0.08613	0.05699	0.15728	0.08991	0.18939	0.09068	0.06688	0.00892	0.00247	0.00491	0.03527	0.00620	0.06900
29	0.25526	0.01155	0.01220	0.01013	0.01402	0.01187	0.00813	0.10834	0.04216	0.19935	0.09870	0.02304	0.04155	0.03806	0.00687	0.00213	0.00513	0.00644	0.05501	0.05006
30	0.01504	0.00986	0.01175	0.01067	0.01338	0.00994	0.00825	0.09698	0.13917	0.13172	0.19746	0.17675	0.09472	0.01312	0.00746	0.00226	0.00461	0.04200	0.00684	0.00803
31	0.04350	0.00841	0.01000	0.00950	0.01169	0.00813	0.00707	0.07420	0.03317	0.13513	0.09382	0.31132	0.12392	0.03421	0.00802	0.00238	0.00437	0.01252	0.06156	0.00709
32	0.12995	0.01117	0.01197	0.01041	0.01384	0.01160	0.00842	0.16092	0.07438	0.11716	0.06359	0.03410	0.16100	0.01072	0.00657	0.00212	0.00504	0.07052	0.08831	0.00819
33	0.00824	0.00642	0.00729	0.00764	0.00902	0.00577	0.00537	0.00967	0.01370	0.01727	0.08918	0.23443	0.39085	0.11669	0.04544	0.00326	0.00450	0.01411	0.00578	0.00535
34	0.09449	0.01401	0.01582	0.01286	0.01725	0.01475	0.01058	0.33118	0.05040	0.21073	0.05184	0.04758	0.01819	0.00944	0.00671	0.00213	0.00616	0.06924	0.00672	0.00992
35	0.01616	0.01495	0.01762	0.04354	0.01893	0.11423	0.10002	0.17740	0.03157	0.02290	0.02164	0.10885	0.07756	0.04433	0.11903	0.00358	0.04671	0.00842	0.00474	0.00780
36	0.00882	0.00640	0.00832	0.00903	0.00985	0.00617	0.00641	0.01003	0.01343	0.01786	0.13289	0.43593	0.14352	0.01881	0.01035	0.07762	0.03191	0.04142	0.00584	0.00536
37	0.05960	0.05033	0.07162	0.01271	0.01840	0.01327	0.05570	0.14087	0.05365	0.02565	0.04450	0.01615	0.01256	0.00626	0.00562	0.00151	0.00612	0.00509	0.00451	0.39588
38	0.01028	0.00807	0.00941	0.00919	0.01104	0.00779	0.00674	0.06416	0.04221	0.02020	0.08991	0.31354	0.24639	0.04374	0.00910	0.00246	0.02910	0.01363	0.00593	0.05711

[dist]
# distance from previous block
# <min> <max>
3	8

[block]
# block no. 4 follows, 33 sequences, length 30
# corresponding to MSA columns:
# 454-483
name=unknown_E
#
# <colnr> <probs for GDERKNQSTAVLIFYWHMCP>
#	G	D	E	R	K	N	Q	S	T	A	V	L	I	F	Y	W	H	M	C	P
0	0.01573	0.02378	0.35726	0.01738	0.02390	0.04729	0.09809	0.09390	0.01616	0.07299	0.01681	0.12471	0.01457	0.00882	0.00741	0.00219	0.03835	0.00748	0.00416	0.00906
1	0.12148	0.01381	0.01512	0.01217	0.01652	0.01457	0.00989	0.32061	0.04976	0.18938	0.06060	0.05042	0.05388	0.00902	0.00642	0.00204	0.00583	0.00709	0.03168	0.00970
2	0.04046	0.01176	0.01275	0.01197	0.03327	0.04939	0.00896	0.09913	0.18192	0.07222	0.11721	0.10901	0.11661	0.01567	0.08646	0.00307	0.00657	0.00944	0.00602	0.00812
3	0.05729	0.01488	0.06676	0.10201	0.06021	0.01509	0.06427	0.17870	0.05883	0.02510	0.04128	0.02606	0.11119	0.01043	0.02520	0.00242	0.09373	0.03329	0.00479	0.00848
4	0.01172	0.00938	0.00938	0.00927	0.01096	0.08548	0.00668	0.01349	0.01535	0.06996	0.19382	0.25426	0.19094	0.07705	0.00978	0.00259	0.00476	0.01293	0.00605	0.00614
5	0.02187	0.01798	0.01740	0.01411	0.01854	0.11204	0.01131	0.43756	0.09603	0.03344	0.01741	0.05829	0.01377	0.00840	0.00642	0.00193	0.00711	0.00648	0.04827	0.05162
6	0.01144	0.01032	0.07139	0.00987	0.01264	0.00813	0.00806	0.03390	0.05361	0.05321	0.11884	0.23008	0.13061	0.10585	0.01045	0.00265	0.00487	0.01145	0.00558	0.10706
7	0.03862	0.42144	0.19126	0.01326	0.01910	0.08106	0.01382	0.02005	0.03285	0.01789	0.03409	0.04354	0.01202	0.00807	0.02629	0.00196	0.00801	0.00497	0.00329	0.00842
8	0.01666	0.01309	0.01356	0.01154	0.01514	0.06804	0.00909	0.16801	0.11598	0.07828	0.13871	0.06930	0.11455	0.01062	0.00686	0.00199	0.00553	0.03092	0.00615	0.10597
9	0.00931	0.00669	0.00852	0.00887	0.01020	0.00630	0.00634	0.01093	0.01306	0.03989	0.06625	0.35781	0.17488	0.06682	0.14127	0.00409	0.00642	0.01374	0.00554	0.04306
10	0.04515	0.01663	0.11238	0.01849	0.02251	0.04343	0.25943	0.01764	0.01315	0.01894	0.01457	0.05867	0.01331	0.10164	0.03636	0.00306	0.14989	0.00742	0.03978	0.00755
11	0.01077	0.00623	0.00861	0.00898	0.00953	0.00606	0.00614	0.01057	0.03313	0.03854	0.05030	0.29075	0.04607	0.02059	0.01705	0.41181	0.00484	0.01096	0.00459	0.00448
12	0.01100	0.00684	0.00839	0.00863	0.00953	0.00677	0.00594	0.02853	0.01248	0.05688	0.02637	0.25094	0.02860	0.29695	0.06180	0.00436	0.00586	0.05961	0.10503	0.00549
13	0.01270	0.00822	0.00977	0.00923	0.01065	0.00816	0.00631	0.07112	0.04510	0.07857	0.02429	0.21781	0.02592	0.35122	0.03524	0.02347	0.00585	0.01084	0.00518	0.04036
14	0.00872	0.00640	0.00771	0.00845	0.00922	0.00609	0.00563	0.01046	0.04056	0.01683	0.06351	0.43179	0.14593	0.19081	0.01397	0.00341	0.00436	0.01515	0.00569	0.00530
15	0.02079	0.01426	0.01602	0.01327	0.01742	0.01540	0.01072	0.31528	0.20220	0.13619	0.07393	0.05682	0.02083	0.00973	0.00692	0.00215	0.00596	0.04519	0.00684	0.01010
16	0.04611	0.00863	0.00953	0.00955	0.01157	0.02766	0.00739	0.04574	0.05461	0.04935	0.09840	0.20028	0.17749	0.01466	0.00743	0.00233	0.00453	0.12738	0.09077	0.00659
17	0.07736	0.00998	0.01138	0.01007	0.01298	0.01005	0.00783	0.10909	0.08698	0.12479	0.23457	0.11950	0.13450	0.01225	0.00713	0.00216	0.00448	0.01035	0.00669	0.00786
18	0.00886	0.00668	0.00776	0.00802	0.00932	0.00615	0.00560	0.02976	0.01447	0.01877	0.15327	0.27421	0.28150	0.13113	0.01184	0.00296	0.00402	0.01419	0.00598	0.00552
19	0.00960	0.00742	0.01041	0.01052	0.01119	0.00853	0.00781	0.01122	0.01097	0.01546	0.02223	0.23325	0.02408	0.12576	0.36897	0.00699	0.09524	0.01048	0.00423	0.00564
20	0.01828	0.01471	0.01485	0.01276	0.01557	0.09567	0.00984	0.26571	0.05616	0.05378	0.01961	0.13176	0.01838	0.12734	0.01213	0.00280	0.07063	0.00830	0.04353	0.00819
21	0.01214	0.00698	0.00991	0.04793	0.01150	0.00727	0.00700	0.04605	0.02710	0.01415	0.01382	0.04271	0.01366	0.03702	0.02234	0.63490	0.00592	0.03231	0.00338	0.00392
22	0.01502	0.01705	0.07987	0.19342	0.09296	0.13378	0.11087	0.01921	0.04177	0.03537	0.02024	0.02397	0.10011	0.04914	0.03689	0.00263	0.00893	0.00710	0.00383	0.00785
23	0.02119	0.01828	0.04138	0.01569	0.05609	0.09462	0.01225	0.42291	0.09551	0.03275	0.02085	0.05203	0.06870	0.00896	0.00668	0.00202	0.00719	0.00703	0.00590	0.00996
24	0.00985	0.00664	0.00858	0.00897	0.00995	0.00650	0.00635	0.01132	0.01269	0.05051	0.08023	0.28106	0.09923	0.19115	0.14006	0.00477	0.00689	0.05435	0.00537	0.00554
25	0.01595	0.01461	0.02354	0.19607	0.34416	0.01552	0.07572	0.10519	0.05355	0.02294	0.01490	0.06106	0.01257	0.00729	0.00677	0.00209	0.00787	0.00687	0.00395	0.00938
26	0.03960	0.00995	0.01156	0.10504	0.01632	0.04079	0.00878	0.06892	0.03473	0.07817	0.06715	0.11821	0.17519	0.01664	0.10068	0.00320	0.00684	0.00958	0.08162	0.00705
27	0.01887	0.01545	0.01978	0.01572	0.01992	0.05589	0.13194	0.28023	0.09430	0.06019	0.05750	0.04037	0.01734	0.05141	0.07181	0.00305	0.00840	0.02318	0.00553	0.00914
28	0.05356	0.03812	0.07119	0.15175	0.22868	0.10535	0.01541	0.03773	0.04364	0.08590	0.05327	0.01795	0.01332	0.00689	0.00626	0.00194	0.00775	0.00578	0.00413	0.05138
29	0.04788	0.07761	0.03594	0.01589	0.06978	0.02929	0.13090	0.03478	0.01420	0.02010	0.04178	0.15834	0.05312	0.03131	0.00841	0.00212	0.05996	0.00855	0.00426	0.15578

[dist]
# distance from previous block
# <min> <max>
0	6

[block]
# block no. 5 follows, 33 sequences, length 22
# corresponding to MSA columns:
# 490-511
name=unknown_F
#
# <colnr> <probs for GDERKNQSTAVLIFYWHMCP>
#	G	D	E	R	K	N	Q	S	T	A	V	L	I	F	Y	W	H	M	C	P
0	0.01091	0.00760	0.00945	0.00922	0.01023	0.00809	0.00655	0.01331	0.06656	0.03766	0.06057	0.09585	0.07411	0.27194	0.14282	0.05729	0.04514	0.02444	0.04265	0.00560
1	0.05368	0.01107	0.01346	0.12499	0.04923	0.03346	0.01020	0.11993	0.03225	0.07790	0.04927	0.13937	0.10029	0.06637	0.02800	0.00274	0.00633	0.05045	0.02351	0.00751
2	0.01601	0.01654	0.01781	0.07484	0.01980	0.17768	0.05085	0.05878	0.06597	0.01866	0.01649	0.04152	0.04868	0.01603	0.13052	0.00364	0.20810	0.00668	0.00388	0.00751
3	0.01086	0.00862	0.00973	0.01029	0.01165	0.04430	0.00760	0.07515	0.01511	0.01945	0.03520	0.44250	0.10885	0.03551	0.02992	0.00288	0.00528	0.11509	0.00589	0.00612
4	0.01338	0.00903	0.01067	0.01013	0.01218	0.00909	0.00743	0.09991	0.09764	0.08980	0.09752	0.31347	0.09398	0.09186	0.01026	0.00276	0.00472	0.01269	0.00632	0.00717
5	0.03050	0.00871	0.01063	0.01040	0.01225	0.00879	0.00783	0.07145	0.05632	0.06295	0.07242	0.32966	0.05942	0.07213	0.01013	0.00273	0.03021	0.09220	0.00595	0.04532
6	0.00842	0.00613	0.00788	0.00881	0.00965	0.00568	0.00616	0.01003	0.01397	0.01865	0.16372	0.49511	0.12012	0.04753	0.00922	0.00268	0.00385	0.05065	0.00623	0.00551
7	0.17339	0.01507	0.01614	0.01268	0.01749	0.01615	0.01044	0.38634	0.02358	0.19771	0.01720	0.01682	0.01190	0.00761	0.00602	0.00198	0.00625	0.00566	0.04739	0.01018
8	0.05503	0.00794	0.00892	0.00878	0.01077	0.00772	0.00668	0.04785	0.04994	0.02187	0.19700	0.14147	0.27578	0.05363	0.00898	0.00252	0.00416	0.07850	0.00619	0.00626
9	0.01966	0.01432	0.01547	0.01255	0.01645	0.01551	0.00996	0.42371	0.08160	0.03303	0.01912	0.07457	0.01603	0.07731	0.00884	0.00235	0.00615	0.00724	0.09884	0.04730
10	0.00989	0.00701	0.00844	0.00886	0.01033	0.00652	0.00632	0.03451	0.03677	0.05282	0.09011	0.43487	0.23366	0.01764	0.00799	0.00244	0.00388	0.01554	0.00632	0.00610
11	0.58078	0.01216	0.01043	0.00912	0.01301	0.01355	0.00743	0.07605	0.01405	0.06298	0.05866	0.01935	0.08469	0.00788	0.00500	0.00205	0.00500	0.00546	0.00488	0.00745
12	0.05490	0.00725	0.00848	0.00898	0.01015	0.00717	0.00627	0.06087	0.01415	0.02001	0.06839	0.46975	0.08570	0.08314	0.00991	0.00278	0.00424	0.01463	0.05736	0.00586
13	0.13199	0.01341	0.01365	0.01170	0.01532	0.06342	0.00922	0.17999	0.08893	0.16065	0.06480	0.13412	0.04104	0.01023	0.00653	0.00211	0.00575	0.00829	0.03005	0.00880
14	0.01507	0.00886	0.01095	0.01019	0.01305	0.00835	0.00828	0.01932	0.09302	0.20035	0.12378	0.04972	0.22294	0.01366	0.00769	0.00235	0.00474	0.17316	0.00681	0.00771
15	0.26671	0.01669	0.01623	0.01295	0.01775	0.05252	0.01063	0.40465	0.02327	0.09677	0.01439	0.01463	0.01027	0.00732	0.00579	0.00199	0.00667	0.00518	0.00580	0.00978
16	0.08721	0.01400	0.01454	0.01271	0.01653	0.01589	0.01001	0.13780	0.47943	0.02945	0.06035	0.02489	0.05042	0.00909	0.00655	0.00217	0.00533	0.00737	0.00645	0.00983
17	0.01609	0.01544	0.02636	0.07760	0.69195	0.01559	0.02010	0.02003	0.01489	0.02126	0.01235	0.01636	0.01034	0.00590	0.00652	0.00197	0.00787	0.00586	0.00324	0.01027
18	0.01049	0.00770	0.00991	0.01040	0.04395	0.00826	0.00661	0.03434	0.01102	0.01514	0.02011	0.08963	0.02200	0.46029	0.18213	0.00649	0.04305	0.00923	0.00405	0.00520
19	0.04873	0.00737	0.00806	0.00804	0.00996	0.00681	0.00588	0.04113	0.01500	0.04134	0.09329	0.22984	0.38931	0.05415	0.00896	0.00251	0.00392	0.01367	0.00606	0.00596
20	0.77898	0.01299	0.01014	0.00895	0.01308	0.01503	0.00738	0.05076	0.01211	0.03008	0.00947	0.01093	0.00732	0.00619	0.00419	0.00203	0.00519	0.00367	0.00419	0.00732
21	0.01083	0.00762	0.00885	0.00871	0.00967	0.00768	0.00580	0.07720	0.03480	0.01794	0.06124	0.21883	0.08034	0.35784	0.02036	0.04478	0.00538	0.01166	0.00510	0.00538

[dist]
# distance from previous block
# <min> <max>
0	1

[block]
# block no. 6 follows, 33 sequences, length 16
# corresponding to MSA columns:
# 513-528
name=unknown_G
#
# <colnr> <probs for GDERKNQSTAVLIFYWHMCP>
#	G	D	E	R	K	N	Q	S	T	A	V	L	I	F	Y	W	H	M	C	P
0	0.06910	0.00877	0.01055	0.00978	0.01206	0.00863	0.00757	0.07755	0.01695	0.12006	0.23852	0.12080	0.07209	0.09820	0.01039	0.00274	0.00480	0.09807	0.00639	0.00701
1	0.01655	0.01379	0.01465	0.01289	0.01659	0.01561	0.01010	0.12125	0.53772	0.02872	0.07099	0.02734	0.06543	0.00956	0.00682	0.00219	0.00523	0.00792	0.00668	0.00996
2	0.01103	0.00585	0.00838	0.00854	0.00880	0.00589	0.00582	0.00950	0.00963	0.01351	0.01540	0.09824	0.01563	0.02293	0.06943	0.59410	0.00606	0.00720	0.08045	0.00363
3	0.06143	0.00849	0.01008	0.00920	0.01172	0.00799	0.00692	0.03394	0.03969	0.19986	0.11435	0.17985	0.17018	0.08194	0.00957	0.00259	0.00451	0.01115	0.02926	0.00728
4	0.01105	0.00585	0.00829	0.00829	0.00829	0.00585	0.00536	0.00878	0.00878	0.01171	0.01336	0.02478	0.01402	0.17690	0.02734	0.64280	0.00585	0.00651	0.00309	0.00309
5	0.01114	0.00760	0.00885	0.00831	0.01020	0.00707	0.00606	0.05524	0.01611	0.07137	0.22795	0.11614	0.26868	0.14162	0.01201	0.00290	0.00424	0.01207	0.00624	0.00620
6	0.01029	0.00705	0.00823	0.00832	0.01004	0.00644	0.00614	0.02857	0.01476	0.06288	0.09060	0.21313	0.31426	0.09030	0.01033	0.00274	0.00417	0.06758	0.03822	0.00595
7	0.01062	0.00746	0.00878	0.00878	0.01042	0.00720	0.00634	0.03336	0.07367	0.04887	0.16500	0.27839	0.18154	0.06672	0.00936	0.00257	0.00400	0.01325	0.05734	0.00633
8	0.01034	0.00744	0.00891	0.00893	0.01048	0.00723	0.00651	0.06401	0.04148	0.02276	0.24550	0.31441	0.12609	0.01545	0.00760	0.00227	0.00379	0.01359	0.07689	0.00633
9	0.01802	0.01314	0.01386	0.01197	0.01511	0.06269	0.00923	0.25339	0.06420	0.10267	0.09419	0.18480	0.05316	0.06170	0.00888	0.00244	0.00590	0.00988	0.00631	0.00845
10	0.04110	0.00929	0.01055	0.01004	0.01218	0.03828	0.00763	0.05701	0.04419	0.11260	0.19860	0.21436	0.06809	0.04581	0.00854	0.00245	0.00475	0.06947	0.03800	0.00705
11	0.01397	0.01154	0.01702	0.09493	0.28415	0.03613	0.01292	0.01645	0.01386	0.06735	0.02251	0.12468	0.08364	0.08141	0.05518	0.03613	0.00733	0.00874	0.00428	0.00777
12	0.06599	0.11336	0.10524	0.08540	0.04974	0.05438	0.14663	0.06073	0.01456	0.04980	0.01190	0.01526	0.00952	0.00859	0.03131	0.00241	0.15753	0.00564	0.00352	0.00847
13	0.01107	0.00780	0.00908	0.00880	0.00999	0.00790	0.00600	0.05937	0.05813	0.03515	0.08203	0.15871	0.09905	0.34937	0.06483	0.00462	0.00607	0.01107	0.00522	0.00573
14	0.01201	0.10962	0.01176	0.00862	0.00944	0.00859	0.00615	0.01052	0.00960	0.01274	0.01303	0.02260	0.01325	0.13878	0.02318	0.53787	0.00589	0.00605	0.03637	0.00393
15	0.01725	0.02099	0.10968	0.12329	0.07010	0.20200	0.13215	0.06455	0.08231	0.02131	0.05924	0.01940	0.03353	0.00739	0.00669	0.00203	0.00909	0.00640	0.00405	0.00857

[dist]
# distance from previous block
# <min> <max>
0	1

[block]
# block no. 7 follows, 33 sequences, length 21
# corresponding to MSA columns:
# 530-550
name=unknown_H
#
# <colnr> <probs for GDERKNQSTAVLIFYWHMCP>
#	G	D	E	R	K	N	Q	S	T	A	V	L	I	F	Y	W	H	M	C	P
0	0.00989	0.00807	0.01007	0.00970	0.01164	0.00782	0.03763	0.01433	0.12010	0.02037	0.15404	0.23398	0.25352	0.04947	0.00897	0.00253	0.00426	0.03105	0.00616	0.00643
1	0.00932	0.00678	0.00779	0.00788	0.00978	0.00592	0.00589	0.01120	0.01529	0.05631	0.15289	0.19053	0.43295	0.01657	0.00789	0.00231	0.00364	0.04474	0.00638	0.00593
2	0.46097	0.04382	0.01381	0.01081	0.01535	0.04829	0.00888	0.16490	0.04327	0.02993	0.01158	0.01269	0.00890	0.00647	0.00489	0.00187	0.00590	0.00428	0.00461	0.09878
3	0.01760	0.77260	0.03450	0.01126	0.01690	0.02605	0.01126	0.01971	0.01338	0.01549	0.00915	0.01056	0.00845	0.00563	0.00422	0.00141	0.00704	0.00352	0.00282	0.00845
4	0.01084	0.00743	0.00905	0.00853	0.01066	0.00665	0.00639	0.01369	0.03858	0.08080	0.32288	0.16309	0.22460	0.01441	0.00759	0.00215	0.00365	0.01251	0.00664	0.04987
5	0.05735	0.10301	0.11619	0.08389	0.18383	0.11419	0.03718	0.04899	0.11830	0.02143	0.01355	0.01574	0.01073	0.00686	0.00678	0.00199	0.04163	0.00543	0.00380	0.00915
6	0.00985	0.00794	0.00870	0.00898	0.01034	0.05193	0.00655	0.01202	0.01575	0.02105	0.29836	0.28701	0.13467	0.01577	0.00777	0.00228	0.00405	0.04437	0.04668	0.00592
7	0.02023	0.04006	0.01966	0.01700	0.08181	0.06993	0.04818	0.32247	0.18269	0.03047	0.01748	0.01916	0.01358	0.05518	0.00818	0.00226	0.00724	0.00634	0.00556	0.03249
8	0.03936	0.01627	0.01629	0.01591	0.08079	0.11408	0.01140	0.12184	0.34710	0.02642	0.03975	0.06109	0.01865	0.00905	0.00663	0.00210	0.00652	0.02824	0.00574	0.03277
9	0.06979	0.05098	0.01576	0.16126	0.09417	0.01304	0.01121	0.12878	0.01583	0.02281	0.05907	0.02354	0.02898	0.09901	0.08406	0.01797	0.00765	0.00667	0.08190	0.00751
10	0.01455	0.01462	0.05003	0.11100	0.07788	0.05014	0.21682	0.04485	0.04930	0.04035	0.01726	0.10057	0.01569	0.07170	0.07277	0.00326	0.02903	0.00818	0.00404	0.00794
11	0.00858	0.00686	0.00855	0.00996	0.05421	0.00618	0.00653	0.01034	0.01444	0.01858	0.12407	0.34103	0.33231	0.01723	0.00795	0.00237	0.00378	0.01511	0.00606	0.00585
12	0.01362	0.00917	0.01010	0.00953	0.01153	0.05319	0.00704	0.01611	0.05685	0.12905	0.15313	0.13645	0.15717	0.10462	0.01204	0.06609	0.00501	0.03676	0.00598	0.00656
13	0.01514	0.01280	0.02084	0.07729	0.46244	0.01284	0.01576	0.01850	0.01487	0.06207	0.07488	0.06461	0.01802	0.05532	0.00834	0.00228	0.00682	0.00740	0.04075	0.00902
14	0.01163	0.00987	0.01371	0.01292	0.04059	0.01120	0.04511	0.03554	0.05540	0.01792	0.05876	0.06849	0.09853	0.16874	0.17537	0.00498	0.15150	0.00888	0.00437	0.00649
15	0.06571	0.01042	0.01192	0.01060	0.01366	0.01070	0.00833	0.06947	0.18219	0.14278	0.19286	0.05680	0.10922	0.03507	0.00791	0.00232	0.00476	0.05034	0.00669	0.00826
16	0.01296	0.00889	0.01017	0.00952	0.01177	0.00882	0.00710	0.07645	0.10701	0.08588	0.09982	0.17480	0.20328	0.10289	0.01052	0.00274	0.00461	0.02749	0.02821	0.00706
17	0.01178	0.00775	0.00920	0.00874	0.01035	0.00760	0.00626	0.05403	0.04948	0.06241	0.09758	0.11659	0.18450	0.16802	0.04859	0.10553	0.00539	0.01052	0.02977	0.00590
18	0.06359	0.01491	0.05379	0.22773	0.23407	0.03073	0.08819	0.03697	0.04146	0.02122	0.01324	0.01715	0.01043	0.00669	0.00710	0.00208	0.04570	0.00592	0.07043	0.00861
19	0.03451	0.00898	0.01029	0.00969	0.01155	0.00919	0.00697	0.09526	0.09223	0.06353	0.10212	0.22542	0.08079	0.20301	0.01396	0.00332	0.00504	0.01151	0.00588	0.00675
20	0.03785	0.00897	0.01046	0.00986	0.01192	0.00891	0.00712	0.08371	0.07582	0.09220	0.02913	0.30857	0.06965	0.16094	0.01243	0.00309	0.00502	0.01198	0.00583	0.04655

[dist]
# distance from previous block
# <min> <max>
0	3

[block]
# block no. 8 follows, 33 sequences, length 17
# corresponding to MSA columns:
# 554-570
name=unknown_I
#
# <colnr> <probs for GDERKNQSTAVLIFYWHMCP>
#	G	D	E	R	K	N	Q	S	T	A	V	L	I	F	Y	W	H	M	C	P
0	0.00954	0.00665	0.00838	0.00886	0.00987	0.00633	0.00623	0.01168	0.03543	0.03712	0.19492	0.34432	0.08913	0.14074	0.01229	0.00311	0.00428	0.05934	0.00609	0.00569
1	0.11496	0.00855	0.00922	0.00915	0.01114	0.00882	0.00677	0.01573	0.13585	0.02187	0.14870	0.20857	0.16720	0.07246	0.00928	0.00263	0.00428	0.03229	0.00597	0.00656
2	0.03438	0.00761	0.00881	0.00875	0.01047	0.00739	0.00645	0.03287	0.06970	0.02171	0.24744	0.20009	0.21187	0.06488	0.00942	0.00257	0.00399	0.03909	0.00631	0.00621
3	0.00955	0.00669	0.00784	0.00784	0.00962	0.00587	0.00574	0.01114	0.01499	0.05932	0.16918	0.19444	0.39182	0.01679	0.00892	0.05098	0.00366	0.01359	0.00623	0.00579
4	0.01365	0.01170	0.01365	0.00975	0.01560	0.00878	0.00780	0.01658	0.01365	0.02145	0.01170	0.01365	0.00975	0.00488	0.00488	0.00098	0.00488	0.00390	0.00390	0.80888
5	0.06215	0.00850	0.00968	0.00936	0.01120	0.00848	0.00676	0.07507	0.05021	0.05709	0.06467	0.27436	0.11769	0.16195	0.01251	0.00312	0.00486	0.03006	0.00574	0.02651
6	0.07499	0.01230	0.01556	0.01259	0.01659	0.01240	0.07784	0.17262	0.07520	0.16034	0.07153	0.03259	0.16803	0.03371	0.00778	0.00227	0.00586	0.03284	0.00623	0.00872
7	0.01035	0.00826	0.00901	0.00852	0.01075	0.00798	0.00638	0.05756	0.10126	0.02180	0.18192	0.09398	0.38134	0.06022	0.00916	0.00246	0.00398	0.01225	0.00631	0.00653
8	0.00952	0.00676	0.00768	0.00787	0.00838	0.00672	0.00487	0.01102	0.05331	0.01489	0.02839	0.17754	0.09449	0.51211	0.02477	0.00505	0.00554	0.01155	0.00475	0.00478
9	0.01290	0.00906	0.01032	0.01004	0.01215	0.03731	0.00757	0.01706	0.11459	0.10584	0.11221	0.22947	0.16256	0.01656	0.04032	0.03185	0.00519	0.05182	0.00622	0.00698
10	0.08014	0.00908	0.01025	0.00988	0.01180	0.00956	0.00734	0.10388	0.07329	0.02284	0.09495	0.23758	0.06662	0.10877	0.05738	0.00334	0.00565	0.04046	0.04049	0.00671
11	0.06174	0.01561	0.01595	0.01305	0.01718	0.05717	0.01055	0.40919	0.05894	0.03344	0.08383	0.05108	0.04616	0.00943	0.00663	0.00202	0.00638	0.03414	0.03260	0.03491
12	0.01165	0.01195	0.06295	0.01239	0.01453	0.07204	0.03561	0.02965	0.01251	0.01678	0.02030	0.08705	0.05716	0.05655	0.41508	0.00699	0.05843	0.00803	0.00386	0.00649
13	0.03745	0.00943	0.01147	0.03315	0.01302	0.01037	0.00802	0.12008	0.03232	0.03334	0.04525	0.06176	0.07373	0.17243	0.18615	0.05004	0.04769	0.00826	0.03955	0.00649
14	0.01570	0.03810	0.04480	0.04243	0.01796	0.12164	0.06631	0.09787	0.05380	0.06176	0.05993	0.18428	0.05126	0.01501	0.07588	0.00297	0.00802	0.02942	0.00514	0.00773
15	0.01281	0.01271	0.04491	0.01716	0.02040	0.01217	0.26256	0.05438	0.01425	0.01939	0.02124	0.21533	0.02215	0.12417	0.01286	0.00304	0.06985	0.04910	0.00443	0.00711
16	0.00860	0.03947	0.00863	0.00850	0.00964	0.00647	0.00601	0.00995	0.01330	0.01706	0.06166	0.45132	0.22229	0.07425	0.00992	0.00277	0.00406	0.03476	0.00584	0.00548

[dist]
# distance from previous block
# <min> <max>
10	15

[block]
# block no. 9 follows, 33 sequences, length 13
# corresponding to MSA columns:
# 586-598
name=unknown_J
#
# <colnr> <probs for GDERKNQSTAVLIFYWHMCP>
#	G	D	E	R	K	N	Q	S	T	A	V	L	I	F	Y	W	H	M	C	P
0	0.04911	0.01667	0.02207	0.05681	0.10668	0.07463	0.13625	0.22378	0.04528	0.10326	0.04842	0.01826	0.01357	0.00719	0.00662	0.00198	0.00782	0.00633	0.00514	0.05014
1	0.00938	0.00679	0.00946	0.00987	0.01073	0.00735	0.00735	0.01116	0.01123	0.01553	0.02308	0.14281	0.02454	0.18800	0.40166	0.00765	0.01192	0.09174	0.00431	0.00544
2	0.01016	0.00728	0.01003	0.01109	0.01255	0.00714	0.00936	0.01310	0.01577	0.02101	0.18742	0.11101	0.04359	0.01729	0.00876	0.00280	0.00527	0.49401	0.00633	0.00605
3	0.02182	0.01661	0.01801	0.01383	0.01909	0.01755	0.01131	0.49855	0.08631	0.03595	0.01587	0.01609	0.01165	0.00734	0.00623	0.00178	0.00656	0.00562	0.00601	0.18383
4	0.01779	0.01493	0.01526	0.03262	0.01753	0.07252	0.00992	0.22422	0.12287	0.04262	0.02319	0.02316	0.11394	0.00833	0.00624	0.00175	0.00610	0.00659	0.00545	0.23496
5	0.01497	0.13560	0.10688	0.05023	0.01807	0.07096	0.01197	0.12468	0.01576	0.02058	0.03047	0.04877	0.01550	0.06408	0.21277	0.00461	0.01055	0.03180	0.00405	0.00770
6	0.00941	0.00649	0.00755	0.00755	0.00788	0.00654	0.00459	0.00983	0.01014	0.01348	0.02409	0.04262	0.07983	0.61992	0.11795	0.00656	0.00751	0.00962	0.00410	0.00435
7	0.01576	0.01801	0.09463	0.03419	0.43101	0.01595	0.25083	0.02056	0.01508	0.02131	0.01265	0.01657	0.01009	0.00579	0.00692	0.00206	0.00910	0.00642	0.00324	0.00984
8	0.02188	0.01618	0.01799	0.01626	0.07601	0.08153	0.01213	0.22613	0.13597	0.17837	0.02022	0.02010	0.04197	0.00863	0.00834	0.00212	0.09379	0.00647	0.00593	0.00999
9	0.01070	0.00857	0.01417	0.01264	0.01413	0.00917	0.10782	0.01226	0.01120	0.01560	0.01880	0.14468	0.01931	0.09232	0.30333	0.12985	0.05697	0.00898	0.00382	0.00568
10	0.00942	0.00689	0.00842	0.00898	0.00993	0.00670	0.00615	0.03709	0.04656	0.01878	0.11302	0.45295	0.09554	0.13339	0.01199	0.00309	0.00429	0.01514	0.00596	0.00571
11	0.01237	0.03944	0.04333	0.38534	0.02993	0.04892	0.01391	0.01590	0.01403	0.01826	0.07562	0.12579	0.02003	0.00971	0.00684	0.00215	0.00725	0.05469	0.00403	0.07246
12	0.40093	0.01563	0.03611	0.01120	0.01588	0.06862	0.00933	0.12992	0.07293	0.02860	0.01226	0.01334	0.00943	0.00647	0.00503	0.00184	0.00606	0.00441	0.00457	0.14745

[dist]
