[name]
unknown

[dist]
# distance from previous block
# <min> <max>
0	50

[block]
# block no. 0 follows, 34 sequences, length 21
# corresponding to MSA columns:
# 50-70
name=unknown_A
#
# <colnr> <probs for GDERKNQSTAVLIFYWHMCP>
#	G	D	E	R	K	N	Q	S	T	A	V	L	I	F	Y	W	H	M	C	P
0	0.05905	0.25491	0.11790	0.01378	0.01861	0.17960	0.01294	0.11184	0.01679	0.02077	0.01429	0.02136	0.01300	0.00807	0.00582	0.00188	0.00809	0.10917	0.00393	0.00822
1	0.16319	0.20755	0.11288	0.05183	0.06020	0.06516	0.04667	0.04217	0.03871	0.06963	0.04138	0.01500	0.01145	0.00645	0.00538	0.00180	0.00713	0.00489	0.00390	0.04461
2	0.01810	0.13568	0.04711	0.09890	0.28355	0.23491	0.05318	0.02127	0.01536	0.01813	0.01099	0.01397	0.00912	0.00606	0.00595	0.00180	0.00907	0.00500	0.00313	0.00871
3	0.00784	0.00573	0.00738	0.00870	0.00929	0.00527	0.00587	0.00903	0.01266	0.01661	0.03921	0.68346	0.12565	0.01977	0.00817	0.00257	0.00369	0.01780	0.00600	0.00527
4	0.01871	0.01479	0.01685	0.01371	0.05545	0.01446	0.01051	0.33274	0.05013	0.03023	0.01396	0.01493	0.01066	0.00635	0.00571	0.00150	0.00601	0.00498	0.00510	0.37321
5	0.01452	0.01915	0.22153	0.10363	0.23830	0.01368	0.01724	0.05577	0.01472	0.02146	0.01193	0.01478	0.00935	0.00580	0.00592	0.00174	0.00754	0.00499	0.00337	0.21458
6	0.01307	0.03084	0.64789	0.01786	0.02649	0.01505	0.02231	0.01988	0.01334	0.02012	0.01135	0.01367	0.00828	0.00647	0.00722	0.00205	0.06684	0.00479	0.00279	0.04968
7	0.01026	0.00857	0.01372	0.01244	0.01398	0.00989	0.07130	0.01279	0.01117	0.01611	0.05180	0.02469	0.01707	0.03911	0.57111	0.00847	0.09068	0.00710	0.00356	0.00618
8	0.00940	0.00626	0.00705	0.00705	0.00705	0.00626	0.00392	0.00940	0.00940	0.01253	0.02036	0.04228	0.02349	0.77292	0.03289	0.00626	0.00626	0.00940	0.00392	0.00392
9	0.01514	0.31244	0.28062	0.01753	0.05608	0.01968	0.10178	0.01956	0.01333	0.01803	0.01050	0.01301	0.00855	0.00631	0.00705	0.00188	0.08215	0.00475	0.00284	0.00876
10	0.00787	0.00562	0.00750	0.00900	0.00937	0.00525	0.00600	0.00900	0.01237	0.01649	0.03561	0.76871	0.04274	0.02024	0.00825	0.00262	0.00375	0.01837	0.00600	0.00525
11	0.00819	0.00652	0.00735	0.00725	0.00910	0.00568	0.00540	0.01031	0.01589	0.02046	0.30374	0.09451	0.45188	0.01543	0.00766	0.00215	0.00322	0.01318	0.00640	0.00568
12	0.01245	0.01174	0.01983	0.71031	0.08964	0.01442	0.01807	0.01673	0.01304	0.01681	0.01153	0.01715	0.00872	0.00641	0.00646	0.00214	0.00855	0.00574	0.00289	0.00738
13	0.01631	0.17934	0.14724	0.02688	0.35515	0.01785	0.05433	0.06838	0.03668	0.02127	0.01210	0.01470	0.00980	0.00599	0.00595	0.00185	0.00788	0.00526	0.00336	0.00968
14	0.01838	0.00891	0.01166	0.00978	0.01302	0.00803	0.00775	0.02174	0.04843	0.34904	0.33679	0.03615	0.08097	0.01085	0.00707	0.00203	0.00427	0.00926	0.00742	0.00846
15	0.00819	0.00591	0.00775	0.00868	0.00942	0.00547	0.00598	0.00982	0.01396	0.01892	0.21249	0.55897	0.07382	0.01831	0.00806	0.00246	0.00355	0.01649	0.00628	0.00547
16	0.01658	0.01536	0.02136	0.34672	0.15113	0.11406	0.06799	0.02012	0.01447	0.09219	0.01273	0.01653	0.00969	0.00683	0.00760	0.00209	0.06701	0.00574	0.00355	0.00824
17	0.01512	0.03149	0.62354	0.01774	0.02642	0.07594	0.02182	0.02175	0.01440	0.07493	0.01252	0.01411	0.00879	0.00632	0.00614	0.00201	0.00942	0.00486	0.00318	0.00949
18	0.04034	0.11882	0.21267	0.02772	0.38384	0.04166	0.01877	0.02062	0.03919	0.02045	0.01193	0.01462	0.00962	0.00597	0.00595	0.00189	0.00803	0.00513	0.00317	0.00961
19	0.05803	0.01833	0.15389	0.13218	0.20141	0.06126	0.06513	0.04348	0.01475	0.02117	0.03122	0.01570	0.01058	0.00609	0.00605	0.00183	0.00788	0.00532	0.00345	0.14223
20	0.01695	0.13141	0.08757	0.12251	0.06659	0.03394	0.12883	0.06255	0.07248	0.10494	0.01566	0.05625	0.01255	0.00735	0.00674	0.00199	0.02946	0.00641	0.00425	0.03159

[dist]
# distance from previous block
# <min> <max>
15	40

[block]
# block no. 1 follows, 34 sequences, length 8
# corresponding to MSA columns:
# 117-124
name=unknown_B
#
# <colnr> <probs for GDERKNQSTAVLIFYWHMCP>
#	G	D	E	R	K	N	Q	S	T	A	V	L	I	F	Y	W	H	M	C	P
0	0.01911	0.21546	0.08141	0.01372	0.01838	0.20531	0.03263	0.06808	0.09324	0.08611	0.05491	0.01882	0.05112	0.00757	0.00585	0.00179	0.00776	0.00570	0.00446	0.00857
1	0.00980	0.00647	0.00792	0.00836	0.00982	0.00575	0.00596	0.01131	0.01400	0.08363	0.07626	0.42985	0.27192	0.01749	0.00785	0.00239	0.00372	0.01538	0.00623	0.00589
2	0.01612	0.44017	0.20713	0.01418	0.04774	0.02081	0.01438	0.06393	0.04998	0.01907	0.01352	0.01470	0.04076	0.00647	0.00516	0.00168	0.00736	0.00467	0.00334	0.00883
3	0.06148	0.05466	0.07365	0.01373	0.01871	0.01749	0.01199	0.47539	0.02504	0.06799	0.06799	0.05039	0.01571	0.00839	0.00636	0.00196	0.00666	0.00651	0.00597	0.00994
4	0.02097	0.24056	0.11210	0.01561	0.07152	0.04668	0.01353	0.25562	0.02007	0.12313	0.01403	0.01455	0.01038	0.00675	0.00572	0.00179	0.00735	0.00503	0.00478	0.00984
5	0.10686	0.22465	0.05993	0.01184	0.01723	0.05503	0.01065	0.13971	0.01681	0.09956	0.01264	0.01345	0.00972	0.00615	0.00512	0.00157	0.00649	0.00439	0.00437	0.19385
6	0.05627	0.14206	0.17426	0.01349	0.01894	0.09285	0.01306	0.13826	0.05382	0.02330	0.04654	0.01608	0.01249	0.00976	0.05975	0.00236	0.00813	0.00511	0.00410	0.10938
7	0.11337	0.23292	0.08055	0.01323	0.06082	0.04628	0.01121	0.07534	0.01500	0.02161	0.06597	0.03490	0.04478	0.00737	0.00593	0.00171	0.03463	0.00547	0.00396	0.12493

[dist]
# distance from previous block
# <min> <max>
9	70

[block]
# block no. 2 follows, 34 sequences, length 17
# corresponding to MSA columns:
# 196-212
name=unknown_C
#
# <colnr> <probs for GDERKNQSTAVLIFYWHMCP>
#	G	D	E	R	K	N	Q	S	T	A	V	L	I	F	Y	W	H	M	C	P
0	0.07065	0.21708	0.13864	0.01447	0.02001	0.01833	0.07917	0.20292	0.05014	0.02491	0.01542	0.04248	0.03488	0.00884	0.03305	0.00219	0.00771	0.00586	0.00429	0.00896
1	0.06605	0.15018	0.26885	0.01504	0.02139	0.01863	0.01569	0.24072	0.06574	0.02677	0.01310	0.01422	0.00981	0.00694	0.00645	0.00194	0.03966	0.00501	0.00426	0.00958
2	0.01711	0.40279	0.28060	0.01411	0.02085	0.07493	0.01558	0.02110	0.01409	0.06922	0.01117	0.01246	0.00881	0.00601	0.00515	0.00168	0.00810	0.00419	0.00317	0.00887
3	0.01551	0.27634	0.39786	0.01535	0.02268	0.04710	0.01774	0.06981	0.01473	0.01979	0.01118	0.01308	0.00874	0.00775	0.03477	0.00213	0.00889	0.00448	0.00306	0.00901
4	0.05059	0.43114	0.19176	0.01296	0.01890	0.05642	0.01360	0.04912	0.01412	0.04183	0.01106	0.01322	0.00929	0.02987	0.03011	0.00206	0.00796	0.00428	0.00322	0.00848
5	0.00991	0.05577	0.03970	0.00976	0.01126	0.00885	0.00772	0.01190	0.01104	0.01545	0.07102	0.02985	0.02053	0.21894	0.44088	0.00785	0.01257	0.00759	0.00378	0.00565
6	0.01879	0.44659	0.09807	0.04088	0.02002	0.15750	0.03990	0.02157	0.01465	0.07292	0.01098	0.01237	0.00896	0.00602	0.00506	0.00161	0.00816	0.00420	0.00330	0.00845
7	0.02456	0.01810	0.01939	0.01487	0.02004	0.02004	0.01228	0.71107	0.03038	0.04072	0.01551	0.01551	0.01099	0.00776	0.00646	0.00194	0.00711	0.00582	0.00646	0.01099
8	0.01584	0.52967	0.26843	0.01350	0.02037	0.02206	0.01532	0.01972	0.01330	0.01695	0.00985	0.01145	0.00826	0.00573	0.00481	0.00160	0.00779	0.00389	0.00275	0.00871
9	0.01467	0.32782	0.46002	0.01550	0.02346	0.01919	0.01880	0.02002	0.01344	0.01838	0.01056	0.01234	0.00823	0.00590	0.00535	0.00178	0.00850	0.00425	0.00274	0.00905
10	0.00940	0.00626	0.00705	0.00705	0.00705	0.00626	0.00392	0.00940	0.00940	0.01253	0.02036	0.04228	0.02349	0.77292	0.03289	0.00626	0.00626	0.00940	0.00392	0.00392
11	0.01296	0.03342	0.73944	0.01842	0.02797	0.01501	0.02387	0.02046	0.01364	0.02046	0.01160	0.01364	0.00818	0.00614	0.00614	0.00205	0.00955	0.00477	0.00273	0.00955
12	0.01727	0.77681	0.03386	0.01106	0.01658	0.02557	0.01106	0.01935	0.01313	0.01520	0.00898	0.01036	0.00829	0.00553	0.00415	0.00138	0.00691	0.00345	0.00276	0.00829
13	0.00897	0.00660	0.00839	0.00794	0.00954	0.00602	0.00596	0.01185	0.01787	0.02492	0.65155	0.04989	0.13924	0.01358	0.00762	0.00205	0.00307	0.01191	0.00698	0.00602
14	0.01602	0.03887	0.08444	0.04707	0.01872	0.01508	0.01155	0.14786	0.33840	0.02656	0.03941	0.06889	0.03673	0.00885	0.00645	0.00203	0.00589	0.00731	0.00564	0.07424
15	0.03659	0.29833	0.19308	0.01293	0.01837	0.06324	0.01319	0.02048	0.06515	0.05989	0.03657	0.04052	0.01410	0.04239	0.00679	0.00200	0.00723	0.03414	0.00385	0.03117
16	0.04892	0.06244	0.17641	0.01281	0.01822	0.04935	0.01227	0.07592	0.11036	0.05393	0.04633	0.07834	0.01566	0.00781	0.00592	0.00177	0.00642	0.00628	0.00458	0.20625

[dist]
# distance from previous block
# <min> <max>
1	9

[block]
# block no. 3 follows, 34 sequences, length 13
# corresponding to MSA columns:
# 222-234
name=unknown_D
#
# <colnr> <probs for GDERKNQSTAVLIFYWHMCP>
#	G	D	E	R	K	N	Q	S	T	A	V	L	I	F	Y	W	H	M	C	P
0	0.08086	0.07495	0.04252	0.01206	0.01536	0.10366	0.04321	0.08269	0.03320	0.05349	0.12367	0.07589	0.15634	0.01061	0.00761	0.00206	0.06087	0.00844	0.00506	0.00745
1	0.45916	0.07898	0.06141	0.03388	0.09087	0.05738	0.05493	0.01929	0.01284	0.02472	0.04637	0.01385	0.01055	0.00632	0.00498	0.00194	0.00647	0.00458	0.00378	0.00770
2	0.09643	0.47852	0.06718	0.01187	0.01691	0.10463	0.01126	0.04149	0.03825	0.01876	0.05345	0.01362	0.01181	0.00638	0.00480	0.00160	0.00713	0.00431	0.00345	0.00816
3	0.00797	0.00630	0.00717	0.00750	0.00907	0.00551	0.00542	0.00971	0.01471	0.01868	0.17408	0.25317	0.42410	0.01687	0.00780	0.00228	0.00336	0.01459	0.00620	0.00551
4	0.02353	0.01851	0.01999	0.01621	0.04651	0.06089	0.03566	0.59356	0.05944	0.03731	0.01548	0.01576	0.01116	0.00759	0.00647	0.00194	0.00743	0.00585	0.00606	0.01065
5	0.00845	0.00648	0.00764	0.00754	0.00915	0.00577	0.00553	0.01064	0.01598	0.02117	0.37509	0.11906	0.32126	0.04678	0.00874	0.00232	0.00333	0.01297	0.00644	0.00568
6	0.01632	0.01687	0.09640	0.01371	0.01805	0.05275	0.01176	0.08020	0.51974	0.02623	0.02502	0.02360	0.05318	0.00867	0.00653	0.00213	0.00600	0.00707	0.00594	0.00983
7	0.00818	0.00642	0.00715	0.00740	0.00894	0.00569	0.00534	0.00974	0.01406	0.01761	0.11828	0.16347	0.43854	0.11260	0.01099	0.00279	0.00384	0.04782	0.00584	0.00532
8	0.01923	0.30333	0.09374	0.04705	0.07104	0.16987	0.04157	0.02211	0.01496	0.10745	0.01199	0.01355	0.00948	0.00645	0.00617	0.00175	0.04338	0.00464	0.00360	0.00864
9	0.04201	0.03399	0.01742	0.04378	0.11343	0.01349	0.03667	0.09653	0.17835	0.11071	0.07248	0.02027	0.01674	0.00732	0.00614	0.00181	0.00588	0.00621	0.00533	0.17143
10	0.03908	0.04007	0.04195	0.09680	0.14831	0.05916	0.04170	0.25309	0.03659	0.07828	0.05494	0.01771	0.01347	0.00716	0.00631	0.00191	0.00731	0.00594	0.00494	0.04527
11	0.05840	0.11188	0.04340	0.07247	0.12953	0.04054	0.06777	0.17595	0.10251	0.04440	0.01632	0.03654	0.03075	0.00730	0.00613	0.00192	0.00714	0.00610	0.00459	0.03636
12	0.01665	0.01644	0.11728	0.08198	0.17674	0.01419	0.03340	0.10265	0.12614	0.07925	0.01573	0.01738	0.01190	0.00792	0.02930	0.00213	0.00732	0.00572	0.00449	0.13338

[dist]
# distance from previous block
# <min> <max>
0	10

[block]
# block no. 4 follows, 34 sequences, length 48
# corresponding to MSA columns:
# 245-292
name=unknown_E
#
# <colnr> <probs for GDERKNQSTAVLIFYWHMCP>
#	G	D	E	R	K	N	Q	S	T	A	V	L	I	F	Y	W	H	M	C	P
0	0.04762	0.01596	0.04642	0.13565	0.32348	0.06012	0.04277	0.06991	0.05938	0.09164	0.01411	0.01667	0.01081	0.00664	0.00680	0.00201	0.03072	0.00578	0.00407	0.00944
1	0.01829	0.01563	0.02090	0.10936	0.23416	0.08183	0.06117	0.12737	0.05615	0.09411	0.05589	0.01849	0.01392	0.00696	0.00644	0.00191	0.00748	0.00612	0.00460	0.05921
2	0.01660	0.01335	0.01991	0.11749	0.22262	0.03147	0.07862	0.07679	0.06847	0.11530	0.07754	0.02496	0.09171	0.00823	0.00677	0.00204	0.00685	0.00741	0.00491	0.00895
3	0.01773	0.01461	0.04579	0.15602	0.04688	0.04302	0.08294	0.17185	0.07259	0.10869	0.10840	0.02161	0.01799	0.00781	0.00660	0.00199	0.00702	0.00677	0.02532	0.03637
4	0.07326	0.01376	0.05045	0.38936	0.19223	0.01454	0.01665	0.06616	0.01493	0.08869	0.01307	0.01665	0.00971	0.00649	0.00626	0.00206	0.00779	0.00562	0.00375	0.00858
5	0.02277	0.02725	0.01849	0.01768	0.06419	0.59317	0.01275	0.02579	0.06885	0.04023	0.01175	0.01327	0.00953	0.00700	0.00659	0.00178	0.04263	0.00463	0.00369	0.00796
6	0.10252	0.00768	0.00907	0.00879	0.01079	0.00749	0.00682	0.01400	0.03497	0.05599	0.38994	0.10230	0.12067	0.01346	0.00733	0.00220	0.00385	0.08931	0.00644	0.00638
7	0.01045	0.00621	0.00696	0.00692	0.00841	0.00593	0.00514	0.01320	0.01498	0.02343	0.23665	0.09194	0.09816	0.01101	0.00602	0.00181	0.00310	0.00936	0.43438	0.00593
8	0.04340	0.22288	0.02264	0.01340	0.01853	0.02097	0.01158	0.48455	0.02469	0.03300	0.01374	0.01424	0.01032	0.00710	0.00571	0.00178	0.00688	0.00512	0.02947	0.01000
9	0.02226	0.02417	0.01730	0.03986	0.01967	0.47797	0.01164	0.08776	0.01837	0.07369	0.01214	0.01362	0.00956	0.00783	0.02751	0.00189	0.00990	0.00458	0.00403	0.11623
10	0.01441	0.12427	0.48961	0.01919	0.09856	0.01580	0.04130	0.02036	0.01415	0.05061	0.04435	0.01550	0.01118	0.00640	0.00604	0.00195	0.00859	0.00518	0.00322	0.00934
11	0.01327	0.07793	0.43799	0.01493	0.02174	0.01371	0.01731	0.02015	0.08161	0.04858	0.11650	0.04951	0.04291	0.00828	0.00639	0.00204	0.00744	0.00677	0.00415	0.00880
12	0.01306	0.01236	0.02093	0.59538	0.19983	0.01458	0.01837	0.01726	0.01332	0.01755	0.01164	0.01695	0.00898	0.00630	0.00645	0.00210	0.00840	0.00575	0.00294	0.00787
13	0.01644	0.04250	0.10629	0.08768	0.28847	0.01561	0.10933	0.08704	0.01594	0.06672	0.01540	0.01814	0.04257	0.00695	0.00740	0.00204	0.05209	0.00622	0.00384	0.00935
14	0.01118	0.00851	0.01203	0.20112	0.05572	0.00940	0.00910	0.03827	0.01135	0.01512	0.01644	0.03024	0.01689	0.38848	0.07422	0.07766	0.00770	0.00762	0.00357	0.00538
15	0.01220	0.01148	0.01938	0.75739	0.04450	0.01436	0.01794	0.01651	0.01292	0.01651	0.01148	0.01723	0.00861	0.00646	0.00646	0.00215	0.00861	0.00574	0.00287	0.00718
16	0.01441	0.01359	0.02272	0.26399	0.44711	0.01465	0.01820	0.01885	0.04044	0.01953	0.01277	0.01722	0.01041	0.00852	0.04854	0.00248	0.00842	0.00588	0.00324	0.00901
17	0.01396	0.06928	0.04691	0.01155	0.01421	0.01261	0.00953	0.12284	0.08886	0.04441	0.01750	0.02410	0.01560	0.14047	0.30456	0.00597	0.03919	0.00675	0.00436	0.00734
18	0.01038	0.07057	0.01089	0.00904	0.01023	0.00845	0.02234	0.01178	0.01138	0.01550	0.02284	0.07497	0.04387	0.35684	0.13271	0.00528	0.00762	0.10417	0.06592	0.00523
19	0.01414	0.01414	0.01979	0.01696	0.01696	0.01979	0.01414	0.01555	0.00990	0.01555	0.00848	0.01414	0.00848	0.01131	0.02120	0.00283	0.76110	0.00565	0.00283	0.00707
20	0.01160	0.00764	0.01046	0.01197	0.03965	0.00758	0.00976	0.01459	0.01479	0.04759	0.03089	0.06078	0.03197	0.01532	0.00801	0.00266	0.00552	0.52515	0.13776	0.00632
21	0.01261	0.00801	0.03668	0.00902	0.01073	0.00677	0.00665	0.01397	0.01300	0.15625	0.03140	0.31025	0.10204	0.23498	0.01490	0.00349	0.00499	0.01244	0.00566	0.00617
22	0.01165	0.04795	0.01504	0.01264	0.01419	0.01205	0.04656	0.03317	0.01221	0.01748	0.06711	0.02708	0.01858	0.04658	0.33776	0.00603	0.17990	0.05918	0.02834	0.00649
23	0.00791	0.00569	0.00750	0.00887	0.00936	0.00529	0.00596	0.00912	0.01267	0.01686	0.06127	0.71598	0.06991	0.01984	0.00820	0.00259	0.00371	0.01795	0.00604	0.00529
24	0.01028	0.00665	0.00847	0.00865	0.01016	0.00601	0.00633	0.01225	0.01517	0.08736	0.23992	0.33828	0.16813	0.01628	0.00782	0.00233	0.00371	0.03960	0.00651	0.00610
25	0.03877	0.00919	0.01009	0.00904	0.01178	0.00952	0.00714	0.06211	0.14304	0.13979	0.02265	0.02507	0.01738	0.00826	0.00550	0.00181	0.00422	0.03709	0.42964	0.00789
26	0.00883	0.00658	0.00961	0.01020	0.01110	0.00629	0.04768	0.01045	0.01262	0.01707	0.03223	0.56883	0.03741	0.05370	0.03693	0.00304	0.00497	0.08106	0.03589	0.00551
27	0.01038	0.00743	0.00980	0.01081	0.01228	0.00736	0.00894	0.04378	0.01518	0.02005	0.06466	0.20465	0.07820	0.01727	0.00841	0.00273	0.00520	0.43634	0.03053	0.00602
28	0.01213	0.00763	0.00920	0.00856	0.01061	0.00735	0.00649	0.03597	0.05470	0.09521	0.27748	0.09594	0.13929	0.03580	0.05118	0.00263	0.00454	0.01035	0.12825	0.00671
29	0.01611	0.01487	0.01949	0.01651	0.01733	0.04072	0.01370	0.08366	0.01251	0.05056	0.00997	0.01455	0.00906	0.01068	0.01867	0.00267	0.63224	0.00566	0.00343	0.00764
30	0.59621	0.01220	0.01064	0.00940	0.01308	0.01402	0.00767	0.09690	0.01320	0.02832	0.01120	0.01346	0.00896	0.01192	0.10359	0.00310	0.00683	0.00429	0.02775	0.00726
31	0.01570	0.01145	0.01359	0.03164	0.01468	0.04053	0.00937	0.13036	0.05656	0.09452	0.01748	0.02397	0.01526	0.15366	0.18908	0.00483	0.11349	0.00680	0.04964	0.00739
32	0.00900	0.03158	0.01056	0.00923	0.01136	0.00720	0.05968	0.01140	0.02917	0.01901	0.16225	0.21613	0.36875	0.01540	0.00764	0.00223	0.00408	0.01349	0.00588	0.00595
33	0.01162	0.01069	0.01759	0.63365	0.03880	0.01307	0.01604	0.01559	0.01314	0.01694	0.05081	0.02179	0.05234	0.00982	0.05013	0.00263	0.00854	0.00655	0.00329	0.00694
34	0.02414	0.03079	0.01831	0.01665	0.01998	0.74698	0.01248	0.02580	0.01831	0.01581	0.00999	0.01165	0.00832	0.00666	0.00583	0.00166	0.01165	0.00416	0.00333	0.00749
35	0.04511	0.10253	0.37907	0.04083	0.08367	0.03154	0.04982	0.04520	0.09353	0.02134	0.01297	0.01488	0.00981	0.00657	0.00657	0.00201	0.03669	0.00517	0.00342	0.00926
36	0.01111	0.00569	0.00853	0.00853	0.00860	0.00576	0.00576	0.00860	0.00853	0.01145	0.01158	0.01998	0.01151	0.02398	0.06769	0.76490	0.00630	0.00569	0.00284	0.00298
37	0.00842	0.00601	0.00702	0.00776	0.00892	0.00545	0.00544	0.01003	0.01348	0.01816	0.06504	0.41412	0.26138	0.01699	0.00751	0.00231	0.00347	0.01491	0.11812	0.00545
38	0.05127	0.03017	0.01801	0.01637	0.01972	0.72197	0.01230	0.02557	0.01806	0.01626	0.00995	0.01161	0.00828	0.00664	0.00576	0.00168	0.01142	0.00414	0.00335	0.00747
39	0.02107	0.37368	0.02582	0.01357	0.01842	0.21597	0.01177	0.20768	0.01916	0.02225	0.01101	0.01210	0.00903	0.00643	0.00522	0.00161	0.00823	0.00428	0.00391	0.00881
40	0.06886	0.04581	0.10044	0.01569	0.08047	0.01550	0.02724	0.24923	0.06106	0.07502	0.03779	0.01778	0.03250	0.00732	0.00641	0.00185	0.02542	0.00575	0.00505	0.12081
41	0.01641	0.01462	0.02408	0.16551	0.53451	0.01518	0.01857	0.06040	0.01549	0.05436	0.01284	0.01646	0.01025	0.00610	0.00642	0.00197	0.00771	0.00579	0.00355	0.00977
42	0.00805	0.00575	0.00756	0.00893	0.00937	0.00539	0.00602	0.00919	0.01235	0.01640	0.03544	0.68361	0.05861	0.06284	0.00966	0.00283	0.00396	0.04295	0.00588	0.00520
43	0.03837	0.01305	0.02008	0.01647	0.01941	0.04080	0.20264	0.09173	0.01511	0.02071	0.02108	0.19469	0.04373	0.01310	0.03771	0.00271	0.13392	0.06283	0.00450	0.00736
44	0.04199	0.01520	0.04895	0.23249	0.32032	0.04287	0.01686	0.10111	0.01634	0.04031	0.05168	0.01776	0.01253	0.00671	0.00638	0.00199	0.00770	0.00593	0.00384	0.00903
45	0.01503	0.01437	0.02448	0.22269	0.55714	0.01510	0.01935	0.01898	0.01426	0.01994	0.01198	0.01631	0.00982	0.00594	0.00641	0.00198	0.00792	0.00575	0.00311	0.00946
46	0.00787	0.00562	0.00750	0.00900	0.00937	0.00525	0.00600	0.00900	0.01237	0.01649	0.03561	0.76871	0.04274	0.02024	0.00825	0.00262	0.00375	0.01837	0.00600	0.00525
47	0.04694	0.01638	0.01708	0.01346	0.01803	0.05542	0.01094	0.47834	0.04337	0.13034	0.01716	0.01778	0.01243	0.03690	0.00726	0.00208	0.00675	0.00594	0.05331	0.01011

[dist]
# distance from previous block
# <min> <max>
0	2

[block]
# block no. 5 follows, 34 sequences, length 16
# corresponding to MSA columns:
# 295-310
name=unknown_F
#
# <colnr> <probs for GDERKNQSTAVLIFYWHMCP>
#	G	D	E	R	K	N	Q	S	T	A	V	L	I	F	Y	W	H	M	C	P
0	0.04817	0.07015	0.02181	0.09241	0.32227	0.05186	0.01520	0.07222	0.01566	0.11248	0.01445	0.05214	0.01196	0.00740	0.00732	0.00200	0.06300	0.00612	0.00414	0.00923
1	0.00809	0.00586	0.00770	0.00909	0.00970	0.00547	0.00633	0.00943	0.01278	0.01683	0.03769	0.65150	0.09304	0.01973	0.00827	0.00262	0.00392	0.08064	0.00599	0.00533
2	0.00863	0.00658	0.00792	0.00759	0.00934	0.00588	0.00569	0.01120	0.01708	0.02303	0.50320	0.05300	0.28877	0.01428	0.00763	0.00208	0.00312	0.01235	0.00673	0.00588
3	0.01463	0.06652	0.01537	0.01013	0.01581	0.01080	0.00830	0.07621	0.01484	0.02233	0.01165	0.01336	0.00960	0.00509	0.00488	0.00107	0.00514	0.00397	0.00398	0.68630
4	0.04502	0.46429	0.30298	0.01378	0.02079	0.02112	0.01581	0.01976	0.01325	0.01772	0.00998	0.01162	0.00820	0.00578	0.00490	0.00166	0.00785	0.00396	0.00280	0.00873
5	0.01656	0.08238	0.15984	0.05125	0.42276	0.06848	0.01879	0.06627	0.01563	0.02130	0.01184	0.01478	0.00956	0.00603	0.00613	0.00189	0.00824	0.00527	0.00329	0.00971
6	0.00967	0.00743	0.00896	0.00861	0.01040	0.00719	0.00643	0.01425	0.10714	0.02378	0.46549	0.12017	0.15822	0.01384	0.00755	0.00214	0.00342	0.01210	0.00676	0.00644
7	0.00942	0.00826	0.06167	0.00857	0.00947	0.00698	0.00619	0.01041	0.01026	0.01398	0.02155	0.14302	0.02426	0.52044	0.11325	0.00592	0.00747	0.01005	0.00407	0.00475
8	0.01805	0.07535	0.29870	0.03258	0.07575	0.14957	0.05316	0.04301	0.01586	0.12229	0.01568	0.01685	0.04088	0.00689	0.00618	0.00193	0.00875	0.00548	0.00391	0.00912
9	0.01268	0.01166	0.01291	0.01316	0.04262	0.11764	0.05007	0.07434	0.01527	0.01915	0.02768	0.46689	0.03121	0.01551	0.00767	0.00239	0.00595	0.06128	0.00537	0.00654
10	0.00809	0.00578	0.00775	0.00925	0.00972	0.00544	0.00638	0.00938	0.01259	0.01674	0.03549	0.70784	0.04225	0.02003	0.00831	0.00265	0.00394	0.07704	0.00599	0.00531
11	0.01508	0.01496	0.01946	0.01668	0.01721	0.04880	0.01380	0.04695	0.04539	0.01720	0.00971	0.01458	0.00913	0.01085	0.01924	0.00271	0.66198	0.00568	0.00319	0.00741
12	0.01340	0.01148	0.01340	0.00957	0.01531	0.00861	0.00766	0.01627	0.01340	0.02105	0.01148	0.01340	0.00957	0.00479	0.00479	0.00096	0.00479	0.00383	0.00383	0.81242
13	0.01435	0.04599	0.36621	0.04196	0.10336	0.01473	0.11253	0.02130	0.08062	0.04445	0.03035	0.03356	0.01202	0.00672	0.00639	0.00201	0.00838	0.00597	0.00361	0.04550
14	0.01450	0.01405	0.02177	0.21534	0.43136	0.05459	0.01726	0.01800	0.01418	0.01909	0.01473	0.10800	0.01369	0.00775	0.00661	0.00205	0.00765	0.00720	0.00347	0.00870
15	0.01727	0.77681	0.03386	0.01106	0.01658	0.02557	0.01106	0.01935	0.01313	0.01520	0.00898	0.01036	0.00829	0.00553	0.00415	0.00138	0.00691	0.00345	0.00276	0.00829

[dist]
# distance from previous block
# <min> <max>
0	1

[block]
# block no. 6 follows, 34 sequences, length 28
# corresponding to MSA columns:
# 312-339
name=unknown_G
#
# <colnr> <probs for GDERKNQSTAVLIFYWHMCP>
#	G	D	E	R	K	N	Q	S	T	A	V	L	I	F	Y	W	H	M	C	P
0	0.01362	0.08578	0.58147	0.01921	0.02800	0.01599	0.12649	0.02042	0.01385	0.02011	0.01163	0.01397	0.00844	0.00599	0.00622	0.00202	0.00956	0.00511	0.00281	0.00933
1	0.00905	0.00645	0.00876	0.01020	0.01105	0.00625	0.00786	0.01095	0.01335	0.01759	0.03437	0.43221	0.03950	0.04994	0.00955	0.00293	0.00482	0.31377	0.00589	0.00550
2	0.01285	0.01090	0.01245	0.00926	0.01436	0.00853	0.00737	0.04344	0.01432	0.02123	0.02103	0.02196	0.13484	0.00692	0.00535	0.00121	0.00462	0.00561	0.00431	0.63943
3	0.00900	0.00598	0.00784	0.00897	0.00972	0.00549	0.00611	0.01024	0.01286	0.05572	0.03708	0.68039	0.08771	0.01932	0.00811	0.00256	0.00381	0.01740	0.00611	0.00557
4	0.01220	0.01148	0.01938	0.75739	0.04450	0.01436	0.01794	0.01651	0.01292	0.01651	0.01148	0.01723	0.00861	0.00646	0.00646	0.00215	0.00861	0.00574	0.00287	0.00718
5	0.02456	0.01810	0.01939	0.01487	0.02004	0.02004	0.01228	0.71107	0.03038	0.04072	0.01551	0.01551	0.01099	0.00776	0.00646	0.00194	0.00711	0.00582	0.00646	0.01099
6	0.01628	0.01541	0.06381	0.01359	0.01772	0.01620	0.01125	0.06687	0.63901	0.02726	0.02477	0.02297	0.01851	0.00854	0.00654	0.00217	0.00551	0.00706	0.00631	0.01022
7	0.01220	0.01148	0.01938	0.75739	0.04450	0.01436	0.01794	0.01651	0.01292	0.01651	0.01148	0.01723	0.00861	0.00646	0.00646	0.00215	0.00861	0.00574	0.00287	0.00718
8	0.01599	0.01535	0.02623	0.03966	0.73262	0.01535	0.01983	0.01983	0.01471	0.02111	0.01215	0.01599	0.01023	0.00576	0.00640	0.00192	0.00768	0.00576	0.00320	0.01023
9	0.00787	0.00562	0.00750	0.00900	0.00937	0.00525	0.00600	0.00900	0.01237	0.01649	0.03561	0.76871	0.04274	0.02024	0.00825	0.00262	0.00375	0.01837	0.00600	0.00525
10	0.00787	0.00562	0.00750	0.00900	0.00937	0.00525	0.00600	0.00900	0.01237	0.01649	0.03561	0.76871	0.04274	0.02024	0.00825	0.00262	0.00375	0.01837	0.00600	0.00525
11	0.01771	0.72967	0.03288	0.01141	0.01680	0.07115	0.01115	0.01976	0.01346	0.01524	0.00905	0.01045	0.00829	0.00560	0.00425	0.00140	0.00721	0.00350	0.00280	0.00824
12	0.64939	0.01217	0.01067	0.00914	0.01335	0.01342	0.00753	0.02167	0.01260	0.18071	0.01253	0.01296	0.00893	0.00643	0.00453	0.00200	0.00511	0.00414	0.00486	0.00785
13	0.00787	0.00562	0.00750	0.00900	0.00937	0.00525	0.00600	0.00900	0.01237	0.01649	0.03561	0.76871	0.04274	0.02024	0.00825	0.00262	0.00375	0.01837	0.00600	0.00525
14	0.01521	0.01456	0.02482	0.18737	0.59100	0.01515	0.01944	0.01915	0.01434	0.02016	0.01202	0.01625	0.00990	0.00590	0.00641	0.00197	0.00787	0.00575	0.00313	0.00961
15	0.01553	0.06291	0.04877	0.02953	0.42088	0.01470	0.09862	0.03620	0.01516	0.04184	0.01626	0.02554	0.01475	0.00788	0.00682	0.00210	0.00770	0.12172	0.00385	0.00922
16	0.01479	0.00755	0.00834	0.00772	0.00989	0.00749	0.00592	0.03981	0.05653	0.12624	0.02293	0.07893	0.01844	0.00862	0.00526	0.00171	0.00367	0.00708	0.56201	0.00708
17	0.01017	0.00736	0.01007	0.01143	0.01298	0.00726	0.00993	0.01302	0.01486	0.01917	0.03697	0.07194	0.09832	0.01772	0.00881	0.00290	0.00571	0.62952	0.00595	0.00591
18	0.01406	0.02653	0.45754	0.02511	0.20954	0.01528	0.11952	0.02033	0.01414	0.02066	0.01195	0.01478	0.00894	0.00594	0.00641	0.00203	0.00926	0.00543	0.00293	0.00961
19	0.00841	0.00672	0.00820	0.00858	0.00974	0.00651	0.00622	0.00998	0.01378	0.01794	0.13011	0.36462	0.29442	0.01729	0.00891	0.00240	0.05984	0.01486	0.00590	0.00556
20	0.01109	0.00570	0.00855	0.00855	0.00863	0.00578	0.00578	0.00863	0.00855	0.01148	0.01163	0.02003	0.01156	0.02420	0.07403	0.75785	0.00640	0.00570	0.00285	0.00301
21	0.01679	0.04451	0.11479	0.02050	0.04874	0.22351	0.29174	0.02056	0.01547	0.01841	0.01589	0.01869	0.06595	0.00758	0.00764	0.04155	0.00986	0.00647	0.00339	0.00796
22	0.01599	0.01530	0.02579	0.03866	0.70558	0.01538	0.01947	0.02038	0.04138	0.02133	0.01269	0.01630	0.01059	0.00587	0.00640	0.00193	0.00758	0.00582	0.00333	0.01023
23	0.01513	0.01543	0.02096	0.02140	0.15765	0.06487	0.01515	0.01704	0.01137	0.01666	0.00930	0.01434	0.00882	0.00993	0.01733	0.00258	0.56583	0.00558	0.00293	0.00772
24	0.01088	0.00591	0.00775	0.00780	0.00811	0.00591	0.00518	0.00997	0.00977	0.01402	0.01602	0.02803	0.01615	0.20719	0.02306	0.44414	0.00535	0.03211	0.13892	0.00374
25	0.01621	0.05272	0.02456	0.14131	0.49140	0.04700	0.01812	0.05692	0.01513	0.02071	0.01181	0.01560	0.00977	0.00627	0.00701	0.00196	0.04518	0.00557	0.00329	0.00946
26	0.00935	0.00792	0.01049	0.08246	0.01414	0.00771	0.04133	0.02704	0.01480	0.01892	0.14544	0.14761	0.37067	0.03987	0.00883	0.00237	0.02713	0.01238	0.00557	0.00597
27	0.01156	0.01162	0.06698	0.03555	0.05957	0.01044	0.04787	0.01834	0.18759	0.02136	0.10947	0.10518	0.20947	0.01233	0.00731	0.00224	0.00527	0.06472	0.00560	0.00754

[dist]
# distance from previous block
# <min> <max>
4	7

[block]
# block no. 7 follows, 34 sequences, length 15
# corresponding to MSA columns:
# 348-362
name=unknown_H
#
# <colnr> <probs for GDERKNQSTAVLIFYWHMCP>
#	G	D	E	R	K	N	Q	S	T	A	V	L	I	F	Y	W	H	M	C	P
0	0.07589	0.06533	0.01581	0.05885	0.01729	0.08953	0.06404	0.06013	0.11535	0.02193	0.11582	0.11033	0.05933	0.02847	0.02515	0.00241	0.00657	0.05525	0.00508	0.00742
1	0.47547	0.04834	0.08807	0.01120	0.01538	0.03869	0.01016	0.04336	0.01259	0.06899	0.01099	0.01297	0.00860	0.00924	0.05071	0.00254	0.07675	0.00432	0.00398	0.00765
2	0.00916	0.00599	0.00755	0.00839	0.00908	0.00592	0.00581	0.01074	0.01212	0.01754	0.02863	0.42021	0.03176	0.10955	0.09470	0.00371	0.00551	0.03409	0.17419	0.00533
3	0.00916	0.00682	0.01008	0.01017	0.01123	0.00784	0.00779	0.01130	0.01047	0.01499	0.01852	0.07063	0.01803	0.07483	0.67531	0.00976	0.01607	0.00771	0.00363	0.00567
4	0.01041	0.00744	0.01041	0.01190	0.01339	0.00744	0.01041	0.01339	0.01487	0.01934	0.03421	0.07288	0.03719	0.01785	0.00892	0.00297	0.00595	0.68913	0.00595	0.00595
5	0.01206	0.01062	0.01690	0.36674	0.15897	0.01173	0.01415	0.01520	0.01352	0.01802	0.08354	0.02602	0.07455	0.03931	0.00899	0.05789	0.00698	0.02464	0.00373	0.03643
6	0.03527	0.04678	0.03207	0.11630	0.02039	0.03134	0.05515	0.08376	0.16440	0.02142	0.01758	0.06167	0.01557	0.09314	0.03448	0.00281	0.07176	0.02195	0.00448	0.06967
7	0.01122	0.00561	0.00842	0.00842	0.00842	0.00561	0.00561	0.00842	0.00842	0.01122	0.01122	0.01964	0.01122	0.02245	0.02525	0.81201	0.00561	0.00561	0.00281	0.00281
8	0.03796	0.40945	0.09707	0.01646	0.08585	0.07173	0.09364	0.02018	0.01394	0.04726	0.01125	0.01398	0.00959	0.03909	0.00641	0.00186	0.00789	0.00471	0.00320	0.00847
9	0.01480	0.06110	0.53752	0.04351	0.02650	0.01545	0.04947	0.08433	0.01521	0.04686	0.01238	0.01445	0.00891	0.00686	0.00681	0.02920	0.00896	0.00506	0.00329	0.00933
10	0.00903	0.00651	0.00788	0.00829	0.00964	0.00596	0.00589	0.01118	0.03578	0.04277	0.16611	0.36975	0.24173	0.03802	0.00853	0.00246	0.00366	0.01484	0.00622	0.00576
11	0.05020	0.17725	0.10795	0.04165	0.06712	0.01650	0.07720	0.11656	0.03432	0.07273	0.03741	0.06423	0.01450	0.00797	0.00665	0.00195	0.03461	0.02909	0.00436	0.03772
12	0.21682	0.01652	0.12139	0.04197	0.11536	0.03877	0.06642	0.04502	0.09330	0.04950	0.01736	0.01975	0.05645	0.00897	0.03302	0.00237	0.02463	0.01970	0.00423	0.00844
13	0.12484	0.05106	0.05848	0.08807	0.07431	0.03896	0.01159	0.10156	0.01509	0.02342	0.01217	0.01470	0.00972	0.00650	0.00652	0.00172	0.06548	0.00476	0.07811	0.21296
14	0.03215	0.10033	0.03830	0.03827	0.05988	0.07225	0.01001	0.08942	0.04857	0.08354	0.01867	0.02146	0.06793	0.02821	0.05773	0.14433	0.00714	0.00613	0.04770	0.02796

[dist]
# distance from previous block
# <min> <max>
2	15

[block]
# block no. 8 follows, 34 sequences, length 16
# corresponding to MSA columns:
# 378-393
name=unknown_I
#
# <colnr> <probs for GDERKNQSTAVLIFYWHMCP>
#	G	D	E	R	K	N	Q	S	T	A	V	L	I	F	Y	W	H	M	C	P
0	0.06269	0.01289	0.01660	0.07898	0.03415	0.02664	0.07798	0.11528	0.16105	0.04170	0.01777	0.04468	0.01492	0.06216	0.07996	0.00305	0.00762	0.01937	0.00479	0.11772
1	0.00887	0.00762	0.04346	0.00936	0.01078	0.00635	0.00737	0.01098	0.01409	0.01884	0.17041	0.33990	0.12619	0.06690	0.00969	0.00273	0.00438	0.13049	0.00591	0.00568
2	0.01824	0.01791	0.04107	0.01491	0.04619	0.15096	0.01145	0.12829	0.39660	0.02576	0.02153	0.02149	0.03506	0.03259	0.00727	0.00217	0.00685	0.00660	0.00559	0.00948
3	0.01314	0.01511	0.10537	0.20436	0.19289	0.01343	0.16558	0.01723	0.01353	0.01855	0.01518	0.09194	0.01393	0.08054	0.00936	0.00253	0.00830	0.00762	0.00342	0.00799
4	0.05490	0.01490	0.02224	0.15223	0.30120	0.04576	0.08709	0.10984	0.03306	0.02248	0.01380	0.03679	0.01169	0.05663	0.00818	0.00229	0.00788	0.00637	0.00382	0.00884
5	0.01710	0.11676	0.05045	0.05290	0.02295	0.09609	0.21512	0.04575	0.08795	0.09273	0.03390	0.09165	0.01599	0.00824	0.00668	0.00204	0.00804	0.02265	0.00451	0.00849
6	0.00927	0.00635	0.00734	0.00734	0.00759	0.00639	0.00438	0.00960	0.00984	0.01309	0.02300	0.04194	0.06885	0.65323	0.10062	0.00640	0.00714	0.00943	0.00401	0.00420
7	0.01346	0.01382	0.01458	0.12752	0.13304	0.16767	0.01119	0.01601	0.01550	0.01871	0.13315	0.11308	0.17460	0.01104	0.00694	0.00205	0.00660	0.00938	0.00467	0.00699
8	0.01494	0.01466	0.02312	0.31932	0.42530	0.05400	0.01870	0.01885	0.01420	0.01903	0.01178	0.01624	0.00950	0.00608	0.00639	0.00200	0.00825	0.00567	0.00308	0.00889
9	0.03582	0.03511	0.01944	0.06124	0.10607	0.04346	0.13951	0.02085	0.01534	0.22915	0.02474	0.02707	0.12110	0.08126	0.00923	0.00243	0.00698	0.00766	0.00510	0.00842
10	0.00852	0.00632	0.00774	0.00788	0.00913	0.00576	0.00560	0.01049	0.01520	0.02045	0.34424	0.22626	0.20252	0.08814	0.01019	0.00261	0.00358	0.01353	0.00629	0.00554
11	0.01603	0.02814	0.01498	0.01257	0.01571	0.03755	0.05737	0.19563	0.10230	0.07947	0.04801	0.26806	0.07156	0.01248	0.00719	0.00221	0.00569	0.01087	0.00602	0.00817
12	0.01487	0.01412	0.02361	0.11532	0.55162	0.01477	0.01815	0.01847	0.01430	0.02032	0.04723	0.04089	0.01340	0.00701	0.00750	0.00203	0.05721	0.00643	0.00341	0.00933
13	0.61216	0.01180	0.01076	0.05795	0.01506	0.01333	0.00828	0.01951	0.01222	0.09602	0.01317	0.01801	0.01086	0.00735	0.00487	0.00210	0.00537	0.06938	0.00450	0.00730
14	0.01524	0.01255	0.01837	0.16222	0.10594	0.03658	0.06982	0.01985	0.08324	0.10785	0.10880	0.02465	0.06230	0.00989	0.02693	0.00238	0.11322	0.00735	0.00468	0.00814
15	0.64164	0.01178	0.00975	0.00851	0.01252	0.01293	0.00695	0.01829	0.01185	0.05394	0.01531	0.01620	0.07777	0.00698	0.00451	0.00193	0.00483	0.00462	0.00433	0.07536

[dist]
# distance from previous block
# <min> <max>
0	1

[block]
# block no. 9 follows, 34 sequences, length 38
# corresponding to MSA columns:
# 395-432
name=unknown_J
#
# <colnr> <probs for GDERKNQSTAVLIFYWHMCP>
#	G	D	E	R	K	N	Q	S	T	A	V	L	I	F	Y	W	H	M	C	P
0	0.01925	0.34563	0.02430	0.01255	0.01765	0.14837	0.01092	0.16211	0.01764	0.02165	0.01097	0.01222	0.00909	0.00605	0.00504	0.00147	0.00739	0.00414	0.00382	0.15974
1	0.01340	0.01094	0.01495	0.36223	0.02751	0.03517	0.01241	0.06182	0.01464	0.04250	0.03426	0.08014	0.04976	0.00849	0.00661	0.00199	0.02499	0.00715	0.12617	0.06487
2	0.01754	0.42892	0.11857	0.01509	0.06587	0.11330	0.01357	0.06263	0.01477	0.01792	0.01030	0.01230	0.00884	0.00756	0.02956	0.00193	0.04547	0.00423	0.00311	0.00850
3	0.00860	0.00695	0.00902	0.00854	0.01041	0.00619	0.04029	0.01086	0.01567	0.02055	0.30054	0.16977	0.33824	0.01530	0.00773	0.00220	0.00364	0.01340	0.00627	0.00582
4	0.04975	0.01282	0.01560	0.01228	0.01688	0.01268	0.01004	0.24439	0.02138	0.42550	0.02218	0.06642	0.01581	0.00998	0.03132	0.00230	0.00628	0.00695	0.00711	0.01034
5	0.01998	0.01091	0.01468	0.01204	0.01582	0.01052	0.05200	0.06473	0.13054	0.33324	0.16350	0.09541	0.02721	0.01010	0.00696	0.00210	0.00522	0.00877	0.00703	0.00924
6	0.01472	0.01898	0.12645	0.02535	0.03202	0.01573	0.58702	0.02031	0.01503	0.02060	0.01393	0.01968	0.01095	0.00615	0.00750	0.00220	0.01048	0.04090	0.00333	0.00868
7	0.81856	0.01250	0.00950	0.00850	0.01250	0.01449	0.00700	0.01899	0.01100	0.02899	0.00900	0.01050	0.00700	0.00600	0.00400	0.00200	0.00500	0.00350	0.00400	0.00700
8	0.00939	0.00629	0.00717	0.00717	0.00721	0.00633	0.00406	0.00947	0.00943	0.01262	0.02025	0.04168	0.02323	0.74689	0.05856	0.00641	0.00666	0.00931	0.00390	0.00398
9	0.00902	0.00660	0.00847	0.00800	0.00958	0.00604	0.00600	0.01195	0.01800	0.02522	0.67489	0.04940	0.11572	0.01347	0.00762	0.00204	0.00307	0.01184	0.00702	0.00604
10	0.02722	0.01159	0.01509	0.01181	0.01665	0.01066	0.00968	0.05357	0.10742	0.62533	0.02527	0.02205	0.01630	0.00809	0.00651	0.00202	0.00550	0.00658	0.00777	0.01090
11	0.00917	0.00655	0.00899	0.01048	0.01143	0.00637	0.00826	0.01124	0.01365	0.01795	0.03490	0.41256	0.03989	0.01902	0.00859	0.00280	0.00488	0.36168	0.00597	0.00561
12	0.00801	0.00572	0.00765	0.00915	0.00958	0.00536	0.00623	0.00923	0.01250	0.01664	0.03554	0.73217	0.04244	0.02012	0.00828	0.00264	0.00386	0.05358	0.00600	0.00528
13	0.01220	0.01148	0.01938	0.75739	0.04450	0.01436	0.01794	0.01651	0.01292	0.01651	0.01148	0.01723	0.00861	0.00646	0.00646	0.00215	0.00861	0.00574	0.00287	0.00718
14	0.22689	0.01444	0.01536	0.01220	0.01694	0.01545	0.01004	0.30411	0.06536	0.23043	0.01731	0.01658	0.01191	0.00744	0.00585	0.00199	0.00600	0.00551	0.00627	0.00993
15	0.01187	0.00608	0.00630	0.00630	0.00778	0.00615	0.00474	0.01484	0.01335	0.02352	0.02084	0.02417	0.01654	0.01009	0.05100	0.00206	0.00391	0.00608	0.75840	0.00601
16	0.33568	0.06948	0.03412	0.01343	0.01748	0.34775	0.03383	0.04467	0.01528	0.02204	0.00986	0.01148	0.00793	0.00631	0.00509	0.00181	0.00851	0.00404	0.00364	0.00755
17	0.00852	0.00623	0.00800	0.00831	0.00946	0.00571	0.00595	0.01070	0.01570	0.02152	0.40203	0.32384	0.11768	0.01619	0.00786	0.00227	0.00334	0.01442	0.00658	0.00571
18	0.02414	0.03079	0.01831	0.01665	0.01998	0.74698	0.01248	0.02580	0.01831	0.01581	0.00999	0.01165	0.00832	0.00666	0.00583	0.00166	0.01165	0.00416	0.00333	0.00749
19	0.02830	0.01084	0.01477	0.01138	0.01626	0.00938	0.00938	0.03082	0.01849	0.71240	0.04992	0.02290	0.01756	0.00818	0.00654	0.00200	0.00541	0.00668	0.00797	0.01083
20	0.01220	0.01148	0.01938	0.75739	0.04450	0.01436	0.01794	0.01651	0.01292	0.01651	0.01148	0.01723	0.00861	0.00646	0.00646	0.00215	0.00861	0.00574	0.00287	0.00718
21	0.00787	0.00562	0.00750	0.00900	0.00937	0.00525	0.00600	0.00900	0.01237	0.01649	0.03561	0.76871	0.04274	0.02024	0.00825	0.00262	0.00375	0.01837	0.00600	0.00525
22	0.00859	0.00653	0.00790	0.00767	0.00934	0.00585	0.00571	0.01109	0.01683	0.02270	0.47924	0.09057	0.27526	0.01459	0.00766	0.00211	0.00316	0.01266	0.00670	0.00585
23	0.01161	0.00811	0.01085	0.01093	0.01218	0.00860	0.00881	0.01371	0.01379	0.06739	0.10473	0.08986	0.05730	0.14537	0.01419	0.00330	0.10064	0.30708	0.00548	0.00605
24	0.02448	0.02054	0.01918	0.01521	0.02003	0.15958	0.01232	0.57953	0.02806	0.03594	0.01445	0.01477	0.01048	0.00755	0.00634	0.00189	0.00798	0.00550	0.00586	0.01032
25	0.01121	0.00649	0.00737	0.00748	0.00904	0.00609	0.00547	0.01340	0.01351	0.05840	0.03072	0.21266	0.11603	0.04986	0.00750	0.00216	0.00368	0.03445	0.37269	0.03176
26	0.01525	0.01743	0.03813	0.02723	0.03377	0.01634	0.70915	0.02070	0.01525	0.02070	0.01307	0.01743	0.00980	0.00545	0.00763	0.00218	0.01089	0.00763	0.00327	0.00871
27	0.01405	0.01146	0.01347	0.00965	0.01536	0.00865	0.00773	0.01691	0.01361	0.05116	0.01207	0.01376	0.00984	0.00492	0.00486	0.00100	0.00482	0.00394	0.00400	0.77873
28	0.01332	0.01116	0.01296	0.00936	0.01485	0.00846	0.00747	0.01620	0.01341	0.02123	0.01205	0.01403	0.00998	0.00495	0.00477	0.00099	0.00468	0.00396	0.05125	0.76492
29	0.01727	0.77681	0.03386	0.01106	0.01658	0.02557	0.01106	0.01935	0.01313	0.01520	0.00898	0.01036	0.00829	0.00553	0.00415	0.00138	0.00691	0.00345	0.00276	0.00829
30	0.00916	0.00629	0.00725	0.00734	0.00760	0.00626	0.00438	0.00950	0.01003	0.01329	0.02443	0.08756	0.07620	0.62544	0.07421	0.00600	0.00658	0.01011	0.00417	0.00423
31	0.01631	0.01363	0.01435	0.01280	0.01641	0.01567	0.00999	0.07198	0.63703	0.02763	0.02535	0.02361	0.01902	0.00863	0.00644	0.00213	0.00510	0.00714	0.05676	0.01001
32	0.02148	0.31952	0.02433	0.01448	0.01866	0.46778	0.01193	0.02330	0.01631	0.01558	0.00960	0.01115	0.00831	0.00622	0.00518	0.00156	0.00982	0.00389	0.00311	0.00780
33	0.01259	0.01023	0.01098	0.01143	0.01299	0.08990	0.00883	0.03673	0.04438	0.05628	0.03002	0.36135	0.03291	0.01625	0.00833	0.00256	0.02697	0.21507	0.00574	0.00645
34	0.01586	0.01516	0.02555	0.06421	0.68118	0.01534	0.01940	0.02026	0.04123	0.02117	0.01266	0.01634	0.01053	0.00590	0.00641	0.00194	0.00761	0.00581	0.00331	0.01013
35	0.01236	0.01428	0.15640	0.02945	0.08539	0.00998	0.01164	0.03582	0.04006	0.05202	0.09020	0.11406	0.17741	0.01060	0.00670	0.00196	0.00560	0.00904	0.00490	0.13213
36	0.01564	0.09716	0.03297	0.04578	0.06665	0.08280	0.03693	0.08628	0.07223	0.06491	0.06507	0.06769	0.07296	0.03597	0.10108	0.00318	0.03255	0.00755	0.00470	0.00791
37	0.06544	0.12852	0.21213	0.01378	0.01891	0.08984	0.01363	0.06630	0.12212	0.04397	0.03616	0.06508	0.01452	0.00885	0.02191	0.00214	0.02879	0.00614	0.03318	0.00859

[dist]
# distance from previous block
# <min> <max>
3	33

[block]
# block no. 10 follows, 34 sequences, length 49
# corresponding to MSA columns:
# 466-514
name=unknown_K
#
# <colnr> <probs for GDERKNQSTAVLIFYWHMCP>
#	G	D	E	R	K	N	Q	S	T	A	V	L	I	F	Y	W	H	M	C	P
0	0.04118	0.05938	0.04633	0.06001	0.12256	0.06710	0.04983	0.06689	0.04690	0.07329	0.14340	0.02593	0.07822	0.01019	0.03596	0.00227	0.00685	0.00730	0.03187	0.02455
1	0.01667	0.09464	0.04090	0.01303	0.03886	0.04025	0.03467	0.15871	0.08958	0.09818	0.07633	0.13076	0.10214	0.01077	0.00676	0.00207	0.00590	0.02565	0.00570	0.00844
2	0.01428	0.15829	0.12250	0.01503	0.08450	0.06281	0.01251	0.07051	0.01417	0.01888	0.01502	0.01881	0.03453	0.02082	0.25827	0.00466	0.01099	0.00562	0.00353	0.05428
3	0.05149	0.15979	0.11984	0.02863	0.03326	0.13651	0.02667	0.07438	0.17546	0.08390	0.01632	0.03894	0.01279	0.00739	0.00589	0.00190	0.00749	0.00568	0.00460	0.00908
4	0.04560	0.35238	0.19537	0.01319	0.01898	0.06003	0.01356	0.05109	0.08409	0.04551	0.01288	0.01498	0.01059	0.04856	0.00672	0.00197	0.00748	0.00473	0.00362	0.00866
5	0.01361	0.01287	0.08574	0.01746	0.12855	0.01106	0.07804	0.06933	0.03193	0.04531	0.07603	0.07987	0.04193	0.01125	0.00728	0.00228	0.00643	0.19890	0.07431	0.00783
6	0.01106	0.08045	0.01156	0.00912	0.01096	0.00974	0.00681	0.04248	0.09032	0.01884	0.13228	0.10003	0.12144	0.20992	0.11304	0.00425	0.00663	0.00981	0.00507	0.00620
7	0.01487	0.01745	0.13623	0.11734	0.52083	0.01489	0.01981	0.01930	0.01445	0.02064	0.03495	0.01680	0.01135	0.00614	0.00640	0.00197	0.00793	0.00579	0.00321	0.00965
