[name]
unknown

[dist]
# distance from previous block
# <min> <max>
0	2

[block]
# block no. 0 follows, 34 sequences, length 100
# corresponding to MSA columns:
# 2-101
name=unknown_A
#
# <colnr> <probs for GDERKNQSTAVLIFYWHMCP>
#	G	D	E	R	K	N	Q	S	T	A	V	L	I	F	Y	W	H	M	C	P
0	0.09790	0.01001	0.01213	0.01182	0.01464	0.01038	0.00999	0.05841	0.11315	0.13834	0.02809	0.04838	0.02681	0.01323	0.00757	0.00255	0.00573	0.37693	0.00619	0.00774
1	0.01720	0.01280	0.01407	0.01154	0.01512	0.01352	0.00924	0.39105	0.02401	0.03212	0.19940	0.05947	0.15081	0.01106	0.00702	0.00203	0.00532	0.00909	0.00652	0.00861
2	0.05291	0.06633	0.05263	0.02228	0.02859	0.01561	0.50129	0.01983	0.01458	0.02078	0.01232	0.01590	0.00949	0.00539	0.00674	0.00192	0.00936	0.00648	0.00334	0.13422
3	0.01469	0.25889	0.48197	0.01637	0.02442	0.04157	0.03915	0.02030	0.01368	0.01872	0.01079	0.01269	0.00827	0.00595	0.00557	0.00184	0.00885	0.00444	0.00277	0.00908
4	0.01526	0.17000	0.12428	0.02100	0.04998	0.05761	0.34886	0.01973	0.01428	0.01874	0.01229	0.01597	0.00987	0.00997	0.08121	0.00279	0.01051	0.00610	0.00312	0.00843
5	0.00864	0.00663	0.00842	0.00839	0.00984	0.00657	0.00627	0.01065	0.01337	0.01782	0.17195	0.07850	0.26135	0.07954	0.27662	0.00542	0.00853	0.01077	0.00515	0.00558
6	0.01968	0.01366	0.01489	0.01239	0.01636	0.03435	0.00989	0.21983	0.24776	0.16032	0.10929	0.02633	0.06759	0.00931	0.00670	0.00205	0.00556	0.00759	0.00674	0.00970
7	0.09802	0.02749	0.40923	0.01738	0.05369	0.13018	0.01828	0.09155	0.05502	0.02304	0.01231	0.01388	0.00910	0.00650	0.00594	0.00197	0.00884	0.00484	0.00356	0.00918
8	0.02345	0.05068	0.01892	0.01583	0.01966	0.51879	0.01227	0.18119	0.02056	0.02164	0.01123	0.01260	0.00897	0.00691	0.00620	0.00172	0.02574	0.00454	0.00403	0.03507
9	0.00804	0.00574	0.00769	0.00919	0.00963	0.00539	0.00629	0.00928	0.01253	0.01668	0.03552	0.72326	0.04237	0.02009	0.00829	0.00265	0.00389	0.06218	0.00599	0.00529
10	0.01599	0.01535	0.02623	0.03966	0.73262	0.01535	0.01983	0.01983	0.01471	0.02111	0.01215	0.01599	0.01023	0.00576	0.00640	0.00192	0.00768	0.00576	0.00320	0.01023
11	0.01149	0.00913	0.01064	0.00989	0.01214	0.00957	0.00752	0.01980	0.26646	0.02564	0.43013	0.07080	0.06672	0.01204	0.00728	0.00212	0.00382	0.01048	0.00684	0.00750
12	0.00812	0.00656	0.00722	0.00706	0.00903	0.00566	0.00529	0.01022	0.01588	0.02019	0.28027	0.05768	0.51348	0.01534	0.00763	0.00213	0.00320	0.01301	0.00636	0.00566
13	0.00873	0.00659	0.00806	0.00769	0.00940	0.00592	0.00577	0.01139	0.01731	0.02358	0.54610	0.05210	0.24553	0.01408	0.00763	0.00207	0.00311	0.01222	0.00681	0.00592
14	0.02840	0.01194	0.01558	0.01194	0.01696	0.01089	0.00987	0.12157	0.02007	0.64479	0.02417	0.02113	0.01533	0.00797	0.00649	0.00199	0.00571	0.00641	0.00779	0.01100
15	0.01296	0.03342	0.73944	0.01842	0.02797	0.01501	0.02387	0.02046	0.01364	0.02046	0.01160	0.01364	0.00818	0.00614	0.00614	0.00205	0.00955	0.00477	0.00273	0.00955
16	0.01613	0.01574	0.02426	0.16227	0.45305	0.05902	0.05931	0.04992	0.05774	0.02114	0.01295	0.01651	0.01041	0.00618	0.00646	0.00198	0.00809	0.00587	0.00349	0.00947
17	0.00787	0.00562	0.00750	0.00900	0.00937	0.00525	0.00600	0.00900	0.01237	0.01649	0.03561	0.76871	0.04274	0.02024	0.00825	0.00262	0.00375	0.01837	0.00600	0.00525
18	0.07614	0.01681	0.02194	0.08746	0.36681	0.11212	0.03497	0.09453	0.01681	0.09174	0.01325	0.01569	0.01024	0.00637	0.00621	0.00193	0.00791	0.00551	0.00406	0.00950
19	0.25970	0.01232	0.01212	0.01095	0.01437	0.01403	0.00860	0.02620	0.39465	0.02745	0.13086	0.02373	0.02229	0.00862	0.00595	0.00211	0.00476	0.00683	0.00587	0.00860
20	0.00822	0.00606	0.00769	0.00836	0.00936	0.00553	0.00586	0.00999	0.01450	0.01945	0.24720	0.44539	0.15352	0.01755	0.00797	0.00238	0.00347	0.01565	0.00633	0.00553
21	0.01433	0.03275	0.07822	0.01595	0.02197	0.03359	0.21670	0.01823	0.01399	0.02045	0.01177	0.01451	0.00943	0.00536	0.00625	0.00149	0.03037	0.00508	0.00351	0.44604
22	0.04649	0.03028	0.01806	0.01642	0.01976	0.72638	0.01233	0.02561	0.01810	0.01618	0.00996	0.01162	0.00829	0.00664	0.00577	0.00167	0.01146	0.00414	0.00335	0.00748
23	0.00940	0.00626	0.00705	0.00705	0.00705	0.00626	0.00392	0.00940	0.00940	0.01253	0.02036	0.04228	0.02349	0.77292	0.03289	0.00626	0.00626	0.00940	0.00392	0.00392
24	0.02232	0.02597	0.01799	0.01599	0.01931	0.52075	0.01226	0.09251	0.11998	0.01981	0.01276	0.01399	0.01023	0.00739	0.00707	0.00185	0.06267	0.00488	0.00406	0.00819
25	0.01296	0.03342	0.73944	0.01842	0.02797	0.01501	0.02387	0.02046	0.01364	0.02046	0.01160	0.01364	0.00818	0.00614	0.00614	0.00205	0.00955	0.00477	0.00273	0.00955
26	0.01727	0.77681	0.03386	0.01106	0.01658	0.02557	0.01106	0.01935	0.01313	0.01520	0.00898	0.01036	0.00829	0.00553	0.00415	0.00138	0.00691	0.00345	0.00276	0.00829
27	0.00950	0.00677	0.00823	0.00776	0.00964	0.00603	0.00586	0.01207	0.01714	0.05342	0.48419	0.05166	0.27586	0.01401	0.00758	0.00208	0.00323	0.01210	0.00679	0.00610
28	0.02106	0.02414	0.02109	0.02501	0.28535	0.43858	0.01509	0.02391	0.03186	0.03788	0.01157	0.01382	0.00949	0.00640	0.00607	0.00178	0.00986	0.00489	0.00348	0.00867
29	0.01017	0.00856	0.01472	0.01302	0.01501	0.00937	0.11763	0.01297	0.01114	0.01589	0.01665	0.02414	0.01516	0.04174	0.63173	0.00910	0.01630	0.00703	0.00343	0.00623
30	0.00914	0.00660	0.00864	0.00813	0.00965	0.00610	0.00610	0.01219	0.01829	0.02591	0.72921	0.04827	0.06097	0.01321	0.00762	0.00203	0.00305	0.01169	0.00711	0.00610
31	0.02899	0.01100	0.01499	0.01150	0.01649	0.00950	0.00950	0.03149	0.01849	0.73709	0.02549	0.02199	0.01599	0.00800	0.00650	0.00200	0.00550	0.00650	0.00800	0.01100
32	0.01296	0.03342	0.73944	0.01842	0.02797	0.01501	0.02387	0.02046	0.01364	0.02046	0.01160	0.01364	0.00818	0.00614	0.00614	0.00205	0.00955	0.00477	0.00273	0.00955
33	0.00923	0.00692	0.01038	0.01038	0.01154	0.00808	0.00808	0.01154	0.01038	0.01500	0.01731	0.02538	0.01615	0.04846	0.74732	0.01038	0.01731	0.00692	0.00346	0.00577
34	0.00793	0.00660	0.00695	0.00697	0.00906	0.00562	0.00531	0.00977	0.01508	0.01838	0.12885	0.06137	0.62898	0.01613	0.00770	0.00221	0.00339	0.04806	0.00611	0.00554
35	0.01023	0.00774	0.00957	0.00891	0.01077	0.00766	0.00674	0.01565	0.12809	0.02609	0.61937	0.04449	0.05452	0.01252	0.00746	0.00206	0.00337	0.01100	0.00703	0.00674
36	0.00787	0.00562	0.00750	0.00900	0.00937	0.00525	0.00600	0.00900	0.01237	0.01649	0.03561	0.76871	0.04274	0.02024	0.00825	0.00262	0.00375	0.01837	0.00600	0.00525
37	0.00787	0.00562	0.00750	0.00900	0.00937	0.00525	0.00600	0.00900	0.01237	0.01649	0.03561	0.76871	0.04274	0.02024	0.00825	0.00262	0.00375	0.01837	0.00600	0.00525
38	0.00919	0.00691	0.00871	0.00964	0.01120	0.00651	0.00789	0.01143	0.01437	0.01817	0.04423	0.13888	0.26758	0.04555	0.00931	0.00280	0.00485	0.37124	0.00590	0.00564
39	0.01766	0.01295	0.01460	0.01193	0.01546	0.01380	0.00961	0.39663	0.02485	0.03389	0.31938	0.03086	0.03289	0.01033	0.00702	0.00200	0.00535	0.02530	0.00673	0.00878
40	0.02414	0.03079	0.01831	0.01665	0.01998	0.74698	0.01248	0.02580	0.01831	0.01581	0.00999	0.01165	0.00832	0.00666	0.00583	0.00166	0.01165	0.00416	0.00333	0.00749
41	0.81856	0.01250	0.00950	0.00850	0.01250	0.01449	0.00700	0.01899	0.01100	0.02899	0.00900	0.01050	0.00700	0.00600	0.00400	0.00200	0.00500	0.00350	0.00400	0.00700
42	0.69449	0.01337	0.01104	0.00949	0.01367	0.01536	0.00782	0.12714	0.01403	0.03082	0.01002	0.01128	0.00762	0.00627	0.00438	0.00199	0.00533	0.00386	0.00438	0.00762
43	0.01922	0.06250	0.01739	0.01387	0.01797	0.10505	0.01106	0.20100	0.42262	0.02839	0.02063	0.01966	0.01550	0.00807	0.00631	0.00202	0.00650	0.00633	0.00593	0.00997
44	0.09203	0.00806	0.00985	0.00927	0.01098	0.00839	0.00711	0.01343	0.01510	0.06172	0.33297	0.14893	0.12446	0.01475	0.03605	0.00252	0.08105	0.01103	0.00597	0.00634
45	0.01354	0.12852	0.53209	0.01613	0.02414	0.01570	0.01959	0.02031	0.05252	0.01975	0.01251	0.01524	0.00969	0.04543	0.00720	0.00213	0.00855	0.00493	0.00306	0.04898
46	0.04459	0.13640	0.02088	0.01397	0.01897	0.03834	0.01175	0.50076	0.09429	0.03446	0.01523	0.01531	0.01124	0.00743	0.00603	0.00187	0.00694	0.00549	0.00575	0.01030
47	0.00861	0.00658	0.00789	0.00756	0.00932	0.00587	0.00567	0.01115	0.01702	0.02290	0.49273	0.05322	0.29933	0.01433	0.00763	0.00209	0.00313	0.01238	0.00672	0.00587
48	0.00890	0.00641	0.00842	0.00830	0.00960	0.00593	0.00608	0.01157	0.01714	0.02408	0.59465	0.18803	0.05743	0.01457	0.00774	0.00215	0.00318	0.01298	0.00690	0.00593
49	0.01547	0.04613	0.06318	0.02581	0.07303	0.03082	0.54682	0.02128	0.05253	0.02062	0.01334	0.01709	0.01017	0.00584	0.00761	0.00214	0.02877	0.00711	0.00339	0.00884
50	0.01296	0.03342	0.73944	0.01842	0.02797	0.01501	0.02387	0.02046	0.01364	0.02046	0.01160	0.01364	0.00818	0.00614	0.00614	0.00205	0.00955	0.00477	0.00273	0.00955
51	0.00787	0.00562	0.00750	0.00900	0.00937	0.00525	0.00600	0.00900	0.01237	0.01649	0.03561	0.76871	0.04274	0.02024	0.00825	0.00262	0.00375	0.01837	0.00600	0.00525
52	0.01973	0.01377	0.01544	0.03157	0.01735	0.01489	0.01031	0.30725	0.19749	0.12022	0.09451	0.04495	0.04632	0.00922	0.00666	0.00204	0.00571	0.00751	0.02535	0.00972
53	0.13056	0.01531	0.01574	0.01316	0.01745	0.01737	0.01057	0.29181	0.35764	0.03255	0.01976	0.01892	0.01461	0.00800	0.00618	0.00207	0.00586	0.00621	0.00618	0.01007
54	0.00787	0.00562	0.00750	0.00900	0.00937	0.00525	0.00600	0.00900	0.01237	0.01649	0.03561	0.76871	0.04274	0.02024	0.00825	0.00262	0.00375	0.01837	0.00600	0.00525
55	0.00940	0.00626	0.00705	0.00705	0.00705	0.00626	0.00392	0.00940	0.00940	0.01253	0.02036	0.04228	0.02349	0.77292	0.03289	0.00626	0.00626	0.00940	0.00392	0.00392
56	0.01727	0.77681	0.03386	0.01106	0.01658	0.02557	0.01106	0.01935	0.01313	0.01520	0.00898	0.01036	0.00829	0.00553	0.00415	0.00138	0.00691	0.00345	0.00276	0.00829
57	0.10268	0.01573	0.01668	0.01345	0.01806	0.01745	0.01093	0.39315	0.21938	0.09716	0.01873	0.01797	0.01346	0.00788	0.00625	0.00202	0.00620	0.00606	0.00638	0.01037
58	0.00880	0.00655	0.00819	0.00787	0.00947	0.00593	0.00587	0.01149	0.01733	0.02386	0.57051	0.08599	0.18597	0.01415	0.00765	0.00209	0.00312	0.01238	0.00685	0.00593
59	0.02111	0.01605	0.01754	0.01323	0.01857	0.01650	0.01085	0.49594	0.02512	0.03463	0.01427	0.01486	0.01055	0.00684	0.00594	0.00164	0.00639	0.00520	0.00565	0.25913
60	0.01762	0.01392	0.01856	0.08669	0.04099	0.05065	0.10751	0.09163	0.14879	0.12967	0.09309	0.02149	0.01791	0.00757	0.00649	0.00190	0.00665	0.00668	0.00535	0.12686
61	0.01529	0.26860	0.24257	0.01836	0.04216	0.01826	0.21064	0.02002	0.01429	0.03653	0.04610	0.01557	0.01146	0.00612	0.00599	0.00186	0.00861	0.00554	0.00324	0.00879
62	0.02267	0.01535	0.12787	0.01278	0.01796	0.03169	0.01174	0.06241	0.10555	0.41572	0.08805	0.02279	0.01896	0.00824	0.00654	0.00202	0.00611	0.00671	0.00671	0.01012
63	0.00827	0.00579	0.00738	0.00848	0.00876	0.00552	0.00545	0.00910	0.01159	0.01545	0.03160	0.57765	0.03767	0.21820	0.01473	0.00358	0.00441	0.01601	0.00545	0.00490
64	0.01862	0.01404	0.02302	0.03988	0.04500	0.01400	0.24792	0.05781	0.18495	0.19150	0.03817	0.02382	0.01646	0.00787	0.00706	0.00216	0.00744	0.04525	0.00555	0.00950
65	0.04969	0.43862	0.02672	0.01298	0.01784	0.20640	0.01146	0.13191	0.01713	0.01996	0.01028	0.01152	0.00868	0.00619	0.00494	0.00157	0.00807	0.00401	0.00355	0.00847
66	0.00905	0.00660	0.00851	0.00803	0.00960	0.00606	0.00603	0.01202	0.01808	0.02541	0.68958	0.04910	0.10091	0.01340	0.00762	0.00204	0.00306	0.01180	0.00705	0.00606
67	0.01148	0.00713	0.00934	0.00849	0.01045	0.00649	0.00647	0.01443	0.01822	0.11076	0.62813	0.04548	0.07263	0.01267	0.00749	0.00203	0.00335	0.01111	0.00719	0.00667
68	0.01671	0.01753	0.03520	0.02530	0.03162	0.01692	0.60025	0.12858	0.01761	0.02383	0.01345	0.01713	0.00999	0.00581	0.00744	0.00214	0.01030	0.00734	0.00377	0.00907
69	0.04075	0.01433	0.01451	0.01288	0.01641	0.07873	0.03922	0.02860	0.49631	0.02434	0.02987	0.02825	0.12889	0.00954	0.00664	0.00214	0.00564	0.00791	0.00598	0.00907
70	0.02655	0.05815	0.01684	0.01217	0.01713	0.01276	0.01012	0.14683	0.07389	0.52102	0.02287	0.02036	0.01497	0.00787	0.00636	0.00197	0.00583	0.00626	0.00731	0.01077
71	0.00994	0.00678	0.00790	0.00774	0.00807	0.00699	0.00472	0.03563	0.01029	0.01387	0.01981	0.03927	0.02215	0.65795	0.11736	0.00660	0.00762	0.00897	0.00396	0.00440
72	0.01269	0.01138	0.01568	0.01537	0.09975	0.05132	0.10894	0.01592	0.08316	0.01649	0.01791	0.03098	0.01816	0.42284	0.02149	0.00436	0.03523	0.00807	0.00393	0.00631
73	0.02854	0.01171	0.01544	0.01184	0.01685	0.01056	0.00978	0.10004	0.01969	0.66685	0.02448	0.02134	0.01549	0.00797	0.00649	0.00199	0.00566	0.00643	0.00784	0.01100
74	0.01157	0.00675	0.00913	0.00984	0.01111	0.00625	0.00724	0.01320	0.01372	0.12954	0.03381	0.54304	0.03769	0.01795	0.00808	0.00258	0.00437	0.12157	0.00630	0.00626
75	0.01412	0.10613	0.56628	0.01842	0.02707	0.01642	0.09183	0.04974	0.01447	0.02082	0.01165	0.01378	0.00848	0.00608	0.00610	0.00199	0.00932	0.00498	0.00295	0.00940
76	0.01957	0.00871	0.01184	0.01038	0.01332	0.00790	0.00798	0.02149	0.01531	0.40739	0.02733	0.24374	0.02435	0.06170	0.08420	0.00330	0.00623	0.01022	0.00670	0.00834
77	0.00786	0.00565	0.00747	0.00891	0.00935	0.00526	0.00596	0.00901	0.01245	0.01653	0.03661	0.74506	0.06573	0.02011	0.00823	0.00261	0.00373	0.01821	0.00600	0.00526
78	0.01506	0.01650	0.03436	0.10335	0.14406	0.01598	0.53122	0.02014	0.01493	0.02034	0.01277	0.01718	0.00975	0.00560	0.00731	0.00214	0.01016	0.00714	0.00322	0.00880
79	0.06343	0.01776	0.02846	0.04856	0.02762	0.09063	0.39034	0.13367	0.01801	0.09600	0.01412	0.01660	0.01027	0.00627	0.00690	0.00206	0.00940	0.00657	0.00429	0.00904
80	0.81856	0.01250	0.00950	0.00850	0.01250	0.01449	0.00700	0.01899	0.01100	0.02899	0.00900	0.01050	0.00700	0.00600	0.00400	0.00200	0.00500	0.00350	0.00400	0.00700
81	0.01493	0.37315	0.41699	0.01505	0.02276	0.01983	0.01802	0.01995	0.01341	0.01806	0.01040	0.01214	0.00823	0.00586	0.00523	0.00174	0.00834	0.00417	0.00274	0.00897
82	0.01992	0.13613	0.01962	0.01349	0.01813	0.09260	0.01111	0.27405	0.22861	0.02847	0.01676	0.01667	0.01275	0.00734	0.00593	0.00181	0.00675	0.00555	0.00537	0.07894
83	0.01257	0.00747	0.00959	0.00921	0.01113	0.00694	0.00683	0.01563	0.05559	0.15010	0.28464	0.28774	0.08769	0.01462	0.00757	0.00225	0.00386	0.01290	0.00679	0.00688
84	0.01638	0.10793	0.46875	0.01689	0.02438	0.16903	0.01926	0.02228	0.03726	0.04314	0.01192	0.01350	0.00885	0.00633	0.00589	0.00190	0.00944	0.00465	0.00316	0.00906
85	0.03982	0.01847	0.01607	0.01382	0.01771	0.20178	0.01083	0.19008	0.27315	0.06636	0.04028	0.02075	0.04559	0.00833	0.00637	0.00198	0.00713	0.00641	0.00573	0.00936
86	0.01037	0.00755	0.00850	0.00797	0.01029	0.00690	0.00607	0.01400	0.08037	0.07196	0.25477	0.05176	0.41729	0.01415	0.00745	0.00213	0.00353	0.01198	0.00652	0.00647
87	0.00922	0.00669	0.00902	0.00873	0.01008	0.00662	0.00658	0.01192	0.01580	0.02235	0.49782	0.04322	0.04742	0.06388	0.18620	0.00430	0.00673	0.03151	0.00602	0.00589
88	0.04155	0.05189	0.04441	0.04240	0.02119	0.07536	0.08279	0.28229	0.02181	0.24554	0.01713	0.01702	0.01178	0.00726	0.00637	0.00195	0.00745	0.00588	0.00587	0.01007
89	0.01599	0.01535	0.02623	0.03966	0.73262	0.01535	0.01983	0.01983	0.01471	0.02111	0.01215	0.01599	0.01023	0.00576	0.00640	0.00192	0.00768	0.00576	0.00320	0.01023
90	0.00774	0.00612	0.00698	0.00767	0.00902	0.00536	0.00541	0.00915	0.01365	0.01702	0.05182	0.38507	0.41591	0.01814	0.00792	0.00238	0.00349	0.01580	0.00600	0.00536
91	0.06016	0.01436	0.01805	0.39655	0.03175	0.08360	0.03423	0.05661	0.17120	0.04733	0.01525	0.01795	0.01138	0.00706	0.00632	0.00209	0.00780	0.00590	0.00417	0.00825
92	0.45232	0.01756	0.12702	0.01174	0.01631	0.10178	0.01098	0.04179	0.01358	0.04548	0.01317	0.01896	0.01128	0.00761	0.00529	0.00208	0.00671	0.08462	0.00414	0.00758
93	0.07788	0.01231	0.01603	0.01376	0.01696	0.08418	0.13130	0.03235	0.01579	0.05570	0.14720	0.10081	0.02840	0.01145	0.00726	0.00223	0.00654	0.17540	0.00524	0.05921
94	0.13489	0.01901	0.01570	0.01351	0.01696	0.26875	0.01066	0.09314	0.04996	0.12190	0.01730	0.01799	0.06336	0.00818	0.00770	0.00197	0.09790	0.00558	0.00470	0.03084
95	0.07179	0.01548	0.06514	0.04622	0.02067	0.05682	0.09405	0.14740	0.03535	0.28040	0.03944	0.02231	0.01527	0.00807	0.00659	0.00207	0.00710	0.05041	0.00589	0.00953
96	0.06713	0.01499	0.02310	0.01814	0.03901	0.07597	0.27670	0.04148	0.03835	0.15546	0.06877	0.02440	0.03734	0.00788	0.00692	0.00207	0.00791	0.05121	0.00494	0.03822
97	0.08019	0.04461	0.04079	0.01655	0.02184	0.06850	0.20606	0.14637	0.05624	0.10900	0.04115	0.01732	0.01272	0.00670	0.00631	0.00188	0.00767	0.00605	0.00481	0.10524
98	0.01796	0.01503	0.05523	0.01613	0.02125	0.01388	0.18497	0.17855	0.08071	0.11394	0.03411	0.07715	0.01581	0.00807	0.00672	0.00197	0.00709	0.02040	0.00527	0.12575
99	0.13240	0.01605	0.11064	0.01646	0.02186	0.01350	0.23036	0.09176	0.01652	0.07080	0.11937	0.02134	0.03471	0.00737	0.00650	0.00199	0.00733	0.00686	0.00462	0.06957

[dist]
# distance from previous block
# <min> <max>
10	69

[block]
# block no. 1 follows, 34 sequences, length 24
# corresponding to MSA columns:
# 175-198
name=unknown_B
#
# <colnr> <probs for GDERKNQSTAVLIFYWHMCP>
#	G	D	E	R	K	N	Q	S	T	A	V	L	I	F	Y	W	H	M	C	P
0	0.01555	0.01296	0.06657	0.01332	0.01773	0.01110	0.08894	0.06244	0.09700	0.11985	0.04161	0.03088	0.05311	0.03586	0.02926	0.00239	0.00657	0.11980	0.00527	0.16978
1	0.07922	0.01692	0.06772	0.01561	0.02055	0.08943	0.14741	0.14670	0.06212	0.09347	0.03716	0.04191	0.01366	0.00926	0.04219	0.00232	0.00805	0.00634	0.00481	0.09514
2	0.04901	0.01492	0.07410	0.01320	0.01803	0.04361	0.07169	0.15926	0.03553	0.14056	0.08840	0.02489	0.08201	0.00847	0.00645	0.00188	0.00632	0.02397	0.00551	0.13219
3	0.01657	0.12409	0.10925	0.01680	0.02225	0.01595	0.21635	0.14994	0.03844	0.06098	0.07386	0.02245	0.06858	0.02694	0.00729	0.00209	0.00771	0.00711	0.00460	0.00878
4	0.04706	0.03485	0.04782	0.01314	0.01815	0.05847	0.05981	0.07892	0.12078	0.21383	0.01782	0.01791	0.01291	0.00844	0.03469	0.00208	0.00682	0.00564	0.00540	0.19546
5	0.04617	0.01630	0.07727	0.04510	0.05149	0.05533	0.12223	0.12802	0.05993	0.08271	0.05068	0.03972	0.01418	0.00736	0.00693	0.00189	0.03819	0.00630	0.00467	0.14553
6	0.09149	0.01314	0.06830	0.01402	0.01886	0.01106	0.13541	0.02343	0.03158	0.31537	0.10749	0.04410	0.02026	0.00839	0.00664	0.00204	0.00633	0.02939	0.00596	0.04674
7	0.01819	0.03190	0.04684	0.01264	0.01769	0.08653	0.03396	0.08521	0.14169	0.12495	0.03415	0.01748	0.01348	0.00671	0.00581	0.00161	0.00626	0.00539	0.00509	0.30440
8	0.06317	0.01534	0.05169	0.01407	0.01918	0.01470	0.08016	0.26890	0.08591	0.11854	0.04710	0.03607	0.01461	0.00754	0.00627	0.00187	0.00648	0.00628	0.00564	0.13647
9	0.01651	0.01556	0.11386	0.04107	0.02188	0.01275	0.15700	0.06899	0.09926	0.12895	0.07556	0.02422	0.01781	0.00793	0.00672	0.00199	0.00706	0.05629	0.00507	0.12151
10	0.01333	0.01098	0.01281	0.01011	0.01461	0.00942	0.00800	0.05768	0.08040	0.02294	0.09661	0.07094	0.01976	0.00786	0.00577	0.00145	0.00474	0.03518	0.00484	0.51257
11	0.01088	0.00919	0.01294	0.06078	0.13665	0.00925	0.00967	0.01425	0.04251	0.02174	0.31041	0.10213	0.13787	0.01199	0.00798	0.00210	0.04560	0.01037	0.00554	0.03816
12	0.02456	0.01810	0.01939	0.01487	0.02004	0.02004	0.01228	0.71107	0.03038	0.04072	0.01551	0.01551	0.01099	0.00776	0.00646	0.00194	0.00711	0.00582	0.00646	0.01099
13	0.02899	0.01100	0.01499	0.01150	0.01649	0.00950	0.00950	0.03149	0.01849	0.73709	0.02549	0.02199	0.01599	0.00800	0.00650	0.00200	0.00550	0.00650	0.00800	0.01100
14	0.00940	0.00626	0.00705	0.00705	0.00705	0.00626	0.00392	0.00940	0.00940	0.01253	0.02036	0.04228	0.02349	0.77292	0.03289	0.00626	0.00626	0.00940	0.00392	0.00392
15	0.06673	0.01912	0.17981	0.01470	0.02078	0.01538	0.04131	0.27603	0.05107	0.18307	0.01656	0.01653	0.01146	0.00714	0.00622	0.00195	0.00713	0.00563	0.00555	0.05384
16	0.54370	0.08027	0.01382	0.01085	0.01480	0.20798	0.00877	0.02081	0.01309	0.02439	0.00926	0.01079	0.00745	0.00613	0.00449	0.00186	0.00691	0.00367	0.00372	0.00723
17	0.00866	0.00652	0.00787	0.00797	0.00943	0.00593	0.00590	0.01077	0.01541	0.02043	0.31826	0.13646	0.26303	0.08231	0.01004	0.00260	0.00374	0.07281	0.00625	0.00559
18	0.00897	0.00655	0.00843	0.00805	0.00957	0.00601	0.00600	0.01182	0.01774	0.02483	0.64652	0.08299	0.11078	0.01378	0.00765	0.00207	0.00310	0.01215	0.00698	0.00601
19	0.02089	0.19996	0.02080	0.01284	0.01777	0.18399	0.01072	0.16008	0.01847	0.10866	0.01304	0.01373	0.01004	0.00637	0.00541	0.00154	0.00741	0.00453	0.00449	0.17925
20	0.01725	0.01177	0.05378	0.01409	0.07846	0.01043	0.03681	0.05121	0.10153	0.23270	0.15336	0.12281	0.06627	0.01065	0.00701	0.00212	0.00535	0.00929	0.00635	0.00875
21	0.05665	0.05803	0.10148	0.01400	0.01934	0.03894	0.07299	0.20241	0.04339	0.13736	0.06027	0.01984	0.04473	0.00757	0.00621	0.00186	0.00679	0.00619	0.00531	0.09664
22	0.03814	0.05690	0.04527	0.01371	0.04047	0.06570	0.04845	0.09156	0.07486	0.19251	0.01680	0.01796	0.01252	0.00682	0.00589	0.00169	0.00646	0.02242	0.00517	0.23669
23	0.11483	0.01355	0.01679	0.01434	0.05621	0.01388	0.06487	0.20755	0.08958	0.11364	0.08097	0.02249	0.03620	0.00809	0.00630	0.00194	0.00604	0.02867	0.00567	0.09839

[dist]
# distance from previous block
# <min> <max>
18	38

[block]
# block no. 2 follows, 34 sequences, length 6
# corresponding to MSA columns:
# 240-245
name=unknown_C
#
# <colnr> <probs for GDERKNQSTAVLIFYWHMCP>
#	G	D	E	R	K	N	Q	S	T	A	V	L	I	F	Y	W	H	M	C	P
0	0.09063	0.01221	0.01790	0.45447	0.08889	0.01421	0.01500	0.09129	0.01486	0.06625	0.01321	0.01827	0.01029	0.05707	0.00797	0.00236	0.00769	0.00583	0.00378	0.00783
1	0.37952	0.01535	0.01757	0.01383	0.01843	0.04488	0.12352	0.18240	0.01666	0.02876	0.01138	0.01321	0.00869	0.00650	0.00606	0.00197	0.04028	0.00486	0.00437	0.06175
2	0.28239	0.10361	0.07017	0.01166	0.01625	0.04686	0.01031	0.10852	0.12456	0.09481	0.06015	0.01699	0.01404	0.00728	0.00543	0.00194	0.00605	0.00530	0.00501	0.00868
3	0.10651	0.01239	0.01589	0.37322	0.02904	0.05419	0.01311	0.05215	0.04766	0.10469	0.06612	0.02202	0.06098	0.00788	0.00631	0.00208	0.00705	0.00649	0.00446	0.00776
4	0.25107	0.01325	0.04968	0.14709	0.06890	0.01335	0.01121	0.10290	0.03971	0.02490	0.04324	0.02127	0.09970	0.00780	0.00575	0.00195	0.00602	0.00610	0.00441	0.08167
5	0.35585	0.06708	0.06907	0.09207	0.01883	0.11909	0.01084	0.04444	0.04394	0.04904	0.02900	0.05094	0.01153	0.00724	0.00527	0.00197	0.00680	0.00520	0.00411	0.00768

[dist]
# distance from previous block
# <min> <max>
3	18

[block]
# block no. 3 follows, 34 sequences, length 16
# corresponding to MSA columns:
# 264-279
name=unknown_D
#
# <colnr> <probs for GDERKNQSTAVLIFYWHMCP>
#	G	D	E	R	K	N	Q	S	T	A	V	L	I	F	Y	W	H	M	C	P
0	0.20082	0.01991	0.01505	0.10308	0.01975	0.33009	0.01091	0.04220	0.07595	0.02096	0.05129	0.01681	0.01276	0.04627	0.00705	0.00211	0.00834	0.00520	0.00403	0.00742
1	0.12511	0.02149	0.01827	0.03807	0.02025	0.31205	0.06413	0.15880	0.11530	0.02445	0.01349	0.01461	0.01039	0.00693	0.00594	0.00187	0.00867	0.00513	0.00447	0.03060
2	0.08765	0.01884	0.01793	0.14452	0.08076	0.24135	0.01314	0.10994	0.05455	0.07366	0.03289	0.01596	0.01139	0.00736	0.00716	0.00198	0.06288	0.00537	0.00427	0.00839
3	0.06302	0.06421	0.01689	0.01427	0.05262	0.07771	0.01097	0.04004	0.14368	0.16636	0.04355	0.01961	0.01496	0.01317	0.09603	0.00309	0.14006	0.00612	0.00501	0.00863
4	0.10943	0.01453	0.01867	0.48947	0.09520	0.10329	0.01593	0.04553	0.01418	0.01924	0.01123	0.01559	0.00862	0.00642	0.00609	0.00205	0.00842	0.00529	0.00323	0.00760
5	0.01496	0.01160	0.01274	0.01119	0.01330	0.07674	0.04447	0.08549	0.09748	0.07685	0.02035	0.03298	0.01966	0.37334	0.04045	0.00432	0.00718	0.04540	0.00482	0.00667
6	0.02414	0.03079	0.01831	0.01665	0.01998	0.74698	0.01248	0.02580	0.01831	0.01581	0.00999	0.01165	0.00832	0.00666	0.00583	0.00166	0.01165	0.00416	0.00333	0.00749
7	0.01904	0.01201	0.01687	0.01232	0.01790	0.00983	0.09092	0.02208	0.01539	0.26991	0.01654	0.01686	0.01183	0.00598	0.00571	0.00146	0.00575	0.00520	0.00521	0.43918
8	0.00787	0.00562	0.00750	0.00900	0.00937	0.00525	0.00600	0.00900	0.01237	0.01649	0.03561	0.76871	0.04274	0.02024	0.00825	0.00262	0.00375	0.01837	0.00600	0.00525
9	0.02899	0.01100	0.01499	0.01150	0.01649	0.00950	0.00950	0.03149	0.01849	0.73709	0.02549	0.02199	0.01599	0.00800	0.00650	0.00200	0.00550	0.00650	0.00800	0.01100
10	0.01306	0.01171	0.01883	0.26633	0.26960	0.01274	0.01587	0.01746	0.05018	0.01926	0.01887	0.06942	0.01798	0.00963	0.00709	0.00229	0.00726	0.16039	0.00403	0.00800
11	0.02899	0.01100	0.01499	0.01150	0.01649	0.00950	0.00950	0.03149	0.01849	0.73709	0.02549	0.02199	0.01599	0.00800	0.00650	0.00200	0.00550	0.00650	0.00800	0.01100
12	0.00787	0.00562	0.00750	0.00900	0.00937	0.00525	0.00600	0.00900	0.01237	0.01649	0.03561	0.76871	0.04274	0.02024	0.00825	0.00262	0.00375	0.01837	0.00600	0.00525
13	0.81856	0.01250	0.00950	0.00850	0.01250	0.01449	0.00700	0.01899	0.01100	0.02899	0.00900	0.01050	0.00700	0.00600	0.00400	0.00200	0.00500	0.00350	0.00400	0.00700
14	0.00950	0.00688	0.00917	0.01042	0.01166	0.00668	0.00850	0.01176	0.01401	0.01814	0.03709	0.22370	0.11142	0.05944	0.00995	0.00299	0.00520	0.43201	0.00585	0.00563
15	0.06216	0.25565	0.12685	0.01324	0.01851	0.16448	0.01249	0.02391	0.05356	0.16719	0.03489	0.01536	0.01196	0.00678	0.00549	0.00176	0.00765	0.00487	0.00435	0.00885

[dist]
# distance from previous block
# <min> <max>
1	10

[block]
# block no. 4 follows, 34 sequences, length 7
# corresponding to MSA columns:
# 290-296
name=unknown_E
#
# <colnr> <probs for GDERKNQSTAVLIFYWHMCP>
#	G	D	E	R	K	N	Q	S	T	A	V	L	I	F	Y	W	H	M	C	P
0	0.17465	0.05588	0.17919	0.01413	0.01977	0.05479	0.03278	0.22847	0.01881	0.07478	0.03781	0.01519	0.01124	0.00703	0.00616	0.00194	0.02587	0.00517	0.00468	0.03162
1	0.08485	0.02385	0.01898	0.01611	0.02013	0.42408	0.07457	0.10573	0.08522	0.06641	0.01334	0.01436	0.01022	0.00691	0.00603	0.00184	0.00953	0.00506	0.00434	0.00845
2	0.01350	0.00959	0.01117	0.01013	0.01270	0.00967	0.00790	0.14534	0.08166	0.06855	0.23852	0.13712	0.15673	0.01325	0.00741	0.00219	0.00446	0.05608	0.00658	0.00744
3	0.07522	0.02447	0.01792	0.01702	0.06956	0.44938	0.01230	0.11668	0.11632	0.02191	0.01306	0.01412	0.01030	0.00699	0.00593	0.00181	0.00942	0.00488	0.00423	0.00849
4	0.01066	0.00901	0.01052	0.00990	0.01057	0.04075	0.00715	0.01182	0.01197	0.01611	0.12261	0.08890	0.10430	0.30602	0.05367	0.00424	0.16223	0.00971	0.00447	0.00538
5	0.00979	0.00761	0.00903	0.00849	0.01046	0.00735	0.00642	0.01467	0.11574	0.02427	0.49026	0.04784	0.19702	0.01326	0.00748	0.00209	0.00338	0.01149	0.00680	0.00654
6	0.01438	0.01321	0.01620	0.07246	0.01817	0.06042	0.03048	0.07869	0.01531	0.02161	0.15949	0.02131	0.01988	0.00886	0.01031	0.00196	0.21303	0.00642	0.00435	0.21346

[dist]
# distance from previous block
# <min> <max>
0	1

[block]
# block no. 5 follows, 34 sequences, length 70
# corresponding to MSA columns:
# 298-367
name=unknown_F
#
# <colnr> <probs for GDERKNQSTAVLIFYWHMCP>
#	G	D	E	R	K	N	Q	S	T	A	V	L	I	F	Y	W	H	M	C	P
0	0.01545	0.01480	0.02526	0.14143	0.63505	0.01521	0.01956	0.01936	0.01446	0.02046	0.01206	0.01617	0.01000	0.00586	0.00641	0.00195	0.00781	0.00575	0.00315	0.00980
1	0.01512	0.01446	0.02465	0.20497	0.57413	0.01512	0.01940	0.01906	0.01430	0.02005	0.01200	0.01628	0.00986	0.00592	0.00641	0.00197	0.00789	0.00575	0.00312	0.00953
2	0.01347	0.05872	0.60640	0.01948	0.02842	0.01560	0.12768	0.02046	0.01387	0.02030	0.01172	0.01410	0.00844	0.00601	0.00629	0.00204	0.00966	0.00516	0.00281	0.00938
3	0.81856	0.01250	0.00950	0.00850	0.01250	0.01449	0.00700	0.01899	0.01100	0.02899	0.00900	0.01050	0.00700	0.00600	0.00400	0.00200	0.00500	0.00350	0.00400	0.00700
4	0.01220	0.01148	0.01938	0.75739	0.04450	0.01436	0.01794	0.01651	0.01292	0.01651	0.01148	0.01723	0.00861	0.00646	0.00646	0.00215	0.00861	0.00574	0.00287	0.00718
5	0.01204	0.00602	0.00602	0.00602	0.00753	0.00602	0.00452	0.01506	0.01355	0.02409	0.02108	0.02409	0.01656	0.00753	0.00452	0.00151	0.00301	0.00602	0.80879	0.00602
6	0.01482	0.01438	0.02467	0.12928	0.37350	0.01400	0.13352	0.01879	0.01429	0.02040	0.01208	0.01587	0.00980	0.00560	0.00628	0.00180	0.00775	0.00567	0.00329	0.17419
7	0.00983	0.13954	0.01236	0.00913	0.01070	0.00899	0.00690	0.01163	0.01405	0.01873	0.21235	0.44890	0.04153	0.01585	0.00737	0.00225	0.00411	0.01404	0.00573	0.00600
8	0.00940	0.00626	0.00705	0.00705	0.00705	0.00626	0.00392	0.00940	0.00940	0.01253	0.02036	0.04228	0.02349	0.77292	0.03289	0.00626	0.00626	0.00940	0.00392	0.00392
9	0.01340	0.01148	0.01340	0.00957	0.01531	0.00861	0.00766	0.01627	0.01340	0.02105	0.01148	0.01340	0.00957	0.00479	0.00479	0.00096	0.00479	0.00383	0.00383	0.81242
10	0.01327	0.01295	0.01961	0.34855	0.02930	0.01736	0.01584	0.01598	0.01125	0.01598	0.00983	0.01552	0.00854	0.00914	0.01460	0.00253	0.42411	0.00569	0.00285	0.00712
11	0.01204	0.00602	0.00602	0.00602	0.00753	0.00602	0.00452	0.01506	0.01355	0.02409	0.02108	0.02409	0.01656	0.00753	0.00452	0.00151	0.00301	0.00602	0.80879	0.00602
12	0.01422	0.01202	0.01382	0.01009	0.01568	0.00973	0.00808	0.05849	0.05585	0.02257	0.01259	0.01415	0.01025	0.00519	0.00499	0.00109	0.00494	0.00415	0.00415	0.71795
13	0.00787	0.00562	0.00750	0.00900	0.00937	0.00525	0.00600	0.00900	0.01237	0.01649	0.03561	0.76871	0.04274	0.02024	0.00825	0.00262	0.00375	0.01837	0.00600	0.00525
14	0.81856	0.01250	0.00950	0.00850	0.01250	0.01449	0.00700	0.01899	0.01100	0.02899	0.00900	0.01050	0.00700	0.00600	0.00400	0.00200	0.00500	0.00350	0.00400	0.00700
15	0.01376	0.01307	0.02219	0.46293	0.32681	0.01476	0.01872	0.01787	0.01366	0.01840	0.01176	0.01672	0.00928	0.00617	0.00643	0.00206	0.00823	0.00575	0.00301	0.00843
16	0.02070	0.01677	0.01912	0.01854	0.14209	0.08360	0.03461	0.34695	0.06700	0.06697	0.01611	0.01926	0.01283	0.09495	0.00947	0.00243	0.00744	0.00625	0.00530	0.00961
17	0.01204	0.00602	0.00602	0.00602	0.00753	0.00602	0.00452	0.01506	0.01355	0.02409	0.02108	0.02409	0.01656	0.00753	0.00452	0.00151	0.00301	0.00602	0.80879	0.00602
18	0.01355	0.01162	0.01347	0.00977	0.01540	0.00903	0.00780	0.01727	0.05266	0.02139	0.01231	0.01399	0.01013	0.00501	0.00488	0.00103	0.00480	0.00402	0.00398	0.76791
19	0.01380	0.01368	0.01972	0.14529	0.02174	0.01885	0.01480	0.01572	0.01042	0.01572	0.00900	0.01467	0.00850	0.01047	0.01865	0.00271	0.63068	0.00567	0.00283	0.00709
20	0.16557	0.01169	0.01431	0.01118	0.01602	0.01101	0.00923	0.07099	0.01792	0.57167	0.02202	0.01960	0.01413	0.00764	0.00606	0.00200	0.00551	0.00594	0.00721	0.01030
21	0.01414	0.01414	0.01979	0.01696	0.01696	0.01979	0.01414	0.01555	0.00990	0.01555	0.00848	0.01414	0.00848	0.01131	0.02120	0.00283	0.76110	0.00565	0.00283	0.00707
22	0.01340	0.01148	0.01340	0.00957	0.01531	0.00861	0.00766	0.01627	0.01340	0.02105	0.01148	0.01340	0.00957	0.00479	0.00479	0.00096	0.00479	0.00383	0.00383	0.81242
23	0.01607	0.01388	0.01461	0.01315	0.01680	0.01607	0.01023	0.03433	0.72094	0.02703	0.02630	0.02411	0.01972	0.00877	0.00657	0.00219	0.00511	0.00731	0.00657	0.01023
24	0.01579	0.01440	0.02534	0.03249	0.50134	0.01409	0.12254	0.01971	0.01543	0.06134	0.09752	0.02035	0.01647	0.00671	0.00673	0.00198	0.00750	0.00678	0.00394	0.00956
25	0.01358	0.00878	0.01088	0.00958	0.01222	0.00847	0.00741	0.01917	0.13986	0.13409	0.46424	0.03833	0.04439	0.01122	0.00713	0.00200	0.00387	0.00974	0.00699	0.04806
26	0.01204	0.00602	0.00602	0.00602	0.00753	0.00602	0.00452	0.01506	0.01355	0.02409	0.02108	0.02409	0.01656	0.00753	0.00452	0.00151	0.00301	0.00602	0.80879	0.00602
27	0.01869	0.02084	0.03929	0.19025	0.04828	0.30872	0.03256	0.09117	0.01709	0.01985	0.01136	0.01401	0.00898	0.00632	0.00594	0.00172	0.00908	0.00481	0.00360	0.14746
28	0.01687	0.30233	0.33615	0.01506	0.02220	0.04072	0.01685	0.13990	0.01649	0.02192	0.01127	0.01271	0.00871	0.00621	0.00546	0.00177	0.00822	0.00446	0.00341	0.00928
29	0.00923	0.00692	0.01038	0.01038	0.01154	0.00808	0.00808	0.01154	0.01038	0.01500	0.01731	0.02538	0.01615	0.04846	0.74732	0.01038	0.01731	0.00692	0.00346	0.00577
30	0.01340	0.01148	0.01340	0.00957	0.01531	0.00861	0.00766	0.01627	0.01340	0.02105	0.01148	0.01340	0.00957	0.00479	0.00479	0.00096	0.00479	0.00383	0.00383	0.81242
31	0.02414	0.03079	0.01831	0.01665	0.01998	0.74698	0.01248	0.02580	0.01831	0.01581	0.00999	0.01165	0.00832	0.00666	0.00583	0.00166	0.01165	0.00416	0.00333	0.00749
32	0.01204	0.00602	0.00602	0.00602	0.00753	0.00602	0.00452	0.01506	0.01355	0.02409	0.02108	0.02409	0.01656	0.00753	0.00452	0.00151	0.00301	0.00602	0.80879	0.00602
33	0.01477	0.01281	0.01639	0.01609	0.15788	0.01114	0.01052	0.06077	0.06131	0.02266	0.01284	0.01475	0.01046	0.00542	0.00533	0.00129	0.00552	0.00456	0.00405	0.55143
34	0.01981	0.02259	0.02252	0.02887	0.39860	0.35826	0.01639	0.02263	0.01640	0.01863	0.01114	0.01396	0.00934	0.00618	0.00613	0.00180	0.00954	0.00501	0.00326	0.00895
35	0.01609	0.01107	0.01339	0.00991	0.01522	0.00860	0.00792	0.01880	0.01432	0.15824	0.01548	0.05582	0.01259	0.00624	0.00530	0.00125	0.00487	0.00513	0.00475	0.61504
36	0.01456	0.01152	0.01375	0.03127	0.01629	0.00909	0.00825	0.03445	0.01417	0.06703	0.01303	0.01556	0.01066	0.00543	0.00508	0.00113	0.00503	0.02082	0.00418	0.69869
37	0.78893	0.01318	0.00983	0.00880	0.01277	0.04182	0.00720	0.01925	0.01127	0.02850	0.00903	0.01054	0.00705	0.00602	0.00407	0.00199	0.00525	0.00352	0.00397	0.00702
38	0.01607	0.01388	0.01461	0.01315	0.01680	0.01607	0.01023	0.03433	0.72094	0.02703	0.02630	0.02411	0.01972	0.00877	0.00657	0.00219	0.00511	0.00731	0.00657	0.01023
39	0.01204	0.00602	0.00602	0.00602	0.00753	0.00602	0.00452	0.01506	0.01355	0.02409	0.02108	0.02409	0.01656	0.00753	0.00452	0.00151	0.00301	0.00602	0.80879	0.00602
40	0.01520	0.02964	0.50407	0.01723	0.02481	0.12659	0.01977	0.02368	0.13694	0.02089	0.01390	0.01515	0.01021	0.00667	0.00617	0.00201	0.00910	0.00512	0.00349	0.00935
41	0.00928	0.00674	0.00945	0.00945	0.01029	0.00757	0.00692	0.01094	0.01011	0.01431	0.01816	0.03010	0.01820	0.25059	0.54798	0.00923	0.01423	0.00761	0.00359	0.00525
42	0.00787	0.00562	0.00750	0.00900	0.00937	0.00525	0.00600	0.00900	0.01237	0.01649	0.03561	0.76871	0.04274	0.02024	0.00825	0.00262	0.00375	0.01837	0.00600	0.00525
43	0.01414	0.01414	0.01979	0.01696	0.01696	0.01979	0.01414	0.01555	0.00990	0.01555	0.00848	0.01414	0.00848	0.01131	0.02120	0.00283	0.76110	0.00565	0.00283	0.00707
44	0.01340	0.01148	0.01340	0.00957	0.01531	0.00861	0.00766	0.01627	0.01340	0.02105	0.01148	0.01340	0.00957	0.00479	0.00479	0.00096	0.00479	0.00383	0.00383	0.81242
45	0.02356	0.07149	0.04267	0.01605	0.01996	0.58320	0.01267	0.10014	0.01918	0.03782	0.01100	0.01234	0.00881	0.00673	0.00583	0.00170	0.01065	0.00438	0.00374	0.00808
46	0.01304	0.03286	0.71463	0.01873	0.02817	0.01505	0.04812	0.02047	0.01370	0.02047	0.01165	0.01378	0.00824	0.00611	0.00619	0.00205	0.00960	0.00488	0.00275	0.00952
47	0.01727	0.77681	0.03386	0.01106	0.01658	0.02557	0.01106	0.01935	0.01313	0.01520	0.00898	0.01036	0.00829	0.00553	0.00415	0.00138	0.00691	0.00345	0.00276	0.00829
48	0.06046	0.02127	0.37733	0.01459	0.02076	0.01184	0.05533	0.01830	0.01536	0.06253	0.24669	0.02544	0.02588	0.00850	0.00660	0.00204	0.00701	0.00721	0.00456	0.00830
49	0.01371	0.11484	0.57774	0.01863	0.02737	0.01635	0.10318	0.02037	0.01377	0.01990	0.01148	0.01372	0.00839	0.00599	0.00609	0.00199	0.00941	0.00496	0.00280	0.00931
50	0.00787	0.00562	0.00750	0.00900	0.00937	0.00525	0.00600	0.00900	0.01237	0.01649	0.03561	0.76871	0.04274	0.02024	0.00825	0.00262	0.00375	0.01837	0.00600	0.00525
51	0.01008	0.00733	0.00996	0.01127	0.01284	0.00720	0.00976	0.01290	0.01486	0.01911	0.03789	0.07162	0.11882	0.01767	0.00877	0.00288	0.00563	0.60953	0.00596	0.00589
52	0.01512	0.01479	0.02621	0.18727	0.50735	0.01526	0.10066	0.01924	0.01440	0.02011	0.01212	0.01642	0.00985	0.00587	0.00655	0.00200	0.00825	0.00597	0.00314	0.00942
53	0.01354	0.13346	0.64449	0.01743	0.02643	0.01643	0.02215	0.02031	0.01357	0.01975	0.01124	0.01320	0.00820	0.00606	0.00587	0.00196	0.00919	0.00460	0.00273	0.00938
54	0.00828	0.00658	0.00754	0.00813	0.00984	0.00585	0.00628	0.01011	0.01435	0.01769	0.05351	0.18801	0.46060	0.01736	0.00802	0.00243	0.00393	0.15998	0.00599	0.00553
55	0.01310	0.05759	0.71651	0.01818	0.02760	0.01535	0.02346	0.02043	0.01362	0.02029	0.01151	0.01354	0.00819	0.00612	0.00607	0.00202	0.00946	0.00473	0.00273	0.00951
56	0.01384	0.01315	0.02233	0.44811	0.34102	0.01478	0.01876	0.01794	0.01369	0.01849	0.01177	0.01669	0.00931	0.00616	0.00643	0.00205	0.00821	0.00575	0.00301	0.00850
57	0.01487	0.01262	0.01357	0.01228	0.01556	0.01434	0.00951	0.03050	0.59916	0.02684	0.14812	0.02829	0.02687	0.00954	0.00676	0.00216	0.00476	0.00806	0.00667	0.00951
58	0.01220	0.01148	0.01938	0.75739	0.04450	0.01436	0.01794	0.01651	0.01292	0.01651	0.01148	0.01723	0.00861	0.00646	0.00646	0.00215	0.00861	0.00574	0.00287	0.00718
59	0.01337	0.10383	0.67262	0.01772	0.02689	0.01601	0.02266	0.02036	0.01359	0.01996	0.01135	0.01333	0.00820	0.00608	0.00595	0.00198	0.00930	0.00465	0.00273	0.00943
60	0.01296	0.03342	0.73944	0.01842	0.02797	0.01501	0.02387	0.02046	0.01364	0.02046	0.01160	0.01364	0.00818	0.00614	0.00614	0.00205	0.00955	0.00477	0.00273	0.00955
61	0.00988	0.00717	0.00918	0.13710	0.01354	0.00767	0.00635	0.01063	0.01001	0.01322	0.01882	0.03794	0.02091	0.64008	0.02831	0.00555	0.00667	0.00876	0.00373	0.00448
62	0.01372	0.01445	0.02873	0.39319	0.03915	0.01535	0.36272	0.01860	0.01408	0.01860	0.01228	0.01733	0.00921	0.00595	0.00704	0.00217	0.00975	0.00668	0.00307	0.00794
63	0.01367	0.01908	0.21565	0.02575	0.27320	0.01379	0.16246	0.01852	0.01475	0.02071	0.06032	0.02286	0.09515	0.00745	0.00680	0.00204	0.00807	0.00714	0.00364	0.00894
64	0.01387	0.01319	0.02239	0.44157	0.34730	0.01479	0.01877	0.01797	0.01371	0.01853	0.01178	0.01668	0.00933	0.00615	0.00643	0.00205	0.00820	0.00575	0.00302	0.00852
65	0.01409	0.01341	0.02279	0.39939	0.38773	0.01485	0.01888	0.01817	0.01381	0.01880	0.01182	0.01661	0.00942	0.00611	0.00643	0.00204	0.00815	0.00575	0.00303	0.00870
66	0.02070	0.10638	0.19573	0.01263	0.01832	0.01219	0.01268	0.02423	0.01599	0.37464	0.02380	0.06713	0.06992	0.00864	0.00633	0.00199	0.00639	0.00699	0.00580	0.00954
67	0.02451	0.10168	0.14268	0.01269	0.01850	0.01246	0.01219	0.02828	0.03717	0.51080	0.02124	0.01929	0.01388	0.00742	0.00617	0.00194	0.00635	0.00588	0.00645	0.01042
68	0.00885	0.00669	0.00900	0.00968	0.01084	0.00629	0.02917	0.01057	0.01328	0.01718	0.03881	0.36930	0.16833	0.08587	0.01049	0.00294	0.00467	0.18688	0.00571	0.00546
69	0.01435	0.01201	0.13621	0.01092	0.01440	0.00810	0.00986	0.01703	0.01458	0.20952	0.03329	0.33122	0.13415	0.01394	0.00732	0.00229	0.00515	0.01213	0.00596	0.00756

[dist]
# distance from previous block
# <min> <max>
0	1

[block]
# block no. 6 follows, 34 sequences, length 73
# corresponding to MSA columns:
# 369-441
name=unknown_G
#
# <colnr> <probs for GDERKNQSTAVLIFYWHMCP>
#	G	D	E	R	K	N	Q	S	T	A	V	L	I	F	Y	W	H	M	C	P
0	0.02623	0.01301	0.01712	0.01535	0.09647	0.01250	0.01123	0.16808	0.04372	0.49318	0.02202	0.02008	0.01447	0.00773	0.00648	0.00198	0.00605	0.00630	0.00711	0.01088
1	0.01355	0.01286	0.02182	0.50166	0.28969	0.01471	0.01862	0.01769	0.01356	0.01815	0.01172	0.01679	0.00919	0.00621	0.00644	0.00207	0.00828	0.00575	0.00299	0.00827
2	0.01916	0.01629	0.02052	0.10036	0.04100	0.12020	0.14349	0.07061	0.19929	0.14668	0.01989	0.02041	0.03701	0.00755	0.00666	0.00205	0.00774	0.00667	0.00520	0.00923
3	0.01652	0.01688	0.02739	0.03599	0.57184	0.07298	0.12262	0.02043	0.01508	0.02063	0.01212	0.01587	0.01002	0.00578	0.00654	0.00194	0.00847	0.00591	0.00322	0.00979
4	0.01506	0.01364	0.01658	0.01216	0.01777	0.06751	0.08573	0.01811	0.01419	0.04875	0.01209	0.01405	0.00975	0.00513	0.00525	0.00119	0.00603	0.00438	0.00389	0.62876
5	0.01038	0.01035	0.09260	0.09201	0.01566	0.00802	0.00931	0.01375	0.01643	0.05043	0.40131	0.04279	0.18788	0.01212	0.00728	0.00208	0.00455	0.01045	0.00595	0.00667
6	0.01444	0.01551	0.02935	0.15702	0.03151	0.03918	0.43688	0.04267	0.01523	0.01995	0.01842	0.02199	0.08923	0.00714	0.00772	0.00217	0.03222	0.00771	0.00360	0.00806
7	0.01734	0.01451	0.01533	0.01341	0.01729	0.01667	0.01054	0.13582	0.61739	0.02908	0.02468	0.02282	0.01841	0.00861	0.00656	0.00215	0.00541	0.00708	0.00656	0.01034
8	0.81856	0.01250	0.00950	0.00850	0.01250	0.01449	0.00700	0.01899	0.01100	0.02899	0.00900	0.01050	0.00700	0.00600	0.00400	0.00200	0.00500	0.00350	0.00400	0.00700
9	0.00766	0.00647	0.00662	0.00675	0.00878	0.00544	0.00500	0.00925	0.01454	0.01738	0.06302	0.11979	0.67396	0.01668	0.00769	0.00222	0.00331	0.01402	0.00600	0.00544
10	0.00914	0.00660	0.00864	0.00813	0.00965	0.00610	0.00610	0.01219	0.01829	0.02591	0.72921	0.04827	0.06097	0.01321	0.00762	0.00203	0.00305	0.01169	0.00711	0.00610
