[name]
unknown

[dist]
# distance from previous block
# <min> <max>
0	37

[block]
# block no. 0 follows, 33 sequences, length 6
# corresponding to MSA columns:
# 43-48
name=unknown_A
#
# <colnr> <probs for GDERKNQSTAVLIFYWHMCP>
#	G	D	E	R	K	N	Q	S	T	A	V	L	I	F	Y	W	H	M	C	P
0	0.12219	0.01492	0.05573	0.09398	0.22296	0.01476	0.03140	0.08422	0.08013	0.08415	0.01566	0.01956	0.01247	0.00739	0.00676	0.00206	0.03033	0.04014	0.00451	0.05671
1	0.05822	0.01491	0.02493	0.01906	0.02392	0.01507	0.31947	0.10424	0.15484	0.05538	0.04701	0.09680	0.01775	0.00850	0.00724	0.00222	0.00787	0.00851	0.00507	0.00900
2	0.00802	0.00573	0.00764	0.00917	0.00955	0.00535	0.00611	0.00917	0.01260	0.01681	0.03628	0.76434	0.04354	0.02062	0.00840	0.00267	0.00382	0.01872	0.00611	0.00535
3	0.01470	0.01315	0.04738	0.05739	0.07190	0.01066	0.03338	0.05709	0.01492	0.04848	0.01421	0.06445	0.01226	0.00647	0.00565	0.00142	0.00584	0.00553	0.00419	0.51093
4	0.03660	0.00874	0.03438	0.00911	0.01154	0.00770	0.00726	0.01578	0.05241	0.10772	0.39707	0.04324	0.14476	0.05628	0.03614	0.00265	0.00455	0.01054	0.00659	0.00693
5	0.01581	0.01366	0.01840	0.01570	0.01679	0.01787	0.01297	0.07572	0.04217	0.06638	0.04055	0.01774	0.01258	0.01383	0.07280	0.00327	0.52579	0.00625	0.00393	0.00780

[dist]
# distance from previous block
# <min> <max>
0	1

[block]
# block no. 1 follows, 33 sequences, length 27
# corresponding to MSA columns:
# 50-76
name=unknown_B
#
# <colnr> <probs for GDERKNQSTAVLIFYWHMCP>
#	G	D	E	R	K	N	Q	S	T	A	V	L	I	F	Y	W	H	M	C	P
0	0.01885	0.16869	0.02239	0.01599	0.01836	0.29248	0.01316	0.02052	0.01394	0.01587	0.00932	0.01270	0.00854	0.00859	0.01233	0.00215	0.33069	0.00475	0.00306	0.00761
1	0.07806	0.04096	0.28279	0.04590	0.18653	0.01554	0.06700	0.08710	0.01579	0.04200	0.01252	0.01490	0.00945	0.00620	0.00615	0.00195	0.00821	0.00527	0.00363	0.07004
2	0.10695	0.19762	0.14732	0.01341	0.04142	0.03675	0.01248	0.06549	0.04007	0.15569	0.01735	0.05510	0.03051	0.02429	0.00633	0.00200	0.00677	0.00597	0.02552	0.00895
3	0.01861	0.01564	0.01571	0.01362	0.01750	0.07257	0.01072	0.16936	0.43728	0.05341	0.02388	0.02291	0.03761	0.01100	0.04750	0.00259	0.00679	0.00702	0.00628	0.01000
4	0.00820	0.00593	0.00776	0.00890	0.00955	0.00549	0.00606	0.00966	0.01362	0.01827	0.13900	0.62038	0.08410	0.01935	0.00827	0.00256	0.00369	0.01745	0.00628	0.00549
5	0.01676	0.01249	0.01459	0.01063	0.01633	0.01032	0.00859	0.10403	0.01636	0.09985	0.01374	0.01485	0.01063	0.00560	0.00527	0.00121	0.00525	0.00444	0.00469	0.62436
6	0.06688	0.01177	0.01339	0.00968	0.01541	0.00917	0.00776	0.01676	0.01349	0.02199	0.01153	0.01345	0.00958	0.00496	0.00482	0.00105	0.00489	0.00388	0.00391	0.75564
7	0.01542	0.01859	0.07453	0.02729	0.03410	0.01658	0.66882	0.02108	0.01545	0.02108	0.01324	0.01756	0.00990	0.00559	0.00769	0.00221	0.01103	0.00762	0.00330	0.00892
8	0.01499	0.19595	0.41922	0.01880	0.02682	0.03976	0.15510	0.02080	0.01425	0.01955	0.01147	0.01385	0.00869	0.00599	0.00609	0.00195	0.00946	0.00512	0.00291	0.00921
9	0.00901	0.00744	0.00802	0.00788	0.01001	0.00685	0.00589	0.01276	0.09316	0.02026	0.17162	0.10955	0.48274	0.01557	0.00770	0.00223	0.00354	0.01320	0.00637	0.00619
10	0.01009	0.00680	0.00841	0.00831	0.01003	0.00608	0.00611	0.01227	0.01614	0.07488	0.31725	0.22940	0.23818	0.01574	0.00784	0.00226	0.00354	0.01376	0.00672	0.00619
11	0.01808	0.72230	0.03342	0.01165	0.01713	0.07465	0.01136	0.02016	0.01373	0.01553	0.00922	0.01065	0.00845	0.00571	0.00434	0.00143	0.00737	0.00357	0.00286	0.00839
12	0.00817	0.00582	0.00770	0.00903	0.00947	0.00545	0.00603	0.00940	0.01289	0.01730	0.08234	0.68719	0.04402	0.04982	0.00936	0.00278	0.00387	0.01789	0.00610	0.00535
13	0.00955	0.00646	0.00756	0.00756	0.00770	0.00659	0.00447	0.00982	0.00969	0.01305	0.02039	0.04114	0.02309	0.68762	0.11338	0.00686	0.00765	0.00929	0.00394	0.00420
14	0.01727	0.01544	0.02666	0.03732	0.62533	0.01525	0.06577	0.02119	0.01533	0.07668	0.01350	0.01687	0.01085	0.00602	0.00661	0.00198	0.00787	0.00605	0.00364	0.01038
15	0.03888	0.03947	0.01155	0.11004	0.01579	0.00965	0.00833	0.01570	0.11335	0.02199	0.25439	0.08219	0.22867	0.01261	0.00722	0.00216	0.00450	0.01076	0.00591	0.00684
16	0.02076	0.01230	0.01437	0.01210	0.01618	0.01272	0.00964	0.06275	0.33238	0.29294	0.07460	0.02729	0.06331	0.00935	0.00680	0.00214	0.00520	0.00774	0.00724	0.01018
17	0.00957	0.00638	0.00718	0.00718	0.00718	0.00638	0.00399	0.00957	0.00957	0.01276	0.02074	0.04308	0.02393	0.76864	0.03351	0.00638	0.00638	0.00957	0.00399	0.00399
18	0.10413	0.15249	0.09308	0.06934	0.03831	0.13384	0.01219	0.11232	0.01637	0.02182	0.01672	0.08647	0.04931	0.03363	0.00682	0.00206	0.00749	0.00651	0.00413	0.03297
19	0.05115	0.23243	0.12528	0.01802	0.06974	0.20897	0.10336	0.02230	0.01531	0.05486	0.01140	0.01342	0.00913	0.00636	0.00625	0.00182	0.03332	0.00484	0.00338	0.00865
20	0.01342	0.03256	0.67077	0.01959	0.02903	0.01541	0.08659	0.02087	0.01405	0.02087	0.01195	0.01425	0.00849	0.00619	0.00639	0.00210	0.00985	0.00513	0.00283	0.00965
21	0.00802	0.00573	0.00764	0.00917	0.00955	0.00535	0.00611	0.00917	0.01260	0.01681	0.03628	0.76434	0.04354	0.02062	0.00840	0.00267	0.00382	0.01872	0.00611	0.00535
22	0.01062	0.00794	0.01129	0.01093	0.01243	0.00918	0.00856	0.06565	0.01216	0.01732	0.01749	0.02508	0.01605	0.04615	0.68539	0.00991	0.01683	0.00697	0.00376	0.00629
23	0.32649	0.03752	0.03378	0.13163	0.03773	0.01373	0.02268	0.06838	0.01429	0.03892	0.05111	0.03696	0.01259	0.00694	0.00537	0.00188	0.00604	0.00528	0.00424	0.14445
24	0.06444	0.23293	0.06615	0.01616	0.08276	0.12611	0.03239	0.13815	0.05882	0.04042	0.01458	0.07225	0.01267	0.00770	0.00583	0.00186	0.00763	0.00594	0.00429	0.00893
25	0.01623	0.34611	0.16660	0.01371	0.01889	0.11689	0.01360	0.01928	0.01387	0.01713	0.01264	0.08738	0.01203	0.00784	0.00670	0.00180	0.06776	0.00561	0.00328	0.05262
26	0.03411	0.11013	0.21268	0.07599	0.02431	0.01458	0.16184	0.01922	0.03752	0.06150	0.02000	0.08226	0.07314	0.03497	0.00760	0.00225	0.00797	0.00762	0.00399	0.00833

[dist]
# distance from previous block
# <min> <max>
0	7

[block]
# block no. 2 follows, 33 sequences, length 60
# corresponding to MSA columns:
# 84-143
name=unknown_C
#
# <colnr> <probs for GDERKNQSTAVLIFYWHMCP>
#	G	D	E	R	K	N	Q	S	T	A	V	L	I	F	Y	W	H	M	C	P
0	0.01531	0.08416	0.20110	0.01842	0.08313	0.08838	0.12022	0.02146	0.09753	0.02062	0.01814	0.01966	0.07151	0.00715	0.00632	0.00189	0.00809	0.00618	0.00385	0.10689
1	0.00811	0.00579	0.00772	0.00911	0.00957	0.00540	0.00612	0.00938	0.01300	0.01744	0.08157	0.71726	0.04476	0.02015	0.00836	0.00263	0.00377	0.01827	0.00619	0.00540
2	0.01734	0.01559	0.05397	0.03783	0.09160	0.01553	0.17031	0.20412	0.03434	0.05783	0.01908	0.09210	0.03303	0.00947	0.00850	0.00226	0.07291	0.05021	0.00492	0.00906
3	0.02010	0.14372	0.22215	0.01737	0.07202	0.03998	0.03535	0.24690	0.02019	0.09965	0.01418	0.01508	0.01031	0.00686	0.00613	0.00192	0.00802	0.00531	0.00465	0.01012
4	0.01517	0.12462	0.08185	0.02028	0.04149	0.01592	0.34092	0.03972	0.04695	0.03991	0.01824	0.07069	0.03923	0.00927	0.02935	0.00240	0.00900	0.04246	0.00402	0.00853
5	0.00813	0.00668	0.00715	0.00703	0.00910	0.00570	0.00527	0.01012	0.01582	0.01972	0.21415	0.06018	0.57623	0.01595	0.00778	0.00219	0.00328	0.01345	0.00637	0.00570
6	0.01557	0.01766	0.03831	0.02831	0.06513	0.01660	0.67337	0.02105	0.01551	0.02111	0.01328	0.01769	0.01001	0.00556	0.00771	0.00221	0.01095	0.00768	0.00333	0.00895
7	0.01953	0.07583	0.07763	0.01841	0.11803	0.03613	0.08626	0.15573	0.05629	0.15968	0.03767	0.04228	0.05309	0.00835	0.00669	0.00204	0.00719	0.02415	0.00536	0.00965
8	0.00932	0.00673	0.00880	0.00828	0.00984	0.00621	0.00621	0.01242	0.01863	0.02640	0.72410	0.04918	0.06212	0.01346	0.00776	0.00207	0.00311	0.01191	0.00725	0.00621
9	0.01629	0.01564	0.02672	0.04041	0.72757	0.01564	0.02020	0.02020	0.01499	0.02151	0.01238	0.01629	0.01043	0.00587	0.00652	0.00196	0.00782	0.00587	0.00326	0.01043
10	0.10880	0.01562	0.01732	0.01482	0.05471	0.01696	0.01144	0.35122	0.16008	0.15315	0.01878	0.01811	0.01332	0.00785	0.00634	0.00204	0.00637	0.00608	0.00643	0.01057
11	0.01716	0.45783	0.10742	0.01275	0.01787	0.06460	0.01248	0.07824	0.01506	0.01887	0.01230	0.05940	0.01125	0.00731	0.00597	0.00171	0.04753	0.00511	0.03874	0.00842
12	0.00802	0.00573	0.00764	0.00917	0.00955	0.00535	0.00611	0.00917	0.01260	0.01681	0.03628	0.76434	0.04354	0.02062	0.00840	0.00267	0.00382	0.01872	0.00611	0.00535
13	0.00943	0.00697	0.01015	0.01015	0.01118	0.00800	0.00769	0.01148	0.01045	0.01496	0.01803	0.02803	0.01740	0.14012	0.65310	0.01005	0.01621	0.00737	0.00359	0.00564
14	0.02301	0.12726	0.06425	0.01627	0.02040	0.57951	0.01323	0.04919	0.01812	0.01722	0.01034	0.01196	0.00856	0.00664	0.00576	0.00169	0.01095	0.00424	0.00339	0.00799
15	0.01243	0.01170	0.01975	0.75282	0.04534	0.01463	0.01828	0.01682	0.01316	0.01682	0.01170	0.01755	0.00878	0.00658	0.00658	0.00219	0.00878	0.00585	0.00293	0.00731
16	0.01778	0.41741	0.19087	0.01551	0.04260	0.12117	0.05028	0.02134	0.01455	0.03895	0.01072	0.01240	0.00881	0.00601	0.00525	0.00168	0.00851	0.00431	0.00309	0.00879
17	0.00940	0.00705	0.01058	0.01058	0.01176	0.00823	0.00823	0.01176	0.01058	0.01528	0.01763	0.02586	0.01646	0.04937	0.74255	0.01058	0.01763	0.00705	0.00353	0.00588
18	0.01274	0.01030	0.01036	0.00965	0.01219	0.05950	0.00732	0.07075	0.09570	0.06173	0.12857	0.14580	0.32180	0.01409	0.00746	0.00220	0.00462	0.01188	0.00628	0.00707
19	0.04495	0.05781	0.14917	0.01597	0.05922	0.07710	0.03752	0.11704	0.03701	0.31114	0.01820	0.01770	0.01240	0.00727	0.00633	0.00198	0.00747	0.00578	0.00570	0.01023
20	0.02954	0.01120	0.01528	0.01171	0.01681	0.00968	0.00968	0.03208	0.01884	0.73213	0.02597	0.02241	0.01630	0.00815	0.00662	0.00204	0.00560	0.00662	0.00815	0.01120
21	0.00957	0.00638	0.00718	0.00718	0.00718	0.00638	0.00399	0.00957	0.00957	0.01276	0.02074	0.04308	0.02393	0.76864	0.03351	0.00638	0.00638	0.00957	0.00399	0.00399
22	0.06043	0.41097	0.04561	0.01450	0.04957	0.21263	0.01230	0.09001	0.01650	0.01937	0.01030	0.01178	0.00875	0.00621	0.00506	0.00161	0.00834	0.00409	0.00343	0.00856
23	0.02236	0.16476	0.02190	0.01551	0.03906	0.24994	0.01234	0.27339	0.09254	0.02655	0.01378	0.01446	0.01069	0.00717	0.00594	0.00180	0.00848	0.00509	0.00478	0.00945
24	0.01761	0.33315	0.12733	0.01439	0.02005	0.07569	0.07141	0.04337	0.10010	0.06060	0.04838	0.01624	0.01317	0.00678	0.00564	0.00177	0.00760	0.00527	0.00403	0.02742
25	0.01455	0.01803	0.22980	0.01377	0.03958	0.03194	0.01326	0.08965	0.05805	0.08060	0.04730	0.11245	0.16686	0.01071	0.00689	0.00211	0.00645	0.00891	0.00513	0.04395
26	0.01664	0.01645	0.02591	0.07034	0.65331	0.06100	0.01965	0.02044	0.01514	0.02096	0.01222	0.01607	0.01023	0.00595	0.00648	0.00195	0.00812	0.00576	0.00325	0.01012
27	0.01243	0.01170	0.01975	0.75282	0.04534	0.01463	0.01828	0.01682	0.01316	0.01682	0.01170	0.01755	0.00878	0.00658	0.00658	0.00219	0.00878	0.00585	0.00293	0.00731
28	0.01512	0.01035	0.01195	0.01054	0.01360	0.01056	0.00827	0.08064	0.20527	0.12353	0.24710	0.03918	0.15480	0.01173	0.00726	0.00215	0.00449	0.02821	0.00694	0.00834
29	0.02916	0.01181	0.01566	0.01200	0.01711	0.01058	0.00992	0.08892	0.01986	0.67385	0.02511	0.02185	0.01587	0.00813	0.00662	0.00203	0.00574	0.00656	0.00802	0.01120
30	0.00940	0.00705	0.01058	0.01058	0.01176	0.00823	0.00823	0.01176	0.01058	0.01528	0.01763	0.02586	0.01646	0.04937	0.74255	0.01058	0.01763	0.00705	0.00353	0.00588
31	0.01196	0.00620	0.00642	0.00636	0.00790	0.00614	0.00477	0.01503	0.01432	0.02474	0.09635	0.02717	0.02169	0.00829	0.00494	0.00159	0.00307	0.00675	0.72016	0.00614
32	0.01342	0.00707	0.00727	0.00688	0.00878	0.00711	0.00526	0.05877	0.01507	0.04610	0.02282	0.02528	0.04106	0.00801	0.00490	0.00160	0.00341	0.00641	0.70421	0.00658
33	0.01243	0.01170	0.01975	0.75282	0.04534	0.01463	0.01828	0.01682	0.01316	0.01682	0.01170	0.01755	0.00878	0.00658	0.00658	0.00219	0.00878	0.00585	0.00293	0.00731
34	0.01144	0.00572	0.00858	0.00858	0.00858	0.00572	0.00572	0.00858	0.00858	0.01144	0.01144	0.02001	0.01144	0.02287	0.02573	0.80846	0.00572	0.00572	0.00286	0.00286
35	0.02410	0.01798	0.01924	0.01496	0.02006	0.01998	0.01229	0.63403	0.10405	0.04000	0.01698	0.01674	0.01215	0.00801	0.00660	0.00200	0.00703	0.00609	0.00660	0.01111
36	0.01444	0.01217	0.01408	0.01013	0.01594	0.00959	0.00813	0.06463	0.01486	0.02285	0.01199	0.01380	0.00985	0.00509	0.00499	0.00104	0.00504	0.00404	0.00409	0.75325
37	0.02494	0.01747	0.01907	0.01459	0.01987	0.01890	0.01204	0.61224	0.02906	0.10504	0.01657	0.01633	0.01161	0.00779	0.00651	0.00194	0.00699	0.00590	0.00661	0.04655
38	0.01243	0.01170	0.01975	0.75282	0.04534	0.01463	0.01828	0.01682	0.01316	0.01682	0.01170	0.01755	0.00878	0.00658	0.00658	0.00219	0.00878	0.00585	0.00293	0.00731
39	0.02880	0.01176	0.01554	0.01199	0.01704	0.01058	0.00988	0.07428	0.04363	0.66467	0.02537	0.02207	0.01611	0.00816	0.00662	0.00204	0.00569	0.00661	0.00800	0.01118
40	0.01147	0.00895	0.01022	0.00978	0.01212	0.00911	0.00749	0.01855	0.22034	0.04126	0.23497	0.11073	0.20983	0.01374	0.00757	0.00227	0.00409	0.05353	0.00665	0.00732
41	0.10632	0.01265	0.01514	0.01182	0.01663	0.01235	0.00973	0.17959	0.02045	0.46375	0.02174	0.01990	0.01428	0.00786	0.00623	0.00199	0.00576	0.00613	0.05720	0.01048
42	0.00940	0.00705	0.01058	0.01058	0.01176	0.00823	0.00823	0.01176	0.01058	0.01528	0.01763	0.02586	0.01646	0.04937	0.74255	0.01058	0.01763	0.00705	0.00353	0.00588
43	0.06154	0.01359	0.01620	0.01271	0.01764	0.01363	0.01042	0.21510	0.10562	0.42835	0.02256	0.02035	0.01496	0.00809	0.00651	0.00204	0.00598	0.00640	0.00737	0.01093
44	0.02472	0.01780	0.01922	0.01486	0.02002	0.01961	0.01224	0.62906	0.07312	0.07614	0.01702	0.01669	0.01201	0.00798	0.00659	0.00199	0.00703	0.00606	0.00667	0.01115
45	0.00818	0.00585	0.00778	0.00906	0.00958	0.00545	0.00612	0.00957	0.01334	0.01798	0.12048	0.67680	0.04582	0.01975	0.00832	0.00260	0.00373	0.01788	0.00625	0.00545
46	0.00946	0.00634	0.00721	0.00732	0.00735	0.00631	0.00414	0.00954	0.00979	0.01305	0.02186	0.09481	0.02534	0.71499	0.03171	0.00612	0.00620	0.01023	0.00414	0.00409
47	0.02584	0.01338	0.01545	0.01228	0.01690	0.04959	0.00998	0.15139	0.08378	0.44837	0.02304	0.02106	0.01537	0.00806	0.00642	0.00198	0.00597	0.00641	0.07420	0.01052
48	0.01499	0.01552	0.06424	0.01701	0.01866	0.01847	0.05602	0.07864	0.03368	0.01899	0.01119	0.01659	0.01021	0.03864	0.05552	0.00321	0.51118	0.00609	0.00342	0.00774
49	0.00859	0.00597	0.00747	0.00844	0.00868	0.00573	0.00533	0.00932	0.01149	0.01532	0.03058	0.49973	0.03635	0.29505	0.01761	0.00403	0.00476	0.01536	0.00533	0.00485
50	0.04442	0.12412	0.09394	0.05735	0.17798	0.03720	0.05103	0.02064	0.05375	0.05294	0.01295	0.01510	0.01028	0.00594	0.00572	0.00167	0.00713	0.00501	0.00375	0.21907
51	0.03835	0.02235	0.35007	0.01428	0.02180	0.01247	0.01581	0.04411	0.01474	0.08158	0.01302	0.01449	0.00962	0.00593	0.00570	0.00165	0.00729	0.00464	0.00383	0.31827
52	0.00883	0.00657	0.00805	0.00794	0.00951	0.00593	0.00585	0.01131	0.01682	0.02292	0.45141	0.14549	0.22651	0.01507	0.00778	0.00218	0.00326	0.01316	0.02548	0.00593
53	0.01420	0.01170	0.01585	0.17150	0.15010	0.05902	0.01238	0.03602	0.03368	0.07673	0.11571	0.17970	0.02507	0.01326	0.05307	0.00271	0.00716	0.00946	0.00493	0.00775
54	0.04606	0.16792	0.12277	0.04319	0.13426	0.12523	0.13009	0.02229	0.01528	0.09601	0.01275	0.01490	0.00982	0.00637	0.00644	0.00191	0.02663	0.00535	0.00368	0.00907
55	0.00930	0.00739	0.00901	0.00945	0.04146	0.00683	0.00659	0.01253	0.05244	0.02219	0.35180	0.11656	0.30066	0.01473	0.00772	0.00218	0.00357	0.01276	0.00652	0.00629
56	0.00817	0.00632	0.00747	0.00806	0.00942	0.00562	0.00578	0.00987	0.01455	0.01867	0.14714	0.34556	0.33578	0.01786	0.00807	0.00241	0.00357	0.03382	0.00627	0.00558
57	0.01572	0.01510	0.04602	0.22831	0.06607	0.01552	0.21858	0.08857	0.12942	0.04402	0.01675	0.05696	0.01328	0.00751	0.00703	0.00219	0.00837	0.00734	0.00434	0.00890
58	0.03746	0.03198	0.03693	0.04912	0.05355	0.00975	0.05133	0.03597	0.04510	0.02371	0.01867	0.02173	0.01465	0.00775	0.00583	0.02622	0.00483	0.00605	0.51233	0.00706
59	0.09216	0.01809	0.10771	0.01948	0.13278	0.05557	0.06261	0.13209	0.03625	0.12026	0.01422	0.01594	0.01065	0.00736	0.00820	0.00207	0.10372	0.00562	0.00456	0.05067

[dist]
# distance from previous block
# <min> <max>
1	35

[block]
# block no. 3 follows, 33 sequences, length 30
# corresponding to MSA columns:
# 179-208
name=unknown_D
#
# <colnr> <probs for GDERKNQSTAVLIFYWHMCP>
#	G	D	E	R	K	N	Q	S	T	A	V	L	I	F	Y	W	H	M	C	P
0	0.04225	0.01731	0.02541	0.06697	0.08631	0.05774	0.23563	0.25069	0.03600	0.02779	0.01457	0.01814	0.01128	0.00696	0.00684	0.00204	0.00862	0.02774	0.00461	0.05311
1	0.02069	0.04406	0.15068	0.06888	0.07580	0.29419	0.01564	0.13376	0.01856	0.05942	0.01239	0.01425	0.00948	0.00707	0.00699	0.00194	0.04823	0.00505	0.00397	0.00897
2	0.00878	0.00671	0.00806	0.00772	0.00951	0.00598	0.00579	0.01139	0.01737	0.02340	0.49546	0.05411	0.29262	0.01458	0.00777	0.00212	0.00319	0.01260	0.00685	0.00598
3	0.00816	0.00583	0.00780	0.00933	0.00977	0.00547	0.00636	0.00941	0.01274	0.01696	0.03621	0.72674	0.04323	0.02049	0.00844	0.00269	0.00394	0.05493	0.00611	0.00539
4	0.01227	0.00614	0.00614	0.00614	0.00767	0.00614	0.00460	0.01534	0.01381	0.02454	0.02148	0.02454	0.01687	0.00767	0.00460	0.00153	0.00307	0.00614	0.80518	0.00614
5	0.00851	0.00670	0.00769	0.00744	0.00934	0.00587	0.00558	0.01087	0.01674	0.02189	0.38032	0.05659	0.40871	0.01514	0.00777	0.00215	0.00323	0.01295	0.00665	0.00587
6	0.81514	0.01273	0.00968	0.00866	0.01273	0.01477	0.00713	0.01935	0.01120	0.02954	0.00917	0.01069	0.00713	0.00611	0.00407	0.00204	0.00509	0.00356	0.00407	0.00713
7	0.81514	0.01273	0.00968	0.00866	0.01273	0.01477	0.00713	0.01935	0.01120	0.02954	0.00917	0.01069	0.00713	0.00611	0.00407	0.00204	0.00509	0.00356	0.00407	0.00713
8	0.81514	0.01273	0.00968	0.00866	0.01273	0.01477	0.00713	0.01935	0.01120	0.02954	0.00917	0.01069	0.00713	0.00611	0.00407	0.00204	0.00509	0.00356	0.00407	0.00713
9	0.02954	0.01120	0.01528	0.01171	0.01681	0.00968	0.00968	0.03208	0.01884	0.73213	0.02597	0.02241	0.01630	0.00815	0.00662	0.00204	0.00560	0.00662	0.00815	0.01120
10	0.81514	0.01273	0.00968	0.00866	0.01273	0.01477	0.00713	0.01935	0.01120	0.02954	0.00917	0.01069	0.00713	0.00611	0.00407	0.00204	0.00509	0.00356	0.00407	0.00713
11	0.57151	0.01334	0.01208	0.01012	0.01453	0.01480	0.00834	0.12431	0.01538	0.14323	0.01284	0.01333	0.00920	0.00670	0.00486	0.00203	0.00550	0.00441	0.00510	0.00839
12	0.01320	0.03405	0.73453	0.01876	0.02849	0.01529	0.02432	0.02085	0.01390	0.02085	0.01181	0.01390	0.00834	0.00625	0.00625	0.00208	0.00973	0.00486	0.00278	0.00973
13	0.00824	0.00586	0.00774	0.00917	0.00958	0.00552	0.00618	0.00940	0.01252	0.01668	0.03522	0.68639	0.04202	0.06878	0.01005	0.00293	0.00409	0.04837	0.00597	0.00529
14	0.01009	0.00726	0.00894	0.00836	0.01028	0.00674	0.00632	0.01372	0.05439	0.04930	0.53793	0.04967	0.18486	0.01365	0.00767	0.00211	0.00335	0.01187	0.00703	0.00648
15	0.02840	0.01302	0.01640	0.01258	0.01771	0.01237	0.01039	0.20129	0.02188	0.55863	0.02342	0.02075	0.01501	0.00809	0.00661	0.00202	0.00601	0.00645	0.00776	0.01120
16	0.00949	0.00651	0.00790	0.00851	0.00983	0.00585	0.00604	0.01092	0.01374	0.06175	0.04485	0.41020	0.26843	0.06176	0.00957	0.00271	0.00402	0.04607	0.00611	0.00574
17	0.07906	0.01174	0.01453	0.01149	0.01607	0.01117	0.00939	0.10329	0.05581	0.49539	0.06260	0.02262	0.01791	0.00830	0.00641	0.00202	0.00545	0.00665	0.04978	0.01034
18	0.02521	0.01986	0.01936	0.01521	0.02021	0.12119	0.01239	0.57352	0.02857	0.07556	0.01557	0.01561	0.01109	0.00776	0.00650	0.00194	0.00780	0.00573	0.00622	0.01070
19	0.00892	0.00663	0.00781	0.00841	0.01002	0.00590	0.00631	0.01064	0.01436	0.03917	0.05103	0.29127	0.38389	0.01792	0.00814	0.00248	0.00395	0.11125	0.00617	0.00573
20	0.00957	0.00638	0.00718	0.00718	0.00718	0.00638	0.00399	0.00957	0.00957	0.01276	0.02074	0.04308	0.02393	0.76864	0.03351	0.00638	0.00638	0.00957	0.00399	0.00399
21	0.01918	0.01277	0.01448	0.01254	0.01644	0.01381	0.00988	0.03238	0.47884	0.20881	0.08408	0.02604	0.02258	0.00910	0.00677	0.00217	0.00514	0.00760	0.00712	0.01027
22	0.01360	0.01048	0.01262	0.01019	0.01457	0.00872	0.00800	0.01723	0.05904	0.06517	0.01872	0.13001	0.01765	0.01072	0.04490	0.00199	0.00552	0.04176	0.00477	0.50433
23	0.02324	0.04519	0.01878	0.01421	0.01906	0.01845	0.01170	0.49234	0.11675	0.10311	0.01804	0.01790	0.01301	0.01014	0.04499	0.00244	0.00736	0.00616	0.00645	0.01071
24	0.01250	0.01209	0.01839	0.48617	0.06551	0.05045	0.05166	0.01627	0.01413	0.01787	0.06045	0.06436	0.08583	0.00869	0.00690	0.00218	0.00787	0.00773	0.00373	0.00720
25	0.01636	0.35471	0.11779	0.01452	0.05033	0.07450	0.01318	0.03689	0.03844	0.01824	0.04795	0.01594	0.01251	0.04033	0.00845	0.00200	0.09810	0.00503	0.00342	0.03131
26	0.01179	0.00807	0.01000	0.01043	0.04723	0.00824	0.00663	0.04847	0.03898	0.04785	0.04368	0.08580	0.02473	0.46414	0.07621	0.00533	0.00696	0.04513	0.00468	0.00566
27	0.01888	0.14924	0.02122	0.10779	0.10509	0.15043	0.01315	0.11913	0.11808	0.05470	0.01747	0.01972	0.04273	0.00773	0.00619	0.00193	0.00775	0.02522	0.00455	0.00899
28	0.02303	0.05100	0.05647	0.01563	0.05686	0.07084	0.01260	0.36841	0.07543	0.14644	0.01910	0.01873	0.03922	0.00798	0.00647	0.00197	0.00717	0.00616	0.00605	0.01043
29	0.01701	0.01523	0.02537	0.08102	0.57350	0.01530	0.04048	0.05040	0.01575	0.05878	0.01320	0.01663	0.01063	0.00608	0.00652	0.00195	0.00775	0.00591	0.00366	0.03483

[dist]
# distance from previous block
# <min> <max>
1	23

[block]
# block no. 4 follows, 33 sequences, length 33
# corresponding to MSA columns:
# 232-264
name=unknown_E
#
# <colnr> <probs for GDERKNQSTAVLIFYWHMCP>
#	G	D	E	R	K	N	Q	S	T	A	V	L	I	F	Y	W	H	M	C	P
0	0.01953	0.04758	0.02172	0.04727	0.23798	0.11577	0.06109	0.10481	0.05122	0.11066	0.01524	0.01753	0.01181	0.02796	0.00706	0.00200	0.00777	0.00584	0.02926	0.05787
1	0.15329	0.01609	0.04061	0.07868	0.16170	0.08231	0.01335	0.08087	0.10715	0.08852	0.01484	0.01659	0.01136	0.00824	0.02503	0.00225	0.05516	0.00553	0.00454	0.03388
2	0.01901	0.01669	0.03693	0.11464	0.11569	0.08259	0.01358	0.18461	0.22515	0.06838	0.01973	0.02025	0.03730	0.00793	0.00658	0.00207	0.00718	0.00648	0.00538	0.00980
3	0.00907	0.00608	0.00816	0.00948	0.01013	0.00568	0.00658	0.01040	0.01304	0.04560	0.03577	0.68526	0.04205	0.01995	0.00838	0.00267	0.00405	0.06583	0.00619	0.00563
4	0.02058	0.02302	0.04357	0.07682	0.11438	0.37887	0.04722	0.04731	0.01699	0.06465	0.01256	0.01525	0.01007	0.01023	0.06523	0.00258	0.03338	0.00525	0.00373	0.00831
5	0.00853	0.00650	0.00784	0.00793	0.00946	0.00581	0.00578	0.01073	0.01613	0.02147	0.35703	0.20651	0.28029	0.01606	0.00791	0.00225	0.00333	0.01402	0.00662	0.00581
6	0.01612	0.04842	0.05170	0.09647	0.05133	0.10372	0.14500	0.02204	0.13619	0.01941	0.01349	0.01674	0.01094	0.00819	0.01105	0.00230	0.22861	0.00614	0.00371	0.00842
7	0.00820	0.00601	0.00770	0.00871	0.00951	0.00551	0.00599	0.00973	0.01388	0.01847	0.15077	0.55978	0.13358	0.01897	0.00822	0.00252	0.00364	0.01700	0.00629	0.00551
8	0.00922	0.00679	0.00867	0.00838	0.01001	0.00623	0.00640	0.01214	0.01789	0.02476	0.58522	0.05298	0.14556	0.01424	0.00787	0.00217	0.00337	0.06498	0.00701	0.00612
9	0.01760	0.77260	0.03450	0.01126	0.01690	0.02605	0.01126	0.01971	0.01338	0.01549	0.00915	0.01056	0.00845	0.00563	0.00422	0.00141	0.00704	0.00352	0.00282	0.00845
10	0.00786	0.00657	0.00685	0.00699	0.00900	0.00556	0.00516	0.00952	0.01488	0.01798	0.08661	0.13765	0.62885	0.01698	0.00785	0.00227	0.00338	0.01434	0.00615	0.00556
11	0.02720	0.01257	0.01588	0.01231	0.01715	0.01198	0.01009	0.18487	0.02104	0.52715	0.02320	0.02170	0.01539	0.03490	0.03088	0.00244	0.00639	0.00657	0.00750	0.01079
12	0.01868	0.60723	0.06098	0.01261	0.01801	0.15546	0.01208	0.02095	0.01436	0.01583	0.00945	0.01094	0.00845	0.00587	0.00462	0.00149	0.00803	0.00371	0.00292	0.00835
13	0.01144	0.00572	0.00858	0.00858	0.00858	0.00572	0.00572	0.00858	0.00858	0.01144	0.01144	0.02001	0.01144	0.02287	0.02573	0.80846	0.00572	0.00572	0.00286	0.00286
14	0.02181	0.13497	0.07189	0.03395	0.02076	0.09860	0.01312	0.39362	0.09457	0.03128	0.01491	0.01538	0.01112	0.00739	0.00614	0.00190	0.00772	0.00545	0.00531	0.01011
15	0.02028	0.14483	0.01958	0.01385	0.01738	0.19480	0.01129	0.05981	0.11872	0.13760	0.04957	0.04726	0.01552	0.00870	0.00825	0.00202	0.11065	0.00621	0.00495	0.00873
16	0.00956	0.01041	0.10696	0.00916	0.01201	0.00726	0.00826	0.01288	0.01675	0.02315	0.40991	0.04715	0.23775	0.01310	0.00741	0.00209	0.00407	0.01123	0.04439	0.00650
17	0.00906	0.00691	0.00836	0.00817	0.00986	0.00637	0.00606	0.01221	0.04622	0.02308	0.44298	0.13308	0.23347	0.01493	0.00780	0.00219	0.00334	0.01302	0.00680	0.00612
18	0.08321	0.12860	0.19145	0.01946	0.08332	0.05885	0.15460	0.09331	0.06132	0.04547	0.01330	0.01518	0.01007	0.00641	0.00617	0.00198	0.00852	0.00553	0.00389	0.00934
19	0.01333	0.01261	0.02136	0.58777	0.20340	0.01486	0.01873	0.01760	0.01359	0.01791	0.01186	0.01726	0.00916	0.00642	0.00657	0.00214	0.00855	0.00585	0.00300	0.00803
20	0.00818	0.00607	0.00766	0.00875	0.00963	0.00555	0.00611	0.00965	0.01360	0.01777	0.08709	0.54291	0.18226	0.01924	0.00827	0.00256	0.00378	0.04925	0.00618	0.00548
21	0.01780	0.09682	0.06071	0.01605	0.06055	0.07667	0.08262	0.08163	0.18386	0.09782	0.05040	0.05477	0.05162	0.00890	0.00667	0.00207	0.00699	0.02956	0.00533	0.00916
22	0.05102	0.18174	0.14270	0.03462	0.09918	0.05754	0.01437	0.07379	0.10510	0.13377	0.01543	0.01614	0.01153	0.00701	0.00632	0.00193	0.02831	0.00533	0.00455	0.00961
23	0.01972	0.01631	0.05971	0.01718	0.04828	0.01606	0.13044	0.20790	0.22559	0.12073	0.05336	0.02107	0.01651	0.00793	0.00686	0.00211	0.00705	0.00700	0.00596	0.01023
24	0.00805	0.00668	0.00707	0.00714	0.00920	0.00569	0.00538	0.00989	0.01528	0.01867	0.12868	0.08913	0.60685	0.01657	0.00785	0.00226	0.00344	0.04032	0.00622	0.00563
25	0.05584	0.09316	0.10280	0.14075	0.19455	0.12943	0.07487	0.07207	0.01616	0.04256	0.01215	0.01499	0.00948	0.00635	0.00618	0.00194	0.00878	0.00535	0.00357	0.00902
26	0.03729	0.12351	0.17548	0.01762	0.09046	0.01846	0.03196	0.20954	0.18010	0.02753	0.01601	0.01667	0.01205	0.00717	0.00618	0.00199	0.00738	0.00570	0.00481	0.01010
27	0.01717	0.01581	0.02087	0.21270	0.23479	0.08718	0.01604	0.08879	0.08385	0.04973	0.01405	0.01724	0.01104	0.00829	0.02574	0.00232	0.07542	0.00591	0.00401	0.00906
28	0.01144	0.00572	0.00858	0.00858	0.00858	0.00572	0.00572	0.00858	0.00858	0.01144	0.01144	0.02001	0.01144	0.02287	0.02573	0.80846	0.00572	0.00572	0.00286	0.00286
29	0.00802	0.00573	0.00764	0.00917	0.00955	0.00535	0.00611	0.00917	0.01260	0.01681	0.03628	0.76434	0.04354	0.02062	0.00840	0.00267	0.00382	0.01872	0.00611	0.00535
30	0.01011	0.00792	0.01147	0.07333	0.01414	0.00939	0.00874	0.01209	0.01055	0.01495	0.01701	0.02767	0.01666	0.18737	0.47755	0.00838	0.07605	0.00735	0.00352	0.00573
31	0.07724	0.23119	0.04952	0.01588	0.05352	0.14332	0.06483	0.10125	0.01694	0.11881	0.01293	0.01421	0.00997	0.00688	0.00669	0.00186	0.05674	0.00498	0.00423	0.00900
32	0.22301	0.06572	0.07207	0.01591	0.04236	0.12238	0.11005	0.01975	0.01368	0.04997	0.01367	0.09240	0.01242	0.00845	0.00807	0.00216	0.10978	0.00645	0.00388	0.00783

[dist]
# distance from previous block
# <min> <max>
0	2

[block]
# block no. 5 follows, 33 sequences, length 18
# corresponding to MSA columns:
# 267-284
name=unknown_F
#
# <colnr> <probs for GDERKNQSTAVLIFYWHMCP>
#	G	D	E	R	K	N	Q	S	T	A	V	L	I	F	Y	W	H	M	C	P
0	0.05094	0.01420	0.01618	0.02951	0.01761	0.03686	0.01074	0.30171	0.02155	0.21311	0.01989	0.02284	0.03511	0.04414	0.00989	0.04881	0.05282	0.03856	0.00612	0.00939
1	0.01710	0.14166	0.23495	0.05367	0.14167	0.05331	0.09428	0.08032	0.01611	0.05893	0.01265	0.01486	0.00963	0.00624	0.00614	0.00190	0.00859	0.00530	0.00362	0.03904
2	0.01645	0.12884	0.01942	0.04863	0.01805	0.04966	0.07806	0.10339	0.03684	0.08534	0.01618	0.02168	0.01390	0.11219	0.16461	0.00431	0.04295	0.00646	0.02521	0.00783
3	0.00929	0.00627	0.00752	0.00787	0.00818	0.00622	0.00489	0.01000	0.01102	0.01511	0.05996	0.21799	0.02992	0.47222	0.06567	0.00528	0.00609	0.01163	0.04024	0.00464
4	0.02022	0.13803	0.02411	0.03537	0.09090	0.29886	0.10473	0.03943	0.01652	0.06530	0.01294	0.01695	0.01087	0.00733	0.00725	0.00193	0.05960	0.03751	0.00376	0.00841
5	0.00941	0.00735	0.00862	0.00827	0.01019	0.00690	0.00620	0.01340	0.08131	0.02331	0.41796	0.08210	0.27177	0.01439	0.00770	0.00216	0.00340	0.01243	0.00678	0.00635
6	0.01904	0.04029	0.05133	0.02441	0.20816	0.19189	0.14795	0.06484	0.09685	0.04789	0.01417	0.01635	0.01106	0.00675	0.00701	0.00200	0.03067	0.00595	0.00404	0.00936
7	0.01056	0.00710	0.00807	0.00780	0.00825	0.00729	0.00477	0.04949	0.01104	0.01509	0.02030	0.03959	0.02241	0.64471	0.07628	0.00618	0.00700	0.00905	0.04041	0.00462
8	0.01541	0.03037	0.04951	0.01616	0.09623	0.01310	0.07192	0.07504	0.21138	0.07534	0.07194	0.08166	0.09792	0.05375	0.00854	0.00240	0.00608	0.00884	0.00562	0.00879
9	0.01833	0.02152	0.04596	0.04922	0.11330	0.31111	0.01421	0.02063	0.01482	0.01733	0.01145	0.04766	0.01046	0.00844	0.01040	0.00209	0.21497	0.00559	0.00335	0.05915
10	0.01957	0.09156	0.02277	0.07509	0.19950	0.17058	0.06718	0.02315	0.04163	0.12659	0.01437	0.01647	0.01108	0.00693	0.00708	0.00194	0.05147	0.00561	0.03838	0.00904
11	0.01829	0.69987	0.03294	0.01182	0.01724	0.09631	0.01141	0.02036	0.01389	0.01555	0.00925	0.01069	0.00845	0.00575	0.00439	0.00144	0.00751	0.00359	0.00287	0.00837
12	0.00959	0.00685	0.00750	0.00721	0.00936	0.00595	0.00545	0.01176	0.01587	0.05444	0.20450	0.05451	0.47666	0.01468	0.00741	0.00211	0.00337	0.01235	0.08440	0.00603
13	0.00802	0.00573	0.00764	0.00917	0.00955	0.00535	0.00611	0.00917	0.01260	0.01681	0.03628	0.76434	0.04354	0.02062	0.00840	0.00267	0.00382	0.01872	0.00611	0.00535
14	0.01669	0.06117	0.05926	0.05293	0.16771	0.07951	0.19279	0.07327	0.11964	0.02248	0.01650	0.04670	0.01385	0.00762	0.00687	0.00210	0.00845	0.03907	0.00422	0.00918
15	0.01251	0.00913	0.01247	0.01212	0.01475	0.00870	0.03779	0.03395	0.04550	0.05635	0.04794	0.09128	0.05705	0.01472	0.00808	0.00255	0.00580	0.41204	0.00585	0.11145
16	0.06119	0.14932	0.02133	0.01504	0.04002	0.13720	0.05128	0.15880	0.15225	0.09658	0.01611	0.01637	0.01213	0.00715	0.00597	0.00187	0.00746	0.00550	0.00507	0.03937
17	0.01741	0.05410	0.15789	0.01456	0.01994	0.04841	0.06894	0.09913	0.05445	0.11999	0.01912	0.04764	0.05387	0.03134	0.00792	0.00207	0.04360	0.00659	0.00476	0.12827

[dist]
# distance from previous block
# <min> <max>
0	3

[block]
# block no. 6 follows, 33 sequences, length 60
# corresponding to MSA columns:
# 288-347
name=unknown_G
#
# <colnr> <probs for GDERKNQSTAVLIFYWHMCP>
#	G	D	E	R	K	N	Q	S	T	A	V	L	I	F	Y	W	H	M	C	P
0	0.01487	0.18131	0.12004	0.03328	0.02128	0.03834	0.15313	0.04016	0.06969	0.03782	0.02295	0.06386	0.11560	0.00886	0.00654	0.00201	0.00746	0.02610	0.00426	0.03245
1	0.04351	0.00960	0.05907	0.01417	0.10512	0.00824	0.00967	0.01296	0.03265	0.01903	0.05151	0.48991	0.03487	0.01641	0.00782	0.00251	0.00498	0.06589	0.00548	0.00660
2	0.07111	0.07049	0.02030	0.03624	0.06601	0.15342	0.09137	0.09201	0.03451	0.06032	0.01669	0.07102	0.01517	0.00915	0.00785	0.00213	0.07005	0.07740	0.00448	0.03028
3	0.00827	0.00602	0.00814	0.00931	0.00993	0.00589	0.00645	0.00966	0.01234	0.01657	0.03428	0.59294	0.07141	0.02579	0.14510	0.00412	0.00637	0.01631	0.00563	0.00546
4	0.07274	0.04241	0.02050	0.01634	0.06937	0.05335	0.10130	0.22253	0.01959	0.08274	0.01394	0.01529	0.01048	0.00639	0.00599	0.00171	0.00711	0.00533	0.00485	0.22805
5	0.08166	0.07056	0.08426	0.06065	0.12681	0.13845	0.08368	0.17970	0.03788	0.02503	0.01259	0.01478	0.00977	0.00685	0.00683	0.00198	0.03973	0.00542	0.00411	0.00923
6	0.00821	0.00590	0.00783	0.00924	0.00978	0.00552	0.00635	0.00956	0.01304	0.01735	0.06119	0.67587	0.06512	0.02010	0.00840	0.00266	0.00391	0.05839	0.00615	0.00543
7	0.02105	0.40703	0.02668	0.01407	0.01860	0.37926	0.01198	0.02296	0.01598	0.01580	0.00966	0.01121	0.00846	0.00620	0.00507	0.00155	0.00942	0.00388	0.00310	0.00805
8	0.00808	0.00575	0.00762	0.00909	0.00946	0.00538	0.00603	0.00918	0.01249	0.01666	0.03572	0.73816	0.04283	0.04777	0.00931	0.00281	0.00391	0.01838	0.00603	0.00530
9	0.00780	0.00661	0.00673	0.00682	0.00893	0.00554	0.00507	0.00943	0.01486	0.01773	0.06486	0.10562	0.68382	0.01691	0.00782	0.00225	0.00336	0.01418	0.00611	0.00554
10	0.01699	0.01445	0.01523	0.01352	0.01735	0.01666	0.01057	0.08276	0.66689	0.02853	0.02601	0.02394	0.01946	0.00886	0.00669	0.00221	0.00536	0.00733	0.00669	0.01048
11	0.00961	0.00699	0.00872	0.00957	0.01053	0.00679	0.00664	0.07507	0.01450	0.01921	0.03637	0.64686	0.08584	0.01916	0.00819	0.00258	0.00411	0.01718	0.00616	0.00591
12	0.00811	0.00579	0.00774	0.00927	0.00969	0.00542	0.00627	0.00932	0.01269	0.01691	0.03624	0.74047	0.04335	0.02054	0.00843	0.00269	0.00390	0.04170	0.00611	0.00537
13	0.00957	0.00638	0.00718	0.00718	0.00718	0.00638	0.00399	0.00957	0.00957	0.01276	0.02074	0.04308	0.02393	0.76864	0.03351	0.00638	0.00638	0.00957	0.00399	0.00399
14	0.01637	0.01414	0.01489	0.01340	0.01712	0.01637	0.01042	0.03498	0.71568	0.02754	0.02679	0.02456	0.02010	0.00893	0.00670	0.00223	0.00521	0.00744	0.00670	0.01042
15	0.01725	0.01395	0.01491	0.01329	0.01710	0.01593	0.01037	0.03479	0.66929	0.07444	0.02674	0.02442	0.01984	0.00888	0.00669	0.00222	0.00524	0.00739	0.00680	0.01047
16	0.02461	0.03097	0.01869	0.01690	0.02035	0.71969	0.01271	0.04748	0.01904	0.01690	0.01035	0.01199	0.00856	0.00682	0.00596	0.00170	0.01173	0.00429	0.00349	0.00774
17	0.01320	0.03405	0.73453	0.01876	0.02849	0.01529	0.02432	0.02085	0.01390	0.02085	0.01181	0.01390	0.00834	0.00625	0.00625	0.00208	0.00973	0.00486	0.00278	0.00973
18	0.00801	0.00577	0.00759	0.00905	0.00952	0.00536	0.00606	0.00918	0.01272	0.01685	0.03775	0.73048	0.07645	0.02043	0.00837	0.00265	0.00380	0.01848	0.00611	0.00536
19	0.00957	0.00638	0.00718	0.00718	0.00718	0.00638	0.00399	0.00957	0.00957	0.01276	0.02074	0.04308	0.02393	0.76864	0.03351	0.00638	0.00638	0.00957	0.00399	0.00399
20	0.01650	0.01249	0.01565	0.01562	0.08331	0.01335	0.03058	0.11641	0.27114	0.08432	0.02611	0.14040	0.02352	0.01146	0.00730	0.00234	0.00585	0.10830	0.00620	0.00914
21	0.01533	0.02839	0.51848	0.01991	0.02854	0.01501	0.16331	0.02203	0.01473	0.09231	0.01355	0.01555	0.00948	0.00630	0.00660	0.00211	0.00960	0.00564	0.00343	0.00970
22	0.01905	0.16693	0.06042	0.02012	0.11336	0.22703	0.09900	0.02188	0.01513	0.05428	0.01129	0.01398	0.00933	0.00712	0.00856	0.00197	0.13348	0.00515	0.00339	0.00852
23	0.01529	0.01462	0.02491	0.22519	0.55062	0.01538	0.01971	0.01933	0.01452	0.02029	0.01221	0.01662	0.01000	0.00605	0.00653	0.00202	0.00807	0.00586	0.00317	0.00962
24	0.04514	0.01175	0.01580	0.01260	0.01697	0.01130	0.05725	0.05197	0.14050	0.40309	0.13589	0.02617	0.02340	0.00889	0.00682	0.00209	0.00556	0.00758	0.00725	0.00999
25	0.11850	0.04733	0.26748	0.04380	0.08474	0.01498	0.11318	0.05718	0.01528	0.10446	0.01347	0.01531	0.00977	0.00631	0.00612	0.00198	0.00812	0.00537	0.00396	0.06266
26	0.02421	0.01744	0.01885	0.01471	0.01977	0.01922	0.01207	0.57783	0.11706	0.08351	0.01784	0.01734	0.01265	0.00805	0.00660	0.00201	0.00688	0.00616	0.00670	0.01110
27	0.00802	0.00658	0.00706	0.00714	0.00909	0.00563	0.00528	0.00983	0.01526	0.01887	0.15426	0.13201	0.56490	0.01663	0.00784	0.00225	0.00335	0.01411	0.00627	0.00563
28	0.01346	0.01295	0.02251	0.55249	0.19023	0.01498	0.06432	0.01783	0.01371	0.01810	0.01195	0.01730	0.00921	0.00636	0.00665	0.00214	0.00873	0.00598	0.00302	0.00808
29	0.00904	0.00616	0.00734	0.00786	0.00799	0.00603	0.00472	0.00943	0.01061	0.01415	0.02608	0.29064	0.03066	0.51190	0.02489	0.00511	0.00550	0.01271	0.00472	0.00446
30	0.00848	0.00592	0.00750	0.00857	0.00884	0.00566	0.00548	0.00929	0.01170	0.01560	0.03164	0.54893	0.03769	0.24402	0.01590	0.00378	0.00458	0.01598	0.00548	0.00494
31	0.01554	0.01776	0.03885	0.02775	0.03441	0.01665	0.70366	0.02109	0.01554	0.02109	0.01332	0.01776	0.00999	0.00555	0.00777	0.00222	0.01110	0.00777	0.00333	0.00888
32	0.01659	0.01473	0.02203	0.26848	0.27242	0.03388	0.04085	0.12000	0.06214	0.04133	0.01457	0.03792	0.01162	0.00708	0.00664	0.00208	0.00793	0.00637	0.00407	0.00926
33	0.00849	0.00595	0.00761	0.00875	0.00907	0.00567	0.00570	0.00940	0.01191	0.01586	0.03230	0.56122	0.03840	0.21031	0.01479	0.00362	0.00454	0.03580	0.00557	0.00502
34	0.02437	0.02889	0.01869	0.01657	0.02025	0.61154	0.01261	0.12587	0.04464	0.02022	0.01158	0.01289	0.00928	0.00702	0.00606	0.00176	0.01096	0.00460	0.00397	0.00825
35	0.01841	0.03659	0.11823	0.04742	0.26192	0.06010	0.14573	0.03887	0.05464	0.13045	0.01521	0.01726	0.01131	0.00649	0.00666	0.00203	0.00845	0.00614	0.00421	0.00987
36	0.01590	0.07744	0.12583	0.01570	0.01909	0.15424	0.06468	0.05138	0.01393	0.01779	0.01258	0.01869	0.01151	0.11049	0.08461	0.00353	0.18578	0.00594	0.00338	0.00753
37	0.01227	0.00614	0.00614	0.00614	0.00767	0.00614	0.00460	0.01534	0.01381	0.02454	0.02148	0.02454	0.01687	0.00767	0.00460	0.00153	0.00307	0.00614	0.80518	0.00614
38	0.01891	0.01545	0.02387	0.08767	0.28613	0.01601	0.10914	0.14839	0.10080	0.10238	0.01625	0.01815	0.01214	0.00686	0.00674	0.00206	0.00769	0.00640	0.00478	0.01018
39	0.01913	0.01495	0.01758	0.04104	0.08687	0.01519	0.01154	0.31158	0.08738	0.04917	0.01760	0.01828	0.04131	0.00728	0.00616	0.00174	0.00629	0.00584	0.00541	0.23566
40	0.78739	0.01339	0.00999	0.00895	0.01300	0.04030	0.00733	0.01960	0.01147	0.02907	0.00920	0.01074	0.00718	0.00613	0.00414	0.00203	0.00533	0.00359	0.00405	0.00715
41	0.01319	0.00739	0.00752	0.00719	0.00908	0.00768	0.00547	0.04590	0.07997	0.02553	0.02174	0.02418	0.01694	0.00780	0.00488	0.00162	0.00344	0.00625	0.69749	0.00675
42	0.01096	0.00942	0.01354	0.01405	0.06025	0.01139	0.01010	0.01269	0.01131	0.01625	0.02039	0.24914	0.02226	0.05113	0.22477	0.00510	0.23653	0.01025	0.00412	0.00635
43	0.00802	0.00573	0.00764	0.00917	0.00955	0.00535	0.00611	0.00917	0.01260	0.01681	0.03628	0.76434	0.04354	0.02062	0.00840	0.00267	0.00382	0.01872	0.00611	0.00535
44	0.00802	0.00573	0.00764	0.00917	0.00955	0.00535	0.00611	0.00917	0.01260	0.01681	0.03628	0.76434	0.04354	0.02062	0.00840	0.00267	0.00382	0.01872	0.00611	0.00535
45	0.00778	0.00667	0.00667	0.00667	0.00889	0.00556	0.00500	0.00945	0.01501	0.01778	0.06669	0.06336	0.72490	0.01667	0.00778	0.00222	0.00333	0.01389	0.00611	0.00556
46	0.01250	0.00798	0.01014	0.00939	0.01148	0.00765	0.00710	0.01697	0.09367	0.11564	0.46918	0.13635	0.04926	0.01322	0.00759	0.00216	0.00375	0.01163	0.00715	0.00720
47	0.01320	0.03405	0.73453	0.01876	0.02849	0.01529	0.02432	0.02085	0.01390	0.02085	0.01181	0.01390	0.00834	0.00625	0.00625	0.00208	0.00973	0.00486	0.00278	0.00973
48	0.02503	0.01844	0.01976	0.01515	0.02042	0.02042	0.01251	0.70562	0.03095	0.04149	0.01581	0.01581	0.01120	0.00790	0.00659	0.00198	0.00724	0.00593	0.00659	0.01120
49	0.02954	0.01120	0.01528	0.01171	0.01681	0.00968	0.00968	0.03208	0.01884	0.73213	0.02597	0.02241	0.01630	0.00815	0.00662	0.00204	0.00560	0.00662	0.00815	0.01120
50	0.81514	0.01273	0.00968	0.00866	0.01273	0.01477	0.00713	0.01935	0.01120	0.02954	0.00917	0.01069	0.00713	0.00611	0.00407	0.00204	0.00509	0.00356	0.00407	0.00713
51	0.02503	0.01844	0.01976	0.01515	0.02042	0.02042	0.01251	0.70562	0.03095	0.04149	0.01581	0.01581	0.01120	0.00790	0.00659	0.00198	0.00724	0.00593	0.00659	0.01120
52	0.00944	0.00691	0.00988	0.00988	0.01081	0.00785	0.00735	0.01130	0.01037	0.01476	0.01828	0.02942	0.01800	0.19815	0.59589	0.00971	0.01531	0.00757	0.00362	0.00549
53	0.02503	0.01844	0.01976	0.01515	0.02042	0.02042	0.01251	0.70562	0.03095	0.04149	0.01581	0.01581	0.01120	0.00790	0.00659	0.00198	0.00724	0.00593	0.00659	0.01120
54	0.01490	0.01522	0.02009	0.01727	0.01743	0.05504	0.01432	0.01635	0.01050	0.01586	0.00872	0.01428	0.00863	0.01129	0.02085	0.00282	0.72062	0.00569	0.00291	0.00722
55	0.00778	0.00667	0.00667	0.00667	0.00889	0.00556	0.00500	0.00945	0.01501	0.01778	0.06669	0.06336	0.72490	0.01667	0.00778	0.00222	0.00333	0.01389	0.00611	0.00556
56	0.01625	0.01663	0.10298	0.01522	0.04813	0.01612	0.01264	0.06767	0.54045	0.02695	0.02407	0.02417	0.01841	0.00874	0.00671	0.00222	0.00601	0.03036	0.00605	0.01023
57	0.00895	0.00677	0.00830	0.00807	0.00981	0.00611	0.00615	0.01163	0.01734	0.02343	0.48552	0.05500	0.25477	0.01472	0.00786	0.00218	0.00337	0.05718	0.00684	0.00601
58	0.65867	0.01509	0.01111	0.00981	0.01392	0.10925	0.00790	0.02007	0.01234	0.02725	0.00947	0.01104	0.00748	0.00612	0.00437	0.00192	0.00596	0.00368	0.00397	0.06057
59	0.02119	0.01830	0.01820	0.03885	0.04947	0.11277	0.01231	0.33296	0.26707	0.03171	0.01864	0.01842	0.01384	0.00799	0.00654	0.00203	0.00721	0.00623	0.00596	0.01031

[dist]
# distance from previous block
# <min> <max>
0	1

[block]
# block no. 7 follows, 33 sequences, length 18
