[name]
unknown

[dist]
# distance from previous block
# <min> <max>
0	0

[block]
# block no. 0 follows, 34 sequences, length 7
# corresponding to MSA columns:
# 0-6
name=unknown_A
#
# <colnr> <probs for GDERKNQSTAVLIFYWHMCP>
#	G	D	E	R	K	N	Q	S	T	A	V	L	I	F	Y	W	H	M	C	P
0	0.01041	0.00744	0.01041	0.01190	0.01339	0.00744	0.01041	0.01339	0.01487	0.01934	0.03421	0.07288	0.03719	0.01785	0.00892	0.00297	0.00595	0.68913	0.00595	0.00595
1	0.02371	0.01606	0.01771	0.01395	0.01880	0.01745	0.01141	0.46382	0.16012	0.15911	0.01931	0.01828	0.01353	0.00799	0.00649	0.00200	0.00645	0.00622	0.00675	0.01084
2	0.01974	0.17022	0.10232	0.04304	0.09689	0.09820	0.01335	0.17320	0.01813	0.11704	0.01435	0.01697	0.01134	0.06834	0.00802	0.00217	0.00768	0.00541	0.00447	0.00911
3	0.01340	0.01148	0.01340	0.00957	0.01531	0.00861	0.00766	0.01627	0.01340	0.02105	0.01148	0.01340	0.00957	0.00479	0.00479	0.00096	0.00479	0.00383	0.00383	0.81242
4	0.00764	0.00655	0.00655	0.00655	0.00873	0.00545	0.00491	0.00927	0.01473	0.01745	0.06546	0.06218	0.73000	0.01636	0.00764	0.00218	0.00327	0.01364	0.00600	0.00545
5	0.01459	0.01555	0.07905	0.25863	0.46685	0.01502	0.01956	0.01886	0.01408	0.01965	0.01191	0.01619	0.00958	0.00600	0.00640	0.00200	0.00811	0.00568	0.00306	0.00924
6	0.01829	0.01332	0.01468	0.01272	0.01657	0.01476	0.01002	0.08696	0.51420	0.13630	0.06943	0.02461	0.02104	0.00885	0.00662	0.00213	0.00520	0.00734	0.00682	0.01015

[dist]
# distance from previous block
# <min> <max>
0	6

[block]
# block no. 1 follows, 34 sequences, length 18
# corresponding to MSA columns:
# 13-30
name=unknown_B
#
# <colnr> <probs for GDERKNQSTAVLIFYWHMCP>
#	G	D	E	R	K	N	Q	S	T	A	V	L	I	F	Y	W	H	M	C	P
0	0.02303	0.01761	0.02062	0.01931	0.14766	0.01920	0.01363	0.58727	0.02757	0.03721	0.01491	0.01560	0.01085	0.00740	0.00645	0.00194	0.00721	0.00581	0.00588	0.01085
1	0.01634	0.01379	0.01372	0.01329	0.01596	0.14236	0.01110	0.14820	0.01857	0.05366	0.02596	0.04889	0.02615	0.01351	0.00780	0.00250	0.00717	0.40795	0.00567	0.00739
2	0.01576	0.01600	0.02996	0.03576	0.51330	0.01566	0.23616	0.02010	0.01488	0.02098	0.01244	0.01644	0.01010	0.00566	0.00678	0.00200	0.00869	0.00634	0.00322	0.00976
3	0.00764	0.00655	0.00655	0.00655	0.00873	0.00545	0.00491	0.00927	0.01473	0.01745	0.06546	0.06218	0.73000	0.01636	0.00764	0.00218	0.00327	0.01364	0.00600	0.00545
4	0.01660	0.66032	0.14442	0.01221	0.01837	0.02391	0.01306	0.01952	0.01321	0.01603	0.00939	0.01088	0.00828	0.00562	0.00446	0.00149	0.00732	0.00366	0.00276	0.00849
5	0.20123	0.02431	0.01595	0.01421	0.01789	0.49400	0.01090	0.02498	0.01671	0.10700	0.01166	0.01266	0.00897	0.00668	0.00550	0.00178	0.00942	0.00430	0.00405	0.00781
6	0.02899	0.01100	0.01499	0.01150	0.01649	0.00950	0.00950	0.03149	0.01849	0.73709	0.02549	0.02199	0.01599	0.00800	0.00650	0.00200	0.00550	0.00650	0.00800	0.01100
7	0.01340	0.01148	0.01340	0.00957	0.01531	0.00861	0.00766	0.01627	0.01340	0.02105	0.01148	0.01340	0.00957	0.00479	0.00479	0.00096	0.00479	0.00383	0.00383	0.81242
8	0.01607	0.01388	0.01461	0.01315	0.01680	0.01607	0.01023	0.03433	0.72094	0.02703	0.02630	0.02411	0.01972	0.00877	0.00657	0.00219	0.00511	0.00731	0.00657	0.01023
9	0.01340	0.01148	0.01340	0.00957	0.01531	0.00861	0.00766	0.01627	0.01340	0.02105	0.01148	0.01340	0.00957	0.00479	0.00479	0.00096	0.00479	0.00383	0.00383	0.81242
10	0.01434	0.01473	0.02307	0.01880	0.01997	0.01917	0.13862	0.01647	0.01085	0.01647	0.00930	0.01473	0.00872	0.01026	0.01877	0.00271	0.62673	0.00601	0.00291	0.00736
11	0.02414	0.03079	0.01831	0.01665	0.01998	0.74698	0.01248	0.02580	0.01831	0.01581	0.00999	0.01165	0.00832	0.00666	0.00583	0.00166	0.01165	0.00416	0.00333	0.00749
12	0.01607	0.01388	0.01461	0.01315	0.01680	0.01607	0.01023	0.03433	0.72094	0.02703	0.02630	0.02411	0.01972	0.00877	0.00657	0.00219	0.00511	0.00731	0.00657	0.01023
13	0.01340	0.01148	0.01340	0.00957	0.01531	0.00861	0.00766	0.01627	0.01340	0.02105	0.01148	0.01340	0.00957	0.00479	0.00479	0.00096	0.00479	0.00383	0.00383	0.81242
14	0.02837	0.01199	0.01561	0.01197	0.01699	0.01097	0.00988	0.12619	0.02015	0.64005	0.02410	0.02109	0.01530	0.00796	0.00649	0.00199	0.00572	0.00640	0.00778	0.01100
15	0.07295	0.01860	0.01872	0.01460	0.01957	0.06806	0.01197	0.62329	0.02839	0.03835	0.01475	0.01495	0.01057	0.00758	0.00627	0.00192	0.00728	0.00557	0.00610	0.01051
16	0.01097	0.00969	0.00975	0.00912	0.01092	0.10052	0.00684	0.01376	0.01809	0.02413	0.59887	0.04441	0.09320	0.01256	0.00739	0.00199	0.00416	0.01084	0.00657	0.00624
17	0.00890	0.00602	0.00799	0.00917	0.00980	0.00567	0.00636	0.01022	0.01277	0.03952	0.05605	0.61355	0.04070	0.06950	0.00987	0.00286	0.00414	0.07553	0.00595	0.00543

[dist]
# distance from previous block
# <min> <max>
0	2

[block]
# block no. 2 follows, 34 sequences, length 10
# corresponding to MSA columns:
# 33-42
name=unknown_C
#
# <colnr> <probs for GDERKNQSTAVLIFYWHMCP>
#	G	D	E	R	K	N	Q	S	T	A	V	L	I	F	Y	W	H	M	C	P
0	0.02317	0.06029	0.08221	0.01497	0.02053	0.01990	0.01321	0.61431	0.02801	0.03760	0.01482	0.01507	0.01060	0.00750	0.00631	0.00192	0.00731	0.00560	0.00594	0.01072
1	0.00928	0.00673	0.00941	0.00941	0.01022	0.00755	0.00686	0.01091	0.01010	0.01428	0.01820	0.03033	0.01830	0.26033	0.53838	0.00918	0.01408	0.00765	0.00359	0.00523
2	0.00831	0.00590	0.00781	0.00918	0.00965	0.00560	0.00635	0.00956	0.01241	0.01649	0.03413	0.62263	0.04041	0.08481	0.01045	0.00298	0.00423	0.09807	0.00581	0.00522
3	0.01500	0.01434	0.02443	0.22778	0.55226	0.01509	0.01934	0.01896	0.01424	0.01990	0.01198	0.01632	0.00981	0.00594	0.00641	0.00198	0.00792	0.00575	0.00311	0.00943
4	0.02181	0.02666	0.01970	0.08188	0.13906	0.56604	0.01414	0.02405	0.01727	0.01674	0.01047	0.01283	0.00866	0.00649	0.00597	0.00175	0.01075	0.00455	0.00327	0.00792
5	0.62017	0.01320	0.01363	0.01620	0.19051	0.01471	0.01017	0.01920	0.01191	0.02704	0.00978	0.01185	0.00780	0.00594	0.00459	0.00198	0.00566	0.00406	0.00380	0.00780
6	0.01999	0.02447	0.02191	0.01835	0.02211	0.47737	0.18392	0.02252	0.01684	0.01710	0.01382	0.10391	0.01282	0.00799	0.00656	0.00191	0.01052	0.00672	0.00363	0.00752
7	0.01408	0.01367	0.02248	0.01606	0.02209	0.01145	0.26523	0.01790	0.01408	0.02092	0.01207	0.01488	0.00966	0.00503	0.00583	0.00141	0.00703	0.00522	0.00362	0.51732
8	0.01178	0.01070	0.06924	0.10157	0.01853	0.00932	0.07139	0.01576	0.04381	0.06448	0.23714	0.16471	0.03529	0.01255	0.00755	0.00230	0.00566	0.10561	0.00561	0.00702
9	0.05767	0.01697	0.11223	0.13430	0.20430	0.01498	0.23894	0.03501	0.03028	0.03695	0.02911	0.03467	0.01167	0.00648	0.00672	0.00208	0.00862	0.00659	0.00356	0.00887

[dist]
# distance from previous block
# <min> <max>
8	47

[block]
# block no. 3 follows, 34 sequences, length 16
# corresponding to MSA columns:
# 111-126
name=unknown_D
#
# <colnr> <probs for GDERKNQSTAVLIFYWHMCP>
#	G	D	E	R	K	N	Q	S	T	A	V	L	I	F	Y	W	H	M	C	P
0	0.01956	0.06417	0.02226	0.02140	0.16471	0.38152	0.10115	0.04189	0.01695	0.01833	0.01578	0.01773	0.07219	0.00714	0.00625	0.00182	0.00963	0.00576	0.00359	0.00817
1	0.01773	0.02436	0.19576	0.02225	0.06965	0.19352	0.27686	0.08231	0.01691	0.02124	0.01214	0.01488	0.00919	0.00612	0.00666	0.00199	0.01024	0.00585	0.00343	0.00890
2	0.08615	0.01289	0.01425	0.01053	0.01600	0.01140	0.00852	0.15460	0.01656	0.02566	0.01207	0.01356	0.00963	0.00548	0.00505	0.00124	0.00527	0.00419	0.00437	0.58258
3	0.01085	0.00969	0.01607	0.01342	0.01633	0.00867	0.17676	0.01330	0.01309	0.01818	0.02442	0.39219	0.02699	0.05934	0.00891	0.00241	0.00584	0.01233	0.00478	0.16643
4	0.01127	0.00814	0.00984	0.01006	0.01136	0.00824	0.00713	0.14856	0.01579	0.02109	0.03079	0.57940	0.03538	0.05880	0.00924	0.00269	0.00455	0.01538	0.00598	0.00632
5	0.00799	0.00574	0.00775	0.00912	0.00956	0.00550	0.00618	0.00922	0.01220	0.01636	0.03401	0.70359	0.04041	0.02271	0.07299	0.00330	0.00494	0.01737	0.00578	0.00529
6	0.05948	0.01538	0.02605	0.01913	0.02480	0.01492	0.32568	0.16109	0.01904	0.24169	0.01712	0.01810	0.01178	0.00670	0.00688	0.00207	0.00823	0.00673	0.00537	0.00977
7	0.02113	0.01586	0.01851	0.16204	0.02428	0.01785	0.01299	0.44640	0.12256	0.06714	0.01669	0.01736	0.01197	0.00765	0.00648	0.00202	0.00705	0.00604	0.00584	0.01013
8	0.00781	0.00660	0.00679	0.00688	0.00902	0.00558	0.00526	0.00953	0.01474	0.01757	0.06349	0.06286	0.68631	0.01646	0.00772	0.00223	0.00344	0.05623	0.00600	0.00549
9	0.01702	0.02009	0.03419	0.02513	0.03103	0.16156	0.57069	0.02171	0.01586	0.01973	0.01246	0.01628	0.00951	0.00569	0.00727	0.00208	0.01104	0.00694	0.00328	0.00847
10	0.12730	0.39142	0.29518	0.01346	0.02028	0.02006	0.01530	0.01972	0.01302	0.01910	0.00996	0.01161	0.00807	0.00582	0.00487	0.00172	0.00763	0.00396	0.00292	0.00858
11	0.01561	0.01496	0.02554	0.11161	0.66364	0.01525	0.01964	0.01950	0.01453	0.02065	0.01209	0.01612	0.01007	0.00583	0.00640	0.00194	0.00777	0.00576	0.00317	0.00993
12	0.00787	0.00562	0.00750	0.00900	0.00937	0.00525	0.00600	0.00900	0.01237	0.01649	0.03561	0.76871	0.04274	0.02024	0.00825	0.00262	0.00375	0.01837	0.00600	0.00525
13	0.56684	0.10404	0.15736	0.01076	0.01604	0.01586	0.01082	0.01933	0.01177	0.02572	0.00951	0.01111	0.00738	0.00597	0.00444	0.00194	0.00612	0.00375	0.00360	0.00765
14	0.01930	0.17970	0.01953	0.01252	0.01661	0.07274	0.01040	0.25652	0.09410	0.07123	0.06317	0.02002	0.01592	0.06106	0.05684	0.00268	0.00745	0.00608	0.00521	0.00892
15	0.00787	0.00562	0.00750	0.00900	0.00937	0.00525	0.00600	0.00900	0.01237	0.01649	0.03561	0.76871	0.04274	0.02024	0.00825	0.00262	0.00375	0.01837	0.00600	0.00525

[dist]
# distance from previous block
# <min> <max>
0	16

[block]
# block no. 4 follows, 34 sequences, length 86
# corresponding to MSA columns:
# 143-228
name=unknown_E
#
# <colnr> <probs for GDERKNQSTAVLIFYWHMCP>
#	G	D	E	R	K	N	Q	S	T	A	V	L	I	F	Y	W	H	M	C	P
0	0.00942	0.04212	0.07532	0.00897	0.01140	0.00753	0.00768	0.01236	0.01636	0.02238	0.43523	0.11831	0.18170	0.01355	0.00740	0.00209	0.00392	0.01175	0.00620	0.00629
1	0.71078	0.01391	0.06989	0.00925	0.01350	0.01412	0.00824	0.01863	0.01113	0.02745	0.00979	0.01237	0.00793	0.04487	0.00564	0.00222	0.00544	0.00390	0.00389	0.00705
2	0.04882	0.08775	0.03243	0.02230	0.02826	0.01677	0.48567	0.04984	0.06896	0.07251	0.01450	0.01724	0.01078	0.00600	0.00695	0.00208	0.00932	0.00689	0.00396	0.00897
3	0.01733	0.70938	0.06899	0.01165	0.01730	0.05381	0.01176	0.01966	0.01336	0.01549	0.00916	0.01058	0.00829	0.00560	0.00431	0.00143	0.00723	0.00355	0.00278	0.00832
4	0.02301	0.02015	0.11557	0.01534	0.02110	0.01937	0.01383	0.61882	0.02814	0.03802	0.01499	0.01526	0.01061	0.00754	0.00642	0.00195	0.00744	0.00568	0.00596	0.01080
5	0.71102	0.01431	0.07053	0.00975	0.01400	0.01481	0.00876	0.01894	0.01116	0.02760	0.00919	0.01094	0.00717	0.00628	0.00505	0.00205	0.04369	0.00371	0.00383	0.00721
6	0.05132	0.00767	0.01070	0.01045	0.01201	0.00880	0.00817	0.01369	0.04136	0.04497	0.01760	0.02444	0.01584	0.04299	0.64824	0.00927	0.01569	0.00675	0.00380	0.00623
7	0.00876	0.00644	0.00808	0.00800	0.00931	0.00598	0.00578	0.01101	0.01576	0.02159	0.43338	0.14879	0.15883	0.08494	0.04188	0.00288	0.00409	0.01251	0.00634	0.00567
8	0.12107	0.14798	0.26361	0.01517	0.04914	0.01699	0.01526	0.15759	0.01719	0.11834	0.01344	0.01425	0.00971	0.00657	0.00565	0.00190	0.00744	0.00486	0.00434	0.00951
9	0.08174	0.01773	0.02098	0.04776	0.08848	0.10850	0.10202	0.28239	0.04916	0.09317	0.01466	0.01590	0.01076	0.00712	0.00679	0.00199	0.03044	0.00577	0.00506	0.00959
10	0.00787	0.00562	0.00750	0.00900	0.00937	0.00525	0.00600	0.00900	0.01237	0.01649	0.03561	0.76871	0.04274	0.02024	0.00825	0.00262	0.00375	0.01837	0.00600	0.00525
11	0.01340	0.01148	0.01340	0.00957	0.01531	0.00861	0.00766	0.01627	0.01340	0.02105	0.01148	0.01340	0.00957	0.00479	0.00479	0.00096	0.00479	0.00383	0.00383	0.81242
12	0.01369	0.01519	0.10659	0.09731	0.29591	0.01354	0.03352	0.01856	0.06405	0.02050	0.06335	0.08215	0.01718	0.00844	0.00763	0.00209	0.05756	0.02644	0.00393	0.05237
13	0.05088	0.04011	0.06631	0.03557	0.09335	0.12911	0.04989	0.09233	0.01805	0.20546	0.11656	0.02199	0.03594	0.00800	0.00643	0.00194	0.00714	0.00660	0.00537	0.00898
14	0.00900	0.00660	0.00844	0.00798	0.00957	0.00604	0.00598	0.01192	0.01795	0.02511	0.66666	0.04958	0.12401	0.01351	0.00762	0.00205	0.00307	0.01187	0.00701	0.00604
15	0.01640	0.01672	0.02395	0.16466	0.51463	0.11290	0.01851	0.02003	0.01487	0.01958	0.01174	0.01563	0.00969	0.00600	0.00633	0.00193	0.00837	0.00554	0.00316	0.00932
16	0.05335	0.22218	0.24856	0.04451	0.02302	0.22737	0.05701	0.02150	0.01480	0.01801	0.01043	0.01245	0.00831	0.00609	0.00554	0.00178	0.00931	0.00441	0.00300	0.00838
17	0.01279	0.01208	0.02044	0.64629	0.15102	0.01451	0.01824	0.01702	0.01320	0.01722	0.01159	0.01704	0.00886	0.00635	0.00645	0.00212	0.00847	0.00574	0.00292	0.00765
18	0.00799	0.00637	0.00718	0.00748	0.00914	0.00556	0.00549	0.00975	0.01472	0.01853	0.15486	0.22056	0.45685	0.01682	0.00781	0.00228	0.00342	0.03352	0.00616	0.00552
19	0.00973	0.00674	0.00929	0.00955	0.01037	0.00722	0.00687	0.01123	0.01111	0.04279	0.02357	0.25550	0.02545	0.17141	0.34261	0.00674	0.02900	0.01083	0.00448	0.00550
20	0.18778	0.01253	0.01449	0.01139	0.01614	0.01241	0.00939	0.15780	0.01913	0.44103	0.02134	0.01953	0.03278	0.00777	0.00602	0.00199	0.00564	0.00596	0.00684	0.01003
21	0.00787	0.00562	0.00750	0.00900	0.00937	0.00525	0.00600	0.00900	0.01237	0.01649	0.03561	0.76871	0.04274	0.02024	0.00825	0.00262	0.00375	0.01837	0.00600	0.00525
22	0.01623	0.01521	0.02509	0.03691	0.66184	0.01529	0.01882	0.06307	0.01570	0.02222	0.01427	0.01761	0.03595	0.00626	0.00645	0.00193	0.00748	0.00604	0.00350	0.01011
23	0.02020	0.01446	0.02098	0.02563	0.35587	0.01479	0.01498	0.11641	0.10776	0.19535	0.01749	0.01835	0.01288	0.00709	0.00685	0.00200	0.02716	0.00614	0.00520	0.01043
24	0.00780	0.00589	0.00722	0.00829	0.00919	0.00531	0.00568	0.00908	0.01305	0.01677	0.04420	0.56541	0.24048	0.01913	0.00807	0.00250	0.00361	0.01701	0.00600	0.00531
25	0.01525	0.01743	0.03813	0.02723	0.03377	0.01634	0.70915	0.02070	0.01525	0.02070	0.01307	0.01743	0.00980	0.00545	0.00763	0.00218	0.01089	0.00763	0.00327	0.00871
26	0.01994	0.03778	0.04869	0.09312	0.04376	0.15075	0.09823	0.24908	0.08311	0.05416	0.04658	0.01750	0.01311	0.00731	0.00648	0.00196	0.00825	0.00605	0.00490	0.00925
27	0.01634	0.56163	0.21758	0.01314	0.01965	0.04327	0.01444	0.01982	0.01341	0.01659	0.00969	0.01126	0.00826	0.00572	0.00471	0.00156	0.00773	0.00382	0.00277	0.00860
28	0.00785	0.00571	0.00740	0.00875	0.00931	0.00527	0.00589	0.00902	0.01260	0.01659	0.03856	0.69888	0.11066	0.01986	0.00819	0.00258	0.00370	0.01790	0.00600	0.00527
29	0.00939	0.00629	0.00720	0.00720	0.00725	0.00635	0.00410	0.00949	0.00944	0.01264	0.02022	0.04153	0.02316	0.74058	0.06478	0.00645	0.00676	0.00929	0.00389	0.00400
30	0.03623	0.15250	0.31345	0.01790	0.04354	0.01643	0.15022	0.05699	0.01533	0.07549	0.05184	0.01642	0.01216	0.00650	0.00616	0.00194	0.00840	0.00565	0.00372	0.00912
31	0.00898	0.00627	0.00811	0.00891	0.00998	0.00579	0.00645	0.01075	0.01417	0.04044	0.16121	0.45284	0.13416	0.01787	0.00808	0.00248	0.00385	0.08774	0.00625	0.00567
32	0.01296	0.03342	0.73944	0.01842	0.02797	0.01501	0.02387	0.02046	0.01364	0.02046	0.01160	0.01364	0.00818	0.00614	0.00614	0.00205	0.00955	0.00477	0.00273	0.00955
33	0.01553	0.01488	0.02539	0.12688	0.64900	0.01523	0.01960	0.01943	0.01449	0.02055	0.01207	0.01614	0.01004	0.00584	0.00640	0.00195	0.00779	0.00576	0.00316	0.00986
34	0.01714	0.33976	0.25515	0.01620	0.05328	0.16339	0.03394	0.02103	0.01444	0.01740	0.01026	0.01210	0.00839	0.00595	0.00530	0.00169	0.00882	0.00423	0.00290	0.00863
35	0.00940	0.00626	0.00705	0.00705	0.00705	0.00626	0.00392	0.00940	0.00940	0.01253	0.02036	0.04228	0.02349	0.77292	0.03289	0.00626	0.00626	0.00940	0.00392	0.00392
36	0.01525	0.01743	0.03813	0.02723	0.03377	0.01634	0.70915	0.02070	0.01525	0.02070	0.01307	0.01743	0.00980	0.00545	0.00763	0.00218	0.01089	0.00763	0.00327	0.00871
37	0.00845	0.00632	0.00789	0.00831	0.00961	0.00576	0.00609	0.01052	0.01522	0.02028	0.28992	0.29395	0.21199	0.01664	0.00793	0.00233	0.00354	0.06319	0.00639	0.00565
38	0.01308	0.05438	0.71955	0.01821	0.02764	0.01530	0.02351	0.02043	0.01363	0.02031	0.01152	0.01355	0.00819	0.00612	0.00608	0.00203	0.00947	0.00474	0.00273	0.00951
39	0.01025	0.00732	0.01023	0.01171	0.01313	0.00730	0.01013	0.01311	0.01471	0.01916	0.03430	0.11729	0.03754	0.01800	0.00888	0.00295	0.00581	0.64632	0.00595	0.00590
40	0.00919	0.00618	0.00711	0.00731	0.00736	0.00613	0.00419	0.00934	0.00979	0.01306	0.02240	0.13931	0.02606	0.67238	0.02960	0.00578	0.00593	0.01059	0.00419	0.00409
41	0.01550	0.05840	0.58940	0.01736	0.02602	0.01465	0.03894	0.02202	0.01437	0.12395	0.01354	0.01482	0.00936	0.00637	0.00615	0.00202	0.00890	0.00505	0.00351	0.00969
42	0.00787	0.00562	0.00750	0.00900	0.00937	0.00525	0.00600	0.00900	0.01237	0.01649	0.03561	0.76871	0.04274	0.02024	0.00825	0.00262	0.00375	0.01837	0.00600	0.00525
43	0.01296	0.03342	0.73944	0.01842	0.02797	0.01501	0.02387	0.02046	0.01364	0.02046	0.01160	0.01364	0.00818	0.00614	0.00614	0.00205	0.00955	0.00477	0.00273	0.00955
44	0.01703	0.04788	0.16699	0.02198	0.08029	0.20117	0.23644	0.02118	0.01493	0.01863	0.01123	0.01448	0.00893	0.00665	0.00838	0.00206	0.10453	0.00567	0.00310	0.00847
45	0.01588	0.01523	0.02602	0.06143	0.71175	0.01532	0.01977	0.01973	0.01466	0.02097	0.01213	0.01603	0.01019	0.00578	0.00640	0.00193	0.00770	0.00576	0.00319	0.01014
46	0.00927	0.00677	0.00961	0.00961	0.01050	0.00766	0.00712	0.01104	0.01016	0.01443	0.01801	0.02928	0.01785	0.21570	0.58239	0.00943	0.01476	0.00749	0.00357	0.00534
47	0.00889	0.00725	0.00814	0.00939	0.01002	0.05206	0.00637	0.01007	0.01284	0.01649	0.03514	0.69372	0.06703	0.01924	0.00807	0.00255	0.00423	0.01729	0.00583	0.00540
48	0.01724	0.01748	0.04699	0.04928	0.11665	0.10599	0.31005	0.05442	0.05398	0.07609	0.01604	0.07666	0.01326	0.00735	0.00701	0.00209	0.00899	0.00747	0.00415	0.00881
49	0.01470	0.01380	0.02324	0.03477	0.61722	0.01374	0.01762	0.01810	0.01434	0.02037	0.01590	0.13609	0.01542	0.00807	0.00669	0.00203	0.00705	0.00777	0.00365	0.00944
50	0.00923	0.00692	0.01038	0.01038	0.01154	0.00808	0.00808	0.01154	0.01038	0.01500	0.01731	0.02538	0.01615	0.04846	0.74732	0.01038	0.01731	0.00692	0.00346	0.00577
51	0.04282	0.01545	0.08809	0.08679	0.25768	0.01368	0.04305	0.07186	0.03396	0.25643	0.01693	0.01791	0.01196	0.00679	0.00640	0.00200	0.00717	0.00596	0.00503	0.01006
52	0.01340	0.01148	0.01340	0.00957	0.01531	0.00861	0.00766	0.01627	0.01340	0.02105	0.01148	0.01340	0.00957	0.00479	0.00479	0.00096	0.00479	0.00383	0.00383	0.81242
53	0.00798	0.00589	0.00747	0.00850	0.00930	0.00538	0.00583	0.00941	0.01343	0.01773	0.12002	0.57067	0.15710	0.01880	0.00808	0.00248	0.00359	0.01683	0.00613	0.00538
54	0.01255	0.01108	0.01542	0.01380	0.01398	0.01460	0.01106	0.01342	0.01000	0.01482	0.01263	0.02294	0.01312	0.11105	0.07930	0.10720	0.46453	0.04934	0.00321	0.00596
55	0.01535	0.14380	0.34134	0.04825	0.08381	0.01627	0.14451	0.02066	0.01424	0.07306	0.01314	0.03393	0.01014	0.00639	0.00621	0.00197	0.00874	0.00568	0.00335	0.00916
56	0.01377	0.01281	0.02009	0.40731	0.03263	0.01576	0.06793	0.07057	0.04524	0.01886	0.01232	0.01729	0.00984	0.01032	0.05749	0.00281	0.16795	0.00602	0.00337	0.00761
57	0.01220	0.01148	0.01938	0.75739	0.04450	0.01436	0.01794	0.01651	0.01292	0.01651	0.01148	0.01723	0.00861	0.00646	0.00646	0.00215	0.00861	0.00574	0.00287	0.00718
58	0.04865	0.01252	0.01473	0.05317	0.03475	0.04223	0.01019	0.21002	0.01761	0.12306	0.01684	0.02154	0.01386	0.09981	0.18406	0.00444	0.05040	0.00639	0.02762	0.00813
59	0.09413	0.08738	0.26164	0.12904	0.10081	0.03601	0.03452	0.04778	0.01481	0.11588	0.01314	0.01506	0.00955	0.00638	0.00592	0.00197	0.00800	0.00511	0.00380	0.00908
60	0.00791	0.00631	0.00700	0.00743	0.00899	0.00551	0.00535	0.00941	0.01397	0.01730	0.07593	0.25189	0.47167	0.05112	0.00896	0.00250	0.00360	0.03382	0.00594	0.00536
61	0.00899	0.00720	0.00811	0.00777	0.00980	0.00663	0.00586	0.01263	0.07643	0.02181	0.33994	0.05311	0.38940	0.01440	0.00754	0.00212	0.00334	0.01228	0.00651	0.00613
62	0.02057	0.01701	0.01807	0.01782	0.13147	0.12134	0.01230	0.28648	0.10158	0.08460	0.07394	0.05158	0.01721	0.00839	0.00655	0.00197	0.00704	0.00680	0.00566	0.00964
63	0.81856	0.01250	0.00950	0.00850	0.01250	0.01449	0.00700	0.01899	0.01100	0.02899	0.00900	0.01050	0.00700	0.00600	0.00400	0.00200	0.00500	0.00350	0.00400	0.00700
64	0.01654	0.10992	0.14843	0.05650	0.18866	0.05760	0.08049	0.07414	0.06466	0.05697	0.03496	0.05473	0.01350	0.00727	0.00632	0.00196	0.00782	0.00635	0.00404	0.00916
65	0.01531	0.08074	0.25471	0.02102	0.16681	0.01509	0.09628	0.09135	0.01623	0.04793	0.05881	0.03824	0.05391	0.00751	0.00647	0.00199	0.00783	0.00661	0.00399	0.00915
66	0.01444	0.09293	0.45420	0.04858	0.05542	0.05489	0.14978	0.02052	0.01416	0.01968	0.01158	0.01419	0.00860	0.00598	0.00625	0.00199	0.00958	0.00524	0.00289	0.00911
67	0.01548	0.01142	0.01361	0.00983	0.01547	0.00873	0.00790	0.01830	0.01408	0.11670	0.01336	0.01455	0.01043	0.00521	0.00501	0.00110	0.00488	0.00418	0.00438	0.70537
68	0.03717	0.01456	0.01605	0.01528	0.07122	0.01655	0.01117	0.13005	0.55084	0.02860	0.02325	0.02192	0.01744	0.00833	0.00648	0.00213	0.00559	0.00688	0.00624	0.01026
69	0.04827	0.04719	0.18705	0.01676	0.12145	0.03462	0.01395	0.05802	0.01575	0.15454	0.04920	0.03366	0.01362	0.00688	0.00593	0.00176	0.00677	0.00561	0.00455	0.17441
70	0.01538	0.02764	0.53807	0.08367	0.02790	0.01448	0.04163	0.04612	0.01483	0.11030	0.01350	0.01518	0.00935	0.00644	0.00627	0.00205	0.00891	0.00520	0.00355	0.00954
71	0.01333	0.02911	0.56374	0.02011	0.02874	0.01503	0.17546	0.02020	0.01396	0.02041	0.01258	0.03518	0.00949	0.00637	0.00653	0.00209	0.00969	0.00578	0.00294	0.00925
72	0.00802	0.00656	0.00708	0.00695	0.00897	0.00562	0.00521	0.01002	0.01564	0.01963	0.23610	0.05860	0.55800	0.01555	0.00763	0.00214	0.00322	0.01313	0.00629	0.00562
73	0.01978	0.02105	0.26949	0.01939	0.15032	0.04998	0.01662	0.08251	0.01701	0.24059	0.01785	0.01817	0.03342	0.00712	0.00635	0.00198	0.00768	0.00581	0.00487	0.01001
74	0.01553	0.01230	0.01961	0.07436	0.41571	0.01209	0.01480	0.01867	0.01499	0.11675	0.03864	0.08644	0.11433	0.00894	0.00677	0.00204	0.00641	0.00812	0.00453	0.00898
75	0.81856	0.01250	0.00950	0.00850	0.01250	0.01449	0.00700	0.01899	0.01100	0.02899	0.00900	0.01050	0.00700	0.00600	0.00400	0.00200	0.00500	0.00350	0.00400	0.00700
76	0.08202	0.01464	0.05481	0.24912	0.33658	0.01467	0.06979	0.01959	0.01410	0.06560	0.01258	0.01629	0.00972	0.00612	0.00630	0.00203	0.00792	0.00571	0.00345	0.00895
77	0.01489	0.02576	0.44565	0.03845	0.08550	0.01495	0.10653	0.08268	0.01555	0.04965	0.01390	0.05224	0.01083	0.00694	0.00650	0.00207	0.00888	0.00607	0.00354	0.00942
78	0.00899	0.00845	0.03458	0.00925	0.01097	0.03914	0.02310	0.01079	0.01394	0.01755	0.07433	0.38001	0.29200	0.01699	0.00782	0.00237	0.00433	0.03393	0.00575	0.00572
79	0.13019	0.17089	0.22837	0.01284	0.01854	0.01493	0.03078	0.04434	0.01514	0.10684	0.12780	0.02055	0.03787	0.00767	0.00580	0.00190	0.00663	0.00599	0.00447	0.00847
80	0.17174	0.17790	0.20613	0.01538	0.09240	0.01563	0.01389	0.02024	0.02961	0.09568	0.01489	0.07646	0.01279	0.00763	0.00562	0.00195	0.00683	0.02260	0.00401	0.00859
81	0.01555	0.08674	0.38883	0.01822	0.09986	0.01526	0.01812	0.10798	0.01599	0.05871	0.01455	0.07447	0.01198	0.00742	0.00618	0.00197	0.00797	0.00604	0.00383	0.04035
82	0.01373	0.10596	0.30575	0.01381	0.01896	0.08595	0.01447	0.01760	0.01374	0.05421	0.01923	0.23460	0.01935	0.04455	0.00771	0.00229	0.00742	0.00882	0.00406	0.00777
83	0.05676	0.13043	0.33966	0.06629	0.02387	0.12998	0.01704	0.02247	0.03582	0.10106	0.01287	0.01423	0.00943	0.00644	0.00578	0.00190	0.00863	0.00477	0.00361	0.00895
84	0.14331	0.02101	0.30346	0.03534	0.05762	0.01452	0.03461	0.02218	0.14610	0.04408	0.01537	0.04938	0.01216	0.00742	0.00660	0.00208	0.03726	0.00586	0.00404	0.03760
85	0.07454	0.10481	0.26857	0.01390	0.01974	0.04366	0.03391	0.03840	0.10499	0.02243	0.11489	0.03613	0.01804	0.00764	0.00600	0.00190	0.00698	0.00614	0.00424	0.07311

[dist]
# distance from previous block
# <min> <max>
2	17

[block]
# block no. 5 follows, 34 sequences, length 63
# corresponding to MSA columns:
# 246-308
name=unknown_F
#
# <colnr> <probs for GDERKNQSTAVLIFYWHMCP>
#	G	D	E	R	K	N	Q	S	T	A	V	L	I	F	Y	W	H	M	C	P
0	0.05121	0.13540	0.28701	0.04235	0.07720	0.06188	0.05005	0.02187	0.08637	0.05601	0.01499	0.01639	0.03283	0.00666	0.00590	0.00190	0.00797	0.00532	0.00369	0.03500
1	0.07322	0.17059	0.33817	0.01643	0.04622	0.01678	0.05573	0.02158	0.03645	0.10362	0.01292	0.01441	0.00958	0.00656	0.00662	0.00196	0.05146	0.00495	0.00361	0.00915
2	0.05197	0.23366	0.33235	0.01575	0.04572	0.01762	0.03427	0.07568	0.01514	0.07724	0.01298	0.03743	0.01020	0.00665	0.00566	0.00187	0.00789	0.00511	0.00364	0.00918
3	0.12573	0.12031	0.35452	0.01430	0.02090	0.01554	0.01599	0.04455	0.07716	0.05913	0.04997	0.01646	0.01258	0.00852	0.03614	0.00230	0.00788	0.00522	0.00390	0.00889
4	0.06560	0.15230	0.34803	0.01699	0.02382	0.18686	0.08004	0.02145	0.01463	0.01906	0.01077	0.01279	0.00831	0.00609	0.00574	0.00186	0.00945	0.00460	0.00300	0.00863
5	0.11700	0.14850	0.26484	0.01498	0.02122	0.01594	0.08520	0.02196	0.10052	0.07749	0.01607	0.04708	0.02790	0.00722	0.00589	0.00198	0.00742	0.00588	0.00404	0.00886
6	0.06558	0.30980	0.09243	0.01836	0.10350	0.07713	0.14051	0.04203	0.01476	0.04444	0.01125	0.01335	0.00909	0.00585	0.00551	0.00174	0.00813	0.00485	0.00335	0.02834
7	0.01061	0.00781	0.00965	0.00899	0.01125	0.00730	0.02792	0.01430	0.07998	0.06923	0.22275	0.11478	0.32229	0.01534	0.03046	0.00244	0.00431	0.02772	0.00631	0.00653
8	0.01449	0.01593	0.11081	0.07663	0.41465	0.01370	0.01707	0.03792	0.03644	0.02211	0.11242	0.02035	0.01721	0.00698	0.00645	0.00192	0.00706	0.00639	0.00389	0.05757
9	0.81856	0.01250	0.00950	0.00850	0.01250	0.01449	0.00700	0.01899	0.01100	0.02899	0.00900	0.01050	0.00700	0.00600	0.00400	0.00200	0.00500	0.00350	0.00400	0.00700
10	0.00795	0.00656	0.00698	0.00687	0.00892	0.00559	0.00515	0.00988	0.01546	0.01920	0.20249	0.05931	0.59188	0.01571	0.00763	0.00215	0.00323	0.01323	0.00623	0.00559
11	0.01340	0.01148	0.01340	0.00957	0.01531	0.00861	0.00766	0.01627	0.01340	0.02105	0.01148	0.01340	0.00957	0.00479	0.00479	0.00096	0.00479	0.00383	0.00383	0.81242
12	0.07090	0.01645	0.01735	0.01353	0.01823	0.01819	0.01112	0.59410	0.02739	0.03821	0.01572	0.01614	0.01135	0.00763	0.00610	0.00190	0.00654	0.00570	0.09324	0.01021
13	0.00940	0.00626	0.00705	0.00705	0.00705	0.00626	0.00392	0.00940	0.00940	0.01253	0.02036	0.04228	0.02349	0.77292	0.03289	0.00626	0.00626	0.00940	0.00392	0.00392
14	0.01122	0.00561	0.00842	0.00842	0.00842	0.00561	0.00561	0.00842	0.00842	0.01122	0.01122	0.01964	0.01122	0.02245	0.02525	0.81201	0.00561	0.00561	0.00281	0.00281
15	0.00787	0.00562	0.00750	0.00900	0.00937	0.00525	0.00600	0.00900	0.01237	0.01649	0.03561	0.76871	0.04274	0.02024	0.00825	0.00262	0.00375	0.01837	0.00600	0.00525
16	0.01607	0.01388	0.01461	0.01315	0.01680	0.01607	0.01023	0.03433	0.72094	0.02703	0.02630	0.02411	0.01972	0.00877	0.00657	0.00219	0.00511	0.00731	0.00657	0.01023
17	0.02837	0.01145	0.01521	0.01172	0.01668	0.01024	0.00966	0.06631	0.04063	0.67974	0.02501	0.02173	0.01585	0.00801	0.00650	0.00200	0.00557	0.00649	0.00788	0.01097
18	0.00836	0.00591	0.00775	0.00904	0.00948	0.00563	0.00618	0.00953	0.01222	0.01625	0.03332	0.59148	0.03944	0.12551	0.01178	0.00317	0.00434	0.08978	0.00570	0.00514
19	0.01318	0.07142	0.70338	0.01804	0.02738	0.01555	0.02322	0.02041	0.01362	0.02019	0.01146	0.01347	0.00819	0.00611	0.00604	0.00201	0.00941	0.00471	0.00273	0.00948
20	0.02414	0.03079	0.01831	0.01665	0.01998	0.74698	0.01248	0.02580	0.01831	0.01581	0.00999	0.01165	0.00832	0.00666	0.00583	0.00166	0.01165	0.00416	0.00333	0.00749
21	0.00792	0.00566	0.00754	0.00897	0.00938	0.00528	0.00600	0.00911	0.01257	0.01681	0.05914	0.74427	0.04335	0.02000	0.00823	0.00260	0.00372	0.01814	0.00604	0.00528
22	0.01340	0.01148	0.01340	0.00957	0.01531	0.00861	0.00766	0.01627	0.01340	0.02105	0.01148	0.01340	0.00957	0.00479	0.00479	0.00096	0.00479	0.00383	0.00383	0.81242
23	0.00977	0.00789	0.00905	0.00939	0.01125	0.03141	0.00760	0.01265	0.03412	0.02022	0.19843	0.06037	0.28212	0.01569	0.00802	0.00243	0.00454	0.26292	0.00615	0.00597
24	0.00897	0.00660	0.00839	0.00794	0.00955	0.00602	0.00596	0.01185	0.01788	0.02493	0.65209	0.04988	0.13869	0.01358	0.00762	0.00205	0.00307	0.01191	0.00698	0.00602
25	0.02267	0.01750	0.01724	0.01376	0.01820	0.09423	0.01115	0.49702	0.06195	0.05692	0.01648	0.01681	0.01200	0.00767	0.00616	0.00187	0.00693	0.00577	0.10569	0.00997
26	0.01542	0.30590	0.21544	0.01893	0.02585	0.01945	0.27290	0.02013	0.01405	0.01858	0.01116	0.01382	0.00882	0.00565	0.00594	0.00185	0.00906	0.00534	0.00294	0.00877
27	0.01694	0.01576	0.01540	0.01441	0.04109	0.09523	0.01079	0.03292	0.62120	0.02562	0.02406	0.02249	0.01817	0.00844	0.00649	0.00213	0.00591	0.00691	0.00611	0.00993
28	0.00787	0.00649	0.00691	0.00695	0.00890	0.00553	0.00516	0.00966	0.01506	0.01857	0.15655	0.11181	0.58581	0.01620	0.00768	0.00219	0.00328	0.01371	0.00616	0.00553
29	0.01607	0.01388	0.01461	0.01315	0.01680	0.01607	0.01023	0.03433	0.72094	0.02703	0.02630	0.02411	0.01972	0.00877	0.00657	0.00219	0.00511	0.00731	0.00657	0.01023
30	0.01679	0.53173	0.18681	0.03289	0.02010	0.02250	0.01415	0.07592	0.01464	0.01847	0.01015	0.01169	0.00850	0.00587	0.00483	0.00159	0.00755	0.00400	0.00306	0.00876
31	0.01365	0.01136	0.01835	0.62634	0.03935	0.01355	0.01632	0.01811	0.03309	0.07705	0.03453	0.01861	0.01113	0.00679	0.00644	0.00210	0.00796	0.00596	0.00356	0.03574
32	0.01727	0.77681	0.03386	0.01106	0.01658	0.02557	0.01106	0.01935	0.01313	0.01520	0.00898	0.01036	0.00829	0.00553	0.00415	0.00138	0.00691	0.00345	0.00276	0.00829
33	0.02641	0.01071	0.01408	0.01099	0.01553	0.00957	0.00901	0.06394	0.01856	0.60570	0.04286	0.02257	0.01697	0.00807	0.00631	0.00194	0.00525	0.00655	0.09465	0.01033
34	0.01501	0.14936	0.53331	0.01717	0.02557	0.01633	0.05721	0.02115	0.01402	0.07530	0.01234	0.01397	0.00889	0.00615	0.00593	0.00194	0.00889	0.00485	0.00317	0.00942
35	0.00910	0.00660	0.00857	0.00808	0.00962	0.00608	0.00606	0.01210	0.01817	0.02564	0.70760	0.04872	0.08274	0.01331	0.00762	0.00204	0.00306	0.01175	0.00708	0.00608
36	0.00787	0.00562	0.00750	0.00900	0.00937	0.00525	0.00600	0.00900	0.01237	0.01649	0.03561	0.76871	0.04274	0.02024	0.00825	0.00262	0.00375	0.01837	0.00600	0.00525
37	0.01580	0.27596	0.32723	0.01504	0.02160	0.05618	0.01659	0.02187	0.09024	0.03827	0.01243	0.01384	0.00971	0.00661	0.00642	0.00187	0.05333	0.00468	0.00334	0.00899
38	0.01005	0.00756	0.01051	0.01019	0.01103	0.00893	0.00774	0.01191	0.01041	0.01537	0.01715	0.02699	0.01661	0.16937	0.47654	0.00806	0.09944	0.00714	0.06939	0.00561
39	0.00791	0.00565	0.00753	0.00897	0.00938	0.00527	0.00600	0.00909	0.01255	0.01678	0.05653	0.74698	0.04328	0.02003	0.00823	0.00261	0.00373	0.01817	0.00603	0.00527
40	0.01525	0.01412	0.05207	0.01622	0.02058	0.01360	0.20741	0.07219	0.23933	0.06525	0.07644	0.09292	0.06596	0.00945	0.00714	0.00218	0.00671	0.00886	0.00550	0.00881
41	0.01895	0.56227	0.04849	0.01271	0.01777	0.21371	0.01177	0.02106	0.01450	0.01550	0.00931	0.01079	0.00830	0.00584	0.00464	0.00147	0.00822	0.00367	0.00291	0.00812
42	0.00837	0.00657	0.00756	0.00731	0.00918	0.00577	0.00549	0.01069	0.01646	0.02156	0.38752	0.05543	0.40537	0.01483	0.00763	0.00211	0.00316	0.01269	0.00654	0.00577
43	0.11651	0.01460	0.02081	0.17754	0.19315	0.01596	0.07849	0.18024	0.06914	0.02575	0.01349	0.01630	0.01035	0.00711	0.00684	0.02726	0.00745	0.00577	0.00423	0.00899
44	0.00849	0.00610	0.00818	0.00956	0.01029	0.00579	0.00699	0.01013	0.01322	0.01749	0.05881	0.56176	0.06376	0.01934	0.00836	0.00267	0.00422	0.17337	0.00602	0.00544
45	0.01339	0.03055	0.61669	0.02046	0.05765	0.01520	0.11507	0.02047	0.01390	0.02052	0.01182	0.01424	0.00848	0.00603	0.00635	0.00206	0.00965	0.00519	0.00282	0.00947
46	0.00923	0.00692	0.01038	0.01038	0.01154	0.00808	0.00808	0.01154	0.01038	0.01500	0.01731	0.02538	0.01615	0.04846	0.74732	0.01038	0.01731	0.00692	0.00346	0.00577
47	0.00799	0.00568	0.00740	0.00878	0.00928	0.00528	0.00590	0.00920	0.01252	0.01678	0.03663	0.71081	0.07580	0.01966	0.00810	0.00257	0.00370	0.01775	0.03087	0.00528
48	0.01738	0.03963	0.04795	0.01358	0.01769	0.05393	0.01113	0.12918	0.51029	0.02773	0.04521	0.02212	0.01834	0.00844	0.00646	0.00209	0.00592	0.00684	0.00612	0.00997
49	0.01579	0.22550	0.42909	0.01646	0.02402	0.10187	0.04022	0.04219	0.01461	0.01920	0.01090	0.01274	0.00837	0.00607	0.00564	0.00183	0.00907	0.00448	0.00294	0.00900
50	0.78307	0.01256	0.00972	0.00870	0.01269	0.01456	0.00714	0.01967	0.04240	0.02890	0.00976	0.01110	0.00756	0.00612	0.00411	0.00201	0.00500	0.00367	0.00411	0.00714
51	0.01496	0.01554	0.06165	0.19177	0.45918	0.01523	0.07522	0.01986	0.04555	0.02031	0.01268	0.01661	0.01016	0.00604	0.00650	0.00201	0.00812	0.00592	0.00326	0.00941
52	0.01340	0.01148	0.01340	0.00957	0.01531	0.00861	0.00766	0.01627	0.01340	0.02105	0.01148	0.01340	0.00957	0.00479	0.00479	0.00096	0.00479	0.00383	0.00383	0.81242
53	0.81856	0.01250	0.00950	0.00850	0.01250	0.01449	0.00700	0.01899	0.01100	0.02899	0.00900	0.01050	0.00700	0.00600	0.00400	0.00200	0.00500	0.00350	0.00400	0.00700
54	0.00940	0.00626	0.00705	0.00705	0.00705	0.00626	0.00392	0.00940	0.00940	0.01253	0.02036	0.04228	0.02349	0.77292	0.03289	0.00626	0.00626	0.00940	0.00392	0.00392
55	0.01512	0.01494	0.02698	0.12711	0.49267	0.01509	0.14749	0.01923	0.01451	0.02031	0.01298	0.04020	0.01098	0.00625	0.00669	0.00202	0.00827	0.00650	0.00326	0.00941
56	0.00787	0.00562	0.00750	0.00900	0.00937	0.00525	0.00600	0.00900	0.01237	0.01649	0.03561	0.76871	0.04274	0.02024	0.00825	0.00262	0.00375	0.01837	0.00600	0.00525
57	0.00943	0.00742	0.00885	0.00930	0.03284	0.00702	0.00654	0.03057	0.06045	0.02061	0.21840	0.20586	0.28882	0.03896	0.00844	0.00237	0.00383	0.02800	0.00617	0.00614
58	0.00940	0.00626	0.00705	0.00705	0.00705	0.00626	0.00392	0.00940	0.00940	0.01253	0.02036	0.04228	0.02349	0.77292	0.03289	0.00626	0.00626	0.00940	0.00392	0.00392
59	0.03299	0.10677	0.14749	0.03422	0.15579	0.01474	0.07024	0.02082	0.13935	0.02172	0.09093	0.02191	0.04131	0.00881	0.02841	0.00221	0.00713	0.00661	0.03982	0.00871
60	0.00940	0.00626	0.00705	0.00705	0.00705	0.00626	0.00392	0.00940	0.00940	0.01253	0.02036	0.04228	0.02349	0.77292	0.03289	0.00626	0.00626	0.00940	0.00392	0.00392
61	0.01949	0.50728	0.05066	0.01319	0.04004	0.06485	0.01193	0.14243	0.01686	0.06344	0.01136	0.01232	0.00929	0.00616	0.00492	0.00157	0.00724	0.00421	0.00378	0.00898
62	0.01705	0.06161	0.15522	0.02028	0.20124	0.01521	0.01511	0.15752	0.05759	0.04706	0.01361	0.01523	0.01047	0.00624	0.00590	0.00173	0.00704	0.00515	0.00421	0.18255

[dist]
# distance from previous block
# <min> <max>
0	2

[block]
# block no. 6 follows, 34 sequences, length 86
# corresponding to MSA columns:
# 311-396
name=unknown_G
#
# <colnr> <probs for GDERKNQSTAVLIFYWHMCP>
#	G	D	E	R	K	N	Q	S	T	A	V	L	I	F	Y	W	H	M	C	P
0	0.02264	0.02767	0.01763	0.01600	0.01939	0.61177	0.01207	0.02738	0.14829	0.01789	0.01300	0.01396	0.01043	0.00705	0.00596	0.00176	0.01044	0.00474	0.00393	0.00800
1	0.03932	0.01479	0.11680	0.01102	0.01712	0.01018	0.01011	0.01809	0.05792	0.02160	0.01235	0.01401	0.00993	0.00527	0.00507	0.00122	0.00549	0.00417	0.00385	0.62168
2	0.00937	0.00639	0.00766	0.00766	0.00787	0.00660	0.00468	0.00979	0.00958	0.01298	0.01980	0.03918	0.02214	0.63982	0.16415	0.00702	0.00829	0.00894	0.00383	0.00426
3	0.00932	0.00623	0.00707	0.00714	0.00716	0.00621	0.00402	0.00938	0.00954	0.01272	0.02110	0.07756	0.02443	0.73637	0.03169	0.00609	0.00614	0.00983	0.00402	0.00398
4	0.01852	0.05454	0.02001	0.02109	0.22762	0.01681	0.01347	0.16721	0.29899	0.06490	0.01901	0.01915	0.01437	0.00747	0.00637	0.00201	0.00639	0.00631	0.00544	0.01032
5	0.02181	0.15400	0.05620	0.01683	0.05482	0.53322	0.01309	0.02443	0.03812	0.01653	0.01049	0.01212	0.00875	0.00646	0.00561	0.00166	0.01037	0.00425	0.00330	0.00794
6	0.01674	0.07651	0.17785	0.04760	0.21965	0.03828	0.01620	0.08073	0.11702	0.05980	0.01465	0.01618	0.01119	0.00651	0.00606	0.00187	0.00742	0.00543	0.00412	0.07620
7	0.01397	0.01735	0.18385	0.01511	0.02007	0.01367	0.10524	0.06361	0.25698	0.02432	0.11821	0.06170	0.05884	0.00921	0.00688	0.00214	0.00658	0.00814	0.00526	0.00887
8	0.00786	0.00565	0.00747	0.00892	0.00935	0.00526	0.00596	0.00901	0.01245	0.01653	0.03661	0.74515	0.06564	0.02011	0.00823	0.00261	0.00373	0.01821	0.00600	0.00526
9	0.01362	0.01080	0.01233	0.03043	0.01438	0.01189	0.00870	0.07367	0.31408	0.02683	0.29217	0.03224	0.03399	0.01030	0.00719	0.00208	0.02391	0.00869	0.06447	0.00824
10	0.01599	0.01535	0.02623	0.03966	0.73262	0.01535	0.01983	0.01983	0.01471	0.02111	0.01215	0.01599	0.01023	0.00576	0.00640	0.00192	0.00768	0.00576	0.00320	0.01023
11	0.01652	0.01385	0.01520	0.01440	0.05206	0.01580	0.01067	0.03352	0.66140	0.05175	0.02557	0.02363	0.01912	0.00859	0.00656	0.00217	0.00525	0.00720	0.00646	0.01025
12	0.00923	0.00692	0.01038	0.01038	0.01154	0.00808	0.00808	0.01154	0.01038	0.01500	0.01731	0.02538	0.01615	0.04846	0.74732	0.01038	0.01731	0.00692	0.00346	0.00577
13	0.00950	0.00714	0.01018	0.01005	0.01092	0.00829	0.00755	0.01131	0.01017	0.01454	0.01748	0.02817	0.01723	0.18938	0.57131	0.00921	0.05125	0.00735	0.00352	0.00547
14	0.00923	0.00692	0.01038	0.01038	0.01154	0.00808	0.00808	0.01154	0.01038	0.01500	0.01731	0.02538	0.01615	0.04846	0.74732	0.01038	0.01731	0.00692	0.00346	0.00577
15	0.01525	0.01743	0.03813	0.02723	0.03377	0.01634	0.70915	0.02070	0.01525	0.02070	0.01307	0.01743	0.00980	0.00545	0.00763	0.00218	0.01089	0.00763	0.00327	0.00871
16	0.02030	0.01731	0.01940	0.06327	0.14506	0.08544	0.01326	0.34798	0.08366	0.03012	0.01466	0.01585	0.01107	0.00698	0.00621	0.00184	0.00729	0.00555	0.00510	0.09965
17	0.01296	0.03342	0.73944	0.01842	0.02797	0.01501	0.02387	0.02046	0.01364	0.02046	0.01160	0.01364	0.00818	0.00614	0.00614	0.00205	0.00955	0.00477	0.00273	0.00955
18	0.00787	0.00562	0.00750	0.00900	0.00937	0.00525	0.00600	0.00900	0.01237	0.01649	0.03561	0.76871	0.04274	0.02024	0.00825	0.00262	0.00375	0.01837	0.00600	0.00525
19	0.81856	0.01250	0.00950	0.00850	0.01250	0.01449	0.00700	0.01899	0.01100	0.02899	0.00900	0.01050	0.00700	0.00600	0.00400	0.00200	0.00500	0.00350	0.00400	0.00700
20	0.00923	0.00692	0.01038	0.01038	0.01154	0.00808	0.00808	0.01154	0.01038	0.01500	0.01731	0.02538	0.01615	0.04846	0.74732	0.01038	0.01731	0.00692	0.00346	0.00577
21	0.02456	0.01810	0.01939	0.01487	0.02004	0.02004	0.01228	0.71107	0.03038	0.04072	0.01551	0.01551	0.01099	0.00776	0.00646	0.00194	0.00711	0.00582	0.00646	0.01099
22	0.81856	0.01250	0.00950	0.00850	0.01250	0.01449	0.00700	0.01899	0.01100	0.02899	0.00900	0.01050	0.00700	0.00600	0.00400	0.00200	0.00500	0.00350	0.00400	0.00700
23	0.01727	0.77681	0.03386	0.01106	0.01658	0.02557	0.01106	0.01935	0.01313	0.01520	0.00898	0.01036	0.00829	0.00553	0.00415	0.00138	0.00691	0.00345	0.00276	0.00829
24	0.00940	0.00626	0.00705	0.00705	0.00705	0.00626	0.00392	0.00940	0.00940	0.01253	0.02036	0.04228	0.02349	0.77292	0.03289	0.00626	0.00626	0.00940	0.00392	0.00392
25	0.00778	0.00655	0.00674	0.00669	0.00881	0.00551	0.00502	0.00954	0.01506	0.01823	0.12647	0.06090	0.66849	0.01607	0.00764	0.00217	0.00325	0.01346	0.00610	0.00551
26	0.00923	0.00692	0.01038	0.01038	0.01154	0.00808	0.00808	0.01154	0.01038	0.01500	0.01731	0.02538	0.01615	0.04846	0.74732	0.01038	0.01731	0.00692	0.00346	0.00577
27	0.01727	0.77681	0.03386	0.01106	0.01658	0.02557	0.01106	0.01935	0.01313	0.01520	0.00898	0.01036	0.00829	0.00553	0.00415	0.00138	0.00691	0.00345	0.00276	0.00829
28	0.01414	0.01414	0.01979	0.01696	0.01696	0.01979	0.01414	0.01555	0.00990	0.01555	0.00848	0.01414	0.00848	0.01131	0.02120	0.00283	0.76110	0.00565	0.00283	0.00707
29	0.02899	0.01100	0.01499	0.01150	0.01649	0.00950	0.00950	0.03149	0.01849	0.73709	0.02549	0.02199	0.01599	0.00800	0.00650	0.00200	0.00550	0.00650	0.00800	0.01100
30	0.01350	0.11616	0.64153	0.01783	0.02685	0.01622	0.04097	0.02034	0.01363	0.01988	0.01134	0.01338	0.00824	0.00605	0.00596	0.00198	0.00929	0.00470	0.00275	0.00939
31	0.81856	0.01250	0.00950	0.00850	0.01250	0.01449	0.00700	0.01899	0.01100	0.02899	0.00900	0.01050	0.00700	0.00600	0.00400	0.00200	0.00500	0.00350	0.00400	0.00700
32	0.01434	0.09804	0.23156	0.01386	0.01911	0.03280	0.08882	0.03999	0.09325	0.02230	0.01626	0.01826	0.01245	0.00680	0.00562	0.00182	0.00680	0.00565	0.26403	0.00825
33	0.01498	0.04081	0.31180	0.01982	0.13374	0.01484	0.06073	0.04338	0.14614	0.04218	0.03484	0.01734	0.01263	0.00670	0.00626	0.00195	0.00770	0.00574	0.00402	0.07443
