[name]
unknown

[dist]
# distance from previous block
# <min> <max>
0	7

[block]
# block no. 0 follows, 31 sequences, length 62
# corresponding to MSA columns:
# 7-68
name=unknown_A
#
# <colnr> <probs for GDERKNQSTAVLIFYWHMCP>
#	G	D	E	R	K	N	Q	S	T	A	V	L	I	F	Y	W	H	M	C	P
0	0.01088	0.00830	0.03864	0.01154	0.04278	0.00708	0.00832	0.01274	0.01423	0.06439	0.07370	0.44960	0.08094	0.04117	0.00981	0.02851	0.00482	0.08005	0.00610	0.00638
1	0.01532	0.31719	0.30002	0.07643	0.02408	0.01941	0.01706	0.03978	0.01497	0.01982	0.04522	0.01800	0.05157	0.00727	0.00587	0.00190	0.00817	0.00548	0.00344	0.00901
2	0.06340	0.32392	0.11707	0.13898	0.11702	0.02052	0.09112	0.02034	0.01427	0.01935	0.01121	0.01422	0.00919	0.00615	0.00577	0.00189	0.00842	0.00504	0.00314	0.00899
3	0.00929	0.00649	0.00826	0.00895	0.00993	0.00597	0.00619	0.01095	0.01472	0.03754	0.19014	0.45242	0.12306	0.07031	0.01028	0.00284	0.00398	0.01633	0.00651	0.00584
4	0.00834	0.00595	0.00794	0.00953	0.00992	0.00556	0.00635	0.00953	0.01310	0.01746	0.03771	0.75510	0.04525	0.02143	0.00873	0.00278	0.00397	0.01945	0.00635	0.00556
5	0.80789	0.01323	0.01006	0.00900	0.01323	0.01535	0.00741	0.02011	0.01164	0.03070	0.00953	0.01111	0.00741	0.00635	0.00423	0.00212	0.00529	0.00370	0.00423	0.00741
6	0.01096	0.00737	0.00964	0.00976	0.01112	0.00747	0.00709	0.01331	0.03826	0.06837	0.05283	0.24353	0.11195	0.12220	0.24747	0.00580	0.00909	0.01214	0.00541	0.00625
7	0.15657	0.00872	0.00918	0.00889	0.01121	0.00881	0.00671	0.01522	0.08258	0.02439	0.25282	0.14498	0.21721	0.01406	0.00735	0.00229	0.00399	0.01187	0.00639	0.00675
8	0.00977	0.00733	0.01100	0.01100	0.01222	0.00855	0.00855	0.01222	0.01100	0.01588	0.01833	0.02688	0.01710	0.05131	0.73245	0.01100	0.01833	0.00733	0.00367	0.00611
9	0.01260	0.00760	0.01004	0.00916	0.01123	0.00692	0.00696	0.01563	0.01906	0.12552	0.57977	0.08468	0.05676	0.01360	0.00794	0.00218	0.00364	0.01197	0.00760	0.00714
10	0.08630	0.01140	0.01218	0.01082	0.01408	0.01207	0.00848	0.11660	0.18967	0.07923	0.05281	0.05720	0.16867	0.01193	0.00791	0.04368	0.00504	0.02404	0.07951	0.00839
11	0.02018	0.01110	0.01314	0.01049	0.01462	0.01036	0.00842	0.12981	0.01918	0.23396	0.08298	0.02361	0.01928	0.00816	0.00608	0.00177	0.00501	0.00660	0.22027	0.15499
12	0.01188	0.00594	0.00891	0.00891	0.00891	0.00594	0.00594	0.00891	0.00891	0.01188	0.01188	0.02080	0.01188	0.02377	0.02674	0.80095	0.00594	0.00594	0.00297	0.00297
13	0.02450	0.01790	0.01913	0.01488	0.01996	0.01979	0.01222	0.60858	0.06008	0.04101	0.01742	0.01758	0.01253	0.00824	0.00668	0.00203	0.00707	0.00625	0.07300	0.01116
14	0.00890	0.00691	0.00810	0.00792	0.00977	0.00610	0.00590	0.01136	0.01735	0.02292	0.39110	0.09796	0.34935	0.01588	0.00811	0.00226	0.00337	0.01369	0.00694	0.00610
15	0.02601	0.01916	0.02053	0.01574	0.02122	0.02122	0.01300	0.69408	0.03217	0.04312	0.01643	0.01643	0.01163	0.00821	0.00684	0.00205	0.00753	0.00616	0.00684	0.01163
16	0.01201	0.00793	0.01074	0.01147	0.01339	0.00764	0.00975	0.01501	0.01656	0.07271	0.14108	0.06829	0.10030	0.01725	0.00893	0.00285	0.00555	0.46522	0.00665	0.00667
17	0.00977	0.00733	0.01100	0.01100	0.01222	0.00855	0.00855	0.01222	0.01100	0.01588	0.01833	0.02688	0.01710	0.05131	0.73245	0.01100	0.01833	0.00733	0.00367	0.00611
18	0.01527	0.01249	0.01443	0.01074	0.01639	0.01033	0.00857	0.04582	0.08568	0.04520	0.03966	0.01704	0.01346	0.00604	0.00549	0.00126	0.00515	0.00490	0.00472	0.63733
19	0.01442	0.01205	0.01405	0.01030	0.01591	0.00955	0.00823	0.05561	0.01573	0.02399	0.08133	0.01794	0.01557	0.00612	0.00546	0.00118	0.00503	0.00499	0.00456	0.67795
20	0.00862	0.00656	0.00793	0.00841	0.00978	0.00587	0.00599	0.01054	0.01564	0.02051	0.23183	0.33300	0.27451	0.01803	0.00834	0.00245	0.00360	0.01585	0.00667	0.00587
21	0.00966	0.00667	0.00856	0.00864	0.00979	0.00645	0.00620	0.01039	0.01297	0.01700	0.11419	0.10412	0.23639	0.06787	0.15117	0.20179	0.00708	0.01093	0.00502	0.00511
22	0.04615	0.01717	0.04458	0.01795	0.12029	0.12306	0.01267	0.02650	0.26074	0.07007	0.04268	0.02533	0.08991	0.00938	0.00798	0.00221	0.06112	0.00739	0.00542	0.00940
23	0.02556	0.03261	0.01939	0.01763	0.02115	0.73210	0.01322	0.02732	0.01939	0.01674	0.01058	0.01234	0.00881	0.00705	0.00617	0.00176	0.01234	0.00441	0.00353	0.00793
24	0.01134	0.00627	0.00898	0.00912	0.00949	0.00633	0.00636	0.00988	0.01013	0.01373	0.01764	0.04972	0.04294	0.05178	0.09206	0.56598	0.00692	0.04495	0.03256	0.00382
25	0.01547	0.01398	0.02334	0.34055	0.34770	0.01549	0.01912	0.01955	0.01470	0.04764	0.01371	0.01960	0.01118	0.00718	0.00758	0.00222	0.04072	0.02756	0.00352	0.00918
26	0.01394	0.01445	0.04246	0.13115	0.02359	0.08368	0.14550	0.01704	0.01411	0.01884	0.04531	0.14150	0.01928	0.06344	0.03305	0.00293	0.11805	0.00902	0.05537	0.00727
27	0.14335	0.01626	0.02316	0.16847	0.30419	0.07500	0.07409	0.02037	0.01465	0.02186	0.01234	0.01712	0.01022	0.00693	0.00739	0.00217	0.05067	0.01925	0.00351	0.00900
28	0.02533	0.02024	0.02044	0.01605	0.02102	0.09109	0.01314	0.58982	0.02967	0.03900	0.01543	0.01594	0.01121	0.00831	0.00767	0.00208	0.05024	0.00598	0.00630	0.01103
29	0.02674	0.01422	0.01705	0.01336	0.01852	0.01418	0.01092	0.21758	0.12568	0.40324	0.02364	0.02138	0.01580	0.00840	0.00682	0.00209	0.00621	0.00671	0.00763	0.03983
30	0.02248	0.01930	0.02071	0.10342	0.15632	0.16276	0.01473	0.22072	0.07944	0.10821	0.01625	0.01746	0.01201	0.00753	0.00671	0.00205	0.00843	0.00600	0.00527	0.01020
31	0.12011	0.01183	0.01521	0.01181	0.01698	0.01066	0.00975	0.03182	0.01867	0.64214	0.02498	0.02189	0.01584	0.00822	0.00658	0.00212	0.00576	0.00651	0.00798	0.01116
32	0.00930	0.00728	0.00844	0.00846	0.01034	0.00667	0.00639	0.01230	0.04657	0.02170	0.26548	0.11506	0.34724	0.03844	0.00899	0.00250	0.00384	0.06812	0.00668	0.00619
33	0.02601	0.01916	0.02053	0.01574	0.02122	0.02122	0.01300	0.69408	0.03217	0.04312	0.01643	0.01643	0.01163	0.00821	0.00684	0.00205	0.00753	0.00616	0.00684	0.01163
34	0.01202	0.00973	0.01361	0.03823	0.14930	0.00942	0.01041	0.03428	0.01568	0.02133	0.14379	0.08571	0.11223	0.11379	0.01146	0.00291	0.00575	0.14197	0.00542	0.06297
35	0.08519	0.70010	0.03366	0.01148	0.01719	0.02608	0.01134	0.02045	0.01371	0.01733	0.00951	0.01099	0.00866	0.00590	0.00438	0.00152	0.00714	0.00366	0.00304	0.00866
36	0.00991	0.00680	0.00831	0.00831	0.00860	0.00709	0.00520	0.01049	0.01020	0.01389	0.02078	0.04047	0.02301	0.58948	0.20236	0.00768	0.00944	0.00932	0.00403	0.00462
37	0.01205	0.00746	0.00977	0.00906	0.01104	0.00679	0.00684	0.01497	0.01869	0.11045	0.54543	0.11186	0.08078	0.01411	0.00799	0.00221	0.00362	0.01242	0.00750	0.00698
38	0.01048	0.00744	0.00941	0.00985	0.01174	0.00690	0.00800	0.01308	0.01646	0.04892	0.18725	0.10453	0.24894	0.01713	0.00861	0.00262	0.00465	0.27098	0.00666	0.00634
39	0.00854	0.00612	0.00793	0.00929	0.00980	0.00573	0.00624	0.00972	0.01305	0.01726	0.03811	0.63539	0.08170	0.08366	0.01093	0.00309	0.00423	0.03758	0.00616	0.00547
40	0.02556	0.03261	0.01939	0.01763	0.02115	0.73210	0.01322	0.02732	0.01939	0.01674	0.01058	0.01234	0.00881	0.00705	0.00617	0.00176	0.01234	0.00441	0.00353	0.00793
41	0.01544	0.01214	0.01294	0.01162	0.01496	0.01323	0.00902	0.08891	0.37390	0.04515	0.06501	0.05639	0.16340	0.01127	0.00710	0.00223	0.00490	0.00938	0.07385	0.00917
42	0.01657	0.00971	0.01197	0.01050	0.01349	0.00941	0.00820	0.03937	0.12517	0.20454	0.30135	0.04107	0.09648	0.04477	0.00879	0.00241	0.00463	0.03574	0.00737	0.00844
43	0.80789	0.01323	0.01006	0.00900	0.01323	0.01535	0.00741	0.02011	0.01164	0.03070	0.00953	0.01111	0.00741	0.00635	0.00423	0.00212	0.00529	0.00370	0.00423	0.00741
44	0.00977	0.00733	0.01100	0.01100	0.01222	0.00855	0.00855	0.01222	0.01100	0.01588	0.01833	0.02688	0.01710	0.05131	0.73245	0.01100	0.01833	0.00733	0.00367	0.00611
45	0.01380	0.00995	0.01106	0.01009	0.01188	0.01056	0.00717	0.13159	0.11352	0.02293	0.08435	0.06879	0.02652	0.35865	0.02001	0.00427	0.00599	0.03121	0.05079	0.00684
46	0.01317	0.00770	0.01061	0.01014	0.01188	0.00819	0.00778	0.01554	0.01273	0.11734	0.02105	0.05148	0.01864	0.08931	0.44138	0.00768	0.01287	0.00771	0.12804	0.00677
47	0.00834	0.00595	0.00794	0.00953	0.00992	0.00556	0.00635	0.00953	0.01310	0.01746	0.03771	0.75510	0.04525	0.02143	0.00873	0.00278	0.00397	0.01945	0.00635	0.00556
48	0.01007	0.00763	0.00947	0.00993	0.01142	0.00749	0.00739	0.01431	0.09827	0.02212	0.23219	0.31816	0.10944	0.01715	0.00836	0.00255	0.00417	0.09657	0.00675	0.00656
49	0.01266	0.00820	0.00957	0.00907	0.01131	0.00783	0.00684	0.05386	0.04767	0.08879	0.15582	0.17233	0.22570	0.01573	0.03364	0.00255	0.00456	0.01215	0.11467	0.00706
50	0.02628	0.01873	0.02026	0.01554	0.02100	0.02058	0.01283	0.65619	0.03144	0.08202	0.01703	0.01682	0.01194	0.00823	0.00685	0.00206	0.00743	0.00620	0.00694	0.01164
51	0.00931	0.00691	0.00884	0.00988	0.01105	0.00661	0.00741	0.01158	0.03009	0.01880	0.06581	0.37233	0.16116	0.04453	0.03824	0.00320	0.00511	0.17702	0.00622	0.00591
52	0.01256	0.00868	0.01032	0.00971	0.01157	0.00875	0.00708	0.07065	0.07251	0.06090	0.12903	0.13229	0.14300	0.16652	0.08741	0.03899	0.00637	0.01114	0.00587	0.00667
53	0.00844	0.00610	0.00798	0.00930	0.00991	0.00565	0.00629	0.00983	0.01377	0.01837	0.09675	0.65609	0.08509	0.02057	0.00864	0.00270	0.00388	0.01856	0.00645	0.00565
54	0.01578	0.01782	0.03869	0.02782	0.03441	0.01680	0.65300	0.02136	0.01585	0.02157	0.01410	0.01894	0.01076	0.00837	0.04945	0.00280	0.01192	0.00803	0.00347	0.00905
55	0.01151	0.00832	0.01134	0.01335	0.08090	0.00817	0.00875	0.01493	0.07289	0.05992	0.07604	0.43422	0.06394	0.01845	0.03473	0.00290	0.00523	0.06120	0.00620	0.00701
56	0.01045	0.00777	0.01033	0.01021	0.01101	0.00862	0.00735	0.03341	0.01204	0.01678	0.05247	0.14873	0.02532	0.25264	0.30625	0.00717	0.05910	0.01015	0.00447	0.00572
57	0.04417	0.00886	0.01131	0.01233	0.07028	0.00929	0.00816	0.05621	0.01388	0.04187	0.02323	0.18953	0.02383	0.16057	0.08800	0.02776	0.03552	0.03010	0.13851	0.00658
58	0.01188	0.00594	0.00891	0.00891	0.00891	0.00594	0.00594	0.00891	0.00891	0.01188	0.01188	0.02080	0.01188	0.02377	0.02674	0.80095	0.00594	0.00594	0.00297	0.00297
59	0.01431	0.03983	0.02165	0.01708	0.03607	0.03352	0.24059	0.01773	0.01620	0.08236	0.10553	0.15587	0.12637	0.01204	0.00794	0.00235	0.00716	0.05018	0.00540	0.00782
60	0.01587	0.13995	0.17729	0.01413	0.02017	0.08845	0.03418	0.03985	0.04017	0.02098	0.01498	0.07641	0.01343	0.00764	0.00600	0.00173	0.00752	0.02082	0.00397	0.25645
61	0.12530	0.03909	0.13778	0.01465	0.07424	0.01258	0.01235	0.01963	0.06984	0.06882	0.09822	0.07434	0.06445	0.01144	0.03530	0.00248	0.02939	0.02804	0.00501	0.07707

[dist]
# distance from previous block
# <min> <max>
1	20

[block]
# block no. 1 follows, 31 sequences, length 34
# corresponding to MSA columns:
# 89-122
name=unknown_B
#
# <colnr> <probs for GDERKNQSTAVLIFYWHMCP>
#	G	D	E	R	K	N	Q	S	T	A	V	L	I	F	Y	W	H	M	C	P
0	0.03820	0.06599	0.18222	0.01879	0.07753	0.08890	0.06914	0.22147	0.03780	0.02761	0.01446	0.03825	0.01141	0.00735	0.00650	0.00198	0.00853	0.00596	0.00455	0.07336
1	0.03955	0.13152	0.11543	0.01762	0.08576	0.06382	0.06963	0.10823	0.07475	0.04558	0.05302	0.08352	0.01716	0.01030	0.03526	0.00240	0.00809	0.00725	0.00469	0.02642
2	0.01347	0.06392	0.01208	0.00975	0.01237	0.00896	0.00748	0.05068	0.01657	0.11400	0.14462	0.27465	0.16828	0.01492	0.00762	0.00226	0.00450	0.01291	0.00646	0.05450
3	0.08884	0.03293	0.10844	0.01168	0.01574	0.01159	0.01043	0.07496	0.08466	0.05506	0.18844	0.13950	0.05669	0.01133	0.00697	0.00214	0.00543	0.00955	0.00586	0.07977
4	0.01738	0.01328	0.02174	0.44422	0.13933	0.01480	0.05029	0.04957	0.01591	0.14436	0.01516	0.01888	0.01093	0.00702	0.00690	0.00221	0.00844	0.00632	0.00423	0.00905
5	0.01419	0.01216	0.01419	0.01013	0.01621	0.00912	0.00811	0.01723	0.01419	0.02229	0.01216	0.01419	0.01013	0.00507	0.00507	0.00101	0.00507	0.00405	0.00405	0.80139
6	0.01755	0.01974	0.12322	0.03297	0.45509	0.04400	0.04357	0.07889	0.07346	0.02428	0.01426	0.01713	0.01133	0.00661	0.00678	0.00208	0.00841	0.00610	0.00391	0.01063
7	0.00898	0.00670	0.00835	0.00850	0.00993	0.00607	0.00616	0.01134	0.01688	0.02285	0.39512	0.24504	0.19551	0.01671	0.00825	0.00235	0.00348	0.01472	0.00696	0.00607
8	0.08564	0.01527	0.01602	0.01377	0.01805	0.01730	0.01092	0.16226	0.47801	0.07038	0.02405	0.02243	0.01774	0.00878	0.00671	0.00224	0.00584	0.00704	0.00679	0.01074
9	0.10512	0.03885	0.04783	0.06250	0.04593	0.07031	0.14833	0.07375	0.01666	0.04311	0.12834	0.08128	0.02172	0.01042	0.00866	0.06895	0.00752	0.00807	0.00475	0.00789
10	0.01277	0.00899	0.01005	0.00911	0.01039	0.00914	0.00597	0.12448	0.01407	0.01899	0.02110	0.07894	0.02300	0.54979	0.02700	0.00533	0.00654	0.00953	0.00472	0.05009
11	0.01829	0.76368	0.03585	0.01171	0.01756	0.02707	0.01171	0.02049	0.01390	0.01610	0.00951	0.01097	0.00878	0.00585	0.00439	0.00146	0.00732	0.00366	0.00293	0.00878
12	0.00916	0.00652	0.00837	0.00914	0.00972	0.00647	0.00620	0.01032	0.01211	0.01618	0.03165	0.35786	0.07279	0.24546	0.12766	0.00518	0.00706	0.04759	0.00528	0.00527
13	0.01089	0.00630	0.00839	0.00840	0.00903	0.00612	0.00575	0.01017	0.01154	0.01577	0.09252	0.06007	0.10969	0.08153	0.04058	0.44003	0.00547	0.00859	0.06494	0.00422
14	0.00977	0.00733	0.01100	0.01100	0.01222	0.00855	0.00855	0.01222	0.01100	0.01588	0.01833	0.02688	0.01710	0.05131	0.73245	0.01100	0.01833	0.00733	0.00367	0.00611
15	0.08461	0.00781	0.00776	0.00740	0.00955	0.00809	0.00568	0.01852	0.06354	0.05639	0.02178	0.02413	0.01685	0.00794	0.00498	0.00172	0.00365	0.00626	0.63634	0.00701
16	0.12291	0.00900	0.01017	0.01020	0.01214	0.00927	0.00760	0.05391	0.06293	0.05760	0.05332	0.30781	0.06523	0.09975	0.01076	0.00301	0.00507	0.08652	0.00602	0.00680
17	0.01557	0.01598	0.02087	0.01794	0.01814	0.06161	0.01487	0.01709	0.01099	0.01648	0.00907	0.01482	0.00897	0.01169	0.02152	0.00292	0.70504	0.00590	0.00302	0.00751
18	0.67842	0.01421	0.01179	0.01011	0.01455	0.01632	0.00834	0.13172	0.01504	0.03275	0.01067	0.01199	0.00811	0.00666	0.00467	0.00211	0.00566	0.00411	0.00467	0.00811
19	0.01171	0.00990	0.06622	0.00953	0.01109	0.00863	0.00723	0.01509	0.10758	0.01757	0.02154	0.08045	0.02178	0.36290	0.02245	0.11000	0.00608	0.00892	0.09558	0.00575
20	0.00882	0.00666	0.00794	0.00842	0.00972	0.00604	0.00600	0.01056	0.01495	0.01943	0.17544	0.27726	0.27274	0.09581	0.01116	0.00292	0.00406	0.05004	0.00634	0.00569
21	0.00970	0.00697	0.00947	0.01100	0.01206	0.00674	0.00869	0.01190	0.01454	0.01903	0.03807	0.38565	0.06595	0.02000	0.00907	0.00295	0.00514	0.35080	0.00632	0.00594
22	0.02290	0.02711	0.01717	0.01568	0.01897	0.55759	0.01180	0.02666	0.08909	0.01918	0.01398	0.01553	0.01127	0.00741	0.00606	0.00180	0.01035	0.00502	0.11441	0.00801
23	0.10251	0.00730	0.00857	0.00897	0.01020	0.00722	0.00637	0.01193	0.01425	0.02107	0.20876	0.30765	0.06833	0.12026	0.01211	0.02255	0.00444	0.04570	0.00602	0.00579
24	0.00958	0.00695	0.00909	0.00907	0.01055	0.00646	0.00686	0.01247	0.01801	0.02502	0.52633	0.14544	0.08842	0.01561	0.00830	0.00234	0.00366	0.08235	0.00720	0.00629
25	0.00875	0.00644	0.00825	0.00948	0.01022	0.00610	0.00646	0.01085	0.04275	0.01851	0.07346	0.64068	0.09202	0.02026	0.00858	0.00269	0.00396	0.01825	0.00644	0.00584
26	0.01435	0.00751	0.01015	0.01003	0.01178	0.00683	0.00727	0.01589	0.01525	0.19489	0.12045	0.43192	0.03842	0.01738	0.00938	0.05571	0.00447	0.01449	0.00681	0.00703
27	0.02351	0.01792	0.01913	0.01524	0.02026	0.02005	0.01240	0.51132	0.21899	0.03909	0.01960	0.01895	0.01420	0.00851	0.00688	0.00213	0.00694	0.00660	0.00688	0.01141
28	0.01615	0.01845	0.04037	0.02884	0.03576	0.01730	0.69204	0.02191	0.01615	0.02191	0.01384	0.01845	0.01038	0.00577	0.00807	0.00231	0.01153	0.00807	0.00346	0.00923
29	0.00937	0.00681	0.00851	0.00837	0.00969	0.00629	0.00598	0.01174	0.01687	0.02323	0.46162	0.13708	0.13096	0.11906	0.01188	0.00287	0.00382	0.01313	0.00678	0.00595
30	0.01049	0.00743	0.00994	0.08118	0.01390	0.00732	0.00762	0.01269	0.01506	0.05550	0.21408	0.24432	0.13745	0.08382	0.06469	0.00342	0.00561	0.01317	0.00605	0.00625
31	0.01357	0.00766	0.01054	0.01018	0.01153	0.00770	0.00756	0.03498	0.01308	0.10487	0.05992	0.09289	0.02324	0.10135	0.15832	0.25141	0.00819	0.07231	0.00490	0.00579
32	0.69302	0.01339	0.01095	0.00942	0.01389	0.01499	0.00773	0.05055	0.01283	0.03042	0.01010	0.01166	0.00787	0.00631	0.00444	0.00200	0.00537	0.00385	0.00433	0.08685
33	0.01894	0.01627	0.05181	0.19692	0.18158	0.06319	0.01595	0.08388	0.10394	0.12599	0.03862	0.01981	0.01404	0.00772	0.00731	0.00216	0.03073	0.00645	0.00491	0.00977

[dist]
# distance from previous block
# <min> <max>
0	1

[block]
# block no. 2 follows, 31 sequences, length 7
# corresponding to MSA columns:
# 124-126,130-133
name=unknown_C
#
# <colnr> <probs for GDERKNQSTAVLIFYWHMCP>
#	G	D	E	R	K	N	Q	S	T	A	V	L	I	F	Y	W	H	M	C	P
0	0.00838	0.00623	0.00781	0.00892	0.00980	0.00567	0.00612	0.00983	0.01406	0.01838	0.09190	0.56121	0.18664	0.02005	0.00855	0.00264	0.00381	0.01790	0.00643	0.00567
1	0.01188	0.00594	0.00891	0.00891	0.00891	0.00594	0.00594	0.00891	0.00891	0.01188	0.01188	0.02080	0.01188	0.02377	0.02674	0.80095	0.00594	0.00594	0.00297	0.00297
2	0.17327	0.01836	0.01968	0.19037	0.16172	0.16979	0.01507	0.07926	0.01624	0.02301	0.01158	0.01493	0.00926	0.00714	0.00733	0.00212	0.06323	0.00526	0.00377	0.00861
3	0.00995	0.00663	0.00746	0.00746	0.00746	0.00663	0.00415	0.00995	0.00995	0.01327	0.02156	0.04477	0.02487	0.75957	0.03482	0.00663	0.00663	0.00995	0.00415	0.00415
4	0.01618	0.07091	0.04798	0.04182	0.15398	0.04380	0.08424	0.07051	0.06196	0.02263	0.01500	0.04083	0.01284	0.03830	0.03614	0.00233	0.00787	0.00620	0.00415	0.22234
5	0.08015	0.08368	0.01927	0.04596	0.11738	0.04318	0.04431	0.04788	0.08239	0.05631	0.15044	0.02409	0.02221	0.01193	0.06138	0.00276	0.06236	0.00714	0.00495	0.03223
6	0.07685	0.18934	0.14436	0.04573	0.09695	0.06353	0.01497	0.07449	0.15127	0.05631	0.01544	0.01643	0.01186	0.00711	0.00601	0.00199	0.00770	0.00544	0.00445	0.00978

[dist]
# distance from previous block
# <min> <max>
0	2

[block]
# block no. 3 follows, 31 sequences, length 30
# corresponding to MSA columns:
# 158-187
name=unknown_D
#
# <colnr> <probs for GDERKNQSTAVLIFYWHMCP>
#	G	D	E	R	K	N	Q	S	T	A	V	L	I	F	Y	W	H	M	C	P
0	0.20337	0.01430	0.01743	0.05880	0.13405	0.01604	0.01254	0.04794	0.14340	0.02503	0.01423	0.01649	0.01143	0.00771	0.00858	0.00213	0.12994	0.00552	0.00440	0.12668
1	0.01643	0.01381	0.01930	0.01747	0.07398	0.01538	0.08525	0.09786	0.16451	0.05606	0.06568	0.04602	0.01883	0.04899	0.06682	0.00321	0.14283	0.00774	0.00517	0.03468
2	0.01570	0.01482	0.01761	0.30499	0.06074	0.10726	0.01391	0.08929	0.04607	0.02210	0.08676	0.04660	0.03933	0.02845	0.00757	0.00219	0.00781	0.00720	0.00446	0.07714
3	0.01381	0.01396	0.05009	0.56368	0.19032	0.01545	0.01968	0.01840	0.01412	0.01869	0.01232	0.01781	0.00947	0.00667	0.00681	0.00222	0.00895	0.00604	0.00311	0.00840
4	0.01102	0.00787	0.01102	0.01260	0.01417	0.00787	0.01102	0.01417	0.01575	0.02047	0.03622	0.07717	0.03937	0.01890	0.00945	0.00315	0.00630	0.67084	0.00630	0.00630
5	0.01802	0.01823	0.04827	0.05502	0.43189	0.07369	0.05115	0.08348	0.05000	0.02344	0.01342	0.01681	0.01094	0.00701	0.00806	0.00213	0.06828	0.00610	0.00383	0.01021
6	0.01525	0.01306	0.01480	0.01202	0.01635	0.04590	0.03015	0.10763	0.09267	0.02460	0.05963	0.08152	0.05152	0.01266	0.07200	0.00254	0.00691	0.00739	0.00516	0.32826
7	0.09165	0.00816	0.00939	0.00883	0.01100	0.00789	0.00663	0.03199	0.01553	0.08592	0.18562	0.10438	0.21464	0.05256	0.04989	0.06603	0.00512	0.01095	0.02735	0.00650
8	0.01026	0.00800	0.01174	0.01146	0.01251	0.00960	0.00893	0.01250	0.01090	0.01581	0.01762	0.02664	0.01673	0.08171	0.63391	0.01005	0.08452	0.00733	0.00363	0.00614
9	0.04571	0.01215	0.01717	0.08392	0.11598	0.01345	0.03354	0.11056	0.01621	0.06329	0.05840	0.14048	0.02074	0.04997	0.09380	0.00356	0.09906	0.00894	0.00490	0.00815
10	0.01461	0.01389	0.02358	0.44763	0.32939	0.01564	0.01984	0.01896	0.01448	0.01953	0.01246	0.01769	0.00984	0.00653	0.00681	0.00218	0.00870	0.00609	0.00319	0.00896
11	0.00912	0.00696	0.00830	0.00872	0.01026	0.00640	0.00657	0.01108	0.01505	0.01930	0.14188	0.15311	0.31674	0.09902	0.03605	0.00326	0.00486	0.13137	0.00618	0.00577
12	0.00945	0.00662	0.00837	0.00930	0.00991	0.00643	0.00628	0.01101	0.04425	0.01693	0.03381	0.45979	0.07529	0.15207	0.01489	0.07436	0.00476	0.04543	0.00568	0.00536
13	0.03867	0.01081	0.01496	0.04827	0.04623	0.01101	0.07164	0.07151	0.08939	0.08962	0.04733	0.17818	0.10095	0.01473	0.04916	0.02752	0.00647	0.01040	0.06518	0.00795
14	0.05083	0.00854	0.00995	0.00961	0.01186	0.00814	0.00711	0.05227	0.04427	0.12383	0.06195	0.30934	0.21437	0.04454	0.00888	0.00259	0.00450	0.01373	0.00657	0.00712
15	0.02006	0.01507	0.01618	0.01317	0.01716	0.01646	0.01041	0.40859	0.12384	0.03375	0.05277	0.02774	0.07834	0.12184	0.01121	0.00280	0.00655	0.00794	0.00644	0.00967
16	0.00880	0.00666	0.00807	0.00884	0.01012	0.00607	0.00644	0.01054	0.01466	0.01882	0.10552	0.33059	0.27403	0.06102	0.01003	0.00283	0.00419	0.10071	0.00632	0.00572
17	0.08730	0.00937	0.01087	0.01008	0.01257	0.00932	0.00764	0.05522	0.06745	0.13416	0.14855	0.16194	0.10382	0.10062	0.01069	0.00285	0.00495	0.04859	0.00651	0.00748
18	0.00979	0.00708	0.00847	0.00860	0.01011	0.00660	0.00629	0.03182	0.01633	0.02221	0.26110	0.21456	0.20491	0.05849	0.00953	0.00259	0.00392	0.04551	0.06598	0.00610
19	0.05743	0.00734	0.00810	0.00779	0.00879	0.00722	0.00500	0.01251	0.01220	0.05703	0.08173	0.04281	0.09219	0.49030	0.02468	0.00499	0.00569	0.00979	0.05915	0.00526
20	0.03875	0.00992	0.01196	0.01068	0.01360	0.00977	0.00823	0.07099	0.08998	0.21748	0.10540	0.16105	0.05046	0.06172	0.00907	0.00255	0.00503	0.03551	0.07945	0.00841
21	0.03868	0.00770	0.00989	0.00957	0.01139	0.00718	0.02362	0.01377	0.01557	0.08746	0.21009	0.21347	0.15190	0.10461	0.01128	0.00293	0.00460	0.06340	0.00644	0.00644
22	0.08677	0.00972	0.01106	0.01056	0.01303	0.00977	0.00806	0.13209	0.01746	0.08556	0.03575	0.32985	0.14681	0.01574	0.00777	0.00248	0.00495	0.05874	0.00643	0.00741
23	0.01734	0.01464	0.01552	0.01386	0.01769	0.01681	0.01079	0.08860	0.61691	0.02927	0.02739	0.05950	0.02129	0.00977	0.00704	0.00232	0.00552	0.00816	0.00692	0.01064
24	0.09434	0.00837	0.00961	0.00895	0.01121	0.00803	0.00675	0.03508	0.01670	0.09503	0.27921	0.10365	0.17856	0.08568	0.01018	0.00268	0.00435	0.02826	0.00657	0.00680
25	0.01566	0.01690	0.02917	0.08629	0.08848	0.07540	0.35356	0.02004	0.01596	0.02116	0.07829	0.02215	0.04226	0.00756	0.00851	0.00221	0.05847	0.00773	0.00390	0.04631
26	0.00964	0.00673	0.00816	0.00831	0.00874	0.00685	0.00528	0.01035	0.01083	0.01452	0.02565	0.10696	0.07233	0.50286	0.16770	0.00685	0.00847	0.01060	0.00440	0.00477
27	0.05414	0.00784	0.00904	0.00899	0.01065	0.00785	0.00663	0.03182	0.05054	0.02225	0.18753	0.15721	0.13377	0.10704	0.05283	0.00333	0.00518	0.04855	0.08848	0.00631
28	0.01148	0.00807	0.01133	0.06611	0.01437	0.00881	0.00860	0.01393	0.03950	0.05139	0.08809	0.05416	0.09017	0.05427	0.32427	0.10718	0.02881	0.00865	0.00460	0.00623
29	0.05803	0.12147	0.06834	0.05235	0.02415	0.08836	0.18707	0.08109	0.06326	0.06519	0.01494	0.01813	0.01182	0.03384	0.06033	0.00287	0.02928	0.00629	0.00424	0.00896

[dist]
# distance from previous block
# <min> <max>
0	5

[block]
# block no. 4 follows, 31 sequences, length 69
# corresponding to MSA columns:
# 193-261
name=unknown_E
#
# <colnr> <probs for GDERKNQSTAVLIFYWHMCP>
#	G	D	E	R	K	N	Q	S	T	A	V	L	I	F	Y	W	H	M	C	P
0	0.10931	0.01624	0.07354	0.01391	0.01721	0.11147	0.04693	0.05964	0.07314	0.02191	0.05723	0.02360	0.04013	0.06089	0.18280	0.00455	0.06846	0.00689	0.00440	0.00774
1	0.60610	0.05076	0.01300	0.01065	0.01491	0.13876	0.00863	0.02125	0.01318	0.02730	0.00981	0.01144	0.00782	0.00640	0.00461	0.00198	0.00659	0.00384	0.00405	0.03895
2	0.01115	0.00631	0.00932	0.04155	0.01105	0.00636	0.00684	0.00966	0.01032	0.01370	0.01843	0.17713	0.02002	0.02231	0.02129	0.56173	0.00568	0.03946	0.00384	0.00387
3	0.02058	0.21317	0.04116	0.09293	0.02312	0.17262	0.03080	0.18243	0.05102	0.02370	0.01264	0.01464	0.01012	0.00750	0.00750	0.00197	0.07551	0.00521	0.00420	0.00917
4	0.02556	0.03261	0.01939	0.01763	0.02115	0.73210	0.01322	0.02732	0.01939	0.01674	0.01058	0.01234	0.00881	0.00705	0.00617	0.00176	0.01234	0.00441	0.00353	0.00793
5	0.01933	0.01697	0.07572	0.01800	0.04947	0.04356	0.15143	0.17801	0.06062	0.12220	0.08678	0.06974	0.03602	0.00928	0.00778	0.00222	0.02929	0.00822	0.00572	0.00965
6	0.01702	0.08679	0.04735	0.26869	0.04871	0.13401	0.01470	0.10069	0.07919	0.02160	0.01744	0.08573	0.03221	0.00874	0.00670	0.00213	0.00835	0.00714	0.00431	0.00849
7	0.01505	0.01273	0.01376	0.01290	0.01606	0.01439	0.00990	0.03018	0.54047	0.02613	0.03139	0.14459	0.05308	0.01190	0.00738	0.00243	0.00514	0.03607	0.00681	0.00961
8	0.00834	0.00595	0.00794	0.00953	0.00992	0.00556	0.00635	0.00953	0.01310	0.01746	0.03771	0.75510	0.04525	0.02143	0.00873	0.00278	0.00397	0.01945	0.00635	0.00556
9	0.02233	0.03738	0.01898	0.06138	0.02073	0.08091	0.06061	0.24284	0.02178	0.19222	0.05421	0.05445	0.01755	0.07215	0.00932	0.00248	0.00751	0.00745	0.00610	0.00962
10	0.00970	0.00719	0.01053	0.01063	0.01170	0.00822	0.00807	0.01188	0.01103	0.01577	0.01972	0.07103	0.01937	0.10610	0.63430	0.01016	0.01655	0.00825	0.00386	0.00592
11	0.01275	0.00638	0.00638	0.00638	0.00797	0.00638	0.00478	0.01594	0.01435	0.02551	0.02232	0.02551	0.01754	0.00797	0.00478	0.00159	0.00319	0.00638	0.79755	0.00638
12	0.02466	0.03112	0.01952	0.01765	0.02088	0.67205	0.01337	0.02640	0.01864	0.01672	0.01044	0.01256	0.00883	0.00747	0.00754	0.00187	0.07437	0.00454	0.00348	0.00789
13	0.01875	0.01925	0.02194	0.14007	0.20749	0.21845	0.06836	0.06229	0.01776	0.03834	0.07230	0.01935	0.01498	0.00740	0.00674	0.00201	0.00902	0.00633	0.04030	0.00886
14	0.00834	0.00595	0.00794	0.00953	0.00992	0.00556	0.00635	0.00953	0.01310	0.01746	0.03771	0.75510	0.04525	0.02143	0.00873	0.00278	0.00397	0.01945	0.00635	0.00556
15	0.01160	0.00823	0.00976	0.00922	0.01027	0.00869	0.00628	0.08750	0.01304	0.01757	0.02299	0.03846	0.06192	0.45905	0.19992	0.00693	0.00939	0.00915	0.00446	0.00556
16	0.01121	0.00732	0.00926	0.00982	0.01109	0.00701	0.00695	0.01392	0.06210	0.08002	0.07382	0.46778	0.08167	0.08100	0.01061	0.00297	0.00449	0.04609	0.00645	0.00643
17	0.00856	0.00627	0.00806	0.00921	0.01003	0.00578	0.00640	0.01013	0.01423	0.01883	0.11775	0.56096	0.13313	0.01997	0.00860	0.00266	0.00391	0.04332	0.00648	0.00571
18	0.01693	0.01626	0.02777	0.04199	0.71689	0.01626	0.02100	0.02100	0.01558	0.02235	0.01287	0.01693	0.01084	0.00610	0.00677	0.00203	0.00813	0.00610	0.00339	0.01084
19	0.00824	0.00691	0.00719	0.00737	0.00951	0.00586	0.00554	0.01000	0.01543	0.01850	0.06564	0.11346	0.63761	0.01768	0.00819	0.00238	0.00363	0.04474	0.00635	0.00578
20	0.01924	0.01413	0.01532	0.01269	0.01647	0.01526	0.01006	0.39052	0.07693	0.03367	0.06837	0.10273	0.07949	0.04072	0.00818	0.00232	0.00600	0.00893	0.06956	0.00940
21	0.01093	0.00781	0.01092	0.01249	0.01403	0.00779	0.01086	0.01401	0.01566	0.02037	0.03628	0.10097	0.03958	0.01899	0.00942	0.00314	0.00622	0.64797	0.00630	0.00627
22	0.02601	0.01916	0.02053	0.01574	0.02122	0.02122	0.01300	0.69408	0.03217	0.04312	0.01643	0.01643	0.01163	0.00821	0.00684	0.00205	0.00753	0.00616	0.00684	0.01163
23	0.00849	0.00615	0.00803	0.00924	0.00992	0.00569	0.00629	0.00998	0.01407	0.01881	0.12655	0.61998	0.09108	0.02021	0.00861	0.00267	0.00384	0.01822	0.00650	0.00569
24	0.00912	0.00742	0.00816	0.00818	0.01020	0.00677	0.00604	0.01245	0.07124	0.02072	0.17467	0.16287	0.44419	0.01670	0.00809	0.00235	0.00366	0.01428	0.00661	0.00627
25	0.01693	0.01626	0.02777	0.04199	0.71689	0.01626	0.02100	0.02100	0.01558	0.02235	0.01287	0.01693	0.01084	0.00610	0.00677	0.00203	0.00813	0.00610	0.00339	0.01084
26	0.01131	0.00971	0.01262	0.01218	0.01340	0.05361	0.00956	0.01361	0.01144	0.01600	0.01681	0.02466	0.01569	0.04421	0.60871	0.00954	0.09999	0.00700	0.00358	0.00637
27	0.00848	0.00674	0.00750	0.00784	0.00952	0.00590	0.00567	0.01017	0.01506	0.01880	0.11482	0.21074	0.45323	0.06150	0.00983	0.00268	0.00383	0.03565	0.00632	0.00571
28	0.01631	0.01209	0.01440	0.01040	0.01637	0.00924	0.00836	0.01930	0.01488	0.11214	0.01407	0.01536	0.01101	0.00550	0.00530	0.00116	0.00516	0.00442	0.00462	0.69992
29	0.01615	0.01845	0.04037	0.02884	0.03576	0.01730	0.69204	0.02191	0.01615	0.02191	0.01384	0.01845	0.01038	0.00577	0.00807	0.00231	0.01153	0.00807	0.00346	0.00923
30	0.01265	0.00786	0.01003	0.00908	0.01134	0.00719	0.00695	0.01610	0.03884	0.12333	0.52758	0.04809	0.12735	0.01344	0.00787	0.00217	0.00368	0.01170	0.00752	0.00723
31	0.01444	0.01302	0.02025	0.16180	0.33506	0.01383	0.01580	0.01992	0.10366	0.02120	0.04574	0.08276	0.01869	0.07575	0.00959	0.00262	0.00726	0.02537	0.00433	0.00892
32	0.01432	0.01402	0.01972	0.01710	0.01725	0.01942	0.01417	0.01594	0.01054	0.01639	0.01014	0.01645	0.00999	0.01685	0.11052	0.00399	0.65665	0.00615	0.00308	0.00731
33	0.02556	0.03261	0.01939	0.01763	0.02115	0.73210	0.01322	0.02732	0.01939	0.01674	0.01058	0.01234	0.00881	0.00705	0.00617	0.00176	0.01234	0.00441	0.00353	0.00793
34	0.01108	0.00796	0.01049	0.01015	0.01094	0.00890	0.00731	0.04252	0.01153	0.01601	0.01909	0.03391	0.01978	0.32005	0.31228	0.06414	0.05436	0.03007	0.00400	0.00546
35	0.01622	0.13601	0.44906	0.01802	0.02622	0.04522	0.06499	0.02371	0.07817	0.05895	0.01413	0.01562	0.01037	0.00674	0.00635	0.00207	0.00923	0.00537	0.00363	0.00992
36	0.01301	0.01228	0.02054	0.71118	0.04584	0.01545	0.01882	0.01744	0.01354	0.01744	0.01202	0.01810	0.00911	0.00707	0.00753	0.00231	0.04162	0.00608	0.00304	0.00759
37	0.01640	0.01640	0.04566	0.11411	0.60649	0.01617	0.04310	0.02068	0.01537	0.02181	0.01281	0.01705	0.01059	0.00617	0.00682	0.00207	0.00840	0.00613	0.00334	0.01043
38	0.02474	0.01926	0.02050	0.01722	0.06175	0.05339	0.01331	0.57163	0.08397	0.03953	0.01685	0.01699	0.01219	0.00812	0.00682	0.00206	0.00762	0.00620	0.00650	0.01135
39	0.01118	0.00821	0.01096	0.01205	0.01373	0.00832	0.01016	0.01555	0.07409	0.02168	0.10825	0.12222	0.04097	0.01776	0.00904	0.00294	0.00572	0.49406	0.00649	0.00664
40	0.01869	0.08523	0.04122	0.07076	0.37312	0.05255	0.03773	0.02235	0.01643	0.12928	0.07238	0.02000	0.01575	0.00718	0.00668	0.00201	0.00772	0.00646	0.00445	0.01000
41	0.63252	0.09108	0.01233	0.00898	0.01307	0.01553	0.00755	0.01966	0.01219	0.02856	0.01101	0.01278	0.00873	0.00649	0.00431	0.00199	0.00526	0.00401	0.09651	0.00743
42	0.00994	0.00666	0.00760	0.00760	0.00765	0.00671	0.00432	0.01004	0.00999	0.01337	0.02143	0.04408	0.02457	0.73204	0.06193	0.00680	0.00709	0.00985	0.00413	0.00422
43	0.02220	0.01367	0.01623	0.01211	0.01780	0.01230	0.00989	0.18392	0.02018	0.24722	0.01784	0.01758	0.01263	0.00689	0.00606	0.00161	0.00589	0.00545	0.00611	0.36441
44	0.00871	0.00711	0.00780	0.00807	0.01021	0.00620	0.00635	0.01077	0.01580	0.01926	0.09251	0.06729	0.55819	0.01747	0.00834	0.00246	0.00398	0.13719	0.00640	0.00590
45	0.01518	0.01568	0.03098	0.02380	0.05597	0.01479	0.45387	0.05936	0.01639	0.02239	0.01832	0.15586	0.01698	0.00881	0.00788	0.00229	0.00934	0.00976	0.00424	0.05811
46	0.37494	0.01576	0.01502	0.01218	0.01687	0.01772	0.01002	0.35285	0.02194	0.03653	0.01369	0.01458	0.01009	0.00737	0.00556	0.00205	0.00627	0.00507	0.05206	0.00944
47	0.01093	0.00830	0.01022	0.00951	0.01151	0.00825	0.00720	0.01689	0.13581	0.02764	0.59679	0.04676	0.05713	0.01319	0.00788	0.00218	0.00360	0.01158	0.00743	0.00720
48	0.03721	0.00848	0.01005	0.00967	0.01156	0.00842	0.00731	0.04502	0.04371	0.09744	0.08544	0.07380	0.07500	0.22206	0.01514	0.00357	0.00544	0.13891	0.09509	0.00669
49	0.00882	0.00608	0.00768	0.00896	0.00965	0.00567	0.00608	0.01029	0.01344	0.01847	0.03841	0.61724	0.09446	0.01956	0.00823	0.00261	0.00384	0.01755	0.09729	0.00567
50	0.01829	0.76368	0.03585	0.01171	0.01756	0.02707	0.01171	0.02049	0.01390	0.01610	0.00951	0.01097	0.00878	0.00585	0.00439	0.00146	0.00732	0.00366	0.00293	0.00878
51	0.01182	0.00779	0.00928	0.00865	0.01088	0.00709	0.00654	0.01481	0.04380	0.10093	0.30229	0.05256	0.28609	0.07444	0.01009	0.00260	0.00406	0.03263	0.00688	0.00677
52	0.01254	0.00951	0.01069	0.01033	0.01245	0.00999	0.00756	0.02034	0.25545	0.04305	0.11294	0.19499	0.11564	0.10611	0.01096	0.00290	0.00468	0.01183	0.04049	0.00757
53	0.80789	0.01323	0.01006	0.00900	0.01323	0.01535	0.00741	0.02011	0.01164	0.03070	0.00953	0.01111	0.00741	0.00635	0.00423	0.00212	0.00529	0.00370	0.00423	0.00741
54	0.58415	0.01493	0.01305	0.01093	0.01552	0.01703	0.00901	0.21297	0.01752	0.03425	0.01150	0.01263	0.00862	0.00688	0.00498	0.00210	0.00593	0.00441	0.00498	0.00862
55	0.00904	0.00700	0.00820	0.00801	0.00989	0.00622	0.00604	0.01151	0.01728	0.02276	0.37707	0.05873	0.35303	0.03424	0.00880	0.00238	0.00356	0.04329	0.00686	0.00609
56	0.02226	0.01009	0.01241	0.01022	0.01376	0.00950	0.00802	0.06723	0.03915	0.37033	0.02434	0.02631	0.01791	0.10484	0.00988	0.00255	0.00528	0.00711	0.22964	0.00917
57	0.02601	0.01916	0.02053	0.01574	0.02122	0.02122	0.01300	0.69408	0.03217	0.04312	0.01643	0.01643	0.01163	0.00821	0.00684	0.00205	0.00753	0.00616	0.00684	0.01163
58	0.00836	0.00608	0.00789	0.00926	0.00987	0.00561	0.00625	0.00966	0.01353	0.01789	0.06289	0.66991	0.10596	0.02082	0.00865	0.00272	0.00390	0.01877	0.00639	0.00561
59	0.04930	0.01072	0.01295	0.01161	0.01458	0.01072	0.00900	0.17160	0.01946	0.18500	0.08003	0.30255	0.03080	0.01419	0.00769	0.00241	0.00532	0.04661	0.00695	0.00850
60	0.01615	0.01845	0.04037	0.02884	0.03576	0.01730	0.69204	0.02191	0.01615	0.02191	0.01384	0.01845	0.01038	0.00577	0.00807	0.00231	0.01153	0.00807	0.00346	0.00923
61	0.00834	0.00595	0.00794	0.00953	0.00992	0.00556	0.00635	0.00953	0.01310	0.01746	0.03771	0.75510	0.04525	0.02143	0.00873	0.00278	0.00397	0.01945	0.00635	0.00556
62	0.01229	0.00800	0.00943	0.00888	0.01118	0.00734	0.00671	0.03284	0.04113	0.10578	0.21680	0.12651	0.28859	0.04445	0.00893	0.00246	0.00410	0.02824	0.02940	0.00692
63	0.01035	0.00705	0.00906	0.00946	0.01044	0.00689	0.00664	0.05160	0.01465	0.01991	0.14471	0.38606	0.06966	0.04338	0.04042	0.11906	0.00496	0.01418	0.02582	0.00571
64	0.01591	0.08122	0.06425	0.10819	0.07521	0.01777	0.49292	0.02123	0.01558	0.02094	0.01317	0.01755	0.01006	0.00594	0.00748	0.00221	0.01065	0.00724	0.00334	0.00914
65	0.00827	0.00621	0.00768	0.00885	0.00975	0.00561	0.00605	0.00960	0.01374	0.01773	0.04589	0.57657	0.21850	0.02037	0.00856	0.00266	0.00384	0.01815	0.00635	0.00561
66	0.02263	0.01621	0.02014	0.03612	0.08611	0.04889	0.05920	0.28502	0.08074	0.16640	0.01936	0.04230	0.01452	0.01126	0.05655	0.00273	0.00823	0.00697	0.00613	0.01049
67	0.04052	0.01895	0.09947	0.23853	0.17084	0.08913	0.05727	0.12882	0.01769	0.02356	0.01311	0.01682	0.01013	0.00859	0.03562	0.00247	0.00949	0.00591	0.00384	0.00924
68	0.01781	0.40813	0.12261	0.01873	0.15666	0.02123	0.01502	0.05161	0.01571	0.05104	0.05291	0.01575	0.01293	0.00669	0.00558	0.00176	0.00755	0.00509	0.00371	0.00948

[dist]
# distance from previous block
# <min> <max>
0	1

[block]
# block no. 5 follows, 31 sequences, length 36
# corresponding to MSA columns:
# 263-267,274-304
name=unknown_F
#
# <colnr> <probs for GDERKNQSTAVLIFYWHMCP>
#	G	D	E	R	K	N	Q	S	T	A	V	L	I	F	Y	W	H	M	C	P
0	0.06954	0.05720	0.09725	0.03965	0.05082	0.05906	0.25826	0.09238	0.01706	0.06203	0.01349	0.01626	0.01022	0.00668	0.00762	0.00208	0.04990	0.00619	0.00407	0.08025
1	0.55349	0.01414	0.05084	0.00997	0.01440	0.03479	0.00861	0.02009	0.01339	0.07334	0.05883	0.01790	0.05181	0.00755	0.00509	0.00207	0.00556	0.00518	0.00473	0.04823
2	0.01019	0.00714	0.00818	0.00831	0.00893	0.00703	0.00523	0.04476	0.01241	0.01632	0.03010	0.21206	0.10137	0.47021	0.02447	0.00504	0.00572	0.01245	0.00503	0.00503
3	0.02248	0.02041	0.01816	0.01522	0.01963	0.18428	0.01205	0.32064	0.21617	0.03169	0.02096	0.02054	0.04943	0.00871	0.00678	0.00207	0.00785	0.00662	0.00608	0.01025
4	0.01219	0.00743	0.00988	0.00995	0.01127	0.00720	0.00723	0.03866	0.01484	0.08749	0.14727	0.31157	0.03694	0.06306	0.06332	0.10231	0.00570	0.05145	0.00604	0.00621
5	0.04035	0.10824	0.06382	0.01448	0.05126	0.01516	0.01206	0.12091	0.11546	0.11645	0.04423	0.05323	0.06368	0.01079	0.00757	0.00228	0.03148	0.11349	0.00584	0.00922
6	0.01408	0.01047	0.01206	0.01125	0.01393	0.01094	0.00868	0.08321	0.21727	0.06146	0.17859	0.16398	0.11157	0.01381	0.00779	0.00239	0.00477	0.05860	0.00693	0.00823
7	0.01173	0.00724	0.00894	0.00872	0.01001	0.00678	0.00606	0.01326	0.01445	0.09299	0.19359	0.14569	0.10216	0.29518	0.01816	0.00398	0.00506	0.04403	0.00602	0.00594
8	0.05666	0.00964	0.01256	0.01396	0.10922	0.00945	0.00907	0.03686	0.05212	0.07975	0.26963	0.11098	0.11540	0.05457	0.00909	0.00249	0.00484	0.02976	0.00633	0.00761
9	0.02134	0.01303	0.01517	0.01288	0.01701	0.01368	0.01020	0.08669	0.33482	0.26056	0.07173	0.06869	0.02307	0.00994	0.00710	0.00225	0.00550	0.00831	0.00746	0.01057
10	0.02556	0.03261	0.01939	0.01763	0.02115	0.73210	0.01322	0.02732	0.01939	0.01674	0.01058	0.01234	0.00881	0.00705	0.00617	0.00176	0.01234	0.00441	0.00353	0.00793
11	0.01113	0.00755	0.00842	0.00807	0.00847	0.00770	0.00479	0.06011	0.01158	0.01545	0.02118	0.04269	0.02390	0.70448	0.03277	0.00630	0.00670	0.00967	0.00434	0.00469
12	0.80789	0.01323	0.01006	0.00900	0.01323	0.01535	0.00741	0.02011	0.01164	0.03070	0.00953	0.01111	0.00741	0.00635	0.00423	0.00212	0.00529	0.00370	0.00423	0.00741
13	0.01645	0.01577	0.02690	0.12590	0.63673	0.01613	0.02076	0.02058	0.01535	0.02177	0.01278	0.01709	0.01063	0.00618	0.00678	0.00206	0.00825	0.00609	0.00335	0.01045
14	0.00899	0.00699	0.00744	0.00748	0.00965	0.00593	0.00555	0.01074	0.01554	0.04463	0.08079	0.14557	0.59209	0.01740	0.00812	0.00235	0.00361	0.01470	0.00646	0.00598
15	0.75740	0.01313	0.01043	0.00920	0.01351	0.01500	0.00758	0.02097	0.01216	0.07558	0.01066	0.01190	0.00803	0.00649	0.00441	0.00212	0.00533	0.00391	0.00451	0.00768
16	0.00834	0.00638	0.00766	0.00852	0.00970	0.00570	0.00594	0.00987	0.01445	0.01854	0.09711	0.45406	0.29032	0.01941	0.00845	0.00256	0.00373	0.01712	0.00644	0.00570
17	0.27798	0.01403	0.01518	0.01205	0.01705	0.01454	0.00995	0.19421	0.02019	0.33121	0.01877	0.01768	0.01257	0.00773	0.00603	0.00210	0.00608	0.00568	0.00671	0.01029
18	0.00943	0.00672	0.00874	0.01003	0.01097	0.00646	0.00740	0.01172	0.03213	0.01918	0.05714	0.49104	0.07490	0.01944	0.00860	0.00275	0.00445	0.16618	0.04678	0.00594
19	0.00947	0.00695	0.00887	0.00846	0.01011	0.00635	0.00632	0.01247	0.01875	0.02615	0.62238	0.07725	0.13175	0.01460	0.00809	0.00219	0.00328	0.01284	0.00737	0.00635
20	0.01768	0.01502	0.01584	0.01406	0.01804	0.01732	0.01099	0.08457	0.65523	0.02968	0.02701	0.02486	0.02021	0.00920	0.00695	0.00230	0.00557	0.00762	0.00695	0.01089
21	0.00848	0.00610	0.00808	0.00961	0.01015	0.00570	0.00658	0.00981	0.01335	0.01768	0.03881	0.68913	0.07014	0.02113	0.00875	0.00278	0.00409	0.05766	0.00635	0.00561
22	0.00946	0.00712	0.00856	0.00894	0.01027	0.00676	0.00641	0.01226	0.05556	0.02019	0.18844	0.27193	0.19661	0.10903	0.01160	0.00301	0.00426	0.05724	0.00637	0.00599
23	0.00995	0.00663	0.00746	0.00746	0.00746	0.00663	0.00415	0.00995	0.00995	0.01327	0.02156	0.04477	0.02487	0.75957	0.03482	0.00663	0.00663	0.00995	0.00415	0.00415
24	0.02308	0.11875	0.01979	0.01551	0.01908	0.55596	0.01199	0.02507	0.01809	0.01775	0.01190	0.01380	0.00989	0.00702	0.00578	0.00171	0.01059	0.00456	0.10184	0.00784
25	0.01142	0.00780	0.00872	0.00836	0.00938	0.00773	0.00539	0.05186	0.03472	0.04060	0.03029	0.09127	0.13476	0.49991	0.02539	0.00513	0.00594	0.01088	0.00503	0.00540
26	0.00897	0.00723	0.00802	0.00777	0.00989	0.00641	0.00584	0.01185	0.04110	0.02203	0.29737	0.05917	0.45830	0.01585	0.00804	0.00225	0.00345	0.01347	0.00679	0.00619
27	0.00988	0.00692	0.00890	0.00890	0.00940	0.00741	0.00594	0.01087	0.01038	0.01433	0.02024	0.03748	0.02171	0.47110	0.31896	0.00841	0.01139	0.00888	0.00395	0.00494
28	0.00844	0.00686	0.00748	0.00750	0.00950	0.00590	0.00556	0.01044	0.01617	0.02026	0.20108	0.12225	0.52072	0.01698	0.00814	0.00232	0.00346	0.01444	0.00660	0.00590
29	0.02150	0.01589	0.01751	0.01434	0.01866	0.01738	0.01170	0.49173	0.06068	0.03688	0.06198	0.09390	0.02105	0.01088	0.00735	0.00225	0.00672	0.07260	0.00679	0.01020
30	0.01615	0.01845	0.04037	0.02884	0.03576	0.01730	0.69204	0.02191	0.01615	0.02191	0.01384	0.01845	0.01038	0.00577	0.00807	0.00231	0.01153	0.00807	0.00346	0.00923
31	0.01188	0.00594	0.00891	0.00891	0.00891	0.00594	0.00594	0.00891	0.00891	0.01188	0.01188	0.02080	0.01188	0.02377	0.02674	0.80095	0.00594	0.00594	0.00297	0.00297
32	0.01044	0.00831	0.00962	0.01074	0.03528	0.04201	0.00710	0.03047	0.01435	0.01878	0.10285	0.42321	0.07712	0.14236	0.01277	0.00325	0.00503	0.03453	0.00587	0.00592
33	0.01123	0.00715	0.00906	0.00898	0.01073	0.00642	0.00657	0.01344	0.01662	0.09827	0.29413	0.28136	0.17713	0.01646	0.00816	0.00238	0.00380	0.01448	0.00702	0.00660
