[name]
unknown

[dist]
# distance from previous block
# <min> <max>
13	188

[block]
# block no. 0 follows, 34 sequences, length 14
# corresponding to MSA columns:
# 208-221
name=unknown_A
#
# <colnr> <probs for GDERKNQSTAVLIFYWHMCP>
#	G	D	E	R	K	N	Q	S	T	A	V	L	I	F	Y	W	H	M	C	P
0	0.01776	0.03793	0.10568	0.06273	0.05832	0.04660	0.01306	0.21996	0.17444	0.04513	0.01786	0.06978	0.01442	0.00810	0.00633	0.00196	0.00680	0.00659	0.00517	0.08138
1	0.01793	0.04536	0.05888	0.06295	0.06216	0.09649	0.06477	0.17823	0.03591	0.05894	0.03726	0.01821	0.04420	0.00702	0.00609	0.00173	0.00723	0.00577	0.00460	0.18628
2	0.04024	0.03775	0.08464	0.04232	0.05103	0.05634	0.05594	0.06986	0.13537	0.15019	0.08374	0.09679	0.04886	0.00940	0.00667	0.00208	0.00640	0.00803	0.00554	0.00879
3	0.01741	0.04636	0.08741	0.01304	0.01734	0.05536	0.03075	0.13419	0.14524	0.11196	0.06128	0.05473	0.06505	0.03757	0.00803	0.00215	0.03615	0.00730	0.00545	0.06323
4	0.01398	0.04400	0.02228	0.02312	0.25047	0.01360	0.15677	0.02013	0.13191	0.02234	0.14968	0.02703	0.07922	0.00840	0.00691	0.00204	0.00669	0.00803	0.00469	0.00870
5	0.01340	0.01148	0.01340	0.00957	0.01531	0.00861	0.00766	0.01627	0.01340	0.02105	0.01148	0.01340	0.00957	0.00479	0.00479	0.00096	0.00479	0.00383	0.00383	0.81242
6	0.01122	0.00561	0.00842	0.00842	0.00842	0.00561	0.00561	0.00842	0.00842	0.01122	0.01122	0.01964	0.01122	0.02245	0.02525	0.81201	0.00561	0.00561	0.00281	0.00281
7	0.00923	0.00692	0.01038	0.01038	0.01154	0.00808	0.00808	0.01154	0.01038	0.01500	0.01731	0.02538	0.01615	0.04846	0.74732	0.01038	0.01731	0.00692	0.00346	0.00577
8	0.00821	0.00587	0.00786	0.00920	0.00976	0.00552	0.00641	0.00966	0.01307	0.01750	0.09061	0.64740	0.04367	0.01946	0.00826	0.00261	0.00390	0.07958	0.00608	0.00538
9	0.01659	0.06062	0.04521	0.10993	0.13005	0.12986	0.17035	0.07104	0.09055	0.02138	0.04806	0.01963	0.04335	0.00716	0.00659	0.00199	0.00844	0.00654	0.00404	0.00863
10	0.03151	0.06286	0.01224	0.01099	0.04258	0.00893	0.02706	0.01381	0.04704	0.02056	0.19373	0.15275	0.16814	0.01382	0.00738	0.00223	0.00462	0.13126	0.00570	0.04278
11	0.15364	0.04637	0.04226	0.01187	0.04647	0.01179	0.03255	0.06029	0.10259	0.02574	0.28065	0.02918	0.05635	0.00937	0.00632	0.00194	0.00493	0.00783	0.00551	0.06435
12	0.08544	0.18248	0.10543	0.08794	0.10785	0.10422	0.04184	0.05268	0.01510	0.04912	0.03383	0.01469	0.01069	0.00627	0.00557	0.00175	0.00768	0.00489	0.00363	0.07891
13	0.01569	0.12787	0.09091	0.18421	0.13049	0.08879	0.05397	0.05028	0.01508	0.04350	0.03552	0.07603	0.01351	0.00750	0.00620	0.00192	0.00787	0.00641	0.00371	0.04055

[dist]
# distance from previous block
# <min> <max>
3	17

[block]
# block no. 1 follows, 34 sequences, length 11
# corresponding to MSA columns:
# 239-249
name=unknown_B
#
# <colnr> <probs for GDERKNQSTAVLIFYWHMCP>
#	G	D	E	R	K	N	Q	S	T	A	V	L	I	F	Y	W	H	M	C	P
0	0.05957	0.01430	0.06342	0.01700	0.08003	0.04367	0.15609	0.02055	0.14143	0.04505	0.06610	0.02736	0.01895	0.12590	0.01079	0.00274	0.00718	0.05423	0.00459	0.04106
1	0.01517	0.09698	0.08742	0.04177	0.07442	0.06501	0.10714	0.05719	0.03136	0.07633	0.09669	0.10614	0.09772	0.00968	0.00674	0.00203	0.00687	0.00851	0.00477	0.00806
2	0.07366	0.07810	0.13887	0.02306	0.14099	0.04238	0.25101	0.05932	0.03693	0.02168	0.01220	0.01523	0.00953	0.00635	0.00748	0.00206	0.06289	0.00589	0.00344	0.00895
3	0.01415	0.03823	0.19352	0.01716	0.11031	0.01299	0.05399	0.05837	0.09559	0.04091	0.03933	0.05522	0.06208	0.01057	0.05455	0.00245	0.00753	0.00684	0.00430	0.12192
4	0.00811	0.00647	0.00727	0.00726	0.00907	0.00563	0.00537	0.01012	0.01557	0.01990	0.26192	0.12603	0.46290	0.01579	0.00769	0.00218	0.00325	0.01351	0.00633	0.00563
5	0.01493	0.04766	0.27317	0.09564	0.16729	0.04001	0.06826	0.06305	0.08144	0.02182	0.03664	0.01794	0.02979	0.00686	0.00639	0.00202	0.00824	0.00594	0.00370	0.00922
6	0.00875	0.00623	0.00791	0.00836	0.00894	0.00626	0.00559	0.00982	0.01127	0.01517	0.05582	0.26924	0.07935	0.30137	0.17119	0.00552	0.00743	0.01210	0.00475	0.00492
7	0.01340	0.01148	0.01340	0.00957	0.01531	0.00861	0.00766	0.01627	0.01340	0.02105	0.01148	0.01340	0.00957	0.00479	0.00479	0.00096	0.00479	0.00383	0.00383	0.81242
8	0.01752	0.11779	0.13751	0.04472	0.14057	0.08752	0.08247	0.08834	0.01607	0.07141	0.01278	0.01507	0.00994	0.00780	0.03197	0.00213	0.03358	0.00527	0.00378	0.07376
9	0.11504	0.19601	0.10552	0.01406	0.01899	0.13717	0.05133	0.02437	0.14964	0.08293	0.01442	0.01513	0.01108	0.00685	0.00604	0.00188	0.03154	0.00504	0.00422	0.00874
10	0.02133	0.01620	0.05382	0.01343	0.01840	0.01610	0.01139	0.43709	0.06830	0.09624	0.01759	0.05127	0.01338	0.00800	0.00628	0.00187	0.00639	0.00629	0.04021	0.09644

[dist]
# distance from previous block
# <min> <max>
0	2

[block]
# block no. 2 follows, 34 sequences, length 10
# corresponding to MSA columns:
# 252-261
name=unknown_C
#
# <colnr> <probs for GDERKNQSTAVLIFYWHMCP>
#	G	D	E	R	K	N	Q	S	T	A	V	L	I	F	Y	W	H	M	C	P
0	0.01415	0.01197	0.01379	0.01004	0.01565	0.00962	0.00804	0.05568	0.04991	0.02244	0.01245	0.01405	0.01016	0.00515	0.00497	0.00107	0.00493	0.00411	0.00411	0.72768
1	0.04877	0.13173	0.21807	0.01757	0.07259	0.12377	0.05633	0.09092	0.04964	0.07553	0.01300	0.01449	0.00984	0.00673	0.00663	0.00192	0.04436	0.00508	0.00389	0.00914
2	0.02160	0.01635	0.01757	0.01401	0.01859	0.01817	0.01139	0.51275	0.18090	0.03666	0.06890	0.01974	0.01648	0.00837	0.00657	0.00200	0.00638	0.00656	0.00653	0.01047
3	0.00802	0.00585	0.00756	0.00864	0.00935	0.00538	0.00590	0.00946	0.01341	0.01787	0.13257	0.60090	0.11347	0.01890	0.00810	0.00250	0.00361	0.01699	0.00615	0.00538
4	0.01365	0.06680	0.03553	0.18067	0.13464	0.01363	0.04709	0.01923	0.11999	0.04344	0.11374	0.03888	0.05987	0.02962	0.02302	0.00236	0.03780	0.00750	0.00449	0.00805
5	0.01751	0.09526	0.05455	0.07857	0.09691	0.13406	0.05326	0.12943	0.09556	0.04072	0.04414	0.02139	0.06926	0.03292	0.00718	0.00207	0.00761	0.00647	0.00452	0.00862
6	0.00780	0.00641	0.00686	0.00704	0.00890	0.00548	0.00517	0.00948	0.01468	0.01802	0.11656	0.16587	0.57203	0.01668	0.00773	0.00223	0.00332	0.01418	0.00609	0.00548
7	0.04582	0.01214	0.01307	0.01138	0.01492	0.01320	0.00897	0.10573	0.36317	0.10733	0.05702	0.02752	0.09638	0.00935	0.00642	0.00206	0.00489	0.00765	0.08379	0.00919
8	0.01858	0.09520	0.13920	0.01919	0.14518	0.14143	0.03113	0.11626	0.07602	0.07409	0.05140	0.01728	0.01345	0.00804	0.02395	0.00209	0.00821	0.00567	0.00438	0.00926
9	0.01044	0.00898	0.03215	0.02593	0.01272	0.00930	0.03070	0.01227	0.01132	0.01602	0.06891	0.06996	0.02189	0.25378	0.22020	0.00574	0.10396	0.03419	0.00399	0.04756

[dist]
# distance from previous block
# <min> <max>
0	1

[block]
# block no. 3 follows, 34 sequences, length 17
# corresponding to MSA columns:
# 263-279
name=unknown_D
#
# <colnr> <probs for GDERKNQSTAVLIFYWHMCP>
#	G	D	E	R	K	N	Q	S	T	A	V	L	I	F	Y	W	H	M	C	P
0	0.01600	0.04981	0.02177	0.20520	0.13821	0.08671	0.10569	0.10387	0.08226	0.02161	0.01686	0.07232	0.03555	0.00787	0.00661	0.00205	0.00796	0.00705	0.00412	0.00849
1	0.10777	0.40445	0.07989	0.04039	0.10647	0.04721	0.06328	0.03543	0.02816	0.01914	0.01047	0.01247	0.00879	0.00583	0.00504	0.00169	0.00746	0.00437	0.00317	0.00854
2	0.01540	0.09146	0.21742	0.04884	0.38289	0.04275	0.04418	0.01996	0.01421	0.01986	0.01152	0.01470	0.00932	0.00607	0.00667	0.00194	0.03499	0.00529	0.00302	0.00952
3	0.00843	0.00643	0.00953	0.01025	0.01105	0.00603	0.05022	0.00990	0.01265	0.01686	0.03415	0.69539	0.04046	0.01923	0.00823	0.00261	0.00428	0.04300	0.00583	0.00549
4	0.64202	0.01301	0.04328	0.00943	0.01370	0.01358	0.00814	0.02046	0.01211	0.12452	0.01170	0.01280	0.00865	0.00798	0.03433	0.00234	0.00577	0.00410	0.00446	0.00761
5	0.00934	0.00618	0.00818	0.00904	0.00996	0.00572	0.00636	0.01094	0.01380	0.05822	0.14078	0.56208	0.06876	0.01825	0.00806	0.00250	0.00382	0.04598	0.00628	0.00573
6	0.01730	0.06280	0.04104	0.04257	0.09035	0.01690	0.01220	0.16170	0.39796	0.02773	0.04635	0.02106	0.01710	0.00806	0.00640	0.00205	0.00606	0.00664	0.00574	0.00997
7	0.01875	0.57211	0.05570	0.01265	0.01780	0.19711	0.01186	0.02093	0.01438	0.01554	0.00932	0.01079	0.00830	0.00582	0.00462	0.00147	0.00814	0.00367	0.00290	0.00815
8	0.00794	0.00652	0.00674	0.00671	0.00859	0.00559	0.00487	0.00948	0.01435	0.01745	0.10467	0.05893	0.60295	0.10421	0.01057	0.00265	0.00361	0.01301	0.00583	0.00532
9	0.01023	0.00824	0.01109	0.01355	0.11773	0.00803	0.00837	0.03477	0.05961	0.01974	0.10745	0.40272	0.14213	0.01564	0.00765	0.00234	0.00438	0.01397	0.00575	0.00661
10	0.00897	0.00648	0.00731	0.00710	0.00891	0.00581	0.00533	0.01141	0.01598	0.02198	0.32792	0.05029	0.34139	0.01364	0.00712	0.00201	0.00314	0.01160	0.13781	0.00581
11	0.00940	0.00626	0.00705	0.00705	0.00705	0.00626	0.00392	0.00940	0.00940	0.01253	0.02036	0.04228	0.02349	0.77292	0.03289	0.00626	0.00626	0.00940	0.00392	0.00392
12	0.01805	0.58416	0.05085	0.01394	0.04948	0.13180	0.03748	0.02041	0.01406	0.01590	0.00949	0.01115	0.00843	0.00572	0.00468	0.00150	0.00787	0.00385	0.00288	0.00831
13	0.01198	0.00907	0.01233	0.01194	0.01399	0.00926	0.05872	0.01793	0.18382	0.05996	0.03095	0.37700	0.03240	0.01533	0.00782	0.00251	0.00506	0.12678	0.00604	0.00713
14	0.01501	0.01291	0.02148	0.35305	0.15530	0.01431	0.09529	0.06990	0.01498	0.06893	0.01448	0.05926	0.01185	0.00869	0.03086	0.00240	0.03247	0.00676	0.00379	0.00828
15	0.06822	0.09775	0.17704	0.04797	0.08802	0.16527	0.06272	0.07302	0.01555	0.02070	0.01107	0.01349	0.00880	0.00648	0.00684	0.00187	0.06031	0.00483	0.00339	0.06666
16	0.06913	0.04120	0.01957	0.01674	0.07609	0.13968	0.09302	0.19771	0.01946	0.13587	0.01842	0.09244	0.03484	0.00850	0.00648	0.00199	0.00754	0.00712	0.00520	0.00900

[dist]
# distance from previous block
# <min> <max>
3	19

[block]
# block no. 4 follows, 34 sequences, length 30
# corresponding to MSA columns:
# 299-328
name=unknown_E
#
# <colnr> <probs for GDERKNQSTAVLIFYWHMCP>
#	G	D	E	R	K	N	Q	S	T	A	V	L	I	F	Y	W	H	M	C	P
0	0.00948	0.00695	0.00891	0.00899	0.00989	0.00743	0.00638	0.01169	0.04843	0.01517	0.02433	0.08691	0.07567	0.30289	0.31949	0.00707	0.01031	0.03049	0.00424	0.00528
1	0.00946	0.00692	0.00920	0.00988	0.01136	0.00667	0.00806	0.01211	0.01540	0.02051	0.23201	0.11954	0.12762	0.01799	0.04272	0.00293	0.00516	0.33042	0.00617	0.00586
2	0.00836	0.00647	0.00762	0.00755	0.00923	0.00573	0.00558	0.01060	0.01613	0.02128	0.37077	0.13262	0.34417	0.01532	0.00770	0.00216	0.00322	0.01324	0.00652	0.00573
3	0.00811	0.00627	0.00742	0.00794	0.00933	0.00558	0.00576	0.00986	0.01449	0.01863	0.16526	0.31348	0.33841	0.01729	0.00791	0.00235	0.00353	0.04668	0.00618	0.00551
4	0.23032	0.01177	0.01260	0.01026	0.01432	0.01217	0.00838	0.15931	0.01788	0.26911	0.01832	0.01814	0.01278	0.00733	0.00543	0.00189	0.00518	0.00548	0.17039	0.00894
5	0.01693	0.01396	0.01472	0.01295	0.01667	0.01599	0.01015	0.12108	0.58904	0.02863	0.02459	0.02299	0.01840	0.00856	0.00644	0.00212	0.00525	0.00704	0.05443	0.01008
6	0.14581	0.01083	0.01303	0.01059	0.01465	0.01045	0.00859	0.06182	0.05373	0.40599	0.16948	0.02547	0.02393	0.00880	0.00635	0.00201	0.00498	0.00712	0.00704	0.00932
7	0.04352	0.01358	0.02300	0.19762	0.43836	0.01422	0.05816	0.01814	0.01404	0.01995	0.01421	0.07230	0.01278	0.00727	0.00660	0.00207	0.00765	0.02425	0.00343	0.00886
8	0.02456	0.01810	0.01939	0.01487	0.02004	0.02004	0.01228	0.71107	0.03038	0.04072	0.01551	0.01551	0.01099	0.00776	0.00646	0.00194	0.00711	0.00582	0.00646	0.01099
9	0.11178	0.01222	0.01234	0.01147	0.03599	0.07244	0.00847	0.03932	0.16177	0.11237	0.06227	0.05950	0.08953	0.09986	0.00949	0.00252	0.00562	0.02908	0.00551	0.05844
10	0.01549	0.01388	0.02337	0.18504	0.52033	0.01438	0.01827	0.01923	0.01443	0.05643	0.01379	0.05159	0.01171	0.00669	0.00650	0.00200	0.00758	0.00638	0.00351	0.00941
11	0.01414	0.01414	0.01979	0.01696	0.01696	0.01979	0.01414	0.01555	0.00990	0.01555	0.00848	0.01414	0.00848	0.01131	0.02120	0.00283	0.76110	0.00565	0.00283	0.00707
12	0.10938	0.00763	0.00777	0.00741	0.00945	0.00784	0.00565	0.05116	0.01423	0.06254	0.02130	0.10994	0.01820	0.00888	0.00510	0.00175	0.00368	0.00720	0.53433	0.00656
13	0.01776	0.01721	0.06360	0.01955	0.02378	0.07259	0.26461	0.07431	0.01541	0.11319	0.01358	0.01675	0.01045	0.00956	0.04474	0.00263	0.20130	0.00638	0.00400	0.00858
14	0.03758	0.01848	0.06021	0.13810	0.27636	0.15704	0.01586	0.10841	0.04236	0.02179	0.01290	0.01671	0.01057	0.04723	0.00765	0.00216	0.00839	0.00559	0.00374	0.00887
15	0.02036	0.01401	0.01515	0.01220	0.01620	0.01523	0.00988	0.41732	0.09229	0.07195	0.05764	0.02039	0.01608	0.00812	0.00611	0.00188	0.00570	0.00637	0.18356	0.00955
16	0.01358	0.01121	0.01099	0.01013	0.01165	0.09627	0.00721	0.12371	0.01475	0.01887	0.06120	0.03482	0.02200	0.39453	0.09703	0.00501	0.00798	0.04865	0.00452	0.00591
17	0.01036	0.10021	0.07206	0.01015	0.01300	0.00942	0.03386	0.01329	0.01565	0.02094	0.30586	0.11316	0.16833	0.01313	0.00727	0.00213	0.00470	0.07427	0.00568	0.00652
18	0.01338	0.04559	0.55428	0.06476	0.02784	0.01498	0.07419	0.04812	0.01433	0.02073	0.01313	0.05577	0.01036	0.00694	0.00636	0.00208	0.00911	0.00582	0.00311	0.00913
19	0.00796	0.00586	0.00746	0.00854	0.00930	0.00536	0.00584	0.00935	0.01330	0.01754	0.10660	0.59073	0.15053	0.01897	0.00809	0.00250	0.00361	0.01700	0.00610	0.00536
20	0.01994	0.02408	0.01611	0.05576	0.01924	0.53069	0.01168	0.02196	0.01730	0.01676	0.04270	0.02476	0.07373	0.00902	0.00644	0.00190	0.00981	0.08708	0.00397	0.00707
21	0.06172	0.01423	0.02284	0.13165	0.39775	0.01479	0.06684	0.04607	0.06619	0.07206	0.01401	0.01705	0.01094	0.00674	0.00688	0.02354	0.00748	0.00593	0.00389	0.00940
22	0.00895	0.00628	0.00809	0.00868	0.00921	0.00629	0.00594	0.01014	0.01165	0.01577	0.07776	0.27849	0.03267	0.30091	0.12253	0.00506	0.00676	0.07489	0.00495	0.00496
23	0.00889	0.00628	0.00774	0.00837	0.00962	0.00564	0.00596	0.01049	0.01405	0.04771	0.12251	0.43045	0.24438	0.01774	0.00794	0.00241	0.00366	0.03429	0.00621	0.00566
24	0.01599	0.01535	0.02623	0.03966	0.73262	0.01535	0.01983	0.01983	0.01471	0.02111	0.01215	0.01599	0.01023	0.00576	0.00640	0.00192	0.00768	0.00576	0.00320	0.01023
25	0.01822	0.05441	0.08347	0.10516	0.02596	0.13171	0.18889	0.09954	0.10125	0.07659	0.01521	0.03052	0.01159	0.00704	0.00683	0.00203	0.02210	0.00626	0.00431	0.00890
26	0.01450	0.02400	0.34769	0.06067	0.17801	0.05556	0.08509	0.02069	0.05430	0.02021	0.01386	0.01648	0.02855	0.00671	0.00715	0.00207	0.04634	0.00569	0.00323	0.00919
27	0.00954	0.00687	0.00884	0.00874	0.00915	0.00754	0.00591	0.01043	0.00984	0.01363	0.01910	0.05362	0.02070	0.46578	0.27820	0.00742	0.04759	0.00859	0.00376	0.00475
28	0.20451	0.08852	0.06472	0.01723	0.12465	0.10433	0.06102	0.11895	0.01623	0.02461	0.01240	0.01537	0.01004	0.00656	0.00553	0.00185	0.00729	0.02289	0.04740	0.04592
29	0.03028	0.01473	0.07456	0.01291	0.03186	0.04747	0.01077	0.22418	0.07409	0.02822	0.23132	0.02832	0.06579	0.00990	0.00769	0.00204	0.05575	0.00791	0.03384	0.00836

[dist]
# distance from previous block
# <min> <max>
0	1

[block]
# block no. 5 follows, 34 sequences, length 26
# corresponding to MSA columns:
# 330-355
name=unknown_F
#
# <colnr> <probs for GDERKNQSTAVLIFYWHMCP>
#	G	D	E	R	K	N	Q	S	T	A	V	L	I	F	Y	W	H	M	C	P
0	0.01153	0.00879	0.01119	0.01010	0.01231	0.00862	0.03333	0.11946	0.01751	0.02383	0.27552	0.18309	0.11874	0.04166	0.04371	0.00269	0.00507	0.03075	0.00608	0.03602
1	0.05672	0.01085	0.01331	0.01019	0.01512	0.00893	0.00817	0.02146	0.01510	0.28816	0.01864	0.08053	0.01466	0.00735	0.00568	0.00154	0.00497	0.00604	0.00558	0.40700
2	0.01412	0.05830	0.04553	0.01682	0.07760	0.01509	0.07725	0.08674	0.07369	0.01997	0.01450	0.01907	0.01248	0.02149	0.25477	0.00493	0.16972	0.00626	0.00378	0.00788
3	0.01160	0.00939	0.01292	0.01526	0.16579	0.00911	0.00937	0.07198	0.01766	0.02428	0.37219	0.07654	0.15429	0.01201	0.00729	0.00205	0.00446	0.01057	0.00598	0.00725
4	0.01296	0.03342	0.73944	0.01842	0.02797	0.01501	0.02387	0.02046	0.01364	0.02046	0.01160	0.01364	0.00818	0.00614	0.00614	0.00205	0.00955	0.00477	0.00273	0.00955
5	0.81856	0.01250	0.00950	0.00850	0.01250	0.01449	0.00700	0.01899	0.01100	0.02899	0.00900	0.01050	0.00700	0.00600	0.00400	0.00200	0.00500	0.00350	0.00400	0.00700
6	0.12057	0.04858	0.01547	0.08830	0.01865	0.25759	0.05152	0.01872	0.01482	0.01910	0.01851	0.11108	0.04986	0.00929	0.00611	0.00198	0.00764	0.04679	0.08853	0.00689
7	0.01009	0.00897	0.00870	0.00857	0.01017	0.08366	0.00619	0.01191	0.01510	0.01898	0.24187	0.13958	0.26920	0.09983	0.03596	0.00288	0.00497	0.01198	0.00572	0.00567
8	0.02232	0.02409	0.01766	0.01544	0.01924	0.41941	0.01191	0.17341	0.18731	0.02376	0.01503	0.01542	0.01159	0.00739	0.00614	0.00185	0.00914	0.00526	0.00476	0.00888
9	0.05486	0.01570	0.08171	0.01587	0.09337	0.04476	0.03184	0.14220	0.03381	0.27165	0.04969	0.01874	0.01436	0.00724	0.00621	0.00187	0.00657	0.00591	0.00573	0.09794
10	0.08586	0.02058	0.02071	0.14588	0.08487	0.30222	0.10401	0.02284	0.08248	0.01918	0.01223	0.01492	0.00971	0.00674	0.00680	0.00197	0.04210	0.00532	0.00357	0.00803
11	0.01356	0.24459	0.28976	0.01531	0.02184	0.01650	0.11773	0.01805	0.01393	0.01838	0.02123	0.02242	0.14496	0.00779	0.00606	0.00190	0.00778	0.00648	0.00344	0.00828
12	0.01165	0.01697	0.25126	0.01372	0.01811	0.01114	0.03744	0.01855	0.14806	0.02074	0.06555	0.25142	0.02644	0.01229	0.00723	0.00233	0.00631	0.06795	0.00500	0.00784
13	0.01571	0.01527	0.02134	0.39591	0.24817	0.09210	0.01744	0.08050	0.01559	0.01999	0.01189	0.01611	0.00929	0.00638	0.00637	0.00201	0.00851	0.00559	0.00334	0.00848
14	0.01413	0.01342	0.02238	0.22313	0.47737	0.01405	0.01777	0.01786	0.01425	0.01953	0.01758	0.02116	0.08539	0.00705	0.00654	0.00201	0.00746	0.00658	0.00341	0.00894
15	0.01340	0.05608	0.01969	0.47877	0.14454	0.01387	0.01603	0.01704	0.01342	0.05198	0.01493	0.10446	0.01318	0.00798	0.00653	0.00212	0.00765	0.00712	0.00353	0.00768
16	0.01430	0.01471	0.02789	0.02640	0.22169	0.01450	0.33907	0.01907	0.04809	0.02009	0.01765	0.05356	0.05445	0.02954	0.03596	0.00257	0.04035	0.00785	0.00369	0.00856
17	0.01290	0.01204	0.02026	0.48783	0.22427	0.01396	0.01741	0.01687	0.01313	0.01758	0.01227	0.01775	0.00984	0.01068	0.08424	0.00296	0.00928	0.00587	0.00302	0.00784
18	0.01220	0.01148	0.01938	0.75739	0.04450	0.01436	0.01794	0.01651	0.01292	0.01651	0.01148	0.01723	0.00861	0.00646	0.00646	0.00215	0.00861	0.00574	0.00287	0.00718
19	0.00979	0.00715	0.00888	0.00962	0.01074	0.00698	0.00689	0.08307	0.01466	0.01933	0.03601	0.57573	0.09916	0.01841	0.00806	0.00254	0.00422	0.06679	0.00604	0.00592
20	0.06322	0.01744	0.10493	0.01891	0.12630	0.10520	0.10377	0.02456	0.01622	0.28894	0.01793	0.05461	0.01329	0.00745	0.00646	0.00200	0.00767	0.00647	0.00515	0.00948
21	0.01273	0.01202	0.02033	0.65830	0.13951	0.01449	0.01820	0.01697	0.01317	0.01714	0.01158	0.01706	0.00884	0.00636	0.00645	0.00212	0.00848	0.00574	0.00292	0.00760
22	0.01545	0.01498	0.02264	0.28093	0.37079	0.05829	0.01799	0.05175	0.01472	0.01977	0.01170	0.01601	0.00948	0.00654	0.00744	0.00205	0.06177	0.00565	0.00322	0.00884
23	0.12398	0.01769	0.01643	0.03184	0.04448	0.14615	0.01106	0.23024	0.17341	0.02823	0.01536	0.01586	0.01165	0.00711	0.00586	0.00184	0.00700	0.00531	0.00510	0.10137
24	0.01909	0.02216	0.01754	0.06170	0.12104	0.42722	0.01290	0.02203	0.04302	0.01791	0.04748	0.02352	0.04924	0.00853	0.00646	0.00193	0.00929	0.07731	0.00397	0.00764
25	0.00957	0.01029	0.08573	0.01157	0.04330	0.04268	0.00878	0.01159	0.01299	0.01709	0.03226	0.54736	0.08201	0.01814	0.03222	0.00271	0.00533	0.01501	0.00532	0.00606

[dist]
# distance from previous block
# <min> <max>
4	17

[block]
# block no. 6 follows, 34 sequences, length 12
# corresponding to MSA columns:
# 373-384
name=unknown_G
#
# <colnr> <probs for GDERKNQSTAVLIFYWHMCP>
#	G	D	E	R	K	N	Q	S	T	A	V	L	I	F	Y	W	H	M	C	P
0	0.08613	0.17442	0.03868	0.01618	0.08640	0.11108	0.07357	0.11330	0.04172	0.07919	0.01598	0.04317	0.04029	0.00728	0.00582	0.00182	0.00734	0.00582	0.00437	0.04744
1	0.01861	0.10837	0.15778	0.04500	0.10184	0.11921	0.08181	0.13620	0.08758	0.06113	0.01411	0.01552	0.01063	0.00667	0.00616	0.00191	0.00837	0.00547	0.00420	0.00941
2	0.01716	0.24393	0.35218	0.01539	0.02266	0.01934	0.01722	0.19637	0.01776	0.02411	0.01184	0.01317	0.00893	0.00638	0.00565	0.00183	0.00817	0.00466	0.00369	0.00955
3	0.11397	0.12988	0.01833	0.01215	0.01694	0.06208	0.01023	0.21455	0.01993	0.28524	0.01725	0.01657	0.01197	0.00723	0.00574	0.00185	0.00640	0.00535	0.03460	0.00974
4	0.01122	0.00561	0.00842	0.00842	0.00842	0.00561	0.00561	0.00842	0.00842	0.01122	0.01122	0.01964	0.01122	0.02245	0.02525	0.81201	0.00561	0.00561	0.00281	0.00281
5	0.00938	0.00666	0.00886	0.00880	0.01002	0.00710	0.00660	0.01152	0.01209	0.01737	0.11191	0.03413	0.10189	0.11979	0.40690	0.00696	0.01109	0.00845	0.09490	0.00559
6	0.00926	0.00662	0.00909	0.01059	0.01157	0.00645	0.00841	0.01140	0.01374	0.01805	0.03485	0.38795	0.03970	0.01893	0.00862	0.00282	0.00495	0.38541	0.00597	0.00563
7	0.00806	0.00662	0.00714	0.00719	0.00923	0.00570	0.00551	0.01000	0.01523	0.01877	0.15451	0.06111	0.58271	0.01605	0.00774	0.00222	0.00345	0.06701	0.00615	0.00558
8	0.01795	0.62033	0.03100	0.01327	0.06205	0.02327	0.01167	0.02013	0.01347	0.07382	0.01049	0.01189	0.00905	0.00609	0.00552	0.00155	0.05271	0.00398	0.00322	0.00856
9	0.01456	0.00911	0.00959	0.00867	0.01102	0.00967	0.00670	0.15372	0.08336	0.02704	0.02163	0.08153	0.01784	0.00870	0.00539	0.00174	0.00408	0.00708	0.51122	0.00734
10	0.01613	0.01682	0.02188	0.10179	0.28241	0.12744	0.01637	0.01877	0.01324	0.01773	0.01036	0.01476	0.00911	0.00807	0.01193	0.00225	0.29411	0.00548	0.00304	0.00830
11	0.01060	0.00723	0.00922	0.00886	0.01059	0.00686	0.00665	0.01429	0.06466	0.06723	0.48300	0.15819	0.07888	0.01395	0.00762	0.00217	0.00354	0.03306	0.00688	0.00651

[dist]
# distance from previous block
# <min> <max>
1	6

[block]
# block no. 7 follows, 34 sequences, length 36
# corresponding to MSA columns:
# 392-427
name=unknown_H
#
# <colnr> <probs for GDERKNQSTAVLIFYWHMCP>
#	G	D	E	R	K	N	Q	S	T	A	V	L	I	F	Y	W	H	M	C	P
0	0.36761	0.05746	0.01571	0.03510	0.04809	0.28350	0.01049	0.07615	0.01553	0.02371	0.01008	0.01174	0.00805	0.00636	0.00504	0.00184	0.00791	0.00408	0.00382	0.00770
1	0.00803	0.00650	0.00713	0.00710	0.00900	0.00560	0.00528	0.00998	0.01546	0.01950	0.22921	0.10547	0.51746	0.01583	0.00767	0.00217	0.00325	0.01346	0.00628	0.00560
2	0.00952	0.00667	0.00774	0.00761	0.00776	0.00692	0.00460	0.00976	0.00973	0.01302	0.02204	0.04138	0.05931	0.67137	0.05702	0.00604	0.04200	0.00935	0.00396	0.00421
3	0.00861	0.00643	0.00800	0.00793	0.00941	0.00582	0.00582	0.01104	0.01654	0.02253	0.47160	0.17039	0.20200	0.01505	0.00773	0.00216	0.00321	0.01321	0.00669	0.00582
4	0.02254	0.02720	0.01863	0.01657	0.01949	0.57815	0.01274	0.07175	0.01778	0.01750	0.01013	0.01232	0.00853	0.00749	0.00837	0.00187	0.13328	0.00452	0.00347	0.00766
5	0.00798	0.00651	0.00710	0.00739	0.00925	0.00563	0.00557	0.00974	0.01464	0.01797	0.09662	0.15154	0.54812	0.01680	0.00782	0.00229	0.00354	0.06993	0.00606	0.00551
6	0.00838	0.00607	0.00802	0.00939	0.01015	0.00572	0.00682	0.00992	0.01308	0.01716	0.03779	0.56691	0.09837	0.01943	0.00834	0.00266	0.00416	0.15625	0.00599	0.00541
7	0.01660	0.01414	0.01491	0.01326	0.01700	0.01632	0.01035	0.07630	0.67812	0.02788	0.02563	0.02357	0.01918	0.00870	0.00657	0.00218	0.00524	0.00721	0.00657	0.01027
8	0.03447	0.04756	0.39705	0.01905	0.08936	0.01459	0.08308	0.02075	0.03964	0.05614	0.01276	0.01481	0.00948	0.00619	0.00649	0.00192	0.03009	0.00514	0.00339	0.10804
9	0.04604	0.04038	0.23502	0.05596	0.17237	0.16298	0.08972	0.02231	0.05881	0.03780	0.01264	0.01495	0.00969	0.00630	0.00621	0.00195	0.00908	0.00532	0.00343	0.00904
10	0.01315	0.01245	0.02109	0.57819	0.21631	0.01460	0.01842	0.01734	0.01337	0.01766	0.01165	0.01692	0.00902	0.00628	0.00644	0.00209	0.00838	0.00575	0.00295	0.00794
11	0.01220	0.01148	0.01938	0.75739	0.04450	0.01436	0.01794	0.01651	0.01292	0.01651	0.01148	0.01723	0.00861	0.00646	0.00646	0.00215	0.00861	0.00574	0.00287	0.00718
12	0.03466	0.06015	0.15751	0.03596	0.14219	0.07511	0.13267	0.05817	0.08364	0.04010	0.01459	0.01865	0.01183	0.02900	0.02676	0.00238	0.03639	0.02749	0.00385	0.00891
13	0.01321	0.13791	0.51924	0.01674	0.02479	0.01569	0.06433	0.01921	0.01378	0.01942	0.01662	0.01820	0.07952	0.00701	0.00609	0.00197	0.00863	0.00564	0.00309	0.00891
14	0.00818	0.00589	0.00781	0.00924	0.00984	0.00553	0.00649	0.00956	0.01280	0.01689	0.03690	0.64766	0.07561	0.01976	0.00830	0.00265	0.00400	0.10156	0.00599	0.00535
15	0.02319	0.02876	0.01894	0.01821	0.06938	0.65012	0.01305	0.04166	0.01803	0.01678	0.01021	0.01214	0.00853	0.00680	0.00648	0.00173	0.04047	0.00437	0.00338	0.00775
16	0.00787	0.00562	0.00750	0.00900	0.00937	0.00525	0.00600	0.00900	0.01237	0.01649	0.03561	0.76871	0.04274	0.02024	0.00825	0.00262	0.00375	0.01837	0.00600	0.00525
17	0.01296	0.03342	0.73944	0.01842	0.02797	0.01501	0.02387	0.02046	0.01364	0.02046	0.01160	0.01364	0.00818	0.00614	0.00614	0.00205	0.00955	0.00477	0.00273	0.00955
18	0.04547	0.03258	0.70999	0.01802	0.02734	0.01499	0.02319	0.02040	0.01353	0.02081	0.01149	0.01351	0.00814	0.00613	0.00605	0.00204	0.00937	0.00472	0.00278	0.00945
19	0.00787	0.00562	0.00750	0.00900	0.00937	0.00525	0.00600	0.00900	0.01237	0.01649	0.03561	0.76871	0.04274	0.02024	0.00825	0.00262	0.00375	0.01837	0.00600	0.00525
20	0.00940	0.00678	0.01006	0.01006	0.01107	0.00779	0.00768	0.01118	0.01018	0.01457	0.01695	0.02570	0.01609	0.08037	0.65408	0.07641	0.01582	0.00693	0.00343	0.00544
21	0.02248	0.05038	0.01333	0.01000	0.01383	0.00947	0.00815	0.04376	0.01685	0.44866	0.02392	0.07361	0.01745	0.00859	0.00599	0.00188	0.00487	0.00702	0.21057	0.00919
22	0.01431	0.01198	0.01409	0.05988	0.01759	0.01060	0.00893	0.02053	0.16356	0.04160	0.01501	0.01616	0.01184	0.00583	0.00532	0.00133	0.00513	0.00477	0.00446	0.56708
23	0.01596	0.04617	0.31113	0.01596	0.05643	0.01335	0.04097	0.07009	0.05077	0.11775	0.06402	0.03856	0.03444	0.00754	0.00629	0.00192	0.00725	0.00627	0.00450	0.09061
24	0.01684	0.09380	0.32555	0.01828	0.07814	0.14904	0.02999	0.09824	0.02934	0.02117	0.01207	0.01428	0.00937	0.00876	0.04590	0.00237	0.02944	0.00497	0.00342	0.00901
25	0.01389	0.14864	0.53988	0.01828	0.06297	0.01703	0.02095	0.01991	0.01336	0.01932	0.01100	0.01328	0.00833	0.00638	0.00688	0.00199	0.06125	0.00468	0.00277	0.00921
26	0.01384	0.01545	0.10718	0.18399	0.40467	0.01390	0.01821	0.01794	0.01385	0.01943	0.01428	0.06764	0.01274	0.00921	0.04140	0.00245	0.00825	0.02336	0.00334	0.00886
27	0.07835	0.08231	0.08550	0.05046	0.01837	0.01528	0.05626	0.09303	0.01401	0.04107	0.01604	0.03326	0.04995	0.06777	0.08377	0.00329	0.17809	0.00643	0.01920	0.00757
28	0.01218	0.01209	0.05363	0.02213	0.27494	0.01069	0.07583	0.01524	0.01402	0.01960	0.06034	0.27207	0.05171	0.01135	0.00712	0.00214	0.00612	0.01060	0.00448	0.06372
29	0.01017	0.00734	0.01022	0.00995	0.01113	0.00822	0.00751	0.04844	0.01177	0.01662	0.06673	0.02824	0.01964	0.13259	0.52868	0.05197	0.01377	0.00743	0.00390	0.00568
30	0.01486	0.01588	0.07837	0.12751	0.11625	0.06454	0.17845	0.05196	0.06560	0.04024	0.03847	0.08191	0.04110	0.01015	0.04347	0.00252	0.00858	0.00770	0.00412	0.00832
31	0.01459	0.01584	0.07213	0.24366	0.23677	0.06439	0.08792	0.03662	0.01469	0.01967	0.04621	0.03499	0.01266	0.00779	0.02310	0.00221	0.02514	0.00630	0.00344	0.03189
32	0.03306	0.15990	0.02502	0.10068	0.13883	0.09672	0.12177	0.11323	0.07327	0.02202	0.01409	0.01628	0.02633	0.00657	0.00608	0.00187	0.00807	0.00566	0.00390	0.02666
33	0.01457	0.07607	0.19778	0.01712	0.07179	0.05074	0.12152	0.04970	0.01547	0.04886	0.08779	0.09192	0.04266	0.00842	0.00653	0.00195	0.00743	0.00748	0.00421	0.07798
34	0.01615	0.11827	0.13713	0.01587	0.06168	0.11198	0.06475	0.05061	0.05318	0.05524	0.01752	0.09560	0.03666	0.00845	0.00660	0.00191	0.02686	0.02538	0.00416	0.09200
35	0.03637	0.06924	0.14140	0.03017	0.03640	0.07297	0.01262	0.15035	0.07948	0.12259	0.01935	0.04526	0.05505	0.02317	0.00667	0.00197	0.00692	0.00631	0.00501	0.07872

[dist]
# distance from previous block
# <min> <max>
0	14

[block]
# block no. 8 follows, 34 sequences, length 17
# corresponding to MSA columns:
# 442-458
name=unknown_I
#
# <colnr> <probs for GDERKNQSTAVLIFYWHMCP>
#	G	D	E	R	K	N	Q	S	T	A	V	L	I	F	Y	W	H	M	C	P
0	0.01504	0.12391	0.08503	0.05787	0.01870	0.07602	0.04812	0.10536	0.04588	0.03648	0.02160	0.19641	0.05621	0.01049	0.00655	0.00202	0.00670	0.02478	0.00466	0.05816
1	0.04862	0.09643	0.27811	0.01410	0.02001	0.03254	0.04134	0.06170	0.03821	0.07452	0.04750	0.08488	0.01558	0.04130	0.00727	0.00211	0.00724	0.00661	0.00420	0.07773
2	0.05207	0.08402	0.01437	0.01089	0.01404	0.08367	0.00871	0.11881	0.03696	0.11082	0.14028	0.10170	0.13223	0.01233	0.03281	0.00231	0.02169	0.00886	0.00570	0.00774
3	0.06793	0.12390	0.16888	0.03047	0.02085	0.14546	0.04532	0.16508	0.03277	0.02382	0.03252	0.04148	0.01183	0.00713	0.00587	0.00183	0.00805	0.00545	0.00411	0.05726
4	0.07768	0.17910	0.27983	0.01554	0.02206	0.01814	0.05774	0.15312	0.01672	0.06398	0.01232	0.01381	0.00921	0.00665	0.00653	0.00193	0.04755	0.00492	0.00388	0.00928
5	0.11104	0.30763	0.25998	0.01306	0.01922	0.03714	0.01419	0.01874	0.01313	0.01905	0.01240	0.07972	0.01126	0.00709	0.00523	0.00177	0.00727	0.00527	0.00327	0.05351
6	0.05257	0.50227	0.02857	0.01317	0.01805	0.23089	0.03841	0.02123	0.01460	0.01616	0.00943	0.01101	0.00831	0.00587	0.00476	0.00152	0.00834	0.00382	0.00300	0.00803
7	0.02290	0.17055	0.02144	0.01529	0.01934	0.49033	0.01218	0.13722	0.01931	0.01979	0.01070	0.01204	0.00876	0.00662	0.00561	0.00166	0.01000	0.00430	0.00374	0.00822
8	0.00971	0.00874	0.00842	0.00807	0.01010	0.07225	0.00606	0.01190	0.01645	0.02063	0.32123	0.05218	0.40241	0.01425	0.00747	0.00208	0.00394	0.01202	0.00620	0.00589
9	0.00787	0.00562	0.00750	0.00900	0.00937	0.00525	0.00600	0.00900	0.01237	0.01649	0.03561	0.76871	0.04274	0.02024	0.00825	0.00262	0.00375	0.01837	0.00600	0.00525
10	0.02043	0.01082	0.01332	0.01137	0.01495	0.01058	0.00898	0.11986	0.10667	0.33352	0.02879	0.19064	0.05981	0.01149	0.00702	0.00219	0.00518	0.02818	0.00700	0.00919
11	0.74749	0.01236	0.00999	0.00877	0.01286	0.01405	0.00722	0.02012	0.01167	0.09273	0.01048	0.01153	0.00781	0.00618	0.00422	0.00200	0.00504	0.00377	0.00436	0.00736
12	0.00787	0.00562	0.00750	0.00900	0.00937	0.00525	0.00600	0.00900	0.01237	0.01649	0.03561	0.76871	0.04274	0.02024	0.00825	0.00262	0.00375	0.01837	0.00600	0.00525
13	0.01486	0.01262	0.02107	0.47159	0.25183	0.01422	0.01776	0.01887	0.01397	0.08257	0.01295	0.01728	0.00977	0.00638	0.00644	0.00207	0.00805	0.00581	0.00343	0.00845
14	0.01446	0.01383	0.02101	0.49969	0.21150	0.05343	0.01780	0.05691	0.01463	0.01897	0.01180	0.01653	0.00913	0.00637	0.00641	0.00206	0.00846	0.00567	0.00318	0.00816
15	0.00885	0.00649	0.00810	0.00905	0.00993	0.00617	0.00624	0.05137	0.01375	0.01808	0.03812	0.63520	0.12650	0.01901	0.00806	0.00253	0.00389	0.01702	0.00603	0.00562
16	0.02518	0.01020	0.01389	0.01116	0.01547	0.00894	0.00921	0.02778	0.01815	0.59596	0.10329	0.02936	0.02279	0.00944	0.00683	0.00209	0.00527	0.06725	0.00772	0.01001

[dist]
# distance from previous block
# <min> <max>
4	6

[block]
# block no. 9 follows, 34 sequences, length 9
# corresponding to MSA columns:
# 466-474
name=unknown_J
#
# <colnr> <probs for GDERKNQSTAVLIFYWHMCP>
#	G	D	E	R	K	N	Q	S	T	A	V	L	I	F	Y	W	H	M	C	P
0	0.06467	0.01361	0.03750	0.08362	0.02092	0.06473	0.14651	0.06235	0.01385	0.04946	0.01489	0.04232	0.01307	0.06482	0.20345	0.00457	0.08176	0.00677	0.00381	0.00733
1	0.00925	0.00684	0.00997	0.00997	0.01098	0.00785	0.00756	0.01127	0.01026	0.01469	0.01769	0.02749	0.01707	0.13875	0.65828	0.00987	0.01593	0.00723	0.00352	0.00554
2	0.02456	0.01810	0.01939	0.01487	0.02004	0.02004	0.01228	0.71107	0.03038	0.04072	0.01551	0.01551	0.01099	0.00776	0.00646	0.00194	0.00711	0.00582	0.00646	0.01099
3	0.01624	0.01372	0.01464	0.01318	0.01678	0.01575	0.01037	0.07697	0.62875	0.02741	0.02613	0.02681	0.02032	0.00931	0.00672	0.00223	0.00530	0.05285	0.00653	0.00999
4	0.01455	0.01154	0.02960	0.01161	0.01462	0.03240	0.05522	0.10746	0.10349	0.08268	0.18300	0.06517	0.13458	0.06099	0.00923	0.00237	0.03190	0.00935	0.03255	0.00768
5	0.05157	0.01511	0.01623	0.01291	0.01758	0.05298	0.01046	0.29150	0.12410	0.21451	0.04646	0.01914	0.01508	0.00781	0.00627	0.00190	0.00621	0.00610	0.00643	0.07765
6	0.01724	0.03789	0.07991	0.08914	0.03837	0.04528	0.03216	0.17292	0.05946	0.07797	0.03452	0.05841	0.02992	0.00809	0.00724	0.00191	0.05726	0.00643	0.00479	0.14107
7	0.04625	0.01631	0.02011	0.04014	0.12181	0.12942	0.11025	0.11242	0.03499	0.15328	0.03797	0.04766	0.03126	0.00760	0.00646	0.00192	0.00758	0.00660	0.00496	0.06301
8	0.03909	0.03299	0.06763	0.08745	0.09486	0.04961	0.04374	0.10013	0.12424	0.06926	0.02090	0.08790	0.05739	0.01016	0.03253	0.00232	0.00703	0.00744	0.02767	0.03763

[dist]
# distance from previous block
# <min> <max>
17	48

[block]
# block no. 10 follows, 34 sequences, length 14
# corresponding to MSA columns:
# 523-536
name=unknown_K
#
# <colnr> <probs for GDERKNQSTAVLIFYWHMCP>
#	G	D	E	R	K	N	Q	S	T	A	V	L	I	F	Y	W	H	M	C	P
0	0.03944	0.07174	0.05329	0.01094	0.03835	0.00964	0.00841	0.07557	0.01461	0.01975	0.03267	0.39810	0.14670	0.01492	0.00720	0.00225	0.00478	0.01298	0.00535	0.03331
1	0.08617	0.07637	0.07928	0.06425	0.08801	0.01666	0.07353	0.20228	0.07401	0.04468	0.01582	0.04395	0.02789	0.00766	0.00697	0.00201	0.04690	0.00619	0.00460	0.03277
2	0.04385	0.01131	0.03881	0.05163	0.04204	0.01054	0.03448	0.06480	0.11075	0.07535	0.06259	0.14750	0.11607	0.04373	0.00784	0.00221	0.00535	0.00926	0.00537	0.11651
3	0.00919	0.00633	0.00852	0.00945	0.01016	0.00620	0.00670	0.01065	0.01278	0.04237	0.07215	0.54849	0.03890	0.05415	0.06084	0.00330	0.02346	0.06501	0.00578	0.00557
4	0.01435	0.01741	0.14269	0.05067	0.25501	0.04117	0.13254	0.04397	0.01472	0.02035	0.04091	0.09653	0.01557	0.04798	0.00870	0.00232	0.03529	0.00756	0.00370	0.00857
5	0.01448	0.06051	0.01638	0.01353	0.04235	0.01336	0.06540	0.06480	0.22367	0.04911	0.12630	0.07630	0.05476	0.05566	0.00934	0.00237	0.05941	0.00851	0.03561	0.00816
6	0.01008	0.00720	0.00843	0.00821	0.01026	0.00650	0.00631	0.03566	0.01617	0.06155	0.22346	0.12141	0.37075	0.01529	0.00770	0.00224	0.00375	0.07246	0.00641	0.00615
7	0.01552	0.01251	0.01455	0.01464	0.09169	0.06141	0.01026	0.07764	0.15204	0.08828	0.16317	0.05462	0.09183	0.01245	0.04741	0.00256	0.06708	0.00842	0.00568	0.00825
8	0.03608	0.22438	0.11477	0.04530	0.11356	0.08762	0.02931	0.17152	0.01772	0.04821	0.01238	0.01425	0.00976	0.00825	0.03836	0.00216	0.00835	0.00494	0.00394	0.00914
9	0.02088	0.01293	0.01489	0.01224	0.01590	0.02910	0.00976	0.20499	0.13733	0.23358	0.04521	0.02295	0.04209	0.03739	0.00962	0.06130	0.04596	0.00682	0.02785	0.00923
10	0.00929	0.00645	0.00861	0.04870	0.01157	0.00622	0.00684	0.01084	0.01311	0.04394	0.08478	0.49185	0.07835	0.08604	0.01028	0.00286	0.00438	0.06452	0.00580	0.00557
11	0.14403	0.01886	0.19244	0.01766	0.11495	0.04133	0.05548	0.10198	0.01629	0.11517	0.03565	0.04859	0.01281	0.00722	0.00606	0.00196	0.00724	0.00593	0.00448	0.05186
12	0.06648	0.11270	0.04277	0.07081	0.06848	0.10057	0.09665	0.14282	0.06141	0.04002	0.01445	0.04287	0.01214	0.00783	0.00740	0.00204	0.06767	0.03001	0.00425	0.00863
13	0.01181	0.04220	0.01158	0.01022	0.01222	0.00909	0.02173	0.05114	0.06005	0.06525	0.11465	0.26838	0.15473	0.03349	0.00879	0.00244	0.03722	0.07242	0.00592	0.00668

[dist]
# distance from previous block
# <min> <max>
0	6

[block]
# block no. 11 follows, 34 sequences, length 19
# corresponding to MSA columns:
# 543-561
name=unknown_L
#
# <colnr> <probs for GDERKNQSTAVLIFYWHMCP>
#	G	D	E	R	K	N	Q	S	T	A	V	L	I	F	Y	W	H	M	C	P
0	0.01749	0.09563	0.07188	0.04964	0.13143	0.06172	0.01269	0.04651	0.19677	0.12611	0.04599	0.02302	0.07701	0.00818	0.00632	0.00197	0.00650	0.00673	0.00515	0.00925
1	0.01659	0.06999	0.16370	0.01856	0.13048	0.07450	0.03990	0.09750	0.08299	0.05773	0.01786	0.06148	0.03916	0.00826	0.00693	0.00201	0.03538	0.02940	0.00437	0.04323
2	0.01122	0.00827	0.00989	0.01049	0.04990	0.03333	0.00726	0.01379	0.03373	0.07652	0.24398	0.20573	0.19679	0.03396	0.00821	0.00232	0.00425	0.03770	0.00620	0.00647
3	0.01854	0.32051	0.05157	0.03766	0.06895	0.15625	0.05991	0.07827	0.01591	0.04567	0.01147	0.01343	0.00944	0.00782	0.03605	0.00199	0.00855	0.00462	0.00352	0.04986
4	0.01235	0.00995	0.01063	0.00970	0.01213	0.04996	0.00734	0.03949	0.13560	0.04148	0.25037	0.07347	0.14967	0.04400	0.00908	0.04383	0.00460	0.02397	0.00595	0.06644
5	0.04448	0.08835	0.16880	0.07243	0.07223	0.03414	0.14419	0.03838	0.07060	0.06627	0.03459	0.04722	0.05318	0.00755	0.00641	0.00200	0.00773	0.00674	0.00411	0.03060
6	0.08971	0.08145	0.11149	0.06214	0.17136	0.13127	0.12822	0.04682	0.01558	0.08398	0.01262	0.01489	0.00961	0.00621	0.00609	0.00192	0.00859	0.00537	0.00373	0.00895
7	0.01067	0.00561	0.00826	0.00851	0.00858	0.00555	0.00568	0.00851	0.00907	0.01210	0.01527	0.14391	0.01645	0.02208	0.02243	0.67773	0.00530	0.00773	0.00334	0.00321
8	0.01163	0.01054	0.01682	0.03975	0.23966	0.01055	0.06522	0.01447	0.01434	0.01961	0.12527	0.14508	0.15087	0.01387	0.05471	0.00269	0.04272	0.01014	0.00467	0.00741
9	0.04288	0.06861	0.05771	0.09300	0.11594	0.06806	0.10825	0.10161	0.07085	0.07622	0.01659	0.06777	0.01393	0.02753	0.00711	0.00213	0.00757	0.01915	0.02637	0.00871
10	0.01105	0.00767	0.00899	0.00882	0.01038	0.00747	0.00632	0.06370	0.04056	0.05685	0.08076	0.22280	0.18928	0.19129	0.03365	0.00345	0.00503	0.04026	0.00568	0.00600
11	0.00921	0.00621	0.00720	0.00733	0.00747	0.00614	0.00428	0.00953	0.01029	0.01381	0.06685	0.12334	0.02800	0.64132	0.02855	0.00559	0.00578	0.01054	0.00435	0.00420
12	0.01816	0.45733	0.16137	0.01366	0.01952	0.15216	0.01377	0.06442	0.01524	0.01790	0.01006	0.01153	0.00845	0.00598	0.00496	0.00159	0.00826	0.00398	0.00309	0.00855
13	0.03810	0.01648	0.07213	0.03873	0.10895	0.04295	0.10901	0.19356	0.01795	0.09689	0.01450	0.01768	0.01132	0.03868	0.06262	0.00285	0.09792	0.00613	0.00450	0.00905
14	0.01454	0.01215	0.01509	0.03178	0.06617	0.08472	0.06380	0.01709	0.01472	0.08188	0.12544	0.02873	0.10927	0.03960	0.01000	0.00223	0.13304	0.00782	0.13474	0.00717
15	0.01296	0.00772	0.00998	0.00935	0.01039	0.00808	0.00668	0.08497	0.07333	0.01734	0.05891	0.02165	0.01538	0.01830	0.01939	0.56025	0.00542	0.00619	0.04902	0.00470
16	0.08176	0.01259	0.01399	0.01066	0.01580	0.01141	0.00855	0.12815	0.07198	0.05211	0.01441	0.03940	0.01171	0.00630	0.00531	0.00139	0.00519	0.00497	0.00470	0.49963
17	0.01157	0.00878	0.00987	0.03752	0.01238	0.04879	0.00722	0.03597	0.05185	0.05512	0.04863	0.42639	0.05722	0.07995	0.00957	0.00264	0.00484	0.01325	0.03482	0.04362
18	0.01227	0.04175	0.11618	0.03214	0.03785	0.01102	0.05984	0.07770	0.04006	0.02266	0.20653	0.06451	0.12826	0.01329	0.06210	0.00263	0.00659	0.00892	0.00511	0.05057

[dist]
# distance from previous block
# <min> <max>
0	9

[block]
# block no. 12 follows, 34 sequences, length 18
# corresponding to MSA columns:
# 571-588
name=unknown_M
#
# <colnr> <probs for GDERKNQSTAVLIFYWHMCP>
#	G	D	E	R	K	N	Q	S	T	A	V	L	I	F	Y	W	H	M	C	P
0	0.07045	0.10497	0.01870	0.01362	0.03288	0.05383	0.02793	0.23175	0.12143	0.18517	0.01886	0.06115	0.01446	0.00816	0.00616	0.00196	0.00646	0.00645	0.00589	0.00973
1	0.01841	0.12384	0.12570	0.01455	0.05523	0.03936	0.01268	0.16092	0.12797	0.10847	0.01850	0.01913	0.04254	0.02366	0.02614	0.00217	0.00705	0.00589	0.00500	0.06281
2	0.04025	0.03247	0.19029	0.02044	0.14224	0.03105	0.13774	0.04336	0.07839	0.03768	0.06719	0.10331	0.01816	0.00855	0.00678	0.00211	0.00759	0.01942	0.00428	0.00872
3	0.01000	0.00885	0.04488	0.01067	0.01174	0.00928	0.00841	0.01179	0.01032	0.01477	0.01764	0.06602	0.01806	0.22668	0.39807	0.00757	0.10815	0.00789	0.00359	0.00561
4	0.01136	0.00780	0.06582	0.00920	0.00995	0.00635	0.00705	0.00936	0.00883	0.01195	0.01125	0.01917	0.01098	0.02117	0.02375	0.74841	0.00592	0.00555	0.00280	0.00334
5	0.04033	0.10369	0.06767	0.01674	0.06169	0.09351	0.09285	0.21527	0.01895	0.05880	0.01363	0.03873	0.01092	0.00713	0.00681	0.00185	0.04613	0.00567	0.00445	0.09519
6	0.01453	0.01181	0.07071	0.01386	0.06028	0.01022	0.05086	0.09744	0.05517	0.12098	0.02825	0.34814	0.06365	0.01336	0.00735	0.00229	0.00555	0.01191	0.00577	0.00786
7	0.01202	0.01121	0.01883	0.71186	0.04249	0.01397	0.01734	0.01621	0.01277	0.01642	0.01184	0.01772	0.00907	0.00902	0.05162	0.00266	0.00914	0.00581	0.00291	0.00709
8	0.01045	0.00733	0.00987	0.00979	0.01071	0.00727	0.03569	0.06459	0.01272	0.01697	0.02582	0.36314	0.02942	0.20169	0.01654	0.11980	0.00529	0.04276	0.00495	0.00520
9	0.01518	0.01622	0.08891	0.08996	0.26456	0.06475	0.05664	0.04734	0.01468	0.04389	0.01757	0.04603	0.06801	0.03509	0.02725	0.00244	0.08238	0.00688	0.00375	0.00849
