[name]
unknown

[dist]
# distance from previous block
# <min> <max>
1	379

[block]
# block no. 0 follows, 34 sequences, length 15
# corresponding to MSA columns:
# 379-393
name=unknown_A
#
# <colnr> <probs for GDERKNQSTAVLIFYWHMCP>
#	G	D	E	R	K	N	Q	S	T	A	V	L	I	F	Y	W	H	M	C	P
0	0.07680	0.11015	0.01959	0.01496	0.01900	0.44748	0.01183	0.16383	0.01969	0.04317	0.01139	0.01252	0.00900	0.00675	0.00566	0.00172	0.00957	0.00444	0.00409	0.00836
1	0.02048	0.01496	0.01844	0.04497	0.07693	0.01556	0.04105	0.28984	0.14723	0.12402	0.01765	0.01779	0.01281	0.00724	0.00629	0.00187	0.00647	0.00596	0.00577	0.12468
2	0.00945	0.00698	0.00922	0.07664	0.01210	0.00746	0.00665	0.01085	0.01103	0.01491	0.06973	0.03701	0.07907	0.37810	0.23710	0.00649	0.00928	0.00883	0.00407	0.00503
3	0.00835	0.00618	0.00763	0.00840	0.00938	0.00570	0.00595	0.00987	0.01351	0.01764	0.11997	0.38538	0.20084	0.09557	0.01063	0.00286	0.00402	0.07690	0.00591	0.00532
4	0.10797	0.25812	0.16512	0.01550	0.02147	0.10576	0.11334	0.07432	0.01547	0.05099	0.01140	0.01307	0.00888	0.00610	0.00549	0.00180	0.00830	0.00471	0.00354	0.00868
5	0.01500	0.01765	0.08576	0.46545	0.11681	0.15545	0.01765	0.01904	0.01423	0.01726	0.01128	0.01569	0.00870	0.00639	0.00630	0.00202	0.00918	0.00535	0.00298	0.00780
6	0.00905	0.00688	0.00995	0.00995	0.01122	0.00778	0.00772	0.01128	0.01087	0.01528	0.02271	0.02951	0.09629	0.04486	0.66428	0.00946	0.01573	0.00768	0.00375	0.00573
7	0.01091	0.00977	0.01265	0.01159	0.01373	0.06664	0.08618	0.01368	0.01609	0.02102	0.29020	0.14652	0.12247	0.01400	0.00781	0.00229	0.00528	0.13701	0.00588	0.00628
8	0.04358	0.04140	0.15237	0.03858	0.11008	0.07120	0.23490	0.02331	0.04055	0.15801	0.01503	0.01683	0.01083	0.00635	0.00658	0.00202	0.00874	0.00611	0.00419	0.00934
9	0.02036	0.02171	0.01875	0.01598	0.01965	0.34851	0.08287	0.17356	0.07711	0.02278	0.01646	0.12104	0.01485	0.00886	0.00655	0.00196	0.00893	0.00714	0.00465	0.00829
10	0.00979	0.00813	0.01236	0.01372	0.09274	0.00775	0.06393	0.01242	0.03607	0.01909	0.13187	0.44330	0.09176	0.01577	0.00780	0.00238	0.00467	0.01443	0.00564	0.00638
11	0.31698	0.07276	0.03597	0.01357	0.04230	0.24753	0.01070	0.11939	0.01651	0.02471	0.01051	0.01196	0.00832	0.00637	0.00511	0.00180	0.00775	0.00416	0.00398	0.03960
12	0.01716	0.07503	0.04861	0.01559	0.08278	0.05549	0.01210	0.19701	0.07834	0.02545	0.04311	0.02282	0.01560	0.00844	0.00731	0.00192	0.05984	0.08220	0.00482	0.14639
13	0.01784	0.32400	0.15703	0.01691	0.09828	0.07918	0.04081	0.06591	0.01551	0.07108	0.03434	0.01439	0.01094	0.00643	0.00579	0.00174	0.02238	0.00484	0.00363	0.00896
14	0.10281	0.04821	0.11269	0.01563	0.07085	0.14180	0.01284	0.15009	0.11850	0.06632	0.05617	0.01939	0.02706	0.00777	0.00612	0.00196	0.00734	0.02051	0.00491	0.00903

[dist]
# distance from previous block
# <min> <max>
54	136

[block]
# block no. 1 follows, 34 sequences, length 74
# corresponding to MSA columns:
# 553-626
name=unknown_B
#
# <colnr> <probs for GDERKNQSTAVLIFYWHMCP>
#	G	D	E	R	K	N	Q	S	T	A	V	L	I	F	Y	W	H	M	C	P
0	0.01708	0.03735	0.07990	0.04446	0.07281	0.09168	0.09160	0.06387	0.03289	0.12160	0.01684	0.07867	0.01428	0.03339	0.06655	0.00277	0.04543	0.00689	0.02284	0.05908
1	0.01781	0.03825	0.01996	0.02048	0.19650	0.07718	0.05875	0.13316	0.16557	0.06253	0.05285	0.06517	0.01686	0.00809	0.00653	0.00198	0.00689	0.00704	0.00507	0.03932
2	0.01134	0.03107	0.01016	0.00860	0.01054	0.00838	0.00629	0.09161	0.01606	0.02200	0.27182	0.06765	0.11193	0.21995	0.01407	0.00312	0.00467	0.00998	0.02322	0.05756
3	0.01790	0.57227	0.02914	0.01160	0.01683	0.03959	0.01090	0.11018	0.04234	0.01962	0.03472	0.01299	0.01089	0.00619	0.00472	0.00149	0.00675	0.00422	0.00360	0.04405
4	0.01280	0.01059	0.01166	0.01148	0.03623	0.05355	0.00837	0.09580	0.10752	0.02321	0.19021	0.20594	0.07537	0.03956	0.00822	0.00234	0.00500	0.05920	0.00598	0.03698
5	0.02186	0.01802	0.03800	0.01835	0.12661	0.07731	0.01331	0.43545	0.05864	0.05974	0.03508	0.01847	0.01332	0.00783	0.00650	0.00196	0.00733	0.02629	0.00568	0.01023
6	0.08633	0.03826	0.02115	0.02167	0.20404	0.16580	0.06773	0.14837	0.04082	0.04775	0.01379	0.04804	0.01147	0.00741	0.00703	0.00198	0.04915	0.00596	0.00426	0.00900
7	0.00936	0.00666	0.00884	0.00952	0.01034	0.00676	0.00682	0.04089	0.01278	0.01730	0.05492	0.41923	0.03356	0.09207	0.15679	0.03253	0.00700	0.06390	0.00526	0.00548
8	0.02298	0.01809	0.01845	0.01466	0.01944	0.06279	0.01192	0.54621	0.15607	0.03673	0.01716	0.01686	0.01243	0.00788	0.00645	0.00197	0.00702	0.00599	0.00630	0.01064
9	0.04721	0.01692	0.02055	0.09829	0.25057	0.12056	0.03043	0.14740	0.04224	0.09068	0.01398	0.01591	0.01063	0.00657	0.00619	0.00187	0.00774	0.00550	0.00441	0.06236
10	0.01442	0.17555	0.25268	0.08175	0.16854	0.04347	0.01692	0.01950	0.04809	0.01903	0.01731	0.01914	0.08286	0.00715	0.00597	0.00190	0.00777	0.00579	0.00339	0.00877
11	0.01528	0.27894	0.35444	0.01635	0.02359	0.04631	0.08461	0.02134	0.06635	0.01904	0.01190	0.01362	0.00924	0.00608	0.00564	0.00183	0.00855	0.00477	0.00310	0.00902
12	0.01385	0.01125	0.01407	0.04460	0.15766	0.06935	0.01052	0.04039	0.06039	0.07934	0.02579	0.39173	0.02734	0.01353	0.00730	0.00228	0.00571	0.01208	0.00532	0.00750
13	0.08208	0.10471	0.02368	0.17272	0.39579	0.01622	0.01664	0.04526	0.01461	0.05180	0.01209	0.01536	0.00970	0.00606	0.00595	0.00191	0.00743	0.00533	0.00348	0.00920
14	0.00923	0.00692	0.01038	0.01038	0.01154	0.00808	0.00808	0.01154	0.01038	0.01500	0.01731	0.02538	0.01615	0.04846	0.74732	0.01038	0.01731	0.00692	0.00346	0.00577
15	0.00995	0.00815	0.01355	0.01226	0.01401	0.00899	0.09119	0.01255	0.01092	0.01558	0.01692	0.02508	0.01568	0.07063	0.63256	0.00925	0.01613	0.00710	0.00346	0.00605
16	0.01322	0.07788	0.69725	0.01798	0.02728	0.01564	0.02311	0.02040	0.01361	0.02015	0.01144	0.01345	0.00819	0.00610	0.00602	0.00201	0.00939	0.00470	0.00273	0.00947
17	0.00929	0.00625	0.00724	0.00734	0.00743	0.00629	0.00426	0.00948	0.00964	0.01292	0.02123	0.09002	0.02441	0.68670	0.06663	0.00622	0.00664	0.00987	0.00403	0.00410
18	0.00806	0.00576	0.00771	0.00921	0.00967	0.00541	0.00632	0.00932	0.01256	0.01670	0.03551	0.71727	0.04232	0.02007	0.00830	0.00265	0.00391	0.06795	0.00599	0.00530
19	0.01159	0.00609	0.00618	0.00615	0.00771	0.00598	0.00462	0.01450	0.01385	0.02367	0.05559	0.02800	0.07182	0.00844	0.00489	0.00158	0.00303	0.00684	0.71349	0.00598
20	0.01220	0.01148	0.01938	0.75739	0.04450	0.01436	0.01794	0.01651	0.01292	0.01651	0.01148	0.01723	0.00861	0.00646	0.00646	0.00215	0.00861	0.00574	0.00287	0.00718
21	0.00959	0.00672	0.00866	0.00811	0.00978	0.00614	0.00610	0.01252	0.01804	0.04512	0.66114	0.04855	0.10854	0.01329	0.00759	0.00204	0.00313	0.01168	0.00706	0.00619
22	0.28349	0.01646	0.14367	0.10235	0.02099	0.01432	0.01272	0.09246	0.03499	0.17336	0.01431	0.01527	0.01008	0.00693	0.00609	0.00205	0.03187	0.00503	0.00475	0.00880
23	0.01296	0.03342	0.73944	0.01842	0.02797	0.01501	0.02387	0.02046	0.01364	0.02046	0.01160	0.01364	0.00818	0.00614	0.00614	0.00205	0.00955	0.00477	0.00273	0.00955
24	0.01697	0.00965	0.04600	0.00965	0.01309	0.00776	0.00807	0.01973	0.01742	0.30887	0.27779	0.03890	0.17634	0.01142	0.00710	0.00205	0.00439	0.00967	0.00703	0.00810
25	0.01599	0.01535	0.02623	0.03966	0.73262	0.01535	0.01983	0.01983	0.01471	0.02111	0.01215	0.01599	0.01023	0.00576	0.00640	0.00192	0.00768	0.00576	0.00320	0.01023
26	0.01284	0.05244	0.10936	0.27776	0.07631	0.01386	0.17222	0.01726	0.01416	0.01903	0.05715	0.02294	0.08565	0.00752	0.00669	0.00207	0.00806	0.00708	0.02980	0.00779
27	0.01122	0.00561	0.00842	0.00842	0.00842	0.00561	0.00561	0.00842	0.00842	0.01122	0.01122	0.01964	0.01122	0.02245	0.02525	0.81201	0.00561	0.00561	0.00281	0.00281
28	0.00778	0.00655	0.00676	0.00685	0.00893	0.00553	0.00516	0.00948	0.01474	0.01770	0.07986	0.08672	0.66578	0.01647	0.00770	0.00222	0.00338	0.03689	0.00603	0.00548
29	0.01368	0.03247	0.69451	0.01819	0.02747	0.01532	0.02315	0.06356	0.01469	0.02173	0.01184	0.01376	0.00836	0.00624	0.00616	0.00204	0.00940	0.00484	0.00296	0.00964
30	0.02027	0.05367	0.15471	0.05856	0.06409	0.06518	0.09625	0.08831	0.03222	0.23765	0.01689	0.01756	0.01180	0.00690	0.00630	0.00196	0.00771	0.00585	0.04456	0.00957
31	0.00874	0.00647	0.00815	0.00797	0.00946	0.00588	0.00589	0.01131	0.01696	0.02333	0.53247	0.13914	0.17112	0.01460	0.00770	0.00213	0.00317	0.01283	0.00679	0.00588
32	0.00854	0.00725	0.00745	0.00734	0.00959	0.00653	0.00552	0.01187	0.08566	0.01864	0.08029	0.08246	0.61488	0.01564	0.00755	0.00219	0.00347	0.01311	0.00609	0.00595
33	0.28799	0.06697	0.15594	0.01719	0.09922	0.05801	0.07197	0.08321	0.01453	0.02438	0.01080	0.01304	0.00844	0.00647	0.00644	0.00200	0.05656	0.00473	0.00364	0.00847
34	0.01326	0.03134	0.64793	0.01957	0.02872	0.01518	0.11329	0.02049	0.01385	0.02049	0.01179	0.01414	0.00840	0.00605	0.00633	0.00206	0.00972	0.00515	0.00280	0.00944
35	0.01687	0.07705	0.30065	0.01865	0.11240	0.05266	0.01708	0.08686	0.16598	0.06553	0.01570	0.01649	0.01163	0.00689	0.00616	0.00198	0.00783	0.00551	0.00429	0.00980
36	0.00832	0.00619	0.00782	0.00900	0.00977	0.00587	0.00620	0.01040	0.04759	0.01720	0.03858	0.63062	0.12128	0.01916	0.00811	0.00256	0.00382	0.03594	0.00603	0.00554
37	0.01415	0.01218	0.03716	0.00995	0.01578	0.00887	0.00828	0.01716	0.01366	0.05628	0.01218	0.01383	0.00984	0.00499	0.00491	0.00104	0.00498	0.00399	0.00400	0.74679
38	0.05931	0.04580	0.01843	0.01366	0.01878	0.04523	0.01126	0.50821	0.04164	0.03504	0.01440	0.01482	0.01059	0.00713	0.00599	0.00177	0.00678	0.00530	0.00570	0.13016
39	0.01551	0.02720	0.54966	0.01633	0.02440	0.01329	0.01984	0.02175	0.01489	0.14888	0.07341	0.01800	0.01394	0.00706	0.00633	0.00204	0.00829	0.00565	0.00403	0.00952
40	0.00942	0.00665	0.00808	0.00844	0.00988	0.00609	0.00607	0.01168	0.03805	0.05417	0.16095	0.35353	0.23815	0.03274	0.00836	0.00244	0.00373	0.02944	0.00626	0.00589
41	0.01449	0.29784	0.48847	0.01580	0.02392	0.01876	0.01931	0.02007	0.01346	0.01859	0.01067	0.01248	0.00822	0.00592	0.00543	0.00181	0.00861	0.00431	0.00274	0.00910
42	0.00805	0.00578	0.00769	0.00915	0.00965	0.00542	0.00630	0.00933	0.01262	0.01673	0.03628	0.69872	0.06010	0.01996	0.00828	0.00264	0.00390	0.06809	0.00599	0.00531
43	0.02007	0.00917	0.01107	0.00918	0.01253	0.00859	0.00735	0.07551	0.01719	0.33647	0.04207	0.02546	0.06145	0.00844	0.00580	0.00181	0.00443	0.00682	0.32804	0.00854
44	0.01665	0.01175	0.01326	0.01150	0.01488	0.01260	0.00904	0.10306	0.33760	0.12143	0.20239	0.03003	0.04908	0.00986	0.00680	0.00208	0.00477	0.00828	0.02582	0.00914
45	0.70655	0.01272	0.01045	0.00970	0.02799	0.01470	0.00765	0.02083	0.09539	0.02859	0.01112	0.01223	0.00858	0.00632	0.00435	0.00202	0.00507	0.00400	0.00429	0.00745
46	0.01906	0.50098	0.02895	0.01558	0.10229	0.16639	0.01230	0.02128	0.01461	0.05156	0.01037	0.01186	0.00891	0.00590	0.00486	0.00153	0.00787	0.00402	0.00319	0.00850
47	0.05507	0.01325	0.01470	0.01173	0.01581	0.01394	0.00954	0.36176	0.02318	0.16321	0.09285	0.02221	0.03313	0.00844	0.00621	0.00190	0.00559	0.00665	0.13141	0.00942
48	0.00888	0.00632	0.00857	0.01001	0.01079	0.00610	0.00757	0.01065	0.01320	0.01741	0.03452	0.48167	0.03995	0.04734	0.00942	0.00289	0.00466	0.26869	0.00590	0.00546
49	0.01321	0.01182	0.01889	0.66888	0.04113	0.01451	0.01698	0.07320	0.01437	0.01877	0.01217	0.01734	0.00910	0.00661	0.00639	0.00211	0.00828	0.00576	0.03304	0.00745
50	0.02082	0.39100	0.02582	0.01395	0.01834	0.39866	0.01179	0.02269	0.01581	0.01552	0.00950	0.01103	0.00831	0.00611	0.00501	0.00153	0.00936	0.00382	0.00306	0.00788
51	0.81856	0.01250	0.00950	0.00850	0.01250	0.01449	0.00700	0.01899	0.01100	0.02899	0.00900	0.01050	0.00700	0.00600	0.00400	0.00200	0.00500	0.00350	0.00400	0.00700
52	0.00910	0.00664	0.00876	0.00832	0.00983	0.00629	0.00627	0.01201	0.01727	0.02438	0.62517	0.04621	0.08048	0.01727	0.09044	0.00297	0.00465	0.01122	0.00666	0.00604
53	0.00929	0.00669	0.00920	0.00920	0.00994	0.00743	0.00659	0.01078	0.01003	0.01412	0.01839	0.03140	0.01877	0.30646	0.49289	0.00892	0.01337	0.00780	0.00362	0.00511
54	0.00796	0.00566	0.00747	0.00888	0.00923	0.00531	0.00587	0.00902	0.01219	0.01626	0.03470	0.72526	0.04158	0.06526	0.00972	0.00284	0.00390	0.01783	0.00587	0.00517
55	0.07621	0.01109	0.01467	0.01132	0.01626	0.00980	0.00935	0.03074	0.01805	0.69475	0.02450	0.02130	0.01546	0.00788	0.00635	0.00200	0.00547	0.00632	0.00776	0.01076
56	0.01487	0.01472	0.02493	0.04884	0.34341	0.02938	0.17399	0.01994	0.07714	0.02056	0.01731	0.05363	0.04016	0.00788	0.00781	0.00215	0.05293	0.03755	0.00383	0.00897
57	0.00948	0.00687	0.00875	0.00897	0.01021	0.00656	0.00650	0.05250	0.01616	0.02215	0.33819	0.37190	0.06800	0.01626	0.00787	0.00232	0.00368	0.03113	0.00651	0.00599
58	0.01578	0.01276	0.01386	0.01232	0.01573	0.01434	0.00960	0.07082	0.53336	0.05081	0.14905	0.02777	0.02632	0.00946	0.00675	0.00214	0.00488	0.00796	0.00671	0.00957
59	0.01723	0.01674	0.03241	0.02433	0.05405	0.04001	0.51877	0.02280	0.05778	0.10588	0.01508	0.01804	0.01106	0.00615	0.00768	0.00215	0.02954	0.00724	0.00402	0.00904
60	0.01580	0.01265	0.01928	0.19440	0.29294	0.01334	0.01497	0.02149	0.11840	0.10927	0.05415	0.02311	0.06648	0.00776	0.00660	0.00205	0.00671	0.00693	0.00460	0.00908
61	0.00782	0.00655	0.00679	0.00673	0.00884	0.00553	0.00505	0.00962	0.01515	0.01846	0.14429	0.06053	0.65053	0.01599	0.00763	0.00216	0.00325	0.01340	0.00613	0.00553
62	0.02149	0.07049	0.04578	0.02164	0.18448	0.49151	0.01448	0.04227	0.01734	0.01783	0.01063	0.01275	0.00883	0.00640	0.00589	0.00173	0.01026	0.00455	0.00333	0.00833
63	0.01426	0.01200	0.01386	0.00998	0.01568	0.00950	0.00801	0.07002	0.01471	0.02258	0.01180	0.01356	0.00968	0.00502	0.00492	0.00103	0.00497	0.00398	0.00403	0.75042
64	0.01821	0.31237	0.19633	0.04082	0.04174	0.10583	0.03362	0.11768	0.01655	0.04461	0.01147	0.01299	0.00901	0.00624	0.00546	0.00173	0.00826	0.00454	0.00355	0.00899
65	0.00787	0.00562	0.00750	0.00900	0.00937	0.00525	0.00600	0.00900	0.01237	0.01649	0.03561	0.76871	0.04274	0.02024	0.00825	0.00262	0.00375	0.01837	0.00600	0.00525
66	0.01734	0.00857	0.01115	0.00944	0.01253	0.00764	0.00745	0.02031	0.03259	0.31965	0.34555	0.03850	0.11950	0.01132	0.00714	0.00204	0.00413	0.00967	0.00734	0.00814
67	0.01593	0.01374	0.01903	0.02192	0.28588	0.01311	0.01308	0.07150	0.08737	0.04291	0.01385	0.01588	0.01111	0.00606	0.00622	0.00160	0.02798	0.00518	0.00415	0.32348
68	0.01895	0.01614	0.01943	0.02135	0.22423	0.05945	0.01360	0.21993	0.21395	0.04655	0.02983	0.01905	0.01422	0.02353	0.00744	0.00211	0.02868	0.00630	0.00526	0.01001
69	0.00819	0.00657	0.00732	0.00713	0.00907	0.00569	0.00535	0.01035	0.01604	0.02057	0.31032	0.05705	0.48319	0.01520	0.00763	0.00213	0.00319	0.01292	0.00641	0.00569
70	0.00905	0.00648	0.00782	0.00769	0.00855	0.00634	0.00517	0.01037	0.01257	0.01697	0.20627	0.04449	0.13600	0.37313	0.11731	0.00514	0.00647	0.01027	0.00497	0.00494
71	0.05340	0.01133	0.01301	0.00948	0.01498	0.00882	0.00759	0.01671	0.01352	0.04794	0.01386	0.01536	0.03610	0.00539	0.00491	0.00109	0.00477	0.00427	0.00407	0.71339
72	0.06887	0.01207	0.01546	0.01186	0.01691	0.01100	0.03523	0.06822	0.07265	0.43069	0.02078	0.01924	0.01397	0.00720	0.00606	0.00181	0.00559	0.00586	0.00656	0.16996
73	0.70287	0.01378	0.01090	0.00949	0.01359	0.04196	0.00777	0.09470	0.01338	0.02979	0.00974	0.01109	0.00748	0.00621	0.00433	0.00198	0.00547	0.00378	0.00424	0.00745

[dist]
# distance from previous block
# <min> <max>
0	1

[block]
# block no. 2 follows, 34 sequences, length 100
# corresponding to MSA columns:
# 628-727
name=unknown_C
#
# <colnr> <probs for GDERKNQSTAVLIFYWHMCP>
#	G	D	E	R	K	N	Q	S	T	A	V	L	I	F	Y	W	H	M	C	P
0	0.01557	0.01436	0.02277	0.22337	0.43041	0.01547	0.01783	0.06597	0.08922	0.02181	0.01368	0.01713	0.01085	0.00639	0.00644	0.00201	0.00762	0.00592	0.00368	0.00948
1	0.00787	0.00562	0.00750	0.00900	0.00937	0.00525	0.00600	0.00900	0.01237	0.01649	0.03561	0.76871	0.04274	0.02024	0.00825	0.00262	0.00375	0.01837	0.00600	0.00525
2	0.01456	0.01696	0.06761	0.05194	0.03005	0.04311	0.51467	0.01954	0.01534	0.02050	0.05550	0.02403	0.01513	0.00719	0.00756	0.00222	0.00985	0.07230	0.00370	0.00824
3	0.00935	0.00643	0.00790	0.00790	0.00820	0.00673	0.00498	0.00995	0.00965	0.01316	0.01958	0.03795	0.02161	0.58711	0.21613	0.00732	0.00910	0.00876	0.00380	0.00439
4	0.01787	0.01433	0.02234	0.05135	0.48215	0.01456	0.01657	0.02398	0.13566	0.13073	0.01657	0.01832	0.01268	0.00663	0.00644	0.00198	0.00694	0.00613	0.00449	0.01026
5	0.01414	0.01414	0.01979	0.01696	0.01696	0.01979	0.01414	0.01555	0.00990	0.01555	0.00848	0.01414	0.00848	0.01131	0.02120	0.00283	0.76110	0.00565	0.00283	0.00707
6	0.01607	0.01388	0.01461	0.01315	0.01680	0.01607	0.01023	0.03433	0.72094	0.02703	0.02630	0.02411	0.01972	0.00877	0.00657	0.00219	0.00511	0.00731	0.00657	0.01023
7	0.01525	0.01743	0.03813	0.02723	0.03377	0.01634	0.70915	0.02070	0.01525	0.02070	0.01307	0.01743	0.00980	0.00545	0.00763	0.00218	0.01089	0.00763	0.00327	0.00871
8	0.02414	0.03079	0.01831	0.01665	0.01998	0.74698	0.01248	0.02580	0.01831	0.01581	0.00999	0.01165	0.00832	0.00666	0.00583	0.00166	0.01165	0.00416	0.00333	0.00749
9	0.00764	0.00655	0.00655	0.00655	0.00873	0.00545	0.00491	0.00927	0.01473	0.01745	0.06546	0.06218	0.73000	0.01636	0.00764	0.00218	0.00327	0.01364	0.00600	0.00545
10	0.02415	0.03031	0.01835	0.01658	0.01998	0.71900	0.01248	0.05218	0.01878	0.01677	0.01020	0.01180	0.00843	0.00670	0.00585	0.00168	0.01148	0.00423	0.00345	0.00763
11	0.05052	0.01150	0.01481	0.01160	0.01634	0.01062	0.00951	0.06919	0.07316	0.59425	0.05158	0.02246	0.01746	0.00818	0.00647	0.00201	0.00545	0.00663	0.00765	0.01063
12	0.00940	0.00626	0.00705	0.00705	0.00705	0.00626	0.00392	0.00940	0.00940	0.01253	0.02036	0.04228	0.02349	0.77292	0.03289	0.00626	0.00626	0.00940	0.00392	0.00392
13	0.00907	0.00613	0.00714	0.00746	0.00754	0.00605	0.00436	0.00931	0.01003	0.01337	0.02358	0.19585	0.02756	0.61381	0.02768	0.00549	0.00573	0.01129	0.00436	0.00420
14	0.09534	0.05316	0.09602	0.01576	0.04613	0.01831	0.03995	0.38646	0.06464	0.05657	0.01457	0.01536	0.01068	0.00743	0.00698	0.00201	0.04987	0.00555	0.00528	0.00996
15	0.00786	0.00566	0.00746	0.00891	0.00935	0.00526	0.00596	0.00901	0.01246	0.01653	0.03670	0.74286	0.06788	0.02010	0.00822	0.00261	0.00373	0.01820	0.00600	0.00526
16	0.00966	0.00712	0.00913	0.00868	0.01034	0.00681	0.00663	0.01368	0.06281	0.02558	0.64154	0.04825	0.05687	0.01321	0.00763	0.00210	0.00336	0.05324	0.00701	0.00635
17	0.01576	0.31089	0.39938	0.01548	0.02287	0.09654	0.01788	0.02061	0.01394	0.01800	0.01045	0.01221	0.00824	0.00597	0.00536	0.00176	0.00879	0.00422	0.00281	0.00886
18	0.01345	0.01414	0.06533	0.01690	0.06397	0.03602	0.03714	0.04228	0.01199	0.01739	0.01347	0.08500	0.01322	0.01768	0.14815	0.00398	0.38221	0.00702	0.00342	0.00726
19	0.00978	0.00677	0.00870	0.00812	0.00984	0.00617	0.00612	0.01269	0.01799	0.05276	0.64370	0.04847	0.11790	0.01328	0.00758	0.00204	0.00316	0.01166	0.00705	0.00623
20	0.69751	0.01445	0.05163	0.00958	0.01391	0.04788	0.00833	0.02000	0.01185	0.06275	0.01000	0.01129	0.00757	0.00613	0.00433	0.00199	0.00559	0.00375	0.00409	0.00736
21	0.00896	0.00646	0.00847	0.00825	0.00961	0.00597	0.00608	0.01173	0.01743	0.02454	0.62848	0.15289	0.05832	0.01423	0.00771	0.00212	0.00315	0.01266	0.00695	0.00597
22	0.01340	0.01148	0.01340	0.00957	0.01531	0.00861	0.00766	0.01627	0.01340	0.02105	0.01148	0.01340	0.00957	0.00479	0.00479	0.00096	0.00479	0.00383	0.00383	0.81242
23	0.01734	0.58148	0.12665	0.01271	0.01847	0.07613	0.01299	0.04103	0.01402	0.01674	0.00959	0.01115	0.00837	0.00590	0.00501	0.00154	0.02569	0.00381	0.00291	0.00846
24	0.01709	0.01251	0.01406	0.01224	0.01526	0.01341	0.00947	0.39661	0.02231	0.02987	0.02452	0.35288	0.02521	0.01335	0.00726	0.00225	0.00560	0.01144	0.00626	0.00842
25	0.00940	0.00626	0.00705	0.00705	0.00705	0.00626	0.00392	0.00940	0.00940	0.01253	0.02036	0.04228	0.02349	0.77292	0.03289	0.00626	0.00626	0.00940	0.00392	0.00392
26	0.01271	0.01200	0.02030	0.66082	0.13709	0.01449	0.01820	0.01696	0.01316	0.01713	0.01157	0.01706	0.00883	0.00637	0.00645	0.00212	0.00849	0.00574	0.00292	0.00759
27	0.00940	0.00626	0.00705	0.00705	0.00705	0.00626	0.00392	0.00940	0.00940	0.01253	0.02036	0.04228	0.02349	0.77292	0.03289	0.00626	0.00626	0.00940	0.00392	0.00392
28	0.01296	0.03342	0.73944	0.01842	0.02797	0.01501	0.02387	0.02046	0.01364	0.02046	0.01160	0.01364	0.00818	0.00614	0.00614	0.00205	0.00955	0.00477	0.00273	0.00955
29	0.00834	0.00597	0.00783	0.00916	0.00967	0.00566	0.00617	0.02868	0.01288	0.01717	0.03505	0.74759	0.04184	0.01989	0.00820	0.00260	0.00384	0.01802	0.00601	0.00541
30	0.01684	0.01841	0.02816	0.02146	0.02665	0.12723	0.39644	0.02551	0.22462	0.02183	0.01652	0.01853	0.01252	0.00661	0.00704	0.00210	0.00930	0.00700	0.00426	0.00898
31	0.01727	0.77681	0.03386	0.01106	0.01658	0.02557	0.01106	0.01935	0.01313	0.01520	0.00898	0.01036	0.00829	0.00553	0.00415	0.00138	0.00691	0.00345	0.00276	0.00829
32	0.00787	0.00562	0.00750	0.00900	0.00937	0.00525	0.00600	0.00900	0.01237	0.01649	0.03561	0.76871	0.04274	0.02024	0.00825	0.00262	0.00375	0.01837	0.00600	0.00525
33	0.00923	0.00692	0.01038	0.01038	0.01154	0.00808	0.00808	0.01154	0.01038	0.01500	0.01731	0.02538	0.01615	0.04846	0.74732	0.01038	0.01731	0.00692	0.00346	0.00577
34	0.02007	0.19402	0.18751	0.01583	0.02107	0.42142	0.01479	0.02317	0.01611	0.01675	0.01014	0.01183	0.00828	0.00629	0.00553	0.00169	0.01013	0.00415	0.00307	0.00814
35	0.01527	0.01461	0.02492	0.17651	0.60141	0.01516	0.01947	0.01920	0.01437	0.02023	0.01203	0.01623	0.00993	0.00589	0.00641	0.00196	0.00785	0.00575	0.00314	0.00965
36	0.01581	0.01520	0.02612	0.03867	0.69937	0.01520	0.03529	0.01965	0.01462	0.02095	0.01230	0.01625	0.01037	0.00677	0.02419	0.00213	0.00798	0.00583	0.00321	0.01009
37	0.02044	0.43359	0.02675	0.01357	0.01814	0.33486	0.01171	0.04327	0.01588	0.01624	0.00961	0.01107	0.00839	0.00608	0.00494	0.00152	0.00895	0.00383	0.00312	0.00803
38	0.00808	0.00614	0.00739	0.00819	0.00932	0.00554	0.00581	0.00957	0.01360	0.01743	0.08823	0.40837	0.28315	0.04659	0.00896	0.00259	0.00376	0.05594	0.00599	0.00536
39	0.01340	0.01148	0.01340	0.00957	0.01531	0.00861	0.00766	0.01627	0.01340	0.02105	0.01148	0.01340	0.00957	0.00479	0.00479	0.00096	0.00479	0.00383	0.00383	0.81242
40	0.01544	0.01619	0.03153	0.05574	0.34652	0.01596	0.35284	0.01999	0.01474	0.02056	0.01244	0.01666	0.00991	0.00583	0.00754	0.00209	0.03688	0.00666	0.00321	0.00929
41	0.00914	0.00660	0.00864	0.00813	0.00965	0.00610	0.00610	0.01219	0.01829	0.02591	0.72921	0.04827	0.06097	0.01321	0.00762	0.00203	0.00305	0.01169	0.00711	0.00610
42	0.00929	0.00628	0.00702	0.00702	0.00715	0.00622	0.00397	0.00939	0.00971	0.01282	0.02304	0.04347	0.06554	0.72789	0.03138	0.00602	0.00609	0.00965	0.00404	0.00401
43	0.01296	0.03342	0.73944	0.01842	0.02797	0.01501	0.02387	0.02046	0.01364	0.02046	0.01160	0.01364	0.00818	0.00614	0.00614	0.00205	0.00955	0.00477	0.00273	0.00955
44	0.01601	0.01373	0.01445	0.01296	0.01660	0.01580	0.01009	0.05319	0.67488	0.02708	0.02742	0.02525	0.04551	0.00902	0.00661	0.00218	0.00510	0.00749	0.00655	0.01007
45	0.00781	0.00588	0.00723	0.00830	0.00919	0.00531	0.00569	0.00907	0.01304	0.01677	0.04404	0.56918	0.23682	0.01915	0.00807	0.00250	0.00361	0.01703	0.00600	0.00531
46	0.01359	0.01346	0.01769	0.01555	0.01593	0.05431	0.01274	0.01517	0.01049	0.01550	0.01096	0.03998	0.01090	0.01781	0.14619	0.00407	0.56960	0.00620	0.00306	0.00681
47	0.06204	0.00862	0.01002	0.00859	0.01198	0.00755	0.00682	0.01851	0.01599	0.29957	0.04662	0.04353	0.40968	0.01250	0.00698	0.00210	0.00424	0.01027	0.00667	0.00771
48	0.00909	0.00675	0.00864	0.00970	0.01066	0.00665	0.00702	0.01224	0.08052	0.01851	0.07800	0.53788	0.05554	0.01829	0.00813	0.00259	0.00414	0.11364	0.00611	0.00588
49	0.01430	0.00816	0.00940	0.00825	0.01131	0.00706	0.00647	0.03629	0.01637	0.22482	0.07089	0.04890	0.48558	0.01362	0.00728	0.00212	0.00402	0.01131	0.00662	0.00722
50	0.02157	0.01943	0.01743	0.01455	0.01879	0.18206	0.01154	0.34413	0.22458	0.03056	0.01873	0.01839	0.03272	0.00804	0.00638	0.00196	0.00746	0.00609	0.00578	0.00983
51	0.00848	0.00671	0.00777	0.00824	0.01005	0.00600	0.00651	0.01052	0.01481	0.01843	0.09869	0.12043	0.45058	0.01685	0.00802	0.00241	0.00399	0.18985	0.00606	0.00561
52	0.00770	0.00629	0.00681	0.00723	0.00891	0.00540	0.00521	0.00920	0.01407	0.01719	0.05718	0.25817	0.53936	0.01744	0.00781	0.00230	0.00340	0.01495	0.00600	0.00540
53	0.06041	0.02635	0.01780	0.01564	0.01937	0.53118	0.01199	0.14159	0.05482	0.04412	0.01217	0.01320	0.00952	0.00696	0.00591	0.00176	0.01006	0.00464	0.00420	0.00830
54	0.01938	0.01541	0.02195	0.09272	0.37938	0.04211	0.01610	0.15077	0.05053	0.12499	0.01516	0.01707	0.01141	0.00668	0.00642	0.00196	0.00738	0.00588	0.00461	0.01011
55	0.01545	0.01506	0.02650	0.12856	0.57980	0.01532	0.08514	0.01950	0.01454	0.02049	0.01216	0.01628	0.00999	0.00582	0.00652	0.00197	0.00810	0.00593	0.00316	0.00971
56	0.01068	0.00593	0.00876	0.00876	0.00901	0.00618	0.00604	0.00915	0.00890	0.01212	0.01310	0.02228	0.01304	0.07440	0.18143	0.58939	0.00817	0.00613	0.00302	0.00351
57	0.13615	0.01194	0.01305	0.00969	0.01509	0.01012	0.00779	0.04115	0.03437	0.02311	0.01168	0.01334	0.00953	0.00519	0.00478	0.00119	0.00491	0.00395	0.00403	0.63896
58	0.46135	0.01461	0.06083	0.01089	0.01500	0.03597	0.00933	0.05406	0.17877	0.02732	0.01533	0.04988	0.01258	0.00767	0.00522	0.00209	0.00559	0.02076	0.00474	0.00802
59	0.01464	0.03802	0.06855	0.02929	0.41978	0.01437	0.10788	0.01960	0.06047	0.02153	0.08930	0.02198	0.05123	0.00721	0.00667	0.00199	0.00734	0.00697	0.00392	0.00927
60	0.01346	0.01075	0.01181	0.01081	0.01371	0.01160	0.00832	0.02459	0.40545	0.05245	0.18436	0.06245	0.14071	0.01131	0.00703	0.00216	0.00434	0.00962	0.00663	0.00844
61	0.01391	0.01155	0.01348	0.00974	0.01539	0.00888	0.00779	0.01727	0.03613	0.04100	0.01234	0.01398	0.01007	0.00500	0.00489	0.00103	0.00482	0.00401	0.00403	0.76470
62	0.03146	0.06899	0.22646	0.01594	0.04199	0.05221	0.11312	0.03979	0.01509	0.04697	0.06023	0.03627	0.06749	0.00773	0.00631	0.00188	0.00751	0.02675	0.00402	0.12982
63	0.00821	0.00634	0.00758	0.00842	0.00978	0.00572	0.00628	0.00988	0.01384	0.01741	0.04847	0.33800	0.34349	0.01813	0.00810	0.00249	0.00392	0.13248	0.00599	0.00546
64	0.01518	0.01771	0.11869	0.02274	0.11990	0.01572	0.28030	0.06035	0.13906	0.02239	0.01720	0.04477	0.03307	0.00747	0.00788	0.00217	0.05493	0.00727	0.00409	0.00910
65	0.02392	0.07170	0.01917	0.01605	0.01968	0.63414	0.01230	0.07209	0.01884	0.03953	0.01078	0.01216	0.00874	0.00671	0.00579	0.00168	0.01089	0.00431	0.00365	0.00788
66	0.00818	0.00585	0.00781	0.00905	0.00964	0.00548	0.00626	0.00966	0.01328	0.01788	0.12556	0.63567	0.04479	0.01919	0.00820	0.00257	0.00378	0.05560	0.00614	0.00540
67	0.02341	0.01753	0.01874	0.01463	0.01960	0.01950	0.01200	0.61916	0.12417	0.03886	0.01698	0.01668	0.01217	0.00789	0.00648	0.00197	0.00684	0.00602	0.00648	0.01088
68	0.77221	0.01320	0.01004	0.00892	0.01293	0.03649	0.00731	0.03895	0.01177	0.02893	0.00921	0.01067	0.00715	0.00607	0.00412	0.00199	0.00526	0.00358	0.00405	0.00713
69	0.01388	0.01468	0.05936	0.09948	0.14306	0.01398	0.24655	0.02063	0.13401	0.02152	0.08294	0.06490	0.03900	0.00807	0.00708	0.00214	0.00774	0.00808	0.00433	0.00857
70	0.00983	0.00683	0.00832	0.00852	0.01013	0.00626	0.00625	0.01233	0.04208	0.06532	0.18993	0.30647	0.24621	0.01630	0.00778	0.00233	0.00371	0.03897	0.00638	0.00607
71	0.02081	0.05894	0.12938	0.01500	0.02021	0.14819	0.01349	0.32251	0.11090	0.04536	0.04135	0.01671	0.01299	0.00753	0.00624	0.00192	0.00785	0.00566	0.00522	0.00973
72	0.01026	0.00696	0.00777	0.00748	0.00801	0.00699	0.00457	0.04959	0.01142	0.01544	0.05706	0.04130	0.05678	0.62932	0.02794	0.00545	0.00590	0.00938	0.03382	0.00457
73	0.05148	0.03782	0.03747	0.01368	0.01855	0.01775	0.01139	0.39432	0.22416	0.03343	0.01771	0.01739	0.01305	0.00762	0.00618	0.00192	0.00633	0.00589	0.00597	0.07791
74	0.03794	0.01705	0.14056	0.02586	0.34241	0.02903	0.05904	0.03740	0.01490	0.02112	0.01931	0.02436	0.08800	0.00784	0.00657	0.00200	0.00740	0.05683	0.00378	0.05861
75	0.01528	0.21188	0.43675	0.01720	0.02498	0.05813	0.08209	0.04709	0.01456	0.01973	0.01116	0.01315	0.00847	0.00602	0.00579	0.00187	0.00905	0.00472	0.00296	0.00911
76	0.01573	0.48656	0.26622	0.01370	0.02036	0.02161	0.01534	0.02014	0.03760	0.01736	0.01043	0.01201	0.00865	0.00598	0.00529	0.00166	0.02563	0.00408	0.00288	0.00875
77	0.00794	0.00617	0.00716	0.00770	0.00903	0.00546	0.00544	0.00947	0.01399	0.01779	0.12020	0.34302	0.36567	0.03970	0.00862	0.00246	0.00353	0.01521	0.00605	0.00539
78	0.01667	0.01479	0.02434	0.17391	0.46985	0.03649	0.05992	0.02051	0.01486	0.08673	0.01326	0.01675	0.01038	0.00611	0.00648	0.00198	0.00797	0.00589	0.00359	0.00954
79	0.01479	0.01245	0.06124	0.11421	0.21371	0.01160	0.01346	0.01964	0.08956	0.11555	0.06666	0.17315	0.02239	0.01030	0.00696	0.00218	0.00620	0.03242	0.00503	0.00849
80	0.01195	0.00604	0.00611	0.00609	0.00760	0.00602	0.00457	0.01496	0.01370	0.02415	0.04361	0.02486	0.01797	0.00771	0.00462	0.00152	0.00301	0.00620	0.78328	0.00602
81	0.01513	0.01579	0.03061	0.12089	0.30703	0.01582	0.33380	0.01968	0.01459	0.02018	0.01237	0.01674	0.00978	0.00588	0.00744	0.00210	0.03332	0.00660	0.00318	0.00907
82	0.01308	0.01264	0.02217	0.57686	0.15286	0.01469	0.08119	0.01742	0.01342	0.01762	0.01174	0.01705	0.00898	0.00626	0.00656	0.00212	0.00867	0.00592	0.00296	0.00780
83	0.01798	0.01432	0.06218	0.07737	0.28728	0.01356	0.01491	0.02470	0.16371	0.17929	0.01940	0.04466	0.01511	0.00779	0.00658	0.00207	0.00666	0.02749	0.00508	0.00985
84	0.00993	0.00589	0.00819	0.00837	0.00891	0.00570	0.00578	0.00926	0.01118	0.01496	0.12318	0.15637	0.09229	0.02118	0.04616	0.44965	0.00516	0.00948	0.00430	0.00406
85	0.01340	0.01148	0.01340	0.00957	0.01531	0.00861	0.00766	0.01627	0.01340	0.02105	0.01148	0.01340	0.00957	0.00479	0.00479	0.00096	0.00479	0.00383	0.00383	0.81242
86	0.13819	0.01512	0.01749	0.38254	0.07149	0.13299	0.01442	0.02078	0.06221	0.06670	0.01283	0.01601	0.00966	0.00664	0.00599	0.00203	0.00806	0.00530	0.00373	0.00784
87	0.00815	0.00657	0.00726	0.00709	0.00905	0.00568	0.00532	0.01028	0.01595	0.02036	0.29333	0.05740	0.50031	0.01528	0.00763	0.00213	0.00320	0.01297	0.00638	0.00568
88	0.01295	0.01243	0.01988	0.51265	0.07524	0.01591	0.01700	0.01643	0.01218	0.01650	0.01069	0.01630	0.00867	0.00776	0.01053	0.00233	0.21664	0.00572	0.00288	0.00732
89	0.02056	0.41758	0.02591	0.01304	0.01769	0.25857	0.01133	0.02346	0.05553	0.08471	0.01186	0.01267	0.00968	0.00631	0.00505	0.00158	0.00822	0.00419	0.00366	0.00840
90	0.00940	0.00626	0.00705	0.00705	0.00705	0.00626	0.00392	0.00940	0.00940	0.01253	0.02036	0.04228	0.02349	0.77292	0.03289	0.00626	0.00626	0.00940	0.00392	0.00392
91	0.04372	0.01351	0.02255	0.36000	0.39800	0.01487	0.01851	0.01831	0.01377	0.01934	0.01174	0.01634	0.00939	0.00608	0.00634	0.00203	0.00800	0.00567	0.00308	0.00875
92	0.02397	0.01744	0.01886	0.01441	0.01961	0.01895	0.01189	0.64367	0.02888	0.06158	0.01556	0.01558	0.01105	0.00757	0.00635	0.00188	0.00691	0.00571	0.00634	0.06380
93	0.00855	0.00591	0.00730	0.00812	0.00833	0.00570	0.00507	0.00918	0.01104	0.01472	0.02878	0.44333	0.03412	0.35738	0.01928	0.00425	0.00488	0.01435	0.00507	0.00465
94	0.18098	0.01821	0.01796	0.01979	0.20264	0.21401	0.01265	0.06056	0.01660	0.17656	0.01399	0.01498	0.01035	0.00664	0.00579	0.00188	0.00773	0.00504	0.00460	0.00905
95	0.01760	0.01364	0.07047	0.01402	0.03743	0.03828	0.08427	0.07126	0.10416	0.20143	0.16499	0.06451	0.04687	0.03191	0.00769	0.00220	0.00610	0.00837	0.00605	0.00875
96	0.01887	0.06459	0.06279	0.05016	0.01852	0.14401	0.01119	0.21011	0.07202	0.06658	0.01697	0.02075	0.03272	0.12362	0.01014	0.00250	0.00751	0.00610	0.00481	0.05603
97	0.15727	0.04251	0.01695	0.01298	0.01733	0.05850	0.07323	0.19392	0.05009	0.02644	0.01744	0.07350	0.05234	0.00812	0.00634	0.00186	0.02790	0.00648	0.00479	0.15198
98	0.01925	0.03667	0.01501	0.01217	0.01595	0.10252	0.00972	0.21949	0.05607	0.14169	0.05792	0.09759	0.09244	0.01028	0.00669	0.00200	0.00621	0.03883	0.00599	0.05351
99	0.09069	0.01493	0.01751	0.05104	0.12757	0.04833	0.01214	0.23018	0.08775	0.11832	0.06975	0.01905	0.01540	0.00776	0.00679	0.00198	0.03409	0.00613	0.00548	0.03510

[dist]
# distance from previous block
# <min> <max>
8	13

[block]
# block no. 3 follows, 34 sequences, length 10
# corresponding to MSA columns:
# 741-750
name=unknown_D
#
# <colnr> <probs for GDERKNQSTAVLIFYWHMCP>
#	G	D	E	R	K	N	Q	S	T	A	V	L	I	F	Y	W	H	M	C	P
0	0.04141	0.05542	0.09799	0.02267	0.25494	0.03486	0.05385	0.15590	0.01727	0.02424	0.01482	0.09156	0.01314	0.00758	0.00628	0.00190	0.00725	0.00664	0.00415	0.08815
1	0.61435	0.12685	0.01394	0.00937	0.01371	0.01615	0.00801	0.05476	0.01272	0.06732	0.01025	0.01138	0.00790	0.00613	0.00429	0.00190	0.00542	0.00378	0.00416	0.00762
2	0.00958	0.00689	0.00883	0.00980	0.01071	0.00675	0.00699	0.07036	0.01419	0.01889	0.03373	0.63249	0.03942	0.01892	0.00816	0.00260	0.00426	0.08559	0.00603	0.00582
3	0.00774	0.00614	0.00697	0.00763	0.00901	0.00536	0.00539	0.00915	0.01368	0.01703	0.05220	0.37592	0.42481	0.01809	0.00791	0.00238	0.00348	0.01574	0.00600	0.00536
4	0.01765	0.12441	0.09068	0.03892	0.12028	0.09447	0.21039	0.12502	0.03449	0.02226	0.01234	0.01501	0.00968	0.00646	0.00718	0.00197	0.05028	0.00575	0.00368	0.00906
5	0.13877	0.37875	0.02415	0.01217	0.01693	0.12036	0.01073	0.11713	0.08798	0.02207	0.01179	0.01267	0.00964	0.00639	0.00492	0.00167	0.00711	0.00428	0.00392	0.00856
6	0.01446	0.00961	0.01126	0.00995	0.01160	0.01028	0.00712	0.11905	0.08618	0.08194	0.05537	0.03137	0.02056	0.36559	0.02134	0.07760	0.04741	0.00796	0.00492	0.00641
7	0.08601	0.17748	0.01963	0.01367	0.04851	0.19475	0.01073	0.09471	0.03681	0.12879	0.07574	0.01704	0.01467	0.00717	0.00564	0.00173	0.00726	0.00528	0.00473	0.04966
8	0.01519	0.03660	0.07555	0.01571	0.06992	0.04621	0.08784	0.14988	0.08888	0.02425	0.06671	0.13226	0.07765	0.00985	0.00677	0.00202	0.00651	0.00862	0.00506	0.07452
9	0.06410	0.05511	0.08939	0.04317	0.09059	0.01237	0.04105	0.08701	0.02787	0.03855	0.01766	0.05628	0.03717	0.16628	0.10752	0.00390	0.00820	0.00712	0.00410	0.04257

[dist]
# distance from previous block
# <min> <max>
55	205

[block]
# block no. 4 follows, 34 sequences, length 7
# corresponding to MSA columns:
# 977-983
name=unknown_E
#
# <colnr> <probs for GDERKNQSTAVLIFYWHMCP>
#	G	D	E	R	K	N	Q	S	T	A	V	L	I	F	Y	W	H	M	C	P
0	0.01817	0.21289	0.02292	0.09778	0.02123	0.16497	0.03693	0.13680	0.01652	0.02010	0.01184	0.04158	0.01036	0.00888	0.02820	0.00217	0.13146	0.00540	0.00368	0.00810
1	0.07636	0.00782	0.00943	0.00986	0.01097	0.00823	0.00711	0.06292	0.01355	0.01932	0.03157	0.55210	0.07427	0.01723	0.00871	0.00251	0.06146	0.01497	0.00563	0.00597
2	0.01906	0.14443	0.15444	0.01872	0.11009	0.10996	0.05075	0.21763	0.06969	0.02533	0.01328	0.01463	0.01018	0.00667	0.00601	0.00186	0.00821	0.00523	0.00423	0.00959
3	0.01029	0.00788	0.01036	0.01003	0.01160	0.00876	0.00768	0.04650	0.06568	0.01727	0.02452	0.03107	0.11122	0.09892	0.49878	0.00793	0.01313	0.00799	0.00422	0.00616
4	0.02447	0.02096	0.01915	0.01527	0.02002	0.18395	0.01233	0.55656	0.02766	0.03511	0.01427	0.01464	0.01039	0.00751	0.00632	0.00188	0.00813	0.00544	0.00576	0.01020
5	0.01369	0.01398	0.08636	0.01091	0.01677	0.01019	0.00960	0.01895	0.10200	0.02174	0.01335	0.01476	0.01070	0.00542	0.00514	0.00122	0.00530	0.00436	0.00406	0.63148
6	0.01582	0.06076	0.07452	0.01229	0.01567	0.01313	0.01056	0.12829	0.08152	0.11100	0.02563	0.19009	0.09217	0.01165	0.00862	0.00221	0.10010	0.00934	0.00544	0.03119

[dist]
# distance from previous block
# <min> <max>
0	2

[block]
# block no. 5 follows, 34 sequences, length 18
# corresponding to MSA columns:
# 986-1003
name=unknown_F
#
# <colnr> <probs for GDERKNQSTAVLIFYWHMCP>
#	G	D	E	R	K	N	Q	S	T	A	V	L	I	F	Y	W	H	M	C	P
0	0.01732	0.01564	0.03987	0.09547	0.23620	0.05037	0.01474	0.19689	0.11547	0.02625	0.04869	0.02321	0.01602	0.00818	0.00668	0.00207	0.00716	0.06549	0.00487	0.00941
1	0.02169	0.01754	0.01852	0.10084	0.02233	0.07065	0.01261	0.46938	0.14196	0.03386	0.01644	0.01686	0.01197	0.00769	0.00644	0.00199	0.00728	0.00594	0.00584	0.01017
2	0.00867	0.00629	0.00816	0.00895	0.00926	0.00640	0.00597	0.00959	0.01132	0.01529	0.02900	0.48790	0.03415	0.22307	0.06589	0.00414	0.04125	0.01458	0.00512	0.00501
3	0.02386	0.01757	0.01889	0.01462	0.01959	0.01941	0.01202	0.68139	0.02962	0.03970	0.01636	0.04735	0.01233	0.00828	0.00654	0.00197	0.00697	0.00635	0.00644	0.01075
4	0.00923	0.00692	0.01038	0.01038	0.01154	0.00808	0.00808	0.01154	0.01038	0.01500	0.01731	0.02538	0.01615	0.04846	0.74732	0.01038	0.01731	0.00692	0.00346	0.00577
5	0.01013	0.00825	0.01211	0.01159	0.01253	0.01022	0.00919	0.01227	0.01029	0.01510	0.01569	0.02332	0.01475	0.04165	0.61422	0.00900	0.15364	0.00669	0.00335	0.00601
6	0.02456	0.01810	0.01939	0.01487	0.02004	0.02004	0.01228	0.71107	0.03038	0.04072	0.01551	0.01551	0.01099	0.00776	0.00646	0.00194	0.00711	0.00582	0.00646	0.01099
7	0.01401	0.01185	0.01373	0.00986	0.01557	0.00924	0.00791	0.05445	0.01433	0.02214	0.01171	0.01351	0.00965	0.00495	0.00488	0.00101	0.00491	0.00394	0.00397	0.76838
8	0.17383	0.01607	0.01625	0.10217	0.02072	0.06694	0.01146	0.28413	0.19097	0.03055	0.01601	0.01657	0.01187	0.00743	0.00597	0.00202	0.00671	0.00561	0.00537	0.00934
9	0.00782	0.00655	0.00680	0.00674	0.00884	0.00553	0.00505	0.00963	0.01516	0.01849	0.14683	0.06048	0.64797	0.01598	0.00763	0.00216	0.00325	0.01340	0.00614	0.00553
10	0.02261	0.01618	0.01786	0.01407	0.01868	0.01785	0.01153	0.56012	0.05720	0.07598	0.01675	0.01743	0.01226	0.01268	0.09509	0.00296	0.00815	0.00605	0.00620	0.01033
11	0.01403	0.01391	0.02089	0.53134	0.20326	0.07240	0.01795	0.01802	0.01376	0.01753	0.01152	0.01650	0.00897	0.00631	0.00640	0.00206	0.00863	0.00562	0.00298	0.00792
12	0.01225	0.01163	0.01556	0.14159	0.01988	0.07632	0.03795	0.01479	0.01160	0.01566	0.01374	0.02023	0.01240	0.02852	0.38186	0.00638	0.16363	0.00625	0.00321	0.00653
13	0.00939	0.00709	0.00907	0.00983	0.01073	0.00716	0.00714	0.04907	0.01370	0.01816	0.03567	0.54703	0.10565	0.01841	0.00892	0.00259	0.04890	0.07988	0.00583	0.00576
14	0.05844	0.01690	0.01669	0.01376	0.01817	0.09581	0.01103	0.29538	0.24995	0.12647	0.01945	0.01852	0.01402	0.00792	0.00632	0.00200	0.00664	0.00611	0.00625	0.01018
15	0.01022	0.00848	0.01107	0.01085	0.01198	0.04486	0.00837	0.01236	0.01129	0.01574	0.05956	0.06727	0.01956	0.05825	0.55847	0.00841	0.06591	0.00768	0.00378	0.00589
16	0.05455	0.45489	0.02707	0.21203	0.02411	0.02126	0.01275	0.06017	0.04615	0.01826	0.01083	0.01315	0.00900	0.00608	0.00501	0.00169	0.00721	0.00439	0.00324	0.00818
17	0.01894	0.01484	0.01624	0.05013	0.01908	0.01682	0.01116	0.22796	0.45424	0.06412	0.02243	0.02120	0.01649	0.00833	0.00653	0.00211	0.00588	0.00676	0.00643	0.01033

[dist]
# distance from previous block
# <min> <max>
0	15

[block]
# block no. 6 follows, 34 sequences, length 13
# corresponding to MSA columns:
# 1019-1031
name=unknown_G
#
# <colnr> <probs for GDERKNQSTAVLIFYWHMCP>
#	G	D	E	R	K	N	Q	S	T	A	V	L	I	F	Y	W	H	M	C	P
0	0.15632	0.33544	0.24741	0.01320	0.01958	0.05577	0.01433	0.02058	0.01345	0.05658	0.01070	0.01207	0.00843	0.00598	0.00495	0.00174	0.00756	0.00407	0.00327	0.00856
1	0.14006	0.00778	0.00893	0.00915	0.01029	0.00833	0.00659	0.01154	0.01220	0.01870	0.07748	0.36938	0.10014	0.10479	0.01159	0.00289	0.07657	0.01276	0.00520	0.00563
2	0.01537	0.25084	0.10127	0.01489	0.05042	0.06309	0.08483	0.08941	0.01515	0.01932	0.01634	0.15139	0.01630	0.07396	0.00837	0.00228	0.00735	0.00762	0.00393	0.00787
3	0.01206	0.01089	0.01356	0.06207	0.01588	0.07248	0.05792	0.01548	0.07160	0.01675	0.01838	0.09601	0.01803	0.16428	0.23821	0.00537	0.03001	0.00797	0.00400	0.06903
4	0.00999	0.00820	0.01349	0.07548	0.01622	0.00931	0.06792	0.01273	0.01101	0.01561	0.01645	0.02402	0.01498	0.04126	0.62192	0.00899	0.01603	0.00688	0.00339	0.00614
5	0.07150	0.22559	0.05390	0.03463	0.03903	0.11695	0.18719	0.09194	0.01584	0.02061	0.01176	0.01454	0.00958	0.00959	0.06821	0.00253	0.00948	0.00530	0.00351	0.00834
6	0.08516	0.01487	0.01573	0.01346	0.01667	0.05478	0.01080	0.16343	0.27873	0.04814	0.05125	0.02117	0.04181	0.00913	0.00902	0.00220	0.14243	0.00662	0.00553	0.00906
7	0.01126	0.00850	0.01206	0.07442	0.01441	0.01006	0.00898	0.01303	0.01087	0.05213	0.01769	0.07864	0.01764	0.18662	0.32259	0.00658	0.13684	0.00792	0.00381	0.00595
8	0.06032	0.01677	0.03433	0.10576	0.20422	0.12414	0.03094	0.14817	0.05420	0.05963	0.01586	0.08779	0.01357	0.00801	0.00642	0.00201	0.00763	0.00676	0.00450	0.00895
9	0.01102	0.00835	0.01148	0.01075	0.01264	0.00926	0.00845	0.07880	0.01253	0.01793	0.01668	0.02351	0.01515	0.04117	0.61867	0.00884	0.01536	0.00658	0.00378	0.06907
