[name]
unknown

[dist]
# distance from previous block
# <min> <max>
1	10

[block]
# block no. 0 follows, 31 sequences, length 6
# corresponding to MSA columns:
# 28-33
name=unknown_A
#
# <colnr> <probs for GDERKNQSTAVLIFYWHMCP>
#	G	D	E	R	K	N	Q	S	T	A	V	L	I	F	Y	W	H	M	C	P
0	0.16711	0.17383	0.22541	0.01688	0.02322	0.05814	0.11352	0.05414	0.01490	0.02269	0.01129	0.01371	0.00888	0.00675	0.00704	0.00207	0.06295	0.00504	0.00347	0.00896
1	0.23058	0.12991	0.02047	0.01448	0.01914	0.21764	0.04646	0.16581	0.05188	0.02676	0.01238	0.01363	0.00969	0.00698	0.00568	0.00193	0.00835	0.00483	0.00449	0.00891
2	0.04750	0.08625	0.02049	0.01544	0.01999	0.19553	0.04324	0.23122	0.16221	0.05120	0.04742	0.01846	0.01488	0.00802	0.00651	0.00200	0.00814	0.00613	0.00554	0.00983
3	0.01234	0.00706	0.00930	0.00967	0.01093	0.00649	0.00673	0.01381	0.01433	0.13502	0.08812	0.49944	0.03985	0.09933	0.01122	0.00304	0.00451	0.01575	0.00656	0.00649
4	0.01588	0.01569	0.01823	0.01604	0.01731	0.10268	0.01299	0.05145	0.07392	0.01874	0.01310	0.01808	0.01179	0.01898	0.16306	0.00437	0.40994	0.00624	0.00373	0.00775
5	0.01699	0.01807	0.03675	0.07978	0.03500	0.01757	0.56850	0.09503	0.01772	0.02391	0.01400	0.01822	0.01043	0.00611	0.00785	0.00228	0.01092	0.00772	0.00380	0.00937

[dist]
# distance from previous block
# <min> <max>
0	5

[block]
# block no. 1 follows, 31 sequences, length 8
# corresponding to MSA columns:
# 39-46
name=unknown_B
#
# <colnr> <probs for GDERKNQSTAVLIFYWHMCP>
#	G	D	E	R	K	N	Q	S	T	A	V	L	I	F	Y	W	H	M	C	P
0	0.01292	0.01216	0.02052	0.74312	0.04712	0.01520	0.01900	0.01748	0.01368	0.01748	0.01216	0.01824	0.00912	0.00684	0.00684	0.00228	0.00912	0.00608	0.00304	0.00760
1	0.01703	0.01439	0.01529	0.01374	0.01747	0.01650	0.01066	0.08020	0.60913	0.02884	0.02775	0.07623	0.02196	0.01006	0.00708	0.00233	0.00546	0.00845	0.00691	0.01051
2	0.01489	0.01609	0.03281	0.20288	0.03629	0.01638	0.45563	0.01990	0.01508	0.02031	0.01438	0.05568	0.01177	0.00716	0.00857	0.00236	0.04975	0.00805	0.00348	0.00855
3	0.00834	0.00595	0.00794	0.00953	0.00992	0.00556	0.00635	0.00953	0.01310	0.01746	0.03771	0.75510	0.04525	0.02143	0.00873	0.00278	0.00397	0.01945	0.00635	0.00556
4	0.00995	0.00663	0.00746	0.00746	0.00746	0.00663	0.00415	0.00995	0.00995	0.01327	0.02156	0.04477	0.02487	0.75957	0.03482	0.00663	0.00663	0.00995	0.00415	0.00415
5	0.46650	0.24718	0.01882	0.01023	0.01510	0.01836	0.00907	0.02185	0.01332	0.11063	0.01166	0.01256	0.00900	0.00645	0.00461	0.00191	0.00599	0.00408	0.00434	0.00835
6	0.11522	0.04247	0.01607	0.01243	0.01706	0.01556	0.01001	0.19783	0.19820	0.06845	0.05324	0.02064	0.01655	0.03429	0.00719	0.00209	0.00591	0.00628	0.00593	0.15459
7	0.04621	0.06853	0.07049	0.05321	0.14087	0.09068	0.01331	0.04466	0.06350	0.13356	0.09285	0.02246	0.03787	0.00931	0.02732	0.00223	0.00747	0.00663	0.00509	0.06375

[dist]
# distance from previous block
# <min> <max>
1	11

[block]
# block no. 2 follows, 31 sequences, length 6
# corresponding to MSA columns:
# 58-63
name=unknown_C
#
# <colnr> <probs for GDERKNQSTAVLIFYWHMCP>
#	G	D	E	R	K	N	Q	S	T	A	V	L	I	F	Y	W	H	M	C	P
0	0.07997	0.16557	0.02275	0.21150	0.07786	0.10754	0.03477	0.06521	0.04583	0.03936	0.01288	0.01579	0.01025	0.00816	0.03012	0.00222	0.00859	0.00529	0.00385	0.05248
1	0.10239	0.01239	0.01510	0.14066	0.02125	0.01241	0.01066	0.12375	0.01715	0.07247	0.06411	0.06326	0.01656	0.00991	0.03849	0.00222	0.00664	0.00655	0.00499	0.25905
2	0.02212	0.01568	0.01822	0.04516	0.06170	0.01697	0.01215	0.38126	0.11082	0.10893	0.08014	0.02278	0.01848	0.04395	0.00828	0.00232	0.00676	0.00715	0.00660	0.01052
3	0.02472	0.01840	0.01984	0.01513	0.02067	0.01990	0.01247	0.62024	0.03021	0.04085	0.01596	0.01618	0.01147	0.00787	0.00665	0.00194	0.00726	0.00593	0.00654	0.09778
4	0.02091	0.01274	0.01543	0.01141	0.01717	0.01073	0.00928	0.09558	0.01791	0.25538	0.01752	0.01743	0.01254	0.00653	0.00586	0.00149	0.00558	0.00521	0.00581	0.45549
5	0.00966	0.00690	0.00929	0.00949	0.01015	0.00746	0.00663	0.01104	0.01086	0.01509	0.02191	0.12264	0.02347	0.31396	0.38166	0.00835	0.01217	0.00980	0.00417	0.00530

[dist]
# distance from previous block
# <min> <max>
2	14

[block]
# block no. 3 follows, 31 sequences, length 19
# corresponding to MSA columns:
# 78-96
name=unknown_D
#
# <colnr> <probs for GDERKNQSTAVLIFYWHMCP>
#	G	D	E	R	K	N	Q	S	T	A	V	L	I	F	Y	W	H	M	C	P
0	0.22754	0.03215	0.06228	0.07870	0.07326	0.01467	0.01196	0.08402	0.08332	0.08843	0.01471	0.01601	0.01104	0.00676	0.00572	0.00190	0.00642	0.00516	0.00479	0.17117
1	0.12918	0.04207	0.02163	0.05657	0.24670	0.12126	0.01514	0.17733	0.03857	0.02692	0.01297	0.01535	0.01029	0.00721	0.00717	0.00207	0.04997	0.00550	0.00437	0.00973
2	0.01065	0.00729	0.00883	0.00918	0.01034	0.00696	0.00642	0.04220	0.01429	0.04629	0.06846	0.32729	0.13852	0.20532	0.01508	0.00362	0.00494	0.06254	0.00595	0.00585
3	0.01849	0.64199	0.03276	0.01215	0.01775	0.02562	0.01166	0.05251	0.09620	0.01878	0.01198	0.01294	0.01034	0.00636	0.00480	0.00159	0.00710	0.00425	0.00358	0.00915
4	0.00978	0.00725	0.01058	0.01056	0.01169	0.00828	0.00805	0.01204	0.01131	0.01621	0.05247	0.02968	0.02012	0.11392	0.63371	0.01017	0.01653	0.00781	0.00390	0.00595
5	0.02559	0.05942	0.02136	0.01552	0.02102	0.02153	0.01293	0.65766	0.03118	0.04166	0.01605	0.01613	0.01148	0.00809	0.00671	0.00202	0.00752	0.00602	0.00663	0.01148
6	0.01547	0.01980	0.12250	0.11195	0.03634	0.01688	0.53027	0.02136	0.01565	0.02136	0.01345	0.01793	0.01002	0.00598	0.00773	0.00229	0.01107	0.00747	0.00334	0.00914
7	0.05627	0.12757	0.02176	0.01472	0.01999	0.09098	0.01232	0.43801	0.02619	0.10358	0.01562	0.01570	0.01130	0.00771	0.00632	0.00195	0.00771	0.00560	0.00601	0.01069
8	0.01819	0.01494	0.01653	0.07593	0.02054	0.01699	0.01174	0.19327	0.42314	0.03041	0.02630	0.02643	0.05719	0.00954	0.00706	0.00227	0.00616	0.02649	0.00655	0.01034
9	0.00849	0.00608	0.00808	0.00942	0.00996	0.00566	0.00636	0.00993	0.01384	0.01864	0.11741	0.67205	0.04753	0.02056	0.00865	0.00270	0.00388	0.01861	0.00649	0.00566
10	0.02743	0.01465	0.01747	0.01364	0.01883	0.01481	0.01119	0.26668	0.10483	0.40062	0.02337	0.02113	0.01553	0.00847	0.00688	0.00212	0.00638	0.00673	0.00772	0.01154
11	0.01773	0.01944	0.03153	0.15566	0.03402	0.12633	0.39649	0.07379	0.01729	0.02182	0.01311	0.01724	0.00997	0.00650	0.00783	0.00222	0.02956	0.00695	0.00364	0.00888
12	0.00834	0.00595	0.00794	0.00953	0.00992	0.00556	0.00635	0.00953	0.01310	0.01746	0.03771	0.75510	0.04525	0.02143	0.00873	0.00278	0.00397	0.01945	0.00635	0.00556
13	0.01372	0.03539	0.72412	0.01950	0.02961	0.01589	0.02528	0.02167	0.01444	0.02167	0.01228	0.01444	0.00867	0.00650	0.00650	0.00217	0.01011	0.00506	0.00289	0.01011
14	0.02553	0.06239	0.02128	0.01570	0.02100	0.08993	0.01295	0.59200	0.02991	0.03906	0.01547	0.01573	0.01120	0.00797	0.00664	0.00199	0.00798	0.00585	0.00630	0.01112
15	0.01615	0.01845	0.04037	0.02884	0.03576	0.01730	0.69204	0.02191	0.01615	0.02191	0.01384	0.01845	0.01038	0.00577	0.00807	0.00231	0.01153	0.00807	0.00346	0.00923
16	0.02386	0.01952	0.01888	0.01528	0.01987	0.12073	0.01225	0.51824	0.02809	0.03633	0.01810	0.10299	0.01520	0.00961	0.00697	0.00210	0.00779	0.00748	0.00631	0.01039
17	0.01633	0.34781	0.34572	0.01741	0.05559	0.02096	0.04554	0.04236	0.01489	0.01998	0.01130	0.01328	0.00898	0.00623	0.00568	0.00186	0.00879	0.00466	0.00308	0.00958
18	0.03534	0.02683	0.45717	0.12935	0.03061	0.01503	0.07858	0.02138	0.01499	0.06919	0.04747	0.01766	0.01213	0.00698	0.00673	0.00219	0.00933	0.00591	0.00360	0.00951

[dist]
# distance from previous block
# <min> <max>
0	4

[block]
# block no. 4 follows, 31 sequences, length 82
# corresponding to MSA columns:
# 101-182
name=unknown_E
#
# <colnr> <probs for GDERKNQSTAVLIFYWHMCP>
#	G	D	E	R	K	N	Q	S	T	A	V	L	I	F	Y	W	H	M	C	P
0	0.04477	0.07679	0.08746	0.02087	0.02554	0.08617	0.26298	0.02149	0.01465	0.06652	0.01245	0.01607	0.00991	0.00788	0.01125	0.00235	0.21416	0.00633	0.00361	0.00876
1	0.01026	0.00744	0.00996	0.01053	0.01217	0.00713	0.00870	0.01335	0.01729	0.02333	0.32814	0.06529	0.09330	0.01670	0.00877	0.00267	0.00480	0.34702	0.00683	0.00633
2	0.46778	0.01851	0.01438	0.01231	0.01669	0.16041	0.00989	0.17953	0.01801	0.03081	0.01135	0.01260	0.00868	0.00693	0.00523	0.00203	0.00723	0.00442	0.00470	0.00850
3	0.01747	0.01004	0.01407	0.01187	0.01523	0.00932	0.06137	0.03868	0.05850	0.24709	0.21137	0.12491	0.10708	0.01255	0.00771	0.00228	0.00515	0.02962	0.00716	0.00854
4	0.01102	0.00787	0.01102	0.01260	0.01417	0.00787	0.01102	0.01417	0.01575	0.02047	0.03622	0.07717	0.03937	0.01890	0.00945	0.00315	0.00630	0.67084	0.00630	0.00630
5	0.29204	0.01612	0.01637	0.10518	0.04510	0.06697	0.01172	0.20764	0.05772	0.09773	0.01465	0.01573	0.01067	0.00733	0.00591	0.00210	0.00704	0.00534	0.00528	0.00935
6	0.01561	0.11218	0.35244	0.02276	0.05998	0.01785	0.25825	0.04158	0.01556	0.02178	0.01266	0.01562	0.00947	0.00620	0.00683	0.00213	0.01013	0.00604	0.00323	0.00972
7	0.01560	0.01490	0.02537	0.27406	0.49520	0.01591	0.02034	0.01983	0.01495	0.02074	0.01263	0.01737	0.01027	0.00634	0.00680	0.00211	0.00846	0.00609	0.00327	0.00977
8	0.00838	0.00670	0.00750	0.00781	0.00955	0.00582	0.00566	0.01019	0.01552	0.01952	0.15460	0.23382	0.45513	0.01786	0.00824	0.00240	0.00356	0.01538	0.00652	0.00582
9	0.04764	0.01780	0.02589	0.12006	0.29570	0.12242	0.14823	0.02099	0.01573	0.02083	0.01418	0.02105	0.01223	0.00743	0.00750	0.00219	0.03028	0.05713	0.00362	0.00911
10	0.08164	0.01228	0.01598	0.04047	0.01858	0.01136	0.01042	0.07635	0.01967	0.60250	0.02454	0.02182	0.01564	0.00825	0.00670	0.00212	0.00603	0.00659	0.00787	0.01120
11	0.00834	0.00595	0.00794	0.00953	0.00992	0.00556	0.00635	0.00953	0.01310	0.01746	0.03771	0.75510	0.04525	0.02143	0.00873	0.00278	0.00397	0.01945	0.00635	0.00556
12	0.01681	0.01613	0.02755	0.06315	0.69668	0.01622	0.02094	0.02089	0.01552	0.02220	0.01285	0.01697	0.01078	0.00612	0.00678	0.00204	0.00816	0.00610	0.00338	0.01074
13	0.04659	0.05517	0.02121	0.01600	0.02097	0.08497	0.05776	0.38301	0.12460	0.07261	0.01720	0.01742	0.01259	0.00805	0.00715	0.00209	0.02974	0.00620	0.00604	0.01063
14	0.00834	0.00595	0.00794	0.00953	0.00992	0.00556	0.00635	0.00953	0.01310	0.01746	0.03771	0.75510	0.04525	0.02143	0.00873	0.00278	0.00397	0.01945	0.00635	0.00556
15	0.02601	0.01916	0.02053	0.01574	0.02122	0.02122	0.01300	0.69408	0.03217	0.04312	0.01643	0.01643	0.01163	0.00821	0.00684	0.00205	0.00753	0.00616	0.00684	0.01163
16	0.00923	0.00862	0.06339	0.01071	0.01217	0.00678	0.00859	0.01132	0.01382	0.01839	0.03722	0.53668	0.07807	0.01960	0.00866	0.00277	0.00484	0.13700	0.00608	0.00605
17	0.01499	0.06414	0.02463	0.39561	0.33040	0.01644	0.01936	0.01918	0.01450	0.01946	0.01228	0.01720	0.00983	0.00646	0.00665	0.00212	0.00858	0.00592	0.00318	0.00906
18	0.01084	0.00775	0.01082	0.01239	0.01389	0.00772	0.01071	0.01386	0.01557	0.02027	0.03632	0.12249	0.03977	0.01907	0.00940	0.00313	0.00614	0.62730	0.00630	0.00625
19	0.80789	0.01323	0.01006	0.00900	0.01323	0.01535	0.00741	0.02011	0.01164	0.03070	0.00953	0.01111	0.00741	0.00635	0.00423	0.00212	0.00529	0.00370	0.00423	0.00741
20	0.01783	0.56388	0.17739	0.01372	0.02030	0.07188	0.01462	0.02119	0.01438	0.01729	0.01016	0.01178	0.00876	0.00607	0.00495	0.00163	0.00823	0.00400	0.00296	0.00900
21	0.01372	0.03539	0.72412	0.01950	0.02961	0.01589	0.02528	0.02167	0.01444	0.02167	0.01228	0.01444	0.00867	0.00650	0.00650	0.00217	0.01011	0.00506	0.00289	0.01011
22	0.00809	0.00693	0.00693	0.00693	0.00924	0.00578	0.00520	0.00982	0.01559	0.01848	0.06931	0.06584	0.71411	0.01733	0.00809	0.00231	0.00347	0.01444	0.00635	0.00578
23	0.01325	0.01249	0.02111	0.68623	0.10147	0.01529	0.01916	0.01777	0.01383	0.01788	0.01222	0.01813	0.00926	0.00678	0.00683	0.00226	0.00904	0.00608	0.00307	0.00786
24	0.72166	0.01447	0.01116	0.00982	0.01411	0.04686	0.00804	0.06547	0.01335	0.03092	0.01003	0.01152	0.00775	0.00651	0.00449	0.00210	0.00575	0.00390	0.00438	0.00771
25	0.05995	0.01891	0.02008	0.01545	0.02087	0.02096	0.01276	0.66482	0.03128	0.04258	0.01613	0.01619	0.01145	0.00813	0.00673	0.00206	0.00743	0.00605	0.00673	0.01145
26	0.02530	0.02993	0.01988	0.01826	0.04741	0.59613	0.01348	0.12928	0.02120	0.02100	0.01156	0.01314	0.00932	0.00719	0.00630	0.00182	0.01144	0.00474	0.00403	0.00861
27	0.06934	0.11108	0.05153	0.02324	0.13404	0.05343	0.20376	0.02006	0.01416	0.02018	0.01238	0.01794	0.01079	0.00803	0.01061	0.00232	0.19119	0.03378	0.00342	0.00872
28	0.01889	0.01537	0.01601	0.01406	0.01814	0.03808	0.01102	0.08746	0.58571	0.07573	0.02638	0.02427	0.01954	0.00908	0.00692	0.00227	0.00581	0.00746	0.00695	0.01086
29	0.00851	0.00628	0.00797	0.00896	0.00986	0.00573	0.00618	0.01011	0.01449	0.01921	0.14997	0.53239	0.15606	0.01959	0.00852	0.00260	0.00377	0.01752	0.00654	0.00573
30	0.01853	0.53035	0.13601	0.01374	0.01985	0.11935	0.01391	0.02214	0.03912	0.01746	0.01072	0.01219	0.00919	0.00623	0.00503	0.00164	0.00834	0.00411	0.00314	0.00894
31	0.05841	0.07904	0.04700	0.02262	0.11442	0.15841	0.20969	0.13872	0.06116	0.02497	0.01379	0.01609	0.01067	0.00675	0.00674	0.00204	0.00952	0.00611	0.00424	0.00959
32	0.00834	0.00595	0.00794	0.00953	0.00992	0.00556	0.00635	0.00953	0.01310	0.01746	0.03771	0.75510	0.04525	0.02143	0.00873	0.00278	0.00397	0.01945	0.00635	0.00556
33	0.67213	0.03849	0.06730	0.01045	0.01515	0.06170	0.00931	0.02071	0.01243	0.02866	0.00981	0.01145	0.00764	0.00639	0.00454	0.00208	0.00618	0.00385	0.00404	0.00769
34	0.02004	0.30780	0.17146	0.01556	0.02143	0.20656	0.01517	0.10328	0.01751	0.02067	0.01117	0.01284	0.00911	0.00680	0.00622	0.00181	0.03536	0.00452	0.00355	0.00913
35	0.01652	0.01320	0.01444	0.01282	0.01636	0.01474	0.00999	0.07329	0.48761	0.05544	0.17517	0.03038	0.02958	0.01020	0.00719	0.00226	0.00509	0.00860	0.00713	0.00997
36	0.00995	0.00663	0.00746	0.00746	0.00746	0.00663	0.00415	0.00995	0.00995	0.01327	0.02156	0.04477	0.02487	0.75957	0.03482	0.00663	0.00663	0.00995	0.00415	0.00415
37	0.03844	0.13465	0.41596	0.01929	0.02691	0.01831	0.12197	0.02086	0.01406	0.02054	0.01164	0.01451	0.00894	0.00695	0.00829	0.00218	0.09869	0.00538	0.00303	0.00939
38	0.15160	0.02235	0.02177	0.06159	0.02393	0.30548	0.14666	0.06977	0.03830	0.07630	0.01331	0.01521	0.01008	0.00692	0.00639	0.00202	0.00980	0.00552	0.00430	0.00870
39	0.07066	0.01422	0.01516	0.01338	0.01745	0.01604	0.01051	0.03491	0.57418	0.11459	0.02654	0.02430	0.01951	0.00899	0.00677	0.00228	0.00546	0.00736	0.00697	0.01071
40	0.02367	0.01661	0.01988	0.05181	0.05197	0.01795	0.03837	0.37529	0.15453	0.14777	0.01984	0.01944	0.01403	0.00820	0.00692	0.00213	0.00711	0.00664	0.00667	0.01116
41	0.01882	0.01657	0.01677	0.01623	0.08180	0.17573	0.03383	0.08547	0.09764	0.10117	0.20726	0.05052	0.02868	0.01010	0.00721	0.00211	0.00708	0.02821	0.00600	0.00880
42	0.01607	0.01537	0.02620	0.19347	0.57219	0.01603	0.02056	0.02024	0.01517	0.02130	0.01272	0.01721	0.01047	0.00626	0.00679	0.00209	0.00834	0.00609	0.00331	0.01014
43	0.00842	0.00602	0.00802	0.00947	0.00994	0.00562	0.00636	0.00975	0.01351	0.01811	0.08159	0.70938	0.04650	0.02095	0.00869	0.00274	0.00392	0.01899	0.00643	0.00562
44	0.01690	0.01634	0.02826	0.04148	0.69055	0.01630	0.04695	0.02103	0.01560	0.02233	0.01291	0.01699	0.01082	0.00608	0.00682	0.00204	0.00826	0.00617	0.00339	0.01077
45	0.08918	0.05002	0.02084	0.30253	0.04902	0.17476	0.06051	0.04119	0.01576	0.06175	0.01334	0.04065	0.01076	0.00751	0.00704	0.00214	0.03496	0.00602	0.00383	0.00819
46	0.01757	0.01586	0.01572	0.01416	0.01801	0.06346	0.01098	0.03577	0.66003	0.02785	0.02672	0.02467	0.02010	0.00914	0.00691	0.00228	0.00586	0.00752	0.00674	0.01064
47	0.00979	0.00679	0.00831	0.00836	0.00874	0.00703	0.00531	0.01048	0.01049	0.01420	0.02291	0.06299	0.04724	0.54106	0.20097	0.00742	0.00926	0.00976	0.00417	0.00472
48	0.14670	0.04098	0.01981	0.14062	0.14740	0.16891	0.01430	0.12313	0.08991	0.02525	0.01372	0.01589	0.01068	0.00710	0.00621	0.00205	0.00833	0.00546	0.00437	0.00919
49	0.02203	0.17084	0.02391	0.07609	0.11580	0.38488	0.01440	0.07816	0.01839	0.01955	0.01127	0.01348	0.00933	0.00677	0.00601	0.00180	0.01015	0.00476	0.00362	0.00876
50	0.01102	0.00787	0.01102	0.01260	0.01417	0.00787	0.01102	0.01417	0.01575	0.02047	0.03622	0.07717	0.03937	0.01890	0.00945	0.00315	0.00630	0.67084	0.00630	0.00630
51	0.01075	0.00772	0.01068	0.01220	0.01373	0.00765	0.01052	0.01372	0.01557	0.02021	0.03746	0.12081	0.06296	0.01901	0.00936	0.00310	0.00605	0.60595	0.00630	0.00623
52	0.01336	0.14091	0.11723	0.01387	0.07856	0.01285	0.01152	0.01787	0.05894	0.04961	0.25126	0.03589	0.14977	0.01090	0.00699	0.00206	0.00562	0.00915	0.00551	0.00812
53	0.01097	0.00784	0.01095	0.01243	0.01401	0.00782	0.01083	0.01412	0.01590	0.02076	0.06448	0.07608	0.04042	0.01869	0.00939	0.00311	0.00617	0.64336	0.00635	0.00631
54	0.03070	0.01164	0.01588	0.01217	0.01746	0.01006	0.01006	0.03334	0.01958	0.72163	0.02699	0.02329	0.01694	0.00847	0.00688	0.00212	0.00582	0.00688	0.00847	0.01164
55	0.13044	0.01651	0.04872	0.09908	0.40803	0.01645	0.09449	0.06422	0.01594	0.02436	0.01264	0.01628	0.01011	0.00632	0.00656	0.00210	0.00823	0.00594	0.00369	0.00989
56	0.01818	0.01895	0.02301	0.26306	0.29448	0.18546	0.01805	0.05984	0.01681	0.02063	0.01230	0.01624	0.00984	0.00668	0.00666	0.00205	0.00941	0.00569	0.00350	0.00914
57	0.02601	0.01916	0.02053	0.01574	0.02122	0.02122	0.01300	0.69408	0.03217	0.04312	0.01643	0.01643	0.01163	0.00821	0.00684	0.00205	0.00753	0.00616	0.00684	0.01163
58	0.20592	0.01306	0.01867	0.44089	0.12273	0.01546	0.01605	0.01948	0.04701	0.02184	0.01238	0.01670	0.00950	0.00675	0.00621	0.00221	0.00789	0.00559	0.00356	0.00812
59	0.00888	0.00746	0.00777	0.00760	0.00993	0.00661	0.00573	0.01197	0.06210	0.02024	0.14421	0.06137	0.58942	0.01639	0.00801	0.00229	0.00357	0.01374	0.00654	0.00620
60	0.05002	0.01764	0.01859	0.01428	0.01974	0.03690	0.01168	0.48408	0.05101	0.03699	0.01552	0.01597	0.01142	0.00748	0.00636	0.00183	0.00697	0.00563	0.00607	0.18181
61	0.00850	0.00667	0.00751	0.00795	0.00948	0.00589	0.00567	0.01009	0.01472	0.01845	0.10050	0.24843	0.41322	0.08030	0.01053	0.00281	0.00393	0.03347	0.00625	0.00564
62	0.01684	0.01610	0.02716	0.05840	0.67580	0.01626	0.02059	0.02145	0.03964	0.02245	0.01338	0.01727	0.01115	0.00623	0.00678	0.00205	0.00806	0.00615	0.00350	0.01076
63	0.01536	0.01292	0.01393	0.01280	0.01605	0.01463	0.00989	0.03067	0.54352	0.02671	0.08173	0.03309	0.04592	0.06061	0.00909	0.00265	0.00532	0.04872	0.00676	0.00962
64	0.01188	0.00594	0.00891	0.00891	0.00891	0.00594	0.00594	0.00891	0.00891	0.01188	0.01188	0.02080	0.01188	0.02377	0.02674	0.80095	0.00594	0.00594	0.00297	0.00297
65	0.00842	0.00603	0.00788	0.00931	0.00975	0.00563	0.00618	0.00956	0.01300	0.01725	0.03786	0.68925	0.06746	0.06465	0.01024	0.00299	0.00411	0.01872	0.00622	0.00548
66	0.04317	0.00706	0.00817	0.00861	0.01031	0.00637	0.00618	0.01176	0.01453	0.06796	0.04887	0.38702	0.31879	0.01819	0.00815	0.00251	0.00395	0.01583	0.00641	0.00615
67	0.00822	0.00688	0.00700	0.00704	0.00914	0.00583	0.00516	0.00982	0.01514	0.01810	0.06518	0.08490	0.64818	0.06706	0.00989	0.00261	0.00369	0.01429	0.00621	0.00566
68	0.00986	0.00665	0.00744	0.00744	0.00755	0.00659	0.00420	0.00994	0.01022	0.01352	0.02388	0.04579	0.05837	0.72349	0.03352	0.00642	0.00648	0.01017	0.00425	0.00422
69	0.08143	0.00859	0.00961	0.00932	0.01064	0.00882	0.00634	0.08882	0.01415	0.04088	0.04905	0.24721	0.02900	0.34350	0.01955	0.00430	0.00569	0.01177	0.00535	0.00599
70	0.09443	0.00803	0.00891	0.00862	0.01068	0.00768	0.00639	0.03200	0.01588	0.05626	0.20974	0.15191	0.24758	0.08536	0.01023	0.00273	0.00426	0.02659	0.00633	0.00639
71	0.00938	0.00687	0.00862	0.00838	0.00985	0.00630	0.00610	0.01198	0.01760	0.02431	0.51702	0.11389	0.14488	0.07227	0.01018	0.00257	0.00358	0.01307	0.00701	0.00611
72	0.35238	0.01120	0.01054	0.00937	0.01249	0.01210	0.00714	0.06429	0.05374	0.08189	0.02292	0.02832	0.10260	0.18993	0.01265	0.00324	0.00559	0.00722	0.00516	0.00725
73	0.00840	0.00623	0.00784	0.00894	0.00981	0.00568	0.00613	0.00987	0.01412	0.01851	0.10092	0.56053	0.17803	0.02000	0.00855	0.00263	0.00381	0.01787	0.00645	0.00568
74	0.00907	0.00623	0.00798	0.00909	0.00964	0.00593	0.00613	0.01045	0.01326	0.01819	0.07977	0.52589	0.04147	0.12755	0.01226	0.00324	0.00436	0.04499	0.05899	0.00550
75	0.00995	0.00663	0.00746	0.00746	0.00746	0.00663	0.00415	0.00995	0.00995	0.01327	0.02156	0.04477	0.02487	0.75957	0.03482	0.00663	0.00663	0.00995	0.00415	0.00415
76	0.04880	0.00703	0.00781	0.00786	0.00816	0.00713	0.00473	0.01071	0.01039	0.01456	0.02189	0.04516	0.02493	0.67667	0.03175	0.00620	0.00655	0.05095	0.00428	0.00444
77	0.01131	0.00632	0.00948	0.00948	0.00981	0.00665	0.00665	0.00981	0.00948	0.01296	0.01362	0.02244	0.01329	0.03121	0.21736	0.58757	0.00929	0.00632	0.00316	0.00382
78	0.00954	0.00699	0.00894	0.00845	0.01013	0.00639	0.00634	0.01263	0.01902	0.02662	0.65474	0.05244	0.12359	0.01429	0.00807	0.00217	0.00325	0.01256	0.00742	0.00639
79	0.01194	0.00629	0.00956	0.04972	0.01104	0.00646	0.00667	0.00939	0.00918	0.01219	0.01190	0.02065	0.01173	0.02283	0.02563	0.75656	0.00612	0.00595	0.00297	0.00323
80	0.00826	0.00694	0.00718	0.00712	0.00935	0.00585	0.00534	0.01016	0.01602	0.01948	0.14147	0.06419	0.64132	0.01695	0.00808	0.00229	0.00344	0.01421	0.00649	0.00585
81	0.01469	0.01271	0.01633	0.26837	0.02658	0.01500	0.01287	0.05025	0.30105	0.02250	0.02126	0.02578	0.03130	0.11282	0.01135	0.00292	0.03313	0.00748	0.00504	0.00858

[dist]
# distance from previous block
# <min> <max>
0	0

# created by:
# /home/berkeley/.conda/envs/busco_data_prod/bin/msa2prfl.pl pipeline/OGs_align_augustus/4893/36855.fs
