[name]
unknown

[dist]
# distance from previous block
# <min> <max>
0	60

[block]
# block no. 0 follows, 31 sequences, length 18
# corresponding to MSA columns:
# 69-86
name=unknown_A
#
# <colnr> <probs for GDERKNQSTAVLIFYWHMCP>
#	G	D	E	R	K	N	Q	S	T	A	V	L	I	F	Y	W	H	M	C	P
0	0.06273	0.01429	0.01769	0.13636	0.09847	0.06162	0.03393	0.08562	0.06716	0.07935	0.03657	0.02569	0.08152	0.00881	0.00711	0.00208	0.02491	0.04006	0.00499	0.11102
1	0.04250	0.05207	0.04060	0.03926	0.08039	0.05956	0.09707	0.04386	0.03525	0.10274	0.03866	0.06536	0.04204	0.00992	0.00757	0.00219	0.02952	0.10781	0.00505	0.09860
2	0.14191	0.11373	0.07846	0.01484	0.05626	0.04336	0.04578	0.11399	0.06990	0.07531	0.05807	0.04936	0.04981	0.00841	0.00623	0.00201	0.00678	0.00672	0.00507	0.05401
3	0.01603	0.11519	0.02380	0.02225	0.20988	0.01613	0.09825	0.04818	0.15549	0.02325	0.04571	0.08914	0.01789	0.00842	0.00674	0.00203	0.00700	0.00768	0.00470	0.08225
4	0.03790	0.19048	0.06161	0.03290	0.05923	0.10724	0.03177	0.06663	0.13179	0.04422	0.03925	0.06627	0.01671	0.00882	0.00684	0.00204	0.02933	0.03345	0.00471	0.02882
5	0.11736	0.01806	0.05763	0.13677	0.09218	0.10535	0.03451	0.15685	0.09438	0.02645	0.01804	0.01969	0.05647	0.00785	0.00649	0.00209	0.00787	0.00626	0.00472	0.03098
6	0.01782	0.06570	0.02092	0.09403	0.02307	0.15467	0.10373	0.06526	0.12978	0.04268	0.01843	0.07236	0.01619	0.03168	0.00836	0.00229	0.03662	0.04336	0.00472	0.04831
7	0.01936	0.02020	0.08567	0.04647	0.10807	0.15778	0.03448	0.10091	0.14955	0.06301	0.01800	0.01894	0.03354	0.00753	0.00654	0.00195	0.00806	0.00608	0.00488	0.10898
8	0.01108	0.00817	0.01010	0.01034	0.01195	0.00787	0.00753	0.09146	0.01616	0.02181	0.08605	0.49751	0.06233	0.01790	0.00824	0.00253	0.00454	0.05826	0.00634	0.05982
9	0.01715	0.01893	0.13767	0.19482	0.06211	0.08130	0.01607	0.12627	0.10928	0.04615	0.01838	0.06458	0.01543	0.00901	0.00702	0.00225	0.00820	0.05141	0.00477	0.00919
10	0.04475	0.16037	0.11771	0.03452	0.02033	0.12572	0.05041	0.05927	0.01507	0.04014	0.01352	0.03954	0.01205	0.05978	0.06752	0.00310	0.11821	0.00602	0.00373	0.00823
11	0.01121	0.00901	0.01113	0.01036	0.01251	0.00890	0.00778	0.01556	0.09691	0.02283	0.25653	0.23912	0.06382	0.01409	0.00870	0.00224	0.05817	0.01211	0.00621	0.13281
12	0.01196	0.00845	0.00915	0.00838	0.01120	0.00761	0.00647	0.05329	0.04448	0.09476	0.10338	0.05592	0.52907	0.01532	0.00784	0.00226	0.00401	0.01276	0.00671	0.00698
13	0.02021	0.06469	0.01819	0.05166	0.06121	0.10531	0.01175	0.21780	0.09439	0.09771	0.03775	0.08358	0.08633	0.00996	0.00692	0.00211	0.00705	0.00805	0.00588	0.00947
14	0.01982	0.01749	0.02314	0.08116	0.35480	0.09536	0.01700	0.10275	0.06128	0.08911	0.01499	0.01747	0.01167	0.00731	0.00776	0.00211	0.05599	0.00609	0.00446	0.01023
15	0.01420	0.03054	0.54372	0.06182	0.05383	0.01611	0.14090	0.02146	0.01474	0.02150	0.01256	0.01543	0.00906	0.00638	0.00680	0.00219	0.01024	0.00567	0.00301	0.00984
16	0.00948	0.00767	0.00865	0.00989	0.01064	0.04789	0.00680	0.01078	0.01365	0.01750	0.03774	0.61774	0.08722	0.04086	0.00930	0.00281	0.00459	0.04496	0.00612	0.00570
17	0.02308	0.01551	0.01705	0.01391	0.01824	0.05146	0.01121	0.34251	0.06829	0.17976	0.02090	0.07337	0.01635	0.01464	0.09781	0.00324	0.00836	0.00744	0.00660	0.01026

[dist]
# distance from previous block
# <min> <max>
1	8

[block]
# block no. 1 follows, 31 sequences, length 23
# corresponding to MSA columns:
# 95-117
name=unknown_B
#
# <colnr> <probs for GDERKNQSTAVLIFYWHMCP>
#	G	D	E	R	K	N	Q	S	T	A	V	L	I	F	Y	W	H	M	C	P
0	0.28432	0.10983	0.02083	0.01732	0.10956	0.09514	0.05338	0.16757	0.01821	0.04742	0.01231	0.01392	0.00953	0.00676	0.00566	0.00198	0.00755	0.00497	0.00452	0.00922
1	0.02053	0.01701	0.01743	0.01413	0.01894	0.06506	0.01131	0.30472	0.22752	0.03221	0.01874	0.01887	0.01414	0.00957	0.03485	0.00228	0.00720	0.00618	0.00603	0.15329
2	0.01908	0.01523	0.01626	0.01411	0.01830	0.01731	0.01112	0.13684	0.56709	0.06580	0.02605	0.02402	0.01927	0.00908	0.00694	0.00227	0.00576	0.00745	0.00702	0.01099
3	0.00878	0.00675	0.00793	0.00805	0.00963	0.00601	0.00581	0.01084	0.01614	0.02115	0.28487	0.19585	0.32279	0.05268	0.00949	0.00256	0.00363	0.01449	0.00666	0.00589
4	0.01733	0.01604	0.02617	0.12554	0.56605	0.01661	0.01996	0.08690	0.01698	0.02380	0.01313	0.01704	0.01070	0.00640	0.00679	0.00206	0.00819	0.00610	0.00368	0.01052
5	0.00832	0.00602	0.00787	0.00934	0.00987	0.00557	0.00627	0.00955	0.01328	0.01754	0.04001	0.70490	0.09396	0.02113	0.00869	0.00274	0.00393	0.01908	0.00635	0.00557
6	0.01065	0.00843	0.00879	0.00832	0.01059	0.04117	0.00629	0.01297	0.01735	0.05714	0.29894	0.05575	0.40839	0.01517	0.00793	0.00222	0.00392	0.01282	0.00675	0.00642
7	0.33865	0.19915	0.09911	0.01210	0.01758	0.05150	0.01146	0.06768	0.01525	0.11371	0.01256	0.01341	0.00944	0.00667	0.00513	0.00194	0.00688	0.00445	0.00444	0.00889
8	0.00865	0.00618	0.00830	0.00989	0.01042	0.00583	0.00690	0.01007	0.01341	0.01782	0.03753	0.67554	0.04456	0.02114	0.00882	0.00282	0.00424	0.09590	0.00634	0.00564
9	0.28204	0.12268	0.10834	0.01474	0.01980	0.27735	0.04436	0.02306	0.01532	0.02215	0.01045	0.01230	0.00840	0.00653	0.00542	0.00192	0.00902	0.00433	0.00360	0.00821
10	0.00825	0.00657	0.00741	0.00798	0.00954	0.00573	0.00569	0.00985	0.01483	0.01852	0.08739	0.32378	0.43294	0.01871	0.00833	0.00248	0.00364	0.01622	0.00641	0.00573
11	0.01985	0.04687	0.06882	0.02261	0.21950	0.01791	0.01528	0.23436	0.18432	0.05227	0.03696	0.01955	0.01491	0.00782	0.00677	0.00210	0.00719	0.00654	0.00553	0.01086
12	0.02105	0.01795	0.04993	0.01539	0.04115	0.05112	0.01235	0.38035	0.18125	0.03380	0.02254	0.02313	0.06522	0.04333	0.00819	0.00233	0.00707	0.00716	0.00627	0.01041
13	0.00832	0.00658	0.00750	0.00804	0.00958	0.00576	0.00574	0.00999	0.01502	0.01893	0.11646	0.31749	0.40935	0.01853	0.00832	0.00247	0.00363	0.01609	0.00646	0.00576
14	0.01833	0.01486	0.01617	0.01325	0.01795	0.01562	0.01052	0.20874	0.31476	0.03043	0.02122	0.05410	0.01678	0.00849	0.00653	0.00194	0.00583	0.00692	0.00616	0.21139
15	0.01653	0.30867	0.27102	0.01612	0.02325	0.02021	0.07391	0.06284	0.06198	0.02153	0.03507	0.01549	0.01168	0.00668	0.00589	0.00188	0.00834	0.00523	0.00365	0.03002
16	0.01816	0.21929	0.30448	0.01540	0.02260	0.01867	0.01686	0.13014	0.03985	0.07939	0.04597	0.01658	0.01281	0.00716	0.00609	0.00194	0.00805	0.00541	0.00434	0.02681
17	0.02090	0.35828	0.08058	0.01324	0.01895	0.02076	0.01247	0.10608	0.13086	0.14979	0.01674	0.01652	0.01258	0.00722	0.00572	0.00185	0.00697	0.00532	0.00506	0.01008
18	0.00905	0.00697	0.00826	0.00794	0.00983	0.00618	0.00595	0.01168	0.01786	0.02387	0.45677	0.05697	0.32329	0.01532	0.00808	0.00221	0.00332	0.01320	0.00706	0.00618
19	0.05525	0.08049	0.25611	0.01986	0.12219	0.01619	0.05827	0.13080	0.01783	0.04686	0.06219	0.07161	0.01619	0.00827	0.00669	0.00212	0.00799	0.00699	0.00445	0.00964
20	0.01064	0.00734	0.01040	0.01070	0.01185	0.00714	0.03000	0.01222	0.01328	0.06474	0.03228	0.54730	0.03682	0.04536	0.07908	0.00359	0.02863	0.01595	0.00591	0.02677
21	0.00841	0.00619	0.00771	0.00889	0.00962	0.00568	0.00597	0.00961	0.01334	0.01735	0.04246	0.57414	0.16917	0.07442	0.01051	0.00297	0.00407	0.01782	0.00619	0.00550
22	0.01467	0.05020	0.10644	0.11571	0.07251	0.03707	0.17555	0.01934	0.04195	0.05153	0.05144	0.16474	0.01999	0.01004	0.00799	0.00232	0.03637	0.00930	0.00441	0.00841

[dist]
# distance from previous block
# <min> <max>
0	2

[block]
# block no. 2 follows, 31 sequences, length 62
# corresponding to MSA columns:
# 120-181
name=unknown_C
#
# <colnr> <probs for GDERKNQSTAVLIFYWHMCP>
#	G	D	E	R	K	N	Q	S	T	A	V	L	I	F	Y	W	H	M	C	P
0	0.02037	0.04476	0.05000	0.06135	0.06828	0.29155	0.01332	0.13484	0.03669	0.02293	0.01490	0.06496	0.01305	0.00814	0.00645	0.00189	0.00899	0.02193	0.00440	0.11121
1	0.01139	0.00737	0.00969	0.00890	0.01081	0.00675	0.00675	0.01457	0.01938	0.08379	0.65756	0.04885	0.06069	0.01354	0.00797	0.00215	0.00344	0.01193	0.00761	0.00688
2	0.01414	0.07781	0.65197	0.01879	0.02837	0.01660	0.02383	0.02224	0.04479	0.02164	0.01280	0.01473	0.00921	0.00658	0.00639	0.00213	0.00974	0.00509	0.00307	0.01006
3	0.01470	0.01494	0.02070	0.61985	0.07354	0.10632	0.01835	0.01889	0.01449	0.01760	0.01199	0.01743	0.00916	0.00683	0.00675	0.00220	0.00948	0.00587	0.00312	0.00779
4	0.00834	0.00595	0.00794	0.00953	0.00992	0.00556	0.00635	0.00953	0.01310	0.01746	0.03771	0.75510	0.04525	0.02143	0.00873	0.00278	0.00397	0.01945	0.00635	0.00556
5	0.02601	0.01916	0.02053	0.01574	0.02122	0.02122	0.01300	0.69408	0.03217	0.04312	0.01643	0.01643	0.01163	0.00821	0.00684	0.00205	0.00753	0.00616	0.00684	0.01163
6	0.00834	0.00595	0.00794	0.00953	0.00992	0.00556	0.00635	0.00953	0.01310	0.01746	0.03771	0.75510	0.04525	0.02143	0.00873	0.00278	0.00397	0.01945	0.00635	0.00556
7	0.01396	0.01403	0.02536	0.47873	0.04067	0.01644	0.18081	0.01842	0.01387	0.01842	0.01216	0.01788	0.00941	0.00723	0.00912	0.00238	0.10344	0.00655	0.00314	0.00798
8	0.01614	0.01569	0.02706	0.14820	0.52559	0.01645	0.06467	0.02024	0.01501	0.02121	0.01259	0.01712	0.01043	0.00655	0.00782	0.00215	0.05354	0.00622	0.00331	0.01003
9	0.02556	0.03261	0.01939	0.01763	0.02115	0.73210	0.01322	0.02732	0.01939	0.01674	0.01058	0.01234	0.00881	0.00705	0.00617	0.00176	0.01234	0.00441	0.00353	0.00793
10	0.01662	0.01712	0.02440	0.06610	0.08593	0.13252	0.21723	0.03992	0.01574	0.04108	0.01763	0.16106	0.01696	0.01009	0.00948	0.00236	0.10428	0.00904	0.00420	0.00826
11	0.00831	0.00606	0.00783	0.00924	0.00985	0.00558	0.00622	0.00956	0.01338	0.01758	0.04123	0.67817	0.11990	0.02098	0.00866	0.00273	0.00391	0.01889	0.00635	0.00558
12	0.01602	0.01325	0.01421	0.01275	0.01627	0.01477	0.00996	0.10740	0.45229	0.02832	0.07290	0.06540	0.10649	0.01121	0.00730	0.00232	0.00526	0.02733	0.00686	0.00970
13	0.10971	0.01788	0.06275	0.01655	0.02138	0.03551	0.09899	0.26744	0.09830	0.07207	0.01614	0.01754	0.01204	0.00969	0.03527	0.00256	0.08459	0.00626	0.00540	0.00995
14	0.00834	0.00595	0.00794	0.00953	0.00992	0.00556	0.00635	0.00953	0.01310	0.01746	0.03771	0.75510	0.04525	0.02143	0.00873	0.00278	0.00397	0.01945	0.00635	0.00556
15	0.01419	0.01216	0.01419	0.01013	0.01621	0.00912	0.00811	0.01723	0.01419	0.02229	0.01216	0.01419	0.01013	0.00507	0.00507	0.00101	0.00507	0.00405	0.00405	0.80139
16	0.12124	0.04755	0.13627	0.01754	0.09305	0.01656	0.03481	0.18525	0.08996	0.14271	0.01691	0.01731	0.01214	0.00736	0.00635	0.00207	0.00728	0.00583	0.00544	0.03435
17	0.04812	0.02177	0.01908	0.01627	0.04190	0.22148	0.01257	0.39724	0.05272	0.03299	0.01524	0.01602	0.01140	0.00779	0.00645	0.00196	0.00850	0.00566	0.05277	0.01009
18	0.00988	0.00664	0.00744	0.00744	0.00752	0.00660	0.00418	0.00994	0.01015	0.01345	0.02324	0.04551	0.04913	0.73344	0.03388	0.00648	0.00652	0.01011	0.00422	0.00420
19	0.04264	0.05582	0.01966	0.07966	0.18803	0.04745	0.01346	0.18182	0.01934	0.06887	0.04254	0.01929	0.01408	0.00770	0.00690	0.00199	0.03596	0.00616	0.13925	0.00941
20	0.01714	0.04109	0.07506	0.17283	0.17373	0.12276	0.03672	0.06218	0.12491	0.02219	0.01671	0.04576	0.01401	0.00813	0.00686	0.00217	0.00851	0.03573	0.00428	0.00923
21	0.00889	0.00637	0.00833	0.00972	0.01028	0.00605	0.00656	0.03104	0.01370	0.01827	0.03704	0.73188	0.04419	0.02102	0.00867	0.00276	0.00408	0.01903	0.00637	0.00575
22	0.01757	0.01583	0.02380	0.10881	0.26937	0.01680	0.09578	0.13959	0.15538	0.02641	0.01900	0.02105	0.04393	0.00764	0.00704	0.00217	0.00779	0.00703	0.00480	0.01019
23	0.05771	0.02438	0.11210	0.04004	0.21272	0.26298	0.01683	0.10617	0.01826	0.02283	0.01203	0.01461	0.00965	0.00712	0.00738	0.00203	0.05467	0.00527	0.00381	0.00941
24	0.00838	0.00599	0.00798	0.00949	0.00993	0.00559	0.00635	0.00964	0.01332	0.01781	0.06112	0.73070	0.04592	0.02118	0.00871	0.00276	0.00394	0.01920	0.00639	0.00559
25	0.01329	0.01288	0.02280	0.66122	0.04582	0.01544	0.09617	0.01799	0.01396	0.01799	0.01235	0.01826	0.00926	0.00672	0.00698	0.00228	0.00940	0.00631	0.00309	0.00779
26	0.01121	0.00936	0.01180	0.01159	0.01313	0.05321	0.00899	0.01473	0.05734	0.01678	0.01848	0.02590	0.01685	0.04584	0.64025	0.00986	0.01711	0.00718	0.00387	0.00653
27	0.00830	0.00608	0.00781	0.00920	0.00984	0.00558	0.00620	0.00956	0.01342	0.01759	0.04172	0.66754	0.13022	0.02091	0.00865	0.00272	0.00391	0.01881	0.00635	0.00558
28	0.01829	0.76368	0.03585	0.01171	0.01756	0.02707	0.01171	0.02049	0.01390	0.01610	0.00951	0.01097	0.00878	0.00585	0.00439	0.00146	0.00732	0.00366	0.00293	0.00878
29	0.00839	0.00600	0.00799	0.00949	0.00994	0.00560	0.00636	0.00967	0.01337	0.01790	0.06723	0.72434	0.04609	0.02111	0.00870	0.00275	0.00394	0.01914	0.00640	0.00560
30	0.01914	0.11594	0.04682	0.01686	0.01945	0.18215	0.01426	0.10569	0.01582	0.02005	0.01047	0.01403	0.00924	0.00941	0.01393	0.00237	0.36708	0.00532	0.00359	0.00837
31	0.19697	0.16032	0.02038	0.01367	0.01835	0.19315	0.01133	0.23643	0.02056	0.02837	0.01236	0.01351	0.00966	0.00707	0.00558	0.00187	0.00803	0.00473	0.02856	0.00911
32	0.02556	0.03261	0.01939	0.01763	0.02115	0.73210	0.01322	0.02732	0.01939	0.01674	0.01058	0.01234	0.00881	0.00705	0.00617	0.00176	0.01234	0.00441	0.00353	0.00793
33	0.04583	0.01720	0.04761	0.16036	0.21805	0.12697	0.04565	0.06088	0.01682	0.02176	0.04425	0.02578	0.08584	0.00868	0.00698	0.00215	0.00831	0.04404	0.00418	0.00866
34	0.00908	0.00627	0.00772	0.00857	0.00878	0.00606	0.00533	0.00972	0.01164	0.01552	0.03023	0.42604	0.03581	0.36338	0.02082	0.00456	0.00520	0.01505	0.00533	0.00490
35	0.01662	0.01607	0.05188	0.29112	0.11061	0.06304	0.06707	0.08883	0.08641	0.04021	0.01531	0.01927	0.01186	0.03001	0.00803	0.00231	0.02699	0.00640	0.03906	0.00890
36	0.01568	0.18735	0.49278	0.01834	0.05663	0.01806	0.02106	0.02238	0.03744	0.05133	0.01287	0.01457	0.00955	0.00652	0.00610	0.00201	0.00909	0.00497	0.00330	0.00995
37	0.00833	0.00689	0.00700	0.00700	0.00901	0.00589	0.00506	0.00984	0.01487	0.01781	0.06317	0.06313	0.62551	0.11274	0.01152	0.00287	0.00387	0.01386	0.00607	0.00557
38	0.01419	0.01216	0.01419	0.01013	0.01621	0.00912	0.00811	0.01723	0.01419	0.02229	0.01216	0.01419	0.01013	0.00507	0.00507	0.00101	0.00507	0.00405	0.00405	0.80139
39	0.03771	0.01385	0.04624	0.01252	0.01709	0.01284	0.01049	0.16785	0.03762	0.12573	0.06454	0.06476	0.01780	0.01158	0.05638	0.00249	0.05081	0.00689	0.00561	0.23720
40	0.01250	0.00982	0.03681	0.00945	0.01250	0.00839	0.00769	0.07932	0.01883	0.07045	0.31434	0.04735	0.27141	0.01338	0.00764	0.00212	0.00426	0.01134	0.00674	0.05564
41	0.00833	0.00599	0.00790	0.00942	0.00990	0.00557	0.00631	0.00954	0.01320	0.01750	0.03895	0.72805	0.07150	0.02127	0.00871	0.00276	0.00395	0.01925	0.00635	0.00557
42	0.01133	0.00890	0.01220	0.01220	0.01393	0.00915	0.04910	0.03265	0.11823	0.02043	0.03189	0.34886	0.03451	0.05231	0.05937	0.00348	0.00635	0.16225	0.00599	0.00686
43	0.04007	0.01979	0.09146	0.07009	0.06299	0.06497	0.46718	0.02147	0.01570	0.02132	0.01366	0.03472	0.01078	0.00654	0.00794	0.00227	0.02917	0.00745	0.00347	0.00900
44	0.01258	0.00636	0.00644	0.00650	0.00805	0.00634	0.00484	0.01569	0.01430	0.02520	0.02291	0.05360	0.01860	0.00849	0.00493	0.00164	0.00322	0.00688	0.76708	0.00634
45	0.01340	0.01288	0.04733	0.01272	0.01811	0.00980	0.09202	0.01668	0.01425	0.02139	0.01674	0.14145	0.01611	0.00801	0.00612	0.00152	0.00589	0.00722	0.00432	0.53402
46	0.01616	0.01703	0.02895	0.21268	0.19892	0.06786	0.25369	0.02119	0.03956	0.02048	0.01320	0.01767	0.01036	0.00664	0.00798	0.00223	0.04618	0.00671	0.00344	0.00907
47	0.00834	0.00595	0.00794	0.00953	0.00992	0.00556	0.00635	0.00953	0.01310	0.01746	0.03771	0.75510	0.04525	0.02143	0.00873	0.00278	0.00397	0.01945	0.00635	0.00556
48	0.01380	0.03484	0.70198	0.01980	0.02981	0.01593	0.04687	0.02167	0.01450	0.02167	0.01233	0.01457	0.00872	0.00648	0.00655	0.00217	0.01016	0.00515	0.00291	0.01008
49	0.00976	0.00829	0.00914	0.00978	0.05674	0.00741	0.00672	0.05226	0.01660	0.02024	0.06235	0.05960	0.62482	0.01603	0.00792	0.00228	0.00402	0.01338	0.00619	0.00647
50	0.00856	0.00621	0.00809	0.00919	0.00993	0.00574	0.00629	0.01016	0.01441	0.01935	0.16311	0.58104	0.09298	0.01980	0.00857	0.00263	0.00380	0.01783	0.00657	0.00574
51	0.01877	0.71537	0.03476	0.01210	0.01780	0.07367	0.01181	0.02094	0.01426	0.01614	0.00958	0.01106	0.00878	0.00593	0.00451	0.00148	0.00765	0.00371	0.00297	0.00872
52	0.00868	0.00622	0.00822	0.00968	0.01026	0.00586	0.00673	0.01005	0.01335	0.01766	0.03809	0.62849	0.06868	0.04997	0.00981	0.00295	0.00431	0.08914	0.00626	0.00559
53	0.02601	0.01916	0.02053	0.01574	0.02122	0.02122	0.01300	0.69408	0.03217	0.04312	0.01643	0.01643	0.01163	0.00821	0.00684	0.00205	0.00753	0.00616	0.00684	0.01163
54	0.04597	0.01917	0.01922	0.01561	0.01997	0.13419	0.03837	0.41253	0.02512	0.03299	0.01587	0.01871	0.01243	0.01232	0.07452	0.00290	0.03486	0.02611	0.02929	0.00984
55	0.02556	0.03261	0.01939	0.01763	0.02115	0.73210	0.01322	0.02732	0.01939	0.01674	0.01058	0.01234	0.00881	0.00705	0.00617	0.00176	0.01234	0.00441	0.00353	0.00793
56	0.01906	0.02355	0.15999	0.06720	0.21755	0.19116	0.01745	0.12334	0.01829	0.02307	0.01328	0.01724	0.01090	0.05858	0.00851	0.00233	0.00941	0.00575	0.00388	0.00945
57	0.00810	0.00689	0.00698	0.00705	0.00927	0.00577	0.00525	0.00981	0.01548	0.01844	0.06790	0.09643	0.68443	0.01751	0.00811	0.00233	0.00349	0.01466	0.00635	0.00577
58	0.01762	0.05530	0.26008	0.05288	0.14066	0.01660	0.03843	0.14358	0.07625	0.05576	0.01498	0.01710	0.01125	0.00817	0.00797	0.05490	0.00833	0.00587	0.00431	0.00997
59	0.04469	0.01780	0.05268	0.01721	0.02211	0.07216	0.14243	0.18469	0.12258	0.12456	0.01916	0.02003	0.02906	0.00915	0.02463	0.00240	0.05455	0.00681	0.02338	0.00993
60	0.00842	0.00610	0.00780	0.00911	0.00969	0.00565	0.00608	0.00959	0.01315	0.01729	0.03993	0.63483	0.11408	0.07081	0.01042	0.00299	0.00410	0.01828	0.00620	0.00548
61	0.01399	0.01195	0.01398	0.01011	0.01601	0.00900	0.00805	0.01697	0.01415	0.02213	0.01301	0.03871	0.01130	0.00561	0.00519	0.00107	0.00503	0.00456	0.00413	0.77505

[dist]
# distance from previous block
# <min> <max>
0	2

[block]
# block no. 3 follows, 31 sequences, length 6
# corresponding to MSA columns:
# 184-189
name=unknown_D
#
# <colnr> <probs for GDERKNQSTAVLIFYWHMCP>
#	G	D	E	R	K	N	Q	S	T	A	V	L	I	F	Y	W	H	M	C	P
0	0.01754	0.09036	0.06967	0.01917	0.04568	0.14810	0.15762	0.02069	0.01483	0.04392	0.01342	0.06246	0.01196	0.00858	0.01041	0.00220	0.18414	0.00661	0.00368	0.06895
1	0.01740	0.35063	0.35380	0.01537	0.02315	0.02019	0.01785	0.02231	0.01472	0.08859	0.01253	0.01381	0.00954	0.00641	0.00562	0.00185	0.00847	0.00463	0.00346	0.00968
2	0.01046	0.00720	0.00871	0.00867	0.01018	0.00683	0.00631	0.01211	0.01393	0.05732	0.09902	0.09341	0.25242	0.21195	0.11394	0.00468	0.00668	0.06474	0.00564	0.00582
3	0.01993	0.01529	0.01670	0.01292	0.01811	0.01551	0.01047	0.33444	0.10773	0.03301	0.01686	0.01749	0.01272	0.00727	0.00611	0.00170	0.00611	0.00566	0.06627	0.27570
4	0.01764	0.06239	0.07628	0.01786	0.04664	0.03963	0.16382	0.13390	0.11082	0.02591	0.01518	0.01690	0.01168	0.00657	0.00645	0.00182	0.00782	0.00593	0.00458	0.22821
5	0.01091	0.00789	0.00992	0.01083	0.04178	0.00803	0.00715	0.01461	0.10280	0.01993	0.11529	0.28304	0.03418	0.14815	0.04354	0.04855	0.00536	0.01245	0.06932	0.00628

[dist]
# distance from previous block
# <min> <max>
0	2

[block]
# block no. 4 follows, 31 sequences, length 24
# corresponding to MSA columns:
# 192-215
name=unknown_E
#
# <colnr> <probs for GDERKNQSTAVLIFYWHMCP>
#	G	D	E	R	K	N	Q	S	T	A	V	L	I	F	Y	W	H	M	C	P
0	0.01170	0.00601	0.00878	0.00878	0.00878	0.00601	0.00577	0.00901	0.00901	0.01201	0.01280	0.02307	0.01311	0.09352	0.02750	0.72565	0.00601	0.00632	0.00308	0.00308
1	0.01865	0.01482	0.01738	0.01559	0.06545	0.06828	0.07508	0.24442	0.04976	0.02973	0.01944	0.05887	0.01598	0.00871	0.00646	0.00200	0.00669	0.02708	0.24664	0.00897
2	0.05756	0.20630	0.16009	0.02212	0.15112	0.04221	0.13384	0.06265	0.06070	0.02249	0.01304	0.01534	0.01030	0.00643	0.00622	0.00198	0.00867	0.00557	0.00368	0.00969
3	0.02341	0.02835	0.02164	0.06573	0.02413	0.54311	0.07970	0.06618	0.01911	0.01888	0.01128	0.01367	0.00916	0.00719	0.00712	0.00192	0.04247	0.00504	0.00367	0.00824
4	0.00854	0.00621	0.00807	0.00931	0.01005	0.00575	0.00643	0.01004	0.01401	0.01859	0.10271	0.59940	0.11033	0.02026	0.00864	0.00269	0.00394	0.04289	0.00646	0.00569
5	0.01547	0.01463	0.02463	0.15053	0.46159	0.01513	0.05327	0.02039	0.05072	0.02240	0.08837	0.02131	0.01678	0.00720	0.00700	0.00211	0.00780	0.00695	0.00396	0.00976
6	0.00991	0.00732	0.00916	0.00865	0.01033	0.00690	0.00642	0.01357	0.05008	0.02594	0.58993	0.05068	0.11033	0.05929	0.00964	0.00244	0.00355	0.01217	0.00721	0.00646
7	0.00832	0.00602	0.00787	0.00936	0.00988	0.00557	0.00628	0.00955	0.01326	0.01753	0.03976	0.71034	0.08868	0.02117	0.00869	0.00275	0.00394	0.01912	0.00635	0.00557
8	0.02601	0.01916	0.02053	0.01574	0.02122	0.02122	0.01300	0.69408	0.03217	0.04312	0.01643	0.01643	0.01163	0.00821	0.00684	0.00205	0.00753	0.00616	0.00684	0.01163
9	0.00834	0.00595	0.00794	0.00953	0.00992	0.00556	0.00635	0.00953	0.01310	0.01746	0.03771	0.75510	0.04525	0.02143	0.00873	0.00278	0.00397	0.01945	0.00635	0.00556
10	0.01639	0.01651	0.05214	0.11606	0.62055	0.01613	0.02094	0.02064	0.01533	0.02181	0.01277	0.01698	0.01058	0.00619	0.00677	0.00206	0.00831	0.00606	0.00333	0.01046
11	0.02461	0.12909	0.02162	0.01677	0.02068	0.61050	0.01301	0.05272	0.01916	0.01770	0.01066	0.01232	0.00892	0.00694	0.00596	0.00173	0.01148	0.00438	0.00358	0.00819
12	0.02556	0.03261	0.01939	0.01763	0.02115	0.73210	0.01322	0.02732	0.01939	0.01674	0.01058	0.01234	0.00881	0.00705	0.00617	0.00176	0.01234	0.00441	0.00353	0.00793
13	0.02060	0.07544	0.02162	0.22923	0.09286	0.41005	0.01551	0.02342	0.01701	0.01743	0.01117	0.01438	0.00909	0.00682	0.00630	0.00192	0.01067	0.00500	0.00333	0.00816
14	0.00911	0.00667	0.00844	0.00860	0.00987	0.00612	0.00615	0.01140	0.01662	0.02274	0.40407	0.25452	0.13799	0.05444	0.00962	0.00258	0.00364	0.01454	0.00687	0.00600
15	0.04544	0.01535	0.03784	0.08093	0.02084	0.05756	0.04671	0.13494	0.23361	0.07769	0.05519	0.04881	0.09579	0.00978	0.00705	0.00222	0.00664	0.00816	0.00603	0.00942
16	0.02448	0.01841	0.01967	0.01543	0.02064	0.02050	0.01264	0.58269	0.14604	0.04066	0.01836	0.01797	0.01320	0.00839	0.00686	0.00210	0.00717	0.00643	0.00686	0.01150
17	0.00812	0.00678	0.00709	0.00733	0.00935	0.00574	0.00538	0.00977	0.01521	0.01832	0.06439	0.17301	0.61012	0.01797	0.00819	0.00238	0.00354	0.01522	0.00635	0.00574
18	0.01387	0.01223	0.01650	0.26725	0.09951	0.08146	0.01328	0.01560	0.01262	0.01608	0.01300	0.02008	0.01153	0.04237	0.10366	0.21495	0.03018	0.00617	0.00322	0.00645
19	0.08174	0.33059	0.12477	0.01565	0.06503	0.08877	0.01401	0.08946	0.04841	0.06458	0.01281	0.01395	0.01013	0.00666	0.00551	0.00182	0.00792	0.00472	0.00402	0.00946
20	0.00864	0.00613	0.00809	0.00954	0.00997	0.00579	0.00645	0.00984	0.01299	0.01729	0.03625	0.65379	0.04317	0.08374	0.01098	0.00313	0.00434	0.05823	0.00616	0.00548
21	0.01574	0.01245	0.01784	0.12991	0.18303	0.01352	0.01337	0.14855	0.01689	0.04660	0.01739	0.06075	0.01565	0.09825	0.17492	0.00464	0.01003	0.00752	0.00448	0.00846
22	0.01918	0.01473	0.01561	0.01217	0.01712	0.06087	0.00967	0.21391	0.02008	0.09342	0.01897	0.05752	0.04532	0.03760	0.00733	0.00184	0.00627	0.00645	0.00547	0.33645
23	0.01191	0.00796	0.00890	0.00837	0.01089	0.00711	0.00630	0.01479	0.05722	0.11467	0.10019	0.10037	0.45484	0.05417	0.00928	0.00253	0.00408	0.01297	0.00664	0.00682

[dist]
# distance from previous block
# <min> <max>
0	1

[block]
# block no. 5 follows, 31 sequences, length 30
# corresponding to MSA columns:
# 217-246
name=unknown_F
#
# <colnr> <probs for GDERKNQSTAVLIFYWHMCP>
#	G	D	E	R	K	N	Q	S	T	A	V	L	I	F	Y	W	H	M	C	P
0	0.01487	0.01144	0.01302	0.01200	0.01490	0.01229	0.00939	0.11781	0.25737	0.04230	0.16200	0.13576	0.07113	0.01314	0.00773	0.00240	0.00510	0.08182	0.00690	0.00864
1	0.01812	0.01620	0.02703	0.12162	0.26716	0.01676	0.17609	0.15795	0.01873	0.04767	0.01448	0.01810	0.01121	0.00910	0.04687	0.00263	0.00942	0.00666	0.00424	0.00997
2	0.00846	0.00601	0.00790	0.00936	0.00973	0.00564	0.00617	0.00956	0.01285	0.01713	0.03641	0.69821	0.04362	0.08055	0.01082	0.00309	0.00418	0.01869	0.00617	0.00544
3	0.01711	0.05293	0.21012	0.15162	0.16576	0.12683	0.04973	0.06216	0.01641	0.02143	0.01232	0.01544	0.00955	0.00653	0.00649	0.00200	0.00939	0.00543	0.00345	0.05531
4	0.02311	0.02392	0.02122	0.02234	0.17378	0.36081	0.01481	0.10148	0.01915	0.08189	0.01301	0.01502	0.01030	0.00758	0.00804	0.00201	0.08267	0.00535	0.00425	0.00927
5	0.00833	0.00599	0.00790	0.00943	0.00990	0.00557	0.00631	0.00954	0.01319	0.01750	0.03890	0.72902	0.07056	0.02128	0.00871	0.00276	0.00395	0.01926	0.00635	0.00557
6	0.01968	0.01862	0.05367	0.17621	0.17670	0.08764	0.01635	0.23747	0.09588	0.02805	0.01523	0.01742	0.01152	0.00739	0.00676	0.00210	0.00835	0.00608	0.00480	0.01009
7	0.00913	0.00701	0.00838	0.00815	0.01003	0.00626	0.00618	0.01178	0.01775	0.02368	0.43510	0.05795	0.31270	0.01549	0.00814	0.00226	0.00346	0.04334	0.00702	0.00619
8	0.00832	0.00601	0.00788	0.00937	0.00988	0.00557	0.00628	0.00954	0.01325	0.01753	0.03962	0.71328	0.08583	0.02118	0.00869	0.00275	0.00394	0.01915	0.00635	0.00557
9	0.01467	0.18582	0.58196	0.01789	0.02712	0.01820	0.02247	0.02142	0.01433	0.02052	0.01171	0.01373	0.00869	0.00637	0.00606	0.00202	0.00953	0.00477	0.00290	0.00984
10	0.00821	0.00669	0.00727	0.00765	0.00945	0.00575	0.00554	0.00986	0.01512	0.01857	0.08633	0.23776	0.52158	0.01823	0.00825	0.00242	0.00358	0.01561	0.00640	0.00575
11	0.04702	0.23231	0.43249	0.01589	0.02363	0.01792	0.01889	0.02013	0.01421	0.02033	0.03152	0.07020	0.01286	0.00764	0.00603	0.00202	0.00850	0.00589	0.00334	0.00919
12	0.67017	0.06829	0.01354	0.01045	0.01483	0.06746	0.03021	0.02071	0.01250	0.02837	0.00974	0.01143	0.00770	0.00635	0.00451	0.00205	0.00614	0.00389	0.00407	0.00760
13	0.02556	0.03261	0.01939	0.01763	0.02115	0.73210	0.01322	0.02732	0.01939	0.01674	0.01058	0.01234	0.00881	0.00705	0.00617	0.00176	0.01234	0.00441	0.00353	0.00793
14	0.01734	0.01867	0.04099	0.02032	0.17156	0.19947	0.04088	0.04178	0.01616	0.02056	0.01473	0.07642	0.01342	0.01121	0.06735	0.00254	0.00915	0.00639	0.00396	0.20709
15	0.00832	0.00678	0.00711	0.00729	0.00912	0.00585	0.00522	0.00980	0.01468	0.01778	0.06031	0.14390	0.55945	0.10033	0.01113	0.00285	0.00388	0.01452	0.00611	0.00557
16	0.01486	0.01314	0.01438	0.01064	0.01636	0.04551	0.00843	0.03646	0.01491	0.02241	0.01319	0.04284	0.01147	0.00589	0.00531	0.00115	0.00546	0.00473	0.00419	0.70867
17	0.01771	0.01874	0.02725	0.05387	0.35071	0.13244	0.16663	0.02284	0.06522	0.02186	0.04523	0.01871	0.01348	0.00678	0.00704	0.00208	0.00918	0.00666	0.00385	0.00971
18	0.01481	0.20949	0.55958	0.01764	0.02673	0.01856	0.02203	0.02138	0.01431	0.02033	0.01162	0.01361	0.00869	0.00635	0.00600	0.00200	0.00944	0.00472	0.00290	0.00979
19	0.01327	0.03223	0.64462	0.01829	0.02745	0.01484	0.02318	0.02069	0.01499	0.02231	0.09022	0.01852	0.01488	0.00733	0.00667	0.00216	0.00935	0.00587	0.00340	0.00970
20	0.00837	0.00611	0.00788	0.00920	0.00986	0.00562	0.00623	0.00971	0.01365	0.01802	0.07108	0.64734	0.12047	0.02065	0.00863	0.00270	0.00388	0.01858	0.00640	0.00562
21	0.01612	0.39435	0.35276	0.01666	0.05455	0.02143	0.01838	0.02105	0.01423	0.01894	0.01094	0.01284	0.00882	0.00616	0.00547	0.00181	0.00864	0.00441	0.00293	0.00949
22	0.01610	0.01259	0.02223	0.01989	0.09832	0.01214	0.21981	0.01949	0.01562	0.13838	0.02576	0.17464	0.06738	0.01137	0.00864	0.00240	0.04837	0.04860	0.02980	0.00849
23	0.00955	0.00699	0.00896	0.00846	0.01014	0.00640	0.00635	0.01265	0.01905	0.02668	0.65870	0.05235	0.11960	0.01427	0.00807	0.00217	0.00325	0.01255	0.00743	0.00640
24	0.01423	0.01590	0.08251	0.11778	0.14400	0.01445	0.24749	0.02002	0.07451	0.02111	0.01916	0.16080	0.01780	0.00935	0.00760	0.00234	0.00855	0.00941	0.00421	0.00879
25	0.02375	0.01840	0.02185	0.01973	0.11042	0.11835	0.08857	0.23506	0.06740	0.18092	0.01803	0.01888	0.01306	0.02484	0.00753	0.00217	0.00820	0.00646	0.00585	0.01051
26	0.09970	0.01252	0.10919	0.01242	0.01497	0.01132	0.01109	0.01458	0.01181	0.01872	0.04660	0.05264	0.01690	0.03124	0.36829	0.05510	0.09525	0.00710	0.00379	0.00676
27	0.01374	0.01113	0.01237	0.01140	0.01405	0.01220	0.00861	0.05061	0.34879	0.02529	0.16043	0.06734	0.07863	0.09721	0.05444	0.00330	0.00580	0.00977	0.00648	0.00841
28	0.01643	0.01388	0.01592	0.01183	0.01761	0.05052	0.03684	0.04107	0.05382	0.06540	0.01405	0.01551	0.01113	0.00574	0.00552	0.00128	0.00588	0.00468	0.00452	0.60838
29	0.09126	0.01214	0.01321	0.01221	0.01486	0.06680	0.03906	0.09570	0.06501	0.04498	0.04637	0.15958	0.08156	0.08381	0.02713	0.00304	0.00658	0.12358	0.00572	0.00740

[dist]
# distance from previous block
# <min> <max>
2	8

[block]
# block no. 6 follows, 31 sequences, length 17
# corresponding to MSA columns:
# 255-271
name=unknown_G
#
# <colnr> <probs for GDERKNQSTAVLIFYWHMCP>
#	G	D	E	R	K	N	Q	S	T	A	V	L	I	F	Y	W	H	M	C	P
0	0.00995	0.00933	0.05603	0.00934	0.01179	0.00766	0.00771	0.01383	0.07132	0.02097	0.13182	0.15969	0.31930	0.01688	0.03486	0.00267	0.00479	0.04570	0.05976	0.00661
1	0.01995	0.01394	0.01599	0.01229	0.01747	0.01333	0.00994	0.23100	0.07226	0.12829	0.08636	0.02067	0.01776	0.00772	0.00631	0.00170	0.00578	0.00621	0.00610	0.30691
2	0.01737	0.01513	0.02404	0.06701	0.30243	0.01484	0.09614	0.06323	0.01623	0.07029	0.01373	0.01683	0.01088	0.00651	0.00749	0.00191	0.05197	0.00591	0.00407	0.19401
3	0.06800	0.27327	0.45046	0.01624	0.02456	0.01953	0.01963	0.02117	0.01408	0.02044	0.01119	0.01308	0.00862	0.00628	0.00566	0.00193	0.00887	0.00451	0.00299	0.00949
4	0.01372	0.03539	0.72412	0.01950	0.02961	0.01589	0.02528	0.02167	0.01444	0.02167	0.01228	0.01444	0.00867	0.00650	0.00650	0.00217	0.01011	0.00506	0.00289	0.01011
5	0.00964	0.00721	0.01072	0.01086	0.01201	0.00828	0.00835	0.01198	0.01118	0.01602	0.02006	0.09203	0.01962	0.04864	0.66770	0.01026	0.01704	0.00841	0.00391	0.00606
6	0.01188	0.00594	0.00891	0.00891	0.00891	0.00594	0.00594	0.00891	0.00891	0.01188	0.01188	0.02080	0.01188	0.02377	0.02674	0.80095	0.00594	0.00594	0.00297	0.00297
7	0.01998	0.00917	0.01154	0.00992	0.01326	0.00829	0.00779	0.02306	0.04081	0.34859	0.07476	0.11827	0.10840	0.01137	0.00691	0.00213	0.00462	0.00957	0.16271	0.00882
8	0.01000	0.00755	0.00931	0.03037	0.01208	0.00717	0.00743	0.01287	0.03465	0.03846	0.17983	0.10407	0.31394	0.01949	0.07306	0.00322	0.00551	0.11834	0.00631	0.00635
9	0.03070	0.01164	0.01588	0.01217	0.01746	0.01006	0.01006	0.03334	0.01958	0.72163	0.02699	0.02329	0.01694	0.00847	0.00688	0.00212	0.00582	0.00688	0.00847	0.01164
10	0.00828	0.00619	0.00770	0.00891	0.00976	0.00561	0.00608	0.00960	0.01369	0.01771	0.04522	0.59114	0.20436	0.02046	0.00858	0.00267	0.00385	0.01826	0.00635	0.00561
11	0.01452	0.01331	0.02171	0.52996	0.08612	0.01542	0.06303	0.07936	0.01566	0.02064	0.01344	0.03896	0.01063	0.00719	0.00690	0.00220	0.00875	0.00652	0.00358	0.04211
12	0.01457	0.01376	0.02288	0.45456	0.28671	0.01567	0.01931	0.01968	0.04869	0.01979	0.01319	0.01813	0.01032	0.00669	0.00682	0.00219	0.00858	0.00617	0.00336	0.00893
13	0.01048	0.00819	0.01161	0.01123	0.01206	0.00980	0.00854	0.01234	0.01073	0.01546	0.01773	0.02874	0.01753	0.18128	0.50724	0.00912	0.11069	0.00766	0.00367	0.00591
14	0.01074	0.00753	0.00905	0.00941	0.01017	0.00754	0.00631	0.07122	0.01367	0.01821	0.02908	0.35748	0.03353	0.32329	0.01932	0.00432	0.00552	0.05257	0.00549	0.00556
15	0.01771	0.02309	0.21317	0.02364	0.15881	0.11017	0.13666	0.08653	0.01741	0.05165	0.01580	0.08455	0.01342	0.00800	0.00704	0.00216	0.00928	0.00722	0.00410	0.00959
16	0.01958	0.51004	0.10610	0.01373	0.01972	0.10879	0.01350	0.10158	0.01678	0.01999	0.01076	0.01216	0.00911	0.00635	0.00512	0.00164	0.00824	0.00419	0.00346	0.00916

[dist]
# distance from previous block
# <min> <max>
5	41

[block]
# block no. 7 follows, 31 sequences, length 14
# corresponding to MSA columns:
# 313-326
name=unknown_H
#
# <colnr> <probs for GDERKNQSTAVLIFYWHMCP>
#	G	D	E	R	K	N	Q	S	T	A	V	L	I	F	Y	W	H	M	C	P
0	0.02863	0.01176	0.01595	0.04466	0.01858	0.01060	0.01040	0.06086	0.01987	0.62499	0.06072	0.02417	0.01877	0.00866	0.00694	0.00212	0.00591	0.00709	0.00811	0.01120
1	0.02931	0.01482	0.01713	0.01334	0.01854	0.06664	0.01092	0.17346	0.02224	0.52435	0.02351	0.02100	0.01520	0.00831	0.00682	0.00208	0.00667	0.00654	0.00775	0.01136
2	0.01693	0.01626	0.02777	0.04199	0.71689	0.01626	0.02100	0.02100	0.01558	0.02235	0.01287	0.01693	0.01084	0.00610	0.00677	0.00203	0.00813	0.00610	0.00339	0.01084
3	0.01292	0.01216	0.02052	0.74312	0.04712	0.01520	0.01900	0.01748	0.01368	0.01748	0.01216	0.01824	0.00912	0.00684	0.00684	0.00228	0.00912	0.00608	0.00304	0.00760
4	0.01171	0.00905	0.01350	0.10874	0.07117	0.00945	0.01280	0.01511	0.01547	0.02023	0.03138	0.06507	0.03334	0.01639	0.00891	0.00295	0.00680	0.53545	0.00566	0.00681
5	0.80789	0.01323	0.01006	0.00900	0.01323	0.01535	0.00741	0.02011	0.01164	0.03070	0.00953	0.01111	0.00741	0.00635	0.00423	0.00212	0.00529	0.00370	0.00423	0.00741
6	0.00993	0.00670	0.00779	0.00779	0.00790	0.00681	0.00455	0.01016	0.01004	0.01351	0.02126	0.04313	0.02416	0.69458	0.09883	0.00703	0.00771	0.00971	0.00410	0.00433
7	0.00825	0.00694	0.00716	0.00711	0.00934	0.00585	0.00533	0.01014	0.01599	0.01942	0.13705	0.06429	0.64578	0.01698	0.00808	0.00229	0.00344	0.01422	0.00648	0.00585
8	0.12060	0.02851	0.01840	0.01633	0.02020	0.55264	0.01249	0.11315	0.02011	0.02187	0.01121	0.01272	0.00901	0.00712	0.00602	0.00184	0.01086	0.00455	0.00404	0.00835
9	0.07738	0.01438	0.01451	0.01274	0.01653	0.06326	0.00996	0.05204	0.38701	0.09559	0.13118	0.02664	0.02481	0.00939	0.00680	0.00217	0.00564	0.00767	0.00666	0.03565
10	0.04410	0.01779	0.08462	0.01384	0.01846	0.08509	0.01182	0.20793	0.15192	0.05205	0.02282	0.11488	0.05290	0.00996	0.00683	0.00210	0.00683	0.00806	0.00578	0.08222
11	0.01850	0.05844	0.16180	0.05291	0.02222	0.06562	0.01481	0.23632	0.05967	0.02747	0.01646	0.07201	0.01395	0.00889	0.00773	0.00211	0.05831	0.02245	0.00489	0.07545
12	0.04133	0.06873	0.11021	0.01476	0.02055	0.03792	0.03483	0.30893	0.04715	0.03122	0.05077	0.01905	0.01439	0.00777	0.00642	0.00190	0.00730	0.02477	0.00534	0.14665
13	0.17430	0.06555	0.07366	0.01450	0.01938	0.10964	0.06439	0.12224	0.12690	0.04900	0.03549	0.01833	0.01360	0.04085	0.00738	0.00222	0.00755	0.00588	0.00493	0.04421

[dist]
# distance from previous block
# <min> <max>
0	137

[block]
# block no. 8 follows, 31 sequences, length 27
# corresponding to MSA columns:
# 464-490
name=unknown_I
#
# <colnr> <probs for GDERKNQSTAVLIFYWHMCP>
#	G	D	E	R	K	N	Q	S	T	A	V	L	I	F	Y	W	H	M	C	P
0	0.01885	0.01525	0.01884	0.05190	0.02055	0.09323	0.09305	0.08537	0.12524	0.13670	0.08501	0.09065	0.02177	0.01033	0.00886	0.00231	0.08132	0.02596	0.00578	0.00902
1	0.05192	0.01812	0.04469	0.14726	0.02600	0.10359	0.08959	0.20203	0.09058	0.04800	0.01564	0.01891	0.01217	0.05129	0.00925	0.00244	0.04805	0.00640	0.00484	0.00923
2	0.14873	0.16537	0.02524	0.04651	0.02285	0.21437	0.14049	0.08914	0.01712	0.02250	0.01139	0.01379	0.00917	0.00678	0.00665	0.00197	0.04038	0.00515	0.00380	0.00859
3	0.01908	0.05969	0.14440	0.01534	0.02013	0.19940	0.01373	0.10589	0.17555	0.04752	0.01960	0.11423	0.01695	0.00948	0.00676	0.00213	0.00821	0.00752	0.00510	0.00929
4	0.01499	0.23706	0.53353	0.01734	0.02627	0.01898	0.02152	0.02134	0.01429	0.02012	0.01151	0.01348	0.00870	0.00632	0.00592	0.00197	0.00934	0.00467	0.00290	0.00974
5	0.00847	0.00619	0.00800	0.00940	0.01009	0.00572	0.00649	0.00984	0.01356	0.01777	0.04141	0.63198	0.12523	0.02079	0.00870	0.00274	0.00405	0.05760	0.00635	0.00563
6	0.01015	0.00794	0.01154	0.01138	0.01259	0.00933	0.00899	0.01251	0.01149	0.01633	0.02170	0.03104	0.06087	0.04435	0.59248	0.00940	0.07466	0.04313	0.00392	0.00621
7	0.02524	0.02735	0.01954	0.01682	0.02099	0.46661	0.01302	0.24097	0.06009	0.02581	0.01337	0.01435	0.01036	0.00754	0.00643	0.00189	0.01043	0.00514	0.00477	0.00927
8	0.01680	0.06223	0.02160	0.01754	0.01843	0.13090	0.01450	0.01838	0.01205	0.01649	0.00926	0.01432	0.00894	0.01085	0.01887	0.00271	0.58982	0.00560	0.00307	0.00763
9	0.02280	0.01902	0.01841	0.01502	0.01970	0.10470	0.01206	0.42099	0.18533	0.03513	0.02151	0.02098	0.05523	0.00886	0.00686	0.00210	0.00737	0.00681	0.00644	0.01065
10	0.01673	0.01605	0.02741	0.07701	0.68344	0.01620	0.02090	0.02082	0.01548	0.02211	0.01283	0.01700	0.01075	0.00613	0.00678	0.00204	0.00818	0.00609	0.00337	0.01068
11	0.00982	0.00715	0.01007	0.01007	0.01098	0.00805	0.00740	0.01163	0.01072	0.01520	0.01917	0.03154	0.01913	0.23606	0.55048	0.00986	0.01528	0.00801	0.00379	0.00560
12	0.02556	0.03261	0.01939	0.01763	0.02115	0.73210	0.01322	0.02732	0.01939	0.01674	0.01058	0.01234	0.00881	0.00705	0.00617	0.00176	0.01234	0.00441	0.00353	0.00793
13	0.01793	0.70681	0.08960	0.01231	0.01850	0.02620	0.01277	0.02058	0.01394	0.01653	0.00973	0.01125	0.00877	0.00590	0.00455	0.00152	0.00753	0.00377	0.00292	0.00888
14	0.00977	0.00733	0.01100	0.01100	0.01222	0.00855	0.00855	0.01222	0.01100	0.01588	0.01833	0.02688	0.01710	0.05131	0.73245	0.01100	0.01833	0.00733	0.00367	0.00611
15	0.00995	0.00663	0.00746	0.00746	0.00746	0.00663	0.00415	0.00995	0.00995	0.01327	0.02156	0.04477	0.02487	0.75957	0.03482	0.00663	0.00663	0.00995	0.00415	0.00415
16	0.01693	0.01626	0.02777	0.04199	0.71689	0.01626	0.02100	0.02100	0.01558	0.02235	0.01287	0.01693	0.01084	0.00610	0.00677	0.00203	0.00813	0.00610	0.00339	0.01084
17	0.01292	0.01216	0.02052	0.74312	0.04712	0.01520	0.01900	0.01748	0.01368	0.01748	0.01216	0.01824	0.00912	0.00684	0.00684	0.00228	0.00912	0.00608	0.00304	0.00760
18	0.00834	0.00595	0.00794	0.00953	0.00992	0.00556	0.00635	0.00953	0.01310	0.01746	0.03771	0.75510	0.04525	0.02143	0.00873	0.00278	0.00397	0.01945	0.00635	0.00556
19	0.02601	0.01916	0.02053	0.01574	0.02122	0.02122	0.01300	0.69408	0.03217	0.04312	0.01643	0.01643	0.01163	0.00821	0.00684	0.00205	0.00753	0.00616	0.00684	0.01163
20	0.00894	0.00696	0.00811	0.00783	0.00976	0.00614	0.00587	0.01147	0.01761	0.02326	0.41323	0.05797	0.36720	0.01554	0.00808	0.00223	0.00334	0.01334	0.00698	0.00614
21	0.00834	0.00595	0.00794	0.00953	0.00992	0.00556	0.00635	0.00953	0.01310	0.01746	0.03771	0.75510	0.04525	0.02143	0.00873	0.00278	0.00397	0.01945	0.00635	0.00556
22	0.01476	0.01271	0.01555	0.01115	0.01724	0.00996	0.03709	0.04525	0.01501	0.02313	0.01241	0.01446	0.01021	0.00523	0.00527	0.00111	0.00544	0.00431	0.00414	0.73558
23	0.01372	0.03539	0.72412	0.01950	0.02961	0.01589	0.02528	0.02167	0.01444	0.02167	0.01228	0.01444	0.00867	0.00650	0.00650	0.00217	0.01011	0.00506	0.00289	0.01011
24	0.01372	0.03539	0.72412	0.01950	0.02961	0.01589	0.02528	0.02167	0.01444	0.02167	0.01228	0.01444	0.00867	0.00650	0.00650	0.00217	0.01011	0.00506	0.00289	0.01011
25	0.01968	0.01523	0.01617	0.01337	0.01772	0.03698	0.01066	0.25874	0.25540	0.06885	0.09304	0.02569	0.05770	0.00937	0.00692	0.00208	0.00602	0.00758	0.00670	0.07209
26	0.01820	0.01556	0.01582	0.01367	0.01731	0.12444	0.02830	0.13497	0.11464	0.07240	0.07155	0.11375	0.02298	0.01084	0.00756	0.00215	0.02779	0.07078	0.00583	0.11145

[dist]
# distance from previous block
# <min> <max>
1	23

[block]
# block no. 9 follows, 31 sequences, length 67
# corresponding to MSA columns:
# 514-580
name=unknown_J
#
# <colnr> <probs for GDERKNQSTAVLIFYWHMCP>
#	G	D	E	R	K	N	Q	S	T	A	V	L	I	F	Y	W	H	M	C	P
0	0.01568	0.01484	0.02500	0.02169	0.09190	0.01635	0.22246	0.02145	0.11109	0.05063	0.06670	0.04321	0.01704	0.01094	0.04039	0.00281	0.20674	0.00784	0.00442	0.00881
1	0.01575	0.01458	0.02391	0.36239	0.35841	0.01613	0.01950	0.06833	0.01591	0.02162	0.01280	0.01750	0.01011	0.00659	0.00681	0.00215	0.00854	0.00609	0.00348	0.00941
2	0.01059	0.00801	0.01060	0.01163	0.08047	0.00734	0.00768	0.01344	0.01784	0.04535	0.43740	0.07052	0.22506	0.01411	0.00793	0.00220	0.00388	0.01232	0.00681	0.00685
3	0.08078	0.01760	0.01862	0.01455	0.01980	0.01924	0.01191	0.50904	0.10758	0.03870	0.01688	0.01691	0.01228	0.00793	0.00651	0.00200	0.00690	0.00598	0.00642	0.08037
4	0.01471	0.01444	0.02096	0.01894	0.05119	0.01931	0.03827	0.01664	0.01144	0.01733	0.01204	0.02137	0.01214	0.01217	0.01992	0.00294	0.61305	0.07220	0.00336	0.00758
5	0.02075	0.29754	0.20114	0.01416	0.02080	0.01894	0.01471	0.06711	0.05642	0.20178	0.01620	0.01620	0.01173	0.00703	0.00586	0.00189	0.00754	0.00523	0.00482	0.01015
6	0.01548	0.12848	0.56577	0.01831	0.02722	0.08857	0.02234	0.02208	0.01487	0.02046	0.01175	0.01379	0.00870	0.00647	0.00620	0.00204	0.00997	0.00481	0.00296	0.00972
7	0.00853	0.00622	0.00796	0.00905	0.00981	0.00573	0.00617	0.01001	0.01411	0.01875	0.12853	0.56311	0.12429	0.04198	0.00935	0.00276	0.00389	0.01767	0.00644	0.00566
8	0.00943	0.00680	0.00892	0.00878	0.01017	0.00629	0.00644	0.01228	0.01820	0.02558	0.58729	0.18240	0.06095	0.01538	0.00819	0.00227	0.00337	0.01369	0.00731	0.00629
