[name]
unknown

[dist]
# distance from previous block
# <min> <max>
0	680

[block]
# block no. 0 follows, 33 sequences, length 116
# corresponding to MSA columns:
# 680-795
name=unknown_A
#
# <colnr> <probs for GDERKNQSTAVLIFYWHMCP>
#	G	D	E	R	K	N	Q	S	T	A	V	L	I	F	Y	W	H	M	C	P
0	0.78878	0.01256	0.00971	0.00877	0.01276	0.01453	0.00724	0.01916	0.01133	0.02921	0.01001	0.01278	0.00814	0.00651	0.00424	0.00207	0.00512	0.02584	0.00414	0.00709
1	0.01593	0.01527	0.02606	0.10755	0.66327	0.01555	0.02002	0.01989	0.01482	0.02107	0.01232	0.01641	0.01027	0.00593	0.00652	0.00198	0.00791	0.00586	0.00323	0.01013
2	0.00957	0.00638	0.00718	0.00718	0.00718	0.00638	0.00399	0.00957	0.00957	0.01276	0.02074	0.04308	0.02393	0.76864	0.03351	0.00638	0.00638	0.00957	0.00399	0.00399
3	0.00932	0.00673	0.00880	0.00828	0.00984	0.00621	0.00621	0.01242	0.01863	0.02640	0.72410	0.04918	0.06212	0.01346	0.00776	0.00207	0.00311	0.01191	0.00725	0.00621
4	0.01243	0.01170	0.01975	0.75282	0.04534	0.01463	0.01828	0.01682	0.01316	0.01682	0.01170	0.01755	0.00878	0.00658	0.00658	0.00219	0.00878	0.00585	0.00293	0.00731
5	0.02954	0.01120	0.01528	0.01171	0.01681	0.00968	0.00968	0.03208	0.01884	0.73213	0.02597	0.02241	0.01630	0.00815	0.00662	0.00204	0.00560	0.00662	0.00815	0.01120
6	0.02503	0.01844	0.01976	0.01515	0.02042	0.02042	0.01251	0.70562	0.03095	0.04149	0.01581	0.01581	0.01120	0.00790	0.00659	0.00198	0.00724	0.00593	0.00659	0.01120
7	0.01629	0.01564	0.02672	0.04041	0.72757	0.01564	0.02020	0.02020	0.01499	0.02151	0.01238	0.01629	0.01043	0.00587	0.00652	0.00196	0.00782	0.00587	0.00326	0.01043
8	0.00941	0.00703	0.01047	0.01047	0.01161	0.00817	0.00809	0.01168	0.01055	0.01520	0.01774	0.02643	0.01670	0.07288	0.71938	0.01044	0.01727	0.00714	0.00354	0.00582
9	0.01243	0.01170	0.01975	0.75282	0.04534	0.01463	0.01828	0.01682	0.01316	0.01682	0.01170	0.01755	0.00878	0.00658	0.00658	0.00219	0.00878	0.00585	0.00293	0.00731
10	0.01440	0.01440	0.02016	0.01728	0.01728	0.02016	0.01440	0.01584	0.01008	0.01584	0.00864	0.01440	0.00864	0.01152	0.02160	0.00288	0.75659	0.00576	0.00288	0.00720
11	0.00932	0.00673	0.00880	0.00828	0.00984	0.00621	0.00621	0.01242	0.01863	0.02640	0.72410	0.04918	0.06212	0.01346	0.00776	0.00207	0.00311	0.01191	0.00725	0.00621
12	0.00954	0.00653	0.00793	0.00793	0.00819	0.00679	0.00492	0.01005	0.00980	0.01332	0.02006	0.03929	0.02229	0.61010	0.18979	0.00731	0.00886	0.00902	0.00389	0.00441
13	0.81514	0.01273	0.00968	0.00866	0.01273	0.01477	0.00713	0.01935	0.01120	0.02954	0.00917	0.01069	0.00713	0.00611	0.00407	0.00204	0.00509	0.00356	0.00407	0.00713
14	0.01548	0.01760	0.03795	0.02725	0.03359	0.01682	0.67062	0.02084	0.01528	0.02084	0.01309	0.01760	0.00992	0.00584	0.00843	0.00225	0.04683	0.00767	0.00331	0.00880
15	0.02323	0.01161	0.01468	0.01129	0.01613	0.01032	0.00919	0.10514	0.01914	0.41702	0.10635	0.02304	0.01988	0.00808	0.00639	0.00181	0.00534	0.00661	0.00697	0.17778
16	0.02401	0.01085	0.01418	0.01113	0.01566	0.00961	0.00904	0.05029	0.04289	0.49728	0.14057	0.02586	0.02325	0.00873	0.00664	0.00194	0.00516	0.00724	0.00748	0.08818
17	0.01629	0.01564	0.02672	0.04041	0.72757	0.01564	0.02020	0.02020	0.01499	0.02151	0.01238	0.01629	0.01043	0.00587	0.00652	0.00196	0.00782	0.00587	0.00326	0.01043
18	0.01579	0.01513	0.02582	0.13244	0.63944	0.01551	0.01996	0.01977	0.01475	0.02090	0.01229	0.01646	0.01021	0.00596	0.00653	0.00199	0.00794	0.00586	0.00322	0.01003
19	0.01320	0.03405	0.73453	0.01876	0.02849	0.01529	0.02432	0.02085	0.01390	0.02085	0.01181	0.01390	0.00834	0.00625	0.00625	0.00208	0.00973	0.00486	0.00278	0.00973
20	0.00856	0.00645	0.00911	0.09924	0.01388	0.00647	0.00759	0.01009	0.01267	0.01681	0.03331	0.67389	0.03933	0.01892	0.00818	0.00262	0.00442	0.01716	0.00573	0.00559
21	0.01458	0.01539	0.03140	0.02322	0.02794	0.01542	0.49740	0.01847	0.01377	0.01897	0.01292	0.01868	0.01065	0.03594	0.03627	0.08140	0.10920	0.00734	0.00325	0.00780
22	0.00940	0.00705	0.01058	0.01058	0.01176	0.00823	0.00823	0.01176	0.01058	0.01528	0.01763	0.02586	0.01646	0.04937	0.74255	0.01058	0.01763	0.00705	0.00353	0.00588
23	0.01342	0.07072	0.69978	0.01839	0.02792	0.01582	0.02368	0.02079	0.01387	0.02058	0.01168	0.01373	0.00834	0.00622	0.00615	0.00205	0.00960	0.00480	0.00278	0.00967
24	0.02356	0.02943	0.01966	0.01987	0.10800	0.65216	0.01365	0.02553	0.01820	0.01678	0.01045	0.01242	0.00872	0.00667	0.00601	0.00173	0.01137	0.00444	0.00338	0.00798
25	0.00845	0.00639	0.00781	0.00810	0.00947	0.00574	0.00583	0.01051	0.01564	0.02081	0.31202	0.28315	0.24873	0.01670	0.00797	0.00231	0.00340	0.01467	0.00655	0.00574
26	0.01508	0.01441	0.02453	0.26384	0.51361	0.01532	0.01960	0.01914	0.01442	0.02004	0.01217	0.01669	0.00991	0.00609	0.00654	0.00203	0.00812	0.00586	0.00315	0.00945
27	0.00913	0.00672	0.00853	0.00808	0.00972	0.00613	0.00606	0.01205	0.01818	0.02532	0.64205	0.05095	0.14484	0.01386	0.00777	0.00209	0.00313	0.01215	0.00711	0.00613
28	0.01665	0.01428	0.01504	0.01345	0.01722	0.01650	0.01049	0.05610	0.69411	0.02798	0.02645	0.02429	0.01982	0.00890	0.00670	0.00222	0.00527	0.00740	0.00670	0.01044
29	0.04620	0.02377	0.01623	0.01460	0.01788	0.46172	0.01107	0.12587	0.01932	0.02063	0.01938	0.09117	0.08621	0.00930	0.00641	0.00190	0.00929	0.00688	0.00444	0.00772
30	0.02459	0.03138	0.01866	0.01696	0.02035	0.74221	0.01272	0.02629	0.01866	0.01611	0.01018	0.01187	0.00848	0.00678	0.00594	0.00170	0.01187	0.00424	0.00339	0.00763
31	0.02954	0.01120	0.01528	0.01171	0.01681	0.00968	0.00968	0.03208	0.01884	0.73213	0.02597	0.02241	0.01630	0.00815	0.00662	0.00204	0.00560	0.00662	0.00815	0.01120
32	0.01144	0.00572	0.00858	0.00858	0.00858	0.00572	0.00572	0.00858	0.00858	0.01144	0.01144	0.02001	0.01144	0.02287	0.02573	0.80846	0.00572	0.00572	0.00286	0.00286
33	0.01760	0.77260	0.03450	0.01126	0.01690	0.02605	0.01126	0.01971	0.01338	0.01549	0.00915	0.01056	0.00845	0.00563	0.00422	0.00141	0.00704	0.00352	0.00282	0.00845
34	0.02503	0.01844	0.01976	0.01515	0.02042	0.02042	0.01251	0.70562	0.03095	0.04149	0.01581	0.01581	0.01120	0.00790	0.00659	0.00198	0.00724	0.00593	0.00659	0.01120
35	0.02459	0.03138	0.01866	0.01696	0.02035	0.74221	0.01272	0.02629	0.01866	0.01611	0.01018	0.01187	0.00848	0.00678	0.00594	0.00170	0.01187	0.00424	0.00339	0.00763
36	0.00798	0.00605	0.00737	0.00836	0.00935	0.00544	0.00577	0.00934	0.01351	0.01736	0.06351	0.52652	0.25729	0.01920	0.00819	0.00252	0.00365	0.01703	0.00614	0.00544
37	0.00792	0.00644	0.00701	0.00736	0.00910	0.00554	0.00533	0.00953	0.01459	0.01797	0.09184	0.23520	0.52428	0.01749	0.00793	0.00233	0.00344	0.01498	0.00617	0.00554
38	0.01624	0.01578	0.02751	0.03959	0.68275	0.01571	0.06440	0.02026	0.01503	0.02148	0.01244	0.01639	0.01040	0.00585	0.00660	0.00197	0.00803	0.00599	0.00326	0.01033
39	0.01957	0.01350	0.01496	0.01289	0.01693	0.01483	0.01019	0.07330	0.50222	0.17920	0.02579	0.02358	0.01865	0.00866	0.00660	0.00215	0.00534	0.00713	0.03402	0.01049
40	0.02459	0.03138	0.01866	0.01696	0.02035	0.74221	0.01272	0.02629	0.01866	0.01611	0.01018	0.01187	0.00848	0.00678	0.00594	0.00170	0.01187	0.00424	0.00339	0.00763
41	0.74358	0.01325	0.01059	0.00925	0.01343	0.01528	0.00762	0.08151	0.01299	0.03062	0.00977	0.01116	0.00750	0.00627	0.00430	0.00203	0.00529	0.00378	0.00430	0.00750
42	0.01615	0.01652	0.06065	0.03937	0.69406	0.01562	0.02040	0.02023	0.01494	0.02148	0.01236	0.01618	0.01033	0.00588	0.00650	0.00196	0.00791	0.00582	0.00324	0.01039
43	0.00951	0.00662	0.00837	0.00837	0.00878	0.00703	0.00547	0.01034	0.00993	0.01364	0.01966	0.03706	0.02132	0.51718	0.28139	0.00785	0.01032	0.00869	0.00383	0.00465
44	0.00783	0.00648	0.00686	0.00717	0.00902	0.00552	0.00523	0.00939	0.01452	0.01759	0.06056	0.20478	0.58743	0.01747	0.00791	0.00231	0.00343	0.01487	0.00611	0.00552
45	0.02556	0.01644	0.01838	0.01422	0.01935	0.01760	0.01170	0.50277	0.07081	0.20568	0.01892	0.01793	0.01297	0.00803	0.00660	0.00201	0.00672	0.00619	0.00697	0.01115
46	0.00926	0.00673	0.00872	0.00822	0.00980	0.00619	0.00617	0.01232	0.01851	0.02609	0.70056	0.04968	0.08585	0.01357	0.00777	0.00208	0.00311	0.01198	0.00721	0.00619
47	0.02366	0.02943	0.01823	0.01656	0.01999	0.66029	0.01246	0.02727	0.09733	0.01740	0.01205	0.01330	0.00979	0.00703	0.00602	0.00176	0.01112	0.00460	0.00377	0.00795
48	0.01144	0.00572	0.00858	0.00858	0.00858	0.00572	0.00572	0.00858	0.00858	0.01144	0.01144	0.02001	0.01144	0.02287	0.02573	0.80846	0.00572	0.00572	0.00286	0.00286
49	0.02407	0.03038	0.01917	0.01844	0.06512	0.69622	0.01319	0.02590	0.01842	0.01645	0.01032	0.01215	0.00860	0.00673	0.00597	0.00171	0.01162	0.00434	0.00338	0.00781
50	0.02654	0.01424	0.01694	0.01318	0.01821	0.01440	0.01082	0.28794	0.09143	0.40132	0.02219	0.02011	0.01473	0.00813	0.00661	0.00203	0.00619	0.00644	0.00741	0.01112
51	0.02503	0.01844	0.01976	0.01515	0.02042	0.02042	0.01251	0.70562	0.03095	0.04149	0.01581	0.01581	0.01120	0.00790	0.00659	0.00198	0.00724	0.00593	0.00659	0.01120
52	0.73848	0.01258	0.01022	0.00896	0.01313	0.01427	0.00738	0.02059	0.01195	0.09809	0.01081	0.01184	0.00802	0.00631	0.00432	0.00204	0.00514	0.00386	0.00447	0.00753
53	0.81514	0.01273	0.00968	0.00866	0.01273	0.01477	0.00713	0.01935	0.01120	0.02954	0.00917	0.01069	0.00713	0.00611	0.00407	0.00204	0.00509	0.00356	0.00407	0.00713
54	0.81514	0.01273	0.00968	0.00866	0.01273	0.01477	0.00713	0.01935	0.01120	0.02954	0.00917	0.01069	0.00713	0.00611	0.00407	0.00204	0.00509	0.00356	0.00407	0.00713
55	0.02910	0.01191	0.01571	0.01205	0.01716	0.01072	0.00995	0.09780	0.02002	0.66474	0.02498	0.02176	0.01580	0.00812	0.00662	0.00203	0.00576	0.00655	0.00800	0.01120
56	0.00957	0.00638	0.00718	0.00718	0.00718	0.00638	0.00399	0.00957	0.00957	0.01276	0.02074	0.04308	0.02393	0.76864	0.03351	0.00638	0.00638	0.00957	0.00399	0.00399
57	0.06840	0.01150	0.01514	0.01167	0.01671	0.01026	0.00964	0.05213	0.01884	0.67605	0.02483	0.02162	0.01568	0.00804	0.00649	0.00204	0.00563	0.00645	0.00790	0.01100
58	0.00918	0.00672	0.00860	0.00813	0.00975	0.00615	0.00610	0.01215	0.01830	0.02561	0.66393	0.05047	0.12278	0.01375	0.00777	0.00208	0.00313	0.01209	0.00714	0.00615
59	0.00799	0.00665	0.00698	0.00696	0.00904	0.00564	0.00520	0.00983	0.01540	0.01888	0.15151	0.08451	0.61602	0.01638	0.00780	0.00222	0.00332	0.01379	0.00626	0.00564
60	0.01365	0.01170	0.01365	0.00975	0.01560	0.00878	0.00780	0.01658	0.01365	0.02145	0.01170	0.01365	0.00975	0.00488	0.00488	0.00098	0.00488	0.00390	0.00390	0.80888
61	0.00879	0.00657	0.00816	0.00806	0.00959	0.00594	0.00593	0.01130	0.01696	0.02311	0.47972	0.15587	0.20539	0.01520	0.00786	0.00219	0.00326	0.01333	0.00683	0.00594
62	0.13325	0.04768	0.38693	0.01903	0.12315	0.03221	0.01839	0.04419	0.01486	0.06391	0.04770	0.01592	0.01169	0.00669	0.00601	0.00202	0.00809	0.00525	0.00371	0.00932
63	0.01320	0.03405	0.73453	0.01876	0.02849	0.01529	0.02432	0.02085	0.01390	0.02085	0.01181	0.01390	0.00834	0.00625	0.00625	0.00208	0.00973	0.00486	0.00278	0.00973
64	0.00991	0.00765	0.01000	0.00915	0.01072	0.00764	0.00702	0.01279	0.01750	0.02489	0.60647	0.04508	0.07885	0.01309	0.00902	0.00212	0.07670	0.01110	0.00667	0.03364
65	0.81514	0.01273	0.00968	0.00866	0.01273	0.01477	0.00713	0.01935	0.01120	0.02954	0.00917	0.01069	0.00713	0.00611	0.00407	0.00204	0.00509	0.00356	0.00407	0.00713
66	0.01629	0.01564	0.02672	0.04041	0.72757	0.01564	0.02020	0.02020	0.01499	0.02151	0.01238	0.01629	0.01043	0.00587	0.00652	0.00196	0.00782	0.00587	0.00326	0.01043
67	0.02411	0.01139	0.01378	0.01108	0.01523	0.03236	0.00895	0.10233	0.01915	0.45502	0.05894	0.04959	0.04267	0.00898	0.00648	0.00198	0.00538	0.00732	0.11549	0.00978
68	0.01371	0.01190	0.01448	0.01034	0.01622	0.00903	0.03063	0.01672	0.01371	0.02144	0.01175	0.01379	0.00976	0.00490	0.00497	0.00102	0.00508	0.00403	0.00388	0.78263
69	0.01725	0.71326	0.09074	0.01187	0.01783	0.02518	0.01231	0.01980	0.01342	0.01592	0.00937	0.01083	0.00844	0.00568	0.00439	0.00146	0.00726	0.00363	0.00281	0.00855
70	0.01493	0.01668	0.03591	0.02585	0.03201	0.01563	0.63561	0.02024	0.01584	0.02161	0.08267	0.02082	0.01508	0.00632	0.00777	0.00221	0.01032	0.00817	0.00371	0.00862
71	0.00898	0.00672	0.00833	0.00792	0.00963	0.00607	0.00594	0.01176	0.01783	0.02449	0.57831	0.05232	0.20910	0.01417	0.00777	0.00210	0.00316	0.01235	0.00700	0.00607
72	0.01365	0.01170	0.01365	0.00975	0.01560	0.00878	0.00780	0.01658	0.01365	0.02145	0.01170	0.01365	0.00975	0.00488	0.00488	0.00098	0.00488	0.00390	0.00390	0.80888
73	0.00802	0.00573	0.00764	0.00917	0.00955	0.00535	0.00611	0.00917	0.01260	0.01681	0.03628	0.76434	0.04354	0.02062	0.00840	0.00267	0.00382	0.01872	0.00611	0.00535
74	0.00956	0.00642	0.00738	0.00738	0.00744	0.00649	0.00423	0.00970	0.00963	0.01291	0.02056	0.04209	0.02350	0.72704	0.07451	0.00663	0.00703	0.00943	0.00396	0.00410
75	0.01243	0.01170	0.01975	0.75282	0.04534	0.01463	0.01828	0.01682	0.01316	0.01682	0.01170	0.01755	0.00878	0.00658	0.00658	0.00219	0.00878	0.00585	0.00293	0.00731
76	0.81514	0.01273	0.00968	0.00866	0.01273	0.01477	0.00713	0.01935	0.01120	0.02954	0.00917	0.01069	0.00713	0.00611	0.00407	0.00204	0.00509	0.00356	0.00407	0.00713
77	0.01440	0.01440	0.02016	0.01728	0.01728	0.02016	0.01440	0.01584	0.01008	0.01584	0.00864	0.01440	0.00864	0.01152	0.02160	0.00288	0.75659	0.00576	0.00288	0.00720
78	0.01679	0.01440	0.01551	0.01437	0.04051	0.01655	0.01084	0.06698	0.65961	0.02802	0.02579	0.02387	0.01935	0.00878	0.00669	0.00221	0.00539	0.00732	0.00658	0.01046
79	0.02938	0.01145	0.01543	0.01183	0.01693	0.01004	0.00977	0.05498	0.01925	0.70866	0.02563	0.02218	0.01612	0.00814	0.00662	0.00203	0.00566	0.00660	0.00809	0.01120
80	0.01522	0.01678	0.03420	0.02479	0.03053	0.01638	0.55335	0.02001	0.01468	0.02046	0.01258	0.01696	0.00980	0.00625	0.00926	0.00219	0.10503	0.00716	0.00332	0.08103
81	0.00921	0.00673	0.00865	0.00817	0.00977	0.00617	0.00613	0.01222	0.01839	0.02581	0.67906	0.05015	0.10752	0.01368	0.00777	0.00208	0.00312	0.01204	0.00717	0.00617
82	0.00802	0.00573	0.00764	0.00917	0.00955	0.00535	0.00611	0.00917	0.01260	0.01681	0.03628	0.76434	0.04354	0.02062	0.00840	0.00267	0.00382	0.01872	0.00611	0.00535
83	0.01760	0.77260	0.03450	0.01126	0.01690	0.02605	0.01126	0.01971	0.01338	0.01549	0.00915	0.01056	0.00845	0.00563	0.00422	0.00141	0.00704	0.00352	0.00282	0.00845
84	0.01637	0.01414	0.01489	0.01340	0.01712	0.01637	0.01042	0.03498	0.71568	0.02754	0.02679	0.02456	0.02010	0.00893	0.00670	0.00223	0.00521	0.00744	0.00670	0.01042
85	0.01756	0.70061	0.07832	0.01193	0.01775	0.04971	0.01214	0.02001	0.01359	0.01585	0.00936	0.01082	0.00844	0.00571	0.00441	0.00146	0.00737	0.00363	0.00283	0.00850
86	0.00957	0.00638	0.00718	0.00718	0.00718	0.00638	0.00399	0.00957	0.00957	0.01276	0.02074	0.04308	0.02393	0.76864	0.03351	0.00638	0.00638	0.00957	0.00399	0.00399
87	0.01935	0.58829	0.03060	0.01262	0.01776	0.17928	0.01162	0.04433	0.01510	0.01650	0.00960	0.01102	0.00855	0.00596	0.00467	0.00149	0.00808	0.00376	0.00307	0.00837
88	0.01365	0.01170	0.01365	0.00975	0.01560	0.00878	0.00780	0.01658	0.01365	0.02145	0.01170	0.01365	0.00975	0.00488	0.00488	0.00098	0.00488	0.00390	0.00390	0.80888
89	0.00957	0.00638	0.00718	0.00718	0.00718	0.00638	0.00399	0.00957	0.00957	0.01276	0.02074	0.04308	0.02393	0.76864	0.03351	0.00638	0.00638	0.00957	0.00399	0.00399
90	0.02186	0.28675	0.02417	0.01500	0.01906	0.47208	0.01227	0.02369	0.01656	0.01589	0.00977	0.01150	0.00847	0.00654	0.00584	0.00163	0.03379	0.00404	0.00318	0.00790
91	0.01684	0.62871	0.12554	0.01270	0.01891	0.02381	0.03412	0.01980	0.01352	0.01655	0.00971	0.01132	0.00852	0.00569	0.00462	0.00151	0.00745	0.00384	0.00286	0.03398
92	0.01493	0.01573	0.02140	0.16368	0.04613	0.12407	0.12360	0.01787	0.01307	0.01698	0.01185	0.01717	0.01023	0.01512	0.13554	0.00374	0.23222	0.00609	0.00316	0.00743
93	0.01188	0.01027	0.01558	0.45084	0.05226	0.01184	0.01376	0.03619	0.01441	0.01901	0.04718	0.02973	0.14738	0.00923	0.00675	0.00215	0.00688	0.03110	0.07656	0.00701
94	0.00819	0.00650	0.00736	0.00753	0.00924	0.00567	0.00550	0.01009	0.01538	0.01961	0.21439	0.19687	0.43702	0.01669	0.00790	0.00228	0.00338	0.01437	0.00638	0.00567
95	0.02559	0.01033	0.01401	0.01104	0.01545	0.00900	0.00900	0.02825	0.01880	0.59442	0.16220	0.02763	0.02524	0.00918	0.00684	0.00204	0.00511	0.00765	0.00797	0.01023
96	0.02503	0.01844	0.01976	0.01515	0.02042	0.02042	0.01251	0.70562	0.03095	0.04149	0.01581	0.01581	0.01120	0.00790	0.00659	0.00198	0.00724	0.00593	0.00659	0.01120
97	0.42489	0.01364	0.01283	0.01064	0.01485	0.01518	0.00872	0.23237	0.01828	0.07786	0.03681	0.01547	0.01161	0.00717	0.00518	0.00198	0.00555	0.00499	0.07343	0.00854
98	0.02530	0.01800	0.01949	0.01494	0.02020	0.01977	0.01234	0.66504	0.03022	0.08310	0.01642	0.01620	0.01150	0.00792	0.00659	0.00198	0.00715	0.00597	0.00668	0.01120
99	0.01760	0.77260	0.03450	0.01126	0.01690	0.02605	0.01126	0.01971	0.01338	0.01549	0.00915	0.01056	0.00845	0.00563	0.00422	0.00141	0.00704	0.00352	0.00282	0.00845
100	0.01760	0.77260	0.03450	0.01126	0.01690	0.02605	0.01126	0.01971	0.01338	0.01549	0.00915	0.01056	0.00845	0.00563	0.00422	0.00141	0.00704	0.00352	0.00282	0.00845
101	0.27558	0.01480	0.01520	0.01215	0.01686	0.01610	0.01000	0.31998	0.04650	0.16653	0.01615	0.01596	0.01133	0.00741	0.00575	0.00200	0.00607	0.00537	0.02649	0.00975
102	0.01597	0.01531	0.02613	0.10049	0.67003	0.01556	0.02004	0.01992	0.01484	0.02111	0.01233	0.01640	0.01029	0.00593	0.00652	0.00198	0.00790	0.00586	0.00323	0.01017
103	0.00778	0.00667	0.00667	0.00667	0.00889	0.00556	0.00500	0.00945	0.01501	0.01778	0.06669	0.06336	0.72490	0.01667	0.00778	0.00222	0.00333	0.01389	0.00611	0.00556
104	0.65000	0.01244	0.01068	0.00921	0.01339	0.01387	0.00758	0.03897	0.01296	0.13630	0.01228	0.01304	0.00893	0.00652	0.00454	0.00202	0.00516	0.00417	0.03013	0.00782
105	0.00803	0.00668	0.00701	0.00693	0.00904	0.00566	0.00520	0.00993	0.01559	0.01917	0.17263	0.06107	0.61810	0.01615	0.00778	0.00220	0.00330	0.01357	0.00630	0.00566
106	0.01119	0.00580	0.00839	0.00839	0.00839	0.00580	0.00549	0.00871	0.00871	0.01161	0.01265	0.02302	0.01306	0.12001	0.02674	0.70398	0.00580	0.00622	0.00301	0.00301
107	0.01489	0.17481	0.49013	0.01892	0.06700	0.05237	0.05357	0.02086	0.01417	0.01964	0.01133	0.01348	0.00857	0.00610	0.00593	0.00193	0.00927	0.00477	0.00287	0.00938
108	0.00782	0.00667	0.00673	0.00671	0.00892	0.00558	0.00503	0.00953	0.01510	0.01802	0.08460	0.06297	0.70684	0.01659	0.00778	0.00222	0.00333	0.01384	0.00614	0.00558
109	0.01365	0.01170	0.01365	0.00975	0.01560	0.00878	0.00780	0.01658	0.01365	0.02145	0.01170	0.01365	0.00975	0.00488	0.00488	0.00098	0.00488	0.00390	0.00390	0.80888
110	0.01541	0.02735	0.47221	0.02202	0.10628	0.01536	0.13081	0.04607	0.01522	0.06811	0.01318	0.01540	0.00946	0.00628	0.00656	0.00208	0.00938	0.00559	0.00341	0.00982
111	0.06552	0.50955	0.04687	0.01267	0.01777	0.17419	0.01167	0.03848	0.03917	0.01763	0.01021	0.01154	0.00885	0.00609	0.00477	0.00156	0.00795	0.00390	0.00324	0.00837
112	0.00940	0.00705	0.01058	0.01058	0.01176	0.00823	0.00823	0.01176	0.01058	0.01528	0.01763	0.02586	0.01646	0.04937	0.74255	0.01058	0.01763	0.00705	0.00353	0.00588
113	0.05001	0.01757	0.01990	0.01792	0.10754	0.01932	0.01312	0.54542	0.08143	0.03753	0.01601	0.01637	0.01165	0.00767	0.00650	0.00200	0.00709	0.00596	0.00610	0.01090
114	0.00932	0.00631	0.00722	0.00741	0.00753	0.00623	0.00429	0.00952	0.01013	0.01344	0.02423	0.13314	0.05025	0.65033	0.02952	0.00578	0.00596	0.01085	0.00432	0.00421
115	0.01381	0.01357	0.02063	0.06049	0.06370	0.01751	0.07322	0.01589	0.01112	0.01656	0.01142	0.04249	0.01119	0.04885	0.05452	0.00327	0.50471	0.00663	0.00314	0.00727

[dist]
# distance from previous block
# <min> <max>
4	10

[block]
# block no. 1 follows, 33 sequences, length 266
# corresponding to MSA columns:
# 807-1072
name=unknown_B
#
# <colnr> <probs for GDERKNQSTAVLIFYWHMCP>
#	G	D	E	R	K	N	Q	S	T	A	V	L	I	F	Y	W	H	M	C	P
0	0.01818	0.40027	0.21183	0.01455	0.02074	0.17833	0.01499	0.04011	0.01513	0.01772	0.01024	0.01185	0.00850	0.00610	0.00518	0.00166	0.00879	0.00409	0.00303	0.00868
1	0.69575	0.03503	0.03033	0.00957	0.01385	0.06170	0.00808	0.01976	0.01189	0.02780	0.00938	0.01095	0.00737	0.00611	0.00428	0.00197	0.00570	0.00365	0.00396	0.03290
2	0.01712	0.19866	0.34461	0.01735	0.04617	0.14445	0.03894	0.06122	0.03678	0.02022	0.01167	0.01341	0.00902	0.00635	0.00583	0.00186	0.00919	0.00471	0.00326	0.00918
3	0.01426	0.01072	0.01267	0.00962	0.01451	0.00854	0.00764	0.01759	0.03895	0.09054	0.09861	0.02337	0.08147	0.00736	0.00569	0.00136	0.00462	0.00609	0.00498	0.54139
4	0.01434	0.01403	0.04497	0.06721	0.46813	0.01346	0.01640	0.03663	0.03625	0.02109	0.02346	0.06266	0.13580	0.00868	0.00683	0.00206	0.00686	0.00792	0.00406	0.00917
5	0.01730	0.68588	0.03246	0.01166	0.01678	0.04128	0.01133	0.01940	0.01346	0.01587	0.03169	0.01204	0.01015	0.00626	0.00542	0.00152	0.05229	0.00394	0.00297	0.00828
6	0.00821	0.00657	0.00734	0.00740	0.00922	0.00570	0.00545	0.01018	0.01563	0.01988	0.23200	0.14875	0.46780	0.01635	0.00786	0.00224	0.00334	0.01399	0.00640	0.00570
7	0.01711	0.01798	0.11653	0.02822	0.36594	0.01642	0.03721	0.10821	0.04043	0.04714	0.01323	0.01613	0.01052	0.00704	0.00840	0.00208	0.10271	0.00580	0.00388	0.03503
8	0.01485	0.01166	0.01377	0.00990	0.01569	0.00884	0.00794	0.01775	0.01404	0.07516	0.01278	0.01431	0.01025	0.00512	0.00501	0.00106	0.00493	0.00411	0.00422	0.74860
9	0.01061	0.00851	0.01156	0.03902	0.09761	0.00836	0.00854	0.01487	0.07432	0.02414	0.45034	0.08783	0.11323	0.01269	0.00753	0.00213	0.00411	0.01121	0.00639	0.00698
10	0.01604	0.01547	0.02552	0.08022	0.64442	0.03207	0.01955	0.01990	0.01497	0.02104	0.01315	0.01847	0.01133	0.00640	0.00661	0.00200	0.00790	0.03158	0.00335	0.01002
11	0.01018	0.00740	0.00938	0.01049	0.04626	0.00730	0.00714	0.01197	0.03206	0.01663	0.05014	0.07437	0.11541	0.33735	0.01965	0.03138	0.00576	0.19682	0.00499	0.00533
12	0.00801	0.00576	0.00761	0.00909	0.00953	0.00535	0.00608	0.00918	0.01268	0.01684	0.03727	0.74170	0.06555	0.02050	0.00838	0.00266	0.00380	0.01856	0.00611	0.00535
13	0.02104	0.01454	0.01685	0.01381	0.01815	0.01567	0.03168	0.28022	0.24685	0.15199	0.04769	0.05072	0.01882	0.00923	0.00686	0.00214	0.00611	0.03054	0.00678	0.01031
14	0.81514	0.01273	0.00968	0.00866	0.01273	0.01477	0.00713	0.01935	0.01120	0.02954	0.00917	0.01069	0.00713	0.00611	0.00407	0.00204	0.00509	0.00356	0.00407	0.00713
15	0.01440	0.01440	0.02016	0.01728	0.01728	0.02016	0.01440	0.01584	0.01008	0.01584	0.00864	0.01440	0.00864	0.01152	0.02160	0.00288	0.75659	0.00576	0.00288	0.00720
16	0.22539	0.01566	0.01694	0.01486	0.06195	0.03840	0.03400	0.26173	0.12816	0.11473	0.01653	0.01660	0.01196	0.00739	0.00598	0.00204	0.00649	0.00564	0.00573	0.00981
17	0.01255	0.01182	0.01996	0.73098	0.06625	0.01466	0.01834	0.01692	0.01322	0.01696	0.01172	0.01751	0.00883	0.00656	0.00658	0.00219	0.00875	0.00585	0.00294	0.00741
18	0.01629	0.01564	0.02672	0.04041	0.72757	0.01564	0.02020	0.02020	0.01499	0.02151	0.01238	0.01629	0.01043	0.00587	0.00652	0.00196	0.00782	0.00587	0.00326	0.01043
19	0.00932	0.00673	0.00880	0.00828	0.00984	0.00621	0.00621	0.01242	0.01863	0.02640	0.72410	0.04918	0.06212	0.01346	0.00776	0.00207	0.00311	0.01191	0.00725	0.00621
20	0.81514	0.01273	0.00968	0.00866	0.01273	0.01477	0.00713	0.01935	0.01120	0.02954	0.00917	0.01069	0.00713	0.00611	0.00407	0.00204	0.00509	0.00356	0.00407	0.00713
21	0.01440	0.01440	0.02016	0.01728	0.01728	0.02016	0.01440	0.01584	0.01008	0.01584	0.00864	0.01440	0.00864	0.01152	0.02160	0.00288	0.75659	0.00576	0.00288	0.00720
22	0.00891	0.00662	0.00830	0.00808	0.00964	0.00601	0.00598	0.01156	0.01738	0.02389	0.53725	0.12266	0.17988	0.01475	0.00783	0.00216	0.00322	0.01294	0.00693	0.00601
23	0.00802	0.00573	0.00764	0.00917	0.00955	0.00535	0.00611	0.00917	0.01260	0.01681	0.03628	0.76434	0.04354	0.02062	0.00840	0.00267	0.00382	0.01872	0.00611	0.00535
24	0.00952	0.00658	0.00820	0.00820	0.00855	0.00694	0.00526	0.01023	0.00988	0.01352	0.01981	0.03791	0.02169	0.55280	0.24628	0.00764	0.00976	0.00882	0.00385	0.00456
25	0.01527	0.01473	0.02013	0.01711	0.01754	0.02018	0.01425	0.07226	0.01179	0.01794	0.00923	0.01452	0.00885	0.01123	0.02038	0.00281	0.69530	0.00577	0.00318	0.00753
26	0.01365	0.01170	0.01365	0.00975	0.01560	0.00878	0.00780	0.01658	0.01365	0.02145	0.01170	0.01365	0.00975	0.00488	0.00488	0.00098	0.00488	0.00390	0.00390	0.80888
27	0.01124	0.00892	0.01039	0.00992	0.01203	0.00925	0.00744	0.01885	0.23834	0.02465	0.34879	0.15276	0.09452	0.01337	0.00753	0.00223	0.00390	0.01169	0.00681	0.00736
28	0.02878	0.01127	0.01520	0.01170	0.01669	0.00987	0.00965	0.05045	0.01918	0.69054	0.04757	0.02306	0.01759	0.00831	0.00666	0.00204	0.00557	0.00677	0.00808	0.01105
29	0.01623	0.02124	0.21817	0.02838	0.27039	0.01602	0.21858	0.06988	0.01610	0.04199	0.01312	0.01621	0.00996	0.00609	0.00682	0.00207	0.00918	0.00618	0.00352	0.00987
30	0.04948	0.18564	0.02167	0.01549	0.01938	0.56832	0.01223	0.02468	0.01730	0.01643	0.00993	0.01156	0.00843	0.00652	0.00552	0.00165	0.01064	0.00407	0.00329	0.00779
31	0.00878	0.00671	0.00805	0.00772	0.00950	0.00598	0.00579	0.01138	0.01736	0.02338	0.49334	0.05415	0.29477	0.01459	0.00777	0.00212	0.00319	0.01260	0.00685	0.00598
32	0.00802	0.00573	0.00764	0.00917	0.00955	0.00535	0.00611	0.00917	0.01260	0.01681	0.03628	0.76434	0.04354	0.02062	0.00840	0.00267	0.00382	0.01872	0.00611	0.00535
33	0.02893	0.01107	0.01508	0.01161	0.01660	0.00957	0.00957	0.03150	0.01884	0.71110	0.04678	0.02321	0.01766	0.00831	0.00665	0.00204	0.00553	0.00678	0.00812	0.01105
34	0.02475	0.01830	0.01960	0.01509	0.02031	0.02029	0.01245	0.68395	0.05307	0.04104	0.01616	0.01609	0.01148	0.00794	0.00659	0.00198	0.00718	0.00598	0.00659	0.01117
35	0.02503	0.01844	0.01976	0.01515	0.02042	0.02042	0.01251	0.70562	0.03095	0.04149	0.01581	0.01581	0.01120	0.00790	0.00659	0.00198	0.00724	0.00593	0.00659	0.01120
36	0.02503	0.01844	0.01976	0.01515	0.02042	0.02042	0.01251	0.70562	0.03095	0.04149	0.01581	0.01581	0.01120	0.00790	0.00659	0.00198	0.00724	0.00593	0.00659	0.01120
37	0.10284	0.00655	0.00788	0.00911	0.00992	0.00645	0.00623	0.01036	0.01244	0.01830	0.03310	0.67580	0.03926	0.01892	0.00789	0.00260	0.00397	0.01694	0.00587	0.00556
38	0.01760	0.77260	0.03450	0.01126	0.01690	0.02605	0.01126	0.01971	0.01338	0.01549	0.00915	0.01056	0.00845	0.00563	0.00422	0.00141	0.00704	0.00352	0.00282	0.00845
39	0.01099	0.00947	0.01351	0.10589	0.01713	0.02988	0.01062	0.01344	0.01103	0.01559	0.01522	0.02258	0.01401	0.03669	0.51286	0.00803	0.13677	0.00662	0.00334	0.00632
40	0.01637	0.01414	0.01489	0.01340	0.01712	0.01637	0.01042	0.03498	0.71568	0.02754	0.02679	0.02456	0.02010	0.00893	0.00670	0.00223	0.00521	0.00744	0.00670	0.01042
41	0.00924	0.00673	0.00869	0.00820	0.00979	0.00618	0.00615	0.01227	0.01845	0.02596	0.69047	0.04990	0.09602	0.01362	0.00777	0.00208	0.00312	0.01201	0.00719	0.00618
42	0.01546	0.01479	0.02521	0.19510	0.57943	0.01542	0.01979	0.01947	0.01459	0.02049	0.01223	0.01657	0.01007	0.00602	0.00653	0.00201	0.00803	0.00586	0.00319	0.00975
43	0.00793	0.00634	0.00701	0.00753	0.00905	0.00552	0.00534	0.00936	0.01400	0.01728	0.05483	0.29832	0.47080	0.04484	0.00891	0.00252	0.00361	0.01536	0.00604	0.00543
44	0.01144	0.00572	0.00858	0.00858	0.00858	0.00572	0.00572	0.00858	0.00858	0.01144	0.01144	0.02001	0.01144	0.02287	0.02573	0.80846	0.00572	0.00572	0.00286	0.00286
45	0.02193	0.31409	0.02470	0.01479	0.01903	0.46906	0.01216	0.02378	0.01664	0.01587	0.00979	0.01137	0.00847	0.00634	0.00528	0.00159	0.01003	0.00397	0.00317	0.00794
46	0.00870	0.00668	0.00795	0.00769	0.00947	0.00594	0.00575	0.01120	0.01708	0.02285	0.45423	0.07407	0.31480	0.01488	0.00779	0.00215	0.00321	0.01285	0.00678	0.00594
47	0.01538	0.12404	0.53144	0.01805	0.04858	0.01731	0.02103	0.10925	0.01607	0.02287	0.01202	0.01380	0.00879	0.00638	0.00605	0.00198	0.00901	0.00487	0.00329	0.00978
48	0.01755	0.01610	0.03924	0.01584	0.04609	0.03972	0.05619	0.11529	0.51667	0.02805	0.02305	0.02201	0.01726	0.00832	0.00671	0.00217	0.00628	0.00704	0.00611	0.01031
49	0.73506	0.01401	0.05528	0.00941	0.01387	0.01461	0.00830	0.01993	0.01166	0.05570	0.00997	0.01134	0.00755	0.00620	0.00431	0.00204	0.00540	0.00376	0.00415	0.00745
50	0.01469	0.02664	0.43692	0.02640	0.28185	0.03224	0.02210	0.02121	0.03779	0.02120	0.01248	0.01508	0.00949	0.00621	0.00636	0.00203	0.00893	0.00530	0.00310	0.00996
51	0.01862	0.27230	0.11167	0.01329	0.01808	0.21065	0.01228	0.02207	0.04011	0.07708	0.10430	0.01818	0.01666	0.00741	0.00568	0.00174	0.00786	0.00543	0.02827	0.00833
52	0.01053	0.01031	0.07088	0.01495	0.12544	0.00838	0.01041	0.01339	0.01487	0.02050	0.17752	0.27938	0.07766	0.01453	0.00773	0.00235	0.00507	0.09699	0.00555	0.03357
53	0.00850	0.00656	0.00725	0.00734	0.00867	0.00605	0.00505	0.00968	0.01278	0.01595	0.04621	0.09471	0.40337	0.25167	0.08377	0.00430	0.00563	0.01221	0.00522	0.00509
54	0.01640	0.01435	0.01500	0.01388	0.03570	0.03769	0.01050	0.05663	0.60429	0.02716	0.05013	0.02580	0.04478	0.00917	0.00674	0.00219	0.00542	0.00762	0.00650	0.01006
55	0.00802	0.00573	0.00764	0.00917	0.00955	0.00535	0.00611	0.00917	0.01260	0.01681	0.03628	0.76434	0.04354	0.02062	0.00840	0.00267	0.00382	0.01872	0.00611	0.00535
56	0.01722	0.01476	0.02440	0.05678	0.54414	0.01481	0.03872	0.02199	0.06077	0.09032	0.01547	0.01965	0.01257	0.00675	0.00667	0.00204	0.00750	0.03118	0.00405	0.01020
57	0.01440	0.01440	0.02016	0.01728	0.01728	0.02016	0.01440	0.01584	0.01008	0.01584	0.00864	0.01440	0.00864	0.01152	0.02160	0.00288	0.75659	0.00576	0.00288	0.00720
58	0.01365	0.01170	0.01365	0.00975	0.01560	0.00878	0.00780	0.01658	0.01365	0.02145	0.01170	0.01365	0.00975	0.00488	0.00488	0.00098	0.00488	0.00390	0.00390	0.80888
59	0.01744	0.69680	0.08785	0.01199	0.01788	0.04366	0.01230	0.01997	0.01355	0.01592	0.00938	0.01085	0.00844	0.00571	0.00442	0.00147	0.00737	0.00364	0.00283	0.00853
60	0.01061	0.00758	0.01061	0.01212	0.01364	0.00758	0.01061	0.01364	0.01515	0.01970	0.03486	0.07426	0.03789	0.01819	0.00909	0.00303	0.00606	0.68326	0.00606	0.00606
61	0.00932	0.00673	0.00880	0.00828	0.00984	0.00621	0.00621	0.01242	0.01863	0.02640	0.72410	0.04918	0.06212	0.01346	0.00776	0.00207	0.00311	0.01191	0.00725	0.00621
62	0.01637	0.01414	0.01489	0.01340	0.01712	0.01637	0.01042	0.03498	0.71568	0.02754	0.02679	0.02456	0.02010	0.00893	0.00670	0.00223	0.00521	0.00744	0.00670	0.01042
63	0.02503	0.01844	0.01976	0.01515	0.02042	0.02042	0.01251	0.70562	0.03095	0.04149	0.01581	0.01581	0.01120	0.00790	0.00659	0.00198	0.00724	0.00593	0.00659	0.01120
64	0.01061	0.00758	0.01061	0.01212	0.01364	0.00758	0.01061	0.01364	0.01515	0.01970	0.03486	0.07426	0.03789	0.01819	0.00909	0.00303	0.00606	0.68326	0.00606	0.00606
65	0.02471	0.01828	0.01958	0.01508	0.02029	0.02027	0.01244	0.68079	0.05631	0.04097	0.01621	0.01613	0.01153	0.00794	0.00659	0.00199	0.00717	0.00598	0.00659	0.01117
66	0.00957	0.00638	0.00718	0.00718	0.00718	0.00638	0.00399	0.00957	0.00957	0.01276	0.02074	0.04308	0.02393	0.76864	0.03351	0.00638	0.00638	0.00957	0.00399	0.00399
67	0.02503	0.01844	0.01976	0.01515	0.02042	0.02042	0.01251	0.70562	0.03095	0.04149	0.01581	0.01581	0.01120	0.00790	0.00659	0.00198	0.00724	0.00593	0.00659	0.01120
68	0.00946	0.00702	0.01053	0.01053	0.01167	0.00816	0.00816	0.01167	0.01053	0.01518	0.01746	0.02570	0.01632	0.04865	0.72298	0.03236	0.01731	0.00702	0.00351	0.00580
69	0.06468	0.47161	0.02758	0.01310	0.01787	0.27514	0.01154	0.02199	0.01510	0.01649	0.00951	0.01103	0.00839	0.00606	0.00481	0.00154	0.00862	0.00377	0.00309	0.00809
70	0.81514	0.01273	0.00968	0.00866	0.01273	0.01477	0.00713	0.01935	0.01120	0.02954	0.00917	0.01069	0.00713	0.00611	0.00407	0.00204	0.00509	0.00356	0.00407	0.00713
71	0.02226	0.12928	0.06264	0.01672	0.04238	0.42596	0.03518	0.06603	0.05995	0.06167	0.01258	0.01376	0.00990	0.00680	0.00592	0.00177	0.00989	0.00478	0.00394	0.00858
72	0.01241	0.01145	0.01633	0.03670	0.01584	0.01531	0.01199	0.01422	0.01034	0.01558	0.01232	0.01948	0.01191	0.04873	0.27838	0.00571	0.44718	0.00634	0.00315	0.00663
73	0.00801	0.00576	0.00761	0.00910	0.00953	0.00535	0.00608	0.00917	0.01267	0.01683	0.03713	0.74481	0.06252	0.02051	0.00839	0.00266	0.00381	0.01858	0.00611	0.00535
74	0.02511	0.01022	0.01386	0.01096	0.01528	0.00892	0.00892	0.02778	0.01880	0.57756	0.17888	0.02827	0.02633	0.00931	0.00687	0.00204	0.00506	0.00778	0.00795	0.01011
75	0.01637	0.01414	0.01489	0.01340	0.01712	0.01637	0.01042	0.03498	0.71568	0.02754	0.02679	0.02456	0.02010	0.00893	0.00670	0.00223	0.00521	0.00744	0.00670	0.01042
76	0.00933	0.00671	0.00859	0.00812	0.00971	0.00617	0.00609	0.01235	0.01826	0.02584	0.66206	0.04915	0.09878	0.01345	0.00766	0.00206	0.00312	0.01182	0.03459	0.00617
77	0.05153	0.01308	0.01524	0.01196	0.01650	0.01321	0.00980	0.27603	0.02221	0.33972	0.02094	0.01994	0.01421	0.00791	0.00619	0.00193	0.00577	0.00618	0.13738	0.01024
78	0.01243	0.01170	0.01975	0.75282	0.04534	0.01463	0.01828	0.01682	0.01316	0.01682	0.01170	0.01755	0.00878	0.00658	0.00658	0.00219	0.00878	0.00585	0.00293	0.00731
79	0.01760	0.77260	0.03450	0.01126	0.01690	0.02605	0.01126	0.01971	0.01338	0.01549	0.00915	0.01056	0.00845	0.00563	0.00422	0.00141	0.00704	0.00352	0.00282	0.00845
80	0.01601	0.01535	0.02620	0.09360	0.67664	0.01557	0.02006	0.01995	0.01485	0.02116	0.01233	0.01639	0.01030	0.00592	0.00652	0.00197	0.00789	0.00586	0.00323	0.01020
81	0.01579	0.01504	0.02544	0.03822	0.67717	0.01500	0.01932	0.01959	0.01500	0.02131	0.01514	0.01997	0.03780	0.00668	0.00665	0.00200	0.00760	0.02874	0.00346	0.01010
82	0.00811	0.00580	0.00774	0.00927	0.00969	0.00543	0.00627	0.00933	0.01270	0.01691	0.03623	0.73971	0.04334	0.02054	0.00843	0.00269	0.00390	0.04243	0.00611	0.00537
83	0.01243	0.01170	0.01975	0.75282	0.04534	0.01463	0.01828	0.01682	0.01316	0.01682	0.01170	0.01755	0.00878	0.00658	0.00658	0.00219	0.00878	0.00585	0.00293	0.00731
84	0.00974	0.00717	0.00916	0.00859	0.01027	0.00682	0.00646	0.01377	0.06016	0.02647	0.68256	0.04771	0.05961	0.01319	0.00770	0.00208	0.00323	0.01164	0.00721	0.00646
85	0.01144	0.00572	0.00858	0.00858	0.00858	0.00572	0.00572	0.00858	0.00858	0.01144	0.01144	0.02001	0.01144	0.02287	0.02573	0.80846	0.00572	0.00572	0.00286	0.00286
86	0.01850	0.63448	0.05709	0.01239	0.01783	0.13365	0.01195	0.02074	0.01419	0.01577	0.00940	0.01088	0.00845	0.00583	0.00455	0.00148	0.00786	0.00368	0.00290	0.00837
87	0.00818	0.00668	0.00722	0.00709	0.00914	0.00573	0.00532	0.01022	0.01595	0.02002	0.23735	0.05968	0.55284	0.01584	0.00778	0.00218	0.00328	0.01338	0.00641	0.00573
88	0.01281	0.01209	0.02043	0.68314	0.11207	0.01473	0.01847	0.01715	0.01334	0.01728	0.01177	0.01743	0.00894	0.00651	0.00658	0.00217	0.00868	0.00585	0.00296	0.00762
89	0.04943	0.07193	0.15325	0.04802	0.20698	0.03448	0.01559	0.02480	0.01603	0.28994	0.01699	0.01747	0.01189	0.00685	0.00624	0.00198	0.00733	0.00567	0.00501	0.01014
90	0.19735	0.02471	0.35590	0.01830	0.04130	0.05539	0.14727	0.02125	0.01407	0.04896	0.01194	0.01416	0.00873	0.00618	0.00605	0.00207	0.00885	0.00517	0.00342	0.00893
91	0.01628	0.02057	0.19483	0.05067	0.46334	0.05254	0.02014	0.02139	0.03646	0.04254	0.01297	0.01596	0.01026	0.00619	0.00644	0.00199	0.00836	0.00561	0.00339	0.01006
92	0.00831	0.00665	0.00744	0.00733	0.00924	0.00577	0.00546	0.01044	0.01613	0.02066	0.28838	0.09041	0.46904	0.01576	0.00780	0.00219	0.00328	0.01344	0.00650	0.00577
93	0.00907	0.00668	0.00849	0.00813	0.00971	0.00609	0.00606	0.01192	0.01792	0.02493	0.61366	0.08339	0.14109	0.01417	0.00780	0.00212	0.00317	0.01245	0.00706	0.00609
94	0.06033	0.01772	0.01878	0.01456	0.01962	0.01965	0.01199	0.63557	0.05019	0.04007	0.01599	0.01607	0.01143	0.00785	0.00642	0.00197	0.00697	0.00587	0.02809	0.01085
95	0.01320	0.03405	0.73453	0.01876	0.02849	0.01529	0.02432	0.02085	0.01390	0.02085	0.01181	0.01390	0.00834	0.00625	0.00625	0.00208	0.00973	0.00486	0.00278	0.00973
96	0.69000	0.01218	0.00964	0.00870	0.01250	0.01403	0.00708	0.01990	0.05342	0.02894	0.01141	0.01286	0.00884	0.00643	0.00428	0.00200	0.00490	0.00404	0.08162	0.00723
97	0.01605	0.01266	0.02018	0.01613	0.05615	0.01108	0.18316	0.01993	0.03357	0.12660	0.06211	0.04254	0.01667	0.02466	0.00707	0.00184	0.00663	0.02917	0.00478	0.30901
98	0.11179	0.01136	0.01469	0.01139	0.01638	0.01021	0.00941	0.03075	0.01804	0.65857	0.02421	0.02118	0.01534	0.00793	0.00635	0.00204	0.00555	0.00630	0.00772	0.01078
99	0.01440	0.01440	0.02016	0.01728	0.01728	0.02016	0.01440	0.01584	0.01008	0.01584	0.00864	0.01440	0.00864	0.01152	0.02160	0.00288	0.75659	0.00576	0.00288	0.00720
100	0.02132	0.01677	0.08664	0.01451	0.01964	0.01598	0.03459	0.22243	0.28136	0.18234	0.02162	0.02037	0.01530	0.00810	0.00664	0.00210	0.00650	0.00660	0.00649	0.01069
101	0.78800	0.01293	0.01002	0.00888	0.01300	0.01496	0.00731	0.04292	0.01188	0.02995	0.00939	0.01087	0.00727	0.00617	0.00416	0.00203	0.00517	0.00365	0.00416	0.00727
102	0.02787	0.01126	0.01511	0.01151	0.01668	0.00958	0.00948	0.03046	0.01830	0.65772	0.02448	0.02149	0.01561	0.00781	0.00644	0.00193	0.00553	0.00634	0.00770	0.09472
103	0.01629	0.01564	0.02672	0.04041	0.72757	0.01564	0.02020	0.02020	0.01499	0.02151	0.01238	0.01629	0.01043	0.00587	0.00652	0.00196	0.00782	0.00587	0.00326	0.01043
104	0.02436	0.02955	0.01864	0.01666	0.02025	0.64803	0.01262	0.09220	0.04332	0.01895	0.01128	0.01268	0.00913	0.00696	0.00602	0.00174	0.01120	0.00451	0.00381	0.00807
105	0.01554	0.01776	0.03885	0.02775	0.03441	0.01665	0.70366	0.02109	0.01554	0.02109	0.01332	0.01776	0.00999	0.00555	0.00777	0.00222	0.01110	0.00777	0.00333	0.00888
106	0.01243	0.01170	0.01975	0.75282	0.04534	0.01463	0.01828	0.01682	0.01316	0.01682	0.01170	0.01755	0.00878	0.00658	0.00658	0.00219	0.00878	0.00585	0.00293	0.00731
107	0.00926	0.00673	0.00872	0.00822	0.00980	0.00619	0.00617	0.01231	0.01850	0.02608	0.69975	0.04970	0.08666	0.01358	0.00777	0.00208	0.00311	0.01198	0.00720	0.00619
108	0.00915	0.00672	0.00857	0.00811	0.00973	0.00614	0.00608	0.01211	0.01825	0.02548	0.65413	0.05068	0.13266	0.01380	0.00777	0.00209	0.00313	0.01212	0.00713	0.00614
109	0.01144	0.00572	0.00858	0.00858	0.00858	0.00572	0.00572	0.00858	0.00858	0.01144	0.01144	0.02001	0.01144	0.02287	0.02573	0.80846	0.00572	0.00572	0.00286	0.00286
110	0.00802	0.00573	0.00764	0.00917	0.00955	0.00535	0.00611	0.00917	0.01260	0.01681	0.03628	0.76434	0.04354	0.02062	0.00840	0.00267	0.00382	0.01872	0.00611	0.00535
111	0.81514	0.01273	0.00968	0.00866	0.01273	0.01477	0.00713	0.01935	0.01120	0.02954	0.00917	0.01069	0.00713	0.00611	0.00407	0.00204	0.00509	0.00356	0.00407	0.00713
112	0.02390	0.10510	0.02023	0.01639	0.02001	0.67098	0.01258	0.02563	0.01813	0.01605	0.01007	0.01174	0.00848	0.00667	0.00577	0.00167	0.01139	0.00417	0.00333	0.00771
113	0.02404	0.01777	0.01900	0.01475	0.01980	0.01970	0.01213	0.63813	0.07774	0.04001	0.01674	0.01668	0.01198	0.00797	0.00653	0.00198	0.00698	0.00604	0.03107	0.01099
114	0.04812	0.54181	0.06977	0.01258	0.01803	0.11014	0.01207	0.06196	0.04007	0.01837	0.01045	0.01172	0.00898	0.00608	0.00477	0.00157	0.00765	0.00397	0.00329	0.00861
115	0.01270	0.01197	0.02023	0.70359	0.09248	0.01470	0.01842	0.01705	0.01329	0.01714	0.01175	0.01746	0.00889	0.00653	0.00658	0.00218	0.00871	0.00585	0.00295	0.00753
116	0.00815	0.00600	0.00764	0.00867	0.00948	0.00549	0.00595	0.00963	0.01375	0.01819	0.12944	0.56499	0.15026	0.01910	0.00823	0.00253	0.00365	0.01710	0.00626	0.00549
117	0.02778	0.01082	0.01472	0.01141	0.01620	0.00938	0.00938	0.03038	0.01882	0.67085	0.08659	0.02473	0.02028	0.00861	0.00672	0.00204	0.00539	0.00708	0.00807	0.01077
118	0.01637	0.01414	0.01489	0.01340	0.01712	0.01637	0.01042	0.03498	0.71568	0.02754	0.02679	0.02456	0.02010	0.00893	0.00670	0.00223	0.00521	0.00744	0.00670	0.01042
119	0.01721	0.01456	0.01536	0.01357	0.01744	0.01676	0.01062	0.09977	0.64953	0.02889	0.02573	0.02372	0.01924	0.00883	0.00669	0.00221	0.00541	0.00730	0.00669	0.01050
120	0.81514	0.01273	0.00968	0.00866	0.01273	0.01477	0.00713	0.01935	0.01120	0.02954	0.00917	0.01069	0.00713	0.00611	0.00407	0.00204	0.00509	0.00356	0.00407	0.00713
121	0.00957	0.00638	0.00718	0.00718	0.00718	0.00638	0.00399	0.00957	0.00957	0.01276	0.02074	0.04308	0.02393	0.76864	0.03351	0.00638	0.00638	0.00957	0.00399	0.00399
122	0.02503	0.01844	0.01976	0.01515	0.02042	0.02042	0.01251	0.70562	0.03095	0.04149	0.01581	0.01581	0.01120	0.00790	0.00659	0.00198	0.00724	0.00593	0.00659	0.01120
123	0.01483	0.01415	0.02408	0.31010	0.46930	0.01526	0.01948	0.01892	0.01430	0.01973	0.01212	0.01677	0.00980	0.00614	0.00654	0.00205	0.00818	0.00586	0.00313	0.00925
124	0.00801	0.00578	0.00759	0.00904	0.00951	0.00536	0.00605	0.00918	0.01273	0.01686	0.03784	0.72849	0.07839	0.02042	0.00837	0.00265	0.00379	0.01847	0.00611	0.00536
