[name]
unknown

[dist]
# distance from previous block
# <min> <max>
0	25

[block]
# block no. 0 follows, 28 sequences, length 36
# corresponding to MSA columns:
# 25-60
name=unknown_A
#
# <colnr> <probs for GDERKNQSTAVLIFYWHMCP>
#	G	D	E	R	K	N	Q	S	T	A	V	L	I	F	Y	W	H	M	C	P
0	0.01758	0.31557	0.16372	0.01556	0.02171	0.02101	0.05421	0.08362	0.07465	0.02259	0.01611	0.03810	0.01405	0.03455	0.05270	0.00282	0.00908	0.02856	0.00421	0.00959
1	0.04891	0.13831	0.13961	0.01665	0.04880	0.05668	0.05682	0.05295	0.01658	0.02302	0.09459	0.07035	0.06114	0.01028	0.00911	0.00229	0.10083	0.00800	0.03630	0.00876
2	0.00924	0.00646	0.00840	0.00970	0.01027	0.00601	0.00649	0.01011	0.01364	0.01795	0.04016	0.58177	0.10694	0.05308	0.01208	0.07283	0.00447	0.01845	0.00633	0.00562
3	0.01625	0.01412	0.01567	0.01140	0.01773	0.03511	0.00911	0.05796	0.01641	0.02480	0.01313	0.01515	0.01081	0.00566	0.00554	0.00117	0.00581	0.00445	0.00446	0.71525
4	0.01609	0.03565	0.02448	0.06437	0.13136	0.01336	0.19401	0.01984	0.01620	0.08224	0.02379	0.16763	0.05796	0.01048	0.00778	0.00228	0.00786	0.01015	0.00497	0.10950
5	0.01532	0.14647	0.60452	0.01945	0.02950	0.01870	0.02465	0.02283	0.01526	0.02211	0.01259	0.01478	0.00923	0.00680	0.00656	0.00219	0.01029	0.00514	0.00308	0.01053
6	0.00905	0.00723	0.00811	0.00822	0.01019	0.00628	0.00604	0.01121	0.01717	0.02185	0.22407	0.16603	0.44256	0.01817	0.00869	0.00249	0.00370	0.01559	0.00706	0.00628
7	0.01228	0.00636	0.00931	0.00941	0.00943	0.00634	0.00621	0.00958	0.00979	0.01306	0.01485	0.06450	0.01554	0.07191	0.02788	0.69307	0.00624	0.00740	0.00344	0.00339
8	0.01355	0.01275	0.01153	0.01140	0.01362	0.12987	0.00847	0.04854	0.01718	0.02073	0.05846	0.25793	0.21361	0.04638	0.00952	0.00269	0.00617	0.07030	0.00608	0.04123
9	0.04903	0.03897	0.21386	0.05668	0.02380	0.03754	0.09157	0.06488	0.01726	0.06371	0.06930	0.06179	0.06243	0.03037	0.03349	0.00274	0.00861	0.00817	0.05674	0.00905
10	0.00893	0.00734	0.00786	0.00781	0.01005	0.00627	0.00583	0.01106	0.01726	0.02146	0.19396	0.09116	0.55007	0.01787	0.00861	0.00244	0.00365	0.01510	0.00699	0.00627
11	0.01932	0.01249	0.01404	0.01190	0.01530	0.01301	0.00922	0.21837	0.08225	0.11519	0.09537	0.07311	0.06330	0.10816	0.01125	0.00287	0.00590	0.00935	0.11040	0.00920
12	0.12207	0.01692	0.06548	0.15193	0.21187	0.01691	0.03614	0.09429	0.10085	0.05670	0.01648	0.01988	0.01285	0.03749	0.00812	0.00248	0.00807	0.00655	0.00476	0.01014
13	0.01357	0.08695	0.01741	0.03228	0.01638	0.05295	0.05274	0.01618	0.04288	0.01801	0.02207	0.20412	0.02348	0.11228	0.13065	0.03210	0.10375	0.01059	0.00459	0.00703
14	0.00884	0.00638	0.00838	0.00998	0.01051	0.00592	0.00668	0.01014	0.01405	0.01861	0.04179	0.70538	0.08137	0.02255	0.00924	0.00293	0.00419	0.02039	0.00675	0.00592
15	0.11785	0.17549	0.17906	0.03345	0.05671	0.04235	0.03950	0.08785	0.13675	0.04138	0.01581	0.01694	0.01207	0.00747	0.00633	0.00214	0.00822	0.00571	0.00464	0.01028
16	0.01577	0.01135	0.01357	0.01189	0.01488	0.01175	0.00919	0.10602	0.08607	0.06131	0.07271	0.13256	0.02483	0.05427	0.09739	0.00360	0.04917	0.00938	0.08937	0.12491
17	0.06759	0.09082	0.12001	0.02300	0.16513	0.04826	0.07399	0.16318	0.04968	0.08069	0.01566	0.01729	0.01176	0.00733	0.00682	0.00213	0.00861	0.00611	0.00493	0.03700
18	0.01997	0.70170	0.03704	0.01272	0.01891	0.02836	0.01253	0.06409	0.01603	0.01896	0.01058	0.01204	0.00952	0.00638	0.00483	0.00160	0.00779	0.00406	0.00338	0.00952
19	0.00978	0.00718	0.00897	0.01009	0.01106	0.00678	0.00694	0.04404	0.01531	0.02009	0.04344	0.61257	0.13374	0.02147	0.00908	0.00285	0.00434	0.01923	0.00677	0.00626
20	0.01128	0.00860	0.01155	0.03809	0.04763	0.00918	0.00850	0.01359	0.05628	0.01803	0.02827	0.34144	0.03180	0.18568	0.05461	0.05537	0.05471	0.01377	0.00535	0.00628
21	0.02213	0.02195	0.02416	0.17676	0.06493	0.20972	0.10159	0.21392	0.02240	0.02746	0.01439	0.01730	0.01093	0.00760	0.00717	0.00217	0.01022	0.00628	0.02913	0.00979
22	0.00890	0.00655	0.00835	0.00965	0.01045	0.00600	0.00657	0.01038	0.01472	0.01935	0.08434	0.59742	0.14739	0.02164	0.00913	0.00284	0.00409	0.01941	0.00682	0.00600
23	0.01361	0.01161	0.01786	0.51056	0.03821	0.01393	0.01603	0.01889	0.05292	0.02085	0.01974	0.02448	0.05650	0.00835	0.00697	0.00230	0.00794	0.00719	0.14416	0.00791
24	0.01365	0.00995	0.01417	0.08972	0.01849	0.01007	0.05253	0.05582	0.05965	0.07716	0.08680	0.38623	0.06334	0.01642	0.00853	0.00265	0.00573	0.01481	0.00652	0.00774
25	0.01351	0.00793	0.00821	0.00797	0.01000	0.00810	0.00602	0.01887	0.09667	0.02716	0.07987	0.03207	0.06804	0.00979	0.00587	0.00188	0.00370	0.00801	0.57901	0.00731
26	0.02537	0.02366	0.01913	0.01599	0.02043	0.27783	0.01261	0.33721	0.02632	0.03262	0.01607	0.01727	0.01218	0.00823	0.00668	0.00199	0.00922	0.00589	0.12124	0.01007
27	0.01638	0.01536	0.02374	0.28186	0.25296	0.01792	0.01895	0.03934	0.09729	0.02225	0.01477	0.01925	0.01186	0.00826	0.00998	0.00246	0.12703	0.00667	0.00396	0.00971
28	0.01641	0.01564	0.04744	0.17516	0.22259	0.01609	0.05951	0.07217	0.10724	0.02394	0.02132	0.02445	0.07556	0.00970	0.00928	0.04938	0.03235	0.00761	0.00455	0.00959
29	0.00918	0.00646	0.00834	0.00970	0.01005	0.00612	0.00630	0.01021	0.01328	0.01771	0.03680	0.60811	0.04396	0.16008	0.01455	0.00373	0.00476	0.01874	0.00630	0.00562
30	0.07096	0.02317	0.01762	0.05766	0.06443	0.38352	0.01277	0.02305	0.01723	0.01962	0.01493	0.04930	0.01328	0.01655	0.13397	0.00375	0.01230	0.00624	0.05164	0.00801
31	0.04669	0.06390	0.12661	0.14504	0.11986	0.01497	0.11585	0.01944	0.01560	0.04200	0.06273	0.09890	0.03513	0.05114	0.00914	0.00261	0.00843	0.00875	0.00437	0.00885
32	0.01562	0.05590	0.01869	0.04935	0.19287	0.05962	0.01298	0.04881	0.13301	0.02382	0.07192	0.10309	0.16105	0.01181	0.00763	0.00232	0.00663	0.01014	0.00560	0.00914
33	0.00981	0.00755	0.00903	0.00915	0.01096	0.00692	0.00680	0.01292	0.04172	0.02367	0.30848	0.18654	0.27226	0.01760	0.00874	0.00253	0.00391	0.04756	0.00726	0.00660
34	0.01863	0.01624	0.06309	0.06517	0.13794	0.01616	0.01405	0.17778	0.17424	0.03093	0.04460	0.02298	0.01735	0.00855	0.00688	0.00217	0.00681	0.00712	0.15898	0.01034
35	0.02169	0.19360	0.02340	0.03697	0.02036	0.06585	0.01264	0.22811	0.10074	0.07066	0.02044	0.02115	0.05671	0.01089	0.03661	0.00253	0.05519	0.00663	0.00560	0.01022

[dist]
# distance from previous block
# <min> <max>
0	1

[block]
# block no. 1 follows, 28 sequences, length 26
# corresponding to MSA columns:
# 62-87
name=unknown_B
#
# <colnr> <probs for GDERKNQSTAVLIFYWHMCP>
#	G	D	E	R	K	N	Q	S	T	A	V	L	I	F	Y	W	H	M	C	P
0	0.04381	0.12597	0.02418	0.10040	0.02514	0.10545	0.08931	0.13668	0.07080	0.04833	0.01538	0.01767	0.01200	0.00989	0.04588	0.00253	0.00930	0.00601	0.00475	0.10651
1	0.06506	0.09645	0.09578	0.05384	0.02150	0.01609	0.04013	0.13705	0.06522	0.15150	0.05668	0.02314	0.04788	0.00992	0.00842	0.05769	0.00728	0.00699	0.00578	0.03360
2	0.00956	0.00773	0.00869	0.00869	0.01087	0.00702	0.00660	0.01254	0.04347	0.02172	0.17968	0.09493	0.44936	0.01981	0.04968	0.00303	0.00482	0.04843	0.00684	0.00652
3	0.01263	0.00631	0.00947	0.00947	0.00947	0.00631	0.00631	0.00947	0.00947	0.01263	0.01263	0.02210	0.01263	0.02525	0.02841	0.78851	0.00631	0.00631	0.00316	0.00316
4	0.04160	0.01585	0.05044	0.23683	0.28973	0.01649	0.01873	0.05910	0.01664	0.06557	0.01585	0.01981	0.02596	0.00778	0.00823	0.00231	0.05816	0.00660	0.03441	0.00991
5	0.11092	0.01685	0.05052	0.03158	0.07031	0.04265	0.03964	0.15724	0.09339	0.07390	0.02008	0.02126	0.04949	0.01068	0.04595	0.00259	0.00790	0.00658	0.00551	0.14295
6	0.01212	0.01095	0.01747	0.27279	0.07955	0.01176	0.06004	0.01561	0.01525	0.01967	0.03297	0.13127	0.17750	0.01540	0.04923	0.00308	0.00803	0.05493	0.00485	0.00753
7	0.01675	0.00871	0.00927	0.00838	0.01086	0.00879	0.00651	0.08811	0.01774	0.08993	0.02350	0.02587	0.01791	0.00854	0.00551	0.00180	0.00413	0.00680	0.63301	0.00787
8	0.01389	0.01401	0.05230	0.17190	0.02368	0.07453	0.01361	0.01735	0.03807	0.01801	0.01629	0.04492	0.01470	0.02761	0.27927	0.05620	0.10527	0.00724	0.00377	0.00737
9	0.01889	0.18726	0.13390	0.05004	0.16186	0.06767	0.05097	0.02396	0.05297	0.08731	0.05292	0.01952	0.01504	0.00944	0.03594	0.00247	0.00908	0.00629	0.00439	0.01007
10	0.01684	0.01686	0.02117	0.34237	0.12159	0.12893	0.01727	0.05492	0.01632	0.02036	0.01460	0.05360	0.01257	0.01228	0.06632	0.00312	0.06153	0.00697	0.00380	0.00857
11	0.01248	0.00636	0.00936	0.00936	0.00936	0.00636	0.00618	0.00955	0.00955	0.01273	0.01335	0.02390	0.01360	0.07607	0.02902	0.73330	0.00636	0.00661	0.00324	0.00324
12	0.01011	0.00789	0.01011	0.01167	0.04474	0.00736	0.00768	0.01276	0.05047	0.01990	0.04169	0.52382	0.14020	0.01963	0.00875	0.00270	0.00450	0.01756	0.00649	0.05195
13	0.02025	0.05808	0.12451	0.04437	0.07543	0.15948	0.07224	0.09299	0.09031	0.07163	0.05723	0.02157	0.03117	0.01024	0.03641	0.00257	0.00966	0.00689	0.00501	0.00994
14	0.01522	0.01616	0.08412	0.03154	0.01989	0.05189	0.06213	0.04293	0.01528	0.04277	0.09216	0.05445	0.06052	0.01837	0.12104	0.00404	0.24633	0.00844	0.00457	0.00816
15	0.01480	0.10854	0.42116	0.02000	0.02821	0.01691	0.12927	0.02120	0.01547	0.02186	0.01690	0.09979	0.01501	0.00894	0.00731	0.00235	0.00979	0.02902	0.00371	0.00975
16	0.05581	0.04099	0.10496	0.01558	0.03529	0.10266	0.03203	0.10232	0.06516	0.07156	0.04502	0.19722	0.02320	0.01426	0.04482	0.00288	0.02166	0.00994	0.00560	0.00903
17	0.01644	0.10091	0.07234	0.01682	0.05443	0.12380	0.04816	0.04556	0.06367	0.02104	0.02440	0.14923	0.07361	0.01465	0.05119	0.00296	0.07439	0.03309	0.00483	0.00847
18	0.01644	0.42694	0.18654	0.01374	0.01995	0.02143	0.01462	0.02025	0.01501	0.01964	0.04947	0.05865	0.01557	0.01057	0.04506	0.00241	0.00847	0.00604	0.04016	0.00905
19	0.05876	0.10252	0.01535	0.01033	0.01456	0.01219	0.00833	0.05025	0.04224	0.07067	0.08947	0.03230	0.13967	0.07094	0.00902	0.00227	0.00545	0.00810	0.04203	0.21555
20	0.05435	0.00889	0.04152	0.00987	0.01166	0.00751	0.00743	0.01301	0.01464	0.05554	0.08548	0.34860	0.15761	0.10914	0.01272	0.02931	0.00497	0.01510	0.00625	0.00641
21	0.01669	0.10330	0.05645	0.01279	0.01634	0.12268	0.01072	0.02126	0.08927	0.07457	0.13929	0.08556	0.12714	0.04028	0.00910	0.00247	0.02789	0.03002	0.00589	0.00831
22	0.12720	0.09632	0.12967	0.01659	0.04238	0.01722	0.07478	0.11309	0.06119	0.02645	0.03813	0.06049	0.03823	0.01393	0.08241	0.00328	0.03714	0.00739	0.00479	0.00931
23	0.07004	0.07335	0.08613	0.07463	0.02256	0.09271	0.08915	0.08057	0.01648	0.02223	0.01856	0.07337	0.03704	0.08537	0.10547	0.00399	0.02781	0.00790	0.00434	0.00827
24	0.01731	0.12655	0.04722	0.03464	0.10549	0.01640	0.01306	0.11072	0.06141	0.06213	0.05852	0.10819	0.04747	0.03781	0.04260	0.00294	0.05866	0.03426	0.00540	0.00922
25	0.14517	0.08708	0.01796	0.07751	0.09957	0.01492	0.01161	0.04604	0.06089	0.02511	0.03907	0.05920	0.01611	0.01091	0.04620	0.00255	0.02335	0.00668	0.07999	0.13007

[dist]
# distance from previous block
# <min> <max>
0	17

[block]
# block no. 2 follows, 28 sequences, length 23
# corresponding to MSA columns:
# 105-127
name=unknown_C
#
# <colnr> <probs for GDERKNQSTAVLIFYWHMCP>
#	G	D	E	R	K	N	Q	S	T	A	V	L	I	F	Y	W	H	M	C	P
0	0.07052	0.12198	0.03622	0.01699	0.11536	0.06868	0.01208	0.06034	0.05319	0.02482	0.09018	0.07124	0.02002	0.00867	0.00645	0.00188	0.00681	0.00706	0.00490	0.20261
1	0.09208	0.15348	0.02249	0.01936	0.15577	0.04749	0.04780	0.04945	0.05463	0.02453	0.14676	0.02696	0.04238	0.05946	0.00925	0.00247	0.02405	0.00768	0.00496	0.00894
2	0.01923	0.09571	0.07228	0.10050	0.13942	0.14535	0.04582	0.11048	0.01868	0.02352	0.01702	0.02003	0.04951	0.01063	0.04555	0.00266	0.04420	0.00648	0.02348	0.00947
3	0.01960	0.35105	0.02840	0.03462	0.02052	0.13194	0.07192	0.08206	0.01761	0.02114	0.01644	0.01943	0.04759	0.04711	0.00761	0.00212	0.00855	0.00592	0.05751	0.00887
4	0.01237	0.00631	0.00940	0.00951	0.00954	0.00629	0.00634	0.00951	0.00977	0.01303	0.01451	0.07130	0.01506	0.02508	0.02710	0.73466	0.00617	0.00730	0.00340	0.00334
5	0.01155	0.00836	0.01049	0.01006	0.01049	0.00947	0.00695	0.01262	0.01134	0.01642	0.02051	0.03745	0.02172	0.43409	0.16778	0.00692	0.10633	0.00907	0.08286	0.00554
6	0.01957	0.10698	0.06010	0.01923	0.08950	0.09069	0.07774	0.15094	0.01919	0.06298	0.01619	0.01982	0.01316	0.01997	0.19641	0.00465	0.01210	0.00653	0.00465	0.00959
7	0.01108	0.00850	0.01195	0.01171	0.01293	0.00993	0.00893	0.01425	0.04754	0.01727	0.01998	0.03035	0.01905	0.13970	0.55694	0.01018	0.05093	0.00810	0.00411	0.00656
8	0.09003	0.00801	0.00954	0.00942	0.01057	0.00874	0.00665	0.01329	0.01170	0.01847	0.02037	0.03433	0.02049	0.32136	0.29375	0.00777	0.01133	0.00840	0.08994	0.00582
9	0.01326	0.01151	0.01859	0.22045	0.10250	0.01218	0.08340	0.01750	0.03927	0.02170	0.06742	0.11695	0.09066	0.01186	0.00831	0.02150	0.00719	0.04592	0.08192	0.00791
10	0.01631	0.01537	0.01787	0.13845	0.05876	0.12756	0.04456	0.08783	0.01670	0.02100	0.01806	0.04390	0.01680	0.11108	0.19799	0.00536	0.01212	0.03805	0.00435	0.00787
11	0.01371	0.01230	0.02029	0.65442	0.04587	0.01520	0.01866	0.01841	0.01461	0.01943	0.01401	0.02016	0.01059	0.00739	0.00705	0.00235	0.00905	0.00649	0.08207	0.00794
12	0.02128	0.01937	0.01904	0.01737	0.05572	0.21201	0.04235	0.10845	0.01972	0.10458	0.06198	0.02783	0.05443	0.05095	0.04183	0.00298	0.08226	0.04347	0.00539	0.00898
13	0.01702	0.01685	0.02218	0.17872	0.14365	0.10192	0.05074	0.05959	0.01624	0.02127	0.04450	0.05912	0.01575	0.05093	0.01267	0.00274	0.16574	0.00763	0.00408	0.00866
14	0.01356	0.00893	0.01112	0.01129	0.04218	0.00841	0.00799	0.05460	0.01675	0.08991	0.09045	0.11731	0.26912	0.05947	0.03733	0.09674	0.00567	0.04587	0.00630	0.00700
15	0.01735	0.40307	0.29458	0.01744	0.02551	0.02317	0.08456	0.02240	0.01523	0.01999	0.01169	0.01387	0.00945	0.00647	0.00592	0.00193	0.00936	0.00493	0.00315	0.00992
16	0.02054	0.04664	0.06852	0.12449	0.07580	0.19064	0.05736	0.06496	0.07216	0.08819	0.01854	0.05917	0.01542	0.00901	0.00724	0.00225	0.00930	0.03528	0.02501	0.00950
17	0.07100	0.01549	0.02292	0.14246	0.29327	0.01761	0.01755	0.05052	0.06156	0.02350	0.01743	0.02116	0.05328	0.00891	0.01039	0.00245	0.14971	0.00694	0.00414	0.00971
18	0.01057	0.00813	0.00941	0.00963	0.01145	0.00770	0.00709	0.04781	0.04302	0.02206	0.12351	0.26421	0.28794	0.05690	0.01028	0.00287	0.00451	0.05945	0.00682	0.00664
19	0.01250	0.00963	0.04086	0.01037	0.01248	0.00846	0.00809	0.04597	0.03995	0.05743	0.11792	0.21129	0.13833	0.13829	0.01316	0.00332	0.00529	0.06553	0.05416	0.00698
20	0.01887	0.06456	0.09746	0.11681	0.20387	0.08426	0.03203	0.08499	0.01749	0.05404	0.01426	0.01791	0.01139	0.01040	0.04842	0.00278	0.08265	0.00619	0.02173	0.00989
21	0.05270	0.04821	0.09216	0.08669	0.03523	0.03138	0.04819	0.02171	0.10946	0.08724	0.02618	0.15996	0.05767	0.01599	0.07591	0.00335	0.00836	0.02538	0.00544	0.00878
22	0.00893	0.00668	0.00830	0.00937	0.01040	0.00605	0.00647	0.01054	0.01519	0.01984	0.11163	0.51434	0.20385	0.02097	0.00905	0.00277	0.00401	0.01867	0.00687	0.00605

[dist]
# distance from previous block
# <min> <max>
2	15

[block]
# block no. 3 follows, 28 sequences, length 13
# corresponding to MSA columns:
# 143-155
name=unknown_D
#
# <colnr> <probs for GDERKNQSTAVLIFYWHMCP>
#	G	D	E	R	K	N	Q	S	T	A	V	L	I	F	Y	W	H	M	C	P
0	0.05732	0.21693	0.07084	0.04410	0.05314	0.05286	0.13066	0.06276	0.01642	0.02234	0.04929	0.05337	0.01492	0.00877	0.00920	0.00225	0.11475	0.00691	0.00405	0.00913
1	0.11853	0.04062	0.01849	0.01456	0.01839	0.01443	0.09531	0.08718	0.05229	0.02501	0.02348	0.12757	0.07500	0.01194	0.00980	0.03666	0.07964	0.02842	0.00515	0.11752
2	0.05687	0.19017	0.14101	0.07842	0.12145	0.01889	0.08855	0.02337	0.07665	0.04526	0.04841	0.01878	0.01422	0.00729	0.00659	0.00209	0.00838	0.00621	0.00419	0.04320
3	0.05632	0.02089	0.18803	0.03975	0.04471	0.08344	0.01519	0.05580	0.06631	0.08696	0.04254	0.07355	0.01775	0.06772	0.02819	0.00293	0.06143	0.00764	0.00493	0.03591
4	0.01032	0.00747	0.01041	0.01054	0.01142	0.00828	0.00763	0.01210	0.01155	0.01625	0.02200	0.08896	0.02274	0.23986	0.47614	0.00974	0.01490	0.00955	0.00425	0.00588
5	0.07211	0.00984	0.01432	0.09176	0.05153	0.01097	0.03308	0.01432	0.03144	0.01720	0.01501	0.04930	0.01453	0.07602	0.05643	0.35810	0.06737	0.00724	0.00370	0.00572
6	0.11793	0.15267	0.17028	0.02169	0.10787	0.13763	0.10564	0.02322	0.01589	0.02211	0.01194	0.01480	0.00964	0.00706	0.00743	0.00215	0.05353	0.00544	0.00353	0.00954
7	0.01619	0.01443	0.06851	0.05905	0.22021	0.01303	0.04801	0.04210	0.05862	0.08086	0.02360	0.20096	0.02270	0.04684	0.00912	0.00263	0.00716	0.01044	0.04624	0.00931
8	0.01037	0.00736	0.00982	0.01038	0.01114	0.00771	0.00747	0.01196	0.01248	0.01698	0.02728	0.17198	0.03002	0.27840	0.24883	0.00725	0.01053	0.10933	0.00501	0.00571
9	0.04254	0.03649	0.09393	0.11701	0.05752	0.01264	0.03541	0.06796	0.01561	0.05130	0.02090	0.11288	0.05150	0.05467	0.01225	0.12467	0.00733	0.00855	0.00462	0.07222
10	0.14138	0.10200	0.05388	0.07433	0.08491	0.13673	0.01418	0.08492	0.01714	0.02389	0.01631	0.04663	0.03363	0.01034	0.02475	0.00251	0.08102	0.03825	0.00434	0.00886
11	0.01073	0.00730	0.00894	0.00923	0.01050	0.00680	0.00644	0.01233	0.01495	0.05331	0.12816	0.25814	0.18204	0.18561	0.04543	0.00404	0.00548	0.03808	0.00637	0.00611
12	0.04952	0.00912	0.01102	0.06566	0.01485	0.00911	0.00826	0.06252	0.01613	0.02215	0.09162	0.24065	0.13852	0.12940	0.01272	0.00325	0.00551	0.05624	0.00602	0.04773

[dist]
# distance from previous block
# <min> <max>
3	10

[block]
# block no. 4 follows, 28 sequences, length 16
# corresponding to MSA columns:
# 166-181
name=unknown_E
#
# <colnr> <probs for GDERKNQSTAVLIFYWHMCP>
#	G	D	E	R	K	N	Q	S	T	A	V	L	I	F	Y	W	H	M	C	P
0	0.10607	0.08662	0.01813	0.06350	0.04094	0.04534	0.01149	0.14996	0.01907	0.11653	0.02357	0.07703	0.07735	0.01594	0.09794	0.00346	0.02426	0.00801	0.00563	0.00918
1	0.01342	0.04998	0.05721	0.06969	0.08073	0.01475	0.01309	0.01571	0.01330	0.01875	0.05308	0.18059	0.02357	0.12335	0.01719	0.00339	0.23001	0.01029	0.00441	0.00748
2	0.01240	0.00895	0.01148	0.01258	0.04674	0.00880	0.00886	0.05243	0.05089	0.05452	0.05557	0.35422	0.14268	0.02048	0.04946	0.00326	0.00588	0.08684	0.00662	0.00733
3	0.01264	0.00810	0.00971	0.00943	0.01192	0.00714	0.00734	0.01501	0.01759	0.11716	0.16152	0.12469	0.35816	0.01712	0.00865	0.00255	0.00441	0.09241	0.00726	0.00717
4	0.01789	0.01507	0.01614	0.01219	0.01817	0.05616	0.00971	0.07048	0.07888	0.05818	0.01544	0.01670	0.01219	0.00635	0.00588	0.00139	0.00614	0.00500	0.00500	0.57305
5	0.01244	0.00921	0.01102	0.01092	0.01198	0.00985	0.00756	0.06331	0.09026	0.02015	0.02860	0.30641	0.03160	0.25211	0.01959	0.04181	0.04750	0.01344	0.00573	0.00652
6	0.00897	0.00637	0.00840	0.00998	0.01038	0.00598	0.00660	0.01015	0.01370	0.01827	0.03897	0.69551	0.04669	0.06895	0.01105	0.00321	0.00440	0.02002	0.00660	0.00581
7	0.01556	0.01400	0.02057	0.14645	0.08607	0.01662	0.05087	0.08394	0.04847	0.02238	0.01991	0.06164	0.04941	0.01556	0.08114	0.00357	0.20580	0.04495	0.00450	0.00861
8	0.05309	0.07020	0.05828	0.33000	0.15768	0.01819	0.06015	0.03911	0.04899	0.02185	0.01355	0.01809	0.01066	0.00751	0.00824	0.00235	0.06276	0.00632	0.00369	0.00930
9	0.01098	0.01076	0.04262	0.01026	0.01256	0.04262	0.00818	0.01384	0.04024	0.02068	0.12765	0.14480	0.34539	0.06291	0.01114	0.00282	0.04468	0.03488	0.00626	0.00672
10	0.05984	0.01520	0.09076	0.01277	0.01701	0.01371	0.01115	0.08354	0.25134	0.02878	0.16605	0.03772	0.15867	0.01189	0.00763	0.00237	0.00565	0.00986	0.00673	0.00933
11	0.01836	0.05632	0.17777	0.06983	0.08799	0.05360	0.01581	0.12814	0.01882	0.07922	0.01965	0.11547	0.01726	0.03417	0.00809	0.00241	0.00802	0.00813	0.07133	0.00962
12	0.05402	0.01949	0.10848	0.13099	0.15150	0.06656	0.11064	0.09168	0.04651	0.02494	0.01776	0.07512	0.01556	0.00906	0.00753	0.00238	0.00912	0.04449	0.00451	0.00966
13	0.38797	0.17507	0.06332	0.01259	0.01812	0.01874	0.03472	0.04541	0.05366	0.11020	0.01408	0.01491	0.01058	0.00714	0.00543	0.00212	0.00680	0.00492	0.00488	0.00934
14	0.01152	0.01026	0.05122	0.01135	0.01356	0.00944	0.00898	0.01498	0.05536	0.01837	0.02169	0.09596	0.02167	0.18992	0.34208	0.00762	0.01250	0.00909	0.00449	0.08995
15	0.01498	0.01494	0.05969	0.01466	0.03576	0.05718	0.04891	0.06714	0.14666	0.02461	0.06952	0.15757	0.14278	0.01312	0.00865	0.00242	0.04269	0.01109	0.03097	0.03667

[dist]
# distance from previous block
# <min> <max>
0	17

[block]
# block no. 5 follows, 28 sequences, length 30
# corresponding to MSA columns:
# 199-228
name=unknown_F
#
# <colnr> <probs for GDERKNQSTAVLIFYWHMCP>
#	G	D	E	R	K	N	Q	S	T	A	V	L	I	F	Y	W	H	M	C	P
0	0.16352	0.04202	0.06917	0.07611	0.18276	0.09978	0.04222	0.09782	0.01785	0.02622	0.05011	0.01996	0.01437	0.05821	0.00871	0.00251	0.00849	0.00636	0.00443	0.00937
1	0.01434	0.01392	0.09555	0.13759	0.02254	0.01193	0.03326	0.06174	0.01606	0.06368	0.02950	0.11473	0.14521	0.05366	0.03794	0.04581	0.03731	0.00993	0.00508	0.05023
2	0.05418	0.04968	0.02064	0.07990	0.04840	0.01896	0.01336	0.30909	0.08423	0.03322	0.01598	0.01748	0.01217	0.00807	0.00784	0.00207	0.05714	0.00603	0.00565	0.15592
3	0.00997	0.00688	0.00851	0.00921	0.00952	0.00681	0.00588	0.01075	0.01215	0.01625	0.02973	0.30544	0.03462	0.40175	0.06832	0.00566	0.00676	0.04125	0.00534	0.00519
4	0.01696	0.38789	0.16589	0.05034	0.06778	0.02192	0.01587	0.02086	0.01529	0.02013	0.06568	0.01697	0.01427	0.00738	0.00670	0.00190	0.04347	0.00536	0.00360	0.05174
5	0.01393	0.01136	0.05062	0.01210	0.01503	0.00999	0.04073	0.08584	0.03660	0.06811	0.20367	0.17833	0.11948	0.07310	0.01071	0.00287	0.00562	0.04738	0.00675	0.00779
6	0.01440	0.01234	0.01753	0.09487	0.12984	0.01305	0.04385	0.02068	0.13421	0.04939	0.12886	0.06277	0.17478	0.01210	0.00901	0.00244	0.05489	0.01034	0.00585	0.00879
7	0.01841	0.01331	0.01639	0.01668	0.10020	0.01442	0.01149	0.12214	0.21087	0.08663	0.02288	0.02592	0.01822	0.06433	0.13220	0.00418	0.00868	0.00759	0.09563	0.00983
8	0.01013	0.00780	0.00988	0.01024	0.01131	0.00808	0.00749	0.01158	0.01399	0.01873	0.04196	0.33466	0.21876	0.02265	0.07400	0.04632	0.08374	0.01497	0.04756	0.00614
9	0.05760	0.01233	0.01529	0.01208	0.01693	0.01159	0.00988	0.10914	0.02104	0.46799	0.02564	0.02381	0.01704	0.00878	0.00677	0.00213	0.00585	0.00698	0.15800	0.01112
10	0.01778	0.01962	0.06300	0.14149	0.05665	0.10487	0.23368	0.08582	0.01796	0.02305	0.01773	0.02166	0.05413	0.01067	0.04740	0.00288	0.06081	0.00752	0.00410	0.00917
11	0.01571	0.06818	0.09103	0.11232	0.12977	0.03211	0.18692	0.02014	0.01485	0.02045	0.01397	0.01931	0.01163	0.01527	0.12731	0.00394	0.09762	0.00691	0.00349	0.00910
12	0.00926	0.00668	0.00870	0.00998	0.01072	0.00624	0.00692	0.01086	0.01480	0.01971	0.10735	0.55235	0.08960	0.05371	0.01045	0.00306	0.00440	0.06244	0.00677	0.00600
13	0.01061	0.00683	0.00915	0.01045	0.01128	0.00633	0.00722	0.01207	0.01451	0.06587	0.03922	0.66351	0.04575	0.02171	0.00917	0.00292	0.00445	0.04567	0.00690	0.00638
14	0.06008	0.05484	0.02149	0.06346	0.08219	0.03449	0.08369	0.11349	0.18489	0.02698	0.02296	0.09600	0.03811	0.01054	0.00834	0.00244	0.04496	0.03576	0.00557	0.00973
15	0.02545	0.01866	0.01852	0.01532	0.02008	0.11621	0.01239	0.29357	0.11187	0.16774	0.02231	0.02507	0.01694	0.00964	0.00732	0.00226	0.00777	0.05785	0.04002	0.01101
16	0.00982	0.00726	0.00928	0.01014	0.01145	0.00686	0.00764	0.01197	0.01571	0.02063	0.13453	0.29053	0.17507	0.06093	0.04532	0.00350	0.00547	0.16105	0.00664	0.00621
17	0.01409	0.01331	0.02230	0.66308	0.04795	0.01634	0.04397	0.01982	0.05057	0.01938	0.01388	0.01980	0.01041	0.00736	0.00732	0.00243	0.00957	0.00663	0.00347	0.00832
18	0.01542	0.01524	0.02152	0.05717	0.02033	0.02108	0.01566	0.01717	0.01146	0.01761	0.01131	0.05360	0.01155	0.01295	0.02220	0.00313	0.65427	0.00711	0.00337	0.00785
19	0.13607	0.01791	0.05780	0.20995	0.27177	0.05340	0.06358	0.06279	0.01670	0.02478	0.01309	0.01710	0.01029	0.00691	0.00686	0.00225	0.00899	0.00609	0.00386	0.00981
20	0.01598	0.01339	0.02009	0.05622	0.05713	0.01485	0.09925	0.10814	0.01703	0.05557	0.02467	0.08537	0.09720	0.02001	0.14675	0.00433	0.14123	0.00925	0.00497	0.00855
21	0.01052	0.00741	0.00906	0.00915	0.01030	0.00715	0.00634	0.01339	0.04600	0.02293	0.30081	0.21058	0.06696	0.18066	0.01487	0.00349	0.00454	0.01376	0.05580	0.00626
22	0.01051	0.00726	0.00900	0.00897	0.00939	0.00757	0.00575	0.01135	0.01135	0.01556	0.05493	0.04294	0.02634	0.52868	0.21279	0.00802	0.01011	0.00997	0.00445	0.00507
23	0.02073	0.14186	0.10860	0.05828	0.07066	0.11781	0.09689	0.06900	0.01805	0.11078	0.01521	0.01741	0.01161	0.00964	0.04516	0.00254	0.00989	0.00595	0.00448	0.06544
24	0.01265	0.04697	0.01123	0.01054	0.01208	0.04579	0.00770	0.01449	0.01485	0.06254	0.03371	0.42213	0.06044	0.04040	0.05766	0.00334	0.00609	0.03490	0.09573	0.00676
25	0.00997	0.00757	0.00851	0.00877	0.01013	0.00715	0.00605	0.01228	0.05072	0.01876	0.07173	0.18063	0.28211	0.24433	0.01754	0.00400	0.00506	0.04267	0.00610	0.00590
26	0.07198	0.10939	0.06172	0.04980	0.06738	0.08900	0.07787	0.02175	0.08466	0.03995	0.05993	0.05939	0.01847	0.04163	0.07194	0.04530	0.00917	0.00754	0.00459	0.00856
27	0.13236	0.04782	0.08711	0.01663	0.06632	0.08450	0.08595	0.03830	0.01611	0.04376	0.03442	0.02411	0.07556	0.05058	0.04616	0.00283	0.00849	0.00697	0.03349	0.09851
28	0.05628	0.04464	0.09733	0.01457	0.01936	0.05220	0.05739	0.07787	0.11781	0.08032	0.09580	0.05466	0.05833	0.01249	0.04567	0.00274	0.00771	0.02030	0.03477	0.04976
29	0.01839	0.12376	0.07238	0.03841	0.08072	0.14904	0.04456	0.06249	0.01751	0.05827	0.04232	0.07389	0.06621	0.07049	0.04787	0.00304	0.00919	0.00805	0.00470	0.00871

[dist]
# distance from previous block
# <min> <max>
2	19

[block]
# block no. 6 follows, 28 sequences, length 38
# corresponding to MSA columns:
# 248-285
name=unknown_G
#
# <colnr> <probs for GDERKNQSTAVLIFYWHMCP>
#	G	D	E	R	K	N	Q	S	T	A	V	L	I	F	Y	W	H	M	C	P
0	0.07513	0.05699	0.01923	0.01540	0.01796	0.06477	0.01251	0.13805	0.08445	0.02544	0.05666	0.02167	0.01636	0.05900	0.05624	0.00337	0.25614	0.00692	0.00488	0.00883
1	0.01503	0.10963	0.05712	0.08544	0.03700	0.07241	0.04155	0.05866	0.01636	0.02132	0.06242	0.02835	0.09615	0.02191	0.20128	0.00474	0.01106	0.00783	0.04370	0.00805
2	0.02160	0.21626	0.02083	0.01210	0.01672	0.01514	0.01033	0.02501	0.05068	0.26607	0.06032	0.06760	0.02205	0.05600	0.00869	0.00241	0.00638	0.05443	0.00633	0.06103
3	0.01702	0.02385	0.34454	0.01600	0.02309	0.01376	0.01774	0.06143	0.04780	0.11041	0.10223	0.02644	0.02090	0.00915	0.00718	0.00225	0.00791	0.04268	0.05659	0.04903
4	0.01497	0.03291	0.58093	0.06426	0.03113	0.01607	0.04191	0.02263	0.01584	0.04675	0.05415	0.01835	0.01312	0.00745	0.00709	0.00231	0.01012	0.00605	0.00359	0.01038
5	0.01871	0.06377	0.09321	0.01521	0.01989	0.05166	0.01348	0.10449	0.21174	0.06839	0.02317	0.05990	0.01982	0.01071	0.00846	0.00239	0.05487	0.08721	0.00594	0.06699
6	0.01028	0.00716	0.00887	0.00909	0.01035	0.00659	0.00633	0.01221	0.01624	0.04184	0.26382	0.27026	0.15154	0.13605	0.01337	0.00329	0.00438	0.01526	0.00686	0.00621
7	0.01004	0.00695	0.00866	0.00915	0.00948	0.00703	0.00582	0.01081	0.01172	0.01583	0.02741	0.24763	0.03150	0.42622	0.13378	0.00656	0.00814	0.01310	0.00501	0.00517
8	0.00928	0.00667	0.00873	0.01015	0.01082	0.00627	0.00706	0.01078	0.01435	0.01901	0.06157	0.57544	0.07921	0.06536	0.01096	0.00319	0.00459	0.08398	0.00664	0.00594
9	0.01498	0.11495	0.02132	0.22166	0.11275	0.01475	0.01402	0.01848	0.01494	0.02075	0.01559	0.09533	0.01442	0.00808	0.00648	0.00187	0.00724	0.00693	0.00401	0.27145
10	0.00998	0.00683	0.00884	0.00973	0.01029	0.00666	0.00663	0.01079	0.01290	0.01709	0.03368	0.35526	0.07650	0.20127	0.06451	0.08332	0.00630	0.06843	0.00562	0.00538
11	0.02901	0.01879	0.03991	0.01559	0.02137	0.05666	0.01309	0.39083	0.02808	0.27958	0.02100	0.01976	0.01412	0.00870	0.00723	0.00219	0.00771	0.00668	0.00757	0.01210
12	0.02703	0.01326	0.01743	0.01562	0.06807	0.01281	0.01164	0.03409	0.17546	0.46255	0.02733	0.02500	0.01851	0.01130	0.04293	0.00277	0.00693	0.00749	0.00797	0.01181
13	0.01059	0.00794	0.01063	0.04342	0.01465	0.00776	0.00984	0.01327	0.01600	0.02052	0.04437	0.21876	0.16622	0.01977	0.00948	0.00305	0.00572	0.36497	0.00656	0.00648
14	0.01943	0.74891	0.03809	0.01244	0.01866	0.02876	0.01244	0.02177	0.01477	0.01710	0.01011	0.01166	0.00933	0.00622	0.00466	0.00155	0.00777	0.00389	0.00311	0.00933
15	0.03731	0.01440	0.01627	0.01300	0.01810	0.05108	0.04259	0.04215	0.14372	0.04470	0.02128	0.08817	0.04036	0.00873	0.00656	0.00178	0.00617	0.00736	0.00538	0.39090
16	0.02649	0.04883	0.02060	0.01508	0.02048	0.01709	0.05305	0.33254	0.02594	0.24242	0.02112	0.02068	0.01460	0.00850	0.00699	0.00213	0.00716	0.00681	0.09805	0.01142
17	0.01055	0.00714	0.00841	0.00841	0.00858	0.00731	0.00501	0.01088	0.01071	0.01445	0.02246	0.04513	0.02537	0.65590	0.12419	0.00764	0.00864	0.01021	0.00434	0.00467
18	0.01887	0.47579	0.07120	0.01425	0.01936	0.11038	0.01348	0.02146	0.01487	0.01755	0.01130	0.01414	0.01023	0.01185	0.07780	0.00280	0.07781	0.00469	0.00327	0.00889
19	0.01750	0.10662	0.02173	0.27627	0.09263	0.09244	0.01538	0.02270	0.08690	0.07011	0.01892	0.11312	0.01673	0.00952	0.00714	0.00229	0.00834	0.00806	0.00463	0.00898
20	0.00885	0.00636	0.00840	0.01002	0.01052	0.00591	0.00670	0.01013	0.01401	0.01859	0.04125	0.71615	0.07096	0.02262	0.00925	0.00293	0.00420	0.02048	0.00675	0.00591
21	0.01064	0.00696	0.00898	0.00992	0.01105	0.00634	0.00688	0.01221	0.01513	0.06936	0.07999	0.56340	0.13028	0.02077	0.00901	0.00280	0.00425	0.01859	0.00698	0.00646
22	0.01767	0.10596	0.02225	0.01893	0.13284	0.01673	0.01337	0.04291	0.01553	0.06411	0.03362	0.01720	0.01267	0.00803	0.01024	0.00196	0.17768	0.00563	0.00427	0.27837
23	0.01521	0.01240	0.01752	0.01515	0.01660	0.01513	0.04442	0.06342	0.01365	0.05521	0.01649	0.02571	0.01562	0.15010	0.21862	0.00609	0.27922	0.00767	0.00422	0.00757
24	0.01348	0.01252	0.02092	0.67464	0.04720	0.01547	0.01921	0.01822	0.01498	0.01934	0.06276	0.02193	0.01399	0.00782	0.00736	0.00241	0.00923	0.00695	0.00358	0.00799
25	0.02091	0.07574	0.10633	0.01773	0.06130	0.15061	0.04586	0.08515	0.08960	0.11018	0.05297	0.07247	0.01814	0.00912	0.00708	0.00214	0.00843	0.00745	0.00543	0.05336
26	0.01631	0.05821	0.02058	0.18623	0.18360	0.01428	0.02876	0.03933	0.03656	0.08045	0.05582	0.03176	0.06144	0.10089	0.01115	0.00292	0.00769	0.05026	0.00490	0.00887
27	0.01229	0.00813	0.00977	0.00935	0.01109	0.00775	0.00680	0.01531	0.04997	0.07054	0.25809	0.05274	0.14202	0.22125	0.01648	0.00373	0.00506	0.06316	0.02981	0.00666
28	0.01066	0.00799	0.01059	0.06234	0.01350	0.00861	0.00791	0.01216	0.01242	0.01668	0.02783	0.14965	0.07026	0.31218	0.16846	0.00636	0.03836	0.05348	0.00482	0.00574
29	0.02177	0.11392	0.06938	0.02139	0.09385	0.21311	0.12492	0.04348	0.01848	0.10199	0.05922	0.01901	0.01486	0.00792	0.00785	0.00213	0.04600	0.00647	0.00457	0.00968
30	0.13537	0.09534	0.13631	0.08615	0.07312	0.01588	0.09487	0.02231	0.01583	0.11465	0.01866	0.07038	0.01609	0.00921	0.00705	0.00236	0.00819	0.06407	0.00478	0.00939
31	0.00968	0.00729	0.00895	0.00877	0.01055	0.00656	0.00649	0.01245	0.01878	0.02545	0.45746	0.13332	0.23430	0.01667	0.00866	0.00240	0.00358	0.01455	0.00753	0.00656
32	0.01830	0.09246	0.02300	0.01999	0.09611	0.17439	0.05444	0.02089	0.01505	0.01944	0.01313	0.01767	0.01154	0.01361	0.08348	0.00328	0.23005	0.00607	0.07863	0.00845
33	0.01944	0.03886	0.06093	0.10485	0.05329	0.05520	0.01387	0.25464	0.04042	0.04459	0.06951	0.08780	0.02171	0.05122	0.00921	0.00261	0.00779	0.04857	0.00588	0.00961
34	0.01733	0.08458	0.02268	0.04373	0.09725	0.01411	0.12788	0.03769	0.01668	0.13152	0.02695	0.19731	0.06703	0.01237	0.00874	0.00248	0.04368	0.03343	0.00557	0.00899
35	0.00934	0.00702	0.00869	0.00932	0.01070	0.00637	0.00675	0.01146	0.01658	0.02189	0.22570	0.33963	0.22392	0.01933	0.00895	0.00266	0.00401	0.05432	0.00708	0.00627
36	0.01694	0.06022	0.04609	0.06442	0.31606	0.06224	0.09029	0.04291	0.01639	0.02196	0.01723	0.10902	0.01648	0.05506	0.00978	0.00259	0.03019	0.00843	0.00411	0.00958
37	0.01992	0.01833	0.09525	0.10136	0.04602	0.01732	0.19551	0.09096	0.01792	0.14592	0.01695	0.04066	0.01294	0.00879	0.01058	0.00251	0.13667	0.00750	0.00489	0.01003

[dist]
# distance from previous block
# <min> <max>
1	6

[block]
# block no. 7 follows, 28 sequences, length 22
# corresponding to MSA columns:
# 292-313
name=unknown_H
#
# <colnr> <probs for GDERKNQSTAVLIFYWHMCP>
#	G	D	E	R	K	N	Q	S	T	A	V	L	I	F	Y	W	H	M	C	P
0	0.01401	0.01147	0.01252	0.07013	0.01650	0.05459	0.00935	0.12625	0.01836	0.02312	0.03915	0.22124	0.21554	0.03371	0.01045	0.05871	0.00607	0.04556	0.00605	0.00722
1	0.01857	0.16693	0.35279	0.02056	0.06770	0.07699	0.06321	0.10697	0.01828	0.02446	0.01305	0.01518	0.00991	0.00698	0.00663	0.00211	0.01000	0.00546	0.00374	0.01048
2	0.04156	0.14874	0.16152	0.02445	0.20621	0.05177	0.08479	0.04122	0.01650	0.02241	0.01929	0.06821	0.06560	0.00861	0.00697	0.00218	0.00870	0.00748	0.00402	0.00978
3	0.01045	0.00699	0.00797	0.00809	0.00812	0.00696	0.00458	0.01054	0.01082	0.01442	0.02416	0.09817	0.02801	0.69178	0.03497	0.00675	0.00684	0.01131	0.00458	0.00451
4	0.01606	0.01375	0.01912	0.01810	0.07979	0.03236	0.10132	0.14359	0.04690	0.02583	0.02888	0.20083	0.07985	0.03116	0.00977	0.00269	0.04421	0.07097	0.02615	0.00867
5	0.01897	0.01985	0.07615	0.06499	0.25189	0.09994	0.09200	0.08323	0.03380	0.04605	0.01647	0.07036	0.01407	0.00810	0.00728	0.00216	0.00901	0.00735	0.00445	0.07387
6	0.01014	0.00738	0.00904	0.00977	0.01081	0.00703	0.00680	0.03842	0.01524	0.02004	0.08502	0.41286	0.14141	0.13597	0.01351	0.00348	0.00484	0.05569	0.00648	0.00608
7	0.01651	0.05810	0.01836	0.13826	0.02376	0.01421	0.01171	0.07214	0.11595	0.02509	0.01557	0.01760	0.01231	0.00669	0.00612	0.00163	0.00654	0.00541	0.00473	0.42931
8	0.02055	0.09038	0.01834	0.01261	0.01805	0.01484	0.01038	0.11513	0.13957	0.15425	0.02415	0.02350	0.07021	0.00847	0.00655	0.00186	0.00607	0.00674	0.00622	0.25212
9	0.01697	0.01295	0.01582	0.06997	0.06423	0.01411	0.01142	0.07800	0.28266	0.07671	0.09608	0.13213	0.02822	0.05579	0.00953	0.00273	0.00607	0.01022	0.00672	0.00966
10	0.01489	0.03173	0.04980	0.06016	0.05960	0.01183	0.05517	0.06868	0.06857	0.07846	0.03299	0.31014	0.09826	0.01485	0.00821	0.00256	0.00629	0.01324	0.00613	0.00844
11	0.01670	0.01454	0.02493	0.42984	0.23221	0.01616	0.06117	0.02131	0.01579	0.07633	0.01453	0.01944	0.01097	0.00711	0.00733	0.00233	0.00926	0.00667	0.00383	0.00952
12	0.01235	0.00786	0.01014	0.00993	0.01194	0.00716	0.00758	0.01509	0.01843	0.09783	0.34703	0.17680	0.14780	0.01670	0.00872	0.00254	0.00425	0.08312	0.00757	0.00716
13	0.06774	0.33406	0.17548	0.01565	0.02217	0.05579	0.05888	0.08906	0.01687	0.02253	0.01284	0.01643	0.01096	0.06357	0.00825	0.00232	0.00880	0.00535	0.00379	0.00946
14	0.01539	0.06349	0.02233	0.11864	0.33354	0.05057	0.01614	0.01891	0.01669	0.02186	0.07862	0.03149	0.16296	0.00983	0.00741	0.00221	0.00748	0.00863	0.00454	0.00925
15	0.00916	0.00711	0.00837	0.00907	0.01053	0.00644	0.00641	0.01143	0.03484	0.02041	0.12042	0.38437	0.30546	0.01987	0.00888	0.00267	0.00397	0.01743	0.00690	0.00625
16	0.01384	0.00962	0.01107	0.01042	0.01296	0.00951	0.00808	0.06790	0.09101	0.06801	0.15853	0.07295	0.20800	0.07442	0.01055	0.00284	0.00501	0.09368	0.06391	0.00769
17	0.05342	0.01834	0.02317	0.02277	0.15859	0.07166	0.09541	0.23630	0.09200	0.03164	0.01835	0.02216	0.01456	0.00843	0.00722	0.00224	0.00829	0.03801	0.06687	0.01058
18	0.01280	0.01120	0.06259	0.04226	0.01564	0.01028	0.01008	0.01672	0.05696	0.06580	0.07304	0.07216	0.16822	0.06542	0.20382	0.00523	0.05234	0.01016	0.03782	0.00748
19	0.01129	0.00819	0.00984	0.01000	0.01135	0.00799	0.00700	0.07951	0.01690	0.02259	0.15103	0.36802	0.11185	0.13401	0.01328	0.00336	0.00487	0.01576	0.00665	0.00652
20	0.01514	0.07210	0.01473	0.01226	0.01468	0.06616	0.00966	0.07850	0.08392	0.02150	0.02788	0.06372	0.07958	0.12240	0.06601	0.08556	0.00792	0.14560	0.00541	0.00727
21	0.13020	0.12768	0.12288	0.05767	0.09363	0.11926	0.14482	0.02449	0.07078	0.02329	0.01367	0.01625	0.01073	0.00693	0.00660	0.00216	0.00955	0.00588	0.00391	0.00961

[dist]
# distance from previous block
# <min> <max>
0	19

[block]
# block no. 8 follows, 28 sequences, length 21
# corresponding to MSA columns:
# 333-353
name=unknown_I
#
# <colnr> <probs for GDERKNQSTAVLIFYWHMCP>
#	G	D	E	R	K	N	Q	S	T	A	V	L	I	F	Y	W	H	M	C	P
0	0.02127	0.07083	0.02326	0.04110	0.06131	0.23992	0.08886	0.09031	0.12190	0.04051	0.01847	0.02017	0.04044	0.01021	0.03696	0.00253	0.03170	0.00662	0.00483	0.02880
1	0.05775	0.08138	0.13554	0.06240	0.04078	0.01722	0.08608	0.14374	0.01839	0.04372	0.01682	0.08665	0.01465	0.01177	0.05006	0.00282	0.05438	0.00749	0.00468	0.06369
2	0.04439	0.01809	0.02424	0.20559	0.05937	0.08327	0.12550	0.15079	0.10002	0.07242	0.01684	0.01936	0.01247	0.00790	0.00777	0.00233	0.02768	0.00685	0.00507	0.01006
3	0.11571	0.02025	0.13734	0.23931	0.11156	0.06580	0.09569	0.02127	0.01503	0.02210	0.01244	0.01684	0.00971	0.00746	0.00856	0.00239	0.07989	0.00607	0.00349	0.00911
4	0.06704	0.00983	0.01169	0.01135	0.01316	0.01091	0.00855	0.06107	0.08259	0.02279	0.02752	0.22051	0.05369	0.06617	0.17217	0.00490	0.05391	0.01124	0.08360	0.00732
5	0.01451	0.01147	0.01570	0.01536	0.06022	0.01366	0.01114	0.01781	0.05921	0.06011	0.07997	0.02934	0.02146	0.14722	0.16755	0.00535	0.22601	0.00822	0.02807	0.00764
6	0.01103	0.00932	0.01122	0.10016	0.01665	0.04252	0.00915	0.01401	0.04345	0.02040	0.10176	0.37388	0.13957	0.01796	0.00870	0.00270	0.00541	0.05911	0.00630	0.00671
7	0.01528	0.13961	0.61097	0.01953	0.02962	0.01859	0.02479	0.02284	0.01526	0.02217	0.01262	0.01482	0.00923	0.00681	0.00658	0.00219	0.01032	0.00516	0.00308	0.01054
8	0.02055	0.64965	0.03587	0.01302	0.01919	0.02791	0.01263	0.11076	0.01741	0.02101	0.01111	0.01245	0.00974	0.00656	0.00502	0.00164	0.00780	0.00425	0.00368	0.00974
9	0.01250	0.00816	0.00968	0.00950	0.01065	0.00805	0.00641	0.05169	0.01412	0.06110	0.03157	0.17117	0.09624	0.38968	0.05750	0.00534	0.00680	0.03824	0.00559	0.00601
10	0.01186	0.00860	0.01123	0.01213	0.01381	0.00865	0.00996	0.05266	0.01661	0.02170	0.03810	0.15162	0.09532	0.07800	0.05605	0.00396	0.00703	0.38962	0.00639	0.00669
11	0.00882	0.00647	0.00828	0.00973	0.01044	0.00594	0.00657	0.01017	0.01430	0.01871	0.04487	0.64381	0.14095	0.02215	0.00918	0.00288	0.00414	0.01990	0.00675	0.00594
12	0.01157	0.00849	0.01054	0.01088	0.01243	0.00817	0.00771	0.08871	0.01676	0.02273	0.07435	0.56436	0.04252	0.01945	0.00873	0.00269	0.00469	0.01743	0.00671	0.06106
13	0.01373	0.01292	0.02180	0.72707	0.05006	0.01615	0.02019	0.01857	0.01453	0.01857	0.01292	0.01938	0.00969	0.00727	0.00727	0.00242	0.00969	0.00646	0.00323	0.00807
14	0.01138	0.00773	0.00973	0.00906	0.01115	0.00697	0.00685	0.01448	0.01985	0.06978	0.53939	0.05532	0.18061	0.01514	0.00850	0.00231	0.00365	0.01318	0.00783	0.00707
15	0.01038	0.00779	0.01168	0.01168	0.01298	0.00909	0.00909	0.01298	0.01168	0.01687	0.01947	0.02856	0.01817	0.05452	0.71573	0.01168	0.01947	0.00779	0.00389	0.00649
16	0.03007	0.01455	0.01786	0.01378	0.01926	0.01414	0.01136	0.23216	0.02465	0.46490	0.02494	0.02261	0.01629	0.00889	0.00718	0.00220	0.00660	0.00705	0.04945	0.01207
17	0.45919	0.01677	0.01736	0.10474	0.06722	0.08916	0.05702	0.02173	0.01401	0.02704	0.01110	0.01412	0.00883	0.00724	0.00686	0.00230	0.05792	0.00498	0.00405	0.00834
18	0.01458	0.03760	0.70688	0.02072	0.03146	0.01688	0.02686	0.02302	0.01535	0.02302	0.01304	0.01535	0.00921	0.00691	0.00691	0.00230	0.01074	0.00537	0.00307	0.01074
19	0.06481	0.01471	0.01839	0.01467	0.01980	0.01494	0.05616	0.13661	0.18632	0.30426	0.02818	0.02615	0.06246	0.00948	0.00735	0.00232	0.00659	0.00786	0.00758	0.01133
20	0.01596	0.01573	0.06887	0.33264	0.17306	0.01554	0.05833	0.02101	0.03497	0.05968	0.01742	0.02143	0.04443	0.00775	0.00771	0.00228	0.02878	0.00690	0.00401	0.06350

[dist]
# distance from previous block
# <min> <max>
0	1

[block]
# block no. 9 follows, 28 sequences, length 34
# corresponding to MSA columns:
# 355-388
name=unknown_J
#
# <colnr> <probs for GDERKNQSTAVLIFYWHMCP>
#	G	D	E	R	K	N	Q	S	T	A	V	L	I	F	Y	W	H	M	C	P
0	0.56042	0.01366	0.01218	0.01013	0.01514	0.01439	0.00829	0.02202	0.01372	0.09274	0.01243	0.01369	0.00942	0.00667	0.00495	0.00200	0.00562	0.00433	0.00487	0.17334
1	0.01476	0.01320	0.01780	0.01580	0.01648	0.01713	0.01265	0.06865	0.01341	0.01958	0.01683	0.12356	0.01772	0.08155	0.10113	0.00438	0.42467	0.00894	0.00421	0.00754
2	0.01725	0.01341	0.01716	0.04813	0.09713	0.01166	0.01115	0.07273	0.01713	0.08000	0.01699	0.07889	0.01473	0.00765	0.00632	0.00161	0.00613	0.00649	0.00501	0.47044
3	0.01263	0.07739	0.01332	0.01117	0.01337	0.01098	0.00849	0.06894	0.09391	0.02314	0.09305	0.37366	0.10953	0.01737	0.00837	0.00261	0.00501	0.04288	0.00663	0.00753
4	0.00936	0.00740	0.00903	0.00953	0.01082	0.00707	0.00686	0.01113	0.01556	0.02025	0.13528	0.36949	0.27982	0.01960	0.00979	0.00270	0.04641	0.01695	0.00670	0.00623
