[name]
unknown

[dist]
# distance from previous block
# <min> <max>
0	3

[block]
# block no. 0 follows, 34 sequences, length 34
# corresponding to MSA columns:
# 3-36
name=unknown_A
#
# <colnr> <probs for GDERKNQSTAVLIFYWHMCP>
#	G	D	E	R	K	N	Q	S	T	A	V	L	I	F	Y	W	H	M	C	P
0	0.00819	0.00606	0.00856	0.00967	0.01028	0.00567	0.02839	0.00951	0.01254	0.01672	0.03485	0.72183	0.04151	0.01970	0.00825	0.00262	0.00405	0.04031	0.00591	0.00538
1	0.01982	0.01562	0.03293	0.01355	0.01804	0.01660	0.01107	0.37210	0.24038	0.05003	0.02019	0.07303	0.01596	0.00875	0.00651	0.00201	0.00611	0.00705	0.00624	0.06401
2	0.01118	0.00978	0.01202	0.01450	0.14439	0.04158	0.00900	0.01446	0.06366	0.01931	0.12201	0.08624	0.24305	0.10304	0.01040	0.00268	0.00520	0.07551	0.00529	0.00670
3	0.01632	0.35870	0.30815	0.01436	0.02119	0.04065	0.01603	0.07564	0.01497	0.03623	0.01183	0.03756	0.00979	0.00653	0.00535	0.00175	0.00796	0.00475	0.00329	0.00894
4	0.01372	0.09951	0.65243	0.01770	0.02668	0.04052	0.02235	0.02054	0.01375	0.01984	0.01131	0.01328	0.00820	0.00610	0.00595	0.00197	0.00938	0.00464	0.00275	0.00937
5	0.00816	0.00683	0.00714	0.00701	0.00916	0.00594	0.00527	0.01062	0.04177	0.01900	0.15666	0.05881	0.60988	0.01564	0.00759	0.00216	0.00331	0.01313	0.00618	0.00572
6	0.01710	0.01478	0.02487	0.06511	0.63629	0.01475	0.01876	0.02083	0.01501	0.09023	0.01342	0.01662	0.01073	0.00600	0.00641	0.00194	0.00750	0.00583	0.00365	0.01019
7	0.03868	0.07951	0.15657	0.07615	0.14023	0.01601	0.10880	0.10733	0.08628	0.07797	0.01642	0.01800	0.03527	0.00690	0.00635	0.00200	0.00775	0.00606	0.00428	0.00942
8	0.01274	0.04275	0.01333	0.06222	0.01541	0.03428	0.06636	0.05482	0.03535	0.06874	0.07871	0.09390	0.29489	0.01195	0.00691	0.00206	0.00514	0.01023	0.08327	0.00694
9	0.02339	0.01028	0.01315	0.01066	0.01455	0.00962	0.00855	0.05007	0.08653	0.46998	0.02329	0.02210	0.01586	0.00927	0.00786	0.07371	0.00514	0.00640	0.13013	0.00943
10	0.01636	0.01604	0.02587	0.03863	0.70071	0.04810	0.01950	0.02010	0.01487	0.02087	0.01206	0.01580	0.01015	0.00580	0.00637	0.00191	0.00785	0.00569	0.00320	0.01011
11	0.01572	0.01254	0.01861	0.13504	0.18653	0.01286	0.05613	0.12134	0.04046	0.07860	0.01971	0.16300	0.03196	0.00937	0.00677	0.00206	0.00661	0.00844	0.00478	0.06947
12	0.00802	0.00638	0.00720	0.00737	0.00906	0.00556	0.00538	0.00988	0.01509	0.01918	0.20983	0.19311	0.44834	0.01639	0.00775	0.00223	0.00331	0.01409	0.00625	0.00556
13	0.01588	0.01237	0.01351	0.01202	0.01532	0.01363	0.00933	0.12950	0.40145	0.05979	0.07518	0.11698	0.07532	0.01081	0.00690	0.00219	0.00500	0.00913	0.00655	0.00916
14	0.06417	0.03851	0.01794	0.01464	0.05022	0.04178	0.01143	0.35607	0.13444	0.17665	0.01837	0.01766	0.01297	0.00768	0.00627	0.00197	0.00653	0.00594	0.00630	0.01043
15	0.14396	0.04060	0.01563	0.01301	0.04799	0.01504	0.01006	0.27211	0.10101	0.10754	0.11631	0.02274	0.04950	0.00857	0.00622	0.00199	0.00568	0.00675	0.00605	0.00925
16	0.08832	0.12181	0.06066	0.01601	0.07671	0.26649	0.01241	0.12920	0.05660	0.02228	0.01259	0.01434	0.01012	0.00906	0.04819	0.00227	0.00898	0.00483	0.03069	0.00844
17	0.10612	0.55923	0.10596	0.01354	0.06711	0.02249	0.01258	0.01946	0.01306	0.01771	0.00948	0.01112	0.00827	0.00566	0.00450	0.00156	0.00703	0.00376	0.00293	0.00842
18	0.01416	0.01348	0.02292	0.38617	0.40040	0.01487	0.01892	0.01823	0.01385	0.01889	0.01183	0.01659	0.00945	0.00610	0.00643	0.00203	0.00813	0.00575	0.00304	0.00876
19	0.01611	0.01402	0.02205	0.21378	0.39727	0.01501	0.01720	0.04504	0.10967	0.06393	0.01479	0.01773	0.01147	0.00654	0.00644	0.00202	0.00742	0.00601	0.00396	0.00954
20	0.01907	0.05074	0.02307	0.01846	0.02145	0.33452	0.14225	0.03927	0.01519	0.01726	0.01019	0.01357	0.00872	0.00790	0.01099	0.00213	0.24901	0.00529	0.00322	0.00771
21	0.01002	0.00750	0.01085	0.01061	0.01197	0.00869	0.00829	0.04737	0.01141	0.01632	0.01722	0.02488	0.01589	0.04637	0.70937	0.00995	0.01678	0.00687	0.00362	0.00604
22	0.02380	0.02966	0.01869	0.01757	0.05059	0.68882	0.01279	0.05075	0.01860	0.01696	0.01028	0.01198	0.00850	0.00666	0.00587	0.00169	0.01131	0.00429	0.00344	0.00774
23	0.01964	0.08951	0.01846	0.01533	0.08576	0.08657	0.01124	0.32898	0.02189	0.05133	0.06591	0.07542	0.01713	0.03431	0.00718	0.00204	0.00676	0.00693	0.04656	0.00905
24	0.00848	0.00652	0.00722	0.00731	0.00918	0.00562	0.00538	0.01023	0.01488	0.03891	0.14405	0.18108	0.50556	0.01639	0.00771	0.00223	0.00339	0.01400	0.00620	0.00566
25	0.00837	0.00642	0.00766	0.00767	0.00926	0.00572	0.00563	0.01057	0.01599	0.02119	0.36604	0.16967	0.31139	0.01554	0.00773	0.00218	0.00325	0.01350	0.00651	0.00572
26	0.01588	0.01566	0.02412	0.12252	0.47760	0.06005	0.05735	0.02081	0.06961	0.02065	0.01306	0.01648	0.01060	0.00607	0.00638	0.00193	0.00790	0.00580	0.00346	0.04406
27	0.00787	0.00562	0.00750	0.00900	0.00937	0.00525	0.00600	0.00900	0.01237	0.01649	0.03561	0.76871	0.04274	0.02024	0.00825	0.00262	0.00375	0.01837	0.00600	0.00525
28	0.00838	0.00638	0.00772	0.00791	0.00938	0.00572	0.00580	0.01051	0.01563	0.02072	0.32706	0.22111	0.27907	0.01603	0.00781	0.00225	0.00337	0.03301	0.00645	0.00568
29	0.05184	0.02300	0.02195	0.04714	0.09312	0.37096	0.12340	0.08927	0.01756	0.02022	0.01121	0.01372	0.00901	0.00663	0.00694	0.00187	0.04894	0.00513	0.00361	0.03448
30	0.09330	0.05998	0.32493	0.01665	0.02312	0.04579	0.13246	0.04551	0.01500	0.04728	0.08143	0.05605	0.01552	0.00752	0.00634	0.00204	0.00814	0.00649	0.00388	0.00857
31	0.00855	0.00611	0.00821	0.00900	0.00951	0.00623	0.00616	0.00978	0.01124	0.01530	0.02757	0.42097	0.03162	0.17586	0.21697	0.00548	0.00798	0.01345	0.00489	0.00513
32	0.11346	0.06423	0.10351	0.01409	0.06492	0.12282	0.01156	0.05499	0.08608	0.06396	0.11049	0.02125	0.04935	0.00784	0.00594	0.00184	0.00663	0.00613	0.00471	0.08619
33	0.03853	0.07223	0.20962	0.01314	0.04858	0.01149	0.03938	0.01614	0.05113	0.01996	0.09843	0.03283	0.21489	0.04066	0.04425	0.00260	0.00667	0.00836	0.02366	0.00745

[dist]
# distance from previous block
# <min> <max>
3	11

[block]
# block no. 1 follows, 34 sequences, length 31
# corresponding to MSA columns:
# 48-78
name=unknown_B
#
# <colnr> <probs for GDERKNQSTAVLIFYWHMCP>
#	G	D	E	R	K	N	Q	S	T	A	V	L	I	F	Y	W	H	M	C	P
0	0.01377	0.27786	0.15117	0.01214	0.01630	0.04390	0.03379	0.01654	0.03349	0.01615	0.01536	0.09352	0.01540	0.12827	0.01175	0.07949	0.00709	0.02352	0.00349	0.00700
1	0.01261	0.19613	0.29711	0.01306	0.01856	0.01448	0.01425	0.01669	0.01368	0.01882	0.10056	0.09176	0.06103	0.04461	0.00784	0.00214	0.03178	0.00728	0.00384	0.03376
2	0.04647	0.05730	0.34921	0.01714	0.06296	0.07052	0.01725	0.09678	0.09297	0.02273	0.01539	0.04154	0.02978	0.00758	0.00688	0.00204	0.04461	0.00580	0.00388	0.00914
3	0.01419	0.08028	0.05417	0.01347	0.01625	0.13935	0.05100	0.01834	0.08992	0.01900	0.11397	0.11854	0.05586	0.01316	0.05308	0.00265	0.10733	0.02762	0.00457	0.00727
4	0.01296	0.03342	0.73944	0.01842	0.02797	0.01501	0.02387	0.02046	0.01364	0.02046	0.01160	0.01364	0.00818	0.00614	0.00614	0.00205	0.00955	0.00477	0.00273	0.00955
5	0.05152	0.06561	0.04552	0.13881	0.09399	0.01570	0.14035	0.10378	0.08607	0.06291	0.01421	0.01650	0.01078	0.00655	0.00668	0.00193	0.03085	0.00580	0.00420	0.09823
6	0.01757	0.07097	0.17114	0.12667	0.13027	0.16348	0.01628	0.07808	0.10458	0.03977	0.01368	0.01557	0.01046	0.00670	0.00612	0.00193	0.00853	0.00530	0.00386	0.00905
7	0.00840	0.00631	0.00896	0.00964	0.01041	0.00608	0.03352	0.00978	0.01218	0.01629	0.03302	0.57824	0.06778	0.06788	0.09535	0.00370	0.00573	0.01587	0.00547	0.00537
8	0.01220	0.01148	0.01938	0.75739	0.04450	0.01436	0.01794	0.01651	0.01292	0.01651	0.01148	0.01723	0.00861	0.00646	0.00646	0.00215	0.00861	0.00574	0.00287	0.00718
9	0.00955	0.00683	0.00873	0.00861	0.00900	0.00747	0.00577	0.01039	0.00975	0.01350	0.01881	0.03533	0.02035	0.49399	0.27482	0.00751	0.04281	0.00839	0.00371	0.00468
10	0.00816	0.00590	0.00776	0.00896	0.00963	0.00549	0.00624	0.00964	0.01329	0.01772	0.10938	0.60756	0.08314	0.01913	0.00819	0.00256	0.00380	0.06196	0.00611	0.00539
11	0.01373	0.00989	0.01144	0.01042	0.01312	0.01033	0.00800	0.02258	0.29904	0.09736	0.27807	0.08654	0.08941	0.01162	0.00713	0.00214	0.00419	0.01001	0.00683	0.00814
12	0.00889	0.00660	0.00839	0.00875	0.01020	0.00610	0.00674	0.01131	0.01585	0.02123	0.33191	0.17990	0.18720	0.01602	0.00800	0.00236	0.00382	0.15451	0.00646	0.00579
13	0.02625	0.01539	0.01771	0.01358	0.01868	0.01601	0.01122	0.45153	0.02584	0.30667	0.01932	0.01799	0.01290	0.00785	0.00648	0.00196	0.00649	0.00608	0.00705	0.01099
14	0.00793	0.00567	0.00755	0.00896	0.00938	0.00529	0.00600	0.00914	0.01263	0.01691	0.06646	0.73667	0.04355	0.01993	0.00822	0.00260	0.00372	0.01807	0.00605	0.00529
15	0.04078	0.00954	0.01139	0.01105	0.04480	0.01003	0.00745	0.12962	0.01439	0.07214	0.02070	0.11178	0.02150	0.38925	0.02042	0.00424	0.03966	0.03005	0.00485	0.00636
16	0.01484	0.01634	0.03363	0.06817	0.03164	0.01584	0.55932	0.01971	0.01457	0.02010	0.01251	0.01684	0.00962	0.00588	0.00832	0.00212	0.06530	0.00706	0.00326	0.07494
17	0.00817	0.00657	0.00729	0.00711	0.00905	0.00568	0.00533	0.01031	0.01599	0.02045	0.30025	0.05726	0.49333	0.01525	0.00763	0.00213	0.00319	0.01295	0.00639	0.00568
18	0.00942	0.00634	0.00736	0.00741	0.00753	0.00641	0.00438	0.00966	0.00964	0.01290	0.02065	0.04232	0.02352	0.70457	0.07429	0.00640	0.00691	0.03224	0.00396	0.00409
19	0.04022	0.01369	0.02020	0.10657	0.40539	0.04505	0.01538	0.01947	0.04796	0.06320	0.07119	0.02340	0.08508	0.00774	0.00653	0.00199	0.00685	0.00694	0.00420	0.00896
20	0.01595	0.01547	0.02690	0.03896	0.69309	0.01541	0.05882	0.01988	0.01474	0.02109	0.01221	0.01607	0.01021	0.00574	0.00647	0.00193	0.00786	0.00586	0.00320	0.01015
21	0.00829	0.00594	0.00785	0.00921	0.00980	0.00561	0.00647	0.00964	0.01268	0.01675	0.03590	0.60927	0.06863	0.05483	0.00947	0.00283	0.00415	0.11151	0.00589	0.00529
22	0.00940	0.00626	0.00705	0.00705	0.00705	0.00626	0.00392	0.00940	0.00940	0.01253	0.02036	0.04228	0.02349	0.77292	0.03289	0.00626	0.00626	0.00940	0.00392	0.00392
23	0.04674	0.07414	0.15051	0.01664	0.08089	0.04426	0.03638	0.21353	0.08345	0.13820	0.01776	0.01796	0.03584	0.00738	0.00622	0.00196	0.00725	0.00587	0.00517	0.00987
24	0.01310	0.01129	0.01876	0.65861	0.06022	0.01367	0.01694	0.01714	0.01327	0.05922	0.01345	0.05249	0.01068	0.00717	0.00654	0.00216	0.00818	0.00638	0.00333	0.00740
25	0.59533	0.01687	0.06628	0.01066	0.01486	0.13469	0.00922	0.01993	0.01238	0.02563	0.00968	0.01151	0.00766	0.00778	0.03349	0.00228	0.00692	0.00384	0.00377	0.00722
26	0.01549	0.35555	0.12110	0.01662	0.02194	0.02004	0.18966	0.01874	0.01308	0.01707	0.01042	0.01356	0.00886	0.00726	0.00852	0.04974	0.09629	0.00506	0.00290	0.00809
27	0.00801	0.00576	0.00763	0.00907	0.00957	0.00538	0.00621	0.00926	0.01260	0.01669	0.03668	0.70220	0.06883	0.01996	0.00826	0.00263	0.00385	0.05613	0.00600	0.00530
28	0.01801	0.01592	0.01652	0.03671	0.03608	0.12809	0.04136	0.15685	0.23950	0.05371	0.09533	0.02709	0.02121	0.00929	0.00681	0.00211	0.00681	0.07386	0.00576	0.00897
29	0.01239	0.00996	0.01125	0.01006	0.01296	0.02943	0.00770	0.10250	0.03626	0.02251	0.11933	0.24072	0.09175	0.01262	0.00693	0.00198	0.00470	0.05039	0.00559	0.21095
30	0.03389	0.04836	0.01900	0.09556	0.11087	0.04389	0.03211	0.18138	0.05461	0.08533	0.04116	0.01994	0.05601	0.00799	0.00766	0.00197	0.07650	0.00627	0.00483	0.07268

[dist]
# distance from previous block
# <min> <max>
0	12

[block]
# block no. 2 follows, 34 sequences, length 23
# corresponding to MSA columns:
# 91-113
name=unknown_C
#
# <colnr> <probs for GDERKNQSTAVLIFYWHMCP>
#	G	D	E	R	K	N	Q	S	T	A	V	L	I	F	Y	W	H	M	C	P
0	0.01382	0.07391	0.08112	0.02408	0.31124	0.01343	0.05469	0.01710	0.01398	0.03912	0.02064	0.15569	0.06043	0.00995	0.00755	0.00215	0.04458	0.04405	0.00406	0.00840
1	0.01513	0.01754	0.11030	0.02702	0.19406	0.01482	0.38704	0.01993	0.01475	0.04756	0.01459	0.05858	0.01213	0.02727	0.00785	0.00223	0.00927	0.00746	0.00354	0.00893
2	0.00905	0.00612	0.00715	0.00749	0.00758	0.00603	0.00439	0.00930	0.01008	0.01344	0.02386	0.20883	0.02790	0.60036	0.02724	0.00543	0.00569	0.01145	0.00439	0.00422
3	0.01686	0.01381	0.01433	0.08489	0.05192	0.11806	0.01007	0.11917	0.09009	0.09750	0.10734	0.02880	0.08395	0.12250	0.01055	0.00263	0.00661	0.00773	0.00534	0.00787
4	0.01539	0.09980	0.22506	0.02204	0.10295	0.08223	0.24684	0.02091	0.04605	0.01975	0.01354	0.05126	0.01113	0.00664	0.00655	0.00201	0.00924	0.00640	0.00334	0.00886
5	0.01122	0.00561	0.00842	0.00842	0.00842	0.00561	0.00561	0.00842	0.00842	0.01122	0.01122	0.01964	0.01122	0.02245	0.02525	0.81201	0.00561	0.00561	0.00281	0.00281
6	0.01182	0.00600	0.00610	0.00618	0.00763	0.00598	0.00460	0.01473	0.01349	0.02368	0.02187	0.06447	0.01798	0.00822	0.00472	0.00157	0.00305	0.00669	0.76525	0.00598
7	0.01305	0.01244	0.02136	0.59232	0.17800	0.01462	0.04239	0.01730	0.01335	0.01755	0.01167	0.01699	0.00897	0.00629	0.00649	0.00211	0.00851	0.00581	0.00295	0.00783
8	0.01575	0.01533	0.02683	0.07335	0.64451	0.01538	0.07387	0.01974	0.01467	0.02085	0.01219	0.01616	0.01012	0.00577	0.00650	0.00195	0.00797	0.00590	0.00319	0.00997
9	0.01219	0.00779	0.00986	0.00984	0.01178	0.00749	0.00759	0.01599	0.08658	0.11567	0.17057	0.25052	0.11517	0.01523	0.00778	0.00240	0.00433	0.13587	0.00653	0.00683
10	0.00925	0.00686	0.01006	0.01006	0.01110	0.00790	0.00767	0.01133	0.01029	0.01476	0.01760	0.02702	0.01686	0.11852	0.67822	0.00999	0.01624	0.00716	0.00351	0.00559
11	0.08664	0.06410	0.38595	0.01531	0.02175	0.10839	0.01687	0.05521	0.03367	0.02143	0.04085	0.07602	0.01399	0.00799	0.00613	0.00203	0.00824	0.02319	0.00372	0.00852
12	0.02283	0.01872	0.01756	0.01432	0.01878	0.15203	0.01148	0.39024	0.14078	0.09120	0.01894	0.01848	0.03875	0.00806	0.00641	0.00194	0.00734	0.00610	0.00602	0.01001
13	0.00947	0.00634	0.00745	0.00745	0.00765	0.00649	0.00448	0.00989	0.00968	0.01328	0.01999	0.03939	0.02227	0.64951	0.12538	0.00663	0.00759	0.00895	0.03387	0.00424
14	0.01599	0.01535	0.02623	0.03966	0.73262	0.01535	0.01983	0.01983	0.01471	0.02111	0.01215	0.01599	0.01023	0.00576	0.00640	0.00192	0.00768	0.00576	0.00320	0.01023
15	0.01999	0.05035	0.01677	0.05358	0.01867	0.13809	0.01093	0.21474	0.17062	0.10499	0.05573	0.04745	0.05215	0.00878	0.00646	0.00198	0.00683	0.00694	0.00576	0.00920
16	0.01634	0.01535	0.02472	0.05747	0.59457	0.03338	0.03845	0.05941	0.01560	0.02211	0.01277	0.01636	0.01050	0.00600	0.00633	0.00191	0.00762	0.00579	0.04548	0.00985
17	0.00797	0.00579	0.00756	0.00892	0.00951	0.00537	0.00612	0.00923	0.01270	0.01671	0.03814	0.67375	0.10215	0.01979	0.00823	0.00260	0.00381	0.05035	0.00600	0.00530
18	0.00861	0.00585	0.00773	0.00900	0.00960	0.00541	0.00608	0.00980	0.01267	0.04206	0.03631	0.71720	0.06616	0.01967	0.00816	0.00259	0.00379	0.01778	0.00607	0.00546
19	0.06881	0.01432	0.04026	0.01709	0.09767	0.05168	0.09173	0.14785	0.01749	0.10428	0.06733	0.09843	0.01887	0.02762	0.03447	0.00253	0.05294	0.03311	0.00506	0.00847
20	0.00993	0.00691	0.00759	0.00744	0.00932	0.00641	0.00552	0.01297	0.05483	0.04065	0.16734	0.10254	0.33286	0.03834	0.00779	0.00218	0.00348	0.01144	0.16643	0.00604
21	0.00810	0.00681	0.00708	0.00719	0.00927	0.00594	0.00541	0.01042	0.04316	0.01784	0.06053	0.11304	0.62521	0.01640	0.00769	0.00224	0.00348	0.03852	0.00602	0.00565
22	0.02396	0.01730	0.04128	0.01505	0.02033	0.01798	0.04854	0.52348	0.06023	0.13926	0.01723	0.01690	0.01198	0.00767	0.00652	0.00198	0.00705	0.00605	0.00641	0.01079

[dist]
# distance from previous block
# <min> <max>
0	1

[block]
# block no. 3 follows, 34 sequences, length 24
# corresponding to MSA columns:
# 115-138
name=unknown_D
#
# <colnr> <probs for GDERKNQSTAVLIFYWHMCP>
#	G	D	E	R	K	N	Q	S	T	A	V	L	I	F	Y	W	H	M	C	P
0	0.00942	0.00685	0.00812	0.00823	0.00983	0.00632	0.00595	0.01213	0.05399	0.04743	0.20730	0.26613	0.27441	0.04312	0.00862	0.00242	0.00366	0.01381	0.00630	0.00597
1	0.01519	0.05527	0.03756	0.06894	0.01995	0.01364	0.05694	0.08315	0.15045	0.02302	0.01452	0.01607	0.01143	0.00637	0.00636	0.00159	0.04128	0.00516	0.00435	0.36875
2	0.00984	0.01017	0.09654	0.05051	0.03697	0.00787	0.00817	0.01181	0.01238	0.01670	0.12197	0.08126	0.12235	0.36447	0.01908	0.00405	0.00585	0.00991	0.00453	0.00557
3	0.01308	0.02948	0.60536	0.01746	0.02558	0.01499	0.02141	0.02075	0.06447	0.02086	0.04592	0.01604	0.01150	0.00700	0.00724	0.00211	0.05892	0.00534	0.00322	0.00927
4	0.01918	0.01843	0.01553	0.01370	0.01729	0.21684	0.01062	0.13110	0.35818	0.02571	0.01971	0.01940	0.01499	0.00792	0.00616	0.00194	0.00701	0.00610	0.08100	0.00919
5	0.02456	0.01810	0.01939	0.01487	0.02004	0.02004	0.01228	0.71107	0.03038	0.04072	0.01551	0.01551	0.01099	0.00776	0.00646	0.00194	0.00711	0.00582	0.00646	0.01099
6	0.00786	0.00568	0.00743	0.00883	0.00933	0.00526	0.00592	0.00902	0.01253	0.01656	0.03761	0.72131	0.08883	0.01998	0.00821	0.00259	0.00372	0.01805	0.00600	0.00526
7	0.24884	0.01265	0.01364	0.01115	0.01545	0.01326	0.00908	0.14876	0.09844	0.26943	0.07944	0.02006	0.01682	0.00792	0.00589	0.00201	0.00539	0.00606	0.00635	0.00935
8	0.00795	0.00573	0.00756	0.00900	0.00949	0.00533	0.00611	0.00916	0.01256	0.01663	0.03683	0.71433	0.07163	0.01999	0.00825	0.00262	0.00381	0.04176	0.00600	0.00528
9	0.01727	0.77681	0.03386	0.01106	0.01658	0.02557	0.01106	0.01935	0.01313	0.01520	0.00898	0.01036	0.00829	0.00553	0.00415	0.00138	0.00691	0.00345	0.00276	0.00829
10	0.01719	0.01029	0.01096	0.00926	0.01218	0.01083	0.00737	0.24420	0.01937	0.07351	0.01953	0.02115	0.01470	0.00763	0.00528	0.00168	0.00451	0.00598	0.49644	0.00796
11	0.00844	0.00653	0.00946	0.00988	0.01088	0.00604	0.04997	0.01007	0.01331	0.01777	0.10562	0.59928	0.09152	0.01834	0.00810	0.00251	0.00409	0.01669	0.00594	0.00556
12	0.01727	0.77681	0.03386	0.01106	0.01658	0.02557	0.01106	0.01935	0.01313	0.01520	0.00898	0.01036	0.00829	0.00553	0.00415	0.00138	0.00691	0.00345	0.00276	0.00829
13	0.01396	0.00883	0.01078	0.00976	0.01222	0.00862	0.00746	0.07425	0.09134	0.13871	0.30408	0.16751	0.10023	0.01298	0.00735	0.00215	0.00413	0.01127	0.00685	0.00751
14	0.00924	0.00688	0.01016	0.01016	0.01124	0.00796	0.00780	0.01140	0.01032	0.01484	0.01751	0.02651	0.01664	0.09665	0.69979	0.01011	0.01657	0.00709	0.00349	0.00565
15	0.00953	0.00694	0.00930	0.01054	0.01189	0.00672	0.00872	0.01198	0.01449	0.01878	0.06318	0.20771	0.12365	0.01797	0.00859	0.00278	0.00509	0.45038	0.00601	0.00576
16	0.01502	0.01643	0.03415	0.11215	0.14353	0.01596	0.52353	0.02009	0.01490	0.02029	0.01275	0.01718	0.00974	0.00561	0.00730	0.00214	0.01013	0.00712	0.00321	0.00878
17	0.00875	0.00615	0.00826	0.00964	0.01039	0.00589	0.00713	0.01049	0.01325	0.01780	0.05337	0.53399	0.04074	0.01893	0.00827	0.00266	0.00429	0.19814	0.03637	0.00549
18	0.00891	0.00618	0.00782	0.00877	0.00982	0.00563	0.00622	0.01033	0.01332	0.04811	0.04158	0.53443	0.19098	0.01870	0.00808	0.00252	0.00387	0.06305	0.00608	0.00559
19	0.01466	0.08204	0.52288	0.01753	0.02496	0.09900	0.02053	0.02040	0.01368	0.01898	0.01086	0.01325	0.00824	0.00678	0.00778	0.00205	0.09990	0.00472	0.00281	0.00893
20	0.01154	0.01068	0.01895	0.01592	0.01849	0.01075	0.22947	0.03641	0.01380	0.01872	0.02478	0.35712	0.02699	0.01521	0.03545	0.00278	0.07083	0.07059	0.00479	0.00676
21	0.01296	0.03342	0.73944	0.01842	0.02797	0.01501	0.02387	0.02046	0.01364	0.02046	0.01160	0.01364	0.00818	0.00614	0.00614	0.00205	0.00955	0.00477	0.00273	0.00955
22	0.02560	0.01644	0.01836	0.01408	0.01921	0.01758	0.01163	0.55234	0.02760	0.20337	0.01784	0.01703	0.01216	0.00781	0.00647	0.00195	0.00673	0.00598	0.00682	0.01099
23	0.03142	0.01187	0.10546	0.00988	0.01330	0.00940	0.00884	0.01702	0.17092	0.02168	0.15912	0.04371	0.34757	0.01254	0.00711	0.00214	0.00451	0.01048	0.00583	0.00720

[dist]
# distance from previous block
# <min> <max>
0	4

[block]
# block no. 4 follows, 34 sequences, length 26
# corresponding to MSA columns:
# 143-168
name=unknown_E
#
# <colnr> <probs for GDERKNQSTAVLIFYWHMCP>
#	G	D	E	R	K	N	Q	S	T	A	V	L	I	F	Y	W	H	M	C	P
0	0.05780	0.01747	0.03549	0.10050	0.23578	0.10904	0.06606	0.17568	0.01806	0.02432	0.01317	0.01754	0.01079	0.00724	0.00732	0.00204	0.05421	0.03437	0.00405	0.00908
1	0.01601	0.09803	0.16788	0.02106	0.23841	0.01413	0.01530	0.04884	0.01542	0.08575	0.07575	0.01784	0.01449	0.00659	0.00596	0.00175	0.00688	0.00559	0.00407	0.14026
2	0.13975	0.48955	0.10397	0.01206	0.01760	0.07968	0.01198	0.04908	0.01400	0.01899	0.00962	0.01106	0.00820	0.00585	0.00457	0.00159	0.00729	0.00376	0.00315	0.00828
3	0.05825	0.09867	0.01663	0.01130	0.01595	0.01223	0.00947	0.08160	0.03838	0.47934	0.09163	0.02232	0.01889	0.00815	0.00623	0.00193	0.00551	0.00651	0.00698	0.01001
4	0.01479	0.01154	0.01358	0.00987	0.01547	0.00897	0.00791	0.01822	0.04113	0.08045	0.01321	0.01452	0.01049	0.00520	0.00500	0.00109	0.00486	0.00418	0.00428	0.71525
5	0.00927	0.00644	0.00810	0.00818	0.00855	0.00678	0.00531	0.01004	0.00985	0.01349	0.02017	0.07303	0.02217	0.51118	0.25302	0.00736	0.00956	0.00907	0.00388	0.00456
6	0.00940	0.00626	0.00705	0.00705	0.00705	0.00626	0.00392	0.00940	0.00940	0.01253	0.02036	0.04228	0.02349	0.77292	0.03289	0.00626	0.00626	0.00940	0.00392	0.00392
7	0.01400	0.01147	0.01346	0.00964	0.01536	0.00865	0.00773	0.01686	0.01360	0.04877	0.01203	0.01373	0.00982	0.00491	0.00485	0.00100	0.00481	0.00393	0.00399	0.78140
8	0.02361	0.02970	0.01807	0.01642	0.01977	0.69972	0.01234	0.02635	0.06375	0.01654	0.01104	0.01246	0.00906	0.00679	0.00587	0.00170	0.01123	0.00436	0.00354	0.00767
9	0.01545	0.01479	0.02502	0.06229	0.67355	0.01483	0.01903	0.01920	0.01465	0.02077	0.01477	0.01832	0.04578	0.00631	0.00646	0.00194	0.00749	0.00615	0.00333	0.00989
10	0.01738	0.01453	0.01535	0.01341	0.01730	0.01668	0.01054	0.13842	0.61473	0.02914	0.02464	0.02279	0.01838	0.00861	0.00656	0.00215	0.00542	0.00708	0.00656	0.01034
11	0.00835	0.00587	0.00757	0.00858	0.00891	0.00569	0.00559	0.00926	0.01147	0.01537	0.03049	0.53297	0.03604	0.21652	0.06241	0.00407	0.00528	0.01531	0.00530	0.00494
12	0.04450	0.01386	0.02368	0.32008	0.38972	0.01499	0.06318	0.01855	0.01390	0.01957	0.01183	0.01636	0.00945	0.00602	0.00641	0.00203	0.00815	0.00579	0.00310	0.00881
13	0.01913	0.01591	0.02149	0.04520	0.39350	0.09994	0.03023	0.07659	0.01681	0.12924	0.01490	0.01708	0.01141	0.00651	0.00622	0.00188	0.00748	0.00575	0.07109	0.00963
14	0.00794	0.00565	0.00748	0.00891	0.00927	0.00529	0.00590	0.00902	0.01224	0.01631	0.03492	0.73557	0.04186	0.05457	0.00937	0.00279	0.00386	0.01796	0.00590	0.00519
15	0.00810	0.00642	0.00732	0.00766	0.00932	0.00564	0.00569	0.00993	0.01477	0.01864	0.15609	0.21100	0.43745	0.01682	0.00785	0.00231	0.00352	0.05979	0.00616	0.00554
16	0.01212	0.01140	0.04615	0.01230	0.04183	0.05457	0.06992	0.03695	0.05165	0.04599	0.29219	0.08590	0.18887	0.01208	0.00731	0.00209	0.00515	0.01060	0.00586	0.00705
17	0.02819	0.01118	0.01497	0.01160	0.01651	0.00990	0.00954	0.03167	0.06207	0.69304	0.02554	0.02212	0.01623	0.00804	0.00650	0.00201	0.00547	0.00655	0.00791	0.01095
18	0.00810	0.00593	0.00767	0.00896	0.00970	0.00550	0.00630	0.00948	0.01295	0.01692	0.03952	0.60155	0.13539	0.01947	0.00823	0.00260	0.00391	0.08648	0.00599	0.00535
19	0.01034	0.00586	0.00785	0.00794	0.00796	0.00583	0.00500	0.00882	0.00902	0.01202	0.01608	0.07263	0.01767	0.30179	0.02708	0.46380	0.00574	0.00778	0.00341	0.00336
20	0.01704	0.09718	0.11379	0.06717	0.19241	0.06949	0.10687	0.13037	0.01684	0.02276	0.01259	0.01541	0.00991	0.00655	0.00687	0.00193	0.04463	0.00555	0.05358	0.00907
21	0.02117	0.01505	0.01623	0.01287	0.01708	0.01657	0.01051	0.53220	0.02586	0.03589	0.01671	0.01779	0.01239	0.01024	0.05205	0.00238	0.00694	0.00593	0.16245	0.00970
22	0.01955	0.18619	0.09218	0.01546	0.04670	0.36114	0.01287	0.04552	0.05210	0.01806	0.01384	0.01508	0.04485	0.00687	0.00562	0.00168	0.00907	0.00480	0.00357	0.04484
23	0.00913	0.00822	0.04478	0.00934	0.01090	0.00734	0.00745	0.01098	0.01273	0.01667	0.05267	0.16924	0.23822	0.13982	0.10839	0.00408	0.04456	0.09486	0.00504	0.00558
24	0.17755	0.06543	0.09811	0.04405	0.09444	0.05009	0.09376	0.03426	0.01441	0.06873	0.03647	0.01718	0.04122	0.00658	0.00570	0.00181	0.00697	0.00545	0.00400	0.13378
25	0.18776	0.15868	0.16187	0.01537	0.05524	0.06092	0.05320	0.15071	0.01683	0.06566	0.01211	0.01342	0.00913	0.00638	0.00548	0.00187	0.00753	0.00473	0.00409	0.00900

[dist]
# distance from previous block
# <min> <max>
1	5

[block]
# block no. 5 follows, 34 sequences, length 41
# corresponding to MSA columns:
# 174-214
name=unknown_F
#
# <colnr> <probs for GDERKNQSTAVLIFYWHMCP>
#	G	D	E	R	K	N	Q	S	T	A	V	L	I	F	Y	W	H	M	C	P
0	0.06662	0.35123	0.11268	0.01346	0.05254	0.08084	0.01224	0.05519	0.01509	0.03385	0.06082	0.01988	0.06002	0.00758	0.00544	0.00175	0.00702	0.03174	0.00382	0.00817
1	0.04585	0.03518	0.01566	0.03484	0.10691	0.07585	0.01042	0.07209	0.07386	0.19965	0.02263	0.07815	0.06879	0.05661	0.00800	0.00220	0.00620	0.00738	0.00544	0.07429
2	0.02011	0.01643	0.05417	0.09676	0.16180	0.05782	0.01402	0.25249	0.06485	0.12505	0.03673	0.01927	0.03587	0.00760	0.00648	0.00198	0.00718	0.00625	0.00530	0.00981
3	0.01959	0.18392	0.02041	0.01380	0.01802	0.19306	0.01127	0.13532	0.29155	0.02394	0.01696	0.01681	0.01316	0.00740	0.00585	0.00185	0.00738	0.00549	0.00496	0.00927
4	0.81856	0.01250	0.00950	0.00850	0.01250	0.01449	0.00700	0.01899	0.01100	0.02899	0.00900	0.01050	0.00700	0.00600	0.00400	0.00200	0.00500	0.00350	0.00400	0.00700
5	0.01583	0.01940	0.18268	0.02157	0.02740	0.01567	0.35906	0.02070	0.01443	0.09326	0.03098	0.01731	0.01114	0.00701	0.00942	0.00223	0.13279	0.00667	0.00366	0.00879
6	0.02456	0.01810	0.01939	0.01487	0.02004	0.02004	0.01228	0.71107	0.03038	0.04072	0.01551	0.01551	0.01099	0.00776	0.00646	0.00194	0.00711	0.00582	0.00646	0.01099
7	0.07810	0.01863	0.16509	0.01947	0.13057	0.06556	0.11963	0.03677	0.12606	0.03771	0.03749	0.04302	0.07765	0.00799	0.00653	0.00206	0.00753	0.00703	0.00432	0.00878
8	0.02386	0.06280	0.01906	0.01629	0.01983	0.67178	0.01241	0.06654	0.01881	0.01728	0.01027	0.01183	0.00848	0.00667	0.00579	0.00167	0.01117	0.00423	0.00349	0.00774
9	0.01478	0.01025	0.01236	0.00988	0.01373	0.00907	0.00764	0.06282	0.03739	0.11204	0.07352	0.04002	0.01821	0.11656	0.08113	0.00296	0.00629	0.00643	0.00491	0.35999
10	0.00847	0.00658	0.00774	0.00798	0.00950	0.00600	0.00578	0.01102	0.04331	0.01994	0.24275	0.26586	0.30894	0.01632	0.00777	0.00227	0.00342	0.01423	0.00634	0.00577
11	0.00856	0.00605	0.00748	0.00799	0.00890	0.00556	0.00548	0.00947	0.01300	0.01698	0.13376	0.32600	0.21392	0.09141	0.01253	0.10458	0.00401	0.01378	0.00555	0.00498
12	0.04788	0.01028	0.03590	0.01156	0.03578	0.05435	0.03874	0.01440	0.07387	0.01955	0.10232	0.34479	0.13427	0.01484	0.00747	0.00233	0.00499	0.03462	0.00558	0.00649
13	0.01226	0.02778	0.57741	0.01684	0.02439	0.01381	0.02048	0.01844	0.01308	0.01942	0.01417	0.08759	0.01212	0.01085	0.06098	0.00275	0.04949	0.00629	0.00310	0.00873
14	0.00940	0.00626	0.00705	0.00705	0.00705	0.00626	0.00392	0.00940	0.00940	0.01253	0.02036	0.04228	0.02349	0.77292	0.03289	0.00626	0.00626	0.00940	0.00392	0.00392
15	0.01378	0.01013	0.01212	0.01165	0.04181	0.01049	0.00848	0.10970	0.17222	0.06559	0.25886	0.16538	0.06840	0.01233	0.00724	0.00216	0.00449	0.01071	0.00655	0.00790
16	0.01586	0.20752	0.41331	0.01746	0.04995	0.06501	0.05740	0.03974	0.01459	0.04588	0.01159	0.01339	0.00875	0.00609	0.00576	0.00186	0.00885	0.00471	0.00312	0.00919
17	0.01842	0.01773	0.05031	0.02874	0.41843	0.09109	0.01664	0.12570	0.10030	0.04756	0.01451	0.01653	0.01137	0.00659	0.00636	0.00194	0.00770	0.00577	0.00423	0.01006
18	0.00923	0.00692	0.01038	0.01038	0.01154	0.00808	0.00808	0.01154	0.01038	0.01500	0.01731	0.02538	0.01615	0.04846	0.74732	0.01038	0.01731	0.00692	0.00346	0.00577
19	0.00924	0.00688	0.01018	0.01018	0.01127	0.00797	0.00783	0.01141	0.01033	0.01485	0.01749	0.02640	0.01659	0.09183	0.70455	0.01014	0.01665	0.00707	0.00349	0.00566
20	0.01577	0.01520	0.02627	0.05642	0.53474	0.01528	0.11420	0.04228	0.04647	0.02164	0.01383	0.04333	0.01173	0.00645	0.00664	0.00200	0.00788	0.00653	0.00355	0.00978
21	0.01700	0.01730	0.06479	0.08776	0.38151	0.09745	0.01650	0.05944	0.01574	0.04714	0.01240	0.01527	0.00992	0.00599	0.00609	0.00178	0.00778	0.00526	0.00361	0.12727
22	0.01116	0.00967	0.01013	0.00992	0.01092	0.09994	0.00708	0.01253	0.01101	0.01418	0.01753	0.02996	0.01791	0.31334	0.38809	0.00776	0.01248	0.00750	0.00361	0.00529
23	0.04234	0.00858	0.01098	0.00941	0.01217	0.00794	0.00727	0.01977	0.04225	0.27699	0.36300	0.03630	0.03820	0.08450	0.00951	0.00243	0.00436	0.00921	0.00700	0.00780
24	0.01727	0.77681	0.03386	0.01106	0.01658	0.02557	0.01106	0.01935	0.01313	0.01520	0.00898	0.01036	0.00829	0.00553	0.00415	0.00138	0.00691	0.00345	0.00276	0.00829
25	0.00802	0.00652	0.00711	0.00705	0.00899	0.00561	0.00525	0.00999	0.01551	0.01951	0.22899	0.08976	0.53365	0.01575	0.00766	0.00216	0.00324	0.01336	0.00628	0.00561
26	0.01525	0.01743	0.03813	0.02723	0.03377	0.01634	0.70915	0.02070	0.01525	0.02070	0.01307	0.01743	0.00980	0.00545	0.00763	0.00218	0.01089	0.00763	0.00327	0.00871
27	0.00930	0.00663	0.00890	0.00890	0.00954	0.00727	0.00622	0.01058	0.00994	0.01390	0.01867	0.03291	0.01942	0.37102	0.42923	0.00855	0.01239	0.00802	0.00366	0.00494
28	0.00923	0.00692	0.01038	0.01038	0.01154	0.00808	0.00808	0.01154	0.01038	0.01500	0.01731	0.02538	0.01615	0.04846	0.74732	0.01038	0.01731	0.00692	0.00346	0.00577
29	0.01111	0.00825	0.00908	0.00868	0.00970	0.00879	0.00566	0.01598	0.19352	0.01698	0.05965	0.03791	0.02451	0.53522	0.02475	0.00499	0.00580	0.00898	0.00477	0.00566
30	0.01516	0.01726	0.03550	0.02572	0.03176	0.04492	0.63917	0.02020	0.01520	0.02025	0.01430	0.06217	0.01172	0.00638	0.00759	0.00218	0.01050	0.00813	0.00343	0.00846
31	0.02439	0.01477	0.01693	0.01331	0.01802	0.01548	0.01086	0.40877	0.06613	0.26043	0.02064	0.06708	0.01517	0.00871	0.00660	0.00202	0.00626	0.00694	0.00693	0.01057
32	0.01296	0.03342	0.73944	0.01842	0.02797	0.01501	0.02387	0.02046	0.01364	0.02046	0.01160	0.01364	0.00818	0.00614	0.00614	0.00205	0.00955	0.00477	0.00273	0.00955
33	0.00881	0.00619	0.00757	0.00834	0.00868	0.00607	0.00529	0.01010	0.03722	0.01524	0.02894	0.43995	0.03390	0.33205	0.01841	0.00412	0.00484	0.01424	0.00516	0.00488
34	0.04945	0.01946	0.01598	0.01449	0.04002	0.33389	0.03427	0.05307	0.03693	0.13831	0.08988	0.06629	0.06255	0.00896	0.00644	0.00191	0.00801	0.00704	0.00505	0.00801
35	0.10448	0.14310	0.05156	0.01948	0.09661	0.11631	0.20520	0.06376	0.03953	0.02117	0.01311	0.04766	0.01109	0.00802	0.02981	0.00219	0.00877	0.00604	0.00368	0.00843
36	0.05236	0.00671	0.00820	0.00900	0.01005	0.00645	0.00625	0.03422	0.01325	0.04587	0.03516	0.59384	0.09539	0.04031	0.00856	0.00261	0.00403	0.01604	0.00592	0.00574
37	0.00897	0.00696	0.00965	0.00990	0.01096	0.00667	0.04803	0.01129	0.05222	0.01732	0.05975	0.52673	0.08696	0.09961	0.01072	0.00291	0.00447	0.01555	0.00568	0.00564
38	0.01455	0.07125	0.26218	0.04706	0.03737	0.01343	0.02989	0.06315	0.06244	0.04823	0.03549	0.05830	0.01354	0.00717	0.00593	0.00178	0.00695	0.00590	0.02761	0.18779
39	0.01659	0.34438	0.19717	0.01416	0.02003	0.03663	0.03398	0.09804	0.08932	0.02077	0.01322	0.04047	0.01104	0.00699	0.00596	0.00181	0.03160	0.00517	0.00371	0.00894
40	0.07887	0.03917	0.13228	0.01569	0.06221	0.08314	0.04981	0.20508	0.01862	0.05353	0.01621	0.06319	0.03639	0.00767	0.00610	0.00186	0.00729	0.00617	0.00460	0.11212

[dist]
# distance from previous block
# <min> <max>
0	12

[block]
# block no. 6 follows, 34 sequences, length 18
# corresponding to MSA columns:
# 227-244
name=unknown_G
#
# <colnr> <probs for GDERKNQSTAVLIFYWHMCP>
#	G	D	E	R	K	N	Q	S	T	A	V	L	I	F	Y	W	H	M	C	P
0	0.01433	0.01587	0.12208	0.01428	0.01862	0.05131	0.09240	0.11429	0.10696	0.02340	0.06519	0.12156	0.07958	0.01058	0.00702	0.00213	0.00666	0.06651	0.00511	0.06211
1	0.05776	0.01518	0.02028	0.02114	0.19870	0.09530	0.11762	0.08341	0.01621	0.02194	0.05392	0.02559	0.12360	0.00884	0.00793	0.00208	0.07151	0.02603	0.02477	0.00818
2	0.10741	0.01549	0.01450	0.01472	0.09230	0.16235	0.01016	0.16829	0.01829	0.02453	0.07209	0.14270	0.08736	0.01033	0.00647	0.00202	0.00655	0.00840	0.02824	0.00780
3	0.03295	0.00821	0.01059	0.01027	0.01268	0.00776	0.00843	0.01722	0.03621	0.18098	0.14130	0.06872	0.12529	0.03825	0.00858	0.00256	0.00497	0.27142	0.00650	0.00710
4	0.23493	0.01340	0.01480	0.01166	0.01645	0.01379	0.00963	0.22040	0.01989	0.35434	0.01834	0.01714	0.01222	0.00740	0.00583	0.00198	0.00582	0.00552	0.00651	0.00994
5	0.01599	0.01535	0.02623	0.03966	0.73262	0.01535	0.01983	0.01983	0.01471	0.02111	0.01215	0.01599	0.01023	0.00576	0.00640	0.00192	0.00768	0.00576	0.00320	0.01023
6	0.01122	0.00561	0.00842	0.00842	0.00842	0.00561	0.00561	0.00842	0.00842	0.01122	0.01122	0.01964	0.01122	0.02245	0.02525	0.81201	0.00561	0.00561	0.00281	0.00281
7	0.00840	0.00621	0.00792	0.00908	0.00984	0.00592	0.00627	0.01057	0.04934	0.01752	0.06070	0.62851	0.09659	0.01903	0.00811	0.00256	0.00383	0.03798	0.00606	0.00557
8	0.01997	0.01280	0.01521	0.01381	0.06058	0.01343	0.01029	0.13133	0.28358	0.22334	0.08467	0.02479	0.03878	0.00876	0.00659	0.00205	0.00540	0.00727	0.02737	0.00997
9	0.00969	0.00675	0.00830	0.00889	0.01023	0.00631	0.00635	0.01220	0.05712	0.05978	0.07409	0.46591	0.19513	0.01755	0.00790	0.00244	0.00386	0.03531	0.00620	0.00600
10	0.01316	0.00791	0.00998	0.00949	0.01162	0.00767	0.00766	0.05855	0.01733	0.10387	0.30136	0.04513	0.03873	0.01243	0.00719	0.00217	0.00430	0.18130	0.15326	0.00689
11	0.02414	0.03079	0.01831	0.01665	0.01998	0.74698	0.01248	0.02580	0.01831	0.01581	0.00999	0.01165	0.00832	0.00666	0.00583	0.00166	0.01165	0.00416	0.00333	0.00749
12	0.01553	0.01646	0.01958	0.01692	0.01738	0.12111	0.01391	0.01698	0.01107	0.01559	0.00869	0.01379	0.00846	0.01066	0.01906	0.00267	0.65668	0.00545	0.00290	0.00713
13	0.01689	0.69795	0.06947	0.01175	0.01719	0.02472	0.01188	0.01920	0.01298	0.01549	0.00909	0.01073	0.00830	0.00587	0.00516	0.00149	0.04715	0.00364	0.00277	0.00829
14	0.01844	0.02097	0.06372	0.04714	0.06448	0.32851	0.01213	0.09968	0.03677	0.02154	0.11488	0.06588	0.01905	0.00855	0.00634	0.00187	0.00828	0.00668	0.04724	0.00785
15	0.01466	0.01436	0.02095	0.01744	0.01837	0.01901	0.07364	0.05853	0.01164	0.01752	0.00968	0.01498	0.00908	0.01216	0.04994	0.00304	0.61860	0.00589	0.00312	0.00740
16	0.08108	0.00750	0.00841	0.00823	0.00995	0.00803	0.00627	0.05697	0.01345	0.02235	0.02062	0.11762	0.01863	0.01907	0.18728	0.00390	0.00704	0.00759	0.38977	0.00625
17	0.04219	0.17089	0.01926	0.01229	0.01671	0.01777	0.01036	0.30871	0.12575	0.07376	0.01746	0.04087	0.01355	0.00779	0.00578	0.00184	0.00606	0.00595	0.09352	0.00949

[dist]
# distance from previous block
# <min> <max>
0	6

[block]
# block no. 7 follows, 34 sequences, length 34
# corresponding to MSA columns:
# 251-284
name=unknown_H
#
# <colnr> <probs for GDERKNQSTAVLIFYWHMCP>
#	G	D	E	R	K	N	Q	S	T	A	V	L	I	F	Y	W	H	M	C	P
0	0.02092	0.11543	0.03789	0.01247	0.01724	0.04721	0.05918	0.06508	0.01759	0.31398	0.12819	0.02223	0.01998	0.00785	0.00622	0.00181	0.00612	0.00651	0.00596	0.08813
1	0.01582	0.44621	0.31867	0.01418	0.02132	0.02108	0.01629	0.04708	0.01402	0.01834	0.01030	0.01189	0.00835	0.00586	0.00504	0.00167	0.00799	0.00408	0.00290	0.00891
2	0.00798	0.00567	0.00747	0.00886	0.00921	0.00532	0.00586	0.00902	0.01217	0.01623	0.03458	0.71956	0.04143	0.07116	0.00991	0.00287	0.00392	0.01776	0.00586	0.00516
3	0.01338	0.10658	0.67001	0.01769	0.02685	0.01605	0.02261	0.02035	0.01359	0.01994	0.01134	0.01332	0.00820	0.00608	0.00594	0.00198	0.00929	0.00464	0.00273	0.00943
4	0.00856	0.00666	0.00783	0.00776	0.00959	0.00593	0.00596	0.01094	0.01628	0.02129	0.34855	0.05724	0.37317	0.01515	0.00776	0.00220	0.00344	0.07946	0.00647	0.00578
5	0.00935	0.00646	0.00805	0.00805	0.00840	0.00681	0.00517	0.01004	0.00969	0.01327	0.01944	0.03719	0.02128	0.55455	0.24824	0.00751	0.00959	0.00865	0.00378	0.00447
6	0.00914	0.00660	0.00864	0.00813	0.00965	0.00610	0.00610	0.01219	0.01829	0.02591	0.72921	0.04827	0.06097	0.01321	0.00762	0.00203	0.00305	0.01169	0.00711	0.00610
7	0.01879	0.01466	0.05915	0.01205	0.01753	0.01269	0.01031	0.24340	0.01954	0.11991	0.01554	0.04438	0.01206	0.00684	0.00577	0.00154	0.00588	0.00544	0.00524	0.36930
8	0.02112	0.02660	0.03990	0.01750	0.02128	0.54935	0.11248	0.02363	0.01763	0.01742	0.05872	0.01692	0.01293	0.00726	0.00631	0.00182	0.01073	0.02717	0.00364	0.00758
9	0.01340	0.01148	0.01340	0.00957	0.01531	0.00861	0.00766	0.01627	0.01340	0.02105	0.01148	0.01340	0.00957	0.00479	0.00479	0.00096	0.00479	0.00383	0.00383	0.81242
10	0.01340	0.01148	0.01340	0.00957	0.01531	0.00861	0.00766	0.01627	0.01340	0.02105	0.01148	0.01340	0.00957	0.00479	0.00479	0.00096	0.00479	0.00383	0.00383	0.81242
11	0.05621	0.01682	0.03198	0.02593	0.12260	0.01651	0.47441	0.09637	0.05002	0.02364	0.01364	0.01700	0.01032	0.00592	0.00711	0.00211	0.00949	0.00696	0.00380	0.00915
12	0.02334	0.01024	0.01331	0.01075	0.01491	0.00921	0.00868	0.02708	0.07717	0.51993	0.08718	0.05083	0.09841	0.00976	0.00677	0.00206	0.00497	0.00811	0.00753	0.00976
13	0.00894	0.00684	0.00836	0.00867	0.01044	0.00626	0.00696	0.01141	0.01583	0.02056	0.25375	0.06133	0.31727	0.01588	0.00803	0.00238	0.00403	0.22097	0.00632	0.00580
14	0.01349	0.03330	0.70531	0.01833	0.02759	0.04965	0.02333	0.02072	0.01386	0.02024	0.01152	0.01355	0.00819	0.00616	0.00612	0.00203	0.00965	0.00475	0.00276	0.00945
15	0.02352	0.10385	0.02007	0.01577	0.01964	0.54852	0.01231	0.14364	0.01987	0.02006	0.01084	0.01219	0.00878	0.00673	0.00577	0.00168	0.01039	0.00438	0.00381	0.00818
16	0.01288	0.14699	0.38767	0.01406	0.02050	0.04419	0.01616	0.01785	0.01468	0.02005	0.14313	0.02432	0.09480	0.00840	0.00622	0.00193	0.00739	0.00670	0.00388	0.00821
17	0.02416	0.01642	0.01778	0.01388	0.01883	0.04044	0.01135	0.45978	0.09511	0.17687	0.01824	0.01745	0.01271	0.00775	0.00640	0.00193	0.00665	0.00597	0.00658	0.04172
18	0.01567	0.01551	0.02790	0.07500	0.57718	0.01547	0.13762	0.01980	0.01471	0.02080	0.01228	0.01630	0.01008	0.00574	0.00661	0.00198	0.00828	0.00608	0.00319	0.00982
19	0.00936	0.00642	0.00786	0.00786	0.00814	0.00671	0.00493	0.00992	0.00964	0.01313	0.01961	0.03816	0.02170	0.59627	0.20709	0.00727	0.00896	0.00879	0.00380	0.00437
20	0.01605	0.01570	0.02540	0.09117	0.65307	0.04531	0.01939	0.01983	0.01473	0.02056	0.01202	0.01590	0.01004	0.00585	0.00638	0.00193	0.00791	0.00569	0.00318	0.00990
21	0.02423	0.01694	0.01847	0.01434	0.01935	0.01853	0.01179	0.57402	0.09470	0.11399	0.01761	0.01702	0.01235	0.00788	0.00648	0.00197	0.00675	0.00603	0.00664	0.01092
22	0.02001	0.02364	0.01564	0.01457	0.01728	0.51127	0.01084	0.04048	0.05640	0.01713	0.01622	0.12909	0.01594	0.05194	0.00786	0.00214	0.00950	0.02879	0.00411	0.00715
23	0.00864	0.00618	0.00759	0.00840	0.00905	0.00587	0.00574	0.00971	0.01207	0.01572	0.03476	0.35211	0.13201	0.25847	0.01607	0.00376	0.00476	0.09881	0.00533	0.00494
24	0.06159	0.03216	0.69538	0.01782	0.02703	0.01497	0.02285	0.02037	0.01348	0.02098	0.01144	0.01345	0.00811	0.00613	0.00601	0.00204	0.00927	0.00470	0.00281	0.00940
25	0.01730	0.01533	0.02491	0.04977	0.51753	0.01559	0.06455	0.10600	0.03432	0.05280	0.01363	0.01672	0.01087	0.00715	0.02351	0.00215	0.00791	0.00599	0.00389	0.01008
26	0.02414	0.03079	0.01831	0.01665	0.01998	0.74698	0.01248	0.02580	0.01831	0.01581	0.00999	0.01165	0.00832	0.00666	0.00583	0.00166	0.01165	0.00416	0.00333	0.00749
27	0.01109	0.00570	0.00855	0.00855	0.00863	0.00578	0.00578	0.00863	0.00855	0.01148	0.01163	0.02003	0.01156	0.02421	0.07410	0.75778	0.00640	0.00570	0.00285	0.00301
28	0.00808	0.00570	0.00736	0.00869	0.00923	0.00530	0.00585	0.00934	0.01258	0.01696	0.03664	0.68649	0.08283	0.01933	0.00801	0.00254	0.00368	0.01743	0.04866	0.00530
29	0.01360	0.00986	0.01261	0.01125	0.01282	0.01115	0.00873	0.09974	0.01458	0.07590	0.09250	0.10236	0.09596	0.09330	0.09387	0.05838	0.17285	0.00894	0.00493	0.00667
30	0.00960	0.00703	0.00924	0.00935	0.01067	0.00680	0.03347	0.01205	0.03591	0.01866	0.10610	0.23436	0.12473	0.12937	0.03438	0.00320	0.00501	0.12002	0.08439	0.00566
31	0.00797	0.00570	0.00759	0.00893	0.00939	0.00532	0.00601	0.00925	0.01284	0.01724	0.09080	0.71139	0.04419	0.01968	0.00820	0.00258	0.00369	0.01784	0.00609	0.00532
32	0.20599	0.02486	0.01644	0.01464	0.01814	0.48886	0.01128	0.08067	0.01729	0.02089	0.01016	0.01181	0.00825	0.00679	0.00609	0.00181	0.04047	0.00421	0.00372	0.00765
33	0.33802	0.01125	0.01217	0.06100	0.01557	0.01241	0.03530	0.12574	0.01474	0.02543	0.01870	0.24022	0.01908	0.03491	0.00689	0.00233	0.00547	0.00882	0.00488	0.00709

[dist]
# distance from previous block
# <min> <max>
0	1

[block]
# block no. 8 follows, 34 sequences, length 39
# corresponding to MSA columns:
# 286-324
name=unknown_I
#
# <colnr> <probs for GDERKNQSTAVLIFYWHMCP>
#	G	D	E	R	K	N	Q	S	T	A	V	L	I	F	Y	W	H	M	C	P
