[name]
unknown

[dist]
# distance from previous block
# <min> <max>
2	13

[block]
# block no. 0 follows, 32 sequences, length 12
# corresponding to MSA columns:
# 13-24
name=unknown_A
#
# <colnr> <probs for GDERKNQSTAVLIFYWHMCP>
#	G	D	E	R	K	N	Q	S	T	A	V	L	I	F	Y	W	H	M	C	P
0	0.01212	0.01002	0.01199	0.00975	0.01397	0.00785	0.00741	0.01453	0.01358	0.02038	0.01978	0.24760	0.02073	0.01000	0.00610	0.00154	0.00463	0.00871	0.00468	0.55465
1	0.01496	0.14957	0.05285	0.11055	0.02060	0.01653	0.01179	0.02585	0.35392	0.02276	0.04309	0.06255	0.06874	0.00935	0.00653	0.00213	0.00609	0.00771	0.00535	0.00907
2	0.01281	0.01603	0.14781	0.61684	0.04312	0.01503	0.01974	0.01788	0.01355	0.01788	0.01195	0.01722	0.00886	0.00665	0.00665	0.00222	0.00912	0.00578	0.00295	0.00790
3	0.02014	0.01570	0.01733	0.01546	0.05260	0.01759	0.01173	0.24289	0.42816	0.06843	0.02305	0.02172	0.01696	0.00858	0.00678	0.00217	0.00611	0.00698	0.00670	0.01091
4	0.01563	0.01874	0.15248	0.03517	0.54740	0.01530	0.02066	0.02024	0.01509	0.02167	0.01414	0.02035	0.01223	0.00694	0.00678	0.00209	0.00819	0.05329	0.00344	0.01019
5	0.01848	0.01401	0.01523	0.01343	0.01741	0.01578	0.01052	0.03526	0.61812	0.12122	0.02720	0.02474	0.01997	0.00900	0.00682	0.00225	0.00536	0.00747	0.00702	0.01073
6	0.01835	0.01729	0.02270	0.02742	0.35225	0.09695	0.05454	0.17176	0.01937	0.02532	0.02058	0.02247	0.10504	0.00800	0.00684	0.00202	0.00789	0.00701	0.00449	0.00973
7	0.02551	0.01879	0.02014	0.01544	0.02081	0.02081	0.01275	0.69996	0.03155	0.04229	0.01611	0.01611	0.01141	0.00805	0.00671	0.00201	0.00738	0.00604	0.00671	0.01141
8	0.00963	0.00663	0.00818	0.00827	0.00858	0.00690	0.00523	0.01027	0.01018	0.01386	0.02128	0.08051	0.02370	0.54987	0.20213	0.00732	0.00912	0.00967	0.00408	0.00461
9	0.09389	0.02250	0.14731	0.15639	0.11001	0.21028	0.01659	0.04885	0.01569	0.03740	0.01162	0.01462	0.00910	0.00709	0.00751	0.00208	0.07184	0.00513	0.00351	0.00859
10	0.66847	0.01351	0.01299	0.01465	0.14067	0.01521	0.00967	0.01988	0.01211	0.02863	0.00993	0.01193	0.00787	0.00618	0.00460	0.00206	0.00569	0.00406	0.00400	0.00787
11	0.01557	0.11053	0.03545	0.04927	0.05922	0.01399	0.04025	0.11376	0.05291	0.02491	0.14033	0.02143	0.02009	0.00749	0.00609	0.00166	0.00604	0.00627	0.00484	0.26989

[dist]
# distance from previous block
# <min> <max>
0	1

[block]
# block no. 1 follows, 32 sequences, length 11
# corresponding to MSA columns:
# 26-36
name=unknown_B
#
# <colnr> <probs for GDERKNQSTAVLIFYWHMCP>
#	G	D	E	R	K	N	Q	S	T	A	V	L	I	F	Y	W	H	M	C	P
0	0.01743	0.01821	0.03638	0.02616	0.03271	0.01760	0.58478	0.13356	0.01843	0.02493	0.01399	0.01777	0.01038	0.00605	0.00772	0.00222	0.01066	0.00761	0.00394	0.00944
1	0.01403	0.01037	0.01356	0.10856	0.01877	0.01037	0.01070	0.10124	0.01747	0.05764	0.11762	0.04276	0.05275	0.01306	0.02646	0.00249	0.00628	0.23099	0.00566	0.13924
2	0.05986	0.36972	0.06783	0.01221	0.01742	0.05638	0.01142	0.13235	0.03218	0.05655	0.01962	0.01992	0.10339	0.00793	0.00556	0.00178	0.00691	0.00575	0.00439	0.00883
3	0.00950	0.00640	0.00740	0.00765	0.00772	0.00633	0.00442	0.00969	0.01027	0.01369	0.02376	0.16216	0.02770	0.64143	0.02993	0.00588	0.00607	0.01130	0.00442	0.00429
4	0.01707	0.01582	0.02578	0.14763	0.40297	0.01658	0.09308	0.11064	0.05987	0.02417	0.01398	0.01743	0.01102	0.00653	0.00681	0.00208	0.00825	0.00630	0.00394	0.01005
5	0.00952	0.00654	0.00725	0.00725	0.00755	0.00639	0.00420	0.00974	0.01049	0.01368	0.02732	0.04663	0.11606	0.66567	0.03069	0.00595	0.00610	0.01034	0.00435	0.00428
6	0.01589	0.01350	0.01693	0.01582	0.13324	0.01166	0.01067	0.10757	0.01646	0.02457	0.01259	0.01465	0.01025	0.00554	0.00548	0.00129	0.00578	0.00458	0.00423	0.56929
7	0.09175	0.06307	0.01932	0.01405	0.01917	0.01930	0.01168	0.52269	0.02658	0.03702	0.01493	0.01569	0.01105	0.00960	0.04153	0.00234	0.00754	0.00561	0.00593	0.06115
8	0.01556	0.01436	0.07322	0.01209	0.02883	0.07367	0.00974	0.09463	0.12627	0.04804	0.08896	0.05227	0.03374	0.13378	0.01101	0.00270	0.00618	0.00776	0.11033	0.05689
9	0.04106	0.08394	0.53812	0.01691	0.02520	0.01556	0.02064	0.02012	0.01417	0.02135	0.05503	0.01601	0.01193	0.00688	0.00672	0.00203	0.03580	0.00522	0.00324	0.06005
10	0.05997	0.01752	0.01676	0.05911	0.01978	0.12488	0.01151	0.24698	0.24103	0.02981	0.06129	0.02120	0.01712	0.03404	0.00752	0.00223	0.00713	0.00664	0.00585	0.00960

[dist]
# distance from previous block
# <min> <max>
4	11

[block]
# block no. 2 follows, 32 sequences, length 8
# corresponding to MSA columns:
# 48-55
name=unknown_C
#
# <colnr> <probs for GDERKNQSTAVLIFYWHMCP>
#	G	D	E	R	K	N	Q	S	T	A	V	L	I	F	Y	W	H	M	C	P
0	0.01640	0.19392	0.43669	0.01740	0.02538	0.08430	0.04724	0.06683	0.01572	0.02102	0.01163	0.01352	0.00880	0.00637	0.00598	0.00194	0.00940	0.00479	0.00318	0.00950
1	0.01176	0.01079	0.03358	0.01442	0.01695	0.01112	0.12279	0.01536	0.03427	0.01902	0.06060	0.03397	0.05835	0.02545	0.26991	0.00544	0.09125	0.10992	0.02895	0.02610
2	0.09445	0.09577	0.13282	0.01926	0.05038	0.01779	0.18727	0.06666	0.01520	0.09027	0.01295	0.01566	0.00994	0.00745	0.00946	0.00223	0.15354	0.00590	0.00393	0.00908
3	0.01316	0.01055	0.01558	0.01397	0.01651	0.01058	0.11391	0.14425	0.01737	0.02317	0.02914	0.37500	0.03176	0.01572	0.00824	0.00259	0.00613	0.13922	0.00588	0.00728
4	0.02454	0.09819	0.02097	0.01607	0.02043	0.41525	0.01275	0.26442	0.02293	0.02552	0.01230	0.01339	0.00962	0.00721	0.00612	0.00180	0.00996	0.00486	0.00455	0.00914
5	0.08216	0.02744	0.07271	0.13686	0.02497	0.50838	0.01436	0.02425	0.01715	0.01795	0.01068	0.01312	0.00858	0.00679	0.00604	0.00187	0.01089	0.00459	0.00338	0.00785
6	0.01646	0.01536	0.02048	0.01726	0.01814	0.02059	0.01436	0.12851	0.01377	0.02044	0.01001	0.01491	0.00924	0.01114	0.01950	0.00278	0.62957	0.00590	0.00356	0.00801
7	0.01288	0.01218	0.01763	0.06731	0.12469	0.01501	0.01319	0.01504	0.01227	0.01742	0.02177	0.06583	0.12864	0.01565	0.08502	0.00338	0.35286	0.00812	0.00379	0.00734

[dist]
# distance from previous block
# <min> <max>
0	4

[block]
# block no. 3 follows, 32 sequences, length 8
# corresponding to MSA columns:
# 60-67
name=unknown_D
#
# <colnr> <probs for GDERKNQSTAVLIFYWHMCP>
#	G	D	E	R	K	N	Q	S	T	A	V	L	I	F	Y	W	H	M	C	P
0	0.00868	0.00635	0.00827	0.00962	0.01049	0.00594	0.00701	0.01030	0.01369	0.01786	0.04076	0.52986	0.13194	0.01999	0.00862	0.00274	0.00429	0.15175	0.00622	0.00563
1	0.01288	0.00717	0.00960	0.00969	0.01129	0.00652	0.00699	0.01474	0.01536	0.16289	0.17118	0.46861	0.04254	0.01698	0.00807	0.00247	0.00412	0.01519	0.00688	0.00684
2	0.02509	0.02805	0.07934	0.01636	0.02072	0.52791	0.01335	0.02751	0.01864	0.16078	0.01378	0.01445	0.01024	0.00715	0.00622	0.00183	0.01062	0.00487	0.00439	0.00870
3	0.01733	0.30370	0.13637	0.01704	0.02286	0.06036	0.15276	0.08494	0.01616	0.02086	0.04379	0.01544	0.01170	0.00691	0.00713	0.00192	0.06274	0.00550	0.00358	0.00892
4	0.01753	0.01462	0.01733	0.16263	0.02346	0.10618	0.06017	0.08468	0.11043	0.11244	0.08212	0.02598	0.07802	0.01197	0.06014	0.00275	0.00816	0.00754	0.00531	0.00855
5	0.00993	0.00807	0.00976	0.00925	0.01127	0.00743	0.00679	0.01170	0.01375	0.01872	0.08470	0.28853	0.20505	0.05808	0.01007	0.00245	0.05853	0.01280	0.00549	0.16764
6	0.09542	0.01431	0.01671	0.01720	0.11288	0.08323	0.01208	0.06373	0.03227	0.10866	0.01890	0.12333	0.01779	0.01087	0.00992	0.00235	0.15761	0.06510	0.00492	0.03273
7	0.04510	0.03307	0.01719	0.07031	0.12789	0.06626	0.01170	0.14575	0.01735	0.12452	0.01795	0.06899	0.01604	0.16162	0.01285	0.00300	0.03950	0.00742	0.00499	0.00849

[dist]
# distance from previous block
# <min> <max>
2	40

[block]
# block no. 4 follows, 32 sequences, length 6
# corresponding to MSA columns:
# 108-113
name=unknown_E
#
# <colnr> <probs for GDERKNQSTAVLIFYWHMCP>
#	G	D	E	R	K	N	Q	S	T	A	V	L	I	F	Y	W	H	M	C	P
0	0.06395	0.03465	0.01662	0.01374	0.01726	0.14522	0.07264	0.09989	0.10385	0.07877	0.11317	0.12747	0.06316	0.01065	0.00699	0.00214	0.00683	0.00900	0.00570	0.00831
1	0.03972	0.06944	0.01648	0.01287	0.01602	0.12778	0.02715	0.08455	0.03469	0.13026	0.09037	0.09167	0.11776	0.01103	0.00871	0.00217	0.09712	0.00855	0.00551	0.00814
2	0.02428	0.01818	0.01945	0.01519	0.02034	0.02023	0.01246	0.60742	0.12609	0.04031	0.01767	0.01735	0.01267	0.00820	0.00673	0.00205	0.00709	0.00626	0.00673	0.01130
3	0.01572	0.01863	0.07940	0.06303	0.02827	0.09320	0.34766	0.02013	0.01513	0.02020	0.01363	0.05297	0.01139	0.00691	0.00792	0.00205	0.05370	0.00698	0.00355	0.13953
4	0.00906	0.00750	0.00896	0.00894	0.01047	0.00739	0.00678	0.01092	0.01486	0.01915	0.15328	0.19262	0.38203	0.01679	0.00960	0.00244	0.08275	0.04447	0.00606	0.00593
5	0.01170	0.00964	0.01179	0.01192	0.04016	0.04392	0.03595	0.06204	0.01430	0.01903	0.02728	0.42056	0.03098	0.14165	0.01218	0.00305	0.00555	0.01348	0.00533	0.07949

[dist]
# distance from previous block
# <min> <max>
3	26

[block]
# block no. 5 follows, 32 sequences, length 19
# corresponding to MSA columns:
# 141-159
name=unknown_F
#
# <colnr> <probs for GDERKNQSTAVLIFYWHMCP>
#	G	D	E	R	K	N	Q	S	T	A	V	L	I	F	Y	W	H	M	C	P
0	0.01952	0.01472	0.01583	0.01296	0.01718	0.01581	0.01059	0.43833	0.06448	0.03378	0.03107	0.03325	0.18889	0.01114	0.00722	0.00218	0.00619	0.06076	0.00656	0.00954
1	0.06390	0.17169	0.11281	0.01476	0.02072	0.02100	0.01374	0.44065	0.02466	0.03362	0.01387	0.01451	0.01026	0.00728	0.00605	0.00191	0.00755	0.00528	0.00531	0.01044
2	0.02452	0.02888	0.05929	0.01693	0.02123	0.51975	0.01358	0.19267	0.02184	0.02308	0.01188	0.01321	0.00932	0.00717	0.00623	0.00182	0.01081	0.00478	0.00423	0.00880
3	0.68561	0.01395	0.01098	0.00964	0.01386	0.05739	0.00787	0.02146	0.01266	0.10000	0.01114	0.01218	0.00830	0.00648	0.00453	0.00206	0.00565	0.00399	0.00453	0.00772
4	0.01169	0.01014	0.01167	0.01140	0.01277	0.07983	0.00870	0.01451	0.04574	0.01617	0.01865	0.02920	0.01795	0.13492	0.47992	0.00830	0.03890	0.03946	0.00390	0.00619
5	0.00959	0.00719	0.01078	0.01078	0.01198	0.00839	0.00839	0.01198	0.01078	0.01558	0.01797	0.02636	0.01677	0.05032	0.73760	0.01078	0.01797	0.00719	0.00359	0.00599
6	0.02461	0.01813	0.01950	0.01512	0.02024	0.02002	0.01242	0.66442	0.03059	0.04099	0.01718	0.05438	0.01311	0.00872	0.00681	0.00205	0.00720	0.00671	0.00669	0.01110
7	0.00976	0.00651	0.00732	0.00732	0.00732	0.00651	0.00407	0.00976	0.00976	0.01301	0.02114	0.04391	0.02439	0.76419	0.03415	0.00651	0.00651	0.00976	0.00407	0.00407
8	0.03010	0.01142	0.01557	0.01194	0.01713	0.00986	0.00986	0.03270	0.01920	0.72698	0.02647	0.02284	0.01661	0.00830	0.00675	0.00208	0.00571	0.00675	0.00830	0.01142
9	0.02506	0.03198	0.01901	0.01729	0.02074	0.73725	0.01296	0.02679	0.01901	0.01642	0.01037	0.01210	0.00864	0.00691	0.00605	0.00173	0.01210	0.00432	0.00346	0.00778
10	0.00793	0.00680	0.00680	0.00680	0.00906	0.00566	0.00510	0.00963	0.01529	0.01813	0.06797	0.06457	0.71961	0.01699	0.00793	0.00227	0.00340	0.01416	0.00623	0.00566
11	0.02551	0.01879	0.02014	0.01544	0.02081	0.02081	0.01275	0.69996	0.03155	0.04229	0.01611	0.01611	0.01141	0.00805	0.00671	0.00201	0.00738	0.00604	0.00671	0.01141
12	0.01794	0.76823	0.03516	0.01148	0.01722	0.02655	0.01148	0.02009	0.01363	0.01579	0.00933	0.01076	0.00861	0.00574	0.00431	0.00144	0.00718	0.00359	0.00287	0.00861
13	0.02506	0.03198	0.01901	0.01729	0.02074	0.73725	0.01296	0.02679	0.01901	0.01642	0.01037	0.01210	0.00864	0.00691	0.00605	0.00173	0.01210	0.00432	0.00346	0.00778
14	0.01669	0.01441	0.01517	0.01365	0.01745	0.01669	0.01062	0.03565	0.71021	0.02807	0.02731	0.02503	0.02048	0.00910	0.00683	0.00228	0.00531	0.00759	0.00683	0.01062
15	0.01669	0.01441	0.01517	0.01365	0.01745	0.01669	0.01062	0.03565	0.71021	0.02807	0.02731	0.02503	0.02048	0.00910	0.00683	0.00228	0.00531	0.00759	0.00683	0.01062
16	0.06270	0.01983	0.03927	0.01480	0.01967	0.15829	0.01216	0.32851	0.10018	0.15102	0.01754	0.01714	0.01247	0.00785	0.00647	0.00200	0.00776	0.00585	0.00612	0.01037
17	0.01732	0.01338	0.01717	0.13166	0.07702	0.01329	0.01208	0.18878	0.01862	0.06765	0.01605	0.04065	0.01332	0.00896	0.03033	0.00207	0.00695	0.04129	0.00488	0.27854
18	0.01751	0.05832	0.03944	0.12972	0.12133	0.06001	0.05707	0.03920	0.05141	0.11234	0.01549	0.04117	0.01228	0.00688	0.00622	0.00180	0.00726	0.00593	0.00442	0.21221

[dist]
# distance from previous block
# <min> <max>
44	82

[block]
# block no. 6 follows, 32 sequences, length 27
# corresponding to MSA columns:
# 257-283
name=unknown_G
#
# <colnr> <probs for GDERKNQSTAVLIFYWHMCP>
#	G	D	E	R	K	N	Q	S	T	A	V	L	I	F	Y	W	H	M	C	P
0	0.01828	0.01444	0.01563	0.03397	0.01731	0.06140	0.01071	0.27719	0.08568	0.05063	0.07452	0.08839	0.04255	0.01443	0.08173	0.00304	0.05738	0.00809	0.03576	0.00887
1	0.01792	0.01624	0.01616	0.01548	0.06289	0.10488	0.01137	0.13259	0.37085	0.02701	0.02614	0.04842	0.06879	0.00984	0.00695	0.00220	0.00651	0.04003	0.00607	0.00967
2	0.05134	0.08302	0.08175	0.01386	0.01903	0.05647	0.03324	0.20087	0.08499	0.18621	0.06777	0.02120	0.03730	0.00824	0.00648	0.00200	0.00687	0.00652	0.00599	0.02683
3	0.01772	0.05997	0.01599	0.01305	0.01614	0.14085	0.04037	0.06580	0.11581	0.10894	0.06185	0.10159	0.02323	0.10883	0.01060	0.00275	0.00706	0.07586	0.00556	0.00803
4	0.04597	0.05286	0.09433	0.01717	0.02202	0.03720	0.21536	0.08118	0.06093	0.07498	0.01708	0.04424	0.01401	0.06813	0.03000	0.00270	0.03179	0.00714	0.07432	0.00860
5	0.09937	0.01507	0.01564	0.01322	0.01725	0.01703	0.01043	0.25936	0.34497	0.03181	0.02111	0.02222	0.01639	0.07545	0.00894	0.00254	0.00611	0.00685	0.00627	0.00997
6	0.00812	0.00670	0.00713	0.00725	0.00923	0.00571	0.00535	0.00990	0.01539	0.01890	0.13024	0.14071	0.57797	0.01711	0.00800	0.00230	0.00343	0.01450	0.00635	0.00571
7	0.01511	0.01252	0.01685	0.03967	0.01906	0.01004	0.07816	0.01839	0.01443	0.06718	0.01303	0.01506	0.01036	0.00532	0.00545	0.00124	0.00581	0.00463	0.00416	0.64356
8	0.01760	0.01493	0.01678	0.01608	0.08031	0.01664	0.01160	0.11583	0.51908	0.02889	0.02362	0.02246	0.01780	0.00843	0.00668	0.00214	0.00578	0.00702	0.00632	0.06203
9	0.09739	0.01171	0.01475	0.01167	0.01654	0.01088	0.00956	0.03112	0.08817	0.57225	0.02634	0.02331	0.03831	0.00847	0.00656	0.00210	0.00555	0.00679	0.00772	0.01079
10	0.01781	0.42747	0.24543	0.01416	0.02108	0.02149	0.01552	0.06554	0.03206	0.06571	0.01215	0.01328	0.00956	0.00633	0.00532	0.00175	0.00789	0.00447	0.00356	0.00942
11	0.02340	0.02817	0.01798	0.01632	0.01964	0.59978	0.01227	0.08476	0.01950	0.01879	0.01357	0.08796	0.01250	0.00844	0.00636	0.00185	0.01085	0.00596	0.00403	0.00787
12	0.00974	0.00808	0.02762	0.00852	0.01088	0.00665	0.00663	0.01194	0.01518	0.03487	0.17468	0.13594	0.32312	0.05848	0.03100	0.00268	0.00451	0.03684	0.00597	0.08668
13	0.02460	0.01687	0.01833	0.01420	0.01917	0.01837	0.01168	0.57165	0.02869	0.10129	0.01761	0.01761	0.01246	0.00805	0.00651	0.00197	0.00681	0.00613	0.08711	0.01089
14	0.00967	0.00687	0.00918	0.00918	0.00982	0.00752	0.00639	0.01095	0.01031	0.01439	0.01944	0.03449	0.02030	0.38091	0.41184	0.00880	0.01266	0.00838	0.00381	0.00510
15	0.01657	0.25765	0.08972	0.12390	0.02893	0.04612	0.26208	0.02076	0.01470	0.03864	0.01197	0.01522	0.00945	0.00620	0.00679	0.00198	0.03157	0.00579	0.00325	0.00872
16	0.00812	0.00677	0.00685	0.00685	0.00888	0.00575	0.00499	0.00964	0.01471	0.01759	0.06306	0.06241	0.64671	0.09534	0.01068	0.00271	0.00372	0.01370	0.00600	0.00550
17	0.01791	0.01542	0.10021	0.01294	0.01753	0.01379	0.01142	0.14064	0.25084	0.13132	0.08873	0.02968	0.12016	0.01000	0.00699	0.00217	0.00582	0.00821	0.00651	0.00971
18	0.01880	0.04755	0.01615	0.01265	0.01624	0.01533	0.00994	0.40033	0.02310	0.03094	0.02110	0.19081	0.02045	0.10491	0.01038	0.00267	0.00637	0.00933	0.00600	0.03694
19	0.05080	0.01734	0.06473	0.01435	0.03407	0.03632	0.01203	0.35271	0.06700	0.10535	0.01883	0.01879	0.04353	0.00783	0.00638	0.00190	0.00677	0.00606	0.00594	0.12928
20	0.02158	0.01914	0.10300	0.06217	0.02178	0.08427	0.01348	0.27813	0.12787	0.12911	0.04029	0.02014	0.03193	0.00825	0.00670	0.00207	0.00745	0.00646	0.00595	0.01022
21	0.10617	0.03618	0.01698	0.01305	0.01773	0.01658	0.01072	0.36421	0.08348	0.15588	0.06705	0.02004	0.01640	0.00832	0.00640	0.00203	0.00623	0.00641	0.03587	0.01029
22	0.04849	0.01587	0.01611	0.01385	0.03570	0.08997	0.01067	0.31938	0.02173	0.02918	0.01767	0.06705	0.01590	0.07785	0.04172	0.00276	0.00760	0.05001	0.00539	0.11309
23	0.09019	0.04567	0.08944	0.03605	0.03883	0.01698	0.01261	0.33116	0.08316	0.04918	0.01979	0.04282	0.05976	0.00849	0.00643	0.00203	0.00678	0.00663	0.00562	0.04839
24	0.01732	0.07821	0.07812	0.10583	0.11106	0.06357	0.02983	0.15687	0.05983	0.04274	0.03709	0.08273	0.04125	0.00908	0.00770	0.00214	0.05558	0.00735	0.00468	0.00902
25	0.04178	0.11138	0.03629	0.03562	0.03705	0.08174	0.03945	0.15156	0.01884	0.16901	0.05357	0.07278	0.04337	0.03676	0.00790	0.00218	0.02479	0.00730	0.00549	0.02314
26	0.02075	0.03942	0.01729	0.01366	0.01791	0.08826	0.02785	0.31561	0.03966	0.10088	0.05434	0.07091	0.07310	0.01012	0.00696	0.00208	0.00685	0.04793	0.00617	0.04025

[dist]
# distance from previous block
# <min> <max>
4	79

[block]
# block no. 7 follows, 32 sequences, length 14
# corresponding to MSA columns:
# 363-376
name=unknown_H
#
# <colnr> <probs for GDERKNQSTAVLIFYWHMCP>
#	G	D	E	R	K	N	Q	S	T	A	V	L	I	F	Y	W	H	M	C	P
0	0.05822	0.05782	0.10364	0.03348	0.15300	0.01541	0.04319	0.09485	0.09465	0.07944	0.03446	0.01759	0.01296	0.00708	0.00688	0.00192	0.03921	0.00579	0.00462	0.13577
1	0.01766	0.04248	0.03684	0.07780	0.07172	0.05339	0.02629	0.14485	0.06618	0.09700	0.05796	0.06881	0.08046	0.00910	0.00665	0.00195	0.00652	0.00759	0.00539	0.12138
2	0.03696	0.01211	0.01409	0.02982	0.09100	0.04216	0.01023	0.13126	0.06661	0.05313	0.07121	0.13166	0.15040	0.01229	0.00730	0.00222	0.00572	0.07350	0.00582	0.05252
3	0.01727	0.05220	0.01996	0.09152	0.18494	0.08861	0.01429	0.11743	0.13925	0.02381	0.01864	0.06366	0.01653	0.00933	0.00767	0.00221	0.04536	0.07337	0.00479	0.00915
4	0.04079	0.01027	0.03553	0.05599	0.01436	0.04832	0.00855	0.01560	0.11259	0.01989	0.08539	0.40690	0.05342	0.04960	0.00892	0.00264	0.00516	0.01365	0.00576	0.00667
5	0.05807	0.03358	0.05817	0.08388	0.05006	0.09495	0.19242	0.10552	0.05156	0.14893	0.01612	0.01795	0.01172	0.00869	0.03621	0.00244	0.00913	0.00636	0.00481	0.00943
6	0.07184	0.07342	0.02122	0.43109	0.13573	0.07694	0.01661	0.01995	0.05467	0.01923	0.01241	0.01658	0.00969	0.00665	0.00628	0.00209	0.00845	0.00557	0.00337	0.00820
7	0.06357	0.01536	0.01811	0.01939	0.17575	0.08601	0.03770	0.16449	0.07709	0.02694	0.13573	0.02583	0.06917	0.01097	0.04225	0.00247	0.00737	0.00754	0.00529	0.00897
8	0.01555	0.01288	0.01580	0.01191	0.01727	0.01116	0.04415	0.13609	0.01710	0.02505	0.01536	0.06327	0.01363	0.00715	0.00584	0.00144	0.00571	0.03597	0.00466	0.54002
9	0.01972	0.01528	0.01646	0.01356	0.01785	0.01678	0.01085	0.36337	0.23780	0.03373	0.05342	0.06356	0.05946	0.00974	0.00691	0.00212	0.00606	0.00789	0.00662	0.03884
10	0.01002	0.00790	0.01014	0.03462	0.01271	0.00753	0.03110	0.04842	0.01562	0.02009	0.10508	0.22747	0.27775	0.05277	0.00944	0.00267	0.00473	0.10975	0.00604	0.00616
11	0.05524	0.01501	0.04087	0.15730	0.29949	0.01560	0.01621	0.10032	0.11851	0.04822	0.01666	0.05804	0.01366	0.00772	0.00667	0.00213	0.00731	0.00681	0.00452	0.00971
12	0.05801	0.01404	0.01968	0.31781	0.06095	0.05648	0.07668	0.07098	0.05078	0.02123	0.01363	0.01785	0.01075	0.01127	0.08461	0.00296	0.00933	0.00593	0.00378	0.09326
13	0.01635	0.01207	0.01400	0.05137	0.01658	0.01283	0.00965	0.24469	0.10121	0.05471	0.26055	0.06876	0.08621	0.01135	0.00732	0.00214	0.00527	0.00956	0.00675	0.00865

[dist]
# distance from previous block
# <min> <max>
1	67

[block]
# block no. 8 follows, 32 sequences, length 50
# corresponding to MSA columns:
# 445-494
name=unknown_I
#
# <colnr> <probs for GDERKNQSTAVLIFYWHMCP>
#	G	D	E	R	K	N	Q	S	T	A	V	L	I	F	Y	W	H	M	C	P
0	0.02045	0.01613	0.01896	0.10460	0.06423	0.06443	0.03670	0.30227	0.08221	0.07756	0.04490	0.02218	0.01553	0.00889	0.00742	0.02483	0.00742	0.04477	0.00566	0.03086
1	0.03872	0.01423	0.03875	0.07551	0.12092	0.01465	0.06612	0.18649	0.11691	0.02687	0.06056	0.14437	0.02079	0.01138	0.03081	0.00250	0.00713	0.00886	0.00537	0.00907
2	0.04056	0.01611	0.01752	0.09616	0.09187	0.10409	0.01241	0.19582	0.07948	0.02650	0.06466	0.05190	0.04615	0.00871	0.00714	0.00200	0.03384	0.00696	0.00508	0.09304
3	0.04552	0.01776	0.01952	0.15668	0.10164	0.10401	0.01418	0.27000	0.15068	0.02916	0.01612	0.01752	0.01208	0.00757	0.00656	0.00207	0.00785	0.00602	0.00518	0.00986
4	0.01820	0.01556	0.02064	0.21916	0.14317	0.06343	0.04486	0.15651	0.01830	0.06876	0.01377	0.01651	0.01042	0.00660	0.00639	0.00188	0.00784	0.00564	0.00436	0.15802
5	0.01568	0.01358	0.01904	0.21201	0.20689	0.05193	0.01491	0.03364	0.08085	0.06848	0.06163	0.07873	0.01805	0.00895	0.00761	0.00218	0.04119	0.02659	0.00454	0.03351
6	0.02220	0.01663	0.01798	0.03979	0.01994	0.01857	0.01186	0.48521	0.16679	0.03711	0.01871	0.01871	0.01364	0.00820	0.00657	0.00204	0.00667	0.00637	0.07234	0.01069
7	0.03793	0.01825	0.02322	0.05087	0.16371	0.12807	0.13528	0.17013	0.05832	0.04291	0.01557	0.01962	0.01247	0.00741	0.00678	0.00204	0.00854	0.03927	0.02240	0.03720
8	0.00845	0.00617	0.00805	0.00928	0.01001	0.00563	0.00627	0.00973	0.01299	0.01740	0.03685	0.69801	0.06687	0.02008	0.00836	0.00262	0.00393	0.01815	0.00612	0.04502
9	0.01661	0.01594	0.02724	0.04119	0.72233	0.01594	0.02059	0.02059	0.01528	0.02192	0.01262	0.01661	0.01063	0.00598	0.00664	0.00199	0.00797	0.00598	0.00332	0.01063
10	0.01267	0.01193	0.02013	0.74806	0.04621	0.01491	0.01863	0.01714	0.01342	0.01714	0.01193	0.01789	0.00894	0.00671	0.00671	0.00224	0.00894	0.00596	0.00298	0.00745
11	0.02551	0.01879	0.02014	0.01544	0.02081	0.02081	0.01275	0.69996	0.03155	0.04229	0.01611	0.01611	0.01141	0.00805	0.00671	0.00201	0.00738	0.00604	0.00671	0.01141
12	0.04891	0.02296	0.04371	0.05898	0.20579	0.34147	0.03634	0.02425	0.01704	0.08691	0.01276	0.01488	0.00999	0.00663	0.00626	0.00187	0.00962	0.00516	0.00389	0.04258
13	0.02975	0.01200	0.01593	0.01221	0.01742	0.01072	0.01009	0.08481	0.02017	0.67351	0.02566	0.02231	0.01620	0.00829	0.00674	0.00207	0.00584	0.00669	0.00818	0.01142
14	0.00864	0.00683	0.00779	0.00755	0.00950	0.00597	0.00566	0.01101	0.01698	0.02213	0.36494	0.05798	0.42014	0.01550	0.00792	0.00219	0.00329	0.01324	0.00676	0.00597
15	0.01316	0.01245	0.02091	0.64725	0.11844	0.01521	0.01871	0.01748	0.01351	0.01763	0.01190	0.01764	0.00912	0.00680	0.00721	0.00223	0.03355	0.00596	0.00302	0.00779
16	0.01251	0.00625	0.00625	0.00625	0.00782	0.00625	0.00469	0.01563	0.01407	0.02502	0.02189	0.02502	0.01720	0.00782	0.00469	0.00156	0.00313	0.00625	0.80144	0.00625
17	0.01622	0.01559	0.02636	0.08929	0.63467	0.01613	0.02012	0.02010	0.01486	0.02126	0.01235	0.01659	0.01041	0.00636	0.00753	0.00206	0.05065	0.00597	0.00328	0.01022
18	0.81159	0.01298	0.00986	0.00882	0.01298	0.01505	0.00727	0.01972	0.01142	0.03010	0.00934	0.01090	0.00727	0.00623	0.00415	0.00208	0.00519	0.00363	0.00415	0.00727
19	0.81159	0.01298	0.00986	0.00882	0.01298	0.01505	0.00727	0.01972	0.01142	0.03010	0.00934	0.01090	0.00727	0.00623	0.00415	0.00208	0.00519	0.00363	0.00415	0.00727
20	0.00829	0.00592	0.00792	0.00948	0.00992	0.00555	0.00643	0.00954	0.01296	0.01726	0.03692	0.72959	0.04412	0.02091	0.00860	0.00274	0.00399	0.04814	0.00623	0.00548
21	0.00818	0.00584	0.00779	0.00934	0.00973	0.00545	0.00623	0.00934	0.01285	0.01713	0.03698	0.75981	0.04438	0.02102	0.00856	0.00273	0.00389	0.01908	0.00623	0.00545
22	0.01490	0.01553	0.05933	0.04769	0.05631	0.01517	0.35257	0.01918	0.01405	0.05296	0.01429	0.01932	0.01155	0.01579	0.15866	0.00407	0.10953	0.00716	0.00357	0.00836
23	0.00964	0.00699	0.00979	0.00979	0.01064	0.00785	0.00714	0.01134	0.01049	0.01484	0.01889	0.03142	0.01897	0.25597	0.53496	0.00955	0.01467	0.00793	0.00373	0.00544
24	0.00976	0.00651	0.00732	0.00732	0.00732	0.00651	0.00407	0.00976	0.00976	0.01301	0.02114	0.04391	0.02439	0.76419	0.03415	0.00651	0.00651	0.00976	0.00407	0.00407
25	0.01733	0.01665	0.08270	0.01479	0.01932	0.03811	0.06295	0.15351	0.29997	0.05068	0.02679	0.05205	0.09744	0.00970	0.00738	0.00222	0.02469	0.00808	0.00594	0.00969
26	0.01450	0.01261	0.01992	0.04191	0.11689	0.01288	0.14690	0.11980	0.06275	0.02342	0.02355	0.22398	0.02364	0.01361	0.03625	0.00274	0.00749	0.08372	0.00517	0.00828
27	0.00946	0.00650	0.00853	0.00942	0.01046	0.00615	0.00674	0.01106	0.01358	0.04893	0.05988	0.49465	0.13045	0.02264	0.08534	0.00349	0.00551	0.05527	0.00608	0.00587
28	0.60754	0.01256	0.01185	0.08169	0.03540	0.01426	0.00912	0.02031	0.01257	0.08700	0.01242	0.01594	0.00986	0.00705	0.00494	0.00214	0.00572	0.03750	0.00447	0.00767
29	0.01273	0.03412	0.01160	0.01069	0.03760	0.03207	0.00781	0.10487	0.04259	0.04709	0.11584	0.16834	0.31997	0.01450	0.00757	0.00224	0.00469	0.01228	0.00621	0.00718
30	0.01568	0.01532	0.02403	0.30370	0.33929	0.05143	0.05755	0.03426	0.05442	0.02058	0.01320	0.01742	0.01044	0.00650	0.00672	0.00210	0.00857	0.00609	0.00347	0.00922
31	0.01087	0.00831	0.00935	0.00923	0.01125	0.00818	0.00684	0.01595	0.15134	0.04300	0.10828	0.16906	0.28358	0.08702	0.01036	0.00277	0.00435	0.04723	0.00631	0.00672
32	0.08275	0.01467	0.02397	0.21750	0.49116	0.01561	0.01897	0.01965	0.01448	0.02140	0.01217	0.01645	0.00992	0.00618	0.00645	0.00206	0.00798	0.00578	0.00331	0.00954
33	0.01782	0.01444	0.02272	0.18092	0.39079	0.01513	0.01744	0.08293	0.03836	0.10225	0.01568	0.04442	0.01254	0.00722	0.00675	0.00209	0.00764	0.00659	0.00433	0.00994
34	0.03708	0.01522	0.02064	0.11407	0.15509	0.07753	0.09825	0.06615	0.13384	0.02248	0.01788	0.09259	0.01558	0.01052	0.03975	0.00257	0.03724	0.00765	0.02710	0.00877
35	0.00853	0.00607	0.00781	0.00888	0.00954	0.00565	0.00601	0.00996	0.01359	0.01836	0.12129	0.57080	0.08347	0.06343	0.00986	0.00282	0.00391	0.01705	0.02747	0.00551
36	0.01447	0.01456	0.04094	0.34950	0.23295	0.05905	0.01731	0.01832	0.01436	0.01923	0.05197	0.01946	0.01304	0.02418	0.00827	0.00225	0.05727	0.00627	0.02834	0.00827
37	0.01624	0.01496	0.02582	0.20080	0.49840	0.01551	0.05848	0.02037	0.01505	0.05080	0.01311	0.01725	0.01047	0.00623	0.00674	0.00207	0.00829	0.00612	0.00346	0.00985
38	0.00930	0.00621	0.00804	0.00863	0.00943	0.00579	0.00599	0.00973	0.01283	0.01680	0.10111	0.31233	0.17105	0.04665	0.01390	0.21099	0.00440	0.03652	0.00540	0.00489
39	0.10866	0.01177	0.01750	0.41341	0.10045	0.01393	0.01501	0.01654	0.01327	0.01916	0.01892	0.02306	0.10020	0.01016	0.03986	0.00262	0.05768	0.00678	0.00360	0.00744
40	0.01013	0.00763	0.01063	0.01050	0.01209	0.00725	0.05582	0.02794	0.01466	0.01987	0.09141	0.30700	0.13136	0.06762	0.00986	0.00278	0.00487	0.12582	0.07672	0.00604
41	0.04848	0.01106	0.01390	0.01139	0.01545	0.01046	0.00919	0.09726	0.05016	0.40352	0.14094	0.07125	0.05016	0.01041	0.00706	0.00215	0.00526	0.02461	0.00754	0.00974
42	0.00861	0.00655	0.00771	0.00805	0.00941	0.00590	0.00573	0.01037	0.01493	0.01939	0.20139	0.24576	0.30268	0.09196	0.01075	0.00280	0.00386	0.03228	0.00627	0.00561
43	0.01388	0.01336	0.02075	0.50811	0.17371	0.04558	0.01779	0.01777	0.01369	0.01777	0.01240	0.01876	0.01014	0.05015	0.00884	0.00244	0.03775	0.00611	0.00313	0.00789
44	0.04894	0.01470	0.04509	0.30951	0.32095	0.01548	0.01807	0.07356	0.01544	0.02166	0.01284	0.01791	0.01041	0.03871	0.00773	0.00229	0.00818	0.00601	0.00351	0.00902
45	0.01631	0.01616	0.02508	0.19715	0.52308	0.06557	0.01963	0.02025	0.01512	0.02048	0.01231	0.01658	0.01012	0.00621	0.00662	0.00203	0.00847	0.00586	0.00325	0.00972
46	0.00978	0.00763	0.01042	0.06914	0.05390	0.00761	0.00827	0.03989	0.01402	0.01851	0.03562	0.50574	0.12009	0.01944	0.04421	0.00296	0.00531	0.01555	0.00570	0.00621
47	0.04743	0.00991	0.01038	0.04056	0.01195	0.05060	0.00656	0.06115	0.03250	0.07207	0.01988	0.03552	0.02051	0.52485	0.02533	0.00509	0.00684	0.00848	0.00458	0.00582
48	0.04630	0.01646	0.04473	0.07927	0.11342	0.03424	0.04018	0.24692	0.19197	0.02938	0.01862	0.05578	0.01496	0.02842	0.00748	0.00226	0.00716	0.00706	0.00546	0.00992
49	0.01223	0.00992	0.01438	0.09396	0.14065	0.01087	0.01078	0.04167	0.05245	0.01794	0.01769	0.02794	0.01689	0.22426	0.27261	0.00635	0.01105	0.00751	0.00391	0.00693

[dist]
# distance from previous block
# <min> <max>
11	55

[block]
# block no. 9 follows, 32 sequences, length 12
# corresponding to MSA columns:
# 552-563
name=unknown_J
#
# <colnr> <probs for GDERKNQSTAVLIFYWHMCP>
#	G	D	E	R	K	N	Q	S	T	A	V	L	I	F	Y	W	H	M	C	P
0	0.01547	0.01361	0.02970	0.14197	0.12916	0.01487	0.01336	0.12612	0.18460	0.02475	0.04298	0.10434	0.06409	0.01013	0.00797	0.00227	0.05192	0.00850	0.00523	0.00898
1	0.01880	0.01623	0.01719	0.10440	0.02197	0.06222	0.01225	0.18953	0.42169	0.02936	0.02173	0.02125	0.01619	0.00843	0.00674	0.00218	0.00667	0.00682	0.00612	0.01024
2	0.01987	0.01382	0.01651	0.12501	0.02139	0.01470	0.01138	0.32536	0.02212	0.11561	0.02137	0.06771	0.05866	0.07127	0.00904	0.00241	0.00672	0.00758	0.00587	0.06359
3	0.01478	0.01338	0.01864	0.17631	0.02313	0.01717	0.01404	0.09973	0.01491	0.02122	0.11888	0.02098	0.01749	0.01049	0.01462	0.00254	0.38304	0.00687	0.00409	0.00771
4	0.01340	0.01244	0.02179	0.06282	0.02271	0.01221	0.26447	0.09909	0.01649	0.02192	0.02670	0.29053	0.08042	0.01251	0.00793	0.00240	0.00735	0.01212	0.00503	0.00766
5	0.01910	0.01747	0.02412	0.02857	0.35701	0.07610	0.07195	0.20758	0.02001	0.02676	0.01542	0.05253	0.01320	0.00774	0.00690	0.00207	0.00817	0.03071	0.00451	0.01008
6	0.11287	0.01533	0.01867	0.45986	0.07240	0.12497	0.01578	0.01910	0.01416	0.01919	0.01141	0.01582	0.00885	0.00653	0.00618	0.00205	0.00866	0.00530	0.00328	0.05960
7	0.01918	0.10629	0.01882	0.12538	0.02192	0.01667	0.01194	0.10364	0.31002	0.14029	0.04160	0.02158	0.01688	0.00821	0.00651	0.00210	0.00633	0.00667	0.00600	0.00998
8	0.01604	0.03683	0.02253	0.01952	0.07823	0.17423	0.19583	0.02022	0.06125	0.02035	0.10337	0.13397	0.02217	0.00990	0.00819	0.00219	0.05374	0.00892	0.00451	0.00800
9	0.49869	0.01375	0.01495	0.17032	0.12862	0.03581	0.01187	0.01951	0.01265	0.02572	0.01042	0.01328	0.00817	0.00631	0.00513	0.00209	0.00661	0.00450	0.00376	0.00783
10	0.01085	0.00910	0.01090	0.01068	0.01202	0.06727	0.00810	0.01311	0.01263	0.01717	0.12470	0.03023	0.02383	0.09836	0.51020	0.00838	0.01431	0.00792	0.00420	0.00603
11	0.01333	0.01108	0.01360	0.01160	0.01420	0.05394	0.06389	0.11893	0.01990	0.02693	0.43547	0.06560	0.06417	0.04666	0.00885	0.00231	0.00520	0.01058	0.00649	0.00726

[dist]
# distance from previous block
# <min> <max>
0	1

[block]
# block no. 10 follows, 32 sequences, length 19
# corresponding to MSA columns:
# 565-583
name=unknown_K
#
# <colnr> <probs for GDERKNQSTAVLIFYWHMCP>
#	G	D	E	R	K	N	Q	S	T	A	V	L	I	F	Y	W	H	M	C	P
0	0.02250	0.01719	0.01805	0.01459	0.01908	0.07024	0.01180	0.33134	0.17975	0.11284	0.01861	0.01836	0.01357	0.00832	0.00772	0.00206	0.06183	0.00621	0.00624	0.05969
1	0.02307	0.02827	0.01958	0.01909	0.07921	0.57934	0.01359	0.02603	0.06074	0.01758	0.01149	0.01347	0.00955	0.00733	0.00733	0.00187	0.06589	0.00478	0.00362	0.00816
2	0.00933	0.00706	0.00826	0.00868	0.01007	0.00659	0.00613	0.05232	0.01502	0.01937	0.08665	0.39369	0.27108	0.06160	0.00968	0.00271	0.00405	0.01564	0.00620	0.00586
3	0.01569	0.01838	0.09028	0.14101	0.18686	0.06032	0.26274	0.02038	0.01504	0.02040	0.01247	0.01658	0.00978	0.00621	0.00749	0.00208	0.03687	0.00633	0.00329	0.06780
4	0.01431	0.01415	0.02136	0.56318	0.16962	0.06837	0.01858	0.01849	0.01417	0.01798	0.01194	0.01722	0.00923	0.00659	0.00665	0.00215	0.00900	0.00584	0.00308	0.00807
5	0.02316	0.01839	0.04531	0.06253	0.02233	0.01973	0.01331	0.54980	0.11303	0.03816	0.01707	0.01725	0.01226	0.00804	0.00671	0.00206	0.00732	0.00619	0.00635	0.01100
6	0.01455	0.01136	0.01570	0.01446	0.05959	0.01120	0.08858	0.14909	0.01848	0.05723	0.05627	0.06092	0.22432	0.05846	0.00940	0.00260	0.00617	0.12808	0.00581	0.00777
7	0.02502	0.01855	0.01986	0.01534	0.02062	0.02058	0.01264	0.66309	0.06921	0.04150	0.01673	0.01660	0.01191	0.00811	0.00672	0.00203	0.00727	0.00613	0.00672	0.01137
8	0.01692	0.01531	0.01834	0.03706	0.01950	0.09488	0.10118	0.17656	0.08471	0.02494	0.02271	0.12787	0.05741	0.01171	0.02229	0.00245	0.07011	0.04857	0.03911	0.00837
9	0.01601	0.01505	0.02328	0.18566	0.26980	0.05415	0.10786	0.06186	0.03793	0.04218	0.01854	0.06354	0.05824	0.00802	0.00700	0.00214	0.00814	0.00751	0.00409	0.00902
10	0.02372	0.01725	0.02016	0.01688	0.06128	0.01870	0.03755	0.51157	0.07206	0.08888	0.01822	0.02009	0.01357	0.00843	0.00688	0.00209	0.00725	0.03794	0.00649	0.01098
11	0.01094	0.00852	0.01079	0.07402	0.01483	0.00863	0.00834	0.05855	0.07897	0.02026	0.03258	0.46983	0.07142	0.01649	0.00788	0.00247	0.00481	0.03677	0.00589	0.05803
12	0.01588	0.01501	0.09411	0.10743	0.13893	0.01296	0.12808	0.06313	0.01661	0.10368	0.09731	0.11388	0.02102	0.00918	0.00719	0.00217	0.00740	0.00856	0.00488	0.03261
13	0.04572	0.05850	0.01838	0.01423	0.06074	0.05098	0.04269	0.14029	0.01798	0.08396	0.03638	0.01619	0.01229	0.00636	0.00575	0.00152	0.00639	0.00513	0.00478	0.37176
14	0.01600	0.01067	0.01370	0.01286	0.05264	0.01089	0.00942	0.14248	0.01900	0.12577	0.23770	0.14709	0.03356	0.01442	0.05177	0.00270	0.04718	0.01010	0.00639	0.03564
15	0.01285	0.00988	0.01219	0.02748	0.01419	0.00991	0.02868	0.15578	0.04038	0.02443	0.11460	0.32497	0.11730	0.01499	0.00775	0.00233	0.00495	0.02620	0.00622	0.04491
16	0.01558	0.05970	0.12885	0.01377	0.06198	0.01192	0.01178	0.09968	0.01777	0.10619	0.14409	0.07839	0.11127	0.01043	0.00689	0.00203	0.00591	0.02383	0.00558	0.08438
17	0.01853	0.04735	0.13587	0.01909	0.14050	0.10922	0.01474	0.12943	0.09246	0.06569	0.01888	0.02090	0.05344	0.00788	0.00648	0.00196	0.00771	0.02592	0.00475	0.07920
18	0.01722	0.04154	0.07129	0.05258	0.08220	0.11567	0.07111	0.13840	0.09992	0.02418	0.02255	0.05723	0.10151	0.00887	0.00674	0.00202	0.00760	0.00745	0.00483	0.06709

[dist]
# distance from previous block
# <min> <max>
2	62

[block]
# block no. 11 follows, 32 sequences, length 39
# corresponding to MSA columns:
# 646-684
name=unknown_L
#
# <colnr> <probs for GDERKNQSTAVLIFYWHMCP>
#	G	D	E	R	K	N	Q	S	T	A	V	L	I	F	Y	W	H	M	C	P
0	0.01667	0.01886	0.11146	0.04282	0.16531	0.14270	0.01424	0.04266	0.05421	0.04540	0.06224	0.04383	0.04128	0.00815	0.00652	0.00190	0.00761	0.02980	0.00440	0.13995
1	0.04260	0.06542	0.01837	0.01579	0.09186	0.01402	0.06177	0.08885	0.16574	0.04019	0.04315	0.05090	0.08268	0.00888	0.00653	0.00194	0.00605	0.02946	0.00523	0.16056
2	0.07195	0.12563	0.06648	0.01358	0.06339	0.03869	0.03603	0.04074	0.01626	0.09108	0.15991	0.02539	0.07146	0.00848	0.00620	0.00181	0.00601	0.00696	0.00502	0.14494
3	0.04378	0.06115	0.07110	0.04931	0.13826	0.06158	0.07374	0.09456	0.08465	0.09357	0.04012	0.04344	0.01472	0.00804	0.00756	0.00210	0.05698	0.00664	0.03935	0.00934
4	0.08955	0.07456	0.04493	0.06847	0.09084	0.12778	0.01317	0.10567	0.13012	0.07396	0.01585	0.01817	0.01245	0.00777	0.00710	0.00204	0.05073	0.02436	0.00475	0.03771
5	0.01691	0.04013	0.01766	0.04322	0.10169	0.01390	0.03301	0.18289	0.09035	0.05333	0.09913	0.02597	0.09565	0.00878	0.00663	0.00189	0.00603	0.00739	0.00554	0.14989
6	0.04410	0.01255	0.01389	0.01256	0.03706	0.06501	0.02845	0.07862	0.09054	0.07377	0.10355	0.09325	0.13680	0.01129	0.00741	0.00209	0.02534	0.04459	0.00577	0.11336
7	0.04310	0.01423	0.01806	0.17502	0.15263	0.06225	0.01373	0.13276	0.06021	0.04041	0.09925	0.04787	0.01924	0.01018	0.03393	0.00241	0.00756	0.02571	0.00487	0.03658
8	0.01914	0.04208	0.01929	0.07117	0.12446	0.22383	0.03576	0.06520	0.06409	0.06937	0.01884	0.02013	0.07405	0.00763	0.00636	0.00184	0.00814	0.00611	0.00446	0.11806
9	0.06053	0.01576	0.01650	0.03851	0.09356	0.10723	0.01138	0.11417	0.15549	0.02469	0.01778	0.01943	0.03615	0.01187	0.08314	0.00276	0.00806	0.00595	0.00479	0.17224
10	0.01754	0.01571	0.01812	0.18665	0.04836	0.09165	0.01368	0.05008	0.28026	0.06959	0.01832	0.01977	0.01395	0.00851	0.00892	0.00227	0.11600	0.00645	0.00499	0.00919
11	0.01902	0.01653	0.01691	0.03627	0.04214	0.10646	0.01154	0.09894	0.32269	0.07669	0.01981	0.01970	0.01497	0.00810	0.00740	0.00203	0.05304	0.00627	0.00565	0.11584
12	0.02392	0.01796	0.01926	0.01499	0.02018	0.01981	0.01229	0.58807	0.11765	0.03966	0.01738	0.01716	0.01251	0.00807	0.00666	0.00201	0.00702	0.00616	0.00662	0.04261
13	0.00815	0.00595	0.00767	0.00905	0.00966	0.00547	0.00610	0.00938	0.01313	0.01724	0.04054	0.68006	0.12184	0.02056	0.00849	0.00267	0.00384	0.01851	0.00623	0.00547
14	0.01267	0.01193	0.02013	0.74806	0.04621	0.01491	0.01863	0.01714	0.01342	0.01714	0.01193	0.01789	0.00894	0.00671	0.00671	0.00224	0.00894	0.00596	0.00298	0.00745
15	0.01267	0.01193	0.02013	0.74806	0.04621	0.01491	0.01863	0.01714	0.01342	0.01714	0.01193	0.01789	0.00894	0.00671	0.00671	0.00224	0.00894	0.00596	0.00298	0.00745
16	0.01834	0.01523	0.01610	0.01399	0.01808	0.01746	0.01102	0.15977	0.58342	0.03073	0.02522	0.02337	0.01879	0.00891	0.00681	0.00223	0.00570	0.00730	0.00681	0.01077
17	0.01880	0.01946	0.01635	0.01393	0.04219	0.27481	0.01040	0.02203	0.04625	0.04658	0.01260	0.01416	0.01020	0.00602	0.00557	0.00139	0.00771	0.00443	0.00405	0.42307
18	0.02551	0.01879	0.02014	0.01544	0.02081	0.02081	0.01275	0.69996	0.03155	0.04229	0.01611	0.01611	0.01141	0.00805	0.00671	0.00201	0.00738	0.00604	0.00671	0.01141
19	0.02551	0.01879	0.02014	0.01544	0.02081	0.02081	0.01275	0.69996	0.03155	0.04229	0.01611	0.01611	0.01141	0.00805	0.00671	0.00201	0.00738	0.00604	0.00671	0.01141
20	0.00793	0.00680	0.00680	0.00680	0.00906	0.00566	0.00510	0.00963	0.01529	0.01813	0.06797	0.06457	0.71961	0.01699	0.00793	0.00227	0.00340	0.01416	0.00623	0.00566
21	0.01444	0.01373	0.02332	0.43036	0.35009	0.01537	0.01951	0.01869	0.01425	0.01929	0.01224	0.01731	0.00970	0.00638	0.00668	0.00213	0.00851	0.00597	0.00313	0.00888
22	0.01267	0.01193	0.02013	0.74806	0.04621	0.01491	0.01863	0.01714	0.01342	0.01714	0.01193	0.01789	0.00894	0.00671	0.00671	0.00224	0.00894	0.00596	0.00298	0.00745
23	0.03010	0.01142	0.01557	0.01194	0.01713	0.00986	0.00986	0.03270	0.01920	0.72698	0.02647	0.02284	0.01661	0.00830	0.00675	0.00208	0.00571	0.00675	0.00830	0.01142
24	0.03010	0.01142	0.01557	0.01194	0.01713	0.00986	0.00986	0.03270	0.01920	0.72698	0.02647	0.02284	0.01661	0.00830	0.00675	0.00208	0.00571	0.00675	0.00830	0.01142
25	0.02551	0.01879	0.02014	0.01544	0.02081	0.02081	0.01275	0.69996	0.03155	0.04229	0.01611	0.01611	0.01141	0.00805	0.00671	0.00201	0.00738	0.00604	0.00671	0.01141
26	0.01169	0.00946	0.01032	0.00947	0.01213	0.00951	0.00728	0.06842	0.17604	0.02465	0.23534	0.04789	0.32472	0.01361	0.00758	0.00221	0.00407	0.01149	0.00672	0.00741
27	0.00824	0.00608	0.00755	0.00867	0.00942	0.00557	0.00584	0.00943	0.01312	0.01703	0.04218	0.56544	0.18128	0.07410	0.01029	0.00291	0.00398	0.01739	0.00607	0.00539
28	0.01736	0.01606	0.01664	0.11716	0.02184	0.09573	0.01216	0.07794	0.43874	0.02578	0.04496	0.02243	0.01791	0.00871	0.00732	0.00221	0.03463	0.00698	0.00578	0.00965
29	0.02201	0.03963	0.01827	0.12649	0.02295	0.08300	0.01248	0.20157	0.19643	0.17731	0.01977	0.01954	0.01410	0.00799	0.00661	0.00208	0.00717	0.00634	0.00609	0.01018
30	0.02072	0.01680	0.01716	0.04036	0.01910	0.11111	0.01136	0.25636	0.08839	0.09481	0.08897	0.02028	0.01733	0.00841	0.00754	0.00195	0.05548	0.00638	0.00578	0.11172
31	0.01973	0.01821	0.01718	0.01459	0.01832	0.21733	0.04082	0.09427	0.11134	0.09665	0.03814	0.02220	0.03691	0.01159	0.05968	0.00262	0.05612	0.03267	0.00509	0.08653
32	0.06909	0.04255	0.01743	0.03942	0.01900	0.06413	0.03553	0.18811	0.12318	0.08825	0.06584	0.01928	0.01586	0.00756	0.00620	0.00183	0.00650	0.00603	0.00556	0.17866
33	0.01639	0.03963	0.01509	0.04421	0.01693	0.05598	0.03290	0.13367	0.06348	0.09849	0.06684	0.11742	0.10904	0.01457	0.05933	0.00282	0.00699	0.06468	0.00584	0.03571
34	0.05084	0.01572	0.01639	0.06721	0.06552	0.11504	0.01144	0.09264	0.18233	0.13462	0.02113	0.06434	0.03609	0.00860	0.00652	0.00201	0.00678	0.00698	0.00562	0.09018
35	0.01861	0.11713	0.04601	0.08882	0.08905	0.14858	0.01278	0.07697	0.06381	0.06992	0.03435	0.01729	0.01269	0.02892	0.00679	0.00189	0.00770	0.00542	0.00434	0.14894
36	0.10181	0.01244	0.01501	0.01235	0.01606	0.01287	0.03421	0.15269	0.06196	0.15139	0.09886	0.10346	0.02200	0.03419	0.00860	0.00225	0.05683	0.00810	0.00602	0.08890
37	0.04832	0.01729	0.01744	0.11398	0.04535	0.13809	0.01239	0.28005	0.04729	0.04966	0.01973	0.04669	0.06595	0.01146	0.05402	0.00262	0.00847	0.00688	0.00525	0.00906
38	0.01945	0.04509	0.06920	0.01647	0.06402	0.14142	0.03656	0.17056	0.11880	0.06650	0.01883	0.04065	0.04005	0.03456	0.02981	0.00243	0.03318	0.00664	0.00507	0.04070

[dist]
# distance from previous block
# <min> <max>
1	30

[block]
# block no. 12 follows, 32 sequences, length 24
# corresponding to MSA columns:
# 715-738
name=unknown_M
#
# <colnr> <probs for GDERKNQSTAVLIFYWHMCP>
#	G	D	E	R	K	N	Q	S	T	A	V	L	I	F	Y	W	H	M	C	P
