[name]
unknown

[dist]
# distance from previous block
# <min> <max>
0	9

[block]
# block no. 0 follows, 32 sequences, length 12
# corresponding to MSA columns:
# 9-20
name=unknown_A
#
# <colnr> <probs for GDERKNQSTAVLIFYWHMCP>
#	G	D	E	R	K	N	Q	S	T	A	V	L	I	F	Y	W	H	M	C	P
0	0.01061	0.00758	0.01057	0.01204	0.01351	0.00754	0.01038	0.01359	0.01542	0.02015	0.06046	0.11513	0.03985	0.01851	0.00918	0.00303	0.00593	0.61415	0.00623	0.00614
1	0.00967	0.00741	0.00986	0.01018	0.01054	0.00821	0.00716	0.01078	0.01141	0.01572	0.02626	0.36620	0.03029	0.21039	0.12962	0.00495	0.10796	0.01312	0.00483	0.00544
2	0.02335	0.01197	0.01479	0.01172	0.01642	0.01118	0.00949	0.08791	0.11297	0.40195	0.07313	0.02569	0.05869	0.00886	0.00669	0.00198	0.00542	0.00726	0.00728	0.10325
3	0.01637	0.01647	0.02644	0.10153	0.49071	0.06690	0.09812	0.02039	0.01564	0.02131	0.05106	0.01841	0.01315	0.00650	0.00682	0.00203	0.00848	0.00642	0.00353	0.00971
4	0.02781	0.01429	0.01609	0.01259	0.01765	0.09528	0.01022	0.06931	0.01943	0.54169	0.02270	0.02040	0.01479	0.00783	0.00651	0.00194	0.00649	0.00618	0.00726	0.08155
5	0.09727	0.01574	0.09859	0.01288	0.01841	0.06288	0.01159	0.02979	0.01791	0.53201	0.02212	0.02000	0.01426	0.00780	0.00642	0.00206	0.00661	0.00609	0.00695	0.01061
6	0.02546	0.01101	0.01437	0.01134	0.01587	0.00987	0.00925	0.07598	0.01973	0.53529	0.11087	0.02913	0.08156	0.00966	0.00698	0.00209	0.00533	0.00796	0.00791	0.01033
7	0.04911	0.01638	0.01642	0.01359	0.01743	0.11315	0.02757	0.28254	0.03452	0.08808	0.02676	0.06287	0.15080	0.01046	0.00793	0.00214	0.05731	0.00808	0.00586	0.00900
8	0.02342	0.01382	0.09785	0.01253	0.01733	0.01091	0.01114	0.08379	0.04158	0.42448	0.05651	0.06517	0.01877	0.01042	0.00860	0.07347	0.00611	0.00740	0.00684	0.00987
9	0.02085	0.01454	0.01626	0.01308	0.01747	0.01532	0.01048	0.34156	0.12950	0.11455	0.07973	0.06131	0.01987	0.03455	0.00770	0.00217	0.00608	0.00751	0.00662	0.08085
10	0.09657	0.01188	0.01343	0.03485	0.03877	0.03615	0.00945	0.10029	0.09263	0.14516	0.10074	0.13928	0.10411	0.01159	0.00752	0.00223	0.03115	0.00956	0.00622	0.00841
11	0.13783	0.01373	0.01461	0.01138	0.01659	0.01331	0.00916	0.14060	0.13826	0.02779	0.01496	0.01578	0.01163	0.00643	0.00548	0.00156	0.00549	0.00492	0.00498	0.40553

[dist]
# distance from previous block
# <min> <max>
0	8

[block]
# block no. 1 follows, 32 sequences, length 41
# corresponding to MSA columns:
# 29-69
name=unknown_B
#
# <colnr> <probs for GDERKNQSTAVLIFYWHMCP>
#	G	D	E	R	K	N	Q	S	T	A	V	L	I	F	Y	W	H	M	C	P
0	0.01316	0.00994	0.03287	0.06752	0.01571	0.00924	0.00916	0.04701	0.07317	0.08779	0.13915	0.13570	0.13298	0.04955	0.00885	0.00249	0.00520	0.09362	0.00606	0.06081
1	0.01534	0.01500	0.02421	0.19804	0.44517	0.04435	0.05107	0.01930	0.01520	0.02065	0.04612	0.02026	0.04184	0.00697	0.00680	0.00207	0.00812	0.00661	0.00355	0.00932
2	0.55909	0.01579	0.09338	0.01056	0.01508	0.04857	0.00960	0.01993	0.04343	0.02694	0.01498	0.01636	0.05885	0.00886	0.03304	0.00242	0.00643	0.00488	0.00421	0.00758
3	0.19765	0.01429	0.01497	0.01227	0.01692	0.01519	0.00998	0.20747	0.16589	0.09953	0.01828	0.02000	0.01399	0.00793	0.00603	0.00199	0.00587	0.03761	0.00589	0.12823
4	0.06435	0.00899	0.01273	0.01115	0.01354	0.00885	0.08296	0.01521	0.06313	0.02436	0.39523	0.07638	0.08678	0.03758	0.04672	0.00279	0.00536	0.03084	0.00623	0.00681
5	0.01552	0.01161	0.01465	0.01215	0.01538	0.04043	0.05590	0.07096	0.04860	0.10148	0.03935	0.05301	0.01803	0.15288	0.14638	0.00432	0.02713	0.00742	0.00487	0.15995
6	0.00859	0.00610	0.00806	0.00948	0.00995	0.00578	0.00652	0.00986	0.01284	0.01707	0.03541	0.62372	0.04198	0.08746	0.01093	0.00310	0.00437	0.08735	0.00603	0.00540
7	0.01823	0.64632	0.03253	0.05056	0.01904	0.05485	0.01195	0.04841	0.03414	0.01731	0.01029	0.01181	0.00908	0.00603	0.00467	0.00154	0.00743	0.00396	0.00317	0.00869
8	0.01995	0.01397	0.01707	0.01377	0.01745	0.03042	0.05659	0.26137	0.05887	0.14031	0.05809	0.05331	0.05141	0.08916	0.01148	0.02717	0.05662	0.00790	0.00602	0.00906
9	0.01241	0.01074	0.01217	0.01135	0.01292	0.05901	0.00863	0.04175	0.08613	0.01847	0.06000	0.03189	0.09529	0.15303	0.26392	0.00593	0.09692	0.00829	0.00453	0.00662
10	0.01777	0.74006	0.06182	0.01177	0.01768	0.02613	0.01199	0.02014	0.01365	0.01600	0.00943	0.01089	0.00861	0.00576	0.00438	0.00146	0.00728	0.00364	0.00287	0.00866
11	0.01452	0.00960	0.01106	0.00963	0.01255	0.00933	0.00754	0.12320	0.05267	0.11149	0.27143	0.04338	0.23640	0.01264	0.00739	0.00212	0.00430	0.01064	0.04235	0.00775
12	0.01604	0.01585	0.02625	0.18881	0.50670	0.04319	0.06531	0.02016	0.01506	0.02067	0.01245	0.01681	0.01017	0.00615	0.00672	0.00205	0.00856	0.00604	0.00326	0.00974
13	0.00886	0.00649	0.00733	0.00768	0.00904	0.00593	0.00540	0.01047	0.01387	0.01833	0.08398	0.22406	0.32556	0.11577	0.04122	0.00320	0.00448	0.01355	0.08926	0.00552
14	0.00810	0.00674	0.00709	0.00727	0.00931	0.00573	0.00543	0.00984	0.01520	0.01841	0.08776	0.13078	0.61037	0.01731	0.00803	0.00233	0.00352	0.03483	0.00627	0.00568
15	0.01512	0.01718	0.06218	0.02714	0.12391	0.01599	0.46942	0.02003	0.01532	0.02122	0.04555	0.05432	0.01407	0.00723	0.00866	0.00228	0.05974	0.00812	0.00364	0.00889
16	0.01056	0.00724	0.00974	0.00960	0.01069	0.00823	0.00728	0.01281	0.01144	0.01759	0.01886	0.02755	0.01740	0.12257	0.44200	0.00766	0.04824	0.00720	0.19745	0.00589
17	0.01658	0.01610	0.05898	0.17679	0.38473	0.01584	0.08394	0.05398	0.05534	0.05141	0.01412	0.01760	0.01099	0.00649	0.00678	0.00209	0.00831	0.00624	0.00381	0.00988
18	0.09757	0.01503	0.01484	0.01239	0.01645	0.09829	0.00982	0.15398	0.12482	0.22369	0.04319	0.02340	0.04957	0.04512	0.00776	0.00226	0.00641	0.00680	0.03915	0.00948
19	0.04909	0.01208	0.01525	0.01190	0.01675	0.01123	0.00977	0.12965	0.02056	0.53106	0.05352	0.02533	0.06449	0.00900	0.00679	0.00208	0.00569	0.00726	0.00778	0.01072
20	0.00871	0.00690	0.00916	0.00943	0.01089	0.00624	0.03688	0.01056	0.01455	0.01883	0.11750	0.39172	0.26285	0.01814	0.00830	0.00251	0.00411	0.05067	0.00622	0.00581
21	0.04511	0.00911	0.01092	0.05215	0.01382	0.04370	0.00821	0.01479	0.04579	0.06477	0.02611	0.17048	0.08611	0.07761	0.25647	0.04399	0.00980	0.00987	0.00480	0.00638
22	0.01555	0.01454	0.02412	0.31295	0.42432	0.01580	0.01942	0.05488	0.01541	0.02114	0.01254	0.01708	0.01002	0.00637	0.00667	0.00209	0.00832	0.00598	0.00337	0.00944
23	0.00821	0.00587	0.00782	0.00932	0.00974	0.00547	0.00623	0.00943	0.01301	0.01739	0.05522	0.74082	0.04489	0.02083	0.00855	0.00271	0.00387	0.01889	0.00626	0.00547
24	0.06335	0.01853	0.08496	0.05650	0.13371	0.08601	0.16210	0.08221	0.14202	0.02405	0.01767	0.05385	0.02904	0.00779	0.00685	0.00215	0.00832	0.00711	0.00447	0.00931
25	0.01437	0.11523	0.54444	0.02028	0.06185	0.01699	0.09364	0.02111	0.01433	0.02069	0.01192	0.01431	0.00879	0.00621	0.00631	0.00205	0.00966	0.00516	0.00292	0.00971
26	0.01004	0.00696	0.00853	0.00917	0.01040	0.00656	0.00656	0.01217	0.04243	0.05188	0.04020	0.37918	0.17856	0.11892	0.01180	0.00313	0.00454	0.08704	0.00606	0.00589
27	0.01313	0.01384	0.09625	0.01488	0.08049	0.04092	0.03166	0.08850	0.06611	0.02289	0.11633	0.21508	0.11427	0.01447	0.03771	0.00263	0.00643	0.01112	0.00550	0.00781
28	0.01433	0.01435	0.02071	0.54350	0.10165	0.07940	0.01789	0.01820	0.01375	0.01740	0.01152	0.01693	0.00905	0.00719	0.00825	0.00224	0.08702	0.00581	0.00305	0.00776
29	0.00914	0.00692	0.00855	0.00871	0.01018	0.00652	0.00634	0.01215	0.04896	0.02189	0.32814	0.25524	0.18794	0.01776	0.03785	0.00268	0.00413	0.01413	0.00664	0.00613
30	0.00891	0.00611	0.00783	0.00891	0.00963	0.00575	0.00616	0.01056	0.01371	0.01903	0.10952	0.53967	0.06130	0.04069	0.00886	0.00265	0.00388	0.04156	0.08965	0.00562
31	0.15319	0.01929	0.02094	0.04975	0.26585	0.20039	0.04704	0.08299	0.01721	0.02381	0.04885	0.01632	0.01231	0.00686	0.00621	0.00197	0.00845	0.00558	0.00401	0.00899
32	0.01099	0.04537	0.01148	0.00991	0.01214	0.04230	0.03979	0.01315	0.01567	0.04885	0.16424	0.21424	0.28389	0.01550	0.00782	0.00231	0.00467	0.04518	0.00609	0.00640
33	0.00816	0.00589	0.00773	0.00921	0.00970	0.00546	0.00617	0.00936	0.01297	0.01718	0.03861	0.72336	0.07978	0.02081	0.00853	0.00270	0.00387	0.01882	0.00623	0.00546
34	0.01497	0.02614	0.39186	0.01788	0.05249	0.09734	0.04476	0.04889	0.06268	0.02246	0.09528	0.06147	0.01789	0.00832	0.00675	0.00212	0.00862	0.00688	0.00409	0.00911
35	0.04025	0.06438	0.02122	0.09892	0.30443	0.01486	0.01480	0.02254	0.12300	0.07800	0.01818	0.01996	0.04597	0.00713	0.00633	0.00193	0.00678	0.00622	0.00443	0.10066
36	0.02294	0.02362	0.01876	0.01609	0.01994	0.34151	0.01259	0.22883	0.14844	0.02626	0.01507	0.01584	0.01164	0.00799	0.00750	0.00200	0.06106	0.00554	0.00501	0.00935
37	0.01146	0.00733	0.00951	0.01018	0.01141	0.00702	0.00730	0.05804	0.01484	0.08211	0.03455	0.59856	0.03931	0.01885	0.00833	0.00264	0.00444	0.06122	0.00644	0.00643
38	0.01798	0.04246	0.16234	0.02827	0.34903	0.03525	0.06534	0.06061	0.01668	0.10369	0.04328	0.01800	0.01297	0.00676	0.00666	0.00203	0.00818	0.00614	0.00415	0.01020
39	0.06800	0.01356	0.01987	0.18465	0.30632	0.03530	0.01562	0.01908	0.04769	0.02145	0.04944	0.05720	0.01614	0.00806	0.00665	0.00208	0.00722	0.04475	0.00402	0.07288
40	0.01900	0.04110	0.02182	0.16171	0.24967	0.17827	0.01590	0.08101	0.05773	0.05075	0.01358	0.01623	0.01066	0.00673	0.00639	0.00193	0.00861	0.00556	0.00401	0.04936

[dist]
# distance from previous block
# <min> <max>
0	14

[block]
# block no. 2 follows, 32 sequences, length 45
# corresponding to MSA columns:
# 84-128
name=unknown_C
#
# <colnr> <probs for GDERKNQSTAVLIFYWHMCP>
#	G	D	E	R	K	N	Q	S	T	A	V	L	I	F	Y	W	H	M	C	P
0	0.03321	0.09269	0.18978	0.01848	0.11406	0.01533	0.06100	0.07774	0.06113	0.10313	0.03179	0.01701	0.01235	0.00669	0.00617	0.00186	0.00744	0.00560	0.00445	0.14009
1	0.10351	0.08850	0.03887	0.03912	0.04269	0.22195	0.03432	0.15862	0.09829	0.08905	0.01495	0.01566	0.01123	0.00725	0.00609	0.00194	0.00835	0.00535	0.00490	0.00935
2	0.01629	0.01761	0.10274	0.22994	0.16987	0.07351	0.05484	0.07780	0.05836	0.04224	0.01430	0.01793	0.01111	0.01065	0.07143	0.00287	0.00960	0.00606	0.00385	0.00900
3	0.01632	0.01628	0.03465	0.01730	0.11771	0.14485	0.02769	0.04742	0.21823	0.02246	0.07565	0.04806	0.02027	0.08017	0.06165	0.00310	0.00801	0.00752	0.02413	0.00854
4	0.00826	0.00689	0.00723	0.00735	0.00941	0.00596	0.00543	0.01042	0.03333	0.01870	0.09480	0.14268	0.59211	0.01709	0.00797	0.00231	0.00349	0.01446	0.00630	0.00580
5	0.00867	0.00718	0.00765	0.00747	0.00967	0.00633	0.00562	0.01151	0.04963	0.02041	0.19934	0.05970	0.55137	0.01594	0.00787	0.00223	0.00344	0.01343	0.00650	0.00604
6	0.01391	0.01193	0.01391	0.00994	0.01590	0.00894	0.00795	0.01690	0.01391	0.02186	0.01193	0.01391	0.00994	0.00497	0.00497	0.00099	0.00497	0.00398	0.00398	0.80521
7	0.00830	0.00593	0.00793	0.00949	0.00993	0.00556	0.00645	0.00956	0.01297	0.01727	0.03691	0.72675	0.04410	0.02090	0.00860	0.00274	0.00400	0.05087	0.00623	0.00549
8	0.01231	0.00914	0.01076	0.01031	0.01274	0.00918	0.00817	0.04721	0.14997	0.05392	0.23150	0.07165	0.19020	0.01423	0.00789	0.00238	0.00452	0.13978	0.00677	0.00738
9	0.02395	0.02886	0.01856	0.01669	0.02030	0.59950	0.01263	0.06548	0.11358	0.01944	0.01299	0.01408	0.01041	0.00728	0.00619	0.00182	0.01092	0.00486	0.00410	0.00837
10	0.00946	0.00708	0.01005	0.01005	0.01121	0.00794	0.00762	0.01153	0.01105	0.01551	0.02262	0.03161	0.07789	0.12780	0.59588	0.00957	0.01543	0.00808	0.00387	0.00575
11	0.00880	0.00694	0.00801	0.00804	0.00999	0.00614	0.00623	0.01116	0.01651	0.02121	0.27402	0.06133	0.42057	0.01613	0.00810	0.00232	0.00368	0.09828	0.00660	0.00595
12	0.00815	0.00595	0.00767	0.00905	0.00966	0.00547	0.00610	0.00938	0.01313	0.01724	0.04054	0.67997	0.12192	0.02056	0.00849	0.00267	0.00384	0.01851	0.00623	0.00547
13	0.02448	0.01345	0.01610	0.01255	0.01746	0.01311	0.01023	0.24048	0.04783	0.34646	0.04984	0.04152	0.03940	0.00874	0.00669	0.00198	0.00593	0.00704	0.00716	0.08953
14	0.00822	0.00589	0.00774	0.00919	0.00963	0.00549	0.00612	0.00937	0.01282	0.01702	0.03741	0.71233	0.06523	0.04714	0.00945	0.00284	0.00397	0.01859	0.00615	0.00541
15	0.06805	0.00719	0.00790	0.00768	0.00945	0.00735	0.00575	0.01585	0.01346	0.07297	0.02183	0.07470	0.01875	0.06699	0.09751	0.00320	0.00557	0.00733	0.48201	0.00645
16	0.13766	0.05886	0.32798	0.05169	0.02454	0.01593	0.06777	0.08369	0.04505	0.07149	0.01385	0.01571	0.01013	0.00855	0.03712	0.00246	0.00876	0.00538	0.00401	0.00937
17	0.73918	0.01237	0.00954	0.00859	0.01251	0.01426	0.00703	0.01935	0.01166	0.02964	0.01048	0.01218	0.00817	0.00637	0.00420	0.00203	0.00500	0.00387	0.07639	0.00717
18	0.01368	0.01158	0.01440	0.01112	0.01532	0.01031	0.03247	0.04817	0.01378	0.02068	0.01455	0.05463	0.01384	0.12622	0.01150	0.00222	0.07436	0.00602	0.00411	0.50105
19	0.01231	0.00982	0.01238	0.01145	0.01372	0.01033	0.03807	0.01877	0.19368	0.05186	0.13903	0.20264	0.15975	0.01419	0.00878	0.00241	0.05795	0.02907	0.00629	0.00751
20	0.00944	0.00637	0.00741	0.00772	0.00780	0.00629	0.00450	0.00967	0.01038	0.01384	0.02432	0.18745	0.02840	0.61518	0.02902	0.00575	0.00598	0.01163	0.00450	0.00434
21	0.06888	0.03061	0.01853	0.01677	0.02031	0.68004	0.01264	0.04237	0.01889	0.01780	0.01045	0.01213	0.00863	0.00690	0.00596	0.00175	0.01160	0.00432	0.00357	0.00784
22	0.00909	0.00677	0.00846	0.00819	0.00982	0.00614	0.00609	0.01182	0.01781	0.02447	0.54122	0.10747	0.18806	0.01491	0.00797	0.00219	0.00327	0.01306	0.00708	0.00614
23	0.02155	0.01917	0.01963	0.01616	0.01943	0.13347	0.01312	0.36314	0.02250	0.02944	0.01379	0.04254	0.01141	0.00946	0.01126	0.00227	0.23101	0.00620	0.00505	0.00940
24	0.01701	0.01582	0.13668	0.01198	0.01835	0.01057	0.01127	0.04442	0.01558	0.15064	0.01638	0.01715	0.03179	0.00628	0.00568	0.00146	0.00599	0.00502	0.00473	0.47319
25	0.01506	0.01105	0.04644	0.03444	0.01520	0.00998	0.00928	0.06826	0.10339	0.13328	0.27991	0.07350	0.08664	0.01171	0.00735	0.00215	0.00488	0.03446	0.00670	0.04631
26	0.00820	0.00621	0.00759	0.00866	0.00968	0.00560	0.00605	0.00961	0.01371	0.01755	0.04664	0.51586	0.25569	0.01966	0.00839	0.00260	0.00383	0.04269	0.00623	0.00555
27	0.01672	0.01620	0.10189	0.40693	0.12872	0.04566	0.01793	0.05317	0.01562	0.11239	0.01407	0.01761	0.01023	0.00685	0.00664	0.00214	0.00856	0.00589	0.00391	0.00888
28	0.05406	0.01670	0.07289	0.10226	0.58056	0.01578	0.02006	0.02028	0.01485	0.02183	0.01236	0.01629	0.01017	0.00608	0.00651	0.00203	0.00806	0.00580	0.00330	0.01013
29	0.01361	0.01288	0.02182	0.57964	0.20731	0.01515	0.01910	0.01797	0.01386	0.01828	0.01209	0.01758	0.00935	0.00653	0.00669	0.00218	0.00871	0.00597	0.00306	0.00821
30	0.00907	0.00673	0.00892	0.00924	0.01023	0.00702	0.00666	0.01067	0.01173	0.01584	0.03030	0.18608	0.13429	0.16633	0.34781	0.00703	0.01075	0.01118	0.00463	0.00549
31	0.01512	0.02033	0.17487	0.06290	0.05279	0.12990	0.09648	0.02059	0.08593	0.01977	0.01837	0.14831	0.01734	0.01009	0.00845	0.00230	0.07438	0.02965	0.00415	0.00829
32	0.07115	0.04445	0.01224	0.01093	0.01288	0.00870	0.05339	0.01430	0.03644	0.07890	0.03213	0.50246	0.06305	0.01652	0.00775	0.00249	0.00482	0.01481	0.00592	0.00666
33	0.00813	0.00602	0.00760	0.00886	0.00960	0.00549	0.00601	0.00940	0.01331	0.01732	0.04288	0.62741	0.17297	0.02025	0.00844	0.00264	0.00380	0.01814	0.00623	0.00549
34	0.01860	0.01266	0.01366	0.01155	0.01489	0.03036	0.00924	0.31280	0.02221	0.06491	0.06767	0.07930	0.02047	0.01110	0.02965	0.00227	0.00597	0.03594	0.22804	0.00871
35	0.01416	0.02574	0.39421	0.07518	0.03128	0.01572	0.25057	0.02120	0.04124	0.02116	0.01393	0.03984	0.01070	0.00673	0.00701	0.00220	0.00995	0.00658	0.00329	0.00933
36	0.08984	0.00804	0.00820	0.00813	0.00880	0.03079	0.00517	0.01171	0.01066	0.01554	0.02036	0.04053	0.02263	0.58851	0.04625	0.00572	0.00675	0.04600	0.02165	0.00472
37	0.01596	0.01574	0.02820	0.13419	0.52444	0.01596	0.12580	0.02027	0.01512	0.02121	0.01268	0.01701	0.01033	0.00603	0.00685	0.00207	0.00862	0.00628	0.00329	0.00996
38	0.01323	0.01242	0.06277	0.01332	0.01644	0.03407	0.10438	0.04705	0.09637	0.04735	0.07389	0.26062	0.05443	0.06441	0.00931	0.00258	0.00608	0.01147	0.04359	0.02622
39	0.01218	0.00885	0.03937	0.00857	0.01102	0.00785	0.00699	0.05578	0.01637	0.02534	0.22526	0.03212	0.05470	0.01255	0.05630	0.00239	0.00484	0.00810	0.35110	0.06033
40	0.01693	0.04713	0.02528	0.06949	0.54852	0.01580	0.01838	0.02176	0.06186	0.05202	0.01399	0.01712	0.01135	0.00626	0.00648	0.00196	0.00757	0.00592	0.00377	0.04841
41	0.01236	0.00932	0.01319	0.01318	0.06085	0.02536	0.06866	0.01520	0.03756	0.08461	0.15602	0.30084	0.11342	0.04651	0.00899	0.00254	0.00515	0.01319	0.00604	0.00700
42	0.05300	0.06807	0.01864	0.01435	0.01873	0.15966	0.05795	0.10070	0.18828	0.07347	0.01850	0.07031	0.01517	0.00825	0.00634	0.00193	0.00732	0.00666	0.00523	0.10743
43	0.01795	0.20593	0.32618	0.01548	0.02248	0.06583	0.01700	0.02327	0.04440	0.12270	0.01390	0.01494	0.01029	0.00681	0.00647	0.00192	0.03677	0.00496	0.00390	0.03884
44	0.01138	0.00886	0.01092	0.01127	0.05897	0.00862	0.00788	0.07556	0.04825	0.02467	0.33504	0.07151	0.21324	0.04151	0.00873	0.00237	0.00431	0.04342	0.00652	0.00698

[dist]
# distance from previous block
# <min> <max>
2	16

[block]
# block no. 3 follows, 32 sequences, length 17
# corresponding to MSA columns:
# 145-161
name=unknown_D
#
# <colnr> <probs for GDERKNQSTAVLIFYWHMCP>
#	G	D	E	R	K	N	Q	S	T	A	V	L	I	F	Y	W	H	M	C	P
0	0.04646	0.07153	0.01753	0.07376	0.03531	0.01224	0.05232	0.04306	0.05834	0.18181	0.11698	0.05460	0.02091	0.00832	0.00639	0.00186	0.00590	0.00711	0.00558	0.17999
1	0.01238	0.00851	0.01044	0.03880	0.01298	0.03664	0.00766	0.01446	0.04139	0.08957	0.05791	0.39050	0.03155	0.04614	0.06252	0.06662	0.00594	0.01295	0.00563	0.04739
2	0.02020	0.04572	0.06806	0.01415	0.01862	0.10023	0.01196	0.32254	0.09729	0.05246	0.04271	0.10836	0.04824	0.00995	0.00685	0.00210	0.00711	0.00796	0.00592	0.00958
3	0.01770	0.01346	0.01469	0.01272	0.01671	0.01462	0.00999	0.09202	0.45415	0.09863	0.02858	0.05285	0.07196	0.00968	0.00683	0.00216	0.00532	0.00803	0.00671	0.06319
4	0.13348	0.05007	0.04415	0.01414	0.01885	0.10639	0.05337	0.19526	0.05300	0.13128	0.03483	0.01776	0.01315	0.01082	0.06402	0.00266	0.00828	0.00581	0.00534	0.03734
5	0.06671	0.04171	0.01594	0.01222	0.01623	0.05589	0.04520	0.15273	0.04820	0.08925	0.07263	0.04750	0.01859	0.12372	0.01052	0.00253	0.00644	0.00701	0.00530	0.16169
6	0.00929	0.00729	0.00851	0.00857	0.01042	0.00678	0.00647	0.01269	0.06495	0.02155	0.25893	0.15274	0.32253	0.01610	0.00804	0.00235	0.00375	0.06618	0.00662	0.00623
7	0.01693	0.36692	0.19691	0.01544	0.05945	0.04044	0.01502	0.07601	0.01543	0.02014	0.01259	0.01428	0.02937	0.00661	0.00597	0.00174	0.03460	0.00468	0.00339	0.06408
8	0.00990	0.00734	0.00893	0.00918	0.01051	0.00715	0.00654	0.06467	0.01507	0.01995	0.11631	0.35996	0.17180	0.08299	0.07427	0.00353	0.00544	0.01447	0.00599	0.00600
9	0.01636	0.14638	0.22908	0.11480	0.06118	0.09088	0.01633	0.04528	0.01483	0.04769	0.01298	0.03277	0.01055	0.00823	0.00805	0.05456	0.04078	0.00544	0.03535	0.00848
10	0.09757	0.01061	0.01112	0.01025	0.01261	0.03952	0.00774	0.08588	0.10704	0.02477	0.22250	0.09908	0.08291	0.09040	0.06575	0.00327	0.00600	0.00985	0.00593	0.00718
11	0.01522	0.10163	0.19287	0.08723	0.05968	0.04679	0.06915	0.06933	0.07617	0.02108	0.04198	0.04430	0.01409	0.01083	0.03496	0.08753	0.00842	0.00642	0.00391	0.00840
12	0.01056	0.00830	0.00883	0.00944	0.01004	0.06390	0.00636	0.01118	0.01221	0.01548	0.02799	0.32482	0.04809	0.26342	0.01843	0.07803	0.00575	0.06716	0.00499	0.00501
13	0.01707	0.01194	0.01560	0.01187	0.01663	0.01039	0.06274	0.08825	0.01645	0.14362	0.03625	0.05148	0.03509	0.08764	0.00908	0.00210	0.00587	0.00668	0.00520	0.36602
14	0.01676	0.10364	0.15545	0.01305	0.01898	0.04522	0.01251	0.03745	0.07726	0.09355	0.04526	0.01708	0.01340	0.00679	0.00626	0.00165	0.02992	0.00520	0.00448	0.29610
15	0.01005	0.05951	0.08650	0.00955	0.01217	0.00842	0.00829	0.01297	0.01623	0.02212	0.36391	0.13659	0.15982	0.05349	0.00898	0.00240	0.00445	0.01192	0.00609	0.00652
16	0.07276	0.15148	0.25051	0.01342	0.01932	0.01580	0.01418	0.07891	0.08526	0.02387	0.08668	0.02280	0.07650	0.00832	0.00612	0.00197	0.00685	0.00649	0.03548	0.02329

[dist]
# distance from previous block
# <min> <max>
0	2

[block]
# block no. 4 follows, 32 sequences, length 49
# corresponding to MSA columns:
# 164-212
name=unknown_E
#
# <colnr> <probs for GDERKNQSTAVLIFYWHMCP>
#	G	D	E	R	K	N	Q	S	T	A	V	L	I	F	Y	W	H	M	C	P
0	0.01573	0.18372	0.17517	0.04347	0.03810	0.01662	0.03543	0.11405	0.08133	0.02391	0.07462	0.05427	0.03908	0.00841	0.00622	0.00196	0.00695	0.00682	0.06525	0.00889
1	0.01763	0.47121	0.08158	0.01240	0.01792	0.08522	0.01194	0.06451	0.01568	0.01914	0.04791	0.01562	0.03666	0.00678	0.00514	0.00158	0.00732	0.00475	0.00361	0.07343
2	0.03652	0.00952	0.01188	0.04732	0.01463	0.00963	0.00854	0.11736	0.01639	0.13117	0.02784	0.29290	0.04870	0.09061	0.05806	0.00334	0.00627	0.04014	0.00597	0.02322
3	0.04040	0.19627	0.26454	0.01478	0.03852	0.01660	0.01518	0.06674	0.06828	0.05266	0.08826	0.07517	0.01838	0.00849	0.00623	0.00200	0.00722	0.00679	0.00442	0.00906
4	0.01597	0.10876	0.11906	0.06993	0.02010	0.01553	0.03017	0.14595	0.06179	0.05052	0.04116	0.07975	0.04679	0.07176	0.04199	0.00288	0.05703	0.00764	0.00475	0.00847
5	0.00936	0.00667	0.00884	0.00905	0.00979	0.00690	0.00630	0.01092	0.01229	0.01707	0.14491	0.17457	0.03244	0.25594	0.25793	0.00644	0.00923	0.01108	0.00490	0.00536
6	0.01489	0.01380	0.02265	0.23413	0.36873	0.01451	0.04019	0.04908	0.01577	0.02178	0.07451	0.02128	0.03717	0.00724	0.00680	0.00205	0.00767	0.00676	0.00384	0.03715
7	0.11266	0.02190	0.15325	0.04587	0.17552	0.14445	0.03232	0.13434	0.01770	0.02479	0.01287	0.02986	0.01031	0.00714	0.00673	0.00203	0.03264	0.00554	0.02080	0.00927
8	0.01847	0.04268	0.07561	0.02502	0.28507	0.18283	0.01598	0.08435	0.01690	0.02191	0.01294	0.01604	0.01063	0.00855	0.03313	0.00227	0.06438	0.00551	0.06855	0.00916
9	0.00912	0.00682	0.00828	0.00856	0.01000	0.00628	0.00640	0.01121	0.01544	0.02031	0.24732	0.14219	0.24699	0.10937	0.01147	0.00293	0.00422	0.12107	0.00630	0.00572
10	0.00959	0.00719	0.01078	0.01078	0.01198	0.00839	0.00839	0.01198	0.01078	0.01558	0.01797	0.02636	0.01677	0.05032	0.73760	0.01078	0.01797	0.00719	0.00359	0.00599
11	0.02149	0.40256	0.02719	0.01429	0.01897	0.35287	0.01221	0.04803	0.01676	0.01705	0.01006	0.01157	0.00873	0.00636	0.00520	0.00159	0.00945	0.00401	0.00328	0.00833
12	0.01715	0.03300	0.11763	0.07659	0.11563	0.11271	0.03252	0.07101	0.04222	0.08030	0.06246	0.04510	0.03941	0.01023	0.04321	0.00242	0.00823	0.00678	0.02539	0.05801
13	0.06557	0.20005	0.29399	0.01644	0.02335	0.05684	0.06162	0.11812	0.04363	0.02340	0.01234	0.01403	0.00946	0.00668	0.00631	0.00196	0.02805	0.00500	0.00370	0.00945
14	0.00951	0.00759	0.01157	0.01388	0.09134	0.00721	0.04252	0.01122	0.01327	0.01789	0.03306	0.63885	0.03886	0.01856	0.00832	0.00262	0.00472	0.01704	0.00576	0.00621
15	0.01576	0.01786	0.03826	0.02753	0.03385	0.01722	0.65019	0.02112	0.01545	0.02112	0.01324	0.01786	0.01009	0.00608	0.00890	0.00231	0.06309	0.00778	0.00336	0.00893
16	0.15508	0.01001	0.01244	0.01080	0.01301	0.01052	0.04194	0.11897	0.01381	0.05291	0.01488	0.02034	0.03463	0.04225	0.01722	0.40906	0.00617	0.00603	0.00413	0.00581
17	0.01580	0.01481	0.02635	0.13183	0.43967	0.01495	0.12782	0.01985	0.01507	0.04662	0.01504	0.07386	0.01312	0.00726	0.00701	0.00213	0.00825	0.00731	0.00369	0.00958
18	0.01050	0.00763	0.00906	0.00949	0.01109	0.00740	0.00679	0.01453	0.11676	0.05476	0.05620	0.43530	0.19987	0.01752	0.00805	0.00250	0.00406	0.01546	0.00645	0.00658
19	0.00843	0.00601	0.00795	0.00928	0.00978	0.00564	0.00628	0.00976	0.01326	0.01778	0.08816	0.65221	0.04474	0.05384	0.00969	0.00286	0.00403	0.03863	0.00622	0.00548
20	0.10135	0.07949	0.13961	0.01712	0.04363	0.08384	0.09982	0.10355	0.08805	0.02378	0.01579	0.04020	0.03078	0.00902	0.02513	0.00235	0.07706	0.00628	0.00423	0.00892
21	0.04481	0.01209	0.01417	0.06763	0.01712	0.01333	0.00996	0.20794	0.06372	0.10544	0.04047	0.05480	0.01680	0.01031	0.03095	0.00232	0.05811	0.00699	0.21436	0.00869
22	0.01136	0.00705	0.00915	0.00979	0.01089	0.00667	0.00679	0.04325	0.01421	0.09304	0.03408	0.61027	0.03889	0.05839	0.00964	0.00282	0.00438	0.01669	0.00636	0.00628
23	0.01504	0.01365	0.02216	0.04808	0.19275	0.01360	0.16873	0.13200	0.01768	0.02370	0.02596	0.15215	0.12356	0.01054	0.00747	0.00223	0.00727	0.00992	0.00484	0.00865
24	0.01629	0.01406	0.02063	0.07013	0.26337	0.03775	0.06191	0.08056	0.03934	0.04534	0.03653	0.05687	0.01523	0.02752	0.00887	0.00223	0.08237	0.00710	0.10501	0.00888
25	0.00928	0.00749	0.00836	0.00841	0.01034	0.00702	0.00619	0.01313	0.09567	0.02068	0.17649	0.19954	0.38028	0.01630	0.00793	0.00233	0.00368	0.01404	0.00651	0.00631
26	0.01770	0.01151	0.01309	0.01132	0.01492	0.01180	0.00891	0.09054	0.24958	0.18436	0.09614	0.06356	0.17502	0.01141	0.00720	0.00221	0.00494	0.00953	0.00705	0.00922
27	0.01804	0.12710	0.10780	0.07099	0.09977	0.06790	0.15644	0.02331	0.06856	0.12019	0.06159	0.01927	0.01479	0.00711	0.00661	0.00202	0.00830	0.00643	0.00443	0.00933
28	0.02308	0.04908	0.07278	0.01651	0.02054	0.55349	0.01330	0.02661	0.07064	0.05000	0.01328	0.03608	0.01096	0.00749	0.00619	0.00184	0.01075	0.00515	0.00395	0.00828
29	0.02457	0.01175	0.01448	0.01151	0.01586	0.01129	0.00936	0.15206	0.04305	0.41752	0.07662	0.02407	0.01942	0.00862	0.00652	0.00200	0.00542	0.00698	0.12868	0.01022
30	0.01054	0.00836	0.00993	0.00996	0.01158	0.00856	0.00742	0.06442	0.05946	0.02021	0.05374	0.33678	0.24476	0.01814	0.03166	0.00277	0.05271	0.03651	0.00603	0.00648
31	0.05219	0.01788	0.06504	0.02175	0.11884	0.05750	0.20965	0.14194	0.11373	0.05329	0.01858	0.04380	0.03887	0.00775	0.00700	0.00215	0.00830	0.00727	0.00483	0.00964
32	0.00900	0.00723	0.00801	0.00817	0.01000	0.00665	0.00599	0.01203	0.06791	0.01946	0.12619	0.18484	0.41639	0.05427	0.00932	0.00257	0.00386	0.03582	0.00629	0.00601
33	0.01186	0.00804	0.01157	0.01108	0.01277	0.00906	0.00870	0.04484	0.01237	0.07064	0.01853	0.02563	0.01652	0.04522	0.64903	0.00973	0.01656	0.00710	0.00409	0.00665
34	0.05340	0.02806	0.23746	0.01889	0.02501	0.28907	0.12244	0.07511	0.04878	0.02173	0.01253	0.01449	0.00952	0.00671	0.00644	0.00199	0.01036	0.00532	0.00368	0.00900
35	0.05485	0.01618	0.02089	0.26035	0.21002	0.09352	0.01616	0.12584	0.01783	0.09975	0.01404	0.01688	0.01048	0.00690	0.00651	0.00206	0.00827	0.00578	0.00432	0.00934
36	0.01485	0.01397	0.02341	0.19831	0.48253	0.01458	0.01858	0.01879	0.01501	0.02080	0.04281	0.02263	0.03983	0.00742	0.00687	0.00211	0.00776	0.03673	0.00364	0.00936
37	0.00891	0.00668	0.00891	0.00958	0.01034	0.00687	0.00681	0.01041	0.01244	0.01680	0.05433	0.41011	0.10079	0.08372	0.18672	0.00490	0.03646	0.01430	0.00534	0.00560
38	0.07534	0.04781	0.02269	0.34120	0.26995	0.01592	0.03782	0.05281	0.01494	0.02111	0.01354	0.01771	0.02765	0.00668	0.00645	0.00210	0.00810	0.00596	0.00346	0.00877
39	0.01490	0.01567	0.05008	0.02068	0.02536	0.03681	0.36770	0.07066	0.04173	0.02167	0.01889	0.13279	0.01767	0.04540	0.04059	0.00290	0.02888	0.03507	0.00432	0.00822
40	0.01226	0.00815	0.00952	0.00910	0.01121	0.00782	0.00680	0.06612	0.05163	0.07667	0.17441	0.22529	0.20033	0.01464	0.00750	0.00224	0.00402	0.01265	0.09271	0.00693
41	0.01313	0.01357	0.05087	0.03426	0.05480	0.06614	0.18038	0.03766	0.03429	0.02066	0.07517	0.29030	0.04886	0.01257	0.00768	0.00233	0.00701	0.01179	0.03110	0.00745
42	0.01330	0.00914	0.01203	0.01341	0.07690	0.00903	0.00927	0.01798	0.11901	0.10529	0.05592	0.29558	0.09649	0.01534	0.00795	0.00251	0.00500	0.12194	0.00633	0.00758
43	0.01316	0.03180	0.64495	0.01877	0.02783	0.01487	0.05217	0.02035	0.01414	0.02095	0.01401	0.07113	0.01130	0.00746	0.00661	0.00218	0.00952	0.00616	0.00312	0.00954
44	0.01334	0.01261	0.02134	0.62720	0.16182	0.01508	0.01897	0.01773	0.01374	0.01796	0.01204	0.01767	0.00923	0.00658	0.00670	0.00219	0.00878	0.00597	0.00304	0.00800
45	0.02215	0.19186	0.02241	0.01651	0.07248	0.28082	0.01249	0.07234	0.12236	0.10172	0.01509	0.01559	0.01167	0.00714	0.00594	0.00182	0.00860	0.00517	0.00460	0.00928
46	0.02421	0.01410	0.01686	0.05103	0.04912	0.04043	0.01129	0.19600	0.09019	0.33476	0.02232	0.05445	0.01631	0.03785	0.00785	0.00227	0.00653	0.00716	0.00684	0.01042
47	0.01724	0.01758	0.01602	0.05941	0.09001	0.24812	0.01172	0.06519	0.05981	0.01995	0.01761	0.02317	0.03452	0.04901	0.15572	0.00394	0.01059	0.03279	0.05987	0.00772
48	0.06920	0.01271	0.01889	0.40949	0.14299	0.01458	0.01590	0.09091	0.01574	0.02191	0.01724	0.02219	0.06024	0.00780	0.00662	0.00217	0.00771	0.02587	0.02967	0.00817

[dist]
# distance from previous block
# <min> <max>
0	21

[block]
# block no. 5 follows, 32 sequences, length 71
# corresponding to MSA columns:
# 234-304
name=unknown_F
#
# <colnr> <probs for GDERKNQSTAVLIFYWHMCP>
#	G	D	E	R	K	N	Q	S	T	A	V	L	I	F	Y	W	H	M	C	P
0	0.06787	0.07362	0.09482	0.04140	0.04239	0.19127	0.03768	0.13971	0.05745	0.08153	0.04267	0.06915	0.01505	0.00834	0.00642	0.00201	0.00821	0.00655	0.00486	0.00902
1	0.02276	0.01386	0.03984	0.01237	0.01720	0.01306	0.01039	0.24060	0.04136	0.27981	0.02409	0.02319	0.06853	0.00991	0.03028	0.00224	0.00636	0.00681	0.06048	0.07688
2	0.00885	0.00674	0.00779	0.00764	0.00921	0.00605	0.00548	0.01086	0.01586	0.02086	0.32285	0.08240	0.32283	0.12907	0.01192	0.00286	0.00379	0.01286	0.00637	0.00568
3	0.05579	0.33074	0.25063	0.04039	0.07980	0.10120	0.01663	0.02114	0.01443	0.01883	0.01066	0.01270	0.00869	0.00615	0.00542	0.00179	0.00862	0.00438	0.00303	0.00899
4	0.01727	0.60274	0.17052	0.01315	0.01964	0.04560	0.01413	0.02052	0.01390	0.01687	0.00989	0.01147	0.00859	0.00590	0.00476	0.00158	0.00786	0.00388	0.00288	0.00884
5	0.00840	0.00610	0.00755	0.00861	0.00923	0.00566	0.00570	0.00946	0.01272	0.01661	0.03923	0.53394	0.14668	0.14203	0.01265	0.00327	0.00424	0.01678	0.00587	0.00526
6	0.00847	0.00637	0.00788	0.00874	0.00988	0.00578	0.00626	0.01018	0.01450	0.01888	0.13400	0.42782	0.23228	0.01879	0.00836	0.00254	0.00382	0.06341	0.00638	0.00568
7	0.01654	0.01660	0.06074	0.22934	0.11006	0.10774	0.11544	0.04626	0.01592	0.07168	0.05682	0.02071	0.01431	0.04617	0.04062	0.00270	0.00928	0.00666	0.00402	0.00838
8	0.01499	0.01256	0.01449	0.01045	0.01636	0.01004	0.00840	0.08020	0.01555	0.02376	0.01231	0.01412	0.01007	0.00526	0.00513	0.00109	0.00519	0.00417	0.00423	0.73164
9	0.05600	0.01481	0.01730	0.03973	0.04481	0.08451	0.06324	0.11443	0.11099	0.06729	0.10350	0.03682	0.04226	0.03193	0.00948	0.02619	0.07162	0.00735	0.00526	0.05246
10	0.01346	0.03471	0.72942	0.01912	0.02904	0.01558	0.02479	0.02125	0.01417	0.02125	0.01204	0.01417	0.00850	0.00637	0.00637	0.00212	0.00992	0.00496	0.00283	0.00992
11	0.01143	0.00801	0.00997	0.01032	0.01212	0.00782	0.00800	0.03761	0.07152	0.05996	0.11151	0.27866	0.14453	0.01690	0.00827	0.00259	0.00465	0.18292	0.00652	0.00671
12	0.04822	0.01632	0.03846	0.01427	0.01907	0.01715	0.01198	0.38246	0.16330	0.12123	0.02098	0.02369	0.01602	0.00910	0.00687	0.00217	0.00666	0.06474	0.00669	0.01062
13	0.00868	0.00614	0.00808	0.00944	0.00991	0.00585	0.00649	0.00993	0.01276	0.01696	0.03482	0.59024	0.04120	0.11406	0.01186	0.00324	0.00449	0.09453	0.00595	0.00536
14	0.21934	0.01181	0.01217	0.01014	0.01400	0.01235	0.00821	0.17013	0.01842	0.17315	0.02277	0.02281	0.07990	0.00844	0.00573	0.00196	0.00514	0.00640	0.18850	0.00864
15	0.00818	0.00584	0.00779	0.00934	0.00973	0.00545	0.00623	0.00934	0.01285	0.01713	0.03698	0.75981	0.04438	0.02102	0.00856	0.00273	0.00389	0.01908	0.00623	0.00545
16	0.01707	0.62612	0.16966	0.01296	0.01951	0.02443	0.01406	0.02032	0.01374	0.01684	0.00985	0.01142	0.00859	0.00586	0.00471	0.00157	0.00771	0.00385	0.00286	0.00886
17	0.00893	0.00612	0.00788	0.00895	0.00928	0.00587	0.00589	0.00967	0.01195	0.01591	0.03135	0.49381	0.03701	0.21493	0.01627	0.04870	0.00481	0.05221	0.00548	0.00499
18	0.02735	0.01072	0.01459	0.01161	0.01620	0.00931	0.00941	0.02977	0.01841	0.63783	0.02779	0.11539	0.02010	0.00990	0.00698	0.00216	0.00548	0.00830	0.00804	0.01067
19	0.01144	0.00730	0.00952	0.00871	0.01068	0.00665	0.00662	0.01449	0.01885	0.09505	0.62215	0.04809	0.08785	0.01333	0.00780	0.00211	0.00342	0.01170	0.00742	0.00680
20	0.01030	0.00912	0.00920	0.01034	0.01112	0.09736	0.00707	0.01153	0.01362	0.01704	0.03364	0.66591	0.03989	0.01925	0.00825	0.00260	0.00492	0.01722	0.00588	0.00574
21	0.00815	0.00679	0.00713	0.00725	0.00936	0.00578	0.00547	0.00995	0.01536	0.01859	0.09679	0.09848	0.62423	0.01710	0.00802	0.00232	0.00353	0.04371	0.00628	0.00571
22	0.01960	0.02048	0.02095	0.14215	0.21238	0.24663	0.01557	0.09485	0.11919	0.02240	0.01429	0.01655	0.01124	0.00707	0.00650	0.00199	0.00900	0.00569	0.00417	0.00928
23	0.01960	0.56668	0.03084	0.01302	0.01809	0.17839	0.01193	0.04169	0.01522	0.01672	0.00974	0.01132	0.00871	0.00623	0.00526	0.00156	0.02952	0.00388	0.00311	0.00848
24	0.01341	0.01170	0.01778	0.29355	0.13510	0.01228	0.02827	0.03379	0.01418	0.03361	0.01854	0.02339	0.07547	0.05252	0.06623	0.00289	0.00812	0.00672	0.00382	0.14863
25	0.01691	0.15693	0.26553	0.01583	0.02224	0.09222	0.05646	0.12787	0.03529	0.02320	0.04367	0.02031	0.07953	0.00790	0.00634	0.00197	0.00835	0.00621	0.00414	0.00913
26	0.01520	0.01478	0.04566	0.16794	0.16120	0.03950	0.12618	0.04054	0.11771	0.03969	0.07063	0.05829	0.01803	0.04503	0.00840	0.00239	0.00782	0.00775	0.00448	0.00875
27	0.01794	0.76823	0.03516	0.01148	0.01722	0.02655	0.01148	0.02009	0.01363	0.01579	0.00933	0.01076	0.00861	0.00574	0.00431	0.00144	0.00718	0.00359	0.00287	0.00861
28	0.01754	0.01468	0.01657	0.01630	0.08443	0.01660	0.01165	0.06656	0.58912	0.05051	0.02534	0.02373	0.01898	0.00873	0.00680	0.00223	0.00568	0.00733	0.00654	0.01069
29	0.02272	0.01712	0.01875	0.01571	0.04489	0.01902	0.01230	0.45374	0.23315	0.06140	0.01969	0.01903	0.01427	0.00830	0.00675	0.00209	0.00673	0.00652	0.00668	0.01115
30	0.01593	0.16462	0.11878	0.01320	0.01781	0.04270	0.03163	0.10566	0.11736	0.03784	0.05853	0.11357	0.04324	0.05192	0.00803	0.00227	0.00672	0.00800	0.00496	0.03724
31	0.01788	0.01606	0.10723	0.16470	0.08445	0.05035	0.01483	0.07015	0.06688	0.15598	0.05958	0.02452	0.01706	0.01023	0.03456	0.00253	0.03508	0.05375	0.00507	0.00910
32	0.02627	0.01692	0.01890	0.01456	0.01983	0.01811	0.01200	0.52087	0.05239	0.20173	0.01892	0.01799	0.01294	0.00815	0.00672	0.00204	0.00692	0.00626	0.00709	0.01139
33	0.00950	0.00648	0.00776	0.00809	0.00829	0.00649	0.00498	0.00998	0.01057	0.01416	0.02420	0.16992	0.02786	0.55772	0.07839	0.00603	0.00684	0.03375	0.00449	0.00452
34	0.01244	0.01202	0.03832	0.16794	0.04504	0.01236	0.15630	0.03702	0.01363	0.01841	0.02024	0.14747	0.04458	0.10889	0.08110	0.00370	0.05994	0.00944	0.00405	0.00710
35	0.01808	0.01574	0.02599	0.03768	0.63395	0.01572	0.01939	0.05485	0.01638	0.07687	0.01385	0.01706	0.01112	0.00626	0.00665	0.00200	0.00777	0.00604	0.00387	0.01073
36	0.00818	0.00584	0.00779	0.00934	0.00973	0.00545	0.00623	0.00934	0.01285	0.01713	0.03698	0.75981	0.04438	0.02102	0.00856	0.00273	0.00389	0.01908	0.00623	0.00545
37	0.01967	0.04672	0.02992	0.02201	0.02760	0.16400	0.38245	0.02526	0.08153	0.10946	0.01567	0.01785	0.01158	0.00657	0.00716	0.00210	0.01006	0.00685	0.00432	0.00922
38	0.01194	0.00854	0.01018	0.00998	0.01165	0.00881	0.00729	0.08393	0.10600	0.02040	0.03203	0.25986	0.13940	0.01922	0.05447	0.16134	0.00555	0.01169	0.03139	0.00633
39	0.01627	0.01776	0.03672	0.02639	0.03296	0.01684	0.61164	0.05514	0.04290	0.02278	0.01416	0.01810	0.01062	0.00588	0.00770	0.00220	0.01065	0.00766	0.00371	0.03992
40	0.00908	0.00679	0.00843	0.00813	0.00980	0.00614	0.00606	0.01182	0.01785	0.02446	0.53956	0.09242	0.20507	0.01483	0.00795	0.00218	0.00326	0.01296	0.00707	0.00614
41	0.00880	0.00644	0.00838	0.00973	0.01051	0.00615	0.00691	0.01086	0.03720	0.01796	0.03843	0.60004	0.08565	0.02003	0.00856	0.00273	0.00421	0.10544	0.00624	0.00574
42	0.10189	0.14813	0.18294	0.01577	0.05880	0.01815	0.01451	0.09207	0.20250	0.05435	0.01633	0.01686	0.01236	0.00737	0.00644	0.00205	0.02948	0.00555	0.00469	0.00977
43	0.01581	0.01503	0.02532	0.05922	0.63793	0.01505	0.01933	0.01965	0.01523	0.02151	0.01646	0.02138	0.05068	0.00705	0.00681	0.00205	0.00768	0.03013	0.00357	0.01010
44	0.00935	0.00645	0.00740	0.00761	0.00793	0.00627	0.00456	0.00979	0.01104	0.01459	0.05373	0.15167	0.08937	0.56119	0.02710	0.00541	0.00572	0.01161	0.00470	0.00449
45	0.01457	0.01238	0.01472	0.10314	0.12804	0.08679	0.01113	0.01848	0.06932	0.08421	0.11820	0.12847	0.15991	0.01170	0.00727	0.00219	0.00608	0.01008	0.00547	0.00784
46	0.01945	0.15428	0.08916	0.01457	0.04481	0.05690	0.01246	0.23554	0.05892	0.08299	0.04354	0.09963	0.04063	0.00932	0.00650	0.00201	0.00697	0.00744	0.00542	0.00947
47	0.05902	0.01362	0.01313	0.01182	0.01386	0.14284	0.02841	0.04067	0.03600	0.02093	0.04298	0.02370	0.03694	0.07177	0.09740	0.00338	0.10835	0.00662	0.22164	0.00691
48	0.00927	0.00681	0.00845	0.00910	0.01018	0.00649	0.00658	0.01149	0.03507	0.01896	0.14603	0.29796	0.14533	0.13698	0.01250	0.00320	0.00452	0.11934	0.00608	0.00567
49	0.02052	0.08208	0.02498	0.02091	0.08156	0.38770	0.15051	0.02322	0.01661	0.01783	0.01152	0.02970	0.00989	0.00730	0.00806	0.00198	0.08840	0.00560	0.00339	0.00824
50	0.04616	0.14864	0.25360	0.04310	0.08723	0.06606	0.01700	0.17572	0.04180	0.02519	0.01336	0.02903	0.01046	0.00703	0.00610	0.00197	0.00838	0.00538	0.00406	0.00972
51	0.01640	0.01549	0.02616	0.03747	0.62113	0.01548	0.04471	0.04448	0.01615	0.02299	0.06256	0.01901	0.01435	0.00659	0.00678	0.00201	0.00774	0.00649	0.00373	0.01029
52	0.01446	0.00915	0.04485	0.00937	0.01226	0.00745	0.00777	0.01725	0.01680	0.18546	0.21698	0.09228	0.18498	0.01280	0.00727	0.00215	0.00431	0.04022	0.10671	0.00746
53	0.00964	0.00778	0.03144	0.01090	0.04932	0.00700	0.00734	0.01102	0.01253	0.01678	0.05672	0.31523	0.08141	0.22350	0.05155	0.03113	0.00587	0.06013	0.00517	0.00554
54	0.03912	0.01178	0.01425	0.08550	0.01871	0.00966	0.00897	0.01686	0.01396	0.02182	0.03656	0.01549	0.01162	0.00549	0.00522	0.00119	0.00532	0.00445	0.00400	0.67002
55	0.01436	0.01162	0.01317	0.04668	0.01587	0.03416	0.00879	0.06465	0.10730	0.05443	0.12799	0.05120	0.10278	0.05130	0.00861	0.00210	0.03079	0.00804	0.00547	0.24069
56	0.00817	0.00646	0.00722	0.00773	0.00920	0.00566	0.00545	0.00962	0.01421	0.01770	0.07187	0.29718	0.42986	0.06628	0.00983	0.00269	0.00376	0.01548	0.00612	0.00551
57	0.01578	0.05193	0.02307	0.39265	0.25922	0.06706	0.01819	0.05675	0.01542	0.01995	0.01214	0.01662	0.00959	0.00652	0.00652	0.00207	0.00868	0.00574	0.00332	0.00877
58	0.07628	0.01736	0.01968	0.01784	0.08319	0.11707	0.09359	0.16199	0.18106	0.06714	0.02038	0.05623	0.04110	0.00852	0.00674	0.00212	0.00751	0.00719	0.00545	0.00956
59	0.00960	0.00715	0.01058	0.01058	0.01171	0.00828	0.00813	0.01185	0.01072	0.01542	0.01816	0.02740	0.01722	0.09250	0.69604	0.01053	0.01730	0.00734	0.00362	0.00588
60	0.01212	0.00961	0.01257	0.01188	0.01321	0.03769	0.00925	0.01500	0.04547	0.04766	0.01753	0.02536	0.01615	0.09356	0.49272	0.00826	0.11439	0.00710	0.00390	0.00656
61	0.02015	0.02053	0.01814	0.01708	0.06536	0.28245	0.04232	0.09809	0.19896	0.04787	0.01938	0.10498	0.01671	0.00920	0.00677	0.00207	0.00833	0.00745	0.00516	0.00900
62	0.01839	0.04735	0.14459	0.02179	0.04784	0.01785	0.29653	0.18641	0.05327	0.05110	0.01472	0.01706	0.01084	0.00684	0.00760	0.00216	0.03473	0.00664	0.00441	0.00989
63	0.00827	0.00606	0.00780	0.00914	0.00984	0.00559	0.00630	0.00961	0.01331	0.01741	0.04121	0.62971	0.13785	0.02034	0.00851	0.00268	0.00394	0.05068	0.00623	0.00552
64	0.01456	0.01441	0.02543	0.02259	0.11974	0.03724	0.29532	0.04112	0.01502	0.02019	0.01848	0.07704	0.01789	0.11077	0.01217	0.00294	0.05064	0.09239	0.00410	0.00794
65	0.01525	0.01385	0.02246	0.27086	0.38285	0.01490	0.01799	0.02037	0.06794	0.04243	0.01700	0.02052	0.05012	0.00714	0.00675	0.00211	0.00777	0.00657	0.00379	0.00932
66	0.01218	0.00743	0.00903	0.00854	0.00940	0.00752	0.00556	0.03065	0.01144	0.08568	0.02104	0.03828	0.02206	0.55538	0.14216	0.00662	0.00827	0.00895	0.00449	0.00530
67	0.02082	0.01563	0.01711	0.01378	0.01807	0.03740	0.03201	0.38575	0.13800	0.05554	0.09340	0.02227	0.01906	0.00870	0.00667	0.00202	0.00636	0.00699	0.09040	0.01002
68	0.01782	0.01804	0.08715	0.23263	0.14766	0.10707	0.01630	0.09063	0.09453	0.07265	0.01588	0.04260	0.01243	0.00758	0.00666	0.00211	0.00831	0.00635	0.00438	0.00924
69	0.04445	0.01533	0.01609	0.03035	0.06181	0.09032	0.01104	0.11725	0.23726	0.14426	0.02365	0.06859	0.04804	0.00914	0.00668	0.00208	0.00642	0.00746	0.00610	0.05368
70	0.01675	0.01584	0.04606	0.23960	0.30266	0.05518	0.01742	0.06140	0.07839	0.05613	0.01608	0.01907	0.03175	0.00709	0.00668	0.00209	0.00803	0.00627	0.00405	0.00946

[dist]
# distance from previous block
# <min> <max>
1	12

[block]
# block no. 6 follows, 32 sequences, length 74
# corresponding to MSA columns:
# 317-390
name=unknown_G
#
