[name]
unknown

[dist]
# distance from previous block
# <min> <max>
21	135

[block]
# block no. 0 follows, 29 sequences, length 15
# corresponding to MSA columns:
# 145-159
name=unknown_A
#
# <colnr> <probs for GDERKNQSTAVLIFYWHMCP>
#	G	D	E	R	K	N	Q	S	T	A	V	L	I	F	Y	W	H	M	C	P
0	0.06929	0.04810	0.01653	0.01342	0.05029	0.01291	0.01025	0.08876	0.08286	0.24148	0.08029	0.04267	0.06137	0.00923	0.00677	0.00202	0.00580	0.00753	0.00665	0.14378
1	0.01653	0.01276	0.01450	0.04900	0.06976	0.04797	0.00983	0.16017	0.04825	0.05341	0.07033	0.06825	0.06742	0.26092	0.01721	0.00382	0.00697	0.00941	0.00559	0.00790
2	0.01645	0.10422	0.10399	0.04202	0.01954	0.01415	0.04215	0.02099	0.06254	0.11271	0.04565	0.02852	0.01887	0.09013	0.08249	0.00362	0.05211	0.06174	0.00493	0.07318
3	0.04770	0.01459	0.04923	0.03819	0.01818	0.03256	0.01125	0.06431	0.20260	0.05938	0.02747	0.10345	0.09796	0.01121	0.00891	0.00230	0.08564	0.00888	0.00578	0.11042
4	0.16990	0.01455	0.02161	0.01668	0.02173	0.01448	0.20104	0.09507	0.04482	0.11809	0.02264	0.02557	0.08105	0.00954	0.00816	0.04217	0.00758	0.03238	0.00540	0.04752
5	0.01940	0.53397	0.03478	0.01594	0.04511	0.05005	0.07722	0.06900	0.01611	0.01964	0.01098	0.01311	0.00960	0.00670	0.00642	0.00178	0.05269	0.00470	0.00344	0.00936
6	0.05556	0.12111	0.02407	0.02668	0.34415	0.01579	0.01542	0.02078	0.01560	0.06451	0.01615	0.07076	0.01461	0.00788	0.00651	0.00196	0.00715	0.02769	0.00426	0.13936
7	0.04894	0.00788	0.00893	0.00858	0.01084	0.00710	0.00637	0.01378	0.01658	0.08938	0.18857	0.13963	0.34820	0.06133	0.00989	0.00268	0.00415	0.01362	0.00684	0.00671
8	0.01327	0.00664	0.00664	0.00664	0.00830	0.00664	0.00498	0.01659	0.01493	0.02655	0.02323	0.02655	0.01825	0.00830	0.00498	0.00166	0.00332	0.00664	0.78928	0.00664
9	0.02255	0.01546	0.01908	0.08633	0.08825	0.01652	0.01334	0.28197	0.09854	0.15493	0.02306	0.02578	0.04486	0.03796	0.00844	0.00245	0.00722	0.03597	0.00656	0.01073
10	0.01353	0.01050	0.04651	0.01100	0.01367	0.00916	0.00894	0.03849	0.06508	0.07817	0.15287	0.09333	0.09083	0.15627	0.01358	0.00332	0.00570	0.12719	0.00629	0.05556
11	0.13331	0.11429	0.15627	0.06910	0.09228	0.07559	0.01547	0.09428	0.01701	0.02511	0.01236	0.01462	0.00971	0.00664	0.00596	0.00190	0.00816	0.00496	0.00399	0.13900
12	0.01445	0.15564	0.05258	0.01251	0.01583	0.01532	0.01077	0.06186	0.01427	0.01958	0.01896	0.02524	0.06351	0.10880	0.18156	0.00483	0.11069	0.00695	0.00407	0.10256
13	0.01881	0.22487	0.07980	0.01865	0.02460	0.09100	0.21428	0.03907	0.05859	0.06688	0.04186	0.02094	0.05427	0.00770	0.00683	0.00206	0.00908	0.00691	0.00439	0.00942
14	0.06030	0.13929	0.11417	0.07820	0.10474	0.19681	0.01581	0.08856	0.01824	0.05647	0.01296	0.01500	0.01013	0.00696	0.00624	0.00194	0.00928	0.00515	0.00409	0.05565

[dist]
# distance from previous block
# <min> <max>
2	5

[block]
# block no. 1 follows, 29 sequences, length 15
# corresponding to MSA columns:
# 165-179
name=unknown_B
#
# <colnr> <probs for GDERKNQSTAVLIFYWHMCP>
#	G	D	E	R	K	N	Q	S	T	A	V	L	I	F	Y	W	H	M	C	P
0	0.01104	0.00845	0.01105	0.01117	0.01272	0.00923	0.00850	0.01563	0.10486	0.01930	0.05054	0.12386	0.06924	0.09723	0.34517	0.00717	0.01175	0.07109	0.00522	0.00679
1	0.01673	0.01864	0.16548	0.13424	0.16974	0.01482	0.04702	0.09859	0.01786	0.06965	0.04362	0.02525	0.09726	0.00939	0.00812	0.03375	0.00813	0.00753	0.00464	0.00956
2	0.01752	0.01677	0.05694	0.16158	0.21004	0.07607	0.06341	0.02198	0.05063	0.08241	0.01677	0.04479	0.01428	0.08454	0.01106	0.00276	0.04769	0.00730	0.00427	0.00920
3	0.01296	0.00914	0.01077	0.01071	0.01229	0.00950	0.00765	0.01860	0.17270	0.05754	0.06013	0.20662	0.03279	0.25940	0.01761	0.00408	0.00572	0.07857	0.00617	0.00705
4	0.00983	0.00693	0.00877	0.00927	0.00994	0.00685	0.00630	0.01115	0.01318	0.01778	0.10824	0.24342	0.06483	0.30031	0.10367	0.00535	0.00700	0.05617	0.00555	0.00546
5	0.06556	0.02715	0.27307	0.02248	0.07463	0.11313	0.16399	0.12889	0.01898	0.02610	0.01346	0.01595	0.01000	0.00692	0.00701	0.00220	0.01029	0.00603	0.00400	0.01015
6	0.03652	0.06374	0.02089	0.04571	0.02109	0.01465	0.14706	0.07041	0.16197	0.02640	0.17289	0.06018	0.05314	0.01104	0.00778	0.00237	0.00684	0.06249	0.00599	0.00884
7	0.01071	0.00705	0.00914	0.00960	0.01087	0.00659	0.00691	0.01215	0.01481	0.05645	0.13019	0.32851	0.15348	0.04425	0.05606	0.07828	0.00538	0.04719	0.00631	0.00607
8	0.01880	0.01390	0.01697	0.01741	0.10999	0.01486	0.01191	0.15652	0.22376	0.09128	0.02534	0.09948	0.02226	0.08801	0.01057	0.00287	0.00654	0.05315	0.00645	0.00993
9	0.54259	0.05493	0.05190	0.04429	0.06544	0.05483	0.05277	0.02151	0.01348	0.02816	0.01075	0.01301	0.00844	0.00660	0.00519	0.00216	0.00704	0.00452	0.00406	0.00833
10	0.01576	0.03481	0.01453	0.01477	0.09541	0.06717	0.00991	0.07349	0.01794	0.08952	0.11659	0.11989	0.16024	0.09167	0.01085	0.00281	0.00617	0.04445	0.00606	0.00793
11	0.03904	0.15736	0.06110	0.02204	0.22570	0.04586	0.01462	0.04155	0.03950	0.05755	0.01719	0.02132	0.04013	0.00877	0.00775	0.05149	0.00747	0.03498	0.00426	0.10233
12	0.05300	0.00962	0.01375	0.06123	0.06645	0.00924	0.05091	0.01496	0.01521	0.05567	0.10788	0.29332	0.09699	0.05438	0.00949	0.00267	0.00556	0.01309	0.00582	0.06076
13	0.07932	0.03805	0.06729	0.03841	0.08284	0.01179	0.03169	0.01803	0.01458	0.02280	0.01619	0.11698	0.01530	0.00808	0.00614	0.00169	0.00623	0.00689	0.00432	0.41337
14	0.06694	0.01686	0.05169	0.01722	0.11864	0.10829	0.01217	0.05135	0.06019	0.07522	0.06480	0.04309	0.06785	0.00962	0.02219	0.00212	0.00726	0.00705	0.00513	0.19231

[dist]
# distance from previous block
# <min> <max>
2	19

[block]
# block no. 2 follows, 29 sequences, length 45
# corresponding to MSA columns:
# 201-243,247,248
name=unknown_C
#
# <colnr> <probs for GDERKNQSTAVLIFYWHMCP>
#	G	D	E	R	K	N	Q	S	T	A	V	L	I	F	Y	W	H	M	C	P
0	0.02006	0.04942	0.02272	0.05783	0.24280	0.09974	0.01554	0.15293	0.13129	0.02735	0.01614	0.01792	0.01267	0.00734	0.00672	0.00200	0.00804	0.00609	0.00490	0.09850
1	0.10814	0.05527	0.02092	0.04962	0.25374	0.04789	0.01460	0.05125	0.19467	0.02567	0.01885	0.07317	0.01605	0.00856	0.00674	0.00220	0.00712	0.00727	0.00497	0.03332
2	0.04804	0.01032	0.01328	0.01417	0.09094	0.00955	0.00949	0.04589	0.01577	0.02279	0.07524	0.24950	0.07137	0.01532	0.03908	0.00261	0.00586	0.05205	0.00555	0.20319
3	0.01023	0.00739	0.01026	0.01026	0.01112	0.00826	0.00742	0.01195	0.01109	0.01565	0.02016	0.03399	0.02041	0.27817	0.50033	0.00998	0.01514	0.00851	0.00398	0.00570
4	0.01892	0.01590	0.01678	0.01474	0.01898	0.01828	0.01156	0.12121	0.60712	0.03174	0.02744	0.02534	0.02049	0.00952	0.00723	0.00238	0.00592	0.00784	0.00723	0.01138
5	0.80005	0.01377	0.01047	0.00936	0.01377	0.01597	0.00771	0.02093	0.01212	0.03195	0.00991	0.01157	0.00771	0.00661	0.00441	0.00220	0.00551	0.00386	0.00441	0.00771
6	0.01036	0.00690	0.00777	0.00777	0.00777	0.00690	0.00431	0.01036	0.01036	0.01381	0.02244	0.04660	0.02589	0.74975	0.03624	0.00690	0.00690	0.01036	0.00431	0.00431
7	0.01593	0.01492	0.02505	0.14496	0.50772	0.01533	0.01943	0.02012	0.01646	0.02322	0.10893	0.02278	0.01877	0.00761	0.00725	0.00217	0.00791	0.00725	0.00407	0.01013
8	0.00981	0.00697	0.00783	0.00786	0.00857	0.00663	0.00490	0.01059	0.01275	0.01661	0.09792	0.08625	0.18214	0.48172	0.02609	0.00526	0.00570	0.01212	0.00527	0.00499
9	0.01339	0.01617	0.11689	0.01787	0.02081	0.01532	0.12570	0.01661	0.01339	0.01916	0.02114	0.19214	0.05132	0.01503	0.04592	0.00316	0.27366	0.01026	0.00421	0.00785
10	0.01593	0.01539	0.02676	0.31356	0.40558	0.01656	0.06225	0.02048	0.01547	0.02124	0.01317	0.01826	0.01055	0.00663	0.00716	0.00223	0.00909	0.00647	0.00339	0.00985
11	0.01572	0.01279	0.01764	0.01450	0.01806	0.01338	0.10258	0.12527	0.12826	0.05028	0.21270	0.03569	0.10838	0.01465	0.06205	0.00302	0.03998	0.00982	0.00642	0.00882
12	0.01012	0.00732	0.01016	0.01028	0.01112	0.00811	0.00742	0.01184	0.01129	0.01586	0.02147	0.08401	0.02220	0.25158	0.47399	0.00953	0.01452	0.00931	0.00416	0.00573
13	0.01927	0.07575	0.16996	0.05667	0.05314	0.15209	0.05323	0.14037	0.07903	0.02500	0.01613	0.05000	0.01322	0.01098	0.05159	0.00273	0.01004	0.00658	0.00452	0.00971
14	0.00986	0.00698	0.00848	0.00865	0.00933	0.00691	0.00566	0.01095	0.01268	0.01702	0.10496	0.14483	0.10503	0.39102	0.12162	0.00597	0.00746	0.01214	0.00520	0.00525
15	0.06348	0.02186	0.08453	0.05236	0.07817	0.14018	0.27362	0.07197	0.01743	0.02322	0.01319	0.01699	0.01036	0.00851	0.02942	0.00256	0.07233	0.00664	0.00382	0.00933
16	0.08255	0.01052	0.01417	0.01253	0.01491	0.01090	0.06490	0.03865	0.01489	0.02192	0.09338	0.19938	0.08601	0.07843	0.04184	0.00323	0.08812	0.03779	0.00537	0.08053
17	0.01369	0.01010	0.01340	0.12328	0.04904	0.01047	0.01020	0.01880	0.12601	0.07518	0.05292	0.24183	0.07855	0.06937	0.01063	0.02854	0.00581	0.01186	0.00586	0.04447
18	0.01578	0.01444	0.04501	0.04709	0.01731	0.06340	0.00988	0.11091	0.06437	0.02297	0.01978	0.02752	0.04483	0.20954	0.05259	0.00366	0.00775	0.00726	0.00480	0.21112
19	0.01161	0.03369	0.03400	0.05497	0.07572	0.00953	0.00924	0.01419	0.04161	0.01845	0.02637	0.30972	0.02937	0.21430	0.01553	0.00364	0.00605	0.01264	0.00511	0.07425
20	0.04126	0.04600	0.02196	0.22798	0.12959	0.05385	0.06743	0.09549	0.01769	0.05093	0.04341	0.05603	0.07489	0.00918	0.00778	0.00228	0.03281	0.00787	0.00461	0.00895
21	0.01657	0.01066	0.01194	0.01058	0.01342	0.03154	0.00800	0.11443	0.01914	0.15089	0.13187	0.13502	0.19430	0.10524	0.01146	0.00291	0.00541	0.01179	0.00689	0.00796
22	0.06375	0.12054	0.11383	0.12661	0.09323	0.11317	0.10510	0.05911	0.06736	0.05045	0.01430	0.01678	0.01096	0.00705	0.00666	0.00212	0.00932	0.00592	0.00410	0.00964
23	0.02065	0.02135	0.02152	0.10340	0.19172	0.23414	0.01549	0.09955	0.08233	0.02395	0.01436	0.01672	0.01141	0.00717	0.00667	0.00195	0.00919	0.00570	0.00437	0.10834
24	0.01923	0.01445	0.01652	0.04365	0.06244	0.05258	0.01134	0.17132	0.12346	0.10448	0.05304	0.02830	0.05236	0.11609	0.07103	0.00366	0.03278	0.00799	0.00596	0.00931
25	0.00877	0.00652	0.00795	0.00904	0.00991	0.00595	0.00609	0.01003	0.01398	0.01804	0.04594	0.51012	0.20974	0.08897	0.01145	0.00314	0.00426	0.01801	0.00640	0.00570
26	0.04714	0.06898	0.02709	0.11615	0.37702	0.01639	0.10310	0.02023	0.01590	0.02257	0.06307	0.05909	0.01659	0.00783	0.00715	0.00219	0.00827	0.00754	0.00396	0.00975
27	0.01005	0.00745	0.00945	0.00984	0.01151	0.00695	0.00775	0.01278	0.01736	0.02311	0.29783	0.11310	0.19039	0.04692	0.01000	0.00282	0.00456	0.20482	0.00697	0.00636
28	0.01927	0.01433	0.01560	0.01342	0.01739	0.01573	0.01049	0.15494	0.37523	0.09443	0.06080	0.03026	0.07149	0.06251	0.00940	0.00265	0.00593	0.00855	0.00714	0.01042
29	0.01017	0.00728	0.00988	0.00996	0.01070	0.00799	0.00703	0.01168	0.01113	0.01556	0.02131	0.06870	0.02228	0.31963	0.42475	0.00930	0.01370	0.00927	0.00414	0.00555
30	0.01327	0.00664	0.00664	0.00664	0.00830	0.00664	0.00498	0.01659	0.01493	0.02655	0.02323	0.02655	0.01825	0.00830	0.00498	0.00166	0.00332	0.00664	0.78928	0.00664
31	0.05019	0.05627	0.04749	0.10253	0.24871	0.17016	0.05218	0.07889	0.01778	0.02278	0.01415	0.04642	0.01211	0.00956	0.03846	0.00252	0.00986	0.00644	0.00397	0.00953
32	0.10533	0.11869	0.20111	0.09604	0.09952	0.07792	0.04366	0.05197	0.01576	0.02254	0.01374	0.06072	0.01181	0.00801	0.00729	0.00220	0.04446	0.00625	0.00375	0.00924
33	0.74542	0.01421	0.01124	0.00986	0.01436	0.01641	0.00812	0.06762	0.01363	0.03286	0.01042	0.01196	0.00802	0.00675	0.00460	0.00220	0.00567	0.00404	0.00460	0.00802
34	0.01641	0.01674	0.05117	0.09320	0.48346	0.01630	0.09392	0.02083	0.01611	0.02272	0.04606	0.02088	0.03398	0.00728	0.00777	0.00222	0.02978	0.00709	0.00376	0.01033
35	0.01243	0.00951	0.03237	0.03046	0.01367	0.00814	0.00810	0.04449	0.01782	0.07461	0.24697	0.17924	0.19842	0.01491	0.00803	0.00230	0.00453	0.01291	0.00676	0.07433
36	0.01498	0.01733	0.08006	0.05129	0.09347	0.01516	0.39774	0.02025	0.01705	0.02340	0.13031	0.02726	0.06091	0.00825	0.00811	0.00234	0.00956	0.00904	0.00441	0.00908
37	0.01188	0.00636	0.00891	0.00891	0.00891	0.00636	0.00573	0.00954	0.00954	0.01271	0.01479	0.02765	0.01562	0.19924	0.02985	0.60366	0.00636	0.00719	0.00339	0.00339
38	0.01698	0.07989	0.13014	0.04688	0.09746	0.05278	0.22077	0.07858	0.04811	0.02391	0.05051	0.02174	0.04188	0.01014	0.04636	0.00271	0.01000	0.00735	0.00426	0.00958
39	0.01452	0.03791	0.03601	0.07542	0.09703	0.03164	0.01192	0.02105	0.15991	0.04728	0.09874	0.08912	0.10974	0.04829	0.04471	0.00303	0.04993	0.00969	0.00556	0.00851
40	0.01608	0.17776	0.18579	0.01516	0.04714	0.01716	0.01433	0.10008	0.09913	0.02473	0.09312	0.05557	0.07779	0.03653	0.00788	0.00230	0.00718	0.00789	0.00504	0.00934
41	0.01358	0.01396	0.05274	0.05326	0.08002	0.01355	0.18928	0.01775	0.04166	0.02065	0.06016	0.10630	0.07266	0.08962	0.03189	0.00324	0.09001	0.03708	0.00461	0.00798
42	0.03949	0.03984	0.06854	0.04554	0.04243	0.06793	0.07402	0.03783	0.03538	0.02289	0.01441	0.03675	0.01232	0.00710	0.00683	0.00171	0.03384	0.02299	0.00419	0.38598
43	0.01083	0.00885	0.00961	0.01011	0.01133	0.05167	0.00715	0.03096	0.01489	0.01904	0.07401	0.34919	0.14593	0.12199	0.06817	0.00393	0.00631	0.04399	0.00597	0.00608
44	0.06963	0.09889	0.02678	0.04905	0.06172	0.01741	0.20762	0.09771	0.08569	0.12388	0.01770	0.02029	0.01344	0.03345	0.04290	0.00280	0.00903	0.00699	0.00511	0.00993

[dist]
# distance from previous block
# <min> <max>
0	1

[block]
# block no. 3 follows, 29 sequences, length 14
# corresponding to MSA columns:
# 250-263
name=unknown_D
#
# <colnr> <probs for GDERKNQSTAVLIFYWHMCP>
#	G	D	E	R	K	N	Q	S	T	A	V	L	I	F	Y	W	H	M	C	P
0	0.01848	0.25203	0.12020	0.02127	0.15941	0.04636	0.06868	0.06757	0.01719	0.04917	0.05283	0.01735	0.01368	0.00698	0.00628	0.00190	0.00827	0.00577	0.00407	0.06250
1	0.10680	0.51512	0.10899	0.01276	0.01885	0.02392	0.01299	0.02191	0.04969	0.02036	0.04325	0.01457	0.01230	0.00680	0.00512	0.00176	0.00741	0.00462	0.00364	0.00913
2	0.01082	0.04330	0.01186	0.01242	0.07929	0.00882	0.00833	0.03743	0.01634	0.02071	0.07586	0.22014	0.35743	0.01695	0.00830	0.00249	0.00472	0.05169	0.00621	0.00691
3	0.01985	0.49781	0.13751	0.01460	0.02096	0.14164	0.01466	0.04628	0.01619	0.01876	0.01078	0.01242	0.00923	0.00649	0.00531	0.00171	0.00894	0.00425	0.00329	0.00931
4	0.01237	0.00618	0.00928	0.00928	0.00928	0.00618	0.00618	0.00928	0.00928	0.01237	0.01237	0.02165	0.01237	0.02474	0.02783	0.79283	0.00618	0.00618	0.00309	0.00309
5	0.06769	0.09122	0.14162	0.01790	0.05858	0.25044	0.01535	0.10241	0.08721	0.07936	0.01516	0.01606	0.01145	0.00752	0.00646	0.00204	0.00947	0.00545	0.00470	0.00991
6	0.01644	0.01846	0.12416	0.07595	0.24625	0.01626	0.07376	0.08194	0.08054	0.02501	0.05427	0.02480	0.05505	0.00876	0.00823	0.00232	0.04598	0.02723	0.00458	0.01001
7	0.01451	0.01232	0.01435	0.01038	0.01634	0.00934	0.00820	0.01748	0.01451	0.02265	0.01323	0.01664	0.01145	0.04901	0.00709	0.00140	0.00537	0.00458	0.00422	0.74693
8	0.00964	0.00672	0.00848	0.00921	0.01007	0.00637	0.00639	0.01040	0.01316	0.01706	0.03907	0.31288	0.18238	0.12350	0.05670	0.11824	0.00570	0.05307	0.00562	0.00532
9	0.01327	0.00664	0.00664	0.00664	0.00830	0.00664	0.00498	0.01659	0.01493	0.02655	0.02323	0.02655	0.01825	0.00830	0.00498	0.00166	0.00332	0.00664	0.78928	0.00664
10	0.01018	0.00849	0.03019	0.00881	0.01071	0.00742	0.00662	0.01333	0.05159	0.02232	0.30533	0.05364	0.24009	0.18341	0.01467	0.00337	0.00458	0.01245	0.00649	0.00631
11	0.01256	0.01044	0.01296	0.01206	0.01381	0.03971	0.00928	0.03613	0.01309	0.01830	0.01945	0.07051	0.01952	0.13712	0.32971	0.00702	0.09345	0.04184	0.00426	0.09878
12	0.01738	0.12863	0.12009	0.01419	0.01959	0.07231	0.04712	0.04877	0.13660	0.06756	0.02659	0.02658	0.12770	0.00919	0.00669	0.00204	0.00720	0.00740	0.03750	0.07686
13	0.06451	0.04828	0.01876	0.01575	0.07885	0.01372	0.05028	0.12008	0.03810	0.10092	0.06110	0.04321	0.01810	0.03318	0.00760	0.00206	0.00651	0.03351	0.00549	0.23999

[dist]
# distance from previous block
# <min> <max>
0	49

[block]
# block no. 4 follows, 29 sequences, length 42
# corresponding to MSA columns:
# 313-354
name=unknown_E
#
# <colnr> <probs for GDERKNQSTAVLIFYWHMCP>
#	G	D	E	R	K	N	Q	S	T	A	V	L	I	F	Y	W	H	M	C	P
0	0.02260	0.22362	0.06446	0.01818	0.06578	0.35325	0.01452	0.06786	0.04628	0.02018	0.01204	0.01382	0.01000	0.00725	0.00661	0.00188	0.03382	0.00484	0.00381	0.00917
1	0.05610	0.02519	0.04166	0.04506	0.02214	0.35125	0.01415	0.13449	0.02010	0.07760	0.01316	0.01517	0.01031	0.00847	0.00944	0.00218	0.13437	0.00543	0.00455	0.00916
2	0.01313	0.00929	0.01095	0.01045	0.01187	0.00965	0.00744	0.12929	0.01622	0.02180	0.06886	0.14971	0.03030	0.34517	0.06629	0.00509	0.00716	0.07534	0.00557	0.00642
3	0.01548	0.01565	0.01915	0.05666	0.04144	0.09722	0.04049	0.01815	0.03975	0.01839	0.04091	0.04968	0.06219	0.08496	0.01802	0.00313	0.35918	0.00794	0.00402	0.00760
4	0.01327	0.00664	0.00664	0.00664	0.00830	0.00664	0.00498	0.01659	0.01493	0.02655	0.02323	0.02655	0.01825	0.00830	0.00498	0.00166	0.00332	0.00664	0.78928	0.00664
5	0.01018	0.00686	0.00795	0.00811	0.00820	0.00687	0.00471	0.01040	0.01072	0.01434	0.02397	0.11476	0.02769	0.65297	0.05827	0.00667	0.00707	0.01123	0.00452	0.00453
6	0.01762	0.01692	0.02890	0.04371	0.70533	0.01692	0.02185	0.02185	0.01621	0.02326	0.01339	0.01762	0.01128	0.00634	0.00705	0.00211	0.00846	0.00634	0.00352	0.01128
7	0.00924	0.00662	0.00836	0.00952	0.01015	0.00625	0.00648	0.01047	0.01347	0.01769	0.03883	0.48046	0.10402	0.16746	0.01454	0.00369	0.00486	0.07614	0.00615	0.00558
8	0.03105	0.01192	0.01624	0.01252	0.01787	0.01031	0.01031	0.03383	0.02037	0.68228	0.05574	0.02542	0.01966	0.00905	0.00721	0.00220	0.00595	0.00740	0.00877	0.01190
9	0.01345	0.01266	0.02136	0.73264	0.04904	0.01582	0.01978	0.01819	0.01424	0.01819	0.01266	0.01898	0.00949	0.00712	0.00712	0.00237	0.00949	0.00633	0.00316	0.00791
10	0.01327	0.01213	0.02002	0.53683	0.10739	0.01433	0.01768	0.01772	0.01548	0.02052	0.13406	0.02487	0.01983	0.00835	0.00734	0.00232	0.00831	0.00748	0.00402	0.00803
11	0.01740	0.01972	0.09374	0.03787	0.47923	0.03735	0.16484	0.02231	0.01635	0.02293	0.01349	0.01759	0.01091	0.00634	0.00730	0.00218	0.00954	0.00664	0.00350	0.01076
12	0.01667	0.01569	0.02639	0.07816	0.59991	0.01586	0.02000	0.02051	0.01552	0.02205	0.01425	0.02057	0.01263	0.08014	0.00995	0.00260	0.00836	0.00674	0.00358	0.01040
13	0.01017	0.00763	0.01144	0.01144	0.01272	0.00890	0.00890	0.01272	0.01144	0.01653	0.01907	0.02797	0.01780	0.05340	0.72153	0.01144	0.01907	0.00763	0.00381	0.00636
14	0.02159	0.01313	0.01524	0.01274	0.01676	0.01360	0.01001	0.13741	0.21870	0.23186	0.10228	0.03065	0.04673	0.08412	0.01027	0.00274	0.00593	0.00851	0.00744	0.01029
15	0.03629	0.01607	0.02190	0.08949	0.11834	0.10565	0.13036	0.01937	0.01534	0.04462	0.04167	0.02736	0.08492	0.10699	0.01334	0.00296	0.10489	0.00805	0.00424	0.00815
16	0.01312	0.01216	0.02037	0.66109	0.04544	0.01513	0.01870	0.01765	0.01396	0.01803	0.01329	0.01988	0.01032	0.01171	0.07800	0.00327	0.01044	0.00646	0.00323	0.00776
17	0.02079	0.02411	0.07230	0.02313	0.19316	0.28695	0.01558	0.07169	0.03973	0.02256	0.01391	0.03892	0.01173	0.00737	0.00659	0.00189	0.00954	0.00577	0.00413	0.13016
18	0.01245	0.08216	0.01227	0.00955	0.01130	0.02744	0.00703	0.01415	0.01466	0.05528	0.17427	0.08338	0.09494	0.26629	0.08335	0.00466	0.00697	0.02800	0.00553	0.00631
19	0.02252	0.17184	0.02312	0.01459	0.02014	0.02134	0.01235	0.36436	0.14371	0.03419	0.01724	0.01735	0.01303	0.00791	0.00643	0.00195	0.00715	0.00594	0.00600	0.08884
20	0.00894	0.00655	0.00802	0.00900	0.00980	0.00604	0.00601	0.01017	0.01388	0.01808	0.06733	0.47492	0.17583	0.13511	0.01318	0.00340	0.00443	0.01738	0.00630	0.00563
21	0.01059	0.00771	0.01008	0.00989	0.01041	0.00859	0.00683	0.01171	0.01083	0.01510	0.02031	0.03725	0.02165	0.42524	0.31214	0.00851	0.05478	0.00901	0.00404	0.00534
22	0.00974	0.00685	0.00846	0.00921	0.00978	0.00664	0.00618	0.01083	0.01289	0.01706	0.05437	0.29784	0.08170	0.32239	0.04052	0.00478	0.00590	0.08394	0.00562	0.00532
23	0.01505	0.01308	0.01617	0.01384	0.08518	0.01023	0.00977	0.01832	0.01491	0.02321	0.01273	0.01505	0.01062	0.00538	0.00545	0.00116	0.00559	0.00443	0.00415	0.71570
24	0.23638	0.10362	0.01865	0.05215	0.01973	0.32037	0.01181	0.02313	0.01585	0.02130	0.01141	0.01424	0.00964	0.01169	0.07671	0.00292	0.03391	0.00474	0.00377	0.00798
25	0.02167	0.01827	0.02226	0.02437	0.23169	0.04360	0.01551	0.28554	0.20180	0.03328	0.01888	0.01961	0.01430	0.00812	0.00711	0.00219	0.00762	0.00676	0.00593	0.01150
26	0.01207	0.00684	0.01033	0.00990	0.01021	0.00677	0.03352	0.01004	0.00993	0.01326	0.01517	0.05380	0.01590	0.14447	0.02770	0.59898	0.00646	0.00752	0.00345	0.00367
27	0.01173	0.00774	0.00949	0.00878	0.01107	0.00687	0.00668	0.01454	0.01895	0.09328	0.43814	0.05511	0.26070	0.01507	0.00828	0.00229	0.00370	0.01298	0.00755	0.00703
28	0.80005	0.01377	0.01047	0.00936	0.01377	0.01597	0.00771	0.02093	0.01212	0.03195	0.00991	0.01157	0.00771	0.00661	0.00441	0.00220	0.00551	0.00386	0.00441	0.00771
29	0.61858	0.01247	0.01032	0.00927	0.01296	0.01407	0.00727	0.01983	0.01226	0.06619	0.01312	0.01844	0.01146	0.13762	0.01017	0.00303	0.00578	0.00518	0.00463	0.00736
30	0.00897	0.00680	0.00833	0.00923	0.01051	0.00616	0.00665	0.01078	0.01536	0.01984	0.11723	0.40289	0.25684	0.01993	0.00887	0.00270	0.00409	0.07205	0.00673	0.00602
31	0.01033	0.00698	0.00818	0.00818	0.00832	0.00713	0.00483	0.01062	0.01048	0.01411	0.02206	0.04452	0.02499	0.67205	0.11271	0.00741	0.00826	0.01005	0.00426	0.00454
32	0.01100	0.01001	0.05072	0.01208	0.01367	0.01027	0.00991	0.01365	0.01272	0.01840	0.11410	0.03099	0.02401	0.09866	0.44757	0.00834	0.09465	0.00831	0.00430	0.00663
33	0.01464	0.00796	0.00810	0.00760	0.00966	0.00817	0.00583	0.08257	0.01677	0.02837	0.02262	0.02561	0.01764	0.00832	0.00519	0.00171	0.00377	0.00661	0.71168	0.00718
34	0.02169	0.31121	0.02934	0.04202	0.08241	0.31260	0.06539	0.02432	0.01716	0.01812	0.01110	0.01340	0.00948	0.00666	0.00593	0.00180	0.01025	0.00479	0.00339	0.00896
35	0.01247	0.00913	0.01072	0.01041	0.01223	0.00911	0.00762	0.12910	0.01814	0.02411	0.13477	0.28638	0.13180	0.12006	0.01240	0.00318	0.00512	0.04977	0.00656	0.00690
36	0.02233	0.13191	0.08731	0.01537	0.02123	0.04304	0.01373	0.31791	0.15242	0.05539	0.01778	0.01781	0.01320	0.00801	0.00660	0.00204	0.00760	0.00606	0.00592	0.05434
37	0.04865	0.15450	0.09166	0.01818	0.06467	0.24479	0.03595	0.08993	0.11349	0.02340	0.01529	0.01806	0.01249	0.00782	0.00647	0.00203	0.00940	0.02916	0.00445	0.00958
38	0.04933	0.23897	0.14664	0.03771	0.02078	0.06153	0.01398	0.06020	0.15186	0.02291	0.02129	0.02200	0.08085	0.01002	0.03109	0.00237	0.00804	0.00644	0.00458	0.00942
39	0.01899	0.01643	0.13131	0.01473	0.01945	0.01335	0.04842	0.10317	0.05996	0.17855	0.09877	0.05380	0.04762	0.04101	0.00975	0.00255	0.05555	0.04330	0.03374	0.00954
40	0.01771	0.01731	0.05474	0.03723	0.55642	0.01641	0.01990	0.06865	0.01710	0.02445	0.01390	0.01830	0.01171	0.03255	0.00795	0.00222	0.00822	0.00630	0.00384	0.06510
41	0.01588	0.01397	0.02048	0.10627	0.15725	0.03696	0.08192	0.06218	0.06484	0.04401	0.02252	0.11353	0.05890	0.01224	0.03175	0.03004	0.03359	0.02748	0.00484	0.06134

[dist]
# distance from previous block
# <min> <max>
1	32

[block]
# block no. 5 follows, 29 sequences, length 26
# corresponding to MSA columns:
# 388-413
name=unknown_F
#
# <colnr> <probs for GDERKNQSTAVLIFYWHMCP>
#	G	D	E	R	K	N	Q	S	T	A	V	L	I	F	Y	W	H	M	C	P
0	0.01689	0.03962	0.01254	0.01081	0.03678	0.03457	0.03021	0.09384	0.01762	0.06816	0.02124	0.02372	0.01635	0.00809	0.00557	0.00179	0.00496	0.00651	0.54273	0.00800
1	0.01964	0.11838	0.07342	0.01920	0.12193	0.08815	0.01433	0.11990	0.19372	0.05473	0.01895	0.03976	0.01517	0.01151	0.05755	0.00279	0.00865	0.00671	0.00524	0.01028
2	0.01390	0.07117	0.08761	0.13026	0.05155	0.05875	0.01331	0.03288	0.04713	0.02063	0.04498	0.15282	0.11328	0.01252	0.00818	0.00239	0.03581	0.06233	0.00494	0.03554
3	0.01837	0.16844	0.15484	0.03471	0.04312	0.11703	0.04464	0.11463	0.04686	0.02266	0.01488	0.01955	0.01270	0.09033	0.06473	0.00325	0.00993	0.00609	0.00412	0.00911
4	0.05633	0.03067	0.11842	0.01797	0.02259	0.47188	0.01528	0.07343	0.04649	0.02120	0.01227	0.01412	0.00981	0.00771	0.00747	0.00203	0.05442	0.00502	0.00396	0.00892
5	0.02326	0.01639	0.01795	0.01463	0.01932	0.01798	0.01170	0.32662	0.25888	0.12362	0.02303	0.02341	0.01715	0.06167	0.00924	0.00258	0.00678	0.00736	0.00718	0.01127
6	0.00929	0.00783	0.00886	0.05947	0.01299	0.00716	0.00700	0.01196	0.03421	0.02023	0.11330	0.08402	0.53575	0.01697	0.00838	0.00244	0.00421	0.04310	0.00648	0.00636
7	0.01477	0.01266	0.01477	0.01055	0.01687	0.00949	0.00844	0.01793	0.01477	0.02320	0.01266	0.01477	0.01055	0.00527	0.00527	0.00105	0.00527	0.00422	0.00422	0.79328
8	0.00874	0.00640	0.00822	0.00950	0.01026	0.00588	0.00646	0.01020	0.01443	0.01905	0.09058	0.60867	0.13303	0.02121	0.00895	0.00278	0.00401	0.01905	0.00670	0.00588
9	0.01438	0.01534	0.12225	0.01653	0.02081	0.01224	0.13601	0.02088	0.11767	0.06316	0.04815	0.18258	0.02787	0.03883	0.00928	0.00278	0.00741	0.12962	0.00569	0.00852
10	0.01477	0.01266	0.01477	0.01055	0.01687	0.00949	0.00844	0.01793	0.01477	0.02320	0.01266	0.01477	0.01055	0.00527	0.00527	0.00105	0.00527	0.00422	0.00422	0.79328
11	0.00872	0.00659	0.00810	0.00926	0.01032	0.00596	0.00648	0.01022	0.01452	0.01863	0.04885	0.51629	0.23950	0.02093	0.00892	0.00277	0.00409	0.04736	0.00661	0.00589
12	0.01045	0.01128	0.08413	0.01196	0.01502	0.00882	0.06014	0.01348	0.01503	0.01966	0.07092	0.09932	0.28585	0.04937	0.14535	0.00439	0.00834	0.07424	0.00544	0.00682
13	0.02746	0.01816	0.02012	0.01555	0.02112	0.01958	0.01281	0.51864	0.06997	0.17239	0.01992	0.01903	0.01374	0.00867	0.00714	0.00217	0.00736	0.00665	0.00746	0.01206
14	0.02085	0.58850	0.03372	0.01313	0.01913	0.02680	0.01249	0.17021	0.01876	0.02309	0.01152	0.01270	0.00981	0.00665	0.00514	0.00166	0.00766	0.00439	0.00397	0.00981
15	0.02185	0.32523	0.02644	0.01467	0.01952	0.21783	0.01245	0.14291	0.06411	0.02297	0.01462	0.06010	0.01291	0.00814	0.00601	0.00187	0.00876	0.00581	0.00446	0.00936
16	0.01028	0.00791	0.01047	0.01044	0.01194	0.00860	0.00787	0.01349	0.05526	0.01768	0.03066	0.06774	0.14630	0.10911	0.44935	0.00841	0.01358	0.00982	0.00471	0.00638
17	0.11047	0.05892	0.02119	0.19787	0.12429	0.01765	0.03130	0.18961	0.06181	0.02789	0.01571	0.05131	0.01285	0.00880	0.00760	0.03396	0.00778	0.00671	0.00479	0.00948
18	0.10870	0.17863	0.02780	0.05361	0.23831	0.10894	0.07978	0.08250	0.01742	0.02382	0.01234	0.01515	0.01010	0.00664	0.00627	0.00200	0.00882	0.00549	0.00386	0.00981
19	0.01824	0.04117	0.01884	0.01549	0.01849	0.11123	0.03877	0.19555	0.01877	0.02460	0.01559	0.02037	0.01335	0.02592	0.28276	0.00579	0.11535	0.00660	0.00455	0.00858
20	0.01320	0.00825	0.01303	0.01576	0.13783	0.00833	0.00924	0.01181	0.01069	0.01464	0.01298	0.02130	0.01251	0.02315	0.06774	0.59777	0.00742	0.00630	0.00322	0.00481
21	0.01568	0.01342	0.01406	0.04373	0.01701	0.05792	0.01000	0.07680	0.30307	0.02541	0.07444	0.09209	0.10101	0.03901	0.03546	0.04966	0.00649	0.00971	0.00628	0.00875
22	0.01628	0.03021	0.46309	0.01798	0.02583	0.08381	0.02064	0.09456	0.01726	0.02384	0.03802	0.01925	0.01301	0.06388	0.03950	0.00293	0.01030	0.00606	0.00383	0.00971
23	0.01068	0.00719	0.00964	0.00953	0.01042	0.00732	0.00681	0.01129	0.01329	0.01810	0.17259	0.08895	0.10950	0.10536	0.13527	0.23068	0.03274	0.01036	0.00503	0.00525
24	0.04128	0.01898	0.13527	0.06998	0.16463	0.03351	0.06084	0.11134	0.10883	0.02681	0.08045	0.02423	0.01863	0.01047	0.03776	0.00267	0.00857	0.03086	0.00495	0.00994
25	0.01958	0.01689	0.01770	0.11104	0.04557	0.10642	0.01254	0.21129	0.07281	0.05299	0.02491	0.02725	0.11047	0.00959	0.00710	0.00210	0.00753	0.03289	0.00565	0.10567

[dist]
# distance from previous block
# <min> <max>
0	12

[block]
# block no. 6 follows, 29 sequences, length 17
# corresponding to MSA columns:
# 426-442
name=unknown_G
#
# <colnr> <probs for GDERKNQSTAVLIFYWHMCP>
#	G	D	E	R	K	N	Q	S	T	A	V	L	I	F	Y	W	H	M	C	P
0	0.04191	0.03570	0.04041	0.17740	0.33048	0.09971	0.01797	0.04015	0.01628	0.02207	0.01332	0.01742	0.01087	0.00844	0.03312	0.00240	0.00919	0.00591	0.02703	0.05020
1	0.10449	0.01054	0.01278	0.10317	0.01797	0.01131	0.00981	0.01955	0.12931	0.05647	0.04856	0.08439	0.02415	0.13839	0.01351	0.05011	0.00631	0.10384	0.00544	0.04989
2	0.05845	0.01929	0.02925	0.10394	0.15336	0.11614	0.26007	0.02344	0.06417	0.02215	0.01395	0.01784	0.01102	0.00718	0.00866	0.00232	0.06871	0.00684	0.00381	0.00941
3	0.01105	0.00841	0.01032	0.01021	0.01210	0.00838	0.00787	0.01598	0.10351	0.02421	0.31346	0.07647	0.13412	0.07194	0.04748	0.00330	0.00533	0.12202	0.00688	0.00695
4	0.01699	0.01904	0.10360	0.13795	0.17737	0.05905	0.04186	0.02720	0.25517	0.02400	0.01841	0.02037	0.01419	0.00805	0.00793	0.00232	0.04478	0.00678	0.00471	0.01023
5	0.01739	0.01646	0.02682	0.08085	0.57865	0.01695	0.02038	0.02368	0.10249	0.02380	0.01534	0.01885	0.01251	0.00681	0.00708	0.00217	0.00816	0.00656	0.00398	0.01108
6	0.01019	0.00792	0.00982	0.00973	0.01141	0.00813	0.00724	0.01371	0.06869	0.01969	0.12062	0.09069	0.22094	0.10089	0.26124	0.00603	0.00952	0.01149	0.00561	0.00646
7	0.00941	0.00720	0.00863	0.00839	0.01026	0.00642	0.00625	0.01210	0.01840	0.02467	0.44101	0.09724	0.29174	0.01622	0.00844	0.00233	0.00349	0.01405	0.00733	0.00642
8	0.01477	0.01266	0.01477	0.01055	0.01687	0.00949	0.00844	0.01793	0.01477	0.02320	0.01266	0.01477	0.01055	0.00527	0.00527	0.00105	0.00527	0.00422	0.00422	0.79328
9	0.01025	0.00732	0.00989	0.00989	0.01062	0.00805	0.00696	0.01171	0.01098	0.01538	0.02050	0.03587	0.02123	0.34855	0.43108	0.00952	0.01391	0.00878	0.00403	0.00549
10	0.00923	0.00674	0.00848	0.00965	0.01053	0.00630	0.00682	0.01070	0.01408	0.01828	0.04263	0.45341	0.15518	0.10718	0.01229	0.00334	0.00471	0.10836	0.00633	0.00576
11	0.01754	0.02102	0.10308	0.01832	0.02142	0.15875	0.07971	0.05905	0.01526	0.01981	0.01356	0.04521	0.01257	0.06392	0.05208	0.00332	0.27652	0.00689	0.00375	0.00825
12	0.01832	0.01560	0.01644	0.01461	0.01875	0.01799	0.01142	0.07962	0.64970	0.03077	0.02821	0.02595	0.02111	0.00959	0.00724	0.00240	0.00578	0.00794	0.00724	0.01133
13	0.01450	0.01164	0.01392	0.01060	0.01596	0.00907	0.00833	0.01739	0.01469	0.04887	0.01664	0.09996	0.01540	0.00979	0.04170	0.00183	0.00586	0.00635	0.00465	0.63285
14	0.02069	0.02286	0.01623	0.01484	0.01787	0.39197	0.01113	0.09756	0.02002	0.02155	0.07946	0.11485	0.08111	0.01176	0.00819	0.03936	0.00922	0.00849	0.00503	0.00781
15	0.08243	0.05370	0.01382	0.01153	0.01442	0.11920	0.00887	0.08091	0.01719	0.06844	0.06175	0.12383	0.14718	0.07524	0.08687	0.00360	0.00795	0.00993	0.00555	0.00757
16	0.01699	0.05433	0.01613	0.01178	0.01653	0.04497	0.02990	0.06210	0.06014	0.08539	0.13310	0.02532	0.04480	0.00840	0.00640	0.00170	0.00572	0.00694	0.05652	0.31284

[dist]
# distance from previous block
# <min> <max>
15	47

[block]
# block no. 7 follows, 29 sequences, length 6
# corresponding to MSA columns:
# 494-499
name=unknown_H
#
# <colnr> <probs for GDERKNQSTAVLIFYWHMCP>
#	G	D	E	R	K	N	Q	S	T	A	V	L	I	F	Y	W	H	M	C	P
0	0.01881	0.05206	0.01613	0.03818	0.01753	0.09303	0.01065	0.19717	0.02047	0.08579	0.02675	0.14678	0.07270	0.06586	0.04811	0.00316	0.00781	0.06444	0.00600	0.00858
1	0.04951	0.13306	0.24635	0.01799	0.05930	0.09001	0.01720	0.10741	0.01708	0.02330	0.01380	0.04512	0.01192	0.04537	0.00981	0.00243	0.09093	0.00609	0.00392	0.00942
2	0.01033	0.00732	0.00930	0.00997	0.01095	0.00725	0.00716	0.01240	0.04771	0.01825	0.05816	0.27323	0.10507	0.14797	0.06447	0.08373	0.00619	0.10904	0.00574	0.00575
3	0.01545	0.07979	0.01415	0.04688	0.01471	0.05054	0.00860	0.05326	0.01489	0.09746	0.02558	0.16343	0.06942	0.15420	0.05852	0.10369	0.00729	0.01010	0.00518	0.00686
4	0.03835	0.05396	0.04602	0.04612	0.10733	0.08026	0.07523	0.12225	0.06410	0.02360	0.01632	0.07959	0.01460	0.01165	0.01157	0.12256	0.06593	0.00742	0.00449	0.00863
5	0.04654	0.01436	0.01746	0.13937	0.12515	0.06922	0.01285	0.10404	0.03537	0.07071	0.02070	0.06557	0.05076	0.11125	0.03977	0.00318	0.00810	0.00792	0.00492	0.05277

[dist]
# distance from previous block
# <min> <max>
2	13

[block]
# block no. 8 follows, 29 sequences, length 21
# corresponding to MSA columns:
# 513-533
name=unknown_I
#
# <colnr> <probs for GDERKNQSTAVLIFYWHMCP>
#	G	D	E	R	K	N	Q	S	T	A	V	L	I	F	Y	W	H	M	C	P
0	0.04767	0.01811	0.04028	0.11413	0.27115	0.09454	0.04560	0.09773	0.07449	0.02495	0.01635	0.06598	0.01394	0.00811	0.00704	0.00218	0.00846	0.00712	0.00447	0.03771
1	0.02174	0.11872	0.02196	0.01863	0.09854	0.29410	0.01341	0.10000	0.01912	0.04713	0.01681	0.01875	0.05455	0.01081	0.04937	0.00251	0.04465	0.00590	0.00435	0.03894
2	0.11762	0.04265	0.09110	0.02118	0.17744	0.04323	0.01510	0.12217	0.12083	0.15176	0.01823	0.01870	0.01330	0.00771	0.00665	0.00217	0.00750	0.00619	0.00560	0.01085
3	0.10945	0.07786	0.17397	0.04100	0.12475	0.13505	0.06995	0.04574	0.03938	0.02292	0.01694	0.01967	0.05468	0.03031	0.00749	0.00227	0.00908	0.00623	0.00397	0.00928
4	0.04669	0.09369	0.12420	0.09795	0.08937	0.01585	0.05944	0.06824	0.06947	0.09052	0.02244	0.05080	0.05646	0.00966	0.00721	0.00232	0.00780	0.07335	0.00504	0.00950
5	0.01730	0.01510	0.02206	0.06794	0.04770	0.01432	0.14632	0.16285	0.01939	0.02737	0.04150	0.06460	0.01534	0.00774	0.00686	0.00185	0.00746	0.00711	0.00492	0.30227
6	0.01214	0.00619	0.00921	0.00932	0.00934	0.00616	0.00621	0.00932	0.00954	0.01272	0.01400	0.06558	0.01448	0.02459	0.02669	0.74486	0.00606	0.00704	0.00331	0.00326
7	0.01015	0.00876	0.05043	0.00995	0.01110	0.00781	0.00741	0.01167	0.01176	0.01612	0.02577	0.16966	0.05048	0.34306	0.22734	0.00704	0.01002	0.01126	0.00460	0.00561
8	0.02139	0.06677	0.10457	0.04314	0.04767	0.21852	0.06118	0.10433	0.11332	0.07522	0.01655	0.01808	0.01263	0.01058	0.05241	0.00269	0.01022	0.00609	0.00483	0.00981
9	0.04314	0.16209	0.52700	0.01948	0.04896	0.01864	0.04255	0.02226	0.01492	0.02188	0.01223	0.01447	0.00912	0.00660	0.00635	0.00212	0.00981	0.00508	0.00310	0.01017
10	0.00860	0.00717	0.00750	0.00752	0.00975	0.00607	0.00560	0.01053	0.01650	0.02013	0.13403	0.09916	0.60723	0.01789	0.00845	0.00241	0.00361	0.01506	0.00674	0.00607
11	0.01850	0.31860	0.32710	0.01641	0.02421	0.07017	0.01844	0.06497	0.01654	0.04710	0.01237	0.01393	0.00960	0.00673	0.00591	0.00193	0.00919	0.00478	0.00355	0.00998
12	0.01180	0.00926	0.01155	0.00968	0.01304	0.00786	0.00747	0.01504	0.01767	0.02589	0.40984	0.03768	0.04360	0.01346	0.04926	0.00235	0.00498	0.00941	0.00628	0.29388
13	0.01631	0.10219	0.19072	0.05412	0.06610	0.04254	0.13360	0.06767	0.06017	0.02326	0.01902	0.05400	0.01706	0.00952	0.00747	0.00237	0.00901	0.11104	0.00444	0.00939
14	0.01428	0.03683	0.71286	0.02030	0.03082	0.01654	0.02631	0.02255	0.01503	0.02255	0.01278	0.01503	0.00902	0.00677	0.00677	0.00226	0.01052	0.00526	0.00301	0.01052
15	0.01938	0.10376	0.04957	0.04754	0.22855	0.18449	0.05792	0.04388	0.01730	0.04469	0.01588	0.07889	0.01410	0.00821	0.00675	0.00206	0.00896	0.00697	0.05176	0.00937
16	0.01017	0.00763	0.01144	0.01144	0.01272	0.00890	0.00890	0.01272	0.01144	0.01653	0.01907	0.02797	0.01780	0.05340	0.72153	0.01144	0.01907	0.00763	0.00381	0.00636
17	0.01765	0.19202	0.15331	0.01836	0.06292	0.08722	0.08629	0.06400	0.04901	0.02240	0.03879	0.02057	0.03967	0.00825	0.00772	0.00211	0.05946	0.02073	0.04022	0.00931
18	0.06217	0.03732	0.01354	0.01268	0.03824	0.12222	0.00917	0.05837	0.01517	0.01971	0.02510	0.05536	0.10291	0.16267	0.20606	0.00559	0.01068	0.03149	0.00463	0.00693
19	0.07949	0.08742	0.01969	0.01466	0.01899	0.12585	0.05152	0.20525	0.12080	0.02818	0.02294	0.04479	0.08244	0.05661	0.00871	0.00245	0.00775	0.00755	0.00556	0.00935
20	0.07234	0.11159	0.14146	0.04440	0.08917	0.08653	0.03824	0.08847	0.09446	0.02473	0.01610	0.06227	0.01356	0.00803	0.00650	0.00205	0.00815	0.00646	0.00448	0.08101

[dist]
# distance from previous block
# <min> <max>
2	5

[block]
# block no. 9 follows, 29 sequences, length 21
# corresponding to MSA columns:
# 539-559
name=unknown_J
#
# <colnr> <probs for GDERKNQSTAVLIFYWHMCP>
#	G	D	E	R	K	N	Q	S	T	A	V	L	I	F	Y	W	H	M	C	P
0	0.01803	0.09022	0.02013	0.06812	0.16692	0.09069	0.01346	0.08335	0.04274	0.07836	0.02596	0.11336	0.09334	0.01108	0.00734	0.00226	0.00739	0.05287	0.00528	0.00911
1	0.06740	0.00934	0.01011	0.03933	0.01289	0.04600	0.00755	0.03798	0.01468	0.01987	0.06234	0.31114	0.13045	0.10306	0.01296	0.06396	0.00550	0.03365	0.00569	0.00610
2	0.01991	0.16074	0.04921	0.09726	0.06061	0.06815	0.04217	0.19899	0.09039	0.02676	0.01676	0.01859	0.03544	0.00835	0.00817	0.00217	0.07536	0.00627	0.00480	0.00991
3	0.01648	0.08712	0.11026	0.11554	0.11412	0.01662	0.03077	0.11868	0.11135	0.02532	0.04972	0.10342	0.01898	0.01140	0.03674	0.00264	0.00810	0.00819	0.00497	0.00957
4	0.01505	0.01005	0.01361	0.07724	0.07980	0.02645	0.01018	0.01694	0.01479	0.13507	0.02958	0.24837	0.07337	0.11149	0.01325	0.03591	0.03652	0.03916	0.00573	0.00744
5	0.01274	0.00987	0.01217	0.01257	0.04030	0.01027	0.00924	0.01880	0.15871	0.05084	0.12493	0.19748	0.16002	0.01581	0.00920	0.00262	0.04485	0.09511	0.00667	0.00778
6	0.05111	0.36612	0.21516	0.01726	0.05134	0.11815	0.04885	0.02270	0.01549	0.01960	0.01119	0.01323	0.00922	0.00647	0.00569	0.00186	0.00927	0.00463	0.00322	0.00944
7	0.01635	0.10792	0.05439	0.08308	0.28880	0.01754	0.06178	0.04788	0.04625	0.02204	0.01819	0.05825	0.05091	0.00979	0.02686	0.00248	0.06637	0.00743	0.00404	0.00966
8	0.01910	0.01353	0.01563	0.01449	0.04229	0.01461	0.01082	0.09277	0.36325	0.13649	0.05895	0.13768	0.02576	0.01148	0.00755	0.00241	0.00568	0.00980	0.00727	0.01043
9	0.01065	0.00897	0.01194	0.08831	0.09539	0.00869	0.00966	0.01305	0.01535	0.01933	0.04769	0.09455	0.35539	0.08401	0.01095	0.00294	0.00555	0.10517	0.00567	0.00673
10	0.02075	0.06993	0.05543	0.07138	0.12384	0.23507	0.01522	0.10170	0.11150	0.02317	0.01466	0.01699	0.01174	0.00871	0.00868	0.04345	0.04819	0.00581	0.00437	0.00941
11	0.01357	0.01325	0.04466	0.14285	0.19854	0.01288	0.07712	0.01849	0.06161	0.02202	0.08520	0.13039	0.09521	0.01147	0.00787	0.00242	0.00721	0.04166	0.00498	0.00859
12	0.00929	0.00680	0.00828	0.00897	0.00993	0.00631	0.00617	0.01077	0.01448	0.01899	0.12690	0.33912	0.18012	0.16907	0.01446	0.00355	0.00462	0.05019	0.00629	0.00569
13	0.13824	0.04778	0.22815	0.01641	0.04810	0.09824	0.01566	0.06176	0.06798	0.12218	0.04535	0.04832	0.01526	0.00834	0.00658	0.00219	0.00815	0.00644	0.00504	0.00983
14	0.04526	0.05011	0.06866	0.05806	0.06659	0.09979	0.12340	0.11693	0.01833	0.02515	0.01315	0.01581	0.01035	0.00664	0.00691	0.00185	0.02751	0.00561	0.00422	0.23566
15	0.01256	0.00987	0.01068	0.01123	0.04391	0.05702	0.00730	0.01495	0.05002	0.04996	0.11295	0.17304	0.12828	0.26621	0.01772	0.00395	0.00588	0.01228	0.00576	0.00643
16	0.01470	0.01029	0.01254	0.01264	0.04969	0.01028	0.00896	0.08357	0.10737	0.09584	0.09152	0.24310	0.17107	0.01672	0.03532	0.00282	0.00552	0.01303	0.00680	0.00823
17	0.01742	0.05238	0.15401	0.05627	0.06149	0.14437	0.09504	0.09146	0.01860	0.02352	0.06839	0.06788	0.05524	0.00987	0.00743	0.00226	0.00903	0.05171	0.00466	0.00896
18	0.03450	0.01389	0.04367	0.18422	0.08566	0.01441	0.01357	0.14314	0.08347	0.02505	0.02128	0.11732	0.03663	0.07187	0.04865	0.00318	0.00796	0.00877	0.00507	0.03768
19	0.02225	0.01405	0.01757	0.01361	0.01877	0.01350	0.03855	0.12620	0.10840	0.23956	0.02069	0.02138	0.01516	0.04395	0.00874	0.00218	0.03473	0.00652	0.00642	0.22779
20	0.04519	0.01872	0.05749	0.15108	0.02689	0.12529	0.08592	0.07359	0.06384	0.04775	0.01581	0.06650	0.01342	0.00916	0.00976	0.00235	0.12869	0.00712	0.00440	0.04701

[dist]
# distance from previous block
# <min> <max>
7	101

# created by:
# /home/berkeley/.conda/envs/busco_data_prod/bin/msa2prfl.pl pipeline/OGs_align_augustus/4893/36996.fs
