[name]
unknown

[dist]
# distance from previous block
# <min> <max>
0	28

[block]
# block no. 0 follows, 34 sequences, length 28
# corresponding to MSA columns:
# 28-55
name=unknown_A
#
# <colnr> <probs for GDERKNQSTAVLIFYWHMCP>
#	G	D	E	R	K	N	Q	S	T	A	V	L	I	F	Y	W	H	M	C	P
0	0.01234	0.00869	0.01132	0.04408	0.01433	0.00878	0.00933	0.08422	0.01653	0.05300	0.14979	0.05191	0.06944	0.05657	0.04562	0.00307	0.00607	0.31896	0.00586	0.03010
1	0.01515	0.10592	0.24663	0.01669	0.08635	0.05318	0.01536	0.11597	0.04997	0.02206	0.01820	0.06102	0.04516	0.01129	0.05554	0.00259	0.00830	0.05782	0.00412	0.00867
2	0.01757	0.14603	0.14969	0.01267	0.01802	0.01459	0.02524	0.13037	0.04680	0.14833	0.02341	0.02335	0.12214	0.01010	0.03915	0.00225	0.00696	0.00659	0.00502	0.05171
3	0.01643	0.01740	0.05115	0.02047	0.02579	0.05550	0.35175	0.06151	0.27970	0.02382	0.01792	0.01939	0.01344	0.00689	0.00703	0.00214	0.00854	0.00713	0.00465	0.00936
4	0.01349	0.01463	0.05747	0.24821	0.14159	0.01424	0.28212	0.01793	0.01406	0.01899	0.01499	0.10396	0.01325	0.00755	0.00709	0.00218	0.00882	0.00789	0.00343	0.00812
5	0.01356	0.08537	0.53657	0.01908	0.02751	0.01573	0.14418	0.02013	0.01405	0.02030	0.03645	0.01527	0.01030	0.00621	0.00630	0.00202	0.00937	0.00542	0.00298	0.00919
6	0.01528	0.00851	0.01029	0.00928	0.01213	0.00779	0.00714	0.01886	0.08669	0.24301	0.08790	0.16788	0.27219	0.01346	0.00728	0.00219	0.00422	0.01147	0.00675	0.00767
7	0.00786	0.00612	0.00714	0.00780	0.00910	0.00541	0.00550	0.00936	0.01390	0.01764	0.10086	0.38951	0.36093	0.01793	0.00792	0.00238	0.00348	0.01569	0.00608	0.00541
8	0.01678	0.10639	0.27917	0.07608	0.15510	0.11979	0.01771	0.02167	0.03118	0.07681	0.03204	0.01555	0.01095	0.00650	0.00603	0.00190	0.00854	0.00518	0.00354	0.00910
9	0.01907	0.01554	0.02655	0.02001	0.02476	0.05075	0.33566	0.05297	0.01608	0.19724	0.01654	0.02062	0.01255	0.00772	0.00922	0.00223	0.11641	0.04248	0.00466	0.00894
10	0.00792	0.00583	0.00743	0.00856	0.00929	0.00534	0.00584	0.00925	0.01313	0.01727	0.08621	0.61219	0.14971	0.01918	0.00811	0.00252	0.00363	0.01720	0.00607	0.00534
11	0.01638	0.01632	0.07303	0.10477	0.30251	0.01545	0.16621	0.05757	0.10036	0.06055	0.01483	0.01755	0.01132	0.00637	0.00668	0.00205	0.00814	0.00632	0.00398	0.00962
12	0.01682	0.09891	0.14331	0.04240	0.37814	0.04902	0.07235	0.05460	0.01547	0.05063	0.01241	0.01518	0.00982	0.00602	0.00620	0.00190	0.00823	0.00546	0.00344	0.00969
13	0.01752	0.01298	0.01434	0.01241	0.01608	0.01431	0.00977	0.11708	0.44658	0.10735	0.13310	0.02650	0.02455	0.00924	0.00671	0.00211	0.00509	0.00770	0.00680	0.00977
14	0.00785	0.00572	0.00739	0.00873	0.00930	0.00527	0.00588	0.00903	0.01263	0.01660	0.03891	0.69065	0.11866	0.01981	0.00818	0.00258	0.00370	0.01785	0.00600	0.00527
15	0.01652	0.04112	0.20036	0.02288	0.12492	0.03346	0.25613	0.10999	0.01706	0.05295	0.05071	0.01754	0.01248	0.00650	0.00676	0.00203	0.00891	0.00641	0.00393	0.00934
16	0.01260	0.01071	0.01945	0.01781	0.08360	0.01011	0.22621	0.01552	0.01402	0.06789	0.02529	0.34188	0.02678	0.03207	0.00843	0.00250	0.00668	0.06627	0.00498	0.00720
17	0.00815	0.00593	0.00775	0.00911	0.00979	0.00553	0.00642	0.00954	0.01289	0.01692	0.03830	0.61866	0.10772	0.01959	0.00827	0.00262	0.00396	0.09751	0.00599	0.00535
18	0.02005	0.07298	0.05067	0.04165	0.06768	0.01664	0.06506	0.19061	0.18710	0.15274	0.01828	0.01840	0.01328	0.00764	0.00716	0.00204	0.04627	0.00619	0.00556	0.00999
19	0.00977	0.00796	0.04042	0.00935	0.01117	0.00677	0.00751	0.01281	0.03498	0.04135	0.33874	0.21661	0.11691	0.01521	0.00782	0.00231	0.00403	0.10367	0.00641	0.00621
20	0.10191	0.03590	0.21873	0.01865	0.06937	0.04674	0.18406	0.06588	0.01560	0.07625	0.01854	0.02007	0.08508	0.00726	0.00644	0.00204	0.00818	0.00647	0.00404	0.00878
21	0.01717	0.05942	0.10981	0.04656	0.13027	0.07944	0.20518	0.07371	0.01615	0.06553	0.01294	0.01542	0.00986	0.00596	0.00631	0.00183	0.00852	0.00566	0.00378	0.12649
22	0.13587	0.05195	0.08958	0.01623	0.08194	0.11075	0.05012	0.14254	0.05074	0.12631	0.01435	0.01517	0.01055	0.00665	0.00583	0.00185	0.00738	0.00516	0.00472	0.07230
23	0.01624	0.05137	0.13163	0.05992	0.21177	0.05260	0.08452	0.06834	0.04383	0.07616	0.09238	0.02148	0.04608	0.00752	0.00655	0.00198	0.00752	0.00669	0.00436	0.00906
24	0.01924	0.06679	0.04844	0.06726	0.09267	0.14066	0.01244	0.15980	0.08308	0.10855	0.03986	0.06907	0.04699	0.00855	0.00640	0.00196	0.00726	0.00689	0.00510	0.00897
25	0.05884	0.12214	0.05587	0.08865	0.13580	0.04584	0.03865	0.13316	0.07633	0.04735	0.01718	0.03940	0.04707	0.04126	0.00725	0.00211	0.00706	0.00628	0.00437	0.02539
26	0.03979	0.07226	0.11788	0.01512	0.02956	0.09109	0.11112	0.09305	0.04925	0.07646	0.10024	0.02506	0.10800	0.00874	0.00707	0.00201	0.03286	0.00729	0.00479	0.00836
27	0.01679	0.03027	0.09226	0.05467	0.10154	0.06598	0.09540	0.12957	0.17658	0.03986	0.08321	0.02107	0.02736	0.00771	0.00658	0.00200	0.00727	0.00672	0.00493	0.03024

[dist]
# distance from previous block
# <min> <max>
1	25

[block]
# block no. 1 follows, 34 sequences, length 51
# corresponding to MSA columns:
# 81-131
name=unknown_B
#
# <colnr> <probs for GDERKNQSTAVLIFYWHMCP>
#	G	D	E	R	K	N	Q	S	T	A	V	L	I	F	Y	W	H	M	C	P
0	0.01445	0.01274	0.06643	0.03362	0.10296	0.06416	0.01079	0.01712	0.01427	0.09804	0.12219	0.07546	0.02189	0.06136	0.07176	0.02412	0.05980	0.00760	0.05910	0.06215
1	0.01666	0.11306	0.12064	0.01389	0.03341	0.06331	0.04099	0.13438	0.05791	0.07633	0.06198	0.04412	0.07814	0.01019	0.02980	0.00222	0.00717	0.04453	0.00491	0.04638
2	0.01715	0.06755	0.07860	0.04305	0.07372	0.10580	0.01168	0.10752	0.03606	0.09969	0.03711	0.12318	0.05529	0.00914	0.00633	0.00189	0.00670	0.00753	0.00487	0.10714
3	0.03539	0.13634	0.24303	0.01967	0.16072	0.04545	0.04542	0.04494	0.03984	0.02007	0.01503	0.08447	0.01369	0.04262	0.00739	0.00218	0.00779	0.02369	0.00361	0.00865
4	0.01523	0.19478	0.13007	0.07512	0.09989	0.07879	0.03514	0.01832	0.01343	0.03364	0.04196	0.03770	0.01304	0.06541	0.01010	0.00230	0.11793	0.00586	0.00336	0.00793
5	0.08508	0.09290	0.05678	0.01452	0.06592	0.10949	0.01133	0.08098	0.10304	0.04570	0.01639	0.07405	0.01438	0.01615	0.15081	0.00362	0.03996	0.00647	0.00433	0.00808
6	0.00879	0.00625	0.00833	0.00887	0.00940	0.00651	0.00607	0.00997	0.01080	0.01479	0.02484	0.29877	0.02797	0.25774	0.26416	0.00634	0.00907	0.01180	0.00451	0.00502
7	0.01261	0.02123	0.33951	0.05676	0.16093	0.01295	0.07129	0.01784	0.01447	0.02062	0.09946	0.06350	0.06424	0.00830	0.00670	0.00208	0.00776	0.00736	0.00377	0.00860
8	0.03563	0.23598	0.19176	0.04981	0.14382	0.06316	0.03259	0.07013	0.01523	0.03873	0.02965	0.01441	0.01037	0.00647	0.00625	0.00184	0.03686	0.00494	0.00343	0.00896
9	0.01074	0.00688	0.00876	0.00872	0.01002	0.00720	0.00647	0.02721	0.02802	0.03622	0.02454	0.11380	0.08217	0.06947	0.27387	0.07472	0.00883	0.00863	0.18801	0.00572
10	0.06998	0.01460	0.01678	0.01301	0.01798	0.01510	0.01072	0.35633	0.05347	0.33446	0.01984	0.01834	0.01326	0.00780	0.00635	0.00198	0.00623	0.00604	0.00698	0.01074
11	0.01538	0.05044	0.13042	0.08566	0.08942	0.08703	0.26687	0.02061	0.05333	0.01931	0.01266	0.01627	0.00997	0.00814	0.03641	0.00243	0.07768	0.00616	0.00329	0.00852
12	0.01582	0.12515	0.26013	0.08208	0.13302	0.01547	0.01667	0.08868	0.01568	0.07768	0.01646	0.07342	0.03679	0.00775	0.00620	0.00198	0.00760	0.00640	0.00397	0.00907
13	0.00922	0.00659	0.00891	0.00900	0.00966	0.00721	0.00633	0.01056	0.01011	0.01411	0.01952	0.07312	0.02050	0.33128	0.42601	0.00834	0.01222	0.00853	0.00378	0.00501
14	0.00775	0.00641	0.00679	0.00700	0.00887	0.00545	0.00513	0.00937	0.01454	0.01772	0.09319	0.16888	0.59302	0.01680	0.00773	0.00224	0.00333	0.01426	0.00605	0.00545
15	0.01711	0.55659	0.15679	0.01362	0.03762	0.09022	0.01368	0.02015	0.01374	0.01634	0.00962	0.01121	0.00833	0.00575	0.00471	0.00154	0.00783	0.00381	0.00282	0.00849
16	0.00940	0.00626	0.00705	0.00705	0.00705	0.00626	0.00392	0.00940	0.00940	0.01253	0.02036	0.04228	0.02349	0.77292	0.03289	0.00626	0.00626	0.00940	0.00392	0.00392
17	0.01513	0.01355	0.01729	0.01453	0.01845	0.01479	0.11530	0.05472	0.48635	0.02527	0.02872	0.02851	0.10229	0.00936	0.00691	0.00220	0.00587	0.02543	0.00599	0.00935
18	0.00988	0.00737	0.01064	0.01045	0.01173	0.00851	0.00810	0.04104	0.01119	0.01599	0.01735	0.02560	0.01621	0.07379	0.68931	0.00987	0.01646	0.00697	0.00361	0.00592
19	0.03217	0.05469	0.31889	0.02602	0.29571	0.01522	0.06435	0.02105	0.01447	0.07842	0.01286	0.01525	0.00968	0.00607	0.00623	0.00197	0.00839	0.00539	0.00339	0.00977
20	0.02302	0.02715	0.01765	0.01574	0.01904	0.59165	0.01198	0.10020	0.01903	0.01911	0.01129	0.01300	0.00918	0.00700	0.00634	0.00172	0.03660	0.00452	0.05802	0.00776
21	0.01340	0.01148	0.01340	0.00957	0.01531	0.00861	0.00766	0.01627	0.01340	0.02105	0.01148	0.01340	0.00957	0.00479	0.00479	0.00096	0.00479	0.00383	0.00383	0.81242
22	0.01607	0.01388	0.01461	0.01315	0.01680	0.01607	0.01023	0.03433	0.72094	0.02703	0.02630	0.02411	0.01972	0.00877	0.00657	0.00219	0.00511	0.00731	0.00657	0.01023
23	0.01348	0.01158	0.01216	0.01114	0.01430	0.01276	0.00860	0.02658	0.49917	0.02437	0.06577	0.03550	0.21554	0.01102	0.00691	0.00218	0.00453	0.00921	0.00644	0.00875
24	0.00960	0.00742	0.01094	0.01068	0.01192	0.00866	0.00836	0.01188	0.01046	0.01522	0.01669	0.02446	0.01557	0.04527	0.68858	0.00972	0.05307	0.00676	0.00344	0.03130
25	0.01414	0.01414	0.01979	0.01696	0.01696	0.01979	0.01414	0.01555	0.00990	0.01555	0.00848	0.01414	0.00848	0.01131	0.02120	0.00283	0.76110	0.00565	0.00283	0.00707
26	0.01101	0.00715	0.00918	0.00856	0.01043	0.00660	0.00645	0.01422	0.03873	0.09121	0.54246	0.10481	0.09745	0.01337	0.00754	0.00209	0.00341	0.01174	0.00702	0.00657
27	0.00883	0.00685	0.00807	0.00772	0.00956	0.00622	0.00580	0.01190	0.04231	0.02279	0.45545	0.05260	0.30985	0.01423	0.00759	0.00209	0.00321	0.01226	0.00668	0.00601
28	0.01837	0.15096	0.19573	0.03897	0.15075	0.03474	0.07684	0.13369	0.01724	0.10255	0.01352	0.01511	0.01005	0.00640	0.00607	0.00189	0.00806	0.00534	0.00408	0.00967
29	0.05567	0.00910	0.01199	0.01114	0.01206	0.01106	0.00855	0.03759	0.01080	0.01625	0.01552	0.02563	0.01545	0.20533	0.35023	0.00696	0.18023	0.00699	0.00356	0.00588
30	0.01252	0.00708	0.00871	0.00825	0.00930	0.00685	0.00544	0.01330	0.01145	0.13648	0.02367	0.10434	0.04381	0.48997	0.08672	0.00544	0.00676	0.00963	0.00482	0.00544
31	0.09416	0.01451	0.01678	0.04384	0.01899	0.01512	0.01095	0.35129	0.02324	0.31674	0.01877	0.01774	0.01254	0.00765	0.00626	0.00198	0.00635	0.00589	0.00671	0.01049
32	0.07387	0.06176	0.11056	0.02853	0.38425	0.12057	0.07176	0.02064	0.01468	0.02035	0.01136	0.01446	0.00930	0.00604	0.00643	0.00192	0.02585	0.00527	0.00319	0.00923
33	0.01180	0.01293	0.13037	0.08042	0.12535	0.01000	0.03107	0.01520	0.01393	0.04636	0.04374	0.26814	0.02695	0.01312	0.00751	0.00240	0.00634	0.14222	0.00481	0.00732
34	0.00793	0.00565	0.00748	0.00892	0.00928	0.00529	0.00592	0.00901	0.01226	0.01635	0.03504	0.74158	0.04202	0.04835	0.00917	0.00276	0.00384	0.01803	0.00592	0.00520
35	0.01401	0.24756	0.35651	0.01736	0.10366	0.01699	0.01733	0.01881	0.01388	0.01904	0.05350	0.03875	0.04238	0.00714	0.00579	0.00186	0.00776	0.00564	0.00327	0.00877
36	0.03416	0.08040	0.20913	0.11176	0.27102	0.04076	0.01813	0.05825	0.01531	0.08242	0.01286	0.01530	0.00976	0.00626	0.00610	0.00194	0.00807	0.00528	0.00361	0.00948
37	0.02519	0.01596	0.01752	0.01550	0.07208	0.13156	0.01163	0.13941	0.01936	0.38887	0.01885	0.01812	0.01284	0.00786	0.00767	0.00200	0.07351	0.00588	0.00617	0.01003
38	0.76446	0.04616	0.01077	0.00881	0.01285	0.03275	0.00731	0.01917	0.01127	0.02807	0.00902	0.01052	0.00709	0.00599	0.00405	0.00196	0.00524	0.00351	0.00393	0.00707
39	0.00940	0.00626	0.00705	0.00705	0.00705	0.00626	0.00392	0.00940	0.00940	0.01253	0.02036	0.04228	0.02349	0.77292	0.03289	0.00626	0.00626	0.00940	0.00392	0.00392
40	0.03340	0.01785	0.14977	0.06118	0.31378	0.01560	0.01705	0.02403	0.22901	0.02256	0.01612	0.01791	0.01254	0.00697	0.00687	0.00207	0.03339	0.00600	0.00413	0.00978
41	0.00974	0.00775	0.01231	0.07518	0.01529	0.00896	0.03807	0.01235	0.01080	0.01537	0.01663	0.02435	0.01524	0.04307	0.65299	0.00934	0.01629	0.00685	0.00340	0.00601
42	0.00791	0.00578	0.00745	0.00867	0.00931	0.00532	0.00588	0.00919	0.01295	0.01709	0.07476	0.65052	0.12254	0.01944	0.00814	0.00254	0.00366	0.01748	0.00606	0.00532
43	0.02122	0.12843	0.04659	0.01343	0.01837	0.07029	0.01155	0.43069	0.02383	0.03179	0.01433	0.01512	0.01075	0.00710	0.00579	0.00175	0.00697	0.00522	0.08169	0.05507
44	0.01296	0.03342	0.73944	0.01842	0.02797	0.01501	0.02387	0.02046	0.01364	0.02046	0.01160	0.01364	0.00818	0.00614	0.00614	0.00205	0.00955	0.00477	0.00273	0.00955
45	0.01583	0.01538	0.02475	0.12220	0.60257	0.04067	0.01902	0.02014	0.03882	0.02059	0.01248	0.01626	0.01030	0.00597	0.00639	0.00195	0.00784	0.00575	0.00328	0.00978
46	0.09542	0.17702	0.16979	0.01624	0.06572	0.07243	0.04099	0.21307	0.01862	0.05487	0.01244	0.01368	0.00940	0.00651	0.00568	0.00184	0.00782	0.00487	0.00421	0.00937
47	0.02132	0.08564	0.10554	0.01524	0.01986	0.34627	0.01314	0.15485	0.07213	0.05362	0.04248	0.01540	0.01215	0.00720	0.00601	0.00181	0.00905	0.00514	0.00441	0.00876
48	0.01122	0.00561	0.00842	0.00842	0.00842	0.00561	0.00561	0.00842	0.00842	0.01122	0.01122	0.01964	0.01122	0.02245	0.02525	0.81201	0.00561	0.00561	0.00281	0.00281
49	0.07304	0.18145	0.08448	0.01625	0.06385	0.16551	0.05648	0.17186	0.03671	0.04210	0.01226	0.01361	0.00955	0.00645	0.00566	0.00176	0.00813	0.00482	0.00410	0.04192
50	0.05108	0.28258	0.09795	0.04354	0.07706	0.05463	0.01298	0.07634	0.04440	0.06746	0.01426	0.07856	0.01257	0.00781	0.00652	0.00188	0.05195	0.00587	0.00397	0.00859

[dist]
# distance from previous block
# <min> <max>
1	5

[block]
# block no. 2 follows, 34 sequences, length 87
# corresponding to MSA columns:
# 137-223
name=unknown_C
#
# <colnr> <probs for GDERKNQSTAVLIFYWHMCP>
#	G	D	E	R	K	N	Q	S	T	A	V	L	I	F	Y	W	H	M	C	P
0	0.01737	0.09515	0.09544	0.07044	0.28609	0.09295	0.01583	0.06880	0.01612	0.07565	0.04567	0.01827	0.03860	0.00709	0.00662	0.00191	0.02904	0.00586	0.00396	0.00915
1	0.36429	0.03467	0.08861	0.01183	0.01678	0.07554	0.02999	0.09799	0.01482	0.04805	0.01137	0.01298	0.00877	0.00756	0.03022	0.00209	0.00688	0.00432	0.00412	0.12912
2	0.69442	0.01367	0.01097	0.06167	0.01538	0.05906	0.00823	0.03613	0.01205	0.02760	0.00939	0.01116	0.00729	0.00611	0.00434	0.00199	0.00571	0.00375	0.00394	0.00714
3	0.01491	0.04179	0.02339	0.11505	0.52728	0.01467	0.01751	0.01851	0.01408	0.02012	0.01322	0.03796	0.01140	0.00764	0.02678	0.00217	0.02611	0.00607	0.05210	0.00922
4	0.00932	0.00656	0.00853	0.00853	0.00905	0.00707	0.00577	0.01035	0.00984	0.01363	0.01900	0.03476	0.02022	0.45033	0.35102	0.00810	0.01118	0.00829	0.00371	0.00474
5	0.00926	0.00681	0.00981	0.00981	0.01076	0.00776	0.00736	0.01117	0.01021	0.01457	0.01783	0.02830	0.01742	0.17368	0.62383	0.00967	0.01540	0.00735	0.00354	0.00545
6	0.01607	0.01388	0.01461	0.01315	0.01680	0.01607	0.01023	0.03433	0.72094	0.02703	0.02630	0.02411	0.01972	0.00877	0.00657	0.00219	0.00511	0.00731	0.00657	0.01023
7	0.01009	0.00822	0.00902	0.00857	0.01085	0.00804	0.00649	0.03110	0.15521	0.02198	0.22370	0.08801	0.36632	0.01407	0.00743	0.00216	0.00369	0.01197	0.00641	0.00668
8	0.01220	0.01148	0.01938	0.75739	0.04450	0.01436	0.01794	0.01651	0.01292	0.01651	0.01148	0.01723	0.00861	0.00646	0.00646	0.00215	0.00861	0.00574	0.00287	0.00718
9	0.02415	0.03025	0.01836	0.01657	0.01998	0.71550	0.01248	0.05548	0.01883	0.01689	0.01023	0.01182	0.00844	0.00671	0.00585	0.00168	0.01146	0.00423	0.00346	0.00764
10	0.76987	0.01267	0.01051	0.01039	0.05619	0.01455	0.00778	0.01904	0.01122	0.02851	0.00919	0.01083	0.00719	0.00598	0.00414	0.00199	0.00516	0.00364	0.00395	0.00719
11	0.04631	0.01412	0.01475	0.01310	0.01686	0.01629	0.01025	0.08026	0.64727	0.02804	0.02492	0.02301	0.01865	0.00859	0.00647	0.00217	0.00525	0.00706	0.00647	0.01016
12	0.02397	0.02635	0.01850	0.01598	0.01988	0.50117	0.01234	0.23237	0.04791	0.02372	0.01225	0.01327	0.00955	0.00707	0.00605	0.00177	0.01004	0.00478	0.00439	0.00864
13	0.00800	0.00574	0.00755	0.00895	0.00942	0.00537	0.00605	0.00918	0.01246	0.01651	0.03620	0.69579	0.06720	0.04276	0.00899	0.00273	0.00389	0.04203	0.00593	0.00524
14	0.02002	0.01185	0.01375	0.01116	0.01487	0.01213	0.00899	0.26205	0.04710	0.20313	0.17793	0.02597	0.02447	0.00903	0.00644	0.00192	0.00513	0.00737	0.12754	0.00913
15	0.02899	0.01100	0.01499	0.01150	0.01649	0.00950	0.00950	0.03149	0.01849	0.73709	0.02549	0.02199	0.01599	0.00800	0.00650	0.00200	0.00550	0.00650	0.00800	0.01100
16	0.00958	0.00620	0.00719	0.00719	0.00719	0.00620	0.00409	0.00930	0.00930	0.01240	0.01943	0.03997	0.02224	0.69637	0.03211	0.08846	0.00620	0.00901	0.00380	0.00380
17	0.01164	0.00877	0.01072	0.03788	0.05595	0.00845	0.00775	0.06577	0.05484	0.06069	0.26835	0.04558	0.31304	0.01284	0.00731	0.00209	0.00416	0.01094	0.00625	0.00698
18	0.00857	0.00631	0.00803	0.00830	0.00956	0.00578	0.00604	0.01080	0.01579	0.02148	0.38959	0.27822	0.15257	0.01605	0.00786	0.00227	0.00340	0.03711	0.00656	0.00573
19	0.76995	0.05887	0.01097	0.00865	0.01274	0.01517	0.00724	0.01901	0.01113	0.02815	0.00900	0.01049	0.00708	0.00597	0.00401	0.00196	0.00511	0.00350	0.00392	0.00708
20	0.01570	0.11816	0.11727	0.08316	0.37079	0.01611	0.01723	0.06018	0.01501	0.02105	0.01173	0.01472	0.00956	0.00584	0.00589	0.00178	0.00753	0.00511	0.00332	0.09988
21	0.02000	0.18173	0.06070	0.02048	0.17627	0.30595	0.01443	0.08347	0.01696	0.01930	0.01077	0.01288	0.00897	0.00647	0.00624	0.00175	0.03697	0.00460	0.00341	0.00866
22	0.01122	0.00561	0.00842	0.00842	0.00842	0.00561	0.00561	0.00842	0.00842	0.01122	0.01122	0.01964	0.01122	0.02245	0.02525	0.81201	0.00561	0.00561	0.00281	0.00281
23	0.01569	0.10205	0.12682	0.04479	0.38472	0.01599	0.04349	0.02134	0.08993	0.04292	0.01562	0.01786	0.03730	0.00657	0.00622	0.00193	0.00750	0.00591	0.00369	0.00964
24	0.01687	0.01094	0.03400	0.01206	0.01607	0.00958	0.06923	0.01958	0.01454	0.23661	0.04689	0.04115	0.05442	0.01598	0.14584	0.02260	0.03355	0.00685	0.00518	0.18807
25	0.01704	0.02358	0.33457	0.01893	0.09009	0.03410	0.05472	0.15759	0.07170	0.06845	0.03874	0.01688	0.01218	0.00707	0.00675	0.00204	0.02574	0.00576	0.00432	0.00976
26	0.01780	0.12173	0.02302	0.07340	0.31444	0.14033	0.01506	0.11085	0.01678	0.02120	0.01328	0.05701	0.01180	0.02786	0.00683	0.00198	0.00797	0.00598	0.00374	0.00895
27	0.81856	0.01250	0.00950	0.00850	0.01250	0.01449	0.00700	0.01899	0.01100	0.02899	0.00900	0.01050	0.00700	0.00600	0.00400	0.00200	0.00500	0.00350	0.00400	0.00700
28	0.01033	0.00702	0.00905	0.00845	0.01020	0.00653	0.00637	0.01368	0.03917	0.06376	0.61975	0.07773	0.07677	0.01319	0.00756	0.00207	0.00328	0.01162	0.00706	0.00643
29	0.73600	0.01308	0.01053	0.00916	0.01328	0.01507	0.00755	0.09096	0.01301	0.03021	0.00967	0.01102	0.00741	0.00618	0.00425	0.00199	0.00522	0.00374	0.00425	0.00741
30	0.01872	0.00939	0.01189	0.00988	0.01331	0.00857	0.00787	0.06313	0.03501	0.33775	0.25560	0.03638	0.14292	0.01098	0.00704	0.00204	0.00445	0.00926	0.00727	0.00854
31	0.00788	0.00653	0.00689	0.00686	0.00889	0.00555	0.00512	0.00972	0.01521	0.01873	0.16712	0.07953	0.60772	0.01598	0.00765	0.00217	0.00325	0.01347	0.00617	0.00555
32	0.52524	0.01284	0.01163	0.00990	0.01412	0.04013	0.00808	0.02358	0.05639	0.22161	0.01458	0.01450	0.01027	0.00674	0.00490	0.00200	0.00539	0.00457	0.00522	0.00830
33	0.04606	0.01443	0.01612	0.01275	0.01732	0.01530	0.01042	0.37012	0.10136	0.22046	0.01969	0.01886	0.01370	0.00786	0.00623	0.00194	0.00601	0.00612	0.08496	0.01031
34	0.01414	0.01414	0.01979	0.01696	0.01696	0.01979	0.01414	0.01555	0.00990	0.01555	0.00848	0.01414	0.00848	0.01131	0.02120	0.00283	0.76110	0.00565	0.00283	0.00707
35	0.01297	0.00749	0.00881	0.00794	0.01054	0.00652	0.00614	0.01521	0.01625	0.17705	0.19994	0.04741	0.37166	0.01316	0.00715	0.00206	0.00369	0.01106	0.06809	0.00685
36	0.01727	0.77681	0.03386	0.01106	0.01658	0.02557	0.01106	0.01935	0.01313	0.01520	0.00898	0.01036	0.00829	0.00553	0.00415	0.00138	0.00691	0.00345	0.00276	0.00829
37	0.02688	0.01438	0.01709	0.01310	0.01818	0.01452	0.01082	0.35534	0.02416	0.40524	0.02074	0.01890	0.01361	0.00788	0.00648	0.00197	0.00627	0.00617	0.00727	0.01099
38	0.00787	0.00562	0.00750	0.00900	0.00937	0.00525	0.00600	0.00900	0.01237	0.01649	0.03561	0.76871	0.04274	0.02024	0.00825	0.00262	0.00375	0.01837	0.00600	0.00525
39	0.01946	0.01421	0.01483	0.01287	0.01678	0.05887	0.01012	0.05365	0.48833	0.17772	0.02466	0.02263	0.01788	0.00841	0.00645	0.00209	0.00560	0.00686	0.02843	0.01013
40	0.02074	0.00917	0.01235	0.01010	0.01365	0.00808	0.00808	0.02347	0.01841	0.44141	0.31807	0.03292	0.03469	0.01016	0.00696	0.00201	0.00448	0.00865	0.00763	0.00896
41	0.01599	0.01535	0.02623	0.03966	0.73262	0.01535	0.01983	0.01983	0.01471	0.02111	0.01215	0.01599	0.01023	0.00576	0.00640	0.00192	0.00768	0.00576	0.00320	0.01023
42	0.00797	0.00570	0.00758	0.00893	0.00939	0.00531	0.00601	0.00924	0.01282	0.01721	0.08867	0.71360	0.04413	0.01970	0.00820	0.00258	0.00370	0.01786	0.00608	0.00531
43	0.01570	0.01506	0.02570	0.09456	0.67998	0.01528	0.01969	0.01958	0.01458	0.02076	0.01210	0.01609	0.01011	0.00581	0.00640	0.00194	0.00775	0.00576	0.00317	0.01000
44	0.01340	0.01148	0.01340	0.00957	0.01531	0.00861	0.00766	0.01627	0.01340	0.02105	0.01148	0.01340	0.00957	0.00479	0.00479	0.00096	0.00479	0.00383	0.00383	0.81242
45	0.02045	0.01073	0.01329	0.01085	0.01456	0.01027	0.00870	0.16204	0.02028	0.32682	0.20674	0.06821	0.07755	0.01049	0.00695	0.00204	0.00496	0.00879	0.00722	0.00906
46	0.02434	0.01799	0.01927	0.01482	0.01995	0.01993	0.01223	0.69326	0.04855	0.04036	0.01580	0.01574	0.01122	0.00778	0.00647	0.00195	0.00706	0.00586	0.00647	0.01097
47	0.01159	0.00953	0.01437	0.03577	0.15336	0.00940	0.05724	0.01449	0.04060	0.04618	0.09932	0.22582	0.13648	0.08336	0.01015	0.00262	0.02624	0.01140	0.00511	0.00696
48	0.01525	0.01515	0.04644	0.12400	0.60298	0.01494	0.01939	0.01922	0.01447	0.02047	0.01285	0.01811	0.01095	0.00629	0.00649	0.00199	0.00778	0.03029	0.00324	0.00969
49	0.01642	0.37188	0.14487	0.01438	0.05586	0.01887	0.04322	0.04545	0.03078	0.04662	0.01147	0.01299	0.00933	0.00576	0.00509	0.00154	0.00709	0.00433	0.00342	0.15063
50	0.01754	0.22182	0.04302	0.01592	0.07987	0.10458	0.02928	0.06468	0.10656	0.04722	0.01378	0.03753	0.01161	0.00749	0.00764	0.00186	0.10579	0.00541	0.00400	0.07443
51	0.01205	0.00788	0.00996	0.00889	0.01103	0.00745	0.00683	0.06793	0.01911	0.08992	0.58704	0.04391	0.07768	0.01244	0.00743	0.00203	0.00359	0.01084	0.00710	0.00689
52	0.04416	0.08891	0.61005	0.01768	0.02639	0.04288	0.04260	0.02053	0.01372	0.02022	0.01128	0.01331	0.00820	0.00608	0.00594	0.00198	0.00929	0.00469	0.00282	0.00926
53	0.81856	0.01250	0.00950	0.00850	0.01250	0.01449	0.00700	0.01899	0.01100	0.02899	0.00900	0.01050	0.00700	0.00600	0.00400	0.00200	0.00500	0.00350	0.00400	0.00700
54	0.00936	0.00657	0.00874	0.00874	0.00931	0.00714	0.00602	0.01043	0.00986	0.01372	0.01860	0.03330	0.01952	0.39358	0.38670	0.03015	0.01172	0.00807	0.00366	0.00480
55	0.13264	0.13749	0.32013	0.01741	0.04887	0.01634	0.13220	0.01947	0.01367	0.02119	0.05455	0.01551	0.01158	0.00645	0.00625	0.00197	0.02703	0.00534	0.00330	0.00860
56	0.00885	0.00675	0.00937	0.10124	0.01411	0.00686	0.00778	0.01112	0.03694	0.01747	0.06980	0.58576	0.03853	0.01769	0.00796	0.00253	0.00444	0.04138	0.00569	0.00573
57	0.00790	0.00576	0.00737	0.00863	0.00921	0.00531	0.00579	0.00904	0.01255	0.01647	0.03864	0.65784	0.12449	0.04683	0.00906	0.00270	0.00378	0.01748	0.00592	0.00523
58	0.72146	0.01231	0.01017	0.00887	0.01299	0.01388	0.00730	0.02053	0.01192	0.11607	0.01103	0.01191	0.00810	0.00624	0.00431	0.00200	0.00506	0.00387	0.00449	0.00749
59	0.00914	0.00660	0.00864	0.00813	0.00965	0.00610	0.00610	0.01219	0.01829	0.02591	0.72921	0.04827	0.06097	0.01321	0.00762	0.00203	0.00305	0.01169	0.00711	0.00610
60	0.02899	0.01100	0.01499	0.01150	0.01649	0.00950	0.00950	0.03149	0.01849	0.73709	0.02549	0.02199	0.01599	0.00800	0.00650	0.00200	0.00550	0.00650	0.00800	0.01100
61	0.01340	0.01148	0.01340	0.00957	0.01531	0.00861	0.00766	0.01627	0.01340	0.02105	0.01148	0.01340	0.00957	0.00479	0.00479	0.00096	0.00479	0.00383	0.00383	0.81242
62	0.00923	0.00692	0.01038	0.01038	0.01154	0.00808	0.00808	0.01154	0.01038	0.01500	0.01731	0.02538	0.01615	0.04846	0.74732	0.01038	0.01731	0.00692	0.00346	0.00577
63	0.72397	0.01232	0.01016	0.00886	0.01297	0.01390	0.00730	0.02049	0.01189	0.11382	0.01097	0.01187	0.00808	0.00624	0.00430	0.00200	0.00506	0.00386	0.00448	0.00748
64	0.81856	0.01250	0.00950	0.00850	0.01250	0.01449	0.00700	0.01899	0.01100	0.02899	0.00900	0.01050	0.00700	0.00600	0.00400	0.00200	0.00500	0.00350	0.00400	0.00700
65	0.01892	0.01345	0.01485	0.01288	0.01685	0.01490	0.01015	0.05677	0.55801	0.16846	0.02577	0.02340	0.01869	0.00858	0.00656	0.00214	0.00526	0.00709	0.00685	0.01041
66	0.00787	0.00562	0.00750	0.00900	0.00937	0.00525	0.00600	0.00900	0.01237	0.01649	0.03561	0.76871	0.04274	0.02024	0.00825	0.00262	0.00375	0.01837	0.00600	0.00525
67	0.07446	0.07258	0.01889	0.01546	0.01930	0.52430	0.01201	0.14959	0.01972	0.02115	0.01087	0.01220	0.00872	0.00675	0.00572	0.00172	0.01011	0.00438	0.00391	0.00814
68	0.01627	0.11210	0.31997	0.01621	0.02286	0.07716	0.06621	0.08406	0.06384	0.04068	0.01290	0.01462	0.00977	0.00688	0.00683	0.02213	0.02823	0.00506	0.00365	0.07057
69	0.01076	0.00697	0.00937	0.00990	0.03017	0.00647	0.00693	0.01273	0.01451	0.08844	0.20911	0.37945	0.06047	0.03421	0.04875	0.00285	0.00471	0.03022	0.00615	0.02783
70	0.01122	0.00561	0.00842	0.00842	0.00842	0.00561	0.00561	0.00842	0.00842	0.01122	0.01122	0.01964	0.01122	0.02245	0.02525	0.81201	0.00561	0.00561	0.00281	0.00281
71	0.00883	0.00603	0.00721	0.00777	0.00791	0.00589	0.00469	0.00925	0.01050	0.01400	0.02603	0.31224	0.03064	0.49321	0.02373	0.00491	0.00533	0.01273	0.00469	0.00441
72	0.01727	0.77681	0.03386	0.01106	0.01658	0.02557	0.01106	0.01935	0.01313	0.01520	0.00898	0.01036	0.00829	0.00553	0.00415	0.00138	0.00691	0.00345	0.00276	0.00829
73	0.01220	0.01148	0.01938	0.75739	0.04450	0.01436	0.01794	0.01651	0.01292	0.01651	0.01148	0.01723	0.00861	0.00646	0.00646	0.00215	0.00861	0.00574	0.00287	0.00718
74	0.01727	0.77681	0.03386	0.01106	0.01658	0.02557	0.01106	0.01935	0.01313	0.01520	0.00898	0.01036	0.00829	0.00553	0.00415	0.00138	0.00691	0.00345	0.00276	0.00829
75	0.00787	0.00562	0.00750	0.00900	0.00937	0.00525	0.00600	0.00900	0.01237	0.01649	0.03561	0.76871	0.04274	0.02024	0.00825	0.00262	0.00375	0.01837	0.00600	0.00525
76	0.81856	0.01250	0.00950	0.00850	0.01250	0.01449	0.00700	0.01899	0.01100	0.02899	0.00900	0.01050	0.00700	0.00600	0.00400	0.00200	0.00500	0.00350	0.00400	0.00700
77	0.00778	0.00646	0.00681	0.00692	0.00887	0.00549	0.00511	0.00948	0.01478	0.01805	0.11676	0.13150	0.60674	0.01649	0.00770	0.00221	0.00330	0.01395	0.00609	0.00549
78	0.66542	0.01220	0.01056	0.00908	0.01327	0.01353	0.00748	0.02142	0.01245	0.16633	0.01220	0.01273	0.00874	0.00639	0.00448	0.00200	0.00510	0.00408	0.00477	0.00777
79	0.81856	0.01250	0.00950	0.00850	0.01250	0.01449	0.00700	0.01899	0.01100	0.02899	0.00900	0.01050	0.00700	0.00600	0.00400	0.00200	0.00500	0.00350	0.00400	0.00700
80	0.01271	0.01200	0.02030	0.66107	0.13685	0.01449	0.01820	0.01695	0.01316	0.01713	0.01157	0.01706	0.00883	0.00637	0.00645	0.00212	0.00849	0.00574	0.00292	0.00759
81	0.00872	0.00647	0.00812	0.00795	0.00945	0.00588	0.00587	0.01127	0.01692	0.02323	0.52450	0.13937	0.17909	0.01464	0.00770	0.00213	0.00317	0.01286	0.00678	0.00588
82	0.00798	0.00580	0.00761	0.00882	0.00942	0.00542	0.00600	0.00931	0.01283	0.01708	0.07920	0.64501	0.09337	0.02060	0.03604	0.00285	0.00418	0.01718	0.00597	0.00533
83	0.00906	0.00674	0.00925	0.00904	0.01041	0.00700	0.00689	0.01154	0.01392	0.01953	0.30719	0.03834	0.09899	0.05051	0.36489	0.00618	0.01003	0.00951	0.00517	0.00582
84	0.01474	0.01407	0.02349	0.25546	0.46567	0.01531	0.01869	0.01899	0.03312	0.01957	0.01214	0.01649	0.00991	0.00635	0.00722	0.00205	0.04865	0.00579	0.00317	0.00914
85	0.01634	0.35415	0.17050	0.05081	0.16190	0.03983	0.01560	0.02102	0.06057	0.03647	0.01183	0.01367	0.00962	0.00604	0.00536	0.00173	0.00764	0.00462	0.00325	0.00905
86	0.08480	0.05872	0.15546	0.01913	0.16953	0.01468	0.03599	0.12189	0.03191	0.09539	0.01455	0.04302	0.01146	0.00682	0.00595	0.00185	0.00699	0.00565	0.00437	0.11183

[dist]
# distance from previous block
# <min> <max>
1	3

[block]
# block no. 3 follows, 34 sequences, length 49
# corresponding to MSA columns:
# 227-275
name=unknown_D
#
# <colnr> <probs for GDERKNQSTAVLIFYWHMCP>
#	G	D	E	R	K	N	Q	S	T	A	V	L	I	F	Y	W	H	M	C	P
0	0.03436	0.01728	0.12713	0.10407	0.36500	0.03180	0.04565	0.04783	0.01529	0.05901	0.05548	0.01777	0.01294	0.00672	0.00690	0.00201	0.03170	0.00599	0.00373	0.00934
1	0.00817	0.00655	0.00720	0.00705	0.00894	0.00568	0.00523	0.01017	0.01560	0.01983	0.26567	0.05715	0.49792	0.04586	0.00865	0.00230	0.00332	0.01287	0.00625	0.00559
2	0.03552	0.02105	0.27369	0.10325	0.31380	0.01493	0.05687	0.03807	0.01451	0.02099	0.01386	0.01688	0.03514	0.00639	0.00636	0.00201	0.00835	0.00574	0.00321	0.00936
3	0.07089	0.01777	0.06175	0.01464	0.01997	0.03956	0.03969	0.45925	0.02515	0.16204	0.01642	0.01623	0.01136	0.00747	0.00633	0.00196	0.00713	0.00576	0.00615	0.01047
4	0.01570	0.01236	0.01885	0.24117	0.23672	0.01343	0.01483	0.02130	0.11021	0.10879	0.07641	0.02117	0.01622	0.00749	0.00689	0.00205	0.02718	0.00656	0.03384	0.00883
5	0.00787	0.00562	0.00750	0.00900	0.00937	0.00525	0.00600	0.00900	0.01237	0.01649	0.03561	0.76871	0.04274	0.02024	0.00825	0.00262	0.00375	0.01837	0.00600	0.00525
6	0.00833	0.00652	0.00700	0.00688	0.00886	0.00565	0.00516	0.01041	0.01549	0.01997	0.22026	0.05598	0.51659	0.01494	0.00740	0.00210	0.00320	0.01260	0.06701	0.00565
7	0.02087	0.40131	0.02602	0.01365	0.01820	0.33582	0.01169	0.05331	0.01627	0.03558	0.01014	0.01145	0.00863	0.00618	0.00504	0.00154	0.00893	0.00394	0.00331	0.00814
8	0.02425	0.01794	0.01921	0.01480	0.01992	0.01989	0.01220	0.68592	0.05605	0.04021	0.01591	0.01583	0.01131	0.00779	0.00647	0.00195	0.00704	0.00587	0.00647	0.01096
9	0.02023	0.01323	0.01543	0.01387	0.04867	0.01421	0.01048	0.08361	0.41992	0.22755	0.02422	0.02238	0.01736	0.00870	0.00704	0.02372	0.00550	0.00685	0.00672	0.01030
10	0.01390	0.01178	0.01367	0.00981	0.01552	0.00912	0.00786	0.04727	0.01416	0.02193	0.01166	0.01349	0.00963	0.00492	0.00486	0.00100	0.00489	0.00392	0.00395	0.77667
11	0.01361	0.01251	0.01866	0.01581	0.01678	0.01606	0.07306	0.01550	0.01116	0.04474	0.03908	0.05435	0.01394	0.04902	0.09441	0.00364	0.49021	0.00699	0.00349	0.00697
12	0.01340	0.01148	0.01340	0.00957	0.01531	0.00861	0.00766	0.01627	0.01340	0.02105	0.01148	0.01340	0.00957	0.00479	0.00479	0.00096	0.00479	0.00383	0.00383	0.81242
13	0.00793	0.00653	0.00697	0.00692	0.00892	0.00557	0.00517	0.00981	0.01532	0.01901	0.18905	0.08221	0.58244	0.01590	0.00765	0.00217	0.00325	0.01342	0.00621	0.00557
14	0.12387	0.01056	0.01320	0.01045	0.01489	0.00968	0.00857	0.02791	0.01696	0.56151	0.02292	0.02084	0.01496	0.00769	0.00594	0.00194	0.00513	0.00607	0.10703	0.00989
15	0.01386	0.01317	0.02237	0.44401	0.34495	0.01479	0.01877	0.01796	0.01370	0.01852	0.01178	0.01669	0.00932	0.00615	0.00643	0.00205	0.00820	0.00575	0.00301	0.00851
16	0.00764	0.00655	0.00655	0.00655	0.00873	0.00545	0.00491	0.00927	0.01473	0.01745	0.06546	0.06218	0.73000	0.01636	0.00764	0.00218	0.00327	0.01364	0.00600	0.00545
17	0.01455	0.01217	0.01402	0.01012	0.01580	0.00980	0.00814	0.08824	0.01516	0.02309	0.01190	0.01362	0.00972	0.00509	0.00496	0.00106	0.00503	0.00403	0.00410	0.72940
18	0.02218	0.01691	0.01805	0.01438	0.01913	0.01892	0.01170	0.52098	0.22435	0.03688	0.01854	0.01793	0.01344	0.00804	0.00649	0.00201	0.00655	0.00624	0.00649	0.01077
19	0.00787	0.00562	0.00750	0.00900	0.00937	0.00525	0.00600	0.00900	0.01237	0.01649	0.03561	0.76871	0.04274	0.02024	0.00825	0.00262	0.00375	0.01837	0.00600	0.00525
20	0.02899	0.01100	0.01499	0.01150	0.01649	0.00950	0.00950	0.03149	0.01849	0.73709	0.02549	0.02199	0.01599	0.00800	0.00650	0.00200	0.00550	0.00650	0.00800	0.01100
21	0.01317	0.01123	0.01315	0.00949	0.01501	0.00848	0.00757	0.01605	0.01366	0.02131	0.04960	0.01525	0.01230	0.00523	0.00494	0.00101	0.00469	0.00425	0.00400	0.76961
22	0.01414	0.01414	0.01979	0.01696	0.01696	0.01979	0.01414	0.01555	0.00990	0.01555	0.00848	0.01414	0.00848	0.01131	0.02120	0.00283	0.76110	0.00565	0.00283	0.00707
23	0.00940	0.00626	0.00705	0.00705	0.00705	0.00626	0.00392	0.00940	0.00940	0.01253	0.02036	0.04228	0.02349	0.77292	0.03289	0.00626	0.00626	0.00940	0.00392	0.00392
24	0.81856	0.01250	0.00950	0.00850	0.01250	0.01449	0.00700	0.01899	0.01100	0.02899	0.00900	0.01050	0.00700	0.00600	0.00400	0.00200	0.00500	0.00350	0.00400	0.00700
25	0.02022	0.01763	0.14165	0.02380	0.25656	0.01428	0.08034	0.10890	0.01761	0.22964	0.01640	0.01740	0.01161	0.00668	0.00650	0.00199	0.00759	0.00599	0.00491	0.01029
26	0.01393	0.01102	0.01307	0.00955	0.01488	0.00844	0.00762	0.01680	0.01414	0.06353	0.07654	0.01702	0.01455	0.00573	0.00514	0.00111	0.00467	0.00469	0.00437	0.69321
27	0.02813	0.01238	0.01585	0.01215	0.01719	0.01156	0.01004	0.16420	0.02081	0.60110	0.02354	0.02073	0.01502	0.00795	0.00649	0.00199	0.00581	0.00636	0.00770	0.01099
28	0.01205	0.05332	0.31276	0.01322	0.01847	0.02858	0.01421	0.01832	0.08858	0.02244	0.26382	0.05832	0.04999	0.00971	0.00673	0.00205	0.00635	0.00816	0.00489	0.00803
29	0.71443	0.01271	0.01145	0.00967	0.01394	0.01419	0.04827	0.01890	0.01142	0.02794	0.00941	0.01111	0.00734	0.00588	0.00427	0.00194	0.00533	0.00376	0.00394	0.06409
30	0.01340	0.01148	0.01340	0.00957	0.01531	0.00861	0.00766	0.01627	0.01340	0.02105	0.01148	0.01340	0.00957	0.00479	0.00479	0.00096	0.00479	0.00383	0.00383	0.81242
31	0.00924	0.00620	0.00709	0.00725	0.00729	0.00616	0.00413	0.00935	0.00970	0.01294	0.02194	0.11753	0.02548	0.69495	0.03033	0.00589	0.00600	0.01033	0.00413	0.00405
32	0.01766	0.73464	0.03298	0.01137	0.01678	0.06635	0.01114	0.01971	0.01342	0.01524	0.00904	0.01044	0.00829	0.00559	0.00424	0.00140	0.00718	0.00349	0.00280	0.00825
33	0.01504	0.01421	0.02380	0.06186	0.61353	0.01415	0.01803	0.01862	0.01439	0.02054	0.01410	0.08024	0.01292	0.00698	0.00648	0.00194	0.00724	0.00675	0.00345	0.04570
34	0.01296	0.03342	0.73944	0.01842	0.02797	0.01501	0.02387	0.02046	0.01364	0.02046	0.01160	0.01364	0.00818	0.00614	0.00614	0.00205	0.00955	0.00477	0.00273	0.00955
35	0.01743	0.55360	0.02911	0.01345	0.05887	0.06893	0.01152	0.02236	0.13541	0.01762	0.01221	0.01314	0.01038	0.00617	0.00480	0.00157	0.00695	0.00430	0.00348	0.00869
36	0.01520	0.01792	0.06287	0.02741	0.06116	0.01625	0.65729	0.02065	0.01517	0.02071	0.01298	0.01724	0.00976	0.00548	0.00752	0.00216	0.01072	0.00745	0.00325	0.00880
37	0.02280	0.01106	0.01407	0.01180	0.01590	0.01066	0.00965	0.02912	0.18459	0.45012	0.05510	0.02993	0.02135	0.00962	0.00687	0.00217	0.00536	0.09248	0.00737	0.00998
38	0.00895	0.00660	0.00837	0.00792	0.00953	0.00601	0.00594	0.01182	0.01783	0.02482	0.64332	0.05007	0.14754	0.01362	0.00762	0.00205	0.00308	0.01194	0.00697	0.00601
39	0.01340	0.01148	0.01340	0.00957	0.01531	0.00861	0.00766	0.01627	0.01340	0.02105	0.01148	0.01340	0.00957	0.00479	0.00479	0.00096	0.00479	0.00383	0.00383	0.81242
40	0.00885	0.00657	0.00811	0.00774	0.00931	0.00597	0.00573	0.01143	0.01705	0.02340	0.55171	0.05081	0.19736	0.05681	0.00905	0.00230	0.00328	0.01196	0.00670	0.00584
41	0.00828	0.00661	0.00733	0.00732	0.00918	0.00579	0.00552	0.01024	0.01525	0.01925	0.21255	0.05864	0.48741	0.05852	0.00915	0.00244	0.00358	0.06127	0.00613	0.00555
42	0.79337	0.01267	0.00981	0.00870	0.01273	0.01467	0.00717	0.04095	0.01161	0.02936	0.00920	0.01066	0.00712	0.00605	0.00408	0.00200	0.00507	0.00357	0.00408	0.00712
43	0.01012	0.00679	0.00937	0.00924	0.01010	0.00741	0.00666	0.01140	0.01025	0.04032	0.01824	0.03035	0.01822	0.27760	0.45061	0.05407	0.01268	0.00763	0.00374	0.00520
44	0.17099	0.01110	0.01190	0.00989	0.01356	0.01124	0.00788	0.12467	0.06735	0.08477	0.19053	0.02418	0.02379	0.00834	0.00582	0.00180	0.00467	0.00666	0.08290	0.13796
45	0.16408	0.04219	0.01649	0.01264	0.01703	0.03805	0.03793	0.28917	0.08541	0.09673	0.01595	0.01690	0.01188	0.02543	0.00683	0.01957	0.00630	0.00555	0.05093	0.04094
46	0.13972	0.14925	0.06051	0.01159	0.01653	0.07031	0.01024	0.11029	0.03292	0.14968	0.01637	0.01666	0.03904	0.00692	0.00538	0.00171	0.00630	0.00507	0.03373	0.11780
47	0.12713	0.36986	0.17863	0.01249	0.01816	0.01967	0.01300	0.04189	0.05576	0.01991	0.01397	0.01514	0.04966	0.00681	0.00558	0.00177	0.03402	0.00471	0.00346	0.00838
48	0.03630	0.29254	0.20085	0.01310	0.01937	0.04633	0.01355	0.04179	0.04342	0.11562	0.01309	0.01388	0.00998	0.00617	0.00526	0.00165	0.00718	0.00449	0.00391	0.11153

[dist]
# distance from previous block
# <min> <max>
1	10

[block]
# block no. 4 follows, 34 sequences, length 80
# corresponding to MSA columns:
# 286-365
name=unknown_E
#
# <colnr> <probs for GDERKNQSTAVLIFYWHMCP>
#	G	D	E	R	K	N	Q	S	T	A	V	L	I	F	Y	W	H	M	C	P
0	0.04197	0.23119	0.01822	0.00985	0.01454	0.01327	0.00852	0.01943	0.01484	0.18450	0.05214	0.02392	0.13204	0.00804	0.00556	0.00160	0.00525	0.00627	0.00498	0.20386
1	0.01760	0.04020	0.04332	0.01351	0.01709	0.12694	0.01095	0.10140	0.33026	0.05491	0.07237	0.06631	0.01990	0.00924	0.00727	0.00209	0.04455	0.00731	0.00568	0.00908
2	0.01510	0.25549	0.44723	0.01533	0.02297	0.01742	0.01829	0.02036	0.01375	0.06568	0.01275	0.04561	0.01021	0.00668	0.00565	0.00187	0.00824	0.00507	0.00322	0.00908
3	0.01748	0.46518	0.12779	0.01512	0.07325	0.05931	0.03834	0.03855	0.01448	0.05917	0.01241	0.01375	0.02813	0.00618	0.00509	0.00163	0.00755	0.00451	0.00333	0.00874
4	0.01296	0.03342	0.73944	0.01842	0.02797	0.01501	0.02387	0.02046	0.01364	0.02046	0.01160	0.01364	0.00818	0.00614	0.00614	0.00205	0.00955	0.00477	0.00273	0.00955
5	0.01663	0.01484	0.02424	0.12289	0.50139	0.01530	0.04764	0.09113	0.01621	0.04314	0.01312	0.01658	0.01046	0.00616	0.00641	0.00195	0.00766	0.00587	0.02863	0.00976
6	0.01771	0.01614	0.02159	0.09699	0.39305	0.09488	0.01613	0.06562	0.10525	0.06365	0.01488	0.01721	0.01164	0.00661	0.00632	0.00194	0.00758	0.00583	0.02737	0.00962
7	0.02266	0.01525	0.01655	0.01294	0.01743	0.01653	0.01061	0.52287	0.02623	0.09964	0.01742	0.01766	0.01246	0.00774	0.00611	0.00186	0.00621	0.00592	0.15383	0.01008
8	0.01396	0.01147	0.01346	0.00964	0.01535	0.00864	0.00772	0.01681	0.01358	0.04669	0.01199	0.01371	0.00980	0.00490	0.00485	0.00099	0.00481	0.00392	0.00398	0.78372
9	0.00787	0.00562	0.00750	0.00900	0.00937	0.00525	0.00600	0.00900	0.01237	0.01649	0.03561	0.76871	0.04274	0.02024	0.00825	0.00262	0.00375	0.01837	0.00600	0.00525
10	0.01057	0.00734	0.00981	0.00942	0.01063	0.00791	0.00694	0.04358	0.01242	0.03949	0.12035	0.03254	0.02426	0.23037	0.39706	0.00746	0.01153	0.00819	0.00438	0.00573
11	0.78203	0.04734	0.01061	0.00861	0.01268	0.01500	0.00718	0.01901	0.01109	0.02836	0.00900	0.01049	0.00706	0.00598	0.00401	0.00197	0.00509	0.00350	0.00394	0.00706
12	0.01591	0.01530	0.02595	0.03870	0.70236	0.01554	0.01959	0.01965	0.01451	0.02087	0.01200	0.01591	0.01016	0.00599	0.00702	0.00196	0.03953	0.00575	0.00318	0.01010
13	0.01414	0.01414	0.01979	0.01696	0.01696	0.01979	0.01414	0.01555	0.00990	0.01555	0.00848	0.01414	0.00848	0.01131	0.02120	0.00283	0.76110	0.00565	0.00283	0.00707
14	0.01889	0.04888	0.01566	0.01157	0.01600	0.03712	0.00944	0.34552	0.02162	0.03062	0.01539	0.01662	0.01172	0.00690	0.00552	0.00159	0.00580	0.00526	0.18646	0.18942
15	0.00809	0.00664	0.00718	0.00743	0.00929	0.00584	0.00550	0.01026	0.03637	0.01797	0.08321	0.18482	0.53781	0.01674	0.00775	0.00228	0.00350	0.03765	0.00606	0.00561
16	0.11083	0.01688	0.01981	0.01801	0.07884	0.13869	0.07843	0.05004	0.01356	0.01963	0.01094	0.03912	0.00988	0.00865	0.01202	0.00224	0.30895	0.00568	0.00345	0.05435
17	0.00805	0.00574	0.00757	0.00882	0.00927	0.00537	0.00590	0.00927	0.01269	0.01704	0.09051	0.67249	0.04318	0.05943	0.00950	0.00277	0.00383	0.01736	0.00598	0.00525
18	0.00787	0.00562	0.00750	0.00900	0.00937	0.00525	0.00600	0.00900	0.01237	0.01649	0.03561	0.76871	0.04274	0.02024	0.00825	0.00262	0.00375	0.01837	0.00600	0.00525
19	0.01220	0.01148	0.01938	0.75739	0.04450	0.01436	0.01794	0.01651	0.01292	0.01651	0.01148	0.01723	0.00861	0.00646	0.00646	0.00215	0.00861	0.00574	0.00287	0.00718
20	0.00931	0.00687	0.01030	0.01030	0.01141	0.00798	0.00798	0.01141	0.01030	0.01485	0.01706	0.02515	0.01595	0.04740	0.71786	0.04309	0.01683	0.00687	0.00343	0.00565
21	0.00819	0.00657	0.00732	0.00713	0.00907	0.00569	0.00535	0.01035	0.01605	0.02059	0.31117	0.05703	0.48232	0.01520	0.00763	0.00213	0.00319	0.01291	0.00641	0.00569
