[name]
unknown

[dist]
# distance from previous block
# <min> <max>
0	0

[block]
# block no. 0 follows, 33 sequences, length 34
# corresponding to MSA columns:
# 0-33
name=unknown_A
#
# <colnr> <probs for GDERKNQSTAVLIFYWHMCP>
#	G	D	E	R	K	N	Q	S	T	A	V	L	I	F	Y	W	H	M	C	P
0	0.01061	0.00758	0.01061	0.01212	0.01364	0.00758	0.01061	0.01364	0.01515	0.01970	0.03486	0.07426	0.03789	0.01819	0.00909	0.00303	0.00606	0.68326	0.00606	0.00606
1	0.00955	0.00649	0.00770	0.00770	0.00788	0.00667	0.00464	0.00991	0.00973	0.01315	0.02027	0.04045	0.02279	0.65854	0.14204	0.00702	0.00810	0.00919	0.00392	0.00428
2	0.02503	0.01844	0.01976	0.01515	0.02042	0.02042	0.01251	0.70562	0.03095	0.04149	0.01581	0.01581	0.01120	0.00790	0.00659	0.00198	0.00724	0.00593	0.00659	0.01120
3	0.00811	0.00585	0.00753	0.00884	0.00933	0.00544	0.00588	0.00922	0.01257	0.01660	0.03750	0.66056	0.09385	0.07281	0.01012	0.00290	0.00396	0.01771	0.00596	0.00527
4	0.02002	0.01520	0.01556	0.01290	0.01671	0.07395	0.01019	0.32236	0.11774	0.09059	0.10117	0.05938	0.04981	0.05384	0.00839	0.00230	0.00637	0.00786	0.00636	0.00931
5	0.01558	0.01763	0.03814	0.02848	0.07476	0.01659	0.66387	0.02104	0.01551	0.02111	0.01326	0.01767	0.01001	0.00557	0.00770	0.00220	0.01091	0.00766	0.00333	0.00897
6	0.01243	0.01170	0.01975	0.75282	0.04534	0.01463	0.01828	0.01682	0.01316	0.01682	0.01170	0.01755	0.00878	0.00658	0.00658	0.00219	0.00878	0.00585	0.00293	0.00731
7	0.01048	0.00670	0.00772	0.00752	0.00815	0.00645	0.00462	0.01104	0.01136	0.05557	0.07495	0.06254	0.09685	0.57834	0.02697	0.00532	0.00574	0.01023	0.00472	0.00475
8	0.01723	0.01886	0.03529	0.02559	0.03185	0.07166	0.57784	0.09459	0.01742	0.02289	0.01335	0.01711	0.01000	0.00589	0.00750	0.00215	0.01075	0.00731	0.00368	0.00903
9	0.01619	0.01569	0.01856	0.01551	0.01869	0.13583	0.11922	0.05024	0.16859	0.04276	0.14341	0.02436	0.02199	0.01304	0.08076	0.00299	0.09150	0.00745	0.00502	0.00821
10	0.00947	0.00722	0.00877	0.00849	0.01022	0.00683	0.00632	0.01336	0.07433	0.02386	0.47062	0.12454	0.18238	0.01445	0.00775	0.00218	0.00340	0.01263	0.00687	0.00634
11	0.10080	0.01592	0.01690	0.01335	0.01793	0.01742	0.01083	0.48410	0.06114	0.08738	0.01816	0.01953	0.03124	0.06529	0.00841	0.00234	0.00664	0.00631	0.00625	0.01007
12	0.02465	0.02977	0.01879	0.01674	0.02036	0.65275	0.01269	0.11048	0.02018	0.01926	0.01087	0.01236	0.00882	0.00692	0.00602	0.00173	0.01130	0.00445	0.00379	0.00807
13	0.01379	0.01393	0.02623	0.02108	0.06262	0.01391	0.36105	0.01934	0.08555	0.02112	0.09898	0.07238	0.02016	0.04177	0.05162	0.00291	0.05238	0.00875	0.00432	0.00811
14	0.02852	0.01172	0.01548	0.01192	0.01692	0.01053	0.00982	0.09166	0.01992	0.64913	0.04613	0.02263	0.01722	0.00829	0.00665	0.00203	0.00567	0.00672	0.00798	0.01105
15	0.00897	0.00649	0.00837	0.00910	0.01014	0.00611	0.00671	0.01092	0.01458	0.01952	0.21190	0.31751	0.10962	0.08616	0.01060	0.00289	0.00426	0.14435	0.00620	0.00560
16	0.01950	0.01538	0.01646	0.01384	0.01798	0.01730	0.01100	0.32429	0.36539	0.03279	0.02274	0.07644	0.01800	0.00936	0.00678	0.00215	0.00599	0.00763	0.00661	0.01038
17	0.00963	0.00653	0.00835	0.00849	0.00930	0.00666	0.00596	0.01074	0.01159	0.01601	0.07085	0.08853	0.09357	0.25703	0.20424	0.08264	0.00826	0.03956	0.05708	0.00499
18	0.38387	0.01363	0.01370	0.01115	0.01570	0.01466	0.00916	0.20081	0.01836	0.21514	0.01599	0.03507	0.01154	0.00749	0.00550	0.00204	0.00575	0.00538	0.00584	0.00920
19	0.06953	0.00675	0.00741	0.00773	0.00903	0.00645	0.00537	0.01100	0.01325	0.01895	0.09965	0.25593	0.21481	0.14996	0.01195	0.00300	0.00410	0.01279	0.08687	0.00545
20	0.00984	0.00653	0.00810	0.00808	0.00895	0.00618	0.00542	0.01117	0.01373	0.04201	0.26416	0.17318	0.07531	0.29121	0.01786	0.03073	0.00461	0.01199	0.00568	0.00526
21	0.04599	0.00813	0.00943	0.00888	0.01158	0.00736	0.00699	0.01592	0.03731	0.16814	0.07019	0.10650	0.37354	0.01459	0.00755	0.00230	0.00428	0.08780	0.00650	0.00701
22	0.06198	0.00891	0.01050	0.00922	0.01224	0.00825	0.00730	0.05405	0.01729	0.21057	0.18527	0.04402	0.26307	0.03146	0.00790	0.00227	0.00442	0.04697	0.00674	0.00757
23	0.06514	0.00965	0.01253	0.01022	0.01399	0.00870	0.00822	0.02443	0.01815	0.43970	0.24771	0.03040	0.03045	0.00971	0.00676	0.00203	0.00467	0.00812	0.04023	0.00918
24	0.00917	0.00626	0.00725	0.00756	0.00775	0.00613	0.00448	0.00948	0.01046	0.01384	0.02618	0.19275	0.06203	0.57791	0.02708	0.00542	0.00571	0.01167	0.00453	0.00435
25	0.00847	0.00670	0.00762	0.00739	0.00931	0.00585	0.00554	0.01078	0.01663	0.02163	0.36010	0.05703	0.42910	0.01524	0.00777	0.00215	0.00323	0.01301	0.00662	0.00585
26	0.01325	0.00778	0.00975	0.00907	0.01158	0.00694	0.00722	0.01577	0.01697	0.17036	0.26002	0.05200	0.26225	0.01411	0.00773	0.00226	0.00416	0.11486	0.00689	0.00702
27	0.14663	0.01027	0.01217	0.01048	0.01399	0.00993	0.00825	0.07640	0.01683	0.32576	0.04893	0.20836	0.06148	0.01155	0.00676	0.00220	0.00501	0.00966	0.00673	0.00863
28	0.01950	0.01540	0.01648	0.01375	0.01796	0.01732	0.01099	0.31647	0.37407	0.03334	0.07464	0.02272	0.01950	0.00884	0.00673	0.00211	0.00591	0.00714	0.00669	0.01043
29	0.02247	0.01656	0.01778	0.01395	0.01841	0.01827	0.01122	0.57789	0.05888	0.03684	0.01699	0.02002	0.01338	0.11446	0.01036	0.00260	0.00703	0.00651	0.00623	0.01015
30	0.01162	0.00778	0.01234	0.01123	0.01203	0.00852	0.05961	0.01115	0.00986	0.01387	0.01298	0.02071	0.01232	0.02569	0.17858	0.46889	0.08227	0.00618	0.02988	0.00450
31	0.01165	0.00697	0.00904	0.00891	0.01018	0.00676	0.00630	0.01275	0.01249	0.10641	0.05231	0.19722	0.11147	0.20020	0.15256	0.06552	0.00729	0.01106	0.00518	0.00574
32	0.01555	0.11217	0.07709	0.02421	0.03031	0.01806	0.51465	0.02042	0.01467	0.01990	0.01228	0.01633	0.00958	0.00615	0.00851	0.00217	0.07914	0.00689	0.00319	0.00872
33	0.00811	0.00577	0.00761	0.00905	0.00941	0.00541	0.00599	0.00919	0.01243	0.01657	0.03539	0.72298	0.04242	0.06352	0.00984	0.00289	0.00397	0.01819	0.00599	0.00527

[dist]
# distance from previous block
# <min> <max>
0	1

[block]
# block no. 1 follows, 33 sequences, length 9
# corresponding to MSA columns:
# 35-43
name=unknown_B
#
# <colnr> <probs for GDERKNQSTAVLIFYWHMCP>
#	G	D	E	R	K	N	Q	S	T	A	V	L	I	F	Y	W	H	M	C	P
0	0.01071	0.03541	0.01367	0.01136	0.01347	0.00886	0.09572	0.01302	0.01317	0.03675	0.11413	0.08436	0.12707	0.13844	0.24813	0.00552	0.00959	0.00977	0.00468	0.00617
1	0.01694	0.01699	0.02547	0.07627	0.08513	0.09212	0.24987	0.11542	0.01681	0.02217	0.01366	0.01930	0.01144	0.04430	0.00973	0.00232	0.08541	0.02988	0.00388	0.06289
2	0.01941	0.18195	0.07103	0.02078	0.12866	0.22896	0.11268	0.08665	0.01699	0.02019	0.01130	0.01372	0.00924	0.00653	0.00677	0.00186	0.04585	0.00511	0.00348	0.00885
3	0.02085	0.34814	0.02562	0.01446	0.01864	0.35073	0.01221	0.05078	0.01626	0.01687	0.00985	0.01166	0.00859	0.00669	0.00640	0.00167	0.06513	0.00411	0.00324	0.00810
4	0.02038	0.00922	0.01210	0.00995	0.01359	0.00805	0.00796	0.02295	0.01820	0.41921	0.23507	0.03637	0.13650	0.01098	0.00713	0.00207	0.00453	0.00925	0.00758	0.00890
5	0.00988	0.05753	0.00908	0.00775	0.00819	0.00754	0.00480	0.01019	0.01029	0.01356	0.02231	0.14969	0.02586	0.60478	0.02776	0.00549	0.00604	0.01055	0.00423	0.00449
6	0.03711	0.05952	0.08803	0.12672	0.02362	0.11909	0.05289	0.17424	0.01804	0.04024	0.01584	0.09403	0.01414	0.00911	0.00788	0.00215	0.07059	0.03389	0.00442	0.00845
7	0.01360	0.01318	0.01226	0.01178	0.01368	0.14797	0.00879	0.04031	0.11981	0.02010	0.10054	0.27361	0.10692	0.01391	0.00859	0.00231	0.06853	0.01156	0.00555	0.00700
8	0.04487	0.09622	0.04055	0.01184	0.01708	0.01420	0.01005	0.15570	0.10030	0.09718	0.01632	0.04476	0.01294	0.00705	0.00569	0.00161	0.00581	0.00554	0.00512	0.30719

[dist]
# distance from previous block
# <min> <max>
0	1

[block]
# block no. 2 follows, 33 sequences, length 8
# corresponding to MSA columns:
# 45-52
name=unknown_C
#
# <colnr> <probs for GDERKNQSTAVLIFYWHMCP>
#	G	D	E	R	K	N	Q	S	T	A	V	L	I	F	Y	W	H	M	C	P
0	0.11021	0.01444	0.01598	0.01260	0.01721	0.01520	0.01032	0.37031	0.02399	0.20838	0.08778	0.02196	0.04489	0.00865	0.00648	0.00202	0.00605	0.00673	0.00674	0.01005
1	0.02146	0.03683	0.01869	0.01554	0.05415	0.06638	0.05496	0.20895	0.18805	0.17788	0.05103	0.02183	0.03729	0.00830	0.00666	0.00204	0.00671	0.00685	0.00626	0.01012
2	0.00836	0.00654	0.00732	0.00738	0.00899	0.00578	0.00529	0.01011	0.01496	0.01909	0.20878	0.13714	0.41817	0.09985	0.01070	0.00270	0.00368	0.01350	0.00614	0.00551
3	0.17672	0.11313	0.12054	0.01518	0.02080	0.10206	0.08817	0.17731	0.01835	0.08956	0.01311	0.01424	0.00967	0.00668	0.00581	0.00193	0.00796	0.00509	0.00451	0.00919
4	0.04493	0.02143	0.01770	0.01663	0.06892	0.35265	0.03008	0.06233	0.06478	0.09757	0.01972	0.02041	0.08994	0.00842	0.00733	0.00196	0.05608	0.00617	0.00459	0.00837
5	0.01017	0.00783	0.00889	0.00850	0.01055	0.00735	0.00637	0.08750	0.01737	0.02265	0.23924	0.17784	0.34036	0.01550	0.00775	0.00223	0.00379	0.01331	0.00648	0.00633
6	0.10492	0.04107	0.05141	0.12712	0.21830	0.17387	0.05246	0.05401	0.05812	0.02158	0.01294	0.01654	0.01050	0.00676	0.00620	0.00199	0.00855	0.02118	0.00373	0.00878
7	0.01951	0.01308	0.01525	0.01157	0.01691	0.01193	0.00936	0.14638	0.09685	0.18222	0.01728	0.01719	0.01262	0.00660	0.00577	0.00153	0.00550	0.00526	0.00563	0.39956

[dist]
# distance from previous block
# <min> <max>
0	1

[block]
# block no. 3 follows, 33 sequences, length 52
# corresponding to MSA columns:
# 54-105
name=unknown_D
#
# <colnr> <probs for GDERKNQSTAVLIFYWHMCP>
#	G	D	E	R	K	N	Q	S	T	A	V	L	I	F	Y	W	H	M	C	P
0	0.00904	0.00709	0.00814	0.00825	0.00992	0.00662	0.00604	0.01218	0.06878	0.02008	0.20488	0.19033	0.32247	0.06184	0.00942	0.00256	0.00380	0.03632	0.00629	0.00596
1	0.10719	0.02358	0.01793	0.14450	0.04267	0.42925	0.01311	0.06316	0.04116	0.04159	0.01176	0.01383	0.00923	0.00683	0.00595	0.00187	0.00981	0.00477	0.00382	0.00801
2	0.00925	0.00671	0.00844	0.00858	0.00973	0.00637	0.00615	0.01179	0.03523	0.02128	0.36305	0.20985	0.08784	0.13249	0.01195	0.00294	0.00402	0.05222	0.00634	0.00575
3	0.01496	0.01163	0.01909	0.64351	0.04113	0.01390	0.01701	0.01907	0.01400	0.12232	0.01381	0.01827	0.00988	0.00681	0.00659	0.00217	0.00831	0.00596	0.00370	0.00789
4	0.01806	0.01557	0.01756	0.01778	0.12255	0.03709	0.01228	0.14647	0.47670	0.02870	0.02234	0.02150	0.01684	0.00825	0.00663	0.00213	0.00613	0.00686	0.00608	0.01048
5	0.02360	0.01899	0.02252	0.01710	0.02248	0.05637	0.11446	0.57030	0.02806	0.03720	0.01515	0.01589	0.01088	0.00750	0.00673	0.00200	0.00805	0.00611	0.00594	0.01067
6	0.01300	0.01228	0.02077	0.64774	0.14596	0.01478	0.01857	0.01732	0.01343	0.01751	0.01180	0.01737	0.00902	0.00648	0.00657	0.00216	0.00863	0.00585	0.00297	0.00777
7	0.00987	0.00768	0.01161	0.11973	0.01627	0.00900	0.00931	0.01230	0.01087	0.01527	0.01705	0.02627	0.01604	0.11148	0.56656	0.00894	0.01526	0.00712	0.00348	0.00591
8	0.00970	0.00724	0.01014	0.00999	0.01079	0.00833	0.00739	0.01137	0.01028	0.01462	0.01803	0.02998	0.01810	0.24352	0.51281	0.00905	0.05194	0.00768	0.00362	0.00543
9	0.81514	0.01273	0.00968	0.00866	0.01273	0.01477	0.00713	0.01935	0.01120	0.02954	0.00917	0.01069	0.00713	0.00611	0.00407	0.00204	0.00509	0.00356	0.00407	0.00713
10	0.14182	0.01719	0.01801	0.01399	0.01908	0.01897	0.01156	0.56602	0.02735	0.07908	0.01541	0.01543	0.01089	0.00765	0.00622	0.00199	0.00683	0.00562	0.00630	0.01060
11	0.01558	0.01382	0.01893	0.01520	0.01916	0.03891	0.16063	0.14926	0.17180	0.02690	0.17303	0.03162	0.09360	0.00994	0.00729	0.00215	0.00651	0.03118	0.00587	0.00863
12	0.02325	0.02416	0.01912	0.09087	0.04403	0.44918	0.03696	0.06117	0.04513	0.12387	0.01376	0.01502	0.01036	0.00703	0.00625	0.00186	0.01000	0.00513	0.00433	0.00854
13	0.67329	0.01194	0.00976	0.00885	0.01251	0.01361	0.00714	0.03800	0.01245	0.02874	0.06610	0.06716	0.01404	0.00775	0.00474	0.00208	0.00491	0.00535	0.00453	0.00705
14	0.01774	0.01849	0.02566	0.03588	0.58173	0.14404	0.03949	0.02131	0.01565	0.02054	0.01202	0.01556	0.01007	0.00602	0.00645	0.00192	0.00864	0.00564	0.00328	0.00989
15	0.01584	0.01163	0.01388	0.01002	0.01577	0.00890	0.00806	0.01871	0.01437	0.11932	0.01367	0.01486	0.01065	0.00533	0.00512	0.00112	0.00498	0.00427	0.00449	0.69904
16	0.01631	0.01542	0.02498	0.03642	0.62279	0.01575	0.01876	0.02238	0.11833	0.02240	0.01451	0.01751	0.01185	0.00632	0.00654	0.00200	0.00744	0.00610	0.00377	0.01043
17	0.01348	0.03212	0.65209	0.01983	0.02919	0.01545	0.10482	0.02088	0.01409	0.02088	0.01199	0.01436	0.00853	0.00617	0.00643	0.00210	0.00989	0.00521	0.00284	0.00963
18	0.02234	0.02774	0.01720	0.01568	0.01880	0.63366	0.01176	0.02424	0.01865	0.01763	0.11547	0.01737	0.01639	0.00777	0.00621	0.00175	0.01058	0.00537	0.00396	0.00742
19	0.01714	0.01071	0.01286	0.01133	0.01448	0.01080	0.00906	0.15273	0.09474	0.16950	0.16763	0.10983	0.07902	0.01237	0.00743	0.00226	0.00511	0.09761	0.00690	0.00849
20	0.01514	0.01446	0.02463	0.25366	0.52336	0.01534	0.01963	0.01919	0.01444	0.02010	0.01218	0.01667	0.00993	0.00608	0.00654	0.00203	0.00811	0.00586	0.00316	0.00950
21	0.00820	0.00639	0.00745	0.00781	0.00931	0.00564	0.00562	0.01003	0.01507	0.01941	0.20426	0.27886	0.36408	0.01719	0.00797	0.00233	0.00343	0.01495	0.00637	0.00564
22	0.01879	0.01737	0.09852	0.14042	0.08018	0.07744	0.01426	0.13615	0.14994	0.12257	0.03961	0.04406	0.01518	0.00806	0.00661	0.00208	0.00738	0.00663	0.00524	0.00952
23	0.00957	0.00638	0.00718	0.00718	0.00718	0.00638	0.00399	0.00957	0.00957	0.01276	0.02074	0.04308	0.02393	0.76864	0.03351	0.00638	0.00638	0.00957	0.00399	0.00399
24	0.01863	0.66328	0.03216	0.01210	0.01741	0.13167	0.01148	0.02068	0.01416	0.01558	0.00930	0.01075	0.00845	0.00580	0.00448	0.00145	0.00775	0.00363	0.00290	0.00833
25	0.01119	0.00657	0.00874	0.00947	0.01060	0.00599	0.00660	0.01256	0.01360	0.12234	0.03569	0.63359	0.06025	0.01866	0.00812	0.00257	0.00407	0.01678	0.00641	0.00622
26	0.01866	0.43184	0.16369	0.01418	0.02004	0.19715	0.01414	0.04027	0.01523	0.01737	0.01009	0.01166	0.00851	0.00609	0.00509	0.00162	0.00873	0.00402	0.00305	0.00857
27	0.02123	0.01179	0.01413	0.01178	0.01566	0.01195	0.00930	0.07163	0.24961	0.32572	0.09889	0.02712	0.02266	0.06726	0.00883	0.00243	0.00537	0.00763	0.00716	0.00986
28	0.01795	0.73511	0.03370	0.01155	0.01707	0.06227	0.01134	0.02005	0.01364	0.01552	0.00920	0.01063	0.00845	0.00569	0.00431	0.00142	0.00728	0.00356	0.00285	0.00841
29	0.00836	0.00587	0.00754	0.00873	0.00903	0.00557	0.00565	0.00926	0.01194	0.01592	0.03287	0.60599	0.03924	0.18485	0.01391	0.00349	0.00438	0.01671	0.00565	0.00505
30	0.04363	0.01649	0.03512	0.01414	0.01883	0.01788	0.01163	0.35194	0.31849	0.06953	0.02067	0.01964	0.01502	0.00826	0.00656	0.00209	0.00630	0.00651	0.00655	0.01072
31	0.06118	0.01372	0.01560	0.10824	0.04138	0.05019	0.01032	0.09964	0.01582	0.02342	0.01199	0.01423	0.00960	0.00566	0.00536	0.00138	0.00613	0.00445	0.00406	0.49762
32	0.00867	0.00590	0.00783	0.00916	0.00966	0.00551	0.00613	0.00981	0.01266	0.03637	0.03541	0.71639	0.04204	0.04880	0.00931	0.00280	0.00397	0.01803	0.00609	0.00546
33	0.00957	0.00638	0.00718	0.00718	0.00718	0.00638	0.00399	0.00957	0.00957	0.01276	0.02074	0.04308	0.02393	0.76864	0.03351	0.00638	0.00638	0.00957	0.00399	0.00399
34	0.02394	0.03002	0.01836	0.01668	0.02010	0.68492	0.01254	0.02697	0.07367	0.01701	0.01149	0.01287	0.00940	0.00695	0.00600	0.00174	0.01135	0.00449	0.00365	0.00785
35	0.01144	0.00572	0.00858	0.00858	0.00858	0.00572	0.00572	0.00858	0.00858	0.01144	0.01144	0.02001	0.01144	0.02287	0.02573	0.80846	0.00572	0.00572	0.00286	0.00286
36	0.02459	0.03138	0.01866	0.01696	0.02035	0.74221	0.01272	0.02629	0.01866	0.01611	0.01018	0.01187	0.00848	0.00678	0.00594	0.00170	0.01187	0.00424	0.00339	0.00763
37	0.01637	0.01414	0.01489	0.01340	0.01712	0.01637	0.01042	0.03498	0.71568	0.02754	0.02679	0.02456	0.02010	0.00893	0.00670	0.00223	0.00521	0.00744	0.00670	0.01042
38	0.01629	0.01564	0.02672	0.04041	0.72757	0.01564	0.02020	0.02020	0.01499	0.02151	0.01238	0.01629	0.01043	0.00587	0.00652	0.00196	0.00782	0.00587	0.00326	0.01043
39	0.01554	0.01776	0.03885	0.02775	0.03441	0.01665	0.70366	0.02109	0.01554	0.02109	0.01332	0.01776	0.00999	0.00555	0.00777	0.00222	0.01110	0.00777	0.00333	0.00888
40	0.00905	0.00672	0.00844	0.00801	0.00967	0.00610	0.00600	0.01191	0.01801	0.02492	0.61155	0.05160	0.17559	0.01401	0.00777	0.00210	0.00314	0.01225	0.00705	0.00610
41	0.00957	0.00638	0.00718	0.00718	0.00718	0.00638	0.00399	0.00957	0.00957	0.01276	0.02074	0.04308	0.02393	0.76864	0.03351	0.00638	0.00638	0.00957	0.00399	0.00399
42	0.01554	0.00827	0.01083	0.00944	0.01211	0.00751	0.00734	0.01883	0.03921	0.23881	0.45036	0.06107	0.06953	0.01204	0.00741	0.00209	0.00395	0.01044	0.00743	0.00780
43	0.00940	0.00705	0.01058	0.01058	0.01176	0.00823	0.00823	0.01176	0.01058	0.01528	0.01763	0.02586	0.01646	0.04937	0.74255	0.01058	0.01763	0.00705	0.00353	0.00588
44	0.00833	0.00597	0.00791	0.00896	0.00962	0.00555	0.00613	0.00994	0.01403	0.01908	0.19908	0.59507	0.04794	0.01893	0.00825	0.00253	0.00365	0.01710	0.00638	0.00555
45	0.01589	0.01363	0.01447	0.01305	0.01662	0.01568	0.01013	0.03343	0.66776	0.02746	0.07473	0.02625	0.02298	0.00924	0.00677	0.00222	0.00507	0.00775	0.00674	0.01013
46	0.05568	0.01125	0.01509	0.01161	0.01667	0.00985	0.00959	0.03166	0.01859	0.70875	0.02541	0.02202	0.01599	0.00808	0.00654	0.00204	0.00558	0.00652	0.00801	0.01107
47	0.01541	0.03002	0.56474	0.01763	0.02609	0.04006	0.02119	0.06230	0.08064	0.05949	0.01412	0.01538	0.01002	0.00671	0.00632	0.00208	0.00902	0.00524	0.00366	0.00988
48	0.00940	0.00705	0.01058	0.01058	0.01176	0.00823	0.00823	0.01176	0.01058	0.01528	0.01763	0.02586	0.01646	0.04937	0.74255	0.01058	0.01763	0.00705	0.00353	0.00588
49	0.02084	0.09276	0.17119	0.01788	0.06279	0.41196	0.01532	0.07425	0.01776	0.01940	0.01102	0.01278	0.00880	0.00655	0.00591	0.00177	0.01024	0.00452	0.00346	0.03080
50	0.50003	0.03748	0.03303	0.01149	0.01590	0.11768	0.00958	0.16111	0.01642	0.02951	0.01074	0.01199	0.00822	0.00656	0.00491	0.00196	0.00666	0.00418	0.00443	0.00814
51	0.01847	0.15589	0.02234	0.01715	0.10342	0.01815	0.05623	0.18063	0.22590	0.04376	0.03842	0.01864	0.01472	0.00740	0.00619	0.00191	0.00663	0.00613	0.00523	0.05280

[dist]
# distance from previous block
# <min> <max>
2	7

[block]
# block no. 4 follows, 33 sequences, length 35
# corresponding to MSA columns:
# 113-147
name=unknown_E
#
# <colnr> <probs for GDERKNQSTAVLIFYWHMCP>
#	G	D	E	R	K	N	Q	S	T	A	V	L	I	F	Y	W	H	M	C	P
0	0.07774	0.01254	0.01761	0.01914	0.18460	0.01302	0.05758	0.11918	0.04480	0.05558	0.10271	0.06777	0.07497	0.01053	0.00833	0.03411	0.03812	0.04813	0.00514	0.00838
1	0.02475	0.02652	0.01907	0.01628	0.02038	0.47146	0.01264	0.28111	0.02327	0.02563	0.01229	0.01335	0.00950	0.00720	0.00618	0.00180	0.01014	0.00487	0.00459	0.00897
2	0.01322	0.02866	0.56261	0.01745	0.02562	0.01453	0.04409	0.02148	0.08762	0.02211	0.08534	0.01870	0.01505	0.00724	0.00650	0.00210	0.00864	0.00594	0.00366	0.00942
3	0.00917	0.00672	0.00860	0.00813	0.00975	0.00615	0.00610	0.01214	0.01829	0.02559	0.66201	0.05051	0.12471	0.01376	0.00777	0.00208	0.00313	0.01209	0.00714	0.00615
4	0.01646	0.01374	0.01464	0.01313	0.01680	0.01575	0.01022	0.03394	0.66571	0.04801	0.05646	0.02555	0.02177	0.00910	0.00674	0.00222	0.00513	0.00761	0.00676	0.01026
5	0.00926	0.00642	0.00747	0.00759	0.00795	0.00638	0.00464	0.00972	0.01044	0.01381	0.02626	0.10135	0.09422	0.57029	0.09203	0.00605	0.00688	0.01051	0.00433	0.00442
6	0.01144	0.00572	0.00858	0.00858	0.00858	0.00572	0.00572	0.00858	0.00858	0.01144	0.01144	0.02001	0.01144	0.02287	0.02573	0.80846	0.00572	0.00572	0.00286	0.00286
7	0.01760	0.77260	0.03450	0.01126	0.01690	0.02605	0.01126	0.01971	0.01338	0.01549	0.00915	0.01056	0.00845	0.00563	0.00422	0.00141	0.00704	0.00352	0.00282	0.00845
8	0.04499	0.03553	0.02339	0.03015	0.45378	0.03726	0.03449	0.06639	0.04804	0.05167	0.01392	0.01766	0.01154	0.03538	0.03310	0.00245	0.04069	0.00600	0.00388	0.00969
9	0.00778	0.00667	0.00667	0.00667	0.00889	0.00556	0.00500	0.00945	0.01501	0.01778	0.06669	0.06336	0.72490	0.01667	0.00778	0.00222	0.00333	0.01389	0.00611	0.00556
10	0.00788	0.00663	0.00684	0.00687	0.00898	0.00559	0.00512	0.00961	0.01512	0.01826	0.10490	0.09148	0.65694	0.01664	0.00781	0.00223	0.00334	0.01397	0.00618	0.00559
11	0.01660	0.01518	0.04248	0.02077	0.19129	0.01512	0.06688	0.05584	0.32330	0.04723	0.01925	0.01978	0.01470	0.00722	0.00647	0.00197	0.00650	0.00644	0.00514	0.11783
12	0.02032	0.32933	0.02580	0.01548	0.07512	0.06355	0.01240	0.25730	0.09490	0.02622	0.01364	0.01439	0.01080	0.00685	0.00558	0.00175	0.00726	0.00499	0.00459	0.00971
13	0.03926	0.01475	0.02452	0.07575	0.49509	0.01450	0.06512	0.02059	0.01498	0.07557	0.01329	0.01652	0.01059	0.00597	0.00639	0.00190	0.00757	0.00580	0.00370	0.08816
14	0.01881	0.28978	0.21613	0.01732	0.10301	0.06718	0.01574	0.06066	0.01580	0.11863	0.01302	0.01415	0.00990	0.00638	0.00561	0.00179	0.00798	0.00477	0.00385	0.00950
15	0.01793	0.32948	0.11164	0.01782	0.10989	0.14347	0.01469	0.04625	0.01474	0.01803	0.01023	0.01264	0.00882	0.00683	0.00754	0.00183	0.11190	0.00450	0.00312	0.00865
16	0.02917	0.01179	0.01564	0.01199	0.01710	0.01055	0.00991	0.08684	0.01983	0.67599	0.02515	0.02187	0.01588	0.00813	0.00662	0.00203	0.00574	0.00656	0.00802	0.01120
17	0.01262	0.01293	0.04657	0.01520	0.06687	0.05571	0.07461	0.01646	0.05692	0.02121	0.23934	0.05314	0.13174	0.01149	0.01014	0.00226	0.15104	0.00935	0.00510	0.00732
18	0.00826	0.00619	0.00754	0.00822	0.00928	0.00561	0.00570	0.00980	0.01407	0.01841	0.15666	0.41309	0.23100	0.06278	0.00962	0.00267	0.00372	0.01574	0.00617	0.00547
19	0.01864	0.10703	0.04540	0.01908	0.11087	0.10796	0.07474	0.15705	0.15074	0.02446	0.01606	0.01749	0.02805	0.00774	0.00791	0.00204	0.08477	0.00601	0.00454	0.00940
20	0.00822	0.00595	0.00769	0.00880	0.00945	0.00551	0.00597	0.00960	0.01342	0.01792	0.12294	0.59827	0.09550	0.04631	0.00918	0.00270	0.00379	0.01719	0.00618	0.00542
21	0.01771	0.03740	0.11785	0.11699	0.10934	0.11526	0.01579	0.15481	0.06477	0.02350	0.03451	0.01657	0.01170	0.00786	0.00880	0.00213	0.12617	0.00574	0.00410	0.00901
22	0.08306	0.20301	0.02191	0.01540	0.03972	0.40983	0.01210	0.04513	0.01675	0.04925	0.01072	0.01229	0.00886	0.00673	0.00612	0.00174	0.04137	0.00429	0.00359	0.00812
23	0.01723	0.01145	0.07964	0.01133	0.01507	0.00897	0.02557	0.02103	0.05489	0.27842	0.16042	0.13619	0.10266	0.01195	0.00729	0.00221	0.00516	0.03537	0.00671	0.00844
24	0.01567	0.08989	0.02657	0.17130	0.50630	0.01651	0.04108	0.01955	0.01450	0.02002	0.01197	0.01601	0.00991	0.00597	0.00634	0.00195	0.00803	0.00569	0.00315	0.00960
25	0.08310	0.01731	0.01858	0.01433	0.01950	0.01894	0.01184	0.58891	0.02831	0.10897	0.01633	0.01609	0.01140	0.00780	0.00641	0.00199	0.00692	0.00582	0.00656	0.01090
26	0.01629	0.01564	0.02672	0.04041	0.72757	0.01564	0.02020	0.02020	0.01499	0.02151	0.01238	0.01629	0.01043	0.00587	0.00652	0.00196	0.00782	0.00587	0.00326	0.01043
27	0.00940	0.00705	0.01058	0.01058	0.01176	0.00823	0.00823	0.01176	0.01058	0.01528	0.01763	0.02586	0.01646	0.04937	0.74255	0.01058	0.01763	0.00705	0.00353	0.00588
28	0.02294	0.01803	0.02025	0.01583	0.02072	0.09577	0.08024	0.36407	0.09101	0.12012	0.01687	0.01710	0.01213	0.00767	0.00706	0.00199	0.03188	0.00607	0.00589	0.04433
29	0.03777	0.00683	0.00821	0.00800	0.00969	0.00628	0.00595	0.01165	0.01691	0.02353	0.47487	0.12193	0.21505	0.01466	0.00770	0.00217	0.00330	0.01275	0.00675	0.00600
30	0.01144	0.00572	0.00858	0.00858	0.00858	0.00572	0.00572	0.00858	0.00858	0.01144	0.01144	0.02001	0.01144	0.02287	0.02573	0.80846	0.00572	0.00572	0.00286	0.00286
31	0.01760	0.77260	0.03450	0.01126	0.01690	0.02605	0.01126	0.01971	0.01338	0.01549	0.00915	0.01056	0.00845	0.00563	0.00422	0.00141	0.00704	0.00352	0.00282	0.00845
32	0.01085	0.00684	0.00873	0.00890	0.01048	0.00626	0.00647	0.01264	0.01458	0.10436	0.13731	0.36213	0.19230	0.01943	0.06390	0.00301	0.00488	0.01434	0.00632	0.00626
33	0.01538	0.02827	0.52504	0.01807	0.02638	0.01503	0.07212	0.06644	0.04636	0.07632	0.03874	0.01665	0.01164	0.00682	0.00649	0.00209	0.00893	0.00564	0.00380	0.00978
34	0.07825	0.38186	0.23364	0.01391	0.02050	0.04404	0.01495	0.10642	0.01574	0.02140	0.01080	0.01224	0.00866	0.00617	0.00515	0.00173	0.00785	0.00424	0.00339	0.00904

[dist]
# distance from previous block
# <min> <max>
0	1

[block]
# block no. 5 follows, 33 sequences, length 34
# corresponding to MSA columns:
# 149-182
name=unknown_F
#
# <colnr> <probs for GDERKNQSTAVLIFYWHMCP>
#	G	D	E	R	K	N	Q	S	T	A	V	L	I	F	Y	W	H	M	C	P
0	0.07771	0.06461	0.02515	0.09117	0.49000	0.04305	0.05212	0.01989	0.01471	0.02127	0.03181	0.01642	0.01127	0.00616	0.00626	0.00195	0.00782	0.00574	0.00339	0.00949
1	0.00873	0.00624	0.00749	0.00821	0.00880	0.00591	0.00541	0.00964	0.01199	0.01561	0.03509	0.33984	0.14258	0.30245	0.01783	0.00403	0.00485	0.05510	0.00531	0.00491
2	0.02134	0.10244	0.10977	0.01510	0.02075	0.01877	0.04139	0.38888	0.09291	0.07687	0.03608	0.01729	0.01312	0.00762	0.00638	0.00197	0.00727	0.00597	0.00569	0.01040
3	0.50931	0.04515	0.21912	0.01216	0.01787	0.06061	0.01255	0.02023	0.01251	0.02574	0.00999	0.01168	0.00760	0.00618	0.00482	0.00201	0.00691	0.00398	0.00362	0.00795
4	0.01434	0.01364	0.02318	0.40165	0.38163	0.01513	0.01923	0.01849	0.01406	0.01913	0.01204	0.01693	0.00959	0.00623	0.00655	0.00208	0.00831	0.00586	0.00309	0.00885
5	0.01598	0.34552	0.33431	0.01474	0.02208	0.03786	0.01677	0.05461	0.01464	0.01953	0.01083	0.01251	0.00863	0.00599	0.00531	0.00171	0.00819	0.00427	0.00308	0.06346
6	0.00884	0.00595	0.00789	0.00918	0.00972	0.00554	0.00616	0.00999	0.01271	0.04193	0.03534	0.71112	0.04184	0.04820	0.00928	0.00279	0.00398	0.01795	0.00610	0.00550
7	0.01635	0.04428	0.06972	0.01744	0.07734	0.06769	0.11056	0.05643	0.26945	0.04788	0.11039	0.04447	0.02133	0.00858	0.00684	0.00210	0.00692	0.00760	0.00538	0.00925
8	0.00948	0.00634	0.00721	0.00730	0.00732	0.00632	0.00412	0.00955	0.00976	0.01301	0.02169	0.08697	0.02513	0.72312	0.03198	0.00616	0.00623	0.01013	0.00412	0.00407
9	0.01677	0.01697	0.04820	0.03618	0.58926	0.04530	0.04358	0.04816	0.01553	0.02179	0.01227	0.01598	0.01021	0.00626	0.00727	0.00200	0.04494	0.00583	0.00337	0.01011
10	0.00802	0.00573	0.00764	0.00917	0.00955	0.00535	0.00611	0.00917	0.01260	0.01681	0.03628	0.76434	0.04354	0.02062	0.00840	0.00267	0.00382	0.01872	0.00611	0.00535
11	0.01600	0.01690	0.02320	0.02241	0.14257	0.10034	0.09162	0.01836	0.01250	0.01744	0.00998	0.01482	0.00908	0.00935	0.01569	0.00251	0.46035	0.00583	0.00305	0.00799
12	0.01144	0.00572	0.00858	0.00858	0.00858	0.00572	0.00572	0.00858	0.00858	0.01144	0.01144	0.02001	0.01144	0.02287	0.02573	0.80846	0.00572	0.00572	0.00286	0.00286
13	0.02459	0.03138	0.01866	0.01696	0.02035	0.74221	0.01272	0.02629	0.01866	0.01611	0.01018	0.01187	0.00848	0.00678	0.00594	0.00170	0.01187	0.00424	0.00339	0.00763
14	0.00800	0.00664	0.00701	0.00700	0.00905	0.00564	0.00522	0.00985	0.01541	0.01895	0.15713	0.08989	0.60476	0.01639	0.00780	0.00222	0.00332	0.01381	0.00627	0.00564
15	0.01554	0.01776	0.03885	0.02775	0.03441	0.01665	0.70366	0.02109	0.01554	0.02109	0.01332	0.01776	0.00999	0.00555	0.00777	0.00222	0.01110	0.00777	0.00333	0.00888
16	0.01365	0.01170	0.01365	0.00975	0.01560	0.00878	0.00780	0.01658	0.01365	0.02145	0.01170	0.01365	0.00975	0.00488	0.00488	0.00098	0.00488	0.00390	0.00390	0.80888
17	0.01160	0.00648	0.00969	0.02917	0.01022	0.00697	0.00669	0.00936	0.00886	0.01198	0.01144	0.01975	0.01133	0.02247	0.04581	0.71139	0.05482	0.00576	0.00288	0.00335
18	0.00883	0.00669	0.00799	0.00768	0.00935	0.00601	0.00566	0.01126	0.01683	0.02265	0.46107	0.05341	0.27656	0.06578	0.00952	0.00241	0.00340	0.01240	0.00665	0.00585
19	0.81514	0.01273	0.00968	0.00866	0.01273	0.01477	0.00713	0.01935	0.01120	0.02954	0.00917	0.01069	0.00713	0.00611	0.00407	0.00204	0.00509	0.00356	0.00407	0.00713
20	0.04620	0.01241	0.01282	0.01034	0.01468	0.06344	0.00799	0.05445	0.04615	0.02164	0.01940	0.11340	0.06152	0.03392	0.00670	0.00166	0.00536	0.00690	0.00457	0.45646
21	0.00802	0.00573	0.00764	0.00917	0.00955	0.00535	0.00611	0.00917	0.01260	0.01681	0.03628	0.76434	0.04354	0.02062	0.00840	0.00267	0.00382	0.01872	0.00611	0.00535
22	0.01128	0.00849	0.00980	0.00938	0.01171	0.00837	0.00726	0.01704	0.16193	0.05501	0.24489	0.07847	0.26042	0.01403	0.00765	0.00227	0.00403	0.07425	0.00665	0.00706
23	0.01102	0.00956	0.01115	0.01097	0.01228	0.08528	0.00835	0.01310	0.01135	0.01516	0.01711	0.02581	0.01623	0.10417	0.60664	0.00930	0.01610	0.00697	0.00355	0.00591
24	0.81514	0.01273	0.00968	0.00866	0.01273	0.01477	0.00713	0.01935	0.01120	0.02954	0.00917	0.01069	0.00713	0.00611	0.00407	0.00204	0.00509	0.00356	0.00407	0.00713
25	0.01383	0.05523	0.53604	0.01859	0.02679	0.01559	0.09431	0.04503	0.01484	0.02161	0.05808	0.01657	0.01212	0.00688	0.00703	0.00210	0.03711	0.00566	0.00327	0.00932
26	0.01789	0.01350	0.01465	0.01289	0.01675	0.01507	0.01011	0.05118	0.57154	0.11915	0.02840	0.02600	0.05477	0.00919	0.00674	0.00220	0.00522	0.00762	0.00685	0.01030
27	0.01458	0.13240	0.08564	0.01245	0.01627	0.06344	0.03433	0.02090	0.16033	0.05235	0.20254	0.05574	0.07562	0.01008	0.00719	0.00204	0.03231	0.00829	0.00539	0.00812
28	0.69036	0.01298	0.01053	0.00927	0.01334	0.01490	0.00759	0.06746	0.04810	0.02983	0.01263	0.01369	0.03452	0.00677	0.00452	0.00205	0.00518	0.00430	0.00446	0.00752
29	0.06073	0.07743	0.09277	0.01597	0.02073	0.29792	0.06746	0.13586	0.04058	0.04842	0.01568	0.01822	0.03952	0.00764	0.00625	0.00192	0.00915	0.03078	0.00433	0.00864
30	0.04375	0.06217	0.05367	0.04148	0.10656	0.01414	0.03049	0.04019	0.13569	0.04109	0.04322	0.02290	0.04191	0.04005	0.15273	0.00392	0.08633	0.00678	0.02476	0.00817
31	0.01543	0.06429	0.05158	0.01292	0.01643	0.04135	0.01077	0.07735	0.35462	0.02549	0.12694	0.06192	0.02545	0.01024	0.00744	0.00220	0.03584	0.04476	0.00598	0.00899
32	0.00941	0.00689	0.00828	0.00829	0.00975	0.00642	0.00601	0.01119	0.01482	0.04590	0.21056	0.22695	0.28892	0.07636	0.01045	0.00265	0.03149	0.01368	0.00617	0.00581
33	0.01453	0.01392	0.06286	0.01444	0.07853	0.03838	0.01079	0.09384	0.25563	0.02521	0.13652	0.07433	0.10958	0.03221	0.00777	0.00227	0.00559	0.00905	0.00590	0.00864

[dist]
# distance from previous block
# <min> <max>
0	2

[block]
# block no. 6 follows, 33 sequences, length 6
# corresponding to MSA columns:
# 185-190
name=unknown_G
#
# <colnr> <probs for GDERKNQSTAVLIFYWHMCP>
#	G	D	E	R	K	N	Q	S	T	A	V	L	I	F	Y	W	H	M	C	P
0	0.01257	0.01219	0.04966	0.01309	0.08194	0.06767	0.00951	0.08856	0.01757	0.02263	0.18876	0.10179	0.25314	0.01303	0.00741	0.00216	0.00531	0.04010	0.00574	0.00717
1	0.05487	0.01672	0.15512	0.01344	0.01911	0.01255	0.04584	0.08354	0.10382	0.06595	0.01923	0.02302	0.04719	0.00784	0.00621	0.00184	0.00646	0.05975	0.00479	0.25270
2	0.01686	0.13710	0.12646	0.05620	0.17507	0.13146	0.05186	0.02057	0.01564	0.05507	0.09311	0.01838	0.01554	0.00697	0.00615	0.00184	0.00803	0.00581	0.00386	0.05403
3	0.01694	0.08028	0.08188	0.08353	0.19002	0.03927	0.10030	0.10090	0.01692	0.05812	0.05505	0.01760	0.01318	0.00660	0.00632	0.00185	0.00769	0.00591	0.00412	0.11352
4	0.01821	0.13154	0.18054	0.02155	0.18352	0.03743	0.07641	0.07726	0.04964	0.11549	0.03614	0.01707	0.01244	0.00675	0.00628	0.00195	0.00792	0.00578	0.00429	0.00980
5	0.01780	0.04153	0.10445	0.08394	0.19923	0.15405	0.12557	0.05966	0.04348	0.04938	0.04738	0.01747	0.01269	0.00677	0.00659	0.00199	0.00894	0.00606	0.00390	0.00913

[dist]
# distance from previous block
# <min> <max>
0	40

# created by:
# /home/berkeley/.conda/envs/busco_data_prod/bin/msa2prfl.pl pipeline/OGs_align_augustus/4893/37017.fs
