[name]
unknown

[dist]
# distance from previous block
# <min> <max>
7	114

[block]
# block no. 0 follows, 32 sequences, length 77
# corresponding to MSA columns:
# 148-224
name=unknown_A
#
# <colnr> <probs for GDERKNQSTAVLIFYWHMCP>
#	G	D	E	R	K	N	Q	S	T	A	V	L	I	F	Y	W	H	M	C	P
0	0.05166	0.01950	0.06636	0.04500	0.06697	0.10680	0.04555	0.32864	0.02242	0.04542	0.01449	0.03193	0.01126	0.00882	0.02490	0.00224	0.05184	0.00597	0.00505	0.04518
1	0.14120	0.06627	0.04600	0.01520	0.05475	0.13441	0.04280	0.10991	0.06326	0.19327	0.01654	0.01742	0.01217	0.03200	0.00698	0.00211	0.00751	0.00562	0.00531	0.02727
2	0.01952	0.14513	0.05222	0.04237	0.02031	0.01849	0.04956	0.26900	0.05605	0.07293	0.01730	0.09853	0.01484	0.00929	0.00811	0.00213	0.08228	0.00723	0.00524	0.00948
3	0.04645	0.08480	0.02001	0.03520	0.06458	0.11975	0.02737	0.14140	0.12093	0.11048	0.01682	0.04488	0.01336	0.00843	0.00817	0.00209	0.09434	0.00626	0.00511	0.02956
4	0.03737	0.02089	0.07156	0.07487	0.09205	0.18154	0.06405	0.20762	0.05191	0.02572	0.01370	0.01602	0.01064	0.00916	0.03967	0.00241	0.04121	0.00571	0.00442	0.02949
5	0.12205	0.01872	0.13215	0.01633	0.02158	0.06594	0.11975	0.08950	0.06815	0.16059	0.03329	0.03662	0.01357	0.00796	0.00770	0.00218	0.06302	0.00644	0.00506	0.00939
6	0.01969	0.21420	0.04833	0.07084	0.05836	0.05284	0.07502	0.20483	0.04574	0.06847	0.05160	0.01733	0.01349	0.00735	0.00654	0.00193	0.02331	0.00587	0.00473	0.00953
7	0.01841	0.30748	0.11618	0.07823	0.02263	0.06143	0.03650	0.16275	0.04638	0.02318	0.01330	0.01635	0.01091	0.00705	0.00580	0.00184	0.00797	0.03015	0.00404	0.02940
8	0.11534	0.06274	0.07807	0.03572	0.10023	0.06802	0.01314	0.18970	0.13284	0.02797	0.01770	0.02045	0.02797	0.00803	0.00625	0.00206	0.00709	0.03704	0.04019	0.00944
9	0.18013	0.11849	0.03645	0.04892	0.08801	0.05661	0.03496	0.24271	0.01951	0.02875	0.01240	0.01410	0.00961	0.00682	0.00610	0.00191	0.02418	0.00502	0.00456	0.06076
10	0.05227	0.01383	0.04044	0.08179	0.13778	0.03038	0.01244	0.01837	0.05350	0.02091	0.04518	0.01887	0.01358	0.05601	0.00996	0.00213	0.11110	0.00573	0.00391	0.27181
11	0.03839	0.01506	0.01923	0.06211	0.02143	0.05130	0.10519	0.14773	0.09603	0.06732	0.06907	0.01953	0.01564	0.00742	0.00692	0.00186	0.03040	0.00629	0.00512	0.21399
12	0.06592	0.01374	0.02256	0.39257	0.33848	0.01537	0.01875	0.01881	0.01410	0.02006	0.01206	0.01688	0.00957	0.00636	0.00651	0.00212	0.00828	0.00582	0.00321	0.00882
13	0.07150	0.01567	0.01925	0.01459	0.02005	0.01581	0.08668	0.29896	0.08288	0.07242	0.01586	0.01658	0.01171	0.00695	0.00622	0.00180	0.00675	0.00571	0.00554	0.22508
14	0.01643	0.01576	0.02692	0.07261	0.69228	0.01590	0.02051	0.02044	0.01520	0.02171	0.01259	0.01666	0.01055	0.00601	0.00665	0.00200	0.00801	0.00598	0.00331	0.01049
15	0.01267	0.01193	0.02013	0.74806	0.04621	0.01491	0.01863	0.01714	0.01342	0.01714	0.01193	0.01789	0.00894	0.00671	0.00671	0.00224	0.00894	0.00596	0.00298	0.00745
16	0.01706	0.01585	0.01805	0.01926	0.14736	0.06333	0.01292	0.03083	0.48448	0.02528	0.02211	0.02186	0.01702	0.00859	0.00790	0.00224	0.06308	0.00695	0.00567	0.01019
17	0.01267	0.01193	0.02013	0.74806	0.04621	0.01491	0.01863	0.01714	0.01342	0.01714	0.01193	0.01789	0.00894	0.00671	0.00671	0.00224	0.00894	0.00596	0.00298	0.00745
18	0.02701	0.01073	0.01458	0.01141	0.01606	0.00933	0.00933	0.02969	0.01917	0.62174	0.13055	0.02694	0.02363	0.00912	0.00692	0.00208	0.00533	0.00756	0.00817	0.01065
19	0.01584	0.01492	0.02274	0.15023	0.20283	0.01623	0.11785	0.02652	0.30969	0.02363	0.01887	0.02063	0.01445	0.00738	0.00692	0.00220	0.00751	0.00695	0.00476	0.00984
20	0.69167	0.01282	0.01047	0.00899	0.01342	0.01413	0.00737	0.01930	0.01179	0.02887	0.00973	0.01135	0.00767	0.00604	0.00428	0.00191	0.00516	0.00368	0.00413	0.12722
21	0.01346	0.03471	0.72942	0.01912	0.02904	0.01558	0.02479	0.02125	0.01417	0.02125	0.01204	0.01417	0.00850	0.00637	0.00637	0.00212	0.00992	0.00496	0.00283	0.00992
22	0.02698	0.01245	0.01643	0.01422	0.06281	0.01173	0.01078	0.05745	0.12681	0.54714	0.02532	0.02252	0.01663	0.00827	0.00675	0.00210	0.00586	0.00680	0.00769	0.01124
23	0.00818	0.00584	0.00779	0.00934	0.00973	0.00545	0.00623	0.00934	0.01285	0.01713	0.03698	0.75981	0.04438	0.02102	0.00856	0.00273	0.00389	0.01908	0.00623	0.00545
24	0.01751	0.42751	0.13223	0.07019	0.07506	0.11983	0.01470	0.02073	0.01460	0.01730	0.01180	0.01378	0.02679	0.00637	0.00529	0.00170	0.00835	0.00451	0.00307	0.00868
25	0.00916	0.00743	0.01014	0.00950	0.01129	0.00673	0.05834	0.01127	0.01524	0.01999	0.22289	0.21632	0.27500	0.08330	0.01043	0.00271	0.00433	0.01390	0.00612	0.00590
26	0.00818	0.00584	0.00779	0.00934	0.00973	0.00545	0.00623	0.00934	0.01285	0.01713	0.03698	0.75981	0.04438	0.02102	0.00856	0.00273	0.00389	0.01908	0.00623	0.00545
27	0.01642	0.01704	0.06825	0.03990	0.68184	0.01592	0.02084	0.02063	0.01521	0.02188	0.01259	0.01646	0.01050	0.00600	0.00663	0.00200	0.00808	0.00592	0.00329	0.01059
28	0.01634	0.01432	0.02332	0.28455	0.19457	0.01536	0.11303	0.11742	0.01723	0.05561	0.01787	0.02115	0.06433	0.00744	0.00696	0.00215	0.00825	0.00692	0.00415	0.00904
29	0.01360	0.02673	0.47620	0.02042	0.09887	0.01438	0.06453	0.04491	0.01485	0.02151	0.01610	0.12684	0.01433	0.00855	0.00684	0.00221	0.00880	0.00742	0.00358	0.00932
30	0.00973	0.00661	0.00784	0.00784	0.00802	0.00679	0.00472	0.01009	0.00991	0.01340	0.02067	0.04127	0.02325	0.65687	0.13990	0.00715	0.00823	0.00937	0.00399	0.00436
31	0.01629	0.16713	0.22687	0.07579	0.14605	0.11018	0.08785	0.02079	0.01493	0.01922	0.01272	0.04904	0.01078	0.00689	0.00627	0.00197	0.00913	0.00582	0.00323	0.00903
32	0.01468	0.04458	0.06303	0.01323	0.04813	0.01246	0.01048	0.14429	0.12692	0.04326	0.10891	0.18955	0.09752	0.01273	0.00738	0.00228	0.00552	0.04062	0.00609	0.00835
33	0.02381	0.02934	0.01844	0.01674	0.02025	0.62893	0.01261	0.02813	0.12292	0.01817	0.01292	0.01404	0.01042	0.00724	0.00617	0.00181	0.01108	0.00481	0.00396	0.00821
34	0.01511	0.01274	0.01453	0.01080	0.01646	0.01077	0.00863	0.06988	0.10063	0.02414	0.01412	0.01544	0.01134	0.00571	0.00533	0.00123	0.00519	0.00457	0.00453	0.64884
35	0.02274	0.02404	0.01914	0.01646	0.01995	0.36391	0.01292	0.20473	0.09346	0.02446	0.01343	0.01491	0.01064	0.00817	0.00871	0.00204	0.12135	0.00535	0.00460	0.00897
36	0.01366	0.01166	0.01364	0.00991	0.01563	0.00879	0.00787	0.01656	0.01387	0.02165	0.01304	0.04707	0.01147	0.00568	0.00513	0.00107	0.00492	0.00465	0.00408	0.76966
37	0.02319	0.02122	0.01860	0.01549	0.01995	0.21116	0.01228	0.35454	0.19738	0.03183	0.01737	0.01726	0.01293	0.00801	0.00656	0.00200	0.00813	0.00597	0.00587	0.01024
38	0.01852	0.01123	0.01315	0.01105	0.01473	0.01092	0.00872	0.17627	0.05158	0.20698	0.07819	0.13633	0.16895	0.01209	0.00723	0.00215	0.00513	0.01013	0.00686	0.04979
39	0.01544	0.06033	0.03384	0.02761	0.15855	0.01622	0.46007	0.02032	0.01594	0.02181	0.08705	0.02075	0.01574	0.00657	0.00747	0.00215	0.00960	0.00775	0.00377	0.00903
40	0.01700	0.02233	0.12715	0.22277	0.03360	0.20136	0.23858	0.02162	0.01575	0.01895	0.01208	0.01594	0.00921	0.00637	0.00688	0.00210	0.01066	0.00603	0.00322	0.00841
41	0.01267	0.01193	0.02013	0.74806	0.04621	0.01491	0.01863	0.01714	0.01342	0.01714	0.01193	0.01789	0.00894	0.00671	0.00671	0.00224	0.00894	0.00596	0.00298	0.00745
42	0.01667	0.01629	0.02647	0.08589	0.65235	0.04298	0.02018	0.02060	0.01530	0.02141	0.01249	0.01652	0.01045	0.00606	0.00662	0.00200	0.00819	0.00592	0.00330	0.01032
43	0.01368	0.05593	0.17337	0.23778	0.21754	0.01452	0.01818	0.01839	0.01492	0.02068	0.11009	0.02264	0.01771	0.00773	0.00674	0.00211	0.00792	0.02763	0.00374	0.00870
44	0.00801	0.00650	0.00710	0.00759	0.00927	0.00560	0.00545	0.00954	0.01453	0.01782	0.05834	0.28072	0.50968	0.01825	0.00813	0.00241	0.00355	0.01569	0.00623	0.00560
45	0.02631	0.01751	0.01934	0.01483	0.02017	0.01890	0.01225	0.58366	0.02940	0.16162	0.01792	0.01728	0.01232	0.00810	0.00672	0.00202	0.00709	0.00616	0.00699	0.01141
46	0.01460	0.10535	0.42914	0.07695	0.15037	0.01685	0.07346	0.02073	0.01438	0.02051	0.01197	0.01481	0.00904	0.00621	0.00635	0.00205	0.00932	0.00529	0.00298	0.00965
47	0.01154	0.00939	0.01418	0.07030	0.06891	0.00944	0.06565	0.06507	0.01547	0.02068	0.06207	0.37764	0.05101	0.01576	0.00815	0.00256	0.00575	0.11394	0.00562	0.00689
48	0.01308	0.01115	0.01178	0.01087	0.01394	0.01202	0.00837	0.02477	0.41216	0.02464	0.10731	0.04062	0.25763	0.01218	0.00730	0.00226	0.00447	0.01021	0.00668	0.00856
49	0.59580	0.10866	0.01435	0.01042	0.01467	0.12503	0.00864	0.02083	0.01283	0.02629	0.00950	0.01106	0.00764	0.00627	0.00446	0.00195	0.00647	0.00373	0.00389	0.00751
50	0.00924	0.00660	0.00900	0.01056	0.01141	0.00636	0.00807	0.01118	0.01389	0.01832	0.03640	0.48446	0.04206	0.02002	0.00885	0.00287	0.00481	0.28395	0.00621	0.00574
51	0.01658	0.01350	0.01534	0.01120	0.01703	0.01167	0.00905	0.17375	0.01796	0.02655	0.01289	0.01442	0.01028	0.00568	0.00537	0.00123	0.00552	0.00445	0.00460	0.62293
52	0.01330	0.03313	0.68745	0.01873	0.02816	0.01512	0.02397	0.02082	0.01424	0.02118	0.01341	0.01776	0.01026	0.00709	0.00654	0.00218	0.00970	0.04422	0.00303	0.00970
53	0.01602	0.01534	0.02617	0.14745	0.62069	0.01579	0.02030	0.02007	0.01500	0.02120	0.01252	0.01680	0.01038	0.00609	0.00665	0.00203	0.00812	0.00598	0.00327	0.01015
54	0.02394	0.02691	0.01965	0.01857	0.07618	0.48905	0.01338	0.16266	0.06583	0.02283	0.01280	0.01410	0.01012	0.00721	0.00628	0.00184	0.01038	0.00501	0.00432	0.00892
55	0.00942	0.00686	0.00887	0.00836	0.00998	0.00630	0.00627	0.01252	0.01882	0.02650	0.68851	0.05079	0.09385	0.01387	0.00791	0.00212	0.00318	0.01223	0.00733	0.00630
56	0.01398	0.01273	0.01852	0.50966	0.03688	0.01549	0.01603	0.02315	0.23961	0.02069	0.01692	0.02021	0.01269	0.00749	0.00675	0.00225	0.00776	0.00649	0.00423	0.00848
57	0.00817	0.00681	0.00712	0.00704	0.00921	0.00576	0.00528	0.01009	0.01585	0.01945	0.16581	0.06240	0.62095	0.01650	0.00793	0.00224	0.00336	0.01386	0.00640	0.00576
58	0.01166	0.00583	0.00874	0.00874	0.00874	0.00583	0.00583	0.00874	0.00874	0.01166	0.01166	0.02040	0.01166	0.02331	0.02622	0.80478	0.00583	0.00583	0.00291	0.00291
59	0.00976	0.00651	0.00732	0.00732	0.00732	0.00651	0.00407	0.00976	0.00976	0.01301	0.02114	0.04391	0.02439	0.76419	0.03415	0.00651	0.00651	0.00976	0.00407	0.00407
60	0.01584	0.01810	0.03959	0.02828	0.03507	0.01697	0.69796	0.02149	0.01584	0.02149	0.01357	0.01810	0.01018	0.00566	0.00792	0.00226	0.01131	0.00792	0.00339	0.00905
61	0.02506	0.03198	0.01901	0.01729	0.02074	0.73725	0.01296	0.02679	0.01901	0.01642	0.01037	0.01210	0.00864	0.00691	0.00605	0.00173	0.01210	0.00432	0.00346	0.00778
62	0.01287	0.01213	0.02049	0.71174	0.08095	0.01496	0.01874	0.01732	0.01351	0.01739	0.01196	0.01782	0.00903	0.00667	0.00671	0.00222	0.00889	0.00596	0.00300	0.00762
63	0.01267	0.01193	0.02013	0.74806	0.04621	0.01491	0.01863	0.01714	0.01342	0.01714	0.01193	0.01789	0.00894	0.00671	0.00671	0.00224	0.00894	0.00596	0.00298	0.00745
64	0.02981	0.01190	0.01587	0.01217	0.01737	0.01058	0.01005	0.07620	0.02001	0.68235	0.02580	0.02240	0.01627	0.00829	0.00675	0.00207	0.00582	0.00670	0.00820	0.01142
65	0.01788	0.01835	0.02600	0.03759	0.61686	0.12438	0.01945	0.02152	0.01584	0.02109	0.01228	0.01593	0.01033	0.00612	0.00655	0.00195	0.00859	0.00573	0.00334	0.01020
66	0.01075	0.00880	0.01291	0.01223	0.01371	0.00949	0.06076	0.01419	0.06485	0.01890	0.09632	0.24557	0.03117	0.06682	0.16659	0.00459	0.07384	0.07686	0.00519	0.00647
67	0.01395	0.01323	0.02243	0.51860	0.26570	0.01524	0.01927	0.01826	0.01402	0.01869	0.01215	0.01747	0.00949	0.00647	0.00669	0.00216	0.00863	0.00597	0.00309	0.00848
68	0.01678	0.01645	0.02650	0.07644	0.65641	0.04795	0.02015	0.02069	0.01535	0.02143	0.01249	0.01647	0.01045	0.00606	0.00662	0.00199	0.00820	0.00590	0.00331	0.01034
69	0.02041	0.05510	0.02335	0.07253	0.29468	0.06047	0.01603	0.28790	0.05401	0.02926	0.01433	0.01633	0.01107	0.00703	0.00653	0.00199	0.00788	0.00586	0.00478	0.01046
70	0.13464	0.27508	0.04968	0.09864	0.10788	0.01885	0.13569	0.01937	0.01384	0.02009	0.01264	0.06201	0.01127	0.00694	0.00581	0.00194	0.00778	0.00596	0.00344	0.00844
71	0.08522	0.01255	0.01926	0.26728	0.15555	0.01428	0.05368	0.01775	0.04213	0.02002	0.01915	0.06204	0.06729	0.00931	0.00848	0.00233	0.08543	0.04642	0.00393	0.00791
72	0.11961	0.01541	0.11038	0.06447	0.09739	0.01330	0.05947	0.08749	0.05823	0.10572	0.02271	0.12799	0.06999	0.00977	0.00678	0.00221	0.00674	0.00838	0.00511	0.00883
73	0.11951	0.04398	0.05297	0.01382	0.03506	0.08942	0.04124	0.10631	0.05020	0.12964	0.02064	0.04116	0.05276	0.07035	0.00907	0.00245	0.02470	0.05035	0.00523	0.04117
74	0.16084	0.12363	0.02144	0.04944	0.07520	0.18104	0.09768	0.03767	0.01531	0.03655	0.01532	0.09319	0.02976	0.00829	0.00653	0.00202	0.02739	0.00667	0.00399	0.00804
75	0.16052	0.08198	0.12763	0.07087	0.09627	0.12641	0.07006	0.08158	0.01643	0.06442	0.01422	0.01610	0.03184	0.00690	0.00604	0.00200	0.00835	0.00542	0.00404	0.00892
76	0.08656	0.11291	0.07446	0.13154	0.10084	0.05771	0.01358	0.08121	0.04866	0.05437	0.06045	0.02014	0.02906	0.00756	0.00613	0.00193	0.00718	0.02277	0.00439	0.07853

[dist]
# distance from previous block
# <min> <max>
5	100

[block]
# block no. 1 follows, 32 sequences, length 45
# corresponding to MSA columns:
# 325-369
name=unknown_B
#
# <colnr> <probs for GDERKNQSTAVLIFYWHMCP>
#	G	D	E	R	K	N	Q	S	T	A	V	L	I	F	Y	W	H	M	C	P
0	0.13436	0.18254	0.04419	0.01234	0.01655	0.12694	0.01046	0.13371	0.07078	0.03852	0.04461	0.02058	0.04575	0.08168	0.00849	0.00233	0.00720	0.00596	0.00465	0.00834
1	0.03709	0.15326	0.09116	0.01509	0.02014	0.04145	0.04398	0.18958	0.13495	0.10896	0.01643	0.01696	0.01227	0.00786	0.00775	0.00207	0.08011	0.00580	0.00518	0.00993
2	0.09390	0.11215	0.13799	0.01489	0.05830	0.01447	0.04353	0.04313	0.05727	0.08307	0.02247	0.08093	0.08484	0.01110	0.03262	0.00245	0.03914	0.03890	0.00468	0.02415
3	0.01659	0.06879	0.22760	0.04100	0.02139	0.10683	0.01500	0.14591	0.03878	0.02391	0.06884	0.04467	0.01593	0.01300	0.09232	0.00302	0.00943	0.00638	0.00436	0.03626
4	0.04661	0.11290	0.04217	0.01421	0.10251	0.03554	0.01035	0.08376	0.01704	0.02423	0.16620	0.02646	0.07808	0.00870	0.00614	0.00177	0.00562	0.00713	0.07136	0.13921
5	0.01762	0.07269	0.01457	0.01126	0.01460	0.01168	0.00882	0.11416	0.08585	0.18400	0.02751	0.25993	0.04939	0.03836	0.00801	0.00234	0.00534	0.01064	0.00634	0.05690
6	0.07006	0.01316	0.05340	0.01154	0.01485	0.06188	0.00933	0.02263	0.17834	0.13521	0.12295	0.07477	0.02442	0.06906	0.01045	0.06827	0.00582	0.00810	0.00581	0.03994
7	0.01529	0.15764	0.12302	0.01183	0.01565	0.01336	0.01093	0.06311	0.01430	0.10078	0.01866	0.05042	0.01753	0.19529	0.12172	0.00439	0.00872	0.04532	0.00444	0.00761
8	0.00974	0.00657	0.00766	0.00766	0.00778	0.00669	0.00449	0.00998	0.00986	0.01326	0.02083	0.04218	0.02364	0.69371	0.10360	0.00693	0.00764	0.00950	0.00402	0.00426
9	0.01794	0.76823	0.03516	0.01148	0.01722	0.02655	0.01148	0.02009	0.01363	0.01579	0.00933	0.01076	0.00861	0.00574	0.00431	0.00144	0.00718	0.00359	0.00287	0.00861
10	0.01468	0.01421	0.02468	0.37247	0.31133	0.01558	0.08609	0.01957	0.03838	0.01984	0.01289	0.01765	0.01013	0.00640	0.00681	0.00214	0.00867	0.00622	0.00329	0.00897
11	0.00826	0.00677	0.00729	0.00724	0.00929	0.00579	0.00540	0.01025	0.01596	0.01990	0.20151	0.08937	0.55670	0.01648	0.00795	0.00225	0.00337	0.01394	0.00647	0.00579
12	0.01441	0.01245	0.01529	0.01096	0.01694	0.00972	0.03924	0.04115	0.01462	0.02257	0.01215	0.01418	0.01000	0.00511	0.00516	0.00109	0.00534	0.00423	0.00405	0.74136
13	0.00848	0.00620	0.00807	0.00921	0.00999	0.00566	0.00626	0.00984	0.01327	0.01781	0.06664	0.66295	0.07539	0.01979	0.00834	0.00260	0.00389	0.01786	0.00618	0.04156
14	0.05826	0.24525	0.09145	0.01521	0.02023	0.31270	0.03123	0.05485	0.05782	0.03789	0.01194	0.01323	0.00963	0.00667	0.00562	0.00176	0.00932	0.00456	0.00373	0.00866
15	0.01321	0.00894	0.00982	0.00892	0.01172	0.00844	0.00688	0.09122	0.05352	0.10156	0.06953	0.10640	0.40395	0.01424	0.00744	0.00220	0.00422	0.01190	0.05864	0.00725
16	0.02506	0.03198	0.01901	0.01729	0.02074	0.73725	0.01296	0.02679	0.01901	0.01642	0.01037	0.01210	0.00864	0.00691	0.00605	0.00173	0.01210	0.00432	0.00346	0.00778
17	0.01947	0.07517	0.03924	0.01879	0.12123	0.29666	0.01350	0.07382	0.01747	0.02038	0.01435	0.02127	0.01303	0.00821	0.00710	0.00192	0.04394	0.08842	0.00400	0.10203
18	0.02456	0.08995	0.02054	0.01647	0.02047	0.54832	0.01280	0.14901	0.02086	0.02109	0.01133	0.01272	0.00915	0.00703	0.00603	0.00176	0.01084	0.00457	0.00400	0.00851
19	0.00959	0.00719	0.01078	0.01078	0.01198	0.00839	0.00839	0.01198	0.01078	0.01558	0.01797	0.02636	0.01677	0.05032	0.73760	0.01078	0.01797	0.00719	0.00359	0.00599
20	0.01286	0.01085	0.01176	0.01127	0.01305	0.09955	0.00872	0.05579	0.01350	0.01856	0.01744	0.02379	0.01550	0.03667	0.50413	0.00789	0.01461	0.00664	0.11086	0.00658
21	0.00952	0.00641	0.00739	0.00762	0.00768	0.00635	0.00439	0.00970	0.01022	0.01363	0.02351	0.15078	0.02738	0.65325	0.03033	0.00594	0.00612	0.01115	0.00439	0.00427
22	0.00827	0.00663	0.00716	0.00735	0.00906	0.00577	0.00526	0.00984	0.01469	0.01817	0.10987	0.16200	0.50257	0.09036	0.01058	0.00273	0.00376	0.01428	0.00611	0.00553
23	0.01794	0.76823	0.03516	0.01148	0.01722	0.02655	0.01148	0.02009	0.01363	0.01579	0.00933	0.01076	0.00861	0.00574	0.00431	0.00144	0.00718	0.00359	0.00287	0.00861
24	0.01100	0.00722	0.00839	0.00785	0.01008	0.00636	0.00597	0.01344	0.01692	0.08968	0.29819	0.05206	0.35483	0.01421	0.00755	0.00213	0.00351	0.01206	0.07206	0.00651
25	0.06321	0.01527	0.01392	0.01439	0.09682	0.16595	0.00971	0.12721	0.01759	0.02502	0.01666	0.02038	0.01362	0.06031	0.00756	0.00210	0.00664	0.00587	0.30995	0.00782
26	0.02341	0.01731	0.01860	0.01446	0.01940	0.01896	0.01187	0.61423	0.02974	0.03978	0.05976	0.02131	0.06203	0.00898	0.00686	0.00204	0.00687	0.00694	0.00672	0.01073
27	0.00803	0.00639	0.00721	0.00787	0.00935	0.00557	0.00558	0.00951	0.01426	0.01771	0.05489	0.35810	0.43453	0.01869	0.00820	0.00246	0.00361	0.01624	0.00623	0.00557
28	0.01855	0.01436	0.01553	0.01349	0.01749	0.01616	0.01062	0.11700	0.53660	0.08709	0.05836	0.02492	0.02105	0.00912	0.00686	0.00222	0.00550	0.00754	0.00696	0.01058
29	0.00950	0.00686	0.00897	0.00844	0.01002	0.00633	0.00633	0.01266	0.01899	0.02691	0.71879	0.05012	0.06331	0.01372	0.00791	0.00211	0.00317	0.01213	0.00739	0.00633
30	0.81159	0.01298	0.00986	0.00882	0.01298	0.01505	0.00727	0.01972	0.01142	0.03010	0.00934	0.01090	0.00727	0.00623	0.00415	0.00208	0.00519	0.00363	0.00415	0.00727
31	0.02392	0.01767	0.01899	0.01496	0.02001	0.01961	0.01223	0.54514	0.16555	0.06331	0.01869	0.01811	0.01339	0.00827	0.00674	0.00207	0.00691	0.00637	0.00679	0.01125
32	0.01166	0.00583	0.00874	0.00874	0.00874	0.00583	0.00583	0.00874	0.00874	0.01166	0.01166	0.02040	0.01166	0.02331	0.02622	0.80478	0.00583	0.00583	0.00291	0.00291
33	0.02222	0.02544	0.02190	0.02526	0.25942	0.43312	0.01554	0.07988	0.01877	0.02041	0.01161	0.01396	0.00955	0.00669	0.00631	0.00184	0.01031	0.00503	0.00368	0.00905
34	0.01267	0.01193	0.02013	0.74806	0.04621	0.01491	0.01863	0.01714	0.01342	0.01714	0.01193	0.01789	0.00894	0.00671	0.00671	0.00224	0.00894	0.00596	0.00298	0.00745
35	0.01154	0.00982	0.01202	0.06288	0.05571	0.06772	0.01051	0.01401	0.01471	0.01868	0.03106	0.29594	0.03452	0.01691	0.00844	0.00273	0.00618	0.31460	0.00559	0.00640
36	0.01661	0.01594	0.02724	0.04119	0.72233	0.01594	0.02059	0.02059	0.01528	0.02192	0.01262	0.01661	0.01063	0.00598	0.00664	0.00199	0.00797	0.00598	0.00332	0.01063
37	0.02360	0.01752	0.01889	0.01474	0.01970	0.01934	0.01208	0.59891	0.07618	0.04007	0.07448	0.01950	0.01628	0.00859	0.00682	0.00204	0.00690	0.00664	0.00678	0.01094
38	0.81159	0.01298	0.00986	0.00882	0.01298	0.01505	0.00727	0.01972	0.01142	0.03010	0.00934	0.01090	0.00727	0.00623	0.00415	0.00208	0.00519	0.00363	0.00415	0.00727
39	0.02473	0.02006	0.01718	0.01436	0.01870	0.26013	0.01133	0.18415	0.07840	0.22144	0.02145	0.02061	0.06031	0.00842	0.00659	0.00197	0.00808	0.00633	0.00603	0.00973
40	0.00828	0.00612	0.00778	0.00904	0.00985	0.00562	0.00628	0.00966	0.01345	0.01748	0.04263	0.59222	0.16884	0.02013	0.00849	0.00266	0.00393	0.05578	0.00623	0.00553
41	0.01609	0.01446	0.02154	0.16076	0.16470	0.01579	0.08151	0.11962	0.09657	0.02374	0.01606	0.06977	0.01365	0.00829	0.00833	0.00216	0.08101	0.00711	0.00438	0.07445
42	0.01743	0.09845	0.05525	0.24053	0.15812	0.09755	0.01587	0.09686	0.04122	0.04958	0.01463	0.05871	0.01218	0.00759	0.00646	0.00204	0.00825	0.00632	0.00403	0.00892
43	0.01603	0.20536	0.29632	0.06308	0.10163	0.04719	0.07436	0.05617	0.01540	0.02065	0.01253	0.01631	0.01013	0.00667	0.00616	0.00197	0.00892	0.02848	0.00329	0.00932
44	0.15807	0.02467	0.10174	0.01728	0.06976	0.30186	0.01386	0.18991	0.01996	0.02608	0.01196	0.01344	0.00921	0.00695	0.00597	0.00192	0.00921	0.00482	0.00429	0.00904

[dist]
# distance from previous block
# <min> <max>
0	5

[block]
# block no. 2 follows, 32 sequences, length 43
# corresponding to MSA columns:
# 375-417
name=unknown_C
#
# <colnr> <probs for GDERKNQSTAVLIFYWHMCP>
#	G	D	E	R	K	N	Q	S	T	A	V	L	I	F	Y	W	H	M	C	P
0	0.01025	0.00831	0.01271	0.01193	0.01339	0.00810	0.10249	0.01308	0.06537	0.01771	0.02959	0.45692	0.03350	0.14900	0.01328	0.02267	0.00554	0.01469	0.00542	0.00604
1	0.01548	0.01589	0.07982	0.07462	0.04954	0.01373	0.11708	0.08812	0.03210	0.02318	0.01277	0.01553	0.01011	0.00629	0.00725	0.00170	0.06353	0.00533	0.00395	0.36397
2	0.01654	0.01425	0.01670	0.11603	0.02126	0.06661	0.05457	0.17604	0.16750	0.02609	0.05429	0.13509	0.03758	0.02882	0.00773	0.00231	0.00675	0.00891	0.03428	0.00863
3	0.00845	0.00670	0.00760	0.00762	0.00945	0.00585	0.00562	0.01055	0.01616	0.02077	0.26932	0.14445	0.43077	0.01645	0.00800	0.00227	0.00339	0.01412	0.00659	0.00585
4	0.01634	0.01580	0.02787	0.19120	0.35760	0.01637	0.17310	0.07860	0.01640	0.02253	0.01299	0.01718	0.01022	0.00624	0.00695	0.00211	0.00889	0.00642	0.00356	0.00964
5	0.01847	0.20703	0.10128	0.04415	0.06692	0.11113	0.09326	0.15203	0.01806	0.02282	0.01340	0.01720	0.01110	0.01013	0.05925	0.00255	0.00948	0.02876	0.00395	0.00905
6	0.00861	0.00615	0.00828	0.00984	0.01042	0.00582	0.00698	0.01009	0.01327	0.01761	0.03674	0.64761	0.04343	0.02061	0.00868	0.00278	0.00427	0.12701	0.00622	0.00557
7	0.01965	0.01536	0.01968	0.28627	0.05409	0.01732	0.01477	0.33562	0.05708	0.05531	0.01519	0.01737	0.01105	0.00741	0.00664	0.00206	0.00771	0.00602	0.00515	0.04625
8	0.02506	0.03198	0.01901	0.01729	0.02074	0.73725	0.01296	0.02679	0.01901	0.01642	0.01037	0.01210	0.00864	0.00691	0.00605	0.00173	0.01210	0.00432	0.00346	0.00778
9	0.00818	0.00584	0.00779	0.00934	0.00973	0.00545	0.00623	0.00934	0.01285	0.01713	0.03698	0.75981	0.04438	0.02102	0.00856	0.00273	0.00389	0.01908	0.00623	0.00545
10	0.02551	0.01879	0.02014	0.01544	0.02081	0.02081	0.01275	0.69996	0.03155	0.04229	0.01611	0.01611	0.01141	0.00805	0.00671	0.00201	0.00738	0.00604	0.00671	0.01141
11	0.01391	0.01193	0.01391	0.00994	0.01590	0.00894	0.00795	0.01690	0.01391	0.02186	0.01193	0.01391	0.00994	0.00497	0.00497	0.00099	0.00497	0.00398	0.00398	0.80521
12	0.01201	0.05571	0.01261	0.01106	0.03881	0.06728	0.03139	0.01537	0.08205	0.01851	0.08485	0.04424	0.26023	0.19705	0.01389	0.00322	0.00580	0.03424	0.00521	0.00647
13	0.02447	0.01846	0.02096	0.01844	0.10263	0.02024	0.01367	0.62072	0.02965	0.03991	0.01570	0.01617	0.01132	0.00781	0.00670	0.00201	0.00745	0.00603	0.00632	0.01132
14	0.00818	0.00684	0.00715	0.00718	0.00936	0.00581	0.00545	0.01005	0.01558	0.01888	0.11572	0.06399	0.63877	0.01682	0.00799	0.00229	0.00351	0.04439	0.00632	0.00574
15	0.02294	0.02753	0.01795	0.01624	0.01953	0.58157	0.01231	0.07565	0.01882	0.01826	0.01186	0.01439	0.00998	0.01305	0.10797	0.00301	0.01256	0.00485	0.00372	0.00780
16	0.06638	0.05277	0.18547	0.01691	0.02225	0.22067	0.06290	0.10129	0.09319	0.02310	0.01462	0.01815	0.01180	0.00779	0.00707	0.00208	0.04031	0.04008	0.00419	0.00899
17	0.00797	0.00663	0.00697	0.00724	0.00918	0.00563	0.00529	0.00958	0.01487	0.01795	0.06263	0.18441	0.60322	0.01769	0.00804	0.00234	0.00348	0.01501	0.00623	0.00563
18	0.01045	0.00746	0.01039	0.01194	0.01332	0.00741	0.01017	0.01327	0.01508	0.01967	0.03573	0.17095	0.03942	0.01888	0.00917	0.00304	0.00586	0.58553	0.00619	0.00608
19	0.02284	0.01757	0.06054	0.01633	0.07229	0.07312	0.01273	0.34132	0.02361	0.16625	0.01970	0.10815	0.01600	0.00934	0.00687	0.00210	0.00720	0.00757	0.00621	0.01024
20	0.08210	0.28443	0.02389	0.01464	0.01894	0.43754	0.01202	0.02395	0.01658	0.01724	0.00993	0.01155	0.00853	0.00646	0.00530	0.00165	0.00988	0.00402	0.00331	0.00803
21	0.02572	0.01637	0.11638	0.01512	0.05486	0.01325	0.01304	0.15343	0.04847	0.43911	0.02189	0.02017	0.01438	0.00791	0.00669	0.00208	0.00670	0.00636	0.00694	0.01114
22	0.01669	0.01441	0.01517	0.01365	0.01745	0.01669	0.01062	0.03565	0.71021	0.02807	0.02731	0.02503	0.02048	0.00910	0.00683	0.00228	0.00531	0.00759	0.00683	0.01062
23	0.01794	0.76823	0.03516	0.01148	0.01722	0.02655	0.01148	0.02009	0.01363	0.01579	0.00933	0.01076	0.00861	0.00574	0.00431	0.00144	0.00718	0.00359	0.00287	0.00861
24	0.00861	0.00615	0.00828	0.00984	0.01041	0.00582	0.00698	0.01009	0.01327	0.01761	0.03674	0.64806	0.04344	0.02062	0.00868	0.00278	0.00427	0.12657	0.00622	0.00557
25	0.00953	0.00714	0.00914	0.01024	0.01180	0.00674	0.00839	0.01190	0.01496	0.01902	0.04511	0.18905	0.23557	0.01852	0.00876	0.00279	0.00499	0.37425	0.00620	0.00591
26	0.01053	0.00709	0.00930	0.00862	0.01038	0.00651	0.00651	0.01367	0.01900	0.06203	0.68406	0.04875	0.06097	0.01345	0.00786	0.00211	0.00329	0.01186	0.00743	0.00659
27	0.00823	0.00592	0.00780	0.00921	0.00972	0.00550	0.00619	0.00951	0.01322	0.01761	0.06934	0.70225	0.06957	0.02054	0.00851	0.00268	0.00384	0.01858	0.00628	0.00550
28	0.00793	0.00680	0.00680	0.00680	0.00906	0.00566	0.00510	0.00963	0.01529	0.01813	0.06797	0.06457	0.71961	0.01699	0.00793	0.00227	0.00340	0.01416	0.00623	0.00566
29	0.02551	0.01879	0.02014	0.01544	0.02081	0.02081	0.01275	0.69996	0.03155	0.04229	0.01611	0.01611	0.01141	0.00805	0.00671	0.00201	0.00738	0.00604	0.00671	0.01141
30	0.01695	0.01659	0.02690	0.04022	0.69402	0.04505	0.02028	0.02084	0.01543	0.02170	0.01253	0.01642	0.01055	0.00602	0.00662	0.00198	0.00814	0.00591	0.00333	0.01051
31	0.01661	0.01594	0.02724	0.04119	0.72233	0.01594	0.02059	0.02059	0.01528	0.02192	0.01262	0.01661	0.01063	0.00598	0.00664	0.00199	0.00797	0.00598	0.00332	0.01063
32	0.02424	0.03060	0.01914	0.01731	0.02049	0.68025	0.01310	0.02595	0.01832	0.01640	0.01025	0.01231	0.00866	0.00730	0.00732	0.00182	0.07094	0.00444	0.00342	0.00774
33	0.01279	0.01039	0.01527	0.01282	0.01466	0.01095	0.11740	0.09276	0.01363	0.01855	0.01939	0.08759	0.02035	0.38178	0.08455	0.00512	0.06223	0.00924	0.00431	0.00623
34	0.01346	0.03471	0.72942	0.01912	0.02904	0.01558	0.02479	0.02125	0.01417	0.02125	0.01204	0.01417	0.00850	0.00637	0.00637	0.00212	0.00992	0.00496	0.00283	0.00992
35	0.00805	0.00680	0.00697	0.00693	0.00914	0.00572	0.00519	0.00987	0.01558	0.01881	0.11874	0.06345	0.66841	0.01674	0.00793	0.00225	0.00338	0.01400	0.00632	0.00572
36	0.02506	0.03198	0.01901	0.01729	0.02074	0.73725	0.01296	0.02679	0.01901	0.01642	0.01037	0.01210	0.00864	0.00691	0.00605	0.00173	0.01210	0.00432	0.00346	0.00778
37	0.00959	0.00719	0.01078	0.01078	0.01198	0.00839	0.00839	0.01198	0.01078	0.01558	0.01797	0.02636	0.01677	0.05032	0.73760	0.01078	0.01797	0.00719	0.00359	0.00599
38	0.00976	0.00651	0.00732	0.00732	0.00732	0.00651	0.00407	0.00976	0.00976	0.01301	0.02114	0.04391	0.02439	0.76419	0.03415	0.00651	0.00651	0.00976	0.00407	0.00407
39	0.00976	0.00651	0.00732	0.00732	0.00732	0.00651	0.00407	0.00976	0.00976	0.01301	0.02114	0.04391	0.02439	0.76419	0.03415	0.00651	0.00651	0.00976	0.00407	0.00407
40	0.02303	0.01672	0.01783	0.01402	0.01875	0.01847	0.01147	0.55442	0.08045	0.03881	0.01776	0.01802	0.01290	0.00810	0.00644	0.00197	0.00663	0.00619	0.11738	0.01063
41	0.02745	0.01128	0.01502	0.01179	0.01659	0.01010	0.00964	0.03133	0.07146	0.61843	0.08160	0.02517	0.02062	0.00880	0.00685	0.00209	0.00548	0.00724	0.00812	0.01095
42	0.01012	0.00792	0.00981	0.00986	0.01224	0.00719	0.00812	0.01267	0.01496	0.01958	0.06762	0.05861	0.26554	0.01835	0.06326	0.00306	0.00584	0.28225	0.00574	0.11726

[dist]
# distance from previous block
# <min> <max>
0	2

[block]
# block no. 3 follows, 32 sequences, length 33
# corresponding to MSA columns:
# 420-452
name=unknown_D
#
# <colnr> <probs for GDERKNQSTAVLIFYWHMCP>
#	G	D	E	R	K	N	Q	S	T	A	V	L	I	F	Y	W	H	M	C	P
0	0.02809	0.01264	0.01608	0.01255	0.01761	0.01193	0.01030	0.11419	0.09548	0.56805	0.02530	0.02226	0.01640	0.00836	0.00675	0.00209	0.00587	0.00675	0.00795	0.01133
1	0.02365	0.03231	0.10544	0.01751	0.02175	0.64946	0.01440	0.02612	0.01842	0.01701	0.01057	0.01235	0.00863	0.00685	0.00609	0.00178	0.01183	0.00440	0.00338	0.00804
2	0.02423	0.06329	0.01953	0.01673	0.02038	0.63359	0.01274	0.05177	0.06297	0.01808	0.01161	0.01301	0.00949	0.00704	0.00605	0.00176	0.01128	0.00456	0.00376	0.00813
3	0.11367	0.01466	0.01642	0.01416	0.01826	0.01667	0.05821	0.05831	0.55066	0.02841	0.02374	0.02249	0.01781	0.00847	0.00657	0.00224	0.00579	0.00707	0.00626	0.01013
4	0.01638	0.01591	0.02778	0.07188	0.64420	0.01597	0.06773	0.02050	0.01523	0.02168	0.01266	0.01677	0.01052	0.00599	0.00673	0.00202	0.00825	0.00611	0.00331	0.01038
5	0.00813	0.00686	0.00708	0.00718	0.00940	0.00581	0.00550	0.00993	0.01530	0.01826	0.06571	0.06535	0.67214	0.01710	0.00802	0.00232	0.00359	0.06038	0.00623	0.00570
6	0.00818	0.00584	0.00779	0.00934	0.00973	0.00545	0.00623	0.00934	0.01285	0.01713	0.03698	0.75981	0.04438	0.02102	0.00856	0.00273	0.00389	0.01908	0.00623	0.00545
7	0.00976	0.00651	0.00732	0.00732	0.00732	0.00651	0.00407	0.00976	0.00976	0.01301	0.02114	0.04391	0.02439	0.76419	0.03415	0.00651	0.00651	0.00976	0.00407	0.00407
8	0.01267	0.01193	0.02013	0.74806	0.04621	0.01491	0.01863	0.01714	0.01342	0.01714	0.01193	0.01789	0.00894	0.00671	0.00671	0.00224	0.00894	0.00596	0.00298	0.00745
9	0.00843	0.00692	0.00750	0.00763	0.00974	0.00598	0.00591	0.01044	0.01567	0.01921	0.12679	0.06453	0.57348	0.01687	0.00809	0.00235	0.00371	0.09462	0.00634	0.00579
10	0.00976	0.00651	0.00732	0.00732	0.00732	0.00651	0.00407	0.00976	0.00976	0.01301	0.02114	0.04391	0.02439	0.76419	0.03415	0.00651	0.00651	0.00976	0.00407	0.00407
11	0.00972	0.00666	0.00808	0.00808	0.00834	0.00692	0.00502	0.01025	0.00998	0.01357	0.02044	0.04005	0.02272	0.60723	0.18882	0.00745	0.00903	0.00919	0.00396	0.00449
12	0.01492	0.01227	0.01457	0.04388	0.01757	0.00986	0.00874	0.05275	0.01496	0.04287	0.01256	0.01446	0.01016	0.00530	0.00519	0.00113	0.00530	0.00425	0.00420	0.70507
13	0.00817	0.00676	0.00720	0.00748	0.00949	0.00579	0.00564	0.00991	0.01503	0.01816	0.06218	0.14244	0.59527	0.01755	0.00810	0.00238	0.00366	0.06290	0.00623	0.00568
14	0.06399	0.10312	0.02034	0.10442	0.02281	0.35875	0.01294	0.14188	0.01956	0.07356	0.01257	0.01408	0.00967	0.00703	0.00601	0.00185	0.00955	0.00488	0.00429	0.00870
15	0.02069	0.01546	0.01660	0.01360	0.01805	0.01698	0.01095	0.35701	0.25512	0.07311	0.02674	0.02536	0.10088	0.00951	0.00690	0.00214	0.00611	0.00758	0.00678	0.01045
16	0.01011	0.00704	0.00887	0.00831	0.01016	0.00637	0.00627	0.01299	0.01836	0.05541	0.57579	0.05147	0.17557	0.01406	0.00787	0.00214	0.00332	0.01226	0.00722	0.00643
17	0.01372	0.00935	0.01116	0.01008	0.01266	0.00932	0.00774	0.05860	0.14548	0.10251	0.35514	0.09603	0.11536	0.01285	0.00757	0.00219	0.00416	0.01110	0.00713	0.00783
18	0.05373	0.08130	0.01994	0.01635	0.02022	0.57821	0.01263	0.10363	0.01980	0.01986	0.01092	0.01242	0.00891	0.00694	0.00593	0.00175	0.01096	0.00444	0.00382	0.00824
19	0.01318	0.00690	0.00697	0.00673	0.00849	0.00701	0.00511	0.05104	0.01498	0.02591	0.02159	0.02455	0.01690	0.00783	0.00480	0.00159	0.00335	0.00624	0.76032	0.00652
20	0.02443	0.01826	0.01953	0.01522	0.02040	0.02031	0.01249	0.61915	0.11411	0.04056	0.01747	0.01720	0.01251	0.00818	0.00673	0.00205	0.00713	0.00623	0.00673	0.01131
21	0.00835	0.00606	0.00789	0.00903	0.00973	0.00559	0.00616	0.00985	0.01392	0.01862	0.13821	0.60601	0.09646	0.01967	0.00842	0.00260	0.00375	0.01771	0.00640	0.00559
22	0.01783	0.01369	0.01489	0.01278	0.01656	0.01505	0.01008	0.21125	0.33611	0.06045	0.09543	0.06523	0.08012	0.01048	0.00708	0.00220	0.00546	0.00869	0.00684	0.00979
23	0.01063	0.00748	0.00972	0.01075	0.03197	0.00734	0.00727	0.04756	0.04016	0.04461	0.08263	0.53646	0.03932	0.05332	0.03459	0.00303	0.00486	0.01581	0.00616	0.00633
24	0.01600	0.07936	0.50486	0.01793	0.02602	0.01672	0.03832	0.07078	0.01549	0.07330	0.01298	0.01485	0.00938	0.00701	0.00758	0.00214	0.06871	0.00522	0.00354	0.00982
25	0.02236	0.01735	0.01800	0.01560	0.05105	0.08326	0.01193	0.29087	0.24543	0.11474	0.02010	0.01935	0.01460	0.00811	0.00663	0.00204	0.00689	0.00639	0.00639	0.03893
26	0.05809	0.33930	0.18773	0.01355	0.01960	0.04872	0.01395	0.07611	0.08790	0.02138	0.01650	0.01727	0.05954	0.00728	0.00555	0.00183	0.00746	0.00528	0.00391	0.00904
27	0.05810	0.37775	0.15964	0.01365	0.01968	0.02148	0.01385	0.10125	0.10051	0.04028	0.01324	0.01416	0.01050	0.00676	0.00572	0.00182	0.02347	0.00475	0.00400	0.00940
28	0.03806	0.16978	0.04989	0.01169	0.01567	0.06495	0.01007	0.12378	0.05349	0.07549	0.02940	0.12587	0.16328	0.01133	0.00667	0.00208	0.00617	0.02874	0.00539	0.00822
29	0.01213	0.01106	0.04486	0.01324	0.08807	0.00961	0.00941	0.07349	0.05218	0.02208	0.06744	0.16858	0.24152	0.01304	0.00728	0.00212	0.00501	0.03011	0.00556	0.12319
30	0.01572	0.05372	0.08140	0.07334	0.12219	0.06164	0.01338	0.07147	0.11822	0.04861	0.07331	0.02753	0.13384	0.00965	0.00800	0.00215	0.06445	0.00772	0.00493	0.00874
31	0.05815	0.15286	0.02001	0.04039	0.01898	0.17813	0.01128	0.18415	0.05022	0.04274	0.01520	0.04204	0.02480	0.00915	0.03296	0.00211	0.00814	0.00561	0.00464	0.09844
32	0.18324	0.20819	0.05861	0.01605	0.07613	0.10623	0.04845	0.14353	0.03058	0.02490	0.01197	0.01380	0.00961	0.00815	0.03238	0.00219	0.00818	0.00483	0.00406	0.00893

[dist]
# distance from previous block
# <min> <max>
0	34

[block]
# block no. 4 follows, 32 sequences, length 28
# corresponding to MSA columns:
# 487-514
name=unknown_E
#
# <colnr> <probs for GDERKNQSTAVLIFYWHMCP>
#	G	D	E	R	K	N	Q	S	T	A	V	L	I	F	Y	W	H	M	C	P
0	0.09596	0.15440	0.06563	0.08951	0.10253	0.17904	0.01381	0.08215	0.03860	0.06306	0.01265	0.01444	0.00990	0.00663	0.00578	0.00184	0.00829	0.00489	0.00402	0.04687
1	0.07310	0.18692	0.13415	0.01375	0.01918	0.07995	0.03202	0.08015	0.10030	0.07492	0.01648	0.01793	0.03236	0.03097	0.02735	0.00225	0.00774	0.00554	0.00445	0.06048
2	0.02008	0.12486	0.02160	0.03965	0.13787	0.05562	0.03260	0.12192	0.13996	0.13659	0.01818	0.04574	0.01419	0.00773	0.00634	0.00195	0.00697	0.00639	0.00530	0.05648
3	0.04722	0.26651	0.17108	0.01431	0.01987	0.10068	0.03935	0.08439	0.04323	0.02135	0.04463	0.07104	0.03352	0.00813	0.00595	0.00190	0.00783	0.00629	0.00404	0.00869
4	0.02023	0.01966	0.02452	0.05501	0.30970	0.16460	0.08138	0.15418	0.01918	0.04699	0.01324	0.01592	0.01041	0.00680	0.00708	0.00201	0.02921	0.00586	0.00415	0.00986
5	0.01039	0.00764	0.00996	0.00962	0.01079	0.00749	0.03505	0.03120	0.01346	0.03671	0.08481	0.28021	0.13685	0.24786	0.01670	0.00373	0.03311	0.01326	0.00547	0.00568
6	0.35919	0.01166	0.01182	0.00994	0.01385	0.01228	0.00800	0.07499	0.01542	0.23490	0.01729	0.01906	0.01285	0.06280	0.02703	0.00257	0.00574	0.00554	0.08663	0.00845
7	0.01431	0.03451	0.67758	0.01899	0.02844	0.06825	0.02393	0.02165	0.01452	0.02090	0.01192	0.01402	0.00851	0.00641	0.00635	0.00210	0.01008	0.00491	0.00288	0.00976
8	0.00818	0.00584	0.00779	0.00934	0.00973	0.00545	0.00623	0.00934	0.01285	0.01713	0.03698	0.75981	0.04438	0.02102	0.00856	0.00273	0.00389	0.01908	0.00623	0.00545
9	0.01579	0.01533	0.02677	0.17661	0.54174	0.01582	0.06965	0.01999	0.01496	0.02097	0.01256	0.01696	0.01027	0.00610	0.00675	0.00206	0.00840	0.00612	0.00326	0.00990
10	0.00821	0.00594	0.00777	0.00915	0.00970	0.00550	0.00616	0.00949	0.01324	0.01756	0.06486	0.68871	0.08796	0.02049	0.00850	0.00267	0.00383	0.01850	0.00627	0.00550
11	0.02144	0.08113	0.01929	0.01584	0.04852	0.20800	0.01209	0.15800	0.27338	0.06598	0.01858	0.01828	0.01403	0.00788	0.00638	0.00199	0.00778	0.00599	0.00553	0.00990
12	0.00892	0.00646	0.00843	0.00872	0.00987	0.00596	0.00624	0.01126	0.01648	0.02279	0.42986	0.32433	0.08228	0.01666	0.00817	0.00235	0.00346	0.01489	0.00689	0.00596
13	0.02166	0.13336	0.02271	0.01545	0.02055	0.05058	0.06210	0.37026	0.17788	0.03246	0.01713	0.01725	0.01279	0.00771	0.00643	0.00199	0.00738	0.00607	0.00577	0.01048
14	0.01514	0.01445	0.02459	0.30432	0.47064	0.01556	0.01986	0.01931	0.01459	0.02014	0.01236	0.01708	0.01000	0.00625	0.00667	0.00208	0.00833	0.00597	0.00319	0.00945
15	0.01920	0.01506	0.01675	0.01245	0.01814	0.01435	0.01014	0.32825	0.02195	0.03117	0.01383	0.01491	0.01061	0.00638	0.00576	0.00146	0.00607	0.00492	0.00522	0.44338
16	0.01391	0.01193	0.01391	0.00994	0.01590	0.00894	0.00795	0.01690	0.01391	0.02186	0.01193	0.01391	0.00994	0.00497	0.00497	0.00099	0.00497	0.00398	0.00398	0.80521
17	0.01998	0.02171	0.01944	0.02136	0.17933	0.30163	0.01382	0.02872	0.27840	0.02206	0.01726	0.01800	0.01355	0.00753	0.00648	0.00199	0.00860	0.00593	0.00470	0.00950
18	0.00976	0.00651	0.00732	0.00732	0.00732	0.00651	0.00407	0.00976	0.00976	0.01301	0.02114	0.04391	0.02439	0.76419	0.03415	0.00651	0.00651	0.00976	0.00407	0.00407
19	0.03010	0.01142	0.01557	0.01194	0.01713	0.00986	0.00986	0.03270	0.01920	0.72698	0.02647	0.02284	0.01661	0.00830	0.00675	0.00208	0.00571	0.00675	0.00830	0.01142
20	0.00950	0.00686	0.00897	0.00844	0.01002	0.00633	0.00633	0.01266	0.01899	0.02691	0.71879	0.05012	0.06331	0.01372	0.00791	0.00211	0.00317	0.01213	0.00739	0.00633
21	0.01023	0.00798	0.01139	0.01104	0.01190	0.00954	0.00844	0.01212	0.01056	0.01523	0.01739	0.02782	0.01706	0.16214	0.53690	0.00914	0.10426	0.00745	0.00359	0.00584
22	0.00974	0.00656	0.00760	0.00760	0.00770	0.00666	0.00442	0.00994	0.00984	0.01322	0.02088	0.04248	0.02377	0.70609	0.09141	0.00685	0.00744	0.00955	0.00403	0.00422
23	0.01543	0.01130	0.01295	0.01172	0.01431	0.01187	0.00890	0.29519	0.02110	0.02828	0.07902	0.38007	0.05194	0.01501	0.00773	0.00237	0.00527	0.01303	0.00651	0.00799
24	0.04509	0.35145	0.13120	0.01464	0.02020	0.25082	0.01388	0.06717	0.01654	0.01900	0.01051	0.01205	0.00875	0.00638	0.00532	0.00169	0.00910	0.00419	0.00335	0.00868
25	0.12904	0.04205	0.12138	0.01534	0.02043	0.14355	0.06479	0.10501	0.08138	0.11062	0.01744	0.02209	0.01398	0.00830	0.00649	0.00213	0.00806	0.07379	0.00501	0.00911
26	0.02076	0.04831	0.01719	0.01383	0.01782	0.22878	0.01090	0.22278	0.06820	0.05833	0.10892	0.04466	0.04125	0.00893	0.00657	0.00190	0.00762	0.00689	0.00556	0.06079
27	0.04369	0.35857	0.09443	0.01267	0.01809	0.12121	0.01199	0.02106	0.01493	0.06996	0.04005	0.01474	0.01181	0.00812	0.03355	0.00195	0.00796	0.00459	0.00373	0.10689

[dist]
# distance from previous block
# <min> <max>
0	8

[block]
# block no. 5 follows, 32 sequences, length 19
# corresponding to MSA columns:
# 523-541
name=unknown_F
#
# <colnr> <probs for GDERKNQSTAVLIFYWHMCP>
#	G	D	E	R	K	N	Q	S	T	A	V	L	I	F	Y	W	H	M	C	P
0	0.06370	0.01955	0.02145	0.01747	0.04222	0.15289	0.11030	0.28882	0.07546	0.11681	0.01635	0.01690	0.01181	0.00745	0.00664	0.00203	0.00837	0.00607	0.00560	0.01010
1	0.02506	0.03198	0.01901	0.01729	0.02074	0.73725	0.01296	0.02679	0.01901	0.01642	0.01037	0.01210	0.00864	0.00691	0.00605	0.00173	0.01210	0.00432	0.00346	0.00778
2	0.01544	0.01746	0.03794	0.02729	0.03375	0.01637	0.66192	0.02086	0.01568	0.02127	0.01479	0.05675	0.01196	0.00646	0.00795	0.00229	0.01093	0.00850	0.00354	0.00886
3	0.01166	0.00583	0.00874	0.00874	0.00874	0.00583	0.00583	0.00874	0.00874	0.01166	0.01166	0.02040	0.01166	0.02331	0.02622	0.80478	0.00583	0.00583	0.00291	0.00291
4	0.02361	0.01726	0.01871	0.01461	0.01946	0.01910	0.01201	0.61169	0.02904	0.03933	0.01655	0.01736	0.01212	0.01135	0.06384	0.00268	0.00800	0.00614	0.04642	0.01073
5	0.00799	0.00656	0.00704	0.00742	0.00923	0.00561	0.00538	0.00956	0.01469	0.01788	0.06037	0.23510	0.55399	0.01798	0.00809	0.00238	0.00352	0.01537	0.00623	0.00561
6	0.01251	0.00625	0.00625	0.00625	0.00782	0.00625	0.00469	0.01563	0.01407	0.02502	0.02189	0.02502	0.01720	0.00782	0.00469	0.00156	0.00313	0.00625	0.80144	0.00625
7	0.10794	0.25144	0.43791	0.01564	0.02363	0.01880	0.01877	0.02073	0.01369	0.02065	0.01092	0.01277	0.00839	0.00617	0.00550	0.00191	0.00855	0.00439	0.00300	0.00922
8	0.01794	0.76823	0.03516	0.01148	0.01722	0.02655	0.01148	0.02009	0.01363	0.01579	0.00933	0.01076	0.00861	0.00574	0.00431	0.00144	0.00718	0.00359	0.00287	0.00861
9	0.00976	0.00651	0.00732	0.00732	0.00732	0.00651	0.00407	0.00976	0.00976	0.01301	0.02114	0.04391	0.02439	0.76419	0.03415	0.00651	0.00651	0.00976	0.00407	0.00407
