[name]
unknown

[dist]
# distance from previous block
# <min> <max>
0	18

[block]
# block no. 0 follows, 32 sequences, length 30
# corresponding to MSA columns:
# 18-47
name=unknown_A
#
# <colnr> <probs for GDERKNQSTAVLIFYWHMCP>
#	G	D	E	R	K	N	Q	S	T	A	V	L	I	F	Y	W	H	M	C	P
0	0.04276	0.01695	0.10967	0.01560	0.09602	0.11409	0.01228	0.10262	0.01760	0.02241	0.03386	0.03827	0.25296	0.01158	0.00718	0.00219	0.00690	0.08410	0.00504	0.00793
1	0.02426	0.11513	0.02084	0.01663	0.02035	0.65699	0.01280	0.02604	0.01841	0.01635	0.01025	0.01195	0.00864	0.00678	0.00585	0.00170	0.01154	0.00424	0.00339	0.00787
2	0.01329	0.06445	0.34992	0.02071	0.14875	0.01399	0.05765	0.01861	0.01487	0.02129	0.10226	0.10772	0.02001	0.00887	0.00685	0.00214	0.00795	0.00780	0.00392	0.00895
3	0.00959	0.00719	0.01078	0.01078	0.01198	0.00839	0.00839	0.01198	0.01078	0.01558	0.01797	0.02636	0.01677	0.05032	0.73760	0.01078	0.01797	0.00719	0.00359	0.00599
4	0.01484	0.01135	0.01330	0.01310	0.06157	0.01198	0.00939	0.02511	0.33872	0.08594	0.19221	0.03611	0.13596	0.01109	0.00723	0.00220	0.00474	0.00946	0.00676	0.00894
5	0.03516	0.01375	0.02222	0.13687	0.35054	0.01385	0.04659	0.03609	0.01608	0.18812	0.01694	0.04475	0.01308	0.00725	0.00670	0.00208	0.00739	0.00667	0.02596	0.00991
6	0.01386	0.01364	0.02070	0.63427	0.10661	0.06331	0.01844	0.01811	0.01396	0.01753	0.01189	0.01738	0.00908	0.00666	0.00666	0.00218	0.00907	0.00585	0.00304	0.00777
7	0.01683	0.01591	0.02655	0.07742	0.59481	0.01621	0.04743	0.05711	0.04041	0.02294	0.01332	0.01701	0.01090	0.00623	0.00671	0.00203	0.00804	0.00612	0.00361	0.01043
8	0.00950	0.00686	0.00897	0.00844	0.01002	0.00633	0.00633	0.01266	0.01899	0.02691	0.71879	0.05012	0.06331	0.01372	0.00791	0.00211	0.00317	0.01213	0.00739	0.00633
9	0.05297	0.01241	0.01583	0.01223	0.01728	0.01154	0.01008	0.13244	0.02082	0.57450	0.05127	0.02251	0.01735	0.00841	0.00671	0.00207	0.00585	0.00675	0.00790	0.01109
10	0.01691	0.03388	0.01628	0.03815	0.01748	0.01083	0.09395	0.05102	0.08423	0.20401	0.06747	0.24854	0.06313	0.01252	0.00750	0.00231	0.00578	0.01124	0.00635	0.00843
11	0.01747	0.01477	0.02519	0.16781	0.47320	0.01507	0.05674	0.02147	0.01544	0.10657	0.01423	0.01768	0.01102	0.00638	0.00674	0.00206	0.00806	0.00618	0.00387	0.01005
12	0.01845	0.71754	0.03414	0.01175	0.01746	0.02616	0.01157	0.06607	0.01485	0.01758	0.00979	0.01113	0.00880	0.00590	0.00447	0.00147	0.00719	0.00375	0.00313	0.00880
13	0.02036	0.01159	0.01494	0.08016	0.01918	0.01181	0.01123	0.09990	0.11588	0.27955	0.02758	0.03725	0.03926	0.01122	0.00746	0.00239	0.00621	0.18785	0.00681	0.00938
14	0.10678	0.01695	0.03100	0.04804	0.18029	0.01687	0.38329	0.09088	0.01677	0.02458	0.01310	0.01675	0.01004	0.00607	0.00706	0.00216	0.00942	0.00677	0.00379	0.00939
15	0.06705	0.01322	0.01502	0.01161	0.01668	0.01253	0.00939	0.17813	0.06595	0.16946	0.01782	0.03731	0.01342	0.00726	0.00589	0.00167	0.00560	0.00574	0.04128	0.30498
16	0.01251	0.00625	0.00625	0.00625	0.00782	0.00625	0.00469	0.01563	0.01407	0.02502	0.02189	0.02502	0.01720	0.00782	0.00469	0.00156	0.00313	0.00625	0.80144	0.00625
17	0.01020	0.00673	0.00883	0.00967	0.01089	0.00630	0.00710	0.01192	0.01402	0.06903	0.05504	0.46221	0.12960	0.02069	0.04913	0.00310	0.00505	0.10818	0.00625	0.00606
18	0.00836	0.00676	0.00743	0.00738	0.00936	0.00583	0.00549	0.01042	0.01614	0.02041	0.23939	0.09954	0.50731	0.01635	0.00796	0.00225	0.00336	0.01390	0.00654	0.00583
19	0.01251	0.00625	0.00625	0.00625	0.00782	0.00625	0.00469	0.01563	0.01407	0.02502	0.02189	0.02502	0.01720	0.00782	0.00469	0.00156	0.00313	0.00625	0.80144	0.00625
20	0.07932	0.09979	0.02104	0.01514	0.01859	0.03512	0.10078	0.19489	0.01740	0.02447	0.01508	0.06845	0.01383	0.07832	0.05981	0.00316	0.13506	0.00704	0.00445	0.00827
21	0.01622	0.01539	0.02247	0.14594	0.41308	0.06027	0.01728	0.06056	0.06158	0.02196	0.01592	0.08971	0.01423	0.00795	0.00682	0.00211	0.00778	0.00726	0.00399	0.00948
22	0.01358	0.01153	0.01419	0.09343	0.01885	0.00967	0.00915	0.04031	0.01437	0.02155	0.01472	0.09330	0.01352	0.00697	0.00561	0.00135	0.00539	0.00587	0.00420	0.60245
23	0.01969	0.01521	0.01635	0.01395	0.01820	0.01716	0.01106	0.18924	0.50378	0.08124	0.02466	0.02281	0.01811	0.00880	0.00680	0.00220	0.00582	0.00717	0.00691	0.01086
24	0.01555	0.04357	0.04052	0.01349	0.01724	0.05437	0.05607	0.02700	0.37458	0.04713	0.18378	0.02976	0.04837	0.00979	0.00702	0.00216	0.00579	0.00839	0.00628	0.00915
25	0.01464	0.01176	0.01270	0.01159	0.01463	0.01315	0.00894	0.02822	0.47429	0.02742	0.17012	0.03024	0.02894	0.00989	0.00677	0.00215	0.00458	0.00835	0.11247	0.00915
26	0.00970	0.00682	0.00879	0.00830	0.00988	0.00633	0.00622	0.01286	0.01866	0.02678	0.67219	0.04844	0.06023	0.01332	0.00770	0.00207	0.00316	0.01174	0.06049	0.00633
27	0.00835	0.00597	0.00799	0.00955	0.01001	0.00560	0.00654	0.00965	0.01302	0.01733	0.03688	0.71354	0.04399	0.02085	0.00861	0.00275	0.00405	0.06359	0.00623	0.00550
28	0.01022	0.00780	0.01068	0.01035	0.01099	0.00911	0.00759	0.01168	0.01037	0.01475	0.01804	0.03115	0.01853	0.29459	0.41179	0.00841	0.09687	0.00793	0.00368	0.00547
29	0.02324	0.02846	0.01849	0.01653	0.01992	0.62260	0.04256	0.02530	0.01831	0.01762	0.01182	0.01383	0.00968	0.00696	0.00598	0.00173	0.01105	0.00470	0.09357	0.00766

[dist]
# distance from previous block
# <min> <max>
0	7

[block]
# block no. 1 follows, 32 sequences, length 43
# corresponding to MSA columns:
# 55-97
name=unknown_B
#
# <colnr> <probs for GDERKNQSTAVLIFYWHMCP>
#	G	D	E	R	K	N	Q	S	T	A	V	L	I	F	Y	W	H	M	C	P
0	0.55824	0.01195	0.01005	0.00904	0.01275	0.01332	0.00728	0.07365	0.01385	0.02825	0.02184	0.06435	0.13523	0.00914	0.00529	0.00214	0.00498	0.00659	0.00485	0.00722
1	0.08083	0.01330	0.01984	0.03569	0.07210	0.01169	0.15338	0.01864	0.01448	0.04854	0.01512	0.01851	0.03387	0.00622	0.00597	0.00159	0.00665	0.02382	0.00409	0.41567
2	0.01794	0.76823	0.03516	0.01148	0.01722	0.02655	0.01148	0.02009	0.01363	0.01579	0.00933	0.01076	0.00861	0.00574	0.00431	0.00144	0.00718	0.00359	0.00287	0.00861
3	0.01148	0.00583	0.00869	0.00877	0.00879	0.00581	0.00585	0.00877	0.00894	0.01193	0.01291	0.05694	0.01327	0.02320	0.02535	0.76514	0.00573	0.00648	0.00308	0.00304
4	0.00913	0.00644	0.00731	0.00759	0.00808	0.00616	0.00465	0.00966	0.01134	0.01470	0.03262	0.17855	0.15551	0.49136	0.02467	0.00504	0.00546	0.01227	0.00486	0.00461
5	0.00979	0.00741	0.01085	0.01075	0.01180	0.00867	0.00826	0.01195	0.01068	0.01538	0.01790	0.02739	0.01712	0.10801	0.65332	0.01014	0.04374	0.00735	0.00361	0.00588
6	0.01657	0.01225	0.01291	0.01138	0.01464	0.01364	0.00891	0.14147	0.34441	0.02946	0.04951	0.02445	0.01948	0.00868	0.00616	0.00200	0.00488	0.00706	0.26296	0.00919
7	0.01251	0.00625	0.00625	0.00625	0.00782	0.00625	0.00469	0.01563	0.01407	0.02502	0.02189	0.02502	0.01720	0.00782	0.00469	0.00156	0.00313	0.00625	0.80144	0.00625
8	0.01686	0.43758	0.25273	0.01418	0.02116	0.04601	0.01561	0.04899	0.01475	0.01899	0.01065	0.01229	0.00877	0.00604	0.00516	0.00166	0.00810	0.00417	0.00310	0.05322
9	0.00811	0.00644	0.00729	0.00786	0.00937	0.00562	0.00560	0.00969	0.01456	0.01823	0.09218	0.32916	0.42552	0.01835	0.00817	0.00243	0.00357	0.01592	0.00629	0.00562
10	0.01468	0.01468	0.02055	0.01762	0.01762	0.02055	0.01468	0.01615	0.01028	0.01615	0.00881	0.01468	0.00881	0.01174	0.02202	0.00294	0.75191	0.00587	0.00294	0.00734
11	0.00836	0.00598	0.00774	0.00902	0.00949	0.00559	0.00599	0.00951	0.01289	0.01714	0.06102	0.63900	0.07267	0.08844	0.01085	0.00303	0.00408	0.01776	0.00607	0.00536
12	0.01442	0.07133	0.09731	0.04655	0.10193	0.01571	0.30919	0.01889	0.01509	0.02077	0.08646	0.05378	0.03901	0.00815	0.00852	0.00222	0.07029	0.00798	0.00386	0.00854
13	0.01885	0.67444	0.03310	0.01222	0.01767	0.11708	0.01167	0.02095	0.01432	0.01587	0.00946	0.01093	0.00861	0.00589	0.00453	0.00147	0.00780	0.00368	0.00295	0.00850
14	0.02506	0.03198	0.01901	0.01729	0.02074	0.73725	0.01296	0.02679	0.01901	0.01642	0.01037	0.01210	0.00864	0.00691	0.00605	0.00173	0.01210	0.00432	0.00346	0.00778
15	0.01492	0.01186	0.01382	0.01025	0.01577	0.00948	0.00817	0.04025	0.04397	0.06156	0.01631	0.03769	0.03830	0.00633	0.00541	0.00124	0.00501	0.00515	0.00457	0.64995
16	0.08908	0.01701	0.03286	0.02408	0.02999	0.01675	0.51096	0.08423	0.01670	0.02398	0.01449	0.02034	0.01156	0.00684	0.00799	0.00229	0.03370	0.04434	0.00391	0.00889
17	0.00967	0.00647	0.00734	0.00743	0.00745	0.00645	0.00419	0.00973	0.00993	0.01324	0.02202	0.08355	0.02550	0.72304	0.03274	0.00630	0.00636	0.01027	0.00419	0.00414
18	0.02146	0.00951	0.01280	0.01047	0.01415	0.00838	0.00838	0.02430	0.01912	0.43345	0.31676	0.03428	0.03619	0.01057	0.00724	0.00209	0.00464	0.00901	0.00792	0.00929
19	0.01340	0.01239	0.01976	0.08907	0.12949	0.01261	0.14521	0.03306	0.13164	0.02283	0.13949	0.06834	0.11963	0.01031	0.00746	0.00223	0.00662	0.02295	0.00521	0.00831
20	0.01391	0.01193	0.01391	0.00994	0.01590	0.00894	0.00795	0.01690	0.01391	0.02186	0.01193	0.01391	0.00994	0.00497	0.00497	0.00099	0.00497	0.00398	0.00398	0.80521
21	0.01093	0.00945	0.00948	0.00931	0.01128	0.06732	0.00694	0.05376	0.01694	0.02137	0.20540	0.20238	0.29643	0.01576	0.00788	0.00230	0.00451	0.03596	0.00630	0.00632
22	0.01029	0.00831	0.01297	0.01218	0.01356	0.00976	0.04296	0.01278	0.01099	0.01591	0.01704	0.02504	0.01583	0.04510	0.64559	0.00975	0.07503	0.00712	0.00353	0.00625
23	0.06838	0.03668	0.01803	0.01375	0.01887	0.04070	0.01122	0.39916	0.12631	0.03426	0.01624	0.01645	0.01207	0.00745	0.00618	0.00185	0.00666	0.00563	0.00588	0.15423
24	0.01754	0.04063	0.07518	0.02546	0.27377	0.01572	0.10556	0.08041	0.12651	0.07331	0.01814	0.02077	0.03119	0.00734	0.00679	0.00206	0.00761	0.02348	0.00464	0.04388
25	0.01660	0.04907	0.52700	0.01783	0.02615	0.03562	0.02117	0.09420	0.01638	0.08140	0.01341	0.01497	0.00950	0.00695	0.00706	0.00212	0.04165	0.00521	0.00372	0.01000
26	0.00959	0.00719	0.01078	0.01078	0.01198	0.00839	0.00839	0.01198	0.01078	0.01558	0.01797	0.02636	0.01677	0.05032	0.73760	0.01078	0.01797	0.00719	0.00359	0.00599
27	0.01619	0.02064	0.12808	0.02023	0.10000	0.16650	0.09388	0.02012	0.03902	0.01874	0.01564	0.03878	0.04621	0.01192	0.06566	0.00291	0.17707	0.00659	0.00357	0.00827
28	0.01808	0.35736	0.21312	0.05096	0.02235	0.08943	0.01561	0.06703	0.01559	0.04930	0.01143	0.01315	0.00914	0.00655	0.00606	0.00181	0.03601	0.00452	0.00341	0.00908
29	0.02440	0.01229	0.04165	0.04415	0.01804	0.01092	0.01049	0.06667	0.07497	0.47607	0.06933	0.05770	0.04352	0.00940	0.00693	0.00213	0.00576	0.00780	0.00744	0.01036
30	0.00908	0.00635	0.00813	0.00874	0.00979	0.00592	0.00624	0.01120	0.01532	0.02136	0.27524	0.38833	0.08560	0.01707	0.00801	0.00240	0.00363	0.03928	0.07245	0.00586
31	0.04778	0.09069	0.23483	0.07790	0.07770	0.01570	0.04477	0.07757	0.07580	0.10575	0.04757	0.01991	0.03989	0.00758	0.00644	0.00207	0.00768	0.00624	0.00458	0.00955
32	0.03373	0.04780	0.14742	0.18623	0.22736	0.08646	0.06035	0.03650	0.04421	0.02064	0.01256	0.01604	0.00988	0.00667	0.00707	0.00209	0.03673	0.00568	0.00339	0.00917
33	0.00983	0.00656	0.00865	0.00956	0.01061	0.00615	0.00699	0.01175	0.01459	0.04809	0.14270	0.46282	0.06817	0.01834	0.00832	0.00260	0.00415	0.11688	0.03725	0.00598
34	0.01767	0.01613	0.02652	0.09918	0.50458	0.04691	0.08697	0.02165	0.01566	0.07957	0.01370	0.01719	0.01084	0.00624	0.00676	0.00204	0.00838	0.00616	0.00372	0.01013
35	0.01470	0.04793	0.13351	0.12888	0.02392	0.04076	0.09508	0.03712	0.04882	0.07379	0.10902	0.08596	0.05606	0.00963	0.00705	0.00215	0.00729	0.02956	0.00483	0.04396
36	0.00990	0.00771	0.00897	0.00961	0.01069	0.03479	0.00676	0.01289	0.06258	0.02059	0.20488	0.47605	0.04507	0.01734	0.00804	0.00246	0.00410	0.01551	0.03592	0.00615
37	0.05227	0.04687	0.02603	0.06298	0.55186	0.01584	0.04377	0.02144	0.01531	0.08018	0.01350	0.01673	0.01081	0.00619	0.00649	0.00200	0.00779	0.00591	0.00374	0.01028
38	0.05048	0.06538	0.12235	0.06843	0.02630	0.03497	0.22725	0.12777	0.01771	0.07729	0.01605	0.05638	0.01307	0.00770	0.00690	0.00213	0.00865	0.03170	0.00445	0.03504
39	0.01590	0.01783	0.13023	0.13676	0.26682	0.01499	0.17634	0.02069	0.01510	0.06742	0.01436	0.04187	0.01146	0.00669	0.00693	0.00211	0.00879	0.00670	0.00366	0.03536
40	0.01016	0.00695	0.00862	0.00920	0.01057	0.00642	0.00660	0.03460	0.01486	0.05988	0.08176	0.46612	0.19486	0.01842	0.00825	0.00254	0.00406	0.04358	0.00643	0.00613
41	0.14413	0.19988	0.08357	0.01528	0.05985	0.11698	0.04110	0.02498	0.09400	0.13767	0.01494	0.01552	0.01124	0.00685	0.00568	0.00190	0.00755	0.00511	0.00454	0.00923
42	0.03569	0.01457	0.05022	0.07751	0.11152	0.03227	0.05532	0.14939	0.05789	0.13949	0.17915	0.02556	0.02405	0.00879	0.00698	0.00209	0.00667	0.00760	0.00586	0.00937

[dist]
# distance from previous block
# <min> <max>
1	7

[block]
# block no. 2 follows, 32 sequences, length 25
# corresponding to MSA columns:
# 105-129
name=unknown_C
#
# <colnr> <probs for GDERKNQSTAVLIFYWHMCP>
#	G	D	E	R	K	N	Q	S	T	A	V	L	I	F	Y	W	H	M	C	P
0	0.15344	0.05571	0.04509	0.02089	0.10969	0.06798	0.19576	0.10749	0.04835	0.05590	0.01341	0.01580	0.01031	0.00694	0.00757	0.00213	0.06417	0.00594	0.00423	0.00920
1	0.04786	0.01473	0.01650	0.08001	0.02013	0.04155	0.01129	0.28646	0.09512	0.14966	0.04014	0.08855	0.03364	0.00944	0.00679	0.00210	0.00652	0.00766	0.00632	0.03552
2	0.50954	0.01510	0.03708	0.03448	0.03681	0.03734	0.00988	0.11912	0.04343	0.08359	0.01264	0.01365	0.00934	0.00680	0.00511	0.00207	0.00611	0.00458	0.00482	0.00852
3	0.12064	0.01942	0.01756	0.01439	0.01890	0.15124	0.01155	0.39234	0.08599	0.03384	0.05677	0.01753	0.01426	0.00805	0.00636	0.00200	0.00755	0.00592	0.00585	0.00986
4	0.01145	0.00583	0.00868	0.00878	0.00880	0.00581	0.00585	0.00878	0.00898	0.01198	0.01315	0.06414	0.01359	0.02317	0.02518	0.75733	0.00571	0.00661	0.00311	0.00306
5	0.01794	0.76823	0.03516	0.01148	0.01722	0.02655	0.01148	0.02009	0.01363	0.01579	0.00933	0.01076	0.00861	0.00574	0.00431	0.00144	0.00718	0.00359	0.00287	0.00861
6	0.38287	0.01549	0.01636	0.01323	0.01782	0.03536	0.07611	0.21912	0.07506	0.03215	0.04662	0.01614	0.01251	0.00731	0.00571	0.00208	0.00652	0.00549	0.00518	0.00889
7	0.01166	0.00583	0.00874	0.00874	0.00874	0.00583	0.00583	0.00874	0.00874	0.01166	0.01166	0.02040	0.01166	0.02331	0.02622	0.80478	0.00583	0.00583	0.00291	0.00291
8	0.00905	0.00671	0.00844	0.00827	0.00982	0.00610	0.00610	0.01170	0.01755	0.02410	0.51652	0.14574	0.17459	0.01524	0.00800	0.00222	0.00330	0.01340	0.00703	0.00610
9	0.11940	0.02092	0.01701	0.01544	0.04179	0.26564	0.01165	0.13160	0.23567	0.04959	0.01702	0.01711	0.01292	0.00770	0.00620	0.00201	0.00806	0.00565	0.00525	0.00937
10	0.04329	0.01698	0.02425	0.12928	0.42824	0.09075	0.04008	0.04002	0.03906	0.02140	0.01259	0.01633	0.01032	0.00667	0.00746	0.00208	0.05226	0.00584	0.00351	0.00957
11	0.00866	0.00650	0.00774	0.00823	0.00952	0.00587	0.00588	0.01017	0.01439	0.01850	0.14095	0.27317	0.30396	0.07468	0.01090	0.03422	0.00400	0.05108	0.00609	0.00549
12	0.01103	0.00689	0.00819	0.00823	0.00906	0.00656	0.00535	0.01179	0.01198	0.07468	0.03034	0.17078	0.10701	0.45207	0.02327	0.00484	0.00561	0.04196	0.00514	0.00520
13	0.01979	0.08878	0.01900	0.01610	0.09228	0.07642	0.01176	0.22338	0.13540	0.08428	0.04217	0.02355	0.08455	0.01067	0.03981	0.00241	0.00731	0.00699	0.00569	0.00967
14	0.01822	0.01612	0.02469	0.12229	0.47370	0.01696	0.01850	0.18021	0.01888	0.02613	0.01336	0.01665	0.01061	0.00656	0.00667	0.00203	0.00795	0.00599	0.00408	0.01042
15	0.04652	0.09084	0.04751	0.08362	0.45216	0.06881	0.01787	0.02100	0.01524	0.04971	0.01328	0.01776	0.01116	0.00662	0.00637	0.00198	0.00807	0.02816	0.00358	0.00973
16	0.06451	0.05682	0.06292	0.04804	0.24653	0.06658	0.06845	0.06122	0.04145	0.04009	0.01305	0.01554	0.01038	0.00616	0.00609	0.00179	0.00766	0.00536	0.00391	0.17346
17	0.01860	0.05261	0.06772	0.02322	0.25917	0.04020	0.01510	0.18450	0.10160	0.04766	0.06781	0.01943	0.01573	0.00748	0.00654	0.00196	0.00716	0.00632	0.00498	0.05218
18	0.01889	0.12315	0.12593	0.02184	0.16397	0.08839	0.10416	0.13514	0.01810	0.05272	0.01308	0.01516	0.01012	0.00641	0.00627	0.00187	0.00853	0.00547	0.00404	0.07676
19	0.08768	0.10141	0.16662	0.02166	0.21305	0.01612	0.02990	0.06744	0.04921	0.13002	0.01487	0.01620	0.01107	0.00664	0.00610	0.00196	0.00748	0.00546	0.00441	0.04270
20	0.01781	0.19546	0.06161	0.05132	0.14374	0.09727	0.01349	0.09136	0.04260	0.03876	0.07206	0.01753	0.01466	0.00699	0.00592	0.00175	0.00739	0.00552	0.00421	0.11057
21	0.07561	0.12655	0.07190	0.01822	0.17146	0.05949	0.01282	0.03660	0.01582	0.04471	0.14948	0.02113	0.02011	0.00771	0.00654	0.00182	0.02901	0.00621	0.00441	0.12039
22	0.01885	0.20988	0.14908	0.01872	0.12338	0.07453	0.03681	0.08301	0.09390	0.08157	0.01462	0.01573	0.01122	0.00674	0.00598	0.00187	0.00790	0.00531	0.00426	0.03664
23	0.04961	0.08818	0.11575	0.02408	0.26083	0.06398	0.03942	0.13249	0.05056	0.04751	0.01502	0.01687	0.02771	0.00686	0.00630	0.00195	0.00793	0.00574	0.00423	0.03499
24	0.01947	0.24094	0.13270	0.01842	0.10828	0.11164	0.04706	0.12262	0.03569	0.06372	0.01438	0.01570	0.02747	0.00687	0.00596	0.00185	0.00832	0.00530	0.00409	0.00953

[dist]
# distance from previous block
# <min> <max>
1	26

[block]
# block no. 3 follows, 32 sequences, length 53
# corresponding to MSA columns:
# 156-208
name=unknown_D
#
# <colnr> <probs for GDERKNQSTAVLIFYWHMCP>
#	G	D	E	R	K	N	Q	S	T	A	V	L	I	F	Y	W	H	M	C	P
0	0.03963	0.10190	0.15473	0.01903	0.15191	0.08739	0.01488	0.05895	0.04149	0.09066	0.01439	0.03351	0.01141	0.00677	0.00599	0.00180	0.00762	0.00540	0.00420	0.14836
1	0.01823	0.14501	0.18757	0.02067	0.16577	0.03999	0.04772	0.08742	0.05507	0.09392	0.01566	0.01700	0.02681	0.00685	0.00621	0.00192	0.00790	0.00565	0.00426	0.04635
2	0.01800	0.10083	0.18529	0.02049	0.15934	0.03784	0.04104	0.12386	0.08894	0.07133	0.05433	0.01833	0.01428	0.00724	0.00642	0.00198	0.00772	0.00602	0.00460	0.03214
3	0.01948	0.04274	0.09671	0.03734	0.18492	0.10196	0.03494	0.06859	0.12358	0.13401	0.01898	0.01969	0.04014	0.00750	0.00654	0.00200	0.00767	0.00626	0.00494	0.04201
4	0.05744	0.22841	0.11465	0.01690	0.09612	0.09717	0.03550	0.07346	0.04382	0.04344	0.01243	0.01404	0.00993	0.00627	0.00558	0.00171	0.00776	0.00475	0.00384	0.12678
5	0.01853	0.12017	0.13813	0.01343	0.01917	0.03639	0.02939	0.11532	0.06073	0.13583	0.06889	0.02064	0.04384	0.00771	0.00619	0.00182	0.00675	0.00614	0.00518	0.14574
6	0.01898	0.01616	0.11925	0.04109	0.11392	0.01315	0.04119	0.10099	0.06372	0.18645	0.05665	0.02286	0.01664	0.03729	0.00774	0.00218	0.00693	0.02898	0.00543	0.10039
7	0.01768	0.16179	0.15862	0.05685	0.04196	0.04167	0.01415	0.13019	0.04148	0.07763	0.06684	0.04496	0.01560	0.00798	0.00680	0.00194	0.03630	0.00618	0.00461	0.06679
8	0.01616	0.09463	0.10407	0.03683	0.06743	0.01626	0.10322	0.11834	0.18381	0.02492	0.03622	0.08605	0.04165	0.00888	0.00679	0.00211	0.00714	0.00779	0.00501	0.03270
9	0.05184	0.01203	0.08476	0.03412	0.01632	0.00984	0.05612	0.05927	0.03581	0.04673	0.05220	0.33276	0.08754	0.01376	0.00741	0.00230	0.00557	0.01219	0.00547	0.07395
10	0.01896	0.01888	0.18426	0.04568	0.06336	0.04262	0.07725	0.11962	0.01818	0.17877	0.03711	0.08747	0.03650	0.00878	0.00690	0.00212	0.00764	0.00756	0.00526	0.03309
11	0.01803	0.25647	0.21026	0.01710	0.04632	0.04026	0.10113	0.07770	0.03858	0.08533	0.01435	0.04055	0.01141	0.00699	0.00607	0.00192	0.00829	0.00574	0.00401	0.00949
12	0.00942	0.00703	0.00887	0.00964	0.01080	0.00682	0.00684	0.01240	0.06892	0.01898	0.07230	0.51156	0.07494	0.02014	0.05118	0.00302	0.00487	0.03853	0.02579	0.03793
13	0.04099	0.01728	0.06659	0.13616	0.17751	0.01631	0.37916	0.02105	0.03756	0.02141	0.01336	0.01756	0.01025	0.00604	0.00724	0.00219	0.00981	0.00693	0.00343	0.00918
14	0.04960	0.01694	0.06271	0.15201	0.20003	0.07897	0.07849	0.07673	0.03982	0.07579	0.01566	0.04476	0.01290	0.00784	0.00729	0.00216	0.03231	0.03257	0.00426	0.00916
15	0.01499	0.02431	0.33457	0.06262	0.13762	0.01599	0.20136	0.04409	0.03939	0.02212	0.01377	0.01773	0.01055	0.00659	0.00694	0.00217	0.00960	0.02253	0.00342	0.00965
16	0.00982	0.00753	0.01123	0.01110	0.01224	0.00894	0.00868	0.01217	0.01076	0.01560	0.01755	0.02583	0.01641	0.04856	0.70487	0.01042	0.05154	0.00713	0.00356	0.00605
17	0.05517	0.19935	0.10403	0.03778	0.02454	0.16691	0.20066	0.06054	0.01629	0.02036	0.01272	0.04817	0.01078	0.00691	0.00627	0.00194	0.00943	0.00599	0.00357	0.00862
18	0.04695	0.04051	0.09217	0.15137	0.18956	0.07211	0.07005	0.04798	0.03852	0.11488	0.01602	0.04278	0.01280	0.00754	0.00668	0.00211	0.00821	0.02612	0.00433	0.00930
19	0.01566	0.01387	0.09406	0.01525	0.04126	0.01154	0.10884	0.07434	0.07865	0.12924	0.02919	0.21452	0.09565	0.01221	0.00755	0.00234	0.00645	0.03509	0.00577	0.00851
20	0.00879	0.00650	0.00828	0.00939	0.01019	0.00622	0.00644	0.01124	0.05647	0.01863	0.09220	0.61886	0.08265	0.01948	0.00837	0.00262	0.00389	0.01754	0.00636	0.00585
21	0.01870	0.62050	0.09556	0.01234	0.01840	0.02413	0.01260	0.04455	0.01471	0.06982	0.01107	0.01215	0.00929	0.00607	0.00475	0.00156	0.00732	0.00403	0.00340	0.00903
22	0.01554	0.01596	0.08532	0.11245	0.18695	0.05122	0.06199	0.05478	0.11375	0.04657	0.04352	0.12221	0.01907	0.00949	0.00711	0.00222	0.00745	0.03070	0.00471	0.00897
23	0.00917	0.00683	0.00862	0.00892	0.01045	0.00629	0.00684	0.01167	0.01653	0.02214	0.34066	0.17450	0.20136	0.01650	0.00827	0.00242	0.00387	0.13223	0.00672	0.00601
24	0.02317	0.01306	0.01550	0.01275	0.01714	0.01339	0.01023	0.13366	0.24384	0.33353	0.05989	0.05355	0.02050	0.00930	0.00690	0.00216	0.00564	0.00767	0.00746	0.01067
25	0.01804	0.09318	0.14168	0.04420	0.11072	0.05614	0.13687	0.09801	0.11590	0.07078	0.01637	0.04016	0.01276	0.00733	0.00667	0.00207	0.00834	0.00652	0.00450	0.00975
26	0.05891	0.00762	0.00939	0.01003	0.01104	0.00791	0.00725	0.03459	0.01356	0.01893	0.03560	0.52574	0.11190	0.01837	0.00929	0.00264	0.06534	0.04007	0.00585	0.00597
27	0.01570	0.01620	0.03274	0.18998	0.13355	0.01614	0.42913	0.02076	0.01533	0.04339	0.01349	0.01800	0.01018	0.00602	0.00743	0.00221	0.01013	0.00717	0.00345	0.00899
28	0.03814	0.01934	0.07132	0.08176	0.39420	0.12154	0.03903	0.08482	0.01720	0.05028	0.01302	0.01598	0.01029	0.00647	0.00653	0.00200	0.00867	0.00571	0.00382	0.00991
29	0.01943	0.04879	0.07208	0.02790	0.33253	0.08709	0.08249	0.09458	0.05700	0.09072	0.01484	0.01693	0.01138	0.00667	0.00662	0.00201	0.00837	0.00601	0.00432	0.01023
30	0.01899	0.01963	0.01660	0.01435	0.01790	0.28655	0.04447	0.12347	0.08083	0.02344	0.08787	0.09029	0.04229	0.00943	0.00666	0.00193	0.00798	0.00756	0.03257	0.06717
31	0.01546	0.03881	0.02204	0.43802	0.21752	0.06265	0.01792	0.02003	0.04103	0.04420	0.01303	0.01740	0.01007	0.00665	0.00658	0.00211	0.00859	0.00587	0.00344	0.00860
32	0.01790	0.01684	0.02026	0.07369	0.26724	0.10965	0.01494	0.11836	0.16094	0.02458	0.01830	0.07621	0.01575	0.00858	0.00684	0.00212	0.00758	0.02578	0.00481	0.00963
33	0.00962	0.00706	0.01012	0.01012	0.01109	0.00803	0.00756	0.01156	0.01059	0.01509	0.01858	0.02972	0.01823	0.18697	0.60295	0.00996	0.01578	0.00768	0.00368	0.00562
34	0.01810	0.01982	0.12409	0.02457	0.20560	0.04464	0.13437	0.15591	0.15420	0.02670	0.01616	0.01790	0.01225	0.00703	0.00685	0.00211	0.00835	0.00643	0.00461	0.01030
35	0.00831	0.00593	0.00794	0.00949	0.00994	0.00556	0.00646	0.00957	0.01298	0.01727	0.03691	0.72591	0.04409	0.02090	0.00860	0.00274	0.00401	0.05169	0.00623	0.00549
36	0.02384	0.06206	0.01991	0.01474	0.01955	0.05213	0.01219	0.49253	0.04204	0.09264	0.01641	0.01696	0.01200	0.01071	0.05323	0.00256	0.03378	0.00598	0.00614	0.01058
37	0.04842	0.31109	0.02853	0.04126	0.14571	0.06731	0.09914	0.05196	0.01551	0.04551	0.01175	0.01399	0.00966	0.00603	0.00561	0.00172	0.00790	0.00494	0.00358	0.08039
38	0.01157	0.00986	0.01199	0.01242	0.06854	0.03030	0.02739	0.04277	0.09534	0.02294	0.22971	0.11868	0.24513	0.01381	0.00770	0.00225	0.00468	0.03149	0.00624	0.00718
39	0.01115	0.00829	0.01079	0.01161	0.01341	0.00843	0.00978	0.01589	0.09398	0.02157	0.12290	0.06535	0.07049	0.03695	0.00943	0.00293	0.00558	0.46851	0.00635	0.00662
40	0.00963	0.00652	0.00766	0.00778	0.00792	0.00660	0.00461	0.00993	0.01008	0.01355	0.02203	0.09531	0.02519	0.64496	0.09555	0.00661	0.00734	0.01022	0.00418	0.00434
41	0.05554	0.02576	0.35685	0.02036	0.02799	0.05004	0.21569	0.04466	0.06701	0.05113	0.01411	0.01626	0.01024	0.00652	0.00675	0.00215	0.00960	0.00602	0.00373	0.00959
42	0.02318	0.01778	0.01868	0.01495	0.01935	0.06610	0.01214	0.51444	0.02687	0.06232	0.01723	0.06863	0.01380	0.01076	0.03618	0.00244	0.05175	0.00690	0.00618	0.01030
43	0.01267	0.01193	0.02013	0.74806	0.04621	0.01491	0.01863	0.01714	0.01342	0.01714	0.01193	0.01789	0.00894	0.00671	0.00671	0.00224	0.00894	0.00596	0.00298	0.00745
44	0.00924	0.00713	0.00948	0.00942	0.01097	0.00662	0.03019	0.01199	0.03453	0.02169	0.30824	0.28587	0.17052	0.01650	0.00816	0.00239	0.00390	0.04043	0.00660	0.00612
45	0.01437	0.21034	0.22337	0.06059	0.02488	0.01732	0.16432	0.01877	0.01387	0.01869	0.01473	0.10000	0.01361	0.03747	0.00816	0.00226	0.03828	0.00714	0.00341	0.00842
46	0.01526	0.01239	0.01827	0.36019	0.06967	0.04223	0.04175	0.01960	0.05558	0.10767	0.01998	0.11935	0.04139	0.00946	0.00763	0.00228	0.03656	0.00822	0.00448	0.00806
47	0.01413	0.01315	0.02202	0.21045	0.42826	0.01382	0.01755	0.01774	0.01439	0.01989	0.01678	0.14912	0.01622	0.00883	0.00700	0.00218	0.00749	0.00830	0.00375	0.00892
48	0.01568	0.01611	0.04659	0.22240	0.41101	0.03877	0.08503	0.02054	0.03988	0.02066	0.01297	0.01717	0.01037	0.00629	0.00676	0.00209	0.00864	0.00614	0.00336	0.00953
49	0.01672	0.01715	0.07799	0.23533	0.11662	0.09606	0.09963	0.02188	0.07193	0.07711	0.01532	0.02007	0.01206	0.00795	0.00797	0.02622	0.03438	0.03293	0.00399	0.00867
50	0.03515	0.03442	0.18213	0.04187	0.07347	0.03613	0.15834	0.04082	0.01524	0.02102	0.04683	0.18242	0.05526	0.01070	0.00735	0.00229	0.00782	0.03624	0.00438	0.00814
51	0.01972	0.04386	0.08441	0.05807	0.02493	0.03630	0.21892	0.04672	0.01631	0.22794	0.01761	0.04819	0.01325	0.00930	0.03206	0.00250	0.07852	0.00712	0.00494	0.00936
52	0.01607	0.01284	0.01839	0.10853	0.10052	0.06274	0.10536	0.04069	0.01612	0.12613	0.03967	0.11515	0.10076	0.03684	0.00837	0.00243	0.00719	0.06894	0.00518	0.00809

[dist]
# distance from previous block
# <min> <max>
0	11

[block]
# block no. 4 follows, 32 sequences, length 31
# corresponding to MSA columns:
# 220-243,245-251
name=unknown_E
#
# <colnr> <probs for GDERKNQSTAVLIFYWHMCP>
#	G	D	E	R	K	N	Q	S	T	A	V	L	I	F	Y	W	H	M	C	P
0	0.01510	0.01271	0.01537	0.13637	0.02070	0.11909	0.06739	0.01756	0.01541	0.10262	0.07359	0.22310	0.05603	0.01296	0.00828	0.03440	0.00695	0.05001	0.00522	0.00716
1	0.01666	0.01285	0.05268	0.17789	0.17484	0.01198	0.05585	0.02017	0.01552	0.17817	0.02521	0.08419	0.10989	0.00938	0.00703	0.00217	0.00693	0.00837	0.02139	0.00882
2	0.01633	0.02573	0.44975	0.03939	0.05993	0.01381	0.05602	0.02227	0.01521	0.15017	0.01807	0.04657	0.04126	0.00768	0.00670	0.00215	0.00860	0.00644	0.00416	0.00976
3	0.01416	0.01509	0.06023	0.29155	0.22366	0.01494	0.17787	0.01867	0.01448	0.01966	0.01454	0.07750	0.01254	0.00741	0.00711	0.00221	0.00887	0.00744	0.00343	0.00865
4	0.01558	0.01303	0.02052	0.18873	0.22524	0.04076	0.07360	0.01912	0.01507	0.09894	0.05206	0.06529	0.04552	0.01264	0.08154	0.00303	0.00875	0.00768	0.00433	0.00856
5	0.01444	0.01388	0.02416	0.32022	0.35295	0.01495	0.07289	0.01858	0.01443	0.01968	0.01395	0.06399	0.01204	0.00719	0.00689	0.00216	0.00837	0.00695	0.00337	0.00891
6	0.01427	0.01605	0.10058	0.16157	0.33811	0.01429	0.08855	0.01869	0.01507	0.02084	0.05304	0.02411	0.06408	0.00778	0.00701	0.00215	0.00807	0.03293	0.00374	0.00907
7	0.01360	0.03183	0.63033	0.02016	0.06212	0.01558	0.04288	0.02073	0.01408	0.02099	0.01260	0.03279	0.00955	0.00690	0.00709	0.00217	0.03843	0.00548	0.00296	0.00972
8	0.01669	0.05271	0.24774	0.02301	0.03053	0.01660	0.38211	0.05462	0.01623	0.07319	0.01399	0.01685	0.01013	0.00619	0.00716	0.00216	0.01013	0.00667	0.00372	0.00958
9	0.01594	0.06848	0.43441	0.02226	0.11732	0.01594	0.12267	0.02215	0.01498	0.08362	0.01347	0.01565	0.00975	0.00635	0.00656	0.00209	0.00935	0.00561	0.00347	0.00994
10	0.02480	0.01968	0.01814	0.01505	0.01937	0.24992	0.04012	0.18506	0.02139	0.23767	0.01918	0.06307	0.01494	0.00879	0.00676	0.00203	0.00833	0.03015	0.00594	0.00959
11	0.00959	0.00715	0.01061	0.01061	0.01175	0.00829	0.00817	0.01187	0.01073	0.01545	0.01813	0.02724	0.01716	0.08609	0.70236	0.01057	0.01740	0.00732	0.00362	0.00589
12	0.02188	0.01642	0.01767	0.01444	0.01910	0.01834	0.01164	0.36648	0.33112	0.07655	0.02168	0.02046	0.01573	0.00853	0.00677	0.00213	0.00637	0.00677	0.00686	0.01106
13	0.02377	0.09487	0.02037	0.03949	0.02112	0.59968	0.01292	0.05174	0.04316	0.01778	0.01114	0.01277	0.00917	0.00693	0.00597	0.00175	0.01115	0.00449	0.00363	0.00808
14	0.01669	0.01441	0.01517	0.01365	0.01745	0.01669	0.01062	0.03565	0.71021	0.02807	0.02731	0.02503	0.02048	0.00910	0.00683	0.00228	0.00531	0.00759	0.00683	0.01062
15	0.01859	0.60129	0.06357	0.01337	0.01910	0.09947	0.04664	0.03965	0.01482	0.01711	0.00996	0.01157	0.00877	0.00595	0.00482	0.00155	0.00802	0.00401	0.00306	0.00868
16	0.01391	0.01193	0.01391	0.00994	0.01590	0.00894	0.00795	0.01690	0.01391	0.02186	0.01193	0.01391	0.00994	0.00497	0.00497	0.00099	0.00497	0.00398	0.00398	0.80521
17	0.01688	0.22302	0.30545	0.01796	0.05208	0.05568	0.09963	0.02172	0.01490	0.07995	0.01372	0.04562	0.01102	0.00691	0.00613	0.00195	0.00878	0.00570	0.00357	0.00932
18	0.01449	0.13216	0.51440	0.01967	0.02847	0.01732	0.14012	0.02113	0.01438	0.02054	0.01194	0.01439	0.00881	0.00616	0.00636	0.00205	0.00978	0.00529	0.00294	0.00959
19	0.00824	0.00598	0.00780	0.00922	0.00981	0.00554	0.00628	0.00952	0.01314	0.01731	0.03958	0.67827	0.10178	0.02060	0.00853	0.00270	0.00393	0.04006	0.00623	0.00549
20	0.01402	0.01359	0.13417	0.01354	0.01724	0.01006	0.07246	0.03585	0.06007	0.12112	0.06124	0.34007	0.02966	0.01383	0.00771	0.00242	0.00605	0.03316	0.00580	0.00793
21	0.01900	0.01666	0.05680	0.08222	0.12977	0.04712	0.13932	0.10190	0.13291	0.12390	0.01820	0.02120	0.01385	0.00781	0.00748	0.00219	0.03136	0.03342	0.00506	0.00984
22	0.01807	0.01745	0.02501	0.10751	0.37894	0.08776	0.08012	0.11762	0.03891	0.02386	0.01394	0.01813	0.01134	0.00683	0.00679	0.00206	0.00858	0.02326	0.00397	0.00986
23	0.01023	0.00745	0.00921	0.00890	0.00912	0.00820	0.00583	0.01082	0.01024	0.01413	0.04104	0.03862	0.02293	0.56261	0.13221	0.00661	0.08407	0.00907	0.00399	0.00474
24	0.02154	0.06644	0.02078	0.01664	0.05396	0.14243	0.06196	0.23446	0.06260	0.10471	0.08595	0.01982	0.01676	0.00831	0.00758	0.00203	0.05244	0.00649	0.00551	0.00959
25	0.00976	0.00651	0.00732	0.00732	0.00732	0.00651	0.00407	0.00976	0.00976	0.01301	0.02114	0.04391	0.02439	0.76419	0.03415	0.00651	0.00651	0.00976	0.00407	0.00407
26	0.01391	0.01193	0.01391	0.00994	0.01590	0.00894	0.00795	0.01690	0.01391	0.02186	0.01193	0.01391	0.00994	0.00497	0.00497	0.00099	0.00497	0.00398	0.00398	0.80521
27	0.02062	0.05455	0.20581	0.01613	0.02249	0.01836	0.03484	0.33440	0.13093	0.06931	0.01698	0.01717	0.01218	0.00762	0.00657	0.00207	0.00774	0.00598	0.00554	0.01071
28	0.01049	0.00725	0.00921	0.00875	0.01053	0.00674	0.00654	0.01389	0.04392	0.05872	0.53698	0.11915	0.11365	0.01429	0.00788	0.00219	0.00346	0.01256	0.00720	0.00659
29	0.01391	0.01193	0.01391	0.00994	0.01590	0.00894	0.00795	0.01690	0.01391	0.02186	0.01193	0.01391	0.00994	0.00497	0.00497	0.00099	0.00497	0.00398	0.00398	0.80521
30	0.01832	0.01992	0.02530	0.10878	0.35773	0.20565	0.09752	0.02252	0.04210	0.02014	0.01262	0.01605	0.01024	0.00638	0.00665	0.00199	0.00945	0.00583	0.00346	0.00935

[dist]
# distance from previous block
# <min> <max>
0	16

# created by:
# /home/berkeley/.conda/envs/busco_data_prod/bin/msa2prfl.pl pipeline/OGs_align_augustus/4893/37079.fs
