[name]
unknown

[dist]
# distance from previous block
# <min> <max>
0	0

[block]
# block no. 0 follows, 32 sequences, length 91
# corresponding to MSA columns:
# 0-90
name=unknown_A
#
# <colnr> <probs for GDERKNQSTAVLIFYWHMCP>
#	G	D	E	R	K	N	Q	S	T	A	V	L	I	F	Y	W	H	M	C	P
0	0.01081	0.00772	0.01081	0.01236	0.01390	0.00772	0.01081	0.01390	0.01545	0.02008	0.03553	0.07569	0.03862	0.01854	0.00927	0.00309	0.00618	0.67717	0.00618	0.00618
1	0.02425	0.01745	0.01897	0.01472	0.01986	0.01898	0.01206	0.57837	0.06192	0.07749	0.01771	0.04100	0.01314	0.00840	0.00670	0.00201	0.00697	0.00649	0.00667	0.04685
2	0.02091	0.46143	0.02843	0.01390	0.01869	0.32271	0.01210	0.02288	0.01588	0.01605	0.00976	0.01132	0.00862	0.00623	0.00503	0.00156	0.00923	0.00389	0.00311	0.00826
3	0.00818	0.00584	0.00779	0.00934	0.00973	0.00545	0.00623	0.00934	0.01285	0.01713	0.03698	0.75981	0.04438	0.02102	0.00856	0.00273	0.00389	0.01908	0.00623	0.00545
4	0.00803	0.00680	0.00694	0.00690	0.00912	0.00571	0.00518	0.00982	0.01553	0.01869	0.10964	0.06365	0.67759	0.01678	0.00793	0.00226	0.00338	0.01403	0.00630	0.00571
5	0.01406	0.05686	0.58781	0.05503	0.02849	0.01540	0.04851	0.02103	0.01455	0.04502	0.04282	0.01622	0.01122	0.00672	0.00646	0.00211	0.00939	0.00544	0.00324	0.00961
6	0.00818	0.00584	0.00779	0.00934	0.00973	0.00545	0.00623	0.00934	0.01285	0.01713	0.03698	0.75981	0.04438	0.02102	0.00856	0.00273	0.00389	0.01908	0.00623	0.00545
7	0.01584	0.01810	0.03959	0.02828	0.03507	0.01697	0.69796	0.02149	0.01584	0.02149	0.01357	0.01810	0.01018	0.00566	0.00792	0.00226	0.01131	0.00792	0.00339	0.00905
8	0.01380	0.01308	0.02217	0.54453	0.24089	0.01521	0.01920	0.01814	0.01395	0.01852	0.01213	0.01752	0.00943	0.00650	0.00669	0.00217	0.00866	0.00597	0.00308	0.00837
9	0.02154	0.13847	0.10485	0.03780	0.12099	0.31589	0.01509	0.07706	0.01796	0.07218	0.01240	0.01403	0.00972	0.00673	0.00603	0.00183	0.00960	0.00487	0.00388	0.00910
10	0.01092	0.00927	0.01240	0.01184	0.01313	0.04860	0.02772	0.01312	0.01134	0.01573	0.01763	0.05075	0.01699	0.08572	0.56007	0.00897	0.06849	0.00752	0.00365	0.00613
11	0.00855	0.00638	0.00772	0.00827	0.00937	0.00580	0.00573	0.01016	0.01448	0.01904	0.18751	0.35120	0.22649	0.09454	0.01088	0.00286	0.00388	0.01534	0.00625	0.00555
12	0.00830	0.00627	0.00767	0.00847	0.00958	0.00564	0.00591	0.00992	0.01446	0.01886	0.14648	0.45301	0.24355	0.01877	0.00828	0.00250	0.00364	0.01662	0.00640	0.00564
13	0.17229	0.13761	0.02138	0.01699	0.10794	0.08258	0.01253	0.31764	0.02172	0.03091	0.01280	0.01398	0.00984	0.00698	0.00578	0.00191	0.00742	0.00504	0.00490	0.00976
14	0.01154	0.00847	0.01087	0.01013	0.01201	0.00835	0.04443	0.01588	0.11698	0.05362	0.13600	0.20249	0.12967	0.15986	0.01280	0.00313	0.00489	0.01210	0.04014	0.00662
15	0.00808	0.00621	0.00740	0.00835	0.00947	0.00553	0.00579	0.00945	0.01380	0.01752	0.04908	0.48838	0.30800	0.01945	0.00832	0.00255	0.00370	0.01716	0.00623	0.00553
16	0.04294	0.16918	0.02325	0.01680	0.04155	0.38649	0.05634	0.11946	0.01923	0.02118	0.03626	0.01424	0.01108	0.00696	0.00596	0.00178	0.00981	0.00496	0.00395	0.00856
17	0.01907	0.16105	0.24793	0.01790	0.02487	0.06709	0.13633	0.13217	0.01800	0.09307	0.01378	0.01526	0.01010	0.00663	0.00634	0.00197	0.00898	0.00554	0.00415	0.00977
18	0.00829	0.00681	0.00730	0.00718	0.00929	0.00582	0.00538	0.01033	0.01615	0.02016	0.21850	0.06123	0.56782	0.01624	0.00793	0.00223	0.00334	0.01369	0.00650	0.00582
19	0.01443	0.02135	0.23488	0.12338	0.06893	0.01588	0.31954	0.02020	0.01494	0.02091	0.04438	0.01817	0.01189	0.00660	0.00772	0.00222	0.03546	0.00681	0.00333	0.00899
20	0.01723	0.01403	0.01504	0.01336	0.01715	0.01597	0.01043	0.05971	0.61517	0.05996	0.06484	0.02597	0.02231	0.00928	0.00688	0.00225	0.00529	0.00774	0.00692	0.01045
21	0.01549	0.11907	0.31527	0.05152	0.07313	0.04168	0.06049	0.05127	0.03654	0.02152	0.01240	0.01462	0.00954	0.00617	0.00602	0.00183	0.00845	0.00502	0.00343	0.14652
22	0.01718	0.01884	0.02018	0.01754	0.01837	0.19299	0.01427	0.01871	0.01238	0.01621	0.00918	0.01406	0.00877	0.01058	0.01818	0.00265	0.57391	0.00550	0.00306	0.00745
23	0.15220	0.07852	0.01868	0.01543	0.01925	0.53942	0.01193	0.05544	0.01798	0.01976	0.01039	0.01199	0.00854	0.00677	0.00565	0.00178	0.01043	0.00424	0.00368	0.00792
24	0.00835	0.00646	0.00761	0.00806	0.00951	0.00573	0.00577	0.01016	0.01519	0.01961	0.19348	0.31297	0.33755	0.01776	0.00816	0.00240	0.00353	0.01551	0.00647	0.00573
25	0.01661	0.01594	0.02724	0.04119	0.72233	0.01594	0.02059	0.02059	0.01528	0.02192	0.01262	0.01661	0.01063	0.00598	0.00664	0.00199	0.00797	0.00598	0.00332	0.01063
26	0.00967	0.00647	0.00734	0.00743	0.00745	0.00645	0.00418	0.00973	0.00993	0.01324	0.02201	0.08325	0.02549	0.72335	0.03275	0.00630	0.00636	0.01027	0.00418	0.00414
27	0.00818	0.00584	0.00779	0.00934	0.00973	0.00545	0.00623	0.00934	0.01285	0.01713	0.03698	0.75981	0.04438	0.02102	0.00856	0.00273	0.00389	0.01908	0.00623	0.00545
28	0.00902	0.00684	0.00831	0.00794	0.00973	0.00613	0.00596	0.01174	0.01787	0.02424	0.52106	0.05451	0.26271	0.01471	0.00792	0.00216	0.00324	0.01275	0.00704	0.00613
29	0.00811	0.00680	0.00705	0.00699	0.00917	0.00574	0.00524	0.00998	0.01572	0.01913	0.14226	0.06292	0.64470	0.01662	0.00793	0.00225	0.00337	0.01393	0.00636	0.00574
30	0.01794	0.76823	0.03516	0.01148	0.01722	0.02655	0.01148	0.02009	0.01363	0.01579	0.00933	0.01076	0.00861	0.00574	0.00431	0.00144	0.00718	0.00359	0.00287	0.00861
31	0.01930	0.21424	0.19806	0.04597	0.13615	0.04598	0.01648	0.10815	0.01724	0.11726	0.01383	0.01516	0.01035	0.00665	0.00598	0.00189	0.00806	0.00516	0.00418	0.00991
32	0.01339	0.01612	0.18950	0.01368	0.01794	0.01194	0.04497	0.02071	0.16794	0.05684	0.09053	0.05830	0.02195	0.09970	0.14222	0.00424	0.00890	0.00803	0.00490	0.00820
33	0.01152	0.00789	0.00994	0.00925	0.01126	0.00758	0.00707	0.01599	0.08336	0.07150	0.53202	0.04760	0.07915	0.03393	0.00852	0.00230	0.00378	0.04317	0.00720	0.00697
34	0.06569	0.29785	0.39750	0.01681	0.05849	0.01954	0.01866	0.02070	0.01386	0.01987	0.01092	0.01285	0.00857	0.00612	0.00550	0.00187	0.00853	0.00443	0.00295	0.00931
35	0.01799	0.08199	0.07514	0.17804	0.13082	0.08620	0.03606	0.04098	0.13970	0.09450	0.01596	0.01787	0.01205	0.00730	0.00705	0.00209	0.03654	0.00596	0.00440	0.00936
36	0.00837	0.00617	0.00748	0.00843	0.00919	0.00567	0.00562	0.00948	0.01292	0.01670	0.04164	0.48505	0.19749	0.13826	0.01249	0.00322	0.00419	0.01646	0.00589	0.00528
37	0.00873	0.00614	0.00755	0.00844	0.00881	0.00585	0.00537	0.00951	0.01189	0.01570	0.03328	0.45519	0.08135	0.28972	0.01778	0.00406	0.00481	0.01538	0.00545	0.00496
38	0.12910	0.18448	0.14629	0.01464	0.02040	0.14167	0.01388	0.22740	0.01976	0.02684	0.01204	0.01323	0.00926	0.00682	0.00567	0.00187	0.00828	0.00470	0.00430	0.00936
39	0.01349	0.00977	0.01204	0.01107	0.01310	0.01085	0.00855	0.15465	0.04897	0.02213	0.01971	0.02945	0.01823	0.15251	0.34920	0.00684	0.01168	0.04090	0.05982	0.00704
40	0.00816	0.00605	0.00763	0.00883	0.00961	0.00551	0.00601	0.00948	0.01347	0.01757	0.06015	0.60853	0.17437	0.02006	0.00843	0.00262	0.00378	0.01796	0.00626	0.00551
41	0.01052	0.00778	0.00790	0.00782	0.00799	0.04312	0.00451	0.01061	0.01022	0.01318	0.02060	0.04232	0.02360	0.72624	0.03274	0.00627	0.00679	0.00949	0.00404	0.00425
42	0.01789	0.05210	0.08601	0.04862	0.04491	0.01114	0.03541	0.04014	0.04037	0.24385	0.13408	0.16716	0.02733	0.01106	0.00716	0.00219	0.00592	0.00962	0.00622	0.00883
43	0.02002	0.20320	0.11984	0.01571	0.04038	0.14817	0.01395	0.17717	0.15158	0.02512	0.01493	0.01556	0.01155	0.00720	0.00599	0.00189	0.00814	0.00529	0.00460	0.00971
44	0.01446	0.01304	0.05212	0.27765	0.02761	0.01149	0.01278	0.01820	0.01408	0.06469	0.01285	0.01593	0.00993	0.00588	0.00578	0.00157	0.00670	0.00492	0.00383	0.42648
45	0.06354	0.06240	0.02434	0.09641	0.07415	0.22535	0.14619	0.18230	0.01980	0.02466	0.01255	0.01499	0.00969	0.00675	0.00648	0.00197	0.00958	0.00563	0.00416	0.00906
46	0.01419	0.09722	0.58209	0.01887	0.02789	0.01671	0.07342	0.02186	0.04770	0.02111	0.01265	0.01468	0.00921	0.00640	0.00633	0.00208	0.00956	0.00519	0.00307	0.00977
47	0.00818	0.00584	0.00779	0.00934	0.00973	0.00545	0.00623	0.00934	0.01285	0.01713	0.03698	0.75981	0.04438	0.02102	0.00856	0.00273	0.00389	0.01908	0.00623	0.00545
48	0.00818	0.00584	0.00779	0.00934	0.00973	0.00545	0.00623	0.00934	0.01285	0.01713	0.03698	0.75981	0.04438	0.02102	0.00856	0.00273	0.00389	0.01908	0.00623	0.00545
49	0.04729	0.01955	0.01911	0.14752	0.08151	0.21791	0.01385	0.16223	0.08880	0.09687	0.01527	0.01673	0.01138	0.00748	0.00681	0.00203	0.02579	0.00569	0.00487	0.00932
50	0.01345	0.01311	0.01547	0.01401	0.01497	0.09662	0.01117	0.01534	0.01218	0.01670	0.06451	0.02309	0.03383	0.05022	0.25922	0.00548	0.32333	0.00692	0.00366	0.00671
51	0.00950	0.00686	0.00897	0.00844	0.01002	0.00633	0.00633	0.01266	0.01899	0.02691	0.71879	0.05012	0.06331	0.01372	0.00791	0.00211	0.00317	0.01213	0.00739	0.00633
52	0.01743	0.01425	0.01519	0.01356	0.01743	0.01631	0.01058	0.03549	0.67224	0.06647	0.02726	0.02491	0.02027	0.00906	0.00682	0.00226	0.00533	0.00754	0.00691	0.01066
53	0.07606	0.01421	0.01681	0.01304	0.01818	0.01427	0.01074	0.26636	0.04748	0.41896	0.02181	0.01982	0.01435	0.00812	0.00658	0.00206	0.00625	0.00634	0.00744	0.01113
54	0.00929	0.00685	0.00869	0.00823	0.00990	0.00624	0.00617	0.01227	0.01851	0.02577	0.63420	0.05200	0.14862	0.01414	0.00792	0.00213	0.00320	0.01240	0.00724	0.00624
55	0.01753	0.70099	0.09880	0.01218	0.01830	0.02554	0.01270	0.02020	0.01368	0.01629	0.00958	0.01108	0.00860	0.00580	0.00450	0.00150	0.00743	0.00371	0.00287	0.00873
56	0.01283	0.01161	0.01891	0.30362	0.25438	0.01265	0.01572	0.01623	0.01391	0.01866	0.01974	0.14000	0.04332	0.04762	0.00852	0.00249	0.00738	0.04062	0.00393	0.00787
57	0.00793	0.00680	0.00680	0.00680	0.00906	0.00566	0.00510	0.00963	0.01529	0.01813	0.06797	0.06457	0.71961	0.01699	0.00793	0.00227	0.00340	0.01416	0.00623	0.00566
58	0.01813	0.74842	0.03473	0.01164	0.01732	0.04567	0.01152	0.02027	0.01378	0.01580	0.00936	0.01080	0.00861	0.00577	0.00435	0.00144	0.00731	0.00361	0.00289	0.00859
59	0.02565	0.01857	0.02000	0.01533	0.02070	0.02047	0.01266	0.67946	0.03117	0.06332	0.01643	0.01632	0.01157	0.00806	0.00671	0.00202	0.00733	0.00606	0.00676	0.01141
60	0.01465	0.01376	0.04405	0.14893	0.10339	0.01204	0.03865	0.05912	0.01525	0.02233	0.02867	0.01608	0.01112	0.00587	0.00581	0.00151	0.00656	0.00507	0.00390	0.44323
61	0.04398	0.03853	0.02232	0.02611	0.32025	0.06852	0.01567	0.14761	0.14559	0.02604	0.01532	0.01725	0.01214	0.00743	0.00764	0.00209	0.06273	0.00602	0.00458	0.01016
62	0.01267	0.01193	0.02013	0.74806	0.04621	0.01491	0.01863	0.01714	0.01342	0.01714	0.01193	0.01789	0.00894	0.00671	0.00671	0.00224	0.00894	0.00596	0.00298	0.00745
63	0.01661	0.01597	0.02613	0.07644	0.57870	0.03554	0.04982	0.04519	0.01606	0.02245	0.04300	0.01804	0.01275	0.00644	0.00674	0.00202	0.00806	0.00629	0.00361	0.01015
64	0.76839	0.01330	0.01043	0.00919	0.01341	0.01537	0.00757	0.05710	0.01253	0.03077	0.00971	0.01119	0.00749	0.00633	0.00429	0.00207	0.00531	0.00377	0.00429	0.00749
65	0.01579	0.01858	0.06273	0.02852	0.06436	0.01688	0.64579	0.02145	0.01576	0.02150	0.01348	0.01790	0.01014	0.00569	0.00781	0.00225	0.01112	0.00773	0.00337	0.00915
66	0.01771	0.01410	0.01846	0.04872	0.02048	0.01318	0.07883	0.16214	0.03446	0.07558	0.01425	0.01590	0.01090	0.00634	0.00648	0.00157	0.03275	0.00525	0.00478	0.41811
67	0.09439	0.08060	0.02048	0.01452	0.01982	0.02078	0.01216	0.58328	0.02828	0.03901	0.01495	0.01520	0.01081	0.00770	0.00629	0.00197	0.00717	0.00562	0.00617	0.01081
68	0.00932	0.00683	0.00876	0.00847	0.01005	0.00627	0.00636	0.01224	0.01820	0.02534	0.59895	0.09128	0.12213	0.01458	0.00800	0.00219	0.00333	0.03434	0.00718	0.00622
69	0.01626	0.31181	0.40900	0.01582	0.02379	0.01984	0.01869	0.05516	0.01498	0.04119	0.01164	0.01323	0.00893	0.00628	0.00562	0.00186	0.00862	0.00455	0.00320	0.00954
70	0.01867	0.00889	0.01191	0.01000	0.01319	0.00790	0.00790	0.02158	0.01909	0.33851	0.41064	0.03798	0.04252	0.01131	0.00739	0.00210	0.00430	0.00974	0.00780	0.00860
71	0.00807	0.00680	0.00699	0.00694	0.00915	0.00572	0.00521	0.00989	0.01562	0.01889	0.12445	0.06332	0.66265	0.01671	0.00793	0.00225	0.00338	0.01399	0.00633	0.00572
72	0.00959	0.00719	0.01078	0.01078	0.01198	0.00839	0.00839	0.01198	0.01078	0.01558	0.01797	0.02636	0.01677	0.05032	0.73760	0.01078	0.01797	0.00719	0.00359	0.00599
73	0.00886	0.00646	0.00833	0.00957	0.01047	0.00608	0.00701	0.01048	0.01361	0.01771	0.04002	0.45830	0.13640	0.06520	0.01020	0.00298	0.00452	0.17217	0.00609	0.00557
74	0.00847	0.00611	0.00801	0.00903	0.00977	0.00566	0.00620	0.01012	0.01436	0.01941	0.19471	0.56717	0.07770	0.01917	0.00839	0.00256	0.00370	0.01727	0.00649	0.00566
75	0.01787	0.01992	0.17522	0.07361	0.25653	0.01594	0.14587	0.09805	0.01724	0.09303	0.01439	0.01701	0.01066	0.00651	0.00685	0.00210	0.00878	0.00621	0.00408	0.01015
76	0.01732	0.01291	0.04848	0.01080	0.01679	0.00946	0.00916	0.02045	0.01505	0.17117	0.01501	0.01582	0.01128	0.00574	0.00541	0.00128	0.00536	0.00461	0.00484	0.59906
77	0.01857	0.01651	0.01616	0.01420	0.01817	0.07955	0.01110	0.12207	0.56137	0.02893	0.02438	0.02274	0.01827	0.00878	0.00675	0.00219	0.00617	0.00710	0.00652	0.01048
78	0.01627	0.01575	0.02732	0.09355	0.63719	0.01592	0.05439	0.02038	0.01517	0.02154	0.01262	0.01678	0.01048	0.00602	0.00671	0.00202	0.00821	0.00607	0.00330	0.01031
79	0.00967	0.00667	0.00826	0.00830	0.00863	0.00698	0.00528	0.01034	0.01011	0.01381	0.02071	0.05793	0.02287	0.55324	0.22219	0.00755	0.00951	0.00931	0.00400	0.00462
80	0.02506	0.03198	0.01901	0.01729	0.02074	0.73725	0.01296	0.02679	0.01901	0.01642	0.01037	0.01210	0.00864	0.00691	0.00605	0.00173	0.01210	0.00432	0.00346	0.00778
81	0.00820	0.00688	0.00717	0.00731	0.00951	0.00586	0.00563	0.01003	0.01531	0.01831	0.06496	0.06561	0.65645	0.01714	0.00805	0.00234	0.00366	0.07566	0.00623	0.00571
82	0.02474	0.02952	0.01953	0.01812	0.05228	0.61045	0.01328	0.11521	0.02050	0.02008	0.01123	0.01283	0.00910	0.00702	0.00616	0.00178	0.01129	0.00462	0.00388	0.00839
83	0.01285	0.00682	0.00688	0.00667	0.00843	0.00685	0.00506	0.04472	0.01488	0.02543	0.02384	0.02652	0.05054	0.00827	0.00493	0.00162	0.00332	0.00662	0.72931	0.00645
84	0.00913	0.00718	0.00847	0.00911	0.01107	0.00652	0.00747	0.01141	0.01536	0.01894	0.05449	0.06919	0.43660	0.01763	0.00849	0.00261	0.00455	0.28970	0.00621	0.00588
85	0.01794	0.61833	0.13089	0.01269	0.01898	0.02431	0.01333	0.04204	0.01445	0.03996	0.01046	0.01179	0.00894	0.00598	0.00475	0.00157	0.00752	0.00396	0.00316	0.00897
86	0.02467	0.01050	0.01402	0.01121	0.01549	0.00937	0.00908	0.02818	0.05220	0.53068	0.18759	0.02929	0.02766	0.00960	0.00702	0.00209	0.00510	0.00804	0.00802	0.01020
87	0.01794	0.76823	0.03516	0.01148	0.01722	0.02655	0.01148	0.02009	0.01363	0.01579	0.00933	0.01076	0.00861	0.00574	0.00431	0.00144	0.00718	0.00359	0.00287	0.00861
88	0.00976	0.00651	0.00732	0.00732	0.00732	0.00651	0.00407	0.00976	0.00976	0.01301	0.02114	0.04391	0.02439	0.76419	0.03415	0.00651	0.00651	0.00976	0.00407	0.00407
89	0.06995	0.01437	0.02069	0.05568	0.02215	0.01501	0.16450	0.24331	0.02036	0.08302	0.01926	0.02468	0.03210	0.01116	0.05313	0.00271	0.00822	0.06661	0.06401	0.00907
90	0.06581	0.02300	0.01685	0.01493	0.01839	0.40265	0.01152	0.10465	0.04924	0.07359	0.07754	0.03878	0.01664	0.00865	0.00690	0.00196	0.03120	0.02450	0.00486	0.00832

[dist]
# distance from previous block
# <min> <max>
0	1

[block]
# block no. 1 follows, 32 sequences, length 100
# corresponding to MSA columns:
# 92-191
name=unknown_B
#
# <colnr> <probs for GDERKNQSTAVLIFYWHMCP>
#	G	D	E	R	K	N	Q	S	T	A	V	L	I	F	Y	W	H	M	C	P
0	0.05291	0.06246	0.01552	0.01053	0.01622	0.03649	0.00856	0.03929	0.03630	0.02249	0.01219	0.01392	0.01005	0.00537	0.00504	0.00117	0.00546	0.00412	0.00407	0.63785
1	0.05424	0.01241	0.01522	0.05944	0.01850	0.01104	0.02966	0.07788	0.04124	0.09957	0.01695	0.04338	0.03412	0.00687	0.00576	0.00152	0.00564	0.00566	0.00486	0.45605
2	0.01624	0.01556	0.02657	0.10778	0.65863	0.01585	0.02041	0.02027	0.01510	0.02147	0.01256	0.01673	0.01047	0.00605	0.00665	0.00202	0.00806	0.00598	0.00329	0.01033
3	0.00959	0.00719	0.01078	0.01078	0.01198	0.00839	0.00839	0.01198	0.01078	0.01558	0.01797	0.02636	0.01677	0.05032	0.73760	0.01078	0.01797	0.00719	0.00359	0.00599
4	0.01596	0.01488	0.02456	0.25969	0.46582	0.01594	0.01947	0.06398	0.01576	0.02177	0.01263	0.01697	0.01016	0.00634	0.00667	0.00207	0.00824	0.00598	0.00344	0.00969
5	0.01553	0.01456	0.02060	0.44546	0.17939	0.08372	0.01731	0.02014	0.04450	0.04728	0.01351	0.01783	0.01035	0.00678	0.00657	0.00211	0.00856	0.00592	0.03147	0.00839
6	0.04215	0.01117	0.01341	0.01088	0.01472	0.03370	0.00881	0.04380	0.01716	0.40412	0.02227	0.02170	0.01536	0.00815	0.00701	0.00193	0.05287	0.00627	0.22089	0.04362
7	0.01441	0.01444	0.02066	0.01753	0.01791	0.01970	0.04164	0.01605	0.01074	0.01646	0.01181	0.01719	0.04263	0.01175	0.02078	0.00288	0.68664	0.00635	0.00311	0.00733
8	0.00831	0.00681	0.00733	0.00720	0.00930	0.00583	0.00540	0.01037	0.01620	0.02028	0.22741	0.06103	0.55883	0.01619	0.00793	0.00223	0.00334	0.01366	0.00651	0.00583
9	0.01237	0.01152	0.01930	0.69853	0.04377	0.01427	0.01780	0.01662	0.01338	0.01714	0.01361	0.06763	0.01132	0.00767	0.00683	0.00227	0.00861	0.00684	0.00320	0.00732
10	0.00976	0.00651	0.00732	0.00732	0.00732	0.00651	0.00407	0.00976	0.00976	0.01301	0.02114	0.04391	0.02439	0.76419	0.03415	0.00651	0.00651	0.00976	0.00407	0.00407
11	0.00833	0.00593	0.00788	0.00938	0.00980	0.00557	0.00632	0.00952	0.01283	0.01709	0.03638	0.70994	0.04347	0.04687	0.00948	0.00287	0.00407	0.04269	0.00615	0.00543
12	0.01585	0.01247	0.01448	0.01065	0.01621	0.01038	0.00856	0.10764	0.01681	0.05517	0.06050	0.01701	0.01400	0.00611	0.00547	0.00125	0.00520	0.00491	0.00475	0.61258
13	0.54349	0.04407	0.11410	0.01130	0.01633	0.07495	0.01052	0.02097	0.03701	0.02679	0.01055	0.01208	0.00818	0.00634	0.00476	0.00199	0.00650	0.00403	0.00395	0.04210
14	0.01215	0.00892	0.01026	0.00970	0.01141	0.00893	0.00691	0.10095	0.05081	0.02000	0.02751	0.17433	0.07304	0.31301	0.01817	0.00399	0.00572	0.07181	0.00528	0.06712
15	0.12884	0.08497	0.24505	0.03450	0.06192	0.03439	0.01529	0.04209	0.12738	0.06395	0.01570	0.04199	0.01231	0.00732	0.00599	0.00201	0.00736	0.00571	0.00433	0.05892
16	0.15669	0.10956	0.02107	0.06367	0.05128	0.15352	0.09175	0.05284	0.01551	0.02214	0.01128	0.01363	0.00912	0.00604	0.00557	0.00170	0.00789	0.00471	0.00374	0.19828
17	0.03783	0.04407	0.06525	0.01648	0.01956	0.11438	0.07304	0.01975	0.05976	0.01883	0.01189	0.01570	0.01027	0.01128	0.05875	0.00280	0.30314	0.00560	0.00350	0.10813
18	0.00908	0.00648	0.00798	0.00867	0.00994	0.00582	0.00616	0.01072	0.01451	0.04339	0.11853	0.43589	0.24331	0.01855	0.00826	0.00251	0.00380	0.03415	0.00642	0.00584
19	0.01330	0.00829	0.01051	0.00977	0.01184	0.00793	0.00755	0.06089	0.01787	0.11238	0.35325	0.06650	0.06776	0.10798	0.01121	0.00282	0.00467	0.11174	0.00679	0.00696
20	0.03678	0.08630	0.13568	0.13700	0.10367	0.11444	0.15513	0.05371	0.04563	0.02090	0.01293	0.01616	0.01009	0.00805	0.03313	0.00236	0.00975	0.00583	0.00353	0.00892
21	0.01043	0.00786	0.01012	0.00969	0.01000	0.00902	0.00670	0.01125	0.01009	0.01412	0.01855	0.03520	0.02020	0.47322	0.21182	0.00708	0.11730	0.00854	0.00378	0.00503
22	0.00947	0.00651	0.00795	0.00820	0.00846	0.00664	0.00511	0.01005	0.01042	0.01409	0.02320	0.15702	0.02640	0.52901	0.14316	0.00658	0.00793	0.01085	0.00434	0.00460
23	0.05824	0.09845	0.02668	0.11907	0.13312	0.10668	0.17734	0.05008	0.01550	0.04518	0.01214	0.01563	0.00969	0.00695	0.00832	0.00212	0.09658	0.00587	0.00358	0.00877
24	0.06052	0.06667	0.02052	0.01629	0.06330	0.02000	0.01270	0.50295	0.06603	0.03636	0.01562	0.01632	0.01159	0.00911	0.02856	0.00228	0.02873	0.00588	0.00593	0.01066
25	0.01523	0.01440	0.02436	0.14952	0.55151	0.01483	0.01899	0.01903	0.01477	0.02074	0.01471	0.08402	0.01342	0.00745	0.00683	0.00210	0.00776	0.00716	0.00353	0.00966
26	0.01334	0.01272	0.02169	0.61402	0.13263	0.01526	0.04097	0.01771	0.01366	0.01788	0.01199	0.01765	0.00920	0.00671	0.00714	0.00222	0.02825	0.00603	0.00304	0.00791
27	0.01075	0.00873	0.01145	0.01112	0.01240	0.02944	0.00854	0.01391	0.05681	0.01631	0.01985	0.02811	0.04164	0.10870	0.53463	0.00880	0.06115	0.00754	0.00390	0.00624
28	0.00833	0.00655	0.00752	0.00784	0.00945	0.00575	0.00567	0.01019	0.01541	0.01971	0.19696	0.25025	0.39776	0.01740	0.00810	0.00236	0.00348	0.01507	0.00647	0.00575
29	0.04000	0.01494	0.01851	0.01517	0.03750	0.03623	0.07958	0.12791	0.21232	0.09622	0.03864	0.01968	0.01519	0.00768	0.00717	0.00194	0.04187	0.00635	0.00558	0.17750
30	0.01642	0.01790	0.05827	0.05644	0.05251	0.01677	0.49114	0.08675	0.01688	0.02318	0.01340	0.01733	0.01014	0.00612	0.00793	0.00216	0.03445	0.00717	0.00370	0.06133
31	0.01413	0.01431	0.01290	0.03781	0.01493	0.21616	0.00936	0.01603	0.01306	0.01546	0.01610	0.02481	0.01540	0.15061	0.39096	0.00722	0.01415	0.00674	0.00361	0.00624
32	0.00998	0.00764	0.00941	0.01018	0.01164	0.00759	0.00769	0.01424	0.11073	0.02008	0.08468	0.36240	0.13732	0.01777	0.00834	0.00264	0.00447	0.16040	0.00638	0.00641
33	0.08611	0.03586	0.08796	0.06358	0.04087	0.03855	0.04177	0.09709	0.01843	0.34915	0.03854	0.01973	0.01437	0.00765	0.00643	0.00205	0.00690	0.00619	0.02870	0.01006
34	0.02214	0.12670	0.02100	0.01449	0.01943	0.05134	0.01203	0.40307	0.20169	0.03371	0.01774	0.01744	0.01320	0.00794	0.00636	0.00198	0.00703	0.00601	0.00605	0.01065
35	0.00876	0.00640	0.00797	0.00855	0.00954	0.00592	0.00596	0.01044	0.01450	0.01934	0.21171	0.35318	0.15726	0.11180	0.01154	0.00298	0.00404	0.03832	0.00625	0.00556
36	0.02247	0.04365	0.02222	0.05868	0.26374	0.12456	0.03221	0.11247	0.01886	0.21078	0.01629	0.01741	0.01186	0.00703	0.00654	0.00198	0.00802	0.00590	0.00508	0.01025
37	0.01376	0.02576	0.46818	0.01634	0.02410	0.01307	0.03789	0.01983	0.01486	0.05506	0.06266	0.02273	0.03700	0.00790	0.00660	0.00205	0.00823	0.05083	0.00388	0.10926
38	0.01228	0.00751	0.00918	0.00848	0.01077	0.00663	0.00642	0.01462	0.01707	0.13872	0.31246	0.09803	0.28118	0.03585	0.00852	0.00233	0.00381	0.01234	0.00696	0.00682
39	0.03831	0.02361	0.14927	0.08058	0.25028	0.22466	0.07385	0.02219	0.01593	0.02002	0.01179	0.01486	0.00941	0.00633	0.00642	0.00195	0.00970	0.00536	0.00329	0.03218
40	0.00985	0.00623	0.00734	0.00815	0.00921	0.00593	0.00582	0.01184	0.01361	0.02000	0.03462	0.36648	0.10735	0.03796	0.00798	0.00242	0.00381	0.05801	0.27760	0.00576
41	0.25213	0.01537	0.01532	0.01233	0.01706	0.06337	0.01008	0.23218	0.02060	0.25194	0.01719	0.01669	0.01182	0.00753	0.00589	0.00202	0.00643	0.00546	0.02673	0.00985
42	0.00976	0.00651	0.00732	0.00732	0.00732	0.00651	0.00407	0.00976	0.00976	0.01301	0.02114	0.04391	0.02439	0.76419	0.03415	0.00651	0.00651	0.00976	0.00407	0.00407
43	0.01086	0.00836	0.01002	0.00946	0.01162	0.00811	0.02590	0.03812	0.07590	0.04076	0.07663	0.08706	0.33084	0.11239	0.07585	0.00361	0.00588	0.05634	0.00583	0.00645
44	0.01306	0.01095	0.01296	0.00965	0.01477	0.00844	0.00764	0.01608	0.01489	0.02284	0.14812	0.02089	0.02022	0.00665	0.00554	0.00121	0.00462	0.00555	0.00463	0.65128
45	0.01624	0.01583	0.02574	0.16027	0.58267	0.04142	0.01999	0.02023	0.01510	0.02091	0.01242	0.01666	0.01027	0.00614	0.00663	0.00202	0.00828	0.00592	0.00327	0.00999
46	0.04033	0.03172	0.62061	0.01931	0.02860	0.01548	0.08159	0.02164	0.01440	0.04723	0.01261	0.01471	0.00890	0.00638	0.00645	0.00213	0.00973	0.00523	0.00312	0.00981
47	0.02186	0.01627	0.01845	0.01554	0.04346	0.04235	0.03061	0.38566	0.10549	0.09612	0.01920	0.06433	0.01528	0.03392	0.03086	0.00254	0.03445	0.00722	0.00620	0.01019
48	0.01521	0.01693	0.03399	0.02527	0.04879	0.04157	0.55831	0.01997	0.01565	0.02064	0.01922	0.02291	0.08646	0.00751	0.00842	0.02844	0.01022	0.00834	0.00368	0.00848
49	0.00958	0.00670	0.00853	0.00857	0.00911	0.00697	0.00570	0.01068	0.01122	0.01548	0.09445	0.08484	0.02753	0.43035	0.23469	0.00705	0.00933	0.00985	0.00441	0.00495
50	0.00976	0.00651	0.00732	0.00732	0.00732	0.00651	0.00407	0.00976	0.00976	0.01301	0.02114	0.04391	0.02439	0.76419	0.03415	0.00651	0.00651	0.00976	0.00407	0.00407
51	0.01404	0.01967	0.18446	0.02313	0.02953	0.01474	0.43591	0.01941	0.01497	0.02071	0.01715	0.14109	0.01553	0.00838	0.00769	0.00231	0.00977	0.00914	0.00375	0.00864
52	0.01759	0.01421	0.01520	0.01354	0.01743	0.01623	0.01057	0.03546	0.66388	0.07493	0.02725	0.02489	0.02022	0.00905	0.00682	0.00226	0.00534	0.00753	0.00693	0.01067
53	0.01025	0.00775	0.00985	0.01040	0.01176	0.00785	0.00793	0.04705	0.03928	0.02002	0.08037	0.34589	0.12723	0.02011	0.05773	0.00320	0.02884	0.15216	0.00606	0.00627
54	0.41173	0.26305	0.02246	0.01256	0.01737	0.01935	0.09578	0.01990	0.01265	0.02363	0.00984	0.01194	0.00815	0.00626	0.00552	0.00193	0.04209	0.00426	0.00358	0.00794
55	0.00860	0.00719	0.00759	0.00772	0.00993	0.00634	0.00594	0.01117	0.04507	0.01872	0.06209	0.08371	0.60202	0.01692	0.00804	0.00236	0.00377	0.08065	0.00625	0.00592
56	0.01738	0.67607	0.12238	0.01244	0.01871	0.02517	0.01315	0.02024	0.01370	0.01647	0.00967	0.01119	0.00860	0.00582	0.00457	0.00152	0.00752	0.00376	0.00287	0.00877
57	0.01590	0.01621	0.02836	0.13512	0.37040	0.03590	0.18490	0.02005	0.01476	0.02042	0.01232	0.01684	0.01005	0.00660	0.00847	0.00218	0.08250	0.00639	0.00326	0.00939
58	0.01638	0.01339	0.01524	0.01111	0.01695	0.01147	0.00897	0.16247	0.01767	0.02622	0.01282	0.01438	0.01025	0.00563	0.00534	0.00121	0.00548	0.00442	0.00456	0.63603
59	0.00879	0.00634	0.00826	0.00960	0.01017	0.00610	0.00660	0.01068	0.03821	0.01748	0.03548	0.63396	0.04176	0.06903	0.01023	0.00298	0.00429	0.06832	0.00611	0.00560
60	0.01553	0.01761	0.03832	0.02752	0.03405	0.01651	0.67021	0.02101	0.01572	0.02132	0.01451	0.04785	0.01155	0.00627	0.00794	0.00228	0.01101	0.00837	0.00351	0.00891
61	0.00903	0.00702	0.00813	0.00821	0.00999	0.00633	0.00610	0.03053	0.01633	0.02115	0.23989	0.19104	0.36208	0.01665	0.00806	0.00234	0.00365	0.04089	0.00656	0.00600
62	0.00964	0.00649	0.00749	0.00759	0.00767	0.00651	0.00438	0.00982	0.01001	0.01339	0.02208	0.09120	0.02543	0.68573	0.06066	0.00642	0.00679	0.01028	0.00419	0.00424
63	0.00970	0.00674	0.00852	0.00852	0.00894	0.00716	0.00557	0.01053	0.01011	0.01390	0.02004	0.03780	0.02174	0.51582	0.27890	0.00799	0.01049	0.00886	0.00390	0.00474
64	0.02506	0.03198	0.01901	0.01729	0.02074	0.73725	0.01296	0.02679	0.01901	0.01642	0.01037	0.01210	0.00864	0.00691	0.00605	0.00173	0.01210	0.00432	0.00346	0.00778
65	0.01712	0.05411	0.02375	0.08788	0.26101	0.11388	0.09422	0.02066	0.01539	0.03975	0.01241	0.01550	0.01005	0.00594	0.00619	0.00174	0.00818	0.00539	0.00359	0.20323
66	0.02099	0.02367	0.04578	0.04063	0.02531	0.32623	0.21116	0.06567	0.06114	0.05847	0.01358	0.01580	0.01043	0.00704	0.00750	0.00204	0.04581	0.00594	0.00405	0.00877
67	0.01251	0.00625	0.00625	0.00625	0.00782	0.00625	0.00469	0.01563	0.01407	0.02502	0.02189	0.02502	0.01720	0.00782	0.00469	0.00156	0.00313	0.00625	0.80144	0.00625
68	0.03590	0.01460	0.01895	0.09428	0.15948	0.06735	0.05190	0.07413	0.13704	0.06881	0.08828	0.05606	0.03865	0.00921	0.00759	0.00219	0.03688	0.02452	0.00516	0.00901
69	0.06902	0.49171	0.07484	0.01258	0.01824	0.07842	0.01213	0.06703	0.01569	0.08906	0.01173	0.01265	0.00950	0.00631	0.00497	0.00164	0.00748	0.00421	0.00378	0.00901
70	0.00818	0.00584	0.00779	0.00934	0.00973	0.00545	0.00623	0.00934	0.01285	0.01713	0.03698	0.75981	0.04438	0.02102	0.00856	0.00273	0.00389	0.01908	0.00623	0.00545
71	0.00812	0.00680	0.00706	0.00699	0.00918	0.00574	0.00525	0.00999	0.01574	0.01918	0.14581	0.06285	0.64111	0.01660	0.00793	0.00225	0.00337	0.01392	0.00637	0.00574
72	0.01567	0.26085	0.35486	0.01543	0.02310	0.01807	0.03752	0.02116	0.03430	0.04455	0.01217	0.01380	0.00940	0.00612	0.00562	0.00177	0.00819	0.00463	0.00331	0.10947
73	0.01470	0.06422	0.02296	0.19881	0.29295	0.01532	0.06117	0.02041	0.10208	0.02084	0.03642	0.04753	0.05793	0.00792	0.00679	0.00211	0.00749	0.00727	0.00404	0.00903
74	0.07222	0.02600	0.01771	0.01580	0.01911	0.51001	0.01210	0.06128	0.03720	0.04551	0.05905	0.01570	0.01299	0.00783	0.00723	0.00190	0.06100	0.00518	0.00417	0.00802
75	0.00855	0.00678	0.00772	0.00783	0.00969	0.00595	0.00590	0.01067	0.01603	0.02044	0.23257	0.12998	0.43841	0.01663	0.00807	0.00232	0.00356	0.05651	0.00653	0.00585
76	0.01673	0.03956	0.09235	0.15627	0.14798	0.04157	0.15449	0.06776	0.05366	0.06594	0.01456	0.01793	0.01118	0.00953	0.05283	0.00268	0.03547	0.00635	0.00396	0.00920
77	0.01474	0.01404	0.02387	0.37591	0.40218	0.01545	0.01967	0.01896	0.01440	0.01966	0.01229	0.01721	0.00983	0.00632	0.00667	0.00211	0.00843	0.00597	0.00316	0.00913
78	0.01587	0.01233	0.01345	0.01212	0.01558	0.01354	0.00946	0.02942	0.48337	0.08448	0.09230	0.03355	0.11739	0.01072	0.00712	0.00226	0.00493	0.02567	0.00690	0.00955
79	0.00908	0.00683	0.00842	0.00823	0.00993	0.00617	0.00620	0.01176	0.01757	0.02384	0.48574	0.09115	0.23168	0.01515	0.00801	0.00222	0.00339	0.04156	0.00698	0.00611
80	0.11679	0.02124	0.15415	0.06993	0.05198	0.09363	0.24280	0.07030	0.01583	0.02280	0.01208	0.01536	0.00926	0.00673	0.00787	0.00218	0.06871	0.00596	0.00357	0.00883
81	0.02536	0.01723	0.01884	0.01452	0.01966	0.01870	0.01197	0.58257	0.02912	0.12403	0.01767	0.01740	0.01235	0.00807	0.00661	0.00200	0.00695	0.00614	0.04967	0.01113
82	0.00818	0.00584	0.00779	0.00934	0.00973	0.00545	0.00623	0.00934	0.01285	0.01713	0.03698	0.75981	0.04438	0.02102	0.00856	0.00273	0.00389	0.01908	0.00623	0.00545
83	0.00833	0.00603	0.00787	0.00906	0.00973	0.00557	0.00617	0.00978	0.01378	0.01842	0.12467	0.62515	0.09094	0.01984	0.00844	0.00262	0.00377	0.01788	0.00637	0.00557
84	0.02439	0.04681	0.01929	0.01667	0.02045	0.58188	0.01275	0.11180	0.06680	0.02044	0.01220	0.01344	0.00978	0.00718	0.00614	0.00179	0.01093	0.00474	0.00408	0.00845
85	0.00840	0.00637	0.00779	0.00865	0.00983	0.00576	0.00619	0.01006	0.01439	0.01859	0.11298	0.42567	0.25877	0.01887	0.00835	0.00254	0.00382	0.06097	0.00634	0.00565
86	0.01251	0.00625	0.00625	0.00625	0.00782	0.00625	0.00469	0.01563	0.01407	0.02502	0.02189	0.02502	0.01720	0.00782	0.00469	0.00156	0.00313	0.00625	0.80144	0.00625
87	0.00827	0.00681	0.00727	0.00716	0.00927	0.00581	0.00537	0.01030	0.01611	0.02005	0.21086	0.06140	0.57552	0.01627	0.00793	0.00223	0.00335	0.01372	0.00648	0.00581
88	0.00867	0.00686	0.00784	0.00780	0.00974	0.00603	0.00594	0.01096	0.01653	0.02128	0.29108	0.07698	0.42982	0.01606	0.00803	0.00228	0.00352	0.05803	0.00663	0.00593
89	0.01669	0.01441	0.01517	0.01365	0.01745	0.01669	0.01062	0.03565	0.71021	0.02807	0.02731	0.02503	0.02048	0.00910	0.00683	0.00228	0.00531	0.00759	0.00683	0.01062
90	0.81159	0.01298	0.00986	0.00882	0.01298	0.01505	0.00727	0.01972	0.01142	0.03010	0.00934	0.01090	0.00727	0.00623	0.00415	0.00208	0.00519	0.00363	0.00415	0.00727
91	0.01346	0.03471	0.72942	0.01912	0.02904	0.01558	0.02479	0.02125	0.01417	0.02125	0.01204	0.01417	0.00850	0.00637	0.00637	0.00212	0.00992	0.00496	0.00283	0.00992
92	0.00959	0.00719	0.01078	0.01078	0.01198	0.00839	0.00839	0.01198	0.01078	0.01558	0.01797	0.02636	0.01677	0.05032	0.73760	0.01078	0.01797	0.00719	0.00359	0.00599
93	0.01391	0.01193	0.01391	0.00994	0.01590	0.00894	0.00795	0.01690	0.01391	0.02186	0.01193	0.01391	0.00994	0.00497	0.00497	0.00099	0.00497	0.00398	0.00398	0.80521
94	0.00893	0.00762	0.00778	0.00760	0.01000	0.00688	0.00574	0.01255	0.09016	0.01955	0.08971	0.05974	0.61812	0.01601	0.00781	0.00226	0.00359	0.01337	0.00634	0.00622
95	0.00879	0.00683	0.00799	0.00770	0.00959	0.00603	0.00577	0.01129	0.01732	0.02294	0.42498	0.05665	0.35959	0.01520	0.00792	0.00218	0.00327	0.01305	0.00686	0.00603
96	0.01267	0.01193	0.02013	0.74806	0.04621	0.01491	0.01863	0.01714	0.01342	0.01714	0.01193	0.01789	0.00894	0.00671	0.00671	0.00224	0.00894	0.00596	0.00298	0.00745
97	0.00959	0.00716	0.01062	0.01062	0.01176	0.00830	0.00818	0.01188	0.01073	0.01545	0.01812	0.02719	0.01714	0.08424	0.70418	0.01058	0.01743	0.00731	0.00362	0.00590
98	0.02409	0.01710	0.01874	0.01464	0.01954	0.01878	0.01199	0.57372	0.04815	0.08416	0.01736	0.01820	0.01270	0.03011	0.05642	0.00273	0.00790	0.00630	0.00654	0.01084
99	0.01463	0.02379	0.31727	0.04900	0.14642	0.06300	0.13816	0.02018	0.01531	0.02119	0.06569	0.04133	0.01528	0.00761	0.00696	0.00215	0.00914	0.03014	0.00361	0.00913

[dist]
# distance from previous block
# <min> <max>
0	18

[block]
# block no. 2 follows, 32 sequences, length 29
# corresponding to MSA columns:
# 210-238
name=unknown_C
#
# <colnr> <probs for GDERKNQSTAVLIFYWHMCP>
#	G	D	E	R	K	N	Q	S	T	A	V	L	I	F	Y	W	H	M	C	P
0	0.01886	0.01697	0.01591	0.01408	0.01792	0.12376	0.01095	0.08087	0.50818	0.05511	0.04704	0.02322	0.01935	0.00882	0.00674	0.00216	0.00641	0.00711	0.00639	0.01014
1	0.09090	0.01101	0.01446	0.15097	0.06999	0.01186	0.01145	0.11778	0.01686	0.06702	0.05966	0.16927	0.05408	0.01306	0.02650	0.00258	0.00648	0.09288	0.00540	0.00778
2	0.00818	0.00584	0.00779	0.00934	0.00973	0.00545	0.00623	0.00934	0.01285	0.01713	0.03698	0.75981	0.04438	0.02102	0.00856	0.00273	0.00389	0.01908	0.00623	0.00545
3	0.02343	0.01086	0.01379	0.01117	0.01541	0.01009	0.00900	0.02859	0.12148	0.44812	0.10596	0.02621	0.02242	0.00888	0.00663	0.00202	0.00508	0.00735	0.08377	0.03974
4	0.03997	0.01764	0.12217	0.18809	0.43905	0.01568	0.04117	0.01995	0.01462	0.02105	0.01232	0.01641	0.00986	0.00619	0.00658	0.00207	0.00846	0.00582	0.00321	0.00970
5	0.01666	0.01507	0.02388	0.26537	0.39967	0.01633	0.01879	0.12074	0.01710	0.02342	0.01292	0.01695	0.01020	0.00652	0.00667	0.00207	0.00820	0.00598	0.00372	0.00972
6	0.00832	0.00630	0.00768	0.00842	0.00958	0.00566	0.00590	0.00999	0.01462	0.01907	0.16048	0.42929	0.25325	0.01857	0.00826	0.00248	0.00362	0.01642	0.00642	0.00566
7	0.03010	0.01142	0.01557	0.01194	0.01713	0.00986	0.00986	0.03270	0.01920	0.72698	0.02647	0.02284	0.01661	0.00830	0.00675	0.00208	0.00571	0.00675	0.00830	0.01142
8	0.01331	0.01178	0.01238	0.01335	0.08453	0.09543	0.00862	0.03721	0.08103	0.01918	0.10360	0.03837	0.07746	0.28795	0.04186	0.00404	0.00698	0.05138	0.00492	0.00661
9	0.01857	0.12232	0.35946	0.01764	0.02527	0.04628	0.10697	0.02393	0.01565	0.17867	0.01506	0.01610	0.01056	0.00665	0.00638	0.00203	0.00889	0.00554	0.00416	0.00988
10	0.00976	0.00651	0.00732	0.00732	0.00732	0.00651	0.00407	0.00976	0.00976	0.01301	0.02114	0.04391	0.02439	0.76419	0.03415	0.00651	0.00651	0.00976	0.00407	0.00407
11	0.01584	0.01810	0.03959	0.02828	0.03507	0.01697	0.69796	0.02149	0.01584	0.02149	0.01357	0.01810	0.01018	0.00566	0.00792	0.00226	0.01131	0.00792	0.00339	0.00905
12	0.01464	0.06557	0.23428	0.01649	0.02206	0.06667	0.11166	0.06082	0.06046	0.02126	0.02235	0.04878	0.09804	0.01202	0.05556	0.00276	0.02702	0.04682	0.00421	0.00851
13	0.02148	0.01450	0.10476	0.01397	0.04726	0.01176	0.01187	0.09049	0.07831	0.33595	0.09765	0.06944	0.02189	0.01104	0.03601	0.00248	0.00656	0.00785	0.00671	0.01000
14	0.00812	0.00606	0.00756	0.00876	0.00958	0.00550	0.00597	0.00941	0.01341	0.01736	0.04410	0.60014	0.19945	0.02010	0.00842	0.00262	0.00378	0.01795	0.00623	0.00550
15	0.01794	0.76823	0.03516	0.01148	0.01722	0.02655	0.01148	0.02009	0.01363	0.01579	0.00933	0.01076	0.00861	0.00574	0.00431	0.00144	0.00718	0.00359	0.00287	0.00861
16	0.06950	0.25509	0.06914	0.01411	0.01908	0.20419	0.01242	0.10456	0.12106	0.05042	0.01393	0.01457	0.01095	0.00699	0.00563	0.00181	0.00818	0.00488	0.00435	0.00914
17	0.01007	0.00791	0.01172	0.01144	0.01252	0.00955	0.00899	0.01238	0.01073	0.01563	0.01710	0.02524	0.01601	0.04663	0.66908	0.01003	0.08825	0.00706	0.00353	0.00612
18	0.02781	0.01114	0.01499	0.01170	0.01653	0.00982	0.00959	0.03108	0.04550	0.63984	0.08637	0.02528	0.02080	0.00880	0.00685	0.00209	0.00547	0.00725	0.00817	0.01095
19	0.01267	0.01193	0.02013	0.74806	0.04621	0.01491	0.01863	0.01714	0.01342	0.01714	0.01193	0.01789	0.00894	0.00671	0.00671	0.00224	0.00894	0.00596	0.00298	0.00745
20	0.01953	0.25776	0.10921	0.01971	0.10974	0.23919	0.08422	0.05109	0.01652	0.01907	0.01109	0.01326	0.00914	0.00629	0.00584	0.00178	0.00952	0.00481	0.00332	0.00892
21	0.02007	0.10939	0.02148	0.01675	0.01908	0.36753	0.01348	0.02174	0.01488	0.01624	0.00962	0.01298	0.00871	0.00872	0.01227	0.00218	0.30911	0.00486	0.00318	0.00770
22	0.01605	0.02581	0.33234	0.01965	0.02726	0.08653	0.19074	0.06492	0.01615	0.02228	0.01251	0.01505	0.00934	0.00614	0.00655	0.00194	0.00958	0.00557	0.00346	0.12812
23	0.01805	0.60358	0.12466	0.01284	0.01910	0.02459	0.01334	0.08251	0.01534	0.01893	0.01030	0.01170	0.00885	0.00604	0.00480	0.00158	0.00755	0.00399	0.00322	0.00904
24	0.00975	0.00655	0.00754	0.00754	0.00762	0.00663	0.00434	0.00990	0.00982	0.01318	0.02094	0.04278	0.02390	0.71821	0.07946	0.00678	0.00724	0.00959	0.00404	0.00419
25	0.01352	0.01141	0.01328	0.00969	0.01508	0.00871	0.00758	0.01621	0.01352	0.02102	0.01281	0.01679	0.01132	0.07767	0.00776	0.00152	0.00512	0.00453	0.00398	0.72849
26	0.01418	0.01216	0.01403	0.01029	0.01605	0.00969	0.00821	0.01869	0.08059	0.02246	0.01340	0.01498	0.01095	0.00537	0.00515	0.00112	0.00500	0.00432	0.00425	0.72912
27	0.01572	0.08668	0.04891	0.01511	0.02118	0.01311	0.17789	0.03744	0.01529	0.05739	0.03890	0.01648	0.01215	0.00584	0.00592	0.00151	0.00695	0.00543	0.00410	0.41399
28	0.02506	0.05138	0.02026	0.01600	0.02065	0.29572	0.01279	0.41687	0.02608	0.03140	0.01366	0.01438	0.01025	0.00753	0.00637	0.00188	0.00918	0.00529	0.00532	0.00992

[dist]
# distance from previous block
# <min> <max>
0	1

[block]
# block no. 3 follows, 32 sequences, length 38
# corresponding to MSA columns:
# 240-277
name=unknown_D
#
# <colnr> <probs for GDERKNQSTAVLIFYWHMCP>
#	G	D	E	R	K	N	Q	S	T	A	V	L	I	F	Y	W	H	M	C	P
0	0.01855	0.04371	0.10130	0.01745	0.07277	0.08284	0.06661	0.19288	0.11775	0.02700	0.01609	0.01886	0.01272	0.00738	0.00644	0.00190	0.00768	0.03323	0.00485	0.15003
1	0.01267	0.01193	0.02013	0.74806	0.04621	0.01491	0.01863	0.01714	0.01342	0.01714	0.01193	0.01789	0.00894	0.00671	0.00671	0.00224	0.00894	0.00596	0.00298	0.00745
2	0.01391	0.01193	0.01391	0.00994	0.01590	0.00894	0.00795	0.01690	0.01391	0.02186	0.01193	0.01391	0.00994	0.00497	0.00497	0.00099	0.00497	0.00398	0.00398	0.80521
3	0.01267	0.01193	0.02013	0.74806	0.04621	0.01491	0.01863	0.01714	0.01342	0.01714	0.01193	0.01789	0.00894	0.00671	0.00671	0.00224	0.00894	0.00596	0.00298	0.00745
4	0.02779	0.01513	0.01787	0.01370	0.01898	0.01537	0.01132	0.36825	0.02541	0.38266	0.02126	0.01945	0.01400	0.00818	0.00673	0.00204	0.00655	0.00639	0.00750	0.01141
5	0.00874	0.00708	0.00780	0.00757	0.00967	0.00626	0.00569	0.01152	0.04033	0.02135	0.28004	0.05848	0.48038	0.01565	0.00789	0.00222	0.00339	0.01327	0.00663	0.00605
6	0.00969	0.00659	0.00841	0.00943	0.01013	0.00644	0.00684	0.01124	0.01286	0.01749	0.03118	0.31657	0.03530	0.21724	0.01528	0.00375	0.00518	0.20371	0.06732	0.00535
7	0.00853	0.00665	0.00777	0.00800	0.00966	0.00588	0.00590	0.01058	0.01583	0.02046	0.24337	0.20685	0.36747	0.01698	0.00811	0.00235	0.00354	0.03969	0.00655	0.00583
8	0.00798	0.00680	0.00687	0.00685	0.00910	0.00569	0.00514	0.00973	0.01542	0.01843	0.09033	0.06408	0.69706	0.01688	0.00793	0.00226	0.00339	0.01409	0.00627	0.00569
9	0.01889	0.01392	0.01524	0.01337	0.01740	0.01557	0.01050	0.03517	0.59676	0.14282	0.02717	0.02467	0.01985	0.00897	0.00681	0.00224	0.00538	0.00745	0.00707	0.01075
10	0.01749	0.61674	0.15015	0.01291	0.01933	0.02450	0.01375	0.04693	0.01442	0.01773	0.01005	0.01154	0.00870	0.00594	0.00474	0.00157	0.00764	0.00391	0.00301	0.00894
11	0.01267	0.01193	0.02013	0.74806	0.04621	0.01491	0.01863	0.01714	0.01342	0.01714	0.01193	0.01789	0.00894	0.00671	0.00671	0.00224	0.00894	0.00596	0.00298	0.00745
12	0.01802	0.01331	0.01445	0.01252	0.01618	0.01473	0.00985	0.16355	0.37560	0.07497	0.07013	0.05327	0.02177	0.00946	0.00669	0.00213	0.00530	0.00781	0.10044	0.00983
13	0.00832	0.00595	0.00792	0.00924	0.00976	0.00555	0.00624	0.00971	0.01352	0.01821	0.11212	0.68160	0.04647	0.02022	0.00849	0.00266	0.00381	0.01831	0.00636	0.00555
14	0.01794	0.76823	0.03516	0.01148	0.01722	0.02655	0.01148	0.02009	0.01363	0.01579	0.00933	0.01076	0.00861	0.00574	0.00431	0.00144	0.00718	0.00359	0.00287	0.00861
15	0.01145	0.00970	0.01361	0.01149	0.01489	0.00820	0.07839	0.01387	0.01368	0.01949	0.02508	0.29269	0.05368	0.04390	0.00814	0.00214	0.00529	0.04377	0.00494	0.32559
16	0.00966	0.00657	0.00759	0.00771	0.00793	0.00655	0.00463	0.00999	0.01038	0.01377	0.02418	0.07318	0.05461	0.64709	0.05765	0.00621	0.00669	0.03699	0.00431	0.00434
17	0.02657	0.01708	0.01908	0.01463	0.01995	0.01827	0.01208	0.54496	0.02868	0.20133	0.01852	0.01767	0.01262	0.00811	0.00672	0.00203	0.00699	0.00621	0.00708	0.01141
18	0.01381	0.01102	0.01317	0.01013	0.01521	0.00856	0.00806	0.01660	0.01413	0.05023	0.01659	0.09134	0.01554	0.00760	0.00569	0.00135	0.00498	0.05170	0.00452	0.63978
