[name]
unknown

[dist]
# distance from previous block
# <min> <max>
46	89

[block]
# block no. 0 follows, 33 sequences, length 12
# corresponding to MSA columns:
# 96-107
name=unknown_A
#
# <colnr> <probs for GDERKNQSTAVLIFYWHMCP>
#	G	D	E	R	K	N	Q	S	T	A	V	L	I	F	Y	W	H	M	C	P
0	0.01352	0.01279	0.02198	0.33576	0.30250	0.01391	0.05909	0.01737	0.01394	0.01888	0.01533	0.11626	0.01410	0.00811	0.00687	0.00217	0.00789	0.00768	0.00350	0.00835
1	0.06027	0.01217	0.01446	0.01157	0.01583	0.01188	0.02801	0.13125	0.10229	0.10456	0.06160	0.02143	0.01663	0.05592	0.08095	0.00284	0.00681	0.00620	0.00532	0.25000
2	0.06341	0.01700	0.06257	0.20527	0.21264	0.09040	0.01586	0.10949	0.01635	0.02247	0.01225	0.01598	0.00981	0.02463	0.00725	0.00205	0.02909	0.00543	0.00371	0.07434
3	0.07329	0.00976	0.01171	0.01184	0.05405	0.00998	0.00817	0.09233	0.06537	0.05897	0.04286	0.23043	0.03884	0.14273	0.05843	0.00346	0.00612	0.02414	0.00538	0.05216
4	0.06992	0.11737	0.01896	0.01347	0.01757	0.07300	0.03669	0.25185	0.11126	0.04197	0.02033	0.06555	0.05629	0.02441	0.00734	0.00213	0.02782	0.02969	0.00537	0.00900
5	0.08383	0.01716	0.05435	0.01414	0.01935	0.11595	0.08564	0.13607	0.01781	0.06433	0.03834	0.01773	0.01267	0.00683	0.00597	0.00169	0.00722	0.02802	0.00460	0.26829
6	0.01422	0.01273	0.01988	0.51988	0.12696	0.01506	0.01703	0.07472	0.06790	0.02006	0.01326	0.01786	0.01013	0.00734	0.00724	0.02993	0.00815	0.00597	0.00355	0.00811
7	0.04473	0.01349	0.01466	0.01299	0.01529	0.08151	0.01023	0.15475	0.08552	0.02223	0.01614	0.02155	0.01415	0.08065	0.27115	0.00549	0.11694	0.00649	0.00441	0.00765
8	0.01915	0.01503	0.01720	0.01539	0.07575	0.01595	0.01135	0.34062	0.16369	0.03205	0.06037	0.05998	0.01751	0.00855	0.00654	0.00193	0.00612	0.00700	0.00598	0.11984
9	0.01105	0.00848	0.01078	0.01033	0.01139	0.00958	0.00756	0.05312	0.05684	0.01718	0.02226	0.11868	0.04775	0.24914	0.26039	0.00633	0.07949	0.00929	0.00439	0.00597
10	0.13581	0.01471	0.01432	0.01218	0.01554	0.09297	0.00959	0.21108	0.07929	0.07097	0.12333	0.02353	0.02031	0.07297	0.04657	0.00283	0.03321	0.00682	0.00558	0.00839
11	0.25399	0.01623	0.01440	0.01235	0.01600	0.12344	0.00980	0.14190	0.12015	0.02648	0.01658	0.01824	0.04747	0.03743	0.00799	0.00219	0.06795	0.00561	0.00479	0.05698

[dist]
# distance from previous block
# <min> <max>
21	76

[block]
# block no. 1 follows, 33 sequences, length 51
# corresponding to MSA columns:
# 185-235
name=unknown_B
#
# <colnr> <probs for GDERKNQSTAVLIFYWHMCP>
#	G	D	E	R	K	N	Q	S	T	A	V	L	I	F	Y	W	H	M	C	P
0	0.06848	0.03746	0.03443	0.03005	0.01709	0.13247	0.04643	0.09971	0.01574	0.07260	0.03601	0.03725	0.03067	0.15005	0.01333	0.00285	0.10768	0.00669	0.00441	0.05663
1	0.10532	0.06443	0.05379	0.03758	0.05496	0.01461	0.01125	0.11311	0.13287	0.06396	0.04318	0.01954	0.01455	0.00755	0.00647	0.00186	0.03399	0.02979	0.00495	0.18625
2	0.07939	0.04671	0.08327	0.04103	0.12768	0.09927	0.03144	0.11663	0.09354	0.02471	0.06747	0.01969	0.04125	0.00750	0.00617	0.00188	0.00715	0.00608	0.00457	0.09457
3	0.05658	0.09335	0.04219	0.06316	0.02026	0.04222	0.09169	0.04592	0.20286	0.09902	0.11340	0.02395	0.02051	0.00852	0.00705	0.00210	0.03069	0.02230	0.00536	0.00888
4	0.05600	0.01503	0.08622	0.14398	0.10944	0.06508	0.03525	0.01807	0.01469	0.05747	0.05451	0.04773	0.09031	0.00806	0.00631	0.00187	0.00686	0.00683	0.00420	0.17211
5	0.06287	0.01648	0.04377	0.17908	0.33698	0.08660	0.06457	0.02076	0.06092	0.02068	0.01359	0.04008	0.01130	0.00678	0.00648	0.00205	0.00824	0.00618	0.00356	0.00903
6	0.02153	0.01579	0.01724	0.01481	0.05469	0.03796	0.01120	0.45703	0.05168	0.06873	0.01818	0.05820	0.01480	0.07893	0.00906	0.00240	0.00679	0.00698	0.04420	0.00981
7	0.02217	0.03941	0.01931	0.01480	0.01938	0.01958	0.01219	0.49928	0.13047	0.03562	0.01646	0.01676	0.01216	0.00823	0.00787	0.00205	0.07627	0.00600	0.00606	0.03592
8	0.77337	0.01281	0.00995	0.00891	0.01296	0.01485	0.00730	0.02017	0.04805	0.02943	0.01009	0.01142	0.00781	0.00626	0.00421	0.00205	0.00510	0.00377	0.00421	0.00730
9	0.01059	0.00687	0.00886	0.00922	0.01065	0.00613	0.00647	0.01212	0.01363	0.08390	0.07011	0.53770	0.07418	0.03809	0.00856	0.00252	0.00408	0.01547	0.00611	0.07474
10	0.05385	0.01060	0.01451	0.08019	0.18261	0.01095	0.01124	0.03389	0.09033	0.02163	0.09898	0.10296	0.17602	0.01275	0.02827	0.00246	0.00584	0.05006	0.00517	0.00768
11	0.01187	0.00930	0.01126	0.01072	0.01228	0.04720	0.00818	0.07984	0.01302	0.01802	0.01764	0.02619	0.01646	0.12877	0.50966	0.00832	0.01423	0.00706	0.04371	0.00627
12	0.02195	0.01748	0.01866	0.05170	0.02055	0.07056	0.01252	0.39722	0.14278	0.06910	0.01680	0.01729	0.01238	0.00835	0.00822	0.00211	0.09020	0.00608	0.00587	0.01017
13	0.01330	0.03780	0.01304	0.01148	0.01356	0.01221	0.00872	0.09878	0.19764	0.02234	0.05282	0.25438	0.04905	0.08292	0.03600	0.00302	0.06868	0.01101	0.00569	0.00756
14	0.04055	0.01473	0.02541	0.12490	0.18428	0.03776	0.24426	0.04220	0.01546	0.04156	0.05670	0.04621	0.04096	0.00873	0.02822	0.00238	0.02568	0.00751	0.00395	0.00854
15	0.01620	0.01015	0.01177	0.01034	0.01335	0.01036	0.00811	0.08331	0.17800	0.15020	0.19726	0.05390	0.07605	0.01065	0.00679	0.00206	0.00448	0.02254	0.12605	0.00841
16	0.07324	0.13617	0.02266	0.07633	0.13609	0.24633	0.03329	0.15861	0.01871	0.02304	0.01164	0.01370	0.00931	0.00659	0.00588	0.00183	0.00885	0.00491	0.00393	0.00890
17	0.01623	0.01596	0.02540	0.13068	0.60297	0.05351	0.01957	0.02009	0.01495	0.02062	0.01218	0.01622	0.01011	0.00601	0.00650	0.00197	0.00816	0.00578	0.00322	0.00988
18	0.01343	0.07241	0.69817	0.01837	0.02789	0.01585	0.02365	0.02079	0.01387	0.02057	0.01168	0.01373	0.00835	0.00622	0.00615	0.00205	0.00959	0.00479	0.00278	0.00966
19	0.00815	0.00600	0.00757	0.00861	0.00940	0.00549	0.00588	0.00954	0.01349	0.01777	0.10655	0.55881	0.15835	0.04046	0.00895	0.00265	0.00374	0.01700	0.00616	0.00543
20	0.02582	0.01663	0.01857	0.01430	0.01948	0.01780	0.01179	0.52906	0.04859	0.20157	0.01850	0.01760	0.01265	0.00799	0.00660	0.00200	0.00680	0.00613	0.00695	0.01117
21	0.02503	0.01844	0.01976	0.01515	0.02042	0.02042	0.01251	0.70562	0.03095	0.04149	0.01581	0.01581	0.01120	0.00790	0.00659	0.00198	0.00724	0.00593	0.00659	0.01120
22	0.00795	0.00653	0.00699	0.00718	0.00907	0.00558	0.00527	0.00966	0.01495	0.01836	0.11728	0.16668	0.56774	0.01699	0.00787	0.00228	0.00339	0.01445	0.00621	0.00558
23	0.01842	0.70193	0.03300	0.01153	0.01713	0.02523	0.01130	0.06530	0.01469	0.03689	0.01005	0.01123	0.00885	0.00585	0.00445	0.00146	0.00701	0.00376	0.00321	0.00871
24	0.01607	0.01469	0.02454	0.09718	0.59329	0.01474	0.01868	0.01985	0.01494	0.04762	0.01476	0.01823	0.03610	0.00637	0.00652	0.00195	0.00756	0.00611	0.00354	0.03729
25	0.00813	0.00668	0.00716	0.00704	0.00911	0.00571	0.00528	0.01013	0.01584	0.01976	0.21714	0.06011	0.57322	0.01594	0.00778	0.00219	0.00328	0.01344	0.00637	0.00571
26	0.02384	0.03013	0.01877	0.01698	0.02013	0.68926	0.01284	0.02552	0.01803	0.01609	0.01006	0.01206	0.00849	0.00713	0.00709	0.00178	0.06649	0.00435	0.00335	0.00760
27	0.01838	0.69389	0.03296	0.01167	0.01726	0.02546	0.01139	0.09130	0.01521	0.01820	0.00985	0.01111	0.00874	0.00587	0.00447	0.00147	0.00706	0.00377	0.00321	0.00874
28	0.01487	0.01179	0.01380	0.01015	0.01570	0.00936	0.00810	0.03855	0.04076	0.06393	0.01393	0.03619	0.01154	0.00576	0.00520	0.00116	0.00497	0.00468	0.00440	0.68516
29	0.01994	0.01921	0.07013	0.07158	0.02507	0.13908	0.18891	0.18040	0.03706	0.10361	0.01649	0.06872	0.01311	0.00785	0.00689	0.00208	0.00882	0.00704	0.00484	0.00920
30	0.06193	0.01313	0.01433	0.03583	0.01665	0.06316	0.00986	0.19587	0.01985	0.22667	0.04139	0.10507	0.07314	0.03249	0.00769	0.00228	0.00618	0.05923	0.00637	0.00887
31	0.01865	0.04954	0.02226	0.19113	0.08859	0.31824	0.08515	0.02216	0.04076	0.01762	0.01146	0.01481	0.00930	0.00699	0.00769	0.00200	0.07697	0.00534	0.00332	0.00802
32	0.25794	0.01439	0.01484	0.04891	0.01794	0.04280	0.01033	0.20371	0.07754	0.17833	0.01759	0.01978	0.01315	0.00801	0.00598	0.00209	0.00628	0.04525	0.00584	0.00930
33	0.00813	0.00608	0.00756	0.00845	0.00943	0.00551	0.00586	0.00965	0.01395	0.01827	0.13193	0.50446	0.20924	0.01876	0.00817	0.00249	0.00361	0.01668	0.00626	0.00551
34	0.00878	0.00676	0.00805	0.00787	0.00970	0.00603	0.00600	0.01129	0.01694	0.02247	0.41282	0.05654	0.32991	0.01507	0.00786	0.00219	0.00339	0.05568	0.00671	0.00594
35	0.01095	0.00635	0.00680	0.00669	0.00833	0.00607	0.00502	0.01382	0.01505	0.02395	0.18377	0.03575	0.13173	0.01028	0.00577	0.00175	0.00312	0.00856	0.51017	0.00607
36	0.02954	0.01120	0.01528	0.01171	0.01681	0.00968	0.00968	0.03208	0.01884	0.73213	0.02597	0.02241	0.01630	0.00815	0.00662	0.00204	0.00560	0.00662	0.00815	0.01120
37	0.81514	0.01273	0.00968	0.00866	0.01273	0.01477	0.00713	0.01935	0.01120	0.02954	0.00917	0.01069	0.00713	0.00611	0.00407	0.00204	0.00509	0.00356	0.00407	0.00713
38	0.01630	0.01557	0.02616	0.03912	0.69371	0.01568	0.01974	0.02091	0.04839	0.02179	0.01307	0.01669	0.01089	0.00601	0.00653	0.00197	0.00770	0.00594	0.00342	0.01043
39	0.02160	0.04143	0.01771	0.01424	0.01860	0.10185	0.01150	0.29917	0.24823	0.08813	0.02026	0.02145	0.01541	0.00856	0.00660	0.00207	0.00693	0.03986	0.00623	0.01019
40	0.01440	0.01440	0.02016	0.01728	0.01728	0.02016	0.01440	0.01584	0.01008	0.01584	0.00864	0.01440	0.00864	0.01152	0.02160	0.00288	0.75659	0.00576	0.00288	0.00720
41	0.00811	0.00580	0.00772	0.00911	0.00957	0.00541	0.00612	0.00939	0.01302	0.01747	0.08419	0.71454	0.04483	0.02013	0.00836	0.00263	0.00377	0.01824	0.00619	0.00541
42	0.81514	0.01273	0.00968	0.00866	0.01273	0.01477	0.00713	0.01935	0.01120	0.02954	0.00917	0.01069	0.00713	0.00611	0.00407	0.00204	0.00509	0.00356	0.00407	0.00713
43	0.00864	0.00638	0.00843	0.00902	0.00992	0.00642	0.00641	0.01021	0.01229	0.01653	0.06721	0.33083	0.12647	0.10502	0.23877	0.00542	0.00827	0.01317	0.00515	0.00544
44	0.00940	0.00705	0.01058	0.01058	0.01176	0.00823	0.00823	0.01176	0.01058	0.01528	0.01763	0.02586	0.01646	0.04937	0.74255	0.01058	0.01763	0.00705	0.00353	0.00588
45	0.01537	0.03997	0.05748	0.20703	0.39515	0.01614	0.05294	0.03799	0.03839	0.02059	0.01253	0.01655	0.01011	0.00647	0.00727	0.00207	0.04538	0.00589	0.00333	0.00936
46	0.00957	0.00638	0.00718	0.00718	0.00718	0.00638	0.00399	0.00957	0.00957	0.01276	0.02074	0.04308	0.02393	0.76864	0.03351	0.00638	0.00638	0.00957	0.00399	0.00399
47	0.02189	0.23698	0.02444	0.05137	0.02108	0.13173	0.03472	0.34845	0.02264	0.02826	0.01275	0.01385	0.00983	0.00694	0.00585	0.00179	0.00809	0.00503	0.00473	0.00959
48	0.01505	0.04944	0.23515	0.04281	0.06083	0.05320	0.01467	0.05259	0.05159	0.02185	0.01258	0.01448	0.00981	0.00590	0.00566	0.00158	0.00726	0.00466	0.00369	0.33720
49	0.01657	0.24215	0.26843	0.01561	0.02226	0.03433	0.08192	0.07612	0.03173	0.06302	0.05176	0.01768	0.03678	0.00705	0.00599	0.00189	0.00802	0.00566	0.00392	0.00912
50	0.01743	0.42134	0.04682	0.01393	0.06069	0.06019	0.01177	0.10518	0.04776	0.01972	0.01251	0.01532	0.01093	0.04028	0.08780	0.00279	0.00852	0.00485	0.00365	0.00854

[dist]
# distance from previous block
# <min> <max>
0	2

[block]
# block no. 2 follows, 33 sequences, length 13
# corresponding to MSA columns:
# 238-250
name=unknown_C
#
# <colnr> <probs for GDERKNQSTAVLIFYWHMCP>
#	G	D	E	R	K	N	Q	S	T	A	V	L	I	F	Y	W	H	M	C	P
0	0.02041	0.01715	0.04553	0.06678	0.14383	0.01816	0.01418	0.37308	0.17463	0.03269	0.01718	0.01783	0.01273	0.00763	0.00659	0.00205	0.00709	0.00620	0.00566	0.01059
1	0.00827	0.00658	0.00735	0.00767	0.00937	0.00578	0.00568	0.01000	0.01467	0.01827	0.11296	0.17327	0.46942	0.05498	0.00928	0.00256	0.00377	0.06847	0.00610	0.00554
2	0.01622	0.02955	0.01988	0.14403	0.16703	0.04448	0.05814	0.08190	0.20396	0.04347	0.10438	0.02269	0.01918	0.00799	0.00675	0.00208	0.00695	0.00706	0.00503	0.00922
3	0.01206	0.00941	0.01245	0.01207	0.04163	0.04890	0.08677	0.01464	0.01377	0.02050	0.02434	0.28458	0.02452	0.01203	0.00706	0.00209	0.03155	0.01065	0.32452	0.00647
4	0.01101	0.00909	0.01207	0.01077	0.01293	0.00933	0.04936	0.01666	0.14033	0.02430	0.41459	0.08173	0.11224	0.01278	0.00841	0.00220	0.04757	0.01108	0.00649	0.00706
5	0.01404	0.01409	0.02161	0.01796	0.01894	0.01850	0.10275	0.01611	0.01084	0.01646	0.01015	0.01599	0.00961	0.01457	0.09263	0.00357	0.58574	0.00615	0.00300	0.00728
6	0.01778	0.68363	0.07397	0.01205	0.01778	0.07015	0.01211	0.02019	0.01374	0.01584	0.00937	0.01084	0.00844	0.00574	0.00445	0.00147	0.00750	0.00364	0.00285	0.00847
7	0.00921	0.00653	0.00822	0.00834	0.00898	0.00664	0.00559	0.01037	0.01151	0.01568	0.10240	0.12594	0.07163	0.37376	0.20052	0.00625	0.00830	0.01056	0.00462	0.00496
8	0.01033	0.00799	0.00971	0.01018	0.01184	0.00808	0.00778	0.01555	0.14800	0.02099	0.13781	0.28401	0.12423	0.01635	0.00806	0.00252	0.00441	0.15918	0.00638	0.00662
9	0.01974	0.08270	0.05189	0.03303	0.07210	0.10505	0.14775	0.15516	0.11399	0.08389	0.01552	0.01692	0.01168	0.00726	0.00744	0.00204	0.05347	0.00609	0.00472	0.00955
10	0.06352	0.01437	0.01458	0.01221	0.01619	0.05718	0.00965	0.22126	0.19028	0.02899	0.09544	0.06102	0.06099	0.00930	0.00648	0.00195	0.00575	0.00752	0.00593	0.11738
11	0.18040	0.04858	0.04958	0.01283	0.01679	0.18602	0.01056	0.14823	0.09262	0.04540	0.01484	0.01717	0.01187	0.05287	0.03722	0.00251	0.00788	0.00536	0.05094	0.00835
12	0.05650	0.01904	0.01780	0.01765	0.11143	0.23838	0.02791	0.16258	0.05934	0.06796	0.01649	0.07627	0.01434	0.05522	0.02795	0.00247	0.00848	0.00672	0.00480	0.00868

[dist]
# distance from previous block
# <min> <max>
2	13

[block]
# block no. 3 follows, 33 sequences, length 44
# corresponding to MSA columns:
# 264-307
name=unknown_D
#
# <colnr> <probs for GDERKNQSTAVLIFYWHMCP>
#	G	D	E	R	K	N	Q	S	T	A	V	L	I	F	Y	W	H	M	C	P
0	0.01533	0.01161	0.01473	0.05253	0.01696	0.03087	0.06269	0.18214	0.01790	0.07176	0.02630	0.25866	0.07481	0.07390	0.00941	0.00254	0.00606	0.01087	0.00560	0.05534
1	0.06472	0.01492	0.01657	0.04642	0.09996	0.05527	0.01142	0.26154	0.08070	0.06159	0.02374	0.05318	0.11399	0.00911	0.00654	0.00200	0.00642	0.00737	0.00556	0.05899
2	0.01497	0.01411	0.02150	0.11000	0.44726	0.04013	0.01655	0.04175	0.03765	0.02095	0.01975	0.07975	0.07349	0.00850	0.00683	0.00209	0.00724	0.02441	0.00398	0.00910
3	0.03914	0.01221	0.01843	0.62249	0.03986	0.04417	0.01655	0.01746	0.01378	0.04340	0.03788	0.01980	0.03364	0.00719	0.00655	0.00216	0.00831	0.00620	0.00342	0.00737
4	0.15756	0.01597	0.01692	0.24640	0.02617	0.11476	0.01302	0.12471	0.11805	0.06133	0.01450	0.01650	0.01083	0.00729	0.00650	0.00208	0.02878	0.00551	0.00455	0.00855
5	0.04197	0.01430	0.02030	0.32472	0.21396	0.05092	0.01628	0.07982	0.06236	0.06516	0.01415	0.01761	0.01081	0.00813	0.03015	0.00235	0.00828	0.00590	0.00398	0.00887
6	0.05183	0.01460	0.02558	0.05376	0.09744	0.03096	0.31749	0.02056	0.07495	0.04967	0.03915	0.02401	0.01533	0.08086	0.00969	0.00256	0.00848	0.04065	0.00417	0.03826
7	0.01587	0.01421	0.01620	0.07368	0.15097	0.10162	0.01186	0.10100	0.07200	0.05470	0.05546	0.08059	0.17287	0.01056	0.00754	0.00212	0.03667	0.00873	0.00511	0.00825
8	0.01629	0.01564	0.02672	0.04041	0.72757	0.01564	0.02020	0.02020	0.01499	0.02151	0.01238	0.01629	0.01043	0.00587	0.00652	0.00196	0.00782	0.00587	0.00326	0.01043
9	0.00826	0.00615	0.00725	0.00800	0.00886	0.00562	0.00534	0.00934	0.01272	0.01628	0.04240	0.40302	0.24759	0.17216	0.01334	0.00329	0.00419	0.01538	0.00568	0.00513
10	0.02503	0.01844	0.01976	0.01515	0.02042	0.02042	0.01251	0.70562	0.03095	0.04149	0.01581	0.01581	0.01120	0.00790	0.00659	0.00198	0.00724	0.00593	0.00659	0.01120
11	0.01675	0.01493	0.01506	0.01356	0.01727	0.04960	0.01053	0.03458	0.68377	0.02702	0.02603	0.02398	0.01956	0.00883	0.00666	0.00221	0.00552	0.00730	0.00655	0.01029
12	0.00778	0.00667	0.00667	0.00667	0.00889	0.00556	0.00500	0.00945	0.01501	0.01778	0.06669	0.06336	0.72490	0.01667	0.00778	0.00222	0.00333	0.01389	0.00611	0.00556
13	0.02775	0.01407	0.01705	0.01307	0.01823	0.01393	0.01080	0.29873	0.02364	0.45872	0.02195	0.01979	0.01428	0.00805	0.00661	0.00201	0.00625	0.00635	0.00753	0.01120
14	0.01760	0.77260	0.03450	0.01126	0.01690	0.02605	0.01126	0.01971	0.01338	0.01549	0.00915	0.01056	0.00845	0.00563	0.00422	0.00141	0.00704	0.00352	0.00282	0.00845
15	0.00923	0.00673	0.00868	0.00819	0.00978	0.00618	0.00615	0.01226	0.01844	0.02593	0.68839	0.04995	0.09812	0.01363	0.00777	0.00208	0.00312	0.01201	0.00719	0.00618
16	0.01629	0.01564	0.02672	0.04041	0.72757	0.01564	0.02020	0.02020	0.01499	0.02151	0.01238	0.01629	0.01043	0.00587	0.00652	0.00196	0.00782	0.00587	0.00326	0.01043
17	0.02029	0.01308	0.01469	0.01249	0.01653	0.01411	0.00992	0.09654	0.40664	0.21295	0.02507	0.02316	0.01797	0.00852	0.00648	0.00210	0.00532	0.00697	0.07686	0.01032
18	0.81514	0.01273	0.00968	0.00866	0.01273	0.01477	0.00713	0.01935	0.01120	0.02954	0.00917	0.01069	0.00713	0.00611	0.00407	0.00204	0.00509	0.00356	0.00407	0.00713
19	0.00956	0.00643	0.00743	0.00743	0.00752	0.00652	0.00430	0.00973	0.00965	0.01295	0.02051	0.04182	0.02339	0.71584	0.08556	0.00669	0.00721	0.00939	0.00396	0.00413
20	0.09772	0.01585	0.02047	0.01693	0.01935	0.10872	0.13254	0.04547	0.01317	0.01913	0.01156	0.01634	0.01017	0.01578	0.14057	0.00383	0.29559	0.00592	0.00341	0.00747
21	0.04811	0.05787	0.05903	0.01748	0.04024	0.50800	0.03919	0.08091	0.01832	0.01920	0.01076	0.01268	0.00877	0.00694	0.00674	0.00182	0.04758	0.00461	0.00359	0.00816
22	0.01264	0.01136	0.01677	0.06224	0.01757	0.01430	0.04912	0.04766	0.01185	0.01718	0.01414	0.04884	0.01349	0.04708	0.28175	0.00566	0.31105	0.00697	0.00348	0.00684
23	0.01791	0.01783	0.02444	0.09034	0.51396	0.12052	0.01834	0.07779	0.01670	0.02203	0.01230	0.01571	0.01008	0.00622	0.00644	0.00194	0.00843	0.00564	0.00353	0.00985
24	0.02410	0.03055	0.01873	0.01698	0.02020	0.70724	0.01280	0.02578	0.01824	0.01610	0.01010	0.01199	0.00849	0.00701	0.00669	0.00175	0.04794	0.00431	0.00337	0.00761
25	0.00962	0.00685	0.00976	0.00982	0.01096	0.00770	0.00749	0.01191	0.01134	0.01669	0.05149	0.06760	0.02036	0.07096	0.56757	0.00870	0.01433	0.00792	0.08312	0.00581
26	0.01059	0.00740	0.00874	0.00815	0.01034	0.00671	0.00620	0.01383	0.05097	0.07672	0.37705	0.05156	0.31890	0.01411	0.00763	0.00214	0.00349	0.01207	0.00684	0.00654
27	0.02954	0.01120	0.01528	0.01171	0.01681	0.00968	0.00968	0.03208	0.01884	0.73213	0.02597	0.02241	0.01630	0.00815	0.00662	0.00204	0.00560	0.00662	0.00815	0.01120
28	0.00898	0.00721	0.00807	0.00777	0.00983	0.00657	0.00585	0.01239	0.06539	0.02183	0.32036	0.05511	0.41708	0.01488	0.00770	0.00216	0.00338	0.01267	0.00660	0.00615
29	0.01277	0.00662	0.00667	0.00649	0.00817	0.00669	0.00491	0.04225	0.01447	0.02520	0.02125	0.02420	0.01665	0.00768	0.00468	0.00155	0.00323	0.00613	0.77405	0.00633
30	0.29767	0.01677	0.01483	0.05100	0.01802	0.14069	0.01042	0.11304	0.13413	0.09493	0.01489	0.01550	0.01109	0.00734	0.00614	0.00204	0.03267	0.00513	0.00501	0.00870
31	0.02114	0.02305	0.01748	0.01606	0.03907	0.37550	0.01200	0.08473	0.29569	0.02285	0.01728	0.01734	0.01336	0.00770	0.00631	0.00194	0.00874	0.00569	0.00496	0.00911
32	0.02503	0.01844	0.01976	0.01515	0.02042	0.02042	0.01251	0.70562	0.03095	0.04149	0.01581	0.01581	0.01120	0.00790	0.00659	0.00198	0.00724	0.00593	0.00659	0.01120
33	0.01721	0.01590	0.01527	0.01376	0.01745	0.09028	0.01065	0.03410	0.64471	0.02638	0.02510	0.02327	0.01891	0.00871	0.00662	0.00218	0.00589	0.00712	0.00636	0.01014
34	0.02045	0.12722	0.01859	0.01259	0.01694	0.04354	0.01046	0.29043	0.08434	0.12058	0.14411	0.02374	0.04080	0.00887	0.00647	0.00194	0.00615	0.00701	0.00622	0.00955
35	0.00823	0.00664	0.00733	0.00726	0.00920	0.00573	0.00540	0.01029	0.01592	0.02020	0.25347	0.09503	0.50030	0.01595	0.00781	0.00220	0.00329	0.01357	0.00644	0.00573
36	0.02517	0.01820	0.01961	0.01503	0.02030	0.02006	0.01242	0.68358	0.03056	0.06409	0.01614	0.01602	0.01136	0.00791	0.00659	0.00198	0.00719	0.00595	0.00664	0.01120
37	0.00800	0.00658	0.00705	0.00714	0.00908	0.00562	0.00528	0.00980	0.01522	0.01879	0.14830	0.13628	0.56669	0.01668	0.00784	0.00225	0.00336	0.01415	0.00626	0.00562
38	0.00945	0.00688	0.00968	0.00968	0.01054	0.00774	0.00710	0.01118	0.01031	0.01461	0.01846	0.03043	0.01844	0.24006	0.55457	0.00947	0.01465	0.00772	0.00365	0.00538
39	0.01760	0.77260	0.03450	0.01126	0.01690	0.02605	0.01126	0.01971	0.01338	0.01549	0.00915	0.01056	0.00845	0.00563	0.00422	0.00141	0.00704	0.00352	0.00282	0.00845
40	0.00799	0.00653	0.00707	0.00736	0.00920	0.00561	0.00543	0.00967	0.01477	0.01811	0.09449	0.18846	0.54836	0.01726	0.00793	0.00232	0.00349	0.03422	0.00617	0.00557
41	0.02308	0.02790	0.01769	0.01588	0.01930	0.60964	0.01201	0.08306	0.01951	0.01881	0.04346	0.01656	0.04986	0.00769	0.00617	0.00176	0.01065	0.00523	0.00397	0.00777
42	0.01501	0.01461	0.02351	0.33568	0.41663	0.04328	0.01912	0.01903	0.01437	0.01935	0.01201	0.01665	0.00967	0.00620	0.00652	0.00204	0.00837	0.00580	0.00313	0.00902
43	0.02011	0.01529	0.01632	0.04110	0.01880	0.09718	0.03296	0.12117	0.23516	0.16928	0.02363	0.02431	0.05428	0.00869	0.00664	0.00204	0.00656	0.03392	0.00609	0.06645

[dist]
# distance from previous block
# <min> <max>
0	5

[block]
# block no. 4 follows, 33 sequences, length 46
# corresponding to MSA columns:
# 313-358
name=unknown_E
#
# <colnr> <probs for GDERKNQSTAVLIFYWHMCP>
#	G	D	E	R	K	N	Q	S	T	A	V	L	I	F	Y	W	H	M	C	P
0	0.04315	0.38252	0.20944	0.01339	0.01946	0.04317	0.01408	0.06448	0.03345	0.04340	0.01275	0.04103	0.01098	0.03549	0.00635	0.00193	0.00760	0.00503	0.00356	0.00875
1	0.08610	0.09556	0.02039	0.01712	0.07362	0.35740	0.01272	0.19090	0.01999	0.02375	0.01149	0.01305	0.00919	0.00699	0.00639	0.00183	0.03591	0.00471	0.00415	0.00874
2	0.01640	0.01212	0.01425	0.01045	0.01609	0.00986	0.00841	0.05868	0.04384	0.11158	0.01433	0.01531	0.01107	0.00562	0.00527	0.00122	0.00512	0.00450	0.00470	0.63118
3	0.00849	0.00623	0.00800	0.00891	0.00982	0.00570	0.00619	0.01002	0.01359	0.01820	0.12059	0.54145	0.10532	0.04094	0.00892	0.00263	0.00389	0.04252	0.00611	0.03249
4	0.01024	0.00706	0.00849	0.00804	0.01011	0.00633	0.00610	0.01259	0.01639	0.07800	0.32043	0.06792	0.34068	0.01706	0.05840	0.00273	0.00442	0.01216	0.00655	0.00629
5	0.01936	0.01527	0.01682	0.01424	0.01842	0.04249	0.03782	0.17051	0.43340	0.09241	0.02366	0.02378	0.01781	0.00880	0.00678	0.00217	0.00616	0.03324	0.00653	0.01032
6	0.01940	0.01550	0.01603	0.01331	0.01725	0.05730	0.01065	0.31815	0.20370	0.05221	0.08037	0.02579	0.09446	0.00963	0.00734	0.00210	0.03324	0.00757	0.00635	0.00964
7	0.00840	0.00594	0.00773	0.00889	0.00940	0.00569	0.00597	0.00959	0.01228	0.01656	0.03402	0.59072	0.06340	0.09646	0.06479	0.00357	0.00505	0.01640	0.02986	0.00528
8	0.02339	0.01832	0.01875	0.01478	0.01947	0.09804	0.03381	0.51309	0.02680	0.05842	0.01595	0.01661	0.01162	0.00866	0.02363	0.00212	0.00772	0.00587	0.07276	0.01018
9	0.07533	0.07120	0.52124	0.02009	0.08293	0.01601	0.08227	0.02064	0.01390	0.02129	0.01164	0.01400	0.00857	0.00611	0.00613	0.00204	0.00919	0.00503	0.00297	0.00944
10	0.01440	0.01440	0.02016	0.01728	0.01728	0.02016	0.01440	0.01584	0.01008	0.01584	0.00864	0.01440	0.00864	0.01152	0.02160	0.00288	0.75659	0.00576	0.00288	0.00720
11	0.01796	0.01408	0.01599	0.01509	0.06852	0.01564	0.01105	0.12806	0.46404	0.07764	0.07874	0.02449	0.02115	0.00886	0.00675	0.00215	0.00555	0.00740	0.00658	0.01026
12	0.01243	0.01170	0.01975	0.75282	0.04534	0.01463	0.01828	0.01682	0.01316	0.01682	0.01170	0.01755	0.00878	0.00658	0.00658	0.00219	0.00878	0.00585	0.00293	0.00731
13	0.02552	0.01765	0.01927	0.01477	0.02002	0.01924	0.01220	0.63216	0.02963	0.11681	0.01691	0.01653	0.01175	0.00793	0.00659	0.00198	0.00707	0.00600	0.00676	0.01120
14	0.00835	0.00669	0.00746	0.00727	0.00924	0.00580	0.00545	0.01055	0.01635	0.02098	0.31030	0.05810	0.47930	0.01548	0.00777	0.00217	0.00325	0.01316	0.00653	0.00580
15	0.02459	0.03138	0.01866	0.01696	0.02035	0.74221	0.01272	0.02629	0.01866	0.01611	0.01018	0.01187	0.00848	0.00678	0.00594	0.00170	0.01187	0.00424	0.00339	0.00763
16	0.08263	0.01743	0.01836	0.01424	0.01924	0.01931	0.01174	0.62185	0.02867	0.03979	0.01559	0.01585	0.01117	0.00776	0.00631	0.00196	0.00688	0.00576	0.04481	0.01065
17	0.00938	0.00649	0.00756	0.00743	0.00797	0.00628	0.00462	0.01029	0.01225	0.01658	0.20284	0.04603	0.08202	0.52464	0.02518	0.00500	0.00534	0.01046	0.00496	0.00466
18	0.01739	0.73707	0.06817	0.01163	0.01745	0.02553	0.01189	0.01977	0.01340	0.01575	0.00928	0.01072	0.00844	0.00566	0.00432	0.00144	0.00717	0.00358	0.00281	0.00851
19	0.00957	0.00638	0.00718	0.00718	0.00718	0.00638	0.00399	0.00957	0.00957	0.01276	0.02074	0.04308	0.02393	0.76864	0.03351	0.00638	0.00638	0.00957	0.00399	0.00399
20	0.02459	0.03138	0.01866	0.01696	0.02035	0.74221	0.01272	0.02629	0.01866	0.01611	0.01018	0.01187	0.00848	0.00678	0.00594	0.00170	0.01187	0.00424	0.00339	0.00763
21	0.01213	0.00904	0.01166	0.01245	0.01446	0.00945	0.01067	0.04997	0.11601	0.02187	0.03279	0.06435	0.03406	0.01637	0.00863	0.00287	0.00600	0.55412	0.00618	0.00693
22	0.07693	0.01028	0.01161	0.01018	0.01309	0.01056	0.00803	0.13750	0.08840	0.07209	0.33751	0.03860	0.11390	0.01164	0.00714	0.00211	0.00447	0.03144	0.00672	0.00780
23	0.01534	0.05009	0.11243	0.02578	0.03251	0.01700	0.58083	0.02084	0.01510	0.02067	0.01284	0.01695	0.00971	0.00582	0.00791	0.00219	0.03465	0.00722	0.00324	0.00890
24	0.01878	0.01620	0.01619	0.01389	0.01802	0.06708	0.01095	0.18429	0.48649	0.02965	0.02259	0.02130	0.01689	0.00839	0.00655	0.00209	0.00611	0.00674	0.00634	0.04145
25	0.02311	0.02558	0.01916	0.01657	0.01989	0.45412	0.01293	0.18961	0.02030	0.02223	0.01130	0.01322	0.00916	0.00780	0.00854	0.00195	0.12712	0.00489	0.00409	0.00843
26	0.00802	0.00573	0.00764	0.00917	0.00955	0.00535	0.00611	0.00917	0.01260	0.01681	0.03628	0.76434	0.04354	0.02062	0.00840	0.00267	0.00382	0.01872	0.00611	0.00535
27	0.00800	0.00626	0.00727	0.00805	0.00937	0.00553	0.00573	0.00947	0.01387	0.01739	0.05115	0.39552	0.37771	0.01860	0.00812	0.00247	0.00366	0.04025	0.00611	0.00548
28	0.00790	0.00661	0.00689	0.00696	0.00900	0.00559	0.00516	0.00963	0.01508	0.01831	0.10988	0.11252	0.63043	0.01673	0.00782	0.00224	0.00335	0.01410	0.00619	0.00559
29	0.02503	0.01844	0.01976	0.01515	0.02042	0.02042	0.01251	0.70562	0.03095	0.04149	0.01581	0.01581	0.01120	0.00790	0.00659	0.00198	0.00724	0.00593	0.00659	0.01120
30	0.76061	0.01313	0.01037	0.00911	0.01326	0.01516	0.00750	0.06671	0.01257	0.03036	0.00962	0.01105	0.00741	0.00623	0.00425	0.00203	0.00524	0.00373	0.00425	0.00741
31	0.81514	0.01273	0.00968	0.00866	0.01273	0.01477	0.00713	0.01935	0.01120	0.02954	0.00917	0.01069	0.00713	0.00611	0.00407	0.00204	0.00509	0.00356	0.00407	0.00713
32	0.01554	0.01776	0.03885	0.02775	0.03441	0.01665	0.70366	0.02109	0.01554	0.02109	0.01332	0.01776	0.00999	0.00555	0.00777	0.00222	0.01110	0.00777	0.00333	0.00888
33	0.01760	0.77260	0.03450	0.01126	0.01690	0.02605	0.01126	0.01971	0.01338	0.01549	0.00915	0.01056	0.00845	0.00563	0.00422	0.00141	0.00704	0.00352	0.00282	0.00845
34	0.56672	0.01346	0.01219	0.01019	0.01462	0.01495	0.00841	0.13567	0.01563	0.13587	0.01277	0.01329	0.00917	0.00671	0.00487	0.00203	0.00553	0.00441	0.00510	0.00841
35	0.01281	0.00722	0.00809	0.00750	0.00928	0.00734	0.02577	0.05396	0.01443	0.02428	0.02074	0.02517	0.01682	0.06151	0.03110	0.00221	0.00425	0.00644	0.65473	0.00635
36	0.00998	0.00702	0.00815	0.00768	0.00985	0.00612	0.00583	0.01229	0.01675	0.07306	0.32855	0.05467	0.40654	0.01476	0.00769	0.00215	0.00341	0.01257	0.00672	0.00623
37	0.01629	0.01564	0.02672	0.04041	0.72757	0.01564	0.02020	0.02020	0.01499	0.02151	0.01238	0.01629	0.01043	0.00587	0.00652	0.00196	0.00782	0.00587	0.00326	0.01043
38	0.00839	0.00666	0.00754	0.00739	0.00929	0.00581	0.00552	0.01061	0.01635	0.02114	0.32408	0.08271	0.44009	0.01555	0.00780	0.00218	0.00326	0.01328	0.00656	0.00581
39	0.01144	0.00572	0.00858	0.00858	0.00858	0.00572	0.00572	0.00858	0.00858	0.01144	0.01144	0.02001	0.01144	0.02287	0.02573	0.80846	0.00572	0.00572	0.00286	0.00286
40	0.01760	0.77260	0.03450	0.01126	0.01690	0.02605	0.01126	0.01971	0.01338	0.01549	0.00915	0.01056	0.00845	0.00563	0.00422	0.00141	0.00704	0.00352	0.00282	0.00845
41	0.00799	0.00583	0.00753	0.00889	0.00948	0.00537	0.00599	0.00920	0.01287	0.01691	0.03960	0.68791	0.11784	0.02019	0.00833	0.00262	0.00377	0.01819	0.00611	0.00537
42	0.01243	0.01170	0.01975	0.75282	0.04534	0.01463	0.01828	0.01682	0.01316	0.01682	0.01170	0.01755	0.00878	0.00658	0.00658	0.00219	0.00878	0.00585	0.00293	0.00731
43	0.02439	0.01744	0.01889	0.01470	0.01979	0.01919	0.01208	0.58244	0.10597	0.09003	0.01776	0.01725	0.01255	0.00803	0.00660	0.00201	0.00690	0.00615	0.00671	0.01111
44	0.05455	0.05280	0.02021	0.01616	0.02036	0.35728	0.05977	0.19047	0.04320	0.02386	0.01226	0.01378	0.00966	0.00707	0.00675	0.00183	0.04332	0.00499	0.00429	0.05740
45	0.08248	0.05754	0.02154	0.06054	0.11052	0.12852	0.07970	0.21128	0.06149	0.10086	0.01490	0.01609	0.01103	0.00700	0.00629	0.00196	0.00802	0.00569	0.00494	0.00961

[dist]
# distance from previous block
# <min> <max>
0	6

[block]
# block no. 5 follows, 33 sequences, length 30
# corresponding to MSA columns:
# 365-394
name=unknown_F
#
# <colnr> <probs for GDERKNQSTAVLIFYWHMCP>
#	G	D	E	R	K	N	Q	S	T	A	V	L	I	F	Y	W	H	M	C	P
0	0.04862	0.01626	0.01783	0.07210	0.05762	0.09140	0.03910	0.28498	0.10077	0.02941	0.08296	0.06785	0.01829	0.00878	0.00665	0.00202	0.00703	0.00722	0.00553	0.03560
1	0.11214	0.02362	0.01792	0.05316	0.04635	0.38764	0.01242	0.16809	0.07575	0.02410	0.01273	0.01403	0.00991	0.00707	0.00598	0.00187	0.00930	0.00491	0.00438	0.00863
2	0.05021	0.01322	0.01996	0.51839	0.15167	0.04127	0.01719	0.01865	0.04553	0.01877	0.01233	0.01702	0.00951	0.00650	0.00638	0.00209	0.00828	0.00570	0.00325	0.03408
3	0.02047	0.01348	0.01452	0.01161	0.01559	0.01438	0.00942	0.40033	0.02365	0.07745	0.01827	0.01919	0.01344	0.00774	0.00584	0.00179	0.00561	0.00598	0.28526	0.03599
4	0.01728	0.71861	0.08567	0.01181	0.01774	0.02526	0.01222	0.01980	0.01341	0.01588	0.00935	0.01080	0.00844	0.00568	0.00437	0.00146	0.00724	0.00362	0.00281	0.00854
5	0.00893	0.00661	0.00774	0.00785	0.00955	0.00581	0.00573	0.01089	0.01555	0.04208	0.23661	0.22198	0.36399	0.01646	0.00789	0.00228	0.00346	0.01425	0.00648	0.00586
6	0.02326	0.02387	0.01912	0.05035	0.04754	0.36416	0.01300	0.27317	0.07620	0.02644	0.01365	0.01470	0.01044	0.00731	0.00628	0.00187	0.00939	0.00523	0.00478	0.00923
7	0.00804	0.00663	0.00674	0.00674	0.00865	0.00568	0.00486	0.00947	0.01422	0.01706	0.06006	0.06043	0.62381	0.12512	0.01149	0.00282	0.00377	0.01327	0.00581	0.00533
8	0.02390	0.02794	0.01894	0.01743	0.04814	0.56873	0.01287	0.12729	0.05651	0.02068	0.01196	0.01329	0.00956	0.00703	0.00609	0.00178	0.01068	0.00472	0.00403	0.00842
9	0.01797	0.01442	0.01543	0.01346	0.01734	0.01636	0.01057	0.15390	0.53653	0.05299	0.02525	0.05785	0.01948	0.00927	0.00676	0.00220	0.00552	0.00768	0.00670	0.01035
10	0.26919	0.01255	0.01390	0.01122	0.01589	0.01276	0.00920	0.08559	0.08088	0.39373	0.02002	0.01845	0.01339	0.00757	0.00584	0.00205	0.00555	0.00570	0.00663	0.00988
11	0.02165	0.01643	0.01742	0.01392	0.01813	0.04614	0.01121	0.52876	0.02598	0.03460	0.01626	0.01939	0.01290	0.08220	0.10100	0.00344	0.00865	0.00633	0.00584	0.00973
12	0.08990	0.66865	0.06529	0.01138	0.01707	0.02452	0.01151	0.01973	0.01320	0.01702	0.00928	0.01073	0.00832	0.00571	0.00431	0.00150	0.00699	0.00359	0.00293	0.00839
13	0.02537	0.01789	0.01942	0.01489	0.02014	0.01960	0.01230	0.65423	0.03003	0.09418	0.01658	0.01631	0.01158	0.00792	0.00659	0.00198	0.00712	0.00598	0.00670	0.01120
14	0.00830	0.00669	0.00739	0.00722	0.00921	0.00578	0.00541	0.01046	0.01623	0.02070	0.28938	0.05855	0.50039	0.01558	0.00778	0.00217	0.00326	0.01322	0.00650	0.00578
15	0.01243	0.01170	0.01975	0.75282	0.04534	0.01463	0.01828	0.01682	0.01316	0.01682	0.01170	0.01755	0.00878	0.00658	0.00658	0.00219	0.00878	0.00585	0.00293	0.00731
16	0.01760	0.77260	0.03450	0.01126	0.01690	0.02605	0.01126	0.01971	0.01338	0.01549	0.00915	0.01056	0.00845	0.00563	0.00422	0.00141	0.00704	0.00352	0.00282	0.00845
17	0.00933	0.00705	0.00864	0.00819	0.00997	0.00654	0.00616	0.01284	0.04958	0.02470	0.55893	0.05094	0.19478	0.01391	0.00772	0.00211	0.00325	0.01211	0.00699	0.00627
18	0.01629	0.01564	0.02672	0.04041	0.72757	0.01564	0.02020	0.02020	0.01499	0.02151	0.01238	0.01629	0.01043	0.00587	0.00652	0.00196	0.00782	0.00587	0.00326	0.01043
19	0.01144	0.00572	0.00858	0.00858	0.00858	0.00572	0.00572	0.00858	0.00858	0.01144	0.01144	0.02001	0.01144	0.02287	0.02573	0.80846	0.00572	0.00572	0.00286	0.00286
20	0.01099	0.00836	0.01277	0.01332	0.01523	0.00827	0.06376	0.01421	0.01518	0.01981	0.03320	0.06993	0.03575	0.01722	0.00899	0.00297	0.00645	0.63145	0.00585	0.00628
21	0.01365	0.01170	0.01365	0.00975	0.01560	0.00878	0.00780	0.01658	0.01365	0.02145	0.01170	0.01365	0.00975	0.00488	0.00488	0.00098	0.00488	0.00390	0.00390	0.80888
22	0.26725	0.01494	0.01488	0.01239	0.01634	0.05518	0.03896	0.23276	0.10569	0.02953	0.01707	0.01964	0.03863	0.07500	0.03246	0.00270	0.00686	0.00602	0.00516	0.00853
23	0.01183	0.01011	0.01597	0.01365	0.01579	0.01118	0.11004	0.04955	0.01234	0.01756	0.01602	0.02416	0.01488	0.10709	0.41887	0.00727	0.09209	0.00708	0.00365	0.04086
24	0.02239	0.27025	0.04419	0.01463	0.01920	0.38025	0.01233	0.07409	0.01771	0.07188	0.01149	0.01259	0.00925	0.00658	0.00549	0.00166	0.00943	0.00433	0.00378	0.00849
25	0.01083	0.00728	0.00851	0.00825	0.00901	0.00748	0.00530	0.01275	0.06453	0.04521	0.02343	0.03970	0.05877	0.54972	0.11682	0.00618	0.00749	0.00920	0.00443	0.00511
26	0.07198	0.01246	0.01425	0.01156	0.01569	0.03544	0.00932	0.18135	0.02051	0.32976	0.10876	0.06464	0.07551	0.00985	0.00675	0.00206	0.00559	0.00801	0.00701	0.00950
27	0.07649	0.01672	0.01760	0.06183	0.02006	0.06556	0.01185	0.38080	0.09249	0.06857	0.01696	0.01830	0.02528	0.03595	0.00844	0.00223	0.05936	0.00610	0.00570	0.00971
28	0.03638	0.06397	0.01571	0.01425	0.07471	0.11026	0.01014	0.10724	0.06199	0.02150	0.04458	0.10382	0.01947	0.09689	0.08355	0.00334	0.02193	0.03944	0.00466	0.06617
29	0.15749	0.15201	0.07319	0.01287	0.01731	0.15998	0.03351	0.05679	0.03569	0.02189	0.07165	0.01909	0.06237	0.00775	0.00622	0.00184	0.03462	0.00564	0.00414	0.06595

[dist]
# distance from previous block
# <min> <max>
0	19

[block]
# block no. 6 follows, 33 sequences, length 73
# corresponding to MSA columns:
# 414-486
name=unknown_G
#
# <colnr> <probs for GDERKNQSTAVLIFYWHMCP>
#	G	D	E	R	K	N	Q	S	T	A	V	L	I	F	Y	W	H	M	C	P
0	0.11248	0.01616	0.04473	0.12329	0.04274	0.14015	0.01165	0.10974	0.07895	0.04746	0.09203	0.06564	0.06977	0.00920	0.00648	0.00206	0.00700	0.00738	0.00499	0.00810
1	0.08712	0.01795	0.01677	0.01366	0.01785	0.13989	0.01083	0.38252	0.02351	0.09974	0.01635	0.03894	0.01304	0.08164	0.00893	0.00239	0.00752	0.00623	0.00573	0.00940
2	0.09366	0.02392	0.01885	0.01850	0.10027	0.40844	0.01307	0.10193	0.03619	0.03967	0.01168	0.01355	0.00941	0.00726	0.00736	0.00192	0.07708	0.00484	0.00396	0.00844
3	0.06773	0.01422	0.01783	0.20588	0.07133	0.04089	0.01319	0.20027	0.01929	0.17152	0.01649	0.01945	0.01222	0.00754	0.00639	0.00201	0.00716	0.03366	0.00526	0.06767
4	0.58517	0.01443	0.03276	0.01041	0.01447	0.03935	0.00874	0.11563	0.01417	0.02918	0.01050	0.01236	0.00821	0.00822	0.02473	0.03035	0.02526	0.00418	0.00428	0.00762
5	0.01063	0.00880	0.01166	0.01123	0.01202	0.03138	0.00854	0.01233	0.01071	0.01509	0.01773	0.07830	0.01806	0.15998	0.42912	0.00776	0.13919	0.00799	0.00367	0.00580
6	0.01617	0.01544	0.02593	0.06275	0.67145	0.01564	0.01968	0.02079	0.04797	0.02164	0.01304	0.01673	0.01083	0.00603	0.00653	0.00198	0.00773	0.00594	0.00341	0.01032
7	0.00950	0.00635	0.00720	0.00727	0.00729	0.00634	0.00408	0.00956	0.00971	0.01295	0.02144	0.07554	0.02482	0.73498	0.03238	0.00622	0.00627	0.00998	0.00408	0.00405
8	0.02939	0.01145	0.01543	0.01183	0.01693	0.01003	0.00977	0.05457	0.01925	0.70907	0.02563	0.02219	0.01613	0.00814	0.00662	0.00203	0.00566	0.00660	0.00810	0.01120
9	0.02503	0.01844	0.01976	0.01515	0.02042	0.02042	0.01251	0.70562	0.03095	0.04149	0.01581	0.01581	0.01120	0.00790	0.00659	0.00198	0.00724	0.00593	0.00659	0.01120
10	0.00811	0.00668	0.00713	0.00702	0.00909	0.00570	0.00526	0.01009	0.01579	0.01964	0.20805	0.06031	0.58238	0.01598	0.00778	0.00219	0.00329	0.01347	0.00636	0.00570
11	0.01476	0.01499	0.02011	0.01727	0.01739	0.04531	0.01434	0.01621	0.01038	0.01585	0.00870	0.01431	0.00864	0.01136	0.02106	0.00284	0.73065	0.00571	0.00290	0.00722
12	0.01761	0.71605	0.03303	0.01148	0.01686	0.05500	0.01122	0.01971	0.01350	0.01551	0.00948	0.01113	0.00872	0.00716	0.02933	0.00173	0.00760	0.00367	0.00286	0.00833
13	0.02462	0.01824	0.01953	0.01506	0.02026	0.02023	0.01241	0.67400	0.06324	0.04083	0.01632	0.01622	0.01162	0.00795	0.00659	0.00199	0.00715	0.00600	0.00659	0.01116
14	0.81514	0.01273	0.00968	0.00866	0.01273	0.01477	0.00713	0.01935	0.01120	0.02954	0.00917	0.01069	0.00713	0.00611	0.00407	0.00204	0.00509	0.00356	0.00407	0.00713
15	0.01005	0.00668	0.00900	0.00968	0.01074	0.00653	0.00696	0.01222	0.03276	0.06284	0.10516	0.48402	0.03890	0.02293	0.11707	0.00375	0.00604	0.04263	0.00599	0.00605
16	0.00805	0.00579	0.00764	0.00905	0.00953	0.00538	0.00607	0.00927	0.01286	0.01710	0.05629	0.71925	0.06878	0.02028	0.00836	0.00264	0.00378	0.01835	0.00614	0.00538
17	0.00802	0.00573	0.00764	0.00917	0.00955	0.00535	0.00611	0.00917	0.01260	0.01681	0.03628	0.76434	0.04354	0.02062	0.00840	0.00267	0.00382	0.01872	0.00611	0.00535
18	0.01626	0.01525	0.02160	0.02906	0.43021	0.04010	0.01601	0.02502	0.25541	0.02320	0.01824	0.04985	0.01505	0.00756	0.00664	0.00207	0.00690	0.00688	0.00456	0.01012
19	0.00953	0.00655	0.00804	0.00804	0.00834	0.00685	0.00506	0.01012	0.00983	0.01340	0.01996	0.03873	0.02205	0.58705	0.21252	0.00744	0.00922	0.00894	0.00387	0.00447
20	0.01760	0.77260	0.03450	0.01126	0.01690	0.02605	0.01126	0.01971	0.01338	0.01549	0.00915	0.01056	0.00845	0.00563	0.00422	0.00141	0.00704	0.00352	0.00282	0.00845
21	0.00828	0.00614	0.00779	0.00900	0.00989	0.00565	0.00641	0.00975	0.01340	0.01735	0.04241	0.53787	0.18394	0.01952	0.00836	0.00262	0.00398	0.09605	0.00611	0.00547
22	0.01243	0.01170	0.01975	0.75282	0.04534	0.01463	0.01828	0.01682	0.01316	0.01682	0.01170	0.01755	0.00878	0.00658	0.00658	0.00219	0.00878	0.00585	0.00293	0.00731
23	0.01556	0.01769	0.03844	0.02817	0.05776	0.01661	0.68063	0.02106	0.01552	0.02110	0.01329	0.01771	0.01000	0.00556	0.00773	0.00221	0.01099	0.00771	0.00333	0.00893
24	0.01356	0.01158	0.01347	0.00990	0.01543	0.00900	0.00786	0.01715	0.04671	0.02155	0.01339	0.04403	0.01158	0.00569	0.00510	0.00110	0.00485	0.00466	0.00412	0.73927
25	0.12549	0.02085	0.01834	0.01513	0.01957	0.25982	0.05178	0.22398	0.06950	0.11081	0.01489	0.01533	0.01091	0.00726	0.00613	0.00193	0.00841	0.00535	0.00520	0.00929
26	0.01550	0.01765	0.03826	0.02742	0.03387	0.01676	0.68205	0.02092	0.01537	0.02092	0.01317	0.01765	0.00995	0.00574	0.00820	0.00224	0.03448	0.00771	0.00332	0.00883
27	0.01488	0.00850	0.01080	0.00943	0.01210	0.00788	0.00722	0.01793	0.04740	0.20057	0.23861	0.03732	0.11023	0.10012	0.09433	0.00347	0.00600	0.00928	0.00632	0.05761
28	0.01341	0.06888	0.70152	0.01841	0.02795	0.01580	0.02371	0.02079	0.01387	0.02060	0.01169	0.01374	0.00834	0.00623	0.00616	0.00205	0.00960	0.00480	0.00278	0.00967
29	0.01570	0.01540	0.02432	0.19763	0.46757	0.06140	0.04685	0.01934	0.01455	0.01964	0.01208	0.01652	0.00996	0.00684	0.00741	0.03830	0.00834	0.00583	0.00318	0.00914
30	0.01515	0.01448	0.02466	0.25048	0.52639	0.01534	0.01964	0.01921	0.01445	0.02013	0.01218	0.01666	0.00994	0.00608	0.00654	0.00203	0.00810	0.00586	0.00316	0.00951
31	0.00781	0.00656	0.00678	0.00696	0.00897	0.00553	0.00513	0.00942	0.01473	0.01767	0.06321	0.14369	0.64682	0.01713	0.00785	0.00227	0.00339	0.01445	0.00611	0.00553
32	0.02459	0.03138	0.01866	0.01696	0.02035	0.74221	0.01272	0.02629	0.01866	0.01611	0.01018	0.01187	0.00848	0.00678	0.00594	0.00170	0.01187	0.00424	0.00339	0.00763
33	0.02939	0.01144	0.01543	0.01183	0.01693	0.01003	0.00977	0.05441	0.01924	0.70924	0.02564	0.02219	0.01613	0.00814	0.00662	0.00203	0.00566	0.00660	0.00810	0.01120
34	0.01440	0.01440	0.02016	0.01728	0.01728	0.02016	0.01440	0.01584	0.01008	0.01584	0.00864	0.01440	0.00864	0.01152	0.02160	0.00288	0.75659	0.00576	0.00288	0.00720
35	0.02045	0.01616	0.01718	0.01422	0.01867	0.01828	0.01140	0.35055	0.39348	0.03410	0.02162	0.02044	0.01591	0.00845	0.00665	0.00211	0.00617	0.00673	0.00665	0.01079
36	0.81514	0.01273	0.00968	0.00866	0.01273	0.01477	0.00713	0.01935	0.01120	0.02954	0.00917	0.01069	0.00713	0.00611	0.00407	0.00204	0.00509	0.00356	0.00407	0.00713
37	0.01342	0.01145	0.01340	0.00973	0.01535	0.00863	0.00773	0.01627	0.01361	0.02126	0.01272	0.04463	0.01115	0.00553	0.00502	0.00105	0.00483	0.00451	0.00399	0.77572
