[name]
unknown

[dist]
# distance from previous block
# <min> <max>
3	113

[block]
# block no. 0 follows, 26 sequences, length 55
# corresponding to MSA columns:
# 150-204
name=unknown_A
#
# <colnr> <probs for GDERKNQSTAVLIFYWHMCP>
#	G	D	E	R	K	N	Q	S	T	A	V	L	I	F	Y	W	H	M	C	P
0	0.08329	0.04637	0.02316	0.04441	0.08838	0.01869	0.08029	0.22975	0.04355	0.05585	0.01969	0.06750	0.01702	0.01260	0.04253	0.00298	0.05897	0.04874	0.00579	0.01042
1	0.02029	0.09021	0.09007	0.04269	0.06642	0.13173	0.01523	0.13662	0.06311	0.02681	0.04555	0.05570	0.01733	0.00969	0.00844	0.00225	0.05804	0.02996	0.00512	0.08474
2	0.17183	0.01698	0.04338	0.10008	0.06682	0.04502	0.04002	0.17263	0.06136	0.03103	0.04458	0.08442	0.04682	0.01054	0.00742	0.00247	0.00772	0.03144	0.00574	0.00971
3	0.04561	0.04597	0.08449	0.01438	0.01890	0.06837	0.04983	0.04201	0.05476	0.10452	0.03050	0.21806	0.09076	0.01325	0.00788	0.00242	0.00707	0.01138	0.00606	0.08376
4	0.13217	0.01426	0.01676	0.11870	0.02284	0.01500	0.01190	0.06393	0.11558	0.02696	0.01805	0.07660	0.01563	0.00912	0.00797	0.00214	0.05894	0.00711	0.00517	0.26118
5	0.01377	0.01116	0.01591	0.13121	0.09369	0.01166	0.03318	0.03977	0.06078	0.02176	0.02537	0.21318	0.02629	0.16980	0.01470	0.00358	0.00703	0.01169	0.05103	0.04443
6	0.07331	0.13427	0.02443	0.14014	0.13994	0.01858	0.03128	0.11515	0.04219	0.08800	0.03658	0.06436	0.01729	0.00938	0.00724	0.00233	0.00799	0.03196	0.00533	0.01025
7	0.02148	0.06709	0.03046	0.02999	0.25234	0.06103	0.14991	0.16563	0.09257	0.02966	0.01676	0.01930	0.01303	0.00763	0.00763	0.00230	0.00954	0.00714	0.00502	0.01150
8	0.05199	0.01651	0.01942	0.01758	0.07476	0.01749	0.01300	0.25957	0.15584	0.18239	0.05010	0.06559	0.02053	0.01026	0.00769	0.00240	0.00700	0.00840	0.00759	0.01186
9	0.01161	0.00936	0.01460	0.01373	0.01529	0.01098	0.04156	0.01442	0.01242	0.01798	0.01930	0.02836	0.01793	0.05117	0.61882	0.01106	0.07231	0.00806	0.00400	0.00705
10	0.07679	0.01813	0.02380	0.06506	0.04866	0.05889	0.11094	0.20609	0.02263	0.13912	0.01938	0.02465	0.01518	0.00970	0.00937	0.00253	0.07375	0.05858	0.00605	0.01070
11	0.02814	0.02090	0.02237	0.01731	0.02326	0.02320	0.01425	0.61781	0.07981	0.04669	0.01909	0.01891	0.01361	0.00919	0.00760	0.00230	0.00818	0.00695	0.00760	0.01284
12	0.00980	0.00744	0.00915	0.01017	0.01166	0.00679	0.00760	0.01188	0.01644	0.02104	0.09157	0.34305	0.26540	0.02119	0.00955	0.00294	0.00465	0.13610	0.00711	0.00646
13	0.01747	0.01669	0.02843	0.24276	0.50011	0.01768	0.02263	0.02213	0.01665	0.02320	0.01404	0.01920	0.01146	0.00700	0.00753	0.00233	0.00933	0.00675	0.00364	0.01096
14	0.02248	0.02160	0.01986	0.01869	0.06460	0.17283	0.01370	0.13011	0.38820	0.03074	0.02360	0.02289	0.01789	0.00933	0.00749	0.00237	0.00827	0.00737	0.00659	0.01142
15	0.00956	0.00679	0.00899	0.01063	0.01112	0.00641	0.00721	0.01093	0.01447	0.01926	0.04046	0.63948	0.04818	0.07278	0.01174	0.00340	0.00477	0.06086	0.00687	0.00611
16	0.07899	0.01959	0.02060	0.01645	0.02199	0.02195	0.01340	0.46680	0.18776	0.04297	0.02074	0.02024	0.01505	0.00925	0.00742	0.00235	0.00761	0.00706	0.00742	0.01236
17	0.00924	0.00660	0.00880	0.01056	0.01100	0.00616	0.00704	0.01056	0.01452	0.01936	0.04181	0.72848	0.05017	0.02376	0.00968	0.00308	0.00440	0.02156	0.00704	0.00616
18	0.02587	0.02612	0.02119	0.06596	0.02457	0.32214	0.01451	0.26394	0.05340	0.03002	0.01571	0.01763	0.01221	0.01199	0.05840	0.00289	0.01160	0.00613	0.00542	0.01029
19	0.01987	0.02191	0.02323	0.02146	0.06200	0.20477	0.01649	0.02178	0.01461	0.01874	0.01070	0.01595	0.01003	0.01141	0.01899	0.00289	0.48682	0.00618	0.00350	0.00866
20	0.00924	0.00660	0.00880	0.01056	0.01100	0.00616	0.00704	0.01056	0.01452	0.01936	0.04181	0.72848	0.05017	0.02376	0.00968	0.00308	0.00440	0.02156	0.00704	0.00616
21	0.02011	0.09162	0.02004	0.01551	0.02012	0.05281	0.01239	0.07850	0.53253	0.03073	0.02705	0.02529	0.02047	0.00971	0.00738	0.00243	0.00674	0.00782	0.00707	0.01168
22	0.03403	0.01291	0.01760	0.01350	0.01936	0.01115	0.01115	0.03697	0.02171	0.69137	0.02992	0.02582	0.01878	0.00939	0.00763	0.00235	0.00645	0.00763	0.00939	0.01291
23	0.01877	0.01802	0.03079	0.04656	0.68612	0.01802	0.02328	0.02328	0.01727	0.02478	0.01427	0.01877	0.01201	0.00676	0.00751	0.00225	0.00901	0.00676	0.00375	0.01201
24	0.01790	0.02046	0.04476	0.03197	0.03964	0.01918	0.65857	0.02430	0.01790	0.02430	0.01535	0.02046	0.01151	0.00639	0.00895	0.00256	0.01279	0.00895	0.00384	0.01023
25	0.01659	0.01659	0.02323	0.01991	0.01991	0.02323	0.01659	0.01825	0.01162	0.01825	0.00996	0.01659	0.00996	0.01328	0.02489	0.00332	0.71955	0.00664	0.00332	0.00830
26	0.01069	0.00739	0.00924	0.01016	0.01065	0.00725	0.00692	0.01182	0.01345	0.01782	0.03295	0.27599	0.03810	0.36113	0.02362	0.00520	0.00633	0.13987	0.00587	0.00558
27	0.00933	0.00664	0.00878	0.01045	0.01087	0.00622	0.00692	0.01058	0.01436	0.01914	0.04096	0.69623	0.04909	0.05748	0.01106	0.00328	0.00454	0.02106	0.00692	0.00609
28	0.01078	0.00820	0.01023	0.01117	0.01319	0.00765	0.00926	0.01359	0.01753	0.02219	0.09244	0.10166	0.29117	0.02006	0.00978	0.00305	0.00548	0.33872	0.00709	0.00674
29	0.03403	0.01291	0.01760	0.01350	0.01936	0.01115	0.01115	0.03697	0.02171	0.69137	0.02992	0.02582	0.01878	0.00939	0.00763	0.00235	0.00645	0.00763	0.00939	0.01291
30	0.00945	0.00725	0.00866	0.00927	0.01079	0.00646	0.00659	0.01147	0.01701	0.02210	0.18917	0.34298	0.29081	0.02033	0.00926	0.00274	0.00402	0.01784	0.00732	0.00646
31	0.01414	0.00707	0.00707	0.00707	0.00884	0.00707	0.00530	0.01767	0.01591	0.02828	0.02474	0.02828	0.01944	0.00884	0.00530	0.00177	0.00353	0.00707	0.77554	0.00707
32	0.01432	0.01348	0.02275	0.71520	0.05224	0.01685	0.02107	0.01938	0.01517	0.01938	0.01348	0.02022	0.01011	0.00758	0.00758	0.00253	0.01011	0.00674	0.00337	0.00843
33	0.02028	0.73799	0.03975	0.01298	0.01947	0.03001	0.01298	0.02271	0.01541	0.01785	0.01055	0.01217	0.00973	0.00649	0.00487	0.00162	0.00811	0.00406	0.00324	0.00973
34	0.01062	0.00783	0.00975	0.00963	0.01139	0.00723	0.00729	0.01351	0.01912	0.02596	0.41811	0.06283	0.18123	0.08777	0.01207	0.00305	0.00444	0.09388	0.00755	0.00674
35	0.02914	0.02075	0.02246	0.01722	0.02328	0.02279	0.01422	0.62377	0.03483	0.08603	0.01891	0.01866	0.01325	0.00912	0.00759	0.00228	0.00823	0.00688	0.00769	0.01290
36	0.00944	0.00674	0.00902	0.01078	0.01131	0.00633	0.00738	0.01090	0.01471	0.01958	0.04170	0.68654	0.04974	0.02358	0.00973	0.00311	0.00457	0.06159	0.00704	0.00621
37	0.00941	0.00679	0.00891	0.01030	0.01100	0.00629	0.00699	0.01102	0.01548	0.02073	0.11971	0.61667	0.08347	0.02256	0.00956	0.00297	0.00428	0.02036	0.00720	0.00629
38	0.01509	0.01280	0.01504	0.01117	0.01729	0.00972	0.00880	0.01826	0.01561	0.02419	0.01628	0.08607	0.01508	0.00741	0.00602	0.00132	0.00550	0.00618	0.00475	0.70345
39	0.01573	0.01348	0.01573	0.01123	0.01798	0.01011	0.00899	0.01910	0.01573	0.02472	0.01348	0.01573	0.01123	0.00562	0.00562	0.00112	0.00562	0.00449	0.00449	0.77980
40	0.00943	0.00728	0.00866	0.00953	0.01103	0.00651	0.00687	0.01130	0.01633	0.02079	0.09808	0.36654	0.31522	0.02113	0.00939	0.00285	0.00429	0.06126	0.00712	0.00638
41	0.01204	0.00883	0.01060	0.01068	0.01248	0.00921	0.00797	0.01712	0.11083	0.02259	0.07606	0.14719	0.12400	0.09040	0.16171	0.00510	0.00826	0.04917	0.10848	0.00727
42	0.01986	0.01410	0.01671	0.01440	0.01791	0.03720	0.01154	0.24430	0.02163	0.08974	0.02017	0.02483	0.01651	0.03412	0.37203	0.00747	0.01462	0.00752	0.00579	0.00956
43	0.04123	0.00955	0.01087	0.01099	0.01323	0.00950	0.00821	0.04326	0.10421	0.04773	0.04686	0.28291	0.22016	0.04641	0.01007	0.00298	0.00510	0.07205	0.00705	0.00762
44	0.01457	0.00823	0.00976	0.00915	0.01044	0.00796	0.00601	0.01561	0.01356	0.11800	0.02855	0.04485	0.07325	0.47286	0.06854	0.00608	0.00742	0.01039	0.06844	0.00631
45	0.02005	0.01737	0.02183	0.06597	0.02441	0.04540	0.09325	0.16774	0.23894	0.03105	0.02271	0.02677	0.01805	0.01010	0.00921	0.00254	0.06581	0.04858	0.05958	0.01064
46	0.02904	0.01967	0.02164	0.01672	0.02266	0.02135	0.01377	0.52812	0.07148	0.14559	0.02076	0.01998	0.01441	0.00922	0.00760	0.00230	0.00792	0.00706	0.00787	0.01285
47	0.00975	0.00690	0.00908	0.01063	0.01115	0.00656	0.00727	0.01114	0.01441	0.01915	0.03953	0.58365	0.04685	0.10717	0.01317	0.00363	0.00501	0.08213	0.00675	0.00606
48	0.01910	0.01680	0.02918	0.18879	0.42357	0.01725	0.08329	0.02377	0.01728	0.08435	0.01563	0.01990	0.01216	0.00714	0.00768	0.00235	0.00939	0.00705	0.00419	0.01114
49	0.01675	0.01605	0.02746	0.06516	0.46111	0.01590	0.08170	0.02105	0.01726	0.02380	0.02445	0.03083	0.10326	0.00940	0.00805	0.00242	0.00860	0.05176	0.00441	0.01060
50	0.03139	0.01332	0.01720	0.01340	0.01889	0.01222	0.01100	0.09303	0.04522	0.55451	0.02845	0.02540	0.01844	0.00935	0.00744	0.00230	0.00637	0.00754	0.07213	0.01240
51	0.01286	0.00674	0.00989	0.00989	0.00997	0.00682	0.00660	0.01019	0.01011	0.01357	0.01448	0.02564	0.01470	0.08628	0.07054	0.67015	0.00747	0.00704	0.00345	0.00361
52	0.01688	0.02368	0.24899	0.17971	0.08986	0.01789	0.06285	0.10040	0.01833	0.02567	0.04673	0.04378	0.01480	0.00889	0.00910	0.00251	0.06814	0.00734	0.00426	0.01019
53	0.00979	0.00729	0.00878	0.00923	0.01052	0.00664	0.00641	0.01168	0.01659	0.02190	0.21428	0.29069	0.22057	0.11473	0.01315	0.00333	0.00443	0.01666	0.00706	0.00627
54	0.02158	0.01603	0.01763	0.01450	0.01892	0.01698	0.01154	0.39920	0.02734	0.03664	0.02738	0.13761	0.07305	0.05545	0.00985	0.00270	0.00708	0.03571	0.00704	0.06377

[dist]
# distance from previous block
# <min> <max>
4	15

[block]
# block no. 1 follows, 26 sequences, length 19
# corresponding to MSA columns:
# 222-240
name=unknown_B
#
# <colnr> <probs for GDERKNQSTAVLIFYWHMCP>
#	G	D	E	R	K	N	Q	S	T	A	V	L	I	F	Y	W	H	M	C	P
0	0.08631	0.01750	0.01971	0.05143	0.02216	0.01927	0.01313	0.38234	0.02669	0.07901	0.01941	0.08634	0.01599	0.01036	0.00872	0.00238	0.06088	0.00790	0.00666	0.06382
1	0.00942	0.00696	0.00867	0.00977	0.01073	0.00637	0.00666	0.01099	0.01551	0.02033	0.10581	0.49835	0.17736	0.06206	0.01110	0.00315	0.00438	0.01915	0.00702	0.00621
2	0.01981	0.01536	0.02424	0.14866	0.15340	0.01598	0.11047	0.02803	0.16130	0.14246	0.08116	0.02603	0.02061	0.00888	0.00793	0.00245	0.00817	0.00826	0.00597	0.01082
3	0.02051	0.25055	0.12468	0.01435	0.02013	0.09415	0.01376	0.02490	0.04710	0.13301	0.11838	0.02625	0.06310	0.00952	0.00688	0.00211	0.00789	0.00734	0.00552	0.00989
4	0.10264	0.01542	0.01796	0.01691	0.07305	0.01645	0.01257	0.18619	0.16300	0.13866	0.08405	0.03136	0.02392	0.01079	0.00773	0.00249	0.00677	0.07173	0.00729	0.01102
5	0.01045	0.00740	0.00930	0.01011	0.01095	0.00709	0.00709	0.01206	0.01503	0.02000	0.12020	0.28623	0.08834	0.23614	0.01840	0.00431	0.00558	0.11889	0.00646	0.00597
6	0.02121	0.01732	0.02305	0.08574	0.14802	0.01887	0.04406	0.22520	0.11997	0.05540	0.02113	0.02448	0.03595	0.00951	0.00891	0.00243	0.05680	0.03182	0.00595	0.04419
7	0.01688	0.01507	0.01918	0.19265	0.05551	0.08861	0.05431	0.08773	0.01824	0.04375	0.02413	0.12626	0.04732	0.04884	0.07380	0.00369	0.00985	0.06049	0.00518	0.00852
8	0.01644	0.01067	0.01333	0.01239	0.01445	0.01110	0.00941	0.10307	0.01839	0.10706	0.09757	0.18886	0.03467	0.17369	0.01666	0.00382	0.05972	0.09405	0.00672	0.00793
9	0.01237	0.05251	0.01137	0.01011	0.01070	0.00803	0.00698	0.01112	0.01194	0.01582	0.04754	0.20340	0.02567	0.07705	0.02291	0.44637	0.00607	0.01082	0.00453	0.00467
10	0.01976	0.02159	0.07281	0.02305	0.02794	0.11686	0.25061	0.07489	0.01828	0.05296	0.01685	0.08259	0.01474	0.01002	0.01178	0.00264	0.15986	0.00858	0.00454	0.00965
11	0.02493	0.02077	0.02335	0.02533	0.21287	0.12335	0.01621	0.20565	0.12733	0.11403	0.01955	0.02022	0.01452	0.00846	0.00748	0.00228	0.00875	0.00689	0.00617	0.01188
12	0.01352	0.01194	0.01747	0.01520	0.01770	0.05796	0.12527	0.01655	0.01435	0.01989	0.02161	0.09315	0.02071	0.09767	0.33375	0.00739	0.01411	0.00945	0.08499	0.00731
13	0.01593	0.01480	0.01637	0.08871	0.04413	0.12603	0.04460	0.01921	0.01879	0.05329	0.16566	0.04632	0.15329	0.01333	0.00840	0.00247	0.00743	0.10597	0.00608	0.04920
14	0.08383	0.01605	0.01846	0.01942	0.13775	0.06638	0.01289	0.14289	0.06403	0.13330	0.08965	0.09188	0.06871	0.01120	0.00772	0.00239	0.00709	0.00933	0.00666	0.01038
15	0.01973	0.04616	0.01795	0.12611	0.02330	0.19733	0.01278	0.02375	0.07093	0.10310	0.02688	0.17206	0.07100	0.01257	0.00862	0.00247	0.04059	0.01020	0.00565	0.00879
16	0.02290	0.02317	0.02205	0.02189	0.11561	0.25771	0.04891	0.07743	0.17502	0.05942	0.01902	0.02067	0.01489	0.01288	0.07165	0.00316	0.01100	0.00682	0.00536	0.01042
17	0.01934	0.10228	0.01938	0.01580	0.05360	0.08204	0.01179	0.12076	0.18469	0.05722	0.02955	0.17345	0.07317	0.01270	0.00777	0.00243	0.00702	0.01057	0.00647	0.00995
18	0.01793	0.01722	0.02175	0.15929	0.02817	0.10316	0.11453	0.11106	0.08472	0.02620	0.06921	0.07078	0.09665	0.01118	0.00819	0.00249	0.00875	0.03385	0.00562	0.00923

[dist]
# distance from previous block
# <min> <max>
0	46

[block]
# block no. 2 follows, 26 sequences, length 119
# corresponding to MSA columns:
# 287-405
name=unknown_C
#
# <colnr> <probs for GDERKNQSTAVLIFYWHMCP>
#	G	D	E	R	K	N	Q	S	T	A	V	L	I	F	Y	W	H	M	C	P
0	0.01888	0.14923	0.05017	0.01496	0.01951	0.05368	0.04455	0.13451	0.13290	0.04899	0.05235	0.16293	0.06148	0.01225	0.00767	0.00239	0.00725	0.01028	0.00619	0.00983
1	0.10426	0.12398	0.11622	0.01707	0.02300	0.17458	0.05121	0.11934	0.08875	0.04888	0.01874	0.01962	0.04585	0.00846	0.00684	0.00220	0.00937	0.00634	0.00507	0.01023
2	0.09219	0.19428	0.02332	0.05067	0.10533	0.10270	0.01284	0.04460	0.01744	0.04747	0.06198	0.02243	0.06254	0.00924	0.00745	0.03493	0.00781	0.00651	0.00466	0.09161
3	0.07684	0.28215	0.08721	0.01521	0.02050	0.04626	0.03898	0.11367	0.01810	0.02451	0.01803	0.06882	0.04536	0.01220	0.04729	0.00276	0.06100	0.00705	0.00453	0.00951
4	0.05094	0.01920	0.01923	0.01587	0.02052	0.10063	0.03259	0.30646	0.12579	0.06069	0.02514	0.06094	0.06439	0.05150	0.00942	0.00265	0.00803	0.00850	0.00678	0.01074
5	0.01403	0.08164	0.04045	0.01274	0.01542	0.01105	0.05498	0.04535	0.01606	0.05458	0.06001	0.29798	0.09817	0.01844	0.01214	0.13418	0.00617	0.01353	0.00587	0.00722
6	0.01079	0.00789	0.00984	0.01063	0.01185	0.00754	0.00745	0.05721	0.01716	0.02286	0.12253	0.52819	0.11504	0.02124	0.00937	0.00288	0.00452	0.01898	0.00724	0.00679
7	0.01047	0.00803	0.01083	0.01160	0.01280	0.00775	0.03181	0.01348	0.05959	0.02050	0.04185	0.53377	0.09313	0.05175	0.01075	0.00320	0.00508	0.06005	0.00686	0.00672
8	0.02621	0.05810	0.04844	0.01745	0.02307	0.14491	0.01453	0.39273	0.13365	0.03762	0.01853	0.01864	0.01371	0.00887	0.00733	0.00224	0.00903	0.00658	0.00657	0.01180
9	0.02764	0.01877	0.05654	0.01774	0.02381	0.06477	0.09985	0.14083	0.10841	0.32441	0.02398	0.02277	0.01627	0.00883	0.00773	0.00237	0.00832	0.00750	0.00742	0.01205
10	0.00940	0.00677	0.00894	0.01062	0.01123	0.00632	0.00727	0.01087	0.01482	0.01961	0.04339	0.66069	0.08006	0.02339	0.00969	0.00308	0.00452	0.05607	0.00704	0.00622
11	0.05962	0.01352	0.01483	0.06439	0.01920	0.01504	0.01082	0.05350	0.36080	0.02913	0.10416	0.05982	0.13922	0.01236	0.00794	0.00254	0.00572	0.01035	0.00715	0.00991
12	0.01910	0.01588	0.01978	0.10279	0.12080	0.01776	0.01455	0.07894	0.38300	0.05632	0.06862	0.02699	0.02226	0.00968	0.00774	0.00248	0.00696	0.00827	0.00672	0.01136
13	0.03022	0.01308	0.01716	0.01363	0.01913	0.01183	0.01120	0.03529	0.09450	0.54765	0.02983	0.02901	0.02032	0.00997	0.00770	0.00238	0.00639	0.04315	0.00883	0.04870
14	0.06009	0.04976	0.02281	0.55931	0.04515	0.06650	0.01918	0.05115	0.01648	0.02144	0.01328	0.01883	0.01010	0.00759	0.00724	0.00242	0.00994	0.00634	0.00368	0.00872
15	0.02991	0.01540	0.01864	0.01452	0.02001	0.01536	0.01193	0.26284	0.02603	0.38667	0.02489	0.02336	0.01667	0.01150	0.04035	0.00275	0.00764	0.00733	0.05191	0.01228
16	0.02883	0.02125	0.02276	0.01745	0.02352	0.02352	0.01442	0.66082	0.03566	0.04780	0.01821	0.01821	0.01290	0.00911	0.00759	0.00228	0.00835	0.00683	0.00759	0.01290
17	0.01521	0.03923	0.69413	0.02162	0.03283	0.01762	0.02802	0.02402	0.01601	0.02402	0.01361	0.01601	0.00961	0.00721	0.00721	0.00240	0.01121	0.00560	0.00320	0.01121
18	0.01137	0.00891	0.01322	0.01291	0.01414	0.01076	0.01014	0.01398	0.01214	0.01767	0.01935	0.02857	0.01813	0.05283	0.64033	0.01137	0.08529	0.00799	0.00399	0.00691
19	0.00973	0.00694	0.00871	0.00992	0.01049	0.00654	0.00657	0.01088	0.01408	0.01854	0.04077	0.49662	0.09964	0.18225	0.01613	0.00401	0.00511	0.04073	0.00649	0.00586
20	0.00945	0.00669	0.00874	0.01029	0.01068	0.00630	0.00675	0.01062	0.01411	0.01882	0.03970	0.64862	0.04751	0.10725	0.01308	0.00358	0.00475	0.02032	0.00675	0.00598
21	0.01687	0.00834	0.00889	0.00822	0.01061	0.00827	0.00633	0.05004	0.01743	0.09718	0.02497	0.02755	0.01906	0.00891	0.00565	0.00185	0.00406	0.00712	0.66071	0.00794
22	0.03126	0.01735	0.02035	0.01560	0.02158	0.01774	0.01289	0.36938	0.02914	0.34845	0.02368	0.02176	0.01564	0.00924	0.00761	0.00231	0.00746	0.00720	0.00843	0.01290
23	0.00967	0.00711	0.00917	0.01066	0.01163	0.00661	0.00767	0.01143	0.01542	0.02007	0.04697	0.52468	0.14707	0.02261	0.00970	0.00307	0.00473	0.11838	0.00703	0.00633
24	0.01318	0.00659	0.00988	0.00988	0.00988	0.00659	0.00659	0.00988	0.00988	0.01318	0.01318	0.02306	0.01318	0.02635	0.02964	0.77931	0.00659	0.00659	0.00329	0.00329
25	0.01518	0.00808	0.00818	0.00781	0.00988	0.00824	0.00595	0.06332	0.01731	0.02966	0.02428	0.02756	0.01898	0.00886	0.00546	0.00180	0.00388	0.00705	0.72104	0.00748
26	0.01126	0.00820	0.01033	0.01070	0.01219	0.00787	0.00778	0.05823	0.01863	0.02524	0.25124	0.37982	0.09820	0.01957	0.00928	0.00278	0.00451	0.04964	0.00750	0.00702
27	0.01074	0.00775	0.01014	0.00954	0.01133	0.00716	0.00716	0.01431	0.02147	0.03042	0.68211	0.05666	0.07157	0.01551	0.00895	0.00239	0.00358	0.01372	0.00835	0.00716
28	0.02958	0.02005	0.02202	0.01689	0.02293	0.02175	0.01395	0.57150	0.03367	0.13995	0.01989	0.01930	0.01374	0.00915	0.00759	0.00229	0.00808	0.00694	0.00785	0.01290
29	0.01338	0.00803	0.01091	0.01188	0.01341	0.00753	0.00900	0.01551	0.01629	0.11050	0.03976	0.45934	0.04418	0.02107	0.00962	0.00309	0.00538	0.18649	0.00734	0.00729
30	0.01084	0.00813	0.01219	0.01219	0.01354	0.00948	0.00948	0.01354	0.01219	0.01761	0.02032	0.02980	0.01896	0.05689	0.70337	0.01219	0.02032	0.00813	0.00406	0.00677
31	0.00924	0.00660	0.00880	0.01056	0.01100	0.00616	0.00704	0.01056	0.01452	0.01936	0.04181	0.72848	0.05017	0.02376	0.00968	0.00308	0.00440	0.02156	0.00704	0.00616
32	0.02305	0.01837	0.01950	0.01628	0.02132	0.02082	0.01302	0.30046	0.40545	0.03847	0.02556	0.02407	0.01885	0.00979	0.00766	0.00245	0.00699	0.00784	0.00766	0.01238
33	0.01084	0.00813	0.01219	0.01219	0.01354	0.00948	0.00948	0.01354	0.01219	0.01761	0.02032	0.02980	0.01896	0.05689	0.70337	0.01219	0.02032	0.00813	0.00406	0.00677
34	0.03037	0.01663	0.01969	0.01518	0.02094	0.01685	0.01251	0.33360	0.02836	0.35078	0.05729	0.02375	0.01864	0.00956	0.00768	0.00232	0.00721	0.00755	0.00848	0.01261
35	0.00967	0.00829	0.00836	0.00823	0.01092	0.00729	0.00621	0.01297	0.06378	0.02129	0.07358	0.06983	0.63621	0.01858	0.00888	0.00256	0.00400	0.01548	0.00709	0.00680
36	0.00924	0.00660	0.00880	0.01056	0.01100	0.00616	0.00704	0.01056	0.01452	0.01936	0.04181	0.72848	0.05017	0.02376	0.00968	0.00308	0.00440	0.02156	0.00704	0.00616
37	0.02028	0.73799	0.03975	0.01298	0.01947	0.03001	0.01298	0.02271	0.01541	0.01785	0.01055	0.01217	0.00973	0.00649	0.00487	0.00162	0.00811	0.00406	0.00324	0.00973
38	0.02883	0.02125	0.02276	0.01745	0.02352	0.02352	0.01442	0.66082	0.03566	0.04780	0.01821	0.01821	0.01290	0.00911	0.00759	0.00228	0.00835	0.00683	0.00759	0.01290
39	0.00924	0.00660	0.00880	0.01056	0.01100	0.00616	0.00704	0.01056	0.01452	0.01936	0.04181	0.72848	0.05017	0.02376	0.00968	0.00308	0.00440	0.02156	0.00704	0.00616
40	0.01222	0.00873	0.01222	0.01397	0.01572	0.00873	0.01222	0.01572	0.01746	0.02270	0.04016	0.08556	0.04365	0.02095	0.01048	0.00349	0.00698	0.63506	0.00698	0.00698
41	0.01042	0.00774	0.00970	0.00921	0.01114	0.00702	0.00691	0.01370	0.02073	0.02865	0.57426	0.05957	0.18053	0.01617	0.00895	0.00242	0.00363	0.01413	0.00812	0.00702
42	0.01432	0.01348	0.02275	0.71520	0.05224	0.01685	0.02107	0.01938	0.01517	0.01938	0.01348	0.02022	0.01011	0.00758	0.00758	0.00253	0.01011	0.00674	0.00337	0.00843
43	0.01318	0.00659	0.00988	0.00988	0.00988	0.00659	0.00659	0.00988	0.00988	0.01318	0.01318	0.02306	0.01318	0.02635	0.02964	0.77931	0.00659	0.00659	0.00329	0.00329
44	0.00896	0.00768	0.00768	0.00768	0.01025	0.00640	0.00576	0.01089	0.01729	0.02049	0.07684	0.07300	0.68304	0.01921	0.00896	0.00256	0.00384	0.01601	0.00704	0.00640
45	0.01072	0.00786	0.01012	0.00985	0.01171	0.00726	0.00758	0.01412	0.02059	0.02853	0.54773	0.06159	0.13111	0.01650	0.00912	0.00253	0.00399	0.08396	0.00806	0.00706
46	0.01877	0.01802	0.03079	0.04656	0.68612	0.01802	0.02328	0.02328	0.01727	0.02478	0.01427	0.01877	0.01201	0.00676	0.00751	0.00225	0.00901	0.00676	0.00375	0.01201
47	0.01084	0.00813	0.01219	0.01219	0.01354	0.00948	0.00948	0.01354	0.01219	0.01761	0.02032	0.02980	0.01896	0.05689	0.70337	0.01219	0.02032	0.00813	0.00406	0.00677
48	0.02937	0.02039	0.02223	0.01705	0.02310	0.02225	0.01408	0.59687	0.03423	0.11378	0.01941	0.01899	0.01350	0.00913	0.00759	0.00228	0.00815	0.00691	0.00777	0.01290
49	0.01887	0.01629	0.01715	0.01544	0.01972	0.01887	0.01201	0.04031	0.67241	0.03173	0.03087	0.02830	0.02315	0.01029	0.00772	0.00257	0.00600	0.00858	0.00772	0.01201
50	0.01047	0.00745	0.00969	0.01003	0.01120	0.00703	0.00721	0.01294	0.01781	0.02461	0.36239	0.24863	0.05750	0.11160	0.01313	0.00332	0.00458	0.06650	0.00738	0.00653
51	0.07672	0.01301	0.01724	0.01330	0.01910	0.01148	0.01098	0.03613	0.02121	0.65411	0.02883	0.02505	0.01818	0.00925	0.00746	0.00235	0.00642	0.00743	0.00912	0.01264
52	0.03403	0.01291	0.01760	0.01350	0.01936	0.01115	0.01115	0.03697	0.02171	0.69137	0.02992	0.02582	0.01878	0.00939	0.00763	0.00235	0.00645	0.00763	0.00939	0.01291
53	0.00896	0.00768	0.00768	0.00768	0.01025	0.00640	0.00576	0.01089	0.01729	0.02049	0.07684	0.07300	0.68304	0.01921	0.00896	0.00256	0.00384	0.01601	0.00704	0.00640
54	0.00980	0.00695	0.00916	0.01060	0.01120	0.00659	0.00730	0.01133	0.01485	0.01984	0.07611	0.55794	0.04843	0.09577	0.01268	0.00352	0.00491	0.08003	0.00686	0.00614
55	0.01432	0.01348	0.02275	0.71520	0.05224	0.01685	0.02107	0.01938	0.01517	0.01938	0.01348	0.02022	0.01011	0.00758	0.00758	0.00253	0.01011	0.00674	0.00337	0.00843
56	0.01198	0.00865	0.01189	0.01351	0.01531	0.00856	0.01175	0.01536	0.01745	0.02254	0.04285	0.08464	0.09050	0.02083	0.01037	0.00342	0.00675	0.58970	0.00699	0.00694
57	0.01103	0.00735	0.00827	0.00827	0.00827	0.00735	0.00460	0.01103	0.01103	0.01471	0.02390	0.04964	0.02758	0.73343	0.03861	0.00735	0.00735	0.01103	0.00460	0.00460
58	0.02902	0.02095	0.02258	0.01731	0.02337	0.02308	0.01430	0.63841	0.03516	0.07093	0.01863	0.01848	0.01311	0.00912	0.00759	0.00228	0.00828	0.00686	0.00765	0.01290
59	0.01222	0.00873	0.01222	0.01397	0.01572	0.00873	0.01222	0.01572	0.01746	0.02270	0.04016	0.08556	0.04365	0.02095	0.01048	0.00349	0.00698	0.63506	0.00698	0.00698
60	0.02883	0.02125	0.02276	0.01745	0.02352	0.02352	0.01442	0.66082	0.03566	0.04780	0.01821	0.01821	0.01290	0.00911	0.00759	0.00228	0.00835	0.00683	0.00759	0.01290
61	0.00951	0.00691	0.00903	0.01063	0.01140	0.00644	0.00743	0.01110	0.01508	0.01980	0.04497	0.60248	0.10968	0.02305	0.00969	0.00307	0.00460	0.08182	0.00704	0.00627
62	0.00964	0.00741	0.00886	0.00947	0.01111	0.00664	0.00693	0.01179	0.01718	0.02218	0.17886	0.29116	0.30572	0.02016	0.00931	0.00277	0.00421	0.06280	0.00729	0.00651
63	0.00948	0.00766	0.00830	0.00866	0.01073	0.00669	0.00646	0.01136	0.01656	0.02017	0.06565	0.13700	0.50591	0.07359	0.01142	0.00307	0.00448	0.07964	0.00685	0.00630
64	0.00982	0.00759	0.00896	0.00889	0.01084	0.00673	0.00656	0.01245	0.01891	0.02498	0.35488	0.14287	0.32316	0.01802	0.00904	0.00254	0.00379	0.01560	0.00765	0.00673
65	0.01985	0.01556	0.01656	0.01464	0.01888	0.01764	0.01146	0.08453	0.52644	0.06375	0.02925	0.02742	0.02179	0.01001	0.00746	0.00246	0.00595	0.00824	0.08650	0.01161
66	0.01183	0.00883	0.01048	0.01061	0.01218	0.00878	0.00756	0.04837	0.07921	0.02350	0.15618	0.28681	0.12028	0.13873	0.01406	0.00354	0.00514	0.03989	0.00696	0.00705
67	0.01521	0.03923	0.69413	0.02162	0.03283	0.01762	0.02802	0.02402	0.01601	0.02402	0.01361	0.01601	0.00961	0.00721	0.00721	0.00240	0.01121	0.00560	0.00320	0.01121
68	0.01103	0.00793	0.01025	0.01151	0.01252	0.00774	0.00826	0.05740	0.01642	0.02183	0.03991	0.59175	0.04665	0.02235	0.00964	0.00308	0.00503	0.10289	0.00707	0.00675
69	0.00944	0.00675	0.00901	0.01066	0.01122	0.00632	0.00727	0.01096	0.01498	0.02003	0.07235	0.66911	0.05091	0.02325	0.00968	0.00306	0.00447	0.04719	0.00710	0.00624
70	0.00924	0.00660	0.00880	0.01056	0.01100	0.00616	0.00704	0.01056	0.01452	0.01936	0.04181	0.72848	0.05017	0.02376	0.00968	0.00308	0.00440	0.02156	0.00704	0.00616
71	0.01021	0.00767	0.00958	0.01086	0.01184	0.00748	0.00746	0.01363	0.08216	0.02071	0.04317	0.61018	0.09231	0.02206	0.00943	0.00299	0.00453	0.01984	0.00711	0.00678
72	0.02948	0.02188	0.02100	0.01681	0.02232	0.15178	0.01356	0.35783	0.06176	0.19570	0.02041	0.01967	0.01422	0.00898	0.00746	0.00225	0.00881	0.00673	0.00731	0.01206
73	0.02937	0.02039	0.02223	0.01705	0.02310	0.02225	0.01408	0.59687	0.03423	0.11378	0.01941	0.01899	0.01350	0.00913	0.00759	0.00228	0.00815	0.00691	0.00777	0.01290
74	0.00984	0.00694	0.00906	0.01053	0.01103	0.00662	0.00717	0.01117	0.01424	0.01893	0.03866	0.54986	0.04575	0.14130	0.01457	0.00383	0.00516	0.08271	0.00663	0.00599
75	0.02883	0.02125	0.02276	0.01745	0.02352	0.02352	0.01442	0.66082	0.03566	0.04780	0.01821	0.01821	0.01290	0.00911	0.00759	0.00228	0.00835	0.00683	0.00759	0.01290
76	0.01527	0.01299	0.01524	0.01119	0.01748	0.00983	0.00885	0.01849	0.01564	0.02434	0.01549	0.06631	0.01400	0.00691	0.00591	0.00126	0.00553	0.00571	0.00467	0.72489
77	0.02037	0.16199	0.22859	0.02450	0.13978	0.12260	0.08097	0.08989	0.01912	0.02465	0.01351	0.01607	0.01058	0.00720	0.00697	0.00217	0.01048	0.00585	0.00392	0.01079
78	0.33362	0.01664	0.01658	0.01640	0.08346	0.06831	0.01171	0.12837	0.01855	0.07972	0.01770	0.10750	0.01575	0.01006	0.00749	0.00244	0.04310	0.00751	0.00560	0.00950
79	0.02046	0.49740	0.11555	0.01823	0.08989	0.10646	0.01605	0.02382	0.01639	0.01939	0.01144	0.01349	0.00996	0.00676	0.00565	0.00182	0.00923	0.00462	0.00337	0.01003
80	0.01084	0.00813	0.01219	0.01219	0.01354	0.00948	0.00948	0.01354	0.01219	0.01761	0.02032	0.02980	0.01896	0.05689	0.70337	0.01219	0.02032	0.00813	0.00406	0.00677
81	0.01164	0.00899	0.01231	0.01191	0.01260	0.01057	0.00877	0.01327	0.01181	0.01680	0.02079	0.05807	0.02161	0.27274	0.36696	0.00906	0.11227	0.00933	0.00424	0.00625
82	0.00924	0.00660	0.00880	0.01056	0.01100	0.00616	0.00704	0.01056	0.01452	0.01936	0.04181	0.72848	0.05017	0.02376	0.00968	0.00308	0.00440	0.02156	0.00704	0.00616
83	0.01659	0.01659	0.02323	0.01991	0.01991	0.02323	0.01659	0.01825	0.01162	0.01825	0.00996	0.01659	0.00996	0.01328	0.02489	0.00332	0.71955	0.00664	0.00332	0.00830
84	0.01998	0.01653	0.01760	0.01536	0.01977	0.01882	0.01207	0.14355	0.51838	0.03436	0.07495	0.02860	0.02485	0.01046	0.00778	0.00251	0.00623	0.00864	0.00774	0.01181
85	0.01318	0.00659	0.00988	0.00988	0.00988	0.00659	0.00659	0.00988	0.00988	0.01318	0.01318	0.02306	0.01318	0.02635	0.02964	0.77931	0.00659	0.00659	0.00329	0.00329
86	0.00896	0.00768	0.00768	0.00768	0.01025	0.00640	0.00576	0.01089	0.01729	0.02049	0.07684	0.07300	0.68304	0.01921	0.00896	0.00256	0.00384	0.01601	0.00704	0.00640
87	0.00963	0.00709	0.00908	0.01056	0.01132	0.00672	0.00716	0.01185	0.04260	0.01997	0.04383	0.65228	0.09394	0.02287	0.00955	0.00302	0.00443	0.02062	0.00707	0.00643
88	0.00905	0.00758	0.00788	0.00802	0.01036	0.00641	0.00593	0.01098	0.01718	0.02074	0.09526	0.13462	0.60101	0.01951	0.00903	0.00260	0.00389	0.01645	0.00709	0.00641
89	0.02830	0.02073	0.02219	0.01708	0.02299	0.02293	0.01409	0.63752	0.03495	0.04710	0.01845	0.01858	0.01314	0.00910	0.00751	0.00226	0.00817	0.00684	0.03541	0.01269
90	0.01414	0.00707	0.00707	0.00707	0.00884	0.00707	0.00530	0.01767	0.01591	0.02828	0.02474	0.02828	0.01944	0.00884	0.00530	0.00177	0.00353	0.00707	0.77554	0.00707
91	0.01012	0.00809	0.00918	0.00948	0.01159	0.00739	0.00715	0.01341	0.05450	0.02243	0.14249	0.18405	0.39367	0.01919	0.00916	0.00272	0.00434	0.07695	0.00724	0.00683
92	0.00952	0.00680	0.00913	0.01089	0.01145	0.00640	0.00753	0.01105	0.01480	0.01968	0.04165	0.66743	0.04955	0.02350	0.00976	0.00312	0.00465	0.07982	0.00704	0.00624
93	0.01887	0.01629	0.01715	0.01544	0.01972	0.01887	0.01201	0.04031	0.67241	0.03173	0.03087	0.02830	0.02315	0.01029	0.00772	0.00257	0.00600	0.00858	0.00772	0.01201
94	0.33431	0.01305	0.01327	0.01123	0.01578	0.01359	0.00910	0.04914	0.05628	0.23145	0.05760	0.02530	0.06440	0.00944	0.00643	0.00233	0.00571	0.00709	0.06476	0.00976
95	0.15945	0.01135	0.01375	0.01144	0.01562	0.01074	0.00918	0.02614	0.02006	0.33479	0.26302	0.03460	0.03605	0.01119	0.00758	0.00236	0.00531	0.00921	0.00818	0.00999
96	0.01086	0.00803	0.01172	0.01172	0.01292	0.00923	0.00890	0.01325	0.01205	0.01726	0.02074	0.03215	0.01999	0.13725	0.62441	0.01162	0.01878	0.00847	0.00413	0.00651
97	0.00896	0.00768	0.00768	0.00768	0.01025	0.00640	0.00576	0.01089	0.01729	0.02049	0.07684	0.07300	0.68304	0.01921	0.00896	0.00256	0.00384	0.01601	0.00704	0.00640
98	0.01318	0.00659	0.00988	0.00988	0.00988	0.00659	0.00659	0.00988	0.00988	0.01318	0.01318	0.02306	0.01318	0.02635	0.02964	0.77931	0.00659	0.00659	0.00329	0.00329
99	0.01790	0.02046	0.04476	0.03197	0.03964	0.01918	0.65857	0.02430	0.01790	0.02430	0.01535	0.02046	0.01151	0.00639	0.00895	0.00256	0.01279	0.00895	0.00384	0.01023
100	0.02879	0.02253	0.02265	0.01763	0.02352	0.08224	0.01444	0.60634	0.03444	0.04528	0.01765	0.01782	0.01263	0.00899	0.00752	0.00225	0.00881	0.00666	0.00727	0.01254
101	0.01091	0.00781	0.01060	0.01060	0.01140	0.00862	0.00750	0.01252	0.01172	0.01643	0.02177	0.03786	0.02246	0.33166	0.43338	0.01023	0.01505	0.00931	0.00428	0.00589
102	0.00919	0.00679	0.00861	0.01006	0.01087	0.00620	0.00682	0.01062	0.01500	0.01956	0.04788	0.61476	0.15996	0.02297	0.00956	0.00299	0.00430	0.02060	0.00704	0.00620
103	0.01934	0.01653	0.01742	0.01553	0.01991	0.01909	0.01212	0.06998	0.64197	0.03250	0.03027	0.02782	0.02266	0.01023	0.00771	0.00256	0.00611	0.00849	0.00771	0.01205
104	0.02883	0.02125	0.02276	0.01745	0.02352	0.02352	0.01442	0.66082	0.03566	0.04780	0.01821	0.01821	0.01290	0.00911	0.00759	0.00228	0.00835	0.00683	0.00759	0.01290
105	0.02440	0.33806	0.02943	0.01673	0.02159	0.38598	0.01401	0.02655	0.01848	0.01824	0.01115	0.01314	0.00976	0.00746	0.00670	0.00186	0.03908	0.00460	0.00360	0.00918
106	0.00924	0.00660	0.00880	0.01056	0.01100	0.00616	0.00704	0.01056	0.01452	0.01936	0.04181	0.72848	0.05017	0.02376	0.00968	0.00308	0.00440	0.02156	0.00704	0.00616
107	0.02424	0.02784	0.02107	0.09128	0.07616	0.43205	0.01504	0.09769	0.02169	0.02262	0.01951	0.02133	0.07935	0.00902	0.00727	0.00213	0.01134	0.00658	0.00458	0.00922
108	0.01193	0.00873	0.01243	0.01217	0.01378	0.01005	0.00949	0.04649	0.01359	0.01974	0.02046	0.02913	0.01868	0.05175	0.62864	0.01110	0.01876	0.00800	0.04797	0.00710
109	0.04956	0.00834	0.01010	0.04590	0.01308	0.00801	0.00736	0.01387	0.01870	0.02617	0.40950	0.05548	0.19814	0.08946	0.01172	0.00294	0.00448	0.01311	0.00723	0.00684
110	0.02038	0.12939	0.16442	0.22515	0.03338	0.10500	0.01903	0.16707	0.02079	0.02644	0.01393	0.01691	0.01054	0.00772	0.00702	0.00224	0.01009	0.00590	0.00434	0.01025
111	0.02044	0.07811	0.09371	0.07500	0.06597	0.23878	0.14089	0.02439	0.01747	0.02072	0.01301	0.01691	0.01067	0.00975	0.03656	0.00267	0.08797	0.00623	0.00369	0.03706
112	0.06563	0.20560	0.09868	0.05852	0.11317	0.09791	0.11131	0.02610	0.07557	0.05654	0.01513	0.01738	0.01187	0.00731	0.00680	0.00217	0.00956	0.00611	0.00427	0.01036
113	0.02116	0.21138	0.14606	0.01786	0.07465	0.02032	0.01585	0.12334	0.09149	0.09955	0.01970	0.02019	0.03945	0.00821	0.00674	0.00210	0.00803	0.00636	0.00533	0.06222
114	0.11939	0.11662	0.05184	0.01413	0.01934	0.06639	0.01213	0.16612	0.04442	0.05281	0.01699	0.04811	0.01421	0.01473	0.09761	0.00336	0.00936	0.00645	0.00529	0.12069
115	0.01942	0.18365	0.24242	0.01777	0.02515	0.01989	0.06032	0.12292	0.05254	0.06140	0.01808	0.04845	0.01500	0.00892	0.00713	0.00227	0.00897	0.04219	0.00490	0.03862
116	0.04510	0.03751	0.07438	0.01673	0.06623	0.04121	0.04489	0.05712	0.14016	0.07303	0.11223	0.09610	0.08004	0.01384	0.04072	0.00287	0.00753	0.00994	0.00627	0.03409
117	0.02170	0.09719	0.07739	0.01953	0.05529	0.07287	0.11626	0.14700	0.11551	0.09022	0.04295	0.02405	0.04263	0.03327	0.00859	0.00247	0.00882	0.00767	0.00581	0.01079
118	0.02019	0.12842	0.13218	0.01605	0.04341	0.07517	0.01446	0.15195	0.05407	0.06288	0.05678	0.02564	0.08901	0.00947	0.00707	0.00213	0.00794	0.00738	0.03320	0.06261

[dist]
# distance from previous block
# <min> <max>
21	79

[block]
# block no. 3 follows, 26 sequences, length 69
# corresponding to MSA columns:
# 521-589
name=unknown_D
#
# <colnr> <probs for GDERKNQSTAVLIFYWHMCP>
#	G	D	E	R	K	N	Q	S	T	A	V	L	I	F	Y	W	H	M	C	P
0	0.02014	0.01685	0.02593	0.15196	0.07917	0.01764	0.15903	0.21517	0.02221	0.05694	0.01896	0.08164	0.01603	0.04197	0.00939	0.00264	0.00915	0.00867	0.00544	0.04107
1	0.06331	0.01747	0.02330	0.14519	0.11459	0.01882	0.05936	0.26696	0.05582	0.06380	0.04210	0.02062	0.01482	0.00835	0.00746	0.00230	0.00838	0.00705	0.00587	0.05442
2	0.01929	0.07572	0.07956	0.12789	0.19378	0.01774	0.05880	0.11007	0.01915	0.05369	0.01490	0.01795	0.01157	0.00707	0.00702	0.00206	0.00865	0.00618	0.00452	0.16438
3	0.04434	0.01869	0.05616	0.21325	0.23892	0.06834	0.01874	0.13084	0.02010	0.02702	0.03996	0.02267	0.05134	0.00849	0.00752	0.00234	0.00907	0.00724	0.00466	0.01032
4	0.01862	0.01652	0.02522	0.28260	0.27385	0.01848	0.01991	0.14187	0.01962	0.02667	0.01546	0.04334	0.01269	0.00840	0.00847	0.00244	0.04366	0.00727	0.00443	0.01049
5	0.01975	0.01805	0.02545	0.15787	0.16880	0.05740	0.09043	0.17000	0.02089	0.02802	0.01651	0.06411	0.01396	0.00880	0.00850	0.00234	0.04371	0.00768	0.00484	0.07289
6	0.01884	0.04596	0.02658	0.22357	0.34273	0.05157	0.02026	0.09306	0.01888	0.02516	0.01561	0.02219	0.01309	0.00805	0.00756	0.00236	0.00932	0.04036	0.00424	0.01060
7	0.01815	0.01652	0.02623	0.27924	0.35099	0.01779	0.02074	0.09262	0.01849	0.02542	0.01438	0.01906	0.01139	0.00725	0.00744	0.00229	0.00915	0.00664	0.00408	0.05213
8	0.08942	0.01499	0.01921	0.18533	0.16213	0.06945	0.01509	0.05527	0.01723	0.05992	0.02303	0.13942	0.05625	0.01351	0.04446	0.00299	0.00872	0.00945	0.00503	0.00909
9	0.05157	0.04343	0.01999	0.05232	0.09277	0.13627	0.01355	0.12775	0.07148	0.05727	0.02129	0.06334	0.04353	0.00994	0.00776	0.00222	0.02734	0.03786	0.00554	0.11479
10	0.01820	0.01707	0.05854	0.12667	0.23504	0.01641	0.10808	0.09746	0.01902	0.05391	0.04321	0.06771	0.01708	0.01134	0.04528	0.00290	0.00959	0.00828	0.00481	0.03938
11	0.01671	0.01501	0.02210	0.11001	0.33280	0.03413	0.01640	0.04533	0.03852	0.02242	0.01737	0.02722	0.01627	0.20142	0.01574	0.00360	0.00854	0.00781	0.00426	0.04432
12	0.07045	0.09845	0.02332	0.06565	0.02365	0.01775	0.08420	0.19216	0.02188	0.14852	0.02198	0.02321	0.05643	0.01258	0.06251	0.00301	0.00896	0.00728	0.00603	0.05198
13	0.01046	0.00716	0.00839	0.00888	0.00910	0.00699	0.00531	0.01090	0.01223	0.01620	0.03084	0.23628	0.05900	0.51175	0.02955	0.00600	0.00641	0.01410	0.00536	0.00509
14	0.01803	0.04779	0.08668	0.25515	0.17684	0.09077	0.07684	0.06409	0.01793	0.02313	0.01566	0.06396	0.01331	0.00839	0.00761	0.00238	0.01003	0.00750	0.00405	0.00985
15	0.01096	0.00717	0.00866	0.00891	0.00909	0.00706	0.00538	0.01104	0.01214	0.01630	0.06794	0.15733	0.03247	0.49337	0.03101	0.09225	0.00655	0.01242	0.00509	0.00487
16	0.02398	0.01857	0.01995	0.01764	0.05353	0.04679	0.01341	0.25218	0.33928	0.09377	0.02487	0.02357	0.01818	0.00954	0.00762	0.00241	0.00730	0.00766	0.00748	0.01227
17	0.01928	0.01775	0.02705	0.03750	0.49020	0.01850	0.02008	0.05844	0.17912	0.02761	0.01854	0.02109	0.01479	0.00774	0.00756	0.00233	0.00824	0.00721	0.00491	0.01206
18	0.01859	0.01848	0.02781	0.15225	0.47354	0.07218	0.02139	0.02281	0.01695	0.02310	0.01371	0.01839	0.01140	0.00723	0.00818	0.00228	0.04161	0.00652	0.00371	0.03988
19	0.01452	0.01375	0.02279	0.65625	0.04950	0.01739	0.02069	0.01928	0.01487	0.01928	0.01318	0.01991	0.01010	0.00807	0.00905	0.00259	0.07026	0.00673	0.00337	0.00842
20	0.01945	0.01712	0.02294	0.09618	0.02693	0.01906	0.11825	0.13128	0.36813	0.03112	0.02403	0.02461	0.01805	0.01097	0.03467	0.00289	0.00848	0.00814	0.00644	0.01126
21	0.00900	0.00756	0.00781	0.00800	0.01033	0.00638	0.00591	0.01085	0.01698	0.02036	0.07294	0.14594	0.61261	0.01972	0.00904	0.00262	0.00390	0.01663	0.00704	0.00638
22	0.01968	0.62089	0.03707	0.01410	0.01954	0.02891	0.01357	0.02199	0.01480	0.01791	0.01045	0.01289	0.00977	0.00759	0.00812	0.00190	0.12360	0.00447	0.00326	0.00950
23	0.00931	0.00663	0.00878	0.01047	0.01089	0.00621	0.00694	0.01058	0.01438	0.01917	0.04108	0.70077	0.04925	0.05273	0.01086	0.00325	0.00452	0.02113	0.00694	0.00610
24	0.01084	0.00813	0.01219	0.01219	0.01354	0.00948	0.00948	0.01354	0.01219	0.01761	0.02032	0.02980	0.01896	0.05689	0.70337	0.01219	0.02032	0.00813	0.00406	0.00677
25	0.02486	0.02957	0.02487	0.02934	0.26390	0.45444	0.01778	0.02774	0.01996	0.02082	0.01265	0.01553	0.01058	0.00743	0.00708	0.00206	0.01198	0.00556	0.00385	0.00996
26	0.00916	0.00769	0.00796	0.00789	0.01037	0.00649	0.00592	0.01127	0.01775	0.02160	0.14420	0.07118	0.61499	0.01880	0.00896	0.00254	0.00381	0.01575	0.00719	0.00649
27	0.01634	0.01409	0.01473	0.01346	0.01730	0.01568	0.01041	0.03279	0.50507	0.02886	0.04261	0.03972	0.19171	0.01257	0.00804	0.00257	0.00545	0.01047	0.00755	0.01057
28	0.01074	0.00775	0.01014	0.00954	0.01133	0.00716	0.00716	0.01431	0.02147	0.03042	0.68211	0.05666	0.07157	0.01551	0.00895	0.00239	0.00358	0.01372	0.00835	0.00716
29	0.01079	0.00725	0.00834	0.00858	0.00864	0.00719	0.00492	0.01097	0.01150	0.01533	0.02629	0.14024	0.03059	0.63871	0.03475	0.00678	0.00696	0.01244	0.00492	0.00480
30	0.01414	0.00707	0.00707	0.00707	0.00884	0.00707	0.00530	0.01767	0.01591	0.02828	0.02474	0.02828	0.01944	0.00884	0.00530	0.00177	0.00353	0.00707	0.77554	0.00707
31	0.01074	0.00775	0.01014	0.00954	0.01133	0.00716	0.00716	0.01431	0.02147	0.03042	0.68211	0.05666	0.07157	0.01551	0.00895	0.00239	0.00358	0.01372	0.00835	0.00716
32	0.01074	0.00775	0.01014	0.00954	0.01133	0.00716	0.00716	0.01431	0.02147	0.03042	0.68211	0.05666	0.07157	0.01551	0.00895	0.00239	0.00358	0.01372	0.00835	0.00716
33	0.01573	0.01348	0.01573	0.01123	0.01798	0.01011	0.00899	0.01910	0.01573	0.02472	0.01348	0.01573	0.01123	0.00562	0.00562	0.00112	0.00562	0.00449	0.00449	0.77980
34	0.01074	0.00775	0.01014	0.00954	0.01133	0.00716	0.00716	0.01431	0.02147	0.03042	0.68211	0.05666	0.07157	0.01551	0.00895	0.00239	0.00358	0.01372	0.00835	0.00716
35	0.78701	0.01467	0.01115	0.00997	0.01467	0.01702	0.00821	0.02230	0.01291	0.03403	0.01056	0.01232	0.00821	0.00704	0.00469	0.00235	0.00587	0.00411	0.00469	0.00821
36	0.00991	0.00717	0.00894	0.00999	0.01085	0.00673	0.00690	0.01140	0.01492	0.01956	0.07775	0.40636	0.13786	0.15702	0.01510	0.00382	0.00509	0.07796	0.00664	0.00603
37	0.03234	0.01329	0.01755	0.01371	0.01940	0.01201	0.01124	0.03734	0.09412	0.61796	0.03003	0.02609	0.01926	0.00949	0.00764	0.00237	0.00640	0.00773	0.00920	0.01281
38	0.02883	0.02125	0.02276	0.01745	0.02352	0.02352	0.01442	0.66082	0.03566	0.04780	0.01821	0.01821	0.01290	0.00911	0.00759	0.00228	0.00835	0.00683	0.00759	0.01290
39	0.01103	0.00735	0.00827	0.00827	0.00827	0.00735	0.00460	0.01103	0.01103	0.01471	0.02390	0.04964	0.02758	0.73343	0.03861	0.00735	0.00735	0.01103	0.00460	0.00460
40	0.00923	0.00750	0.00817	0.00841	0.01051	0.00645	0.00615	0.01124	0.01730	0.02148	0.14315	0.18614	0.49870	0.01957	0.00909	0.00263	0.00391	0.01671	0.00720	0.00645
41	0.01887	0.01629	0.01715	0.01544	0.01972	0.01887	0.01201	0.04031	0.67241	0.03173	0.03087	0.02830	0.02315	0.01029	0.00772	0.00257	0.00600	0.00858	0.00772	0.01201
42	0.01222	0.00873	0.01222	0.01397	0.01572	0.00873	0.01222	0.01572	0.01746	0.02270	0.04016	0.08556	0.04365	0.02095	0.01048	0.00349	0.00698	0.63506	0.00698	0.00698
43	0.04751	0.00774	0.00909	0.00932	0.01108	0.00713	0.00677	0.01262	0.01782	0.02450	0.28772	0.25387	0.24037	0.01857	0.00896	0.00264	0.00400	0.01619	0.00741	0.00670
44	0.70062	0.01390	0.01104	0.00993	0.01430	0.01592	0.00810	0.02141	0.01386	0.03363	0.08529	0.01726	0.01526	0.00798	0.00517	0.00235	0.00561	0.00518	0.00510	0.00810
45	0.00922	0.00667	0.00873	0.01038	0.01095	0.00618	0.00696	0.01058	0.01470	0.01944	0.04406	0.68633	0.09087	0.02347	0.00964	0.00305	0.00436	0.02121	0.00704	0.00618
