[name]
unknown

[dist]
# distance from previous block
# <min> <max>
0	26

[block]
# block no. 0 follows, 31 sequences, length 17
# corresponding to MSA columns:
# 26-42
name=unknown_A
#
# <colnr> <probs for GDERKNQSTAVLIFYWHMCP>
#	G	D	E	R	K	N	Q	S	T	A	V	L	I	F	Y	W	H	M	C	P
0	0.01869	0.06674	0.01973	0.01896	0.15259	0.01666	0.01298	0.19888	0.19777	0.04816	0.06827	0.02579	0.01961	0.00903	0.00690	0.00213	0.00653	0.05925	0.00586	0.04547
1	0.01572	0.01842	0.10539	0.09480	0.06831	0.05549	0.05776	0.04148	0.01314	0.01881	0.01057	0.01549	0.00924	0.00967	0.01573	0.00262	0.42991	0.00595	0.00320	0.00829
2	0.00988	0.00635	0.00849	0.00971	0.01045	0.00587	0.00661	0.01117	0.01355	0.06621	0.03697	0.70444	0.04329	0.02054	0.00860	0.00273	0.00410	0.01858	0.00650	0.00598
3	0.00817	0.00693	0.00705	0.00702	0.00929	0.00581	0.00526	0.00998	0.01579	0.01895	0.10327	0.06506	0.67985	0.01715	0.00808	0.00230	0.00345	0.01433	0.00642	0.00581
4	0.00891	0.00714	0.00806	0.00843	0.01031	0.00642	0.00637	0.01144	0.03941	0.01963	0.11235	0.18927	0.43752	0.01769	0.00832	0.00248	0.00393	0.08984	0.00647	0.00603
5	0.00958	0.00691	0.00905	0.00868	0.01020	0.00639	0.00645	0.01265	0.01889	0.02668	0.66181	0.10474	0.06308	0.01455	0.00812	0.00220	0.00328	0.01291	0.00744	0.00639
6	0.01419	0.01216	0.01419	0.01013	0.01621	0.00912	0.00811	0.01723	0.01419	0.02229	0.01216	0.01419	0.01013	0.00507	0.00507	0.00101	0.00507	0.00405	0.00405	0.80139
7	0.01275	0.00638	0.00638	0.00638	0.00797	0.00638	0.00478	0.01594	0.01435	0.02551	0.02232	0.02551	0.01754	0.00797	0.00478	0.00159	0.00319	0.00638	0.79755	0.00638
8	0.01497	0.01497	0.02095	0.01796	0.01796	0.02095	0.01497	0.01646	0.01048	0.01646	0.00898	0.01497	0.00898	0.01197	0.02245	0.00299	0.74704	0.00599	0.00299	0.00748
9	0.14618	0.01796	0.01874	0.01457	0.01984	0.01988	0.01203	0.56464	0.02852	0.06792	0.01578	0.01588	0.01119	0.00794	0.00644	0.00207	0.00712	0.00581	0.00651	0.01099
10	0.00852	0.00695	0.00753	0.00739	0.00951	0.00596	0.00554	0.01066	0.01662	0.02092	0.24493	0.06182	0.53697	0.01642	0.00808	0.00227	0.00340	0.01388	0.00667	0.00596
11	0.01188	0.00594	0.00891	0.00891	0.00891	0.00594	0.00594	0.00891	0.00891	0.01188	0.01188	0.02080	0.01188	0.02377	0.02674	0.80095	0.00594	0.00594	0.00297	0.00297
12	0.01850	0.04756	0.07741	0.07320	0.37206	0.21316	0.01800	0.02215	0.01656	0.02050	0.04772	0.01709	0.01268	0.00683	0.00657	0.00197	0.00922	0.00579	0.00356	0.00949
13	0.01503	0.01359	0.03968	0.01565	0.02006	0.01266	0.17650	0.11839	0.01727	0.04103	0.02600	0.03214	0.13315	0.05929	0.05974	0.00303	0.03077	0.05866	0.00491	0.12245
14	0.01858	0.24094	0.02129	0.01233	0.01601	0.01805	0.01030	0.15900	0.06355	0.08811	0.01742	0.05467	0.01579	0.15734	0.01307	0.00292	0.07020	0.00691	0.00493	0.00860
15	0.01509	0.03058	0.05716	0.01375	0.01725	0.02915	0.07300	0.08991	0.08446	0.06794	0.02868	0.10833	0.14044	0.04105	0.08049	0.00330	0.07162	0.00944	0.00529	0.03309
16	0.12533	0.09343	0.03713	0.07361	0.04342	0.01579	0.11069	0.06721	0.06834	0.05961	0.06468	0.04412	0.03722	0.00832	0.00745	0.00209	0.05504	0.00688	0.00470	0.07494

[dist]
# distance from previous block
# <min> <max>
0	7

[block]
# block no. 1 follows, 31 sequences, length 41
# corresponding to MSA columns:
# 50-90
name=unknown_B
#
# <colnr> <probs for GDERKNQSTAVLIFYWHMCP>
#	G	D	E	R	K	N	Q	S	T	A	V	L	I	F	Y	W	H	M	C	P
0	0.22951	0.06821	0.13442	0.03419	0.08172	0.04634	0.08685	0.06641	0.07857	0.04564	0.01687	0.01829	0.05044	0.00737	0.00611	0.00211	0.00758	0.00592	0.00438	0.00908
1	0.07300	0.01645	0.11440	0.07545	0.10660	0.01388	0.04151	0.08953	0.07879	0.06708	0.01896	0.04224	0.05067	0.00924	0.03040	0.00227	0.00738	0.00660	0.00472	0.15083
2	0.05727	0.08685	0.16958	0.01320	0.01822	0.03473	0.04409	0.03638	0.04608	0.04867	0.06656	0.04173	0.08092	0.07214	0.06444	0.00303	0.00787	0.00731	0.00451	0.09644
3	0.02385	0.03056	0.05051	0.01752	0.02113	0.61311	0.01373	0.02687	0.05759	0.01762	0.01153	0.01335	0.00950	0.00747	0.00729	0.00189	0.05991	0.00473	0.00366	0.00816
4	0.00908	0.00638	0.00846	0.00934	0.01002	0.00631	0.00645	0.01066	0.01308	0.01811	0.09666	0.45783	0.03892	0.09730	0.13655	0.00446	0.00661	0.01513	0.04301	0.00564
5	0.80789	0.01323	0.01006	0.00900	0.01323	0.01535	0.00741	0.02011	0.01164	0.03070	0.00953	0.01111	0.00741	0.00635	0.00423	0.00212	0.00529	0.00370	0.00423	0.00741
6	0.01636	0.01850	0.08810	0.02524	0.03130	0.01672	0.50158	0.02147	0.01548	0.06096	0.01486	0.04656	0.01182	0.00726	0.00948	0.00238	0.09109	0.00799	0.00376	0.00910
7	0.01824	0.13710	0.01953	0.01512	0.06032	0.08589	0.01138	0.22603	0.05042	0.02583	0.02086	0.22800	0.02082	0.01158	0.00753	0.00218	0.03551	0.00947	0.00539	0.00882
8	0.06164	0.01353	0.01737	0.05822	0.02004	0.01261	0.06278	0.13954	0.01794	0.13583	0.01581	0.01829	0.01218	0.05222	0.00777	0.00195	0.00648	0.00565	0.00515	0.33500
9	0.08652	0.11836	0.35466	0.01867	0.08603	0.01813	0.01878	0.15386	0.01787	0.04718	0.01301	0.01460	0.00960	0.00677	0.00614	0.00204	0.00853	0.00513	0.00400	0.01012
10	0.01564	0.01725	0.06588	0.02051	0.02401	0.05117	0.23814	0.05513	0.01424	0.01993	0.01258	0.01774	0.01072	0.01478	0.11630	0.00375	0.28373	0.00675	0.00347	0.00826
11	0.01188	0.00594	0.00891	0.00891	0.00891	0.00594	0.00594	0.00891	0.00891	0.01188	0.01188	0.02080	0.01188	0.02377	0.02674	0.80095	0.00594	0.00594	0.00297	0.00297
12	0.01195	0.05011	0.01337	0.01124	0.01211	0.01190	0.00846	0.03480	0.01191	0.01658	0.04979	0.06151	0.03996	0.29996	0.15735	0.00568	0.18452	0.00867	0.00410	0.00601
13	0.00834	0.00595	0.00794	0.00953	0.00992	0.00556	0.00635	0.00953	0.01310	0.01746	0.03771	0.75510	0.04525	0.02143	0.00873	0.00278	0.00397	0.01945	0.00635	0.00556
14	0.02918	0.01376	0.07908	0.01283	0.01855	0.01058	0.01141	0.03230	0.01912	0.65916	0.02568	0.02250	0.01620	0.00829	0.00685	0.00212	0.00620	0.00672	0.00797	0.01151
15	0.01668	0.05542	0.06028	0.01162	0.01777	0.03161	0.01006	0.07927	0.01624	0.06324	0.01320	0.01469	0.01045	0.00573	0.00541	0.00129	0.00597	0.00445	0.00440	0.57221
16	0.00995	0.00663	0.00746	0.00746	0.00746	0.00663	0.00415	0.00995	0.00995	0.01327	0.02156	0.04477	0.02487	0.75957	0.03482	0.00663	0.00663	0.00995	0.00415	0.00415
17	0.01615	0.01845	0.04037	0.02884	0.03576	0.01730	0.69204	0.02191	0.01615	0.02191	0.01384	0.01845	0.01038	0.00577	0.00807	0.00231	0.01153	0.00807	0.00346	0.00923
18	0.01100	0.00933	0.01313	0.01349	0.05071	0.01103	0.00977	0.01282	0.01190	0.01677	0.02458	0.17615	0.08528	0.07487	0.26041	0.00579	0.19199	0.01022	0.00431	0.00644
19	0.01386	0.03444	0.68600	0.02002	0.02995	0.01597	0.06245	0.02168	0.01454	0.02168	0.01236	0.01467	0.00876	0.00646	0.00659	0.00217	0.01019	0.00522	0.00292	0.01006
20	0.80789	0.01323	0.01006	0.00900	0.01323	0.01535	0.00741	0.02011	0.01164	0.03070	0.00953	0.01111	0.00741	0.00635	0.00423	0.00212	0.00529	0.00370	0.00423	0.00741
21	0.02210	0.04887	0.01975	0.12930	0.02448	0.52936	0.01395	0.02433	0.01748	0.01678	0.01105	0.01401	0.00924	0.00925	0.03993	0.00232	0.05171	0.00486	0.00341	0.00780
22	0.01829	0.76368	0.03585	0.01171	0.01756	0.02707	0.01171	0.02049	0.01390	0.01610	0.00951	0.01097	0.00878	0.00585	0.00439	0.00146	0.00732	0.00366	0.00293	0.00878
23	0.01497	0.01497	0.02095	0.01796	0.01796	0.02095	0.01497	0.01646	0.01048	0.01646	0.00898	0.01497	0.00898	0.01197	0.02245	0.00299	0.74704	0.00599	0.00299	0.00748
24	0.00835	0.00614	0.00775	0.00901	0.00972	0.00563	0.00608	0.00959	0.01342	0.01750	0.04257	0.61380	0.15882	0.04522	0.00949	0.00283	0.00397	0.01828	0.00628	0.00555
25	0.02762	0.01430	0.01728	0.01338	0.01853	0.01421	0.01100	0.27797	0.04172	0.41917	0.05538	0.02210	0.01731	0.00865	0.00692	0.00210	0.00632	0.00689	0.00778	0.01138
26	0.01000	0.00669	0.00762	0.00769	0.00777	0.00669	0.00446	0.01014	0.01021	0.01359	0.02222	0.04624	0.02553	0.72609	0.03367	0.00648	0.00662	0.03982	0.00424	0.00424
27	0.00835	0.00700	0.00729	0.00739	0.00963	0.00595	0.00566	0.01023	0.01571	0.01888	0.08526	0.06625	0.64616	0.01735	0.00819	0.00237	0.00367	0.06245	0.00638	0.00583
28	0.01619	0.01400	0.02327	0.05155	0.51463	0.01400	0.01798	0.01966	0.01536	0.05233	0.01722	0.02726	0.01576	0.00931	0.00835	0.04770	0.00763	0.11415	0.00405	0.00961
29	0.01500	0.01503	0.02174	0.01821	0.01889	0.02019	0.05319	0.01681	0.01097	0.01705	0.00941	0.01513	0.00911	0.01130	0.02082	0.00286	0.67026	0.00601	0.00307	0.04494
30	0.36058	0.01526	0.01521	0.01221	0.01712	0.01667	0.01008	0.28556	0.02110	0.16193	0.01541	0.01541	0.01080	0.00746	0.00574	0.00209	0.00626	0.00524	0.00603	0.00983
31	0.00845	0.00602	0.00797	0.00941	0.00983	0.00564	0.00626	0.00968	0.01321	0.01768	0.06343	0.69853	0.04517	0.05135	0.00977	0.00291	0.00405	0.01878	0.00631	0.00553
32	0.01448	0.01124	0.01692	0.14293	0.10322	0.01204	0.05226	0.01938	0.09969	0.09157	0.02431	0.18334	0.04189	0.04361	0.05866	0.00317	0.03939	0.02865	0.00513	0.00812
33	0.08668	0.01176	0.01546	0.01194	0.01716	0.01044	0.00986	0.03239	0.01901	0.67185	0.02573	0.02241	0.01625	0.00832	0.00669	0.00212	0.00578	0.00665	0.00816	0.01134
34	0.00832	0.00682	0.00733	0.00745	0.00944	0.00584	0.00549	0.01017	0.01578	0.01949	0.14685	0.14479	0.55374	0.01739	0.00816	0.00235	0.00349	0.01477	0.00650	0.00584
35	0.01418	0.09103	0.25117	0.11795	0.10599	0.04743	0.07649	0.01907	0.01520	0.02047	0.07148	0.05397	0.06986	0.00846	0.00684	0.00213	0.00840	0.00733	0.00382	0.00874
36	0.01428	0.02089	0.28328	0.04012	0.05035	0.01447	0.01634	0.02326	0.20121	0.04217	0.02304	0.11806	0.05397	0.01019	0.00807	0.00235	0.05548	0.00835	0.00482	0.00930
37	0.00923	0.00623	0.00828	0.00963	0.01022	0.00582	0.00654	0.01048	0.01328	0.04076	0.03668	0.68109	0.04333	0.04950	0.00970	0.00292	0.00421	0.04003	0.00633	0.00573
38	0.00931	0.00652	0.00831	0.00919	0.01028	0.00596	0.00650	0.01098	0.01463	0.04209	0.12590	0.49665	0.16064	0.01928	0.00851	0.00262	0.00396	0.04619	0.00656	0.00594
39	0.01956	0.04544	0.09445	0.02712	0.26020	0.14150	0.12481	0.07711	0.03273	0.06609	0.01382	0.01642	0.01074	0.00682	0.00731	0.00207	0.03383	0.00602	0.00402	0.00994
40	0.01971	0.37755	0.02871	0.04871	0.05278	0.07161	0.03937	0.13153	0.03333	0.04487	0.01211	0.01400	0.00999	0.00715	0.00721	0.00187	0.08134	0.00495	0.00394	0.00926

[dist]
# distance from previous block
# <min> <max>
1	13

[block]
# block no. 2 follows, 31 sequences, length 16
# corresponding to MSA columns:
# 104-119
name=unknown_C
#
# <colnr> <probs for GDERKNQSTAVLIFYWHMCP>
#	G	D	E	R	K	N	Q	S	T	A	V	L	I	F	Y	W	H	M	C	P
0	0.01939	0.30049	0.14922	0.01555	0.02123	0.15996	0.04991	0.04223	0.03691	0.06622	0.03340	0.01506	0.01152	0.00709	0.00662	0.00187	0.04539	0.00507	0.00381	0.00907
1	0.08340	0.04391	0.03785	0.06441	0.08616	0.14223	0.06716	0.08934	0.05093	0.04097	0.04601	0.02129	0.05920	0.01167	0.06217	0.00280	0.07083	0.00664	0.00445	0.00857
2	0.09056	0.01826	0.01858	0.01449	0.01975	0.06922	0.01186	0.46556	0.02679	0.11510	0.01631	0.01630	0.01157	0.00777	0.00645	0.00197	0.00731	0.00575	0.00637	0.07004
3	0.01003	0.00782	0.00913	0.00916	0.01087	0.00761	0.00664	0.01456	0.11665	0.02210	0.24507	0.23394	0.20777	0.05539	0.00950	0.00261	0.00398	0.01391	0.00668	0.00658
4	0.00895	0.00649	0.00845	0.00896	0.01003	0.00599	0.00634	0.01111	0.01614	0.02215	0.35320	0.39148	0.08974	0.01776	0.00839	0.00246	0.00360	0.01590	0.00690	0.00599
5	0.00854	0.00668	0.00775	0.00806	0.00967	0.00588	0.00582	0.01049	0.01582	0.02037	0.21649	0.25317	0.37157	0.01766	0.00826	0.00240	0.00355	0.01533	0.00664	0.00588
6	0.00985	0.00665	0.00777	0.00785	0.00797	0.00673	0.00461	0.01011	0.01020	0.01369	0.02215	0.08056	0.02533	0.66494	0.08858	0.00678	0.00742	0.01024	0.00422	0.00437
7	0.02601	0.01916	0.02053	0.01574	0.02122	0.02122	0.01300	0.69408	0.03217	0.04312	0.01643	0.01643	0.01163	0.00821	0.00684	0.00205	0.00753	0.00616	0.00684	0.01163
8	0.80789	0.01323	0.01006	0.00900	0.01323	0.01535	0.00741	0.02011	0.01164	0.03070	0.00953	0.01111	0.00741	0.00635	0.00423	0.00212	0.00529	0.00370	0.00423	0.00741
9	0.14667	0.01825	0.01891	0.01470	0.01998	0.02031	0.01214	0.59007	0.02900	0.04120	0.01536	0.01561	0.01098	0.00793	0.00644	0.00206	0.00718	0.00578	0.00644	0.01098
10	0.01560	0.01718	0.05695	0.05887	0.08457	0.01583	0.51067	0.02096	0.01573	0.02215	0.01461	0.01901	0.01112	0.00612	0.00749	0.00220	0.01017	0.00754	0.09426	0.00898
11	0.01702	0.01470	0.01547	0.01392	0.01779	0.01702	0.01083	0.03635	0.70453	0.02862	0.02785	0.02553	0.02088	0.00928	0.00696	0.00232	0.00541	0.00773	0.00696	0.01083
12	0.01615	0.01502	0.02507	0.03748	0.62657	0.01496	0.01895	0.02003	0.01549	0.02238	0.01655	0.02015	0.04845	0.00683	0.00669	0.00201	0.00751	0.00656	0.06289	0.01024
13	0.01603	0.01472	0.08792	0.05358	0.29597	0.01279	0.01525	0.03651	0.05241	0.10269	0.04735	0.13993	0.05139	0.03290	0.00805	0.00236	0.00684	0.00902	0.00496	0.00931
14	0.01788	0.08700	0.29570	0.01553	0.02241	0.01452	0.04909	0.04012	0.06774	0.16859	0.04757	0.04002	0.03637	0.00801	0.00659	0.00206	0.00765	0.00660	0.00495	0.06159
15	0.02723	0.01128	0.01501	0.01197	0.01666	0.01011	0.00970	0.03104	0.07030	0.59157	0.05559	0.07672	0.02118	0.00968	0.00707	0.00218	0.00555	0.00806	0.00817	0.01094

[dist]
# distance from previous block
# <min> <max>
0	1

[block]
# block no. 3 follows, 31 sequences, length 24
# corresponding to MSA columns:
# 121-144
name=unknown_D
#
# <colnr> <probs for GDERKNQSTAVLIFYWHMCP>
#	G	D	E	R	K	N	Q	S	T	A	V	L	I	F	Y	W	H	M	C	P
0	0.01520	0.03889	0.05196	0.07391	0.01824	0.05913	0.00991	0.01916	0.04156	0.05032	0.05771	0.01939	0.01516	0.00682	0.00562	0.00152	0.00585	0.00547	0.14616	0.35804
1	0.00985	0.07223	0.01077	0.00906	0.01107	0.00807	0.00715	0.01212	0.01599	0.02064	0.21449	0.17484	0.27632	0.01643	0.00808	0.00240	0.00425	0.11364	0.00634	0.00625
2	0.02564	0.01898	0.02032	0.01567	0.02107	0.02104	0.01291	0.66687	0.05997	0.04252	0.01690	0.01680	0.01202	0.00826	0.00685	0.00206	0.00744	0.00622	0.00685	0.01160
3	0.01372	0.03539	0.72412	0.01950	0.02961	0.01589	0.02528	0.02167	0.01444	0.02167	0.01228	0.01444	0.00867	0.00650	0.00650	0.00217	0.01011	0.00506	0.00289	0.01011
4	0.07430	0.01226	0.01588	0.01224	0.01749	0.01114	0.01011	0.07908	0.02002	0.63483	0.02526	0.02212	0.01602	0.00833	0.00673	0.00211	0.00591	0.00665	0.00811	0.01140
5	0.01657	0.01748	0.03533	0.07207	0.03347	0.01717	0.53939	0.07646	0.01702	0.02332	0.01412	0.01844	0.01065	0.00636	0.00830	0.00228	0.03823	0.00764	0.03658	0.00914
6	0.02601	0.01916	0.02053	0.01574	0.02122	0.02122	0.01300	0.69408	0.03217	0.04312	0.01643	0.01643	0.01163	0.00821	0.00684	0.00205	0.00753	0.00616	0.00684	0.01163
7	0.00977	0.00733	0.01100	0.01100	0.01222	0.00855	0.00855	0.01222	0.01100	0.01588	0.01833	0.02688	0.01710	0.05131	0.73245	0.01100	0.01833	0.00733	0.00367	0.00611
8	0.01032	0.00748	0.01075	0.01032	0.01146	0.00818	0.03257	0.01229	0.01120	0.01624	0.01937	0.03123	0.01897	0.23531	0.45601	0.00869	0.01364	0.00798	0.07229	0.00572
9	0.01155	0.00786	0.01050	0.07309	0.01397	0.00815	0.00795	0.04072	0.01334	0.05766	0.02688	0.28197	0.02935	0.22206	0.11535	0.00487	0.00752	0.05591	0.00524	0.00608
10	0.00930	0.00714	0.01019	0.01085	0.01166	0.00709	0.03282	0.01099	0.01380	0.01865	0.09342	0.57814	0.04319	0.01950	0.00946	0.00274	0.04536	0.06360	0.00616	0.00593
11	0.01545	0.00960	0.01188	0.01154	0.01410	0.00964	0.00930	0.04309	0.12754	0.14484	0.03360	0.12795	0.07735	0.05816	0.00962	0.00284	0.00555	0.23978	0.04026	0.00791
12	0.01471	0.01812	0.15437	0.18737	0.04745	0.07573	0.10540	0.03838	0.01409	0.01859	0.01284	0.01807	0.01051	0.01391	0.07972	0.13615	0.03760	0.00610	0.00328	0.00762
13	0.01614	0.01582	0.02527	0.22961	0.39707	0.04512	0.06647	0.02168	0.07471	0.02130	0.01394	0.01795	0.01112	0.00659	0.00687	0.00213	0.00858	0.00630	0.00361	0.00972
14	0.00843	0.00630	0.00787	0.00906	0.01000	0.00574	0.00633	0.00986	0.01387	0.01789	0.04542	0.54613	0.21006	0.02027	0.00861	0.00268	0.00398	0.05548	0.00635	0.00565
15	0.00847	0.00642	0.00749	0.00825	0.00931	0.00579	0.00560	0.00970	0.01359	0.01725	0.04738	0.39170	0.29606	0.12580	0.01223	0.00315	0.00416	0.01619	0.00604	0.00544
16	0.01826	0.02066	0.09440	0.19438	0.14191	0.14985	0.07490	0.10558	0.06853	0.02289	0.01372	0.01678	0.01058	0.00714	0.00726	0.00213	0.03179	0.00597	0.00396	0.00931
17	0.01656	0.01269	0.01627	0.06983	0.04452	0.08935	0.07401	0.01971	0.05327	0.13612	0.04792	0.07279	0.04672	0.05819	0.13183	0.08024	0.00922	0.00816	0.00495	0.00764
18	0.01514	0.00991	0.01219	0.01052	0.01322	0.00989	0.00815	0.11606	0.01821	0.11333	0.23085	0.03635	0.10292	0.07966	0.09538	0.02929	0.03046	0.00929	0.00620	0.05297
19	0.01481	0.06102	0.18915	0.04229	0.08287	0.01440	0.11291	0.06485	0.04434	0.03944	0.02044	0.05169	0.04263	0.03704	0.06576	0.00313	0.00909	0.09100	0.00437	0.00876
20	0.07158	0.12382	0.06016	0.04691	0.05798	0.08527	0.03141	0.08017	0.01557	0.02202	0.01580	0.04907	0.01370	0.01687	0.15916	0.00381	0.00967	0.00626	0.12279	0.00796
21	0.29470	0.11293	0.04744	0.06041	0.02004	0.16080	0.05440	0.06018	0.01550	0.04657	0.01195	0.01410	0.00942	0.00832	0.03246	0.00230	0.00837	0.00478	0.02709	0.00822
22	0.01654	0.19833	0.12422	0.05864	0.10373	0.05347	0.03573	0.07716	0.01579	0.04306	0.01687	0.05059	0.03960	0.10839	0.01003	0.00256	0.00786	0.00669	0.00400	0.02674
23	0.06427	0.09448	0.13135	0.04495	0.05871	0.12734	0.01346	0.09010	0.09066	0.02300	0.01977	0.04470	0.07313	0.03629	0.00739	0.00216	0.00775	0.00663	0.00448	0.05939

[dist]
# distance from previous block
# <min> <max>
4	12

[block]
# block no. 4 follows, 31 sequences, length 10
# corresponding to MSA columns:
# 158-167
name=unknown_E
#
# <colnr> <probs for GDERKNQSTAVLIFYWHMCP>
#	G	D	E	R	K	N	Q	S	T	A	V	L	I	F	Y	W	H	M	C	P
0	0.10344	0.15750	0.32058	0.01905	0.09498	0.01780	0.05482	0.02096	0.01404	0.04614	0.01220	0.01517	0.00965	0.02878	0.00787	0.00221	0.05693	0.00520	0.00337	0.00931
1	0.00869	0.00702	0.00779	0.00828	0.00998	0.00634	0.00594	0.01123	0.05401	0.01869	0.05534	0.31651	0.42905	0.01837	0.00826	0.00248	0.00376	0.01589	0.00639	0.00598
2	0.11808	0.01167	0.05623	0.04035	0.01545	0.01092	0.00973	0.07195	0.01593	0.06318	0.09020	0.18179	0.11376	0.01302	0.00822	0.00235	0.05503	0.05356	0.02373	0.04485
3	0.01926	0.03288	0.05525	0.06615	0.12702	0.01604	0.09521	0.21027	0.03654	0.09146	0.01721	0.06271	0.01386	0.00912	0.02341	0.00230	0.03217	0.00708	0.02630	0.05578
4	0.01103	0.00801	0.00887	0.00909	0.01047	0.03480	0.00656	0.03959	0.01462	0.02057	0.07681	0.26735	0.11201	0.06387	0.10524	0.00367	0.00621	0.01219	0.18290	0.00615
5	0.00990	0.00638	0.00768	0.00862	0.00971	0.00606	0.00624	0.01194	0.01401	0.02028	0.03641	0.39338	0.10906	0.01672	0.00756	0.00241	0.00392	0.08217	0.24162	0.00590
6	0.01785	0.02069	0.11556	0.02517	0.21495	0.10316	0.09788	0.08825	0.08177	0.02325	0.01534	0.01801	0.02940	0.00783	0.00902	0.00222	0.10957	0.00636	0.00405	0.00969
7	0.01959	0.14653	0.16503	0.06170	0.09710	0.13918	0.06715	0.12498	0.04579	0.05016	0.01352	0.01538	0.01034	0.00685	0.00635	0.00197	0.00912	0.00545	0.00408	0.00971
8	0.00826	0.00684	0.00724	0.00736	0.00940	0.00582	0.00544	0.01008	0.01569	0.01922	0.12675	0.13551	0.58393	0.01744	0.00815	0.00234	0.00349	0.01476	0.00646	0.00582
9	0.01462	0.03823	0.04116	0.01743	0.15992	0.04922	0.01137	0.09107	0.05136	0.02290	0.08480	0.07950	0.13862	0.08810	0.01048	0.00261	0.03318	0.00920	0.04818	0.00806

[dist]
# distance from previous block
# <min> <max>
0	9

[block]
# block no. 5 follows, 31 sequences, length 9
# corresponding to MSA columns:
# 179-187
name=unknown_F
#
# <colnr> <probs for GDERKNQSTAVLIFYWHMCP>
#	G	D	E	R	K	N	Q	S	T	A	V	L	I	F	Y	W	H	M	C	P
0	0.15982	0.02148	0.14529	0.06264	0.16460	0.12829	0.03754	0.10861	0.01724	0.02532	0.01249	0.01493	0.00967	0.00668	0.00611	0.00201	0.00848	0.00522	0.02595	0.03763
1	0.05625	0.00834	0.01050	0.01259	0.09476	0.00790	0.00821	0.01249	0.01494	0.02017	0.09789	0.18523	0.29441	0.05214	0.00929	0.00266	0.00471	0.09519	0.00585	0.00647
2	0.01921	0.24412	0.06079	0.01393	0.01878	0.07440	0.01231	0.18809	0.15886	0.02558	0.01621	0.01746	0.01293	0.01268	0.09275	0.00298	0.00883	0.00567	0.00484	0.00958
3	0.01026	0.00784	0.00955	0.00923	0.01132	0.00706	0.00689	0.03886	0.01661	0.02261	0.25690	0.24535	0.17099	0.01566	0.00792	0.00227	0.00403	0.04893	0.00647	0.10125
4	0.02100	0.27134	0.14768	0.01573	0.02213	0.05268	0.06192	0.22001	0.02024	0.08520	0.01385	0.01480	0.01040	0.00693	0.00602	0.00189	0.00825	0.00525	0.00460	0.01008
5	0.01802	0.08027	0.26895	0.01960	0.06545	0.04894	0.11347	0.07535	0.13617	0.08215	0.01648	0.01760	0.01208	0.00712	0.00670	0.00212	0.00872	0.00611	0.00449	0.01019
6	0.00870	0.00625	0.00794	0.00913	0.00970	0.00586	0.00615	0.00986	0.01297	0.01706	0.03793	0.54822	0.10124	0.13559	0.01276	0.00335	0.00446	0.05142	0.00601	0.00540
7	0.00985	0.00666	0.00784	0.00817	0.00835	0.00661	0.00502	0.01027	0.01084	0.01441	0.02479	0.13252	0.02860	0.60553	0.02945	0.00586	0.00628	0.06984	0.00460	0.00451
8	0.01859	0.03931	0.06640	0.01430	0.01860	0.05685	0.03846	0.15919	0.21612	0.08662	0.05468	0.04881	0.01881	0.01417	0.09508	0.00322	0.00826	0.00742	0.02548	0.00963

[dist]
# distance from previous block
# <min> <max>
1	2

[block]
# block no. 6 follows, 31 sequences, length 27
# corresponding to MSA columns:
# 190-216
name=unknown_G
#
# <colnr> <probs for GDERKNQSTAVLIFYWHMCP>
#	G	D	E	R	K	N	Q	S	T	A	V	L	I	F	Y	W	H	M	C	P
0	0.01608	0.01446	0.01654	0.08847	0.03937	0.09452	0.01203	0.14959	0.01688	0.02223	0.03892	0.10836	0.01781	0.05441	0.13678	0.00408	0.14901	0.00809	0.00454	0.00780
1	0.00850	0.00695	0.00750	0.00736	0.00949	0.00595	0.00552	0.01061	0.01656	0.02078	0.23439	0.06206	0.54759	0.01647	0.00808	0.00227	0.00340	0.01391	0.00666	0.00595
2	0.04807	0.01743	0.07496	0.01429	0.01855	0.08075	0.01203	0.09340	0.35654	0.08181	0.04307	0.04631	0.01873	0.01056	0.03104	0.00252	0.02656	0.00730	0.00610	0.00997
3	0.01546	0.01318	0.01409	0.01296	0.01633	0.01496	0.00996	0.03158	0.57824	0.02699	0.05603	0.10097	0.05733	0.01104	0.00723	0.00236	0.00510	0.00939	0.00689	0.00991
4	0.01372	0.03539	0.72412	0.01950	0.02961	0.01589	0.02528	0.02167	0.01444	0.02167	0.01228	0.01444	0.00867	0.00650	0.00650	0.00217	0.01011	0.00506	0.00289	0.01011
5	0.05116	0.10546	0.57798	0.01749	0.02638	0.01640	0.02188	0.02104	0.01440	0.02182	0.03214	0.01535	0.01050	0.00669	0.00617	0.00207	0.00918	0.00510	0.02916	0.00962
6	0.00992	0.00677	0.00814	0.00814	0.00837	0.00700	0.00499	0.01038	0.01015	0.01376	0.02094	0.04135	0.02339	0.62436	0.16800	0.00747	0.00886	0.00945	0.00405	0.00452
7	0.02928	0.01392	0.01728	0.01325	0.01860	0.01343	0.01095	0.23316	0.02339	0.51643	0.02380	0.02121	0.01533	0.00839	0.00687	0.00210	0.00634	0.00666	0.00798	0.01164
8	0.00834	0.00595	0.00794	0.00953	0.00992	0.00556	0.00635	0.00953	0.01310	0.01746	0.03771	0.75510	0.04525	0.02143	0.00873	0.00278	0.00397	0.01945	0.00635	0.00556
9	0.01829	0.76368	0.03585	0.01171	0.01756	0.02707	0.01171	0.02049	0.01390	0.01610	0.00951	0.01097	0.00878	0.00585	0.00439	0.00146	0.00732	0.00366	0.00293	0.00878
10	0.02601	0.01916	0.02053	0.01574	0.02122	0.02122	0.01300	0.69408	0.03217	0.04312	0.01643	0.01643	0.01163	0.00821	0.00684	0.00205	0.00753	0.00616	0.00684	0.01163
11	0.00960	0.00649	0.00757	0.00791	0.00800	0.00640	0.00462	0.00986	0.01063	0.01418	0.02506	0.19882	0.02929	0.59948	0.02916	0.00580	0.00606	0.01201	0.00462	0.00445
12	0.01724	0.57716	0.17803	0.01415	0.02093	0.02429	0.04765	0.02080	0.01412	0.01753	0.01029	0.01205	0.00883	0.00598	0.00500	0.00165	0.00810	0.00416	0.00294	0.00908
13	0.02556	0.03261	0.01939	0.01763	0.02115	0.73210	0.01322	0.02732	0.01939	0.01674	0.01058	0.01234	0.00881	0.00705	0.00617	0.00176	0.01234	0.00441	0.00353	0.00793
14	0.00849	0.00607	0.00810	0.00959	0.01009	0.00568	0.00652	0.00985	0.01350	0.01806	0.07057	0.69720	0.04598	0.02098	0.00872	0.00276	0.00401	0.04178	0.00641	0.00563
15	0.00848	0.00623	0.00782	0.00890	0.00967	0.00572	0.00602	0.00982	0.01372	0.01801	0.08536	0.54865	0.15832	0.06675	0.01022	0.00290	0.00400	0.01755	0.00629	0.00556
16	0.00983	0.00712	0.00994	0.00994	0.01079	0.00798	0.00723	0.01154	0.01068	0.01510	0.01929	0.03224	0.01943	0.26371	0.52324	0.00969	0.01482	0.00812	0.00381	0.00552
17	0.02601	0.01916	0.02053	0.01574	0.02122	0.02122	0.01300	0.69408	0.03217	0.04312	0.01643	0.01643	0.01163	0.00821	0.00684	0.00205	0.00753	0.00616	0.00684	0.01163
18	0.00827	0.00664	0.00741	0.00798	0.00964	0.00578	0.00578	0.00987	0.01478	0.01822	0.05773	0.29353	0.47003	0.01874	0.00835	0.00249	0.00373	0.03896	0.00635	0.00572
19	0.14049	0.03804	0.01144	0.01002	0.01227	0.00984	0.00785	0.01587	0.01341	0.08765	0.10738	0.07924	0.02352	0.05112	0.30905	0.00595	0.01040	0.00810	0.05145	0.00691
20	0.01408	0.01379	0.02215	0.59841	0.12646	0.04628	0.04610	0.01851	0.01425	0.01822	0.01225	0.01784	0.00936	0.00672	0.00685	0.00223	0.00924	0.00609	0.00312	0.00807
21	0.01005	0.00665	0.00756	0.00756	0.00767	0.00670	0.00434	0.01027	0.01016	0.01384	0.02146	0.04334	0.02429	0.70317	0.06060	0.00661	0.00695	0.00971	0.03478	0.00431
22	0.01697	0.01948	0.11602	0.07671	0.36541	0.06732	0.07565	0.02115	0.01507	0.04198	0.01258	0.01643	0.01020	0.00709	0.00890	0.00220	0.10764	0.00602	0.00342	0.00977
23	0.01661	0.08963	0.40686	0.02045	0.02881	0.01691	0.19105	0.04889	0.01595	0.08043	0.01383	0.01598	0.00991	0.00649	0.00677	0.00213	0.00978	0.00590	0.00366	0.00996
24	0.01118	0.00800	0.00967	0.00950	0.01137	0.00778	0.00716	0.03903	0.05561	0.05157	0.18652	0.15022	0.20725	0.08371	0.06598	0.00345	0.00553	0.07356	0.00635	0.00658
25	0.01694	0.01548	0.01484	0.01409	0.04338	0.11704	0.01036	0.02872	0.40153	0.04974	0.09089	0.03016	0.09093	0.03546	0.00799	0.00235	0.00618	0.00832	0.00628	0.00932
26	0.26867	0.15065	0.04286	0.01546	0.08922	0.06155	0.01190	0.16552	0.03469	0.02789	0.01386	0.04094	0.01180	0.00771	0.00568	0.00202	0.00701	0.02896	0.00460	0.00902

[dist]
# distance from previous block
# <min> <max>
0	1

[block]
# block no. 7 follows, 31 sequences, length 29
# corresponding to MSA columns:
# 218-246
name=unknown_H
#
# <colnr> <probs for GDERKNQSTAVLIFYWHMCP>
#	G	D	E	R	K	N	Q	S	T	A	V	L	I	F	Y	W	H	M	C	P
0	0.01876	0.03852	0.05066	0.04304	0.10231	0.21865	0.01293	0.09830	0.08940	0.04464	0.07069	0.07571	0.01884	0.03220	0.05272	0.00274	0.00892	0.00737	0.00488	0.00871
1	0.01092	0.06332	0.01193	0.01002	0.01114	0.00967	0.00750	0.01236	0.01093	0.01540	0.01803	0.02989	0.01809	0.24424	0.37909	0.05049	0.04396	0.00763	0.03974	0.00565
2	0.01730	0.01206	0.01451	0.01052	0.01645	0.00930	0.00847	0.02026	0.01520	0.15409	0.01495	0.01590	0.01142	0.00571	0.00541	0.00122	0.00521	0.00459	0.00489	0.65255
3	0.01894	0.05282	0.11067	0.08757	0.09669	0.05747	0.11933	0.21113	0.10664	0.02789	0.03332	0.01827	0.01299	0.00740	0.00688	0.00212	0.00855	0.00645	0.00481	0.01006
4	0.03588	0.07719	0.10987	0.10973	0.33337	0.03284	0.04710	0.02055	0.04134	0.02082	0.01326	0.01719	0.01090	0.01019	0.06570	0.00280	0.03242	0.00592	0.00343	0.00951
5	0.00856	0.00700	0.00762	0.00775	0.00985	0.00605	0.00594	0.01059	0.01598	0.01971	0.14210	0.08637	0.55178	0.01720	0.00823	0.00239	0.00372	0.07677	0.00649	0.00590
6	0.01712	0.01472	0.01603	0.01518	0.05232	0.01681	0.01125	0.06301	0.62014	0.02862	0.02790	0.02596	0.04149	0.00933	0.00698	0.00229	0.00558	0.00779	0.00676	0.01071
7	0.00827	0.00690	0.00721	0.00722	0.00937	0.00584	0.00538	0.01013	0.01589	0.01939	0.13643	0.09372	0.61647	0.01715	0.00811	0.00231	0.00346	0.01443	0.00648	0.00584
8	0.01294	0.00853	0.01020	0.00913	0.01152	0.00807	0.00699	0.08002	0.01927	0.08768	0.39680	0.04692	0.18396	0.04232	0.00874	0.00232	0.00405	0.01135	0.04202	0.00718
9	0.80789	0.01323	0.01006	0.00900	0.01323	0.01535	0.00741	0.02011	0.01164	0.03070	0.00953	0.01111	0.00741	0.00635	0.00423	0.00212	0.00529	0.00370	0.00423	0.00741
10	0.00995	0.00663	0.00746	0.00746	0.00746	0.00663	0.00415	0.00995	0.00995	0.01327	0.02156	0.04477	0.02487	0.75957	0.03482	0.00663	0.00663	0.00995	0.00415	0.00415
11	0.65301	0.01384	0.03873	0.00991	0.01454	0.01452	0.00853	0.02228	0.01302	0.14061	0.01242	0.01319	0.00898	0.00669	0.00474	0.00212	0.00556	0.00426	0.00486	0.00819
12	0.00995	0.00663	0.00746	0.00746	0.00746	0.00663	0.00415	0.00995	0.00995	0.01327	0.02156	0.04477	0.02487	0.75957	0.03482	0.00663	0.00663	0.00995	0.00415	0.00415
13	0.01693	0.01626	0.02777	0.04199	0.71689	0.01626	0.02100	0.02100	0.01558	0.02235	0.01287	0.01693	0.01084	0.00610	0.00677	0.00203	0.00813	0.00610	0.00339	0.01084
14	0.01492	0.02007	0.21508	0.14766	0.21893	0.01524	0.09700	0.04872	0.01575	0.02194	0.01585	0.02436	0.01360	0.00803	0.00721	0.00229	0.00896	0.09132	0.00372	0.00936
15	0.01789	0.04768	0.18748	0.14547	0.17289	0.03409	0.01798	0.13992	0.03573	0.06911	0.01510	0.03980	0.01175	0.00739	0.00666	0.00209	0.00831	0.00619	0.00433	0.03015
16	0.01292	0.01216	0.02052	0.74312	0.04712	0.01520	0.01900	0.01748	0.01368	0.01748	0.01216	0.01824	0.00912	0.00684	0.00684	0.00228	0.00912	0.00608	0.00304	0.00760
17	0.00994	0.00667	0.00765	0.00765	0.00771	0.00673	0.00438	0.01007	0.01000	0.01340	0.02139	0.04383	0.02447	0.72247	0.07136	0.00686	0.00725	0.00981	0.00412	0.00425
18	0.00910	0.00800	0.03028	0.03696	0.01302	0.00694	0.03837	0.01113	0.01437	0.01857	0.06788	0.41455	0.24089	0.01817	0.00838	0.00258	0.00460	0.04411	0.00604	0.00606
19	0.03921	0.14127	0.19704	0.03860	0.11712	0.19545	0.05032	0.06980	0.01679	0.02097	0.01220	0.01537	0.00998	0.03891	0.00739	0.00213	0.00955	0.00525	0.00352	0.00913
20	0.00993	0.00702	0.00950	0.00990	0.01075	0.00764	0.00724	0.01181	0.01203	0.01750	0.02517	0.27021	0.02682	0.09116	0.30770	0.00631	0.04187	0.01139	0.11017	0.00586
21	0.01497	0.01497	0.02095	0.01796	0.01796	0.02095	0.01497	0.01646	0.01048	0.01646	0.00898	0.01497	0.00898	0.01197	0.02245	0.00299	0.74704	0.00599	0.00299	0.00748
22	0.02863	0.01180	0.01563	0.01226	0.01723	0.01062	0.01002	0.06131	0.05089	0.62138	0.02715	0.06345	0.01844	0.00921	0.00698	0.00216	0.00578	0.00758	0.00821	0.01127
23	0.05141	0.01489	0.02161	0.12538	0.36862	0.05380	0.01658	0.04185	0.01643	0.09553	0.03992	0.02402	0.04629	0.00807	0.00691	0.00214	0.00764	0.04490	0.00446	0.00957
24	0.03070	0.01164	0.01588	0.01217	0.01746	0.01006	0.01006	0.03334	0.01958	0.72163	0.02699	0.02329	0.01694	0.00847	0.00688	0.00212	0.00582	0.00688	0.00847	0.01164
25	0.00810	0.00688	0.00698	0.00705	0.00927	0.00577	0.00525	0.00980	0.01548	0.01843	0.06780	0.09866	0.68226	0.01752	0.00812	0.00233	0.00349	0.01468	0.00635	0.00577
26	0.01869	0.72336	0.03494	0.01203	0.01776	0.06596	0.01179	0.02086	0.01420	0.01613	0.00957	0.01105	0.00878	0.00592	0.00449	0.00148	0.00759	0.00370	0.00296	0.00873
27	0.00979	0.00693	0.00888	0.00888	0.00949	0.00738	0.00600	0.01087	0.01065	0.01458	0.02251	0.03846	0.05452	0.43457	0.31885	0.00821	0.01126	0.00909	0.00405	0.00503
28	0.01471	0.08143	0.01689	0.01195	0.05304	0.01114	0.00911	0.01772	0.01423	0.02173	0.01195	0.01404	0.01005	0.00519	0.00509	0.00111	0.00543	0.00412	0.00391	0.68715

[dist]
# distance from previous block
# <min> <max>
0	2

[block]
# block no. 8 follows, 31 sequences, length 15
# corresponding to MSA columns:
# 249-263
name=unknown_I
#
# <colnr> <probs for GDERKNQSTAVLIFYWHMCP>
#	G	D	E	R	K	N	Q	S	T	A	V	L	I	F	Y	W	H	M	C	P
0	0.01834	0.06274	0.02363	0.17748	0.12460	0.17918	0.09916	0.04983	0.01634	0.04307	0.01339	0.01783	0.01089	0.00749	0.00802	0.00212	0.07409	0.02128	0.04194	0.00860
1	0.00852	0.00688	0.00741	0.00759	0.00946	0.00599	0.00558	0.01023	0.01515	0.01863	0.10270	0.11891	0.52301	0.08261	0.01055	0.00276	0.00391	0.04819	0.00623	0.00569
2	0.02132	0.02602	0.06963	0.04533	0.11999	0.39317	0.05072	0.04819	0.09783	0.02040	0.01338	0.01539	0.01068	0.00726	0.00702	0.00199	0.03333	0.00543	0.00393	0.00899
3	0.00997	0.00727	0.01069	0.01069	0.01193	0.00841	0.00830	0.01246	0.01122	0.01652	0.01859	0.02679	0.01713	0.04842	0.68399	0.01037	0.01732	0.00727	0.05654	0.00613
4	0.00830	0.00682	0.00731	0.00744	0.00944	0.00583	0.00549	0.01014	0.01572	0.01938	0.13936	0.14947	0.55671	0.01745	0.00816	0.00235	0.00350	0.01482	0.00649	0.00583
5	0.16160	0.01678	0.04056	0.01363	0.01881	0.01743	0.01153	0.41163	0.02503	0.15021	0.01712	0.01703	0.01197	0.00786	0.00628	0.00205	0.00672	0.00583	0.04733	0.01058
6	0.01034	0.00929	0.03750	0.07490	0.04320	0.00867	0.00899	0.03271	0.01507	0.01987	0.13909	0.04375	0.28179	0.05444	0.18522	0.00456	0.00823	0.01055	0.00525	0.00659
7	0.09414	0.40658	0.30106	0.01447	0.02182	0.02157	0.01656	0.02091	0.01389	0.01970	0.01059	0.01234	0.00860	0.00615	0.00520	0.00180	0.00820	0.00421	0.00304	0.00916
8	0.01419	0.01216	0.01419	0.01013	0.01621	0.00912	0.00811	0.01723	0.01419	0.02229	0.01216	0.01419	0.01013	0.00507	0.00507	0.00101	0.00507	0.00405	0.00405	0.80139
9	0.01764	0.01893	0.09778	0.02257	0.17282	0.10821	0.12048	0.08428	0.06067	0.05995	0.04019	0.10216	0.04523	0.00912	0.00720	0.00218	0.00828	0.00823	0.00475	0.00932
10	0.01367	0.01162	0.01364	0.01008	0.01566	0.00881	0.00795	0.01655	0.01409	0.02187	0.01440	0.07916	0.01321	0.00650	0.00539	0.00117	0.00497	0.00540	0.00425	0.73160
11	0.01636	0.04498	0.03984	0.01516	0.06889	0.06182	0.01144	0.14894	0.08442	0.03986	0.07136	0.13069	0.09639	0.01185	0.00861	0.00228	0.07124	0.03852	0.00560	0.03175
12	0.13514	0.16925	0.01850	0.01266	0.01593	0.15546	0.01043	0.05677	0.01450	0.01987	0.01323	0.01739	0.01172	0.02273	0.26511	0.00511	0.03956	0.00535	0.00373	0.00757
13	0.01350	0.07970	0.03483	0.01185	0.01477	0.08054	0.00968	0.04407	0.05649	0.01929	0.04955	0.05127	0.05716	0.02877	0.34171	0.00608	0.01215	0.00739	0.00434	0.07686
14	0.04386	0.24781	0.05257	0.03802	0.01962	0.12995	0.01226	0.12099	0.18231	0.02391	0.01833	0.01866	0.04845	0.00786	0.00598	0.00192	0.00758	0.00580	0.00476	0.00937

[dist]
# distance from previous block
# <min> <max>
1	15

[block]
# block no. 9 follows, 31 sequences, length 53
# corresponding to MSA columns:
# 279-331
name=unknown_J
#
# <colnr> <probs for GDERKNQSTAVLIFYWHMCP>
#	G	D	E	R	K	N	Q	S	T	A	V	L	I	F	Y	W	H	M	C	P
0	0.01517	0.04442	0.14297	0.06897	0.13239	0.01514	0.29017	0.01997	0.01533	0.04555	0.01949	0.04086	0.07822	0.00813	0.00794	0.02551	0.00917	0.00780	0.00382	0.00898
1	0.00940	0.00718	0.00977	0.05327	0.03732	0.00723	0.00780	0.01112	0.01338	0.01806	0.03619	0.51466	0.11194	0.01989	0.04068	0.00298	0.03089	0.01597	0.04626	0.00602
2	0.01714	0.09156	0.18094	0.02210	0.16524	0.03818	0.09388	0.10671	0.06599	0.04448	0.01863	0.05971	0.04887	0.00813	0.00682	0.00211	0.00821	0.00711	0.00440	0.00978
3	0.11824	0.04447	0.11054	0.02276	0.22189	0.05447	0.05954	0.02468	0.09281	0.13165	0.04200	0.01873	0.01397	0.00722	0.00647	0.00209	0.00761	0.00615	0.00476	0.00994
4	0.00977	0.00733	0.01100	0.01100	0.01222	0.00855	0.00855	0.01222	0.01100	0.01588	0.01833	0.02688	0.01710	0.05131	0.73245	0.01100	0.01833	0.00733	0.00367	0.00611
5	0.01160	0.00870	0.01060	0.01100	0.03551	0.03692	0.00746	0.01362	0.03575	0.03698	0.02138	0.06609	0.02211	0.34053	0.27544	0.00722	0.01085	0.03805	0.00434	0.00584
6	0.04066	0.09416	0.13150	0.04842	0.11035	0.10798	0.07928	0.09335	0.08627	0.02292	0.01566	0.05030	0.01326	0.04097	0.03345	0.00258	0.00895	0.00656	0.00420	0.00917
7	0.04213	0.26114	0.18213	0.01614	0.04994	0.07355	0.03889	0.02341	0.12534	0.02084	0.01408	0.01569	0.01126	0.00713	0.00671	0.00195	0.05097	0.00522	0.04431	0.00920
8	0.00832	0.00602	0.00787	0.00934	0.00987	0.00557	0.00627	0.00955	0.01328	0.01754	0.03999	0.70537	0.09351	0.02114	0.00869	0.00274	0.00393	0.01909	0.00635	0.00557
9	0.01838	0.16118	0.13650	0.03914	0.07422	0.10049	0.08671	0.07557	0.04036	0.08023	0.06422	0.01972	0.03097	0.00910	0.03218	0.00230	0.00876	0.00628	0.00442	0.00927
10	0.01668	0.01597	0.06180	0.07187	0.25584	0.05270	0.07756	0.05674	0.03656	0.07047	0.07049	0.02335	0.04397	0.03234	0.05546	0.00285	0.03443	0.00723	0.00445	0.00923
11	0.01421	0.01165	0.01635	0.01472	0.01739	0.06301	0.12611	0.05091	0.01621	0.07336	0.02935	0.31187	0.03126	0.01540	0.00837	0.00263	0.00679	0.17729	0.00582	0.00732
12	0.01372	0.03539	0.72412	0.01950	0.02961	0.01589	0.02528	0.02167	0.01444	0.02167	0.01228	0.01444	0.00867	0.00650	0.00650	0.00217	0.01011	0.00506	0.00289	0.01011
13	0.01776	0.03476	0.05722	0.05788	0.14791	0.16955	0.07827	0.04777	0.04008	0.04485	0.01624	0.04493	0.01477	0.07966	0.01095	0.00263	0.07237	0.04979	0.00413	0.00850
14	0.01672	0.05534	0.07234	0.14828	0.42371	0.01716	0.05446	0.06979	0.01622	0.02255	0.01275	0.01666	0.01030	0.00653	0.00714	0.00209	0.02838	0.00600	0.00352	0.01005
15	0.02556	0.03261	0.01939	0.01763	0.02115	0.73210	0.01322	0.02732	0.01939	0.01674	0.01058	0.01234	0.00881	0.00705	0.00617	0.00176	0.01234	0.00441	0.00353	0.00793
16	0.03070	0.01164	0.01588	0.01217	0.01746	0.01006	0.01006	0.03334	0.01958	0.72163	0.02699	0.02329	0.01694	0.00847	0.00688	0.00212	0.00582	0.00688	0.00847	0.01164
17	0.00936	0.00634	0.00830	0.00934	0.01010	0.00587	0.00636	0.01078	0.01395	0.04444	0.10698	0.59925	0.07144	0.05099	0.00966	0.00283	0.00405	0.01767	0.00646	0.00582
18	0.02268	0.07355	0.06388	0.01569	0.03629	0.18498	0.03906	0.19908	0.02136	0.14576	0.06141	0.01915	0.01525	0.00945	0.03214	0.00228	0.00864	0.00615	0.03358	0.00963
19	0.00905	0.00682	0.00899	0.00991	0.01075	0.00657	0.00689	0.01044	0.01304	0.01770	0.03487	0.62663	0.05825	0.02113	0.03968	0.00301	0.03580	0.01724	0.00595	0.05731
20	0.00994	0.00666	0.00760	0.00760	0.00765	0.00671	0.00432	0.01004	0.00999	0.01337	0.02143	0.04406	0.02456	0.73145	0.06252	0.00681	0.00710	0.00985	0.00413	0.00422
21	0.01946	0.04324	0.14034	0.07701	0.15419	0.01559	0.06078	0.14660	0.03861	0.14448	0.04013	0.03541	0.01464	0.02975	0.00768	0.00225	0.00786	0.00677	0.00509	0.01012
22	0.02036	0.04282	0.04616	0.05350	0.23059	0.14776	0.01515	0.17469	0.02032	0.07117	0.06724	0.04754	0.01618	0.00813	0.00678	0.00203	0.00817	0.00673	0.00491	0.00978
23	0.01829	0.76368	0.03585	0.01171	0.01756	0.02707	0.01171	0.02049	0.01390	0.01610	0.00951	0.01097	0.00878	0.00585	0.00439	0.00146	0.00732	0.00366	0.00293	0.00878
24	0.01177	0.00607	0.00907	0.00913	0.00924	0.00611	0.00624	0.00924	0.00926	0.01237	0.01307	0.02322	0.01315	0.02460	0.05222	0.74052	0.00641	0.03196	0.00313	0.00322
25	0.00978	0.00729	0.01079	0.01079	0.01194	0.00844	0.00830	0.01208	0.01093	0.01573	0.01851	0.02792	0.01756	0.09252	0.69186	0.01074	0.01764	0.00748	0.00369	0.00599
26	0.46628	0.01253	0.01261	0.01039	0.01509	0.01302	0.00857	0.02593	0.01513	0.33439	0.01720	0.01646	0.01160	0.00728	0.00540	0.00212	0.00552	0.00510	0.00609	0.00927
27	0.01644	0.01441	0.01651	0.09312	0.04394	0.04676	0.03181	0.11033	0.34233	0.02664	0.05152	0.07433	0.08164	0.01024	0.00718	0.00227	0.00631	0.00868	0.00608	0.00946
28	0.01432	0.01317	0.02201	0.44001	0.28063	0.01491	0.01863	0.01861	0.01440	0.01981	0.01318	0.01833	0.01036	0.00666	0.00666	0.00214	0.00832	0.00611	0.06310	0.00865
29	0.05831	0.30943	0.17694	0.03440	0.02159	0.05181	0.04316	0.07254	0.07945	0.04387	0.01360	0.01563	0.01092	0.03325	0.00671	0.00205	0.00803	0.00513	0.00392	0.00927
30	0.01631	0.01150	0.01486	0.08436	0.05429	0.01004	0.00992	0.02000	0.04027	0.14353	0.09303	0.02382	0.06114	0.00774	0.00622	0.00163	0.00547	0.00650	0.00530	0.38409
31	0.00834	0.00595	0.00794	0.00953	0.00992	0.00556	0.00635	0.00953	0.01310	0.01746	0.03771	0.75510	0.04525	0.02143	0.00873	0.00278	0.00397	0.01945	0.00635	0.00556
32	0.01350	0.00858	0.01178	0.06255	0.04983	0.00844	0.00890	0.03886	0.01542	0.12332	0.09969	0.30038	0.05920	0.08356	0.03872	0.00319	0.00579	0.05503	0.00611	0.00712
33	0.05002	0.10541	0.07800	0.04112	0.07105	0.08453	0.03696	0.15984	0.15719	0.04709	0.03605	0.04430	0.01503	0.00807	0.00647	0.00203	0.00751	0.00648	0.00513	0.03773
34	0.01693	0.01626	0.02777	0.04199	0.71689	0.01626	0.02100	0.02100	0.01558	0.02235	0.01287	0.01693	0.01084	0.00610	0.00677	0.00203	0.00813	0.00610	0.00339	0.01084
35	0.01693	0.01626	0.02777	0.04199	0.71689	0.01626	0.02100	0.02100	0.01558	0.02235	0.01287	0.01693	0.01084	0.00610	0.00677	0.00203	0.00813	0.00610	0.00339	0.01084
36	0.01444	0.04692	0.07516	0.09121	0.09768	0.03913	0.16585	0.07345	0.01609	0.02122	0.02293	0.17288	0.07237	0.04884	0.00887	0.00251	0.00792	0.00987	0.00448	0.00816
37	0.02245	0.04824	0.02182	0.01873	0.10175	0.01829	0.05724	0.34631	0.08883	0.11256	0.01768	0.01852	0.01301	0.01017	0.04447	0.00257	0.03418	0.00646	0.00595	0.01076
38	0.01292	0.01216	0.02052	0.74312	0.04712	0.01520	0.01900	0.01748	0.01368	0.01748	0.01216	0.01824	0.00912	0.00684	0.00684	0.00228	0.00912	0.00608	0.00304	0.00760
39	0.02556	0.03261	0.01939	0.01763	0.02115	0.73210	0.01322	0.02732	0.01939	0.01674	0.01058	0.01234	0.00881	0.00705	0.00617	0.00176	0.01234	0.00441	0.00353	0.00793
40	0.01407	0.01174	0.01387	0.01044	0.01551	0.00972	0.00831	0.03927	0.01491	0.02301	0.05893	0.04173	0.01515	0.00677	0.00632	0.00131	0.04284	0.00537	0.03940	0.62135
41	0.01045	0.00769	0.01014	0.00947	0.00996	0.00812	0.03571	0.01115	0.01041	0.01421	0.02009	0.03939	0.02225	0.58125	0.13826	0.00691	0.04646	0.00927	0.00398	0.00484
