[name]
unknown

[dist]
# distance from previous block
# <min> <max>
1	21

[block]
# block no. 0 follows, 34 sequences, length 14
# corresponding to MSA columns:
# 22-35
name=unknown_A
#
# <colnr> <probs for GDERKNQSTAVLIFYWHMCP>
#	G	D	E	R	K	N	Q	S	T	A	V	L	I	F	Y	W	H	M	C	P
0	0.06326	0.40080	0.13126	0.01768	0.15872	0.02000	0.01427	0.02085	0.03267	0.06954	0.01162	0.01315	0.00944	0.00595	0.00510	0.00168	0.00718	0.00442	0.00339	0.00903
1	0.14849	0.02282	0.15814	0.01449	0.01971	0.23041	0.01326	0.13778	0.05761	0.09834	0.01362	0.01431	0.00999	0.00684	0.00579	0.00189	0.00825	0.00486	0.00451	0.02890
2	0.10829	0.01632	0.02144	0.13514	0.15008	0.10304	0.13056	0.09228	0.09673	0.02336	0.03293	0.01840	0.01247	0.00699	0.00639	0.00204	0.00802	0.02269	0.00416	0.00867
3	0.01457	0.22971	0.41232	0.01817	0.02605	0.01810	0.15512	0.02021	0.01382	0.01910	0.01118	0.01351	0.00853	0.00584	0.00590	0.00189	0.00911	0.00498	0.00284	0.00905
4	0.23401	0.04581	0.38143	0.01400	0.02046	0.01394	0.01594	0.01900	0.01255	0.04485	0.01213	0.01476	0.00935	0.01268	0.12007	0.00330	0.00929	0.00477	0.00336	0.00827
5	0.02481	0.01883	0.01900	0.01481	0.01980	0.08794	0.01212	0.60155	0.02846	0.08433	0.01565	0.01558	0.01107	0.00767	0.00641	0.00192	0.00743	0.00571	0.00627	0.01066
6	0.13472	0.00818	0.01048	0.01025	0.01198	0.00952	0.00803	0.01397	0.05041	0.01784	0.01653	0.02301	0.01494	0.03967	0.59078	0.00863	0.01472	0.00642	0.00372	0.00621
7	0.02456	0.01810	0.01939	0.01487	0.02004	0.02004	0.01228	0.71107	0.03038	0.04072	0.01551	0.01551	0.01099	0.00776	0.00646	0.00194	0.00711	0.00582	0.00646	0.01099
8	0.01017	0.00727	0.01014	0.01163	0.01301	0.00723	0.01000	0.01297	0.01464	0.01907	0.03434	0.13855	0.03771	0.01808	0.00886	0.00294	0.00574	0.62583	0.00595	0.00588
9	0.00923	0.00692	0.01038	0.01038	0.01154	0.00808	0.00808	0.01154	0.01038	0.01500	0.01731	0.02538	0.01615	0.04846	0.74732	0.01038	0.01731	0.00692	0.00346	0.00577
10	0.01340	0.01148	0.01340	0.00957	0.01531	0.00861	0.00766	0.01627	0.01340	0.02105	0.01148	0.01340	0.00957	0.00479	0.00479	0.00096	0.00479	0.00383	0.00383	0.81242
11	0.01765	0.01359	0.01942	0.02093	0.24766	0.03237	0.05245	0.02132	0.03514	0.15586	0.01481	0.01634	0.01126	0.00591	0.00587	0.00159	0.00640	0.00528	0.00444	0.31171
12	0.01802	0.01546	0.01942	0.01575	0.02022	0.01708	0.11877	0.19780	0.44290	0.02940	0.02162	0.02097	0.01605	0.00801	0.00671	0.00213	0.00650	0.00699	0.00604	0.01018
13	0.02005	0.01992	0.12916	0.01442	0.02014	0.07388	0.01306	0.37504	0.06320	0.03098	0.01430	0.01500	0.01057	0.00689	0.00604	0.00176	0.00727	0.00522	0.00513	0.16796

[dist]
# distance from previous block
# <min> <max>
38	49

[block]
# block no. 1 follows, 34 sequences, length 13
# corresponding to MSA columns:
# 101-113
name=unknown_B
#
# <colnr> <probs for GDERKNQSTAVLIFYWHMCP>
#	G	D	E	R	K	N	Q	S	T	A	V	L	I	F	Y	W	H	M	C	P
0	0.21870	0.00909	0.01061	0.01080	0.01333	0.00938	0.00914	0.01698	0.01422	0.11849	0.02670	0.09384	0.02698	0.01365	0.00730	0.00257	0.00551	0.38013	0.00573	0.00685
1	0.01048	0.00780	0.01055	0.01084	0.01287	0.00748	0.00911	0.01337	0.01463	0.02000	0.13188	0.05534	0.03438	0.01919	0.09950	0.00348	0.00677	0.41203	0.00553	0.11479
2	0.05877	0.02453	0.01747	0.01564	0.01870	0.47254	0.01203	0.04718	0.13974	0.01913	0.01277	0.01420	0.01035	0.00760	0.00779	0.00192	0.10276	0.00491	0.00396	0.00800
3	0.01453	0.01460	0.02749	0.06305	0.02731	0.01369	0.40184	0.05339	0.01546	0.02135	0.01564	0.02401	0.01344	0.00716	0.00712	0.00203	0.00870	0.09865	0.00388	0.16664
4	0.14035	0.12579	0.01854	0.01372	0.01783	0.41638	0.01087	0.05356	0.01646	0.01946	0.01014	0.01170	0.00840	0.00623	0.00523	0.00160	0.00897	0.00400	0.00356	0.10724
5	0.01865	0.01433	0.02673	0.01994	0.02532	0.01340	0.37662	0.06210	0.01686	0.20698	0.01915	0.02566	0.01506	0.00785	0.00736	0.00219	0.00846	0.09650	0.00504	0.03182
6	0.01310	0.00986	0.01189	0.01177	0.01432	0.04029	0.00998	0.06600	0.01630	0.04957	0.06893	0.05460	0.03086	0.01421	0.00788	0.00248	0.00594	0.45093	0.00574	0.11537
7	0.01390	0.00865	0.01140	0.01102	0.01322	0.00883	0.00902	0.01722	0.05883	0.15908	0.03294	0.09564	0.13284	0.01887	0.10570	0.00355	0.05641	0.22985	0.00587	0.00713
8	0.01114	0.00970	0.01221	0.01159	0.01294	0.05820	0.00912	0.01326	0.01115	0.01553	0.01617	0.02497	0.01542	0.06180	0.50713	0.00786	0.11582	0.03581	0.00351	0.04665
9	0.17413	0.01404	0.02406	0.01882	0.04087	0.01461	0.31544	0.01808	0.01330	0.02146	0.05178	0.01781	0.01251	0.01074	0.07754	0.00291	0.10785	0.00644	0.00362	0.05399
10	0.27399	0.01661	0.02210	0.01727	0.02185	0.10752	0.26098	0.05866	0.01480	0.02354	0.01265	0.01776	0.01052	0.00698	0.00682	0.00210	0.04359	0.05041	0.00386	0.02800
11	0.30617	0.01649	0.01340	0.01149	0.01542	0.18433	0.00909	0.09193	0.01509	0.02400	0.01138	0.01365	0.00932	0.01137	0.09677	0.00277	0.00826	0.00438	0.00400	0.15068
12	0.21002	0.01735	0.01535	0.01319	0.01649	0.18638	0.01054	0.14291	0.04467	0.08018	0.03784	0.01586	0.01189	0.01049	0.05650	0.00258	0.10975	0.00525	0.00460	0.00815

[dist]
# distance from previous block
# <min> <max>
0	22

[block]
# block no. 2 follows, 34 sequences, length 13
# corresponding to MSA columns:
# 139-151
name=unknown_C
#
# <colnr> <probs for GDERKNQSTAVLIFYWHMCP>
#	G	D	E	R	K	N	Q	S	T	A	V	L	I	F	Y	W	H	M	C	P
0	0.13692	0.01525	0.01401	0.01166	0.01587	0.14705	0.00926	0.08462	0.05022	0.15981	0.01834	0.02101	0.04334	0.02982	0.00658	0.00190	0.00649	0.04100	0.00513	0.18172
1	0.19438	0.01473	0.01472	0.05120	0.01749	0.10805	0.03960	0.15620	0.06313	0.02686	0.13866	0.02506	0.02096	0.00882	0.00624	0.00202	0.00646	0.06394	0.00517	0.03631
2	0.32895	0.05075	0.07531	0.01231	0.01678	0.03398	0.08566	0.01817	0.03247	0.02316	0.01774	0.02213	0.07915	0.00798	0.00608	0.00200	0.03110	0.05892	0.00409	0.09327
3	0.07998	0.01585	0.01839	0.01457	0.01910	0.10022	0.11221	0.20837	0.03908	0.05401	0.05788	0.04147	0.01588	0.00800	0.00636	0.00188	0.00712	0.04956	0.00505	0.14503
4	0.01576	0.01512	0.02581	0.08321	0.69087	0.01529	0.01972	0.01963	0.01460	0.02083	0.01211	0.01607	0.01014	0.00580	0.00640	0.00193	0.00773	0.00576	0.00318	0.01005
5	0.01544	0.01479	0.02523	0.14463	0.63198	0.01521	0.01955	0.01934	0.01445	0.02044	0.01206	0.01617	0.01000	0.00586	0.00641	0.00195	0.00781	0.00575	0.00315	0.00979
6	0.01599	0.01535	0.02623	0.03966	0.73262	0.01535	0.01983	0.01983	0.01471	0.02111	0.01215	0.01599	0.01023	0.00576	0.00640	0.00192	0.00768	0.00576	0.00320	0.01023
7	0.01058	0.00646	0.00947	0.04810	0.01134	0.00685	0.00711	0.01013	0.00987	0.01331	0.01598	0.02892	0.01625	0.10660	0.17363	0.42886	0.00831	0.08071	0.00341	0.00411
8	0.06894	0.01686	0.01543	0.01370	0.01638	0.20216	0.01079	0.13303	0.09303	0.02169	0.01451	0.01779	0.01217	0.01954	0.21974	0.00442	0.10211	0.00570	0.00422	0.00779
9	0.06798	0.02180	0.01632	0.01438	0.01755	0.36909	0.01102	0.15214	0.08143	0.02198	0.01406	0.01834	0.01211	0.09093	0.00966	0.00237	0.04483	0.02175	0.00435	0.00792
10	0.12393	0.05494	0.01835	0.01656	0.05995	0.51454	0.01214	0.09036	0.01814	0.02016	0.01048	0.01208	0.00852	0.00659	0.00562	0.00174	0.00996	0.00430	0.00369	0.00795
11	0.22620	0.01890	0.01784	0.01879	0.16423	0.20540	0.01254	0.14982	0.01746	0.05037	0.01167	0.01347	0.00915	0.00682	0.00650	0.00193	0.05123	0.00480	0.00419	0.00868
12	0.03790	0.02130	0.05765	0.01414	0.01805	0.32564	0.01155	0.09943	0.05592	0.07659	0.05592	0.02018	0.04602	0.00814	0.00674	0.00185	0.03631	0.02815	0.00463	0.07389

[dist]
# distance from previous block
# <min> <max>
22	120

[block]
# block no. 3 follows, 34 sequences, length 19
# corresponding to MSA columns:
# 292-310
name=unknown_D
#
# <colnr> <probs for GDERKNQSTAVLIFYWHMCP>
#	G	D	E	R	K	N	Q	S	T	A	V	L	I	F	Y	W	H	M	C	P
0	0.01697	0.01517	0.01522	0.01512	0.08894	0.14413	0.01061	0.11071	0.17660	0.05911	0.17001	0.02664	0.05404	0.01170	0.05381	0.00251	0.00708	0.00752	0.00559	0.00851
1	0.01820	0.01565	0.01800	0.01447	0.01866	0.09487	0.09503	0.24646	0.09006	0.04827	0.06759	0.11326	0.01887	0.00907	0.00666	0.00194	0.00685	0.00778	0.00546	0.10286
2	0.05199	0.01477	0.01437	0.01199	0.01581	0.09626	0.00943	0.21762	0.13634	0.06523	0.09387	0.02522	0.08213	0.04578	0.00764	0.00210	0.00608	0.00708	0.00574	0.09055
3	0.05549	0.01667	0.09046	0.01378	0.01856	0.05011	0.04106	0.22564	0.15235	0.11275	0.10922	0.02149	0.01894	0.00817	0.00645	0.00198	0.00648	0.00664	0.00587	0.03788
4	0.01693	0.01280	0.01806	0.12714	0.12464	0.04964	0.08283	0.06285	0.01648	0.16828	0.04380	0.02773	0.16437	0.00884	0.00674	0.00200	0.00668	0.00774	0.00508	0.04738
5	0.09941	0.01218	0.01681	0.01698	0.13687	0.01279	0.04490	0.11117	0.03257	0.14131	0.01617	0.01910	0.01275	0.01868	0.21587	0.00434	0.03476	0.00603	0.00468	0.04263
6	0.01657	0.39635	0.07644	0.01246	0.01692	0.14248	0.01137	0.02061	0.09197	0.01719	0.01527	0.12673	0.01475	0.00834	0.00546	0.00175	0.00723	0.00634	0.00376	0.00800
7	0.01370	0.01581	0.09587	0.01958	0.10453	0.04549	0.21615	0.01750	0.01405	0.01967	0.01626	0.15184	0.01550	0.00831	0.00711	0.00193	0.03022	0.00797	0.00382	0.19468
8	0.00918	0.00671	0.00956	0.00966	0.01054	0.00755	0.00715	0.01097	0.01032	0.01462	0.01906	0.07593	0.01925	0.18541	0.56346	0.00910	0.01433	0.00812	0.00371	0.00538
9	0.01530	0.01464	0.02497	0.17103	0.60667	0.01517	0.01948	0.01922	0.01438	0.02027	0.01203	0.01622	0.00994	0.00589	0.00641	0.00196	0.00785	0.00575	0.00314	0.00968
10	0.00940	0.00626	0.00705	0.00705	0.00705	0.00626	0.00392	0.00940	0.00940	0.01253	0.02036	0.04228	0.02349	0.77292	0.03289	0.00626	0.00626	0.00940	0.00392	0.00392
11	0.01510	0.35016	0.30464	0.01404	0.02042	0.06524	0.01559	0.01918	0.01329	0.01714	0.01118	0.01430	0.00953	0.04618	0.05682	0.00251	0.00891	0.00454	0.00289	0.00835
12	0.00884	0.00684	0.00813	0.00813	0.00984	0.00628	0.00613	0.01181	0.04595	0.02144	0.33781	0.13604	0.29352	0.01525	0.00774	0.00222	0.00349	0.05811	0.00649	0.00594
13	0.23781	0.01538	0.01552	0.01235	0.01711	0.01680	0.01010	0.37325	0.09361	0.03385	0.01438	0.01478	0.01063	0.00704	0.00561	0.00187	0.00606	0.00511	0.00550	0.10326
14	0.01878	0.01973	0.02362	0.03173	0.49096	0.21416	0.01733	0.06832	0.01675	0.02100	0.01179	0.01478	0.00977	0.00614	0.00625	0.00185	0.00872	0.00533	0.00346	0.00954
15	0.01601	0.01052	0.01227	0.01101	0.01379	0.01075	0.00842	0.20584	0.07250	0.12445	0.05187	0.31496	0.09309	0.01368	0.00731	0.00226	0.00495	0.01181	0.00648	0.00804
16	0.05958	0.08694	0.02087	0.02052	0.18684	0.27989	0.01355	0.13643	0.09342	0.02292	0.01300	0.01446	0.01036	0.00672	0.00591	0.00182	0.00854	0.00505	0.00414	0.00905
17	0.05931	0.08446	0.06125	0.01187	0.01560	0.08778	0.01019	0.12337	0.04669	0.07723	0.07846	0.02312	0.01772	0.03163	0.12249	0.00328	0.00820	0.03700	0.05313	0.04721
18	0.01496	0.01656	0.16553	0.01461	0.06878	0.04340	0.01234	0.13531	0.08774	0.04762	0.12328	0.08850	0.02310	0.11719	0.01043	0.00266	0.00660	0.00813	0.00507	0.00820

[dist]
# distance from previous block
# <min> <max>
0	6

[block]
# block no. 4 follows, 34 sequences, length 45
# corresponding to MSA columns:
# 317-361
name=unknown_E
#
# <colnr> <probs for GDERKNQSTAVLIFYWHMCP>
#	G	D	E	R	K	N	Q	S	T	A	V	L	I	F	Y	W	H	M	C	P
0	0.01678	0.05088	0.12498	0.02297	0.27097	0.06616	0.01548	0.11456	0.12095	0.02386	0.01553	0.03098	0.01251	0.02190	0.00668	0.00201	0.00731	0.00596	0.06009	0.00946
1	0.01109	0.01184	0.08997	0.03838	0.10788	0.03348	0.01069	0.03314	0.03554	0.01982	0.10904	0.26888	0.14202	0.01374	0.00741	0.00227	0.00540	0.04719	0.00524	0.00697
2	0.01562	0.06682	0.26576	0.02204	0.17627	0.01588	0.10300	0.11242	0.05441	0.02333	0.01441	0.04799	0.01160	0.00695	0.00636	0.00200	0.00812	0.00616	0.03143	0.00944
3	0.00902	0.00643	0.00862	0.00892	0.00950	0.00687	0.00618	0.01027	0.01043	0.01442	0.02204	0.17960	0.02407	0.30123	0.34515	0.00737	0.01067	0.01009	0.00413	0.00500
4	0.01388	0.01177	0.01366	0.00980	0.01552	0.00910	0.00785	0.04609	0.01413	0.02190	0.01166	0.01349	0.00963	0.00491	0.00486	0.00100	0.00488	0.00391	0.00394	0.77803
5	0.00873	0.00635	0.00792	0.00866	0.00955	0.00591	0.00603	0.01002	0.01250	0.01655	0.05299	0.40669	0.11240	0.17613	0.01325	0.00329	0.00450	0.09332	0.00549	0.03973
6	0.00925	0.00640	0.00798	0.00808	0.00841	0.00668	0.00517	0.00995	0.00986	0.01346	0.02056	0.08656	0.02281	0.52743	0.22343	0.00713	0.00907	0.00933	0.00393	0.00450
7	0.00989	0.00703	0.00792	0.00752	0.00908	0.00650	0.00529	0.03464	0.01454	0.04516	0.19769	0.04977	0.30806	0.25116	0.01543	0.00341	0.00437	0.01134	0.00569	0.00551
8	0.02415	0.03030	0.01835	0.01658	0.01998	0.71857	0.01248	0.05258	0.01878	0.01679	0.01020	0.01180	0.00843	0.00670	0.00585	0.00168	0.01147	0.00423	0.00345	0.00763
9	0.01817	0.01406	0.01515	0.01318	0.01712	0.01588	0.01038	0.10601	0.58226	0.09447	0.02508	0.02300	0.01845	0.00859	0.00656	0.00215	0.00536	0.00707	0.00670	0.01038
10	0.01910	0.20015	0.02079	0.01457	0.03873	0.24704	0.01146	0.04509	0.29501	0.02090	0.01640	0.01650	0.01295	0.00723	0.00576	0.00182	0.00771	0.00533	0.00455	0.00893
11	0.01829	0.01849	0.25968	0.01414	0.02038	0.01129	0.05396	0.02255	0.01506	0.26921	0.01786	0.04370	0.01327	0.04109	0.03039	0.00233	0.00741	0.00612	0.00494	0.12984
12	0.05086	0.14470	0.21718	0.01950	0.15152	0.06826	0.03908	0.08032	0.01620	0.13306	0.01360	0.01485	0.01005	0.00640	0.00589	0.00187	0.00795	0.00510	0.00407	0.00954
13	0.04357	0.11686	0.55212	0.01647	0.02472	0.01613	0.02019	0.04806	0.03821	0.02110	0.01368	0.01523	0.03319	0.00656	0.00591	0.00197	0.00861	0.00500	0.00317	0.00925
14	0.00935	0.00644	0.00792	0.00792	0.00822	0.00674	0.00500	0.00996	0.00965	0.01317	0.01956	0.03786	0.02157	0.58347	0.21972	0.00734	0.00915	0.00875	0.00380	0.00440
15	0.02245	0.01410	0.03669	0.12137	0.04607	0.06339	0.01183	0.15208	0.01948	0.33669	0.06988	0.02201	0.03825	0.00813	0.00654	0.00199	0.00663	0.00661	0.00621	0.00962
16	0.01438	0.01771	0.20316	0.07591	0.18370	0.01320	0.09137	0.01929	0.02960	0.07391	0.14090	0.02345	0.01982	0.00797	0.00736	0.00209	0.03770	0.02548	0.00424	0.00875
17	0.02899	0.01100	0.01499	0.01150	0.01649	0.00950	0.00950	0.03149	0.01849	0.73709	0.02549	0.02199	0.01599	0.00800	0.00650	0.00200	0.00550	0.00650	0.00800	0.01100
18	0.04421	0.01460	0.02325	0.31415	0.18682	0.01605	0.11697	0.16265	0.01722	0.02360	0.01261	0.01639	0.00958	0.00641	0.00653	0.00206	0.00830	0.00596	0.00379	0.00885
19	0.08266	0.01669	0.08931	0.01439	0.05638	0.08406	0.01182	0.20281	0.02006	0.21094	0.09913	0.04809	0.01831	0.00840	0.00638	0.00198	0.00666	0.00669	0.00587	0.00938
20	0.01590	0.01463	0.02356	0.15256	0.40626	0.04369	0.08218	0.02026	0.04493	0.06281	0.01569	0.04310	0.03149	0.00692	0.00661	0.00202	0.00780	0.00661	0.00376	0.00922
21	0.01253	0.01167	0.01932	0.64850	0.09157	0.01419	0.01749	0.01723	0.03745	0.01732	0.01301	0.01975	0.01033	0.00698	0.00656	0.00217	0.00831	0.03500	0.00315	0.00745
22	0.01476	0.01552	0.09403	0.05749	0.01889	0.08627	0.03202	0.01862	0.06268	0.07044	0.01478	0.04148	0.01276	0.01876	0.19122	0.00430	0.22827	0.00635	0.00378	0.00757
23	0.04084	0.03773	0.34118	0.06255	0.07783	0.03964	0.10156	0.04123	0.01453	0.06085	0.01483	0.01920	0.02699	0.03657	0.00788	0.00225	0.03081	0.03120	0.00355	0.00879
24	0.00844	0.00631	0.00792	0.00886	0.00985	0.00593	0.00629	0.01062	0.04080	0.01815	0.10656	0.50748	0.15665	0.01833	0.00807	0.00250	0.00380	0.06171	0.00612	0.00560
25	0.01494	0.01471	0.02060	0.41834	0.13030	0.08395	0.05631	0.04110	0.11693	0.01955	0.01379	0.01749	0.01056	0.00670	0.00648	0.00208	0.00835	0.00593	0.00362	0.00827
26	0.01119	0.00887	0.03508	0.01184	0.04293	0.00834	0.00874	0.05626	0.04222	0.04750	0.07832	0.43936	0.03566	0.01636	0.00833	0.00250	0.02981	0.10424	0.00586	0.00659
27	0.01675	0.04406	0.15106	0.09720	0.31398	0.05839	0.04332	0.05011	0.01527	0.07370	0.01277	0.01556	0.00989	0.00633	0.00674	0.00194	0.03346	0.00546	0.00359	0.04043
28	0.02246	0.03689	0.04443	0.04156	0.06480	0.01291	0.01139	0.15302	0.07175	0.34682	0.02223	0.02242	0.03559	0.00989	0.03812	0.00237	0.00663	0.02461	0.02212	0.00999
29	0.01109	0.00829	0.01071	0.01110	0.03390	0.02451	0.03411	0.06453	0.01422	0.04327	0.05189	0.45362	0.05544	0.11593	0.01113	0.00295	0.00501	0.03660	0.00561	0.00610
30	0.13295	0.11625	0.06007	0.07874	0.06125	0.23743	0.05119	0.03913	0.01520	0.04186	0.01276	0.06726	0.01117	0.00722	0.00572	0.00184	0.00828	0.00555	0.00371	0.04242
31	0.07931	0.15393	0.11795	0.03427	0.06499	0.05470	0.01188	0.05815	0.03915	0.06191	0.06398	0.09181	0.06803	0.04174	0.00765	0.00216	0.02872	0.00731	0.00443	0.00795
32	0.04117	0.06731	0.06285	0.01647	0.14179	0.03983	0.03043	0.07309	0.05258	0.04963	0.08997	0.14787	0.02279	0.03881	0.01960	0.00233	0.00624	0.02706	0.06225	0.00792
33	0.01559	0.03139	0.10731	0.03727	0.07669	0.06595	0.08360	0.09110	0.11282	0.04557	0.04383	0.02276	0.01571	0.13971	0.04318	0.00310	0.02853	0.00677	0.00439	0.02474
34	0.16064	0.04390	0.21111	0.01686	0.07571	0.01442	0.10237	0.07755	0.03418	0.07785	0.03034	0.01795	0.01206	0.06267	0.03337	0.00260	0.00792	0.00579	0.00409	0.00863
35	0.04580	0.01250	0.01774	0.06153	0.12291	0.01257	0.08618	0.12213	0.06723	0.09945	0.08815	0.04592	0.09215	0.03941	0.00773	0.00217	0.00626	0.00781	0.00524	0.05712
36	0.03858	0.01597	0.05832	0.06420	0.10820	0.09253	0.05719	0.13675	0.09385	0.02388	0.04997	0.09944	0.05677	0.00894	0.00657	0.00199	0.00696	0.00765	0.00478	0.06745
37	0.01428	0.03511	0.23143	0.01366	0.01836	0.04868	0.03375	0.04180	0.06158	0.08010	0.09553	0.08030	0.04499	0.06395	0.00914	0.00243	0.03324	0.05745	0.00475	0.02947
38	0.04416	0.05633	0.11747	0.04464	0.07630	0.10615	0.03523	0.08828	0.10230	0.07032	0.05531	0.02184	0.08104	0.00794	0.00623	0.00190	0.00708	0.00643	0.00469	0.06634
39	0.04334	0.04142	0.09408	0.04113	0.11121	0.06221	0.05158	0.09236	0.05686	0.04218	0.05264	0.05236	0.09169	0.00950	0.02796	0.00213	0.00705	0.00703	0.00452	0.10875
40	0.04258	0.04453	0.06429	0.01577	0.10794	0.03577	0.03505	0.06254	0.14622	0.08986	0.03236	0.01853	0.01374	0.03343	0.00679	0.00187	0.00621	0.00567	0.02041	0.21646
41	0.04353	0.07189	0.11652	0.04442	0.10649	0.10518	0.03355	0.09632	0.06851	0.04681	0.11251	0.06723	0.01967	0.03076	0.00717	0.00210	0.00717	0.00708	0.00463	0.00844
42	0.04183	0.01895	0.24717	0.04112	0.05993	0.01347	0.01455	0.11295	0.10870	0.06063	0.14135	0.02265	0.02029	0.02768	0.00711	0.00211	0.00674	0.00667	0.00491	0.04122
43	0.04351	0.09179	0.24050	0.02169	0.20553	0.01598	0.05164	0.10685	0.03829	0.04760	0.04382	0.01664	0.01223	0.00663	0.00610	0.00193	0.00769	0.00560	0.02649	0.00948
44	0.03312	0.03178	0.04309	0.01735	0.12634	0.06121	0.07537	0.10856	0.07348	0.12087	0.06959	0.05328	0.06682	0.03417	0.00744	0.00210	0.00665	0.00740	0.00518	0.05620

[dist]
# distance from previous block
# <min> <max>
43	201

[block]
# block no. 5 follows, 34 sequences, length 29
# corresponding to MSA columns:
# 580-608
name=unknown_F
#
# <colnr> <probs for GDERKNQSTAVLIFYWHMCP>
#	G	D	E	R	K	N	Q	S	T	A	V	L	I	F	Y	W	H	M	C	P
0	0.01750	0.04637	0.01550	0.01260	0.04392	0.01323	0.00967	0.24556	0.07434	0.08804	0.14202	0.07717	0.05015	0.00939	0.00649	0.00187	0.00541	0.00779	0.00598	0.12701
1	0.01743	0.03684	0.18642	0.01586	0.07613	0.01462	0.01396	0.18653	0.11767	0.08881	0.04582	0.03647	0.03893	0.00875	0.02223	0.00212	0.00698	0.00642	0.00511	0.07291
2	0.01822	0.04949	0.13407	0.01252	0.01752	0.03162	0.01157	0.07842	0.14155	0.20209	0.08852	0.04172	0.05167	0.00854	0.00637	0.00193	0.00600	0.00697	0.00578	0.08544
3	0.01797	0.01436	0.01787	0.01793	0.15436	0.03232	0.02899	0.18546	0.15392	0.07507	0.04494	0.05649	0.01602	0.00782	0.00633	0.00185	0.00620	0.00665	0.00535	0.15009
4	0.01759	0.01357	0.01594	0.04741	0.08163	0.03582	0.01078	0.17802	0.14781	0.08770	0.12666	0.02227	0.02017	0.00797	0.00632	0.00182	0.00580	0.00662	0.00567	0.16042
5	0.10323	0.01305	0.01605	0.01478	0.09791	0.01283	0.03586	0.18628	0.03405	0.07456	0.07810	0.04959	0.04280	0.00784	0.00604	0.00176	0.00574	0.00651	0.00518	0.20784
6	0.01891	0.04977	0.09707	0.01293	0.01803	0.04100	0.01150	0.13186	0.17722	0.15694	0.03671	0.02063	0.01532	0.00769	0.00615	0.00185	0.00623	0.03100	0.00560	0.15359
7	0.04398	0.01226	0.01466	0.01269	0.04344	0.01208	0.00978	0.10613	0.17807	0.22178	0.07376	0.02450	0.01918	0.00838	0.00635	0.00191	0.00539	0.04610	0.00626	0.15331
8	0.01572	0.01496	0.05503	0.01556	0.05141	0.03671	0.12327	0.15318	0.09658	0.02564	0.10649	0.03767	0.04660	0.00791	0.00648	0.00182	0.00655	0.00703	0.00499	0.18638
9	0.06721	0.01320	0.01759	0.01920	0.21085	0.03723	0.03843	0.03665	0.09487	0.11074	0.08858	0.03954	0.01761	0.00738	0.00615	0.00180	0.00603	0.00643	0.00490	0.17561
10	0.01489	0.01213	0.01670	0.09993	0.18114	0.01181	0.01196	0.04702	0.10552	0.06599	0.04363	0.09377	0.01662	0.00789	0.00619	0.00178	0.00588	0.00692	0.00463	0.24561
11	0.01768	0.01269	0.01425	0.01187	0.01613	0.01304	0.00940	0.07394	0.36891	0.14267	0.05083	0.02329	0.04224	0.00821	0.00628	0.00189	0.00510	0.00677	0.00626	0.16855
12	0.01578	0.00997	0.01214	0.01003	0.01373	0.00889	0.00794	0.06753	0.04373	0.17294	0.15394	0.06408	0.07810	0.03821	0.00752	0.00198	0.00476	0.05091	0.00599	0.23183
13	0.01547	0.01472	0.02503	0.08881	0.65186	0.01493	0.01927	0.01931	0.01459	0.02071	0.01310	0.01864	0.01134	0.00635	0.00652	0.00198	0.00766	0.03657	0.00330	0.00983
14	0.02168	0.01602	0.01742	0.01379	0.01830	0.01741	0.01118	0.57972	0.02705	0.03638	0.01821	0.12332	0.01547	0.00941	0.00664	0.00199	0.00653	0.00753	0.00628	0.04567
15	0.01122	0.00561	0.00842	0.00842	0.00842	0.00561	0.00561	0.00842	0.00842	0.01122	0.01122	0.01964	0.01122	0.02245	0.02525	0.81201	0.00561	0.00561	0.00281	0.00281
16	0.02494	0.01750	0.01902	0.01458	0.01974	0.01914	0.01205	0.65349	0.02937	0.09973	0.01636	0.01606	0.01141	0.00778	0.00647	0.00194	0.00697	0.00587	0.00659	0.01099
17	0.02519	0.01267	0.01938	0.01663	0.09108	0.01165	0.10440	0.05489	0.04405	0.51624	0.02213	0.02061	0.01453	0.00745	0.00664	0.00202	0.00649	0.00658	0.00677	0.01059
18	0.00830	0.00648	0.00752	0.00746	0.00918	0.00570	0.00552	0.01047	0.01599	0.02092	0.34189	0.12749	0.37911	0.01543	0.00769	0.00216	0.00323	0.01329	0.00647	0.00570
19	0.02899	0.01100	0.01499	0.01150	0.01649	0.00950	0.00950	0.03149	0.01849	0.73709	0.02549	0.02199	0.01599	0.00800	0.00650	0.00200	0.00550	0.00650	0.00800	0.01100
20	0.02389	0.01655	0.01815	0.01413	0.01897	0.01798	0.01158	0.59558	0.02798	0.10924	0.01786	0.06663	0.01362	0.00862	0.00659	0.00199	0.00672	0.00673	0.00659	0.01060
21	0.31975	0.10495	0.01710	0.01217	0.01671	0.09170	0.01012	0.28104	0.04303	0.03042	0.01213	0.01294	0.00921	0.00677	0.00521	0.00188	0.00669	0.00456	0.00480	0.00881
22	0.25462	0.01213	0.01385	0.01097	0.01570	0.01197	0.00906	0.09492	0.01752	0.46569	0.01978	0.01806	0.01292	0.00740	0.00578	0.00199	0.00551	0.00557	0.00670	0.00985
23	0.05405	0.00788	0.00921	0.00843	0.01113	0.00701	0.00654	0.01566	0.01564	0.19648	0.12426	0.11953	0.35383	0.01385	0.00727	0.00218	0.00400	0.02958	0.00652	0.00696
24	0.16570	0.01554	0.01630	0.01538	0.09947	0.08340	0.01098	0.22208	0.04545	0.12190	0.04250	0.03540	0.01348	0.00743	0.00590	0.00187	0.00649	0.00574	0.00533	0.07965
25	0.01706	0.01546	0.02397	0.06043	0.54258	0.01604	0.01783	0.11782	0.08068	0.02422	0.01388	0.01670	0.01114	0.00634	0.00642	0.00196	0.00740	0.00590	0.00395	0.01023
26	0.10270	0.01528	0.01657	0.10053	0.06529	0.06853	0.01164	0.23251	0.12799	0.04693	0.06484	0.01851	0.01487	0.00749	0.00610	0.00191	0.00659	0.00592	0.00522	0.08057
27	0.10808	0.01476	0.02430	0.05627	0.47848	0.01473	0.09698	0.01986	0.01432	0.04383	0.01224	0.01559	0.00989	0.00578	0.00617	0.00191	0.00752	0.00561	0.00347	0.06020
28	0.01937	0.01470	0.01969	0.01501	0.02008	0.03214	0.14155	0.20337	0.10719	0.14097	0.02048	0.02063	0.06030	0.00751	0.00647	0.00186	0.00677	0.00659	0.00555	0.14975

[dist]
# distance from previous block
# <min> <max>
1	41

[block]
# block no. 6 follows, 34 sequences, length 16
# corresponding to MSA columns:
# 650-665
name=unknown_G
#
# <colnr> <probs for GDERKNQSTAVLIFYWHMCP>
#	G	D	E	R	K	N	Q	S	T	A	V	L	I	F	Y	W	H	M	C	P
0	0.01708	0.01555	0.02315	0.09218	0.10647	0.07192	0.19981	0.11476	0.06686	0.06927	0.06081	0.06296	0.01596	0.00803	0.00762	0.00211	0.04473	0.00740	0.00458	0.00876
1	0.05445	0.01286	0.01759	0.01409	0.01815	0.03143	0.14245	0.08485	0.15541	0.09698	0.10847	0.08756	0.05753	0.00931	0.00678	0.00203	0.00612	0.00836	0.00561	0.07998
2	0.01558	0.01152	0.01455	0.04625	0.01706	0.01016	0.03567	0.08740	0.03462	0.10298	0.03792	0.09123	0.01586	0.02962	0.00662	0.00166	0.00541	0.00648	0.00488	0.42454
3	0.01839	0.07331	0.05586	0.02006	0.02599	0.01601	0.36434	0.13961	0.01806	0.11667	0.03905	0.01788	0.01237	0.00644	0.00683	0.00199	0.00864	0.00671	0.00453	0.04727
4	0.01498	0.01524	0.05579	0.20606	0.54141	0.01510	0.01957	0.01908	0.01425	0.02001	0.01197	0.01618	0.00977	0.00594	0.00640	0.00198	0.00798	0.00571	0.00310	0.00949
5	0.01563	0.01499	0.02558	0.10776	0.66733	0.01526	0.01965	0.01951	0.01454	0.02067	0.01209	0.01611	0.01008	0.00582	0.00640	0.00194	0.00776	0.00576	0.00317	0.00994
6	0.04683	0.52812	0.19678	0.01291	0.01930	0.02235	0.01397	0.06192	0.01422	0.01851	0.00999	0.01145	0.00838	0.00582	0.00475	0.00159	0.00747	0.00391	0.00303	0.00870
7	0.05347	0.01520	0.02525	0.06387	0.59733	0.01546	0.05335	0.03724	0.03692	0.02195	0.01255	0.01610	0.01031	0.00592	0.00636	0.00195	0.00766	0.00579	0.00341	0.00991
8	0.01600	0.05109	0.02564	0.10529	0.60733	0.04330	0.01897	0.01972	0.01460	0.02020	0.01186	0.01568	0.00992	0.00585	0.00628	0.00191	0.00788	0.00559	0.00315	0.00975
9	0.00923	0.00692	0.01038	0.01038	0.01154	0.00808	0.00808	0.01154	0.01038	0.01500	0.01731	0.02538	0.01615	0.04846	0.74732	0.01038	0.01731	0.00692	0.00346	0.00577
10	0.00842	0.00658	0.00763	0.00737	0.00921	0.00579	0.00553	0.01079	0.01658	0.02185	0.41076	0.05494	0.38194	0.01472	0.00763	0.00210	0.00316	0.01262	0.00658	0.00579
11	0.01340	0.01148	0.01340	0.00957	0.01531	0.00861	0.00766	0.01627	0.01340	0.02105	0.01148	0.01340	0.00957	0.00479	0.00479	0.00096	0.00479	0.00383	0.00383	0.81242
12	0.01777	0.01348	0.01533	0.01131	0.01683	0.01216	0.00918	0.22985	0.01891	0.07088	0.01357	0.01457	0.01040	0.00589	0.00540	0.00132	0.00554	0.00460	0.00489	0.51810
13	0.02028	0.01648	0.01683	0.01392	0.01818	0.05732	0.01114	0.36070	0.31266	0.03300	0.05554	0.02048	0.01694	0.00839	0.00653	0.00203	0.00633	0.00663	0.00637	0.01024
14	0.01338	0.01174	0.01205	0.01090	0.01401	0.04263	0.00839	0.02407	0.38686	0.02406	0.15054	0.03470	0.16966	0.01072	0.00682	0.00207	0.00465	0.00898	0.00624	0.05753
15	0.01530	0.01453	0.02462	0.06090	0.65494	0.01459	0.01872	0.01903	0.01473	0.02100	0.04319	0.04292	0.01342	0.00659	0.00651	0.00196	0.00738	0.00643	0.00345	0.00979

[dist]
# distance from previous block
# <min> <max>
0	1

[block]
# block no. 7 follows, 34 sequences, length 26
# corresponding to MSA columns:
# 667-692
name=unknown_H
#
# <colnr> <probs for GDERKNQSTAVLIFYWHMCP>
#	G	D	E	R	K	N	Q	S	T	A	V	L	I	F	Y	W	H	M	C	P
0	0.60101	0.01403	0.01221	0.01024	0.01456	0.01601	0.00845	0.20862	0.01631	0.03220	0.01078	0.01187	0.00809	0.00648	0.00467	0.00198	0.00558	0.00413	0.00467	0.00809
1	0.01599	0.01011	0.01183	0.01036	0.01340	0.00988	0.00802	0.16484	0.04887	0.15917	0.07218	0.22003	0.17491	0.01303	0.00718	0.00216	0.00475	0.01110	0.00649	0.03571
2	0.01296	0.03342	0.73944	0.01842	0.02797	0.01501	0.02387	0.02046	0.01364	0.02046	0.01160	0.01364	0.00818	0.00614	0.00614	0.00205	0.00955	0.00477	0.00273	0.00955
3	0.01529	0.01265	0.01440	0.01059	0.01613	0.01081	0.00852	0.12608	0.05452	0.02446	0.01292	0.01431	0.01034	0.00547	0.00515	0.00118	0.00517	0.00433	0.00439	0.64329
4	0.00809	0.00586	0.00765	0.00870	0.00939	0.00542	0.00595	0.00960	0.01359	0.01827	0.16409	0.59621	0.08579	0.01873	0.00810	0.00249	0.00359	0.01687	0.00620	0.00542
5	0.81856	0.01250	0.00950	0.00850	0.01250	0.01449	0.00700	0.01899	0.01100	0.02899	0.00900	0.01050	0.00700	0.00600	0.00400	0.00200	0.00500	0.00350	0.00400	0.00700
6	0.02185	0.01421	0.01611	0.01290	0.01719	0.01507	0.01044	0.38755	0.09287	0.17487	0.10612	0.06200	0.02060	0.00923	0.00672	0.00202	0.00592	0.00748	0.00683	0.01002
7	0.00891	0.00683	0.00820	0.00792	0.00966	0.00627	0.00591	0.01205	0.04573	0.02291	0.46402	0.09292	0.25614	0.01437	0.00762	0.00212	0.00324	0.01247	0.00670	0.00603
8	0.02687	0.01180	0.01520	0.01184	0.01663	0.01096	0.00972	0.10634	0.06546	0.58523	0.05255	0.02246	0.01748	0.00823	0.00654	0.00201	0.00555	0.00668	0.00770	0.01075
9	0.00787	0.00562	0.00750	0.00900	0.00937	0.00525	0.00600	0.00900	0.01237	0.01649	0.03561	0.76871	0.04274	0.02024	0.00825	0.00262	0.00375	0.01837	0.00600	0.00525
10	0.01237	0.01166	0.01969	0.72536	0.07521	0.01440	0.01803	0.01666	0.01300	0.01671	0.01151	0.01717	0.00869	0.00643	0.00646	0.00214	0.00857	0.00574	0.00289	0.00731
11	0.01158	0.00750	0.00996	0.01038	0.01232	0.00710	0.00872	0.01432	0.01581	0.09037	0.16089	0.06193	0.14466	0.01584	0.00826	0.00259	0.00499	0.40002	0.00636	0.00639
12	0.01386	0.00777	0.00796	0.00730	0.00934	0.00805	0.00564	0.11580	0.01599	0.02650	0.02027	0.02285	0.01575	0.00756	0.00480	0.00157	0.00360	0.00599	0.69267	0.00674
13	0.00911	0.00622	0.00749	0.00775	0.00794	0.00629	0.00473	0.00956	0.01002	0.01349	0.02269	0.16726	0.02605	0.56222	0.10678	0.00608	0.00703	0.01069	0.00423	0.00435
14	0.01727	0.77681	0.03386	0.01106	0.01658	0.02557	0.01106	0.01935	0.01313	0.01520	0.00898	0.01036	0.00829	0.00553	0.00415	0.00138	0.00691	0.00345	0.00276	0.00829
15	0.01490	0.01373	0.01757	0.04865	0.12319	0.05041	0.05309	0.04762	0.01468	0.02141	0.01177	0.01419	0.00963	0.00527	0.00540	0.00131	0.00622	0.00453	0.00375	0.53267
16	0.01716	0.54349	0.17538	0.01317	0.01927	0.10311	0.01382	0.02029	0.01381	0.01634	0.00962	0.01117	0.00827	0.00578	0.00474	0.00155	0.00797	0.00380	0.00282	0.00846
17	0.00929	0.00670	0.00926	0.00926	0.01002	0.00746	0.00667	0.01081	0.01005	0.01416	0.01834	0.03110	0.01863	0.29339	0.50578	0.00899	0.01357	0.00776	0.00361	0.00514
18	0.00995	0.00823	0.00948	0.00973	0.04240	0.00797	0.00690	0.01504	0.14221	0.02167	0.24115	0.07783	0.35555	0.01380	0.00741	0.00215	0.00375	0.01180	0.00629	0.00669
19	0.08536	0.13885	0.02098	0.01906	0.17403	0.24093	0.01276	0.09061	0.05298	0.02132	0.01395	0.01548	0.03915	0.00676	0.00567	0.00175	0.00806	0.00505	0.00388	0.04338
20	0.00977	0.00760	0.01109	0.01090	0.01190	0.00906	0.00854	0.01190	0.01052	0.01514	0.01755	0.02783	0.01697	0.08485	0.59744	0.00903	0.08704	0.04353	0.00356	0.00580
21	0.01461	0.01117	0.01243	0.01104	0.01406	0.01203	0.00855	0.08227	0.34430	0.06521	0.22572	0.03392	0.09268	0.03325	0.00773	0.00224	0.00460	0.00898	0.00666	0.00857
22	0.01264	0.01113	0.01206	0.01172	0.01362	0.08411	0.03620	0.07406	0.13846	0.02045	0.02880	0.46877	0.03125	0.01522	0.00754	0.00238	0.00536	0.01352	0.00576	0.00696
23	0.01632	0.08737	0.15400	0.06615	0.30659	0.04611	0.10849	0.07870	0.03555	0.02177	0.01245	0.01534	0.00981	0.00609	0.00630	0.00194	0.00845	0.00560	0.00344	0.00953
24	0.01984	0.02111	0.01897	0.01828	0.09920	0.30404	0.04118	0.11728	0.16327	0.02232	0.01683	0.01788	0.04352	0.00784	0.00733	0.00196	0.06003	0.00588	0.00449	0.00876
25	0.01730	0.03237	0.01610	0.01519	0.09263	0.06645	0.01083	0.13531	0.07325	0.10928	0.07662	0.11580	0.03949	0.01007	0.00790	0.00205	0.07071	0.02687	0.00542	0.07636

[dist]
# distance from previous block
# <min> <max>
0	6

[block]
# block no. 8 follows, 34 sequences, length 47
# corresponding to MSA columns:
# 699-745
name=unknown_I
#
# <colnr> <probs for GDERKNQSTAVLIFYWHMCP>
#	G	D	E	R	K	N	Q	S	T	A	V	L	I	F	Y	W	H	M	C	P
0	0.04391	0.11773	0.39113	0.03613	0.11509	0.04428	0.01879	0.05677	0.03925	0.06014	0.01266	0.01435	0.00940	0.00631	0.00590	0.00193	0.00839	0.00493	0.00347	0.00944
1	0.07578	0.09329	0.02011	0.03558	0.13712	0.12278	0.01274	0.16610	0.08277	0.12477	0.01493	0.01583	0.01123	0.00722	0.00683	0.00193	0.05132	0.00539	0.00486	0.00942
2	0.14375	0.04663	0.07213	0.01972	0.20933	0.05137	0.01334	0.16978	0.05796	0.04825	0.01609	0.04546	0.03206	0.00746	0.00594	0.00195	0.00676	0.00600	0.03686	0.00915
3	0.01054	0.00879	0.01258	0.03842	0.17328	0.00865	0.00979	0.01364	0.05236	0.01910	0.08794	0.30660	0.14000	0.03111	0.00813	0.00242	0.00493	0.05955	0.00535	0.00681
4	0.04973	0.01046	0.01260	0.01007	0.01434	0.00904	0.00795	0.06019	0.01556	0.22225	0.02021	0.14479	0.01740	0.00870	0.00590	0.00166	0.00485	0.00728	0.05343	0.32360
5	0.00810	0.00637	0.00732	0.00748	0.00911	0.00559	0.00546	0.01002	0.01523	0.01959	0.24271	0.20264	0.40482	0.01628	0.00776	0.00223	0.00331	0.01406	0.00631	0.00559
6	0.03856	0.01563	0.02266	0.10932	0.27055	0.07650	0.10118	0.04948	0.07516	0.02053	0.01332	0.03226	0.01112	0.00783	0.00894	0.03463	0.09389	0.00617	0.00363	0.00865
7	0.02071	0.01969	0.14945	0.01484	0.02028	0.04063	0.01364	0.40904	0.09946	0.07107	0.01758	0.06352	0.01359	0.00833	0.00651	0.00202	0.00719	0.00656	0.00575	0.01017
8	0.05890	0.00682	0.00743	0.00742	0.00930	0.00617	0.00551	0.01066	0.01518	0.02040	0.24227	0.14571	0.41089	0.01534	0.00748	0.00219	0.00338	0.01307	0.00618	0.00570
9	0.01293	0.00754	0.00909	0.00816	0.01068	0.00658	0.00626	0.01513	0.01647	0.18012	0.26078	0.04816	0.33643	0.04244	0.00834	0.00225	0.00381	0.01128	0.00671	0.00683
10	0.01521	0.01170	0.01377	0.00995	0.01560	0.00913	0.00800	0.04446	0.01451	0.08537	0.01288	0.01424	0.01020	0.00519	0.00500	0.00109	0.00494	0.00414	0.00430	0.71033
11	0.01220	0.01148	0.01938	0.75739	0.04450	0.01436	0.01794	0.01651	0.01292	0.01651	0.01148	0.01723	0.00861	0.00646	0.00646	0.00215	0.00861	0.00574	0.00287	0.00718
12	0.81856	0.01250	0.00950	0.00850	0.01250	0.01449	0.00700	0.01899	0.01100	0.02899	0.00900	0.01050	0.00700	0.00600	0.00400	0.00200	0.00500	0.00350	0.00400	0.00700
13	0.00764	0.00655	0.00655	0.00655	0.00873	0.00545	0.00491	0.00927	0.01473	0.01745	0.06546	0.06218	0.73000	0.01636	0.00764	0.00218	0.00327	0.01364	0.00600	0.00545
14	0.00861	0.00661	0.00815	0.00814	0.00978	0.00615	0.00619	0.01094	0.01541	0.02048	0.31279	0.09771	0.29184	0.01960	0.10263	0.00325	0.00518	0.05465	0.00610	0.00576
15	0.02414	0.03079	0.01831	0.01665	0.01998	0.74698	0.01248	0.02580	0.01831	0.01581	0.00999	0.01165	0.00832	0.00666	0.00583	0.00166	0.01165	0.00416	0.00333	0.00749
16	0.01694	0.01513	0.01995	0.23859	0.20774	0.06162	0.01539	0.17635	0.08942	0.02460	0.04223	0.01939	0.01337	0.00735	0.00652	0.00203	0.00759	0.02231	0.00441	0.00907
17	0.38286	0.01167	0.01253	0.01015	0.01470	0.01174	0.00838	0.02589	0.01513	0.41973	0.01810	0.01684	0.01196	0.00710	0.00538	0.00200	0.00527	0.00515	0.00621	0.00920
18	0.02419	0.02917	0.01845	0.01642	0.01998	0.65373	0.01246	0.11371	0.01986	0.01901	0.01070	0.01215	0.00866	0.00680	0.00591	0.00170	0.01107	0.00437	0.00373	0.00794
19	0.00778	0.00655	0.00675	0.00670	0.00882	0.00552	0.00503	0.00956	0.01508	0.01828	0.13030	0.06082	0.66464	0.01606	0.00763	0.00217	0.00325	0.01345	0.00611	0.00552
20	0.01204	0.00602	0.00602	0.00602	0.00753	0.00602	0.00452	0.01506	0.01355	0.02409	0.02108	0.02409	0.01656	0.00753	0.00452	0.00151	0.00301	0.00602	0.80879	0.00602
21	0.00940	0.00626	0.00705	0.00705	0.00705	0.00626	0.00392	0.00940	0.00940	0.01253	0.02036	0.04228	0.02349	0.77292	0.03289	0.00626	0.00626	0.00940	0.00392	0.00392
22	0.00996	0.00725	0.00980	0.01110	0.01264	0.00710	0.00954	0.01269	0.01476	0.01899	0.03827	0.09811	0.12627	0.01775	0.00873	0.00286	0.00552	0.57684	0.00596	0.00586
23	0.02456	0.01810	0.01939	0.01487	0.02004	0.02004	0.01228	0.71107	0.03038	0.04072	0.01551	0.01551	0.01099	0.00776	0.00646	0.00194	0.00711	0.00582	0.00646	0.01099
24	0.02456	0.01810	0.01939	0.01487	0.02004	0.02004	0.01228	0.71107	0.03038	0.04072	0.01551	0.01551	0.01099	0.00776	0.00646	0.00194	0.00711	0.00582	0.00646	0.01099
25	0.00879	0.00659	0.00815	0.00776	0.00944	0.00595	0.00582	0.01152	0.01746	0.02395	0.57507	0.05150	0.21633	0.01394	0.00762	0.00207	0.00310	0.01214	0.00685	0.00595
26	0.00796	0.00568	0.00759	0.00909	0.00950	0.00532	0.00614	0.00914	0.01245	0.01659	0.03557	0.74593	0.04255	0.02016	0.00827	0.00264	0.00382	0.04033	0.00600	0.00527
27	0.01525	0.01743	0.03813	0.02723	0.03377	0.01634	0.70915	0.02070	0.01525	0.02070	0.01307	0.01743	0.00980	0.00545	0.00763	0.00218	0.01089	0.00763	0.00327	0.00871
28	0.00963	0.00723	0.00904	0.00880	0.01042	0.00699	0.00660	0.01386	0.08683	0.02410	0.50767	0.14000	0.08998	0.01402	0.00765	0.00217	0.00347	0.03839	0.00681	0.00636
29	0.00787	0.00562	0.00750	0.00900	0.00937	0.00525	0.00600	0.00900	0.01237	0.01649	0.03561	0.76871	0.04274	0.02024	0.00825	0.00262	0.00375	0.01837	0.00600	0.00525
30	0.00784	0.00574	0.00738	0.00868	0.00929	0.00527	0.00586	0.00903	0.01267	0.01662	0.03944	0.67807	0.13090	0.01975	0.00817	0.00257	0.00369	0.01776	0.00600	0.00527
31	0.01103	0.00863	0.01144	0.01067	0.01173	0.01008	0.00812	0.06119	0.01211	0.01704	0.05715	0.02951	0.04738	0.20005	0.35399	0.00693	0.12531	0.00774	0.00398	0.00592
32	0.01204	0.00602	0.00602	0.00602	0.00753	0.00602	0.00452	0.01506	0.01355	0.02409	0.02108	0.02409	0.01656	0.00753	0.00452	0.00151	0.00301	0.00602	0.80879	0.00602
33	0.01507	0.01608	0.08734	0.24987	0.22117	0.01499	0.22125	0.01976	0.01444	0.05819	0.01289	0.01691	0.00976	0.00603	0.00676	0.00208	0.00894	0.00626	0.00334	0.00885
34	0.01483	0.01233	0.01417	0.01025	0.01592	0.01008	0.00825	0.10540	0.01558	0.02358	0.01200	0.01367	0.00975	0.00517	0.00500	0.00108	0.00508	0.00408	0.00417	0.70962
35	0.00940	0.00626	0.00705	0.00705	0.00705	0.00626	0.00392	0.00940	0.00940	0.01253	0.02036	0.04228	0.02349	0.77292	0.03289	0.00626	0.00626	0.00940	0.00392	0.00392
36	0.00816	0.00657	0.00728	0.00710	0.00905	0.00568	0.00532	0.01029	0.01597	0.02041	0.29719	0.05732	0.49642	0.01526	0.00763	0.00213	0.00319	0.01296	0.00639	0.00568
37	0.02005	0.32546	0.06978	0.01493	0.04048	0.30762	0.01272	0.06542	0.05477	0.01817	0.01098	0.01231	0.00914	0.00633	0.00527	0.00163	0.00888	0.00424	0.00343	0.00839
38	0.00837	0.00641	0.00774	0.00823	0.00969	0.00578	0.00616	0.01033	0.01484	0.01920	0.19277	0.25640	0.31138	0.01696	0.00797	0.00237	0.00370	0.09987	0.00623	0.00559
39	0.00803	0.00578	0.00764	0.00908	0.00960	0.00540	0.00624	0.00929	0.01264	0.01672	0.03682	0.69294	0.07231	0.01992	0.00826	0.00263	0.00387	0.06154	0.00599	0.00530
40	0.02414	0.03079	0.01831	0.01665	0.01998	0.74698	0.01248	0.02580	0.01831	0.01581	0.00999	0.01165	0.00832	0.00666	0.00583	0.00166	0.01165	0.00416	0.00333	0.00749
41	0.00965	0.00670	0.00869	0.00842	0.00999	0.00616	0.00635	0.01239	0.01728	0.04784	0.55382	0.12106	0.10208	0.01420	0.00772	0.00215	0.00337	0.04912	0.00689	0.00612
42	0.00959	0.00708	0.00853	0.00853	0.01025	0.00663	0.00637	0.01293	0.06650	0.04138	0.29355	0.19953	0.23758	0.01532	0.00772	0.00226	0.00363	0.04996	0.00650	0.00617
43	0.06807	0.01633	0.01903	0.04480	0.02001	0.01885	0.03452	0.46555	0.02362	0.03310	0.01375	0.01537	0.01033	0.00819	0.00908	0.00211	0.14971	0.00571	0.03223	0.00962
44	0.01756	0.01144	0.01321	0.01178	0.01523	0.01208	0.00930	0.02808	0.37866	0.20195	0.05336	0.07642	0.07053	0.01062	0.00694	0.00222	0.00500	0.05945	0.00683	0.00933
45	0.01387	0.01307	0.01958	0.52994	0.12456	0.03847	0.01686	0.03765	0.10460	0.01904	0.01352	0.01773	0.01029	0.00671	0.00645	0.00211	0.00811	0.00590	0.00350	0.00806
46	0.02035	0.04726	0.01775	0.01587	0.04826	0.34159	0.01182	0.08153	0.30239	0.02246	0.01705	0.01711	0.01321	0.00752	0.00614	0.00190	0.00834	0.00560	0.00486	0.00900

[dist]
# distance from previous block
# <min> <max>
2	4

[block]
# block no. 9 follows, 34 sequences, length 33
# corresponding to MSA columns:
# 750-782
name=unknown_J
#
# <colnr> <probs for GDERKNQSTAVLIFYWHMCP>
#	G	D	E	R	K	N	Q	S	T	A	V	L	I	F	Y	W	H	M	C	P
0	0.01593	0.01079	0.01372	0.05414	0.06662	0.01085	0.00989	0.13814	0.05942	0.13270	0.20156	0.03630	0.10946	0.01091	0.00709	0.00210	0.00525	0.07715	0.00625	0.03174
1	0.47968	0.01443	0.01240	0.01063	0.01462	0.07654	0.00856	0.11752	0.05433	0.09889	0.01269	0.01362	0.00946	0.00743	0.00589	0.04013	0.00594	0.00449	0.00477	0.00797
2	0.03783	0.04098	0.05352	0.01244	0.01678	0.05477	0.01042	0.17536	0.20553	0.09370	0.06100	0.04799	0.04183	0.00852	0.00625	0.00191	0.00592	0.00684	0.02828	0.09012
3	0.01923	0.01561	0.03406	0.01296	0.01698	0.07634	0.01060	0.33192	0.09299	0.05418	0.02062	0.08712	0.03422	0.00943	0.00650	0.00198	0.00640	0.04635	0.06543	0.05706
4	0.09797	0.01453	0.04135	0.01476	0.01899	0.01468	0.13199	0.28808	0.04460	0.02957	0.10355	0.13076	0.02129	0.00966	0.00681	0.00211	0.00658	0.00848	0.00555	0.00868
5	0.01670	0.01168	0.01262	0.01040	0.01384	0.01209	0.00814	0.23231	0.10698	0.04340	0.01861	0.02179	0.01494	0.09027	0.00853	0.00217	0.00521	0.00617	0.23709	0.12707
6	0.01521	0.01336	0.01982	0.06565	0.35730	0.01279	0.01427	0.03693	0.06213	0.04188	0.01443	0.05130	0.01229	0.00650	0.00602	0.00170	0.00642	0.00589	0.00395	0.25216
7	0.00787	0.00562	0.00750	0.00900	0.00937	0.00525	0.00600	0.00900	0.01237	0.01649	0.03561	0.76871	0.04274	0.02024	0.00825	0.00262	0.00375	0.01837	0.00600	0.00525
