[name]
unknown

[dist]
# distance from previous block
# <min> <max>
0	35

[block]
# block no. 0 follows, 30 sequences, length 7
# corresponding to MSA columns:
# 35-41
name=unknown_A
#
# <colnr> <probs for GDERKNQSTAVLIFYWHMCP>
#	G	D	E	R	K	N	Q	S	T	A	V	L	I	F	Y	W	H	M	C	P
0	0.03267	0.11479	0.04257	0.14293	0.05157	0.01509	0.13605	0.04492	0.01645	0.06980	0.06441	0.03135	0.01998	0.00955	0.00731	0.00228	0.00793	0.13504	0.00474	0.05058
1	0.01711	0.07515	0.10539	0.07759	0.07469	0.10829	0.01400	0.08372	0.07694	0.04851	0.06439	0.04125	0.01851	0.04604	0.08716	0.00334	0.00930	0.03510	0.00474	0.00879
2	0.01137	0.01268	0.09418	0.10149	0.01808	0.05626	0.01070	0.01414	0.01478	0.01944	0.10400	0.33103	0.08080	0.05394	0.00935	0.00265	0.00607	0.01307	0.00537	0.04059
3	0.11658	0.01485	0.10346	0.01322	0.01712	0.01361	0.01185	0.14495	0.01608	0.02468	0.01558	0.02035	0.01321	0.02748	0.32850	0.00616	0.04269	0.00620	0.00433	0.05911
4	0.02107	0.02618	0.07036	0.05732	0.02331	0.40924	0.06024	0.02705	0.14423	0.02014	0.01628	0.06359	0.01379	0.00842	0.00681	0.00207	0.01032	0.00651	0.00435	0.00871
5	0.07257	0.10507	0.02482	0.02395	0.22793	0.11190	0.08347	0.09181	0.01802	0.09891	0.01595	0.06611	0.01339	0.00785	0.00666	0.00207	0.00833	0.00676	0.00462	0.00982
6	0.10419	0.01809	0.06631	0.04061	0.05756	0.01795	0.01338	0.35816	0.07862	0.10224	0.01711	0.01743	0.01227	0.00781	0.00658	0.00208	0.00721	0.00601	0.00611	0.06030

[dist]
# distance from previous block
# <min> <max>
0	1

[block]
# block no. 1 follows, 30 sequences, length 15
# corresponding to MSA columns:
# 43-57
name=unknown_B
#
# <colnr> <probs for GDERKNQSTAVLIFYWHMCP>
#	G	D	E	R	K	N	Q	S	T	A	V	L	I	F	Y	W	H	M	C	P
0	0.01591	0.01564	0.02440	0.20506	0.20256	0.06693	0.13495	0.05187	0.01632	0.02139	0.01725	0.07345	0.01582	0.00913	0.00798	0.00237	0.02906	0.07703	0.00407	0.00881
1	0.02183	0.18030	0.15738	0.01662	0.04138	0.15829	0.01529	0.11020	0.03552	0.12703	0.01457	0.01557	0.01095	0.00756	0.00733	0.00201	0.05839	0.00531	0.00458	0.00988
2	0.02608	0.01387	0.06418	0.01450	0.04351	0.01212	0.01205	0.02977	0.04492	0.50112	0.06564	0.02383	0.01874	0.00917	0.00875	0.00226	0.08406	0.00714	0.00735	0.01094
3	0.01111	0.00880	0.01238	0.01201	0.01346	0.01049	0.00941	0.01536	0.08395	0.01761	0.01908	0.02645	0.01729	0.04509	0.60333	0.00973	0.06614	0.00743	0.00405	0.00684
4	0.02067	0.02154	0.12925	0.10446	0.26307	0.14724	0.01820	0.05112	0.01758	0.13793	0.01508	0.01722	0.01121	0.00704	0.00678	0.00209	0.00909	0.00587	0.00437	0.01020
5	0.01996	0.39358	0.08563	0.01536	0.02089	0.15795	0.06881	0.02293	0.01594	0.06607	0.03546	0.01480	0.01160	0.00697	0.00635	0.00181	0.03820	0.00499	0.00370	0.00900
6	0.01198	0.00734	0.00968	0.01035	0.01188	0.00677	0.00776	0.01391	0.01525	0.10823	0.06663	0.42758	0.11219	0.01893	0.00871	0.00275	0.00467	0.14193	0.00679	0.00667
7	0.00979	0.08594	0.01130	0.00981	0.01099	0.00813	0.00707	0.01143	0.01443	0.01922	0.13781	0.56513	0.04523	0.01902	0.00833	0.00259	0.00429	0.01703	0.00629	0.00616
8	0.01605	0.01572	0.09106	0.05591	0.12074	0.03774	0.01439	0.16963	0.01947	0.02585	0.02653	0.10404	0.06915	0.01262	0.00790	0.00250	0.00734	0.18908	0.00549	0.00877
9	0.09486	0.09714	0.39879	0.05032	0.08937	0.01744	0.11394	0.02163	0.01471	0.02242	0.01224	0.01501	0.00918	0.00643	0.00645	0.00215	0.00953	0.00545	0.00322	0.00974
10	0.04902	0.01563	0.02391	0.21472	0.29963	0.01683	0.05024	0.12715	0.05206	0.06108	0.01492	0.01815	0.01140	0.00704	0.00692	0.00218	0.00826	0.00635	0.00440	0.01015
11	0.09549	0.03542	0.01347	0.08659	0.01780	0.07504	0.01078	0.01717	0.01579	0.05584	0.09379	0.07225	0.06126	0.01657	0.06021	0.00321	0.00754	0.24910	0.00554	0.00713
12	0.12041	0.04830	0.14912	0.05105	0.02283	0.22418	0.01491	0.13987	0.01941	0.10455	0.01393	0.01516	0.01025	0.00746	0.00676	0.00206	0.03034	0.00523	0.00467	0.00952
13	0.05739	0.06983	0.07997	0.18974	0.02631	0.05157	0.04639	0.08128	0.07704	0.05089	0.01893	0.09622	0.03486	0.00894	0.00674	0.00213	0.00762	0.00750	0.00467	0.08199
14	0.09993	0.05659	0.11467	0.15769	0.02662	0.07414	0.05773	0.16031	0.01871	0.04318	0.03882	0.01967	0.04803	0.00817	0.00748	0.00219	0.04606	0.00636	0.00454	0.00910

[dist]
# distance from previous block
# <min> <max>
2	62

[block]
# block no. 2 follows, 30 sequences, length 11
# corresponding to MSA columns:
# 133-143
name=unknown_C
#
# <colnr> <probs for GDERKNQSTAVLIFYWHMCP>
#	G	D	E	R	K	N	Q	S	T	A	V	L	I	F	Y	W	H	M	C	P
0	0.05508	0.20778	0.25955	0.01640	0.05126	0.04829	0.01650	0.09147	0.01646	0.02286	0.01487	0.03825	0.03613	0.00764	0.00669	0.00197	0.03726	0.00564	0.00382	0.06205
1	0.01874	0.24263	0.11000	0.01513	0.02015	0.15834	0.05787	0.06546	0.01710	0.05920	0.03781	0.13317	0.01740	0.00939	0.00648	0.00201	0.00837	0.00756	0.00442	0.00874
2	0.02019	0.43140	0.07067	0.01322	0.01884	0.08912	0.01247	0.11593	0.01790	0.06760	0.01708	0.01767	0.06628	0.00759	0.00561	0.00176	0.00773	0.00536	0.00426	0.00932
3	0.05863	0.14255	0.21706	0.01623	0.02300	0.08444	0.04526	0.17652	0.04772	0.02662	0.01347	0.01489	0.01026	0.00691	0.00616	0.00192	0.00855	0.00520	0.00433	0.09029
4	0.01727	0.29567	0.11205	0.01324	0.01826	0.04482	0.01260	0.09136	0.05610	0.04726	0.01730	0.02032	0.04221	0.04807	0.13118	0.00368	0.00960	0.00597	0.00422	0.00883
5	0.00997	0.00748	0.01121	0.01121	0.01246	0.00872	0.00872	0.01246	0.01121	0.01620	0.01869	0.02741	0.01745	0.05234	0.72710	0.01121	0.01869	0.00748	0.00374	0.00623
6	0.08102	0.18862	0.22628	0.03782	0.06769	0.04700	0.01630	0.11992	0.05548	0.02463	0.01487	0.06361	0.01255	0.00790	0.00621	0.00206	0.00813	0.00609	0.00419	0.00964
7	0.01650	0.04462	0.08179	0.16454	0.14111	0.04543	0.13327	0.08797	0.01729	0.02335	0.03160	0.02211	0.01371	0.00762	0.00707	0.00213	0.00876	0.05384	0.00409	0.09319
8	0.01182	0.00966	0.00927	0.00908	0.00959	0.08359	0.00567	0.01227	0.01128	0.01418	0.02046	0.04029	0.02282	0.60364	0.10286	0.00669	0.00860	0.00927	0.00411	0.00484
9	0.01777	0.01733	0.02519	0.03649	0.56620	0.09114	0.01889	0.02158	0.01618	0.02252	0.01386	0.01766	0.01153	0.00652	0.00664	0.00200	0.00823	0.00606	0.08395	0.01027
10	0.01805	0.01741	0.07004	0.19174	0.30938	0.01743	0.01862	0.16088	0.07948	0.02660	0.01503	0.01808	0.01159	0.00716	0.00694	0.00217	0.00828	0.00631	0.00440	0.01042

[dist]
# distance from previous block
# <min> <max>
10	57

[block]
# block no. 3 follows, 30 sequences, length 11
# corresponding to MSA columns:
# 202-212
name=unknown_D
#
# <colnr> <probs for GDERKNQSTAVLIFYWHMCP>
#	G	D	E	R	K	N	Q	S	T	A	V	L	I	F	Y	W	H	M	C	P
0	0.09876	0.11096	0.17514	0.05744	0.02117	0.01574	0.03746	0.09886	0.07319	0.02460	0.04344	0.16120	0.03312	0.01041	0.00680	0.00225	0.00712	0.00867	0.00487	0.00879
1	0.04308	0.36626	0.30907	0.01570	0.02311	0.09669	0.01755	0.02211	0.01492	0.01926	0.01096	0.01277	0.00887	0.00638	0.00553	0.00184	0.00909	0.00439	0.00308	0.00937
2	0.24622	0.06448	0.18671	0.01669	0.07258	0.01667	0.04561	0.07739	0.08646	0.02648	0.01426	0.01650	0.01111	0.01140	0.07667	0.00304	0.00873	0.00550	0.00426	0.00925
3	0.01900	0.50987	0.03050	0.01333	0.01812	0.07594	0.01221	0.08573	0.01599	0.01929	0.01213	0.05640	0.01149	0.00791	0.00707	0.00182	0.08547	0.00525	0.00364	0.00884
4	0.01721	0.01278	0.01517	0.01319	0.01645	0.01410	0.01071	0.30769	0.02147	0.02899	0.02340	0.03066	0.06720	0.02738	0.29003	0.00580	0.01158	0.07190	0.00562	0.00869
5	0.01649	0.07956	0.09786	0.01408	0.01819	0.10911	0.01223	0.05598	0.25302	0.02407	0.08847	0.07670	0.02254	0.01441	0.08324	0.00314	0.00834	0.00800	0.00547	0.00910
6	0.01721	0.39587	0.21865	0.01553	0.02235	0.04564	0.06447	0.05189	0.01595	0.02053	0.06161	0.01597	0.01329	0.00690	0.00578	0.00184	0.00843	0.00523	0.00356	0.00929
7	0.01685	0.19637	0.41353	0.01765	0.02575	0.06879	0.04549	0.02375	0.06467	0.04542	0.01350	0.01507	0.01014	0.00677	0.00623	0.00203	0.00938	0.00517	0.00352	0.00992
8	0.02726	0.01226	0.01586	0.01237	0.01746	0.01099	0.01007	0.09966	0.02024	0.51892	0.02581	0.08237	0.01842	0.00937	0.00699	0.00210	0.00589	0.00772	0.00784	0.08841
9	0.01988	0.57772	0.03300	0.01519	0.06742	0.15103	0.01288	0.02217	0.01529	0.01698	0.01014	0.01187	0.00911	0.00620	0.00497	0.00159	0.00843	0.00404	0.00313	0.00895
10	0.01540	0.10486	0.16716	0.14863	0.20828	0.01690	0.05460	0.02190	0.08780	0.02214	0.07177	0.02018	0.01566	0.00740	0.00678	0.00213	0.00827	0.00653	0.00398	0.00963

[dist]
# distance from previous block
# <min> <max>
0	27

[block]
# block no. 4 follows, 30 sequences, length 7
# corresponding to MSA columns:
# 240-246
name=unknown_E
#
# <colnr> <probs for GDERKNQSTAVLIFYWHMCP>
#	G	D	E	R	K	N	Q	S	T	A	V	L	I	F	Y	W	H	M	C	P
0	0.02144	0.02422	0.24427	0.01678	0.02394	0.01880	0.01684	0.41485	0.02538	0.03507	0.01501	0.01590	0.01076	0.00753	0.00671	0.00204	0.00830	0.00573	0.00543	0.08099
1	0.01117	0.00774	0.00913	0.00895	0.00958	0.00800	0.00574	0.06204	0.01240	0.01670	0.02321	0.12791	0.02593	0.52223	0.11423	0.00647	0.00795	0.01072	0.00466	0.00523
2	0.01169	0.01379	0.09733	0.01128	0.01422	0.09545	0.00975	0.01453	0.01566	0.01978	0.13614	0.12900	0.24068	0.02114	0.13398	0.00386	0.00816	0.01135	0.00539	0.00684
3	0.12053	0.02011	0.14526	0.01563	0.02071	0.10227	0.06529	0.16084	0.01930	0.06145	0.04967	0.11548	0.01895	0.01008	0.00703	0.00227	0.00796	0.04287	0.00524	0.00904
4	0.05991	0.43155	0.17653	0.05542	0.02204	0.02260	0.01496	0.02292	0.09745	0.02007	0.01273	0.01418	0.01038	0.00662	0.00539	0.00184	0.00783	0.00468	0.00356	0.00935
5	0.03846	0.22977	0.13237	0.01539	0.04281	0.12127	0.01397	0.13336	0.04963	0.02459	0.09851	0.01919	0.01723	0.00900	0.02413	0.00215	0.00834	0.00595	0.00457	0.00930
6	0.06425	0.21887	0.05800	0.01634	0.07725	0.12248	0.01306	0.07433	0.07727	0.05911	0.01373	0.01512	0.01099	0.00711	0.00669	0.00185	0.04773	0.00504	0.00430	0.10648

[dist]
# distance from previous block
# <min> <max>
32	68

[block]
# block no. 5 follows, 30 sequences, length 7
# corresponding to MSA columns:
# 318-324
name=unknown_F
#
# <colnr> <probs for GDERKNQSTAVLIFYWHMCP>
#	G	D	E	R	K	N	Q	S	T	A	V	L	I	F	Y	W	H	M	C	P
0	0.01239	0.00974	0.01148	0.01015	0.01316	0.00903	0.00766	0.07109	0.05356	0.02327	0.13540	0.17223	0.12161	0.05363	0.06231	0.00295	0.00576	0.01083	0.00583	0.20792
1	0.01156	0.00687	0.00902	0.00914	0.00996	0.00667	0.00629	0.01151	0.01194	0.05723	0.02799	0.16141	0.10154	0.19168	0.07421	0.24956	0.00654	0.03706	0.00482	0.00499
2	0.01004	0.00760	0.01026	0.10014	0.01500	0.00782	0.00828	0.01202	0.01370	0.01808	0.08910	0.21395	0.10739	0.18907	0.07455	0.00432	0.00675	0.10069	0.00541	0.00585
3	0.07499	0.01577	0.01510	0.08019	0.05072	0.16928	0.01127	0.05472	0.01665	0.02170	0.04082	0.09863	0.06320	0.01289	0.04171	0.00258	0.00804	0.09486	0.00481	0.12208
4	0.17059	0.04147	0.03999	0.06808	0.05615	0.01338	0.04175	0.02229	0.12315	0.10006	0.07407	0.05653	0.01975	0.01152	0.03428	0.04263	0.00669	0.02580	0.04332	0.00850
5	0.11626	0.01208	0.01287	0.01203	0.03639	0.03935	0.00877	0.15351	0.05158	0.05014	0.09626	0.10229	0.09665	0.07311	0.01183	0.09845	0.00590	0.00921	0.00573	0.00761
6	0.07797	0.04403	0.01202	0.01042	0.01285	0.01035	0.00804	0.04025	0.09809	0.02272	0.13712	0.12944	0.08138	0.05940	0.03557	0.07357	0.00562	0.07409	0.00573	0.06135

[dist]
# distance from previous block
# <min> <max>
1	28

[block]
# block no. 6 follows, 30 sequences, length 52
# corresponding to MSA columns:
# 353-404
name=unknown_G
#
# <colnr> <probs for GDERKNQSTAVLIFYWHMCP>
#	G	D	E	R	K	N	Q	S	T	A	V	L	I	F	Y	W	H	M	C	P
0	0.09492	0.01549	0.01955	0.08172	0.18358	0.01671	0.01402	0.23098	0.10140	0.07085	0.05308	0.02213	0.04820	0.00844	0.00685	0.00217	0.00698	0.00696	0.00569	0.01028
1	0.15204	0.01570	0.01854	0.20684	0.05170	0.01777	0.01374	0.27169	0.09450	0.03154	0.01533	0.01724	0.01137	0.00757	0.00646	0.00214	0.00740	0.00591	0.00525	0.04726
2	0.01459	0.01263	0.01204	0.01137	0.01343	0.10996	0.00846	0.10859	0.03603	0.02232	0.11077	0.12004	0.09869	0.19365	0.01462	0.00345	0.00660	0.09012	0.00575	0.00689
3	0.13149	0.01850	0.07256	0.01438	0.03859	0.14003	0.01179	0.07015	0.08764	0.17605	0.01948	0.05411	0.02859	0.00835	0.00639	0.00202	0.00731	0.00643	0.00559	0.10054
4	0.02226	0.02272	0.02393	0.01938	0.02406	0.30222	0.18759	0.06396	0.08682	0.10192	0.01744	0.04579	0.01401	0.00820	0.00719	0.00214	0.01014	0.02610	0.00489	0.00924
5	0.00850	0.00640	0.00787	0.00894	0.00994	0.00577	0.00616	0.00996	0.01437	0.01858	0.07918	0.52802	0.23034	0.02034	0.00869	0.00267	0.00387	0.01808	0.00654	0.00577
6	0.01581	0.01932	0.09304	0.12795	0.03759	0.01723	0.53916	0.02170	0.01598	0.02170	0.01375	0.01846	0.01027	0.00610	0.00793	0.00234	0.01130	0.00770	0.00342	0.00925
7	0.01938	0.01664	0.02289	0.16072	0.33920	0.08700	0.01743	0.02505	0.09855	0.11924	0.01661	0.01901	0.01263	0.00719	0.00690	0.00214	0.00825	0.00635	0.00457	0.01026
8	0.01627	0.02022	0.09588	0.02864	0.03596	0.01753	0.63258	0.02233	0.01633	0.02233	0.01399	0.01849	0.01045	0.00594	0.00811	0.00234	0.01165	0.00799	0.00348	0.00948
9	0.00854	0.00664	0.00777	0.00843	0.00984	0.00587	0.00596	0.01023	0.01520	0.01940	0.12635	0.36718	0.34540	0.01915	0.00854	0.00255	0.00373	0.01675	0.00661	0.00587
10	0.02536	0.03191	0.02047	0.01998	0.07726	0.66940	0.01412	0.02734	0.01946	0.01754	0.01098	0.01296	0.00916	0.00711	0.00634	0.00182	0.01224	0.00463	0.00358	0.00833
11	0.04231	0.01617	0.02354	0.01917	0.02112	0.02049	0.11092	0.09103	0.04746	0.02160	0.01165	0.01634	0.01020	0.01057	0.01771	0.00279	0.49822	0.00644	0.00378	0.00851
12	0.00921	0.00682	0.00869	0.01000	0.01075	0.00662	0.00681	0.01194	0.06877	0.01876	0.03862	0.67123	0.06402	0.02074	0.00874	0.00278	0.00415	0.01872	0.00653	0.00611
13	0.07692	0.01162	0.01273	0.01215	0.01427	0.08267	0.00946	0.04064	0.07120	0.01959	0.01793	0.02413	0.01593	0.03890	0.50972	0.00846	0.01550	0.00687	0.00417	0.00713
14	0.02013	0.01922	0.02027	0.08664	0.04183	0.15928	0.01459	0.20944	0.01965	0.02516	0.01430	0.02066	0.01246	0.01003	0.01206	0.00245	0.23933	0.05899	0.00456	0.00893
15	0.07805	0.09373	0.57043	0.01802	0.02707	0.01673	0.02246	0.02151	0.01452	0.02231	0.01322	0.01720	0.01023	0.00716	0.00641	0.00219	0.00949	0.03625	0.00323	0.00979
16	0.07592	0.00847	0.01090	0.08344	0.01555	0.00865	0.00879	0.01520	0.03869	0.07924	0.06432	0.35978	0.05957	0.04829	0.00930	0.00282	0.00525	0.09287	0.00612	0.00683
17	0.02070	0.14488	0.10970	0.07632	0.02609	0.16823	0.10926	0.18121	0.05347	0.02533	0.01369	0.01562	0.01050	0.00711	0.00656	0.00202	0.00959	0.00570	0.00434	0.00970
18	0.01688	0.11920	0.02281	0.01864	0.09752	0.04204	0.09560	0.04347	0.19954	0.04754	0.04655	0.09521	0.03852	0.00992	0.00849	0.00228	0.07288	0.00837	0.00518	0.00935
19	0.01600	0.17950	0.03009	0.33107	0.06135	0.01906	0.19635	0.04870	0.01556	0.02004	0.01248	0.01690	0.00974	0.00649	0.00676	0.00213	0.00945	0.00621	0.00337	0.00876
20	0.01691	0.28735	0.11382	0.20691	0.09875	0.07395	0.07105	0.02094	0.01497	0.01865	0.01153	0.01489	0.00938	0.00642	0.00608	0.00195	0.00911	0.00522	0.00315	0.00899
21	0.08097	0.13223	0.14185	0.02612	0.24421	0.06209	0.12362	0.04579	0.01599	0.02261	0.01312	0.03667	0.01094	0.00681	0.00652	0.00207	0.00893	0.00608	0.00361	0.00976
22	0.01725	0.01574	0.02376	0.16579	0.31154	0.01706	0.05354	0.08133	0.19195	0.02526	0.01726	0.01981	0.01339	0.00736	0.00705	0.00221	0.00791	0.00676	0.00462	0.01040
23	0.01773	0.01332	0.01754	0.01452	0.01756	0.06977	0.09660	0.06391	0.01588	0.15097	0.02319	0.02824	0.08188	0.10748	0.14366	0.02823	0.08845	0.00800	0.00507	0.00801
24	0.01824	0.01726	0.02665	0.11650	0.30313	0.05079	0.13531	0.13018	0.05212	0.02582	0.04433	0.01933	0.01365	0.00715	0.00720	0.00216	0.00878	0.00686	0.00436	0.01016
25	0.04242	0.03858	0.02081	0.01919	0.11678	0.07311	0.04210	0.33732	0.07414	0.03258	0.04352	0.09190	0.01738	0.00941	0.00708	0.00216	0.00757	0.00779	0.00587	0.01028
26	0.01614	0.36896	0.40453	0.01623	0.02454	0.02146	0.01941	0.02155	0.01448	0.01948	0.01122	0.01310	0.00889	0.00633	0.00564	0.00188	0.00900	0.00450	0.00296	0.00969
27	0.00895	0.00626	0.00796	0.00914	0.00943	0.00597	0.00586	0.00984	0.01248	0.01664	0.03393	0.55660	0.04044	0.22326	0.01622	0.00391	0.00480	0.01718	0.00586	0.00527
28	0.01828	0.70026	0.09195	0.01259	0.01891	0.02669	0.01306	0.02099	0.01422	0.01688	0.00993	0.01148	0.00895	0.00602	0.00465	0.00155	0.00769	0.00385	0.00298	0.00907
29	0.02012	0.02140	0.07256	0.05993	0.29547	0.13780	0.10407	0.15645	0.01986	0.02577	0.01352	0.01646	0.01059	0.00683	0.00697	0.00209	0.00952	0.00613	0.00415	0.01031
30	0.02164	0.01893	0.01850	0.01839	0.10456	0.17018	0.01285	0.06443	0.33971	0.12277	0.02201	0.02127	0.01634	0.00840	0.00688	0.00216	0.00756	0.00675	0.00610	0.01056
31	0.00856	0.00698	0.00758	0.00764	0.00968	0.00599	0.00565	0.01055	0.01633	0.02038	0.18122	0.13412	0.52603	0.01749	0.00831	0.00238	0.00354	0.01487	0.00669	0.00599
32	0.01744	0.01741	0.02656	0.13816	0.55978	0.07667	0.02046	0.02146	0.01595	0.02162	0.01283	0.01706	0.01063	0.00641	0.00687	0.00208	0.00880	0.00607	0.00342	0.01034
33	0.00936	0.00701	0.00876	0.00905	0.01060	0.00640	0.00681	0.01185	0.01706	0.02281	0.33422	0.20264	0.21512	0.01726	0.00854	0.00249	0.00388	0.09294	0.00699	0.00621
34	0.00912	0.00710	0.00828	0.00798	0.00996	0.00626	0.00599	0.01170	0.01796	0.02373	0.41086	0.05913	0.36518	0.01585	0.00824	0.00227	0.00341	0.01360	0.00712	0.00626
35	0.00836	0.00707	0.00722	0.00718	0.00949	0.00594	0.00539	0.01023	0.01616	0.01946	0.11324	0.06615	0.66547	0.01745	0.00825	0.00235	0.00352	0.01459	0.00656	0.00594
36	0.02048	0.01728	0.02462	0.01897	0.02407	0.04322	0.21482	0.29206	0.07306	0.06065	0.02010	0.12101	0.01711	0.00956	0.00761	0.00229	0.00835	0.00886	0.00583	0.01006
37	0.01619	0.01828	0.03946	0.08951	0.03745	0.01747	0.62935	0.02197	0.01626	0.02197	0.01397	0.01880	0.01048	0.00598	0.00813	0.00235	0.01156	0.00806	0.00349	0.00927
38	0.01011	0.00682	0.00785	0.00777	0.00801	0.00674	0.00456	0.01057	0.01149	0.01556	0.11807	0.04657	0.03104	0.65097	0.03169	0.00612	0.00628	0.01049	0.00471	0.00456
39	0.01400	0.03610	0.71860	0.01989	0.03020	0.01621	0.02578	0.02210	0.01473	0.02210	0.01252	0.01473	0.00884	0.00663	0.00663	0.00221	0.01031	0.00516	0.00295	0.01031
40	0.01706	0.01662	0.02916	0.06596	0.63084	0.01663	0.07771	0.02137	0.01587	0.02259	0.01318	0.01745	0.01095	0.00622	0.00702	0.00211	0.00862	0.00639	0.00345	0.01080
41	0.02463	0.03054	0.02117	0.02203	0.13389	0.61108	0.01478	0.02681	0.01914	0.01801	0.01117	0.01335	0.00933	0.00703	0.00639	0.00184	0.01188	0.00478	0.00357	0.00857
42	0.00840	0.00695	0.00736	0.00753	0.00958	0.00591	0.00554	0.01020	0.01586	0.01937	0.11199	0.15226	0.57908	0.01796	0.00833	0.00241	0.00358	0.01522	0.00657	0.00591
43	0.01692	0.01622	0.02769	0.10216	0.65463	0.01649	0.02124	0.02111	0.01572	0.02237	0.01306	0.01738	0.01090	0.00628	0.00691	0.00209	0.00838	0.00622	0.00342	0.01077
44	0.01649	0.01849	0.10489	0.25319	0.36073	0.05105	0.02051	0.05237	0.01615	0.02191	0.01289	0.01714	0.01019	0.00665	0.00687	0.00215	0.00902	0.00601	0.00346	0.00984
45	0.00850	0.00635	0.00792	0.00907	0.00998	0.00576	0.00621	0.00994	0.01423	0.01850	0.07568	0.56248	0.19887	0.02056	0.00873	0.00270	0.00390	0.01834	0.00653	0.00576
46	0.00858	0.00624	0.00811	0.00957	0.01021	0.00578	0.00654	0.00992	0.01371	0.01803	0.04160	0.65804	0.11154	0.02135	0.00887	0.00280	0.00408	0.04285	0.00648	0.00572
47	0.01447	0.01240	0.01447	0.01034	0.01654	0.00930	0.00827	0.01757	0.01447	0.02274	0.01240	0.01447	0.01034	0.00517	0.00517	0.00103	0.00517	0.00413	0.00413	0.79742
48	0.08627	0.01589	0.02219	0.07579	0.32771	0.01656	0.01609	0.19119	0.02005	0.06261	0.04821	0.01860	0.01378	0.00730	0.00669	0.00206	0.00744	0.00627	0.00490	0.05041
49	0.02119	0.19024	0.02271	0.01705	0.06373	0.38418	0.01285	0.04308	0.01724	0.01796	0.01218	0.01515	0.01060	0.01436	0.12529	0.00332	0.01202	0.00498	0.00357	0.00828
50	0.01029	0.00811	0.01074	0.01068	0.01247	0.00780	0.03758	0.01409	0.07377	0.02168	0.18543	0.26588	0.16727	0.03636	0.00925	0.00270	0.00467	0.10802	0.00659	0.00660
51	0.04214	0.01222	0.01634	0.05088	0.17204	0.03104	0.01218	0.09837	0.01830	0.09364	0.12602	0.17469	0.04702	0.01242	0.00767	0.00236	0.00619	0.06186	0.00595	0.00866

[dist]
# distance from previous block
# <min> <max>
0	3

[block]
# block no. 7 follows, 30 sequences, length 17
# corresponding to MSA columns:
# 408-424
name=unknown_H
#
# <colnr> <probs for GDERKNQSTAVLIFYWHMCP>
#	G	D	E	R	K	N	Q	S	T	A	V	L	I	F	Y	W	H	M	C	P
0	0.02100	0.09345	0.02269	0.02261	0.20429	0.20924	0.01464	0.18268	0.02044	0.02505	0.01526	0.07286	0.01351	0.01029	0.03940	0.00242	0.00936	0.00664	0.00455	0.00961
1	0.00935	0.00663	0.00826	0.00875	0.00945	0.00633	0.00581	0.01072	0.01384	0.01871	0.18058	0.31322	0.08300	0.24811	0.04194	0.00418	0.00520	0.01452	0.00595	0.00545
2	0.01507	0.02444	0.30035	0.02458	0.07305	0.01677	0.29491	0.02117	0.01499	0.02148	0.01333	0.01738	0.01024	0.00949	0.05208	0.00287	0.06830	0.00670	0.00327	0.00953
3	0.02466	0.09066	0.02112	0.01563	0.02051	0.17627	0.01280	0.37378	0.06527	0.06941	0.01702	0.01928	0.01319	0.00850	0.00673	0.00205	0.00846	0.03827	0.00593	0.01044
4	0.01844	0.12806	0.17634	0.02161	0.02849	0.10757	0.27634	0.08596	0.04800	0.02314	0.01363	0.01624	0.01039	0.00661	0.00696	0.00211	0.01030	0.00629	0.00382	0.00967
5	0.00867	0.00688	0.00782	0.00827	0.01001	0.00604	0.00610	0.01055	0.01568	0.01969	0.12883	0.23974	0.43086	0.01847	0.00850	0.00251	0.00381	0.05502	0.00661	0.00594
6	0.01895	0.10058	0.35456	0.01955	0.08043	0.08144	0.03846	0.04286	0.05113	0.12428	0.01531	0.01646	0.01105	0.00705	0.00654	0.00209	0.00916	0.00557	0.00422	0.01032
7	0.02043	0.05611	0.05349	0.11405	0.10340	0.10252	0.07116	0.26451	0.02184	0.02831	0.01529	0.05900	0.01261	0.00834	0.00759	0.00216	0.03767	0.00682	0.00484	0.00985
8	0.00848	0.00615	0.00801	0.00950	0.01007	0.00569	0.00638	0.00974	0.01356	0.01790	0.04105	0.69532	0.09936	0.02153	0.00885	0.00280	0.00401	0.01943	0.00648	0.00569
9	0.01948	0.08685	0.23744	0.01821	0.05077	0.24849	0.01695	0.04397	0.16719	0.02216	0.01536	0.01639	0.01180	0.00741	0.00647	0.00204	0.00962	0.00550	0.00420	0.00971
10	0.05240	0.02020	0.07516	0.01979	0.12804	0.11444	0.01460	0.21688	0.13508	0.05628	0.01908	0.01982	0.04267	0.00845	0.00762	0.00217	0.04510	0.00649	0.00541	0.01032
11	0.01585	0.01810	0.09731	0.19169	0.33715	0.01656	0.17917	0.02091	0.01548	0.02152	0.01314	0.01769	0.01034	0.00635	0.00721	0.00221	0.00954	0.00659	0.00334	0.00986
12	0.00977	0.00710	0.00912	0.00906	0.01055	0.00659	0.00679	0.01254	0.01793	0.02476	0.48825	0.12102	0.11076	0.05867	0.01002	0.00263	0.00389	0.07711	0.00715	0.00629
13	0.02028	0.18460	0.06669	0.02103	0.02677	0.27593	0.26417	0.02402	0.01708	0.01915	0.01188	0.01472	0.00957	0.00641	0.00664	0.00196	0.01106	0.00576	0.00341	0.00888
14	0.01894	0.12940	0.06052	0.02089	0.11645	0.12225	0.09515	0.06843	0.19180	0.02344	0.01620	0.01780	0.01280	0.00775	0.00794	0.00214	0.06751	0.00621	0.00452	0.00985
15	0.00862	0.00665	0.00792	0.00886	0.01018	0.00595	0.00637	0.01022	0.01464	0.01850	0.05185	0.40992	0.32327	0.01990	0.00869	0.00266	0.00402	0.06949	0.00647	0.00582
16	0.05806	0.05790	0.02149	0.01659	0.02137	0.18815	0.06650	0.33130	0.07044	0.03139	0.01651	0.05856	0.01337	0.00855	0.00680	0.00208	0.00871	0.00667	0.00556	0.01002

[dist]
# distance from previous block
# <min> <max>
0	23

[block]
# block no. 8 follows, 30 sequences, length 9
# corresponding to MSA columns:
# 448-456
name=unknown_I
#
# <colnr> <probs for GDERKNQSTAVLIFYWHMCP>
#	G	D	E	R	K	N	Q	S	T	A	V	L	I	F	Y	W	H	M	C	P
0	0.01904	0.04165	0.11124	0.08709	0.02610	0.22265	0.11432	0.08099	0.05140	0.02192	0.01352	0.01641	0.01067	0.00953	0.04604	0.00252	0.03829	0.00579	0.00394	0.07689
1	0.03772	0.01602	0.08841	0.09531	0.16567	0.01497	0.05462	0.05307	0.04936	0.11358	0.05948	0.02422	0.04939	0.00899	0.00904	0.00230	0.09682	0.02567	0.00486	0.03050
2	0.00968	0.00697	0.00829	0.00860	0.00958	0.00661	0.00597	0.01109	0.01389	0.01823	0.13939	0.13313	0.17367	0.31676	0.01956	0.00428	0.00524	0.09794	0.00574	0.00537
3	0.02192	0.10809	0.01940	0.01425	0.01858	0.12984	0.01148	0.18860	0.18398	0.11526	0.02150	0.09955	0.01779	0.00968	0.00681	0.00213	0.00729	0.00766	0.00614	0.01003
4	0.01377	0.01230	0.01194	0.01196	0.01388	0.12471	0.00918	0.01775	0.10505	0.02070	0.12798	0.14518	0.07773	0.01621	0.01060	0.10338	0.00627	0.15885	0.00582	0.00675
5	0.01759	0.10802	0.29304	0.02212	0.09225	0.14350	0.13355	0.02396	0.06116	0.02117	0.01329	0.01565	0.01021	0.00668	0.00667	0.00208	0.01014	0.00569	0.00349	0.00974
6	0.02342	0.03160	0.11208	0.02125	0.10657	0.54759	0.01605	0.02633	0.01864	0.01843	0.01130	0.01343	0.00922	0.00700	0.00641	0.00188	0.01177	0.00479	0.00349	0.00874
7	0.00919	0.00693	0.00849	0.00846	0.01009	0.00623	0.00621	0.01170	0.01758	0.02369	0.41496	0.17575	0.24219	0.01652	0.00835	0.00235	0.00349	0.01444	0.00714	0.00623
8	0.01762	0.02263	0.19354	0.01612	0.02162	0.10712	0.01507	0.03213	0.43996	0.02587	0.02216	0.02148	0.01660	0.00846	0.00688	0.00226	0.00763	0.00677	0.00561	0.01049

[dist]
# distance from previous block
# <min> <max>
0	4

[block]
# block no. 9 follows, 30 sequences, length 16
# corresponding to MSA columns:
# 461-476
name=unknown_J
#
# <colnr> <probs for GDERKNQSTAVLIFYWHMCP>
#	G	D	E	R	K	N	Q	S	T	A	V	L	I	F	Y	W	H	M	C	P
0	0.01920	0.06808	0.18926	0.09827	0.06580	0.16741	0.08887	0.14220	0.01913	0.02407	0.01403	0.04615	0.01134	0.00760	0.00682	0.00211	0.00982	0.00625	0.00407	0.00952
1	0.00937	0.00702	0.00881	0.01001	0.01088	0.00685	0.00687	0.01247	0.08199	0.01901	0.03929	0.63902	0.08129	0.02039	0.00869	0.00276	0.00417	0.01835	0.00654	0.00622
2	0.01051	0.00757	0.00960	0.01002	0.01170	0.00717	0.00778	0.01375	0.04517	0.04043	0.24354	0.20961	0.16156	0.01737	0.00865	0.00262	0.00443	0.17507	0.00691	0.00655
3	0.02152	0.02231	0.05832	0.06388	0.12036	0.23812	0.04641	0.14435	0.07552	0.06153	0.01668	0.01874	0.03034	0.02536	0.00787	0.00219	0.02587	0.00622	0.00475	0.00963
4	0.01803	0.06994	0.21843	0.09441	0.10391	0.18797	0.12389	0.02380	0.05509	0.02065	0.01314	0.01596	0.01015	0.00676	0.00677	0.00210	0.01032	0.00577	0.00350	0.00942
5	0.00845	0.00628	0.00788	0.00916	0.00997	0.00572	0.00623	0.00978	0.01390	0.01803	0.04526	0.60610	0.18587	0.02098	0.00877	0.00273	0.00394	0.01876	0.00648	0.00572
6	0.02012	0.26769	0.17075	0.01740	0.04401	0.22941	0.03497	0.06695	0.01712	0.01999	0.01127	0.01330	0.00925	0.00693	0.00669	0.00189	0.04489	0.00474	0.00345	0.00919
7	0.01552	0.08118	0.11726	0.01627	0.07624	0.06201	0.01319	0.06450	0.10191	0.03966	0.04094	0.19796	0.06119	0.01204	0.00852	0.00235	0.06555	0.00989	0.00515	0.00867
8	0.01835	0.01635	0.03941	0.03887	0.09512	0.03894	0.06157	0.23681	0.08807	0.02869	0.04536	0.09530	0.06317	0.01053	0.00912	0.00234	0.08829	0.00859	0.00555	0.00959
9	0.00845	0.00628	0.00788	0.00916	0.00997	0.00572	0.00623	0.00978	0.01390	0.01803	0.04526	0.60610	0.18587	0.02098	0.00877	0.00273	0.00394	0.01876	0.00648	0.00572
10	0.01321	0.01107	0.01313	0.01021	0.01518	0.00854	0.00789	0.01591	0.01424	0.02170	0.01790	0.16969	0.01789	0.00869	0.00596	0.00141	0.00493	0.00745	0.00463	0.63038
11	0.01765	0.07914	0.29746	0.04599	0.02839	0.09854	0.15638	0.08618	0.07949	0.02372	0.01429	0.01644	0.01066	0.00693	0.00686	0.00215	0.00995	0.00600	0.00390	0.00990
12	0.01805	0.02819	0.28219	0.02592	0.16996	0.18828	0.14363	0.02340	0.01651	0.02108	0.01252	0.01549	0.00966	0.00654	0.00690	0.00211	0.01071	0.00578	0.00332	0.00976
13	0.01017	0.00874	0.00891	0.00857	0.01127	0.00831	0.00651	0.01572	0.15994	0.02103	0.06177	0.05848	0.56344	0.01594	0.00801	0.00236	0.00395	0.01328	0.00661	0.00698
14	0.01802	0.01229	0.01483	0.01077	0.01681	0.00950	0.00869	0.02104	0.01563	0.16901	0.01559	0.01643	0.01180	0.00590	0.00556	0.00127	0.00533	0.00474	0.00508	0.63169
15	0.01119	0.00878	0.01032	0.00965	0.01189	0.00874	0.00732	0.01770	0.16235	0.02676	0.46094	0.04906	0.16070	0.01381	0.00799	0.00226	0.00380	0.01196	0.00736	0.00741

[dist]
# distance from previous block
# <min> <max>
1	15

[block]
# block no. 10 follows, 30 sequences, length 24
# corresponding to MSA columns:
# 492-515
name=unknown_K
#
# <colnr> <probs for GDERKNQSTAVLIFYWHMCP>
#	G	D	E	R	K	N	Q	S	T	A	V	L	I	F	Y	W	H	M	C	P
0	0.02005	0.01612	0.01971	0.07656	0.05809	0.01777	0.04941	0.31228	0.20250	0.03380	0.09991	0.02362	0.02033	0.00899	0.00722	0.00221	0.00699	0.00754	0.00640	0.01052
1	0.09916	0.01788	0.02175	0.01946	0.10226	0.05861	0.08740	0.27748	0.11113	0.10837	0.01771	0.01825	0.01287	0.00777	0.00683	0.00215	0.00779	0.00643	0.00593	0.01076
2	0.01144	0.09775	0.07647	0.01160	0.01422	0.01022	0.01035	0.01439	0.01552	0.02063	0.14628	0.18452	0.06239	0.05609	0.00974	0.00284	0.00583	0.23707	0.00582	0.00682
3	0.00958	0.00736	0.01016	0.01275	0.07352	0.00695	0.00824	0.01136	0.01420	0.01874	0.03978	0.52590	0.11975	0.01966	0.00874	0.00275	0.00465	0.09344	0.00620	0.00627
4	0.01271	0.01239	0.01089	0.01068	0.01268	0.15526	0.00796	0.01502	0.01766	0.02167	0.27755	0.16382	0.19026	0.01507	0.00802	0.00231	0.00556	0.04759	0.00631	0.00658
5	0.00927	0.00757	0.00828	0.00843	0.01045	0.00694	0.00619	0.01267	0.07703	0.02039	0.11792	0.20810	0.44669	0.01752	0.00828	0.00244	0.00380	0.01501	0.00664	0.00637
6	0.01429	0.01268	0.01713	0.01243	0.01832	0.01003	0.08736	0.01773	0.01518	0.02316	0.07504	0.01836	0.01535	0.00607	0.00580	0.00129	0.00577	0.00538	0.00438	0.63423
7	0.01454	0.12063	0.63884	0.01896	0.02877	0.01754	0.02416	0.02196	0.01467	0.02143	0.01219	0.01432	0.00885	0.00655	0.00638	0.00213	0.00998	0.00499	0.00295	0.01015
8	0.00914	0.00649	0.00830	0.00950	0.01006	0.00618	0.00649	0.01036	0.01314	0.01734	0.03661	0.49101	0.07674	0.17288	0.01446	0.00366	0.00485	0.09129	0.00601	0.00547
9	0.05282	0.01709	0.02216	0.02294	0.16166	0.08414	0.01602	0.01892	0.01264	0.01873	0.01015	0.01526	0.00946	0.01026	0.01723	0.00270	0.49032	0.00588	0.00324	0.00838
10	0.04335	0.10628	0.11778	0.06154	0.16283	0.21748	0.05182	0.07539	0.03501	0.02233	0.03427	0.01618	0.01175	0.00705	0.00647	0.00199	0.00955	0.00559	0.00388	0.00944
11	0.00997	0.00748	0.01121	0.01121	0.01246	0.00872	0.00872	0.01246	0.01121	0.01620	0.01869	0.02741	0.01745	0.05234	0.72710	0.01121	0.01869	0.00748	0.00374	0.00623
12	0.00887	0.00653	0.00834	0.00926	0.01028	0.00600	0.00654	0.01069	0.01519	0.02021	0.18163	0.47136	0.15052	0.01954	0.00870	0.00265	0.00392	0.04711	0.00672	0.00593
13	0.02461	0.01594	0.01943	0.01627	0.05702	0.01663	0.03891	0.34052	0.08957	0.21266	0.05945	0.02282	0.03551	0.00890	0.00715	0.00216	0.00687	0.00727	0.00712	0.01120
14	0.03770	0.13048	0.13456	0.05609	0.02434	0.12934	0.09977	0.08352	0.05521	0.08391	0.02830	0.01797	0.02692	0.00776	0.00759	0.00211	0.05448	0.00608	0.00443	0.00944
15	0.00896	0.00653	0.00797	0.00883	0.00964	0.00607	0.00596	0.01021	0.01361	0.01776	0.07532	0.41309	0.17044	0.17211	0.01427	0.00354	0.00456	0.03957	0.00607	0.00549
16	0.00980	0.00732	0.00821	0.00838	0.01041	0.00647	0.00619	0.01213	0.03605	0.05142	0.09368	0.22315	0.45046	0.01785	0.00834	0.00247	0.00388	0.03082	0.00666	0.00632
17	0.04848	0.01507	0.01582	0.01255	0.01739	0.04192	0.01013	0.29079	0.04323	0.09607	0.02796	0.02732	0.15612	0.00964	0.00679	0.00195	0.00623	0.00758	0.00627	0.15868
18	0.06207	0.11430	0.03905	0.01704	0.02213	0.06033	0.16552	0.14846	0.01891	0.10168	0.01763	0.10229	0.01515	0.00886	0.00745	0.00214	0.03438	0.00768	0.00507	0.04986
19	0.00924	0.00696	0.00860	0.00929	0.01050	0.00654	0.00654	0.01201	0.05240	0.02083	0.18912	0.43934	0.16513	0.01880	0.00855	0.00259	0.00387	0.01672	0.00677	0.00620
20	0.00942	0.00702	0.00829	0.00823	0.00968	0.00642	0.00589	0.01145	0.01610	0.02138	0.30889	0.09432	0.25101	0.16902	0.01397	0.00326	0.00425	0.03908	0.00649	0.00583
21	0.01847	0.14291	0.09598	0.07316	0.05301	0.17299	0.23410	0.02351	0.05287	0.02006	0.01294	0.01602	0.01025	0.00678	0.00742	0.00209	0.03872	0.00608	0.00354	0.00910
22	0.01899	0.02265	0.14526	0.06395	0.06343	0.15448	0.08542	0.08723	0.10218	0.04990	0.01516	0.01758	0.01171	0.00955	0.03465	0.00257	0.09527	0.00618	0.00433	0.00951
23	0.01869	0.01477	0.01610	0.04995	0.01880	0.03301	0.01082	0.30877	0.10330	0.03218	0.10273	0.06690	0.10202	0.01059	0.00721	0.00212	0.00623	0.00866	0.00645	0.08071

[dist]
# distance from previous block
# <min> <max>
1	18

[block]
# block no. 11 follows, 30 sequences, length 56
# corresponding to MSA columns:
# 534-589
name=unknown_L
#
# <colnr> <probs for GDERKNQSTAVLIFYWHMCP>
#	G	D	E	R	K	N	Q	S	T	A	V	L	I	F	Y	W	H	M	C	P
0	0.01857	0.14317	0.10842	0.01520	0.04134	0.01722	0.04008	0.19458	0.07949	0.06307	0.06101	0.06325	0.05753	0.00914	0.00672	0.00204	0.00702	0.00746	0.00545	0.05926
1	0.01685	0.07846	0.11109	0.01846	0.10394	0.13603	0.04101	0.06043	0.09467	0.02212	0.04006	0.11901	0.01846	0.01294	0.06440	0.00284	0.00899	0.00796	0.00459	0.03770
2	0.01864	0.01973	0.10704	0.02194	0.14283	0.07853	0.11708	0.14163	0.01933	0.05033	0.07028	0.01930	0.01518	0.00748	0.00742	0.00201	0.03207	0.00651	0.00466	0.11800
3	0.04892	0.06469	0.04203	0.04595	0.06195	0.01585	0.10439	0.12175	0.11048	0.02598	0.01637	0.02035	0.01340	0.03145	0.00777	0.00208	0.02235	0.03005	0.00476	0.20943
4	0.00985	0.00640	0.00803	0.00863	0.00878	0.00625	0.00536	0.00982	0.01117	0.01489	0.02652	0.30315	0.03096	0.36598	0.02433	0.13171	0.00564	0.01309	0.00487	0.00457
5	0.03660	0.05317	0.25654	0.08102	0.21949	0.04862	0.10766	0.02112	0.01517	0.02145	0.01356	0.04561	0.01121	0.00723	0.00738	0.00220	0.03243	0.00643	0.00339	0.00971
6	0.01223	0.01022	0.06772	0.01148	0.01381	0.00920	0.00957	0.01487	0.01219	0.07336	0.01911	0.02809	0.01754	0.13958	0.48719	0.00874	0.01481	0.00749	0.00416	0.03864
7	0.02059	0.49893	0.03026	0.01378	0.01894	0.21912	0.01229	0.02413	0.07126	0.01764	0.01152	0.01278	0.00997	0.00659	0.00519	0.00165	0.00871	0.00428	0.00349	0.00889
8	0.01055	0.00731	0.00907	0.00984	0.01128	0.00685	0.00715	0.01317	0.05172	0.06049	0.04420	0.45305	0.18792	0.01923	0.00862	0.00270	0.00436	0.07940	0.00664	0.00645
9	0.11324	0.07139	0.01983	0.01660	0.02018	0.52961	0.01286	0.04383	0.01818	0.01937	0.01064	0.01269	0.00892	0.00747	0.00731	0.00193	0.06956	0.00455	0.00369	0.00815
10	0.05035	0.09115	0.04452	0.03269	0.04043	0.09809	0.14303	0.05816	0.05570	0.07789	0.01578	0.05473	0.01337	0.02837	0.01055	0.00241	0.14510	0.00698	0.02183	0.00889
11	0.00997	0.00748	0.01121	0.01121	0.01246	0.00872	0.00872	0.01246	0.01121	0.01620	0.01869	0.02741	0.01745	0.05234	0.72710	0.01121	0.01869	0.00748	0.00374	0.00623
12	0.00916	0.00711	0.00834	0.00803	0.00999	0.00628	0.00602	0.01179	0.01807	0.02398	0.42850	0.05871	0.34738	0.01576	0.00824	0.00227	0.00340	0.01354	0.00716	0.00628
13	0.01639	0.07659	0.08296	0.16030	0.44254	0.01728	0.02005	0.02170	0.05501	0.02172	0.01356	0.01733	0.01099	0.00656	0.00672	0.00210	0.00841	0.00603	0.00352	0.01024
14	0.01400	0.03610	0.71860	0.01989	0.03020	0.01621	0.02578	0.02210	0.01473	0.02210	0.01252	0.01473	0.00884	0.00663	0.00663	0.00221	0.01031	0.00516	0.00295	0.01031
15	0.00870	0.00711	0.00779	0.00768	0.00982	0.00620	0.00577	0.01083	0.01645	0.02065	0.20352	0.06164	0.53115	0.01896	0.05004	0.00284	0.00436	0.01386	0.00658	0.00606
16	0.00993	0.00751	0.00933	0.01044	0.01141	0.00755	0.00721	0.01412	0.12367	0.01965	0.03684	0.63363	0.04215	0.01987	0.00862	0.00276	0.00429	0.01791	0.00658	0.00653
17	0.02236	0.01992	0.03999	0.09996	0.07927	0.16554	0.01418	0.17886	0.17063	0.11072	0.01845	0.01895	0.01354	0.00802	0.00685	0.00213	0.00833	0.00630	0.00565	0.01032
18	0.02286	0.15772	0.13514	0.01725	0.02234	0.49290	0.01520	0.02575	0.01801	0.01777	0.01088	0.01269	0.00896	0.00689	0.00604	0.00181	0.01134	0.00447	0.00339	0.00860
19	0.01644	0.03073	0.43985	0.02433	0.13931	0.11387	0.09335	0.02281	0.01579	0.02155	0.01255	0.01528	0.00940	0.00656	0.00680	0.00215	0.01045	0.00556	0.00318	0.01003
20	0.00943	0.00655	0.00823	0.00892	0.00923	0.00652	0.00570	0.01023	0.01164	0.01566	0.02862	0.34326	0.03331	0.36316	0.10283	0.00560	0.00697	0.01397	0.00513	0.00507
21	0.01593	0.01757	0.03666	0.02950	0.12830	0.01656	0.53900	0.02124	0.01634	0.02214	0.01850	0.02247	0.06636	0.00687	0.00805	0.00231	0.01062	0.00847	0.00375	0.00936
22	0.01081	0.00799	0.01093	0.01093	0.01228	0.00901	0.00838	0.01444	0.06648	0.01767	0.02154	0.03376	0.02064	0.13493	0.49319	0.00890	0.01449	0.06111	0.03614	0.00638
23	0.00926	0.00710	0.00831	0.00809	0.00989	0.00635	0.00599	0.01165	0.01728	0.02283	0.36966	0.05856	0.32809	0.07591	0.01049	0.00266	0.00376	0.03115	0.00687	0.00610
24	0.01850	0.62574	0.12147	0.01329	0.01967	0.06683	0.01377	0.02145	0.01457	0.01717	0.01012	0.01172	0.00894	0.00612	0.00485	0.00160	0.00812	0.00396	0.00302	0.00908
25	0.01815	0.01872	0.02599	0.12939	0.51382	0.13076	0.01987	0.02199	0.01626	0.02123	0.01266	0.01669	0.01049	0.00647	0.00682	0.00206	0.00911	0.00594	0.00343	0.01015
26	0.02018	0.18340	0.07573	0.01753	0.04053	0.04593	0.10580	0.14578	0.15046	0.07782	0.01683	0.01775	0.01277	0.00773	0.00750	0.00211	0.05072	0.00619	0.00504	0.01021
27	0.01388	0.11276	0.01739	0.01247	0.01510	0.01222	0.07471	0.01679	0.04033	0.07353	0.01888	0.02825	0.01760	0.20048	0.30762	0.00687	0.01211	0.00764	0.00426	0.00710
28	0.01156	0.00790	0.00898	0.00871	0.00930	0.00807	0.00552	0.06550	0.01246	0.01659	0.02276	0.04596	0.02545	0.63548	0.03114	0.00610	0.00681	0.06205	0.00463	0.00502
29	0.00842	0.00666	0.00758	0.00823	0.00975	0.00583	0.00584	0.01002	0.01501	0.01879	0.08307	0.34843	0.40919	0.01926	0.00852	0.00255	0.00374	0.01675	0.00653	0.00583
30	0.02120	0.07556	0.02671	0.05430	0.10129	0.25839	0.17902	0.05487	0.07809	0.06187	0.01464	0.01681	0.01131	0.00700	0.00688	0.00205	0.01018	0.00615	0.00425	0.00943
31	0.01429	0.03359	0.62494	0.02077	0.03037	0.01655	0.09069	0.02192	0.01475	0.02192	0.01255	0.01516	0.00903	0.00677	0.00741	0.00226	0.03842	0.00550	0.00301	0.01012
32	0.00887	0.00634	0.00852	0.01014	0.01070	0.00598	0.00712	0.01035	0.01372	0.01822	0.03826	0.66034	0.04535	0.02152	0.00900	0.00288	0.00437	0.10608	0.00647	0.00577
33	0.02089	0.08688	0.07372	0.02358	0.13521	0.34013	0.13030	0.02421	0.01720	0.01917	0.01165	0.01461	0.00959	0.00700	0.00767	0.00202	0.05828	0.00550	0.00343	0.00899
34	0.04859	0.01615	0.08707	0.36958	0.03411	0.01652	0.01679	0.17233	0.03287	0.04341	0.01547	0.06099	0.01242	0.00841	0.00754	0.00231	0.03513	0.00688	0.00445	0.00899
35	0.02047	0.01834	0.02060	0.14949	0.16777	0.17257	0.01530	0.11390	0.01850	0.10145	0.01511	0.01821	0.01176	0.01248	0.08784	0.00312	0.03311	0.00607	0.00451	0.00937
36	0.00874	0.00651	0.00820	0.00945	0.01043	0.00597	0.00673	0.01030	0.01423	0.01838	0.04561	0.52267	0.19583	0.02063	0.00884	0.00277	0.00419	0.08824	0.00647	0.00580
37	0.01512	0.02085	0.18242	0.06532	0.05002	0.03578	0.34900	0.02053	0.01542	0.02109	0.01596	0.05011	0.01374	0.03798	0.00944	0.00257	0.03586	0.04617	0.00367	0.00893
38	0.01933	0.01703	0.12884	0.04059	0.02011	0.01441	0.01309	0.25523	0.04548	0.12259	0.04602	0.18553	0.03788	0.01156	0.00744	0.00232	0.00680	0.00971	0.00631	0.00973
39	0.02189	0.02439	0.01848	0.01817	0.07477	0.40706	0.01312	0.09875	0.07356	0.02203	0.01984	0.02560	0.05825	0.00949	0.00699	0.00210	0.00986	0.08227	0.00475	0.00865
40	0.01692	0.01647	0.02691	0.14923	0.58673	0.03931	0.02085	0.02107	0.01572	0.02185	0.01294	0.01733	0.01072	0.00637	0.00690	0.00210	0.00858	0.00616	0.00340	0.01045
41	0.01380	0.08981	0.17044	0.01815	0.04954	0.01546	0.13448	0.01793	0.01507	0.02111	0.12894	0.09330	0.05351	0.01054	0.01006	0.00237	0.13400	0.00880	0.00435	0.00835
42	0.01483	0.16600	0.59603	0.01846	0.02799	0.01826	0.02329	0.02188	0.01463	0.02108	0.01202	0.01410	0.00886	0.00651	0.00624	0.00208	0.00980	0.00490	0.00295	0.01007
43	0.00831	0.00681	0.00734	0.00775	0.00961	0.00583	0.00561	0.00994	0.01525	0.01858	0.06234	0.24407	0.53687	0.01876	0.00842	0.00248	0.00367	0.01605	0.00648	0.00583
44	0.01271	0.00789	0.01057	0.01098	0.03715	0.00801	0.00718	0.07639	0.01269	0.01701	0.01936	0.17179	0.02085	0.12634	0.02197	0.41443	0.00600	0.00947	0.00430	0.00491
45	0.01516	0.02087	0.18857	0.12775	0.09065	0.04253	0.21518	0.02026	0.01462	0.02029	0.01304	0.01773	0.01036	0.01085	0.06766	0.00308	0.10253	0.00659	0.00329	0.00899
46	0.01421	0.06864	0.68789	0.01953	0.02965	0.01672	0.02516	0.02205	0.01471	0.02184	0.01240	0.01457	0.00884	0.00660	0.00653	0.00218	0.01018	0.00509	0.00295	0.01025
47	0.00968	0.00724	0.00913	0.01009	0.01159	0.00678	0.00798	0.01193	0.01541	0.01974	0.08364	0.21642	0.23305	0.04875	0.01005	0.00297	0.00493	0.27815	0.00643	0.00603
48	0.01867	0.02549	0.28348	0.02303	0.16647	0.11110	0.04354	0.04466	0.08583	0.09104	0.01683	0.01824	0.02544	0.00735	0.00683	0.00214	0.00913	0.00608	0.00433	0.01032
49	0.04276	0.08048	0.16131	0.03510	0.02297	0.15784	0.01524	0.25059	0.04197	0.05976	0.01447	0.01546	0.01072	0.00738	0.00641	0.00197	0.00885	0.00540	0.00494	0.05638
50	0.01510	0.01472	0.02177	0.32732	0.26434	0.07275	0.01787	0.01900	0.01464	0.01919	0.01353	0.01908	0.01118	0.01404	0.12282	0.00363	0.01074	0.00627	0.00336	0.00865
