[name]
unknown

[dist]
# distance from previous block
# <min> <max>
0	7

[block]
# block no. 0 follows, 33 sequences, length 20
# corresponding to MSA columns:
# 7-26
name=unknown_A
#
# <colnr> <probs for GDERKNQSTAVLIFYWHMCP>
#	G	D	E	R	K	N	Q	S	T	A	V	L	I	F	Y	W	H	M	C	P
0	0.04172	0.04056	0.01312	0.01165	0.01433	0.10694	0.00909	0.13028	0.05870	0.02253	0.02926	0.23930	0.10450	0.01356	0.00727	0.00227	0.00599	0.10501	0.00559	0.03832
1	0.21067	0.11236	0.04786	0.06471	0.07389	0.09174	0.09183	0.05646	0.01459	0.02225	0.01311	0.06938	0.01161	0.00882	0.03390	0.00225	0.00787	0.00590	0.00382	0.05699
2	0.02465	0.02965	0.01880	0.01672	0.02036	0.64607	0.01269	0.11677	0.02029	0.01949	0.01093	0.01240	0.00884	0.00693	0.00602	0.00173	0.01126	0.00446	0.00382	0.00811
3	0.01435	0.01211	0.01402	0.01008	0.01590	0.00949	0.00809	0.05871	0.01471	0.02268	0.01195	0.01378	0.00984	0.00506	0.00498	0.00104	0.00502	0.00402	0.00406	0.76010
4	0.00957	0.00638	0.00718	0.00718	0.00718	0.00638	0.00399	0.00957	0.00957	0.01276	0.02074	0.04308	0.02393	0.76864	0.03351	0.00638	0.00638	0.00957	0.00399	0.00399
5	0.01020	0.00718	0.00926	0.00987	0.01159	0.00673	0.00806	0.01272	0.01562	0.04756	0.16030	0.13091	0.20523	0.01686	0.00839	0.00260	0.00468	0.31979	0.00636	0.00610
6	0.02360	0.09882	0.02027	0.01576	0.01987	0.45135	0.01241	0.19934	0.05737	0.02311	0.01237	0.01341	0.00977	0.00707	0.00598	0.00177	0.00988	0.00477	0.00432	0.00876
7	0.02459	0.03138	0.01866	0.01696	0.02035	0.74221	0.01272	0.02629	0.01866	0.01611	0.01018	0.01187	0.00848	0.00678	0.00594	0.00170	0.01187	0.00424	0.00339	0.00763
8	0.01624	0.01402	0.01482	0.01322	0.01704	0.01600	0.01029	0.03406	0.68066	0.02724	0.02604	0.02402	0.01958	0.00873	0.00661	0.00217	0.00519	0.00727	0.00656	0.05024
9	0.01365	0.01170	0.01365	0.00975	0.01560	0.00878	0.00780	0.01658	0.01365	0.02145	0.01170	0.01365	0.00975	0.00488	0.00488	0.00098	0.00488	0.00390	0.00390	0.80888
10	0.02235	0.01852	0.02038	0.01775	0.08266	0.08793	0.04187	0.46999	0.04594	0.03428	0.05157	0.01748	0.01361	0.00797	0.00721	0.00200	0.03629	0.00618	0.00575	0.01026
11	0.02455	0.01698	0.01862	0.01440	0.01955	0.01836	0.01184	0.54818	0.07801	0.12598	0.01771	0.01718	0.01242	0.00790	0.00654	0.00197	0.00681	0.00605	0.00669	0.04027
12	0.02503	0.01844	0.01976	0.01515	0.02042	0.02042	0.01251	0.70562	0.03095	0.04149	0.01581	0.01581	0.01120	0.00790	0.00659	0.00198	0.00724	0.00593	0.00659	0.01120
13	0.01365	0.01170	0.01365	0.00975	0.01560	0.00878	0.00780	0.01658	0.01365	0.02145	0.01170	0.01365	0.00975	0.00488	0.00488	0.00098	0.00488	0.00390	0.00390	0.80888
14	0.01145	0.00827	0.01155	0.01060	0.01270	0.00787	0.05905	0.04061	0.04153	0.07210	0.21934	0.27982	0.13624	0.01643	0.03861	0.00266	0.00500	0.01315	0.00628	0.00672
15	0.01629	0.01564	0.02672	0.04041	0.72757	0.01564	0.02020	0.02020	0.01499	0.02151	0.01238	0.01629	0.01043	0.00587	0.00652	0.00196	0.00782	0.00587	0.00326	0.01043
16	0.22586	0.03276	0.01954	0.10424	0.14565	0.08255	0.07186	0.08901	0.03474	0.04271	0.01221	0.01467	0.00951	0.00648	0.00616	0.00196	0.02592	0.00515	0.00403	0.06498
17	0.01839	0.01478	0.02102	0.13169	0.16677	0.01573	0.06639	0.22642	0.04635	0.07170	0.04236	0.01852	0.01323	0.00873	0.03238	0.00230	0.03109	0.00628	0.00485	0.06102
18	0.01641	0.23894	0.12624	0.01963	0.06112	0.06224	0.23824	0.02214	0.08492	0.01982	0.01296	0.01525	0.01026	0.00607	0.00614	0.00187	0.00878	0.00565	0.00347	0.03984
19	0.14497	0.04432	0.04257	0.06030	0.09231	0.07736	0.01160	0.14912	0.05865	0.06951	0.05392	0.07622	0.05261	0.00877	0.00624	0.00202	0.00658	0.00702	0.00506	0.03086

[dist]
# distance from previous block
# <min> <max>
11	53

[block]
# block no. 1 follows, 33 sequences, length 7
# corresponding to MSA columns:
# 87-93
name=unknown_B
#
# <colnr> <probs for GDERKNQSTAVLIFYWHMCP>
#	G	D	E	R	K	N	Q	S	T	A	V	L	I	F	Y	W	H	M	C	P
0	0.02302	0.01738	0.01742	0.01417	0.01857	0.10061	0.01135	0.41644	0.08450	0.11832	0.01944	0.09441	0.01561	0.00921	0.00671	0.00204	0.00705	0.00727	0.00637	0.01011
1	0.10416	0.01647	0.01850	0.01418	0.01933	0.01756	0.05135	0.48190	0.02525	0.03562	0.01692	0.01740	0.04450	0.00765	0.00625	0.00189	0.00679	0.00593	0.00580	0.10254
2	0.01094	0.00795	0.01087	0.01047	0.01228	0.00756	0.05088	0.03659	0.05260	0.06333	0.11512	0.42513	0.13746	0.01647	0.00794	0.00243	0.00443	0.01478	0.00624	0.00653
3	0.01027	0.00860	0.01286	0.01229	0.01380	0.00877	0.08724	0.01390	0.08595	0.01886	0.05964	0.50261	0.03578	0.01676	0.00893	0.00258	0.04905	0.03996	0.00571	0.00645
4	0.02385	0.01554	0.01742	0.01380	0.01851	0.01662	0.01123	0.44528	0.09428	0.18417	0.02057	0.07414	0.01557	0.00901	0.00674	0.00207	0.00644	0.00718	0.00689	0.01068
5	0.02503	0.01844	0.01976	0.01515	0.02042	0.02042	0.01251	0.70562	0.03095	0.04149	0.01581	0.01581	0.01120	0.00790	0.00659	0.00198	0.00724	0.00593	0.00659	0.01120
6	0.01365	0.01170	0.01365	0.00975	0.01560	0.00878	0.00780	0.01658	0.01365	0.02145	0.01170	0.01365	0.00975	0.00488	0.00488	0.00098	0.00488	0.00390	0.00390	0.80888

[dist]
# distance from previous block
# <min> <max>
7	62

[block]
# block no. 2 follows, 33 sequences, length 28
# corresponding to MSA columns:
# 159-186
name=unknown_C
#
# <colnr> <probs for GDERKNQSTAVLIFYWHMCP>
#	G	D	E	R	K	N	Q	S	T	A	V	L	I	F	Y	W	H	M	C	P
0	0.06618	0.01272	0.01398	0.04604	0.01645	0.07551	0.03999	0.08892	0.14142	0.06089	0.22848	0.03287	0.08791	0.01148	0.02660	0.00233	0.00602	0.02823	0.00599	0.00799
1	0.13202	0.05817	0.01388	0.04422	0.03789	0.03082	0.04015	0.01831	0.10296	0.05896	0.21091	0.03464	0.17062	0.01062	0.00667	0.00207	0.00508	0.00887	0.00564	0.00747
2	0.00943	0.00696	0.01009	0.01009	0.01109	0.00796	0.00761	0.01144	0.01043	0.01492	0.01808	0.02836	0.01754	0.15355	0.63986	0.00997	0.01600	0.00742	0.00359	0.00560
3	0.17034	0.01574	0.01493	0.01275	0.01694	0.10233	0.01013	0.09631	0.28138	0.18110	0.02024	0.01911	0.01457	0.00787	0.00609	0.00206	0.00627	0.00601	0.00611	0.00972
4	0.01760	0.77260	0.03450	0.01126	0.01690	0.02605	0.01126	0.01971	0.01338	0.01549	0.00915	0.01056	0.00845	0.00563	0.00422	0.00141	0.00704	0.00352	0.00282	0.00845
5	0.01243	0.01170	0.01975	0.75282	0.04534	0.01463	0.01828	0.01682	0.01316	0.01682	0.01170	0.01755	0.00878	0.00658	0.00658	0.00219	0.00878	0.00585	0.00293	0.00731
6	0.00942	0.00654	0.00821	0.00830	0.00867	0.00686	0.00537	0.01019	0.01006	0.01376	0.02084	0.08463	0.02301	0.50979	0.23943	0.00737	0.00951	0.00943	0.00399	0.00463
7	0.00818	0.00647	0.00744	0.00811	0.00965	0.00572	0.00601	0.00983	0.01424	0.01768	0.05311	0.29393	0.42348	0.01814	0.00813	0.00246	0.00380	0.09197	0.00611	0.00555
8	0.01365	0.01170	0.01365	0.00975	0.01560	0.00878	0.00780	0.01658	0.01365	0.02145	0.01170	0.01365	0.00975	0.00488	0.00488	0.00098	0.00488	0.00390	0.00390	0.80888
9	0.02226	0.02354	0.01910	0.01834	0.09035	0.37765	0.01310	0.14695	0.11975	0.04373	0.01415	0.01527	0.01106	0.00749	0.00708	0.00192	0.04938	0.00531	0.00453	0.00902
10	0.01243	0.01170	0.01975	0.75282	0.04534	0.01463	0.01828	0.01682	0.01316	0.01682	0.01170	0.01755	0.00878	0.00658	0.00658	0.00219	0.00878	0.00585	0.00293	0.00731
11	0.01637	0.01414	0.01489	0.01340	0.01712	0.01637	0.01042	0.03498	0.71568	0.02754	0.02679	0.02456	0.02010	0.00893	0.00670	0.00223	0.00521	0.00744	0.00670	0.01042
12	0.07883	0.31569	0.22581	0.01409	0.02044	0.10233	0.01474	0.06141	0.01543	0.07885	0.01180	0.01294	0.00913	0.00631	0.00532	0.00176	0.00810	0.00438	0.00363	0.00900
13	0.00933	0.00723	0.00873	0.00934	0.01110	0.00680	0.00746	0.01232	0.04763	0.01948	0.10259	0.15002	0.31361	0.01707	0.00827	0.00255	0.00442	0.24985	0.00621	0.00599
14	0.07695	0.60502	0.03035	0.01185	0.01711	0.10148	0.01117	0.05029	0.01455	0.01772	0.00955	0.01094	0.00848	0.00589	0.00450	0.00151	0.00742	0.00371	0.00313	0.00838
15	0.00816	0.00587	0.00770	0.00901	0.00949	0.00554	0.00604	0.00932	0.01246	0.01656	0.03601	0.65921	0.07292	0.06199	0.04328	0.00321	0.00457	0.01747	0.00588	0.00531
16	0.02249	0.02773	0.01955	0.07304	0.08778	0.58992	0.01390	0.02457	0.01754	0.01665	0.01043	0.01281	0.00869	0.00689	0.00672	0.00181	0.04373	0.00458	0.00332	0.00785
17	0.02243	0.01558	0.01713	0.01390	0.01854	0.01707	0.01123	0.33466	0.29358	0.15070	0.02174	0.02029	0.01548	0.00834	0.00664	0.00209	0.00619	0.00663	0.00689	0.01090
18	0.00881	0.00680	0.00814	0.00841	0.01015	0.00613	0.00655	0.01112	0.01591	0.02060	0.24965	0.11434	0.34460	0.01633	0.00808	0.00237	0.00384	0.14590	0.00643	0.00583
19	0.05149	0.01109	0.01294	0.04537	0.06399	0.03621	0.00933	0.10320	0.06788	0.09420	0.16668	0.08345	0.14799	0.03610	0.00799	0.00230	0.00532	0.04062	0.00604	0.00781
20	0.02503	0.01844	0.01976	0.01515	0.02042	0.02042	0.01251	0.70562	0.03095	0.04149	0.01581	0.01581	0.01120	0.00790	0.00659	0.00198	0.00724	0.00593	0.00659	0.01120
21	0.00794	0.00657	0.00696	0.00708	0.00905	0.00559	0.00523	0.00968	0.01507	0.01845	0.12207	0.13697	0.59301	0.01681	0.00785	0.00226	0.00337	0.01423	0.00621	0.00559
22	0.43720	0.01388	0.01374	0.07110	0.01785	0.01557	0.00974	0.18246	0.04934	0.11219	0.01368	0.01444	0.00987	0.00693	0.00528	0.00204	0.00596	0.00484	0.00516	0.00872
23	0.02365	0.02075	0.01859	0.04097	0.02045	0.20567	0.01226	0.46139	0.02604	0.03297	0.01457	0.01542	0.01078	0.00755	0.00629	0.00188	0.00822	0.00550	0.05722	0.00981
24	0.01914	0.01596	0.01603	0.01357	0.01763	0.07492	0.01088	0.29073	0.25213	0.03057	0.04130	0.02654	0.06409	0.00951	0.00680	0.00210	0.00642	0.05653	0.00621	0.03894
25	0.02059	0.01522	0.01666	0.01400	0.04034	0.10152	0.04246	0.19265	0.06011	0.17993	0.10417	0.02492	0.07593	0.00881	0.00667	0.00193	0.00654	0.00722	0.00610	0.07424
26	0.02105	0.01884	0.01731	0.01604	0.07052	0.20818	0.01168	0.30517	0.02241	0.05904	0.02001	0.13257	0.04851	0.00983	0.00674	0.00202	0.00773	0.00784	0.00547	0.00903
27	0.01038	0.04300	0.01068	0.02795	0.01220	0.00816	0.00728	0.03697	0.04619	0.02054	0.15970	0.31235	0.14466	0.01514	0.00752	0.00224	0.00427	0.04429	0.00592	0.08057

[dist]
# distance from previous block
# <min> <max>
0	11

[block]
# block no. 3 follows, 33 sequences, length 41
# corresponding to MSA columns:
# 198-238
name=unknown_D
#
# <colnr> <probs for GDERKNQSTAVLIFYWHMCP>
#	G	D	E	R	K	N	Q	S	T	A	V	L	I	F	Y	W	H	M	C	P
0	0.05555	0.01445	0.01497	0.01433	0.07873	0.11339	0.01005	0.06978	0.11721	0.09723	0.01719	0.02110	0.01428	0.10419	0.09152	0.00331	0.00802	0.00609	0.00480	0.14381
1	0.01446	0.07129	0.01496	0.01355	0.07930	0.03138	0.00944	0.12351	0.01666	0.05600	0.07884	0.27551	0.05048	0.04477	0.00862	0.00232	0.02919	0.01081	0.00543	0.06346
2	0.03424	0.04701	0.07346	0.01438	0.04488	0.11384	0.04415	0.14227	0.03943	0.05571	0.03180	0.05032	0.03213	0.05242	0.00771	0.00201	0.00715	0.00625	0.00464	0.19619
3	0.01776	0.01430	0.01496	0.01163	0.01655	0.07593	0.00925	0.15755	0.04043	0.08112	0.05702	0.04709	0.01521	0.00718	0.00582	0.00150	0.00589	0.00573	0.00510	0.40996
4	0.02383	0.01811	0.01806	0.01434	0.01904	0.10223	0.01163	0.48036	0.04717	0.10689	0.05904	0.01941	0.03258	0.00837	0.00662	0.00197	0.00722	0.00639	0.00640	0.01033
5	0.09189	0.07827	0.05921	0.01389	0.03961	0.13481	0.01127	0.19564	0.09743	0.02639	0.06961	0.07265	0.06383	0.00918	0.00634	0.00200	0.00694	0.00718	0.00519	0.00869
6	0.02057	0.01645	0.01682	0.01394	0.01824	0.05038	0.01115	0.34942	0.31866	0.03341	0.02054	0.01986	0.01518	0.00827	0.00648	0.00204	0.00634	0.00650	0.05532	0.01040
7	0.04295	0.31785	0.39510	0.01509	0.02276	0.01909	0.01779	0.02105	0.01391	0.06256	0.01156	0.01302	0.00883	0.00612	0.00542	0.00182	0.00828	0.00441	0.00317	0.00924
8	0.05883	0.50676	0.02840	0.01289	0.01776	0.24638	0.01151	0.02172	0.01490	0.01637	0.00947	0.01097	0.00839	0.00601	0.00474	0.00153	0.00844	0.00374	0.00306	0.00813
9	0.01510	0.01674	0.03454	0.09322	0.03309	0.01694	0.54674	0.01998	0.01458	0.01998	0.01253	0.01728	0.00969	0.00646	0.00954	0.00231	0.11222	0.00732	0.00323	0.00851
10	0.00860	0.00635	0.00793	0.00825	0.00943	0.00580	0.00585	0.01060	0.01541	0.02079	0.32851	0.30454	0.17233	0.05356	0.00925	0.00252	0.00356	0.01456	0.00648	0.00568
11	0.01290	0.03238	0.69163	0.01820	0.02737	0.01470	0.02325	0.02016	0.01382	0.02061	0.01326	0.05819	0.01042	0.00710	0.00638	0.00212	0.00938	0.00568	0.00298	0.00947
12	0.01000	0.00699	0.00884	0.00900	0.00993	0.00703	0.00626	0.05191	0.01317	0.01775	0.09687	0.26999	0.08069	0.17920	0.12426	0.07883	0.00669	0.01209	0.00513	0.00537
13	0.01474	0.01848	0.11444	0.15549	0.05595	0.01611	0.48482	0.02028	0.01491	0.02032	0.01283	0.01724	0.00960	0.00582	0.00735	0.00219	0.01044	0.00704	0.00319	0.00874
14	0.01469	0.01400	0.02382	0.33698	0.44357	0.01522	0.01940	0.01880	0.01423	0.01956	0.01210	0.01682	0.00974	0.00616	0.00654	0.00205	0.00822	0.00586	0.00312	0.00913
15	0.01333	0.03333	0.70668	0.01962	0.05600	0.01530	0.02416	0.02082	0.01394	0.02087	0.01184	0.01399	0.00842	0.00624	0.00626	0.00208	0.00965	0.00490	0.00280	0.00976
16	0.01270	0.01235	0.02184	0.53386	0.08064	0.01415	0.11979	0.01697	0.01373	0.01780	0.01624	0.03985	0.05713	0.00741	0.00688	0.00220	0.00858	0.00700	0.00330	0.00756
17	0.01462	0.02149	0.22009	0.02313	0.02968	0.03826	0.41290	0.02006	0.01468	0.02027	0.01412	0.06757	0.01173	0.00716	0.00817	0.00224	0.05426	0.00752	0.00335	0.00873
18	0.02818	0.01189	0.01548	0.01193	0.01694	0.01079	0.00984	0.11108	0.02013	0.62334	0.02630	0.02317	0.04238	0.00844	0.00666	0.00204	0.00571	0.00681	0.00789	0.01099
19	0.01469	0.04327	0.01955	0.03538	0.01771	0.06742	0.01375	0.01639	0.01120	0.01608	0.01087	0.01838	0.01079	0.01307	0.05313	0.00310	0.57788	0.04707	0.00314	0.00715
20	0.01463	0.02660	0.46334	0.08079	0.04956	0.01545	0.11416	0.02084	0.01411	0.06349	0.01265	0.01535	0.00917	0.00668	0.00766	0.00216	0.06525	0.00554	0.00321	0.00934
21	0.01614	0.01409	0.01590	0.05869	0.06223	0.01623	0.01148	0.03301	0.63137	0.02654	0.02502	0.02364	0.01884	0.00861	0.00668	0.00221	0.00558	0.00725	0.00627	0.01024
22	0.00956	0.00645	0.00754	0.00754	0.00767	0.00658	0.00444	0.00981	0.00968	0.01303	0.02041	0.04125	0.02314	0.69215	0.10891	0.00683	0.00758	0.00931	0.00394	0.00419
23	0.01834	0.69377	0.03281	0.01187	0.01726	0.10221	0.01142	0.02041	0.01394	0.01555	0.00926	0.01070	0.00845	0.00575	0.00441	0.00144	0.00755	0.00360	0.00288	0.00836
24	0.02080	0.01229	0.01428	0.01211	0.01624	0.01272	0.00963	0.03148	0.37470	0.30605	0.03015	0.02729	0.08362	0.00934	0.00677	0.00215	0.00519	0.00771	0.00722	0.01028
25	0.00861	0.00651	0.00795	0.00800	0.00951	0.00585	0.00584	0.01091	0.01637	0.02198	0.39587	0.19845	0.24846	0.01584	0.00790	0.00224	0.00332	0.01386	0.00669	0.00585
26	0.00802	0.00573	0.00764	0.00917	0.00955	0.00535	0.00611	0.00917	0.01260	0.01681	0.03628	0.76434	0.04354	0.02062	0.00840	0.00267	0.00382	0.01872	0.00611	0.00535
27	0.01629	0.01564	0.02672	0.04041	0.72757	0.01564	0.02020	0.02020	0.01499	0.02151	0.01238	0.01629	0.01043	0.00587	0.00652	0.00196	0.00782	0.00587	0.00326	0.01043
28	0.02459	0.03138	0.01866	0.01696	0.02035	0.74221	0.01272	0.02629	0.01866	0.01611	0.01018	0.01187	0.00848	0.00678	0.00594	0.00170	0.01187	0.00424	0.00339	0.00763
29	0.01320	0.03405	0.73453	0.01876	0.02849	0.01529	0.02432	0.02085	0.01390	0.02085	0.01181	0.01390	0.00834	0.00625	0.00625	0.00208	0.00973	0.00486	0.00278	0.00973
30	0.00797	0.00594	0.00742	0.00860	0.00940	0.00539	0.00586	0.00923	0.01315	0.01703	0.04317	0.60549	0.19794	0.01973	0.00826	0.00257	0.00371	0.01762	0.00611	0.00539
31	0.00957	0.00638	0.00718	0.00718	0.00718	0.00638	0.00399	0.00957	0.00957	0.01276	0.02074	0.04308	0.02393	0.76864	0.03351	0.00638	0.00638	0.00957	0.00399	0.00399
32	0.81514	0.01273	0.00968	0.00866	0.01273	0.01477	0.00713	0.01935	0.01120	0.02954	0.00917	0.01069	0.00713	0.00611	0.00407	0.00204	0.00509	0.00356	0.00407	0.00713
33	0.01422	0.20524	0.57227	0.01703	0.02581	0.01778	0.02130	0.02059	0.01378	0.01961	0.01120	0.01313	0.00836	0.00611	0.00578	0.00193	0.00911	0.00455	0.00279	0.00943
34	0.01278	0.01135	0.01880	0.06343	0.32319	0.01144	0.04801	0.01595	0.01418	0.01952	0.02214	0.18514	0.02302	0.01406	0.05249	0.00287	0.00745	0.14179	0.00441	0.00799
35	0.00800	0.00580	0.00757	0.00898	0.00950	0.00536	0.00603	0.00919	0.01278	0.01688	0.03855	0.71204	0.09438	0.02033	0.00836	0.00264	0.00378	0.01836	0.00611	0.00536
36	0.02024	0.01657	0.01728	0.01418	0.01816	0.11769	0.05269	0.32126	0.06122	0.07301	0.06720	0.10375	0.04719	0.00980	0.00685	0.00205	0.00700	0.00807	0.02661	0.00917
37	0.01605	0.01568	0.02293	0.20202	0.34654	0.07521	0.05354	0.04411	0.08008	0.02107	0.01463	0.01989	0.01212	0.00705	0.00670	0.00208	0.00821	0.03916	0.00376	0.00919
38	0.01790	0.74113	0.03382	0.01151	0.01704	0.05645	0.01133	0.01999	0.01360	0.01552	0.00920	0.01062	0.00845	0.00568	0.00430	0.00142	0.00725	0.00355	0.00284	0.00841
39	0.02124	0.01341	0.01576	0.05782	0.01862	0.01402	0.01055	0.23898	0.14878	0.21959	0.02338	0.06035	0.04423	0.03938	0.00776	0.00223	0.00606	0.00741	0.00654	0.04388
40	0.01660	0.14732	0.01685	0.01200	0.01520	0.22558	0.00964	0.05264	0.04486	0.03867	0.15966	0.05858	0.11651	0.01054	0.00659	0.00195	0.00692	0.04739	0.00506	0.00742

[dist]
# distance from previous block
# <min> <max>
2	5

[block]
# block no. 4 follows, 33 sequences, length 15
# corresponding to MSA columns:
# 244-258
name=unknown_E
#
# <colnr> <probs for GDERKNQSTAVLIFYWHMCP>
#	G	D	E	R	K	N	Q	S	T	A	V	L	I	F	Y	W	H	M	C	P
0	0.06307	0.02168	0.08573	0.01532	0.02041	0.16039	0.01316	0.39984	0.10106	0.03245	0.01520	0.01556	0.01117	0.00755	0.00631	0.00196	0.00805	0.00554	0.00549	0.01007
1	0.00824	0.00707	0.00798	0.07706	0.01237	0.00639	0.00634	0.01012	0.01464	0.01761	0.05907	0.11540	0.60277	0.01604	0.00772	0.00226	0.00389	0.01352	0.00581	0.00571
2	0.04856	0.44334	0.24563	0.01383	0.02061	0.02177	0.01521	0.08724	0.01517	0.02023	0.01062	0.01210	0.00863	0.00606	0.00507	0.00170	0.00780	0.00417	0.00322	0.00906
3	0.01456	0.01330	0.02146	0.50889	0.21013	0.01542	0.01821	0.08244	0.01528	0.02029	0.01225	0.01708	0.00941	0.00653	0.00657	0.00211	0.00840	0.00586	0.00335	0.00844
4	0.00778	0.00667	0.00667	0.00667	0.00889	0.00556	0.00500	0.00945	0.01501	0.01778	0.06669	0.06336	0.72490	0.01667	0.00778	0.00222	0.00333	0.01389	0.00611	0.00556
5	0.01514	0.01513	0.02739	0.05667	0.34952	0.01559	0.21389	0.01983	0.04459	0.02044	0.01344	0.01787	0.01109	0.01048	0.07733	0.00294	0.06948	0.00658	0.00341	0.00919
6	0.01850	0.02002	0.01545	0.01407	0.01647	0.36288	0.01072	0.07383	0.01601	0.01781	0.01320	0.01784	0.01169	0.04665	0.19113	0.04841	0.06186	0.00551	0.03095	0.00701
7	0.01876	0.01481	0.01584	0.01364	0.01773	0.01678	0.01078	0.16360	0.54597	0.06886	0.02464	0.02276	0.01818	0.00869	0.00667	0.00217	0.00562	0.00711	0.00676	0.01061
8	0.01780	0.01573	0.08934	0.25283	0.12532	0.01508	0.01576	0.13271	0.09695	0.11683	0.01605	0.01801	0.01166	0.00707	0.00649	0.00205	0.00751	0.00597	0.00470	0.04214
9	0.01972	0.04339	0.01725	0.01294	0.01802	0.04356	0.01051	0.28522	0.15787	0.05722	0.01662	0.01676	0.01248	0.00705	0.00597	0.00169	0.00622	0.00547	0.00558	0.25645
10	0.04992	0.01365	0.01674	0.06493	0.05524	0.01465	0.03480	0.25768	0.11758	0.07667	0.02038	0.11035	0.01749	0.01099	0.03331	0.00242	0.00677	0.03247	0.02007	0.04388
11	0.01553	0.01637	0.11342	0.10086	0.04179	0.05379	0.01288	0.11762	0.16208	0.03817	0.07382	0.04234	0.08277	0.03070	0.00800	0.00222	0.03376	0.00749	0.00510	0.04131
12	0.03171	0.01152	0.01463	0.13331	0.01950	0.03940	0.03541	0.09241	0.03069	0.08218	0.09437	0.08904	0.05588	0.09639	0.04050	0.00291	0.04369	0.00834	0.00501	0.07310
13	0.08410	0.09549	0.15691	0.04247	0.02034	0.03236	0.05778	0.09448	0.08121	0.02303	0.01516	0.01785	0.02739	0.03796	0.03756	0.00242	0.03840	0.00562	0.02578	0.10371
14	0.08378	0.02021	0.18054	0.01557	0.05557	0.08387	0.01385	0.21739	0.06197	0.05493	0.03157	0.03657	0.02850	0.05695	0.02799	0.00253	0.00789	0.00630	0.00485	0.00914

[dist]
# distance from previous block
# <min> <max>
10	122

[block]
# block no. 5 follows, 33 sequences, length 15
# corresponding to MSA columns:
# 389-403
name=unknown_F
#
# <colnr> <probs for GDERKNQSTAVLIFYWHMCP>
#	G	D	E	R	K	N	Q	S	T	A	V	L	I	F	Y	W	H	M	C	P
0	0.05709	0.03550	0.06043	0.01244	0.01532	0.06041	0.01020	0.16621	0.06074	0.03853	0.02136	0.19115	0.03617	0.09996	0.03412	0.00299	0.07536	0.00921	0.00509	0.00771
1	0.01870	0.04751	0.05485	0.03894	0.01999	0.01651	0.05464	0.35434	0.05835	0.03010	0.01858	0.08928	0.03449	0.01095	0.04253	0.00244	0.03089	0.00732	0.00541	0.06417
2	0.01607	0.11018	0.06181	0.01191	0.01660	0.06102	0.01024	0.15450	0.06972	0.02388	0.02186	0.09319	0.09487	0.00896	0.00610	0.00175	0.00612	0.00718	0.00487	0.21917
3	0.01740	0.04094	0.01808	0.01463	0.01828	0.17715	0.07262	0.10573	0.14502	0.02310	0.07133	0.07325	0.04391	0.00916	0.00767	0.00200	0.06153	0.00735	0.00495	0.08591
4	0.04516	0.02017	0.15542	0.01574	0.02161	0.01773	0.05054	0.45092	0.02455	0.03389	0.01586	0.06235	0.01245	0.00811	0.00656	0.00202	0.00756	0.00648	0.00549	0.03741
5	0.04220	0.01326	0.03679	0.01202	0.01617	0.01290	0.00982	0.22506	0.09445	0.19301	0.05410	0.08768	0.05317	0.05733	0.00837	0.00231	0.00579	0.00799	0.00640	0.06117
6	0.01365	0.01170	0.01365	0.00975	0.01560	0.00878	0.00780	0.01658	0.01365	0.02145	0.01170	0.01365	0.00975	0.00488	0.00488	0.00098	0.00488	0.00390	0.00390	0.80888
7	0.01736	0.01093	0.01392	0.10408	0.01831	0.01135	0.00994	0.09778	0.13608	0.19243	0.27631	0.03114	0.03204	0.00998	0.00704	0.00209	0.00521	0.00850	0.00675	0.00877
8	0.01656	0.01508	0.01575	0.01407	0.01731	0.05519	0.01104	0.03212	0.59036	0.02547	0.02364	0.02262	0.01805	0.00914	0.00853	0.00229	0.09980	0.00706	0.00605	0.00987
9	0.01415	0.10713	0.01627	0.00994	0.01576	0.01094	0.00824	0.01697	0.01362	0.02070	0.01138	0.01326	0.00959	0.00497	0.00479	0.00103	0.00515	0.00385	0.00376	0.70849
10	0.01558	0.01440	0.02077	0.45600	0.14110	0.05099	0.01721	0.11946	0.01614	0.02107	0.01215	0.01664	0.00936	0.00699	0.00747	0.00214	0.05486	0.00578	0.00354	0.00836
11	0.01328	0.10734	0.02196	0.62283	0.07719	0.01611	0.01750	0.01736	0.01329	0.01690	0.01142	0.01661	0.00882	0.00643	0.00628	0.00208	0.00851	0.00556	0.00293	0.00762
12	0.07593	0.00978	0.00978	0.01012	0.01170	0.07706	0.00725	0.05614	0.01462	0.04307	0.03249	0.50396	0.08993	0.01662	0.00760	0.00243	0.00492	0.01453	0.00579	0.00628
13	0.01499	0.01510	0.01369	0.01269	0.01431	0.18603	0.00943	0.01925	0.13912	0.01775	0.03841	0.11899	0.03835	0.18279	0.01551	0.00321	0.14042	0.00857	0.00454	0.00685
14	0.01593	0.01332	0.01542	0.01537	0.10414	0.05848	0.01043	0.11187	0.11061	0.04398	0.01749	0.02472	0.01572	0.17116	0.05188	0.00332	0.05365	0.02760	0.00466	0.13024

[dist]
# distance from previous block
# <min> <max>
1	16

[block]
# block no. 6 follows, 33 sequences, length 25
# corresponding to MSA columns:
# 420-444
name=unknown_G
#
# <colnr> <probs for GDERKNQSTAVLIFYWHMCP>
#	G	D	E	R	K	N	Q	S	T	A	V	L	I	F	Y	W	H	M	C	P
0	0.04225	0.17566	0.19032	0.01637	0.06173	0.03998	0.01514	0.12056	0.01610	0.07830	0.01342	0.04727	0.01110	0.00803	0.00855	0.00207	0.13442	0.00564	0.00402	0.00908
1	0.06071	0.02881	0.01401	0.01201	0.01435	0.01215	0.03941	0.15603	0.01689	0.02355	0.08085	0.21488	0.10978	0.03031	0.03127	0.00269	0.09925	0.04035	0.00545	0.00723
2	0.01307	0.01251	0.01972	0.03786	0.01991	0.04040	0.20147	0.01808	0.10449	0.01904	0.02039	0.12318	0.03250	0.06192	0.13240	0.00396	0.08457	0.02327	0.02388	0.00736
3	0.06214	0.01519	0.07734	0.40773	0.18783	0.01560	0.01784	0.09996	0.01562	0.02185	0.01220	0.01638	0.00929	0.00653	0.00639	0.00210	0.00824	0.00565	0.00349	0.00863
4	0.01495	0.01418	0.07132	0.01121	0.01692	0.01102	0.00966	0.09969	0.05692	0.02377	0.01349	0.01586	0.01104	0.03917	0.00655	0.00149	0.00563	0.00468	0.00430	0.56815
5	0.01968	0.01604	0.01677	0.05742	0.01951	0.07086	0.01155	0.35280	0.16615	0.03178	0.07551	0.05624	0.01962	0.00953	0.00687	0.00212	0.00672	0.04508	0.00616	0.00960
6	0.08429	0.01583	0.01670	0.01338	0.01788	0.01748	0.01089	0.46673	0.12093	0.03611	0.07288	0.02190	0.05796	0.00883	0.00656	0.00204	0.00626	0.00686	0.00642	0.01006
7	0.02258	0.02588	0.06019	0.01594	0.01996	0.45124	0.01284	0.15746	0.05431	0.03870	0.01311	0.01467	0.01035	0.01030	0.06136	0.00247	0.01080	0.00503	0.00426	0.00854
8	0.02144	0.01831	0.01738	0.01447	0.01870	0.13464	0.01152	0.34077	0.22165	0.04608	0.03932	0.01922	0.01513	0.01001	0.03891	0.00239	0.00771	0.00633	0.00602	0.01002
9	0.06907	0.01067	0.01292	0.01314	0.07013	0.01120	0.00937	0.05139	0.20562	0.07720	0.24706	0.08834	0.03419	0.01138	0.00714	0.00221	0.00482	0.05946	0.00643	0.00825
10	0.01287	0.01215	0.02054	0.67164	0.12308	0.01474	0.01850	0.01721	0.01337	0.01735	0.01178	0.01741	0.00896	0.00650	0.00657	0.00217	0.00867	0.00585	0.00296	0.00767
11	0.77114	0.01265	0.00999	0.00883	0.01296	0.01448	0.00727	0.02006	0.01163	0.06889	0.01011	0.01135	0.00764	0.00623	0.00422	0.00204	0.00512	0.00374	0.00430	0.00736
12	0.02641	0.01051	0.01427	0.01118	0.01573	0.00914	0.00914	0.02904	0.01881	0.62285	0.13408	0.02655	0.02339	0.00897	0.00680	0.00204	0.00522	0.00744	0.00801	0.01043
13	0.02374	0.01780	0.01903	0.01489	0.01992	0.01981	0.01220	0.60572	0.13295	0.03941	0.01744	0.01711	0.01252	0.00806	0.00660	0.00201	0.00694	0.00615	0.00660	0.01108
14	0.00811	0.00584	0.00769	0.00900	0.00954	0.00542	0.00608	0.00942	0.01315	0.01756	0.08904	0.68345	0.07144	0.01993	0.00833	0.00261	0.00375	0.01802	0.00620	0.00542
15	0.00837	0.00588	0.00754	0.00872	0.00902	0.00558	0.00564	0.00926	0.01193	0.01590	0.03281	0.60290	0.03915	0.18806	0.01402	0.00350	0.00439	0.01667	0.00564	0.00504
16	0.01792	0.01503	0.01670	0.01585	0.07404	0.01704	0.01157	0.15405	0.53736	0.02956	0.02368	0.02234	0.01773	0.00850	0.00666	0.00216	0.00578	0.00705	0.00641	0.01056
17	0.00940	0.00705	0.01058	0.01058	0.01176	0.00823	0.00823	0.01176	0.01058	0.01528	0.01763	0.02586	0.01646	0.04937	0.74255	0.01058	0.01763	0.00705	0.00353	0.00588
18	0.10561	0.01255	0.01813	0.33879	0.02998	0.01440	0.07714	0.08041	0.09749	0.02287	0.01621	0.02244	0.01311	0.00782	0.00648	0.00218	0.00741	0.05969	0.05932	0.00797
19	0.04024	0.07527	0.35043	0.01762	0.02456	0.07170	0.08129	0.12810	0.07240	0.02393	0.01324	0.01495	0.00986	0.00688	0.00694	0.00205	0.04184	0.00537	0.00382	0.00950
20	0.01492	0.01398	0.02371	0.45279	0.14016	0.01575	0.12363	0.09680	0.01583	0.02098	0.01252	0.01720	0.00948	0.00647	0.00676	0.00214	0.00882	0.00616	0.00346	0.00845
21	0.02014	0.01678	0.01895	0.06514	0.08674	0.06091	0.02603	0.33350	0.18006	0.03119	0.01798	0.02023	0.01390	0.00808	0.00663	0.00204	0.00714	0.03603	0.00568	0.04285
22	0.25976	0.01485	0.01732	0.01452	0.04718	0.04860	0.08885	0.14330	0.05680	0.14136	0.01568	0.03814	0.01186	0.00721	0.00587	0.00198	0.00662	0.00577	0.00522	0.06910
23	0.01816	0.01466	0.01725	0.17755	0.05288	0.04512	0.01281	0.13895	0.31961	0.08509	0.02118	0.02137	0.02968	0.00813	0.00663	0.00213	0.00670	0.00672	0.00568	0.00971
24	0.01484	0.01411	0.01986	0.52937	0.09554	0.06862	0.01694	0.07312	0.04388	0.01968	0.01259	0.01706	0.00957	0.00669	0.00648	0.00209	0.00854	0.00575	0.00346	0.03181

[dist]
# distance from previous block
# <min> <max>
13	25

[block]
# block no. 7 follows, 33 sequences, length 13
# corresponding to MSA columns:
# 471-483
name=unknown_H
#
# <colnr> <probs for GDERKNQSTAVLIFYWHMCP>
#	G	D	E	R	K	N	Q	S	T	A	V	L	I	F	Y	W	H	M	C	P
0	0.01476	0.01048	0.01230	0.01182	0.03208	0.02897	0.00897	0.14910	0.04998	0.08549	0.15249	0.19995	0.09028	0.01389	0.00765	0.00233	0.00517	0.11015	0.00645	0.00767
1	0.02503	0.01844	0.01976	0.01515	0.02042	0.02042	0.01251	0.70562	0.03095	0.04149	0.01581	0.01581	0.01120	0.00790	0.00659	0.00198	0.00724	0.00593	0.00659	0.01120
2	0.01411	0.01186	0.01378	0.00999	0.01562	0.00932	0.00800	0.05556	0.01486	0.02281	0.04349	0.01535	0.01215	0.00543	0.00510	0.00108	0.00493	0.00437	0.00420	0.72799
3	0.00929	0.00686	0.00876	0.00866	0.01031	0.00633	0.00674	0.01215	0.01749	0.02395	0.50768	0.05552	0.16239	0.01474	0.00798	0.00225	0.00363	0.12230	0.00687	0.00608
4	0.01243	0.01170	0.01975	0.75282	0.04534	0.01463	0.01828	0.01682	0.01316	0.01682	0.01170	0.01755	0.00878	0.00658	0.00658	0.00219	0.00878	0.00585	0.00293	0.00731
5	0.01514	0.01201	0.01434	0.04416	0.01728	0.00969	0.00863	0.05268	0.01483	0.06526	0.01277	0.01447	0.01018	0.00531	0.00515	0.00115	0.00522	0.00426	0.00425	0.68324
6	0.01667	0.61589	0.18304	0.01286	0.01936	0.02377	0.01404	0.01995	0.01349	0.01663	0.00972	0.01127	0.00843	0.00576	0.00465	0.00155	0.00761	0.00381	0.00281	0.00872
7	0.02392	0.01789	0.01913	0.01492	0.01999	0.01990	0.01225	0.61994	0.11844	0.03971	0.01721	0.01692	0.01233	0.00803	0.00660	0.00201	0.00698	0.00612	0.00660	0.01110
8	0.01539	0.01936	0.15725	0.06014	0.39561	0.01580	0.19846	0.02042	0.01487	0.02110	0.01250	0.01629	0.00987	0.00588	0.00680	0.00206	0.00905	0.00618	0.00318	0.00978
9	0.01476	0.01520	0.02922	0.26436	0.23741	0.01571	0.28675	0.01946	0.01462	0.01984	0.01253	0.01727	0.00973	0.00597	0.00703	0.00214	0.00941	0.00660	0.00318	0.00882
10	0.00822	0.00581	0.00758	0.00891	0.00924	0.00548	0.00584	0.00922	0.01221	0.01628	0.03427	0.67107	0.04101	0.11735	0.01165	0.00315	0.00415	0.01753	0.00584	0.00517
11	0.00802	0.00573	0.00764	0.00917	0.00955	0.00535	0.00611	0.00917	0.01260	0.01681	0.03628	0.76434	0.04354	0.02062	0.00840	0.00267	0.00382	0.01872	0.00611	0.00535
12	0.00906	0.00739	0.01194	0.01173	0.01298	0.00691	0.10228	0.01081	0.01301	0.01740	0.03312	0.66141	0.03892	0.01855	0.00832	0.00261	0.00482	0.01721	0.00573	0.00583

[dist]
# distance from previous block
# <min> <max>
0	1

[block]
# block no. 8 follows, 33 sequences, length 64
# corresponding to MSA columns:
# 485-548
name=unknown_I
#
# <colnr> <probs for GDERKNQSTAVLIFYWHMCP>
#	G	D	E	R	K	N	Q	S	T	A	V	L	I	F	Y	W	H	M	C	P
0	0.02284	0.01716	0.01959	0.01523	0.02009	0.01878	0.04905	0.58609	0.05103	0.03764	0.01715	0.06129	0.01337	0.00898	0.00728	0.02371	0.00714	0.00684	0.00629	0.01047
1	0.01365	0.01170	0.01365	0.00975	0.01560	0.00878	0.00780	0.01658	0.01365	0.02145	0.01170	0.01365	0.00975	0.00488	0.00488	0.00098	0.00488	0.00390	0.00390	0.80888
2	0.43835	0.01357	0.01341	0.03800	0.05800	0.01532	0.00961	0.12102	0.12630	0.04740	0.05044	0.01647	0.01308	0.00725	0.00534	0.00206	0.00562	0.00524	0.00503	0.00849
3	0.01618	0.01552	0.02651	0.06178	0.70711	0.01561	0.02015	0.02010	0.01494	0.02137	0.01236	0.01633	0.01038	0.00589	0.00652	0.00196	0.00785	0.00587	0.00325	0.01033
4	0.01676	0.01614	0.02801	0.06292	0.46496	0.01627	0.16524	0.08222	0.03994	0.02322	0.01335	0.01689	0.01066	0.00611	0.00680	0.00203	0.00842	0.00633	0.00367	0.01004
5	0.00991	0.00725	0.00813	0.00813	0.00894	0.00734	0.00522	0.01244	0.08997	0.01565	0.02958	0.11869	0.12652	0.47254	0.04791	0.00507	0.00592	0.01083	0.00481	0.00514
6	0.01263	0.01190	0.02010	0.71612	0.08048	0.01468	0.01838	0.01699	0.01326	0.01706	0.01174	0.01749	0.00886	0.00654	0.00658	0.00218	0.00873	0.00585	0.00294	0.00747
7	0.01611	0.05278	0.19982	0.02575	0.13453	0.09073	0.34207	0.02138	0.01530	0.02036	0.01233	0.01574	0.00945	0.00589	0.00689	0.00206	0.01020	0.00627	0.00317	0.00917
8	0.00778	0.00667	0.00667	0.00667	0.00889	0.00556	0.00500	0.00945	0.01501	0.01778	0.06669	0.06336	0.72490	0.01667	0.00778	0.00222	0.00333	0.01389	0.00611	0.00556
9	0.02611	0.01128	0.01477	0.01159	0.01619	0.01029	0.00947	0.08208	0.04319	0.56282	0.11605	0.02545	0.02199	0.00885	0.00677	0.00204	0.00539	0.00728	0.00786	0.01053
10	0.01608	0.01542	0.02633	0.08034	0.68933	0.01558	0.02010	0.02001	0.01489	0.02124	0.01234	0.01636	0.01034	0.00591	0.00652	0.00197	0.00787	0.00586	0.00324	0.01025
11	0.00875	0.00665	0.00805	0.00781	0.00951	0.00595	0.00581	0.01128	0.01712	0.02307	0.47277	0.09385	0.27558	0.01490	0.00781	0.00215	0.00322	0.01293	0.00682	0.00595
12	0.01365	0.01170	0.01365	0.00975	0.01560	0.00878	0.00780	0.01658	0.01365	0.02145	0.01170	0.01365	0.00975	0.00488	0.00488	0.00098	0.00488	0.00390	0.00390	0.80888
13	0.00941	0.00702	0.01043	0.01043	0.01155	0.00815	0.00804	0.01166	0.01054	0.01517	0.01777	0.02663	0.01679	0.08143	0.71095	0.01039	0.01713	0.00717	0.00355	0.00579
14	0.01243	0.01170	0.01975	0.75282	0.04534	0.01463	0.01828	0.01682	0.01316	0.01682	0.01170	0.01755	0.00878	0.00658	0.00658	0.00219	0.00878	0.00585	0.00293	0.00731
15	0.00932	0.00673	0.00880	0.00828	0.00984	0.00621	0.00621	0.01242	0.01863	0.02640	0.72410	0.04918	0.06212	0.01346	0.00776	0.00207	0.00311	0.01191	0.00725	0.00621
16	0.00802	0.00573	0.00764	0.00917	0.00955	0.00535	0.00611	0.00917	0.01260	0.01681	0.03628	0.76434	0.04354	0.02062	0.00840	0.00267	0.00382	0.01872	0.00611	0.00535
17	0.01760	0.77260	0.03450	0.01126	0.01690	0.02605	0.01126	0.01971	0.01338	0.01549	0.00915	0.01056	0.00845	0.00563	0.00422	0.00141	0.00704	0.00352	0.00282	0.00845
18	0.02954	0.01120	0.01528	0.01171	0.01681	0.00968	0.00968	0.03208	0.01884	0.73213	0.02597	0.02241	0.01630	0.00815	0.00662	0.00204	0.00560	0.00662	0.00815	0.01120
19	0.01365	0.01170	0.01365	0.00975	0.01560	0.00878	0.00780	0.01658	0.01365	0.02145	0.01170	0.01365	0.00975	0.00488	0.00488	0.00098	0.00488	0.00390	0.00390	0.80888
20	0.02446	0.01732	0.01869	0.01442	0.01945	0.01900	0.01188	0.62964	0.02929	0.07456	0.01666	0.01667	0.01180	0.00790	0.00646	0.00195	0.00690	0.00597	0.05607	0.01088
21	0.00802	0.00573	0.00764	0.00917	0.00955	0.00535	0.00611	0.00917	0.01260	0.01681	0.03628	0.76434	0.04354	0.02062	0.00840	0.00267	0.00382	0.01872	0.00611	0.00535
22	0.02954	0.01120	0.01528	0.01171	0.01681	0.00968	0.00968	0.03208	0.01884	0.73213	0.02597	0.02241	0.01630	0.00815	0.00662	0.00204	0.00560	0.00662	0.00815	0.01120
23	0.01760	0.77260	0.03450	0.01126	0.01690	0.02605	0.01126	0.01971	0.01338	0.01549	0.00915	0.01056	0.00845	0.00563	0.00422	0.00141	0.00704	0.00352	0.00282	0.00845
24	0.01760	0.77260	0.03450	0.01126	0.01690	0.02605	0.01126	0.01971	0.01338	0.01549	0.00915	0.01056	0.00845	0.00563	0.00422	0.00141	0.00704	0.00352	0.00282	0.00845
25	0.00957	0.00638	0.00718	0.00718	0.00718	0.00638	0.00399	0.00957	0.00957	0.01276	0.02074	0.04308	0.02393	0.76864	0.03351	0.00638	0.00638	0.00957	0.00399	0.00399
26	0.00940	0.00705	0.01058	0.01058	0.01176	0.00823	0.00823	0.01176	0.01058	0.01528	0.01763	0.02586	0.01646	0.04937	0.74255	0.01058	0.01763	0.00705	0.00353	0.00588
27	0.00940	0.00705	0.01058	0.01058	0.01176	0.00823	0.00823	0.01176	0.01058	0.01528	0.01763	0.02586	0.01646	0.04937	0.74255	0.01058	0.01763	0.00705	0.00353	0.00588
28	0.01880	0.65053	0.03211	0.01189	0.01747	0.02514	0.01147	0.13073	0.01622	0.01970	0.01023	0.01141	0.00889	0.00600	0.00461	0.00150	0.00707	0.00391	0.00343	0.00889
29	0.00802	0.00573	0.00764	0.00917	0.00955	0.00535	0.00611	0.00917	0.01260	0.01681	0.03628	0.76434	0.04354	0.02062	0.00840	0.00267	0.00382	0.01872	0.00611	0.00535
30	0.00815	0.00668	0.00719	0.00706	0.00912	0.00572	0.00530	0.01017	0.01589	0.01988	0.22638	0.05991	0.56390	0.01589	0.00778	0.00219	0.00328	0.01341	0.00639	0.00572
31	0.01760	0.77260	0.03450	0.01126	0.01690	0.02605	0.01126	0.01971	0.01338	0.01549	0.00915	0.01056	0.00845	0.00563	0.00422	0.00141	0.00704	0.00352	0.00282	0.00845
32	0.01144	0.00572	0.00858	0.00858	0.00858	0.00572	0.00572	0.00858	0.00858	0.01144	0.01144	0.02001	0.01144	0.02287	0.02573	0.80846	0.00572	0.00572	0.00286	0.00286
33	0.02503	0.01844	0.01976	0.01515	0.02042	0.02042	0.01251	0.70562	0.03095	0.04149	0.01581	0.01581	0.01120	0.00790	0.00659	0.00198	0.00724	0.00593	0.00659	0.01120
34	0.02500	0.01908	0.01970	0.01524	0.02041	0.05607	0.01252	0.67206	0.03035	0.04024	0.01553	0.01561	0.01106	0.00785	0.00655	0.00196	0.00747	0.00584	0.00643	0.01102
35	0.01580	0.01348	0.01495	0.03314	0.04124	0.01539	0.01079	0.05366	0.57738	0.02653	0.02649	0.06774	0.02138	0.00985	0.00690	0.00228	0.00542	0.04131	0.00642	0.00987
36	0.01760	0.77260	0.03450	0.01126	0.01690	0.02605	0.01126	0.01971	0.01338	0.01549	0.00915	0.01056	0.00845	0.00563	0.00422	0.00141	0.00704	0.00352	0.00282	0.00845
37	0.00955	0.00704	0.00905	0.00962	0.01116	0.00666	0.00777	0.01211	0.01570	0.02071	0.23281	0.08650	0.17751	0.05872	0.00981	0.00278	0.00465	0.30570	0.00629	0.00587
38	0.00809	0.00579	0.00770	0.00912	0.00956	0.00540	0.00612	0.00935	0.01294	0.01734	0.07484	0.72425	0.04458	0.02022	0.00837	0.00264	0.00378	0.01833	0.00617	0.00540
39	0.05669	0.01126	0.01508	0.01161	0.01666	0.00985	0.00959	0.03164	0.01858	0.70785	0.02539	0.02200	0.01598	0.00808	0.00653	0.00204	0.00558	0.00651	0.00801	0.01106
40	0.00932	0.00673	0.00880	0.00828	0.00984	0.00621	0.00621	0.01242	0.01863	0.02640	0.72410	0.04918	0.06212	0.01346	0.00776	0.00207	0.00311	0.01191	0.00725	0.00621
41	0.07814	0.01130	0.01493	0.01152	0.01655	0.00999	0.00952	0.03130	0.01837	0.68866	0.02493	0.02168	0.01573	0.00802	0.00646	0.00204	0.00557	0.00643	0.00790	0.01095
42	0.00802	0.00573	0.00764	0.00917	0.00955	0.00535	0.00611	0.00917	0.01260	0.01681	0.03628	0.76434	0.04354	0.02062	0.00840	0.00267	0.00382	0.01872	0.00611	0.00535
43	0.74425	0.01440	0.01048	0.00940	0.01341	0.08000	0.00763	0.01997	0.01187	0.02833	0.00926	0.01080	0.00725	0.00617	0.00424	0.00201	0.00570	0.00363	0.00401	0.00717
44	0.01614	0.01561	0.02704	0.06215	0.67532	0.01565	0.05061	0.02014	0.01496	0.02134	0.01240	0.01640	0.01036	0.00587	0.00658	0.00197	0.00800	0.00595	0.00325	0.01026
45	0.02378	0.01782	0.01905	0.01489	0.01994	0.01983	0.01221	0.60884	0.12977	0.03948	0.01739	0.01707	0.01248	0.00805	0.00660	0.00201	0.00695	0.00615	0.00660	0.01108
46	0.00808	0.00668	0.00709	0.00698	0.00908	0.00569	0.00524	0.01003	0.01572	0.01947	0.19543	0.06058	0.59511	0.01604	0.00778	0.00219	0.00329	0.01350	0.00634	0.00569
47	0.00957	0.00638	0.00718	0.00718	0.00718	0.00638	0.00399	0.00957	0.00957	0.01276	0.02074	0.04308	0.02393	0.76864	0.03351	0.00638	0.00638	0.00957	0.00399	0.00399
48	0.00802	0.00573	0.00764	0.00917	0.00955	0.00535	0.00611	0.00917	0.01260	0.01681	0.03628	0.76434	0.04354	0.02062	0.00840	0.00267	0.00382	0.01872	0.00611	0.00535
49	0.01823	0.01460	0.01559	0.01356	0.01756	0.01661	0.01068	0.12852	0.58565	0.06425	0.02522	0.02323	0.01867	0.00875	0.00668	0.00219	0.00551	0.00719	0.00675	0.01057
50	0.01842	0.62370	0.06819	0.01250	0.01801	0.13260	0.01215	0.02075	0.01419	0.01586	0.00944	0.01093	0.00845	0.00584	0.00458	0.00149	0.00790	0.00370	0.00290	0.00839
51	0.02306	0.13747	0.02102	0.01615	0.01970	0.60167	0.01260	0.02480	0.01745	0.01601	0.00995	0.01181	0.00848	0.00686	0.00650	0.00172	0.04954	0.00421	0.00328	0.00773
52	0.04469	0.02011	0.01850	0.01768	0.09944	0.29020	0.04758	0.08712	0.05896	0.14268	0.05760	0.02023	0.05033	0.00793	0.00646	0.00192	0.00838	0.00625	0.00504	0.00891
53	0.01999	0.01745	0.01682	0.01435	0.01851	0.10118	0.01133	0.24099	0.42408	0.03053	0.02149	0.02040	0.01601	0.00837	0.00658	0.00209	0.00660	0.00661	0.00628	0.01034
54	0.47880	0.01971	0.01358	0.01206	0.01598	0.27104	0.00949	0.07242	0.01528	0.02570	0.01001	0.01149	0.00790	0.00648	0.00491	0.00191	0.00764	0.00398	0.00402	0.00761
55	0.01557	0.37077	0.39304	0.01523	0.02295	0.02036	0.01800	0.04129	0.01418	0.01903	0.01072	0.01243	0.00848	0.00602	0.00534	0.00177	0.00843	0.00428	0.00291	0.00919
56	0.00925	0.00673	0.00870	0.00821	0.00979	0.00618	0.00616	0.01229	0.01847	0.02602	0.69480	0.04981	0.09166	0.01360	0.00777	0.00208	0.00312	0.01199	0.00720	0.00618
57	0.01048	0.00757	0.00865	0.00818	0.01028	0.00702	0.00610	0.01401	0.07771	0.06390	0.26599	0.06935	0.33840	0.07153	0.00958	0.00249	0.00381	0.01205	0.00649	0.00641
58	0.01474	0.01539	0.02563	0.02035	0.02230	0.01913	0.21618	0.01738	0.01168	0.01738	0.01001	0.01539	0.00904	0.00977	0.01755	0.00269	0.53835	0.00635	0.00301	0.00769
59	0.00812	0.00580	0.00776	0.00928	0.00971	0.00544	0.00629	0.00934	0.01271	0.01692	0.03623	0.73684	0.04332	0.02053	0.00843	0.00269	0.00391	0.04520	0.00611	0.00538
60	0.01609	0.00776	0.00856	0.00766	0.01004	0.00760	0.00597	0.05873	0.01571	0.15154	0.02194	0.02365	0.01644	0.00777	0.00508	0.00165	0.00376	0.00621	0.61650	0.00733
61	0.01745	0.51313	0.13197	0.01293	0.01889	0.02288	0.01316	0.07974	0.09738	0.01988	0.01217	0.01313	0.01003	0.00630	0.00501	0.00165	0.00723	0.00438	0.00359	0.00910
62	0.01754	0.01537	0.01550	0.01373	0.01757	0.05259	0.01072	0.09369	0.62087	0.02820	0.02500	0.02316	0.01874	0.00873	0.00665	0.00218	0.00572	0.00715	0.00653	0.01035
63	0.01467	0.20819	0.43824	0.01803	0.07339	0.01764	0.03587	0.02080	0.03813	0.01987	0.01176	0.01371	0.00903	0.00608	0.00577	0.00186	0.00858	0.00472	0.00303	0.05064

[dist]
# distance from previous block
# <min> <max>
0	3

[block]
# block no. 9 follows, 33 sequences, length 252
# corresponding to MSA columns:
# 552-803
name=unknown_J
#
# <colnr> <probs for GDERKNQSTAVLIFYWHMCP>
#	G	D	E	R	K	N	Q	S	T	A	V	L	I	F	Y	W	H	M	C	P
0	0.02067	0.23093	0.02198	0.03664	0.01909	0.38561	0.01187	0.06335	0.03986	0.01824	0.01283	0.03852	0.01139	0.00745	0.00569	0.00174	0.00923	0.02819	0.02874	0.00798
1	0.04357	0.14888	0.59812	0.01722	0.02609	0.01695	0.02164	0.02062	0.01372	0.02033	0.01130	0.01326	0.00831	0.00615	0.00586	0.00198	0.00914	0.00461	0.00283	0.00943
