[name]
unknown

[dist]
# distance from previous block
# <min> <max>
0	5

[block]
# block no. 0 follows, 33 sequences, length 24
# corresponding to MSA columns:
# 5-28
name=unknown_A
#
# <colnr> <probs for GDERKNQSTAVLIFYWHMCP>
#	G	D	E	R	K	N	Q	S	T	A	V	L	I	F	Y	W	H	M	C	P
0	0.01061	0.00758	0.01061	0.01212	0.01364	0.00758	0.01061	0.01364	0.01515	0.01970	0.03486	0.07426	0.03789	0.01819	0.00909	0.00303	0.00606	0.68326	0.00606	0.00606
1	0.01320	0.03405	0.73453	0.01876	0.02849	0.01529	0.02432	0.02085	0.01390	0.02085	0.01181	0.01390	0.00834	0.00625	0.00625	0.00208	0.00973	0.00486	0.00278	0.00973
2	0.01237	0.01263	0.02535	0.06280	0.02519	0.01205	0.38690	0.01611	0.01424	0.01914	0.02233	0.31385	0.02323	0.01159	0.00795	0.00240	0.00808	0.01200	0.00441	0.00739
3	0.01418	0.01092	0.01123	0.00994	0.01284	0.04873	0.00770	0.17489	0.01939	0.06501	0.13162	0.11310	0.32748	0.01357	0.00739	0.00215	0.00485	0.01131	0.00634	0.00737
4	0.02464	0.03007	0.01877	0.01678	0.02036	0.66920	0.01270	0.09500	0.01990	0.01868	0.01075	0.01227	0.00875	0.00690	0.00600	0.00172	0.01140	0.00441	0.00372	0.00799
5	0.02530	0.01800	0.01949	0.01494	0.02020	0.01976	0.01234	0.66476	0.03022	0.08339	0.01642	0.01621	0.01151	0.00792	0.00659	0.00198	0.00714	0.00597	0.00668	0.01120
6	0.01988	0.02181	0.01581	0.01443	0.01745	0.40071	0.01106	0.11135	0.05353	0.02026	0.01904	0.04794	0.05390	0.05193	0.04242	0.00262	0.00961	0.07409	0.00452	0.00762
7	0.14042	0.01770	0.01685	0.01389	0.01839	0.08843	0.01117	0.35906	0.20906	0.03354	0.01720	0.01699	0.01270	0.00780	0.00618	0.00203	0.00683	0.00582	0.00593	0.01004
8	0.12048	0.04320	0.25086	0.09319	0.07739	0.01450	0.01568	0.07172	0.06043	0.04543	0.08514	0.01858	0.01512	0.00722	0.00609	0.00199	0.00723	0.00579	0.00422	0.05575
9	0.01683	0.01665	0.02620	0.03890	0.68222	0.06223	0.01972	0.02059	0.01523	0.02116	0.01224	0.01601	0.01030	0.00592	0.00648	0.00194	0.00808	0.00576	0.00327	0.01025
10	0.01543	0.01476	0.02516	0.20026	0.57449	0.01541	0.01977	0.01944	0.01458	0.02046	0.01223	0.01658	0.01006	0.00603	0.00653	0.00201	0.00804	0.00586	0.00318	0.00973
11	0.01418	0.01273	0.01701	0.02062	0.23632	0.08680	0.05211	0.01678	0.01521	0.06403	0.07172	0.23545	0.10563	0.01199	0.00730	0.00219	0.00635	0.01080	0.00498	0.00782
12	0.01372	0.01514	0.05520	0.16479	0.05829	0.01490	0.35851	0.01808	0.01409	0.01920	0.01570	0.12162	0.01428	0.00844	0.00877	0.00232	0.07680	0.00856	0.00358	0.00802
13	0.01554	0.01776	0.03885	0.02775	0.03441	0.01665	0.70366	0.02109	0.01554	0.02109	0.01332	0.01776	0.00999	0.00555	0.00777	0.00222	0.01110	0.00777	0.00333	0.00888
14	0.00919	0.00691	0.00860	0.00901	0.01026	0.00665	0.00643	0.01262	0.07785	0.02115	0.27449	0.38797	0.11050	0.01675	0.00797	0.00239	0.00365	0.01492	0.00655	0.00612
15	0.01607	0.12919	0.54111	0.01678	0.02532	0.01594	0.02054	0.02226	0.01452	0.11925	0.01343	0.01464	0.00946	0.00644	0.00604	0.00199	0.00880	0.00493	0.00353	0.00976
16	0.00806	0.00668	0.00705	0.00696	0.00906	0.00568	0.00522	0.00998	0.01566	0.01934	0.18532	0.06080	0.60530	0.01609	0.00778	0.00220	0.00329	0.01354	0.00632	0.00568
17	0.00957	0.00638	0.00718	0.00718	0.00718	0.00638	0.00399	0.00957	0.00957	0.01276	0.02074	0.04308	0.02393	0.76864	0.03351	0.00638	0.00638	0.00957	0.00399	0.00399
18	0.01713	0.01746	0.02188	0.08253	0.32814	0.15531	0.05247	0.05487	0.07902	0.02111	0.01592	0.09473	0.01428	0.00800	0.00669	0.00204	0.00817	0.00714	0.00403	0.00907
19	0.01683	0.01373	0.02272	0.14137	0.42949	0.01411	0.03479	0.02098	0.03593	0.11345	0.01497	0.01840	0.01175	0.01013	0.07032	0.00276	0.00853	0.00616	0.00398	0.00962
20	0.00949	0.00670	0.00880	0.00880	0.00936	0.00726	0.00600	0.01061	0.01005	0.01396	0.01926	0.03490	0.02038	0.42672	0.37057	0.00838	0.01173	0.00838	0.00377	0.00489
21	0.02954	0.01120	0.01528	0.01171	0.01681	0.00968	0.00968	0.03208	0.01884	0.73213	0.02597	0.02241	0.01630	0.00815	0.00662	0.00204	0.00560	0.00662	0.00815	0.01120
22	0.02114	0.01644	0.01972	0.01682	0.06148	0.01814	0.05658	0.36174	0.23375	0.06778	0.01899	0.01887	0.01391	0.00808	0.00724	0.00210	0.03391	0.00653	0.00616	0.01062
23	0.01347	0.05351	0.08468	0.01161	0.03351	0.04993	0.00971	0.01722	0.04249	0.06466	0.26503	0.04846	0.03054	0.04134	0.05064	0.00249	0.00615	0.00796	0.00527	0.16133

[dist]
# distance from previous block
# <min> <max>
0	44

[block]
# block no. 1 follows, 33 sequences, length 22
# corresponding to MSA columns:
# 73-94
name=unknown_B
#
# <colnr> <probs for GDERKNQSTAVLIFYWHMCP>
#	G	D	E	R	K	N	Q	S	T	A	V	L	I	F	Y	W	H	M	C	P
0	0.18715	0.10664	0.12421	0.01773	0.12619	0.08762	0.03059	0.08947	0.03986	0.02410	0.04876	0.01732	0.01282	0.00730	0.00634	0.00199	0.03306	0.02608	0.00406	0.00870
1	0.18205	0.17713	0.04906	0.01484	0.09998	0.08788	0.01121	0.04498	0.03597	0.08188	0.09401	0.04476	0.01689	0.00770	0.00564	0.00187	0.00654	0.00590	0.00452	0.02718
2	0.08915	0.03605	0.01470	0.06644	0.01749	0.08650	0.01009	0.11859	0.15516	0.06751	0.14699	0.02525	0.03888	0.01319	0.08262	0.00292	0.00735	0.00720	0.00556	0.00836
3	0.55039	0.07610	0.01377	0.01067	0.01482	0.13698	0.00872	0.04358	0.03121	0.04817	0.01051	0.01176	0.00820	0.00638	0.00462	0.00193	0.00647	0.00394	0.00413	0.00766
4	0.01431	0.07490	0.43174	0.12161	0.03083	0.01636	0.14755	0.04909	0.01478	0.02086	0.01207	0.01498	0.00883	0.00620	0.00646	0.00208	0.00957	0.00550	0.00306	0.00922
5	0.01143	0.03400	0.01417	0.13386	0.05464	0.00979	0.03895	0.04645	0.01396	0.01890	0.02468	0.37274	0.02713	0.03951	0.00822	0.00240	0.00571	0.03592	0.00490	0.10263
6	0.00886	0.00671	0.00817	0.00781	0.00956	0.00602	0.00585	0.01154	0.01756	0.02385	0.52986	0.05337	0.25795	0.01441	0.00777	0.00212	0.00317	0.01249	0.00691	0.00602
7	0.00813	0.00580	0.00776	0.00929	0.00972	0.00544	0.00630	0.00935	0.01271	0.01692	0.03623	0.73602	0.04331	0.02052	0.00843	0.00269	0.00391	0.04599	0.00611	0.00538
8	0.01528	0.07383	0.01702	0.20643	0.02355	0.08591	0.01212	0.06879	0.21788	0.02139	0.02042	0.12142	0.01838	0.03572	0.00762	0.00232	0.00696	0.03191	0.00488	0.00817
9	0.00975	0.00727	0.01006	0.00989	0.01063	0.00834	0.00725	0.01130	0.01023	0.01452	0.01809	0.03064	0.01837	0.27480	0.47618	0.00880	0.05710	0.00778	0.00364	0.00536
10	0.01958	0.47998	0.05913	0.01387	0.01908	0.22154	0.03594	0.05103	0.01567	0.01719	0.00997	0.01153	0.00862	0.00607	0.00500	0.00157	0.00863	0.00402	0.00315	0.00841
11	0.01819	0.71297	0.03333	0.01157	0.01717	0.02560	0.01136	0.07395	0.01477	0.01754	0.00968	0.01098	0.00867	0.00581	0.00441	0.00145	0.00706	0.00371	0.00311	0.00867
12	0.00957	0.00638	0.00718	0.00718	0.00718	0.00638	0.00399	0.00957	0.00957	0.01276	0.02074	0.04308	0.02393	0.76864	0.03351	0.00638	0.00638	0.00957	0.00399	0.00399
13	0.00819	0.00655	0.00733	0.00741	0.00922	0.00569	0.00545	0.01014	0.01556	0.01976	0.22368	0.15775	0.46721	0.01644	0.00786	0.00225	0.00335	0.01408	0.00639	0.00569
14	0.01632	0.14438	0.10487	0.22104	0.21879	0.12715	0.01737	0.02008	0.01452	0.01819	0.01116	0.01469	0.00907	0.00637	0.00648	0.00193	0.03077	0.00511	0.00305	0.00866
15	0.00829	0.00592	0.00795	0.00948	0.00998	0.00558	0.00658	0.00963	0.01287	0.01711	0.03614	0.69221	0.04295	0.02037	0.00847	0.00271	0.00405	0.08817	0.00611	0.00542
16	0.00804	0.00661	0.00707	0.00711	0.00909	0.00564	0.00527	0.00989	0.01540	0.01906	0.16751	0.11271	0.57087	0.01646	0.00782	0.00223	0.00333	0.01394	0.00629	0.00564
17	0.02256	0.01613	0.01761	0.01411	0.01872	0.01769	0.01143	0.47688	0.15399	0.09320	0.02015	0.07302	0.01562	0.00905	0.00674	0.00208	0.00649	0.00720	0.00670	0.01062
18	0.05174	0.08359	0.01994	0.01538	0.01975	0.34594	0.01226	0.30285	0.04192	0.02720	0.01281	0.01368	0.00985	0.00718	0.00602	0.00181	0.00918	0.00493	0.00476	0.00921
19	0.02389	0.01755	0.01883	0.01456	0.01944	0.01938	0.01189	0.65441	0.02938	0.03938	0.01617	0.01781	0.01213	0.06388	0.00857	0.00230	0.00718	0.00620	0.00639	0.01067
20	0.01574	0.01617	0.02633	0.23455	0.35662	0.07299	0.14248	0.01990	0.01487	0.01970	0.01219	0.01656	0.00973	0.00608	0.00672	0.00205	0.00900	0.00608	0.00319	0.00906
21	0.02119	0.01668	0.01973	0.11168	0.08862	0.06333	0.03791	0.30565	0.14253	0.09891	0.01740	0.01804	0.01263	0.00759	0.00660	0.00204	0.00742	0.00620	0.00566	0.01019

[dist]
# distance from previous block
# <min> <max>
0	4

[block]
# block no. 2 follows, 33 sequences, length 66
# corresponding to MSA columns:
# 99-164
name=unknown_C
#
# <colnr> <probs for GDERKNQSTAVLIFYWHMCP>
#	G	D	E	R	K	N	Q	S	T	A	V	L	I	F	Y	W	H	M	C	P
0	0.01005	0.07112	0.00951	0.00769	0.00828	0.00792	0.00483	0.01039	0.01037	0.01355	0.02287	0.10618	0.05041	0.60872	0.02781	0.00547	0.00609	0.01005	0.00416	0.00455
1	0.01908	0.01601	0.01590	0.01384	0.01783	0.07789	0.01086	0.12716	0.51875	0.07194	0.02381	0.02214	0.01764	0.00856	0.00661	0.00214	0.00608	0.00691	0.00649	0.01034
2	0.10199	0.62797	0.03021	0.01117	0.01647	0.02404	0.01076	0.02097	0.07252	0.01800	0.01065	0.01176	0.00929	0.00596	0.00442	0.00154	0.00668	0.00386	0.00328	0.00848
3	0.06462	0.01573	0.01939	0.01672	0.01726	0.08088	0.01381	0.01694	0.01088	0.01671	0.00880	0.01396	0.00853	0.01079	0.01920	0.00273	0.64731	0.00550	0.00300	0.00723
4	0.02357	0.01657	0.01844	0.05977	0.02082	0.01821	0.01212	0.53984	0.05826	0.09684	0.01720	0.01732	0.01217	0.00788	0.00649	0.00198	0.00689	0.00606	0.04892	0.01065
5	0.00953	0.00657	0.00812	0.00812	0.00845	0.00689	0.00516	0.01018	0.00985	0.01346	0.01988	0.03832	0.02186	0.56956	0.22976	0.00754	0.00950	0.00888	0.00386	0.00451
6	0.02419	0.07423	0.01957	0.01663	0.02015	0.70080	0.01264	0.02591	0.01835	0.01608	0.01012	0.01180	0.00848	0.00672	0.00584	0.00168	0.01159	0.00420	0.00336	0.00768
7	0.00802	0.00573	0.00764	0.00917	0.00955	0.00535	0.00611	0.00917	0.01260	0.01681	0.03628	0.76434	0.04354	0.02062	0.00840	0.00267	0.00382	0.01872	0.00611	0.00535
8	0.02459	0.03138	0.01866	0.01696	0.02035	0.74221	0.01272	0.02629	0.01866	0.01611	0.01018	0.01187	0.00848	0.00678	0.00594	0.00170	0.01187	0.00424	0.00339	0.00763
9	0.01389	0.01662	0.09445	0.06440	0.02860	0.01471	0.42064	0.01907	0.04094	0.01996	0.01814	0.08373	0.04787	0.03624	0.00926	0.00243	0.04854	0.00856	0.00375	0.00820
10	0.00824	0.00669	0.00730	0.00715	0.00917	0.00575	0.00536	0.01033	0.01608	0.02034	0.26174	0.05915	0.52826	0.01572	0.00778	0.00218	0.00327	0.01330	0.00645	0.00575
11	0.01421	0.01203	0.01395	0.01001	0.01584	0.00934	0.00803	0.05026	0.01450	0.02243	0.01190	0.01376	0.00982	0.00502	0.00496	0.00102	0.00499	0.00400	0.00403	0.76989
12	0.01897	0.10318	0.04014	0.09482	0.22343	0.15342	0.03137	0.11689	0.01776	0.05377	0.03647	0.01609	0.01168	0.00668	0.00615	0.00184	0.00823	0.00546	0.00404	0.04961
13	0.07966	0.13269	0.12310	0.01617	0.03667	0.33162	0.03056	0.02392	0.05305	0.05302	0.01187	0.01346	0.00944	0.00690	0.00664	0.00187	0.05266	0.00467	0.00364	0.00840
14	0.01797	0.01144	0.01344	0.01155	0.01501	0.01189	0.00909	0.08379	0.27208	0.19524	0.22931	0.04848	0.03127	0.01026	0.00702	0.00213	0.00483	0.00870	0.00718	0.00932
15	0.00957	0.00638	0.00718	0.00718	0.00718	0.00638	0.00399	0.00957	0.00957	0.01276	0.02074	0.04308	0.02393	0.76864	0.03351	0.00638	0.00638	0.00957	0.00399	0.00399
16	0.81514	0.01273	0.00968	0.00866	0.01273	0.01477	0.00713	0.01935	0.01120	0.02954	0.00917	0.01069	0.00713	0.00611	0.00407	0.00204	0.00509	0.00356	0.00407	0.00713
17	0.01266	0.00651	0.00655	0.00641	0.00806	0.00657	0.00484	0.03625	0.01433	0.02506	0.02130	0.02428	0.01670	0.00768	0.00466	0.00155	0.00319	0.00613	0.78099	0.00629
18	0.00778	0.00667	0.00667	0.00667	0.00889	0.00556	0.00500	0.00945	0.01501	0.01778	0.06669	0.06336	0.72490	0.01667	0.00778	0.00222	0.00333	0.01389	0.00611	0.00556
19	0.00957	0.00638	0.00718	0.00718	0.00718	0.00638	0.00399	0.00957	0.00957	0.01276	0.02074	0.04308	0.02393	0.76864	0.03351	0.00638	0.00638	0.00957	0.00399	0.00399
20	0.00939	0.00631	0.00723	0.00741	0.00746	0.00626	0.00424	0.00953	0.00993	0.01324	0.02258	0.12826	0.02625	0.68030	0.03054	0.00594	0.00608	0.01065	0.00424	0.00415
21	0.02858	0.01116	0.01508	0.01167	0.01662	0.00977	0.00960	0.03161	0.03917	0.69162	0.04572	0.02323	0.01770	0.00832	0.00665	0.00204	0.00552	0.00679	0.00808	0.01104
22	0.00867	0.00671	0.00804	0.00872	0.01032	0.00608	0.00676	0.01068	0.01480	0.01871	0.10105	0.21428	0.35476	0.01766	0.00825	0.00251	0.00412	0.18601	0.00618	0.00569
23	0.01760	0.77260	0.03450	0.01126	0.01690	0.02605	0.01126	0.01971	0.01338	0.01549	0.00915	0.01056	0.00845	0.00563	0.00422	0.00141	0.00704	0.00352	0.00282	0.00845
24	0.01336	0.03309	0.69987	0.01851	0.02795	0.01534	0.02365	0.02153	0.04770	0.02117	0.01254	0.01441	0.00891	0.00638	0.00628	0.00209	0.00951	0.00499	0.00297	0.00976
25	0.05037	0.06065	0.02249	0.06459	0.06562	0.41453	0.10996	0.04455	0.03253	0.01866	0.01122	0.01374	0.00912	0.00679	0.00697	0.00190	0.04960	0.00507	0.00349	0.00812
26	0.02459	0.03138	0.01866	0.01696	0.02035	0.74221	0.01272	0.02629	0.01866	0.01611	0.01018	0.01187	0.00848	0.00678	0.00594	0.00170	0.01187	0.00424	0.00339	0.00763
27	0.01629	0.01564	0.02672	0.04041	0.72757	0.01564	0.02020	0.02020	0.01499	0.02151	0.01238	0.01629	0.01043	0.00587	0.00652	0.00196	0.00782	0.00587	0.00326	0.01043
28	0.74834	0.01321	0.01053	0.00921	0.01338	0.01525	0.00758	0.07737	0.01287	0.03055	0.00973	0.01113	0.00747	0.00626	0.00429	0.00203	0.00527	0.00376	0.00429	0.00747
29	0.00941	0.00703	0.01048	0.01048	0.01162	0.00817	0.00810	0.01169	0.01055	0.01521	0.01772	0.02637	0.01668	0.07046	0.72176	0.01046	0.01730	0.00713	0.00354	0.00582
30	0.00802	0.00573	0.00764	0.00917	0.00955	0.00535	0.00611	0.00917	0.01260	0.01681	0.03628	0.76434	0.04354	0.02062	0.00840	0.00267	0.00382	0.01872	0.00611	0.00535
31	0.01822	0.01751	0.01577	0.01413	0.01784	0.15175	0.01093	0.05796	0.56070	0.02592	0.02330	0.02188	0.01761	0.00849	0.00655	0.00212	0.00653	0.00679	0.00608	0.00993
32	0.00801	0.00627	0.00726	0.00789	0.00925	0.00552	0.00558	0.00957	0.01426	0.01806	0.10697	0.36710	0.37460	0.01813	0.00805	0.00241	0.00353	0.01583	0.00620	0.00552
33	0.02464	0.02997	0.01878	0.01676	0.02036	0.66384	0.01270	0.10004	0.01999	0.01887	0.01079	0.01230	0.00877	0.00691	0.00601	0.00173	0.01137	0.00442	0.00374	0.00802
34	0.01760	0.77260	0.03450	0.01126	0.01690	0.02605	0.01126	0.01971	0.01338	0.01549	0.00915	0.01056	0.00845	0.00563	0.00422	0.00141	0.00704	0.00352	0.00282	0.00845
35	0.01144	0.00572	0.00858	0.00858	0.00858	0.00572	0.00572	0.00858	0.00858	0.01144	0.01144	0.02001	0.01144	0.02287	0.02573	0.80846	0.00572	0.00572	0.00286	0.00286
36	0.00957	0.00638	0.00718	0.00718	0.00718	0.00638	0.00399	0.00957	0.00957	0.01276	0.02074	0.04308	0.02393	0.76864	0.03351	0.00638	0.00638	0.00957	0.00399	0.00399
37	0.01192	0.01083	0.01614	0.01435	0.01524	0.01396	0.04181	0.01400	0.01058	0.01579	0.01341	0.02036	0.01266	0.03044	0.38632	0.00675	0.34910	0.00650	0.00323	0.00661
38	0.00950	0.00635	0.00720	0.00727	0.00729	0.00634	0.00408	0.00956	0.00971	0.01294	0.02143	0.07504	0.02480	0.73550	0.03240	0.00622	0.00627	0.00998	0.00408	0.00405
39	0.02459	0.03138	0.01866	0.01696	0.02035	0.74221	0.01272	0.02629	0.01866	0.01611	0.01018	0.01187	0.00848	0.00678	0.00594	0.00170	0.01187	0.00424	0.00339	0.00763
40	0.02459	0.03138	0.01866	0.01696	0.02035	0.74221	0.01272	0.02629	0.01866	0.01611	0.01018	0.01187	0.00848	0.00678	0.00594	0.00170	0.01187	0.00424	0.00339	0.00763
41	0.00799	0.00618	0.00729	0.00806	0.00928	0.00548	0.00564	0.00946	0.01395	0.01773	0.08578	0.42771	0.33481	0.01856	0.00810	0.00245	0.00357	0.01630	0.00617	0.00548
42	0.00802	0.00573	0.00764	0.00917	0.00955	0.00535	0.00611	0.00917	0.01260	0.01681	0.03628	0.76434	0.04354	0.02062	0.00840	0.00267	0.00382	0.01872	0.00611	0.00535
43	0.01419	0.03157	0.64107	0.01918	0.02843	0.01513	0.08105	0.02141	0.01428	0.05513	0.01262	0.01464	0.00886	0.00629	0.00640	0.00209	0.00965	0.00519	0.00308	0.00973
44	0.01281	0.01100	0.01252	0.03849	0.01381	0.09039	0.02990	0.01495	0.01237	0.01769	0.01712	0.05183	0.01599	0.11751	0.20138	0.00480	0.12494	0.00706	0.19922	0.00622
45	0.01851	0.44186	0.16723	0.01409	0.02003	0.17694	0.01417	0.04680	0.01526	0.01763	0.01014	0.01169	0.00854	0.00608	0.00507	0.00162	0.00861	0.00403	0.00307	0.00863
46	0.07332	0.03023	0.01810	0.01645	0.01988	0.69737	0.01238	0.02586	0.01820	0.01694	0.01011	0.01180	0.00840	0.00674	0.00582	0.00172	0.01145	0.00420	0.00343	0.00760
47	0.00943	0.00695	0.01004	0.01004	0.01103	0.00794	0.00756	0.01141	0.01042	0.01488	0.01813	0.02859	0.01764	0.16328	0.63027	0.00992	0.01585	0.00745	0.00360	0.00558
48	0.01587	0.01719	0.02431	0.01967	0.02161	0.10492	0.17374	0.01829	0.01236	0.01709	0.00991	0.01488	0.00893	0.00958	0.01655	0.00259	0.49579	0.00605	0.00305	0.00764
49	0.00882	0.00628	0.00818	0.00893	0.00951	0.00626	0.00612	0.01004	0.01185	0.01595	0.05003	0.37171	0.05686	0.21770	0.14397	0.00500	0.00698	0.04551	0.00514	0.00516
50	0.00780	0.00659	0.00675	0.00688	0.00895	0.00554	0.00510	0.00942	0.01480	0.01770	0.06412	0.12262	0.66729	0.01701	0.00783	0.00226	0.00338	0.01430	0.00611	0.00554
51	0.00794	0.00646	0.00703	0.00735	0.00911	0.00555	0.00534	0.00958	0.01469	0.01812	0.10261	0.22447	0.52409	0.01738	0.00792	0.00232	0.00343	0.01488	0.00619	0.00555
52	0.00816	0.00582	0.00773	0.00921	0.00962	0.00546	0.00621	0.00934	0.01260	0.01678	0.03574	0.71641	0.04272	0.04399	0.00922	0.00280	0.00398	0.04281	0.00604	0.00533
53	0.00942	0.00698	0.01021	0.01021	0.01125	0.00803	0.00776	0.01152	0.01047	0.01501	0.01797	0.02775	0.01728	0.12835	0.66470	0.01012	0.01640	0.00733	0.00358	0.00567
54	0.01320	0.03405	0.73453	0.01876	0.02849	0.01529	0.02432	0.02085	0.01390	0.02085	0.01181	0.01390	0.00834	0.00625	0.00625	0.00208	0.00973	0.00486	0.00278	0.00973
55	0.00957	0.00638	0.00718	0.00718	0.00718	0.00638	0.00399	0.00957	0.00957	0.01276	0.02074	0.04308	0.02393	0.76864	0.03351	0.00638	0.00638	0.00957	0.00399	0.00399
56	0.00944	0.00633	0.00722	0.00735	0.00738	0.00629	0.00417	0.00954	0.00983	0.01311	0.02206	0.10406	0.02559	0.70540	0.03138	0.00607	0.00617	0.01035	0.00417	0.00410
57	0.01329	0.01258	0.02130	0.59387	0.19755	0.01485	0.01871	0.01758	0.01357	0.01787	0.01185	0.01727	0.00914	0.00642	0.00657	0.00214	0.00856	0.00585	0.00300	0.00801
58	0.01629	0.01564	0.02672	0.04041	0.72757	0.01564	0.02020	0.02020	0.01499	0.02151	0.01238	0.01629	0.01043	0.00587	0.00652	0.00196	0.00782	0.00587	0.00326	0.01043
59	0.00957	0.00638	0.00718	0.00718	0.00718	0.00638	0.00399	0.00957	0.00957	0.01276	0.02074	0.04308	0.02393	0.76864	0.03351	0.00638	0.00638	0.00957	0.00399	0.00399
60	0.01733	0.72708	0.07764	0.01173	0.01761	0.02539	0.01207	0.01978	0.01341	0.01582	0.00932	0.01077	0.00844	0.00567	0.00435	0.00145	0.00721	0.00360	0.00281	0.00853
61	0.01253	0.00961	0.01226	0.03427	0.04786	0.03568	0.03435	0.01685	0.07669	0.07900	0.42242	0.04160	0.12669	0.01193	0.00742	0.00209	0.00453	0.01044	0.00652	0.00727
62	0.02275	0.01926	0.20907	0.01614	0.06423	0.07350	0.03256	0.02670	0.01694	0.39176	0.02007	0.04680	0.01401	0.00779	0.00656	0.00204	0.00745	0.00639	0.00580	0.01018
63	0.01510	0.01524	0.01943	0.34849	0.15303	0.12775	0.03347	0.04169	0.03656	0.01868	0.01731	0.02171	0.07075	0.04413	0.00790	0.00227	0.00842	0.00656	0.00363	0.00786
64	0.01063	0.01070	0.04810	0.02803	0.01304	0.06938	0.00810	0.01337	0.04507	0.01798	0.03808	0.28997	0.23283	0.03221	0.03587	0.00268	0.00558	0.03737	0.00537	0.05565
65	0.01609	0.01669	0.05552	0.14802	0.32788	0.09064	0.01656	0.04662	0.09588	0.02128	0.01524	0.06286	0.01300	0.00740	0.00653	0.00201	0.00781	0.00655	0.00391	0.03949

[dist]
# distance from previous block
# <min> <max>
0	32

[block]
# block no. 3 follows, 33 sequences, length 36
# corresponding to MSA columns:
# 197-232
name=unknown_D
#
# <colnr> <probs for GDERKNQSTAVLIFYWHMCP>
#	G	D	E	R	K	N	Q	S	T	A	V	L	I	F	Y	W	H	M	C	P
0	0.04749	0.07038	0.05165	0.06278	0.05830	0.01236	0.05210	0.05060	0.01453	0.02031	0.04198	0.09410	0.15441	0.02838	0.00839	0.00212	0.06575	0.02422	0.00445	0.13569
1	0.01346	0.01328	0.04998	0.44603	0.14905	0.03116	0.01651	0.04660	0.01421	0.01871	0.03312	0.04196	0.01297	0.07543	0.00904	0.00251	0.00815	0.00665	0.00345	0.00772
2	0.01247	0.00998	0.01094	0.01023	0.01296	0.03751	0.00805	0.01835	0.16336	0.05301	0.17764	0.06623	0.19214	0.01293	0.00739	0.00219	0.00469	0.11454	0.00624	0.07913
3	0.01692	0.01683	0.02611	0.03864	0.67420	0.07047	0.01964	0.02066	0.01527	0.02110	0.01222	0.01596	0.01028	0.00593	0.00647	0.00194	0.00813	0.00574	0.00327	0.01022
4	0.02185	0.01522	0.01703	0.01315	0.01809	0.01573	0.01070	0.41669	0.04630	0.11651	0.01683	0.01792	0.01251	0.03877	0.03705	0.00232	0.00691	0.00585	0.00603	0.16454
5	0.00893	0.00716	0.00753	0.00731	0.00960	0.00627	0.00552	0.01161	0.04983	0.03746	0.13649	0.05884	0.59888	0.01572	0.00770	0.00220	0.00346	0.01317	0.00632	0.00601
6	0.02419	0.03053	0.01847	0.01679	0.02019	0.70665	0.01261	0.02671	0.05281	0.01667	0.01099	0.01249	0.00905	0.00689	0.00597	0.00172	0.01155	0.00440	0.00355	0.00777
7	0.00940	0.00705	0.01058	0.01058	0.01176	0.00823	0.00823	0.01176	0.01058	0.01528	0.01763	0.02586	0.01646	0.04937	0.74255	0.01058	0.01763	0.00705	0.00353	0.00588
8	0.48554	0.03287	0.01375	0.01126	0.01560	0.10667	0.00917	0.15794	0.01666	0.07974	0.01181	0.01269	0.00879	0.00669	0.00499	0.00197	0.00645	0.00434	0.00475	0.00832
9	0.02254	0.16862	0.02371	0.01646	0.02097	0.38980	0.07434	0.16665	0.01994	0.02175	0.01144	0.01297	0.00918	0.00669	0.00591	0.00175	0.00991	0.00477	0.00394	0.00864
10	0.01566	0.01567	0.02341	0.28035	0.40909	0.08058	0.01869	0.01946	0.01454	0.01925	0.01183	0.01627	0.00963	0.00637	0.00697	0.00204	0.03232	0.00571	0.00315	0.00901
11	0.01442	0.00968	0.01087	0.00963	0.01127	0.01010	0.00672	0.18444	0.01563	0.05414	0.02048	0.03691	0.02111	0.50455	0.02427	0.00491	0.00654	0.04315	0.00494	0.00623
12	0.00802	0.00573	0.00764	0.00917	0.00955	0.00535	0.00611	0.00917	0.01260	0.01681	0.03628	0.76434	0.04354	0.02062	0.00840	0.00267	0.00382	0.01872	0.00611	0.00535
13	0.02406	0.07836	0.02072	0.01476	0.01999	0.02069	0.01232	0.62196	0.05916	0.03881	0.01575	0.01577	0.01136	0.00777	0.00640	0.00194	0.00714	0.00580	0.00629	0.01094
14	0.00956	0.00644	0.00747	0.00747	0.00757	0.00654	0.00435	0.00976	0.00966	0.01298	0.02048	0.04161	0.02330	0.70725	0.09402	0.00674	0.00734	0.00936	0.00395	0.00415
15	0.01816	0.71353	0.03323	0.01172	0.01717	0.08312	0.01138	0.02024	0.01380	0.01554	0.00923	0.01066	0.00845	0.00572	0.00436	0.00143	0.00743	0.00358	0.00286	0.00838
16	0.01776	0.22879	0.24043	0.01637	0.02286	0.09964	0.07808	0.11574	0.07967	0.02230	0.01293	0.01433	0.00998	0.00655	0.00589	0.00187	0.00862	0.00507	0.00378	0.00933
17	0.00802	0.00573	0.00764	0.00917	0.00955	0.00535	0.00611	0.00917	0.01260	0.01681	0.03628	0.76434	0.04354	0.02062	0.00840	0.00267	0.00382	0.01872	0.00611	0.00535
18	0.00878	0.00629	0.00847	0.00916	0.00976	0.00643	0.00633	0.01016	0.01174	0.01607	0.06202	0.37665	0.03284	0.17006	0.22773	0.00566	0.00831	0.01324	0.00501	0.00529
19	0.00800	0.00580	0.00757	0.00898	0.00950	0.00536	0.00603	0.00919	0.01279	0.01688	0.03858	0.71144	0.09496	0.02033	0.00836	0.00264	0.00378	0.01835	0.00611	0.00536
20	0.02280	0.14223	0.02072	0.01578	0.01954	0.56854	0.01229	0.02607	0.08034	0.01704	0.01151	0.01281	0.00952	0.00680	0.00574	0.00170	0.01054	0.00442	0.00360	0.00801
21	0.01073	0.00773	0.01084	0.05020	0.07631	0.00757	0.00829	0.02767	0.01449	0.05027	0.15930	0.40207	0.03872	0.07280	0.00982	0.00272	0.00471	0.03355	0.00584	0.00637
22	0.04161	0.26669	0.15036	0.01783	0.11448	0.17615	0.01484	0.06404	0.03416	0.02007	0.03519	0.01419	0.01094	0.00653	0.00558	0.00176	0.00844	0.00476	0.00351	0.00887
23	0.01665	0.01934	0.03529	0.02582	0.03172	0.11021	0.57931	0.02149	0.01566	0.02018	0.01267	0.01683	0.00973	0.00602	0.00824	0.00219	0.04951	0.00721	0.00331	0.00863
24	0.00918	0.00631	0.00720	0.00744	0.00769	0.00615	0.00440	0.00950	0.01052	0.01383	0.02722	0.15429	0.08975	0.58778	0.02739	0.00545	0.00572	0.01135	0.00450	0.00434
25	0.01523	0.01527	0.04213	0.06666	0.56156	0.01477	0.07383	0.01918	0.01493	0.02092	0.01728	0.02063	0.07432	0.00685	0.00673	0.00201	0.00777	0.00671	0.00349	0.00972
26	0.01964	0.20305	0.09947	0.01621	0.08595	0.01841	0.01345	0.17166	0.07375	0.12325	0.01536	0.01694	0.01187	0.03708	0.00816	0.00212	0.06364	0.00556	0.00478	0.00965
27	0.01540	0.01320	0.01400	0.01267	0.01615	0.01505	0.00982	0.03197	0.62707	0.02695	0.08147	0.02841	0.05949	0.00967	0.00683	0.00222	0.00495	0.00811	0.00671	0.00985
28	0.00798	0.00641	0.00712	0.00750	0.00915	0.00555	0.00541	0.00962	0.01464	0.01824	0.11361	0.25788	0.47879	0.01751	0.00795	0.00234	0.00345	0.01507	0.00621	0.00555
29	0.09084	0.08738	0.04653	0.15477	0.16592	0.19678	0.01503	0.10757	0.01692	0.02185	0.01144	0.01421	0.00914	0.00665	0.00637	0.00193	0.02931	0.00501	0.00366	0.00867
30	0.00862	0.00628	0.00766	0.00855	0.00919	0.00598	0.00564	0.01016	0.03587	0.01637	0.03625	0.48870	0.12345	0.18897	0.01395	0.00344	0.00439	0.01567	0.00565	0.00524
31	0.00802	0.00573	0.00764	0.00917	0.00955	0.00535	0.00611	0.00917	0.01260	0.01681	0.03628	0.76434	0.04354	0.02062	0.00840	0.00267	0.00382	0.01872	0.00611	0.00535
32	0.01486	0.01577	0.02776	0.02154	0.02425	0.01873	0.29464	0.01798	0.01230	0.01798	0.01054	0.01577	0.00919	0.00909	0.01598	0.00261	0.45349	0.00658	0.00306	0.00788
33	0.01850	0.25516	0.21422	0.03133	0.05121	0.11224	0.04956	0.15303	0.01774	0.02254	0.01165	0.01334	0.00911	0.00640	0.00575	0.00181	0.00867	0.00478	0.00365	0.00929
34	0.01799	0.01410	0.07927	0.01254	0.01674	0.01295	0.06229	0.21174	0.08263	0.08913	0.01928	0.02046	0.01425	0.00760	0.00590	0.00186	0.00584	0.00625	0.31028	0.00889
35	0.00979	0.00725	0.00895	0.00840	0.01019	0.00677	0.00632	0.04589	0.01840	0.02535	0.55423	0.08025	0.16546	0.01401	0.00774	0.00212	0.00338	0.01222	0.00698	0.00631

[dist]
# distance from previous block
# <min> <max>
1	9

[block]
# block no. 4 follows, 33 sequences, length 17
# corresponding to MSA columns:
# 242-258
name=unknown_E
#
# <colnr> <probs for GDERKNQSTAVLIFYWHMCP>
#	G	D	E	R	K	N	Q	S	T	A	V	L	I	F	Y	W	H	M	C	P
0	0.01768	0.61092	0.03025	0.01174	0.01687	0.08778	0.01105	0.02109	0.07132	0.01663	0.01324	0.01417	0.04124	0.00649	0.00474	0.00154	0.00715	0.00437	0.00333	0.00841
1	0.01731	0.24395	0.21780	0.03966	0.12015	0.11925	0.04996	0.06275	0.01565	0.01989	0.01120	0.01337	0.00898	0.00613	0.00572	0.00179	0.00874	0.00473	0.00323	0.02974
2	0.01197	0.00829	0.00931	0.00859	0.00947	0.00866	0.00553	0.11783	0.01295	0.01736	0.01981	0.03795	0.02157	0.61317	0.06607	0.00592	0.00710	0.00888	0.00437	0.00521
3	0.01192	0.00905	0.00958	0.00928	0.01125	0.06081	0.00686	0.03916	0.01646	0.07947	0.22013	0.24709	0.22345	0.01518	0.00767	0.00225	0.00437	0.01312	0.00639	0.00650
4	0.01415	0.01264	0.01959	0.09502	0.31076	0.01310	0.04659	0.04557	0.09483	0.02186	0.08442	0.06987	0.03868	0.06488	0.00896	0.00245	0.00678	0.03669	0.00453	0.00861
5	0.01717	0.08081	0.16875	0.14420	0.22516	0.04858	0.04135	0.09741	0.03454	0.06063	0.01331	0.01589	0.01012	0.00650	0.00632	0.00199	0.00834	0.00555	0.00380	0.00956
6	0.02123	0.02588	0.01832	0.01843	0.09518	0.53894	0.01282	0.02317	0.01722	0.01679	0.01523	0.01721	0.06755	0.00932	0.03438	0.00216	0.04955	0.00539	0.00358	0.00768
7	0.16825	0.09427	0.02082	0.03872	0.21056	0.27586	0.01373	0.04865	0.01588	0.02101	0.01070	0.01308	0.00887	0.00646	0.00604	0.00186	0.02859	0.00463	0.00353	0.00849
8	0.00822	0.00593	0.00762	0.00875	0.00935	0.00551	0.00588	0.00949	0.01306	0.01737	0.09376	0.59723	0.09761	0.07481	0.01015	0.00286	0.00391	0.01710	0.00605	0.00533
9	0.01001	0.00656	0.00819	0.00851	0.00942	0.00628	0.00575	0.01116	0.01243	0.06099	0.06330	0.30864	0.11620	0.25242	0.08580	0.00445	0.00595	0.01314	0.00539	0.00541
10	0.00802	0.00573	0.00764	0.00917	0.00955	0.00535	0.00611	0.00917	0.01260	0.01681	0.03628	0.76434	0.04354	0.02062	0.00840	0.00267	0.00382	0.01872	0.00611	0.00535
11	0.01968	0.50060	0.02877	0.01336	0.01802	0.25417	0.01188	0.02163	0.01491	0.01570	0.00945	0.01116	0.00847	0.00628	0.00559	0.00157	0.04378	0.00385	0.00300	0.00813
12	0.01144	0.00572	0.00858	0.00858	0.00858	0.00572	0.00572	0.00858	0.00858	0.01144	0.01144	0.02001	0.01144	0.02287	0.02573	0.80846	0.00572	0.00572	0.00286	0.00286
13	0.02065	0.24955	0.03956	0.04150	0.08655	0.37069	0.01340	0.03745	0.03317	0.01735	0.01064	0.01257	0.00900	0.00653	0.00592	0.00171	0.02775	0.00439	0.00331	0.00830
14	0.04007	0.18553	0.09140	0.04662	0.19269	0.12593	0.10428	0.05825	0.03251	0.02038	0.01171	0.01435	0.00953	0.00635	0.00652	0.00189	0.03429	0.00524	0.00341	0.00905
15	0.01057	0.00728	0.00839	0.00827	0.00881	0.00741	0.00518	0.06646	0.01186	0.01587	0.02287	0.16213	0.02597	0.55727	0.04960	0.00553	0.00638	0.01074	0.00454	0.00487
16	0.01568	0.10757	0.05840	0.22366	0.17636	0.07713	0.04516	0.03609	0.03352	0.01961	0.01199	0.01530	0.00961	0.00609	0.00599	0.00180	0.00800	0.00520	0.00338	0.13946

[dist]
# distance from previous block
# <min> <max>
0	2

[block]
# block no. 5 follows, 33 sequences, length 11
# corresponding to MSA columns:
# 261-271
name=unknown_F
#
# <colnr> <probs for GDERKNQSTAVLIFYWHMCP>
#	G	D	E	R	K	N	Q	S	T	A	V	L	I	F	Y	W	H	M	C	P
0	0.01001	0.00609	0.00779	0.00796	0.00808	0.00602	0.00495	0.00931	0.01002	0.01343	0.05139	0.12475	0.02378	0.38397	0.02654	0.28288	0.00569	0.00948	0.00401	0.00387
1	0.00859	0.00592	0.00775	0.00894	0.00929	0.00564	0.00594	0.00940	0.01199	0.01597	0.03226	0.57192	0.03824	0.14474	0.01356	0.04815	0.00445	0.04665	0.00558	0.00502
2	0.01578	0.01510	0.02319	0.11925	0.48588	0.03857	0.01752	0.02056	0.06254	0.02117	0.01313	0.01654	0.01074	0.00607	0.00631	0.00187	0.00752	0.00567	0.00354	0.10904
3	0.00938	0.00623	0.00788	0.00825	0.00849	0.00628	0.00523	0.00963	0.01033	0.01392	0.02311	0.21506	0.02639	0.41079	0.11497	0.09716	0.00708	0.01106	0.00432	0.00443
4	0.00940	0.00705	0.01058	0.01058	0.01176	0.00823	0.00823	0.01176	0.01058	0.01528	0.01763	0.02586	0.01646	0.04937	0.74255	0.01058	0.01763	0.00705	0.00353	0.00588
5	0.01430	0.02409	0.33815	0.02399	0.10431	0.01577	0.27760	0.02025	0.01447	0.02066	0.01404	0.01721	0.03218	0.00655	0.00768	0.00217	0.04782	0.00640	0.00315	0.00922
6	0.01374	0.00884	0.01112	0.00971	0.01201	0.00897	0.05383	0.05711	0.07814	0.06842	0.05292	0.02968	0.05873	0.13288	0.05476	0.00309	0.00564	0.00766	0.32580	0.00694
7	0.01084	0.00794	0.00949	0.00912	0.01022	0.00851	0.00632	0.04875	0.07644	0.01667	0.02311	0.03628	0.06592	0.40267	0.23292	0.00672	0.00937	0.00874	0.00438	0.00560
8	0.01355	0.01154	0.01387	0.01075	0.01517	0.01047	0.00862	0.01727	0.05824	0.02092	0.01329	0.01594	0.01117	0.00916	0.05738	0.00198	0.09833	0.00471	0.05232	0.55533
9	0.01118	0.05707	0.09067	0.06026	0.01591	0.01076	0.04300	0.01371	0.01135	0.01601	0.01658	0.02702	0.01608	0.23563	0.27327	0.00626	0.04198	0.00717	0.03986	0.00622
10	0.46541	0.03948	0.01399	0.02983	0.03453	0.17639	0.00954	0.07692	0.01480	0.02604	0.01084	0.03060	0.00892	0.00672	0.00496	0.00192	0.00695	0.00441	0.00409	0.03367

[dist]
# distance from previous block
# <min> <max>
0	19

[block]
# block no. 6 follows, 33 sequences, length 35
# corresponding to MSA columns:
# 291-325
name=unknown_G
#
# <colnr> <probs for GDERKNQSTAVLIFYWHMCP>
#	G	D	E	R	K	N	Q	S	T	A	V	L	I	F	Y	W	H	M	C	P
0	0.36691	0.05347	0.08143	0.01343	0.06777	0.05815	0.03023	0.04376	0.03885	0.02444	0.01763	0.04627	0.07878	0.00995	0.04168	0.00245	0.00689	0.00596	0.00420	0.00775
1	0.01803	0.01368	0.05570	0.01227	0.04064	0.01084	0.01003	0.08289	0.03815	0.16666	0.01545	0.01605	0.01146	0.00605	0.00557	0.00141	0.00562	0.00486	0.00500	0.47965
2	0.01154	0.00946	0.01264	0.01164	0.01275	0.01140	0.00909	0.05995	0.01215	0.01711	0.02049	0.02844	0.08302	0.13534	0.35042	0.00677	0.18996	0.00768	0.00390	0.00626
3	0.00808	0.00615	0.00722	0.00802	0.00907	0.00553	0.00548	0.00931	0.01323	0.01679	0.04645	0.42630	0.30287	0.09098	0.01058	0.00286	0.00388	0.01599	0.00591	0.00530
4	0.02260	0.01724	0.01839	0.01466	0.01949	0.01928	0.01193	0.51770	0.22282	0.03758	0.01888	0.01826	0.01369	0.00819	0.00662	0.00205	0.00667	0.00635	0.00662	0.01098
5	0.00802	0.00573	0.00764	0.00917	0.00955	0.00535	0.00611	0.00917	0.01260	0.01681	0.03628	0.76434	0.04354	0.02062	0.00840	0.00267	0.00382	0.01872	0.00611	0.00535
6	0.02462	0.03062	0.01872	0.01685	0.02036	0.70006	0.01271	0.06595	0.01937	0.01759	0.01050	0.01210	0.00864	0.00685	0.00597	0.00171	0.01160	0.00434	0.00358	0.00784
7	0.02518	0.01819	0.01960	0.01503	0.02029	0.02004	0.01241	0.68218	0.03053	0.06552	0.01616	0.01604	0.01137	0.00791	0.00659	0.00198	0.00719	0.00595	0.00664	0.01120
8	0.00813	0.00606	0.00749	0.00856	0.00943	0.00553	0.00591	0.00942	0.01316	0.01698	0.04314	0.53087	0.21283	0.05316	0.00940	0.00274	0.00390	0.04191	0.00601	0.00537
9	0.03679	0.00816	0.04352	0.00837	0.01055	0.00662	0.00676	0.01147	0.01576	0.02120	0.27912	0.13952	0.33446	0.01524	0.00769	0.00224	0.00379	0.03644	0.00626	0.00603
10	0.01661	0.01385	0.01457	0.01300	0.01667	0.01591	0.01014	0.07363	0.62654	0.02816	0.02577	0.02404	0.01934	0.00878	0.00655	0.00217	0.00518	0.00726	0.06164	0.01017
11	0.00832	0.00684	0.00742	0.00771	0.00980	0.00594	0.00607	0.01025	0.01503	0.01815	0.06063	0.06543	0.59416	0.01696	0.00803	0.00238	0.00385	0.14128	0.00610	0.00565
12	0.00835	0.00618	0.00786	0.00897	0.00990	0.00569	0.00641	0.00992	0.01371	0.01789	0.08299	0.50875	0.17495	0.01916	0.00832	0.00259	0.00394	0.09271	0.00617	0.00552
13	0.01548	0.01759	0.03793	0.02723	0.03356	0.01682	0.66979	0.02083	0.01527	0.02083	0.01309	0.01759	0.00992	0.00584	0.00845	0.00225	0.04774	0.00767	0.00331	0.00880
14	0.02329	0.02730	0.01815	0.01620	0.01983	0.55334	0.01232	0.09381	0.13378	0.02045	0.01344	0.01433	0.01064	0.00724	0.00612	0.00181	0.01033	0.00493	0.00424	0.00843
15	0.01718	0.70198	0.10143	0.01198	0.01801	0.02502	0.01251	0.01982	0.01343	0.01600	0.00941	0.01088	0.00844	0.00569	0.00442	0.00147	0.00730	0.00365	0.00281	0.00857
16	0.00800	0.00582	0.00755	0.00893	0.00949	0.00537	0.00600	0.00919	0.01284	0.01690	0.03922	0.69665	0.10933	0.02024	0.00834	0.00263	0.00377	0.01825	0.00611	0.00537
17	0.01605	0.01551	0.02472	0.08572	0.58915	0.03896	0.01864	0.01983	0.01486	0.02100	0.01220	0.01598	0.01019	0.00585	0.00635	0.00187	0.00774	0.00562	0.00330	0.08647
18	0.02152	0.09835	0.06923	0.01593	0.02004	0.44904	0.03254	0.08319	0.01801	0.03559	0.01189	0.01404	0.00973	0.01098	0.07943	0.00263	0.01126	0.00480	0.00370	0.00811
19	0.01311	0.09219	0.55511	0.04389	0.02647	0.01529	0.04559	0.01953	0.01399	0.01997	0.01689	0.01862	0.07694	0.00718	0.00630	0.00205	0.00891	0.00576	0.00313	0.00910
20	0.01522	0.01455	0.02479	0.23800	0.53835	0.01536	0.01967	0.01927	0.01448	0.02021	0.01219	0.01664	0.00997	0.00606	0.00654	0.00202	0.00809	0.00586	0.00317	0.00956
21	0.00833	0.00605	0.00792	0.00931	0.01001	0.00565	0.00658	0.00976	0.01315	0.01726	0.03894	0.61157	0.10642	0.01995	0.00843	0.00268	0.00406	0.10238	0.00611	0.00546
22	0.01088	0.00881	0.01297	0.12001	0.14312	0.00928	0.00983	0.01274	0.01183	0.01601	0.02156	0.13403	0.04928	0.29392	0.11324	0.00485	0.00798	0.00950	0.00403	0.00612
23	0.01071	0.00865	0.01094	0.03927	0.08052	0.03398	0.00847	0.01342	0.04276	0.03708	0.12785	0.35883	0.13775	0.01577	0.00781	0.00239	0.00472	0.04673	0.00585	0.00652
24	0.74002	0.01259	0.01021	0.00895	0.01312	0.01428	0.00737	0.02057	0.01193	0.09672	0.01077	0.01181	0.00801	0.00631	0.00432	0.00204	0.00514	0.00386	0.00446	0.00752
25	0.00957	0.00638	0.00718	0.00718	0.00718	0.00638	0.00399	0.00957	0.00957	0.01276	0.02074	0.04308	0.02393	0.76864	0.03351	0.00638	0.00638	0.00957	0.00399	0.00399
26	0.01763	0.19993	0.21766	0.04814	0.09083	0.12692	0.04876	0.09044	0.03949	0.02095	0.01187	0.01393	0.00937	0.00655	0.00636	0.00189	0.03173	0.00495	0.00347	0.00914
27	0.01643	0.01392	0.02260	0.25816	0.26378	0.01507	0.07532	0.08509	0.01598	0.07075	0.01390	0.01761	0.01066	0.00675	0.00715	0.00207	0.03800	0.00609	0.05163	0.00905
28	0.00802	0.00573	0.00764	0.00917	0.00955	0.00535	0.00611	0.00917	0.01260	0.01681	0.03628	0.76434	0.04354	0.02062	0.00840	0.00267	0.00382	0.01872	0.00611	0.00535
29	0.02457	0.01365	0.01578	0.01234	0.01691	0.01398	0.01012	0.33648	0.02352	0.29805	0.02058	0.01976	0.01407	0.00796	0.00626	0.00192	0.00592	0.00622	0.14155	0.01035
30	0.01569	0.01695	0.02457	0.04139	0.04759	0.11101	0.20021	0.01850	0.01295	0.01748	0.01094	0.01593	0.00959	0.01157	0.06451	0.00303	0.36103	0.00620	0.00313	0.00773
31	0.01082	0.00812	0.01177	0.04074	0.11077	0.00811	0.00930	0.01299	0.01348	0.04457	0.06338	0.27165	0.08170	0.07229	0.11807	0.00394	0.00705	0.09958	0.00520	0.00647
32	0.01887	0.53330	0.02956	0.01312	0.01771	0.18664	0.01189	0.02082	0.01425	0.01566	0.00933	0.01122	0.00847	0.00645	0.00627	0.00161	0.07980	0.00390	0.00295	0.00815
33	0.01593	0.01302	0.01607	0.01317	0.04288	0.01287	0.01024	0.11914	0.01611	0.05221	0.06133	0.01701	0.01364	0.00740	0.00877	0.00166	0.15408	0.00530	0.00447	0.41470
34	0.01493	0.01491	0.07797	0.17684	0.17728	0.01389	0.12688	0.08887	0.01642	0.04573	0.05125	0.05609	0.07822	0.00829	0.00694	0.00212	0.00769	0.00770	0.01936	0.00863

[dist]
# distance from previous block
# <min> <max>
0	1

[block]
# block no. 7 follows, 33 sequences, length 37
# corresponding to MSA columns:
# 327-363
name=unknown_H
#
# <colnr> <probs for GDERKNQSTAVLIFYWHMCP>
#	G	D	E	R	K	N	Q	S	T	A	V	L	I	F	Y	W	H	M	C	P
0	0.08587	0.01841	0.02083	0.07509	0.21548	0.18281	0.06714	0.08186	0.07557	0.02282	0.01355	0.01608	0.01075	0.00685	0.00668	0.00197	0.03262	0.00559	0.05116	0.00887
1	0.07770	0.02506	0.02002	0.02055	0.13703	0.46511	0.03008	0.02339	0.01640	0.01804	0.01036	0.01297	0.00876	0.00713	0.00785	0.00192	0.10150	0.00473	0.00335	0.00804
2	0.02014	0.01586	0.01506	0.08903	0.01903	0.15880	0.01061	0.15775	0.10480	0.12362	0.01837	0.01928	0.01356	0.00765	0.00600	0.00188	0.00685	0.00591	0.19705	0.00878
3	0.00952	0.00716	0.00982	0.04378	0.01258	0.00719	0.02486	0.01229	0.07377	0.01761	0.03188	0.54766	0.03643	0.03504	0.00977	0.05018	0.00465	0.05428	0.00571	0.00583
4	0.01642	0.01119	0.01279	0.01135	0.01461	0.01176	0.00882	0.05589	0.32329	0.15105	0.14036	0.09583	0.09589	0.01123	0.00710	0.00220	0.00474	0.00954	0.00693	0.00902
5	0.00799	0.00628	0.00723	0.00784	0.00924	0.00551	0.00556	0.00954	0.01424	0.01798	0.10033	0.35933	0.38934	0.01812	0.00804	0.00240	0.00352	0.01580	0.00619	0.00551
6	0.02356	0.02379	0.01842	0.01577	0.01979	0.37036	0.01245	0.31495	0.02360	0.02725	0.01473	0.01898	0.01220	0.00825	0.00649	0.00193	0.00939	0.06409	0.00499	0.00902
7	0.01560	0.01513	0.02432	0.05864	0.61512	0.03684	0.01844	0.01924	0.01505	0.02084	0.01755	0.02075	0.07947	0.00696	0.00662	0.00198	0.00754	0.00659	0.00353	0.00977
8	0.02284	0.16420	0.04447	0.01522	0.01948	0.43472	0.01246	0.10014	0.01865	0.06713	0.01196	0.01328	0.00955	0.00810	0.02872	0.00199	0.01016	0.00456	0.00394	0.00843
9	0.01574	0.08342	0.03807	0.02672	0.05540	0.01743	0.62117	0.02094	0.01533	0.02061	0.01293	0.01708	0.00987	0.00557	0.00742	0.00214	0.01064	0.00734	0.00328	0.00889
10	0.00817	0.00586	0.00779	0.00927	0.00977	0.00548	0.00635	0.00944	0.01282	0.01700	0.03703	0.70446	0.06189	0.02037	0.00843	0.00268	0.00394	0.05774	0.00611	0.00540
11	0.01405	0.01165	0.01171	0.01053	0.01325	0.08042	0.00824	0.13000	0.06016	0.04327	0.27301	0.04309	0.20186	0.01260	0.00740	0.00213	0.00509	0.05776	0.00640	0.00738
12	0.01134	0.06222	0.01307	0.01103	0.01287	0.01055	0.00882	0.07274	0.01255	0.01758	0.01687	0.02390	0.01543	0.04267	0.62622	0.00918	0.01598	0.00671	0.00374	0.00652
13	0.00800	0.00582	0.00754	0.00892	0.00949	0.00537	0.00600	0.00919	0.01284	0.01690	0.03923	0.69649	0.10949	0.02024	0.00834	0.00263	0.00377	0.01825	0.00611	0.00537
14	0.00846	0.00605	0.00815	0.00967	0.01025	0.00573	0.00688	0.00993	0.01304	0.01730	0.03604	0.64616	0.04257	0.02021	0.00852	0.00273	0.00420	0.13252	0.00610	0.00547
15	0.01551	0.01509	0.04633	0.27919	0.42431	0.01562	0.01914	0.06758	0.01547	0.02131	0.01238	0.01661	0.00986	0.00626	0.00654	0.00204	0.00816	0.00583	0.00337	0.00941
16	0.03786	0.00623	0.00758	0.00856	0.00933	0.00587	0.00577	0.00976	0.01279	0.01736	0.06647	0.53401	0.13088	0.10219	0.01092	0.00298	0.00406	0.01622	0.00585	0.00533
17	0.00943	0.00642	0.00766	0.00777	0.00796	0.00654	0.00470	0.00983	0.00994	0.01340	0.02153	0.09626	0.02447	0.61790	0.12353	0.00664	0.00764	0.00995	0.00409	0.00434
18	0.00942	0.00698	0.01020	0.01020	0.01125	0.00802	0.00776	0.01151	0.01047	0.01500	0.01798	0.02777	0.01729	0.12908	0.66398	0.01011	0.01639	0.00733	0.00358	0.00567
19	0.02354	0.01701	0.01831	0.01419	0.01916	0.01855	0.01167	0.61126	0.02892	0.06686	0.02114	0.02067	0.08048	0.00876	0.00670	0.00200	0.00680	0.00673	0.00660	0.01065
20	0.01440	0.01440	0.02016	0.01728	0.01728	0.02016	0.01440	0.01584	0.01008	0.01584	0.00864	0.01440	0.00864	0.01152	0.02160	0.00288	0.75659	0.00576	0.00288	0.00720
21	0.01357	0.01286	0.02180	0.54328	0.24600	0.01492	0.01885	0.01782	0.01370	0.01820	0.01190	0.01718	0.00926	0.00637	0.00656	0.00212	0.00849	0.00585	0.00302	0.00823
