[name]
unknown

[dist]
# distance from previous block
# <min> <max>
4	78

[block]
# block no. 0 follows, 33 sequences, length 6
# corresponding to MSA columns:
# 95-100
name=unknown_A
#
# <colnr> <probs for GDERKNQSTAVLIFYWHMCP>
#	G	D	E	R	K	N	Q	S	T	A	V	L	I	F	Y	W	H	M	C	P
0	0.09595	0.10459	0.06362	0.01371	0.03385	0.21209	0.01103	0.07834	0.07815	0.02033	0.01425	0.01949	0.01273	0.14000	0.05024	0.00311	0.03110	0.00571	0.00401	0.00770
1	0.25320	0.02452	0.01618	0.01435	0.01816	0.45012	0.01108	0.10125	0.01789	0.02287	0.01052	0.01198	0.00840	0.00672	0.00547	0.00183	0.00939	0.00424	0.00395	0.00789
2	0.27480	0.12871	0.05219	0.01247	0.01731	0.04590	0.01085	0.22126	0.12772	0.02969	0.01401	0.01452	0.01064	0.00703	0.00541	0.00195	0.00650	0.00494	0.00494	0.00916
3	0.02006	0.01595	0.06493	0.01387	0.01854	0.01611	0.01169	0.17627	0.41339	0.14012	0.02331	0.02164	0.01681	0.00841	0.00663	0.00214	0.00601	0.00682	0.00663	0.01066
4	0.01336	0.00910	0.01118	0.00971	0.01114	0.00927	0.04111	0.12010	0.01371	0.05616	0.01987	0.03643	0.02083	0.57041	0.02656	0.00525	0.00671	0.00875	0.00458	0.00575
5	0.13870	0.01201	0.01071	0.01005	0.01183	0.10887	0.00715	0.04625	0.06965	0.01875	0.01799	0.03067	0.01818	0.36400	0.08204	0.00479	0.00782	0.03020	0.00429	0.00604

[dist]
# distance from previous block
# <min> <max>
3	9

[block]
# block no. 1 follows, 33 sequences, length 60
# corresponding to MSA columns:
# 110-169
name=unknown_B
#
# <colnr> <probs for GDERKNQSTAVLIFYWHMCP>
#	G	D	E	R	K	N	Q	S	T	A	V	L	I	F	Y	W	H	M	C	P
0	0.01456	0.03969	0.09888	0.02144	0.18077	0.03191	0.12362	0.02057	0.11576	0.02099	0.02120	0.02298	0.10540	0.00808	0.00780	0.00204	0.06543	0.00703	0.00412	0.08772
1	0.01103	0.03815	0.03200	0.00924	0.01160	0.00829	0.00740	0.03418	0.05664	0.04111	0.53303	0.06250	0.08557	0.01257	0.00741	0.00205	0.00381	0.01093	0.00675	0.02573
2	0.01378	0.02873	0.54858	0.06021	0.09627	0.01494	0.02191	0.04660	0.01465	0.02143	0.01363	0.01586	0.02990	0.00655	0.00630	0.00203	0.00901	0.00529	0.00312	0.04120
3	0.01339	0.01123	0.01226	0.01170	0.01454	0.01238	0.00908	0.02551	0.44338	0.02385	0.03509	0.12328	0.13561	0.01257	0.00734	0.00237	0.00485	0.08652	0.00647	0.00856
4	0.01419	0.01315	0.02125	0.03063	0.50929	0.01284	0.01602	0.01766	0.01530	0.02143	0.08969	0.02770	0.10835	0.00843	0.00684	0.00200	0.00660	0.03366	0.00415	0.04080
5	0.01898	0.01361	0.01430	0.01219	0.03135	0.09189	0.00945	0.14215	0.01913	0.17932	0.09329	0.05098	0.10515	0.00969	0.00664	0.00189	0.00596	0.03709	0.00599	0.15095
6	0.00973	0.00739	0.00904	0.00861	0.01040	0.00707	0.00645	0.01404	0.08587	0.02482	0.52912	0.08804	0.14677	0.01385	0.00770	0.00214	0.00338	0.01211	0.00698	0.00649
7	0.02432	0.01806	0.01937	0.01492	0.02013	0.01991	0.01229	0.65669	0.06040	0.04031	0.01617	0.01613	0.01154	0.00786	0.00654	0.00196	0.00709	0.00594	0.00651	0.03385
8	0.00944	0.00656	0.00801	0.00774	0.00853	0.00630	0.00512	0.01103	0.01420	0.01972	0.37949	0.04619	0.04341	0.38345	0.02038	0.00418	0.00471	0.01076	0.00565	0.00512
9	0.00940	0.00705	0.01058	0.01058	0.01176	0.00823	0.00823	0.01176	0.01058	0.01528	0.01763	0.02586	0.01646	0.04937	0.74255	0.01058	0.01763	0.00705	0.00353	0.00588
10	0.01637	0.01414	0.01489	0.01340	0.01712	0.01637	0.01042	0.03498	0.71568	0.02754	0.02679	0.02456	0.02010	0.00893	0.00670	0.00223	0.00521	0.00744	0.00670	0.01042
11	0.01365	0.01170	0.01365	0.00975	0.01560	0.00878	0.00780	0.01658	0.01365	0.02145	0.01170	0.01365	0.00975	0.00488	0.00488	0.00098	0.00488	0.00390	0.00390	0.80888
12	0.00829	0.00604	0.00749	0.00853	0.00919	0.00560	0.00573	0.00940	0.01262	0.01644	0.03898	0.51685	0.15488	0.13408	0.01215	0.00317	0.00419	0.03538	0.00579	0.00520
13	0.00817	0.00665	0.00723	0.00716	0.00915	0.00571	0.00534	0.01017	0.01581	0.01986	0.22692	0.08654	0.53628	0.01603	0.00780	0.00220	0.00330	0.01359	0.00639	0.00571
14	0.00940	0.00705	0.01058	0.01058	0.01176	0.00823	0.00823	0.01176	0.01058	0.01528	0.01763	0.02586	0.01646	0.04937	0.74255	0.01058	0.01763	0.00705	0.00353	0.00588
15	0.19586	0.01014	0.01118	0.00971	0.01275	0.01043	0.00767	0.08766	0.04580	0.11940	0.37347	0.03269	0.03698	0.01037	0.00662	0.00206	0.00438	0.00856	0.00656	0.00773
16	0.07337	0.01315	0.01527	0.01207	0.01638	0.01337	0.00972	0.27637	0.02187	0.30681	0.07195	0.02334	0.01800	0.08697	0.00931	0.00247	0.00607	0.00687	0.00682	0.00983
17	0.00812	0.00659	0.00720	0.00723	0.00915	0.00567	0.00535	0.01003	0.01552	0.01946	0.19859	0.12646	0.52488	0.01639	0.00784	0.00223	0.00333	0.01394	0.00635	0.00567
18	0.00809	0.00578	0.00770	0.00912	0.00956	0.00539	0.00612	0.00935	0.01294	0.01733	0.07413	0.72499	0.04456	0.02023	0.00837	0.00264	0.00378	0.01834	0.00617	0.00539
19	0.00833	0.00647	0.00758	0.00777	0.00935	0.00572	0.00565	0.01034	0.01561	0.02032	0.27090	0.22274	0.35250	0.01656	0.00792	0.00228	0.00337	0.01438	0.00648	0.00572
20	0.00840	0.00662	0.00750	0.00742	0.00921	0.00580	0.00546	0.01048	0.01593	0.02058	0.29492	0.10379	0.42054	0.04334	0.00876	0.00235	0.00340	0.01335	0.00644	0.00572
21	0.02372	0.01697	0.01864	0.01453	0.01939	0.01870	0.01196	0.60479	0.02837	0.07288	0.01648	0.01711	0.01196	0.01196	0.07843	0.00282	0.00818	0.00607	0.00636	0.01068
22	0.00802	0.00573	0.00764	0.00917	0.00955	0.00535	0.00611	0.00917	0.01260	0.01681	0.03628	0.76434	0.04354	0.02062	0.00840	0.00267	0.00382	0.01872	0.00611	0.00535
23	0.00944	0.00683	0.00867	0.00914	0.01053	0.00643	0.00713	0.01147	0.01495	0.01965	0.20776	0.10768	0.19433	0.08255	0.01147	0.04720	0.00459	0.22857	0.00601	0.00558
24	0.00903	0.00710	0.00805	0.00811	0.00989	0.00656	0.00608	0.01186	0.05371	0.01964	0.18239	0.09839	0.37841	0.08943	0.01040	0.00271	0.00400	0.08223	0.00615	0.00584
25	0.00957	0.00638	0.00718	0.00718	0.00718	0.00638	0.00399	0.00957	0.00957	0.01276	0.02074	0.04308	0.02393	0.76864	0.03351	0.00638	0.00638	0.00957	0.00399	0.00399
26	0.13986	0.01246	0.01513	0.01177	0.01675	0.01194	0.00972	0.12692	0.01950	0.53380	0.02214	0.01981	0.01427	0.00783	0.00626	0.00203	0.00577	0.00609	0.00735	0.01063
27	0.02185	0.01775	0.01929	0.10629	0.05769	0.07747	0.01342	0.46508	0.05607	0.03362	0.01621	0.01932	0.01250	0.00816	0.00667	0.00205	0.00768	0.04311	0.00569	0.01008
28	0.01582	0.01660	0.02676	0.09756	0.09467	0.09983	0.30054	0.04807	0.01499	0.01951	0.01281	0.01753	0.01042	0.01178	0.08572	0.04213	0.06720	0.00658	0.00339	0.00809
29	0.00968	0.00746	0.01111	0.01095	0.01206	0.00889	0.00857	0.01198	0.01055	0.01531	0.01714	0.02523	0.01603	0.04729	0.70288	0.01016	0.05829	0.00698	0.00349	0.00595
30	0.01339	0.01267	0.02147	0.57701	0.21370	0.01488	0.01876	0.01766	0.01361	0.01798	0.01187	0.01724	0.00918	0.00641	0.00657	0.00214	0.00854	0.00585	0.00301	0.00808
31	0.05481	0.01546	0.04920	0.14521	0.50277	0.01525	0.05259	0.02018	0.01467	0.04906	0.01268	0.01644	0.01015	0.00607	0.00647	0.00202	0.00797	0.00584	0.00343	0.00972
32	0.01756	0.06016	0.05840	0.19636	0.27187	0.13112	0.05102	0.09641	0.01680	0.02140	0.01210	0.01548	0.00959	0.00639	0.00637	0.00196	0.00883	0.00553	0.00353	0.00913
33	0.01497	0.01539	0.02887	0.21428	0.14965	0.01593	0.32592	0.02162	0.10434	0.02089	0.01447	0.01833	0.01104	0.00630	0.00712	0.00217	0.00921	0.00692	0.00364	0.00893
34	0.01058	0.00699	0.00822	0.00791	0.00996	0.00610	0.00590	0.01233	0.01553	0.09299	0.19237	0.13249	0.39828	0.01591	0.00872	0.04671	0.00371	0.01282	0.00638	0.00610
35	0.01602	0.01718	0.10019	0.06272	0.50058	0.01517	0.09531	0.02044	0.01501	0.04717	0.01369	0.01852	0.01128	0.00642	0.00673	0.00205	0.00828	0.02983	0.00348	0.00994
36	0.01635	0.02041	0.21298	0.03113	0.40886	0.01524	0.10343	0.02134	0.01505	0.07258	0.01333	0.01628	0.01025	0.00609	0.00661	0.00203	0.00856	0.00589	0.00349	0.01011
37	0.00940	0.00750	0.01068	0.13881	0.04147	0.00766	0.00919	0.01155	0.01348	0.01752	0.03530	0.41271	0.13195	0.01678	0.00803	0.00255	0.00506	0.10890	0.00545	0.00600
38	0.02384	0.01623	0.01843	0.01458	0.01945	0.05045	0.04485	0.32310	0.17420	0.21353	0.02040	0.01930	0.01424	0.00802	0.00665	0.00205	0.00679	0.00644	0.00670	0.01075
39	0.01409	0.02948	0.57085	0.07674	0.05688	0.01513	0.07444	0.02097	0.01420	0.04871	0.01250	0.01490	0.00889	0.00629	0.00642	0.00210	0.00952	0.00527	0.00306	0.00956
40	0.00935	0.00786	0.01316	0.01245	0.01395	0.00735	0.12953	0.01128	0.01312	0.01756	0.03222	0.63225	0.03760	0.01796	0.00829	0.00259	0.00511	0.01678	0.00562	0.00597
41	0.05351	0.01200	0.01476	0.04846	0.06644	0.00988	0.00925	0.01783	0.01389	0.06072	0.01241	0.01436	0.00998	0.00527	0.00513	0.00121	0.00532	0.00427	0.00405	0.63127
42	0.02416	0.01959	0.07230	0.01541	0.02101	0.02004	0.01338	0.65528	0.02970	0.03997	0.01551	0.01567	0.01099	0.00778	0.00656	0.00198	0.00743	0.00585	0.00631	0.01109
43	0.00802	0.00670	0.00703	0.00723	0.00931	0.00571	0.00551	0.00977	0.01490	0.01789	0.06269	0.09711	0.63734	0.01698	0.00792	0.00231	0.00358	0.06830	0.00611	0.00559
44	0.00957	0.00638	0.00718	0.00718	0.00718	0.00638	0.00399	0.00957	0.00957	0.01276	0.02074	0.04308	0.02393	0.76864	0.03351	0.00638	0.00638	0.00957	0.00399	0.00399
45	0.01832	0.69857	0.03299	0.01173	0.01724	0.05706	0.01140	0.05784	0.01458	0.01695	0.00956	0.01091	0.00860	0.00581	0.00443	0.00145	0.00726	0.00368	0.00305	0.00856
46	0.01356	0.09340	0.67828	0.01816	0.02756	0.01615	0.02327	0.02076	0.01386	0.02042	0.01160	0.01363	0.00835	0.00620	0.00609	0.00203	0.00951	0.00476	0.00278	0.00963
47	0.01997	0.05124	0.02085	0.01698	0.01955	0.27788	0.04008	0.13434	0.01694	0.02038	0.01058	0.01371	0.00905	0.00877	0.01230	0.00222	0.30809	0.00524	0.00369	0.00813
48	0.01669	0.50931	0.12801	0.01203	0.01766	0.03997	0.01234	0.01964	0.01437	0.05674	0.06750	0.01740	0.05039	0.00706	0.00514	0.00164	0.00698	0.00508	0.00363	0.00844
49	0.02954	0.01120	0.01528	0.01171	0.01681	0.00968	0.00968	0.03208	0.01884	0.73213	0.02597	0.02241	0.01630	0.00815	0.00662	0.00204	0.00560	0.00662	0.00815	0.01120
50	0.01331	0.01267	0.02100	0.55280	0.16114	0.01538	0.01822	0.01731	0.01316	0.01753	0.01150	0.01701	0.00905	0.00697	0.00812	0.00222	0.08595	0.00584	0.00298	0.00784
51	0.01686	0.62690	0.10457	0.04525	0.03740	0.02396	0.01311	0.02007	0.03001	0.01653	0.01003	0.01168	0.00878	0.00582	0.00465	0.00154	0.00737	0.00391	0.00292	0.00863
52	0.00800	0.00582	0.00754	0.00892	0.00948	0.00537	0.00600	0.00919	0.01285	0.01690	0.03934	0.69395	0.11197	0.02023	0.00834	0.00263	0.00377	0.01823	0.00611	0.00537
53	0.00977	0.00755	0.01111	0.01091	0.01194	0.00900	0.00848	0.01195	0.01050	0.01521	0.01713	0.02583	0.01624	0.07967	0.65825	0.00983	0.07017	0.00708	0.00350	0.00589
54	0.00939	0.00641	0.00772	0.00798	0.00820	0.00648	0.00495	0.00990	0.01029	0.01382	0.02303	0.13847	0.02632	0.56773	0.10106	0.00619	0.00717	0.03616	0.00430	0.00444
55	0.01537	0.05682	0.49846	0.01910	0.02750	0.01584	0.12758	0.05329	0.03990	0.06466	0.01351	0.01535	0.00962	0.00640	0.00647	0.00208	0.00932	0.00551	0.00350	0.00973
56	0.00824	0.00626	0.00759	0.00816	0.00940	0.00561	0.00578	0.01000	0.01476	0.01932	0.20391	0.37502	0.26669	0.01771	0.00806	0.00239	0.00350	0.01560	0.00637	0.00561
57	0.01650	0.01535	0.02713	0.03612	0.57092	0.01511	0.11369	0.02047	0.01516	0.05475	0.01406	0.04524	0.01190	0.00649	0.00677	0.00202	0.00802	0.00665	0.00361	0.01006
58	0.06975	0.02385	0.34580	0.02076	0.08097	0.01538	0.17476	0.06276	0.04260	0.05742	0.01423	0.03717	0.01082	0.00676	0.00659	0.00212	0.00888	0.00616	0.00377	0.00948
59	0.00978	0.00730	0.00980	0.01145	0.03368	0.00717	0.00862	0.01270	0.04802	0.01878	0.03640	0.36350	0.08202	0.01830	0.00852	0.00276	0.00495	0.30415	0.00603	0.00607

[dist]
# distance from previous block
# <min> <max>
0	5

[block]
# block no. 2 follows, 33 sequences, length 122
# corresponding to MSA columns:
# 175-296
name=unknown_C
#
# <colnr> <probs for GDERKNQSTAVLIFYWHMCP>
#	G	D	E	R	K	N	Q	S	T	A	V	L	I	F	Y	W	H	M	C	P
0	0.01593	0.07410	0.35781	0.01977	0.07886	0.01552	0.12867	0.04226	0.05861	0.08575	0.04864	0.01766	0.01289	0.00680	0.00653	0.00205	0.00858	0.00600	0.00396	0.00961
1	0.01732	0.04104	0.02610	0.03232	0.47589	0.06209	0.08735	0.07351	0.03835	0.02265	0.01291	0.01606	0.01052	0.00608	0.00646	0.00191	0.00811	0.00583	0.00366	0.05183
2	0.00873	0.00664	0.00803	0.00782	0.00951	0.00594	0.00581	0.01124	0.01705	0.02296	0.46467	0.10331	0.27432	0.01499	0.00781	0.00216	0.00323	0.01302	0.00680	0.00594
3	0.01440	0.01440	0.02016	0.01728	0.01728	0.02016	0.01440	0.01584	0.01008	0.01584	0.00864	0.01440	0.00864	0.01152	0.02160	0.00288	0.75659	0.00576	0.00288	0.00720
4	0.01386	0.13471	0.56371	0.01680	0.02557	0.01613	0.02082	0.02026	0.01380	0.02016	0.01143	0.01341	0.00850	0.00603	0.00583	0.00188	0.00886	0.00458	0.00290	0.09076
5	0.01629	0.01564	0.02672	0.04041	0.72757	0.01564	0.02020	0.02020	0.01499	0.02151	0.01238	0.01629	0.01043	0.00587	0.00652	0.00196	0.00782	0.00587	0.00326	0.01043
6	0.00932	0.00673	0.00880	0.00828	0.00984	0.00621	0.00621	0.01242	0.01863	0.02640	0.72410	0.04918	0.06212	0.01346	0.00776	0.00207	0.00311	0.01191	0.00725	0.00621
7	0.00852	0.00634	0.00835	0.00987	0.02887	0.00590	0.00674	0.01010	0.01360	0.01793	0.08400	0.54573	0.13295	0.01904	0.00829	0.00259	0.00401	0.07544	0.00610	0.00563
8	0.01629	0.01564	0.02672	0.04041	0.72757	0.01564	0.02020	0.02020	0.01499	0.02151	0.01238	0.01629	0.01043	0.00587	0.00652	0.00196	0.00782	0.00587	0.00326	0.01043
9	0.02954	0.01120	0.01528	0.01171	0.01681	0.00968	0.00968	0.03208	0.01884	0.73213	0.02597	0.02241	0.01630	0.00815	0.00662	0.00204	0.00560	0.00662	0.00815	0.01120
10	0.06111	0.01088	0.01448	0.01134	0.01606	0.00959	0.00929	0.02986	0.01831	0.64526	0.05992	0.04649	0.01902	0.00871	0.00662	0.00206	0.00540	0.00713	0.00787	0.01060
11	0.00802	0.00573	0.00764	0.00917	0.00955	0.00535	0.00611	0.00917	0.01260	0.01681	0.03628	0.76434	0.04354	0.02062	0.00840	0.00267	0.00382	0.01872	0.00611	0.00535
12	0.00802	0.00573	0.00764	0.00917	0.00955	0.00535	0.00611	0.00917	0.01260	0.01681	0.03628	0.76434	0.04354	0.02062	0.00840	0.00267	0.00382	0.01872	0.00611	0.00535
13	0.02459	0.03138	0.01866	0.01696	0.02035	0.74221	0.01272	0.02629	0.01866	0.01611	0.01018	0.01187	0.00848	0.00678	0.00594	0.00170	0.01187	0.00424	0.00339	0.00763
14	0.01243	0.01170	0.01975	0.75282	0.04534	0.01463	0.01828	0.01682	0.01316	0.01682	0.01170	0.01755	0.00878	0.00658	0.00658	0.00219	0.00878	0.00585	0.00293	0.00731
15	0.78117	0.01245	0.00953	0.00855	0.01252	0.01440	0.00702	0.01918	0.01131	0.02933	0.00969	0.01128	0.00754	0.00618	0.00410	0.00202	0.00501	0.00367	0.03797	0.00709
16	0.02939	0.01144	0.01542	0.01182	0.01692	0.01002	0.00977	0.05379	0.01923	0.70988	0.02564	0.02219	0.01613	0.00814	0.00662	0.00204	0.00565	0.00660	0.00810	0.01120
17	0.01320	0.03405	0.73453	0.01876	0.02849	0.01529	0.02432	0.02085	0.01390	0.02085	0.01181	0.01390	0.00834	0.00625	0.00625	0.00208	0.00973	0.00486	0.00278	0.00973
18	0.02817	0.01348	0.01619	0.01259	0.01760	0.04706	0.01032	0.14585	0.04006	0.56130	0.02351	0.02084	0.01516	0.00806	0.00658	0.00202	0.00617	0.00641	0.00761	0.01101
19	0.00831	0.00669	0.00740	0.00722	0.00922	0.00578	0.00542	0.01047	0.01625	0.02075	0.29271	0.05848	0.49703	0.01557	0.00778	0.00217	0.00326	0.01321	0.00650	0.00578
20	0.01243	0.01170	0.01975	0.75282	0.04534	0.01463	0.01828	0.01682	0.01316	0.01682	0.01170	0.01755	0.00878	0.00658	0.00658	0.00219	0.00878	0.00585	0.00293	0.00731
21	0.01243	0.01170	0.01975	0.75282	0.04534	0.01463	0.01828	0.01682	0.01316	0.01682	0.01170	0.01755	0.00878	0.00658	0.00658	0.00219	0.00878	0.00585	0.00293	0.00731
22	0.02118	0.01653	0.01759	0.01437	0.01895	0.01862	0.01158	0.40733	0.33551	0.03528	0.02069	0.01970	0.01515	0.00836	0.00664	0.00209	0.00634	0.00660	0.00664	0.01085
23	0.00839	0.00616	0.00725	0.00795	0.00872	0.00569	0.00523	0.00935	0.01240	0.01594	0.04006	0.37797	0.21922	0.22703	0.01520	0.00358	0.00440	0.01490	0.00552	0.00503
24	0.01629	0.01564	0.02672	0.04041	0.72757	0.01564	0.02020	0.02020	0.01499	0.02151	0.01238	0.01629	0.01043	0.00587	0.00652	0.00196	0.00782	0.00587	0.00326	0.01043
25	0.00833	0.00595	0.00799	0.00952	0.01004	0.00561	0.00665	0.00970	0.01291	0.01715	0.03611	0.68196	0.04287	0.02033	0.00849	0.00272	0.00409	0.09805	0.00611	0.00543
26	0.01590	0.01524	0.02601	0.11280	0.65824	0.01554	0.02001	0.01986	0.01480	0.02103	0.01231	0.01642	0.01026	0.00594	0.00652	0.00198	0.00792	0.00586	0.00322	0.01011
27	0.01320	0.03405	0.73453	0.01876	0.02849	0.01529	0.02432	0.02085	0.01390	0.02085	0.01181	0.01390	0.00834	0.00625	0.00625	0.00208	0.00973	0.00486	0.00278	0.00973
28	0.01107	0.00794	0.00972	0.00993	0.01119	0.00798	0.00714	0.11327	0.01574	0.02114	0.10102	0.43460	0.03766	0.11485	0.01138	0.00302	0.00476	0.06540	0.00602	0.00618
29	0.04977	0.02035	0.28124	0.01453	0.02128	0.01296	0.01524	0.08001	0.03823	0.37056	0.01939	0.01841	0.01276	0.00738	0.00640	0.00206	0.00723	0.00584	0.00586	0.01049
30	0.01330	0.01128	0.01320	0.00973	0.01507	0.00878	0.00773	0.01679	0.03837	0.02216	0.08461	0.01764	0.01543	0.00589	0.00523	0.00113	0.00471	0.00484	0.00434	0.69978
31	0.01547	0.01757	0.03778	0.02715	0.03343	0.01685	0.66446	0.02079	0.01523	0.02079	0.01305	0.01757	0.00991	0.00589	0.00856	0.00226	0.05350	0.00765	0.00330	0.00878
32	0.00832	0.00675	0.00741	0.00741	0.00944	0.00585	0.00567	0.01039	0.01580	0.01977	0.20559	0.06110	0.53249	0.01609	0.00787	0.00225	0.00348	0.06222	0.00635	0.00573
33	0.01640	0.06648	0.43641	0.01715	0.02445	0.15544	0.01907	0.04277	0.11942	0.02124	0.01370	0.01498	0.01020	0.00677	0.00617	0.00200	0.00927	0.00509	0.00359	0.00941
34	0.00906	0.00696	0.00825	0.00869	0.01031	0.00640	0.00657	0.03479	0.01534	0.01966	0.13025	0.25943	0.32481	0.01732	0.00811	0.00244	0.00399	0.11551	0.00626	0.00585
35	0.00870	0.00677	0.00809	0.00937	0.01010	0.02926	0.00651	0.01004	0.01319	0.01706	0.03825	0.62842	0.10698	0.01964	0.00831	0.00262	0.00418	0.06100	0.00602	0.00549
36	0.00940	0.00705	0.01058	0.01058	0.01176	0.00823	0.00823	0.01176	0.01058	0.01528	0.01763	0.02586	0.01646	0.04937	0.74255	0.01058	0.01763	0.00705	0.00353	0.00588
37	0.01629	0.01564	0.02672	0.04041	0.72757	0.01564	0.02020	0.02020	0.01499	0.02151	0.01238	0.01629	0.01043	0.00587	0.00652	0.00196	0.00782	0.00587	0.00326	0.01043
38	0.02436	0.02996	0.01861	0.01672	0.02025	0.67086	0.01263	0.07171	0.04193	0.01817	0.01109	0.01254	0.00903	0.00693	0.00600	0.00173	0.01135	0.00446	0.00371	0.00796
39	0.81514	0.01273	0.00968	0.00866	0.01273	0.01477	0.00713	0.01935	0.01120	0.02954	0.00917	0.01069	0.00713	0.00611	0.00407	0.00204	0.00509	0.00356	0.00407	0.00713
40	0.05075	0.01678	0.01779	0.01385	0.01863	0.01852	0.01138	0.59968	0.02823	0.03906	0.01625	0.01667	0.01173	0.00781	0.00626	0.00193	0.00667	0.00587	0.10169	0.01045
41	0.00871	0.00671	0.00796	0.00765	0.00946	0.00595	0.00574	0.01125	0.01721	0.02301	0.46544	0.05475	0.32289	0.01472	0.00777	0.00213	0.00320	0.01269	0.00680	0.00595
42	0.69983	0.09020	0.01264	0.00920	0.01349	0.01616	0.00778	0.04915	0.01228	0.02863	0.00945	0.01090	0.00744	0.00614	0.00420	0.00197	0.00538	0.00366	0.00406	0.00744
43	0.01439	0.23280	0.54615	0.01675	0.02537	0.01818	0.02081	0.02054	0.01376	0.01941	0.01110	0.01300	0.00837	0.00609	0.00571	0.00190	0.00901	0.00450	0.00279	0.00938
44	0.01572	0.40171	0.31234	0.01721	0.09373	0.02071	0.01737	0.02021	0.01375	0.01823	0.01054	0.01247	0.00861	0.00590	0.00527	0.00173	0.00819	0.00429	0.00285	0.00916
45	0.00940	0.00705	0.01058	0.01058	0.01176	0.00823	0.00823	0.01176	0.01058	0.01528	0.01763	0.02586	0.01646	0.04937	0.74255	0.01058	0.01763	0.00705	0.00353	0.00588
46	0.01144	0.00572	0.00858	0.00858	0.00858	0.00572	0.00572	0.00858	0.00858	0.01144	0.01144	0.02001	0.01144	0.02287	0.02573	0.80846	0.00572	0.00572	0.00286	0.00286
47	0.01567	0.01803	0.07954	0.03190	0.29350	0.01618	0.40365	0.02074	0.01523	0.02123	0.01287	0.01696	0.01005	0.00571	0.00720	0.00211	0.00978	0.00687	0.00327	0.00951
48	0.01304	0.01203	0.01975	0.71718	0.04414	0.01491	0.01800	0.05009	0.01402	0.01801	0.01190	0.01747	0.00889	0.00665	0.00658	0.00218	0.00870	0.00585	0.00310	0.00750
49	0.00946	0.00682	0.00938	0.00938	0.01015	0.00758	0.00674	0.01099	0.01023	0.01440	0.01873	0.03192	0.01909	0.30237	0.49315	0.00910	0.01368	0.00794	0.00369	0.00521
50	0.01529	0.01952	0.11400	0.02678	0.03377	0.01650	0.63028	0.02106	0.01536	0.02106	0.01316	0.01734	0.00981	0.00563	0.00761	0.00221	0.01095	0.00746	0.00327	0.00897
51	0.02272	0.02546	0.01743	0.01567	0.01926	0.50052	0.01191	0.02899	0.20502	0.06573	0.01565	0.01595	0.01209	0.00745	0.00618	0.00186	0.00968	0.00525	0.00459	0.00861
52	0.01320	0.03405	0.73453	0.01876	0.02849	0.01529	0.02432	0.02085	0.01390	0.02085	0.01181	0.01390	0.00834	0.00625	0.00625	0.00208	0.00973	0.00486	0.00278	0.00973
53	0.00987	0.00735	0.00935	0.00931	0.01101	0.00707	0.00729	0.01378	0.06273	0.02405	0.45846	0.07901	0.10803	0.01466	0.00799	0.00231	0.00390	0.15063	0.00683	0.00637
54	0.01629	0.01564	0.02672	0.04041	0.72757	0.01564	0.02020	0.02020	0.01499	0.02151	0.01238	0.01629	0.01043	0.00587	0.00652	0.00196	0.00782	0.00587	0.00326	0.01043
55	0.00821	0.00588	0.00766	0.00888	0.00939	0.00549	0.00594	0.00945	0.01295	0.01730	0.08847	0.63910	0.06712	0.06858	0.00997	0.00285	0.00392	0.01744	0.00606	0.00533
56	0.01101	0.00865	0.00962	0.00904	0.01121	0.03223	0.00690	0.01564	0.10594	0.04591	0.40005	0.04838	0.22188	0.01347	0.00758	0.00215	0.00390	0.03291	0.00675	0.00678
57	0.01506	0.34551	0.43931	0.01560	0.02360	0.01983	0.01882	0.02037	0.01368	0.01859	0.01069	0.01249	0.00839	0.00599	0.00540	0.00180	0.00860	0.00430	0.00280	0.00919
58	0.00988	0.00698	0.00930	0.00963	0.01062	0.00701	0.00697	0.01166	0.01411	0.05343	0.19049	0.43167	0.07917	0.01915	0.05086	0.00295	0.05933	0.01472	0.00609	0.00600
59	0.01361	0.10179	0.67032	0.01808	0.02743	0.01628	0.02313	0.02074	0.01385	0.02036	0.01157	0.01359	0.00835	0.00620	0.00607	0.00202	0.00948	0.00474	0.00278	0.00961
60	0.00936	0.00631	0.00732	0.00749	0.00762	0.00624	0.00437	0.00966	0.01041	0.01395	0.05675	0.13793	0.02835	0.63410	0.02897	0.00569	0.00589	0.01088	0.00442	0.00427
61	0.01604	0.01539	0.02627	0.08673	0.68321	0.01558	0.02008	0.01998	0.01487	0.02120	0.01234	0.01638	0.01032	0.00591	0.00652	0.00197	0.00788	0.00586	0.00324	0.01023
62	0.01560	0.20517	0.36710	0.01735	0.02480	0.01811	0.10377	0.08978	0.01578	0.02163	0.01308	0.01721	0.01054	0.00686	0.00615	0.00198	0.00880	0.04360	0.00343	0.00926
63	0.01630	0.01017	0.01103	0.00993	0.01285	0.01090	0.00772	0.02581	0.30853	0.12058	0.02431	0.02427	0.01815	0.00826	0.00575	0.00189	0.00430	0.00675	0.36390	0.00861
64	0.00806	0.00631	0.00732	0.00797	0.00937	0.00557	0.00571	0.00964	0.01424	0.01796	0.09314	0.35323	0.38072	0.01816	0.00808	0.00243	0.00361	0.03676	0.00618	0.00553
65	0.01433	0.01876	0.14166	0.02386	0.03029	0.01504	0.49935	0.01978	0.01522	0.02076	0.01772	0.02475	0.04692	0.00740	0.00766	0.00228	0.01003	0.07196	0.00364	0.00858
66	0.01341	0.03277	0.68832	0.01842	0.02776	0.01536	0.02343	0.02176	0.05896	0.02128	0.01278	0.01458	0.00909	0.00643	0.00628	0.00209	0.00944	0.00503	0.00303	0.00977
67	0.02900	0.01207	0.01582	0.01213	0.01724	0.01097	0.01002	0.11295	0.02030	0.64921	0.02475	0.02161	0.01568	0.00812	0.00662	0.00203	0.00580	0.00654	0.00796	0.01120
68	0.01333	0.03320	0.69816	0.01923	0.02880	0.01536	0.05984	0.02086	0.01398	0.02086	0.01189	0.01410	0.00843	0.00622	0.00633	0.00209	0.00980	0.00502	0.00281	0.00968
69	0.01768	0.01793	0.05629	0.18635	0.06188	0.16765	0.05584	0.14079	0.03653	0.04501	0.01699	0.11205	0.01519	0.00902	0.00682	0.00212	0.00839	0.03064	0.00448	0.00836
70	0.00825	0.00592	0.00788	0.00936	0.00990	0.00555	0.00648	0.00958	0.01290	0.01709	0.03705	0.68177	0.06305	0.02029	0.00845	0.00269	0.00401	0.07827	0.00611	0.00542
71	0.01554	0.01776	0.03885	0.02775	0.03441	0.01665	0.70366	0.02109	0.01554	0.02109	0.01332	0.01776	0.00999	0.00555	0.00777	0.00222	0.01110	0.00777	0.00333	0.00888
72	0.01529	0.01227	0.01490	0.01075	0.01655	0.00977	0.03001	0.05902	0.01504	0.06267	0.01280	0.01440	0.01021	0.00526	0.00517	0.00113	0.00525	0.00430	0.00428	0.69091
73	0.73380	0.04107	0.05853	0.00942	0.01392	0.01520	0.00841	0.01946	0.01146	0.02846	0.00934	0.01090	0.00726	0.00610	0.00422	0.00202	0.00547	0.00365	0.00394	0.00735
74	0.01144	0.00572	0.00858	0.00858	0.00858	0.00572	0.00572	0.00858	0.00858	0.01144	0.01144	0.02001	0.01144	0.02287	0.02573	0.80846	0.00572	0.00572	0.00286	0.00286
75	0.01569	0.01075	0.01295	0.01009	0.01455	0.00909	0.00800	0.07364	0.01683	0.13134	0.16044	0.06265	0.03876	0.00843	0.00611	0.00155	0.00473	0.00708	0.00560	0.40172
76	0.01551	0.01736	0.03699	0.02781	0.07868	0.01625	0.62978	0.02084	0.01542	0.02113	0.01319	0.01749	0.01001	0.00554	0.00757	0.00215	0.01062	0.00748	0.00335	0.04283
77	0.01106	0.00788	0.00952	0.01036	0.01159	0.03158	0.00757	0.01393	0.06717	0.06649	0.03377	0.53004	0.03789	0.01806	0.00817	0.00262	0.00465	0.11514	0.00620	0.00631
78	0.00957	0.00641	0.00730	0.00730	0.00734	0.00645	0.00414	0.00965	0.00961	0.01285	0.02063	0.04248	0.02367	0.74340	0.05839	0.00653	0.00678	0.00949	0.00397	0.00406
79	0.01052	0.00697	0.00909	0.00849	0.01024	0.00637	0.00639	0.01344	0.01823	0.07153	0.62286	0.08247	0.08105	0.01357	0.00772	0.00210	0.00331	0.01196	0.00721	0.00647
80	0.06754	0.01323	0.01472	0.01264	0.01638	0.08538	0.04299	0.02509	0.16666	0.21962	0.08888	0.05142	0.04101	0.00995	0.00685	0.00214	0.00607	0.08043	0.00627	0.04273
81	0.00965	0.00783	0.00882	0.00906	0.01031	0.05060	0.00650	0.01182	0.01607	0.02153	0.37388	0.32792	0.08919	0.01604	0.00790	0.00229	0.00393	0.01422	0.00650	0.00592
82	0.01875	0.00975	0.01097	0.00926	0.01237	0.00981	0.00737	0.14381	0.03646	0.19484	0.02166	0.02247	0.01580	0.00786	0.00549	0.00175	0.00447	0.00625	0.45251	0.00835
83	0.01526	0.01502	0.02686	0.20834	0.46207	0.01555	0.12119	0.01953	0.01464	0.02033	0.01236	0.01681	0.00997	0.00599	0.00672	0.00205	0.00854	0.00614	0.00319	0.00946
84	0.01320	0.03405	0.73453	0.01876	0.02849	0.01529	0.02432	0.02085	0.01390	0.02085	0.01181	0.01390	0.00834	0.00625	0.00625	0.00208	0.00973	0.00486	0.00278	0.00973
85	0.00778	0.00667	0.00667	0.00667	0.00889	0.00556	0.00500	0.00945	0.01501	0.01778	0.06669	0.06336	0.72490	0.01667	0.00778	0.00222	0.00333	0.01389	0.00611	0.00556
86	0.01227	0.00614	0.00614	0.00614	0.00767	0.00614	0.00460	0.01534	0.01381	0.02454	0.02148	0.02454	0.01687	0.00767	0.00460	0.00153	0.00307	0.00614	0.80518	0.00614
87	0.00951	0.00635	0.00720	0.00726	0.00728	0.00634	0.00408	0.00956	0.00970	0.01294	0.02140	0.07360	0.02476	0.73699	0.03245	0.00623	0.00627	0.00996	0.00408	0.00405
88	0.02459	0.03138	0.01866	0.01696	0.02035	0.74221	0.01272	0.02629	0.01866	0.01611	0.01018	0.01187	0.00848	0.00678	0.00594	0.00170	0.01187	0.00424	0.00339	0.00763
89	0.01554	0.01776	0.03885	0.02775	0.03441	0.01665	0.70366	0.02109	0.01554	0.02109	0.01332	0.01776	0.00999	0.00555	0.00777	0.00222	0.01110	0.00777	0.00333	0.00888
90	0.02954	0.01120	0.01528	0.01171	0.01681	0.00968	0.00968	0.03208	0.01884	0.73213	0.02597	0.02241	0.01630	0.00815	0.00662	0.00204	0.00560	0.00662	0.00815	0.01120
91	0.00834	0.00596	0.00801	0.00954	0.01006	0.00563	0.00667	0.00973	0.01292	0.01717	0.03611	0.67798	0.04283	0.02032	0.00849	0.00272	0.00410	0.10188	0.00610	0.00544
92	0.02005	0.01651	0.02566	0.02171	0.10831	0.01703	0.23233	0.26383	0.06315	0.09078	0.01659	0.01951	0.01253	0.00745	0.00749	0.00213	0.03032	0.02942	0.00517	0.01003
93	0.01260	0.01187	0.02005	0.72192	0.07493	0.01467	0.01837	0.01697	0.01324	0.01702	0.01173	0.01750	0.00885	0.00655	0.00658	0.00218	0.00873	0.00585	0.00294	0.00745
94	0.01243	0.01170	0.01975	0.75282	0.04534	0.01463	0.01828	0.01682	0.01316	0.01682	0.01170	0.01755	0.00878	0.00658	0.00658	0.00219	0.00878	0.00585	0.00293	0.00731
95	0.00943	0.00695	0.01007	0.01007	0.01106	0.00795	0.00759	0.01143	0.01043	0.01490	0.01810	0.02847	0.01759	0.15813	0.63534	0.00995	0.01593	0.00743	0.00360	0.00559
96	0.01831	0.26796	0.05162	0.03503	0.02463	0.20183	0.24493	0.02166	0.01532	0.01772	0.01093	0.01369	0.00898	0.00614	0.00657	0.00184	0.03604	0.00530	0.00314	0.00836
97	0.02562	0.01590	0.01796	0.01384	0.01883	0.01681	0.01135	0.48738	0.02664	0.23307	0.01886	0.01883	0.01317	0.04096	0.00776	0.00218	0.00675	0.00628	0.00691	0.01089
98	0.00778	0.00667	0.00667	0.00667	0.00889	0.00556	0.00500	0.00945	0.01501	0.01778	0.06669	0.06336	0.72490	0.01667	0.00778	0.00222	0.00333	0.01389	0.00611	0.00556
99	0.01003	0.00647	0.00837	0.00924	0.01011	0.00609	0.00630	0.01171	0.03317	0.07175	0.03494	0.60553	0.06101	0.07945	0.01022	0.00290	0.00419	0.01657	0.00611	0.00584
100	0.01522	0.11848	0.05775	0.05232	0.38495	0.01589	0.01602	0.02087	0.11554	0.02080	0.01682	0.10579	0.01534	0.00808	0.00644	0.00202	0.00699	0.00726	0.00400	0.00941
101	0.01260	0.01187	0.02005	0.72192	0.07493	0.01467	0.01837	0.01697	0.01324	0.01702	0.01173	0.01750	0.00885	0.00655	0.00658	0.00218	0.00873	0.00585	0.00294	0.00745
102	0.01597	0.01525	0.02572	0.10051	0.64462	0.01558	0.01970	0.02042	0.03900	0.02131	0.01282	0.01669	0.01062	0.00603	0.00653	0.00199	0.00781	0.00592	0.00335	0.01016
103	0.01597	0.08517	0.46772	0.02002	0.08566	0.15064	0.04372	0.02173	0.01489	0.01965	0.01142	0.01361	0.00861	0.00625	0.00612	0.00196	0.00981	0.00483	0.00295	0.00928
104	0.01075	0.01012	0.05087	0.00959	0.01200	0.03963	0.00781	0.01549	0.09099	0.02466	0.49615	0.04477	0.13637	0.01269	0.00749	0.00209	0.00411	0.01096	0.00662	0.00683
105	0.01288	0.00809	0.00889	0.00827	0.01002	0.02893	0.02489	0.03745	0.03453	0.04466	0.02309	0.05008	0.04894	0.13478	0.05262	0.00299	0.00524	0.00749	0.44984	0.00629
106	0.01302	0.00963	0.01205	0.01078	0.03612	0.00887	0.05532	0.09605	0.01736	0.09893	0.05073	0.04854	0.48985	0.01358	0.00747	0.00216	0.00473	0.01147	0.00611	0.00723
107	0.01662	0.02170	0.24709	0.03047	0.42394	0.03660	0.02042	0.04430	0.01551	0.06223	0.01303	0.01575	0.01008	0.00621	0.00643	0.00199	0.00839	0.00555	0.00350	0.01020
108	0.01349	0.02609	0.44427	0.06283	0.05217	0.01492	0.19485	0.01985	0.01422	0.02042	0.01390	0.06717	0.01129	0.00708	0.00681	0.00216	0.00955	0.00665	0.00317	0.00910
109	0.01123	0.00585	0.00878	0.00878	0.00890	0.00597	0.00597	0.00890	0.00878	0.01183	0.01206	0.02061	0.01195	0.02556	0.09857	0.72738	0.00693	0.00585	0.00293	0.00317
110	0.04913	0.13368	0.38153	0.01862	0.02625	0.04174	0.17167	0.02103	0.01438	0.04124	0.01230	0.01464	0.00916	0.00612	0.00616	0.00198	0.00921	0.00533	0.02671	0.00911
111	0.00810	0.00579	0.00771	0.00911	0.00957	0.00540	0.00612	0.00938	0.01299	0.01742	0.08045	0.71842	0.04473	0.02016	0.00836	0.00263	0.00377	0.01828	0.00618	0.00540
112	0.01772	0.05433	0.02547	0.03435	0.55760	0.11288	0.01826	0.04162	0.03639	0.02127	0.01246	0.01566	0.01038	0.00613	0.00634	0.00190	0.00823	0.00558	0.00345	0.00998
113	0.00821	0.00615	0.00730	0.00806	0.00900	0.00559	0.00545	0.00941	0.01308	0.01679	0.06332	0.41673	0.25479	0.13038	0.01192	0.00307	0.00403	0.01565	0.00583	0.00524
114	0.01995	0.54053	0.02944	0.01287	0.01786	0.22499	0.01162	0.02196	0.01503	0.03976	0.01000	0.01132	0.00872	0.00604	0.00478	0.00151	0.00834	0.00382	0.00316	0.00831
115	0.08322	0.38940	0.06691	0.01433	0.04845	0.15062	0.01251	0.12715	0.01696	0.02130	0.01065	0.01205	0.00885	0.00627	0.00509	0.00166	0.00796	0.00420	0.00362	0.00878
116	0.01993	0.33523	0.06103	0.01407	0.01875	0.29702	0.01231	0.04375	0.08581	0.01824	0.02994	0.01376	0.01107	0.00670	0.00539	0.00167	0.00874	0.00454	0.00364	0.00842
117	0.81514	0.01273	0.00968	0.00866	0.01273	0.01477	0.00713	0.01935	0.01120	0.02954	0.00917	0.01069	0.00713	0.00611	0.00407	0.00204	0.00509	0.00356	0.00407	0.00713
118	0.01436	0.01353	0.02211	0.34371	0.33014	0.01521	0.01815	0.01929	0.05953	0.01955	0.01356	0.01914	0.01114	0.00704	0.00737	0.00216	0.04417	0.02764	0.00341	0.00879
119	0.00815	0.00582	0.00778	0.00931	0.00975	0.00545	0.00633	0.00938	0.01273	0.01695	0.03622	0.73101	0.04327	0.02051	0.00844	0.00269	0.00393	0.05081	0.00611	0.00538
120	0.00960	0.00750	0.00857	0.00881	0.03504	0.00674	0.00627	0.01253	0.05268	0.04466	0.19074	0.08583	0.47692	0.01512	0.00766	0.00220	0.00364	0.01284	0.00634	0.00630
121	0.01601	0.09493	0.27368	0.02155	0.09447	0.06380	0.18281	0.05105	0.07274	0.02141	0.01316	0.01558	0.01005	0.00649	0.00700	0.00205	0.03458	0.00578	0.00349	0.00937

[dist]
# distance from previous block
# <min> <max>
0	6

# created by:
# /home/berkeley/.conda/envs/busco_data_prod/bin/msa2prfl.pl pipeline/OGs_align_augustus/4893/37439.fs
