[name]
unknown

[dist]
# distance from previous block
# <min> <max>
11	170

[block]
# block no. 0 follows, 31 sequences, length 103
# corresponding to MSA columns:
# 213-315
name=unknown_A
#
# <colnr> <probs for GDERKNQSTAVLIFYWHMCP>
#	G	D	E	R	K	N	Q	S	T	A	V	L	I	F	Y	W	H	M	C	P
0	0.04109	0.06337	0.01660	0.04169	0.01773	0.01467	0.01057	0.24448	0.07478	0.08418	0.14912	0.06897	0.02597	0.01044	0.00703	0.00212	0.00598	0.05631	0.00638	0.05851
1	0.17672	0.01434	0.01387	0.01284	0.04300	0.09347	0.00963	0.13205	0.04974	0.04578	0.16023	0.04574	0.07469	0.03119	0.00787	0.00226	0.02678	0.02634	0.00568	0.02777
2	0.08998	0.01590	0.01940	0.06189	0.14268	0.05355	0.04022	0.17625	0.12354	0.13805	0.02071	0.02108	0.05005	0.00812	0.00671	0.00213	0.00714	0.00670	0.00572	0.01017
3	0.16837	0.09037	0.06537	0.01334	0.01837	0.01735	0.03025	0.20444	0.14538	0.02944	0.01607	0.01780	0.01261	0.04159	0.02635	0.00241	0.00700	0.00572	0.00516	0.08259
4	0.04210	0.01704	0.01782	0.01450	0.01922	0.09840	0.05096	0.18512	0.23013	0.06967	0.02168	0.02139	0.05107	0.00825	0.00661	0.00198	0.00694	0.00666	0.00589	0.12455
5	0.06232	0.04690	0.01782	0.01390	0.01847	0.07631	0.01120	0.32206	0.14101	0.06368	0.03874	0.06774	0.01655	0.00895	0.00661	0.00204	0.00683	0.00701	0.00616	0.06571
6	0.06563	0.05314	0.01452	0.01153	0.01524	0.09000	0.00903	0.08196	0.09701	0.04435	0.13228	0.12330	0.02520	0.01005	0.00652	0.00191	0.00577	0.00828	0.02770	0.17656
7	0.02360	0.02209	0.07375	0.01592	0.02105	0.17071	0.01346	0.34838	0.14703	0.06884	0.01744	0.01738	0.01273	0.00804	0.00670	0.00205	0.00829	0.00602	0.00594	0.01059
8	0.13697	0.01540	0.01720	0.06136	0.09297	0.05732	0.01179	0.16065	0.05470	0.05934	0.04683	0.01740	0.01335	0.00732	0.00669	0.00188	0.03625	0.00559	0.00497	0.19203
9	0.06779	0.01486	0.01513	0.06201	0.01873	0.09387	0.01087	0.13014	0.18512	0.08335	0.02344	0.14598	0.02103	0.01097	0.00706	0.00226	0.00660	0.05413	0.00599	0.04068
10	0.14095	0.01739	0.05383	0.01374	0.01868	0.05877	0.01164	0.23426	0.08537	0.06831	0.01507	0.01596	0.01134	0.00757	0.00727	0.00195	0.06423	0.00539	0.00530	0.16296
11	0.04314	0.10884	0.01926	0.01422	0.01867	0.20320	0.01139	0.13463	0.20606	0.04916	0.01753	0.03775	0.01393	0.00794	0.00621	0.00190	0.00771	0.00595	0.00524	0.08728
12	0.04200	0.01547	0.01697	0.03384	0.01917	0.06971	0.03012	0.17489	0.11841	0.11105	0.01793	0.01965	0.01372	0.00983	0.04462	0.00231	0.00736	0.02227	0.00558	0.22510
13	0.06875	0.02145	0.01760	0.01664	0.07269	0.29547	0.01203	0.15419	0.08269	0.07157	0.02163	0.02184	0.09684	0.00871	0.00658	0.00200	0.00852	0.00652	0.00518	0.00909
14	0.06479	0.00905	0.01200	0.01246	0.04945	0.01009	0.00886	0.06560	0.01312	0.01931	0.02032	0.13631	0.02056	0.11205	0.38569	0.00730	0.03308	0.00901	0.00437	0.00662
15	0.01323	0.01248	0.02108	0.68871	0.09910	0.01528	0.01915	0.01775	0.01383	0.01786	0.01221	0.01814	0.00925	0.00678	0.00683	0.00226	0.00904	0.00608	0.00307	0.00785
16	0.01108	0.00769	0.00948	0.00858	0.01095	0.00675	0.00654	0.01391	0.01812	0.07148	0.46688	0.04972	0.20445	0.01368	0.00776	0.00210	0.00360	0.01183	0.00706	0.06834
17	0.02806	0.01237	0.01604	0.01270	0.01767	0.01150	0.01051	0.11105	0.04817	0.55831	0.02648	0.02674	0.01820	0.00928	0.00708	0.00220	0.00605	0.05835	0.00804	0.01119
18	0.01615	0.01845	0.04037	0.02884	0.03576	0.01730	0.69204	0.02191	0.01615	0.02191	0.01384	0.01845	0.01038	0.00577	0.00807	0.00231	0.01153	0.00807	0.00346	0.00923
19	0.03070	0.01164	0.01588	0.01217	0.01746	0.01006	0.01006	0.03334	0.01958	0.72163	0.02699	0.02329	0.01694	0.00847	0.00688	0.00212	0.00582	0.00688	0.00847	0.01164
20	0.01275	0.00638	0.00638	0.00638	0.00797	0.00638	0.00478	0.01594	0.01435	0.02551	0.02232	0.02551	0.01754	0.00797	0.00478	0.00159	0.00319	0.00638	0.79755	0.00638
21	0.01829	0.76368	0.03585	0.01171	0.01756	0.02707	0.01171	0.02049	0.01390	0.01610	0.00951	0.01097	0.00878	0.00585	0.00439	0.00146	0.00732	0.00366	0.00293	0.00878
22	0.01292	0.01216	0.02052	0.74312	0.04712	0.01520	0.01900	0.01748	0.01368	0.01748	0.01216	0.01824	0.00912	0.00684	0.00684	0.00228	0.00912	0.00608	0.00304	0.00760
23	0.01275	0.00638	0.00638	0.00638	0.00797	0.00638	0.00478	0.01594	0.01435	0.02551	0.02232	0.02551	0.01754	0.00797	0.00478	0.00159	0.00319	0.00638	0.79755	0.00638
24	0.01292	0.01216	0.02052	0.74312	0.04712	0.01520	0.01900	0.01748	0.01368	0.01748	0.01216	0.01824	0.00912	0.00684	0.00684	0.00228	0.00912	0.00608	0.00304	0.00760
25	0.02437	0.01641	0.01825	0.01444	0.01923	0.01764	0.01173	0.51369	0.02795	0.13396	0.02065	0.11307	0.01673	0.00996	0.00709	0.00216	0.00683	0.00798	0.00701	0.01085
26	0.01693	0.01626	0.02777	0.04199	0.71689	0.01626	0.02100	0.02100	0.01558	0.02235	0.01287	0.01693	0.01084	0.00610	0.00677	0.00203	0.00813	0.00610	0.00339	0.01084
27	0.01693	0.01626	0.02777	0.04199	0.71689	0.01626	0.02100	0.02100	0.01558	0.02235	0.01287	0.01693	0.01084	0.00610	0.00677	0.00203	0.00813	0.00610	0.00339	0.01084
28	0.01494	0.01289	0.01349	0.01230	0.01581	0.01441	0.00952	0.03020	0.54466	0.02627	0.03747	0.03488	0.18175	0.01115	0.00722	0.00232	0.00496	0.00929	0.00682	0.00966
29	0.01355	0.01281	0.02167	0.63229	0.15299	0.01537	0.01932	0.01804	0.01398	0.01825	0.01227	0.01803	0.00939	0.00672	0.00683	0.00224	0.00896	0.00608	0.00309	0.00811
30	0.01275	0.00638	0.00638	0.00638	0.00797	0.00638	0.00478	0.01594	0.01435	0.02551	0.02232	0.02551	0.01754	0.00797	0.00478	0.00159	0.00319	0.00638	0.79755	0.00638
31	0.01829	0.76368	0.03585	0.01171	0.01756	0.02707	0.01171	0.02049	0.01390	0.01610	0.00951	0.01097	0.00878	0.00585	0.00439	0.00146	0.00732	0.00366	0.00293	0.00878
32	0.69232	0.01218	0.00975	0.00907	0.01275	0.01393	0.00726	0.01858	0.01185	0.02878	0.01360	0.11866	0.01288	0.00853	0.00488	0.00221	0.00510	0.00598	0.00454	0.00714
33	0.01664	0.01595	0.02723	0.09396	0.66724	0.01618	0.02085	0.02074	0.01544	0.02199	0.01282	0.01703	0.01071	0.00615	0.00678	0.00205	0.00820	0.00609	0.00336	0.01060
34	0.01309	0.01231	0.02052	0.61459	0.12350	0.01473	0.01837	0.01741	0.01402	0.01812	0.01582	0.02107	0.05346	0.00741	0.00691	0.00225	0.00865	0.00661	0.00329	0.00787
35	0.01419	0.01216	0.01419	0.01013	0.01621	0.00912	0.00811	0.01723	0.01419	0.02229	0.01216	0.01419	0.01013	0.00507	0.00507	0.00101	0.00507	0.00405	0.00405	0.80139
36	0.01615	0.01845	0.04037	0.02884	0.03576	0.01730	0.69204	0.02191	0.01615	0.02191	0.01384	0.01845	0.01038	0.00577	0.00807	0.00231	0.01153	0.00807	0.00346	0.00923
37	0.01275	0.00638	0.00638	0.00638	0.00797	0.00638	0.00478	0.01594	0.01435	0.02551	0.02232	0.02551	0.01754	0.00797	0.00478	0.00159	0.00319	0.00638	0.79755	0.00638
38	0.02548	0.01890	0.02024	0.01564	0.02102	0.02097	0.01288	0.65586	0.07123	0.04227	0.01709	0.01695	0.01217	0.00827	0.00685	0.00207	0.00741	0.00625	0.00685	0.01159
39	0.01794	0.01797	0.03714	0.02667	0.03336	0.01700	0.59366	0.06780	0.01749	0.07764	0.01503	0.01869	0.01097	0.00614	0.00790	0.00228	0.01082	0.00785	0.00408	0.00958
40	0.01275	0.00638	0.00638	0.00638	0.00797	0.00638	0.00478	0.01594	0.01435	0.02551	0.02232	0.02551	0.01754	0.00797	0.00478	0.00159	0.00319	0.00638	0.79755	0.00638
41	0.05284	0.01154	0.01548	0.01196	0.01710	0.01009	0.00986	0.03227	0.01934	0.67823	0.04930	0.02385	0.01824	0.00859	0.00684	0.00212	0.00572	0.00697	0.00831	0.01135
42	0.02500	0.01158	0.01469	0.01179	0.01625	0.01071	0.00953	0.12362	0.02039	0.46543	0.05106	0.09385	0.09346	0.01070	0.00720	0.00219	0.00558	0.00887	0.00779	0.01032
43	0.00968	0.00699	0.00914	0.00861	0.01022	0.00646	0.00646	0.01291	0.01937	0.02743	0.71328	0.05110	0.06455	0.01399	0.00807	0.00215	0.00323	0.01237	0.00753	0.00646
44	0.80789	0.01323	0.01006	0.00900	0.01323	0.01535	0.00741	0.02011	0.01164	0.03070	0.00953	0.01111	0.00741	0.00635	0.00423	0.00212	0.00529	0.00370	0.00423	0.00741
45	0.00995	0.00663	0.00746	0.00746	0.00746	0.00663	0.00415	0.00995	0.00995	0.01327	0.02156	0.04477	0.02487	0.75957	0.03482	0.00663	0.00663	0.00995	0.00415	0.00415
46	0.01387	0.05961	0.70123	0.01924	0.02921	0.01626	0.02483	0.02163	0.01443	0.02148	0.01219	0.01433	0.00867	0.00648	0.00643	0.00214	0.01002	0.00501	0.00289	0.01007
47	0.01275	0.00638	0.00638	0.00638	0.00797	0.00638	0.00478	0.01594	0.01435	0.02551	0.02232	0.02551	0.01754	0.00797	0.00478	0.00159	0.00319	0.00638	0.79755	0.00638
48	0.01634	0.01565	0.02670	0.14576	0.61776	0.01610	0.02070	0.02048	0.01530	0.02163	0.01276	0.01713	0.01058	0.00621	0.00678	0.00207	0.00827	0.00609	0.00334	0.01036
49	0.00863	0.00686	0.00757	0.00755	0.00938	0.00599	0.00550	0.01055	0.01590	0.02017	0.21877	0.10679	0.45922	0.07440	0.01020	0.00264	0.00369	0.01393	0.00647	0.00580
50	0.02531	0.01882	0.02014	0.01560	0.02095	0.02089	0.01283	0.64303	0.08435	0.04199	0.01731	0.01713	0.01235	0.00830	0.00685	0.00207	0.00736	0.00628	0.00685	0.01157
51	0.01829	0.76368	0.03585	0.01171	0.01756	0.02707	0.01171	0.02049	0.01390	0.01610	0.00951	0.01097	0.00878	0.00585	0.00439	0.00146	0.00732	0.00366	0.00293	0.00878
52	0.01645	0.01577	0.02691	0.12546	0.63715	0.01613	0.02076	0.02058	0.01535	0.02177	0.01278	0.01709	0.01063	0.00618	0.00678	0.00206	0.00825	0.00609	0.00335	0.01045
53	0.00834	0.00595	0.00794	0.00953	0.00992	0.00556	0.00635	0.00953	0.01310	0.01746	0.03771	0.75510	0.04525	0.02143	0.00873	0.00278	0.00397	0.01945	0.00635	0.00556
54	0.01904	0.01579	0.01835	0.01500	0.01907	0.06038	0.08219	0.33336	0.06925	0.03071	0.02604	0.16905	0.08833	0.01149	0.00744	0.00225	0.00700	0.00983	0.00614	0.00930
55	0.01292	0.01216	0.02052	0.74312	0.04712	0.01520	0.01900	0.01748	0.01368	0.01748	0.01216	0.01824	0.00912	0.00684	0.00684	0.00228	0.00912	0.00608	0.00304	0.00760
56	0.01577	0.01558	0.02407	0.34375	0.38050	0.06372	0.01961	0.01990	0.01501	0.01987	0.01241	0.01719	0.00996	0.00648	0.00676	0.00212	0.00884	0.00598	0.00325	0.00924
57	0.02826	0.01409	0.01721	0.01336	0.01859	0.01388	0.01098	0.22780	0.07644	0.46840	0.02395	0.02144	0.01568	0.00846	0.00688	0.00211	0.00629	0.00673	0.00787	0.01158
58	0.00990	0.00684	0.00849	0.00849	0.00885	0.00719	0.00543	0.01061	0.01025	0.01403	0.02061	0.03955	0.02260	0.55281	0.23848	0.00791	0.01005	0.00918	0.00401	0.00472
59	0.01419	0.01216	0.01419	0.01013	0.01621	0.00912	0.00811	0.01723	0.01419	0.02229	0.01216	0.01419	0.01013	0.00507	0.00507	0.00101	0.00507	0.00405	0.00405	0.80139
60	0.01360	0.01285	0.02174	0.62504	0.15992	0.01538	0.01934	0.01807	0.01400	0.01830	0.01228	0.01802	0.00941	0.00671	0.00683	0.00224	0.00895	0.00608	0.00310	0.00815
61	0.80789	0.01323	0.01006	0.00900	0.01323	0.01535	0.00741	0.02011	0.01164	0.03070	0.00953	0.01111	0.00741	0.00635	0.00423	0.00212	0.00529	0.00370	0.00423	0.00741
62	0.00977	0.00733	0.01100	0.01100	0.01222	0.00855	0.00855	0.01222	0.01100	0.01588	0.01833	0.02688	0.01710	0.05131	0.73245	0.01100	0.01833	0.00733	0.00367	0.00611
63	0.01702	0.01470	0.01547	0.01392	0.01779	0.01702	0.01083	0.03635	0.70453	0.02862	0.02785	0.02553	0.02088	0.00928	0.00696	0.00232	0.00541	0.00773	0.00696	0.01083
64	0.01372	0.03539	0.72412	0.01950	0.02961	0.01589	0.02528	0.02167	0.01444	0.02167	0.01228	0.01444	0.00867	0.00650	0.00650	0.00217	0.01011	0.00506	0.00289	0.01011
65	0.02030	0.01633	0.01732	0.01459	0.01904	0.01855	0.01162	0.27666	0.45887	0.03392	0.02367	0.02220	0.01750	0.00889	0.00692	0.00222	0.00619	0.00716	0.00692	0.01112
66	0.00833	0.00599	0.00790	0.00942	0.00990	0.00557	0.00630	0.00954	0.01320	0.01751	0.03897	0.72755	0.07199	0.02127	0.00871	0.00276	0.00395	0.01925	0.00635	0.00557
67	0.01372	0.03539	0.72412	0.01950	0.02961	0.01589	0.02528	0.02167	0.01444	0.02167	0.01228	0.01444	0.00867	0.00650	0.00650	0.00217	0.01011	0.00506	0.00289	0.01011
68	0.01372	0.03539	0.72412	0.01950	0.02961	0.01589	0.02528	0.02167	0.01444	0.02167	0.01228	0.01444	0.00867	0.00650	0.00650	0.00217	0.01011	0.00506	0.00289	0.01011
69	0.01334	0.01259	0.02128	0.66938	0.11756	0.01531	0.01921	0.01785	0.01388	0.01799	0.01223	0.01810	0.00930	0.00676	0.00683	0.00225	0.00902	0.00608	0.00308	0.00794
70	0.00937	0.00698	0.00871	0.00828	0.01003	0.00632	0.00621	0.01230	0.01862	0.02567	0.58624	0.05401	0.19270	0.01465	0.00807	0.00218	0.00327	0.01278	0.00730	0.00632
71	0.01292	0.01216	0.02052	0.74312	0.04712	0.01520	0.01900	0.01748	0.01368	0.01748	0.01216	0.01824	0.00912	0.00684	0.00684	0.00228	0.00912	0.00608	0.00304	0.00760
72	0.01372	0.03539	0.72412	0.01950	0.02961	0.01589	0.02528	0.02167	0.01444	0.02167	0.01228	0.01444	0.00867	0.00650	0.00650	0.00217	0.01011	0.00506	0.00289	0.01011
73	0.00834	0.00595	0.00794	0.00953	0.00992	0.00556	0.00635	0.00953	0.01310	0.01746	0.03771	0.75510	0.04525	0.02143	0.00873	0.00278	0.00397	0.01945	0.00635	0.00556
74	0.01385	0.03450	0.68807	0.01999	0.02993	0.01596	0.06043	0.02168	0.01453	0.02168	0.01236	0.01466	0.00876	0.00646	0.00658	0.00217	0.01019	0.00521	0.00292	0.01006
75	0.02853	0.01360	0.01633	0.01290	0.01795	0.04947	0.01051	0.07760	0.09941	0.55931	0.02552	0.02251	0.01661	0.00847	0.00685	0.00212	0.00623	0.00680	0.00793	0.01135
76	0.01372	0.03539	0.72412	0.01950	0.02961	0.01589	0.02528	0.02167	0.01444	0.02167	0.01228	0.01444	0.00867	0.00650	0.00650	0.00217	0.01011	0.00506	0.00289	0.01011
77	0.02556	0.03261	0.01939	0.01763	0.02115	0.73210	0.01322	0.02732	0.01939	0.01674	0.01058	0.01234	0.00881	0.00705	0.00617	0.00176	0.01234	0.00441	0.00353	0.00793
78	0.01387	0.01313	0.02224	0.57699	0.20582	0.01545	0.01947	0.01831	0.01413	0.01863	0.01233	0.01793	0.00953	0.00666	0.00682	0.00222	0.00888	0.00608	0.00312	0.00837
79	0.01323	0.01248	0.02108	0.68871	0.09910	0.01528	0.01915	0.01775	0.01383	0.01786	0.01221	0.01814	0.00925	0.00678	0.00683	0.00226	0.00904	0.00608	0.00307	0.00785
80	0.00834	0.00595	0.00794	0.00953	0.00992	0.00556	0.00635	0.00953	0.01310	0.01746	0.03771	0.75510	0.04525	0.02143	0.00873	0.00278	0.00397	0.01945	0.00635	0.00556
81	0.01126	0.00778	0.00994	0.00987	0.01146	0.00749	0.00733	0.06532	0.01787	0.04831	0.34884	0.30392	0.05026	0.01635	0.00826	0.00243	0.00411	0.05549	0.00701	0.00670
82	0.05723	0.01170	0.01568	0.01206	0.01732	0.01024	0.00996	0.03289	0.01931	0.69803	0.02639	0.02287	0.01661	0.00840	0.00679	0.00212	0.00580	0.00677	0.00832	0.01150
83	0.00847	0.00624	0.00798	0.00931	0.01010	0.00575	0.00647	0.00989	0.01369	0.01783	0.04280	0.59641	0.15481	0.02059	0.00867	0.00273	0.00404	0.06223	0.00635	0.00564
84	0.01486	0.00995	0.00897	0.00843	0.01049	0.07756	0.00643	0.06947	0.01604	0.02552	0.02052	0.02361	0.01621	0.01019	0.04344	0.00214	0.00520	0.00622	0.61783	0.00692
85	0.01902	0.64028	0.03419	0.01329	0.01893	0.10787	0.04756	0.02135	0.01465	0.01648	0.00986	0.01152	0.00887	0.00599	0.00479	0.00154	0.00812	0.00398	0.00302	0.00871
86	0.00967	0.00724	0.00866	0.00933	0.01064	0.00683	0.00670	0.05285	0.01502	0.01937	0.04415	0.42845	0.22652	0.05798	0.00986	0.00283	0.00437	0.06729	0.00626	0.00598
87	0.01747	0.06391	0.02784	0.03882	0.63662	0.05447	0.02001	0.02130	0.01567	0.02167	0.01254	0.01632	0.01060	0.00613	0.00659	0.00198	0.00830	0.00585	0.00336	0.01056
88	0.01445	0.12237	0.46667	0.02029	0.06370	0.01686	0.10905	0.02075	0.01457	0.02077	0.01375	0.06103	0.01131	0.00724	0.00659	0.00213	0.00945	0.00623	0.00321	0.00958
89	0.06505	0.02350	0.24902	0.02308	0.03030	0.05381	0.36937	0.02136	0.01534	0.02188	0.01416	0.05505	0.01141	0.00692	0.00728	0.00225	0.01034	0.00726	0.00349	0.00913
90	0.01676	0.01850	0.03913	0.02802	0.03485	0.01755	0.64953	0.06400	0.01715	0.02324	0.01400	0.01833	0.01046	0.00592	0.00800	0.00229	0.01128	0.00795	0.00367	0.00938
91	0.01032	0.00882	0.00896	0.00929	0.01105	0.05204	0.00677	0.04683	0.01571	0.01933	0.04916	0.33431	0.34416	0.01789	0.00820	0.00248	0.00453	0.03778	0.00620	0.00615
92	0.01783	0.01675	0.02116	0.08863	0.02294	0.07812	0.08798	0.14899	0.11356	0.02373	0.01486	0.01920	0.01237	0.05933	0.01367	0.00272	0.23831	0.00664	0.00446	0.00876
93	0.00982	0.00779	0.01133	0.05924	0.09681	0.00773	0.00900	0.01180	0.01375	0.01851	0.06913	0.48639	0.07732	0.02037	0.06447	0.00323	0.00583	0.01541	0.00564	0.00642
94	0.01219	0.00962	0.01066	0.00992	0.01190	0.04611	0.00745	0.09151	0.01927	0.02600	0.42228	0.12499	0.09401	0.05621	0.00945	0.00248	0.00457	0.02771	0.00681	0.00685
95	0.02322	0.10373	0.02292	0.01567	0.02124	0.02008	0.06498	0.45374	0.06693	0.06323	0.01624	0.01662	0.01187	0.00761	0.00655	0.00195	0.00746	0.00600	0.00602	0.06394
96	0.06745	0.01999	0.07188	0.10002	0.19907	0.13483	0.13704	0.05780	0.05243	0.02233	0.01304	0.01634	0.01032	0.00701	0.00785	0.00216	0.06137	0.00603	0.00375	0.00928
97	0.01350	0.06040	0.01482	0.01177	0.01427	0.01168	0.04696	0.13185	0.01622	0.02224	0.07552	0.07506	0.05814	0.11243	0.26328	0.00573	0.01044	0.00871	0.03980	0.00718
98	0.07822	0.05656	0.06340	0.10306	0.02289	0.01853	0.01341	0.36263	0.04435	0.03218	0.01814	0.01929	0.05781	0.00845	0.00742	0.00211	0.04904	0.00631	0.00542	0.03077
99	0.04241	0.01707	0.01891	0.01617	0.06294	0.09198	0.05694	0.26707	0.06158	0.04774	0.06977	0.01943	0.01587	0.00772	0.00649	0.00187	0.00718	0.00628	0.04150	0.14107
100	0.09760	0.01744	0.02099	0.01834	0.09164	0.06444	0.09065	0.28316	0.05842	0.06300	0.03583	0.01750	0.01294	0.00737	0.00654	0.00198	0.00758	0.00610	0.00544	0.09306
101	0.04118	0.09861	0.02130	0.04005	0.17008	0.01814	0.01348	0.23610	0.16013	0.02982	0.06517	0.02153	0.03811	0.00829	0.00663	0.00206	0.00678	0.00679	0.00554	0.01022
102	0.12579	0.05967	0.06087	0.06398	0.03863	0.11257	0.01217	0.16529	0.05531	0.05895	0.07817	0.01858	0.01556	0.00765	0.00616	0.00192	0.00728	0.00582	0.00505	0.10059

[dist]
# distance from previous block
# <min> <max>
29	169

[block]
# block no. 1 follows, 31 sequences, length 8
# corresponding to MSA columns:
# 526-533
name=unknown_B
#
# <colnr> <probs for GDERKNQSTAVLIFYWHMCP>
#	G	D	E	R	K	N	Q	S	T	A	V	L	I	F	Y	W	H	M	C	P
0	0.13722	0.01387	0.01607	0.03208	0.11120	0.03170	0.01127	0.08530	0.10897	0.02534	0.02016	0.02168	0.08071	0.00853	0.00795	0.00203	0.09132	0.00640	0.04948	0.13872
1	0.09297	0.01331	0.01501	0.01335	0.01615	0.12654	0.09010	0.01809	0.01609	0.09304	0.13092	0.26140	0.03130	0.01316	0.00753	0.00234	0.00653	0.03906	0.00574	0.00736
2	0.01708	0.01475	0.01794	0.01727	0.08812	0.08423	0.01263	0.06338	0.01629	0.09049	0.16694	0.02539	0.04586	0.01092	0.01311	0.00242	0.29231	0.00762	0.00498	0.00827
3	0.09972	0.01691	0.04284	0.01338	0.01770	0.12979	0.03281	0.12576	0.08601	0.07232	0.09080	0.06309	0.01981	0.02195	0.00701	0.00205	0.00693	0.01857	0.00547	0.12710
4	0.01949	0.01836	0.02259	0.04704	0.30466	0.15511	0.05131	0.02445	0.08412	0.09017	0.01522	0.01729	0.01187	0.00671	0.00655	0.00192	0.00830	0.00586	0.00434	0.10463
5	0.01462	0.01403	0.01734	0.01373	0.01800	0.08191	0.07949	0.01753	0.01385	0.01975	0.01321	0.01728	0.01143	0.01605	0.16530	0.00358	0.08076	0.00540	0.00375	0.39297
6	0.01658	0.09191	0.01638	0.01221	0.01588	0.12998	0.00970	0.08738	0.14060	0.02567	0.25385	0.02837	0.03038	0.00956	0.00671	0.00190	0.00615	0.00776	0.00583	0.10320
7	0.01916	0.01258	0.01803	0.01445	0.01825	0.01241	0.11982	0.18133	0.01961	0.18350	0.06248	0.16845	0.02378	0.10057	0.01083	0.00280	0.00675	0.01004	0.00628	0.00887

[dist]
# distance from previous block
# <min> <max>
2	5

[block]
# block no. 2 follows, 31 sequences, length 86
# corresponding to MSA columns:
# 539-624
name=unknown_C
#
# <colnr> <probs for GDERKNQSTAVLIFYWHMCP>
#	G	D	E	R	K	N	Q	S	T	A	V	L	I	F	Y	W	H	M	C	P
0	0.02354	0.07299	0.02071	0.01661	0.02087	0.44324	0.04158	0.10651	0.09009	0.04503	0.01372	0.01479	0.01077	0.00724	0.00627	0.00184	0.01017	0.00513	0.00442	0.04447
1	0.06129	0.64253	0.03252	0.01174	0.01750	0.02526	0.01139	0.06273	0.01494	0.01886	0.01007	0.01147	0.00895	0.00599	0.00457	0.00152	0.00712	0.00384	0.00329	0.04442
2	0.01467	0.01339	0.01535	0.01141	0.01706	0.05482	0.03899	0.01766	0.01454	0.02167	0.01352	0.05433	0.01196	0.00611	0.00547	0.00121	0.00576	0.00509	0.00412	0.67288
3	0.01701	0.01621	0.01863	0.01593	0.01989	0.08692	0.09917	0.03114	0.47713	0.02528	0.02336	0.02344	0.01794	0.01287	0.08064	0.00314	0.00820	0.00741	0.00583	0.00986
4	0.10288	0.06228	0.01755	0.01303	0.01779	0.01699	0.01074	0.31198	0.11682	0.15217	0.02136	0.02068	0.04502	0.00846	0.00639	0.00206	0.00628	0.00647	0.05069	0.01036
5	0.00846	0.00695	0.00745	0.00732	0.00947	0.00594	0.00549	0.01054	0.01648	0.02058	0.22051	0.06238	0.56160	0.01654	0.00808	0.00227	0.00341	0.01395	0.00663	0.00594
6	0.02601	0.01916	0.02053	0.01574	0.02122	0.02122	0.01300	0.69408	0.03217	0.04312	0.01643	0.01643	0.01163	0.00821	0.00684	0.00205	0.00753	0.00616	0.00684	0.01163
7	0.00995	0.00663	0.00746	0.00746	0.00746	0.00663	0.00415	0.00995	0.00995	0.01327	0.02156	0.04477	0.02487	0.75957	0.03482	0.00663	0.00663	0.00995	0.00415	0.00415
8	0.01372	0.03539	0.72412	0.01950	0.02961	0.01589	0.02528	0.02167	0.01444	0.02167	0.01228	0.01444	0.00867	0.00650	0.00650	0.00217	0.01011	0.00506	0.00289	0.01011
9	0.01615	0.01845	0.04037	0.02884	0.03576	0.01730	0.69204	0.02191	0.01615	0.02191	0.01384	0.01845	0.01038	0.00577	0.00807	0.00231	0.01153	0.00807	0.00346	0.00923
10	0.02250	0.26237	0.04511	0.01566	0.02013	0.39696	0.01314	0.08145	0.01822	0.01892	0.01072	0.01243	0.00905	0.00697	0.00637	0.00176	0.04172	0.00441	0.00358	0.00856
11	0.01371	0.03074	0.57313	0.04916	0.02979	0.01543	0.09941	0.02097	0.01492	0.02189	0.05659	0.01736	0.01240	0.00690	0.00679	0.00219	0.00980	0.00590	0.00325	0.00968
12	0.03070	0.01164	0.01588	0.01217	0.01746	0.01006	0.01006	0.03334	0.01958	0.72163	0.02699	0.02329	0.01694	0.00847	0.00688	0.00212	0.00582	0.00688	0.00847	0.01164
13	0.01419	0.01216	0.01419	0.01013	0.01621	0.00912	0.00811	0.01723	0.01419	0.02229	0.01216	0.01419	0.01013	0.00507	0.00507	0.00101	0.00507	0.00405	0.00405	0.80139
14	0.80789	0.01323	0.01006	0.00900	0.01323	0.01535	0.00741	0.02011	0.01164	0.03070	0.00953	0.01111	0.00741	0.00635	0.00423	0.00212	0.00529	0.00370	0.00423	0.00741
15	0.00834	0.00595	0.00794	0.00953	0.00992	0.00556	0.00635	0.00953	0.01310	0.01746	0.03771	0.75510	0.04525	0.02143	0.00873	0.00278	0.00397	0.01945	0.00635	0.00556
16	0.01552	0.01274	0.01469	0.01125	0.01662	0.01103	0.00909	0.10585	0.06243	0.02544	0.03825	0.02122	0.01502	0.00709	0.00585	0.00143	0.00544	0.05562	0.00489	0.56053
17	0.02884	0.01206	0.01582	0.01241	0.01751	0.01100	0.01016	0.03375	0.11258	0.62753	0.02711	0.02359	0.01747	0.00858	0.00689	0.00214	0.00577	0.00700	0.00826	0.01153
18	0.01489	0.00807	0.01074	0.00961	0.01203	0.00728	0.00736	0.01777	0.01878	0.20305	0.47012	0.11545	0.05048	0.01334	0.00783	0.00221	0.00396	0.01169	0.00765	0.00768
19	0.01659	0.01616	0.02833	0.08929	0.61343	0.01627	0.07723	0.02083	0.01549	0.02198	0.01290	0.01715	0.01068	0.00612	0.00689	0.00207	0.00848	0.00626	0.00337	0.01048
20	0.03070	0.01164	0.01588	0.01217	0.01746	0.01006	0.01006	0.03334	0.01958	0.72163	0.02699	0.02329	0.01694	0.00847	0.00688	0.00212	0.00582	0.00688	0.00847	0.01164
21	0.00833	0.00599	0.00790	0.00943	0.00990	0.00556	0.00631	0.00954	0.01319	0.01750	0.03884	0.73050	0.06912	0.02129	0.00871	0.00276	0.00395	0.01927	0.00635	0.00556
22	0.02111	0.07508	0.02308	0.02348	0.23809	0.06420	0.01507	0.28450	0.13279	0.03057	0.01625	0.01737	0.01248	0.00747	0.00661	0.00203	0.00766	0.00609	0.00527	0.01080
23	0.02282	0.01776	0.02099	0.03937	0.08929	0.01950	0.03775	0.48494	0.11433	0.03713	0.01784	0.03589	0.01344	0.00834	0.00694	0.00212	0.00742	0.00675	0.00628	0.01110
24	0.01003	0.00733	0.00977	0.01103	0.01247	0.00706	0.00909	0.01261	0.01540	0.01999	0.07686	0.20694	0.13235	0.01892	0.00905	0.00291	0.00530	0.42041	0.00638	0.00609
25	0.04700	0.01428	0.01684	0.03821	0.04195	0.03713	0.01125	0.15903	0.14411	0.34006	0.06023	0.02279	0.01820	0.00862	0.00685	0.00213	0.00632	0.00697	0.00721	0.01081
26	0.02121	0.05182	0.06360	0.04521	0.04391	0.32480	0.01365	0.09172	0.22878	0.02335	0.01660	0.01721	0.01283	0.00772	0.00647	0.00200	0.00919	0.00572	0.00480	0.00941
27	0.01420	0.05416	0.02128	0.17942	0.02445	0.01862	0.03693	0.01665	0.01161	0.01679	0.01083	0.01680	0.00987	0.01429	0.08956	0.00354	0.44432	0.00609	0.00308	0.00750
28	0.01433	0.03149	0.57441	0.02286	0.10005	0.01609	0.10193	0.02163	0.01476	0.02176	0.01252	0.01516	0.00908	0.00637	0.00671	0.00217	0.01007	0.00551	0.00301	0.01008
29	0.01516	0.04944	0.13283	0.14682	0.06886	0.06318	0.27998	0.02011	0.01489	0.01978	0.01346	0.01812	0.01064	0.01207	0.10122	0.00332	0.01149	0.00666	0.00331	0.00866
30	0.10546	0.01904	0.01926	0.01504	0.02028	0.05870	0.01235	0.56828	0.02899	0.06237	0.01575	0.01589	0.01122	0.00797	0.00654	0.00205	0.00751	0.00584	0.00645	0.01101
31	0.01961	0.01592	0.01633	0.01410	0.01823	0.05480	0.01111	0.15153	0.47628	0.07415	0.05419	0.02416	0.02022	0.00912	0.00694	0.00222	0.00609	0.00742	0.00688	0.01068
32	0.01615	0.01845	0.04037	0.02884	0.03576	0.01730	0.69204	0.02191	0.01615	0.02191	0.01384	0.01845	0.01038	0.00577	0.00807	0.00231	0.01153	0.00807	0.00346	0.00923
33	0.00834	0.00595	0.00794	0.00953	0.00992	0.00556	0.00635	0.00953	0.01310	0.01746	0.03771	0.75510	0.04525	0.02143	0.00873	0.00278	0.00397	0.01945	0.00635	0.00556
34	0.03070	0.01164	0.01588	0.01217	0.01746	0.01006	0.01006	0.03334	0.01958	0.72163	0.02699	0.02329	0.01694	0.00847	0.00688	0.00212	0.00582	0.00688	0.00847	0.01164
35	0.01615	0.01212	0.01325	0.01209	0.01546	0.01333	0.00949	0.02908	0.44070	0.08311	0.03197	0.03300	0.09649	0.01175	0.02755	0.00253	0.00543	0.05000	0.08702	0.00948
36	0.00834	0.00595	0.00794	0.00953	0.00992	0.00556	0.00635	0.00953	0.01310	0.01746	0.03771	0.75510	0.04525	0.02143	0.00873	0.00278	0.00397	0.01945	0.00635	0.00556
37	0.00968	0.00699	0.00914	0.00861	0.01022	0.00646	0.00646	0.01291	0.01937	0.02743	0.71328	0.05110	0.06455	0.01399	0.00807	0.00215	0.00323	0.01237	0.00753	0.00646
38	0.02879	0.01471	0.01777	0.01363	0.01899	0.01460	0.01126	0.30242	0.02471	0.44531	0.02269	0.02049	0.01478	0.00836	0.00687	0.00209	0.00652	0.00659	0.00781	0.01164
39	0.00867	0.00620	0.00826	0.00945	0.01011	0.00579	0.00651	0.01029	0.01433	0.01939	0.16203	0.60468	0.04862	0.01998	0.00863	0.00267	0.00390	0.03815	0.00657	0.00575
40	0.02677	0.01795	0.01978	0.01516	0.02061	0.01941	0.01253	0.58712	0.03013	0.15295	0.01814	0.01754	0.01249	0.00825	0.00685	0.00206	0.00725	0.00628	0.00711	0.01164
41	0.00870	0.00689	0.00783	0.00772	0.00965	0.00602	0.00574	0.01096	0.01685	0.02178	0.30920	0.10371	0.42801	0.01633	0.00812	0.00228	0.00341	0.01398	0.00680	0.00602
42	0.01386	0.01181	0.01384	0.01010	0.01586	0.00892	0.00801	0.01680	0.01413	0.02202	0.01358	0.05550	0.01209	0.00598	0.00527	0.00111	0.00501	0.00491	0.00418	0.75701
43	0.01292	0.01216	0.02052	0.74312	0.04712	0.01520	0.01900	0.01748	0.01368	0.01748	0.01216	0.01824	0.00912	0.00684	0.00684	0.00228	0.00912	0.00608	0.00304	0.00760
44	0.02408	0.01820	0.01944	0.01535	0.02048	0.02031	0.01254	0.55280	0.17659	0.04000	0.01888	0.01838	0.01362	0.00844	0.00687	0.00211	0.00707	0.00650	0.00687	0.01146
45	0.01702	0.01470	0.01547	0.01392	0.01779	0.01702	0.01083	0.03635	0.70453	0.02862	0.02785	0.02553	0.02088	0.00928	0.00696	0.00232	0.00541	0.00773	0.00696	0.01083
46	0.01393	0.06804	0.69326	0.01915	0.02907	0.01639	0.02467	0.02161	0.01442	0.02142	0.01215	0.01429	0.00867	0.00647	0.00641	0.00214	0.00999	0.00499	0.00289	0.01005
47	0.01372	0.03539	0.72412	0.01950	0.02961	0.01589	0.02528	0.02167	0.01444	0.02167	0.01228	0.01444	0.00867	0.00650	0.00650	0.00217	0.01011	0.00506	0.00289	0.01011
48	0.00809	0.00693	0.00693	0.00693	0.00924	0.00578	0.00520	0.00982	0.01559	0.01848	0.06931	0.06584	0.71411	0.01733	0.00809	0.00231	0.00347	0.01444	0.00635	0.00578
49	0.00834	0.00595	0.00794	0.00953	0.00992	0.00556	0.00635	0.00953	0.01310	0.01746	0.03771	0.75510	0.04525	0.02143	0.00873	0.00278	0.00397	0.01945	0.00635	0.00556
50	0.00995	0.00663	0.00746	0.00746	0.00746	0.00663	0.00415	0.00995	0.00995	0.01327	0.02156	0.04477	0.02487	0.75957	0.03482	0.00663	0.00663	0.00995	0.00415	0.00415
51	0.00904	0.00733	0.00809	0.00797	0.01013	0.00655	0.00608	0.01199	0.04606	0.02131	0.23007	0.06098	0.48100	0.01622	0.00811	0.00232	0.00365	0.05022	0.00668	0.00619
52	0.01419	0.01216	0.01419	0.01013	0.01621	0.00912	0.00811	0.01723	0.01419	0.02229	0.01216	0.01419	0.01013	0.00507	0.00507	0.00101	0.00507	0.00405	0.00405	0.80139
53	0.01594	0.01805	0.03909	0.07478	0.03649	0.01717	0.64875	0.02163	0.01599	0.02163	0.01373	0.01844	0.01030	0.00584	0.00799	0.00231	0.01138	0.00795	0.00343	0.00912
54	0.00839	0.00603	0.00786	0.00930	0.00979	0.00561	0.00620	0.00956	0.01311	0.01735	0.03876	0.68908	0.08059	0.05109	0.00975	0.00291	0.00405	0.01879	0.00626	0.00551
55	0.00868	0.00620	0.00834	0.00992	0.01047	0.00586	0.00695	0.01013	0.01344	0.01785	0.03752	0.66761	0.04449	0.02111	0.00882	0.00283	0.00427	0.10352	0.00634	0.00565
56	0.02871	0.01264	0.01623	0.01268	0.01782	0.01181	0.01040	0.09005	0.09985	0.58363	0.02619	0.02296	0.01694	0.00854	0.00689	0.00214	0.00592	0.00692	0.00815	0.01155
57	0.01481	0.01457	0.02243	0.50569	0.22866	0.06063	0.01918	0.01906	0.01456	0.01877	0.01225	0.01751	0.00957	0.00665	0.00678	0.00218	0.00905	0.00598	0.00317	0.00851
58	0.00820	0.00681	0.00718	0.00736	0.00938	0.00578	0.00542	0.00995	0.01547	0.01883	0.10003	0.15443	0.59225	0.01768	0.00817	0.00236	0.00352	0.01498	0.00642	0.00578
59	0.32105	0.01287	0.01733	0.30872	0.07478	0.01482	0.05624	0.01864	0.01333	0.02339	0.01403	0.01986	0.02761	0.00746	0.00608	0.00225	0.00743	0.04256	0.00381	0.00773
60	0.01648	0.01930	0.05750	0.02899	0.07794	0.04368	0.60640	0.02205	0.01619	0.02174	0.01362	0.01802	0.01030	0.00586	0.00788	0.00227	0.01131	0.00773	0.00344	0.00930
61	0.01264	0.01185	0.03955	0.01044	0.01322	0.07996	0.00843	0.01751	0.10624	0.04631	0.26904	0.04750	0.24853	0.01350	0.00771	0.00224	0.00501	0.04655	0.00648	0.00727
62	0.01211	0.01035	0.01377	0.01246	0.01261	0.01310	0.00939	0.01306	0.01031	0.01498	0.01569	0.02963	0.01701	0.34835	0.11375	0.00557	0.33054	0.00791	0.00359	0.00584
63	0.80789	0.01323	0.01006	0.00900	0.01323	0.01535	0.00741	0.02011	0.01164	0.03070	0.00953	0.01111	0.00741	0.00635	0.00423	0.00212	0.00529	0.00370	0.00423	0.00741
64	0.00966	0.00654	0.00768	0.00796	0.00807	0.00652	0.00470	0.00996	0.01053	0.01409	0.02422	0.16660	0.02809	0.60470	0.05745	0.00614	0.00663	0.01149	0.00451	0.00447
65	0.01916	0.01692	0.01626	0.01439	0.01838	0.09966	0.01121	0.07660	0.55366	0.05783	0.02509	0.02333	0.01874	0.00892	0.00686	0.00223	0.00637	0.00721	0.00662	0.01058
66	0.02601	0.01916	0.02053	0.01574	0.02122	0.02122	0.01300	0.69408	0.03217	0.04312	0.01643	0.01643	0.01163	0.00821	0.00684	0.00205	0.00753	0.00616	0.00684	0.01163
67	0.01693	0.01626	0.02777	0.04199	0.71689	0.01626	0.02100	0.02100	0.01558	0.02235	0.01287	0.01693	0.01084	0.00610	0.00677	0.00203	0.00813	0.00610	0.00339	0.01084
68	0.01600	0.01801	0.03789	0.02745	0.03348	0.01777	0.60554	0.02122	0.01542	0.02122	0.01322	0.01801	0.01020	0.00656	0.00991	0.00239	0.10551	0.00781	0.00340	0.00900
69	0.01446	0.00803	0.00820	0.00759	0.00968	0.00829	0.00584	0.10346	0.01665	0.02778	0.02156	0.02433	0.01677	0.00800	0.00505	0.00165	0.00375	0.00635	0.69550	0.00706
70	0.00827	0.00622	0.00766	0.00882	0.00974	0.00562	0.00603	0.00961	0.01378	0.01774	0.04636	0.56628	0.22848	0.02031	0.00856	0.00265	0.00383	0.01808	0.00635	0.00562
71	0.00977	0.00733	0.01100	0.01100	0.01222	0.00855	0.00855	0.01222	0.01100	0.01588	0.01833	0.02688	0.01710	0.05131	0.73245	0.01100	0.01833	0.00733	0.00367	0.00611
72	0.01877	0.01514	0.01614	0.01408	0.01822	0.01726	0.01108	0.12132	0.58822	0.06016	0.02633	0.02425	0.01952	0.00911	0.00694	0.00228	0.00571	0.00749	0.00701	0.01097
73	0.01782	0.00879	0.01175	0.00999	0.01303	0.00785	0.00785	0.02082	0.01945	0.29629	0.44749	0.04033	0.04611	0.01185	0.00761	0.00214	0.00423	0.01025	0.00789	0.00846
74	0.02470	0.01851	0.01980	0.01548	0.02072	0.02061	0.01269	0.59841	0.12997	0.04101	0.01809	0.01775	0.01298	0.00837	0.00686	0.00209	0.00722	0.00639	0.00686	0.01152
75	0.00859	0.00615	0.00816	0.00936	0.00998	0.00572	0.00637	0.01016	0.01426	0.01932	0.16332	0.62420	0.04884	0.02005	0.00861	0.00266	0.00383	0.01813	0.00657	0.00572
76	0.00834	0.00595	0.00794	0.00953	0.00992	0.00556	0.00635	0.00953	0.01310	0.01746	0.03771	0.75510	0.04525	0.02143	0.00873	0.00278	0.00397	0.01945	0.00635	0.00556
77	0.02813	0.01576	0.01843	0.01413	0.01952	0.01617	0.01167	0.39525	0.02647	0.34998	0.02120	0.01953	0.01403	0.00833	0.00686	0.00208	0.00676	0.00649	0.00758	0.01164
78	0.02618	0.01888	0.02036	0.01561	0.02108	0.02080	0.01289	0.66960	0.03170	0.06826	0.01682	0.01668	0.01183	0.00822	0.00685	0.00206	0.00747	0.00619	0.00690	0.01163
79	0.00834	0.00595	0.00794	0.00953	0.00992	0.00556	0.00635	0.00953	0.01310	0.01746	0.03771	0.75510	0.04525	0.02143	0.00873	0.00278	0.00397	0.01945	0.00635	0.00556
80	0.01693	0.01626	0.02777	0.04199	0.71689	0.01626	0.02100	0.02100	0.01558	0.02235	0.01287	0.01693	0.01084	0.00610	0.00677	0.00203	0.00813	0.00610	0.00339	0.01084
81	0.01960	0.08421	0.29400	0.01858	0.06765	0.16452	0.01791	0.15455	0.01909	0.04365	0.01296	0.01452	0.00972	0.00686	0.00630	0.00195	0.00938	0.00510	0.00403	0.04542
82	0.01841	0.10121	0.04187	0.09796	0.02123	0.23333	0.01202	0.08975	0.06384	0.02097	0.01987	0.02225	0.09088	0.04880	0.00784	0.00212	0.00834	0.00634	0.00436	0.08861
83	0.01400	0.01036	0.01142	0.01129	0.01317	0.05415	0.00821	0.10814	0.05397	0.07380	0.05250	0.49214	0.03554	0.01688	0.00806	0.00252	0.00517	0.01490	0.00647	0.00730
84	0.01444	0.01382	0.04758	0.01294	0.01888	0.01079	0.09750	0.05387	0.01557	0.02296	0.01841	0.02011	0.08161	0.00663	0.00592	0.00142	0.00609	0.00579	0.00431	0.54136
85	0.03827	0.01733	0.11308	0.09917	0.04545	0.05302	0.01366	0.14030	0.09179	0.12683	0.08785	0.02164	0.01781	0.00945	0.02897	0.00232	0.00752	0.00661	0.00550	0.07344

[dist]
# distance from previous block
# <min> <max>
7	29

[block]
# block no. 3 follows, 31 sequences, length 18
# corresponding to MSA columns:
# 654-671
name=unknown_D
#
# <colnr> <probs for GDERKNQSTAVLIFYWHMCP>
#	G	D	E	R	K	N	Q	S	T	A	V	L	I	F	Y	W	H	M	C	P
0	0.01308	0.01509	0.12959	0.03832	0.04028	0.01224	0.11424	0.02017	0.15362	0.02207	0.06284	0.10494	0.07745	0.06446	0.03087	0.00286	0.00721	0.02653	0.05596	0.00817
1	0.01060	0.00917	0.00925	0.01018	0.01098	0.08823	0.00695	0.01178	0.01355	0.01694	0.03341	0.52383	0.06096	0.12239	0.01208	0.00320	0.00536	0.03975	0.00572	0.00566
2	0.04199	0.01643	0.09276	0.13713	0.26142	0.01506	0.12795	0.02088	0.08381	0.02183	0.01706	0.10155	0.01508	0.00826	0.00712	0.00224	0.00819	0.00791	0.00402	0.00929
3	0.02189	0.03895	0.01844	0.06607	0.02107	0.18578	0.01233	0.23479	0.14840	0.07853	0.03587	0.02092	0.05019	0.00869	0.00713	0.00208	0.02682	0.00658	0.00572	0.00973
4	0.01577	0.01408	0.01880	0.05744	0.22389	0.01501	0.01366	0.02612	0.30991	0.02505	0.07966	0.02326	0.01956	0.00823	0.00724	0.00209	0.02793	0.00710	0.00532	0.09989
5	0.02566	0.02940	0.01966	0.01718	0.02117	0.56239	0.01317	0.18649	0.02244	0.02304	0.01197	0.01331	0.00949	0.00733	0.00633	0.00183	0.01119	0.00482	0.00432	0.00882
6	0.00849	0.00615	0.00824	0.00958	0.01015	0.00591	0.00655	0.00984	0.01297	0.01733	0.03692	0.64174	0.07189	0.02464	0.09081	0.00369	0.00558	0.01785	0.00605	0.00563
7	0.04101	0.00795	0.01066	0.00999	0.01103	0.00833	0.00718	0.08375	0.01207	0.03927	0.01351	0.02077	0.01246	0.02414	0.10326	0.57270	0.00749	0.00608	0.00368	0.00469
8	0.01422	0.09959	0.42651	0.01983	0.07450	0.01635	0.08055	0.02024	0.01496	0.02156	0.09154	0.01883	0.01534	0.00749	0.00751	0.00214	0.04978	0.00614	0.00351	0.00939
9	0.01089	0.00828	0.00910	0.00877	0.01069	0.00793	0.00647	0.08795	0.01612	0.02042	0.06631	0.09391	0.35185	0.19374	0.01449	0.00341	0.00496	0.07269	0.00591	0.00611
10	0.01737	0.43933	0.14737	0.01416	0.02005	0.10656	0.04410	0.02075	0.01533	0.01859	0.08558	0.01635	0.01480	0.00697	0.00552	0.00173	0.00814	0.00511	0.00351	0.00867
11	0.01985	0.54923	0.07626	0.01335	0.01901	0.15938	0.01280	0.02235	0.01520	0.04374	0.01056	0.01193	0.00909	0.00622	0.00496	0.00159	0.00839	0.00401	0.00325	0.00881
12	0.00928	0.00675	0.00867	0.00932	0.01035	0.00618	0.00642	0.01085	0.01382	0.01891	0.13054	0.48954	0.04264	0.10269	0.01132	0.00300	0.00434	0.03912	0.00608	0.07017
13	0.01534	0.11300	0.09425	0.10095	0.11891	0.04762	0.03208	0.07668	0.01570	0.02079	0.01768	0.08281	0.01705	0.04065	0.04164	0.00284	0.06036	0.08915	0.00415	0.00834
14	0.03871	0.03800	0.06342	0.03968	0.09477	0.05500	0.13184	0.03502	0.04313	0.02128	0.06911	0.03821	0.01553	0.00912	0.01067	0.03617	0.15119	0.00680	0.00400	0.09834
15	0.00995	0.00663	0.00746	0.00746	0.00746	0.00663	0.00415	0.00995	0.00995	0.01327	0.02156	0.04477	0.02487	0.75957	0.03482	0.00663	0.00663	0.00995	0.00415	0.00415
16	0.00942	0.00637	0.00769	0.00823	0.00854	0.00615	0.00511	0.00972	0.01136	0.01496	0.02987	0.28244	0.08353	0.39744	0.02340	0.06757	0.00544	0.01316	0.00496	0.00465
17	0.03944	0.02886	0.01777	0.01833	0.14090	0.03679	0.04927	0.04870	0.16795	0.02313	0.08045	0.05793	0.09653	0.01498	0.09057	0.00325	0.06291	0.00850	0.00513	0.00862

[dist]
# distance from previous block
# <min> <max>
0	1

[block]
# block no. 4 follows, 31 sequences, length 10
# corresponding to MSA columns:
# 673-682
name=unknown_E
#
# <colnr> <probs for GDERKNQSTAVLIFYWHMCP>
#	G	D	E	R	K	N	Q	S	T	A	V	L	I	F	Y	W	H	M	C	P
0	0.14007	0.01135	0.01247	0.01119	0.01434	0.01214	0.00891	0.11201	0.13535	0.08216	0.15107	0.05256	0.05702	0.03319	0.04647	0.00285	0.00593	0.07263	0.02997	0.00831
1	0.00947	0.00627	0.00787	0.00896	0.00957	0.00603	0.00613	0.01094	0.01301	0.01828	0.03273	0.48055	0.03739	0.13353	0.01222	0.00322	0.00444	0.06663	0.12722	0.00552
2	0.01602	0.01565	0.02763	0.18510	0.50552	0.01615	0.09281	0.02037	0.01525	0.02130	0.01283	0.01737	0.01043	0.00621	0.00693	0.00211	0.00870	0.00631	0.00332	0.01000
3	0.00923	0.00645	0.00756	0.00806	0.00844	0.00620	0.00496	0.00980	0.01156	0.01517	0.03186	0.27406	0.10557	0.44377	0.02361	0.00494	0.00544	0.01347	0.00509	0.00477
4	0.01995	0.42798	0.02992	0.04080	0.05551	0.19442	0.04492	0.05509	0.01618	0.01823	0.01055	0.01260	0.00912	0.00651	0.00593	0.00171	0.03405	0.00445	0.00332	0.00876
5	0.00897	0.00692	0.00775	0.00787	0.00938	0.00613	0.00541	0.01029	0.01376	0.01754	0.07107	0.21108	0.34014	0.19404	0.01443	0.00337	0.00441	0.01386	0.00575	0.04785
6	0.09434	0.05318	0.04949	0.09051	0.01830	0.08749	0.01066	0.05480	0.03655	0.02117	0.02519	0.26049	0.05885	0.01292	0.00714	0.00231	0.00647	0.05877	0.00506	0.04630
7	0.07710	0.09719	0.06823	0.07517	0.05038	0.10930	0.01342	0.24241	0.06499	0.06101	0.01703	0.01792	0.04060	0.00775	0.00630	0.00199	0.00784	0.00584	0.00509	0.03043
8	0.10279	0.12985	0.10234	0.01558	0.02050	0.05702	0.10911	0.09284	0.05048	0.05729	0.01452	0.01853	0.01203	0.07781	0.03950	0.00284	0.05576	0.00601	0.00424	0.03097
9	0.07044	0.09498	0.02035	0.01595	0.05613	0.06340	0.01242	0.28028	0.15236	0.05980	0.01727	0.03561	0.01346	0.00852	0.00772	0.00212	0.06709	0.00628	0.00565	0.01016

[dist]
# distance from previous block
# <min> <max>
0	83

[block]
# block no. 5 follows, 31 sequences, length 48
# corresponding to MSA columns:
# 766-813
name=unknown_F
#
# <colnr> <probs for GDERKNQSTAVLIFYWHMCP>
#	G	D	E	R	K	N	Q	S	T	A	V	L	I	F	Y	W	H	M	C	P
0	0.05938	0.22020	0.10526	0.01488	0.03832	0.08763	0.01325	0.20295	0.05198	0.02571	0.01516	0.06507	0.01303	0.01042	0.04589	0.00244	0.00839	0.00610	0.00458	0.00935
1	0.02112	0.14902	0.04999	0.01414	0.01903	0.17524	0.01197	0.22092	0.04552	0.05677	0.01794	0.05231	0.04807	0.00832	0.00625	0.00186	0.00791	0.00624	0.00504	0.08235
2	0.05042	0.20840	0.13674	0.01254	0.01738	0.01670	0.01190	0.07546	0.12657	0.02230	0.04753	0.04405	0.03596	0.12127	0.01034	0.00264	0.00683	0.00683	0.00456	0.04157
3	0.13050	0.03111	0.01320	0.04228	0.01525	0.01206	0.00934	0.05902	0.06125	0.02246	0.04232	0.24777	0.02451	0.01560	0.05768	0.00295	0.08325	0.03927	0.00515	0.08502
4	0.00834	0.00595	0.00794	0.00953	0.00992	0.00556	0.00635	0.00953	0.01310	0.01746	0.03771	0.75510	0.04525	0.02143	0.00873	0.00278	0.00397	0.01945	0.00635	0.00556
5	0.02435	0.02013	0.02029	0.04421	0.06814	0.12729	0.01352	0.44961	0.07848	0.06104	0.01640	0.01685	0.01196	0.00794	0.00675	0.00204	0.00813	0.00603	0.00604	0.01081
6	0.01051	0.00763	0.00974	0.00934	0.01042	0.00740	0.03450	0.04518	0.01337	0.01762	0.07391	0.20247	0.12841	0.32332	0.02042	0.05730	0.00558	0.01232	0.00519	0.00535
7	0.05203	0.10064	0.02197	0.01618	0.04001	0.03404	0.11177	0.14792	0.11919	0.09533	0.04316	0.02492	0.04575	0.00890	0.00741	0.00215	0.03432	0.05099	0.00551	0.03779
8	0.01411	0.09675	0.66613	0.01884	0.02859	0.01683	0.02413	0.02157	0.01440	0.02120	0.01204	0.01415	0.00868	0.00645	0.00632	0.00211	0.00988	0.00494	0.00289	0.01000
9	0.00861	0.00699	0.00744	0.00749	0.00965	0.00601	0.00573	0.01065	0.01598	0.01981	0.13534	0.06380	0.57507	0.01679	0.00808	0.00233	0.00363	0.05994	0.03077	0.00590
10	0.01639	0.36612	0.27489	0.01938	0.11120	0.02116	0.06286	0.02106	0.01445	0.01921	0.01119	0.01343	0.00911	0.00610	0.00567	0.00184	0.00867	0.00475	0.00301	0.00953
