[name]
unknown

[dist]
# distance from previous block
# <min> <max>
3	17

[block]
# block no. 0 follows, 29 sequences, length 13
# corresponding to MSA columns:
# 17-29
name=unknown_A
#
# <colnr> <probs for GDERKNQSTAVLIFYWHMCP>
#	G	D	E	R	K	N	Q	S	T	A	V	L	I	F	Y	W	H	M	C	P
0	0.01468	0.01092	0.01409	0.01276	0.01522	0.01242	0.01014	0.19122	0.01732	0.02409	0.01855	0.02507	0.01628	0.04143	0.53088	0.00896	0.01607	0.00730	0.00470	0.00789
1	0.02670	0.03093	0.02043	0.01792	0.02203	0.57098	0.01371	0.16875	0.02304	0.02332	0.01231	0.01376	0.00980	0.00760	0.00657	0.00190	0.01177	0.00498	0.00441	0.00908
2	0.22337	0.01295	0.01845	0.53961	0.03963	0.01586	0.01656	0.01892	0.01367	0.02186	0.01192	0.01700	0.00902	0.00698	0.00640	0.00233	0.00843	0.00567	0.00350	0.00786
3	0.01019	0.00758	0.01119	0.01119	0.01237	0.00876	0.00858	0.01255	0.01137	0.01634	0.01931	0.02928	0.01837	0.10225	0.67347	0.01113	0.01822	0.00782	0.00385	0.00621
4	0.01777	0.01709	0.02256	0.41916	0.15861	0.10420	0.01851	0.11505	0.01808	0.02282	0.01322	0.01771	0.01015	0.00721	0.00702	0.00223	0.00949	0.00613	0.00386	0.00915
5	0.28478	0.02543	0.01760	0.01708	0.06826	0.40789	0.01231	0.05050	0.01771	0.02376	0.01105	0.01292	0.00895	0.00707	0.00582	0.00199	0.00988	0.00454	0.00404	0.00844
6	0.01436	0.01361	0.02399	0.21526	0.22968	0.01409	0.13118	0.01880	0.01684	0.02325	0.19703	0.02775	0.02564	0.00868	0.00766	0.00227	0.00799	0.00844	0.00459	0.00888
7	0.01802	0.01682	0.02292	0.27062	0.24838	0.06780	0.01802	0.10501	0.11474	0.02471	0.01566	0.01896	0.01211	0.00743	0.00707	0.00223	0.00865	0.00647	0.00439	0.01001
8	0.01841	0.01796	0.02028	0.31320	0.08447	0.16365	0.01649	0.12568	0.01900	0.02311	0.01666	0.02607	0.01448	0.00913	0.00736	0.00233	0.00943	0.09916	0.00441	0.00872
9	0.08556	0.01539	0.01661	0.01405	0.01739	0.12435	0.08696	0.04442	0.11286	0.02312	0.10244	0.02826	0.02223	0.15387	0.06314	0.00367	0.00847	0.00785	0.00505	0.06430
10	0.09518	0.23866	0.13799	0.01497	0.02097	0.12584	0.01428	0.10692	0.08947	0.07109	0.01468	0.01541	0.01126	0.00730	0.00597	0.00197	0.00839	0.00517	0.00460	0.00989
11	0.19643	0.04432	0.20305	0.01540	0.02189	0.14605	0.03951	0.04576	0.01622	0.05753	0.01265	0.01436	0.00961	0.00669	0.00594	0.00194	0.00857	0.00485	0.00410	0.14512
12	0.33071	0.01685	0.01964	0.01614	0.03877	0.05657	0.12622	0.16882	0.03413	0.05460	0.01610	0.01775	0.03636	0.00893	0.02750	0.00249	0.00800	0.00606	0.00509	0.00927

[dist]
# distance from previous block
# <min> <max>
2	27

[block]
# block no. 1 follows, 29 sequences, length 103
# corresponding to MSA columns:
# 57-159
name=unknown_B
#
# <colnr> <probs for GDERKNQSTAVLIFYWHMCP>
#	G	D	E	R	K	N	Q	S	T	A	V	L	I	F	Y	W	H	M	C	P
0	0.20329	0.01396	0.01354	0.01245	0.01585	0.07845	0.01008	0.11562	0.04008	0.02647	0.02280	0.05502	0.05229	0.01733	0.10831	0.00366	0.00852	0.13994	0.00535	0.05697
1	0.15979	0.01523	0.02006	0.01570	0.02050	0.04024	0.13286	0.10192	0.01752	0.08996	0.03669	0.06198	0.01549	0.00869	0.00795	0.00214	0.06233	0.02612	0.00513	0.15970
2	0.22790	0.01641	0.06859	0.01356	0.01848	0.01599	0.01182	0.19225	0.01964	0.16971	0.01749	0.05930	0.01356	0.00891	0.00778	0.00224	0.06882	0.00647	0.00590	0.05519
3	0.47599	0.01626	0.04706	0.01169	0.01652	0.06169	0.00994	0.07342	0.04085	0.12118	0.01474	0.03613	0.01128	0.00764	0.00549	0.00217	0.00644	0.00525	0.00525	0.03101
4	0.09417	0.01168	0.05695	0.01151	0.01379	0.05070	0.00924	0.01595	0.06699	0.02213	0.09939	0.36733	0.05918	0.01662	0.00813	0.00263	0.00546	0.07497	0.00613	0.00704
5	0.14912	0.09306	0.04446	0.01495	0.02081	0.01692	0.09420	0.15372	0.06158	0.12237	0.01615	0.01695	0.01189	0.00712	0.00624	0.00195	0.00720	0.00575	0.00540	0.15017
6	0.02021	0.06844	0.20050	0.01534	0.02203	0.01415	0.05499	0.04976	0.06199	0.21963	0.07183	0.02142	0.01728	0.00790	0.00678	0.00203	0.00740	0.00656	0.00568	0.12607
7	0.02113	0.11957	0.01981	0.01283	0.01847	0.01592	0.01070	0.20847	0.04251	0.12769	0.01756	0.05211	0.01394	0.00779	0.00622	0.00173	0.00640	0.00610	0.00575	0.28530
8	0.01982	0.64176	0.05686	0.01321	0.01914	0.11370	0.01283	0.02224	0.01519	0.01702	0.01013	0.01171	0.00914	0.00627	0.00487	0.00159	0.00836	0.00395	0.00312	0.00907
9	0.02781	0.01124	0.01495	0.01176	0.01669	0.00970	0.00961	0.03045	0.01978	0.58720	0.05908	0.03158	0.11659	0.01033	0.00738	0.00223	0.00561	0.00849	0.00847	0.01105
10	0.00933	0.00773	0.00805	0.00789	0.01016	0.00692	0.00583	0.01235	0.06102	0.02035	0.12093	0.06274	0.55028	0.07240	0.01044	0.00273	0.00397	0.01402	0.00659	0.00629
11	0.01036	0.00690	0.00777	0.00777	0.00777	0.00690	0.00431	0.01036	0.01036	0.01381	0.02244	0.04660	0.02589	0.74975	0.03624	0.00690	0.00690	0.01036	0.00431	0.00431
12	0.01771	0.55406	0.22567	0.01445	0.02177	0.02493	0.01612	0.02166	0.01463	0.01837	0.01070	0.01243	0.00911	0.00628	0.00518	0.00173	0.00843	0.00421	0.00304	0.00952
13	0.00866	0.00628	0.00818	0.00971	0.01027	0.00580	0.00652	0.00994	0.01383	0.01826	0.04179	0.69271	0.09784	0.02198	0.00904	0.00285	0.00409	0.01984	0.00661	0.00580
14	0.80005	0.01377	0.01047	0.00936	0.01377	0.01597	0.00771	0.02093	0.01212	0.03195	0.00991	0.01157	0.00771	0.00661	0.00441	0.00220	0.00551	0.00386	0.00441	0.00771
15	0.01762	0.01692	0.02890	0.04371	0.70533	0.01692	0.02185	0.02185	0.01621	0.02326	0.01339	0.01762	0.01128	0.00634	0.00705	0.00211	0.00846	0.00634	0.00352	0.01128
16	0.02660	0.03394	0.02018	0.01834	0.02201	0.72116	0.01376	0.02843	0.02018	0.01743	0.01101	0.01284	0.00917	0.00734	0.00642	0.00183	0.01284	0.00459	0.00367	0.00825
17	0.01762	0.01692	0.02890	0.04371	0.70533	0.01692	0.02185	0.02185	0.01621	0.02326	0.01339	0.01762	0.01128	0.00634	0.00705	0.00211	0.00846	0.00634	0.00352	0.01128
18	0.01345	0.01266	0.02136	0.73264	0.04904	0.01582	0.01978	0.01819	0.01424	0.01819	0.01266	0.01898	0.00949	0.00712	0.00712	0.00237	0.00949	0.00633	0.00316	0.00791
19	0.01153	0.00760	0.00998	0.00920	0.01114	0.00697	0.00697	0.01485	0.02017	0.07380	0.65687	0.05127	0.06390	0.01418	0.00832	0.00224	0.00354	0.01250	0.00790	0.00708
20	0.01771	0.01530	0.01610	0.01449	0.01852	0.01771	0.01127	0.03784	0.69247	0.02979	0.02898	0.02657	0.02174	0.00966	0.00725	0.00242	0.00564	0.00805	0.00725	0.01127
21	0.01008	0.00728	0.00952	0.00896	0.01064	0.00672	0.00672	0.01344	0.02016	0.02855	0.70158	0.05319	0.06719	0.01456	0.00840	0.00224	0.00336	0.01288	0.00784	0.00672
22	0.01345	0.01266	0.02136	0.73264	0.04904	0.01582	0.01978	0.01819	0.01424	0.01819	0.01266	0.01898	0.00949	0.00712	0.00712	0.00237	0.00949	0.00633	0.00316	0.00791
23	0.01681	0.01921	0.04202	0.03001	0.03721	0.01801	0.67947	0.02281	0.01681	0.02281	0.01441	0.01921	0.01080	0.00600	0.00840	0.00240	0.01200	0.00840	0.00360	0.00960
24	0.01036	0.00690	0.00777	0.00777	0.00777	0.00690	0.00431	0.01036	0.01036	0.01381	0.02244	0.04660	0.02589	0.74975	0.03624	0.00690	0.00690	0.01036	0.00431	0.00431
25	0.01345	0.01266	0.02136	0.73264	0.04904	0.01582	0.01978	0.01819	0.01424	0.01819	0.01266	0.01898	0.00949	0.00712	0.00712	0.00237	0.00949	0.00633	0.00316	0.00791
26	0.02660	0.03394	0.02018	0.01834	0.02201	0.72116	0.01376	0.02843	0.02018	0.01743	0.01101	0.01284	0.00917	0.00734	0.00642	0.00183	0.01284	0.00459	0.00367	0.00825
27	0.00915	0.00737	0.00824	0.00837	0.01054	0.00645	0.00651	0.01145	0.01697	0.02123	0.18165	0.06742	0.49256	0.01764	0.00862	0.00250	0.00398	0.10630	0.00683	0.00622
28	0.02660	0.03394	0.02018	0.01834	0.02201	0.72116	0.01376	0.02843	0.02018	0.01743	0.01101	0.01284	0.00917	0.00734	0.00642	0.00183	0.01284	0.00459	0.00367	0.00825
29	0.00868	0.00620	0.00826	0.00991	0.01033	0.00578	0.00661	0.00991	0.01363	0.01818	0.03925	0.74510	0.04710	0.02231	0.00909	0.00289	0.00413	0.02024	0.00661	0.00578
30	0.00871	0.00722	0.00762	0.00752	0.00980	0.00613	0.00564	0.01078	0.01692	0.02086	0.18204	0.06585	0.59152	0.01743	0.00841	0.00238	0.00356	0.01465	0.00683	0.00613
31	0.01904	0.75404	0.03731	0.01218	0.01828	0.02818	0.01218	0.02132	0.01447	0.01675	0.00990	0.01142	0.00914	0.00609	0.00457	0.00152	0.00761	0.00381	0.00305	0.00914
32	0.00842	0.00721	0.00721	0.00721	0.00962	0.00601	0.00541	0.01022	0.01623	0.01924	0.07213	0.06853	0.70244	0.01803	0.00842	0.00240	0.00361	0.01503	0.00661	0.00601
33	0.01345	0.01266	0.02136	0.73264	0.04904	0.01582	0.01978	0.01819	0.01424	0.01819	0.01266	0.01898	0.00949	0.00712	0.00712	0.00237	0.00949	0.00633	0.00316	0.00791
34	0.01428	0.03683	0.71286	0.02030	0.03082	0.01654	0.02631	0.02255	0.01503	0.02255	0.01278	0.01503	0.00902	0.00677	0.00677	0.00226	0.01052	0.00526	0.00301	0.01052
35	0.01017	0.00763	0.01144	0.01144	0.01272	0.00890	0.00890	0.01272	0.01144	0.01653	0.01907	0.02797	0.01780	0.05340	0.72153	0.01144	0.01907	0.00763	0.00381	0.00636
36	0.01017	0.00763	0.01144	0.01144	0.01272	0.00890	0.00890	0.01272	0.01144	0.01653	0.01907	0.02797	0.01780	0.05340	0.72153	0.01144	0.01907	0.00763	0.00381	0.00636
37	0.01439	0.01010	0.01665	0.01511	0.01790	0.00953	0.12884	0.01747	0.01619	0.11501	0.03270	0.26047	0.03424	0.01654	0.00899	0.00286	0.00673	0.26230	0.00636	0.00763
38	0.01904	0.75404	0.03731	0.01218	0.01828	0.02818	0.01218	0.02132	0.01447	0.01675	0.00990	0.01142	0.00914	0.00609	0.00457	0.00152	0.00761	0.00381	0.00305	0.00914
39	0.07608	0.01980	0.01998	0.01626	0.02121	0.13568	0.05643	0.25433	0.18875	0.10917	0.01957	0.01928	0.01422	0.00835	0.00694	0.00218	0.00805	0.00655	0.00635	0.01080
40	0.08694	0.01702	0.01902	0.01469	0.02023	0.01797	0.01213	0.42842	0.02775	0.25302	0.02001	0.01892	0.01351	0.00849	0.00693	0.00216	0.00710	0.00645	0.00745	0.01178
41	0.02120	0.01703	0.01806	0.01520	0.01985	0.01934	0.01211	0.27776	0.44687	0.03541	0.02455	0.02304	0.01815	0.00925	0.00720	0.00231	0.00646	0.00744	0.00720	0.01158
42	0.76790	0.01461	0.01087	0.00974	0.01411	0.04528	0.00796	0.02124	0.01245	0.03134	0.00996	0.01162	0.00777	0.00664	0.00449	0.00219	0.00581	0.00389	0.00438	0.00773
43	0.01458	0.08188	0.67043	0.01979	0.03003	0.01727	0.02542	0.02247	0.01500	0.02219	0.01260	0.01481	0.00903	0.00672	0.00663	0.00221	0.01034	0.00517	0.00301	0.01044
44	0.01137	0.00812	0.01136	0.01300	0.01459	0.00811	0.01130	0.01458	0.01629	0.02120	0.03776	0.10441	0.04120	0.01977	0.00981	0.00326	0.00647	0.63432	0.00656	0.00653
45	0.01610	0.01537	0.02615	0.29479	0.46614	0.01652	0.02110	0.02052	0.01549	0.02142	0.01313	0.01812	0.01063	0.00663	0.00707	0.00221	0.00884	0.00634	0.00339	0.01005
46	0.01477	0.01266	0.01477	0.01055	0.01687	0.00949	0.00844	0.01793	0.01477	0.02320	0.01266	0.01477	0.01055	0.00527	0.00527	0.00105	0.00527	0.00422	0.00422	0.79328
47	0.80005	0.01377	0.01047	0.00936	0.01377	0.01597	0.00771	0.02093	0.01212	0.03195	0.00991	0.01157	0.00771	0.00661	0.00441	0.00220	0.00551	0.00386	0.00441	0.00771
48	0.01762	0.01692	0.02890	0.04371	0.70533	0.01692	0.02185	0.02185	0.01621	0.02326	0.01339	0.01762	0.01128	0.00634	0.00705	0.00211	0.00846	0.00634	0.00352	0.01128
49	0.01762	0.01692	0.02890	0.04371	0.70533	0.01692	0.02185	0.02185	0.01621	0.02326	0.01339	0.01762	0.01128	0.00634	0.00705	0.00211	0.00846	0.00634	0.00352	0.01128
50	0.80005	0.01377	0.01047	0.00936	0.01377	0.01597	0.00771	0.02093	0.01212	0.03195	0.00991	0.01157	0.00771	0.00661	0.00441	0.00220	0.00551	0.00386	0.00441	0.00771
51	0.00842	0.00721	0.00721	0.00721	0.00962	0.00601	0.00541	0.01022	0.01623	0.01924	0.07213	0.06853	0.70244	0.01803	0.00842	0.00240	0.00361	0.01503	0.00661	0.00601
52	0.02707	0.01995	0.02137	0.01638	0.02208	0.02208	0.01353	0.68159	0.03348	0.04488	0.01710	0.01710	0.01211	0.00855	0.00712	0.00214	0.00784	0.00641	0.00712	0.01211
53	0.00868	0.00620	0.00826	0.00991	0.01033	0.00578	0.00661	0.00991	0.01363	0.01818	0.03925	0.74510	0.04710	0.02231	0.00909	0.00289	0.00413	0.02024	0.00661	0.00578
54	0.01771	0.01530	0.01610	0.01449	0.01852	0.01771	0.01127	0.03784	0.69247	0.02979	0.02898	0.02657	0.02174	0.00966	0.00725	0.00242	0.00564	0.00805	0.00725	0.01127
55	0.01428	0.03683	0.71286	0.02030	0.03082	0.01654	0.02631	0.02255	0.01503	0.02255	0.01278	0.01503	0.00902	0.00677	0.00677	0.00226	0.01052	0.00526	0.00301	0.01052
56	0.01771	0.55406	0.22567	0.01445	0.02177	0.02493	0.01612	0.02166	0.01463	0.01837	0.01070	0.01243	0.00911	0.00628	0.00518	0.00173	0.00843	0.00421	0.00304	0.00952
57	0.01009	0.00824	0.01328	0.01259	0.01420	0.00769	0.10207	0.01240	0.01529	0.02076	0.15856	0.51381	0.04567	0.01856	0.00886	0.00270	0.00510	0.01720	0.00641	0.00650
58	0.01017	0.00763	0.01144	0.01144	0.01272	0.00890	0.00890	0.01272	0.01144	0.01653	0.01907	0.02797	0.01780	0.05340	0.72153	0.01144	0.01907	0.00763	0.00381	0.00636
59	0.01904	0.75404	0.03731	0.01218	0.01828	0.02818	0.01218	0.02132	0.01447	0.01675	0.00990	0.01142	0.00914	0.00609	0.00457	0.00152	0.00761	0.00381	0.00305	0.00914
60	0.01428	0.03683	0.71286	0.02030	0.03082	0.01654	0.02631	0.02255	0.01503	0.02255	0.01278	0.01503	0.00902	0.00677	0.00677	0.00226	0.01052	0.00526	0.00301	0.01052
61	0.00886	0.00627	0.00821	0.00968	0.01005	0.00590	0.00636	0.00996	0.01328	0.01770	0.03743	0.66945	0.04480	0.10110	0.01203	0.00333	0.00443	0.01917	0.00636	0.00562
62	0.00868	0.00620	0.00826	0.00991	0.01033	0.00578	0.00661	0.00991	0.01363	0.01818	0.03925	0.74510	0.04710	0.02231	0.00909	0.00289	0.00413	0.02024	0.00661	0.00578
63	0.01665	0.01595	0.02644	0.08015	0.53458	0.01701	0.02010	0.02038	0.01522	0.02184	0.01403	0.05269	0.01263	0.00803	0.00947	0.00231	0.11161	0.00700	0.00359	0.01031
64	0.01641	0.01696	0.02169	0.01867	0.01894	0.07459	0.01544	0.01799	0.01161	0.01716	0.00947	0.01537	0.00933	0.01208	0.02209	0.00302	0.68209	0.00611	0.00316	0.00782
65	0.01367	0.01309	0.02273	0.68600	0.04826	0.01597	0.06356	0.01850	0.01441	0.01850	0.01277	0.01900	0.00958	0.00705	0.00720	0.00237	0.00966	0.00647	0.00319	0.00802
66	0.01042	0.00871	0.01445	0.01334	0.01495	0.00821	0.13108	0.01237	0.01376	0.01842	0.03225	0.51139	0.03736	0.12247	0.01281	0.00337	0.00598	0.01664	0.00573	0.00628
67	0.02521	0.03185	0.02328	0.02000	0.02417	0.62142	0.10819	0.02764	0.01970	0.01819	0.01149	0.01374	0.00940	0.00715	0.00670	0.00191	0.01272	0.00513	0.00366	0.00845
68	0.00842	0.00721	0.00721	0.00721	0.00962	0.00601	0.00541	0.01022	0.01623	0.01924	0.07213	0.06853	0.70244	0.01803	0.00842	0.00240	0.00361	0.01503	0.00661	0.00601
69	0.01904	0.75404	0.03731	0.01218	0.01828	0.02818	0.01218	0.02132	0.01447	0.01675	0.00990	0.01142	0.00914	0.00609	0.00457	0.00152	0.00761	0.00381	0.00305	0.00914
70	0.01595	0.28811	0.47617	0.01745	0.02642	0.02061	0.02136	0.02212	0.01484	0.02052	0.01177	0.01377	0.00906	0.00653	0.00600	0.00200	0.00950	0.00475	0.00302	0.01004
71	0.03195	0.01212	0.01652	0.01267	0.01818	0.01047	0.01047	0.03470	0.02038	0.71026	0.02809	0.02424	0.01763	0.00881	0.00716	0.00220	0.00606	0.00716	0.00881	0.01212
72	0.00868	0.00620	0.00826	0.00991	0.01033	0.00578	0.00661	0.00991	0.01363	0.01818	0.03925	0.74510	0.04710	0.02231	0.00909	0.00289	0.00413	0.02024	0.00661	0.00578
73	0.01345	0.01266	0.02136	0.73264	0.04904	0.01582	0.01978	0.01819	0.01424	0.01819	0.01266	0.01898	0.00949	0.00712	0.00712	0.00237	0.00949	0.00633	0.00316	0.00791
74	0.01370	0.01315	0.02292	0.67961	0.04815	0.01599	0.06956	0.01854	0.01443	0.01854	0.01279	0.01900	0.00959	0.00703	0.00722	0.00238	0.00968	0.00648	0.00320	0.00804
75	0.00971	0.00663	0.00796	0.00860	0.00876	0.00647	0.00520	0.01018	0.01162	0.01550	0.02894	0.31668	0.03409	0.46848	0.02574	0.00535	0.00583	0.01418	0.00520	0.00488
76	0.80005	0.01377	0.01047	0.00936	0.01377	0.01597	0.00771	0.02093	0.01212	0.03195	0.00991	0.01157	0.00771	0.00661	0.00441	0.00220	0.00551	0.00386	0.00441	0.00771
77	0.02707	0.01995	0.02137	0.01638	0.02208	0.02208	0.01353	0.68159	0.03348	0.04488	0.01710	0.01710	0.01211	0.00855	0.00712	0.00214	0.00784	0.00641	0.00712	0.01211
78	0.01690	0.01618	0.02760	0.16277	0.59191	0.01673	0.02149	0.02122	0.01587	0.02239	0.01327	0.01786	0.01097	0.00648	0.00706	0.00216	0.00864	0.00634	0.00346	0.01070
79	0.01345	0.01266	0.02136	0.73264	0.04904	0.01582	0.01978	0.01819	0.01424	0.01819	0.01266	0.01898	0.00949	0.00712	0.00712	0.00237	0.00949	0.00633	0.00316	0.00791
80	0.01489	0.01298	0.01627	0.06098	0.07097	0.01047	0.01020	0.01824	0.01484	0.02288	0.01271	0.01526	0.01053	0.00548	0.00553	0.00122	0.00579	0.00452	0.00410	0.68213
81	0.01469	0.01392	0.02360	0.52793	0.24405	0.01615	0.02039	0.01928	0.01483	0.01970	0.01288	0.01858	0.01002	0.00689	0.00710	0.00230	0.00919	0.00633	0.00327	0.00891
82	0.01667	0.01411	0.01492	0.01354	0.01699	0.01618	0.01028	0.03394	0.59571	0.02752	0.02805	0.02941	0.02233	0.11464	0.01136	0.00305	0.00582	0.00838	0.00683	0.01028
83	0.01746	0.01675	0.02860	0.07099	0.67934	0.01688	0.02177	0.02171	0.01614	0.02306	0.01336	0.01768	0.01121	0.00638	0.00705	0.00213	0.00850	0.00634	0.00351	0.01115
84	0.01570	0.01305	0.01457	0.01395	0.01721	0.01472	0.01116	0.03061	0.48581	0.02708	0.03170	0.06708	0.02784	0.01281	0.00801	0.00266	0.00583	0.18336	0.00704	0.00980
85	0.00994	0.00727	0.00933	0.00882	0.01056	0.00666	0.00661	0.01318	0.01984	0.02780	0.65049	0.05443	0.11875	0.01484	0.00840	0.00225	0.00338	0.01305	0.00774	0.00666
86	0.01564	0.01546	0.01881	0.41301	0.03496	0.12112	0.01551	0.04134	0.01632	0.02053	0.06942	0.04621	0.01571	0.00809	0.00693	0.00210	0.00866	0.00680	0.00403	0.11933
87	0.00930	0.00676	0.00881	0.00965	0.01070	0.00627	0.00692	0.01139	0.01606	0.02171	0.24663	0.42788	0.10416	0.01938	0.00888	0.00268	0.00403	0.06564	0.00699	0.00615
88	0.01212	0.11552	0.03992	0.01195	0.01413	0.03880	0.03340	0.04111	0.01500	0.01938	0.03118	0.52892	0.03606	0.01769	0.00815	0.00258	0.00564	0.01574	0.00577	0.00693
89	0.02583	0.05448	0.02182	0.01614	0.02124	0.02147	0.01345	0.53034	0.02918	0.09079	0.01676	0.01720	0.01209	0.00886	0.00872	0.00222	0.08493	0.00632	0.00663	0.01151
90	0.02018	0.64991	0.03505	0.01278	0.01882	0.02731	0.01238	0.11498	0.01717	0.02074	0.01092	0.01223	0.00956	0.00644	0.00493	0.00161	0.00765	0.00418	0.00362	0.00956
91	0.04843	0.56853	0.08899	0.01339	0.01965	0.05187	0.01336	0.08763	0.01654	0.02062	0.01089	0.01234	0.00937	0.00646	0.00507	0.00168	0.00799	0.00422	0.00352	0.00946
92	0.01458	0.11140	0.60716	0.01889	0.02851	0.01729	0.02386	0.02198	0.01522	0.02223	0.04587	0.01650	0.01185	0.00707	0.00661	0.00218	0.00987	0.00548	0.00325	0.01019
93	0.01659	0.35166	0.26211	0.01485	0.02163	0.02020	0.01637	0.02098	0.01445	0.05232	0.01326	0.01598	0.01093	0.01420	0.12280	0.00343	0.01041	0.00509	0.00344	0.00930
94	0.12856	0.20307	0.32081	0.01569	0.02320	0.01930	0.01751	0.04858	0.08310	0.05738	0.01420	0.01534	0.01067	0.00703	0.00598	0.00208	0.00830	0.00512	0.00407	0.01000
95	0.15763	0.23362	0.06321	0.01360	0.01858	0.11323	0.01213	0.08334	0.06444	0.07607	0.03876	0.01669	0.01312	0.00951	0.03599	0.00238	0.02841	0.00534	0.00467	0.00925
96	0.07766	0.19426	0.09234	0.04816	0.01983	0.04190	0.01274	0.04198	0.03608	0.18412	0.08637	0.04476	0.01960	0.00919	0.00719	0.00214	0.03593	0.03083	0.00548	0.00944
97	0.12835	0.18954	0.04190	0.01372	0.01844	0.12741	0.03107	0.08593	0.06895	0.07486	0.03947	0.02467	0.06690	0.00912	0.00639	0.00209	0.00762	0.04941	0.00511	0.00905
98	0.01776	0.09850	0.13465	0.02168	0.13833	0.10586	0.09756	0.02233	0.03609	0.06803	0.07373	0.04506	0.04071	0.00898	0.00776	0.00221	0.03543	0.03141	0.00452	0.00938
99	0.01834	0.04814	0.24779	0.02281	0.14212	0.15560	0.05708	0.02492	0.08687	0.04443	0.04800	0.01854	0.01397	0.00767	0.00747	0.00218	0.03377	0.00620	0.00413	0.00996
100	0.01775	0.17533	0.02054	0.01534	0.09017	0.05902	0.01117	0.07732	0.10030	0.06738	0.02700	0.05382	0.13308	0.03904	0.00781	0.00218	0.00663	0.00791	0.00527	0.08293
101	0.01830	0.14964	0.15694	0.01567	0.04487	0.10084	0.01434	0.05781	0.11230	0.06609	0.08341	0.02362	0.03954	0.00868	0.00665	0.00204	0.00777	0.02490	0.00502	0.06157
102	0.16129	0.07456	0.01887	0.01779	0.12265	0.12850	0.01227	0.09923	0.07169	0.04500	0.01852	0.07448	0.03291	0.00905	0.00648	0.00211	0.00746	0.03086	0.00500	0.06128

[dist]
# distance from previous block
# <min> <max>
0	54

[block]
# block no. 2 follows, 29 sequences, length 27
# corresponding to MSA columns:
# 221-247
name=unknown_C
#
# <colnr> <probs for GDERKNQSTAVLIFYWHMCP>
#	G	D	E	R	K	N	Q	S	T	A	V	L	I	F	Y	W	H	M	C	P
0	0.01777	0.24654	0.22446	0.02113	0.14186	0.05154	0.02968	0.06148	0.01616	0.02173	0.01200	0.01451	0.00977	0.00689	0.00716	0.00198	0.05531	0.00511	0.00347	0.05143
1	0.02031	0.14150	0.11316	0.02153	0.17503	0.06469	0.01604	0.08729	0.01785	0.11647	0.03256	0.01734	0.01269	0.00760	0.00781	0.00204	0.06702	0.00579	0.00459	0.06869
2	0.01837	0.09524	0.07690	0.06129	0.21750	0.01569	0.03214	0.06378	0.03215	0.11496	0.02095	0.05606	0.05560	0.00892	0.00735	0.00215	0.02349	0.03191	0.00491	0.06065
3	0.01521	0.05326	0.28966	0.22925	0.12445	0.01647	0.02083	0.06591	0.01645	0.02289	0.04955	0.03654	0.01365	0.00770	0.00698	0.00225	0.00911	0.00650	0.00375	0.00960
4	0.13805	0.01752	0.10115	0.01979	0.17197	0.03219	0.01408	0.10882	0.01763	0.02731	0.05531	0.05695	0.01560	0.00786	0.00638	0.00195	0.00701	0.00645	0.00467	0.18930
5	0.01957	0.01845	0.13815	0.12751	0.18563	0.03236	0.01715	0.08389	0.01842	0.15800	0.06755	0.02097	0.01601	0.00778	0.00701	0.00213	0.00797	0.00663	0.00511	0.05968
6	0.10387	0.01646	0.02111	0.21386	0.06250	0.03541	0.06599	0.20444	0.13823	0.04299	0.01685	0.01889	0.01249	0.00781	0.00693	0.00227	0.00810	0.00652	0.00527	0.01001
7	0.01762	0.09659	0.02841	0.13140	0.51255	0.04977	0.02017	0.02160	0.01594	0.02162	0.01281	0.01692	0.01071	0.00647	0.00676	0.00207	0.00870	0.00599	0.00343	0.01046
8	0.01840	0.01583	0.02745	0.16420	0.44079	0.01610	0.08641	0.02274	0.01639	0.10010	0.01503	0.01878	0.01162	0.00673	0.00721	0.00220	0.00873	0.00664	0.00407	0.01059
9	0.01526	0.01442	0.02490	0.14874	0.38347	0.01470	0.08452	0.01957	0.01678	0.02349	0.15828	0.02550	0.02271	0.00817	0.00748	0.00221	0.00791	0.00792	0.00438	0.00959
10	0.10667	0.01896	0.08412	0.05807	0.36824	0.05457	0.08417	0.02373	0.06637	0.04648	0.01453	0.01755	0.01144	0.00679	0.00685	0.00219	0.00864	0.00623	0.00403	0.01038
11	0.01348	0.01405	0.09243	0.01118	0.01686	0.00957	0.00998	0.01720	0.01597	0.02408	0.15799	0.02498	0.05069	0.00789	0.00622	0.00149	0.00540	0.00658	0.00493	0.50902
12	0.03195	0.01212	0.01652	0.01267	0.01818	0.01047	0.01047	0.03470	0.02038	0.71026	0.02809	0.02424	0.01763	0.00881	0.00716	0.00220	0.00606	0.00716	0.00881	0.01212
13	0.05777	0.01869	0.18787	0.01301	0.02024	0.01164	0.01294	0.02011	0.01498	0.05931	0.01334	0.01515	0.01038	0.00590	0.00570	0.00147	0.00663	0.00461	0.00417	0.51607
14	0.01561	0.01537	0.09392	0.01176	0.01852	0.01034	0.01057	0.01933	0.01509	0.05893	0.01347	0.01529	0.01074	0.00563	0.00554	0.00125	0.00591	0.00449	0.00432	0.66393
15	0.01799	0.01657	0.02434	0.10026	0.02746	0.01805	0.19484	0.10092	0.36021	0.02820	0.02187	0.02268	0.01633	0.00825	0.00753	0.00238	0.00805	0.00777	0.00578	0.01053
16	0.07366	0.00900	0.01210	0.10802	0.01762	0.00898	0.00936	0.01757	0.01516	0.17891	0.03090	0.42613	0.03229	0.01598	0.00803	0.00261	0.00540	0.01413	0.00649	0.00768
17	0.01222	0.01055	0.01603	0.01670	0.09371	0.01021	0.08811	0.01677	0.09561	0.02109	0.03002	0.43237	0.03278	0.01569	0.00825	0.00254	0.00582	0.01452	0.00579	0.07121
18	0.01383	0.01498	0.09260	0.01168	0.01718	0.04177	0.01030	0.01720	0.01486	0.02160	0.02111	0.06494	0.08766	0.01182	0.06399	0.00232	0.00708	0.00675	0.00442	0.47391
19	0.01933	0.16047	0.02665	0.01819	0.02189	0.10132	0.10346	0.10595	0.08976	0.02272	0.01342	0.01634	0.01117	0.00899	0.01204	0.00237	0.24640	0.00609	0.00418	0.00927
20	0.10479	0.03095	0.52716	0.01928	0.02846	0.01614	0.07585	0.02329	0.01525	0.07488	0.01373	0.01566	0.00966	0.00684	0.00666	0.00226	0.00974	0.00550	0.00365	0.01025
21	0.01466	0.02909	0.48090	0.02216	0.10788	0.01536	0.07585	0.02140	0.01558	0.03947	0.02009	0.02196	0.08818	0.00798	0.00713	0.00227	0.00951	0.00680	0.00367	0.01007
22	0.01992	0.02114	0.02563	0.11373	0.31809	0.20240	0.07161	0.05856	0.05812	0.02261	0.01388	0.01716	0.01114	0.00698	0.00702	0.00211	0.00982	0.00615	0.00393	0.01000
23	0.01439	0.01459	0.07604	0.25681	0.23835	0.01364	0.01717	0.01849	0.01565	0.04897	0.02737	0.03078	0.16656	0.00962	0.00741	0.00230	0.00774	0.02089	0.00434	0.00888
24	0.01611	0.02001	0.18244	0.10571	0.07484	0.01673	0.16407	0.02079	0.01478	0.07028	0.01548	0.07178	0.01315	0.00918	0.01106	0.00253	0.17033	0.00762	0.00390	0.00922
25	0.02381	0.02586	0.01893	0.01850	0.07097	0.46549	0.01327	0.02596	0.01892	0.09663	0.01802	0.05941	0.03661	0.00941	0.00749	0.00209	0.03386	0.04152	0.00463	0.00861
26	0.02079	0.24155	0.05963	0.01294	0.01806	0.06850	0.02560	0.02370	0.01723	0.21233	0.09595	0.07278	0.02093	0.00903	0.00644	0.00193	0.00690	0.00721	0.00560	0.07290

[dist]
# distance from previous block
# <min> <max>
24	96

[block]
# block no. 3 follows, 29 sequences, length 11
# corresponding to MSA columns:
# 359-369
name=unknown_D
#
# <colnr> <probs for GDERKNQSTAVLIFYWHMCP>
#	G	D	E	R	K	N	Q	S	T	A	V	L	I	F	Y	W	H	M	C	P
0	0.01730	0.12297	0.14460	0.03556	0.09648	0.03415	0.04108	0.04066	0.14508	0.08133	0.02422	0.06831	0.08173	0.00957	0.00738	0.00223	0.02455	0.00792	0.00509	0.00978
1	0.01854	0.10308	0.18731	0.04247	0.02249	0.10633	0.01511	0.10184	0.11078	0.05120	0.06038	0.02109	0.04219	0.00825	0.00665	0.00203	0.00812	0.00640	0.00493	0.08080
2	0.02137	0.25295	0.13682	0.01486	0.02137	0.01835	0.05622	0.08337	0.01818	0.19577	0.04803	0.01839	0.01441	0.00743	0.00627	0.00192	0.00763	0.00586	0.00519	0.06560
3	0.05099	0.10535	0.08847	0.02239	0.16096	0.10117	0.05503	0.10235	0.01817	0.11278	0.01441	0.01651	0.01109	0.00782	0.00873	0.00219	0.10105	0.00587	0.00454	0.01014
4	0.08003	0.40133	0.07742	0.01370	0.01945	0.04370	0.01304	0.10871	0.04299	0.08595	0.01343	0.01440	0.01067	0.00721	0.00629	0.00188	0.04079	0.00485	0.00438	0.00978
5	0.09720	0.13098	0.14083	0.01471	0.01962	0.12536	0.04394	0.02139	0.01613	0.09005	0.04609	0.14241	0.02052	0.01063	0.00690	0.00225	0.00796	0.04955	0.00488	0.00860
6	0.02154	0.24256	0.09172	0.01572	0.02066	0.38471	0.01377	0.02413	0.01765	0.01789	0.01639	0.01768	0.07192	0.00789	0.00609	0.00184	0.01025	0.00537	0.00369	0.00853
7	0.05822	0.01769	0.01947	0.01518	0.02063	0.01909	0.01247	0.46563	0.08964	0.17790	0.02011	0.01918	0.01392	0.00862	0.00703	0.00218	0.00718	0.00661	0.00737	0.01186
8	0.02532	0.01886	0.02016	0.01569	0.02108	0.02081	0.01289	0.59986	0.07311	0.04234	0.02127	0.02090	0.05586	0.00921	0.00721	0.00217	0.00744	0.00705	0.00710	0.01168
9	0.01904	0.75404	0.03731	0.01218	0.01828	0.02818	0.01218	0.02132	0.01447	0.01675	0.00990	0.01142	0.00914	0.00609	0.00457	0.00152	0.00761	0.00381	0.00305	0.00914
10	0.08173	0.14559	0.54894	0.01812	0.02744	0.01829	0.02255	0.02222	0.01470	0.02245	0.01209	0.01418	0.00893	0.00665	0.00623	0.00214	0.00965	0.00492	0.00313	0.01007

[dist]
# distance from previous block
# <min> <max>
0	3

[block]
# block no. 4 follows, 29 sequences, length 15
# corresponding to MSA columns:
# 373-378,381-389
name=unknown_E
#
# <colnr> <probs for GDERKNQSTAVLIFYWHMCP>
#	G	D	E	R	K	N	Q	S	T	A	V	L	I	F	Y	W	H	M	C	P
0	0.01464	0.01808	0.12868	0.02685	0.18387	0.01456	0.26825	0.01941	0.01564	0.02175	0.01999	0.19532	0.01951	0.01017	0.00802	0.00243	0.00905	0.01036	0.00423	0.00919
1	0.02719	0.01792	0.01923	0.01540	0.02003	0.10185	0.01255	0.24988	0.04590	0.29510	0.02006	0.01947	0.01387	0.00902	0.00904	0.00225	0.09675	0.00651	0.00687	0.01109
2	0.00880	0.00625	0.00823	0.00975	0.01013	0.00587	0.00644	0.00995	0.01339	0.01785	0.03798	0.69247	0.04550	0.07713	0.01113	0.00319	0.00434	0.01950	0.00644	0.00567
3	0.01499	0.10704	0.58315	0.02038	0.03015	0.01784	0.08531	0.02245	0.01514	0.02199	0.01264	0.01506	0.00920	0.00663	0.00670	0.00220	0.01037	0.00541	0.00307	0.01030
4	0.02701	0.09191	0.08958	0.01481	0.02095	0.01734	0.01340	0.28243	0.02433	0.31513	0.02050	0.01928	0.01379	0.00823	0.00685	0.00211	0.00735	0.00635	0.00701	0.01166
5	0.01428	0.03683	0.71286	0.02030	0.03082	0.01654	0.02631	0.02255	0.01503	0.02255	0.01278	0.01503	0.00902	0.00677	0.00677	0.00226	0.01052	0.00526	0.00301	0.01052
6	0.01099	0.00777	0.01038	0.01128	0.01261	0.00766	0.00917	0.01365	0.01597	0.02129	0.16450	0.06856	0.04321	0.15847	0.01461	0.00377	0.00600	0.40756	0.00638	0.00616
7	0.02376	0.09593	0.02279	0.09106	0.08999	0.47632	0.01497	0.06632	0.01950	0.01969	0.01167	0.01404	0.00958	0.00718	0.00642	0.00190	0.01130	0.00497	0.00376	0.00883
8	0.01671	0.08665	0.02781	0.21388	0.47434	0.01772	0.02040	0.02088	0.01555	0.02136	0.01287	0.01737	0.01062	0.00652	0.00683	0.00212	0.00864	0.00610	0.00339	0.01023
9	0.01958	0.10547	0.01922	0.01348	0.01786	0.05924	0.07613	0.02246	0.01762	0.22301	0.09252	0.08579	0.08955	0.01100	0.00733	0.00217	0.00662	0.05262	0.00624	0.07210
10	0.01864	0.38016	0.11796	0.01378	0.01912	0.11827	0.01329	0.02153	0.01551	0.06047	0.01581	0.07345	0.01497	0.04818	0.00757	0.00218	0.00828	0.03809	0.00399	0.00874
11	0.01856	0.68278	0.10443	0.01299	0.01952	0.02702	0.01359	0.02144	0.01452	0.01733	0.01019	0.01178	0.00913	0.00616	0.00479	0.00160	0.00790	0.00395	0.00304	0.00928
12	0.01851	0.40187	0.25269	0.01529	0.02235	0.02229	0.01681	0.02273	0.01498	0.08527	0.01254	0.01410	0.00993	0.00699	0.00678	0.00193	0.05682	0.00476	0.00359	0.00978
13	0.01727	0.07662	0.07294	0.01254	0.01677	0.08150	0.01089	0.17293	0.02147	0.05705	0.18357	0.03670	0.18763	0.01170	0.00741	0.00216	0.00643	0.00946	0.00623	0.00870
14	0.02618	0.07999	0.05248	0.01597	0.02189	0.02157	0.01378	0.55610	0.03026	0.08579	0.01705	0.01702	0.01210	0.00829	0.00690	0.00210	0.00782	0.00620	0.00672	0.01180

[dist]
# distance from previous block
# <min> <max>
3	24

# created by:
# /home/berkeley/.conda/envs/busco_data_prod/bin/msa2prfl.pl pipeline/OGs_align_augustus/4893/37446.fs
