[name]
unknown

[dist]
# distance from previous block
# <min> <max>
0	26

[block]
# block no. 0 follows, 33 sequences, length 100
# corresponding to MSA columns:
# 27-126
name=unknown_A
#
# <colnr> <probs for GDERKNQSTAVLIFYWHMCP>
#	G	D	E	R	K	N	Q	S	T	A	V	L	I	F	Y	W	H	M	C	P
0	0.06312	0.17506	0.05965	0.01346	0.03394	0.20066	0.01125	0.07781	0.04001	0.04435	0.01963	0.05181	0.08676	0.00858	0.00596	0.00183	0.00754	0.03204	0.00434	0.06220
1	0.05059	0.04753	0.09497	0.03776	0.04850	0.10501	0.17029	0.07497	0.06735	0.04961	0.04376	0.04264	0.01383	0.00912	0.02935	0.00239	0.09289	0.00666	0.00418	0.00862
2	0.01717	0.01899	0.10834	0.05942	0.04662	0.10920	0.12833	0.16610	0.06706	0.02487	0.06469	0.04611	0.05455	0.00838	0.00720	0.00206	0.02690	0.00719	0.00468	0.03215
3	0.00921	0.00676	0.00798	0.00778	0.00963	0.00596	0.00579	0.01148	0.01649	0.04556	0.34919	0.12255	0.34698	0.01536	0.00779	0.00219	0.00336	0.01324	0.00668	0.00601
4	0.01897	0.01529	0.01626	0.01384	0.01796	0.01735	0.01097	0.25718	0.46420	0.03182	0.02346	0.04662	0.01793	0.00898	0.00672	0.00216	0.00584	0.00732	0.00664	0.01051
5	0.01896	0.52970	0.02898	0.01264	0.01766	0.14920	0.01147	0.04884	0.09387	0.01795	0.01157	0.01256	0.00987	0.00629	0.00489	0.00157	0.00768	0.00418	0.00350	0.00863
6	0.01997	0.01187	0.01449	0.01087	0.01628	0.00994	0.00880	0.04158	0.06520	0.28316	0.01810	0.01768	0.01292	0.00644	0.00569	0.00148	0.00523	0.00520	0.00573	0.43938
7	0.01973	0.01540	0.01836	0.16689	0.04828	0.01745	0.01322	0.31500	0.23068	0.05803	0.01852	0.01905	0.01352	0.00788	0.00662	0.00210	0.00691	0.00639	0.00581	0.01014
8	0.01729	0.71973	0.08461	0.01180	0.01773	0.02528	0.01220	0.01979	0.01341	0.01587	0.00934	0.01080	0.00844	0.00568	0.00437	0.00146	0.00723	0.00362	0.00281	0.00854
9	0.00957	0.00641	0.00733	0.00733	0.00738	0.00646	0.00417	0.00967	0.00962	0.01287	0.02061	0.04233	0.02361	0.73743	0.06428	0.00656	0.00687	0.00946	0.00397	0.00407
10	0.01779	0.01220	0.01645	0.12187	0.07154	0.03059	0.03843	0.10191	0.08339	0.18203	0.03916	0.19261	0.02128	0.01077	0.00748	0.00223	0.02639	0.00934	0.00578	0.00875
11	0.09276	0.05746	0.07599	0.07480	0.14991	0.09503	0.11521	0.03715	0.08418	0.02113	0.01266	0.01564	0.01017	0.00722	0.00858	0.00214	0.12189	0.00569	0.00364	0.00873
12	0.01779	0.01485	0.01568	0.01368	0.01766	0.01704	0.01076	0.14480	0.60356	0.02982	0.02500	0.02313	0.01864	0.00876	0.00668	0.00219	0.00554	0.00719	0.00668	0.01055
13	0.01906	0.01638	0.06754	0.07776	0.12118	0.03976	0.05383	0.24051	0.07773	0.09238	0.03488	0.07945	0.01616	0.00873	0.00685	0.00211	0.00728	0.02339	0.00539	0.00965
14	0.00812	0.00655	0.00723	0.00734	0.00917	0.00566	0.00540	0.00999	0.01537	0.01933	0.19135	0.16142	0.49679	0.01661	0.00787	0.00226	0.00336	0.01420	0.00634	0.00566
15	0.01365	0.01170	0.01365	0.00975	0.01560	0.00878	0.00780	0.01658	0.01365	0.02145	0.01170	0.01365	0.00975	0.00488	0.00488	0.00098	0.00488	0.00390	0.00390	0.80888
16	0.01699	0.04972	0.19218	0.02310	0.11874	0.11920	0.23761	0.03648	0.01568	0.05398	0.01374	0.04704	0.01109	0.00690	0.00717	0.00207	0.02917	0.00650	0.00359	0.00905
17	0.00823	0.00592	0.00766	0.00897	0.00949	0.00553	0.00606	0.00940	0.01263	0.01667	0.03701	0.63324	0.08658	0.07887	0.01036	0.00295	0.00408	0.04512	0.00594	0.00528
18	0.06708	0.01403	0.01832	0.01445	0.01898	0.01464	0.09295	0.23700	0.10401	0.19803	0.04831	0.02087	0.01579	0.01259	0.08934	0.00302	0.00794	0.00673	0.00612	0.00979
19	0.01599	0.28244	0.11618	0.02099	0.02764	0.01977	0.38558	0.02058	0.01460	0.01911	0.01170	0.01481	0.00927	0.00566	0.00636	0.00192	0.00953	0.00596	0.00309	0.00883
20	0.00850	0.00628	0.00790	0.00901	0.00975	0.00596	0.00612	0.01053	0.04609	0.01754	0.05968	0.60812	0.10944	0.05034	0.00928	0.00274	0.00392	0.01712	0.00609	0.00558
21	0.01760	0.77260	0.03450	0.01126	0.01690	0.02605	0.01126	0.01971	0.01338	0.01549	0.00915	0.01056	0.00845	0.00563	0.00422	0.00141	0.00704	0.00352	0.00282	0.00845
22	0.01959	0.04448	0.01811	0.01599	0.07905	0.01757	0.01178	0.26976	0.34155	0.04984	0.02074	0.02083	0.01570	0.03575	0.00752	0.00223	0.00628	0.00668	0.00615	0.01041
23	0.00802	0.00573	0.00764	0.00917	0.00955	0.00535	0.00611	0.00917	0.01260	0.01681	0.03628	0.76434	0.04354	0.02062	0.00840	0.00267	0.00382	0.01872	0.00611	0.00535
24	0.00810	0.00579	0.00771	0.00911	0.00957	0.00540	0.00612	0.00937	0.01298	0.01740	0.07889	0.72004	0.04469	0.02018	0.00836	0.00264	0.00378	0.01829	0.00618	0.00540
25	0.01243	0.01170	0.01975	0.75282	0.04534	0.01463	0.01828	0.01682	0.01316	0.01682	0.01170	0.01755	0.00878	0.00658	0.00658	0.00219	0.00878	0.00585	0.00293	0.00731
26	0.01227	0.00614	0.00614	0.00614	0.00767	0.00614	0.00460	0.01534	0.01381	0.02454	0.02148	0.02454	0.01687	0.00767	0.00460	0.00153	0.00307	0.00614	0.80518	0.00614
27	0.01417	0.01405	0.01971	0.01697	0.01702	0.01960	0.01411	0.01565	0.01011	0.01582	0.00907	0.01495	0.00901	0.01332	0.05575	0.00325	0.72159	0.00582	0.00291	0.00714
28	0.00778	0.00667	0.00667	0.00667	0.00889	0.00556	0.00500	0.00945	0.01501	0.01778	0.06669	0.06336	0.72490	0.01667	0.00778	0.00222	0.00333	0.01389	0.00611	0.00556
29	0.01227	0.00614	0.00614	0.00614	0.00767	0.00614	0.00460	0.01534	0.01381	0.02454	0.02148	0.02454	0.01687	0.00767	0.00460	0.00153	0.00307	0.00614	0.80518	0.00614
30	0.01629	0.01564	0.02672	0.04041	0.72757	0.01564	0.02020	0.02020	0.01499	0.02151	0.01238	0.01629	0.01043	0.00587	0.00652	0.00196	0.00782	0.00587	0.00326	0.01043
31	0.04227	0.62435	0.12056	0.01237	0.01837	0.05543	0.01283	0.02013	0.01360	0.01662	0.00953	0.01104	0.00839	0.00577	0.00455	0.00152	0.00753	0.00372	0.00288	0.00853
32	0.00959	0.00643	0.00739	0.00752	0.00761	0.00642	0.00442	0.00979	0.00997	0.01327	0.02198	0.06542	0.02528	0.70497	0.03141	0.00609	0.00629	0.04784	0.00417	0.00414
33	0.00801	0.00577	0.00760	0.00906	0.00952	0.00536	0.00607	0.00918	0.01270	0.01685	0.03754	0.73540	0.07167	0.02046	0.00838	0.00265	0.00380	0.01852	0.00611	0.00536
34	0.01645	0.01610	0.02679	0.09891	0.55636	0.03910	0.08474	0.04317	0.01554	0.02156	0.01246	0.01638	0.01021	0.00599	0.00663	0.00199	0.00833	0.00600	0.00335	0.00995
35	0.01527	0.01177	0.01225	0.01090	0.01382	0.07005	0.00843	0.05430	0.20578	0.10351	0.29986	0.03647	0.10796	0.01118	0.00715	0.00209	0.00488	0.00942	0.00674	0.00817
36	0.01480	0.01238	0.01427	0.01030	0.01609	0.00995	0.00828	0.08620	0.01540	0.02348	0.01212	0.01387	0.00990	0.00518	0.00505	0.00108	0.00511	0.00411	0.00417	0.72828
37	0.00932	0.00673	0.00880	0.00828	0.00984	0.00621	0.00621	0.01242	0.01863	0.02640	0.72410	0.04918	0.06212	0.01346	0.00776	0.00207	0.00311	0.01191	0.00725	0.00621
38	0.00802	0.00573	0.00764	0.00917	0.00955	0.00535	0.00611	0.00917	0.01260	0.01681	0.03628	0.76434	0.04354	0.02062	0.00840	0.00267	0.00382	0.01872	0.00611	0.00535
39	0.08535	0.01402	0.01444	0.01299	0.01674	0.01624	0.01014	0.03363	0.65485	0.02771	0.02527	0.02336	0.01898	0.00869	0.00647	0.00222	0.00520	0.00711	0.00647	0.01014
40	0.01389	0.01250	0.01667	0.01209	0.01766	0.01031	0.08043	0.01700	0.01362	0.02106	0.01168	0.01412	0.00971	0.00536	0.00623	0.00122	0.05274	0.00442	0.00378	0.67550
41	0.01227	0.00614	0.00614	0.00614	0.00767	0.00614	0.00460	0.01534	0.01381	0.02454	0.02148	0.02454	0.01687	0.00767	0.00460	0.00153	0.00307	0.00614	0.80518	0.00614
42	0.70482	0.01311	0.01062	0.00926	0.01337	0.01508	0.00761	0.09174	0.01338	0.03063	0.01028	0.01170	0.00788	0.00635	0.00436	0.00201	0.00525	0.00390	0.03111	0.00753
43	0.01440	0.01440	0.02016	0.01728	0.01728	0.02016	0.01440	0.01584	0.01008	0.01584	0.00864	0.01440	0.00864	0.01152	0.02160	0.00288	0.75659	0.00576	0.00288	0.00720
44	0.01725	0.01458	0.01538	0.01357	0.01745	0.01678	0.01063	0.10275	0.64649	0.02895	0.02568	0.02368	0.01920	0.00883	0.00669	0.00221	0.00542	0.00729	0.00669	0.01050
45	0.00957	0.00638	0.00718	0.00718	0.00718	0.00638	0.00399	0.00957	0.00957	0.01276	0.02074	0.04308	0.02393	0.76864	0.03351	0.00638	0.00638	0.00957	0.00399	0.00399
46	0.01227	0.00614	0.00614	0.00614	0.00767	0.00614	0.00460	0.01534	0.01381	0.02454	0.02148	0.02454	0.01687	0.00767	0.00460	0.00153	0.00307	0.00614	0.80518	0.00614
47	0.02503	0.01844	0.01976	0.01515	0.02042	0.02042	0.01251	0.70562	0.03095	0.04149	0.01581	0.01581	0.01120	0.00790	0.00659	0.00198	0.00724	0.00593	0.00659	0.01120
48	0.00814	0.00606	0.00761	0.00867	0.00956	0.00552	0.00603	0.00959	0.01360	0.01775	0.08865	0.54403	0.18990	0.01922	0.00825	0.00255	0.00374	0.03944	0.00619	0.00547
49	0.01227	0.00614	0.00614	0.00614	0.00767	0.00614	0.00460	0.01534	0.01381	0.02454	0.02148	0.02454	0.01687	0.00767	0.00460	0.00153	0.00307	0.00614	0.80518	0.00614
50	0.00790	0.00671	0.00684	0.00691	0.00910	0.00565	0.00525	0.00963	0.01501	0.01787	0.06531	0.06383	0.69509	0.01674	0.00784	0.00226	0.00345	0.04294	0.00611	0.00558
51	0.01243	0.01170	0.01975	0.75282	0.04534	0.01463	0.01828	0.01682	0.01316	0.01682	0.01170	0.01755	0.00878	0.00658	0.00658	0.00219	0.00878	0.00585	0.00293	0.00731
52	0.06468	0.02612	0.45023	0.02010	0.09663	0.01509	0.07903	0.02168	0.08746	0.02201	0.01446	0.04795	0.01138	0.00705	0.00641	0.00212	0.00863	0.00600	0.00351	0.00944
53	0.01081	0.00805	0.01185	0.01138	0.01259	0.00963	0.00898	0.01307	0.01087	0.04547	0.01697	0.02443	0.01557	0.04339	0.63062	0.00936	0.10015	0.00689	0.00365	0.00625
54	0.00798	0.00587	0.00749	0.00879	0.00945	0.00538	0.00595	0.00921	0.01296	0.01695	0.04082	0.65984	0.14511	0.02004	0.00831	0.00261	0.00375	0.01800	0.00611	0.00538
55	0.02114	0.02403	0.02180	0.08267	0.06638	0.39800	0.10834	0.09669	0.07889	0.02084	0.01290	0.01494	0.01012	0.00685	0.00641	0.00190	0.01020	0.00541	0.00396	0.00856
56	0.01664	0.04281	0.02393	0.21842	0.25282	0.14397	0.09776	0.04495	0.01595	0.02006	0.05044	0.01758	0.01235	0.00666	0.00657	0.00199	0.00887	0.00605	0.00352	0.00866
57	0.01564	0.09321	0.44096	0.01948	0.02752	0.06776	0.15285	0.06787	0.01567	0.02151	0.01203	0.01435	0.00887	0.00621	0.00637	0.00202	0.00974	0.00534	0.00319	0.00941
58	0.02062	0.01379	0.01689	0.01300	0.01803	0.01326	0.04274	0.26652	0.02101	0.17373	0.01853	0.06184	0.01471	0.00811	0.00636	0.00179	0.00616	0.03426	0.00592	0.24270
59	0.01668	0.01654	0.02485	0.13943	0.55073	0.08002	0.01908	0.03650	0.01543	0.02083	0.01217	0.01607	0.01004	0.00610	0.00648	0.00197	0.00830	0.00572	0.00330	0.00975
60	0.01227	0.00614	0.00614	0.00614	0.00767	0.00614	0.00460	0.01534	0.01381	0.02454	0.02148	0.02454	0.01687	0.00767	0.00460	0.00153	0.00307	0.00614	0.80518	0.00614
61	0.01365	0.01170	0.01365	0.00975	0.01560	0.00878	0.00780	0.01658	0.01365	0.02145	0.01170	0.01365	0.00975	0.00488	0.00488	0.00098	0.00488	0.00390	0.00390	0.80888
62	0.00802	0.00573	0.00764	0.00917	0.00955	0.00535	0.00611	0.00917	0.01260	0.01681	0.03628	0.76434	0.04354	0.02062	0.00840	0.00267	0.00382	0.01872	0.00611	0.00535
63	0.01227	0.00614	0.00614	0.00614	0.00767	0.00614	0.00460	0.01534	0.01381	0.02454	0.02148	0.02454	0.01687	0.00767	0.00460	0.00153	0.00307	0.00614	0.80518	0.00614
64	0.00802	0.00573	0.00764	0.00917	0.00955	0.00535	0.00611	0.00917	0.01260	0.01681	0.03628	0.76434	0.04354	0.02062	0.00840	0.00267	0.00382	0.01872	0.00611	0.00535
65	0.02025	0.01766	0.01582	0.01453	0.04739	0.23127	0.01069	0.10302	0.09669	0.13624	0.07465	0.04917	0.01859	0.07776	0.02632	0.00259	0.03656	0.00699	0.00534	0.00848
66	0.01351	0.08492	0.68631	0.01825	0.02769	0.01603	0.02342	0.02077	0.01386	0.02048	0.01163	0.01367	0.00835	0.00621	0.00611	0.00204	0.00954	0.00477	0.00278	0.00964
67	0.00825	0.00585	0.00764	0.00891	0.00929	0.00550	0.00588	0.00935	0.01253	0.01677	0.06439	0.65228	0.04214	0.10435	0.01120	0.00306	0.00408	0.01739	0.00592	0.00523
68	0.01283	0.01195	0.01925	0.67810	0.04249	0.01480	0.01749	0.01866	0.08415	0.01790	0.01323	0.01826	0.00992	0.00682	0.00659	0.00220	0.00842	0.00601	0.00331	0.00763
69	0.01367	0.05423	0.61389	0.01982	0.02898	0.01581	0.12091	0.02085	0.01412	0.02072	0.01195	0.01435	0.00858	0.00613	0.00641	0.00208	0.00984	0.00524	0.00286	0.00957
70	0.02457	0.01947	0.01942	0.01524	0.02025	0.08908	0.01243	0.60905	0.06221	0.03841	0.01579	0.01585	0.01136	0.00784	0.00653	0.00196	0.00759	0.00584	0.00629	0.01082
71	0.04661	0.00946	0.01181	0.01217	0.01431	0.00984	0.01028	0.13255	0.01742	0.02354	0.03066	0.13905	0.03263	0.01618	0.00837	0.00277	0.00597	0.46338	0.00607	0.00691
72	0.00802	0.00573	0.00764	0.00917	0.00955	0.00535	0.00611	0.00917	0.01260	0.01681	0.03628	0.76434	0.04354	0.02062	0.00840	0.00267	0.00382	0.01872	0.00611	0.00535
73	0.01341	0.01340	0.02480	0.53530	0.08169	0.01518	0.18549	0.01805	0.01385	0.01813	0.01213	0.01753	0.00917	0.00629	0.00687	0.00219	0.00929	0.00632	0.00304	0.00787
74	0.05610	0.01752	0.02103	0.02103	0.19250	0.01901	0.01416	0.50967	0.02623	0.03612	0.01469	0.01571	0.01084	0.00733	0.00646	0.00197	0.00729	0.00581	0.00567	0.01084
75	0.01357	0.09559	0.67620	0.01814	0.02753	0.01619	0.02324	0.02075	0.01386	0.02040	0.01159	0.01362	0.00835	0.00620	0.00609	0.00203	0.00951	0.00475	0.00278	0.00962
76	0.00956	0.00645	0.00755	0.00755	0.00767	0.00658	0.00445	0.00981	0.00968	0.01304	0.02041	0.04123	0.02313	0.69122	0.10983	0.00683	0.00759	0.00930	0.00394	0.00419
77	0.00816	0.00583	0.00779	0.00922	0.00969	0.00546	0.00626	0.00946	0.01297	0.01735	0.06882	0.70891	0.04424	0.02021	0.00839	0.00266	0.00386	0.03915	0.00616	0.00541
78	0.00949	0.00698	0.00894	0.00864	0.01020	0.00658	0.00647	0.01304	0.04721	0.02518	0.59707	0.11101	0.07717	0.01411	0.00781	0.00216	0.00335	0.03124	0.00706	0.00629
79	0.19286	0.02340	0.01900	0.01591	0.02015	0.36738	0.08130	0.16161	0.01923	0.02462	0.01142	0.01301	0.00889	0.00674	0.00585	0.00188	0.00941	0.00479	0.00418	0.00837
80	0.04233	0.03328	0.70821	0.01840	0.02792	0.01527	0.02370	0.02079	0.01380	0.02116	0.01172	0.01378	0.00830	0.00625	0.00618	0.00208	0.00956	0.00482	0.00283	0.00963
81	0.00818	0.00662	0.00729	0.00746	0.00934	0.00573	0.00558	0.01007	0.01530	0.01909	0.16291	0.14074	0.51354	0.01670	0.00791	0.00229	0.00348	0.04584	0.00629	0.00566
82	0.01176	0.00759	0.00904	0.00833	0.01056	0.00705	0.00636	0.01543	0.06215	0.09716	0.36378	0.04604	0.22353	0.01287	0.00726	0.00206	0.00356	0.01101	0.08764	0.00682
83	0.11416	0.06014	0.16751	0.01735	0.04065	0.04565	0.15823	0.07135	0.03845	0.19946	0.01587	0.01670	0.01114	0.00674	0.00632	0.00204	0.00803	0.00583	0.00480	0.00959
84	0.01961	0.01398	0.01492	0.01213	0.01603	0.01527	0.00979	0.40729	0.09756	0.03435	0.06015	0.02214	0.03719	0.00853	0.00622	0.00191	0.00566	0.00671	0.20113	0.00943
85	0.00957	0.00719	0.01047	0.01038	0.01139	0.00836	0.00792	0.01162	0.01045	0.01501	0.01773	0.02752	0.01709	0.13130	0.63971	0.00987	0.03785	0.00731	0.00356	0.00570
86	0.03726	0.01528	0.02110	0.06541	0.19614	0.06745	0.10944	0.05059	0.19912	0.04578	0.06692	0.02398	0.01790	0.00811	0.00687	0.00213	0.00736	0.04502	0.00489	0.00926
87	0.08207	0.03621	0.05816	0.04663	0.10900	0.09881	0.01371	0.35451	0.02283	0.05808	0.03068	0.01589	0.01152	0.00742	0.00662	0.00197	0.02521	0.00560	0.00518	0.00989
88	0.01041	0.00739	0.00889	0.00897	0.01060	0.00695	0.00651	0.06744	0.01604	0.04822	0.16874	0.36986	0.21149	0.01681	0.00792	0.00237	0.00392	0.01476	0.00644	0.00626
89	0.01243	0.01170	0.01975	0.75282	0.04534	0.01463	0.01828	0.01682	0.01316	0.01682	0.01170	0.01755	0.00878	0.00658	0.00658	0.00219	0.00878	0.00585	0.00293	0.00731
90	0.07902	0.11296	0.04500	0.01631	0.07068	0.01568	0.11023	0.13089	0.05448	0.14989	0.01543	0.01627	0.01135	0.00655	0.00598	0.00181	0.00695	0.00554	0.00493	0.14007
91	0.01841	0.08459	0.08309	0.13307	0.17650	0.03736	0.05173	0.17192	0.01851	0.08179	0.03753	0.01709	0.01208	0.00684	0.00635	0.00193	0.00776	0.00582	0.00442	0.04320
92	0.00811	0.00583	0.00773	0.00921	0.00969	0.00544	0.00625	0.00935	0.01278	0.01695	0.03716	0.71608	0.06408	0.02041	0.00841	0.00267	0.00389	0.04447	0.00611	0.00538
93	0.00826	0.00625	0.00865	0.00957	0.01036	0.00577	0.03074	0.00962	0.01295	0.01706	0.03852	0.66745	0.11079	0.01969	0.00832	0.00261	0.00403	0.01784	0.00601	0.00549
94	0.01717	0.21079	0.32219	0.01892	0.09764	0.13160	0.04102	0.02185	0.01490	0.04974	0.01163	0.01352	0.00901	0.00620	0.00580	0.00185	0.00907	0.00472	0.00319	0.00920
95	0.01656	0.01458	0.07618	0.04428	0.03505	0.07199	0.03295	0.07901	0.07391	0.12140	0.06290	0.02835	0.10184	0.10029	0.01090	0.00261	0.05829	0.00770	0.05315	0.00806
96	0.00811	0.00590	0.00764	0.00885	0.00951	0.00544	0.00601	0.00946	0.01334	0.01770	0.09643	0.63741	0.11063	0.01965	0.00829	0.00258	0.00371	0.01768	0.00621	0.00544
97	0.01639	0.09727	0.07637	0.13291	0.20419	0.04435	0.06260	0.10345	0.08758	0.02312	0.05491	0.01993	0.01450	0.00733	0.00650	0.00202	0.00775	0.02544	0.00419	0.00921
98	0.01495	0.01411	0.05470	0.03543	0.16170	0.04096	0.02842	0.14544	0.05812	0.02472	0.09920	0.07148	0.15151	0.01039	0.00700	0.00207	0.00621	0.02679	0.00525	0.04154
99	0.04857	0.05111	0.07684	0.05974	0.06083	0.03427	0.08963	0.10692	0.04226	0.04107	0.08354	0.02169	0.05714	0.00877	0.02772	0.00208	0.00713	0.00651	0.00458	0.16960

[dist]
# distance from previous block
# <min> <max>
12	43

[block]
# block no. 1 follows, 33 sequences, length 14
# corresponding to MSA columns:
# 181-194
name=unknown_B
#
# <colnr> <probs for GDERKNQSTAVLIFYWHMCP>
#	G	D	E	R	K	N	Q	S	T	A	V	L	I	F	Y	W	H	M	C	P
0	0.04320	0.07152	0.19798	0.01361	0.01890	0.03365	0.01330	0.17389	0.10097	0.06608	0.03301	0.05721	0.08886	0.03325	0.02369	0.00238	0.00715	0.00724	0.00509	0.00904
1	0.01729	0.52039	0.16544	0.01294	0.01908	0.04546	0.01361	0.06953	0.01493	0.01880	0.01071	0.01222	0.00899	0.00604	0.00485	0.00159	0.00755	0.00409	0.03773	0.00877
2	0.08151	0.49813	0.12543	0.01268	0.01843	0.07881	0.01277	0.02146	0.06445	0.01827	0.01087	0.01214	0.00917	0.00608	0.00480	0.00163	0.00750	0.00405	0.00324	0.00860
3	0.01735	0.50510	0.11939	0.01240	0.01807	0.02145	0.01255	0.02166	0.07525	0.07287	0.01287	0.01408	0.01056	0.00890	0.05058	0.00218	0.00777	0.00450	0.00361	0.00884
4	0.00971	0.06674	0.01124	0.01086	0.07278	0.00815	0.00727	0.01173	0.01492	0.01930	0.18198	0.20086	0.30534	0.03938	0.00835	0.00234	0.00417	0.01287	0.00577	0.00625
5	0.01482	0.02175	0.23475	0.06010	0.06298	0.01609	0.39108	0.02185	0.06930	0.02133	0.01381	0.01711	0.01026	0.00608	0.00714	0.00217	0.00999	0.00673	0.00341	0.00924
6	0.00947	0.00762	0.00831	0.00789	0.01016	0.00703	0.00603	0.06412	0.01634	0.02056	0.14664	0.05447	0.51845	0.01843	0.07209	0.00292	0.00486	0.01241	0.00608	0.00611
7	0.00961	0.00757	0.00880	0.00867	0.01052	0.00728	0.00642	0.01409	0.11393	0.02222	0.30368	0.17946	0.25289	0.01509	0.00774	0.00225	0.00360	0.01311	0.00662	0.00645
8	0.27172	0.04289	0.13090	0.01490	0.06273	0.01519	0.04233	0.13734	0.01711	0.18341	0.01477	0.01528	0.01039	0.00683	0.00572	0.00202	0.00680	0.00516	0.00506	0.00944
9	0.01859	0.01610	0.06301	0.01730	0.08183	0.01615	0.06262	0.16759	0.33356	0.08164	0.02172	0.02317	0.01656	0.00844	0.00682	0.00217	0.00663	0.03986	0.00597	0.01027
10	0.04451	0.01676	0.02080	0.15037	0.15288	0.12302	0.07475	0.11891	0.07610	0.02301	0.01403	0.01712	0.01108	0.00906	0.04126	0.00244	0.05112	0.00591	0.03812	0.00875
11	0.04500	0.05128	0.20144	0.14420	0.10088	0.06386	0.05151	0.03718	0.04462	0.04713	0.01899	0.08476	0.06444	0.00848	0.00657	0.00210	0.00790	0.00721	0.00398	0.00849
12	0.11309	0.01406	0.01634	0.17784	0.08090	0.07193	0.01214	0.11273	0.05099	0.07255	0.01634	0.01866	0.04365	0.00927	0.02963	0.04165	0.00732	0.00577	0.00445	0.10071
13	0.03877	0.01703	0.07168	0.11127	0.11990	0.07875	0.01393	0.13944	0.14591	0.10459	0.01731	0.03756	0.01320	0.00757	0.00640	0.00200	0.00727	0.00620	0.00506	0.05616

[dist]
# distance from previous block
# <min> <max>
24	44

[block]
# block no. 2 follows, 33 sequences, length 41
# corresponding to MSA columns:
# 243-283
name=unknown_C
#
# <colnr> <probs for GDERKNQSTAVLIFYWHMCP>
#	G	D	E	R	K	N	Q	S	T	A	V	L	I	F	Y	W	H	M	C	P
0	0.01870	0.01450	0.04519	0.11183	0.12768	0.03241	0.03457	0.13332	0.06268	0.15634	0.01922	0.06059	0.03639	0.00798	0.00652	0.00195	0.00681	0.00681	0.00521	0.11131
1	0.05863	0.01861	0.06131	0.09541	0.18833	0.14058	0.10484	0.05794	0.09048	0.02208	0.03981	0.01736	0.01248	0.00701	0.00708	0.00203	0.03856	0.00600	0.00396	0.02750
2	0.04389	0.05871	0.24960	0.01638	0.02251	0.01399	0.14731	0.08347	0.01638	0.02363	0.12840	0.06110	0.01960	0.00806	0.00663	0.00200	0.00763	0.00721	0.00430	0.07920
3	0.01668	0.08257	0.19740	0.04153	0.20598	0.07423	0.16751	0.02137	0.01503	0.05883	0.01263	0.01547	0.00974	0.00619	0.00681	0.00198	0.02668	0.00571	0.00340	0.03025
4	0.01227	0.05162	0.01589	0.01703	0.13819	0.01109	0.04809	0.01733	0.12354	0.02010	0.02761	0.28410	0.02915	0.01406	0.00770	0.00247	0.00580	0.16105	0.00537	0.00754
5	0.06467	0.01005	0.01306	0.01050	0.01461	0.00894	0.00851	0.02581	0.01815	0.50063	0.17406	0.03011	0.07218	0.00972	0.00680	0.00206	0.00490	0.00805	0.00761	0.00957
6	0.01551	0.06512	0.15729	0.02139	0.02799	0.07434	0.37515	0.02051	0.01526	0.02056	0.03904	0.01685	0.01141	0.00600	0.00679	0.00195	0.00963	0.00640	0.00342	0.10538
7	0.01227	0.00614	0.00614	0.00614	0.00767	0.00614	0.00460	0.01534	0.01381	0.02454	0.02148	0.02454	0.01687	0.00767	0.00460	0.00153	0.00307	0.00614	0.80518	0.00614
8	0.01365	0.01170	0.01365	0.00975	0.01560	0.00878	0.00780	0.01658	0.01365	0.02145	0.01170	0.01365	0.00975	0.00488	0.00488	0.00098	0.00488	0.00390	0.00390	0.80888
9	0.00798	0.00668	0.00695	0.00688	0.00902	0.00564	0.00516	0.00984	0.01548	0.01892	0.15304	0.06149	0.63785	0.01625	0.00778	0.00220	0.00330	0.01363	0.00626	0.00564
10	0.01227	0.00614	0.00614	0.00614	0.00767	0.00614	0.00460	0.01534	0.01381	0.02454	0.02148	0.02454	0.01687	0.00767	0.00460	0.00153	0.00307	0.00614	0.80518	0.00614
11	0.09617	0.02131	0.14819	0.01764	0.02309	0.12512	0.16079	0.19246	0.01902	0.02614	0.04376	0.04627	0.01302	0.00762	0.00700	0.00207	0.03058	0.00641	0.00440	0.00895
12	0.05551	0.05425	0.13239	0.09679	0.34418	0.01616	0.16579	0.02011	0.01451	0.02101	0.01212	0.01582	0.00962	0.00592	0.00652	0.00203	0.00872	0.00590	0.00319	0.00945
13	0.01301	0.00857	0.01079	0.01016	0.01161	0.00908	0.00746	0.09090	0.01376	0.07880	0.02234	0.12352	0.02292	0.28446	0.18863	0.00571	0.03336	0.05377	0.00489	0.00626
14	0.00929	0.00658	0.00867	0.00883	0.00944	0.00696	0.00606	0.01056	0.01095	0.01516	0.06794	0.12906	0.02605	0.34335	0.30439	0.00726	0.01021	0.00992	0.00430	0.00504
15	0.01452	0.01351	0.04126	0.01089	0.01630	0.03724	0.00906	0.05876	0.01503	0.02250	0.05061	0.01569	0.01255	0.00591	0.00587	0.00124	0.03430	0.00458	0.00415	0.62602
16	0.00986	0.00814	0.01144	0.01467	0.15409	0.00763	0.00869	0.01205	0.01478	0.01972	0.16247	0.30693	0.21374	0.01536	0.00775	0.00231	0.00437	0.01368	0.00574	0.00658
17	0.01696	0.21118	0.12849	0.06626	0.20289	0.01896	0.13159	0.10780	0.01645	0.02210	0.01204	0.01476	0.00956	0.00611	0.00612	0.00189	0.00842	0.00545	0.00350	0.00948
18	0.01451	0.01367	0.13753	0.01182	0.01532	0.01074	0.01067	0.03303	0.11320	0.12772	0.12917	0.04845	0.04481	0.14852	0.07974	0.00369	0.03595	0.00827	0.00536	0.00784
19	0.00801	0.00578	0.00759	0.00904	0.00951	0.00536	0.00605	0.00918	0.01273	0.01686	0.03786	0.72793	0.07893	0.02042	0.00837	0.00265	0.00379	0.01846	0.00611	0.00536
20	0.01366	0.03089	0.59930	0.02051	0.02964	0.01555	0.15638	0.02090	0.01422	0.02090	0.01211	0.01465	0.00866	0.00612	0.00655	0.00211	0.01000	0.00543	0.00289	0.00956
21	0.07318	0.01252	0.01935	0.54978	0.09656	0.01483	0.01677	0.06358	0.01466	0.05901	0.01263	0.01710	0.00937	0.00666	0.00640	0.00214	0.00815	0.00573	0.00357	0.00803
22	0.01640	0.01329	0.01436	0.01261	0.01611	0.01485	0.00985	0.16373	0.42412	0.02911	0.10811	0.07599	0.05189	0.01032	0.00695	0.00219	0.00521	0.00865	0.00668	0.00956
23	0.01440	0.01440	0.02016	0.01728	0.01728	0.02016	0.01440	0.01584	0.01008	0.01584	0.00864	0.01440	0.00864	0.01152	0.02160	0.00288	0.75659	0.00576	0.00288	0.00720
24	0.00812	0.00595	0.00767	0.00900	0.00968	0.00549	0.00620	0.00943	0.01304	0.01708	0.04010	0.63882	0.13041	0.01999	0.00836	0.00263	0.00387	0.05262	0.00611	0.00541
25	0.01760	0.77260	0.03450	0.01126	0.01690	0.02605	0.01126	0.01971	0.01338	0.01549	0.00915	0.01056	0.00845	0.00563	0.00422	0.00141	0.00704	0.00352	0.00282	0.00845
26	0.01366	0.03120	0.62120	0.02156	0.10306	0.01540	0.06115	0.02079	0.01410	0.02093	0.01196	0.01437	0.00865	0.00617	0.00637	0.00208	0.00960	0.00513	0.00286	0.00976
27	0.01227	0.00614	0.00614	0.00614	0.00767	0.00614	0.00460	0.01534	0.01381	0.02454	0.02148	0.02454	0.01687	0.00767	0.00460	0.00153	0.00307	0.00614	0.80518	0.00614
28	0.00802	0.00573	0.00764	0.00917	0.00955	0.00535	0.00611	0.00917	0.01260	0.01681	0.03628	0.76434	0.04354	0.02062	0.00840	0.00267	0.00382	0.01872	0.00611	0.00535
29	0.01748	0.01759	0.06278	0.01415	0.01806	0.12350	0.01168	0.10217	0.40705	0.02579	0.02320	0.06490	0.01910	0.00958	0.00680	0.00219	0.00670	0.05194	0.00586	0.00948
30	0.05592	0.01183	0.06094	0.05256	0.06630	0.03165	0.03862	0.05339	0.05645	0.02141	0.07260	0.26123	0.04354	0.01373	0.00757	0.00243	0.00596	0.13130	0.00535	0.00721
31	0.18915	0.01801	0.11987	0.01991	0.02606	0.01537	0.36127	0.05743	0.01513	0.02385	0.01520	0.01794	0.04818	0.00647	0.00659	0.00210	0.00875	0.00656	0.00377	0.03840
32	0.02350	0.01623	0.01728	0.01385	0.01862	0.05618	0.01120	0.32866	0.19281	0.19132	0.02029	0.01912	0.01430	0.00803	0.00652	0.00200	0.00655	0.00628	0.00669	0.04057
33	0.05525	0.00872	0.01014	0.01026	0.01187	0.00904	0.00739	0.10910	0.08003	0.02220	0.05980	0.49812	0.03507	0.04003	0.00851	0.00259	0.00454	0.01450	0.00610	0.00672
34	0.31260	0.14713	0.01750	0.06205	0.06355	0.05600	0.01056	0.04362	0.01317	0.02240	0.01326	0.10853	0.01272	0.00855	0.00694	0.00208	0.08172	0.00614	0.00392	0.00755
35	0.05095	0.01994	0.19494	0.04082	0.23099	0.04961	0.08905	0.08534	0.01657	0.03921	0.05405	0.02116	0.03467	0.00750	0.00667	0.00207	0.00816	0.03499	0.00403	0.00928
36	0.06030	0.06825	0.05047	0.11278	0.14948	0.04974	0.02992	0.10691	0.06242	0.03660	0.01366	0.03133	0.01106	0.00687	0.00660	0.00185	0.03777	0.00554	0.00412	0.15432
37	0.07026	0.10409	0.09542	0.05276	0.05653	0.01511	0.01223	0.14962	0.04688	0.06377	0.01348	0.01481	0.01033	0.00626	0.00557	0.00163	0.00652	0.00482	0.00444	0.26547
38	0.03551	0.13666	0.11297	0.03354	0.16111	0.08852	0.01380	0.06487	0.01606	0.05154	0.05430	0.01902	0.05578	0.00715	0.00592	0.00175	0.00722	0.00572	0.00406	0.12448
39	0.04001	0.04742	0.07356	0.05087	0.13221	0.01459	0.01282	0.22897	0.01993	0.07716	0.07224	0.04233	0.08458	0.00863	0.00651	0.00195	0.00647	0.00711	0.00527	0.06735
40	0.01686	0.06536	0.03474	0.07079	0.08983	0.09014	0.03728	0.15074	0.05537	0.03795	0.05800	0.03996	0.03884	0.10522	0.00984	0.00246	0.00719	0.00691	0.00467	0.07785

[dist]
# distance from previous block
# <min> <max>
4	68

[block]
# block no. 3 follows, 33 sequences, length 20
# corresponding to MSA columns:
# 352-371
name=unknown_D
#
# <colnr> <probs for GDERKNQSTAVLIFYWHMCP>
#	G	D	E	R	K	N	Q	S	T	A	V	L	I	F	Y	W	H	M	C	P
0	0.03792	0.03369	0.01672	0.04816	0.11661	0.03142	0.01122	0.15438	0.03831	0.04733	0.09798	0.04652	0.05878	0.00871	0.00703	0.00187	0.03877	0.02073	0.00505	0.17879
1	0.03983	0.03864	0.14973	0.01401	0.03469	0.01308	0.05605	0.11882	0.06022	0.02451	0.04620	0.03941	0.03656	0.00908	0.03687	0.00211	0.00700	0.00613	0.03099	0.23609
2	0.07193	0.06141	0.16381	0.01840	0.14029	0.04205	0.04532	0.03631	0.05201	0.02180	0.07791	0.08038	0.01828	0.01026	0.03663	0.00238	0.02723	0.02751	0.00418	0.06192
3	0.07528	0.08860	0.18073	0.01811	0.12441	0.09954	0.01493	0.13274	0.05890	0.02473	0.05132	0.01658	0.01292	0.00697	0.00597	0.00188	0.00768	0.00542	0.02462	0.04866
4	0.05832	0.32095	0.11470	0.01495	0.07459	0.07203	0.02921	0.04814	0.01496	0.02000	0.05418	0.03955	0.01319	0.00682	0.00539	0.00167	0.00723	0.00518	0.00362	0.09532
5	0.04917	0.06695	0.21381	0.01409	0.03728	0.04624	0.01355	0.11454	0.08154	0.05970	0.13238	0.04747	0.07743	0.00920	0.00656	0.00204	0.00671	0.00746	0.00510	0.00878
6	0.01628	0.01490	0.05212	0.01203	0.01566	0.09375	0.00991	0.15433	0.16044	0.05608	0.17659	0.03316	0.15579	0.01071	0.00699	0.00207	0.00582	0.00875	0.00616	0.00847
7	0.01925	0.01568	0.01896	0.01510	0.01930	0.04439	0.09838	0.36985	0.08738	0.03062	0.02031	0.07435	0.04522	0.06233	0.04554	0.00281	0.00778	0.00778	0.00568	0.00929
8	0.01344	0.01294	0.01812	0.01580	0.01597	0.01775	0.01298	0.01493	0.01012	0.01560	0.01055	0.01755	0.01056	0.05749	0.12321	0.00415	0.61280	0.00615	0.00303	0.00684
9	0.01304	0.01035	0.01166	0.01171	0.05285	0.06504	0.00814	0.04534	0.07439	0.05829	0.35484	0.10000	0.04029	0.08754	0.03480	0.00281	0.00539	0.01029	0.00615	0.00706
10	0.01740	0.27594	0.22407	0.01719	0.08822	0.16825	0.01577	0.04314	0.01542	0.01865	0.01372	0.01532	0.04718	0.00673	0.00563	0.00177	0.00867	0.00490	0.00327	0.00876
11	0.01551	0.01537	0.02207	0.38282	0.22224	0.09297	0.05127	0.05811	0.01536	0.01962	0.01278	0.03919	0.01044	0.00686	0.00661	0.00208	0.00873	0.00617	0.00339	0.00842
12	0.00940	0.00705	0.01058	0.01058	0.01176	0.00823	0.00823	0.01176	0.01058	0.01528	0.01763	0.02586	0.01646	0.04937	0.74255	0.01058	0.01763	0.00705	0.00353	0.00588
13	0.00942	0.00687	0.00862	0.00947	0.01047	0.00661	0.00667	0.06089	0.01454	0.01925	0.06787	0.58914	0.10035	0.01893	0.00821	0.00257	0.00409	0.04396	0.00619	0.00586
14	0.07888	0.02670	0.22769	0.01731	0.04472	0.29205	0.04234	0.08913	0.04824	0.02169	0.01248	0.01495	0.00986	0.03755	0.00719	0.00210	0.00961	0.00508	0.00374	0.00867
15	0.02503	0.01844	0.01976	0.01515	0.02042	0.02042	0.01251	0.70562	0.03095	0.04149	0.01581	0.01581	0.01120	0.00790	0.00659	0.00198	0.00724	0.00593	0.00659	0.01120
16	0.25655	0.01212	0.01261	0.01105	0.01472	0.01310	0.00889	0.10311	0.15685	0.14063	0.05305	0.05063	0.03930	0.03304	0.00706	0.00232	0.00539	0.06501	0.00598	0.00858
17	0.01797	0.01409	0.01636	0.05081	0.04104	0.12195	0.07087	0.08337	0.04822	0.15646	0.08374	0.14424	0.04204	0.03061	0.00786	0.00229	0.00688	0.04725	0.00570	0.00822
18	0.05910	0.08685	0.02102	0.10548	0.10226	0.19628	0.04601	0.13685	0.09257	0.05095	0.01456	0.03362	0.01157	0.00726	0.00619	0.00194	0.00833	0.00574	0.00443	0.00899
19	0.07093	0.09404	0.04126	0.07879	0.04549	0.06951	0.08669	0.10257	0.14981	0.10948	0.07131	0.01998	0.01622	0.00764	0.00636	0.00201	0.00716	0.00639	0.00517	0.00920

[dist]
# distance from previous block
# <min> <max>
0	2

[block]
# block no. 4 follows, 33 sequences, length 78
# corresponding to MSA columns:
# 374-451
name=unknown_E
#
# <colnr> <probs for GDERKNQSTAVLIFYWHMCP>
#	G	D	E	R	K	N	Q	S	T	A	V	L	I	F	Y	W	H	M	C	P
0	0.04458	0.13002	0.16710	0.06143	0.18658	0.08330	0.01641	0.10462	0.10172	0.02316	0.01362	0.01541	0.01061	0.00666	0.00603	0.00193	0.00803	0.00530	0.00394	0.00956
1	0.01345	0.01695	0.15073	0.18360	0.08824	0.04600	0.03840	0.01725	0.01346	0.01879	0.09490	0.02058	0.01584	0.03439	0.03740	0.00272	0.18950	0.00651	0.00351	0.00779
2	0.01687	0.01912	0.10141	0.02070	0.02645	0.08231	0.34076	0.08604	0.08145	0.04332	0.04570	0.04678	0.01437	0.00722	0.00712	0.00210	0.00914	0.00736	0.00432	0.03747
3	0.01243	0.01170	0.01975	0.75282	0.04534	0.01463	0.01828	0.01682	0.01316	0.01682	0.01170	0.01755	0.00878	0.00658	0.00658	0.00219	0.00878	0.00585	0.00293	0.00731
4	0.00802	0.00573	0.00764	0.00917	0.00955	0.00535	0.00611	0.00917	0.01260	0.01681	0.03628	0.76434	0.04354	0.02062	0.00840	0.00267	0.00382	0.01872	0.00611	0.00535
5	0.01551	0.01164	0.01384	0.00998	0.01574	0.00888	0.00802	0.01839	0.01426	0.10462	0.01337	0.01468	0.01052	0.00526	0.00508	0.00110	0.00496	0.00422	0.00440	0.71553
6	0.01590	0.01524	0.02601	0.11344	0.65763	0.01554	0.02001	0.01986	0.01480	0.02103	0.01231	0.01642	0.01026	0.00594	0.00652	0.00198	0.00792	0.00586	0.00322	0.01011
7	0.00845	0.00631	0.00789	0.00871	0.00971	0.00585	0.00607	0.01053	0.03444	0.01894	0.15997	0.50050	0.16161	0.01838	0.00814	0.00248	0.00365	0.01639	0.00632	0.00568
8	0.02056	0.28337	0.02417	0.01492	0.01865	0.37536	0.01236	0.02295	0.04000	0.01626	0.01020	0.01220	0.00890	0.00709	0.00744	0.00177	0.10830	0.00430	0.00324	0.00795
9	0.00963	0.00678	0.00825	0.00827	0.00844	0.00716	0.00520	0.01009	0.01003	0.01363	0.02144	0.11582	0.02441	0.57139	0.11023	0.00629	0.04427	0.01007	0.00411	0.00450
10	0.04865	0.01570	0.01852	0.01485	0.01957	0.04350	0.08174	0.20306	0.28761	0.11583	0.02029	0.01970	0.01476	0.00779	0.00653	0.00204	0.00661	0.00651	0.00611	0.06065
11	0.02390	0.01784	0.01927	0.01574	0.04276	0.04277	0.01248	0.54147	0.08820	0.07858	0.01684	0.01680	0.01207	0.00802	0.00705	0.00202	0.03093	0.00604	0.00636	0.01086
12	0.01002	0.00730	0.00980	0.01115	0.01239	0.00729	0.00901	0.01327	0.05388	0.01912	0.03491	0.31543	0.03888	0.01852	0.00871	0.00286	0.00522	0.41008	0.00612	0.00606
13	0.02229	0.01794	0.01808	0.01462	0.01923	0.07296	0.01179	0.46154	0.20446	0.03555	0.04067	0.01881	0.01488	0.00826	0.00660	0.00202	0.00694	0.00638	0.00640	0.01057
14	0.01228	0.00989	0.01377	0.01248	0.01504	0.01000	0.09007	0.01891	0.19661	0.05163	0.09287	0.26763	0.10072	0.01408	0.00775	0.00241	0.00518	0.06509	0.00612	0.00748
15	0.02279	0.01797	0.02019	0.01597	0.02083	0.10526	0.09257	0.30538	0.16456	0.13745	0.01859	0.01833	0.01330	0.00774	0.00667	0.00203	0.00760	0.00635	0.00608	0.01034
16	0.01556	0.01769	0.03845	0.02816	0.05697	0.01662	0.68141	0.02106	0.01552	0.02110	0.01329	0.01771	0.01000	0.00556	0.00773	0.00221	0.01099	0.00771	0.00333	0.00893
17	0.00824	0.00641	0.00753	0.00822	0.00952	0.00580	0.00579	0.01023	0.03412	0.01811	0.09168	0.41397	0.32018	0.01824	0.00806	0.00244	0.00362	0.01601	0.00620	0.00563
18	0.01593	0.01527	0.02606	0.10751	0.66331	0.01555	0.02002	0.01989	0.01482	0.02107	0.01232	0.01641	0.01027	0.00593	0.00652	0.00198	0.00791	0.00586	0.00323	0.01013
19	0.01597	0.01748	0.03599	0.02604	0.03216	0.03767	0.61967	0.02105	0.01548	0.04258	0.01421	0.04133	0.01116	0.00632	0.00810	0.00223	0.03234	0.00792	0.00356	0.00875
20	0.01630	0.01558	0.02621	0.03925	0.69707	0.01567	0.01978	0.02084	0.04507	0.02177	0.01300	0.01665	0.01084	0.00600	0.00653	0.00197	0.00771	0.00593	0.00341	0.01043
21	0.00802	0.00573	0.00764	0.00917	0.00955	0.00535	0.00611	0.00917	0.01260	0.01681	0.03628	0.76434	0.04354	0.02062	0.00840	0.00267	0.00382	0.01872	0.00611	0.00535
22	0.05346	0.01412	0.01618	0.01303	0.01746	0.01474	0.01058	0.35640	0.04726	0.23976	0.02190	0.11024	0.01747	0.00976	0.00679	0.00212	0.00616	0.02552	0.00688	0.01017
23	0.02317	0.02080	0.11320	0.01531	0.02077	0.09920	0.01365	0.44688	0.02533	0.09904	0.01567	0.01615	0.01121	0.00934	0.03773	0.00233	0.00838	0.00571	0.00574	0.01038
24	0.00802	0.00573	0.00764	0.00917	0.00955	0.00535	0.00611	0.00917	0.01260	0.01681	0.03628	0.76434	0.04354	0.02062	0.00840	0.00267	0.00382	0.01872	0.00611	0.00535
25	0.48669	0.01588	0.01483	0.01609	0.14238	0.10927	0.01076	0.04289	0.01366	0.04677	0.01056	0.01252	0.00836	0.00650	0.00566	0.00201	0.03880	0.00432	0.00399	0.00804
26	0.00800	0.00580	0.00757	0.00898	0.00950	0.00536	0.00603	0.00919	0.01278	0.01688	0.03851	0.71304	0.09340	0.02034	0.00836	0.00264	0.00378	0.01836	0.00611	0.00536
27	0.01667	0.01349	0.01527	0.01119	0.01688	0.01187	0.00905	0.19971	0.01825	0.02678	0.01279	0.01422	0.01013	0.00568	0.00533	0.00124	0.00551	0.00444	0.00461	0.59687
28	0.01648	0.01371	0.01439	0.01258	0.01604	0.04041	0.00985	0.15660	0.38374	0.02885	0.15539	0.02846	0.05084	0.01102	0.02948	0.00239	0.00576	0.00809	0.00654	0.00937
29	0.02022	0.01831	0.01553	0.01356	0.01703	0.24181	0.01050	0.10246	0.18159	0.11655	0.04365	0.02381	0.07620	0.03867	0.02742	0.00240	0.02917	0.00687	0.00551	0.00874
30	0.81514	0.01273	0.00968	0.00866	0.01273	0.01477	0.00713	0.01935	0.01120	0.02954	0.00917	0.01069	0.00713	0.00611	0.00407	0.00204	0.00509	0.00356	0.00407	0.00713
31	0.02142	0.01693	0.01749	0.01437	0.01889	0.04903	0.01154	0.36923	0.32446	0.05412	0.02058	0.01959	0.01505	0.00830	0.00661	0.00208	0.00652	0.00653	0.00654	0.01071
32	0.01395	0.01325	0.02249	0.47243	0.31385	0.01503	0.01904	0.01815	0.01388	0.01867	0.01197	0.01706	0.00943	0.00630	0.00656	0.00210	0.00840	0.00586	0.00306	0.00854
33	0.01605	0.01737	0.03710	0.02826	0.09015	0.01634	0.62562	0.02137	0.01560	0.04419	0.01365	0.01779	0.01023	0.00566	0.00763	0.00219	0.01065	0.00758	0.00348	0.00908
34	0.01942	0.07106	0.02666	0.02002	0.02476	0.32211	0.27719	0.04883	0.04158	0.01940	0.01435	0.04265	0.02739	0.00708	0.00671	0.00195	0.01037	0.00646	0.00373	0.00827
35	0.01021	0.00728	0.01009	0.01157	0.01288	0.00722	0.00979	0.01288	0.01464	0.01910	0.03471	0.17404	0.03836	0.03755	0.00961	0.00306	0.00574	0.56935	0.00602	0.00591
36	0.00830	0.00679	0.00739	0.00752	0.00959	0.00588	0.00583	0.01028	0.01540	0.01892	0.13123	0.06325	0.56962	0.01653	0.00794	0.00231	0.00365	0.09766	0.00623	0.00569
37	0.02380	0.05557	0.04089	0.03287	0.08150	0.22018	0.01213	0.04861	0.03666	0.30972	0.05862	0.01929	0.01532	0.00766	0.00635	0.00191	0.00776	0.00595	0.00567	0.00954
38	0.01243	0.01170	0.01975	0.75282	0.04534	0.01463	0.01828	0.01682	0.01316	0.01682	0.01170	0.01755	0.00878	0.00658	0.00658	0.00219	0.00878	0.00585	0.00293	0.00731
39	0.00940	0.00705	0.01058	0.01058	0.01176	0.00823	0.00823	0.01176	0.01058	0.01528	0.01763	0.02586	0.01646	0.04937	0.74255	0.01058	0.01763	0.00705	0.00353	0.00588
40	0.02323	0.08756	0.02087	0.01871	0.09258	0.53168	0.01335	0.09935	0.01920	0.01939	0.01094	0.01265	0.00897	0.00672	0.00593	0.00173	0.01057	0.00453	0.00368	0.00837
41	0.01397	0.01382	0.01990	0.01701	0.01735	0.01890	0.03784	0.01564	0.01032	0.01597	0.00966	0.01561	0.00943	0.01493	0.08995	0.00359	0.66006	0.00595	0.00296	0.00713
42	0.00942	0.00699	0.01026	0.01026	0.01133	0.00806	0.00784	0.01155	0.01049	0.01505	0.01792	0.02746	0.01715	0.11607	0.67680	0.01019	0.01659	0.00729	0.00357	0.00570
43	0.01320	0.03405	0.73453	0.01876	0.02849	0.01529	0.02432	0.02085	0.01390	0.02085	0.01181	0.01390	0.00834	0.00625	0.00625	0.00208	0.00973	0.00486	0.00278	0.00973
44	0.00944	0.00708	0.00906	0.01012	0.01171	0.00670	0.00837	0.01184	0.01481	0.01878	0.04467	0.15322	0.24674	0.01802	0.00861	0.00274	0.00497	0.40121	0.00608	0.00582
45	0.00799	0.00583	0.00753	0.00890	0.00948	0.00537	0.00599	0.00920	0.01286	0.01691	0.03956	0.68884	0.11693	0.02020	0.00834	0.00263	0.00377	0.01820	0.00611	0.00537
46	0.01144	0.00572	0.00858	0.00858	0.00858	0.00572	0.00572	0.00858	0.00858	0.01144	0.01144	0.02001	0.01144	0.02287	0.02573	0.80846	0.00572	0.00572	0.00286	0.00286
47	0.02459	0.03138	0.01866	0.01696	0.02035	0.74221	0.01272	0.02629	0.01866	0.01611	0.01018	0.01187	0.00848	0.00678	0.00594	0.00170	0.01187	0.00424	0.00339	0.00763
48	0.02503	0.01844	0.01976	0.01515	0.02042	0.02042	0.01251	0.70562	0.03095	0.04149	0.01581	0.01581	0.01120	0.00790	0.00659	0.00198	0.00724	0.00593	0.00659	0.01120
49	0.02459	0.03138	0.01866	0.01696	0.02035	0.74221	0.01272	0.02629	0.01866	0.01611	0.01018	0.01187	0.00848	0.00678	0.00594	0.00170	0.01187	0.00424	0.00339	0.00763
50	0.00956	0.00644	0.00748	0.00748	0.00758	0.00654	0.00436	0.00976	0.00966	0.01298	0.02047	0.04158	0.02328	0.70577	0.09548	0.00675	0.00737	0.00935	0.00395	0.00415
51	0.01043	0.00643	0.00725	0.00752	0.00866	0.00639	0.00538	0.01253	0.01331	0.02057	0.05125	0.21965	0.10931	0.07342	0.00897	0.00236	0.03042	0.01070	0.38973	0.00573
52	0.01760	0.77260	0.03450	0.01126	0.01690	0.02605	0.01126	0.01971	0.01338	0.01549	0.00915	0.01056	0.00845	0.00563	0.00422	0.00141	0.00704	0.00352	0.00282	0.00845
53	0.02577	0.01724	0.01901	0.01458	0.01982	0.01863	0.01204	0.59375	0.02894	0.15620	0.01749	0.01690	0.01204	0.00794	0.00659	0.00199	0.00697	0.00604	0.00685	0.01120
54	0.00868	0.00684	0.00774	0.00819	0.00984	0.00616	0.00600	0.03589	0.01477	0.01845	0.05219	0.30934	0.41757	0.01782	0.00803	0.00242	0.00381	0.05440	0.00613	0.00573
55	0.01902	0.20484	0.20902	0.01766	0.05314	0.17854	0.07713	0.10605	0.01725	0.04173	0.01188	0.01358	0.00921	0.00640	0.00590	0.00183	0.00918	0.00489	0.00362	0.00914
56	0.01381	0.01171	0.01364	0.00989	0.01555	0.00901	0.00789	0.03675	0.01413	0.02190	0.01261	0.03779	0.01088	0.00547	0.00504	0.00106	0.00491	0.00444	0.00405	0.75949
57	0.00920	0.00670	0.00866	0.00823	0.00978	0.00615	0.00615	0.01218	0.01828	0.02570	0.67214	0.07028	0.09418	0.01382	0.00778	0.00210	0.00314	0.01220	0.00716	0.00615
58	0.03897	0.53252	0.07896	0.01250	0.01818	0.05056	0.01221	0.10803	0.03586	0.04264	0.01126	0.01229	0.00934	0.00619	0.00487	0.00160	0.00729	0.00416	0.00363	0.00897
59	0.01263	0.03003	0.62781	0.01722	0.02575	0.01395	0.02166	0.01961	0.01460	0.02166	0.11656	0.01909	0.01625	0.00731	0.00648	0.00208	0.00876	0.00590	0.00344	0.00921
60	0.08672	0.01659	0.01709	0.08214	0.02051	0.09060	0.01176	0.32348	0.07501	0.09106	0.01860	0.04495	0.04283	0.00860	0.00708	0.00207	0.03926	0.00651	0.00566	0.00946
61	0.01325	0.06951	0.67726	0.01802	0.02731	0.01551	0.02307	0.02043	0.01391	0.02049	0.01341	0.01529	0.03083	0.00655	0.00620	0.00206	0.00940	0.00508	0.00289	0.00954
