[name]
unknown

[dist]
# distance from previous block
# <min> <max>
0	27

[block]
# block no. 0 follows, 33 sequences, length 7
# corresponding to MSA columns:
# 27-33
name=unknown_A
#
# <colnr> <probs for GDERKNQSTAVLIFYWHMCP>
#	G	D	E	R	K	N	Q	S	T	A	V	L	I	F	Y	W	H	M	C	P
0	0.01744	0.07615	0.10309	0.05327	0.04490	0.10200	0.03803	0.10581	0.01719	0.09439	0.04419	0.05714	0.01749	0.04359	0.00782	0.00221	0.00747	0.08467	0.00477	0.07837
1	0.05755	0.11169	0.01750	0.03386	0.03881	0.12604	0.01025	0.09535	0.04791	0.11880	0.09860	0.05995	0.01870	0.00821	0.00605	0.00178	0.00655	0.00649	0.00514	0.13079
2	0.01616	0.20498	0.09388	0.16361	0.07230	0.03962	0.10435	0.08642	0.04633	0.02122	0.03270	0.01630	0.01138	0.00653	0.00602	0.00188	0.00801	0.00556	0.02409	0.03867
3	0.12923	0.01261	0.09415	0.01072	0.01373	0.01106	0.00909	0.06177	0.11646	0.04186	0.06008	0.07086	0.04631	0.23875	0.01466	0.00348	0.00601	0.04707	0.00502	0.00708
4	0.01233	0.05212	0.04856	0.01073	0.01264	0.01109	0.03339	0.06641	0.01284	0.01761	0.05902	0.03284	0.04225	0.40528	0.02233	0.00433	0.09559	0.00818	0.00416	0.04829
5	0.01974	0.09389	0.01940	0.01495	0.05298	0.14349	0.01158	0.16958	0.07134	0.06507	0.01376	0.01502	0.01079	0.00712	0.00730	0.00175	0.07952	0.00506	0.00461	0.19304
6	0.10138	0.00664	0.00777	0.00884	0.00985	0.00646	0.00611	0.01037	0.01270	0.01838	0.03639	0.60241	0.11197	0.01852	0.00784	0.00255	0.00392	0.01645	0.00588	0.00558

[dist]
# distance from previous block
# <min> <max>
8	23

[block]
# block no. 1 follows, 33 sequences, length 39
# corresponding to MSA columns:
# 57-95
name=unknown_B
#
# <colnr> <probs for GDERKNQSTAVLIFYWHMCP>
#	G	D	E	R	K	N	Q	S	T	A	V	L	I	F	Y	W	H	M	C	P
0	0.11200	0.03658	0.10377	0.00992	0.01386	0.00981	0.00904	0.01715	0.03924	0.12361	0.07728	0.03798	0.27557	0.05544	0.00823	0.00234	0.00516	0.02208	0.00551	0.03543
1	0.04399	0.26914	0.21302	0.01516	0.07065	0.07443	0.01433	0.04182	0.01490	0.01944	0.04017	0.04212	0.09941	0.00804	0.00581	0.00185	0.00746	0.00617	0.00369	0.00840
2	0.01641	0.14595	0.27799	0.04585	0.05211	0.01738	0.13104	0.09787	0.05727	0.05059	0.03661	0.01653	0.01179	0.00668	0.00632	0.00199	0.00849	0.00577	0.00391	0.00946
3	0.01605	0.01526	0.02564	0.06047	0.62180	0.01525	0.03889	0.03859	0.01534	0.02178	0.01407	0.01767	0.03149	0.00622	0.00654	0.00195	0.00770	0.00610	0.00345	0.03574
4	0.00940	0.00697	0.00857	0.00926	0.01053	0.00662	0.00681	0.04696	0.01474	0.01920	0.08337	0.39467	0.18977	0.04776	0.00923	0.00270	0.00429	0.11721	0.00612	0.00581
5	0.05557	0.07011	0.10304	0.01801	0.02352	0.04354	0.22697	0.10554	0.07952	0.11328	0.03930	0.04209	0.01408	0.00751	0.00712	0.00210	0.02780	0.00686	0.00477	0.00928
6	0.00898	0.00821	0.03810	0.01015	0.01198	0.00695	0.05144	0.01150	0.03916	0.01819	0.06272	0.44045	0.23256	0.01734	0.00802	0.00246	0.00441	0.01549	0.00586	0.00601
7	0.00802	0.00573	0.00764	0.00917	0.00955	0.00535	0.00611	0.00917	0.01260	0.01681	0.03628	0.76434	0.04354	0.02062	0.00840	0.00267	0.00382	0.01872	0.00611	0.00535
8	0.07047	0.01478	0.01440	0.01304	0.01661	0.08963	0.01021	0.03036	0.45612	0.09378	0.02474	0.05454	0.01976	0.00951	0.00666	0.00222	0.00593	0.05147	0.00626	0.00951
9	0.04871	0.01678	0.09577	0.15884	0.20869	0.01526	0.16739	0.07719	0.01630	0.10984	0.01423	0.01710	0.01048	0.00642	0.00670	0.00208	0.00848	0.00619	0.00407	0.00948
10	0.00957	0.00638	0.00718	0.00718	0.00718	0.00638	0.00399	0.00957	0.00957	0.01276	0.02074	0.04308	0.02393	0.76864	0.03351	0.00638	0.00638	0.00957	0.00399	0.00399
11	0.01629	0.01564	0.02672	0.04041	0.72757	0.01564	0.02020	0.02020	0.01499	0.02151	0.01238	0.01629	0.01043	0.00587	0.00652	0.00196	0.00782	0.00587	0.00326	0.01043
12	0.62850	0.01273	0.01095	0.00958	0.01373	0.01439	0.00782	0.02271	0.09871	0.10835	0.01323	0.01372	0.00976	0.00669	0.00468	0.00206	0.00516	0.00439	0.00486	0.00799
13	0.01440	0.01440	0.02016	0.01728	0.01728	0.02016	0.01440	0.01584	0.01008	0.01584	0.00864	0.01440	0.00864	0.01152	0.02160	0.00288	0.75659	0.00576	0.00288	0.00720
14	0.00925	0.00673	0.00870	0.00821	0.00979	0.00618	0.00616	0.01228	0.01847	0.02600	0.69344	0.04984	0.09303	0.01361	0.00777	0.00208	0.00312	0.01200	0.00719	0.00618
15	0.01629	0.01564	0.02672	0.04041	0.72757	0.01564	0.02020	0.02020	0.01499	0.02151	0.01238	0.01629	0.01043	0.00587	0.00652	0.00196	0.00782	0.00587	0.00326	0.01043
16	0.01629	0.01564	0.02672	0.04041	0.72757	0.01564	0.02020	0.02020	0.01499	0.02151	0.01238	0.01629	0.01043	0.00587	0.00652	0.00196	0.00782	0.00587	0.00326	0.01043
17	0.01378	0.07096	0.61971	0.01779	0.02665	0.01598	0.02213	0.02232	0.08973	0.02129	0.01329	0.01488	0.00962	0.00651	0.00620	0.00207	0.00910	0.00507	0.00321	0.00974
18	0.00832	0.00589	0.00773	0.00896	0.00933	0.00565	0.00592	0.00936	0.01206	0.01615	0.03308	0.62224	0.03931	0.12901	0.05082	0.00362	0.00492	0.01679	0.00567	0.00518
19	0.00901	0.00663	0.00843	0.00816	0.00969	0.00605	0.00605	0.01176	0.01764	0.02447	0.58101	0.11580	0.14177	0.01450	0.00782	0.00214	0.00320	0.01277	0.00700	0.00605
20	0.01913	0.16590	0.02136	0.05763	0.01973	0.32547	0.01269	0.04482	0.01529	0.01679	0.01063	0.01386	0.00934	0.01139	0.07528	0.00272	0.16221	0.00482	0.00328	0.00765
21	0.01257	0.06187	0.27545	0.01323	0.01870	0.01166	0.04085	0.04042	0.01597	0.04671	0.17828	0.03320	0.16063	0.01020	0.00688	0.00206	0.00647	0.02749	0.00487	0.03251
22	0.01911	0.08444	0.04896	0.01646	0.05373	0.10509	0.10970	0.14851	0.06165	0.07445	0.01425	0.01557	0.01086	0.00641	0.00604	0.00170	0.00764	0.00537	0.00456	0.20550
23	0.02186	0.01666	0.04451	0.01366	0.01787	0.10366	0.01131	0.31527	0.02275	0.16187	0.04644	0.08472	0.01856	0.03302	0.00770	0.00223	0.00705	0.05519	0.00621	0.00945
24	0.00865	0.00685	0.00691	0.00686	0.00895	0.00603	0.00509	0.01095	0.03814	0.01858	0.05803	0.05678	0.58760	0.05521	0.00876	0.00237	0.00353	0.01261	0.09240	0.00570
25	0.01443	0.05237	0.13679	0.05832	0.02259	0.03818	0.12952	0.04506	0.01513	0.02148	0.06478	0.01923	0.01424	0.00683	0.00662	0.00173	0.02991	0.02931	0.00389	0.28958
26	0.04990	0.06915	0.06617	0.10508	0.08174	0.03878	0.06090	0.18622	0.04543	0.11153	0.02037	0.04670	0.07272	0.00829	0.00653	0.00204	0.00723	0.00692	0.00507	0.00923
27	0.00941	0.00703	0.01046	0.01046	0.01159	0.00816	0.00808	0.01168	0.01054	0.01519	0.01775	0.02649	0.01673	0.07542	0.71687	0.01043	0.01723	0.00714	0.00354	0.00581
28	0.00929	0.00634	0.00719	0.00734	0.00754	0.00622	0.00427	0.00952	0.01025	0.01352	0.02550	0.11628	0.07483	0.64168	0.02921	0.00572	0.00591	0.01079	0.00435	0.00423
29	0.01766	0.23446	0.22213	0.06638	0.13350	0.05222	0.01675	0.07473	0.02860	0.07631	0.01276	0.01448	0.00979	0.00639	0.00579	0.00185	0.00811	0.00494	0.00369	0.00947
30	0.07178	0.01396	0.01450	0.01201	0.01609	0.09082	0.00960	0.10932	0.11728	0.30921	0.09191	0.02289	0.01944	0.00846	0.00637	0.00199	0.00597	0.00670	0.06210	0.00960
31	0.00802	0.00573	0.00764	0.00917	0.00955	0.00535	0.00611	0.00917	0.01260	0.01681	0.03628	0.76434	0.04354	0.02062	0.00840	0.00267	0.00382	0.01872	0.00611	0.00535
32	0.01089	0.00758	0.00929	0.03477	0.01157	0.00767	0.00687	0.08598	0.01504	0.02102	0.09092	0.38528	0.05299	0.08289	0.03356	0.00294	0.00485	0.01323	0.11653	0.00614
33	0.03496	0.07869	0.06932	0.11299	0.03924	0.01123	0.01023	0.04098	0.01264	0.03379	0.01910	0.14304	0.01963	0.21184	0.12998	0.00457	0.00842	0.00872	0.00409	0.00654
34	0.01003	0.00792	0.00956	0.00906	0.01092	0.00761	0.02712	0.04004	0.07453	0.02084	0.20012	0.16878	0.26277	0.10775	0.01091	0.00277	0.00428	0.01267	0.00610	0.00621
35	0.01122	0.03504	0.01118	0.01013	0.01237	0.00833	0.00758	0.07116	0.01453	0.02000	0.02769	0.44346	0.03114	0.01650	0.03209	0.00250	0.00507	0.05958	0.00548	0.17495
36	0.20137	0.10934	0.07255	0.04063	0.03368	0.12800	0.07409	0.04111	0.03930	0.02203	0.04150	0.02134	0.03534	0.03198	0.00676	0.00212	0.00751	0.05254	0.00407	0.03474
37	0.04245	0.01872	0.09841	0.02156	0.16976	0.11601	0.08610	0.08152	0.03535	0.06654	0.01419	0.03204	0.01151	0.01019	0.05467	0.00264	0.09831	0.00609	0.02502	0.00893
38	0.06200	0.03715	0.01251	0.03817	0.01411	0.07002	0.00842	0.07379	0.01431	0.04726	0.04131	0.09535	0.06500	0.11475	0.22303	0.00500	0.00954	0.00812	0.00454	0.05561

[dist]
# distance from previous block
# <min> <max>
1	14

[block]
# block no. 2 follows, 33 sequences, length 30
# corresponding to MSA columns:
# 110-139
name=unknown_C
#
# <colnr> <probs for GDERKNQSTAVLIFYWHMCP>
#	G	D	E	R	K	N	Q	S	T	A	V	L	I	F	Y	W	H	M	C	P
0	0.01805	0.13165	0.04384	0.04081	0.01749	0.06061	0.01073	0.19863	0.05118	0.08415	0.06933	0.06222	0.01804	0.06205	0.07175	0.00294	0.00768	0.00695	0.00516	0.03674
1	0.01385	0.07468	0.09719	0.05074	0.11088	0.05108	0.01223	0.03890	0.09201	0.02092	0.07159	0.04987	0.10747	0.03427	0.02663	0.00231	0.00672	0.03341	0.00457	0.10068
2	0.01597	0.09780	0.08621	0.16808	0.29086	0.08913	0.06472	0.02054	0.04181	0.01973	0.03544	0.01677	0.01155	0.00645	0.00634	0.00196	0.00847	0.00575	0.00339	0.00903
3	0.00878	0.00654	0.00826	0.00911	0.01018	0.00619	0.00654	0.01124	0.04511	0.01922	0.15239	0.46261	0.13795	0.01820	0.00820	0.00252	0.00388	0.07098	0.00632	0.00580
4	0.01146	0.00907	0.01149	0.02970	0.01311	0.00918	0.04034	0.11147	0.01602	0.02102	0.09123	0.21266	0.21986	0.11374	0.02993	0.00305	0.03245	0.01220	0.00560	0.00644
5	0.01423	0.01160	0.01632	0.01368	0.01659	0.03569	0.13112	0.03901	0.13373	0.07868	0.12189	0.11867	0.06407	0.11286	0.01147	0.00282	0.03331	0.03112	0.00556	0.00759
6	0.00849	0.00623	0.00792	0.00914	0.00978	0.00595	0.00617	0.01048	0.04756	0.01723	0.03706	0.65339	0.08411	0.05133	0.00934	0.00278	0.00397	0.01747	0.00605	0.00556
7	0.14867	0.01419	0.01561	0.01302	0.03781	0.01508	0.01027	0.30276	0.06424	0.20427	0.01837	0.01803	0.01289	0.00766	0.00600	0.00197	0.00598	0.00583	0.08736	0.00997
8	0.01407	0.01392	0.01953	0.01684	0.01692	0.01938	0.01400	0.01557	0.01011	0.01581	0.00923	0.01516	0.00916	0.01401	0.06900	0.00339	0.70801	0.00585	0.00292	0.00711
9	0.02503	0.01844	0.01976	0.01515	0.02042	0.02042	0.01251	0.70562	0.03095	0.04149	0.01581	0.01581	0.01120	0.00790	0.00659	0.00198	0.00724	0.00593	0.00659	0.01120
10	0.02324	0.01435	0.01614	0.01288	0.01740	0.01522	0.01048	0.33240	0.14270	0.21907	0.02103	0.02007	0.01473	0.00812	0.00638	0.00198	0.00597	0.00639	0.10098	0.01047
11	0.00827	0.00591	0.00791	0.00934	0.00986	0.00555	0.00645	0.00965	0.01308	0.01748	0.06929	0.67915	0.04402	0.02010	0.00842	0.00267	0.00395	0.06728	0.00616	0.00544
12	0.01328	0.00711	0.00721	0.00685	0.00867	0.00726	0.00523	0.06972	0.01516	0.02588	0.02103	0.02386	0.01643	0.00769	0.00476	0.00157	0.00340	0.00612	0.74227	0.00653
13	0.00940	0.00705	0.01058	0.01058	0.01176	0.00823	0.00823	0.01176	0.01058	0.01528	0.01763	0.02586	0.01646	0.04937	0.74255	0.01058	0.01763	0.00705	0.00353	0.00588
14	0.00802	0.00573	0.00764	0.00917	0.00955	0.00535	0.00611	0.00917	0.01260	0.01681	0.03628	0.76434	0.04354	0.02062	0.00840	0.00267	0.00382	0.01872	0.00611	0.00535
15	0.00848	0.00674	0.00765	0.00753	0.00947	0.00590	0.00572	0.01075	0.01635	0.02106	0.30786	0.05865	0.44715	0.01556	0.00784	0.00221	0.00338	0.04538	0.00653	0.00582
16	0.01629	0.01564	0.02672	0.04041	0.72757	0.01564	0.02020	0.02020	0.01499	0.02151	0.01238	0.01629	0.01043	0.00587	0.00652	0.00196	0.00782	0.00587	0.00326	0.01043
17	0.01243	0.01170	0.01975	0.75282	0.04534	0.01463	0.01828	0.01682	0.01316	0.01682	0.01170	0.01755	0.00878	0.00658	0.00658	0.00219	0.00878	0.00585	0.00293	0.00731
18	0.00910	0.00666	0.00854	0.00820	0.00974	0.00610	0.00610	0.01196	0.01793	0.02505	0.62368	0.09738	0.11655	0.01420	0.00781	0.00212	0.00317	0.01252	0.00708	0.00610
19	0.02573	0.01119	0.01451	0.01146	0.01606	0.01019	0.00935	0.06305	0.06765	0.55851	0.07107	0.02656	0.06570	0.00908	0.00677	0.00206	0.00535	0.00745	0.00778	0.01047
20	0.01001	0.00735	0.00992	0.01097	0.01256	0.00727	0.00933	0.01278	0.01489	0.01935	0.07288	0.06691	0.14000	0.02058	0.07619	0.00355	0.00657	0.48701	0.00590	0.00598
21	0.01554	0.01776	0.03885	0.02775	0.03441	0.01665	0.70366	0.02109	0.01554	0.02109	0.01332	0.01776	0.00999	0.00555	0.00777	0.00222	0.01110	0.00777	0.00333	0.00888
22	0.02168	0.01490	0.04369	0.03742	0.01965	0.01477	0.06227	0.33430	0.02289	0.18163	0.03599	0.06562	0.01624	0.00880	0.00670	0.00205	0.00664	0.02287	0.07205	0.00985
23	0.01385	0.01234	0.01633	0.01166	0.01760	0.00961	0.08166	0.01706	0.01385	0.02141	0.01187	0.01409	0.00978	0.00495	0.00518	0.00111	0.00554	0.00431	0.00384	0.72397
24	0.10187	0.09376	0.07741	0.01308	0.01746	0.08232	0.01145	0.15373	0.09371	0.11491	0.06416	0.03318	0.01597	0.01117	0.06077	0.00263	0.03203	0.00617	0.00523	0.00899
25	0.01563	0.01451	0.04410	0.05311	0.12593	0.05082	0.05910	0.12671	0.04638	0.03988	0.08052	0.02583	0.08437	0.05811	0.05163	0.00290	0.10002	0.00754	0.00466	0.00827
26	0.00895	0.00633	0.00715	0.00741	0.00793	0.00604	0.00455	0.00948	0.01119	0.01447	0.03278	0.16711	0.17139	0.48965	0.02404	0.00491	0.00533	0.01198	0.00478	0.00454
27	0.04215	0.15940	0.07887	0.01775	0.04100	0.17790	0.14987	0.09671	0.04204	0.02113	0.01362	0.06353	0.01181	0.00761	0.00707	0.00197	0.04893	0.00621	0.00387	0.00857
28	0.05646	0.19888	0.05772	0.05302	0.03847	0.13988	0.06364	0.10422	0.05302	0.03978	0.01328	0.04728	0.01128	0.00772	0.00755	0.00197	0.08760	0.00568	0.00398	0.00857
29	0.01679	0.19576	0.09987	0.01681	0.10916	0.04703	0.03788	0.06052	0.11089	0.07141	0.01819	0.08098	0.03315	0.00932	0.02730	0.00216	0.00728	0.00672	0.00447	0.04431

[dist]
# distance from previous block
# <min> <max>
1	3

[block]
# block no. 3 follows, 33 sequences, length 7
# corresponding to MSA columns:
# 143-149
name=unknown_D
#
# <colnr> <probs for GDERKNQSTAVLIFYWHMCP>
#	G	D	E	R	K	N	Q	S	T	A	V	L	I	F	Y	W	H	M	C	P
0	0.00882	0.00713	0.00792	0.00777	0.00985	0.00642	0.00593	0.01186	0.05303	0.02082	0.24744	0.05792	0.46411	0.01544	0.00779	0.00222	0.00352	0.04951	0.00646	0.00603
1	0.03758	0.07953	0.19543	0.13607	0.04961	0.12896	0.01590	0.09940	0.05349	0.02179	0.01425	0.01910	0.01170	0.00873	0.02886	0.00227	0.00883	0.05054	0.00387	0.03407
2	0.01538	0.07896	0.13589	0.14282	0.13233	0.10417	0.04900	0.06550	0.01566	0.02009	0.01657	0.11426	0.01561	0.00902	0.00672	0.00212	0.00821	0.05549	0.00390	0.00831
3	0.00814	0.00604	0.00760	0.00857	0.00946	0.00550	0.00591	0.00964	0.01384	0.01824	0.13123	0.53771	0.17614	0.01894	0.00820	0.00251	0.00363	0.01691	0.00626	0.00550
4	0.06318	0.00751	0.00861	0.00887	0.01059	0.00732	0.00660	0.01316	0.07430	0.02116	0.19451	0.26293	0.21740	0.01588	0.00772	0.00237	0.00390	0.06152	0.00627	0.00619
5	0.01721	0.01591	0.01415	0.08773	0.01808	0.21256	0.01001	0.10258	0.01735	0.06188	0.05302	0.08636	0.10257	0.03291	0.00826	0.04051	0.00719	0.00776	0.04299	0.06097
6	0.01509	0.01252	0.01550	0.01338	0.01554	0.04564	0.01078	0.01930	0.10203	0.08523	0.06935	0.02104	0.01649	0.01709	0.14965	0.00381	0.26918	0.00647	0.00446	0.10746

[dist]
# distance from previous block
# <min> <max>
7	22

[block]
# block no. 4 follows, 33 sequences, length 28
# corresponding to MSA columns:
# 173-200
name=unknown_E
#
# <colnr> <probs for GDERKNQSTAVLIFYWHMCP>
#	G	D	E	R	K	N	Q	S	T	A	V	L	I	F	Y	W	H	M	C	P
0	0.15683	0.13374	0.23641	0.08496	0.02204	0.07144	0.01465	0.05623	0.01484	0.04680	0.01740	0.01873	0.08533	0.00748	0.00577	0.00196	0.00762	0.00557	0.00383	0.00837
1	0.01678	0.01640	0.02457	0.17840	0.46335	0.07510	0.03997	0.06742	0.01605	0.02150	0.01233	0.01620	0.00998	0.00621	0.00653	0.00199	0.00840	0.00579	0.00344	0.00958
2	0.01803	0.01844	0.02509	0.03549	0.58119	0.14046	0.01865	0.04553	0.01618	0.02129	0.01213	0.01552	0.01012	0.00610	0.00642	0.00191	0.00850	0.00559	0.00340	0.00998
3	0.00958	0.00676	0.00786	0.00790	0.00882	0.00657	0.00528	0.01160	0.04271	0.01815	0.17808	0.12508	0.12088	0.34200	0.01883	0.00403	0.00479	0.02766	0.04818	0.00524
4	0.01144	0.00572	0.00858	0.00858	0.00858	0.00572	0.00572	0.00858	0.00858	0.01144	0.01144	0.02001	0.01144	0.02287	0.02573	0.80846	0.00572	0.00572	0.00286	0.00286
5	0.04806	0.00951	0.01256	0.01146	0.01373	0.00954	0.05930	0.10610	0.04707	0.05785	0.12130	0.33966	0.05272	0.04652	0.00874	0.00254	0.00510	0.03509	0.00606	0.00706
6	0.11112	0.01276	0.01412	0.01187	0.01561	0.01330	0.00936	0.29568	0.02069	0.11337	0.02188	0.23251	0.02059	0.01119	0.00670	0.00212	0.00564	0.00929	0.00615	0.06603
7	0.02494	0.01683	0.01855	0.01441	0.01950	0.01826	0.01184	0.53025	0.09450	0.15415	0.01854	0.01773	0.01289	0.00804	0.00660	0.00201	0.00678	0.00619	0.00685	0.01112
8	0.01184	0.01014	0.01009	0.00945	0.01177	0.06787	0.00722	0.06897	0.06775	0.02308	0.25284	0.08406	0.27666	0.01362	0.00743	0.00214	0.00451	0.03366	0.03015	0.00675
9	0.05720	0.01468	0.02439	0.18549	0.54973	0.01539	0.01913	0.01946	0.01442	0.02096	0.01207	0.01626	0.00992	0.00603	0.00640	0.00201	0.00788	0.00574	0.00323	0.00961
10	0.02611	0.01186	0.01500	0.01177	0.01653	0.01104	0.00963	0.11609	0.06048	0.53465	0.02862	0.02561	0.08370	0.00898	0.00673	0.00206	0.00557	0.00728	0.00767	0.01062
11	0.00804	0.00600	0.00738	0.00844	0.00926	0.00545	0.00572	0.00926	0.01303	0.01683	0.04295	0.55302	0.21042	0.05964	0.00959	0.00276	0.00384	0.01704	0.00600	0.00533
12	0.01320	0.03405	0.73453	0.01876	0.02849	0.01529	0.02432	0.02085	0.01390	0.02085	0.01181	0.01390	0.00834	0.00625	0.00625	0.00208	0.00973	0.00486	0.00278	0.00973
13	0.02648	0.01280	0.01583	0.01239	0.01727	0.01238	0.01015	0.17074	0.08835	0.49336	0.02555	0.02286	0.04345	0.00851	0.00667	0.00205	0.00581	0.00684	0.00761	0.01090
14	0.00857	0.00658	0.00718	0.00731	0.00917	0.00577	0.00548	0.01059	0.01520	0.01967	0.15323	0.12219	0.46997	0.01577	0.00759	0.00221	0.00344	0.04160	0.08277	0.00571
15	0.01057	0.00889	0.01206	0.01146	0.01293	0.05108	0.03916	0.01285	0.01120	0.01540	0.01724	0.02596	0.01626	0.09810	0.61466	0.00938	0.01618	0.00711	0.00354	0.00597
16	0.00965	0.00801	0.01293	0.01422	0.08105	0.00759	0.08491	0.01155	0.01316	0.01773	0.03145	0.60983	0.03665	0.01754	0.00815	0.00255	0.00501	0.01627	0.00553	0.00623
17	0.01322	0.00769	0.00940	0.00866	0.01099	0.00702	0.00659	0.01628	0.04409	0.15727	0.26923	0.12375	0.19689	0.01325	0.00727	0.00212	0.00379	0.01138	0.08403	0.00707
18	0.01852	0.02037	0.05668	0.02291	0.14447	0.18914	0.20591	0.11279	0.05628	0.02344	0.07137	0.01860	0.01459	0.00707	0.00684	0.00200	0.00918	0.00655	0.00424	0.00906
19	0.01485	0.01241	0.01429	0.01032	0.01611	0.01000	0.00830	0.08905	0.01547	0.02356	0.01213	0.01388	0.00990	0.00519	0.00506	0.00108	0.00512	0.00411	0.00418	0.72498
20	0.01384	0.01087	0.01323	0.01212	0.03033	0.02795	0.03894	0.16491	0.03367	0.04013	0.07030	0.24048	0.13403	0.04912	0.04735	0.00287	0.02509	0.01140	0.00572	0.02764
21	0.01344	0.01222	0.09821	0.04706	0.07662	0.00990	0.04739	0.03184	0.01416	0.10795	0.04952	0.10182	0.11758	0.12257	0.11634	0.00397	0.00801	0.00919	0.00483	0.00738
22	0.00901	0.00659	0.00789	0.00835	0.00919	0.00633	0.00558	0.01102	0.04732	0.01761	0.12810	0.33066	0.13265	0.23137	0.01529	0.00356	0.00445	0.01399	0.00569	0.00535
23	0.01458	0.02498	0.39638	0.01906	0.02656	0.01513	0.18249	0.07791	0.05329	0.02300	0.01669	0.01869	0.04798	0.00699	0.00667	0.00210	0.00894	0.00632	0.04295	0.00929
24	0.01952	0.23236	0.05794	0.08657	0.08096	0.13976	0.06170	0.05931	0.07654	0.10392	0.01410	0.01545	0.01082	0.00666	0.00588	0.00184	0.00817	0.00524	0.00415	0.00910
25	0.01494	0.01297	0.08176	0.03418	0.01538	0.01211	0.00997	0.16495	0.08268	0.02670	0.07478	0.02599	0.07778	0.01004	0.02386	0.00215	0.04909	0.00717	0.26548	0.00801
26	0.00825	0.00600	0.00781	0.00901	0.00973	0.00556	0.00625	0.00972	0.01349	0.01789	0.09883	0.59825	0.11008	0.01949	0.00832	0.00260	0.00383	0.05319	0.00621	0.00548
27	0.01792	0.03620	0.12855	0.02196	0.21590	0.04894	0.07273	0.05755	0.01622	0.15674	0.01854	0.11982	0.01585	0.00857	0.00671	0.00207	0.00740	0.00766	0.03132	0.00935

[dist]
# distance from previous block
# <min> <max>
9	29

[block]
# block no. 5 follows, 33 sequences, length 20
# corresponding to MSA columns:
# 230-249
name=unknown_F
#
# <colnr> <probs for GDERKNQSTAVLIFYWHMCP>
#	G	D	E	R	K	N	Q	S	T	A	V	L	I	F	Y	W	H	M	C	P
0	0.01487	0.01454	0.02149	0.14741	0.23739	0.06101	0.10310	0.02129	0.14138	0.02130	0.06295	0.06484	0.04276	0.00828	0.00692	0.00212	0.00750	0.00770	0.00436	0.00879
1	0.01667	0.01542	0.01876	0.06400	0.23807	0.13520	0.03919	0.05750	0.01610	0.06504	0.05712	0.04820	0.05678	0.07352	0.03885	0.00267	0.00803	0.00723	0.00433	0.03733
2	0.01122	0.00948	0.00966	0.00942	0.01140	0.05539	0.00699	0.01611	0.14090	0.02018	0.10871	0.13230	0.22882	0.06088	0.08454	0.00328	0.00589	0.01096	0.06727	0.00660
3	0.00855	0.00644	0.00880	0.08557	0.01307	0.00637	0.00718	0.01000	0.01265	0.01665	0.03485	0.60238	0.08279	0.06018	0.00956	0.00280	0.00444	0.01657	0.00567	0.00549
4	0.00987	0.00843	0.00873	0.00980	0.01046	0.08141	0.00661	0.01097	0.01296	0.01638	0.03223	0.62372	0.03821	0.08457	0.01034	0.00290	0.00487	0.01642	0.00565	0.00546
5	0.01080	0.00752	0.00895	0.00875	0.01051	0.00716	0.00644	0.01419	0.07796	0.06624	0.22157	0.15160	0.20769	0.12024	0.01136	0.00286	0.00423	0.04933	0.00630	0.00631
6	0.00904	0.00708	0.00832	0.00844	0.01032	0.00649	0.00658	0.01196	0.04153	0.02094	0.24953	0.08864	0.35838	0.01588	0.00799	0.00234	0.00383	0.13024	0.00646	0.00600
7	0.07058	0.51779	0.02953	0.01294	0.01819	0.11647	0.04132	0.09132	0.01582	0.01940	0.01015	0.01159	0.00872	0.00604	0.00483	0.00158	0.00773	0.00405	0.00338	0.00856
8	0.01525	0.09320	0.60208	0.01741	0.02632	0.01561	0.02173	0.02191	0.01437	0.09374	0.01305	0.01450	0.00917	0.00640	0.00612	0.00202	0.00908	0.00493	0.00334	0.00977
9	0.01016	0.00694	0.00877	0.00960	0.01056	0.00679	0.00660	0.01310	0.08522	0.05656	0.03365	0.59665	0.03825	0.07167	0.00991	0.00286	0.00424	0.01625	0.00613	0.00609
10	0.01213	0.00773	0.00914	0.00882	0.01101	0.00722	0.00671	0.01566	0.07393	0.11233	0.15476	0.17018	0.25040	0.01438	0.00744	0.00224	0.00395	0.04868	0.07644	0.00684
11	0.04856	0.01826	0.13252	0.14886	0.10153	0.01555	0.36771	0.01986	0.01477	0.02092	0.03831	0.01786	0.01136	0.00617	0.00707	0.00216	0.00964	0.00681	0.00335	0.00872
12	0.00977	0.00785	0.00940	0.00940	0.01142	0.00743	0.02471	0.03842	0.06021	0.01942	0.04833	0.19271	0.36699	0.03554	0.00866	0.00255	0.00445	0.13051	0.00603	0.00618
13	0.01835	0.06999	0.09486	0.01837	0.08241	0.20598	0.06701	0.09011	0.12400	0.02171	0.01692	0.01838	0.05215	0.00796	0.00789	0.00204	0.08278	0.00603	0.00420	0.00885
14	0.01448	0.01810	0.15100	0.02577	0.21758	0.01450	0.24507	0.04037	0.03963	0.02138	0.01805	0.10582	0.04119	0.00813	0.00716	0.00217	0.00850	0.00818	0.00386	0.00904
15	0.01668	0.09401	0.02379	0.13349	0.27572	0.09212	0.07275	0.04161	0.05517	0.03834	0.02665	0.01926	0.01262	0.04874	0.00791	0.00221	0.00816	0.01814	0.00377	0.00887
16	0.05693	0.02567	0.04287	0.01577	0.01949	0.46866	0.01251	0.12261	0.01946	0.05990	0.04271	0.01479	0.01157	0.00753	0.00698	0.00187	0.05310	0.00503	0.00426	0.00830
17	0.18549	0.02519	0.09092	0.01774	0.07517	0.38687	0.05091	0.05740	0.01680	0.02131	0.01076	0.01269	0.00856	0.00651	0.00576	0.00187	0.00967	0.00457	0.00362	0.00820
18	0.05252	0.04667	0.02240	0.26390	0.09416	0.04623	0.10006	0.17542	0.05629	0.05793	0.01410	0.01686	0.01049	0.00684	0.00650	0.00206	0.00818	0.00597	0.00435	0.00907
19	0.02220	0.19075	0.02182	0.01454	0.01894	0.31861	0.01189	0.23268	0.02105	0.02387	0.01494	0.01576	0.05065	0.00744	0.00586	0.00175	0.00888	0.00516	0.00440	0.00879

[dist]
# distance from previous block
# <min> <max>
2	9

[block]
# block no. 6 follows, 33 sequences, length 14
# corresponding to MSA columns:
# 259-272
name=unknown_G
#
# <colnr> <probs for GDERKNQSTAVLIFYWHMCP>
#	G	D	E	R	K	N	Q	S	T	A	V	L	I	F	Y	W	H	M	C	P
0	0.01388	0.07281	0.01718	0.13374	0.12543	0.05388	0.04036	0.03743	0.01465	0.06008	0.02630	0.16809	0.12626	0.07016	0.00903	0.00247	0.00658	0.00967	0.00461	0.00740
1	0.00946	0.00633	0.00721	0.00733	0.00736	0.00631	0.00415	0.00954	0.00980	0.01306	0.02189	0.09648	0.02539	0.71325	0.03165	0.00611	0.00619	0.01025	0.00415	0.00409
2	0.01465	0.05786	0.01437	0.03577	0.04515	0.12659	0.00981	0.09651	0.06632	0.02212	0.11959	0.14076	0.12708	0.01245	0.00721	0.00218	0.00618	0.08247	0.00551	0.00742
3	0.03624	0.09633	0.01672	0.03008	0.01689	0.01342	0.00939	0.15248	0.05793	0.02465	0.01511	0.07327	0.01321	0.00822	0.02427	0.00173	0.00594	0.00574	0.00461	0.39375
4	0.01264	0.01205	0.07084	0.05571	0.04685	0.04201	0.01007	0.08959	0.01619	0.03950	0.12582	0.23119	0.12081	0.04710	0.02614	0.00264	0.02703	0.01130	0.00543	0.00709
5	0.01014	0.00669	0.00793	0.00795	0.00868	0.00652	0.00521	0.03734	0.01198	0.01592	0.04854	0.14125	0.13866	0.31609	0.02132	0.15736	0.00520	0.01060	0.03798	0.00466
6	0.01049	0.00731	0.00903	0.00929	0.01080	0.00703	0.00669	0.01412	0.09173	0.06344	0.18525	0.39961	0.12676	0.01657	0.00790	0.00240	0.00387	0.01470	0.00654	0.00647
7	0.05273	0.06083	0.09381	0.11765	0.11532	0.13077	0.10771	0.09584	0.04734	0.02193	0.01478	0.01735	0.03983	0.00722	0.00723	0.00204	0.04910	0.00594	0.00382	0.00875
8	0.01154	0.01176	0.10143	0.01440	0.11294	0.00917	0.01041	0.01510	0.05634	0.04889	0.06559	0.20228	0.16162	0.11433	0.01092	0.00284	0.00556	0.03262	0.00519	0.00708
9	0.00847	0.00600	0.00792	0.00928	0.00975	0.00570	0.00638	0.00970	0.01257	0.01670	0.03448	0.61165	0.04084	0.09949	0.01113	0.00311	0.00434	0.09131	0.00588	0.00528
10	0.02406	0.02668	0.01894	0.01740	0.05099	0.53273	0.01288	0.09566	0.01925	0.07726	0.01205	0.01348	0.00949	0.00726	0.00703	0.00184	0.05578	0.00477	0.00407	0.00839
11	0.01737	0.19817	0.15235	0.07581	0.02324	0.17296	0.07272	0.05248	0.08400	0.02020	0.05918	0.01674	0.01335	0.00699	0.00602	0.00187	0.00862	0.00550	0.00382	0.00862
12	0.01807	0.08298	0.03898	0.01417	0.05210	0.22144	0.01092	0.09256	0.06677	0.04484	0.11190	0.02295	0.07423	0.00836	0.00622	0.00177	0.00729	0.00649	0.00483	0.11312
13	0.01658	0.20126	0.14543	0.01433	0.01944	0.09259	0.05669	0.05194	0.10983	0.05227	0.05822	0.07732	0.01731	0.00847	0.00621	0.00194	0.00740	0.02571	0.00447	0.03261

[dist]
# distance from previous block
# <min> <max>
1	12

[block]
# block no. 7 follows, 33 sequences, length 17
# corresponding to MSA columns:
# 285-301
name=unknown_H
#
# <colnr> <probs for GDERKNQSTAVLIFYWHMCP>
#	G	D	E	R	K	N	Q	S	T	A	V	L	I	F	Y	W	H	M	C	P
0	0.03325	0.01694	0.04994	0.05758	0.04693	0.15224	0.09569	0.12754	0.03987	0.04378	0.05008	0.06043	0.13783	0.01096	0.02901	0.00234	0.00797	0.02463	0.00489	0.00811
1	0.08716	0.09187	0.08844	0.04861	0.03902	0.16009	0.06259	0.04997	0.03884	0.02076	0.07389	0.04478	0.06003	0.05143	0.00800	0.00219	0.02069	0.00672	0.00417	0.04075
2	0.01523	0.12157	0.07583	0.07549	0.04990	0.03599	0.10904	0.05895	0.06625	0.07200	0.03624	0.08836	0.11879	0.03815	0.00774	0.00223	0.00701	0.00834	0.00469	0.00819
3	0.01498	0.23116	0.01769	0.01046	0.01390	0.10201	0.00869	0.01826	0.06720	0.06691	0.12854	0.07677	0.19703	0.01093	0.00641	0.00192	0.00573	0.00878	0.00517	0.00746
4	0.06231	0.01061	0.01063	0.00971	0.01237	0.07131	0.00753	0.04174	0.06824	0.09295	0.20976	0.03997	0.21653	0.01414	0.04879	0.00257	0.00548	0.02617	0.04203	0.00717
5	0.03915	0.02581	0.43437	0.02092	0.13013	0.01508	0.05647	0.05045	0.01468	0.02185	0.01400	0.01632	0.03598	0.00677	0.00698	0.00204	0.04225	0.00550	0.00329	0.05794
6	0.00813	0.00581	0.00773	0.00910	0.00957	0.00542	0.00612	0.00943	0.01309	0.01758	0.09179	0.70663	0.04504	0.02005	0.00835	0.00262	0.00376	0.01817	0.00620	0.00542
7	0.00981	0.00727	0.00803	0.00779	0.01001	0.00646	0.00585	0.01259	0.05270	0.06280	0.15773	0.11819	0.48573	0.01561	0.00771	0.00223	0.00358	0.01324	0.00644	0.00624
8	0.01529	0.01263	0.01629	0.07976	0.06040	0.07441	0.06637	0.06888	0.01472	0.07203	0.01824	0.11176	0.01705	0.09895	0.06838	0.00331	0.09736	0.00803	0.08876	0.00737
9	0.01680	0.63799	0.16209	0.01263	0.01901	0.02409	0.01364	0.01992	0.01347	0.01647	0.00964	0.01117	0.00843	0.00575	0.00459	0.00153	0.00753	0.00377	0.00281	0.00868
10	0.00803	0.00652	0.00712	0.00730	0.00913	0.00561	0.00535	0.00980	0.01509	0.01877	0.14952	0.17814	0.52288	0.01690	0.00788	0.00228	0.00338	0.01443	0.00626	0.00561
11	0.03928	0.00653	0.00823	0.00898	0.00990	0.00622	0.00629	0.01096	0.01282	0.04660	0.06160	0.44146	0.09202	0.09601	0.01201	0.06230	0.00444	0.06320	0.00570	0.00543
12	0.01714	0.01276	0.01675	0.14926	0.13459	0.04024	0.01257	0.10736	0.07596	0.13623	0.02426	0.06957	0.09894	0.01223	0.06009	0.00273	0.00743	0.00788	0.00523	0.00877
13	0.01694	0.01600	0.02430	0.10523	0.52469	0.04536	0.01839	0.07469	0.06780	0.02283	0.01356	0.01681	0.01096	0.00636	0.00652	0.00199	0.00784	0.00592	0.00374	0.01007
14	0.01557	0.01843	0.06816	0.10162	0.02019	0.26852	0.01241	0.01829	0.01396	0.01619	0.01355	0.01866	0.01186	0.02476	0.31569	0.00555	0.04054	0.00571	0.00333	0.00700
15	0.01137	0.01005	0.05358	0.00993	0.01159	0.04107	0.00780	0.04393	0.01376	0.01937	0.13444	0.12760	0.02780	0.19259	0.14289	0.00458	0.03251	0.00948	0.09962	0.00605
16	0.01840	0.11177	0.02329	0.02241	0.22313	0.16541	0.06110	0.06318	0.14082	0.02185	0.01430	0.01601	0.01146	0.00658	0.00610	0.00182	0.00804	0.00550	0.00409	0.07473

[dist]
# distance from previous block
# <min> <max>
3	11

[block]
# block no. 8 follows, 33 sequences, length 6
# corresponding to MSA columns:
# 313-318
name=unknown_I
#
# <colnr> <probs for GDERKNQSTAVLIFYWHMCP>
#	G	D	E	R	K	N	Q	S	T	A	V	L	I	F	Y	W	H	M	C	P
0	0.09631	0.16415	0.16385	0.01584	0.02132	0.07938	0.13032	0.07186	0.01562	0.02162	0.04586	0.01936	0.07319	0.00765	0.00689	0.00198	0.04648	0.00612	0.00384	0.00837
1	0.00979	0.00684	0.00811	0.00806	0.00893	0.00650	0.00538	0.01056	0.01160	0.01547	0.06691	0.07304	0.09829	0.44736	0.02348	0.04780	0.00562	0.08655	0.00464	0.05506
2	0.01622	0.01014	0.01267	0.01222	0.05750	0.00989	0.00893	0.10859	0.05404	0.17290	0.14593	0.07755	0.15195	0.05564	0.00888	0.00245	0.00512	0.07478	0.00651	0.00809
3	0.06699	0.07758	0.09118	0.10820	0.10982	0.11437	0.11952	0.11141	0.04235	0.02296	0.01291	0.01560	0.01003	0.00667	0.00663	0.00198	0.02913	0.00559	0.03823	0.00885
4	0.06669	0.11143	0.02435	0.16487	0.07017	0.04037	0.17622	0.09758	0.06002	0.02221	0.01552	0.09267	0.01355	0.00788	0.00657	0.00209	0.00801	0.00723	0.00410	0.00846
5	0.00831	0.00640	0.00761	0.00793	0.00938	0.00569	0.00571	0.01025	0.01535	0.02006	0.25388	0.27686	0.31501	0.01694	0.00797	0.00232	0.00342	0.01480	0.00645	0.00569

[dist]
# distance from previous block
# <min> <max>
5	48

[block]
# block no. 9 follows, 33 sequences, length 23
# corresponding to MSA columns:
# 369-391
name=unknown_J
#
# <colnr> <probs for GDERKNQSTAVLIFYWHMCP>
#	G	D	E	R	K	N	Q	S	T	A	V	L	I	F	Y	W	H	M	C	P
0	0.04371	0.03949	0.14367	0.03670	0.02057	0.04095	0.03910	0.23689	0.11865	0.07592	0.01747	0.04247	0.01365	0.04423	0.00766	0.00222	0.00722	0.00640	0.02759	0.03546
1	0.01708	0.10852	0.06120	0.01439	0.04589	0.03957	0.06177	0.12575	0.05751	0.08619	0.03908	0.05017	0.03908	0.07115	0.00895	0.00229	0.02300	0.04133	0.00491	0.10216
2	0.04155	0.07089	0.12445	0.03837	0.11289	0.06130	0.07748	0.15654	0.01791	0.05340	0.03948	0.04321	0.01347	0.03435	0.00726	0.00205	0.00769	0.00620	0.00438	0.08713
3	0.04315	0.04956	0.03972	0.01352	0.01830	0.09696	0.03329	0.26012	0.06237	0.10104	0.07579	0.02031	0.04031	0.00796	0.00630	0.00184	0.00683	0.00626	0.00563	0.11073
4	0.05994	0.06881	0.01950	0.01427	0.01881	0.07508	0.09039	0.18103	0.05577	0.10279	0.04285	0.05335	0.03749	0.00819	0.00694	0.00191	0.03766	0.00666	0.00521	0.11334
5	0.01162	0.03325	0.01169	0.01068	0.03927	0.00940	0.00782	0.04396	0.11972	0.02202	0.14025	0.15394	0.20686	0.01281	0.00711	0.00206	0.00441	0.02910	0.00584	0.12819
6	0.00944	0.00632	0.00722	0.00736	0.00739	0.00629	0.00418	0.00954	0.00984	0.01312	0.02212	0.10704	0.02567	0.70230	0.03128	0.00605	0.00616	0.01038	0.00418	0.00411
7	0.01804	0.61194	0.08033	0.01263	0.01812	0.11077	0.01242	0.02047	0.01395	0.01594	0.00944	0.01105	0.00845	0.00598	0.00506	0.00153	0.02882	0.00376	0.00288	0.00840
8	0.01163	0.01231	0.11568	0.01217	0.04555	0.00939	0.01023	0.01699	0.11262	0.04705	0.18335	0.15625	0.15172	0.01294	0.00738	0.00223	0.00503	0.04756	0.00583	0.03409
9	0.01715	0.25488	0.23614	0.01880	0.07838	0.07359	0.11807	0.02151	0.01464	0.06728	0.01200	0.01407	0.00934	0.00626	0.00635	0.00188	0.03214	0.00506	0.00332	0.00913
10	0.07115	0.03162	0.10248	0.01400	0.01819	0.03653	0.07429	0.12703	0.06473	0.08892	0.03816	0.02499	0.01649	0.07324	0.14150	0.00397	0.00921	0.05030	0.00487	0.00833
11	0.01320	0.03405	0.73453	0.01876	0.02849	0.01529	0.02432	0.02085	0.01390	0.02085	0.01181	0.01390	0.00834	0.00625	0.00625	0.00208	0.00973	0.00486	0.00278	0.00973
12	0.00828	0.00601	0.00763	0.00868	0.00928	0.00568	0.00582	0.00941	0.01237	0.01629	0.03675	0.53889	0.12149	0.12248	0.05531	0.00359	0.00493	0.01621	0.00567	0.00522
13	0.09662	0.11549	0.02795	0.07745	0.02645	0.08213	0.29877	0.04660	0.05766	0.06374	0.01346	0.01609	0.01026	0.00644	0.00696	0.00205	0.03319	0.00612	0.00390	0.00867
14	0.01531	0.01347	0.01491	0.22855	0.02359	0.10677	0.01169	0.10388	0.08187	0.04676	0.02381	0.16396	0.07896	0.01064	0.00687	0.00216	0.00686	0.00898	0.04328	0.00768
15	0.00801	0.00627	0.00726	0.00787	0.00925	0.00552	0.00558	0.00958	0.01428	0.01809	0.10858	0.36137	0.37876	0.01809	0.00804	0.00240	0.00352	0.01579	0.00621	0.00552
16	0.00958	0.00662	0.00882	0.00981	0.01081	0.00642	0.00734	0.01132	0.01321	0.03942	0.03493	0.38824	0.08849	0.07569	0.08310	0.00376	0.00596	0.18503	0.00575	0.00568
17	0.01860	0.10439	0.13754	0.02215	0.16541	0.21420	0.08968	0.02293	0.04724	0.05129	0.01248	0.01478	0.00990	0.00671	0.00715	0.00195	0.05574	0.00531	0.00353	0.00901
18	0.01528	0.24724	0.40485	0.01709	0.02482	0.04597	0.08279	0.02140	0.04663	0.01944	0.01181	0.01370	0.00908	0.00615	0.00581	0.00189	0.00894	0.00484	0.00305	0.00923
19	0.01660	0.04551	0.01604	0.01256	0.01547	0.01079	0.09388	0.05816	0.01480	0.19612	0.02183	0.13642	0.02003	0.14734	0.09846	0.00390	0.03741	0.00891	0.03812	0.00766
20	0.01476	0.01504	0.05721	0.04519	0.23753	0.04256	0.09026	0.04564	0.03710	0.02137	0.01738	0.10106	0.03949	0.00788	0.00649	0.00185	0.00706	0.00726	0.00405	0.20082
21	0.01434	0.01140	0.01563	0.03329	0.04973	0.01082	0.07378	0.08195	0.05501	0.06890	0.05865	0.15640	0.10014	0.01050	0.00725	0.00196	0.02867	0.00917	0.00525	0.20716
22	0.01483	0.01348	0.01344	0.01128	0.01460	0.09840	0.00857	0.07200	0.08771	0.02060	0.01939	0.05806	0.05927	0.14667	0.01209	0.00255	0.06028	0.00694	0.00453	0.27531

[dist]
# distance from previous block
# <min> <max>
3	19

[block]
# block no. 10 follows, 33 sequences, length 51
# corresponding to MSA columns:
# 411-461
name=unknown_K
#
# <colnr> <probs for GDERKNQSTAVLIFYWHMCP>
#	G	D	E	R	K	N	Q	S	T	A	V	L	I	F	Y	W	H	M	C	P
0	0.05543	0.03362	0.01522	0.01301	0.04414	0.01249	0.03458	0.09255	0.12014	0.11785	0.08768	0.07762	0.05119	0.05957	0.03766	0.00266	0.05071	0.00801	0.00559	0.08026
1	0.07490	0.10019	0.08087	0.08625	0.07525	0.07854	0.03976	0.04878	0.02624	0.05322	0.02886	0.06220	0.04039	0.04094	0.03775	0.00253	0.03671	0.03038	0.00413	0.05213
2	0.04879	0.06400	0.07060	0.03011	0.12441	0.03594	0.01254	0.15154	0.05831	0.08117	0.04580	0.01752	0.01345	0.00844	0.03380	0.00207	0.00703	0.00555	0.00477	0.18415
3	0.01437	0.01297	0.01836	0.17992	0.24557	0.03467	0.01425	0.07131	0.08209	0.02144	0.02152	0.13762	0.06884	0.00956	0.00686	0.00212	0.00678	0.00850	0.00446	0.03877
4	0.08141	0.16540	0.01930	0.01388	0.04546	0.20505	0.01084	0.11108	0.01674	0.02107	0.01627	0.03615	0.06266	0.01181	0.07724	0.00262	0.03214	0.00570	0.00405	0.06114
5	0.01097	0.06850	0.03603	0.01078	0.01249	0.01048	0.00870	0.03771	0.01146	0.01604	0.01686	0.02628	0.01629	0.15973	0.48833	0.00827	0.04432	0.00703	0.00361	0.00614
6	0.01703	0.03576	0.11958	0.01431	0.01813	0.13932	0.01252	0.10748	0.15295	0.05031	0.04448	0.15077	0.01948	0.01042	0.00812	0.00219	0.07525	0.00822	0.00509	0.00858
7	0.02246	0.07279	0.01937	0.01456	0.01912	0.12916	0.01179	0.42087	0.13473	0.03247	0.01640	0.01729	0.01249	0.03773	0.00740	0.00211	0.00758	0.00588	0.00575	0.01005
8	0.01023	0.00745	0.01046	0.01020	0.01168	0.00703	0.05817	0.01205	0.01345	0.04078	0.05945	0.25348	0.13670	0.17593	0.01348	0.00334	0.00522	0.12939	0.03577	0.00573
9	0.01769	0.31753	0.19232	0.01377	0.01974	0.11101	0.01400	0.08247	0.01625	0.04603	0.04391	0.01610	0.03710	0.00692	0.00553	0.00172	0.00786	0.00501	0.00377	0.04129
10	0.01802	0.09380	0.02375	0.01725	0.02099	0.09269	0.16643	0.10025	0.04364	0.08184	0.01444	0.03377	0.01186	0.01220	0.08196	0.00301	0.16497	0.00640	0.00420	0.00851
11	0.00829	0.00596	0.00777	0.00884	0.00947	0.00554	0.00599	0.00973	0.01356	0.01825	0.15048	0.58791	0.07152	0.05214	0.00938	0.00272	0.00380	0.01701	0.00621	0.00544
12	0.01518	0.01372	0.02174	0.12015	0.04943	0.03478	0.20101	0.09736	0.06874	0.04412	0.07566	0.07034	0.04046	0.01093	0.03621	0.00257	0.03023	0.05434	0.00478	0.00825
13	0.01873	0.08186	0.04665	0.09062	0.20265	0.06360	0.07749	0.14255	0.04768	0.08207	0.01446	0.01736	0.01132	0.03460	0.00802	0.00216	0.03841	0.00597	0.00434	0.00946
14	0.01534	0.50701	0.12654	0.01201	0.01710	0.02081	0.01217	0.01803	0.01322	0.01658	0.03925	0.06963	0.01401	0.05594	0.00748	0.00199	0.03597	0.00560	0.00330	0.00798
15	0.00829	0.00593	0.00772	0.00897	0.00948	0.00556	0.00605	0.00950	0.01276	0.01698	0.06386	0.62273	0.06716	0.08498	0.01056	0.00297	0.00408	0.04115	0.00597	0.00530
16	0.01568	0.03029	0.53491	0.04072	0.02665	0.09282	0.02098	0.04494	0.06090	0.05178	0.01335	0.01492	0.00957	0.00663	0.00629	0.00205	0.00938	0.00511	0.00346	0.00959
17	0.01988	0.02199	0.04695	0.01966	0.08008	0.29048	0.12168	0.07606	0.08474	0.04670	0.04228	0.01689	0.01267	0.00758	0.00805	0.00203	0.08345	0.00593	0.00419	0.00870
18	0.00826	0.00607	0.00780	0.00908	0.00987	0.00562	0.00641	0.00968	0.01325	0.01727	0.04096	0.58045	0.15108	0.01974	0.00838	0.00264	0.00398	0.08790	0.00611	0.00546
19	0.01086	0.00740	0.00938	0.01004	0.01133	0.00730	0.00722	0.01464	0.10647	0.06889	0.07230	0.53120	0.03921	0.01766	0.00806	0.00256	0.00423	0.05834	0.00639	0.00652
20	0.03348	0.00955	0.04933	0.00943	0.01219	0.00801	0.00778	0.03854	0.04444	0.05162	0.32433	0.09585	0.18452	0.01308	0.00736	0.00211	0.00419	0.03827	0.00632	0.05960
21	0.01521	0.01126	0.01325	0.00977	0.01514	0.00882	0.00782	0.01845	0.03164	0.09941	0.01581	0.01695	0.03258	0.00584	0.00518	0.00119	0.00482	0.00471	0.04739	0.63476
22	0.00957	0.00638	0.00718	0.00718	0.00718	0.00638	0.00399	0.00957	0.00957	0.01276	0.02074	0.04308	0.02393	0.76864	0.03351	0.00638	0.00638	0.00957	0.00399	0.00399
23	0.01546	0.01764	0.10012	0.08317	0.02788	0.03828	0.30832	0.04685	0.03326	0.04094	0.01443	0.04534	0.01208	0.00813	0.01007	0.00234	0.15272	0.03079	0.00371	0.00845
24	0.09830	0.05252	0.07455	0.01543	0.02052	0.11729	0.07005	0.25533	0.04105	0.13883	0.01521	0.01579	0.01095	0.00737	0.00683	0.00200	0.03742	0.00558	0.00528	0.00971
25	0.01413	0.01132	0.01325	0.07272	0.01665	0.03618	0.00924	0.09170	0.04129	0.06119	0.06653	0.15811	0.12087	0.01119	0.00778	0.00199	0.05774	0.00923	0.00526	0.19362
26	0.01595	0.01529	0.02610	0.10435	0.66634	0.01555	0.02003	0.01990	0.01483	0.02109	0.01232	0.01641	0.01028	0.00593	0.00652	0.00198	0.00791	0.00586	0.00323	0.01015
27	0.01320	0.03405	0.73453	0.01876	0.02849	0.01529	0.02432	0.02085	0.01390	0.02085	0.01181	0.01390	0.00834	0.00625	0.00625	0.00208	0.00973	0.00486	0.00278	0.00973
28	0.01637	0.01414	0.01489	0.01340	0.01712	0.01637	0.01042	0.03498	0.71568	0.02754	0.02679	0.02456	0.02010	0.00893	0.00670	0.00223	0.00521	0.00744	0.00670	0.01042
29	0.01320	0.03405	0.73453	0.01876	0.02849	0.01529	0.02432	0.02085	0.01390	0.02085	0.01181	0.01390	0.00834	0.00625	0.00625	0.00208	0.00973	0.00486	0.00278	0.00973
30	0.01549	0.01645	0.03194	0.05175	0.08506	0.01708	0.44333	0.04733	0.01481	0.02055	0.01256	0.01755	0.01012	0.02651	0.01096	0.00242	0.15701	0.00713	0.00337	0.00858
31	0.02459	0.03138	0.01866	0.01696	0.02035	0.74221	0.01272	0.02629	0.01866	0.01611	0.01018	0.01187	0.00848	0.00678	0.00594	0.00170	0.01187	0.00424	0.00339	0.00763
32	0.01144	0.00572	0.00858	0.00858	0.00858	0.00572	0.00572	0.00858	0.00858	0.01144	0.01144	0.02001	0.01144	0.02287	0.02573	0.80846	0.00572	0.00572	0.00286	0.00286
33	0.01528	0.01461	0.02489	0.22722	0.54867	0.01538	0.01970	0.01932	0.01451	0.02028	0.01220	0.01662	0.00999	0.00605	0.00653	0.00202	0.00807	0.00586	0.00317	0.00961
34	0.01445	0.01249	0.04706	0.04152	0.02052	0.01131	0.20918	0.08227	0.01638	0.09540	0.02954	0.21345	0.13164	0.01202	0.00764	0.00231	0.00683	0.03283	0.00533	0.00783
35	0.01243	0.01170	0.01975	0.75282	0.04534	0.01463	0.01828	0.01682	0.01316	0.01682	0.01170	0.01755	0.00878	0.00658	0.00658	0.00219	0.00878	0.00585	0.00293	0.00731
36	0.01593	0.01834	0.03798	0.02729	0.03380	0.04771	0.67408	0.02131	0.01567	0.02087	0.01318	0.01751	0.00992	0.00560	0.00769	0.00220	0.01113	0.00762	0.00333	0.00883
