[name]
unknown

[dist]
# distance from previous block
# <min> <max>
0	15

[block]
# block no. 0 follows, 34 sequences, length 56
# corresponding to MSA columns:
# 15-70
name=unknown_A
#
# <colnr> <probs for GDERKNQSTAVLIFYWHMCP>
#	G	D	E	R	K	N	Q	S	T	A	V	L	I	F	Y	W	H	M	C	P
0	0.08691	0.01688	0.07591	0.03763	0.06492	0.05289	0.08985	0.22715	0.04523	0.06001	0.01555	0.04608	0.01257	0.00752	0.00627	0.00192	0.00725	0.03053	0.00484	0.11007
1	0.03622	0.15766	0.19513	0.01588	0.05266	0.04184	0.06545	0.12867	0.05041	0.07411	0.04950	0.05627	0.01435	0.00754	0.00608	0.00191	0.00743	0.00617	0.00440	0.02831
2	0.01812	0.48662	0.10256	0.01283	0.01829	0.04220	0.01262	0.10312	0.04894	0.04684	0.01148	0.01263	0.00945	0.00642	0.00571	0.00166	0.04377	0.00430	0.00360	0.00886
3	0.01251	0.01177	0.01938	0.65555	0.06783	0.01441	0.01733	0.01657	0.01285	0.01685	0.01135	0.01683	0.00871	0.00661	0.00716	0.00212	0.04819	0.00565	0.00293	0.04541
4	0.01784	0.09194	0.02373	0.10145	0.30777	0.03318	0.06589	0.10665	0.01695	0.09874	0.04467	0.03513	0.01342	0.00695	0.00637	0.00193	0.00743	0.00625	0.00428	0.00943
5	0.01570	0.09298	0.42574	0.01946	0.07389	0.01537	0.11973	0.02149	0.01444	0.10091	0.01318	0.01499	0.00949	0.00613	0.00620	0.00196	0.00880	0.00531	0.00346	0.03076
6	0.00787	0.00562	0.00750	0.00900	0.00937	0.00525	0.00600	0.00900	0.01237	0.01649	0.03561	0.76871	0.04274	0.02024	0.00825	0.00262	0.00375	0.01837	0.00600	0.00525
7	0.00882	0.00637	0.00808	0.00838	0.00907	0.00650	0.00571	0.00994	0.01094	0.01467	0.02802	0.18733	0.11092	0.31106	0.23884	0.00626	0.00870	0.01099	0.00446	0.00493
8	0.01766	0.27053	0.16725	0.01878	0.09209	0.04150	0.13795	0.10318	0.01626	0.05906	0.01220	0.01407	0.00946	0.00609	0.00582	0.00181	0.00829	0.00514	0.00362	0.00924
9	0.02456	0.01810	0.01939	0.01487	0.02004	0.02004	0.01228	0.71107	0.03038	0.04072	0.01551	0.01551	0.01099	0.00776	0.00646	0.00194	0.00711	0.00582	0.00646	0.01099
10	0.05476	0.01139	0.01503	0.01156	0.01653	0.01017	0.00955	0.06403	0.01882	0.68002	0.02446	0.02130	0.01546	0.00792	0.00641	0.00200	0.00556	0.00637	0.00779	0.01086
11	0.00901	0.00801	0.04681	0.00832	0.01041	0.00642	0.00677	0.01197	0.01724	0.02372	0.54224	0.04956	0.20838	0.01354	0.00755	0.00207	0.00344	0.01176	0.00663	0.00614
12	0.02396	0.01546	0.01881	0.04710	0.05799	0.01633	0.03254	0.39714	0.06967	0.22561	0.01849	0.01797	0.01273	0.00766	0.00651	0.00199	0.00675	0.00614	0.00647	0.01067
13	0.00940	0.00626	0.00705	0.00705	0.00705	0.00626	0.00392	0.00940	0.00940	0.01253	0.02036	0.04228	0.02349	0.77292	0.03289	0.00626	0.00626	0.00940	0.00392	0.00392
14	0.00787	0.00562	0.00750	0.00900	0.00937	0.00525	0.00600	0.00900	0.01237	0.01649	0.03561	0.76871	0.04274	0.02024	0.00825	0.00262	0.00375	0.01837	0.00600	0.00525
15	0.14909	0.01788	0.01889	0.10281	0.17585	0.18321	0.03905	0.11539	0.03873	0.04459	0.02907	0.01645	0.02793	0.00692	0.00600	0.00193	0.00795	0.00548	0.00417	0.00860
16	0.01642	0.62954	0.17364	0.01251	0.01884	0.02347	0.01360	0.01957	0.01323	0.01624	0.00950	0.01101	0.00827	0.00565	0.00454	0.00151	0.00743	0.00372	0.00276	0.00854
17	0.01679	0.08377	0.09687	0.01234	0.01823	0.01344	0.02823	0.13573	0.05881	0.07073	0.01378	0.01481	0.01057	0.00596	0.00545	0.00145	0.00611	0.00471	0.00448	0.39773
18	0.05244	0.01837	0.01948	0.01516	0.02014	0.07350	0.04491	0.54832	0.05699	0.06265	0.01558	0.01574	0.01115	0.00755	0.00639	0.00195	0.00741	0.00578	0.00605	0.01044
19	0.00868	0.00655	0.00801	0.00772	0.00939	0.00589	0.00576	0.01127	0.01709	0.02322	0.51981	0.07804	0.24623	0.01434	0.00765	0.00210	0.00314	0.01247	0.00676	0.00589
20	0.01788	0.01492	0.02346	0.02890	0.41841	0.01500	0.07733	0.13473	0.03598	0.08639	0.03589	0.01986	0.04731	0.00704	0.00662	0.00198	0.00728	0.00658	0.00449	0.00995
21	0.01940	0.39098	0.07658	0.01364	0.01864	0.23012	0.01240	0.07554	0.07311	0.01866	0.01135	0.01247	0.00942	0.00633	0.00514	0.00162	0.00832	0.00424	0.00351	0.00851
22	0.02880	0.01130	0.01518	0.01164	0.01664	0.00994	0.00962	0.06039	0.01900	0.70748	0.02507	0.02172	0.01578	0.00799	0.00650	0.00200	0.00557	0.00647	0.00793	0.01100
23	0.01340	0.01148	0.01340	0.00957	0.01531	0.00861	0.00766	0.01627	0.01340	0.02105	0.01148	0.01340	0.00957	0.00479	0.00479	0.00096	0.00479	0.00383	0.00383	0.81242
24	0.00787	0.00562	0.00750	0.00900	0.00937	0.00525	0.00600	0.00900	0.01237	0.01649	0.03561	0.76871	0.04274	0.02024	0.00825	0.00262	0.00375	0.01837	0.00600	0.00525
25	0.01951	0.04377	0.03570	0.01318	0.01717	0.08821	0.01067	0.15946	0.28690	0.13425	0.02246	0.10305	0.01816	0.00933	0.00655	0.00208	0.00625	0.00760	0.00613	0.00957
26	0.01571	0.01609	0.05266	0.03562	0.59873	0.03728	0.05516	0.01965	0.01482	0.02078	0.01361	0.01970	0.01190	0.00660	0.00660	0.00200	0.00792	0.05205	0.00337	0.00975
27	0.01599	0.01535	0.02623	0.03966	0.73262	0.01535	0.01983	0.01983	0.01471	0.02111	0.01215	0.01599	0.01023	0.00576	0.00640	0.00192	0.00768	0.00576	0.00320	0.01023
28	0.00803	0.00656	0.00710	0.00696	0.00897	0.00562	0.00522	0.01004	0.01567	0.01968	0.24030	0.05852	0.55376	0.01553	0.00763	0.00214	0.00321	0.01312	0.00629	0.00562
29	0.01316	0.03220	0.69114	0.01985	0.07569	0.01503	0.02360	0.02042	0.01371	0.02051	0.01163	0.01380	0.00832	0.00611	0.00616	0.00204	0.00942	0.00484	0.00276	0.00960
30	0.00940	0.00626	0.00705	0.00705	0.00705	0.00626	0.00392	0.00940	0.00940	0.01253	0.02036	0.04228	0.02349	0.77292	0.03289	0.00626	0.00626	0.00940	0.00392	0.00392
31	0.00787	0.00562	0.00750	0.00900	0.00937	0.00525	0.00600	0.00900	0.01237	0.01649	0.03561	0.76871	0.04274	0.02024	0.00825	0.00262	0.00375	0.01837	0.00600	0.00525
32	0.01517	0.01882	0.11972	0.02939	0.21408	0.01592	0.44786	0.02044	0.01492	0.02078	0.01266	0.01660	0.00972	0.00561	0.00713	0.00210	0.00990	0.00680	0.00318	0.00921
33	0.08246	0.01732	0.01913	0.01900	0.15617	0.06634	0.01302	0.37390	0.13272	0.03226	0.01568	0.01630	0.01172	0.00732	0.00624	0.00196	0.00705	0.00575	0.00546	0.01019
34	0.01579	0.01515	0.02586	0.07761	0.69623	0.01530	0.01973	0.01965	0.01462	0.02087	0.01212	0.01606	0.01015	0.00579	0.00640	0.00193	0.00773	0.00576	0.00318	0.01007
35	0.81856	0.01250	0.00950	0.00850	0.01250	0.01449	0.00700	0.01899	0.01100	0.02899	0.00900	0.01050	0.00700	0.00600	0.00400	0.00200	0.00500	0.00350	0.00400	0.00700
36	0.00787	0.00562	0.00750	0.00900	0.00937	0.00525	0.00600	0.00900	0.01237	0.01649	0.03561	0.76871	0.04274	0.02024	0.00825	0.00262	0.00375	0.01837	0.00600	0.00525
37	0.04846	0.08952	0.01765	0.01349	0.01762	0.09020	0.01085	0.17553	0.41025	0.02777	0.02009	0.01922	0.01517	0.00793	0.00615	0.00200	0.00635	0.00617	0.00577	0.00981
38	0.01480	0.09127	0.40998	0.02040	0.02831	0.03877	0.23912	0.04464	0.01483	0.02065	0.01193	0.01457	0.00881	0.00594	0.00644	0.00202	0.00973	0.00558	0.00305	0.00916
39	0.01632	0.24903	0.19815	0.02086	0.13725	0.01853	0.15285	0.04019	0.01457	0.05338	0.01186	0.01424	0.00932	0.00605	0.00636	0.00187	0.03150	0.00523	0.00328	0.00915
40	0.01318	0.06086	0.67847	0.01807	0.02701	0.01564	0.02292	0.02019	0.01344	0.02003	0.01135	0.01354	0.00820	0.00636	0.00678	0.00206	0.04503	0.00477	0.00273	0.00938
41	0.00792	0.00651	0.00697	0.00695	0.00893	0.00556	0.00518	0.00979	0.01526	0.01896	0.18544	0.09390	0.57427	0.01597	0.00766	0.00218	0.00325	0.01351	0.00620	0.00556
42	0.01462	0.10276	0.52308	0.01865	0.02702	0.04151	0.11820	0.02094	0.01414	0.04340	0.01195	0.01406	0.00869	0.00606	0.00615	0.00199	0.00942	0.00508	0.00300	0.00929
43	0.01169	0.01075	0.04263	0.01508	0.08175	0.01019	0.09408	0.03442	0.04746	0.03687	0.06580	0.29990	0.10585	0.04248	0.00960	0.00250	0.06486	0.01198	0.00510	0.00700
44	0.02734	0.01063	0.01447	0.01122	0.01592	0.00921	0.00921	0.02988	0.01848	0.67786	0.08411	0.02418	0.01974	0.00843	0.00659	0.00200	0.00529	0.00693	0.00792	0.01059
45	0.00811	0.00599	0.00765	0.00888	0.00970	0.00553	0.00630	0.00953	0.01307	0.01698	0.04076	0.56567	0.16421	0.01929	0.00821	0.00258	0.00391	0.09226	0.00599	0.00536
46	0.01694	0.01773	0.10748	0.10070	0.41628	0.04173	0.04392	0.08358	0.03372	0.05621	0.01327	0.01618	0.01033	0.00625	0.00641	0.00197	0.00803	0.00573	0.00373	0.00981
47	0.03260	0.13496	0.35113	0.01819	0.06133	0.01544	0.13071	0.01879	0.01393	0.01989	0.05981	0.05321	0.01402	0.00886	0.03777	0.00234	0.00879	0.00627	0.00335	0.00861
48	0.02613	0.01285	0.01593	0.01213	0.01726	0.01206	0.01000	0.20169	0.02093	0.48118	0.02141	0.01940	0.01401	0.00758	0.00630	0.00187	0.00583	0.00603	0.00714	0.10028
49	0.08277	0.01816	0.11595	0.10103	0.23983	0.05440	0.09926	0.07693	0.10593	0.02319	0.01382	0.01630	0.01065	0.00646	0.00632	0.00202	0.00802	0.00578	0.00388	0.00929
50	0.06250	0.08265	0.13720	0.04955	0.21918	0.09895	0.03440	0.11590	0.07229	0.02315	0.01284	0.01496	0.01007	0.00663	0.00652	0.00194	0.03284	0.00528	0.00384	0.00932
51	0.12370	0.08352	0.07479	0.06150	0.15352	0.07081	0.05142	0.05819	0.03496	0.07659	0.08946	0.01835	0.01533	0.00699	0.00594	0.00187	0.00700	0.00578	0.00431	0.05597
52	0.10167	0.07226	0.09836	0.03339	0.13138	0.03867	0.03645	0.19248	0.06937	0.02619	0.01334	0.01511	0.01036	0.00772	0.02579	0.00208	0.02507	0.00522	0.00432	0.09077
53	0.05804	0.04233	0.05331	0.11225	0.09168	0.15569	0.05098	0.08127	0.07439	0.05221	0.05223	0.02103	0.07390	0.00776	0.00627	0.00192	0.00759	0.00634	0.00441	0.04643
54	0.09700	0.06578	0.09778	0.01722	0.07166	0.09711	0.15429	0.02090	0.10292	0.02147	0.06459	0.02055	0.05051	0.02425	0.00681	0.00201	0.00756	0.00641	0.00412	0.06705
55	0.15312	0.06975	0.09224	0.01441	0.06273	0.01400	0.05843	0.14050	0.01669	0.09189	0.03978	0.07575	0.01546	0.02837	0.00671	0.00207	0.00641	0.02658	0.03539	0.04971

[dist]
# distance from previous block
# <min> <max>
0	33

[block]
# block no. 1 follows, 34 sequences, length 13
# corresponding to MSA columns:
# 104-116
name=unknown_B
#
# <colnr> <probs for GDERKNQSTAVLIFYWHMCP>
#	G	D	E	R	K	N	Q	S	T	A	V	L	I	F	Y	W	H	M	C	P
0	0.13293	0.07985	0.15457	0.05376	0.05814	0.03393	0.01300	0.07290	0.11696	0.10984	0.05119	0.01850	0.01414	0.03232	0.00673	0.00209	0.00671	0.00569	0.00471	0.03205
1	0.04452	0.01518	0.01546	0.08887	0.07117	0.16252	0.01108	0.05630	0.07568	0.15398	0.05042	0.08228	0.06179	0.02796	0.00760	0.00212	0.03072	0.00742	0.00515	0.02975
2	0.05442	0.08334	0.07137	0.11294	0.02095	0.06447	0.01196	0.21886	0.03765	0.04217	0.05654	0.04458	0.03444	0.03197	0.00691	0.00199	0.00689	0.00626	0.00476	0.08753
3	0.04325	0.03896	0.10203	0.13549	0.04512	0.06839	0.13378	0.11160	0.03561	0.02218	0.03596	0.02087	0.01333	0.00987	0.04753	0.00254	0.04249	0.05256	0.00399	0.03446
4	0.01660	0.24147	0.03999	0.03764	0.04286	0.08781	0.08146	0.09149	0.06820	0.02004	0.01350	0.03981	0.01164	0.01125	0.08105	0.00267	0.05369	0.00563	0.00379	0.04940
5	0.01772	0.17727	0.12568	0.01529	0.04001	0.12636	0.04536	0.10349	0.07180	0.04556	0.01432	0.01837	0.01202	0.03376	0.00762	0.00203	0.04712	0.04126	0.00407	0.05090
6	0.01300	0.07511	0.01412	0.01085	0.01353	0.01073	0.03650	0.05777	0.05682	0.06391	0.03964	0.06336	0.05397	0.11263	0.27302	0.00539	0.00988	0.00764	0.00449	0.07761
7	0.01135	0.00974	0.01443	0.03312	0.01557	0.03485	0.11486	0.01450	0.04692	0.01946	0.18297	0.11017	0.05154	0.06762	0.05066	0.06215	0.02681	0.12195	0.00508	0.00626
8	0.00924	0.00689	0.01020	0.01020	0.01129	0.00798	0.00785	0.01142	0.01033	0.01486	0.01748	0.02632	0.01656	0.08854	0.70780	0.01016	0.01670	0.00706	0.00349	0.00567
9	0.01356	0.10337	0.61487	0.01843	0.02735	0.01613	0.07830	0.02037	0.01372	0.01998	0.01146	0.01364	0.00833	0.00602	0.00607	0.00199	0.00941	0.00488	0.00278	0.00936
10	0.02461	0.01133	0.01436	0.01150	0.01597	0.01065	0.00933	0.05381	0.14107	0.52089	0.05610	0.02539	0.05713	0.00879	0.00662	0.00204	0.00527	0.00721	0.00755	0.01036
11	0.00878	0.00644	0.00834	0.00890	0.01014	0.00599	0.00671	0.01103	0.01533	0.02064	0.29639	0.28147	0.13733	0.01669	0.00806	0.00241	0.00383	0.13939	0.00640	0.00572
12	0.01340	0.01148	0.01340	0.00957	0.01531	0.00861	0.00766	0.01627	0.01340	0.02105	0.01148	0.01340	0.00957	0.00479	0.00479	0.00096	0.00479	0.00383	0.00383	0.81242

[dist]
# distance from previous block
# <min> <max>
0	1

[block]
# block no. 2 follows, 34 sequences, length 158
# corresponding to MSA columns:
# 118-275
name=unknown_C
#
# <colnr> <probs for GDERKNQSTAVLIFYWHMCP>
#	G	D	E	R	K	N	Q	S	T	A	V	L	I	F	Y	W	H	M	C	P
0	0.01340	0.01148	0.01340	0.00957	0.01531	0.00861	0.00766	0.01627	0.01340	0.02105	0.01148	0.01340	0.00957	0.00479	0.00479	0.00096	0.00479	0.00383	0.00383	0.81242
1	0.01555	0.01080	0.01298	0.00976	0.01478	0.00857	0.00778	0.01862	0.03075	0.14679	0.06131	0.03764	0.04590	0.00683	0.00551	0.00133	0.00472	0.00563	0.00497	0.54979
2	0.00854	0.00604	0.00756	0.00850	0.00947	0.00546	0.00587	0.00989	0.01328	0.04049	0.06209	0.56283	0.19873	0.01876	0.00803	0.00249	0.00368	0.01671	0.00610	0.00551
3	0.01340	0.01148	0.01340	0.00957	0.01531	0.00861	0.00766	0.01627	0.01340	0.02105	0.01148	0.01340	0.00957	0.00479	0.00479	0.00096	0.00479	0.00383	0.00383	0.81242
4	0.01604	0.01563	0.02499	0.23908	0.08859	0.07768	0.22488	0.02075	0.05360	0.06818	0.01334	0.01707	0.01019	0.00690	0.00843	0.00217	0.09424	0.00631	0.00361	0.00834
5	0.01220	0.01148	0.01938	0.75739	0.04450	0.01436	0.01794	0.01651	0.01292	0.01651	0.01148	0.01723	0.00861	0.00646	0.00646	0.00215	0.00861	0.00574	0.00287	0.00718
6	0.01727	0.77681	0.03386	0.01106	0.01658	0.02557	0.01106	0.01935	0.01313	0.01520	0.00898	0.01036	0.00829	0.00553	0.00415	0.00138	0.00691	0.00345	0.00276	0.00829
7	0.01122	0.00561	0.00842	0.00842	0.00842	0.00561	0.00561	0.00842	0.00842	0.01122	0.01122	0.01964	0.01122	0.02245	0.02525	0.81201	0.00561	0.00561	0.00281	0.00281
8	0.01524	0.01459	0.02487	0.18153	0.59660	0.01516	0.01946	0.01917	0.01436	0.02020	0.01202	0.01624	0.00991	0.00590	0.00641	0.00197	0.00786	0.00575	0.00313	0.00963
9	0.01727	0.77681	0.03386	0.01106	0.01658	0.02557	0.01106	0.01935	0.01313	0.01520	0.00898	0.01036	0.00829	0.00553	0.00415	0.00138	0.00691	0.00345	0.00276	0.00829
10	0.00923	0.00692	0.01038	0.01038	0.01154	0.00808	0.00808	0.01154	0.01038	0.01500	0.01731	0.02538	0.01615	0.04846	0.74732	0.01038	0.01731	0.00692	0.00346	0.00577
11	0.00940	0.00626	0.00705	0.00705	0.00705	0.00626	0.00392	0.00940	0.00940	0.01253	0.02036	0.04228	0.02349	0.77292	0.03289	0.00626	0.00626	0.00940	0.00392	0.00392
12	0.00853	0.00657	0.00772	0.00744	0.00919	0.00584	0.00554	0.01090	0.01654	0.02199	0.43220	0.05384	0.33681	0.03828	0.00842	0.00223	0.00324	0.01242	0.00655	0.00576
13	0.01036	0.00740	0.01034	0.01174	0.01323	0.00738	0.01023	0.01334	0.01502	0.01962	0.06412	0.07182	0.03821	0.01765	0.00887	0.00293	0.00582	0.65997	0.00600	0.00596
14	0.02827	0.01116	0.01497	0.01159	0.01651	0.00986	0.00954	0.03165	0.05751	0.69765	0.02554	0.02211	0.01620	0.00804	0.00650	0.00201	0.00548	0.00654	0.00792	0.01095
15	0.01630	0.01399	0.01474	0.01320	0.01689	0.01618	0.01028	0.05253	0.70238	0.02740	0.02601	0.02388	0.01949	0.00874	0.00657	0.00218	0.00517	0.00727	0.00657	0.01025
16	0.02576	0.01094	0.01444	0.01145	0.01596	0.00993	0.00938	0.05078	0.06632	0.58598	0.08339	0.02570	0.02046	0.00878	0.00667	0.00204	0.00534	0.02857	0.00772	0.01038
17	0.01820	0.01494	0.01581	0.01358	0.01761	0.01706	0.01074	0.20387	0.54795	0.03046	0.02360	0.02195	0.01754	0.00851	0.00655	0.00213	0.00561	0.00693	0.00655	0.01042
18	0.02542	0.01021	0.01385	0.01089	0.01526	0.00888	0.00888	0.02802	0.01846	0.60908	0.15216	0.02672	0.02409	0.00894	0.00670	0.00201	0.00506	0.00743	0.00784	0.01011
19	0.81856	0.01250	0.00950	0.00850	0.01250	0.01449	0.00700	0.01899	0.01100	0.02899	0.00900	0.01050	0.00700	0.00600	0.00400	0.00200	0.00500	0.00350	0.00400	0.00700
20	0.00803	0.00587	0.00756	0.00860	0.00934	0.00539	0.00589	0.00949	0.01348	0.01795	0.13864	0.58715	0.12119	0.01880	0.00809	0.00249	0.00360	0.01689	0.00616	0.00539
21	0.01113	0.00646	0.00745	0.00741	0.00857	0.00617	0.00508	0.01277	0.01292	0.06812	0.08502	0.15538	0.08531	0.24380	0.01440	0.00327	0.00432	0.01017	0.24668	0.00556
22	0.00923	0.00692	0.01038	0.01038	0.01154	0.00808	0.00808	0.01154	0.01038	0.01500	0.01731	0.02538	0.01615	0.04846	0.74732	0.01038	0.01731	0.00692	0.00346	0.00577
23	0.81856	0.01250	0.00950	0.00850	0.01250	0.01449	0.00700	0.01899	0.01100	0.02899	0.00900	0.01050	0.00700	0.00600	0.00400	0.00200	0.00500	0.00350	0.00400	0.00700
24	0.01143	0.00698	0.00904	0.00863	0.01044	0.00631	0.00642	0.01382	0.01661	0.12058	0.40794	0.21014	0.11782	0.01441	0.00761	0.00218	0.00357	0.01269	0.00687	0.00651
25	0.00943	0.00715	0.01050	0.01037	0.01142	0.00837	0.00800	0.01158	0.01053	0.01517	0.03707	0.02662	0.01756	0.09056	0.65436	0.00960	0.04526	0.00716	0.00357	0.00571
26	0.01363	0.02871	0.53277	0.02101	0.02968	0.01540	0.22582	0.02053	0.01412	0.02053	0.01203	0.01476	0.00866	0.00593	0.00658	0.00209	0.00995	0.00561	0.00289	0.00930
27	0.00863	0.00626	0.00801	0.00833	0.00941	0.00580	0.00594	0.01069	0.01527	0.02089	0.36865	0.29987	0.10640	0.06559	0.00952	0.00255	0.00360	0.03258	0.00639	0.00560
28	0.01870	0.01349	0.01484	0.01290	0.01685	0.01500	0.01016	0.05589	0.57058	0.15670	0.02580	0.02344	0.01876	0.00859	0.00656	0.00215	0.00525	0.00711	0.00683	0.01039
29	0.01459	0.01392	0.02369	0.30530	0.47794	0.01498	0.01913	0.01860	0.01405	0.01941	0.01191	0.01645	0.00963	0.00602	0.00642	0.00201	0.00802	0.00575	0.00308	0.00910
30	0.03303	0.01162	0.01914	0.70626	0.04249	0.01459	0.01750	0.01653	0.01274	0.01679	0.01129	0.01692	0.00857	0.00666	0.00703	0.00218	0.04091	0.00568	0.00290	0.00717
31	0.00923	0.00692	0.01038	0.01038	0.01154	0.00808	0.00808	0.01154	0.01038	0.01500	0.01731	0.02538	0.01615	0.04846	0.74732	0.01038	0.01731	0.00692	0.00346	0.00577
32	0.00880	0.00659	0.00816	0.00777	0.00944	0.00595	0.00582	0.01152	0.01747	0.02397	0.57685	0.05146	0.21453	0.01393	0.00762	0.00207	0.00310	0.01213	0.00686	0.00595
33	0.00943	0.00663	0.00787	0.00784	0.00961	0.00584	0.00577	0.01142	0.01546	0.06391	0.24688	0.21047	0.34363	0.01579	0.00770	0.00222	0.00345	0.01367	0.00644	0.00593
34	0.01340	0.01148	0.01340	0.00957	0.01531	0.00861	0.00766	0.01627	0.01340	0.02105	0.01148	0.01340	0.00957	0.00479	0.00479	0.00096	0.00479	0.00383	0.00383	0.81242
35	0.02230	0.02709	0.02256	0.01875	0.02288	0.54208	0.15902	0.07300	0.01852	0.01860	0.01103	0.01314	0.00882	0.00648	0.00625	0.00179	0.01117	0.00501	0.00354	0.00799
36	0.00780	0.00615	0.00704	0.00767	0.00904	0.00539	0.00543	0.00926	0.01383	0.01735	0.07700	0.37003	0.40528	0.01794	0.00790	0.00237	0.00347	0.01563	0.00604	0.00539
37	0.00799	0.00571	0.00762	0.00906	0.00950	0.00534	0.00614	0.00923	0.01264	0.01688	0.05766	0.72449	0.04315	0.01995	0.00825	0.00262	0.00379	0.03866	0.00603	0.00530
38	0.01340	0.01148	0.01340	0.00957	0.01531	0.00861	0.00766	0.01627	0.01340	0.02105	0.01148	0.01340	0.00957	0.00479	0.00479	0.00096	0.00479	0.00383	0.00383	0.81242
39	0.01316	0.05129	0.69452	0.01858	0.02791	0.01532	0.05030	0.02044	0.01369	0.02034	0.01159	0.01371	0.00825	0.00610	0.00615	0.00203	0.00954	0.00485	0.00275	0.00949
40	0.02426	0.01598	0.01814	0.04583	0.02009	0.01698	0.01169	0.50227	0.02621	0.17932	0.01712	0.01677	0.01181	0.00757	0.00637	0.00190	0.00671	0.00583	0.00646	0.05869
41	0.01576	0.01565	0.02576	0.11169	0.40023	0.03993	0.12519	0.03972	0.03697	0.02048	0.01228	0.01624	0.01005	0.00660	0.00828	0.00209	0.09449	0.00603	0.00334	0.00923
42	0.02205	0.01694	0.01795	0.01441	0.01896	0.03671	0.01171	0.46868	0.21626	0.05586	0.01837	0.01789	0.01336	0.00812	0.00695	0.00203	0.03065	0.00619	0.00634	0.01057
43	0.01577	0.01513	0.02583	0.08102	0.69296	0.01529	0.01972	0.01964	0.01461	0.02084	0.01212	0.01606	0.01014	0.00580	0.00640	0.00193	0.00773	0.00576	0.00318	0.01006
44	0.00787	0.00562	0.00750	0.00900	0.00937	0.00525	0.00600	0.00900	0.01237	0.01649	0.03561	0.76871	0.04274	0.02024	0.00825	0.00262	0.00375	0.01837	0.00600	0.00525
45	0.01308	0.05476	0.71919	0.01820	0.02764	0.01531	0.02350	0.02043	0.01363	0.02031	0.01152	0.01355	0.00819	0.00612	0.00608	0.00203	0.00947	0.00474	0.00273	0.00951
46	0.03378	0.03715	0.11246	0.02568	0.06911	0.04776	0.53519	0.02077	0.01503	0.02054	0.01254	0.01637	0.00949	0.00561	0.00716	0.00211	0.01038	0.00687	0.00321	0.00879
47	0.01727	0.77681	0.03386	0.01106	0.01658	0.02557	0.01106	0.01935	0.01313	0.01520	0.00898	0.01036	0.00829	0.00553	0.00415	0.00138	0.00691	0.00345	0.00276	0.00829
48	0.01599	0.01535	0.02623	0.03966	0.73262	0.01535	0.01983	0.01983	0.01471	0.02111	0.01215	0.01599	0.01023	0.00576	0.00640	0.00192	0.00768	0.00576	0.00320	0.01023
49	0.01367	0.09341	0.31319	0.06507	0.19556	0.01506	0.08121	0.01870	0.01387	0.01949	0.01515	0.08133	0.03139	0.00745	0.00639	0.00202	0.00824	0.00662	0.00327	0.00890
50	0.01358	0.05084	0.50488	0.01813	0.02567	0.01487	0.09743	0.01962	0.01367	0.04255	0.01391	0.05972	0.01142	0.00759	0.00747	0.00215	0.05997	0.02436	0.00324	0.00895
51	0.00768	0.00655	0.00661	0.00659	0.00875	0.00547	0.00494	0.00936	0.01483	0.01770	0.08451	0.06178	0.71079	0.01627	0.00764	0.00218	0.00327	0.01358	0.00603	0.00547
52	0.01499	0.10499	0.09710	0.02225	0.17737	0.05800	0.18550	0.01882	0.01465	0.04163	0.01742	0.10459	0.01651	0.00883	0.00688	0.00212	0.00810	0.08796	0.00391	0.00837
53	0.03908	0.20005	0.18838	0.04245	0.08508	0.05749	0.10761	0.11468	0.03664	0.02198	0.01291	0.04200	0.01059	0.00672	0.00596	0.00189	0.00822	0.00561	0.00366	0.00900
54	0.01439	0.01785	0.10798	0.02347	0.02892	0.01612	0.47740	0.01920	0.01390	0.01946	0.01252	0.01710	0.00989	0.00959	0.06394	0.00287	0.12693	0.00697	0.00316	0.00833
55	0.00940	0.00631	0.00725	0.00739	0.00749	0.00629	0.00435	0.00960	0.00981	0.01305	0.02169	0.07087	0.02496	0.70312	0.03064	0.00595	0.00615	0.04749	0.00411	0.00408
56	0.04466	0.36513	0.18522	0.01379	0.01990	0.08023	0.01408	0.15095	0.01698	0.03844	0.01126	0.01244	0.00892	0.00625	0.00521	0.00169	0.00782	0.00432	0.00366	0.00904
57	0.01537	0.01490	0.02452	0.19643	0.56342	0.03395	0.01923	0.01926	0.01441	0.01996	0.01195	0.01615	0.00983	0.00593	0.00640	0.00196	0.00798	0.00571	0.00313	0.00949
58	0.00901	0.00669	0.00845	0.00827	0.00991	0.00613	0.00637	0.01179	0.01724	0.02360	0.52746	0.05364	0.18147	0.01432	0.00777	0.00217	0.00342	0.08953	0.00677	0.00596
59	0.01622	0.58412	0.19712	0.01320	0.01969	0.02287	0.03315	0.01964	0.01331	0.01657	0.00970	0.01132	0.00831	0.00567	0.00470	0.00156	0.00763	0.00387	0.00277	0.00859
60	0.01597	0.01552	0.02709	0.07665	0.51025	0.01567	0.13893	0.04608	0.04955	0.02179	0.01309	0.01669	0.01055	0.00596	0.00663	0.00199	0.00814	0.00616	0.00348	0.00982
61	0.00900	0.00654	0.00833	0.00882	0.00989	0.00618	0.00624	0.04029	0.01524	0.02071	0.26585	0.45669	0.08764	0.01715	0.00793	0.00237	0.00363	0.01534	0.00639	0.00579
62	0.00787	0.00562	0.00750	0.00900	0.00937	0.00525	0.00600	0.00900	0.01237	0.01649	0.03561	0.76871	0.04274	0.02024	0.00825	0.00262	0.00375	0.01837	0.00600	0.00525
63	0.01957	0.12366	0.23032	0.01644	0.02235	0.25128	0.05505	0.10365	0.03991	0.06069	0.01253	0.01381	0.00946	0.00656	0.00594	0.00184	0.00931	0.00487	0.00381	0.00895
64	0.04425	0.01415	0.01849	0.01720	0.11137	0.05383	0.07066	0.04870	0.18726	0.33226	0.02129	0.02026	0.01480	0.00754	0.00649	0.00203	0.00652	0.00646	0.00621	0.01021
65	0.00789	0.00650	0.00689	0.00706	0.00897	0.00557	0.00526	0.00954	0.01451	0.01763	0.08568	0.12195	0.59498	0.03889	0.00849	0.00237	0.00351	0.04292	0.00598	0.00544
66	0.01331	0.08042	0.67215	0.01822	0.02742	0.01572	0.04475	0.02040	0.01366	0.02013	0.01148	0.01355	0.00824	0.00608	0.00606	0.00201	0.00942	0.00478	0.00275	0.00944
67	0.01768	0.04150	0.06565	0.02226	0.04746	0.03634	0.41644	0.06517	0.09375	0.10337	0.01576	0.01795	0.01150	0.00632	0.00704	0.00209	0.00916	0.00693	0.00432	0.00931
68	0.04464	0.07390	0.67176	0.01762	0.02673	0.01557	0.02250	0.02034	0.01351	0.02050	0.01135	0.01334	0.00814	0.00610	0.00594	0.00201	0.00922	0.00465	0.00278	0.00938
69	0.01522	0.01575	0.03084	0.02305	0.02752	0.01649	0.45930	0.01935	0.01394	0.04722	0.01352	0.01982	0.01122	0.00778	0.01124	0.00239	0.20873	0.04492	0.00349	0.00821
70	0.05054	0.06508	0.22361	0.03986	0.05191	0.10330	0.01491	0.12267	0.04960	0.15004	0.05472	0.01745	0.01350	0.00723	0.00614	0.00194	0.00773	0.00560	0.00477	0.00938
71	0.01719	0.12940	0.34720	0.03430	0.05670	0.01468	0.01668	0.04177	0.01493	0.17695	0.01579	0.04889	0.01219	0.03703	0.00710	0.00212	0.00772	0.00583	0.00421	0.00930
72	0.01162	0.00816	0.01000	0.01027	0.04969	0.00838	0.00648	0.08241	0.01275	0.03491	0.03860	0.07433	0.04990	0.46129	0.10915	0.00551	0.00738	0.00915	0.00445	0.00556
73	0.01332	0.01266	0.02190	0.38040	0.26146	0.01389	0.07392	0.01743	0.01430	0.01941	0.09392	0.02040	0.01522	0.00692	0.00667	0.00207	0.00786	0.00658	0.00349	0.00817
74	0.04769	0.08545	0.22132	0.04444	0.16970	0.05432	0.07600	0.04695	0.05395	0.07424	0.03424	0.01764	0.03219	0.00681	0.00620	0.00196	0.00797	0.00580	0.00391	0.00921
75	0.04645	0.01532	0.02841	0.08751	0.36632	0.01537	0.25860	0.01938	0.01442	0.02063	0.01297	0.04088	0.01085	0.00633	0.00718	0.00208	0.02818	0.00673	0.00331	0.00910
76	0.01365	0.10520	0.55257	0.04762	0.02820	0.01621	0.10827	0.02023	0.01376	0.01981	0.01151	0.01393	0.00842	0.00600	0.00614	0.00200	0.00942	0.00504	0.00281	0.00923
77	0.01771	0.07767	0.20575	0.03869	0.09066	0.13058	0.07556	0.09974	0.04027	0.07260	0.07568	0.01789	0.01440	0.00710	0.00631	0.00193	0.00833	0.00587	0.00422	0.00905
78	0.01558	0.09116	0.46112	0.03978	0.08948	0.05134	0.05930	0.02139	0.01440	0.07927	0.01258	0.01448	0.00914	0.00620	0.00610	0.00197	0.00898	0.00505	0.00327	0.00941
79	0.01579	0.01500	0.02478	0.07709	0.62845	0.01536	0.01884	0.02098	0.07967	0.02140	0.01342	0.01681	0.01102	0.00607	0.00642	0.00196	0.00749	0.00590	0.00349	0.01006
80	0.00829	0.00585	0.00760	0.00885	0.00923	0.00556	0.00592	0.00934	0.01202	0.01600	0.03293	0.60146	0.03912	0.14799	0.01248	0.00326	0.00431	0.05907	0.00564	0.00507
81	0.01728	0.16123	0.16439	0.02240	0.20770	0.15927	0.07391	0.02151	0.03469	0.03812	0.01254	0.03578	0.01043	0.00650	0.00599	0.00185	0.00870	0.00541	0.00336	0.00896
82	0.01322	0.12803	0.60752	0.01681	0.02543	0.01584	0.02116	0.01970	0.01364	0.01962	0.01425	0.01591	0.04829	0.00663	0.00596	0.00197	0.00886	0.00510	0.00291	0.00916
83	0.00795	0.00568	0.00756	0.00895	0.00939	0.00530	0.00600	0.00919	0.01272	0.01705	0.07677	0.72596	0.04382	0.01983	0.00821	0.00259	0.00371	0.01797	0.00606	0.00530
84	0.05472	0.63593	0.08352	0.01169	0.01738	0.02381	0.01184	0.04964	0.03024	0.01761	0.00986	0.01115	0.00861	0.00577	0.00444	0.00150	0.00698	0.00375	0.00307	0.00849
85	0.05819	0.11213	0.07560	0.08376	0.08170	0.05623	0.09275	0.06142	0.07043	0.17212	0.03471	0.01753	0.01266	0.00707	0.00671	0.00198	0.03533	0.00584	0.00468	0.00915
86	0.01474	0.01247	0.01348	0.01226	0.01549	0.01415	0.00952	0.03002	0.58305	0.02665	0.14737	0.02944	0.02724	0.00975	0.00681	0.00218	0.00478	0.02453	0.00665	0.00941
87	0.00807	0.00654	0.00719	0.00722	0.00913	0.00565	0.00543	0.01003	0.01536	0.01928	0.20423	0.09831	0.52402	0.01596	0.00771	0.00220	0.00335	0.03848	0.00624	0.00560
88	0.05835	0.04535	0.03510	0.05278	0.01684	0.05259	0.04837	0.13323	0.03985	0.05649	0.13030	0.10007	0.10502	0.01358	0.06127	0.00270	0.00681	0.02832	0.00536	0.00762
89	0.01516	0.17345	0.24729	0.02152	0.08822	0.04539	0.25643	0.02016	0.01433	0.01927	0.01223	0.03511	0.00990	0.00615	0.00632	0.00195	0.00925	0.00593	0.00308	0.00887
90	0.00796	0.00566	0.00747	0.00889	0.00924	0.00530	0.00588	0.00902	0.01221	0.01627	0.03477	0.72835	0.04167	0.06205	0.00962	0.00283	0.00389	0.01787	0.00588	0.00517
91	0.01570	0.01759	0.05329	0.04519	0.14638	0.03534	0.48428	0.04191	0.01533	0.02089	0.01260	0.01670	0.00973	0.00595	0.00799	0.00215	0.04984	0.00694	0.00331	0.00890
92	0.11084	0.04905	0.01869	0.05971	0.03955	0.12046	0.09013	0.06640	0.25727	0.05172	0.01823	0.02098	0.01442	0.00784	0.00630	0.00207	0.00723	0.04530	0.00497	0.00885
93	0.02079	0.01136	0.01347	0.01123	0.01507	0.01152	0.00897	0.08293	0.22610	0.31315	0.08795	0.02475	0.02083	0.00861	0.00636	0.00199	0.00496	0.00709	0.11321	0.00967
94	0.00793	0.00571	0.00752	0.00885	0.00936	0.00530	0.00596	0.00918	0.01278	0.01703	0.07356	0.70021	0.07328	0.01970	0.00819	0.00257	0.00369	0.01781	0.00606	0.00530
95	0.01448	0.24227	0.39288	0.03933	0.04528	0.01719	0.01783	0.01994	0.03030	0.03762	0.04399	0.01741	0.01232	0.00688	0.00579	0.00190	0.00806	0.03432	0.00331	0.00888
96	0.03758	0.14790	0.20284	0.03999	0.11135	0.01717	0.18642	0.05925	0.03705	0.04376	0.01272	0.01534	0.00982	0.00730	0.02643	0.00219	0.02468	0.00563	0.00348	0.00908
97	0.01747	0.01458	0.01540	0.01343	0.01734	0.01673	0.01057	0.14593	0.60707	0.02929	0.02452	0.02269	0.01828	0.00860	0.00656	0.00215	0.00544	0.00706	0.00656	0.01035
98	0.01936	0.01429	0.01550	0.03400	0.01801	0.03360	0.01064	0.11833	0.48114	0.14506	0.02399	0.02218	0.01742	0.00840	0.00653	0.00211	0.00569	0.00686	0.00661	0.01030
99	0.01412	0.01470	0.05746	0.34948	0.23814	0.03819	0.04013	0.01914	0.06251	0.01879	0.01270	0.01704	0.01006	0.00782	0.02796	0.00234	0.05188	0.00585	0.00326	0.00841
100	0.04885	0.01352	0.01439	0.01273	0.01633	0.03006	0.01003	0.12687	0.42582	0.08598	0.02486	0.08767	0.02027	0.00984	0.00670	0.00220	0.00549	0.04237	0.00643	0.00958
101	0.01281	0.01211	0.02048	0.64191	0.15522	0.01452	0.01825	0.01704	0.01321	0.01725	0.01159	0.01703	0.00887	0.00635	0.00645	0.00212	0.00846	0.00574	0.00292	0.00767
102	0.01690	0.18348	0.29131	0.03778	0.05206	0.10812	0.09583	0.05854	0.03374	0.04651	0.01214	0.01401	0.00924	0.00621	0.00591	0.00187	0.00892	0.00500	0.00339	0.00905
103	0.01674	0.01712	0.02332	0.11831	0.47921	0.12681	0.01774	0.02112	0.05834	0.01997	0.01251	0.01592	0.01029	0.00632	0.00674	0.00195	0.02923	0.00560	0.00338	0.00937
104	0.00890	0.00677	0.00842	0.00928	0.01083	0.00628	0.00746	0.01107	0.01453	0.01841	0.07314	0.18620	0.29542	0.01753	0.00828	0.00259	0.00447	0.29875	0.00602	0.00565
105	0.01472	0.09499	0.59028	0.01758	0.02602	0.10765	0.02138	0.02104	0.01418	0.01944	0.01118	0.01312	0.00821	0.00615	0.00593	0.00194	0.00959	0.00459	0.00281	0.00919
106	0.01760	0.46641	0.02568	0.01149	0.01583	0.09668	0.01022	0.07392	0.03717	0.03913	0.01239	0.01625	0.01130	0.10380	0.03576	0.00245	0.00763	0.00480	0.00356	0.00792
107	0.01462	0.31915	0.46825	0.01559	0.02359	0.01906	0.01895	0.02003	0.01344	0.01844	0.01059	0.01238	0.00823	0.00590	0.00537	0.00179	0.00853	0.00427	0.00274	0.00907
108	0.00922	0.00626	0.00733	0.00739	0.00766	0.00614	0.00444	0.00979	0.01103	0.01494	0.13002	0.11043	0.03100	0.58723	0.02675	0.00528	0.00554	0.01058	0.00460	0.00437
109	0.01469	0.01410	0.04766	0.43989	0.21844	0.01532	0.01779	0.09467	0.03673	0.02083	0.01255	0.01679	0.00961	0.00648	0.00644	0.00207	0.00813	0.00577	0.00346	0.00857
110	0.01255	0.07764	0.04028	0.01082	0.01335	0.07758	0.00903	0.05224	0.01547	0.04073	0.05375	0.20472	0.17337	0.01453	0.00746	0.00233	0.00563	0.17647	0.00545	0.00661
111	0.00841	0.00621	0.00796	0.00896	0.00998	0.00576	0.00657	0.01016	0.01389	0.01822	0.11917	0.44276	0.16587	0.01835	0.00818	0.00254	0.00396	0.13146	0.00612	0.00550
112	0.01556	0.01491	0.02544	0.12175	0.65391	0.01524	0.01961	0.01945	0.01451	0.02058	0.01208	0.01613	0.01005	0.00584	0.00640	0.00195	0.00778	0.00576	0.00316	0.00989
113	0.01115	0.00824	0.01032	0.01114	0.03337	0.00834	0.00779	0.12191	0.03520	0.02095	0.03137	0.56458	0.03574	0.01736	0.00790	0.00250	0.00457	0.05509	0.00600	0.00649
114	0.01333	0.03083	0.62556	0.01985	0.02891	0.01522	0.13515	0.02050	0.01390	0.02050	0.01184	0.01426	0.00845	0.00603	0.00638	0.00207	0.00977	0.00524	0.00282	0.00941
115	0.00906	0.00677	0.00840	0.00886	0.01037	0.00631	0.00697	0.01129	0.01500	0.01955	0.20307	0.10422	0.24579	0.08066	0.01024	0.00278	0.00438	0.23460	0.00606	0.00562
116	0.07887	0.06038	0.09855	0.01332	0.01781	0.13089	0.01167	0.07685	0.23936	0.10264	0.03700	0.02189	0.04987	0.00828	0.00619	0.00201	0.00682	0.02319	0.00533	0.00907
117	0.15525	0.02472	0.10650	0.01484	0.01906	0.39681	0.01266	0.04944	0.08102	0.02076	0.01306	0.01639	0.01083	0.00734	0.00582	0.00190	0.00918	0.04252	0.00393	0.00796
118	0.00827	0.00602	0.00788	0.00921	0.00997	0.00563	0.00661	0.00975	0.01304	0.01707	0.03865	0.57622	0.11709	0.01942	0.00829	0.00263	0.00406	0.12880	0.00599	0.00539
119	0.01639	0.01683	0.03468	0.02611	0.07054	0.01599	0.58325	0.04210	0.04291	0.06284	0.01432	0.01781	0.01060	0.00581	0.00742	0.00215	0.01007	0.00739	0.00376	0.00906
120	0.04701	0.02223	0.02017	0.02138	0.19042	0.31791	0.01403	0.19794	0.03667	0.02408	0.01221	0.01403	0.00969	0.00693	0.00668	0.00186	0.03843	0.00508	0.00417	0.00907
121	0.02062	0.01725	0.03880	0.01845	0.12915	0.07888	0.03235	0.24644	0.22344	0.09911	0.01843	0.01837	0.01354	0.00756	0.00646	0.00200	0.00702	0.00618	0.00568	0.01025
122	0.00812	0.00634	0.00736	0.00757	0.00914	0.00559	0.00550	0.01003	0.01518	0.01962	0.24619	0.22526	0.37826	0.01639	0.00778	0.00224	0.00332	0.01420	0.00631	0.00559
123	0.01705	0.61061	0.12284	0.01283	0.01889	0.02356	0.04000	0.05797	0.01423	0.01750	0.00984	0.01134	0.00849	0.00573	0.00466	0.00153	0.00741	0.00392	0.00298	0.00862
124	0.01757	0.01974	0.14027	0.02765	0.37700	0.09463	0.01759	0.06078	0.09900	0.06154	0.01441	0.01639	0.01116	0.00650	0.00632	0.00195	0.00796	0.00565	0.00397	0.00991
125	0.00965	0.00678	0.00834	0.00800	0.00824	0.00696	0.02195	0.00996	0.00962	0.01296	0.01969	0.03992	0.02232	0.68990	0.07636	0.00633	0.02584	0.00911	0.00384	0.00423
126	0.00942	0.00787	0.00975	0.05302	0.06067	0.00746	0.00746	0.01270	0.05427	0.02053	0.23568	0.05094	0.39732	0.01385	0.00746	0.00215	0.00400	0.03316	0.00596	0.00633
127	0.01836	0.01494	0.01741	0.05832	0.07738	0.05600	0.03062	0.29444	0.11026	0.04735	0.02015	0.11837	0.03553	0.01108	0.03557	0.00242	0.02931	0.00789	0.00549	0.00913
128	0.10275	0.14980	0.12662	0.01836	0.14497	0.11271	0.01428	0.12536	0.06282	0.06471	0.01311	0.01435	0.01008	0.00654	0.00568	0.00185	0.00768	0.00493	0.00414	0.00926
129	0.02090	0.05088	0.01917	0.11140	0.11684	0.42715	0.01336	0.02317	0.01648	0.07770	0.01232	0.01546	0.01011	0.04915	0.00748	0.00203	0.00974	0.00504	0.00366	0.00795
130	0.16054	0.17881	0.14550	0.03629	0.07456	0.09014	0.01379	0.16360	0.03918	0.02475	0.01174	0.01320	0.00912	0.00643	0.00542	0.00184	0.00759	0.00461	0.00395	0.00894
131	0.13187	0.08783	0.01825	0.01407	0.01780	0.28471	0.01131	0.16809	0.04141	0.05138	0.01352	0.01470	0.03022	0.00755	0.00714	0.00190	0.08058	0.00497	0.00435	0.00836
132	0.01691	0.08348	0.09613	0.01359	0.04030	0.12393	0.01155	0.16570	0.07450	0.04443	0.11708	0.02765	0.12357	0.00946	0.00652	0.00195	0.00673	0.02288	0.00521	0.00841
133	0.01716	0.01618	0.02486	0.11158	0.20220	0.06098	0.19225	0.12063	0.03785	0.04239	0.01336	0.01627	0.01028	0.00614	0.00652	0.00190	0.00831	0.00599	0.00396	0.10120
134	0.03597	0.05371	0.40703	0.01914	0.05310	0.05551	0.13638	0.02226	0.01482	0.12151	0.01358	0.01525	0.00962	0.00627	0.00631	0.00201	0.00904	0.00543	0.00365	0.00942
135	0.00825	0.00594	0.00769	0.00875	0.00941	0.00555	0.00602	0.00964	0.01311	0.01747	0.11356	0.54739	0.08984	0.07543	0.01002	0.00282	0.00395	0.05389	0.00596	0.00530
136	0.01733	0.14640	0.23359	0.10212	0.07966	0.15788	0.01640	0.02280	0.07808	0.06744	0.01315	0.01482	0.01000	0.00651	0.00588	0.00188	0.00860	0.00497	0.00360	0.00889
137	0.04187	0.05922	0.02356	0.07166	0.35776	0.10429	0.05651	0.08152	0.05856	0.06338	0.01354	0.01594	0.01064	0.00637	0.00623	0.00191	0.00795	0.00562	0.00396	0.00954
138	0.00814	0.00630	0.00746	0.00796	0.00939	0.00562	0.00581	0.00994	0.01456	0.01870	0.16754	0.29606	0.34335	0.01721	0.00792	0.00235	0.00356	0.05641	0.00619	0.00553
139	0.01936	0.02167	0.05061	0.01939	0.05342	0.27767	0.19085	0.14740	0.01860	0.02208	0.01427	0.08424	0.01246	0.00788	0.00712	0.00199	0.03168	0.00680	0.00409	0.00842
140	0.01766	0.11326	0.14861	0.11606	0.10023	0.09844	0.06492	0.12541	0.08945	0.04447	0.01377	0.01562	0.01044	0.00664	0.00614	0.00193	0.00829	0.00545	0.00402	0.00920
141	0.01350	0.12662	0.65098	0.01749	0.02654	0.01633	0.02227	0.02032	0.01358	0.01980	0.01127	0.01323	0.00820	0.00606	0.00589	0.00196	0.00922	0.00461	0.00273	0.00939
142	0.00847	0.00651	0.00780	0.00837	0.00987	0.00590	0.00637	0.01038	0.01449	0.01848	0.12991	0.22183	0.33626	0.03888	0.00876	0.00254	0.00398	0.14959	0.00606	0.00554
143	0.01491	0.12093	0.23974	0.01505	0.02045	0.07511	0.07333	0.10893	0.01618	0.02117	0.01972	0.14993	0.05669	0.00967	0.00656	0.00206	0.00768	0.02947	0.00418	0.00823
144	0.02456	0.01810	0.01939	0.01487	0.02004	0.02004	0.01228	0.71107	0.03038	0.04072	0.01551	0.01551	0.01099	0.00776	0.00646	0.00194	0.00711	0.00582	0.00646	0.01099
145	0.00787	0.00562	0.00750	0.00900	0.00937	0.00525	0.00600	0.00900	0.01237	0.01649	0.03561	0.76871	0.04274	0.02024	0.00825	0.00262	0.00375	0.01837	0.00600	0.00525
146	0.01567	0.01501	0.02547	0.03839	0.70487	0.01497	0.01926	0.01943	0.01471	0.02097	0.01420	0.01776	0.03783	0.00616	0.00644	0.00193	0.00751	0.00606	0.00331	0.01005
147	0.02110	0.02182	0.01967	0.08169	0.04973	0.31006	0.05165	0.20574	0.10910	0.02432	0.01384	0.01528	0.01065	0.00723	0.00671	0.00192	0.03069	0.00543	0.00450	0.00889
148	0.00787	0.00562	0.00750	0.00900	0.00937	0.00525	0.00600	0.00900	0.01237	0.01649	0.03561	0.76871	0.04274	0.02024	0.00825	0.00262	0.00375	0.01837	0.00600	0.00525
149	0.00903	0.00681	0.00764	0.00783	0.00982	0.00597	0.00608	0.01089	0.01471	0.04538	0.07278	0.09966	0.51030	0.03845	0.00858	0.00245	0.00392	0.12796	0.00604	0.00571
150	0.01762	0.01845	0.05413	0.09051	0.44636	0.13106	0.01770	0.08389	0.03887	0.02184	0.01249	0.01552	0.01008	0.00625	0.00631	0.00191	0.00833	0.00552	0.00358	0.00959
151	0.02255	0.02304	0.01749	0.01499	0.01887	0.37900	0.01166	0.24386	0.08747	0.04233	0.03846	0.01732	0.03879	0.00780	0.00624	0.00184	0.00887	0.00563	0.00496	0.00882
152	0.02091	0.01602	0.01786	0.12299	0.02240	0.04061	0.01235	0.44340	0.10362	0.05545	0.01727	0.04943	0.01319	0.00818	0.00649	0.00201	0.00696	0.00649	0.02450	0.00987
153	0.06780	0.08346	0.08583	0.01501	0.07033	0.11605	0.01203	0.11901	0.10915	0.02269	0.01827	0.04862	0.01681	0.08018	0.00886	0.00247	0.00726	0.10336	0.00464	0.00817
154	0.11931	0.03067	0.08007	0.01166	0.01501	0.09988	0.00973	0.12436	0.05779	0.05970	0.04286	0.14690	0.03946	0.12234	0.01026	0.00269	0.00648	0.00832	0.00499	0.00751
155	0.04026	0.03386	0.06951	0.01280	0.01652	0.07659	0.02740	0.15993	0.06612	0.10180	0.02374	0.15284	0.06501	0.03218	0.00792	0.00225	0.02745	0.04768	0.00546	0.03068
156	0.07912	0.06054	0.05920	0.06483	0.14145	0.14666	0.02983	0.06043	0.06677	0.10539	0.04198	0.01674	0.01262	0.00677	0.00593	0.00182	0.00748	0.00541	0.00441	0.08262
157	0.10730	0.10420	0.01819	0.01453	0.06273	0.12000	0.04797	0.10765	0.09479	0.08049	0.09578	0.08295	0.01933	0.00868	0.00618	0.00195	0.00666	0.00707	0.00509	0.00844

[dist]
# distance from previous block
# <min> <max>
3	38

[block]
# block no. 3 follows, 34 sequences, length 29
# corresponding to MSA columns:
# 314-342
name=unknown_D
#
# <colnr> <probs for GDERKNQSTAVLIFYWHMCP>
#	G	D	E	R	K	N	Q	S	T	A	V	L	I	F	Y	W	H	M	C	P
0	0.05592	0.01496	0.01691	0.01552	0.08956	0.08287	0.04383	0.21075	0.04938	0.09146	0.01888	0.02147	0.05850	0.07314	0.04206	0.00260	0.00735	0.00640	0.00506	0.09339
1	0.12017	0.07292	0.01793	0.01429	0.06800	0.03903	0.03078	0.25495	0.01934	0.06191	0.01489	0.07129	0.01246	0.00748	0.00578	0.00176	0.00633	0.00592	0.00495	0.16980
2	0.03904	0.01280	0.01385	0.01197	0.01487	0.05149	0.00944	0.21779	0.05118	0.05896	0.03797	0.13110	0.10571	0.04548	0.03132	0.00258	0.08187	0.03115	0.00549	0.04593
3	0.05707	0.01527	0.01528	0.01213	0.01674	0.09958	0.00971	0.21878	0.05326	0.12454	0.07149	0.01904	0.02993	0.00743	0.00595	0.00168	0.00622	0.00576	0.00553	0.22462
4	0.07396	0.01584	0.01634	0.04225	0.14146	0.14659	0.01155	0.06845	0.10656	0.02248	0.04011	0.04236	0.03736	0.00785	0.00608	0.00181	0.00681	0.03768	0.00448	0.16999
5	0.16211	0.02089	0.05111	0.04884	0.02003	0.26073	0.03200	0.17656	0.04663	0.05755	0.01271	0.01389	0.00960	0.00675	0.00574	0.00184	0.00827	0.00483	0.00446	0.05543
6	0.33355	0.01180	0.01209	0.03416	0.01500	0.01213	0.00833	0.09581	0.01496	0.11565	0.01738	0.04079	0.04655	0.03045	0.00621	0.00201	0.00534	0.04037	0.00496	0.15246
7	0.00939	0.00669	0.00804	0.00778	0.00960	0.00593	0.00580	0.01169	0.01636	0.05565	0.37557	0.12609	0.30794	0.01487	0.00764	0.00215	0.00332	0.01286	0.00662	0.00600
8	0.01302	0.01108	0.01300	0.00953	0.01491	0.00838	0.00754	0.01577	0.01333	0.02074	0.01313	0.06488	0.01183	0.00584	0.00502	0.00107	0.00471	0.00482	0.00398	0.75741
9	0.67903	0.01275	0.01053	0.00927	0.01319	0.01460	0.00755	0.09889	0.01333	0.02963	0.01130	0.05523	0.00954	0.00703	0.00453	0.00203	0.00517	0.00463	0.00440	0.00736
10	0.01868	0.00878	0.01126	0.00957	0.01296	0.00764	0.00764	0.02096	0.01699	0.37980	0.13193	0.07339	0.22248	0.01198	0.00714	0.00212	0.00449	0.03670	0.00715	0.00833
