[name]
unknown

[dist]
# distance from previous block
# <min> <max>
0	44

[block]
# block no. 0 follows, 33 sequences, length 21
# corresponding to MSA columns:
# 44-64
name=unknown_A
#
# <colnr> <probs for GDERKNQSTAVLIFYWHMCP>
#	G	D	E	R	K	N	Q	S	T	A	V	L	I	F	Y	W	H	M	C	P
0	0.00862	0.00636	0.00818	0.00933	0.01035	0.00592	0.00691	0.01038	0.01392	0.01814	0.07873	0.44954	0.16407	0.01900	0.00841	0.00264	0.00419	0.16357	0.00616	0.00559
1	0.01521	0.06721	0.07401	0.34011	0.18164	0.01569	0.12812	0.01963	0.01434	0.06292	0.01282	0.01689	0.00973	0.00628	0.00658	0.00208	0.00870	0.00598	0.00337	0.00870
2	0.01720	0.06078	0.33043	0.01912	0.02626	0.10706	0.16565	0.06040	0.06421	0.06564	0.01393	0.01568	0.01017	0.00653	0.00652	0.00204	0.00947	0.00569	0.00378	0.00944
3	0.01370	0.01002	0.01166	0.01088	0.01341	0.01060	0.00825	0.02289	0.31007	0.08335	0.24043	0.17520	0.03709	0.01251	0.00735	0.00225	0.00433	0.01092	0.00687	0.00822
4	0.01503	0.06649	0.02295	0.50463	0.03832	0.06605	0.09813	0.07511	0.01531	0.01922	0.01195	0.01656	0.00908	0.00652	0.00652	0.00209	0.00902	0.00581	0.00330	0.00792
5	0.01848	0.12909	0.30726	0.01756	0.02452	0.12726	0.10023	0.09868	0.01705	0.08051	0.01300	0.01452	0.00955	0.00650	0.00618	0.00193	0.00923	0.00520	0.00381	0.00942
6	0.02164	0.02639	0.17534	0.01614	0.02125	0.34230	0.01461	0.15540	0.01965	0.08017	0.01438	0.05651	0.01159	0.00778	0.00633	0.00192	0.00955	0.00571	0.00441	0.00894
7	0.00957	0.00638	0.00718	0.00718	0.00718	0.00638	0.00399	0.00957	0.00957	0.01276	0.02074	0.04308	0.02393	0.76864	0.03351	0.00638	0.00638	0.00957	0.00399	0.00399
8	0.01822	0.17435	0.05939	0.03238	0.01871	0.08717	0.05396	0.17784	0.01882	0.08200	0.02403	0.06608	0.12925	0.00940	0.00643	0.00196	0.00708	0.01931	0.00500	0.00861
9	0.00836	0.00875	0.06714	0.00824	0.01069	0.00636	0.00688	0.01050	0.01465	0.01834	0.09348	0.19403	0.49640	0.01639	0.00777	0.00229	0.00394	0.01397	0.00590	0.00590
10	0.01805	0.10158	0.22862	0.01650	0.02282	0.01595	0.12025	0.16554	0.01865	0.11311	0.07431	0.04358	0.01583	0.00774	0.00658	0.00202	0.00787	0.00665	0.00482	0.00952
11	0.03763	0.09745	0.06098	0.06607	0.06386	0.10244	0.22903	0.07347	0.01553	0.02061	0.01155	0.01502	0.00931	0.00699	0.00901	0.00210	0.13484	0.00584	0.00344	0.03483
12	0.01862	0.66915	0.03248	0.01180	0.01738	0.02528	0.01144	0.11380	0.01579	0.01906	0.01006	0.01128	0.00883	0.00594	0.00455	0.00149	0.00707	0.00385	0.00333	0.00883
13	0.01075	0.00744	0.00907	0.00872	0.01058	0.00691	0.00648	0.05383	0.01716	0.06279	0.33233	0.21429	0.20423	0.01522	0.00778	0.00224	0.00371	0.01328	0.00674	0.00644
14	0.01895	0.13897	0.21593	0.01826	0.06297	0.11058	0.07764	0.16102	0.01813	0.05689	0.01267	0.01443	0.00961	0.00685	0.00697	0.00196	0.04948	0.00524	0.00397	0.00946
15	0.04459	0.01430	0.01547	0.01260	0.01656	0.05088	0.01000	0.31780	0.03782	0.19454	0.06399	0.08834	0.01941	0.07223	0.00895	0.00242	0.00636	0.00778	0.00650	0.00946
16	0.00834	0.00629	0.00777	0.00859	0.00975	0.00571	0.00620	0.01005	0.01429	0.01856	0.13226	0.40949	0.24316	0.01835	0.00820	0.00250	0.00379	0.07485	0.00625	0.00558
17	0.03941	0.12465	0.07550	0.03225	0.14003	0.04456	0.01288	0.09439	0.03220	0.17424	0.02090	0.09089	0.05017	0.00901	0.00644	0.00202	0.00673	0.02936	0.00515	0.00921
18	0.08659	0.01896	0.05648	0.08537	0.16941	0.16239	0.05162	0.10118	0.07751	0.10532	0.01482	0.01636	0.01108	0.00689	0.00629	0.00199	0.00823	0.00562	0.00454	0.00937
19	0.00977	0.00785	0.00871	0.00869	0.01073	0.00752	0.00657	0.03156	0.10269	0.02026	0.11076	0.15238	0.38570	0.04054	0.00865	0.00247	0.00404	0.06855	0.00623	0.00633
20	0.01721	0.14077	0.10429	0.18331	0.08111	0.19395	0.03824	0.02158	0.05433	0.03709	0.01264	0.01558	0.01008	0.00917	0.05158	0.00243	0.00963	0.00522	0.00343	0.00834

[dist]
# distance from previous block
# <min> <max>
0	16

[block]
# block no. 1 follows, 33 sequences, length 55
# corresponding to MSA columns:
# 81-135
name=unknown_B
#
# <colnr> <probs for GDERKNQSTAVLIFYWHMCP>
#	G	D	E	R	K	N	Q	S	T	A	V	L	I	F	Y	W	H	M	C	P
0	0.03603	0.12034	0.21544	0.04592	0.15058	0.07675	0.06673	0.06906	0.05841	0.02143	0.01242	0.01488	0.00979	0.00680	0.00735	0.00202	0.06796	0.00533	0.00351	0.00926
1	0.04568	0.11908	0.02162	0.04575	0.18321	0.25133	0.01376	0.09693	0.04975	0.04515	0.03867	0.01716	0.01265	0.00719	0.00608	0.00186	0.00850	0.02258	0.00415	0.00890
2	0.00960	0.00712	0.00849	0.00911	0.01055	0.00678	0.00663	0.01268	0.07861	0.03783	0.04330	0.38623	0.23687	0.04211	0.00889	0.00264	0.00414	0.07620	0.00615	0.00606
3	0.08285	0.18334	0.08658	0.12864	0.12700	0.11179	0.03989	0.05669	0.05618	0.04995	0.01258	0.01475	0.00987	0.00646	0.00579	0.00189	0.00811	0.00506	0.00373	0.00885
4	0.06895	0.01881	0.18512	0.11286	0.02922	0.01471	0.30144	0.01991	0.05208	0.02136	0.04413	0.04491	0.04154	0.00732	0.00699	0.00218	0.00890	0.00735	0.00375	0.00848
5	0.00799	0.00625	0.00727	0.00805	0.00937	0.00553	0.00573	0.00946	0.01386	0.01738	0.05102	0.39964	0.37473	0.01862	0.00812	0.00247	0.00366	0.03926	0.00611	0.00547
6	0.01566	0.04237	0.13365	0.15914	0.14759	0.04190	0.09807	0.04658	0.14288	0.03434	0.01562	0.01924	0.01225	0.00728	0.00719	0.00214	0.03475	0.02614	0.00402	0.00919
7	0.01672	0.03726	0.15852	0.10799	0.09617	0.08622	0.15232	0.06458	0.10382	0.04119	0.01425	0.01678	0.01083	0.00698	0.00762	0.00212	0.05750	0.00606	0.00389	0.00917
8	0.01304	0.04225	0.11267	0.17024	0.13895	0.03948	0.08397	0.01722	0.03620	0.01875	0.01997	0.16753	0.04097	0.04050	0.00810	0.00239	0.00759	0.02835	0.00400	0.00783
9	0.01736	0.01416	0.01463	0.01274	0.01615	0.06416	0.01013	0.25836	0.17861	0.02955	0.13562	0.07869	0.05818	0.01110	0.00715	0.00218	0.00594	0.07000	0.00640	0.00888
10	0.01679	0.02018	0.16672	0.07133	0.09791	0.06377	0.22307	0.07567	0.04178	0.06273	0.01456	0.04307	0.01146	0.00722	0.00780	0.00216	0.05402	0.00669	0.00392	0.00916
11	0.01768	0.07806	0.32659	0.01908	0.04893	0.03940	0.14423	0.07931	0.04515	0.11670	0.01469	0.01611	0.01050	0.00658	0.00648	0.00204	0.00886	0.00574	0.00410	0.00978
12	0.01419	0.01404	0.04139	0.06872	0.32219	0.03811	0.10254	0.04237	0.01480	0.02024	0.01816	0.18279	0.01794	0.01225	0.05778	0.00275	0.00825	0.00896	0.00401	0.00852
13	0.01046	0.01041	0.05617	0.03555	0.06598	0.00895	0.09735	0.01377	0.03850	0.01941	0.09395	0.31331	0.15298	0.01461	0.00782	0.00239	0.00551	0.04072	0.00539	0.00678
14	0.01845	0.07469	0.13706	0.07415	0.10252	0.08397	0.07162	0.08165	0.11393	0.11338	0.02974	0.01962	0.01358	0.00745	0.00651	0.00204	0.00796	0.02750	0.00469	0.00949
15	0.01761	0.05486	0.14979	0.10587	0.13761	0.08623	0.07582	0.11748	0.05472	0.04782	0.01333	0.01588	0.01023	0.00711	0.00782	0.00208	0.07682	0.00570	0.00392	0.00930
16	0.08908	0.01895	0.14075	0.07621	0.27568	0.04022	0.04204	0.10686	0.01591	0.02347	0.01189	0.01509	0.00947	0.00696	0.00812	0.00212	0.09869	0.00550	0.00361	0.00936
17	0.07486	0.08961	0.08458	0.07592	0.16157	0.10844	0.01445	0.04241	0.06908	0.08509	0.03457	0.03828	0.01302	0.00770	0.00744	0.00204	0.07195	0.00591	0.00419	0.00889
18	0.09617	0.07590	0.15193	0.01644	0.06613	0.03316	0.10655	0.10824	0.01616	0.02298	0.02132	0.08913	0.08747	0.03645	0.00760	0.00228	0.00736	0.04211	0.00438	0.00823
19	0.01541	0.05125	0.35976	0.01994	0.12455	0.07413	0.04346	0.04508	0.03031	0.05325	0.01688	0.08479	0.03634	0.00805	0.00653	0.00207	0.00846	0.00675	0.00380	0.00918
20	0.00970	0.00745	0.00843	0.00855	0.01022	0.02963	0.00635	0.01178	0.01578	0.04292	0.25302	0.22358	0.27782	0.01614	0.00790	0.00231	0.00388	0.05213	0.00643	0.00598
21	0.02054	0.08069	0.02150	0.02057	0.19605	0.04296	0.03778	0.25258	0.03825	0.11984	0.01771	0.09039	0.01471	0.00839	0.00657	0.00200	0.00707	0.00710	0.00536	0.00996
22	0.01604	0.04461	0.18769	0.04172	0.17429	0.03616	0.17824	0.09824	0.03434	0.02257	0.01388	0.03818	0.01138	0.03364	0.00828	0.00225	0.03901	0.00650	0.00371	0.00928
23	0.01029	0.00771	0.01015	0.01045	0.01170	0.00762	0.02955	0.07835	0.03990	0.02025	0.07040	0.60226	0.03948	0.01809	0.00811	0.00254	0.00440	0.01635	0.00615	0.00626
24	0.03471	0.08817	0.16747	0.06407	0.04855	0.07108	0.16720	0.07405	0.09575	0.05074	0.01596	0.01784	0.03371	0.00711	0.00705	0.00207	0.03512	0.00617	0.00406	0.00911
25	0.04829	0.01558	0.01653	0.05813	0.09322	0.10958	0.01160	0.21553	0.07220	0.09182	0.04614	0.10946	0.06389	0.00977	0.00675	0.00208	0.00681	0.00803	0.00560	0.00899
26	0.01768	0.04853	0.05162	0.07212	0.14456	0.08945	0.27861	0.05277	0.01655	0.08503	0.03772	0.02010	0.01315	0.00693	0.00700	0.00208	0.00913	0.03386	0.00408	0.00903
27	0.01163	0.00759	0.01077	0.01023	0.01216	0.00696	0.04754	0.01379	0.01511	0.11223	0.16862	0.33315	0.13740	0.01710	0.03397	0.00268	0.00485	0.04131	0.00634	0.00656
28	0.01837	0.10060	0.15485	0.10506	0.07762	0.19242	0.05499	0.05034	0.05728	0.07351	0.01562	0.01727	0.03954	0.00708	0.00624	0.00194	0.00885	0.00563	0.00394	0.00884
29	0.01879	0.10503	0.08968	0.06789	0.22572	0.03383	0.04062	0.11970	0.04262	0.12161	0.03397	0.01942	0.01342	0.00728	0.00642	0.00199	0.00752	0.03012	0.00462	0.00976
30	0.04122	0.01775	0.13575	0.11418	0.08344	0.01584	0.16502	0.06708	0.17762	0.02321	0.01680	0.05216	0.01341	0.00771	0.00743	0.00220	0.03871	0.00700	0.00431	0.00916
31	0.03756	0.02221	0.19594	0.11746	0.07941	0.14238	0.12591	0.07045	0.03892	0.06299	0.01405	0.03810	0.01090	0.00699	0.00657	0.00205	0.00920	0.00606	0.00387	0.00897
32	0.06173	0.08503	0.08748	0.01821	0.11953	0.15302	0.05367	0.13556	0.07368	0.02365	0.02027	0.02120	0.10304	0.00804	0.00631	0.00195	0.00785	0.00642	0.00445	0.00889
33	0.01790	0.03984	0.04632	0.17458	0.15307	0.07164	0.04608	0.06271	0.06437	0.13404	0.01744	0.06525	0.01431	0.00828	0.00718	0.00213	0.03173	0.02950	0.00464	0.00900
34	0.01021	0.00726	0.00868	0.00870	0.01051	0.00674	0.00645	0.01339	0.06509	0.06224	0.21547	0.24327	0.26189	0.01594	0.00785	0.00232	0.00377	0.03730	0.00655	0.00636
35	0.07297	0.15793	0.24648	0.01645	0.02291	0.05417	0.09575	0.11127	0.01659	0.09188	0.01300	0.01453	0.00964	0.00672	0.00668	0.00197	0.04255	0.00519	0.00399	0.00934
36	0.01861	0.03234	0.08637	0.01621	0.08722	0.01277	0.06575	0.11279	0.07208	0.20210	0.10290	0.05675	0.06397	0.00946	0.00696	0.00211	0.00638	0.02986	0.00597	0.00937
37	0.00824	0.00593	0.00787	0.00934	0.00989	0.00555	0.00647	0.00957	0.01291	0.01710	0.03723	0.67876	0.06695	0.02027	0.00844	0.00269	0.00400	0.07728	0.00611	0.00542
38	0.01550	0.04717	0.08977	0.28356	0.07504	0.07623	0.05885	0.10714	0.04542	0.02191	0.06016	0.03757	0.03792	0.00779	0.00663	0.00207	0.00814	0.00668	0.00407	0.00837
39	0.09647	0.06018	0.05122	0.06728	0.14973	0.07838	0.10746	0.11148	0.01727	0.11442	0.01702	0.04438	0.04086	0.00750	0.00640	0.00202	0.00776	0.00647	0.00457	0.00913
40	0.01708	0.20291	0.25599	0.01497	0.02124	0.05645	0.03761	0.08303	0.10124	0.06882	0.01689	0.04746	0.03346	0.00761	0.00604	0.00194	0.00777	0.00597	0.00424	0.00929
41	0.01068	0.00882	0.01391	0.06120	0.05734	0.00873	0.09110	0.03693	0.01397	0.01875	0.05971	0.40671	0.03286	0.08426	0.01035	0.00286	0.00573	0.06444	0.00528	0.00637
42	0.01750	0.07309	0.22475	0.01749	0.05128	0.12531	0.10607	0.05255	0.01614	0.11008	0.01820	0.10451	0.03695	0.00851	0.00664	0.00205	0.00844	0.00728	0.00432	0.00884
43	0.04112	0.07235	0.11760	0.15893	0.09354	0.01566	0.15708	0.06495	0.05622	0.05973	0.01434	0.01763	0.01102	0.01064	0.07807	0.00289	0.00943	0.00613	0.00385	0.00883
44	0.01499	0.01271	0.04218	0.01414	0.01792	0.01215	0.13371	0.10439	0.14767	0.07632	0.09257	0.11590	0.11907	0.03801	0.00831	0.00238	0.00616	0.02727	0.00584	0.00831
45	0.06997	0.01727	0.02304	0.09913	0.22723	0.11267	0.11851	0.08738	0.08598	0.07289	0.01464	0.01689	0.01116	0.00668	0.00651	0.00203	0.00831	0.00600	0.00430	0.00942
46	0.04872	0.15729	0.18809	0.01862	0.06839	0.06764	0.14247	0.04143	0.07585	0.04529	0.01433	0.04943	0.01175	0.00721	0.00679	0.00201	0.03576	0.00611	0.00380	0.00900
47	0.01495	0.09246	0.43173	0.01862	0.02613	0.03952	0.12257	0.02138	0.04255	0.04342	0.02852	0.01565	0.01055	0.00678	0.00735	0.00209	0.05760	0.00554	0.00332	0.00926
48	0.09759	0.01566	0.06724	0.01292	0.01720	0.04427	0.01096	0.26780	0.09146	0.11023	0.08396	0.11210	0.02059	0.00977	0.00664	0.00211	0.00621	0.00790	0.00612	0.00929
49	0.01711	0.14101	0.10245	0.04535	0.10493	0.15228	0.18042	0.04562	0.04442	0.01963	0.01362	0.04626	0.01168	0.03802	0.00751	0.00213	0.00913	0.00628	0.00357	0.00860
50	0.08658	0.07636	0.15792	0.11709	0.05321	0.08651	0.06169	0.06759	0.08924	0.08642	0.01670	0.01808	0.04010	0.00722	0.00620	0.00202	0.00795	0.00583	0.00431	0.00897
51	0.04266	0.00808	0.00911	0.00927	0.01054	0.03118	0.00662	0.04868	0.01385	0.01879	0.09409	0.27674	0.10866	0.16323	0.09690	0.00410	0.00636	0.04003	0.00537	0.00574
52	0.12794	0.01601	0.08184	0.01760	0.13922	0.04743	0.01287	0.14748	0.08431	0.09407	0.03544	0.04787	0.01652	0.03592	0.00745	0.00228	0.00679	0.06463	0.00520	0.00912
53	0.09467	0.08709	0.05142	0.01700	0.04940	0.12566	0.08056	0.31851	0.02169	0.02920	0.01281	0.01434	0.00976	0.00720	0.00703	0.00197	0.05208	0.00537	0.00472	0.00950
54	0.01944	0.01957	0.09025	0.04141	0.24081	0.08985	0.14734	0.17633	0.01917	0.07090	0.01392	0.01622	0.01047	0.00656	0.00670	0.00201	0.00878	0.00603	0.00430	0.00994

[dist]
# distance from previous block
# <min> <max>
1	2

[block]
# block no. 2 follows, 33 sequences, length 38
# corresponding to MSA columns:
# 138-175
name=unknown_C
#
# <colnr> <probs for GDERKNQSTAVLIFYWHMCP>
#	G	D	E	R	K	N	Q	S	T	A	V	L	I	F	Y	W	H	M	C	P
0	0.04100	0.18030	0.15318	0.01814	0.08111	0.14047	0.10863	0.02151	0.04647	0.05203	0.01482	0.08620	0.01302	0.00766	0.00618	0.00194	0.00846	0.00644	0.00379	0.00865
1	0.01098	0.00676	0.00857	0.00896	0.01031	0.00616	0.00638	0.01246	0.01391	0.10579	0.07317	0.41780	0.15340	0.08956	0.01048	0.00286	0.00427	0.04589	0.00622	0.00605
2	0.03501	0.09695	0.16825	0.04525	0.01767	0.04314	0.01173	0.01699	0.01544	0.05152	0.21054	0.05837	0.08218	0.00951	0.00644	0.00189	0.00601	0.00786	0.00484	0.11043
3	0.01662	0.15951	0.11222	0.05664	0.16283	0.09194	0.09277	0.06871	0.06592	0.02093	0.01619	0.05086	0.04180	0.00744	0.00630	0.00195	0.00815	0.00639	0.00385	0.00898
4	0.00979	0.00890	0.04178	0.01099	0.04374	0.04011	0.00758	0.01133	0.01263	0.01665	0.05039	0.43160	0.06175	0.15906	0.05916	0.00372	0.00594	0.01401	0.00518	0.00570
5	0.01489	0.01274	0.07936	0.01266	0.04381	0.04642	0.03486	0.07450	0.01761	0.12469	0.24417	0.11293	0.09525	0.04593	0.00846	0.00232	0.00559	0.01003	0.00604	0.00775
6	0.01690	0.06806	0.02709	0.08765	0.29164	0.10412	0.17151	0.04850	0.01578	0.02050	0.01319	0.01864	0.01118	0.00686	0.00727	0.00206	0.03646	0.04006	0.00350	0.00905
7	0.01463	0.16674	0.54661	0.01761	0.02627	0.01753	0.04948	0.05142	0.01464	0.02081	0.01157	0.01354	0.00856	0.00619	0.00596	0.00196	0.00919	0.00479	0.00298	0.00953
8	0.00799	0.00585	0.00751	0.00885	0.00946	0.00537	0.00597	0.00920	0.01291	0.01693	0.04019	0.67442	0.13095	0.02012	0.00832	0.00262	0.00376	0.01810	0.00611	0.00537
9	0.01656	0.38384	0.27379	0.01582	0.02274	0.08777	0.07697	0.02083	0.01423	0.01788	0.01053	0.01246	0.00855	0.00595	0.00539	0.00174	0.00877	0.00442	0.00290	0.00885
10	0.06494	0.09174	0.25527	0.05177	0.10608	0.01445	0.05053	0.05037	0.01501	0.07802	0.01960	0.08528	0.07239	0.00849	0.00641	0.00207	0.00748	0.00713	0.00413	0.00882
11	0.00887	0.00661	0.00834	0.00941	0.01025	0.00644	0.00647	0.01178	0.07889	0.01839	0.07497	0.62640	0.07037	0.01897	0.00818	0.00258	0.00389	0.01708	0.00623	0.00588
12	0.01278	0.03059	0.64153	0.01763	0.02631	0.01420	0.02224	0.01984	0.01431	0.02119	0.06478	0.01982	0.01389	0.00744	0.00652	0.00214	0.00904	0.04318	0.00329	0.00927
13	0.01723	0.01734	0.02468	0.12148	0.15696	0.13719	0.20214	0.05003	0.04199	0.05357	0.04340	0.05190	0.01397	0.00748	0.00737	0.00210	0.03142	0.00703	0.00403	0.00869
14	0.01690	0.04579	0.27112	0.11218	0.12078	0.07331	0.07862	0.14171	0.03515	0.02374	0.01288	0.01535	0.00963	0.00656	0.00645	0.00203	0.00901	0.00554	0.00373	0.00952
15	0.01132	0.01080	0.01105	0.01041	0.01260	0.10201	0.04207	0.01463	0.07050	0.01967	0.15318	0.20796	0.27944	0.01461	0.00760	0.00223	0.00505	0.01261	0.00585	0.00643
16	0.01226	0.01239	0.08937	0.04287	0.04868	0.03602	0.04013	0.04100	0.04674	0.04409	0.36543	0.09737	0.07356	0.01169	0.00737	0.00212	0.00530	0.01029	0.00593	0.00739
17	0.05489	0.07216	0.13761	0.05140	0.02397	0.01624	0.17184	0.13315	0.05597	0.07927	0.03520	0.03741	0.01401	0.00797	0.00754	0.00216	0.04975	0.03580	0.00458	0.00910
18	0.00964	0.00716	0.00956	0.01124	0.04139	0.00693	0.00793	0.03901	0.01421	0.01875	0.03628	0.49333	0.08814	0.01864	0.00836	0.00266	0.00461	0.17019	0.00600	0.00598
19	0.01367	0.01330	0.02089	0.57916	0.15917	0.04645	0.01826	0.01778	0.01362	0.01756	0.01166	0.01700	0.00904	0.00661	0.00697	0.00215	0.03007	0.00578	0.00300	0.00785
20	0.07172	0.08264	0.10585	0.03919	0.07429	0.15367	0.04295	0.21095	0.06720	0.05015	0.01404	0.01528	0.01059	0.00698	0.00608	0.00192	0.00821	0.00534	0.02355	0.00942
21	0.01668	0.12725	0.24583	0.05149	0.08360	0.06769	0.14602	0.09114	0.06716	0.02228	0.01315	0.01534	0.01000	0.00642	0.00634	0.00198	0.00899	0.00560	0.00364	0.00940
22	0.01025	0.00941	0.00895	0.00940	0.01080	0.10052	0.00668	0.01185	0.01477	0.01816	0.12613	0.39364	0.22124	0.01691	0.00784	0.00235	0.00464	0.01473	0.00590	0.00580
23	0.03868	0.56817	0.08392	0.01411	0.02002	0.05685	0.10098	0.02026	0.01388	0.01700	0.00993	0.01179	0.00860	0.00573	0.00490	0.00159	0.00793	0.00420	0.00294	0.00852
24	0.01587	0.05592	0.34045	0.01995	0.11323	0.05592	0.05592	0.05336	0.10023	0.05096	0.01591	0.04064	0.01272	0.00751	0.00652	0.00209	0.00843	0.03082	0.00399	0.00954
25	0.26259	0.03678	0.01860	0.11909	0.29668	0.04549	0.01392	0.01884	0.01385	0.02300	0.04613	0.01823	0.04739	0.00696	0.00580	0.00200	0.00681	0.00569	0.00378	0.00838
26	0.00911	0.00717	0.00839	0.00871	0.01058	0.00664	0.00682	0.01211	0.05069	0.01998	0.15884	0.12734	0.36746	0.01648	0.00807	0.00242	0.00405	0.16285	0.00631	0.00600
27	0.01799	0.05426	0.02165	0.05169	0.16361	0.07871	0.09129	0.15844	0.12414	0.04481	0.09217	0.02175	0.03413	0.00792	0.00670	0.00201	0.00737	0.00692	0.00504	0.00939
28	0.01530	0.02119	0.23592	0.06553	0.16719	0.04786	0.12297	0.05966	0.09346	0.02220	0.01585	0.06302	0.01316	0.00758	0.00679	0.00213	0.00853	0.01842	0.00390	0.00933
29	0.00842	0.00601	0.00798	0.00900	0.00957	0.00577	0.00612	0.00982	0.01298	0.01759	0.12182	0.55731	0.04224	0.08179	0.06758	0.00351	0.00501	0.01620	0.00589	0.00539
30	0.01363	0.00769	0.00994	0.00913	0.01146	0.00689	0.00705	0.01619	0.01733	0.18461	0.35729	0.11957	0.14835	0.01373	0.00765	0.00220	0.00395	0.04911	0.00710	0.00715
31	0.01569	0.01994	0.19770	0.08906	0.18746	0.04787	0.09699	0.06632	0.03653	0.04307	0.04549	0.01939	0.04158	0.00745	0.00766	0.00211	0.05625	0.00642	0.00386	0.00916
32	0.06980	0.18567	0.09955	0.01263	0.01699	0.05079	0.03937	0.05752	0.10943	0.05300	0.02310	0.15755	0.07827	0.01018	0.00632	0.00205	0.00640	0.00837	0.00481	0.00820
33	0.01903	0.10315	0.12528	0.01739	0.03840	0.01708	0.15012	0.23877	0.01974	0.08483	0.01474	0.01664	0.01102	0.01026	0.06795	0.00266	0.00898	0.00594	0.00467	0.04336
34	0.08201	0.07178	0.15733	0.19159	0.11053	0.10766	0.01630	0.06089	0.10002	0.02171	0.01329	0.01569	0.01020	0.00671	0.00608	0.00201	0.00830	0.00531	0.00375	0.00885
35	0.04602	0.04665	0.07327	0.01583	0.05829	0.10031	0.08984	0.11513	0.04705	0.05272	0.08981	0.02418	0.08955	0.01041	0.04036	0.00236	0.02812	0.00710	0.00480	0.05820
36	0.01395	0.01526	0.10011	0.06615	0.04009	0.07588	0.03906	0.08564	0.06983	0.02153	0.05773	0.18444	0.07547	0.03051	0.00828	0.00230	0.03418	0.02551	0.00492	0.04915
37	0.01856	0.05959	0.09858	0.01478	0.03570	0.01423	0.06709	0.18366	0.07976	0.14362	0.04916	0.13497	0.01926	0.00956	0.00678	0.00208	0.00659	0.00821	0.00571	0.04214

[dist]
# distance from previous block
# <min> <max>
1	43

[block]
# block no. 3 follows, 33 sequences, length 28
# corresponding to MSA columns:
# 219-246
name=unknown_D
#
# <colnr> <probs for GDERKNQSTAVLIFYWHMCP>
#	G	D	E	R	K	N	Q	S	T	A	V	L	I	F	Y	W	H	M	C	P
0	0.01608	0.12521	0.19402	0.04927	0.02164	0.01517	0.07375	0.06452	0.11376	0.09427	0.02245	0.04069	0.09702	0.00833	0.00642	0.00201	0.00715	0.00696	0.00469	0.03660
1	0.05271	0.16114	0.18545	0.01666	0.08136	0.07675	0.03393	0.08929	0.01674	0.15128	0.01497	0.04083	0.01153	0.00708	0.00595	0.00188	0.00774	0.00554	0.00445	0.03474
2	0.01675	0.08326	0.22490	0.03797	0.12065	0.08334	0.11045	0.04302	0.03280	0.07533	0.01650	0.02010	0.04054	0.00748	0.00696	0.00206	0.02863	0.03624	0.00390	0.00913
3	0.03011	0.04167	0.10695	0.01525	0.06671	0.03243	0.07859	0.15198	0.01823	0.06145	0.04897	0.04437	0.20979	0.01008	0.00689	0.00205	0.00659	0.02153	0.00515	0.04123
4	0.03176	0.01311	0.10316	0.01195	0.01596	0.01019	0.02859	0.06439	0.06858	0.07485	0.02396	0.23825	0.03827	0.03199	0.00757	0.00219	0.00566	0.04335	0.00527	0.18097
5	0.03339	0.09312	0.10296	0.03357	0.02064	0.08738	0.12716	0.11127	0.06537	0.02314	0.09163	0.02560	0.11199	0.01014	0.03199	0.00231	0.00788	0.00746	0.00467	0.00833
6	0.09106	0.46924	0.02696	0.01205	0.01718	0.08029	0.01096	0.10107	0.07163	0.02101	0.01151	0.01251	0.00963	0.00627	0.00484	0.00160	0.00705	0.00419	0.00376	0.03719
7	0.01427	0.01289	0.05241	0.10751	0.07445	0.01064	0.01105	0.03328	0.03224	0.05152	0.07777	0.01829	0.01494	0.00633	0.00571	0.00146	0.00578	0.00533	0.00428	0.45985
8	0.06805	0.09888	0.29591	0.01260	0.01819	0.01274	0.01382	0.01727	0.04347	0.02150	0.15036	0.03061	0.17150	0.00980	0.00650	0.00204	0.00639	0.00792	0.00454	0.00792
9	0.02053	0.07126	0.04317	0.01496	0.08109	0.01355	0.01146	0.08514	0.03617	0.28725	0.12068	0.02366	0.02043	0.03503	0.00941	0.00224	0.10166	0.00697	0.00598	0.00937
10	0.01691	0.08527	0.02510	0.22089	0.30890	0.08782	0.07114	0.04471	0.01546	0.04431	0.01235	0.01598	0.00981	0.00625	0.00637	0.00197	0.00856	0.00567	0.00344	0.00908
11	0.02079	0.01352	0.08476	0.01199	0.01683	0.01102	0.01053	0.06595	0.11387	0.33864	0.06236	0.05615	0.07310	0.00921	0.00666	0.00201	0.00561	0.00761	0.00665	0.08274
12	0.02108	0.14669	0.05097	0.11033	0.02309	0.45767	0.01350	0.05123	0.01733	0.01738	0.01177	0.01379	0.02460	0.00682	0.00583	0.00175	0.01023	0.00464	0.00341	0.00791
13	0.00826	0.00651	0.00762	0.00785	0.00947	0.00588	0.00575	0.01014	0.01475	0.01892	0.17577	0.20725	0.39357	0.01991	0.07490	0.00305	0.00470	0.01394	0.00608	0.00566
14	0.00815	0.00585	0.00791	0.00930	0.00975	0.00561	0.00630	0.00940	0.01242	0.01667	0.03458	0.69701	0.04107	0.02325	0.07534	0.00339	0.00508	0.01765	0.00588	0.00540
15	0.01601	0.01535	0.02620	0.09360	0.67663	0.01557	0.02006	0.01995	0.01485	0.02116	0.01233	0.01639	0.01030	0.00592	0.00652	0.00197	0.00789	0.00586	0.00323	0.01020
16	0.00799	0.00585	0.00752	0.00885	0.00946	0.00537	0.00597	0.00920	0.01291	0.01693	0.04016	0.67493	0.13045	0.02012	0.00832	0.00262	0.00376	0.01810	0.00611	0.00537
17	0.01578	0.01797	0.09499	0.03453	0.45023	0.01592	0.23119	0.02054	0.01506	0.02132	0.01262	0.01653	0.01010	0.00580	0.00688	0.00205	0.00900	0.00636	0.00324	0.00989
18	0.00835	0.00606	0.00784	0.00892	0.00966	0.00562	0.00619	0.00985	0.01363	0.01814	0.12623	0.55084	0.10712	0.04284	0.00909	0.00269	0.00388	0.05140	0.00619	0.00547
19	0.00961	0.00675	0.00907	0.00907	0.00982	0.00743	0.00645	0.01111	0.01036	0.01479	0.01900	0.03230	0.01930	0.31886	0.43797	0.00854	0.01266	0.00796	0.04375	0.00518
20	0.01458	0.01328	0.02063	0.49004	0.11953	0.01612	0.01735	0.09563	0.01501	0.02006	0.01186	0.01680	0.00923	0.00728	0.00850	0.00223	0.10453	0.00585	0.00338	0.00811
21	0.02459	0.01823	0.01951	0.01506	0.02025	0.02021	0.01241	0.67211	0.06516	0.04079	0.01635	0.01624	0.01164	0.00795	0.00659	0.00199	0.00714	0.00600	0.00659	0.01116
22	0.00876	0.00626	0.00849	0.01001	0.01072	0.00598	0.00739	0.01044	0.01333	0.01763	0.03588	0.56743	0.04193	0.01993	0.00860	0.00278	0.00446	0.20834	0.00610	0.00555
23	0.61214	0.17957	0.01548	0.03506	0.01478	0.01724	0.00842	0.01934	0.01175	0.02601	0.00925	0.01090	0.00748	0.00602	0.00419	0.00190	0.00565	0.00363	0.00376	0.00743
24	0.00869	0.00648	0.00807	0.00814	0.00957	0.00587	0.00593	0.01103	0.01645	0.02232	0.42293	0.21866	0.20005	0.01582	0.00792	0.00224	0.00332	0.01392	0.00674	0.00587
25	0.01303	0.00937	0.01036	0.03472	0.01284	0.03863	0.00735	0.03361	0.07852	0.11056	0.22678	0.06504	0.28030	0.03929	0.00830	0.00229	0.00448	0.01099	0.00644	0.00710
26	0.00821	0.00610	0.00765	0.00851	0.00947	0.00555	0.00591	0.00981	0.01417	0.01873	0.16629	0.49479	0.18366	0.01854	0.00816	0.00247	0.00359	0.01652	0.00632	0.00555
27	0.01655	0.67428	0.03143	0.01118	0.01624	0.02376	0.01087	0.01869	0.01302	0.01546	0.01024	0.01253	0.00948	0.01125	0.09905	0.00259	0.00840	0.00397	0.00291	0.00812

[dist]
# distance from previous block
# <min> <max>
0	2

[block]
# block no. 4 follows, 33 sequences, length 8
# corresponding to MSA columns:
# 249-256
name=unknown_E
#
# <colnr> <probs for GDERKNQSTAVLIFYWHMCP>
#	G	D	E	R	K	N	Q	S	T	A	V	L	I	F	Y	W	H	M	C	P
0	0.02246	0.02478	0.01844	0.01696	0.04603	0.45741	0.01265	0.06763	0.11685	0.06099	0.01372	0.01492	0.01083	0.00765	0.00764	0.00193	0.08119	0.00514	0.00427	0.00851
1	0.11017	0.12654	0.06315	0.11995	0.08858	0.26514	0.04029	0.03754	0.01539	0.01920	0.01060	0.01332	0.00866	0.00664	0.00659	0.00190	0.05015	0.00473	0.00332	0.00813
2	0.01608	0.02014	0.10118	0.02718	0.09332	0.07230	0.52733	0.02139	0.01558	0.02072	0.01285	0.01682	0.00976	0.00574	0.00738	0.00214	0.01074	0.00706	0.00328	0.00900
3	0.01283	0.00745	0.00962	0.00886	0.01102	0.00668	0.00671	0.01539	0.01742	0.15933	0.41658	0.14075	0.13393	0.01379	0.00763	0.00216	0.00371	0.01205	0.00713	0.00697
4	0.00853	0.00604	0.00763	0.00870	0.00916	0.00573	0.00578	0.00953	0.01215	0.01604	0.03418	0.51154	0.07757	0.20153	0.01449	0.00357	0.00454	0.05263	0.00559	0.00507
5	0.00899	0.09833	0.01013	0.00755	0.00994	0.00799	0.00590	0.01064	0.01449	0.01738	0.05573	0.15079	0.54791	0.01588	0.00744	0.00219	0.00384	0.01330	0.00572	0.00588
6	0.01753	0.04540	0.26099	0.01823	0.07199	0.18956	0.04916	0.06328	0.01625	0.06317	0.01538	0.10425	0.01349	0.00842	0.00703	0.00206	0.03435	0.00675	0.00395	0.00877
7	0.11028	0.05937	0.06228	0.23350	0.18798	0.04649	0.03478	0.08026	0.05555	0.02242	0.01346	0.04122	0.01098	0.00700	0.00619	0.00205	0.00777	0.00591	0.00380	0.00872

[dist]
# distance from previous block
# <min> <max>
0	40

[block]
# block no. 5 follows, 33 sequences, length 7
# corresponding to MSA columns:
# 297-303
name=unknown_F
#
# <colnr> <probs for GDERKNQSTAVLIFYWHMCP>
#	G	D	E	R	K	N	Q	S	T	A	V	L	I	F	Y	W	H	M	C	P
0	0.01093	0.01045	0.00978	0.00949	0.01125	0.10865	0.00705	0.01272	0.01533	0.01874	0.17351	0.15689	0.32578	0.04020	0.00938	0.00237	0.05358	0.01224	0.00567	0.00599
1	0.01753	0.57705	0.15111	0.01307	0.01918	0.09275	0.01361	0.02053	0.01397	0.01645	0.00970	0.01125	0.00843	0.00585	0.00473	0.00155	0.00796	0.00382	0.00287	0.00859
2	0.01471	0.00884	0.01079	0.00972	0.01235	0.00850	0.00743	0.01973	0.13246	0.18307	0.26354	0.11203	0.13609	0.04025	0.00834	0.00233	0.00424	0.01085	0.00697	0.00777
3	0.01014	0.00716	0.00980	0.11186	0.01491	0.00704	0.00788	0.01212	0.01411	0.06448	0.11312	0.43144	0.13792	0.01650	0.00787	0.00243	0.00447	0.01469	0.00593	0.00613
4	0.01577	0.04481	0.01495	0.01073	0.01602	0.01072	0.00879	0.07035	0.04750	0.07724	0.01553	0.01969	0.01303	0.00664	0.00553	0.00137	0.00531	0.05873	0.00468	0.55260
5	0.00799	0.00586	0.00751	0.00883	0.00946	0.00538	0.00596	0.00921	0.01293	0.01694	0.04044	0.66852	0.13668	0.02008	0.00832	0.00261	0.00375	0.01806	0.00611	0.00538
6	0.01829	0.45763	0.17455	0.01379	0.02004	0.08033	0.01423	0.11546	0.01634	0.02024	0.01070	0.01208	0.00881	0.00617	0.00510	0.00165	0.00801	0.00419	0.00338	0.00903

[dist]
# distance from previous block
# <min> <max>
0	9

[block]
# block no. 6 follows, 33 sequences, length 7
# corresponding to MSA columns:
# 313-319
name=unknown_G
#
# <colnr> <probs for GDERKNQSTAVLIFYWHMCP>
#	G	D	E	R	K	N	Q	S	T	A	V	L	I	F	Y	W	H	M	C	P
0	0.01956	0.01517	0.01578	0.01348	0.01754	0.05170	0.01066	0.16850	0.43340	0.10444	0.05949	0.02320	0.01948	0.00877	0.00668	0.00213	0.00588	0.00712	0.00669	0.01031
1	0.01853	0.01538	0.02414	0.03245	0.50915	0.01595	0.01770	0.09912	0.01678	0.09863	0.01388	0.01672	0.01098	0.00684	0.00786	0.00205	0.07346	0.00594	0.00412	0.01031
2	0.01442	0.01488	0.01306	0.01236	0.01393	0.23467	0.00924	0.01610	0.01286	0.01512	0.01533	0.02391	0.01485	0.16215	0.34432	0.00662	0.05995	0.00656	0.00353	0.00616
3	0.00836	0.00659	0.00754	0.00752	0.00930	0.00577	0.00556	0.01049	0.01605	0.02078	0.30005	0.13487	0.41180	0.01595	0.00784	0.00222	0.00331	0.01371	0.00652	0.00577
4	0.01144	0.00572	0.00858	0.00858	0.00858	0.00572	0.00572	0.00858	0.00858	0.01144	0.01144	0.02001	0.01144	0.02287	0.02573	0.80846	0.00572	0.00572	0.00286	0.00286
5	0.05255	0.34228	0.21824	0.01750	0.10175	0.02051	0.04047	0.09813	0.01568	0.02139	0.01114	0.01297	0.00895	0.00610	0.00542	0.00177	0.00793	0.00457	0.00336	0.00929
6	0.01524	0.01781	0.15979	0.36342	0.16634	0.01583	0.01893	0.12390	0.01638	0.02227	0.01248	0.01634	0.00937	0.00659	0.00651	0.00209	0.00855	0.00567	0.00352	0.00896

[dist]
# distance from previous block
# <min> <max>
0	14

# created by:
# /home/berkeley/.conda/envs/busco_data_prod/bin/msa2prfl.pl pipeline/OGs_align_augustus/4893/37497.fs
