[name]
unknown

[dist]
# distance from previous block
# <min> <max>
0	1

[block]
# block no. 0 follows, 34 sequences, length 45
# corresponding to MSA columns:
# 1-45
name=unknown_A
#
# <colnr> <probs for GDERKNQSTAVLIFYWHMCP>
#	G	D	E	R	K	N	Q	S	T	A	V	L	I	F	Y	W	H	M	C	P
0	0.01828	0.01444	0.01808	0.01444	0.01863	0.01530	0.09101	0.36369	0.09605	0.03130	0.08558	0.09094	0.04153	0.00977	0.00695	0.00208	0.00643	0.03481	0.00601	0.03466
1	0.11934	0.25041	0.16564	0.01298	0.01874	0.04740	0.01291	0.12391	0.05195	0.05437	0.01297	0.03300	0.01040	0.00670	0.00531	0.00176	0.00706	0.00485	0.00406	0.05625
2	0.00940	0.00626	0.00705	0.00705	0.00705	0.00626	0.00392	0.00940	0.00940	0.01253	0.02036	0.04228	0.02349	0.77292	0.03289	0.00626	0.00626	0.00940	0.00392	0.00392
3	0.02083	0.08068	0.02150	0.04218	0.02126	0.21434	0.10356	0.28588	0.02166	0.02689	0.04417	0.01627	0.01229	0.00715	0.00620	0.00184	0.00846	0.00568	0.05023	0.00890
4	0.00787	0.00562	0.00750	0.00900	0.00937	0.00525	0.00600	0.00900	0.01237	0.01649	0.03561	0.76871	0.04274	0.02024	0.00825	0.00262	0.00375	0.01837	0.00600	0.00525
5	0.02204	0.01514	0.01733	0.07100	0.02040	0.01632	0.01156	0.36558	0.16223	0.15527	0.01882	0.01834	0.01331	0.00772	0.00639	0.00196	0.00642	0.00611	0.00632	0.05775
6	0.03305	0.14406	0.41627	0.01856	0.05758	0.01632	0.11325	0.02131	0.01424	0.08828	0.01268	0.01448	0.00923	0.00611	0.00603	0.00195	0.00875	0.00514	0.00336	0.00935
7	0.01135	0.00973	0.01610	0.01391	0.01584	0.01088	0.12596	0.03728	0.01187	0.01681	0.01658	0.07950	0.01579	0.03187	0.41519	0.05263	0.10105	0.00766	0.00362	0.00639
8	0.00813	0.00599	0.00765	0.00885	0.00954	0.00561	0.00602	0.00987	0.03375	0.01718	0.05911	0.65445	0.11132	0.01930	0.00812	0.00255	0.00372	0.01737	0.00605	0.00544
9	0.01917	0.01431	0.01585	0.01404	0.03879	0.01593	0.01079	0.15314	0.49052	0.11744	0.02387	0.02208	0.01743	0.00840	0.00654	0.00211	0.00559	0.00690	0.00663	0.01046
10	0.01548	0.01579	0.07676	0.34047	0.23814	0.03480	0.01771	0.11036	0.04813	0.02180	0.01285	0.01653	0.00986	0.00651	0.00641	0.00204	0.00814	0.00571	0.00361	0.00890
11	0.00928	0.00621	0.00708	0.00720	0.00723	0.00618	0.00408	0.00936	0.00963	0.01284	0.02156	0.09949	0.02501	0.71365	0.03095	0.00598	0.00607	0.01010	0.00408	0.00402
12	0.01513	0.01720	0.03739	0.05587	0.03419	0.01626	0.68204	0.02053	0.01516	0.02053	0.01301	0.01742	0.00976	0.00549	0.00758	0.00218	0.01080	0.00755	0.00325	0.00865
13	0.01801	0.01600	0.01555	0.01366	0.01725	0.10384	0.01070	0.09658	0.48565	0.05398	0.02354	0.02234	0.03805	0.00874	0.00724	0.00213	0.04415	0.00686	0.00602	0.00970
14	0.06530	0.01489	0.01637	0.03057	0.07289	0.04084	0.01118	0.24206	0.24093	0.10740	0.02123	0.02070	0.04224	0.00811	0.00631	0.00202	0.00613	0.00648	0.03449	0.00987
15	0.01734	0.66877	0.09187	0.01201	0.01774	0.06908	0.01221	0.01984	0.01349	0.01568	0.00926	0.01072	0.00828	0.00565	0.00442	0.00145	0.00742	0.00361	0.00280	0.00835
16	0.01554	0.01489	0.02541	0.12504	0.65076	0.01523	0.01961	0.01943	0.01450	0.02056	0.01207	0.01614	0.01004	0.00584	0.00640	0.00195	0.00779	0.00576	0.00316	0.00987
17	0.01708	0.12203	0.11573	0.26963	0.05763	0.03228	0.04827	0.16608	0.03303	0.05858	0.01311	0.01569	0.00975	0.00662	0.00614	0.00196	0.00808	0.00545	0.00398	0.00890
18	0.02244	0.03325	0.03974	0.01422	0.01902	0.04032	0.01186	0.50172	0.09990	0.07775	0.01801	0.06089	0.01385	0.00848	0.00650	0.00199	0.00681	0.00662	0.00625	0.01036
19	0.00972	0.00706	0.00896	0.00874	0.00906	0.00781	0.00586	0.01047	0.00971	0.01345	0.01859	0.03540	0.02029	0.51219	0.23108	0.00715	0.06766	0.00842	0.00370	0.00468
20	0.04551	0.01280	0.06256	0.01171	0.05165	0.00977	0.00933	0.03223	0.03515	0.02231	0.08305	0.03585	0.01561	0.00637	0.00538	0.00133	0.00513	0.00525	0.00424	0.54477
21	0.01909	0.01586	0.15254	0.05329	0.02040	0.01142	0.03644	0.04310	0.01569	0.27536	0.01766	0.01794	0.02646	0.00688	0.00658	0.00177	0.03563	0.00552	0.00512	0.23326
22	0.00872	0.00631	0.00823	0.00834	0.00954	0.00582	0.00603	0.01114	0.01640	0.02282	0.50025	0.26602	0.07534	0.01542	0.00781	0.00222	0.00327	0.01376	0.00674	0.00582
23	0.01501	0.23378	0.41723	0.01647	0.02421	0.03922	0.07411	0.02035	0.01386	0.03363	0.01123	0.01315	0.00858	0.00590	0.00564	0.00181	0.00867	0.00461	0.00296	0.04957
24	0.04869	0.18735	0.02124	0.08720	0.02109	0.37550	0.01227	0.07275	0.05269	0.04743	0.01172	0.01320	0.00937	0.00661	0.00557	0.00172	0.00920	0.00451	0.00376	0.00814
25	0.01785	0.01188	0.01423	0.01042	0.01595	0.00970	0.00844	0.07357	0.01589	0.18750	0.01502	0.01554	0.01116	0.00576	0.00531	0.00127	0.00513	0.00460	0.00499	0.56578
26	0.14075	0.01601	0.01593	0.01290	0.01729	0.06387	0.01045	0.37463	0.09301	0.09208	0.05984	0.01944	0.03923	0.00816	0.00618	0.00197	0.00639	0.00618	0.00605	0.00961
27	0.05905	0.10244	0.02293	0.20855	0.07634	0.09992	0.10850	0.13175	0.01708	0.05827	0.03115	0.01612	0.01085	0.00673	0.00649	0.00196	0.02371	0.00565	0.00399	0.00853
28	0.01388	0.08022	0.47300	0.01943	0.10294	0.01533	0.04178	0.04854	0.04269	0.02096	0.01412	0.07262	0.01172	0.00729	0.00627	0.00204	0.00847	0.00607	0.00336	0.00926
29	0.00785	0.00573	0.00739	0.00872	0.00930	0.00527	0.00588	0.00903	0.01264	0.01660	0.03898	0.68910	0.12017	0.01981	0.00818	0.00257	0.00370	0.01784	0.00600	0.00527
30	0.02326	0.02939	0.01784	0.01628	0.01948	0.70346	0.01222	0.02496	0.01784	0.01577	0.01042	0.01246	0.00878	0.00912	0.04950	0.00218	0.01199	0.00432	0.00334	0.00739
31	0.01596	0.01373	0.01645	0.06879	0.03262	0.07001	0.06725	0.11962	0.17645	0.06036	0.09298	0.05324	0.10142	0.01102	0.03101	0.00239	0.04472	0.00814	0.00545	0.00839
32	0.00987	0.00703	0.00823	0.00777	0.00972	0.00634	0.00580	0.01260	0.03783	0.06138	0.35812	0.05134	0.32573	0.05881	0.00902	0.00235	0.00353	0.01192	0.00651	0.00611
33	0.01090	0.00938	0.00966	0.00910	0.01185	0.00956	0.00697	0.01896	0.28784	0.02116	0.05031	0.04746	0.45531	0.01343	0.00723	0.00219	0.00398	0.01119	0.00622	0.00730
34	0.01727	0.77681	0.03386	0.01106	0.01658	0.02557	0.01106	0.01935	0.01313	0.01520	0.00898	0.01036	0.00829	0.00553	0.00415	0.00138	0.00691	0.00345	0.00276	0.00829
35	0.01291	0.01187	0.02038	0.34380	0.06125	0.01300	0.14635	0.03904	0.05040	0.02023	0.14530	0.02338	0.01937	0.00858	0.00801	0.04982	0.00758	0.00727	0.00404	0.00742
36	0.00787	0.00562	0.00750	0.00900	0.00937	0.00525	0.00600	0.00900	0.01237	0.01649	0.03561	0.76871	0.04274	0.02024	0.00825	0.00262	0.00375	0.01837	0.00600	0.00525
37	0.02638	0.01112	0.01450	0.01135	0.01606	0.01001	0.00930	0.05803	0.06086	0.61009	0.02821	0.02496	0.07117	0.00868	0.00659	0.00202	0.00537	0.00707	0.00769	0.01052
38	0.00966	0.00746	0.00894	0.00865	0.01043	0.00723	0.00644	0.01428	0.11257	0.02336	0.42765	0.14231	0.16831	0.01408	0.00756	0.00216	0.00346	0.01231	0.00670	0.00644
39	0.02475	0.02009	0.01892	0.01500	0.01981	0.15802	0.01215	0.53961	0.02736	0.07777	0.01506	0.01517	0.01078	0.00756	0.00634	0.00189	0.00788	0.00554	0.00596	0.01032
40	0.01729	0.01324	0.01511	0.01111	0.01666	0.01175	0.00901	0.20489	0.01827	0.06655	0.01336	0.01445	0.01031	0.00577	0.00533	0.00128	0.00545	0.00452	0.00477	0.55087
41	0.01386	0.03224	0.68382	0.01814	0.02735	0.01539	0.02298	0.07382	0.01493	0.02203	0.01190	0.01379	0.00840	0.00626	0.00616	0.00204	0.00936	0.00486	0.00302	0.00966
42	0.01352	0.07325	0.11353	0.02039	0.02555	0.01480	0.37772	0.01791	0.01371	0.01883	0.01526	0.09503	0.01368	0.01301	0.10537	0.00326	0.04588	0.00790	0.00345	0.00796
43	0.00844	0.01002	0.10331	0.00838	0.01136	0.00673	0.00755	0.01088	0.01459	0.01822	0.09081	0.10964	0.54675	0.01515	0.00749	0.00219	0.00412	0.01273	0.00563	0.00601
44	0.01659	0.48142	0.06929	0.01192	0.01664	0.13958	0.01120	0.01885	0.01400	0.01586	0.01554	0.05374	0.06904	0.00889	0.03135	0.00191	0.00776	0.00535	0.00331	0.00776

[dist]
# distance from previous block
# <min> <max>
0	2

[block]
# block no. 1 follows, 34 sequences, length 45
# corresponding to MSA columns:
# 48-92
name=unknown_B
#
# <colnr> <probs for GDERKNQSTAVLIFYWHMCP>
#	G	D	E	R	K	N	Q	S	T	A	V	L	I	F	Y	W	H	M	C	P
0	0.03073	0.17136	0.19151	0.01392	0.02024	0.01530	0.07495	0.08458	0.01516	0.02164	0.02959	0.01499	0.01074	0.02622	0.00619	0.00169	0.00710	0.00484	0.00364	0.25559
1	0.01451	0.30090	0.48557	0.01577	0.02387	0.01881	0.01926	0.02006	0.01346	0.01857	0.01066	0.01246	0.00822	0.00592	0.00542	0.00181	0.00860	0.00430	0.00274	0.00910
2	0.01458	0.01195	0.01279	0.01167	0.01486	0.01324	0.00900	0.05426	0.48837	0.04504	0.03323	0.10223	0.13901	0.01107	0.00691	0.00222	0.00477	0.00934	0.00646	0.00901
3	0.00848	0.00582	0.00739	0.00836	0.00860	0.00558	0.00533	0.00910	0.01128	0.01505	0.02989	0.51151	0.03548	0.25768	0.01666	0.03416	0.00461	0.01506	0.00522	0.00474
4	0.01383	0.18330	0.59719	0.01693	0.02567	0.01714	0.02129	0.02024	0.01354	0.01940	0.01107	0.01298	0.00821	0.00602	0.00574	0.00191	0.00902	0.00451	0.00274	0.00930
5	0.08223	0.01382	0.01491	0.01249	0.01644	0.01510	0.00996	0.28477	0.22254	0.09821	0.05132	0.08931	0.04134	0.00956	0.00655	0.00210	0.00563	0.00775	0.00642	0.00956
6	0.00795	0.00565	0.00748	0.00890	0.00926	0.00530	0.00589	0.00902	0.01222	0.01630	0.03485	0.73263	0.04178	0.05762	0.00947	0.00280	0.00387	0.01792	0.00589	0.00518
7	0.01057	0.00750	0.00847	0.00820	0.01051	0.00680	0.00631	0.01373	0.06787	0.08454	0.12158	0.10438	0.44736	0.01510	0.00759	0.00224	0.00381	0.06072	0.00633	0.00640
8	0.01711	0.74908	0.06018	0.01133	0.01701	0.02517	0.01153	0.01939	0.01315	0.01540	0.00908	0.01049	0.00829	0.00555	0.00422	0.00141	0.00701	0.00350	0.00276	0.00834
9	0.00787	0.00562	0.00750	0.00900	0.00937	0.00525	0.00600	0.00900	0.01237	0.01649	0.03561	0.76871	0.04274	0.02024	0.00825	0.00262	0.00375	0.01837	0.00600	0.00525
10	0.01757	0.00917	0.01047	0.00897	0.01188	0.00914	0.00710	0.10371	0.05960	0.19496	0.07737	0.02446	0.01943	0.00819	0.00559	0.00176	0.00422	0.00663	0.41172	0.00805
11	0.01385	0.01411	0.02248	0.01838	0.01972	0.01792	0.15296	0.01605	0.01117	0.01666	0.01160	0.07580	0.01152	0.01085	0.01743	0.00268	0.54931	0.00708	0.00317	0.00725
12	0.51156	0.07255	0.01381	0.01054	0.01470	0.07682	0.00870	0.13027	0.04146	0.02856	0.03222	0.01301	0.00992	0.00662	0.00476	0.00192	0.00598	0.00431	0.00443	0.00787
13	0.00937	0.00639	0.00768	0.00768	0.00789	0.00661	0.00470	0.00980	0.00958	0.01299	0.01978	0.03910	0.02211	0.63628	0.16764	0.00704	0.00835	0.00893	0.00383	0.00426
14	0.01527	0.01234	0.01632	0.07999	0.01944	0.01144	0.07069	0.14013	0.01681	0.05060	0.05016	0.04793	0.03712	0.03809	0.00705	0.00176	0.00600	0.00626	0.00463	0.36799
15	0.01494	0.01437	0.02057	0.01715	0.01827	0.01885	0.06814	0.07642	0.03330	0.01844	0.01042	0.01537	0.00952	0.01231	0.05449	0.00306	0.57755	0.00594	0.00332	0.00757
16	0.00787	0.00562	0.00750	0.00900	0.00937	0.00525	0.00600	0.00900	0.01237	0.01649	0.03561	0.76871	0.04274	0.02024	0.00825	0.00262	0.00375	0.01837	0.00600	0.00525
17	0.06033	0.01454	0.01657	0.01342	0.03180	0.08604	0.07502	0.11929	0.06241	0.04276	0.05025	0.07405	0.01541	0.00749	0.00595	0.00165	0.00633	0.00632	0.00472	0.30567
18	0.01447	0.06056	0.03485	0.01258	0.04248	0.01178	0.03615	0.05387	0.12849	0.06184	0.08480	0.02421	0.04259	0.01256	0.09114	0.00270	0.00686	0.03123	0.00490	0.24195
19	0.01778	0.01919	0.02589	0.03276	0.47952	0.18488	0.10502	0.02132	0.01561	0.01983	0.01177	0.01517	0.00974	0.00593	0.00642	0.00189	0.00900	0.00562	0.00324	0.00941
20	0.00899	0.00703	0.00989	0.01019	0.01086	0.00722	0.03213	0.01045	0.01272	0.01738	0.11140	0.53617	0.03905	0.06915	0.01107	0.00281	0.07699	0.01537	0.00558	0.00556
21	0.01540	0.01700	0.03566	0.02981	0.17856	0.01614	0.56633	0.02052	0.01514	0.02078	0.01288	0.01713	0.00989	0.00551	0.00737	0.00212	0.01023	0.00724	0.00325	0.00903
22	0.01609	0.01432	0.01855	0.01608	0.05431	0.03791	0.12831	0.13172	0.30547	0.02584	0.02567	0.05678	0.09436	0.00911	0.00682	0.00211	0.00640	0.00807	0.03294	0.00913
23	0.01525	0.01743	0.03813	0.02723	0.03377	0.01634	0.70915	0.02070	0.01525	0.02070	0.01307	0.01743	0.00980	0.00545	0.00763	0.00218	0.01089	0.00763	0.00327	0.00871
24	0.00787	0.00562	0.00750	0.00900	0.00937	0.00525	0.00600	0.00900	0.01237	0.01649	0.03561	0.76871	0.04274	0.02024	0.00825	0.00262	0.00375	0.01837	0.00600	0.00525
25	0.01816	0.01381	0.01475	0.01236	0.01615	0.01531	0.00986	0.30253	0.27742	0.03174	0.07513	0.02397	0.04763	0.00885	0.00641	0.00200	0.00544	0.00713	0.10182	0.00953
26	0.00994	0.07525	0.01247	0.01044	0.01199	0.00963	0.00834	0.01223	0.01063	0.01502	0.01657	0.02405	0.01546	0.04465	0.68137	0.00959	0.01638	0.00662	0.00340	0.00599
27	0.00787	0.00562	0.00750	0.00900	0.00937	0.00525	0.00600	0.00900	0.01237	0.01649	0.03561	0.76871	0.04274	0.02024	0.00825	0.00262	0.00375	0.01837	0.00600	0.00525
28	0.00872	0.00659	0.00805	0.00768	0.00939	0.00592	0.00576	0.01137	0.01729	0.02353	0.54264	0.05218	0.24901	0.01410	0.00763	0.00207	0.00311	0.01223	0.00680	0.00592
29	0.09383	0.01508	0.01659	0.01313	0.01777	0.01619	0.01081	0.43271	0.05095	0.16827	0.05697	0.02055	0.01562	0.00836	0.00641	0.00201	0.00628	0.03177	0.00655	0.01015
30	0.02390	0.01777	0.01902	0.01473	0.01978	0.01973	0.01212	0.65793	0.08461	0.03965	0.01636	0.01619	0.01167	0.00784	0.00647	0.00196	0.00695	0.00593	0.00647	0.01093
31	0.02189	0.01563	0.01668	0.01309	0.01745	0.01717	0.01066	0.56784	0.02677	0.03688	0.01663	0.01794	0.01239	0.03558	0.00710	0.00202	0.00639	0.00598	0.14203	0.00989
32	0.00942	0.00623	0.00816	0.00910	0.00997	0.00588	0.00653	0.01107	0.01342	0.04471	0.09633	0.48890	0.05319	0.05927	0.00936	0.00273	0.00414	0.10765	0.04834	0.00561
33	0.18439	0.01836	0.01764	0.03889	0.10429	0.15364	0.01213	0.28581	0.04644	0.05891	0.01344	0.01446	0.01004	0.00696	0.00584	0.00192	0.00750	0.00511	0.00494	0.00929
34	0.02280	0.02576	0.01757	0.01562	0.01880	0.54857	0.01196	0.05062	0.01783	0.08083	0.01436	0.01560	0.04714	0.00775	0.00741	0.00184	0.07871	0.00507	0.00396	0.00779
35	0.00816	0.00585	0.00758	0.00868	0.00938	0.00550	0.00596	0.00958	0.01287	0.01735	0.07794	0.59188	0.10451	0.02053	0.04858	0.00293	0.00438	0.01644	0.03652	0.00538
36	0.02318	0.01277	0.01514	0.01211	0.01638	0.01292	0.00981	0.26895	0.06133	0.32085	0.05743	0.07592	0.01865	0.00908	0.00656	0.00201	0.00565	0.00740	0.05383	0.01000
37	0.01670	0.01648	0.02209	0.05707	0.11727	0.12026	0.16180	0.06546	0.09637	0.04805	0.01864	0.05105	0.06360	0.00849	0.00870	0.00215	0.10589	0.00721	0.00426	0.00848
38	0.07366	0.32222	0.17390	0.01348	0.01890	0.05828	0.05102	0.04756	0.03153	0.01945	0.03511	0.10023	0.01418	0.00784	0.00556	0.00183	0.00729	0.00615	0.00365	0.00818
39	0.00776	0.00655	0.00671	0.00667	0.00880	0.00551	0.00500	0.00951	0.01501	0.01813	0.11836	0.06107	0.67667	0.01611	0.00764	0.00217	0.00325	0.01348	0.00609	0.00551
40	0.09401	0.06262	0.08842	0.01973	0.12298	0.21280	0.10220	0.08983	0.01687	0.06756	0.02529	0.01482	0.01037	0.00671	0.00666	0.00192	0.03925	0.00530	0.00393	0.00875
41	0.06860	0.06366	0.01727	0.01293	0.01751	0.03530	0.01060	0.26879	0.19220	0.19700	0.03693	0.01919	0.01502	0.00792	0.00622	0.00198	0.00613	0.00615	0.00640	0.01019
42	0.02138	0.02303	0.01912	0.01608	0.01993	0.38199	0.07005	0.19871	0.04603	0.02308	0.01634	0.01758	0.06112	0.00878	0.02519	0.00208	0.03093	0.00577	0.00442	0.00839
43	0.00805	0.00587	0.00758	0.00869	0.00931	0.00556	0.00589	0.00925	0.01229	0.01623	0.03665	0.58167	0.11902	0.07189	0.06650	0.00341	0.00490	0.01635	0.00567	0.00522
44	0.04869	0.01769	0.04605	0.01525	0.01934	0.12772	0.09131	0.27720	0.06174	0.02794	0.08136	0.09180	0.01825	0.00910	0.00723	0.00205	0.03575	0.00748	0.00527	0.00879

[dist]
# distance from previous block
# <min> <max>
0	18

[block]
# block no. 2 follows, 34 sequences, length 33
# corresponding to MSA columns:
# 111-143
name=unknown_C
#
# <colnr> <probs for GDERKNQSTAVLIFYWHMCP>
#	G	D	E	R	K	N	Q	S	T	A	V	L	I	F	Y	W	H	M	C	P
0	0.06190	0.22488	0.24120	0.01389	0.02000	0.03396	0.01450	0.12816	0.06554	0.06692	0.03536	0.04022	0.01258	0.00720	0.00569	0.00187	0.00731	0.00544	0.00423	0.00914
1	0.01018	0.00767	0.00943	0.00996	0.01117	0.00791	0.00712	0.04392	0.12386	0.01944	0.06192	0.48392	0.03594	0.05612	0.04943	0.00312	0.00503	0.04164	0.00591	0.00630
2	0.00922	0.00682	0.00903	0.00901	0.01058	0.00612	0.03812	0.01095	0.01411	0.04941	0.11498	0.38017	0.26948	0.03052	0.00832	0.00243	0.00397	0.01494	0.00604	0.00579
3	0.03061	0.01233	0.01714	0.01260	0.01802	0.01028	0.11733	0.04922	0.01459	0.05511	0.01412	0.06443	0.01211	0.00622	0.00560	0.00137	0.00581	0.00559	0.00420	0.54330
4	0.01607	0.01705	0.07296	0.05289	0.02673	0.03279	0.35360	0.13610	0.06013	0.02321	0.01522	0.04870	0.01256	0.05630	0.00945	0.00243	0.04368	0.00741	0.00409	0.00862
5	0.01098	0.00577	0.00866	0.00866	0.00880	0.00591	0.00591	0.00880	0.00866	0.01168	0.01196	0.02034	0.01182	0.02561	0.11305	0.71454	0.00703	0.00577	0.00289	0.00317
6	0.01543	0.01496	0.02605	0.13702	0.59363	0.01528	0.06383	0.01943	0.01450	0.02045	0.01212	0.01625	0.00999	0.00583	0.00648	0.00197	0.00801	0.00587	0.00316	0.00972
7	0.01270	0.01102	0.01622	0.27076	0.04307	0.01195	0.06713	0.10926	0.03184	0.02103	0.04415	0.10312	0.18004	0.01083	0.00713	0.00221	0.00656	0.03896	0.00473	0.00730
8	0.01520	0.01632	0.02053	0.01719	0.01899	0.14754	0.11983	0.01743	0.01275	0.01685	0.04440	0.04309	0.01298	0.01344	0.08321	0.00318	0.38002	0.00653	0.00335	0.00717
9	0.00802	0.00573	0.00766	0.00916	0.00960	0.00537	0.00625	0.00924	0.01251	0.01665	0.03553	0.72946	0.04242	0.02011	0.00829	0.00264	0.00387	0.05620	0.00600	0.00529
10	0.01334	0.03077	0.62334	0.01988	0.02893	0.01523	0.13732	0.02050	0.01391	0.02050	0.01184	0.01427	0.00845	0.00602	0.00638	0.00207	0.00977	0.00525	0.00282	0.00941
11	0.01424	0.02399	0.41701	0.05004	0.12188	0.01367	0.07989	0.01989	0.01425	0.07630	0.01684	0.06355	0.04457	0.00752	0.00654	0.00208	0.00841	0.00657	0.00361	0.00914
12	0.00922	0.00672	0.00967	0.00974	0.01074	0.00754	0.00733	0.01097	0.01046	0.01475	0.02016	0.06093	0.04826	0.11454	0.57878	0.04873	0.01447	0.00789	0.00369	0.00541
13	0.70623	0.01262	0.01014	0.00899	0.01294	0.01456	0.00736	0.05010	0.05751	0.02922	0.01078	0.01203	0.00830	0.00630	0.00429	0.00199	0.00503	0.00393	0.03032	0.00735
14	0.00924	0.00690	0.01027	0.01027	0.01139	0.00802	0.00794	0.01147	0.01035	0.01492	0.01741	0.02595	0.01640	0.07256	0.72355	0.01025	0.01694	0.00701	0.00348	0.00571
15	0.00786	0.00566	0.00746	0.00889	0.00934	0.00526	0.00595	0.00901	0.01247	0.01654	0.03692	0.73781	0.07278	0.02007	0.00822	0.00260	0.00373	0.01816	0.00600	0.00526
16	0.01051	0.00843	0.01077	0.00991	0.01229	0.00807	0.04975	0.03166	0.09611	0.03563	0.19828	0.11487	0.30125	0.01423	0.00763	0.00225	0.00432	0.07125	0.00619	0.00661
17	0.01366	0.01354	0.01985	0.01685	0.01737	0.01829	0.05513	0.01542	0.01027	0.01580	0.00973	0.01558	0.00941	0.01506	0.10057	0.00362	0.63400	0.00591	0.00292	0.00702
18	0.01048	0.00744	0.00942	0.00872	0.01056	0.00715	0.00660	0.01494	0.08408	0.05077	0.63891	0.04509	0.05554	0.01261	0.00748	0.00205	0.00333	0.01109	0.00709	0.00665
19	0.00795	0.00596	0.00741	0.00846	0.00938	0.00542	0.00590	0.00935	0.01327	0.01716	0.06554	0.53619	0.21959	0.01892	0.00810	0.00251	0.00369	0.04384	0.00603	0.00536
20	0.00803	0.00573	0.00768	0.00917	0.00962	0.00538	0.00627	0.00927	0.01252	0.01667	0.03553	0.72611	0.04240	0.02010	0.00829	0.00265	0.00388	0.05943	0.00599	0.00529
21	0.01314	0.01047	0.01163	0.01065	0.01312	0.01154	0.00806	0.07607	0.30334	0.02265	0.06253	0.03247	0.11099	0.13548	0.12589	0.00406	0.00696	0.00844	0.02483	0.00770
22	0.00931	0.00629	0.00737	0.00744	0.00756	0.00638	0.00438	0.00957	0.00962	0.01293	0.02078	0.07405	0.02371	0.67341	0.09588	0.00647	0.00714	0.00959	0.00397	0.00414
23	0.00828	0.00637	0.00884	0.00957	0.01054	0.00587	0.03678	0.00977	0.01298	0.01696	0.03906	0.59511	0.14465	0.01889	0.00816	0.00256	0.00410	0.05019	0.00588	0.00547
24	0.06632	0.01770	0.09611	0.02453	0.07429	0.01590	0.47694	0.01973	0.01420	0.02061	0.01249	0.01668	0.00970	0.00795	0.04204	0.00256	0.06369	0.00681	0.00324	0.00852
25	0.01533	0.30637	0.28916	0.01638	0.03992	0.06552	0.09362	0.01979	0.01413	0.01831	0.03380	0.01537	0.03326	0.00640	0.00564	0.00179	0.00841	0.00508	0.00309	0.00864
26	0.01702	0.47858	0.15711	0.01277	0.01876	0.02168	0.01323	0.11481	0.03844	0.02015	0.01350	0.01448	0.04208	0.00655	0.00506	0.00164	0.00719	0.00461	0.00354	0.00882
27	0.00832	0.00638	0.00765	0.00790	0.00940	0.00571	0.00582	0.01036	0.01535	0.02012	0.27713	0.22771	0.31119	0.01632	0.00784	0.00227	0.00344	0.04508	0.00637	0.00564
28	0.01777	0.01348	0.01704	0.01455	0.01627	0.04906	0.01183	0.08472	0.01433	0.16541	0.01638	0.11821	0.01490	0.01129	0.01433	0.00249	0.39775	0.00750	0.00468	0.00802
29	0.01802	0.03985	0.01787	0.10999	0.14717	0.11347	0.01260	0.13120	0.08944	0.09743	0.02381	0.02435	0.12992	0.00856	0.00650	0.00198	0.00701	0.00701	0.00499	0.00883
30	0.02031	0.01089	0.01387	0.04460	0.04651	0.01042	0.00943	0.10903	0.05011	0.34082	0.10272	0.03147	0.16138	0.01003	0.00683	0.00204	0.00522	0.00833	0.00683	0.00916
31	0.02407	0.01336	0.01587	0.01250	0.01723	0.01334	0.01028	0.26789	0.06975	0.34702	0.02344	0.02338	0.04558	0.00859	0.00656	0.00199	0.00593	0.03632	0.00698	0.04991
32	0.01877	0.01488	0.01758	0.01431	0.01807	0.04889	0.07088	0.35214	0.05471	0.05439	0.04431	0.15599	0.04744	0.01053	0.00768	0.00214	0.04370	0.00877	0.00584	0.00898

[dist]
# distance from previous block
# <min> <max>
2	24

[block]
# block no. 3 follows, 34 sequences, length 28
# corresponding to MSA columns:
# 172-199
name=unknown_D
#
# <colnr> <probs for GDERKNQSTAVLIFYWHMCP>
#	G	D	E	R	K	N	Q	S	T	A	V	L	I	F	Y	W	H	M	C	P
0	0.04062	0.11996	0.09059	0.01675	0.04246	0.05977	0.11556	0.24512	0.11261	0.07050	0.01535	0.01612	0.01136	0.00695	0.00621	0.00193	0.00773	0.00575	0.00492	0.00973
1	0.13840	0.01823	0.08702	0.01811	0.09832	0.07737	0.10147	0.16478	0.13759	0.05043	0.01508	0.01617	0.01128	0.00683	0.00612	0.00198	0.00749	0.00567	0.00471	0.03296
2	0.04211	0.04184	0.10911	0.03180	0.02275	0.07740	0.18567	0.11735	0.01736	0.13077	0.04516	0.01817	0.01299	0.03064	0.00758	0.00207	0.02453	0.00616	0.00458	0.07197
3	0.02005	0.02028	0.06364	0.01789	0.12177	0.25528	0.01290	0.09437	0.10910	0.10013	0.08223	0.01901	0.01614	0.00758	0.00630	0.00187	0.00796	0.00595	0.00488	0.03265
4	0.01462	0.00943	0.01262	0.01330	0.10373	0.00906	0.00890	0.01929	0.10196	0.16609	0.32523	0.06385	0.10267	0.01124	0.00714	0.00207	0.00442	0.00980	0.00658	0.00801
5	0.01482	0.07012	0.51022	0.01878	0.02685	0.09711	0.10821	0.02146	0.03652	0.01990	0.01193	0.01405	0.00877	0.00616	0.00620	0.00199	0.00967	0.00508	0.00299	0.00917
6	0.01167	0.01172	0.10500	0.01522	0.10695	0.00919	0.03257	0.01540	0.05808	0.05960	0.05445	0.40409	0.03062	0.01433	0.00752	0.00238	0.00547	0.04315	0.00533	0.00725
7	0.00984	0.00704	0.00785	0.00782	0.00841	0.00715	0.00484	0.01200	0.08548	0.01479	0.02580	0.10437	0.07965	0.56843	0.02602	0.00520	0.00569	0.01028	0.00454	0.00482
8	0.01556	0.01491	0.02545	0.12154	0.65411	0.01524	0.01961	0.01945	0.01451	0.02058	0.01208	0.01613	0.01005	0.00584	0.00640	0.00195	0.00778	0.00576	0.00316	0.00989
9	0.01487	0.01422	0.01932	0.35111	0.19630	0.08658	0.01575	0.08239	0.01555	0.01983	0.01626	0.08051	0.04397	0.00802	0.00658	0.00207	0.00791	0.00699	0.00373	0.00805
10	0.01724	0.06379	0.01521	0.01169	0.01518	0.03000	0.00947	0.28318	0.11859	0.02879	0.07252	0.02316	0.04672	0.01363	0.10038	0.00296	0.00714	0.00676	0.12497	0.00864
11	0.01503	0.00881	0.00931	0.00825	0.01069	0.00914	0.00645	0.14204	0.04872	0.05866	0.04123	0.02423	0.03780	0.00806	0.00522	0.00167	0.00396	0.00644	0.54697	0.00731
12	0.10647	0.04063	0.01681	0.01393	0.01788	0.31775	0.01096	0.21758	0.04949	0.05846	0.03483	0.01758	0.05477	0.00778	0.00599	0.00185	0.00826	0.00555	0.00488	0.00856
13	0.01431	0.01593	0.03423	0.02491	0.03067	0.01493	0.61972	0.01921	0.01488	0.02016	0.01594	0.11298	0.01399	0.00733	0.00770	0.00224	0.00998	0.00899	0.00362	0.00827
14	0.00802	0.00637	0.00723	0.00762	0.00923	0.00558	0.00560	0.00977	0.01459	0.01836	0.13939	0.23689	0.44130	0.01701	0.00785	0.00231	0.00349	0.04773	0.00614	0.00551
15	0.01293	0.03127	0.67120	0.01776	0.02663	0.01468	0.02243	0.02077	0.05220	0.02067	0.01334	0.04381	0.01017	0.00683	0.00625	0.00208	0.00908	0.00545	0.00307	0.00942
16	0.11038	0.01785	0.01729	0.01410	0.01826	0.17096	0.07566	0.27097	0.04677	0.02775	0.02119	0.02168	0.11447	0.00838	0.00626	0.00194	0.00742	0.00657	0.03353	0.00857
17	0.00841	0.00627	0.00763	0.00846	0.00942	0.00584	0.00592	0.01011	0.02822	0.01710	0.06924	0.41983	0.20497	0.10391	0.01088	0.00292	0.00408	0.06563	0.00582	0.00534
18	0.06174	0.00645	0.00751	0.00811	0.00925	0.00630	0.00570	0.01244	0.01292	0.04961	0.04492	0.42863	0.03141	0.04017	0.00762	0.00234	0.00375	0.01283	0.24249	0.00580
19	0.01444	0.15277	0.48505	0.01597	0.02397	0.06259	0.01898	0.02009	0.01382	0.01938	0.01105	0.01294	0.00839	0.00590	0.00562	0.00177	0.00864	0.00440	0.00291	0.11132
20	0.07372	0.01372	0.01467	0.01202	0.01612	0.04065	0.00964	0.26312	0.10234	0.17681	0.04430	0.06909	0.05316	0.00906	0.00636	0.00198	0.00577	0.00724	0.04239	0.03783
21	0.00910	0.00754	0.00810	0.00786	0.01010	0.00702	0.00600	0.01320	0.10748	0.02026	0.17694	0.05510	0.49588	0.01486	0.00754	0.00218	0.00356	0.03480	0.00627	0.00621
22	0.01032	0.00741	0.00856	0.00848	0.01042	0.00690	0.00626	0.02952	0.06957	0.06546	0.13814	0.25753	0.32575	0.01574	0.00763	0.00227	0.00375	0.01361	0.00633	0.00633
23	0.01698	0.01579	0.02201	0.03031	0.48370	0.08987	0.01640	0.02170	0.08104	0.06454	0.01775	0.02120	0.05151	0.00727	0.00652	0.00197	0.00741	0.03038	0.00407	0.00958
24	0.00839	0.00625	0.00780	0.00809	0.00936	0.00567	0.00581	0.01047	0.01550	0.02088	0.34993	0.29959	0.19594	0.01630	0.00784	0.00227	0.00334	0.01440	0.00649	0.00567
25	0.01090	0.00649	0.00851	0.00907	0.01005	0.00603	0.00626	0.01216	0.01299	0.10797	0.05754	0.51913	0.03697	0.13106	0.01171	0.00308	0.00438	0.03388	0.00598	0.00583
26	0.10836	0.13920	0.22104	0.05147	0.06205	0.11833	0.08784	0.05341	0.01520	0.06859	0.01196	0.01384	0.00904	0.00622	0.00577	0.00189	0.00853	0.00490	0.00357	0.00878
27	0.00836	0.00666	0.00759	0.00816	0.00970	0.00608	0.00596	0.01080	0.05241	0.01774	0.05022	0.32375	0.39128	0.01749	0.00789	0.00240	0.00372	0.05811	0.00603	0.00567

[dist]
# distance from previous block
# <min> <max>
0	1

[block]
# block no. 4 follows, 34 sequences, length 47
# corresponding to MSA columns:
# 201-247
name=unknown_E
#
# <colnr> <probs for GDERKNQSTAVLIFYWHMCP>
#	G	D	E	R	K	N	Q	S	T	A	V	L	I	F	Y	W	H	M	C	P
0	0.02184	0.11477	0.02156	0.01657	0.02041	0.54941	0.06881	0.02391	0.01698	0.01635	0.01014	0.01213	0.00850	0.00650	0.00623	0.00168	0.03492	0.00440	0.00326	0.04163
1	0.00798	0.00567	0.00747	0.00886	0.00921	0.00532	0.00585	0.00903	0.01216	0.01621	0.03454	0.71749	0.04138	0.07331	0.00998	0.00288	0.00393	0.01774	0.00585	0.00515
2	0.02096	0.01692	0.01792	0.01506	0.06254	0.06915	0.01141	0.43958	0.02400	0.03228	0.01424	0.01594	0.01097	0.03920	0.00717	0.00189	0.00694	0.00542	0.00536	0.18305
3	0.01339	0.01249	0.02050	0.27285	0.36512	0.01340	0.01660	0.01737	0.03341	0.01904	0.01801	0.09618	0.05779	0.00821	0.00669	0.00209	0.00724	0.00757	0.00364	0.00841
4	0.00785	0.00627	0.00705	0.00757	0.00911	0.00547	0.00548	0.00941	0.01408	0.01750	0.07921	0.29654	0.45676	0.01758	0.00788	0.00235	0.00350	0.03493	0.00604	0.00542
5	0.00930	0.00622	0.00708	0.00717	0.00719	0.00620	0.00404	0.00937	0.00958	0.01277	0.02130	0.08722	0.02468	0.72637	0.03136	0.00604	0.00611	0.00995	0.00404	0.00400
6	0.06945	0.05112	0.03372	0.02374	0.02979	0.01587	0.57141	0.01988	0.01467	0.02087	0.01339	0.04473	0.01077	0.00601	0.00712	0.00209	0.00977	0.00739	0.00342	0.04479
7	0.01521	0.01313	0.01379	0.01248	0.01598	0.01499	0.00969	0.03178	0.64899	0.02605	0.03029	0.02799	0.09209	0.00954	0.00668	0.00219	0.00493	0.00795	0.00652	0.00974
8	0.01475	0.01270	0.01429	0.08851	0.01878	0.01467	0.01053	0.02964	0.56834	0.02476	0.02585	0.10796	0.02120	0.00983	0.00675	0.00224	0.00532	0.00840	0.00613	0.00935
9	0.01410	0.01081	0.01303	0.04152	0.01587	0.00920	0.00825	0.01838	0.08599	0.08080	0.04868	0.10268	0.01714	0.00766	0.00570	0.00146	0.00484	0.00648	0.00481	0.50260
10	0.01309	0.03260	0.70886	0.01819	0.02749	0.01505	0.02330	0.02105	0.04349	0.02074	0.01222	0.01408	0.00867	0.00625	0.00616	0.00205	0.00936	0.00488	0.00289	0.00958
11	0.01394	0.01339	0.02101	0.29686	0.35823	0.04611	0.01707	0.01751	0.01392	0.01861	0.01478	0.11153	0.01367	0.00789	0.00663	0.00208	0.00770	0.00728	0.00344	0.00837
12	0.01830	0.63181	0.03071	0.01201	0.01712	0.13765	0.01125	0.02092	0.04058	0.01574	0.00979	0.01108	0.00873	0.00583	0.00450	0.00146	0.00758	0.00371	0.00300	0.00824
13	0.00937	0.00918	0.08290	0.01037	0.01207	0.00708	0.00848	0.03728	0.01393	0.01890	0.09328	0.53503	0.03910	0.01749	0.00797	0.00252	0.00461	0.07861	0.00578	0.00604
14	0.00938	0.00631	0.00730	0.00730	0.00739	0.00640	0.00423	0.00956	0.00947	0.01272	0.02013	0.04099	0.02293	0.71769	0.08735	0.00658	0.00711	0.00921	0.00388	0.00406
15	0.00811	0.00643	0.00729	0.00737	0.00909	0.00561	0.00541	0.01007	0.01540	0.01975	0.25218	0.16308	0.43528	0.01603	0.00772	0.00220	0.00328	0.01378	0.00632	0.00561
16	0.47890	0.01561	0.05263	0.01258	0.05377	0.04305	0.01011	0.17252	0.01634	0.07400	0.01180	0.01282	0.00872	0.00653	0.00501	0.00197	0.00613	0.00441	0.00465	0.00845
17	0.00786	0.00567	0.00745	0.00888	0.00934	0.00526	0.00595	0.00901	0.01248	0.01654	0.03698	0.73638	0.07418	0.02007	0.00822	0.00260	0.00373	0.01815	0.00600	0.00526
18	0.00937	0.00635	0.00749	0.00749	0.00764	0.00650	0.00446	0.00968	0.00953	0.01285	0.01996	0.04007	0.02253	0.67788	0.12662	0.00680	0.00771	0.00907	0.00386	0.00416
19	0.01275	0.01073	0.01160	0.01103	0.01370	0.01175	0.00833	0.02422	0.43509	0.02318	0.05346	0.18558	0.14671	0.01256	0.00713	0.00228	0.00446	0.01079	0.00637	0.00827
20	0.01410	0.01342	0.02281	0.39800	0.38907	0.01485	0.01889	0.01817	0.01382	0.01881	0.01182	0.01661	0.00943	0.00611	0.00643	0.00204	0.00814	0.00575	0.00303	0.00871
21	0.01359	0.01209	0.01592	0.01137	0.01719	0.00940	0.07913	0.01672	0.01359	0.02102	0.01165	0.01381	0.00959	0.00485	0.00507	0.00108	0.00541	0.00422	0.00377	0.73053
22	0.00801	0.00575	0.00739	0.00863	0.00909	0.00537	0.00571	0.00906	0.01223	0.01616	0.03609	0.64655	0.08760	0.09667	0.01072	0.00296	0.00397	0.01713	0.00579	0.00513
23	0.01189	0.01036	0.01066	0.01016	0.01109	0.10125	0.00720	0.03105	0.01142	0.01467	0.01720	0.03050	0.01794	0.37405	0.25996	0.00670	0.05724	0.00761	0.00369	0.00535
24	0.03425	0.01130	0.01273	0.01099	0.01393	0.01197	0.00860	0.24755	0.10119	0.02976	0.29746	0.10864	0.06162	0.01156	0.00709	0.00209	0.00477	0.00980	0.00660	0.00811
25	0.00789	0.00571	0.00746	0.00880	0.00934	0.00529	0.00593	0.00911	0.01270	0.01683	0.05743	0.69945	0.09066	0.01978	0.00819	0.00258	0.00370	0.01785	0.00603	0.00529
26	0.00852	0.00657	0.00784	0.00816	0.00967	0.00599	0.00602	0.01095	0.03504	0.01986	0.23358	0.25089	0.29867	0.01645	0.00785	0.00231	0.00356	0.05600	0.00631	0.00574
27	0.01346	0.07777	0.62434	0.01886	0.02785	0.01579	0.09290	0.02042	0.01377	0.02016	0.01158	0.01382	0.00836	0.00603	0.00617	0.00202	0.00952	0.00498	0.00279	0.00939
28	0.01174	0.00894	0.00993	0.00930	0.01149	0.02540	0.00708	0.01795	0.18227	0.04167	0.24799	0.03812	0.14950	0.03352	0.08293	0.00298	0.00536	0.00948	0.09732	0.00703
29	0.01296	0.03342	0.73944	0.01842	0.02797	0.01501	0.02387	0.02046	0.01364	0.02046	0.01160	0.01364	0.00818	0.00614	0.00614	0.00205	0.00955	0.00477	0.00273	0.00955
30	0.01923	0.01365	0.02166	0.01577	0.02150	0.01209	0.21627	0.07893	0.01677	0.22299	0.01621	0.01717	0.01155	0.00612	0.00624	0.00169	0.00698	0.00586	0.00505	0.28426
31	0.01159	0.00811	0.00971	0.00925	0.01128	0.00791	0.00692	0.05354	0.09561	0.07259	0.27907	0.22375	0.15675	0.01432	0.00752	0.00221	0.00389	0.01250	0.00662	0.00685
32	0.00955	0.00739	0.00846	0.00825	0.01021	0.00697	0.00615	0.01356	0.09895	0.03436	0.27611	0.14271	0.32379	0.01477	0.00756	0.00219	0.00352	0.01272	0.00647	0.00630
33	0.01599	0.01535	0.02623	0.03966	0.73262	0.01535	0.01983	0.01983	0.01471	0.02111	0.01215	0.01599	0.01023	0.00576	0.00640	0.00192	0.00768	0.00576	0.00320	0.01023
34	0.00872	0.00649	0.00818	0.00844	0.00986	0.00595	0.00636	0.01106	0.01588	0.02136	0.35976	0.20611	0.19335	0.01592	0.00792	0.00230	0.00360	0.09648	0.00650	0.00577
35	0.06770	0.01775	0.01886	0.01478	0.01960	0.16872	0.10760	0.12852	0.07260	0.02375	0.01294	0.01460	0.01017	0.00631	0.00624	0.00165	0.02965	0.00504	0.00425	0.26928
36	0.02273	0.01598	0.01947	0.01514	0.01968	0.01751	0.05903	0.43026	0.06324	0.14738	0.01692	0.01731	0.01210	0.00919	0.02895	0.00230	0.08034	0.00615	0.00606	0.01027
37	0.00797	0.00595	0.00743	0.00846	0.00936	0.00541	0.00588	0.00939	0.01336	0.01739	0.08652	0.54096	0.20143	0.01884	0.00809	0.00249	0.00366	0.03596	0.00607	0.00537
38	0.01616	0.01567	0.02425	0.07389	0.58681	0.04778	0.01836	0.02149	0.09143	0.02127	0.01356	0.01675	0.01109	0.00616	0.00639	0.00195	0.00762	0.00585	0.00355	0.00995
39	0.01025	0.00782	0.00987	0.01032	0.01141	0.00823	0.00780	0.03129	0.07078	0.01839	0.05134	0.31564	0.07199	0.11645	0.01233	0.00311	0.05815	0.17331	0.00558	0.00596
40	0.01027	0.00721	0.00874	0.00882	0.00962	0.00737	0.00608	0.05955	0.01244	0.01666	0.04436	0.15942	0.04353	0.40042	0.09587	0.00521	0.00685	0.08768	0.00475	0.00514
41	0.00856	0.00691	0.00725	0.00711	0.00907	0.00621	0.00522	0.01113	0.05340	0.01856	0.12783	0.05554	0.52848	0.09246	0.01006	0.00256	0.00365	0.01244	0.02793	0.00564
42	0.01189	0.01206	0.02233	0.01726	0.02137	0.01126	0.34195	0.01610	0.04598	0.01938	0.03353	0.08755	0.24470	0.02791	0.00827	0.00236	0.00728	0.05693	0.00467	0.00721
43	0.01409	0.01355	0.02164	0.51903	0.17704	0.04203	0.05305	0.04847	0.01436	0.01867	0.01182	0.01671	0.00909	0.00634	0.00648	0.00208	0.00859	0.00579	0.00313	0.00804
44	0.01044	0.00940	0.00861	0.00821	0.01052	0.08160	0.00619	0.01293	0.04091	0.03809	0.16945	0.05227	0.49933	0.01435	0.00738	0.00210	0.00421	0.01193	0.00599	0.00609
45	0.00786	0.00626	0.00686	0.00729	0.00876	0.00547	0.00513	0.00921	0.01357	0.01674	0.05287	0.26200	0.47018	0.08568	0.01009	0.00268	0.00368	0.01460	0.00581	0.00526
46	0.12623	0.01099	0.01315	0.01062	0.01489	0.01061	0.00865	0.04569	0.08874	0.45894	0.02260	0.02085	0.01517	0.00775	0.00592	0.00195	0.00510	0.00611	0.11632	0.00973

[dist]
# distance from previous block
# <min> <max>
0	1

[block]
# block no. 5 follows, 34 sequences, length 121
# corresponding to MSA columns:
# 249-369
name=unknown_F
#
# <colnr> <probs for GDERKNQSTAVLIFYWHMCP>
#	G	D	E	R	K	N	Q	S	T	A	V	L	I	F	Y	W	H	M	C	P
0	0.01099	0.00861	0.01037	0.03264	0.01319	0.00889	0.00830	0.04680	0.15215	0.02122	0.09408	0.22821	0.15190	0.01526	0.00779	0.00245	0.00468	0.16955	0.00612	0.00680
1	0.02068	0.01263	0.01420	0.01148	0.01526	0.01326	0.00918	0.30386	0.07492	0.17930	0.04776	0.02254	0.01669	0.06875	0.00825	0.00224	0.00563	0.00662	0.15750	0.00925
2	0.00903	0.00660	0.00848	0.00801	0.00958	0.00605	0.00601	0.01197	0.01802	0.02527	0.67892	0.04932	0.11166	0.01345	0.00762	0.00204	0.00307	0.01183	0.00703	0.00605
3	0.01569	0.01526	0.02669	0.08503	0.63526	0.01536	0.07194	0.01968	0.01464	0.02078	0.01218	0.01618	0.01010	0.00578	0.00649	0.00195	0.00798	0.00590	0.00318	0.00992
4	0.01997	0.02244	0.01699	0.04439	0.03797	0.42230	0.01169	0.09189	0.01721	0.01865	0.01198	0.01567	0.01036	0.05495	0.07648	0.00279	0.04702	0.00504	0.00369	0.06851
5	0.01511	0.07602	0.02228	0.01728	0.01861	0.07469	0.08062	0.01698	0.01136	0.01606	0.00969	0.03106	0.00936	0.01013	0.01708	0.00256	0.55497	0.00584	0.00297	0.00731
6	0.49905	0.01932	0.01295	0.01164	0.01541	0.28929	0.00912	0.02189	0.01394	0.04318	0.00981	0.01124	0.00774	0.00630	0.00475	0.00187	0.00751	0.00383	0.00386	0.00729
7	0.01525	0.01743	0.03813	0.02723	0.03377	0.01634	0.70915	0.02070	0.01525	0.02070	0.01307	0.01743	0.00980	0.00545	0.00763	0.00218	0.01089	0.00763	0.00327	0.00871
8	0.06047	0.01515	0.04769	0.01322	0.01729	0.03151	0.01111	0.34208	0.02179	0.13678	0.04022	0.07412	0.04332	0.01133	0.04496	0.00250	0.06410	0.00716	0.00588	0.00931
9	0.02126	0.01687	0.02141	0.03811	0.02224	0.01818	0.12020	0.48870	0.07474	0.03452	0.01655	0.01909	0.01253	0.00784	0.00673	0.00203	0.00750	0.03796	0.00579	0.02776
10	0.02063	0.01747	0.01818	0.01468	0.01885	0.13226	0.06376	0.37544	0.04473	0.05357	0.07519	0.07924	0.03842	0.00912	0.00672	0.00199	0.00730	0.00745	0.00578	0.00923
11	0.01297	0.00833	0.00987	0.00889	0.01150	0.00784	0.00687	0.01758	0.11423	0.14314	0.30442	0.04489	0.25860	0.01271	0.00729	0.00210	0.00382	0.01082	0.00684	0.00729
12	0.01455	0.01851	0.11952	0.05504	0.05502	0.01557	0.54578	0.01995	0.01482	0.02033	0.01381	0.05045	0.01105	0.00624	0.00739	0.00217	0.01022	0.00763	0.00331	0.00865
13	0.05508	0.11395	0.01954	0.01502	0.01894	0.46338	0.01181	0.11325	0.06954	0.04360	0.01221	0.01318	0.00968	0.00683	0.00571	0.00173	0.00958	0.00457	0.00408	0.00832
14	0.05499	0.01173	0.01423	0.01154	0.01554	0.01152	0.00919	0.18120	0.03997	0.38546	0.02340	0.11164	0.01842	0.07004	0.00870	0.00240	0.00568	0.00791	0.00688	0.00956
15	0.00789	0.00649	0.00696	0.00710	0.00902	0.00556	0.00530	0.00966	0.01485	0.01825	0.12703	0.13064	0.57569	0.01648	0.00773	0.00223	0.00338	0.03411	0.00611	0.00551
16	0.00925	0.00678	0.00897	0.01023	0.01151	0.00650	0.00829	0.01149	0.01413	0.01823	0.03948	0.27074	0.14664	0.01830	0.00853	0.00275	0.00490	0.39162	0.00597	0.00567
17	0.02042	0.01530	0.01651	0.01369	0.01804	0.01710	0.01097	0.29881	0.39511	0.08871	0.02202	0.02058	0.01601	0.00831	0.00653	0.00208	0.00592	0.00666	0.00664	0.01059
18	0.02295	0.06066	0.01883	0.01557	0.01945	0.46393	0.01210	0.17918	0.10491	0.02268	0.01313	0.01394	0.01028	0.00710	0.00598	0.00178	0.00964	0.00487	0.00439	0.00863
19	0.00787	0.00562	0.00750	0.00900	0.00937	0.00525	0.00600	0.00900	0.01237	0.01649	0.03561	0.76871	0.04274	0.02024	0.00825	0.00262	0.00375	0.01837	0.00600	0.00525
20	0.01545	0.01325	0.01407	0.01283	0.01624	0.01525	0.00991	0.03241	0.66726	0.02623	0.02700	0.08052	0.02147	0.00964	0.00670	0.00222	0.00501	0.00814	0.00653	0.00985
21	0.00984	0.06526	0.01216	0.01044	0.01192	0.00940	0.00830	0.01213	0.01059	0.01501	0.01668	0.02425	0.01556	0.04521	0.69101	0.00970	0.01652	0.00666	0.00341	0.00596
22	0.00990	0.00687	0.00775	0.00764	0.00796	0.00708	0.00456	0.01137	0.06335	0.01372	0.02069	0.04025	0.02292	0.68669	0.05883	0.00612	0.00661	0.00914	0.00410	0.00447
23	0.01293	0.00998	0.01491	0.01254	0.01574	0.00904	0.11662	0.05954	0.01496	0.07412	0.04254	0.32900	0.04714	0.01271	0.00720	0.00211	0.00547	0.03798	0.00534	0.17015
24	0.01422	0.01440	0.02125	0.01778	0.01830	0.01952	0.06927	0.01596	0.01032	0.01596	0.00885	0.01440	0.00859	0.01084	0.02013	0.00278	0.70159	0.00581	0.00286	0.00720
25	0.00787	0.00562	0.00750	0.00900	0.00937	0.00525	0.00600	0.00900	0.01237	0.01649	0.03561	0.76871	0.04274	0.02024	0.00825	0.00262	0.00375	0.01837	0.00600	0.00525
26	0.02280	0.01806	0.01801	0.01444	0.01913	0.09049	0.01167	0.46406	0.16434	0.06620	0.01745	0.01707	0.01264	0.00779	0.00639	0.00194	0.00704	0.00593	0.00618	0.02839
27	0.02105	0.02387	0.01645	0.01483	0.01799	0.48972	0.01127	0.02535	0.12239	0.05483	0.08478	0.01874	0.03051	0.00803	0.00668	0.00184	0.03359	0.00573	0.00446	0.00788
28	0.00940	0.00626	0.00705	0.00705	0.00705	0.00626	0.00392	0.00940	0.00940	0.01253	0.02036	0.04228	0.02349	0.77292	0.03289	0.00626	0.00626	0.00940	0.00392	0.00392
29	0.02149	0.05545	0.01741	0.01487	0.01817	0.51379	0.01128	0.08172	0.07435	0.01858	0.01467	0.01721	0.03882	0.06531	0.00799	0.00209	0.00982	0.00529	0.00398	0.00768
30	0.02781	0.01103	0.01487	0.01135	0.01640	0.00943	0.00936	0.03034	0.01811	0.68284	0.02443	0.02134	0.01551	0.00775	0.00637	0.00192	0.00544	0.00630	0.00768	0.07172
31	0.01351	0.08547	0.63167	0.01958	0.08346	0.01579	0.02263	0.02033	0.01369	0.02014	0.01145	0.01359	0.00836	0.00606	0.00602	0.00199	0.00921	0.00476	0.00277	0.00951
32	0.00802	0.00573	0.00747	0.00875	0.00918	0.00536	0.00581	0.00913	0.01238	0.01649	0.05493	0.67219	0.06235	0.07696	0.01008	0.00287	0.00391	0.01736	0.00587	0.00518
33	0.00787	0.00562	0.00750	0.00900	0.00937	0.00525	0.00600	0.00900	0.01237	0.01649	0.03561	0.76871	0.04274	0.02024	0.00825	0.00262	0.00375	0.01837	0.00600	0.00525
34	0.01779	0.01514	0.02271	0.06310	0.25634	0.03719	0.11743	0.05691	0.18962	0.10579	0.01725	0.01875	0.01301	0.00705	0.00710	0.00207	0.03178	0.00645	0.00472	0.00979
35	0.01012	0.00773	0.00963	0.00981	0.01133	0.00797	0.00731	0.03446	0.11524	0.02050	0.16440	0.29763	0.08548	0.02087	0.12246	0.00362	0.00611	0.05298	0.00591	0.00643
36	0.00792	0.00599	0.00732	0.00819	0.00921	0.00539	0.00568	0.00938	0.01363	0.01767	0.11012	0.49095	0.24831	0.01843	0.00801	0.00244	0.00354	0.01633	0.00610	0.00539
37	0.02343	0.04888	0.01868	0.01585	0.01955	0.53842	0.01222	0.17385	0.02046	0.02117	0.01145	0.01300	0.00921	0.00854	0.03564	0.00207	0.01075	0.00461	0.00400	0.00820
