[name]
unknown

[dist]
# distance from previous block
# <min> <max>
0	3

[block]
# block no. 0 follows, 33 sequences, length 10
# corresponding to MSA columns:
# 3-12
name=unknown_A
#
# <colnr> <probs for GDERKNQSTAVLIFYWHMCP>
#	G	D	E	R	K	N	Q	S	T	A	V	L	I	F	Y	W	H	M	C	P
0	0.02275	0.01693	0.01837	0.01468	0.01942	0.01872	0.01213	0.57359	0.09104	0.03798	0.01877	0.02264	0.01476	0.00906	0.00686	0.00211	0.00694	0.07613	0.00654	0.01059
1	0.04259	0.01228	0.01734	0.20907	0.02431	0.01447	0.04899	0.14980	0.05008	0.02223	0.01480	0.01963	0.01219	0.02069	0.23748	0.00483	0.08101	0.00633	0.00406	0.00784
2	0.00866	0.00642	0.00821	0.00929	0.01040	0.00597	0.00695	0.01048	0.01406	0.01824	0.08105	0.41165	0.18709	0.01881	0.00840	0.00263	0.00421	0.17570	0.00616	0.00561
3	0.01365	0.01170	0.01365	0.00975	0.01560	0.00878	0.00780	0.01658	0.01365	0.02145	0.01170	0.01365	0.00975	0.00488	0.00488	0.00098	0.00488	0.00390	0.00390	0.80888
4	0.02350	0.01768	0.01890	0.01484	0.01983	0.01970	0.01214	0.58705	0.15202	0.03902	0.01775	0.01735	0.01277	0.00808	0.00661	0.00202	0.00688	0.00620	0.00661	0.01106
5	0.02503	0.01844	0.01976	0.01515	0.02042	0.02042	0.01251	0.70562	0.03095	0.04149	0.01581	0.01581	0.01120	0.00790	0.00659	0.00198	0.00724	0.00593	0.00659	0.01120
6	0.01265	0.00796	0.00906	0.00833	0.00924	0.00804	0.00528	0.08097	0.01242	0.07082	0.02065	0.03877	0.02207	0.63415	0.02875	0.00561	0.00641	0.00898	0.00457	0.00526
7	0.01687	0.64934	0.15133	0.01252	0.01883	0.02425	0.01344	0.01990	0.01346	0.01638	0.00960	0.01112	0.00843	0.00574	0.00456	0.00152	0.00749	0.00374	0.00281	0.00866
8	0.11341	0.03779	0.01321	0.02940	0.01492	0.05213	0.00891	0.07021	0.06299	0.10949	0.12747	0.06827	0.02474	0.05430	0.02749	0.00252	0.00598	0.08254	0.00559	0.08864
9	0.06863	0.19415	0.03892	0.05628	0.08371	0.01697	0.01191	0.10374	0.13528	0.12974	0.01756	0.05883	0.01405	0.00777	0.00592	0.00192	0.00640	0.00618	0.00506	0.03698

[dist]
# distance from previous block
# <min> <max>
0	4

[block]
# block no. 1 follows, 33 sequences, length 76
# corresponding to MSA columns:
# 17-92
name=unknown_B
#
# <colnr> <probs for GDERKNQSTAVLIFYWHMCP>
#	G	D	E	R	K	N	Q	S	T	A	V	L	I	F	Y	W	H	M	C	P
0	0.01585	0.11295	0.06081	0.10558	0.17137	0.03897	0.11448	0.02016	0.04447	0.07985	0.08578	0.06713	0.01785	0.00791	0.00659	0.00200	0.00745	0.00722	0.00430	0.02926
1	0.01678	0.58375	0.19479	0.01309	0.01965	0.02343	0.01429	0.03757	0.01395	0.01739	0.00993	0.01146	0.00849	0.00583	0.00475	0.00158	0.00766	0.00389	0.00290	0.00881
2	0.00899	0.00877	0.07768	0.00974	0.01140	0.00657	0.00785	0.01124	0.01446	0.01990	0.23670	0.44212	0.06341	0.01709	0.00847	0.02451	0.00421	0.01489	0.00604	0.00596
3	0.01692	0.32617	0.24808	0.01687	0.08244	0.03566	0.01629	0.04939	0.03176	0.05375	0.01177	0.01350	0.00938	0.00654	0.00648	0.00184	0.05592	0.00465	0.00337	0.00922
4	0.03541	0.17050	0.50448	0.06450	0.02725	0.01733	0.05330	0.02035	0.01376	0.01982	0.01131	0.01360	0.00843	0.00612	0.00591	0.00197	0.00910	0.00478	0.00286	0.00922
5	0.01031	0.00753	0.01065	0.01258	0.04251	0.00744	0.00997	0.01303	0.01484	0.01956	0.06694	0.19773	0.03893	0.01790	0.00880	0.00287	0.00558	0.50069	0.00601	0.00612
6	0.01760	0.08278	0.01736	0.01239	0.01736	0.03529	0.01008	0.17107	0.23717	0.02698	0.01704	0.01720	0.01315	0.00692	0.00578	0.00164	0.00588	0.00542	0.00524	0.29365
7	0.00951	0.00639	0.00716	0.00716	0.00724	0.00635	0.00403	0.00957	0.00977	0.01295	0.02240	0.04381	0.04920	0.74153	0.03258	0.00623	0.00627	0.00973	0.00407	0.00405
8	0.26232	0.00996	0.01073	0.01000	0.01241	0.01087	0.00775	0.09750	0.01388	0.04634	0.03676	0.10661	0.01809	0.04431	0.10690	0.13553	0.00703	0.05186	0.00468	0.00648
9	0.01590	0.16414	0.44313	0.01785	0.02596	0.01730	0.10200	0.05451	0.01514	0.06643	0.01261	0.01439	0.00920	0.00626	0.00611	0.00197	0.00902	0.00513	0.00338	0.00956
10	0.01497	0.01429	0.02433	0.28488	0.49345	0.01529	0.01954	0.01904	0.01436	0.01990	0.01215	0.01673	0.00986	0.00611	0.00654	0.00204	0.00815	0.00586	0.00314	0.00936
11	0.00895	0.00688	0.00823	0.00862	0.01034	0.00628	0.00680	0.01117	0.01536	0.01964	0.17647	0.09185	0.34775	0.05240	0.00939	0.00264	0.00422	0.20105	0.00621	0.00574
12	0.01037	0.00867	0.01217	0.01515	0.17228	0.00811	0.00903	0.01312	0.01638	0.02219	0.32864	0.09027	0.24218	0.01312	0.00753	0.00213	0.00429	0.01154	0.00594	0.00692
13	0.01003	0.00756	0.01025	0.04485	0.01173	0.00866	0.00728	0.01134	0.01021	0.01426	0.01804	0.03234	0.01885	0.36987	0.32860	0.00766	0.07159	0.00803	0.00366	0.00520
14	0.01458	0.01479	0.02057	0.04915	0.06303	0.05346	0.04707	0.01648	0.01135	0.01656	0.01107	0.06269	0.01105	0.01104	0.01778	0.00269	0.55947	0.00662	0.00316	0.00739
15	0.01366	0.00712	0.00737	0.00694	0.00887	0.00715	0.00531	0.05875	0.01511	0.05473	0.02251	0.02494	0.03532	0.00794	0.00489	0.00160	0.00344	0.00635	0.70133	0.00664
16	0.01626	0.01573	0.02723	0.03988	0.69863	0.01568	0.04874	0.02024	0.01501	0.02149	0.01242	0.01635	0.01041	0.00585	0.00657	0.00197	0.00796	0.00595	0.00326	0.01036
17	0.01527	0.01690	0.03563	0.10783	0.10057	0.01633	0.56502	0.02054	0.01523	0.02066	0.01305	0.01760	0.00990	0.00569	0.00752	0.00219	0.01054	0.00738	0.00328	0.00885
18	0.01528	0.01953	0.11454	0.02677	0.03376	0.01650	0.62974	0.02106	0.01536	0.02106	0.01315	0.01734	0.00981	0.00563	0.00760	0.00221	0.01095	0.00745	0.00327	0.00897
19	0.01365	0.01170	0.01365	0.00975	0.01560	0.00878	0.00780	0.01658	0.01365	0.02145	0.01170	0.01365	0.00975	0.00488	0.00488	0.00098	0.00488	0.00390	0.00390	0.80888
20	0.00839	0.00580	0.00765	0.00893	0.00925	0.00548	0.00587	0.00917	0.01204	0.01606	0.03315	0.64407	0.03953	0.09755	0.01206	0.05310	0.00420	0.01697	0.00569	0.00505
21	0.00932	0.00673	0.00880	0.00828	0.00984	0.00621	0.00621	0.01242	0.01863	0.02640	0.72410	0.04918	0.06212	0.01346	0.00776	0.00207	0.00311	0.01191	0.00725	0.00621
22	0.01365	0.01170	0.01365	0.00975	0.01560	0.00878	0.00780	0.01658	0.01365	0.02145	0.01170	0.01365	0.00975	0.00488	0.00488	0.00098	0.00488	0.00390	0.00390	0.80888
23	0.00910	0.00676	0.00778	0.00812	0.00978	0.00605	0.00586	0.01129	0.03872	0.04562	0.09607	0.31802	0.37832	0.01732	0.00793	0.00237	0.00365	0.01504	0.00629	0.00591
24	0.81514	0.01273	0.00968	0.00866	0.01273	0.01477	0.00713	0.01935	0.01120	0.02954	0.00917	0.01069	0.00713	0.00611	0.00407	0.00204	0.00509	0.00356	0.00407	0.00713
25	0.01816	0.00995	0.01148	0.00999	0.01318	0.01013	0.00786	0.02561	0.22009	0.22652	0.07543	0.02573	0.02094	0.00859	0.00602	0.00192	0.00441	0.00707	0.28810	0.00883
26	0.00799	0.00584	0.00752	0.00886	0.00947	0.00537	0.00598	0.00920	0.01290	0.01693	0.04001	0.67841	0.12707	0.02014	0.00833	0.00262	0.00376	0.01812	0.00611	0.00537
27	0.01163	0.00673	0.00907	0.00979	0.01100	0.00620	0.00701	0.01314	0.01378	0.13077	0.03454	0.59614	0.03880	0.01846	0.00817	0.00260	0.00427	0.06515	0.00643	0.00633
28	0.01637	0.01414	0.01489	0.01340	0.01712	0.01637	0.01042	0.03498	0.71568	0.02754	0.02679	0.02456	0.02010	0.00893	0.00670	0.00223	0.00521	0.00744	0.00670	0.01042
29	0.01693	0.01442	0.01520	0.01351	0.01733	0.01663	0.01055	0.07783	0.67193	0.02843	0.02609	0.02400	0.01953	0.00887	0.00669	0.00222	0.00534	0.00735	0.00669	0.01047
30	0.65899	0.01206	0.01024	0.00897	0.01295	0.01348	0.00734	0.02023	0.01269	0.10919	0.07034	0.01522	0.01273	0.00695	0.00467	0.00204	0.00499	0.00460	0.00480	0.00752
31	0.02954	0.01120	0.01528	0.01171	0.01681	0.00968	0.00968	0.03208	0.01884	0.73213	0.02597	0.02241	0.01630	0.00815	0.00662	0.00204	0.00560	0.00662	0.00815	0.01120
32	0.00914	0.00672	0.00856	0.00810	0.00973	0.00614	0.00607	0.01208	0.01822	0.02542	0.64903	0.05079	0.13780	0.01383	0.00777	0.00209	0.00313	0.01213	0.00712	0.00614
33	0.00898	0.00714	0.00813	0.00798	0.00989	0.00656	0.00594	0.01235	0.06697	0.02151	0.29802	0.12299	0.36895	0.01533	0.00776	0.00221	0.00343	0.01317	0.00656	0.00613
34	0.00844	0.00603	0.00812	0.00964	0.01021	0.00571	0.00684	0.00989	0.01302	0.01727	0.03605	0.65273	0.04263	0.02023	0.00851	0.00273	0.00418	0.12620	0.00610	0.00546
35	0.02954	0.01120	0.01528	0.01171	0.01681	0.00968	0.00968	0.03208	0.01884	0.73213	0.02597	0.02241	0.01630	0.00815	0.00662	0.00204	0.00560	0.00662	0.00815	0.01120
36	0.05140	0.01003	0.01319	0.01075	0.01485	0.00891	0.00879	0.02588	0.01803	0.50467	0.13291	0.03228	0.07574	0.01013	0.00694	0.00212	0.00508	0.05114	0.00759	0.00958
37	0.01471	0.01584	0.05324	0.02970	0.29457	0.01466	0.32436	0.01910	0.01487	0.02065	0.01609	0.12028	0.01474	0.00778	0.00733	0.00218	0.00880	0.00846	0.00367	0.00901
38	0.02372	0.02854	0.02008	0.01745	0.02112	0.59395	0.05567	0.09879	0.01949	0.01915	0.01092	0.01275	0.00887	0.00699	0.00667	0.00180	0.03756	0.00469	0.00371	0.00808
39	0.00906	0.00675	0.00848	0.00836	0.00999	0.00617	0.00638	0.01177	0.01727	0.02354	0.49139	0.08904	0.19411	0.01491	0.00792	0.00222	0.00347	0.07629	0.00685	0.00602
40	0.01321	0.01249	0.02115	0.60989	0.18222	0.01483	0.01867	0.01750	0.01353	0.01776	0.01184	0.01730	0.00911	0.00644	0.00657	0.00215	0.00858	0.00585	0.00299	0.00794
41	0.06564	0.01509	0.01491	0.05857	0.01796	0.09988	0.01052	0.26624	0.07589	0.02821	0.07372	0.08092	0.10071	0.01063	0.00688	0.00213	0.00654	0.05131	0.00577	0.00849
42	0.81514	0.01273	0.00968	0.00866	0.01273	0.01477	0.00713	0.01935	0.01120	0.02954	0.00917	0.01069	0.00713	0.00611	0.00407	0.00204	0.00509	0.00356	0.00407	0.00713
43	0.02381	0.03012	0.01873	0.06406	0.02195	0.69563	0.01308	0.02568	0.01830	0.01616	0.01027	0.01224	0.00850	0.00677	0.00598	0.00173	0.01167	0.00434	0.00336	0.00761
44	0.01659	0.01548	0.02583	0.17457	0.42422	0.01618	0.09607	0.10883	0.01677	0.02315	0.01280	0.01664	0.01016	0.00623	0.00668	0.00203	0.00830	0.00609	0.00363	0.00975
45	0.01343	0.01300	0.05281	0.38526	0.07251	0.04295	0.05105	0.01763	0.04733	0.03603	0.09049	0.03963	0.01650	0.00925	0.00857	0.07773	0.00775	0.00689	0.00383	0.00736
46	0.05504	0.01730	0.02159	0.16050	0.35648	0.15326	0.01656	0.05318	0.01580	0.02069	0.01334	0.06185	0.01169	0.00720	0.00642	0.00200	0.00836	0.00625	0.00360	0.00890
47	0.02911	0.01130	0.01526	0.01177	0.01682	0.00989	0.00970	0.03218	0.04162	0.70910	0.02600	0.02248	0.01642	0.00817	0.00662	0.00204	0.00559	0.00665	0.00810	0.01118
48	0.01554	0.01776	0.03885	0.02775	0.03441	0.01665	0.70366	0.02109	0.01554	0.02109	0.01332	0.01776	0.00999	0.00555	0.00777	0.00222	0.01110	0.00777	0.00333	0.00888
49	0.01243	0.01153	0.01465	0.01784	0.19185	0.07764	0.01087	0.01497	0.01442	0.01914	0.14140	0.07679	0.11229	0.04471	0.17884	0.00420	0.03581	0.00893	0.00455	0.00715
50	0.01107	0.00724	0.01011	0.00983	0.01074	0.00795	0.00720	0.05355	0.01107	0.01535	0.01578	0.02513	0.01526	0.11528	0.38085	0.27645	0.01179	0.00681	0.00354	0.00500
51	0.00947	0.00634	0.00721	0.00731	0.00733	0.00632	0.00412	0.00955	0.00977	0.01302	0.02174	0.08925	0.02519	0.72076	0.03190	0.00614	0.00622	0.01016	0.00412	0.00408
52	0.01243	0.01170	0.01975	0.75282	0.04534	0.01463	0.01828	0.01682	0.01316	0.01682	0.01170	0.01755	0.00878	0.00658	0.00658	0.00219	0.00878	0.00585	0.00293	0.00731
53	0.01140	0.00581	0.00867	0.00875	0.00882	0.00581	0.00595	0.00882	0.00889	0.01183	0.01257	0.02264	0.01271	0.02264	0.02492	0.76950	0.00573	0.03849	0.00301	0.00301
54	0.01243	0.01170	0.01975	0.75282	0.04534	0.01463	0.01828	0.01682	0.01316	0.01682	0.01170	0.01755	0.00878	0.00658	0.00658	0.00219	0.00878	0.00585	0.00293	0.00731
55	0.00922	0.00673	0.00866	0.00818	0.00977	0.00617	0.00613	0.01223	0.01840	0.02583	0.68064	0.05011	0.10593	0.01367	0.00777	0.00208	0.00312	0.01204	0.00717	0.00617
56	0.61790	0.01219	0.01085	0.00930	0.01351	0.01337	0.00764	0.02184	0.01311	0.18044	0.03796	0.01457	0.01104	0.00681	0.00475	0.00204	0.00513	0.00452	0.00506	0.00797
57	0.00844	0.00594	0.00770	0.00894	0.00930	0.00565	0.00593	0.00946	0.01216	0.01619	0.03331	0.59591	0.03960	0.16057	0.01314	0.00339	0.00441	0.04915	0.00571	0.00513
58	0.01554	0.01776	0.03885	0.02775	0.03441	0.01665	0.70366	0.02109	0.01554	0.02109	0.01332	0.01776	0.00999	0.00555	0.00777	0.00222	0.01110	0.00777	0.00333	0.00888
59	0.31627	0.01212	0.01317	0.01079	0.01535	0.01235	0.00883	0.02776	0.09986	0.38953	0.01990	0.01837	0.01339	0.00749	0.00570	0.00206	0.00537	0.00560	0.00648	0.00961
60	0.05491	0.01052	0.01359	0.01097	0.01498	0.00959	0.00869	0.05932	0.01743	0.51813	0.02513	0.09141	0.01911	0.10323	0.01001	0.00263	0.00560	0.00793	0.00722	0.00962
61	0.01637	0.01414	0.01489	0.01340	0.01712	0.01637	0.01042	0.03498	0.71568	0.02754	0.02679	0.02456	0.02010	0.00893	0.00670	0.00223	0.00521	0.00744	0.00670	0.01042
62	0.00802	0.00573	0.00764	0.00917	0.00955	0.00535	0.00611	0.00917	0.01260	0.01681	0.03628	0.76434	0.04354	0.02062	0.00840	0.00267	0.00382	0.01872	0.00611	0.00535
63	0.01172	0.00743	0.00943	0.00874	0.01079	0.00682	0.00661	0.01493	0.04107	0.11052	0.47651	0.10578	0.13680	0.01365	0.00764	0.00214	0.00357	0.01192	0.00710	0.00681
64	0.02872	0.01139	0.01525	0.01182	0.01682	0.01009	0.00972	0.03226	0.06212	0.68837	0.02602	0.02254	0.01653	0.00820	0.00663	0.00205	0.00558	0.00667	0.00806	0.01115
65	0.00802	0.00573	0.00764	0.00917	0.00955	0.00535	0.00611	0.00917	0.01260	0.01681	0.03628	0.76434	0.04354	0.02062	0.00840	0.00267	0.00382	0.01872	0.00611	0.00535
66	0.00895	0.00668	0.00831	0.00798	0.00963	0.00604	0.00596	0.01167	0.01763	0.02422	0.55946	0.08174	0.19861	0.01442	0.00779	0.00213	0.00318	0.01260	0.00697	0.00604
67	0.11669	0.01148	0.01464	0.01143	0.01636	0.01049	0.00942	0.03077	0.04311	0.62837	0.02413	0.02118	0.01541	0.00795	0.00634	0.00204	0.00553	0.00631	0.00764	0.01072
68	0.81514	0.01273	0.00968	0.00866	0.01273	0.01477	0.00713	0.01935	0.01120	0.02954	0.00917	0.01069	0.00713	0.00611	0.00407	0.00204	0.00509	0.00356	0.00407	0.00713
69	0.07560	0.01807	0.01911	0.01473	0.01992	0.02005	0.01217	0.66169	0.02969	0.04072	0.01538	0.01548	0.01094	0.00779	0.00642	0.00198	0.00711	0.00578	0.00642	0.01094
70	0.01069	0.00693	0.00886	0.00864	0.00945	0.00721	0.00587	0.01174	0.01069	0.05850	0.02151	0.03641	0.04433	0.44296	0.28061	0.00745	0.01019	0.00865	0.00416	0.00515
71	0.00823	0.00649	0.00747	0.00778	0.00927	0.00594	0.00559	0.00976	0.01355	0.01704	0.06625	0.20677	0.41245	0.08666	0.10281	0.00373	0.00550	0.01364	0.00563	0.00543
72	0.00940	0.00705	0.01058	0.01058	0.01176	0.00823	0.00823	0.01176	0.01058	0.01528	0.01763	0.02586	0.01646	0.04937	0.74255	0.01058	0.01763	0.00705	0.00353	0.00588
73	0.67940	0.06310	0.01209	0.00929	0.01359	0.01542	0.00779	0.04862	0.01265	0.07408	0.01052	0.01165	0.00797	0.00628	0.00435	0.00199	0.00534	0.00386	0.00436	0.00765
74	0.06967	0.01712	0.06230	0.01794	0.12284	0.04088	0.01310	0.19380	0.33461	0.02938	0.01940	0.01925	0.01457	0.00781	0.00642	0.00209	0.00658	0.00633	0.00565	0.01026
75	0.02055	0.04199	0.01841	0.01629	0.07665	0.12126	0.01205	0.27832	0.09944	0.07302	0.06249	0.06503	0.01706	0.00901	0.00761	0.00206	0.05668	0.00698	0.00561	0.00950

[dist]
# distance from previous block
# <min> <max>
0	7

[block]
# block no. 2 follows, 33 sequences, length 63
# corresponding to MSA columns:
# 100-162
name=unknown_C
#
# <colnr> <probs for GDERKNQSTAVLIFYWHMCP>
#	G	D	E	R	K	N	Q	S	T	A	V	L	I	F	Y	W	H	M	C	P
0	0.01643	0.01539	0.02273	0.05022	0.35306	0.07275	0.08367	0.02039	0.03790	0.05985	0.01587	0.01890	0.04049	0.00920	0.04990	0.00242	0.02890	0.00621	0.00384	0.09188
1	0.03925	0.24267	0.31778	0.01518	0.02228	0.04782	0.03552	0.05024	0.03802	0.08468	0.01287	0.01405	0.00966	0.00635	0.00564	0.00183	0.00814	0.00474	0.00368	0.03959
2	0.01460	0.01379	0.05109	0.17916	0.06762	0.03248	0.19179	0.01843	0.01467	0.07996	0.01935	0.12125	0.03846	0.00891	0.00707	0.00213	0.00782	0.03644	0.00426	0.09073
3	0.01484	0.01515	0.05878	0.02994	0.39375	0.01386	0.16606	0.01889	0.01523	0.03867	0.05970	0.06574	0.06353	0.00791	0.00705	0.00209	0.00775	0.00790	0.00397	0.00920
4	0.02344	0.04626	0.09267	0.01500	0.03805	0.01693	0.01297	0.35436	0.10079	0.20345	0.01873	0.01799	0.01299	0.00777	0.00648	0.00201	0.00689	0.00606	0.00636	0.01084
5	0.04662	0.01593	0.04718	0.08547	0.39237	0.01562	0.17981	0.02064	0.01481	0.06276	0.01304	0.01672	0.01028	0.00626	0.00743	0.00209	0.04362	0.00624	0.00354	0.00958
6	0.01308	0.08327	0.58075	0.01761	0.02595	0.01509	0.04950	0.01957	0.01380	0.02006	0.01421	0.09130	0.01205	0.00766	0.00639	0.00210	0.00898	0.00632	0.00315	0.00915
7	0.01490	0.25138	0.43382	0.01902	0.09739	0.01856	0.03896	0.02045	0.01390	0.01933	0.01112	0.01326	0.00863	0.00601	0.00572	0.00187	0.00877	0.00465	0.00286	0.00940
8	0.01582	0.01531	0.07118	0.08469	0.04325	0.01355	0.37684	0.02027	0.01534	0.11694	0.03695	0.12437	0.01678	0.00838	0.00748	0.00224	0.00876	0.00888	0.00441	0.00858
9	0.00887	0.00634	0.00861	0.01014	0.01089	0.00608	0.00759	0.01064	0.01344	0.01776	0.03582	0.53769	0.04168	0.01982	0.00863	0.00279	0.00456	0.23698	0.00609	0.00558
10	0.01355	0.01314	0.02315	0.53126	0.18469	0.01504	0.08944	0.01796	0.01378	0.01823	0.01201	0.01731	0.00924	0.00633	0.00669	0.00215	0.00882	0.00605	0.00304	0.00812
11	0.01493	0.02792	0.50139	0.02300	0.15062	0.01515	0.08836	0.02142	0.01454	0.06270	0.01289	0.01519	0.00933	0.00623	0.00647	0.00207	0.00929	0.00542	0.00323	0.00986
12	0.01629	0.01564	0.02672	0.04041	0.72757	0.01564	0.02020	0.02020	0.01499	0.02151	0.01238	0.01629	0.01043	0.00587	0.00652	0.00196	0.00782	0.00587	0.00326	0.01043
13	0.02818	0.01151	0.01524	0.01189	0.01684	0.01037	0.00975	0.03238	0.09079	0.65938	0.02606	0.02263	0.01669	0.00823	0.00663	0.00206	0.00556	0.00671	0.00800	0.01112
14	0.01589	0.01523	0.02600	0.11396	0.65713	0.01554	0.02001	0.01985	0.01480	0.02102	0.01231	0.01642	0.01026	0.00594	0.00652	0.00198	0.00792	0.00586	0.00322	0.01011
15	0.01041	0.00824	0.01246	0.11235	0.03521	0.00843	0.03893	0.01323	0.01436	0.01881	0.05097	0.23283	0.06088	0.01621	0.00838	0.00271	0.00594	0.33789	0.00550	0.00626
16	0.01243	0.01170	0.01975	0.75282	0.04534	0.01463	0.01828	0.01682	0.01316	0.01682	0.01170	0.01755	0.00878	0.00658	0.00658	0.00219	0.00878	0.00585	0.00293	0.00731
17	0.01320	0.03405	0.73453	0.01876	0.02849	0.01529	0.02432	0.02085	0.01390	0.02085	0.01181	0.01390	0.00834	0.00625	0.00625	0.00208	0.00973	0.00486	0.00278	0.00973
18	0.01635	0.04952	0.06701	0.02809	0.20621	0.05685	0.37939	0.04884	0.01594	0.02137	0.01352	0.04093	0.01102	0.00633	0.00710	0.00209	0.00968	0.00706	0.00349	0.00920
19	0.00802	0.00573	0.00764	0.00917	0.00955	0.00535	0.00611	0.00917	0.01260	0.01681	0.03628	0.76434	0.04354	0.02062	0.00840	0.00267	0.00382	0.01872	0.00611	0.00535
20	0.01144	0.00572	0.00858	0.00858	0.00858	0.00572	0.00572	0.00858	0.00858	0.01144	0.01144	0.02001	0.01144	0.02287	0.02573	0.80846	0.00572	0.00572	0.00286	0.00286
21	0.00793	0.00668	0.00688	0.00683	0.00899	0.00562	0.00512	0.00974	0.01537	0.01864	0.13228	0.06194	0.65878	0.01635	0.00778	0.00221	0.00331	0.01370	0.00623	0.00562
22	0.01515	0.02014	0.15680	0.04707	0.11983	0.01623	0.48332	0.02082	0.01512	0.02099	0.01290	0.01691	0.00973	0.00574	0.00732	0.00216	0.01039	0.00698	0.00322	0.00918
23	0.01320	0.03405	0.73453	0.01876	0.02849	0.01529	0.02432	0.02085	0.01390	0.02085	0.01181	0.01390	0.00834	0.00625	0.00625	0.00208	0.00973	0.00486	0.00278	0.00973
24	0.00802	0.00573	0.00764	0.00917	0.00955	0.00535	0.00611	0.00917	0.01260	0.01681	0.03628	0.76434	0.04354	0.02062	0.00840	0.00267	0.00382	0.01872	0.00611	0.00535
25	0.01320	0.03405	0.73453	0.01876	0.02849	0.01529	0.02432	0.02085	0.01390	0.02085	0.01181	0.01390	0.00834	0.00625	0.00625	0.00208	0.00973	0.00486	0.00278	0.00973
26	0.01258	0.01179	0.01956	0.72514	0.04429	0.01469	0.01799	0.01750	0.03945	0.01722	0.01227	0.01781	0.00920	0.00667	0.00659	0.00220	0.00864	0.00591	0.00307	0.00743
27	0.01259	0.01186	0.02003	0.72352	0.07340	0.01467	0.01836	0.01696	0.01324	0.01701	0.01173	0.01750	0.00884	0.00655	0.00658	0.00218	0.00874	0.00585	0.00294	0.00744
28	0.01681	0.63997	0.16021	0.01261	0.01898	0.02412	0.01361	0.01992	0.01347	0.01645	0.00963	0.01116	0.00843	0.00574	0.00459	0.00153	0.00752	0.00376	0.00281	0.00868
29	0.01572	0.04179	0.19925	0.11751	0.04973	0.01489	0.29472	0.02089	0.01494	0.09687	0.01531	0.06095	0.01205	0.00703	0.00702	0.00216	0.00923	0.00716	0.00381	0.00895
30	0.01441	0.03236	0.68135	0.01824	0.02763	0.01487	0.02324	0.02168	0.01426	0.07344	0.01286	0.01453	0.00893	0.00639	0.00628	0.00208	0.00942	0.00499	0.00318	0.00984
31	0.01544	0.01214	0.01328	0.01193	0.01526	0.01340	0.00926	0.02909	0.49878	0.07423	0.15074	0.03139	0.07610	0.01020	0.00695	0.00219	0.00474	0.00861	0.00685	0.00940
32	0.01535	0.01870	0.15548	0.14669	0.25049	0.01560	0.21180	0.02035	0.01466	0.04721	0.01284	0.01666	0.00983	0.00621	0.00725	0.00212	0.02990	0.00624	0.00331	0.00930
33	0.01843	0.05831	0.07424	0.05956	0.02251	0.04078	0.16327	0.06715	0.01641	0.19977	0.01906	0.04050	0.01534	0.01342	0.09828	0.00320	0.00922	0.06673	0.00500	0.00882
34	0.01243	0.01170	0.01975	0.75282	0.04534	0.01463	0.01828	0.01682	0.01316	0.01682	0.01170	0.01755	0.00878	0.00658	0.00658	0.00219	0.00878	0.00585	0.00293	0.00731
35	0.01514	0.01446	0.02463	0.25414	0.52290	0.01534	0.01963	0.01919	0.01444	0.02010	0.01218	0.01667	0.00993	0.00608	0.00654	0.00203	0.00811	0.00586	0.00316	0.00949
36	0.01499	0.01628	0.11714	0.02770	0.33777	0.01347	0.13472	0.01912	0.01489	0.06240	0.03791	0.13917	0.01731	0.00862	0.00705	0.00214	0.00771	0.00837	0.00407	0.00917
37	0.01328	0.01256	0.02127	0.59719	0.19438	0.01485	0.01870	0.01756	0.01356	0.01784	0.01185	0.01728	0.00914	0.00643	0.00657	0.00214	0.00857	0.00585	0.00300	0.00799
38	0.02954	0.01120	0.01528	0.01171	0.01681	0.00968	0.00968	0.03208	0.01884	0.73213	0.02597	0.02241	0.01630	0.00815	0.00662	0.00204	0.00560	0.00662	0.00815	0.01120
39	0.01425	0.03210	0.66631	0.01869	0.02803	0.01501	0.04889	0.02152	0.01425	0.06257	0.01270	0.01454	0.00887	0.00634	0.00633	0.00209	0.00954	0.00508	0.00312	0.00978
40	0.01153	0.04161	0.05470	0.08840	0.04526	0.02949	0.00999	0.03602	0.01410	0.03667	0.05002	0.33274	0.05618	0.07768	0.00979	0.00275	0.00577	0.08556	0.00518	0.00655
41	0.02587	0.01156	0.03791	0.01149	0.01608	0.00981	0.00957	0.05633	0.01837	0.57549	0.06683	0.02526	0.01926	0.07421	0.00900	0.00241	0.00572	0.00711	0.00749	0.01023
42	0.01286	0.01214	0.02052	0.67348	0.12132	0.01474	0.01850	0.01720	0.01337	0.01734	0.01178	0.01741	0.00896	0.00650	0.00657	0.00217	0.00867	0.00585	0.00296	0.00766
43	0.01516	0.01292	0.05114	0.04258	0.09284	0.01157	0.22816	0.01882	0.01524	0.12788	0.04027	0.18762	0.02282	0.01103	0.00767	0.00235	0.00742	0.09126	0.00505	0.00820
44	0.09811	0.01483	0.02454	0.15162	0.50276	0.01545	0.05862	0.01962	0.01434	0.02155	0.01200	0.01600	0.00979	0.00599	0.00635	0.00202	0.00789	0.00574	0.00329	0.00949
45	0.01979	0.01222	0.01435	0.01209	0.01627	0.01243	0.00963	0.02995	0.34467	0.25914	0.07084	0.02596	0.02110	0.00885	0.00663	0.00205	0.00520	0.02922	0.00690	0.09270
46	0.01514	0.01533	0.09752	0.02378	0.20416	0.01283	0.21617	0.01911	0.01490	0.09130	0.04101	0.15012	0.01864	0.03939	0.00832	0.00236	0.00785	0.00898	0.00437	0.00870
47	0.09857	0.04646	0.49579	0.01705	0.03865	0.04667	0.01970	0.02204	0.01430	0.10255	0.01295	0.01443	0.00918	0.00660	0.00642	0.00206	0.02865	0.00491	0.00357	0.00945
48	0.01820	0.08780	0.01716	0.01416	0.01702	0.27877	0.01138	0.11175	0.01780	0.02038	0.01959	0.11643	0.01985	0.01140	0.00781	0.00220	0.05217	0.16391	0.00468	0.00753
49	0.09660	0.03007	0.57063	0.01799	0.02655	0.03690	0.06163	0.02140	0.04012	0.02187	0.01214	0.01413	0.00876	0.00631	0.00613	0.00208	0.00923	0.00498	0.00311	0.00937
50	0.04381	0.05422	0.28333	0.01895	0.06960	0.05309	0.11058	0.15031	0.01798	0.07228	0.03485	0.03472	0.01218	0.00713	0.00649	0.00204	0.00856	0.00606	0.00425	0.00958
51	0.10103	0.02273	0.33587	0.01575	0.02279	0.01445	0.05682	0.11957	0.01722	0.17423	0.01747	0.01792	0.04036	0.00727	0.00631	0.00207	0.00784	0.00580	0.00475	0.00975
52	0.01500	0.01082	0.01183	0.01035	0.01359	0.01099	0.00810	0.15755	0.14934	0.09130	0.08121	0.08308	0.30467	0.01271	0.00726	0.00218	0.00470	0.01057	0.00657	0.00816
53	0.10041	0.01715	0.09017	0.06797	0.22697	0.01599	0.11162	0.16303	0.03519	0.06343	0.01457	0.03836	0.01142	0.00698	0.00650	0.00206	0.00781	0.00627	0.00440	0.00967
54	0.08827	0.05786	0.02459	0.15969	0.17355	0.12652	0.14715	0.09125	0.01644	0.02209	0.01193	0.01525	0.00939	0.00640	0.00663	0.00201	0.02296	0.00566	0.00362	0.00875
55	0.09136	0.00645	0.00785	0.00911	0.00988	0.00632	0.00622	0.01022	0.01246	0.01812	0.03348	0.68653	0.03978	0.01913	0.00796	0.00261	0.00395	0.01715	0.00590	0.00553
56	0.01525	0.02670	0.41552	0.02156	0.02974	0.01630	0.26255	0.09164	0.01624	0.02306	0.01276	0.01546	0.00922	0.00618	0.00682	0.00212	0.00996	0.00600	0.00337	0.00958
57	0.11708	0.03394	0.09339	0.02427	0.22846	0.03857	0.16084	0.08278	0.03861	0.09824	0.01417	0.01627	0.01061	0.00641	0.00641	0.00203	0.00811	0.00592	0.00424	0.00964
58	0.04160	0.05589	0.61338	0.01780	0.02675	0.01615	0.02210	0.09146	0.01555	0.02310	0.01205	0.01388	0.00860	0.00640	0.00615	0.00205	0.00923	0.00489	0.00322	0.00975
59	0.00872	0.00966	0.10714	0.01033	0.01210	0.00672	0.00854	0.01078	0.01292	0.01742	0.03472	0.62045	0.07868	0.01842	0.00807	0.00257	0.00460	0.01654	0.00565	0.00596
60	0.06125	0.05735	0.02329	0.08878	0.33355	0.01637	0.04181	0.16204	0.01832	0.11271	0.01439	0.01650	0.01087	0.00661	0.00634	0.00197	0.00745	0.00579	0.00454	0.01007
61	0.01847	0.24824	0.27776	0.04051	0.04358	0.03769	0.01641	0.11257	0.01675	0.10991	0.01327	0.01435	0.00982	0.00654	0.00575	0.00185	0.00805	0.00487	0.00400	0.00961
62	0.03620	0.00691	0.00857	0.00965	0.01056	0.00689	0.00672	0.01239	0.08538	0.01868	0.05254	0.62352	0.04022	0.01867	0.00808	0.00260	0.00405	0.03624	0.00613	0.00597

[dist]
# distance from previous block
# <min> <max>
0	14

# created by:
# /home/berkeley/.conda/envs/busco_data_prod/bin/msa2prfl.pl pipeline/OGs_align_augustus/4893/37547.fs
