[name]
unknown

[dist]
# distance from previous block
# <min> <max>
1	40

[block]
# block no. 0 follows, 32 sequences, length 68
# corresponding to MSA columns:
# 47-114
name=unknown_A
#
# <colnr> <probs for GDERKNQSTAVLIFYWHMCP>
#	G	D	E	R	K	N	Q	S	T	A	V	L	I	F	Y	W	H	M	C	P
0	0.06675	0.01319	0.01469	0.17726	0.04199	0.10075	0.01135	0.08451	0.03803	0.05082	0.10808	0.14231	0.05152	0.01332	0.05357	0.00274	0.00748	0.00898	0.00507	0.00759
1	0.01492	0.01088	0.01411	0.10856	0.01852	0.01147	0.03551	0.13354	0.09317	0.07476	0.08410	0.15061	0.10669	0.05008	0.00993	0.05370	0.00586	0.01010	0.00577	0.00773
2	0.01269	0.01145	0.01779	0.13352	0.07641	0.03023	0.11323	0.01525	0.01350	0.01839	0.04474	0.10411	0.07387	0.05530	0.03387	0.07332	0.05955	0.00858	0.03128	0.07292
3	0.05670	0.01082	0.01575	0.23566	0.04557	0.01195	0.06292	0.03728	0.09404	0.02089	0.04945	0.10076	0.05838	0.03643	0.00917	0.06071	0.00655	0.00839	0.07133	0.00724
4	0.03928	0.01395	0.01708	0.23898	0.06271	0.06679	0.01314	0.11579	0.07757	0.04384	0.01798	0.07385	0.03590	0.04670	0.00942	0.02230	0.05038	0.00725	0.00453	0.04256
5	0.01695	0.01529	0.01690	0.12204	0.10234	0.12107	0.01240	0.16084	0.06563	0.02293	0.01836	0.06238	0.04098	0.05504	0.08907	0.04898	0.00891	0.00722	0.00456	0.00814
6	0.05659	0.01153	0.01535	0.06804	0.07506	0.04037	0.05393	0.07697	0.01445	0.04060	0.01998	0.12040	0.03799	0.13017	0.15716	0.00456	0.03721	0.00862	0.00443	0.02659
7	0.01648	0.01322	0.01453	0.01283	0.01563	0.08614	0.03057	0.07396	0.15449	0.09924	0.06285	0.12442	0.03966	0.05982	0.09241	0.00345	0.05518	0.00890	0.00561	0.03061
8	0.10652	0.01739	0.01949	0.01534	0.01979	0.04752	0.05567	0.43008	0.02433	0.05133	0.01471	0.01597	0.01090	0.00807	0.00813	0.00211	0.09170	0.00585	0.04516	0.00996
9	0.06259	0.01192	0.01439	0.10094	0.01889	0.01279	0.01036	0.19770	0.06830	0.10923	0.04273	0.19324	0.02178	0.01330	0.04656	0.00268	0.00656	0.00933	0.02834	0.02836
10	0.00884	0.00673	0.00872	0.01038	0.04504	0.00624	0.00681	0.01037	0.01368	0.01787	0.06887	0.46223	0.18554	0.06769	0.01002	0.00283	0.00426	0.05216	0.00599	0.00574
11	0.08969	0.03841	0.12874	0.01457	0.01924	0.14683	0.02978	0.19370	0.01914	0.06377	0.01746	0.07613	0.03442	0.03295	0.02643	0.00242	0.02916	0.00678	0.02160	0.00879
12	0.06300	0.03860	0.04718	0.22188	0.16612	0.03432	0.09283	0.10301	0.04472	0.06379	0.04902	0.01871	0.01318	0.00708	0.00665	0.00210	0.00806	0.00633	0.00429	0.00915
13	0.00851	0.00682	0.00760	0.00741	0.00942	0.00591	0.00556	0.01075	0.01667	0.02138	0.30920	0.05922	0.47635	0.01578	0.00792	0.00221	0.00331	0.01341	0.00666	0.00591
14	0.01484	0.01441	0.05163	0.03009	0.01849	0.03793	0.03706	0.03857	0.05208	0.02242	0.01289	0.01478	0.01041	0.00550	0.00539	0.00126	0.00593	0.00450	0.00408	0.61774
15	0.01286	0.01457	0.09902	0.37211	0.05289	0.04224	0.05311	0.01709	0.01432	0.01884	0.04502	0.09207	0.01763	0.00940	0.00714	0.00228	0.00814	0.07981	0.00387	0.03760
16	0.03010	0.01142	0.01557	0.01194	0.01713	0.00986	0.00986	0.03270	0.01920	0.72698	0.02647	0.02284	0.01661	0.00830	0.00675	0.00208	0.00571	0.00675	0.00830	0.01142
17	0.01530	0.01151	0.01463	0.06521	0.04605	0.00954	0.00956	0.01832	0.01457	0.09945	0.01609	0.04952	0.01386	0.00702	0.00578	0.00145	0.00549	0.04809	0.00459	0.54397
18	0.01601	0.01222	0.01438	0.01040	0.01626	0.00962	0.00837	0.05229	0.01529	0.08930	0.01350	0.01486	0.01064	0.00544	0.00522	0.00115	0.00516	0.00434	0.00452	0.69103
19	0.01794	0.76823	0.03516	0.01148	0.01722	0.02655	0.01148	0.02009	0.01363	0.01579	0.00933	0.01076	0.00861	0.00574	0.00431	0.00144	0.00718	0.00359	0.00287	0.00861
20	0.04071	0.01533	0.02544	0.18976	0.46009	0.01611	0.06243	0.06928	0.01598	0.02260	0.01269	0.01677	0.01019	0.00627	0.00667	0.00207	0.00827	0.00603	0.00352	0.00980
21	0.00815	0.00681	0.00710	0.00703	0.00920	0.00576	0.00527	0.01005	0.01581	0.01935	0.15889	0.06256	0.62793	0.01654	0.00793	0.00224	0.00337	0.01388	0.00639	0.00576
22	0.00823	0.00586	0.00777	0.00927	0.00965	0.00549	0.00615	0.00936	0.01274	0.01699	0.03643	0.73496	0.04368	0.04682	0.00945	0.00286	0.00398	0.01875	0.00615	0.00540
23	0.81159	0.01298	0.00986	0.00882	0.01298	0.01505	0.00727	0.01972	0.01142	0.03010	0.00934	0.01090	0.00727	0.00623	0.00415	0.00208	0.00519	0.00363	0.00415	0.00727
24	0.00818	0.00584	0.00779	0.00934	0.00973	0.00545	0.00623	0.00934	0.01285	0.01713	0.03698	0.75981	0.04438	0.02102	0.00856	0.00273	0.00389	0.01908	0.00623	0.00545
25	0.01706	0.01473	0.01503	0.01343	0.01701	0.05153	0.01042	0.10450	0.51372	0.02818	0.06343	0.07820	0.02296	0.01000	0.00696	0.00224	0.00565	0.00834	0.00663	0.00996
26	0.01564	0.09697	0.58065	0.01786	0.02673	0.05526	0.02195	0.02225	0.01473	0.06961	0.01272	0.01436	0.00908	0.00648	0.00620	0.00204	0.00950	0.00493	0.00325	0.00979
27	0.01430	0.01571	0.07632	0.08791	0.12832	0.01517	0.22494	0.01951	0.07048	0.02031	0.04403	0.05781	0.01563	0.06732	0.01139	0.00265	0.10809	0.00781	0.00388	0.00842
28	0.00974	0.00658	0.00769	0.00769	0.00782	0.00671	0.00453	0.01000	0.00987	0.01329	0.02080	0.04202	0.02357	0.68725	0.10997	0.00697	0.00774	0.00948	0.00401	0.00427
29	0.02313	0.02556	0.01987	0.02102	0.15219	0.48028	0.01402	0.04615	0.01852	0.07660	0.01365	0.01740	0.01138	0.00752	0.00641	0.00189	0.01033	0.04135	0.00408	0.00864
30	0.01825	0.01794	0.04078	0.12592	0.19648	0.13732	0.13588	0.05963	0.03782	0.07764	0.07249	0.01972	0.01510	0.00722	0.00689	0.00206	0.00876	0.00663	0.00432	0.00916
31	0.01811	0.70142	0.03315	0.01137	0.01690	0.02493	0.01118	0.02032	0.01411	0.04765	0.04123	0.01302	0.01136	0.00620	0.00457	0.00149	0.00693	0.00410	0.00331	0.00863
32	0.01508	0.01561	0.06901	0.12600	0.18364	0.01448	0.13275	0.04142	0.11748	0.02236	0.01618	0.05958	0.01344	0.00726	0.00672	0.00200	0.00769	0.00690	0.00414	0.13829
33	0.02273	0.02783	0.01851	0.03489	0.02025	0.58706	0.01285	0.02457	0.01749	0.01689	0.01087	0.01331	0.00916	0.00757	0.00801	0.00188	0.10502	0.00467	0.04882	0.00763
34	0.01476	0.03131	0.01698	0.05449	0.08950	0.05842	0.03764	0.03455	0.01526	0.02178	0.06107	0.01900	0.04397	0.00651	0.00577	0.00143	0.00613	0.00549	0.00416	0.47179
35	0.01983	0.02200	0.02143	0.02194	0.15556	0.32747	0.07908	0.07645	0.01779	0.02033	0.01498	0.06597	0.01384	0.00875	0.00781	0.00209	0.05713	0.05508	0.00403	0.00845
36	0.01661	0.01594	0.02724	0.04119	0.72233	0.01594	0.02059	0.02059	0.01528	0.02192	0.01262	0.01661	0.01063	0.00598	0.00664	0.00199	0.00797	0.00598	0.00332	0.01063
37	0.00977	0.00764	0.00895	0.00848	0.01051	0.00722	0.00640	0.01415	0.09117	0.02428	0.44126	0.05199	0.26465	0.01426	0.00780	0.00218	0.00347	0.01229	0.00696	0.00658
38	0.02338	0.20571	0.02282	0.01592	0.01991	0.56955	0.01261	0.02521	0.01774	0.01627	0.01013	0.01178	0.00864	0.00664	0.00564	0.00166	0.01094	0.00415	0.00332	0.00798
39	0.00818	0.00584	0.00779	0.00934	0.00973	0.00545	0.00623	0.00934	0.01285	0.01713	0.03698	0.75981	0.04438	0.02102	0.00856	0.00273	0.00389	0.01908	0.00623	0.00545
40	0.01669	0.01441	0.01517	0.01365	0.01745	0.01669	0.01062	0.03565	0.71021	0.02807	0.02731	0.02503	0.02048	0.00910	0.00683	0.00228	0.00531	0.00759	0.00683	0.01062
41	0.01100	0.00719	0.00945	0.00870	0.01054	0.00659	0.00659	0.01412	0.01901	0.07781	0.66845	0.04814	0.05992	0.01332	0.00783	0.00211	0.00335	0.01174	0.00745	0.00670
42	0.81159	0.01298	0.00986	0.00882	0.01298	0.01505	0.00727	0.01972	0.01142	0.03010	0.00934	0.01090	0.00727	0.00623	0.00415	0.00208	0.00519	0.00363	0.00415	0.00727
43	0.00847	0.00682	0.00755	0.00737	0.00940	0.00589	0.00552	0.01068	0.01657	0.02116	0.29278	0.05958	0.49291	0.01586	0.00792	0.00221	0.00332	0.01346	0.00663	0.00589
44	0.00959	0.00719	0.01078	0.01078	0.01198	0.00839	0.00839	0.01198	0.01078	0.01558	0.01797	0.02636	0.01677	0.05032	0.73760	0.01078	0.01797	0.00719	0.00359	0.00599
45	0.01578	0.01505	0.02587	0.10557	0.57889	0.01529	0.04714	0.01982	0.01514	0.02132	0.01426	0.02108	0.01249	0.00695	0.00689	0.00211	0.00807	0.05486	0.00350	0.00994
46	0.01794	0.76823	0.03516	0.01148	0.01722	0.02655	0.01148	0.02009	0.01363	0.01579	0.00933	0.01076	0.00861	0.00574	0.00431	0.00144	0.00718	0.00359	0.00287	0.00861
47	0.13551	0.14404	0.09408	0.01456	0.01948	0.31237	0.01274	0.06321	0.01730	0.11016	0.01260	0.01352	0.00959	0.00681	0.00566	0.00183	0.00902	0.00458	0.00420	0.00873
48	0.01671	0.03904	0.01466	0.03196	0.07109	0.12370	0.00969	0.06572	0.01400	0.07584	0.01465	0.04959	0.01340	0.05626	0.03540	0.32562	0.02600	0.00641	0.00397	0.00629
49	0.81159	0.01298	0.00986	0.00882	0.01298	0.01505	0.00727	0.01972	0.01142	0.03010	0.00934	0.01090	0.00727	0.00623	0.00415	0.00208	0.00519	0.00363	0.00415	0.00727
50	0.01552	0.01750	0.09107	0.06530	0.24350	0.05440	0.16247	0.05282	0.01551	0.02110	0.01665	0.09660	0.03424	0.00856	0.00845	0.00223	0.07348	0.00783	0.00381	0.00896
51	0.01063	0.00869	0.00970	0.00908	0.01080	0.05948	0.00681	0.01369	0.01899	0.02614	0.66728	0.04736	0.05934	0.01322	0.00778	0.00208	0.00382	0.01157	0.00710	0.00644
52	0.01859	0.01501	0.01637	0.01453	0.03884	0.01676	0.01113	0.15438	0.50539	0.05400	0.02398	0.02249	0.01784	0.00857	0.00670	0.00214	0.00576	0.00703	0.00660	0.05386
53	0.01739	0.01523	0.01555	0.01365	0.01768	0.04564	0.01066	0.07633	0.58821	0.02805	0.02479	0.02313	0.01866	0.00865	0.00665	0.00214	0.00569	0.00709	0.00648	0.06833
54	0.00942	0.00640	0.00760	0.00806	0.00823	0.00631	0.00492	0.00986	0.01079	0.01436	0.02572	0.22071	0.02997	0.54620	0.02668	0.00541	0.00585	0.04431	0.00470	0.00451
55	0.01414	0.01236	0.01569	0.01366	0.08321	0.01022	0.02868	0.01836	0.06467	0.02208	0.01440	0.05212	0.01249	0.00618	0.00552	0.00130	0.00540	0.00529	0.00422	0.61001
56	0.02526	0.01797	0.01948	0.01507	0.02032	0.01974	0.01240	0.60791	0.07512	0.09114	0.01760	0.01718	0.01238	0.00814	0.00672	0.00204	0.00713	0.00619	0.00684	0.01136
57	0.00934	0.00685	0.00875	0.00828	0.00993	0.00626	0.00621	0.01236	0.01862	0.02603	0.65366	0.05157	0.12899	0.01405	0.00792	0.00213	0.00319	0.01234	0.00727	0.00626
58	0.02569	0.01345	0.01670	0.01324	0.01785	0.06386	0.04725	0.10506	0.01986	0.46846	0.05244	0.08647	0.01941	0.00936	0.00696	0.00211	0.00641	0.00785	0.00729	0.01030
59	0.01559	0.01631	0.05953	0.20366	0.28076	0.05423	0.11574	0.05578	0.01577	0.02109	0.01494	0.06844	0.01308	0.00767	0.00701	0.00217	0.00865	0.02689	0.00369	0.00901
60	0.02992	0.01172	0.01576	0.01208	0.01728	0.01031	0.00998	0.05973	0.01970	0.69924	0.02605	0.02257	0.01640	0.00829	0.00675	0.00207	0.00578	0.00672	0.00824	0.01142
61	0.01584	0.01810	0.03959	0.02828	0.03507	0.01697	0.69796	0.02149	0.01584	0.02149	0.01357	0.01810	0.01018	0.00566	0.00792	0.00226	0.01131	0.00792	0.00339	0.00905
62	0.01752	0.01392	0.02101	0.17771	0.28454	0.01499	0.01610	0.10994	0.03483	0.09854	0.01700	0.07329	0.01441	0.00849	0.00773	0.00220	0.04776	0.02594	0.00459	0.00947
63	0.00939	0.00763	0.01122	0.01104	0.01276	0.00706	0.07374	0.01156	0.01452	0.01887	0.08250	0.36577	0.19939	0.01773	0.00843	0.00260	0.00484	0.12890	0.00602	0.00603
64	0.00843	0.00642	0.00778	0.00845	0.00972	0.00577	0.00605	0.01021	0.01486	0.01930	0.16731	0.37364	0.27476	0.01828	0.00826	0.00248	0.00369	0.04245	0.00643	0.00571
65	0.04837	0.37186	0.28509	0.01487	0.02166	0.04830	0.01644	0.04814	0.01449	0.01947	0.01060	0.01249	0.00864	0.00645	0.00618	0.00183	0.04865	0.00434	0.00309	0.00905
66	0.04259	0.01801	0.08942	0.05618	0.05959	0.04534	0.17837	0.17068	0.10148	0.09127	0.01725	0.02009	0.01304	0.00911	0.03448	0.00248	0.00876	0.02710	0.00501	0.00974
67	0.04255	0.20676	0.05892	0.03976	0.01964	0.04702	0.03322	0.19032	0.01790	0.02417	0.05088	0.04567	0.01376	0.00880	0.00950	0.00211	0.16985	0.00609	0.00431	0.00876

[dist]
# distance from previous block
# <min> <max>
0	3

[block]
# block no. 1 follows, 32 sequences, length 29
# corresponding to MSA columns:
# 119-147
name=unknown_B
#
# <colnr> <probs for GDERKNQSTAVLIFYWHMCP>
#	G	D	E	R	K	N	Q	S	T	A	V	L	I	F	Y	W	H	M	C	P
0	0.01130	0.00900	0.01197	0.10910	0.06804	0.03877	0.00990	0.01348	0.01409	0.04579	0.03173	0.41993	0.06753	0.01641	0.00807	0.00257	0.00556	0.10469	0.00555	0.00653
1	0.06706	0.02830	0.01868	0.08870	0.02283	0.59074	0.01320	0.05900	0.01867	0.01853	0.01075	0.01280	0.00874	0.00691	0.00604	0.00181	0.01117	0.00453	0.00361	0.00790
2	0.10114	0.01736	0.01875	0.02101	0.19846	0.14006	0.01346	0.05797	0.17590	0.02307	0.01644	0.01837	0.03088	0.00869	0.00898	0.03663	0.09340	0.00602	0.00443	0.00898
3	0.05876	0.42473	0.02734	0.05382	0.01988	0.25279	0.01219	0.04877	0.01594	0.01780	0.01007	0.01180	0.00868	0.00628	0.00508	0.00163	0.00876	0.00405	0.00328	0.00833
4	0.00843	0.00587	0.00781	0.00921	0.00956	0.00552	0.00610	0.00933	0.01249	0.01665	0.03492	0.68688	0.04174	0.05860	0.01073	0.04288	0.00412	0.01795	0.00595	0.00525
5	0.02632	0.01749	0.01933	0.01482	0.02016	0.01887	0.01224	0.58199	0.02937	0.16333	0.01794	0.01730	0.01233	0.00810	0.00672	0.00202	0.00709	0.00617	0.00699	0.01141
6	0.00959	0.00719	0.01078	0.01078	0.01198	0.00839	0.00839	0.01198	0.01078	0.01558	0.01797	0.02636	0.01677	0.05032	0.73760	0.01078	0.01797	0.00719	0.00359	0.00599
7	0.00818	0.00584	0.00779	0.00934	0.00973	0.00545	0.00623	0.00934	0.01285	0.01713	0.03698	0.75981	0.04438	0.02102	0.00856	0.00273	0.00389	0.01908	0.00623	0.00545
8	0.01391	0.01193	0.01391	0.00994	0.01590	0.00894	0.00795	0.01690	0.01391	0.02186	0.01193	0.01391	0.00994	0.00497	0.00497	0.00099	0.00497	0.00398	0.00398	0.80521
9	0.00793	0.00680	0.00680	0.00680	0.00906	0.00566	0.00510	0.00963	0.01529	0.01813	0.06797	0.06457	0.71961	0.01699	0.00793	0.00227	0.00340	0.01416	0.00623	0.00566
10	0.01964	0.01531	0.01618	0.01599	0.09772	0.10639	0.01120	0.07991	0.23477	0.16224	0.05731	0.02740	0.10753	0.00943	0.00687	0.00210	0.00639	0.00773	0.00622	0.00966
11	0.81159	0.01298	0.00986	0.00882	0.01298	0.01505	0.00727	0.01972	0.01142	0.03010	0.00934	0.01090	0.00727	0.00623	0.00415	0.00208	0.00519	0.00363	0.00415	0.00727
12	0.06058	0.01333	0.01273	0.01099	0.01374	0.08650	0.00872	0.19752	0.01869	0.02815	0.01731	0.01963	0.01349	0.00806	0.00693	0.00185	0.07420	0.00582	0.39382	0.00792
13	0.01508	0.01709	0.13452	0.01940	0.14444	0.01233	0.10480	0.01936	0.01462	0.04408	0.01275	0.01527	0.01007	0.00557	0.00594	0.00155	0.00716	0.00510	0.00374	0.40715
14	0.05151	0.23103	0.18998	0.01518	0.05006	0.05464	0.01440	0.15182	0.03659	0.04240	0.03369	0.01720	0.01243	0.06242	0.00787	0.00221	0.00780	0.00542	0.00418	0.00918
15	0.00964	0.00697	0.00965	0.00965	0.01046	0.00777	0.00698	0.01126	0.01045	0.01474	0.01901	0.03209	0.01926	0.28328	0.50804	0.00939	0.01423	0.00803	0.00375	0.00536
16	0.10060	0.01614	0.04262	0.17208	0.06110	0.01695	0.17439	0.18648	0.04585	0.06469	0.01436	0.01703	0.01059	0.00709	0.00738	0.00218	0.04031	0.00627	0.00456	0.00932
17	0.01816	0.05311	0.19064	0.04003	0.10600	0.10845	0.09543	0.09440	0.07074	0.07699	0.01803	0.03506	0.04745	0.00768	0.00669	0.00207	0.00859	0.00653	0.00442	0.00952
18	0.02251	0.02363	0.01982	0.11510	0.07649	0.38420	0.01416	0.12532	0.01930	0.06854	0.01258	0.01470	0.00979	0.00740	0.00738	0.00196	0.05906	0.00519	0.00416	0.00871
19	0.01019	0.00759	0.00957	0.00895	0.01074	0.00734	0.00675	0.01489	0.08605	0.02702	0.65171	0.04769	0.05916	0.01327	0.00781	0.00213	0.00337	0.01169	0.00733	0.00675
20	0.01144	0.00885	0.01208	0.01464	0.11046	0.00878	0.00939	0.08292	0.01554	0.02079	0.03271	0.46692	0.06707	0.01711	0.00816	0.00257	0.00507	0.09278	0.00587	0.00688
21	0.04064	0.18057	0.02375	0.10902	0.08476	0.35558	0.03564	0.03989	0.01663	0.01801	0.01072	0.01327	0.00894	0.00667	0.00631	0.00182	0.03147	0.00470	0.00335	0.00827
22	0.00976	0.00651	0.00732	0.00732	0.00732	0.00651	0.00407	0.00976	0.00976	0.01301	0.02114	0.04391	0.02439	0.76419	0.03415	0.00651	0.00651	0.00976	0.00407	0.00407
23	0.00816	0.00591	0.00771	0.00916	0.00968	0.00547	0.00615	0.00936	0.01303	0.01720	0.03925	0.70884	0.09388	0.02073	0.00852	0.00269	0.00386	0.01871	0.00623	0.00547
24	0.00983	0.00673	0.00881	0.00881	0.00929	0.00721	0.00592	0.01057	0.01009	0.01394	0.01918	0.03517	0.02041	0.42439	0.31488	0.06674	0.01104	0.00844	0.00379	0.00475
25	0.07463	0.08875	0.02188	0.26312	0.16168	0.10119	0.01572	0.09072	0.04339	0.02176	0.01232	0.01572	0.00978	0.00695	0.00697	0.00206	0.04548	0.00545	0.00371	0.00872
26	0.01445	0.19627	0.57650	0.01744	0.02644	0.01800	0.02186	0.02099	0.01405	0.02005	0.01144	0.01342	0.00852	0.00624	0.00592	0.00197	0.00931	0.00466	0.00284	0.00963
27	0.06231	0.01614	0.01701	0.01338	0.01797	0.01778	0.01096	0.53696	0.02725	0.03842	0.01686	0.01753	0.01230	0.00792	0.00620	0.00193	0.00647	0.00596	0.15643	0.01023
28	0.01635	0.00870	0.01013	0.00902	0.01162	0.00855	0.00715	0.09116	0.01774	0.14930	0.13819	0.03137	0.02559	0.00965	0.00612	0.00190	0.00425	0.05417	0.39130	0.00771

[dist]
# distance from previous block
# <min> <max>
5	19

[block]
# block no. 2 follows, 32 sequences, length 52
# corresponding to MSA columns:
# 167-218
name=unknown_C
#
# <colnr> <probs for GDERKNQSTAVLIFYWHMCP>
#	G	D	E	R	K	N	Q	S	T	A	V	L	I	F	Y	W	H	M	C	P
0	0.01797	0.22102	0.21733	0.06123	0.06889	0.05432	0.01556	0.02258	0.04237	0.13422	0.01479	0.01700	0.01143	0.03789	0.03393	0.00241	0.00840	0.00536	0.00404	0.00925
1	0.04218	0.04258	0.16215	0.02122	0.06518	0.11883	0.19465	0.12729	0.01743	0.02339	0.01228	0.01523	0.00954	0.00721	0.00881	0.00217	0.11098	0.00592	0.00376	0.00920
2	0.14576	0.36642	0.13399	0.01390	0.01961	0.16255	0.03512	0.02157	0.01449	0.01922	0.01009	0.01180	0.00844	0.00614	0.00506	0.00173	0.00838	0.00409	0.00320	0.00844
3	0.04505	0.01241	0.01945	0.51442	0.12029	0.01468	0.01686	0.06513	0.01476	0.02022	0.01342	0.03789	0.01075	0.00844	0.02868	0.00243	0.00850	0.00628	0.03236	0.00796
4	0.00846	0.00682	0.00753	0.00735	0.00939	0.00589	0.00551	0.01065	0.01654	0.02108	0.28680	0.05971	0.49894	0.01589	0.00792	0.00221	0.00332	0.01348	0.00662	0.00589
5	0.02481	0.01898	0.01971	0.01537	0.02055	0.04884	0.01260	0.62183	0.08366	0.04016	0.01675	0.01664	0.01200	0.00809	0.00670	0.00202	0.00741	0.00609	0.00659	0.01121
6	0.00989	0.00646	0.00726	0.00732	0.00745	0.00645	0.00419	0.01015	0.01018	0.01401	0.02181	0.07026	0.02466	0.68240	0.03110	0.00601	0.00617	0.00987	0.06008	0.00427
7	0.01238	0.00782	0.00961	0.00883	0.01113	0.00715	0.00677	0.01562	0.04617	0.12344	0.37423	0.04957	0.21942	0.04310	0.00878	0.00236	0.00391	0.03569	0.00703	0.00697
8	0.01584	0.01810	0.03959	0.02828	0.03507	0.01697	0.69796	0.02149	0.01584	0.02149	0.01357	0.01810	0.01018	0.00566	0.00792	0.00226	0.01131	0.00792	0.00339	0.00905
9	0.01713	0.01463	0.01542	0.01374	0.01762	0.01689	0.01073	0.06875	0.67640	0.02878	0.02675	0.02459	0.02003	0.00905	0.00682	0.00226	0.00541	0.00751	0.00682	0.01066
10	0.00818	0.00584	0.00779	0.00934	0.00973	0.00545	0.00623	0.00934	0.01285	0.01713	0.03698	0.75981	0.04438	0.02102	0.00856	0.00273	0.00389	0.01908	0.00623	0.00545
11	0.08065	0.01839	0.01942	0.01497	0.02026	0.02040	0.01237	0.65224	0.03014	0.04143	0.01563	0.01574	0.01112	0.00793	0.00653	0.00202	0.00723	0.00587	0.00653	0.01112
12	0.81159	0.01298	0.00986	0.00882	0.01298	0.01505	0.00727	0.01972	0.01142	0.03010	0.00934	0.01090	0.00727	0.00623	0.00415	0.00208	0.00519	0.00363	0.00415	0.00727
13	0.01669	0.01441	0.01517	0.01365	0.01745	0.01669	0.01062	0.03565	0.71021	0.02807	0.02731	0.02503	0.02048	0.00910	0.00683	0.00228	0.00531	0.00759	0.00683	0.01062
14	0.81159	0.01298	0.00986	0.00882	0.01298	0.01505	0.00727	0.01972	0.01142	0.03010	0.00934	0.01090	0.00727	0.00623	0.00415	0.00208	0.00519	0.00363	0.00415	0.00727
15	0.03010	0.01142	0.01557	0.01194	0.01713	0.00986	0.00986	0.03270	0.01920	0.72698	0.02647	0.02284	0.01661	0.00830	0.00675	0.00208	0.00571	0.00675	0.00830	0.01142
16	0.00825	0.00599	0.00779	0.00908	0.00970	0.00553	0.00615	0.00961	0.01349	0.01792	0.08915	0.65336	0.09887	0.02017	0.00847	0.00264	0.00380	0.01818	0.00631	0.00553
17	0.02869	0.01239	0.01602	0.01242	0.01753	0.01147	0.01021	0.10182	0.06895	0.60723	0.02546	0.02230	0.01634	0.00833	0.00675	0.00208	0.00585	0.00673	0.00804	0.01136
18	0.00886	0.00670	0.00817	0.00808	0.00970	0.00602	0.00596	0.01132	0.01707	0.02301	0.43569	0.15129	0.25229	0.01567	0.00801	0.00224	0.00333	0.01367	0.00689	0.00602
19	0.02656	0.01229	0.01555	0.01238	0.01719	0.01173	0.01007	0.06733	0.16141	0.52937	0.04485	0.02368	0.01840	0.00860	0.00679	0.00211	0.00565	0.00703	0.00789	0.01112
20	0.02677	0.01584	0.01820	0.01405	0.01928	0.01655	0.01158	0.41954	0.06079	0.29536	0.02051	0.01905	0.01379	0.00820	0.00673	0.00205	0.00666	0.00638	0.00731	0.01137
21	0.01541	0.06195	0.02388	0.19025	0.42275	0.01554	0.01772	0.04816	0.01564	0.02154	0.06283	0.04577	0.01508	0.00730	0.00667	0.00205	0.00762	0.00673	0.00375	0.00935
22	0.00919	0.00626	0.00749	0.00805	0.00819	0.00612	0.00485	0.00961	0.01088	0.01450	0.02687	0.30289	0.03162	0.49535	0.02490	0.00514	0.00556	0.01313	0.00485	0.00457
23	0.00818	0.00584	0.00779	0.00934	0.00973	0.00545	0.00623	0.00934	0.01285	0.01713	0.03698	0.75981	0.04438	0.02102	0.00856	0.00273	0.00389	0.01908	0.00623	0.00545
24	0.02663	0.01607	0.01834	0.01416	0.01939	0.01688	0.01166	0.44002	0.06117	0.27435	0.02019	0.01884	0.01363	0.00819	0.00673	0.00205	0.00671	0.00636	0.00726	0.01137
25	0.01586	0.01313	0.01517	0.01509	0.07117	0.06517	0.03431	0.15674	0.12869	0.04558	0.02622	0.33095	0.02660	0.01336	0.00750	0.00234	0.00606	0.01174	0.00595	0.00836
26	0.00984	0.00648	0.00738	0.00738	0.00738	0.00648	0.00414	0.00972	0.00972	0.01295	0.02075	0.04294	0.02387	0.73356	0.03382	0.03951	0.00648	0.00960	0.00402	0.00402
27	0.00865	0.00676	0.00788	0.00804	0.00980	0.00599	0.00605	0.01083	0.01610	0.02078	0.25693	0.15139	0.38343	0.01665	0.00811	0.00234	0.00360	0.06422	0.00657	0.00588
28	0.02508	0.01799	0.01946	0.01508	0.02031	0.01980	0.01240	0.60529	0.08549	0.08334	0.01765	0.01724	0.01246	0.00815	0.00672	0.00204	0.00711	0.00621	0.00682	0.01135
29	0.01671	0.12722	0.04717	0.18688	0.27780	0.10543	0.06743	0.02037	0.01483	0.01896	0.01157	0.01543	0.00953	0.00651	0.00713	0.00201	0.04736	0.00553	0.00317	0.00898
30	0.01750	0.11090	0.05022	0.01669	0.09982	0.01764	0.01250	0.13144	0.35435	0.02760	0.07382	0.02233	0.01920	0.00839	0.00653	0.00208	0.00621	0.00689	0.00577	0.01013
31	0.00958	0.00693	0.00831	0.00801	0.00991	0.00615	0.00599	0.01203	0.01717	0.04912	0.39919	0.10434	0.30816	0.01526	0.00792	0.00221	0.00340	0.01319	0.00690	0.00621
32	0.01212	0.00642	0.00916	0.00896	0.00927	0.00647	0.00610	0.03861	0.00997	0.01322	0.01392	0.02184	0.03771	0.02242	0.02471	0.74058	0.00581	0.00614	0.00320	0.00338
33	0.00854	0.00663	0.00766	0.00778	0.00939	0.00587	0.00562	0.01051	0.01569	0.02035	0.25759	0.18451	0.36257	0.05538	0.00940	0.00252	0.00358	0.01420	0.00647	0.00575
34	0.01469	0.01239	0.01433	0.01031	0.01623	0.00974	0.00827	0.06291	0.01510	0.02324	0.01221	0.01406	0.01004	0.00518	0.00509	0.00106	0.00513	0.00411	0.00416	0.75173
35	0.01941	0.19071	0.06926	0.04601	0.05974	0.27796	0.20322	0.02288	0.01628	0.01825	0.01129	0.01400	0.00916	0.00622	0.00625	0.00186	0.01035	0.00533	0.00325	0.00857
36	0.01243	0.01028	0.01244	0.00987	0.01420	0.00836	0.00763	0.01497	0.01311	0.01995	0.01600	0.09715	0.01541	0.05289	0.11793	0.00295	0.00690	0.00638	0.00416	0.55700
37	0.02489	0.01849	0.01979	0.01531	0.02057	0.02052	0.01260	0.65336	0.07916	0.04129	0.01690	0.01674	0.01205	0.00813	0.00672	0.00203	0.00724	0.00615	0.00672	0.01136
38	0.01166	0.00583	0.00874	0.00874	0.00874	0.00583	0.00583	0.00874	0.00874	0.01166	0.01166	0.02040	0.01166	0.02331	0.02622	0.80478	0.00583	0.00583	0.00291	0.00291
39	0.06329	0.01177	0.01473	0.01120	0.01644	0.01017	0.00915	0.05422	0.01776	0.42941	0.04767	0.02039	0.01577	0.00742	0.00614	0.00176	0.00544	0.00596	0.00672	0.24458
40	0.02506	0.03198	0.01901	0.01729	0.02074	0.73725	0.01296	0.02679	0.01901	0.01642	0.01037	0.01210	0.00864	0.00691	0.00605	0.00173	0.01210	0.00432	0.00346	0.00778
41	0.01468	0.01468	0.02055	0.01762	0.01762	0.02055	0.01468	0.01615	0.01028	0.01615	0.00881	0.01468	0.00881	0.01174	0.02202	0.00294	0.75191	0.00587	0.00294	0.00734
42	0.01626	0.03989	0.01590	0.04513	0.08464	0.01117	0.05053	0.05421	0.06381	0.13906	0.05032	0.06300	0.06863	0.01167	0.00831	0.05170	0.00600	0.12037	0.09131	0.00811
43	0.02506	0.03198	0.01901	0.01729	0.02074	0.73725	0.01296	0.02679	0.01901	0.01642	0.01037	0.01210	0.00864	0.00691	0.00605	0.00173	0.01210	0.00432	0.00346	0.00778
44	0.00853	0.00682	0.00764	0.00743	0.00943	0.00592	0.00557	0.01080	0.01672	0.02152	0.31921	0.05900	0.46626	0.01573	0.00792	0.00221	0.00331	0.01338	0.00668	0.00592
45	0.00970	0.00648	0.00734	0.00739	0.00741	0.00647	0.00415	0.00974	0.00987	0.01316	0.02173	0.07071	0.02514	0.73636	0.03319	0.00636	0.00641	0.01011	0.00415	0.00412
46	0.01691	0.05565	0.08204	0.12114	0.19152	0.05420	0.19409	0.08932	0.06428	0.02272	0.01378	0.01708	0.01070	0.00695	0.00736	0.02377	0.00899	0.00631	0.00381	0.00937
47	0.01844	0.01881	0.02055	0.06754	0.16311	0.21121	0.05830	0.10924	0.01726	0.02103	0.01578	0.04500	0.04785	0.00957	0.00978	0.06432	0.08342	0.00654	0.00397	0.00828
48	0.02441	0.03088	0.01911	0.01731	0.02054	0.69174	0.01307	0.02612	0.01846	0.01640	0.01027	0.01226	0.00865	0.00722	0.00706	0.00181	0.05908	0.00442	0.00342	0.00775
49	0.81159	0.01298	0.00986	0.00882	0.01298	0.01505	0.00727	0.01972	0.01142	0.03010	0.00934	0.01090	0.00727	0.00623	0.00415	0.00208	0.00519	0.00363	0.00415	0.00727
50	0.00976	0.00651	0.00732	0.00732	0.00732	0.00651	0.00407	0.00976	0.00976	0.01301	0.02114	0.04391	0.02439	0.76419	0.03415	0.00651	0.00651	0.00976	0.00407	0.00407
51	0.01795	0.06745	0.15874	0.04968	0.22104	0.05300	0.01687	0.09470	0.10279	0.06708	0.01502	0.01677	0.01150	0.00704	0.00698	0.00201	0.03696	0.00571	0.00430	0.04440

[dist]
# distance from previous block
# <min> <max>
1	3

[block]
# block no. 3 follows, 32 sequences, length 8
# corresponding to MSA columns:
# 222-229
name=unknown_D
#
# <colnr> <probs for GDERKNQSTAVLIFYWHMCP>
#	G	D	E	R	K	N	Q	S	T	A	V	L	I	F	Y	W	H	M	C	P
0	0.00860	0.00703	0.00771	0.00748	0.00969	0.00597	0.00559	0.01064	0.01582	0.02008	0.19696	0.10472	0.50030	0.01592	0.00780	0.00219	0.00347	0.01350	0.00634	0.05020
1	0.01518	0.04055	0.01956	0.32062	0.08969	0.10660	0.01521	0.04856	0.01426	0.01807	0.01300	0.03924	0.01148	0.05556	0.04951	0.00295	0.12260	0.00633	0.00342	0.00763
2	0.01383	0.01266	0.05007	0.11012	0.06139	0.03519	0.01198	0.04717	0.07415	0.04028	0.04905	0.04238	0.01687	0.06100	0.19025	0.00453	0.09101	0.00706	0.02985	0.05115
3	0.00959	0.00719	0.01078	0.01078	0.01198	0.00839	0.00839	0.01198	0.01078	0.01558	0.01797	0.02636	0.01677	0.05032	0.73760	0.01078	0.01797	0.00719	0.00359	0.00599
4	0.01877	0.06022	0.01858	0.05646	0.05223	0.01599	0.01145	0.26697	0.11303	0.02945	0.01537	0.01635	0.01177	0.00683	0.00598	0.00168	0.00639	0.00539	0.00519	0.28190
5	0.00959	0.00719	0.01078	0.01078	0.01198	0.00839	0.00839	0.01198	0.01078	0.01558	0.01797	0.02636	0.01677	0.05032	0.73760	0.01078	0.01797	0.00719	0.00359	0.00599
6	0.00952	0.00704	0.01025	0.01031	0.01139	0.00797	0.00782	0.01169	0.01122	0.01602	0.05437	0.06897	0.02123	0.10440	0.60460	0.00956	0.01554	0.00829	0.00397	0.00582
7	0.01721	0.14572	0.15444	0.10099	0.24870	0.10395	0.06313	0.05180	0.01583	0.02052	0.01185	0.01487	0.00950	0.00627	0.00623	0.00194	0.00898	0.00533	0.00330	0.00943

[dist]
# distance from previous block
# <min> <max>
0	2

[block]
# block no. 4 follows, 32 sequences, length 18
# corresponding to MSA columns:
# 232-249
name=unknown_E
#
# <colnr> <probs for GDERKNQSTAVLIFYWHMCP>
#	G	D	E	R	K	N	Q	S	T	A	V	L	I	F	Y	W	H	M	C	P
0	0.02001	0.35363	0.02567	0.05221	0.01997	0.23284	0.01230	0.08057	0.07735	0.01952	0.01293	0.01575	0.01108	0.00712	0.00556	0.00175	0.00853	0.03073	0.00385	0.00862
1	0.73494	0.01506	0.07896	0.00981	0.01452	0.01510	0.00895	0.01987	0.01168	0.02925	0.00960	0.01121	0.00739	0.00624	0.00437	0.00208	0.00564	0.00376	0.00403	0.00752
2	0.01679	0.05727	0.11205	0.10662	0.20909	0.01635	0.20648	0.06914	0.03459	0.06208	0.01556	0.01847	0.03088	0.00668	0.00690	0.00210	0.00883	0.00659	0.00392	0.00961
3	0.00824	0.00632	0.00756	0.00829	0.00952	0.00564	0.00582	0.00985	0.01449	0.01867	0.13025	0.41749	0.29642	0.01866	0.00825	0.00248	0.00362	0.01642	0.00637	0.00564
4	0.01761	0.30055	0.02206	0.01217	0.01627	0.10760	0.01044	0.06798	0.12449	0.04465	0.14311	0.02374	0.02212	0.00861	0.00600	0.00185	0.00660	0.03071	0.02491	0.00854
5	0.00896	0.00672	0.00818	0.00802	0.00959	0.00608	0.00586	0.01136	0.01689	0.02283	0.43865	0.12185	0.23710	0.05661	0.00942	0.00245	0.00348	0.01322	0.00678	0.00594
6	0.05851	0.51104	0.13195	0.01621	0.08738	0.02285	0.05181	0.02036	0.01387	0.01821	0.01026	0.01222	0.00881	0.00587	0.00501	0.00167	0.00777	0.00425	0.00300	0.00894
7	0.23515	0.09236	0.13682	0.05800	0.16178	0.10146	0.04311	0.05927	0.01516	0.02370	0.01125	0.01366	0.00887	0.00634	0.00568	0.00198	0.00809	0.00483	0.00362	0.00888
8	0.01166	0.00583	0.00874	0.00874	0.00874	0.00583	0.00583	0.00874	0.00874	0.01166	0.01166	0.02040	0.01166	0.02331	0.02622	0.80478	0.00583	0.00583	0.00291	0.00291
9	0.00835	0.00607	0.00749	0.00863	0.00949	0.00554	0.00590	0.00974	0.01344	0.01776	0.04290	0.56999	0.18936	0.01945	0.00822	0.00256	0.00374	0.01733	0.04849	0.00554
10	0.01966	0.18589	0.07794	0.01979	0.11322	0.19474	0.10277	0.07282	0.03384	0.06026	0.01398	0.05007	0.01172	0.00722	0.00624	0.00190	0.00896	0.00593	0.00398	0.00909
11	0.01530	0.19309	0.15708	0.01973	0.04454	0.01913	0.20469	0.01934	0.01366	0.01877	0.01249	0.03718	0.01098	0.00798	0.01001	0.00223	0.17687	0.02514	0.00322	0.00858
12	0.00818	0.00584	0.00779	0.00934	0.00973	0.00545	0.00623	0.00934	0.01285	0.01713	0.03698	0.75981	0.04438	0.02102	0.00856	0.00273	0.00389	0.01908	0.00623	0.00545
13	0.01387	0.01740	0.15385	0.26095	0.25843	0.01463	0.06746	0.01861	0.01451	0.01986	0.01767	0.02128	0.07775	0.00732	0.00683	0.00214	0.00844	0.00671	0.00341	0.00888
14	0.02038	0.06471	0.07482	0.10005	0.08496	0.19226	0.03430	0.09925	0.10694	0.10743	0.01748	0.01846	0.03434	0.00755	0.00647	0.00200	0.00847	0.00598	0.00477	0.00938
15	0.03949	0.03748	0.07436	0.03298	0.05357	0.11502	0.04973	0.06095	0.01700	0.18161	0.06087	0.08356	0.08594	0.06682	0.00893	0.00242	0.00716	0.00824	0.00542	0.00847
16	0.01586	0.01011	0.01478	0.01257	0.03601	0.00919	0.07438	0.03729	0.01743	0.17909	0.27726	0.07035	0.03352	0.01243	0.04576	0.00245	0.00581	0.00912	0.02908	0.10749
17	0.15169	0.03266	0.01750	0.08047	0.16642	0.01471	0.01238	0.11257	0.07408	0.06484	0.04413	0.02005	0.01444	0.05225	0.06337	0.00295	0.02476	0.00618	0.00470	0.03989

[dist]
# distance from previous block
# <min> <max>
0	7

[block]
# block no. 5 follows, 32 sequences, length 66
# corresponding to MSA columns:
# 257-322
name=unknown_F
#
# <colnr> <probs for GDERKNQSTAVLIFYWHMCP>
#	G	D	E	R	K	N	Q	S	T	A	V	L	I	F	Y	W	H	M	C	P
0	0.04422	0.10393	0.06591	0.07909	0.02202	0.12715	0.04101	0.21039	0.06582	0.02617	0.03501	0.04930	0.01351	0.00776	0.00625	0.00190	0.00784	0.00610	0.00474	0.08188
1	0.14794	0.11962	0.04359	0.06640	0.16468	0.06406	0.01338	0.11039	0.05375	0.06631	0.01342	0.01510	0.01042	0.00659	0.00575	0.00187	0.00719	0.00509	0.00435	0.08011
2	0.01581	0.01557	0.06291	0.04080	0.13081	0.10497	0.03309	0.04397	0.11446	0.04572	0.06048	0.02357	0.03748	0.05436	0.08588	0.07833	0.00852	0.00689	0.00448	0.03189
3	0.01352	0.01174	0.01481	0.13844	0.02099	0.00988	0.00976	0.01671	0.01379	0.02090	0.01269	0.03727	0.01081	0.00576	0.00538	0.00126	0.00563	0.00478	0.00387	0.64200
4	0.01584	0.03317	0.02493	0.05136	0.02370	0.01741	0.20248	0.08049	0.01463	0.02107	0.01150	0.01567	0.00963	0.00815	0.01258	0.00225	0.29531	0.00607	0.00359	0.15017
5	0.05218	0.00886	0.00948	0.00833	0.01100	0.00899	0.00655	0.10442	0.01688	0.12641	0.02125	0.02296	0.01594	0.00785	0.00521	0.00172	0.00412	0.00618	0.55402	0.00768
6	0.00801	0.00680	0.00691	0.00688	0.00911	0.00570	0.00516	0.00979	0.01549	0.01859	0.10263	0.06380	0.68466	0.01682	0.00793	0.00226	0.00339	0.01405	0.00629	0.00570
7	0.00865	0.00657	0.00797	0.00816	0.00964	0.00589	0.00592	0.01083	0.01621	0.02156	0.33402	0.24192	0.26492	0.01668	0.00809	0.00232	0.00343	0.01460	0.00672	0.00589
8	0.00818	0.00584	0.00779	0.00934	0.00973	0.00545	0.00623	0.00934	0.01285	0.01713	0.03698	0.75981	0.04438	0.02102	0.00856	0.00273	0.00389	0.01908	0.00623	0.00545
9	0.01473	0.01483	0.02138	0.01808	0.01837	0.02040	0.04437	0.01638	0.01052	0.01638	0.00902	0.01483	0.00887	0.01148	0.02141	0.00291	0.71973	0.00596	0.00296	0.00741
10	0.03010	0.01142	0.01557	0.01194	0.01713	0.00986	0.00986	0.03270	0.01920	0.72698	0.02647	0.02284	0.01661	0.00830	0.00675	0.00208	0.00571	0.00675	0.00830	0.01142
11	0.01309	0.00681	0.00687	0.00666	0.00840	0.00690	0.00505	0.04608	0.01485	0.02578	0.02163	0.02462	0.01694	0.00783	0.00478	0.00158	0.00332	0.00624	0.76608	0.00648
12	0.01251	0.00625	0.00625	0.00625	0.00782	0.00625	0.00469	0.01563	0.01407	0.02502	0.02189	0.02502	0.01720	0.00782	0.00469	0.00156	0.00313	0.00625	0.80144	0.00625
13	0.01468	0.01468	0.02055	0.01762	0.01762	0.02055	0.01468	0.01615	0.01028	0.01615	0.00881	0.01468	0.00881	0.01174	0.02202	0.00294	0.75191	0.00587	0.00294	0.00734
14	0.02506	0.03198	0.01901	0.01729	0.02074	0.73725	0.01296	0.02679	0.01901	0.01642	0.01037	0.01210	0.00864	0.00691	0.00605	0.00173	0.01210	0.00432	0.00346	0.00778
15	0.01391	0.01193	0.01391	0.00994	0.01590	0.00894	0.00795	0.01690	0.01391	0.02186	0.01193	0.01391	0.00994	0.00497	0.00497	0.00099	0.00497	0.00398	0.00398	0.80521
16	0.01705	0.01459	0.01538	0.01373	0.01759	0.01686	0.01071	0.06310	0.68217	0.02866	0.02685	0.02467	0.02011	0.00906	0.00682	0.00227	0.00540	0.00752	0.00682	0.01065
17	0.81159	0.01298	0.00986	0.00882	0.01298	0.01505	0.00727	0.01972	0.01142	0.03010	0.00934	0.01090	0.00727	0.00623	0.00415	0.00208	0.00519	0.00363	0.00415	0.00727
18	0.00991	0.00668	0.00854	0.00894	0.01029	0.00608	0.00646	0.01188	0.01547	0.06212	0.23842	0.37917	0.15297	0.01744	0.00819	0.00245	0.00379	0.03838	0.00668	0.00612
19	0.01794	0.76823	0.03516	0.01148	0.01722	0.02655	0.01148	0.02009	0.01363	0.01579	0.00933	0.01076	0.00861	0.00574	0.00431	0.00144	0.00718	0.00359	0.00287	0.00861
20	0.01391	0.01193	0.01391	0.00994	0.01590	0.00894	0.00795	0.01690	0.01391	0.02186	0.01193	0.01391	0.00994	0.00497	0.00497	0.00099	0.00497	0.00398	0.00398	0.80521
21	0.01732	0.01473	0.01553	0.01378	0.01769	0.01698	0.01077	0.08294	0.66190	0.02908	0.02651	0.02440	0.01984	0.00903	0.00682	0.00226	0.00546	0.00748	0.00682	0.01068
22	0.01376	0.01247	0.01985	0.28393	0.27674	0.01339	0.01615	0.04507	0.01496	0.02020	0.01957	0.10976	0.05986	0.00914	0.00700	0.00218	0.00736	0.02796	0.00398	0.03669
23	0.01420	0.08185	0.57793	0.02011	0.07000	0.01646	0.05297	0.02177	0.04451	0.02123	0.01262	0.01473	0.00923	0.00639	0.00634	0.00208	0.00947	0.00517	0.00306	0.00986
24	0.01549	0.07018	0.18011	0.02532	0.03268	0.01731	0.51600	0.02135	0.01535	0.02107	0.01299	0.01682	0.00974	0.00581	0.00737	0.00218	0.01076	0.00703	0.00325	0.00920
25	0.01166	0.00583	0.00874	0.00874	0.00874	0.00583	0.00583	0.00874	0.00874	0.01166	0.01166	0.02040	0.01166	0.02331	0.02622	0.80478	0.00583	0.00583	0.00291	0.00291
26	0.01628	0.09347	0.13073	0.08794	0.19676	0.01667	0.10133	0.06508	0.08528	0.04474	0.06200	0.01916	0.01463	0.00724	0.00709	0.00208	0.02937	0.00643	0.00417	0.00953
27	0.01472	0.04052	0.12259	0.24123	0.21834	0.01586	0.14081	0.02043	0.05383	0.02043	0.01403	0.01926	0.01122	0.00679	0.00688	0.00217	0.00889	0.02946	0.00345	0.00909
28	0.00889	0.00700	0.00718	0.00702	0.00941	0.00585	0.00530	0.01063	0.01546	0.04893	0.06617	0.06276	0.68907	0.01662	0.00788	0.00226	0.00350	0.01384	0.00632	0.00591
29	0.00833	0.00635	0.00772	0.00874	0.00989	0.00574	0.00626	0.00987	0.01394	0.01775	0.04765	0.45406	0.27920	0.01939	0.00841	0.00260	0.00393	0.07837	0.00622	0.00559
30	0.04227	0.54532	0.08136	0.01209	0.01802	0.04888	0.01196	0.03989	0.01436	0.01821	0.01010	0.01163	0.00881	0.00581	0.00467	0.00148	0.00722	0.00384	0.00318	0.11091
31	0.01479	0.01393	0.05351	0.01683	0.12045	0.01409	0.01185	0.02721	0.40985	0.02619	0.16120	0.05363	0.02767	0.00982	0.00705	0.00221	0.00548	0.00851	0.00619	0.00956
32	0.00821	0.00681	0.00719	0.00710	0.00924	0.00579	0.00532	0.01018	0.01597	0.01972	0.18620	0.06195	0.60039	0.01640	0.00793	0.00224	0.00336	0.01379	0.00644	0.00579
33	0.01553	0.01640	0.01718	0.01543	0.01660	0.18381	0.01234	0.01734	0.01247	0.01604	0.01200	0.01769	0.01123	0.02253	0.23929	0.00508	0.35285	0.00592	0.00326	0.00703
34	0.06315	0.17860	0.51058	0.01689	0.02529	0.05615	0.02047	0.02122	0.01415	0.02044	0.01125	0.01318	0.00845	0.00627	0.00581	0.00196	0.00920	0.00457	0.00295	0.00938
35	0.00827	0.00590	0.00789	0.00945	0.00988	0.00553	0.00639	0.00950	0.01294	0.01723	0.03693	0.73626	0.04418	0.02094	0.00859	0.00274	0.00397	0.04173	0.00623	0.00548
36	0.27162	0.01949	0.04153	0.04899	0.21627	0.19028	0.07859	0.02180	0.01490	0.02296	0.01108	0.01381	0.00891	0.00629	0.00582	0.00199	0.00849	0.00498	0.00360	0.00858
37	0.01005	0.00732	0.00985	0.01120	0.01265	0.00711	0.00939	0.01266	0.01502	0.01938	0.03976	0.18091	0.12361	0.01873	0.00899	0.00293	0.00548	0.49275	0.00619	0.00600
38	0.00856	0.00701	0.00757	0.00745	0.00956	0.00614	0.00558	0.01110	0.03720	0.02039	0.21371	0.08069	0.52919	0.01613	0.00791	0.00224	0.00342	0.01365	0.00651	0.00596
39	0.01391	0.01193	0.01391	0.00994	0.01590	0.00894	0.00795	0.01690	0.01391	0.02186	0.01193	0.01391	0.00994	0.00497	0.00497	0.00099	0.00497	0.00398	0.00398	0.80521
40	0.00822	0.00681	0.00720	0.00710	0.00924	0.00579	0.00532	0.01019	0.01597	0.01974	0.18735	0.06192	0.59922	0.01639	0.00793	0.00224	0.00336	0.01379	0.00644	0.00579
41	0.00837	0.00676	0.00745	0.00740	0.00936	0.00583	0.00550	0.01044	0.01616	0.02046	0.24321	0.10187	0.50101	0.01634	0.00796	0.00225	0.00336	0.01390	0.00655	0.00583
42	0.01794	0.76823	0.03516	0.01148	0.01722	0.02655	0.01148	0.02009	0.01363	0.01579	0.00933	0.01076	0.00861	0.00574	0.00431	0.00144	0.00718	0.00359	0.00287	0.00861
43	0.01081	0.00772	0.01081	0.01236	0.01390	0.00772	0.01081	0.01390	0.01545	0.02008	0.03553	0.07569	0.03862	0.01854	0.00927	0.00309	0.00618	0.67717	0.00618	0.00618
44	0.03010	0.01142	0.01557	0.01194	0.01713	0.00986	0.00986	0.03270	0.01920	0.72698	0.02647	0.02284	0.01661	0.00830	0.00675	0.00208	0.00571	0.00675	0.00830	0.01142
45	0.00959	0.00719	0.01078	0.01078	0.01198	0.00839	0.00839	0.01198	0.01078	0.01558	0.01797	0.02636	0.01677	0.05032	0.73760	0.01078	0.01797	0.00719	0.00359	0.00599
46	0.01584	0.01810	0.03959	0.02828	0.03507	0.01697	0.69796	0.02149	0.01584	0.02149	0.01357	0.01810	0.01018	0.00566	0.00792	0.00226	0.01131	0.00792	0.00339	0.00905
47	0.81159	0.01298	0.00986	0.00882	0.01298	0.01505	0.00727	0.01972	0.01142	0.03010	0.00934	0.01090	0.00727	0.00623	0.00415	0.00208	0.00519	0.00363	0.00415	0.00727
48	0.00853	0.00609	0.00819	0.00975	0.01029	0.00576	0.00685	0.00996	0.01320	0.01753	0.03679	0.66749	0.04360	0.02069	0.00866	0.00277	0.00420	0.10788	0.00622	0.00555
49	0.01457	0.21676	0.55712	0.01723	0.02611	0.01830	0.02149	0.02096	0.01403	0.01989	0.01137	0.01332	0.00853	0.00622	0.00586	0.00195	0.00924	0.00462	0.00284	0.00959
50	0.02323	0.01766	0.01886	0.01498	0.01994	0.01975	0.01220	0.52856	0.20666	0.03862	0.01900	0.01841	0.01375	0.00833	0.00674	0.00208	0.00685	0.00644	0.00674	0.01121
51	0.81159	0.01298	0.00986	0.00882	0.01298	0.01505	0.00727	0.01972	0.01142	0.03010	0.00934	0.01090	0.00727	0.00623	0.00415	0.00208	0.00519	0.00363	0.00415	0.00727
52	0.02198	0.32297	0.02566	0.01572	0.04096	0.43366	0.01261	0.02395	0.01677	0.01634	0.01003	0.01171	0.00869	0.00642	0.00538	0.00162	0.01002	0.00408	0.00322	0.00820
53	0.00961	0.00729	0.00930	0.00945	0.01118	0.00635	0.00674	0.01146	0.01389	0.01938	0.11362	0.49804	0.03929	0.01672	0.00776	0.00230	0.00410	0.03509	0.00590	0.17255
54	0.01050	0.03470	0.01174	0.03258	0.05033	0.00859	0.00812	0.01270	0.01396	0.01890	0.09869	0.17482	0.18973	0.04500	0.09984	0.00337	0.02953	0.03019	0.00514	0.12157
55	0.01761	0.08481	0.13190	0.07303	0.32527	0.05473	0.10614	0.02200	0.01549	0.08583	0.01349	0.01634	0.01042	0.00628	0.00655	0.00201	0.00869	0.00585	0.00367	0.00987
56	0.01794	0.76823	0.03516	0.01148	0.01722	0.02655	0.01148	0.02009	0.01363	0.01579	0.00933	0.01076	0.00861	0.00574	0.00431	0.00144	0.00718	0.00359	0.00287	0.00861
57	0.02994	0.01168	0.01573	0.01206	0.01726	0.01025	0.00996	0.05641	0.01964	0.70265	0.02610	0.02260	0.01642	0.00830	0.00675	0.00207	0.00577	0.00672	0.00825	0.01142
58	0.00999	0.00779	0.01157	0.01133	0.01243	0.00936	0.00889	0.01232	0.01074	0.01562	0.01724	0.02543	0.01614	0.04724	0.68035	0.01016	0.07669	0.00708	0.00354	0.00610
59	0.00846	0.00606	0.00804	0.00915	0.00980	0.00564	0.00625	0.01007	0.01419	0.01926	0.18562	0.60510	0.04851	0.01943	0.00842	0.00259	0.00373	0.01756	0.00648	0.00564
60	0.00818	0.00584	0.00779	0.00934	0.00973	0.00545	0.00623	0.00934	0.01285	0.01713	0.03698	0.75981	0.04438	0.02102	0.00856	0.00273	0.00389	0.01908	0.00623	0.00545
