[name]
unknown

[dist]
# distance from previous block
# <min> <max>
0	56

[block]
# block no. 0 follows, 31 sequences, length 72
# corresponding to MSA columns:
# 58-129
name=unknown_A
#
# <colnr> <probs for GDERKNQSTAVLIFYWHMCP>
#	G	D	E	R	K	N	Q	S	T	A	V	L	I	F	Y	W	H	M	C	P
0	0.01544	0.04052	0.01571	0.01344	0.04437	0.01047	0.07895	0.06809	0.01745	0.14041	0.08459	0.09333	0.21094	0.03426	0.00857	0.00247	0.00584	0.10098	0.00620	0.00795
1	0.03806	0.01810	0.15254	0.15000	0.13182	0.01549	0.01637	0.13402	0.10331	0.06868	0.05593	0.05270	0.01630	0.00833	0.00687	0.00219	0.00757	0.00704	0.00494	0.00973
2	0.01769	0.09689	0.02268	0.10423	0.13194	0.03810	0.07614	0.17669	0.09370	0.02621	0.06501	0.06832	0.01784	0.02541	0.00751	0.00221	0.00752	0.00754	0.00499	0.00939
3	0.03881	0.03366	0.01521	0.07783	0.01744	0.04092	0.05491	0.09894	0.01629	0.12050	0.07861	0.07309	0.02267	0.26260	0.01641	0.00367	0.00695	0.00875	0.00530	0.00743
4	0.04669	0.02135	0.01993	0.13360	0.02504	0.26575	0.04372	0.20730	0.02121	0.08841	0.01475	0.03666	0.01143	0.00791	0.00702	0.00205	0.02714	0.00598	0.00489	0.00919
5	0.01539	0.01679	0.08881	0.25406	0.43047	0.01593	0.03994	0.02001	0.01491	0.02079	0.01263	0.01715	0.01010	0.00635	0.00681	0.00213	0.00871	0.00605	0.00324	0.00974
6	0.01528	0.01550	0.02185	0.51216	0.17946	0.10344	0.01869	0.01940	0.01476	0.01838	0.01211	0.01725	0.00943	0.00672	0.00674	0.00217	0.00931	0.00588	0.00317	0.00830
7	0.01188	0.00594	0.00891	0.00891	0.00891	0.00594	0.00594	0.00891	0.00891	0.01188	0.01188	0.02080	0.01188	0.02377	0.02674	0.80095	0.00594	0.00594	0.00297	0.00297
8	0.01962	0.01427	0.01560	0.01339	0.01735	0.01582	0.01046	0.14008	0.44133	0.12080	0.02530	0.02553	0.01923	0.07821	0.00950	0.00265	0.00592	0.00757	0.00688	0.01045
9	0.00885	0.00620	0.00811	0.00925	0.00989	0.00579	0.00634	0.00990	0.01334	0.01764	0.07611	0.53988	0.10433	0.04243	0.01098	0.07139	0.00422	0.04388	0.00606	0.00539
10	0.80789	0.01323	0.01006	0.00900	0.01323	0.01535	0.00741	0.02011	0.01164	0.03070	0.00953	0.01111	0.00741	0.00635	0.00423	0.00212	0.00529	0.00370	0.00423	0.00741
11	0.00834	0.00595	0.00794	0.00953	0.00992	0.00556	0.00635	0.00953	0.01310	0.01746	0.03771	0.75510	0.04525	0.02143	0.00873	0.00278	0.00397	0.01945	0.00635	0.00556
12	0.00932	0.00701	0.00819	0.00846	0.00980	0.00654	0.00604	0.01146	0.03417	0.01921	0.16271	0.17365	0.26115	0.17893	0.01410	0.00337	0.00449	0.06960	0.00609	0.00569
13	0.00995	0.00712	0.00944	0.01070	0.01180	0.00694	0.00845	0.01206	0.01426	0.01857	0.03699	0.25659	0.08561	0.11642	0.01248	0.00345	0.00551	0.36185	0.00604	0.00578
14	0.00831	0.00604	0.00785	0.00929	0.00986	0.00558	0.00624	0.00955	0.01333	0.01756	0.04062	0.69152	0.10695	0.02105	0.00867	0.00274	0.00392	0.01899	0.00635	0.00558
15	0.48410	0.01264	0.01187	0.01031	0.01436	0.01383	0.00831	0.07725	0.04273	0.14383	0.03949	0.08407	0.01524	0.00861	0.00553	0.00218	0.00538	0.00633	0.00556	0.00839
16	0.01031	0.00702	0.00838	0.00848	0.01031	0.00618	0.00618	0.01221	0.01580	0.07768	0.16991	0.27714	0.33064	0.01730	0.00819	0.00241	0.00378	0.01503	0.00674	0.00631
17	0.00968	0.00699	0.00914	0.00861	0.01022	0.00646	0.00646	0.01291	0.01937	0.02743	0.71328	0.05110	0.06455	0.01399	0.00807	0.00215	0.00323	0.01237	0.00753	0.00646
18	0.00891	0.00696	0.00807	0.00779	0.00975	0.00613	0.00585	0.01141	0.01754	0.02309	0.40112	0.05825	0.37942	0.01561	0.00808	0.00223	0.00334	0.01337	0.00696	0.00613
19	0.00893	0.00661	0.00817	0.00849	0.00973	0.00603	0.00600	0.01095	0.01587	0.02132	0.30973	0.28637	0.18915	0.06856	0.01014	0.00270	0.00376	0.01497	0.00666	0.00586
20	0.00997	0.00717	0.00910	0.01010	0.01096	0.00700	0.00696	0.07267	0.01486	0.01983	0.03574	0.68696	0.04215	0.02021	0.00856	0.00271	0.00430	0.01822	0.00640	0.00612
21	0.01188	0.00594	0.00891	0.00891	0.00891	0.00594	0.00594	0.00891	0.00891	0.01188	0.01188	0.02080	0.01188	0.02377	0.02674	0.80095	0.00594	0.00594	0.00297	0.00297
22	0.00959	0.00699	0.00902	0.00851	0.01017	0.00642	0.00639	0.01274	0.01916	0.02694	0.67734	0.05193	0.10080	0.01417	0.00807	0.00216	0.00324	0.01249	0.00747	0.00642
23	0.01015	0.00731	0.00929	0.01017	0.01115	0.00714	0.00716	0.07305	0.01532	0.02052	0.07394	0.62000	0.04301	0.01969	0.00855	0.00269	0.00435	0.04386	0.00646	0.00620
24	0.02601	0.01916	0.02053	0.01574	0.02122	0.02122	0.01300	0.69408	0.03217	0.04312	0.01643	0.01643	0.01163	0.00821	0.00684	0.00205	0.00753	0.00616	0.00684	0.01163
25	0.02633	0.01864	0.02021	0.01549	0.02096	0.02045	0.01280	0.64850	0.03130	0.08991	0.01715	0.01690	0.01200	0.00823	0.00685	0.00206	0.00741	0.00621	0.00696	0.01164
26	0.00982	0.00665	0.00743	0.00743	0.00758	0.00657	0.00422	0.00994	0.01034	0.01363	0.02485	0.04622	0.07241	0.70837	0.03298	0.00633	0.00641	0.01026	0.00430	0.00426
27	0.00838	0.00609	0.00793	0.00937	0.00997	0.00564	0.00637	0.00968	0.01340	0.01764	0.04058	0.67369	0.10679	0.02099	0.00869	0.00275	0.00398	0.03612	0.00635	0.00560
28	0.00834	0.00675	0.00742	0.00765	0.00950	0.00582	0.00558	0.01017	0.01561	0.01947	0.14805	0.19593	0.50045	0.01767	0.00821	0.00238	0.00353	0.01513	0.00651	0.00582
29	0.02564	0.03007	0.01960	0.01727	0.02116	0.59776	0.01318	0.15332	0.02180	0.02173	0.01168	0.01311	0.00935	0.00727	0.00630	0.00182	0.01143	0.00474	0.00415	0.00863
30	0.00996	0.00837	0.01217	0.01176	0.01336	0.00833	0.07055	0.01237	0.03081	0.01853	0.03937	0.38781	0.18097	0.01877	0.02993	0.00290	0.05646	0.07550	0.00579	0.00629
31	0.00826	0.00685	0.00723	0.00732	0.00939	0.00582	0.00542	0.01008	0.01572	0.01922	0.12585	0.12674	0.59378	0.01739	0.00814	0.00234	0.00349	0.01470	0.00646	0.00582
32	0.00995	0.00663	0.00746	0.00746	0.00746	0.00663	0.00415	0.00995	0.00995	0.01327	0.02156	0.04477	0.02487	0.75957	0.03482	0.00663	0.00663	0.00995	0.00415	0.00415
33	0.01391	0.03307	0.64347	0.05049	0.06114	0.01592	0.04506	0.02147	0.01451	0.02153	0.01235	0.01483	0.00883	0.00647	0.00657	0.00217	0.01003	0.00524	0.00293	0.01001
34	0.01794	0.65047	0.03245	0.01171	0.01710	0.04493	0.01130	0.04055	0.01512	0.01799	0.07467	0.01488	0.01401	0.00671	0.00485	0.00155	0.00709	0.00456	0.00349	0.00863
35	0.25934	0.16075	0.01925	0.01330	0.01768	0.30134	0.01083	0.02459	0.01606	0.10314	0.01198	0.01300	0.00933	0.00678	0.00534	0.00185	0.00853	0.00435	0.00420	0.00837
36	0.02260	0.03830	0.01891	0.01466	0.01949	0.01928	0.01195	0.49383	0.15622	0.03751	0.02143	0.05286	0.04287	0.00930	0.00693	0.00213	0.00680	0.00731	0.00671	0.01090
37	0.00978	0.00731	0.01088	0.01088	0.01206	0.00849	0.00841	0.01214	0.01096	0.01580	0.01843	0.02747	0.01736	0.07465	0.70946	0.01085	0.01794	0.00742	0.00368	0.00604
38	0.01350	0.01275	0.02157	0.64163	0.14407	0.01535	0.01929	0.01799	0.01395	0.01818	0.01226	0.01805	0.00937	0.00673	0.00683	0.00224	0.00898	0.00608	0.00309	0.00807
39	0.01693	0.01626	0.02777	0.04199	0.71689	0.01626	0.02100	0.02100	0.01558	0.02235	0.01287	0.01693	0.01084	0.00610	0.00677	0.00203	0.00813	0.00610	0.00339	0.01084
40	0.01419	0.01216	0.01419	0.01013	0.01621	0.00912	0.00811	0.01723	0.01419	0.02229	0.01216	0.01419	0.01013	0.00507	0.00507	0.00101	0.00507	0.00405	0.00405	0.80139
41	0.00995	0.00663	0.00746	0.00746	0.00746	0.00663	0.00415	0.00995	0.00995	0.01327	0.02156	0.04477	0.02487	0.75957	0.03482	0.00663	0.00663	0.00995	0.00415	0.00415
42	0.01024	0.00660	0.00798	0.00839	0.00875	0.00639	0.00517	0.01077	0.01146	0.04404	0.02749	0.29510	0.03175	0.46745	0.02444	0.00508	0.00566	0.01318	0.00510	0.00495
43	0.00822	0.00683	0.00719	0.00731	0.00938	0.00580	0.00540	0.01000	0.01560	0.01900	0.11049	0.13534	0.60088	0.01752	0.00815	0.00235	0.00350	0.01481	0.00643	0.00580
44	0.01702	0.01470	0.01547	0.01392	0.01779	0.01702	0.01083	0.03635	0.70453	0.02862	0.02785	0.02553	0.02088	0.00928	0.00696	0.00232	0.00541	0.00773	0.00696	0.01083
45	0.00977	0.00733	0.01100	0.01100	0.01222	0.00855	0.00855	0.01222	0.01100	0.01588	0.01833	0.02688	0.01710	0.05131	0.73245	0.01100	0.01833	0.00733	0.00367	0.00611
46	0.00837	0.00672	0.00747	0.00776	0.00954	0.00582	0.00564	0.01019	0.01556	0.01952	0.15332	0.22119	0.46932	0.01779	0.00823	0.00239	0.00355	0.01529	0.00652	0.00582
47	0.02556	0.03261	0.01939	0.01763	0.02115	0.73210	0.01322	0.02732	0.01939	0.01674	0.01058	0.01234	0.00881	0.00705	0.00617	0.00176	0.01234	0.00441	0.00353	0.00793
48	0.01634	0.01399	0.01489	0.01343	0.01709	0.01604	0.01043	0.03419	0.64133	0.02851	0.09107	0.02788	0.02491	0.00972	0.00706	0.00230	0.00521	0.00816	0.00701	0.01043
49	0.02831	0.01219	0.01588	0.01231	0.01731	0.01114	0.01012	0.11432	0.02114	0.57725	0.08441	0.02481	0.02035	0.00891	0.00698	0.00211	0.00581	0.00726	0.00818	0.01120
50	0.02786	0.01619	0.01869	0.01433	0.01973	0.01681	0.01184	0.43314	0.02720	0.31107	0.02060	0.01913	0.01373	0.00831	0.00686	0.00208	0.00685	0.00644	0.00749	0.01164
51	0.00980	0.00657	0.00750	0.00765	0.00768	0.00654	0.00434	0.00991	0.01023	0.01364	0.02302	0.10893	0.02671	0.69289	0.03246	0.00628	0.00639	0.01081	0.00434	0.00427
52	0.01131	0.00888	0.00985	0.00915	0.01168	0.00853	0.00712	0.09358	0.05618	0.02451	0.23369	0.05444	0.37684	0.01499	0.00795	0.00229	0.00416	0.05114	0.00676	0.00696
53	0.00944	0.00652	0.00765	0.00809	0.00840	0.00634	0.00497	0.00995	0.01130	0.01489	0.02934	0.22635	0.07796	0.50122	0.02568	0.00526	0.00573	0.03132	0.00491	0.00467
54	0.00977	0.00733	0.01100	0.01100	0.01222	0.00855	0.00855	0.01222	0.01100	0.01588	0.01833	0.02688	0.01710	0.05131	0.73245	0.01100	0.01833	0.00733	0.00367	0.00611
55	0.00834	0.00595	0.00794	0.00953	0.00992	0.00556	0.00635	0.00953	0.01310	0.01746	0.03771	0.75510	0.04525	0.02143	0.00873	0.00278	0.00397	0.01945	0.00635	0.00556
56	0.00882	0.00658	0.00796	0.00837	0.00957	0.00598	0.00585	0.01061	0.01522	0.02013	0.23628	0.29953	0.22596	0.09400	0.01105	0.00287	0.00390	0.01514	0.00646	0.00573
57	0.05009	0.01218	0.01408	0.01018	0.01614	0.00944	0.00817	0.01810	0.01432	0.05487	0.01273	0.01447	0.01033	0.00528	0.00511	0.00111	0.00511	0.00417	0.00426	0.72987
58	0.01656	0.01396	0.01552	0.06367	0.01931	0.01558	0.01096	0.09170	0.47332	0.02766	0.02514	0.08561	0.02033	0.00967	0.00692	0.00221	0.00571	0.00815	0.00637	0.08164
59	0.11188	0.00917	0.01038	0.00948	0.01162	0.00935	0.00687	0.03562	0.07599	0.13206	0.05192	0.08076	0.05006	0.21170	0.01654	0.10144	0.00550	0.00863	0.05423	0.00679
60	0.01529	0.01436	0.02179	0.10897	0.41899	0.05375	0.01664	0.01829	0.01471	0.02008	0.04693	0.07361	0.01616	0.04268	0.01005	0.05744	0.03029	0.00742	0.00376	0.00879
61	0.02197	0.01797	0.02254	0.05034	0.10913	0.15390	0.13693	0.06376	0.07750	0.20443	0.05760	0.02067	0.01583	0.00771	0.00702	0.00209	0.00847	0.00683	0.00547	0.00985
62	0.01009	0.00730	0.00897	0.00921	0.01086	0.00683	0.00694	0.01298	0.04355	0.04134	0.23512	0.20805	0.21285	0.04998	0.00952	0.00267	0.00419	0.10658	0.00666	0.00629
63	0.01000	0.00691	0.00876	0.00912	0.01034	0.00670	0.00662	0.01272	0.04588	0.02164	0.24516	0.27864	0.08300	0.01824	0.03918	0.05673	0.00452	0.04247	0.08735	0.00605
64	0.17655	0.02872	0.01484	0.08652	0.08807	0.01279	0.01094	0.03648	0.05869	0.07233	0.08970	0.02748	0.05290	0.01307	0.04607	0.07486	0.04469	0.05265	0.00492	0.00772
65	0.07506	0.02357	0.01912	0.10161	0.12112	0.40403	0.01404	0.02380	0.04523	0.01899	0.01244	0.01546	0.01030	0.01102	0.07322	0.00276	0.01116	0.00519	0.00365	0.00822
66	0.01067	0.00836	0.01199	0.07718	0.01559	0.00972	0.00943	0.01471	0.07526	0.01716	0.01964	0.05915	0.01830	0.07116	0.53911	0.00886	0.01518	0.00790	0.00405	0.00657
67	0.08690	0.01195	0.01576	0.11705	0.17709	0.05384	0.01205	0.01602	0.02823	0.01863	0.01886	0.07337	0.06643	0.04415	0.04231	0.17352	0.02550	0.00752	0.00387	0.00694
68	0.01543	0.07543	0.05433	0.26858	0.11124	0.07160	0.05637	0.01975	0.04534	0.05055	0.03513	0.05100	0.01468	0.06134	0.03847	0.00281	0.00882	0.00699	0.00391	0.00823
69	0.01899	0.04776	0.01713	0.01457	0.01844	0.14434	0.01150	0.09199	0.44683	0.02675	0.02359	0.02534	0.01869	0.00931	0.00688	0.00222	0.00697	0.05257	0.00613	0.00999
70	0.70332	0.01349	0.01126	0.01077	0.04178	0.01554	0.00827	0.02164	0.07571	0.03017	0.01135	0.01268	0.00879	0.00661	0.00459	0.00213	0.00542	0.00417	0.00445	0.00786
71	0.01621	0.01581	0.04090	0.04804	0.12636	0.07319	0.11273	0.08691	0.06290	0.02462	0.15460	0.02446	0.02220	0.00900	0.00895	0.00220	0.09687	0.00760	0.05773	0.00872

[dist]
# distance from previous block
# <min> <max>
0	9

[block]
# block no. 1 follows, 31 sequences, length 13
# corresponding to MSA columns:
# 139-151
name=unknown_B
#
# <colnr> <probs for GDERKNQSTAVLIFYWHMCP>
#	G	D	E	R	K	N	Q	S	T	A	V	L	I	F	Y	W	H	M	C	P
0	0.01374	0.00808	0.01088	0.00974	0.01142	0.00747	0.03395	0.01424	0.01239	0.12159	0.02359	0.11805	0.05356	0.29621	0.02146	0.15897	0.00600	0.00952	0.00490	0.06425
1	0.08415	0.04237	0.21564	0.01817	0.04780	0.28961	0.04186	0.06062	0.01679	0.02106	0.01183	0.01437	0.00942	0.00953	0.04760	0.00252	0.04931	0.00506	0.00355	0.00875
2	0.00982	0.01074	0.10595	0.00944	0.01221	0.00739	0.00824	0.01222	0.01464	0.03657	0.09309	0.17913	0.34772	0.10851	0.01128	0.00290	0.00491	0.01317	0.00574	0.00632
3	0.01471	0.22147	0.02302	0.06302	0.01854	0.01983	0.01298	0.01660	0.01200	0.01654	0.01338	0.10958	0.01390	0.01261	0.04113	0.00279	0.36979	0.00712	0.00343	0.00755
4	0.01765	0.16023	0.24623	0.10498	0.04722	0.05248	0.07187	0.14658	0.01780	0.02375	0.01246	0.01495	0.00951	0.00692	0.00699	0.00205	0.03958	0.00541	0.00375	0.00959
5	0.01386	0.02711	0.46285	0.02178	0.12136	0.01477	0.08494	0.01995	0.01413	0.02060	0.01381	0.01944	0.01141	0.11240	0.01067	0.00279	0.00948	0.00617	0.00319	0.00929
6	0.00984	0.00733	0.00905	0.00955	0.01070	0.00698	0.00651	0.01257	0.06816	0.01870	0.07360	0.48226	0.03843	0.13398	0.01233	0.00316	0.00455	0.01534	0.00594	0.07102
7	0.01156	0.01311	0.11052	0.07970	0.04451	0.01058	0.04020	0.01733	0.11259	0.02203	0.15885	0.14702	0.17891	0.01286	0.00764	0.00232	0.00572	0.01125	0.00564	0.00767
8	0.01119	0.00922	0.03996	0.01007	0.01230	0.00817	0.00795	0.01580	0.11005	0.05357	0.15708	0.24326	0.19579	0.03727	0.00884	0.00258	0.00451	0.05889	0.00652	0.00697
9	0.01498	0.02410	0.38936	0.11958	0.02839	0.01385	0.07459	0.02081	0.01522	0.10092	0.02190	0.02337	0.10660	0.00820	0.00694	0.00221	0.00868	0.00694	0.00407	0.00927
10	0.01556	0.03353	0.56785	0.02006	0.02899	0.11427	0.08173	0.02246	0.01527	0.02101	0.01218	0.01450	0.00884	0.00651	0.00659	0.00212	0.01054	0.00523	0.00303	0.00973
11	0.08078	0.09121	0.51409	0.01776	0.02615	0.11499	0.02108	0.02222	0.01485	0.02129	0.01160	0.01361	0.00859	0.00651	0.00610	0.00205	0.00980	0.00474	0.00309	0.00948
12	0.52648	0.01486	0.05979	0.01126	0.01577	0.01524	0.00991	0.05307	0.01398	0.14309	0.01285	0.01390	0.00938	0.00726	0.00643	0.00219	0.06658	0.00462	0.00486	0.00848

[dist]
# distance from previous block
# <min> <max>
12	80

[block]
# block no. 2 follows, 31 sequences, length 90
# corresponding to MSA columns:
# 243-332
name=unknown_C
#
# <colnr> <probs for GDERKNQSTAVLIFYWHMCP>
#	G	D	E	R	K	N	Q	S	T	A	V	L	I	F	Y	W	H	M	C	P
0	0.03680	0.07680	0.05354	0.01651	0.05361	0.03596	0.11978	0.07636	0.08104	0.07091	0.06223	0.04074	0.01626	0.00875	0.02449	0.00213	0.03382	0.00666	0.00482	0.17881
1	0.13494	0.01478	0.03399	0.03820	0.12949	0.05743	0.01191	0.04975	0.15339	0.04220	0.03746	0.09218	0.04386	0.00930	0.00721	0.00213	0.04002	0.00753	0.00504	0.08918
2	0.01776	0.06540	0.08068	0.06479	0.11014	0.04422	0.10979	0.04136	0.01675	0.15621	0.05737	0.02716	0.11735	0.03052	0.00780	0.00222	0.00747	0.00779	0.00506	0.03015
3	0.01490	0.01532	0.08306	0.40839	0.17778	0.01507	0.08181	0.01954	0.01466	0.05692	0.01413	0.04300	0.01119	0.00714	0.00698	0.00223	0.00888	0.00668	0.00354	0.00877
4	0.00865	0.00625	0.00813	0.00952	0.01017	0.00585	0.00661	0.01002	0.01341	0.01765	0.03941	0.60104	0.09845	0.05445	0.00994	0.00295	0.00427	0.08142	0.00625	0.00558
5	0.02307	0.01756	0.01892	0.01474	0.02003	0.01901	0.01203	0.50279	0.13794	0.03815	0.01772	0.01760	0.01293	0.00799	0.00664	0.00196	0.00688	0.00615	0.00651	0.11137
6	0.00870	0.00638	0.00827	0.00934	0.01020	0.00581	0.00638	0.01018	0.01381	0.01859	0.09574	0.62456	0.08109	0.01983	0.00847	0.00262	0.00393	0.01788	0.00635	0.04187
7	0.01420	0.01252	0.01784	0.23260	0.13665	0.03623	0.01376	0.03974	0.01400	0.01936	0.01315	0.01831	0.01109	0.01452	0.11345	0.07772	0.02746	0.00576	0.00354	0.17812
8	0.01885	0.08262	0.42639	0.01753	0.02574	0.01598	0.05567	0.07853	0.01704	0.17383	0.01566	0.01646	0.01079	0.00697	0.00654	0.00210	0.00884	0.00559	0.00444	0.01042
9	0.01702	0.01470	0.01547	0.01392	0.01779	0.01702	0.01083	0.03635	0.70453	0.02862	0.02785	0.02553	0.02088	0.00928	0.00696	0.00232	0.00541	0.00773	0.00696	0.01083
10	0.01096	0.00773	0.00866	0.00820	0.01069	0.00683	0.00630	0.01382	0.04489	0.08626	0.18629	0.05773	0.47574	0.01558	0.00797	0.00229	0.00380	0.03279	0.00680	0.00668
11	0.01625	0.01598	0.02683	0.10326	0.48990	0.04299	0.10139	0.02013	0.01529	0.02107	0.01387	0.04887	0.01205	0.00740	0.00766	0.02846	0.00855	0.00684	0.00348	0.00974
12	0.00834	0.00595	0.00794	0.00953	0.00992	0.00556	0.00635	0.00953	0.01310	0.01746	0.03771	0.75510	0.04525	0.02143	0.00873	0.00278	0.00397	0.01945	0.00635	0.00556
13	0.02601	0.01916	0.02053	0.01574	0.02122	0.02122	0.01300	0.69408	0.03217	0.04312	0.01643	0.01643	0.01163	0.00821	0.00684	0.00205	0.00753	0.00616	0.00684	0.01163
14	0.09034	0.01134	0.01481	0.01172	0.01656	0.01013	0.00957	0.03049	0.01846	0.61366	0.02643	0.07786	0.01833	0.00928	0.00681	0.00217	0.00564	0.00758	0.00797	0.01085
15	0.01448	0.08589	0.26496	0.02118	0.02834	0.01603	0.30945	0.02022	0.01565	0.02167	0.08116	0.02205	0.05238	0.00741	0.00723	0.00217	0.00949	0.00743	0.00376	0.00904
16	0.00995	0.00663	0.00746	0.00746	0.00746	0.00663	0.00415	0.00995	0.00995	0.01327	0.02156	0.04477	0.02487	0.75957	0.03482	0.00663	0.00663	0.00995	0.00415	0.00415
17	0.01275	0.00638	0.00638	0.00638	0.00797	0.00638	0.00478	0.01594	0.01435	0.02551	0.02232	0.02551	0.01754	0.00797	0.00478	0.00159	0.00319	0.00638	0.79755	0.00638
18	0.00990	0.00788	0.00859	0.00808	0.01043	0.00714	0.00615	0.06263	0.01793	0.02291	0.24916	0.05788	0.47535	0.01568	0.00799	0.00225	0.00371	0.01322	0.00673	0.00641
19	0.00855	0.00615	0.00816	0.00969	0.01026	0.00576	0.00670	0.00993	0.01342	0.01776	0.03880	0.67091	0.07045	0.02106	0.00877	0.00279	0.00415	0.07471	0.00635	0.00563
20	0.01188	0.00594	0.00891	0.00891	0.00891	0.00594	0.00594	0.00891	0.00891	0.01188	0.01188	0.02080	0.01188	0.02377	0.02674	0.80095	0.00594	0.00594	0.00297	0.00297
21	0.00993	0.00666	0.00761	0.00756	0.00770	0.00662	0.00434	0.01020	0.01075	0.01447	0.08044	0.04531	0.02825	0.69610	0.03254	0.00625	0.00634	0.01016	0.00443	0.00434
22	0.01213	0.00852	0.01035	0.01035	0.01215	0.00851	0.00754	0.05081	0.11797	0.06553	0.15799	0.40045	0.07745	0.01660	0.00811	0.00249	0.00432	0.01472	0.00681	0.00720
23	0.03070	0.01164	0.01588	0.01217	0.01746	0.01006	0.01006	0.03334	0.01958	0.72163	0.02699	0.02329	0.01694	0.00847	0.00688	0.00212	0.00582	0.00688	0.00847	0.01164
24	0.02556	0.03261	0.01939	0.01763	0.02115	0.73210	0.01322	0.02732	0.01939	0.01674	0.01058	0.01234	0.00881	0.00705	0.00617	0.00176	0.01234	0.00441	0.00353	0.00793
25	0.00924	0.00637	0.00781	0.00844	0.00874	0.00616	0.00528	0.01002	0.01209	0.01626	0.08730	0.34705	0.03691	0.38255	0.02146	0.00461	0.00521	0.01419	0.00537	0.00494
26	0.01656	0.00900	0.01174	0.01017	0.01303	0.00832	0.00802	0.05520	0.01996	0.22434	0.45281	0.04250	0.04717	0.01233	0.00773	0.00218	0.00432	0.03874	0.00771	0.00819
27	0.01866	0.01468	0.01578	0.01387	0.01795	0.01665	0.01088	0.07130	0.61024	0.08839	0.02716	0.02485	0.02005	0.00916	0.00695	0.00229	0.00556	0.00758	0.00708	0.01094
28	0.02556	0.03261	0.01939	0.01763	0.02115	0.73210	0.01322	0.02732	0.01939	0.01674	0.01058	0.01234	0.00881	0.00705	0.00617	0.00176	0.01234	0.00441	0.00353	0.00793
29	0.03036	0.01217	0.01620	0.01242	0.01773	0.01084	0.01026	0.07991	0.02047	0.67380	0.02625	0.02280	0.01656	0.00845	0.00688	0.00211	0.00594	0.00683	0.00835	0.01164
30	0.02654	0.01830	0.02000	0.01533	0.02079	0.01994	0.01267	0.61832	0.03072	0.12091	0.01764	0.01721	0.01224	0.00824	0.00685	0.00206	0.00733	0.00624	0.00703	0.01164
31	0.00834	0.00595	0.00794	0.00953	0.00992	0.00556	0.00635	0.00953	0.01310	0.01746	0.03771	0.75510	0.04525	0.02143	0.00873	0.00278	0.00397	0.01945	0.00635	0.00556
32	0.12678	0.01461	0.01686	0.01309	0.01831	0.01483	0.01081	0.27509	0.02322	0.38471	0.02090	0.01923	0.01378	0.00811	0.00653	0.00209	0.00638	0.00621	0.00734	0.01111
33	0.00981	0.00718	0.01025	0.01025	0.01121	0.00815	0.00762	0.01174	0.01077	0.01533	0.01901	0.03065	0.01874	0.20080	0.58521	0.01007	0.01586	0.00788	0.00377	0.00569
34	0.01702	0.01470	0.01547	0.01392	0.01779	0.01702	0.01083	0.03635	0.70453	0.02862	0.02785	0.02553	0.02088	0.00928	0.00696	0.00232	0.00541	0.00773	0.00696	0.01083
35	0.02601	0.01916	0.02053	0.01574	0.02122	0.02122	0.01300	0.69408	0.03217	0.04312	0.01643	0.01643	0.01163	0.00821	0.00684	0.00205	0.00753	0.00616	0.00684	0.01163
36	0.00968	0.00699	0.00914	0.00861	0.01022	0.00646	0.00646	0.01291	0.01937	0.02743	0.71328	0.05110	0.06455	0.01399	0.00807	0.00215	0.00323	0.01237	0.00753	0.00646
37	0.10175	0.01249	0.01557	0.01223	0.01732	0.01179	0.01005	0.07092	0.07788	0.55859	0.02482	0.02194	0.01607	0.00832	0.00664	0.00213	0.00584	0.00661	0.00785	0.01118
38	0.02601	0.01916	0.02053	0.01574	0.02122	0.02122	0.01300	0.69408	0.03217	0.04312	0.01643	0.01643	0.01163	0.00821	0.00684	0.00205	0.00753	0.00616	0.00684	0.01163
39	0.01750	0.01782	0.03808	0.02728	0.03405	0.01663	0.62843	0.02298	0.01647	0.08718	0.01507	0.01891	0.01099	0.00602	0.00796	0.00229	0.01100	0.00796	0.00393	0.00945
40	0.01626	0.01404	0.01474	0.01333	0.01706	0.01606	0.01035	0.03409	0.64588	0.02776	0.03137	0.02896	0.07990	0.00997	0.00706	0.00232	0.00525	0.00831	0.00691	0.01040
41	0.00821	0.00697	0.00710	0.00716	0.00944	0.00586	0.00544	0.01000	0.01560	0.01856	0.06795	0.06630	0.68650	0.01739	0.00814	0.00234	0.00358	0.04130	0.00635	0.00580
42	0.00834	0.00595	0.00794	0.00953	0.00992	0.00556	0.00635	0.00953	0.01310	0.01746	0.03771	0.75510	0.04525	0.02143	0.00873	0.00278	0.00397	0.01945	0.00635	0.00556
43	0.02601	0.01916	0.02053	0.01574	0.02122	0.02122	0.01300	0.69408	0.03217	0.04312	0.01643	0.01643	0.01163	0.00821	0.00684	0.00205	0.00753	0.00616	0.00684	0.01163
44	0.02495	0.01864	0.01994	0.01553	0.02081	0.02072	0.01275	0.61660	0.11136	0.04141	0.01777	0.01750	0.01272	0.00834	0.00686	0.00208	0.00728	0.00635	0.00686	0.01154
45	0.01702	0.01470	0.01547	0.01392	0.01779	0.01702	0.01083	0.03635	0.70453	0.02862	0.02785	0.02553	0.02088	0.00928	0.00696	0.00232	0.00541	0.00773	0.00696	0.01083
46	0.02601	0.01916	0.02053	0.01574	0.02122	0.02122	0.01300	0.69408	0.03217	0.04312	0.01643	0.01643	0.01163	0.00821	0.00684	0.00205	0.00753	0.00616	0.00684	0.01163
47	0.02601	0.01916	0.02053	0.01574	0.02122	0.02122	0.01300	0.69408	0.03217	0.04312	0.01643	0.01643	0.01163	0.00821	0.00684	0.00205	0.00753	0.00616	0.00684	0.01163
48	0.00995	0.00663	0.00746	0.00746	0.00746	0.00663	0.00415	0.00995	0.00995	0.01327	0.02156	0.04477	0.02487	0.75957	0.03482	0.00663	0.00663	0.00995	0.00415	0.00415
49	0.00995	0.00663	0.00746	0.00746	0.00746	0.00663	0.00415	0.00995	0.00995	0.01327	0.02156	0.04477	0.02487	0.75957	0.03482	0.00663	0.00663	0.00995	0.00415	0.00415
50	0.01702	0.01470	0.01547	0.01392	0.01779	0.01702	0.01083	0.03635	0.70453	0.02862	0.02785	0.02553	0.02088	0.00928	0.00696	0.00232	0.00541	0.00773	0.00696	0.01083
51	0.00834	0.00595	0.00794	0.00953	0.00992	0.00556	0.00635	0.00953	0.01310	0.01746	0.03771	0.75510	0.04525	0.02143	0.00873	0.00278	0.00397	0.01945	0.00635	0.00556
52	0.00931	0.00646	0.00756	0.00803	0.00834	0.00624	0.00489	0.00981	0.01136	0.01495	0.03041	0.25713	0.08958	0.47758	0.02481	0.00512	0.00557	0.01315	0.00499	0.00470
53	0.00867	0.00686	0.00780	0.00776	0.00965	0.00599	0.00575	0.01087	0.01668	0.02152	0.29167	0.12498	0.42446	0.01654	0.00814	0.00230	0.00343	0.01418	0.00677	0.00599
54	0.74461	0.01371	0.01090	0.00954	0.01388	0.01582	0.00786	0.07466	0.01330	0.03170	0.01008	0.01154	0.00775	0.00650	0.00445	0.00211	0.00547	0.00390	0.00445	0.00775
55	0.05649	0.01191	0.01521	0.01202	0.01667	0.01118	0.00982	0.11360	0.02048	0.49348	0.10852	0.02550	0.02172	0.01087	0.03805	0.00249	0.00624	0.00736	0.00778	0.01061
56	0.00951	0.00647	0.00792	0.00880	0.00990	0.00592	0.00616	0.01106	0.01395	0.04128	0.04251	0.47697	0.18875	0.04017	0.00897	0.00267	0.00400	0.03544	0.07371	0.00585
57	0.04386	0.00689	0.00791	0.00809	0.00917	0.00706	0.00580	0.01323	0.01249	0.01986	0.02259	0.07344	0.02204	0.20553	0.07665	0.06456	0.00598	0.06990	0.31944	0.00552
58	0.01667	0.01793	0.02375	0.12593	0.08145	0.13224	0.10477	0.01942	0.01351	0.01785	0.01065	0.01564	0.00931	0.00916	0.01446	0.00253	0.36748	0.00603	0.00318	0.00807
59	0.01038	0.00794	0.00964	0.00905	0.01103	0.00767	0.00683	0.01541	0.10339	0.02643	0.54629	0.04984	0.14233	0.01383	0.00793	0.00219	0.00353	0.01207	0.00731	0.00691
60	0.01338	0.03297	0.66326	0.01857	0.02796	0.01509	0.02367	0.02092	0.01486	0.02216	0.07195	0.01756	0.01342	0.00714	0.00663	0.00217	0.00952	0.00568	0.00328	0.00980
61	0.02110	0.01651	0.01994	0.07225	0.08703	0.01812	0.03640	0.40105	0.11537	0.03443	0.01965	0.02182	0.03402	0.00860	0.00694	0.00214	0.00723	0.03040	0.03648	0.01051
62	0.01067	0.00719	0.00856	0.00840	0.01041	0.00631	0.00622	0.01278	0.01646	0.08625	0.23106	0.19899	0.33854	0.01645	0.00810	0.00235	0.00372	0.01421	0.00686	0.00646
63	0.02370	0.05010	0.01937	0.01631	0.02037	0.42149	0.01265	0.16406	0.15934	0.02445	0.01519	0.01577	0.01181	0.00769	0.00641	0.00192	0.00981	0.00541	0.00487	0.00929
64	0.01560	0.01436	0.02318	0.20825	0.40431	0.01522	0.01809	0.05514	0.01616	0.02257	0.07808	0.02026	0.01539	0.00726	0.00729	0.00210	0.02844	0.00660	0.00389	0.03781
65	0.01603	0.01124	0.01359	0.01277	0.05183	0.01124	0.00934	0.18910	0.03705	0.08731	0.19673	0.14984	0.11109	0.01283	0.00758	0.00222	0.00516	0.02748	0.00671	0.04087
66	0.01658	0.01599	0.02609	0.03862	0.63599	0.03711	0.01970	0.02044	0.01530	0.02163	0.01326	0.01764	0.01131	0.00997	0.06853	0.00279	0.00912	0.00615	0.00341	0.01035
67	0.00921	0.00710	0.00845	0.00846	0.01016	0.00651	0.00621	0.01224	0.04630	0.02260	0.34048	0.19137	0.27319	0.01633	0.00816	0.00233	0.00354	0.01423	0.00689	0.00624
68	0.00965	0.00652	0.00822	0.00899	0.01006	0.00593	0.00622	0.01098	0.01404	0.05332	0.08130	0.49160	0.17654	0.04796	0.00999	0.02578	0.00408	0.01665	0.00634	0.00583
69	0.80789	0.01323	0.01006	0.00900	0.01323	0.01535	0.00741	0.02011	0.01164	0.03070	0.00953	0.01111	0.00741	0.00635	0.00423	0.00212	0.00529	0.00370	0.00423	0.00741
70	0.02419	0.01696	0.01840	0.01442	0.01928	0.01850	0.01179	0.56355	0.02894	0.07738	0.01864	0.05711	0.01423	0.00891	0.00677	0.00206	0.00687	0.00693	0.07421	0.01086
71	0.00924	0.00689	0.00831	0.00868	0.00990	0.00646	0.00610	0.01159	0.03954	0.02010	0.21372	0.28313	0.18929	0.12339	0.01210	0.00306	0.00417	0.03214	0.00636	0.00584
72	0.00902	0.00693	0.00826	0.00801	0.00984	0.00616	0.00598	0.01160	0.01768	0.02364	0.44199	0.08549	0.30952	0.01555	0.00810	0.00224	0.00335	0.01344	0.00704	0.00616
73	0.02601	0.01916	0.02053	0.01574	0.02122	0.02122	0.01300	0.69408	0.03217	0.04312	0.01643	0.01643	0.01163	0.00821	0.00684	0.00205	0.00753	0.00616	0.00684	0.01163
74	0.01072	0.00723	0.00809	0.00786	0.00812	0.00733	0.00457	0.04262	0.01101	0.01469	0.02131	0.04342	0.02424	0.72368	0.03349	0.00641	0.00668	0.00977	0.00427	0.00450
75	0.03095	0.00686	0.00776	0.00801	0.00964	0.00618	0.00576	0.01069	0.01537	0.02019	0.19314	0.23130	0.35551	0.05579	0.00952	0.00261	0.00376	0.01471	0.00643	0.00583
76	0.80789	0.01323	0.01006	0.00900	0.01323	0.01535	0.00741	0.02011	0.01164	0.03070	0.00953	0.01111	0.00741	0.00635	0.00423	0.00212	0.00529	0.00370	0.00423	0.00741
77	0.00839	0.00719	0.00722	0.00717	0.00953	0.00616	0.00539	0.01072	0.03902	0.01883	0.06790	0.06447	0.69054	0.01705	0.00805	0.00231	0.00353	0.01421	0.00637	0.00595
78	0.00999	0.00725	0.00869	0.00884	0.01068	0.00660	0.00666	0.01267	0.03650	0.04971	0.21318	0.20577	0.30201	0.01693	0.00826	0.00244	0.00394	0.07679	0.00674	0.00633
79	0.00963	0.00689	0.00905	0.01024	0.01111	0.00666	0.00745	0.03509	0.01454	0.01937	0.07228	0.53290	0.04324	0.04440	0.00963	0.00292	0.00461	0.14773	0.00635	0.00592
80	0.01031	0.00765	0.00968	0.00906	0.01087	0.00735	0.00683	0.01491	0.07769	0.02754	0.65493	0.04893	0.06084	0.01359	0.00797	0.00217	0.00341	0.01198	0.00748	0.00683
81	0.01670	0.01442	0.01516	0.01367	0.01748	0.01662	0.01063	0.03541	0.67993	0.02826	0.02933	0.02696	0.04564	0.00957	0.00700	0.00232	0.00534	0.00797	0.00694	0.01065
82	0.01515	0.01649	0.08710	0.14864	0.38591	0.01593	0.04683	0.01930	0.01427	0.02032	0.01280	0.01763	0.01069	0.01070	0.07021	0.00296	0.08621	0.00618	0.00327	0.00943
83	0.02542	0.01887	0.02020	0.01562	0.02099	0.02094	0.01286	0.65131	0.07589	0.04217	0.01717	0.01702	0.01224	0.00828	0.00685	0.00207	0.00739	0.00626	0.00685	0.01158
84	0.01829	0.76368	0.03585	0.01171	0.01756	0.02707	0.01171	0.02049	0.01390	0.01610	0.00951	0.01097	0.00878	0.00585	0.00439	0.00146	0.00732	0.00366	0.00293	0.00878
85	0.02234	0.01465	0.01696	0.01375	0.01809	0.01580	0.01117	0.35490	0.08800	0.16174	0.04252	0.02172	0.01627	0.01696	0.14857	0.00384	0.00898	0.00687	0.00656	0.01031
86	0.09165	0.07287	0.01799	0.03436	0.05189	0.11654	0.02650	0.07499	0.05083	0.08159	0.04580	0.07310	0.05347	0.01300	0.06377	0.00288	0.10825	0.00736	0.00483	0.00833
87	0.09037	0.03244	0.02340	0.01791	0.02228	0.05608	0.23025	0.12344	0.01771	0.02502	0.07607	0.02473	0.03970	0.01216	0.06697	0.00295	0.06154	0.04279	0.00464	0.02954
88	0.01569	0.01227	0.01619	0.15564	0.06201	0.01329	0.01215	0.12021	0.11183	0.05866	0.12679	0.05304	0.02332	0.01285	0.06250	0.00283	0.02502	0.03327	0.00550	0.07695
89	0.01749	0.09230	0.05717	0.12499	0.02240	0.01550	0.03507	0.07859	0.07170	0.13480	0.04408	0.03894	0.01572	0.01506	0.11546	0.00352	0.09664	0.00685	0.00489	0.00884

[dist]
# distance from previous block
# <min> <max>
0	32

[block]
# block no. 3 follows, 31 sequences, length 162
# corresponding to MSA columns:
# 366-527
name=unknown_D
#
# <colnr> <probs for GDERKNQSTAVLIFYWHMCP>
#	G	D	E	R	K	N	Q	S	T	A	V	L	I	F	Y	W	H	M	C	P
0	0.03495	0.24068	0.07161	0.07039	0.04664	0.06160	0.02793	0.10650	0.10253	0.04366	0.08234	0.01960	0.01671	0.00948	0.03538	0.00230	0.00782	0.00608	0.00465	0.00915
1	0.13198	0.13505	0.04027	0.04120	0.01986	0.21353	0.01210	0.15538	0.09127	0.04966	0.03809	0.01612	0.01263	0.00749	0.00596	0.00194	0.00820	0.00532	0.00481	0.00914
2	0.02058	0.04788	0.04281	0.01521	0.04068	0.23524	0.01172	0.11907	0.14915	0.07215	0.01823	0.05195	0.01532	0.08076	0.00925	0.00242	0.00823	0.00668	0.00514	0.04752
3	0.07953	0.29681	0.08601	0.01519	0.04553	0.02159	0.03155	0.17194	0.11681	0.02587	0.01413	0.01514	0.01116	0.00719	0.00631	0.00193	0.03385	0.00521	0.00450	0.00976
4	0.05340	0.01382	0.01645	0.01452	0.06486	0.01373	0.01082	0.09846	0.22276	0.22190	0.02135	0.02039	0.01532	0.00772	0.00640	0.00193	0.00585	0.00628	0.00640	0.17763
5	0.01085	0.00847	0.00939	0.00935	0.01079	0.03656	0.00667	0.01274	0.03552	0.01805	0.09386	0.15342	0.12102	0.24460	0.01704	0.03850	0.00551	0.09601	0.00536	0.06629
6	0.01545	0.01464	0.04754	0.11878	0.08820	0.01489	0.13868	0.11754	0.09093	0.02481	0.09141	0.04904	0.03916	0.01194	0.05446	0.00285	0.03853	0.02738	0.00491	0.00884
7	0.01141	0.00900	0.01011	0.00958	0.01206	0.00895	0.00735	0.01804	0.18796	0.03918	0.25259	0.06706	0.28540	0.01427	0.00785	0.00230	0.00405	0.03854	0.00691	0.00738
8	0.00910	0.00641	0.00800	0.00878	0.00933	0.00611	0.00581	0.01024	0.01301	0.01739	0.10697	0.39099	0.07261	0.25471	0.01695	0.00393	0.00481	0.04383	0.00578	0.00525
9	0.00954	0.00685	0.00781	0.00803	0.00949	0.00635	0.00586	0.01114	0.01407	0.01852	0.08072	0.09122	0.31866	0.15590	0.03844	0.03599	0.00495	0.08323	0.08770	0.00551
10	0.75497	0.01363	0.01076	0.00945	0.01377	0.01574	0.00779	0.06573	0.01303	0.03154	0.00999	0.01147	0.00770	0.00648	0.00441	0.00211	0.00544	0.00387	0.00441	0.00770
11	0.02556	0.03261	0.01939	0.01763	0.02115	0.73210	0.01322	0.02732	0.01939	0.01674	0.01058	0.01234	0.00881	0.00705	0.00617	0.00176	0.01234	0.00441	0.00353	0.00793
12	0.01067	0.00741	0.00916	0.00962	0.01099	0.00703	0.00688	0.05736	0.01558	0.04890	0.09893	0.45904	0.14658	0.04228	0.00923	0.00271	0.00431	0.04048	0.00650	0.00631
13	0.00834	0.00595	0.00794	0.00953	0.00992	0.00556	0.00635	0.00953	0.01310	0.01746	0.03771	0.75510	0.04525	0.02143	0.00873	0.00278	0.00397	0.01945	0.00635	0.00556
14	0.03070	0.01164	0.01588	0.01217	0.01746	0.01006	0.01006	0.03334	0.01958	0.72163	0.02699	0.02329	0.01694	0.00847	0.00688	0.00212	0.00582	0.00688	0.00847	0.01164
15	0.00837	0.00609	0.00789	0.00923	0.00987	0.00562	0.00624	0.00970	0.01362	0.01800	0.07026	0.65681	0.11168	0.02071	0.00864	0.00271	0.00389	0.01865	0.00640	0.00562
16	0.04675	0.01205	0.01478	0.01206	0.01634	0.01160	0.00967	0.17163	0.02074	0.38753	0.02885	0.14744	0.06746	0.01113	0.00719	0.00223	0.00571	0.00926	0.00749	0.01010
17	0.80789	0.01323	0.01006	0.00900	0.01323	0.01535	0.00741	0.02011	0.01164	0.03070	0.00953	0.01111	0.00741	0.00635	0.00423	0.00212	0.00529	0.00370	0.00423	0.00741
18	0.03034	0.01222	0.01623	0.01244	0.01775	0.01091	0.01028	0.08383	0.02054	0.66978	0.02618	0.02276	0.01653	0.00845	0.00688	0.00211	0.00595	0.00682	0.00834	0.01164
19	0.00867	0.00626	0.00810	0.00924	0.00995	0.00583	0.00635	0.01015	0.01391	0.01853	0.11312	0.55516	0.09705	0.06240	0.01013	0.00291	0.00410	0.04615	0.00635	0.00562
20	0.00992	0.00650	0.00784	0.00842	0.00900	0.00634	0.00560	0.01121	0.01264	0.01785	0.07463	0.26573	0.03394	0.31459	0.01863	0.00414	0.00505	0.06305	0.11969	0.00523
21	0.00977	0.00733	0.01100	0.01100	0.01222	0.00855	0.00855	0.01222	0.01100	0.01588	0.01833	0.02688	0.01710	0.05131	0.73245	0.01100	0.01833	0.00733	0.00367	0.00611
22	0.71302	0.01395	0.01133	0.00982	0.01420	0.01606	0.00809	0.10189	0.01413	0.03220	0.01036	0.01176	0.00792	0.00658	0.00455	0.00211	0.00556	0.00400	0.00455	0.00792
23	0.00903	0.00673	0.00823	0.00830	0.00971	0.00612	0.00595	0.01123	0.01643	0.02210	0.36345	0.20084	0.21511	0.07332	0.01026	0.00266	0.00370	0.01416	0.00674	0.00593
24	0.00977	0.00733	0.01100	0.01100	0.01222	0.00855	0.00855	0.01222	0.01100	0.01588	0.01833	0.02688	0.01710	0.05131	0.73245	0.01100	0.01833	0.00733	0.00367	0.00611
25	0.02241	0.01595	0.01712	0.01363	0.01806	0.01747	0.01107	0.52501	0.02765	0.03819	0.01895	0.06880	0.01501	0.00908	0.00660	0.00202	0.00650	0.00711	0.14911	0.01027
26	0.01593	0.01375	0.01443	0.01307	0.01675	0.01565	0.01015	0.03313	0.62094	0.02739	0.03288	0.03042	0.10500	0.01026	0.00710	0.00232	0.00518	0.00855	0.00689	0.01022
27	0.00834	0.00595	0.00794	0.00953	0.00992	0.00556	0.00635	0.00953	0.01310	0.01746	0.03771	0.75510	0.04525	0.02143	0.00873	0.00278	0.00397	0.01945	0.00635	0.00556
28	0.00834	0.00595	0.00794	0.00953	0.00992	0.00556	0.00635	0.00953	0.01310	0.01746	0.03771	0.75510	0.04525	0.02143	0.00873	0.00278	0.00397	0.01945	0.00635	0.00556
29	0.01693	0.01626	0.02777	0.04199	0.71689	0.01626	0.02100	0.02100	0.01558	0.02235	0.01287	0.01693	0.01084	0.00610	0.00677	0.00203	0.00813	0.00610	0.00339	0.01084
30	0.01203	0.00993	0.01552	0.29336	0.07847	0.01146	0.01290	0.01403	0.01251	0.01659	0.01989	0.09994	0.07366	0.01644	0.06777	0.16793	0.05921	0.00824	0.00372	0.00640
31	0.01613	0.01756	0.10206	0.21909	0.39908	0.01631	0.04191	0.06575	0.01610	0.02240	0.01289	0.01701	0.01019	0.00647	0.00681	0.00212	0.00867	0.00605	0.00348	0.00992
32	0.00931	0.00698	0.00863	0.00821	0.00999	0.00630	0.00616	0.01219	0.01848	0.02534	0.56229	0.05456	0.21686	0.01477	0.00807	0.00219	0.00328	0.01286	0.00725	0.00630
33	0.10250	0.01560	0.02756	0.13432	0.33245	0.01594	0.20176	0.02035	0.01517	0.02263	0.03778	0.01812	0.01202	0.00642	0.00691	0.00216	0.00871	0.00660	0.00360	0.00940
34	0.01795	0.70908	0.08745	0.01229	0.01846	0.02623	0.01272	0.02057	0.01394	0.01651	0.00972	0.01123	0.00877	0.00590	0.00455	0.00152	0.00753	0.00376	0.00292	0.00888
35	0.01372	0.03539	0.72412	0.01950	0.02961	0.01589	0.02528	0.02167	0.01444	0.02167	0.01228	0.01444	0.00867	0.00650	0.00650	0.00217	0.01011	0.00506	0.00289	0.01011
36	0.02436	0.04395	0.02013	0.01556	0.02058	0.10539	0.01266	0.49460	0.13078	0.03694	0.01722	0.01713	0.01259	0.00816	0.00670	0.00204	0.00778	0.00611	0.00634	0.01098
37	0.01358	0.01296	0.02251	0.57068	0.12698	0.01517	0.07032	0.01811	0.01419	0.01855	0.01342	0.02067	0.01075	0.00719	0.00704	0.00229	0.00906	0.03522	0.00326	0.00806
38	0.00892	0.00681	0.00805	0.00815	0.00973	0.00611	0.00593	0.01103	0.01619	0.02128	0.29384	0.16760	0.30732	0.06704	0.01003	0.00264	0.00375	0.03306	0.00663	0.00589
39	0.02500	0.08847	0.02065	0.01717	0.02088	0.67823	0.01310	0.02680	0.01897	0.01669	0.01049	0.01223	0.00881	0.00696	0.00603	0.00174	0.01195	0.00435	0.00348	0.00800
40	0.01078	0.00778	0.01069	0.01209	0.01371	0.00769	0.01048	0.01384	0.01585	0.02056	0.06000	0.07558	0.08584	0.01864	0.00931	0.00306	0.00601	0.60547	0.00634	0.00627
41	0.01614	0.01644	0.05519	0.03599	0.53207	0.01605	0.06602	0.02020	0.01517	0.02168	0.01438	0.02138	0.01275	0.00754	0.00832	0.00222	0.06785	0.05697	0.00356	0.01008
42	0.00865	0.00700	0.00773	0.00794	0.00981	0.00620	0.00580	0.01107	0.03913	0.01978	0.14553	0.20978	0.46237	0.01749	0.00818	0.00239	0.00361	0.01501	0.00653	0.00599
43	0.00995	0.00663	0.00746	0.00746	0.00746	0.00663	0.00415	0.00995	0.00995	0.01327	0.02156	0.04477	0.02487	0.75957	0.03482	0.00663	0.00663	0.00995	0.00415	0.00415
44	0.00995	0.00663	0.00746	0.00746	0.00746	0.00663	0.00415	0.00995	0.00995	0.01327	0.02156	0.04477	0.02487	0.75957	0.03482	0.00663	0.00663	0.00995	0.00415	0.00415
45	0.80789	0.01323	0.01006	0.00900	0.01323	0.01535	0.00741	0.02011	0.01164	0.03070	0.00953	0.01111	0.00741	0.00635	0.00423	0.00212	0.00529	0.00370	0.00423	0.00741
46	0.01011	0.00662	0.00740	0.00740	0.00749	0.00662	0.00418	0.01030	0.01020	0.01398	0.02160	0.04365	0.02445	0.71599	0.03308	0.00634	0.00643	0.00974	0.05014	0.00427
47	0.00968	0.00699	0.00914	0.00861	0.01022	0.00646	0.00646	0.01291	0.01937	0.02743	0.71328	0.05110	0.06455	0.01399	0.00807	0.00215	0.00323	0.01237	0.00753	0.00646
48	0.80789	0.01323	0.01006	0.00900	0.01323	0.01535	0.00741	0.02011	0.01164	0.03070	0.00953	0.01111	0.00741	0.00635	0.00423	0.00212	0.00529	0.00370	0.00423	0.00741
49	0.00847	0.00601	0.00790	0.00936	0.00972	0.00564	0.00617	0.00956	0.01284	0.01713	0.03641	0.69786	0.04361	0.08091	0.01083	0.00309	0.00418	0.01868	0.00617	0.00544
50	0.00982	0.00658	0.00750	0.00762	0.00765	0.00655	0.00432	0.00992	0.01019	0.01359	0.02281	0.09974	0.02645	0.70245	0.03280	0.00633	0.00643	0.01068	0.00432	0.00425
51	0.01795	0.01666	0.01590	0.01433	0.01816	0.09533	0.01109	0.03536	0.62950	0.02732	0.02595	0.02408	0.01956	0.00904	0.00687	0.00226	0.00617	0.00737	0.00659	0.01051
52	0.00856	0.00615	0.00816	0.00963	0.01020	0.00575	0.00664	0.00997	0.01357	0.01805	0.06272	0.66455	0.06439	0.02088	0.00874	0.00277	0.00409	0.06314	0.00639	0.00565
53	0.00879	0.00664	0.00812	0.00843	0.00984	0.00597	0.00606	0.01093	0.01626	0.02165	0.31092	0.28295	0.24381	0.01735	0.00829	0.00240	0.00354	0.01525	0.00681	0.00597
54	0.00998	0.00701	0.00824	0.00864	0.00906	0.00705	0.00543	0.01173	0.05804	0.01573	0.02710	0.25207	0.03095	0.47291	0.02462	0.00512	0.00576	0.03043	0.00504	0.00507
55	0.00898	0.00633	0.00823	0.00945	0.00993	0.00605	0.00645	0.01022	0.01297	0.01728	0.05405	0.52325	0.04125	0.16225	0.01379	0.00354	0.00472	0.08991	0.00596	0.00540
56	0.01188	0.00594	0.00891	0.00891	0.00891	0.00594	0.00594	0.00891	0.00891	0.01188	0.01188	0.02080	0.01188	0.02377	0.02674	0.80095	0.00594	0.00594	0.00297	0.00297
57	0.01419	0.01216	0.01419	0.01013	0.01621	0.00912	0.00811	0.01723	0.01419	0.02229	0.01216	0.01419	0.01013	0.00507	0.00507	0.00101	0.00507	0.00405	0.00405	0.80139
58	0.01911	0.01383	0.01525	0.01283	0.01676	0.01486	0.01019	0.27222	0.20441	0.08880	0.09671	0.08461	0.09818	0.01108	0.00728	0.00222	0.00569	0.00916	0.00699	0.00981
59	0.00881	0.00667	0.00822	0.00911	0.01042	0.00608	0.00675	0.01067	0.01488	0.01916	0.10778	0.36400	0.25863	0.01906	0.00858	0.00263	0.00412	0.12216	0.00645	0.00583
60	0.00847	0.00668	0.00765	0.00797	0.00962	0.00585	0.00576	0.01035	0.01566	0.01999	0.18902	0.25116	0.40197	0.01778	0.00826	0.00241	0.00356	0.01540	0.00659	0.00585
61	0.00893	0.00652	0.00800	0.00847	0.00946	0.00602	0.00580	0.01056	0.01467	0.01959	0.22182	0.32254	0.16400	0.14642	0.01295	0.00320	0.00414	0.01503	0.00629	0.00559
62	0.00844	0.00603	0.00803	0.00946	0.00995	0.00563	0.00636	0.00978	0.01358	0.01823	0.08933	0.70131	0.04672	0.02086	0.00868	0.00273	0.00391	0.01891	0.00644	0.00563
63	0.01603	0.17805	0.02571	0.01747	0.01938	0.03871	0.06878	0.01803	0.01189	0.01683	0.00952	0.01432	0.00905	0.01003	0.01699	0.00258	0.51006	0.00561	0.00303	0.00792
