[name]
unknown

[dist]
# distance from previous block
# <min> <max>
0	107

[block]
# block no. 0 follows, 32 sequences, length 24
# corresponding to MSA columns:
# 120-143
name=unknown_A
#
# <colnr> <probs for GDERKNQSTAVLIFYWHMCP>
#	G	D	E	R	K	N	Q	S	T	A	V	L	I	F	Y	W	H	M	C	P
0	0.03312	0.01142	0.03655	0.09244	0.10594	0.03021	0.02643	0.01761	0.04257	0.08593	0.10486	0.17655	0.02797	0.02893	0.00799	0.00238	0.00610	0.09759	0.00538	0.06001
1	0.01724	0.11938	0.07019	0.06077	0.11176	0.01515	0.02834	0.12087	0.03131	0.10086	0.09785	0.06698	0.05007	0.00908	0.00721	0.00203	0.03593	0.00750	0.00510	0.04239
2	0.04211	0.01459	0.01996	0.04565	0.13108	0.01453	0.08534	0.20981	0.01950	0.02752	0.05463	0.02128	0.06778	0.00771	0.00684	0.00185	0.02312	0.00661	0.00488	0.19520
3	0.01399	0.01169	0.01685	0.01518	0.06694	0.01112	0.10493	0.06213	0.09144	0.04132	0.06799	0.14325	0.04951	0.06110	0.00893	0.00236	0.00611	0.04849	0.00524	0.17144
4	0.01574	0.01840	0.14964	0.08054	0.38019	0.03432	0.01843	0.04567	0.04653	0.03658	0.06973	0.02084	0.03909	0.00736	0.00674	0.00206	0.00779	0.00659	0.00400	0.00974
5	0.12741	0.01505	0.02209	0.14524	0.41025	0.03475	0.01690	0.04364	0.01516	0.04589	0.01253	0.01593	0.01002	0.00625	0.00620	0.00198	0.00759	0.00552	0.00370	0.05389
6	0.01579	0.01113	0.01385	0.01164	0.03903	0.00982	0.02379	0.08833	0.01625	0.11243	0.06218	0.08303	0.04997	0.10798	0.00993	0.00229	0.00550	0.00760	0.00527	0.32421
7	0.01833	0.01510	0.02495	0.06504	0.57517	0.01508	0.01872	0.02260	0.03699	0.12001	0.01497	0.01778	0.01169	0.00643	0.00667	0.00202	0.00761	0.00613	0.00411	0.01061
8	0.01606	0.01533	0.02581	0.13854	0.60279	0.01583	0.01996	0.02066	0.04013	0.02148	0.01306	0.01709	0.01075	0.00619	0.00666	0.00204	0.00801	0.00603	0.00340	0.01019
9	0.01610	0.01360	0.01620	0.01718	0.14461	0.04286	0.01133	0.15515	0.16356	0.02809	0.21342	0.03054	0.07699	0.00994	0.00706	0.00207	0.00575	0.00846	0.00606	0.03103
10	0.01002	0.01175	0.10700	0.01239	0.01563	0.00855	0.10458	0.01307	0.01489	0.01972	0.11903	0.26643	0.24067	0.01489	0.00792	0.00237	0.00548	0.01338	0.00552	0.00671
11	0.01576	0.01507	0.02570	0.19396	0.57621	0.01572	0.02017	0.01985	0.01488	0.02089	0.01247	0.01688	0.01026	0.00614	0.00666	0.00205	0.00818	0.00598	0.00325	0.00994
12	0.12136	0.00829	0.00937	0.00854	0.01106	0.00773	0.00650	0.01355	0.01631	0.02477	0.38854	0.09619	0.13409	0.01252	0.00706	0.00203	0.00377	0.01068	0.00625	0.11141
13	0.01679	0.04100	0.01519	0.01333	0.03964	0.01196	0.03533	0.17824	0.05516	0.12275	0.02725	0.34373	0.02749	0.01381	0.00754	0.00236	0.00565	0.02806	0.00632	0.00841
14	0.02408	0.01783	0.05815	0.01480	0.02009	0.01813	0.01262	0.48261	0.09592	0.13421	0.01906	0.03993	0.01386	0.00849	0.00676	0.00208	0.00698	0.00662	0.00671	0.01107
15	0.01543	0.01469	0.02502	0.03409	0.53174	0.01463	0.06739	0.01931	0.01564	0.02240	0.11080	0.02124	0.01785	0.00718	0.00735	0.00203	0.03080	0.00692	0.00390	0.03158
16	0.01833	0.05144	0.01818	0.01577	0.04366	0.12686	0.01208	0.07569	0.40551	0.02484	0.02007	0.02008	0.01556	0.00880	0.00870	0.00222	0.11053	0.00651	0.00546	0.00970
17	0.00998	0.00792	0.01056	0.10607	0.01542	0.00750	0.00803	0.01256	0.01536	0.02116	0.26158	0.25375	0.10627	0.01407	0.00754	0.00217	0.00442	0.01245	0.00588	0.11730
18	0.02147	0.07884	0.02051	0.11859	0.02363	0.49233	0.01387	0.02358	0.01671	0.01644	0.01031	0.01315	0.00870	0.00744	0.00812	0.00194	0.10865	0.00470	0.00328	0.00773
19	0.01031	0.00823	0.01194	0.01145	0.01252	0.00986	0.00901	0.01268	0.01185	0.01724	0.11415	0.02798	0.02210	0.03965	0.53256	0.00844	0.12209	0.00769	0.00403	0.00623
20	0.02479	0.01790	0.01933	0.01505	0.02023	0.01974	0.01236	0.58934	0.10591	0.07885	0.01793	0.01747	0.01270	0.00818	0.00673	0.00205	0.00706	0.00625	0.00681	0.01132
21	0.00819	0.00613	0.00761	0.00867	0.00958	0.00555	0.00596	0.00960	0.01379	0.01792	0.08255	0.54989	0.21092	0.01963	0.00837	0.00258	0.00373	0.01748	0.00629	0.00555
22	0.01251	0.00625	0.00625	0.00625	0.00782	0.00625	0.00469	0.01563	0.01407	0.02502	0.02189	0.02502	0.01720	0.00782	0.00469	0.00156	0.00313	0.00625	0.80144	0.00625
23	0.00826	0.00681	0.00725	0.00714	0.00926	0.00580	0.00535	0.01026	0.01606	0.01995	0.20331	0.06157	0.58314	0.01631	0.00793	0.00223	0.00335	0.01374	0.00647	0.00580

[dist]
# distance from previous block
# <min> <max>
0	1

[block]
# block no. 1 follows, 32 sequences, length 41
# corresponding to MSA columns:
# 145-185
name=unknown_B
#
# <colnr> <probs for GDERKNQSTAVLIFYWHMCP>
#	G	D	E	R	K	N	Q	S	T	A	V	L	I	F	Y	W	H	M	C	P
0	0.01518	0.01189	0.01404	0.01009	0.01600	0.00902	0.00810	0.01813	0.01433	0.07684	0.01306	0.01461	0.01046	0.00523	0.00511	0.00108	0.00503	0.00419	0.00431	0.74331
1	0.01778	0.01446	0.01497	0.01325	0.01698	0.05047	0.01033	0.05947	0.52643	0.08245	0.09481	0.02637	0.02350	0.00935	0.00689	0.00221	0.00554	0.00775	0.00683	0.01015
2	0.02160	0.01675	0.01733	0.01440	0.01890	0.05295	0.01151	0.29497	0.35699	0.08756	0.02203	0.02074	0.01605	0.00852	0.00674	0.00213	0.00648	0.00676	0.00673	0.01085
3	0.00838	0.00657	0.00758	0.00784	0.00947	0.00578	0.00569	0.01031	0.01560	0.02005	0.22133	0.23449	0.38866	0.01719	0.00808	0.00234	0.00346	0.01489	0.00652	0.00578
4	0.00878	0.00657	0.00820	0.00890	0.01000	0.00613	0.00625	0.01121	0.04219	0.02002	0.20217	0.45349	0.15483	0.01819	0.00824	0.00249	0.00370	0.01621	0.00653	0.00590
5	0.08351	0.37094	0.02594	0.01362	0.04142	0.08440	0.01163	0.15753	0.01828	0.11602	0.01314	0.01374	0.01019	0.00669	0.00532	0.00173	0.00733	0.00464	0.00452	0.00943
6	0.02264	0.17425	0.02339	0.01653	0.02057	0.45671	0.04620	0.08396	0.01839	0.01881	0.01074	0.01263	0.00897	0.00701	0.00679	0.00179	0.05413	0.00460	0.00359	0.00830
7	0.01251	0.00625	0.00625	0.00625	0.00782	0.00625	0.00469	0.01563	0.01407	0.02502	0.02189	0.02502	0.01720	0.00782	0.00469	0.00156	0.00313	0.00625	0.80144	0.00625
8	0.01685	0.01505	0.02362	0.16677	0.24550	0.01638	0.10174	0.10110	0.10375	0.04050	0.01523	0.01834	0.01181	0.00723	0.00784	0.00216	0.05904	0.00645	0.03110	0.00955
9	0.02508	0.03154	0.01905	0.01722	0.02075	0.71350	0.01296	0.04911	0.01943	0.01728	0.01056	0.01223	0.00873	0.00695	0.00607	0.00174	0.01194	0.00438	0.00357	0.00790
10	0.00818	0.00584	0.00779	0.00934	0.00973	0.00545	0.00623	0.00934	0.01285	0.01713	0.03698	0.75981	0.04438	0.02102	0.00856	0.00273	0.00389	0.01908	0.00623	0.00545
11	0.01648	0.07043	0.52820	0.01786	0.02650	0.01738	0.02129	0.17806	0.01816	0.02582	0.01284	0.01443	0.00918	0.00673	0.00634	0.00206	0.00918	0.00513	0.00373	0.01019
12	0.01580	0.01798	0.03894	0.02792	0.03447	0.01709	0.67464	0.02131	0.01565	0.02131	0.01341	0.01798	0.01013	0.00586	0.00840	0.00229	0.03659	0.00785	0.00338	0.00899
13	0.00960	0.00767	0.00864	0.00911	0.04355	0.00679	0.00637	0.01225	0.04316	0.04322	0.12889	0.07681	0.54867	0.01564	0.00780	0.00224	0.00376	0.01319	0.00631	0.00635
14	0.01669	0.01441	0.01517	0.01365	0.01745	0.01669	0.01062	0.03565	0.71021	0.02807	0.02731	0.02503	0.02048	0.00910	0.00683	0.00228	0.00531	0.00759	0.00683	0.01062
15	0.01477	0.01404	0.01758	0.01541	0.01635	0.06568	0.01253	0.06700	0.01258	0.01789	0.01212	0.01840	0.01145	0.04300	0.19955	0.00486	0.43986	0.00622	0.00345	0.00724
16	0.01741	0.01154	0.01582	0.04067	0.15939	0.01154	0.01131	0.02388	0.16241	0.19302	0.21030	0.03119	0.06275	0.00982	0.00711	0.00212	0.00540	0.00854	0.00646	0.00932
17	0.00900	0.00671	0.00840	0.00845	0.00996	0.00611	0.00628	0.01151	0.01697	0.02303	0.43000	0.17965	0.19498	0.01592	0.00810	0.00230	0.00349	0.04625	0.00688	0.00603
18	0.00959	0.00719	0.01078	0.01078	0.01198	0.00839	0.00839	0.01198	0.01078	0.01558	0.01797	0.02636	0.01677	0.05032	0.73760	0.01078	0.01797	0.00719	0.00359	0.00599
19	0.01556	0.01912	0.09186	0.02672	0.03321	0.01715	0.59099	0.02105	0.01526	0.02105	0.01308	0.01752	0.00994	0.00620	0.00892	0.00231	0.07026	0.00752	0.00331	0.00898
20	0.00864	0.00670	0.00787	0.00783	0.00957	0.00593	0.00578	0.01092	0.01660	0.02183	0.34806	0.14539	0.34863	0.01607	0.00800	0.00226	0.00336	0.01389	0.00673	0.00593
21	0.03010	0.01142	0.01557	0.01194	0.01713	0.00986	0.00986	0.03270	0.01920	0.72698	0.02647	0.02284	0.01661	0.00830	0.00675	0.00208	0.00571	0.00675	0.00830	0.01142
22	0.01577	0.01508	0.02571	0.19234	0.57776	0.01572	0.02017	0.01986	0.01488	0.02090	0.01247	0.01688	0.01027	0.00613	0.00666	0.00204	0.00818	0.00598	0.00325	0.00995
23	0.02333	0.01295	0.01534	0.01240	0.01662	0.01317	0.00986	0.18764	0.14812	0.32439	0.05144	0.02522	0.01889	0.09733	0.01002	0.00262	0.00602	0.00731	0.00712	0.01020
24	0.02907	0.01115	0.01520	0.01182	0.01678	0.00965	0.00969	0.03159	0.01890	0.69337	0.02697	0.05773	0.01792	0.00891	0.00683	0.00211	0.00562	0.00733	0.00821	0.01114
25	0.01713	0.01352	0.01439	0.01246	0.01613	0.01504	0.00982	0.18652	0.37846	0.03027	0.08257	0.02806	0.07688	0.00974	0.00679	0.00214	0.00528	0.00799	0.07713	0.00969
26	0.00879	0.00657	0.00810	0.00908	0.01022	0.00608	0.00669	0.01042	0.01384	0.01770	0.04427	0.35562	0.23563	0.08111	0.01066	0.00298	0.00445	0.15617	0.00604	0.00555
27	0.00973	0.00661	0.00783	0.00783	0.00801	0.00678	0.00470	0.01009	0.00991	0.01339	0.02067	0.04132	0.02327	0.65886	0.13794	0.00714	0.00820	0.00938	0.00400	0.00435
28	0.02506	0.03198	0.01901	0.01729	0.02074	0.73725	0.01296	0.02679	0.01901	0.01642	0.01037	0.01210	0.00864	0.00691	0.00605	0.00173	0.01210	0.00432	0.00346	0.00778
29	0.01318	0.00767	0.01015	0.00907	0.01129	0.00696	0.00696	0.01625	0.01903	0.15210	0.59498	0.04524	0.05496	0.01275	0.00771	0.00210	0.00362	0.01117	0.00755	0.00724
30	0.44856	0.01351	0.01350	0.06822	0.01760	0.01497	0.00957	0.14748	0.01655	0.14908	0.01377	0.01470	0.00987	0.00744	0.00589	0.02461	0.00600	0.00485	0.00521	0.00863
31	0.01346	0.03471	0.72942	0.01912	0.02904	0.01558	0.02479	0.02125	0.01417	0.02125	0.01204	0.01417	0.00850	0.00637	0.00637	0.00212	0.00992	0.00496	0.00283	0.00992
32	0.00829	0.00672	0.00737	0.00741	0.00934	0.00579	0.00548	0.01026	0.01585	0.01993	0.20570	0.13054	0.51051	0.01668	0.00799	0.00228	0.00340	0.01421	0.00648	0.00579
33	0.00925	0.00685	0.00863	0.00819	0.00987	0.00623	0.00614	0.01219	0.01842	0.02554	0.61746	0.05237	0.16549	0.01423	0.00792	0.00213	0.00320	0.01245	0.00721	0.00623
34	0.00853	0.00682	0.00764	0.00743	0.00943	0.00592	0.00557	0.01080	0.01672	0.02152	0.31917	0.05900	0.46630	0.01573	0.00792	0.00221	0.00331	0.01338	0.00668	0.00592
35	0.00818	0.00584	0.00779	0.00934	0.00973	0.00545	0.00623	0.00934	0.01285	0.01713	0.03698	0.75981	0.04438	0.02102	0.00856	0.00273	0.00389	0.01908	0.00623	0.00545
36	0.01746	0.44514	0.21386	0.01557	0.04601	0.04351	0.03910	0.07367	0.01546	0.01970	0.01086	0.01256	0.00893	0.00613	0.00529	0.00172	0.00822	0.00439	0.00321	0.00923
37	0.01208	0.10370	0.01349	0.01083	0.01279	0.03287	0.02736	0.01466	0.04806	0.06126	0.05073	0.45852	0.05843	0.01638	0.00773	0.00244	0.00505	0.05110	0.00582	0.00671
38	0.37884	0.12660	0.08067	0.01432	0.07045	0.10779	0.01170	0.07803	0.03586	0.02588	0.01106	0.01261	0.00874	0.00648	0.00509	0.00194	0.00716	0.00433	0.00399	0.00846
39	0.01879	0.16429	0.02368	0.08947	0.07439	0.01817	0.07282	0.21563	0.07127	0.04541	0.01467	0.01697	0.01153	0.03231	0.00707	0.00199	0.00737	0.00572	0.00468	0.10377
40	0.03697	0.05588	0.16152	0.14611	0.13131	0.03414	0.10115	0.05822	0.03859	0.02183	0.01421	0.04249	0.01177	0.00710	0.00652	0.00202	0.00830	0.02311	0.00373	0.09502

[dist]
# distance from previous block
# <min> <max>
0	45

[block]
# block no. 2 follows, 32 sequences, length 58
# corresponding to MSA columns:
# 232-289
name=unknown_C
#
# <colnr> <probs for GDERKNQSTAVLIFYWHMCP>
#	G	D	E	R	K	N	Q	S	T	A	V	L	I	F	Y	W	H	M	C	P
0	0.04603	0.07145	0.05862	0.04818	0.20620	0.05959	0.06774	0.15314	0.09092	0.10851	0.01598	0.01729	0.01193	0.00704	0.00649	0.00202	0.00780	0.00600	0.00489	0.01018
1	0.12836	0.08081	0.05887	0.03890	0.09595	0.03568	0.01287	0.15724	0.17603	0.05214	0.01608	0.01693	0.01226	0.00748	0.00677	0.00203	0.04168	0.00565	0.00502	0.04925
2	0.05883	0.07801	0.08695	0.08352	0.30197	0.01689	0.04932	0.09059	0.03412	0.06591	0.01351	0.01619	0.01054	0.00671	0.00703	0.00203	0.04078	0.00571	0.00400	0.02740
3	0.04120	0.01897	0.09040	0.02630	0.30885	0.08645	0.04868	0.13865	0.03571	0.04029	0.01408	0.01730	0.01129	0.03351	0.00794	0.00218	0.03090	0.00595	0.03158	0.00978
4	0.01606	0.01527	0.02361	0.27528	0.37417	0.04162	0.01873	0.06617	0.01557	0.02113	0.01229	0.01672	0.00992	0.00679	0.00768	0.00213	0.05823	0.00591	0.00342	0.00929
5	0.00821	0.00608	0.00770	0.00897	0.00974	0.00556	0.00617	0.00954	0.01338	0.01741	0.04263	0.61014	0.16821	0.02020	0.00847	0.00265	0.00388	0.03932	0.00623	0.00551
6	0.02436	0.01817	0.01951	0.01505	0.02035	0.01995	0.01238	0.62317	0.07449	0.04036	0.01662	0.01658	0.01192	0.00797	0.00663	0.00198	0.00713	0.00604	0.00658	0.05076
7	0.06474	0.30293	0.05556	0.05619	0.08906	0.06162	0.01246	0.02165	0.09586	0.02017	0.01257	0.01423	0.01038	0.00620	0.00528	0.00164	0.00703	0.00461	0.00370	0.15414
8	0.02572	0.01404	0.01680	0.01292	0.01817	0.01369	0.01060	0.24439	0.06735	0.37378	0.02138	0.01970	0.01436	0.00786	0.00652	0.00193	0.00613	0.00623	0.00715	0.11129
9	0.01116	0.00858	0.01265	0.01599	0.11820	0.00849	0.01132	0.01403	0.01504	0.01999	0.04966	0.19100	0.03614	0.01700	0.00872	0.00284	0.00595	0.44075	0.00579	0.00671
10	0.00818	0.00584	0.00779	0.00934	0.00973	0.00545	0.00623	0.00934	0.01285	0.01713	0.03698	0.75981	0.04438	0.02102	0.00856	0.00273	0.00389	0.01908	0.00623	0.00545
11	0.00841	0.00690	0.00749	0.00772	0.00979	0.00597	0.00597	0.01036	0.01543	0.01881	0.09628	0.08767	0.57175	0.01716	0.00813	0.00238	0.00378	0.10396	0.00628	0.00576
12	0.02662	0.01096	0.01464	0.01173	0.01621	0.00975	0.00947	0.06235	0.01887	0.58763	0.02752	0.13190	0.02047	0.01018	0.00702	0.00217	0.00552	0.00854	0.00792	0.01053
13	0.02471	0.01696	0.01862	0.01462	0.01970	0.01849	0.01197	0.48923	0.14381	0.14153	0.01953	0.01861	0.01371	0.00827	0.00674	0.00207	0.00679	0.00641	0.00697	0.01128
14	0.00818	0.00584	0.00779	0.00934	0.00973	0.00545	0.00623	0.00934	0.01285	0.01713	0.03698	0.75981	0.04438	0.02102	0.00856	0.00273	0.00389	0.01908	0.00623	0.00545
15	0.00818	0.00584	0.00779	0.00934	0.00973	0.00545	0.00623	0.00934	0.01285	0.01713	0.03698	0.75981	0.04438	0.02102	0.00856	0.00273	0.00389	0.01908	0.00623	0.00545
16	0.01584	0.01810	0.03959	0.02828	0.03507	0.01697	0.69796	0.02149	0.01584	0.02149	0.01357	0.01810	0.01018	0.00566	0.00792	0.00226	0.01131	0.00792	0.00339	0.00905
17	0.00964	0.00698	0.00974	0.00974	0.01058	0.00782	0.00709	0.01132	0.01048	0.01481	0.01892	0.03162	0.01906	0.26432	0.52672	0.00950	0.01453	0.00796	0.00374	0.00541
18	0.00976	0.00651	0.00732	0.00732	0.00732	0.00651	0.00407	0.00976	0.00976	0.01301	0.02114	0.04391	0.02439	0.76419	0.03415	0.00651	0.00651	0.00976	0.00407	0.00407
19	0.00944	0.00686	0.00889	0.00838	0.00999	0.00631	0.00629	0.01255	0.01886	0.02658	0.69453	0.05066	0.08777	0.01384	0.00791	0.00212	0.00317	0.01221	0.00734	0.00631
20	0.01669	0.01441	0.01517	0.01365	0.01745	0.01669	0.01062	0.03565	0.71021	0.02807	0.02731	0.02503	0.02048	0.00910	0.00683	0.00228	0.00531	0.00759	0.00683	0.01062
21	0.01391	0.01193	0.01391	0.00994	0.01590	0.00894	0.00795	0.01690	0.01391	0.02186	0.01193	0.01391	0.00994	0.00497	0.00497	0.00099	0.00497	0.00398	0.00398	0.80521
22	0.01387	0.01193	0.01413	0.03591	0.01697	0.00915	0.00833	0.01690	0.01390	0.02170	0.01193	0.01405	0.00990	0.00503	0.00503	0.00104	0.00511	0.00405	0.00394	0.77714
23	0.00959	0.00719	0.01078	0.01078	0.01198	0.00839	0.00839	0.01198	0.01078	0.01558	0.01797	0.02636	0.01677	0.05032	0.73760	0.01078	0.01797	0.00719	0.00359	0.00599
24	0.00818	0.00584	0.00779	0.00934	0.00973	0.00545	0.00623	0.00934	0.01285	0.01713	0.03698	0.75981	0.04438	0.02102	0.00856	0.00273	0.00389	0.01908	0.00623	0.00545
25	0.01086	0.00811	0.01092	0.11848	0.01591	0.00815	0.00837	0.01479	0.05195	0.04903	0.47277	0.06480	0.11439	0.01278	0.00766	0.00217	0.00426	0.01120	0.00659	0.00680
26	0.02172	0.02425	0.02187	0.06269	0.25039	0.38517	0.01572	0.09939	0.01891	0.02114	0.01182	0.01431	0.00961	0.00673	0.00635	0.00187	0.01007	0.00514	0.00375	0.00909
27	0.02132	0.01657	0.01762	0.01437	0.01899	0.01854	0.01159	0.41228	0.29350	0.03571	0.02274	0.02171	0.04628	0.00886	0.00681	0.00213	0.00640	0.00700	0.00674	0.01085
28	0.00943	0.00686	0.00887	0.00837	0.00998	0.00630	0.00628	0.01253	0.01883	0.02652	0.69012	0.05076	0.09223	0.01386	0.00791	0.00212	0.00318	0.01222	0.00734	0.00630
29	0.00976	0.00651	0.00732	0.00732	0.00732	0.00651	0.00407	0.00976	0.00976	0.01301	0.02114	0.04391	0.02439	0.76419	0.03415	0.00651	0.00651	0.00976	0.00407	0.00407
30	0.01760	0.01783	0.02627	0.03837	0.63977	0.10082	0.01969	0.02132	0.01572	0.02127	0.01236	0.01608	0.01039	0.00609	0.00657	0.00196	0.00846	0.00578	0.00334	0.01029
31	0.01651	0.01892	0.13151	0.03640	0.56856	0.01613	0.04039	0.05079	0.01585	0.02271	0.01272	0.01627	0.01033	0.00612	0.00664	0.00202	0.00833	0.00589	0.00340	0.01051
32	0.01620	0.16294	0.13135	0.06377	0.19326	0.04041	0.25616	0.02092	0.01502	0.02009	0.01214	0.01560	0.00964	0.00594	0.00659	0.00200	0.00944	0.00601	0.00318	0.00934
33	0.00963	0.00701	0.00986	0.00986	0.01074	0.00789	0.00724	0.01139	0.01051	0.01489	0.01882	0.03103	0.01880	0.24035	0.55034	0.00964	0.01492	0.00787	0.00372	0.00548
34	0.01416	0.01184	0.01827	0.23993	0.02655	0.01342	0.08017	0.08191	0.03265	0.04144	0.02051	0.10176	0.01975	0.01179	0.00971	0.02544	0.08474	0.15376	0.00463	0.00757
35	0.10686	0.01521	0.04326	0.07325	0.23307	0.01471	0.10148	0.06190	0.07683	0.02430	0.01395	0.01663	0.01099	0.00630	0.00618	0.00189	0.00725	0.00572	0.02702	0.15320
36	0.01057	0.00745	0.01044	0.01027	0.01167	0.00850	0.00799	0.03619	0.01198	0.01789	0.01849	0.02581	0.01665	0.04258	0.60405	0.00912	0.01541	0.00701	0.12171	0.00622
37	0.00935	0.00637	0.00759	0.00798	0.00813	0.00632	0.00480	0.00975	0.01058	0.01416	0.02500	0.22393	0.02911	0.54506	0.05868	0.00574	0.00635	0.01200	0.00459	0.00450
38	0.01666	0.01593	0.02572	0.07876	0.21301	0.04124	0.20686	0.04381	0.15717	0.04492	0.05454	0.02062	0.01533	0.00731	0.00749	0.00217	0.02724	0.00715	0.00450	0.00958
39	0.01409	0.01414	0.16850	0.01201	0.01593	0.01002	0.01159	0.01779	0.01521	0.13784	0.16575	0.03102	0.09313	0.01843	0.15444	0.00387	0.04683	0.00820	0.05334	0.00787
40	0.03010	0.01142	0.01557	0.01194	0.01713	0.00986	0.00986	0.03270	0.01920	0.72698	0.02647	0.02284	0.01661	0.00830	0.00675	0.00208	0.00571	0.00675	0.00830	0.01142
41	0.02393	0.01843	0.09015	0.01710	0.07119	0.01740	0.03268	0.42212	0.02545	0.16602	0.01748	0.01751	0.01216	0.00771	0.00666	0.00203	0.00736	0.00612	0.02750	0.01101
42	0.04223	0.01586	0.02754	0.07394	0.59749	0.01596	0.08726	0.02048	0.01512	0.02191	0.01257	0.01663	0.01039	0.00599	0.00669	0.00203	0.00826	0.00609	0.00334	0.01020
43	0.00818	0.00584	0.00779	0.00934	0.00973	0.00545	0.00623	0.00934	0.01285	0.01713	0.03698	0.75981	0.04438	0.02102	0.00856	0.00273	0.00389	0.01908	0.00623	0.00545
44	0.01391	0.01193	0.01391	0.00994	0.01590	0.00894	0.00795	0.01690	0.01391	0.02186	0.01193	0.01391	0.00994	0.00497	0.00497	0.00099	0.00497	0.00398	0.00398	0.80521
45	0.01281	0.01206	0.02037	0.72382	0.06940	0.01494	0.01870	0.01726	0.01348	0.01731	0.01195	0.01785	0.00900	0.00668	0.00671	0.00223	0.00891	0.00596	0.00299	0.00756
46	0.00818	0.00615	0.00758	0.00862	0.00957	0.00555	0.00593	0.00958	0.01381	0.01788	0.07910	0.53888	0.22568	0.01958	0.00836	0.00257	0.00372	0.01742	0.00629	0.00555
47	0.02305	0.01680	0.01833	0.01427	0.01938	0.01802	0.01165	0.50508	0.09023	0.07330	0.01794	0.04323	0.01351	0.00828	0.00660	0.00195	0.00672	0.00645	0.00649	0.09874
48	0.02546	0.01419	0.01751	0.01374	0.01863	0.03884	0.04612	0.17566	0.10380	0.39541	0.06134	0.02253	0.01791	0.00846	0.00685	0.00209	0.00640	0.00697	0.00731	0.01079
49	0.00818	0.00584	0.00779	0.00934	0.00973	0.00545	0.00623	0.00934	0.01285	0.01713	0.03698	0.75981	0.04438	0.02102	0.00856	0.00273	0.00389	0.01908	0.00623	0.00545
50	0.01391	0.01193	0.01391	0.00994	0.01590	0.00894	0.00795	0.01690	0.01391	0.02186	0.01193	0.01391	0.00994	0.00497	0.00497	0.00099	0.00497	0.00398	0.00398	0.80521
51	0.00975	0.00654	0.00747	0.00747	0.00752	0.00659	0.00426	0.00986	0.00980	0.01312	0.02100	0.04313	0.02406	0.73258	0.06530	0.00669	0.00701	0.00964	0.00404	0.00415
52	0.01163	0.00868	0.01138	0.01238	0.01426	0.00899	0.01059	0.01708	0.11873	0.02157	0.06441	0.06704	0.03701	0.01692	0.00885	0.00293	0.00592	0.54848	0.00633	0.00684
53	0.01267	0.01193	0.02013	0.74806	0.04621	0.01491	0.01863	0.01714	0.01342	0.01714	0.01193	0.01789	0.00894	0.00671	0.00671	0.00224	0.00894	0.00596	0.00298	0.00745
54	0.01122	0.00961	0.01449	0.01315	0.01424	0.01179	0.04535	0.01336	0.01083	0.01582	0.01566	0.02438	0.01502	0.09622	0.45985	0.00799	0.20414	0.00710	0.00345	0.00634
55	0.01189	0.04909	0.03684	0.03083	0.01564	0.01046	0.07026	0.03666	0.03822	0.04302	0.02634	0.36779	0.02846	0.02059	0.11751	0.00375	0.04664	0.03395	0.00516	0.00691
56	0.07058	0.09240	0.09165	0.02319	0.19350	0.11474	0.12513	0.04220	0.05163	0.04113	0.01292	0.01544	0.01025	0.00658	0.00696	0.00197	0.04156	0.00559	0.00375	0.04884
57	0.01591	0.21014	0.29490	0.01753	0.02470	0.01823	0.13345	0.02233	0.07644	0.04530	0.01341	0.01526	0.01025	0.00647	0.00650	0.00195	0.02761	0.00539	0.00355	0.05067

[dist]
# distance from previous block
# <min> <max>
0	6

[block]
# block no. 3 follows, 32 sequences, length 16
# corresponding to MSA columns:
# 296-311
name=unknown_D
#
# <colnr> <probs for GDERKNQSTAVLIFYWHMCP>
#	G	D	E	R	K	N	Q	S	T	A	V	L	I	F	Y	W	H	M	C	P
0	0.63139	0.01426	0.01192	0.01028	0.01445	0.04428	0.00843	0.08675	0.01410	0.07122	0.01103	0.01228	0.00832	0.00674	0.00522	0.00208	0.03058	0.00415	0.00458	0.00794
1	0.01267	0.01193	0.02013	0.74806	0.04621	0.01491	0.01863	0.01714	0.01342	0.01714	0.01193	0.01789	0.00894	0.00671	0.00671	0.00224	0.00894	0.00596	0.00298	0.00745
2	0.00960	0.00713	0.01050	0.01050	0.01160	0.00823	0.00803	0.01180	0.01070	0.01537	0.01823	0.02780	0.01740	0.10886	0.67992	0.01043	0.01703	0.00740	0.00363	0.00583
3	0.01267	0.01193	0.02013	0.74806	0.04621	0.01491	0.01863	0.01714	0.01342	0.01714	0.01193	0.01789	0.00894	0.00671	0.00671	0.00224	0.00894	0.00596	0.00298	0.00745
4	0.01346	0.03471	0.72942	0.01912	0.02904	0.01558	0.02479	0.02125	0.01417	0.02125	0.01204	0.01417	0.00850	0.00637	0.00637	0.00212	0.00992	0.00496	0.00283	0.00992
5	0.81159	0.01298	0.00986	0.00882	0.01298	0.01505	0.00727	0.01972	0.01142	0.03010	0.00934	0.01090	0.00727	0.00623	0.00415	0.00208	0.00519	0.00363	0.00415	0.00727
6	0.00830	0.00594	0.00790	0.00926	0.00976	0.00554	0.00624	0.00967	0.01344	0.01808	0.10324	0.69085	0.04622	0.02031	0.00850	0.00267	0.00382	0.01840	0.00634	0.00554
7	0.02686	0.01380	0.01670	0.01311	0.01814	0.01376	0.01073	0.20753	0.12760	0.44167	0.02389	0.02141	0.01584	0.00836	0.00675	0.00209	0.00609	0.00669	0.00766	0.01130
8	0.00867	0.00683	0.00782	0.00758	0.00952	0.00598	0.00568	0.01106	0.01704	0.02228	0.37581	0.05774	0.40919	0.01544	0.00792	0.00219	0.00329	0.01320	0.00678	0.00598
9	0.01643	0.01443	0.01964	0.43754	0.10722	0.07939	0.01638	0.02241	0.10992	0.08804	0.01538	0.01870	0.01141	0.00713	0.00666	0.00216	0.00831	0.00612	0.00410	0.00863
10	0.01081	0.00772	0.01081	0.01236	0.01390	0.00772	0.01081	0.01390	0.01545	0.02008	0.03553	0.07569	0.03862	0.01854	0.00927	0.00309	0.00618	0.67717	0.00618	0.00618
11	0.01935	0.10092	0.17371	0.01768	0.04620	0.03933	0.10164	0.16905	0.15053	0.08947	0.01696	0.01757	0.01241	0.00727	0.00654	0.00205	0.00802	0.00609	0.00501	0.01021
12	0.01672	0.01660	0.02570	0.10726	0.57924	0.06542	0.01963	0.02050	0.01514	0.02084	0.01224	0.01634	0.01025	0.00635	0.00725	0.00204	0.03934	0.00586	0.00328	0.00999
13	0.01430	0.01201	0.01397	0.01016	0.01583	0.00945	0.00812	0.05466	0.01519	0.02330	0.05369	0.01616	0.01316	0.00565	0.00524	0.00112	0.00500	0.00457	0.00433	0.71409
14	0.30058	0.07682	0.04652	0.01192	0.01667	0.05903	0.01020	0.06519	0.12693	0.19911	0.01699	0.01659	0.01216	0.00731	0.00559	0.00203	0.00625	0.00526	0.00554	0.00932
15	0.01898	0.04321	0.06260	0.01807	0.11096	0.05657	0.07335	0.13277	0.07994	0.13901	0.02143	0.12841	0.03417	0.00945	0.00691	0.00211	0.00707	0.00823	0.00549	0.04126

[dist]
# distance from previous block
# <min> <max>
0	12

[block]
# block no. 4 follows, 32 sequences, length 76
# corresponding to MSA columns:
# 324-372,374-400
name=unknown_E
#
# <colnr> <probs for GDERKNQSTAVLIFYWHMCP>
#	G	D	E	R	K	N	Q	S	T	A	V	L	I	F	Y	W	H	M	C	P
0	0.22383	0.01567	0.02041	0.02464	0.31056	0.05197	0.04999	0.06565	0.06784	0.06608	0.01526	0.01718	0.02910	0.00686	0.00609	0.00205	0.00715	0.00577	0.00439	0.00950
1	0.01661	0.01594	0.02724	0.04119	0.72233	0.01594	0.02059	0.02059	0.01528	0.02192	0.01262	0.01661	0.01063	0.00598	0.00664	0.00199	0.00797	0.00598	0.00332	0.01063
2	0.01693	0.02369	0.36501	0.01615	0.02370	0.01376	0.05299	0.06782	0.04462	0.12769	0.03794	0.01735	0.01249	0.00684	0.00636	0.00193	0.00794	0.00562	0.00444	0.14673
3	0.01102	0.00769	0.00922	0.00883	0.00956	0.00815	0.00583	0.06763	0.01182	0.01606	0.01996	0.03737	0.02148	0.52918	0.20156	0.00716	0.00934	0.00883	0.00417	0.00514
4	0.04751	0.15201	0.06268	0.03052	0.43885	0.01791	0.05331	0.02180	0.07253	0.02159	0.01314	0.01599	0.01082	0.00621	0.00619	0.00194	0.00777	0.00564	0.00354	0.01002
5	0.01561	0.01748	0.03736	0.08871	0.07030	0.01675	0.60772	0.02109	0.01561	0.02115	0.01339	0.01801	0.01010	0.00576	0.00775	0.00225	0.01095	0.00766	0.00336	0.00900
6	0.01669	0.01441	0.01517	0.01365	0.01745	0.01669	0.01062	0.03565	0.71021	0.02807	0.02731	0.02503	0.02048	0.00910	0.00683	0.00228	0.00531	0.00759	0.00683	0.01062
7	0.01691	0.01594	0.02663	0.06499	0.66332	0.01615	0.02013	0.05438	0.01602	0.02277	0.01277	0.01663	0.01061	0.00611	0.00665	0.00200	0.00798	0.00598	0.00348	0.01055
8	0.00960	0.00714	0.01052	0.01052	0.01162	0.00824	0.00805	0.01181	0.01070	0.01538	0.01822	0.02771	0.01736	0.10544	0.68329	0.01045	0.01709	0.00739	0.00363	0.00584
9	0.00826	0.00681	0.00725	0.00714	0.00926	0.00580	0.00535	0.01026	0.01606	0.01996	0.20361	0.06156	0.58283	0.01631	0.00793	0.00223	0.00335	0.01374	0.00647	0.00580
10	0.02508	0.03161	0.01905	0.01723	0.02075	0.71727	0.01296	0.04557	0.01936	0.01714	0.01053	0.01221	0.00872	0.00695	0.00607	0.00174	0.01197	0.00437	0.00355	0.00788
11	0.00840	0.00682	0.00745	0.00729	0.00935	0.00586	0.00547	0.01053	0.01640	0.02075	0.26223	0.06026	0.52372	0.01602	0.00793	0.00222	0.00333	0.01356	0.00658	0.00586
12	0.81159	0.01298	0.00986	0.00882	0.01298	0.01505	0.00727	0.01972	0.01142	0.03010	0.00934	0.01090	0.00727	0.00623	0.00415	0.00208	0.00519	0.00363	0.00415	0.00727
13	0.01772	0.01618	0.04819	0.03741	0.61370	0.01541	0.04240	0.02175	0.01562	0.08620	0.01390	0.01715	0.01109	0.00619	0.00669	0.00201	0.00794	0.00608	0.00376	0.01063
14	0.11764	0.13387	0.06499	0.01413	0.04372	0.01778	0.01205	0.28332	0.02117	0.12894	0.01490	0.01527	0.01085	0.00702	0.00584	0.00184	0.00679	0.00519	0.00539	0.08929
15	0.01493	0.09013	0.48735	0.01969	0.08123	0.01619	0.05338	0.02228	0.06348	0.04882	0.01498	0.01664	0.02784	0.00679	0.00638	0.00208	0.00895	0.00555	0.00348	0.00982
16	0.01808	0.01166	0.01270	0.01144	0.01450	0.09293	0.00898	0.02088	0.03252	0.23359	0.10624	0.14939	0.02790	0.01393	0.04369	0.00261	0.00639	0.09177	0.03131	0.06949
17	0.00828	0.00602	0.00784	0.00921	0.00983	0.00557	0.00630	0.00962	0.01332	0.01760	0.05901	0.65688	0.10179	0.02039	0.00852	0.00268	0.00391	0.04147	0.00626	0.00552
18	0.01654	0.02906	0.53572	0.01878	0.05140	0.01507	0.03739	0.05011	0.03997	0.12086	0.01481	0.01601	0.01028	0.00677	0.00650	0.00212	0.00903	0.00545	0.00392	0.01021
19	0.00818	0.00584	0.00779	0.00934	0.00973	0.00545	0.00623	0.00934	0.01285	0.01713	0.03698	0.75981	0.04438	0.02102	0.00856	0.00273	0.00389	0.01908	0.00623	0.00545
20	0.01534	0.01517	0.02735	0.24204	0.40810	0.01582	0.13827	0.01976	0.01484	0.02047	0.01259	0.01724	0.01007	0.00613	0.00688	0.00211	0.00883	0.00631	0.00324	0.00944
21	0.26647	0.01607	0.01602	0.01350	0.03464	0.04201	0.01070	0.29902	0.10608	0.10810	0.01621	0.01618	0.01168	0.00756	0.00592	0.00206	0.00646	0.00550	0.00591	0.00990
22	0.01584	0.01810	0.03959	0.02828	0.03507	0.01697	0.69796	0.02149	0.01584	0.02149	0.01357	0.01810	0.01018	0.00566	0.00792	0.00226	0.01131	0.00792	0.00339	0.00905
23	0.00894	0.00695	0.01058	0.01107	0.01204	0.00652	0.06392	0.01058	0.01322	0.01764	0.03497	0.66405	0.04125	0.01962	0.00855	0.00270	0.00462	0.05100	0.00599	0.00579
24	0.00950	0.00686	0.00897	0.00844	0.01002	0.00633	0.00633	0.01266	0.01899	0.02691	0.71879	0.05012	0.06331	0.01372	0.00791	0.00211	0.00317	0.01213	0.00739	0.00633
25	0.01391	0.01193	0.01391	0.00994	0.01590	0.00894	0.00795	0.01690	0.01391	0.02186	0.01193	0.01391	0.00994	0.00497	0.00497	0.00099	0.00497	0.00398	0.00398	0.80521
26	0.01297	0.00841	0.01002	0.00917	0.01171	0.00789	0.00702	0.01745	0.10254	0.13022	0.29805	0.08441	0.24651	0.01369	0.00764	0.00220	0.00392	0.01173	0.00705	0.00739
27	0.02506	0.03198	0.01901	0.01729	0.02074	0.73725	0.01296	0.02679	0.01901	0.01642	0.01037	0.01210	0.00864	0.00691	0.00605	0.00173	0.01210	0.00432	0.00346	0.00778
28	0.01309	0.00765	0.01012	0.00905	0.01126	0.00695	0.00695	0.01616	0.01903	0.14911	0.59795	0.04536	0.05516	0.01277	0.00771	0.00210	0.00361	0.01119	0.00755	0.00722
29	0.01267	0.01193	0.02013	0.74806	0.04621	0.01491	0.01863	0.01714	0.01342	0.01714	0.01193	0.01789	0.00894	0.00671	0.00671	0.00224	0.00894	0.00596	0.00298	0.00745
30	0.00950	0.00686	0.00897	0.00844	0.01002	0.00633	0.00633	0.01266	0.01899	0.02691	0.71879	0.05012	0.06331	0.01372	0.00791	0.00211	0.00317	0.01213	0.00739	0.00633
31	0.01669	0.01441	0.01517	0.01365	0.01745	0.01669	0.01062	0.03565	0.71021	0.02807	0.02731	0.02503	0.02048	0.00910	0.00683	0.00228	0.00531	0.00759	0.00683	0.01062
32	0.00922	0.00685	0.00859	0.00815	0.00986	0.00621	0.00612	0.01213	0.01835	0.02537	0.60519	0.05264	0.17787	0.01429	0.00792	0.00214	0.00321	0.01249	0.00718	0.00621
33	0.01794	0.76823	0.03516	0.01148	0.01722	0.02655	0.01148	0.02009	0.01363	0.01579	0.00933	0.01076	0.00861	0.00574	0.00431	0.00144	0.00718	0.00359	0.00287	0.00861
34	0.01415	0.01196	0.01286	0.01174	0.01491	0.01325	0.00906	0.02780	0.48626	0.02647	0.16001	0.03516	0.12592	0.01105	0.00718	0.00224	0.00465	0.00934	0.00685	0.00914
35	0.00948	0.00765	0.02780	0.00824	0.01034	0.00636	0.00644	0.01204	0.01699	0.04259	0.37555	0.10081	0.32086	0.01515	0.00789	0.00221	0.00356	0.01305	0.00675	0.00625
36	0.01562	0.10993	0.46266	0.01707	0.02496	0.04899	0.01975	0.05776	0.13669	0.02268	0.01454	0.01570	0.01076	0.00689	0.00623	0.00205	0.00878	0.00529	0.00376	0.00988
37	0.01532	0.01536	0.02301	0.30689	0.23049	0.07541	0.06510	0.01903	0.01415	0.01887	0.01200	0.01684	0.00974	0.00720	0.00885	0.00220	0.11529	0.00597	0.02984	0.00844
38	0.01601	0.01566	0.02512	0.21447	0.52470	0.04743	0.01977	0.02001	0.01498	0.02050	0.01235	0.01672	0.01013	0.00620	0.00663	0.00204	0.00839	0.00590	0.00324	0.00972
39	0.00914	0.00684	0.00848	0.00807	0.00981	0.00618	0.00605	0.01197	0.01815	0.02491	0.57109	0.05340	0.21226	0.01446	0.00792	0.00215	0.00322	0.01259	0.00712	0.00618
40	0.00950	0.00686	0.00897	0.00844	0.01002	0.00633	0.00633	0.01266	0.01899	0.02691	0.71879	0.05012	0.06331	0.01372	0.00791	0.00211	0.00317	0.01213	0.00739	0.00633
41	0.02523	0.01790	0.01940	0.01493	0.02010	0.01962	0.01227	0.63401	0.03001	0.08379	0.01693	0.01751	0.01219	0.03491	0.00769	0.00218	0.00725	0.00622	0.00672	0.01115
42	0.01391	0.01193	0.01391	0.00994	0.01590	0.00894	0.00795	0.01690	0.01391	0.02186	0.01193	0.01391	0.00994	0.00497	0.00497	0.00099	0.00497	0.00398	0.00398	0.80521
43	0.01731	0.03657	0.14637	0.03763	0.02537	0.01455	0.24783	0.02452	0.12927	0.14524	0.04864	0.02317	0.05615	0.00781	0.00715	0.00218	0.00817	0.00752	0.00501	0.00951
44	0.01346	0.03471	0.72942	0.01912	0.02904	0.01558	0.02479	0.02125	0.01417	0.02125	0.01204	0.01417	0.00850	0.00637	0.00637	0.00212	0.00992	0.00496	0.00283	0.00992
45	0.03010	0.01142	0.01557	0.01194	0.01713	0.00986	0.00986	0.03270	0.01920	0.72698	0.02647	0.02284	0.01661	0.00830	0.00675	0.00208	0.00571	0.00675	0.00830	0.01142
46	0.00959	0.00719	0.01078	0.01078	0.01198	0.00839	0.00839	0.01198	0.01078	0.01558	0.01797	0.02636	0.01677	0.05032	0.73760	0.01078	0.01797	0.00719	0.00359	0.00599
47	0.81159	0.01298	0.00986	0.00882	0.01298	0.01505	0.00727	0.01972	0.01142	0.03010	0.00934	0.01090	0.00727	0.00623	0.00415	0.00208	0.00519	0.00363	0.00415	0.00727
48	0.01822	0.73919	0.03452	0.01171	0.01736	0.05458	0.01154	0.02036	0.01385	0.01581	0.00937	0.01082	0.00861	0.00579	0.00437	0.00145	0.00737	0.00362	0.00289	0.00858
49	0.00996	0.00714	0.00907	0.00892	0.00928	0.00782	0.00594	0.01077	0.01010	0.01396	0.01953	0.03702	0.02125	0.50698	0.24811	0.00762	0.04906	0.00877	0.00386	0.00482
50	0.01208	0.00918	0.01104	0.01001	0.01228	0.00941	0.00768	0.07374	0.14042	0.02802	0.51670	0.04214	0.05000	0.01364	0.03160	0.00242	0.00438	0.01067	0.00711	0.00749
51	0.81159	0.01298	0.00986	0.00882	0.01298	0.01505	0.00727	0.01972	0.01142	0.03010	0.00934	0.01090	0.00727	0.00623	0.00415	0.00208	0.00519	0.00363	0.00415	0.00727
52	0.02483	0.01029	0.01393	0.01135	0.01558	0.00896	0.00914	0.02728	0.01800	0.54653	0.06237	0.13065	0.02340	0.01061	0.00709	0.00217	0.00532	0.03017	0.00776	0.03457
53	0.01740	0.07286	0.14404	0.02594	0.14971	0.14799	0.30224	0.02217	0.01590	0.02023	0.01230	0.01563	0.00961	0.00606	0.00687	0.00204	0.01038	0.00617	0.00327	0.00920
54	0.02796	0.01363	0.01677	0.01291	0.01799	0.01327	0.01060	0.24635	0.02286	0.48352	0.02297	0.02137	0.01519	0.03306	0.00764	0.00220	0.00627	0.00662	0.00765	0.01117
55	0.02440	0.01756	0.02226	0.01684	0.02220	0.01878	0.10835	0.49096	0.02694	0.13123	0.01691	0.01725	0.01185	0.00788	0.00741	0.00209	0.03343	0.00639	0.00633	0.01094
56	0.00964	0.00696	0.00962	0.00962	0.01042	0.00776	0.00694	0.01124	0.01044	0.01472	0.01904	0.03225	0.01933	0.28993	0.50149	0.00935	0.01412	0.00805	0.00375	0.00534
57	0.81159	0.01298	0.00986	0.00882	0.01298	0.01505	0.00727	0.01972	0.01142	0.03010	0.00934	0.01090	0.00727	0.00623	0.00415	0.00208	0.00519	0.00363	0.00415	0.00727
58	0.00959	0.00719	0.01078	0.01078	0.01198	0.00839	0.00839	0.01198	0.01078	0.01558	0.01797	0.02636	0.01677	0.05032	0.73760	0.01078	0.01797	0.00719	0.00359	0.00599
59	0.01507	0.01433	0.02010	0.01705	0.01786	0.01914	0.03669	0.07268	0.01228	0.01844	0.01056	0.01617	0.00993	0.01540	0.09753	0.00368	0.58606	0.00610	0.00334	0.00759
60	0.01075	0.00818	0.01005	0.00935	0.01132	0.00814	0.00708	0.01668	0.13965	0.02711	0.59809	0.04574	0.05584	0.01291	0.00772	0.00214	0.00354	0.01134	0.00729	0.00708
61	0.01267	0.01193	0.02013	0.74806	0.04621	0.01491	0.01863	0.01714	0.01342	0.01714	0.01193	0.01789	0.00894	0.00671	0.00671	0.00224	0.00894	0.00596	0.00298	0.00745
62	0.00884	0.00680	0.00809	0.00784	0.00964	0.00604	0.00585	0.01137	0.01733	0.02315	0.44234	0.08322	0.31468	0.01526	0.00795	0.00219	0.00328	0.01318	0.00690	0.00604
63	0.02902	0.01138	0.01526	0.01183	0.01685	0.01002	0.00973	0.03228	0.04630	0.67739	0.02636	0.02299	0.01678	0.00832	0.00669	0.00207	0.00561	0.00677	0.03312	0.01123
64	0.01779	0.05585	0.02561	0.08893	0.34405	0.03584	0.07845	0.13862	0.01762	0.02419	0.01274	0.01608	0.01027	0.00672	0.00759	0.00202	0.05827	0.00589	0.00388	0.04962
65	0.02303	0.02097	0.01953	0.01664	0.04245	0.19368	0.02963	0.35901	0.16991	0.03187	0.01689	0.01707	0.01259	0.00787	0.00660	0.00200	0.00821	0.00599	0.00576	0.01028
66	0.00967	0.00647	0.00734	0.00742	0.00744	0.00645	0.00418	0.00974	0.00992	0.01323	0.02197	0.08142	0.02544	0.72525	0.03281	0.00631	0.00637	0.01025	0.00418	0.00414
67	0.43045	0.01253	0.01212	0.01034	0.01460	0.01351	0.00837	0.02466	0.13552	0.17233	0.05330	0.01803	0.01456	0.00749	0.00539	0.00206	0.00520	0.00543	0.00563	0.04849
68	0.01977	0.53827	0.05938	0.01291	0.01866	0.04810	0.01237	0.17993	0.01804	0.02225	0.01106	0.01220	0.00926	0.00635	0.00501	0.00161	0.00750	0.00424	0.00379	0.00929
69	0.00841	0.00650	0.00767	0.00804	0.00953	0.00576	0.00578	0.01031	0.01544	0.02004	0.22389	0.28647	0.33315	0.01746	0.00813	0.00238	0.00350	0.01524	0.00652	0.00576
70	0.00976	0.00651	0.00732	0.00732	0.00732	0.00651	0.00407	0.00976	0.00976	0.01301	0.02114	0.04391	0.02439	0.76419	0.03415	0.00651	0.00651	0.00976	0.00407	0.00407
71	0.01369	0.01120	0.01274	0.01246	0.01510	0.01241	0.00979	0.02551	0.41084	0.02442	0.05760	0.15565	0.03017	0.01338	0.00771	0.00253	0.00520	0.16440	0.00660	0.00860
72	0.10704	0.07781	0.21407	0.02439	0.20747	0.04598	0.13984	0.02140	0.01470	0.04913	0.01237	0.01515	0.00955	0.00631	0.00671	0.00206	0.02754	0.00557	0.00345	0.00945
73	0.15874	0.01296	0.01331	0.01091	0.01478	0.01401	0.00885	0.29626	0.02115	0.09124	0.01773	0.01875	0.01306	0.00768	0.00559	0.00188	0.00543	0.00575	0.27297	0.00896
74	0.12805	0.01304	0.01502	0.01155	0.01680	0.01225	0.00944	0.12953	0.04668	0.29437	0.01838	0.01770	0.01278	0.00705	0.00588	0.00176	0.00567	0.00545	0.00618	0.24245
75	0.00969	0.00679	0.00819	0.00842	0.00874	0.00700	0.00541	0.01039	0.01102	0.01512	0.02608	0.21194	0.05593	0.44285	0.06097	0.00521	0.04338	0.01165	0.04637	0.00484

[dist]
# distance from previous block
# <min> <max>
0	2

[block]
# block no. 5 follows, 32 sequences, length 13
# corresponding to MSA columns:
# 403-415
name=unknown_F
#
# <colnr> <probs for GDERKNQSTAVLIFYWHMCP>
#	G	D	E	R	K	N	Q	S	T	A	V	L	I	F	Y	W	H	M	C	P
0	0.68244	0.01610	0.01136	0.01021	0.01425	0.13363	0.00820	0.02088	0.01267	0.02786	0.00951	0.01110	0.00749	0.00634	0.00446	0.00202	0.00633	0.00375	0.00404	0.00735
1	0.00959	0.00719	0.01078	0.01078	0.01198	0.00839	0.00839	0.01198	0.01078	0.01558	0.01797	0.02636	0.01677	0.05032	0.73760	0.01078	0.01797	0.00719	0.00359	0.00599
2	0.01870	0.01476	0.01595	0.01344	0.01744	0.01648	0.01069	0.27219	0.35122	0.03302	0.13679	0.02592	0.02423	0.00948	0.00696	0.00215	0.00571	0.00777	0.00688	0.01020
3	0.01584	0.01810	0.03959	0.02828	0.03507	0.01697	0.69796	0.02149	0.01584	0.02149	0.01357	0.01810	0.01018	0.00566	0.00792	0.00226	0.01131	0.00792	0.00339	0.00905
4	0.02272	0.01438	0.01614	0.01315	0.01764	0.01537	0.01061	0.25295	0.24597	0.21350	0.02291	0.02151	0.01619	0.00844	0.00658	0.00208	0.00591	0.00674	0.07650	0.01071
5	0.00847	0.00653	0.00775	0.00805	0.00955	0.00580	0.00581	0.01046	0.01568	0.02047	0.25454	0.26815	0.32019	0.01721	0.00811	0.00236	0.00348	0.01502	0.00658	0.00580
6	0.01112	0.00618	0.00926	0.00926	0.00957	0.00648	0.00648	0.00957	0.00926	0.01266	0.01327	0.02192	0.01297	0.03023	0.20847	0.60137	0.00894	0.00618	0.00309	0.00370
7	0.01208	0.00721	0.00873	0.00807	0.01016	0.00658	0.00615	0.01492	0.01733	0.10059	0.38234	0.04443	0.16426	0.01247	0.00711	0.00202	0.00347	0.01067	0.17467	0.00675
8	0.02329	0.02392	0.01726	0.01469	0.01902	0.44773	0.01128	0.02545	0.01785	0.13436	0.01338	0.01429	0.01025	0.00669	0.00591	0.00161	0.00939	0.00464	0.00437	0.19461
9	0.02124	0.01362	0.01546	0.01275	0.01664	0.01433	0.01015	0.37771	0.02384	0.14754	0.02312	0.19157	0.02040	0.01111	0.00700	0.00216	0.00597	0.00922	0.06655	0.00963
10	0.38858	0.07351	0.13149	0.01203	0.01723	0.01608	0.01140	0.02450	0.17570	0.06875	0.01500	0.01544	0.01121	0.00701	0.00531	0.00208	0.00617	0.00496	0.00471	0.00883
11	0.01768	0.47157	0.14451	0.01315	0.01920	0.02206	0.01342	0.02375	0.13702	0.05939	0.01393	0.01453	0.01114	0.00658	0.00523	0.00173	0.00721	0.00470	0.00387	0.00934
12	0.09068	0.00895	0.01216	0.07444	0.04947	0.01019	0.00930	0.03977	0.01195	0.01813	0.01671	0.02570	0.01573	0.13886	0.43956	0.00782	0.01342	0.00699	0.00377	0.00641

[dist]
# distance from previous block
# <min> <max>
0	12

[block]
# block no. 6 follows, 32 sequences, length 8
# corresponding to MSA columns:
# 428-435
name=unknown_G
#
# <colnr> <probs for GDERKNQSTAVLIFYWHMCP>
#	G	D	E	R	K	N	Q	S	T	A	V	L	I	F	Y	W	H	M	C	P
0	0.03908	0.15960	0.29277	0.06162	0.02535	0.05650	0.07184	0.13269	0.01729	0.04081	0.01325	0.03605	0.01038	0.00700	0.00620	0.00199	0.00877	0.00557	0.00384	0.00943
1	0.01905	0.01544	0.01670	0.01593	0.09034	0.07735	0.01133	0.11570	0.27562	0.10345	0.04608	0.02304	0.05026	0.00841	0.00659	0.00199	0.00629	0.00688	0.00597	0.10359
2	0.01607	0.01647	0.04473	0.06372	0.27378	0.07893	0.06671	0.04031	0.11195	0.02179	0.01874	0.05166	0.05630	0.00814	0.00760	0.00208	0.04825	0.00709	0.00421	0.06147
3	0.01076	0.00708	0.00832	0.00827	0.01029	0.00617	0.00609	0.01256	0.01545	0.10206	0.11941	0.25038	0.38491	0.01676	0.00796	0.00235	0.00378	0.01445	0.00659	0.00635
4	0.05726	0.01149	0.01318	0.00992	0.01500	0.00947	0.00789	0.05293	0.01559	0.02427	0.13278	0.02005	0.01899	0.00670	0.00552	0.00130	0.00480	0.00546	0.00471	0.58268
5	0.03553	0.01411	0.07118	0.19271	0.02545	0.01385	0.06452	0.11387	0.03269	0.11951	0.01631	0.02072	0.01281	0.06025	0.12110	0.00374	0.04109	0.00650	0.00456	0.02949
