[name]
unknown

[dist]
# distance from previous block
# <min> <max>
0	34

[block]
# block no. 0 follows, 33 sequences, length 16
# corresponding to MSA columns:
# 34-49
name=unknown_A
#
# <colnr> <probs for GDERKNQSTAVLIFYWHMCP>
#	G	D	E	R	K	N	Q	S	T	A	V	L	I	F	Y	W	H	M	C	P
0	0.06301	0.06226	0.01938	0.01765	0.08443	0.40869	0.02923	0.06821	0.03731	0.06591	0.01374	0.01745	0.01146	0.00746	0.00613	0.00186	0.00949	0.04653	0.00416	0.02564
1	0.01786	0.01585	0.01597	0.01400	0.05362	0.11217	0.01041	0.14406	0.16284	0.04310	0.03411	0.05464	0.01512	0.00763	0.00607	0.00170	0.00639	0.00614	0.00515	0.27317
2	0.00940	0.00705	0.01058	0.01058	0.01176	0.00823	0.00823	0.01176	0.01058	0.01528	0.01763	0.02586	0.01646	0.04937	0.74255	0.01058	0.01763	0.00705	0.00353	0.00588
3	0.19180	0.02743	0.01676	0.01520	0.01874	0.58835	0.01154	0.02482	0.01708	0.01895	0.00996	0.01162	0.00819	0.00664	0.00554	0.00177	0.01044	0.00410	0.00354	0.00753
4	0.01573	0.01672	0.05176	0.02463	0.10943	0.01699	0.36114	0.07414	0.01519	0.02124	0.01272	0.01764	0.01042	0.03353	0.02891	0.00264	0.16804	0.00693	0.00350	0.00868
5	0.00930	0.00660	0.00840	0.00810	0.00926	0.00620	0.00574	0.01165	0.01640	0.02301	0.53930	0.08535	0.05307	0.17356	0.01324	0.00301	0.00384	0.01177	0.00650	0.00570
6	0.01699	0.03535	0.01970	0.03520	0.09200	0.07349	0.09945	0.04877	0.35170	0.05138	0.06774	0.02397	0.01920	0.00837	0.00682	0.00213	0.00685	0.02580	0.00554	0.00953
7	0.01654	0.01689	0.01497	0.01165	0.01686	0.20233	0.00910	0.01914	0.01497	0.02004	0.01130	0.01318	0.00942	0.00538	0.00516	0.00117	0.00672	0.00399	0.00377	0.59744
8	0.01180	0.12430	0.01329	0.00988	0.01190	0.09333	0.00757	0.01338	0.01420	0.01730	0.09779	0.24404	0.19565	0.07309	0.00980	0.00251	0.03716	0.01174	0.00511	0.00618
9	0.01912	0.01514	0.01830	0.04236	0.12126	0.05259	0.04156	0.16518	0.23730	0.10826	0.02353	0.02427	0.06608	0.00866	0.00678	0.00211	0.00665	0.02509	0.00585	0.00989
10	0.00968	0.00748	0.00903	0.00986	0.01103	0.00758	0.00691	0.01437	0.15402	0.01902	0.03629	0.57156	0.08174	0.01803	0.00802	0.00256	0.00407	0.01615	0.00623	0.00638
11	0.66067	0.01508	0.08389	0.01141	0.04369	0.01513	0.00977	0.01936	0.01157	0.02763	0.00954	0.01144	0.00746	0.00639	0.00529	0.00208	0.04432	0.00390	0.00385	0.00753
12	0.07224	0.12931	0.07346	0.08480	0.17583	0.01731	0.23058	0.06160	0.01559	0.05902	0.01280	0.01576	0.00985	0.00607	0.00640	0.00200	0.00859	0.00593	0.00367	0.00921
13	0.06971	0.01576	0.02022	0.32307	0.11507	0.07812	0.03527	0.19147	0.01846	0.05147	0.01310	0.01623	0.00977	0.00684	0.00639	0.00205	0.00825	0.00567	0.00421	0.00887
14	0.03615	0.02026	0.20800	0.25590	0.11717	0.08535	0.01779	0.04809	0.04487	0.02048	0.01300	0.03352	0.01026	0.00680	0.00631	0.00201	0.00855	0.00564	0.00345	0.05638
15	0.05950	0.01829	0.04938	0.10016	0.20544	0.14761	0.03040	0.09624	0.05056	0.07765	0.01369	0.01583	0.01053	0.00676	0.00665	0.00192	0.02964	0.00544	0.00421	0.07010

[dist]
# distance from previous block
# <min> <max>
16	279

[block]
# block no. 1 follows, 33 sequences, length 23
# corresponding to MSA columns:
# 413-435
name=unknown_B
#
# <colnr> <probs for GDERKNQSTAVLIFYWHMCP>
#	G	D	E	R	K	N	Q	S	T	A	V	L	I	F	Y	W	H	M	C	P
0	0.01868	0.05035	0.02094	0.02097	0.19273	0.11589	0.05828	0.09764	0.12555	0.07954	0.07517	0.01979	0.01631	0.00764	0.00705	0.00196	0.03515	0.00638	0.00489	0.04509
1	0.11013	0.04371	0.06147	0.07585	0.13692	0.05432	0.01347	0.15139	0.06421	0.06241	0.01807	0.05699	0.01585	0.00903	0.00657	0.00216	0.00707	0.09656	0.00491	0.00891
2	0.01532	0.09720	0.01826	0.05317	0.04443	0.04486	0.06927	0.06650	0.06689	0.06615	0.03939	0.03531	0.06561	0.06991	0.00969	0.00255	0.03584	0.15842	0.00497	0.03627
3	0.11677	0.13415	0.01899	0.01664	0.15578	0.01486	0.01124	0.08850	0.05815	0.10538	0.03592	0.07574	0.05354	0.00831	0.00597	0.00189	0.00596	0.00677	0.00491	0.08052
4	0.14732	0.14592	0.01765	0.05199	0.05516	0.01518	0.01029	0.12373	0.06030	0.10474	0.04989	0.10708	0.01830	0.03746	0.00711	0.00220	0.00601	0.02607	0.00519	0.00844
5	0.01685	0.06275	0.03767	0.01488	0.06980	0.03142	0.04000	0.22258	0.01953	0.05751	0.06304	0.13491	0.04678	0.03775	0.00792	0.00226	0.00640	0.06943	0.00550	0.05304
6	0.01859	0.26892	0.13658	0.03522	0.03795	0.07799	0.01340	0.11565	0.06242	0.08830	0.01691	0.04337	0.04266	0.00763	0.00582	0.00185	0.00743	0.00578	0.00440	0.00913
7	0.01440	0.11753	0.61253	0.01769	0.02669	0.01682	0.02214	0.06096	0.01484	0.02145	0.01174	0.01363	0.00852	0.00628	0.00604	0.00200	0.00928	0.00477	0.00301	0.00967
8	0.01729	0.04878	0.08694	0.01609	0.04930	0.05100	0.13371	0.05102	0.06002	0.16833	0.08095	0.14780	0.03936	0.01003	0.00707	0.00215	0.00694	0.00905	0.00547	0.00871
9	0.01528	0.09721	0.54989	0.01728	0.02580	0.01659	0.02095	0.08138	0.05268	0.04382	0.01314	0.01459	0.00946	0.00654	0.00614	0.00202	0.00891	0.00503	0.00348	0.00982
10	0.01302	0.01230	0.02081	0.64396	0.14959	0.01478	0.01858	0.01734	0.01344	0.01754	0.01181	0.01736	0.00903	0.00647	0.00657	0.00216	0.00863	0.00585	0.00298	0.00779
11	0.01330	0.01259	0.02131	0.59268	0.19869	0.01485	0.01871	0.01758	0.01357	0.01787	0.01185	0.01727	0.00915	0.00642	0.00657	0.00214	0.00856	0.00585	0.00300	0.00801
12	0.01300	0.01196	0.01991	0.38686	0.25815	0.01336	0.01689	0.01673	0.01378	0.01848	0.01638	0.11837	0.01542	0.00881	0.00693	0.00222	0.00767	0.04345	0.00362	0.00799
13	0.01407	0.01623	0.12209	0.19248	0.39736	0.01421	0.01877	0.01830	0.01416	0.01984	0.01483	0.10009	0.01348	0.00773	0.00671	0.00211	0.00785	0.00716	0.00344	0.00907
14	0.01243	0.01170	0.01975	0.75282	0.04534	0.01463	0.01828	0.01682	0.01316	0.01682	0.01170	0.01755	0.00878	0.00658	0.00658	0.00219	0.00878	0.00585	0.00293	0.00731
15	0.02134	0.00928	0.01265	0.01110	0.01448	0.00826	0.00887	0.02358	0.01671	0.44822	0.02988	0.22330	0.02635	0.01277	0.00742	0.00234	0.00520	0.10194	0.00733	0.00897
16	0.01504	0.02901	0.55092	0.02158	0.12563	0.01494	0.04887	0.02167	0.01451	0.07793	0.01309	0.01507	0.00933	0.00632	0.00638	0.00207	0.00918	0.00526	0.00330	0.00991
17	0.01301	0.01229	0.02079	0.64615	0.14749	0.01478	0.01857	0.01733	0.01344	0.01752	0.01180	0.01736	0.00902	0.00647	0.00657	0.00216	0.00863	0.00585	0.00298	0.00778
18	0.00957	0.00638	0.00718	0.00718	0.00718	0.00638	0.00399	0.00957	0.00957	0.01276	0.02074	0.04308	0.02393	0.76864	0.03351	0.00638	0.00638	0.00957	0.00399	0.00399
19	0.13085	0.01693	0.01757	0.04009	0.01966	0.11759	0.03788	0.25291	0.02150	0.25474	0.01713	0.01681	0.01176	0.00745	0.00622	0.00198	0.00729	0.00566	0.00604	0.00993
20	0.01982	0.03705	0.01961	0.04955	0.05464	0.13353	0.06992	0.16954	0.22295	0.07145	0.03749	0.01910	0.01470	0.00764	0.00651	0.00198	0.00749	0.00630	0.00541	0.04532
21	0.13031	0.07740	0.03402	0.01218	0.01693	0.09928	0.01012	0.16501	0.08141	0.04428	0.06510	0.01701	0.01429	0.00707	0.00564	0.00170	0.00643	0.00528	0.00492	0.20164
22	0.08392	0.11795	0.05005	0.04132	0.06811	0.07735	0.02904	0.18756	0.06564	0.04592	0.03754	0.01598	0.01221	0.00683	0.00580	0.00176	0.00703	0.00527	0.00466	0.13607

[dist]
# distance from previous block
# <min> <max>
2	34

[block]
# block no. 2 follows, 33 sequences, length 68
# corresponding to MSA columns:
# 470-537
name=unknown_C
#
# <colnr> <probs for GDERKNQSTAVLIFYWHMCP>
#	G	D	E	R	K	N	Q	S	T	A	V	L	I	F	Y	W	H	M	C	P
0	0.03915	0.01746	0.01773	0.13753	0.14836	0.20844	0.01303	0.10196	0.03602	0.02080	0.04164	0.02091	0.01413	0.12299	0.03011	0.00284	0.00870	0.00624	0.00403	0.00792
1	0.01935	0.18555	0.02120	0.03539	0.07376	0.17036	0.01185	0.15003	0.07113	0.04999	0.09042	0.01862	0.01635	0.00870	0.02604	0.00203	0.00782	0.00579	0.00470	0.03093
2	0.03956	0.04742	0.05730	0.13738	0.15080	0.14131	0.01418	0.07225	0.05825	0.05885	0.01335	0.01553	0.01037	0.00644	0.00598	0.00178	0.00783	0.00516	0.00403	0.15221
3	0.01210	0.12154	0.01386	0.05007	0.03503	0.02935	0.00827	0.04060	0.01494	0.05020	0.09302	0.23012	0.20302	0.03547	0.03079	0.00254	0.00542	0.01159	0.00536	0.00672
4	0.01928	0.31274	0.06447	0.01510	0.02036	0.11529	0.09985	0.11062	0.06517	0.06614	0.01415	0.04369	0.01166	0.00707	0.00580	0.00180	0.00802	0.00560	0.00417	0.00901
5	0.01728	0.27890	0.11610	0.01272	0.01748	0.03722	0.01209	0.11360	0.01656	0.08980	0.04602	0.10721	0.05042	0.00924	0.00682	0.00194	0.04634	0.00711	0.00459	0.00858
6	0.01620	0.35832	0.21652	0.01448	0.02048	0.10592	0.04621	0.02001	0.01476	0.01834	0.07275	0.01760	0.01420	0.00707	0.00562	0.00178	0.00815	0.02977	0.00340	0.00843
7	0.01427	0.21303	0.56489	0.01695	0.02568	0.01790	0.02116	0.02057	0.01377	0.01955	0.01117	0.01309	0.00837	0.00610	0.00576	0.00192	0.00908	0.00454	0.00279	0.00942
8	0.02080	0.43748	0.02748	0.01363	0.01846	0.27052	0.01190	0.09606	0.01708	0.01851	0.01022	0.01158	0.00876	0.00627	0.00507	0.00157	0.00872	0.00403	0.00342	0.00847
9	0.00951	0.00663	0.00845	0.00845	0.00889	0.00707	0.00558	0.01039	0.00995	0.01371	0.01958	0.03664	0.02114	0.49946	0.29887	0.00795	0.01059	0.00863	0.00382	0.00470
10	0.02639	0.01603	0.01795	0.03621	0.01975	0.05084	0.01159	0.38835	0.02508	0.30990	0.01939	0.01825	0.01299	0.00790	0.00657	0.00199	0.00687	0.00611	0.00693	0.01091
11	0.02294	0.20619	0.02239	0.01562	0.01954	0.57330	0.01238	0.02474	0.01741	0.01596	0.00993	0.01156	0.00847	0.00651	0.00553	0.00163	0.01073	0.00407	0.00326	0.00782
12	0.00802	0.00573	0.00764	0.00917	0.00955	0.00535	0.00611	0.00917	0.01260	0.01681	0.03628	0.76434	0.04354	0.02062	0.00840	0.00267	0.00382	0.01872	0.00611	0.00535
13	0.02459	0.03138	0.01866	0.01696	0.02035	0.74221	0.01272	0.02629	0.01866	0.01611	0.01018	0.01187	0.00848	0.00678	0.00594	0.00170	0.01187	0.00424	0.00339	0.00763
14	0.02930	0.01159	0.01551	0.01189	0.01700	0.01024	0.00983	0.06770	0.01948	0.69561	0.02543	0.02206	0.01603	0.00814	0.00662	0.00203	0.00569	0.00658	0.00807	0.01120
15	0.00924	0.00796	0.00831	0.02891	0.01120	0.00748	0.00621	0.01359	0.12295	0.01926	0.05898	0.05607	0.59591	0.01519	0.00758	0.00222	0.00378	0.01267	0.00611	0.00636
16	0.10244	0.01687	0.01790	0.01406	0.01903	0.01862	0.01154	0.51516	0.10207	0.09033	0.01710	0.01674	0.01214	0.00786	0.00635	0.00201	0.00669	0.00591	0.00647	0.01071
17	0.02033	0.01916	0.01691	0.01464	0.01865	0.18580	0.01145	0.19182	0.39171	0.02819	0.02033	0.01954	0.01529	0.00819	0.00649	0.00205	0.00724	0.00634	0.00590	0.00996
18	0.01743	0.01752	0.02435	0.03300	0.50718	0.10672	0.01802	0.04757	0.03193	0.02106	0.01212	0.01568	0.01022	0.00683	0.00832	0.00205	0.10115	0.00569	0.00344	0.00971
19	0.02308	0.01576	0.01729	0.01352	0.01794	0.01704	0.01086	0.52322	0.02628	0.11157	0.01768	0.02081	0.01375	0.12775	0.01083	0.00268	0.00693	0.00658	0.00635	0.01006
20	0.01292	0.01339	0.05185	0.01535	0.01660	0.03806	0.03882	0.01515	0.01092	0.01609	0.01223	0.01851	0.01146	0.02438	0.27680	0.00552	0.40566	0.00621	0.00314	0.00693
21	0.01596	0.01401	0.02392	0.07148	0.46951	0.01388	0.07891	0.01974	0.01540	0.07417	0.05003	0.02374	0.05221	0.00756	0.00689	0.00207	0.00746	0.03945	0.00408	0.00951
22	0.00951	0.00663	0.00843	0.00843	0.00887	0.00706	0.00555	0.01038	0.00994	0.01369	0.01960	0.03673	0.02118	0.50323	0.29514	0.00793	0.01053	0.00864	0.00382	0.00469
23	0.01797	0.73340	0.03366	0.01157	0.01708	0.06392	0.01134	0.02006	0.01366	0.01552	0.00921	0.01063	0.00845	0.00569	0.00431	0.00142	0.00730	0.00356	0.00285	0.00841
24	0.01611	0.01559	0.02702	0.06642	0.67032	0.01565	0.05147	0.02012	0.01495	0.02131	0.01240	0.01641	0.01035	0.00588	0.00658	0.00198	0.00801	0.00595	0.00325	0.01024
25	0.02204	0.16715	0.02324	0.01894	0.10462	0.46654	0.03410	0.05532	0.01770	0.01795	0.01060	0.01251	0.00888	0.00647	0.00577	0.00170	0.01025	0.00448	0.00341	0.00832
26	0.01509	0.01487	0.02295	0.07044	0.47911	0.05776	0.05320	0.01861	0.01515	0.02029	0.02107	0.02528	0.11570	0.00800	0.00684	0.00205	0.00757	0.03311	0.00378	0.00913
27	0.01492	0.01274	0.01735	0.13037	0.08288	0.01326	0.01222	0.04737	0.01387	0.05282	0.01262	0.03649	0.01074	0.00743	0.00923	0.00181	0.17183	0.00542	0.00384	0.34279
28	0.00840	0.00667	0.00755	0.00739	0.00929	0.00581	0.00552	0.01063	0.01639	0.02121	0.32966	0.07728	0.43986	0.01549	0.00779	0.00217	0.00326	0.01323	0.00657	0.00581
29	0.00903	0.00672	0.00840	0.00798	0.00966	0.00609	0.00599	0.01187	0.01796	0.02480	0.60171	0.05182	0.18551	0.01406	0.00777	0.00210	0.00315	0.01228	0.00704	0.00609
30	0.81514	0.01273	0.00968	0.00866	0.01273	0.01477	0.00713	0.01935	0.01120	0.02954	0.00917	0.01069	0.00713	0.00611	0.00407	0.00204	0.00509	0.00356	0.00407	0.00713
31	0.01243	0.01123	0.01815	0.47056	0.03421	0.01316	0.06425	0.01786	0.08463	0.01889	0.04206	0.09211	0.01590	0.00958	0.02710	0.00244	0.00787	0.00766	0.04250	0.00741
32	0.01227	0.00614	0.00614	0.00614	0.00767	0.00614	0.00460	0.01534	0.01381	0.02454	0.02148	0.02454	0.01687	0.00767	0.00460	0.00153	0.00307	0.00614	0.80518	0.00614
33	0.01609	0.01746	0.03330	0.04492	0.05715	0.04085	0.51470	0.04083	0.09535	0.02191	0.01457	0.01810	0.01106	0.00629	0.00798	0.00221	0.03707	0.00737	0.00377	0.00903
34	0.01726	0.05696	0.01639	0.01439	0.05416	0.10273	0.01071	0.07235	0.38963	0.04531	0.09963	0.02537	0.04855	0.00903	0.00661	0.00207	0.00609	0.00737	0.00598	0.00941
35	0.00833	0.00608	0.00788	0.00924	0.00981	0.00577	0.00623	0.01016	0.03941	0.01725	0.03704	0.71057	0.06760	0.02004	0.00832	0.00264	0.00385	0.01811	0.00613	0.00555
36	0.01320	0.03405	0.73453	0.01876	0.02849	0.01529	0.02432	0.02085	0.01390	0.02085	0.01181	0.01390	0.00834	0.00625	0.00625	0.00208	0.00973	0.00486	0.00278	0.00973
37	0.01629	0.01564	0.02672	0.04041	0.72757	0.01564	0.02020	0.02020	0.01499	0.02151	0.01238	0.01629	0.01043	0.00587	0.00652	0.00196	0.00782	0.00587	0.00326	0.01043
38	0.01977	0.01610	0.02126	0.14450	0.16346	0.01727	0.04035	0.36472	0.02262	0.03077	0.01396	0.01607	0.01046	0.00691	0.00646	0.00192	0.00754	0.00578	0.00494	0.08515
39	0.00940	0.00705	0.01058	0.01058	0.01176	0.00823	0.00823	0.01176	0.01058	0.01528	0.01763	0.02586	0.01646	0.04937	0.74255	0.01058	0.01763	0.00705	0.00353	0.00588
40	0.00802	0.00573	0.00764	0.00917	0.00955	0.00535	0.00611	0.00917	0.01260	0.01681	0.03628	0.76434	0.04354	0.02062	0.00840	0.00267	0.00382	0.01872	0.00611	0.00535
41	0.01243	0.01170	0.01975	0.75282	0.04534	0.01463	0.01828	0.01682	0.01316	0.01682	0.01170	0.01755	0.00878	0.00658	0.00658	0.00219	0.00878	0.00585	0.00293	0.00731
42	0.00802	0.00573	0.00764	0.00917	0.00955	0.00535	0.00611	0.00917	0.01260	0.01681	0.03628	0.76434	0.04354	0.02062	0.00840	0.00267	0.00382	0.01872	0.00611	0.00535
43	0.01637	0.01414	0.01489	0.01340	0.01712	0.01637	0.01042	0.03498	0.71568	0.02754	0.02679	0.02456	0.02010	0.00893	0.00670	0.00223	0.00521	0.00744	0.00670	0.01042
44	0.02503	0.01844	0.01976	0.01515	0.02042	0.02042	0.01251	0.70562	0.03095	0.04149	0.01581	0.01581	0.01120	0.00790	0.00659	0.00198	0.00724	0.00593	0.00659	0.01120
45	0.01338	0.06293	0.70715	0.01847	0.02804	0.01571	0.02381	0.02080	0.01388	0.02064	0.01171	0.01377	0.00834	0.00623	0.00618	0.00206	0.00962	0.00481	0.00278	0.00968
46	0.01365	0.01170	0.01365	0.00975	0.01560	0.00878	0.00780	0.01658	0.01365	0.02145	0.01170	0.01365	0.00975	0.00488	0.00488	0.00098	0.00488	0.00390	0.00390	0.80888
47	0.02221	0.26103	0.02378	0.01580	0.03762	0.50109	0.01246	0.02409	0.01692	0.01606	0.00992	0.01158	0.00852	0.00640	0.00542	0.00161	0.01027	0.00406	0.00321	0.00796
48	0.01365	0.01170	0.01365	0.00975	0.01560	0.00878	0.00780	0.01658	0.01365	0.02145	0.01170	0.01365	0.00975	0.00488	0.00488	0.00098	0.00488	0.00390	0.00390	0.80888
49	0.01872	0.31897	0.22072	0.01578	0.04715	0.11430	0.03615	0.04122	0.01542	0.09693	0.01229	0.01352	0.00948	0.00630	0.00552	0.00176	0.00841	0.00460	0.00360	0.00916
50	0.01081	0.00924	0.01310	0.01647	0.15389	0.03263	0.03059	0.01323	0.03259	0.01829	0.02964	0.51141	0.03384	0.01633	0.00792	0.00249	0.00526	0.05018	0.00538	0.00672
51	0.00905	0.00672	0.00843	0.00800	0.00967	0.00610	0.00600	0.01191	0.01801	0.02491	0.61080	0.05162	0.17635	0.01401	0.00777	0.00210	0.00315	0.01225	0.00705	0.00610
52	0.01243	0.01170	0.01975	0.75282	0.04534	0.01463	0.01828	0.01682	0.01316	0.01682	0.01170	0.01755	0.00878	0.00658	0.00658	0.00219	0.00878	0.00585	0.00293	0.00731
53	0.01365	0.01170	0.01365	0.00975	0.01560	0.00878	0.00780	0.01658	0.01365	0.02145	0.01170	0.01365	0.00975	0.00488	0.00488	0.00098	0.00488	0.00390	0.00390	0.80888
54	0.01029	0.00739	0.00975	0.01057	0.03821	0.00653	0.00710	0.01191	0.01316	0.05058	0.03067	0.57252	0.03521	0.01678	0.00764	0.00232	0.00424	0.01512	0.00572	0.14430
55	0.05042	0.06209	0.08245	0.04220	0.02034	0.24289	0.01320	0.11898	0.07015	0.04355	0.01272	0.01448	0.01005	0.00751	0.00812	0.00194	0.11451	0.00503	0.00413	0.07524
56	0.00865	0.00670	0.00788	0.00758	0.00943	0.00593	0.00569	0.01114	0.01707	0.02268	0.43993	0.05531	0.34861	0.01485	0.00777	0.00214	0.00320	0.01277	0.00676	0.00593
57	0.00802	0.00573	0.00764	0.00917	0.00955	0.00535	0.00611	0.00917	0.01260	0.01681	0.03628	0.76434	0.04354	0.02062	0.00840	0.00267	0.00382	0.01872	0.00611	0.00535
58	0.04519	0.01828	0.12469	0.07819	0.36588	0.04832	0.12561	0.01984	0.01484	0.02090	0.01486	0.01966	0.03471	0.00681	0.00670	0.00207	0.00853	0.03220	0.00342	0.00930
59	0.01576	0.01691	0.07406	0.07806	0.54519	0.01570	0.11679	0.02018	0.01489	0.02114	0.01244	0.01642	0.01014	0.00589	0.00668	0.00201	0.00846	0.00607	0.00322	0.00999
60	0.02431	0.01220	0.01538	0.01259	0.01690	0.01217	0.01031	0.07191	0.17246	0.45029	0.02532	0.02571	0.01796	0.00917	0.00753	0.00219	0.04186	0.05395	0.00733	0.01048
61	0.00923	0.00667	0.00924	0.00948	0.01023	0.00729	0.00681	0.01078	0.01065	0.01488	0.02143	0.14909	0.02272	0.22838	0.44340	0.00824	0.01254	0.00957	0.00406	0.00531
62	0.01707	0.21579	0.17832	0.01627	0.07262	0.05669	0.06271	0.03707	0.09005	0.07451	0.01509	0.01647	0.01159	0.00668	0.00572	0.00183	0.00746	0.00534	0.09966	0.00906
63	0.01046	0.00792	0.00918	0.00986	0.01086	0.04201	0.00722	0.03274	0.01356	0.01742	0.04874	0.32661	0.08524	0.10370	0.01303	0.09010	0.00523	0.15530	0.00542	0.00540
64	0.00810	0.00617	0.00746	0.00822	0.00937	0.00553	0.00575	0.00967	0.01416	0.01833	0.13249	0.44065	0.27354	0.01841	0.00812	0.00245	0.00357	0.01625	0.00625	0.00553
65	0.01117	0.00929	0.04543	0.01169	0.01380	0.00837	0.01024	0.06059	0.01617	0.02129	0.08294	0.13034	0.08937	0.01669	0.00853	0.00275	0.00569	0.44312	0.00603	0.00649
66	0.04583	0.15858	0.14049	0.07367	0.20505	0.11601	0.03316	0.04160	0.03835	0.01994	0.01159	0.01432	0.00944	0.00661	0.00695	0.00194	0.05908	0.00506	0.00332	0.00901
67	0.01549	0.01475	0.02508	0.11283	0.62216	0.01504	0.01933	0.01932	0.01469	0.02079	0.01346	0.05249	0.01185	0.00665	0.00661	0.00201	0.00773	0.00648	0.00336	0.00986

[dist]
# distance from previous block
# <min> <max>
3	4

[block]
# block no. 3 follows, 33 sequences, length 64
# corresponding to MSA columns:
# 542-605
name=unknown_D
#
# <colnr> <probs for GDERKNQSTAVLIFYWHMCP>
#	G	D	E	R	K	N	Q	S	T	A	V	L	I	F	Y	W	H	M	C	P
0	0.03559	0.05231	0.24391	0.01863	0.06236	0.01679	0.10822	0.13609	0.11219	0.05707	0.03101	0.01731	0.01231	0.00735	0.00755	0.00212	0.05903	0.00605	0.00442	0.00969
1	0.02118	0.00993	0.01287	0.01062	0.01419	0.00936	0.00852	0.02521	0.07595	0.40289	0.19719	0.02914	0.02772	0.00959	0.00720	0.00204	0.02974	0.00791	0.08948	0.00925
2	0.02171	0.01851	0.01823	0.01573	0.04585	0.11018	0.01212	0.36653	0.26098	0.03280	0.01869	0.01830	0.01384	0.00803	0.00654	0.00203	0.00716	0.00623	0.00609	0.01045
3	0.00940	0.00705	0.01058	0.01058	0.01176	0.00823	0.00823	0.01176	0.01058	0.01528	0.01763	0.02586	0.01646	0.04937	0.74255	0.01058	0.01763	0.00705	0.00353	0.00588
4	0.01888	0.01505	0.02188	0.01868	0.08029	0.01562	0.16302	0.11288	0.25652	0.12458	0.01966	0.02001	0.01444	0.00754	0.00727	0.00209	0.03159	0.00681	0.00557	0.05760
5	0.00940	0.00705	0.01058	0.01058	0.01176	0.00823	0.00823	0.01176	0.01058	0.01528	0.01763	0.02586	0.01646	0.04937	0.74255	0.01058	0.01763	0.00705	0.00353	0.00588
6	0.00853	0.00602	0.00775	0.00865	0.00916	0.00569	0.00574	0.00980	0.01307	0.01769	0.15080	0.50875	0.04308	0.15788	0.01294	0.00326	0.00417	0.01586	0.00591	0.00524
7	0.01277	0.00715	0.00664	0.00657	0.00818	0.03581	0.00493	0.01578	0.01400	0.02420	0.02102	0.02403	0.01654	0.00763	0.00466	0.00154	0.00342	0.00606	0.77286	0.00620
8	0.01760	0.77260	0.03450	0.01126	0.01690	0.02605	0.01126	0.01971	0.01338	0.01549	0.00915	0.01056	0.00845	0.00563	0.00422	0.00141	0.00704	0.00352	0.00282	0.00845
9	0.01554	0.01776	0.03885	0.02775	0.03441	0.01665	0.70366	0.02109	0.01554	0.02109	0.01332	0.01776	0.00999	0.00555	0.00777	0.00222	0.01110	0.00777	0.00333	0.00888
10	0.00930	0.00629	0.00739	0.00775	0.00788	0.00621	0.00464	0.00963	0.01038	0.01382	0.02436	0.18944	0.02836	0.59216	0.02761	0.00552	0.00586	0.03458	0.00449	0.00433
11	0.01629	0.01564	0.02672	0.04041	0.72757	0.01564	0.02020	0.02020	0.01499	0.02151	0.01238	0.01629	0.01043	0.00587	0.00652	0.00196	0.00782	0.00587	0.00326	0.01043
12	0.02564	0.01745	0.01915	0.01468	0.01992	0.01895	0.01213	0.61382	0.02930	0.13562	0.01719	0.01671	0.01189	0.00794	0.00659	0.00198	0.00702	0.00602	0.00680	0.01120
13	0.00893	0.00689	0.00836	0.00913	0.01082	0.00632	0.00732	0.01109	0.01483	0.01859	0.06624	0.16067	0.35518	0.01770	0.00837	0.00259	0.00444	0.27068	0.00612	0.00574
14	0.01243	0.01170	0.01975	0.75282	0.04534	0.01463	0.01828	0.01682	0.01316	0.01682	0.01170	0.01755	0.00878	0.00658	0.00658	0.00219	0.00878	0.00585	0.00293	0.00731
15	0.01554	0.01776	0.03885	0.02775	0.03441	0.01665	0.70366	0.02109	0.01554	0.02109	0.01332	0.01776	0.00999	0.00555	0.00777	0.00222	0.01110	0.00777	0.00333	0.00888
16	0.01760	0.77260	0.03450	0.01126	0.01690	0.02605	0.01126	0.01971	0.01338	0.01549	0.00915	0.01056	0.00845	0.00563	0.00422	0.00141	0.00704	0.00352	0.00282	0.00845
17	0.00813	0.00580	0.00776	0.00929	0.00972	0.00544	0.00629	0.00935	0.01271	0.01692	0.03623	0.73619	0.04331	0.02053	0.00843	0.00269	0.00391	0.04582	0.00611	0.00538
18	0.01335	0.01264	0.02140	0.58378	0.20721	0.01487	0.01874	0.01762	0.01360	0.01793	0.01186	0.01725	0.00917	0.00641	0.00657	0.00214	0.00855	0.00585	0.00300	0.00805
19	0.00927	0.00673	0.00874	0.00823	0.00981	0.00619	0.00618	0.01234	0.01853	0.02615	0.70480	0.04959	0.08157	0.01355	0.00777	0.00208	0.00311	0.01196	0.00721	0.00619
20	0.01554	0.01776	0.03885	0.02775	0.03441	0.01665	0.70366	0.02109	0.01554	0.02109	0.01332	0.01776	0.00999	0.00555	0.00777	0.00222	0.01110	0.00777	0.00333	0.00888
21	0.01041	0.00843	0.00980	0.01073	0.01249	0.04326	0.00898	0.01293	0.01519	0.01888	0.04252	0.09556	0.22715	0.01730	0.00855	0.00273	0.00550	0.43769	0.00595	0.00597
22	0.00779	0.00664	0.00670	0.00675	0.00891	0.00555	0.00504	0.00944	0.01493	0.01775	0.06570	0.08629	0.70261	0.01680	0.00780	0.00224	0.00335	0.01405	0.00611	0.00555
23	0.01336	0.05992	0.71001	0.01850	0.02809	0.01567	0.02387	0.02081	0.01388	0.02066	0.01172	0.01378	0.00834	0.00623	0.00618	0.00206	0.00964	0.00482	0.00278	0.00968
24	0.02434	0.05825	0.01923	0.01675	0.02023	0.71624	0.01267	0.02605	0.01846	0.01609	0.01014	0.01182	0.00848	0.00674	0.00587	0.00169	0.01170	0.00421	0.00337	0.00766
25	0.01781	0.19749	0.05447	0.02407	0.17744	0.04337	0.24459	0.12146	0.01723	0.02268	0.01234	0.01512	0.00979	0.00605	0.00637	0.00191	0.00884	0.00587	0.00366	0.00944
26	0.00957	0.00638	0.00718	0.00718	0.00718	0.00638	0.00399	0.00957	0.00957	0.01276	0.02074	0.04308	0.02393	0.76864	0.03351	0.00638	0.00638	0.00957	0.00399	0.00399
27	0.01675	0.01406	0.01490	0.01335	0.01711	0.01619	0.01040	0.03490	0.69601	0.04742	0.02677	0.02450	0.01999	0.00891	0.00670	0.00223	0.00522	0.00742	0.00674	0.01044
28	0.00867	0.00649	0.00809	0.00855	0.00991	0.00592	0.00633	0.01080	0.01550	0.02058	0.27508	0.27665	0.21983	0.01697	0.00810	0.00240	0.00369	0.08419	0.00649	0.00576
29	0.01624	0.01486	0.02458	0.03415	0.55265	0.01496	0.05180	0.02156	0.08826	0.04630	0.01580	0.06111	0.01355	0.00711	0.00671	0.00204	0.00740	0.00690	0.00396	0.01008
30	0.00925	0.00673	0.00871	0.00821	0.00979	0.00618	0.00616	0.01230	0.01848	0.02603	0.69591	0.04978	0.09054	0.01360	0.00777	0.00208	0.00312	0.01199	0.00720	0.00618
31	0.00940	0.00705	0.01058	0.01058	0.01176	0.00823	0.00823	0.01176	0.01058	0.01528	0.01763	0.02586	0.01646	0.04937	0.74255	0.01058	0.01763	0.00705	0.00353	0.00588
32	0.01507	0.02137	0.20104	0.02694	0.10420	0.01623	0.47388	0.02094	0.01510	0.02107	0.01287	0.01670	0.00965	0.00575	0.00728	0.00216	0.01044	0.00689	0.00319	0.00924
33	0.01761	0.01585	0.07220	0.01371	0.01801	0.01612	0.01148	0.13228	0.49491	0.05710	0.02364	0.02324	0.01788	0.04610	0.00797	0.00238	0.00594	0.00709	0.00630	0.01019
34	0.01481	0.01509	0.02010	0.01727	0.01741	0.04927	0.01434	0.01626	0.01043	0.01585	0.00870	0.01430	0.00864	0.01133	0.02097	0.00283	0.72657	0.00570	0.00290	0.00722
35	0.02931	0.01156	0.01550	0.01188	0.01698	0.01021	0.00982	0.06539	0.01944	0.69798	0.02547	0.02208	0.01604	0.00814	0.00662	0.00203	0.00568	0.00659	0.00807	0.01120
36	0.01259	0.01186	0.02002	0.72452	0.07244	0.01467	0.01836	0.01695	0.01324	0.01701	0.01173	0.01750	0.00884	0.00655	0.00658	0.00218	0.00874	0.00585	0.00294	0.00744
37	0.01018	0.00686	0.00797	0.00803	0.00996	0.00596	0.00589	0.01187	0.01490	0.09137	0.09292	0.26784	0.40863	0.01679	0.00785	0.00233	0.00370	0.01447	0.00639	0.00611
38	0.02954	0.01120	0.01528	0.01171	0.01681	0.00968	0.00968	0.03208	0.01884	0.73213	0.02597	0.02241	0.01630	0.00815	0.00662	0.00204	0.00560	0.00662	0.00815	0.01120
39	0.00802	0.00573	0.00764	0.00917	0.00955	0.00535	0.00611	0.00917	0.01260	0.01681	0.03628	0.76434	0.04354	0.02062	0.00840	0.00267	0.00382	0.01872	0.00611	0.00535
40	0.01279	0.02947	0.60141	0.01776	0.02619	0.01409	0.04967	0.01969	0.01452	0.02141	0.08878	0.02009	0.01526	0.00744	0.00658	0.00212	0.00894	0.03122	0.00340	0.00918
41	0.02398	0.03035	0.01819	0.01656	0.01981	0.71211	0.01236	0.02560	0.01828	0.01598	0.01061	0.01315	0.00911	0.03795	0.00706	0.00189	0.01165	0.00446	0.00342	0.00748
42	0.51713	0.15973	0.01629	0.01119	0.03195	0.10876	0.00912	0.04435	0.01334	0.02540	0.00960	0.01113	0.00777	0.00616	0.00448	0.00187	0.00646	0.00378	0.00382	0.00767
43	0.01760	0.77260	0.03450	0.01126	0.01690	0.02605	0.01126	0.01971	0.01338	0.01549	0.00915	0.01056	0.00845	0.00563	0.00422	0.00141	0.00704	0.00352	0.00282	0.00845
44	0.00796	0.00616	0.00727	0.00809	0.00928	0.00546	0.00565	0.00940	0.01382	0.01754	0.07237	0.44568	0.33035	0.01872	0.00812	0.00246	0.00359	0.01646	0.00615	0.00546
45	0.81514	0.01273	0.00968	0.00866	0.01273	0.01477	0.00713	0.01935	0.01120	0.02954	0.00917	0.01069	0.00713	0.00611	0.00407	0.00204	0.00509	0.00356	0.00407	0.00713
46	0.01320	0.03405	0.73453	0.01876	0.02849	0.01529	0.02432	0.02085	0.01390	0.02085	0.01181	0.01390	0.00834	0.00625	0.00625	0.00208	0.00973	0.00486	0.00278	0.00973
47	0.00952	0.00661	0.00832	0.00832	0.00872	0.00700	0.00542	0.01031	0.00991	0.01361	0.01970	0.03729	0.02142	0.52656	0.27214	0.00780	0.01017	0.00873	0.00383	0.00462
48	0.02459	0.03138	0.01866	0.01696	0.02035	0.74221	0.01272	0.02629	0.01866	0.01611	0.01018	0.01187	0.00848	0.00678	0.00594	0.00170	0.01187	0.00424	0.00339	0.00763
49	0.01554	0.01776	0.03885	0.02775	0.03441	0.01665	0.70366	0.02109	0.01554	0.02109	0.01332	0.01776	0.00999	0.00555	0.00777	0.00222	0.01110	0.00777	0.00333	0.00888
50	0.01227	0.00614	0.00614	0.00614	0.00767	0.00614	0.00460	0.01534	0.01381	0.02454	0.02148	0.02454	0.01687	0.00767	0.00460	0.00153	0.00307	0.00614	0.80518	0.00614
51	0.01522	0.01724	0.03751	0.02695	0.03334	0.01616	0.67375	0.02058	0.01541	0.02090	0.01430	0.04977	0.01143	0.00620	0.00780	0.00224	0.01079	0.00824	0.00345	0.00873
52	0.13131	0.01911	0.01828	0.01447	0.01937	0.09969	0.01181	0.53794	0.02693	0.03707	0.01429	0.01468	0.01035	0.00754	0.00618	0.00195	0.00747	0.00542	0.00589	0.01025
53	0.01542	0.01330	0.01975	0.57779	0.03943	0.01600	0.01691	0.18025	0.01738	0.02267	0.01267	0.01714	0.00935	0.00690	0.00658	0.00214	0.00841	0.00587	0.00379	0.00823
54	0.00795	0.00599	0.00737	0.00847	0.00936	0.00541	0.00580	0.00925	0.01328	0.01708	0.04481	0.56772	0.23466	0.01952	0.00823	0.00255	0.00368	0.01736	0.00611	0.00541
55	0.09134	0.01003	0.01163	0.01307	0.08537	0.03687	0.00896	0.06513	0.01483	0.02061	0.03115	0.15248	0.14790	0.09969	0.04187	0.00319	0.00617	0.14789	0.00519	0.00662
56	0.01699	0.01472	0.11257	0.01381	0.01837	0.01233	0.06394	0.04662	0.14214	0.17591	0.06437	0.02632	0.06648	0.01239	0.06846	0.00281	0.04472	0.02782	0.00555	0.06367
57	0.00802	0.00573	0.00764	0.00917	0.00955	0.00535	0.00611	0.00917	0.01260	0.01681	0.03628	0.76434	0.04354	0.02062	0.00840	0.00267	0.00382	0.01872	0.00611	0.00535
58	0.00952	0.00659	0.00822	0.00822	0.00859	0.00695	0.00529	0.01024	0.00988	0.01354	0.01979	0.03779	0.02164	0.54761	0.25139	0.00767	0.00984	0.00880	0.00385	0.00457
59	0.01488	0.12118	0.59188	0.01743	0.02629	0.01656	0.02167	0.04911	0.01473	0.05014	0.01224	0.01392	0.00879	0.00632	0.00604	0.00200	0.00914	0.00482	0.00316	0.00970
60	0.01427	0.03529	0.01644	0.03901	0.14798	0.14079	0.03861	0.04249	0.03859	0.01905	0.02607	0.27339	0.09474	0.01247	0.00761	0.00222	0.02800	0.01081	0.00475	0.00744
61	0.04486	0.13473	0.04705	0.01361	0.08584	0.01327	0.01034	0.04842	0.03973	0.02146	0.01343	0.05162	0.01189	0.02409	0.00594	0.00153	0.00581	0.00514	0.00396	0.41729
62	0.04921	0.04214	0.01850	0.01639	0.05404	0.30907	0.01228	0.15990	0.17486	0.04611	0.01543	0.01602	0.01188	0.00761	0.00679	0.00194	0.03832	0.00545	0.00488	0.00918
63	0.00856	0.00677	0.00775	0.00783	0.00965	0.00590	0.00576	0.01043	0.01491	0.01916	0.16745	0.19529	0.39167	0.04146	0.00867	0.00240	0.00368	0.04124	0.00612	0.04532

[dist]
# distance from previous block
# <min> <max>
1	4

[block]
# block no. 4 follows, 33 sequences, length 33
# corresponding to MSA columns:
# 610-642
name=unknown_E
#
# <colnr> <probs for GDERKNQSTAVLIFYWHMCP>
#	G	D	E	R	K	N	Q	S	T	A	V	L	I	F	Y	W	H	M	C	P
0	0.01638	0.03749	0.02238	0.06199	0.42964	0.05578	0.01608	0.02061	0.05314	0.04735	0.01544	0.01811	0.03960	0.00661	0.00656	0.00185	0.02237	0.00587	0.00380	0.11893
1	0.02119	0.01674	0.02002	0.05061	0.14554	0.03790	0.01369	0.36928	0.09655	0.06428	0.01593	0.01692	0.01185	0.00765	0.00733	0.00201	0.04838	0.00597	0.00553	0.04264
2	0.01903	0.13238	0.01836	0.01329	0.01625	0.24699	0.01064	0.09568	0.01641	0.04839	0.01369	0.01762	0.01178	0.07179	0.04200	0.00260	0.10558	0.00541	0.10443	0.00767
3	0.00999	0.00727	0.01031	0.04349	0.01256	0.00727	0.03718	0.01167	0.01238	0.04655	0.03095	0.29710	0.11654	0.15000	0.17082	0.00488	0.00779	0.01248	0.00502	0.00575
4	0.01735	0.02610	0.45189	0.01625	0.02426	0.01446	0.01875	0.11592	0.01696	0.13174	0.01450	0.01543	0.01009	0.00662	0.00621	0.00195	0.00825	0.00518	0.00423	0.09386
5	0.01320	0.03405	0.73453	0.01876	0.02849	0.01529	0.02432	0.02085	0.01390	0.02085	0.01181	0.01390	0.00834	0.00625	0.00625	0.00208	0.00973	0.00486	0.00278	0.00973
6	0.00957	0.00638	0.00718	0.00718	0.00718	0.00638	0.00399	0.00957	0.00957	0.01276	0.02074	0.04308	0.02393	0.76864	0.03351	0.00638	0.00638	0.00957	0.00399	0.00399
7	0.01148	0.00943	0.01050	0.01011	0.01255	0.00981	0.00778	0.01972	0.27362	0.02302	0.16603	0.10626	0.22993	0.01370	0.00754	0.00230	0.00425	0.06792	0.00653	0.00749
8	0.08780	0.01499	0.01545	0.01255	0.01658	0.03909	0.01016	0.41524	0.04913	0.03436	0.07861	0.02014	0.01658	0.01002	0.03826	0.00230	0.00665	0.00633	0.11644	0.00934
9	0.00940	0.00705	0.01058	0.01058	0.01176	0.00823	0.00823	0.01176	0.01058	0.01528	0.01763	0.02586	0.01646	0.04937	0.74255	0.01058	0.01763	0.00705	0.00353	0.00588
10	0.01325	0.01165	0.01834	0.42689	0.08294	0.01337	0.04271	0.09146	0.01523	0.02004	0.01771	0.18250	0.01690	0.00974	0.00703	0.00226	0.00754	0.00878	0.00407	0.00759
11	0.00798	0.00668	0.00694	0.00688	0.00901	0.00564	0.00516	0.00983	0.01547	0.01889	0.15126	0.06153	0.63964	0.01626	0.00778	0.00220	0.00331	0.01364	0.00626	0.00564
12	0.00808	0.00578	0.00776	0.00922	0.00964	0.00546	0.00620	0.00927	0.01252	0.01674	0.03553	0.73459	0.04245	0.02178	0.03798	0.00299	0.00438	0.01825	0.00601	0.00537
13	0.00940	0.00705	0.01058	0.01058	0.01176	0.00823	0.00823	0.01176	0.01058	0.01528	0.01763	0.02586	0.01646	0.04937	0.74255	0.01058	0.01763	0.00705	0.00353	0.00588
14	0.01273	0.01056	0.01345	0.01233	0.01377	0.03906	0.00976	0.08956	0.01308	0.01846	0.01568	0.02277	0.01443	0.06625	0.44524	0.00740	0.15607	0.00666	0.02605	0.00671
15	0.00905	0.00687	0.00852	0.00941	0.01081	0.00648	0.00723	0.01161	0.04047	0.01873	0.07524	0.31509	0.23231	0.01808	0.00833	0.00260	0.00433	0.20284	0.00617	0.00583
16	0.00876	0.00626	0.00849	0.01001	0.01072	0.00598	0.00740	0.01045	0.01333	0.01763	0.03588	0.56701	0.04192	0.01993	0.00860	0.00278	0.00446	0.20875	0.00610	0.00555
17	0.01535	0.01298	0.01413	0.01317	0.01650	0.01481	0.01045	0.03120	0.59138	0.02615	0.02823	0.03338	0.02325	0.01057	0.00712	0.00237	0.00536	0.12736	0.00659	0.00965
18	0.01694	0.13886	0.41629	0.01742	0.02498	0.12897	0.05023	0.09325	0.01641	0.02151	0.01166	0.01348	0.00875	0.00639	0.00601	0.00192	0.00947	0.00482	0.00330	0.00934
19	0.01944	0.57955	0.03043	0.01266	0.01780	0.18051	0.01163	0.05108	0.01528	0.01676	0.00966	0.01107	0.00858	0.00598	0.00470	0.00150	0.00809	0.00378	0.00311	0.00839
20	0.01641	0.01577	0.01645	0.01451	0.01625	0.15843	0.01157	0.06943	0.03482	0.04852	0.01567	0.02017	0.04450	0.04097	0.16754	0.00422	0.28714	0.00632	0.00391	0.00740
21	0.16990	0.01728	0.01566	0.01275	0.01729	0.15687	0.01022	0.21146	0.02015	0.16093	0.04750	0.01662	0.01305	0.00732	0.00587	0.00184	0.00699	0.00534	0.00552	0.09744
22	0.05957	0.01661	0.01871	0.01442	0.01957	0.04391	0.03630	0.43628	0.02568	0.23437	0.01810	0.01738	0.01232	0.00777	0.00651	0.00199	0.00700	0.00603	0.00668	0.01081
23	0.00803	0.00667	0.00704	0.00714	0.00920	0.00569	0.00539	0.00984	0.01517	0.01845	0.11142	0.09337	0.61666	0.01668	0.00787	0.00227	0.00346	0.04385	0.00619	0.00562
24	0.02104	0.09864	0.01880	0.01482	0.01860	0.37214	0.01171	0.11952	0.14131	0.02182	0.01744	0.02014	0.04144	0.00825	0.00624	0.00190	0.00891	0.04415	0.00462	0.00852
25	0.01918	0.10613	0.14951	0.01758	0.02359	0.01690	0.17544	0.15570	0.06400	0.13309	0.01654	0.01904	0.01238	0.00739	0.00705	0.00208	0.02847	0.03134	0.00485	0.00973
26	0.00811	0.00579	0.00760	0.00898	0.00948	0.00537	0.00603	0.00917	0.01264	0.01671	0.03756	0.69529	0.08786	0.02043	0.00888	0.02696	0.00384	0.01800	0.00601	0.00529
27	0.01444	0.01378	0.02326	0.36881	0.38651	0.01534	0.01911	0.01848	0.01397	0.01914	0.01193	0.01681	0.00960	0.00640	0.00709	0.00210	0.03542	0.00585	0.00309	0.00887
28	0.00832	0.00579	0.00754	0.00890	0.00931	0.00545	0.00590	0.00948	0.01246	0.01690	0.03460	0.68383	0.04105	0.06824	0.00985	0.00286	0.00395	0.01755	0.04272	0.00530
29	0.01633	0.04539	0.08686	0.03298	0.45286	0.04962	0.14559	0.02133	0.04565	0.02117	0.01292	0.01632	0.01043	0.00601	0.00663	0.00200	0.00863	0.00604	0.00337	0.00988
30	0.00822	0.00598	0.00804	0.00925	0.00985	0.00580	0.00637	0.00958	0.01243	0.01663	0.03510	0.61249	0.07687	0.02482	0.12099	0.00386	0.00591	0.01666	0.00571	0.00544
31	0.01056	0.00797	0.00949	0.00974	0.01154	0.00778	0.00750	0.09407	0.01600	0.02060	0.04238	0.29013	0.25119	0.01844	0.03549	0.00281	0.00504	0.14693	0.00606	0.00628
32	0.01607	0.09865	0.07335	0.12313	0.10647	0.01577	0.09978	0.02426	0.21439	0.07711	0.03896	0.05148	0.01590	0.00783	0.00659	0.00209	0.00719	0.00700	0.00474	0.00924

[dist]
# distance from previous block
# <min> <max>
0	1

[block]
# block no. 5 follows, 33 sequences, length 34
# corresponding to MSA columns:
# 644-677
name=unknown_F
#
# <colnr> <probs for GDERKNQSTAVLIFYWHMCP>
#	G	D	E	R	K	N	Q	S	T	A	V	L	I	F	Y	W	H	M	C	P
0	0.07231	0.04618	0.38192	0.01985	0.08858	0.17039	0.06349	0.02230	0.03823	0.02062	0.01186	0.01398	0.00897	0.00635	0.00612	0.00198	0.00956	0.00497	0.00321	0.00910
1	0.01908	0.09586	0.08513	0.05189	0.05107	0.24990	0.01310	0.05806	0.01622	0.08701	0.01510	0.08554	0.01327	0.00989	0.03152	0.00227	0.07373	0.00634	0.02683	0.00820
2	0.05462	0.01201	0.02842	0.01374	0.06947	0.03471	0.02537	0.12033	0.01673	0.08860	0.04466	0.21949	0.06238	0.03370	0.00816	0.00227	0.02719	0.03710	0.00547	0.09558
3	0.05151	0.08564	0.08480	0.05198	0.07283	0.01502	0.03173	0.08761	0.03609	0.26672	0.01685	0.01737	0.01196	0.00752	0.00778	0.00202	0.08630	0.00571	0.00527	0.05528
4	0.01034	0.00835	0.01069	0.00975	0.01196	0.00795	0.04840	0.04703	0.06259	0.02214	0.25282	0.12070	0.27208	0.05208	0.00904	0.00244	0.00434	0.03460	0.00625	0.00647
5	0.01135	0.00822	0.01017	0.00982	0.01105	0.00888	0.00713	0.09500	0.01365	0.01890	0.02459	0.19548	0.05816	0.20775	0.20286	0.00544	0.04169	0.01037	0.05349	0.00600
6	0.12101	0.04390	0.06251	0.11279	0.21050	0.15499	0.04951	0.05642	0.03802	0.07100	0.01293	0.01529	0.00997	0.00652	0.00609	0.00196	0.00835	0.00532	0.00392	0.00899
7	0.01962	0.20244	0.02301	0.01558	0.01853	0.28724	0.01291	0.06606	0.01540	0.01755	0.00980	0.01264	0.00870	0.00813	0.01069	0.00203	0.25377	0.00468	0.00330	0.00792
8	0.01587	0.10368	0.17097	0.05262	0.08925	0.01460	0.01410	0.06143	0.05701	0.07209	0.01421	0.01704	0.01136	0.04199	0.03741	0.00233	0.03513	0.00533	0.00401	0.17958
9	0.05056	0.00951	0.01208	0.10076	0.01657	0.03011	0.01009	0.01422	0.03413	0.01933	0.09596	0.13576	0.10955	0.01464	0.00997	0.02542	0.09417	0.20564	0.00519	0.00634
10	0.00882	0.00671	0.00811	0.00776	0.00953	0.00600	0.00582	0.01147	0.01747	0.02363	0.51255	0.05374	0.27539	0.01449	0.00777	0.00212	0.00318	0.01255	0.00688	0.00600
11	0.04115	0.01642	0.05330	0.11312	0.22850	0.01579	0.33445	0.02067	0.01493	0.05572	0.01318	0.01711	0.01010	0.00610	0.00745	0.00214	0.03055	0.00667	0.00349	0.00917
12	0.01244	0.01087	0.01573	0.08681	0.14272	0.01196	0.03176	0.01723	0.10992	0.01977	0.02594	0.20033	0.07593	0.01248	0.00914	0.00241	0.09841	0.07134	0.03724	0.00757
13	0.02611	0.01205	0.01512	0.01177	0.01656	0.01124	0.00967	0.15784	0.02070	0.51613	0.02884	0.02598	0.09896	0.00911	0.00675	0.00205	0.00565	0.00735	0.00761	0.01054
14	0.00909	0.00618	0.00732	0.00780	0.00792	0.00606	0.00465	0.00945	0.01051	0.01402	0.02557	0.26700	0.03002	0.53641	0.02571	0.00523	0.00559	0.01241	0.00465	0.00441
15	0.01591	0.08791	0.22054	0.05763	0.12242	0.10925	0.05541	0.02045	0.03053	0.05827	0.01537	0.07942	0.01320	0.00978	0.04310	0.00242	0.00884	0.00651	0.03438	0.00866
16	0.00901	0.00649	0.00874	0.01019	0.01110	0.00622	0.00780	0.01091	0.01371	0.01797	0.03722	0.46313	0.07480	0.01949	0.00864	0.00279	0.00466	0.27541	0.00609	0.00563
17	0.02624	0.01242	0.01551	0.01207	0.01669	0.01188	0.00980	0.19112	0.02101	0.48749	0.04572	0.02331	0.01715	0.06775	0.00875	0.00236	0.00598	0.00686	0.00742	0.01048
18	0.01562	0.18770	0.16842	0.09345	0.05970	0.05597	0.14353	0.02072	0.05831	0.01885	0.01197	0.01499	0.00961	0.00689	0.00815	0.00206	0.10665	0.00550	0.00322	0.00868
19	0.02458	0.01129	0.01461	0.01204	0.01635	0.01063	0.00988	0.07484	0.08998	0.49352	0.02693	0.06535	0.02025	0.01002	0.00701	0.00220	0.00564	0.08712	0.00755	0.01022
20	0.01422	0.01396	0.02471	0.15752	0.23607	0.01465	0.18883	0.03925	0.01467	0.02003	0.01796	0.08856	0.05863	0.00851	0.00838	0.00223	0.07162	0.00803	0.00373	0.00845
21	0.01047	0.00707	0.00883	0.00928	0.01055	0.00673	0.00655	0.05319	0.01442	0.06158	0.05895	0.49894	0.13313	0.04962	0.03537	0.00294	0.00464	0.01554	0.00612	0.00608
22	0.01192	0.01167	0.06019	0.01447	0.04388	0.01039	0.12121	0.01784	0.11638	0.02390	0.32082	0.05780	0.05698	0.01164	0.00765	0.00225	0.00567	0.09187	0.00591	0.00756
23	0.58069	0.01794	0.03799	0.01112	0.01528	0.18149	0.00919	0.04252	0.01363	0.02653	0.00970	0.01124	0.00761	0.00633	0.00466	0.00196	0.00688	0.00384	0.00395	0.00747
24	0.02158	0.35110	0.02549	0.01450	0.01886	0.43330	0.01209	0.02345	0.01638	0.01584	0.00973	0.01131	0.00847	0.00629	0.00520	0.00157	0.00979	0.00393	0.00314	0.00798
25	0.00940	0.00705	0.01058	0.01058	0.01176	0.00823	0.00823	0.01176	0.01058	0.01528	0.01763	0.02586	0.01646	0.04937	0.74255	0.01058	0.01763	0.00705	0.00353	0.00588
26	0.01572	0.01482	0.01976	0.05365	0.01879	0.05121	0.01422	0.01739	0.01118	0.06171	0.00997	0.01496	0.00913	0.01085	0.01920	0.00274	0.63822	0.00575	0.00324	0.00748
27	0.03556	0.01682	0.08762	0.01925	0.11754	0.06294	0.11703	0.12207	0.08229	0.03893	0.01937	0.04509	0.06062	0.01216	0.07673	0.00291	0.04144	0.00713	0.02569	0.00882
28	0.01056	0.00715	0.00798	0.00769	0.00803	0.00728	0.00453	0.05408	0.01094	0.01460	0.02043	0.04134	0.02312	0.71999	0.03179	0.00610	0.00644	0.00934	0.00416	0.00445
29	0.01017	0.00724	0.00957	0.01060	0.01184	0.00715	0.00870	0.01246	0.01406	0.01831	0.05553	0.06611	0.07960	0.17838	0.01419	0.00367	0.00586	0.47533	0.00566	0.00559
30	0.01655	0.01601	0.05561	0.18172	0.48362	0.04444	0.01902	0.02055	0.01496	0.06575	0.01300	0.01666	0.01030	0.00621	0.00650	0.00200	0.00812	0.00580	0.00349	0.00970
31	0.01060	0.00915	0.00907	0.00953	0.01108	0.07538	0.00693	0.02937	0.04140	0.01858	0.04056	0.37617	0.22539	0.01669	0.00774	0.00239	0.00467	0.05345	0.04580	0.00604
