[name]
unknown

[dist]
# distance from previous block
# <min> <max>
0	36

[block]
# block no. 0 follows, 34 sequences, length 26
# corresponding to MSA columns:
# 36-61
name=unknown_A
#
# <colnr> <probs for GDERKNQSTAVLIFYWHMCP>
#	G	D	E	R	K	N	Q	S	T	A	V	L	I	F	Y	W	H	M	C	P
0	0.04645	0.13081	0.13757	0.01209	0.01630	0.02781	0.03926	0.05287	0.03061	0.03664	0.10509	0.10696	0.12323	0.01104	0.00668	0.00208	0.00606	0.07804	0.00486	0.02554
1	0.17024	0.23906	0.06030	0.01347	0.03102	0.03691	0.07260	0.12192	0.06860	0.02422	0.03515	0.01482	0.01141	0.00650	0.00529	0.00177	0.00674	0.00494	0.02446	0.05059
2	0.01604	0.14733	0.07606	0.03941	0.02151	0.11925	0.17771	0.03790	0.07891	0.04061	0.08474	0.07741	0.01797	0.00810	0.00644	0.00195	0.00786	0.00723	0.02542	0.00814
3	0.01783	0.61729	0.09119	0.01227	0.01798	0.06544	0.01230	0.06953	0.01471	0.01751	0.00973	0.01108	0.00848	0.00580	0.00458	0.00149	0.00742	0.00378	0.00306	0.00855
4	0.01529	0.01184	0.01377	0.01035	0.01558	0.00994	0.00825	0.07095	0.06877	0.07424	0.01511	0.05220	0.01254	0.00630	0.00534	0.00128	0.00499	0.00515	0.00464	0.59345
5	0.00939	0.00692	0.00883	0.00837	0.01001	0.00651	0.00634	0.01298	0.04644	0.02533	0.64617	0.04875	0.09147	0.01333	0.00762	0.00208	0.00323	0.03298	0.00700	0.00623
6	0.07420	0.01066	0.01284	0.01027	0.01427	0.00957	0.02976	0.06530	0.01528	0.04739	0.12781	0.10242	0.05738	0.00894	0.00642	0.00164	0.02640	0.00747	0.00497	0.36703
7	0.01476	0.25281	0.28884	0.01370	0.02058	0.01685	0.01505	0.03864	0.01377	0.01943	0.01078	0.01265	0.00867	0.00582	0.00570	0.00158	0.03305	0.00418	0.00314	0.22000
8	0.00858	0.00615	0.00765	0.00832	0.00905	0.00580	0.00569	0.00990	0.01295	0.01721	0.13749	0.35852	0.11575	0.20323	0.01418	0.00341	0.00436	0.06099	0.00565	0.00512
9	0.01552	0.22369	0.27516	0.01939	0.10584	0.07219	0.10959	0.02042	0.03171	0.01868	0.01177	0.01483	0.00959	0.03698	0.00691	0.00202	0.00873	0.00513	0.00305	0.00882
10	0.00860	0.00695	0.00770	0.00759	0.00954	0.00629	0.00566	0.01164	0.06016	0.02031	0.24335	0.11035	0.44807	0.01531	0.00761	0.00218	0.00336	0.01306	0.00634	0.00592
11	0.09112	0.01764	0.12145	0.10403	0.39759	0.05342	0.04362	0.01947	0.01442	0.02123	0.04691	0.01669	0.01186	0.00631	0.00622	0.00197	0.00788	0.00568	0.00338	0.00912
12	0.01596	0.09184	0.05476	0.09258	0.32853	0.06110	0.22216	0.02014	0.01474	0.01967	0.01191	0.01562	0.00959	0.00577	0.00650	0.00195	0.00894	0.00595	0.00314	0.00914
13	0.81856	0.01250	0.00950	0.00850	0.01250	0.01449	0.00700	0.01899	0.01100	0.02899	0.00900	0.01050	0.00700	0.00600	0.00400	0.00200	0.00500	0.00350	0.00400	0.00700
14	0.01340	0.01148	0.01340	0.00957	0.01531	0.00861	0.00766	0.01627	0.01340	0.02105	0.01148	0.01340	0.00957	0.00479	0.00479	0.00096	0.00479	0.00383	0.00383	0.81242
15	0.01136	0.01082	0.07928	0.01260	0.04932	0.00882	0.05931	0.03280	0.04749	0.04533	0.32617	0.19013	0.05730	0.01257	0.00738	0.00216	0.00486	0.01129	0.02395	0.00707
16	0.01220	0.01148	0.01938	0.75739	0.04450	0.01436	0.01794	0.01651	0.01292	0.01651	0.01148	0.01723	0.00861	0.00646	0.00646	0.00215	0.00861	0.00574	0.00287	0.00718
17	0.01522	0.01266	0.01485	0.01163	0.04579	0.01064	0.00887	0.12282	0.01605	0.02407	0.01213	0.01383	0.00982	0.00528	0.00511	0.00115	0.00526	0.00421	0.00421	0.65642
18	0.00929	0.00667	0.00913	0.00913	0.00985	0.00739	0.00651	0.01073	0.01001	0.01407	0.01846	0.03175	0.01892	0.32118	0.47838	0.00883	0.01315	0.00785	0.00363	0.00507
19	0.00810	0.00611	0.00748	0.00809	0.00925	0.00550	0.00571	0.00981	0.01441	0.01893	0.20317	0.39972	0.24524	0.01751	0.00793	0.00236	0.00345	0.01547	0.00625	0.00550
20	0.01013	0.04840	0.01233	0.01078	0.04688	0.00811	0.04667	0.01318	0.01737	0.02410	0.55938	0.04410	0.10919	0.01226	0.00738	0.00201	0.00394	0.01089	0.00638	0.00651
21	0.01770	0.01382	0.01480	0.01274	0.01651	0.01548	0.01000	0.17650	0.46077	0.06364	0.02585	0.02527	0.05801	0.04938	0.00800	0.00234	0.00552	0.00742	0.00645	0.00982
22	0.05355	0.18815	0.55565	0.01639	0.02482	0.01719	0.02036	0.02016	0.01340	0.01978	0.01092	0.01280	0.00815	0.00600	0.00562	0.00190	0.00877	0.00444	0.00280	0.00916
23	0.05733	0.01164	0.01338	0.00986	0.01534	0.00941	0.00791	0.01858	0.05365	0.07592	0.01325	0.01450	0.01049	0.00532	0.00497	0.00116	0.00487	0.00421	0.00431	0.66390
24	0.01799	0.10890	0.05970	0.01294	0.01846	0.10355	0.03081	0.19239	0.01829	0.02460	0.01206	0.01348	0.00955	0.00594	0.00541	0.00144	0.00690	0.00448	0.00422	0.34886
25	0.05672	0.01569	0.12931	0.03885	0.22127	0.01252	0.01431	0.06033	0.01567	0.16201	0.03279	0.02004	0.05287	0.00931	0.04540	0.00233	0.00726	0.00607	0.00460	0.09265

[dist]
# distance from previous block
# <min> <max>
0	13

[block]
# block no. 1 follows, 34 sequences, length 21
# corresponding to MSA columns:
# 75-95
name=unknown_B
#
# <colnr> <probs for GDERKNQSTAVLIFYWHMCP>
#	G	D	E	R	K	N	Q	S	T	A	V	L	I	F	Y	W	H	M	C	P
0	0.01741	0.17222	0.16858	0.02090	0.20140	0.06892	0.03556	0.04694	0.06226	0.08920	0.01466	0.04841	0.01193	0.00697	0.00599	0.00188	0.00770	0.00577	0.00396	0.00935
1	0.00817	0.00596	0.00772	0.00897	0.00958	0.00562	0.00608	0.00992	0.03384	0.01731	0.07032	0.67954	0.07415	0.01938	0.00814	0.00256	0.00373	0.01750	0.00607	0.00545
2	0.08461	0.03230	0.01660	0.01512	0.09730	0.01372	0.01097	0.14024	0.03867	0.21280	0.06396	0.01950	0.01539	0.00917	0.02901	0.00222	0.09414	0.00607	0.03775	0.06046
3	0.01812	0.05107	0.11863	0.02216	0.22915	0.03480	0.06435	0.15476	0.03960	0.10022	0.01745	0.01977	0.04641	0.04565	0.00776	0.00218	0.00752	0.00632	0.00454	0.00955
4	0.01264	0.00860	0.01112	0.05031	0.03992	0.00866	0.00831	0.06288	0.08383	0.09697	0.05456	0.44301	0.06256	0.01530	0.00757	0.00238	0.00465	0.01361	0.00607	0.00706
5	0.01220	0.01148	0.01938	0.75739	0.04450	0.01436	0.01794	0.01651	0.01292	0.01651	0.01148	0.01723	0.00861	0.00646	0.00646	0.00215	0.00861	0.00574	0.00287	0.00718
6	0.01889	0.01408	0.01535	0.01312	0.01705	0.01566	0.01037	0.20904	0.41947	0.09717	0.02412	0.07871	0.01885	0.00931	0.00667	0.00214	0.00557	0.00769	0.00664	0.01012
7	0.01236	0.00976	0.01187	0.01057	0.01308	0.00986	0.00843	0.09769	0.03340	0.02290	0.19039	0.07079	0.10434	0.05049	0.00979	0.00233	0.07648	0.11959	0.00556	0.14033
8	0.01666	0.01480	0.01734	0.13671	0.06878	0.07153	0.01268	0.17024	0.16033	0.02451	0.06874	0.02073	0.01608	0.03492	0.03412	0.00255	0.10932	0.00654	0.00482	0.00860
9	0.02044	0.01672	0.04153	0.01413	0.01887	0.01792	0.01170	0.39667	0.30308	0.03396	0.01953	0.01879	0.01431	0.00800	0.00644	0.00201	0.00632	0.00631	0.00630	0.03697
10	0.03444	0.00953	0.01227	0.03193	0.07004	0.01001	0.00908	0.07296	0.08849	0.05841	0.07291	0.26619	0.07662	0.01438	0.00941	0.06438	0.04162	0.04476	0.00552	0.00704
11	0.01559	0.01456	0.04294	0.02792	0.43208	0.03265	0.01548	0.10700	0.01614	0.02239	0.04714	0.05335	0.01550	0.08188	0.04495	0.00278	0.00771	0.00692	0.00399	0.00902
12	0.01296	0.03342	0.73944	0.01842	0.02797	0.01501	0.02387	0.02046	0.01364	0.02046	0.01160	0.01364	0.00818	0.00614	0.00614	0.00205	0.00955	0.00477	0.00273	0.00955
13	0.01413	0.01344	0.02267	0.32256	0.42897	0.01453	0.01844	0.01806	0.01400	0.01913	0.01418	0.01846	0.04047	0.00649	0.00647	0.00202	0.00786	0.00609	0.00319	0.00882
14	0.01087	0.00716	0.00877	0.00904	0.01054	0.00673	0.00645	0.03796	0.04261	0.08657	0.06426	0.45226	0.17196	0.04229	0.00863	0.00254	0.00406	0.01487	0.00620	0.00623
15	0.01131	0.00766	0.00978	0.01000	0.01163	0.00762	0.00754	0.01548	0.10743	0.07842	0.16028	0.32885	0.05366	0.01752	0.04661	0.00285	0.00494	0.10545	0.00630	0.00665
16	0.00941	0.07954	0.01040	0.00814	0.01006	0.00769	0.00628	0.01180	0.01624	0.02176	0.42068	0.13624	0.21014	0.01408	0.00737	0.00208	0.00355	0.01218	0.00630	0.00605
17	0.13509	0.01052	0.01213	0.01017	0.01386	0.01022	0.00813	0.10948	0.01766	0.30167	0.07742	0.10358	0.14185	0.01070	0.00658	0.00209	0.00491	0.00875	0.00662	0.00856
18	0.08957	0.00952	0.01138	0.08018	0.01524	0.00965	0.00819	0.05073	0.06506	0.18775	0.11687	0.05520	0.11444	0.04263	0.00749	0.00219	0.00483	0.00823	0.11315	0.00771
19	0.00865	0.00641	0.00817	0.00939	0.01008	0.00628	0.00640	0.01140	0.07960	0.01749	0.03473	0.69806	0.04055	0.01915	0.00809	0.00258	0.00388	0.01732	0.00605	0.00572
20	0.07236	0.00924	0.01125	0.00996	0.01309	0.00882	0.00791	0.02180	0.08039	0.29546	0.09104	0.11839	0.08335	0.01122	0.00673	0.00214	0.00462	0.06106	0.08294	0.00824

[dist]
# distance from previous block
# <min> <max>
0	3

[block]
# block no. 2 follows, 34 sequences, length 10
# corresponding to MSA columns:
# 99-108
name=unknown_C
#
# <colnr> <probs for GDERKNQSTAVLIFYWHMCP>
#	G	D	E	R	K	N	Q	S	T	A	V	L	I	F	Y	W	H	M	C	P
0	0.04912	0.00715	0.00872	0.00876	0.01050	0.00670	0.00667	0.01289	0.01505	0.07800	0.22336	0.18230	0.18198	0.06441	0.00931	0.00259	0.00417	0.11601	0.00622	0.00608
1	0.00995	0.00652	0.00713	0.00697	0.00819	0.00608	0.00468	0.01124	0.01269	0.04408	0.08188	0.04558	0.25370	0.33172	0.01770	0.00377	0.00456	0.01030	0.12811	0.00515
2	0.14268	0.01321	0.01424	0.01213	0.01628	0.01443	0.00968	0.07520	0.39027	0.20734	0.02275	0.02093	0.01627	0.00808	0.00615	0.00210	0.00532	0.00642	0.00653	0.00998
3	0.09006	0.01077	0.01301	0.01064	0.01463	0.01033	0.00858	0.08462	0.06381	0.39048	0.10154	0.05324	0.08161	0.00954	0.00652	0.00204	0.00500	0.00780	0.02650	0.00929
4	0.01750	0.01094	0.01293	0.01089	0.01414	0.01113	0.00864	0.20045	0.05988	0.17095	0.17381	0.03336	0.10125	0.06403	0.05642	0.00288	0.00598	0.02998	0.00649	0.00837
5	0.00879	0.00659	0.00814	0.00775	0.00943	0.00594	0.00581	0.01150	0.01744	0.02390	0.57118	0.05158	0.22026	0.01396	0.00762	0.00207	0.00310	0.01215	0.00685	0.00594
6	0.01267	0.01239	0.02225	0.64567	0.04286	0.01466	0.12371	0.01715	0.01328	0.01715	0.01173	0.01726	0.00880	0.00630	0.00664	0.00216	0.00896	0.00603	0.00293	0.00741
7	0.01160	0.00791	0.00971	0.00991	0.01122	0.00790	0.00706	0.11761	0.01516	0.05044	0.03034	0.51128	0.03436	0.10184	0.01068	0.00291	0.00471	0.04320	0.00592	0.00625
8	0.01143	0.00891	0.01337	0.07666	0.06640	0.01031	0.01003	0.01261	0.01049	0.01500	0.01326	0.02024	0.01233	0.02734	0.29945	0.21134	0.12488	0.00606	0.00315	0.04676
9	0.21643	0.07074	0.01617	0.07932	0.05925	0.24960	0.01092	0.06351	0.01532	0.02109	0.01420	0.12810	0.01356	0.00850	0.00576	0.00195	0.00768	0.00646	0.00402	0.00743

[dist]
# distance from previous block
# <min> <max>
3	9

[block]
# block no. 3 follows, 34 sequences, length 7
# corresponding to MSA columns:
# 118-124
name=unknown_D
#
# <colnr> <probs for GDERKNQSTAVLIFYWHMCP>
#	G	D	E	R	K	N	Q	S	T	A	V	L	I	F	Y	W	H	M	C	P
0	0.01554	0.51527	0.02891	0.26611	0.02612	0.02174	0.01341	0.01838	0.01306	0.01565	0.00984	0.01271	0.00840	0.00585	0.00494	0.00165	0.00749	0.00424	0.00280	0.00791
1	0.01270	0.02593	0.49337	0.27095	0.03362	0.01478	0.02185	0.01911	0.01339	0.01911	0.01156	0.01487	0.00833	0.00625	0.00625	0.00208	0.00923	0.00511	0.00278	0.00874
2	0.00914	0.00660	0.00864	0.00813	0.00965	0.00610	0.00610	0.01219	0.01829	0.02591	0.72921	0.04827	0.06097	0.01321	0.00762	0.00203	0.00305	0.01169	0.00711	0.00610
3	0.01348	0.01323	0.01965	0.27000	0.02637	0.01793	0.01544	0.01588	0.01093	0.01588	0.00951	0.01519	0.00853	0.00965	0.01617	0.00260	0.50395	0.00568	0.00284	0.00711
4	0.01036	0.00805	0.01126	0.26347	0.01985	0.00903	0.00871	0.01183	0.01060	0.01389	0.01733	0.03372	0.01841	0.51099	0.02386	0.00486	0.00707	0.00815	0.00356	0.00503
5	0.81856	0.01250	0.00950	0.00850	0.01250	0.01449	0.00700	0.01899	0.01100	0.02899	0.00900	0.01050	0.00700	0.00600	0.00400	0.00200	0.00500	0.00350	0.00400	0.00700
6	0.40098	0.01251	0.01446	0.01526	0.14644	0.01294	0.01021	0.02342	0.01424	0.26952	0.01521	0.01544	0.01067	0.00664	0.00529	0.00198	0.00566	0.00494	0.00522	0.00896

[dist]
# distance from previous block
# <min> <max>
0	3

[block]
# block no. 4 follows, 34 sequences, length 299
# corresponding to MSA columns:
# 128-426
name=unknown_E
#
# <colnr> <probs for GDERKNQSTAVLIFYWHMCP>
#	G	D	E	R	K	N	Q	S	T	A	V	L	I	F	Y	W	H	M	C	P
0	0.00937	0.00634	0.00740	0.00737	0.00756	0.00639	0.00437	0.00975	0.01008	0.01363	0.06859	0.04144	0.02551	0.66750	0.08391	0.00628	0.00686	0.00937	0.00410	0.00420
1	0.02783	0.01066	0.01438	0.01112	0.01588	0.00926	0.00916	0.03037	0.01816	0.68835	0.02519	0.02214	0.01603	0.00797	0.00636	0.00197	0.00533	0.00647	0.06274	0.01066
2	0.07932	0.01645	0.01787	0.01384	0.01886	0.01785	0.01141	0.53550	0.04632	0.15171	0.01697	0.01645	0.01176	0.00770	0.00630	0.00196	0.00665	0.00581	0.00655	0.01070
3	0.07003	0.01792	0.12890	0.02883	0.39084	0.04737	0.08974	0.01936	0.01399	0.02057	0.01222	0.01602	0.01007	0.00983	0.07339	0.00275	0.03013	0.00568	0.00321	0.00914
4	0.00922	0.00690	0.01026	0.01023	0.01141	0.00794	0.00794	0.01158	0.01092	0.01575	0.06597	0.02695	0.01922	0.04605	0.69675	0.00981	0.01633	0.00725	0.00371	0.00579
5	0.00809	0.00689	0.00710	0.00682	0.00922	0.00570	0.00515	0.00987	0.01478	0.01805	0.08915	0.05827	0.65314	0.01544	0.00744	0.00209	0.00337	0.01289	0.00590	0.06064
6	0.01612	0.01627	0.02460	0.14723	0.46357	0.08425	0.06916	0.02080	0.05694	0.02021	0.01276	0.01637	0.01034	0.00611	0.00645	0.00197	0.00828	0.00583	0.00337	0.00939
7	0.63839	0.01430	0.01183	0.08119	0.03912	0.08677	0.00898	0.01946	0.01202	0.02626	0.00943	0.01142	0.00738	0.00610	0.00449	0.00198	0.00608	0.00385	0.00380	0.00717
8	0.01589	0.06558	0.09672	0.01503	0.07378	0.03405	0.04045	0.06088	0.20957	0.09674	0.02604	0.04636	0.11854	0.01182	0.05720	0.00262	0.00703	0.00760	0.00523	0.00887
9	0.00927	0.00632	0.00757	0.00768	0.00787	0.00646	0.00468	0.00969	0.00975	0.01317	0.02095	0.08943	0.02372	0.61384	0.13734	0.00663	0.00773	0.00964	0.00399	0.00428
10	0.00940	0.00626	0.00705	0.00705	0.00705	0.00626	0.00392	0.00940	0.00940	0.01253	0.02036	0.04228	0.02349	0.77292	0.03289	0.00626	0.00626	0.00940	0.00392	0.00392
11	0.01051	0.00769	0.00995	0.01075	0.01205	0.00796	0.00862	0.01426	0.08451	0.01826	0.02961	0.11002	0.03168	0.16894	0.06386	0.00403	0.00654	0.38940	0.00544	0.00591
12	0.07205	0.72456	0.03219	0.01088	0.01630	0.02481	0.01078	0.01932	0.01298	0.01614	0.00898	0.01037	0.00820	0.00556	0.00414	0.00142	0.00678	0.00346	0.00285	0.00820
13	0.00935	0.00694	0.00937	0.05935	0.01204	0.00666	0.00691	0.01249	0.01792	0.02527	0.68015	0.04614	0.05739	0.01275	0.00754	0.00204	0.00343	0.01128	0.00682	0.00617
14	0.01427	0.01412	0.01944	0.01670	0.01695	0.01954	0.01387	0.01683	0.05850	0.01633	0.00970	0.01482	0.00925	0.01114	0.02020	0.00278	0.70942	0.00577	0.00308	0.00728
15	0.01340	0.01148	0.01340	0.00957	0.01531	0.00861	0.00766	0.01627	0.01340	0.02105	0.01148	0.01340	0.00957	0.00479	0.00479	0.00096	0.00479	0.00383	0.00383	0.81242
16	0.01416	0.01194	0.01381	0.00993	0.01564	0.00939	0.00797	0.06376	0.01456	0.02240	0.01176	0.01354	0.00967	0.00499	0.00490	0.00102	0.00494	0.00396	0.00401	0.75764
17	0.00797	0.00573	0.00740	0.00869	0.00916	0.00534	0.00577	0.00904	0.01232	0.01627	0.03655	0.66791	0.08832	0.07437	0.00999	0.00286	0.00390	0.01740	0.00585	0.00517
18	0.08296	0.01110	0.01462	0.01129	0.01622	0.00984	0.00933	0.03063	0.01798	0.68869	0.02436	0.02121	0.01538	0.00786	0.00633	0.00200	0.00546	0.00629	0.00772	0.01072
19	0.01594	0.01549	0.02704	0.03881	0.68485	0.01542	0.06695	0.01989	0.01475	0.02108	0.01222	0.01609	0.01021	0.00574	0.00648	0.00194	0.00790	0.00588	0.00320	0.01013
20	0.01088	0.06003	0.01201	0.01184	0.01361	0.00868	0.01046	0.01379	0.01475	0.01905	0.03249	0.06861	0.03521	0.01701	0.00860	0.00287	0.00602	0.64226	0.00573	0.00611
21	0.00945	0.00612	0.00815	0.00926	0.01007	0.00567	0.00646	0.01080	0.01301	0.06595	0.03579	0.65531	0.06240	0.01915	0.00815	0.00259	0.00398	0.05590	0.00613	0.00569
22	0.00928	0.00643	0.00799	0.00801	0.00841	0.00666	0.00516	0.01010	0.01036	0.01419	0.06863	0.06524	0.02496	0.51595	0.20520	0.00685	0.00866	0.00928	0.00410	0.00457
23	0.02784	0.01103	0.01529	0.06248	0.01841	0.00983	0.01007	0.03046	0.01811	0.68783	0.02453	0.02167	0.01549	0.00789	0.00650	0.00201	0.00571	0.00645	0.00765	0.01074
24	0.38479	0.00999	0.01012	0.00906	0.01199	0.01080	0.00710	0.01839	0.02994	0.13966	0.01403	0.01666	0.01100	0.01303	0.06246	0.17394	0.00596	0.00495	0.05944	0.00669
25	0.01044	0.00721	0.00937	0.05925	0.01223	0.00678	0.00684	0.01316	0.01694	0.07115	0.48670	0.04658	0.17053	0.04430	0.00851	0.00224	0.00377	0.01118	0.00655	0.00630
26	0.40177	0.01226	0.01274	0.01034	0.01488	0.01268	0.00853	0.07884	0.01588	0.34790	0.01691	0.01605	0.01135	0.00703	0.00531	0.00199	0.00539	0.00503	0.00599	0.00911
27	0.02259	0.01509	0.01800	0.06613	0.07259	0.01610	0.01201	0.42348	0.02413	0.16809	0.01856	0.01972	0.03241	0.05149	0.00801	0.00222	0.00679	0.00636	0.00611	0.01012
28	0.00921	0.00675	0.00831	0.00903	0.01007	0.00646	0.00635	0.05735	0.01412	0.01856	0.06349	0.52261	0.13997	0.05623	0.00928	0.00269	0.00410	0.04380	0.00596	0.00566
29	0.15019	0.01070	0.01331	0.01067	0.01493	0.01002	0.00867	0.02693	0.03797	0.51391	0.06234	0.02160	0.01695	0.00899	0.00745	0.05738	0.00528	0.00629	0.00692	0.00950
30	0.76338	0.01203	0.00942	0.00849	0.01222	0.01389	0.00690	0.01827	0.01082	0.02778	0.00915	0.01112	0.00729	0.00712	0.00545	0.05737	0.00504	0.00364	0.00392	0.00671
31	0.00936	0.00638	0.00760	0.00757	0.00783	0.00650	0.00462	0.00987	0.01014	0.01377	0.06841	0.04043	0.02507	0.62410	0.12671	0.00653	0.00752	0.00922	0.00407	0.00431
32	0.04593	0.09971	0.06762	0.12971	0.18153	0.07803	0.13073	0.02244	0.11469	0.04694	0.01403	0.01646	0.01087	0.00640	0.00624	0.00197	0.00817	0.00579	0.00378	0.00896
33	0.76332	0.01215	0.00956	0.00873	0.01256	0.01401	0.00723	0.01861	0.01126	0.02833	0.01072	0.01476	0.00906	0.00681	0.00434	0.00207	0.00506	0.05037	0.00413	0.00693
34	0.04512	0.53140	0.05531	0.01240	0.01763	0.06515	0.04229	0.07521	0.01522	0.01895	0.05908	0.01389	0.01213	0.00633	0.00489	0.00157	0.00715	0.00449	0.00346	0.00833
35	0.01040	0.00794	0.00782	0.00770	0.00793	0.05690	0.00450	0.01052	0.01001	0.01275	0.01965	0.04019	0.02245	0.72054	0.03104	0.00595	0.00663	0.00904	0.00388	0.00416
36	0.10247	0.29965	0.17088	0.01273	0.01779	0.04293	0.01286	0.04247	0.01361	0.04100	0.01351	0.06949	0.01235	0.01052	0.05675	0.00245	0.04139	0.02553	0.00358	0.00804
37	0.00929	0.00622	0.00708	0.00718	0.00721	0.00619	0.00406	0.00937	0.00960	0.01280	0.02140	0.09194	0.02481	0.72147	0.03120	0.00602	0.00609	0.01001	0.00406	0.00401
38	0.01597	0.09792	0.32654	0.07201	0.18342	0.01635	0.01891	0.10689	0.01602	0.04417	0.01237	0.01457	0.00931	0.00623	0.00603	0.00191	0.00823	0.00508	0.00351	0.03455
39	0.02094	0.11685	0.07833	0.01710	0.08794	0.31505	0.01323	0.06283	0.08781	0.09204	0.01375	0.01463	0.01060	0.00673	0.00584	0.00176	0.00875	0.00491	0.00418	0.03672
40	0.00764	0.00655	0.00655	0.00655	0.00873	0.00545	0.00491	0.00927	0.01473	0.01745	0.06546	0.06218	0.73000	0.01636	0.00764	0.00218	0.00327	0.01364	0.00600	0.00545
41	0.81856	0.01250	0.00950	0.00850	0.01250	0.01449	0.00700	0.01899	0.01100	0.02899	0.00900	0.01050	0.00700	0.00600	0.00400	0.00200	0.00500	0.00350	0.00400	0.00700
42	0.01509	0.41279	0.11670	0.01321	0.05764	0.01856	0.01204	0.01894	0.06186	0.03974	0.01856	0.10710	0.06682	0.00848	0.00552	0.00178	0.00648	0.00665	0.00383	0.00821
43	0.01622	0.04357	0.13048	0.03732	0.19517	0.02861	0.01398	0.07606	0.01628	0.12409	0.09977	0.08727	0.04244	0.03157	0.00778	0.00217	0.02588	0.00772	0.00485	0.00877
44	0.00933	0.00653	0.00839	0.00839	0.00886	0.00700	0.00560	0.01026	0.00980	0.01353	0.01913	0.03546	0.02053	0.48045	0.32131	0.00793	0.01072	0.00840	0.00373	0.00466
45	0.01348	0.01182	0.01320	0.00985	0.01508	0.03410	0.00778	0.01670	0.03533	0.02100	0.03478	0.04833	0.01288	0.00592	0.00512	0.00113	0.00493	0.00483	0.00409	0.69965
46	0.02203	0.04520	0.17158	0.01505	0.04244	0.01551	0.01391	0.28215	0.04288	0.22326	0.01722	0.01688	0.01184	0.00724	0.00625	0.00192	0.00704	0.00565	0.00574	0.04620
47	0.01928	0.17943	0.02038	0.01335	0.01788	0.04097	0.01113	0.24742	0.32734	0.02854	0.01865	0.01804	0.01414	0.00769	0.00600	0.00192	0.00633	0.00591	0.00563	0.00997
48	0.01292	0.01057	0.01190	0.01087	0.01355	0.01154	0.00835	0.02428	0.40175	0.02652	0.34561	0.03508	0.03846	0.01078	0.00705	0.00212	0.00418	0.00929	0.00682	0.00835
49	0.01340	0.01148	0.01340	0.00957	0.01531	0.00861	0.00766	0.01627	0.01340	0.02105	0.01148	0.01340	0.00957	0.00479	0.00479	0.00096	0.00479	0.00383	0.00383	0.81242
50	0.00924	0.00689	0.01019	0.01019	0.01128	0.00797	0.00784	0.01142	0.01033	0.01486	0.01748	0.02635	0.01657	0.08987	0.70648	0.01015	0.01668	0.00706	0.00349	0.00566
51	0.01185	0.00807	0.01159	0.01014	0.01220	0.00778	0.05839	0.01490	0.03716	0.09505	0.36407	0.03901	0.05959	0.12727	0.11054	0.00379	0.00633	0.00980	0.00591	0.00654
52	0.01079	0.00723	0.00938	0.00911	0.01022	0.00707	0.02299	0.01270	0.03750	0.07156	0.14724	0.26524	0.05878	0.26272	0.01629	0.00363	0.02406	0.01228	0.00553	0.00570
53	0.01041	0.00744	0.01041	0.01190	0.01339	0.00744	0.01041	0.01339	0.01487	0.01934	0.03421	0.07288	0.03719	0.01785	0.00892	0.00297	0.00595	0.68913	0.00595	0.00595
54	0.01220	0.01148	0.01938	0.75739	0.04450	0.01436	0.01794	0.01651	0.01292	0.01651	0.01148	0.01723	0.00861	0.00646	0.00646	0.00215	0.00861	0.00574	0.00287	0.00718
55	0.10053	0.00943	0.01031	0.00988	0.01169	0.01004	0.00709	0.13000	0.08496	0.02203	0.02487	0.31683	0.02675	0.19065	0.01305	0.00325	0.00517	0.01146	0.00543	0.00658
56	0.00912	0.00611	0.00723	0.00754	0.00766	0.00602	0.00448	0.00936	0.01025	0.01371	0.04305	0.19856	0.02830	0.56551	0.02662	0.03093	0.00561	0.01128	0.00442	0.00423
57	0.02345	0.01512	0.01718	0.01303	0.01828	0.01531	0.01072	0.41410	0.02425	0.20316	0.01711	0.01665	0.01191	0.00724	0.00615	0.00176	0.00627	0.00559	0.00632	0.16640
58	0.07590	0.01176	0.01508	0.01164	0.01659	0.01080	0.00961	0.09527	0.01917	0.62853	0.02355	0.02069	0.01498	0.00785	0.00634	0.00199	0.00562	0.00625	0.00761	0.01076
59	0.01654	0.01125	0.01293	0.01114	0.01439	0.01169	0.00885	0.16864	0.17045	0.12393	0.20479	0.03526	0.10003	0.03030	0.00772	0.00222	0.00497	0.04963	0.00672	0.00856
60	0.01186	0.00753	0.00923	0.00952	0.01099	0.00745	0.00691	0.06178	0.05700	0.07623	0.03072	0.48016	0.03308	0.01581	0.00737	0.00235	0.00417	0.03901	0.12229	0.00653
61	0.81856	0.01250	0.00950	0.00850	0.01250	0.01449	0.00700	0.01899	0.01100	0.02899	0.00900	0.01050	0.00700	0.00600	0.00400	0.00200	0.00500	0.00350	0.00400	0.00700
62	0.01770	0.01009	0.01232	0.01050	0.01360	0.00985	0.00823	0.16694	0.01968	0.22154	0.21949	0.14996	0.06378	0.01171	0.00707	0.00209	0.00471	0.00999	0.03243	0.00832
63	0.01061	0.00677	0.00854	0.00896	0.01007	0.00643	0.00632	0.03286	0.01370	0.07210	0.08769	0.40802	0.07346	0.13816	0.01186	0.00306	0.00443	0.06034	0.03082	0.00579
64	0.01607	0.01388	0.01461	0.01315	0.01680	0.01607	0.01023	0.03433	0.72094	0.02703	0.02630	0.02411	0.01972	0.00877	0.00657	0.00219	0.00511	0.00731	0.00657	0.01023
65	0.00908	0.00660	0.00854	0.00806	0.00961	0.00607	0.00604	0.01206	0.01813	0.02553	0.69967	0.04888	0.09073	0.01335	0.00762	0.00204	0.00306	0.01177	0.00706	0.00607
66	0.00818	0.00602	0.00757	0.00855	0.00939	0.00555	0.00596	0.00961	0.01329	0.01743	0.10015	0.49650	0.16678	0.06088	0.00950	0.00272	0.00388	0.05674	0.00598	0.00533
67	0.00835	0.00593	0.00788	0.00926	0.00977	0.00564	0.00647	0.00965	0.01250	0.01660	0.03427	0.61489	0.04050	0.07646	0.01020	0.00295	0.00425	0.11335	0.00583	0.00525
68	0.00954	0.00682	0.00941	0.01091	0.01201	0.00669	0.00890	0.01188	0.01402	0.01836	0.03469	0.31121	0.03909	0.01867	0.00869	0.00285	0.00520	0.45939	0.00597	0.00571
69	0.00924	0.00687	0.01014	0.01014	0.01121	0.00794	0.00777	0.01138	0.01031	0.01482	0.01753	0.02663	0.01669	0.10195	0.69457	0.01008	0.01649	0.00711	0.00349	0.00563
70	0.00955	0.00629	0.00788	0.00847	0.00895	0.00613	0.00559	0.01040	0.01137	0.03973	0.02761	0.33045	0.03174	0.36483	0.04217	0.00453	0.00556	0.06882	0.00503	0.00491
71	0.01607	0.01388	0.01461	0.01315	0.01680	0.01607	0.01023	0.03433	0.72094	0.02703	0.02630	0.02411	0.01972	0.00877	0.00657	0.00219	0.00511	0.00731	0.00657	0.01023
72	0.00787	0.00562	0.00750	0.00900	0.00937	0.00525	0.00600	0.00900	0.01237	0.01649	0.03561	0.76871	0.04274	0.02024	0.00825	0.00262	0.00375	0.01837	0.00600	0.00525
73	0.01220	0.01148	0.01938	0.75739	0.04450	0.01436	0.01794	0.01651	0.01292	0.01651	0.01148	0.01723	0.00861	0.00646	0.00646	0.00215	0.00861	0.00574	0.00287	0.00718
74	0.02218	0.01208	0.01420	0.01157	0.01532	0.03673	0.00920	0.19060	0.01916	0.33569	0.02124	0.04546	0.01615	0.09113	0.08623	0.00328	0.00723	0.00693	0.04642	0.00918
75	0.02456	0.01810	0.01939	0.01487	0.02004	0.02004	0.01228	0.71107	0.03038	0.04072	0.01551	0.01551	0.01099	0.00776	0.00646	0.00194	0.00711	0.00582	0.00646	0.01099
76	0.81856	0.01250	0.00950	0.00850	0.01250	0.01449	0.00700	0.01899	0.01100	0.02899	0.00900	0.01050	0.00700	0.00600	0.00400	0.00200	0.00500	0.00350	0.00400	0.00700
77	0.00891	0.00660	0.00831	0.00788	0.00951	0.00600	0.00591	0.01173	0.01773	0.02458	0.62490	0.05045	0.16610	0.01371	0.00762	0.00206	0.00308	0.01199	0.00694	0.00600
78	0.01347	0.01216	0.01938	0.68102	0.04199	0.01494	0.01736	0.08795	0.01472	0.01900	0.01190	0.01705	0.00886	0.00659	0.00646	0.00213	0.00846	0.00575	0.00324	0.00757
79	0.01052	0.00867	0.01190	0.06469	0.04115	0.00842	0.04337	0.03496	0.03720	0.02085	0.17542	0.07510	0.24196	0.01373	0.00766	0.00229	0.00498	0.16120	0.00571	0.03021
80	0.04115	0.00758	0.01014	0.03176	0.01153	0.00737	0.00679	0.02977	0.01136	0.08930	0.03953	0.05502	0.01555	0.07460	0.04561	0.42505	0.00594	0.00658	0.00397	0.08142
81	0.00890	0.00677	0.00821	0.00782	0.00958	0.00617	0.00587	0.01195	0.03497	0.02361	0.52879	0.05149	0.24413	0.01397	0.00760	0.00208	0.00316	0.01211	0.00679	0.00602
82	0.02899	0.01100	0.01499	0.01150	0.01649	0.00950	0.00950	0.03149	0.01849	0.73709	0.02549	0.02199	0.01599	0.00800	0.00650	0.00200	0.00550	0.00650	0.00800	0.01100
83	0.00897	0.00615	0.00747	0.00786	0.00809	0.00612	0.00485	0.00953	0.01052	0.01416	0.04399	0.23719	0.02917	0.49366	0.07976	0.00548	0.00633	0.01169	0.00453	0.00448
84	0.01368	0.00743	0.00946	0.00894	0.01114	0.00661	0.00674	0.01573	0.01564	0.20363	0.17118	0.25722	0.17654	0.01449	0.00744	0.00223	0.00399	0.02652	0.03443	0.00697
85	0.02088	0.01239	0.01450	0.01183	0.01568	0.01272	0.00961	0.28433	0.04354	0.22174	0.11897	0.02772	0.02223	0.03582	0.00758	0.00217	0.00563	0.05592	0.06743	0.00931
86	0.09680	0.01307	0.01523	0.01206	0.01673	0.01323	0.00987	0.20083	0.10239	0.38930	0.02143	0.01965	0.01438	0.00783	0.00620	0.00199	0.00572	0.00613	0.03680	0.01036
87	0.00890	0.00630	0.00797	0.00850	0.00971	0.00574	0.00612	0.01076	0.01468	0.04052	0.22543	0.39022	0.17678	0.01717	0.00794	0.00238	0.00362	0.04519	0.00635	0.00571
88	0.05864	0.00731	0.00784	0.00745	0.00947	0.00734	0.00584	0.04015	0.01478	0.07576	0.07205	0.02828	0.02051	0.00867	0.00525	0.00173	0.00367	0.05777	0.56089	0.00660
89	0.00940	0.00626	0.00705	0.00705	0.00705	0.00626	0.00392	0.00940	0.00940	0.01253	0.02036	0.04228	0.02349	0.77292	0.03289	0.00626	0.00626	0.00940	0.00392	0.00392
90	0.02471	0.01075	0.01396	0.01113	0.01555	0.00978	0.00905	0.02905	0.10134	0.55758	0.07414	0.02670	0.06817	0.00900	0.00666	0.00204	0.00514	0.00742	0.00763	0.01021
91	0.00867	0.00650	0.00796	0.00776	0.00931	0.00587	0.00571	0.01110	0.01660	0.02255	0.48088	0.10942	0.22764	0.04089	0.00855	0.00226	0.00327	0.01264	0.00663	0.00579
92	0.01296	0.03342	0.73944	0.01842	0.02797	0.01501	0.02387	0.02046	0.01364	0.02046	0.01160	0.01364	0.00818	0.00614	0.00614	0.00205	0.00955	0.00477	0.00273	0.00955
93	0.02414	0.03079	0.01831	0.01665	0.01998	0.74698	0.01248	0.02580	0.01831	0.01581	0.00999	0.01165	0.00832	0.00666	0.00583	0.00166	0.01165	0.00416	0.00333	0.00749
94	0.02467	0.01792	0.01928	0.01478	0.01995	0.01977	0.01221	0.69399	0.03008	0.05822	0.01576	0.01568	0.01111	0.00776	0.00646	0.00194	0.00707	0.00583	0.00650	0.01099
95	0.00933	0.00652	0.00835	0.00835	0.00880	0.00697	0.00554	0.01023	0.00978	0.01349	0.01917	0.03570	0.02063	0.49079	0.31111	0.00787	0.01056	0.00843	0.00374	0.00464
96	0.00914	0.00660	0.00864	0.00813	0.00965	0.00610	0.00610	0.01219	0.01829	0.02591	0.72921	0.04827	0.06097	0.01321	0.00762	0.00203	0.00305	0.01169	0.00711	0.00610
97	0.01607	0.01388	0.01461	0.01315	0.01680	0.01607	0.01023	0.03433	0.72094	0.02703	0.02630	0.02411	0.01972	0.00877	0.00657	0.00219	0.00511	0.00731	0.00657	0.01023
98	0.00764	0.00655	0.00655	0.00655	0.00873	0.00545	0.00491	0.00927	0.01473	0.01745	0.06546	0.06218	0.73000	0.01636	0.00764	0.00218	0.00327	0.01364	0.00600	0.00545
99	0.02456	0.01810	0.01939	0.01487	0.02004	0.02004	0.01228	0.71107	0.03038	0.04072	0.01551	0.01551	0.01099	0.00776	0.00646	0.00194	0.00711	0.00582	0.00646	0.01099
100	0.01220	0.01148	0.01938	0.75739	0.04450	0.01436	0.01794	0.01651	0.01292	0.01651	0.01148	0.01723	0.00861	0.00646	0.00646	0.00215	0.00861	0.00574	0.00287	0.00718
101	0.00923	0.00692	0.01038	0.01038	0.01154	0.00808	0.00808	0.01154	0.01038	0.01500	0.01731	0.02538	0.01615	0.04846	0.74732	0.01038	0.01731	0.00692	0.00346	0.00577
102	0.00764	0.00655	0.00655	0.00655	0.00873	0.00545	0.00491	0.00927	0.01473	0.01745	0.06546	0.06218	0.73000	0.01636	0.00764	0.00218	0.00327	0.01364	0.00600	0.00545
103	0.00787	0.00562	0.00750	0.00900	0.00937	0.00525	0.00600	0.00900	0.01237	0.01649	0.03561	0.76871	0.04274	0.02024	0.00825	0.00262	0.00375	0.01837	0.00600	0.00525
104	0.00787	0.00562	0.00750	0.00900	0.00937	0.00525	0.00600	0.00900	0.01237	0.01649	0.03561	0.76871	0.04274	0.02024	0.00825	0.00262	0.00375	0.01837	0.00600	0.00525
105	0.01727	0.77681	0.03386	0.01106	0.01658	0.02557	0.01106	0.01935	0.01313	0.01520	0.00898	0.01036	0.00829	0.00553	0.00415	0.00138	0.00691	0.00345	0.00276	0.00829
106	0.02747	0.01343	0.01650	0.01265	0.01771	0.01311	0.01045	0.26455	0.02257	0.49828	0.02207	0.01977	0.01428	0.00791	0.00649	0.00198	0.00605	0.00626	0.00747	0.01099
107	0.01340	0.01148	0.01340	0.00957	0.01531	0.00861	0.00766	0.01627	0.01340	0.02105	0.01148	0.01340	0.00957	0.00479	0.00479	0.00096	0.00479	0.00383	0.00383	0.81242
108	0.00813	0.00581	0.00780	0.00930	0.00978	0.00547	0.00645	0.00945	0.01263	0.01679	0.03547	0.69712	0.04216	0.02000	0.00832	0.00266	0.00398	0.08737	0.00599	0.00532
109	0.00881	0.00672	0.00831	0.00922	0.01075	0.00622	0.00737	0.01089	0.01431	0.01803	0.04667	0.21017	0.30830	0.01776	0.00828	0.00259	0.00446	0.28953	0.00598	0.00561
110	0.00924	0.00618	0.00720	0.00739	0.00761	0.00609	0.00441	0.00973	0.01064	0.01451	0.07396	0.15382	0.02892	0.57573	0.02629	0.00523	0.00553	0.01082	0.03235	0.00435
111	0.00940	0.00626	0.00705	0.00705	0.00705	0.00626	0.00392	0.00940	0.00940	0.01253	0.02036	0.04228	0.02349	0.77292	0.03289	0.00626	0.00626	0.00940	0.00392	0.00392
112	0.00768	0.00655	0.00660	0.00659	0.00875	0.00547	0.00494	0.00935	0.01482	0.01767	0.08263	0.06182	0.71268	0.01628	0.00764	0.00218	0.00327	0.01359	0.00603	0.00547
113	0.02874	0.01140	0.01525	0.01169	0.01670	0.01010	0.00966	0.07049	0.01918	0.69713	0.02492	0.02162	0.01571	0.00798	0.00650	0.00200	0.00559	0.00646	0.00791	0.01100
114	0.05091	0.01104	0.01421	0.01125	0.01559	0.01016	0.00907	0.09264	0.01836	0.55205	0.02433	0.07102	0.01749	0.06100	0.00833	0.00233	0.00557	0.00731	0.00732	0.01001
115	0.02681	0.01260	0.01578	0.01223	0.01710	0.01207	0.01005	0.18473	0.05243	0.52623	0.04481	0.02143	0.01640	0.00814	0.00653	0.00200	0.00577	0.00654	0.00756	0.01081
116	0.01722	0.00839	0.01122	0.00950	0.01244	0.00748	0.00748	0.02004	0.01837	0.31527	0.44289	0.03758	0.04267	0.01109	0.00716	0.00202	0.00405	0.00957	0.00747	0.00809
117	0.00923	0.00692	0.01038	0.01038	0.01154	0.00808	0.00808	0.01154	0.01038	0.01500	0.01731	0.02538	0.01615	0.04846	0.74732	0.01038	0.01731	0.00692	0.00346	0.00577
118	0.02422	0.01519	0.01696	0.01315	0.01789	0.01614	0.01081	0.48212	0.02587	0.19683	0.01837	0.01790	0.01272	0.00779	0.00626	0.00191	0.00630	0.00599	0.09311	0.01046
119	0.00937	0.00637	0.00756	0.00756	0.00774	0.00654	0.00456	0.00973	0.00955	0.01291	0.01989	0.03967	0.02236	0.66102	0.14324	0.00690	0.00797	0.00901	0.00385	0.00420
120	0.01599	0.01535	0.02623	0.03966	0.73262	0.01535	0.01983	0.01983	0.01471	0.02111	0.01215	0.01599	0.01023	0.00576	0.00640	0.00192	0.00768	0.00576	0.00320	0.01023
121	0.01466	0.01399	0.02382	0.29184	0.49084	0.01500	0.01917	0.01866	0.01408	0.01949	0.01192	0.01643	0.00967	0.00600	0.00642	0.00200	0.00801	0.00575	0.00308	0.00916
122	0.01032	0.00759	0.01041	0.01018	0.01142	0.00853	0.00769	0.06416	0.01192	0.01673	0.01893	0.08177	0.01870	0.13983	0.54132	0.00862	0.01406	0.00801	0.00394	0.00588
123	0.01305	0.03276	0.71051	0.01878	0.02820	0.01506	0.05215	0.02047	0.01371	0.02047	0.01166	0.01380	0.00825	0.00611	0.00620	0.00205	0.00960	0.00489	0.00275	0.00951
124	0.00890	0.00708	0.00821	0.00906	0.01021	0.02774	0.00655	0.01101	0.03569	0.01793	0.08687	0.44913	0.19150	0.01793	0.00802	0.00248	0.00410	0.08594	0.00601	0.00564
125	0.00961	0.00742	0.01070	0.01053	0.01142	0.00876	0.00805	0.01153	0.01033	0.01486	0.01778	0.06352	0.01761	0.12207	0.56967	0.00889	0.08036	0.00765	0.00358	0.00566
126	0.01425	0.01252	0.01732	0.01454	0.08782	0.01040	0.07784	0.01742	0.01373	0.03898	0.01197	0.01429	0.00979	0.00523	0.00577	0.00126	0.02915	0.00451	0.00379	0.60942
127	0.01896	0.01480	0.02083	0.01634	0.02109	0.01551	0.17676	0.14923	0.30455	0.13080	0.02248	0.02201	0.03978	0.00795	0.00683	0.00212	0.00683	0.00722	0.00595	0.00995
128	0.28621	0.14408	0.07084	0.01195	0.01576	0.19650	0.01029	0.01941	0.01322	0.02020	0.01155	0.04534	0.01067	0.07679	0.00821	0.00227	0.04101	0.00500	0.00356	0.00718
129	0.02180	0.01673	0.01784	0.01431	0.01899	0.01875	0.01161	0.49126	0.25469	0.03627	0.01902	0.01830	0.01383	0.00808	0.00650	0.00202	0.00646	0.00630	0.00650	0.01074
130	0.00976	0.00633	0.00806	0.00843	0.00913	0.00616	0.00578	0.03007	0.01172	0.01552	0.02899	0.25745	0.12485	0.13423	0.04001	0.23182	0.00517	0.03482	0.02708	0.00462
131	0.06776	0.01769	0.02214	0.10117	0.10880	0.17565	0.16307	0.05745	0.03432	0.12533	0.01479	0.03919	0.01145	0.00691	0.00644	0.00197	0.00859	0.00616	0.00431	0.02683
132	0.05711	0.01557	0.01741	0.01357	0.01837	0.01674	0.01118	0.49015	0.02564	0.18253	0.01744	0.01738	0.01224	0.01074	0.06107	0.00258	0.00744	0.00594	0.00646	0.01044
133	0.00997	0.00780	0.01176	0.01111	0.01259	0.00834	0.05816	0.04028	0.01204	0.01667	0.02254	0.18748	0.04282	0.09437	0.42472	0.00719	0.01220	0.00980	0.00423	0.00593
134	0.01514	0.01443	0.02455	0.15656	0.59468	0.01494	0.01911	0.01900	0.01427	0.02014	0.01222	0.01652	0.01017	0.00735	0.03198	0.00225	0.00816	0.00579	0.00315	0.00958
135	0.01884	0.01129	0.01357	0.01142	0.01473	0.01193	0.00910	0.20505	0.07530	0.19366	0.02005	0.02260	0.01546	0.05876	0.19710	0.00431	0.00869	0.00659	0.09286	0.00868
136	0.00787	0.00562	0.00750	0.00900	0.00937	0.00525	0.00600	0.00900	0.01237	0.01649	0.03561	0.76871	0.04274	0.02024	0.00825	0.00262	0.00375	0.01837	0.00600	0.00525
137	0.01219	0.00705	0.00909	0.00911	0.01057	0.00655	0.00645	0.01418	0.03366	0.14497	0.12920	0.40301	0.05883	0.11074	0.01087	0.00286	0.00430	0.01376	0.00626	0.00636
138	0.05875	0.01072	0.01350	0.01119	0.01506	0.01016	0.00895	0.09759	0.04234	0.43302	0.04611	0.13616	0.02147	0.03149	0.00750	0.00225	0.00533	0.03190	0.00710	0.00941
139	0.01717	0.01325	0.01427	0.01267	0.01636	0.01497	0.00990	0.03320	0.62003	0.09709	0.02599	0.02390	0.01921	0.00864	0.00648	0.00214	0.00506	0.00717	0.04241	0.01012
140	0.81856	0.01250	0.00950	0.00850	0.01250	0.01449	0.00700	0.01899	0.01100	0.02899	0.00900	0.01050	0.00700	0.00600	0.00400	0.00200	0.00500	0.00350	0.00400	0.00700
141	0.00849	0.00646	0.00782	0.00813	0.00960	0.00584	0.00606	0.01056	0.01523	0.01997	0.26263	0.20724	0.28578	0.03536	0.00853	0.00241	0.00366	0.08433	0.00629	0.00563
142	0.08034	0.01121	0.01403	0.01102	0.01546	0.01047	0.00896	0.09482	0.01830	0.53419	0.02281	0.02191	0.01537	0.05339	0.00778	0.00222	0.00552	0.00637	0.05583	0.01000
143	0.00787	0.00562	0.00750	0.00900	0.00937	0.00525	0.00600	0.00900	0.01237	0.01649	0.03561	0.76871	0.04274	0.02024	0.00825	0.00262	0.00375	0.01837	0.00600	0.00525
144	0.81856	0.01250	0.00950	0.00850	0.01250	0.01449	0.00700	0.01899	0.01100	0.02899	0.00900	0.01050	0.00700	0.00600	0.00400	0.00200	0.00500	0.00350	0.00400	0.00700
145	0.00898	0.00632	0.00828	0.00945	0.01008	0.00614	0.00688	0.01042	0.01247	0.01648	0.03180	0.39615	0.03678	0.18638	0.01392	0.00354	0.00498	0.22027	0.00552	0.00517
146	0.02877	0.01135	0.01522	0.01167	0.01667	0.01003	0.00964	0.06559	0.01909	0.70215	0.02499	0.02167	0.01574	0.00799	0.00650	0.00200	0.00558	0.00646	0.00792	0.01100
147	0.01903	0.01050	0.01308	0.01108	0.01444	0.01026	0.00888	0.15377	0.04141	0.26867	0.21785	0.09899	0.03143	0.01123	0.00714	0.00213	0.00500	0.05928	0.00709	0.00874
148	0.02474	0.01781	0.01921	0.01473	0.01989	0.01960	0.01217	0.68303	0.02989	0.06945	0.01592	0.01578	0.01119	0.00777	0.00647	0.00194	0.00704	0.00585	0.00653	0.01099
149	0.02573	0.01622	0.01823	0.01398	0.01910	0.01726	0.01155	0.53174	0.02724	0.22449	0.01815	0.01722	0.01231	0.00782	0.00647	0.00195	0.00668	0.00600	0.00687	0.01099
150	0.01599	0.01535	0.02623	0.03966	0.73262	0.01535	0.01983	0.01983	0.01471	0.02111	0.01215	0.01599	0.01023	0.00576	0.00640	0.00192	0.00768	0.00576	0.00320	0.01023
151	0.01122	0.00561	0.00842	0.00842	0.00842	0.00561	0.00561	0.00842	0.00842	0.01122	0.01122	0.01964	0.01122	0.02245	0.02525	0.81201	0.00561	0.00561	0.00281	0.00281
152	0.00914	0.00660	0.00864	0.00813	0.00965	0.00610	0.00610	0.01219	0.01829	0.02591	0.72921	0.04827	0.06097	0.01321	0.00762	0.00203	0.00305	0.01169	0.00711	0.00610
153	0.81856	0.01250	0.00950	0.00850	0.01250	0.01449	0.00700	0.01899	0.01100	0.02899	0.00900	0.01050	0.00700	0.00600	0.00400	0.00200	0.00500	0.00350	0.00400	0.00700
154	0.00819	0.00576	0.00740	0.00859	0.00889	0.00546	0.00556	0.00908	0.01175	0.01567	0.03244	0.61761	0.03873	0.17680	0.01337	0.00338	0.00427	0.01650	0.00556	0.00497
155	0.00940	0.00626	0.00705	0.00705	0.00705	0.00626	0.00392	0.00940	0.00940	0.01253	0.02036	0.04228	0.02349	0.77292	0.03289	0.00626	0.00626	0.00940	0.00392	0.00392
156	0.01607	0.01388	0.01461	0.01315	0.01680	0.01607	0.01023	0.03433	0.72094	0.02703	0.02630	0.02411	0.01972	0.00877	0.00657	0.00219	0.00511	0.00731	0.00657	0.01023
157	0.00855	0.00649	0.00762	0.00747	0.00899	0.00583	0.00540	0.01061	0.01560	0.02069	0.36272	0.09296	0.30127	0.10465	0.01065	0.00262	0.00355	0.01250	0.00626	0.00556
158	0.10664	0.01162	0.01453	0.01145	0.01622	0.01093	0.00939	0.04939	0.08601	0.57822	0.02364	0.02087	0.01532	0.00786	0.00625	0.00202	0.00546	0.00626	0.00742	0.01052
159	0.01122	0.00561	0.00842	0.00842	0.00842	0.00561	0.00561	0.00842	0.00842	0.01122	0.01122	0.01964	0.01122	0.02245	0.02525	0.81201	0.00561	0.00561	0.00281	0.00281
160	0.00855	0.00658	0.00782	0.00751	0.00929	0.00585	0.00563	0.01105	0.01690	0.02260	0.46944	0.05371	0.32280	0.01444	0.00763	0.00209	0.00314	0.01245	0.00668	0.00585
161	0.81856	0.01250	0.00950	0.00850	0.01250	0.01449	0.00700	0.01899	0.01100	0.02899	0.00900	0.01050	0.00700	0.00600	0.00400	0.00200	0.00500	0.00350	0.00400	0.00700
162	0.01052	0.00645	0.00850	0.00902	0.01021	0.00589	0.00636	0.01213	0.01414	0.10190	0.14465	0.53019	0.08024	0.01750	0.00791	0.00243	0.00382	0.01568	0.00641	0.00606
163	0.00797	0.00570	0.00758	0.00893	0.00939	0.00531	0.00601	0.00923	0.01281	0.01719	0.08682	0.71552	0.04408	0.01972	0.00820	0.00258	0.00370	0.01788	0.00608	0.00531
164	0.01391	0.00782	0.00802	0.00734	0.00939	0.00811	0.00567	0.11887	0.01606	0.02657	0.02025	0.02281	0.01573	0.00756	0.00481	0.00157	0.00362	0.00599	0.68912	0.00676
165	0.01107	0.00708	0.00845	0.00797	0.01015	0.00618	0.00602	0.01319	0.01607	0.11932	0.25709	0.12811	0.35580	0.01467	0.00754	0.00216	0.00356	0.01257	0.00661	0.00639
166	0.01055	0.00576	0.00823	0.00846	0.00865	0.00567	0.00571	0.00876	0.00944	0.01247	0.01770	0.11278	0.04624	0.06466	0.02236	0.60760	0.00535	0.03277	0.00349	0.00338
167	0.01312	0.01273	0.02247	0.56743	0.14963	0.01472	0.09311	0.01748	0.01345	0.01767	0.01176	0.01706	0.00899	0.00624	0.00658	0.00212	0.00872	0.00595	0.00296	0.00782
168	0.00787	0.00565	0.00747	0.00892	0.00935	0.00525	0.00596	0.00901	0.01244	0.01652	0.03652	0.74722	0.06363	0.02012	0.00823	0.00261	0.00373	0.01822	0.00600	0.00525
169	0.01113	0.00571	0.00846	0.00852	0.00858	0.00571	0.00576	0.00865	0.00871	0.01160	0.01245	0.02253	0.01267	0.04526	0.02481	0.75393	0.00565	0.03393	0.00297	0.00297
170	0.00930	0.00622	0.00708	0.00717	0.00720	0.00620	0.00405	0.00937	0.00959	0.01279	0.02135	0.08941	0.02474	0.72409	0.03129	0.00603	0.00610	0.00998	0.00405	0.00400
171	0.01194	0.06663	0.01551	0.01286	0.01515	0.00993	0.10590	0.01453	0.01345	0.04226	0.02489	0.04860	0.02597	0.16678	0.07636	0.00400	0.00773	0.32647	0.00479	0.00627
172	0.00811	0.00640	0.00731	0.00742	0.00910	0.00560	0.00544	0.01006	0.01534	0.01971	0.25041	0.18007	0.41983	0.01613	0.00774	0.00222	0.00329	0.01389	0.00632	0.00560
