[name]
unknown

[dist]
# distance from previous block
# <min> <max>
0	2

[block]
# block no. 0 follows, 32 sequences, length 25
# corresponding to MSA columns:
# 2-26
name=unknown_A
#
# <colnr> <probs for GDERKNQSTAVLIFYWHMCP>
#	G	D	E	R	K	N	Q	S	T	A	V	L	I	F	Y	W	H	M	C	P
0	0.01237	0.00752	0.00996	0.00911	0.01118	0.00688	0.00703	0.01545	0.01885	0.12190	0.59063	0.04767	0.05573	0.01322	0.00782	0.00215	0.00366	0.04439	0.00745	0.00702
1	0.00950	0.00686	0.00897	0.00844	0.01002	0.00633	0.00633	0.01266	0.01899	0.02691	0.71879	0.05012	0.06331	0.01372	0.00791	0.00211	0.00317	0.01213	0.00739	0.00633
2	0.00846	0.00605	0.00806	0.00933	0.00993	0.00566	0.00642	0.00998	0.01380	0.01859	0.13132	0.63553	0.04678	0.01992	0.00850	0.00265	0.00388	0.04315	0.00639	0.00560
3	0.02506	0.03198	0.01901	0.01729	0.02074	0.73725	0.01296	0.02679	0.01901	0.01642	0.01037	0.01210	0.00864	0.00691	0.00605	0.00173	0.01210	0.00432	0.00346	0.00778
4	0.01391	0.01193	0.01391	0.00994	0.01590	0.00894	0.00795	0.01690	0.01391	0.02186	0.01193	0.01391	0.00994	0.00497	0.00497	0.00099	0.00497	0.00398	0.00398	0.80521
5	0.02506	0.03198	0.01901	0.01729	0.02074	0.73725	0.01296	0.02679	0.01901	0.01642	0.01037	0.01210	0.00864	0.00691	0.00605	0.00173	0.01210	0.00432	0.00346	0.00778
6	0.02506	0.03198	0.01901	0.01729	0.02074	0.73725	0.01296	0.02679	0.01901	0.01642	0.01037	0.01210	0.00864	0.00691	0.00605	0.00173	0.01210	0.00432	0.00346	0.00778
7	0.01166	0.00583	0.00874	0.00874	0.00874	0.00583	0.00583	0.00874	0.00874	0.01166	0.01166	0.02040	0.01166	0.02331	0.02622	0.80478	0.00583	0.00583	0.00291	0.00291
8	0.01468	0.01468	0.02055	0.01762	0.01762	0.02055	0.01468	0.01615	0.01028	0.01615	0.00881	0.01468	0.00881	0.01174	0.02202	0.00294	0.75191	0.00587	0.00294	0.00734
9	0.01166	0.00583	0.00874	0.00874	0.00874	0.00583	0.00583	0.00874	0.00874	0.01166	0.01166	0.02040	0.01166	0.02331	0.02622	0.80478	0.00583	0.00583	0.00291	0.00291
10	0.00939	0.00685	0.00882	0.00833	0.00996	0.00629	0.00625	0.01246	0.01874	0.02631	0.67486	0.05110	0.10761	0.01394	0.00791	0.00212	0.00318	0.01227	0.00731	0.00629
11	0.04968	0.64855	0.08776	0.01223	0.01813	0.05617	0.01242	0.02046	0.01382	0.01681	0.00959	0.01109	0.00855	0.00586	0.00454	0.00153	0.00752	0.00373	0.00294	0.00862
12	0.01634	0.01567	0.02675	0.08963	0.67599	0.01587	0.02046	0.02036	0.01515	0.02159	0.01257	0.01669	0.01051	0.00603	0.00665	0.00201	0.00804	0.00598	0.00330	0.01041
13	0.02506	0.03198	0.01901	0.01729	0.02074	0.73725	0.01296	0.02679	0.01901	0.01642	0.01037	0.01210	0.00864	0.00691	0.00605	0.00173	0.01210	0.00432	0.00346	0.00778
14	0.01669	0.01441	0.01517	0.01365	0.01745	0.01669	0.01062	0.03565	0.71021	0.02807	0.02731	0.02503	0.02048	0.00910	0.00683	0.00228	0.00531	0.00759	0.00683	0.01062
15	0.00816	0.00590	0.00772	0.00917	0.00969	0.00546	0.00615	0.00936	0.01301	0.01720	0.03911	0.71216	0.09066	0.02075	0.00852	0.00269	0.00386	0.01874	0.00623	0.00546
16	0.03981	0.01455	0.06485	0.01303	0.04857	0.01129	0.03304	0.08243	0.01565	0.02401	0.01234	0.01430	0.00994	0.00546	0.00538	0.00129	0.00589	0.00445	0.00411	0.58963
17	0.01166	0.00583	0.00874	0.00874	0.00874	0.00583	0.00583	0.00874	0.00874	0.01166	0.01166	0.02040	0.01166	0.02331	0.02622	0.80478	0.00583	0.00583	0.00291	0.00291
18	0.01954	0.01583	0.01678	0.01423	0.01853	0.01802	0.01131	0.25042	0.49081	0.03267	0.02369	0.02215	0.01755	0.00876	0.00679	0.00219	0.00598	0.00709	0.00679	0.01088
19	0.01654	0.02171	0.17794	0.06070	0.38820	0.08967	0.10637	0.02134	0.01542	0.02097	0.01236	0.01586	0.00985	0.00615	0.00669	0.00204	0.00927	0.00584	0.00323	0.00986
20	0.06364	0.23782	0.27244	0.05687	0.02407	0.03846	0.05040	0.08803	0.03610	0.05504	0.01265	0.01426	0.00958	0.00652	0.00580	0.00192	0.00835	0.00494	0.00372	0.00939
21	0.00959	0.00716	0.01062	0.01062	0.01176	0.00830	0.00819	0.01188	0.01074	0.01546	0.01812	0.02718	0.01713	0.08363	0.70478	0.01058	0.01744	0.00731	0.00362	0.00590
22	0.00946	0.00654	0.00818	0.00900	0.00944	0.00641	0.00614	0.01047	0.01191	0.01578	0.02919	0.28172	0.03375	0.37221	0.02082	0.00459	0.00559	0.14866	0.00519	0.00494
23	0.02018	0.02915	0.19209	0.02044	0.05668	0.39527	0.12470	0.02463	0.03907	0.01900	0.01192	0.01416	0.00932	0.00661	0.00648	0.00194	0.01105	0.00522	0.00340	0.00871
24	0.14856	0.11672	0.19198	0.14645	0.04702	0.05474	0.07259	0.06207	0.03407	0.02243	0.01277	0.03910	0.01029	0.00695	0.00602	0.00205	0.00830	0.00559	0.00364	0.00867

[dist]
# distance from previous block
# <min> <max>
6	20

[block]
# block no. 1 follows, 32 sequences, length 37
# corresponding to MSA columns:
# 47-83
name=unknown_B
#
# <colnr> <probs for GDERKNQSTAVLIFYWHMCP>
#	G	D	E	R	K	N	Q	S	T	A	V	L	I	F	Y	W	H	M	C	P
0	0.03918	0.01476	0.07922	0.14775	0.28359	0.01400	0.01599	0.04245	0.06332	0.02195	0.06325	0.06984	0.07320	0.00894	0.00739	0.00218	0.03208	0.00780	0.00427	0.00885
1	0.00913	0.00686	0.00831	0.00816	0.00969	0.00639	0.00602	0.01132	0.01570	0.02097	0.32921	0.05295	0.25347	0.12517	0.07163	0.00355	0.00508	0.04445	0.00619	0.00577
2	0.01382	0.01523	0.12421	0.12357	0.16901	0.01272	0.06090	0.01957	0.07932	0.04777	0.19557	0.02891	0.04465	0.00909	0.00715	0.00216	0.00691	0.02591	0.00489	0.00865
3	0.00894	0.00713	0.00884	0.00989	0.05166	0.00641	0.00662	0.01106	0.01575	0.02057	0.23890	0.22059	0.33651	0.01637	0.00800	0.00231	0.00372	0.01426	0.00638	0.00609
4	0.01472	0.01536	0.09858	0.01437	0.05260	0.03737	0.01168	0.04909	0.34244	0.02639	0.20460	0.05391	0.02984	0.01012	0.00708	0.00219	0.00568	0.00861	0.00619	0.00918
5	0.01825	0.01914	0.09197	0.11164	0.25224	0.06186	0.11762	0.17256	0.04352	0.02565	0.01378	0.01665	0.01057	0.00669	0.00680	0.00207	0.00879	0.00613	0.00413	0.00996
6	0.00983	0.00733	0.00892	0.00870	0.01040	0.00686	0.00643	0.05195	0.01763	0.02385	0.39263	0.20428	0.19482	0.01565	0.00799	0.00227	0.00362	0.01370	0.00685	0.00630
7	0.03937	0.06914	0.10938	0.01648	0.06189	0.11371	0.01376	0.25956	0.13079	0.04935	0.05763	0.01850	0.01499	0.00788	0.00645	0.00200	0.00768	0.00608	0.00538	0.00999
8	0.02190	0.01949	0.04199	0.02139	0.17346	0.10487	0.03756	0.38806	0.02473	0.03253	0.05601	0.01776	0.01385	0.00767	0.00672	0.00199	0.00804	0.00621	0.00540	0.01038
9	0.00916	0.00674	0.00789	0.00768	0.00947	0.00605	0.00573	0.01171	0.01698	0.02320	0.39471	0.07967	0.29536	0.01464	0.00765	0.00214	0.00327	0.01259	0.07931	0.00605
10	0.02097	0.01856	0.06650	0.04248	0.08311	0.06514	0.04028	0.28019	0.21161	0.07331	0.01861	0.01874	0.01363	0.00785	0.00672	0.00209	0.00745	0.00639	0.00582	0.01056
11	0.81159	0.01298	0.00986	0.00882	0.01298	0.01505	0.00727	0.01972	0.01142	0.03010	0.00934	0.01090	0.00727	0.00623	0.00415	0.00208	0.00519	0.00363	0.00415	0.00727
12	0.01794	0.76823	0.03516	0.01148	0.01722	0.02655	0.01148	0.02009	0.01363	0.01579	0.00933	0.01076	0.00861	0.00574	0.00431	0.00144	0.00718	0.00359	0.00287	0.00861
13	0.02551	0.01879	0.02014	0.01544	0.02081	0.02081	0.01275	0.69996	0.03155	0.04229	0.01611	0.01611	0.01141	0.00805	0.00671	0.00201	0.00738	0.00604	0.00671	0.01141
14	0.02377	0.02982	0.01921	0.01733	0.02035	0.64795	0.01318	0.02547	0.01793	0.01639	0.01018	0.01242	0.00866	0.00752	0.00804	0.00188	0.10428	0.00451	0.00339	0.00772
15	0.00950	0.00686	0.00897	0.00844	0.01002	0.00633	0.00633	0.01266	0.01899	0.02691	0.71879	0.05012	0.06331	0.01372	0.00791	0.00211	0.00317	0.01213	0.00739	0.00633
16	0.02517	0.01863	0.01994	0.01537	0.02068	0.02065	0.01267	0.67427	0.05779	0.04174	0.01654	0.01645	0.01176	0.00810	0.00672	0.00202	0.00730	0.00610	0.00672	0.01138
17	0.01584	0.01810	0.03959	0.02828	0.03507	0.01697	0.69796	0.02149	0.01584	0.02149	0.01357	0.01810	0.01018	0.00566	0.00792	0.00226	0.01131	0.00792	0.00339	0.00905
18	0.01267	0.01193	0.02013	0.74806	0.04621	0.01491	0.01863	0.01714	0.01342	0.01714	0.01193	0.01789	0.00894	0.00671	0.00671	0.00224	0.00894	0.00596	0.00298	0.00745
19	0.01661	0.01594	0.02724	0.04119	0.72233	0.01594	0.02059	0.02059	0.01528	0.02192	0.01262	0.01661	0.01063	0.00598	0.00664	0.00199	0.00797	0.00598	0.00332	0.01063
20	0.81159	0.01298	0.00986	0.00882	0.01298	0.01505	0.00727	0.01972	0.01142	0.03010	0.00934	0.01090	0.00727	0.00623	0.00415	0.00208	0.00519	0.00363	0.00415	0.00727
21	0.01658	0.01602	0.02767	0.04073	0.69806	0.01598	0.04452	0.02062	0.01530	0.02191	0.01265	0.01666	0.01061	0.00597	0.00669	0.00200	0.00809	0.00605	0.00332	0.01057
22	0.01225	0.01001	0.01205	0.00937	0.01368	0.00796	0.00734	0.01530	0.01583	0.02377	0.27889	0.02759	0.03010	0.00827	0.00608	0.00142	0.00429	0.00706	0.00526	0.50349
23	0.00793	0.00680	0.00680	0.00680	0.00906	0.00566	0.00510	0.00963	0.01529	0.01813	0.06797	0.06457	0.71961	0.01699	0.00793	0.00227	0.00340	0.01416	0.00623	0.00566
24	0.01251	0.00625	0.00625	0.00625	0.00782	0.00625	0.00469	0.01563	0.01407	0.02502	0.02189	0.02502	0.01720	0.00782	0.00469	0.00156	0.00313	0.00625	0.80144	0.00625
25	0.00959	0.00719	0.01078	0.01078	0.01198	0.00839	0.00839	0.01198	0.01078	0.01558	0.01797	0.02636	0.01677	0.05032	0.73760	0.01078	0.01797	0.00719	0.00359	0.00599
26	0.00975	0.00655	0.00752	0.00752	0.00759	0.00662	0.00432	0.00989	0.00982	0.01316	0.02095	0.04287	0.02394	0.72198	0.07575	0.00676	0.00718	0.00961	0.00404	0.00418
27	0.01794	0.76823	0.03516	0.01148	0.01722	0.02655	0.01148	0.02009	0.01363	0.01579	0.00933	0.01076	0.00861	0.00574	0.00431	0.00144	0.00718	0.00359	0.00287	0.00861
28	0.00816	0.00589	0.00774	0.00922	0.00970	0.00546	0.00617	0.00936	0.01297	0.01718	0.03849	0.72590	0.07731	0.02083	0.00853	0.00270	0.00387	0.01884	0.00623	0.00546
29	0.01844	0.07353	0.05069	0.04095	0.05211	0.20984	0.23016	0.02177	0.01543	0.04592	0.01261	0.03674	0.01058	0.00770	0.00954	0.00217	0.14356	0.00634	0.00353	0.00841
30	0.00858	0.00625	0.00813	0.00920	0.01006	0.00580	0.00651	0.01028	0.01429	0.01906	0.15106	0.52208	0.11107	0.01924	0.00846	0.00261	0.00391	0.07130	0.00641	0.00567
31	0.10661	0.08949	0.17433	0.01715	0.06284	0.01720	0.08127	0.16640	0.09692	0.06966	0.01731	0.01814	0.03872	0.00740	0.00631	0.00206	0.00759	0.00603	0.00480	0.00978
32	0.00959	0.00664	0.00814	0.00874	0.00924	0.00651	0.00594	0.01058	0.01193	0.01577	0.04692	0.19072	0.05593	0.42413	0.02257	0.00482	0.00574	0.14613	0.00507	0.00487
33	0.05024	0.23274	0.09391	0.01563	0.06612	0.06829	0.03603	0.10469	0.08747	0.10552	0.06375	0.01805	0.01499	0.00738	0.00598	0.00189	0.00729	0.00574	0.00481	0.00949
34	0.01328	0.00825	0.01029	0.00928	0.01165	0.00767	0.00711	0.06243	0.01880	0.12842	0.41327	0.11053	0.14522	0.01367	0.00772	0.00218	0.00393	0.01185	0.00720	0.00725
35	0.01751	0.01630	0.09261	0.05000	0.16070	0.03917	0.14620	0.05639	0.05098	0.13384	0.10261	0.06591	0.02003	0.00847	0.00714	0.00214	0.00766	0.00791	0.00507	0.00937
36	0.01059	0.00703	0.00897	0.00860	0.01037	0.00636	0.00640	0.01321	0.01756	0.07569	0.47344	0.15681	0.14977	0.01488	0.00793	0.00222	0.00349	0.01307	0.00712	0.00648

[dist]
# distance from previous block
# <min> <max>
0	27

[block]
# block no. 2 follows, 32 sequences, length 19
# corresponding to MSA columns:
# 111-129
name=unknown_C
#
# <colnr> <probs for GDERKNQSTAVLIFYWHMCP>
#	G	D	E	R	K	N	Q	S	T	A	V	L	I	F	Y	W	H	M	C	P
0	0.08568	0.22921	0.18859	0.01758	0.09456	0.08518	0.04146	0.02351	0.08587	0.06894	0.01357	0.01486	0.01050	0.00658	0.00574	0.00190	0.00805	0.00502	0.00387	0.00935
1	0.01386	0.04843	0.43094	0.01671	0.02405	0.01386	0.06998	0.04759	0.01535	0.04545	0.04195	0.07042	0.07445	0.00876	0.00680	0.00214	0.00828	0.02250	0.00399	0.03448
2	0.01165	0.08277	0.07750	0.02976	0.01510	0.05584	0.03886	0.01499	0.04061	0.02032	0.19104	0.23605	0.13231	0.01368	0.00743	0.00223	0.00551	0.01191	0.00552	0.00692
3	0.04709	0.01406	0.10180	0.01131	0.01531	0.03824	0.01011	0.12044	0.03712	0.14555	0.08385	0.06715	0.07220	0.00962	0.00637	0.00200	0.00559	0.00782	0.19590	0.00849
4	0.01744	0.10209	0.19303	0.07147	0.08664	0.07313	0.01600	0.10939	0.10677	0.04929	0.06046	0.01846	0.01454	0.00771	0.00716	0.00206	0.04447	0.00598	0.00445	0.00947
5	0.81159	0.01298	0.00986	0.00882	0.01298	0.01505	0.00727	0.01972	0.01142	0.03010	0.00934	0.01090	0.00727	0.00623	0.00415	0.00208	0.00519	0.00363	0.00415	0.00727
6	0.01817	0.03721	0.01948	0.04852	0.19253	0.04746	0.01344	0.18457	0.22163	0.02803	0.07523	0.02230	0.01823	0.03414	0.00767	0.00223	0.00681	0.00695	0.00548	0.00993
7	0.00849	0.00650	0.00778	0.00814	0.00958	0.00580	0.00585	0.01045	0.01560	0.02046	0.25504	0.29071	0.29673	0.01734	0.00814	0.00237	0.00349	0.01518	0.00658	0.00580
8	0.01695	0.03736	0.15742	0.04709	0.05132	0.06128	0.03892	0.19853	0.08888	0.02682	0.07239	0.06906	0.05789	0.00961	0.00697	0.00216	0.00741	0.03557	0.00521	0.00918
9	0.00864	0.00677	0.00781	0.00767	0.00953	0.00595	0.00571	0.01095	0.01679	0.02195	0.35392	0.09707	0.39174	0.01577	0.00796	0.00222	0.00332	0.01354	0.00674	0.00595
10	0.01455	0.01307	0.01421	0.01036	0.01618	0.05064	0.00824	0.01746	0.01421	0.02155	0.01184	0.01381	0.00986	0.00508	0.00503	0.00104	0.00538	0.00400	0.00395	0.75956
11	0.01346	0.03471	0.72942	0.01912	0.02904	0.01558	0.02479	0.02125	0.01417	0.02125	0.01204	0.01417	0.00850	0.00637	0.00637	0.00212	0.00992	0.00496	0.00283	0.00992
12	0.00941	0.00636	0.00742	0.00776	0.00784	0.00628	0.00454	0.00967	0.01043	0.01391	0.02459	0.19970	0.02874	0.60246	0.02858	0.00568	0.00594	0.01179	0.00454	0.00437
13	0.01246	0.00812	0.01089	0.01147	0.01345	0.00793	0.00967	0.01604	0.04558	0.08739	0.12714	0.08969	0.07273	0.01655	0.00866	0.00278	0.00548	0.44059	0.00657	0.00683
14	0.01468	0.01468	0.02055	0.01762	0.01762	0.02055	0.01468	0.01615	0.01028	0.01615	0.00881	0.01468	0.00881	0.01174	0.02202	0.00294	0.75191	0.00587	0.00294	0.00734
15	0.01794	0.76823	0.03516	0.01148	0.01722	0.02655	0.01148	0.02009	0.01363	0.01579	0.00933	0.01076	0.00861	0.00574	0.00431	0.00144	0.00718	0.00359	0.00287	0.00861
16	0.01422	0.16009	0.61075	0.01782	0.02702	0.01746	0.02252	0.02105	0.01408	0.02032	0.01158	0.01358	0.00852	0.00627	0.00602	0.00201	0.00945	0.00472	0.00284	0.00969
17	0.01813	0.18563	0.08252	0.03307	0.04551	0.01858	0.03906	0.20900	0.15125	0.02693	0.01992	0.02187	0.05387	0.00829	0.00631	0.00200	0.00696	0.03150	0.02999	0.00960
18	0.05075	0.54226	0.10899	0.01245	0.01852	0.04977	0.01261	0.04317	0.01443	0.01839	0.01011	0.01163	0.00874	0.00589	0.00473	0.00153	0.00742	0.00388	0.00316	0.07156

[dist]
# distance from previous block
# <min> <max>
0	1

[block]
# block no. 3 follows, 32 sequences, length 6
# corresponding to MSA columns:
# 131-136
name=unknown_D
#
# <colnr> <probs for GDERKNQSTAVLIFYWHMCP>
#	G	D	E	R	K	N	Q	S	T	A	V	L	I	F	Y	W	H	M	C	P
0	0.06927	0.02679	0.49573	0.05913	0.02580	0.01400	0.01982	0.01940	0.01365	0.02117	0.01337	0.05046	0.01076	0.00950	0.04860	0.00256	0.00925	0.00564	0.00325	0.08187
1	0.00898	0.00738	0.00800	0.00789	0.01010	0.00665	0.00604	0.01220	0.06287	0.02052	0.18196	0.05994	0.51174	0.01596	0.00793	0.00229	0.00365	0.05327	0.00648	0.00615
2	0.01496	0.01625	0.07253	0.16249	0.14506	0.06149	0.15114	0.05195	0.07153	0.02117	0.01959	0.11540	0.04866	0.00895	0.00718	0.00222	0.00825	0.00839	0.00420	0.00860
3	0.01176	0.00866	0.01054	0.01017	0.01220	0.00894	0.00781	0.06523	0.08097	0.02161	0.07396	0.15098	0.08037	0.05503	0.17363	0.00435	0.00769	0.07265	0.09049	0.05296
4	0.01756	0.09617	0.09893	0.09647	0.09890	0.08803	0.12015	0.12491	0.09271	0.02421	0.06399	0.01887	0.01465	0.00731	0.00664	0.00203	0.00840	0.00638	0.00439	0.00930
5	0.44346	0.12846	0.01682	0.01123	0.01579	0.01736	0.04118	0.15110	0.01605	0.02951	0.01176	0.01326	0.00913	0.00660	0.00489	0.00194	0.00605	0.00448	0.06265	0.00828

[dist]
# distance from previous block
# <min> <max>
2	4

[block]
# block no. 4 follows, 32 sequences, length 35
# corresponding to MSA columns:
# 141-175
name=unknown_E
#
# <colnr> <probs for GDERKNQSTAVLIFYWHMCP>
#	G	D	E	R	K	N	Q	S	T	A	V	L	I	F	Y	W	H	M	C	P
0	0.04243	0.16598	0.32476	0.04180	0.07248	0.01767	0.01779	0.10134	0.04146	0.07761	0.02774	0.01572	0.01113	0.00682	0.00606	0.00198	0.00816	0.00526	0.00403	0.00980
1	0.01293	0.01248	0.01508	0.01337	0.01427	0.07158	0.03579	0.01425	0.01201	0.01601	0.02292	0.08187	0.12231	0.18810	0.01995	0.00353	0.32435	0.00892	0.00399	0.00629
2	0.01630	0.09259	0.20499	0.05812	0.08133	0.01632	0.07789	0.11753	0.08687	0.04608	0.01598	0.04101	0.01279	0.01214	0.08765	0.00304	0.00931	0.00640	0.00426	0.00939
3	0.11935	0.10627	0.10057	0.06265	0.06784	0.07727	0.08961	0.04791	0.05053	0.10379	0.03335	0.04043	0.01304	0.00725	0.00614	0.00197	0.00769	0.00600	0.00443	0.05392
4	0.00964	0.04907	0.01228	0.01075	0.01249	0.00788	0.06884	0.01171	0.01454	0.01920	0.14437	0.42276	0.13862	0.01701	0.00810	0.00246	0.00462	0.03354	0.00597	0.00614
5	0.00905	0.00671	0.00843	0.00828	0.00982	0.00610	0.00610	0.01169	0.01752	0.02406	0.51379	0.14889	0.17421	0.01527	0.00800	0.00222	0.00330	0.01343	0.00703	0.00610
6	0.01601	0.01912	0.10919	0.24661	0.25506	0.12279	0.04408	0.02076	0.03636	0.01992	0.03804	0.01755	0.01175	0.00675	0.00664	0.00207	0.00899	0.00595	0.00344	0.00894
7	0.01901	0.12503	0.06490	0.06139	0.16120	0.06640	0.09869	0.12922	0.08517	0.07603	0.01580	0.04011	0.01252	0.00730	0.00651	0.00201	0.00807	0.00634	0.00456	0.00976
8	0.01426	0.07108	0.24034	0.01893	0.04916	0.01491	0.19693	0.04138	0.04191	0.02261	0.11310	0.04635	0.01893	0.00803	0.00731	0.00212	0.02867	0.00740	0.04780	0.00877
9	0.01029	0.00665	0.00778	0.00774	0.00808	0.00652	0.00464	0.01075	0.01112	0.03864	0.08226	0.10345	0.02912	0.61254	0.02885	0.00566	0.00597	0.01064	0.00467	0.00462
10	0.01035	0.00716	0.00931	0.00932	0.01086	0.00698	0.00689	0.01319	0.04133	0.05932	0.24874	0.24313	0.12761	0.02268	0.14720	0.00396	0.00644	0.01292	0.00622	0.00638
11	0.01383	0.01372	0.07038	0.04067	0.01817	0.00971	0.00971	0.01725	0.01391	0.02162	0.01194	0.01410	0.00978	0.00515	0.00515	0.00113	0.00552	0.00413	0.00385	0.71029
12	0.01777	0.06242	0.06232	0.08066	0.29829	0.01573	0.03776	0.14578	0.01811	0.07511	0.01854	0.07273	0.04874	0.00822	0.00675	0.00207	0.00742	0.00726	0.00459	0.00975
13	0.00882	0.00626	0.00774	0.00841	0.00901	0.00591	0.00551	0.00998	0.01304	0.01744	0.13612	0.38718	0.09507	0.23943	0.01599	0.00372	0.00452	0.01490	0.00576	0.00519
14	0.01181	0.01039	0.01476	0.26482	0.04928	0.03262	0.01229	0.01556	0.04103	0.02019	0.19486	0.13946	0.03019	0.01302	0.03141	0.00262	0.05779	0.04599	0.00493	0.00699
15	0.05935	0.02156	0.23992	0.01886	0.10540	0.03663	0.03780	0.15394	0.03762	0.19836	0.01669	0.01714	0.01161	0.00718	0.00651	0.00207	0.00793	0.00580	0.00518	0.01045
16	0.01601	0.10310	0.10367	0.01157	0.01572	0.01207	0.01047	0.02159	0.12575	0.16682	0.13006	0.11672	0.11644	0.01129	0.00696	0.00214	0.00546	0.00947	0.00610	0.00858
17	0.00832	0.00594	0.00795	0.00951	0.00996	0.00557	0.00648	0.00959	0.01299	0.01729	0.03690	0.72262	0.04407	0.02089	0.00860	0.00274	0.00402	0.05485	0.00623	0.00549
18	0.05333	0.00693	0.00830	0.00918	0.01019	0.00686	0.00639	0.04537	0.01388	0.02022	0.03228	0.57716	0.03684	0.01769	0.00768	0.00249	0.00403	0.01576	0.11947	0.00596
19	0.01854	0.01910	0.11180	0.04928	0.22090	0.06827	0.21438	0.05315	0.01673	0.11467	0.01490	0.01751	0.01107	0.00648	0.00689	0.00207	0.00903	0.00641	0.02902	0.00978
20	0.00959	0.00719	0.01078	0.01078	0.01198	0.00839	0.00839	0.01198	0.01078	0.01558	0.01797	0.02636	0.01677	0.05032	0.73760	0.01078	0.01797	0.00719	0.00359	0.00599
21	0.01584	0.01810	0.03959	0.02828	0.03507	0.01697	0.69796	0.02149	0.01584	0.02149	0.01357	0.01810	0.01018	0.00566	0.00792	0.00226	0.01131	0.00792	0.00339	0.00905
22	0.01806	0.18642	0.02404	0.01683	0.08298	0.06683	0.09333	0.10881	0.08148	0.04491	0.05188	0.01734	0.01387	0.00680	0.00600	0.00173	0.00725	0.00568	0.00449	0.16127
23	0.02014	0.49733	0.06005	0.01215	0.01776	0.02153	0.01165	0.02443	0.08890	0.16569	0.01494	0.01495	0.01154	0.00666	0.00518	0.00169	0.00679	0.00473	0.00442	0.00947
24	0.00818	0.00584	0.00779	0.00934	0.00973	0.00545	0.00623	0.00934	0.01285	0.01713	0.03698	0.75981	0.04438	0.02102	0.00856	0.00273	0.00389	0.01908	0.00623	0.00545
25	0.00813	0.00658	0.00723	0.00755	0.00931	0.00568	0.00548	0.00984	0.01506	0.01870	0.12091	0.22650	0.50033	0.01764	0.00808	0.00236	0.00349	0.01513	0.00634	0.00568
26	0.01839	0.13991	0.25087	0.09139	0.12771	0.06621	0.01760	0.02340	0.03600	0.14484	0.01458	0.01607	0.01067	0.00671	0.00618	0.00198	0.00838	0.00534	0.00405	0.00971
27	0.01822	0.02618	0.40336	0.01833	0.02623	0.01602	0.09480	0.14983	0.04314	0.11611	0.01537	0.01647	0.01070	0.00695	0.00667	0.00212	0.00889	0.00581	0.00446	0.01032
28	0.01468	0.01468	0.02055	0.01762	0.01762	0.02055	0.01468	0.01615	0.01028	0.01615	0.00881	0.01468	0.00881	0.01174	0.02202	0.00294	0.75191	0.00587	0.00294	0.00734
29	0.09685	0.01827	0.01920	0.01484	0.02010	0.02029	0.01226	0.63822	0.02972	0.04118	0.01550	0.01564	0.01103	0.00789	0.00648	0.00202	0.00718	0.00582	0.00648	0.01103
30	0.05664	0.01619	0.02594	0.14320	0.37854	0.03933	0.12110	0.07407	0.03822	0.02314	0.01316	0.01683	0.01044	0.00635	0.00671	0.00208	0.00849	0.00616	0.00370	0.00970
31	0.04345	0.60574	0.03057	0.01158	0.01684	0.02366	0.01107	0.04237	0.04248	0.04652	0.01158	0.01309	0.01003	0.00917	0.05557	0.00218	0.00773	0.00421	0.00347	0.00867
32	0.00850	0.00615	0.00803	0.00896	0.00977	0.00569	0.00619	0.01020	0.01455	0.01967	0.21166	0.53891	0.08897	0.01893	0.00836	0.00254	0.00368	0.01703	0.00652	0.00569
33	0.08791	0.01782	0.05837	0.05313	0.07943	0.01660	0.54275	0.02111	0.01526	0.02214	0.01302	0.01721	0.00985	0.00579	0.00740	0.00222	0.01040	0.00723	0.00342	0.00897
34	0.01601	0.10470	0.06677	0.01888	0.02336	0.05651	0.23986	0.08066	0.01632	0.02162	0.05806	0.02483	0.04229	0.00905	0.00960	0.00228	0.12908	0.06763	0.00413	0.00837

[dist]
# distance from previous block
# <min> <max>
0	5

# created by:
# /home/berkeley/.conda/envs/busco_data_prod/bin/msa2prfl.pl pipeline/OGs_align_augustus/4893/37755.fs
