[name]
unknown

[dist]
# distance from previous block
# <min> <max>
0	1

[block]
# block no. 0 follows, 31 sequences, length 12
# corresponding to MSA columns:
# 1-12
name=unknown_A
#
# <colnr> <probs for GDERKNQSTAVLIFYWHMCP>
#	G	D	E	R	K	N	Q	S	T	A	V	L	I	F	Y	W	H	M	C	P
0	0.33306	0.01087	0.01222	0.11693	0.01847	0.01198	0.01022	0.01844	0.01444	0.08032	0.08491	0.03533	0.02272	0.01081	0.00664	0.00243	0.00598	0.19156	0.00528	0.00737
1	0.01196	0.00759	0.00943	0.00921	0.00977	0.04313	0.00634	0.01085	0.01197	0.01588	0.17819	0.02879	0.02486	0.05911	0.02170	0.52972	0.00566	0.00759	0.00414	0.00411
2	0.01193	0.00721	0.00906	0.00908	0.00925	0.03726	0.00597	0.00992	0.00979	0.01266	0.01499	0.06791	0.01593	0.14768	0.02616	0.58472	0.00622	0.00735	0.00339	0.00354
3	0.04819	0.01307	0.01466	0.01129	0.01639	0.01186	0.00895	0.16247	0.04312	0.02662	0.01615	0.08288	0.01437	0.03083	0.00674	0.00166	0.00557	0.00620	0.00498	0.47400
4	0.01488	0.01057	0.01327	0.01393	0.09887	0.01104	0.00862	0.16820	0.01554	0.02097	0.01740	0.03010	0.01754	0.34916	0.02333	0.16096	0.00689	0.00781	0.00444	0.00646
5	0.11842	0.07772	0.02014	0.01643	0.07464	0.10258	0.01236	0.38745	0.02411	0.03299	0.01438	0.01659	0.01129	0.05191	0.00790	0.00225	0.00780	0.00568	0.00540	0.00996
6	0.07558	0.04725	0.05408	0.14275	0.23116	0.14432	0.01650	0.16268	0.01903	0.02524	0.01271	0.01548	0.00995	0.00686	0.00641	0.00202	0.00877	0.00550	0.00410	0.00961
7	0.06740	0.01945	0.07839	0.02732	0.27817	0.04989	0.12090	0.22341	0.02049	0.02872	0.01374	0.01627	0.01055	0.00677	0.00679	0.00208	0.00864	0.00612	0.00446	0.01044
8	0.01853	0.04904	0.10772	0.02291	0.18113	0.11982	0.09020	0.08017	0.08834	0.05281	0.01585	0.05016	0.01298	0.00767	0.00724	0.00207	0.03230	0.00655	0.00437	0.05014
9	0.06616	0.13033	0.24316	0.01953	0.11037	0.08379	0.03540	0.15059	0.03391	0.02547	0.03132	0.01557	0.01126	0.00697	0.00623	0.00199	0.00863	0.00539	0.00408	0.00984
10	0.04279	0.21165	0.12983	0.01825	0.09700	0.01807	0.08893	0.08068	0.05729	0.05137	0.04050	0.01909	0.01376	0.00724	0.00621	0.00193	0.00770	0.03119	0.00427	0.07227
11	0.05292	0.07553	0.16593	0.04468	0.08745	0.04227	0.07019	0.12821	0.01788	0.05258	0.03744	0.01839	0.03864	0.00715	0.00635	0.00190	0.00782	0.00593	0.00439	0.13435

[dist]
# distance from previous block
# <min> <max>
0	17

[block]
# block no. 1 follows, 31 sequences, length 29
# corresponding to MSA columns:
# 30-58
name=unknown_B
#
# <colnr> <probs for GDERKNQSTAVLIFYWHMCP>
#	G	D	E	R	K	N	Q	S	T	A	V	L	I	F	Y	W	H	M	C	P
0	0.01790	0.07986	0.08190	0.06708	0.11517	0.01539	0.05813	0.10685	0.09944	0.09765	0.02010	0.04921	0.04275	0.00834	0.00671	0.00204	0.00716	0.02711	0.00507	0.09215
1	0.03455	0.16881	0.16993	0.01640	0.02257	0.06716	0.13081	0.06453	0.01652	0.04244	0.06708	0.04514	0.01522	0.00741	0.00634	0.00190	0.00819	0.00633	0.00412	0.10456
2	0.06688	0.10095	0.12268	0.05824	0.06874	0.07068	0.07666	0.07265	0.04140	0.13752	0.03562	0.01939	0.04010	0.00747	0.00642	0.00200	0.00785	0.00615	0.00479	0.05383
3	0.07558	0.16294	0.29117	0.04187	0.06339	0.04950	0.11720	0.02075	0.01504	0.02150	0.06793	0.01724	0.01346	0.00687	0.00630	0.00203	0.00884	0.00578	0.00351	0.00910
4	0.04059	0.03867	0.07853	0.11261	0.10550	0.03315	0.04108	0.06488	0.06886	0.10339	0.01529	0.01705	0.01151	0.00659	0.00619	0.00181	0.00718	0.00553	0.00458	0.23700
5	0.03587	0.01527	0.11214	0.01745	0.02244	0.01197	0.24376	0.01839	0.01637	0.05781	0.19452	0.09264	0.02832	0.00993	0.00760	0.00222	0.00745	0.03525	0.00510	0.06550
6	0.01236	0.00900	0.01094	0.01034	0.01285	0.00820	0.00765	0.08166	0.01577	0.04886	0.03145	0.42195	0.07431	0.01566	0.00765	0.00228	0.00470	0.03788	0.00598	0.18049
7	0.01860	0.01596	0.02130	0.01810	0.05289	0.01736	0.13640	0.12418	0.42900	0.05460	0.02299	0.02250	0.01708	0.00832	0.00714	0.00226	0.00697	0.00747	0.00620	0.01068
8	0.02560	0.03134	0.01949	0.01745	0.02116	0.66537	0.01320	0.08991	0.02059	0.01922	0.01112	0.01272	0.00908	0.00716	0.00623	0.00179	0.01189	0.00457	0.00384	0.00828
9	0.01058	0.00792	0.01147	0.01123	0.01266	0.00918	0.00877	0.04604	0.01205	0.01723	0.01823	0.02636	0.01683	0.04917	0.69646	0.01055	0.01779	0.00727	0.00382	0.00638
10	0.02368	0.01706	0.01858	0.01470	0.01963	0.01874	0.01199	0.49060	0.14509	0.08581	0.06646	0.02080	0.01717	0.00880	0.00695	0.00211	0.00676	0.00690	0.00702	0.01115
11	0.05797	0.01359	0.02077	0.25768	0.25777	0.01416	0.01620	0.02150	0.03938	0.11344	0.01476	0.01784	0.01117	0.00664	0.00647	0.00201	0.00751	0.00587	0.00420	0.11108
12	0.80789	0.01323	0.01006	0.00900	0.01323	0.01535	0.00741	0.02011	0.01164	0.03070	0.00953	0.01111	0.00741	0.00635	0.00423	0.00212	0.00529	0.00370	0.00423	0.00741
13	0.01611	0.01776	0.03721	0.06797	0.15150	0.01702	0.54381	0.02153	0.01592	0.02176	0.01359	0.01819	0.01039	0.00588	0.00779	0.00226	0.01083	0.00764	0.00343	0.00942
14	0.01621	0.01551	0.02646	0.16878	0.59577	0.01606	0.02064	0.02036	0.01523	0.02147	0.01274	0.01717	0.01053	0.00623	0.00679	0.00208	0.00831	0.00609	0.00332	0.01025
15	0.00861	0.00682	0.00767	0.00787	0.00946	0.00624	0.00563	0.01012	0.01385	0.01725	0.05165	0.14392	0.43767	0.13106	0.10740	0.00414	0.00595	0.01347	0.00568	0.00555
16	0.00834	0.00595	0.00794	0.00953	0.00992	0.00556	0.00635	0.00953	0.01310	0.01746	0.03771	0.75510	0.04525	0.02143	0.00873	0.00278	0.00397	0.01945	0.00635	0.00556
17	0.00864	0.00615	0.00819	0.00971	0.01020	0.00580	0.00667	0.00995	0.01321	0.01756	0.03692	0.66657	0.04391	0.05102	0.00985	0.00297	0.00428	0.07656	0.00626	0.00557
18	0.01426	0.03175	0.58059	0.02200	0.05946	0.01614	0.13658	0.02168	0.01478	0.02174	0.01256	0.01522	0.00904	0.00636	0.00677	0.00218	0.01027	0.00560	0.00301	0.00999
19	0.01829	0.76368	0.03585	0.01171	0.01756	0.02707	0.01171	0.02049	0.01390	0.01610	0.00951	0.01097	0.00878	0.00585	0.00439	0.00146	0.00732	0.00366	0.00293	0.00878
20	0.01701	0.01477	0.01604	0.01522	0.05018	0.01698	0.01130	0.03564	0.67261	0.02833	0.02715	0.02513	0.02042	0.00913	0.00695	0.00231	0.00554	0.00766	0.00680	0.01083
21	0.01674	0.04703	0.08835	0.11026	0.26460	0.05825	0.01641	0.06696	0.05184	0.02286	0.01332	0.01615	0.01064	0.00635	0.00626	0.00183	0.00780	0.00544	0.00386	0.18507
22	0.01419	0.01216	0.01419	0.01013	0.01621	0.00912	0.00811	0.01723	0.01419	0.02229	0.01216	0.01419	0.01013	0.00507	0.00507	0.00101	0.00507	0.00405	0.00405	0.80139
23	0.01451	0.01381	0.02326	0.45038	0.29731	0.01583	0.01958	0.01876	0.01426	0.01927	0.01230	0.01762	0.00976	0.00677	0.00745	0.00222	0.03886	0.00608	0.00317	0.00881
24	0.00995	0.00663	0.00746	0.00746	0.00746	0.00663	0.00415	0.00995	0.00995	0.01327	0.02156	0.04477	0.02487	0.75957	0.03482	0.00663	0.00663	0.00995	0.00415	0.00415
25	0.05310	0.15171	0.04260	0.01670	0.04269	0.28279	0.06359	0.07867	0.03380	0.14990	0.01458	0.01534	0.01091	0.00708	0.00616	0.00188	0.00922	0.00526	0.00467	0.00934
26	0.08859	0.20835	0.02155	0.01360	0.01836	0.19994	0.01128	0.08993	0.12484	0.07082	0.01473	0.01525	0.01151	0.00707	0.00569	0.00179	0.00784	0.00498	0.00467	0.07920
27	0.01677	0.17738	0.40391	0.01756	0.02564	0.05067	0.05804	0.10045	0.01672	0.02289	0.01222	0.01411	0.00920	0.00650	0.00613	0.00196	0.00922	0.00501	0.00347	0.04216
28	0.02062	0.01461	0.01599	0.01404	0.04170	0.04459	0.01070	0.27912	0.11199	0.13669	0.02858	0.12337	0.10543	0.01117	0.00724	0.00221	0.00623	0.00921	0.00672	0.00981

[dist]
# distance from previous block
# <min> <max>
3	7

[block]
# block no. 2 follows, 31 sequences, length 105
# corresponding to MSA columns:
# 66-121,131-179
name=unknown_C
#
# <colnr> <probs for GDERKNQSTAVLIFYWHMCP>
#	G	D	E	R	K	N	Q	S	T	A	V	L	I	F	Y	W	H	M	C	P
0	0.05493	0.05659	0.02042	0.13466	0.19309	0.10868	0.01448	0.07367	0.01686	0.04210	0.09154	0.04450	0.01726	0.00834	0.00770	0.00208	0.05939	0.00671	0.00435	0.04266
1	0.02049	0.01914	0.11918	0.02217	0.12593	0.01672	0.16649	0.22297	0.04073	0.11880	0.04626	0.01931	0.01405	0.00744	0.00712	0.00214	0.00839	0.00683	0.00530	0.01053
2	0.01651	0.01758	0.02880	0.11480	0.10087	0.09163	0.33021	0.05673	0.01683	0.02170	0.01833	0.02163	0.07480	0.00723	0.00736	0.00213	0.00966	0.00750	0.00389	0.05182
3	0.01539	0.09890	0.55052	0.01782	0.02664	0.01672	0.02174	0.02368	0.08496	0.05962	0.01440	0.01573	0.01037	0.00683	0.00637	0.00211	0.00914	0.00530	0.00361	0.01014
4	0.01651	0.01852	0.12806	0.25252	0.05258	0.01737	0.14574	0.14215	0.05486	0.02423	0.01388	0.01749	0.01042	0.00736	0.00827	0.00228	0.06808	0.00640	0.00400	0.00926
5	0.06320	0.05546	0.05759	0.01431	0.01983	0.03595	0.07373	0.08717	0.03793	0.42827	0.02300	0.02145	0.03418	0.00808	0.00672	0.00210	0.00691	0.00666	0.00681	0.01068
6	0.02019	0.01824	0.01780	0.01535	0.01946	0.13400	0.03324	0.20891	0.32016	0.02954	0.02237	0.02596	0.01798	0.00950	0.00709	0.00224	0.00740	0.07432	0.00619	0.01006
7	0.00890	0.00629	0.00790	0.00896	0.00941	0.00598	0.00590	0.00988	0.01249	0.01650	0.03488	0.48881	0.07560	0.22541	0.01595	0.00384	0.00479	0.04757	0.00574	0.00521
8	0.01672	0.01649	0.04481	0.17225	0.46390	0.05415	0.03983	0.02084	0.01566	0.04428	0.03668	0.01827	0.01233	0.00664	0.00683	0.00208	0.00846	0.00627	0.00362	0.00987
9	0.01619	0.14015	0.21384	0.08032	0.11056	0.05148	0.17448	0.02150	0.03144	0.03988	0.01413	0.04998	0.01159	0.00704	0.00670	0.00209	0.00927	0.00649	0.00354	0.00933
10	0.03070	0.01164	0.01588	0.01217	0.01746	0.01006	0.01006	0.03334	0.01958	0.72163	0.02699	0.02329	0.01694	0.00847	0.00688	0.00212	0.00582	0.00688	0.00847	0.01164
11	0.01114	0.00610	0.00887	0.00920	0.00943	0.00601	0.00631	0.00949	0.01047	0.01400	0.04988	0.14866	0.02141	0.02266	0.02191	0.58671	0.00550	0.04457	0.00393	0.00375
12	0.01924	0.32520	0.11864	0.02025	0.15230	0.16245	0.03348	0.05831	0.01641	0.01972	0.01119	0.01330	0.00935	0.00634	0.00569	0.00177	0.00894	0.00470	0.00335	0.00934
13	0.02146	0.01663	0.01776	0.01469	0.01933	0.01872	0.01179	0.33297	0.38201	0.05460	0.02267	0.02136	0.01660	0.00878	0.00691	0.00219	0.00638	0.00700	0.00695	0.01122
14	0.00874	0.00688	0.00789	0.00781	0.00969	0.00603	0.00579	0.01103	0.01690	0.02197	0.32326	0.11544	0.40157	0.01633	0.00813	0.00228	0.00341	0.01402	0.00682	0.00603
15	0.05997	0.05512	0.02112	0.14911	0.05227	0.07429	0.04706	0.28682	0.13275	0.03025	0.01608	0.01748	0.01200	0.00763	0.00661	0.00210	0.00795	0.00611	0.00529	0.00998
16	0.01236	0.00746	0.01114	0.03274	0.07898	0.00740	0.00798	0.01146	0.01135	0.03309	0.06142	0.04786	0.05542	0.04213	0.02075	0.51575	0.00591	0.02826	0.00386	0.00467
17	0.05581	0.10395	0.16217	0.02467	0.22494	0.12072	0.07565	0.08868	0.03888	0.02333	0.01281	0.01522	0.01009	0.00658	0.00638	0.00200	0.00904	0.00550	0.00376	0.00983
18	0.01810	0.73254	0.06528	0.01204	0.01807	0.02659	0.01229	0.02054	0.01392	0.01633	0.00963	0.01112	0.00877	0.00588	0.00448	0.00149	0.00744	0.00372	0.00292	0.00884
19	0.00994	0.00664	0.00751	0.00750	0.00754	0.00663	0.00421	0.01004	0.01023	0.01369	0.04235	0.04496	0.02607	0.73715	0.03402	0.00650	0.00653	0.01002	0.00425	0.00421
20	0.02324	0.01853	0.01929	0.01552	0.02022	0.05510	0.01260	0.46778	0.19067	0.03692	0.01846	0.01832	0.01356	0.00861	0.00769	0.00215	0.04737	0.00644	0.00650	0.01104
21	0.00933	0.00665	0.00817	0.00868	0.00942	0.00624	0.00572	0.01045	0.01282	0.01725	0.09494	0.35581	0.07419	0.27844	0.01764	0.00398	0.00491	0.03056	0.00559	0.03920
22	0.09141	0.07184	0.28752	0.01832	0.02570	0.01670	0.14933	0.11084	0.01753	0.12475	0.01479	0.01622	0.01046	0.00680	0.00656	0.00212	0.00882	0.00583	0.00444	0.01002
23	0.01704	0.01637	0.02558	0.17552	0.51710	0.04932	0.01982	0.05711	0.01628	0.02227	0.01282	0.01695	0.01045	0.00640	0.00676	0.00207	0.00848	0.00602	0.00351	0.01012
24	0.00862	0.00617	0.00824	0.00966	0.01023	0.00578	0.00667	0.01011	0.01378	0.01846	0.09181	0.65345	0.04641	0.02067	0.00873	0.00275	0.00406	0.06228	0.00644	0.00568
25	0.01741	0.01341	0.01472	0.01308	0.01670	0.01492	0.01018	0.08930	0.47297	0.08018	0.09410	0.08558	0.02598	0.01056	0.00719	0.00230	0.00530	0.00892	0.00707	0.01011
26	0.07425	0.01876	0.12192	0.01634	0.02209	0.01664	0.08347	0.31721	0.02304	0.12605	0.01876	0.02376	0.01463	0.00883	0.00704	0.00223	0.00780	0.08098	0.00591	0.01029
27	0.00857	0.00735	0.00739	0.00731	0.00970	0.00638	0.00550	0.01125	0.05275	0.01903	0.06707	0.06367	0.67672	0.01689	0.00803	0.00231	0.00357	0.01408	0.00639	0.00605
28	0.01419	0.01216	0.01419	0.01013	0.01621	0.00912	0.00811	0.01723	0.01419	0.02229	0.01216	0.01419	0.01013	0.00507	0.00507	0.00101	0.00507	0.00405	0.00405	0.80139
29	0.01275	0.00638	0.00638	0.00638	0.00797	0.00638	0.00478	0.01594	0.01435	0.02551	0.02232	0.02551	0.01754	0.00797	0.00478	0.00159	0.00319	0.00638	0.79755	0.00638
30	0.00987	0.00660	0.00749	0.00757	0.00759	0.00658	0.00426	0.00993	0.01011	0.01348	0.02238	0.08097	0.02591	0.72195	0.03349	0.00644	0.00650	0.01043	0.00426	0.00422
31	0.01292	0.01216	0.02052	0.74312	0.04712	0.01520	0.01900	0.01748	0.01368	0.01748	0.01216	0.01824	0.00912	0.00684	0.00684	0.00228	0.00912	0.00608	0.00304	0.00760
32	0.01802	0.70565	0.06430	0.01267	0.01874	0.02624	0.03792	0.02059	0.01401	0.01654	0.00979	0.01140	0.00884	0.00588	0.00462	0.00152	0.00759	0.00388	0.00295	0.00885
33	0.03020	0.01243	0.01636	0.01255	0.01786	0.01122	0.01036	0.10254	0.02090	0.65057	0.02588	0.02257	0.01638	0.00844	0.00688	0.00211	0.00600	0.00680	0.00830	0.01164
34	0.76906	0.01330	0.01032	0.00924	0.01345	0.01543	0.00758	0.02091	0.04566	0.03059	0.01043	0.01182	0.00807	0.00649	0.00437	0.00213	0.00530	0.00390	0.00437	0.00758
35	0.01022	0.00739	0.01005	0.01150	0.01288	0.00722	0.00957	0.01285	0.01518	0.01968	0.03919	0.21900	0.09475	0.01931	0.00919	0.00300	0.00558	0.48103	0.00631	0.00610
36	0.07807	0.00976	0.01129	0.01024	0.01295	0.00974	0.00793	0.10627	0.04473	0.10169	0.25634	0.15562	0.12057	0.01359	0.00758	0.00229	0.00457	0.03218	0.00688	0.00771
37	0.80789	0.01323	0.01006	0.00900	0.01323	0.01535	0.00741	0.02011	0.01164	0.03070	0.00953	0.01111	0.00741	0.00635	0.00423	0.00212	0.00529	0.00370	0.00423	0.00741
38	0.00995	0.00663	0.00746	0.00746	0.00746	0.00663	0.00415	0.00995	0.00995	0.01327	0.02156	0.04477	0.02487	0.75957	0.03482	0.00663	0.00663	0.00995	0.00415	0.00415
39	0.02294	0.01711	0.01833	0.01473	0.01957	0.01905	0.01195	0.45059	0.23338	0.05868	0.02040	0.01971	0.01480	0.00853	0.00680	0.00212	0.00668	0.00666	0.03675	0.01119
40	0.02483	0.01744	0.01886	0.01468	0.01976	0.01910	0.01205	0.56438	0.06293	0.08622	0.01815	0.01804	0.01291	0.00826	0.00669	0.00203	0.00697	0.00630	0.06921	0.01118
41	0.01070	0.00764	0.01065	0.01223	0.01366	0.00760	0.01046	0.01362	0.01543	0.02011	0.03640	0.15873	0.04008	0.01920	0.00936	0.00311	0.00602	0.59248	0.00631	0.00621
42	0.00998	0.00671	0.00772	0.00775	0.00792	0.00667	0.00458	0.01032	0.01081	0.01451	0.06824	0.04652	0.02811	0.67946	0.03200	0.00619	0.00639	0.03727	0.00446	0.00439
43	0.00929	0.00686	0.00867	0.00846	0.01004	0.00625	0.00625	0.01205	0.01807	0.02493	0.53810	0.13458	0.16038	0.01535	0.00815	0.00225	0.00335	0.01350	0.00722	0.00625
44	0.01368	0.00945	0.01139	0.01084	0.01327	0.00955	0.00838	0.04533	0.16286	0.09226	0.22171	0.17221	0.09674	0.01442	0.00795	0.00242	0.00461	0.08806	0.00702	0.00785
45	0.73680	0.01322	0.01052	0.00932	0.01345	0.01525	0.00762	0.05274	0.01254	0.03053	0.00996	0.01177	0.00780	0.00716	0.00529	0.03494	0.00543	0.00392	0.00431	0.00743
46	0.12977	0.01737	0.01830	0.01439	0.01954	0.01917	0.01182	0.49124	0.09077	0.09354	0.01740	0.01710	0.01235	0.00808	0.00651	0.00209	0.00690	0.00604	0.00663	0.01100
47	0.01014	0.00715	0.00878	0.00834	0.01027	0.00639	0.00626	0.01284	0.01805	0.05649	0.47136	0.08407	0.24450	0.01499	0.00805	0.00222	0.00345	0.01300	0.00719	0.00646
48	0.01259	0.01031	0.01166	0.01156	0.01425	0.01091	0.00935	0.02174	0.28795	0.02315	0.04200	0.05364	0.21752	0.01467	0.00809	0.00259	0.00517	0.22834	0.00658	0.00795
49	0.00965	0.00651	0.00755	0.00784	0.00791	0.00644	0.00455	0.00987	0.01053	0.01404	0.02452	0.17528	0.02862	0.62395	0.03003	0.00592	0.00614	0.01169	0.00455	0.00440
50	0.00828	0.00616	0.00773	0.00899	0.00978	0.00560	0.00611	0.00959	0.01362	0.01768	0.04426	0.61224	0.18388	0.02058	0.00860	0.00268	0.00386	0.01841	0.00635	0.00560
51	0.00979	0.00728	0.01076	0.01076	0.01190	0.00842	0.00826	0.01207	0.01093	0.01571	0.01854	0.02807	0.01762	0.09849	0.68598	0.01070	0.01755	0.00750	0.00370	0.00598
52	0.01551	0.01517	0.02093	0.01785	0.01812	0.02097	0.01487	0.04973	0.01154	0.01777	0.00935	0.01504	0.00911	0.01179	0.02169	0.00295	0.71074	0.00600	0.00318	0.00769
53	0.01693	0.01626	0.02777	0.04199	0.71689	0.01626	0.02100	0.02100	0.01558	0.02235	0.01287	0.01693	0.01084	0.00610	0.00677	0.00203	0.00813	0.00610	0.00339	0.01084
54	0.02561	0.03105	0.01952	0.01741	0.02116	0.65006	0.01319	0.10427	0.02086	0.01979	0.01125	0.01281	0.00914	0.00718	0.00625	0.00180	0.01178	0.00461	0.00391	0.00836
55	0.01373	0.01177	0.01365	0.00990	0.01570	0.00887	0.00789	0.01668	0.01429	0.02201	0.01639	0.01801	0.06225	0.00597	0.00529	0.00111	0.00495	0.00482	0.00422	0.74248
56	0.03772	0.01277	0.01412	0.01222	0.01596	0.03269	0.00981	0.15921	0.15376	0.16668	0.07756	0.06339	0.12785	0.01170	0.00739	0.00229	0.00570	0.07295	0.00694	0.00930
57	0.01555	0.01484	0.02527	0.28407	0.48564	0.01589	0.02031	0.01978	0.01492	0.02067	0.01262	0.01738	0.01024	0.00635	0.00680	0.00212	0.00847	0.00609	0.00327	0.00972
58	0.03026	0.01234	0.01631	0.01251	0.01781	0.01110	0.01033	0.09502	0.02076	0.65829	0.02600	0.02265	0.01644	0.00844	0.00688	0.00211	0.00598	0.00681	0.00832	0.01164
59	0.02264	0.01283	0.01536	0.01293	0.01723	0.01315	0.01045	0.08397	0.27370	0.32128	0.06534	0.02911	0.02229	0.00983	0.00716	0.00227	0.00570	0.05654	0.00757	0.01066
60	0.02556	0.03261	0.01939	0.01763	0.02115	0.73210	0.01322	0.02732	0.01939	0.01674	0.01058	0.01234	0.00881	0.00705	0.00617	0.00176	0.01234	0.00441	0.00353	0.00793
61	0.01188	0.00594	0.00891	0.00891	0.00891	0.00594	0.00594	0.00891	0.00891	0.01188	0.01188	0.02080	0.01188	0.02377	0.02674	0.80095	0.00594	0.00594	0.00297	0.00297
62	0.23928	0.01427	0.01567	0.01236	0.01742	0.01475	0.01020	0.22303	0.02112	0.33651	0.01918	0.01799	0.01281	0.00782	0.00615	0.00210	0.00618	0.00581	0.00685	0.01050
63	0.01024	0.00770	0.00948	0.00947	0.01110	0.00751	0.00711	0.01443	0.08679	0.02338	0.35218	0.14979	0.12288	0.06870	0.01012	0.00271	0.00418	0.08892	0.00680	0.00652
64	0.64486	0.01348	0.01129	0.00976	0.01403	0.01534	0.00801	0.09818	0.01446	0.05843	0.01168	0.01297	0.00881	0.00673	0.00467	0.00208	0.00546	0.00425	0.04749	0.00800
65	0.56162	0.01487	0.01322	0.01101	0.01563	0.01686	0.00908	0.21246	0.01773	0.05520	0.01202	0.01300	0.00890	0.00695	0.00506	0.00210	0.00595	0.00450	0.00511	0.00874
66	0.00872	0.00612	0.00782	0.00903	0.00933	0.00581	0.00582	0.00963	0.01234	0.01646	0.03383	0.58477	0.04036	0.19843	0.01499	0.00370	0.00461	0.01717	0.00582	0.00522
67	0.00905	0.00667	0.00848	0.00945	0.01056	0.00622	0.00698	0.01091	0.01466	0.01918	0.11817	0.37555	0.17239	0.05447	0.00992	0.00288	0.00438	0.14795	0.00637	0.00578
68	0.00834	0.00595	0.00794	0.00953	0.00992	0.00556	0.00635	0.00953	0.01310	0.01746	0.03771	0.75510	0.04525	0.02143	0.00873	0.00278	0.00397	0.01945	0.00635	0.00556
69	0.80789	0.01323	0.01006	0.00900	0.01323	0.01535	0.00741	0.02011	0.01164	0.03070	0.00953	0.01111	0.00741	0.00635	0.00423	0.00212	0.00529	0.00370	0.00423	0.00741
70	0.02601	0.01916	0.02053	0.01574	0.02122	0.02122	0.01300	0.69408	0.03217	0.04312	0.01643	0.01643	0.01163	0.00821	0.00684	0.00205	0.00753	0.00616	0.00684	0.01163
71	0.00859	0.00703	0.00763	0.00769	0.00984	0.00607	0.00591	0.01067	0.01615	0.01996	0.15928	0.06475	0.55832	0.01699	0.00821	0.00236	0.00369	0.07443	0.00652	0.00592
72	0.00968	0.00699	0.00914	0.00861	0.01022	0.00646	0.00646	0.01291	0.01937	0.02743	0.71328	0.05110	0.06455	0.01399	0.00807	0.00215	0.00323	0.01237	0.00753	0.00646
73	0.80789	0.01323	0.01006	0.00900	0.01323	0.01535	0.00741	0.02011	0.01164	0.03070	0.00953	0.01111	0.00741	0.00635	0.00423	0.00212	0.00529	0.00370	0.00423	0.00741
74	0.01188	0.00594	0.00891	0.00891	0.00891	0.00594	0.00594	0.00891	0.00891	0.01188	0.01188	0.02080	0.01188	0.02377	0.02674	0.80095	0.00594	0.00594	0.00297	0.00297
75	0.01372	0.03539	0.72412	0.01950	0.02961	0.01589	0.02528	0.02167	0.01444	0.02167	0.01228	0.01444	0.00867	0.00650	0.00650	0.00217	0.01011	0.00506	0.00289	0.01011
76	0.01610	0.01831	0.03957	0.02839	0.03502	0.01745	0.66422	0.02169	0.01591	0.02169	0.01364	0.01831	0.01032	0.00602	0.00866	0.00234	0.04176	0.00799	0.00344	0.00916
77	0.01275	0.00638	0.00638	0.00638	0.00797	0.00638	0.00478	0.01594	0.01435	0.02551	0.02232	0.02551	0.01754	0.00797	0.00478	0.00159	0.00319	0.00638	0.79755	0.00638
78	0.01292	0.01216	0.02052	0.74312	0.04712	0.01520	0.01900	0.01748	0.01368	0.01748	0.01216	0.01824	0.00912	0.00684	0.00684	0.00228	0.00912	0.00608	0.00304	0.00760
79	0.01086	0.00816	0.00985	0.01095	0.01223	0.04009	0.00846	0.01296	0.01494	0.04112	0.06275	0.38322	0.07731	0.01892	0.00876	0.00280	0.00522	0.25890	0.00631	0.00618
80	0.01547	0.01482	0.02493	0.28424	0.36151	0.01604	0.06895	0.02137	0.08387	0.02124	0.01419	0.01836	0.01121	0.00665	0.00691	0.00217	0.00846	0.00640	0.00363	0.00958
81	0.01292	0.01216	0.02052	0.74312	0.04712	0.01520	0.01900	0.01748	0.01368	0.01748	0.01216	0.01824	0.00912	0.00684	0.00684	0.00228	0.00912	0.00608	0.00304	0.00760
82	0.01546	0.01495	0.02589	0.22388	0.39610	0.01573	0.09681	0.02056	0.05221	0.02116	0.01454	0.04576	0.01217	0.00701	0.00702	0.00217	0.00848	0.00691	0.00361	0.00959
83	0.01519	0.01495	0.02302	0.39344	0.27607	0.05476	0.01901	0.01914	0.01435	0.01904	0.01203	0.01717	0.00969	0.00706	0.00821	0.00223	0.07673	0.00599	0.00318	0.00873
84	0.02601	0.01916	0.02053	0.01574	0.02122	0.02122	0.01300	0.69408	0.03217	0.04312	0.01643	0.01643	0.01163	0.00821	0.00684	0.00205	0.00753	0.00616	0.00684	0.01163
85	0.01006	0.00676	0.00782	0.00799	0.00815	0.00676	0.00485	0.01038	0.01054	0.01400	0.02305	0.04807	0.02635	0.68412	0.03224	0.00628	0.00660	0.07727	0.00436	0.00436
86	0.01559	0.02024	0.13678	0.02720	0.07018	0.01676	0.51089	0.02135	0.01568	0.02168	0.01433	0.02010	0.01131	0.00662	0.00827	0.00233	0.03325	0.03470	0.00348	0.00927
87	0.01215	0.01142	0.01048	0.00986	0.01232	0.10307	0.00745	0.01683	0.11399	0.02255	0.26227	0.04842	0.31580	0.01378	0.00767	0.00219	0.00483	0.01152	0.00644	0.00699
88	0.05990	0.01282	0.01634	0.01258	0.01786	0.01191	0.01039	0.13059	0.02114	0.59465	0.02476	0.02180	0.01578	0.00835	0.00677	0.00211	0.00605	0.00665	0.00806	0.01148
89	0.01708	0.01964	0.11429	0.02574	0.03274	0.01655	0.52973	0.02349	0.04902	0.07835	0.01539	0.01873	0.01121	0.00623	0.00775	0.00228	0.01062	0.00762	0.00396	0.00960
90	0.01030	0.00771	0.01068	0.06800	0.01531	0.00774	0.01004	0.01300	0.01502	0.01940	0.03824	0.21189	0.11123	0.01832	0.00895	0.00291	0.00573	0.41328	0.00606	0.00619
91	0.03070	0.01164	0.01588	0.01217	0.01746	0.01006	0.01006	0.03334	0.01958	0.72163	0.02699	0.02329	0.01694	0.00847	0.00688	0.00212	0.00582	0.00688	0.00847	0.01164
92	0.01406	0.01299	0.02135	0.26043	0.34530	0.01387	0.01761	0.01795	0.01499	0.02019	0.02086	0.02966	0.07859	0.00903	0.00726	0.00228	0.00778	0.09314	0.00393	0.00874
93	0.01755	0.09575	0.20978	0.04959	0.05752	0.12053	0.25144	0.05919	0.03367	0.02172	0.01294	0.01582	0.00986	0.00642	0.00685	0.00209	0.01028	0.00608	0.00352	0.00940
94	0.01663	0.01350	0.01511	0.01457	0.05458	0.01505	0.01066	0.03180	0.53348	0.06645	0.05552	0.06170	0.06028	0.01023	0.00713	0.00231	0.00533	0.00867	0.00681	0.01019
95	0.00987	0.00716	0.00941	0.00930	0.01093	0.00670	0.00727	0.01303	0.01854	0.02578	0.56058	0.05660	0.08479	0.01504	0.00833	0.00235	0.00382	0.13686	0.00725	0.00640
96	0.02654	0.01332	0.02123	0.01899	0.12214	0.01203	0.11255	0.02985	0.01849	0.51615	0.02299	0.02164	0.01508	0.00772	0.00704	0.00213	0.00700	0.00694	0.00699	0.01117
97	0.02458	0.01927	0.09228	0.02014	0.14278	0.12574	0.04577	0.10074	0.01955	0.31191	0.01871	0.01860	0.01288	0.00748	0.00676	0.00205	0.00813	0.00615	0.00583	0.01066
98	0.01693	0.01626	0.02777	0.04199	0.71689	0.01626	0.02100	0.02100	0.01558	0.02235	0.01287	0.01693	0.01084	0.00610	0.00677	0.00203	0.00813	0.00610	0.00339	0.01084
99	0.01437	0.02901	0.50135	0.04204	0.12594	0.01550	0.07284	0.02113	0.01469	0.02172	0.01246	0.01517	0.00923	0.00629	0.00655	0.00207	0.00952	0.00538	0.00310	0.07164
100	0.01697	0.01428	0.02387	0.29184	0.39982	0.01521	0.01910	0.02106	0.01532	0.09591	0.01413	0.01809	0.01087	0.00662	0.00681	0.00213	0.00824	0.00617	0.00381	0.00976
101	0.01536	0.01255	0.01566	0.01349	0.08765	0.00990	0.00952	0.01848	0.01462	0.06002	0.01303	0.01496	0.01057	0.00535	0.00534	0.00118	0.00542	0.00441	0.00422	0.67827
102	0.01130	0.01068	0.08366	0.01330	0.01575	0.00869	0.01248	0.01494	0.01562	0.02060	0.03378	0.07078	0.03625	0.01764	0.00915	0.00305	0.00669	0.60303	0.00595	0.00669
103	0.01019	0.00705	0.00965	0.03083	0.03165	0.00671	0.00791	0.01200	0.01420	0.05192	0.05648	0.52210	0.07771	0.01918	0.00859	0.00272	0.00461	0.11401	0.00630	0.00620
104	0.01838	0.04882	0.02116	0.06209	0.12285	0.27194	0.03715	0.02071	0.01543	0.01786	0.01663	0.01966	0.08106	0.00917	0.01083	0.00222	0.20610	0.00629	0.00360	0.00807

[dist]
# distance from previous block
# <min> <max>
0	17

[block]
# block no. 3 follows, 31 sequences, length 17
# corresponding to MSA columns:
# 197-213
name=unknown_D
#
# <colnr> <probs for GDERKNQSTAVLIFYWHMCP>
#	G	D	E	R	K	N	Q	S	T	A	V	L	I	F	Y	W	H	M	C	P
0	0.01882	0.01864	0.07211	0.02799	0.33822	0.07719	0.06343	0.10433	0.01790	0.06035	0.01376	0.01633	0.01079	0.00641	0.00655	0.00189	0.00822	0.00576	0.00415	0.12714
1	0.01116	0.00901	0.01185	0.01144	0.04560	0.00862	0.00828	0.01398	0.01656	0.02370	0.37339	0.10932	0.07266	0.01282	0.00884	0.00211	0.06962	0.03231	0.00609	0.15264
2	0.04256	0.12540	0.09049	0.01987	0.16034	0.04678	0.06980	0.03993	0.07727	0.05708	0.12832	0.02198	0.01999	0.00779	0.00651	0.00195	0.00719	0.00671	0.00469	0.06533
3	0.01924	0.02350	0.06477	0.01792	0.02001	0.31270	0.01490	0.02125	0.01439	0.01691	0.00984	0.01385	0.00889	0.00961	0.01476	0.00244	0.39871	0.00528	0.00321	0.00783
4	0.01827	0.49955	0.05107	0.01123	0.01655	0.02057	0.01082	0.02065	0.01505	0.12196	0.02229	0.02217	0.12884	0.00820	0.00545	0.00173	0.00654	0.00600	0.00433	0.00875
5	0.01580	0.15965	0.30838	0.01804	0.04579	0.01734	0.09300	0.02085	0.01440	0.04936	0.01227	0.01471	0.00952	0.00665	0.00752	0.00196	0.07384	0.00518	0.00338	0.12238
6	0.01660	0.01464	0.04680	0.28724	0.18640	0.01534	0.01636	0.12220	0.06483	0.05857	0.01875	0.02226	0.05622	0.03514	0.00792	0.00234	0.00782	0.00688	0.00448	0.00922
7	0.01160	0.00729	0.00948	0.00953	0.01110	0.00677	0.00691	0.01432	0.03812	0.10010	0.29236	0.36135	0.07123	0.01665	0.00820	0.00244	0.00392	0.01484	0.00705	0.00675
8	0.10312	0.01329	0.01969	0.05626	0.36934	0.01330	0.01468	0.03649	0.01572	0.02382	0.10460	0.06682	0.04976	0.00853	0.00669	0.00204	0.00650	0.00761	0.00445	0.07733
9	0.11183	0.04115	0.09535	0.02248	0.20551	0.09085	0.03815	0.08340	0.08522	0.08893	0.01496	0.01665	0.01143	0.00736	0.00743	0.00212	0.05702	0.00576	0.00454	0.00987
10	0.01410	0.04594	0.22818	0.02142	0.02821	0.01500	0.34265	0.01972	0.01590	0.02196	0.09611	0.02488	0.07798	0.00791	0.00750	0.00222	0.00935	0.00811	0.00399	0.00885
11	0.01338	0.00759	0.01039	0.01000	0.01075	0.00781	0.00718	0.08575	0.01211	0.01612	0.01454	0.02528	0.01428	0.02160	0.02299	0.64150	0.00615	0.06465	0.00370	0.00423
12	0.04570	0.16860	0.31447	0.01725	0.02461	0.05184	0.09282	0.08155	0.01667	0.07794	0.01518	0.01660	0.03339	0.00698	0.00629	0.00202	0.00888	0.00560	0.00394	0.00967
13	0.20747	0.07016	0.11713	0.07977	0.06658	0.09194	0.01377	0.02412	0.03607	0.17368	0.01477	0.01596	0.01074	0.00725	0.00668	0.00210	0.04270	0.00525	0.00466	0.00920
14	0.04608	0.10739	0.05496	0.06388	0.03587	0.05038	0.01408	0.13591	0.04275	0.10219	0.01360	0.01606	0.01073	0.00897	0.01182	0.00233	0.26363	0.00572	0.00448	0.00917
15	0.05220	0.05327	0.09873	0.06701	0.11959	0.04216	0.03498	0.10624	0.16368	0.11772	0.01782	0.01852	0.01314	0.00739	0.00650	0.00205	0.00737	0.00609	0.00521	0.06033
16	0.04221	0.10890	0.04999	0.04150	0.07575	0.16609	0.05794	0.10028	0.05051	0.07234	0.01930	0.13437	0.03281	0.00956	0.00673	0.00209	0.00804	0.00792	0.00483	0.00882

[dist]
# distance from previous block
# <min> <max>
0	17

[block]
# block no. 4 follows, 31 sequences, length 8
# corresponding to MSA columns:
# 231-238
name=unknown_E
#
# <colnr> <probs for GDERKNQSTAVLIFYWHMCP>
#	G	D	E	R	K	N	Q	S	T	A	V	L	I	F	Y	W	H	M	C	P
0	0.04507	0.05458	0.08756	0.01901	0.09435	0.11975	0.06187	0.23674	0.02121	0.09098	0.01451	0.01586	0.01081	0.00729	0.00708	0.00198	0.03668	0.00566	0.00496	0.06405
1	0.14852	0.01862	0.10325	0.05026	0.31316	0.05363	0.01674	0.10049	0.01710	0.07187	0.01344	0.01577	0.01033	0.00663	0.00626	0.00203	0.00783	0.00549	0.00422	0.03438
2	0.01714	0.01607	0.02634	0.08194	0.60603	0.01648	0.01996	0.05486	0.05144	0.02340	0.01377	0.01743	0.01128	0.00641	0.00679	0.00206	0.00802	0.00618	0.00372	0.01068
3	0.01590	0.01371	0.01771	0.01753	0.16760	0.01180	0.01135	0.08219	0.01619	0.02428	0.01272	0.01499	0.01043	0.00559	0.00560	0.00133	0.00596	0.00469	0.00417	0.55627
4	0.01188	0.00594	0.00891	0.00891	0.00891	0.00594	0.00594	0.00891	0.00891	0.01188	0.01188	0.02080	0.01188	0.02377	0.02674	0.80095	0.00594	0.00594	0.00297	0.00297
5	0.00977	0.00733	0.01100	0.01100	0.01222	0.00855	0.00855	0.01222	0.01100	0.01588	0.01833	0.02688	0.01710	0.05131	0.73245	0.01100	0.01833	0.00733	0.00367	0.00611
6	0.01657	0.01606	0.02796	0.09689	0.62237	0.01623	0.06154	0.02077	0.01546	0.02194	0.01287	0.01713	0.01067	0.00613	0.00686	0.00207	0.00841	0.00621	0.00336	0.01048
7	0.00961	0.00661	0.00754	0.00767	0.00800	0.00644	0.00457	0.01004	0.01124	0.01486	0.06214	0.11631	0.09199	0.58224	0.02849	0.00564	0.00591	0.01141	0.00473	0.00455

[dist]
# distance from previous block
# <min> <max>
0	1

# created by:
# /home/berkeley/.conda/envs/busco_data_prod/bin/msa2prfl.pl pipeline/OGs_align_augustus/4893/37758.fs
