[name]
unknown

[dist]
# distance from previous block
# <min> <max>
0	17

[block]
# block no. 0 follows, 33 sequences, length 24
# corresponding to MSA columns:
# 17-40
name=unknown_A
#
# <colnr> <probs for GDERKNQSTAVLIFYWHMCP>
#	G	D	E	R	K	N	Q	S	T	A	V	L	I	F	Y	W	H	M	C	P
0	0.09872	0.01006	0.03112	0.05413	0.01640	0.00988	0.04927	0.01678	0.07214	0.04510	0.09637	0.07429	0.08688	0.01362	0.00773	0.00254	0.00582	0.29650	0.00567	0.00698
1	0.07119	0.22071	0.12870	0.01410	0.01991	0.10632	0.04109	0.12807	0.01742	0.10479	0.01304	0.01397	0.00986	0.00647	0.00557	0.00174	0.00774	0.00475	0.00428	0.08027
2	0.00920	0.00666	0.00774	0.00769	0.00947	0.00589	0.00568	0.01135	0.01589	0.04226	0.27271	0.15883	0.35164	0.01550	0.00767	0.00220	0.00339	0.01335	0.04694	0.00594
3	0.00956	0.00645	0.00753	0.00753	0.00765	0.00657	0.00443	0.00980	0.00968	0.01302	0.02042	0.04130	0.02316	0.69442	0.10667	0.00682	0.00754	0.00931	0.00394	0.00418
4	0.02495	0.02083	0.01955	0.01548	0.02040	0.15367	0.01255	0.58021	0.02868	0.03680	0.01477	0.01508	0.01069	0.00770	0.00647	0.00192	0.00810	0.00562	0.00600	0.01054
5	0.07124	0.06747	0.12640	0.16512	0.08414	0.04158	0.22933	0.02030	0.01455	0.06416	0.01380	0.04777	0.01101	0.00676	0.00663	0.00210	0.00889	0.00653	0.00360	0.00861
6	0.04024	0.06514	0.08964	0.04221	0.14163	0.01373	0.04224	0.06035	0.03827	0.08212	0.01351	0.01538	0.01049	0.00611	0.00614	0.00164	0.02591	0.00504	0.00414	0.29607
7	0.01834	0.46962	0.16983	0.01382	0.02012	0.06324	0.04306	0.02171	0.01447	0.09432	0.01173	0.01288	0.00934	0.00609	0.00513	0.00166	0.00787	0.00434	0.00344	0.00897
8	0.00920	0.00686	0.01015	0.01037	0.01143	0.00780	0.00792	0.01137	0.01088	0.01551	0.02038	0.13467	0.02045	0.04514	0.63438	0.00942	0.01560	0.00877	0.00391	0.00580
9	0.00941	0.00701	0.01038	0.01038	0.01149	0.00812	0.00798	0.01163	0.01052	0.01513	0.01782	0.02687	0.01690	0.09150	0.70102	0.01033	0.01697	0.00720	0.00355	0.00577
10	0.01365	0.01170	0.01365	0.00975	0.01560	0.00878	0.00780	0.01658	0.01365	0.02145	0.01170	0.01365	0.00975	0.00488	0.00488	0.00098	0.00488	0.00390	0.00390	0.80888
11	0.06837	0.01133	0.04232	0.01079	0.01402	0.01093	0.00886	0.06475	0.19144	0.09520	0.29966	0.03585	0.07931	0.01100	0.00704	0.00214	0.00464	0.02747	0.00665	0.00822
12	0.01365	0.01170	0.01365	0.00975	0.01560	0.00878	0.00780	0.01658	0.01365	0.02145	0.01170	0.01365	0.00975	0.00488	0.00488	0.00098	0.00488	0.00390	0.00390	0.80888
13	0.02411	0.01909	0.01838	0.01469	0.01940	0.12783	0.01188	0.48074	0.07736	0.08244	0.01667	0.01665	0.01201	0.00782	0.00642	0.00194	0.00751	0.00584	0.03883	0.01039
14	0.05970	0.13614	0.26714	0.01707	0.05937	0.01747	0.06130	0.16133	0.04179	0.04611	0.01315	0.01460	0.00983	0.00648	0.00595	0.00189	0.00795	0.00513	0.00406	0.06354
15	0.02070	0.09805	0.06969	0.06128	0.13268	0.24765	0.01455	0.15795	0.07372	0.04243	0.01344	0.01494	0.01044	0.00690	0.00612	0.00187	0.00883	0.00520	0.00426	0.00929
16	0.01019	0.00784	0.01104	0.01229	0.09943	0.00739	0.00796	0.01339	0.01818	0.02579	0.63525	0.04507	0.05566	0.01251	0.00761	0.00206	0.00369	0.01115	0.00675	0.00674
17	0.00796	0.00636	0.00713	0.00760	0.00917	0.00553	0.00545	0.00955	0.01444	0.01802	0.09925	0.29488	0.45597	0.01777	0.00799	0.00236	0.00348	0.01536	0.00619	0.00553
18	0.01934	0.01563	0.01833	0.01647	0.07497	0.01727	0.03941	0.30147	0.30987	0.03234	0.06763	0.02177	0.01818	0.00844	0.00675	0.00210	0.00633	0.00702	0.00628	0.01039
19	0.01045	0.00721	0.01053	0.01030	0.01167	0.00805	0.00796	0.01280	0.01174	0.05351	0.08555	0.02853	0.02107	0.06969	0.60871	0.00917	0.01522	0.00758	0.00414	0.00612
20	0.04945	0.12278	0.10150	0.08346	0.11831	0.04064	0.01401	0.09689	0.03219	0.23157	0.03546	0.01778	0.01298	0.00714	0.00614	0.00194	0.00716	0.00571	0.00512	0.00977
21	0.09333	0.03330	0.19842	0.10448	0.06811	0.02866	0.07211	0.07221	0.05182	0.06293	0.01834	0.04826	0.05416	0.00831	0.00703	0.00216	0.03257	0.03084	0.00425	0.00871
22	0.08196	0.09474	0.04215	0.24773	0.02767	0.03425	0.07459	0.09114	0.09067	0.02251	0.01414	0.01804	0.01123	0.00694	0.00612	0.00196	0.00755	0.02798	0.00404	0.09459
23	0.11314	0.20835	0.05727	0.03888	0.04770	0.08814	0.01136	0.10771	0.03728	0.07079	0.03797	0.01694	0.02439	0.00873	0.03487	0.00213	0.00733	0.00524	0.05167	0.03012

[dist]
# distance from previous block
# <min> <max>
2	16

[block]
# block no. 1 follows, 33 sequences, length 61
# corresponding to MSA columns:
# 57-117
name=unknown_B
#
# <colnr> <probs for GDERKNQSTAVLIFYWHMCP>
#	G	D	E	R	K	N	Q	S	T	A	V	L	I	F	Y	W	H	M	C	P
0	0.03913	0.01493	0.03491	0.24251	0.26947	0.07457	0.01626	0.04000	0.01539	0.04236	0.09375	0.01993	0.01567	0.00746	0.00732	0.00207	0.04549	0.00635	0.00387	0.00856
1	0.01480	0.01403	0.05694	0.16132	0.02621	0.01331	0.18539	0.07675	0.08143	0.05902	0.02142	0.11292	0.06424	0.00900	0.00704	0.00213	0.00748	0.00845	0.00464	0.07347
2	0.00851	0.00665	0.00772	0.00756	0.00937	0.00585	0.00563	0.01082	0.01657	0.02176	0.37217	0.09419	0.37887	0.01538	0.00781	0.00218	0.00325	0.01322	0.00664	0.00585
3	0.01123	0.00984	0.00980	0.01006	0.01179	0.08181	0.00747	0.05357	0.03907	0.01943	0.06352	0.33986	0.21765	0.01654	0.00787	0.00241	0.00496	0.08095	0.00592	0.00625
4	0.01902	0.01688	0.02368	0.09664	0.35181	0.09356	0.07101	0.09225	0.05257	0.09620	0.01463	0.01705	0.01120	0.00660	0.00659	0.00200	0.00819	0.00600	0.00426	0.00987
5	0.02417	0.01209	0.01466	0.01183	0.01624	0.01196	0.00958	0.10761	0.17201	0.41826	0.02448	0.02237	0.01661	0.00824	0.00640	0.00202	0.00541	0.00667	0.09896	0.01045
6	0.01746	0.68572	0.03225	0.01151	0.01692	0.02494	0.01117	0.02146	0.09383	0.01687	0.01117	0.01216	0.00978	0.00601	0.00451	0.00150	0.00683	0.00397	0.00326	0.00867
7	0.00832	0.00632	0.00769	0.00853	0.00962	0.00580	0.00594	0.01029	0.03422	0.01827	0.10781	0.48688	0.22916	0.01855	0.00813	0.00248	0.00366	0.01645	0.00623	0.00563
8	0.01173	0.01000	0.01188	0.01046	0.01326	0.03403	0.00810	0.01523	0.06199	0.01978	0.11174	0.10094	0.06448	0.02005	0.18992	0.00397	0.05178	0.00817	0.00471	0.24778
9	0.02931	0.01157	0.01550	0.01189	0.01699	0.01022	0.00982	0.06599	0.01945	0.69737	0.02546	0.02207	0.01604	0.00814	0.00662	0.00203	0.00568	0.00659	0.00807	0.01120
10	0.00801	0.00578	0.00759	0.00904	0.00952	0.00536	0.00606	0.00918	0.01272	0.01685	0.03782	0.72906	0.07784	0.02043	0.00837	0.00265	0.00380	0.01847	0.00611	0.00536
11	0.00801	0.00654	0.00708	0.00724	0.00911	0.00561	0.00532	0.00977	0.01510	0.01870	0.14309	0.16552	0.54234	0.01686	0.00787	0.00227	0.00338	0.01436	0.00625	0.00561
12	0.01184	0.00748	0.00961	0.00874	0.01082	0.00689	0.00667	0.01525	0.03947	0.11017	0.57447	0.04621	0.10088	0.01291	0.00760	0.00208	0.00348	0.01128	0.00726	0.00689
13	0.01552	0.05358	0.01968	0.01998	0.18368	0.01488	0.03775	0.07534	0.01407	0.06869	0.01443	0.02002	0.01269	0.06822	0.18378	0.00446	0.17479	0.00637	0.00388	0.00818
14	0.00802	0.00573	0.00764	0.00917	0.00955	0.00535	0.00611	0.00917	0.01260	0.01681	0.03628	0.76434	0.04354	0.02062	0.00840	0.00267	0.00382	0.01872	0.00611	0.00535
15	0.02146	0.01667	0.01775	0.01443	0.01906	0.01875	0.01165	0.42929	0.31309	0.03574	0.02033	0.01941	0.01486	0.00833	0.00663	0.00208	0.00641	0.00655	0.00663	0.01088
16	0.02503	0.01844	0.01976	0.01515	0.02042	0.02042	0.01251	0.70562	0.03095	0.04149	0.01581	0.01581	0.01120	0.00790	0.00659	0.00198	0.00724	0.00593	0.00659	0.01120
17	0.01365	0.01170	0.01365	0.00975	0.01560	0.00878	0.00780	0.01658	0.01365	0.02145	0.01170	0.01365	0.00975	0.00488	0.00488	0.00098	0.00488	0.00390	0.00390	0.80888
18	0.00943	0.00880	0.05650	0.00915	0.01134	0.00703	0.00750	0.03881	0.01586	0.02088	0.20918	0.22705	0.27995	0.01592	0.00786	0.00233	0.00415	0.05589	0.00618	0.00620
19	0.04865	0.63011	0.13992	0.01230	0.01849	0.02396	0.01309	0.01987	0.01337	0.01686	0.00956	0.01107	0.00838	0.00575	0.00453	0.00154	0.00737	0.00373	0.00286	0.00859
20	0.15700	0.10917	0.01789	0.01361	0.05927	0.07240	0.01048	0.09717	0.10480	0.17806	0.01629	0.01627	0.01195	0.00693	0.00563	0.00182	0.00636	0.00519	0.00527	0.10445
21	0.00899	0.00672	0.00835	0.00794	0.00964	0.00607	0.00596	0.01180	0.01787	0.02459	0.58596	0.05216	0.20138	0.01413	0.00777	0.00210	0.00315	0.01232	0.00701	0.00607
22	0.01686	0.64744	0.15313	0.01254	0.01886	0.02423	0.01348	0.01991	0.01347	0.01640	0.00960	0.01113	0.00843	0.00574	0.00457	0.00152	0.00750	0.00375	0.00281	0.00867
23	0.00940	0.00705	0.01058	0.01058	0.01176	0.00823	0.00823	0.01176	0.01058	0.01528	0.01763	0.02586	0.01646	0.04937	0.74255	0.01058	0.01763	0.00705	0.00353	0.00588
24	0.01907	0.01899	0.12749	0.01600	0.05552	0.06308	0.01372	0.25200	0.16896	0.05313	0.01876	0.02241	0.01488	0.00842	0.00663	0.00206	0.00721	0.06596	0.00549	0.06020
25	0.05403	0.00805	0.00976	0.00927	0.01145	0.00758	0.00702	0.01617	0.03406	0.16868	0.10856	0.15532	0.15661	0.13283	0.01161	0.00297	0.00479	0.08820	0.00623	0.00680
26	0.00938	0.00671	0.00783	0.00815	0.00890	0.00647	0.00530	0.03841	0.01264	0.01655	0.05363	0.29564	0.14241	0.33636	0.01885	0.00413	0.00495	0.01335	0.00526	0.00507
27	0.02547	0.01565	0.01778	0.01385	0.01889	0.01654	0.01137	0.41470	0.10554	0.25943	0.02030	0.01891	0.01384	0.00810	0.00661	0.00202	0.00649	0.00632	0.00710	0.01111
28	0.01760	0.77260	0.03450	0.01126	0.01690	0.02605	0.01126	0.01971	0.01338	0.01549	0.00915	0.01056	0.00845	0.00563	0.00422	0.00141	0.00704	0.00352	0.00282	0.00845
29	0.00951	0.00636	0.00720	0.00726	0.00727	0.00634	0.00407	0.00956	0.00969	0.01293	0.02136	0.07177	0.02471	0.73889	0.03251	0.00623	0.00628	0.00994	0.00407	0.00404
30	0.00957	0.00638	0.00718	0.00718	0.00718	0.00638	0.00399	0.00957	0.00957	0.01276	0.02074	0.04308	0.02393	0.76864	0.03351	0.00638	0.00638	0.00957	0.00399	0.00399
31	0.00802	0.00573	0.00764	0.00917	0.00955	0.00535	0.00611	0.00917	0.01260	0.01681	0.03628	0.76434	0.04354	0.02062	0.00840	0.00267	0.00382	0.01872	0.00611	0.00535
32	0.01104	0.00852	0.00939	0.00851	0.01090	0.00813	0.00649	0.11982	0.01833	0.02384	0.25348	0.05061	0.37867	0.05218	0.00888	0.00235	0.00403	0.01183	0.00642	0.00656
33	0.00941	0.00702	0.01041	0.01041	0.01153	0.00814	0.00802	0.01165	0.01053	0.01516	0.01779	0.02673	0.01683	0.08560	0.70684	0.01037	0.01707	0.00718	0.00355	0.00578
34	0.01243	0.01170	0.01975	0.75282	0.04534	0.01463	0.01828	0.01682	0.01316	0.01682	0.01170	0.01755	0.00878	0.00658	0.00658	0.00219	0.00878	0.00585	0.00293	0.00731
35	0.02231	0.04937	0.02091	0.02159	0.16698	0.51423	0.01428	0.05259	0.01794	0.01825	0.01078	0.01300	0.00900	0.00677	0.00659	0.00179	0.03709	0.00468	0.00346	0.00837
36	0.00957	0.00638	0.00718	0.00718	0.00718	0.00638	0.00399	0.00957	0.00957	0.01276	0.02074	0.04308	0.02393	0.76864	0.03351	0.00638	0.00638	0.00957	0.00399	0.00399
37	0.00842	0.00660	0.00771	0.00830	0.00992	0.00589	0.00630	0.01028	0.01468	0.01841	0.09483	0.23173	0.40314	0.01768	0.00815	0.00246	0.00390	0.12977	0.00617	0.00563
38	0.02001	0.01829	0.11368	0.01609	0.06241	0.01718	0.01349	0.34051	0.19551	0.05545	0.03982	0.01927	0.01487	0.00798	0.00653	0.00204	0.00679	0.00637	0.03327	0.01044
39	0.01730	0.01322	0.01512	0.01121	0.01678	0.01169	0.00906	0.16451	0.05304	0.07512	0.01432	0.01526	0.01103	0.00595	0.00545	0.00132	0.00544	0.00470	0.00490	0.54458
40	0.01436	0.04073	0.10729	0.06610	0.02116	0.05118	0.13282	0.04209	0.01599	0.07800	0.08747	0.09806	0.08593	0.01113	0.00741	0.00228	0.00724	0.11799	0.00501	0.00777
41	0.06859	0.18191	0.30955	0.07063	0.11485	0.01785	0.07853	0.04853	0.01455	0.02098	0.01144	0.01396	0.00884	0.00609	0.00588	0.00194	0.00856	0.00499	0.00315	0.00919
42	0.00802	0.00573	0.00764	0.00917	0.00955	0.00535	0.00611	0.00917	0.01260	0.01681	0.03628	0.76434	0.04354	0.02062	0.00840	0.00267	0.00382	0.01872	0.00611	0.00535
43	0.01196	0.01035	0.03195	0.01245	0.01388	0.01130	0.02883	0.08888	0.01408	0.01965	0.05792	0.30055	0.02653	0.04723	0.12950	0.00398	0.16806	0.01132	0.00488	0.00668
44	0.01586	0.36039	0.28304	0.04217	0.07216	0.04603	0.03694	0.02022	0.01383	0.01806	0.01056	0.01275	0.00861	0.00611	0.00584	0.00179	0.02935	0.00446	0.00287	0.00895
45	0.00812	0.00589	0.00784	0.00916	0.00970	0.00560	0.00623	0.00940	0.01256	0.01673	0.03625	0.66699	0.07559	0.02284	0.07005	0.00332	0.00496	0.01749	0.00589	0.00540
46	0.00799	0.00584	0.00753	0.00888	0.00947	0.00537	0.00598	0.00920	0.01288	0.01692	0.03977	0.68404	0.12159	0.02017	0.00833	0.00262	0.00376	0.01816	0.00611	0.00537
47	0.00982	0.01160	0.10663	0.01219	0.05681	0.00835	0.05980	0.01289	0.01535	0.01992	0.15097	0.07753	0.40603	0.01351	0.00753	0.00218	0.00500	0.01167	0.00547	0.00674
48	0.01530	0.01322	0.09560	0.01314	0.03985	0.01160	0.01108	0.17235	0.01759	0.07346	0.02353	0.16854	0.03818	0.01560	0.08219	0.00309	0.02928	0.07378	0.09459	0.00803
49	0.01243	0.01170	0.01975	0.75282	0.04534	0.01463	0.01828	0.01682	0.01316	0.01682	0.01170	0.01755	0.00878	0.00658	0.00658	0.00219	0.00878	0.00585	0.00293	0.00731
50	0.00934	0.00631	0.00734	0.00757	0.00765	0.00628	0.00442	0.00958	0.01004	0.01342	0.02291	0.14738	0.02657	0.63948	0.05005	0.00596	0.00633	0.01083	0.00428	0.00424
51	0.01444	0.07882	0.04983	0.28089	0.14368	0.04128	0.15529	0.01860	0.01439	0.01912	0.03942	0.01974	0.01248	0.00699	0.00703	0.00209	0.02804	0.02934	0.03034	0.00819
52	0.01144	0.00572	0.00858	0.00858	0.00858	0.00572	0.00572	0.00858	0.00858	0.01144	0.01144	0.02001	0.01144	0.02287	0.02573	0.80846	0.00572	0.00572	0.00286	0.00286
53	0.01920	0.01015	0.01150	0.00970	0.01296	0.01027	0.00772	0.12945	0.08409	0.21371	0.02228	0.02262	0.01614	0.00795	0.00564	0.00180	0.00459	0.00635	0.39524	0.00866
54	0.00955	0.00681	0.00821	0.00844	0.00998	0.00627	0.00628	0.01136	0.01435	0.04664	0.13260	0.16957	0.29034	0.11104	0.05043	0.00333	0.00496	0.09817	0.00593	0.00572
55	0.09995	0.11966	0.07037	0.12839	0.07177	0.17562	0.04820	0.07456	0.04506	0.02105	0.01553	0.03950	0.04862	0.00749	0.00602	0.00194	0.00825	0.00587	0.00388	0.00826
56	0.01277	0.02967	0.60282	0.01829	0.02673	0.01424	0.06954	0.01953	0.01386	0.02040	0.01472	0.10013	0.01249	0.00785	0.00661	0.00216	0.00915	0.00665	0.00320	0.00917
57	0.01140	0.00873	0.01023	0.09363	0.01480	0.00867	0.00775	0.06814	0.05944	0.04590	0.12119	0.07054	0.37829	0.01327	0.00726	0.00215	0.00443	0.01116	0.05622	0.00680
58	0.06874	0.03448	0.07154	0.01327	0.01685	0.01209	0.08931	0.08706	0.11510	0.02365	0.06385	0.16467	0.08237	0.01198	0.00719	0.00230	0.00600	0.08939	0.03239	0.00779
59	0.06057	0.06364	0.03941	0.01399	0.03826	0.05961	0.03426	0.27193	0.09234	0.09585	0.05345	0.01929	0.01519	0.00780	0.00613	0.00192	0.00654	0.00613	0.10418	0.00950
60	0.16646	0.07277	0.10526	0.03895	0.01985	0.12815	0.04918	0.09738	0.03910	0.09893	0.01518	0.01659	0.03104	0.00930	0.04336	0.00240	0.02987	0.00538	0.00443	0.02641

[dist]
# distance from previous block
# <min> <max>
0	11

[block]
# block no. 2 follows, 33 sequences, length 47
# corresponding to MSA columns:
# 129-175
name=unknown_C
#
# <colnr> <probs for GDERKNQSTAVLIFYWHMCP>
#	G	D	E	R	K	N	Q	S	T	A	V	L	I	F	Y	W	H	M	C	P
0	0.08669	0.05961	0.03734	0.01380	0.04434	0.08558	0.01096	0.22002	0.03672	0.16199	0.05571	0.03841	0.01566	0.02648	0.04800	0.00250	0.00740	0.00629	0.00562	0.03686
1	0.01634	0.09242	0.23150	0.07068	0.14778	0.06418	0.07771	0.07367	0.09974	0.02212	0.01369	0.01589	0.01053	0.00672	0.00675	0.00202	0.02944	0.00561	0.00372	0.00948
2	0.01386	0.01455	0.08424	0.42144	0.05702	0.01422	0.12510	0.01833	0.01396	0.05337	0.01503	0.01918	0.04108	0.00694	0.00712	0.00213	0.02980	0.00635	0.00344	0.05285
3	0.01501	0.01573	0.09560	0.29301	0.23313	0.01500	0.05708	0.05048	0.06797	0.04252	0.01466	0.04484	0.01174	0.00708	0.00667	0.00212	0.00812	0.00648	0.00375	0.00900
4	0.01483	0.01377	0.02254	0.13699	0.46167	0.01412	0.03349	0.04914	0.01574	0.02177	0.07233	0.02314	0.07659	0.00759	0.00677	0.00203	0.00725	0.00708	0.00392	0.00922
5	0.00872	0.00717	0.00774	0.00771	0.00976	0.00650	0.00573	0.01190	0.07126	0.01973	0.15725	0.13387	0.49719	0.01601	0.00776	0.00225	0.00350	0.01361	0.00633	0.00602
6	0.71049	0.01349	0.01101	0.00952	0.01375	0.01552	0.00784	0.11025	0.01382	0.03112	0.01005	0.01137	0.00767	0.00635	0.00441	0.00203	0.00538	0.00388	0.00441	0.00767
7	0.01417	0.05329	0.46174	0.04519	0.10748	0.01597	0.16808	0.02067	0.01433	0.02067	0.01210	0.01498	0.00894	0.00605	0.00655	0.00208	0.00969	0.00558	0.00296	0.00951
8	0.00852	0.00670	0.00769	0.00744	0.00934	0.00587	0.00558	0.01087	0.01674	0.02190	0.38100	0.05658	0.40802	0.01514	0.00777	0.00215	0.00323	0.01294	0.00666	0.00587
9	0.02355	0.01206	0.01469	0.01187	0.01630	0.01179	0.00960	0.11054	0.15941	0.41409	0.05977	0.02684	0.08061	0.00926	0.00678	0.00209	0.00541	0.00758	0.00745	0.01033
10	0.01040	0.00715	0.00900	0.00970	0.01080	0.00691	0.00679	0.07390	0.01463	0.04689	0.03535	0.63592	0.06966	0.01880	0.00814	0.00256	0.00418	0.01686	0.00623	0.00612
11	0.00938	0.00700	0.00875	0.00826	0.00998	0.00651	0.00621	0.01288	0.04428	0.02531	0.61132	0.05012	0.14789	0.01371	0.00773	0.00210	0.00321	0.01200	0.00708	0.00628
12	0.01243	0.01170	0.01975	0.75282	0.04534	0.01463	0.01828	0.01682	0.01316	0.01682	0.01170	0.01755	0.00878	0.00658	0.00658	0.00219	0.00878	0.00585	0.00293	0.00731
13	0.01561	0.01327	0.01432	0.01323	0.01666	0.01521	0.01045	0.03216	0.62289	0.02650	0.02786	0.03114	0.02245	0.01016	0.00702	0.00234	0.00532	0.09696	0.00661	0.00984
14	0.00957	0.00638	0.00718	0.00718	0.00718	0.00638	0.00399	0.00957	0.00957	0.01276	0.02074	0.04308	0.02393	0.76864	0.03351	0.00638	0.00638	0.00957	0.00399	0.00399
15	0.00963	0.00706	0.00907	0.00851	0.01016	0.00666	0.00640	0.01342	0.04947	0.02645	0.69325	0.04809	0.06026	0.01326	0.00772	0.00208	0.00320	0.01171	0.00722	0.00640
16	0.00820	0.00587	0.00780	0.00904	0.00959	0.00547	0.00613	0.00962	0.01345	0.01815	0.13293	0.66385	0.04615	0.01962	0.00831	0.00259	0.00372	0.01776	0.00627	0.00547
17	0.00820	0.00607	0.00750	0.00840	0.00925	0.00555	0.00572	0.00954	0.01342	0.01755	0.10173	0.49652	0.19072	0.07527	0.01010	0.00280	0.00384	0.01639	0.00605	0.00537
18	0.01243	0.01170	0.01975	0.75282	0.04534	0.01463	0.01828	0.01682	0.01316	0.01682	0.01170	0.01755	0.00878	0.00658	0.00658	0.00219	0.00878	0.00585	0.00293	0.00731
19	0.01440	0.01440	0.02016	0.01728	0.01728	0.02016	0.01440	0.01584	0.01008	0.01584	0.00864	0.01440	0.00864	0.01152	0.02160	0.00288	0.75659	0.00576	0.00288	0.00720
20	0.07463	0.00959	0.01160	0.01031	0.01200	0.01026	0.00761	0.19279	0.01466	0.02069	0.01242	0.01821	0.01105	0.01769	0.01909	0.53643	0.00607	0.00561	0.00393	0.00537
21	0.00818	0.00646	0.00739	0.00776	0.00937	0.00567	0.00567	0.00997	0.01493	0.01890	0.15770	0.24705	0.41999	0.01728	0.00799	0.00235	0.00352	0.03792	0.00628	0.00562
22	0.01025	0.00752	0.00913	0.00967	0.01091	0.00737	0.00683	0.10145	0.01531	0.02019	0.03709	0.58404	0.11814	0.01848	0.00809	0.00253	0.00422	0.01646	0.00617	0.00615
23	0.02459	0.03138	0.01866	0.01696	0.02035	0.74221	0.01272	0.02629	0.01866	0.01611	0.01018	0.01187	0.00848	0.00678	0.00594	0.00170	0.01187	0.00424	0.00339	0.00763
24	0.01091	0.00935	0.01256	0.01200	0.01307	0.04169	0.00947	0.01308	0.01084	0.01541	0.01578	0.02331	0.01478	0.04109	0.58802	0.00889	0.14345	0.00671	0.00341	0.00618
25	0.00956	0.00642	0.00737	0.00737	0.00743	0.00648	0.00422	0.00969	0.00963	0.01290	0.02057	0.04213	0.02352	0.72909	0.07249	0.00661	0.00700	0.00944	0.00396	0.00409
26	0.01765	0.00882	0.01134	0.00972	0.01288	0.00794	0.00765	0.02073	0.04361	0.31728	0.23661	0.06955	0.15896	0.01315	0.03140	0.00240	0.00477	0.01003	0.00723	0.00828
27	0.05144	0.07694	0.14280	0.02357	0.03034	0.03728	0.47745	0.02141	0.03469	0.02105	0.01288	0.01634	0.00973	0.00582	0.00702	0.00212	0.01017	0.00671	0.00334	0.00891
28	0.01790	0.71814	0.03325	0.01159	0.01706	0.05943	0.01131	0.02042	0.03181	0.01583	0.00966	0.01098	0.00875	0.00577	0.00437	0.00144	0.00722	0.00366	0.00294	0.00846
29	0.00957	0.00638	0.00718	0.00718	0.00718	0.00638	0.00399	0.00957	0.00957	0.01276	0.02074	0.04308	0.02393	0.76864	0.03351	0.00638	0.00638	0.00957	0.00399	0.00399
30	0.00817	0.00593	0.00772	0.00886	0.00954	0.00548	0.00604	0.00962	0.01358	0.01815	0.12969	0.61659	0.09754	0.01938	0.00827	0.00256	0.00369	0.01745	0.00626	0.00548
31	0.04938	0.01212	0.01447	0.01170	0.01592	0.03456	0.04839	0.07025	0.08829	0.06969	0.09556	0.11031	0.02155	0.00898	0.00630	0.00175	0.00544	0.02189	0.00530	0.30815
32	0.02105	0.37545	0.02617	0.01418	0.01865	0.33168	0.01208	0.07433	0.01686	0.01773	0.01008	0.01164	0.00868	0.00648	0.00566	0.00162	0.03196	0.00408	0.00335	0.00827
33	0.03655	0.01095	0.03920	0.01222	0.04447	0.01043	0.00943	0.05878	0.07250	0.17910	0.14775	0.12573	0.12425	0.01309	0.02965	0.00247	0.05923	0.00987	0.00622	0.00813
34	0.01894	0.06122	0.09817	0.01457	0.03858	0.12580	0.01244	0.13926	0.07221	0.09088	0.06782	0.01805	0.01486	0.00760	0.00709	0.00183	0.05536	0.00569	0.00488	0.14474
35	0.00807	0.00577	0.00768	0.00913	0.00956	0.00538	0.00611	0.00929	0.01284	0.01717	0.06264	0.73694	0.04425	0.02035	0.00838	0.00265	0.00379	0.01845	0.00615	0.00538
36	0.01243	0.01170	0.01975	0.75282	0.04534	0.01463	0.01828	0.01682	0.01316	0.01682	0.01170	0.01755	0.00878	0.00658	0.00658	0.00219	0.00878	0.00585	0.00293	0.00731
37	0.06015	0.01139	0.07886	0.11869	0.04662	0.01006	0.05611	0.04468	0.01382	0.01951	0.02565	0.39463	0.04225	0.01507	0.02936	0.00265	0.00633	0.01245	0.00488	0.00685
38	0.01441	0.01415	0.02338	0.36399	0.09299	0.04124	0.17033	0.04320	0.07275	0.01996	0.01520	0.05147	0.01255	0.00748	0.00698	0.00220	0.00869	0.02711	0.00373	0.00820
39	0.00920	0.00643	0.00776	0.00807	0.00868	0.00620	0.00533	0.01028	0.01245	0.01666	0.14397	0.17956	0.08625	0.39412	0.02090	0.00443	0.00513	0.06448	0.00523	0.00488
40	0.00858	0.00745	0.02807	0.00826	0.01010	0.00628	0.00628	0.01114	0.04115	0.01940	0.16512	0.26316	0.36780	0.01671	0.00788	0.00233	0.00369	0.01447	0.00623	0.00591
41	0.01766	0.04668	0.08949	0.05740	0.17111	0.09684	0.09634	0.09873	0.09503	0.05762	0.01717	0.05180	0.03276	0.00784	0.00717	0.00207	0.03387	0.00675	0.00440	0.00929
42	0.01124	0.03668	0.00897	0.00782	0.00845	0.00769	0.00482	0.01214	0.03580	0.05329	0.02080	0.04000	0.02277	0.66934	0.02991	0.00580	0.00632	0.00910	0.00427	0.00479
43	0.00822	0.00613	0.00757	0.00837	0.00935	0.00557	0.00579	0.00974	0.01398	0.01835	0.14753	0.46392	0.20616	0.04606	0.00908	0.00261	0.00369	0.01621	0.00621	0.00548
44	0.02459	0.03138	0.01866	0.01696	0.02035	0.74221	0.01272	0.02629	0.01866	0.01611	0.01018	0.01187	0.00848	0.00678	0.00594	0.00170	0.01187	0.00424	0.00339	0.00763
45	0.12522	0.17037	0.20385	0.02941	0.01970	0.03773	0.01363	0.09058	0.06724	0.06247	0.01642	0.05298	0.03839	0.00765	0.00575	0.00192	0.00707	0.00580	0.00429	0.03954
46	0.01433	0.17484	0.06239	0.03125	0.06865	0.07202	0.01070	0.06152	0.01449	0.01876	0.01846	0.20063	0.01926	0.08005	0.03997	0.00267	0.00708	0.00851	0.00420	0.09020

[dist]
# distance from previous block
# <min> <max>
2	8

[block]
# block no. 3 follows, 33 sequences, length 31
# corresponding to MSA columns:
# 184-214
name=unknown_D
#
# <colnr> <probs for GDERKNQSTAVLIFYWHMCP>
#	G	D	E	R	K	N	Q	S	T	A	V	L	I	F	Y	W	H	M	C	P
0	0.01541	0.04336	0.01471	0.07231	0.04095	0.07987	0.01020	0.12522	0.07597	0.04714	0.06535	0.11271	0.02036	0.01815	0.15966	0.00381	0.00871	0.00802	0.07028	0.00779
1	0.01344	0.09303	0.01517	0.01003	0.01504	0.01032	0.00825	0.01612	0.01359	0.02017	0.01488	0.04821	0.01406	0.03268	0.00631	0.00147	0.00523	0.06991	0.00408	0.58802
2	0.01615	0.01514	0.02453	0.13319	0.49001	0.01585	0.04569	0.05321	0.09806	0.02248	0.01418	0.01748	0.01136	0.00641	0.00660	0.00203	0.00775	0.00613	0.00378	0.00997
3	0.00872	0.00689	0.00768	0.00780	0.00951	0.00626	0.00572	0.01110	0.04261	0.01885	0.14841	0.13692	0.41230	0.09760	0.01065	0.00275	0.00391	0.05056	0.00607	0.00568
4	0.00878	0.00684	0.00802	0.00801	0.00972	0.00623	0.00589	0.01163	0.04487	0.02144	0.32069	0.17411	0.31834	0.01574	0.00783	0.00224	0.00340	0.01365	0.00659	0.00598
5	0.01733	0.09690	0.02362	0.12128	0.15676	0.04199	0.10901	0.09164	0.11846	0.06370	0.04417	0.01881	0.01383	0.00724	0.00699	0.00203	0.03275	0.00634	0.01790	0.00925
6	0.19099	0.02076	0.01764	0.01461	0.01889	0.25506	0.05178	0.25892	0.02088	0.02849	0.01272	0.01403	0.00968	0.00700	0.00580	0.00189	0.00830	0.00499	0.04882	0.00875
7	0.01383	0.00982	0.01050	0.00928	0.01217	0.00992	0.00725	0.14343	0.10187	0.05381	0.09888	0.03986	0.29193	0.01184	0.00679	0.00203	0.00430	0.00975	0.15515	0.00757
8	0.00841	0.00662	0.00763	0.00776	0.00951	0.00583	0.00581	0.01050	0.01575	0.02024	0.24968	0.15048	0.40802	0.01635	0.00793	0.00228	0.00348	0.05155	0.00644	0.00575
9	0.00840	0.00661	0.00758	0.00752	0.00932	0.00579	0.00557	0.01058	0.01620	0.02104	0.31910	0.12175	0.40553	0.01579	0.00783	0.00220	0.00329	0.01356	0.00655	0.00579
10	0.02460	0.02465	0.01868	0.01582	0.02001	0.40092	0.01236	0.27513	0.05876	0.06568	0.01396	0.01454	0.01050	0.00738	0.00625	0.00184	0.00949	0.00515	0.00499	0.00927
11	0.00818	0.00597	0.00772	0.00895	0.00966	0.00551	0.00618	0.00958	0.01334	0.01761	0.08115	0.61407	0.12094	0.01965	0.00832	0.00260	0.00381	0.04510	0.00618	0.00545
12	0.01629	0.01564	0.02672	0.04041	0.72757	0.01564	0.02020	0.02020	0.01499	0.02151	0.01238	0.01629	0.01043	0.00587	0.00652	0.00196	0.00782	0.00587	0.00326	0.01043
13	0.01614	0.01549	0.02645	0.06832	0.70084	0.01560	0.02013	0.02007	0.01492	0.02132	0.01236	0.01634	0.01036	0.00589	0.00652	0.00196	0.00786	0.00587	0.00325	0.01031
14	0.02304	0.01380	0.01511	0.01247	0.01663	0.06970	0.00994	0.16979	0.10251	0.32821	0.02620	0.10295	0.05980	0.00993	0.00683	0.00210	0.00607	0.00812	0.00693	0.00986
15	0.01144	0.00572	0.00858	0.00858	0.00858	0.00572	0.00572	0.00858	0.00858	0.01144	0.01144	0.02001	0.01144	0.02287	0.02573	0.80846	0.00572	0.00572	0.00286	0.00286
16	0.00998	0.00682	0.00811	0.00785	0.00972	0.00608	0.00586	0.01233	0.01639	0.06266	0.32913	0.12563	0.29348	0.01468	0.00756	0.00215	0.00340	0.01265	0.05934	0.00617
17	0.01241	0.01163	0.01964	0.05198	0.07420	0.01290	0.15599	0.01526	0.01272	0.01772	0.01912	0.09459	0.03441	0.06388	0.13297	0.00410	0.16940	0.08611	0.00391	0.00706
18	0.01808	0.01439	0.01422	0.01408	0.08311	0.11657	0.00988	0.15494	0.11844	0.05533	0.01921	0.03939	0.01508	0.00795	0.00584	0.00183	0.00602	0.00633	0.29074	0.00855
19	0.01622	0.01038	0.01230	0.01089	0.01370	0.01059	0.00858	0.19434	0.04304	0.11310	0.18969	0.15961	0.03241	0.01229	0.00719	0.00218	0.00491	0.06510	0.08542	0.00807
20	0.01564	0.01774	0.09854	0.14151	0.45428	0.04273	0.09383	0.02009	0.01480	0.02050	0.01224	0.01623	0.00985	0.00601	0.00661	0.00202	0.00866	0.00591	0.00317	0.00962
21	0.01129	0.01182	0.06368	0.08189	0.06555	0.06378	0.05787	0.01380	0.01370	0.01772	0.02777	0.39914	0.05539	0.03749	0.00850	0.00255	0.00624	0.05028	0.00493	0.00660
22	0.01331	0.00994	0.01133	0.01099	0.01344	0.03893	0.00886	0.01943	0.16639	0.08070	0.19868	0.04959	0.11983	0.01362	0.00778	0.00240	0.00505	0.21574	0.00655	0.00745
23	0.01131	0.00580	0.00870	0.00870	0.00877	0.00587	0.00587	0.00877	0.00870	0.01167	0.01181	0.02036	0.01174	0.02447	0.06899	0.76030	0.00644	0.00580	0.00290	0.00304
24	0.01545	0.19301	0.33157	0.01645	0.02346	0.01798	0.07899	0.06066	0.13130	0.02211	0.03817	0.01656	0.01244	0.00683	0.00608	0.00196	0.00814	0.00555	0.00385	0.00944
25	0.02106	0.37431	0.02628	0.01514	0.04344	0.38497	0.01231	0.02303	0.01608	0.01601	0.00978	0.01142	0.00853	0.00622	0.00516	0.00157	0.00949	0.00396	0.00312	0.00811
26	0.00959	0.00683	0.00831	0.00847	0.00981	0.00638	0.00604	0.01200	0.04095	0.04121	0.23527	0.25295	0.18128	0.11633	0.01134	0.00288	0.00403	0.03425	0.00623	0.00584
27	0.07429	0.19872	0.09355	0.01745	0.12518	0.04450	0.03740	0.10645	0.03424	0.08084	0.01562	0.04646	0.03247	0.00743	0.00625	0.00188	0.02663	0.00583	0.00429	0.04051
28	0.01114	0.06263	0.03505	0.00948	0.01126	0.03557	0.00699	0.01249	0.01233	0.03592	0.02513	0.34660	0.02849	0.23510	0.01485	0.00341	0.00546	0.01205	0.00487	0.09118
29	0.06350	0.20255	0.20821	0.01413	0.01945	0.19403	0.01398	0.04308	0.01556	0.01952	0.05396	0.07135	0.03863	0.00810	0.00587	0.00187	0.00824	0.00607	0.00375	0.00815
30	0.03693	0.02509	0.45189	0.05910	0.04588	0.01421	0.01907	0.02003	0.05282	0.04622	0.01964	0.02110	0.09746	0.00808	0.00738	0.00216	0.05401	0.00628	0.00367	0.00896

[dist]
# distance from previous block
# <min> <max>
2	11

[block]
# block no. 4 follows, 33 sequences, length 15
# corresponding to MSA columns:
# 227-241
name=unknown_E
#
# <colnr> <probs for GDERKNQSTAVLIFYWHMCP>
#	G	D	E	R	K	N	Q	S	T	A	V	L	I	F	Y	W	H	M	C	P
0	0.01599	0.18819	0.01829	0.09233	0.03732	0.04777	0.00978	0.01846	0.03033	0.11263	0.01586	0.02252	0.01421	0.18836	0.06073	0.00335	0.00752	0.00609	0.00414	0.10614
1	0.07244	0.39571	0.17012	0.01359	0.01951	0.10718	0.01377	0.04766	0.06956	0.01953	0.01144	0.01269	0.00935	0.00627	0.00511	0.00171	0.00789	0.00428	0.00341	0.00878
2	0.04647	0.14306	0.24194	0.04713	0.04472	0.05292	0.06926	0.08205	0.01633	0.13678	0.01510	0.04960	0.01168	0.00723	0.00616	0.00198	0.00809	0.00588	0.00428	0.00935
3	0.01144	0.00572	0.00858	0.00858	0.00858	0.00572	0.00572	0.00858	0.00858	0.01144	0.01144	0.02001	0.01144	0.02287	0.02573	0.80846	0.00572	0.00572	0.00286	0.00286
4	0.01027	0.00676	0.00873	0.00942	0.01049	0.00636	0.00659	0.04076	0.01445	0.06565	0.10037	0.59175	0.06629	0.01845	0.00813	0.00253	0.00400	0.01657	0.00637	0.00607
5	0.01568	0.10159	0.04170	0.04973	0.08999	0.09560	0.04175	0.08958	0.04388	0.01992	0.01789	0.12484	0.03768	0.07465	0.01117	0.00253	0.12189	0.00790	0.00418	0.00784
6	0.00967	0.00650	0.00861	0.00872	0.00923	0.00692	0.00593	0.01041	0.01018	0.01419	0.01974	0.08704	0.02103	0.34222	0.29450	0.09521	0.01022	0.00879	0.02615	0.00473
7	0.01529	0.02010	0.20359	0.04763	0.19710	0.04686	0.09986	0.07065	0.01587	0.02210	0.01636	0.01872	0.06201	0.00679	0.00643	0.00189	0.00810	0.00606	0.00370	0.13089
8	0.00793	0.00644	0.00703	0.00738	0.00911	0.00554	0.00534	0.00955	0.01462	0.01804	0.09719	0.23518	0.51879	0.01746	0.00793	0.00233	0.00344	0.01497	0.00618	0.00554
9	0.01490	0.01468	0.04914	0.14587	0.34039	0.01472	0.07505	0.04383	0.01499	0.02122	0.04253	0.02047	0.01346	0.00734	0.00778	0.00209	0.06321	0.03659	0.02850	0.04326
10	0.01849	0.68064	0.03263	0.01183	0.01733	0.06052	0.01143	0.07083	0.01494	0.01744	0.00969	0.01101	0.00865	0.00586	0.00448	0.00146	0.00729	0.00373	0.00312	0.00861
11	0.00955	0.00682	0.00830	0.00799	0.00950	0.00640	0.00579	0.01157	0.01502	0.04111	0.30984	0.04847	0.23022	0.16102	0.09603	0.00389	0.00551	0.01130	0.00592	0.00572
12	0.01781	0.01562	0.07717	0.01329	0.01791	0.01507	0.01134	0.15953	0.35929	0.08052	0.02485	0.04405	0.05866	0.00894	0.00661	0.00208	0.00585	0.00731	0.00619	0.06793
13	0.01751	0.01866	0.09063	0.05176	0.05920	0.04144	0.31050	0.18152	0.06527	0.02580	0.01521	0.04336	0.01189	0.00700	0.00707	0.00210	0.00905	0.00706	0.00436	0.03062
14	0.03992	0.03897	0.06503	0.01150	0.03771	0.03485	0.00880	0.01398	0.06551	0.01896	0.05755	0.44887	0.08459	0.01595	0.00759	0.00242	0.00496	0.03073	0.00555	0.00656

[dist]
# distance from previous block
# <min> <max>
0	17

[block]
# block no. 5 follows, 33 sequences, length 37
# corresponding to MSA columns:
# 259-295
name=unknown_F
#
# <colnr> <probs for GDERKNQSTAVLIFYWHMCP>
#	G	D	E	R	K	N	Q	S	T	A	V	L	I	F	Y	W	H	M	C	P
0	0.10570	0.04916	0.07134	0.07723	0.12433	0.05929	0.12846	0.06776	0.01486	0.02170	0.01436	0.09305	0.01298	0.00839	0.00827	0.00217	0.09829	0.00699	0.02741	0.00826
1	0.04703	0.01758	0.05889	0.09245	0.43994	0.08109	0.04383	0.05490	0.04493	0.03760	0.01308	0.01618	0.01044	0.00630	0.00643	0.00199	0.00820	0.00574	0.00366	0.00975
2	0.03501	0.04744	0.02122	0.56453	0.15020	0.03738	0.01780	0.01784	0.01358	0.01782	0.01158	0.01668	0.00897	0.00642	0.00638	0.00210	0.00854	0.00564	0.00302	0.00786
3	0.26623	0.15342	0.06434	0.01286	0.01745	0.15120	0.04445	0.06930	0.04677	0.02323	0.02609	0.01483	0.01070	0.04276	0.00656	0.00205	0.00746	0.00478	0.00396	0.03155
4	0.02255	0.01790	0.02120	0.05662	0.17108	0.04034	0.01443	0.50710	0.02635	0.03531	0.01472	0.01588	0.01084	0.00737	0.00655	0.00197	0.00758	0.00586	0.00561	0.01074
5	0.01284	0.01233	0.02150	0.66697	0.07411	0.01482	0.07030	0.01729	0.01342	0.01735	0.01185	0.01751	0.00894	0.00647	0.00667	0.00219	0.00891	0.00600	0.00297	0.00757
6	0.00815	0.00578	0.00760	0.00901	0.00936	0.00543	0.00594	0.00920	0.01236	0.01648	0.03503	0.70611	0.04196	0.08102	0.01043	0.00297	0.00403	0.01798	0.00594	0.00524
7	0.02503	0.01844	0.01976	0.01515	0.02042	0.02042	0.01251	0.70562	0.03095	0.04149	0.01581	0.01581	0.01120	0.00790	0.00659	0.00198	0.00724	0.00593	0.00659	0.01120
8	0.01338	0.04266	0.05608	0.01080	0.01334	0.04516	0.02250	0.10090	0.04340	0.04048	0.02653	0.10224	0.11568	0.24734	0.07454	0.00413	0.00726	0.02201	0.00487	0.00670
9	0.00955	0.00752	0.01064	0.01059	0.01176	0.00861	0.00827	0.01169	0.01146	0.01596	0.02532	0.08624	0.10924	0.03862	0.50333	0.00797	0.07393	0.03928	0.00411	0.00591
10	0.09296	0.01133	0.01483	0.01147	0.01648	0.01009	0.00947	0.03106	0.01823	0.67541	0.02462	0.02146	0.01556	0.00798	0.00641	0.00204	0.00556	0.00637	0.00782	0.01087
11	0.00941	0.00782	0.01099	0.10780	0.09113	0.00771	0.00889	0.01142	0.01359	0.01758	0.03883	0.39657	0.22118	0.01615	0.00780	0.00241	0.00476	0.01436	0.00539	0.00620
12	0.01696	0.01956	0.03400	0.02678	0.09086	0.12906	0.51300	0.02163	0.01577	0.02016	0.01258	0.01660	0.00974	0.00599	0.00788	0.00214	0.03822	0.00699	0.00332	0.00876
13	0.26034	0.02019	0.07962	0.01382	0.01882	0.13449	0.01198	0.33048	0.02156	0.03201	0.01256	0.01347	0.00929	0.00704	0.00570	0.00196	0.00756	0.00485	0.00498	0.00928
14	0.01779	0.01254	0.01420	0.04386	0.01660	0.01321	0.00972	0.30469	0.05706	0.08969	0.04374	0.08703	0.16602	0.05098	0.00852	0.00239	0.00582	0.04118	0.00629	0.00867
15	0.02262	0.01871	0.02008	0.01604	0.02077	0.13197	0.08262	0.34723	0.11704	0.09568	0.01788	0.01969	0.01346	0.00809	0.00673	0.00204	0.00790	0.03550	0.00588	0.01007
16	0.02363	0.14739	0.02173	0.01524	0.01981	0.31347	0.01239	0.31816	0.02309	0.02695	0.01244	0.01335	0.00965	0.00708	0.00594	0.00177	0.00908	0.00485	0.00467	0.00930
17	0.01365	0.01170	0.01365	0.00975	0.01560	0.00878	0.00780	0.01658	0.01365	0.02145	0.01170	0.01365	0.00975	0.00488	0.00488	0.00098	0.00488	0.00390	0.00390	0.80888
18	0.01867	0.28827	0.16547	0.01405	0.01966	0.09915	0.01386	0.14412	0.01781	0.05723	0.06811	0.01605	0.01354	0.00721	0.00616	0.00180	0.03047	0.00518	0.00416	0.00903
19	0.01096	0.00737	0.00898	0.00875	0.00913	0.00778	0.00578	0.01150	0.01063	0.04797	0.02173	0.07207	0.02419	0.57559	0.02819	0.00545	0.07087	0.06387	0.00435	0.00483
20	0.01243	0.01170	0.01975	0.75282	0.04534	0.01463	0.01828	0.01682	0.01316	0.01682	0.01170	0.01755	0.00878	0.00658	0.00658	0.00219	0.00878	0.00585	0.00293	0.00731
21	0.02459	0.03138	0.01866	0.01696	0.02035	0.74221	0.01272	0.02629	0.01866	0.01611	0.01018	0.01187	0.00848	0.00678	0.00594	0.00170	0.01187	0.00424	0.00339	0.00763
22	0.01422	0.02088	0.25118	0.25910	0.06847	0.01567	0.20707	0.04742	0.01485	0.02048	0.01238	0.01632	0.00915	0.00622	0.00680	0.00215	0.00960	0.00607	0.00315	0.00881
23	0.02497	0.02015	0.01961	0.01539	0.02041	0.11586	0.01254	0.61580	0.02933	0.03813	0.01506	0.01529	0.01084	0.00775	0.00650	0.00194	0.00786	0.00570	0.00616	0.01072
24	0.00904	0.00667	0.00850	0.00849	0.00999	0.00612	0.00640	0.01168	0.01704	0.02334	0.48143	0.14470	0.15439	0.01525	0.00796	0.00225	0.00348	0.07046	0.00684	0.00599
25	0.00802	0.00573	0.00764	0.00917	0.00955	0.00535	0.00611	0.00917	0.01260	0.01681	0.03628	0.76434	0.04354	0.02062	0.00840	0.00267	0.00382	0.01872	0.00611	0.00535
26	0.02503	0.01844	0.01976	0.01515	0.02042	0.02042	0.01251	0.70562	0.03095	0.04149	0.01581	0.01581	0.01120	0.00790	0.00659	0.00198	0.00724	0.00593	0.00659	0.01120
27	0.00876	0.00674	0.00923	0.00988	0.01088	0.00639	0.03459	0.01105	0.04662	0.01799	0.06763	0.61074	0.09689	0.01882	0.00822	0.00257	0.00411	0.01705	0.00608	0.00579
28	0.00927	0.00673	0.00941	0.00961	0.01041	0.00743	0.00697	0.01092	0.01060	0.01489	0.02074	0.12415	0.02165	0.21281	0.48408	0.00860	0.01326	0.00913	0.00396	0.00537
29	0.05159	0.01649	0.02200	0.11822	0.38257	0.11085	0.01679	0.02058	0.05172	0.02045	0.02916	0.01818	0.01209	0.00726	0.00781	0.00208	0.07575	0.02379	0.00358	0.00903
30	0.04355	0.03995	0.07093	0.01500	0.04729	0.07478	0.01229	0.21686	0.22065	0.05916	0.01861	0.02031	0.01438	0.00799	0.00636	0.00198	0.00684	0.03651	0.00556	0.08102
31	0.01835	0.13388	0.04511	0.08375	0.20426	0.01834	0.03566	0.22254	0.09918	0.02654	0.01528	0.04122	0.01234	0.00733	0.00630	0.00196	0.00734	0.00615	0.00461	0.00984
32	0.01658	0.39322	0.21802	0.01381	0.01992	0.07882	0.01453	0.05066	0.04309	0.01899	0.03325	0.04761	0.01218	0.00703	0.00541	0.00175	0.00783	0.00514	0.00345	0.00872
33	0.01497	0.01523	0.01541	0.01800	0.17941	0.18073	0.01105	0.01900	0.08809	0.02029	0.14417	0.05804	0.12489	0.07137	0.00904	0.00237	0.00678	0.00860	0.00490	0.00765
34	0.01156	0.06999	0.01095	0.00948	0.04087	0.04165	0.00604	0.01235	0.01175	0.03835	0.02685	0.04058	0.13883	0.48737	0.02349	0.00473	0.00621	0.00931	0.00433	0.00530
35	0.01516	0.01421	0.02401	0.12432	0.15189	0.01465	0.20332	0.02089	0.10086	0.05204	0.01834	0.02104	0.06107	0.00748	0.00805	0.00210	0.06831	0.00699	0.00410	0.08118
36	0.01039	0.04170	0.01000	0.00952	0.01102	0.00747	0.00697	0.04177	0.01406	0.04206	0.03553	0.48208	0.11306	0.04507	0.00884	0.00261	0.00444	0.06925	0.00588	0.03830

[dist]
# distance from previous block
# <min> <max>
4	20

[block]
# block no. 6 follows, 33 sequences, length 27
# corresponding to MSA columns:
# 316-342
name=unknown_G
#
# <colnr> <probs for GDERKNQSTAVLIFYWHMCP>
#	G	D	E	R	K	N	Q	S	T	A	V	L	I	F	Y	W	H	M	C	P
0	0.01617	0.03407	0.01805	0.06492	0.23250	0.10088	0.01278	0.07014	0.06671	0.05263	0.04277	0.04675	0.11950	0.05009	0.00808	0.00221	0.00691	0.00759	0.00463	0.04260
1	0.01876	0.05885	0.02341	0.11129	0.29886	0.12422	0.04510	0.12153	0.07085	0.04349	0.01382	0.01627	0.01083	0.00665	0.00639	0.00195	0.00828	0.00573	0.00410	0.00961
2	0.01710	0.04045	0.04530	0.05163	0.20946	0.11092	0.17818	0.07112	0.06477	0.02186	0.01421	0.04536	0.01181	0.00696	0.00705	0.00199	0.02864	0.00649	0.00388	0.06283
3	0.01389	0.01210	0.02034	0.62981	0.06884	0.01457	0.03946	0.01808	0.01360	0.06505	0.01264	0.01774	0.00938	0.00678	0.00708	0.00220	0.03146	0.00596	0.00330	0.00774
4	0.01701	0.01446	0.01524	0.01353	0.01736	0.01667	0.01057	0.08435	0.66528	0.02857	0.02599	0.02392	0.01944	0.00886	0.00669	0.00221	0.00536	0.00733	0.00669	0.01048
5	0.20071	0.01169	0.01356	0.01047	0.01555	0.01056	0.00857	0.02482	0.01566	0.37253	0.01815	0.01729	0.01238	0.00676	0.00555	0.00173	0.00528	0.00516	0.00603	0.23755
6	0.02434	0.01810	0.01937	0.01501	0.02015	0.02010	0.01235	0.65248	0.08521	0.04038	0.01668	0.01650	0.01190	0.00798	0.00659	0.00200	0.00708	0.00605	0.00659	0.01113
7	0.01103	0.00806	0.01092	0.01222	0.01390	0.00823	0.01059	0.01522	0.06695	0.02028	0.03426	0.07058	0.03657	0.01750	0.00892	0.00297	0.00600	0.63329	0.00611	0.00638
8	0.00886	0.00627	0.00788	0.00864	0.00926	0.00598	0.00589	0.01012	0.01282	0.01710	0.11462	0.36524	0.07648	0.23626	0.01564	0.00369	0.00467	0.07983	0.00563	0.00514
9	0.00812	0.00577	0.00761	0.00903	0.00939	0.00542	0.00597	0.00919	0.01240	0.01653	0.03524	0.71600	0.04223	0.07076	0.01009	0.00292	0.00399	0.01810	0.00597	0.00526
10	0.01057	0.00733	0.00873	0.00842	0.00902	0.00771	0.00545	0.05668	0.01122	0.01522	0.01976	0.03765	0.02152	0.56729	0.17992	0.00696	0.00879	0.00880	0.00407	0.00487
11	0.01379	0.01215	0.01551	0.01108	0.01699	0.00936	0.05925	0.01691	0.01379	0.02142	0.01182	0.01395	0.00977	0.00493	0.00509	0.00107	0.00534	0.00419	0.00386	0.74973
12	0.01596	0.09876	0.08294	0.10313	0.15933	0.07759	0.21761	0.02124	0.06188	0.02035	0.01363	0.01684	0.01070	0.00627	0.00645	0.00198	0.00878	0.00608	0.06167	0.00882
13	0.01908	0.61618	0.03115	0.01247	0.01763	0.17718	0.01157	0.02110	0.01449	0.01562	0.00937	0.01084	0.00846	0.00588	0.00459	0.00147	0.00806	0.00367	0.00294	0.00828
14	0.02324	0.02454	0.01770	0.01556	0.01938	0.44297	0.01196	0.10757	0.17170	0.07775	0.01568	0.01592	0.01194	0.00749	0.00623	0.00187	0.00939	0.00532	0.00486	0.00893
15	0.01919	0.01406	0.01553	0.01299	0.01654	0.01523	0.01020	0.46396	0.02446	0.03275	0.02225	0.24486	0.02159	0.04416	0.00828	0.00238	0.00616	0.00998	0.00633	0.00911
16	0.02287	0.02333	0.01877	0.01724	0.06687	0.40694	0.03772	0.12358	0.01940	0.09954	0.01427	0.03783	0.01166	0.03978	0.00743	0.00202	0.00954	0.00563	0.00449	0.03109
17	0.14607	0.01194	0.01275	0.01161	0.04170	0.03815	0.00878	0.13937	0.04844	0.09996	0.20351	0.03212	0.12074	0.01031	0.00663	0.00205	0.00516	0.02423	0.00611	0.03036
18	0.01617	0.03557	0.07052	0.04395	0.12716	0.01220	0.04848	0.04918	0.06201	0.13104	0.03715	0.03916	0.01547	0.03507	0.13442	0.00352	0.00858	0.00663	0.02609	0.09764
