[name]
unknown

[dist]
# distance from previous block
# <min> <max>
37	155

[block]
# block no. 0 follows, 32 sequences, length 6
# corresponding to MSA columns:
# 175-180
name=unknown_A
#
# <colnr> <probs for GDERKNQSTAVLIFYWHMCP>
#	G	D	E	R	K	N	Q	S	T	A	V	L	I	F	Y	W	H	M	C	P
0	0.10482	0.01336	0.01249	0.01119	0.01389	0.11071	0.00855	0.13566	0.01731	0.02371	0.09827	0.09658	0.11729	0.08309	0.07646	0.00329	0.02658	0.00885	0.00523	0.03268
1	0.06054	0.01087	0.01429	0.06430	0.01745	0.04614	0.06914	0.01887	0.05570	0.15190	0.02812	0.25653	0.05051	0.03878	0.00848	0.00257	0.00613	0.08626	0.00584	0.00759
2	0.07880	0.00942	0.01004	0.01019	0.01203	0.04254	0.00770	0.03728	0.07579	0.02171	0.13266	0.24852	0.10925	0.05932	0.00931	0.00270	0.00497	0.11519	0.00602	0.00654
3	0.01657	0.01843	0.10157	0.11648	0.31489	0.09190	0.01753	0.06785	0.01636	0.02194	0.01435	0.02073	0.01233	0.00733	0.00664	0.00202	0.00830	0.06220	0.00378	0.07879
4	0.10945	0.01490	0.01644	0.08341	0.01999	0.01655	0.01127	0.39332	0.05405	0.03477	0.12450	0.02173	0.01938	0.00863	0.00653	0.00205	0.00636	0.00678	0.04038	0.00952
5	0.11797	0.01608	0.07328	0.01214	0.01601	0.15272	0.01034	0.01979	0.01598	0.11234	0.09507	0.09232	0.06076	0.01044	0.00665	0.00206	0.00667	0.07651	0.00526	0.09760

[dist]
# distance from previous block
# <min> <max>
5	12

[block]
# block no. 1 follows, 32 sequences, length 28
# corresponding to MSA columns:
# 195-222
name=unknown_B
#
# <colnr> <probs for GDERKNQSTAVLIFYWHMCP>
#	G	D	E	R	K	N	Q	S	T	A	V	L	I	F	Y	W	H	M	C	P
0	0.05872	0.01438	0.01472	0.01213	0.01621	0.03699	0.00972	0.31313	0.11890	0.03149	0.05865	0.02805	0.14896	0.00983	0.00665	0.00201	0.00581	0.00779	0.05171	0.05414
1	0.01413	0.01102	0.01119	0.01017	0.01207	0.05994	0.00723	0.11900	0.07644	0.04120	0.02629	0.06495	0.10303	0.34556	0.06505	0.00461	0.00715	0.00926	0.00511	0.00660
2	0.01804	0.01523	0.02194	0.13471	0.37820	0.05597	0.01658	0.08833	0.01717	0.09033	0.01754	0.02011	0.05116	0.00726	0.00663	0.00202	0.00763	0.00643	0.03501	0.00971
3	0.13869	0.01288	0.01530	0.01302	0.05621	0.01202	0.03053	0.08156	0.06411	0.10001	0.01609	0.05963	0.01318	0.00710	0.00572	0.00165	0.00562	0.00578	0.00498	0.35592
4	0.09375	0.01782	0.02580	0.04750	0.29378	0.10302	0.16709	0.06763	0.01616	0.02273	0.01243	0.01604	0.01007	0.00783	0.02918	0.00235	0.04788	0.00602	0.00365	0.00927
5	0.09262	0.17630	0.37172	0.01740	0.04561	0.05876	0.06513	0.02183	0.01451	0.06057	0.01208	0.01389	0.00905	0.00631	0.00586	0.00196	0.00884	0.00486	0.00336	0.00933
6	0.01565	0.01499	0.02261	0.03911	0.05392	0.05589	0.22879	0.08558	0.16623	0.02353	0.02215	0.16919	0.02051	0.01038	0.00756	0.00233	0.00777	0.03995	0.00512	0.00872
7	0.01391	0.01301	0.02127	0.47200	0.18653	0.01504	0.03622	0.01968	0.08279	0.01949	0.01469	0.02089	0.01180	0.00729	0.00685	0.00223	0.00832	0.03597	0.00359	0.00843
8	0.01009	0.00711	0.00860	0.00869	0.00940	0.00720	0.00574	0.04596	0.01246	0.01676	0.06166	0.20851	0.06024	0.38845	0.11468	0.00553	0.00711	0.01172	0.00491	0.00520
9	0.02620	0.01358	0.01667	0.04725	0.05825	0.06298	0.06315	0.04757	0.01532	0.02190	0.03727	0.08465	0.03027	0.00745	0.00600	0.00154	0.00625	0.00645	0.00429	0.44297
10	0.01500	0.01452	0.02149	0.11962	0.42636	0.06949	0.01658	0.01838	0.01522	0.02051	0.06468	0.13234	0.01905	0.00897	0.00699	0.00212	0.00746	0.00827	0.00401	0.00893
11	0.01417	0.01286	0.01617	0.01255	0.01648	0.01289	0.01024	0.01664	0.01268	0.01992	0.01087	0.01417	0.00955	0.00727	0.01076	0.00165	0.25862	0.00462	0.00362	0.53427
12	0.01982	0.15682	0.05047	0.02049	0.17395	0.10054	0.05477	0.11792	0.03419	0.10473	0.01800	0.01917	0.06073	0.00763	0.00682	0.00195	0.03174	0.00613	0.00457	0.00955
13	0.53611	0.12148	0.01587	0.01260	0.06347	0.11750	0.00957	0.02082	0.01305	0.02563	0.00971	0.01144	0.00788	0.00624	0.00461	0.00193	0.00662	0.00388	0.00382	0.00776
14	0.01326	0.00798	0.00836	0.00792	0.00995	0.00834	0.00603	0.04041	0.12266	0.02624	0.09412	0.02731	0.02226	0.00863	0.00542	0.00174	0.00360	0.00706	0.57162	0.00710
15	0.02127	0.01757	0.06916	0.08748	0.08250	0.05359	0.01426	0.26569	0.07443	0.13323	0.03487	0.01842	0.01335	0.00817	0.00806	0.00214	0.07391	0.00623	0.00555	0.01012
16	0.01201	0.00844	0.00998	0.01005	0.01178	0.00845	0.00721	0.05488	0.12105	0.06684	0.03647	0.41413	0.12291	0.07094	0.00984	0.00279	0.00456	0.01444	0.00633	0.00691
17	0.00865	0.00697	0.00779	0.00803	0.00994	0.00620	0.00608	0.01104	0.03353	0.01949	0.13757	0.15171	0.47158	0.01706	0.00811	0.00238	0.00375	0.07784	0.00638	0.00589
18	0.02105	0.18356	0.02190	0.01400	0.01895	0.02078	0.01180	0.33948	0.24186	0.03192	0.01814	0.01774	0.01365	0.00787	0.00622	0.00197	0.00668	0.00599	0.00590	0.01054
19	0.07922	0.01225	0.01445	0.01132	0.01598	0.01172	0.00923	0.16047	0.01980	0.33642	0.04666	0.02081	0.01588	0.00783	0.00612	0.00186	0.00549	0.00617	0.10702	0.11129
20	0.01450	0.05527	0.04704	0.08321	0.05749	0.03068	0.01075	0.01834	0.05236	0.11831	0.21600	0.09755	0.08907	0.01172	0.00778	0.00221	0.03087	0.04316	0.00585	0.00784
21	0.01636	0.10801	0.47667	0.01735	0.02576	0.01569	0.06006	0.02244	0.01488	0.11628	0.01379	0.01519	0.00979	0.00645	0.00621	0.00199	0.00885	0.00517	0.00368	0.05539
22	0.00958	0.00619	0.00799	0.00905	0.00967	0.00581	0.00605	0.01078	0.01284	0.04860	0.03382	0.60211	0.03928	0.10644	0.01125	0.00307	0.00424	0.01672	0.05092	0.00560
23	0.43419	0.01450	0.01470	0.06110	0.06582	0.05618	0.01070	0.05647	0.01407	0.10882	0.01210	0.01393	0.00918	0.00727	0.00714	0.00216	0.09422	0.00474	0.00446	0.00825
24	0.01709	0.05481	0.02358	0.10854	0.29765	0.09006	0.06624	0.04800	0.11411	0.02205	0.01476	0.01764	0.01180	0.00696	0.00708	0.00204	0.03672	0.00607	0.04536	0.00943
25	0.00950	0.00753	0.00960	0.03555	0.04010	0.00730	0.00782	0.01226	0.04841	0.01848	0.04326	0.29773	0.25358	0.03520	0.03690	0.00296	0.00509	0.11672	0.00588	0.00615
26	0.00833	0.00628	0.00762	0.00848	0.00953	0.00568	0.00590	0.00979	0.01396	0.01803	0.09584	0.44864	0.25000	0.05296	0.00950	0.00272	0.00386	0.03113	0.00622	0.00553
27	0.03697	0.09874	0.18153	0.01479	0.01984	0.08094	0.03252	0.13710	0.05264	0.06564	0.06549	0.11087	0.01840	0.00948	0.00737	0.00212	0.04423	0.00753	0.00487	0.00894

[dist]
# distance from previous block
# <min> <max>
0	8

[block]
# block no. 2 follows, 32 sequences, length 59
# corresponding to MSA columns:
# 231-289
name=unknown_C
#
# <colnr> <probs for GDERKNQSTAVLIFYWHMCP>
#	G	D	E	R	K	N	Q	S	T	A	V	L	I	F	Y	W	H	M	C	P
0	0.02055	0.12608	0.04344	0.07736	0.04925	0.21838	0.09172	0.06831	0.05765	0.11279	0.01644	0.01829	0.03367	0.02873	0.00714	0.00206	0.00886	0.00593	0.00445	0.00889
1	0.04353	0.10599	0.26570	0.07348	0.11469	0.07940	0.05724	0.09916	0.01689	0.06378	0.01297	0.01504	0.00969	0.00658	0.00626	0.00200	0.00888	0.00531	0.00380	0.00962
2	0.04368	0.17649	0.07951	0.02002	0.15507	0.29466	0.01452	0.04436	0.04803	0.01953	0.01361	0.01533	0.03389	0.00691	0.00590	0.00181	0.00917	0.00506	0.00363	0.00882
3	0.00872	0.00645	0.00830	0.00916	0.01009	0.00614	0.00640	0.01089	0.03484	0.01914	0.15603	0.50350	0.11012	0.02083	0.05328	0.00306	0.00463	0.01633	0.00628	0.00581
4	0.00831	0.00627	0.00770	0.00861	0.00969	0.00566	0.00605	0.00988	0.01421	0.01842	0.10930	0.46912	0.24389	0.01909	0.00834	0.00254	0.00375	0.03722	0.00634	0.00562
5	0.00845	0.00666	0.00762	0.00772	0.00947	0.00583	0.00566	0.01051	0.01602	0.02064	0.26167	0.17450	0.40809	0.01666	0.00803	0.00229	0.00341	0.01435	0.00658	0.00583
6	0.00883	0.00631	0.00774	0.00843	0.00908	0.00594	0.00559	0.00997	0.01292	0.01711	0.10629	0.37250	0.11954	0.24115	0.01607	0.00374	0.00460	0.03331	0.00570	0.00517
7	0.01794	0.76823	0.03516	0.01148	0.01722	0.02655	0.01148	0.02009	0.01363	0.01579	0.00933	0.01076	0.00861	0.00574	0.00431	0.00144	0.00718	0.00359	0.00287	0.00861
8	0.01169	0.00874	0.01035	0.00981	0.01197	0.00882	0.00737	0.01828	0.18775	0.05124	0.35780	0.14375	0.11843	0.01375	0.00770	0.00225	0.00392	0.01200	0.00700	0.00738
9	0.01267	0.01193	0.02013	0.74806	0.04621	0.01491	0.01863	0.01714	0.01342	0.01714	0.01193	0.01789	0.00894	0.00671	0.00671	0.00224	0.00894	0.00596	0.00298	0.00745
10	0.01564	0.01281	0.01452	0.01083	0.01634	0.01107	0.00868	0.10991	0.07451	0.02525	0.01420	0.01562	0.01133	0.00585	0.00535	0.00126	0.00524	0.00465	0.03887	0.59808
11	0.00971	0.00668	0.00820	0.00818	0.00853	0.00694	0.00518	0.01041	0.01041	0.01424	0.05190	0.04008	0.02437	0.56330	0.19753	0.00731	0.00904	0.00926	0.00411	0.00462
12	0.01532	0.01245	0.01296	0.01158	0.01458	0.06312	0.00910	0.12557	0.18150	0.04904	0.25904	0.03884	0.10750	0.01181	0.00741	0.00219	0.00527	0.05771	0.00669	0.00830
13	0.04797	0.30391	0.44415	0.01589	0.02403	0.01960	0.01917	0.02076	0.01386	0.01960	0.01093	0.01278	0.00849	0.00614	0.00552	0.00187	0.00871	0.00440	0.00290	0.00933
14	0.01074	0.00864	0.01215	0.05489	0.01375	0.01046	0.00894	0.01243	0.01056	0.01506	0.01683	0.02860	0.01698	0.23834	0.36996	0.00767	0.14707	0.00759	0.00357	0.00579
15	0.02587	0.01848	0.01918	0.01497	0.02012	0.07153	0.01225	0.52517	0.05223	0.14499	0.01767	0.01716	0.01232	0.00805	0.00667	0.00201	0.00740	0.00608	0.00672	0.01112
16	0.01562	0.01494	0.02545	0.21842	0.55281	0.01568	0.02010	0.01973	0.01481	0.02072	0.01245	0.01693	0.01021	0.00616	0.00666	0.00205	0.00822	0.00597	0.00324	0.00983
17	0.06086	0.01896	0.06062	0.01496	0.02045	0.04436	0.01283	0.51672	0.02753	0.13062	0.01674	0.01651	0.01165	0.00787	0.00656	0.00202	0.00738	0.00590	0.00646	0.01101
18	0.01590	0.01255	0.01505	0.01309	0.01544	0.01486	0.01049	0.09585	0.19341	0.06669	0.02447	0.02637	0.09900	0.03649	0.05537	0.00300	0.21737	0.00760	0.06860	0.00841
19	0.00826	0.00673	0.00731	0.00733	0.00931	0.00578	0.00544	0.01021	0.01583	0.01980	0.19519	0.11880	0.53329	0.01667	0.00798	0.00227	0.00339	0.01416	0.00646	0.00578
20	0.01605	0.01401	0.04157	0.17280	0.30121	0.01378	0.03516	0.02117	0.07563	0.09183	0.02052	0.02272	0.08090	0.00765	0.00674	0.00205	0.00723	0.00690	0.00437	0.05771
21	0.20824	0.14641	0.01980	0.03571	0.01891	0.22024	0.01148	0.17721	0.03820	0.02578	0.01174	0.01313	0.00929	0.00702	0.00600	0.00189	0.03132	0.00462	0.00433	0.00868
22	0.02725	0.01601	0.01841	0.01411	0.01942	0.01667	0.01166	0.44763	0.02688	0.30121	0.02003	0.01865	0.01338	0.00815	0.00673	0.00204	0.00675	0.00631	0.00731	0.01141
23	0.00853	0.00684	0.00839	0.00858	0.01021	0.00607	0.02525	0.01030	0.01469	0.01860	0.11283	0.28503	0.37704	0.04127	0.00901	0.00256	0.00396	0.03891	0.00618	0.00572
24	0.01560	0.01620	0.02042	0.01759	0.01789	0.08373	0.01453	0.01709	0.01105	0.01617	0.00895	0.01445	0.00879	0.01132	0.02061	0.00283	0.68669	0.00574	0.00298	0.00738
25	0.00899	0.00669	0.00836	0.00825	0.00979	0.00607	0.00607	0.01156	0.01734	0.02369	0.48671	0.15855	0.19230	0.01546	0.00801	0.00223	0.00332	0.01357	0.00698	0.00607
26	0.04629	0.00961	0.00982	0.00868	0.01128	0.01023	0.00681	0.16744	0.04648	0.02914	0.02036	0.02251	0.01568	0.00786	0.00520	0.00171	0.00423	0.00616	0.56290	0.00761
27	0.00818	0.00584	0.00779	0.00934	0.00973	0.00545	0.00623	0.00934	0.01285	0.01713	0.03698	0.75981	0.04438	0.02102	0.00856	0.00273	0.00389	0.01908	0.00623	0.00545
28	0.01391	0.01193	0.01391	0.00994	0.01590	0.00894	0.00795	0.01690	0.01391	0.02186	0.01193	0.01391	0.00994	0.00497	0.00497	0.00099	0.00497	0.00398	0.00398	0.80521
29	0.02551	0.01879	0.02014	0.01544	0.02081	0.02081	0.01275	0.69996	0.03155	0.04229	0.01611	0.01611	0.01141	0.00805	0.00671	0.00201	0.00738	0.00604	0.00671	0.01141
30	0.01650	0.01420	0.01503	0.01361	0.01733	0.01640	0.01063	0.03495	0.68774	0.02781	0.02758	0.02667	0.02107	0.00941	0.00691	0.00230	0.00534	0.02924	0.00681	0.01048
31	0.00818	0.00584	0.00779	0.00934	0.00973	0.00545	0.00623	0.00934	0.01285	0.01713	0.03698	0.75981	0.04438	0.02102	0.00856	0.00273	0.00389	0.01908	0.00623	0.00545
32	0.00829	0.00592	0.00792	0.00948	0.00992	0.00555	0.00644	0.00955	0.01296	0.01726	0.03692	0.72895	0.04412	0.02091	0.00860	0.00274	0.00400	0.04876	0.00623	0.00548
33	0.01366	0.01294	0.02192	0.56983	0.21669	0.01517	0.01913	0.01801	0.01389	0.01835	0.01210	0.01757	0.00937	0.00652	0.00669	0.00217	0.00870	0.00597	0.00307	0.00825
34	0.01267	0.01193	0.02013	0.74806	0.04621	0.01491	0.01863	0.01714	0.01342	0.01714	0.01193	0.01789	0.00894	0.00671	0.00671	0.00224	0.00894	0.00596	0.00298	0.00745
35	0.01627	0.01560	0.02662	0.10220	0.66397	0.01585	0.02042	0.02029	0.01512	0.02151	0.01256	0.01672	0.01048	0.00604	0.00665	0.00201	0.00806	0.00598	0.00329	0.01035
36	0.02289	0.02579	0.01812	0.01611	0.01987	0.46336	0.01232	0.10655	0.20416	0.02249	0.01553	0.01600	0.01211	0.00763	0.00633	0.00191	0.00975	0.00539	0.00473	0.00895
37	0.00976	0.00651	0.00732	0.00732	0.00732	0.00651	0.00407	0.00976	0.00976	0.01301	0.02114	0.04391	0.02439	0.76419	0.03415	0.00651	0.00651	0.00976	0.00407	0.00407
38	0.01922	0.07920	0.01803	0.01428	0.01837	0.13462	0.01133	0.11408	0.45871	0.02692	0.02174	0.02069	0.01649	0.00835	0.00648	0.00209	0.00681	0.00654	0.00595	0.01009
39	0.00897	0.00624	0.00748	0.00814	0.00846	0.00600	0.00505	0.00957	0.01143	0.01509	0.03093	0.34915	0.07832	0.39989	0.02158	0.00462	0.00519	0.01400	0.00513	0.00476
40	0.01799	0.09165	0.30146	0.01920	0.06286	0.10669	0.09955	0.10311	0.01756	0.06405	0.04352	0.01649	0.01202	0.00691	0.00648	0.00201	0.00917	0.00571	0.00399	0.00958
41	0.01502	0.01433	0.02437	0.32579	0.45011	0.01553	0.01980	0.01920	0.01453	0.02000	0.01234	0.01712	0.00995	0.00627	0.00667	0.00209	0.00836	0.00597	0.00318	0.00935
42	0.00818	0.00584	0.00779	0.00934	0.00973	0.00545	0.00623	0.00934	0.01285	0.01713	0.03698	0.75981	0.04438	0.02102	0.00856	0.00273	0.00389	0.01908	0.00623	0.00545
43	0.00833	0.00640	0.00764	0.00820	0.00953	0.00570	0.00582	0.01009	0.01496	0.01938	0.17951	0.35823	0.30591	0.01808	0.00820	0.00243	0.00356	0.01587	0.00645	0.00570
44	0.13114	0.30506	0.28618	0.01635	0.05250	0.01974	0.06393	0.02058	0.01373	0.02053	0.01076	0.01279	0.00857	0.00605	0.00539	0.00186	0.00822	0.00450	0.00310	0.00901
45	0.02512	0.03038	0.01915	0.01706	0.02075	0.65050	0.01294	0.10831	0.02053	0.01955	0.01107	0.01259	0.00898	0.00705	0.00613	0.00176	0.01153	0.00453	0.00385	0.00822
46	0.00818	0.00584	0.00779	0.00934	0.00973	0.00545	0.00623	0.00934	0.01285	0.01713	0.03698	0.75981	0.04438	0.02102	0.00856	0.00273	0.00389	0.01908	0.00623	0.00545
47	0.01756	0.01399	0.01534	0.01184	0.01716	0.03353	0.00947	0.12240	0.15783	0.07202	0.01656	0.01702	0.01269	0.00653	0.00575	0.00150	0.00565	0.00520	0.00522	0.45276
48	0.03815	0.06942	0.11224	0.01148	0.01661	0.01157	0.01044	0.06745	0.01548	0.06719	0.06494	0.09047	0.01801	0.05464	0.00768	0.00194	0.00590	0.00677	0.00468	0.32493
49	0.06413	0.13858	0.09884	0.01327	0.01802	0.11305	0.01193	0.13064	0.03911	0.04575	0.01769	0.03765	0.06137	0.03269	0.02897	0.00227	0.04127	0.00604	0.00445	0.09427
50	0.04248	0.14894	0.38400	0.01469	0.02158	0.01525	0.01694	0.01998	0.04121	0.04583	0.13271	0.02245	0.05043	0.00813	0.00631	0.00202	0.00756	0.00645	0.00414	0.00889
51	0.01466	0.01539	0.03038	0.31681	0.11991	0.01603	0.34783	0.01965	0.01481	0.01981	0.01281	0.01784	0.00974	0.00611	0.00729	0.00222	0.00998	0.00691	0.00322	0.00860
52	0.03603	0.05283	0.13916	0.01921	0.10923	0.05459	0.10596	0.14094	0.04113	0.10248	0.04747	0.02260	0.08209	0.00814	0.00678	0.00207	0.00780	0.00700	0.00495	0.00955
53	0.04966	0.01044	0.01353	0.03997	0.01579	0.01062	0.05877	0.07955	0.11394	0.07052	0.17634	0.14974	0.13674	0.01280	0.00751	0.00229	0.00517	0.03257	0.00631	0.00776
54	0.00847	0.00631	0.00773	0.00841	0.00946	0.00574	0.00583	0.01006	0.01440	0.01894	0.17154	0.40732	0.21408	0.06737	0.00996	0.00274	0.00381	0.01594	0.00630	0.00558
55	0.01625	0.01634	0.08233	0.23131	0.17326	0.05773	0.04560	0.11648	0.01703	0.04651	0.01661	0.11906	0.01479	0.00871	0.00694	0.00218	0.00809	0.00771	0.00425	0.00884
56	0.06578	0.06730	0.26452	0.06558	0.05505	0.08812	0.01671	0.05937	0.05763	0.08594	0.03567	0.01688	0.01208	0.00838	0.02372	0.00229	0.05610	0.00555	0.00412	0.00923
57	0.01500	0.01401	0.02324	0.14030	0.49106	0.01467	0.01808	0.01947	0.04579	0.02065	0.01454	0.04221	0.01257	0.01148	0.08532	0.00301	0.00894	0.00660	0.00355	0.00949
58	0.01118	0.00766	0.01020	0.01133	0.04922	0.00763	0.00751	0.01323	0.03432	0.06451	0.08791	0.39304	0.03587	0.14309	0.01304	0.00321	0.03552	0.03951	0.02580	0.00624

[dist]
# distance from previous block
# <min> <max>
2	9

[block]
# block no. 3 follows, 32 sequences, length 14
# corresponding to MSA columns:
# 299-312
name=unknown_D
#
# <colnr> <probs for GDERKNQSTAVLIFYWHMCP>
#	G	D	E	R	K	N	Q	S	T	A	V	L	I	F	Y	W	H	M	C	P
0	0.07247	0.11351	0.03620	0.06012	0.08867	0.07745	0.02932	0.14470	0.06025	0.04627	0.04007	0.01752	0.01306	0.03375	0.00692	0.00195	0.00715	0.00556	0.00457	0.14049
1	0.05000	0.05513	0.02090	0.03751	0.10267	0.40203	0.05542	0.10254	0.01896	0.02100	0.01539	0.01709	0.05773	0.00747	0.00632	0.00188	0.00990	0.00559	0.00400	0.00848
2	0.01038	0.00734	0.00926	0.00964	0.01097	0.00693	0.00675	0.03642	0.04014	0.04116	0.10685	0.52049	0.04019	0.05485	0.00934	0.00267	0.00425	0.01557	0.00619	0.06060
3	0.01743	0.01667	0.06723	0.22194	0.25822	0.01687	0.03921	0.18099	0.06897	0.02582	0.01432	0.01734	0.01093	0.00691	0.00671	0.00210	0.00813	0.00610	0.00426	0.00986
4	0.00857	0.00680	0.00757	0.00739	0.00929	0.00594	0.00546	0.01067	0.01624	0.02083	0.28719	0.05846	0.45593	0.05877	0.00943	0.00246	0.00350	0.01322	0.00650	0.00580
5	0.00877	0.00680	0.00812	0.00797	0.00974	0.00614	0.00595	0.01116	0.01653	0.02190	0.35978	0.09526	0.33296	0.01802	0.05816	0.00281	0.00432	0.01304	0.00658	0.00598
6	0.00814	0.00661	0.00723	0.00748	0.00930	0.00569	0.00546	0.00989	0.01519	0.01885	0.13032	0.20326	0.51426	0.01746	0.00806	0.00234	0.00347	0.01494	0.00635	0.00569
7	0.00962	0.00706	0.01015	0.01015	0.01113	0.00804	0.00760	0.01158	0.01060	0.01511	0.01855	0.02956	0.01816	0.18049	0.60934	0.01000	0.01588	0.00766	0.00368	0.00564
8	0.01794	0.76823	0.03516	0.01148	0.01722	0.02655	0.01148	0.02009	0.01363	0.01579	0.00933	0.01076	0.00861	0.00574	0.00431	0.00144	0.00718	0.00359	0.00287	0.00861
9	0.08092	0.07376	0.02082	0.01695	0.02095	0.54482	0.05916	0.07030	0.01875	0.01944	0.01083	0.01261	0.00883	0.00678	0.00598	0.00179	0.01093	0.00459	0.00368	0.00812
10	0.01598	0.01498	0.05734	0.01276	0.01630	0.07676	0.01040	0.08594	0.30243	0.05146	0.10227	0.12256	0.07974	0.01126	0.00714	0.00223	0.00583	0.00944	0.00627	0.00892
11	0.06021	0.05069	0.01656	0.01347	0.05970	0.01325	0.01017	0.11396	0.11861	0.16927	0.04395	0.04167	0.01586	0.00764	0.00608	0.00177	0.00570	0.00618	0.00574	0.23952
12	0.01868	0.02201	0.01945	0.01672	0.01990	0.37778	0.10833	0.02108	0.01689	0.01808	0.05520	0.02603	0.10918	0.00967	0.00861	0.00211	0.09138	0.04733	0.00412	0.00746
13	0.01785	0.01811	0.07564	0.02604	0.10691	0.01633	0.43841	0.06936	0.04789	0.09151	0.01541	0.01833	0.01129	0.00631	0.00744	0.00219	0.00978	0.00727	0.00421	0.00974

[dist]
# distance from previous block
# <min> <max>
0	1

[block]
# block no. 4 follows, 32 sequences, length 21
# corresponding to MSA columns:
# 314-334
name=unknown_E
#
# <colnr> <probs for GDERKNQSTAVLIFYWHMCP>
#	G	D	E	R	K	N	Q	S	T	A	V	L	I	F	Y	W	H	M	C	P
0	0.07439	0.03793	0.01796	0.05211	0.05320	0.05727	0.03217	0.18321	0.29248	0.02858	0.01901	0.01987	0.01462	0.03348	0.00734	0.00220	0.00673	0.00637	0.00559	0.05548
1	0.01866	0.53742	0.13648	0.01332	0.01940	0.10626	0.01357	0.02164	0.01460	0.05025	0.01066	0.01200	0.00898	0.00609	0.00493	0.00160	0.00809	0.00403	0.00319	0.00884
2	0.20497	0.17882	0.04428	0.03830	0.01888	0.10119	0.01156	0.19943	0.08028	0.02743	0.01318	0.01430	0.01027	0.00789	0.02102	0.00209	0.00754	0.00488	0.00461	0.00906
3	0.02314	0.01711	0.01770	0.03119	0.01927	0.08371	0.01159	0.42537	0.05797	0.10803	0.01817	0.06579	0.01425	0.00991	0.00815	0.05839	0.00724	0.00686	0.00620	0.00996
4	0.01017	0.00788	0.00902	0.00848	0.01063	0.00739	0.00642	0.06029	0.04177	0.02400	0.34900	0.08434	0.32609	0.01483	0.00783	0.00220	0.00366	0.01269	0.00680	0.00652
5	0.06209	0.01813	0.01930	0.01482	0.02016	0.01987	0.01222	0.62948	0.02961	0.04057	0.01555	0.01574	0.01113	0.00780	0.00649	0.00196	0.00714	0.00581	0.00644	0.05568
6	0.01207	0.00846	0.01160	0.01109	0.01287	0.00822	0.05054	0.05861	0.05020	0.07401	0.08934	0.45406	0.05544	0.05856	0.00954	0.00273	0.00487	0.01478	0.00624	0.00678
7	0.10094	0.01342	0.01462	0.01168	0.01646	0.07097	0.00943	0.04660	0.05654	0.40205	0.02401	0.02226	0.06014	0.00815	0.00628	0.00193	0.00597	0.00639	0.00666	0.11551
8	0.01217	0.00626	0.00633	0.00639	0.00794	0.00620	0.00476	0.01517	0.01407	0.02446	0.02425	0.05356	0.04569	0.00866	0.00496	0.00163	0.00317	0.00703	0.74109	0.00620
9	0.05877	0.01191	0.01409	0.01242	0.01410	0.04922	0.00965	0.07607	0.01356	0.09238	0.01630	0.02472	0.01515	0.19420	0.17925	0.00523	0.19458	0.00698	0.00433	0.00708
10	0.76022	0.01422	0.01046	0.00938	0.01348	0.06222	0.00764	0.02019	0.01192	0.02921	0.00941	0.01098	0.00736	0.00627	0.00428	0.00205	0.00564	0.00368	0.00411	0.00730
11	0.00874	0.00697	0.00797	0.00844	0.01037	0.00620	0.00667	0.01082	0.01532	0.01894	0.08658	0.11551	0.47213	0.01752	0.00831	0.00250	0.00412	0.18083	0.00627	0.00581
12	0.02508	0.01279	0.01552	0.01235	0.01694	0.01253	0.01003	0.20809	0.05755	0.40327	0.02633	0.06971	0.05253	0.00950	0.00685	0.00210	0.00582	0.00773	0.03474	0.01053
13	0.01863	0.01370	0.01629	0.01403	0.03824	0.01451	0.03720	0.29265	0.12890	0.08013	0.09991	0.11572	0.07847	0.01096	0.00723	0.00218	0.00593	0.00927	0.00659	0.00946
14	0.01661	0.01594	0.02724	0.04119	0.72233	0.01594	0.02059	0.02059	0.01528	0.02192	0.01262	0.01661	0.01063	0.00598	0.00664	0.00199	0.00797	0.00598	0.00332	0.01063
15	0.00874	0.00643	0.00739	0.00779	0.00869	0.00594	0.00513	0.00978	0.01289	0.01658	0.08280	0.25107	0.24524	0.28119	0.01735	0.00388	0.00462	0.01386	0.00554	0.00508
16	0.01301	0.00810	0.01011	0.01005	0.01193	0.00769	0.00742	0.07841	0.01625	0.11859	0.07266	0.42910	0.12526	0.01702	0.00805	0.00249	0.00448	0.04579	0.00662	0.00695
17	0.01844	0.31447	0.23825	0.01606	0.02255	0.18942	0.04825	0.04624	0.01580	0.01878	0.01082	0.01263	0.00876	0.00628	0.00559	0.00177	0.00935	0.00446	0.00316	0.00893
18	0.01572	0.01301	0.01452	0.01300	0.01480	0.10068	0.01022	0.07232	0.01413	0.07717	0.01609	0.02247	0.01431	0.09070	0.27809	0.00575	0.17140	0.00661	0.04178	0.00723
19	0.01616	0.25185	0.06750	0.04689	0.04610	0.06767	0.04621	0.05317	0.01472	0.04289	0.04051	0.06098	0.01547	0.10482	0.02751	0.00269	0.05320	0.00658	0.00390	0.03117
20	0.01773	0.01533	0.05370	0.09693	0.12498	0.06265	0.02861	0.15359	0.05571	0.07120	0.06146	0.04130	0.01579	0.00996	0.00919	0.10437	0.00722	0.00665	0.00480	0.05882

[dist]
# distance from previous block
# <min> <max>
2	10

[block]
# block no. 5 follows, 32 sequences, length 27
# corresponding to MSA columns:
# 345-371
name=unknown_F
#
# <colnr> <probs for GDERKNQSTAVLIFYWHMCP>
#	G	D	E	R	K	N	Q	S	T	A	V	L	I	F	Y	W	H	M	C	P
0	0.05216	0.01700	0.04521	0.14596	0.18401	0.13608	0.03762	0.04151	0.04456	0.04412	0.05587	0.01967	0.01429	0.05134	0.00802	0.00220	0.00805	0.00612	0.00407	0.08214
1	0.03705	0.01433	0.05608	0.01376	0.08183	0.07894	0.01026	0.01714	0.01455	0.02093	0.04508	0.02267	0.09947	0.00980	0.04277	0.00204	0.03248	0.00613	0.04495	0.34977
2	0.08078	0.08248	0.01992	0.05815	0.06576	0.05381	0.03714	0.23895	0.16107	0.02901	0.04180	0.01992	0.03971	0.00821	0.00695	0.00207	0.03287	0.00642	0.00536	0.00962
3	0.00899	0.00679	0.00830	0.00803	0.00974	0.00610	0.00598	0.01164	0.01764	0.02394	0.50089	0.09049	0.24691	0.01501	0.00795	0.00219	0.00327	0.01306	0.00700	0.00610
4	0.06991	0.01218	0.01418	0.01203	0.01512	0.01327	0.00949	0.24905	0.01912	0.11741	0.01931	0.07421	0.01674	0.10003	0.15740	0.00435	0.04170	0.00753	0.03852	0.00844
5	0.00831	0.00681	0.00733	0.00720	0.00930	0.00583	0.00540	0.01037	0.01620	0.02027	0.22668	0.06105	0.55956	0.01619	0.00793	0.00223	0.00334	0.01367	0.00651	0.00583
6	0.00818	0.00584	0.00779	0.00934	0.00973	0.00545	0.00623	0.00934	0.01285	0.01713	0.03698	0.75981	0.04438	0.02102	0.00856	0.00273	0.00389	0.01908	0.00623	0.00545
7	0.02336	0.01974	0.08291	0.01517	0.01993	0.14489	0.01319	0.27098	0.02237	0.18093	0.01839	0.02220	0.01419	0.00894	0.00764	0.00214	0.04843	0.06884	0.00587	0.00991
8	0.03593	0.08702	0.08251	0.01117	0.01566	0.01357	0.01003	0.17980	0.04367	0.02770	0.05236	0.01971	0.01528	0.00740	0.00557	0.00169	0.00559	0.00575	0.24697	0.13260
9	0.81159	0.01298	0.00986	0.00882	0.01298	0.01505	0.00727	0.01972	0.01142	0.03010	0.00934	0.01090	0.00727	0.00623	0.00415	0.00208	0.00519	0.00363	0.00415	0.00727
10	0.00973	0.00661	0.00784	0.00784	0.00802	0.00679	0.00472	0.01009	0.00991	0.01340	0.02066	0.04126	0.02324	0.65631	0.14045	0.00715	0.00824	0.00937	0.00399	0.00436
11	0.06702	0.07136	0.05562	0.03314	0.01988	0.03398	0.09863	0.12725	0.01706	0.04560	0.05448	0.03777	0.01455	0.03873	0.00782	0.00197	0.03400	0.00613	0.00452	0.23051
12	0.01872	0.01811	0.05475	0.02300	0.02909	0.05805	0.44637	0.08869	0.01808	0.11286	0.05129	0.01966	0.01369	0.00673	0.00749	0.00217	0.00980	0.00749	0.00453	0.00939
13	0.00963	0.00648	0.00744	0.00752	0.00764	0.00642	0.00434	0.00989	0.01048	0.01406	0.06017	0.09518	0.02793	0.67056	0.03091	0.00600	0.00614	0.01055	0.00440	0.00429
14	0.04358	0.02222	0.21670	0.09004	0.20818	0.05968	0.14552	0.09227	0.01672	0.02332	0.01270	0.01582	0.00967	0.00637	0.00670	0.00209	0.00929	0.00589	0.00357	0.00966
15	0.01552	0.01582	0.14647	0.05781	0.06607	0.03645	0.01295	0.08171	0.07082	0.10619	0.06690	0.16719	0.08978	0.01150	0.00723	0.00225	0.00646	0.02478	0.00552	0.00856
16	0.01200	0.00904	0.01373	0.01243	0.01458	0.00862	0.10890	0.06071	0.01511	0.05925	0.03270	0.42770	0.08575	0.04937	0.00924	0.00268	0.00546	0.03710	0.02890	0.00673
17	0.01171	0.05118	0.08326	0.00978	0.01167	0.00913	0.00787	0.01330	0.01119	0.05568	0.01917	0.03394	0.01977	0.44253	0.18595	0.00649	0.00941	0.00819	0.00401	0.00576
18	0.01717	0.01266	0.01483	0.01081	0.01661	0.01042	0.00873	0.09765	0.01658	0.10786	0.01413	0.01523	0.01090	0.00572	0.00538	0.00124	0.00534	0.00454	0.00480	0.61939
19	0.08397	0.23622	0.22896	0.01567	0.02222	0.04888	0.07856	0.09734	0.04711	0.04164	0.01290	0.01443	0.00990	0.00654	0.00575	0.00190	0.00818	0.00502	0.02552	0.00929
20	0.01237	0.14337	0.01721	0.01253	0.01440	0.04284	0.04880	0.01415	0.01276	0.01670	0.02265	0.30116	0.02528	0.06456	0.07519	0.00342	0.12085	0.04068	0.00449	0.00659
21	0.01294	0.05267	0.01170	0.00939	0.01223	0.00968	0.00740	0.06005	0.09881	0.07955	0.27991	0.04547	0.26828	0.01303	0.00742	0.00213	0.00419	0.01098	0.00670	0.00746
22	0.01303	0.05750	0.18766	0.02792	0.05702	0.02580	0.01276	0.05218	0.08418	0.02199	0.13829	0.07411	0.09166	0.09567	0.01009	0.00265	0.00653	0.02807	0.00497	0.00792
23	0.06433	0.03545	0.05335	0.01482	0.04357	0.10579	0.03631	0.14785	0.17772	0.07110	0.06818	0.04845	0.04160	0.02979	0.02984	0.00247	0.00732	0.00730	0.00559	0.00917
24	0.15501	0.01758	0.07753	0.01369	0.01835	0.11990	0.05120	0.11390	0.05179	0.06299	0.01689	0.06431	0.03042	0.01095	0.05741	0.00255	0.00805	0.00634	0.00472	0.11645
25	0.01792	0.01484	0.07427	0.01377	0.04166	0.03452	0.03204	0.09393	0.13797	0.14965	0.02512	0.07757	0.08674	0.00922	0.00665	0.00196	0.00610	0.00772	0.00577	0.16258
26	0.08571	0.13429	0.07713	0.01154	0.01551	0.03315	0.01022	0.07178	0.06323	0.10716	0.05475	0.12681	0.09858	0.03778	0.00761	0.00230	0.00598	0.04290	0.00544	0.00814

[dist]
# distance from previous block
# <min> <max>
13	76

[block]
# block no. 6 follows, 32 sequences, length 7
# corresponding to MSA columns:
# 466-472
name=unknown_G
#
# <colnr> <probs for GDERKNQSTAVLIFYWHMCP>
#	G	D	E	R	K	N	Q	S	T	A	V	L	I	F	Y	W	H	M	C	P
0	0.01484	0.01317	0.01518	0.01224	0.01637	0.08204	0.07097	0.04786	0.04687	0.04116	0.04047	0.11973	0.05446	0.04345	0.00759	0.00192	0.00611	0.00783	0.03888	0.31885
1	0.01635	0.12974	0.01678	0.01169	0.01521	0.05462	0.00953	0.16899	0.04729	0.04248	0.15535	0.11990	0.02711	0.01181	0.02591	0.00222	0.00615	0.04150	0.02796	0.06942
2	0.08898	0.22208	0.15256	0.01302	0.01869	0.11294	0.01273	0.02287	0.01531	0.14652	0.01418	0.01505	0.01065	0.00662	0.00542	0.00175	0.00745	0.00474	0.06495	0.06349
3	0.09712	0.01659	0.01806	0.01408	0.01912	0.01802	0.01160	0.50294	0.02685	0.14616	0.01719	0.01715	0.01209	0.00986	0.03999	0.00243	0.00741	0.00598	0.00658	0.01079
4	0.01602	0.07062	0.01650	0.01091	0.01676	0.01213	0.00896	0.12309	0.01663	0.02457	0.01238	0.01401	0.01007	0.00551	0.00519	0.00119	0.00551	0.00427	0.00432	0.62138
5	0.01341	0.06823	0.01314	0.01080	0.01340	0.04201	0.00851	0.12108	0.07092	0.02386	0.15229	0.19536	0.15183	0.01416	0.00756	0.00229	0.00514	0.07250	0.00617	0.00736
6	0.02053	0.01530	0.01672	0.01328	0.01758	0.01648	0.01066	0.45453	0.07335	0.03548	0.12601	0.02398	0.02098	0.06643	0.00889	0.00233	0.00638	0.00725	0.00646	0.05736

[dist]
# distance from previous block
# <min> <max>
0	1

[block]
# block no. 7 follows, 32 sequences, length 15
# corresponding to MSA columns:
# 474-488
name=unknown_H
#
# <colnr> <probs for GDERKNQSTAVLIFYWHMCP>
#	G	D	E	R	K	N	Q	S	T	A	V	L	I	F	Y	W	H	M	C	P
0	0.02411	0.01776	0.01898	0.01479	0.01983	0.01968	0.01214	0.61091	0.08254	0.04024	0.01729	0.01729	0.01243	0.00812	0.00661	0.00201	0.00699	0.00617	0.05106	0.01106
1	0.02418	0.01837	0.02120	0.01929	0.12577	0.02008	0.01393	0.59831	0.02911	0.03924	0.01559	0.01618	0.01129	0.00774	0.00670	0.00201	0.00747	0.00603	0.00620	0.01129
2	0.01302	0.01116	0.01285	0.00947	0.01488	0.00845	0.00752	0.01581	0.01412	0.02131	0.02031	0.02149	0.11612	0.00677	0.00541	0.00118	0.00473	0.00550	0.00431	0.68558
3	0.01286	0.00891	0.01021	0.00951	0.01207	0.00848	0.00738	0.11546	0.01804	0.08311	0.11088	0.16132	0.33445	0.01535	0.00785	0.00233	0.00446	0.06366	0.00658	0.00708
4	0.02291	0.01686	0.01829	0.01453	0.01915	0.01851	0.01178	0.59663	0.02875	0.03852	0.01923	0.12739	0.01634	0.00999	0.00699	0.00212	0.00686	0.00799	0.00664	0.01052
5	0.05535	0.01411	0.02145	0.01620	0.02148	0.01367	0.16595	0.10586	0.05781	0.39868	0.02115	0.02038	0.01415	0.00776	0.00743	0.00215	0.03247	0.00683	0.00659	0.01054
6	0.00818	0.00584	0.00779	0.00934	0.00973	0.00545	0.00623	0.00934	0.01285	0.01713	0.03698	0.75981	0.04438	0.02102	0.00856	0.00273	0.00389	0.01908	0.00623	0.00545
7	0.01295	0.00949	0.01062	0.00999	0.01149	0.01007	0.00689	0.12291	0.11868	0.02079	0.02467	0.19033	0.02604	0.37189	0.02022	0.00435	0.00590	0.01084	0.00536	0.00651
8	0.10769	0.01543	0.02493	0.06862	0.61111	0.01579	0.01898	0.02034	0.01475	0.02265	0.01221	0.01601	0.01017	0.00604	0.00636	0.00201	0.00769	0.00571	0.00340	0.01010
9	0.00976	0.00651	0.00732	0.00732	0.00732	0.00651	0.00407	0.00976	0.00976	0.01301	0.02114	0.04391	0.02439	0.76419	0.03415	0.00651	0.00651	0.00976	0.00407	0.00407
10	0.01603	0.01750	0.03599	0.02986	0.16062	0.01676	0.53584	0.02210	0.05355	0.02193	0.01415	0.01820	0.01082	0.00590	0.00762	0.00221	0.01037	0.00754	0.00357	0.00943
11	0.00818	0.00584	0.00779	0.00934	0.00973	0.00545	0.00623	0.00934	0.01285	0.01713	0.03698	0.75981	0.04438	0.02102	0.00856	0.00273	0.00389	0.01908	0.00623	0.00545
12	0.01460	0.01233	0.01428	0.01026	0.01619	0.00964	0.00823	0.05708	0.01495	0.02307	0.01217	0.01404	0.01003	0.00515	0.00507	0.00105	0.00511	0.00410	0.00414	0.75851
13	0.01816	0.01363	0.01692	0.12342	0.02163	0.04432	0.04607	0.14994	0.12223	0.12518	0.04915	0.08638	0.04685	0.03978	0.00857	0.00234	0.03200	0.00813	0.00572	0.03959
14	0.01739	0.04932	0.03882	0.13950	0.02416	0.05350	0.09111	0.11677	0.05752	0.08624	0.01639	0.05292	0.01334	0.02910	0.03940	0.00241	0.00799	0.00655	0.00466	0.15290

[dist]
# distance from previous block
# <min> <max>
2	13

[block]
# block no. 8 follows, 32 sequences, length 9
# corresponding to MSA columns:
# 502-510
name=unknown_I
#
# <colnr> <probs for GDERKNQSTAVLIFYWHMCP>
#	G	D	E	R	K	N	Q	S	T	A	V	L	I	F	Y	W	H	M	C	P
0	0.01677	0.01509	0.02066	0.08419	0.02308	0.03821	0.12796	0.15889	0.03933	0.02485	0.01438	0.05053	0.01198	0.00743	0.00779	0.00186	0.07444	0.00625	0.00443	0.27188
1	0.01344	0.01086	0.01214	0.04502	0.01486	0.04117	0.00860	0.10361	0.08866	0.02404	0.15742	0.17853	0.06299	0.05261	0.00867	0.00237	0.00526	0.04102	0.02938	0.09935
2	0.00976	0.00651	0.00732	0.00732	0.00732	0.00651	0.00407	0.00976	0.00976	0.01301	0.02114	0.04391	0.02439	0.76419	0.03415	0.00651	0.00651	0.00976	0.00407	0.00407
3	0.01641	0.01581	0.02654	0.03875	0.64951	0.01642	0.01998	0.02013	0.01476	0.02132	0.01223	0.01641	0.01044	0.00657	0.00823	0.00209	0.08484	0.00597	0.00328	0.01029
4	0.00907	0.00656	0.00778	0.00839	0.00920	0.00620	0.00574	0.01016	0.01256	0.01617	0.03776	0.23978	0.18894	0.30367	0.01829	0.00411	0.00508	0.10010	0.00540	0.00506
5	0.01989	0.01325	0.01746	0.18506	0.05127	0.01307	0.01231	0.14984	0.01848	0.19797	0.01632	0.01755	0.01165	0.00682	0.00621	0.00178	0.00665	0.00559	0.00530	0.24355
6	0.01505	0.01631	0.03211	0.14570	0.03304	0.01742	0.43270	0.01958	0.01420	0.01958	0.01224	0.01730	0.00967	0.00719	0.01086	0.00241	0.17589	0.00714	0.00322	0.00840
7	0.01992	0.02280	0.01601	0.01424	0.01737	0.42655	0.01067	0.05098	0.04048	0.01816	0.01708	0.02115	0.06558	0.10642	0.01045	0.00240	0.03996	0.00599	0.00403	0.08977
8	0.01346	0.03471	0.72942	0.01912	0.02904	0.01558	0.02479	0.02125	0.01417	0.02125	0.01204	0.01417	0.00850	0.00637	0.00637	0.00212	0.00992	0.00496	0.00283	0.00992

[dist]
# distance from previous block
# <min> <max>
0	1

[block]
# block no. 9 follows, 32 sequences, length 20
# corresponding to MSA columns:
# 512-531
name=unknown_J
#
# <colnr> <probs for GDERKNQSTAVLIFYWHMCP>
#	G	D	E	R	K	N	Q	S	T	A	V	L	I	F	Y	W	H	M	C	P
0	0.01436	0.13887	0.55480	0.01901	0.02798	0.01732	0.09541	0.02111	0.01427	0.02049	0.01181	0.01410	0.00870	0.00621	0.00624	0.00204	0.00967	0.00508	0.00290	0.00963
1	0.01308	0.01050	0.01034	0.00959	0.01217	0.07080	0.00727	0.07607	0.03894	0.07234	0.13238	0.13657	0.35526	0.01454	0.00762	0.00222	0.00476	0.01221	0.00635	0.00699
2	0.01682	0.01400	0.01446	0.01367	0.01658	0.09862	0.01128	0.21049	0.06052	0.02618	0.02667	0.09745	0.02671	0.01382	0.00797	0.00255	0.00701	0.32112	0.00605	0.00805
3	0.02195	0.26141	0.02455	0.01670	0.06454	0.38458	0.01287	0.07300	0.04754	0.01893	0.01132	0.01281	0.00947	0.00666	0.00562	0.00170	0.00965	0.00446	0.00364	0.00861
4	0.00815	0.00593	0.00769	0.00909	0.00967	0.00547	0.00612	0.00937	0.01309	0.01723	0.04007	0.69048	0.11171	0.02062	0.00850	0.00268	0.00384	0.01859	0.00623	0.00547
5	0.01411	0.14066	0.62914	0.01802	0.02733	0.01717	0.02287	0.02108	0.01409	0.02046	0.01165	0.01367	0.00852	0.00628	0.00608	0.00203	0.00952	0.00476	0.00284	0.00973
6	0.02388	0.12140	0.02145	0.01479	0.01987	0.09491	0.01230	0.45283	0.08498	0.06408	0.01599	0.01601	0.01174	0.00772	0.00633	0.00193	0.00760	0.00569	0.00593	0.01059
7	0.00959	0.00719	0.01078	0.01078	0.01198	0.00839	0.00839	0.01198	0.01078	0.01558	0.01797	0.02636	0.01677	0.05032	0.73760	0.01078	0.01797	0.00719	0.00359	0.00599
8	0.00832	0.00618	0.00775	0.00869	0.00964	0.00562	0.00601	0.00988	0.01423	0.01874	0.14179	0.51537	0.18496	0.01914	0.00834	0.00254	0.00369	0.01707	0.00640	0.00562
9	0.06554	0.04209	0.02115	0.01761	0.08116	0.04447	0.05247	0.48187	0.02644	0.03606	0.05340	0.01754	0.01371	0.00783	0.00660	0.00201	0.00747	0.00621	0.00589	0.01049
10	0.02927	0.01123	0.01530	0.01180	0.01684	0.00972	0.00972	0.03189	0.01920	0.69861	0.05452	0.02394	0.01850	0.00852	0.00679	0.00208	0.00561	0.00697	0.00827	0.01121
11	0.00950	0.00686	0.00897	0.00844	0.01002	0.00633	0.00633	0.01266	0.01899	0.02691	0.71879	0.05012	0.06331	0.01372	0.00791	0.00211	0.00317	0.01213	0.00739	0.00633
12	0.02123	0.13567	0.17153	0.01794	0.05382	0.45206	0.01560	0.02440	0.01706	0.01760	0.01068	0.01255	0.00870	0.00659	0.00590	0.00178	0.01076	0.00443	0.00324	0.00848
13	0.00983	0.00706	0.00795	0.00808	0.01019	0.00612	0.00615	0.01163	0.01520	0.06905	0.05711	0.17247	0.49968	0.01715	0.00807	0.00240	0.00390	0.07549	0.00637	0.00609
14	0.10745	0.02066	0.01996	0.07553	0.24286	0.27325	0.01461	0.07654	0.01728	0.02234	0.01228	0.01496	0.00991	0.00668	0.00604	0.00190	0.00885	0.00515	0.05495	0.00879
15	0.01346	0.03471	0.72942	0.01912	0.02904	0.01558	0.02479	0.02125	0.01417	0.02125	0.01204	0.01417	0.00850	0.00637	0.00637	0.00212	0.00992	0.00496	0.00283	0.00992
16	0.01610	0.02400	0.27374	0.16173	0.15031	0.12937	0.01930	0.05784	0.01572	0.02061	0.01246	0.01587	0.00967	0.00937	0.05340	0.00261	0.01011	0.00543	0.00331	0.00906
17	0.01832	0.01770	0.02641	0.09771	0.07241	0.07556	0.23994	0.18386	0.05033	0.02520	0.01399	0.01728	0.01081	0.00881	0.03434	0.00251	0.08472	0.00660	0.00426	0.00924
18	0.01589	0.11805	0.21900	0.10396	0.16697	0.03981	0.12933	0.04504	0.04114	0.02099	0.01262	0.01569	0.00982	0.00645	0.00686	0.00205	0.02783	0.00572	0.00335	0.00943
19	0.01531	0.01525	0.04570	0.31573	0.07556	0.08203	0.07071	0.09006	0.01603	0.02093	0.01560	0.09989	0.01377	0.00861	0.00752	0.00220	0.04206	0.00741	0.04761	0.00803

[dist]
# distance from previous block
# <min> <max>
16	65

[block]
# block no. 10 follows, 32 sequences, length 16
# corresponding to MSA columns:
# 641-656
name=unknown_K
#
# <colnr> <probs for GDERKNQSTAVLIFYWHMCP>
#	G	D	E	R	K	N	Q	S	T	A	V	L	I	F	Y	W	H	M	C	P
0	0.04041	0.13908	0.05517	0.04468	0.04002	0.07871	0.03560	0.12182	0.08034	0.07598	0.02056	0.05282	0.06487	0.05673	0.06181	0.00291	0.00803	0.00705	0.00484	0.00860
1	0.04045	0.01412	0.03470	0.03644	0.17170	0.05108	0.01214	0.09231	0.08555	0.05451	0.06759	0.04682	0.05670	0.03478	0.03159	0.00241	0.02807	0.00724	0.03823	0.09358
2	0.01864	0.06708	0.04059	0.01394	0.01763	0.16960	0.03911	0.19584	0.06873	0.02374	0.01599	0.02170	0.01405	0.15470	0.07851	0.00357	0.00919	0.00640	0.00463	0.03636
3	0.04177	0.05048	0.06283	0.04604	0.21244	0.07420	0.09086	0.09683	0.09030	0.02396	0.01399	0.01631	0.01104	0.00664	0.00677	0.00192	0.02799	0.00574	0.00413	0.11575
4	0.01812	0.40496	0.05542	0.01277	0.01758	0.08193	0.01159	0.12381	0.06725	0.02117	0.01555	0.11266	0.01466	0.00850	0.00566	0.00181	0.00717	0.00643	0.00424	0.00875
5	0.01661	0.01594	0.02724	0.04119	0.72233	0.01594	0.02059	0.02059	0.01528	0.02192	0.01262	0.01661	0.01063	0.00598	0.00664	0.00199	0.00797	0.00598	0.00332	0.01063
6	0.00818	0.00584	0.00779	0.00934	0.00973	0.00545	0.00623	0.00934	0.01285	0.01713	0.03698	0.75981	0.04438	0.02102	0.00856	0.00273	0.00389	0.01908	0.00623	0.00545
7	0.09780	0.01883	0.01866	0.17063	0.09594	0.20086	0.01384	0.12337	0.09857	0.07579	0.01481	0.01652	0.01113	0.00723	0.00630	0.00203	0.00840	0.00557	0.00463	0.00908
8	0.00970	0.00658	0.00767	0.00756	0.00789	0.00647	0.00454	0.01037	0.01171	0.01595	0.16854	0.04522	0.03262	0.60563	0.02861	0.00558	0.00580	0.01026	0.00477	0.00454
9	0.01584	0.01810	0.03959	0.02828	0.03507	0.01697	0.69796	0.02149	0.01584	0.02149	0.01357	0.01810	0.01018	0.00566	0.00792	0.00226	0.01131	0.00792	0.00339	0.00905
10	0.01044	0.00873	0.01202	0.05524	0.12371	0.00856	0.00943	0.01358	0.04376	0.02004	0.12896	0.18847	0.24064	0.01643	0.04250	0.00275	0.00545	0.05680	0.00564	0.00684
11	0.04667	0.01753	0.09185	0.14044	0.40487	0.01657	0.01884	0.13835	0.01758	0.02498	0.01295	0.01627	0.01018	0.00650	0.00655	0.00205	0.00810	0.00580	0.00384	0.01009
12	0.00951	0.00686	0.00949	0.00963	0.01040	0.00757	0.00692	0.01109	0.01067	0.01496	0.02064	0.09830	0.02153	0.25780	0.46415	0.00879	0.01332	0.00903	0.00397	0.00537
13	0.01754	0.18909	0.19144	0.01341	0.01876	0.01537	0.01338	0.09993	0.01657	0.14294	0.01973	0.16926	0.01795	0.01129	0.03163	0.00237	0.00731	0.00807	0.00497	0.00900
14	0.05328	0.02261	0.16795	0.02151	0.15885	0.15761	0.03682	0.11511	0.03386	0.04900	0.01318	0.01563	0.01031	0.00912	0.03957	0.00246	0.07425	0.00552	0.00399	0.00938
15	0.00880	0.00641	0.00832	0.00961	0.01048	0.00603	0.00702	0.01042	0.01362	0.01775	0.03999	0.48791	0.12909	0.05049	0.00969	0.00290	0.00445	0.16532	0.00613	0.00558

[dist]
# distance from previous block
# <min> <max>
3	7

[block]
# block no. 11 follows, 32 sequences, length 20
# corresponding to MSA columns:
# 664-683
name=unknown_L
#
# <colnr> <probs for GDERKNQSTAVLIFYWHMCP>
#	G	D	E	R	K	N	Q	S	T	A	V	L	I	F	Y	W	H	M	C	P
0	0.01149	0.06271	0.01350	0.01265	0.06391	0.01067	0.00902	0.01449	0.04328	0.01719	0.01775	0.02593	0.01652	0.11914	0.42495	0.00747	0.04115	0.00702	0.07456	0.00658
1	0.21213	0.12759	0.04711	0.04764	0.09707	0.04136	0.03798	0.12609	0.01673	0.04904	0.03352	0.01502	0.01110	0.00658	0.00555	0.00183	0.00688	0.00500	0.00433	0.10745
2	0.07524	0.06213	0.08465	0.08682	0.05179	0.04805	0.19303	0.07433	0.04215	0.07968	0.01954	0.02128	0.08001	0.00754	0.00668	0.00206	0.00813	0.00684	0.00442	0.04561
3	0.01675	0.25370	0.26848	0.03272	0.03985	0.09756	0.03294	0.05054	0.04666	0.01945	0.01192	0.01421	0.00957	0.00775	0.00735	0.06501	0.00864	0.00482	0.00330	0.00877
