[name]
unknown

[dist]
# distance from previous block
# <min> <max>
0	29

[block]
# block no. 0 follows, 33 sequences, length 41
# corresponding to MSA columns:
# 29-69
name=unknown_A
#
# <colnr> <probs for GDERKNQSTAVLIFYWHMCP>
#	G	D	E	R	K	N	Q	S	T	A	V	L	I	F	Y	W	H	M	C	P
0	0.01583	0.07519	0.13479	0.06495	0.21196	0.05026	0.08309	0.06710	0.06002	0.02199	0.03629	0.01937	0.02978	0.00718	0.00683	0.00198	0.02668	0.02328	0.00388	0.05955
1	0.04504	0.13024	0.09058	0.04140	0.12188	0.05984	0.07459	0.06717	0.01647	0.11588	0.08629	0.08715	0.01857	0.00847	0.00645	0.00199	0.00720	0.00728	0.00471	0.00881
2	0.08832	0.09406	0.08178	0.13286	0.14548	0.08208	0.04002	0.13252	0.01695	0.02323	0.01510	0.01856	0.04410	0.00745	0.00667	0.00202	0.03168	0.02441	0.00396	0.00876
3	0.13836	0.10569	0.03967	0.15813	0.25178	0.09537	0.03926	0.02046	0.03656	0.02060	0.01153	0.01473	0.00938	0.00634	0.00624	0.00196	0.02674	0.00515	0.00338	0.00867
4	0.02916	0.07819	0.16887	0.08628	0.01959	0.01188	0.04509	0.03942	0.01383	0.04905	0.05153	0.10828	0.08400	0.04969	0.05599	0.08201	0.00751	0.00823	0.00420	0.00718
5	0.01507	0.15338	0.35896	0.06492	0.02673	0.04217	0.11830	0.05382	0.01486	0.02035	0.01195	0.01463	0.00914	0.00790	0.03639	0.00230	0.00955	0.00521	0.00315	0.03121
6	0.01526	0.07506	0.05778	0.08988	0.18999	0.03574	0.19417	0.05927	0.03760	0.02142	0.05626	0.04685	0.05284	0.00778	0.00731	0.00209	0.03065	0.00736	0.00396	0.00875
7	0.00851	0.00624	0.00802	0.00901	0.00981	0.00588	0.00621	0.01061	0.03781	0.01884	0.15295	0.57586	0.08813	0.01878	0.00820	0.00253	0.00372	0.01689	0.00632	0.00568
8	0.02483	0.01091	0.01429	0.01134	0.01571	0.00996	0.00922	0.06716	0.05262	0.52550	0.15749	0.02719	0.02485	0.00918	0.00684	0.00205	0.00521	0.00762	0.00782	0.01022
9	0.01598	0.31413	0.23901	0.01879	0.07087	0.04005	0.14850	0.02105	0.03848	0.01897	0.01158	0.01382	0.00925	0.00596	0.00578	0.00184	0.00873	0.00504	0.00308	0.00908
10	0.01070	0.03887	0.01114	0.01213	0.07202	0.00800	0.00781	0.01296	0.05769	0.04180	0.03058	0.50102	0.05119	0.03851	0.00992	0.06480	0.00465	0.01447	0.00553	0.00621
11	0.01633	0.01475	0.02450	0.13781	0.55299	0.01523	0.01884	0.04802	0.01537	0.04601	0.01308	0.01699	0.01064	0.00763	0.03198	0.00229	0.00819	0.00593	0.00353	0.00989
12	0.00925	0.00638	0.00788	0.00817	0.00846	0.00652	0.00516	0.00989	0.01033	0.01399	0.02315	0.17780	0.02633	0.49559	0.15697	0.00643	0.00793	0.01086	0.00431	0.00459
13	0.01551	0.06346	0.27976	0.08248	0.21733	0.07509	0.13253	0.02078	0.01476	0.02009	0.01193	0.01512	0.00922	0.00607	0.00647	0.00201	0.00940	0.00556	0.00306	0.00935
14	0.00988	0.00768	0.01118	0.01091	0.01188	0.00918	0.00844	0.01195	0.01045	0.01512	0.01706	0.02625	0.01636	0.10620	0.61647	0.00952	0.08497	0.00715	0.00351	0.00584
15	0.01687	0.57064	0.19639	0.01324	0.01973	0.05299	0.01436	0.02025	0.01371	0.01676	0.00981	0.01139	0.00842	0.00582	0.00477	0.00158	0.00786	0.00386	0.00283	0.00871
16	0.00860	0.00653	0.00956	0.01013	0.01101	0.00609	0.04616	0.01022	0.01346	0.01814	0.11331	0.64003	0.04373	0.01894	0.00829	0.00258	0.00416	0.01731	0.00608	0.00565
17	0.00802	0.00573	0.00764	0.00917	0.00955	0.00535	0.00611	0.00917	0.01260	0.01681	0.03628	0.76434	0.04354	0.02062	0.00840	0.00267	0.00382	0.01872	0.00611	0.00535
18	0.01646	0.01264	0.01366	0.01206	0.01562	0.01393	0.00944	0.08019	0.46249	0.08099	0.07662	0.02969	0.10019	0.00991	0.00680	0.00216	0.00497	0.00824	0.03436	0.00957
19	0.02416	0.03012	0.01913	0.01817	0.05860	0.68046	0.01312	0.04709	0.01884	0.01719	0.01047	0.01223	0.00867	0.00677	0.00599	0.00172	0.01151	0.00438	0.00348	0.00789
20	0.01320	0.03405	0.73453	0.01876	0.02849	0.01529	0.02432	0.02085	0.01390	0.02085	0.01181	0.01390	0.00834	0.00625	0.00625	0.00208	0.00973	0.00486	0.00278	0.00973
21	0.00802	0.00573	0.00764	0.00917	0.00955	0.00535	0.00611	0.00917	0.01260	0.01681	0.03628	0.76434	0.04354	0.02062	0.00840	0.00267	0.00382	0.01872	0.00611	0.00535
22	0.00954	0.00651	0.00784	0.00784	0.00807	0.00674	0.00481	0.01000	0.00977	0.01326	0.02014	0.03973	0.02248	0.62854	0.17162	0.00720	0.00857	0.00908	0.00390	0.00436
23	0.01373	0.01348	0.01948	0.01671	0.01712	0.01833	0.03868	0.01545	0.01035	0.01595	0.01009	0.01616	0.00981	0.01670	0.12387	0.00395	0.62404	0.00602	0.00299	0.00707
24	0.00802	0.00573	0.00764	0.00917	0.00955	0.00535	0.00611	0.00917	0.01260	0.01681	0.03628	0.76434	0.04354	0.02062	0.00840	0.00267	0.00382	0.01872	0.00611	0.00535
25	0.01504	0.01416	0.02363	0.11872	0.45578	0.01528	0.04174	0.01844	0.01374	0.01975	0.01228	0.01695	0.01042	0.00870	0.03262	0.02826	0.10891	0.00596	0.03059	0.00903
26	0.01352	0.06839	0.67659	0.01917	0.05241	0.01581	0.02356	0.02077	0.01391	0.02062	0.01171	0.01382	0.00842	0.00621	0.00617	0.00205	0.00954	0.00484	0.00280	0.00969
27	0.00950	0.00667	0.00862	0.00862	0.00912	0.00717	0.00579	0.01050	0.01000	0.01383	0.01942	0.03577	0.02076	0.46340	0.33441	0.00816	0.01116	0.00850	0.00379	0.00479
28	0.01156	0.00902	0.01019	0.00968	0.01217	0.00909	0.00755	0.01850	0.21238	0.04567	0.21719	0.04871	0.26728	0.01357	0.00757	0.00226	0.00415	0.07953	0.00662	0.00732
29	0.02456	0.01821	0.01949	0.01505	0.02024	0.02020	0.01240	0.66935	0.06798	0.04074	0.01640	0.01628	0.01168	0.00796	0.00659	0.00199	0.00713	0.00601	0.00659	0.01115
30	0.00802	0.00573	0.00764	0.00917	0.00955	0.00535	0.00611	0.00917	0.01260	0.01681	0.03628	0.76434	0.04354	0.02062	0.00840	0.00267	0.00382	0.01872	0.00611	0.00535
31	0.00986	0.00747	0.02679	0.00844	0.01032	0.00634	0.00649	0.01238	0.01664	0.05618	0.41148	0.14822	0.20482	0.03452	0.00844	0.00230	0.00363	0.01280	0.00668	0.00621
32	0.01441	0.23709	0.54208	0.01670	0.02530	0.01825	0.02073	0.02054	0.01376	0.01937	0.01108	0.01298	0.00837	0.00608	0.00570	0.00190	0.00899	0.00450	0.00279	0.00938
33	0.00952	0.00660	0.00828	0.00828	0.00865	0.00698	0.00535	0.01028	0.00990	0.01358	0.01974	0.03754	0.02153	0.53700	0.26186	0.00773	0.01001	0.00876	0.00384	0.00460
34	0.01793	0.73737	0.03374	0.01154	0.01706	0.06009	0.01133	0.02003	0.01363	0.01552	0.00920	0.01062	0.00845	0.00569	0.00431	0.00142	0.00727	0.00355	0.00284	0.00841
35	0.01365	0.01170	0.01365	0.00975	0.01560	0.00878	0.00780	0.01658	0.01365	0.02145	0.01170	0.01365	0.00975	0.00488	0.00488	0.00098	0.00488	0.00390	0.00390	0.80888
36	0.04327	0.01203	0.01362	0.04657	0.01620	0.01296	0.00937	0.20970	0.14895	0.11146	0.02270	0.12998	0.01944	0.05349	0.00807	0.00234	0.00555	0.00831	0.11723	0.00877
37	0.01104	0.00937	0.01277	0.01172	0.01269	0.03331	0.04111	0.01273	0.01107	0.01546	0.04285	0.05212	0.01908	0.22958	0.31938	0.00688	0.14130	0.00800	0.00374	0.00580
38	0.01427	0.01468	0.10385	0.32781	0.06251	0.03174	0.01488	0.09991	0.01583	0.03960	0.05364	0.02377	0.05485	0.08216	0.00923	0.00251	0.00766	0.00687	0.02641	0.00782
39	0.02239	0.02767	0.01804	0.01623	0.01939	0.60675	0.01232	0.02417	0.01729	0.01635	0.01055	0.01292	0.00900	0.00933	0.04688	0.00222	0.06714	0.00449	0.00339	0.05350
40	0.01837	0.27550	0.26725	0.01503	0.02177	0.06153	0.01597	0.16351	0.04020	0.04467	0.01257	0.01366	0.00959	0.00656	0.00565	0.00182	0.00817	0.00474	0.00390	0.00955

[dist]
# distance from previous block
# <min> <max>
0	1

[block]
# block no. 1 follows, 33 sequences, length 21
# corresponding to MSA columns:
# 71-91
name=unknown_B
#
# <colnr> <probs for GDERKNQSTAVLIFYWHMCP>
#	G	D	E	R	K	N	Q	S	T	A	V	L	I	F	Y	W	H	M	C	P
0	0.05296	0.01859	0.01865	0.01480	0.01968	0.07251	0.01205	0.53977	0.12204	0.03730	0.01664	0.01651	0.01205	0.00789	0.00646	0.00199	0.00723	0.00592	0.00627	0.01068
1	0.01628	0.29971	0.40348	0.01559	0.02324	0.06093	0.01819	0.02132	0.01424	0.05483	0.01148	0.01301	0.00879	0.00616	0.00552	0.00182	0.00867	0.00443	0.00310	0.00922
2	0.05400	0.01921	0.01874	0.01484	0.01974	0.11047	0.01206	0.52108	0.05904	0.08126	0.01600	0.01594	0.01143	0.00776	0.00642	0.00196	0.00755	0.00574	0.00619	0.01056
3	0.00951	0.00664	0.00850	0.00850	0.00895	0.00710	0.00563	0.01042	0.00996	0.01374	0.01954	0.03641	0.02104	0.48987	0.30832	0.00801	0.01074	0.00860	0.00381	0.00472
4	0.04740	0.15926	0.14482	0.11660	0.14944	0.04504	0.08356	0.04380	0.01470	0.05928	0.01206	0.01493	0.00946	0.00663	0.00723	0.00200	0.06603	0.00533	0.00345	0.00897
5	0.01458	0.01519	0.07639	0.33210	0.12344	0.03414	0.01662	0.07235	0.05558	0.02081	0.06108	0.01895	0.01341	0.00784	0.00863	0.00221	0.10835	0.00623	0.00376	0.00832
6	0.00948	0.00634	0.00721	0.00730	0.00732	0.00632	0.00411	0.00955	0.00975	0.01300	0.02166	0.08576	0.02509	0.72438	0.03202	0.00616	0.00623	0.01011	0.00411	0.00407
7	0.00815	0.00603	0.00762	0.00861	0.00947	0.00550	0.00593	0.00965	0.01383	0.01826	0.13383	0.54573	0.16532	0.01897	0.00821	0.00251	0.00364	0.01696	0.00626	0.00550
8	0.01614	0.04401	0.17121	0.05183	0.21427	0.01476	0.12762	0.05589	0.04799	0.08118	0.06818	0.02092	0.04148	0.00731	0.00675	0.00205	0.00791	0.00677	0.00427	0.00946
9	0.01693	0.24994	0.24970	0.08459	0.07533	0.03960	0.04354	0.12715	0.01661	0.02201	0.01168	0.01379	0.00907	0.00631	0.00579	0.00186	0.00842	0.00488	0.00347	0.00931
10	0.04129	0.05701	0.16398	0.07980	0.10428	0.11490	0.03735	0.15486	0.11330	0.02495	0.01459	0.01621	0.01106	0.00698	0.00623	0.00198	0.00821	0.00556	0.02802	0.00943
11	0.24997	0.10477	0.01930	0.01738	0.12761	0.17536	0.01226	0.04679	0.01448	0.04428	0.01059	0.01294	0.00876	0.00712	0.00773	0.00200	0.12216	0.00459	0.00370	0.00820
12	0.00827	0.00596	0.00786	0.00911	0.00975	0.00555	0.00629	0.00974	0.01346	0.01800	0.11070	0.62723	0.07259	0.01959	0.00834	0.00261	0.00383	0.04940	0.00623	0.00548
13	0.04345	0.15412	0.05899	0.01321	0.01793	0.01755	0.01154	0.22662	0.18495	0.09863	0.01977	0.06449	0.01603	0.00878	0.00630	0.00203	0.00638	0.03373	0.00574	0.00975
14	0.00846	0.00606	0.00773	0.00873	0.00950	0.00562	0.00604	0.00961	0.01309	0.01715	0.07847	0.49604	0.15205	0.05515	0.01052	0.05044	0.00405	0.05015	0.00588	0.00526
15	0.10144	0.13913	0.20191	0.05579	0.05392	0.07958	0.01444	0.10525	0.01611	0.02266	0.01557	0.03715	0.05434	0.00733	0.00580	0.00186	0.00761	0.00556	0.00387	0.07067
16	0.02035	0.07651	0.10717	0.05148	0.06135	0.14683	0.02843	0.22389	0.03899	0.08623	0.03778	0.01971	0.03710	0.00791	0.00643	0.00196	0.00807	0.02545	0.00496	0.00939
17	0.11245	0.09492	0.03524	0.04007	0.01544	0.03191	0.00910	0.05882	0.03956	0.16417	0.07716	0.12609	0.10179	0.02898	0.00708	0.00215	0.00551	0.00860	0.00562	0.03535
18	0.04733	0.19573	0.16487	0.02828	0.01990	0.07179	0.07919	0.05408	0.03923	0.03611	0.06422	0.04408	0.06566	0.05306	0.00774	0.00219	0.00755	0.00673	0.00409	0.00817
19	0.07760	0.11558	0.15056	0.01570	0.07801	0.01445	0.07125	0.05953	0.04851	0.04935	0.02148	0.04266	0.11370	0.00809	0.00613	0.00189	0.00677	0.00673	0.00430	0.10769
20	0.11826	0.08000	0.16602	0.04008	0.08848	0.08614	0.09949	0.05173	0.03087	0.06128	0.02889	0.01758	0.04313	0.00710	0.00660	0.00199	0.03167	0.00576	0.00395	0.03097

[dist]
# distance from previous block
# <min> <max>
0	15

[block]
# block no. 2 follows, 33 sequences, length 12
# corresponding to MSA columns:
# 107-118
name=unknown_C
#
# <colnr> <probs for GDERKNQSTAVLIFYWHMCP>
#	G	D	E	R	K	N	Q	S	T	A	V	L	I	F	Y	W	H	M	C	P
0	0.04779	0.08977	0.06768	0.05735	0.01954	0.03649	0.01194	0.19615	0.19785	0.05977	0.06097	0.02106	0.04100	0.00829	0.00670	0.00201	0.02624	0.00646	0.00549	0.03744
1	0.14207	0.06109	0.01881	0.01715	0.10937	0.22888	0.01216	0.17510	0.04609	0.05875	0.01298	0.01416	0.01003	0.00677	0.00577	0.00182	0.00802	0.00490	0.00454	0.06153
2	0.12578	0.04988	0.04169	0.01486	0.08190	0.07845	0.01125	0.16557	0.03619	0.18290	0.03616	0.04817	0.06721	0.00874	0.00632	0.00202	0.00656	0.02144	0.00566	0.00924
3	0.02037	0.15404	0.04821	0.01546	0.06692	0.17572	0.01224	0.15744	0.03938	0.09400	0.06160	0.02021	0.01546	0.00789	0.00615	0.00185	0.00769	0.04320	0.00488	0.04731
4	0.08442	0.01257	0.04198	0.31935	0.02820	0.03823	0.04783	0.01836	0.05035	0.07250	0.06572	0.12690	0.01847	0.00941	0.00732	0.00224	0.03615	0.00806	0.00439	0.00756
5	0.01408	0.01256	0.01883	0.46593	0.11088	0.03262	0.01584	0.01910	0.06462	0.04670	0.04742	0.01909	0.01270	0.00690	0.00646	0.00203	0.00772	0.00605	0.00375	0.08673
6	0.01199	0.00984	0.01293	0.19056	0.02014	0.01048	0.01006	0.09961	0.01690	0.02249	0.18848	0.10357	0.18413	0.01197	0.00778	0.00216	0.03429	0.01012	0.00542	0.04707
7	0.01356	0.01237	0.01955	0.47234	0.13375	0.01469	0.01664	0.06389	0.01438	0.01907	0.01498	0.01984	0.04545	0.00995	0.05148	0.00269	0.05780	0.00633	0.00342	0.00784
8	0.01309	0.01200	0.01964	0.60550	0.10546	0.01438	0.01740	0.04465	0.01443	0.01891	0.06088	0.01954	0.01269	0.00704	0.00666	0.00215	0.00824	0.00627	0.00340	0.00768
9	0.01268	0.01204	0.01980	0.66078	0.04183	0.01532	0.01780	0.01670	0.01278	0.01670	0.01132	0.01716	0.00876	0.00720	0.00846	0.00228	0.10235	0.00584	0.00292	0.00730
10	0.01803	0.02120	0.02911	0.05144	0.02797	0.23984	0.36170	0.02173	0.01559	0.01861	0.01159	0.01544	0.00928	0.00686	0.00922	0.00216	0.12247	0.00631	0.00327	0.00818
11	0.01045	0.00744	0.00982	0.01127	0.04763	0.00728	0.00746	0.01372	0.08547	0.05403	0.07842	0.56687	0.03930	0.01759	0.00800	0.00252	0.00421	0.01586	0.00620	0.00647

[dist]
# distance from previous block
# <min> <max>
0	31

[block]
# block no. 3 follows, 33 sequences, length 24
# corresponding to MSA columns:
# 150-173
name=unknown_D
#
# <colnr> <probs for GDERKNQSTAVLIFYWHMCP>
#	G	D	E	R	K	N	Q	S	T	A	V	L	I	F	Y	W	H	M	C	P
0	0.05701	0.05958	0.04855	0.07944	0.02022	0.11049	0.02597	0.20471	0.03862	0.11696	0.03463	0.10837	0.01639	0.01075	0.03673	0.00239	0.00771	0.00732	0.00531	0.00885
1	0.04550	0.01065	0.04732	0.04770	0.14933	0.00999	0.01046	0.03004	0.06617	0.02052	0.13586	0.12013	0.06441	0.03480	0.01108	0.14639	0.00555	0.00898	0.02824	0.00688
2	0.06400	0.02831	0.00853	0.00861	0.00961	0.00672	0.00600	0.01013	0.01211	0.01672	0.03366	0.42371	0.14253	0.04967	0.01186	0.13924	0.00435	0.01390	0.00524	0.00511
3	0.04439	0.18994	0.15075	0.03753	0.10897	0.07770	0.03014	0.05580	0.01555	0.09483	0.01382	0.04686	0.01130	0.00686	0.00578	0.00179	0.00760	0.00542	0.00397	0.09099
4	0.05164	0.17865	0.22442	0.04014	0.07711	0.08147	0.10145	0.07455	0.02912	0.03531	0.01296	0.01642	0.01040	0.00672	0.00608	0.00195	0.00866	0.03031	0.00360	0.00906
5	0.00844	0.00661	0.00764	0.00756	0.00934	0.00581	0.00560	0.01066	0.01631	0.02129	0.33820	0.11753	0.39014	0.01567	0.00783	0.00220	0.00328	0.01348	0.00659	0.00581
6	0.04349	0.14928	0.21380	0.11342	0.09149	0.04315	0.07471	0.04180	0.01520	0.10754	0.01400	0.01728	0.01076	0.00679	0.00617	0.00199	0.00831	0.02785	0.00384	0.00913
7	0.03084	0.01327	0.04787	0.01356	0.03872	0.01139	0.09369	0.07913	0.03610	0.02290	0.06816	0.02215	0.05242	0.06495	0.00852	0.00196	0.02626	0.00634	0.00443	0.35733
8	0.00888	0.00675	0.00943	0.08283	0.03235	0.00670	0.00768	0.01054	0.01305	0.01735	0.06862	0.55403	0.06418	0.05366	0.00933	0.00275	0.00455	0.03596	0.00568	0.00569
9	0.01038	0.00696	0.00914	0.00846	0.01020	0.00639	0.00639	0.01345	0.01865	0.06334	0.68756	0.04777	0.05972	0.01318	0.00770	0.00207	0.00324	0.01163	0.00729	0.00647
10	0.03724	0.18356	0.09703	0.18731	0.10184	0.07273	0.15855	0.02053	0.01458	0.04959	0.01200	0.01518	0.00934	0.00612	0.00616	0.00194	0.00887	0.00550	0.00330	0.00863
11	0.01713	0.08585	0.28504	0.04840	0.08921	0.07126	0.16816	0.06124	0.01601	0.07655	0.01318	0.01543	0.00970	0.00631	0.00648	0.00201	0.00930	0.00566	0.00363	0.00945
12	0.01517	0.01552	0.04819	0.22235	0.43263	0.03905	0.05846	0.01931	0.01464	0.01999	0.01314	0.01899	0.01103	0.00661	0.00669	0.00207	0.00838	0.03526	0.00329	0.00922
13	0.00967	0.00689	0.00986	0.01002	0.01115	0.00777	0.00771	0.01196	0.01117	0.01635	0.01992	0.06740	0.01924	0.07229	0.56975	0.00877	0.01451	0.03968	0.08010	0.00580
14	0.03952	0.16206	0.18012	0.03564	0.11754	0.08317	0.06551	0.05960	0.01550	0.08748	0.01350	0.01644	0.01073	0.04147	0.04221	0.00250	0.00881	0.00542	0.00380	0.00899
15	0.01559	0.11586	0.36248	0.05388	0.06139	0.01655	0.11857	0.07570	0.01572	0.05082	0.01491	0.01690	0.03902	0.00672	0.00636	0.00202	0.00883	0.00575	0.00356	0.00938
16	0.01007	0.00665	0.00865	0.00960	0.01048	0.00631	0.00662	0.04363	0.01384	0.05909	0.03472	0.68607	0.04044	0.01930	0.00821	0.00260	0.00408	0.01741	0.00625	0.00596
17	0.01672	0.01912	0.14019	0.12073	0.24004	0.05705	0.10748	0.09899	0.04282	0.04286	0.01551	0.01816	0.03662	0.00684	0.00668	0.00205	0.00853	0.00624	0.00390	0.00948
18	0.01523	0.04732	0.11203	0.11764	0.03596	0.07814	0.05130	0.07027	0.06074	0.05243	0.05176	0.08242	0.01821	0.01139	0.04792	0.00257	0.00786	0.04607	0.08271	0.00804
19	0.01568	0.06877	0.05162	0.20082	0.14232	0.03494	0.10197	0.06098	0.04894	0.05704	0.01744	0.04070	0.03915	0.00783	0.00668	0.00207	0.00783	0.04458	0.00412	0.04653
20	0.01039	0.11117	0.01196	0.00960	0.01111	0.00911	0.00725	0.03705	0.01355	0.01752	0.03240	0.42621	0.08793	0.09587	0.01042	0.00287	0.00487	0.08933	0.00545	0.00594
21	0.07085	0.15198	0.12905	0.06357	0.11227	0.08217	0.07049	0.13638	0.07946	0.02397	0.01321	0.01503	0.01024	0.00661	0.00600	0.00193	0.00814	0.00532	0.00402	0.00933
22	0.09982	0.12341	0.03960	0.04659	0.06695	0.12325	0.04920	0.03770	0.04798	0.08752	0.07605	0.06618	0.09140	0.00901	0.00627	0.00198	0.00690	0.00733	0.00475	0.00810
23	0.10713	0.01721	0.06108	0.01754	0.10397	0.07375	0.05236	0.20637	0.05222	0.05069	0.04310	0.01713	0.01283	0.00903	0.03664	0.00231	0.04888	0.00577	0.00477	0.07722

[dist]
# distance from previous block
# <min> <max>
42	193

[block]
# block no. 4 follows, 33 sequences, length 16
# corresponding to MSA columns:
# 378-393
name=unknown_E
#
# <colnr> <probs for GDERKNQSTAVLIFYWHMCP>
#	G	D	E	R	K	N	Q	S	T	A	V	L	I	F	Y	W	H	M	C	P
0	0.10857	0.13212	0.06209	0.01116	0.01490	0.05599	0.00983	0.04489	0.03851	0.07406	0.05088	0.05622	0.11665	0.01506	0.09735	0.00309	0.00749	0.06638	0.00483	0.02992
1	0.05905	0.23339	0.06170	0.04335	0.04175	0.12029	0.03872	0.09884	0.04249	0.02087	0.01571	0.01806	0.05824	0.03959	0.00752	0.00200	0.04084	0.00553	0.00391	0.04814
2	0.09506	0.31026	0.14345	0.01460	0.04499	0.10172	0.04908	0.04643	0.01497	0.01997	0.03627	0.01616	0.04805	0.00682	0.00542	0.00175	0.00772	0.00505	0.00353	0.02869
3	0.05127	0.09649	0.07438	0.04835	0.04670	0.09766	0.01218	0.12708	0.01696	0.06115	0.05037	0.05083	0.03114	0.00952	0.03095	0.00218	0.07327	0.00615	0.00445	0.10891
4	0.05078	0.23318	0.11798	0.01246	0.01762	0.03314	0.01191	0.08981	0.01639	0.19439	0.03550	0.01903	0.03175	0.02746	0.07835	0.00278	0.00794	0.00568	0.00484	0.00902
5	0.04021	0.15171	0.11796	0.01269	0.01749	0.05322	0.01186	0.24404	0.01939	0.02684	0.01669	0.01829	0.03948	0.01017	0.05369	0.00237	0.00753	0.00562	0.14196	0.00877
6	0.01694	0.47130	0.16339	0.01371	0.01962	0.08118	0.03869	0.03963	0.01427	0.01741	0.01075	0.01328	0.00934	0.03117	0.03285	0.00210	0.00847	0.00437	0.00305	0.00849
7	0.02000	0.21284	0.14544	0.01485	0.02039	0.11436	0.01409	0.27285	0.02040	0.02606	0.01260	0.01410	0.00985	0.00906	0.04287	0.00227	0.02930	0.00497	0.00431	0.00941
8	0.01244	0.00908	0.01115	0.01030	0.01188	0.01003	0.00758	0.12989	0.04622	0.01942	0.01883	0.03010	0.01834	0.29127	0.33640	0.00727	0.01137	0.00776	0.00435	0.00633
9	0.00987	0.04913	0.01160	0.01032	0.01164	0.00905	0.00802	0.01200	0.01065	0.01507	0.01744	0.02653	0.01667	0.10992	0.63985	0.00971	0.01607	0.00708	0.00353	0.00585
10	0.00954	0.00653	0.00791	0.00791	0.00817	0.00678	0.00490	0.01004	0.00979	0.01331	0.02007	0.03936	0.02232	0.61332	0.18662	0.00729	0.00881	0.00903	0.00389	0.00440
11	0.01713	0.01452	0.01531	0.01355	0.01741	0.01673	0.01060	0.09368	0.65575	0.02876	0.02583	0.02380	0.01932	0.00884	0.00669	0.00221	0.00539	0.00731	0.00669	0.01049
12	0.01956	0.01675	0.05258	0.01422	0.01894	0.01765	0.01185	0.30102	0.38125	0.03254	0.02110	0.02013	0.01557	0.00824	0.00656	0.00208	0.00623	0.00658	0.00635	0.04080
13	0.02503	0.01844	0.01976	0.01515	0.02042	0.02042	0.01251	0.70562	0.03095	0.04149	0.01581	0.01581	0.01120	0.00790	0.00659	0.00198	0.00724	0.00593	0.00659	0.01120
14	0.02437	0.08471	0.02105	0.01481	0.02011	0.02091	0.01240	0.64535	0.02941	0.03920	0.01522	0.01534	0.01095	0.00770	0.00638	0.00193	0.00723	0.00572	0.00625	0.01095
15	0.01639	0.07546	0.51511	0.01741	0.02579	0.01721	0.02061	0.18989	0.01808	0.02562	0.01264	0.01417	0.00905	0.00662	0.00621	0.00202	0.00895	0.00504	0.00372	0.01001

[dist]
# distance from previous block
# <min> <max>
7	14

[block]
# block no. 5 follows, 33 sequences, length 28
# corresponding to MSA columns:
# 408-435
name=unknown_F
#
# <colnr> <probs for GDERKNQSTAVLIFYWHMCP>
#	G	D	E	R	K	N	Q	S	T	A	V	L	I	F	Y	W	H	M	C	P
0	0.19578	0.03979	0.04588	0.29780	0.15006	0.05062	0.05291	0.01942	0.03344	0.02121	0.01161	0.01527	0.00906	0.00629	0.00591	0.00204	0.00784	0.00525	0.00341	0.02641
1	0.05958	0.01314	0.01823	0.25934	0.12756	0.01461	0.01411	0.10134	0.06808	0.02288	0.03923	0.04168	0.01320	0.00761	0.00739	0.00202	0.06112	0.00621	0.00415	0.11852
2	0.01561	0.01319	0.01926	0.12594	0.20578	0.03913	0.06429	0.04506	0.05298	0.08324	0.02064	0.08749	0.06769	0.00968	0.02792	0.00224	0.00724	0.00765	0.00451	0.10046
3	0.01611	0.01324	0.02024	0.16718	0.31716	0.01359	0.01539	0.05690	0.05609	0.08221	0.04178	0.06593	0.01512	0.00760	0.00656	0.00198	0.00693	0.00687	0.00437	0.08472
4	0.01640	0.01553	0.02272	0.12915	0.44058	0.05962	0.01719	0.06942	0.04185	0.02247	0.05255	0.01816	0.01334	0.00665	0.00649	0.00194	0.00766	0.00607	0.00384	0.04836
5	0.01328	0.01221	0.01994	0.33044	0.21591	0.01357	0.04350	0.04226	0.01456	0.01962	0.05142	0.10791	0.04217	0.00893	0.00747	0.00220	0.03473	0.00803	0.00386	0.00799
6	0.01392	0.01107	0.01408	0.04802	0.06941	0.00914	0.00901	0.01665	0.01377	0.06240	0.01582	0.10410	0.01463	0.03429	0.00662	0.00156	0.00526	0.00625	0.00432	0.53968
7	0.01328	0.01253	0.02029	0.50484	0.14472	0.01518	0.01741	0.01773	0.03895	0.01817	0.03789	0.01840	0.01137	0.00737	0.00834	0.00223	0.09407	0.00612	0.00327	0.00785
8	0.00830	0.00662	0.00743	0.00738	0.00925	0.00575	0.00548	0.01039	0.01601	0.02051	0.27791	0.11025	0.45965	0.01592	0.00782	0.00221	0.00330	0.01360	0.00648	0.00575
9	0.01754	0.01883	0.02123	0.10458	0.31361	0.21514	0.01590	0.02170	0.06853	0.01936	0.01566	0.01842	0.05153	0.00746	0.00754	0.00201	0.06251	0.00599	0.00366	0.00881
10	0.00804	0.00602	0.00746	0.00849	0.00940	0.00545	0.00584	0.00942	0.01355	0.01760	0.08356	0.54772	0.21508	0.01922	0.00821	0.00253	0.00366	0.01712	0.00618	0.00545
11	0.01206	0.04689	0.02867	0.01108	0.01342	0.01174	0.00886	0.01908	0.21897	0.02132	0.15046	0.07436	0.12128	0.04503	0.11739	0.00362	0.07347	0.00935	0.00551	0.00745
12	0.00912	0.00658	0.00862	0.00842	0.00979	0.00608	0.00620	0.01193	0.01772	0.02494	0.61982	0.15760	0.05930	0.01455	0.00786	0.00216	0.00321	0.01294	0.00707	0.00608
13	0.01956	0.04976	0.02148	0.01748	0.02002	0.28705	0.06450	0.09707	0.01610	0.01917	0.01037	0.01373	0.00896	0.00870	0.01246	0.00224	0.31456	0.00528	0.00351	0.00798
14	0.01500	0.01211	0.01522	0.01330	0.09499	0.00960	0.00931	0.01801	0.01415	0.06885	0.01273	0.01453	0.01026	0.00520	0.00517	0.00116	0.00525	0.00430	0.00411	0.66675
15	0.01365	0.01170	0.01365	0.00975	0.01560	0.00878	0.00780	0.01658	0.01365	0.02145	0.01170	0.01365	0.00975	0.00488	0.00488	0.00098	0.00488	0.00390	0.00390	0.80888
16	0.01552	0.01517	0.02472	0.15596	0.50609	0.03877	0.04158	0.01927	0.01448	0.02008	0.01281	0.04089	0.01107	0.00679	0.00742	0.00207	0.04831	0.00629	0.00328	0.00943
17	0.01659	0.01727	0.03708	0.02655	0.03309	0.01613	0.65170	0.02191	0.01579	0.07432	0.01427	0.01811	0.01046	0.00574	0.00768	0.00221	0.01069	0.00768	0.00369	0.00905
18	0.01585	0.01359	0.01443	0.01301	0.01657	0.01561	0.01011	0.03329	0.66349	0.02745	0.07900	0.02640	0.02324	0.00927	0.00678	0.00222	0.00505	0.00778	0.00674	0.01011
19	0.00834	0.00669	0.00745	0.00726	0.00924	0.00580	0.00544	0.01054	0.01633	0.02093	0.30711	0.05817	0.48252	0.01550	0.00777	0.00217	0.00325	0.01317	0.00653	0.00580
20	0.01637	0.01414	0.01489	0.01340	0.01712	0.01637	0.01042	0.03498	0.71568	0.02754	0.02679	0.02456	0.02010	0.00893	0.00670	0.00223	0.00521	0.00744	0.00670	0.01042
21	0.02459	0.03138	0.01866	0.01696	0.02035	0.74221	0.01272	0.02629	0.01866	0.01611	0.01018	0.01187	0.00848	0.00678	0.00594	0.00170	0.01187	0.00424	0.00339	0.00763
22	0.01344	0.01154	0.01372	0.01007	0.01545	0.00916	0.00806	0.01628	0.01335	0.02090	0.01192	0.01436	0.01008	0.00760	0.04658	0.00158	0.03289	0.00414	0.00384	0.73502
23	0.06679	0.06713	0.06362	0.01072	0.01309	0.00997	0.00876	0.06514	0.03778	0.03964	0.04260	0.46187	0.03213	0.01556	0.00741	0.00241	0.00499	0.03794	0.00562	0.00682
24	0.01672	0.01839	0.02159	0.01820	0.01956	0.17618	0.07878	0.01860	0.01245	0.01639	0.00941	0.01417	0.00873	0.00994	0.01691	0.00256	0.52531	0.00562	0.00303	0.00745
25	0.01004	0.00696	0.00860	0.00805	0.00998	0.00623	0.00609	0.01274	0.01770	0.06347	0.51345	0.05139	0.23272	0.01400	0.00771	0.00211	0.00330	0.01213	0.00700	0.00632
26	0.01317	0.01101	0.01083	0.01023	0.01227	0.10506	0.00765	0.03498	0.04172	0.07364	0.19536	0.19164	0.18586	0.03576	0.00880	0.00234	0.03525	0.01171	0.00601	0.00672
27	0.01717	0.04195	0.02425	0.03127	0.46771	0.11264	0.03668	0.02082	0.02966	0.03597	0.05338	0.01762	0.01327	0.00693	0.00756	0.00199	0.06198	0.00602	0.00364	0.00949

[dist]
# distance from previous block
# <min> <max>
0	1

[block]
# block no. 6 follows, 33 sequences, length 66
# corresponding to MSA columns:
# 437-502
name=unknown_G
#
# <colnr> <probs for GDERKNQSTAVLIFYWHMCP>
#	G	D	E	R	K	N	Q	S	T	A	V	L	I	F	Y	W	H	M	C	P
0	0.01552	0.01299	0.01525	0.01122	0.01687	0.01115	0.02613	0.11798	0.06074	0.02474	0.01330	0.01476	0.01062	0.00559	0.00531	0.00123	0.00540	0.00452	0.00445	0.62223
1	0.01460	0.05111	0.32393	0.04862	0.18136	0.01646	0.16138	0.02013	0.01409	0.02026	0.01186	0.01526	0.00918	0.00649	0.00795	0.00214	0.07709	0.00574	0.00301	0.00935
2	0.00966	0.00660	0.00831	0.00831	0.00880	0.00701	0.00550	0.01065	0.01015	0.01428	0.01970	0.03606	0.02094	0.47617	0.27951	0.00758	0.01013	0.00851	0.04733	0.00477
3	0.07656	0.05276	0.08265	0.02058	0.21281	0.10099	0.01403	0.08440	0.04634	0.10780	0.01578	0.01702	0.03223	0.00681	0.00601	0.00183	0.00733	0.00548	0.00446	0.10411
4	0.13176	0.14845	0.02009	0.01382	0.01839	0.18800	0.01138	0.26375	0.09646	0.02801	0.01364	0.01424	0.01050	0.00712	0.00570	0.00185	0.00777	0.00496	0.00487	0.00925
5	0.00830	0.00596	0.00776	0.00881	0.00944	0.00555	0.00597	0.00972	0.01352	0.01818	0.14679	0.58254	0.07521	0.05758	0.00956	0.00275	0.00382	0.01695	0.00618	0.00543
6	0.04423	0.04129	0.02017	0.08315	0.07406	0.07298	0.01407	0.09676	0.01415	0.02015	0.01037	0.01449	0.00908	0.00907	0.01396	0.00236	0.39193	0.00541	0.00348	0.05883
7	0.01658	0.13137	0.43516	0.01825	0.05586	0.03799	0.05030	0.10274	0.01635	0.05745	0.01266	0.01430	0.00925	0.00642	0.00610	0.00197	0.00890	0.00505	0.00356	0.00973
8	0.00948	0.00675	0.00906	0.00906	0.00971	0.00740	0.00633	0.01078	0.01013	0.01415	0.01903	0.03358	0.01981	0.37167	0.42483	0.00870	0.01259	0.00818	0.00373	0.00503
9	0.00828	0.00607	0.00785	0.00917	0.00993	0.00563	0.00648	0.00972	0.01322	0.01727	0.04018	0.59189	0.13380	0.01982	0.00840	0.00265	0.00401	0.09408	0.00611	0.00546
10	0.07415	0.14639	0.08367	0.01918	0.08268	0.21232	0.14721	0.06458	0.01674	0.07536	0.01243	0.01431	0.00960	0.00636	0.00605	0.00187	0.00918	0.00523	0.00383	0.00888
11	0.02473	0.01830	0.01959	0.01509	0.02030	0.02028	0.01244	0.68305	0.05400	0.04102	0.01618	0.01610	0.01150	0.00794	0.00659	0.00198	0.00718	0.00598	0.00659	0.01117
12	0.00953	0.00657	0.00815	0.00815	0.00848	0.00691	0.00520	0.01019	0.00986	0.01348	0.01986	0.03818	0.02181	0.56392	0.23532	0.00758	0.00958	0.00886	0.00386	0.00453
13	0.01510	0.01443	0.02457	0.25973	0.51754	0.01533	0.01961	0.01916	0.01443	0.02006	0.01217	0.01668	0.00992	0.00609	0.00654	0.00203	0.00811	0.00586	0.00316	0.00947
14	0.02096	0.01437	0.01592	0.01280	0.01699	0.01528	0.01032	0.44167	0.02481	0.11155	0.02567	0.08273	0.11229	0.02997	0.03131	0.00246	0.00657	0.00822	0.00650	0.00962
15	0.00859	0.00613	0.00829	0.00982	0.01045	0.00584	0.00710	0.01015	0.01316	0.01744	0.03597	0.61286	0.04230	0.02009	0.00855	0.00275	0.00431	0.16459	0.00610	0.00550
16	0.01609	0.51828	0.27556	0.01385	0.02089	0.02234	0.01576	0.02010	0.01356	0.01733	0.01007	0.01171	0.00841	0.00585	0.00492	0.00164	0.00797	0.00398	0.00280	0.00889
17	0.01419	0.19937	0.57784	0.01709	0.02590	0.01770	0.02140	0.02059	0.01378	0.01965	0.01122	0.01315	0.00836	0.00612	0.00580	0.00193	0.00913	0.00456	0.00279	0.00944
18	0.01746	0.73955	0.03387	0.01153	0.01691	0.02579	0.01140	0.01954	0.01323	0.01550	0.00913	0.01073	0.00846	0.00589	0.00498	0.00147	0.03971	0.00362	0.00282	0.00839
19	0.00956	0.00702	0.00924	0.01023	0.01169	0.00671	0.00837	0.01207	0.01520	0.01983	0.13356	0.17665	0.15753	0.01767	0.00859	0.00271	0.00485	0.37640	0.00624	0.00589
20	0.02027	0.01655	0.01705	0.01425	0.01861	0.04397	0.01137	0.31394	0.40566	0.03294	0.02163	0.02046	0.01597	0.00843	0.00662	0.00211	0.00629	0.00670	0.00653	0.01064
21	0.00955	0.00843	0.00845	0.00870	0.01040	0.06229	0.00625	0.01119	0.01458	0.01813	0.10066	0.32852	0.31995	0.01666	0.00775	0.00229	0.00423	0.01442	0.00589	0.04165
22	0.03414	0.08387	0.50016	0.01649	0.02464	0.05805	0.01956	0.02116	0.04630	0.02077	0.01213	0.01392	0.00904	0.00619	0.00588	0.00188	0.00873	0.00470	0.00317	0.10923
23	0.01361	0.08921	0.66443	0.01873	0.04480	0.01611	0.02324	0.02075	0.01389	0.02046	0.01163	0.01371	0.00840	0.00620	0.00611	0.00203	0.00948	0.00479	0.00279	0.00965
24	0.00943	0.00694	0.01000	0.01000	0.01097	0.00791	0.00750	0.01138	0.01041	0.01485	0.01817	0.02881	0.01774	0.17256	0.62111	0.00986	0.01571	0.00749	0.00361	0.00555
25	0.01880	0.19987	0.21677	0.06414	0.02389	0.29011	0.04107	0.03923	0.01599	0.01810	0.01074	0.01280	0.00858	0.00635	0.00575	0.00179	0.00984	0.00452	0.00314	0.00850
26	0.01897	0.11183	0.05908	0.06268	0.20736	0.06473	0.04720	0.13877	0.05126	0.08043	0.01382	0.01593	0.01074	0.00717	0.00774	0.00202	0.08076	0.00564	0.00426	0.00960
27	0.00946	0.00684	0.00948	0.00948	0.01027	0.00763	0.00685	0.01105	0.01025	0.01446	0.01864	0.03145	0.01889	0.28297	0.51228	0.00922	0.01398	0.00787	0.00368	0.00526
28	0.00806	0.00665	0.00708	0.00705	0.00908	0.00567	0.00526	0.00997	0.01556	0.01928	0.18254	0.08619	0.58235	0.01624	0.00780	0.00221	0.00331	0.01371	0.00631	0.00567
29	0.01853	0.22430	0.04210	0.02218	0.21680	0.05096	0.10132	0.04184	0.04610	0.11031	0.01521	0.01690	0.02885	0.00674	0.00652	0.00189	0.03020	0.00573	0.00407	0.00945
30	0.04250	0.16744	0.54260	0.01685	0.02539	0.01752	0.02070	0.05777	0.01464	0.02129	0.01145	0.01328	0.00847	0.00623	0.00583	0.00195	0.00894	0.00463	0.00304	0.00948
31	0.01554	0.01776	0.03885	0.02775	0.03441	0.01665	0.70366	0.02109	0.01554	0.02109	0.01332	0.01776	0.00999	0.00555	0.00777	0.00222	0.01110	0.00777	0.00333	0.00888
32	0.01487	0.01385	0.02414	0.36818	0.33066	0.01506	0.07634	0.01910	0.01432	0.04224	0.01258	0.01720	0.00982	0.00624	0.00666	0.00209	0.00847	0.00604	0.00327	0.00888
33	0.01645	0.03778	0.10774	0.10846	0.28951	0.08292	0.05234	0.06487	0.03229	0.02102	0.01284	0.01738	0.01066	0.00724	0.00816	0.00211	0.08952	0.02600	0.00351	0.00918
34	0.01006	0.00797	0.01005	0.00966	0.01149	0.00781	0.03009	0.01470	0.11929	0.02187	0.27280	0.20750	0.16503	0.05126	0.00903	0.00250	0.00413	0.03189	0.00639	0.00650
35	0.01340	0.00745	0.00962	0.00893	0.01079	0.00680	0.00651	0.01545	0.01591	0.17322	0.30660	0.17192	0.06660	0.14247	0.01202	0.00291	0.00434	0.01168	0.00664	0.00672
36	0.04132	0.01450	0.01992	0.02101	0.21162	0.01477	0.04328	0.23162	0.03769	0.19398	0.01919	0.08841	0.01530	0.00849	0.00674	0.00207	0.00676	0.00734	0.00580	0.01021
37	0.03551	0.04891	0.01975	0.08927	0.15953	0.08093	0.06713	0.05121	0.01653	0.18188	0.05068	0.10088	0.01841	0.00910	0.00682	0.00210	0.00721	0.04019	0.00511	0.00886
38	0.00796	0.00650	0.00706	0.00746	0.00925	0.00560	0.00550	0.00957	0.01448	0.01766	0.05859	0.21782	0.54449	0.01761	0.00798	0.00236	0.00356	0.04492	0.00611	0.00553
39	0.01431	0.01354	0.02294	0.44914	0.28814	0.01524	0.04378	0.03918	0.01445	0.01940	0.01213	0.01706	0.00948	0.00633	0.00660	0.00210	0.00847	0.00593	0.00317	0.00860
40	0.03243	0.01487	0.02500	0.11532	0.51682	0.01525	0.06779	0.02037	0.05726	0.02135	0.01519	0.01866	0.03712	0.00651	0.00662	0.00203	0.00778	0.00634	0.00356	0.00972
41	0.76532	0.01263	0.01003	0.00885	0.01299	0.01445	0.00729	0.02016	0.01169	0.07410	0.01023	0.01144	0.00771	0.00624	0.00424	0.00204	0.00512	0.00376	0.00433	0.00739
42	0.00825	0.00604	0.00745	0.00839	0.00912	0.00557	0.00562	0.00944	0.01295	0.01692	0.07416	0.50114	0.16904	0.11981	0.01162	0.00306	0.00404	0.01625	0.00588	0.00525
43	0.01486	0.02731	0.47677	0.08756	0.11673	0.04104	0.02130	0.02199	0.05887	0.05266	0.01340	0.01552	0.00975	0.00651	0.00635	0.00207	0.00901	0.00530	0.00336	0.00963
44	0.10739	0.01892	0.01781	0.16291	0.02416	0.19184	0.01285	0.24535	0.07562	0.05976	0.01424	0.01565	0.01055	0.00727	0.00617	0.00198	0.00820	0.00540	0.00489	0.00906
45	0.81514	0.01273	0.00968	0.00866	0.01273	0.01477	0.00713	0.01935	0.01120	0.02954	0.00917	0.01069	0.00713	0.00611	0.00407	0.00204	0.00509	0.00356	0.00407	0.00713
46	0.02027	0.00924	0.01234	0.01037	0.01377	0.00827	0.00819	0.02330	0.03783	0.40580	0.25279	0.11227	0.03420	0.01125	0.00719	0.00212	0.00459	0.00968	0.00759	0.00893
47	0.00800	0.00580	0.00757	0.00899	0.00950	0.00536	0.00603	0.00919	0.01278	0.01688	0.03849	0.71342	0.09303	0.02034	0.00836	0.00264	0.00378	0.01836	0.00611	0.00536
48	0.01530	0.01379	0.02267	0.22706	0.29727	0.01482	0.07774	0.02103	0.09728	0.05368	0.05818	0.01998	0.01446	0.00714	0.00721	0.00212	0.03050	0.00662	0.00404	0.00912
49	0.00941	0.00703	0.01046	0.01046	0.01159	0.00816	0.00808	0.01168	0.01054	0.01519	0.01775	0.02649	0.01673	0.07539	0.71690	0.01043	0.01723	0.00714	0.00354	0.00581
50	0.01760	0.77260	0.03450	0.01126	0.01690	0.02605	0.01126	0.01971	0.01338	0.01549	0.00915	0.01056	0.00845	0.00563	0.00422	0.00141	0.00704	0.00352	0.00282	0.00845
51	0.01358	0.01184	0.03594	0.07140	0.14560	0.01026	0.01099	0.01661	0.01352	0.04567	0.01631	0.02048	0.04466	0.05930	0.08885	0.00279	0.00726	0.00574	0.02082	0.35840
52	0.05859	0.20406	0.35082	0.01561	0.02254	0.01716	0.05950	0.04057	0.01476	0.04698	0.07739	0.01680	0.01375	0.00698	0.00632	0.00194	0.02827	0.00542	0.00362	0.00893
53	0.01777	0.01509	0.01722	0.01460	0.01877	0.01707	0.05474	0.14675	0.55626	0.02947	0.02409	0.02266	0.01796	0.00854	0.00675	0.00219	0.00593	0.00721	0.00647	0.01045
54	0.01791	0.56472	0.09878	0.01371	0.01952	0.11182	0.05659	0.02071	0.01421	0.01642	0.00979	0.01149	0.00854	0.00583	0.00485	0.00156	0.00814	0.00400	0.00292	0.00850
55	0.02380	0.01866	0.01901	0.01502	0.01995	0.06563	0.01224	0.56935	0.12532	0.03794	0.01698	0.01677	0.01226	0.00797	0.00656	0.00199	0.00726	0.00603	0.00640	0.01086
56	0.00831	0.00620	0.00749	0.00815	0.00915	0.00564	0.00559	0.00975	0.01378	0.01799	0.14029	0.39370	0.22913	0.10035	0.01089	0.00287	0.00387	0.01544	0.00604	0.00538
57	0.01530	0.01729	0.03723	0.02676	0.03302	0.01643	0.65721	0.02063	0.01545	0.02108	0.03610	0.01866	0.01162	0.00601	0.00825	0.00224	0.03673	0.00783	0.00344	0.00873
58	0.08937	0.01213	0.01390	0.01058	0.01584	0.01050	0.00862	0.08591	0.01588	0.11598	0.01519	0.01857	0.01229	0.00655	0.00546	0.00144	0.00530	0.04751	0.00486	0.50414
59	0.00907	0.00719	0.00800	0.00788	0.00989	0.00647	0.00594	0.04380	0.01633	0.02077	0.20322	0.12914	0.45246	0.01600	0.00783	0.00225	0.00362	0.03778	0.00638	0.00597
60	0.10581	0.01432	0.01497	0.01298	0.01704	0.01622	0.01027	0.11870	0.50017	0.08112	0.02340	0.02177	0.01726	0.00843	0.00639	0.00216	0.00549	0.00676	0.00650	0.01022
61	0.01453	0.01352	0.03106	0.04776	0.01628	0.09156	0.00973	0.10219	0.21304	0.02290	0.02990	0.25220	0.10250	0.01283	0.00723	0.00227	0.00583	0.01094	0.00580	0.00795
62	0.01615	0.01550	0.02646	0.06672	0.70237	0.01560	0.02013	0.02008	0.01492	0.02133	0.01236	0.01634	0.01037	0.00589	0.00652	0.00196	0.00786	0.00587	0.00325	0.01031
63	0.01598	0.44290	0.27773	0.01401	0.02078	0.05424	0.01566	0.02006	0.01406	0.01792	0.04462	0.01365	0.01100	0.00628	0.00518	0.00169	0.00801	0.00443	0.00304	0.00875
64	0.01861	0.00964	0.01214	0.01022	0.01375	0.00882	0.00807	0.02295	0.09627	0.32258	0.20650	0.06796	0.11386	0.01101	0.00705	0.00207	0.00454	0.00934	0.00722	0.04739
65	0.01719	0.01476	0.02201	0.20868	0.22683	0.04987	0.07841	0.10275	0.03835	0.07809	0.01630	0.02286	0.01340	0.00778	0.00689	0.00215	0.00806	0.07219	0.00435	0.00909

[dist]
# distance from previous block
# <min> <max>
0	1

[block]
# block no. 7 follows, 33 sequences, length 143
# corresponding to MSA columns:
# 504-646
name=unknown_H
#
# <colnr> <probs for GDERKNQSTAVLIFYWHMCP>
#	G	D	E	R	K	N	Q	S	T	A	V	L	I	F	Y	W	H	M	C	P
0	0.04170	0.01081	0.01159	0.01000	0.01314	0.03206	0.00778	0.07689	0.10691	0.05791	0.14875	0.03689	0.22500	0.04350	0.00849	0.00217	0.03213	0.00916	0.00585	0.11926
1	0.01553	0.01591	0.03079	0.02247	0.02825	0.01501	0.48246	0.09264	0.01673	0.02286	0.01666	0.08345	0.02956	0.00731	0.00741	0.00211	0.00924	0.00828	0.00404	0.08928
2	0.02201	0.01318	0.01574	0.01270	0.01668	0.01380	0.01028	0.28326	0.05689	0.24440	0.10288	0.05123	0.02049	0.01136	0.03621	0.02668	0.03831	0.00743	0.00674	0.00973
3	0.01800	0.01904	0.01708	0.01514	0.01712	0.28059	0.01197	0.04569	0.01482	0.04751	0.01574	0.01907	0.06307	0.01509	0.11257	0.00339	0.26696	0.00603	0.00376	0.00738
4	0.01556	0.01401	0.02326	0.26319	0.43983	0.01493	0.01851	0.04175	0.01500	0.04580	0.01353	0.04099	0.01121	0.00672	0.00660	0.00206	0.00790	0.00630	0.00353	0.00933
5	0.01431	0.01125	0.01323	0.00985	0.01510	0.00891	0.00784	0.01795	0.04860	0.06866	0.06848	0.01905	0.03813	0.00632	0.00539	0.00123	0.00476	0.00518	0.00464	0.63115
6	0.01543	0.39431	0.33757	0.01478	0.02192	0.02062	0.01700	0.01993	0.01345	0.01800	0.01035	0.01228	0.00845	0.00617	0.00597	0.00176	0.04465	0.00422	0.00283	0.03030
7	0.01600	0.01163	0.01389	0.01004	0.01578	0.00891	0.00808	0.01887	0.01442	0.12666	0.01381	0.01495	0.01072	0.00536	0.00513	0.00113	0.00498	0.00430	0.00453	0.69080
8	0.00800	0.00668	0.00697	0.00690	0.00903	0.00565	0.00517	0.00987	0.01552	0.01900	0.15979	0.06135	0.63104	0.01622	0.00778	0.00220	0.00330	0.01361	0.00627	0.00565
9	0.02053	0.01627	0.01852	0.01556	0.04006	0.01807	0.04117	0.38053	0.28590	0.03394	0.02044	0.04548	0.01559	0.00858	0.00674	0.00211	0.00654	0.00702	0.00638	0.01058
10	0.00978	0.00715	0.00977	0.00976	0.01085	0.00793	0.00724	0.01255	0.04613	0.01663	0.06634	0.07821	0.02265	0.16071	0.46677	0.00808	0.01279	0.00854	0.03233	0.00579
11	0.00903	0.00663	0.00832	0.00882	0.00950	0.00668	0.00612	0.01018	0.01181	0.01563	0.03219	0.27093	0.12669	0.26163	0.11275	0.00486	0.02886	0.05927	0.00500	0.00512
12	0.00936	0.00701	0.01048	0.01053	0.01168	0.00813	0.00815	0.01166	0.01065	0.01534	0.01829	0.05180	0.01741	0.04836	0.71676	0.01030	0.01715	0.00746	0.00362	0.00586
13	0.01626	0.01575	0.02732	0.03978	0.69322	0.01569	0.05408	0.02025	0.01502	0.02149	0.01243	0.01637	0.01041	0.00585	0.00658	0.00197	0.00798	0.00596	0.00326	0.01035
14	0.01351	0.03189	0.64216	0.01996	0.02928	0.01547	0.11452	0.02088	0.01412	0.02088	0.01201	0.01441	0.00856	0.00616	0.00646	0.00210	0.00991	0.00525	0.00285	0.00962
15	0.01554	0.01776	0.03885	0.02775	0.03441	0.01665	0.70366	0.02109	0.01554	0.02109	0.01332	0.01776	0.00999	0.00555	0.00777	0.00222	0.01110	0.00777	0.00333	0.00888
16	0.02076	0.12276	0.08012	0.01741	0.02187	0.38318	0.09389	0.06998	0.04038	0.01906	0.01136	0.01341	0.00922	0.00694	0.00715	0.00187	0.06378	0.00494	0.00355	0.00835
17	0.01176	0.01073	0.01841	0.04966	0.21740	0.01043	0.11997	0.01462	0.01414	0.01931	0.05955	0.34769	0.05242	0.01306	0.00765	0.00234	0.00623	0.01237	0.00480	0.00746
18	0.01431	0.01451	0.02568	0.02085	0.05040	0.01650	0.27293	0.03765	0.01309	0.01875	0.01289	0.04000	0.01147	0.01469	0.11906	0.00367	0.29524	0.00710	0.00336	0.00783
19	0.01403	0.01141	0.01272	0.03204	0.01531	0.01237	0.00898	0.02582	0.41496	0.04686	0.18501	0.03366	0.10709	0.01055	0.00698	0.00214	0.00463	0.00895	0.00658	0.03991
20	0.01165	0.01009	0.01358	0.01237	0.01254	0.01285	0.00943	0.01267	0.01016	0.01479	0.01606	0.08537	0.01761	0.27816	0.10777	0.00496	0.35229	0.00826	0.00360	0.00579
21	0.01513	0.04322	0.02786	0.15792	0.02998	0.01589	0.33976	0.06114	0.06222	0.02075	0.01380	0.01852	0.01097	0.03679	0.00968	0.03500	0.05193	0.00684	0.00366	0.03893
22	0.01658	0.60191	0.19629	0.01300	0.01958	0.02356	0.01428	0.01998	0.01350	0.01673	0.00977	0.01133	0.00842	0.00578	0.00469	0.00156	0.00766	0.00383	0.00281	0.00874
23	0.01233	0.01117	0.01562	0.01406	0.01470	0.01473	0.01137	0.01492	0.04462	0.01608	0.01355	0.02052	0.01287	0.05466	0.30751	0.00604	0.39868	0.00650	0.00336	0.00671
24	0.00811	0.00580	0.00772	0.00911	0.00957	0.00541	0.00612	0.00939	0.01301	0.01745	0.08285	0.71593	0.04480	0.02014	0.00836	0.00263	0.00377	0.01825	0.00619	0.00541
