[name]
unknown

[dist]
# distance from previous block
# <min> <max>
3	5

[block]
# block no. 0 follows, 33 sequences, length 20
# corresponding to MSA columns:
# 5-24
name=unknown_A
#
# <colnr> <probs for GDERKNQSTAVLIFYWHMCP>
#	G	D	E	R	K	N	Q	S	T	A	V	L	I	F	Y	W	H	M	C	P
0	0.01243	0.01170	0.01975	0.75282	0.04534	0.01463	0.01828	0.01682	0.01316	0.01682	0.01170	0.01755	0.00878	0.00658	0.00658	0.00219	0.00878	0.00585	0.00293	0.00731
1	0.01785	0.01227	0.01445	0.01094	0.01630	0.01062	0.00879	0.05439	0.11889	0.16978	0.01706	0.01716	0.01269	0.00629	0.00558	0.00143	0.00518	0.00508	0.00531	0.48994
2	0.00812	0.00581	0.00773	0.00910	0.00957	0.00541	0.00612	0.00942	0.01308	0.01756	0.09006	0.70843	0.04499	0.02006	0.00835	0.00263	0.00376	0.01818	0.00620	0.00541
3	0.81514	0.01273	0.00968	0.00866	0.01273	0.01477	0.00713	0.01935	0.01120	0.02954	0.00917	0.01069	0.00713	0.00611	0.00407	0.00204	0.00509	0.00356	0.00407	0.00713
4	0.00813	0.00587	0.00770	0.00897	0.00954	0.00544	0.00607	0.00948	0.01327	0.01774	0.10140	0.66553	0.07692	0.01978	0.00831	0.00260	0.00373	0.01786	0.00622	0.00544
5	0.58553	0.01439	0.01261	0.01054	0.01496	0.01641	0.00869	0.21878	0.01694	0.03301	0.01110	0.01218	0.00831	0.00663	0.00480	0.00202	0.00572	0.00425	0.00480	0.00831
6	0.01615	0.01603	0.02897	0.03806	0.59881	0.01583	0.14716	0.02037	0.01509	0.02143	0.01256	0.01657	0.01035	0.00581	0.00675	0.00200	0.00843	0.00622	0.00327	0.01014
7	0.05149	0.01789	0.02754	0.04498	0.26573	0.07369	0.22912	0.16247	0.01855	0.02531	0.01306	0.01610	0.01012	0.00629	0.00677	0.00203	0.00894	0.00625	0.00400	0.00968
8	0.02150	0.02404	0.04836	0.09317	0.13478	0.37452	0.04426	0.11635	0.01890	0.04539	0.01217	0.01435	0.00951	0.00675	0.00629	0.00187	0.00997	0.00514	0.00390	0.00878
9	0.01677	0.01602	0.02532	0.14778	0.50238	0.06422	0.05937	0.02065	0.01515	0.05073	0.01276	0.01654	0.01026	0.00612	0.00657	0.00199	0.00834	0.00590	0.00343	0.00970
10	0.08806	0.04614	0.24780	0.02080	0.10402	0.06350	0.16792	0.05331	0.01559	0.08041	0.01406	0.04404	0.01098	0.00684	0.00646	0.00206	0.00878	0.00614	0.00386	0.00923
11	0.01690	0.01400	0.02362	0.03240	0.51618	0.01371	0.05280	0.02039	0.01521	0.10939	0.01701	0.10754	0.01514	0.00792	0.00682	0.00207	0.00723	0.00761	0.00422	0.00983
12	0.01562	0.01496	0.02551	0.16433	0.60890	0.01547	0.01987	0.01962	0.01467	0.02069	0.01226	0.01651	0.01014	0.00599	0.00653	0.00200	0.00799	0.00586	0.00320	0.00989
13	0.01515	0.01406	0.02367	0.20039	0.17628	0.01514	0.16509	0.02149	0.12337	0.05115	0.04453	0.02087	0.03245	0.00751	0.00794	0.00219	0.05871	0.00700	0.00414	0.00886
14	0.01672	0.01664	0.02608	0.08807	0.46990	0.07239	0.10616	0.05586	0.01596	0.02155	0.01330	0.04269	0.01131	0.00658	0.00671	0.00201	0.00846	0.00644	0.00353	0.00964
15	0.01554	0.01187	0.01764	0.02051	0.23851	0.01167	0.04140	0.08066	0.04664	0.09635	0.22180	0.09623	0.02941	0.00992	0.00708	0.00206	0.00576	0.00897	0.00563	0.03234
16	0.04731	0.09398	0.27280	0.01781	0.10666	0.04651	0.01621	0.07542	0.07707	0.06685	0.01434	0.01650	0.01109	0.03909	0.00714	0.00208	0.00779	0.00533	0.00403	0.07201
17	0.09077	0.06331	0.05726	0.01564	0.05592	0.11582	0.03939	0.23231	0.08405	0.10118	0.03645	0.04889	0.01422	0.00799	0.00629	0.00199	0.00737	0.00628	0.00537	0.00952
18	0.12162	0.08519	0.24843	0.04236	0.08749	0.04539	0.01595	0.12940	0.08164	0.02527	0.02721	0.01544	0.01104	0.00679	0.00591	0.00196	0.00769	0.00520	0.00411	0.03192
19	0.03694	0.11375	0.15549	0.01527	0.02099	0.14110	0.06211	0.07654	0.11020	0.11262	0.01535	0.01597	0.01139	0.00682	0.00602	0.00185	0.00802	0.00533	0.00455	0.07970

[dist]
# distance from previous block
# <min> <max>
1	17

[block]
# block no. 1 follows, 33 sequences, length 15
# corresponding to MSA columns:
# 43-57
name=unknown_B
#
# <colnr> <probs for GDERKNQSTAVLIFYWHMCP>
#	G	D	E	R	K	N	Q	S	T	A	V	L	I	F	Y	W	H	M	C	P
0	0.07014	0.05084	0.23085	0.01423	0.02043	0.01551	0.01432	0.18206	0.11587	0.06668	0.04980	0.01763	0.01378	0.00727	0.00610	0.00191	0.00698	0.00565	0.00495	0.10499
1	0.01758	0.01543	0.05382	0.01583	0.09354	0.05466	0.01176	0.07076	0.28900	0.09429	0.02192	0.02268	0.04139	0.00808	0.00640	0.00194	0.00617	0.02623	0.00557	0.14294
2	0.01790	0.01538	0.06450	0.01279	0.01795	0.01422	0.01088	0.19555	0.21554	0.06560	0.04537	0.01911	0.01530	0.00737	0.00611	0.00175	0.00586	0.00592	0.00564	0.25724
3	0.19907	0.01331	0.03632	0.01057	0.01519	0.05192	0.00872	0.04468	0.03802	0.11018	0.09505	0.03835	0.01707	0.00734	0.00555	0.00167	0.00543	0.00570	0.00502	0.29086
4	0.02092	0.01450	0.07022	0.09447	0.02168	0.01348	0.04835	0.14489	0.12378	0.26864	0.04719	0.06650	0.01757	0.00873	0.00681	0.00213	0.00657	0.00740	0.00628	0.00989
5	0.02129	0.15592	0.04027	0.01395	0.01877	0.30190	0.01156	0.11172	0.01821	0.07345	0.01224	0.01334	0.00965	0.00643	0.00557	0.00157	0.00851	0.00446	0.00414	0.16705
6	0.01554	0.01776	0.03885	0.02775	0.03441	0.01665	0.70366	0.02109	0.01554	0.02109	0.01332	0.01776	0.00999	0.00555	0.00777	0.00222	0.01110	0.00777	0.00333	0.00888
7	0.00817	0.00646	0.00742	0.00809	0.00963	0.00571	0.00598	0.00981	0.01423	0.01767	0.05318	0.29600	0.42500	0.01814	0.00813	0.00246	0.00379	0.08849	0.00611	0.00554
8	0.01830	0.04876	0.19028	0.01706	0.02266	0.09495	0.08511	0.17983	0.18082	0.02611	0.01588	0.01689	0.01192	0.00753	0.00742	0.00209	0.05404	0.00594	0.00468	0.00971
9	0.00871	0.00656	0.00778	0.00771	0.00915	0.00593	0.00552	0.01074	0.01563	0.02080	0.34544	0.13101	0.26895	0.11352	0.01119	0.00275	0.00368	0.01299	0.00633	0.00562
10	0.01385	0.02756	0.53168	0.01728	0.02531	0.01396	0.05868	0.02094	0.05111	0.06274	0.01858	0.04964	0.06396	0.00783	0.00659	0.00213	0.00861	0.00650	0.00372	0.00932
11	0.00867	0.00622	0.00827	0.00904	0.00993	0.00582	0.00645	0.01067	0.01499	0.02052	0.28850	0.45512	0.04997	0.01783	0.00822	0.00248	0.00371	0.06136	0.00652	0.00571
12	0.04253	0.39464	0.19848	0.01529	0.04565	0.09049	0.04424	0.02145	0.01443	0.06207	0.01122	0.01273	0.00901	0.00607	0.00525	0.00171	0.00820	0.00437	0.00327	0.00889
13	0.09390	0.28502	0.36993	0.01493	0.02236	0.01932	0.01728	0.07096	0.01472	0.02138	0.01093	0.01258	0.00847	0.00615	0.00537	0.00184	0.00817	0.00435	0.00320	0.00914
14	0.18897	0.16265	0.04866	0.01417	0.01845	0.39805	0.01174	0.05247	0.01646	0.02010	0.01008	0.01163	0.00830	0.00646	0.00527	0.00174	0.00928	0.00406	0.00354	0.00791

[dist]
# distance from previous block
# <min> <max>
0	3

[block]
# block no. 2 follows, 33 sequences, length 19
# corresponding to MSA columns:
# 61-79
name=unknown_C
#
# <colnr> <probs for GDERKNQSTAVLIFYWHMCP>
#	G	D	E	R	K	N	Q	S	T	A	V	L	I	F	Y	W	H	M	C	P
0	0.12583	0.02117	0.32212	0.01407	0.02044	0.01330	0.01528	0.07199	0.04622	0.14135	0.10631	0.02128	0.03683	0.00798	0.00629	0.00207	0.00703	0.00630	0.00494	0.00919
1	0.01820	0.64344	0.03235	0.01397	0.06942	0.09639	0.01207	0.02040	0.01402	0.01599	0.00949	0.01111	0.00860	0.00576	0.00456	0.00148	0.00758	0.00376	0.00291	0.00851
2	0.01572	0.00988	0.01231	0.01004	0.01416	0.00801	0.00775	0.01806	0.01455	0.18464	0.02201	0.22953	0.02089	0.01012	0.00628	0.00170	0.00474	0.00875	0.00551	0.39533
3	0.01639	0.57005	0.22649	0.01332	0.02008	0.02310	0.01485	0.02002	0.01352	0.01696	0.00988	0.01148	0.00842	0.00580	0.00478	0.00159	0.00778	0.00389	0.00281	0.00880
4	0.02077	0.43698	0.02732	0.01384	0.01846	0.35032	0.01192	0.02269	0.01577	0.01577	0.00962	0.01115	0.00846	0.00615	0.00500	0.00154	0.00923	0.00385	0.00308	0.00808
5	0.01484	0.02987	0.59306	0.01745	0.02607	0.01484	0.02146	0.07619	0.01584	0.06268	0.05567	0.01665	0.01224	0.00693	0.00639	0.00207	0.00890	0.00547	0.00366	0.00972
6	0.00873	0.00653	0.00796	0.00875	0.00969	0.00621	0.00599	0.01106	0.05539	0.01801	0.09477	0.47823	0.15489	0.08890	0.01050	0.00287	0.00401	0.01583	0.00604	0.00563
7	0.01479	0.00959	0.01178	0.01024	0.01289	0.00963	0.00802	0.08273	0.08718	0.13883	0.39997	0.03895	0.09234	0.01181	0.00796	0.00212	0.03632	0.00995	0.00700	0.00788
8	0.01554	0.01776	0.03885	0.02775	0.03441	0.01665	0.70366	0.02109	0.01554	0.02109	0.01332	0.01776	0.00999	0.00555	0.00777	0.00222	0.01110	0.00777	0.00333	0.00888
9	0.00802	0.00573	0.00764	0.00917	0.00955	0.00535	0.00611	0.00917	0.01260	0.01681	0.03628	0.76434	0.04354	0.02062	0.00840	0.00267	0.00382	0.01872	0.00611	0.00535
10	0.01591	0.01731	0.05405	0.15304	0.36729	0.10773	0.06366	0.01963	0.01490	0.01947	0.01510	0.01867	0.05256	0.00703	0.00735	0.00205	0.04574	0.00622	0.00336	0.00896
11	0.52910	0.01305	0.01189	0.01022	0.01445	0.01459	0.00833	0.06213	0.12517	0.13282	0.01480	0.01490	0.01076	0.00696	0.00500	0.00206	0.00531	0.00476	0.00523	0.00848
12	0.00832	0.00594	0.00798	0.00951	0.01002	0.00560	0.00663	0.00968	0.01290	0.01714	0.03612	0.68496	0.04289	0.02034	0.00848	0.00271	0.00408	0.09516	0.00611	0.00543
13	0.01124	0.00572	0.00852	0.00861	0.00863	0.00570	0.00574	0.00861	0.00880	0.01174	0.01283	0.06191	0.01324	0.02274	0.02475	0.76311	0.00561	0.00645	0.00304	0.00300
14	0.01771	0.06501	0.04696	0.05921	0.33764	0.12132	0.07581	0.10085	0.01707	0.02212	0.01393	0.06636	0.01220	0.00725	0.00653	0.00197	0.00840	0.00650	0.00381	0.00935
15	0.01933	0.01821	0.01818	0.04787	0.08847	0.16462	0.03251	0.16180	0.28139	0.02657	0.01852	0.01895	0.01408	0.00773	0.00641	0.00200	0.00742	0.00621	0.05013	0.00959
16	0.00943	0.00694	0.01000	0.01000	0.01097	0.00791	0.00750	0.01138	0.01041	0.01485	0.01816	0.02880	0.01773	0.17220	0.62147	0.00986	0.01571	0.00748	0.00361	0.00556
17	0.00898	0.00613	0.00735	0.00793	0.00808	0.00599	0.00479	0.00942	0.01072	0.01430	0.02664	0.31658	0.03137	0.48499	0.02399	0.00498	0.00541	0.01304	0.00479	0.00450
18	0.01751	0.10649	0.07163	0.02157	0.11637	0.15586	0.14819	0.02063	0.01428	0.03768	0.01107	0.01457	0.00928	0.00761	0.01056	0.00216	0.21723	0.00558	0.00325	0.00845

[dist]
# distance from previous block
# <min> <max>
0	2

[block]
# block no. 3 follows, 33 sequences, length 26
# corresponding to MSA columns:
# 82-107
name=unknown_D
#
# <colnr> <probs for GDERKNQSTAVLIFYWHMCP>
#	G	D	E	R	K	N	Q	S	T	A	V	L	I	F	Y	W	H	M	C	P
0	0.07032	0.47515	0.15620	0.01266	0.01887	0.04112	0.01317	0.05226	0.01432	0.01909	0.01017	0.01169	0.00857	0.00586	0.00479	0.00157	0.00737	0.00393	0.00317	0.06972
1	0.01329	0.01258	0.02129	0.59475	0.19671	0.01485	0.01871	0.01757	0.01357	0.01786	0.01185	0.01727	0.00914	0.00642	0.00657	0.00214	0.00856	0.00585	0.00300	0.00800
2	0.01701	0.41868	0.21762	0.01547	0.02214	0.06505	0.08631	0.05415	0.01492	0.01879	0.01067	0.01252	0.00872	0.00597	0.00534	0.00172	0.00847	0.00447	0.00308	0.00892
3	0.02034	0.37650	0.02598	0.01329	0.01831	0.10588	0.01167	0.21528	0.11015	0.02444	0.01343	0.01401	0.01074	0.00683	0.00541	0.00171	0.00742	0.00479	0.00445	0.00938
4	0.01415	0.16185	0.55812	0.01815	0.02693	0.01727	0.07485	0.02067	0.01394	0.01993	0.01147	0.01362	0.00849	0.00609	0.00602	0.00198	0.00937	0.00486	0.00283	0.00944
5	0.01173	0.00904	0.01254	0.04758	0.01527	0.00932	0.04590	0.01647	0.11372	0.05267	0.02913	0.18585	0.09397	0.02239	0.18542	0.00436	0.00833	0.08440	0.00525	0.04667
6	0.00871	0.00625	0.00829	0.00895	0.00989	0.00583	0.00639	0.01079	0.01531	0.02105	0.32966	0.42282	0.05117	0.01744	0.00817	0.00244	0.00363	0.05086	0.00659	0.00575
7	0.00807	0.00577	0.00769	0.00913	0.00956	0.00538	0.00612	0.00930	0.01284	0.01719	0.06365	0.73589	0.04428	0.02034	0.00838	0.00265	0.00379	0.01844	0.00616	0.00538
8	0.02459	0.03138	0.01866	0.01696	0.02035	0.74221	0.01272	0.02629	0.01866	0.01611	0.01018	0.01187	0.00848	0.00678	0.00594	0.00170	0.01187	0.00424	0.00339	0.00763
9	0.77623	0.01266	0.00995	0.00881	0.01293	0.01452	0.00726	0.01998	0.01158	0.06434	0.01000	0.01127	0.00758	0.00621	0.00420	0.00204	0.00512	0.00372	0.00428	0.00733
10	0.00833	0.00673	0.00743	0.00736	0.00938	0.00583	0.00560	0.01044	0.01597	0.02015	0.23879	0.06015	0.51585	0.01590	0.00784	0.00222	0.00341	0.04645	0.00641	0.00576
11	0.00877	0.00671	0.00804	0.00771	0.00950	0.00598	0.00578	0.01136	0.01734	0.02332	0.48944	0.05424	0.29869	0.01461	0.00777	0.00212	0.00319	0.01262	0.00684	0.00598
12	0.01739	0.01938	0.01972	0.01719	0.01818	0.23209	0.01391	0.01891	0.01260	0.01592	0.00909	0.01366	0.00859	0.01013	0.01701	0.00253	0.53801	0.00531	0.00303	0.00733
13	0.01320	0.03405	0.73453	0.01876	0.02849	0.01529	0.02432	0.02085	0.01390	0.02085	0.01181	0.01390	0.00834	0.00625	0.00625	0.00208	0.00973	0.00486	0.00278	0.00973
14	0.01312	0.00696	0.00705	0.00674	0.00852	0.00709	0.00513	0.06145	0.01495	0.02568	0.02110	0.02396	0.01649	0.00769	0.00473	0.00156	0.00335	0.00612	0.75184	0.00647
15	0.01886	0.63960	0.03165	0.01229	0.01752	0.15455	0.01153	0.02089	0.01432	0.01560	0.00934	0.01080	0.00845	0.00584	0.00453	0.00146	0.00791	0.00365	0.00292	0.00830
16	0.05586	0.01416	0.01886	0.48194	0.03558	0.05177	0.01574	0.15411	0.05019	0.03968	0.01336	0.01703	0.00987	0.00698	0.00643	0.00212	0.00820	0.00577	0.00403	0.00832
17	0.01016	0.00683	0.00924	0.01088	0.04870	0.00632	0.00717	0.01168	0.01353	0.07178	0.03721	0.57551	0.10768	0.01841	0.00813	0.00255	0.00419	0.03780	0.00611	0.00611
18	0.00805	0.00587	0.00758	0.00887	0.00949	0.00540	0.00600	0.00932	0.01309	0.01728	0.06623	0.66333	0.11539	0.01993	0.00831	0.00260	0.00374	0.01795	0.00616	0.00540
19	0.01403	0.01232	0.01803	0.51537	0.03591	0.01464	0.01550	0.11463	0.06942	0.02122	0.01911	0.02257	0.08388	0.00799	0.00671	0.00217	0.00773	0.00681	0.00406	0.00792
20	0.01813	0.02017	0.13239	0.01901	0.09434	0.16700	0.11732	0.08163	0.01719	0.09798	0.01960	0.11769	0.05004	0.00900	0.00687	0.00208	0.00842	0.00784	0.00457	0.00873
21	0.02136	0.08227	0.02259	0.03618	0.10832	0.03547	0.10183	0.25419	0.02130	0.16439	0.05261	0.01984	0.03400	0.00765	0.00660	0.00198	0.00732	0.00655	0.00557	0.00997
22	0.01759	0.21846	0.18017	0.06690	0.07423	0.13283	0.07662	0.03545	0.01531	0.06540	0.01325	0.05123	0.01104	0.00698	0.00599	0.00188	0.00867	0.00563	0.00358	0.00879
23	0.05377	0.02613	0.36026	0.02103	0.13389	0.10919	0.05742	0.05518	0.03389	0.02189	0.01279	0.03131	0.01001	0.00664	0.00626	0.00199	0.00900	0.00543	0.00343	0.04049
24	0.01855	0.33306	0.12812	0.01660	0.07916	0.09106	0.03620	0.12905	0.07045	0.02198	0.01242	0.01376	0.00997	0.00646	0.00554	0.00176	0.00798	0.00479	0.00381	0.00931
25	0.14727	0.13653	0.18099	0.01403	0.03146	0.12910	0.01331	0.06324	0.01527	0.07629	0.01433	0.07138	0.01224	0.01044	0.05494	0.00251	0.00847	0.00577	0.00406	0.00841

[dist]
# distance from previous block
# <min> <max>
0	17

[block]
# block no. 4 follows, 33 sequences, length 23
# corresponding to MSA columns:
# 125-147
name=unknown_E
#
# <colnr> <probs for GDERKNQSTAVLIFYWHMCP>
#	G	D	E	R	K	N	Q	S	T	A	V	L	I	F	Y	W	H	M	C	P
0	0.01598	0.01620	0.09261	0.01974	0.15588	0.06711	0.08057	0.04840	0.11325	0.07832	0.06299	0.10935	0.06024	0.00966	0.00759	0.00217	0.03774	0.00843	0.00494	0.00883
1	0.01289	0.01150	0.03125	0.01332	0.06900	0.09695	0.00913	0.04243	0.01466	0.05586	0.04191	0.45273	0.04890	0.03469	0.00873	0.00250	0.02780	0.01355	0.00547	0.00673
2	0.06575	0.27725	0.02311	0.01369	0.01819	0.26063	0.01149	0.14744	0.06189	0.02223	0.01216	0.01324	0.00986	0.00672	0.00538	0.00170	0.00834	0.00452	0.02773	0.00866
3	0.03640	0.46452	0.08592	0.01219	0.01758	0.02162	0.01182	0.07784	0.12447	0.02043	0.01629	0.01678	0.05551	0.00709	0.00519	0.00171	0.00671	0.00509	0.00397	0.00887
4	0.01283	0.10374	0.35700	0.08594	0.02521	0.01443	0.08866	0.01818	0.01454	0.02025	0.10352	0.05162	0.05990	0.00824	0.00659	0.00207	0.00805	0.00708	0.00374	0.00841
5	0.00954	0.00651	0.00782	0.00782	0.00805	0.00673	0.00479	0.00999	0.00976	0.01324	0.02015	0.03982	0.02252	0.63243	0.16778	0.00718	0.00851	0.00910	0.00390	0.00435
6	0.01156	0.01040	0.01463	0.01358	0.01396	0.01347	0.01078	0.01314	0.01085	0.01595	0.01787	0.20774	0.01943	0.02312	0.19517	0.00472	0.38401	0.00937	0.00386	0.00641
7	0.11238	0.01238	0.01506	0.01178	0.01657	0.01192	0.00969	0.14958	0.02016	0.48865	0.06625	0.02165	0.01728	0.00822	0.00641	0.00203	0.00568	0.00650	0.00737	0.01045
8	0.00812	0.00663	0.00688	0.00688	0.00895	0.00564	0.00514	0.00997	0.01524	0.01888	0.12843	0.08031	0.61154	0.01610	0.00767	0.00219	0.00331	0.01352	0.03895	0.00564
9	0.00948	0.00677	0.00912	0.00912	0.00980	0.00744	0.00641	0.01082	0.01015	0.01420	0.01896	0.03323	0.01966	0.35730	0.43900	0.00878	0.01282	0.00813	0.00372	0.00507
10	0.02927	0.01162	0.01554	0.01191	0.01702	0.01030	0.00984	0.07126	0.01955	0.69196	0.02538	0.02202	0.01600	0.00813	0.00662	0.00203	0.00570	0.00658	0.00806	0.01120
11	0.00911	0.00727	0.01108	0.01083	0.01198	0.00682	0.08553	0.01061	0.01262	0.01673	0.03314	0.52231	0.07949	0.13534	0.01221	0.00317	0.00502	0.01573	0.00546	0.00555
12	0.02954	0.01120	0.01528	0.01171	0.01681	0.00968	0.00968	0.03208	0.01884	0.73213	0.02597	0.02241	0.01630	0.00815	0.00662	0.00204	0.00560	0.00662	0.00815	0.01120
13	0.00802	0.00573	0.00764	0.00917	0.00955	0.00535	0.00611	0.00917	0.01260	0.01681	0.03628	0.76434	0.04354	0.02062	0.00840	0.00267	0.00382	0.01872	0.00611	0.00535
14	0.02289	0.01611	0.01774	0.01384	0.01852	0.01746	0.01133	0.55106	0.02820	0.08674	0.12700	0.02147	0.01949	0.00879	0.00677	0.00199	0.00649	0.00691	0.00680	0.01042
15	0.01320	0.03405	0.73453	0.01876	0.02849	0.01529	0.02432	0.02085	0.01390	0.02085	0.01181	0.01390	0.00834	0.00625	0.00625	0.00208	0.00973	0.00486	0.00278	0.00973
16	0.01067	0.00771	0.00953	0.01010	0.01124	0.00770	0.00711	0.11781	0.01547	0.02066	0.03309	0.64757	0.03850	0.01864	0.00812	0.00256	0.00435	0.01672	0.00619	0.00626
17	0.01832	0.01279	0.01411	0.01218	0.01607	0.01376	0.00962	0.08944	0.41227	0.16261	0.03189	0.02943	0.12853	0.00990	0.00684	0.00217	0.00517	0.00816	0.00688	0.00988
18	0.00954	0.00823	0.00870	0.00856	0.01049	0.04908	0.00654	0.01173	0.01542	0.01950	0.21478	0.05162	0.37462	0.02049	0.12236	0.00350	0.00615	0.04694	0.00583	0.00591
19	0.01063	0.00759	0.00838	0.00815	0.00873	0.00794	0.00499	0.01354	0.11972	0.01507	0.02169	0.04019	0.02334	0.65013	0.02933	0.00574	0.00620	0.00924	0.00441	0.00499
20	0.01488	0.01747	0.13330	0.08378	0.42771	0.04708	0.01816	0.01899	0.01456	0.02051	0.01496	0.08954	0.01347	0.00756	0.00654	0.00203	0.00773	0.00691	0.04556	0.00924
21	0.04509	0.13061	0.01798	0.01253	0.03991	0.01383	0.01005	0.07271	0.11550	0.32608	0.09695	0.02242	0.01950	0.00816	0.00623	0.00192	0.00564	0.00655	0.00646	0.04188
22	0.42579	0.10276	0.17377	0.01329	0.04989	0.06167	0.01245	0.02082	0.01305	0.05908	0.01078	0.01229	0.00822	0.00622	0.00492	0.00195	0.00691	0.00414	0.00377	0.00823

[dist]
# distance from previous block
# <min> <max>
0	21

[block]
# block no. 5 follows, 33 sequences, length 16
# corresponding to MSA columns:
# 169-184
name=unknown_F
#
# <colnr> <probs for GDERKNQSTAVLIFYWHMCP>
#	G	D	E	R	K	N	Q	S	T	A	V	L	I	F	Y	W	H	M	C	P
0	0.01563	0.11834	0.19795	0.15629	0.08317	0.01573	0.03870	0.09542	0.03484	0.06055	0.02781	0.07720	0.03429	0.00810	0.00643	0.00205	0.00770	0.00681	0.00412	0.00887
1	0.00913	0.00691	0.00855	0.00868	0.01043	0.00633	0.00686	0.01177	0.01667	0.02209	0.35366	0.05957	0.26628	0.01559	0.00808	0.00234	0.00387	0.17060	0.00661	0.00597
2	0.10107	0.04677	0.09274	0.01616	0.05328	0.08013	0.01361	0.23703	0.01919	0.10249	0.01346	0.01500	0.01014	0.00804	0.00921	0.00214	0.16000	0.00538	0.00478	0.00938
3	0.08719	0.11472	0.36931	0.01960	0.09722	0.01689	0.08834	0.07526	0.01521	0.02265	0.01232	0.03036	0.00962	0.00650	0.00607	0.00200	0.00861	0.00537	0.00338	0.00935
4	0.00929	0.00650	0.00800	0.00813	0.00857	0.00668	0.00524	0.01005	0.01040	0.01401	0.02405	0.10435	0.06443	0.48861	0.19739	0.00680	0.00864	0.01004	0.00419	0.00465
5	0.00968	0.00651	0.00753	0.00769	0.00785	0.00651	0.00467	0.00999	0.01015	0.01348	0.02220	0.04629	0.02537	0.69136	0.03099	0.00604	0.00635	0.07895	0.00420	0.00420
6	0.12173	0.33157	0.31059	0.01502	0.04419	0.03943	0.01627	0.02031	0.01349	0.01971	0.01035	0.01214	0.00830	0.00598	0.00514	0.00179	0.00801	0.00416	0.00300	0.00883
7	0.02169	0.10300	0.01883	0.07926	0.02019	0.16435	0.03292	0.07302	0.08964	0.23058	0.01897	0.06210	0.01459	0.00815	0.00628	0.00195	0.00740	0.00648	0.03148	0.00914
8	0.02917	0.01179	0.01564	0.01199	0.01710	0.01055	0.00991	0.08704	0.01983	0.67578	0.02514	0.02187	0.01588	0.00813	0.00662	0.00203	0.00574	0.00656	0.00802	0.01120
9	0.01067	0.00797	0.01058	0.05089	0.01371	0.02672	0.03355	0.01269	0.01421	0.05984	0.05920	0.39974	0.13305	0.01702	0.00811	0.00254	0.00495	0.12246	0.00591	0.00616
10	0.01457	0.23924	0.49652	0.01722	0.02562	0.01838	0.06225	0.02055	0.01385	0.01937	0.01116	0.01320	0.00847	0.00604	0.00578	0.00190	0.00906	0.00467	0.00282	0.00932
11	0.01226	0.01009	0.01595	0.48614	0.03301	0.01170	0.01417	0.01584	0.01413	0.05917	0.08355	0.10283	0.07676	0.00987	0.00704	0.00225	0.00706	0.02684	0.00429	0.00706
12	0.01137	0.00737	0.00901	0.00856	0.01051	0.00704	0.02884	0.01472	0.05303	0.05852	0.12703	0.15917	0.17543	0.01368	0.02741	0.00228	0.00418	0.01080	0.26458	0.00647
13	0.01601	0.13147	0.29828	0.06322	0.06576	0.10293	0.07161	0.05370	0.05390	0.02098	0.05141	0.01645	0.01237	0.00679	0.00621	0.00195	0.00881	0.00552	0.00358	0.00904
14	0.01345	0.05569	0.01377	0.07786	0.03543	0.04924	0.00955	0.11326	0.04207	0.03731	0.04794	0.38229	0.02916	0.01539	0.02918	0.00258	0.00600	0.02717	0.00551	0.00718
15	0.59722	0.01207	0.01063	0.03026	0.01376	0.01344	0.00754	0.01852	0.01160	0.04963	0.01098	0.01432	0.00916	0.06843	0.00717	0.00231	0.02497	0.00431	0.00412	0.08958

[dist]
# distance from previous block
# <min> <max>
4	7

[block]
# block no. 6 follows, 33 sequences, length 29
# corresponding to MSA columns:
# 193-221
name=unknown_G
#
# <colnr> <probs for GDERKNQSTAVLIFYWHMCP>
#	G	D	E	R	K	N	Q	S	T	A	V	L	I	F	Y	W	H	M	C	P
0	0.05109	0.22588	0.27811	0.01757	0.08584	0.10183	0.01684	0.02138	0.01433	0.06156	0.01148	0.01340	0.00902	0.00658	0.00668	0.00190	0.05959	0.00464	0.00329	0.00901
1	0.02347	0.09012	0.02027	0.01466	0.01955	0.10625	0.01207	0.45604	0.10555	0.06246	0.01618	0.01611	0.01184	0.00768	0.00630	0.00192	0.00748	0.00570	0.00593	0.01042
2	0.01655	0.16714	0.10344	0.03891	0.09645	0.03800	0.14725	0.06851	0.01588	0.04809	0.03984	0.01604	0.01176	0.00618	0.00601	0.00173	0.00779	0.00550	0.00382	0.16110
3	0.00914	0.00638	0.00844	0.00983	0.03009	0.00599	0.00647	0.01047	0.01306	0.03698	0.07343	0.55483	0.07483	0.09605	0.01083	0.00297	0.00424	0.03444	0.00593	0.00559
4	0.00802	0.00573	0.00764	0.00917	0.00955	0.00535	0.00611	0.00917	0.01260	0.01681	0.03628	0.76434	0.04354	0.02062	0.00840	0.00267	0.00382	0.01872	0.00611	0.00535
5	0.06783	0.04186	0.02216	0.10832	0.31568	0.08479	0.04312	0.07299	0.01616	0.06473	0.01331	0.03040	0.01077	0.00653	0.00620	0.00189	0.00775	0.00570	0.00393	0.07588
6	0.00809	0.00578	0.00770	0.00912	0.00956	0.00539	0.00612	0.00933	0.01291	0.01729	0.07073	0.72852	0.04447	0.02027	0.00837	0.00264	0.00378	0.01837	0.00617	0.00539
7	0.01478	0.00921	0.01125	0.00995	0.01273	0.00904	0.00772	0.02100	0.16814	0.16763	0.38575	0.03956	0.09275	0.01166	0.00731	0.00211	0.00408	0.01003	0.00723	0.00807
8	0.01173	0.01141	0.05206	0.15259	0.15723	0.01092	0.05153	0.01450	0.01328	0.01785	0.04384	0.12094	0.10080	0.13792	0.01240	0.01769	0.02862	0.03355	0.00417	0.00697
9	0.02735	0.01406	0.01697	0.01308	0.01819	0.01400	0.01078	0.28872	0.04827	0.44400	0.02213	0.01997	0.01449	0.00808	0.00661	0.00202	0.00621	0.00639	0.00750	0.01117
10	0.01728	0.01752	0.02576	0.03761	0.64311	0.10242	0.01931	0.02093	0.01543	0.02086	0.01212	0.01577	0.01020	0.00598	0.00645	0.00192	0.00830	0.00567	0.00327	0.01009
11	0.00800	0.00656	0.00705	0.00717	0.00909	0.00561	0.00528	0.00978	0.01516	0.01872	0.14363	0.14534	0.56230	0.01675	0.00785	0.00226	0.00336	0.01423	0.00625	0.00561
12	0.01115	0.00763	0.00868	0.00821	0.01034	0.00717	0.00625	0.02943	0.03045	0.07827	0.13760	0.11526	0.37246	0.01428	0.00784	0.00217	0.03267	0.01193	0.10176	0.00645
13	0.00884	0.00622	0.00725	0.00772	0.00815	0.00595	0.00478	0.00943	0.01127	0.01471	0.03201	0.26717	0.12919	0.43275	0.02217	0.00466	0.00516	0.01299	0.00494	0.00463
14	0.01559	0.01720	0.03526	0.02563	0.03168	0.01675	0.59429	0.02254	0.09895	0.02166	0.01475	0.01844	0.01114	0.00618	0.00817	0.00225	0.03914	0.00765	0.00371	0.00900
15	0.01288	0.01194	0.01975	0.72652	0.04445	0.01483	0.01808	0.04137	0.01380	0.01770	0.01185	0.01749	0.00886	0.00663	0.00658	0.00219	0.00872	0.00585	0.00306	0.00745
16	0.00779	0.00664	0.00670	0.00676	0.00892	0.00555	0.00504	0.00944	0.01492	0.01775	0.06560	0.08855	0.70041	0.01681	0.00780	0.00224	0.00335	0.01407	0.00611	0.00555
17	0.01242	0.01054	0.01225	0.00933	0.01423	0.00807	0.00731	0.01503	0.01371	0.02058	0.02058	0.09018	0.09834	0.00777	0.00555	0.00128	0.00459	0.00649	0.00437	0.63737
18	0.00902	0.00673	0.00850	0.00967	0.01045	0.00666	0.00663	0.01225	0.09658	0.01809	0.03515	0.67599	0.04074	0.01923	0.00820	0.00262	0.00399	0.01737	0.00618	0.00595
19	0.01513	0.02782	0.41204	0.02189	0.02990	0.08415	0.27240	0.02145	0.01495	0.02049	0.01221	0.01512	0.00896	0.00605	0.00678	0.00210	0.01043	0.00587	0.00304	0.00922
20	0.08559	0.00807	0.01078	0.01046	0.01165	0.00953	0.00802	0.01249	0.01046	0.01632	0.01656	0.02592	0.01600	0.14199	0.51812	0.00859	0.07305	0.00697	0.00359	0.00584
21	0.00821	0.00667	0.00732	0.00757	0.00949	0.00579	0.00575	0.01008	0.01511	0.01862	0.11712	0.12912	0.53749	0.01692	0.00796	0.00233	0.00362	0.07898	0.00621	0.00564
22	0.02367	0.01802	0.02118	0.01609	0.02134	0.01964	0.07725	0.62044	0.02886	0.03871	0.01572	0.01680	0.01146	0.03042	0.00750	0.00213	0.00758	0.00621	0.00620	0.01076
23	0.01673	0.06708	0.03033	0.04260	0.25513	0.05861	0.30787	0.02176	0.05157	0.04500	0.01483	0.01798	0.02649	0.00626	0.00690	0.00204	0.00910	0.00671	0.00367	0.00933
24	0.00857	0.00848	0.07604	0.01005	0.01142	0.00636	0.00791	0.01041	0.01290	0.01731	0.03518	0.64520	0.06773	0.01904	0.00820	0.00261	0.00442	0.03659	0.00580	0.00579
25	0.01754	0.08789	0.14723	0.02331	0.22853	0.11514	0.04445	0.07063	0.14317	0.02247	0.01451	0.01626	0.01138	0.00683	0.00657	0.00197	0.02279	0.00563	0.00400	0.00968
26	0.01308	0.01102	0.04788	0.01051	0.01371	0.00972	0.00859	0.14845	0.01913	0.02688	0.33619	0.14046	0.03846	0.01171	0.00710	0.00197	0.00463	0.01012	0.00620	0.13421
27	0.01871	0.24566	0.08471	0.01809	0.14328	0.10157	0.01367	0.06586	0.09256	0.08749	0.01553	0.05781	0.01297	0.00745	0.00588	0.00185	0.00746	0.00587	0.00431	0.00928
28	0.02389	0.15524	0.02187	0.01414	0.01936	0.04404	0.01198	0.48010	0.04166	0.10056	0.01561	0.01554	0.01129	0.00750	0.00614	0.00187	0.00716	0.00553	0.00594	0.01056

[dist]
# distance from previous block
# <min> <max>
0	11

[block]
# block no. 7 follows, 33 sequences, length 18
# corresponding to MSA columns:
# 233-250
name=unknown_H
#
# <colnr> <probs for GDERKNQSTAVLIFYWHMCP>
#	G	D	E	R	K	N	Q	S	T	A	V	L	I	F	Y	W	H	M	C	P
0	0.00899	0.00822	0.06029	0.00949	0.01106	0.00658	0.00750	0.01099	0.01390	0.01892	0.19016	0.35847	0.11518	0.02045	0.07998	0.04909	0.00547	0.01379	0.00569	0.00579
1	0.04683	0.32490	0.02639	0.09018	0.17096	0.16006	0.01389	0.02150	0.01496	0.05832	0.01124	0.01339	0.00931	0.00616	0.00540	0.00171	0.00816	0.00456	0.00338	0.00871
2	0.00808	0.00592	0.00760	0.00878	0.00949	0.00544	0.00598	0.00944	0.01334	0.01762	0.08953	0.62334	0.13205	0.01960	0.00828	0.00257	0.00371	0.01761	0.00619	0.00544
3	0.01494	0.05380	0.05807	0.01404	0.01675	0.07416	0.05553	0.09937	0.01558	0.03522	0.11495	0.05311	0.02032	0.06505	0.12631	0.00380	0.15966	0.00747	0.00442	0.00749
4	0.03225	0.06772	0.35266	0.01961	0.09608	0.09170	0.06385	0.06365	0.03515	0.07266	0.01398	0.03688	0.01075	0.00692	0.00631	0.00201	0.00887	0.00566	0.00378	0.00949
5	0.01113	0.01038	0.01929	0.01673	0.04073	0.00978	0.24815	0.01411	0.01416	0.01910	0.06028	0.39931	0.03139	0.01444	0.00814	0.00249	0.00659	0.06188	0.00511	0.00682
6	0.00846	0.00602	0.00760	0.00852	0.00904	0.00566	0.00561	0.00958	0.01269	0.01694	0.10146	0.50319	0.07967	0.17755	0.01360	0.00337	0.00426	0.01585	0.00577	0.00516
7	0.03297	0.02915	0.53184	0.02031	0.09188	0.05620	0.04826	0.02055	0.01436	0.02077	0.01342	0.01841	0.01070	0.00707	0.00647	0.00212	0.00935	0.05369	0.00315	0.00932
8	0.09901	0.14091	0.14591	0.08117	0.09872	0.03120	0.09637	0.04192	0.01415	0.02059	0.01499	0.08779	0.02787	0.00804	0.00699	0.00206	0.04909	0.00667	0.01826	0.00830
9	0.34762	0.01182	0.01301	0.01048	0.01516	0.01174	0.00864	0.02693	0.01575	0.44765	0.01917	0.01766	0.01258	0.00732	0.00559	0.00204	0.00540	0.00538	0.00650	0.00955
10	0.01495	0.01434	0.02494	0.08567	0.49631	0.01438	0.09233	0.01888	0.01494	0.02077	0.01725	0.02474	0.04556	0.00766	0.00698	0.00213	0.00786	0.07730	0.00367	0.00936
11	0.01677	0.02062	0.20007	0.04790	0.27663	0.05010	0.06838	0.10733	0.03842	0.04411	0.01481	0.05823	0.01217	0.00726	0.00664	0.00206	0.00831	0.00648	0.00397	0.00975
12	0.02023	0.12263	0.02262	0.02082	0.18909	0.15472	0.01405	0.18903	0.01888	0.04739	0.01273	0.01486	0.01021	0.00731	0.00781	0.00193	0.09584	0.00528	0.03529	0.00930
13	0.00943	0.00640	0.00757	0.00769	0.00785	0.00649	0.00460	0.00977	0.00992	0.01335	0.02167	0.09921	0.02473	0.63389	0.10511	0.00652	0.00734	0.01005	0.00411	0.00429
14	0.01917	0.01749	0.02060	0.06697	0.13130	0.11968	0.07307	0.25188	0.06514	0.02693	0.03765	0.05488	0.01459	0.03858	0.00825	0.00223	0.03061	0.00688	0.00489	0.00922
15	0.03256	0.00913	0.01013	0.00945	0.01156	0.03744	0.00717	0.05313	0.04059	0.06321	0.30344	0.14623	0.19796	0.01392	0.00798	0.00220	0.02888	0.01182	0.00644	0.00676
16	0.01330	0.04956	0.01395	0.01245	0.04149	0.06592	0.02690	0.05880	0.06602	0.04209	0.15888	0.07126	0.08689	0.02149	0.19851	0.00433	0.00884	0.04687	0.00523	0.00723
17	0.01645	0.15421	0.12853	0.05017	0.11654	0.01605	0.01379	0.11837	0.06953	0.04838	0.05283	0.01971	0.05359	0.00739	0.00602	0.00181	0.00679	0.00596	0.00444	0.10944

[dist]
# distance from previous block
# <min> <max>
0	13

[block]
# block no. 8 follows, 33 sequences, length 28
# corresponding to MSA columns:
# 264-291
name=unknown_I
#
# <colnr> <probs for GDERKNQSTAVLIFYWHMCP>
#	G	D	E	R	K	N	Q	S	T	A	V	L	I	F	Y	W	H	M	C	P
0	0.01524	0.38443	0.02519	0.01277	0.01660	0.07246	0.05353	0.01750	0.01311	0.01602	0.01520	0.01838	0.05868	0.01663	0.16934	0.00369	0.07491	0.00551	0.00328	0.00754
1	0.01321	0.01279	0.04647	0.01180	0.01455	0.07331	0.00949	0.02689	0.06557	0.03846	0.05797	0.22654	0.08492	0.01227	0.00905	0.00213	0.11548	0.00993	0.00497	0.16419
2	0.06756	0.04035	0.27181	0.04065	0.08498	0.01392	0.10191	0.03717	0.01408	0.02103	0.01571	0.13505	0.01453	0.00857	0.00712	0.00210	0.03740	0.00743	0.00372	0.07492
3	0.01159	0.00744	0.00962	0.01020	0.01150	0.00720	0.00749	0.06288	0.01476	0.08145	0.03308	0.51401	0.03720	0.04652	0.00917	0.00276	0.00466	0.11590	0.00624	0.00634
4	0.05552	0.01221	0.01347	0.01164	0.01528	0.01311	0.00919	0.09550	0.33137	0.14288	0.11920	0.02854	0.07094	0.00963	0.00668	0.00211	0.00498	0.00794	0.04040	0.00941
5	0.01089	0.00782	0.00957	0.00918	0.01027	0.00831	0.00643	0.08149	0.01262	0.01709	0.02317	0.07530	0.06856	0.36443	0.25920	0.00682	0.00980	0.00917	0.00436	0.00552
6	0.01472	0.11372	0.59495	0.01762	0.02651	0.01692	0.02185	0.08086	0.01534	0.02207	0.01187	0.01370	0.00860	0.00633	0.00606	0.00200	0.00922	0.00481	0.00312	0.00972
7	0.01110	0.00936	0.01013	0.00922	0.01149	0.05678	0.00698	0.01509	0.06891	0.02452	0.49905	0.04312	0.11485	0.01224	0.00731	0.00198	0.00403	0.01055	0.00654	0.07674
8	0.00813	0.00588	0.00771	0.00914	0.00970	0.00547	0.00625	0.00939	0.01289	0.01701	0.03827	0.68478	0.08926	0.02024	0.00839	0.00266	0.00389	0.04946	0.00611	0.00539
9	0.01822	0.04616	0.09407	0.02015	0.04462	0.20326	0.24940	0.11425	0.01795	0.02195	0.01581	0.07671	0.03131	0.00778	0.00689	0.00204	0.00962	0.00718	0.00402	0.00861
10	0.01316	0.01364	0.12061	0.01275	0.01639	0.01092	0.03444	0.15489	0.01778	0.02355	0.03311	0.15885	0.15947	0.01397	0.00775	0.00244	0.00614	0.18702	0.00560	0.00754
11	0.01099	0.00691	0.00842	0.00844	0.00917	0.00680	0.00556	0.01218	0.02643	0.06766	0.06126	0.15567	0.02905	0.46913	0.04553	0.00508	0.00605	0.05552	0.00498	0.00518
12	0.06809	0.24914	0.02197	0.01371	0.01723	0.24682	0.01145	0.06202	0.01519	0.01815	0.01106	0.01397	0.00974	0.01322	0.11479	0.00308	0.09452	0.00467	0.00342	0.00776
13	0.01742	0.65901	0.03156	0.01158	0.01693	0.02460	0.01114	0.02200	0.11855	0.01729	0.01179	0.01266	0.01019	0.00613	0.00459	0.00153	0.00677	0.00411	0.00340	0.00874
14	0.00801	0.00577	0.00759	0.00905	0.00952	0.00536	0.00606	0.00918	0.01272	0.01685	0.03772	0.73115	0.07580	0.02044	0.00837	0.00265	0.00380	0.01849	0.00611	0.00536
15	0.00813	0.00588	0.00770	0.00906	0.00964	0.00546	0.00618	0.00943	0.01304	0.01727	0.06068	0.67289	0.08996	0.02005	0.00836	0.00263	0.00383	0.03826	0.00615	0.00541
16	0.01635	0.56281	0.23334	0.01339	0.02019	0.02299	0.01497	0.02004	0.01352	0.01701	0.00991	0.01151	0.00842	0.00581	0.00480	0.00160	0.00780	0.00390	0.00281	0.00881
17	0.00803	0.00657	0.00711	0.00736	0.00923	0.00565	0.00546	0.00978	0.01492	0.01834	0.10914	0.16769	0.54925	0.01708	0.00792	0.00231	0.00349	0.03888	0.00619	0.00559
18	0.00898	0.00683	0.00828	0.00805	0.00975	0.00624	0.00598	0.01195	0.03649	0.02323	0.46379	0.11239	0.24418	0.01483	0.00779	0.00217	0.00329	0.01291	0.00682	0.00607
19	0.08580	0.02922	0.56371	0.01704	0.02559	0.01507	0.02080	0.06411	0.01515	0.08509	0.01307	0.01448	0.00911	0.00651	0.00612	0.00207	0.00881	0.00497	0.00360	0.00972
20	0.02247	0.02731	0.01823	0.01646	0.01960	0.57048	0.01252	0.02667	0.12192	0.01779	0.01252	0.01399	0.01023	0.00752	0.00743	0.00188	0.07628	0.00485	0.00384	0.00801
21	0.00956	0.00645	0.00754	0.00754	0.00766	0.00658	0.00444	0.00980	0.00968	0.01303	0.02041	0.04126	0.02314	0.69253	0.10853	0.00683	0.00757	0.00931	0.00394	0.00419
22	0.57753	0.01860	0.09091	0.01134	0.01590	0.15251	0.01007	0.02083	0.01291	0.02604	0.00965	0.01127	0.00752	0.00625	0.00467	0.00198	0.00688	0.00384	0.00380	0.00751
23	0.01617	0.09705	0.02048	0.14879	0.07412	0.01772	0.01372	0.16643	0.03604	0.02235	0.01426	0.07859	0.01289	0.01097	0.03959	0.00260	0.20901	0.00676	0.00412	0.00835
24	0.04477	0.02515	0.39457	0.05003	0.15031	0.01560	0.01975	0.12276	0.01650	0.02426	0.01240	0.01462	0.00921	0.00634	0.00618	0.00197	0.00846	0.00512	0.00357	0.06843
25	0.01772	0.18753	0.12524	0.06471	0.11475	0.15828	0.07826	0.08065	0.01613	0.01983	0.01212	0.01597	0.01023	0.06212	0.00797	0.00217	0.00891	0.00534	0.00345	0.00861
26	0.02061	0.15353	0.21280	0.01606	0.02231	0.14762	0.06153	0.12887	0.01819	0.13685	0.01406	0.01488	0.01022	0.00675	0.00606	0.00188	0.00870	0.00516	0.00438	0.00954
27	0.00837	0.00649	0.00764	0.00787	0.00944	0.00576	0.00576	0.01039	0.01557	0.02025	0.26062	0.22178	0.34765	0.01664	0.00795	0.00230	0.00344	0.02991	0.00646	0.00572

[dist]
# distance from previous block
# <min> <max>
0	2

[block]
# block no. 9 follows, 33 sequences, length 10
# corresponding to MSA columns:
# 294-303
name=unknown_J
#
# <colnr> <probs for GDERKNQSTAVLIFYWHMCP>
#	G	D	E	R	K	N	Q	S	T	A	V	L	I	F	Y	W	H	M	C	P
0	0.04185	0.27601	0.23349	0.01746	0.05048	0.12722	0.10397	0.02158	0.01475	0.04046	0.01125	0.01323	0.00890	0.00607	0.00568	0.00181	0.00898	0.00475	0.00318	0.00887
1	0.01386	0.14346	0.63083	0.01765	0.02678	0.01688	0.02239	0.02068	0.01382	0.02005	0.01142	0.01340	0.00836	0.00616	0.00595	0.00198	0.00933	0.00467	0.00279	0.00954
2	0.71541	0.01538	0.09982	0.00991	0.01469	0.01483	0.00927	0.01954	0.01154	0.02846	0.00950	0.01109	0.00728	0.00613	0.00435	0.00204	0.00567	0.00373	0.00391	0.00745
3	0.00815	0.00597	0.00766	0.00874	0.00950	0.00548	0.00598	0.00961	0.01366	0.01812	0.12571	0.58576	0.13298	0.01923	0.00824	0.00254	0.00367	0.01725	0.00625	0.00548
4	0.01760	0.77260	0.03450	0.01126	0.01690	0.02605	0.01126	0.01971	0.01338	0.01549	0.00915	0.01056	0.00845	0.00563	0.00422	0.00141	0.00704	0.00352	0.00282	0.00845
5	0.02503	0.01844	0.01976	0.01515	0.02042	0.02042	0.01251	0.70562	0.03095	0.04149	0.01581	0.01581	0.01120	0.00790	0.00659	0.00198	0.00724	0.00593	0.00659	0.01120
6	0.01720	0.70588	0.09774	0.01194	0.01794	0.02508	0.01244	0.01982	0.01342	0.01597	0.00939	0.01086	0.00844	0.00569	0.00441	0.00147	0.00728	0.00364	0.00281	0.00856
7	0.01916	0.27471	0.05785	0.01369	0.01831	0.21372	0.05524	0.02175	0.01621	0.10342	0.08040	0.02008	0.06372	0.00774	0.00586	0.00176	0.00795	0.00590	0.00427	0.00825
8	0.01431	0.22065	0.55766	0.01687	0.02556	0.01801	0.02102	0.02056	0.01377	0.01949	0.01114	0.01306	0.00837	0.00610	0.00574	0.00191	0.00905	0.00452	0.00279	0.00941
9	0.08017	0.18196	0.37867	0.01563	0.02311	0.01858	0.01772	0.16752	0.01724	0.02486	0.01191	0.01336	0.00888	0.00647	0.00573	0.00192	0.00827	0.00471	0.00371	0.00957

[dist]
# distance from previous block
# <min> <max>
0	12

[block]
# block no. 10 follows, 33 sequences, length 39
# corresponding to MSA columns:
# 316-354
name=unknown_K
#
# <colnr> <probs for GDERKNQSTAVLIFYWHMCP>
#	G	D	E	R	K	N	Q	S	T	A	V	L	I	F	Y	W	H	M	C	P
0	0.08424	0.09945	0.52995	0.01667	0.02496	0.04844	0.02019	0.02156	0.01414	0.06527	0.01215	0.01375	0.00875	0.00633	0.00589	0.00200	0.00892	0.00471	0.00326	0.00938
1	0.01011	0.06015	0.08429	0.03346	0.04978	0.00877	0.00938	0.01252	0.01370	0.01859	0.09818	0.43212	0.07473	0.01534	0.00749	0.00231	0.00493	0.01363	0.00533	0.04521
2	0.01511	0.08939	0.37445	0.01641	0.06837	0.01398	0.01713	0.04659	0.01583	0.09785	0.11243	0.02284	0.06544	0.00811	0.00645	0.00201	0.00751	0.00660	0.00436	0.00912
3	0.01343	0.10230	0.28358	0.03147	0.06256	0.01413	0.06925	0.01904	0.05342	0.02022	0.01961	0.04674	0.06827	0.00846	0.00649	0.00202	0.00761	0.06973	0.00386	0.09780
4	0.01097	0.00783	0.00920	0.00845	0.01070	0.00727	0.00646	0.04855	0.04363	0.06368	0.39370	0.05003	0.28699	0.01384	0.00761	0.00212	0.00361	0.01184	0.00685	0.00667
5	0.01391	0.04606	0.32421	0.01877	0.09869	0.01420	0.08074	0.06242	0.06128	0.02320	0.12961	0.02360	0.05831	0.00813	0.00673	0.00207	0.00771	0.00706	0.00427	0.00903
6	0.00800	0.00583	0.00754	0.00890	0.00948	0.00537	0.00599	0.00920	0.01286	0.01691	0.03953	0.68949	0.11630	0.02020	0.00834	0.00263	0.00377	0.01820	0.00611	0.00537
7	0.01945	0.08373	0.08234	0.01857	0.13603	0.03694	0.02966	0.23540	0.01963	0.07564	0.01369	0.01520	0.01044	0.00685	0.00693	0.00181	0.05061	0.00530	0.00465	0.14713
8	0.01541	0.04595	0.16528	0.02211	0.23169	0.01445	0.04247	0.07051	0.07530	0.02335	0.04970	0.01743	0.01328	0.00651	0.00616	0.00179	0.00717	0.00567	0.00402	0.18176
9	0.01982	0.04785	0.12164	0.02195	0.18805	0.13802	0.04098	0.19634	0.09552	0.04425	0.01463	0.01601	0.01112	0.00696	0.00639	0.00196	0.00837	0.00565	0.00454	0.00995
10	0.01507	0.01465	0.02014	0.01715	0.01748	0.02018	0.01429	0.05888	0.01138	0.01744	0.00909	0.01449	0.00880	0.01130	0.02067	0.00282	0.70983	0.00577	0.00311	0.00745
11	0.01365	0.01170	0.01365	0.00975	0.01560	0.00878	0.00780	0.01658	0.01365	0.02145	0.01170	0.01365	0.00975	0.00488	0.00488	0.00098	0.00488	0.00390	0.00390	0.80888
12	0.00824	0.00592	0.00781	0.00895	0.00958	0.00550	0.00610	0.00973	0.01369	0.01846	0.15404	0.62463	0.06428	0.01930	0.00828	0.00256	0.00369	0.01743	0.00630	0.00550
13	0.01079	0.00871	0.01239	0.01283	0.05829	0.01023	0.00905	0.01309	0.03073	0.01559	0.01694	0.02721	0.01664	0.19138	0.42303	0.00781	0.11825	0.00734	0.00361	0.00609
14	0.03677	0.08294	0.09454	0.08078	0.24965	0.04342	0.11539	0.01978	0.04019	0.02043	0.01388	0.06154	0.01201	0.00685	0.00633	0.00192	0.00791	0.00635	0.00356	0.09577
15	0.00865	0.00673	0.00778	0.00829	0.00967	0.00623	0.00589	0.01109	0.05316	0.01825	0.09388	0.32965	0.31150	0.06937	0.00976	0.00269	0.00389	0.03174	0.00608	0.00570
16	0.01500	0.01571	0.03087	0.20620	0.22958	0.01588	0.34846	0.01981	0.01481	0.02017	0.01267	0.01730	0.00982	0.00589	0.00713	0.00214	0.00963	0.00678	0.00321	0.00893
17	0.01634	0.01858	0.09948	0.02630	0.23095	0.08181	0.23340	0.02189	0.07289	0.04696	0.01598	0.07603	0.01352	0.00739	0.00700	0.00211	0.00881	0.00739	0.00393	0.00924
18	0.02096	0.02623	0.14397	0.01833	0.04442	0.34419	0.06058	0.12751	0.01854	0.04120	0.01188	0.01389	0.00926	0.00726	0.00780	0.00198	0.08427	0.00511	0.00385	0.00876
19	0.00960	0.00712	0.00903	0.00954	0.01058	0.00704	0.00688	0.04921	0.01480	0.01989	0.15262	0.45395	0.09773	0.04325	0.00949	0.00265	0.03043	0.05416	0.00614	0.00590
20	0.04559	0.09626	0.12093	0.09194	0.02157	0.03552	0.01281	0.09281	0.07101	0.08279	0.01405	0.01547	0.01066	0.00652	0.00611	0.00171	0.02703	0.00498	0.00435	0.23790
21	0.01907	0.13625	0.22410	0.01715	0.06171	0.01744	0.05559	0.17179	0.03899	0.12230	0.02985	0.01642	0.01179	0.00719	0.00690	0.00199	0.04134	0.00562	0.00463	0.00988
22	0.02023	0.07615	0.01903	0.01590	0.01839	0.45953	0.01237	0.02184	0.01578	0.01607	0.01226	0.08430	0.01187	0.00910	0.00959	0.00204	0.17878	0.00592	0.00350	0.00737
23	0.01171	0.00782	0.01093	0.01065	0.01209	0.00863	0.00820	0.01439	0.03903	0.08260	0.02117	0.08084	0.02033	0.11564	0.45037	0.00775	0.03681	0.05025	0.00444	0.00637
