[name]
unknown

[dist]
# distance from previous block
# <min> <max>
0	24

[block]
# block no. 0 follows, 34 sequences, length 19
# corresponding to MSA columns:
# 31-49
name=unknown_A
#
# <colnr> <probs for GDERKNQSTAVLIFYWHMCP>
#	G	D	E	R	K	N	Q	S	T	A	V	L	I	F	Y	W	H	M	C	P
0	0.06382	0.01501	0.01895	0.01813	0.13341	0.04611	0.07351	0.24917	0.06013	0.05772	0.09395	0.02307	0.03563	0.00824	0.00657	0.00198	0.00674	0.03524	0.00536	0.04726
1	0.04192	0.01526	0.02048	0.07656	0.18320	0.06494	0.09302	0.10048	0.14237	0.05500	0.01656	0.05505	0.01343	0.00734	0.00641	0.00195	0.00721	0.00655	0.00460	0.08767
2	0.03797	0.01413	0.01865	0.05911	0.06703	0.05979	0.09973	0.11068	0.05253	0.14973	0.01885	0.07907	0.03649	0.00821	0.00705	0.00194	0.03762	0.00703	0.00505	0.12934
3	0.04972	0.01702	0.02275	0.09146	0.28989	0.12853	0.10707	0.07702	0.05534	0.02175	0.01447	0.06900	0.01249	0.00728	0.00652	0.00200	0.00823	0.00665	0.00388	0.00891
4	0.12121	0.01344	0.01801	0.29158	0.10456	0.01507	0.01403	0.16257	0.05291	0.12285	0.01473	0.01688	0.01064	0.00692	0.00615	0.00205	0.00714	0.00565	0.00468	0.00894
5	0.08242	0.02465	0.06701	0.03380	0.02000	0.42102	0.01247	0.10062	0.06814	0.06692	0.01286	0.01386	0.00985	0.00686	0.00586	0.00180	0.00936	0.00474	0.00421	0.03354
6	0.01185	0.00860	0.00906	0.00873	0.00970	0.06242	0.00589	0.01280	0.01185	0.06563	0.06871	0.03939	0.04633	0.47439	0.09859	0.00546	0.00743	0.04352	0.00449	0.00517
7	0.04748	0.06732	0.02035	0.57170	0.08330	0.07032	0.01671	0.01772	0.01337	0.01718	0.01113	0.01596	0.00860	0.00634	0.00614	0.00204	0.00851	0.00537	0.00297	0.00747
8	0.01290	0.01219	0.02064	0.62578	0.17068	0.01454	0.01829	0.01712	0.01325	0.01735	0.01161	0.01700	0.00891	0.00633	0.00645	0.00211	0.00844	0.00574	0.00293	0.00774
9	0.01676	0.01314	0.01460	0.01438	0.06948	0.05981	0.01038	0.04423	0.35725	0.11144	0.07291	0.07691	0.02256	0.01177	0.04459	0.00258	0.00624	0.03573	0.00610	0.00914
10	0.01534	0.01717	0.03663	0.02879	0.12157	0.01622	0.62254	0.02059	0.01518	0.02075	0.01296	0.01725	0.00986	0.00549	0.00747	0.00215	0.01049	0.00739	0.00326	0.00891
11	0.52698	0.01461	0.06726	0.05003	0.06709	0.01485	0.01037	0.06473	0.05937	0.05519	0.01172	0.01311	0.00883	0.00638	0.00488	0.00201	0.00587	0.00438	0.00427	0.00805
12	0.09688	0.01438	0.01593	0.05109	0.06861	0.05013	0.01045	0.17170	0.05358	0.06213	0.01356	0.01485	0.01041	0.00617	0.00551	0.00156	0.00611	0.00479	0.00466	0.33752
13	0.04516	0.01716	0.02489	0.02015	0.05954	0.10732	0.28611	0.13706	0.06694	0.02451	0.07897	0.02206	0.01638	0.00768	0.00725	0.00209	0.02178	0.04174	0.00454	0.00866
14	0.10704	0.03390	0.01610	0.03912	0.01756	0.10442	0.07328	0.02267	0.21845	0.04351	0.03047	0.05877	0.01624	0.06845	0.05599	0.00288	0.03105	0.00688	0.00472	0.04850
15	0.12279	0.01685	0.01987	0.08231	0.07566	0.09048	0.09183	0.27640	0.03800	0.07665	0.01433	0.01638	0.01076	0.03091	0.00704	0.00211	0.00772	0.00574	0.00493	0.00923
16	0.01975	0.03094	0.01675	0.04630	0.10302	0.11959	0.01146	0.13003	0.11978	0.17229	0.03972	0.10439	0.03895	0.00925	0.00660	0.00203	0.00667	0.00767	0.00568	0.00914
17	0.16063	0.01600	0.05653	0.15316	0.23889	0.08039	0.05936	0.02133	0.01456	0.12029	0.01315	0.01564	0.00986	0.00632	0.00601	0.00199	0.00772	0.00538	0.00394	0.00884
18	0.21250	0.05575	0.04374	0.01748	0.13632	0.09052	0.04710	0.16434	0.04387	0.02662	0.03997	0.01520	0.01149	0.00664	0.00565	0.00185	0.00703	0.00516	0.00437	0.06440

[dist]
# distance from previous block
# <min> <max>
9	53

[block]
# block no. 1 follows, 34 sequences, length 64
# corresponding to MSA columns:
# 103-166
name=unknown_B
#
# <colnr> <probs for GDERKNQSTAVLIFYWHMCP>
#	G	D	E	R	K	N	Q	S	T	A	V	L	I	F	Y	W	H	M	C	P
0	0.26159	0.08071	0.06283	0.01437	0.09047	0.07148	0.01102	0.11538	0.03019	0.09569	0.04983	0.01775	0.03113	0.03398	0.00646	0.00207	0.00649	0.00542	0.00466	0.00846
1	0.09701	0.30317	0.08936	0.01393	0.04239	0.08376	0.04338	0.07736	0.03992	0.08397	0.04129	0.01481	0.01173	0.00653	0.00533	0.00173	0.00722	0.00484	0.00406	0.02821
2	0.09096	0.23726	0.12975	0.03200	0.07994	0.01769	0.01340	0.03947	0.07233	0.11355	0.03583	0.01580	0.01200	0.00712	0.00691	0.00192	0.07589	0.00514	0.00414	0.00890
3	0.13180	0.23549	0.13817	0.01480	0.04145	0.09092	0.04458	0.07864	0.04368	0.06384	0.01198	0.01341	0.00937	0.00659	0.00623	0.00185	0.05003	0.00466	0.00380	0.00870
4	0.07481	0.20483	0.28265	0.01451	0.02091	0.06664	0.01545	0.13648	0.04889	0.02346	0.04504	0.01488	0.01156	0.00673	0.00563	0.00185	0.00782	0.00493	0.00387	0.00904
5	0.01755	0.37822	0.11320	0.01346	0.04593	0.04018	0.01240	0.08679	0.04877	0.06913	0.01295	0.01510	0.01071	0.04471	0.02781	0.00210	0.00741	0.00475	0.00381	0.04501
6	0.08586	0.37352	0.21738	0.01385	0.01991	0.15660	0.01440	0.02082	0.01405	0.01790	0.00987	0.01149	0.00816	0.00594	0.00498	0.00166	0.00834	0.00394	0.00297	0.00837
7	0.15462	0.42623	0.19370	0.01256	0.01875	0.02086	0.01343	0.06083	0.01391	0.02033	0.00999	0.01146	0.00821	0.00588	0.00472	0.00168	0.00721	0.00391	0.00319	0.00852
8	0.10009	0.31307	0.14145	0.01460	0.05363	0.10285	0.01339	0.09665	0.07085	0.02153	0.01174	0.01297	0.00943	0.00631	0.00520	0.00174	0.00760	0.00443	0.00367	0.00881
9	0.01630	0.27478	0.27559	0.01517	0.02141	0.14853	0.04028	0.02091	0.03923	0.01800	0.01361	0.01663	0.03237	0.00689	0.00565	0.00181	0.00860	0.03250	0.00323	0.00849
10	0.01023	0.03528	0.01006	0.00955	0.01106	0.03104	0.00696	0.01422	0.11510	0.01905	0.13113	0.34672	0.10421	0.05510	0.06675	0.00315	0.00534	0.01307	0.00574	0.00626
11	0.01204	0.00602	0.00602	0.00602	0.00753	0.00602	0.00452	0.01506	0.01355	0.02409	0.02108	0.02409	0.01656	0.00753	0.00452	0.00151	0.00301	0.00602	0.80879	0.00602
12	0.00816	0.00594	0.00761	0.00850	0.00928	0.00548	0.00583	0.00968	0.01370	0.01834	0.17717	0.52488	0.11771	0.04480	0.00892	0.00259	0.00365	0.01622	0.00615	0.00539
13	0.00779	0.00655	0.00676	0.00671	0.00882	0.00552	0.00503	0.00957	0.01510	0.01833	0.13408	0.06074	0.66082	0.01604	0.00763	0.00217	0.00325	0.01343	0.00612	0.00552
14	0.01204	0.00602	0.00602	0.00602	0.00753	0.00602	0.00452	0.01506	0.01355	0.02409	0.02108	0.02409	0.01656	0.00753	0.00452	0.00151	0.00301	0.00602	0.80879	0.00602
15	0.02848	0.01111	0.01498	0.01156	0.01651	0.00976	0.00953	0.03160	0.04614	0.70915	0.02552	0.02208	0.01614	0.00803	0.00650	0.00201	0.00548	0.00653	0.00794	0.01097
16	0.04750	0.19085	0.42480	0.11043	0.02653	0.01748	0.01900	0.05724	0.01424	0.02027	0.01112	0.01336	0.00837	0.00613	0.00568	0.00191	0.00854	0.00461	0.00301	0.00895
17	0.01543	0.01644	0.07719	0.07479	0.45267	0.04422	0.01747	0.02039	0.06791	0.02092	0.02905	0.01677	0.01165	0.00638	0.00679	0.00191	0.03419	0.00570	0.00353	0.07660
18	0.00797	0.00587	0.00748	0.00863	0.00939	0.00539	0.00595	0.00932	0.01311	0.01718	0.07342	0.59786	0.15692	0.01920	0.00814	0.00253	0.00370	0.03654	0.00605	0.00534
19	0.01401	0.01677	0.13432	0.12002	0.14726	0.07092	0.03066	0.03550	0.06829	0.02109	0.15133	0.05198	0.02113	0.00878	0.00806	0.00211	0.07805	0.00726	0.00425	0.00818
20	0.00913	0.00673	0.00924	0.00922	0.01021	0.00737	0.00679	0.01089	0.01085	0.01510	0.05126	0.03322	0.07968	0.20732	0.49400	0.00842	0.01306	0.00824	0.00393	0.00534
21	0.01641	0.00825	0.01073	0.00917	0.01210	0.00728	0.00720	0.01904	0.01784	0.29289	0.36612	0.04040	0.14246	0.01171	0.00720	0.00204	0.00401	0.01002	0.00728	0.00785
22	0.05806	0.01307	0.01603	0.01234	0.01735	0.01268	0.01019	0.22389	0.02158	0.51225	0.02203	0.01971	0.01423	0.00785	0.00639	0.00198	0.00594	0.00619	0.00741	0.01084
23	0.00809	0.00588	0.00764	0.00864	0.00937	0.00542	0.00593	0.00962	0.01367	0.01834	0.16831	0.57725	0.10071	0.01861	0.00808	0.00248	0.00358	0.01674	0.00621	0.00542
24	0.02179	0.01605	0.01738	0.01389	0.01861	0.01764	0.01127	0.42808	0.24193	0.08303	0.01936	0.01852	0.01397	0.00796	0.00643	0.00198	0.00629	0.00624	0.00650	0.04308
25	0.01411	0.01143	0.01401	0.01032	0.01567	0.00898	0.02961	0.03596	0.01409	0.05425	0.01393	0.06531	0.01217	0.00609	0.00523	0.00118	0.00500	0.00511	0.00422	0.67331
26	0.01204	0.00602	0.00602	0.00602	0.00753	0.00602	0.00452	0.01506	0.01355	0.02409	0.02108	0.02409	0.01656	0.00753	0.00452	0.00151	0.00301	0.00602	0.80879	0.00602
27	0.02227	0.02539	0.01858	0.01627	0.01937	0.48322	0.01263	0.13529	0.04656	0.02024	0.01128	0.01317	0.00923	0.00767	0.00844	0.00192	0.13171	0.00479	0.00388	0.00810
28	0.01414	0.01414	0.01979	0.01696	0.01696	0.01979	0.01414	0.01555	0.00990	0.01555	0.00848	0.01414	0.00848	0.01131	0.02120	0.00283	0.76110	0.00565	0.00283	0.00707
29	0.01366	0.01238	0.01918	0.14029	0.28375	0.01275	0.03854	0.01906	0.09942	0.02143	0.11763	0.02364	0.01936	0.00946	0.03997	0.00233	0.00706	0.02624	0.00427	0.08958
30	0.01569	0.01270	0.01377	0.01235	0.01576	0.01433	0.00960	0.03102	0.58661	0.06057	0.12729	0.02748	0.02547	0.00937	0.00672	0.00216	0.00484	0.00790	0.00672	0.00967
31	0.01204	0.00602	0.00602	0.00602	0.00753	0.00602	0.00452	0.01506	0.01355	0.02409	0.02108	0.02409	0.01656	0.00753	0.00452	0.00151	0.00301	0.00602	0.80879	0.00602
32	0.01451	0.01487	0.01812	0.01584	0.01633	0.09763	0.01291	0.01600	0.01085	0.01541	0.01006	0.01612	0.00986	0.04170	0.10216	0.00368	0.56834	0.00577	0.00299	0.00686
33	0.01371	0.01268	0.02039	0.11252	0.44582	0.01290	0.01570	0.01784	0.04351	0.02113	0.12083	0.02592	0.09322	0.00814	0.00672	0.00200	0.00656	0.00749	0.00415	0.00879
34	0.01204	0.00602	0.00602	0.00602	0.00753	0.00602	0.00452	0.01506	0.01355	0.02409	0.02108	0.02409	0.01656	0.00753	0.00452	0.00151	0.00301	0.00602	0.80879	0.00602
35	0.10665	0.01314	0.01496	0.01183	0.01637	0.01345	0.00969	0.25408	0.05284	0.32926	0.02007	0.01896	0.01363	0.00770	0.00603	0.00194	0.00571	0.00595	0.08768	0.01005
36	0.00924	0.00620	0.00709	0.00724	0.00728	0.00616	0.00412	0.00936	0.00970	0.01293	0.02190	0.11546	0.02543	0.69711	0.03041	0.00590	0.00601	0.01030	0.00412	0.00405
37	0.01260	0.01189	0.02009	0.68271	0.11610	0.01446	0.01814	0.01685	0.01311	0.01699	0.01155	0.01710	0.00878	0.00639	0.00645	0.00213	0.00852	0.00574	0.00291	0.00750
38	0.01525	0.01743	0.03813	0.02723	0.03377	0.01634	0.70915	0.02070	0.01525	0.02070	0.01307	0.01743	0.00980	0.00545	0.00763	0.00218	0.01089	0.00763	0.00327	0.00871
39	0.01132	0.01029	0.01696	0.60504	0.03735	0.01250	0.01551	0.01498	0.01281	0.01651	0.01640	0.17021	0.01556	0.00927	0.00682	0.00225	0.00762	0.00831	0.00351	0.00678
40	0.02829	0.01213	0.01569	0.01203	0.01706	0.01117	0.00994	0.13964	0.02039	0.62627	0.02390	0.02096	0.01520	0.00796	0.00649	0.00199	0.00575	0.00639	0.00775	0.01099
41	0.00786	0.00566	0.00746	0.00889	0.00934	0.00526	0.00595	0.00901	0.01247	0.01654	0.03689	0.73857	0.07205	0.02008	0.00822	0.00261	0.00373	0.01817	0.00600	0.00526
42	0.00927	0.00678	0.00965	0.00965	0.01055	0.00768	0.00716	0.01107	0.01017	0.01446	0.01798	0.02910	0.01777	0.20774	0.59025	0.00948	0.01488	0.00747	0.00356	0.00536
43	0.10096	0.10004	0.42504	0.01857	0.07839	0.05284	0.06976	0.02083	0.01392	0.04609	0.01163	0.01364	0.00863	0.00608	0.00584	0.00196	0.00873	0.00482	0.00316	0.00909
44	0.01599	0.01535	0.02623	0.03966	0.73262	0.01535	0.01983	0.01983	0.01471	0.02111	0.01215	0.01599	0.01023	0.00576	0.00640	0.00192	0.00768	0.00576	0.00320	0.01023
45	0.01691	0.01689	0.02545	0.06823	0.57130	0.08715	0.05145	0.04685	0.01561	0.02112	0.01208	0.01567	0.00998	0.00594	0.00640	0.00192	0.00824	0.00569	0.00333	0.00979
46	0.02089	0.01568	0.01810	0.01449	0.01899	0.07244	0.08084	0.23522	0.19302	0.16160	0.02362	0.02272	0.07547	0.00847	0.00666	0.00204	0.00673	0.00703	0.00617	0.00983
47	0.01204	0.00602	0.00602	0.00602	0.00753	0.00602	0.00452	0.01506	0.01355	0.02409	0.02108	0.02409	0.01656	0.00753	0.00452	0.00151	0.00301	0.00602	0.80879	0.00602
48	0.00807	0.00577	0.00773	0.00922	0.00969	0.00542	0.00634	0.00934	0.01257	0.01672	0.03550	0.71418	0.04230	0.02006	0.00830	0.00265	0.00392	0.07093	0.00599	0.00530
49	0.00842	0.00654	0.00744	0.00724	0.00893	0.00580	0.00529	0.01047	0.01563	0.02038	0.32912	0.05455	0.38849	0.09130	0.01017	0.00253	0.00348	0.01242	0.00624	0.00556
50	0.01204	0.00602	0.00602	0.00602	0.00753	0.00602	0.00452	0.01506	0.01355	0.02409	0.02108	0.02409	0.01656	0.00753	0.00452	0.00151	0.00301	0.00602	0.80879	0.00602
51	0.01220	0.01148	0.01938	0.75739	0.04450	0.01436	0.01794	0.01651	0.01292	0.01651	0.01148	0.01723	0.00861	0.00646	0.00646	0.00215	0.00861	0.00574	0.00287	0.00718
52	0.05102	0.01482	0.01553	0.01337	0.01739	0.01695	0.01058	0.19399	0.52825	0.03035	0.02303	0.02151	0.01713	0.00841	0.00644	0.00212	0.00558	0.00680	0.00644	0.01027
53	0.01371	0.16216	0.61726	0.01714	0.02599	0.01683	0.02165	0.02027	0.01355	0.01955	0.01114	0.01307	0.00820	0.00603	0.00579	0.00193	0.00909	0.00455	0.00273	0.00933
54	0.01711	0.01644	0.01369	0.01247	0.01492	0.27010	0.00955	0.01987	0.04460	0.09728	0.20971	0.08676	0.06230	0.01084	0.00794	0.00205	0.06395	0.02780	0.00535	0.00725
55	0.01547	0.22248	0.40514	0.01651	0.05670	0.01752	0.01809	0.05033	0.03970	0.04777	0.01216	0.01367	0.00920	0.00614	0.00562	0.00182	0.00814	0.00464	0.00331	0.04560
56	0.01516	0.11614	0.17158	0.09672	0.10935	0.10070	0.01502	0.04984	0.07726	0.01996	0.05116	0.03616	0.01410	0.01164	0.08527	0.00283	0.00898	0.00595	0.00376	0.00841
57	0.00996	0.00693	0.00883	0.00898	0.01048	0.00653	0.00671	0.01298	0.04919	0.05374	0.32371	0.26469	0.11665	0.01562	0.00783	0.00232	0.00377	0.07831	0.00657	0.00618
58	0.00971	0.00828	0.00922	0.00967	0.04813	0.00788	0.00683	0.01444	0.13510	0.02006	0.11351	0.05234	0.49574	0.01428	0.00742	0.00218	0.00386	0.02870	0.00605	0.00658
59	0.00920	0.00630	0.00725	0.00731	0.00755	0.00628	0.00434	0.00951	0.00994	0.01318	0.02385	0.07237	0.07182	0.64399	0.07613	0.00610	0.00667	0.00989	0.00411	0.00419
60	0.01607	0.01304	0.01370	0.01224	0.01569	0.01490	0.00955	0.07753	0.57237	0.02754	0.02482	0.02352	0.01868	0.00852	0.00627	0.00208	0.00495	0.00702	0.12187	0.00967
61	0.04065	0.37443	0.19740	0.04582	0.04759	0.02013	0.09340	0.02083	0.06893	0.01868	0.01163	0.01349	0.00937	0.00598	0.00537	0.00176	0.00788	0.00471	0.00317	0.00877
62	0.05405	0.17832	0.06055	0.05494	0.13499	0.20999	0.14880	0.02113	0.01494	0.01830	0.01076	0.01358	0.00886	0.00617	0.00650	0.00185	0.03969	0.00507	0.00314	0.00837
63	0.01024	0.03619	0.01405	0.03966	0.12347	0.00888	0.06673	0.01260	0.01423	0.01857	0.09430	0.26093	0.24701	0.01403	0.00747	0.00223	0.00502	0.01258	0.00521	0.00661

[dist]
# distance from previous block
# <min> <max>
0	5

[block]
# block no. 2 follows, 34 sequences, length 8
# corresponding to MSA columns:
# 172-179
name=unknown_C
#
# <colnr> <probs for GDERKNQSTAVLIFYWHMCP>
#	G	D	E	R	K	N	Q	S	T	A	V	L	I	F	Y	W	H	M	C	P
0	0.01648	0.35033	0.11302	0.01980	0.17127	0.06284	0.05427	0.02029	0.04037	0.01790	0.01087	0.01325	0.00923	0.00630	0.00663	0.00178	0.06883	0.00470	0.00306	0.00880
1	0.11344	0.01522	0.09947	0.04431	0.09569	0.01348	0.01297	0.09624	0.01697	0.33656	0.01758	0.01756	0.01202	0.00751	0.00740	0.00207	0.07036	0.00571	0.00563	0.00981
2	0.01675	0.06653	0.22905	0.01834	0.07159	0.11396	0.10286	0.05144	0.15818	0.05159	0.01735	0.01834	0.04076	0.00715	0.00636	0.00199	0.00830	0.00603	0.00419	0.00923
3	0.00936	0.00724	0.00990	0.00971	0.01074	0.00818	0.00733	0.01112	0.01079	0.01496	0.02401	0.03269	0.11730	0.16466	0.47356	0.00803	0.06286	0.00820	0.00385	0.00550
4	0.08724	0.12129	0.14704	0.01513	0.06040	0.06565	0.01340	0.18926	0.05968	0.11062	0.03507	0.01598	0.01207	0.00698	0.00583	0.00186	0.00718	0.00528	0.00482	0.03523
5	0.01740	0.45951	0.08169	0.06225	0.01984	0.02221	0.01279	0.12101	0.06458	0.02025	0.01147	0.01300	0.00950	0.00654	0.00600	0.00171	0.05345	0.00445	0.00358	0.00877
6	0.01043	0.00795	0.00984	0.01080	0.06872	0.00786	0.00679	0.05219	0.03479	0.01833	0.10472	0.14613	0.16259	0.28010	0.04723	0.00396	0.00559	0.01106	0.00510	0.00583
7	0.11999	0.17093	0.07879	0.01805	0.14395	0.08319	0.07041	0.04864	0.03667	0.03935	0.01454	0.01751	0.03759	0.04256	0.04962	0.00253	0.00812	0.00553	0.00372	0.00833

[dist]
# distance from previous block
# <min> <max>
1	6

[block]
# block no. 3 follows, 34 sequences, length 34
# corresponding to MSA columns:
# 186-219
name=unknown_D
#
# <colnr> <probs for GDERKNQSTAVLIFYWHMCP>
#	G	D	E	R	K	N	Q	S	T	A	V	L	I	F	Y	W	H	M	C	P
0	0.01002	0.05462	0.01026	0.03642	0.04598	0.00819	0.00631	0.01112	0.01163	0.01531	0.02947	0.11844	0.16560	0.37369	0.01948	0.00408	0.02033	0.01030	0.04354	0.00524
1	0.01543	0.03934	0.08659	0.01113	0.01442	0.03929	0.00954	0.08856	0.06736	0.12453	0.17027	0.02914	0.02524	0.13720	0.08695	0.00352	0.00708	0.00772	0.02900	0.00768
2	0.03527	0.11730	0.19220	0.01535	0.05405	0.01413	0.08536	0.06777	0.04833	0.06837	0.03820	0.07599	0.09467	0.03544	0.02755	0.00239	0.00732	0.00755	0.00440	0.00836
3	0.01310	0.08572	0.01710	0.01801	0.20975	0.01277	0.01107	0.03477	0.09113	0.02081	0.15678	0.03131	0.11827	0.09214	0.01040	0.00248	0.05357	0.00826	0.00477	0.00776
4	0.02199	0.21169	0.02199	0.01479	0.01893	0.47145	0.01189	0.08410	0.01787	0.01810	0.01030	0.01176	0.00861	0.00639	0.00542	0.00159	0.00977	0.00412	0.00349	0.04576
5	0.01402	0.09180	0.54376	0.01761	0.04613	0.01582	0.02061	0.05325	0.05815	0.02134	0.01363	0.01718	0.01057	0.00691	0.00616	0.00204	0.00870	0.03961	0.00332	0.00939
6	0.01489	0.01541	0.06817	0.06651	0.50043	0.01478	0.03848	0.01970	0.05762	0.02045	0.01338	0.01731	0.01113	0.01032	0.07921	0.00282	0.03058	0.00596	0.00338	0.00948
7	0.00977	0.00748	0.01040	0.01001	0.01135	0.00816	0.00756	0.01169	0.01066	0.01537	0.01808	0.07798	0.01808	0.14244	0.49296	0.00803	0.04427	0.00771	0.00371	0.08429
8	0.64347	0.01350	0.01038	0.00933	0.01297	0.07885	0.00746	0.01916	0.01178	0.04903	0.01058	0.01328	0.00867	0.04701	0.04058	0.00258	0.00625	0.00411	0.00404	0.00696
9	0.00856	0.00664	0.00720	0.00710	0.00916	0.00567	0.00531	0.01042	0.01526	0.04156	0.16596	0.10097	0.56187	0.01584	0.00763	0.00218	0.00334	0.01339	0.00624	0.00572
10	0.01876	0.07689	0.02030	0.08783	0.07174	0.21313	0.07030	0.09469	0.01701	0.08176	0.05573	0.04199	0.01439	0.02987	0.02946	0.00231	0.05517	0.00625	0.00426	0.00817
11	0.00940	0.00626	0.00705	0.00705	0.00705	0.00626	0.00392	0.00940	0.00940	0.01253	0.02036	0.04228	0.02349	0.77292	0.03289	0.00626	0.00626	0.00940	0.00392	0.00392
12	0.01573	0.01406	0.04927	0.01284	0.01665	0.01484	0.01045	0.03145	0.59593	0.05287	0.07149	0.02612	0.04133	0.00910	0.00665	0.00217	0.00516	0.00761	0.00646	0.00983
13	0.02208	0.05474	0.06216	0.01506	0.03458	0.09082	0.01256	0.46935	0.05159	0.04998	0.03936	0.03870	0.01346	0.00800	0.00637	0.00193	0.00736	0.00612	0.00573	0.01005
14	0.01565	0.07810	0.22176	0.06308	0.15707	0.05964	0.01641	0.05420	0.05859	0.05033	0.03791	0.05164	0.01324	0.00756	0.00715	0.00199	0.05559	0.00605	0.00385	0.04019
15	0.07365	0.16667	0.28564	0.03744	0.05777	0.07637	0.06293	0.11054	0.01616	0.02241	0.02663	0.01409	0.00984	0.00636	0.00578	0.00188	0.00841	0.00493	0.00352	0.00899
16	0.01315	0.00784	0.00968	0.00864	0.01116	0.00711	0.00668	0.01645	0.05156	0.16949	0.37478	0.04540	0.22715	0.01276	0.00734	0.00207	0.00371	0.01093	0.00697	0.00713
17	0.02151	0.01385	0.07289	0.05398	0.09159	0.01234	0.04151	0.08300	0.03321	0.35140	0.02121	0.02530	0.01592	0.00874	0.00750	0.00216	0.04333	0.08482	0.00601	0.00973
18	0.03983	0.12484	0.10672	0.06133	0.10252	0.13134	0.01381	0.09593	0.13560	0.05419	0.02674	0.04102	0.01340	0.00754	0.00606	0.00193	0.00759	0.01619	0.00442	0.00900
19	0.02024	0.12103	0.13823	0.03921	0.01842	0.01316	0.01194	0.06515	0.04629	0.30673	0.05451	0.02182	0.05007	0.00793	0.00610	0.00191	0.00619	0.00631	0.05536	0.00940
20	0.01715	0.01330	0.01442	0.01278	0.01649	0.01500	0.00999	0.03318	0.62023	0.10121	0.05350	0.02482	0.02094	0.00886	0.00661	0.00217	0.00507	0.00739	0.00674	0.01015
21	0.00846	0.00709	0.03809	0.00971	0.01072	0.00600	0.00736	0.01016	0.01293	0.01714	0.03592	0.59515	0.07532	0.01910	0.00823	0.00263	0.00430	0.12031	0.00586	0.00554
22	0.19674	0.13254	0.02067	0.01700	0.09860	0.29033	0.04813	0.08777	0.01653	0.02185	0.01055	0.01237	0.00857	0.00629	0.00540	0.00178	0.00857	0.00443	0.00367	0.00821
23	0.00787	0.00562	0.00750	0.00900	0.00937	0.00525	0.00600	0.00900	0.01237	0.01649	0.03561	0.76871	0.04274	0.02024	0.00825	0.00262	0.00375	0.01837	0.00600	0.00525
24	0.00787	0.00562	0.00750	0.00900	0.00937	0.00525	0.00600	0.00900	0.01237	0.01649	0.03561	0.76871	0.04274	0.02024	0.00825	0.00262	0.00375	0.01837	0.00600	0.00525
25	0.01541	0.01615	0.06983	0.05196	0.60615	0.01521	0.04450	0.01939	0.01441	0.02065	0.01267	0.03656	0.01090	0.00636	0.00695	0.00199	0.03174	0.00611	0.00323	0.00983
26	0.00947	0.00685	0.00910	0.00901	0.00957	0.00760	0.00629	0.01065	0.00990	0.01384	0.01847	0.03309	0.01941	0.39356	0.38159	0.00816	0.03681	0.00806	0.00366	0.00493
27	0.01549	0.04781	0.01622	0.03526	0.03763	0.09161	0.03628	0.09549	0.13756	0.03993	0.08853	0.02522	0.05186	0.07577	0.09650	0.00339	0.08560	0.00722	0.00481	0.00782
28	0.01290	0.00685	0.00693	0.00663	0.00838	0.00698	0.00505	0.06254	0.01470	0.02522	0.02070	0.02350	0.01618	0.00754	0.00465	0.00154	0.00329	0.00601	0.75405	0.00636
29	0.01563	0.01590	0.08796	0.03514	0.06375	0.04906	0.06430	0.07720	0.03167	0.04356	0.01267	0.01458	0.00995	0.00561	0.00556	0.00143	0.00657	0.00472	0.00400	0.45074
30	0.00910	0.05382	0.00923	0.00819	0.00928	0.00723	0.00574	0.01032	0.01214	0.01587	0.07892	0.23929	0.16175	0.24402	0.10225	0.00442	0.00615	0.01212	0.00496	0.00520
31	0.29342	0.01025	0.00895	0.00814	0.01088	0.03887	0.00642	0.07323	0.01451	0.02693	0.05973	0.01968	0.01521	0.00733	0.00474	0.00175	0.00437	0.00541	0.38334	0.00683
32	0.09359	0.38390	0.05441	0.05985	0.09542	0.01848	0.01169	0.01801	0.01330	0.01855	0.03343	0.04281	0.03270	0.00669	0.00503	0.00162	0.00645	0.00504	0.00340	0.09563
33	0.03358	0.17464	0.06919	0.05106	0.07969	0.01526	0.04082	0.09088	0.08113	0.10389	0.09978	0.05357	0.06263	0.00859	0.00623	0.00193	0.00627	0.00714	0.00500	0.00869

[dist]
# distance from previous block
# <min> <max>
1	9

[block]
# block no. 4 follows, 34 sequences, length 15
# corresponding to MSA columns:
# 229-243
name=unknown_E
#
# <colnr> <probs for GDERKNQSTAVLIFYWHMCP>
#	G	D	E	R	K	N	Q	S	T	A	V	L	I	F	Y	W	H	M	C	P
0	0.01410	0.01597	0.14856	0.09208	0.12616	0.01360	0.01408	0.09839	0.10790	0.02299	0.08750	0.03880	0.06808	0.04679	0.00878	0.00231	0.05169	0.00733	0.02644	0.00844
1	0.01577	0.62547	0.07249	0.01097	0.01623	0.02218	0.01104	0.01819	0.01359	0.01633	0.05661	0.01691	0.06838	0.00688	0.00475	0.00152	0.00655	0.00483	0.00328	0.00801
2	0.01023	0.00747	0.00954	0.00960	0.01036	0.00803	0.00685	0.05229	0.01205	0.01640	0.02368	0.21817	0.02628	0.29122	0.16928	0.00550	0.04875	0.06434	0.00459	0.00538
3	0.53019	0.06859	0.05007	0.01282	0.08637	0.01510	0.00981	0.02108	0.05465	0.08255	0.01178	0.01292	0.00894	0.00627	0.00471	0.00196	0.00568	0.00425	0.00424	0.00805
4	0.02281	0.01911	0.01828	0.01478	0.01938	0.12498	0.01190	0.47668	0.16610	0.03437	0.01686	0.01666	0.01234	0.00780	0.00639	0.00195	0.00737	0.00587	0.00603	0.01033
5	0.01011	0.00662	0.00834	0.00827	0.00883	0.00685	0.00543	0.01092	0.01022	0.04463	0.02056	0.07599	0.02217	0.49777	0.22914	0.00703	0.00917	0.00907	0.00408	0.00481
6	0.01698	0.01595	0.02646	0.03579	0.59051	0.03815	0.08573	0.04317	0.01554	0.05045	0.01282	0.01622	0.01039	0.00591	0.00650	0.00194	0.00801	0.00592	0.00351	0.01006
7	0.01709	0.01643	0.02451	0.03494	0.59782	0.06900	0.01824	0.07953	0.01626	0.02228	0.01297	0.03773	0.01111	0.00642	0.00642	0.00192	0.00780	0.00602	0.00357	0.00995
8	0.00882	0.00650	0.00941	0.00997	0.01088	0.00710	0.00746	0.01075	0.01122	0.01566	0.02411	0.27793	0.02590	0.03780	0.47056	0.00749	0.01231	0.03610	0.00441	0.00560
9	0.06536	0.02599	0.01978	0.01904	0.09438	0.51693	0.04776	0.06515	0.01772	0.01880	0.01057	0.01268	0.00869	0.00675	0.00664	0.00181	0.04580	0.00463	0.00351	0.00800
10	0.03381	0.08221	0.42284	0.01592	0.02327	0.01493	0.03288	0.05696	0.03135	0.16520	0.01510	0.03086	0.01089	0.00702	0.00653	0.00202	0.02897	0.00547	0.00417	0.00960
11	0.01383	0.01362	0.01896	0.01632	0.01632	0.01891	0.01347	0.01515	0.00986	0.01535	0.00925	0.01597	0.00946	0.06084	0.02196	0.00305	0.71201	0.00590	0.00290	0.00686
12	0.00787	0.00562	0.00750	0.00900	0.00937	0.00525	0.00600	0.00900	0.01237	0.01649	0.03561	0.76871	0.04274	0.02024	0.00825	0.00262	0.00375	0.01837	0.00600	0.00525
13	0.01585	0.01577	0.02418	0.18672	0.53365	0.07288	0.01886	0.01961	0.01462	0.01974	0.01184	0.01591	0.00975	0.00597	0.00636	0.00195	0.00818	0.00563	0.00314	0.00938
14	0.02070	0.14629	0.02287	0.01544	0.02010	0.11641	0.08299	0.32988	0.07035	0.02848	0.04142	0.01612	0.01248	0.00743	0.00680	0.00189	0.04024	0.00571	0.00497	0.00943

[dist]
# distance from previous block
# <min> <max>
0	1

[block]
# block no. 5 follows, 34 sequences, length 37
# corresponding to MSA columns:
# 245-281
name=unknown_F
#
# <colnr> <probs for GDERKNQSTAVLIFYWHMCP>
#	G	D	E	R	K	N	Q	S	T	A	V	L	I	F	Y	W	H	M	C	P
0	0.01414	0.01414	0.01979	0.01696	0.01696	0.01979	0.01414	0.01555	0.00990	0.01555	0.00848	0.01414	0.00848	0.01131	0.02120	0.00283	0.76110	0.00565	0.00283	0.00707
1	0.09573	0.02431	0.01918	0.02053	0.17105	0.44786	0.01345	0.07714	0.01781	0.03911	0.01119	0.01304	0.00902	0.00653	0.00585	0.00178	0.00968	0.00463	0.00373	0.00839
2	0.01461	0.01394	0.02372	0.30224	0.48087	0.01499	0.01914	0.01861	0.01406	0.01943	0.01191	0.01644	0.00964	0.00601	0.00642	0.00200	0.00802	0.00575	0.00308	0.00912
3	0.03727	0.01315	0.01304	0.01204	0.01506	0.08322	0.00948	0.06565	0.31979	0.05964	0.02565	0.06063	0.04755	0.01176	0.03564	0.00249	0.00614	0.09408	0.07923	0.00847
4	0.00778	0.00626	0.00685	0.00730	0.00885	0.00542	0.00519	0.00920	0.01382	0.01698	0.05480	0.27180	0.49768	0.04714	0.00881	0.00247	0.00353	0.01488	0.00592	0.00533
5	0.01204	0.00602	0.00602	0.00602	0.00753	0.00602	0.00452	0.01506	0.01355	0.02409	0.02108	0.02409	0.01656	0.00753	0.00452	0.00151	0.00301	0.00602	0.80879	0.00602
6	0.01208	0.00924	0.01143	0.01192	0.01394	0.00982	0.00980	0.04937	0.18975	0.02178	0.03162	0.16054	0.03250	0.01550	0.00813	0.00268	0.00547	0.39115	0.00613	0.00713
7	0.00765	0.00648	0.00662	0.00673	0.00878	0.00544	0.00499	0.00925	0.01455	0.01738	0.06323	0.11479	0.67882	0.01665	0.00768	0.00221	0.00331	0.01399	0.00600	0.00544
8	0.01204	0.00602	0.00602	0.00602	0.00753	0.00602	0.00452	0.01506	0.01355	0.02409	0.02108	0.02409	0.01656	0.00753	0.00452	0.00151	0.00301	0.00602	0.80879	0.00602
9	0.02713	0.01210	0.05705	0.01174	0.01685	0.00966	0.01018	0.02995	0.01820	0.66225	0.05729	0.02272	0.01762	0.00813	0.00653	0.00200	0.00562	0.00664	0.00765	0.01068
10	0.12734	0.01646	0.08805	0.07404	0.07883	0.04909	0.07703	0.11605	0.12800	0.05627	0.01730	0.04870	0.02870	0.00807	0.00702	0.00212	0.04208	0.02138	0.00466	0.00881
11	0.01659	0.01827	0.01840	0.01615	0.01716	0.22795	0.01295	0.01806	0.01232	0.01547	0.00982	0.01513	0.00942	0.04424	0.05001	0.00298	0.47959	0.00544	0.00305	0.00700
12	0.01699	0.01750	0.02445	0.09139	0.56675	0.13106	0.01852	0.02052	0.01514	0.01992	0.01176	0.01540	0.00981	0.00595	0.00631	0.00190	0.00838	0.00550	0.00319	0.00956
13	0.01542	0.01571	0.02156	0.09786	0.26460	0.08747	0.01614	0.01799	0.01267	0.01756	0.01041	0.01513	0.00928	0.00945	0.03203	0.00253	0.33742	0.00559	0.00302	0.00817
14	0.02380	0.01158	0.01707	0.01319	0.01780	0.01054	0.09555	0.07775	0.01846	0.48690	0.06611	0.07400	0.03853	0.00902	0.00685	0.00207	0.00596	0.00788	0.00706	0.00989
15	0.00940	0.00626	0.00705	0.00705	0.00705	0.00626	0.00392	0.00940	0.00940	0.01253	0.02036	0.04228	0.02349	0.77292	0.03289	0.00626	0.00626	0.00940	0.00392	0.00392
16	0.01378	0.01126	0.01318	0.00952	0.01509	0.00852	0.00762	0.01659	0.01366	0.04945	0.01429	0.01577	0.03981	0.00540	0.00497	0.00105	0.00475	0.00434	0.00408	0.74689
17	0.05581	0.01309	0.01570	0.14692	0.02118	0.01437	0.01123	0.30125	0.03487	0.11708	0.04607	0.02027	0.02841	0.01024	0.04953	0.00245	0.00698	0.00629	0.08930	0.00897
18	0.01296	0.03342	0.73944	0.01842	0.02797	0.01501	0.02387	0.02046	0.01364	0.02046	0.01160	0.01364	0.00818	0.00614	0.00614	0.00205	0.00955	0.00477	0.00273	0.00955
19	0.00816	0.00583	0.00783	0.00932	0.00982	0.00550	0.00650	0.00949	0.01265	0.01681	0.03545	0.69021	0.04211	0.01997	0.00832	0.00266	0.00400	0.09404	0.00599	0.00533
20	0.01503	0.01831	0.16025	0.02937	0.42146	0.01448	0.05872	0.02034	0.05422	0.02129	0.01281	0.01574	0.01027	0.00585	0.00621	0.00185	0.00769	0.00551	0.00339	0.11720
21	0.00891	0.00725	0.00798	0.00775	0.00982	0.00668	0.00582	0.01258	0.08541	0.02079	0.25108	0.08382	0.43899	0.01487	0.00755	0.00216	0.00341	0.01265	0.00638	0.00610
22	0.00931	0.00666	0.00905	0.00946	0.01024	0.00710	0.00696	0.01090	0.01104	0.01513	0.02305	0.12392	0.02480	0.25791	0.32879	0.00706	0.01060	0.11854	0.00429	0.00518
23	0.01728	0.01422	0.01509	0.01327	0.01711	0.01628	0.01041	0.10127	0.63254	0.04862	0.02521	0.02320	0.01875	0.00864	0.00656	0.00216	0.00532	0.00713	0.00660	0.01032
24	0.01457	0.01307	0.02069	0.01511	0.02056	0.01134	0.21934	0.04480	0.03269	0.04787	0.08628	0.01883	0.01542	0.00617	0.00610	0.00154	0.00657	0.00603	0.00431	0.40870
25	0.02293	0.02850	0.01949	0.02006	0.12578	0.63836	0.01357	0.02491	0.01778	0.01660	0.01031	0.01230	0.00861	0.00652	0.00591	0.00170	0.01106	0.00440	0.00331	0.00790
26	0.01492	0.01690	0.03675	0.02641	0.03267	0.01584	0.67745	0.02017	0.01512	0.02051	0.01409	0.05130	0.01129	0.00611	0.00765	0.00220	0.01057	0.00811	0.00339	0.00856
27	0.00787	0.00562	0.00750	0.00900	0.00937	0.00525	0.00600	0.00900	0.01237	0.01649	0.03561	0.76871	0.04274	0.02024	0.00825	0.00262	0.00375	0.01837	0.00600	0.00525
28	0.01393	0.01338	0.02311	0.42325	0.33192	0.01486	0.05076	0.01809	0.01378	0.01863	0.01184	0.01672	0.00935	0.00612	0.00649	0.00206	0.00833	0.00584	0.00303	0.00853
29	0.01950	0.02053	0.01468	0.01329	0.01634	0.40244	0.01006	0.02284	0.07727	0.08990	0.12756	0.04546	0.09456	0.00935	0.00648	0.00188	0.00810	0.00718	0.00499	0.00758
30	0.01414	0.01414	0.01979	0.01696	0.01696	0.01979	0.01414	0.01555	0.00990	0.01555	0.00848	0.01414	0.00848	0.01131	0.02120	0.00283	0.76110	0.00565	0.00283	0.00707
31	0.01652	0.02127	0.10565	0.02413	0.03018	0.14341	0.49321	0.02138	0.01543	0.01964	0.01222	0.01592	0.00933	0.00594	0.00764	0.00210	0.03764	0.00666	0.00321	0.00853
32	0.02072	0.01560	0.01755	0.01395	0.01845	0.01705	0.03871	0.44496	0.16339	0.05411	0.04882	0.02169	0.05693	0.00858	0.00660	0.00201	0.00633	0.00689	0.02756	0.01010
33	0.01440	0.01360	0.02060	0.31257	0.31021	0.04453	0.01667	0.05796	0.01499	0.01979	0.01701	0.04867	0.06635	0.00756	0.00657	0.00205	0.00768	0.00678	0.00359	0.00842
34	0.81856	0.01250	0.00950	0.00850	0.01250	0.01449	0.00700	0.01899	0.01100	0.02899	0.00900	0.01050	0.00700	0.00600	0.00400	0.00200	0.00500	0.00350	0.00400	0.00700
35	0.01809	0.65140	0.05281	0.01205	0.01739	0.12503	0.01164	0.02027	0.01386	0.01544	0.00920	0.01064	0.00829	0.00570	0.00444	0.00144	0.00764	0.00359	0.00284	0.00822
36	0.05557	0.01711	0.01816	0.01621	0.08758	0.07470	0.01194	0.39528	0.08791	0.05127	0.02989	0.01645	0.01234	0.00731	0.00616	0.00184	0.00689	0.00565	0.00559	0.09215

[dist]
# distance from previous block
# <min> <max>
0	4

[block]
# block no. 6 follows, 34 sequences, length 101
# corresponding to MSA columns:
# 286-386
name=unknown_G
#
# <colnr> <probs for GDERKNQSTAVLIFYWHMCP>
#	G	D	E	R	K	N	Q	S	T	A	V	L	I	F	Y	W	H	M	C	P
0	0.04294	0.11100	0.29714	0.07058	0.21061	0.01634	0.07686	0.04464	0.01449	0.02074	0.01286	0.01551	0.02584	0.00622	0.00609	0.00195	0.00841	0.00538	0.00317	0.00923
1	0.81856	0.01250	0.00950	0.00850	0.01250	0.01449	0.00700	0.01899	0.01100	0.02899	0.00900	0.01050	0.00700	0.00600	0.00400	0.00200	0.00500	0.00350	0.00400	0.00700
2	0.00940	0.00626	0.00705	0.00705	0.00705	0.00626	0.00392	0.00940	0.00940	0.01253	0.02036	0.04228	0.02349	0.77292	0.03289	0.00626	0.00626	0.00940	0.00392	0.00392
3	0.01655	0.01539	0.02273	0.03145	0.51253	0.04679	0.01682	0.07004	0.10322	0.02284	0.03999	0.01806	0.01325	0.00714	0.00707	0.02902	0.00725	0.00609	0.00398	0.00977
4	0.81856	0.01250	0.00950	0.00850	0.01250	0.01449	0.00700	0.01899	0.01100	0.02899	0.00900	0.01050	0.00700	0.00600	0.00400	0.00200	0.00500	0.00350	0.00400	0.00700
5	0.01414	0.01414	0.01979	0.01696	0.01696	0.01979	0.01414	0.01555	0.00990	0.01555	0.00848	0.01414	0.00848	0.01131	0.02120	0.00283	0.76110	0.00565	0.00283	0.00707
6	0.01340	0.01148	0.01340	0.00957	0.01531	0.00861	0.00766	0.01627	0.01340	0.02105	0.01148	0.01340	0.00957	0.00479	0.00479	0.00096	0.00479	0.00383	0.00383	0.81242
7	0.00961	0.00690	0.00947	0.01091	0.01211	0.00676	0.00899	0.01202	0.01417	0.01848	0.03570	0.26562	0.06302	0.01846	0.00869	0.00285	0.00525	0.47929	0.00596	0.00574
8	0.01204	0.00602	0.00602	0.00602	0.00753	0.00602	0.00452	0.01506	0.01355	0.02409	0.02108	0.02409	0.01656	0.00753	0.00452	0.00151	0.00301	0.00602	0.80879	0.00602
9	0.25831	0.03977	0.01500	0.03757	0.06684	0.01231	0.00985	0.02614	0.03594	0.40790	0.01866	0.01767	0.01253	0.00713	0.00567	0.00198	0.00565	0.00545	0.00608	0.00952
10	0.00939	0.00629	0.00718	0.00718	0.00723	0.00634	0.00408	0.00948	0.00944	0.01263	0.02024	0.04160	0.02319	0.74365	0.06175	0.00643	0.00671	0.00930	0.00390	0.00399
11	0.01204	0.00602	0.00602	0.00602	0.00753	0.00602	0.00452	0.01506	0.01355	0.02409	0.02108	0.02409	0.01656	0.00753	0.00452	0.00151	0.00301	0.00602	0.80879	0.00602
12	0.02289	0.01771	0.01886	0.01544	0.04532	0.04311	0.01216	0.56354	0.10374	0.03695	0.01623	0.01626	0.01177	0.00764	0.00639	0.00192	0.00698	0.00585	0.00615	0.04109
13	0.76296	0.06553	0.01119	0.00867	0.01278	0.01526	0.00728	0.01902	0.01114	0.02803	0.00900	0.01049	0.00709	0.00597	0.00401	0.00196	0.00513	0.00350	0.00391	0.00709
14	0.01496	0.01516	0.02849	0.12633	0.39142	0.01516	0.24177	0.01928	0.01457	0.02021	0.01325	0.04510	0.01112	0.00629	0.00687	0.00206	0.00869	0.00684	0.00328	0.00916
15	0.01220	0.01148	0.01938	0.75739	0.04450	0.01436	0.01794	0.01651	0.01292	0.01651	0.01148	0.01723	0.00861	0.00646	0.00646	0.00215	0.00861	0.00574	0.00287	0.00718
16	0.00940	0.00626	0.00705	0.00705	0.00705	0.00626	0.00392	0.00940	0.00940	0.01253	0.02036	0.04228	0.02349	0.77292	0.03289	0.00626	0.00626	0.00940	0.00392	0.00392
17	0.00923	0.00692	0.01038	0.01038	0.01154	0.00808	0.00808	0.01154	0.01038	0.01500	0.01731	0.02538	0.01615	0.04846	0.74732	0.01038	0.01731	0.00692	0.00346	0.00577
18	0.07362	0.01775	0.01878	0.01447	0.01957	0.01970	0.01195	0.66831	0.02918	0.04000	0.01511	0.01520	0.01074	0.00765	0.00631	0.00194	0.00698	0.00567	0.00631	0.01074
19	0.04909	0.65003	0.12390	0.01190	0.01789	0.02376	0.01255	0.01948	0.01311	0.01644	0.00932	0.01079	0.00823	0.00563	0.00440	0.00149	0.00717	0.00363	0.00281	0.00840
20	0.01727	0.77681	0.03386	0.01106	0.01658	0.02557	0.01106	0.01935	0.01313	0.01520	0.00898	0.01036	0.00829	0.00553	0.00415	0.00138	0.00691	0.00345	0.00276	0.00829
21	0.01296	0.03342	0.73944	0.01842	0.02797	0.01501	0.02387	0.02046	0.01364	0.02046	0.01160	0.01364	0.00818	0.00614	0.00614	0.00205	0.00955	0.00477	0.00273	0.00955
22	0.00787	0.00562	0.00750	0.00900	0.00937	0.00525	0.00600	0.00900	0.01237	0.01649	0.03561	0.76871	0.04274	0.02024	0.00825	0.00262	0.00375	0.01837	0.00600	0.00525
23	0.01137	0.00981	0.01181	0.03613	0.01379	0.07940	0.00900	0.04133	0.01203	0.01617	0.01634	0.02340	0.01494	0.04142	0.62175	0.00893	0.01606	0.00657	0.00355	0.00619
24	0.00980	0.00746	0.00993	0.01174	0.09410	0.00684	0.00744	0.01189	0.01492	0.04556	0.19840	0.27774	0.24917	0.01534	0.00764	0.00225	0.00397	0.01353	0.00600	0.00629
25	0.01414	0.01414	0.01979	0.01696	0.01696	0.01979	0.01414	0.01555	0.00990	0.01555	0.00848	0.01414	0.00848	0.01131	0.02120	0.00283	0.76110	0.00565	0.00283	0.00707
26	0.01023	0.00731	0.01021	0.01170	0.01311	0.00728	0.01010	0.01308	0.01470	0.01914	0.03431	0.12152	0.03757	0.01802	0.00888	0.00295	0.00580	0.64224	0.00595	0.00590
27	0.01265	0.01194	0.02018	0.67344	0.12499	0.01447	0.01816	0.01690	0.01313	0.01705	0.01156	0.01708	0.00880	0.00638	0.00645	0.00213	0.00850	0.00574	0.00291	0.00754
28	0.01690	0.19374	0.20131	0.01534	0.02024	0.23982	0.03879	0.02017	0.01460	0.01707	0.01316	0.10079	0.01237	0.00815	0.00695	0.00191	0.06138	0.00604	0.00333	0.00793
29	0.01681	0.03647	0.02575	0.16279	0.22099	0.06727	0.17791	0.11453	0.04420	0.02233	0.01288	0.01629	0.01006	0.00647	0.00717	0.00204	0.03719	0.00608	0.00371	0.00905
30	0.01414	0.01414	0.01979	0.01696	0.01696	0.01979	0.01414	0.01555	0.00990	0.01555	0.00848	0.01414	0.00848	0.01131	0.02120	0.00283	0.76110	0.00565	0.00283	0.00707
31	0.01296	0.03342	0.73944	0.01842	0.02797	0.01501	0.02387	0.02046	0.01364	0.02046	0.01160	0.01364	0.00818	0.00614	0.00614	0.00205	0.00955	0.00477	0.00273	0.00955
32	0.01455	0.01388	0.02362	0.31297	0.47059	0.01497	0.01911	0.01857	0.01403	0.01936	0.01190	0.01646	0.00962	0.00602	0.00642	0.00201	0.00803	0.00575	0.00307	0.00907
33	0.01204	0.00602	0.00602	0.00602	0.00753	0.00602	0.00452	0.01506	0.01355	0.02409	0.02108	0.02409	0.01656	0.00753	0.00452	0.00151	0.00301	0.00602	0.80879	0.00602
34	0.01414	0.01414	0.01979	0.01696	0.01696	0.01979	0.01414	0.01555	0.00990	0.01555	0.00848	0.01414	0.00848	0.01131	0.02120	0.00283	0.76110	0.00565	0.00283	0.00707
35	0.00764	0.00655	0.00655	0.00655	0.00873	0.00545	0.00491	0.00927	0.01473	0.01745	0.06546	0.06218	0.73000	0.01636	0.00764	0.00218	0.00327	0.01364	0.00600	0.00545
36	0.01204	0.00602	0.00602	0.00602	0.00753	0.00602	0.00452	0.01506	0.01355	0.02409	0.02108	0.02409	0.01656	0.00753	0.00452	0.00151	0.00301	0.00602	0.80879	0.00602
37	0.01711	0.74868	0.06056	0.01133	0.01701	0.02517	0.01154	0.01939	0.01315	0.01540	0.00908	0.01049	0.00829	0.00555	0.00422	0.00141	0.00701	0.00350	0.00276	0.00834
38	0.01480	0.01491	0.02769	0.22378	0.36208	0.01536	0.20750	0.01920	0.01439	0.01979	0.01223	0.01671	0.00969	0.00586	0.00675	0.00205	0.00880	0.00626	0.00313	0.00902
39	0.00787	0.00636	0.00700	0.00725	0.00898	0.00549	0.00528	0.00957	0.01467	0.01829	0.14060	0.20859	0.50387	0.01679	0.00776	0.00226	0.00335	0.01439	0.00614	0.00549
40	0.01905	0.49666	0.04708	0.01394	0.04380	0.23167	0.01210	0.02162	0.03240	0.01602	0.00989	0.01137	0.00865	0.00596	0.00482	0.00152	0.00832	0.00387	0.00304	0.00821
41	0.01612	0.01307	0.01543	0.01172	0.01643	0.01249	0.00953	0.16606	0.01663	0.04139	0.01251	0.01458	0.01012	0.00788	0.03360	0.00176	0.10157	0.00466	0.00436	0.49008
42	0.04826	0.01688	0.01777	0.01502	0.03811	0.09921	0.03581	0.25413	0.22211	0.13635	0.01889	0.01838	0.01367	0.00786	0.00677	0.00202	0.02659	0.00614	0.00599	0.01004
43	0.01999	0.01960	0.05183	0.02148	0.09271	0.10832	0.23644	0.28994	0.04642	0.02813	0.01397	0.01593	0.01041	0.00667	0.00674	0.00199	0.00896	0.00620	0.00461	0.00968
44	0.01340	0.01148	0.01340	0.00957	0.01531	0.00861	0.00766	0.01627	0.01340	0.02105	0.01148	0.01340	0.00957	0.00479	0.00479	0.00096	0.00479	0.00383	0.00383	0.81242
45	0.01525	0.01743	0.03813	0.02723	0.03377	0.01634	0.70915	0.02070	0.01525	0.02070	0.01307	0.01743	0.00980	0.00545	0.00763	0.00218	0.01089	0.00763	0.00327	0.00871
46	0.00923	0.00692	0.01038	0.01038	0.01154	0.00808	0.00808	0.01154	0.01038	0.01500	0.01731	0.02538	0.01615	0.04846	0.74732	0.01038	0.01731	0.00692	0.00346	0.00577
47	0.00934	0.00624	0.00706	0.00712	0.00713	0.00623	0.00399	0.00938	0.00950	0.01267	0.02091	0.06878	0.02419	0.74547	0.03199	0.00613	0.00617	0.00972	0.00399	0.00396
48	0.01548	0.01483	0.02530	0.13665	0.63963	0.01522	0.01958	0.01938	0.01447	0.02049	0.01206	0.01616	0.01002	0.00585	0.00641	0.00195	0.00780	0.00576	0.00315	0.00982
49	0.01939	0.54674	0.02906	0.01278	0.01763	0.24805	0.01150	0.02134	0.01473	0.01539	0.00929	0.01076	0.00830	0.00588	0.00466	0.00147	0.00837	0.00367	0.00294	0.00804
50	0.00923	0.00692	0.01038	0.01038	0.01154	0.00808	0.00808	0.01154	0.01038	0.01500	0.01731	0.02538	0.01615	0.04846	0.74732	0.01038	0.01731	0.00692	0.00346	0.00577
51	0.01754	0.47881	0.16494	0.01340	0.01916	0.15666	0.01360	0.02052	0.01410	0.01626	0.00993	0.01198	0.00863	0.02387	0.00551	0.00168	0.00828	0.00398	0.00289	0.00828
52	0.01556	0.13370	0.03747	0.02476	0.03114	0.01775	0.60227	0.02049	0.01493	0.01986	0.01245	0.01635	0.00957	0.00546	0.00709	0.00206	0.01028	0.00699	0.00319	0.00865
53	0.00795	0.00568	0.00758	0.00908	0.00949	0.00531	0.00613	0.00913	0.01245	0.01658	0.03557	0.74782	0.04257	0.02017	0.00827	0.00263	0.00381	0.03850	0.00600	0.00527
54	0.00940	0.00626	0.00705	0.00705	0.00705	0.00626	0.00392	0.00940	0.00940	0.01253	0.02036	0.04228	0.02349	0.77292	0.03289	0.00626	0.00626	0.00940	0.00392	0.00392
55	0.03377	0.26004	0.42325	0.01631	0.02402	0.03906	0.06035	0.03904	0.01411	0.01948	0.01088	0.01279	0.00837	0.00596	0.00557	0.00184	0.00871	0.00452	0.00292	0.00903
56	0.01414	0.01414	0.01979	0.01696	0.01696	0.01979	0.01414	0.01555	0.00990	0.01555	0.00848	0.01414	0.00848	0.01131	0.02120	0.00283	0.76110	0.00565	0.00283	0.00707
