[name]
unknown

[dist]
# distance from previous block
# <min> <max>
6	753

[block]
# block no. 0 follows, 31 sequences, length 24
# corresponding to MSA columns:
# 793-816
name=unknown_A
#
# <colnr> <probs for GDERKNQSTAVLIFYWHMCP>
#	G	D	E	R	K	N	Q	S	T	A	V	L	I	F	Y	W	H	M	C	P
0	0.03880	0.00983	0.01319	0.01493	0.11207	0.00986	0.00958	0.05695	0.06955	0.09091	0.06039	0.26628	0.04396	0.03728	0.01095	0.10557	0.00546	0.03129	0.00571	0.00744
1	0.01077	0.00695	0.00849	0.00876	0.01025	0.00625	0.00617	0.01229	0.01461	0.08827	0.09670	0.35689	0.23145	0.09613	0.01106	0.00294	0.00423	0.01522	0.00642	0.00615
2	0.00872	0.00615	0.00795	0.00919	0.00968	0.00579	0.00614	0.00972	0.01280	0.01691	0.03668	0.58095	0.08123	0.11172	0.01253	0.03055	0.00441	0.03759	0.00596	0.00533
3	0.01890	0.18905	0.02166	0.18077	0.02453	0.29884	0.01314	0.02158	0.01588	0.01752	0.01224	0.01546	0.01018	0.00945	0.04902	0.00235	0.00998	0.00498	0.07669	0.00779
4	0.01400	0.01291	0.02075	0.57421	0.10476	0.01562	0.01816	0.05776	0.01486	0.01944	0.01428	0.01948	0.03355	0.00746	0.00764	0.00228	0.04498	0.00637	0.00341	0.00807
5	0.02012	0.01674	0.01877	0.18897	0.02612	0.10828	0.02970	0.14424	0.16645	0.11056	0.01784	0.01897	0.01310	0.00781	0.00707	0.00209	0.02593	0.00623	0.00536	0.06564
6	0.01408	0.01265	0.02018	0.42173	0.06205	0.01458	0.08295	0.03904	0.10777	0.02108	0.01678	0.05588	0.01352	0.00789	0.00688	0.00223	0.00798	0.00719	0.07734	0.00822
7	0.01789	0.04633	0.11826	0.01473	0.01902	0.14632	0.03326	0.02310	0.10278	0.11112	0.03690	0.05949	0.06705	0.01170	0.04330	0.00259	0.07473	0.02140	0.00496	0.04507
8	0.01216	0.08083	0.05546	0.07902	0.06027	0.01174	0.08402	0.01593	0.04835	0.01995	0.10818	0.22257	0.05073	0.07177	0.00977	0.00270	0.00643	0.04776	0.00506	0.00729
9	0.01685	0.01618	0.01976	0.19803	0.02577	0.08721	0.01466	0.10807	0.01551	0.02105	0.01133	0.01562	0.00950	0.00882	0.01264	0.00231	0.29672	0.00563	0.00371	0.11063
10	0.01999	0.01810	0.08331	0.01627	0.05410	0.01803	0.01332	0.30218	0.29495	0.03354	0.05788	0.02173	0.01783	0.00868	0.00692	0.00217	0.00673	0.00701	0.00639	0.01086
11	0.01505	0.04422	0.22197	0.09651	0.37560	0.01552	0.02042	0.02012	0.01537	0.02196	0.07537	0.01923	0.01482	0.00698	0.00674	0.00209	0.00831	0.00629	0.00357	0.00987
12	0.05861	0.26984	0.04356	0.01613	0.08284	0.17517	0.01264	0.08089	0.01678	0.05790	0.01265	0.01476	0.01047	0.01103	0.07798	0.00265	0.00942	0.00486	0.00392	0.03788
13	0.80789	0.01323	0.01006	0.00900	0.01323	0.01535	0.00741	0.02011	0.01164	0.03070	0.00953	0.01111	0.00741	0.00635	0.00423	0.00212	0.00529	0.00370	0.00423	0.00741
14	0.01292	0.01216	0.02052	0.74312	0.04712	0.01520	0.01900	0.01748	0.01368	0.01748	0.01216	0.01824	0.00912	0.00684	0.00684	0.00228	0.00912	0.00608	0.00304	0.00760
15	0.01323	0.01237	0.01720	0.15137	0.02143	0.01584	0.01316	0.01707	0.07653	0.01883	0.07014	0.08987	0.07449	0.01219	0.01464	0.00266	0.35874	0.00853	0.00427	0.00743
16	0.00810	0.00688	0.00698	0.00706	0.00927	0.00576	0.00525	0.00980	0.01547	0.01843	0.06778	0.09916	0.68178	0.01753	0.00812	0.00233	0.00349	0.01468	0.00635	0.00576
17	0.01419	0.01216	0.01419	0.01013	0.01621	0.00912	0.00811	0.01723	0.01419	0.02229	0.01216	0.01419	0.01013	0.00507	0.00507	0.00101	0.00507	0.00405	0.00405	0.80139
18	0.00854	0.00682	0.00765	0.00771	0.00959	0.00593	0.00568	0.01060	0.01627	0.02073	0.23638	0.15085	0.45519	0.01697	0.00816	0.00233	0.00347	0.01454	0.00667	0.00593
19	0.01772	0.01150	0.01263	0.01065	0.01406	0.01188	0.00846	0.22163	0.07066	0.09944	0.10419	0.03206	0.13721	0.01040	0.00668	0.00202	0.00497	0.00845	0.20670	0.00871
20	0.00845	0.00605	0.00804	0.00945	0.00995	0.00564	0.00636	0.00982	0.01365	0.01834	0.09730	0.69300	0.04695	0.02078	0.00867	0.00272	0.00390	0.01882	0.00645	0.00564
21	0.09751	0.51495	0.02821	0.01178	0.01675	0.12422	0.01085	0.02100	0.01450	0.01851	0.01085	0.01253	0.00946	0.00627	0.00466	0.00158	0.00745	0.00402	0.07660	0.00830
22	0.01521	0.01479	0.02298	0.12504	0.26968	0.01809	0.01744	0.01807	0.01274	0.01867	0.01111	0.01651	0.00993	0.01051	0.03858	0.00282	0.35995	0.00608	0.00316	0.00864
23	0.04099	0.10847	0.02111	0.22668	0.05048	0.10771	0.01416	0.20267	0.07584	0.02579	0.01486	0.03229	0.01170	0.00762	0.00637	0.00204	0.00815	0.00596	0.02796	0.00916

[dist]
# distance from previous block
# <min> <max>
0	22

[block]
# block no. 1 follows, 31 sequences, length 108
# corresponding to MSA columns:
# 840-947
name=unknown_B
#
# <colnr> <probs for GDERKNQSTAVLIFYWHMCP>
#	G	D	E	R	K	N	Q	S	T	A	V	L	I	F	Y	W	H	M	C	P
0	0.28592	0.22182	0.06989	0.07692	0.02025	0.08088	0.03938	0.04382	0.01425	0.02302	0.01114	0.01354	0.00907	0.00828	0.03538	0.00229	0.00795	0.00454	0.02350	0.00818
1	0.07950	0.01211	0.04052	0.03952	0.10475	0.03411	0.07377	0.01612	0.01428	0.04960	0.07502	0.28424	0.02716	0.01514	0.04661	0.00289	0.06080	0.01134	0.00501	0.00750
2	0.00846	0.00607	0.00819	0.00965	0.01011	0.00581	0.00653	0.00975	0.01292	0.01733	0.03609	0.69417	0.04289	0.02393	0.06928	0.00347	0.00517	0.01844	0.00613	0.00560
3	0.00910	0.00760	0.00879	0.06631	0.01286	0.00706	0.00689	0.01190	0.03957	0.02007	0.15527	0.09330	0.48709	0.01597	0.00801	0.00233	0.00405	0.03135	0.00628	0.00620
4	0.01829	0.76368	0.03585	0.01171	0.01756	0.02707	0.01171	0.02049	0.01390	0.01610	0.00951	0.01097	0.00878	0.00585	0.00439	0.00146	0.00732	0.00366	0.00293	0.00878
5	0.01374	0.03286	0.64160	0.08036	0.03129	0.01588	0.04781	0.02132	0.01444	0.02132	0.01232	0.01490	0.00876	0.00650	0.00658	0.00218	0.01008	0.00525	0.00292	0.00987
6	0.01292	0.01216	0.02052	0.74312	0.04712	0.01520	0.01900	0.01748	0.01368	0.01748	0.01216	0.01824	0.00912	0.00684	0.00684	0.00228	0.00912	0.00608	0.00304	0.00760
7	0.01668	0.01405	0.01474	0.01389	0.04481	0.05998	0.01004	0.14175	0.29055	0.02613	0.04761	0.09313	0.02236	0.13586	0.03479	0.00325	0.00674	0.00876	0.00597	0.00889
8	0.27222	0.12861	0.04545	0.01489	0.01954	0.23291	0.06885	0.07886	0.01645	0.02390	0.01086	0.01278	0.00873	0.00680	0.00609	0.00196	0.03423	0.00461	0.00390	0.00837
9	0.01578	0.01470	0.04746	0.13319	0.37481	0.01445	0.04535	0.05997	0.01632	0.04544	0.06185	0.08160	0.01736	0.00965	0.03017	0.00244	0.00802	0.00774	0.00423	0.00947
10	0.01719	0.01210	0.01442	0.01062	0.01622	0.00972	0.00849	0.05328	0.01598	0.13647	0.03573	0.01781	0.01337	0.02953	0.00646	0.00145	0.00531	0.00504	0.00501	0.58580
11	0.00978	0.00731	0.01090	0.01090	0.01209	0.00850	0.00843	0.01215	0.01097	0.01581	0.01841	0.02737	0.01732	0.07069	0.71337	0.01088	0.01801	0.00740	0.00368	0.00605
12	0.01155	0.00764	0.00931	0.06800	0.05693	0.00756	0.00726	0.01451	0.01507	0.02298	0.09564	0.06090	0.17835	0.01088	0.00626	0.00193	0.00407	0.00915	0.40541	0.00660
13	0.08693	0.22609	0.02399	0.01820	0.12768	0.21889	0.01305	0.11656	0.01809	0.02278	0.01183	0.01367	0.00974	0.00665	0.00562	0.00176	0.00849	0.00471	0.03152	0.03374
14	0.02556	0.03261	0.01939	0.01763	0.02115	0.73210	0.01322	0.02732	0.01939	0.01674	0.01058	0.01234	0.00881	0.00705	0.00617	0.00176	0.01234	0.00441	0.00353	0.00793
15	0.01641	0.05016	0.01834	0.10859	0.02143	0.03421	0.09283	0.08736	0.09149	0.10629	0.15527	0.07671	0.09061	0.01052	0.00733	0.00220	0.00650	0.00926	0.00590	0.00857
16	0.00809	0.00693	0.00693	0.00693	0.00924	0.00578	0.00520	0.00982	0.01559	0.01848	0.06931	0.06584	0.71411	0.01733	0.00809	0.00231	0.00347	0.01444	0.00635	0.00578
17	0.01720	0.01441	0.01585	0.06623	0.01988	0.01664	0.01139	0.03489	0.63085	0.05216	0.02669	0.02492	0.01990	0.00908	0.00695	0.00231	0.00569	0.00759	0.00673	0.01063
18	0.02601	0.01916	0.02053	0.01574	0.02122	0.02122	0.01300	0.69408	0.03217	0.04312	0.01643	0.01643	0.01163	0.00821	0.00684	0.00205	0.00753	0.00616	0.00684	0.01163
19	0.02601	0.01916	0.02053	0.01574	0.02122	0.02122	0.01300	0.69408	0.03217	0.04312	0.01643	0.01643	0.01163	0.00821	0.00684	0.00205	0.00753	0.00616	0.00684	0.01163
20	0.01292	0.01216	0.02052	0.74312	0.04712	0.01520	0.01900	0.01748	0.01368	0.01748	0.01216	0.01824	0.00912	0.00684	0.00684	0.00228	0.00912	0.00608	0.00304	0.00760
21	0.00977	0.00733	0.01100	0.01100	0.01222	0.00855	0.00855	0.01222	0.01100	0.01588	0.01833	0.02688	0.01710	0.05131	0.73245	0.01100	0.01833	0.00733	0.00367	0.00611
22	0.01874	0.01555	0.01644	0.01427	0.01845	0.01782	0.01125	0.16260	0.57547	0.03140	0.02565	0.02378	0.01911	0.00908	0.00694	0.00227	0.00582	0.00743	0.00694	0.01098
23	0.00885	0.00681	0.00786	0.00786	0.00948	0.00607	0.00566	0.01085	0.01602	0.02090	0.28075	0.13972	0.34462	0.09100	0.01083	0.00274	0.00376	0.01387	0.00653	0.00582
24	0.00975	0.00720	0.01036	0.01034	0.01152	0.00808	0.00787	0.01182	0.01144	0.01614	0.04588	0.03124	0.06407	0.09495	0.58880	0.03700	0.01562	0.00809	0.00398	0.00586
25	0.02428	0.01831	0.01956	0.01539	0.02056	0.02041	0.01259	0.56802	0.16103	0.04034	0.01861	0.01817	0.01341	0.00842	0.00687	0.00210	0.00712	0.00646	0.00687	0.01148
26	0.00995	0.00663	0.00746	0.00746	0.00746	0.00663	0.00415	0.00995	0.00995	0.01327	0.02156	0.04477	0.02487	0.75957	0.03482	0.00663	0.00663	0.00995	0.00415	0.00415
27	0.00877	0.00618	0.00777	0.00885	0.00922	0.00586	0.00569	0.00965	0.01233	0.01635	0.03457	0.53051	0.06745	0.22485	0.01590	0.00382	0.00468	0.01662	0.00574	0.00518
28	0.01419	0.01216	0.01419	0.01013	0.01621	0.00912	0.00811	0.01723	0.01419	0.02229	0.01216	0.01419	0.01013	0.00507	0.00507	0.00101	0.00507	0.00405	0.00405	0.80139
29	0.01410	0.01337	0.02266	0.53633	0.24466	0.01551	0.01959	0.01852	0.01424	0.01892	0.01237	0.01785	0.00963	0.00662	0.00682	0.00221	0.00883	0.00608	0.00314	0.00855
30	0.01615	0.01845	0.04037	0.02884	0.03576	0.01730	0.69204	0.02191	0.01615	0.02191	0.01384	0.01845	0.01038	0.00577	0.00807	0.00231	0.01153	0.00807	0.00346	0.00923
31	0.00842	0.00608	0.00790	0.00925	0.00981	0.00564	0.00621	0.00969	0.01339	0.01777	0.06489	0.65975	0.08860	0.04578	0.00955	0.00285	0.00400	0.01854	0.00632	0.00556
32	0.01014	0.00717	0.01023	0.01023	0.01142	0.00817	0.00783	0.01252	0.01133	0.01686	0.01900	0.02782	0.01764	0.09011	0.60288	0.00961	0.01580	0.00738	0.09784	0.00602
33	0.02985	0.01144	0.01553	0.01198	0.01706	0.00992	0.00981	0.03239	0.01919	0.69281	0.02677	0.02416	0.01726	0.03902	0.00802	0.00230	0.00585	0.00700	0.00829	0.01134
34	0.01615	0.01845	0.04037	0.02884	0.03576	0.01730	0.69204	0.02191	0.01615	0.02191	0.01384	0.01845	0.01038	0.00577	0.00807	0.00231	0.01153	0.00807	0.00346	0.00923
35	0.00989	0.00661	0.00748	0.00753	0.00755	0.00660	0.00422	0.00993	0.01006	0.01341	0.02211	0.06934	0.02558	0.73404	0.03392	0.00650	0.00654	0.01028	0.00422	0.00419
36	0.02601	0.01916	0.02053	0.01574	0.02122	0.02122	0.01300	0.69408	0.03217	0.04312	0.01643	0.01643	0.01163	0.00821	0.00684	0.00205	0.00753	0.00616	0.00684	0.01163
37	0.01635	0.01566	0.02672	0.14314	0.62027	0.01610	0.02071	0.02049	0.01530	0.02165	0.01277	0.01712	0.01059	0.00620	0.00678	0.00207	0.00827	0.00609	0.00334	0.01037
38	0.00852	0.00617	0.00805	0.00922	0.00992	0.00570	0.00629	0.01004	0.01418	0.01900	0.13904	0.60662	0.09179	0.02007	0.00859	0.00266	0.00383	0.01808	0.00652	0.00570
39	0.02894	0.01125	0.01531	0.01187	0.01686	0.00975	0.00975	0.03163	0.01956	0.66355	0.08441	0.02561	0.02092	0.00893	0.00698	0.00212	0.00560	0.00734	0.00839	0.01121
40	0.02556	0.03261	0.01939	0.01763	0.02115	0.73210	0.01322	0.02732	0.01939	0.01674	0.01058	0.01234	0.00881	0.00705	0.00617	0.00176	0.01234	0.00441	0.00353	0.00793
41	0.02195	0.01336	0.01547	0.01266	0.01697	0.01378	0.01018	0.20357	0.17742	0.24343	0.11879	0.02874	0.07284	0.00996	0.00713	0.00216	0.00566	0.00816	0.00742	0.01034
42	0.00978	0.00730	0.01082	0.01082	0.01198	0.00846	0.00833	0.01210	0.01094	0.01575	0.01849	0.02777	0.01749	0.08674	0.69755	0.01078	0.01774	0.00746	0.00369	0.00601
43	0.00995	0.00663	0.00746	0.00746	0.00746	0.00663	0.00415	0.00995	0.00995	0.01327	0.02156	0.04477	0.02487	0.75957	0.03482	0.00663	0.00663	0.00995	0.00415	0.00415
44	0.00954	0.00650	0.00776	0.00815	0.00832	0.00646	0.00492	0.00996	0.01079	0.01445	0.02543	0.22157	0.02958	0.53948	0.06320	0.00589	0.00655	0.01219	0.00467	0.00460
45	0.07655	0.00721	0.00831	0.00863	0.01019	0.00683	0.00618	0.01229	0.01475	0.04748	0.15492	0.33342	0.18374	0.04757	0.00892	0.00259	0.00399	0.01434	0.04595	0.00612
46	0.00948	0.00705	0.00887	0.00861	0.01036	0.00644	0.00659	0.01241	0.01832	0.02510	0.53025	0.05618	0.18993	0.01505	0.00819	0.00227	0.00353	0.06787	0.00720	0.00631
47	0.03023	0.01239	0.01634	0.01253	0.01784	0.01116	0.01035	0.09889	0.02083	0.65432	0.02594	0.02261	0.01641	0.00844	0.00688	0.00211	0.00599	0.00681	0.00831	0.01164
48	0.00842	0.00689	0.00742	0.00740	0.00947	0.00590	0.00551	0.01042	0.01622	0.02022	0.19632	0.09738	0.55094	0.01687	0.00811	0.00230	0.00344	0.01428	0.00659	0.00590
49	0.00834	0.00595	0.00794	0.00953	0.00992	0.00556	0.00635	0.00953	0.01310	0.01746	0.03771	0.75510	0.04525	0.02143	0.00873	0.00278	0.00397	0.01945	0.00635	0.00556
50	0.01615	0.01845	0.04037	0.02884	0.03576	0.01730	0.69204	0.02191	0.01615	0.02191	0.01384	0.01845	0.01038	0.00577	0.00807	0.00231	0.01153	0.00807	0.00346	0.00923
51	0.01102	0.00787	0.01102	0.01260	0.01417	0.00787	0.01102	0.01417	0.01575	0.02047	0.03622	0.07717	0.03937	0.01890	0.00945	0.00315	0.00630	0.67084	0.00630	0.00630
52	0.00839	0.00694	0.00735	0.00725	0.00943	0.00591	0.00544	0.01041	0.01631	0.02019	0.19211	0.06303	0.59024	0.01669	0.00808	0.00228	0.00342	0.01404	0.00658	0.00591
53	0.01419	0.01216	0.01419	0.01013	0.01621	0.00912	0.00811	0.01723	0.01419	0.02229	0.01216	0.01419	0.01013	0.00507	0.00507	0.00101	0.00507	0.00405	0.00405	0.80139
54	0.60991	0.01563	0.01235	0.01077	0.01507	0.07610	0.00873	0.10165	0.04940	0.03090	0.01135	0.01257	0.00870	0.00678	0.00484	0.00209	0.00615	0.00426	0.00462	0.00813
55	0.01188	0.00594	0.00891	0.00891	0.00891	0.00594	0.00594	0.00891	0.00891	0.01188	0.01188	0.02080	0.01188	0.02377	0.02674	0.80095	0.00594	0.00594	0.00297	0.00297
56	0.02601	0.01916	0.02053	0.01574	0.02122	0.02122	0.01300	0.69408	0.03217	0.04312	0.01643	0.01643	0.01163	0.00821	0.00684	0.00205	0.00753	0.00616	0.00684	0.01163
57	0.01657	0.01421	0.01511	0.01370	0.01742	0.01635	0.01069	0.03481	0.65808	0.02830	0.05054	0.02816	0.02296	0.00977	0.00708	0.00234	0.00537	0.03104	0.00696	0.01053
58	0.01702	0.01470	0.01547	0.01392	0.01779	0.01702	0.01083	0.03635	0.70453	0.02862	0.02785	0.02553	0.02088	0.00928	0.00696	0.00232	0.00541	0.00773	0.00696	0.01083
59	0.80789	0.01323	0.01006	0.00900	0.01323	0.01535	0.00741	0.02011	0.01164	0.03070	0.00953	0.01111	0.00741	0.00635	0.00423	0.00212	0.00529	0.00370	0.00423	0.00741
60	0.01702	0.01592	0.01957	0.07202	0.04527	0.05267	0.09722	0.03216	0.50928	0.02614	0.02355	0.02315	0.01775	0.00844	0.00705	0.00228	0.00690	0.00743	0.00594	0.01024
61	0.00978	0.00730	0.01085	0.01085	0.01202	0.00847	0.00837	0.01212	0.01095	0.01577	0.01846	0.02762	0.01743	0.08077	0.70344	0.01081	0.01784	0.00744	0.00368	0.00603
62	0.01702	0.01470	0.01547	0.01392	0.01779	0.01702	0.01083	0.03635	0.70453	0.02862	0.02785	0.02553	0.02088	0.00928	0.00696	0.00232	0.00541	0.00773	0.00696	0.01083
63	0.01702	0.01470	0.01547	0.01392	0.01779	0.01702	0.01083	0.03635	0.70453	0.02862	0.02785	0.02553	0.02088	0.00928	0.00696	0.00232	0.00541	0.00773	0.00696	0.01083
64	0.00809	0.00693	0.00693	0.00693	0.00924	0.00578	0.00520	0.00982	0.01559	0.01848	0.06931	0.06584	0.71411	0.01733	0.00809	0.00231	0.00347	0.01444	0.00635	0.00578
65	0.00872	0.00696	0.00781	0.00760	0.00963	0.00605	0.00570	0.01105	0.01710	0.02205	0.32615	0.05996	0.45504	0.01599	0.00808	0.00225	0.00337	0.01361	0.00682	0.00605
66	0.01419	0.01216	0.01419	0.01013	0.01621	0.00912	0.00811	0.01723	0.01419	0.02229	0.01216	0.01419	0.01013	0.00507	0.00507	0.00101	0.00507	0.00405	0.00405	0.80139
67	0.00833	0.00599	0.00790	0.00943	0.00990	0.00557	0.00631	0.00954	0.01319	0.01750	0.03891	0.72889	0.07068	0.02128	0.00871	0.00276	0.00395	0.01926	0.00635	0.00557
68	0.01384	0.00889	0.00998	0.00956	0.01155	0.00916	0.00721	0.15072	0.01773	0.02633	0.04683	0.26460	0.02748	0.01295	0.00674	0.00214	0.00442	0.03214	0.33056	0.00717
69	0.01024	0.00728	0.00835	0.00790	0.01017	0.00632	0.00599	0.01257	0.01722	0.07086	0.29639	0.05760	0.43332	0.01551	0.00800	0.00224	0.00355	0.01317	0.00692	0.00643
70	0.00995	0.00663	0.00746	0.00746	0.00746	0.00663	0.00415	0.00995	0.00995	0.01327	0.02156	0.04477	0.02487	0.75957	0.03482	0.00663	0.00663	0.00995	0.00415	0.00415
71	0.01087	0.00776	0.01084	0.01242	0.01392	0.00774	0.01075	0.01390	0.01559	0.02030	0.03631	0.11711	0.03972	0.01905	0.00941	0.00313	0.00616	0.63246	0.00630	0.00626
72	0.45985	0.01433	0.01378	0.01127	0.01602	0.01567	0.00930	0.18521	0.01822	0.17563	0.01478	0.01489	0.01038	0.00723	0.00541	0.00210	0.00594	0.00495	0.00573	0.00930
73	0.00809	0.00693	0.00693	0.00693	0.00924	0.00578	0.00520	0.00982	0.01559	0.01848	0.06931	0.06584	0.71411	0.01733	0.00809	0.00231	0.00347	0.01444	0.00635	0.00578
74	0.02601	0.01916	0.02053	0.01574	0.02122	0.02122	0.01300	0.69408	0.03217	0.04312	0.01643	0.01643	0.01163	0.00821	0.00684	0.00205	0.00753	0.00616	0.00684	0.01163
75	0.01051	0.00771	0.01031	0.01161	0.01331	0.00751	0.01000	0.01341	0.01572	0.02012	0.04202	0.07519	0.15764	0.01862	0.00921	0.00300	0.00580	0.55578	0.00631	0.00621
76	0.05944	0.01183	0.01494	0.01196	0.01667	0.01112	0.00972	0.05076	0.10485	0.52491	0.02618	0.04829	0.01789	0.00890	0.00673	0.00214	0.00559	0.00724	0.04995	0.01087
77	0.01292	0.01216	0.02052	0.74312	0.04712	0.01520	0.01900	0.01748	0.01368	0.01748	0.01216	0.01824	0.00912	0.00684	0.00684	0.00228	0.00912	0.00608	0.00304	0.00760
78	0.01372	0.03539	0.72412	0.01950	0.02961	0.01589	0.02528	0.02167	0.01444	0.02167	0.01228	0.01444	0.00867	0.00650	0.00650	0.00217	0.01011	0.00506	0.00289	0.01011
79	0.22809	0.01205	0.01440	0.01137	0.01639	0.01140	0.00938	0.02998	0.01757	0.54614	0.02255	0.02019	0.01452	0.00793	0.00621	0.00212	0.00569	0.00607	0.00739	0.01057
80	0.01167	0.00609	0.00913	0.00913	0.00925	0.00621	0.00621	0.00925	0.00913	0.01230	0.01255	0.02143	0.01242	0.02662	0.09983	0.71914	0.00722	0.00609	0.00304	0.00330
81	0.01791	0.70275	0.09343	0.01236	0.01857	0.02613	0.01284	0.02058	0.01395	0.01656	0.00974	0.01126	0.00877	0.00591	0.00457	0.00152	0.00755	0.00378	0.00292	0.00889
82	0.01829	0.76368	0.03585	0.01171	0.01756	0.02707	0.01171	0.02049	0.01390	0.01610	0.00951	0.01097	0.00878	0.00585	0.00439	0.00146	0.00732	0.00366	0.00293	0.00878
83	0.00978	0.00682	0.00829	0.00829	0.00874	0.00704	0.00529	0.01049	0.01059	0.01426	0.02400	0.04183	0.06957	0.53642	0.20339	0.00741	0.00927	0.00961	0.00418	0.00474
84	0.01404	0.01291	0.02158	0.49355	0.23357	0.01488	0.01857	0.01837	0.01426	0.01942	0.01307	0.01838	0.01019	0.00671	0.00668	0.00216	0.00842	0.00611	0.05870	0.00843
85	0.01292	0.01216	0.02052	0.74312	0.04712	0.01520	0.01900	0.01748	0.01368	0.01748	0.01216	0.01824	0.00912	0.00684	0.00684	0.00228	0.00912	0.00608	0.00304	0.00760
86	0.01497	0.01497	0.02095	0.01796	0.01796	0.02095	0.01497	0.01646	0.01048	0.01646	0.00898	0.01497	0.00898	0.01197	0.02245	0.00299	0.74704	0.00599	0.00299	0.00748
87	0.01396	0.01304	0.02177	0.37438	0.30407	0.01443	0.01823	0.01795	0.01450	0.01949	0.01677	0.07238	0.03687	0.00823	0.00705	0.00224	0.00811	0.02431	0.00360	0.00863
88	0.00834	0.00595	0.00794	0.00953	0.00992	0.00556	0.00635	0.00953	0.01310	0.01746	0.03771	0.75510	0.04525	0.02143	0.00873	0.00278	0.00397	0.01945	0.00635	0.00556
89	0.01829	0.76368	0.03585	0.01171	0.01756	0.02707	0.01171	0.02049	0.01390	0.01610	0.00951	0.01097	0.00878	0.00585	0.00439	0.00146	0.00732	0.00366	0.00293	0.00878
90	0.01602	0.01551	0.02512	0.22128	0.49992	0.03993	0.01993	0.02010	0.01522	0.02085	0.01329	0.01888	0.01116	0.00669	0.00685	0.00212	0.00847	0.02549	0.00339	0.00977
91	0.01456	0.07712	0.56976	0.01893	0.02795	0.01602	0.07364	0.02157	0.01496	0.04523	0.04779	0.01667	0.01188	0.00684	0.00658	0.00213	0.00956	0.00563	0.00335	0.00983
92	0.01372	0.03539	0.72412	0.01950	0.02961	0.01589	0.02528	0.02167	0.01444	0.02167	0.01228	0.01444	0.00867	0.00650	0.00650	0.00217	0.01011	0.00506	0.00289	0.01011
93	0.02556	0.03261	0.01939	0.01763	0.02115	0.73210	0.01322	0.02732	0.01939	0.01674	0.01058	0.01234	0.00881	0.00705	0.00617	0.00176	0.01234	0.00441	0.00353	0.00793
94	0.04811	0.06550	0.10893	0.12078	0.04581	0.46001	0.01551	0.02444	0.01731	0.01807	0.01099	0.01346	0.00885	0.00684	0.00617	0.00189	0.01099	0.00471	0.00337	0.00827
95	0.01640	0.01574	0.02667	0.12031	0.61270	0.01633	0.02053	0.02041	0.01516	0.02156	0.01263	0.01700	0.01057	0.00642	0.00742	0.00210	0.03830	0.00609	0.00333	0.01033
96	0.01360	0.01141	0.03482	0.03693	0.03931	0.01013	0.00928	0.05559	0.10204	0.05172	0.05336	0.18751	0.12326	0.01173	0.00699	0.00201	0.00514	0.01009	0.00562	0.22946
97	0.01502	0.00884	0.01062	0.00952	0.01210	0.00871	0.00736	0.02071	0.12713	0.14159	0.33124	0.03653	0.03888	0.01094	0.00694	0.00204	0.00399	0.00934	0.19053	0.00799
98	0.05526	0.07682	0.04820	0.03134	0.42490	0.06765	0.06117	0.08221	0.04504	0.02392	0.01326	0.01620	0.01076	0.00647	0.00651	0.00201	0.00834	0.00584	0.00384	0.01026
99	0.00949	0.00692	0.00893	0.00856	0.01014	0.00635	0.00637	0.01249	0.01871	0.02621	0.62799	0.09846	0.10438	0.01469	0.00811	0.00220	0.00329	0.01297	0.00738	0.00635
100	0.00842	0.00608	0.00789	0.00925	0.00981	0.00564	0.00620	0.00968	0.01339	0.01774	0.06263	0.65985	0.09204	0.04462	0.00950	0.00285	0.00399	0.01855	0.00632	0.00556
101	0.01342	0.01037	0.01442	0.06813	0.04138	0.01056	0.05686	0.02008	0.15882	0.07249	0.34099	0.06066	0.08012	0.01168	0.00764	0.00223	0.00509	0.01039	0.00660	0.00807
102	0.01559	0.01485	0.02546	0.05463	0.47532	0.01484	0.09359	0.02028	0.04382	0.02239	0.05238	0.02585	0.03862	0.00804	0.00726	0.00219	0.00788	0.06313	0.00408	0.00980
103	0.11181	0.36834	0.04458	0.01192	0.01657	0.11580	0.01075	0.02067	0.03365	0.04845	0.04608	0.04203	0.06421	0.00938	0.02807	0.00208	0.00751	0.00582	0.00408	0.00821
104	0.05291	0.07816	0.05652	0.04161	0.08241	0.03816	0.07282	0.08521	0.06825	0.02339	0.07155	0.02290	0.06265	0.03082	0.00946	0.00223	0.10397	0.00693	0.00452	0.08551
105	0.07696	0.23400	0.10334	0.03822	0.01949	0.10196	0.03469	0.06414	0.05934	0.02227	0.09595	0.04227	0.03669	0.00869	0.00620	0.00198	0.00747	0.03341	0.00447	0.00848
106	0.04082	0.09338	0.04611	0.03649	0.01730	0.11227	0.02855	0.07262	0.06101	0.04456	0.04111	0.07556	0.06905	0.11337	0.03049	0.00302	0.09393	0.00795	0.00465	0.00775
107	0.01906	0.13484	0.12503	0.02018	0.14194	0.12519	0.03705	0.14368	0.08886	0.02436	0.01606	0.01826	0.03151	0.03592	0.00746	0.00215	0.00846	0.00595	0.00437	0.00968

[dist]
# distance from previous block
# <min> <max>
9	48

[block]
# block no. 2 follows, 31 sequences, length 118
# corresponding to MSA columns:
# 1002-1119
name=unknown_C
#
# <colnr> <probs for GDERKNQSTAVLIFYWHMCP>
#	G	D	E	R	K	N	Q	S	T	A	V	L	I	F	Y	W	H	M	C	P
0	0.01828	0.03931	0.07480	0.03051	0.01737	0.01289	0.01069	0.19739	0.01916	0.13344	0.02345	0.09495	0.06786	0.10368	0.03308	0.00287	0.00683	0.00823	0.00570	0.09952
1	0.06464	0.11974	0.08580	0.03823	0.04225	0.03780	0.03442	0.08977	0.06130	0.02226	0.02069	0.21777	0.02068	0.01503	0.07547	0.00302	0.00782	0.00933	0.00478	0.02921
2	0.06104	0.10696	0.06320	0.01598	0.08270	0.14201	0.01213	0.06800	0.12793	0.06880	0.03097	0.02019	0.01453	0.07370	0.02915	0.03536	0.00799	0.00607	0.00468	0.02860
3	0.01805	0.11796	0.05112	0.01766	0.10243	0.06221	0.03499	0.02903	0.34522	0.07141	0.02183	0.04221	0.01740	0.00865	0.00668	0.00215	0.00685	0.02856	0.00554	0.01005
4	0.01694	0.01572	0.02043	0.07841	0.08723	0.06446	0.05422	0.12955	0.03984	0.02321	0.04179	0.01839	0.01311	0.01208	0.06818	0.00294	0.21598	0.00629	0.00421	0.08704
5	0.01077	0.00734	0.00834	0.00823	0.00862	0.00742	0.00497	0.05299	0.01173	0.01565	0.02317	0.12804	0.02648	0.62386	0.02994	0.00588	0.00637	0.01085	0.00458	0.00479
6	0.01824	0.01858	0.01543	0.01429	0.01748	0.22698	0.01089	0.02911	0.37520	0.02300	0.02341	0.06494	0.02008	0.05716	0.00874	0.00251	0.00752	0.05177	0.00569	0.00897
7	0.02399	0.07837	0.01939	0.01609	0.01972	0.55256	0.01228	0.02692	0.06426	0.06171	0.01327	0.01553	0.01098	0.04708	0.00766	0.00206	0.01082	0.00503	0.00406	0.00822
8	0.01104	0.09422	0.01107	0.00848	0.00921	0.00874	0.00562	0.01094	0.01064	0.01390	0.02060	0.12966	0.02342	0.44792	0.02648	0.14331	0.00624	0.00977	0.00409	0.00466
9	0.01743	0.18782	0.26413	0.02098	0.14134	0.13386	0.03642	0.02285	0.05192	0.02017	0.01236	0.01446	0.00982	0.00646	0.00606	0.00190	0.00916	0.00502	0.00335	0.03449
10	0.01242	0.00951	0.04796	0.01097	0.01294	0.00836	0.00847	0.03920	0.08373	0.08732	0.05574	0.47920	0.03682	0.04061	0.00902	0.00272	0.00487	0.03658	0.00642	0.00713
11	0.00879	0.00648	0.00860	0.00984	0.01018	0.00644	0.00666	0.00992	0.01275	0.01713	0.03511	0.66847	0.04197	0.07020	0.01120	0.00305	0.04352	0.01810	0.00603	0.00556
12	0.03410	0.01561	0.06701	0.11673	0.21113	0.04032	0.06009	0.04917	0.01617	0.15449	0.01810	0.10342	0.01536	0.00895	0.00807	0.00225	0.05709	0.00774	0.00476	0.00944
13	0.02047	0.04080	0.10019	0.09203	0.04599	0.11184	0.16991	0.17709	0.03969	0.09593	0.01634	0.01811	0.02501	0.00729	0.00696	0.00211	0.00922	0.00645	0.00478	0.00979
14	0.01915	0.01878	0.02252	0.18898	0.16389	0.17169	0.07964	0.13089	0.01886	0.04591	0.01711	0.01977	0.05723	0.00761	0.00688	0.00208	0.00911	0.00650	0.00427	0.00913
15	0.01199	0.01057	0.01456	0.01324	0.01380	0.01355	0.01046	0.01357	0.01090	0.01589	0.01811	0.02709	0.06129	0.14556	0.25772	0.00617	0.33790	0.00763	0.00362	0.00638
16	0.37151	0.12210	0.01674	0.03186	0.01704	0.22450	0.01004	0.04350	0.01519	0.02387	0.01412	0.01547	0.05536	0.00729	0.00523	0.00194	0.00767	0.00476	0.00404	0.00778
17	0.00935	0.00696	0.00854	0.00816	0.00982	0.00632	0.00602	0.01203	0.01790	0.02450	0.52397	0.05396	0.20628	0.06450	0.00986	0.00249	0.00351	0.01267	0.00704	0.00615
18	0.01750	0.05359	0.04407	0.09916	0.09804	0.01736	0.01444	0.14595	0.01671	0.07049	0.03480	0.01917	0.01305	0.03690	0.06995	0.00319	0.22606	0.00638	0.00436	0.00884
19	0.01015	0.00852	0.03944	0.00888	0.01124	0.00696	0.00710	0.01307	0.03872	0.05325	0.20737	0.16289	0.35759	0.01608	0.00806	0.00235	0.00402	0.03119	0.00659	0.00654
20	0.01450	0.01525	0.11332	0.08972	0.07977	0.03866	0.06178	0.01895	0.03624	0.07515	0.27289	0.02983	0.03069	0.01001	0.00886	0.00224	0.08011	0.00845	0.00527	0.00830
21	0.01557	0.10154	0.31288	0.02674	0.23758	0.01719	0.12785	0.02125	0.01499	0.02136	0.01242	0.01547	0.00965	0.00615	0.00657	0.00204	0.00930	0.00568	0.00317	0.03260
22	0.01687	0.01746	0.06010	0.10898	0.44350	0.06371	0.01858	0.04652	0.07926	0.02258	0.01655	0.01952	0.04179	0.00711	0.00680	0.00209	0.00814	0.00644	0.00391	0.01007
23	0.01581	0.01911	0.14721	0.02506	0.14822	0.01503	0.29741	0.02129	0.03691	0.04712	0.01466	0.01921	0.01168	0.05640	0.00897	0.00238	0.00928	0.00686	0.00375	0.09364
24	0.01188	0.00594	0.00891	0.00891	0.00891	0.00594	0.00594	0.00891	0.00891	0.01188	0.01188	0.02080	0.01188	0.02377	0.02674	0.80095	0.00594	0.00594	0.00297	0.00297
25	0.01627	0.01751	0.09319	0.06006	0.53751	0.01586	0.04216	0.04155	0.01564	0.02233	0.01330	0.01744	0.01100	0.00923	0.05524	0.00266	0.00912	0.00614	0.00346	0.01032
26	0.02006	0.43900	0.03088	0.01726	0.08665	0.17639	0.05804	0.06452	0.01654	0.01892	0.01078	0.01268	0.00927	0.00628	0.00540	0.00167	0.00876	0.00450	0.00338	0.00900
27	0.00856	0.00631	0.00801	0.00893	0.00987	0.00577	0.00619	0.01023	0.01472	0.01957	0.17419	0.50762	0.15627	0.01933	0.00850	0.00258	0.00374	0.01727	0.00658	0.00577
28	0.01704	0.01528	0.04608	0.27938	0.23915	0.01625	0.04125	0.10734	0.01687	0.06004	0.01386	0.01776	0.01065	0.00721	0.00785	0.00219	0.05847	0.00618	0.02775	0.00940
29	0.00968	0.00699	0.00914	0.00861	0.01022	0.00646	0.00646	0.01291	0.01937	0.02743	0.71328	0.05110	0.06455	0.01399	0.00807	0.00215	0.00323	0.01237	0.00753	0.00646
30	0.80789	0.01323	0.01006	0.00900	0.01323	0.01535	0.00741	0.02011	0.01164	0.03070	0.00953	0.01111	0.00741	0.00635	0.00423	0.00212	0.00529	0.00370	0.00423	0.00741
31	0.01772	0.62574	0.14853	0.01313	0.01963	0.04286	0.01397	0.02085	0.01413	0.01703	0.00999	0.01158	0.00876	0.00599	0.00478	0.00159	0.00790	0.00391	0.00294	0.00898
32	0.00973	0.00673	0.00776	0.00776	0.00813	0.00673	0.00470	0.01016	0.01066	0.01409	0.02638	0.04525	0.09837	0.60888	0.10158	0.00660	0.00746	0.01017	0.00434	0.00452
33	0.00925	0.00694	0.00857	0.00825	0.00998	0.00626	0.00615	0.01204	0.01821	0.02490	0.53257	0.08347	0.21810	0.01509	0.00810	0.00222	0.00331	0.01315	0.00720	0.00626
34	0.00860	0.00626	0.00820	0.00960	0.01018	0.00596	0.00650	0.01033	0.03149	0.01775	0.03793	0.69075	0.06622	0.02187	0.03036	0.00300	0.00442	0.01861	0.00629	0.00572
35	0.00834	0.00595	0.00794	0.00953	0.00992	0.00556	0.00635	0.00953	0.01310	0.01746	0.03771	0.75510	0.04525	0.02143	0.00873	0.00278	0.00397	0.01945	0.00635	0.00556
36	0.02101	0.02328	0.02185	0.07346	0.17531	0.34262	0.05592	0.06992	0.08417	0.02152	0.01381	0.01609	0.01100	0.00707	0.00654	0.00196	0.00986	0.00561	0.02990	0.00910
37	0.01688	0.01785	0.03596	0.02605	0.03218	0.01752	0.55754	0.08495	0.01722	0.02369	0.01407	0.01829	0.01067	0.00649	0.00880	0.00230	0.05995	0.00769	0.03268	0.00923
38	0.04706	0.73634	0.03491	0.01161	0.01740	0.02664	0.01155	0.02047	0.01382	0.01663	0.00951	0.01098	0.00873	0.00587	0.00438	0.00149	0.00724	0.00366	0.00297	0.00873
39	0.01810	0.67315	0.09916	0.01262	0.01879	0.04821	0.01301	0.02081	0.01412	0.01663	0.00980	0.01134	0.00877	0.00595	0.00464	0.00154	0.00773	0.00381	0.00294	0.00888
40	0.01183	0.00604	0.00885	0.00885	0.00903	0.00611	0.00600	0.00955	0.00938	0.01300	0.01292	0.02143	0.01254	0.02418	0.06267	0.70601	0.00642	0.00604	0.05577	0.00336
41	0.00944	0.00698	0.00881	0.00836	0.01007	0.00635	0.00627	0.01245	0.01880	0.02610	0.61731	0.05330	0.16135	0.01448	0.00807	0.00218	0.00326	0.01268	0.00736	0.00635
42	0.01419	0.01216	0.01419	0.01013	0.01621	0.00912	0.00811	0.01723	0.01419	0.02229	0.01216	0.01419	0.01013	0.00507	0.00507	0.00101	0.00507	0.00405	0.00405	0.80139
43	0.03070	0.01164	0.01588	0.01217	0.01746	0.01006	0.01006	0.03334	0.01958	0.72163	0.02699	0.02329	0.01694	0.00847	0.00688	0.00212	0.00582	0.00688	0.00847	0.01164
44	0.01829	0.76368	0.03585	0.01171	0.01756	0.02707	0.01171	0.02049	0.01390	0.01610	0.00951	0.01097	0.00878	0.00585	0.00439	0.00146	0.00732	0.00366	0.00293	0.00878
45	0.00944	0.00666	0.00826	0.00904	0.01034	0.00601	0.00649	0.01111	0.01465	0.04747	0.08998	0.44005	0.23427	0.01909	0.00848	0.00260	0.00401	0.05956	0.00651	0.00598
46	0.00861	0.00616	0.00806	0.00948	0.01000	0.00578	0.00645	0.00986	0.01314	0.01741	0.03767	0.63904	0.06786	0.07126	0.01053	0.00305	0.00428	0.05965	0.00620	0.00552
47	0.00846	0.00612	0.00801	0.00927	0.00991	0.00567	0.00629	0.00990	0.01391	0.01858	0.11126	0.63933	0.08717	0.02040	0.00862	0.00268	0.00386	0.01840	0.00648	0.00567
48	0.00834	0.00595	0.00794	0.00953	0.00992	0.00556	0.00635	0.00953	0.01310	0.01746	0.03771	0.75510	0.04525	0.02143	0.00873	0.00278	0.00397	0.01945	0.00635	0.00556
49	0.02185	0.01394	0.01582	0.01334	0.01776	0.01491	0.01063	0.09687	0.40729	0.24515	0.02774	0.02518	0.03956	0.00917	0.00696	0.00223	0.00568	0.00752	0.00740	0.01101
50	0.01929	0.01333	0.01426	0.01207	0.01583	0.01462	0.00960	0.22756	0.25051	0.07568	0.02269	0.02264	0.01684	0.00851	0.00626	0.00201	0.00540	0.00680	0.24632	0.00977
51	0.01829	0.76368	0.03585	0.01171	0.01756	0.02707	0.01171	0.02049	0.01390	0.01610	0.00951	0.01097	0.00878	0.00585	0.00439	0.00146	0.00732	0.00366	0.00293	0.00878
52	0.72181	0.01536	0.01108	0.00995	0.01410	0.09421	0.00805	0.02090	0.01250	0.02916	0.00964	0.01125	0.00756	0.00643	0.00445	0.00208	0.00607	0.00378	0.00416	0.00747
53	0.01513	0.21921	0.41360	0.01679	0.02472	0.01836	0.05390	0.03945	0.04482	0.02091	0.01624	0.01772	0.05648	0.00718	0.00617	0.00201	0.00875	0.00562	0.00344	0.00950
54	0.02556	0.03261	0.01939	0.01763	0.02115	0.73210	0.01322	0.02732	0.01939	0.01674	0.01058	0.01234	0.00881	0.00705	0.00617	0.00176	0.01234	0.00441	0.00353	0.00793
55	0.08839	0.10360	0.02047	0.01579	0.02004	0.42483	0.01247	0.17084	0.04149	0.02389	0.01216	0.01338	0.00967	0.00719	0.00600	0.00184	0.00999	0.00475	0.00434	0.00887
56	0.01475	0.14402	0.55072	0.01743	0.02613	0.04108	0.02152	0.02132	0.01452	0.02090	0.01243	0.01454	0.00925	0.00651	0.00606	0.00201	0.00933	0.00490	0.05297	0.00960
57	0.01469	0.00774	0.00846	0.00776	0.00996	0.00762	0.00598	0.05905	0.01656	0.08994	0.10449	0.02908	0.04600	0.00905	0.00560	0.00176	0.00371	0.00738	0.55799	0.00717
58	0.00988	0.00689	0.00876	0.00876	0.00921	0.00734	0.00577	0.01078	0.01033	0.01423	0.02037	0.03818	0.02201	0.49853	0.29195	0.00824	0.01094	0.00898	0.00397	0.00487
59	0.01084	0.00728	0.00932	0.00865	0.01057	0.00661	0.00654	0.01386	0.01896	0.07059	0.59737	0.05099	0.13440	0.01401	0.00800	0.00217	0.00342	0.01225	0.00746	0.00671
60	0.01372	0.03539	0.72412	0.01950	0.02961	0.01589	0.02528	0.02167	0.01444	0.02167	0.01228	0.01444	0.00867	0.00650	0.00650	0.00217	0.01011	0.00506	0.00289	0.01011
61	0.01702	0.01470	0.01547	0.01392	0.01779	0.01702	0.01083	0.03635	0.70453	0.02862	0.02785	0.02553	0.02088	0.00928	0.00696	0.00232	0.00541	0.00773	0.00696	0.01083
62	0.01102	0.00787	0.01102	0.01260	0.01417	0.00787	0.01102	0.01417	0.01575	0.02047	0.03622	0.07717	0.03937	0.01890	0.00945	0.00315	0.00630	0.67084	0.00630	0.00630
63	0.03070	0.01164	0.01588	0.01217	0.01746	0.01006	0.01006	0.03334	0.01958	0.72163	0.02699	0.02329	0.01694	0.00847	0.00688	0.00212	0.00582	0.00688	0.00847	0.01164
64	0.00834	0.00595	0.00794	0.00953	0.00992	0.00556	0.00635	0.00953	0.01310	0.01746	0.03771	0.75510	0.04525	0.02143	0.00873	0.00278	0.00397	0.01945	0.00635	0.00556
65	0.01829	0.76368	0.03585	0.01171	0.01756	0.02707	0.01171	0.02049	0.01390	0.01610	0.00951	0.01097	0.00878	0.00585	0.00439	0.00146	0.00732	0.00366	0.00293	0.00878
66	0.80789	0.01323	0.01006	0.00900	0.01323	0.01535	0.00741	0.02011	0.01164	0.03070	0.00953	0.01111	0.00741	0.00635	0.00423	0.00212	0.00529	0.00370	0.00423	0.00741
67	0.01372	0.03539	0.72412	0.01950	0.02961	0.01589	0.02528	0.02167	0.01444	0.02167	0.01228	0.01444	0.00867	0.00650	0.00650	0.00217	0.01011	0.00506	0.00289	0.01011
68	0.01702	0.01470	0.01547	0.01392	0.01779	0.01702	0.01083	0.03635	0.70453	0.02862	0.02785	0.02553	0.02088	0.00928	0.00696	0.00232	0.00541	0.00773	0.00696	0.01083
69	0.02527	0.03201	0.01926	0.01750	0.02104	0.70810	0.01314	0.02762	0.04238	0.01714	0.01115	0.01278	0.00922	0.00712	0.00620	0.00178	0.01211	0.00452	0.00364	0.00803
70	0.00834	0.00595	0.00794	0.00953	0.00992	0.00556	0.00635	0.00953	0.01310	0.01746	0.03771	0.75510	0.04525	0.02143	0.00873	0.00278	0.00397	0.01945	0.00635	0.00556
71	0.01693	0.01626	0.02777	0.04199	0.71689	0.01626	0.02100	0.02100	0.01558	0.02235	0.01287	0.01693	0.01084	0.00610	0.00677	0.00203	0.00813	0.00610	0.00339	0.01084
72	0.04371	0.01994	0.01651	0.01401	0.01785	0.24178	0.01098	0.27954	0.02298	0.05469	0.03857	0.04978	0.01490	0.00852	0.00635	0.00193	0.00793	0.00637	0.13459	0.00907
73	0.01580	0.01510	0.02573	0.23930	0.52841	0.01596	0.02043	0.02001	0.01504	0.02098	0.01267	0.01730	0.01035	0.00631	0.00679	0.00210	0.00841	0.00609	0.00329	0.00993
74	0.01602	0.01699	0.03096	0.06173	0.02946	0.03887	0.40395	0.04201	0.06172	0.02196	0.05614	0.02001	0.01403	0.00781	0.01047	0.00240	0.14509	0.00765	0.00394	0.00880
75	0.01522	0.01226	0.01432	0.01047	0.01618	0.00978	0.00839	0.06266	0.01592	0.04752	0.06056	0.01715	0.01416	0.00600	0.00545	0.00120	0.00513	0.00485	0.00462	0.66816
76	0.01213	0.01101	0.01521	0.01404	0.01436	0.01410	0.01109	0.01372	0.01239	0.01807	0.10031	0.26786	0.02761	0.01539	0.01617	0.00282	0.41109	0.01125	0.00465	0.00672
77	0.01500	0.01227	0.01574	0.06077	0.04152	0.01055	0.03252	0.04748	0.03858	0.05153	0.03195	0.06234	0.01494	0.00721	0.00596	0.00150	0.00573	0.02354	0.00462	0.51625
78	0.04714	0.07695	0.52757	0.02258	0.15048	0.01664	0.02293	0.02141	0.01450	0.02181	0.01210	0.01453	0.00901	0.00638	0.00632	0.00210	0.00938	0.00510	0.00303	0.01005
79	0.00845	0.00639	0.00780	0.00861	0.00976	0.00575	0.00602	0.01009	0.01473	0.01917	0.14173	0.44880	0.24963	0.01915	0.00844	0.00255	0.00371	0.01695	0.00652	0.00575
80	0.02495	0.02205	0.01927	0.01589	0.02012	0.25216	0.01268	0.33129	0.02432	0.09820	0.01511	0.01593	0.01120	0.00817	0.00789	0.00203	0.07179	0.00565	0.03140	0.00990
81	0.01825	0.04232	0.07252	0.03426	0.51096	0.01742	0.01932	0.13120	0.04210	0.02570	0.01382	0.01679	0.01111	0.00657	0.00670	0.00204	0.00804	0.00601	0.00403	0.01085
82	0.01138	0.01010	0.01654	0.15277	0.02220	0.01046	0.12438	0.01563	0.07222	0.01935	0.02899	0.37080	0.05261	0.01473	0.00813	0.00257	0.00645	0.04836	0.00528	0.00705
83	0.01734	0.01112	0.01315	0.01217	0.01533	0.01165	0.00972	0.02648	0.28806	0.17084	0.03077	0.06890	0.04858	0.05173	0.00899	0.00268	0.00554	0.15674	0.04115	0.00905
84	0.01663	0.06452	0.04255	0.14287	0.13170	0.06309	0.01367	0.10185	0.08187	0.02383	0.01617	0.01924	0.01280	0.00984	0.04531	0.00248	0.03814	0.00606	0.15860	0.00876
85	0.02408	0.06667	0.02057	0.01504	0.02025	0.01872	0.03983	0.37829	0.16289	0.15201	0.01993	0.01913	0.01414	0.00821	0.00676	0.00209	0.00697	0.00651	0.00674	0.01119
86	0.02659	0.01123	0.01489	0.01181	0.01646	0.01011	0.00961	0.03068	0.07536	0.56652	0.12458	0.02742	0.02402	0.00932	0.00706	0.00214	0.00542	0.00773	0.00821	0.01084
87	0.02434	0.06871	0.06493	0.01518	0.02080	0.01976	0.01319	0.47854	0.09221	0.10633	0.01784	0.01748	0.01266	0.00807	0.00667	0.00205	0.00731	0.00614	0.00651	0.01127
88	0.71364	0.01446	0.01173	0.01166	0.06062	0.05339	0.00862	0.02055	0.01232	0.02940	0.00980	0.01157	0.00771	0.00637	0.00451	0.00209	0.00585	0.00390	0.00414	0.00767
89	0.00834	0.00595	0.00794	0.00953	0.00992	0.00556	0.00635	0.00953	0.01310	0.01746	0.03771	0.75510	0.04525	0.02143	0.00873	0.00278	0.00397	0.01945	0.00635	0.00556
90	0.02702	0.01201	0.01543	0.01205	0.01690	0.01102	0.00987	0.11991	0.02102	0.53191	0.08101	0.02718	0.06379	0.00942	0.00704	0.00212	0.00571	0.00768	0.00804	0.01087
91	0.02081	0.02519	0.04196	0.04221	0.04461	0.44510	0.03568	0.02442	0.06409	0.01839	0.01480	0.02090	0.01310	0.01082	0.04597	0.00254	0.04920	0.06819	0.00396	0.00805
92	0.01076	0.00792	0.00925	0.00885	0.01033	0.00786	0.00649	0.01214	0.01375	0.05442	0.06808	0.05258	0.33195	0.24224	0.01761	0.00373	0.07511	0.05561	0.00551	0.00581
93	0.02133	0.02568	0.05086	0.09550	0.13055	0.40705	0.06064	0.04545	0.06135	0.01976	0.01264	0.01508	0.01010	0.00695	0.00654	0.00195	0.01065	0.00537	0.00374	0.00881
94	0.08163	0.01154	0.01502	0.01178	0.01670	0.01040	0.00966	0.03118	0.04139	0.60573	0.07164	0.02439	0.01960	0.00872	0.00678	0.00213	0.00560	0.00706	0.00807	0.01098
95	0.01494	0.01539	0.06957	0.14735	0.14867	0.03309	0.15341	0.06156	0.03727	0.02280	0.06763	0.07452	0.01909	0.00902	0.00733	0.00225	0.00810	0.05296	0.04641	0.00866
96	0.01382	0.00867	0.01065	0.00957	0.01219	0.00813	0.00744	0.04079	0.06237	0.13764	0.38574	0.04759	0.17942	0.01342	0.00781	0.00222	0.00408	0.03349	0.00735	0.00761
97	0.01644	0.01453	0.01478	0.01337	0.01708	0.03926	0.01036	0.03350	0.61586	0.02726	0.03127	0.02898	0.08723	0.00998	0.00704	0.00230	0.00545	0.00827	0.00679	0.01025
98	0.00975	0.00717	0.00917	0.00896	0.01049	0.00677	0.00660	0.01332	0.04968	0.02554	0.54847	0.17105	0.07684	0.01514	0.00813	0.00227	0.00346	0.01343	0.00727	0.00648
99	0.01372	0.03539	0.72412	0.01950	0.02961	0.01589	0.02528	0.02167	0.01444	0.02167	0.01228	0.01444	0.00867	0.00650	0.00650	0.00217	0.01011	0.00506	0.00289	0.01011
100	0.01854	0.73911	0.03530	0.01191	0.01768	0.05076	0.01176	0.02072	0.01409	0.01612	0.00955	0.01102	0.00878	0.00589	0.00445	0.00147	0.00749	0.00368	0.00295	0.00875
101	0.01419	0.01216	0.01419	0.01013	0.01621	0.00912	0.00811	0.01723	0.01419	0.02229	0.01216	0.01419	0.01013	0.00507	0.00507	0.00101	0.00507	0.00405	0.00405	0.80139
102	0.02510	0.07865	0.02042	0.01725	0.02092	0.68769	0.01312	0.02689	0.01904	0.01670	0.01051	0.01225	0.00881	0.00697	0.00606	0.00174	0.01202	0.00436	0.00349	0.00798
103	0.01450	0.03764	0.01273	0.03567	0.01495	0.21123	0.00874	0.03810	0.04689	0.01949	0.07660	0.09429	0.33678	0.01325	0.00735	0.00215	0.00649	0.01074	0.00545	0.00695
104	0.01875	0.71763	0.03481	0.01208	0.01779	0.07148	0.01180	0.02092	0.01425	0.01614	0.00958	0.01106	0.00878	0.00593	0.00450	0.00148	0.00763	0.00371	0.00296	0.00873
105	0.00834	0.00595	0.00794	0.00953	0.00992	0.00556	0.00635	0.00953	0.01310	0.01746	0.03771	0.75510	0.04525	0.02143	0.00873	0.00278	0.00397	0.01945	0.00635	0.00556
106	0.01046	0.00834	0.01231	0.01192	0.01298	0.01019	0.00940	0.01278	0.01093	0.01596	0.01709	0.02530	0.01603	0.04610	0.63841	0.00994	0.11484	0.00715	0.00358	0.00629
107	0.02556	0.03261	0.01939	0.01763	0.02115	0.73210	0.01322	0.02732	0.01939	0.01674	0.01058	0.01234	0.00881	0.00705	0.00617	0.00176	0.01234	0.00441	0.00353	0.00793
