[name]
unknown

[dist]
# distance from previous block
# <min> <max>
0	29

[block]
# block no. 0 follows, 31 sequences, length 17
# corresponding to MSA columns:
# 29-45
name=unknown_A
#
# <colnr> <probs for GDERKNQSTAVLIFYWHMCP>
#	G	D	E	R	K	N	Q	S	T	A	V	L	I	F	Y	W	H	M	C	P
0	0.01431	0.01424	0.09316	0.01413	0.04924	0.05787	0.01159	0.04617	0.12957	0.05797	0.09116	0.17600	0.07155	0.01354	0.00779	0.00245	0.00620	0.12898	0.00596	0.00811
1	0.04446	0.05124	0.02017	0.04507	0.02048	0.01427	0.11678	0.09444	0.07288	0.14323	0.11716	0.04486	0.02088	0.00888	0.00807	0.00210	0.06334	0.00753	0.00563	0.09853
2	0.01140	0.00819	0.01025	0.01039	0.03070	0.00871	0.00747	0.03883	0.06593	0.02041	0.07119	0.06379	0.09240	0.11977	0.26885	0.00582	0.00954	0.00900	0.14081	0.00656
3	0.07373	0.01359	0.08228	0.01449	0.08512	0.03503	0.01094	0.07995	0.04991	0.07649	0.14858	0.17224	0.07660	0.01198	0.00719	0.00224	0.00569	0.01024	0.03549	0.00821
4	0.08116	0.12243	0.26960	0.02083	0.12112	0.03773	0.09305	0.05680	0.04657	0.06812	0.01375	0.01561	0.01030	0.00662	0.00630	0.00205	0.00868	0.00552	0.00389	0.00987
5	0.05205	0.20783	0.12731	0.09821	0.05674	0.05449	0.04485	0.09802	0.04689	0.10645	0.01465	0.01613	0.01099	0.00693	0.00603	0.00195	0.00797	0.00541	0.02757	0.00954
6	0.01048	0.00693	0.00913	0.01013	0.01117	0.00660	0.00723	0.01283	0.04394	0.06465	0.06845	0.57911	0.04271	0.01947	0.00857	0.00272	0.00434	0.07867	0.00657	0.00629
7	0.06076	0.07986	0.15548	0.18095	0.04762	0.06793	0.01596	0.05299	0.06535	0.15245	0.01568	0.01732	0.01135	0.00742	0.00708	0.00213	0.03997	0.00571	0.00457	0.00945
8	0.06601	0.06018	0.04934	0.02032	0.18659	0.01512	0.05389	0.09431	0.12746	0.07767	0.09005	0.04231	0.06948	0.00896	0.00685	0.00213	0.00660	0.00774	0.00540	0.00960
9	0.00979	0.00758	0.01043	0.01309	0.08911	0.00723	0.00807	0.03088	0.01417	0.01886	0.03729	0.58619	0.10338	0.01895	0.00840	0.00263	0.00449	0.01710	0.00603	0.00634
10	0.01615	0.02001	0.16994	0.15215	0.12129	0.01605	0.31259	0.02172	0.01553	0.06680	0.01397	0.01774	0.01030	0.00632	0.00730	0.00223	0.01003	0.00680	0.00359	0.00948
11	0.06186	0.22006	0.04285	0.01514	0.07011	0.12714	0.01186	0.06408	0.09160	0.05106	0.01816	0.02049	0.05801	0.04982	0.04338	0.00261	0.03270	0.00604	0.00438	0.00868
12	0.01948	0.08750	0.09483	0.07556	0.06083	0.01540	0.12617	0.12629	0.01832	0.16844	0.01886	0.10134	0.01547	0.00865	0.00694	0.00213	0.00777	0.00771	0.00522	0.03308
13	0.00920	0.00662	0.00889	0.01040	0.01127	0.00632	0.00781	0.01105	0.01408	0.01849	0.03877	0.50143	0.07594	0.02041	0.00893	0.00288	0.00470	0.23067	0.00633	0.00581
14	0.01078	0.00745	0.00988	0.01050	0.01157	0.00751	0.00781	0.01244	0.01377	0.06367	0.03643	0.42677	0.10412	0.04916	0.03842	0.00323	0.05952	0.11474	0.00605	0.00619
15	0.09249	0.19078	0.14385	0.01595	0.05322	0.05486	0.03421	0.15988	0.01830	0.04478	0.03770	0.04017	0.01406	0.00821	0.00667	0.00204	0.02979	0.03926	0.00450	0.00928
16	0.01552	0.11490	0.14869	0.06399	0.07021	0.10510	0.06428	0.01919	0.01503	0.03879	0.01971	0.10606	0.04427	0.01103	0.02216	0.00243	0.05112	0.07517	0.00411	0.00824

[dist]
# distance from previous block
# <min> <max>
3	46

[block]
# block no. 1 follows, 31 sequences, length 28
# corresponding to MSA columns:
# 92-119
name=unknown_B
#
# <colnr> <probs for GDERKNQSTAVLIFYWHMCP>
#	G	D	E	R	K	N	Q	S	T	A	V	L	I	F	Y	W	H	M	C	P
0	0.03876	0.17767	0.12793	0.04438	0.05118	0.03363	0.01384	0.12619	0.05808	0.11353	0.01594	0.01831	0.01237	0.00734	0.00607	0.00188	0.00732	0.03096	0.00481	0.10979
1	0.04176	0.13222	0.20297	0.04254	0.13356	0.06454	0.05546	0.04871	0.03262	0.06714	0.01613	0.01825	0.04311	0.00908	0.03581	0.00241	0.03445	0.00592	0.00392	0.00940
2	0.01388	0.00860	0.01047	0.01040	0.04526	0.00797	0.00742	0.03751	0.03829	0.13404	0.16957	0.10359	0.25469	0.01331	0.00737	0.00217	0.00421	0.01133	0.11243	0.00748
3	0.01855	0.01457	0.07883	0.04813	0.01869	0.04129	0.02629	0.07947	0.09267	0.20158	0.10137	0.03044	0.12523	0.01199	0.03690	0.00257	0.04779	0.00833	0.00618	0.00913
4	0.02048	0.24716	0.08449	0.07877	0.09850	0.15438	0.01479	0.11313	0.04025	0.06780	0.01320	0.01479	0.01034	0.00684	0.00594	0.00186	0.00860	0.00506	0.00411	0.00949
5	0.03156	0.05575	0.11015	0.04870	0.17823	0.01244	0.04140	0.01706	0.03578	0.02031	0.02549	0.15971	0.07033	0.04098	0.00857	0.00257	0.00696	0.12131	0.00466	0.00806
6	0.01030	0.00813	0.00916	0.00905	0.01113	0.00777	0.00687	0.04076	0.08018	0.02173	0.16173	0.12919	0.34599	0.05248	0.00943	0.00261	0.00425	0.07619	0.00651	0.00654
7	0.01153	0.00844	0.01028	0.01056	0.01216	0.00840	0.00783	0.12052	0.01706	0.02261	0.07728	0.45633	0.10285	0.01820	0.00841	0.00262	0.00470	0.08702	0.00650	0.00669
8	0.06082	0.13207	0.25912	0.08776	0.12210	0.04211	0.06476	0.05504	0.04108	0.05376	0.01328	0.01555	0.01004	0.00662	0.00628	0.00205	0.00875	0.00543	0.00371	0.00967
9	0.00989	0.00688	0.00870	0.00870	0.00913	0.00731	0.00569	0.01074	0.01032	0.01418	0.02042	0.03849	0.02215	0.51100	0.27966	0.00816	0.01074	0.00903	0.00398	0.00483
10	0.01620	0.06395	0.47695	0.06855	0.02951	0.01585	0.10226	0.02275	0.01518	0.10452	0.01408	0.01607	0.00989	0.00664	0.00666	0.00215	0.00957	0.00564	0.00363	0.00995
11	0.04413	0.14256	0.08830	0.01658	0.05452	0.02012	0.04072	0.36571	0.06198	0.05172	0.03784	0.01711	0.01304	0.00766	0.00642	0.00200	0.00755	0.00595	0.00553	0.01056
12	0.00989	0.00758	0.01060	0.01183	0.03609	0.00731	0.02851	0.01265	0.04125	0.01978	0.09609	0.43305	0.07906	0.01855	0.00864	0.00272	0.00481	0.15901	0.00628	0.00630
13	0.00853	0.00642	0.00790	0.00865	0.00980	0.00579	0.00606	0.01025	0.01497	0.01965	0.17574	0.43389	0.22971	0.01890	0.00843	0.00253	0.00369	0.01674	0.00658	0.00579
14	0.12752	0.01530	0.04893	0.28306	0.23904	0.04381	0.01696	0.04328	0.01498	0.04974	0.01296	0.01698	0.01012	0.00866	0.03912	0.00254	0.00868	0.00573	0.00370	0.00890
15	0.01568	0.01015	0.03483	0.00975	0.01257	0.00950	0.00785	0.12242	0.03455	0.10208	0.07070	0.13886	0.07603	0.01117	0.00650	0.00203	0.00458	0.00935	0.31354	0.00784
16	0.01692	0.01004	0.01230	0.01106	0.01370	0.00998	0.00846	0.14269	0.01808	0.17251	0.05940	0.19936	0.07380	0.11395	0.06056	0.00353	0.00643	0.05282	0.00647	0.00794
17	0.01194	0.01165	0.03650	0.06426	0.04699	0.01087	0.14480	0.01733	0.09677	0.02261	0.19629	0.04169	0.24633	0.01185	0.00777	0.00226	0.00599	0.01075	0.00569	0.00765
18	0.01099	0.00837	0.01142	0.07092	0.04831	0.00832	0.00854	0.05087	0.01841	0.02562	0.47343	0.15907	0.05133	0.01390	0.00794	0.00225	0.00431	0.01236	0.00673	0.00690
19	0.01793	0.01460	0.09365	0.01265	0.01691	0.03657	0.05657	0.14808	0.01910	0.12706	0.05796	0.05483	0.07498	0.00934	0.00653	0.00201	0.00611	0.00778	0.22864	0.00872
20	0.00927	0.00692	0.00849	0.00885	0.01030	0.00637	0.00663	0.01143	0.01580	0.02083	0.24692	0.17453	0.23130	0.08830	0.01097	0.00289	0.00425	0.12357	0.00649	0.00587
21	0.02097	0.02945	0.20415	0.01736	0.02279	0.37884	0.01596	0.06463	0.13873	0.02159	0.01437	0.01543	0.01104	0.00736	0.00643	0.00198	0.01027	0.00526	0.00414	0.00922
22	0.01549	0.01674	0.02674	0.02307	0.09962	0.11770	0.31554	0.01933	0.01528	0.01960	0.01715	0.11512	0.01590	0.01578	0.13099	0.00374	0.01145	0.00869	0.00387	0.00820
23	0.03986	0.01662	0.10084	0.01800	0.12546	0.01516	0.01353	0.23897	0.08140	0.04978	0.02000	0.08660	0.01749	0.05963	0.00878	0.00249	0.00696	0.03947	0.04939	0.00957
24	0.01594	0.01506	0.01682	0.01557	0.03641	0.12616	0.01207	0.04560	0.05744	0.04316	0.01479	0.01987	0.01304	0.02458	0.26973	0.00551	0.25027	0.00637	0.00392	0.00768
25	0.08237	0.01439	0.01923	0.39354	0.12196	0.06743	0.01581	0.04904	0.01514	0.02090	0.01438	0.01839	0.03746	0.00700	0.00641	0.00205	0.00816	0.00587	0.00364	0.09684
26	0.28364	0.09890	0.07815	0.01233	0.01660	0.03617	0.05636	0.01940	0.01396	0.07820	0.07559	0.02179	0.04704	0.05494	0.04837	0.00286	0.03705	0.00627	0.00452	0.00785
27	0.00980	0.00743	0.01043	0.10001	0.04881	0.00749	0.00847	0.01175	0.01362	0.01847	0.06506	0.45920	0.06283	0.06836	0.00995	0.00284	0.00495	0.03489	0.04954	0.00609

[dist]
# distance from previous block
# <min> <max>
0	34

[block]
# block no. 2 follows, 31 sequences, length 7
# corresponding to MSA columns:
# 154-160
name=unknown_C
#
# <colnr> <probs for GDERKNQSTAVLIFYWHMCP>
#	G	D	E	R	K	N	Q	S	T	A	V	L	I	F	Y	W	H	M	C	P
0	0.00864	0.00639	0.00808	0.00885	0.00988	0.00583	0.00618	0.01045	0.01514	0.02021	0.21764	0.45543	0.16454	0.01881	0.00845	0.00254	0.00369	0.01676	0.00666	0.00583
1	0.01725	0.01641	0.04258	0.10878	0.12245	0.07742	0.07397	0.11340	0.09242	0.04245	0.01812	0.06142	0.03258	0.01047	0.04294	0.00254	0.03651	0.00717	0.00465	0.07646
2	0.04607	0.00827	0.01121	0.04134	0.01270	0.00904	0.00791	0.04660	0.01137	0.01626	0.01501	0.06812	0.01495	0.06608	0.12907	0.39398	0.05632	0.00709	0.00366	0.03493
3	0.06441	0.01637	0.13007	0.09581	0.12816	0.01387	0.08530	0.06335	0.07220	0.02353	0.08396	0.05870	0.05990	0.03694	0.03560	0.00270	0.00787	0.00800	0.00458	0.00868
4	0.01447	0.01538	0.06494	0.16175	0.24027	0.05994	0.05189	0.01834	0.01556	0.02106	0.09384	0.06498	0.05439	0.00853	0.00695	0.00206	0.00758	0.00771	0.00415	0.08620
5	0.11008	0.12045	0.02175	0.07993	0.12787	0.03877	0.04020	0.20693	0.05314	0.02757	0.01841	0.02173	0.05792	0.00824	0.00642	0.00208	0.00734	0.03690	0.00486	0.00941
6	0.04340	0.01228	0.01484	0.01277	0.01603	0.03538	0.06509	0.07021	0.17744	0.07288	0.02613	0.13959	0.05611	0.12311	0.01133	0.00289	0.00620	0.03288	0.00575	0.07568

[dist]
# distance from previous block
# <min> <max>
4	22

[block]
# block no. 3 follows, 31 sequences, length 8
# corresponding to MSA columns:
# 187-194
name=unknown_D
#
# <colnr> <probs for GDERKNQSTAVLIFYWHMCP>
#	G	D	E	R	K	N	Q	S	T	A	V	L	I	F	Y	W	H	M	C	P
0	0.04934	0.10484	0.04056	0.01848	0.15490	0.04731	0.01289	0.12154	0.05008	0.05556	0.03413	0.02117	0.01474	0.01444	0.11973	0.00333	0.00892	0.03540	0.00462	0.08802
1	0.08123	0.04390	0.06197	0.03764	0.05073	0.14601	0.03153	0.04834	0.03601	0.16425	0.05037	0.05250	0.01555	0.00789	0.00630	0.00188	0.00740	0.00629	0.00513	0.14510
2	0.01656	0.06977	0.19713	0.07483	0.07105	0.01606	0.10378	0.10800	0.09405	0.05560	0.04841	0.08047	0.01671	0.00855	0.00697	0.00219	0.00804	0.00755	0.00471	0.00956
3	0.01279	0.00984	0.04296	0.01131	0.01362	0.00887	0.03133	0.01673	0.08572	0.10109	0.09211	0.31938	0.11417	0.04566	0.00963	0.00268	0.03063	0.03790	0.00630	0.00726
4	0.01495	0.01075	0.04753	0.01226	0.01549	0.00928	0.06977	0.01933	0.07230	0.16332	0.24065	0.16954	0.08055	0.01313	0.00783	0.00233	0.00523	0.03095	0.00676	0.00806
5	0.01751	0.05307	0.17806	0.02056	0.14987	0.04817	0.06095	0.04667	0.06380	0.10639	0.06959	0.02016	0.01591	0.00938	0.03804	0.00242	0.02473	0.00641	0.00461	0.06370
6	0.03358	0.10292	0.15640	0.01666	0.02172	0.05152	0.10531	0.06545	0.04067	0.08668	0.04826	0.02464	0.04802	0.00926	0.00897	0.00227	0.10627	0.05788	0.00459	0.00895
7	0.00889	0.00658	0.00837	0.00889	0.00997	0.00625	0.00628	0.01068	0.01439	0.01927	0.18558	0.33314	0.16318	0.07990	0.10237	0.00390	0.00575	0.01476	0.00609	0.00575

[dist]
# distance from previous block
# <min> <max>
0	4

[block]
# block no. 4 follows, 31 sequences, length 26
# corresponding to MSA columns:
# 199-224
name=unknown_E
#
# <colnr> <probs for GDERKNQSTAVLIFYWHMCP>
#	G	D	E	R	K	N	Q	S	T	A	V	L	I	F	Y	W	H	M	C	P
0	0.05334	0.19514	0.20978	0.01685	0.07170	0.01712	0.04744	0.06586	0.01688	0.17909	0.05160	0.01787	0.01382	0.00722	0.00619	0.00198	0.00769	0.00575	0.00476	0.00994
1	0.01501	0.07524	0.19977	0.08699	0.02466	0.06665	0.13089	0.06611	0.01531	0.02019	0.01622	0.08023	0.01511	0.14418	0.01196	0.00297	0.00891	0.00764	0.00384	0.00812
2	0.00896	0.00674	0.00825	0.00892	0.01007	0.00629	0.00623	0.01134	0.04330	0.01982	0.16854	0.42454	0.18485	0.04745	0.00942	0.00270	0.00389	0.01625	0.00651	0.00593
3	0.00971	0.00922	0.04496	0.01151	0.01380	0.00765	0.08829	0.01226	0.01528	0.02030	0.16814	0.34188	0.19740	0.01653	0.00828	0.00247	0.00489	0.01495	0.00607	0.00642
4	0.07474	0.03299	0.08564	0.28897	0.11296	0.03462	0.09178	0.01848	0.01457	0.02070	0.04275	0.06338	0.01525	0.00827	0.00687	0.00224	0.00825	0.03843	0.03095	0.00815
5	0.01460	0.00877	0.01073	0.01025	0.01189	0.03266	0.00748	0.04168	0.01386	0.13504	0.02414	0.18452	0.02409	0.15567	0.13769	0.10003	0.00790	0.03164	0.04088	0.00649
6	0.01277	0.01494	0.15971	0.01193	0.01606	0.01098	0.01136	0.04559	0.11254	0.05099	0.21034	0.04018	0.22247	0.01218	0.00804	0.00225	0.03351	0.01007	0.00599	0.00808
7	0.01953	0.35922	0.02561	0.05532	0.01962	0.27968	0.01201	0.02183	0.01657	0.01785	0.09942	0.01698	0.01589	0.00738	0.00564	0.00171	0.00872	0.00517	0.00374	0.00811
8	0.01245	0.00725	0.00955	0.00924	0.00975	0.00740	0.00620	0.06931	0.01148	0.01532	0.01621	0.07801	0.01704	0.18076	0.02545	0.50271	0.00609	0.00779	0.00381	0.00417
9	0.01023	0.00875	0.00841	0.00881	0.01016	0.06892	0.00610	0.01159	0.01412	0.01755	0.04336	0.29309	0.27765	0.13294	0.01213	0.00306	0.00489	0.01416	0.04843	0.00567
10	0.04584	0.01142	0.01357	0.01280	0.04102	0.01245	0.00958	0.10849	0.15717	0.06445	0.08090	0.03327	0.09960	0.08084	0.13658	0.00417	0.03941	0.03443	0.00576	0.00824
11	0.04967	0.08541	0.34407	0.01723	0.02433	0.04297	0.10184	0.04678	0.05518	0.04753	0.04164	0.01784	0.01288	0.00708	0.00638	0.00206	0.00856	0.00589	0.07331	0.00938
12	0.01169	0.00849	0.01097	0.01056	0.01193	0.00932	0.00778	0.09792	0.01370	0.01892	0.02135	0.12350	0.02189	0.21142	0.38033	0.00776	0.01231	0.00937	0.00453	0.00627
13	0.01487	0.01747	0.12129	0.30926	0.30602	0.01588	0.07749	0.01980	0.01474	0.02033	0.01260	0.01723	0.00984	0.00641	0.00687	0.00217	0.00907	0.00611	0.00319	0.00935
14	0.01414	0.01405	0.05310	0.17540	0.11742	0.03753	0.10004	0.06901	0.04305	0.02180	0.04924	0.17897	0.04437	0.01106	0.00756	0.00235	0.00755	0.04044	0.00473	0.00820
15	0.01637	0.04094	0.02392	0.20724	0.23444	0.07165	0.09759	0.02015	0.01535	0.05755	0.01615	0.05139	0.01423	0.00839	0.00773	0.00226	0.03687	0.06501	0.00393	0.00884
16	0.00933	0.00674	0.00876	0.00969	0.01042	0.00670	0.00678	0.01134	0.03639	0.01759	0.05573	0.43457	0.05116	0.14417	0.09710	0.00435	0.00629	0.07149	0.00574	0.00567
17	0.01666	0.07661	0.02530	0.19759	0.35686	0.04112	0.04519	0.07549	0.01639	0.02195	0.01402	0.05642	0.01210	0.00727	0.00674	0.00209	0.00830	0.00664	0.00372	0.00953
18	0.01560	0.07548	0.34585	0.04969	0.12583	0.01511	0.04561	0.02164	0.04163	0.08290	0.04850	0.04831	0.03820	0.00795	0.00673	0.00214	0.00831	0.00674	0.00410	0.00966
19	0.01816	0.04272	0.03963	0.08024	0.01877	0.01267	0.01076	0.07892	0.16482	0.18779	0.02987	0.08859	0.10425	0.03210	0.00793	0.00239	0.00594	0.04017	0.02514	0.00913
20	0.01156	0.00907	0.01312	0.01161	0.01418	0.00840	0.09489	0.04990	0.01662	0.05464	0.14125	0.24253	0.25250	0.01562	0.00818	0.00242	0.00503	0.03534	0.00628	0.00687
21	0.03982	0.01608	0.08499	0.15174	0.21484	0.04247	0.04255	0.05199	0.08371	0.04344	0.06576	0.08060	0.03490	0.00883	0.00701	0.00220	0.00756	0.00783	0.00457	0.00912
22	0.01712	0.08266	0.11734	0.07723	0.09720	0.04520	0.26424	0.02168	0.01525	0.08042	0.01385	0.01740	0.01066	0.00870	0.03919	0.00258	0.06983	0.00653	0.00371	0.00922
23	0.04907	0.04832	0.11504	0.06745	0.10003	0.10033	0.06798	0.06766	0.01689	0.10249	0.04439	0.02338	0.04429	0.00878	0.00824	0.00222	0.07291	0.04691	0.00458	0.00903
24	0.01461	0.01362	0.01983	0.07209	0.02063	0.04049	0.09018	0.01791	0.04984	0.04519	0.01623	0.11173	0.01560	0.01601	0.09491	0.00361	0.33770	0.00817	0.00400	0.00765
25	0.01728	0.07261	0.08948	0.04540	0.08128	0.01441	0.07117	0.10632	0.04269	0.11709	0.05826	0.07658	0.04255	0.01333	0.07051	0.00298	0.02907	0.03470	0.00521	0.00908

[dist]
# distance from previous block
# <min> <max>
15	45

[block]
# block no. 5 follows, 31 sequences, length 139
# corresponding to MSA columns:
# 274-412
name=unknown_F
#
# <colnr> <probs for GDERKNQSTAVLIFYWHMCP>
#	G	D	E	R	K	N	Q	S	T	A	V	L	I	F	Y	W	H	M	C	P
0	0.05351	0.06041	0.03708	0.05744	0.04837	0.01305	0.04050	0.02276	0.19480	0.09963	0.06446	0.10683	0.04753	0.08707	0.00978	0.00265	0.00608	0.00886	0.00563	0.03357
1	0.01893	0.08436	0.07206	0.01472	0.04934	0.03946	0.03644	0.11618	0.10736	0.12597	0.08288	0.03652	0.01831	0.00804	0.00644	0.00187	0.00657	0.00662	0.00556	0.16236
2	0.01716	0.06850	0.04821	0.06887	0.03995	0.14215	0.01231	0.02264	0.13280	0.07659	0.04449	0.05433	0.05956	0.03796	0.00941	0.00244	0.07270	0.07655	0.00505	0.00834
3	0.07338	0.01882	0.17050	0.08578	0.09737	0.01507	0.10316	0.09356	0.06233	0.12716	0.04734	0.02017	0.01439	0.03172	0.00771	0.00231	0.00804	0.00659	0.00487	0.00973
4	0.11794	0.01447	0.01795	0.01583	0.08369	0.04388	0.05911	0.06860	0.03926	0.14171	0.01580	0.01811	0.01218	0.00702	0.00663	0.00180	0.03369	0.02374	0.00500	0.27358
5	0.04792	0.01708	0.11269	0.01618	0.08036	0.05482	0.01315	0.09591	0.10994	0.21307	0.04921	0.05291	0.03731	0.00918	0.00689	0.00215	0.00685	0.03272	0.00605	0.03563
6	0.02259	0.02031	0.01842	0.01546	0.01994	0.16775	0.01224	0.31211	0.27799	0.03226	0.01943	0.01894	0.01447	0.00837	0.00675	0.00209	0.00775	0.00638	0.00620	0.01057
7	0.01847	0.01387	0.01694	0.01763	0.13463	0.01476	0.01188	0.09808	0.32567	0.11913	0.05558	0.02827	0.09549	0.00959	0.00707	0.00221	0.00585	0.00810	0.00650	0.01029
8	0.01630	0.01539	0.02580	0.20691	0.53445	0.01618	0.02025	0.04341	0.01570	0.02192	0.01282	0.01722	0.01046	0.00634	0.00679	0.00209	0.00834	0.00609	0.00342	0.01010
9	0.10458	0.47576	0.05859	0.01279	0.01771	0.02350	0.01221	0.06669	0.01463	0.02018	0.02928	0.01316	0.01038	0.00716	0.00719	0.00183	0.10779	0.00445	0.00348	0.00865
10	0.01653	0.01601	0.02960	0.15572	0.39046	0.01614	0.20564	0.02110	0.01556	0.04653	0.01352	0.01780	0.01064	0.00622	0.00715	0.00215	0.00915	0.00667	0.00353	0.00987
11	0.00938	0.00699	0.00885	0.00994	0.01081	0.00688	0.00685	0.01271	0.08941	0.01939	0.08423	0.62544	0.04394	0.01958	0.00849	0.00268	0.00408	0.01767	0.00650	0.00620
12	0.00834	0.00595	0.00794	0.00953	0.00992	0.00556	0.00635	0.00953	0.01310	0.01746	0.03771	0.75510	0.04525	0.02143	0.00873	0.00278	0.00397	0.01945	0.00635	0.00556
13	0.02382	0.02134	0.02312	0.01950	0.06725	0.18909	0.10670	0.32046	0.02396	0.08189	0.01490	0.01621	0.01101	0.00765	0.00754	0.00206	0.04194	0.00605	0.00532	0.01019
14	0.01629	0.01465	0.02064	0.04518	0.25247	0.01570	0.05380	0.04753	0.31794	0.02612	0.09642	0.02455	0.02107	0.00842	0.00708	0.00220	0.00661	0.00762	0.00551	0.01019
15	0.02084	0.02272	0.01722	0.01558	0.01929	0.33727	0.01190	0.03231	0.39768	0.02330	0.02011	0.01962	0.01548	0.00828	0.00661	0.00207	0.00851	0.00624	0.00542	0.00953
16	0.01662	0.01597	0.02757	0.13481	0.54915	0.01636	0.07428	0.04248	0.01591	0.02233	0.01297	0.01721	0.01059	0.00624	0.00689	0.00209	0.00852	0.00625	0.00346	0.01030
17	0.01798	0.01572	0.02800	0.11057	0.30643	0.01587	0.19987	0.05170	0.01647	0.10187	0.01522	0.03444	0.01194	0.00701	0.00777	0.00220	0.03586	0.00701	0.00415	0.00993
18	0.00843	0.00655	0.00767	0.00822	0.00966	0.00579	0.00585	0.01018	0.01519	0.01947	0.15664	0.33722	0.34780	0.01844	0.00834	0.00247	0.00363	0.01611	0.00653	0.00579
19	0.01923	0.01580	0.01672	0.01437	0.01863	0.01805	0.01136	0.19851	0.53876	0.03219	0.02503	0.02328	0.01860	0.00902	0.00693	0.00225	0.00594	0.00735	0.00693	0.01103
20	0.05007	0.02104	0.01900	0.01547	0.02012	0.20770	0.01240	0.34495	0.04863	0.14350	0.01651	0.01655	0.01184	0.00805	0.00711	0.00203	0.03287	0.00578	0.00602	0.01036
21	0.02534	0.02917	0.01994	0.01812	0.04667	0.55601	0.01346	0.16764	0.02194	0.02251	0.01189	0.01337	0.00948	0.00726	0.00633	0.00183	0.01117	0.00484	0.00422	0.00882
22	0.00834	0.00595	0.00794	0.00953	0.00992	0.00556	0.00635	0.00953	0.01310	0.01746	0.03771	0.75510	0.04525	0.02143	0.00873	0.00278	0.00397	0.01945	0.00635	0.00556
23	0.00902	0.00717	0.00819	0.00842	0.01030	0.00648	0.00636	0.01172	0.04083	0.02055	0.17951	0.16363	0.40606	0.01717	0.00827	0.00243	0.00384	0.07736	0.00659	0.00610
24	0.01385	0.01311	0.02220	0.58021	0.20274	0.01545	0.01946	0.01830	0.01412	0.01861	0.01232	0.01794	0.00952	0.00667	0.00682	0.00222	0.00889	0.00608	0.00312	0.00835
25	0.37837	0.01537	0.01454	0.01224	0.01675	0.01752	0.00993	0.22676	0.18814	0.03392	0.01610	0.01625	0.01199	0.00763	0.00569	0.00215	0.00599	0.00543	0.00569	0.00952
26	0.02562	0.03077	0.01954	0.01737	0.02116	0.63497	0.01319	0.11842	0.02113	0.02035	0.01137	0.01290	0.00920	0.00721	0.00626	0.00180	0.01168	0.00465	0.00398	0.00844
27	0.01671	0.01870	0.03276	0.02459	0.02937	0.08127	0.43820	0.02155	0.04003	0.02034	0.01285	0.01730	0.01027	0.00756	0.01146	0.00243	0.19519	0.00722	0.00348	0.00874
28	0.00911	0.00710	0.00828	0.00840	0.01030	0.00636	0.00652	0.01145	0.01650	0.02120	0.24654	0.06279	0.38761	0.04360	0.00929	0.00257	0.00400	0.12579	0.00660	0.00600
29	0.00834	0.00595	0.00794	0.00953	0.00992	0.00556	0.00635	0.00953	0.01310	0.01746	0.03771	0.75510	0.04525	0.02143	0.00873	0.00278	0.00397	0.01945	0.00635	0.00556
30	0.01539	0.01681	0.03494	0.20500	0.06843	0.01674	0.49716	0.02078	0.01552	0.02084	0.01338	0.01833	0.01009	0.00605	0.00771	0.00229	0.01079	0.00750	0.00335	0.00890
31	0.02632	0.01866	0.02022	0.01550	0.02097	0.02047	0.01281	0.64988	0.03132	0.08850	0.01713	0.01688	0.01199	0.00823	0.00685	0.00206	0.00741	0.00621	0.00695	0.01164
32	0.26354	0.01673	0.01696	0.01339	0.01848	0.01849	0.01106	0.43374	0.02488	0.09679	0.01523	0.01540	0.01080	0.00767	0.00606	0.00208	0.00671	0.00548	0.00619	0.01035
33	0.00917	0.00694	0.00845	0.00814	0.00992	0.00623	0.00608	0.01189	0.01805	0.02447	0.50151	0.07874	0.25497	0.01522	0.00810	0.00222	0.00332	0.01321	0.00715	0.00623
34	0.00834	0.00595	0.00794	0.00953	0.00992	0.00556	0.00635	0.00953	0.01310	0.01746	0.03771	0.75510	0.04525	0.02143	0.00873	0.00278	0.00397	0.01945	0.00635	0.00556
35	0.01603	0.01823	0.03965	0.05464	0.03617	0.01723	0.66773	0.02175	0.01606	0.02175	0.01378	0.01845	0.01034	0.00581	0.00803	0.00231	0.01145	0.00800	0.00345	0.00917
36	0.02601	0.01916	0.02053	0.01574	0.02122	0.02122	0.01300	0.69408	0.03217	0.04312	0.01643	0.01643	0.01163	0.00821	0.00684	0.00205	0.00753	0.00616	0.00684	0.01163
37	0.01771	0.39312	0.28423	0.01518	0.02246	0.04422	0.01684	0.09596	0.01630	0.02115	0.01132	0.01289	0.00906	0.00639	0.00549	0.00179	0.00851	0.00447	0.00337	0.00956
38	0.00834	0.00595	0.00794	0.00953	0.00992	0.00556	0.00635	0.00953	0.01310	0.01746	0.03771	0.75510	0.04525	0.02143	0.00873	0.00278	0.00397	0.01945	0.00635	0.00556
39	0.02556	0.03261	0.01939	0.01763	0.02115	0.73210	0.01322	0.02732	0.01939	0.01674	0.01058	0.01234	0.00881	0.00705	0.00617	0.00176	0.01234	0.00441	0.00353	0.00793
40	0.00862	0.00639	0.00809	0.00915	0.01013	0.00586	0.00648	0.01027	0.01441	0.01889	0.11149	0.49858	0.17830	0.01969	0.00859	0.00265	0.00397	0.06622	0.00647	0.00575
41	0.01968	0.62970	0.03309	0.01243	0.01822	0.02602	0.01194	0.14171	0.01719	0.02096	0.01076	0.01196	0.00929	0.00628	0.00483	0.00157	0.00735	0.00411	0.00363	0.00929
42	0.01389	0.06185	0.69911	0.01922	0.02917	0.01629	0.02478	0.02162	0.01442	0.02146	0.01218	0.01432	0.00867	0.00648	0.00642	0.00214	0.01001	0.00500	0.00289	0.01006
43	0.00834	0.00595	0.00794	0.00953	0.00992	0.00556	0.00635	0.00953	0.01310	0.01746	0.03771	0.75510	0.04525	0.02143	0.00873	0.00278	0.00397	0.01945	0.00635	0.00556
44	0.01692	0.01674	0.07617	0.24290	0.21196	0.01642	0.10991	0.09595	0.07317	0.05048	0.01490	0.01824	0.01124	0.00689	0.00698	0.00218	0.00866	0.00645	0.00412	0.00971
45	0.04452	0.04708	0.16197	0.02347	0.03048	0.01621	0.42833	0.02256	0.01586	0.09482	0.01535	0.04041	0.01166	0.00669	0.00741	0.00224	0.01007	0.00743	0.00397	0.00945
46	0.01615	0.01845	0.04037	0.02884	0.03576	0.01730	0.69204	0.02191	0.01615	0.02191	0.01384	0.01845	0.01038	0.00577	0.00807	0.00231	0.01153	0.00807	0.00346	0.00923
47	0.01728	0.01483	0.01562	0.01398	0.01789	0.01714	0.01089	0.05578	0.68467	0.02905	0.02751	0.02526	0.02061	0.00925	0.00696	0.00231	0.00548	0.00769	0.00696	0.01085
48	0.02267	0.12283	0.02165	0.01579	0.03838	0.10235	0.01277	0.20833	0.06960	0.14942	0.01593	0.01678	0.01197	0.00853	0.00944	0.00215	0.15031	0.00581	0.00536	0.00992
49	0.02409	0.01849	0.01938	0.01538	0.02037	0.04605	0.01259	0.55766	0.10438	0.03911	0.01813	0.01944	0.01355	0.00981	0.02696	0.00235	0.00773	0.02679	0.00663	0.01109
50	0.00844	0.00603	0.00806	0.00964	0.01009	0.00565	0.00653	0.00971	0.01320	0.01758	0.03765	0.72887	0.04502	0.02134	0.00876	0.00279	0.00406	0.04465	0.00635	0.00559
51	0.01965	0.01587	0.02076	0.01699	0.02109	0.06626	0.13016	0.11707	0.18112	0.12720	0.02177	0.02784	0.01772	0.00984	0.00896	0.00239	0.08173	0.09813	0.00582	0.00962
52	0.10925	0.01478	0.02465	0.04674	0.16306	0.01504	0.23930	0.02207	0.12990	0.02374	0.04366	0.07663	0.04355	0.00843	0.00718	0.00226	0.00785	0.00829	0.00458	0.00904
53	0.00984	0.00687	0.00887	0.00938	0.01075	0.00634	0.00698	0.01207	0.01602	0.04450	0.25657	0.31826	0.14289	0.01772	0.00847	0.00254	0.00404	0.10494	0.00679	0.00618
54	0.11571	0.19322	0.04717	0.01575	0.02024	0.43900	0.03728	0.02455	0.01696	0.01861	0.01039	0.01218	0.00869	0.00663	0.00562	0.00177	0.01028	0.00431	0.00345	0.00818
55	0.01908	0.59079	0.03220	0.06691	0.02033	0.07836	0.01247	0.07720	0.01582	0.01851	0.01037	0.01207	0.00905	0.00621	0.00491	0.00160	0.00784	0.00410	0.00331	0.00887
56	0.01591	0.01521	0.02593	0.22034	0.54652	0.01599	0.02049	0.02010	0.01510	0.02111	0.01269	0.01727	0.01040	0.00629	0.00679	0.00210	0.00838	0.00609	0.00330	0.01001
57	0.00985	0.00702	0.00941	0.00941	0.01009	0.00769	0.00658	0.01120	0.01053	0.01471	0.01977	0.03489	0.02058	0.36851	0.42001	0.00904	0.01309	0.00850	0.00388	0.00523
58	0.04626	0.39410	0.02605	0.01262	0.01763	0.02210	0.01124	0.15361	0.15423	0.02445	0.01726	0.04525	0.03298	0.00793	0.00564	0.00185	0.00667	0.00587	0.00476	0.00948
59	0.01777	0.01756	0.03442	0.10470	0.03422	0.01729	0.49586	0.11341	0.01821	0.05501	0.01458	0.01837	0.01070	0.00634	0.00772	0.00226	0.01047	0.00754	0.00409	0.00948
60	0.00911	0.00628	0.00771	0.00854	0.00875	0.00607	0.00530	0.00973	0.01160	0.01546	0.03000	0.41611	0.03552	0.37369	0.02118	0.00462	0.00524	0.01492	0.00530	0.00488
61	0.16362	0.02500	0.32068	0.01975	0.10038	0.04494	0.05764	0.11926	0.04170	0.02658	0.01302	0.01494	0.00965	0.00675	0.00626	0.00212	0.00863	0.00533	0.00397	0.00980
62	0.15894	0.01174	0.01253	0.01136	0.01457	0.01265	0.00874	0.08709	0.21281	0.10299	0.05183	0.18562	0.05105	0.03764	0.00789	0.00248	0.00521	0.00985	0.00639	0.00863
63	0.00941	0.00703	0.00880	0.00870	0.01042	0.00642	0.00667	0.01221	0.01786	0.02423	0.46518	0.08507	0.20949	0.01558	0.00825	0.00232	0.00365	0.08537	0.00708	0.00625
64	0.01115	0.00780	0.00916	0.00914	0.00996	0.00786	0.00600	0.08504	0.01400	0.01879	0.06682	0.28222	0.03263	0.38403	0.02137	0.00457	0.00563	0.01289	0.00538	0.00558
65	0.04837	0.06760	0.02267	0.04364	0.09413	0.13343	0.11760	0.02374	0.16073	0.02174	0.05440	0.04632	0.01620	0.00869	0.00894	0.00223	0.10924	0.00703	0.00445	0.00884
66	0.01834	0.01456	0.02252	0.18275	0.35194	0.01537	0.01729	0.04285	0.11531	0.12477	0.01703	0.01936	0.01283	0.00712	0.00683	0.00214	0.00760	0.00644	0.00466	0.01028
67	0.02104	0.01670	0.01774	0.01474	0.01932	0.01890	0.01180	0.33092	0.40341	0.03511	0.02273	0.02145	0.01674	0.00880	0.00691	0.00220	0.00636	0.00703	0.00691	0.01119
68	0.02629	0.01750	0.01790	0.01437	0.01922	0.11146	0.01159	0.29898	0.07408	0.27662	0.02098	0.04643	0.01505	0.00872	0.00685	0.00208	0.00728	0.00679	0.00696	0.01086
69	0.01884	0.09508	0.02912	0.05823	0.21493	0.04371	0.21444	0.08504	0.07481	0.07560	0.01531	0.01779	0.01170	0.00668	0.00692	0.00209	0.00879	0.00656	0.00434	0.01003
70	0.00873	0.00641	0.00826	0.00948	0.01038	0.00594	0.00679	0.01038	0.01420	0.01864	0.08542	0.52254	0.14369	0.02003	0.00869	0.00272	0.00415	0.10140	0.00642	0.00574
71	0.00948	0.00701	0.00887	0.00849	0.01021	0.00640	0.00642	0.01248	0.01866	0.02582	0.59098	0.05427	0.16345	0.01467	0.00812	0.00221	0.00337	0.03544	0.00731	0.00635
72	0.01590	0.01520	0.02590	0.22262	0.54434	0.01598	0.02048	0.02009	0.01509	0.02110	0.01269	0.01727	0.01039	0.00629	0.00679	0.00210	0.00838	0.00609	0.00330	0.01000
73	0.04587	0.01269	0.01464	0.04045	0.01714	0.01352	0.01002	0.15910	0.21168	0.13706	0.21297	0.03046	0.04432	0.01021	0.00715	0.00218	0.00540	0.00850	0.00707	0.00956
74	0.00822	0.00639	0.00749	0.00836	0.00962	0.00565	0.00583	0.00966	0.01422	0.01792	0.05186	0.44641	0.34480	0.01959	0.00844	0.00257	0.00374	0.01721	0.00635	0.00565
75	0.01612	0.07279	0.48489	0.02005	0.02848	0.12670	0.11342	0.02250	0.01541	0.02064	0.01208	0.01448	0.00893	0.00645	0.00655	0.00208	0.01049	0.00529	0.00307	0.00958
76	0.02181	0.04778	0.02270	0.09422	0.24371	0.22331	0.01591	0.15003	0.01985	0.07598	0.01374	0.01590	0.01062	0.00701	0.00654	0.00197	0.00912	0.00559	0.00441	0.00982
77	0.02882	0.01466	0.01774	0.01360	0.01897	0.01453	0.01124	0.29827	0.02463	0.44957	0.02275	0.02054	0.01481	0.00837	0.00687	0.00209	0.00651	0.00659	0.00782	0.01164
78	0.02601	0.01916	0.02053	0.01574	0.02122	0.02122	0.01300	0.69408	0.03217	0.04312	0.01643	0.01643	0.01163	0.00821	0.00684	0.00205	0.00753	0.00616	0.00684	0.01163
79	0.24919	0.01614	0.01825	0.03961	0.04031	0.10932	0.06802	0.01910	0.01276	0.02129	0.01100	0.01525	0.00957	0.01314	0.09071	0.00334	0.24639	0.00544	0.00355	0.00762
80	0.01545	0.01695	0.03541	0.19046	0.06452	0.01679	0.51440	0.02088	0.01557	0.02093	0.01342	0.01835	0.01011	0.00602	0.00775	0.00229	0.01086	0.00755	0.00336	0.00892
81	0.01372	0.03539	0.72412	0.01950	0.02961	0.01589	0.02528	0.02167	0.01444	0.02167	0.01228	0.01444	0.00867	0.00650	0.00650	0.00217	0.01011	0.00506	0.00289	0.01011
82	0.01647	0.01591	0.02755	0.11625	0.61552	0.01619	0.05022	0.02066	0.01540	0.02181	0.01284	0.01714	0.01063	0.00616	0.00684	0.00207	0.00838	0.00618	0.00335	0.01042
83	0.01352	0.01333	0.02422	0.61003	0.04500	0.01559	0.14441	0.01831	0.01414	0.01831	0.01247	0.01828	0.00935	0.00664	0.00707	0.00228	0.00957	0.00645	0.00312	0.00790
84	0.01746	0.40376	0.03388	0.07476	0.13163	0.04684	0.16298	0.02089	0.01483	0.01846	0.01121	0.01412	0.00947	0.00599	0.00581	0.00181	0.00867	0.00521	0.00314	0.00908
85	0.00926	0.00698	0.00856	0.00816	0.00996	0.00628	0.00612	0.01210	0.01837	0.02507	0.54344	0.05499	0.23586	0.01487	0.00807	0.00219	0.00329	0.01292	0.00722	0.00628
86	0.00977	0.00733	0.01100	0.01100	0.01222	0.00855	0.00855	0.01222	0.01100	0.01588	0.01833	0.02688	0.01710	0.05131	0.73245	0.01100	0.01833	0.00733	0.00367	0.00611
87	0.01533	0.00917	0.01120	0.01052	0.01277	0.00889	0.00787	0.10760	0.01694	0.15216	0.03389	0.28421	0.10688	0.12354	0.01190	0.00309	0.00531	0.06485	0.00649	0.00740
88	0.13501	0.01420	0.01653	0.01285	0.01806	0.01425	0.01061	0.23737	0.02242	0.41623	0.02132	0.01949	0.01399	0.00810	0.00651	0.00210	0.00628	0.00622	0.00739	0.01106
89	0.00831	0.00606	0.00783	0.00924	0.00985	0.00558	0.00622	0.00956	0.01337	0.01758	0.04117	0.67947	0.11864	0.02098	0.00866	0.00273	0.00391	0.01890	0.00635	0.00558
90	0.37649	0.01369	0.01354	0.01125	0.01559	0.01486	0.00909	0.17444	0.04355	0.16757	0.01683	0.04183	0.01301	0.05175	0.00738	0.00240	0.00594	0.00592	0.00582	0.00907
91	0.00995	0.00663	0.00746	0.00746	0.00746	0.00663	0.00415	0.00995	0.00995	0.01327	0.02156	0.04477	0.02487	0.75957	0.03482	0.00663	0.00663	0.00995	0.00415	0.00415
92	0.00918	0.00622	0.00814	0.00935	0.00987	0.00583	0.00622	0.01034	0.01310	0.03712	0.05382	0.63758	0.04273	0.10186	0.01152	0.00317	0.00429	0.01786	0.00620	0.00560
93	0.17029	0.00956	0.01013	0.00892	0.01203	0.00955	0.00704	0.05610	0.01655	0.15986	0.10904	0.04554	0.11964	0.01007	0.00613	0.00201	0.00440	0.00806	0.22731	0.00778
94	0.07142	0.00778	0.00942	0.00937	0.01128	0.00748	0.00699	0.01627	0.01483	0.14198	0.07526	0.30064	0.03200	0.04745	0.00845	0.00253	0.00446	0.05887	0.16656	0.00696
95	0.01510	0.00779	0.00820	0.00755	0.00972	0.00784	0.00582	0.07212	0.01616	0.07637	0.02217	0.02461	0.01701	0.00803	0.00510	0.00167	0.00373	0.00639	0.67744	0.00718
96	0.00951	0.00716	0.00809	0.00787	0.01005	0.00623	0.00600	0.01178	0.01686	0.04698	0.25630	0.06043	0.46732	0.01609	0.00810	0.00229	0.00361	0.04235	0.00678	0.00621
97	0.07575	0.01504	0.01700	0.01354	0.01828	0.01580	0.01105	0.35849	0.04823	0.23571	0.02118	0.04925	0.01603	0.03817	0.00794	0.00233	0.00660	0.03200	0.00701	0.01062
98	0.01188	0.00594	0.00891	0.00891	0.00891	0.00594	0.00594	0.00891	0.00891	0.01188	0.01188	0.02080	0.01188	0.02377	0.02674	0.80095	0.00594	0.00594	0.00297	0.00297
99	0.00962	0.00699	0.00906	0.00854	0.01018	0.00643	0.00641	0.01279	0.01922	0.02709	0.68837	0.05167	0.08968	0.01412	0.00807	0.00216	0.00324	0.01245	0.00749	0.00643
100	0.00839	0.00621	0.00785	0.00899	0.00982	0.00566	0.00615	0.00983	0.01401	0.01839	0.09361	0.57972	0.16604	0.02015	0.00857	0.00265	0.00382	0.01803	0.00644	0.00566
101	0.01188	0.00594	0.00891	0.00891	0.00891	0.00594	0.00594	0.00891	0.00891	0.01188	0.01188	0.02080	0.01188	0.02377	0.02674	0.80095	0.00594	0.00594	0.00297	0.00297
102	0.01292	0.01216	0.02052	0.74312	0.04712	0.01520	0.01900	0.01748	0.01368	0.01748	0.01216	0.01824	0.00912	0.00684	0.00684	0.00228	0.00912	0.00608	0.00304	0.00760
103	0.01292	0.01216	0.02052	0.74312	0.04712	0.01520	0.01900	0.01748	0.01368	0.01748	0.01216	0.01824	0.00912	0.00684	0.00684	0.00228	0.00912	0.00608	0.00304	0.00760
104	0.00846	0.00679	0.00755	0.00769	0.00955	0.00588	0.00564	0.01041	0.01598	0.02018	0.19818	0.17180	0.47329	0.01728	0.00818	0.00235	0.00350	0.01480	0.00660	0.00588
105	0.00960	0.00649	0.00756	0.00791	0.00799	0.00640	0.00462	0.00986	0.01063	0.01417	0.02505	0.19857	0.02928	0.59974	0.02917	0.00580	0.00606	0.01201	0.00462	0.00445
106	0.01605	0.01535	0.02617	0.19681	0.56900	0.01602	0.02056	0.02022	0.01516	0.02128	0.01271	0.01722	0.01046	0.00626	0.00679	0.00209	0.00835	0.00609	0.00331	0.01012
107	0.16911	0.00831	0.00971	0.01021	0.01208	0.00859	0.00796	0.01408	0.01382	0.04880	0.05709	0.27777	0.06978	0.02010	0.08728	0.00356	0.00636	0.16320	0.00575	0.00644
108	0.01419	0.01216	0.01419	0.01013	0.01621	0.00912	0.00811	0.01723	0.01419	0.02229	0.01216	0.01419	0.01013	0.00507	0.00507	0.00101	0.00507	0.00405	0.00405	0.80139
109	0.01009	0.00736	0.00896	0.00871	0.01035	0.00703	0.00640	0.01393	0.06616	0.02466	0.44118	0.12902	0.12494	0.04717	0.00902	0.00241	0.00364	0.01257	0.05992	0.00648
110	0.01605	0.01535	0.02617	0.19681	0.56900	0.01602	0.02056	0.02022	0.01516	0.02128	0.01271	0.01722	0.01046	0.00626	0.00679	0.00209	0.00835	0.00609	0.00331	0.01012
111	0.00844	0.00609	0.00790	0.00922	0.00979	0.00565	0.00619	0.00971	0.01343	0.01781	0.06839	0.64905	0.09282	0.04869	0.00964	0.00286	0.00400	0.01843	0.00632	0.00556
112	0.15482	0.01040	0.01171	0.01050	0.01348	0.01056	0.00811	0.06532	0.06490	0.18553	0.07696	0.11886	0.05544	0.12372	0.01115	0.00297	0.00546	0.05582	0.00630	0.00798
113	0.00870	0.00626	0.00768	0.00865	0.00922	0.00585	0.00565	0.00967	0.01268	0.01658	0.03821	0.48321	0.13485	0.20208	0.01505	0.00366	0.00455	0.01641	0.00581	0.00524
114	0.01181	0.00597	0.00886	0.00886	0.00886	0.00597	0.00588	0.00895	0.00895	0.01193	0.01224	0.02167	0.01236	0.05074	0.02703	0.77184	0.00597	0.00609	0.00301	0.00301
115	0.00857	0.00634	0.00803	0.00903	0.00998	0.00580	0.00631	0.01021	0.01453	0.01918	0.14088	0.50979	0.16680	0.01955	0.00854	0.00262	0.00384	0.03774	0.00652	0.00575
116	0.01184	0.00671	0.00892	0.00921	0.01014	0.00651	0.00651	0.01268	0.03139	0.05844	0.07561	0.27243	0.02920	0.01872	0.01412	0.27243	0.00470	0.03418	0.11090	0.00538
117	0.00995	0.00663	0.00746	0.00746	0.00746	0.00663	0.00415	0.00995	0.00995	0.01327	0.02156	0.04477	0.02487	0.75957	0.03482	0.00663	0.00663	0.00995	0.00415	0.00415
118	0.01493	0.01450	0.02317	0.41036	0.28912	0.03812	0.01925	0.01899	0.01431	0.01916	0.01213	0.01734	0.00973	0.00696	0.00796	0.00223	0.06376	0.00603	0.00318	0.00879
119	0.01106	0.00778	0.00863	0.00836	0.00899	0.00798	0.00515	0.04224	0.06293	0.01607	0.02413	0.06756	0.05033	0.61714	0.02961	0.00581	0.00637	0.01011	0.00463	0.00508
120	0.01066	0.00719	0.00804	0.00783	0.00807	0.00728	0.00454	0.04030	0.01093	0.01459	0.02133	0.04351	0.02429	0.72623	0.03358	0.00643	0.00667	0.00978	0.00427	0.00448
121	0.01522	0.01450	0.02467	0.34168	0.43060	0.01580	0.02014	0.01949	0.01477	0.02027	0.01257	0.01749	0.01010	0.00641	0.00680	0.00214	0.00855	0.00609	0.00324	0.00945
122	0.28157	0.01497	0.01562	0.06676	0.01916	0.01674	0.01075	0.29463	0.04304	0.08444	0.01528	0.01727	0.01154	0.04255	0.03530	0.00265	0.00709	0.00566	0.00558	0.00937
123	0.01046	0.00752	0.00829	0.00803	0.01028	0.00666	0.00602	0.01285	0.03846	0.07146	0.10917	0.08496	0.48337	0.07509	0.01015	0.00267	0.00406	0.03774	0.00645	0.00631
124	0.00834	0.00595	0.00794	0.00953	0.00992	0.00556	0.00635	0.00953	0.01310	0.01746	0.03771	0.75510	0.04525	0.02143	0.00873	0.00278	0.00397	0.01945	0.00635	0.00556
125	0.07362	0.00930	0.01128	0.01009	0.01280	0.00922	0.00790	0.06415	0.03981	0.13619	0.31392	0.05923	0.10054	0.01671	0.08701	0.00317	0.00593	0.02467	0.00678	0.00772
126	0.04268	0.01295	0.01403	0.01249	0.01582	0.01430	0.00957	0.12129	0.36724	0.07191	0.02746	0.11359	0.04474	0.08841	0.00998	0.00276	0.00562	0.00917	0.00657	0.00940
127	0.01233	0.00771	0.00948	0.00935	0.01119	0.00717	0.00691	0.01485	0.04245	0.11475	0.13631	0.20962	0.18657	0.12373	0.01201	0.00307	0.00466	0.07469	0.00651	0.00663
128	0.80789	0.01323	0.01006	0.00900	0.01323	0.01535	0.00741	0.02011	0.01164	0.03070	0.00953	0.01111	0.00741	0.00635	0.00423	0.00212	0.00529	0.00370	0.00423	0.00741
129	0.01270	0.00723	0.00951	0.00975	0.01123	0.00662	0.00696	0.01435	0.01486	0.14504	0.10605	0.44953	0.06570	0.07370	0.01029	0.00288	0.00448	0.03575	0.00669	0.00667
130	0.01029	0.00705	0.00919	0.00880	0.01044	0.00647	0.00654	0.01320	0.01850	0.05329	0.58320	0.13380	0.08373	0.01477	0.00810	0.00223	0.00343	0.01307	0.00739	0.00653
131	0.01686	0.01478	0.02281	0.09585	0.28668	0.01422	0.07553	0.06394	0.03856	0.05438	0.01402	0.01692	0.01107	0.00618	0.00641	0.00180	0.00740	0.00576	0.00412	0.24271
132	0.08089	0.01700	0.02126	0.14746	0.20711	0.07968	0.03712	0.16455	0.07074	0.02653	0.01414	0.01667	0.01095	0.00693	0.00647	0.00201	0.00798	0.00580	0.00446	0.07225
133	0.01539	0.01152	0.01501	0.04517	0.03955	0.01183	0.05192	0.14218	0.08278	0.08145	0.10441	0.07803	0.18688	0.01608	0.08316	0.00315	0.00704	0.00999	0.00609	0.00835
134	0.01985	0.01553	0.06350	0.03948	0.05139	0.03851	0.06653	0.14315	0.09572	0.17235	0.07252	0.02825	0.03880	0.00939	0.00718	0.00218	0.00699	0.06911	0.00611	0.05345
135	0.08195	0.07767	0.01783	0.07074	0.04093	0.06512	0.01119	0.20180	0.04095	0.09390	0.13055	0.02322	0.03973	0.00863	0.00649	0.00197	0.00659	0.00683	0.00572	0.06819
136	0.12902	0.01467	0.01672	0.03368	0.03827	0.03708	0.03432	0.16157	0.15784	0.18664	0.04718	0.02143	0.01642	0.03607	0.00756	0.00227	0.00646	0.00662	0.00628	0.03991
137	0.04921	0.01571	0.01688	0.04635	0.03958	0.09258	0.03457	0.20220	0.08706	0.10192	0.05305	0.02667	0.06898	0.05721	0.00866	0.00237	0.00708	0.03120	0.00583	0.05289
138	0.10133	0.03925	0.01742	0.01514	0.06220	0.06913	0.03656	0.10211	0.13461	0.13246	0.06613	0.02305	0.03791	0.03913	0.02406	0.00248	0.04768	0.00689	0.00566	0.03678

[dist]
# distance from previous block
# <min> <max>
0	1

[block]
# block no. 6 follows, 31 sequences, length 6
# corresponding to MSA columns:
# 414-419
name=unknown_G
#
# <colnr> <probs for GDERKNQSTAVLIFYWHMCP>
#	G	D	E	R	K	N	Q	S	T	A	V	L	I	F	Y	W	H	M	C	P
0	0.01723	0.06111	0.07237	0.01379	0.04572	0.01314	0.02836	0.06577	0.16397	0.13349	0.10201	0.06622	0.07137	0.00967	0.00683	0.00204	0.00586	0.00816	0.00601	0.10687
1	0.07635	0.06255	0.04044	0.01361	0.01768	0.01472	0.07222	0.14975	0.11216	0.02633	0.05675	0.08860	0.11900	0.01085	0.00767	0.00221	0.03812	0.03469	0.00555	0.05075
2	0.07880	0.01501	0.01490	0.01276	0.01657	0.11190	0.01015	0.09085	0.12100	0.18622	0.05285	0.02710	0.06169	0.03057	0.03648	0.00260	0.03200	0.04123	0.00608	0.05124
3	0.06044	0.01514	0.04866	0.01360	0.01801	0.01531	0.01147	0.23022	0.15490	0.10819	0.06016	0.02429	0.01835	0.01189	0.05453	0.00273	0.03563	0.04196	0.00618	0.06832
4	0.04891	0.10991	0.01758	0.01299	0.04128	0.05806	0.01011	0.17433	0.07186	0.08962	0.05316	0.05073	0.08507	0.04150	0.00762	0.00213	0.00629	0.00737	0.03306	0.07841
5	0.01474	0.01227	0.05727	0.01190	0.01493	0.01160	0.00982	0.11903	0.11083	0.07624	0.14603	0.18386	0.12778	0.01350	0.00863	0.00237	0.05329	0.01130	0.00642	0.00821

[dist]
# distance from previous block
# <min> <max>
3	84

[block]
# block no. 7 follows, 31 sequences, length 20
# corresponding to MSA columns:
# 505-524
name=unknown_H
#
# <colnr> <probs for GDERKNQSTAVLIFYWHMCP>
#	G	D	E	R	K	N	Q	S	T	A	V	L	I	F	Y	W	H	M	C	P
0	0.01778	0.05470	0.05178	0.01466	0.05663	0.04653	0.03156	0.16765	0.07357	0.09028	0.12111	0.09870	0.06632	0.01055	0.00709	0.00211	0.00633	0.02111	0.00599	0.05556
