[name]
unknown

[dist]
# distance from previous block
# <min> <max>
47	189

[block]
# block no. 0 follows, 30 sequences, length 9
# corresponding to MSA columns:
# 304-312
name=unknown_A
#
# <colnr> <probs for GDERKNQSTAVLIFYWHMCP>
#	G	D	E	R	K	N	Q	S	T	A	V	L	I	F	Y	W	H	M	C	P
0	0.07543	0.12643	0.09802	0.01664	0.04692	0.18549	0.04285	0.09790	0.06923	0.06747	0.01512	0.04361	0.01228	0.00781	0.00672	0.00200	0.02855	0.00586	0.00456	0.04712
1	0.16791	0.08736	0.19937	0.01538	0.02134	0.05224	0.06117	0.09725	0.10512	0.02611	0.01844	0.05687	0.04612	0.00841	0.00639	0.00217	0.00776	0.00666	0.00463	0.00930
2	0.01737	0.01486	0.01968	0.01665	0.05574	0.01563	0.06037	0.17909	0.01835	0.02621	0.01564	0.05271	0.01400	0.00921	0.01020	0.00209	0.16571	0.04804	0.00476	0.25367
3	0.01584	0.01333	0.04976	0.08315	0.02045	0.01197	0.06019	0.10105	0.06169	0.08478	0.12657	0.03149	0.13883	0.00989	0.00711	0.00202	0.00614	0.00848	0.00577	0.16149
4	0.01720	0.06543	0.01833	0.09259	0.08475	0.14811	0.01218	0.06922	0.01669	0.02128	0.03687	0.04622	0.01528	0.00962	0.00827	0.07029	0.00771	0.05176	0.00425	0.20395
5	0.01727	0.01658	0.02832	0.04283	0.71123	0.01658	0.02142	0.02142	0.01589	0.02280	0.01313	0.01727	0.01105	0.00622	0.00691	0.00207	0.00829	0.00622	0.00345	0.01105
6	0.01509	0.01435	0.02438	0.41338	0.35773	0.01601	0.02033	0.01950	0.01486	0.02015	0.01274	0.01798	0.01012	0.00662	0.00694	0.00221	0.00883	0.00621	0.00327	0.00929
7	0.01301	0.00996	0.01486	0.01250	0.01588	0.00865	0.10679	0.01561	0.01536	0.08575	0.06182	0.28365	0.14460	0.01394	0.00775	0.00224	0.00546	0.01265	0.00583	0.16371
8	0.01614	0.01543	0.02628	0.23481	0.52808	0.01628	0.02085	0.02043	0.01535	0.02143	0.01293	0.01764	0.01057	0.00643	0.00693	0.00214	0.00857	0.00621	0.00336	0.01014

[dist]
# distance from previous block
# <min> <max>
12	37

[block]
# block no. 1 follows, 30 sequences, length 9
# corresponding to MSA columns:
# 351-359
name=unknown_B
#
# <colnr> <probs for GDERKNQSTAVLIFYWHMCP>
#	G	D	E	R	K	N	Q	S	T	A	V	L	I	F	Y	W	H	M	C	P
0	0.01464	0.01330	0.01409	0.01053	0.01617	0.05822	0.00833	0.01752	0.01498	0.02196	0.01815	0.01964	0.08045	0.00656	0.00555	0.00122	0.00551	0.00522	0.00433	0.66361
1	0.01648	0.04090	0.24334	0.01824	0.07563	0.01327	0.08363	0.04109	0.01715	0.12857	0.10598	0.03135	0.06484	0.00983	0.00744	0.00230	0.00778	0.07760	0.00520	0.00938
2	0.01617	0.01115	0.01602	0.04118	0.01819	0.00999	0.08191	0.02013	0.05063	0.15426	0.12248	0.12005	0.05273	0.01077	0.00727	0.00206	0.00580	0.04240	0.00604	0.21077
3	0.00825	0.00707	0.00707	0.00707	0.00943	0.00589	0.00530	0.01001	0.01591	0.01885	0.07069	0.06716	0.70839	0.01767	0.00825	0.00236	0.00353	0.01473	0.00648	0.00589
4	0.01751	0.13762	0.49426	0.01759	0.02641	0.01742	0.02116	0.05880	0.01627	0.10917	0.01421	0.01545	0.01007	0.00688	0.00638	0.00209	0.00921	0.00524	0.00388	0.01039
5	0.01090	0.00779	0.01085	0.01246	0.01392	0.00774	0.01065	0.01387	0.01573	0.02050	0.03714	0.16264	0.04091	0.01960	0.00955	0.00317	0.00613	0.58372	0.00643	0.00633
6	0.00905	0.00696	0.00838	0.00908	0.01065	0.00629	0.00686	0.01108	0.01563	0.01996	0.12822	0.26880	0.31992	0.01880	0.00869	0.00263	0.00418	0.13223	0.00661	0.00600
7	0.01772	0.41902	0.28425	0.01548	0.02279	0.09626	0.01716	0.02206	0.01496	0.01856	0.01085	0.01263	0.00892	0.00634	0.00545	0.00179	0.00904	0.00433	0.00303	0.00936
8	0.07911	0.01559	0.01764	0.08270	0.02127	0.08198	0.03193	0.08392	0.13319	0.12231	0.01921	0.02412	0.01551	0.00935	0.00885	0.00229	0.09906	0.06724	0.00545	0.07927

[dist]
# distance from previous block
# <min> <max>
43	133

[block]
# block no. 2 follows, 30 sequences, length 33
# corresponding to MSA columns:
# 536-568
name=unknown_C
#
# <colnr> <probs for GDERKNQSTAVLIFYWHMCP>
#	G	D	E	R	K	N	Q	S	T	A	V	L	I	F	Y	W	H	M	C	P
0	0.05105	0.01382	0.05244	0.50387	0.09012	0.01514	0.04907	0.01895	0.04536	0.01976	0.01492	0.06813	0.01244	0.00796	0.00703	0.00233	0.00867	0.00714	0.00361	0.00819
1	0.01997	0.02367	0.01573	0.01457	0.01765	0.45266	0.01102	0.02274	0.04770	0.01921	0.09441	0.03067	0.14992	0.01057	0.00705	0.00204	0.00933	0.03870	0.00484	0.00757
2	0.07721	0.06463	0.19984	0.04945	0.04871	0.07452	0.06058	0.04386	0.05322	0.04588	0.05130	0.06039	0.08108	0.00971	0.00699	0.00225	0.00796	0.04899	0.00464	0.00879
3	0.01739	0.13750	0.33907	0.01962	0.05744	0.01905	0.08984	0.12847	0.08004	0.02541	0.01441	0.01610	0.01076	0.00697	0.00659	0.00211	0.00909	0.00574	0.00405	0.01036
4	0.00984	0.00689	0.00869	0.00960	0.01055	0.00667	0.00669	0.04135	0.01468	0.02017	0.06744	0.54928	0.07749	0.02090	0.04246	0.00304	0.00477	0.01684	0.07655	0.00610
5	0.01689	0.01301	0.01335	0.01194	0.01512	0.06695	0.00918	0.10075	0.19159	0.10057	0.07905	0.10145	0.15743	0.04579	0.04225	0.00290	0.00636	0.01017	0.00657	0.00870
6	0.01912	0.15077	0.24443	0.03733	0.13524	0.10013	0.01781	0.04893	0.01669	0.10824	0.01516	0.04916	0.01212	0.00754	0.00644	0.00204	0.00880	0.00598	0.00415	0.00992
7	0.04200	0.12818	0.27788	0.02535	0.15359	0.01827	0.21362	0.02183	0.01527	0.02181	0.01261	0.01577	0.00972	0.00624	0.00677	0.00212	0.00980	0.00600	0.00326	0.00991
8	0.01037	0.00929	0.00904	0.00897	0.01092	0.07104	0.00660	0.01250	0.01698	0.02120	0.24666	0.16622	0.35211	0.01640	0.00817	0.00233	0.00436	0.01400	0.00657	0.00626
9	0.01440	0.01359	0.01926	0.12487	0.14696	0.04288	0.01470	0.01802	0.04982	0.01845	0.01422	0.02065	0.01277	0.04816	0.18406	0.00477	0.23417	0.00666	0.00358	0.00801
10	0.01698	0.04869	0.13356	0.10766	0.05395	0.07666	0.12838	0.10202	0.04655	0.02369	0.06318	0.03324	0.01575	0.00866	0.00895	0.00230	0.09041	0.02595	0.00431	0.00911
11	0.00964	0.00722	0.00960	0.01107	0.03786	0.00690	0.00752	0.01229	0.04201	0.02082	0.17779	0.47364	0.07699	0.01883	0.00864	0.00266	0.00425	0.05931	0.00663	0.00634
12	0.09229	0.09512	0.02482	0.01893	0.02333	0.42502	0.14689	0.02496	0.01748	0.01932	0.01118	0.01371	0.00918	0.00698	0.00709	0.00197	0.04461	0.00518	0.00357	0.00837
13	0.01694	0.15924	0.15131	0.04742	0.15693	0.01860	0.16263	0.08329	0.04383	0.02318	0.01714	0.01952	0.05465	0.00725	0.00679	0.00209	0.00881	0.00661	0.00394	0.00981
14	0.01757	0.04856	0.10067	0.16856	0.26138	0.06232	0.10652	0.09583	0.01754	0.02342	0.01355	0.01784	0.01075	0.00687	0.00698	0.00215	0.00930	0.01656	0.00377	0.00986
15	0.00880	0.00646	0.00831	0.00957	0.01044	0.00597	0.00675	0.01039	0.01434	0.01883	0.08173	0.55016	0.14179	0.02058	0.00884	0.00276	0.00415	0.07776	0.00654	0.00582
16	0.02200	0.16016	0.02134	0.05459	0.02053	0.45649	0.01244	0.02333	0.01689	0.01628	0.01087	0.01391	0.00945	0.00943	0.00904	0.11716	0.01053	0.00468	0.00338	0.00749
17	0.01845	0.15195	0.24709	0.06780	0.07376	0.08373	0.04747	0.10638	0.03244	0.05612	0.01579	0.01748	0.03698	0.00733	0.00648	0.00204	0.00898	0.00579	0.00409	0.00983
18	0.01303	0.01147	0.01907	0.01684	0.05011	0.01127	0.18393	0.04276	0.06597	0.02264	0.10351	0.18774	0.05650	0.04811	0.03028	0.00294	0.00715	0.08245	0.03652	0.00769
19	0.01502	0.01198	0.01376	0.04698	0.04565	0.04543	0.01016	0.07590	0.14142	0.06765	0.09525	0.15300	0.14793	0.01362	0.00841	0.00243	0.03400	0.05684	0.00632	0.00825
20	0.01617	0.01327	0.01622	0.01570	0.06990	0.05951	0.05626	0.14643	0.06676	0.05053	0.07602	0.21090	0.05928	0.05344	0.00938	0.00265	0.00657	0.05662	0.00603	0.00834
21	0.02193	0.08900	0.02120	0.05098	0.13941	0.04314	0.02761	0.10750	0.08057	0.22447	0.04666	0.06016	0.01745	0.00884	0.00735	0.00215	0.02796	0.00732	0.00597	0.01032
22	0.01388	0.01256	0.01411	0.06334	0.06911	0.11393	0.03540	0.01597	0.01355	0.01797	0.01923	0.08831	0.01916	0.21420	0.12038	0.00469	0.03745	0.00845	0.11169	0.00661
23	0.01841	0.23245	0.32115	0.01737	0.02515	0.02076	0.06068	0.17894	0.01896	0.02570	0.01284	0.01448	0.00970	0.00681	0.00621	0.00199	0.00899	0.00522	0.00395	0.01024
24	0.02058	0.01702	0.02190	0.07305	0.15875	0.09549	0.08542	0.17757	0.02090	0.11474	0.06820	0.04916	0.04792	0.00881	0.00724	0.00215	0.00805	0.00768	0.00548	0.00986
25	0.01187	0.00833	0.01005	0.01034	0.01196	0.00827	0.00738	0.03516	0.11703	0.06386	0.06857	0.44574	0.10370	0.05150	0.00958	0.00281	0.00453	0.01560	0.00667	0.00703
26	0.01726	0.01671	0.07222	0.04987	0.09761	0.08544	0.05848	0.14866	0.05508	0.02406	0.06305	0.02384	0.04271	0.05754	0.01256	0.14697	0.00788	0.00717	0.00467	0.00822
27	0.11728	0.01170	0.01352	0.01324	0.05780	0.03933	0.00955	0.10101	0.01702	0.05731	0.17550	0.03121	0.02700	0.09732	0.15151	0.00446	0.03536	0.02675	0.00543	0.00768
28	0.01829	0.09390	0.25092	0.07814	0.12466	0.07724	0.09224	0.07405	0.01704	0.06972	0.01362	0.01611	0.01022	0.00691	0.00711	0.00212	0.02810	0.00577	0.00385	0.00996
29	0.01314	0.01028	0.01334	0.01258	0.01389	0.04353	0.00988	0.01526	0.01261	0.06443	0.03882	0.05701	0.01987	0.09047	0.37646	0.00733	0.14649	0.04347	0.00434	0.00680
30	0.01436	0.01920	0.21119	0.07113	0.19056	0.01377	0.11638	0.01954	0.01556	0.02290	0.07414	0.05371	0.01744	0.00798	0.00694	0.00215	0.00808	0.00741	0.11844	0.00911
31	0.01639	0.01606	0.07415	0.10824	0.13946	0.08946	0.07966	0.02025	0.01699	0.09114	0.14410	0.07791	0.02559	0.01018	0.00755	0.00228	0.00780	0.05900	0.00511	0.00866
32	0.01206	0.01007	0.03826	0.01355	0.01592	0.00915	0.10907	0.01474	0.01501	0.06734	0.10643	0.35745	0.06047	0.01850	0.05447	0.00316	0.03547	0.04592	0.00589	0.00706

[dist]
# distance from previous block
# <min> <max>
12	20

[block]
# block no. 3 follows, 30 sequences, length 73
# corresponding to MSA columns:
# 589-661
name=unknown_D
#
# <colnr> <probs for GDERKNQSTAVLIFYWHMCP>
#	G	D	E	R	K	N	Q	S	T	A	V	L	I	F	Y	W	H	M	C	P
0	0.01747	0.04224	0.26435	0.04576	0.22962	0.01597	0.06639	0.06234	0.03709	0.08969	0.01617	0.05332	0.01283	0.00758	0.00696	0.00219	0.00868	0.00673	0.00422	0.01040
1	0.01036	0.00828	0.01181	0.04180	0.04208	0.00820	0.04129	0.01324	0.04079	0.01998	0.14215	0.27949	0.11591	0.08785	0.07924	0.00375	0.00641	0.03506	0.00582	0.00648
2	0.01925	0.15978	0.25097	0.01814	0.04469	0.11893	0.07852	0.05320	0.04133	0.09794	0.01535	0.04456	0.01208	0.00751	0.00651	0.00205	0.00918	0.00605	0.00421	0.00977
3	0.01754	0.04811	0.19968	0.09660	0.15657	0.04030	0.09697	0.08860	0.09156	0.05173	0.03442	0.01869	0.01306	0.00726	0.00696	0.00218	0.00883	0.00643	0.00435	0.01015
4	0.01177	0.04039	0.01067	0.00979	0.01161	0.00786	0.00730	0.03630	0.01640	0.07760	0.17770	0.36203	0.14297	0.01735	0.00829	0.00251	0.00434	0.04159	0.00676	0.00678
5	0.01849	0.07552	0.04702	0.01528	0.01977	0.04912	0.08848	0.16915	0.16782	0.05785	0.05238	0.06779	0.07206	0.00989	0.00754	0.00221	0.02772	0.00828	0.03404	0.00958
6	0.11275	0.01936	0.16451	0.01782	0.06963	0.04520	0.08794	0.06322	0.13468	0.06391	0.08819	0.02481	0.03830	0.00873	0.00696	0.00225	0.00758	0.02945	0.00520	0.00951
7	0.04903	0.17606	0.34699	0.05336	0.06562	0.01709	0.04244	0.01992	0.01465	0.02098	0.04281	0.09088	0.01515	0.00832	0.00648	0.00213	0.00847	0.00683	0.00363	0.00917
8	0.01801	0.01676	0.02206	0.35797	0.18701	0.12002	0.01782	0.04712	0.01627	0.07419	0.01351	0.01759	0.01036	0.00728	0.00765	0.00221	0.04531	0.00602	0.00383	0.00901
9	0.01838	0.22510	0.29753	0.01630	0.02325	0.15073	0.01737	0.04153	0.06178	0.04179	0.01492	0.01613	0.03220	0.00720	0.00610	0.00195	0.00924	0.00522	0.00375	0.00954
10	0.01961	0.06926	0.12687	0.07049	0.19939	0.14041	0.01708	0.11771	0.04489	0.05337	0.01634	0.01832	0.03955	0.00766	0.00714	0.00208	0.02953	0.00606	0.00433	0.00992
11	0.02868	0.04361	0.01368	0.01221	0.01367	0.02571	0.05789	0.03166	0.01371	0.01861	0.02873	0.45247	0.03290	0.07160	0.06501	0.00359	0.05986	0.01457	0.00539	0.00645
12	0.01576	0.02050	0.19169	0.09137	0.16394	0.03872	0.11736	0.08269	0.03777	0.02382	0.04883	0.02440	0.09540	0.00835	0.00725	0.00221	0.00863	0.00753	0.00428	0.00950
13	0.01819	0.08724	0.31051	0.04224	0.05388	0.01731	0.06219	0.11059	0.09738	0.09110	0.01751	0.01852	0.02711	0.00751	0.00675	0.00216	0.00859	0.00617	0.00464	0.01042
14	0.01594	0.01754	0.08822	0.36536	0.26649	0.05848	0.02006	0.04745	0.01579	0.02092	0.01274	0.01736	0.00993	0.00676	0.00688	0.00219	0.00919	0.00601	0.00339	0.00929
15	0.01573	0.01189	0.01240	0.05730	0.01566	0.10420	0.00898	0.01878	0.03654	0.13645	0.25238	0.09441	0.12825	0.03834	0.00870	0.00242	0.00575	0.03765	0.00656	0.00760
16	0.01745	0.09830	0.34520	0.01734	0.02473	0.04214	0.07132	0.09581	0.01754	0.08601	0.03663	0.02009	0.05065	0.00951	0.03499	0.00248	0.00931	0.00635	0.00434	0.00983
17	0.01736	0.01690	0.02388	0.06244	0.44336	0.08198	0.01770	0.04970	0.01659	0.02267	0.04058	0.04807	0.01423	0.00760	0.00764	0.00206	0.04422	0.00670	0.00393	0.07240
18	0.00955	0.00646	0.00827	0.00935	0.01006	0.00599	0.00626	0.01073	0.01345	0.04429	0.03878	0.58182	0.09782	0.10779	0.01193	0.00323	0.00440	0.01777	0.00629	0.00576
19	0.01690	0.01756	0.06906	0.07103	0.64253	0.01651	0.02159	0.02130	0.01574	0.02255	0.01306	0.01718	0.01085	0.00627	0.00689	0.00209	0.00845	0.00615	0.00341	0.01087
20	0.01856	0.01513	0.03996	0.05320	0.23995	0.01528	0.03921	0.06443	0.18015	0.12076	0.06529	0.02444	0.04620	0.00869	0.00777	0.00224	0.03524	0.00752	0.00559	0.01037
21	0.01538	0.01559	0.05876	0.35599	0.27940	0.01605	0.05949	0.04878	0.01573	0.02133	0.01385	0.02005	0.01121	0.00713	0.00711	0.00225	0.00896	0.03013	0.00353	0.00928
22	0.04333	0.00764	0.00869	0.00911	0.01081	0.00724	0.00662	0.03578	0.03588	0.02094	0.10084	0.34699	0.28522	0.01815	0.00832	0.00255	0.00410	0.03497	0.00652	0.00631
23	0.08527	0.08478	0.05157	0.02141	0.17442	0.04419	0.04034	0.21323	0.04795	0.06957	0.01582	0.04766	0.01279	0.00817	0.00756	0.00215	0.05138	0.00647	0.00504	0.01023
24	0.01478	0.03545	0.67400	0.01970	0.02965	0.03761	0.02499	0.04493	0.01550	0.02269	0.01262	0.01474	0.00895	0.00671	0.00663	0.00219	0.01029	0.00518	0.00310	0.01030
25	0.01334	0.01075	0.01222	0.01289	0.05426	0.04645	0.00872	0.08654	0.09405	0.02270	0.08588	0.31703	0.03301	0.10509	0.03485	0.00326	0.00600	0.01282	0.03279	0.00733
26	0.01626	0.01647	0.02335	0.25811	0.25889	0.09987	0.05745	0.02081	0.04258	0.02086	0.06809	0.02024	0.01487	0.00762	0.00784	0.00221	0.04495	0.00670	0.00382	0.00902
27	0.02174	0.31741	0.02584	0.01488	0.01957	0.29973	0.01247	0.05910	0.12828	0.02011	0.01351	0.01442	0.01111	0.00713	0.00574	0.00178	0.00917	0.00483	0.00409	0.00910
28	0.01400	0.03610	0.71860	0.01989	0.03020	0.01621	0.02578	0.02210	0.01473	0.02210	0.01252	0.01473	0.00884	0.00663	0.00663	0.00221	0.01031	0.00516	0.00295	0.01031
29	0.00868	0.00683	0.00777	0.00818	0.00982	0.00602	0.00592	0.01047	0.01548	0.01955	0.13734	0.24561	0.40635	0.04732	0.00953	0.00266	0.00386	0.03620	0.00654	0.00587
30	0.01810	0.01744	0.03999	0.05849	0.34679	0.06194	0.03999	0.10685	0.11178	0.02519	0.01699	0.06490	0.01446	0.00826	0.00770	0.00221	0.03681	0.00726	0.00456	0.01028
31	0.01200	0.00872	0.01157	0.01234	0.01424	0.00882	0.01051	0.04831	0.04529	0.02362	0.15481	0.06880	0.04257	0.01745	0.00915	0.00294	0.00589	0.48934	0.00670	0.00691
32	0.01175	0.00695	0.00933	0.01021	0.01135	0.00639	0.00718	0.01324	0.01437	0.11404	0.03690	0.62450	0.04195	0.01994	0.00867	0.00276	0.00440	0.04275	0.00677	0.00655
33	0.02229	0.05866	0.02074	0.01824	0.04781	0.47048	0.04633	0.05175	0.01901	0.01957	0.05456	0.02084	0.01509	0.00870	0.00756	0.00203	0.04697	0.05701	0.00414	0.00822
34	0.01965	0.01858	0.03408	0.02477	0.03127	0.01834	0.46285	0.19134	0.04686	0.05627	0.01588	0.01878	0.01159	0.00676	0.00783	0.00228	0.01026	0.00768	0.00474	0.01019
35	0.02607	0.03326	0.01978	0.01798	0.02157	0.72674	0.01348	0.02787	0.01978	0.01708	0.01079	0.01258	0.00899	0.00719	0.00629	0.00180	0.01258	0.00449	0.00360	0.00809
36	0.01949	0.01857	0.03539	0.02556	0.03221	0.01806	0.50265	0.16469	0.02016	0.06812	0.01547	0.01868	0.01126	0.00658	0.00790	0.00229	0.01055	0.00775	0.00457	0.01008
37	0.02010	0.01833	0.02687	0.04898	0.15091	0.04571	0.19764	0.22858	0.13597	0.02985	0.01696	0.01887	0.01276	0.00740	0.00730	0.00220	0.00878	0.00700	0.00516	0.01063
38	0.00830	0.00686	0.00729	0.00763	0.00957	0.00584	0.00555	0.00995	0.01536	0.01863	0.06383	0.21255	0.56743	0.01856	0.00839	0.00246	0.00364	0.01582	0.00648	0.00584
39	0.00850	0.00607	0.00810	0.00972	0.01012	0.00567	0.00648	0.00972	0.01336	0.01781	0.03846	0.75020	0.04615	0.02186	0.00891	0.00283	0.00405	0.01984	0.00648	0.00567
40	0.01660	0.01846	0.03908	0.03160	0.14637	0.01747	0.57766	0.02220	0.01638	0.02243	0.01396	0.01857	0.01066	0.00594	0.00802	0.00231	0.01120	0.00791	0.00352	0.00968
41	0.07282	0.07488	0.33644	0.02065	0.11259	0.09248	0.01943	0.05037	0.07002	0.02308	0.01327	0.01537	0.01019	0.00721	0.00735	0.00216	0.05279	0.00535	0.00368	0.00985
42	0.01779	0.01757	0.02782	0.04135	0.67021	0.05881	0.02094	0.02180	0.01612	0.02246	0.01299	0.01699	0.01093	0.00628	0.00687	0.00206	0.00855	0.00612	0.00346	0.01088
43	0.01002	0.00727	0.01017	0.01017	0.01105	0.00815	0.00742	0.01179	0.01091	0.01543	0.01965	0.03271	0.01974	0.25616	0.52643	0.00992	0.01523	0.00825	0.00388	0.00565
44	0.01680	0.38347	0.16805	0.01616	0.02215	0.04539	0.09000	0.02049	0.01440	0.01839	0.01384	0.01613	0.04482	0.00746	0.00775	0.00197	0.09517	0.00538	0.00324	0.00893
45	0.04646	0.06933	0.08997	0.01795	0.06256	0.11347	0.09792	0.08001	0.14519	0.09868	0.05703	0.04077	0.03276	0.00850	0.00692	0.00215	0.00805	0.00719	0.00533	0.00976
46	0.01589	0.01313	0.02106	0.01802	0.06160	0.01284	0.19371	0.09846	0.06700	0.07832	0.08052	0.14783	0.11453	0.01187	0.00799	0.00239	0.00704	0.03323	0.00586	0.00873
47	0.01372	0.00967	0.01119	0.01031	0.01303	0.00967	0.00804	0.08641	0.09708	0.07757	0.14195	0.08752	0.24313	0.01774	0.07471	0.00316	0.00592	0.04460	0.03683	0.00774
48	0.06789	0.04649	0.06257	0.01872	0.07488	0.22205	0.06806	0.12317	0.13674	0.05482	0.01699	0.04704	0.01360	0.00812	0.00672	0.00210	0.00889	0.00648	0.00499	0.00968
49	0.01632	0.18184	0.43219	0.04191	0.08104	0.01829	0.04846	0.02238	0.01507	0.06204	0.01294	0.01502	0.00962	0.00656	0.00630	0.00206	0.00933	0.00521	0.00336	0.01007
50	0.01993	0.02191	0.05811	0.01586	0.04674	0.31917	0.01218	0.09690	0.01928	0.04728	0.07468	0.11834	0.03910	0.01213	0.03849	0.00247	0.00928	0.00809	0.03179	0.00827
51	0.01631	0.21067	0.37961	0.01862	0.05356	0.08711	0.05926	0.02175	0.01529	0.02010	0.01464	0.01658	0.04352	0.00700	0.00625	0.00200	0.00950	0.00544	0.00325	0.00952
52	0.03976	0.05121	0.16913	0.04773	0.15142	0.03320	0.05059	0.14574	0.08740	0.07047	0.01764	0.01916	0.03549	0.00788	0.00756	0.00219	0.04196	0.00641	0.00477	0.01032
53	0.01419	0.00855	0.01091	0.01052	0.01222	0.00853	0.00768	0.09513	0.01575	0.09754	0.04706	0.31426	0.04477	0.04402	0.07115	0.13617	0.00626	0.01232	0.03625	0.00673
54	0.01525	0.01891	0.15057	0.20132	0.31941	0.01594	0.10317	0.02032	0.01519	0.02123	0.01401	0.04751	0.01163	0.00707	0.00712	0.00222	0.00915	0.00683	0.00341	0.00971
55	0.06863	0.02260	0.06529	0.02397	0.17422	0.22281	0.11015	0.10318	0.04647	0.02398	0.01409	0.03994	0.01165	0.00761	0.00740	0.00212	0.03589	0.00631	0.00418	0.00950
56	0.01837	0.04317	0.18056	0.05231	0.14084	0.09051	0.17951	0.04559	0.04675	0.08304	0.01583	0.04397	0.01240	0.00734	0.00713	0.00218	0.00954	0.00686	0.00419	0.00990
57	0.01258	0.01198	0.04440	0.01679	0.07900	0.01206	0.08346	0.04000	0.04433	0.02040	0.05422	0.20172	0.07033	0.02167	0.15984	0.00436	0.09954	0.01086	0.00485	0.00761
58	0.01713	0.13262	0.26205	0.06036	0.05275	0.09946	0.04001	0.07393	0.04357	0.03786	0.01773	0.04200	0.05300	0.00930	0.02688	0.00234	0.00921	0.00642	0.00403	0.00937
59	0.01606	0.11365	0.20965	0.01613	0.06330	0.06734	0.01489	0.06467	0.07603	0.04454	0.06454	0.05690	0.07803	0.04238	0.00817	0.00237	0.00765	0.03992	0.00480	0.00899
60	0.01162	0.01007	0.01243	0.10769	0.04202	0.04009	0.00990	0.01592	0.09573	0.02023	0.07970	0.32485	0.11902	0.01579	0.00860	0.00256	0.02877	0.04212	0.00585	0.00706
61	0.04927	0.02436	0.28459	0.01892	0.05472	0.08721	0.10046	0.07345	0.01768	0.11038	0.06292	0.02071	0.03073	0.02481	0.00760	0.00227	0.00899	0.00662	0.00461	0.00972
62	0.07364	0.09358	0.23294	0.03986	0.05368	0.19051	0.04220	0.07121	0.01725	0.02248	0.04095	0.06263	0.01382	0.00806	0.00651	0.00207	0.00933	0.00628	0.00396	0.00904
63	0.01484	0.06449	0.22390	0.06773	0.10371	0.05603	0.01613	0.04444	0.09018	0.02165	0.02347	0.07211	0.09293	0.05302	0.00868	0.00249	0.00790	0.02296	0.00443	0.00892
64	0.01516	0.03792	0.06492	0.01374	0.05633	0.08983	0.01064	0.06691	0.01705	0.06288	0.08891	0.12818	0.15845	0.05603	0.00988	0.00255	0.04387	0.03262	0.03643	0.00772
65	0.01811	0.06383	0.11932	0.05684	0.06581	0.06495	0.16192	0.13965	0.04186	0.04844	0.01864	0.07577	0.04199	0.00881	0.00793	0.00224	0.04203	0.00774	0.00463	0.00949
66	0.02036	0.01915	0.07635	0.08829	0.22576	0.08223	0.04745	0.15608	0.08239	0.09038	0.01757	0.01924	0.02770	0.00759	0.00697	0.00214	0.00839	0.00650	0.00498	0.01048
67	0.01411	0.01239	0.01337	0.01284	0.01490	0.12245	0.05188	0.03613	0.03596	0.06071	0.03133	0.41656	0.06015	0.01798	0.03876	0.00291	0.00685	0.03776	0.00587	0.00707
68	0.04034	0.02314	0.25997	0.07770	0.12855	0.04467	0.18972	0.02192	0.01578	0.06301	0.01720	0.01989	0.05171	0.00720	0.00714	0.00222	0.00960	0.00678	0.00380	0.00965
69	0.05031	0.07696	0.10569	0.02702	0.31010	0.06143	0.01759	0.17530	0.04396	0.02720	0.01448	0.03293	0.01173	0.00729	0.00662	0.00206	0.00827	0.00609	0.00441	0.01055
70	0.01625	0.11643	0.15391	0.14871	0.05076	0.06850	0.04984	0.10162	0.03327	0.02306	0.06855	0.08817	0.03357	0.00912	0.00690	0.00216	0.00823	0.00765	0.00443	0.00888
71	0.01273	0.00859	0.01113	0.01091	0.01245	0.00879	0.00818	0.03996	0.01570	0.09806	0.11663	0.37096	0.11894	0.01728	0.01008	0.00263	0.08826	0.03524	0.00649	0.00698
72	0.01949	0.02451	0.21709	0.06265	0.07802	0.17226	0.05530	0.05706	0.04559	0.09825	0.01651	0.02127	0.01311	0.00824	0.00749	0.00222	0.03192	0.05501	0.00443	0.00958

[dist]
# distance from previous block
# <min> <max>
2	13

[block]
# block no. 4 follows, 30 sequences, length 46
# corresponding to MSA columns:
# 682-685,693-734
name=unknown_E
#
# <colnr> <probs for GDERKNQSTAVLIFYWHMCP>
#	G	D	E	R	K	N	Q	S	T	A	V	L	I	F	Y	W	H	M	C	P
0	0.01812	0.18615	0.16990	0.06855	0.16284	0.06887	0.07425	0.05423	0.01654	0.06355	0.01560	0.01777	0.03978	0.00707	0.00645	0.00201	0.00881	0.00591	0.00385	0.00974
1	0.03389	0.08137	0.19382	0.04339	0.04975	0.09668	0.06055	0.08131	0.10351	0.06752	0.01871	0.01996	0.05280	0.00825	0.00781	0.00219	0.05785	0.00641	0.00456	0.00966
2	0.06256	0.01114	0.01325	0.01228	0.01446	0.07015	0.05365	0.01695	0.03085	0.10297	0.07038	0.31047	0.05655	0.05019	0.01055	0.03364	0.03388	0.03311	0.00588	0.00710
3	0.04721	0.04919	0.21426	0.04983	0.16008	0.05230	0.01715	0.08326	0.06823	0.06728	0.03350	0.09379	0.01618	0.00881	0.00688	0.00220	0.00801	0.00739	0.00465	0.00981
4	0.01883	0.13897	0.10603	0.06963	0.02244	0.04127	0.05431	0.12607	0.12385	0.09985	0.02432	0.02442	0.10254	0.00887	0.00677	0.00212	0.00745	0.00720	0.00535	0.00972
5	0.01627	0.02153	0.20272	0.08588	0.31648	0.01709	0.11678	0.04885	0.01588	0.02265	0.01294	0.01680	0.01020	0.00683	0.00812	0.00223	0.05892	0.00623	0.00343	0.01018
6	0.01025	0.00821	0.00926	0.00983	0.01103	0.04045	0.00701	0.01273	0.04126	0.02030	0.17961	0.36192	0.11638	0.08144	0.01084	0.00295	0.00469	0.05930	0.00642	0.00613
7	0.02339	0.04413	0.07909	0.04376	0.05026	0.07047	0.01383	0.26651	0.08662	0.17142	0.02035	0.02021	0.03775	0.00852	0.00737	0.00215	0.03071	0.00655	0.00616	0.01074
8	0.04316	0.08216	0.28485	0.01889	0.07866	0.04242	0.03955	0.07369	0.15562	0.08776	0.01714	0.01787	0.01256	0.00742	0.00661	0.00215	0.00834	0.00597	0.00472	0.01047
9	0.01415	0.01001	0.01169	0.01121	0.01332	0.03961	0.00843	0.07440	0.06460	0.08673	0.09821	0.26525	0.05296	0.02305	0.16056	0.00429	0.00799	0.01199	0.03407	0.00751
10	0.04512	0.02454	0.33571	0.05650	0.14180	0.01605	0.07938	0.04374	0.09131	0.02356	0.01576	0.02024	0.01250	0.02963	0.00779	0.00239	0.00900	0.03114	0.00390	0.00993
11	0.02127	0.11415	0.07389	0.01646	0.02154	0.16246	0.10104	0.02773	0.14866	0.16456	0.01981	0.06485	0.01561	0.00849	0.00681	0.00211	0.00839	0.00708	0.00536	0.00973
12	0.04096	0.06834	0.28250	0.04143	0.06821	0.04487	0.06452	0.09276	0.07620	0.05052	0.01734	0.02004	0.03646	0.00847	0.00765	0.03583	0.00866	0.02126	0.00430	0.00969
13	0.01572	0.01674	0.03948	0.01779	0.13374	0.18531	0.01189	0.04401	0.04367	0.02117	0.08925	0.14767	0.13039	0.01386	0.03485	0.00258	0.00775	0.03101	0.00519	0.00794
14	0.01946	0.07870	0.10205	0.01790	0.06862	0.09279	0.08666	0.09395	0.10754	0.11311	0.06895	0.02530	0.05031	0.00889	0.00707	0.00216	0.00793	0.03343	0.00544	0.00975
15	0.01932	0.21913	0.13580	0.04617	0.10150	0.13407	0.04168	0.09703	0.01805	0.04501	0.04599	0.01833	0.01351	0.00750	0.00633	0.00196	0.00882	0.02619	0.00412	0.00947
16	0.04406	0.00853	0.01176	0.01147	0.01324	0.00848	0.03961	0.03792	0.01487	0.08945	0.05250	0.43312	0.05699	0.02102	0.08000	0.00350	0.02575	0.03464	0.00616	0.00692
17	0.01683	0.08054	0.19839	0.06731	0.17685	0.12048	0.07492	0.02266	0.07010	0.02106	0.01566	0.07531	0.01353	0.00798	0.00685	0.00215	0.00916	0.00691	0.00383	0.00950
18	0.01802	0.09742	0.22130	0.04670	0.04599	0.06666	0.07620	0.11794	0.05001	0.06830	0.01733	0.08948	0.01461	0.00986	0.02734	0.00243	0.00894	0.00725	0.00458	0.00964
19	0.01664	0.07578	0.16239	0.07000	0.15971	0.04295	0.04794	0.04965	0.07394	0.05041	0.01697	0.06543	0.01417	0.00831	0.00750	0.00217	0.04546	0.00692	0.07420	0.00947
20	0.01755	0.01691	0.01934	0.04280	0.13116	0.15690	0.07880	0.08667	0.03756	0.04939	0.06420	0.02921	0.13257	0.04175	0.06162	0.00298	0.00893	0.00820	0.00494	0.00855
21	0.01898	0.05097	0.17183	0.11323	0.07171	0.11872	0.06700	0.02426	0.06083	0.13335	0.01724	0.06252	0.01368	0.00830	0.00753	0.00221	0.03674	0.00686	0.00456	0.00950
22	0.01886	0.09659	0.23431	0.01986	0.06743	0.04792	0.10077	0.09912	0.04589	0.09488	0.01544	0.01832	0.01179	0.00781	0.00821	0.00222	0.07278	0.02335	0.00440	0.01005
23	0.01387	0.01002	0.03602	0.01366	0.04738	0.00882	0.05997	0.04126	0.01577	0.12408	0.03442	0.42572	0.08262	0.01654	0.00831	0.00259	0.00550	0.03954	0.00634	0.00756
24	0.01776	0.08131	0.12119	0.08303	0.12831	0.17001	0.06896	0.02215	0.04212	0.04458	0.01851	0.04417	0.05549	0.00867	0.00753	0.00217	0.03700	0.03403	0.00406	0.00895
25	0.06586	0.11073	0.22638	0.06043	0.09408	0.01717	0.03449	0.12053	0.04367	0.07659	0.01750	0.05230	0.03441	0.00808	0.00658	0.00214	0.00804	0.00655	0.00457	0.00990
26	0.01677	0.05816	0.23343	0.09287	0.20603	0.07236	0.07728	0.06185	0.01636	0.02221	0.01353	0.04090	0.01109	0.00736	0.00753	0.00218	0.04047	0.00628	0.00357	0.00977
27	0.01414	0.03742	0.01171	0.01087	0.03853	0.03016	0.00776	0.01615	0.01606	0.14474	0.12514	0.19530	0.21338	0.07020	0.03384	0.00296	0.00539	0.01254	0.00643	0.00728
28	0.05847	0.09986	0.12649	0.04534	0.14824	0.09013	0.08724	0.11611	0.03886	0.10157	0.01491	0.01661	0.01113	0.00702	0.00659	0.00207	0.00877	0.00587	0.00455	0.01017
29	0.01965	0.09852	0.07170	0.09338	0.04728	0.09326	0.07224	0.13507	0.06591	0.09746	0.04508	0.04837	0.04142	0.00873	0.00739	0.00215	0.03060	0.00715	0.00512	0.00951
30	0.01033	0.00845	0.00966	0.03452	0.01236	0.03469	0.00732	0.01349	0.07138	0.01949	0.10079	0.37155	0.15694	0.06899	0.04394	0.00325	0.00538	0.01500	0.00614	0.00633
31	0.01610	0.07078	0.31343	0.06434	0.10050	0.08852	0.04472	0.04696	0.04270	0.02181	0.01726	0.02200	0.04464	0.00823	0.00728	0.00221	0.02769	0.04756	0.00380	0.00946
32	0.01988	0.05456	0.26386	0.01831	0.05258	0.12930	0.04275	0.16533	0.04586	0.07066	0.01819	0.01911	0.05271	0.00792	0.00678	0.00210	0.00910	0.00620	0.00469	0.01010
33	0.01546	0.04786	0.17970	0.10755	0.13577	0.01591	0.16890	0.06707	0.03418	0.02378	0.09296	0.04552	0.01785	0.00798	0.00729	0.00222	0.00879	0.00757	0.00422	0.00942
34	0.00966	0.03914	0.00974	0.00989	0.01086	0.03473	0.00690	0.01108	0.01414	0.01828	0.07006	0.60499	0.09488	0.01994	0.00854	0.00267	0.00445	0.01783	0.00627	0.00596
35	0.01859	0.14128	0.13591	0.05741	0.05196	0.01750	0.05930	0.09167	0.05896	0.11948	0.01812	0.05037	0.02974	0.03399	0.00931	0.00236	0.08282	0.00688	0.00478	0.00956
36	0.06847	0.08859	0.13649	0.01544	0.04282	0.04418	0.01370	0.17026	0.16649	0.05709	0.05175	0.07828	0.01823	0.00923	0.00673	0.00218	0.00713	0.00739	0.00560	0.00997
37	0.01645	0.01593	0.02568	0.11173	0.56528	0.03929	0.01975	0.02037	0.01572	0.02175	0.01614	0.04768	0.03864	0.00737	0.00702	0.00213	0.00819	0.00701	0.00365	0.01021
38	0.01968	0.17727	0.18669	0.01751	0.04888	0.09484	0.06381	0.05479	0.14404	0.10103	0.01672	0.01736	0.01249	0.00731	0.00642	0.00204	0.00849	0.00582	0.00467	0.01013
39	0.04624	0.12575	0.15896	0.01734	0.02325	0.23637	0.07742	0.06659	0.06577	0.09629	0.01464	0.01575	0.01098	0.00716	0.00641	0.00200	0.00964	0.00546	0.00439	0.00959
40	0.01507	0.02501	0.36306	0.05454	0.05597	0.01533	0.15231	0.02265	0.07527	0.04970	0.06018	0.04750	0.01577	0.00787	0.00722	0.00227	0.00920	0.00720	0.00411	0.00975
41	0.00965	0.00719	0.00856	0.00874	0.01038	0.00685	0.00643	0.01259	0.04389	0.02133	0.18655	0.20432	0.25626	0.02065	0.09054	0.00338	0.00539	0.01355	0.07746	0.00630
42	0.01784	0.13729	0.09557	0.10607	0.18189	0.10578	0.01619	0.07342	0.09476	0.02268	0.03660	0.05208	0.01458	0.00795	0.00659	0.00206	0.00830	0.00653	0.00426	0.00956
43	0.01754	0.05545	0.30726	0.06853	0.12405	0.11440	0.04507	0.06973	0.08828	0.02327	0.01426	0.01638	0.01078	0.00703	0.00670	0.00213	0.00954	0.00571	0.00385	0.01004
44	0.00892	0.00649	0.00846	0.00993	0.01050	0.00622	0.00669	0.01100	0.04556	0.01835	0.03799	0.71618	0.04499	0.02128	0.00882	0.00281	0.00412	0.01928	0.00651	0.00592
45	0.01705	0.02264	0.16280	0.07187	0.18297	0.09408	0.27240	0.02301	0.04351	0.02183	0.01370	0.01730	0.01053	0.00645	0.00730	0.00220	0.01041	0.00666	0.00353	0.00977

[dist]
# distance from previous block
# <min> <max>
9	15

[block]
# block no. 5 follows, 30 sequences, length 25
# corresponding to MSA columns:
# 750-774
name=unknown_F
#
# <colnr> <probs for GDERKNQSTAVLIFYWHMCP>
#	G	D	E	R	K	N	Q	S	T	A	V	L	I	F	Y	W	H	M	C	P
0	0.02235	0.08992	0.02119	0.05124	0.05257	0.17003	0.01329	0.26096	0.19334	0.02980	0.01738	0.01779	0.01319	0.00801	0.00663	0.00205	0.00826	0.00606	0.00558	0.01036
1	0.01978	0.18310	0.10690	0.07394	0.08142	0.05692	0.01515	0.17866	0.15186	0.04161	0.01623	0.01721	0.01239	0.00750	0.00637	0.00203	0.00792	0.00581	0.00490	0.01030
2	0.01666	0.23505	0.39146	0.01923	0.06221	0.05455	0.06107	0.04564	0.01563	0.02110	0.01193	0.01410	0.00921	0.00647	0.00614	0.00199	0.00952	0.00501	0.00319	0.00986
3	0.01014	0.00789	0.01076	0.01305	0.07571	0.00778	0.00829	0.01324	0.06561	0.01973	0.07837	0.52313	0.06197	0.02046	0.04625	0.00311	0.00526	0.01640	0.00618	0.00667
4	0.01537	0.05262	0.14506	0.05382	0.05465	0.05006	0.05766	0.06705	0.04965	0.06504	0.06424	0.12286	0.12070	0.01148	0.00746	0.00230	0.00722	0.03889	0.00526	0.00861
5	0.02014	0.07369	0.17134	0.08669	0.12630	0.13974	0.01675	0.04339	0.05915	0.14055	0.01680	0.04626	0.01302	0.00782	0.00669	0.00210	0.00875	0.00630	0.00464	0.00988
6	0.01604	0.01957	0.10742	0.16098	0.15506	0.03945	0.35481	0.02150	0.01582	0.02140	0.01335	0.01787	0.01019	0.00626	0.00754	0.00227	0.01058	0.00706	0.00338	0.00945
7	0.00898	0.00688	0.00820	0.00839	0.00993	0.00624	0.00605	0.01102	0.01597	0.02096	0.24962	0.20859	0.30135	0.05799	0.04508	0.00308	0.00449	0.01461	0.00659	0.00598
8	0.05025	0.02695	0.25848	0.01890	0.07147	0.19049	0.01746	0.10921	0.06240	0.10585	0.01534	0.01629	0.01115	0.00737	0.00660	0.00209	0.00940	0.00555	0.00463	0.01014
9	0.05156	0.07113	0.37952	0.04412	0.02593	0.06632	0.04851	0.07366	0.05030	0.04584	0.04059	0.01884	0.03838	0.00763	0.00664	0.00215	0.00903	0.00604	0.00408	0.00973
10	0.00900	0.00662	0.00849	0.00980	0.01052	0.00632	0.00667	0.01127	0.04926	0.01880	0.06234	0.65855	0.07472	0.02077	0.00876	0.00277	0.00408	0.01874	0.00655	0.00599
11	0.04253	0.01108	0.01227	0.04875	0.01522	0.05008	0.02484	0.04140	0.14457	0.02368	0.18727	0.16039	0.14272	0.05263	0.00921	0.00259	0.00533	0.01172	0.00628	0.00746
12	0.01984	0.01986	0.16322	0.05205	0.12625	0.06451	0.01607	0.11014	0.06335	0.15245	0.01931	0.09209	0.01576	0.00921	0.00782	0.00225	0.04292	0.00751	0.00528	0.01010
13	0.01858	0.07747	0.30861	0.01854	0.02570	0.04843	0.10627	0.04865	0.09640	0.12323	0.01647	0.01765	0.01188	0.00746	0.00757	0.00221	0.04401	0.00611	0.00451	0.01024
14	0.01756	0.01850	0.02302	0.17588	0.34301	0.17019	0.01779	0.02098	0.01605	0.01996	0.01579	0.04512	0.04237	0.00788	0.00752	0.00214	0.03671	0.00670	0.00364	0.00918
15	0.02051	0.12106	0.10904	0.01858	0.11863	0.10804	0.01461	0.08706	0.01818	0.15237	0.02054	0.04371	0.05059	0.00915	0.00731	0.00214	0.03146	0.05225	0.00509	0.00967
16	0.01847	0.07717	0.20108	0.04369	0.02402	0.07934	0.09801	0.14066	0.01852	0.07227	0.01823	0.05409	0.04672	0.00956	0.00844	0.06027	0.00872	0.00698	0.00455	0.00922
17	0.00868	0.00623	0.00808	0.00939	0.00992	0.00581	0.00626	0.00994	0.01358	0.01808	0.07352	0.62984	0.07728	0.07486	0.01079	0.00307	0.00418	0.01851	0.00638	0.00562
18	0.01532	0.02798	0.43348	0.02237	0.09162	0.01641	0.12142	0.05231	0.07753	0.02365	0.01539	0.04383	0.01194	0.00738	0.00704	0.00225	0.00956	0.00655	0.00376	0.01021
19	0.08255	0.04585	0.07139	0.07381	0.22275	0.05400	0.06605	0.13780	0.03999	0.05015	0.03958	0.05498	0.01462	0.00797	0.00683	0.00215	0.00806	0.00691	0.00467	0.00987
20	0.01755	0.05106	0.18872	0.07384	0.22674	0.04850	0.16985	0.02328	0.03930	0.07262	0.01450	0.01744	0.01095	0.00661	0.00704	0.00216	0.00950	0.00637	0.00382	0.01014
21	0.01031	0.00712	0.00915	0.00982	0.01084	0.00697	0.00686	0.01270	0.04730	0.04622	0.08367	0.43864	0.07152	0.10627	0.08139	0.00398	0.00590	0.02901	0.00616	0.00616
22	0.01964	0.15576	0.15669	0.02002	0.09354	0.11918	0.09601	0.11777	0.04917	0.05454	0.01630	0.01781	0.03837	0.00736	0.00657	0.00202	0.00904	0.00603	0.00432	0.00987
23	0.02061	0.08701	0.09200	0.01998	0.15175	0.05909	0.03770	0.09832	0.06754	0.17187	0.07364	0.05379	0.01857	0.00861	0.00690	0.00211	0.00745	0.00726	0.00559	0.01021
24	0.01271	0.00963	0.01378	0.04121	0.07089	0.00971	0.04275	0.06141	0.04581	0.04653	0.03143	0.34854	0.07110	0.01879	0.05309	0.03459	0.00650	0.06846	0.00580	0.00727

[dist]
# distance from previous block
# <min> <max>
0	1

[block]
# block no. 6 follows, 30 sequences, length 21
# corresponding to MSA columns:
# 776-796
name=unknown_G
#
# <colnr> <probs for GDERKNQSTAVLIFYWHMCP>
#	G	D	E	R	K	N	Q	S	T	A	V	L	I	F	Y	W	H	M	C	P
0	0.01847	0.10995	0.10676	0.06553	0.10164	0.16191	0.04967	0.04028	0.03753	0.06855	0.07024	0.04976	0.01672	0.00993	0.03244	0.00241	0.03810	0.00677	0.00437	0.00900
1	0.04998	0.28070	0.13289	0.03888	0.09173	0.01845	0.02956	0.05572	0.01585	0.08189	0.01816	0.10119	0.03997	0.00877	0.00622	0.00201	0.00740	0.00707	0.00434	0.00922
2	0.01768	0.04497	0.01775	0.01639	0.07808	0.09709	0.01186	0.18829	0.05448	0.02532	0.04465	0.10251	0.04712	0.03389	0.11372	0.00367	0.08032	0.00836	0.00516	0.00869
3	0.01738	0.22756	0.20517	0.01922	0.09324	0.05019	0.08750	0.05382	0.03935	0.05029	0.03725	0.04016	0.03431	0.00764	0.00643	0.00201	0.00849	0.00635	0.00403	0.00959
4	0.01970	0.08678	0.07126	0.04997	0.09394	0.06271	0.03645	0.12799	0.21191	0.08952	0.03900	0.02206	0.04108	0.00841	0.00683	0.00214	0.00740	0.00690	0.00563	0.01030
5	0.04772	0.06355	0.34885	0.06709	0.09868	0.09808	0.01973	0.02442	0.07215	0.07383	0.01457	0.01631	0.01074	0.00702	0.00652	0.00213	0.00924	0.00550	0.00391	0.00997
6	0.05149	0.01282	0.06038	0.01397	0.07756	0.05910	0.01007	0.01738	0.10891	0.02140	0.06477	0.26444	0.18129	0.01466	0.00774	0.00242	0.00557	0.01266	0.00579	0.00756
7	0.04574	0.04943	0.15934	0.05763	0.20873	0.07776	0.06713	0.09199	0.01729	0.05195	0.01585	0.01925	0.03533	0.04049	0.00853	0.00234	0.03107	0.00634	0.00408	0.00971
8	0.01584	0.02367	0.30298	0.02105	0.11205	0.04802	0.08733	0.06004	0.04928	0.04657	0.04899	0.05108	0.04407	0.01067	0.04510	0.00269	0.00937	0.00729	0.00427	0.00963
9	0.07046	0.00838	0.01005	0.01060	0.01208	0.00853	0.00765	0.06370	0.05055	0.03718	0.04823	0.52116	0.03810	0.01941	0.03000	0.00294	0.00506	0.04279	0.00638	0.00676
10	0.08149	0.02137	0.14191	0.11346	0.08824	0.11954	0.17635	0.05306	0.01690	0.04400	0.04061	0.01998	0.01315	0.00743	0.00704	0.00221	0.00962	0.03049	0.00403	0.00912
11	0.04282	0.21650	0.10140	0.01408	0.01918	0.11568	0.03282	0.08967	0.04140	0.09620	0.02103	0.09760	0.06465	0.00942	0.00644	0.00203	0.00771	0.00740	0.00490	0.00907
12	0.01611	0.04991	0.07752	0.05661	0.32484	0.01613	0.12736	0.04869	0.07096	0.02303	0.01919	0.07166	0.05009	0.00825	0.00723	0.00221	0.00822	0.00789	0.00420	0.00990
13	0.01037	0.00736	0.00892	0.00931	0.01088	0.00685	0.00675	0.01311	0.05078	0.05266	0.13914	0.32839	0.22602	0.04852	0.00959	0.00274	0.00421	0.05131	0.00668	0.00641
14	0.04504	0.08201	0.06324	0.04894	0.15070	0.10067	0.10171	0.04958	0.06543	0.04049	0.04838	0.02439	0.07846	0.00874	0.00775	0.00218	0.04458	0.02411	0.00448	0.00912
15	0.11066	0.10803	0.27171	0.01880	0.08884	0.04066	0.05413	0.02485	0.06679	0.12852	0.01543	0.01654	0.01123	0.00699	0.00631	0.00211	0.00835	0.00557	0.00439	0.01007
16	0.01715	0.03205	0.01575	0.01687	0.12967	0.07484	0.01097	0.06936	0.03754	0.12456	0.02628	0.22338	0.04727	0.05295	0.04249	0.00296	0.00705	0.03039	0.03005	0.00842
17	0.01545	0.02905	0.46682	0.02102	0.10513	0.04553	0.02159	0.05916	0.06106	0.02373	0.04841	0.01807	0.01320	0.00880	0.03101	0.00248	0.00965	0.00594	0.00379	0.01012
18	0.01790	0.07171	0.13794	0.04733	0.13806	0.08038	0.10129	0.10542	0.11327	0.02519	0.05214	0.02158	0.01572	0.00797	0.00702	0.00217	0.00863	0.03175	0.00462	0.00989
19	0.01603	0.07214	0.26941	0.10390	0.05472	0.01691	0.07592	0.05024	0.17236	0.04149	0.01774	0.04853	0.01386	0.00794	0.00690	0.00224	0.00848	0.00681	0.00444	0.00995
20	0.01326	0.00979	0.01043	0.01064	0.01227	0.06861	0.00757	0.04737	0.01567	0.08998	0.03653	0.47476	0.10623	0.05066	0.00951	0.00276	0.00522	0.01559	0.00638	0.00677

[dist]
# distance from previous block
# <min> <max>
0	7

[block]
# block no. 7 follows, 30 sequences, length 6
# corresponding to MSA columns:
# 804-809
name=unknown_H
#
# <colnr> <probs for GDERKNQSTAVLIFYWHMCP>
#	G	D	E	R	K	N	Q	S	T	A	V	L	I	F	Y	W	H	M	C	P
0	0.01836	0.09137	0.16242	0.06474	0.07350	0.09941	0.07890	0.10128	0.04416	0.06140	0.01939	0.02103	0.07542	0.00832	0.00772	0.00216	0.04987	0.00666	0.00441	0.00947
1	0.04448	0.09946	0.08465	0.01759	0.09426	0.07150	0.04163	0.11568	0.08247	0.12795	0.04620	0.02503	0.04361	0.02975	0.00764	0.00227	0.00757	0.04304	0.00545	0.00976
2	0.01233	0.07833	0.01304	0.01079	0.01243	0.01019	0.00835	0.01419	0.01381	0.06678	0.05835	0.27171	0.08080	0.06819	0.11243	0.00403	0.07372	0.04917	0.03465	0.00670
3	0.01816	0.01838	0.07155	0.07765	0.11103	0.08797	0.15143	0.09604	0.07660	0.04928	0.01674	0.04341	0.01336	0.00803	0.00803	0.00221	0.05530	0.00704	0.07840	0.00940
4	0.02053	0.10783	0.17951	0.01972	0.07506	0.13331	0.07971	0.11982	0.04828	0.08644	0.01458	0.01618	0.01096	0.00742	0.00753	0.00210	0.05083	0.00576	0.00443	0.01001
5	0.01808	0.09550	0.20590	0.09848	0.14176	0.12264	0.06184	0.07950	0.04160	0.02241	0.01299	0.01577	0.01012	0.00704	0.00724	0.00211	0.03802	0.00564	0.00368	0.00970

[dist]
# distance from previous block
# <min> <max>
0	7

[block]
# block no. 8 follows, 30 sequences, length 65
# corresponding to MSA columns:
# 817-881
name=unknown_I
#
# <colnr> <probs for GDERKNQSTAVLIFYWHMCP>
#	G	D	E	R	K	N	Q	S	T	A	V	L	I	F	Y	W	H	M	C	P
0	0.04309	0.01038	0.01333	0.08927	0.04014	0.04651	0.02977	0.01564	0.01483	0.08493	0.04753	0.35116	0.09059	0.01555	0.00884	0.00257	0.04557	0.03744	0.00575	0.00714
1	0.01804	0.10299	0.13894	0.01696	0.04810	0.07038	0.05415	0.09779	0.15835	0.05642	0.04470	0.05021	0.03341	0.00926	0.00772	0.00222	0.04418	0.03139	0.00514	0.00967
2	0.05057	0.13835	0.15798	0.01511	0.04064	0.06813	0.01393	0.09867	0.05684	0.10479	0.06568	0.07032	0.04470	0.00932	0.00720	0.00213	0.03383	0.00727	0.00513	0.00941
3	0.01409	0.01362	0.04854	0.07903	0.36961	0.01304	0.01594	0.01837	0.05196	0.02142	0.04965	0.20582	0.02303	0.03438	0.00838	0.00246	0.00696	0.01011	0.00457	0.00902
4	0.01718	0.23832	0.15955	0.01482	0.02062	0.06880	0.04862	0.08795	0.10850	0.02300	0.04525	0.02319	0.09881	0.00861	0.00641	0.00200	0.00774	0.00676	0.00458	0.00929
5	0.04825	0.11397	0.12561	0.02307	0.14869	0.09378	0.14020	0.09973	0.06378	0.02432	0.01486	0.01882	0.01204	0.00731	0.00678	0.00212	0.00913	0.03353	0.00416	0.00984
6	0.01669	0.04818	0.26986	0.06013	0.07663	0.04554	0.13481	0.08001	0.04348	0.04374	0.01568	0.06604	0.01287	0.00813	0.00792	0.00227	0.04724	0.00705	0.00405	0.00970
7	0.01046	0.00699	0.00845	0.00879	0.01022	0.00646	0.00629	0.01222	0.01471	0.05690	0.10195	0.28160	0.21703	0.10143	0.04136	0.00333	0.00490	0.03890	0.06194	0.00609
8	0.01986	0.02272	0.17686	0.02482	0.20029	0.10296	0.08994	0.08292	0.08766	0.09917	0.01624	0.01786	0.01205	0.00717	0.00695	0.00214	0.00904	0.00625	0.00460	0.01051
