[name]
unknown

[dist]
# distance from previous block
# <min> <max>
0	1

[block]
# block no. 0 follows, 34 sequences, length 15
# corresponding to MSA columns:
# 1-15
name=unknown_A
#
# <colnr> <probs for GDERKNQSTAVLIFYWHMCP>
#	G	D	E	R	K	N	Q	S	T	A	V	L	I	F	Y	W	H	M	C	P
0	0.01305	0.00942	0.01209	0.01245	0.01463	0.00979	0.01076	0.14341	0.01776	0.02332	0.03073	0.06219	0.03230	0.01597	0.00847	0.00278	0.00617	0.56178	0.00605	0.00689
1	0.02242	0.01594	0.01740	0.01355	0.01830	0.01722	0.01109	0.53062	0.06211	0.08028	0.06060	0.01859	0.01496	0.00800	0.00638	0.00190	0.00639	0.00620	0.03764	0.05041
2	0.00871	0.00649	0.00796	0.00834	0.00954	0.00604	0.00591	0.02936	0.01467	0.01950	0.21455	0.35421	0.19686	0.05556	0.02921	0.00275	0.00405	0.01454	0.00612	0.00561
3	0.00948	0.00723	0.01064	0.01050	0.01153	0.00854	0.00812	0.01160	0.01030	0.01487	0.01706	0.02587	0.01623	0.09116	0.66805	0.00976	0.05286	0.00701	0.00346	0.00572
4	0.00840	0.00685	0.00746	0.00726	0.00931	0.00606	0.00546	0.01110	0.04363	0.02025	0.25336	0.05671	0.51099	0.01516	0.00759	0.00214	0.00328	0.01283	0.00634	0.00583
5	0.02040	0.08629	0.02163	0.02163	0.18667	0.42396	0.01430	0.02257	0.01598	0.01697	0.01022	0.01288	0.00879	0.00694	0.00777	0.00185	0.10514	0.00467	0.00319	0.00815
6	0.01401	0.21370	0.56834	0.01663	0.02521	0.01757	0.02076	0.02019	0.01352	0.01919	0.01096	0.01285	0.00821	0.00599	0.00566	0.00189	0.00891	0.00445	0.00274	0.00924
7	0.01944	0.01298	0.01588	0.01509	0.09470	0.01358	0.01064	0.26533	0.08461	0.15484	0.06536	0.08258	0.01961	0.08015	0.03297	0.00270	0.00643	0.00781	0.00606	0.00925
8	0.01699	0.01205	0.01390	0.01255	0.04114	0.01278	0.00947	0.17871	0.22566	0.10571	0.16452	0.07414	0.06218	0.01028	0.00684	0.00208	0.00506	0.00865	0.02828	0.00901
9	0.81856	0.01250	0.00950	0.00850	0.01250	0.01449	0.00700	0.01899	0.01100	0.02899	0.00900	0.01050	0.00700	0.00600	0.00400	0.00200	0.00500	0.00350	0.00400	0.00700
10	0.01210	0.00854	0.01109	0.05599	0.04008	0.00834	0.00798	0.07575	0.01851	0.07254	0.47329	0.04208	0.12416	0.01204	0.00733	0.00204	0.00411	0.01046	0.00658	0.00700
11	0.01727	0.77681	0.03386	0.01106	0.01658	0.02557	0.01106	0.01935	0.01313	0.01520	0.00898	0.01036	0.00829	0.00553	0.00415	0.00138	0.00691	0.00345	0.00276	0.00829
12	0.04008	0.11623	0.53743	0.01657	0.02488	0.01625	0.02013	0.07218	0.01504	0.06572	0.01236	0.01382	0.00885	0.00630	0.00589	0.00196	0.00867	0.00477	0.00337	0.00952
13	0.01180	0.00791	0.00988	0.00973	0.01151	0.00766	0.00712	0.03367	0.07149	0.09567	0.11019	0.41641	0.08895	0.01558	0.00795	0.00233	0.02512	0.01369	0.00620	0.04715
14	0.13512	0.01577	0.01624	0.01333	0.01779	0.01781	0.01078	0.36704	0.27760	0.03409	0.01848	0.01791	0.01358	0.00787	0.00615	0.00204	0.00609	0.00602	0.00615	0.01014

[dist]
# distance from previous block
# <min> <max>
0	1

[block]
# block no. 1 follows, 34 sequences, length 18
# corresponding to MSA columns:
# 17-34
name=unknown_B
#
# <colnr> <probs for GDERKNQSTAVLIFYWHMCP>
#	G	D	E	R	K	N	Q	S	T	A	V	L	I	F	Y	W	H	M	C	P
0	0.01958	0.05251	0.01613	0.06628	0.04411	0.01326	0.01041	0.20250	0.06894	0.20058	0.12925	0.05106	0.02160	0.00882	0.00647	0.00195	0.00570	0.00729	0.04303	0.03054
1	0.81856	0.01250	0.00950	0.00850	0.01250	0.01449	0.00700	0.01899	0.01100	0.02899	0.00900	0.01050	0.00700	0.00600	0.00400	0.00200	0.00500	0.00350	0.00400	0.00700
2	0.02200	0.01756	0.01790	0.01445	0.01907	0.06025	0.01168	0.46986	0.23601	0.03521	0.01842	0.01786	0.01345	0.00800	0.00646	0.00200	0.00677	0.00617	0.00632	0.01056
3	0.01513	0.02096	0.25357	0.02622	0.23378	0.01472	0.21674	0.02048	0.01492	0.05851	0.05157	0.01771	0.01250	0.00631	0.00674	0.00204	0.00882	0.00634	0.00353	0.00940
4	0.01426	0.15928	0.44725	0.01926	0.02738	0.01717	0.18685	0.02032	0.01394	0.01960	0.01150	0.01398	0.00859	0.00587	0.00615	0.00196	0.00941	0.00523	0.00286	0.00913
5	0.01728	0.01810	0.12044	0.06550	0.09823	0.01563	0.33981	0.08407	0.01639	0.10659	0.01420	0.01702	0.01035	0.00638	0.00757	0.00212	0.04045	0.00659	0.00400	0.00929
6	0.01494	0.01191	0.01385	0.01010	0.01569	0.00957	0.00810	0.05500	0.04252	0.06093	0.01304	0.01440	0.01039	0.00527	0.00504	0.00111	0.00496	0.00422	0.00430	0.69465
7	0.00935	0.00643	0.00790	0.00790	0.00819	0.00673	0.00497	0.00994	0.00965	0.01316	0.01958	0.03799	0.02162	0.58866	0.21460	0.00731	0.00907	0.00877	0.00380	0.00439
8	0.01649	0.01543	0.02728	0.03673	0.60779	0.01521	0.11013	0.02048	0.01496	0.05384	0.01289	0.01646	0.01044	0.00582	0.00656	0.00196	0.00800	0.00604	0.00343	0.01007
9	0.01764	0.01466	0.01549	0.01347	0.01740	0.01680	0.01061	0.15931	0.59342	0.02956	0.02431	0.02252	0.01811	0.00858	0.00655	0.00214	0.00548	0.00703	0.00655	0.01037
10	0.05176	0.01156	0.01417	0.01057	0.01590	0.00965	0.00861	0.04895	0.01617	0.33519	0.01766	0.01712	0.01233	0.00635	0.00557	0.00149	0.00519	0.00506	0.00576	0.40095
11	0.02851	0.01177	0.01548	0.01186	0.01688	0.01065	0.00980	0.10575	0.01979	0.66100	0.02440	0.02128	0.01545	0.00797	0.00649	0.00199	0.00567	0.00642	0.00783	0.01100
12	0.00934	0.00650	0.00826	0.00826	0.00868	0.00692	0.00543	0.01018	0.00976	0.01343	0.01925	0.03613	0.02082	0.50935	0.29281	0.00776	0.01028	0.00850	0.00375	0.00459
13	0.08583	0.01110	0.01460	0.01128	0.01621	0.00986	0.00932	0.03059	0.01795	0.68612	0.02430	0.02116	0.01535	0.00785	0.00632	0.00200	0.00546	0.00628	0.00771	0.01071
14	0.00786	0.00567	0.00745	0.00887	0.00934	0.00526	0.00594	0.00901	0.01249	0.01654	0.03718	0.73148	0.07895	0.02004	0.00821	0.00260	0.00372	0.01812	0.00600	0.00526
15	0.00937	0.00637	0.00761	0.00761	0.00780	0.00657	0.00461	0.00976	0.00956	0.01294	0.01985	0.03945	0.02226	0.65147	0.15265	0.00695	0.00812	0.00898	0.00384	0.00423
16	0.02488	0.01216	0.03488	0.01215	0.01684	0.01091	0.02748	0.11244	0.04008	0.50121	0.06718	0.02414	0.01855	0.00848	0.00658	0.00202	0.00570	0.02717	0.03692	0.01024
17	0.01897	0.01587	0.01957	0.01717	0.07454	0.09052	0.09818	0.24305	0.04715	0.07731	0.01572	0.01931	0.01264	0.06546	0.11065	0.00346	0.05040	0.00636	0.00482	0.00884

[dist]
# distance from previous block
# <min> <max>
1	8

[block]
# block no. 2 follows, 34 sequences, length 11
# corresponding to MSA columns:
# 43-53
name=unknown_C
#
# <colnr> <probs for GDERKNQSTAVLIFYWHMCP>
#	G	D	E	R	K	N	Q	S	T	A	V	L	I	F	Y	W	H	M	C	P
0	0.08765	0.11641	0.24218	0.01557	0.07361	0.01522	0.01471	0.05067	0.10217	0.12623	0.03150	0.01648	0.01222	0.00675	0.00578	0.00188	0.00697	0.00527	0.00444	0.06428
1	0.01365	0.13430	0.50458	0.01573	0.02400	0.01531	0.01904	0.01952	0.01352	0.01983	0.01121	0.01313	0.00846	0.00580	0.00561	0.00175	0.00829	0.00441	0.00294	0.15892
2	0.01468	0.01416	0.06473	0.01616	0.15012	0.01115	0.01135	0.06891	0.01492	0.02249	0.01192	0.01406	0.00971	0.00528	0.00530	0.00128	0.00581	0.00440	0.00383	0.54974
3	0.01569	0.01706	0.09768	0.03526	0.60042	0.01538	0.01943	0.02112	0.07442	0.02154	0.01330	0.01644	0.01083	0.00605	0.00639	0.00196	0.00765	0.00579	0.00344	0.01016
4	0.00807	0.00589	0.00760	0.00860	0.00935	0.00542	0.00590	0.00958	0.01363	0.01822	0.15834	0.57262	0.11569	0.01864	0.00808	0.00248	0.00358	0.01673	0.00619	0.00542
5	0.00909	0.00637	0.00823	0.00873	0.00922	0.00654	0.00597	0.01016	0.01086	0.01469	0.02466	0.21566	0.02777	0.35744	0.18514	0.00600	0.00811	0.07602	0.00451	0.00485
6	0.00968	0.00724	0.00906	0.00850	0.01024	0.00694	0.00640	0.01400	0.07987	0.02561	0.63615	0.04680	0.08888	0.01297	0.00753	0.00205	0.00324	0.01139	0.00701	0.00643
7	0.01010	0.00706	0.00871	0.00849	0.00911	0.00752	0.00564	0.04500	0.01075	0.01471	0.01916	0.03564	0.02056	0.50720	0.25605	0.00734	0.00978	0.00844	0.00390	0.00485
8	0.01599	0.01535	0.02623	0.03966	0.73262	0.01535	0.01983	0.01983	0.01471	0.02111	0.01215	0.01599	0.01023	0.00576	0.00640	0.00192	0.00768	0.00576	0.00320	0.01023
9	0.05471	0.03381	0.09781	0.04014	0.28853	0.03238	0.03495	0.08596	0.09710	0.07994	0.05048	0.01819	0.01383	0.00687	0.00626	0.00194	0.00709	0.00597	0.00446	0.03959
10	0.07559	0.38435	0.32051	0.01390	0.02094	0.01977	0.01594	0.02027	0.01340	0.04749	0.01072	0.01219	0.00846	0.00591	0.00505	0.00173	0.00779	0.00412	0.00305	0.00882

[dist]
# distance from previous block
# <min> <max>
0	6

[block]
# block no. 3 follows, 34 sequences, length 38
# corresponding to MSA columns:
# 60-97
name=unknown_D
#
# <colnr> <probs for GDERKNQSTAVLIFYWHMCP>
#	G	D	E	R	K	N	Q	S	T	A	V	L	I	F	Y	W	H	M	C	P
0	0.29503	0.14190	0.32563	0.01345	0.02014	0.01648	0.01511	0.04352	0.01337	0.04726	0.01088	0.01237	0.00814	0.00611	0.00510	0.00192	0.00733	0.00422	0.00348	0.00856
1	0.00927	0.00678	0.00964	0.00964	0.01054	0.00767	0.00715	0.01106	0.01016	0.01445	0.01798	0.02914	0.01778	0.20933	0.58868	0.00947	0.01485	0.00747	0.00356	0.00536
2	0.01127	0.01254	0.09306	0.01502	0.01867	0.01005	0.22137	0.01508	0.01561	0.02179	0.31088	0.11548	0.03533	0.06326	0.00928	0.00244	0.00640	0.01033	0.00515	0.00700
3	0.01296	0.03342	0.73944	0.01842	0.02797	0.01501	0.02387	0.02046	0.01364	0.02046	0.01160	0.01364	0.00818	0.00614	0.00614	0.00205	0.00955	0.00477	0.00273	0.00955
4	0.00764	0.00655	0.00655	0.00655	0.00873	0.00545	0.00491	0.00927	0.01473	0.01745	0.06546	0.06218	0.73000	0.01636	0.00764	0.00218	0.00327	0.01364	0.00600	0.00545
5	0.02414	0.01789	0.01915	0.01478	0.01988	0.01984	0.01218	0.67742	0.06472	0.04004	0.01605	0.01594	0.01142	0.00781	0.00647	0.00195	0.00701	0.00589	0.00647	0.01095
6	0.02791	0.01103	0.01488	0.01136	0.01641	0.00944	0.00937	0.03044	0.01814	0.68770	0.02452	0.02140	0.01555	0.00778	0.00638	0.00193	0.00545	0.00631	0.00771	0.06628
7	0.02456	0.01810	0.01939	0.01487	0.02004	0.02004	0.01228	0.71107	0.03038	0.04072	0.01551	0.01551	0.01099	0.00776	0.00646	0.00194	0.00711	0.00582	0.00646	0.01099
8	0.12275	0.01117	0.01434	0.01114	0.01602	0.01009	0.00920	0.03001	0.01760	0.65301	0.02353	0.02063	0.01493	0.00776	0.00620	0.00200	0.00544	0.00614	0.00752	0.01052
9	0.00787	0.00562	0.00750	0.00900	0.00937	0.00525	0.00600	0.00900	0.01237	0.01649	0.03561	0.76871	0.04274	0.02024	0.00825	0.00262	0.00375	0.01837	0.00600	0.00525
10	0.01599	0.01535	0.02623	0.03966	0.73262	0.01535	0.01983	0.01983	0.01471	0.02111	0.01215	0.01599	0.01023	0.00576	0.00640	0.00192	0.00768	0.00576	0.00320	0.01023
11	0.01599	0.01535	0.02623	0.03966	0.73262	0.01535	0.01983	0.01983	0.01471	0.02111	0.01215	0.01599	0.01023	0.00576	0.00640	0.00192	0.00768	0.00576	0.00320	0.01023
12	0.02899	0.01100	0.01499	0.01150	0.01649	0.00950	0.00950	0.03149	0.01849	0.73709	0.02549	0.02199	0.01599	0.00800	0.00650	0.00200	0.00550	0.00650	0.00800	0.01100
13	0.01292	0.01225	0.02056	0.60475	0.15978	0.01475	0.01810	0.01703	0.01310	0.01725	0.01147	0.01689	0.00888	0.00655	0.00707	0.00214	0.04016	0.00574	0.00292	0.00769
14	0.01599	0.01535	0.02623	0.03966	0.73262	0.01535	0.01983	0.01983	0.01471	0.02111	0.01215	0.01599	0.01023	0.00576	0.00640	0.00192	0.00768	0.00576	0.00320	0.01023
15	0.81856	0.01250	0.00950	0.00850	0.01250	0.01449	0.00700	0.01899	0.01100	0.02899	0.00900	0.01050	0.00700	0.00600	0.00400	0.00200	0.00500	0.00350	0.00400	0.00700
16	0.01978	0.00927	0.01100	0.00915	0.01239	0.00890	0.00732	0.09813	0.01745	0.29725	0.04583	0.02315	0.01722	0.00792	0.00559	0.00176	0.00441	0.00637	0.38865	0.00847
17	0.01537	0.22541	0.47602	0.01611	0.02412	0.01831	0.01925	0.09651	0.01536	0.02133	0.01135	0.01299	0.00852	0.00616	0.00566	0.00186	0.00859	0.00455	0.00315	0.00938
18	0.81856	0.01250	0.00950	0.00850	0.01250	0.01449	0.00700	0.01899	0.01100	0.02899	0.00900	0.01050	0.00700	0.00600	0.00400	0.00200	0.00500	0.00350	0.00400	0.00700
19	0.00787	0.00562	0.00750	0.00900	0.00937	0.00525	0.00600	0.00900	0.01237	0.01649	0.03561	0.76871	0.04274	0.02024	0.00825	0.00262	0.00375	0.01837	0.00600	0.00525
20	0.01567	0.01357	0.02151	0.09251	0.47806	0.03173	0.01632	0.01916	0.01528	0.07747	0.09391	0.04175	0.03960	0.00756	0.00662	0.00198	0.00693	0.00701	0.00415	0.00923
21	0.01599	0.01535	0.02623	0.03966	0.73262	0.01535	0.01983	0.01983	0.01471	0.02111	0.01215	0.01599	0.01023	0.00576	0.00640	0.00192	0.00768	0.00576	0.00320	0.01023
22	0.01667	0.01513	0.02564	0.03820	0.69543	0.01505	0.01929	0.02044	0.01491	0.05829	0.01285	0.01630	0.01053	0.00587	0.00640	0.00192	0.00756	0.00580	0.00345	0.01027
23	0.02485	0.01054	0.01520	0.01205	0.01641	0.00924	0.05080	0.02731	0.01734	0.58110	0.02634	0.13895	0.01982	0.00977	0.00684	0.00211	0.00555	0.00843	0.00740	0.00996
24	0.01430	0.00769	0.00970	0.00883	0.01134	0.00676	0.00674	0.01644	0.01627	0.23004	0.20968	0.17618	0.23265	0.01386	0.00741	0.00217	0.00396	0.01194	0.00685	0.00720
25	0.01599	0.01535	0.02623	0.03966	0.73262	0.01535	0.01983	0.01983	0.01471	0.02111	0.01215	0.01599	0.01023	0.00576	0.00640	0.00192	0.00768	0.00576	0.00320	0.01023
26	0.01527	0.01756	0.09391	0.02504	0.06373	0.01508	0.53557	0.02037	0.01505	0.05604	0.01506	0.06859	0.01224	0.00666	0.00743	0.00218	0.00987	0.00797	0.00364	0.00873
27	0.01579	0.01520	0.07524	0.06570	0.48974	0.01375	0.03624	0.01968	0.01506	0.08006	0.05364	0.02085	0.05617	0.00702	0.00656	0.00197	0.00726	0.00658	0.00392	0.00956
28	0.01312	0.06154	0.71276	0.01814	0.02753	0.01541	0.02339	0.02042	0.01362	0.02026	0.01150	0.01352	0.00819	0.00612	0.00606	0.00202	0.00945	0.00472	0.00273	0.00950
29	0.01332	0.01652	0.10870	0.02212	0.02759	0.01368	0.47387	0.01802	0.01442	0.01972	0.01802	0.18746	0.01710	0.00888	0.00760	0.00227	0.00912	0.00975	0.00383	0.00802
30	0.01624	0.15791	0.39634	0.01776	0.02548	0.01636	0.14050	0.02177	0.01448	0.11440	0.01324	0.01484	0.00952	0.00616	0.00610	0.00195	0.00879	0.00527	0.00353	0.00937
31	0.01784	0.01267	0.06248	0.08005	0.14698	0.01116	0.07529	0.03942	0.01561	0.24823	0.02214	0.19934	0.01962	0.01007	0.00698	0.00217	0.00650	0.00914	0.00544	0.00886
32	0.01493	0.01426	0.02430	0.24147	0.53913	0.01507	0.01930	0.01890	0.01421	0.01982	0.01197	0.01634	0.00978	0.00595	0.00641	0.00198	0.00794	0.00575	0.00311	0.00938
33	0.01491	0.01487	0.02732	0.12909	0.43476	0.01496	0.18831	0.01907	0.01449	0.02018	0.01346	0.05394	0.01153	0.00649	0.00680	0.00205	0.00839	0.00684	0.00331	0.00921
34	0.01606	0.01868	0.12858	0.05027	0.08151	0.01544	0.48566	0.02138	0.01519	0.08142	0.01381	0.01720	0.01010	0.00581	0.00720	0.00213	0.00995	0.00695	0.00358	0.00908
35	0.01402	0.02615	0.42375	0.02290	0.06001	0.01556	0.30281	0.02053	0.01434	0.02059	0.01222	0.01528	0.00893	0.00584	0.00676	0.00209	0.01002	0.00598	0.00297	0.00924
36	0.01492	0.01713	0.05838	0.02772	0.12449	0.01564	0.56242	0.02002	0.01499	0.02055	0.01397	0.05257	0.01136	0.00621	0.00744	0.00216	0.01009	0.00779	0.00337	0.00878
37	0.01577	0.16175	0.40731	0.07515	0.06204	0.01630	0.04812	0.02119	0.01417	0.10129	0.01280	0.01456	0.00930	0.00622	0.00592	0.00193	0.00850	0.00498	0.00340	0.00930

[dist]
# distance from previous block
# <min> <max>
0	3

[block]
# block no. 4 follows, 34 sequences, length 459
# corresponding to MSA columns:
# 101-559
name=unknown_E
#
# <colnr> <probs for GDERKNQSTAVLIFYWHMCP>
#	G	D	E	R	K	N	Q	S	T	A	V	L	I	F	Y	W	H	M	C	P
0	0.02591	0.01052	0.01412	0.01121	0.01565	0.00931	0.00910	0.02903	0.04839	0.61838	0.06761	0.07151	0.02052	0.00912	0.00668	0.00205	0.00523	0.00760	0.00776	0.01031
1	0.05027	0.01214	0.03930	0.01182	0.01687	0.01048	0.01002	0.04823	0.05915	0.63374	0.02434	0.02134	0.01556	0.00792	0.00642	0.00201	0.00564	0.00638	0.00758	0.01079
2	0.01575	0.01510	0.02579	0.08580	0.68838	0.01529	0.01971	0.01962	0.01460	0.02081	0.01211	0.01607	0.01013	0.00580	0.00640	0.00193	0.00774	0.00576	0.00318	0.01004
3	0.01558	0.01746	0.05693	0.05292	0.26979	0.03600	0.41265	0.02041	0.01503	0.02057	0.01258	0.01665	0.00982	0.00564	0.00707	0.00207	0.00971	0.00674	0.00322	0.00918
4	0.00866	0.00622	0.00839	0.00984	0.01062	0.00594	0.00735	0.01038	0.01322	0.01741	0.03602	0.53000	0.06048	0.01938	0.00844	0.00272	0.00443	0.22903	0.00598	0.00547
5	0.02142	0.02178	0.31404	0.01508	0.02199	0.01408	0.01602	0.17624	0.01911	0.28926	0.01758	0.01713	0.01168	0.00718	0.00634	0.00201	0.00752	0.00564	0.00549	0.01040
6	0.04724	0.01296	0.01479	0.01200	0.01626	0.06883	0.00962	0.12859	0.01924	0.46402	0.02364	0.11641	0.01785	0.00938	0.00660	0.00204	0.00598	0.00766	0.00703	0.00986
7	0.00857	0.00612	0.00830	0.00980	0.01048	0.00585	0.00722	0.01021	0.01306	0.01728	0.03523	0.57641	0.04120	0.01958	0.00843	0.00272	0.00436	0.20374	0.00598	0.00544
8	0.02132	0.10550	0.04211	0.01842	0.08268	0.48017	0.03467	0.04694	0.01696	0.01733	0.01028	0.01246	0.00863	0.00682	0.00703	0.00179	0.07106	0.00453	0.00331	0.00800
9	0.00764	0.00655	0.00655	0.00655	0.00873	0.00545	0.00491	0.00927	0.01473	0.01745	0.06546	0.06218	0.73000	0.01636	0.00764	0.00218	0.00327	0.01364	0.00600	0.00545
10	0.01684	0.01476	0.01948	0.06457	0.26694	0.01620	0.01424	0.10924	0.35351	0.02602	0.01927	0.01988	0.01476	0.00747	0.00649	0.00206	0.00644	0.00650	0.00518	0.01015
11	0.00772	0.00655	0.00666	0.00663	0.00878	0.00549	0.00497	0.00943	0.01492	0.01792	0.10220	0.06141	0.69296	0.01619	0.00764	0.00217	0.00326	0.01353	0.00606	0.00549
12	0.01394	0.02808	0.54067	0.02176	0.13810	0.01466	0.06222	0.02039	0.01402	0.04370	0.01295	0.03747	0.00991	0.00653	0.00634	0.00205	0.00903	0.00556	0.00310	0.00952
13	0.01346	0.03000	0.59152	0.02061	0.04841	0.01526	0.14914	0.02049	0.01397	0.02052	0.01188	0.01440	0.00854	0.00600	0.00642	0.00207	0.00974	0.00532	0.00284	0.00942
14	0.01769	0.73215	0.03293	0.01139	0.01679	0.06876	0.01114	0.01973	0.01344	0.01524	0.00904	0.01044	0.00829	0.00560	0.00425	0.00140	0.00719	0.00350	0.00280	0.00824
15	0.01570	0.01661	0.11291	0.02852	0.42730	0.01434	0.01709	0.04355	0.09625	0.04659	0.01563	0.06145	0.01318	0.00710	0.00640	0.00195	0.00712	0.00647	0.00400	0.05783
16	0.02398	0.01823	0.01904	0.01481	0.01982	0.04326	0.01215	0.64380	0.07604	0.03900	0.01605	0.01596	0.01148	0.00779	0.00645	0.00195	0.00712	0.00586	0.00637	0.01082
17	0.00787	0.00562	0.00750	0.00900	0.00937	0.00525	0.00600	0.00900	0.01237	0.01649	0.03561	0.76871	0.04274	0.02024	0.00825	0.00262	0.00375	0.01837	0.00600	0.00525
18	0.03698	0.01167	0.01405	0.01011	0.01580	0.00903	0.02821	0.01686	0.01351	0.03951	0.01182	0.01365	0.00967	0.00492	0.00489	0.00105	0.00499	0.00400	0.00392	0.74535
19	0.01806	0.04073	0.18932	0.01896	0.14983	0.01276	0.06323	0.02282	0.04107	0.21365	0.05689	0.01880	0.01437	0.00684	0.00626	0.00187	0.00703	0.00595	0.00479	0.10680
20	0.02899	0.01100	0.01499	0.01150	0.01649	0.00950	0.00950	0.03149	0.01849	0.73709	0.02549	0.02199	0.01599	0.00800	0.00650	0.00200	0.00550	0.00650	0.00800	0.01100
21	0.01371	0.01648	0.12994	0.09483	0.26292	0.03394	0.08036	0.01807	0.03282	0.01992	0.06501	0.05918	0.06744	0.00840	0.00791	0.00212	0.06732	0.00737	0.00377	0.00849
22	0.06927	0.01448	0.02313	0.13987	0.51747	0.01513	0.01780	0.06101	0.01527	0.02231	0.03522	0.01682	0.01147	0.00624	0.00629	0.00196	0.00745	0.00580	0.00353	0.00948
23	0.01306	0.00854	0.01024	0.03134	0.01235	0.00888	0.00748	0.05817	0.10749	0.07166	0.11498	0.10133	0.02740	0.12228	0.05189	0.00316	0.00548	0.07348	0.16393	0.00687
24	0.01561	0.01496	0.02554	0.11189	0.66337	0.01525	0.01964	0.01950	0.01453	0.02065	0.01209	0.01612	0.01007	0.00583	0.00640	0.00194	0.00777	0.00576	0.00317	0.00993
25	0.00791	0.00656	0.00692	0.00683	0.00889	0.00557	0.00512	0.00980	0.01537	0.01898	0.18536	0.05967	0.60914	0.01579	0.00763	0.00215	0.00323	0.01328	0.00620	0.00557
26	0.20803	0.09693	0.01652	0.03522	0.05712	0.18002	0.01038	0.06743	0.01523	0.08369	0.01349	0.03768	0.01110	0.01023	0.06129	0.00249	0.02737	0.00517	0.05276	0.00785
27	0.06070	0.09251	0.04655	0.06886	0.31913	0.01651	0.19379	0.04085	0.03868	0.04230	0.01281	0.01593	0.01012	0.00594	0.00636	0.00196	0.00821	0.00593	0.00354	0.00933
28	0.02430	0.01487	0.01691	0.01323	0.01799	0.01566	0.01084	0.40423	0.08700	0.24826	0.04139	0.01948	0.01496	0.00808	0.00646	0.00197	0.00620	0.00634	0.03121	0.01062
29	0.01019	0.00827	0.01204	0.01144	0.01257	0.01002	0.00906	0.01237	0.01041	0.01531	0.01565	0.02310	0.01465	0.04077	0.60114	0.00880	0.13907	0.00660	0.00337	0.03517
30	0.21237	0.06555	0.24133	0.01425	0.03997	0.03434	0.01412	0.11394	0.03374	0.12565	0.01441	0.03879	0.01084	0.00707	0.00567	0.00198	0.00710	0.00528	0.00451	0.00910
31	0.01929	0.01241	0.01908	0.01954	0.17733	0.01262	0.07316	0.05153	0.01566	0.26328	0.01946	0.08254	0.01597	0.03663	0.00964	0.00232	0.10730	0.02474	0.02839	0.00910
32	0.01025	0.00686	0.00880	0.00820	0.00999	0.00623	0.00619	0.01306	0.01776	0.07135	0.59355	0.06722	0.12918	0.01339	0.00757	0.00206	0.00325	0.01173	0.00702	0.00633
33	0.57827	0.21780	0.01631	0.00945	0.01383	0.04113	0.00826	0.01931	0.01180	0.02487	0.00903	0.01050	0.00739	0.00589	0.00410	0.00182	0.00573	0.00351	0.00365	0.00736
34	0.01442	0.02358	0.32085	0.02340	0.06907	0.01573	0.34583	0.02146	0.06164	0.02105	0.01330	0.01626	0.00983	0.00597	0.00688	0.00211	0.00978	0.00634	0.00327	0.00924
35	0.01220	0.01148	0.01938	0.75739	0.04450	0.01436	0.01794	0.01651	0.01292	0.01651	0.01148	0.01723	0.00861	0.00646	0.00646	0.00215	0.00861	0.00574	0.00287	0.00718
36	0.00914	0.00660	0.00864	0.00813	0.00965	0.00610	0.00610	0.01219	0.01829	0.02591	0.72921	0.04827	0.06097	0.01321	0.00762	0.00203	0.00305	0.01169	0.00711	0.00610
37	0.01599	0.01535	0.02623	0.03966	0.73262	0.01535	0.01983	0.01983	0.01471	0.02111	0.01215	0.01599	0.01023	0.00576	0.00640	0.00192	0.00768	0.00576	0.00320	0.01023
38	0.00875	0.00651	0.00815	0.00790	0.00946	0.00590	0.00587	0.01137	0.01712	0.02353	0.54587	0.11181	0.18509	0.01440	0.00768	0.00211	0.00315	0.01262	0.00681	0.00590
39	0.02274	0.01724	0.01810	0.01426	0.01886	0.04985	0.01166	0.59523	0.02749	0.03675	0.01561	0.01653	0.01152	0.01150	0.07548	0.00270	0.00813	0.00586	0.03031	0.01020
40	0.81856	0.01250	0.00950	0.00850	0.01250	0.01449	0.00700	0.01899	0.01100	0.02899	0.00900	0.01050	0.00700	0.00600	0.00400	0.00200	0.00500	0.00350	0.00400	0.00700
41	0.01122	0.00561	0.00842	0.00842	0.00842	0.00561	0.00561	0.00842	0.00842	0.01122	0.01122	0.01964	0.01122	0.02245	0.02525	0.81201	0.00561	0.00561	0.00281	0.00281
42	0.00785	0.00655	0.00684	0.00677	0.00886	0.00554	0.00508	0.00968	0.01523	0.01864	0.15849	0.06023	0.63622	0.01592	0.00763	0.00216	0.00324	0.01336	0.00616	0.00554
43	0.01414	0.01414	0.01979	0.01696	0.01696	0.01979	0.01414	0.01555	0.00990	0.01555	0.00848	0.01414	0.00848	0.01131	0.02120	0.00283	0.76110	0.00565	0.00283	0.00707
44	0.01220	0.01148	0.01938	0.75739	0.04450	0.01436	0.01794	0.01651	0.01292	0.01651	0.01148	0.01723	0.00861	0.00646	0.00646	0.00215	0.00861	0.00574	0.00287	0.00718
45	0.00806	0.00577	0.00749	0.00880	0.00925	0.00541	0.00588	0.00916	0.01228	0.01626	0.03552	0.65561	0.07053	0.08642	0.01041	0.00294	0.00401	0.03524	0.00581	0.00516
46	0.01220	0.01148	0.01938	0.75739	0.04450	0.01436	0.01794	0.01651	0.01292	0.01651	0.01148	0.01723	0.00861	0.00646	0.00646	0.00215	0.00861	0.00574	0.00287	0.00718
47	0.02272	0.01826	0.01756	0.01428	0.01859	0.13691	0.01150	0.46935	0.02567	0.07366	0.04023	0.06539	0.01534	0.00889	0.00659	0.00198	0.00738	0.02997	0.00601	0.00972
48	0.12165	0.02698	0.01736	0.01543	0.01907	0.56738	0.01179	0.10956	0.01890	0.02050	0.01055	0.01199	0.00849	0.00671	0.00568	0.00174	0.01028	0.00428	0.00380	0.00786
49	0.01599	0.01535	0.02623	0.03966	0.73262	0.01535	0.01983	0.01983	0.01471	0.02111	0.01215	0.01599	0.01023	0.00576	0.00640	0.00192	0.00768	0.00576	0.00320	0.01023
50	0.01939	0.01737	0.02329	0.03051	0.46992	0.10134	0.01689	0.14901	0.01828	0.07187	0.01341	0.01580	0.01053	0.00638	0.00635	0.00190	0.00789	0.00563	0.00414	0.01010
51	0.00959	0.00736	0.00976	0.00923	0.01039	0.00760	0.00695	0.01212	0.01633	0.02317	0.54101	0.12818	0.05149	0.03845	0.01010	0.00233	0.09184	0.01169	0.00638	0.00604
52	0.05965	0.00699	0.00851	0.00808	0.00983	0.00659	0.00614	0.01234	0.01736	0.02501	0.59376	0.04807	0.12907	0.01322	0.00743	0.00207	0.00327	0.02975	0.00677	0.00608
53	0.00940	0.00626	0.00705	0.00705	0.00705	0.00626	0.00392	0.00940	0.00940	0.01253	0.02036	0.04228	0.02349	0.77292	0.03289	0.00626	0.00626	0.00940	0.00392	0.00392
54	0.00828	0.00646	0.00752	0.00749	0.00918	0.00569	0.00553	0.01043	0.01589	0.02078	0.33210	0.14392	0.37248	0.01556	0.00771	0.00218	0.00324	0.01343	0.00645	0.00569
55	0.00902	0.00660	0.00846	0.00799	0.00957	0.00604	0.00600	0.01195	0.01799	0.02519	0.67294	0.04944	0.11768	0.01348	0.00762	0.00204	0.00307	0.01185	0.00702	0.00604
56	0.00787	0.00562	0.00750	0.00900	0.00937	0.00525	0.00600	0.00900	0.01237	0.01649	0.03561	0.76871	0.04274	0.02024	0.00825	0.00262	0.00375	0.01837	0.00600	0.00525
57	0.01220	0.01148	0.01938	0.75739	0.04450	0.01436	0.01794	0.01651	0.01292	0.01651	0.01148	0.01723	0.00861	0.00646	0.00646	0.00215	0.00861	0.00574	0.00287	0.00718
58	0.01727	0.77681	0.03386	0.01106	0.01658	0.02557	0.01106	0.01935	0.01313	0.01520	0.00898	0.01036	0.00829	0.00553	0.00415	0.00138	0.00691	0.00345	0.00276	0.00829
59	0.81856	0.01250	0.00950	0.00850	0.01250	0.01449	0.00700	0.01899	0.01100	0.02899	0.00900	0.01050	0.00700	0.00600	0.00400	0.00200	0.00500	0.00350	0.00400	0.00700
60	0.01869	0.01498	0.01640	0.01434	0.03813	0.01694	0.01110	0.27989	0.39816	0.03102	0.02132	0.02082	0.01601	0.01110	0.05856	0.00267	0.00677	0.00669	0.00622	0.01019
61	0.79653	0.01245	0.00965	0.00858	0.01261	0.01436	0.00707	0.01934	0.01121	0.04875	0.00946	0.01082	0.00725	0.00605	0.00407	0.00200	0.00501	0.00358	0.00411	0.00711
62	0.00932	0.00656	0.00854	0.00854	0.00906	0.00708	0.00578	0.01036	0.00984	0.01364	0.01899	0.03471	0.02020	0.44818	0.35313	0.00811	0.01121	0.00829	0.00371	0.00475
63	0.00787	0.00595	0.00728	0.00823	0.00920	0.00535	0.00568	0.00925	0.01338	0.01727	0.08095	0.52213	0.24664	0.01873	0.00803	0.00246	0.00357	0.01662	0.00606	0.00535
64	0.01525	0.01743	0.03813	0.02723	0.03377	0.01634	0.70915	0.02070	0.01525	0.02070	0.01307	0.01743	0.00980	0.00545	0.00763	0.00218	0.01089	0.00763	0.00327	0.00871
65	0.01946	0.00922	0.01090	0.00924	0.01246	0.00895	0.00734	0.04261	0.09997	0.30232	0.02326	0.02304	0.01657	0.00786	0.00558	0.00179	0.00434	0.00635	0.38014	0.00859
66	0.00909	0.00660	0.00856	0.00807	0.00962	0.00607	0.00605	0.01208	0.01816	0.02559	0.70437	0.04879	0.08600	0.01333	0.00762	0.00204	0.00306	0.01176	0.00707	0.00607
67	0.00794	0.00570	0.00755	0.00901	0.00947	0.00532	0.00609	0.00913	0.01251	0.01660	0.03643	0.72868	0.06232	0.02006	0.00825	0.00262	0.00380	0.03726	0.00600	0.00527
68	0.02092	0.01603	0.01715	0.01401	0.01851	0.01799	0.01129	0.39234	0.33623	0.05380	0.02057	0.01950	0.01500	0.00821	0.00651	0.00205	0.00618	0.00650	0.00656	0.01065
69	0.76541	0.01277	0.01039	0.00977	0.03741	0.01470	0.00761	0.04139	0.01175	0.02910	0.00932	0.01085	0.00724	0.00605	0.00416	0.00199	0.00516	0.00365	0.00405	0.00724
70	0.01833	0.66167	0.03146	0.01192	0.01711	0.13691	0.01128	0.02034	0.01393	0.01530	0.00914	0.01056	0.00830	0.00570	0.00441	0.00143	0.00764	0.00356	0.00285	0.00817
71	0.00787	0.00562	0.00750	0.00900	0.00937	0.00525	0.00600	0.00900	0.01237	0.01649	0.03561	0.76871	0.04274	0.02024	0.00825	0.00262	0.00375	0.01837	0.00600	0.00525
72	0.02899	0.01100	0.01499	0.01150	0.01649	0.00950	0.00950	0.03149	0.01849	0.73709	0.02549	0.02199	0.01599	0.00800	0.00650	0.00200	0.00550	0.00650	0.00800	0.01100
73	0.00977	0.00747	0.01085	0.10317	0.08024	0.00745	0.00876	0.01165	0.01313	0.03768	0.05112	0.52350	0.07742	0.01645	0.00775	0.00244	0.00470	0.01486	0.00545	0.00614
74	0.02804	0.01147	0.01518	0.01168	0.01660	0.01029	0.00964	0.08854	0.01950	0.65763	0.04486	0.02220	0.01686	0.00813	0.00653	0.00200	0.00556	0.00659	0.00784	0.01085
75	0.01362	0.01372	0.02606	0.02437	0.18220	0.01409	0.29743	0.01748	0.01330	0.01874	0.01366	0.01907	0.01158	0.01815	0.21706	0.00449	0.07680	0.00684	0.00327	0.00808
76	0.01551	0.01745	0.03760	0.02689	0.03339	0.01644	0.68971	0.03996	0.01567	0.02126	0.01314	0.01738	0.00984	0.00551	0.00759	0.00217	0.01079	0.00757	0.00336	0.00878
77	0.01559	0.01337	0.01406	0.01264	0.01621	0.01528	0.00983	0.05056	0.64236	0.02659	0.02933	0.02710	0.07970	0.00938	0.00666	0.00218	0.00501	0.00780	0.00652	0.00984
78	0.03888	0.01066	0.01385	0.01201	0.01478	0.01087	0.06373	0.18989	0.04019	0.06658	0.16073	0.29218	0.03232	0.01309	0.00735	0.00223	0.00521	0.01160	0.00618	0.00767
79	0.01671	0.35778	0.15945	0.01350	0.01907	0.08205	0.01335	0.02435	0.21437	0.01959	0.01447	0.01499	0.01152	0.00666	0.00535	0.00176	0.00730	0.00485	0.00389	0.00901
80	0.00787	0.00565	0.00747	0.00893	0.00935	0.00525	0.00597	0.00900	0.01244	0.01652	0.03648	0.74814	0.06274	0.02013	0.00823	0.00261	0.00373	0.01823	0.00600	0.00525
81	0.01636	0.01402	0.01477	0.01321	0.01691	0.01621	0.01030	0.05744	0.69737	0.02750	0.02593	0.02381	0.01943	0.00873	0.00657	0.00218	0.00518	0.00725	0.00657	0.01025
82	0.00785	0.00573	0.00739	0.00872	0.00930	0.00527	0.00587	0.00903	0.01264	0.01660	0.03902	0.68806	0.12119	0.01980	0.00818	0.00257	0.00369	0.01783	0.00600	0.00527
83	0.01296	0.03342	0.73944	0.01842	0.02797	0.01501	0.02387	0.02046	0.01364	0.02046	0.01160	0.01364	0.00818	0.00614	0.00614	0.00205	0.00955	0.00477	0.00273	0.00955
84	0.02332	0.01748	0.01869	0.01462	0.01956	0.01946	0.01198	0.61205	0.13143	0.03872	0.01709	0.01677	0.01227	0.00790	0.00648	0.00198	0.00682	0.00604	0.00648	0.01088
85	0.01775	0.01472	0.01556	0.01349	0.01744	0.01686	0.01063	0.16835	0.58419	0.02974	0.02416	0.02241	0.01799	0.00857	0.00655	0.00214	0.00551	0.00701	0.00655	0.01038
86	0.00898	0.00660	0.00840	0.00795	0.00955	0.00602	0.00596	0.01186	0.01789	0.02496	0.65443	0.04983	0.13633	0.01356	0.00762	0.00205	0.00307	0.01191	0.00699	0.00602
87	0.01852	0.01413	0.01530	0.01370	0.03844	0.03522	0.01046	0.12046	0.45953	0.11580	0.04457	0.02410	0.04290	0.00877	0.00659	0.00211	0.00556	0.00721	0.00654	0.01007
88	0.00787	0.00562	0.00750	0.00900	0.00937	0.00525	0.00600	0.00900	0.01237	0.01649	0.03561	0.76871	0.04274	0.02024	0.00825	0.00262	0.00375	0.01837	0.00600	0.00525
89	0.00924	0.00690	0.01028	0.01028	0.01140	0.00802	0.00795	0.01147	0.01035	0.01492	0.01740	0.02590	0.01638	0.07054	0.72554	0.01026	0.01697	0.00700	0.00348	0.00571
90	0.81856	0.01250	0.00950	0.00850	0.01250	0.01449	0.00700	0.01899	0.01100	0.02899	0.00900	0.01050	0.00700	0.00600	0.00400	0.00200	0.00500	0.00350	0.00400	0.00700
91	0.01661	0.01419	0.01650	0.03758	0.10714	0.01601	0.01172	0.10244	0.51634	0.02739	0.04662	0.02281	0.01869	0.00837	0.00657	0.00212	0.00567	0.00706	0.00605	0.01008
92	0.00847	0.00658	0.00771	0.00743	0.00924	0.00581	0.00557	0.01090	0.01671	0.02215	0.43417	0.05445	0.35835	0.01461	0.00763	0.00210	0.00315	0.01255	0.00662	0.00581
93	0.01639	0.01336	0.01673	0.04209	0.23005	0.07037	0.01216	0.04134	0.14213	0.10202	0.11319	0.02633	0.08012	0.00865	0.00655	0.00198	0.00605	0.00743	0.05423	0.00884
94	0.01591	0.01598	0.04549	0.03510	0.58545	0.03511	0.06471	0.03803	0.01544	0.02172	0.05420	0.01778	0.01309	0.00626	0.00653	0.00194	0.00777	0.00616	0.00351	0.00982
95	0.00850	0.00610	0.00806	0.00857	0.00951	0.00566	0.00605	0.01056	0.01527	0.02111	0.37580	0.41535	0.05168	0.01679	0.00794	0.00233	0.00341	0.01509	0.00654	0.00566
96	0.01340	0.01148	0.01340	0.00957	0.01531	0.00861	0.00766	0.01627	0.01340	0.02105	0.01148	0.01340	0.00957	0.00479	0.00479	0.00096	0.00479	0.00383	0.00383	0.81242
97	0.01335	0.10117	0.67514	0.01775	0.02693	0.01597	0.02270	0.02036	0.01359	0.01998	0.01136	0.01334	0.00819	0.00608	0.00596	0.00199	0.00931	0.00465	0.00273	0.00943
98	0.77209	0.01282	0.01008	0.00887	0.01294	0.01482	0.00731	0.05950	0.01213	0.02968	0.00938	0.01079	0.00723	0.00610	0.00414	0.00200	0.00512	0.00363	0.00414	0.00723
99	0.01599	0.01535	0.02623	0.03966	0.73262	0.01535	0.01983	0.01983	0.01471	0.02111	0.01215	0.01599	0.01023	0.00576	0.00640	0.00192	0.00768	0.00576	0.00320	0.01023
100	0.01922	0.01613	0.01599	0.01363	0.01761	0.08286	0.01077	0.22608	0.39985	0.05021	0.06105	0.02181	0.01839	0.00851	0.00653	0.00206	0.00617	0.00682	0.00632	0.00999
101	0.02899	0.01100	0.01499	0.01150	0.01649	0.00950	0.00950	0.03149	0.01849	0.73709	0.02549	0.02199	0.01599	0.00800	0.00650	0.00200	0.00550	0.00650	0.00800	0.01100
102	0.01421	0.01167	0.01363	0.00979	0.01549	0.00899	0.00785	0.03791	0.01407	0.04348	0.01203	0.01372	0.00981	0.00497	0.00489	0.00102	0.00488	0.00397	0.00404	0.76357
103	0.81856	0.01250	0.00950	0.00850	0.01250	0.01449	0.00700	0.01899	0.01100	0.02899	0.00900	0.01050	0.00700	0.00600	0.00400	0.00200	0.00500	0.00350	0.00400	0.00700
104	0.70246	0.05739	0.01166	0.00937	0.01339	0.08035	0.00772	0.01962	0.01177	0.02704	0.00908	0.01059	0.00719	0.00603	0.00417	0.00193	0.00570	0.00356	0.00387	0.00711
105	0.00909	0.00660	0.00856	0.00807	0.00962	0.00607	0.00605	0.01209	0.01816	0.02560	0.70519	0.04877	0.08517	0.01332	0.00762	0.00204	0.00306	0.01176	0.00707	0.00607
106	0.01296	0.03342	0.73944	0.01842	0.02797	0.01501	0.02387	0.02046	0.01364	0.02046	0.01160	0.01364	0.00818	0.00614	0.00614	0.00205	0.00955	0.00477	0.00273	0.00955
107	0.00787	0.00562	0.00750	0.00900	0.00937	0.00525	0.00600	0.00900	0.01237	0.01649	0.03561	0.76871	0.04274	0.02024	0.00825	0.00262	0.00375	0.01837	0.00600	0.00525
108	0.01459	0.22917	0.01704	0.00997	0.01296	0.04759	0.00818	0.04613	0.01563	0.09008	0.20658	0.13538	0.05351	0.07547	0.00861	0.00227	0.00536	0.00904	0.00528	0.00716
109	0.00914	0.00660	0.00864	0.00813	0.00965	0.00610	0.00610	0.01219	0.01829	0.02591	0.72921	0.04827	0.06097	0.01321	0.00762	0.00203	0.00305	0.01169	0.00711	0.00610
110	0.01727	0.77681	0.03386	0.01106	0.01658	0.02557	0.01106	0.01935	0.01313	0.01520	0.00898	0.01036	0.00829	0.00553	0.00415	0.00138	0.00691	0.00345	0.00276	0.00829
111	0.00924	0.00687	0.01010	0.01010	0.01116	0.00792	0.00773	0.01136	0.01030	0.01479	0.01756	0.02680	0.01677	0.10923	0.68739	0.01004	0.01638	0.00713	0.00350	0.00561
112	0.00924	0.00688	0.01019	0.01019	0.01128	0.00797	0.00783	0.01141	0.01033	0.01485	0.01749	0.02637	0.01658	0.09086	0.70550	0.01014	0.01666	0.00707	0.00349	0.00566
113	0.01303	0.03293	0.71807	0.01868	0.02814	0.01505	0.04476	0.02047	0.01369	0.02047	0.01164	0.01376	0.00823	0.00612	0.00618	0.00205	0.00959	0.00486	0.00274	0.00952
114	0.00837	0.00657	0.00757	0.00732	0.00918	0.00577	0.00549	0.01070	0.01646	0.02158	0.38905	0.05540	0.40383	0.01483	0.00763	0.00211	0.00316	0.01269	0.00654	0.00577
115	0.00896	0.00657	0.00840	0.00801	0.00956	0.00601	0.00598	0.01182	0.01777	0.02482	0.64534	0.07154	0.12364	0.01372	0.00764	0.00206	0.00309	0.01207	0.00697	0.00601
116	0.64780	0.01350	0.01150	0.00977	0.01402	0.01539	0.00806	0.14885	0.01483	0.05108	0.01068	0.01176	0.00800	0.00638	0.00453	0.00199	0.00541	0.00402	0.00457	0.00786
117	0.00867	0.00641	0.00884	0.00962	0.01044	0.00603	0.02663	0.01036	0.03322	0.01710	0.05260	0.65019	0.03929	0.01892	0.00879	0.03744	0.00409	0.01657	0.00577	0.02904
118	0.02899	0.01100	0.01499	0.01150	0.01649	0.00950	0.00950	0.03149	0.01849	0.73709	0.02549	0.02199	0.01599	0.00800	0.00650	0.00200	0.00550	0.00650	0.00800	0.01100
119	0.01340	0.01148	0.01340	0.00957	0.01531	0.00861	0.00766	0.01627	0.01340	0.02105	0.01148	0.01340	0.00957	0.00479	0.00479	0.00096	0.00479	0.00383	0.00383	0.81242
120	0.16016	0.01620	0.01713	0.01334	0.01829	0.01770	0.01101	0.50331	0.02551	0.13104	0.01573	0.01552	0.01097	0.00749	0.00605	0.00196	0.00654	0.00551	0.00625	0.01031
121	0.81856	0.01250	0.00950	0.00850	0.01250	0.01449	0.00700	0.01899	0.01100	0.02899	0.00900	0.01050	0.00700	0.00600	0.00400	0.00200	0.00500	0.00350	0.00400	0.00700
122	0.01467	0.32759	0.46023	0.01550	0.02346	0.01918	0.01880	0.02002	0.01344	0.01838	0.01056	0.01234	0.00823	0.00590	0.00535	0.00178	0.00850	0.00425	0.00274	0.00905
123	0.01590	0.48377	0.29082	0.01390	0.02084	0.04283	0.01577	0.01994	0.01347	0.01714	0.00997	0.01160	0.00825	0.00578	0.00492	0.00163	0.00801	0.00396	0.00277	0.00873
124	0.02705	0.01411	0.01692	0.01297	0.01805	0.01412	0.01072	0.32951	0.02371	0.43171	0.02112	0.01915	0.01380	0.00789	0.00648	0.00197	0.00620	0.00620	0.00732	0.01099
125	0.00934	0.00629	0.00714	0.00714	0.00723	0.00630	0.00407	0.00946	0.00957	0.01273	0.02147	0.04230	0.04208	0.73069	0.05399	0.00628	0.00652	0.00943	0.00396	0.00401
126	0.01775	0.01471	0.01556	0.01349	0.01744	0.01686	0.01063	0.16819	0.58435	0.02974	0.02417	0.02241	0.01800	0.00857	0.00655	0.00214	0.00551	0.00701	0.00655	0.01038
127	0.02414	0.03079	0.01831	0.01665	0.01998	0.74698	0.01248	0.02580	0.01831	0.01581	0.00999	0.01165	0.00832	0.00666	0.00583	0.00166	0.01165	0.00416	0.00333	0.00749
128	0.01517	0.01459	0.02511	0.19088	0.56809	0.01517	0.03839	0.01915	0.01435	0.02013	0.01204	0.01629	0.00988	0.00590	0.00644	0.00198	0.00796	0.00581	0.00313	0.00955
129	0.00817	0.00657	0.00729	0.00711	0.00905	0.00568	0.00533	0.01031	0.01599	0.02045	0.30023	0.05726	0.49335	0.01525	0.00763	0.00213	0.00319	0.01295	0.00639	0.00568
130	0.02435	0.01378	0.02021	0.01538	0.02050	0.04383	0.15954	0.05382	0.09072	0.45417	0.02189	0.02055	0.01454	0.00746	0.00672	0.00204	0.00694	0.00670	0.00658	0.01028
131	0.01296	0.03342	0.73944	0.01842	0.02797	0.01501	0.02387	0.02046	0.01364	0.02046	0.01160	0.01364	0.00818	0.00614	0.00614	0.00205	0.00955	0.00477	0.00273	0.00955
132	0.56403	0.14015	0.03468	0.01023	0.01454	0.11000	0.00883	0.01996	0.01235	0.02482	0.00919	0.01071	0.00741	0.00601	0.00432	0.00186	0.00629	0.00361	0.00368	0.00734
133	0.02816	0.01233	0.01582	0.01213	0.01716	0.01148	0.01002	0.15933	0.02073	0.60609	0.02361	0.02077	0.01505	0.00795	0.00649	0.00199	0.00580	0.00637	0.00771	0.01099
134	0.01727	0.77681	0.03386	0.01106	0.01658	0.02557	0.01106	0.01935	0.01313	0.01520	0.00898	0.01036	0.00829	0.00553	0.00415	0.00138	0.00691	0.00345	0.00276	0.00829
135	0.01392	0.01147	0.01345	0.00964	0.01535	0.00864	0.00772	0.01678	0.01357	0.04514	0.01196	0.01369	0.00979	0.00489	0.00484	0.00099	0.00481	0.00392	0.00397	0.78546
136	0.02456	0.01810	0.01939	0.01487	0.02004	0.02004	0.01228	0.71107	0.03038	0.04072	0.01551	0.01551	0.01099	0.00776	0.00646	0.00194	0.00711	0.00582	0.00646	0.01099
137	0.00784	0.00575	0.00737	0.00867	0.00929	0.00528	0.00585	0.00903	0.01268	0.01662	0.03959	0.67456	0.13431	0.01973	0.00817	0.00257	0.00369	0.01774	0.00600	0.00528
138	0.00787	0.00562	0.00750	0.00900	0.00937	0.00525	0.00600	0.00900	0.01237	0.01649	0.03561	0.76871	0.04274	0.02024	0.00825	0.00262	0.00375	0.01837	0.00600	0.00525
139	0.00804	0.00574	0.00769	0.00919	0.00964	0.00539	0.00629	0.00929	0.01254	0.01668	0.03552	0.72230	0.04236	0.02008	0.00829	0.00265	0.00390	0.06311	0.00599	0.00529
140	0.01712	0.74991	0.05939	0.01132	0.01700	0.02518	0.01152	0.01939	0.01315	0.01539	0.00908	0.01048	0.00829	0.00555	0.00422	0.00141	0.00701	0.00350	0.00276	0.00834
141	0.01493	0.01676	0.03628	0.02621	0.03241	0.01575	0.66255	0.02021	0.01523	0.02061	0.01448	0.02113	0.01163	0.00627	0.00771	0.00223	0.01056	0.05308	0.00345	0.00853
142	0.01220	0.01148	0.01938	0.75739	0.04450	0.01436	0.01794	0.01651	0.01292	0.01651	0.01148	0.01723	0.00861	0.00646	0.00646	0.00215	0.00861	0.00574	0.00287	0.00718
143	0.01414	0.01414	0.01979	0.01696	0.01696	0.01979	0.01414	0.01555	0.00990	0.01555	0.00848	0.01414	0.00848	0.01131	0.02120	0.00283	0.76110	0.00565	0.00283	0.00707
144	0.00787	0.00562	0.00750	0.00900	0.00937	0.00525	0.00600	0.00900	0.01237	0.01649	0.03561	0.76871	0.04274	0.02024	0.00825	0.00262	0.00375	0.01837	0.00600	0.00525
145	0.02314	0.01032	0.01371	0.01149	0.01550	0.00949	0.00950	0.02717	0.08089	0.49566	0.07391	0.03318	0.02317	0.01020	0.00702	0.00220	0.00538	0.13095	0.00744	0.00968
146	0.00787	0.00562	0.00750	0.00900	0.00937	0.00525	0.00600	0.00900	0.01237	0.01649	0.03561	0.76871	0.04274	0.02024	0.00825	0.00262	0.00375	0.01837	0.00600	0.00525
147	0.01220	0.01148	0.01938	0.75739	0.04450	0.01436	0.01794	0.01651	0.01292	0.01651	0.01148	0.01723	0.00861	0.00646	0.00646	0.00215	0.00861	0.00574	0.00287	0.00718
148	0.81856	0.01250	0.00950	0.00850	0.01250	0.01449	0.00700	0.01899	0.01100	0.02899	0.00900	0.01050	0.00700	0.00600	0.00400	0.00200	0.00500	0.00350	0.00400	0.00700
149	0.01351	0.12776	0.64990	0.01748	0.02652	0.01635	0.02225	0.02032	0.01358	0.01979	0.01126	0.01323	0.00820	0.00606	0.00589	0.00196	0.00921	0.00461	0.00273	0.00939
150	0.01867	0.01371	0.01499	0.01300	0.01697	0.01530	0.01025	0.07902	0.56433	0.13969	0.02545	0.02320	0.01855	0.00858	0.00656	0.00214	0.00531	0.00708	0.00679	0.01040
151	0.00783	0.00579	0.00732	0.00855	0.00925	0.00529	0.00580	0.00905	0.01280	0.01667	0.04103	0.64047	0.16748	0.01954	0.00814	0.00254	0.00366	0.01751	0.00600	0.00529
152	0.02456	0.01810	0.01939	0.01487	0.02004	0.02004	0.01228	0.71107	0.03038	0.04072	0.01551	0.01551	0.01099	0.00776	0.00646	0.00194	0.00711	0.00582	0.00646	0.01099
153	0.20143	0.01264	0.01436	0.01135	0.01610	0.03202	0.00933	0.10238	0.01814	0.48644	0.02037	0.01848	0.01327	0.00750	0.00593	0.00198	0.00573	0.00570	0.00683	0.01002
154	0.00909	0.00660	0.00856	0.00807	0.00962	0.00607	0.00605	0.01209	0.01816	0.02560	0.70519	0.04877	0.08517	0.01332	0.00762	0.00204	0.00306	0.01176	0.00707	0.00607
