[name]
unknown

[dist]
# distance from previous block
# <min> <max>
0	49

[block]
# block no. 0 follows, 31 sequences, length 10
# corresponding to MSA columns:
# 49-58
name=unknown_A
#
# <colnr> <probs for GDERKNQSTAVLIFYWHMCP>
#	G	D	E	R	K	N	Q	S	T	A	V	L	I	F	Y	W	H	M	C	P
0	0.04006	0.06291	0.06898	0.09727	0.10928	0.06160	0.02915	0.10080	0.07359	0.08336	0.01872	0.02260	0.03950	0.00984	0.03614	0.00239	0.00794	0.04323	0.00480	0.08784
1	0.04173	0.06185	0.01927	0.03500	0.08882	0.01412	0.07188	0.09603	0.09221	0.12869	0.04059	0.10334	0.03252	0.05666	0.00916	0.00242	0.03120	0.00827	0.00549	0.06076
2	0.01008	0.00753	0.01003	0.04288	0.01272	0.00731	0.03189	0.04162	0.01478	0.02000	0.07615	0.43904	0.13228	0.04439	0.00903	0.00265	0.00456	0.01530	0.07160	0.00615
3	0.01169	0.01004	0.01347	0.05981	0.01637	0.03610	0.07252	0.05307	0.06563	0.02064	0.06208	0.43104	0.08770	0.01620	0.00814	0.00253	0.00556	0.01464	0.00588	0.00691
4	0.01569	0.01817	0.12081	0.27144	0.08269	0.09337	0.01623	0.08027	0.01627	0.02137	0.01474	0.08231	0.01276	0.00795	0.00664	0.00204	0.00838	0.00667	0.00388	0.11833
5	0.01676	0.01153	0.03482	0.10327	0.01831	0.01130	0.01005	0.15059	0.01873	0.13657	0.10503	0.05922	0.11350	0.08682	0.03941	0.00296	0.00645	0.00895	0.05755	0.00819
6	0.00922	0.00716	0.00848	0.00904	0.01047	0.00677	0.00643	0.01247	0.07669	0.02010	0.13701	0.39308	0.24150	0.01814	0.00829	0.00252	0.00385	0.01598	0.00657	0.00621
7	0.01915	0.09919	0.20257	0.10393	0.07747	0.05475	0.05475	0.14854	0.01857	0.09557	0.01429	0.01608	0.01047	0.00688	0.00644	0.00200	0.00857	0.00558	0.00438	0.05082
8	0.06936	0.05685	0.02251	0.13037	0.19727	0.09178	0.03670	0.19161	0.04491	0.07216	0.01453	0.01663	0.01100	0.00710	0.00651	0.00205	0.00820	0.00583	0.00471	0.00993
9	0.00891	0.00665	0.00835	0.00947	0.01035	0.00633	0.00651	0.01138	0.05623	0.01878	0.07538	0.59896	0.11748	0.01986	0.00852	0.00267	0.00397	0.01782	0.00645	0.00595

[dist]
# distance from previous block
# <min> <max>
0	2

[block]
# block no. 1 follows, 31 sequences, length 17
# corresponding to MSA columns:
# 61-77
name=unknown_B
#
# <colnr> <probs for GDERKNQSTAVLIFYWHMCP>
#	G	D	E	R	K	N	Q	S	T	A	V	L	I	F	Y	W	H	M	C	P
0	0.05041	0.01345	0.01451	0.01066	0.01652	0.04326	0.00852	0.04630	0.01507	0.02329	0.01215	0.01406	0.01001	0.00535	0.00516	0.00114	0.00552	0.00414	0.00415	0.69634
1	0.00839	0.00606	0.00795	0.00935	0.00990	0.00561	0.00630	0.00972	0.01355	0.01804	0.07460	0.68397	0.07957	0.02084	0.00867	0.00272	0.00391	0.01883	0.00641	0.00561
2	0.01553	0.14274	0.02350	0.01689	0.01789	0.02200	0.01441	0.01715	0.01106	0.01640	0.00907	0.01429	0.00895	0.01093	0.01937	0.00273	0.62081	0.00559	0.00298	0.00771
3	0.01746	0.01413	0.01974	0.11670	0.10935	0.04267	0.08972	0.10981	0.05427	0.10130	0.07408	0.05118	0.08199	0.00899	0.00707	0.00208	0.00713	0.00797	0.00531	0.07904
4	0.01451	0.03672	0.08963	0.14104	0.11372	0.03657	0.01394	0.04518	0.01552	0.05970	0.05715	0.05275	0.14762	0.01184	0.03791	0.00256	0.07300	0.00819	0.00455	0.03789
5	0.01742	0.01490	0.01570	0.01400	0.01794	0.01721	0.01093	0.06593	0.67430	0.02927	0.02733	0.02512	0.02047	0.00923	0.00696	0.00231	0.00551	0.00766	0.00696	0.01087
6	0.01379	0.01246	0.01771	0.02257	0.27026	0.03986	0.03670	0.05449	0.04430	0.02172	0.05104	0.25257	0.10864	0.01273	0.00761	0.00231	0.00626	0.01152	0.00515	0.00832
7	0.05682	0.28834	0.15093	0.07598	0.07195	0.03648	0.01479	0.03938	0.07385	0.06721	0.03066	0.03901	0.01295	0.00732	0.00584	0.00193	0.00759	0.00562	0.00407	0.00926
8	0.01488	0.00893	0.01321	0.06575	0.01634	0.00841	0.05208	0.01757	0.01663	0.18640	0.20100	0.25152	0.06325	0.01418	0.00795	0.00240	0.00517	0.03999	0.00671	0.00764
9	0.00826	0.00625	0.00763	0.00873	0.00971	0.00562	0.00600	0.00962	0.01386	0.01778	0.04736	0.54445	0.24967	0.02018	0.00853	0.00264	0.00382	0.01792	0.00635	0.00562
10	0.02011	0.02037	0.21482	0.01551	0.02144	0.04355	0.03601	0.14705	0.09003	0.18429	0.05000	0.06354	0.01801	0.00918	0.00704	0.00221	0.00754	0.03332	0.00586	0.01013
11	0.07654	0.06559	0.02122	0.18297	0.15385	0.04549	0.04232	0.06964	0.13889	0.09444	0.01672	0.01859	0.01256	0.00728	0.00647	0.00211	0.00753	0.00615	0.02206	0.00957
12	0.01427	0.01407	0.05443	0.09566	0.19807	0.03942	0.01391	0.03907	0.09645	0.02210	0.08082	0.06074	0.09411	0.01226	0.04881	0.00271	0.05849	0.00829	0.03777	0.00854
13	0.01184	0.04120	0.01052	0.00952	0.01139	0.00819	0.00706	0.04234	0.04503	0.06687	0.16571	0.34255	0.12616	0.01599	0.00779	0.00237	0.00419	0.01402	0.06043	0.00682
14	0.04615	0.01698	0.07732	0.07248	0.11746	0.05311	0.05136	0.11613	0.17648	0.04916	0.03389	0.09526	0.01750	0.00929	0.00758	0.00225	0.03500	0.00786	0.00521	0.00955
15	0.06731	0.05375	0.05330	0.09886	0.08503	0.08326	0.01302	0.18740	0.05538	0.07767	0.04291	0.04985	0.01555	0.04158	0.00775	0.00226	0.00742	0.00674	0.04172	0.00922
16	0.04456	0.05259	0.01992	0.03922	0.03675	0.14630	0.09684	0.11183	0.05831	0.06382	0.04587	0.02272	0.08896	0.00819	0.00657	0.00190	0.00769	0.00679	0.00495	0.13620

[dist]
# distance from previous block
# <min> <max>
1	9

[block]
# block no. 2 follows, 31 sequences, length 15
# corresponding to MSA columns:
# 87-101
name=unknown_C
#
# <colnr> <probs for GDERKNQSTAVLIFYWHMCP>
#	G	D	E	R	K	N	Q	S	T	A	V	L	I	F	Y	W	H	M	C	P
0	0.01573	0.01151	0.01776	0.07031	0.07792	0.01091	0.10889	0.03610	0.03523	0.13802	0.02895	0.13361	0.11620	0.03356	0.00830	0.00237	0.00652	0.05682	0.00553	0.08576
1	0.01093	0.01052	0.05016	0.04384	0.05606	0.00951	0.04326	0.01369	0.01479	0.02041	0.15952	0.22652	0.12845	0.01606	0.04769	0.00280	0.06283	0.01194	0.00537	0.06566
2	0.05364	0.04091	0.17702	0.04659	0.05981	0.01482	0.07315	0.10830	0.01669	0.04720	0.01648	0.04796	0.04094	0.00777	0.00733	0.00197	0.05055	0.00634	0.00428	0.17826
3	0.01037	0.00723	0.00928	0.00988	0.01115	0.00701	0.00711	0.01347	0.06570	0.05145	0.14614	0.45234	0.07939	0.01998	0.04603	0.00303	0.00485	0.04261	0.00654	0.00643
4	0.01713	0.01186	0.04312	0.01242	0.01590	0.01098	0.03757	0.08428	0.09503	0.17468	0.09381	0.16965	0.06289	0.01381	0.03093	0.03822	0.02521	0.01009	0.00635	0.04605
5	0.11238	0.12244	0.22311	0.09235	0.10347	0.01812	0.08823	0.05392	0.02992	0.02253	0.01209	0.01502	0.00943	0.00685	0.00736	0.00213	0.06253	0.00542	0.00348	0.00924
6	0.01248	0.03779	0.04459	0.06861	0.04584	0.01053	0.01014	0.07453	0.05559	0.02145	0.02875	0.35159	0.06421	0.01437	0.00755	0.00233	0.00552	0.03938	0.00551	0.09921
7	0.00857	0.00639	0.00786	0.00865	0.00967	0.00581	0.00597	0.01015	0.01452	0.01906	0.15109	0.43992	0.20833	0.05878	0.00987	0.00277	0.00387	0.01662	0.00642	0.00568
8	0.01849	0.05261	0.04280	0.06493	0.04606	0.17469	0.19395	0.07805	0.01734	0.05009	0.03962	0.04825	0.01401	0.00992	0.04000	0.00253	0.06244	0.00697	0.02864	0.00859
9	0.01878	0.14213	0.06149	0.11107	0.04690	0.17799	0.11416	0.11162	0.01821	0.02221	0.06055	0.03156	0.01403	0.00765	0.00709	0.00202	0.03348	0.00625	0.00408	0.00876
10	0.00993	0.00728	0.01003	0.01000	0.01076	0.00818	0.00723	0.01151	0.01072	0.01511	0.01982	0.05938	0.02042	0.27797	0.45937	0.00905	0.03526	0.00859	0.00390	0.00549
11	0.01512	0.02961	0.46276	0.01833	0.02558	0.12208	0.05212	0.02083	0.01475	0.01998	0.01418	0.07083	0.01218	0.03895	0.00878	0.00239	0.05277	0.00643	0.00333	0.00901
12	0.01446	0.05867	0.10272	0.16007	0.16785	0.01424	0.01519	0.08795	0.04128	0.02280	0.07471	0.13477	0.05658	0.01015	0.00710	0.00221	0.00709	0.00886	0.00465	0.00868
13	0.05669	0.01705	0.01685	0.01538	0.05771	0.14430	0.01146	0.13830	0.16347	0.17097	0.06011	0.02164	0.01743	0.01178	0.06340	0.00278	0.00813	0.00666	0.00608	0.00983
14	0.13613	0.04869	0.05407	0.18601	0.10311	0.05803	0.08804	0.02024	0.01459	0.05046	0.01271	0.01588	0.00987	0.00630	0.00604	0.00191	0.00784	0.00537	0.02593	0.14880

[dist]
# distance from previous block
# <min> <max>
0	7

[block]
# block no. 3 follows, 31 sequences, length 18
# corresponding to MSA columns:
# 109-126
name=unknown_D
#
# <colnr> <probs for GDERKNQSTAVLIFYWHMCP>
#	G	D	E	R	K	N	Q	S	T	A	V	L	I	F	Y	W	H	M	C	P
0	0.08918	0.08526	0.20367	0.04229	0.10503	0.01754	0.08778	0.15305	0.05702	0.04086	0.01637	0.01799	0.03957	0.00730	0.00649	0.00210	0.00819	0.00608	0.00440	0.00986
1	0.01603	0.01575	0.04629	0.12343	0.06216	0.09921	0.01318	0.11971	0.03856	0.02262	0.07056	0.06716	0.03942	0.02625	0.08602	0.00324	0.10752	0.00759	0.00456	0.03075
2	0.01716	0.01627	0.02764	0.10815	0.53582	0.01663	0.08082	0.07227	0.01671	0.02342	0.01316	0.01716	0.01069	0.00630	0.00690	0.00208	0.00849	0.00628	0.00362	0.01043
3	0.09044	0.01258	0.01623	0.01335	0.01726	0.01313	0.06903	0.07824	0.15949	0.19665	0.08267	0.02739	0.06789	0.02961	0.06374	0.00300	0.03585	0.00787	0.00630	0.00929
4	0.00831	0.00606	0.00783	0.00924	0.00985	0.00558	0.00622	0.00956	0.01338	0.01758	0.04122	0.67839	0.11969	0.02098	0.00866	0.00273	0.00391	0.01889	0.00635	0.00558
5	0.01430	0.06208	0.52985	0.07503	0.03017	0.01652	0.08346	0.02233	0.06214	0.02161	0.01336	0.01571	0.00970	0.00662	0.00661	0.00217	0.00972	0.00553	0.00323	0.00983
6	0.01879	0.01668	0.02108	0.19186	0.09494	0.07515	0.06541	0.22919	0.09754	0.02751	0.01749	0.05237	0.01437	0.00858	0.00709	0.00221	0.00821	0.03695	0.00505	0.00952
7	0.00834	0.00643	0.00763	0.00841	0.00967	0.00571	0.00590	0.00990	0.01458	0.01864	0.10211	0.42481	0.31493	0.01922	0.00842	0.00254	0.00371	0.01690	0.00644	0.00571
8	0.00940	0.00707	0.00787	0.00770	0.00985	0.00609	0.00576	0.01147	0.01644	0.04945	0.21085	0.10832	0.49245	0.01649	0.00808	0.00230	0.00354	0.01401	0.00671	0.00616
9	0.01096	0.00842	0.01171	0.01196	0.03966	0.00976	0.00844	0.01247	0.01106	0.01596	0.01886	0.07925	0.01942	0.21742	0.31692	0.03620	0.11741	0.00849	0.03975	0.00586
10	0.01683	0.07421	0.04370	0.10008	0.08168	0.07527	0.11340	0.08034	0.06699	0.02100	0.01383	0.01906	0.01187	0.07530	0.01273	0.00269	0.17210	0.00648	0.00388	0.00856
11	0.01520	0.01114	0.01274	0.01158	0.01455	0.01186	0.00889	0.05348	0.31680	0.08844	0.21874	0.12113	0.06214	0.01223	0.00751	0.00230	0.00469	0.01054	0.00715	0.00890
12	0.01224	0.01096	0.01573	0.01430	0.01495	0.01444	0.01160	0.01423	0.01075	0.01616	0.01389	0.02122	0.01324	0.03262	0.39512	0.00719	0.36455	0.00669	0.00335	0.00676
13	0.01011	0.00671	0.00764	0.00771	0.00803	0.00670	0.00469	0.01062	0.01078	0.01473	0.02408	0.04517	0.05244	0.62130	0.05326	0.00610	0.00663	0.03970	0.05907	0.00453
14	0.01345	0.01400	0.04036	0.14792	0.06474	0.01403	0.27258	0.01760	0.01526	0.02079	0.10945	0.09017	0.06274	0.00969	0.00909	0.00237	0.07417	0.00932	0.00429	0.00800
15	0.01094	0.00614	0.00847	0.00876	0.00922	0.00595	0.00602	0.00965	0.01081	0.01447	0.02366	0.13635	0.09916	0.02169	0.02021	0.52310	0.00523	0.03018	0.04604	0.00396
16	0.04291	0.13020	0.04108	0.01586	0.07028	0.22892	0.01188	0.08513	0.04579	0.02085	0.01866	0.15763	0.01865	0.04237	0.00786	0.00228	0.00813	0.03883	0.00458	0.00812
17	0.02375	0.02853	0.01831	0.01662	0.02003	0.58606	0.01250	0.07859	0.04315	0.01929	0.01408	0.08022	0.01274	0.00852	0.00648	0.00190	0.01097	0.00602	0.00416	0.00811

[dist]
# distance from previous block
# <min> <max>
0	14

[block]
# block no. 4 follows, 31 sequences, length 9
# corresponding to MSA columns:
# 141-149
name=unknown_E
#
# <colnr> <probs for GDERKNQSTAVLIFYWHMCP>
#	G	D	E	R	K	N	Q	S	T	A	V	L	I	F	Y	W	H	M	C	P
0	0.05806	0.12495	0.08402	0.04318	0.08561	0.01480	0.03580	0.02000	0.06234	0.02178	0.01352	0.01698	0.01134	0.00655	0.00626	0.00166	0.03222	0.02623	0.00391	0.33079
1	0.01212	0.00893	0.01291	0.08990	0.06487	0.00852	0.02719	0.01454	0.01478	0.06951	0.12893	0.33526	0.03418	0.04932	0.00897	0.00251	0.00527	0.01273	0.00569	0.09388
2	0.01606	0.01210	0.01438	0.01036	0.01636	0.00923	0.00833	0.01905	0.01480	0.10159	0.01384	0.01522	0.01090	0.00545	0.00527	0.00114	0.00515	0.00437	0.00455	0.71184
3	0.01747	0.03693	0.12870	0.09696	0.06729	0.07474	0.05824	0.10762	0.03952	0.05901	0.03458	0.04343	0.01333	0.00765	0.00728	0.00197	0.04303	0.00624	0.00442	0.15160
4	0.01419	0.01383	0.01947	0.01692	0.01711	0.01911	0.01401	0.01583	0.01055	0.01638	0.01037	0.01674	0.01019	0.01783	0.12811	0.00418	0.63860	0.00619	0.00309	0.00728
5	0.01093	0.00686	0.00882	0.00932	0.01069	0.00620	0.00660	0.01262	0.01500	0.09606	0.13008	0.48142	0.14256	0.01843	0.00835	0.00255	0.00400	0.01641	0.00674	0.00637
6	0.01536	0.06173	0.05909	0.16719	0.21729	0.01561	0.16235	0.01955	0.01505	0.04473	0.04309	0.06640	0.01484	0.00787	0.00775	0.00220	0.04167	0.00746	0.02182	0.00895
7	0.04694	0.01166	0.04378	0.05521	0.06726	0.02512	0.07961	0.01561	0.01499	0.04178	0.08812	0.22802	0.10242	0.01255	0.00741	0.00222	0.00596	0.02982	0.00522	0.11630
8	0.00954	0.00646	0.00758	0.00798	0.00808	0.00636	0.00470	0.00984	0.01074	0.01432	0.02560	0.22262	0.02997	0.57475	0.02829	0.00567	0.00597	0.01233	0.00470	0.00450

[dist]
# distance from previous block
# <min> <max>
0	7

[block]
# block no. 5 follows, 31 sequences, length 21
# corresponding to MSA columns:
# 157-177
name=unknown_F
#
# <colnr> <probs for GDERKNQSTAVLIFYWHMCP>
#	G	D	E	R	K	N	Q	S	T	A	V	L	I	F	Y	W	H	M	C	P
0	0.01515	0.01908	0.16501	0.20827	0.05901	0.01578	0.24585	0.07676	0.01628	0.02237	0.01494	0.06163	0.01212	0.00740	0.00725	0.00225	0.00949	0.00737	0.02504	0.00895
1	0.01732	0.04097	0.05881	0.12823	0.22860	0.11238	0.08070	0.03874	0.11293	0.03780	0.01704	0.01968	0.03594	0.00874	0.03068	0.00239	0.00896	0.00650	0.00413	0.00944
2	0.01685	0.06424	0.02224	0.09296	0.02275	0.17872	0.08510	0.01927	0.01366	0.01705	0.01140	0.01668	0.01025	0.03072	0.08283	0.00333	0.29510	0.00594	0.00325	0.00765
3	0.01161	0.01005	0.01291	0.10444	0.01729	0.05776	0.00999	0.01410	0.01209	0.01646	0.01720	0.04785	0.01625	0.08145	0.46090	0.00790	0.03349	0.00728	0.00370	0.05729
4	0.03328	0.05729	0.16073	0.06048	0.06869	0.07611	0.05490	0.05323	0.10690	0.05516	0.03776	0.02042	0.01428	0.00921	0.02663	0.00238	0.06955	0.03051	0.00440	0.05810
5	0.09332	0.15209	0.33438	0.01499	0.02123	0.01659	0.01663	0.01989	0.04470	0.02062	0.01464	0.02152	0.01294	0.08937	0.01015	0.00265	0.05238	0.04976	0.00358	0.00859
6	0.00856	0.00618	0.00816	0.00960	0.01022	0.00577	0.00665	0.00999	0.01360	0.01803	0.05853	0.64875	0.07916	0.02082	0.00873	0.00276	0.00410	0.06834	0.00638	0.00565
7	0.01410	0.01102	0.01777	0.17503	0.06486	0.01180	0.08558	0.01715	0.01497	0.10006	0.10381	0.20899	0.04404	0.01218	0.00925	0.00243	0.08337	0.01070	0.00517	0.00773
8	0.03509	0.06308	0.01973	0.14209	0.10320	0.16832	0.01393	0.09179	0.09406	0.06113	0.01744	0.06845	0.01505	0.00897	0.00733	0.00216	0.03543	0.03913	0.00470	0.00890
9	0.01323	0.05225	0.01453	0.01220	0.01318	0.08307	0.00928	0.01442	0.01174	0.01539	0.01868	0.02984	0.05920	0.27876	0.12962	0.00522	0.22171	0.00781	0.00375	0.00612
10	0.01188	0.00594	0.00891	0.00891	0.00891	0.00594	0.00594	0.00891	0.00891	0.01188	0.01188	0.02080	0.01188	0.02377	0.02674	0.80095	0.00594	0.00594	0.00297	0.00297
11	0.01419	0.01216	0.01419	0.01013	0.01621	0.00912	0.00811	0.01723	0.01419	0.02229	0.01216	0.01419	0.01013	0.00507	0.00507	0.00101	0.00507	0.00405	0.00405	0.80139
12	0.01049	0.00831	0.01140	0.07064	0.01435	0.00954	0.00875	0.01262	0.01210	0.01692	0.02649	0.06078	0.13150	0.11061	0.32468	0.00657	0.09218	0.00892	0.05704	0.00611
13	0.01367	0.10776	0.57257	0.01740	0.02614	0.01596	0.02171	0.02042	0.01477	0.02133	0.06129	0.01886	0.04437	0.00742	0.00646	0.00210	0.00906	0.00582	0.00336	0.00953
14	0.01516	0.01421	0.01755	0.19002	0.09584	0.09198	0.01363	0.06039	0.07312	0.01977	0.01610	0.02354	0.01427	0.08236	0.14357	0.00426	0.08339	0.02894	0.00401	0.00786
15	0.01598	0.09319	0.02436	0.01825	0.01981	0.02125	0.08020	0.05166	0.01248	0.01830	0.00988	0.01497	0.00923	0.01055	0.01839	0.00272	0.56158	0.00596	0.00323	0.00800
16	0.01534	0.01313	0.01878	0.39106	0.04864	0.01560	0.01540	0.16351	0.01745	0.02308	0.01807	0.06615	0.05439	0.01077	0.03593	0.00265	0.07003	0.00746	0.00430	0.00825
17	0.07493	0.12364	0.05915	0.01683	0.09250	0.01856	0.01320	0.30448	0.02228	0.12314	0.01623	0.03226	0.01224	0.00785	0.00669	0.00201	0.02701	0.00596	0.03068	0.01037
18	0.00927	0.00742	0.00918	0.00960	0.01068	0.00748	0.00705	0.01080	0.01386	0.01801	0.06891	0.33841	0.26021	0.06281	0.01153	0.00288	0.08118	0.05899	0.00591	0.00583
19	0.01131	0.09243	0.01375	0.01337	0.09675	0.00956	0.00867	0.01328	0.01461	0.03814	0.12464	0.38571	0.09369	0.04138	0.00871	0.00253	0.00485	0.01402	0.00575	0.00681
20	0.04655	0.12555	0.09873	0.01680	0.02184	0.16133	0.07890	0.16124	0.06484	0.05458	0.01398	0.01568	0.01083	0.00858	0.02451	0.00226	0.07431	0.00559	0.00447	0.00942

[dist]
# distance from previous block
# <min> <max>
5	21

[block]
# block no. 6 follows, 31 sequences, length 9
# corresponding to MSA columns:
# 204-212
name=unknown_G
#
# <colnr> <probs for GDERKNQSTAVLIFYWHMCP>
#	G	D	E	R	K	N	Q	S	T	A	V	L	I	F	Y	W	H	M	C	P
0	0.01500	0.01250	0.01913	0.41210	0.13529	0.01409	0.01602	0.05952	0.04272	0.06926	0.02231	0.02536	0.11105	0.00852	0.00702	0.00222	0.00770	0.00740	0.00432	0.00847
1	0.08676	0.04667	0.01455	0.05741	0.01644	0.06496	0.01010	0.09578	0.03670	0.02181	0.05127	0.05644	0.04615	0.08132	0.18635	0.00475	0.06065	0.04993	0.00466	0.00730
2	0.01346	0.01081	0.01521	0.07113	0.01826	0.04323	0.09639	0.01780	0.09368	0.08006	0.05287	0.39716	0.03169	0.01484	0.00799	0.00250	0.00603	0.01357	0.00588	0.00746
3	0.01164	0.00597	0.00868	0.00881	0.00894	0.00594	0.00591	0.00938	0.00958	0.01314	0.01463	0.08188	0.01498	0.02265	0.02396	0.68801	0.00562	0.00709	0.04982	0.00338
4	0.01627	0.10788	0.07615	0.03774	0.04056	0.05923	0.01162	0.14211	0.03901	0.05562	0.07206	0.21551	0.04671	0.01222	0.00720	0.00224	0.00655	0.03741	0.00554	0.00838
5	0.04058	0.17271	0.02622	0.19032	0.20840	0.13333	0.06190	0.02181	0.04592	0.01952	0.01228	0.01558	0.01001	0.00650	0.00622	0.00196	0.00889	0.00545	0.00342	0.00899
6	0.13699	0.05983	0.01790	0.01562	0.06124	0.27849	0.01159	0.12325	0.05094	0.08839	0.01472	0.01577	0.01123	0.00731	0.00591	0.00190	0.00835	0.00518	0.07644	0.00895
7	0.02185	0.24140	0.02672	0.01933	0.10744	0.28301	0.05586	0.12702	0.01908	0.02164	0.01165	0.01352	0.00959	0.00668	0.00595	0.00179	0.00955	0.00490	0.00384	0.00919
8	0.01786	0.07523	0.09682	0.01693	0.10997	0.07389	0.01286	0.09435	0.01632	0.08903	0.01582	0.07771	0.01382	0.01074	0.01002	0.12735	0.02650	0.00656	0.00443	0.10375

[dist]
# distance from previous block
# <min> <max>
3	47

[block]
# block no. 7 follows, 31 sequences, length 24
# corresponding to MSA columns:
# 268-291
name=unknown_H
#
# <colnr> <probs for GDERKNQSTAVLIFYWHMCP>
#	G	D	E	R	K	N	Q	S	T	A	V	L	I	F	Y	W	H	M	C	P
0	0.09147	0.09138	0.01878	0.01343	0.01781	0.05192	0.07388	0.09227	0.15435	0.07019	0.05831	0.02235	0.01718	0.08682	0.00925	0.00242	0.00673	0.00662	0.00524	0.10959
1	0.01790	0.07833	0.13598	0.01751	0.07836	0.12655	0.05131	0.09350	0.09028	0.04763	0.05514	0.06735	0.02986	0.00847	0.00664	0.00200	0.00793	0.00700	0.00474	0.07353
2	0.04220	0.04055	0.11720	0.01416	0.05173	0.04980	0.01201	0.11993	0.06297	0.10201	0.02753	0.11577	0.12802	0.01058	0.00689	0.00210	0.00648	0.00871	0.00554	0.07582
3	0.04650	0.07708	0.26365	0.03338	0.05098	0.01653	0.22793	0.04362	0.06056	0.02312	0.01451	0.01723	0.01092	0.00658	0.00665	0.00211	0.00907	0.00622	0.07397	0.00938
4	0.03758	0.01290	0.04209	0.41355	0.03295	0.01383	0.01479	0.10024	0.01589	0.02148	0.01835	0.06412	0.05925	0.04520	0.00815	0.00237	0.00769	0.00732	0.00410	0.07813
5	0.01684	0.12426	0.08385	0.05883	0.06781	0.07216	0.06680	0.06192	0.16215	0.03964	0.05185	0.04776	0.05540	0.00892	0.00763	0.00215	0.05082	0.00727	0.00479	0.00914
6	0.11290	0.10411	0.11430	0.01295	0.01736	0.05217	0.05422	0.04938	0.01540	0.06923	0.08706	0.11501	0.02134	0.08848	0.00943	0.00253	0.00687	0.00806	0.00479	0.05440
7	0.01099	0.00798	0.00988	0.01007	0.01164	0.00786	0.00751	0.05176	0.03973	0.04400	0.14780	0.35509	0.15409	0.01745	0.00879	0.00256	0.02784	0.07182	0.00655	0.00659
8	0.00909	0.00655	0.00796	0.00854	0.00929	0.00624	0.00572	0.01024	0.01288	0.01694	0.08099	0.30029	0.14765	0.26661	0.05047	0.00433	0.00547	0.03994	0.00557	0.00524
9	0.04102	0.07629	0.08587	0.13500	0.15445	0.14961	0.05962	0.06022	0.01583	0.02045	0.01189	0.01593	0.00986	0.02563	0.00928	0.00225	0.10887	0.00564	0.00348	0.00881
10	0.01627	0.07371	0.08392	0.05690	0.07986	0.01455	0.07521	0.13880	0.02930	0.03593	0.01793	0.12662	0.01653	0.00902	0.00671	0.00198	0.00710	0.02731	0.00472	0.17763
11	0.00853	0.00710	0.00749	0.00757	0.00968	0.00619	0.00560	0.01092	0.03905	0.01938	0.11229	0.13598	0.57193	0.01724	0.00811	0.00235	0.00357	0.01459	0.00646	0.00597
12	0.09370	0.00724	0.00799	0.00817	0.00875	0.00745	0.00511	0.01105	0.01075	0.01599	0.02306	0.16924	0.02635	0.51162	0.06101	0.00567	0.00658	0.01089	0.00453	0.00484
13	0.04918	0.02096	0.08285	0.05299	0.07950	0.18033	0.12783	0.09862	0.04644	0.07308	0.03566	0.04079	0.01340	0.00800	0.00794	0.00216	0.06000	0.00659	0.00449	0.00918
14	0.01534	0.01608	0.02712	0.02142	0.02362	0.01979	0.23015	0.01820	0.01228	0.01820	0.01053	0.01608	0.00943	0.01000	0.01788	0.00278	0.51329	0.00665	0.00314	0.00804
15	0.01048	0.00767	0.01023	0.01001	0.01135	0.00843	0.00751	0.04271	0.01239	0.01733	0.02427	0.03344	0.09099	0.16378	0.47748	0.00858	0.01371	0.00842	0.03523	0.00600
16	0.01199	0.01068	0.01729	0.06462	0.09198	0.01100	0.11493	0.01552	0.04529	0.01914	0.02780	0.20356	0.08304	0.07256	0.05912	0.00343	0.04554	0.09042	0.00488	0.00719
17	0.00984	0.00664	0.00772	0.00781	0.00791	0.00670	0.00456	0.01007	0.01020	0.01368	0.02227	0.08442	0.02554	0.67082	0.07896	0.00670	0.00724	0.01032	0.00424	0.00435
18	0.00835	0.00612	0.00785	0.00915	0.00984	0.00562	0.00620	0.00969	0.01366	0.01796	0.06607	0.63755	0.13561	0.02062	0.00862	0.00269	0.00388	0.01852	0.00639	0.00562
19	0.01645	0.01459	0.02093	0.07480	0.36467	0.05585	0.01595	0.05302	0.04077	0.05414	0.04907	0.02777	0.06130	0.01130	0.04883	0.00268	0.00813	0.06588	0.00453	0.00935
20	0.01873	0.01631	0.02008	0.12341	0.07499	0.11877	0.09417	0.11725	0.07908	0.09636	0.06565	0.08392	0.04220	0.00931	0.00718	0.00218	0.00790	0.00814	0.00531	0.00904
21	0.02270	0.02658	0.01989	0.08438	0.05881	0.48429	0.01412	0.07303	0.05904	0.01964	0.01214	0.01437	0.00986	0.00757	0.00759	0.00197	0.06662	0.00508	0.00387	0.00845
22	0.01585	0.01374	0.06076	0.01169	0.01710	0.01090	0.01000	0.08990	0.04826	0.06606	0.03791	0.06362	0.01645	0.00791	0.00610	0.00158	0.00567	0.04414	0.00503	0.46732
23	0.01629	0.06307	0.02220	0.21335	0.09694	0.02964	0.07480	0.05325	0.07124	0.05912	0.04578	0.01941	0.01355	0.00915	0.01065	0.04908	0.13337	0.00651	0.00411	0.00849

[dist]
# distance from previous block
# <min> <max>
4	7

[block]
# block no. 8 follows, 31 sequences, length 13
# corresponding to MSA columns:
# 300-312
name=unknown_I
#
# <colnr> <probs for GDERKNQSTAVLIFYWHMCP>
#	G	D	E	R	K	N	Q	S	T	A	V	L	I	F	Y	W	H	M	C	P
0	0.06275	0.01567	0.02391	0.14710	0.49298	0.05060	0.01854	0.02002	0.01524	0.02157	0.01586	0.01953	0.05284	0.00695	0.00668	0.00208	0.00804	0.00637	0.00357	0.00968
1	0.01786	0.01671	0.04077	0.12077	0.35440	0.06102	0.01748	0.04212	0.12761	0.06542	0.01578	0.01840	0.01235	0.00733	0.00770	0.00216	0.05146	0.00627	0.00430	0.01010
2	0.01314	0.01053	0.01148	0.04073	0.01412	0.08616	0.00854	0.05489	0.01582	0.06198	0.11352	0.36942	0.03470	0.02089	0.10733	0.00361	0.00728	0.01319	0.00585	0.00681
3	0.05033	0.01291	0.01990	0.10291	0.05593	0.01180	0.13555	0.01992	0.01516	0.11319	0.01702	0.06335	0.01437	0.00760	0.00654	0.00185	0.00698	0.03917	0.00462	0.30090
4	0.01408	0.01027	0.01123	0.00987	0.01290	0.03786	0.00760	0.09271	0.01855	0.09257	0.20293	0.11537	0.24194	0.01339	0.00751	0.00212	0.00467	0.01132	0.00656	0.08654
5	0.01419	0.01216	0.01419	0.01013	0.01621	0.00912	0.00811	0.01723	0.01419	0.02229	0.01216	0.01419	0.01013	0.00507	0.00507	0.00101	0.00507	0.00405	0.00405	0.80139
6	0.08744	0.00768	0.00791	0.00769	0.01011	0.00695	0.00582	0.01209	0.01565	0.04829	0.13499	0.09870	0.50143	0.01576	0.00770	0.00229	0.00374	0.01315	0.00637	0.00623
7	0.01074	0.00711	0.00936	0.00897	0.01061	0.00653	0.00666	0.01360	0.01836	0.06784	0.56197	0.16380	0.05853	0.01486	0.00810	0.00225	0.00351	0.01319	0.00740	0.00662
8	0.06134	0.02821	0.50170	0.01895	0.02711	0.01482	0.11339	0.02016	0.01435	0.02174	0.01536	0.10326	0.01320	0.00817	0.00685	0.00226	0.00928	0.00711	0.00346	0.00928
9	0.00841	0.00683	0.00745	0.00755	0.00950	0.00587	0.00556	0.01035	0.01598	0.01999	0.18279	0.14548	0.51595	0.01721	0.00816	0.00234	0.00348	0.01466	0.00657	0.00587
10	0.14678	0.01264	0.01377	0.01018	0.01593	0.01067	0.00820	0.04657	0.01453	0.02458	0.01190	0.01377	0.00974	0.00541	0.00500	0.00124	0.00521	0.00409	0.00420	0.63557
11	0.00950	0.00695	0.00916	0.01042	0.01163	0.00661	0.00817	0.01168	0.01485	0.01934	0.07312	0.34196	0.13542	0.01945	0.00891	0.00284	0.00485	0.29282	0.00638	0.00594
12	0.01934	0.04438	0.02148	0.21830	0.16131	0.24985	0.01596	0.07090	0.09266	0.02114	0.01371	0.01650	0.01080	0.00710	0.00654	0.00203	0.00940	0.00565	0.00396	0.00900

[dist]
# distance from previous block
# <min> <max>
0	1

[block]
# block no. 9 follows, 31 sequences, length 35
# corresponding to MSA columns:
# 314-348
name=unknown_J
#
# <colnr> <probs for GDERKNQSTAVLIFYWHMCP>
#	G	D	E	R	K	N	Q	S	T	A	V	L	I	F	Y	W	H	M	C	P
0	0.01700	0.01133	0.01378	0.01048	0.01546	0.00933	0.00838	0.05164	0.01714	0.15898	0.15887	0.02361	0.02266	0.00770	0.00612	0.00151	0.00495	0.00640	0.00575	0.44891
1	0.01011	0.07914	0.01163	0.01033	0.01144	0.00882	0.00773	0.01161	0.01326	0.01741	0.03340	0.47004	0.06551	0.07510	0.01109	0.00299	0.04367	0.10507	0.00567	0.00597
2	0.80789	0.01323	0.01006	0.00900	0.01323	0.01535	0.00741	0.02011	0.01164	0.03070	0.00953	0.01111	0.00741	0.00635	0.00423	0.00212	0.00529	0.00370	0.00423	0.00741
3	0.01507	0.02385	0.31357	0.01709	0.02278	0.08594	0.07561	0.04741	0.03736	0.02060	0.01456	0.01995	0.01224	0.09761	0.06391	0.00335	0.07758	0.00626	0.03676	0.00853
4	0.01677	0.43735	0.08000	0.01250	0.01756	0.06430	0.01185	0.02193	0.11638	0.01946	0.07331	0.04942	0.03762	0.00814	0.00563	0.00180	0.00696	0.00611	0.00418	0.00872
5	0.01264	0.00914	0.00993	0.00905	0.01192	0.00854	0.00705	0.11689	0.01843	0.07327	0.07537	0.08949	0.47802	0.01544	0.00789	0.00231	0.00438	0.03649	0.00662	0.00713
6	0.02038	0.01228	0.01499	0.01123	0.01676	0.01023	0.00907	0.07527	0.01735	0.25725	0.01851	0.04830	0.01399	0.00713	0.00596	0.00154	0.00547	0.00580	0.00584	0.44266
7	0.01967	0.31175	0.13501	0.01492	0.04715	0.01846	0.04575	0.05097	0.01642	0.16828	0.05067	0.01719	0.01371	0.00698	0.00584	0.00181	0.00733	0.00544	0.00460	0.05806
8	0.01571	0.01080	0.01422	0.01587	0.14796	0.01081	0.01010	0.11145	0.03279	0.08092	0.21826	0.05177	0.05254	0.01011	0.00681	0.00201	0.00503	0.00870	0.18570	0.00844
9	0.01342	0.01313	0.02357	0.63337	0.04537	0.01552	0.12242	0.01816	0.01406	0.01816	0.01242	0.01827	0.00931	0.00668	0.00703	0.00228	0.00949	0.00639	0.00310	0.00785
10	0.01030	0.00789	0.00842	0.00797	0.01039	0.00710	0.00600	0.03667	0.04623	0.04918	0.13053	0.05791	0.52486	0.05477	0.00934	0.00250	0.00393	0.01309	0.00649	0.00643
11	0.01984	0.13507	0.05328	0.15826	0.20048	0.11484	0.03716	0.06393	0.01701	0.11591	0.01404	0.01640	0.01069	0.00678	0.00638	0.00198	0.00860	0.00561	0.00415	0.00959
12	0.06593	0.02856	0.02083	0.04289	0.09210	0.56283	0.04844	0.02571	0.01824	0.01834	0.01096	0.01323	0.00903	0.00684	0.00624	0.00185	0.01139	0.00478	0.00353	0.00825
13	0.00839	0.00608	0.00795	0.00943	0.00999	0.00564	0.00640	0.00967	0.01335	0.01762	0.03991	0.68762	0.09253	0.02107	0.00871	0.00276	0.00400	0.03696	0.00635	0.00559
14	0.00951	0.00650	0.00753	0.00787	0.00808	0.00636	0.00467	0.00985	0.01091	0.01443	0.02747	0.19617	0.06524	0.56456	0.02790	0.00559	0.00590	0.01219	0.00473	0.00453
15	0.01839	0.01725	0.04444	0.20484	0.33358	0.08153	0.04746	0.07092	0.01699	0.07852	0.01391	0.01730	0.01070	0.00671	0.00680	0.00209	0.00873	0.00606	0.00397	0.00982
16	0.01616	0.09460	0.02452	0.34546	0.26327	0.04653	0.01822	0.05949	0.01560	0.02042	0.01224	0.01662	0.00979	0.00668	0.00684	0.00209	0.02329	0.00576	0.00339	0.00905
17	0.01637	0.01637	0.02997	0.10655	0.49558	0.01639	0.17523	0.02087	0.01553	0.02178	0.01302	0.01741	0.01057	0.00609	0.00708	0.00212	0.00901	0.00655	0.00337	0.01015
18	0.01065	0.00825	0.00969	0.00941	0.01137	0.00809	0.00699	0.03931	0.11086	0.02417	0.31638	0.19457	0.19336	0.01540	0.00801	0.00233	0.00388	0.01342	0.00693	0.00690
19	0.05806	0.04720	0.01908	0.01721	0.10416	0.10619	0.03475	0.10209	0.04784	0.30137	0.02091	0.07687	0.01597	0.00873	0.00674	0.00209	0.00720	0.00718	0.00621	0.01017
20	0.01543	0.01547	0.08502	0.04361	0.01941	0.06427	0.06204	0.04939	0.05035	0.06353	0.01843	0.04802	0.03746	0.04285	0.13192	0.04199	0.16507	0.03366	0.00428	0.00781
21	0.01117	0.00841	0.00969	0.00904	0.01141	0.00808	0.00688	0.01648	0.12928	0.05225	0.35610	0.05085	0.27606	0.01414	0.00785	0.00223	0.00377	0.01210	0.00708	0.00714
22	0.01392	0.01033	0.01348	0.04062	0.09586	0.04738	0.00986	0.03787	0.05623	0.05105	0.01898	0.12447	0.01832	0.03783	0.16790	0.22766	0.00904	0.00831	0.00433	0.00656
23	0.01847	0.06594	0.04504	0.16715	0.15615	0.21492	0.01564	0.05093	0.10457	0.02062	0.01412	0.01701	0.01132	0.00938	0.04298	0.00248	0.02470	0.00571	0.00391	0.00896
24	0.01479	0.04767	0.01302	0.01076	0.01359	0.01103	0.00838	0.14233	0.06693	0.08118	0.16462	0.19273	0.14758	0.01536	0.03579	0.00261	0.00538	0.01170	0.00661	0.00793
25	0.00834	0.00595	0.00794	0.00953	0.00992	0.00556	0.00635	0.00953	0.01310	0.01746	0.03771	0.75510	0.04525	0.02143	0.00873	0.00278	0.00397	0.01945	0.00635	0.00556
26	0.01792	0.00973	0.01250	0.04712	0.01507	0.00964	0.00861	0.06784	0.04440	0.24276	0.05105	0.11807	0.05286	0.13110	0.09874	0.00396	0.00718	0.00937	0.04392	0.00816
27	0.01313	0.05032	0.10445	0.05285	0.05370	0.01124	0.03067	0.03852	0.03589	0.05506	0.19285	0.12124	0.10240	0.01291	0.00937	0.05985	0.03260	0.01001	0.00538	0.00755
28	0.01558	0.20811	0.36368	0.01813	0.02582	0.01861	0.11854	0.04955	0.04206	0.02131	0.01382	0.04993	0.01129	0.00712	0.00635	0.00205	0.00906	0.00599	0.00347	0.00953
29	0.02220	0.02632	0.01745	0.01589	0.01868	0.53234	0.01185	0.05141	0.01781	0.01731	0.01292	0.04798	0.01206	0.07353	0.01072	0.04412	0.05050	0.00577	0.00378	0.00737
30	0.01410	0.01216	0.01464	0.06299	0.01844	0.00956	0.00889	0.01724	0.01415	0.02195	0.01216	0.01448	0.01006	0.00519	0.00519	0.00110	0.00536	0.00420	0.00398	0.74414
31	0.01831	0.01037	0.01296	0.01033	0.01480	0.00857	0.00832	0.02106	0.01701	0.26413	0.11886	0.03247	0.11672	0.00980	0.00673	0.00183	0.00493	0.04196	0.00647	0.27438
32	0.00830	0.00608	0.00781	0.00920	0.00984	0.00558	0.00621	0.00956	0.01341	0.01759	0.04167	0.66874	0.12905	0.02092	0.00865	0.00272	0.00391	0.01882	0.00635	0.00558
33	0.02232	0.04437	0.01852	0.01442	0.01889	0.08013	0.01172	0.43711	0.08535	0.03463	0.01731	0.01838	0.01308	0.01222	0.07587	0.00285	0.00844	0.00618	0.06802	0.01020
34	0.04834	0.06680	0.06042	0.08196	0.01970	0.08087	0.01108	0.04237	0.03827	0.09687	0.07167	0.09312	0.01856	0.00858	0.00627	0.00182	0.00655	0.00700	0.00493	0.23483

[dist]
# distance from previous block
# <min> <max>
0	1

[block]
# block no. 10 follows, 31 sequences, length 12
# corresponding to MSA columns:
# 350-361
name=unknown_K
#
# <colnr> <probs for GDERKNQSTAVLIFYWHMCP>
#	G	D	E	R	K	N	Q	S	T	A	V	L	I	F	Y	W	H	M	C	P
0	0.05849	0.10884	0.23478	0.05005	0.05047	0.05326	0.01601	0.09557	0.08230	0.12903	0.01689	0.04641	0.01292	0.00779	0.00638	0.00208	0.00792	0.00610	0.00480	0.00990
1	0.02166	0.02069	0.01754	0.01506	0.01848	0.31142	0.04099	0.11164	0.01979	0.10481	0.09926	0.04969	0.01895	0.00909	0.00767	0.00202	0.05466	0.00688	0.06122	0.00850
2	0.01502	0.05663	0.53082	0.01728	0.02556	0.01507	0.02097	0.02136	0.01482	0.08651	0.01868	0.01994	0.07488	0.00793	0.00739	0.00219	0.04544	0.00609	0.00374	0.00967
3	0.07665	0.04598	0.10246	0.01945	0.13448	0.03375	0.08774	0.05251	0.01624	0.16461	0.02068	0.11038	0.04195	0.01039	0.02606	0.00244	0.03187	0.00802	0.00505	0.00929
4	0.01514	0.06276	0.12716	0.01296	0.01711	0.01112	0.06039	0.01928	0.06024	0.14896	0.03117	0.22005	0.12157	0.04966	0.00879	0.00253	0.00621	0.01105	0.00569	0.00818
5	0.00866	0.00626	0.00827	0.00975	0.01042	0.00586	0.00687	0.01013	0.01359	0.01791	0.03949	0.62602	0.08622	0.02086	0.00878	0.00280	0.00423	0.10186	0.00634	0.00566
6	0.05003	0.06399	0.01547	0.04183	0.01646	0.01261	0.04267	0.05335	0.09941	0.02197	0.05344	0.20924	0.02812	0.01521	0.03264	0.00283	0.06727	0.14361	0.02238	0.00748
7	0.02023	0.07010	0.15510	0.11201	0.05377	0.09190	0.06560	0.13874	0.07850	0.12334	0.01617	0.01742	0.01169	0.00730	0.00665	0.00208	0.00861	0.00597	0.00485	0.00997
8	0.00829	0.00674	0.00735	0.00762	0.00947	0.00580	0.00555	0.01006	0.01546	0.01915	0.12591	0.20358	0.51552	0.01783	0.00821	0.00239	0.00354	0.01525	0.00647	0.00580
9	0.01041	0.00796	0.00891	0.00861	0.01053	0.00749	0.00633	0.07460	0.01672	0.02155	0.16252	0.14176	0.34030	0.11670	0.01170	0.00293	0.00439	0.03409	0.00630	0.00621
10	0.02069	0.06981	0.13685	0.03617	0.04040	0.23322	0.04090	0.08603	0.04959	0.08864	0.01396	0.01586	0.01076	0.00896	0.02830	0.00234	0.09858	0.00552	0.00425	0.00919
11	0.06026	0.33506	0.11220	0.01475	0.05112	0.12243	0.01324	0.04840	0.01563	0.05439	0.01354	0.05931	0.01192	0.00754	0.00588	0.00183	0.02297	0.00544	0.03529	0.00878

[dist]
# distance from previous block
# <min> <max>
1	11

[block]
# block no. 11 follows, 31 sequences, length 15
# corresponding to MSA columns:
# 373-387
name=unknown_L
#
# <colnr> <probs for GDERKNQSTAVLIFYWHMCP>
#	G	D	E	R	K	N	Q	S	T	A	V	L	I	F	Y	W	H	M	C	P
0	0.01915	0.09941	0.05382	0.05125	0.09022	0.18400	0.01372	0.11343	0.10876	0.02301	0.01715	0.01865	0.05060	0.00813	0.00774	0.00201	0.07255	0.00596	0.00444	0.05599
1	0.01292	0.01216	0.02052	0.74312	0.04712	0.01520	0.01900	0.01748	0.01368	0.01748	0.01216	0.01824	0.00912	0.00684	0.00684	0.00228	0.00912	0.00608	0.00304	0.00760
2	0.01881	0.08084	0.02477	0.15327	0.12354	0.03870	0.12707	0.12260	0.03385	0.09176	0.01470	0.01716	0.01106	0.00668	0.00659	0.00196	0.00818	0.00603	0.00448	0.10795
3	0.01116	0.00939	0.01280	0.01208	0.01410	0.00964	0.06532	0.01628	0.13479	0.02064	0.07519	0.29275	0.14889	0.03436	0.00961	0.00269	0.04181	0.07544	0.00606	0.00700
4	0.05422	0.01592	0.02232	0.28136	0.15676	0.08031	0.07768	0.07478	0.03695	0.11165	0.01486	0.01788	0.01098	0.00699	0.00677	0.00215	0.00863	0.00616	0.00434	0.00928
5	0.01313	0.01238	0.02091	0.70559	0.08297	0.01526	0.01911	0.01767	0.01378	0.01774	0.01220	0.01817	0.00921	0.00680	0.00684	0.00227	0.00907	0.00608	0.00306	0.00777
6	0.00958	0.00707	0.00974	0.10940	0.01510	0.00715	0.00820	0.01166	0.01390	0.01891	0.06800	0.47719	0.07094	0.01753	0.00811	0.00258	0.00470	0.05946	0.07478	0.00601
7	0.00977	0.00733	0.01100	0.01100	0.01222	0.00855	0.00855	0.01222	0.01100	0.01588	0.01833	0.02688	0.01710	0.05131	0.73245	0.01100	0.01833	0.00733	0.00367	0.00611
8	0.01461	0.01462	0.02292	0.21957	0.15984	0.07614	0.14616	0.01850	0.01498	0.01939	0.01746	0.07932	0.01624	0.01236	0.06392	0.00300	0.00971	0.07926	0.00388	0.00814
9	0.01568	0.01245	0.01796	0.44443	0.05056	0.04416	0.01536	0.04874	0.01554	0.10107	0.01988	0.02574	0.06695	0.00937	0.00796	0.03817	0.00803	0.04572	0.00432	0.00792
10	0.02308	0.01153	0.01419	0.01149	0.01567	0.01107	0.00927	0.12027	0.07395	0.37131	0.12781	0.02914	0.06257	0.00975	0.00694	0.00209	0.00529	0.00803	0.07651	0.01003
11	0.01523	0.00915	0.00988	0.00898	0.01119	0.00950	0.00674	0.13192	0.04763	0.05637	0.02306	0.09225	0.02006	0.10202	0.00938	0.00246	0.00464	0.00804	0.42416	0.00735
12	0.01953	0.01493	0.02021	0.17199	0.20766	0.04718	0.01508	0.17071	0.01923	0.12601	0.01788	0.08288	0.01488	0.03186	0.00783	0.00230	0.00765	0.00743	0.00511	0.00966
13	0.23414	0.01407	0.01637	0.32408	0.06758	0.08964	0.01370	0.01851	0.01362	0.02124	0.01365	0.07344	0.01199	0.01043	0.04873	0.00272	0.00848	0.00636	0.00374	0.00752
14	0.13396	0.01360	0.01672	0.01485	0.07815	0.01346	0.01106	0.16458	0.02053	0.40282	0.02105	0.01975	0.01405	0.00790	0.00643	0.00208	0.00620	0.00621	0.03582	0.01080

[dist]
# distance from previous block
# <min> <max>
7	20

[block]
# block no. 12 follows, 31 sequences, length 6
# corresponding to MSA columns:
# 409-414
name=unknown_M
#
# <colnr> <probs for GDERKNQSTAVLIFYWHMCP>
#	G	D	E	R	K	N	Q	S	T	A	V	L	I	F	Y	W	H	M	C	P
0	0.01031	0.00708	0.00839	0.00807	0.00887	0.00682	0.00512	0.01058	0.01080	0.01454	0.02409	0.04027	0.08836	0.48880	0.08487	0.09479	0.00706	0.00926	0.00418	0.06774
1	0.01725	0.01586	0.07534	0.16126	0.10645	0.01530	0.17509	0.04157	0.01562	0.12852	0.01748	0.05105	0.03386	0.00838	0.00925	0.00233	0.10451	0.00742	0.00435	0.00912
2	0.01176	0.01084	0.07976	0.01193	0.05264	0.00851	0.00942	0.01477	0.01445	0.04855	0.09504	0.13956	0.12419	0.01967	0.14610	0.00377	0.00751	0.00987	0.09869	0.09298
3	0.02300	0.01599	0.01858	0.05224	0.02061	0.01782	0.01243	0.36454	0.10531	0.14904	0.02090	0.02083	0.04532	0.00915	0.00866	0.00222	0.08944	0.00682	0.00648	0.01060
4	0.01751	0.08398	0.07199	0.06995	0.09444	0.04451	0.05473	0.15306	0.04737	0.04335	0.09331	0.02321	0.01833	0.00839	0.00720	0.00203	0.02963	0.04068	0.00492	0.09139
5	0.01015	0.04332	0.01062	0.01098	0.04963	0.00745	0.00715	0.01102	0.01314	0.01757	0.10608	0.39493	0.06283	0.07836	0.01335	0.13363	0.00480	0.01398	0.00542	0.00558

[dist]
# distance from previous block
# <min> <max>
0	25

# created by:
# /home/berkeley/.conda/envs/busco_data_prod/bin/msa2prfl.pl pipeline/OGs_align_augustus/4893/37949.fs
