[name]
unknown

[dist]
# distance from previous block
# <min> <max>
5	43

[block]
# block no. 0 follows, 34 sequences, length 27
# corresponding to MSA columns:
# 56-82
name=unknown_A
#
# <colnr> <probs for GDERKNQSTAVLIFYWHMCP>
#	G	D	E	R	K	N	Q	S	T	A	V	L	I	F	Y	W	H	M	C	P
0	0.04344	0.01388	0.01904	0.14477	0.10189	0.01515	0.04626	0.20822	0.05093	0.15500	0.04074	0.01878	0.01338	0.00925	0.03613	0.00240	0.05996	0.00624	0.00519	0.00934
1	0.01389	0.07106	0.05402	0.48064	0.11776	0.01535	0.01681	0.07598	0.01463	0.01919	0.01299	0.05582	0.01076	0.00713	0.00636	0.00207	0.00803	0.00620	0.00336	0.00795
2	0.02048	0.01446	0.01692	0.10385	0.02118	0.01543	0.01152	0.28760	0.17498	0.13884	0.01840	0.01832	0.01319	0.00748	0.00628	0.00191	0.00632	0.00599	0.00595	0.11090
3	0.15852	0.01159	0.01378	0.01083	0.01566	0.01080	0.00885	0.02719	0.08053	0.43771	0.02053	0.01886	0.01378	0.00721	0.00581	0.00185	0.00526	0.00564	0.00652	0.13906
4	0.01607	0.01388	0.01461	0.01315	0.01680	0.01607	0.01023	0.03433	0.72094	0.02703	0.02630	0.02411	0.01972	0.00877	0.00657	0.00219	0.00511	0.00731	0.00657	0.01023
5	0.05361	0.12440	0.61576	0.01701	0.02579	0.01629	0.02145	0.02025	0.01345	0.02024	0.01114	0.01308	0.00814	0.00606	0.00579	0.00196	0.00900	0.00455	0.00280	0.00927
6	0.00923	0.00692	0.01038	0.01038	0.01154	0.00808	0.00808	0.01154	0.01038	0.01500	0.01731	0.02538	0.01615	0.04846	0.74732	0.01038	0.01731	0.00692	0.00346	0.00577
7	0.01352	0.01283	0.02176	0.50746	0.28412	0.01470	0.01860	0.01767	0.01354	0.01811	0.01172	0.01680	0.00918	0.00622	0.00644	0.00207	0.00829	0.00575	0.00299	0.00824
8	0.00787	0.00562	0.00750	0.00900	0.00937	0.00525	0.00600	0.00900	0.01237	0.01649	0.03561	0.76871	0.04274	0.02024	0.00825	0.00262	0.00375	0.01837	0.00600	0.00525
9	0.02456	0.01810	0.01939	0.01487	0.02004	0.02004	0.01228	0.71107	0.03038	0.04072	0.01551	0.01551	0.01099	0.00776	0.00646	0.00194	0.00711	0.00582	0.00646	0.01099
10	0.00980	0.00763	0.00809	0.00798	0.00993	0.03461	0.00596	0.01169	0.01533	0.05467	0.18276	0.14159	0.41333	0.03374	0.00823	0.00230	0.00389	0.03643	0.00616	0.00589
11	0.11279	0.01719	0.01732	0.01385	0.01855	0.05463	0.01128	0.46866	0.13768	0.05857	0.01655	0.01634	0.01197	0.00767	0.00617	0.00197	0.00673	0.00573	0.00610	0.01024
12	0.02456	0.01810	0.01939	0.01487	0.02004	0.02004	0.01228	0.71107	0.03038	0.04072	0.01551	0.01551	0.01099	0.00776	0.00646	0.00194	0.00711	0.00582	0.00646	0.01099
13	0.02394	0.02707	0.01803	0.01672	0.04571	0.59709	0.01230	0.02669	0.05646	0.09788	0.01270	0.01366	0.00988	0.00689	0.00596	0.00174	0.01046	0.00465	0.00403	0.00814
14	0.01480	0.01188	0.01384	0.00999	0.01566	0.00937	0.00803	0.06036	0.01469	0.05443	0.01236	0.01392	0.00995	0.00511	0.00497	0.00107	0.00496	0.00407	0.00418	0.72637
15	0.47318	0.01539	0.04908	0.01117	0.01566	0.04144	0.00954	0.15760	0.09548	0.05754	0.01303	0.01366	0.00967	0.00676	0.00504	0.00200	0.00591	0.00459	0.00484	0.00845
16	0.02456	0.01810	0.01939	0.01487	0.02004	0.02004	0.01228	0.71107	0.03038	0.04072	0.01551	0.01551	0.01099	0.00776	0.00646	0.00194	0.00711	0.00582	0.00646	0.01099
17	0.01220	0.01148	0.01938	0.75739	0.04450	0.01436	0.01794	0.01651	0.01292	0.01651	0.01148	0.01723	0.00861	0.00646	0.00646	0.00215	0.00861	0.00574	0.00287	0.00718
18	0.01220	0.01148	0.01938	0.75739	0.04450	0.01436	0.01794	0.01651	0.01292	0.01651	0.01148	0.01723	0.00861	0.00646	0.00646	0.00215	0.00861	0.00574	0.00287	0.00718
19	0.02341	0.01714	0.01851	0.01434	0.01939	0.01876	0.01178	0.59137	0.09356	0.06353	0.01669	0.01645	0.01192	0.00772	0.00640	0.00192	0.00676	0.00589	0.00641	0.04806
20	0.02456	0.01810	0.01939	0.01487	0.02004	0.02004	0.01228	0.71107	0.03038	0.04072	0.01551	0.01551	0.01099	0.00776	0.00646	0.00194	0.00711	0.00582	0.00646	0.01099
21	0.00845	0.00613	0.00785	0.00900	0.00976	0.00577	0.00643	0.00985	0.01281	0.01671	0.03759	0.48110	0.12704	0.09643	0.01081	0.00300	0.00434	0.13588	0.00578	0.00526
22	0.52170	0.01275	0.01108	0.00960	0.01342	0.05154	0.00777	0.05505	0.01435	0.12349	0.10857	0.01744	0.01574	0.00736	0.00504	0.00198	0.00526	0.00516	0.00504	0.00764
23	0.26296	0.08397	0.11361	0.04035	0.04637	0.04933	0.01219	0.13249	0.12056	0.05969	0.01396	0.01476	0.01045	0.00679	0.00545	0.00196	0.00668	0.00494	0.00458	0.00891
24	0.09201	0.01466	0.01438	0.01219	0.01584	0.09050	0.00969	0.19104	0.16067	0.10352	0.09714	0.02573	0.09956	0.00938	0.00697	0.00204	0.03256	0.00730	0.00598	0.00883
25	0.11349	0.06007	0.04296	0.01574	0.06956	0.25520	0.03303	0.15517	0.01858	0.05667	0.03597	0.04657	0.05414	0.00795	0.00604	0.00188	0.00804	0.00603	0.00453	0.00838
26	0.04411	0.20975	0.09650	0.10417	0.02159	0.11952	0.01301	0.17357	0.05190	0.02285	0.03305	0.01629	0.01173	0.04716	0.00711	0.00204	0.00780	0.00523	0.00408	0.00853

[dist]
# distance from previous block
# <min> <max>
0	38

[block]
# block no. 1 follows, 34 sequences, length 68
# corresponding to MSA columns:
# 126-193
name=unknown_B
#
# <colnr> <probs for GDERKNQSTAVLIFYWHMCP>
#	G	D	E	R	K	N	Q	S	T	A	V	L	I	F	Y	W	H	M	C	P
0	0.17311	0.12371	0.01758	0.01267	0.01661	0.24337	0.01017	0.14152	0.03565	0.07285	0.01410	0.01626	0.02677	0.06076	0.00737	0.00211	0.00778	0.00505	0.00443	0.00813
1	0.12910	0.09304	0.14272	0.01329	0.01772	0.09986	0.07296	0.01885	0.06265	0.02111	0.11845	0.06695	0.03862	0.05152	0.00762	0.00220	0.00696	0.00710	0.00430	0.02497
2	0.26203	0.01728	0.11816	0.01541	0.05909	0.06356	0.07033	0.05914	0.08649	0.05861	0.01551	0.01918	0.02635	0.00773	0.00680	0.00212	0.05280	0.04668	0.00435	0.00837
3	0.01683	0.21560	0.20257	0.01346	0.01893	0.05404	0.01357	0.14488	0.01730	0.06504	0.05755	0.08508	0.03691	0.00862	0.00606	0.00191	0.00715	0.02134	0.00447	0.00869
4	0.07392	0.14979	0.15821	0.07649	0.02112	0.11550	0.01356	0.11150	0.04695	0.05866	0.01372	0.03594	0.01096	0.00864	0.03560	0.00219	0.00813	0.00526	0.02195	0.03191
5	0.12798	0.12766	0.21128	0.01460	0.03952	0.14429	0.01395	0.05213	0.09413	0.03782	0.01550	0.01639	0.04676	0.00702	0.00564	0.00187	0.00775	0.00514	0.00393	0.02665
6	0.01625	0.13832	0.21745	0.01631	0.02213	0.05318	0.15468	0.03513	0.03028	0.10508	0.05197	0.05670	0.01508	0.04991	0.00784	0.00221	0.00808	0.00670	0.00412	0.00859
7	0.03805	0.15774	0.01984	0.01473	0.03860	0.34427	0.01142	0.08366	0.12454	0.02085	0.07339	0.01683	0.01474	0.00738	0.00582	0.00176	0.00843	0.00532	0.00432	0.00830
8	0.01196	0.00733	0.00953	0.00940	0.01109	0.00689	0.00714	0.03171	0.01578	0.11388	0.25496	0.22608	0.07084	0.07361	0.00976	0.00265	0.00436	0.12012	0.00646	0.00643
9	0.00818	0.00621	0.00754	0.00797	0.00925	0.00557	0.00568	0.01004	0.01488	0.01960	0.25186	0.33130	0.26466	0.01692	0.00787	0.00231	0.00339	0.01488	0.00633	0.00557
10	0.01555	0.20662	0.07306	0.05665	0.13717	0.05096	0.23093	0.01933	0.01422	0.01862	0.03101	0.01665	0.02932	0.00659	0.00738	0.00195	0.06628	0.00598	0.00322	0.00849
11	0.01569	0.02237	0.27495	0.02195	0.16611	0.05936	0.08956	0.02454	0.19684	0.04039	0.01591	0.01730	0.01195	0.00675	0.00645	0.00205	0.00819	0.00593	0.00404	0.00969
12	0.00993	0.00810	0.00984	0.00987	0.01099	0.05176	0.00732	0.01176	0.01149	0.01546	0.05250	0.10500	0.05792	0.13805	0.46108	0.00773	0.01276	0.00880	0.00406	0.00557
13	0.00814	0.00595	0.00754	0.00841	0.00921	0.00547	0.00576	0.00960	0.01355	0.01803	0.15720	0.51186	0.13853	0.05753	0.00933	0.00265	0.00369	0.01612	0.00608	0.00535
14	0.05340	0.00657	0.00841	0.05078	0.01147	0.00646	0.00663	0.01056	0.01339	0.01877	0.15445	0.50259	0.07671	0.03819	0.00846	0.00254	0.00402	0.01518	0.00585	0.00558
15	0.01340	0.01148	0.01340	0.00957	0.01531	0.00861	0.00766	0.01627	0.01340	0.02105	0.01148	0.01340	0.00957	0.00479	0.00479	0.00096	0.00479	0.00383	0.00383	0.81242
16	0.01626	0.01793	0.03493	0.02735	0.10484	0.05390	0.56660	0.05587	0.01612	0.02150	0.01294	0.01689	0.00983	0.00566	0.00735	0.00211	0.01041	0.00716	0.00343	0.00892
17	0.00783	0.00639	0.00687	0.00709	0.00886	0.00549	0.00515	0.00943	0.01444	0.01776	0.10593	0.18115	0.54723	0.03659	0.00840	0.00235	0.00342	0.01420	0.00602	0.00542
18	0.01430	0.01426	0.02309	0.49372	0.05825	0.05649	0.14890	0.05648	0.01460	0.01871	0.01186	0.01673	0.00900	0.00647	0.00707	0.00213	0.03094	0.00601	0.00318	0.00778
19	0.01395	0.13425	0.52414	0.01694	0.02511	0.01623	0.05550	0.05466	0.01457	0.02058	0.01474	0.01639	0.05183	0.00671	0.00604	0.00196	0.00875	0.00532	0.00315	0.00916
20	0.00800	0.00573	0.00741	0.00869	0.00913	0.00535	0.00575	0.00905	0.01222	0.01618	0.03576	0.66638	0.07623	0.08852	0.01046	0.00293	0.00395	0.01731	0.00581	0.00514
21	0.02068	0.01753	0.01809	0.01572	0.04784	0.09894	0.01215	0.31450	0.22446	0.05068	0.01737	0.01761	0.01304	0.00825	0.00807	0.00208	0.09136	0.00606	0.00565	0.00991
22	0.01691	0.71418	0.09331	0.01168	0.01754	0.02468	0.01214	0.01944	0.01317	0.01564	0.00920	0.01064	0.00828	0.00558	0.00431	0.00144	0.00713	0.00357	0.00276	0.00840
23	0.02512	0.01720	0.01884	0.01444	0.01959	0.01871	0.01193	0.62542	0.02888	0.12848	0.01677	0.01633	0.01162	0.00779	0.00647	0.00195	0.00691	0.00590	0.00666	0.01099
24	0.00924	0.00686	0.00884	0.00952	0.01106	0.00646	0.00772	0.01175	0.01541	0.02021	0.20769	0.13431	0.19631	0.01665	0.00826	0.00254	0.00444	0.31066	0.00624	0.00581
25	0.01080	0.00858	0.00876	0.00814	0.01050	0.04414	0.00621	0.04632	0.01682	0.05768	0.23557	0.05156	0.44282	0.01418	0.00742	0.00209	0.00394	0.01189	0.00629	0.00628
26	0.01607	0.01388	0.01461	0.01315	0.01680	0.01607	0.01023	0.03433	0.72094	0.02703	0.02630	0.02411	0.01972	0.00877	0.00657	0.00219	0.00511	0.00731	0.00657	0.01023
27	0.00802	0.00573	0.00766	0.00916	0.00960	0.00537	0.00625	0.00924	0.01251	0.01665	0.03553	0.72952	0.04242	0.02011	0.00829	0.00264	0.00387	0.05614	0.00600	0.00529
28	0.01704	0.73552	0.07305	0.01146	0.01722	0.02498	0.01177	0.01941	0.01316	0.01549	0.00913	0.01055	0.00829	0.00556	0.00426	0.00142	0.00706	0.00353	0.00276	0.00836
29	0.13253	0.09140	0.01928	0.01551	0.09063	0.01740	0.01166	0.34065	0.03897	0.15677	0.01564	0.01571	0.01119	0.00716	0.00590	0.00191	0.00653	0.00541	0.00570	0.01008
30	0.02414	0.03079	0.01831	0.01665	0.01998	0.74698	0.01248	0.02580	0.01831	0.01581	0.00999	0.01165	0.00832	0.00666	0.00583	0.00166	0.01165	0.00416	0.00333	0.00749
31	0.00950	0.00638	0.00756	0.00790	0.00819	0.00635	0.00507	0.01012	0.01057	0.01420	0.02367	0.10473	0.02688	0.57758	0.02651	0.00534	0.00592	0.11132	0.02782	0.00439
32	0.01610	0.01448	0.05578	0.01367	0.01773	0.01477	0.05255	0.09833	0.44873	0.05323	0.02705	0.06699	0.07264	0.00951	0.00677	0.00217	0.00571	0.00810	0.00613	0.00956
33	0.01405	0.09183	0.02589	0.28483	0.03122	0.01752	0.19752	0.01763	0.01272	0.01721	0.01081	0.01572	0.00886	0.00744	0.01061	0.00227	0.21727	0.00598	0.00295	0.00766
34	0.00863	0.00617	0.00837	0.00986	0.01057	0.00590	0.00732	0.01031	0.01312	0.01734	0.03519	0.56062	0.04108	0.01953	0.00845	0.00273	0.00441	0.21896	0.00598	0.00546
35	0.02414	0.03079	0.01831	0.01665	0.01998	0.74698	0.01248	0.02580	0.01831	0.01581	0.00999	0.01165	0.00832	0.00666	0.00583	0.00166	0.01165	0.00416	0.00333	0.00749
36	0.01218	0.01123	0.04116	0.00930	0.01081	0.09061	0.00665	0.05493	0.03960	0.01642	0.04632	0.03754	0.09351	0.47718	0.02272	0.00460	0.00661	0.00882	0.00437	0.00545
37	0.00764	0.00655	0.00655	0.00655	0.00873	0.00545	0.00491	0.00927	0.01473	0.01745	0.06546	0.06218	0.73000	0.01636	0.00764	0.00218	0.00327	0.01364	0.00600	0.00545
38	0.01485	0.01547	0.02157	0.01799	0.01886	0.06317	0.08492	0.01669	0.01095	0.01609	0.00904	0.01432	0.00861	0.01043	0.01889	0.00269	0.63952	0.00577	0.00290	0.00726
39	0.01449	0.10627	0.59866	0.01752	0.02605	0.08851	0.02148	0.02088	0.01405	0.01948	0.01118	0.01312	0.00821	0.00613	0.00591	0.00194	0.00950	0.00458	0.00279	0.00922
40	0.02443	0.02206	0.01905	0.01542	0.02002	0.24699	0.01234	0.49713	0.02661	0.03295	0.01379	0.01431	0.01016	0.00741	0.00626	0.00185	0.00853	0.00530	0.00549	0.00990
41	0.00785	0.00570	0.00741	0.00878	0.00931	0.00527	0.00590	0.00902	0.01258	0.01658	0.03825	0.70617	0.10357	0.01990	0.00819	0.00258	0.00371	0.01795	0.00600	0.00527
42	0.01205	0.00761	0.00959	0.00868	0.01088	0.00705	0.00665	0.01572	0.05783	0.12127	0.51589	0.04497	0.13125	0.01262	0.00741	0.00205	0.00352	0.01096	0.00707	0.00692
43	0.01801	0.69877	0.03231	0.01153	0.01694	0.05658	0.01119	0.06122	0.01439	0.01676	0.00942	0.01073	0.00846	0.00571	0.00436	0.00143	0.00713	0.00363	0.00301	0.00842
44	0.00834	0.00582	0.00736	0.00840	0.00866	0.00556	0.00536	0.00912	0.01146	0.01528	0.03095	0.54654	0.03685	0.25044	0.01578	0.00374	0.00452	0.01562	0.00536	0.00484
45	0.02396	0.05052	0.01872	0.01650	0.01989	0.72791	0.01245	0.02563	0.01817	0.01580	0.00996	0.01162	0.00832	0.00663	0.00578	0.00166	0.01153	0.00414	0.00331	0.00751
46	0.01296	0.03342	0.73944	0.01842	0.02797	0.01501	0.02387	0.02046	0.01364	0.02046	0.01160	0.01364	0.00818	0.00614	0.00614	0.00205	0.00955	0.00477	0.00273	0.00955
47	0.02470	0.01787	0.01925	0.01476	0.01993	0.01970	0.01219	0.68954	0.03000	0.06279	0.01583	0.01572	0.01115	0.00776	0.00646	0.00194	0.00706	0.00584	0.00651	0.01099
48	0.00857	0.00606	0.00751	0.00817	0.00873	0.00575	0.00538	0.00968	0.01247	0.01668	0.12884	0.37899	0.08453	0.25515	0.01587	0.00366	0.00446	0.02903	0.00550	0.00498
49	0.56398	0.01429	0.01267	0.01054	0.01491	0.01627	0.00869	0.24090	0.01721	0.03275	0.01109	0.01210	0.00828	0.00656	0.00479	0.00198	0.00568	0.00424	0.00479	0.00828
50	0.02649	0.01501	0.01748	0.01340	0.01850	0.01545	0.01107	0.41524	0.02521	0.34387	0.01986	0.01833	0.01317	0.00786	0.00648	0.00197	0.00641	0.00611	0.00713	0.01099
51	0.00787	0.00562	0.00750	0.00900	0.00937	0.00525	0.00600	0.00900	0.01237	0.01649	0.03561	0.76871	0.04274	0.02024	0.00825	0.00262	0.00375	0.01837	0.00600	0.00525
52	0.00785	0.00570	0.00742	0.00880	0.00932	0.00526	0.00591	0.00902	0.01256	0.01657	0.03804	0.71127	0.09861	0.01993	0.00820	0.00259	0.00371	0.01798	0.00600	0.00526
53	0.00923	0.00692	0.01038	0.01038	0.01154	0.00808	0.00808	0.01154	0.01038	0.01500	0.01731	0.02538	0.01615	0.04846	0.74732	0.01038	0.01731	0.00692	0.00346	0.00577
54	0.81856	0.01250	0.00950	0.00850	0.01250	0.01449	0.00700	0.01899	0.01100	0.02899	0.00900	0.01050	0.00700	0.00600	0.00400	0.00200	0.00500	0.00350	0.00400	0.00700
55	0.00804	0.00606	0.00750	0.00857	0.00957	0.00551	0.00610	0.00949	0.01328	0.01704	0.04401	0.50125	0.23864	0.01891	0.00814	0.00253	0.00382	0.08017	0.00599	0.00537
56	0.00992	0.00721	0.00977	0.01110	0.01258	0.00706	0.00949	0.01262	0.01468	0.01893	0.03780	0.12057	0.11507	0.01785	0.00873	0.00286	0.00550	0.56645	0.00596	0.00585
57	0.01305	0.00732	0.00761	0.00711	0.00892	0.00749	0.00538	0.08679	0.01535	0.02533	0.06034	0.02548	0.01884	0.04668	0.00633	0.00182	0.00360	0.00649	0.63963	0.00643
58	0.02240	0.02761	0.01733	0.01577	0.01909	0.62281	0.01187	0.02616	0.10654	0.01730	0.01445	0.01541	0.04112	0.00735	0.00600	0.00175	0.01047	0.00497	0.00385	0.00775
59	0.02483	0.01767	0.01913	0.01466	0.01982	0.01940	0.01211	0.67021	0.02966	0.08259	0.01611	0.01590	0.01129	0.00777	0.00647	0.00194	0.00701	0.00586	0.00656	0.01099
60	0.01498	0.00722	0.01015	0.00930	0.01044	0.00707	0.00664	0.05137	0.01135	0.13627	0.01389	0.01981	0.01202	0.01917	0.02102	0.62929	0.00568	0.00577	0.00389	0.00465
61	0.01204	0.00602	0.00602	0.00602	0.00753	0.00602	0.00452	0.01506	0.01355	0.02409	0.02108	0.02409	0.01656	0.00753	0.00452	0.00151	0.00301	0.00602	0.80879	0.00602
62	0.00941	0.00706	0.00878	0.00837	0.01005	0.00669	0.00626	0.01328	0.06697	0.02462	0.57508	0.08797	0.12381	0.01360	0.00758	0.00209	0.00325	0.01194	0.00690	0.00628
63	0.01772	0.43827	0.19858	0.01406	0.02042	0.06154	0.05279	0.02129	0.01421	0.09041	0.01157	0.01279	0.00914	0.00598	0.00515	0.00166	0.00788	0.00435	0.00335	0.00884
64	0.00938	0.00634	0.00742	0.00742	0.00754	0.00647	0.00438	0.00963	0.00951	0.01280	0.02002	0.04041	0.02268	0.69263	0.11207	0.00672	0.00749	0.00912	0.00386	0.00412
65	0.01543	0.01214	0.01411	0.01023	0.01587	0.00985	0.00824	0.08918	0.01545	0.06342	0.01269	0.01410	0.01008	0.00527	0.00506	0.00112	0.00507	0.00418	0.00434	0.68417
66	0.19958	0.02086	0.06202	0.01692	0.05999	0.26145	0.08453	0.06905	0.01547	0.02154	0.01090	0.01354	0.00886	0.00888	0.04345	0.00239	0.08414	0.00490	0.00361	0.00790
67	0.01246	0.00865	0.00973	0.00942	0.01144	0.05111	0.00728	0.01469	0.01594	0.11454	0.23365	0.12059	0.17991	0.05702	0.00907	0.00249	0.00467	0.12460	0.00629	0.00646

[dist]
# distance from previous block
# <min> <max>
0	3

[block]
# block no. 2 follows, 34 sequences, length 35
# corresponding to MSA columns:
# 197-231
name=unknown_C
#
# <colnr> <probs for GDERKNQSTAVLIFYWHMCP>
#	G	D	E	R	K	N	Q	S	T	A	V	L	I	F	Y	W	H	M	C	P
0	0.01600	0.01308	0.01478	0.01096	0.01644	0.01159	0.00883	0.16805	0.06500	0.02572	0.01336	0.01458	0.01057	0.00570	0.00527	0.00125	0.00531	0.00449	0.00459	0.58443
1	0.01579	0.01568	0.01837	0.01592	0.01705	0.09824	0.01297	0.07021	0.07463	0.01849	0.01200	0.04178	0.01112	0.01196	0.04280	0.00284	0.50282	0.00614	0.00362	0.00757
2	0.05109	0.55213	0.02869	0.04989	0.01784	0.07599	0.01142	0.01904	0.01332	0.01636	0.03762	0.01265	0.01035	0.00650	0.00604	0.00162	0.07434	0.00415	0.00304	0.00793
3	0.01105	0.00931	0.00982	0.00933	0.01183	0.00960	0.00702	0.01904	0.28699	0.02114	0.07002	0.09081	0.35210	0.05221	0.00855	0.00242	0.00416	0.01121	0.00616	0.00723
4	0.05667	0.05754	0.21390	0.04484	0.08372	0.01382	0.10831	0.02321	0.01515	0.23897	0.01574	0.01671	0.01100	0.00661	0.00657	0.00197	0.02563	0.00565	0.00457	0.04941
5	0.08999	0.14193	0.11131	0.13041	0.10128	0.01623	0.01423	0.04998	0.03762	0.11615	0.04580	0.01678	0.01235	0.00726	0.00731	0.00200	0.08109	0.00545	0.00412	0.00870
6	0.01359	0.11241	0.61182	0.01827	0.02716	0.01624	0.07286	0.02036	0.01370	0.01991	0.01142	0.01357	0.00832	0.00602	0.00603	0.00198	0.00936	0.00484	0.00277	0.00935
7	0.00782	0.00582	0.00729	0.00847	0.00923	0.00529	0.00576	0.00906	0.01288	0.01670	0.04209	0.61542	0.19185	0.01940	0.00811	0.00253	0.00365	0.01734	0.00600	0.00529
8	0.03718	0.05083	0.06386	0.19536	0.15136	0.10296	0.04877	0.07783	0.01605	0.05621	0.01833	0.02305	0.07140	0.00798	0.00650	0.00204	0.00791	0.05001	0.00404	0.00832
9	0.03779	0.00962	0.01243	0.04483	0.09811	0.00959	0.00896	0.04242	0.08899	0.12316	0.10169	0.15208	0.14364	0.08596	0.00957	0.00256	0.00506	0.01026	0.00575	0.00751
10	0.01327	0.00887	0.01147	0.03019	0.06769	0.00846	0.00878	0.04990	0.03598	0.12511	0.11506	0.10104	0.24498	0.01368	0.00754	0.00229	0.00481	0.13752	0.00615	0.00722
11	0.01671	0.01893	0.07415	0.07035	0.37984	0.11343	0.17402	0.03711	0.01552	0.02048	0.01208	0.01564	0.00968	0.00592	0.00659	0.00196	0.00909	0.00590	0.00326	0.00933
12	0.01476	0.01829	0.18683	0.23786	0.08721	0.04081	0.09171	0.02103	0.09306	0.06390	0.01657	0.01913	0.04326	0.00717	0.00699	0.00211	0.03061	0.00624	0.00379	0.00864
13	0.00790	0.00574	0.00745	0.00874	0.00932	0.00530	0.00590	0.00913	0.01279	0.01691	0.06271	0.67934	0.10566	0.01964	0.00817	0.00256	0.00368	0.01770	0.00604	0.00530
14	0.04459	0.11463	0.23766	0.05471	0.11343	0.03555	0.10375	0.04741	0.01469	0.05591	0.04256	0.01602	0.01141	0.00686	0.00744	0.00202	0.07337	0.00557	0.00353	0.00889
15	0.02092	0.01872	0.10842	0.05184	0.02152	0.09651	0.05706	0.25622	0.08171	0.14395	0.01695	0.03543	0.01251	0.00824	0.00723	0.03402	0.00765	0.00615	0.00538	0.00956
16	0.00795	0.00580	0.00751	0.00884	0.00946	0.00536	0.00605	0.00920	0.01273	0.01671	0.03883	0.66364	0.11796	0.01972	0.00821	0.00259	0.00378	0.04437	0.00600	0.00530
17	0.01677	0.04968	0.26847	0.02489	0.26606	0.01552	0.06825	0.07218	0.04793	0.08759	0.01401	0.01597	0.01044	0.00634	0.00634	0.00198	0.00816	0.00561	0.00386	0.00994
18	0.01687	0.11845	0.18048	0.03843	0.10468	0.01532	0.13649	0.04401	0.04533	0.13187	0.01745	0.05214	0.03807	0.00748	0.00674	0.00201	0.02418	0.00660	0.00426	0.00916
19	0.01354	0.03248	0.67985	0.01812	0.02717	0.04417	0.02284	0.02127	0.04399	0.02056	0.01216	0.01401	0.00868	0.00627	0.00614	0.00204	0.00944	0.00486	0.00292	0.00950
20	0.01474	0.01407	0.02396	0.27761	0.50448	0.01502	0.01920	0.01873	0.01412	0.01958	0.01193	0.01640	0.00970	0.00599	0.00642	0.00200	0.00799	0.00575	0.00309	0.00922
21	0.01587	0.04976	0.08906	0.05090	0.16208	0.09223	0.26086	0.05483	0.01543	0.02028	0.01414	0.08249	0.01241	0.00743	0.00750	0.00209	0.04328	0.00719	0.00357	0.00861
22	0.04518	0.01724	0.05509	0.08080	0.06049	0.08816	0.17165	0.18383	0.01858	0.10150	0.01555	0.06570	0.01246	0.00780	0.00743	0.00209	0.04597	0.00682	0.00466	0.00900
23	0.00786	0.00567	0.00745	0.00888	0.00934	0.00526	0.00595	0.00901	0.01248	0.01654	0.03702	0.73537	0.07516	0.02006	0.00822	0.00260	0.00373	0.01815	0.00600	0.00526
24	0.01128	0.01118	0.06186	0.01530	0.08070	0.00983	0.10341	0.03286	0.08026	0.01993	0.05786	0.34282	0.08387	0.01393	0.00762	0.00236	0.00570	0.04680	0.00527	0.00714
25	0.03328	0.06251	0.14628	0.16254	0.10392	0.01421	0.04103	0.07380	0.01617	0.18973	0.04932	0.01948	0.01370	0.00735	0.00669	0.00203	0.02381	0.02033	0.00465	0.00916
26	0.01430	0.07613	0.22373	0.09483	0.10539	0.01596	0.30699	0.01962	0.01427	0.01972	0.01293	0.04274	0.01037	0.00630	0.00675	0.00207	0.00942	0.00655	0.00314	0.00880
27	0.00788	0.00597	0.00727	0.00817	0.00919	0.00536	0.00566	0.00928	0.01347	0.01737	0.08690	0.50307	0.25989	0.01860	0.00802	0.00245	0.00356	0.01648	0.00607	0.00536
28	0.02055	0.06363	0.11470	0.03525	0.07320	0.14589	0.04807	0.12359	0.05101	0.16651	0.01540	0.01687	0.01146	0.02995	0.00793	0.00209	0.05426	0.00563	0.00473	0.00927
29	0.12939	0.01731	0.05928	0.04856	0.01930	0.14858	0.03991	0.10370	0.07548	0.17310	0.01677	0.05378	0.01288	0.00760	0.00602	0.00192	0.00719	0.00595	0.00514	0.06813
30	0.01084	0.00907	0.02965	0.01199	0.03158	0.00833	0.06806	0.01460	0.08306	0.04544	0.04901	0.37646	0.10588	0.01673	0.04388	0.00275	0.00553	0.04060	0.00555	0.04100
31	0.01591	0.05714	0.16434	0.13603	0.21893	0.01605	0.11902	0.06641	0.03259	0.05646	0.01297	0.01602	0.00991	0.00646	0.00713	0.00204	0.04396	0.00579	0.00357	0.00926
32	0.01920	0.07566	0.05607	0.07872	0.07242	0.23321	0.03106	0.06018	0.06680	0.09784	0.04661	0.03571	0.01361	0.00757	0.00684	0.00189	0.04367	0.00580	0.00435	0.04281
33	0.13218	0.04091	0.08801	0.08396	0.10842	0.04099	0.09313	0.06486	0.08191	0.05794	0.01445	0.03463	0.01166	0.03531	0.00737	0.00213	0.02533	0.00590	0.00414	0.06676
34	0.03635	0.06776	0.07843	0.03129	0.03581	0.12746	0.01146	0.09216	0.03699	0.07879	0.01741	0.04624	0.05834	0.02619	0.00777	0.00191	0.06838	0.00601	0.00439	0.16686

[dist]
# distance from previous block
# <min> <max>
32	76

[block]
# block no. 3 follows, 34 sequences, length 26
# corresponding to MSA columns:
# 318-343
name=unknown_D
#
# <colnr> <probs for GDERKNQSTAVLIFYWHMCP>
#	G	D	E	R	K	N	Q	S	T	A	V	L	I	F	Y	W	H	M	C	P
0	0.05213	0.14155	0.10652	0.04648	0.01789	0.05177	0.01124	0.08236	0.04416	0.05823	0.05190	0.06875	0.07359	0.00860	0.00596	0.00181	0.00630	0.02753	0.00455	0.13868
1	0.05030	0.13952	0.15854	0.01499	0.02000	0.21461	0.04196	0.09898	0.06641	0.02151	0.05265	0.01710	0.03676	0.00741	0.00641	0.00187	0.03304	0.00547	0.00401	0.00846
2	0.10063	0.13541	0.12580	0.01513	0.07040	0.11956	0.03318	0.04343	0.08964	0.06253	0.05613	0.02003	0.06284	0.00884	0.02805	0.00215	0.00754	0.00596	0.00432	0.00844
3	0.07984	0.17144	0.24079	0.03866	0.02009	0.05451	0.01454	0.07888	0.01487	0.02094	0.04331	0.05236	0.03476	0.00946	0.03108	0.00226	0.05517	0.02510	0.00375	0.00819
4	0.04846	0.30707	0.17914	0.01298	0.01833	0.10109	0.03342	0.01891	0.01392	0.03944	0.01759	0.01959	0.09338	0.03943	0.03013	0.00220	0.00791	0.00558	0.00349	0.00793
5	0.01483	0.20224	0.16042	0.01248	0.01693	0.10788	0.01204	0.04115	0.01458	0.04211	0.06976	0.04524	0.07001	0.04491	0.11523	0.00325	0.00883	0.00656	0.00394	0.00761
6	0.01588	0.33618	0.18447	0.01344	0.01859	0.13316	0.01352	0.01901	0.01367	0.01651	0.01368	0.01633	0.04776	0.03298	0.06304	0.00251	0.04330	0.00494	0.00311	0.00792
7	0.01616	0.58483	0.21608	0.01296	0.01952	0.02284	0.01437	0.01964	0.01326	0.01656	0.00966	0.01121	0.00826	0.00569	0.00466	0.00155	0.00759	0.00380	0.00275	0.00862
8	0.04772	0.47675	0.24027	0.01289	0.01932	0.02073	0.01433	0.01911	0.01340	0.01771	0.03330	0.01422	0.03401	0.00632	0.00495	0.00165	0.00738	0.00444	0.00304	0.00845
9	0.01924	0.28159	0.02161	0.01261	0.01677	0.21594	0.01057	0.02411	0.13900	0.09321	0.06152	0.01883	0.04415	0.00759	0.00563	0.00174	0.00734	0.00557	0.00453	0.00844
10	0.02455	0.02638	0.01837	0.01588	0.01977	0.51894	0.01225	0.19746	0.02134	0.06735	0.01234	0.01327	0.00947	0.00702	0.00603	0.00175	0.01013	0.00472	0.00441	0.00859
11	0.02162	0.01664	0.01774	0.01427	0.01892	0.01866	0.01157	0.47674	0.26950	0.03598	0.01925	0.01849	0.01401	0.00811	0.00650	0.00203	0.00642	0.00633	0.00650	0.01072
12	0.05320	0.15227	0.46717	0.01558	0.02344	0.01581	0.01856	0.02206	0.01425	0.14029	0.01338	0.01436	0.00946	0.00634	0.00577	0.00193	0.00822	0.00479	0.00368	0.00947
13	0.02777	0.01270	0.06993	0.01202	0.01736	0.00991	0.01059	0.03065	0.01813	0.68275	0.02444	0.02136	0.01540	0.00786	0.00647	0.00200	0.00581	0.00637	0.00760	0.01089
14	0.02456	0.01810	0.01939	0.01487	0.02004	0.02004	0.01228	0.71107	0.03038	0.04072	0.01551	0.01551	0.01099	0.00776	0.00646	0.00194	0.00711	0.00582	0.00646	0.01099
15	0.00940	0.00626	0.00705	0.00705	0.00705	0.00626	0.00392	0.00940	0.00940	0.01253	0.02036	0.04228	0.02349	0.77292	0.03289	0.00626	0.00626	0.00940	0.00392	0.00392
16	0.00877	0.00659	0.00812	0.00774	0.00943	0.00594	0.00581	0.01148	0.01742	0.02384	0.56628	0.05168	0.22519	0.01398	0.00762	0.00207	0.00310	0.01216	0.00684	0.00594
17	0.01849	0.01355	0.01516	0.01290	0.01635	0.01465	0.01028	0.44732	0.02381	0.03184	0.02296	0.24175	0.02248	0.01226	0.00719	0.00223	0.00603	0.06559	0.00628	0.00889
18	0.02414	0.03079	0.01831	0.01665	0.01998	0.74698	0.01248	0.02580	0.01831	0.01581	0.00999	0.01165	0.00832	0.00666	0.00583	0.00166	0.01165	0.00416	0.00333	0.00749
19	0.01340	0.01148	0.01340	0.00957	0.01531	0.00861	0.00766	0.01627	0.01340	0.02105	0.01148	0.01340	0.00957	0.00479	0.00479	0.00096	0.00479	0.00383	0.00383	0.81242
20	0.05908	0.01192	0.01339	0.01130	0.01526	0.01219	0.00895	0.08184	0.27081	0.18583	0.05516	0.05613	0.08691	0.00932	0.00644	0.00200	0.00501	0.00767	0.00641	0.09439
21	0.04703	0.01312	0.01157	0.03099	0.01408	0.17391	0.00863	0.01735	0.06378	0.04925	0.19246	0.07979	0.16190	0.01231	0.00712	0.00214	0.00590	0.09631	0.00560	0.00677
22	0.01558	0.14275	0.12164	0.04549	0.04858	0.06332	0.06535	0.06366	0.05789	0.06366	0.05170	0.04224	0.04635	0.06036	0.00827	0.00232	0.00729	0.08101	0.00446	0.00811
23	0.16400	0.10080	0.01720	0.07559	0.09962	0.10524	0.03021	0.01907	0.03514	0.06330	0.08789	0.04267	0.01702	0.07420	0.00810	0.00225	0.00672	0.00625	0.00425	0.04047
24	0.01625	0.03797	0.01805	0.01357	0.01810	0.01220	0.12258	0.09584	0.10431	0.10302	0.01984	0.09357	0.03096	0.03908	0.00744	0.00199	0.00618	0.02221	0.00511	0.23174
25	0.04397	0.01520	0.03916	0.11215	0.08429	0.06439	0.07559	0.16358	0.01806	0.08593	0.04079	0.04192	0.01395	0.00746	0.00633	0.00187	0.00719	0.02886	0.00470	0.14461

[dist]
# distance from previous block
# <min> <max>
0	26

[block]
# block no. 4 follows, 34 sequences, length 21
# corresponding to MSA columns:
# 370-390
name=unknown_E
#
# <colnr> <probs for GDERKNQSTAVLIFYWHMCP>
#	G	D	E	R	K	N	Q	S	T	A	V	L	I	F	Y	W	H	M	C	P
0	0.02077	0.10240	0.01883	0.01444	0.04563	0.11669	0.01140	0.26841	0.07347	0.10624	0.06397	0.02217	0.03008	0.00859	0.00675	0.00196	0.02673	0.04659	0.00557	0.00929
1	0.05929	0.03530	0.01955	0.20076	0.15525	0.05684	0.01429	0.26936	0.01975	0.02671	0.01462	0.07238	0.01225	0.00781	0.00636	0.00201	0.00747	0.00646	0.00455	0.00901
2	0.08772	0.01526	0.02246	0.22000	0.37761	0.05878	0.04101	0.06341	0.01515	0.02154	0.01182	0.01558	0.00944	0.00613	0.00621	0.00198	0.00799	0.00552	0.00340	0.00898
3	0.00957	0.00756	0.01112	0.07939	0.08598	0.00771	0.00925	0.01166	0.01288	0.01722	0.03019	0.41471	0.06373	0.02023	0.09123	0.00341	0.00639	0.10654	0.00514	0.00609
4	0.01220	0.01148	0.01938	0.75739	0.04450	0.01436	0.01794	0.01651	0.01292	0.01651	0.01148	0.01723	0.00861	0.00646	0.00646	0.00215	0.00861	0.00574	0.00287	0.00718
5	0.01220	0.01148	0.01938	0.75739	0.04450	0.01436	0.01794	0.01651	0.01292	0.01651	0.01148	0.01723	0.00861	0.00646	0.00646	0.00215	0.00861	0.00574	0.00287	0.00718
6	0.01423	0.01340	0.02287	0.10899	0.47280	0.01402	0.04841	0.01783	0.01360	0.01930	0.01301	0.01792	0.01112	0.01407	0.14752	0.00359	0.02914	0.00606	0.00321	0.00891
7	0.02456	0.01810	0.01939	0.01487	0.02004	0.02004	0.01228	0.71107	0.03038	0.04072	0.01551	0.01551	0.01099	0.00776	0.00646	0.00194	0.00711	0.00582	0.00646	0.01099
8	0.00783	0.00655	0.00681	0.00675	0.00885	0.00554	0.00506	0.00965	0.01518	0.01853	0.15014	0.06041	0.64464	0.01596	0.00763	0.00216	0.00324	0.01339	0.00614	0.00554
9	0.00787	0.00562	0.00750	0.00900	0.00937	0.00525	0.00600	0.00900	0.01237	0.01649	0.03561	0.76871	0.04274	0.02024	0.00825	0.00262	0.00375	0.01837	0.00600	0.00525
10	0.01613	0.01759	0.02115	0.01782	0.01904	0.15729	0.07592	0.01795	0.01197	0.01606	0.00918	0.01396	0.00857	0.00990	0.01708	0.00255	0.55205	0.00555	0.00296	0.00730
11	0.01450	0.01362	0.02079	0.07270	0.02267	0.01452	0.20986	0.02576	0.36022	0.02426	0.12701	0.02531	0.02225	0.00831	0.00702	0.00216	0.00672	0.00794	0.00543	0.00894
12	0.00824	0.00669	0.00739	0.00755	0.00954	0.00583	0.00588	0.01026	0.01520	0.01882	0.14546	0.06201	0.54102	0.01618	0.00783	0.00228	0.00364	0.11442	0.00613	0.00561
13	0.01220	0.01148	0.01938	0.75739	0.04450	0.01436	0.01794	0.01651	0.01292	0.01651	0.01148	0.01723	0.00861	0.00646	0.00646	0.00215	0.00861	0.00574	0.00287	0.00718
14	0.02336	0.08492	0.01968	0.01599	0.01963	0.56842	0.01240	0.12011	0.01933	0.01922	0.01063	0.01217	0.00870	0.00687	0.00628	0.00172	0.03447	0.00439	0.00371	0.00802
15	0.02258	0.01852	0.01854	0.01477	0.01908	0.10309	0.01203	0.52814	0.02623	0.03422	0.01721	0.01771	0.05313	0.00846	0.00778	0.00200	0.07477	0.00608	0.00575	0.00991
16	0.03695	0.12336	0.04304	0.00956	0.01264	0.01053	0.00802	0.01665	0.07310	0.10364	0.15802	0.15368	0.20135	0.01248	0.00682	0.00208	0.00457	0.01051	0.00580	0.00721
17	0.08834	0.01271	0.01412	0.01162	0.01565	0.04974	0.00930	0.17884	0.01944	0.33739	0.02492	0.12947	0.05998	0.00998	0.00657	0.00207	0.00576	0.00812	0.00667	0.00932
18	0.11117	0.01650	0.03447	0.01291	0.01723	0.09595	0.01050	0.20164	0.24850	0.04917	0.03935	0.01947	0.03383	0.00787	0.00606	0.00193	0.00632	0.00606	0.00561	0.07547
19	0.23844	0.11640	0.03847	0.01267	0.01707	0.10092	0.02517	0.11852	0.16496	0.06953	0.01481	0.01519	0.01122	0.00707	0.00578	0.00194	0.02319	0.00504	0.00481	0.00881
20	0.07766	0.10743	0.07753	0.05321	0.04179	0.01585	0.10314	0.08451	0.06900	0.10933	0.04143	0.01955	0.04521	0.00917	0.03127	0.00233	0.09213	0.00627	0.00453	0.00865

[dist]
# distance from previous block
# <min> <max>
5	34

[block]
# block no. 5 follows, 34 sequences, length 7
# corresponding to MSA columns:
# 425-431
name=unknown_F
#
# <colnr> <probs for GDERKNQSTAVLIFYWHMCP>
#	G	D	E	R	K	N	Q	S	T	A	V	L	I	F	Y	W	H	M	C	P
0	0.02228	0.07383	0.02076	0.01712	0.09716	0.01956	0.01282	0.51965	0.09332	0.03538	0.01569	0.01600	0.01154	0.00747	0.00629	0.00192	0.00697	0.00578	0.00584	0.01063
1	0.00858	0.00654	0.00811	0.00853	0.00994	0.00575	0.00600	0.01021	0.01358	0.01826	0.11940	0.47951	0.16037	0.01706	0.00769	0.00230	0.00370	0.01518	0.00589	0.09338
2	0.41054	0.01221	0.01194	0.01014	0.01411	0.01326	0.00822	0.08831	0.09252	0.16399	0.09900	0.01907	0.01680	0.00769	0.00541	0.00202	0.00508	0.00566	0.00564	0.00838
3	0.40516	0.01275	0.01223	0.01050	0.01408	0.01447	0.00850	0.15463	0.08569	0.02996	0.14016	0.01970	0.01870	0.00813	0.00613	0.00205	0.03810	0.00588	0.00524	0.00794
4	0.17320	0.01405	0.01697	0.14806	0.08999	0.01546	0.01233	0.26967	0.01966	0.11250	0.01551	0.05756	0.01208	0.00772	0.00609	0.00203	0.00665	0.00613	0.00519	0.00915
5	0.10442	0.01123	0.01417	0.01087	0.01589	0.00984	0.00893	0.02762	0.01687	0.54332	0.02144	0.01937	0.01399	0.00724	0.00595	0.00182	0.00533	0.00574	0.00688	0.14906
6	0.01825	0.01396	0.01603	0.04109	0.05443	0.01508	0.01094	0.17028	0.35709	0.08975	0.04990	0.02141	0.01738	0.00804	0.00640	0.00198	0.00570	0.00663	0.00612	0.08954

[dist]
# distance from previous block
# <min> <max>
0	2

[block]
# block no. 6 follows, 34 sequences, length 8
# corresponding to MSA columns:
# 434-441
name=unknown_G
#
# <colnr> <probs for GDERKNQSTAVLIFYWHMCP>
#	G	D	E	R	K	N	Q	S	T	A	V	L	I	F	Y	W	H	M	C	P
0	0.01220	0.01148	0.01938	0.75739	0.04450	0.01436	0.01794	0.01651	0.01292	0.01651	0.01148	0.01723	0.00861	0.00646	0.00646	0.00215	0.00861	0.00574	0.00287	0.00718
1	0.00975	0.00885	0.00844	0.00825	0.01018	0.07802	0.00612	0.01179	0.01600	0.01990	0.26848	0.11453	0.38680	0.01475	0.00751	0.00212	0.00406	0.01250	0.00609	0.00584
2	0.05240	0.00870	0.01019	0.00917	0.01157	0.00851	0.00700	0.04000	0.07378	0.04632	0.32161	0.09932	0.13340	0.03415	0.00822	0.00215	0.02896	0.01029	0.00610	0.08818
3	0.07945	0.12933	0.01877	0.01459	0.05844	0.23322	0.01110	0.09700	0.05553	0.06279	0.04862	0.01876	0.06332	0.00790	0.00669	0.00184	0.05093	0.00568	0.00442	0.03161
4	0.17273	0.01634	0.01792	0.08986	0.12808	0.15406	0.06798	0.02029	0.05507	0.02128	0.01282	0.04615	0.01085	0.00663	0.00572	0.00180	0.00742	0.00543	0.00378	0.15581
5	0.05433	0.01448	0.01655	0.08713	0.09999	0.07973	0.01140	0.10170	0.07956	0.11846	0.01565	0.03747	0.01218	0.00685	0.00587	0.00170	0.00648	0.00555	0.00479	0.24012
6	0.07383	0.01447	0.01662	0.13014	0.04262	0.11307	0.06285	0.07174	0.05741	0.08202	0.03576	0.02425	0.06050	0.03784	0.00737	0.00211	0.00713	0.04873	0.00463	0.10694
7	0.01729	0.01370	0.01718	0.12976	0.02198	0.06320	0.07220	0.12875	0.10428	0.11368	0.02089	0.09575	0.04292	0.00898	0.00665	0.00201	0.00676	0.02905	0.00524	0.09974

[dist]
# distance from previous block
# <min> <max>
9	43

[block]
# block no. 7 follows, 34 sequences, length 17
# corresponding to MSA columns:
# 486-502
name=unknown_H
#
# <colnr> <probs for GDERKNQSTAVLIFYWHMCP>
#	G	D	E	R	K	N	Q	S	T	A	V	L	I	F	Y	W	H	M	C	P
0	0.01898	0.01465	0.01702	0.08919	0.09211	0.06954	0.01198	0.19598	0.11633	0.11815	0.05944	0.03987	0.03494	0.00872	0.00743	0.02134	0.03086	0.00675	0.00546	0.04125
1	0.06623	0.01279	0.01921	0.11194	0.12316	0.01286	0.11920	0.04596	0.09906	0.06524	0.07861	0.02177	0.03265	0.03486	0.00732	0.00206	0.00667	0.00667	0.00456	0.12918
2	0.04708	0.04219	0.03843	0.10549	0.02060	0.03667	0.05454	0.04092	0.17488	0.16648	0.04779	0.04546	0.03943	0.00848	0.00645	0.00201	0.00628	0.03407	0.00546	0.07731
3	0.09333	0.03946	0.04137	0.03914	0.10600	0.03416	0.07506	0.14147	0.12479	0.05405	0.03939	0.01945	0.03652	0.02441	0.00671	0.00198	0.00664	0.00613	0.00482	0.10510
4	0.01497	0.01363	0.01880	0.11255	0.17506	0.04122	0.05566	0.09104	0.07498	0.02217	0.04070	0.02075	0.05731	0.01013	0.05683	0.00244	0.03408	0.00637	0.00421	0.14709
5	0.03874	0.05856	0.04450	0.10810	0.18294	0.08619	0.08110	0.10855	0.06547	0.04528	0.01342	0.01569	0.01041	0.00631	0.00609	0.00183	0.00775	0.00546	0.00404	0.10958
6	0.01699	0.01752	0.09728	0.11257	0.02248	0.09915	0.05282	0.19897	0.01786	0.02360	0.01360	0.04406	0.01138	0.03874	0.00897	0.05210	0.03423	0.00590	0.00417	0.12761
7	0.07126	0.03982	0.01980	0.09485	0.23472	0.04359	0.01395	0.18405	0.06880	0.02573	0.03658	0.03936	0.01306	0.00732	0.00658	0.00193	0.02779	0.00604	0.00447	0.06031
8	0.01884	0.03234	0.01828	0.04443	0.13717	0.03305	0.01241	0.26162	0.12455	0.07043	0.06137	0.02187	0.01652	0.03679	0.00798	0.00216	0.03152	0.02846	0.00546	0.03476
9	0.01391	0.03662	0.01484	0.01247	0.01530	0.08314	0.08446	0.05948	0.05685	0.06185	0.10656	0.19506	0.09336	0.03490	0.00805	0.00232	0.00600	0.07621	0.00550	0.03312
10	0.12630	0.11826	0.04513	0.04431	0.12902	0.05205	0.01251	0.16238	0.09041	0.11208	0.01489	0.01564	0.01112	0.00680	0.00573	0.00187	0.00678	0.00524	0.00483	0.03465
11	0.01836	0.03571	0.08583	0.09703	0.18187	0.08491	0.01476	0.17427	0.06660	0.07864	0.05590	0.01847	0.01404	0.00881	0.03452	0.00228	0.00794	0.00602	0.00467	0.00936
12	0.01220	0.01148	0.01938	0.75739	0.04450	0.01436	0.01794	0.01651	0.01292	0.01651	0.01148	0.01723	0.00861	0.00646	0.00646	0.00215	0.00861	0.00574	0.00287	0.00718
13	0.01340	0.01148	0.01340	0.00957	0.01531	0.00861	0.00766	0.01627	0.01340	0.02105	0.01148	0.01340	0.00957	0.00479	0.00479	0.00096	0.00479	0.00383	0.00383	0.81242
14	0.01340	0.01148	0.01340	0.00957	0.01531	0.00861	0.00766	0.01627	0.01340	0.02105	0.01148	0.01340	0.00957	0.00479	0.00479	0.00096	0.00479	0.00383	0.00383	0.81242
15	0.00940	0.00626	0.00705	0.00705	0.00705	0.00626	0.00392	0.00940	0.00940	0.01253	0.02036	0.04228	0.02349	0.77292	0.03289	0.00626	0.00626	0.00940	0.00392	0.00392
16	0.01244	0.01172	0.01980	0.71291	0.08715	0.01442	0.01806	0.01671	0.01303	0.01679	0.01153	0.01715	0.00871	0.00642	0.00646	0.00214	0.00856	0.00574	0.00289	0.00737

[dist]
# distance from previous block
# <min> <max>
0	0

# created by:
# /home/berkeley/.conda/envs/busco_data_prod/bin/msa2prfl.pl pipeline/OGs_align_augustus/4893/37943.fs
