[name]
unknown

[dist]
# distance from previous block
# <min> <max>
0	1

[block]
# block no. 0 follows, 34 sequences, length 51
# corresponding to MSA columns:
# 1-51
name=unknown_A
#
# <colnr> <probs for GDERKNQSTAVLIFYWHMCP>
#	G	D	E	R	K	N	Q	S	T	A	V	L	I	F	Y	W	H	M	C	P
0	0.01086	0.05722	0.01193	0.01184	0.01359	0.00861	0.01045	0.01377	0.01476	0.01907	0.03258	0.06884	0.03532	0.01705	0.00862	0.00287	0.00601	0.64476	0.00574	0.00610
1	0.01783	0.58501	0.10773	0.01269	0.01832	0.13228	0.01265	0.02043	0.01396	0.01586	0.00942	0.01091	0.00828	0.00576	0.00461	0.00150	0.00790	0.00370	0.00284	0.00831
2	0.01468	0.01239	0.02004	0.49876	0.18133	0.01424	0.01704	0.05283	0.01454	0.06555	0.01306	0.01743	0.00982	0.00652	0.00638	0.00206	0.00795	0.00581	0.03137	0.00820
3	0.13956	0.01200	0.01327	0.01109	0.01506	0.01247	0.00891	0.11558	0.18337	0.23951	0.08878	0.02618	0.08843	0.00913	0.00635	0.00206	0.00511	0.00731	0.00659	0.00924
4	0.01497	0.01654	0.03443	0.02459	0.03101	0.01518	0.60428	0.02004	0.01497	0.02075	0.01283	0.01683	0.00977	0.00535	0.00720	0.00200	0.00998	0.00706	0.00335	0.12887
5	0.01701	0.07645	0.06979	0.01331	0.01811	0.03301	0.03528	0.16964	0.16337	0.04351	0.01705	0.06586	0.01405	0.00784	0.00665	0.00181	0.03802	0.00625	0.00497	0.19801
6	0.00940	0.00626	0.00705	0.00705	0.00705	0.00626	0.00392	0.00940	0.00940	0.01253	0.02036	0.04228	0.02349	0.77292	0.03289	0.00626	0.00626	0.00940	0.00392	0.00392
7	0.00788	0.00652	0.00690	0.00687	0.00889	0.00555	0.00513	0.00971	0.01519	0.01872	0.16650	0.08455	0.60326	0.01601	0.00766	0.00217	0.00325	0.01350	0.00617	0.00555
8	0.01611	0.01708	0.07366	0.06206	0.46793	0.05849	0.01768	0.02299	0.15637	0.02174	0.01479	0.01725	0.01181	0.00647	0.00638	0.00198	0.00757	0.00590	0.00384	0.00989
9	0.01578	0.15871	0.38998	0.01980	0.10442	0.09902	0.06392	0.04069	0.01478	0.01970	0.01123	0.01341	0.00863	0.00605	0.00589	0.00188	0.00913	0.00480	0.00300	0.00916
10	0.01306	0.00887	0.00854	0.00815	0.00966	0.06978	0.00626	0.01577	0.01342	0.02205	0.01880	0.02227	0.01514	0.01052	0.05573	0.00223	0.07022	0.00589	0.61743	0.00622
11	0.00782	0.00584	0.00728	0.00843	0.00922	0.00530	0.00575	0.00906	0.01292	0.01672	0.04252	0.60525	0.20174	0.01935	0.00811	0.00252	0.00364	0.01727	0.00600	0.00530
12	0.00868	0.00596	0.00726	0.00797	0.00814	0.00579	0.00490	0.00921	0.01080	0.01440	0.02754	0.38443	0.03255	0.41841	0.02128	0.00455	0.00508	0.01362	0.00490	0.00454
13	0.01735	0.01450	0.01487	0.01301	0.01669	0.05197	0.01019	0.12363	0.50125	0.05032	0.09287	0.02462	0.02189	0.00893	0.00662	0.00211	0.00552	0.00735	0.00649	0.00981
14	0.01487	0.01420	0.02419	0.25300	0.52808	0.01506	0.01927	0.01884	0.01418	0.01974	0.01195	0.01636	0.00975	0.00597	0.00642	0.00199	0.00795	0.00575	0.00310	0.00933
15	0.02147	0.02049	0.01579	0.01358	0.01713	0.32059	0.01056	0.23148	0.05053	0.04314	0.01508	0.01624	0.01155	0.00730	0.00579	0.00174	0.00801	0.00525	0.17586	0.00844
16	0.01188	0.00737	0.00857	0.00813	0.00892	0.00733	0.00514	0.05705	0.01183	0.07576	0.02200	0.11151	0.02397	0.58324	0.02647	0.00526	0.00600	0.00982	0.00463	0.00511
17	0.01748	0.26688	0.15007	0.01467	0.05040	0.12698	0.01341	0.06702	0.09054	0.03580	0.01420	0.01518	0.03081	0.00661	0.00546	0.00169	0.00762	0.00485	0.00380	0.07653
18	0.02088	0.38518	0.02570	0.01399	0.01836	0.40429	0.01181	0.02274	0.01585	0.01552	0.00951	0.01104	0.00831	0.00612	0.00503	0.00153	0.00940	0.00383	0.00306	0.00787
19	0.01609	0.01140	0.01367	0.00990	0.01552	0.00877	0.00797	0.01890	0.01428	0.14470	0.01390	0.01488	0.01068	0.00534	0.00508	0.00114	0.00491	0.00429	0.00455	0.67403
20	0.04761	0.09669	0.13966	0.05237	0.06346	0.24379	0.01459	0.14023	0.01797	0.06868	0.01220	0.01380	0.00934	0.00689	0.00664	0.00188	0.04653	0.00485	0.00398	0.00884
21	0.01631	0.01610	0.02547	0.06888	0.66136	0.05837	0.01932	0.02004	0.01485	0.02060	0.01200	0.01579	0.01005	0.00584	0.00637	0.00191	0.00795	0.00566	0.00319	0.00994
22	0.01219	0.01152	0.05486	0.00997	0.01479	0.00827	0.00826	0.01496	0.01319	0.02004	0.01666	0.17508	0.01659	0.00817	0.00561	0.00138	0.00484	0.00700	0.00423	0.59241
23	0.00806	0.00646	0.00695	0.00716	0.00883	0.00565	0.00519	0.00954	0.01390	0.01702	0.07098	0.13011	0.51964	0.11454	0.01103	0.00279	0.00384	0.04728	0.00575	0.00528
24	0.01773	0.33590	0.15978	0.04688	0.05330	0.09334	0.01454	0.05827	0.01479	0.06351	0.01117	0.01302	0.00903	0.00661	0.00673	0.00179	0.07703	0.00450	0.00338	0.00869
25	0.01401	0.21462	0.56746	0.01662	0.02519	0.01758	0.02075	0.02019	0.01352	0.01918	0.01096	0.01284	0.00821	0.00599	0.00565	0.00188	0.00891	0.00445	0.00274	0.00924
26	0.08652	0.02383	0.02026	0.02241	0.21615	0.41664	0.02824	0.07440	0.01756	0.02030	0.01098	0.01316	0.00897	0.00641	0.00592	0.00179	0.00966	0.00474	0.00358	0.00849
27	0.01220	0.01148	0.01938	0.75739	0.04450	0.01436	0.01794	0.01651	0.01292	0.01651	0.01148	0.01723	0.00861	0.00646	0.00646	0.00215	0.00861	0.00574	0.00287	0.00718
28	0.00809	0.00574	0.00750	0.00875	0.00913	0.00540	0.00577	0.00918	0.01230	0.01646	0.06349	0.65822	0.04140	0.10262	0.01093	0.00300	0.00400	0.01710	0.00582	0.00514
29	0.01361	0.01427	0.02622	0.07352	0.02630	0.04521	0.39347	0.01870	0.06482	0.02013	0.06460	0.16969	0.02024	0.00927	0.00751	0.00223	0.00842	0.00972	0.00427	0.00780
30	0.01598	0.34633	0.31497	0.01579	0.02299	0.02004	0.07995	0.07842	0.01499	0.01996	0.01095	0.01275	0.00862	0.00595	0.00546	0.00177	0.00834	0.00456	0.00311	0.00906
31	0.01607	0.01394	0.01512	0.01431	0.04807	0.01604	0.01065	0.03370	0.69010	0.02677	0.02568	0.02375	0.01931	0.00863	0.00657	0.00218	0.00523	0.00724	0.00643	0.01023
32	0.00795	0.00569	0.00757	0.00894	0.00939	0.00530	0.00600	0.00920	0.01275	0.01710	0.08049	0.72209	0.04391	0.01979	0.00821	0.00259	0.00370	0.01794	0.00607	0.00530
33	0.00853	0.00628	0.00828	0.00943	0.00997	0.00620	0.00666	0.00983	0.01245	0.01655	0.03452	0.57357	0.06903	0.07273	0.01059	0.00291	0.03604	0.09542	0.00571	0.00532
34	0.00792	0.00586	0.00741	0.00850	0.00928	0.00535	0.00581	0.00928	0.01321	0.01734	0.09088	0.59175	0.16568	0.01905	0.00809	0.00250	0.00361	0.01705	0.00608	0.00535
35	0.00940	0.00766	0.01139	0.01125	0.01275	0.00734	0.08125	0.01230	0.05896	0.01796	0.03508	0.51585	0.09701	0.01737	0.00808	0.00254	0.00476	0.07727	0.00574	0.00602
36	0.01405	0.01146	0.01347	0.00965	0.01536	0.00865	0.00773	0.01691	0.01361	0.05119	0.01207	0.01376	0.00984	0.00492	0.00486	0.00100	0.00482	0.00394	0.00400	0.77869
37	0.01607	0.01388	0.01461	0.01315	0.01680	0.01607	0.01023	0.03433	0.72094	0.02703	0.02630	0.02411	0.01972	0.00877	0.00657	0.00219	0.00511	0.00731	0.00657	0.01023
38	0.05195	0.74373	0.03280	0.01095	0.01641	0.02509	0.01088	0.01933	0.01304	0.01580	0.00898	0.01037	0.00824	0.00555	0.00414	0.00141	0.00683	0.00346	0.00282	0.00824
39	0.81856	0.01250	0.00950	0.00850	0.01250	0.01449	0.00700	0.01899	0.01100	0.02899	0.00900	0.01050	0.00700	0.00600	0.00400	0.00200	0.00500	0.00350	0.00400	0.00700
40	0.81856	0.01250	0.00950	0.00850	0.01250	0.01449	0.00700	0.01899	0.01100	0.02899	0.00900	0.01050	0.00700	0.00600	0.00400	0.00200	0.00500	0.00350	0.00400	0.00700
41	0.01030	0.00831	0.01076	0.01029	0.01203	0.02296	0.05201	0.07094	0.01563	0.02061	0.15584	0.39908	0.15401	0.01608	0.00779	0.00234	0.00447	0.01437	0.00600	0.00619
42	0.06281	0.01405	0.01583	0.01276	0.01693	0.01513	0.01031	0.30234	0.14344	0.19499	0.06548	0.02147	0.01714	0.04179	0.00810	0.00223	0.03214	0.00664	0.00651	0.00989
43	0.04025	0.01635	0.01973	0.07238	0.06786	0.03998	0.06674	0.38630	0.10297	0.06175	0.01829	0.01886	0.04309	0.00777	0.00653	0.00201	0.00718	0.00638	0.00563	0.00994
44	0.01483	0.01340	0.02131	0.44265	0.25522	0.03141	0.01776	0.04246	0.01437	0.04907	0.01232	0.01678	0.00950	0.00647	0.00678	0.00207	0.02611	0.00574	0.00332	0.00843
45	0.00786	0.00568	0.00744	0.00885	0.00933	0.00526	0.00593	0.00901	0.01251	0.01655	0.03737	0.72713	0.08318	0.02001	0.00821	0.00260	0.00372	0.01809	0.00600	0.00526
46	0.01449	0.01405	0.02471	0.28138	0.41151	0.01492	0.08793	0.01863	0.01416	0.01946	0.01256	0.01795	0.01030	0.00626	0.00660	0.00205	0.00827	0.02265	0.00316	0.00894
47	0.01480	0.01441	0.02349	0.24652	0.41990	0.03984	0.04823	0.01865	0.01420	0.01931	0.01292	0.01906	0.01097	0.00674	0.00700	0.00207	0.02983	0.03994	0.00324	0.00887
48	0.01927	0.01841	0.02127	0.12953	0.10613	0.18312	0.10693	0.17601	0.04788	0.05936	0.01681	0.01862	0.05270	0.00733	0.00654	0.00197	0.00856	0.00622	0.00446	0.00887
49	0.01554	0.01604	0.05484	0.16118	0.43209	0.05659	0.04764	0.05217	0.01533	0.02067	0.01522	0.01862	0.05212	0.00666	0.00649	0.00198	0.00800	0.00617	0.00345	0.00919
50	0.05942	0.01772	0.06235	0.05402	0.24348	0.08859	0.01478	0.23090	0.03784	0.06159	0.05538	0.01742	0.01339	0.00714	0.00631	0.00194	0.00748	0.00586	0.00475	0.00965

[dist]
# distance from previous block
# <min> <max>
8	21

[block]
# block no. 1 follows, 34 sequences, length 39
# corresponding to MSA columns:
# 73-111
name=unknown_B
#
# <colnr> <probs for GDERKNQSTAVLIFYWHMCP>
#	G	D	E	R	K	N	Q	S	T	A	V	L	I	F	Y	W	H	M	C	P
0	0.04193	0.07037	0.07277	0.03359	0.01843	0.13702	0.01191	0.19461	0.06002	0.08894	0.03633	0.03298	0.01376	0.04273	0.06285	0.00277	0.05949	0.00602	0.00482	0.00865
1	0.04944	0.06547	0.06891	0.01872	0.14081	0.09637	0.07115	0.08089	0.03350	0.08336	0.01810	0.07994	0.03402	0.00878	0.00710	0.00204	0.03869	0.05605	0.00448	0.04219
2	0.05916	0.04297	0.09739	0.02127	0.15747	0.10364	0.13552	0.11457	0.03413	0.02325	0.03574	0.01589	0.01134	0.00665	0.00699	0.00191	0.04660	0.00567	0.00390	0.07593
3	0.01276	0.01026	0.04287	0.05229	0.05723	0.00954	0.02738	0.01638	0.06241	0.09809	0.11592	0.13497	0.13770	0.04627	0.06249	0.00291	0.04452	0.00983	0.00531	0.05088
4	0.01633	0.01620	0.06390	0.08602	0.46966	0.04495	0.01749	0.06039	0.01570	0.04209	0.03381	0.01666	0.01158	0.00619	0.00628	0.00186	0.00756	0.00568	0.00365	0.07400
5	0.01484	0.03796	0.02435	0.03665	0.07980	0.03901	0.15325	0.01735	0.01176	0.01705	0.00982	0.01483	0.00888	0.00928	0.01603	0.00253	0.49000	0.00595	0.00296	0.00771
6	0.01597	0.13290	0.09791	0.14375	0.05315	0.01471	0.03495	0.08023	0.03370	0.06764	0.01284	0.01488	0.00990	0.00597	0.00559	0.00161	0.00687	0.00485	0.00391	0.25868
7	0.11022	0.09724	0.01891	0.04582	0.01986	0.52313	0.01196	0.06682	0.01755	0.01879	0.01019	0.01188	0.00835	0.00654	0.00553	0.00171	0.01007	0.00419	0.00353	0.00772
8	0.00923	0.00692	0.01038	0.01038	0.01154	0.00808	0.00808	0.01154	0.01038	0.01500	0.01731	0.02538	0.01615	0.04846	0.74732	0.01038	0.01731	0.00692	0.00346	0.00577
9	0.01393	0.01329	0.02269	0.45968	0.22652	0.01500	0.07780	0.03711	0.03511	0.01907	0.01235	0.01707	0.00955	0.00629	0.00655	0.00209	0.00841	0.00596	0.00320	0.00832
10	0.01674	0.04231	0.08375	0.18938	0.09281	0.07190	0.07921	0.08111	0.17240	0.06200	0.03357	0.01856	0.01316	0.00713	0.00646	0.00204	0.00779	0.00618	0.00447	0.00905
11	0.00845	0.00699	0.00746	0.00726	0.00940	0.00621	0.00547	0.01136	0.05706	0.01978	0.20165	0.05704	0.54857	0.01526	0.00757	0.00215	0.00333	0.01286	0.00627	0.00587
12	0.02223	0.02628	0.01822	0.01760	0.06899	0.55086	0.01270	0.07333	0.06736	0.01891	0.01308	0.01669	0.01113	0.00748	0.00614	0.00182	0.01027	0.04494	0.00392	0.00803
13	0.01643	0.01524	0.02563	0.05794	0.63240	0.01537	0.04158	0.04075	0.03365	0.03950	0.01296	0.01642	0.01059	0.00596	0.00645	0.00194	0.00767	0.00588	0.00349	0.01014
14	0.02307	0.02851	0.01845	0.08404	0.02221	0.65012	0.01297	0.05336	0.01832	0.01691	0.01035	0.01232	0.00846	0.00669	0.00591	0.00172	0.01119	0.00437	0.00342	0.00761
15	0.02550	0.01659	0.01846	0.01415	0.01928	0.01780	0.01169	0.56660	0.02785	0.18876	0.01763	0.01689	0.01205	0.00781	0.00647	0.00195	0.00677	0.00596	0.00679	0.01099
16	0.01502	0.01436	0.02448	0.22299	0.55685	0.01510	0.01935	0.01898	0.01425	0.01993	0.01198	0.01631	0.00982	0.00594	0.00641	0.00198	0.00792	0.00575	0.00311	0.00945
17	0.03607	0.01155	0.03617	0.01319	0.08424	0.05288	0.03161	0.07165	0.03828	0.04085	0.25239	0.04023	0.21919	0.01169	0.00714	0.00207	0.00514	0.03261	0.00577	0.00727
18	0.02548	0.01288	0.04428	0.01214	0.01703	0.01150	0.01028	0.13865	0.05930	0.50829	0.02531	0.04151	0.04561	0.00859	0.00657	0.00203	0.00576	0.00697	0.00733	0.01051
19	0.00822	0.00582	0.00767	0.00902	0.00944	0.00552	0.00612	0.00937	0.01226	0.01630	0.03395	0.64243	0.04036	0.09666	0.01081	0.00302	0.00417	0.06792	0.00578	0.00517
20	0.01561	0.01502	0.02396	0.17845	0.50171	0.03588	0.01859	0.04163	0.01462	0.02029	0.01181	0.01597	0.00976	0.00639	0.00747	0.00202	0.06254	0.00570	0.00322	0.00935
21	0.01772	0.12337	0.37308	0.01698	0.02396	0.19185	0.05863	0.02258	0.01522	0.08105	0.01218	0.01370	0.00901	0.00631	0.00593	0.00187	0.00945	0.00478	0.00337	0.00897
22	0.00925	0.00684	0.00997	0.00997	0.01098	0.00785	0.00756	0.01127	0.01026	0.01469	0.01769	0.02748	0.01706	0.13824	0.65878	0.00987	0.01594	0.00723	0.00352	0.00554
23	0.00771	0.00653	0.00657	0.00657	0.00866	0.00549	0.00487	0.00928	0.01450	0.01725	0.06357	0.06135	0.70047	0.04798	0.00869	0.00235	0.00340	0.01346	0.00591	0.00539
24	0.02039	0.02358	0.01719	0.01599	0.04701	0.46947	0.03468	0.04394	0.10704	0.01944	0.05653	0.01819	0.03675	0.00762	0.00611	0.00180	0.00923	0.00564	0.05156	0.00785
25	0.08785	0.08351	0.02075	0.09258	0.22984	0.10306	0.01406	0.13385	0.11190	0.02424	0.01391	0.01581	0.01093	0.00670	0.00592	0.00190	0.00740	0.00539	0.02119	0.00920
26	0.01736	0.01085	0.01102	0.00949	0.01233	0.04767	0.00747	0.19532	0.01854	0.09789	0.02013	0.05220	0.01575	0.00812	0.00543	0.00172	0.00478	0.00644	0.44965	0.00783
27	0.01526	0.01629	0.05277	0.28634	0.35026	0.08752	0.03617	0.01916	0.01425	0.01875	0.01158	0.01587	0.00932	0.00629	0.00688	0.00202	0.03387	0.00560	0.00307	0.00872
28	0.01647	0.01467	0.01962	0.08374	0.24086	0.07692	0.05013	0.10426	0.05782	0.05871	0.03882	0.08791	0.05797	0.00900	0.00738	0.00209	0.03865	0.02164	0.00459	0.00874
29	0.02593	0.01637	0.01631	0.01316	0.01768	0.16063	0.01057	0.16448	0.04999	0.40022	0.04393	0.01959	0.01511	0.00789	0.00640	0.00193	0.00696	0.00610	0.00666	0.01009
30	0.04174	0.01268	0.01417	0.03150	0.01614	0.04282	0.00949	0.18499	0.11455	0.21613	0.16661	0.02545	0.02387	0.00894	0.00650	0.00197	0.00548	0.00729	0.06049	0.00919
31	0.03629	0.03875	0.04962	0.19727	0.13942	0.03805	0.11478	0.10625	0.01658	0.08690	0.04406	0.07326	0.01456	0.00775	0.00663	0.00206	0.00773	0.00705	0.00433	0.00866
32	0.01544	0.04089	0.04513	0.17930	0.32509	0.06037	0.12682	0.03687	0.01474	0.01973	0.01248	0.01728	0.01027	0.00749	0.02698	0.00225	0.02736	0.01940	0.00326	0.00885
33	0.02386	0.01007	0.01297	0.01041	0.01453	0.00911	0.00845	0.02750	0.06542	0.52120	0.04917	0.02499	0.04745	0.00849	0.00627	0.00194	0.00490	0.00694	0.13659	0.00976
34	0.01338	0.01326	0.04338	0.16562	0.37064	0.03087	0.01593	0.01668	0.01382	0.01887	0.01848	0.17261	0.04065	0.00941	0.00719	0.00214	0.02645	0.00854	0.00379	0.00830
35	0.03848	0.01453	0.02207	0.22177	0.36266	0.04557	0.03623	0.05797	0.01496	0.02053	0.01497	0.01862	0.05196	0.00699	0.00716	0.00204	0.04508	0.00614	0.00348	0.00878
36	0.00943	0.00726	0.00797	0.00790	0.00993	0.00660	0.00586	0.03932	0.04474	0.04025	0.09362	0.20109	0.47053	0.01606	0.00764	0.00225	0.00365	0.01370	0.00617	0.00604
37	0.04986	0.01053	0.01353	0.01069	0.01513	0.00938	0.00874	0.05556	0.01818	0.55454	0.05323	0.02825	0.12428	0.00935	0.00662	0.00203	0.00514	0.00761	0.00748	0.00988
38	0.01654	0.01559	0.01928	0.08353	0.10562	0.09803	0.03690	0.15246	0.01602	0.02139	0.01305	0.04734	0.01155	0.01357	0.09836	0.00322	0.22932	0.00628	0.00386	0.00810

[dist]
# distance from previous block
# <min> <max>
0	6

[block]
# block no. 2 follows, 34 sequences, length 18
# corresponding to MSA columns:
# 118-135
name=unknown_C
#
# <colnr> <probs for GDERKNQSTAVLIFYWHMCP>
#	G	D	E	R	K	N	Q	S	T	A	V	L	I	F	Y	W	H	M	C	P
0	0.01533	0.16555	0.43595	0.04392	0.09122	0.05258	0.01962	0.06719	0.01498	0.02058	0.01136	0.01342	0.00861	0.00614	0.00582	0.00189	0.00880	0.00470	0.00307	0.00930
1	0.01562	0.01706	0.04844	0.04795	0.22419	0.14103	0.11861	0.03396	0.01478	0.01910	0.01550	0.14096	0.01497	0.00884	0.00809	0.00209	0.07753	0.00775	0.00373	0.03979
2	0.08928	0.05381	0.02228	0.06681	0.39484	0.14698	0.01585	0.04214	0.01561	0.07489	0.01240	0.01496	0.00988	0.00620	0.00599	0.00187	0.00799	0.00522	0.00371	0.00928
3	0.00798	0.00619	0.00695	0.00746	0.00870	0.00551	0.00513	0.00920	0.01312	0.01639	0.04851	0.30040	0.38954	0.13102	0.01163	0.00294	0.00388	0.01462	0.00569	0.00515
4	0.05157	0.01518	0.05525	0.01712	0.11621	0.05267	0.03781	0.07791	0.28788	0.04057	0.02198	0.06062	0.05188	0.01092	0.04622	0.00256	0.03206	0.00732	0.00517	0.00909
5	0.06111	0.24584	0.09273	0.01500	0.05536	0.17142	0.01273	0.06757	0.17763	0.02120	0.01399	0.01473	0.01111	0.00674	0.00550	0.00179	0.00770	0.00488	0.00407	0.00889
6	0.01372	0.01297	0.02241	0.42056	0.29637	0.01444	0.05466	0.01760	0.01351	0.01819	0.01180	0.01689	0.00939	0.00686	0.00733	0.03800	0.00825	0.00584	0.00301	0.00819
7	0.01685	0.14345	0.25185	0.01779	0.09305	0.06698	0.04906	0.05874	0.08290	0.08306	0.01507	0.04353	0.01194	0.00828	0.02799	0.00218	0.00826	0.00577	0.00402	0.00923
8	0.05123	0.08632	0.23719	0.01620	0.02219	0.06173	0.12005	0.04311	0.10541	0.08681	0.01865	0.02151	0.04979	0.00772	0.00640	0.00205	0.00793	0.04245	0.00433	0.00893
9	0.00803	0.00577	0.00754	0.00876	0.00929	0.00537	0.00589	0.00930	0.01287	0.01720	0.09626	0.65285	0.06992	0.04687	0.00907	0.00269	0.00376	0.01728	0.00602	0.00528
10	0.01584	0.04216	0.17891	0.01564	0.05677	0.14194	0.03703	0.12282	0.03415	0.02102	0.01702	0.08049	0.03209	0.09043	0.08226	0.00325	0.00911	0.00701	0.00408	0.00799
11	0.03363	0.14358	0.22637	0.04356	0.10357	0.05233	0.04380	0.05080	0.09157	0.04874	0.01381	0.03349	0.01105	0.00719	0.00720	0.00200	0.06897	0.00555	0.00374	0.00904
12	0.01097	0.00842	0.01177	0.01112	0.01230	0.00995	0.00870	0.01352	0.03376	0.04511	0.07117	0.04902	0.04670	0.06924	0.43313	0.00716	0.13985	0.00776	0.00409	0.00625
13	0.00807	0.00588	0.00766	0.00900	0.00966	0.00547	0.00628	0.00942	0.01284	0.01685	0.03865	0.63166	0.11510	0.01962	0.00824	0.00261	0.00389	0.07776	0.00599	0.00533
14	0.01424	0.02013	0.23175	0.04168	0.18465	0.01461	0.23788	0.04660	0.01490	0.02096	0.01500	0.09923	0.01311	0.00747	0.00692	0.00212	0.00880	0.00747	0.00352	0.00896
15	0.01613	0.02454	0.34800	0.02078	0.14890	0.08844	0.04558	0.07677	0.03493	0.05624	0.01602	0.03785	0.04252	0.00723	0.00639	0.00201	0.00853	0.00600	0.00379	0.00933
16	0.01748	0.02162	0.11623	0.02647	0.31194	0.20882	0.03575	0.02147	0.04105	0.01909	0.01157	0.01463	0.00957	0.00689	0.00823	0.00201	0.10967	0.00530	0.00325	0.00896
17	0.01505	0.11000	0.15447	0.01641	0.01948	0.08572	0.04227	0.01792	0.01207	0.01684	0.01004	0.01410	0.00889	0.01008	0.03687	0.00258	0.39077	0.00522	0.02351	0.00771

[dist]
# distance from previous block
# <min> <max>
0	1

[block]
# block no. 3 follows, 34 sequences, length 34
# corresponding to MSA columns:
# 137-170
name=unknown_D
#
# <colnr> <probs for GDERKNQSTAVLIFYWHMCP>
#	G	D	E	R	K	N	Q	S	T	A	V	L	I	F	Y	W	H	M	C	P
0	0.01529	0.01254	0.01827	0.01678	0.11839	0.01151	0.10244	0.05794	0.07277	0.07619	0.05379	0.06992	0.01626	0.00862	0.02952	0.00195	0.00644	0.00670	0.00466	0.30000
1	0.01609	0.28228	0.22568	0.01500	0.02103	0.01788	0.08367	0.02129	0.06931	0.08420	0.01418	0.03840	0.01145	0.00878	0.04045	0.00226	0.02997	0.00550	0.00372	0.00884
2	0.00800	0.00613	0.00734	0.00794	0.00918	0.00547	0.00561	0.00965	0.01426	0.01846	0.16536	0.38345	0.30070	0.01760	0.00791	0.00236	0.00345	0.01547	0.00619	0.00547
3	0.00983	0.00655	0.00960	0.04277	0.01155	0.00712	0.00730	0.01043	0.01026	0.01412	0.01839	0.11928	0.01900	0.08935	0.33054	0.24261	0.01057	0.03228	0.00368	0.00477
4	0.01769	0.11486	0.24217	0.02050	0.15717	0.13327	0.03838	0.10756	0.01700	0.04320	0.04022	0.01533	0.01131	0.00659	0.00605	0.00187	0.00857	0.00525	0.00373	0.00926
5	0.02143	0.05257	0.06082	0.04541	0.10474	0.09987	0.09253	0.33343	0.02234	0.08241	0.01433	0.01557	0.01049	0.00693	0.00640	0.00193	0.00817	0.00572	0.00500	0.00992
6	0.00789	0.00573	0.00745	0.00876	0.00933	0.00529	0.00591	0.00912	0.01276	0.01687	0.05997	0.68628	0.10142	0.01969	0.00818	0.00257	0.00369	0.01776	0.00603	0.00529
7	0.01304	0.01113	0.01298	0.00941	0.01487	0.00841	0.00750	0.01586	0.01361	0.02107	0.03656	0.01643	0.03947	0.00551	0.00499	0.00104	0.00467	0.00446	0.00402	0.75498
8	0.01564	0.04490	0.04224	0.21581	0.18657	0.11186	0.11740	0.01950	0.02874	0.01817	0.01142	0.01557	0.00930	0.00695	0.00877	0.00212	0.12793	0.00572	0.00312	0.00827
9	0.00926	0.00681	0.00983	0.00983	0.01079	0.00777	0.00738	0.01118	0.01022	0.01459	0.01782	0.02820	0.01737	0.16907	0.62838	0.00970	0.01547	0.00733	0.00354	0.00546
10	0.03746	0.34074	0.24348	0.01736	0.11369	0.05824	0.01599	0.05192	0.01462	0.01938	0.02650	0.01324	0.00977	0.00609	0.00531	0.00172	0.00793	0.00448	0.00314	0.00893
11	0.05519	0.03273	0.04201	0.06066	0.24473	0.03629	0.13336	0.09159	0.15426	0.02385	0.01755	0.01940	0.04500	0.00706	0.00652	0.00203	0.00753	0.00652	0.00433	0.00938
12	0.00928	0.00637	0.00747	0.00745	0.00775	0.00643	0.00453	0.00974	0.01009	0.01354	0.04737	0.04150	0.05928	0.62305	0.11468	0.00639	0.00730	0.00940	0.00408	0.00429
13	0.01217	0.01302	0.11526	0.07090	0.10530	0.01061	0.03293	0.08725	0.01620	0.02243	0.18299	0.24886	0.03121	0.01211	0.00724	0.00220	0.00581	0.01082	0.00519	0.00750
14	0.01581	0.01229	0.01520	0.01101	0.01668	0.01004	0.04067	0.07804	0.01540	0.08530	0.01313	0.01452	0.01027	0.00535	0.00521	0.00119	0.00533	0.00441	0.00439	0.63575
15	0.01055	0.00764	0.01047	0.01183	0.01336	0.00773	0.01021	0.01413	0.04627	0.01955	0.03392	0.10132	0.03665	0.01755	0.00879	0.00292	0.00582	0.62919	0.00598	0.00611
16	0.01131	0.00987	0.01389	0.01271	0.01322	0.01276	0.01007	0.01294	0.01005	0.01490	0.01400	0.02290	0.01390	0.12904	0.34739	0.00666	0.32833	0.00672	0.00326	0.00607
17	0.01444	0.02666	0.46332	0.02247	0.14906	0.01550	0.09175	0.05171	0.06322	0.02194	0.01302	0.01523	0.00962	0.00625	0.00638	0.00204	0.00895	0.00545	0.00329	0.00969
18	0.01458	0.14157	0.40567	0.01959	0.10138	0.04523	0.07613	0.02088	0.05330	0.01984	0.01380	0.01571	0.03155	0.00643	0.00604	0.00194	0.00870	0.00531	0.00317	0.00919
19	0.00796	0.00575	0.00738	0.00864	0.00915	0.00534	0.00576	0.00905	0.01237	0.01631	0.03721	0.65570	0.10242	0.07199	0.00990	0.00284	0.00388	0.01733	0.00585	0.00517
20	0.01122	0.00561	0.00842	0.00842	0.00842	0.00561	0.00561	0.00842	0.00842	0.01122	0.01122	0.01964	0.01122	0.02245	0.02525	0.81201	0.00561	0.00561	0.00281	0.00281
21	0.01010	0.00717	0.00917	0.00865	0.01043	0.00676	0.03348	0.03545	0.01608	0.02291	0.30459	0.14644	0.15410	0.01322	0.00708	0.00206	0.00371	0.03220	0.17030	0.00612
22	0.29456	0.04521	0.04137	0.01373	0.04235	0.27800	0.01077	0.09476	0.01619	0.02377	0.01047	0.01200	0.00832	0.00630	0.00515	0.00176	0.00791	0.00414	0.00389	0.07935
23	0.00923	0.00692	0.01038	0.01038	0.01154	0.00808	0.00808	0.01154	0.01038	0.01500	0.01731	0.02538	0.01615	0.04846	0.74732	0.01038	0.01731	0.00692	0.00346	0.00577
24	0.00928	0.00697	0.00832	0.00869	0.01062	0.00631	0.00705	0.01156	0.01528	0.03630	0.13079	0.06328	0.39735	0.01631	0.00805	0.00243	0.00422	0.24523	0.00616	0.00583
25	0.01394	0.01342	0.02330	0.32005	0.36154	0.01443	0.07289	0.01794	0.01396	0.01900	0.01415	0.04451	0.02895	0.00679	0.00662	0.00206	0.00805	0.00655	0.00325	0.00861
26	0.01362	0.14783	0.63086	0.01728	0.02621	0.01663	0.02190	0.02029	0.01356	0.01965	0.01119	0.01314	0.00820	0.00604	0.00583	0.00194	0.00914	0.00457	0.00273	0.00936
27	0.00854	0.00640	0.00801	0.00885	0.00989	0.00603	0.00630	0.01092	0.04650	0.01862	0.13660	0.47838	0.15429	0.01796	0.00803	0.00247	0.00377	0.05659	0.00618	0.00567
28	0.00787	0.00562	0.00750	0.00900	0.00937	0.00525	0.00600	0.00900	0.01237	0.01649	0.03561	0.76871	0.04274	0.02024	0.00825	0.00262	0.00375	0.01837	0.00600	0.00525
29	0.18602	0.11573	0.04400	0.01433	0.01832	0.46787	0.01159	0.03925	0.01630	0.01919	0.00985	0.01142	0.00810	0.00639	0.00528	0.00172	0.00954	0.00400	0.00345	0.00764
30	0.00789	0.00639	0.00691	0.00710	0.00884	0.00552	0.00515	0.00951	0.01446	0.01788	0.12142	0.17091	0.52741	0.05043	0.00886	0.00242	0.00346	0.01401	0.00601	0.00541
31	0.04425	0.03924	0.03612	0.01339	0.07384	0.03335	0.01008	0.07320	0.10838	0.04960	0.01410	0.01525	0.01110	0.00589	0.00536	0.00141	0.00567	0.00470	0.00442	0.45063
32	0.01671	0.10484	0.09228	0.01623	0.10988	0.01325	0.04845	0.02126	0.07835	0.16634	0.06864	0.07319	0.01824	0.03221	0.04014	0.00245	0.02973	0.00712	0.00492	0.05578
33	0.07227	0.10842	0.12701	0.05094	0.07675	0.17144	0.05343	0.06670	0.06283	0.02108	0.01362	0.01533	0.02960	0.00653	0.00575	0.00177	0.00810	0.00507	0.00374	0.09961

[dist]
# distance from previous block
# <min> <max>
0	7

[block]
# block no. 4 follows, 34 sequences, length 6
# corresponding to MSA columns:
# 178-183
name=unknown_E
#
# <colnr> <probs for GDERKNQSTAVLIFYWHMCP>
#	G	D	E	R	K	N	Q	S	T	A	V	L	I	F	Y	W	H	M	C	P
0	0.03835	0.01514	0.05730	0.09313	0.35810	0.05427	0.03133	0.03446	0.01483	0.04911	0.01691	0.07035	0.05076	0.00751	0.00637	0.00192	0.00720	0.00675	0.00384	0.08236
1	0.01242	0.00821	0.01116	0.01258	0.09925	0.00757	0.00782	0.01410	0.01341	0.11144	0.06500	0.29961	0.06837	0.16201	0.01226	0.00298	0.00497	0.01175	0.00540	0.06969
2	0.05057	0.01805	0.02058	0.02120	0.18920	0.16123	0.07092	0.10486	0.13964	0.06470	0.01511	0.01652	0.01165	0.00697	0.00683	0.00193	0.03737	0.00572	0.00453	0.05245
3	0.01003	0.00734	0.00853	0.00817	0.01039	0.00634	0.00613	0.01183	0.01408	0.05473	0.07991	0.15334	0.33086	0.09024	0.00992	0.00255	0.00419	0.07457	0.00566	0.11117
4	0.02312	0.02753	0.01792	0.01604	0.01957	0.59120	0.01217	0.08366	0.11120	0.01934	0.01258	0.01360	0.01003	0.00702	0.00598	0.00176	0.01042	0.00471	0.00401	0.00814
5	0.50802	0.01541	0.10728	0.03385	0.01696	0.01426	0.03554	0.05678	0.03241	0.05538	0.01196	0.03603	0.00943	0.00666	0.00495	0.00200	0.00601	0.00470	0.00419	0.03820

[dist]
# distance from previous block
# <min> <max>
0	1

[block]
# block no. 5 follows, 34 sequences, length 72
# corresponding to MSA columns:
# 185-256
name=unknown_F
#
# <colnr> <probs for GDERKNQSTAVLIFYWHMCP>
#	G	D	E	R	K	N	Q	S	T	A	V	L	I	F	Y	W	H	M	C	P
0	0.02061	0.01802	0.04745	0.01724	0.02243	0.07315	0.16660	0.32177	0.10199	0.07355	0.01678	0.01885	0.01257	0.00750	0.00672	0.00202	0.00796	0.02948	0.00541	0.02992
1	0.02175	0.01838	0.02045	0.01628	0.02083	0.17485	0.13023	0.22458	0.07867	0.14308	0.03609	0.03610	0.01446	0.00794	0.00667	0.00200	0.00811	0.02466	0.00549	0.00938
2	0.02627	0.01210	0.01525	0.01196	0.01674	0.01148	0.00979	0.12153	0.09650	0.54247	0.02561	0.02273	0.04005	0.00833	0.00654	0.00202	0.00560	0.00674	0.00757	0.01072
3	0.00794	0.00567	0.00758	0.00908	0.00949	0.00531	0.00612	0.00912	0.01244	0.01658	0.03557	0.74878	0.04258	0.02017	0.00827	0.00263	0.00381	0.03758	0.00600	0.00527
4	0.01094	0.00896	0.01337	0.01234	0.01446	0.00885	0.10071	0.03729	0.08199	0.02088	0.14352	0.27124	0.05718	0.03577	0.00865	0.00257	0.00533	0.15353	0.00582	0.00662
5	0.01599	0.01535	0.02623	0.03966	0.73262	0.01535	0.01983	0.01983	0.01471	0.02111	0.01215	0.01599	0.01023	0.00576	0.00640	0.00192	0.00768	0.00576	0.00320	0.01023
6	0.00787	0.00562	0.00750	0.00900	0.00937	0.00525	0.00600	0.00900	0.01237	0.01649	0.03561	0.76871	0.04274	0.02024	0.00825	0.00262	0.00375	0.01837	0.00600	0.00525
7	0.02456	0.01810	0.01939	0.01487	0.02004	0.02004	0.01228	0.71107	0.03038	0.04072	0.01551	0.01551	0.01099	0.00776	0.00646	0.00194	0.00711	0.00582	0.00646	0.01099
8	0.01041	0.00744	0.01041	0.01190	0.01339	0.00744	0.01041	0.01339	0.01487	0.01934	0.03421	0.07288	0.03719	0.01785	0.00892	0.00297	0.00595	0.68913	0.00595	0.00595
9	0.02899	0.01100	0.01499	0.01150	0.01649	0.00950	0.00950	0.03149	0.01849	0.73709	0.02549	0.02199	0.01599	0.00800	0.00650	0.00200	0.00550	0.00650	0.00800	0.01100
10	0.01697	0.72437	0.08363	0.01158	0.01739	0.02482	0.01196	0.01943	0.01316	0.01557	0.00917	0.01060	0.00828	0.00557	0.00429	0.00143	0.00710	0.00355	0.00276	0.00838
11	0.00924	0.00689	0.01021	0.01021	0.01131	0.00798	0.00786	0.01143	0.01033	0.01487	0.01746	0.02626	0.01653	0.08589	0.71041	0.01017	0.01674	0.00705	0.00348	0.00567
12	0.02414	0.03079	0.01831	0.01665	0.01998	0.74698	0.01248	0.02580	0.01831	0.01581	0.00999	0.01165	0.00832	0.00666	0.00583	0.00166	0.01165	0.00416	0.00333	0.00749
13	0.81856	0.01250	0.00950	0.00850	0.01250	0.01449	0.00700	0.01899	0.01100	0.02899	0.00900	0.01050	0.00700	0.00600	0.00400	0.00200	0.00500	0.00350	0.00400	0.00700
14	0.02270	0.01084	0.01302	0.01043	0.01435	0.01051	0.00847	0.16314	0.01931	0.36960	0.02207	0.02136	0.01517	0.00780	0.00586	0.00183	0.00503	0.00621	0.26289	0.00941
15	0.01101	0.00822	0.01143	0.01413	0.12977	0.00799	0.00853	0.04427	0.01384	0.04289	0.05367	0.40634	0.07102	0.10982	0.01083	0.00287	0.00495	0.03656	0.00540	0.00643
16	0.00783	0.00578	0.00734	0.00859	0.00927	0.00528	0.00582	0.00904	0.01276	0.01665	0.04053	0.65231	0.15596	0.01960	0.00815	0.00255	0.00367	0.01759	0.00600	0.00528
17	0.01581	0.01554	0.02175	0.20454	0.35789	0.08659	0.01691	0.04104	0.07159	0.02043	0.03698	0.01749	0.01206	0.00685	0.00718	0.00202	0.04684	0.00592	0.00361	0.00895
18	0.00914	0.00660	0.00864	0.00813	0.00965	0.00610	0.00610	0.01219	0.01829	0.02591	0.72921	0.04827	0.06097	0.01321	0.00762	0.00203	0.00305	0.01169	0.00711	0.00610
19	0.01803	0.01267	0.01416	0.01196	0.01567	0.01357	0.00950	0.19015	0.28308	0.12663	0.15181	0.02882	0.07586	0.00976	0.00680	0.00208	0.00514	0.00808	0.00680	0.00943
20	0.01697	0.01647	0.02463	0.06858	0.57442	0.07010	0.01848	0.06869	0.01584	0.02170	0.01208	0.01563	0.01001	0.00618	0.00684	0.00194	0.03253	0.00564	0.00341	0.00984
21	0.02414	0.01769	0.01894	0.01457	0.01961	0.01956	0.01202	0.68748	0.02981	0.04016	0.01570	0.01580	0.01118	0.00775	0.00640	0.00192	0.00697	0.00582	0.03366	0.01082
22	0.01375	0.01284	0.02126	0.32936	0.31928	0.01395	0.03715	0.03897	0.01468	0.01983	0.05418	0.02140	0.06124	0.00722	0.00661	0.00205	0.00759	0.00666	0.00357	0.00841
23	0.02414	0.03079	0.01831	0.01665	0.01998	0.74698	0.01248	0.02580	0.01831	0.01581	0.00999	0.01165	0.00832	0.00666	0.00583	0.00166	0.01165	0.00416	0.00333	0.00749
24	0.01786	0.01450	0.04296	0.07738	0.41231	0.01440	0.01657	0.02187	0.04136	0.15650	0.01479	0.01719	0.01133	0.00686	0.00779	0.00202	0.07934	0.00586	0.00419	0.03493
25	0.02281	0.05292	0.01822	0.01568	0.01921	0.57475	0.01198	0.07846	0.08766	0.01902	0.01228	0.01347	0.00987	0.00693	0.00585	0.00172	0.01026	0.00462	0.02627	0.00801
26	0.00922	0.00690	0.00958	0.01050	0.01163	0.00668	0.02802	0.01173	0.03766	0.01821	0.05601	0.44974	0.06317	0.01830	0.00835	0.00268	0.00468	0.23520	0.00596	0.00578
27	0.00915	0.00852	0.05264	0.02741	0.01125	0.00683	0.00689	0.01225	0.03690	0.02096	0.25224	0.04956	0.38751	0.01357	0.00721	0.00207	0.00376	0.01148	0.07364	0.00613
28	0.77752	0.01344	0.00995	0.00892	0.01288	0.05234	0.00728	0.01935	0.01137	0.02831	0.00905	0.01056	0.00707	0.00603	0.00409	0.00198	0.00534	0.00353	0.00396	0.00702
29	0.00895	0.00756	0.00903	0.01041	0.07392	0.00684	0.00699	0.01142	0.03680	0.01847	0.07934	0.11805	0.50271	0.01552	0.00765	0.00226	0.00397	0.06823	0.00581	0.00608
30	0.04528	0.02480	0.37770	0.04768	0.07108	0.03742	0.18010	0.03947	0.05206	0.04392	0.01314	0.01548	0.00959	0.00622	0.00646	0.00206	0.00918	0.00568	0.00342	0.00927
31	0.81856	0.01250	0.00950	0.00850	0.01250	0.01449	0.00700	0.01899	0.01100	0.02899	0.00900	0.01050	0.00700	0.00600	0.00400	0.00200	0.00500	0.00350	0.00400	0.00700
32	0.00764	0.00651	0.00658	0.00663	0.00875	0.00545	0.00495	0.00926	0.01464	0.01742	0.06441	0.08696	0.70589	0.01650	0.00766	0.00220	0.00329	0.01380	0.00600	0.00545
33	0.00900	0.00660	0.00843	0.00797	0.00956	0.00603	0.00598	0.01191	0.01794	0.02508	0.66429	0.04963	0.12640	0.01352	0.00762	0.00205	0.00307	0.01188	0.00700	0.00603
34	0.00801	0.00642	0.00716	0.00727	0.00903	0.00557	0.00534	0.00988	0.01516	0.01919	0.20887	0.16753	0.47533	0.01626	0.00773	0.00222	0.00330	0.01393	0.00625	0.00557
35	0.01122	0.00561	0.00842	0.00842	0.00842	0.00561	0.00561	0.00842	0.00842	0.01122	0.01122	0.01964	0.01122	0.02245	0.02525	0.81201	0.00561	0.00561	0.00281	0.00281
36	0.01727	0.77681	0.03386	0.01106	0.01658	0.02557	0.01106	0.01935	0.01313	0.01520	0.00898	0.01036	0.00829	0.00553	0.00415	0.00138	0.00691	0.00345	0.00276	0.00829
37	0.06267	0.01548	0.01747	0.01345	0.01851	0.01628	0.01111	0.45326	0.02553	0.27164	0.01853	0.01744	0.01247	0.00776	0.00636	0.00196	0.00648	0.00594	0.00686	0.01081
38	0.01525	0.01743	0.03813	0.02723	0.03377	0.01634	0.70915	0.02070	0.01525	0.02070	0.01307	0.01743	0.00980	0.00545	0.00763	0.00218	0.01089	0.00763	0.00327	0.00871
39	0.01593	0.01551	0.02715	0.03870	0.67852	0.01543	0.07318	0.01990	0.01475	0.02108	0.01222	0.01610	0.01020	0.00573	0.00649	0.00194	0.00793	0.00590	0.00320	0.01012
40	0.02120	0.07897	0.01858	0.01406	0.01797	0.18231	0.01123	0.35597	0.06108	0.02816	0.01502	0.03439	0.01249	0.08163	0.00927	0.00231	0.03532	0.00597	0.00508	0.00899
41	0.00940	0.00626	0.00705	0.00705	0.00705	0.00626	0.00392	0.00940	0.00940	0.01253	0.02036	0.04228	0.02349	0.77292	0.03289	0.00626	0.00626	0.00940	0.00392	0.00392
42	0.00778	0.00655	0.00674	0.00669	0.00881	0.00551	0.00502	0.00955	0.01506	0.01825	0.12782	0.06088	0.66713	0.01607	0.00764	0.00217	0.00325	0.01345	0.00610	0.00551
43	0.00930	0.00696	0.00892	0.00984	0.01144	0.00658	0.00814	0.01173	0.01484	0.01898	0.08946	0.12921	0.24014	0.01732	0.00841	0.00265	0.00479	0.38950	0.00605	0.00575
44	0.00845	0.00655	0.00753	0.00741	0.00923	0.00578	0.00557	0.01072	0.01607	0.02109	0.33353	0.08061	0.39552	0.01503	0.00761	0.00214	0.00326	0.03142	0.02674	0.00574
45	0.01393	0.01085	0.01192	0.05632	0.01524	0.01218	0.00871	0.02556	0.41201	0.02524	0.08802	0.02698	0.04316	0.00893	0.00616	0.00200	0.00455	0.00746	0.21234	0.00845
46	0.01510	0.01600	0.08512	0.18689	0.45897	0.01506	0.04424	0.04263	0.01477	0.02082	0.01235	0.01630	0.00989	0.00604	0.00639	0.00198	0.00801	0.00575	0.02432	0.00939
47	0.81856	0.01250	0.00950	0.00850	0.01250	0.01449	0.00700	0.01899	0.01100	0.02899	0.00900	0.01050	0.00700	0.00600	0.00400	0.00200	0.00500	0.00350	0.00400	0.00700
48	0.04064	0.01631	0.06114	0.11858	0.24153	0.07466	0.01509	0.06318	0.14515	0.04076	0.01542	0.03949	0.01246	0.00731	0.00694	0.00201	0.04062	0.00609	0.00420	0.04844
49	0.00821	0.00713	0.04129	0.00925	0.01035	0.00584	0.00690	0.00979	0.01288	0.01696	0.03852	0.60122	0.13492	0.01894	0.00810	0.00256	0.00406	0.05175	0.00584	0.00551
50	0.00964	0.00737	0.00907	0.00868	0.01050	0.00715	0.00664	0.01390	0.08587	0.02364	0.47281	0.04816	0.16445	0.01558	0.05039	0.00260	0.00426	0.04631	0.00660	0.00637
51	0.01727	0.77681	0.03386	0.01106	0.01658	0.02557	0.01106	0.01935	0.01313	0.01520	0.00898	0.01036	0.00829	0.00553	0.00415	0.00138	0.00691	0.00345	0.00276	0.00829
52	0.01492	0.08473	0.40837	0.03844	0.04827	0.03424	0.11359	0.02263	0.10793	0.04504	0.01399	0.01569	0.01029	0.00642	0.00626	0.00202	0.00877	0.00550	0.00353	0.00938
53	0.00795	0.00622	0.00721	0.00767	0.00910	0.00548	0.00548	0.00962	0.01443	0.01841	0.15646	0.31421	0.38021	0.01728	0.00785	0.00232	0.00341	0.01504	0.00617	0.00548
54	0.01599	0.01535	0.02623	0.03966	0.73262	0.01535	0.01983	0.01983	0.01471	0.02111	0.01215	0.01599	0.01023	0.00576	0.00640	0.00192	0.00768	0.00576	0.00320	0.01023
55	0.01120	0.00685	0.00713	0.00696	0.00878	0.00663	0.00523	0.05336	0.01492	0.02280	0.05780	0.08770	0.21039	0.01100	0.00584	0.00181	0.00337	0.00912	0.46300	0.00611
56	0.00765	0.00648	0.00661	0.00672	0.00877	0.00544	0.00499	0.00925	0.01456	0.01739	0.06333	0.11257	0.68098	0.01664	0.00768	0.00221	0.00331	0.01397	0.00600	0.00544
57	0.01340	0.01148	0.01340	0.00957	0.01531	0.00861	0.00766	0.01627	0.01340	0.02105	0.01148	0.01340	0.00957	0.00479	0.00479	0.00096	0.00479	0.00383	0.00383	0.81242
58	0.01599	0.01535	0.02623	0.03966	0.73262	0.01535	0.01983	0.01983	0.01471	0.02111	0.01215	0.01599	0.01023	0.00576	0.00640	0.00192	0.00768	0.00576	0.00320	0.01023
59	0.01601	0.01570	0.02600	0.08086	0.64327	0.03918	0.04460	0.01986	0.01474	0.02065	0.01208	0.01598	0.01006	0.00582	0.00643	0.00193	0.00798	0.00577	0.00319	0.00991
60	0.79382	0.01245	0.00967	0.00859	0.01262	0.01434	0.00708	0.01938	0.01123	0.05118	0.00951	0.01086	0.00728	0.00606	0.00408	0.00200	0.00501	0.00359	0.00412	0.00712
61	0.01751	0.01436	0.01525	0.01333	0.01722	0.01643	0.01048	0.12322	0.61243	0.04676	0.02486	0.02292	0.01848	0.00861	0.00656	0.00215	0.00539	0.00709	0.00660	0.01035
62	0.01052	0.00756	0.00920	0.00860	0.01059	0.00721	0.00651	0.01491	0.09412	0.05713	0.48726	0.07124	0.16387	0.01324	0.00748	0.00209	0.00345	0.01152	0.00687	0.00664
63	0.00940	0.00626	0.00705	0.00705	0.00705	0.00626	0.00392	0.00940	0.00940	0.01253	0.02036	0.04228	0.02349	0.77292	0.03289	0.00626	0.00626	0.00940	0.00392	0.00392
64	0.06598	0.09354	0.05886	0.01662	0.05696	0.16224	0.09519	0.07697	0.17341	0.11222	0.01637	0.01682	0.01220	0.00701	0.00611	0.00193	0.00784	0.00569	0.00480	0.00924
65	0.00926	0.00621	0.00709	0.00722	0.00725	0.00618	0.00409	0.00936	0.00965	0.01287	0.02167	0.10490	0.02515	0.70804	0.03076	0.00595	0.00605	0.01017	0.00409	0.00403
66	0.01312	0.03232	0.69103	0.01902	0.02837	0.01510	0.07118	0.02048	0.01375	0.02048	0.01170	0.01390	0.00830	0.00609	0.00624	0.00206	0.00964	0.00497	0.00277	0.00949
67	0.00818	0.00654	0.00731	0.00717	0.00907	0.00568	0.00536	0.01030	0.01592	0.02042	0.29945	0.07610	0.47501	0.01535	0.00765	0.00214	0.00321	0.01307	0.00639	0.00568
68	0.01373	0.01168	0.01358	0.00973	0.01545	0.00895	0.00779	0.03705	0.01391	0.02164	0.01160	0.01346	0.00961	0.00487	0.00484	0.00099	0.00485	0.00389	0.00391	0.78845
69	0.00812	0.00633	0.00737	0.00761	0.00915	0.00558	0.00552	0.01002	0.01512	0.01957	0.24324	0.23772	0.36862	0.01647	0.00779	0.00225	0.00333	0.01429	0.00631	0.00558
70	0.02242	0.04747	0.07051	0.01744	0.05714	0.51764	0.01351	0.10705	0.05151	0.01989	0.01160	0.01302	0.00925	0.00677	0.00594	0.00175	0.01033	0.00461	0.00379	0.00834
71	0.09512	0.44732	0.19190	0.01384	0.05183	0.02056	0.01391	0.02037	0.01346	0.06437	0.01079	0.01214	0.00873	0.00588	0.00484	0.00166	0.00727	0.00406	0.00323	0.00872

[dist]
# distance from previous block
# <min> <max>
0	2

[block]
# block no. 6 follows, 34 sequences, length 38
# corresponding to MSA columns:
# 259-296
name=unknown_G
#
# <colnr> <probs for GDERKNQSTAVLIFYWHMCP>
#	G	D	E	R	K	N	Q	S	T	A	V	L	I	F	Y	W	H	M	C	P
0	0.01625	0.30275	0.32021	0.01586	0.04827	0.01971	0.01686	0.10756	0.03554	0.02115	0.01147	0.01307	0.00899	0.00634	0.00593	0.00181	0.03108	0.00456	0.00334	0.00924
1	0.01598	0.29540	0.24936	0.04690	0.02191	0.01902	0.03877	0.10781	0.05579	0.02091	0.01251	0.01492	0.01008	0.03396	0.02897	0.00221	0.00816	0.00494	0.00352	0.00888
2	0.02643	0.01180	0.01526	0.01171	0.01668	0.01068	0.00963	0.11369	0.01926	0.56430	0.02274	0.02052	0.01480	0.00891	0.02883	0.00215	0.00599	0.00619	0.00729	0.08316
3	0.00787	0.00562	0.00750	0.00900	0.00937	0.00525	0.00600	0.00900	0.01237	0.01649	0.03561	0.76871	0.04274	0.02024	0.00825	0.00262	0.00375	0.01837	0.00600	0.00525
4	0.01520	0.01550	0.04969	0.10019	0.02987	0.01448	0.44334	0.05567	0.01554	0.05698	0.01589	0.09520	0.01341	0.00733	0.00729	0.00215	0.00915	0.00815	0.00392	0.04103
5	0.00925	0.00686	0.01004	0.01004	0.01108	0.00789	0.00765	0.01132	0.01028	0.01475	0.01762	0.02710	0.01690	0.12223	0.67457	0.00996	0.01618	0.00717	0.00351	0.00558
6	0.02078	0.01622	0.01726	0.01410	0.01860	0.01827	0.01137	0.40961	0.33800	0.03462	0.02032	0.01934	0.01488	0.00821	0.00651	0.00205	0.00622	0.00648	0.00651	0.01065
7	0.00765	0.00651	0.00659	0.00665	0.00876	0.00545	0.00496	0.00926	0.01462	0.01741	0.06415	0.09300	0.70002	0.01653	0.00766	0.00220	0.00329	0.01384	0.00600	0.00545
8	0.00799	0.00595	0.00746	0.00849	0.00937	0.00542	0.00590	0.00943	0.01340	0.01749	0.09405	0.54080	0.19286	0.01880	0.00809	0.00249	0.00366	0.03687	0.00608	0.00538
9	0.81856	0.01250	0.00950	0.00850	0.01250	0.01449	0.00700	0.01899	0.01100	0.02899	0.00900	0.01050	0.00700	0.00600	0.00400	0.00200	0.00500	0.00350	0.00400	0.00700
10	0.01727	0.77681	0.03386	0.01106	0.01658	0.02557	0.01106	0.01935	0.01313	0.01520	0.00898	0.01036	0.00829	0.00553	0.00415	0.00138	0.00691	0.00345	0.00276	0.00829
11	0.01220	0.01148	0.01938	0.75739	0.04450	0.01436	0.01794	0.01651	0.01292	0.01651	0.01148	0.01723	0.00861	0.00646	0.00646	0.00215	0.00861	0.00574	0.00287	0.00718
12	0.00931	0.00623	0.00707	0.00716	0.00718	0.00621	0.00403	0.00937	0.00957	0.01276	0.02123	0.08380	0.02459	0.72991	0.03148	0.00606	0.00612	0.00991	0.00403	0.00399
13	0.01716	0.01772	0.02561	0.03569	0.59523	0.12324	0.05065	0.02075	0.01527	0.02031	0.01188	0.01542	0.00993	0.00588	0.00637	0.00189	0.00841	0.00561	0.00322	0.00976
