[name]
unknown

[dist]
# distance from previous block
# <min> <max>
5	937

[block]
# block no. 0 follows, 32 sequences, length 32
# corresponding to MSA columns:
# 937-968
name=unknown_A
#
# <colnr> <probs for GDERKNQSTAVLIFYWHMCP>
#	G	D	E	R	K	N	Q	S	T	A	V	L	I	F	Y	W	H	M	C	P
0	0.01635	0.01568	0.02678	0.08657	0.67893	0.01588	0.02047	0.02037	0.01516	0.02161	0.01258	0.01669	0.01052	0.00603	0.00665	0.00201	0.00803	0.00598	0.00330	0.01042
1	0.02162	0.01760	0.01790	0.01476	0.01933	0.05871	0.01183	0.37131	0.32850	0.03462	0.02070	0.01980	0.01524	0.00845	0.00673	0.00211	0.00674	0.00662	0.00658	0.01086
2	0.73694	0.01426	0.01078	0.00955	0.01372	0.05522	0.00780	0.04707	0.01264	0.02983	0.00967	0.01117	0.00751	0.00634	0.00436	0.00205	0.00566	0.00377	0.00422	0.00746
3	0.00793	0.00680	0.00680	0.00680	0.00906	0.00566	0.00510	0.00963	0.01529	0.01813	0.06797	0.06457	0.71961	0.01699	0.00793	0.00227	0.00340	0.01416	0.00623	0.00566
4	0.02323	0.02048	0.08284	0.01565	0.02109	0.06572	0.01356	0.50774	0.11946	0.03686	0.01687	0.01687	0.01218	0.00797	0.00666	0.00204	0.00764	0.00604	0.00617	0.01094
5	0.02516	0.01772	0.01896	0.01467	0.01982	0.04360	0.01204	0.55185	0.02869	0.12417	0.04450	0.01807	0.01394	0.00819	0.00670	0.00199	0.00712	0.00626	0.00676	0.02978
6	0.01937	0.02040	0.02464	0.03335	0.49528	0.20975	0.01811	0.05983	0.01718	0.02157	0.01221	0.01537	0.01014	0.00634	0.00649	0.00192	0.00905	0.00554	0.00355	0.00991
7	0.00959	0.00719	0.01078	0.01078	0.01198	0.00839	0.00839	0.01198	0.01078	0.01558	0.01797	0.02636	0.01677	0.05032	0.73760	0.01078	0.01797	0.00719	0.00359	0.00599
8	0.02414	0.01835	0.02075	0.01598	0.02128	0.02021	0.05053	0.60010	0.09428	0.03980	0.01702	0.01706	0.01219	0.00802	0.00679	0.00205	0.00741	0.00629	0.00654	0.01121
9	0.00961	0.00676	0.00881	0.00888	0.00941	0.00725	0.00600	0.01068	0.01034	0.01430	0.02059	0.07190	0.02216	0.42565	0.33027	0.00813	0.01122	0.00913	0.00397	0.00495
10	0.02592	0.01813	0.01973	0.01513	0.02048	0.01983	0.01249	0.64029	0.03044	0.10352	0.01704	0.01671	0.01188	0.00808	0.00672	0.00202	0.00723	0.00610	0.00685	0.01141
11	0.09606	0.01855	0.01888	0.01473	0.01988	0.05931	0.01210	0.56096	0.02830	0.08171	0.01582	0.01583	0.01121	0.00784	0.00645	0.00201	0.00735	0.00577	0.00640	0.01084
12	0.02374	0.01792	0.01914	0.01508	0.02014	0.01998	0.01233	0.56694	0.16744	0.03944	0.01835	0.01790	0.01323	0.00826	0.00674	0.00207	0.00697	0.00635	0.00674	0.01125
13	0.01469	0.01190	0.01399	0.01003	0.01596	0.00899	0.00804	0.01766	0.01417	0.05588	0.01263	0.01434	0.01026	0.00513	0.00505	0.00105	0.00500	0.00411	0.00418	0.76692
14	0.01748	0.01481	0.01562	0.01381	0.01775	0.01706	0.01081	0.09506	0.64952	0.02934	0.02631	0.02424	0.01967	0.00901	0.00682	0.00225	0.00550	0.00745	0.00682	0.01069
15	0.00976	0.00651	0.00732	0.00732	0.00732	0.00651	0.00407	0.00976	0.00976	0.01301	0.02114	0.04391	0.02439	0.76419	0.03415	0.00651	0.00651	0.00976	0.00407	0.00407
16	0.06875	0.01319	0.01430	0.01259	0.01637	0.01453	0.00999	0.09175	0.41098	0.10660	0.06750	0.02937	0.05822	0.00993	0.00689	0.00225	0.00536	0.04481	0.00678	0.00982
17	0.02240	0.01162	0.01421	0.01156	0.01563	0.01139	0.00931	0.12766	0.10723	0.34752	0.15811	0.02753	0.02536	0.00937	0.00682	0.00206	0.00522	0.00775	0.06932	0.00994
18	0.06516	0.12253	0.59886	0.01753	0.02657	0.01688	0.02205	0.02101	0.01393	0.02115	0.01154	0.01354	0.00843	0.00629	0.00598	0.00204	0.00928	0.00471	0.00292	0.00959
19	0.01466	0.01237	0.01431	0.01029	0.01622	0.00970	0.00826	0.06067	0.01504	0.02317	0.01219	0.01405	0.01003	0.00517	0.00508	0.00106	0.00512	0.00411	0.00415	0.75433
20	0.01166	0.00583	0.00874	0.00874	0.00874	0.00583	0.00583	0.00874	0.00874	0.01166	0.01166	0.02040	0.01166	0.02331	0.02622	0.80478	0.00583	0.00583	0.00291	0.00291
21	0.02338	0.06833	0.01977	0.01501	0.01957	0.16444	0.01213	0.45873	0.02620	0.03312	0.01638	0.08147	0.01362	0.00884	0.00659	0.00198	0.00801	0.00670	0.00577	0.00997
22	0.00927	0.00685	0.00865	0.00820	0.00988	0.00623	0.00615	0.01222	0.01845	0.02562	0.62310	0.05225	0.15981	0.01420	0.00792	0.00213	0.00320	0.01243	0.00722	0.00623
23	0.01062	0.00865	0.01253	0.01194	0.01283	0.01072	0.00939	0.01268	0.01062	0.01553	0.01633	0.02510	0.01564	0.08681	0.55006	0.00894	0.16489	0.00708	0.00349	0.00614
24	0.01684	0.01427	0.01519	0.01368	0.01743	0.01640	0.01075	0.07113	0.63237	0.02839	0.02717	0.02748	0.02103	0.00959	0.00696	0.00231	0.00548	0.04635	0.00678	0.01041
25	0.74245	0.01284	0.01037	0.00910	0.01334	0.01459	0.00750	0.02087	0.01211	0.09176	0.01086	0.01196	0.00809	0.00641	0.00438	0.00208	0.00524	0.00391	0.00452	0.00763
26	0.01311	0.01237	0.02091	0.66973	0.12114	0.01502	0.01885	0.01753	0.01362	0.01767	0.01200	0.01775	0.00913	0.00663	0.00670	0.00221	0.00884	0.00596	0.00302	0.00781
27	0.01404	0.01115	0.01317	0.01020	0.01506	0.00897	0.00796	0.05356	0.01487	0.04669	0.01735	0.15396	0.01670	0.00826	0.00580	0.00141	0.00493	0.00701	0.00470	0.58422
28	0.01610	0.01543	0.02632	0.13198	0.63549	0.01581	0.02034	0.02015	0.01504	0.02131	0.01253	0.01677	0.01041	0.00607	0.00665	0.00202	0.00810	0.00598	0.00328	0.01022
29	0.02457	0.06586	0.02070	0.01530	0.02042	0.09527	0.01259	0.55645	0.06189	0.03730	0.01564	0.01580	0.01139	0.00785	0.00650	0.00196	0.00776	0.00579	0.00614	0.01082
30	0.07546	0.01896	0.01834	0.01467	0.01955	0.12003	0.01188	0.42158	0.07580	0.13108	0.01710	0.01678	0.01213	0.00789	0.00647	0.00200	0.00753	0.00585	0.00632	0.01058
31	0.08597	0.01924	0.02004	0.01572	0.02080	0.09815	0.05605	0.47097	0.05984	0.06361	0.01574	0.01609	0.01135	0.00769	0.00652	0.00202	0.00782	0.00589	0.00601	0.01050

[dist]
# distance from previous block
# <min> <max>
1	7

[block]
# block no. 1 follows, 32 sequences, length 89
# corresponding to MSA columns:
# 976-1064
name=unknown_B
#
# <colnr> <probs for GDERKNQSTAVLIFYWHMCP>
#	G	D	E	R	K	N	Q	S	T	A	V	L	I	F	Y	W	H	M	C	P
0	0.01885	0.01438	0.01501	0.01206	0.01658	0.07881	0.00955	0.16782	0.06375	0.11955	0.07628	0.07237	0.03760	0.00868	0.00637	0.00175	0.00601	0.00704	0.00577	0.26177
1	0.07495	0.05964	0.03753	0.03345	0.01989	0.03847	0.01200	0.41009	0.09544	0.05712	0.01672	0.03743	0.01270	0.00798	0.00634	0.00197	0.00695	0.00609	0.00592	0.05933
2	0.01569	0.01501	0.02559	0.20519	0.56546	0.01570	0.02014	0.01979	0.01485	0.02081	0.01246	0.01690	0.01024	0.00615	0.00666	0.00205	0.00820	0.00597	0.00324	0.00989
3	0.00950	0.00686	0.00897	0.00844	0.01002	0.00633	0.00633	0.01266	0.01899	0.02691	0.71879	0.05012	0.06331	0.01372	0.00791	0.00211	0.00317	0.01213	0.00739	0.00633
4	0.02551	0.01879	0.02014	0.01544	0.02081	0.02081	0.01275	0.69996	0.03155	0.04229	0.01611	0.01611	0.01141	0.00805	0.00671	0.00201	0.00738	0.00604	0.00671	0.01141
5	0.00864	0.00678	0.00782	0.00765	0.00952	0.00595	0.00570	0.01098	0.01685	0.02203	0.35904	0.08850	0.39518	0.01570	0.00795	0.00222	0.00332	0.01347	0.00675	0.00595
6	0.00971	0.00648	0.00733	0.00738	0.00740	0.00647	0.00414	0.00974	0.00986	0.01315	0.02166	0.06744	0.02505	0.73977	0.03331	0.00638	0.00642	0.01006	0.00414	0.00411
7	0.00972	0.00811	0.01045	0.00980	0.01225	0.00736	0.05380	0.03188	0.01623	0.02037	0.12428	0.06069	0.44595	0.01592	0.00816	0.00241	0.00459	0.14564	0.00616	0.00624
8	0.00976	0.00651	0.00732	0.00732	0.00732	0.00651	0.00407	0.00976	0.00976	0.01301	0.02114	0.04391	0.02439	0.76419	0.03415	0.00651	0.00651	0.00976	0.00407	0.00407
9	0.01794	0.76823	0.03516	0.01148	0.01722	0.02655	0.01148	0.02009	0.01363	0.01579	0.00933	0.01076	0.00861	0.00574	0.00431	0.00144	0.00718	0.00359	0.00287	0.00861
10	0.01661	0.01594	0.02724	0.04119	0.72233	0.01594	0.02059	0.02059	0.01528	0.02192	0.01262	0.01661	0.01063	0.00598	0.00664	0.00199	0.00797	0.00598	0.00332	0.01063
11	0.01678	0.01617	0.02588	0.11965	0.59557	0.04200	0.01982	0.04437	0.01578	0.02190	0.01258	0.01657	0.01039	0.00617	0.00663	0.00201	0.00821	0.00592	0.00341	0.01019
12	0.01475	0.01548	0.03054	0.10867	0.15952	0.01539	0.38550	0.01928	0.01492	0.02032	0.01622	0.05039	0.03229	0.02959	0.00894	0.00240	0.03931	0.02424	0.00359	0.00864
13	0.00974	0.00658	0.00768	0.00768	0.00781	0.00670	0.00452	0.00999	0.00987	0.01328	0.02081	0.04206	0.02359	0.68887	0.10837	0.00696	0.00772	0.00949	0.00402	0.00427
14	0.01346	0.03471	0.72942	0.01912	0.02904	0.01558	0.02479	0.02125	0.01417	0.02125	0.01204	0.01417	0.00850	0.00637	0.00637	0.00212	0.00992	0.00496	0.00283	0.00992
15	0.02509	0.02694	0.01892	0.01648	0.02022	0.51464	0.01271	0.13148	0.02052	0.09209	0.01280	0.01394	0.00989	0.00749	0.00707	0.00187	0.04981	0.00492	0.00442	0.00869
16	0.01259	0.01169	0.01374	0.01293	0.01427	0.09208	0.01019	0.01547	0.04272	0.01633	0.01581	0.02250	0.01453	0.03635	0.48816	0.00791	0.15584	0.00664	0.00360	0.00665
17	0.00837	0.00598	0.00801	0.00957	0.01005	0.00562	0.00657	0.00969	0.01304	0.01735	0.03687	0.70843	0.04395	0.02083	0.00862	0.00275	0.00406	0.06850	0.00622	0.00550
18	0.00933	0.00671	0.00861	0.00975	0.01047	0.00648	0.00666	0.05550	0.01410	0.01881	0.03559	0.71010	0.04218	0.02015	0.00844	0.00268	0.00413	0.01820	0.00626	0.00585
19	0.01985	0.02034	0.01953	0.05443	0.07758	0.23121	0.01378	0.12824	0.14998	0.02302	0.01438	0.01642	0.01154	0.00853	0.01005	0.00220	0.17971	0.00578	0.00444	0.00899
20	0.01326	0.00965	0.01270	0.01175	0.01392	0.01095	0.00927	0.11702	0.06995	0.04620	0.01875	0.02460	0.01627	0.03923	0.54419	0.00849	0.01494	0.00703	0.00449	0.00736
21	0.67325	0.01474	0.01211	0.01205	0.06703	0.06762	0.00883	0.03902	0.01281	0.02883	0.00985	0.01156	0.00773	0.00631	0.00455	0.00204	0.00596	0.00393	0.00411	0.00767
22	0.01116	0.00775	0.00838	0.00777	0.01044	0.00671	0.00597	0.03674	0.01649	0.10038	0.09296	0.05740	0.58253	0.01553	0.00775	0.00223	0.00379	0.01293	0.00654	0.00656
23	0.00805	0.00680	0.00696	0.00692	0.00914	0.00571	0.00519	0.00986	0.01557	0.01879	0.11685	0.06349	0.67032	0.01675	0.00793	0.00225	0.00338	0.01401	0.00632	0.00571
24	0.01601	0.01570	0.02786	0.12910	0.55177	0.01594	0.10406	0.02027	0.01511	0.02126	0.01265	0.01695	0.01036	0.00603	0.00681	0.00206	0.00851	0.00622	0.00329	0.01003
25	0.02551	0.01879	0.02014	0.01544	0.02081	0.02081	0.01275	0.69996	0.03155	0.04229	0.01611	0.01611	0.01141	0.00805	0.00671	0.00201	0.00738	0.00604	0.00671	0.01141
26	0.01524	0.01454	0.02476	0.28738	0.48685	0.01558	0.01991	0.01939	0.01463	0.02026	0.01238	0.01705	0.01004	0.00623	0.00667	0.00208	0.00831	0.00597	0.00320	0.00952
27	0.02352	0.01930	0.01929	0.01548	0.02011	0.09638	0.01256	0.48968	0.13224	0.03593	0.01680	0.01696	0.01235	0.00830	0.00750	0.00207	0.04858	0.00608	0.00618	0.01068
28	0.11820	0.01713	0.01798	0.01419	0.01904	0.01897	0.01161	0.56675	0.02774	0.03894	0.01687	0.07134	0.01339	0.00881	0.00655	0.00207	0.00686	0.00673	0.00637	0.01047
29	0.02439	0.01812	0.02106	0.01613	0.02149	0.01975	0.06394	0.57420	0.07591	0.07022	0.01714	0.01716	0.01217	0.00796	0.00681	0.00205	0.00746	0.00632	0.00654	0.01118
30	0.01743	0.01565	0.02322	0.21492	0.13141	0.06514	0.10246	0.05998	0.01526	0.08956	0.01307	0.01696	0.01020	0.00791	0.01045	0.00231	0.18534	0.00616	0.00385	0.00874
31	0.01794	0.76823	0.03516	0.01148	0.01722	0.02655	0.01148	0.02009	0.01363	0.01579	0.00933	0.01076	0.00861	0.00574	0.00431	0.00144	0.00718	0.00359	0.00287	0.00861
32	0.01564	0.01495	0.02548	0.21575	0.55536	0.01569	0.02011	0.01974	0.01482	0.02074	0.01245	0.01692	0.01021	0.00616	0.00666	0.00205	0.00821	0.00597	0.00324	0.00984
33	0.01564	0.01522	0.02433	0.02239	0.13573	0.07136	0.25032	0.03964	0.06821	0.04316	0.08384	0.11060	0.02199	0.00965	0.00758	0.00226	0.00814	0.05658	0.00478	0.00859
34	0.00917	0.00657	0.00787	0.00853	0.00919	0.00628	0.00557	0.03010	0.01272	0.01667	0.03528	0.41307	0.12568	0.26214	0.01676	0.00387	0.00478	0.01501	0.00554	0.00521
35	0.00800	0.00652	0.00708	0.00752	0.00925	0.00560	0.00542	0.00955	0.01459	0.01784	0.05912	0.26327	0.52663	0.01814	0.00811	0.00240	0.00354	0.01557	0.00623	0.00560
36	0.01812	0.02065	0.09594	0.07544	0.03137	0.10910	0.40842	0.07516	0.01733	0.06131	0.01382	0.01706	0.01019	0.00629	0.00729	0.00215	0.01050	0.00684	0.00385	0.00917
37	0.01782	0.16827	0.41083	0.01651	0.02436	0.04234	0.01889	0.12785	0.01732	0.07634	0.01319	0.01441	0.00959	0.00668	0.00606	0.00196	0.00876	0.00498	0.00388	0.00994
38	0.21355	0.01201	0.01419	0.01133	0.01617	0.01160	0.00931	0.02986	0.06927	0.51000	0.02249	0.02019	0.01470	0.00787	0.00614	0.00209	0.00556	0.00608	0.00721	0.01038
39	0.00959	0.00719	0.01078	0.01078	0.01198	0.00839	0.00839	0.01198	0.01078	0.01558	0.01797	0.02636	0.01677	0.05032	0.73760	0.01078	0.01797	0.00719	0.00359	0.00599
40	0.01626	0.33890	0.33194	0.01588	0.02329	0.03912	0.04727	0.04150	0.05176	0.01983	0.01186	0.01350	0.00935	0.00629	0.00560	0.00184	0.00857	0.00467	0.00322	0.00936
41	0.00944	0.00742	0.00840	0.00813	0.01026	0.00671	0.00627	0.04165	0.01723	0.02221	0.27504	0.05855	0.42337	0.01565	0.00797	0.00227	0.00371	0.06294	0.00662	0.00618
42	0.00818	0.00584	0.00779	0.00934	0.00973	0.00545	0.00623	0.00934	0.01285	0.01713	0.03698	0.75981	0.04438	0.02102	0.00856	0.00273	0.00389	0.01908	0.00623	0.00545
43	0.01323	0.01250	0.02114	0.64686	0.14301	0.01506	0.01891	0.01764	0.01368	0.01783	0.01203	0.01771	0.00919	0.00660	0.00670	0.00220	0.00881	0.00597	0.00303	0.00791
44	0.02259	0.04330	0.01945	0.05750	0.09739	0.39317	0.01335	0.04385	0.12394	0.09857	0.01519	0.01613	0.01163	0.00729	0.00632	0.00191	0.00949	0.00538	0.00453	0.00902
45	0.01584	0.01810	0.03959	0.02828	0.03507	0.01697	0.69796	0.02149	0.01584	0.02149	0.01357	0.01810	0.01018	0.00566	0.00792	0.00226	0.01131	0.00792	0.00339	0.00905
46	0.01196	0.00740	0.00976	0.00886	0.01087	0.00675	0.00675	0.01506	0.01902	0.11062	0.63601	0.04686	0.05773	0.01307	0.00777	0.00211	0.00347	0.01149	0.00750	0.00694
47	0.07447	0.02747	0.01872	0.01629	0.02027	0.51158	0.01255	0.19587	0.02169	0.02379	0.01175	0.01303	0.00925	0.00716	0.00610	0.00182	0.01048	0.00471	0.00432	0.00866
48	0.02368	0.02984	0.02131	0.01850	0.02219	0.63291	0.08768	0.02583	0.01835	0.01696	0.01066	0.01285	0.00882	0.00695	0.00683	0.00183	0.03869	0.00477	0.00343	0.00790
49	0.00830	0.00593	0.00793	0.00949	0.00993	0.00556	0.00645	0.00956	0.01297	0.01727	0.03691	0.72664	0.04410	0.02090	0.00860	0.00274	0.00400	0.05098	0.00623	0.00549
50	0.02826	0.01202	0.01574	0.01233	0.01732	0.01101	0.01019	0.08950	0.05034	0.60595	0.02602	0.02471	0.01731	0.00877	0.00686	0.00212	0.00586	0.03655	0.00801	0.01115
51	0.01607	0.01539	0.02626	0.13848	0.62927	0.01580	0.02032	0.02012	0.01502	0.02126	0.01253	0.01678	0.01040	0.00608	0.00665	0.00203	0.00811	0.00598	0.00327	0.01019
52	0.00837	0.00598	0.00779	0.00915	0.00962	0.00561	0.00613	0.00951	0.01276	0.01691	0.03688	0.65491	0.06963	0.08211	0.01067	0.00303	0.00415	0.03541	0.00605	0.00536
53	0.01661	0.01594	0.02724	0.04119	0.72233	0.01594	0.02059	0.02059	0.01528	0.02192	0.01262	0.01661	0.01063	0.00598	0.00664	0.00199	0.00797	0.00598	0.00332	0.01063
54	0.01468	0.01468	0.02055	0.01762	0.01762	0.02055	0.01468	0.01615	0.01028	0.01615	0.00881	0.01468	0.00881	0.01174	0.02202	0.00294	0.75191	0.00587	0.00294	0.00734
55	0.01391	0.01193	0.01391	0.00994	0.01590	0.00894	0.00795	0.01690	0.01391	0.02186	0.01193	0.01391	0.00994	0.00497	0.00497	0.00099	0.00497	0.00398	0.00398	0.80521
56	0.02374	0.02960	0.01923	0.01884	0.07311	0.64771	0.01343	0.02570	0.01856	0.01701	0.01176	0.01552	0.01025	0.00741	0.00625	0.00181	0.01150	0.03707	0.00358	0.00792
57	0.00827	0.00676	0.00729	0.00726	0.00929	0.00579	0.00541	0.01024	0.01594	0.01989	0.20101	0.09529	0.55120	0.01651	0.00796	0.00226	0.00337	0.01398	0.00647	0.00579
58	0.00831	0.00594	0.00791	0.00925	0.00976	0.00554	0.00624	0.00969	0.01348	0.01814	0.10752	0.68639	0.04634	0.02027	0.00850	0.00266	0.00382	0.01836	0.00635	0.00554
59	0.10378	0.01400	0.01750	0.01446	0.01881	0.01514	0.08462	0.03119	0.38574	0.18337	0.02318	0.02199	0.01675	0.00833	0.00710	0.00223	0.02829	0.00696	0.00639	0.01018
60	0.00833	0.00604	0.00787	0.00905	0.00972	0.00558	0.00617	0.00979	0.01381	0.01847	0.12767	0.62059	0.09250	0.01980	0.00844	0.00261	0.00376	0.01784	0.00638	0.00558
61	0.00849	0.00678	0.00761	0.00748	0.00943	0.00589	0.00558	0.01069	0.01651	0.02120	0.29712	0.08690	0.46065	0.01599	0.00795	0.00223	0.00334	0.01364	0.00664	0.00589
62	0.01552	0.03183	0.64120	0.01824	0.02757	0.01488	0.02295	0.02266	0.01479	0.10847	0.01382	0.01524	0.00950	0.00661	0.00642	0.00212	0.00940	0.00518	0.00351	0.01010
63	0.01391	0.01193	0.01391	0.00994	0.01590	0.00894	0.00795	0.01690	0.01391	0.02186	0.01193	0.01391	0.00994	0.00497	0.00497	0.00099	0.00497	0.00398	0.00398	0.80521
64	0.00816	0.00588	0.00774	0.00923	0.00970	0.00546	0.00618	0.00936	0.01295	0.01717	0.03834	0.72939	0.07392	0.02085	0.00854	0.00270	0.00387	0.01886	0.00623	0.00546
65	0.01346	0.03471	0.72942	0.01912	0.02904	0.01558	0.02479	0.02125	0.01417	0.02125	0.01204	0.01417	0.00850	0.00637	0.00637	0.00212	0.00992	0.00496	0.00283	0.00992
66	0.01346	0.03471	0.72942	0.01912	0.02904	0.01558	0.02479	0.02125	0.01417	0.02125	0.01204	0.01417	0.00850	0.00637	0.00637	0.00212	0.00992	0.00496	0.00283	0.00992
67	0.01468	0.01468	0.02055	0.01762	0.01762	0.02055	0.01468	0.01615	0.01028	0.01615	0.00881	0.01468	0.00881	0.01174	0.02202	0.00294	0.75191	0.00587	0.00294	0.00734
68	0.02585	0.01824	0.01979	0.01518	0.02053	0.01999	0.01254	0.64984	0.03062	0.09371	0.01689	0.01661	0.01180	0.00807	0.00671	0.00202	0.00726	0.00609	0.00683	0.01141
69	0.01661	0.01594	0.02724	0.04119	0.72233	0.01594	0.02059	0.02059	0.01528	0.02192	0.01262	0.01661	0.01063	0.00598	0.00664	0.00199	0.00797	0.00598	0.00332	0.01063
70	0.02382	0.02827	0.01852	0.01659	0.02025	0.57155	0.01259	0.08055	0.12543	0.02021	0.01340	0.01439	0.01066	0.00734	0.00622	0.00183	0.01070	0.00495	0.00422	0.00850
71	0.00976	0.00651	0.00732	0.00732	0.00732	0.00651	0.00407	0.00976	0.00976	0.01301	0.02114	0.04391	0.02439	0.76419	0.03415	0.00651	0.00651	0.00976	0.00407	0.00407
72	0.00969	0.00715	0.00938	0.01062	0.01207	0.00684	0.00872	0.01211	0.01488	0.01908	0.04237	0.21338	0.17713	0.01873	0.00885	0.00285	0.00515	0.40885	0.00620	0.00593
73	0.00976	0.00651	0.00732	0.00732	0.00732	0.00651	0.00407	0.00976	0.00976	0.01301	0.02114	0.04391	0.02439	0.76419	0.03415	0.00651	0.00651	0.00976	0.00407	0.00407
74	0.00950	0.00686	0.00897	0.00844	0.01002	0.00633	0.00633	0.01266	0.01899	0.02691	0.71879	0.05012	0.06331	0.01372	0.00791	0.00211	0.00317	0.01213	0.00739	0.00633
75	0.01889	0.01512	0.01613	0.01392	0.01807	0.01719	0.01099	0.16105	0.55431	0.05875	0.02516	0.02326	0.01861	0.00887	0.00680	0.00222	0.00572	0.00726	0.00686	0.01080
76	0.01346	0.03471	0.72942	0.01912	0.02904	0.01558	0.02479	0.02125	0.01417	0.02125	0.01204	0.01417	0.00850	0.00637	0.00637	0.00212	0.00992	0.00496	0.00283	0.00992
77	0.00962	0.00704	0.01004	0.01004	0.01098	0.00798	0.00746	0.01150	0.01056	0.01503	0.01865	0.03013	0.01841	0.20360	0.58656	0.00986	0.01551	0.00774	0.00370	0.00558
78	0.00943	0.00686	0.00888	0.00838	0.00999	0.00630	0.00628	0.01254	0.01885	0.02656	0.69311	0.05069	0.08921	0.01385	0.00791	0.00212	0.00317	0.01221	0.00734	0.00630
79	0.01988	0.01573	0.01677	0.01418	0.01851	0.01782	0.01128	0.24783	0.47436	0.05184	0.02371	0.02212	0.01748	0.00875	0.00679	0.00219	0.00598	0.00707	0.00683	0.01090
80	0.73165	0.04593	0.01109	0.00901	0.01317	0.01539	0.00749	0.03543	0.01207	0.02959	0.00992	0.01149	0.00776	0.00630	0.00424	0.00203	0.00526	0.00378	0.03102	0.00739
81	0.02292	0.01721	0.01775	0.01410	0.01873	0.04715	0.01147	0.51974	0.08964	0.03761	0.01768	0.01797	0.01291	0.00807	0.00642	0.00196	0.00680	0.00614	0.11525	0.01049
82	0.00841	0.00602	0.00800	0.00918	0.00978	0.00561	0.00625	0.00994	0.01395	0.01889	0.15986	0.63191	0.04779	0.01971	0.00845	0.00261	0.00376	0.01782	0.00644	0.00561
83	0.03399	0.09938	0.49434	0.01593	0.02329	0.01463	0.01903	0.01868	0.01352	0.01976	0.01554	0.10836	0.01422	0.07064	0.00868	0.00249	0.00850	0.00693	0.00339	0.00869
84	0.02206	0.01787	0.01786	0.01465	0.01923	0.07782	0.01175	0.38282	0.26090	0.05007	0.02121	0.02039	0.03519	0.00859	0.00673	0.00209	0.00691	0.00668	0.00650	0.01067
85	0.01355	0.00912	0.01073	0.00961	0.01217	0.00882	0.00737	0.11383	0.03802	0.09499	0.28808	0.11603	0.20388	0.03286	0.00833	0.00231	0.00430	0.01171	0.00689	0.00738
86	0.00984	0.00705	0.00908	0.00866	0.00930	0.00713	0.02837	0.01073	0.01101	0.01492	0.07197	0.04137	0.05326	0.53574	0.14807	0.00660	0.00822	0.00961	0.00429	0.00478
87	0.11342	0.04068	0.02186	0.10651	0.09623	0.06792	0.15377	0.07266	0.08224	0.04667	0.03650	0.07310	0.01590	0.00841	0.00679	0.00218	0.00785	0.03406	0.00458	0.00866
88	0.09838	0.11973	0.17208	0.01865	0.12020	0.12754	0.01542	0.07961	0.05330	0.02273	0.01260	0.01470	0.01002	0.00707	0.00705	0.00199	0.06560	0.00506	0.03922	0.00906

[dist]
# distance from previous block
# <min> <max>
1	9

[block]
# block no. 2 follows, 32 sequences, length 6
# corresponding to MSA columns:
# 1074-1079
name=unknown_C
#
# <colnr> <probs for GDERKNQSTAVLIFYWHMCP>
#	G	D	E	R	K	N	Q	S	T	A	V	L	I	F	Y	W	H	M	C	P
0	0.02024	0.31656	0.05292	0.01308	0.01763	0.19806	0.01139	0.02378	0.07375	0.11141	0.01464	0.01727	0.01221	0.08057	0.00827	0.00219	0.00810	0.00518	0.00419	0.00856
1	0.09535	0.12569	0.22123	0.01477	0.02077	0.01698	0.04390	0.18598	0.01791	0.06682	0.01431	0.01737	0.01129	0.06225	0.05474	0.00286	0.00855	0.00561	0.00439	0.00923
2	0.11238	0.12189	0.55568	0.01692	0.02561	0.01686	0.02100	0.02092	0.01376	0.02167	0.01138	0.01335	0.00836	0.00628	0.00585	0.00203	0.00900	0.00463	0.00300	0.00943
3	0.06473	0.01747	0.18066	0.06037	0.04230	0.01327	0.16935	0.02015	0.08380	0.04149	0.12059	0.08003	0.02255	0.00933	0.00720	0.00226	0.00763	0.04363	0.00470	0.00848
4	0.01692	0.23827	0.01985	0.01251	0.01574	0.18720	0.01008	0.09044	0.01654	0.01925	0.02027	0.28178	0.02182	0.01178	0.00651	0.00203	0.00718	0.00961	0.00463	0.00757
5	0.01182	0.00982	0.06432	0.00966	0.01146	0.00836	0.00733	0.01517	0.09365	0.06621	0.02795	0.18371	0.07400	0.36398	0.01996	0.00431	0.00583	0.01111	0.00517	0.00618

[dist]
# distance from previous block
# <min> <max>
1	6

[block]
# block no. 3 follows, 32 sequences, length 58
# corresponding to MSA columns:
# 1086-1143
name=unknown_D
#
# <colnr> <probs for GDERKNQSTAVLIFYWHMCP>
#	G	D	E	R	K	N	Q	S	T	A	V	L	I	F	Y	W	H	M	C	P
0	0.01820	0.01554	0.01838	0.01571	0.01752	0.08174	0.01278	0.10910	0.04469	0.09874	0.01490	0.06824	0.01323	0.01223	0.03838	0.00282	0.39810	0.00689	0.00449	0.00833
1	0.06142	0.11992	0.08367	0.01032	0.01402	0.03471	0.00925	0.03684	0.01650	0.02297	0.27972	0.06339	0.14469	0.01121	0.00674	0.00197	0.00513	0.00928	0.00548	0.06275
2	0.01805	0.01463	0.02104	0.08799	0.33244	0.01525	0.01535	0.14864	0.07713	0.06743	0.01614	0.01976	0.01296	0.05965	0.00848	0.00231	0.00722	0.00637	0.02866	0.04052
3	0.11138	0.30727	0.21981	0.01508	0.02115	0.10436	0.04411	0.02093	0.01401	0.01932	0.01034	0.01245	0.00850	0.00652	0.00644	0.00187	0.06030	0.00440	0.00311	0.00864
4	0.01889	0.30807	0.17388	0.01755	0.06394	0.20919	0.05922	0.04254	0.01593	0.01861	0.01083	0.01280	0.00890	0.00626	0.00563	0.00176	0.00935	0.00456	0.00319	0.00890
5	0.00839	0.00667	0.00753	0.00762	0.00942	0.00581	0.00560	0.01040	0.01592	0.02033	0.23790	0.16589	0.44136	0.01672	0.00802	0.00229	0.00341	0.01436	0.00654	0.00581
6	0.00942	0.00741	0.00858	0.00826	0.01024	0.00688	0.00620	0.01323	0.07376	0.02319	0.38169	0.08101	0.31564	0.01490	0.00786	0.00221	0.00346	0.01282	0.00684	0.00639
7	0.01000	0.00841	0.00887	0.00847	0.01097	0.00809	0.00644	0.01555	0.16257	0.02145	0.15009	0.05421	0.48050	0.01487	0.00770	0.00225	0.00377	0.01249	0.00652	0.00680
8	0.01556	0.01711	0.03452	0.04991	0.07306	0.01754	0.50254	0.02026	0.01464	0.02034	0.01254	0.01734	0.00990	0.00690	0.01056	0.00238	0.15554	0.00734	0.00329	0.00876
9	0.01267	0.01193	0.02013	0.74806	0.04621	0.01491	0.01863	0.01714	0.01342	0.01714	0.01193	0.01789	0.00894	0.00671	0.00671	0.00224	0.00894	0.00596	0.00298	0.00745
10	0.81159	0.01298	0.00986	0.00882	0.01298	0.01505	0.00727	0.01972	0.01142	0.03010	0.00934	0.01090	0.00727	0.00623	0.00415	0.00208	0.00519	0.00363	0.00415	0.00727
11	0.00794	0.00674	0.00685	0.00694	0.00910	0.00565	0.00516	0.00961	0.01516	0.01807	0.06623	0.10371	0.68160	0.01722	0.00797	0.00229	0.00343	0.01444	0.00623	0.00565
12	0.00906	0.00712	0.01096	0.01112	0.01215	0.00675	0.07249	0.01066	0.01287	0.01726	0.03298	0.61525	0.03870	0.05944	0.04609	0.00328	0.00544	0.01693	0.00571	0.00575
13	0.01543	0.02097	0.15894	0.02670	0.03403	0.01673	0.58150	0.02145	0.01555	0.02145	0.01331	0.01742	0.00989	0.00578	0.00765	0.00224	0.01107	0.00741	0.00330	0.00920
14	0.00867	0.00687	0.00787	0.00826	0.00998	0.00618	0.00615	0.01103	0.03508	0.01941	0.13676	0.22846	0.40200	0.01745	0.00816	0.00242	0.00377	0.06922	0.00639	0.00588
15	0.01403	0.01001	0.01149	0.01003	0.01265	0.01031	0.00782	0.17298	0.06575	0.02998	0.39257	0.03757	0.06318	0.01138	0.00711	0.00203	0.00428	0.00967	0.11942	0.00775
16	0.01809	0.02080	0.02850	0.02215	0.02641	0.20820	0.32626	0.02267	0.06065	0.01944	0.01260	0.01623	0.01015	0.00751	0.01036	0.00227	0.16921	0.00651	0.00354	0.00845
17	0.29351	0.01194	0.01365	0.01089	0.01573	0.01161	0.00899	0.02833	0.01658	0.49209	0.02070	0.01881	0.01346	0.00760	0.00587	0.00208	0.00553	0.00570	0.00691	0.01002
18	0.00818	0.00584	0.00779	0.00934	0.00973	0.00545	0.00623	0.00934	0.01285	0.01713	0.03698	0.75981	0.04438	0.02102	0.00856	0.00273	0.00389	0.01908	0.00623	0.00545
19	0.01753	0.70135	0.09845	0.01218	0.01830	0.02555	0.01269	0.02020	0.01368	0.01628	0.00958	0.01107	0.00860	0.00580	0.00449	0.00150	0.00743	0.00371	0.00287	0.00873
20	0.00976	0.00651	0.00732	0.00732	0.00732	0.00651	0.00407	0.00976	0.00976	0.01301	0.02114	0.04391	0.02439	0.76419	0.03415	0.00651	0.00651	0.00976	0.00407	0.00407
21	0.00799	0.00674	0.00691	0.00699	0.00913	0.00567	0.00520	0.00969	0.01525	0.01830	0.08346	0.10570	0.66181	0.01715	0.00797	0.00229	0.00342	0.01440	0.00626	0.00567
22	0.01474	0.01485	0.02150	0.01815	0.01848	0.02037	0.04867	0.01641	0.01055	0.01641	0.00905	0.01485	0.00888	0.01144	0.02132	0.00290	0.71507	0.00597	0.00296	0.00743
23	0.02476	0.03088	0.01890	0.01709	0.02062	0.68645	0.01287	0.04883	0.04600	0.01770	0.01121	0.01273	0.00919	0.00704	0.00610	0.00176	0.01169	0.00450	0.00369	0.00801
24	0.01366	0.01269	0.01999	0.51784	0.13694	0.01501	0.01732	0.02006	0.11424	0.01943	0.01605	0.02024	0.03372	0.00728	0.00676	0.00221	0.00810	0.00646	0.00369	0.00830
25	0.02753	0.01170	0.01530	0.01207	0.01695	0.01072	0.00986	0.03248	0.11781	0.60492	0.04866	0.02402	0.01865	0.00859	0.00680	0.00211	0.00557	0.00704	0.00806	0.01114
26	0.12126	0.01859	0.01747	0.01501	0.04108	0.14557	0.01163	0.33519	0.03966	0.08006	0.01742	0.05379	0.03280	0.00862	0.00689	0.00205	0.03125	0.00640	0.00566	0.00961
27	0.02191	0.01480	0.01605	0.01274	0.01687	0.01601	0.01024	0.46176	0.02536	0.08391	0.01837	0.02100	0.01413	0.08559	0.00917	0.00240	0.00642	0.00651	0.14701	0.00975
28	0.00950	0.00686	0.00897	0.00844	0.01002	0.00633	0.00633	0.01266	0.01899	0.02691	0.71879	0.05012	0.06331	0.01372	0.00791	0.00211	0.00317	0.01213	0.00739	0.00633
29	0.01398	0.05064	0.01844	0.01527	0.01588	0.01730	0.01254	0.01559	0.01170	0.03845	0.06298	0.12762	0.01810	0.01285	0.01769	0.00275	0.52896	0.00818	0.00389	0.00718
30	0.00840	0.00600	0.00805	0.00960	0.01009	0.00564	0.00662	0.00973	0.01307	0.01738	0.03686	0.70118	0.04388	0.02081	0.00862	0.00276	0.00409	0.07547	0.00622	0.00551
31	0.04440	0.58354	0.03088	0.01261	0.01786	0.16079	0.01167	0.04076	0.01510	0.01711	0.00972	0.01117	0.00865	0.00604	0.00470	0.00153	0.00805	0.00380	0.00313	0.00849
32	0.00807	0.00648	0.00720	0.00769	0.00932	0.00562	0.00551	0.00964	0.01462	0.01811	0.08118	0.29264	0.47401	0.01820	0.00814	0.00241	0.00355	0.01570	0.00627	0.00562
33	0.01586	0.03984	0.05764	0.11273	0.05082	0.04744	0.53214	0.02113	0.01556	0.02060	0.01305	0.01745	0.00988	0.00587	0.00752	0.00220	0.01083	0.00727	0.00331	0.00886
34	0.01391	0.01193	0.01391	0.00994	0.01590	0.00894	0.00795	0.01690	0.01391	0.02186	0.01193	0.01391	0.00994	0.00497	0.00497	0.00099	0.00497	0.00398	0.00398	0.80521
35	0.01740	0.01432	0.02080	0.42151	0.15990	0.05226	0.01705	0.09008	0.01658	0.10475	0.01412	0.01777	0.01039	0.00692	0.00667	0.00212	0.00839	0.00598	0.00408	0.00891
36	0.02525	0.01683	0.01863	0.01454	0.01968	0.01819	0.01193	0.48772	0.11611	0.17095	0.01952	0.01853	0.01356	0.00824	0.00673	0.00206	0.00680	0.00637	0.00703	0.01131
37	0.00848	0.00682	0.00756	0.00738	0.00940	0.00590	0.00553	0.01070	0.01660	0.02123	0.29781	0.05947	0.48784	0.01584	0.00792	0.00221	0.00332	0.01345	0.00664	0.00590
38	0.00920	0.00627	0.00748	0.00803	0.00817	0.00613	0.00483	0.00961	0.01085	0.01447	0.02674	0.29700	0.03146	0.50146	0.02511	0.00517	0.00558	0.01305	0.00483	0.00456
39	0.00831	0.00681	0.00733	0.00720	0.00930	0.00583	0.00540	0.01037	0.01619	0.02026	0.22648	0.06105	0.55977	0.01620	0.00793	0.00223	0.00334	0.01367	0.00651	0.00583
40	0.02448	0.03076	0.01875	0.01703	0.02051	0.68708	0.01280	0.02741	0.06714	0.01723	0.01155	0.01300	0.00947	0.00707	0.00610	0.00177	0.01163	0.00455	0.00369	0.00798
41	0.11137	0.11943	0.52327	0.01805	0.06015	0.01686	0.02085	0.02089	0.01382	0.02170	0.01141	0.01348	0.00847	0.00626	0.00587	0.00203	0.00891	0.00468	0.00302	0.00947
42	0.02420	0.07521	0.02004	0.01695	0.02040	0.66445	0.01295	0.02594	0.01832	0.01637	0.01024	0.01213	0.00865	0.00705	0.00662	0.00176	0.04315	0.00434	0.00340	0.00781
43	0.02443	0.01683	0.01862	0.01466	0.01959	0.01825	0.01211	0.55972	0.02853	0.11262	0.01922	0.04430	0.01489	0.00922	0.00695	0.00212	0.00701	0.05326	0.00683	0.01086
44	0.01794	0.76823	0.03516	0.01148	0.01722	0.02655	0.01148	0.02009	0.01363	0.01579	0.00933	0.01076	0.00861	0.00574	0.00431	0.00144	0.00718	0.00359	0.00287	0.00861
45	0.01166	0.00583	0.00874	0.00874	0.00874	0.00583	0.00583	0.00874	0.00874	0.01166	0.01166	0.02040	0.01166	0.02331	0.02622	0.80478	0.00583	0.00583	0.00291	0.00291
46	0.01656	0.01607	0.02797	0.04041	0.68130	0.01600	0.06104	0.02065	0.01531	0.02190	0.01268	0.01670	0.01060	0.00596	0.00672	0.00201	0.00817	0.00609	0.00333	0.01053
47	0.00843	0.00655	0.00768	0.00797	0.00952	0.00579	0.00576	0.01039	0.01563	0.02028	0.23995	0.25577	0.34781	0.01721	0.00810	0.00235	0.00347	0.01498	0.00655	0.00579
48	0.02204	0.01594	0.01712	0.01350	0.01773	0.01749	0.01079	0.54107	0.02678	0.03624	0.01731	0.02141	0.01398	0.13787	0.01130	0.00276	0.00698	0.00669	0.05315	0.00985
49	0.81159	0.01298	0.00986	0.00882	0.01298	0.01505	0.00727	0.01972	0.01142	0.03010	0.00934	0.01090	0.00727	0.00623	0.00415	0.00208	0.00519	0.00363	0.00415	0.00727
50	0.00832	0.00590	0.00774	0.00916	0.00951	0.00555	0.00603	0.00938	0.01256	0.01675	0.03553	0.69412	0.04254	0.08921	0.01091	0.00307	0.00413	0.01822	0.00603	0.00532
51	0.75685	0.01338	0.01058	0.00928	0.01352	0.01545	0.00765	0.06709	0.01282	0.03095	0.00981	0.01126	0.00756	0.00636	0.00433	0.00207	0.00534	0.00380	0.00433	0.00756
52	0.01368	0.01316	0.01844	0.01609	0.01627	0.01805	0.01322	0.01521	0.01033	0.01591	0.01078	0.01787	0.01077	0.05491	0.12897	0.00428	0.60576	0.00626	0.00309	0.00698
53	0.00824	0.00596	0.00780	0.00913	0.00971	0.00552	0.00617	0.00956	0.01336	0.01777	0.07960	0.67457	0.08714	0.02034	0.00849	0.00266	0.00382	0.01836	0.00630	0.00552
54	0.01165	0.00835	0.00995	0.00963	0.01155	0.00825	0.00735	0.05521	0.07670	0.04432	0.20147	0.09276	0.17561	0.10933	0.01192	0.03175	0.00477	0.11661	0.00625	0.00655
55	0.01691	0.01585	0.02628	0.08874	0.62992	0.01618	0.01995	0.06426	0.01620	0.02290	0.01280	0.01666	0.01056	0.00616	0.00665	0.00201	0.00800	0.00598	0.00352	0.01046
56	0.00814	0.00597	0.00765	0.00900	0.00964	0.00548	0.00608	0.00938	0.01317	0.01726	0.04112	0.66709	0.13443	0.02048	0.00848	0.00266	0.00383	0.01842	0.00623	0.00548
57	0.04537	0.01203	0.01387	0.01010	0.01589	0.00947	0.00809	0.01829	0.03691	0.05226	0.01295	0.01454	0.01046	0.00529	0.00507	0.00112	0.00502	0.00420	0.00426	0.71480

[dist]
# distance from previous block
# <min> <max>
8	12

[block]
# block no. 4 follows, 32 sequences, length 50
# corresponding to MSA columns:
# 1158-1207
name=unknown_E
#
# <colnr> <probs for GDERKNQSTAVLIFYWHMCP>
#	G	D	E	R	K	N	Q	S	T	A	V	L	I	F	Y	W	H	M	C	P
0	0.01090	0.00857	0.00968	0.00995	0.01149	0.02930	0.00734	0.06103	0.05306	0.01951	0.03747	0.29816	0.17172	0.10509	0.04833	0.00342	0.00567	0.09725	0.00582	0.00623
1	0.01535	0.04257	0.01598	0.01103	0.01678	0.01065	0.02851	0.03989	0.01469	0.05804	0.01266	0.01446	0.01025	0.00549	0.00567	0.00119	0.02714	0.00434	0.00419	0.66112
2	0.01636	0.13453	0.03492	0.02397	0.04670	0.05505	0.45895	0.02081	0.01520	0.01989	0.01323	0.01865	0.01090	0.00673	0.00838	0.00219	0.06789	0.03357	0.00339	0.00871
3	0.00963	0.00703	0.00996	0.00996	0.01088	0.00794	0.00736	0.01145	0.01054	0.01497	0.01872	0.03052	0.01858	0.21964	0.57075	0.00977	0.01525	0.00780	0.00371	0.00553
4	0.01824	0.67391	0.03371	0.01393	0.06787	0.06487	0.01221	0.02050	0.01405	0.01626	0.00962	0.01126	0.00876	0.00582	0.00457	0.00149	0.00750	0.00380	0.00293	0.00871
5	0.01483	0.01180	0.01399	0.01029	0.01585	0.00936	0.00824	0.04088	0.01457	0.05806	0.01324	0.01533	0.01082	0.00849	0.05755	0.00178	0.00602	0.00442	0.00426	0.68021
6	0.01476	0.01331	0.02073	0.61851	0.04216	0.05437	0.05232	0.01901	0.01426	0.06812	0.01297	0.01794	0.00954	0.00678	0.00674	0.00220	0.00901	0.00603	0.00341	0.00784
7	0.01182	0.00805	0.00976	0.00915	0.01129	0.00778	0.00690	0.01589	0.08980	0.08991	0.27650	0.08181	0.20671	0.05882	0.08232	0.00331	0.00540	0.01136	0.00651	0.00691
8	0.01506	0.01189	0.01403	0.01008	0.01599	0.00901	0.00809	0.01801	0.01429	0.07180	0.01296	0.01455	0.01041	0.00521	0.00510	0.00107	0.00502	0.00417	0.00428	0.74899
9	0.02314	0.01463	0.01842	0.03644	0.03698	0.01442	0.04640	0.25188	0.06326	0.24903	0.01889	0.01850	0.01314	0.00740	0.00646	0.00188	0.00655	0.00606	0.00634	0.16017
10	0.00976	0.00651	0.00732	0.00732	0.00732	0.00651	0.00407	0.00976	0.00976	0.01301	0.02114	0.04391	0.02439	0.76419	0.03415	0.00651	0.00651	0.00976	0.00407	0.00407
11	0.00987	0.00711	0.00973	0.01113	0.01236	0.00697	0.00909	0.01233	0.01464	0.01917	0.05186	0.26898	0.06926	0.02000	0.03013	0.00315	0.00568	0.42644	0.00615	0.00595
12	0.01473	0.01458	0.02287	0.07098	0.02255	0.01810	0.14351	0.03839	0.04972	0.01880	0.01364	0.01963	0.02690	0.01166	0.04123	0.00296	0.43018	0.02817	0.00355	0.00785
13	0.00862	0.00664	0.00797	0.00850	0.00991	0.00584	0.00595	0.01015	0.01389	0.01815	0.07895	0.43703	0.24862	0.03985	0.00882	0.00254	0.00386	0.01587	0.00606	0.06275
14	0.01893	0.11531	0.10196	0.01659	0.02237	0.21319	0.13527	0.02245	0.01603	0.07001	0.01253	0.01444	0.00978	0.00612	0.00599	0.00168	0.00894	0.00504	0.00378	0.19962
15	0.00889	0.00664	0.00891	0.00996	0.01037	0.00681	0.00693	0.01012	0.01242	0.01679	0.03290	0.60306	0.03894	0.07022	0.04925	0.00342	0.05839	0.03473	0.00571	0.00554
16	0.02194	0.35673	0.02621	0.01462	0.01919	0.38367	0.01230	0.06085	0.01733	0.01756	0.01023	0.01173	0.00878	0.00646	0.00532	0.00161	0.00966	0.00409	0.00338	0.00835
17	0.00963	0.00703	0.00998	0.00998	0.01090	0.00795	0.00739	0.01147	0.01055	0.01498	0.01871	0.03043	0.01854	0.21576	0.57457	0.00979	0.01532	0.00778	0.00370	0.00554
18	0.02017	0.01461	0.01604	0.01361	0.01777	0.01614	0.01079	0.21366	0.38848	0.11982	0.02486	0.07491	0.01924	0.00957	0.00691	0.00221	0.00582	0.00788	0.00694	0.01057
19	0.03010	0.01142	0.01557	0.01194	0.01713	0.00986	0.00986	0.03270	0.01920	0.72698	0.02647	0.02284	0.01661	0.00830	0.00675	0.00208	0.00571	0.00675	0.00830	0.01142
20	0.01391	0.01193	0.01391	0.00994	0.01590	0.00894	0.00795	0.01690	0.01391	0.02186	0.01193	0.01391	0.00994	0.00497	0.00497	0.00099	0.00497	0.00398	0.00398	0.80521
21	0.01346	0.03471	0.72942	0.01912	0.02904	0.01558	0.02479	0.02125	0.01417	0.02125	0.01204	0.01417	0.00850	0.00637	0.00637	0.00212	0.00992	0.00496	0.00283	0.00992
22	0.00971	0.00670	0.00799	0.00840	0.00999	0.00590	0.00601	0.01132	0.01467	0.06888	0.08616	0.37314	0.33058	0.01800	0.00813	0.00245	0.00377	0.01573	0.00644	0.00602
23	0.00912	0.00688	0.00845	0.00815	0.00992	0.00620	0.00617	0.01188	0.01784	0.02422	0.51283	0.05511	0.24251	0.01481	0.00797	0.00219	0.00335	0.03924	0.00702	0.00614
24	0.00889	0.00623	0.00800	0.00907	0.00948	0.00603	0.00608	0.00993	0.01214	0.01618	0.03183	0.47832	0.03744	0.23067	0.03766	0.00406	0.00524	0.07208	0.00554	0.00514
25	0.01603	0.31403	0.41321	0.01594	0.02393	0.02015	0.01884	0.06938	0.01521	0.02067	0.01130	0.01300	0.00875	0.00625	0.00561	0.00185	0.00869	0.00451	0.00312	0.00952
26	0.02292	0.12578	0.04618	0.01639	0.02032	0.47154	0.01330	0.10745	0.01895	0.01966	0.01087	0.01270	0.00899	0.00728	0.00723	0.00184	0.07193	0.00459	0.00371	0.00837
27	0.01617	0.01295	0.01426	0.01316	0.01657	0.01455	0.01043	0.05094	0.51568	0.05656	0.02935	0.05695	0.03785	0.01105	0.00728	0.00240	0.00544	0.11196	0.00675	0.00972
28	0.00872	0.00637	0.00806	0.00857	0.00961	0.00586	0.00599	0.01062	0.01522	0.02058	0.28872	0.36854	0.13706	0.06232	0.00978	0.00267	0.00372	0.01535	0.00652	0.00572
29	0.02361	0.01734	0.01869	0.01482	0.01980	0.01923	0.01208	0.50347	0.19577	0.07485	0.01938	0.01863	0.01389	0.00832	0.00674	0.00208	0.00679	0.00645	0.00682	0.01122
30	0.01310	0.00906	0.01062	0.00895	0.01197	0.00812	0.00665	0.01595	0.04271	0.06196	0.01987	0.02699	0.03985	0.19180	0.09181	0.00363	0.00644	0.00675	0.14026	0.28351
31	0.01560	0.01492	0.02542	0.22131	0.55005	0.01568	0.02009	0.01971	0.01480	0.02070	0.01244	0.01693	0.01020	0.00616	0.00666	0.00205	0.00822	0.00597	0.00323	0.00982
32	0.02525	0.02631	0.01950	0.01649	0.02077	0.42924	0.01287	0.31620	0.02440	0.02754	0.01284	0.01382	0.00983	0.00740	0.00633	0.00185	0.01007	0.00506	0.00486	0.00934
33	0.01794	0.76823	0.03516	0.01148	0.01722	0.02655	0.01148	0.02009	0.01363	0.01579	0.00933	0.01076	0.00861	0.00574	0.00431	0.00144	0.00718	0.00359	0.00287	0.00861
34	0.00961	0.00707	0.01020	0.01032	0.01133	0.00799	0.00781	0.01166	0.01091	0.01546	0.01983	0.05651	0.01974	0.14785	0.58261	0.00958	0.01537	0.03658	0.00386	0.00571
35	0.00975	0.00653	0.00743	0.00743	0.00746	0.00656	0.00420	0.00983	0.00979	0.01309	0.02104	0.04336	0.02416	0.74185	0.05617	0.00664	0.00686	0.00968	0.00405	0.00413
36	0.02576	0.01839	0.01989	0.01525	0.02061	0.02021	0.01259	0.66327	0.03087	0.07994	0.01668	0.01648	0.01170	0.00807	0.00671	0.00202	0.00729	0.00608	0.00680	0.01141
37	0.00818	0.00584	0.00779	0.00934	0.00973	0.00545	0.00623	0.00934	0.01285	0.01713	0.03698	0.75981	0.04438	0.02102	0.00856	0.00273	0.00389	0.01908	0.00623	0.00545
38	0.75922	0.01287	0.01024	0.00903	0.01325	0.01470	0.00744	0.02059	0.01194	0.07680	0.01049	0.01170	0.00789	0.00637	0.00433	0.00208	0.00523	0.00384	0.00443	0.00754
39	0.01157	0.00791	0.00991	0.01044	0.01179	0.00784	0.00763	0.09958	0.01578	0.04537	0.03333	0.54478	0.03776	0.01826	0.00822	0.00261	0.00462	0.08560	0.03050	0.00652
40	0.00818	0.00584	0.00779	0.00934	0.00973	0.00545	0.00623	0.00934	0.01285	0.01713	0.03698	0.75981	0.04438	0.02102	0.00856	0.00273	0.00389	0.01908	0.00623	0.00545
41	0.00836	0.00692	0.00739	0.00758	0.00973	0.00596	0.00588	0.01029	0.01544	0.01868	0.08617	0.06552	0.60837	0.01708	0.00810	0.00237	0.00375	0.10038	0.00626	0.00575
42	0.01259	0.01205	0.01225	0.01200	0.01360	0.15354	0.00917	0.01478	0.01254	0.01584	0.01756	0.06614	0.01676	0.03997	0.54938	0.00851	0.01598	0.00731	0.00372	0.00632
43	0.01079	0.00776	0.00993	0.01078	0.05094	0.00802	0.00684	0.04057	0.01187	0.01608	0.02216	0.08655	0.02428	0.45716	0.14458	0.00623	0.00834	0.06740	0.00438	0.00535
44	0.00818	0.00584	0.00779	0.00934	0.00973	0.00545	0.00623	0.00934	0.01285	0.01713	0.03698	0.75981	0.04438	0.02102	0.00856	0.00273	0.00389	0.01908	0.00623	0.00545
45	0.00959	0.00716	0.01064	0.01064	0.01179	0.00831	0.00821	0.01189	0.01074	0.01547	0.01810	0.02707	0.01708	0.07905	0.70929	0.01061	0.01751	0.00729	0.00361	0.00591
46	0.01724	0.01406	0.01472	0.01293	0.01595	0.07637	0.01011	0.17005	0.20305	0.04870	0.01980	0.02329	0.01622	0.07323	0.19540	0.00463	0.03157	0.00689	0.03714	0.00865
47	0.61415	0.01386	0.01382	0.01557	0.15380	0.01552	0.01018	0.05457	0.01321	0.02911	0.01034	0.01230	0.00814	0.00627	0.00478	0.00206	0.00585	0.00422	0.00412	0.00814
48	0.01561	0.04226	0.09919	0.15501	0.39768	0.01622	0.06173	0.02162	0.08422	0.02142	0.01386	0.01731	0.01101	0.00643	0.00665	0.00207	0.00826	0.00607	0.00355	0.00985
49	0.04081	0.19632	0.02284	0.01498	0.01904	0.19015	0.01251	0.21466	0.06926	0.02473	0.01270	0.01421	0.01026	0.00783	0.00825	0.00197	0.12084	0.00509	0.00442	0.00913

[dist]
# distance from previous block
# <min> <max>
0	1

[block]
# block no. 5 follows, 32 sequences, length 161
# corresponding to MSA columns:
# 1209-1369
name=unknown_F
#
# <colnr> <probs for GDERKNQSTAVLIFYWHMCP>
#	G	D	E	R	K	N	Q	S	T	A	V	L	I	F	Y	W	H	M	C	P
0	0.00936	0.00640	0.00842	0.00955	0.01034	0.00606	0.00675	0.01079	0.01322	0.04031	0.03649	0.53464	0.08049	0.07412	0.03678	0.00328	0.00489	0.09639	0.00604	0.00567
