[name]
unknown

[dist]
# distance from previous block
# <min> <max>
0	42

[block]
# block no. 0 follows, 34 sequences, length 31
# corresponding to MSA columns:
# 44-74
name=unknown_A
#
# <colnr> <probs for GDERKNQSTAVLIFYWHMCP>
#	G	D	E	R	K	N	Q	S	T	A	V	L	I	F	Y	W	H	M	C	P
0	0.01003	0.00728	0.00988	0.01106	0.01262	0.00713	0.00952	0.01288	0.01513	0.01967	0.09268	0.06985	0.10846	0.01733	0.00869	0.00282	0.00545	0.56754	0.00605	0.00591
1	0.01025	0.00679	0.00879	0.00834	0.01002	0.00619	0.00623	0.01294	0.01739	0.07274	0.55632	0.12616	0.10550	0.01386	0.00761	0.00211	0.00331	0.01221	0.00697	0.00629
2	0.00898	0.00653	0.00845	0.00810	0.00958	0.00600	0.00603	0.01182	0.01770	0.02482	0.64636	0.09812	0.09557	0.01386	0.00766	0.00208	0.00311	0.01225	0.00698	0.00600
3	0.02527	0.01697	0.01869	0.01433	0.01947	0.01836	0.01184	0.60270	0.02848	0.15177	0.01710	0.01655	0.01179	0.00779	0.00647	0.00195	0.00685	0.00593	0.00671	0.01099
4	0.01256	0.01059	0.01250	0.00948	0.01441	0.00810	0.00740	0.01517	0.01324	0.02036	0.01515	0.12804	0.01460	0.00713	0.00531	0.00121	0.00463	0.00604	0.00416	0.68990
5	0.04942	0.01635	0.02752	0.10217	0.19403	0.06583	0.27975	0.02006	0.01432	0.04701	0.01217	0.01612	0.00962	0.00661	0.00872	0.00215	0.10987	0.00628	0.00337	0.00862
6	0.02764	0.01070	0.01456	0.01127	0.01603	0.00926	0.00926	0.03017	0.01848	0.68861	0.07346	0.02378	0.01906	0.00835	0.00657	0.00200	0.00533	0.00685	0.00794	0.01066
7	0.01327	0.01131	0.01327	0.00967	0.01523	0.00856	0.00777	0.01615	0.01346	0.02098	0.01244	0.01591	0.01074	0.00534	0.00496	0.00104	0.00483	0.03275	0.00392	0.77839
8	0.00839	0.00599	0.00808	0.00952	0.01014	0.00569	0.00683	0.00992	0.01301	0.01730	0.05530	0.61657	0.04221	0.01959	0.00836	0.00267	0.00414	0.14486	0.00602	0.00541
9	0.01310	0.05734	0.71675	0.01818	0.02760	0.01535	0.02346	0.02043	0.01363	0.02029	0.01151	0.01354	0.00819	0.00612	0.00607	0.00202	0.00946	0.00473	0.00273	0.00951
10	0.00812	0.00624	0.00751	0.00840	0.00965	0.00563	0.00616	0.00970	0.01366	0.01726	0.04744	0.39022	0.31874	0.01836	0.00809	0.00249	0.00385	0.10705	0.00599	0.00543
11	0.00902	0.00660	0.00846	0.00800	0.00958	0.00604	0.00600	0.01195	0.01799	0.02521	0.67414	0.04942	0.11647	0.01347	0.00762	0.00204	0.00307	0.01185	0.00702	0.00604
12	0.00793	0.00565	0.00748	0.00892	0.00928	0.00529	0.00592	0.00901	0.01226	0.01634	0.03503	0.74114	0.04200	0.04881	0.00918	0.00276	0.00384	0.01803	0.00592	0.00520
13	0.01780	0.01618	0.01549	0.01371	0.01747	0.09802	0.01068	0.09946	0.57512	0.02711	0.02343	0.02188	0.01760	0.00843	0.00648	0.00211	0.00604	0.00681	0.00620	0.01000
14	0.01462	0.01168	0.01369	0.00985	0.01554	0.00905	0.00791	0.04075	0.01425	0.06030	0.01238	0.01393	0.00996	0.00506	0.00493	0.00105	0.00490	0.00404	0.00414	0.74196
15	0.01382	0.16043	0.58320	0.01759	0.02630	0.01689	0.05580	0.02028	0.01363	0.01957	0.01122	0.01327	0.00828	0.00600	0.00587	0.00194	0.00916	0.00469	0.00276	0.00929
16	0.02609	0.01387	0.01667	0.01290	0.01778	0.01400	0.01063	0.32510	0.02324	0.39930	0.02076	0.01935	0.01383	0.00990	0.04332	0.00239	0.00678	0.00622	0.00711	0.01073
17	0.01577	0.01524	0.02636	0.07491	0.67025	0.01534	0.04745	0.01970	0.01464	0.02086	0.01216	0.01611	0.01014	0.00578	0.00645	0.00194	0.00785	0.00583	0.00318	0.01002
18	0.01220	0.01148	0.01938	0.75739	0.04450	0.01436	0.01794	0.01651	0.01292	0.01651	0.01148	0.01723	0.00861	0.00646	0.00646	0.00215	0.00861	0.00574	0.00287	0.00718
19	0.01599	0.01535	0.02623	0.03966	0.73262	0.01535	0.01983	0.01983	0.01471	0.02111	0.01215	0.01599	0.01023	0.00576	0.00640	0.00192	0.00768	0.00576	0.00320	0.01023
20	0.01622	0.59495	0.20647	0.01286	0.01937	0.02298	0.01419	0.01962	0.01325	0.01649	0.00962	0.01117	0.00827	0.00568	0.00463	0.00154	0.00756	0.00378	0.00276	0.00860
21	0.01125	0.01172	0.11973	0.00989	0.01341	0.00836	0.00905	0.01569	0.06993	0.06648	0.29590	0.04185	0.23786	0.01197	0.00711	0.00203	0.00449	0.01016	0.00598	0.04715
22	0.02412	0.01902	0.01876	0.01480	0.01959	0.10637	0.01203	0.58679	0.02802	0.05749	0.01578	0.03899	0.01182	0.00803	0.00644	0.00193	0.00750	0.00603	0.00612	0.01039
23	0.73046	0.01233	0.01011	0.00883	0.01294	0.01394	0.00728	0.02039	0.01183	0.10800	0.01084	0.01178	0.00800	0.00622	0.00428	0.00200	0.00505	0.00383	0.00444	0.00744
24	0.00815	0.00591	0.00772	0.00876	0.00949	0.00547	0.00606	0.00970	0.01364	0.01829	0.15961	0.57565	0.09155	0.01868	0.00811	0.00250	0.00365	0.03542	0.00619	0.00543
25	0.10297	0.01087	0.01315	0.01056	0.01468	0.01042	0.00860	0.09443	0.03207	0.42520	0.09237	0.02311	0.01921	0.00825	0.00612	0.00194	0.00506	0.00660	0.10489	0.00949
26	0.00796	0.00642	0.00687	0.00699	0.00870	0.00556	0.00502	0.00949	0.01422	0.01753	0.11057	0.13623	0.53147	0.09174	0.01021	0.00262	0.00360	0.01358	0.00588	0.00533
27	0.01399	0.01323	0.02241	0.38217	0.37881	0.01461	0.01861	0.01802	0.01386	0.01885	0.01259	0.01852	0.01038	0.00651	0.00651	0.00207	0.00807	0.02905	0.00314	0.00863
28	0.01729	0.01849	0.10187	0.11834	0.16839	0.09628	0.03113	0.17300	0.03495	0.02390	0.01478	0.01709	0.03876	0.00713	0.00702	0.00193	0.04545	0.00572	0.00407	0.07442
29	0.00998	0.00655	0.00872	0.03421	0.01087	0.00637	0.00649	0.01145	0.03017	0.05283	0.11499	0.39642	0.06330	0.08447	0.03723	0.09673	0.00483	0.01343	0.00550	0.00545
30	0.13109	0.08839	0.07073	0.03505	0.07568	0.11036	0.01155	0.05507	0.01521	0.10015	0.01458	0.01945	0.01223	0.02968	0.00646	0.00191	0.00695	0.05920	0.00429	0.15197

[dist]
# distance from previous block
# <min> <max>
1	9

[block]
# block no. 1 follows, 34 sequences, length 11
# corresponding to MSA columns:
# 84-94
name=unknown_B
#
# <colnr> <probs for GDERKNQSTAVLIFYWHMCP>
#	G	D	E	R	K	N	Q	S	T	A	V	L	I	F	Y	W	H	M	C	P
0	0.13503	0.14243	0.10639	0.07720	0.01864	0.01532	0.01193	0.08048	0.01433	0.05014	0.05547	0.01952	0.04758	0.01386	0.11646	0.00323	0.07437	0.00582	0.00401	0.00777
1	0.00812	0.00628	0.00751	0.00790	0.00929	0.00567	0.00570	0.00992	0.01443	0.01874	0.18976	0.28983	0.32399	0.01886	0.05099	0.00278	0.00420	0.01440	0.00608	0.00554
2	0.01334	0.09865	0.67754	0.01777	0.02697	0.01593	0.02275	0.02036	0.01360	0.02000	0.01137	0.01335	0.00819	0.00609	0.00596	0.00199	0.00932	0.00466	0.00273	0.00944
3	0.01220	0.01148	0.01938	0.75739	0.04450	0.01436	0.01794	0.01651	0.01292	0.01651	0.01148	0.01723	0.00861	0.00646	0.00646	0.00215	0.00861	0.00574	0.00287	0.00718
4	0.01020	0.00775	0.00905	0.00870	0.01033	0.00779	0.00639	0.01340	0.08295	0.04420	0.13574	0.11326	0.28335	0.14065	0.05211	0.00334	0.04770	0.01143	0.00562	0.00605
5	0.00926	0.00681	0.00979	0.00979	0.01074	0.00775	0.00733	0.01116	0.01021	0.01456	0.01785	0.02840	0.01746	0.17775	0.61982	0.00965	0.01534	0.00736	0.00354	0.00544
6	0.81856	0.01250	0.00950	0.00850	0.01250	0.01449	0.00700	0.01899	0.01100	0.02899	0.00900	0.01050	0.00700	0.00600	0.00400	0.00200	0.00500	0.00350	0.00400	0.00700
7	0.05157	0.01791	0.01830	0.01444	0.01929	0.06020	0.01178	0.54898	0.10593	0.06121	0.01652	0.01630	0.01185	0.00775	0.00635	0.00196	0.00701	0.00583	0.00626	0.01057
8	0.15086	0.01476	0.07848	0.01231	0.01742	0.01324	0.01089	0.19736	0.01984	0.35362	0.05305	0.01908	0.01480	0.00771	0.00612	0.00199	0.00606	0.00595	0.00647	0.01000
9	0.01282	0.00747	0.00932	0.00841	0.01081	0.00659	0.00646	0.01527	0.01708	0.17224	0.36278	0.07345	0.24560	0.01329	0.00741	0.00209	0.00365	0.01141	0.00693	0.00691
10	0.46486	0.08285	0.01377	0.01035	0.01429	0.01553	0.00867	0.09643	0.07345	0.05516	0.03883	0.01742	0.01255	0.00750	0.00548	0.00203	0.02691	0.04130	0.00471	0.00789

[dist]
# distance from previous block
# <min> <max>
0	1

[block]
# block no. 2 follows, 34 sequences, length 26
# corresponding to MSA columns:
# 96-121
name=unknown_C
#
# <colnr> <probs for GDERKNQSTAVLIFYWHMCP>
#	G	D	E	R	K	N	Q	S	T	A	V	L	I	F	Y	W	H	M	C	P
0	0.02547	0.01664	0.01849	0.01417	0.01931	0.01787	0.01171	0.57106	0.02793	0.18419	0.01757	0.01685	0.01202	0.00781	0.00647	0.00195	0.00678	0.00596	0.00678	0.01099
1	0.01302	0.00750	0.00973	0.00977	0.01154	0.00698	0.00724	0.04541	0.01505	0.16007	0.07094	0.44771	0.08345	0.01645	0.00780	0.00244	0.00435	0.06734	0.00647	0.00675
2	0.02098	0.01297	0.04218	0.05294	0.02009	0.01194	0.11267	0.13242	0.01940	0.32137	0.15857	0.02491	0.02245	0.00846	0.00686	0.00203	0.00636	0.00747	0.00645	0.00945
3	0.01667	0.01199	0.01348	0.01190	0.01533	0.01308	0.00929	0.02950	0.47364	0.13559	0.16591	0.02859	0.02735	0.00953	0.00677	0.00213	0.00476	0.00805	0.00690	0.00952
4	0.01276	0.01205	0.02038	0.65227	0.14529	0.01450	0.01822	0.01700	0.01318	0.01718	0.01158	0.01705	0.00885	0.00636	0.00645	0.00212	0.00848	0.00574	0.00292	0.00763
5	0.01143	0.00950	0.01260	0.01093	0.01238	0.03506	0.09906	0.01436	0.08952	0.01547	0.01952	0.03498	0.02033	0.52080	0.06303	0.00532	0.00752	0.00861	0.00408	0.00548
6	0.01340	0.01148	0.01340	0.00957	0.01531	0.00861	0.00766	0.01627	0.01340	0.02105	0.01148	0.01340	0.00957	0.00479	0.00479	0.00096	0.00479	0.00383	0.00383	0.81242
7	0.14915	0.01932	0.09323	0.02291	0.15810	0.09729	0.23272	0.10891	0.01657	0.02413	0.01206	0.01478	0.00926	0.00609	0.00631	0.00200	0.00879	0.00571	0.00374	0.00895
8	0.11092	0.06286	0.01774	0.01469	0.01843	0.42816	0.01150	0.14961	0.04092	0.02224	0.01230	0.01483	0.01013	0.00838	0.02790	0.00205	0.00963	0.02547	0.00413	0.00810
9	0.02151	0.01330	0.01536	0.01285	0.01708	0.01409	0.01039	0.16030	0.31306	0.26074	0.02453	0.02509	0.01803	0.00894	0.00669	0.00213	0.00567	0.05291	0.00698	0.01033
10	0.01037	0.00636	0.00830	0.00903	0.00985	0.00596	0.00618	0.01152	0.01256	0.08763	0.03176	0.52874	0.03631	0.15576	0.01259	0.00324	0.00449	0.04791	0.00582	0.00561
11	0.00834	0.00596	0.00804	0.00953	0.01011	0.00565	0.00681	0.00981	0.01283	0.01702	0.03535	0.64021	0.04171	0.01980	0.00837	0.00269	0.00416	0.14224	0.00599	0.00538
12	0.01519	0.01589	0.01964	0.01693	0.01728	0.09621	0.01396	0.01663	0.01078	0.01558	0.00864	0.01388	0.00847	0.01082	0.01959	0.00271	0.68234	0.00550	0.00288	0.00711
13	0.00891	0.00671	0.00833	0.00896	0.01008	0.00648	0.00631	0.01213	0.08121	0.01964	0.18890	0.47154	0.11196	0.01724	0.00789	0.00241	0.00368	0.01540	0.00630	0.00593
14	0.01564	0.01499	0.02558	0.10719	0.66787	0.01526	0.01965	0.01952	0.01454	0.02068	0.01209	0.01611	0.01008	0.00582	0.00640	0.00194	0.00776	0.00576	0.00317	0.00995
15	0.05419	0.01480	0.05160	0.01263	0.01809	0.01327	0.04664	0.24119	0.01872	0.02740	0.01308	0.01482	0.01021	0.00828	0.04589	0.00195	0.00678	0.00487	0.00459	0.39101
16	0.00787	0.00562	0.00750	0.00900	0.00937	0.00525	0.00600	0.00900	0.01237	0.01649	0.03561	0.76871	0.04274	0.02024	0.00825	0.00262	0.00375	0.01837	0.00600	0.00525
17	0.00792	0.00568	0.00744	0.00883	0.00926	0.00530	0.00588	0.00902	0.01235	0.01638	0.03617	0.71386	0.06824	0.04898	0.00917	0.00275	0.00383	0.01784	0.00592	0.00520
18	0.81856	0.01250	0.00950	0.00850	0.01250	0.01449	0.00700	0.01899	0.01100	0.02899	0.00900	0.01050	0.00700	0.00600	0.00400	0.00200	0.00500	0.00350	0.00400	0.00700
19	0.01596	0.01429	0.02409	0.13998	0.57036	0.01462	0.01867	0.01977	0.01467	0.05933	0.01354	0.01845	0.01124	0.00640	0.00650	0.00199	0.00763	0.02930	0.00351	0.00969
20	0.01745	0.01487	0.01972	0.05255	0.10489	0.01640	0.07760	0.22440	0.19867	0.02728	0.01811	0.07114	0.01488	0.00860	0.00798	0.00213	0.07407	0.00716	0.00519	0.03692
21	0.04064	0.01099	0.06957	0.00981	0.01274	0.04789	0.00829	0.01550	0.01443	0.13681	0.03814	0.10720	0.28035	0.07618	0.05484	0.00303	0.00600	0.05528	0.00552	0.00678
22	0.05768	0.34155	0.14029	0.01358	0.03743	0.10538	0.01290	0.04512	0.01534	0.11384	0.05119	0.01498	0.01224	0.00661	0.00530	0.00170	0.00744	0.00475	0.00395	0.00872
23	0.05200	0.52848	0.17282	0.01235	0.01837	0.04367	0.01316	0.01920	0.01338	0.01702	0.01261	0.01389	0.04747	0.00630	0.00478	0.00160	0.00730	0.00430	0.00301	0.00831
24	0.01626	0.12354	0.21389	0.01614	0.04323	0.14934	0.03843	0.04477	0.10576	0.02021	0.04159	0.03665	0.01384	0.00785	0.00713	0.00198	0.05921	0.02898	0.00388	0.02732
25	0.01305	0.07894	0.14833	0.03220	0.01647	0.04884	0.01142	0.05687	0.06529	0.01869	0.02017	0.18808	0.03323	0.13813	0.01221	0.00285	0.07053	0.00892	0.00430	0.03151

[dist]
# distance from previous block
# <min> <max>
0	2

[block]
# block no. 3 follows, 34 sequences, length 13
# corresponding to MSA columns:
# 124-136
name=unknown_D
#
# <colnr> <probs for GDERKNQSTAVLIFYWHMCP>
#	G	D	E	R	K	N	Q	S	T	A	V	L	I	F	Y	W	H	M	C	P
0	0.06508	0.07873	0.10798	0.01360	0.01782	0.06863	0.06725	0.11077	0.14323	0.02335	0.06114	0.09936	0.04763	0.05734	0.00811	0.00231	0.00676	0.00782	0.00488	0.00821
1	0.04177	0.01197	0.03211	0.01413	0.06053	0.05913	0.06572	0.05200	0.02853	0.09601	0.07352	0.19784	0.06978	0.03165	0.02517	0.05263	0.06546	0.00978	0.00506	0.00720
2	0.00946	0.00677	0.01016	0.01016	0.01118	0.00780	0.00780	0.01118	0.01016	0.01457	0.01662	0.02473	0.01559	0.04551	0.66535	0.10139	0.01598	0.00677	0.00339	0.00543
3	0.01283	0.01123	0.01663	0.10020	0.07626	0.01292	0.05663	0.08766	0.01412	0.01949	0.02034	0.27408	0.02162	0.01421	0.03969	0.00277	0.18217	0.02554	0.00445	0.00716
4	0.01428	0.01582	0.11042	0.27423	0.28106	0.01465	0.04020	0.05061	0.04306	0.02004	0.01316	0.01821	0.01072	0.05688	0.00818	0.00232	0.00810	0.00600	0.00337	0.00869
5	0.10656	0.02100	0.30492	0.01834	0.09594	0.01392	0.08632	0.03834	0.03830	0.09067	0.01528	0.06534	0.01223	0.00745	0.00663	0.00208	0.02851	0.00626	0.03294	0.00897
6	0.01577	0.01597	0.01962	0.01680	0.01745	0.08840	0.01386	0.06242	0.01204	0.01724	0.00909	0.01399	0.00863	0.01064	0.01878	0.00266	0.64065	0.00552	0.00311	0.00737
7	0.01308	0.01106	0.01289	0.00937	0.01465	0.00842	0.00735	0.01572	0.01308	0.02037	0.01220	0.01572	0.01069	0.06665	0.00705	0.00138	0.00490	0.00428	0.00384	0.74730
8	0.81856	0.01250	0.00950	0.00850	0.01250	0.01449	0.00700	0.01899	0.01100	0.02899	0.00900	0.01050	0.00700	0.00600	0.00400	0.00200	0.00500	0.00350	0.00400	0.00700
9	0.00970	0.00658	0.00848	0.00837	0.00985	0.00600	0.00613	0.01212	0.01650	0.05922	0.45886	0.22686	0.11695	0.01498	0.00772	0.00219	0.00337	0.01326	0.00678	0.00608
10	0.01557	0.06575	0.23828	0.02082	0.14846	0.15961	0.08766	0.01984	0.01506	0.01929	0.05582	0.05031	0.04160	0.00761	0.00677	0.00197	0.02716	0.00640	0.00351	0.00850
11	0.00850	0.00633	0.00743	0.00784	0.00894	0.00582	0.00549	0.00988	0.01331	0.01716	0.12055	0.22485	0.26871	0.19755	0.01390	0.00330	0.00428	0.06538	0.00562	0.00515
12	0.01505	0.01072	0.01366	0.01276	0.06056	0.01080	0.03402	0.09416	0.15264	0.11438	0.27716	0.03542	0.11988	0.01076	0.00708	0.00206	0.00479	0.00929	0.00652	0.00830

[dist]
# distance from previous block
# <min> <max>
1	3

[block]
# block no. 4 follows, 34 sequences, length 12
# corresponding to MSA columns:
# 141-152
name=unknown_E
#
# <colnr> <probs for GDERKNQSTAVLIFYWHMCP>
#	G	D	E	R	K	N	Q	S	T	A	V	L	I	F	Y	W	H	M	C	P
0	0.05086	0.01495	0.01524	0.01323	0.01718	0.04946	0.01042	0.12369	0.51675	0.08003	0.02335	0.02169	0.01725	0.00837	0.00642	0.00211	0.00570	0.00675	0.00641	0.01013
1	0.12665	0.07638	0.10006	0.05079	0.09552	0.13389	0.03673	0.15735	0.04779	0.02470	0.01229	0.01399	0.00952	0.00642	0.00570	0.00181	0.00777	0.00487	0.00408	0.08368
2	0.01210	0.01088	0.01826	0.68095	0.04082	0.01346	0.01669	0.01568	0.01246	0.01597	0.01146	0.01747	0.00888	0.00809	0.00838	0.08481	0.00831	0.00573	0.00286	0.00673
3	0.16856	0.14780	0.01979	0.01534	0.06759	0.31395	0.01157	0.10743	0.01735	0.05911	0.01127	0.01254	0.00893	0.00649	0.00536	0.00175	0.00849	0.00436	0.00398	0.00834
4	0.06545	0.01642	0.01708	0.01382	0.01841	0.04076	0.01119	0.40107	0.23358	0.08583	0.01892	0.01815	0.01365	0.00794	0.00635	0.00201	0.00643	0.00613	0.00638	0.01044
5	0.00828	0.00629	0.00763	0.00790	0.00928	0.00564	0.00569	0.01030	0.01537	0.02039	0.30969	0.27224	0.26515	0.01634	0.00782	0.00226	0.00333	0.01433	0.00642	0.00564
6	0.10006	0.01232	0.01523	0.01179	0.01672	0.01171	0.00974	0.14400	0.01980	0.55623	0.02232	0.01986	0.01434	0.00778	0.00626	0.00199	0.00572	0.00611	0.00738	0.01063
7	0.00891	0.00626	0.00714	0.00728	0.00779	0.00600	0.00449	0.00954	0.01129	0.01481	0.08268	0.13159	0.14415	0.50350	0.02396	0.00485	0.00524	0.01132	0.00474	0.00449
8	0.01556	0.03222	0.13790	0.01824	0.16617	0.03099	0.01358	0.10807	0.04766	0.07531	0.15291	0.08403	0.02359	0.00921	0.00669	0.00201	0.00638	0.02321	0.00508	0.04120
9	0.04828	0.00806	0.00914	0.00835	0.01058	0.00774	0.00641	0.08460	0.01809	0.02493	0.41123	0.04747	0.26449	0.01330	0.00733	0.00207	0.00364	0.01130	0.00655	0.00645
10	0.12027	0.35614	0.05200	0.02650	0.01511	0.04012	0.00970	0.01724	0.01312	0.04437	0.05376	0.13017	0.01752	0.05244	0.02474	0.00225	0.00643	0.00682	0.00394	0.00734
11	0.43436	0.19624	0.01766	0.01191	0.04738	0.10113	0.00952	0.04906	0.04378	0.02426	0.01026	0.01164	0.00831	0.00614	0.00456	0.00182	0.00642	0.00393	0.00381	0.00781

[dist]
# distance from previous block
# <min> <max>
0	2

[block]
# block no. 5 follows, 34 sequences, length 24
# corresponding to MSA columns:
# 155-178
name=unknown_F
#
# <colnr> <probs for GDERKNQSTAVLIFYWHMCP>
#	G	D	E	R	K	N	Q	S	T	A	V	L	I	F	Y	W	H	M	C	P
0	0.01319	0.04241	0.14430	0.03685	0.03797	0.03462	0.11141	0.04948	0.09816	0.02271	0.21261	0.02887	0.07867	0.01046	0.02886	0.00231	0.02605	0.00814	0.00492	0.00800
1	0.01499	0.07552	0.41530	0.03862	0.02501	0.01532	0.08053	0.02309	0.13094	0.07386	0.01565	0.03656	0.01176	0.00700	0.00630	0.00205	0.00828	0.00588	0.00390	0.00942
2	0.00914	0.00669	0.00950	0.00957	0.01053	0.00739	0.00712	0.01109	0.01121	0.01588	0.09152	0.09027	0.02390	0.14567	0.51074	0.00832	0.01319	0.00868	0.00410	0.00550
3	0.07052	0.01346	0.01483	0.01108	0.01648	0.01241	0.00897	0.20922	0.04091	0.02722	0.01291	0.01414	0.01012	0.00582	0.00525	0.00134	0.00545	0.00447	0.00466	0.51073
4	0.01030	0.00683	0.00848	0.00814	0.00997	0.00610	0.00607	0.01265	0.01652	0.08438	0.39453	0.15426	0.22829	0.01460	0.00762	0.00215	0.00342	0.01271	0.00674	0.00623
5	0.01296	0.03342	0.73944	0.01842	0.02797	0.01501	0.02387	0.02046	0.01364	0.02046	0.01160	0.01364	0.00818	0.00614	0.00614	0.00205	0.00955	0.00477	0.00273	0.00955
6	0.01310	0.03245	0.69695	0.01895	0.02832	0.01509	0.06540	0.02048	0.01374	0.02048	0.01168	0.01387	0.00828	0.00610	0.00623	0.00205	0.00963	0.00495	0.00276	0.00950
7	0.00857	0.00638	0.00803	0.00878	0.00977	0.00604	0.00613	0.01109	0.05268	0.01918	0.18580	0.49933	0.11867	0.01770	0.00796	0.00243	0.00362	0.01584	0.00627	0.00572
8	0.01061	0.00737	0.00912	0.00875	0.01043	0.00712	0.00651	0.04282	0.05497	0.04416	0.43516	0.18407	0.07310	0.01370	0.00740	0.00212	0.00354	0.01205	0.06054	0.00647
9	0.18854	0.01193	0.01427	0.01119	0.01600	0.01144	0.00924	0.08881	0.01802	0.53232	0.02127	0.01909	0.01373	0.00757	0.00599	0.00199	0.00554	0.00583	0.00705	0.01019
10	0.01024	0.00732	0.01022	0.01170	0.01312	0.00729	0.01012	0.01309	0.01471	0.01915	0.03430	0.11951	0.03756	0.01801	0.00888	0.00295	0.00580	0.64418	0.00595	0.00590
11	0.06136	0.02779	0.01766	0.01580	0.01934	0.61841	0.01199	0.05666	0.03912	0.05737	0.01152	0.01270	0.00913	0.00681	0.00583	0.00173	0.01061	0.00442	0.00385	0.00790
12	0.00784	0.00593	0.00724	0.00824	0.00919	0.00533	0.00567	0.00917	0.01324	0.01704	0.06335	0.53687	0.24978	0.01889	0.00805	0.00248	0.00359	0.01677	0.00603	0.00533
13	0.01535	0.10379	0.06996	0.05724	0.07657	0.04528	0.46645	0.02008	0.01489	0.01960	0.01417	0.01772	0.03538	0.00600	0.00695	0.00204	0.00982	0.00688	0.00326	0.00858
14	0.01363	0.02871	0.53270	0.02102	0.02968	0.01540	0.22589	0.02053	0.01412	0.02053	0.01203	0.01476	0.00866	0.00593	0.00658	0.00209	0.00995	0.00561	0.00289	0.00930
15	0.00915	0.00741	0.00864	0.00856	0.01044	0.00737	0.00649	0.01276	0.08918	0.01802	0.07184	0.07660	0.37161	0.05040	0.20067	0.00449	0.00730	0.02768	0.00537	0.00602
16	0.01158	0.00755	0.00914	0.00852	0.01075	0.00690	0.00654	0.02928	0.03809	0.10955	0.31937	0.09842	0.26711	0.01399	0.00752	0.00215	0.00372	0.03644	0.00671	0.00666
17	0.06128	0.08342	0.07783	0.10604	0.04552	0.26479	0.03774	0.04782	0.05910	0.06193	0.01277	0.01479	0.00995	0.00696	0.00679	0.00190	0.05520	0.00503	0.03294	0.00822
18	0.01220	0.01148	0.01938	0.75739	0.04450	0.01436	0.01794	0.01651	0.01292	0.01651	0.01148	0.01723	0.00861	0.00646	0.00646	0.00215	0.00861	0.00574	0.00287	0.00718
19	0.05657	0.01142	0.01480	0.01144	0.01628	0.01038	0.00943	0.08466	0.01898	0.62801	0.02392	0.02114	0.01529	0.00789	0.00633	0.00198	0.00551	0.00632	0.03898	0.01066
20	0.07560	0.09795	0.09237	0.01577	0.01998	0.55770	0.01314	0.02421	0.01687	0.01711	0.00999	0.01166	0.00822	0.00646	0.00558	0.00170	0.01056	0.00411	0.00326	0.00774
21	0.08564	0.03748	0.08278	0.08194	0.06511	0.04136	0.09487	0.16768	0.01801	0.14611	0.03150	0.05566	0.01332	0.00783	0.00706	0.00206	0.04107	0.00650	0.00492	0.00911
22	0.00899	0.00681	0.00927	0.01035	0.01091	0.00710	0.00767	0.01051	0.01263	0.01697	0.03271	0.55575	0.03830	0.01890	0.00964	0.00271	0.07748	0.15204	0.00568	0.00557
23	0.00809	0.00589	0.00765	0.00881	0.00952	0.00545	0.00611	0.00954	0.01329	0.01763	0.10563	0.59798	0.11075	0.01907	0.00816	0.00254	0.00374	0.04865	0.00610	0.00538

[dist]
# distance from previous block
# <min> <max>
5	9

[block]
# block no. 6 follows, 34 sequences, length 31
# corresponding to MSA columns:
# 189-219
name=unknown_G
#
# <colnr> <probs for GDERKNQSTAVLIFYWHMCP>
#	G	D	E	R	K	N	Q	S	T	A	V	L	I	F	Y	W	H	M	C	P
0	0.03061	0.05920	0.07029	0.07483	0.05940	0.06984	0.01167	0.14868	0.08241	0.02422	0.12504	0.07605	0.06420	0.02647	0.00728	0.00216	0.00644	0.04795	0.00516	0.00809
1	0.01749	0.69652	0.06609	0.01174	0.01732	0.06891	0.01175	0.01979	0.01347	0.01549	0.00917	0.01060	0.00829	0.00563	0.00434	0.00143	0.00732	0.00356	0.00280	0.00830
2	0.01353	0.01228	0.03472	0.09877	0.05526	0.05186	0.01042	0.07055	0.13039	0.02022	0.07057	0.04034	0.01928	0.17204	0.10376	0.00395	0.04338	0.00741	0.00449	0.03679
3	0.00905	0.00660	0.00851	0.00803	0.00960	0.00606	0.00602	0.01202	0.01807	0.02540	0.68887	0.04911	0.10162	0.01340	0.00762	0.00204	0.00306	0.01180	0.00705	0.00606
4	0.01631	0.40390	0.15136	0.06899	0.05813	0.06280	0.01414	0.03721	0.07287	0.01847	0.03315	0.01421	0.01100	0.00633	0.00524	0.00170	0.00755	0.00464	0.00336	0.00864
5	0.01644	0.01714	0.09788	0.04230	0.28527	0.01547	0.15620	0.15885	0.01784	0.02469	0.03488	0.05398	0.01382	0.00741	0.00683	0.00206	0.00805	0.02728	0.00414	0.00947
6	0.00850	0.00623	0.00781	0.00851	0.00950	0.00578	0.00608	0.01017	0.01387	0.01836	0.17275	0.35818	0.16291	0.09641	0.01066	0.00285	0.00403	0.08603	0.00599	0.00538
7	0.05713	0.01292	0.01588	0.01228	0.01724	0.01253	0.01012	0.20143	0.04342	0.51350	0.02240	0.02000	0.01452	0.00789	0.00640	0.00199	0.00587	0.00624	0.00742	0.01082
8	0.00791	0.00628	0.00700	0.00738	0.00890	0.00549	0.00526	0.00943	0.01408	0.01760	0.10731	0.25835	0.44810	0.05584	0.00910	0.00250	0.00354	0.01459	0.00598	0.00537
9	0.06281	0.01407	0.01526	0.01292	0.01710	0.01557	0.01030	0.15466	0.43794	0.15175	0.02329	0.02147	0.01683	0.00830	0.00640	0.00210	0.00553	0.00669	0.00666	0.01032
10	0.00851	0.00658	0.00776	0.00747	0.00926	0.00583	0.00560	0.01097	0.01680	0.02237	0.45094	0.05410	0.34144	0.01453	0.00763	0.00209	0.00314	0.01250	0.00665	0.00583
11	0.01340	0.01148	0.01340	0.00957	0.01531	0.00861	0.00766	0.01627	0.01340	0.02105	0.01148	0.01340	0.00957	0.00479	0.00479	0.00096	0.00479	0.00383	0.00383	0.81242
12	0.03962	0.21041	0.43504	0.01578	0.02315	0.04940	0.01842	0.02075	0.01372	0.06017	0.01145	0.01317	0.00865	0.00639	0.00641	0.00191	0.04890	0.00454	0.00311	0.00903
13	0.01026	0.00739	0.01036	0.00975	0.01064	0.00802	0.03275	0.01160	0.01032	0.03415	0.01846	0.03237	0.01901	0.37834	0.34295	0.00767	0.03894	0.00803	0.00377	0.00522
14	0.01061	0.00664	0.00827	0.00807	0.00859	0.00678	0.00519	0.01106	0.01007	0.05516	0.01951	0.03635	0.02085	0.53747	0.17663	0.05317	0.00843	0.00851	0.00400	0.00464
15	0.10778	0.28354	0.02276	0.01431	0.06063	0.11155	0.03071	0.05997	0.16651	0.03905	0.01414	0.01504	0.01133	0.00790	0.02755	0.00203	0.00736	0.00494	0.00418	0.00872
16	0.01417	0.01562	0.03305	0.02393	0.02958	0.01462	0.59294	0.01896	0.01503	0.02029	0.05128	0.02298	0.05506	0.05116	0.00910	0.00241	0.00980	0.00828	0.00365	0.00812
17	0.04262	0.06203	0.17081	0.06856	0.02058	0.10268	0.01423	0.02028	0.05627	0.08785	0.01371	0.01676	0.01097	0.01416	0.12535	0.00343	0.15240	0.00548	0.00373	0.00809
18	0.01516	0.01823	0.07825	0.02747	0.07590	0.01620	0.62734	0.02063	0.01512	0.02071	0.01293	0.01712	0.00974	0.00551	0.00746	0.00216	0.01062	0.00735	0.00323	0.00886
19	0.01220	0.01148	0.01938	0.75739	0.04450	0.01436	0.01794	0.01651	0.01292	0.01651	0.01148	0.01723	0.00861	0.00646	0.00646	0.00215	0.00861	0.00574	0.00287	0.00718
20	0.06032	0.01802	0.06640	0.05323	0.11574	0.16274	0.10718	0.07980	0.03712	0.05879	0.01666	0.10589	0.01506	0.00879	0.00715	0.00210	0.03318	0.03919	0.00431	0.00833
21	0.02752	0.01156	0.01522	0.01188	0.01671	0.01051	0.00984	0.10311	0.01957	0.62426	0.02489	0.02403	0.01660	0.00850	0.00662	0.00205	0.00569	0.04300	0.00772	0.01072
22	0.00791	0.00570	0.00750	0.00886	0.00935	0.00529	0.00595	0.00913	0.01269	0.01688	0.06236	0.71147	0.07336	0.01982	0.00820	0.00258	0.00370	0.01792	0.00604	0.00529
23	0.00870	0.00701	0.02720	0.00936	0.01045	0.00617	0.00690	0.03081	0.01347	0.01770	0.03812	0.57371	0.12947	0.01879	0.00812	0.00256	0.00413	0.07580	0.00592	0.00562
24	0.01819	0.58853	0.02990	0.05522	0.01865	0.07418	0.01155	0.05994	0.03813	0.03886	0.01064	0.01195	0.00908	0.00597	0.00468	0.00152	0.00725	0.00399	0.00330	0.00847
25	0.06773	0.01044	0.01298	0.01050	0.01454	0.00969	0.00850	0.06989	0.04169	0.43344	0.13588	0.02977	0.10711	0.00968	0.00666	0.00203	0.00492	0.00795	0.00725	0.00934
26	0.31217	0.01200	0.01258	0.01051	0.01454	0.01263	0.00851	0.10870	0.07184	0.23782	0.09038	0.04789	0.01797	0.00829	0.00577	0.00203	0.00517	0.00636	0.00607	0.00876
27	0.01933	0.03792	0.10861	0.03850	0.05904	0.05852	0.05326	0.27142	0.05795	0.08882	0.01693	0.03404	0.01345	0.01025	0.04562	0.00249	0.02394	0.04533	0.00512	0.00946
28	0.00854	0.00615	0.00790	0.00901	0.00974	0.00582	0.00642	0.00994	0.01279	0.01679	0.05119	0.46440	0.10585	0.11718	0.01150	0.00311	0.00441	0.13827	0.00574	0.00524
29	0.01514	0.01033	0.01199	0.01055	0.01379	0.01036	0.00817	0.02324	0.26989	0.14496	0.16339	0.09472	0.10093	0.01087	0.00685	0.00205	0.00445	0.00927	0.00656	0.08247
30	0.05839	0.09816	0.09506	0.05795	0.05560	0.01506	0.03178	0.08770	0.18736	0.07480	0.04941	0.02013	0.04086	0.00751	0.00602	0.00189	0.00630	0.00611	0.00493	0.09498

[dist]
# distance from previous block
# <min> <max>
0	2

[block]
# block no. 7 follows, 34 sequences, length 19
# corresponding to MSA columns:
# 222-240
name=unknown_H
#
# <colnr> <probs for GDERKNQSTAVLIFYWHMCP>
#	G	D	E	R	K	N	Q	S	T	A	V	L	I	F	Y	W	H	M	C	P
0	0.05994	0.02963	0.08491	0.07523	0.10640	0.01178	0.06408	0.05586	0.07069	0.02107	0.04745	0.19390	0.11659	0.01186	0.01970	0.00233	0.00630	0.00986	0.00476	0.00764
1	0.18191	0.19015	0.14889	0.08635	0.09672	0.01738	0.13872	0.01943	0.01330	0.02080	0.01077	0.01349	0.00853	0.00581	0.00554	0.00189	0.00787	0.00489	0.00318	0.02437
2	0.01856	0.01223	0.01403	0.01203	0.01598	0.01274	0.00944	0.02978	0.40943	0.21274	0.02536	0.08158	0.01956	0.00908	0.00651	0.00205	0.00507	0.00763	0.00663	0.08957
3	0.01062	0.00801	0.01049	0.00992	0.01140	0.00883	0.00760	0.03497	0.07008	0.02070	0.25532	0.03300	0.03129	0.07333	0.29952	0.00559	0.04972	0.00855	0.04471	0.00636
4	0.00791	0.00570	0.00750	0.00885	0.00935	0.00529	0.00595	0.00913	0.01271	0.01690	0.06321	0.70813	0.07589	0.01979	0.00819	0.00258	0.00370	0.01789	0.00604	0.00529
5	0.00879	0.00653	0.00759	0.00733	0.00911	0.00584	0.00550	0.01128	0.01649	0.02242	0.40789	0.05172	0.32107	0.01398	0.00737	0.00205	0.00313	0.01198	0.07409	0.00584
6	0.02309	0.07211	0.01929	0.01522	0.01945	0.41487	0.01199	0.24610	0.02154	0.02419	0.01181	0.01294	0.00927	0.00681	0.00585	0.00169	0.00940	0.00463	0.00434	0.06540
7	0.04853	0.59649	0.17494	0.01244	0.01871	0.02300	0.01347	0.01956	0.01315	0.01681	0.00951	0.01103	0.00822	0.00567	0.00454	0.00154	0.00736	0.00372	0.00281	0.00849
8	0.72274	0.01231	0.01016	0.00886	0.01298	0.01389	0.00730	0.02051	0.01191	0.11492	0.01100	0.01189	0.00809	0.00624	0.00430	0.00200	0.00506	0.00386	0.00448	0.00748
9	0.00884	0.00668	0.00833	0.00935	0.01050	0.00640	0.00692	0.01151	0.05776	0.01791	0.04063	0.44528	0.17553	0.01829	0.00816	0.00258	0.00418	0.14939	0.00602	0.00574
10	0.02429	0.01609	0.01785	0.01395	0.01888	0.01737	0.01144	0.48126	0.12268	0.17924	0.01900	0.01800	0.01320	0.00794	0.00649	0.00199	0.00651	0.00616	0.00679	0.01089
11	0.00880	0.00659	0.00816	0.00777	0.00944	0.00595	0.00583	0.01153	0.01748	0.02398	0.57769	0.05144	0.21369	0.01393	0.00762	0.00207	0.00310	0.01213	0.00686	0.00595
12	0.06142	0.01043	0.01388	0.01117	0.01555	0.00927	0.00918	0.02802	0.01761	0.59962	0.04672	0.06147	0.01969	0.00934	0.00667	0.00210	0.00535	0.05492	0.00755	0.01004
13	0.00821	0.00649	0.00743	0.00768	0.00940	0.00572	0.00577	0.01016	0.01509	0.01916	0.19191	0.16943	0.43205	0.01645	0.00783	0.00229	0.00352	0.06960	0.00622	0.00559
14	0.02151	0.31960	0.02448	0.01428	0.01866	0.38642	0.01191	0.09864	0.01762	0.01831	0.01020	0.01158	0.00860	0.00634	0.00524	0.00158	0.00931	0.00407	0.00345	0.00819
15	0.00935	0.00645	0.00799	0.00799	0.00831	0.00677	0.00509	0.01000	0.00967	0.01322	0.01950	0.03753	0.02143	0.56900	0.23398	0.00742	0.00937	0.00870	0.00379	0.00444
16	0.02357	0.01007	0.01342	0.01069	0.01473	0.00897	0.00863	0.05023	0.01860	0.52343	0.19103	0.02856	0.02665	0.03173	0.00754	0.00213	0.00500	0.00778	0.00761	0.00963
17	0.01033	0.00734	0.00895	0.00923	0.01034	0.00724	0.00645	0.09443	0.01456	0.01938	0.07728	0.45556	0.08763	0.09591	0.01156	0.05360	0.00445	0.01433	0.00571	0.00572
18	0.01594	0.01548	0.02510	0.06331	0.66016	0.04099	0.01900	0.01960	0.01461	0.02049	0.01231	0.01671	0.01052	0.02986	0.00721	0.00205	0.00781	0.00581	0.00321	0.00983

[dist]
# distance from previous block
# <min> <max>
6	9

[block]
# block no. 8 follows, 34 sequences, length 26
# corresponding to MSA columns:
# 251-276
name=unknown_I
#
# <colnr> <probs for GDERKNQSTAVLIFYWHMCP>
#	G	D	E	R	K	N	Q	S	T	A	V	L	I	F	Y	W	H	M	C	P
0	0.01594	0.05801	0.04343	0.04175	0.17997	0.01304	0.06559	0.05875	0.06818	0.08624	0.01792	0.06823	0.04116	0.00743	0.00615	0.00177	0.00640	0.00659	0.00447	0.20899
1	0.01433	0.01460	0.04116	0.01905	0.05931	0.05133	0.22558	0.07133	0.01442	0.01982	0.04092	0.03495	0.01377	0.01806	0.19368	0.00428	0.14501	0.00699	0.00368	0.00774
2	0.01195	0.01103	0.01439	0.01323	0.01407	0.05550	0.01062	0.01388	0.01066	0.01525	0.01356	0.02035	0.01281	0.03204	0.43070	0.00703	0.29709	0.00628	0.00321	0.00636
3	0.01004	0.00803	0.01037	0.01022	0.01122	0.03977	0.00766	0.01187	0.01053	0.01459	0.01731	0.02762	0.01697	0.18065	0.56156	0.00903	0.03629	0.00723	0.00352	0.00553
4	0.00907	0.00671	0.00780	0.00776	0.00966	0.00591	0.00590	0.01118	0.01566	0.04653	0.24391	0.11914	0.40825	0.01562	0.00773	0.00223	0.00352	0.06118	0.00638	0.00586
5	0.00847	0.00651	0.00758	0.00741	0.00905	0.00580	0.00542	0.01061	0.01586	0.02091	0.36440	0.08266	0.34300	0.07231	0.00956	0.00244	0.00342	0.01261	0.00635	0.00562
6	0.00925	0.00686	0.01007	0.01007	0.01111	0.00790	0.00768	0.01133	0.01029	0.01476	0.01760	0.02699	0.01685	0.11730	0.67943	0.00999	0.01626	0.00716	0.00350	0.00559
7	0.01727	0.77681	0.03386	0.01106	0.01658	0.02557	0.01106	0.01935	0.01313	0.01520	0.00898	0.01036	0.00829	0.00553	0.00415	0.00138	0.00691	0.00345	0.00276	0.00829
8	0.01136	0.00756	0.01036	0.01131	0.01307	0.00736	0.00974	0.01423	0.01533	0.06593	0.08192	0.06734	0.07774	0.01682	0.00861	0.00280	0.00557	0.56052	0.00616	0.00626
9	0.81856	0.01250	0.00950	0.00850	0.01250	0.01449	0.00700	0.01899	0.01100	0.02899	0.00900	0.01050	0.00700	0.00600	0.00400	0.00200	0.00500	0.00350	0.00400	0.00700
10	0.09349	0.01524	0.01685	0.01322	0.01809	0.01625	0.01085	0.39697	0.09287	0.23128	0.01877	0.01771	0.01288	0.00777	0.00627	0.00199	0.00629	0.00595	0.00669	0.01057
11	0.60592	0.01400	0.01215	0.01020	0.01452	0.01598	0.00841	0.20434	0.01619	0.03213	0.01074	0.01184	0.00807	0.00647	0.00466	0.00198	0.00556	0.00412	0.00466	0.00807
12	0.02486	0.01762	0.01910	0.01464	0.01980	0.01933	0.01209	0.66565	0.02958	0.08727	0.01618	0.01595	0.01132	0.00777	0.00647	0.00194	0.00700	0.00586	0.00657	0.01099
13	0.01733	0.01233	0.01357	0.01193	0.01563	0.01338	0.00936	0.03035	0.49199	0.15895	0.03153	0.02895	0.11673	0.00967	0.00671	0.00215	0.00493	0.00802	0.00676	0.00971
14	0.01565	0.01502	0.05467	0.20397	0.39859	0.01489	0.07006	0.02078	0.06231	0.06070	0.01375	0.01718	0.01070	0.00625	0.00651	0.00202	0.00792	0.00600	0.00361	0.00941
15	0.02802	0.01110	0.01491	0.01149	0.01636	0.00977	0.00947	0.05707	0.01895	0.68155	0.05334	0.02280	0.01760	0.00820	0.00654	0.00200	0.00546	0.00668	0.00790	0.01080
16	0.02205	0.01685	0.01798	0.01436	0.01908	0.01887	0.01167	0.51122	0.23432	0.03668	0.01870	0.01805	0.01357	0.00805	0.00650	0.00201	0.00652	0.00626	0.00650	0.01076
17	0.00808	0.00583	0.00770	0.00911	0.00968	0.00545	0.00632	0.00939	0.01272	0.01680	0.03717	0.66837	0.08097	0.01982	0.00827	0.00263	0.00391	0.07645	0.00599	0.00532
18	0.00898	0.00645	0.00759	0.00739	0.00839	0.00605	0.00497	0.01049	0.01391	0.01876	0.31198	0.04823	0.16453	0.33402	0.01827	0.00384	0.00444	0.01107	0.00557	0.00506
19	0.06767	0.01705	0.01879	0.03580	0.06145	0.01893	0.01238	0.55037	0.09195	0.03700	0.01584	0.01610	0.01147	0.00760	0.00633	0.00197	0.00688	0.00582	0.00605	0.01055
20	0.00862	0.00660	0.00715	0.00714	0.00908	0.00567	0.00525	0.01029	0.01472	0.04281	0.12121	0.13269	0.54029	0.04864	0.00874	0.00238	0.00351	0.01352	0.00608	0.00562
21	0.01360	0.01736	0.22222	0.01425	0.04136	0.03949	0.01336	0.07401	0.10457	0.04623	0.07742	0.20857	0.02503	0.01159	0.00708	0.00225	0.00647	0.06187	0.00512	0.00814
22	0.03876	0.01691	0.03232	0.10581	0.07658	0.05818	0.50509	0.02014	0.01512	0.02040	0.03729	0.01784	0.01130	0.00593	0.00721	0.00212	0.01004	0.00712	0.00338	0.00843
23	0.01532	0.01275	0.01478	0.01090	0.01620	0.01119	0.00882	0.13291	0.01604	0.02403	0.01198	0.01380	0.00974	0.00567	0.00604	0.00123	0.04987	0.00427	0.00421	0.63024
24	0.01826	0.03623	0.26075	0.01481	0.03575	0.05449	0.01469	0.11819	0.01731	0.18667	0.03366	0.08240	0.05822	0.00888	0.00695	0.00206	0.02929	0.00710	0.00506	0.00921
25	0.04563	0.24495	0.08939	0.01495	0.01951	0.44909	0.01296	0.02324	0.01616	0.01648	0.00982	0.01143	0.00826	0.00626	0.00532	0.00163	0.00989	0.00399	0.00313	0.00790

[dist]
# distance from previous block
# <min> <max>
0	2

[block]
# block no. 9 follows, 34 sequences, length 13
# corresponding to MSA columns:
# 279-291
name=unknown_J
#
# <colnr> <probs for GDERKNQSTAVLIFYWHMCP>
#	G	D	E	R	K	N	Q	S	T	A	V	L	I	F	Y	W	H	M	C	P
0	0.05072	0.10561	0.32432	0.01653	0.04399	0.01520	0.08657	0.09377	0.01575	0.04043	0.04906	0.07529	0.03918	0.00797	0.00631	0.00202	0.00780	0.00672	0.00396	0.00879
1	0.04349	0.01148	0.01338	0.00968	0.01530	0.00889	0.00777	0.01751	0.01369	0.07513	0.01245	0.01394	0.00996	0.00507	0.00489	0.00107	0.00485	0.00402	0.00415	0.72329
2	0.00850	0.00645	0.00792	0.00871	0.00992	0.00600	0.00634	0.01075	0.03860	0.01834	0.11019	0.40647	0.22841	0.01785	0.00804	0.00247	0.00384	0.08943	0.00612	0.00564
3	0.01467	0.01439	0.03839	0.20509	0.19885	0.03199	0.11320	0.05806	0.12078	0.02153	0.03480	0.02300	0.06257	0.00771	0.00678	0.00210	0.00763	0.02562	0.00416	0.00868
4	0.00790	0.00646	0.00697	0.00704	0.00894	0.00554	0.00521	0.00971	0.01505	0.01870	0.16769	0.13146	0.55437	0.01626	0.00770	0.00220	0.00329	0.01381	0.00618	0.00554
5	0.01330	0.09244	0.68343	0.01783	0.02706	0.01584	0.02286	0.02037	0.01360	0.02004	0.01139	0.01338	0.00819	0.00609	0.00598	0.00199	0.00934	0.00467	0.00273	0.00945
6	0.00993	0.00812	0.00834	0.00867	0.00954	0.06169	0.00591	0.01098	0.01231	0.01548	0.05272	0.21612	0.13848	0.31489	0.04353	0.00419	0.00588	0.06327	0.00492	0.00502
7	0.37810	0.01371	0.08775	0.01271	0.06833	0.03069	0.04190	0.01705	0.01294	0.02416	0.06233	0.10152	0.06584	0.00881	0.00559	0.00206	0.00563	0.00700	0.04671	0.00719
8	0.67280	0.01276	0.01084	0.00930	0.01350	0.01437	0.00767	0.07280	0.01328	0.10664	0.01128	0.01212	0.00828	0.00635	0.00446	0.00199	0.00521	0.00400	0.00462	0.00773
9	0.00927	0.00678	0.00967	0.00967	0.01057	0.00769	0.00718	0.01108	0.01017	0.01447	0.01796	0.02901	0.01773	0.20388	0.59405	0.00950	0.01494	0.00745	0.00356	0.00537
10	0.67088	0.09556	0.01341	0.01114	0.06751	0.01576	0.00841	0.01910	0.01151	0.02690	0.00923	0.01090	0.00738	0.00593	0.00420	0.00193	0.00541	0.00367	0.00380	0.00738
11	0.01165	0.00898	0.01173	0.01083	0.01190	0.01053	0.00817	0.08731	0.01219	0.01713	0.01674	0.02773	0.01667	0.25501	0.34837	0.00714	0.12075	0.00736	0.00383	0.00597
12	0.01961	0.22327	0.10049	0.02958	0.02012	0.22756	0.03671	0.05565	0.13309	0.07349	0.01414	0.01485	0.01094	0.00676	0.00569	0.00178	0.00833	0.00496	0.00413	0.00883

[dist]
# distance from previous block
# <min> <max>
2	4

[block]
# block no. 10 follows, 34 sequences, length 24
# corresponding to MSA columns:
# 296-319
name=unknown_K
#
# <colnr> <probs for GDERKNQSTAVLIFYWHMCP>
#	G	D	E	R	K	N	Q	S	T	A	V	L	I	F	Y	W	H	M	C	P
0	0.51348	0.01535	0.01302	0.01094	0.01524	0.07392	0.00892	0.20122	0.01697	0.06164	0.01149	0.01240	0.00854	0.00660	0.00490	0.00196	0.00610	0.00429	0.00476	0.00825
1	0.81856	0.01250	0.00950	0.00850	0.01250	0.01449	0.00700	0.01899	0.01100	0.02899	0.00900	0.01050	0.00700	0.00600	0.00400	0.00200	0.00500	0.00350	0.00400	0.00700
2	0.02248	0.07593	0.01840	0.01325	0.01795	0.01740	0.01098	0.43303	0.09603	0.13106	0.05217	0.01879	0.01498	0.00797	0.00627	0.00192	0.00631	0.00617	0.03864	0.01026
3	0.01472	0.08109	0.02083	0.06097	0.16557	0.03003	0.09824	0.08282	0.07385	0.02151	0.08321	0.04284	0.06916	0.06928	0.00963	0.00238	0.05373	0.00758	0.00440	0.00817
4	0.00874	0.00616	0.00716	0.00751	0.00801	0.00588	0.00469	0.00941	0.01138	0.01491	0.06527	0.22665	0.13736	0.43373	0.02169	0.00453	0.00503	0.01239	0.00491	0.00459
5	0.01657	0.01492	0.01468	0.01316	0.01678	0.06883	0.01022	0.05574	0.61441	0.02625	0.02651	0.02463	0.05064	0.00892	0.00656	0.00214	0.00557	0.00731	0.00631	0.00984
6	0.01311	0.01051	0.01435	0.01304	0.01539	0.04140	0.09985	0.09855	0.03998	0.05317	0.02818	0.40082	0.03042	0.01497	0.00779	0.00244	0.00583	0.09751	0.00569	0.00701
7	0.02064	0.13829	0.09395	0.03279	0.01986	0.08255	0.08188	0.02423	0.03802	0.28763	0.02097	0.02069	0.06845	0.00779	0.00673	0.00194	0.03296	0.00627	0.00520	0.00917
8	0.00886	0.00706	0.00802	0.00786	0.00976	0.00651	0.00586	0.01228	0.07188	0.02113	0.29537	0.12040	0.37149	0.01500	0.00760	0.00217	0.00338	0.01288	0.00644	0.00604
9	0.08903	0.01102	0.01391	0.01104	0.01534	0.01032	0.00896	0.08340	0.01807	0.51170	0.06790	0.02343	0.01815	0.05058	0.03511	0.00253	0.00591	0.00670	0.00711	0.00979
10	0.01866	0.32901	0.17084	0.01514	0.04536	0.12777	0.01437	0.14722	0.03798	0.02157	0.01147	0.01276	0.00917	0.00633	0.00537	0.00170	0.00815	0.00445	0.00364	0.00905
11	0.00805	0.00604	0.00743	0.00845	0.00939	0.00550	0.00593	0.00941	0.01309	0.01681	0.04319	0.49283	0.23255	0.04922	0.00912	0.00267	0.00388	0.06524	0.00591	0.00530
12	0.00776	0.00633	0.00686	0.00719	0.00892	0.00544	0.00522	0.00934	0.01433	0.01761	0.08838	0.22785	0.53805	0.01713	0.00778	0.00228	0.00337	0.01466	0.00605	0.00544
13	0.01460	0.02530	0.41804	0.02362	0.19621	0.01520	0.08456	0.07164	0.01550	0.02239	0.04319	0.01619	0.01132	0.00641	0.00643	0.00202	0.00876	0.00565	0.00336	0.00959
14	0.02004	0.14821	0.14423	0.01570	0.02060	0.38408	0.03754	0.04691	0.03456	0.03717	0.02790	0.01471	0.02762	0.00685	0.00581	0.00175	0.00963	0.00486	0.00359	0.00822
15	0.01556	0.06387	0.02476	0.17306	0.45560	0.03738	0.04342	0.02042	0.06551	0.02010	0.01282	0.01638	0.01041	0.00611	0.00631	0.00195	0.00786	0.00574	0.00336	0.00938
16	0.00929	0.00622	0.00708	0.00719	0.00722	0.00619	0.00407	0.00937	0.00961	0.01282	0.02146	0.09486	0.02488	0.71845	0.03110	0.00600	0.00608	0.01005	0.00407	0.00401
17	0.00799	0.00567	0.00746	0.00884	0.00919	0.00533	0.00583	0.00903	0.01213	0.01618	0.03440	0.71100	0.04121	0.08004	0.01020	0.00291	0.00395	0.01766	0.00583	0.00514
18	0.01626	0.05016	0.49371	0.01861	0.06352	0.01570	0.04576	0.12219	0.01656	0.07804	0.01324	0.01472	0.00936	0.00645	0.00622	0.00201	0.00875	0.00518	0.00372	0.00984
19	0.01867	0.01731	0.06284	0.02583	0.27663	0.06350	0.14047	0.09736	0.06266	0.11080	0.01489	0.01696	0.01124	0.00674	0.00731	0.00203	0.04454	0.00613	0.00434	0.00977
20	0.01746	0.01984	0.01994	0.01714	0.01890	0.27987	0.06475	0.01932	0.01335	0.01599	0.01000	0.01430	0.00908	0.01189	0.06722	0.00291	0.38234	0.00536	0.00309	0.00725
21	0.04382	0.01319	0.01662	0.05072	0.10189	0.01225	0.03061	0.10395	0.08537	0.02411	0.01348	0.01522	0.01069	0.00580	0.00549	0.00144	0.00581	0.00483	0.00429	0.45041
