[name]
unknown

[dist]
# distance from previous block
# <min> <max>
0	25

[block]
# block no. 0 follows, 27 sequences, length 6
# corresponding to MSA columns:
# 25-30
name=unknown_A
#
# <colnr> <probs for GDERKNQSTAVLIFYWHMCP>
#	G	D	E	R	K	N	Q	S	T	A	V	L	I	F	Y	W	H	M	C	P
0	0.01772	0.04784	0.01810	0.01826	0.10889	0.01402	0.01341	0.14528	0.04541	0.06313	0.03007	0.05037	0.05669	0.01407	0.00856	0.00271	0.00716	0.29350	0.00641	0.03838
1	0.02239	0.14454	0.02532	0.01945	0.10554	0.02040	0.05091	0.29262	0.05985	0.06431	0.10168	0.02259	0.01993	0.00889	0.00720	0.00216	0.00766	0.00729	0.00618	0.01107
2	0.07445	0.01437	0.01821	0.08011	0.14881	0.01569	0.01342	0.10463	0.16832	0.02876	0.11163	0.03163	0.10969	0.01070	0.00823	0.00240	0.03422	0.00887	0.00603	0.00982
3	0.01043	0.00766	0.00998	0.01126	0.01233	0.00752	0.00825	0.01377	0.06480	0.02133	0.09036	0.50185	0.04752	0.02111	0.00943	0.00300	0.00485	0.14082	0.00703	0.00669
4	0.02822	0.02079	0.02228	0.01708	0.02302	0.02302	0.01411	0.66804	0.03490	0.04679	0.01782	0.01782	0.01262	0.00891	0.00743	0.00223	0.00817	0.00668	0.00743	0.01262
5	0.01984	0.02077	0.02761	0.10164	0.50121	0.15521	0.02091	0.02380	0.01754	0.02256	0.01340	0.01751	0.01115	0.00689	0.00723	0.00217	0.00983	0.00625	0.00367	0.01081

[dist]
# distance from previous block
# <min> <max>
0	1

[block]
# block no. 1 follows, 27 sequences, length 8
# corresponding to MSA columns:
# 32-39
name=unknown_B
#
# <colnr> <probs for GDERKNQSTAVLIFYWHMCP>
#	G	D	E	R	K	N	Q	S	T	A	V	L	I	F	Y	W	H	M	C	P
0	0.01369	0.01085	0.01472	0.01354	0.01507	0.01308	0.01067	0.09113	0.01445	0.02059	0.01816	0.02720	0.01703	0.10002	0.45069	0.00887	0.14075	0.00779	0.00430	0.00742
1	0.00988	0.00732	0.00922	0.00926	0.01084	0.00666	0.00675	0.01261	0.01877	0.02566	0.43753	0.21396	0.16885	0.01764	0.00892	0.00252	0.00373	0.01556	0.00766	0.00666
2	0.02365	0.01738	0.01904	0.01537	0.02006	0.01895	0.01236	0.50815	0.03033	0.04075	0.06799	0.14561	0.02295	0.01185	0.00788	0.00237	0.00717	0.00967	0.00738	0.01109
3	0.02062	0.52025	0.10047	0.01462	0.02101	0.10758	0.01438	0.05518	0.04881	0.02022	0.01207	0.01350	0.01030	0.00688	0.00548	0.00178	0.00879	0.00456	0.00366	0.00982
4	0.02425	0.01826	0.01971	0.01594	0.02093	0.02022	0.01285	0.48057	0.14508	0.04075	0.02271	0.10410	0.01868	0.01081	0.00769	0.00237	0.00731	0.00868	0.00739	0.01169
5	0.01899	0.20951	0.39029	0.01818	0.02692	0.02150	0.02091	0.16212	0.01967	0.02703	0.01355	0.01520	0.01013	0.00728	0.00657	0.00214	0.00962	0.00537	0.00407	0.01097
6	0.04926	0.35296	0.09401	0.01462	0.02097	0.02371	0.01401	0.22015	0.02174	0.06547	0.04717	0.01695	0.01386	0.00781	0.00614	0.00196	0.00792	0.00560	0.00510	0.01061
7	0.01656	0.19343	0.36163	0.01675	0.02456	0.01881	0.01917	0.08442	0.01835	0.02548	0.13112	0.02197	0.02034	0.00849	0.00686	0.00216	0.00870	0.00664	0.00444	0.01011

[dist]
# distance from previous block
# <min> <max>
4	12

[block]
# block no. 2 follows, 27 sequences, length 20
# corresponding to MSA columns:
# 52-71
name=unknown_C
#
# <colnr> <probs for GDERKNQSTAVLIFYWHMCP>
#	G	D	E	R	K	N	Q	S	T	A	V	L	I	F	Y	W	H	M	C	P
0	0.01923	0.16539	0.06807	0.01665	0.02237	0.11558	0.11940	0.02363	0.04615	0.07574	0.07513	0.04991	0.01830	0.00828	0.00685	0.00197	0.00847	0.00705	0.00484	0.14701
1	0.01639	0.05128	0.20763	0.06295	0.05542	0.01661	0.07271	0.10180	0.06487	0.02755	0.17287	0.02671	0.02523	0.00968	0.00873	0.00238	0.05402	0.00810	0.00525	0.00984
2	0.01077	0.00728	0.00851	0.00851	0.00866	0.00742	0.00502	0.01106	0.01092	0.01470	0.02301	0.04646	0.02607	0.66460	0.11103	0.00771	0.00858	0.01049	0.00444	0.00473
3	0.01978	0.01986	0.14909	0.07036	0.12261	0.01612	0.10971	0.11639	0.05151	0.12236	0.10599	0.02440	0.02034	0.00867	0.00772	0.00234	0.00854	0.00782	0.00564	0.01075
4	0.01474	0.00987	0.01202	0.00999	0.01382	0.00822	0.00779	0.01778	0.01865	0.11992	0.28365	0.04306	0.16896	0.01232	0.00766	0.00201	0.00451	0.01048	0.00699	0.22756
5	0.01539	0.01319	0.01539	0.01100	0.01759	0.00990	0.00880	0.01869	0.01539	0.02419	0.01319	0.01539	0.01100	0.00550	0.00550	0.00110	0.00550	0.00440	0.00440	0.78449
6	0.02299	0.12431	0.06883	0.06097	0.16629	0.04388	0.01608	0.13584	0.10281	0.15683	0.01887	0.01955	0.01387	0.00800	0.00700	0.00219	0.00810	0.00649	0.00572	0.01139
7	0.40194	0.24635	0.02309	0.01319	0.01815	0.06628	0.04853	0.02231	0.01415	0.02574	0.01064	0.01284	0.00891	0.00714	0.00634	0.00212	0.05515	0.00449	0.00396	0.00867
8	0.01067	0.00768	0.01056	0.01056	0.01141	0.00853	0.00756	0.01237	0.01152	0.01621	0.02114	0.03613	0.02158	0.30087	0.46863	0.01023	0.01533	0.00897	0.00416	0.00586
9	0.01802	0.01685	0.02800	0.08695	0.57830	0.01713	0.02127	0.04991	0.01780	0.02522	0.05652	0.02078	0.01534	0.00731	0.00745	0.00223	0.00853	0.00704	0.00409	0.01126
10	0.01774	0.01779	0.03271	0.10753	0.47097	0.01780	0.17957	0.02266	0.01686	0.02363	0.01415	0.01891	0.01146	0.00661	0.00770	0.00230	0.00983	0.00714	0.00366	0.01099
11	0.01253	0.00711	0.00744	0.00736	0.00922	0.00682	0.00552	0.01573	0.01655	0.02669	0.12546	0.03889	0.13856	0.01126	0.00629	0.00194	0.00352	0.00929	0.54301	0.00682
12	0.01973	0.05643	0.06767	0.05558	0.43107	0.01822	0.05609	0.06760	0.06132	0.07038	0.01611	0.01904	0.01263	0.00718	0.00730	0.00223	0.00873	0.00671	0.00448	0.01151
13	0.01767	0.01862	0.02253	0.01944	0.01992	0.10809	0.01601	0.01933	0.01257	0.01790	0.00996	0.01589	0.00972	0.01233	0.02217	0.00308	0.63699	0.00628	0.00332	0.00818
14	0.00904	0.00646	0.00861	0.01034	0.01077	0.00603	0.00689	0.01034	0.01421	0.01895	0.04092	0.73426	0.04910	0.02326	0.00948	0.00301	0.00431	0.02110	0.00689	0.00603
15	0.01872	0.01845	0.02932	0.07079	0.63025	0.05600	0.02223	0.02301	0.01705	0.02371	0.01380	0.01815	0.01156	0.00670	0.00732	0.00220	0.00912	0.00651	0.00367	0.01145
16	0.02138	0.06551	0.02735	0.03321	0.40653	0.08800	0.01887	0.15416	0.06314	0.02819	0.01530	0.01796	0.01227	0.00738	0.00715	0.00216	0.00890	0.00639	0.00466	0.01148
17	0.01081	0.00723	0.00814	0.00810	0.00840	0.00713	0.00474	0.01127	0.01194	0.01620	0.06838	0.04922	0.06059	0.62831	0.03320	0.00644	0.00664	0.01103	0.03740	0.00484
18	0.01652	0.04588	0.02050	0.01812	0.10578	0.05284	0.04300	0.01972	0.01568	0.02299	0.05699	0.01897	0.01491	0.00786	0.00933	0.00184	0.12876	0.00593	0.03429	0.36011
19	0.04429	0.01252	0.01860	0.02540	0.29790	0.01263	0.01405	0.01917	0.08201	0.02373	0.07375	0.26448	0.05374	0.01361	0.00813	0.00253	0.00634	0.01237	0.00561	0.00916

[dist]
# distance from previous block
# <min> <max>
0	7

[block]
# block no. 3 follows, 27 sequences, length 30
# corresponding to MSA columns:
# 79-108
name=unknown_D
#
# <colnr> <probs for GDERKNQSTAVLIFYWHMCP>
#	G	D	E	R	K	N	Q	S	T	A	V	L	I	F	Y	W	H	M	C	P
0	0.18542	0.01799	0.05522	0.02280	0.20986	0.04203	0.01490	0.17976	0.02027	0.06311	0.01683	0.06563	0.01426	0.03179	0.00781	0.00242	0.00772	0.00704	0.00529	0.02985
1	0.10033	0.16287	0.02668	0.02513	0.25408	0.05626	0.01594	0.17239	0.02056	0.04979	0.01409	0.01617	0.01120	0.00721	0.00647	0.00204	0.00821	0.00569	0.00474	0.04013
2	0.02087	0.18298	0.07362	0.04907	0.16188	0.22033	0.14360	0.02476	0.01768	0.02070	0.01259	0.01572	0.01033	0.00684	0.00685	0.00206	0.01084	0.00585	0.00358	0.00985
3	0.01687	0.02791	0.34022	0.02791	0.14317	0.01824	0.21040	0.05115	0.01706	0.02448	0.01396	0.01750	0.01049	0.00709	0.00836	0.00240	0.04171	0.00672	0.00359	0.01077
4	0.01583	0.03185	0.46647	0.02477	0.03451	0.01779	0.25502	0.02361	0.01633	0.02361	0.01393	0.01722	0.01007	0.00677	0.00766	0.00241	0.01152	0.00665	0.00336	0.01063
5	0.00953	0.00697	0.00896	0.00968	0.01080	0.00640	0.00680	0.01166	0.01690	0.02288	0.27252	0.42383	0.12576	0.01993	0.00915	0.00272	0.00396	0.01782	0.00734	0.00640
6	0.01289	0.00645	0.00967	0.00967	0.00967	0.00645	0.00645	0.00967	0.00967	0.01289	0.01289	0.02257	0.01289	0.02579	0.02901	0.78401	0.00645	0.00645	0.00322	0.00322
7	0.00904	0.00646	0.00861	0.01034	0.01077	0.00603	0.00689	0.01034	0.01421	0.01895	0.04092	0.73426	0.04910	0.02326	0.00948	0.00301	0.00431	0.02110	0.00689	0.00603
8	0.00939	0.00729	0.00824	0.00881	0.01037	0.00653	0.00631	0.01098	0.01538	0.01914	0.05623	0.23464	0.38117	0.12374	0.01325	0.00338	0.00464	0.06794	0.00654	0.00600
9	0.02052	0.02071	0.02816	0.03945	0.54124	0.12965	0.02086	0.06572	0.01874	0.02473	0.01381	0.01753	0.01146	0.00693	0.00725	0.00216	0.00951	0.00632	0.00394	0.01131
10	0.01004	0.00716	0.00901	0.00947	0.01043	0.00675	0.00653	0.01191	0.01600	0.02174	0.25524	0.28210	0.09074	0.18268	0.01565	0.00372	0.00477	0.04322	0.00677	0.00606
11	0.01539	0.01319	0.01539	0.01100	0.01759	0.00990	0.00880	0.01869	0.01539	0.02419	0.01319	0.01539	0.01100	0.00550	0.00550	0.00110	0.00550	0.00440	0.00440	0.78449
12	0.02551	0.01812	0.02266	0.06960	0.19554	0.06241	0.01585	0.22676	0.05784	0.20072	0.01965	0.02019	0.01399	0.00827	0.00738	0.00225	0.00820	0.00682	0.00641	0.01181
13	0.12344	0.02547	0.02032	0.01778	0.04301	0.29668	0.01359	0.27797	0.05918	0.03210	0.01485	0.01585	0.01131	0.00814	0.00678	0.00212	0.00986	0.00567	0.00551	0.01036
14	0.00953	0.00697	0.00896	0.00969	0.01080	0.00640	0.00680	0.01166	0.01690	0.02288	0.27281	0.42468	0.12459	0.01994	0.00915	0.00272	0.00397	0.01782	0.00734	0.00640
15	0.01985	0.74357	0.03890	0.01270	0.01905	0.02937	0.01270	0.02223	0.01508	0.01747	0.01032	0.01191	0.00953	0.00635	0.00476	0.00159	0.00794	0.00397	0.00318	0.00953
16	0.00966	0.00803	0.00869	0.00837	0.01103	0.00669	0.00623	0.01173	0.01670	0.02103	0.10520	0.14409	0.49587	0.01762	0.00849	0.00240	0.00400	0.01492	0.00670	0.09255
17	0.11894	0.02118	0.06538	0.01647	0.02258	0.02188	0.01425	0.54826	0.03097	0.04364	0.01663	0.01699	0.01186	0.00855	0.00706	0.00224	0.00806	0.00629	0.00681	0.01197
18	0.02035	0.01829	0.02841	0.03761	0.49460	0.01882	0.04712	0.15505	0.05474	0.02917	0.01563	0.01881	0.01248	0.00725	0.00743	0.00224	0.00869	0.00681	0.00464	0.01186
19	0.00902	0.00658	0.00850	0.01003	0.01069	0.00606	0.00676	0.01037	0.01451	0.01907	0.04464	0.66227	0.11869	0.02277	0.00940	0.00296	0.00425	0.02051	0.00689	0.00606
20	0.01883	0.04911	0.03020	0.04302	0.63712	0.01836	0.02200	0.04836	0.01754	0.02485	0.01396	0.01807	0.01170	0.00669	0.00724	0.00218	0.00876	0.00650	0.00380	0.01170
21	0.02232	0.01825	0.02087	0.02083	0.13186	0.04112	0.01437	0.23475	0.32380	0.05683	0.02300	0.02251	0.01714	0.00903	0.00745	0.00235	0.00734	0.00742	0.00681	0.01196
22	0.00902	0.00655	0.00852	0.01011	0.01071	0.00605	0.00679	0.01036	0.01444	0.01904	0.04374	0.67971	0.10183	0.02289	0.00942	0.00297	0.00426	0.02066	0.00689	0.00605
23	0.01611	0.01362	0.01578	0.01133	0.01790	0.01063	0.00909	0.05490	0.01648	0.02545	0.01345	0.01553	0.01109	0.00569	0.00561	0.00116	0.00565	0.00453	0.00457	0.74145
24	0.01076	0.00821	0.00961	0.00939	0.01143	0.00760	0.00696	0.05495	0.01912	0.02527	0.29739	0.19099	0.28566	0.01765	0.00882	0.00252	0.00406	0.01529	0.00741	0.00692
25	0.10151	0.43181	0.02933	0.01324	0.01903	0.10454	0.01196	0.05263	0.04524	0.02194	0.01201	0.01347	0.01026	0.00673	0.00530	0.00171	0.00797	0.00444	0.00393	0.10295
26	0.01401	0.04501	0.08130	0.01416	0.07748	0.04245	0.00999	0.01661	0.04114	0.04241	0.02491	0.06490	0.06557	0.40225	0.02373	0.00493	0.00762	0.00979	0.00474	0.00700
27	0.09145	0.14887	0.11035	0.01777	0.06380	0.12004	0.01513	0.17428	0.08182	0.08414	0.01620	0.01692	0.01217	0.00785	0.00657	0.00212	0.00870	0.00577	0.00529	0.01076
28	0.27071	0.06407	0.01755	0.05724	0.01994	0.06226	0.01132	0.16444	0.05701	0.11498	0.04774	0.04954	0.01603	0.00892	0.00645	0.00227	0.00708	0.00664	0.00598	0.00983
29	0.01945	0.14393	0.09120	0.04526	0.10634	0.05710	0.01493	0.11837	0.11667	0.05090	0.04863	0.02239	0.04627	0.00975	0.02500	0.00236	0.00817	0.00684	0.00524	0.06121

[dist]
# distance from previous block
# <min> <max>
1	12

[block]
# block no. 4 follows, 27 sequences, length 12
# corresponding to MSA columns:
# 121-132
name=unknown_E
#
# <colnr> <probs for GDERKNQSTAVLIFYWHMCP>
#	G	D	E	R	K	N	Q	S	T	A	V	L	I	F	Y	W	H	M	C	P
0	0.01953	0.06022	0.10931	0.05632	0.18231	0.01803	0.05091	0.15264	0.11446	0.05973	0.02152	0.05967	0.04399	0.00914	0.00747	0.00233	0.00817	0.00790	0.00543	0.01095
1	0.01586	0.09140	0.07773	0.04487	0.01867	0.04958	0.04125	0.05594	0.01850	0.08600	0.14419	0.13848	0.16134	0.01334	0.00792	0.00237	0.00656	0.01136	0.00616	0.00846
2	0.17144	0.19934	0.10003	0.01723	0.07679	0.11681	0.01435	0.11088	0.01853	0.05070	0.01444	0.05217	0.01223	0.00807	0.00618	0.00210	0.00847	0.00588	0.00457	0.00981
3	0.18086	0.07653	0.10652	0.02175	0.15275	0.22901	0.01601	0.05265	0.01801	0.06260	0.01315	0.01513	0.01028	0.00726	0.00637	0.00212	0.00962	0.00524	0.00428	0.00986
4	0.07913	0.01720	0.05656	0.07219	0.32001	0.01751	0.06628	0.04926	0.01636	0.02419	0.01904	0.02266	0.07572	0.00895	0.01003	0.00245	0.12097	0.00736	0.00411	0.01003
5	0.02159	0.07683	0.04478	0.02587	0.21083	0.13162	0.07849	0.14674	0.02073	0.05661	0.01764	0.05060	0.03370	0.00870	0.00811	0.00224	0.04233	0.00725	0.00484	0.01050
6	0.01205	0.00885	0.01210	0.01168	0.01315	0.01002	0.00884	0.06539	0.01358	0.01912	0.02032	0.03160	0.01954	0.16980	0.53743	0.01034	0.01676	0.00834	0.00434	0.00674
7	0.02054	0.02200	0.12041	0.07454	0.05875	0.13385	0.01556	0.17345	0.10467	0.05382	0.04581	0.10417	0.01932	0.01027	0.00755	0.00235	0.00865	0.00837	0.00570	0.01020
8	0.00971	0.00741	0.00892	0.00885	0.01068	0.00662	0.00652	0.01235	0.01867	0.02494	0.38860	0.15437	0.28036	0.01754	0.00886	0.00249	0.00370	0.01525	0.00756	0.00662
9	0.04977	0.02123	0.19426	0.09688	0.08056	0.05563	0.01734	0.11605	0.05350	0.02646	0.03784	0.11284	0.02054	0.01107	0.00774	0.00250	0.00849	0.07255	0.00512	0.00963
10	0.01595	0.08008	0.33942	0.09871	0.03213	0.01764	0.14858	0.05615	0.01694	0.02356	0.01645	0.05415	0.01378	0.00852	0.00758	0.00242	0.01023	0.04382	0.00389	0.00999
11	0.02212	0.33337	0.12576	0.01640	0.02285	0.13754	0.05170	0.05521	0.05261	0.09599	0.01468	0.01571	0.01142	0.00729	0.00620	0.00196	0.00926	0.00533	0.00440	0.01020

[dist]
# distance from previous block
# <min> <max>
2	10

[block]
# block no. 5 follows, 27 sequences, length 16
# corresponding to MSA columns:
# 143-158
name=unknown_F
#
# <colnr> <probs for GDERKNQSTAVLIFYWHMCP>
#	G	D	E	R	K	N	Q	S	T	A	V	L	I	F	Y	W	H	M	C	P
0	0.04578	0.15806	0.02635	0.02064	0.12056	0.11798	0.05533	0.19997	0.02224	0.09197	0.01607	0.03571	0.01271	0.00796	0.00680	0.00206	0.00879	0.00631	0.00529	0.03943
1	0.04984	0.23424	0.09659	0.02176	0.16335	0.11665	0.01621	0.10425	0.01899	0.05559	0.01481	0.04897	0.01258	0.00792	0.00648	0.00205	0.00889	0.00610	0.00440	0.01033
2	0.07888	0.01925	0.01875	0.01571	0.01965	0.18100	0.05854	0.17107	0.02164	0.09132	0.08235	0.07097	0.02112	0.06931	0.02881	0.00292	0.02537	0.00821	0.00587	0.00926
3	0.02657	0.02292	0.05314	0.01733	0.02307	0.10618	0.01452	0.49781	0.09610	0.04065	0.01806	0.01816	0.01309	0.00879	0.00733	0.00222	0.00871	0.00656	0.00680	0.01197
4	0.02439	0.03073	0.07409	0.08862	0.10469	0.47675	0.01691	0.05843	0.02023	0.02076	0.01238	0.01497	0.00999	0.00752	0.00690	0.00205	0.01208	0.00531	0.00388	0.00932
5	0.00987	0.00693	0.00895	0.01026	0.01076	0.00666	0.00702	0.01115	0.01379	0.01830	0.03646	0.47857	0.04288	0.19571	0.01642	0.00408	0.00536	0.10476	0.00631	0.00577
6	0.02359	0.01587	0.01911	0.01635	0.05081	0.01676	0.03402	0.26013	0.16083	0.16229	0.10379	0.02635	0.02292	0.00975	0.00756	0.00230	0.00675	0.00808	0.04134	0.01139
7	0.00938	0.00691	0.00879	0.00967	0.01074	0.00632	0.00674	0.01133	0.01637	0.02191	0.21363	0.46166	0.14820	0.02051	0.00919	0.00276	0.00402	0.01832	0.00722	0.00632
8	0.00948	0.00677	0.00911	0.01083	0.01145	0.00640	0.00764	0.01108	0.01464	0.01943	0.04068	0.63803	0.04816	0.02285	0.00959	0.00307	0.00468	0.11307	0.00688	0.00615
9	0.01616	0.01049	0.01262	0.01100	0.01409	0.01023	0.00858	0.09664	0.07237	0.12297	0.38836	0.04674	0.13229	0.01368	0.00833	0.00235	0.00466	0.01170	0.00801	0.00872
10	0.01677	0.01408	0.01612	0.01184	0.01821	0.01170	0.00949	0.07873	0.06539	0.02673	0.01485	0.01651	0.01199	0.00614	0.00582	0.00130	0.00577	0.00489	0.00490	0.65877
11	0.11691	0.18329	0.02317	0.08136	0.02258	0.13392	0.01302	0.19135	0.05931	0.02901	0.06561	0.01867	0.01556	0.00828	0.00647	0.00209	0.00835	0.00604	0.00520	0.00981
12	0.09138	0.11633	0.28406	0.01910	0.05464	0.09436	0.04393	0.08636	0.04882	0.07232	0.01488	0.01634	0.01102	0.00743	0.00667	0.00220	0.00953	0.00565	0.00442	0.01057
13	0.04907	0.16757	0.09877	0.02891	0.31497	0.06649	0.01878	0.12366	0.01933	0.02625	0.01347	0.01614	0.01092	0.00704	0.00666	0.00208	0.00895	0.00576	0.00415	0.01102
14	0.01751	0.20482	0.02769	0.27265	0.15737	0.02096	0.01767	0.05193	0.06663	0.02169	0.01385	0.01773	0.01124	0.00767	0.00796	0.00224	0.06079	0.00605	0.00385	0.00970
15	0.01849	0.12531	0.26293	0.02274	0.15309	0.06967	0.01954	0.10142	0.03894	0.02607	0.07778	0.01989	0.01640	0.00800	0.00699	0.00217	0.00912	0.00643	0.00442	0.01060

[dist]
# distance from previous block
# <min> <max>
4	21

[block]
# block no. 6 follows, 27 sequences, length 55
# corresponding to MSA columns:
# 180-234
name=unknown_G
#
# <colnr> <probs for GDERKNQSTAVLIFYWHMCP>
#	G	D	E	R	K	N	Q	S	T	A	V	L	I	F	Y	W	H	M	C	P
0	0.02236	0.01762	0.02007	0.01825	0.09539	0.04361	0.01323	0.31068	0.05929	0.05667	0.01849	0.02254	0.01487	0.02865	0.00795	0.00217	0.00753	0.04280	0.00612	0.19173
1	0.01161	0.00856	0.01155	0.03412	0.05545	0.00843	0.00877	0.04708	0.01661	0.02245	0.16465	0.33584	0.07104	0.06622	0.01219	0.05440	0.00526	0.05253	0.00646	0.00677
2	0.13197	0.06093	0.02799	0.04206	0.09369	0.04919	0.23086	0.09112	0.05635	0.06028	0.01710	0.05626	0.01395	0.00923	0.02449	0.00258	0.00946	0.00766	0.00487	0.00997
3	0.01038	0.00721	0.00803	0.00811	0.00855	0.00699	0.00480	0.01075	0.01197	0.01555	0.03278	0.08634	0.13706	0.58518	0.03161	0.00622	0.00649	0.01211	0.00501	0.00486
4	0.02303	0.47909	0.06539	0.01420	0.02029	0.13071	0.01339	0.02573	0.01705	0.12976	0.01377	0.01452	0.01098	0.00705	0.00562	0.00179	0.00866	0.00474	0.00426	0.00997
5	0.01694	0.01618	0.02754	0.26791	0.48165	0.01726	0.02207	0.02153	0.01623	0.02251	0.01371	0.01884	0.01115	0.00688	0.00737	0.00229	0.00917	0.00661	0.00355	0.01060
6	0.00981	0.00750	0.00883	0.00865	0.01044	0.00682	0.00630	0.01216	0.01754	0.02317	0.31395	0.08196	0.30829	0.09988	0.04898	0.00347	0.00491	0.01399	0.00699	0.00638
7	0.01057	0.00716	0.00823	0.00835	0.00856	0.00706	0.00489	0.01093	0.01186	0.01584	0.06458	0.11140	0.04970	0.61322	0.03277	0.00641	0.00663	0.01201	0.00499	0.00483
8	0.02354	0.05943	0.02011	0.01618	0.02088	0.17087	0.01283	0.17314	0.32205	0.06921	0.02231	0.02144	0.01667	0.00904	0.00719	0.00226	0.00815	0.00694	0.00657	0.01119
9	0.00967	0.00749	0.00881	0.00861	0.01061	0.00663	0.00641	0.01234	0.01885	0.02494	0.38589	0.10268	0.33590	0.01722	0.00881	0.00245	0.00366	0.01485	0.00755	0.00663
10	0.02817	0.02221	0.02216	0.01728	0.02301	0.08976	0.01413	0.60596	0.03356	0.04400	0.01721	0.01739	0.01233	0.00879	0.00736	0.00220	0.00868	0.00650	0.00708	0.01223
11	0.01519	0.03659	0.64219	0.02329	0.08972	0.01728	0.02702	0.02345	0.01578	0.02357	0.01338	0.01591	0.00961	0.00701	0.00708	0.00234	0.01078	0.00558	0.00318	0.01104
12	0.02174	0.01500	0.01615	0.01391	0.01792	0.07023	0.01114	0.14080	0.15010	0.17826	0.17647	0.03628	0.03167	0.01170	0.00799	0.00242	0.00655	0.07374	0.00765	0.01026
13	0.02286	0.01271	0.01689	0.01641	0.09578	0.01234	0.01151	0.05006	0.13231	0.30838	0.20182	0.03262	0.03181	0.01061	0.00781	0.00233	0.00585	0.00907	0.00794	0.01089
14	0.02067	0.18865	0.11867	0.04247	0.21583	0.06016	0.05380	0.09220	0.04708	0.06999	0.01506	0.01717	0.01174	0.00723	0.00678	0.00211	0.00903	0.00601	0.00442	0.01093
15	0.00899	0.00753	0.00782	0.00775	0.01016	0.00636	0.00581	0.01108	0.01744	0.02128	0.15261	0.06943	0.61161	0.01834	0.00877	0.00249	0.00373	0.01538	0.00705	0.00636
16	0.01539	0.01319	0.01539	0.01100	0.01759	0.00990	0.00880	0.01869	0.01539	0.02419	0.01319	0.01539	0.01100	0.00550	0.00550	0.00110	0.00550	0.00440	0.00440	0.78449
17	0.02448	0.17165	0.09309	0.06524	0.10200	0.07209	0.01568	0.11850	0.02039	0.21986	0.01787	0.01837	0.01280	0.00781	0.00678	0.00212	0.00846	0.00606	0.00563	0.01112
18	0.00894	0.00753	0.00774	0.00769	0.01013	0.00634	0.00577	0.01097	0.01730	0.02096	0.13241	0.06995	0.63201	0.01846	0.00877	0.00249	0.00374	0.01546	0.00701	0.00634
19	0.02111	0.46469	0.09655	0.01739	0.07503	0.07860	0.04015	0.02440	0.01645	0.08543	0.01302	0.01451	0.01063	0.00681	0.00575	0.00184	0.00874	0.00491	0.00387	0.01009
20	0.01051	0.00779	0.01084	0.01097	0.01221	0.00851	0.00829	0.01275	0.01289	0.01787	0.05222	0.05906	0.08021	0.14666	0.46796	0.00936	0.01490	0.04601	0.00470	0.00630
21	0.01966	0.19168	0.28925	0.02104	0.10825	0.05711	0.01981	0.12915	0.01937	0.04224	0.02794	0.01645	0.01175	0.00740	0.00666	0.00211	0.00941	0.00566	0.00420	0.01084
22	0.01797	0.02158	0.13465	0.08909	0.48221	0.05362	0.04784	0.02302	0.01680	0.02342	0.01372	0.01786	0.01112	0.00678	0.00733	0.00224	0.00962	0.00642	0.00357	0.01115
23	0.01006	0.00736	0.00931	0.00924	0.01075	0.00676	0.00669	0.01279	0.01876	0.02586	0.46521	0.17970	0.13433	0.05694	0.01049	0.00275	0.00388	0.01492	0.00759	0.00661
24	0.01624	0.01435	0.02408	0.50236	0.22017	0.01649	0.02066	0.02093	0.01575	0.05779	0.01429	0.01972	0.01086	0.00730	0.00741	0.00239	0.00941	0.00665	0.00372	0.00942
25	0.01166	0.01003	0.03869	0.01127	0.01372	0.00897	0.03062	0.01717	0.09229	0.02850	0.50961	0.11023	0.05862	0.01472	0.00862	0.00242	0.00443	0.01309	0.00764	0.00769
26	0.01616	0.06219	0.04179	0.01170	0.01842	0.01193	0.00992	0.04385	0.01613	0.02459	0.01319	0.01527	0.01090	0.00574	0.00558	0.00122	0.00596	0.00450	0.00439	0.67659
27	0.01413	0.01335	0.02229	0.68646	0.04956	0.01680	0.02040	0.01891	0.01467	0.01891	0.01302	0.01962	0.00989	0.00770	0.00826	0.00251	0.04538	0.00659	0.00330	0.00824
28	0.01978	0.02235	0.16755	0.03341	0.36425	0.01813	0.08070	0.11940	0.01959	0.06080	0.01526	0.01823	0.01169	0.00714	0.00743	0.00227	0.00938	0.00663	0.00440	0.01161
29	0.02214	0.53797	0.03372	0.01457	0.02018	0.22677	0.01318	0.02438	0.01681	0.01767	0.01066	0.01234	0.00954	0.00673	0.00532	0.00168	0.00952	0.00421	0.00336	0.00926
30	0.01025	0.00758	0.00956	0.00907	0.01093	0.00689	0.00680	0.01351	0.02040	0.02832	0.59704	0.05785	0.16279	0.01572	0.00876	0.00236	0.00354	0.01376	0.00798	0.00689
31	0.01334	0.01081	0.01291	0.01079	0.01477	0.00940	0.00828	0.01841	0.08893	0.02636	0.25650	0.10578	0.03708	0.01126	0.00728	0.00189	0.00471	0.00976	0.00633	0.34542
32	0.01826	0.01814	0.02966	0.04041	0.54928	0.05313	0.08402	0.02266	0.01745	0.02425	0.05828	0.02071	0.01543	0.00720	0.00755	0.00223	0.00907	0.00718	0.00399	0.01111
33	0.01044	0.00767	0.00989	0.00950	0.01130	0.00696	0.00702	0.01355	0.01958	0.02753	0.53848	0.15726	0.08599	0.01609	0.00872	0.00239	0.00372	0.01426	0.00776	0.04189
34	0.01665	0.08946	0.45383	0.02302	0.12048	0.01862	0.02337	0.04822	0.09062	0.02480	0.01522	0.01716	0.01134	0.00734	0.00698	0.00228	0.00976	0.00589	0.00386	0.01111
35	0.68497	0.01729	0.01232	0.01107	0.01556	0.11329	0.00892	0.02291	0.01381	0.03120	0.01050	0.01224	0.00825	0.00700	0.00489	0.00224	0.00681	0.00413	0.00449	0.00812
36	0.00904	0.00646	0.00861	0.01034	0.01077	0.00603	0.00689	0.01034	0.01421	0.01895	0.04092	0.73426	0.04910	0.02326	0.00948	0.00301	0.00431	0.02110	0.00689	0.00603
37	0.01520	0.01608	0.06475	0.02895	0.31100	0.01439	0.11909	0.02021	0.04703	0.02369	0.06737	0.03424	0.18523	0.01027	0.00800	0.00236	0.00784	0.00961	0.00489	0.00980
38	0.01269	0.00992	0.01237	0.01316	0.03439	0.01033	0.00977	0.02006	0.18755	0.02510	0.16536	0.25150	0.04391	0.01715	0.00895	0.00282	0.00525	0.15447	0.00721	0.00805
39	0.01473	0.01671	0.10730	0.51183	0.13663	0.01637	0.02117	0.02000	0.01526	0.02061	0.01375	0.01939	0.01045	0.00731	0.00728	0.00239	0.00963	0.00647	0.03369	0.00902
40	0.01592	0.01577	0.02212	0.01906	0.01913	0.02197	0.01584	0.01760	0.01140	0.01783	0.01033	0.01698	0.01025	0.01544	0.06368	0.00375	0.68503	0.00658	0.00329	0.00804
41	0.01078	0.00727	0.00846	0.00846	0.00859	0.00739	0.00495	0.01103	0.01090	0.01466	0.02306	0.04674	0.02619	0.67419	0.10160	0.00765	0.00840	0.01053	0.00445	0.00470
42	0.03033	0.01273	0.01692	0.01284	0.01872	0.01074	0.01056	0.03327	0.02027	0.58584	0.02661	0.02362	0.01715	0.00857	0.00714	0.00210	0.00618	0.00696	0.00839	0.14105
43	0.02040	0.01691	0.01788	0.01550	0.02004	0.01937	0.01222	0.16443	0.55124	0.03418	0.02775	0.02573	0.02067	0.00984	0.00753	0.00246	0.00633	0.00805	0.00753	0.01192
44	0.79154	0.01436	0.01091	0.00976	0.01436	0.01665	0.00804	0.02182	0.01263	0.03331	0.01034	0.01206	0.00804	0.00689	0.00459	0.00230	0.00574	0.00402	0.00459	0.00804
45	0.01062	0.00791	0.01173	0.01173	0.01298	0.00917	0.00903	0.01313	0.01187	0.01708	0.02007	0.03019	0.01900	0.09171	0.67426	0.01168	0.01922	0.00810	0.00400	0.00652
46	0.11477	0.46706	0.03046	0.01322	0.01887	0.05189	0.01219	0.12210	0.01789	0.02396	0.01216	0.01403	0.01042	0.01009	0.05136	0.00246	0.00870	0.00469	0.00409	0.00960
47	0.06851	0.01753	0.13077	0.01446	0.02107	0.01293	0.01358	0.06990	0.02036	0.47528	0.02408	0.02200	0.01560	0.00849	0.00714	0.00224	0.00713	0.00674	0.00757	0.05465
48	0.01911	0.07641	0.35959	0.02527	0.18173	0.05936	0.02241	0.08107	0.01828	0.06728	0.01456	0.01671	0.01081	0.00724	0.00701	0.00223	0.00988	0.00583	0.00406	0.01117
49	0.02002	0.48397	0.12663	0.01828	0.10629	0.02509	0.01600	0.05866	0.01675	0.04990	0.01242	0.01414	0.01034	0.00674	0.00567	0.00184	0.00841	0.00481	0.00372	0.01031
50	0.01449	0.09923	0.08955	0.01360	0.05485	0.01333	0.01050	0.08065	0.01474	0.01989	0.01927	0.03375	0.01978	0.38372	0.09758	0.00572	0.00924	0.00845	0.00439	0.00727
51	0.31744	0.13290	0.04769	0.05057	0.04125	0.01776	0.01158	0.05906	0.01542	0.04950	0.01775	0.06479	0.05260	0.00914	0.00711	0.00226	0.05282	0.00656	0.00472	0.03907
52	0.01461	0.07822	0.07293	0.01710	0.12283	0.01278	0.01223	0.01998	0.09141	0.05992	0.18969	0.13313	0.11941	0.01306	0.00794	0.00238	0.00591	0.01132	0.00625	0.00891
53	0.05016	0.11657	0.10481	0.02300	0.19576	0.04352	0.01642	0.10058	0.12057	0.06251	0.01890	0.02007	0.03531	0.00795	0.00683	0.00214	0.00798	0.00646	0.00506	0.05541
54	0.06436	0.11055	0.25794	0.06143	0.06535	0.01900	0.05451	0.12067	0.01879	0.04965	0.05816	0.01894	0.01439	0.00811	0.00786	0.00229	0.04679	0.00635	0.00450	0.01035

[dist]
# distance from previous block
# <min> <max>
6	73

# created by:
# /home/berkeley/.conda/envs/busco_data_prod/bin/msa2prfl.pl pipeline/OGs_align_augustus/4893/38040.fs
