[name]
unknown

[dist]
# distance from previous block
# <min> <max>
2	52

[block]
# block no. 0 follows, 34 sequences, length 9
# corresponding to MSA columns:
# 60-68
name=unknown_A
#
# <colnr> <probs for GDERKNQSTAVLIFYWHMCP>
#	G	D	E	R	K	N	Q	S	T	A	V	L	I	F	Y	W	H	M	C	P
0	0.08718	0.01158	0.01302	0.07905	0.01658	0.06232	0.00986	0.08724	0.01655	0.05719	0.17868	0.06011	0.06602	0.01135	0.00812	0.00221	0.06752	0.12009	0.00538	0.03996
1	0.01495	0.01684	0.03625	0.10014	0.03484	0.01614	0.64013	0.02028	0.01502	0.02028	0.01291	0.01741	0.00969	0.00555	0.00751	0.00218	0.01067	0.00744	0.00323	0.00856
2	0.01310	0.01015	0.01299	0.01084	0.01432	0.00917	0.03822	0.06284	0.01471	0.06371	0.02528	0.21308	0.09746	0.01121	0.00737	0.00187	0.04657	0.03329	0.00504	0.30878
3	0.06882	0.01529	0.02162	0.08573	0.02270	0.06752	0.15472	0.01997	0.07707	0.04537	0.01228	0.01582	0.01003	0.00818	0.01185	0.00228	0.28713	0.00587	0.00363	0.06412
4	0.25263	0.05031	0.10729	0.01030	0.01389	0.01129	0.00947	0.04235	0.01486	0.02465	0.22869	0.09199	0.04929	0.01054	0.00627	0.00211	0.00511	0.05680	0.00515	0.00702
5	0.00941	0.00659	0.00838	0.00924	0.00995	0.00647	0.00681	0.01081	0.01224	0.01606	0.03027	0.19805	0.05895	0.31210	0.01807	0.00416	0.00554	0.26674	0.00517	0.00500
6	0.07354	0.01155	0.01350	0.01009	0.01524	0.00972	0.00809	0.05639	0.01509	0.18365	0.01511	0.01662	0.01158	0.04242	0.00655	0.00157	0.00515	0.00478	0.00492	0.49445
7	0.09029	0.10884	0.01391	0.01120	0.01366	0.11067	0.00937	0.01598	0.01543	0.02062	0.17867	0.06542	0.03209	0.01267	0.00711	0.00228	0.00605	0.27391	0.00526	0.00657
8	0.48385	0.01667	0.01346	0.05768	0.01700	0.15680	0.00971	0.09578	0.01459	0.02622	0.01003	0.01189	0.00787	0.00664	0.00572	0.00198	0.04843	0.00414	0.00400	0.00754

[dist]
# distance from previous block
# <min> <max>
14	26

[block]
# block no. 1 follows, 34 sequences, length 10
# corresponding to MSA columns:
# 96-105
name=unknown_B
#
# <colnr> <probs for GDERKNQSTAVLIFYWHMCP>
#	G	D	E	R	K	N	Q	S	T	A	V	L	I	F	Y	W	H	M	C	P
0	0.11706	0.01587	0.01393	0.01154	0.01600	0.18312	0.00914	0.02004	0.04456	0.05272	0.01406	0.01867	0.01209	0.00683	0.00545	0.00153	0.00657	0.06411	0.00422	0.38249
1	0.01574	0.01776	0.03139	0.02355	0.02878	0.10887	0.50475	0.02023	0.01538	0.01970	0.01513	0.02349	0.01298	0.00739	0.00810	0.00224	0.04054	0.09224	0.00359	0.00815
2	0.01229	0.00959	0.01059	0.01094	0.01277	0.07210	0.00870	0.01566	0.06105	0.06507	0.12404	0.19738	0.08265	0.01544	0.00796	0.00250	0.00537	0.27332	0.00606	0.00653
3	0.00948	0.00654	0.00816	0.00833	0.00876	0.00679	0.00557	0.01033	0.01025	0.01386	0.02134	0.04227	0.02353	0.52878	0.18306	0.00676	0.00859	0.08898	0.00406	0.00455
4	0.12670	0.01654	0.01761	0.01365	0.01865	0.01809	0.01128	0.54240	0.02650	0.12130	0.01586	0.01563	0.01107	0.00756	0.00615	0.00195	0.00665	0.00560	0.00633	0.01048
5	0.01640	0.01336	0.01686	0.01473	0.10136	0.01185	0.03136	0.14960	0.01701	0.04855	0.01284	0.01451	0.01014	0.00559	0.00544	0.00133	0.00578	0.00464	0.00438	0.51428
6	0.01632	0.01722	0.03418	0.02479	0.03058	0.01710	0.56126	0.10650	0.01667	0.02275	0.01298	0.01690	0.00984	0.00625	0.00867	0.00221	0.07608	0.00723	0.00363	0.00885
7	0.00948	0.00722	0.01010	0.01032	0.01195	0.00682	0.03737	0.01209	0.01538	0.02043	0.22414	0.17628	0.13922	0.01627	0.00823	0.00252	0.00465	0.27545	0.00616	0.00592
8	0.08934	0.02104	0.01541	0.01526	0.05891	0.40735	0.01099	0.03847	0.01681	0.03824	0.06498	0.10855	0.01845	0.00951	0.00638	0.00196	0.00860	0.05809	0.00436	0.00732
9	0.01813	0.01748	0.02403	0.16063	0.02801	0.14734	0.22705	0.05518	0.08852	0.09443	0.01466	0.01719	0.01093	0.00697	0.00773	0.00210	0.06061	0.00627	0.00415	0.00858

[dist]
# distance from previous block
# <min> <max>
15	40

[block]
# block no. 2 follows, 34 sequences, length 10
# corresponding to MSA columns:
# 151-160
name=unknown_C
#
# <colnr> <probs for GDERKNQSTAVLIFYWHMCP>
#	G	D	E	R	K	N	Q	S	T	A	V	L	I	F	Y	W	H	M	C	P
0	0.11879	0.08334	0.01907	0.01551	0.05247	0.29687	0.06465	0.06132	0.01663	0.04714	0.04353	0.01749	0.01265	0.00713	0.00582	0.00178	0.00839	0.03936	0.00405	0.08399
1	0.03684	0.07413	0.02994	0.02061	0.02661	0.01536	0.42317	0.04760	0.03403	0.10264	0.01429	0.01681	0.01059	0.00584	0.00670	0.00193	0.00874	0.00650	0.00406	0.11359
2	0.12368	0.32821	0.18843	0.01307	0.01856	0.12746	0.01325	0.01966	0.01367	0.01845	0.01195	0.07444	0.01097	0.00712	0.00518	0.00176	0.00771	0.00511	0.00327	0.00804
3	0.00917	0.00708	0.00998	0.01028	0.01176	0.00657	0.04221	0.01127	0.01397	0.01856	0.10138	0.38917	0.11439	0.01721	0.00811	0.00251	0.00456	0.17680	0.00586	0.03916
4	0.09758	0.01741	0.08029	0.01669	0.02120	0.09460	0.17307	0.11313	0.10032	0.04860	0.01759	0.07479	0.01520	0.00874	0.00732	0.00218	0.03874	0.05938	0.00467	0.00851
5	0.06583	0.02864	0.07763	0.01600	0.02000	0.59493	0.01293	0.02540	0.01755	0.06790	0.01116	0.01249	0.00878	0.00667	0.00580	0.00174	0.01069	0.00434	0.00364	0.00788
6	0.02053	0.01660	0.01797	0.01436	0.01881	0.11475	0.06811	0.25348	0.12543	0.11287	0.09187	0.02045	0.01754	0.00794	0.00648	0.00190	0.00695	0.00650	0.00583	0.07163
7	0.00916	0.00672	0.00963	0.00974	0.01065	0.00758	0.00725	0.01101	0.01037	0.01471	0.01912	0.08173	0.01926	0.16416	0.57791	0.00916	0.01453	0.00815	0.00372	0.00543
8	0.00898	0.00697	0.00927	0.00992	0.01064	0.00726	0.00732	0.01059	0.01321	0.01783	0.11350	0.47187	0.09494	0.01786	0.00969	0.00258	0.09082	0.08538	0.00576	0.00564
9	0.01173	0.00835	0.00995	0.01055	0.01193	0.04426	0.00795	0.04613	0.01447	0.07359	0.03153	0.45374	0.03512	0.01865	0.03833	0.00289	0.00548	0.16318	0.00592	0.00625

[dist]
# distance from previous block
# <min> <max>
0	1

[block]
# block no. 3 follows, 34 sequences, length 11
# corresponding to MSA columns:
# 162-172
name=unknown_D
#
# <colnr> <probs for GDERKNQSTAVLIFYWHMCP>
#	G	D	E	R	K	N	Q	S	T	A	V	L	I	F	Y	W	H	M	C	P
0	0.01957	0.01821	0.02294	0.03071	0.47652	0.17792	0.01679	0.02274	0.01603	0.11688	0.01348	0.01584	0.01059	0.00626	0.00628	0.00187	0.00827	0.00550	0.00388	0.00973
1	0.01519	0.01699	0.03610	0.02697	0.07244	0.01586	0.63167	0.02041	0.01512	0.02074	0.01293	0.01713	0.00982	0.00543	0.00740	0.00210	0.01038	0.00731	0.00329	0.05272
2	0.01631	0.01918	0.12210	0.03472	0.57345	0.08075	0.01972	0.02045	0.01489	0.02055	0.01188	0.01529	0.00979	0.00589	0.00631	0.00191	0.00829	0.00548	0.00315	0.00990
3	0.12543	0.02860	0.01385	0.01252	0.01500	0.02777	0.10320	0.01432	0.01384	0.01992	0.02930	0.20889	0.08293	0.01433	0.00760	0.00252	0.00595	0.26248	0.00518	0.00637
4	0.09524	0.45508	0.23586	0.01359	0.02017	0.02104	0.04278	0.01969	0.01315	0.01831	0.00991	0.01161	0.00819	0.00575	0.00485	0.00167	0.00765	0.00401	0.00290	0.00854
5	0.01576	0.01095	0.01295	0.01058	0.01478	0.03083	0.00861	0.05354	0.01618	0.14025	0.11577	0.02996	0.02247	0.00894	0.00629	0.00170	0.00519	0.12450	0.00545	0.36531
6	0.01503	0.01312	0.05010	0.01248	0.01527	0.10893	0.04525	0.07883	0.01680	0.10030	0.12210	0.25482	0.03066	0.01320	0.00742	0.00227	0.00615	0.09422	0.00574	0.00730
7	0.01324	0.01352	0.01600	0.01672	0.11247	0.15366	0.09454	0.01562	0.01496	0.01847	0.08631	0.29359	0.07547	0.01287	0.00737	0.00222	0.00668	0.03454	0.00486	0.00689
8	0.13244	0.01465	0.01671	0.11398	0.02117	0.09194	0.05618	0.09319	0.07166	0.15338	0.04023	0.01914	0.01359	0.00747	0.00647	0.00195	0.02697	0.02564	0.00502	0.08822
9	0.01734	0.01587	0.03190	0.02301	0.02914	0.01472	0.52443	0.02262	0.04218	0.13458	0.01543	0.01813	0.01114	0.00593	0.00721	0.00207	0.00941	0.00718	0.00418	0.06352
10	0.01429	0.01301	0.02547	0.01932	0.02360	0.01227	0.39789	0.01802	0.01441	0.07407	0.04336	0.03124	0.01846	0.15818	0.01267	0.00307	0.00863	0.10031	0.00426	0.00748

[dist]
# distance from previous block
# <min> <max>
13	59

[block]
# block no. 4 follows, 34 sequences, length 12
# corresponding to MSA columns:
# 232-243
name=unknown_E
#
# <colnr> <probs for GDERKNQSTAVLIFYWHMCP>
#	G	D	E	R	K	N	Q	S	T	A	V	L	I	F	Y	W	H	M	C	P
0	0.19181	0.01436	0.01547	0.01260	0.01682	0.06930	0.05801	0.18135	0.04861	0.13913	0.01958	0.08805	0.04863	0.00860	0.00609	0.00198	0.00628	0.00691	0.00548	0.06092
1	0.21524	0.02246	0.01584	0.01379	0.01772	0.38139	0.01070	0.12311	0.05133	0.02348	0.01142	0.01264	0.00901	0.00663	0.00544	0.00176	0.00862	0.00437	0.00413	0.06091
2	0.26823	0.00889	0.00962	0.03136	0.01260	0.00925	0.00754	0.01539	0.01357	0.08811	0.09009	0.22226	0.07886	0.01292	0.00668	0.00232	0.00466	0.10552	0.00555	0.00658
3	0.01443	0.01355	0.01583	0.01160	0.01721	0.06967	0.06559	0.01741	0.01395	0.02060	0.01149	0.01359	0.00949	0.00499	0.00510	0.00112	0.00585	0.00417	0.00374	0.68063
4	0.01461	0.01301	0.01766	0.01289	0.01831	0.01133	0.10361	0.07368	0.01481	0.02225	0.01183	0.01417	0.00965	0.00555	0.00639	0.00133	0.05551	0.00463	0.00390	0.58490
5	0.53738	0.01637	0.01398	0.04080	0.01691	0.16174	0.06610	0.02020	0.01311	0.02508	0.03108	0.01268	0.00916	0.00632	0.00487	0.00195	0.00690	0.00430	0.00385	0.00722
6	0.01177	0.01158	0.01007	0.01016	0.01182	0.16688	0.00745	0.01363	0.01552	0.01873	0.18686	0.27941	0.16710	0.01491	0.00750	0.00222	0.00534	0.04738	0.00566	0.00600
7	0.14817	0.02531	0.01716	0.01501	0.01882	0.48197	0.01159	0.16683	0.01967	0.02303	0.01098	0.01227	0.00867	0.00678	0.00567	0.00177	0.00967	0.00440	0.00408	0.00814
8	0.09581	0.00878	0.01016	0.00984	0.01218	0.00895	0.00776	0.01756	0.13109	0.07701	0.21992	0.11685	0.11117	0.01322	0.00729	0.00230	0.00439	0.13234	0.00633	0.00706
9	0.00883	0.00667	0.00824	0.00850	0.00993	0.00616	0.00624	0.01066	0.01378	0.01828	0.15030	0.23770	0.20850	0.09421	0.06556	0.00331	0.00507	0.08372	0.00566	0.04869
10	0.01504	0.01556	0.03003	0.07261	0.02938	0.01464	0.46381	0.06402	0.01563	0.02162	0.01366	0.04399	0.01096	0.00609	0.00698	0.00196	0.00912	0.00708	0.00365	0.15418
11	0.01499	0.01650	0.03416	0.06271	0.03211	0.01564	0.58688	0.02081	0.04910	0.02082	0.01351	0.01744	0.01020	0.00561	0.00730	0.00209	0.01004	0.00723	0.00345	0.06943

[dist]
# distance from previous block
# <min> <max>
16	84

[block]
# block no. 5 follows, 34 sequences, length 32
# corresponding to MSA columns:
# 332-363
name=unknown_F
#
# <colnr> <probs for GDERKNQSTAVLIFYWHMCP>
#	G	D	E	R	K	N	Q	S	T	A	V	L	I	F	Y	W	H	M	C	P
0	0.10647	0.01298	0.01420	0.04686	0.01724	0.03406	0.00926	0.09753	0.08918	0.07888	0.01511	0.01753	0.01198	0.00656	0.00548	0.00155	0.00560	0.03142	0.00477	0.39337
1	0.01644	0.01350	0.01537	0.01201	0.01625	0.04767	0.00970	0.10900	0.03956	0.07282	0.05268	0.01660	0.01315	0.00717	0.00812	0.00160	0.13117	0.00515	0.00455	0.40750
2	0.01151	0.00965	0.01039	0.00982	0.01217	0.04385	0.00753	0.01626	0.13188	0.02020	0.12851	0.06339	0.15202	0.12086	0.01086	0.00272	0.00506	0.13054	0.00554	0.10724
3	0.01164	0.00760	0.00951	0.00911	0.01125	0.00675	0.00692	0.01364	0.01440	0.09921	0.12476	0.19888	0.13965	0.09595	0.01019	0.00264	0.00453	0.11876	0.00586	0.10875
4	0.00780	0.00589	0.00722	0.00828	0.00918	0.00531	0.00568	0.00908	0.01306	0.01677	0.04433	0.56239	0.24342	0.01911	0.00807	0.00249	0.00361	0.01699	0.00600	0.00531
5	0.01489	0.01260	0.01482	0.01141	0.01599	0.01188	0.00918	0.10566	0.06685	0.02313	0.01366	0.04448	0.01167	0.00688	0.00732	0.00147	0.09967	0.00514	0.00433	0.51898
6	0.01491	0.01266	0.01496	0.01117	0.01612	0.01147	0.00906	0.10463	0.01512	0.02287	0.01162	0.01376	0.00961	0.00598	0.00705	0.00132	0.09968	0.00431	0.00404	0.60966
7	0.01335	0.01122	0.01310	0.00973	0.01496	0.00877	0.00769	0.04393	0.01400	0.02144	0.01385	0.08242	0.01265	0.00632	0.00517	0.00115	0.00479	0.00524	0.00413	0.70609
8	0.06710	0.02572	0.01678	0.01507	0.01855	0.56475	0.01150	0.02522	0.01771	0.10852	0.01443	0.01659	0.03191	0.00748	0.00598	0.00179	0.01005	0.02893	0.00413	0.00779
9	0.01379	0.01390	0.02178	0.01794	0.01913	0.01797	0.12727	0.01596	0.01082	0.01633	0.01018	0.01588	0.00952	0.01434	0.09706	0.00353	0.55830	0.00611	0.00297	0.00720
10	0.00817	0.00575	0.00741	0.00861	0.00891	0.00545	0.00559	0.00908	0.01178	0.01571	0.03261	0.62564	0.03894	0.16848	0.01310	0.00334	0.00424	0.01660	0.00559	0.00499
11	0.00896	0.00616	0.00758	0.00827	0.00857	0.00603	0.00537	0.00969	0.01106	0.01469	0.02733	0.30558	0.03187	0.42128	0.02146	0.00460	0.00533	0.08669	0.00488	0.00461
12	0.00840	0.00658	0.00761	0.00735	0.00920	0.00578	0.00551	0.01075	0.01653	0.02174	0.40197	0.05513	0.39081	0.01476	0.00763	0.00211	0.00316	0.01265	0.00656	0.00578
13	0.01220	0.01148	0.01938	0.75739	0.04450	0.01436	0.01794	0.01651	0.01292	0.01651	0.01148	0.01723	0.00861	0.00646	0.00646	0.00215	0.00861	0.00574	0.00287	0.00718
14	0.01500	0.38456	0.40616	0.01494	0.02259	0.01999	0.01782	0.01994	0.01340	0.01798	0.01036	0.01209	0.00824	0.00585	0.00520	0.00173	0.00830	0.00415	0.00275	0.00896
15	0.00914	0.00660	0.00864	0.00813	0.00965	0.00610	0.00610	0.01219	0.01829	0.02591	0.72921	0.04827	0.06097	0.01321	0.00762	0.00203	0.00305	0.01169	0.00711	0.00610
16	0.01122	0.00561	0.00842	0.00842	0.00842	0.00561	0.00561	0.00842	0.00842	0.01122	0.01122	0.01964	0.01122	0.02245	0.02525	0.81201	0.00561	0.00561	0.00281	0.00281
17	0.01930	0.01599	0.02389	0.02683	0.33024	0.06696	0.12158	0.11557	0.01767	0.13661	0.01582	0.05238	0.01258	0.00709	0.00666	0.00199	0.00784	0.00665	0.00455	0.00979
18	0.11116	0.05080	0.01793	0.01511	0.01894	0.48348	0.01172	0.15042	0.04439	0.02219	0.01143	0.01263	0.00907	0.00682	0.00571	0.00176	0.00970	0.00448	0.00407	0.00820
19	0.02414	0.03079	0.01831	0.01665	0.01998	0.74698	0.01248	0.02580	0.01831	0.01581	0.00999	0.01165	0.00832	0.00666	0.00583	0.00166	0.01165	0.00416	0.00333	0.00749
20	0.00799	0.00571	0.00760	0.00892	0.00940	0.00532	0.00601	0.00928	0.01290	0.01734	0.09800	0.70390	0.04437	0.01961	0.00819	0.00257	0.00369	0.01777	0.00610	0.00532
21	0.01411	0.01393	0.01586	0.01424	0.01544	0.10814	0.01136	0.01786	0.10002	0.01675	0.01380	0.01928	0.01257	0.05081	0.21772	0.00482	0.33652	0.00617	0.00358	0.00703
22	0.02323	0.01374	0.01634	0.04710	0.01821	0.01443	0.01059	0.33614	0.02220	0.27188	0.01911	0.02116	0.01409	0.10530	0.01032	0.00255	0.03096	0.00650	0.00638	0.00979
23	0.01296	0.03342	0.73944	0.01842	0.02797	0.01501	0.02387	0.02046	0.01364	0.02046	0.01160	0.01364	0.00818	0.00614	0.00614	0.00205	0.00955	0.00477	0.00273	0.00955
24	0.00940	0.00626	0.00705	0.00705	0.00705	0.00626	0.00392	0.00940	0.00940	0.01253	0.02036	0.04228	0.02349	0.77292	0.03289	0.00626	0.00626	0.00940	0.00392	0.00392
25	0.02508	0.01228	0.01497	0.01182	0.01629	0.03322	0.00962	0.14105	0.04319	0.48367	0.11615	0.02414	0.02098	0.00863	0.00662	0.00199	0.00561	0.00702	0.00744	0.01022
26	0.01791	0.01289	0.01605	0.01308	0.01689	0.04733	0.08531	0.17605	0.07715	0.15525	0.11196	0.07454	0.12799	0.01052	0.00706	0.00210	0.00600	0.02709	0.00622	0.00863
27	0.00766	0.00647	0.00663	0.00676	0.00878	0.00544	0.00500	0.00925	0.01452	0.01737	0.06286	0.12375	0.67011	0.01670	0.00769	0.00222	0.00331	0.01405	0.00600	0.00544
28	0.01220	0.01148	0.01938	0.75739	0.04450	0.01436	0.01794	0.01651	0.01292	0.01651	0.01148	0.01723	0.00861	0.00646	0.00646	0.00215	0.00861	0.00574	0.00287	0.00718
29	0.01501	0.01528	0.02459	0.31919	0.30970	0.07033	0.11500	0.01909	0.01435	0.01884	0.01185	0.01635	0.00939	0.00606	0.00655	0.00203	0.00880	0.00589	0.00309	0.00861
30	0.00836	0.00597	0.00806	0.00956	0.01015	0.00567	0.00685	0.00985	0.01286	0.01704	0.03534	0.63407	0.04166	0.01978	0.00838	0.00269	0.00417	0.14815	0.00599	0.00538
31	0.01258	0.00778	0.00928	0.00836	0.01087	0.00696	0.00645	0.04197	0.01716	0.14738	0.28363	0.06979	0.32578	0.01359	0.00740	0.00210	0.00375	0.01155	0.00675	0.00686

[dist]
# distance from previous block
# <min> <max>
0	1

[block]
# block no. 6 follows, 34 sequences, length 116
# corresponding to MSA columns:
# 365-480
name=unknown_G
#
# <colnr> <probs for GDERKNQSTAVLIFYWHMCP>
#	G	D	E	R	K	N	Q	S	T	A	V	L	I	F	Y	W	H	M	C	P
0	0.09818	0.18189	0.08676	0.01490	0.04103	0.01773	0.08079	0.16419	0.11417	0.06632	0.01560	0.01767	0.01215	0.00715	0.00584	0.00192	0.00694	0.02837	0.02922	0.00920
1	0.01507	0.01754	0.05959	0.04780	0.03264	0.01636	0.61374	0.02086	0.04043	0.02060	0.01328	0.01741	0.01002	0.00584	0.00802	0.00220	0.03918	0.00739	0.00334	0.00869
2	0.00924	0.00690	0.01026	0.01026	0.01138	0.00801	0.00793	0.01146	0.01035	0.01491	0.01742	0.02599	0.01642	0.07465	0.72149	0.01024	0.01691	0.00701	0.00348	0.00570
3	0.02290	0.05209	0.01983	0.01932	0.10979	0.61207	0.01336	0.04349	0.01802	0.01714	0.01038	0.01226	0.00864	0.00654	0.00586	0.00170	0.01088	0.00439	0.00338	0.00796
4	0.01136	0.00990	0.01353	0.04044	0.01433	0.03306	0.02876	0.01371	0.01285	0.01846	0.19946	0.02790	0.02530	0.04883	0.23788	0.00492	0.21188	0.00776	0.03333	0.00633
5	0.00966	0.00682	0.00819	0.00771	0.00968	0.00604	0.00583	0.01214	0.01695	0.06165	0.43927	0.05210	0.31191	0.01412	0.00757	0.00209	0.00327	0.01214	0.00674	0.00612
6	0.02537	0.01680	0.01859	0.01425	0.01939	0.01811	0.01177	0.58684	0.02821	0.16803	0.01734	0.01670	0.01190	0.00780	0.00647	0.00195	0.00682	0.00594	0.00674	0.01099
7	0.00804	0.00647	0.00719	0.00733	0.00913	0.00561	0.00545	0.00993	0.01512	0.01903	0.18944	0.15029	0.49096	0.01629	0.00775	0.00223	0.00337	0.03456	0.00621	0.00557
8	0.02377	0.01770	0.01894	0.01471	0.01973	0.01967	0.01209	0.64778	0.09496	0.03944	0.01652	0.01632	0.01181	0.00785	0.00647	0.00196	0.00692	0.00596	0.00647	0.01092
9	0.01605	0.01369	0.01444	0.01295	0.01650	0.01579	0.01003	0.05410	0.67011	0.02685	0.02572	0.02460	0.01961	0.04054	0.00767	0.00235	0.00522	0.00735	0.00646	0.00999
10	0.01296	0.03342	0.73944	0.01842	0.02797	0.01501	0.02387	0.02046	0.01364	0.02046	0.01160	0.01364	0.00818	0.00614	0.00614	0.00205	0.00955	0.00477	0.00273	0.00955
11	0.00940	0.00626	0.00705	0.00705	0.00705	0.00626	0.00392	0.00940	0.00940	0.01253	0.02036	0.04228	0.02349	0.77292	0.03289	0.00626	0.00626	0.00940	0.00392	0.00392
12	0.01069	0.00720	0.00919	0.00847	0.01036	0.00670	0.00643	0.01425	0.04733	0.07376	0.61162	0.04632	0.09704	0.01286	0.00750	0.00205	0.00331	0.01127	0.00708	0.00656
13	0.81856	0.01250	0.00950	0.00850	0.01250	0.01449	0.00700	0.01899	0.01100	0.02899	0.00900	0.01050	0.00700	0.00600	0.00400	0.00200	0.00500	0.00350	0.00400	0.00700
14	0.01607	0.01388	0.01461	0.01315	0.01680	0.01607	0.01023	0.03433	0.72094	0.02703	0.02630	0.02411	0.01972	0.00877	0.00657	0.00219	0.00511	0.00731	0.00657	0.01023
15	0.00816	0.00649	0.00739	0.00799	0.00950	0.00584	0.00580	0.01023	0.03713	0.01752	0.05120	0.32667	0.40945	0.01765	0.00790	0.00239	0.00366	0.05344	0.00602	0.00556
16	0.02645	0.01043	0.01418	0.01106	0.01562	0.00906	0.00906	0.02902	0.01847	0.64602	0.11561	0.02536	0.02175	0.00866	0.00664	0.00200	0.00518	0.00716	0.00788	0.01037
17	0.01220	0.01148	0.01938	0.75739	0.04450	0.01436	0.01794	0.01651	0.01292	0.01651	0.01148	0.01723	0.00861	0.00646	0.00646	0.00215	0.00861	0.00574	0.00287	0.00718
18	0.01340	0.01148	0.01340	0.00957	0.01531	0.00861	0.00766	0.01627	0.01340	0.02105	0.01148	0.01340	0.00957	0.00479	0.00479	0.00096	0.00479	0.00383	0.00383	0.81242
19	0.00794	0.00664	0.00696	0.00712	0.00923	0.00567	0.00550	0.00972	0.01474	0.01766	0.06209	0.06334	0.65531	0.01652	0.00778	0.00227	0.00356	0.08645	0.00599	0.00551
20	0.81856	0.01250	0.00950	0.00850	0.01250	0.01449	0.00700	0.01899	0.01100	0.02899	0.00900	0.01050	0.00700	0.00600	0.00400	0.00200	0.00500	0.00350	0.00400	0.00700
21	0.02299	0.02803	0.01781	0.01610	0.01952	0.62248	0.01216	0.04568	0.11930	0.01810	0.01247	0.01354	0.01003	0.00699	0.00595	0.00175	0.01059	0.00466	0.00388	0.00798
22	0.00940	0.00626	0.00705	0.00705	0.00705	0.00626	0.00392	0.00940	0.00940	0.01253	0.02036	0.04228	0.02349	0.77292	0.03289	0.00626	0.00626	0.00940	0.00392	0.00392
23	0.01296	0.01189	0.01938	0.71206	0.04301	0.01470	0.01760	0.05891	0.01399	0.01799	0.01173	0.01712	0.00876	0.00654	0.00646	0.00214	0.00852	0.00575	0.00309	0.00741
24	0.02456	0.01810	0.01939	0.01487	0.02004	0.02004	0.01228	0.71107	0.03038	0.04072	0.01551	0.01551	0.01099	0.00776	0.00646	0.00194	0.00711	0.00582	0.00646	0.01099
25	0.01585	0.01521	0.02598	0.06566	0.70769	0.01532	0.01976	0.01971	0.01465	0.02094	0.01213	0.01604	0.01018	0.00578	0.00640	0.00193	0.00771	0.00576	0.00319	0.01012
26	0.01758	0.04775	0.13849	0.01411	0.01861	0.18706	0.01259	0.02674	0.28300	0.07082	0.09837	0.02147	0.01905	0.00815	0.00635	0.00198	0.00727	0.00643	0.00518	0.00898
27	0.01727	0.77681	0.03386	0.01106	0.01658	0.02557	0.01106	0.01935	0.01313	0.01520	0.00898	0.01036	0.00829	0.00553	0.00415	0.00138	0.00691	0.00345	0.00276	0.00829
28	0.00923	0.00692	0.01038	0.01038	0.01154	0.00808	0.00808	0.01154	0.01038	0.01500	0.01731	0.02538	0.01615	0.04846	0.74732	0.01038	0.01731	0.00692	0.00346	0.00577
29	0.01414	0.01414	0.01979	0.01696	0.01696	0.01979	0.01414	0.01555	0.00990	0.01555	0.00848	0.01414	0.00848	0.01131	0.02120	0.00283	0.76110	0.00565	0.00283	0.00707
30	0.00923	0.00692	0.01038	0.01038	0.01154	0.00808	0.00808	0.01154	0.01038	0.01500	0.01731	0.02538	0.01615	0.04846	0.74732	0.01038	0.01731	0.00692	0.00346	0.00577
31	0.01525	0.01743	0.03813	0.02723	0.03377	0.01634	0.70915	0.02070	0.01525	0.02070	0.01307	0.01743	0.00980	0.00545	0.00763	0.00218	0.01089	0.00763	0.00327	0.00871
32	0.01607	0.01388	0.01461	0.01315	0.01680	0.01607	0.01023	0.03433	0.72094	0.02703	0.02630	0.02411	0.01972	0.00877	0.00657	0.00219	0.00511	0.00731	0.00657	0.01023
33	0.01041	0.00744	0.01041	0.01190	0.01339	0.00744	0.01041	0.01339	0.01487	0.01934	0.03421	0.07288	0.03719	0.01785	0.00892	0.00297	0.00595	0.68913	0.00595	0.00595
34	0.01220	0.01148	0.01938	0.75739	0.04450	0.01436	0.01794	0.01651	0.01292	0.01651	0.01148	0.01723	0.00861	0.00646	0.00646	0.00215	0.00861	0.00574	0.00287	0.00718
35	0.02476	0.01549	0.01750	0.01367	0.01859	0.01646	0.01121	0.42660	0.11535	0.24167	0.01980	0.01850	0.01356	0.00796	0.00649	0.00199	0.00639	0.00621	0.00692	0.01089
36	0.02414	0.03079	0.01831	0.01665	0.01998	0.74698	0.01248	0.02580	0.01831	0.01581	0.00999	0.01165	0.00832	0.00666	0.00583	0.00166	0.01165	0.00416	0.00333	0.00749
37	0.00895	0.00660	0.00837	0.00793	0.00953	0.00601	0.00594	0.01182	0.01783	0.02483	0.64421	0.05005	0.14664	0.01361	0.00762	0.00205	0.00308	0.01194	0.00697	0.00601
38	0.01727	0.77681	0.03386	0.01106	0.01658	0.02557	0.01106	0.01935	0.01313	0.01520	0.00898	0.01036	0.00829	0.00553	0.00415	0.00138	0.00691	0.00345	0.00276	0.00829
39	0.00851	0.00595	0.00725	0.00802	0.00834	0.00569	0.00504	0.00918	0.01125	0.01486	0.03092	0.41555	0.07648	0.34123	0.01873	0.00415	0.00479	0.01425	0.00511	0.00469
40	0.00787	0.00562	0.00750	0.00900	0.00937	0.00525	0.00600	0.00900	0.01237	0.01649	0.03561	0.76871	0.04274	0.02024	0.00825	0.00262	0.00375	0.01837	0.00600	0.00525
41	0.02307	0.02863	0.01831	0.01729	0.04935	0.65079	0.01259	0.02632	0.08136	0.01704	0.01154	0.01295	0.00943	0.00681	0.00592	0.00172	0.01090	0.00451	0.00362	0.00785
42	0.01378	0.01171	0.01361	0.00975	0.01548	0.00901	0.00782	0.04027	0.01398	0.02173	0.01162	0.01347	0.00962	0.00489	0.00484	0.00099	0.00487	0.00390	0.00392	0.78474
43	0.00819	0.00657	0.00732	0.00713	0.00907	0.00569	0.00535	0.01035	0.01604	0.02058	0.31057	0.05704	0.48293	0.01520	0.00763	0.00213	0.00319	0.01292	0.00641	0.00569
44	0.01525	0.01743	0.03813	0.02723	0.03377	0.01634	0.70915	0.02070	0.01525	0.02070	0.01307	0.01743	0.00980	0.00545	0.00763	0.00218	0.01089	0.00763	0.00327	0.00871
45	0.00784	0.00625	0.00703	0.00748	0.00901	0.00544	0.00536	0.00942	0.01424	0.01782	0.10909	0.29430	0.44920	0.01739	0.00784	0.00232	0.00341	0.01504	0.00609	0.00544
46	0.81856	0.01250	0.00950	0.00850	0.01250	0.01449	0.00700	0.01899	0.01100	0.02899	0.00900	0.01050	0.00700	0.00600	0.00400	0.00200	0.00500	0.00350	0.00400	0.00700
47	0.00782	0.00602	0.00716	0.00800	0.00913	0.00536	0.00557	0.00921	0.01350	0.01719	0.07075	0.46460	0.31561	0.01847	0.00798	0.00243	0.00354	0.01627	0.00604	0.00536
48	0.02456	0.01810	0.01939	0.01487	0.02004	0.02004	0.01228	0.71107	0.03038	0.04072	0.01551	0.01551	0.01099	0.00776	0.00646	0.00194	0.00711	0.00582	0.00646	0.01099
49	0.00798	0.00582	0.00747	0.00874	0.00935	0.00538	0.00594	0.00919	0.01263	0.01657	0.03858	0.63615	0.12350	0.04588	0.00905	0.00271	0.00385	0.04004	0.00592	0.00525
50	0.02229	0.01590	0.01696	0.01326	0.01776	0.01749	0.01087	0.58461	0.02732	0.03770	0.01652	0.01707	0.01200	0.00771	0.00611	0.00186	0.00637	0.00585	0.15224	0.01009
51	0.01727	0.77681	0.03386	0.01106	0.01658	0.02557	0.01106	0.01935	0.01313	0.01520	0.00898	0.01036	0.00829	0.00553	0.00415	0.00138	0.00691	0.00345	0.00276	0.00829
52	0.04821	0.01238	0.03852	0.01194	0.01629	0.01144	0.00999	0.14613	0.01922	0.43295	0.04967	0.08917	0.03803	0.00947	0.00716	0.00208	0.03291	0.00765	0.00698	0.00983
53	0.02032	0.02252	0.02305	0.09853	0.02562	0.35902	0.18585	0.09302	0.01792	0.04568	0.01230	0.01495	0.00955	0.00801	0.03329	0.00220	0.01066	0.00555	0.00376	0.00818
54	0.81856	0.01250	0.00950	0.00850	0.01250	0.01449	0.00700	0.01899	0.01100	0.02899	0.00900	0.01050	0.00700	0.00600	0.00400	0.00200	0.00500	0.00350	0.00400	0.00700
55	0.02390	0.02857	0.01863	0.01784	0.06659	0.65381	0.01278	0.02576	0.01809	0.06026	0.01108	0.01257	0.00892	0.00668	0.00590	0.00170	0.01101	0.00441	0.00361	0.00789
56	0.01599	0.01535	0.02623	0.03966	0.73262	0.01535	0.01983	0.01983	0.01471	0.02111	0.01215	0.01599	0.01023	0.00576	0.00640	0.00192	0.00768	0.00576	0.00320	0.01023
57	0.01340	0.01148	0.01340	0.00957	0.01531	0.00861	0.00766	0.01627	0.01340	0.02105	0.01148	0.01340	0.00957	0.00479	0.00479	0.00096	0.00479	0.00383	0.00383	0.81242
58	0.01549	0.47019	0.32489	0.01409	0.02128	0.02121	0.01634	0.01981	0.01334	0.01737	0.01006	0.01172	0.00825	0.00578	0.00497	0.00166	0.00800	0.00400	0.00275	0.00881
59	0.05148	0.05228	0.01822	0.01571	0.01916	0.56068	0.01204	0.05937	0.09300	0.01867	0.01188	0.01316	0.00962	0.00702	0.00629	0.00177	0.03330	0.00457	0.00382	0.00795
60	0.51094	0.01411	0.10230	0.00990	0.01398	0.01310	0.00899	0.01866	0.05887	0.02599	0.08211	0.01836	0.01477	0.07589	0.00739	0.00240	0.00551	0.00525	0.00431	0.00717
61	0.01316	0.01128	0.01311	0.00944	0.01504	0.00848	0.00754	0.01598	0.01345	0.02090	0.01373	0.01543	0.03955	0.00527	0.00490	0.00101	0.00472	0.00424	0.00392	0.77884
62	0.02456	0.01810	0.01939	0.01487	0.02004	0.02004	0.01228	0.71107	0.03038	0.04072	0.01551	0.01551	0.01099	0.00776	0.00646	0.00194	0.00711	0.00582	0.00646	0.01099
63	0.01640	0.01404	0.01479	0.01321	0.01693	0.01622	0.01031	0.06014	0.69461	0.02755	0.02589	0.02378	0.01939	0.00873	0.00657	0.00218	0.00519	0.00725	0.00657	0.01026
64	0.01122	0.00561	0.00842	0.00842	0.00842	0.00561	0.00561	0.00842	0.00842	0.01122	0.01122	0.01964	0.01122	0.02245	0.02525	0.81201	0.00561	0.00561	0.00281	0.00281
65	0.01525	0.01743	0.03813	0.02723	0.03377	0.01634	0.70915	0.02070	0.01525	0.02070	0.01307	0.01743	0.00980	0.00545	0.00763	0.00218	0.01089	0.00763	0.00327	0.00871
66	0.00940	0.00626	0.00705	0.00705	0.00705	0.00626	0.00392	0.00940	0.00940	0.01253	0.02036	0.04228	0.02349	0.77292	0.03289	0.00626	0.00626	0.00940	0.00392	0.00392
67	0.02414	0.03079	0.01831	0.01665	0.01998	0.74698	0.01248	0.02580	0.01831	0.01581	0.00999	0.01165	0.00832	0.00666	0.00583	0.00166	0.01165	0.00416	0.00333	0.00749
68	0.00945	0.00623	0.00702	0.00708	0.00715	0.00622	0.00402	0.00962	0.00968	0.01315	0.02094	0.06784	0.02390	0.71380	0.03081	0.00593	0.00604	0.00958	0.03749	0.00405
69	0.01578	0.04312	0.15353	0.01756	0.04760	0.10465	0.09687	0.03798	0.01401	0.05103	0.02995	0.06246	0.01277	0.00886	0.01084	0.00223	0.23337	0.00647	0.04289	0.00803
70	0.00940	0.00626	0.00705	0.00705	0.00705	0.00626	0.00392	0.00940	0.00940	0.01253	0.02036	0.04228	0.02349	0.77292	0.03289	0.00626	0.00626	0.00940	0.00392	0.00392
71	0.01823	0.67464	0.03178	0.01175	0.01705	0.09617	0.01124	0.04636	0.01430	0.01624	0.00933	0.01069	0.00840	0.00572	0.00440	0.00143	0.00738	0.00361	0.00296	0.00832
72	0.01125	0.01229	0.11326	0.01095	0.01469	0.00912	0.03083	0.03595	0.06768	0.02280	0.26324	0.06110	0.14039	0.01126	0.00699	0.00199	0.00496	0.05140	0.00557	0.12429
73	0.04611	0.04147	0.06974	0.01772	0.11857	0.08802	0.01316	0.19563	0.26745	0.04887	0.01790	0.01796	0.01343	0.00749	0.00626	0.00199	0.00698	0.00597	0.00532	0.00996
74	0.01628	0.04546	0.02736	0.05594	0.49607	0.05834	0.13415	0.02081	0.04429	0.02061	0.01263	0.01614	0.01032	0.00590	0.00649	0.00195	0.00834	0.00595	0.00333	0.00965
75	0.01296	0.03342	0.73944	0.01842	0.02797	0.01501	0.02387	0.02046	0.01364	0.02046	0.01160	0.01364	0.00818	0.00614	0.00614	0.00205	0.00955	0.00477	0.00273	0.00955
76	0.01056	0.00790	0.01029	0.01132	0.01310	0.00796	0.00969	0.01474	0.07837	0.01979	0.03751	0.06712	0.12464	0.01684	0.00855	0.00280	0.00553	0.54099	0.00601	0.00627
77	0.00933	0.00684	0.00893	0.00925	0.01079	0.00644	0.00741	0.01209	0.01643	0.02221	0.37975	0.08838	0.13715	0.01548	0.00809	0.00240	0.00409	0.24249	0.00653	0.00593
78	0.02452	0.01924	0.01929	0.01503	0.02003	0.08543	0.01230	0.64943	0.02929	0.03848	0.01502	0.01517	0.01075	0.00766	0.00641	0.00191	0.00752	0.00567	0.00618	0.01067
79	0.07306	0.01355	0.01645	0.01355	0.04101	0.03506	0.04409	0.12993	0.11630	0.29435	0.04137	0.01955	0.01502	0.00745	0.00619	0.00188	0.00601	0.00609	0.00622	0.11287
80	0.01340	0.10844	0.66824	0.01767	0.02682	0.01607	0.02258	0.02035	0.01359	0.01993	0.01133	0.01331	0.00820	0.00608	0.00594	0.00198	0.00928	0.00464	0.00273	0.00942
81	0.02456	0.01810	0.01939	0.01487	0.02004	0.02004	0.01228	0.71107	0.03038	0.04072	0.01551	0.01551	0.01099	0.00776	0.00646	0.00194	0.00711	0.00582	0.00646	0.01099
82	0.00807	0.00581	0.00734	0.00848	0.00897	0.00541	0.00559	0.00908	0.01218	0.01602	0.03635	0.59502	0.10748	0.12791	0.01172	0.00310	0.00406	0.01662	0.00570	0.00508
83	0.01438	0.27727	0.50800	0.01600	0.02423	0.01847	0.01967	0.02010	0.01347	0.01874	0.01074	0.01257	0.00822	0.00594	0.00549	0.00183	0.00868	0.00434	0.00274	0.00914
84	0.00787	0.00562	0.00750	0.00900	0.00937	0.00525	0.00600	0.00900	0.01237	0.01649	0.03561	0.76871	0.04274	0.02024	0.00825	0.00262	0.00375	0.01837	0.00600	0.00525
85	0.00787	0.00562	0.00750	0.00900	0.00937	0.00525	0.00600	0.00900	0.01237	0.01649	0.03561	0.76871	0.04274	0.02024	0.00825	0.00262	0.00375	0.01837	0.00600	0.00525
86	0.01460	0.01431	0.02522	0.27673	0.33672	0.01523	0.13631	0.01979	0.05919	0.01987	0.01299	0.01717	0.01022	0.00613	0.00664	0.00206	0.00838	0.00617	0.00332	0.00895
87	0.01626	0.01606	0.02532	0.08214	0.64703	0.05996	0.01927	0.01999	0.01482	0.02050	0.01198	0.01580	0.01002	0.00586	0.00637	0.00192	0.00798	0.00566	0.00319	0.00988
88	0.02456	0.01810	0.01939	0.01487	0.02004	0.02004	0.01228	0.71107	0.03038	0.04072	0.01551	0.01551	0.01099	0.00776	0.00646	0.00194	0.00711	0.00582	0.00646	0.01099
89	0.81856	0.01250	0.00950	0.00850	0.01250	0.01449	0.00700	0.01899	0.01100	0.02899	0.00900	0.01050	0.00700	0.00600	0.00400	0.00200	0.00500	0.00350	0.00400	0.00700
90	0.00800	0.00653	0.00707	0.00701	0.00897	0.00560	0.00523	0.00995	0.01549	0.01942	0.22136	0.08346	0.54791	0.01575	0.00765	0.00216	0.00324	0.01334	0.00626	0.00560
91	0.02192	0.02576	0.01637	0.01488	0.01806	0.58559	0.01119	0.02367	0.01781	0.06098	0.04159	0.04204	0.07662	0.00827	0.00617	0.00177	0.00997	0.00587	0.00407	0.00741
92	0.00925	0.00623	0.00721	0.00734	0.00742	0.00624	0.00425	0.00944	0.00970	0.01297	0.02162	0.10701	0.02496	0.67897	0.05655	0.00609	0.00644	0.01011	0.00409	0.00410
93	0.01395	0.18182	0.54308	0.01710	0.02529	0.01740	0.03947	0.02000	0.01340	0.01917	0.01096	0.01311	0.00827	0.00625	0.00651	0.00195	0.04573	0.00463	0.00276	0.00915
94	0.01804	0.04286	0.04044	0.16930	0.22228	0.22501	0.03866	0.08027	0.03615	0.02025	0.01280	0.01705	0.01054	0.00684	0.00631	0.00194	0.00895	0.03007	0.00362	0.00863
95	0.01414	0.01414	0.01979	0.01696	0.01696	0.01979	0.01414	0.01555	0.00990	0.01555	0.00848	0.01414	0.00848	0.01131	0.02120	0.00283	0.76110	0.00565	0.00283	0.00707
96	0.01514	0.01799	0.13130	0.07065	0.16511	0.01521	0.33029	0.04085	0.01515	0.04289	0.03242	0.04264	0.01221	0.00670	0.00747	0.00213	0.03228	0.00706	0.00357	0.00894
97	0.01992	0.02258	0.04126	0.01703	0.04186	0.37142	0.09597	0.06481	0.11814	0.04124	0.01649	0.04868	0.03211	0.03119	0.00721	0.00204	0.00927	0.00627	0.00429	0.00823
98	0.04429	0.01933	0.01546	0.01386	0.01688	0.33050	0.03164	0.09788	0.01772	0.06461	0.02207	0.12567	0.08646	0.01047	0.00711	0.00204	0.03123	0.05050	0.00477	0.00751
99	0.81856	0.01250	0.00950	0.00850	0.01250	0.01449	0.00700	0.01899	0.01100	0.02899	0.00900	0.01050	0.00700	0.00600	0.00400	0.00200	0.00500	0.00350	0.00400	0.00700
100	0.00846	0.00658	0.00769	0.00741	0.00923	0.00581	0.00556	0.01087	0.01667	0.02208	0.42831	0.05457	0.36425	0.01464	0.00763	0.00210	0.00315	0.01257	0.00661	0.00581
101	0.04360	0.39967	0.16788	0.01344	0.01946	0.06623	0.01367	0.12988	0.03463	0.04069	0.01149	0.01258	0.00916	0.00624	0.00513	0.00168	0.00761	0.00432	0.00366	0.00900
102	0.01543	0.01045	0.01392	0.01318	0.08378	0.00957	0.03186	0.05972	0.03779	0.14975	0.13082	0.05325	0.09040	0.07815	0.00897	0.00225	0.00528	0.03094	0.00558	0.16890
103	0.01095	0.07687	0.01085	0.00875	0.00976	0.03540	0.00607	0.02970	0.01111	0.01446	0.01969	0.07958	0.02166	0.47284	0.13987	0.00588	0.00813	0.02940	0.00397	0.00506
104	0.01338	0.10511	0.67140	0.01771	0.02687	0.01602	0.02264	0.02035	0.01359	0.01996	0.01134	0.01333	0.00820	0.00608	0.00595	0.00198	0.00929	0.00465	0.00273	0.00943
105	0.00940	0.00626	0.00705	0.00705	0.00705	0.00626	0.00392	0.00940	0.00940	0.01253	0.02036	0.04228	0.02349	0.77292	0.03289	0.00626	0.00626	0.00940	0.00392	0.00392
106	0.05319	0.01222	0.01535	0.01192	0.01676	0.01158	0.00981	0.15006	0.04026	0.54635	0.04769	0.02145	0.01649	0.00809	0.00645	0.00200	0.00567	0.00648	0.00752	0.01067
107	0.01519	0.01725	0.03712	0.02667	0.03285	0.01653	0.67109	0.02042	0.01496	0.02042	0.01282	0.01725	0.00973	0.00577	0.00837	0.00221	0.05197	0.00752	0.00324	0.00862
108	0.00787	0.00562	0.00750	0.00900	0.00937	0.00525	0.00600	0.00900	0.01237	0.01649	0.03561	0.76871	0.04274	0.02024	0.00825	0.00262	0.00375	0.01837	0.00600	0.00525
109	0.00925	0.00665	0.00904	0.01038	0.01145	0.00644	0.00826	0.01146	0.01406	0.01850	0.07258	0.34756	0.06172	0.01851	0.00855	0.00276	0.00484	0.36629	0.00603	0.00566
110	0.01065	0.00836	0.01003	0.01036	0.01245	0.00845	0.00850	0.01622	0.15118	0.02095	0.10798	0.05828	0.21943	0.01526	0.00801	0.00252	0.00480	0.31372	0.00620	0.00666
111	0.01727	0.77681	0.03386	0.01106	0.01658	0.02557	0.01106	0.01935	0.01313	0.01520	0.00898	0.01036	0.00829	0.00553	0.00415	0.00138	0.00691	0.00345	0.00276	0.00829
112	0.02456	0.01810	0.01939	0.01487	0.02004	0.02004	0.01228	0.71107	0.03038	0.04072	0.01551	0.01551	0.01099	0.00776	0.00646	0.00194	0.00711	0.00582	0.00646	0.01099
113	0.81856	0.01250	0.00950	0.00850	0.01250	0.01449	0.00700	0.01899	0.01100	0.02899	0.00900	0.01050	0.00700	0.00600	0.00400	0.00200	0.00500	0.00350	0.00400	0.00700
114	0.00787	0.00562	0.00750	0.00900	0.00937	0.00525	0.00600	0.00900	0.01237	0.01649	0.03561	0.76871	0.04274	0.02024	0.00825	0.00262	0.00375	0.01837	0.00600	0.00525
115	0.00912	0.00636	0.00814	0.00883	0.01002	0.00584	0.00645	0.01095	0.01439	0.04479	0.16962	0.40668	0.16357	0.01755	0.00804	0.00245	0.00385	0.09135	0.00627	0.00573

[dist]
# distance from previous block
# <min> <max>
0	1

[block]
# block no. 7 follows, 34 sequences, length 62
# corresponding to MSA columns:
# 482-543
name=unknown_H
#
# <colnr> <probs for GDERKNQSTAVLIFYWHMCP>
#	G	D	E	R	K	N	Q	S	T	A	V	L	I	F	Y	W	H	M	C	P
0	0.01884	0.38640	0.12467	0.01356	0.01923	0.08903	0.01316	0.17305	0.06643	0.02240	0.01207	0.01301	0.00966	0.00643	0.00525	0.00168	0.00763	0.00449	0.00389	0.00912
1	0.01772	0.28250	0.09523	0.01742	0.14204	0.03363	0.01358	0.13324	0.05671	0.03977	0.01255	0.01394	0.01004	0.00617	0.00541	0.00165	0.00705	0.00472	0.00392	0.10273
2	0.01975	0.10873	0.23607	0.04202	0.02287	0.20405	0.01586	0.22992	0.01980	0.02468	0.01208	0.01347	0.00909	0.00670	0.00595	0.00185	0.00903	0.00482	0.00402	0.00924
3	0.00953	0.00743	0.00875	0.00827	0.01022	0.00707	0.00625	0.01395	0.09853	0.02371	0.46490	0.04931	0.24072	0.01357	0.00750	0.00209	0.00335	0.01172	0.00674	0.00640
4	0.01576	0.01361	0.01431	0.01291	0.01651	0.01568	0.01003	0.03341	0.69501	0.02668	0.02774	0.02551	0.04581	0.00905	0.00661	0.00219	0.00505	0.00754	0.00655	0.01005
5	0.01122	0.00561	0.00842	0.00842	0.00842	0.00561	0.00561	0.00842	0.00842	0.01122	0.01122	0.01964	0.01122	0.02245	0.02525	0.81201	0.00561	0.00561	0.00281	0.00281
6	0.00826	0.00650	0.00746	0.00737	0.00915	0.00570	0.00547	0.01043	0.01598	0.02079	0.33074	0.11100	0.40734	0.01539	0.00768	0.00216	0.00322	0.01321	0.00645	0.00570
7	0.01990	0.01536	0.01645	0.01373	0.01802	0.01729	0.01098	0.29229	0.42570	0.06448	0.02215	0.02073	0.01622	0.00835	0.00653	0.00209	0.00589	0.00670	0.00660	0.01055
8	0.00928	0.00671	0.00930	0.00930	0.01007	0.00749	0.00672	0.01084	0.01006	0.01419	0.01830	0.03089	0.01854	0.28459	0.51446	0.00904	0.01371	0.00773	0.00361	0.00516
9	0.01414	0.01414	0.01979	0.01696	0.01696	0.01979	0.01414	0.01555	0.00990	0.01555	0.00848	0.01414	0.00848	0.01131	0.02120	0.00283	0.76110	0.00565	0.00283	0.00707
10	0.02776	0.01127	0.01496	0.01165	0.01652	0.01012	0.00957	0.03176	0.08519	0.66968	0.02557	0.02219	0.01635	0.00807	0.00651	0.00202	0.00546	0.00657	0.00786	0.01092
11	0.02899	0.01100	0.01499	0.01150	0.01649	0.00950	0.00950	0.03149	0.01849	0.73709	0.02549	0.02199	0.01599	0.00800	0.00650	0.00200	0.00550	0.00650	0.00800	0.01100
12	0.00923	0.00692	0.01038	0.01038	0.01154	0.00808	0.00808	0.01154	0.01038	0.01500	0.01731	0.02538	0.01615	0.04846	0.74732	0.01038	0.01731	0.00692	0.00346	0.00577
13	0.01727	0.77681	0.03386	0.01106	0.01658	0.02557	0.01106	0.01935	0.01313	0.01520	0.00898	0.01036	0.00829	0.00553	0.00415	0.00138	0.00691	0.00345	0.00276	0.00829
14	0.00884	0.00610	0.00751	0.00804	0.00828	0.00607	0.00503	0.00945	0.01053	0.01415	0.02544	0.29638	0.02958	0.44096	0.09035	0.00536	0.00640	0.01233	0.00461	0.00456
15	0.81856	0.01250	0.00950	0.00850	0.01250	0.01449	0.00700	0.01899	0.01100	0.02899	0.00900	0.01050	0.00700	0.00600	0.00400	0.00200	0.00500	0.00350	0.00400	0.00700
16	0.00940	0.00626	0.00705	0.00705	0.00705	0.00626	0.00392	0.00940	0.00940	0.01253	0.02036	0.04228	0.02349	0.77292	0.03289	0.00626	0.00626	0.00940	0.00392	0.00392
17	0.00787	0.00562	0.00750	0.00900	0.00937	0.00525	0.00600	0.00900	0.01237	0.01649	0.03561	0.76871	0.04274	0.02024	0.00825	0.00262	0.00375	0.01837	0.00600	0.00525
18	0.00830	0.00653	0.00750	0.00735	0.00916	0.00572	0.00548	0.01053	0.01616	0.02109	0.35256	0.08949	0.40674	0.01518	0.00766	0.00214	0.00320	0.01301	0.00648	0.00572
19	0.02107	0.02523	0.01934	0.01857	0.07755	0.49532	0.01348	0.03822	0.01626	0.01674	0.00993	0.01269	0.00858	0.00773	0.00960	0.00197	0.19209	0.00469	0.00327	0.00769
20	0.00840	0.00694	0.00832	0.07706	0.01266	0.00646	0.00691	0.01035	0.01417	0.01741	0.05188	0.18139	0.46852	0.01628	0.00777	0.00234	0.00414	0.08767	0.00570	0.00563
21	0.00786	0.00566	0.00746	0.00891	0.00935	0.00526	0.00596	0.00901	0.01245	0.01653	0.03666	0.74391	0.06685	0.02011	0.00823	0.00261	0.00373	0.01820	0.00600	0.00526
22	0.01131	0.00846	0.01108	0.01210	0.01393	0.00881	0.01038	0.01671	0.12688	0.02056	0.03296	0.06515	0.03442	0.01641	0.00855	0.00285	0.00582	0.58097	0.00605	0.00663
23	0.02311	0.14236	0.02064	0.01581	0.01947	0.63910	0.01227	0.02484	0.01754	0.01572	0.00984	0.01146	0.00832	0.00649	0.00557	0.00162	0.01094	0.00406	0.00324	0.00761
24	0.01925	0.36589	0.02389	0.01256	0.01692	0.18499	0.01081	0.02341	0.10852	0.09338	0.01444	0.03701	0.01203	0.00894	0.04031	0.00208	0.00800	0.00506	0.00408	0.00844
25	0.01942	0.04916	0.01513	0.01174	0.01578	0.05358	0.00965	0.20956	0.04424	0.16754	0.04911	0.02799	0.06714	0.00930	0.00643	0.00193	0.00590	0.08391	0.06227	0.09023
26	0.01041	0.00744	0.01041	0.01190	0.01339	0.00744	0.01041	0.01339	0.01487	0.01934	0.03421	0.07288	0.03719	0.01785	0.00892	0.00297	0.00595	0.68913	0.00595	0.00595
27	0.01340	0.01148	0.01340	0.00957	0.01531	0.00861	0.00766	0.01627	0.01340	0.02105	0.01148	0.01340	0.00957	0.00479	0.00479	0.00096	0.00479	0.00383	0.00383	0.81242
28	0.02417	0.02993	0.01838	0.01652	0.01998	0.69749	0.01247	0.07246	0.01913	0.01751	0.01036	0.01191	0.00850	0.00673	0.00587	0.00168	0.01134	0.00427	0.00354	0.00773
29	0.02359	0.02964	0.01806	0.01641	0.01976	0.69722	0.01233	0.02638	0.06615	0.01658	0.01110	0.01250	0.00910	0.00680	0.00588	0.00170	0.01121	0.00438	0.00355	0.00768
30	0.01436	0.01344	0.02228	0.26108	0.42677	0.01444	0.01805	0.01893	0.04622	0.01979	0.01436	0.02132	0.01232	0.00709	0.00663	0.00209	0.00771	0.06073	0.00347	0.00893
31	0.01383	0.07066	0.53828	0.02098	0.10918	0.01577	0.07576	0.02081	0.03774	0.02049	0.01213	0.01438	0.00894	0.00610	0.00619	0.00201	0.00914	0.00512	0.00296	0.00952
32	0.01692	0.71578	0.09179	0.01166	0.01752	0.02470	0.01211	0.01944	0.01317	0.01563	0.00920	0.01063	0.00828	0.00558	0.00431	0.00144	0.00713	0.00356	0.00276	0.00840
