[name]
unknown

[dist]
# distance from previous block
# <min> <max>
0	0

[block]
# block no. 0 follows, 33 sequences, length 36
# corresponding to MSA columns:
# 0-35
name=unknown_A
#
# <colnr> <probs for GDERKNQSTAVLIFYWHMCP>
#	G	D	E	R	K	N	Q	S	T	A	V	L	I	F	Y	W	H	M	C	P
0	0.01061	0.00758	0.01061	0.01212	0.01364	0.00758	0.01061	0.01364	0.01515	0.01970	0.03486	0.07426	0.03789	0.01819	0.00909	0.00303	0.00606	0.68326	0.00606	0.00606
1	0.02503	0.01844	0.01976	0.01515	0.02042	0.02042	0.01251	0.70562	0.03095	0.04149	0.01581	0.01581	0.01120	0.00790	0.00659	0.00198	0.00724	0.00593	0.00659	0.01120
2	0.01554	0.01776	0.03885	0.02775	0.03441	0.01665	0.70366	0.02109	0.01554	0.02109	0.01332	0.01776	0.00999	0.00555	0.00777	0.00222	0.01110	0.00777	0.00333	0.00888
3	0.01270	0.01198	0.02023	0.70324	0.09282	0.01470	0.01842	0.01706	0.01329	0.01715	0.01175	0.01746	0.00889	0.00653	0.00658	0.00218	0.00871	0.00585	0.00295	0.00753
4	0.01629	0.01564	0.02672	0.04041	0.72757	0.01564	0.02020	0.02020	0.01499	0.02151	0.01238	0.01629	0.01043	0.00587	0.00652	0.00196	0.00782	0.00587	0.00326	0.01043
5	0.00802	0.00573	0.00764	0.00917	0.00955	0.00535	0.00611	0.00917	0.01260	0.01681	0.03628	0.76434	0.04354	0.02062	0.00840	0.00267	0.00382	0.01872	0.00611	0.00535
6	0.01523	0.01721	0.03356	0.02469	0.03034	0.06573	0.56889	0.01997	0.01539	0.02021	0.01595	0.11013	0.01405	0.00751	0.00772	0.00224	0.01025	0.00888	0.00368	0.00835
7	0.01554	0.01776	0.03885	0.02775	0.03441	0.01665	0.70366	0.02109	0.01554	0.02109	0.01332	0.01776	0.00999	0.00555	0.00777	0.00222	0.01110	0.00777	0.00333	0.00888
8	0.01610	0.52059	0.27337	0.01382	0.02085	0.02238	0.01572	0.02010	0.01355	0.01732	0.01006	0.01170	0.00841	0.00584	0.00492	0.00164	0.00796	0.00398	0.00280	0.00889
9	0.00816	0.00668	0.00720	0.00707	0.00913	0.00572	0.00530	0.01019	0.01591	0.01994	0.23108	0.05981	0.55916	0.01587	0.00778	0.00218	0.00328	0.01340	0.00640	0.00572
10	0.01760	0.77260	0.03450	0.01126	0.01690	0.02605	0.01126	0.01971	0.01338	0.01549	0.00915	0.01056	0.00845	0.00563	0.00422	0.00141	0.00704	0.00352	0.00282	0.00845
11	0.01629	0.01564	0.02672	0.04041	0.72757	0.01564	0.02020	0.02020	0.01499	0.02151	0.01238	0.01629	0.01043	0.00587	0.00652	0.00196	0.00782	0.00587	0.00326	0.01043
12	0.00838	0.00600	0.00796	0.00892	0.00963	0.00559	0.00614	0.01006	0.01426	0.01945	0.22563	0.56747	0.04865	0.01865	0.00823	0.00251	0.00362	0.01684	0.00642	0.00559
13	0.00802	0.00573	0.00764	0.00917	0.00955	0.00535	0.00611	0.00917	0.01260	0.01681	0.03628	0.76434	0.04354	0.02062	0.00840	0.00267	0.00382	0.01872	0.00611	0.00535
14	0.01629	0.01564	0.02672	0.04041	0.72757	0.01564	0.02020	0.02020	0.01499	0.02151	0.01238	0.01629	0.01043	0.00587	0.00652	0.00196	0.00782	0.00587	0.00326	0.01043
15	0.01608	0.01542	0.02634	0.07965	0.68999	0.01559	0.02010	0.02002	0.01489	0.02125	0.01235	0.01636	0.01034	0.00591	0.00652	0.00197	0.00787	0.00586	0.00324	0.01026
16	0.00932	0.00673	0.00880	0.00828	0.00984	0.00621	0.00621	0.01242	0.01863	0.02640	0.72410	0.04918	0.06212	0.01346	0.00776	0.00207	0.00311	0.01191	0.00725	0.00621
17	0.01585	0.01519	0.02592	0.12202	0.64942	0.01553	0.01998	0.01982	0.01478	0.02097	0.01230	0.01644	0.01024	0.00595	0.00652	0.00198	0.00793	0.00586	0.00322	0.01007
18	0.01350	0.08450	0.68671	0.01825	0.02770	0.01602	0.02343	0.02077	0.01386	0.02048	0.01163	0.01367	0.00835	0.00621	0.00612	0.00204	0.00955	0.00477	0.00278	0.00964
19	0.81514	0.01273	0.00968	0.00866	0.01273	0.01477	0.00713	0.01935	0.01120	0.02954	0.00917	0.01069	0.00713	0.00611	0.00407	0.00204	0.00509	0.00356	0.00407	0.00713
20	0.00820	0.00594	0.00763	0.00875	0.00939	0.00550	0.00591	0.00952	0.01322	0.01757	0.10213	0.59523	0.10651	0.05961	0.00963	0.00277	0.00385	0.01715	0.00610	0.00537
21	0.01462	0.06406	0.35379	0.01639	0.02307	0.01395	0.09829	0.06618	0.01611	0.06857	0.09408	0.04975	0.05652	0.00856	0.00677	0.00211	0.00793	0.02604	0.00433	0.00889
22	0.01526	0.35735	0.39853	0.01526	0.02295	0.02005	0.01804	0.02092	0.04176	0.01876	0.01125	0.01286	0.00886	0.00609	0.00538	0.00179	0.00837	0.00438	0.00295	0.00919
23	0.00954	0.00652	0.00788	0.00788	0.00813	0.00676	0.00487	0.01003	0.00978	0.01329	0.02010	0.03951	0.02239	0.61967	0.18036	0.00725	0.00871	0.00905	0.00389	0.00438
24	0.01596	0.36560	0.37120	0.01527	0.02273	0.06978	0.01767	0.02071	0.01399	0.01812	0.01051	0.01226	0.00840	0.00601	0.00532	0.00175	0.00867	0.00422	0.00284	0.00901
25	0.01389	0.28102	0.17853	0.01220	0.01731	0.01643	0.01239	0.03909	0.08733	0.01957	0.04739	0.09976	0.13058	0.00975	0.00612	0.00194	0.00639	0.00780	0.00434	0.00816
26	0.00896	0.00683	0.00763	0.00735	0.00945	0.00590	0.00554	0.01112	0.01630	0.04307	0.27799	0.05748	0.48826	0.01536	0.00774	0.00217	0.00333	0.01302	0.00654	0.00595
27	0.00962	0.00737	0.01099	0.01087	0.01199	0.00874	0.00850	0.01193	0.01056	0.01531	0.01725	0.02537	0.01612	0.04774	0.71148	0.01025	0.04948	0.00700	0.00350	0.00593
28	0.01586	0.32754	0.41553	0.01538	0.02322	0.01927	0.01830	0.02101	0.01396	0.05789	0.01153	0.01304	0.00882	0.00611	0.00546	0.00181	0.00843	0.00442	0.00309	0.00930
29	0.01629	0.01564	0.02672	0.04041	0.72757	0.01564	0.02020	0.02020	0.01499	0.02151	0.01238	0.01629	0.01043	0.00587	0.00652	0.00196	0.00782	0.00587	0.00326	0.01043
30	0.00957	0.00638	0.00718	0.00718	0.00718	0.00638	0.00399	0.00957	0.00957	0.01276	0.02074	0.04308	0.02393	0.76864	0.03351	0.00638	0.00638	0.00957	0.00399	0.00399
31	0.01529	0.01952	0.11422	0.02677	0.03377	0.01650	0.63006	0.02106	0.01536	0.02106	0.01316	0.01734	0.00981	0.00563	0.00761	0.00221	0.01095	0.00745	0.00327	0.00897
32	0.04763	0.04304	0.01807	0.01397	0.01862	0.12965	0.01135	0.38107	0.04728	0.14317	0.04141	0.01903	0.03954	0.00818	0.00642	0.00195	0.00729	0.00616	0.00614	0.01004
33	0.01673	0.01410	0.01486	0.01313	0.01692	0.01608	0.01028	0.10659	0.59293	0.02840	0.02832	0.02625	0.06727	0.00935	0.00676	0.00220	0.00530	0.00772	0.00665	0.01017
34	0.01655	0.52737	0.24139	0.01369	0.02046	0.04833	0.01519	0.02028	0.01372	0.01710	0.00998	0.01160	0.00842	0.00586	0.00489	0.00162	0.00801	0.00394	0.00283	0.00880
35	0.01993	0.01392	0.01598	0.01189	0.01742	0.01288	0.00969	0.25372	0.02033	0.13578	0.01526	0.01571	0.01123	0.00640	0.00572	0.00148	0.00579	0.00500	0.00546	0.41640

[dist]
# distance from previous block
# <min> <max>
0	1

[block]
# block no. 1 follows, 33 sequences, length 41
# corresponding to MSA columns:
# 37-77
name=unknown_B
#
# <colnr> <probs for GDERKNQSTAVLIFYWHMCP>
#	G	D	E	R	K	N	Q	S	T	A	V	L	I	F	Y	W	H	M	C	P
0	0.01949	0.24690	0.17108	0.01542	0.02174	0.02067	0.05640	0.29384	0.04718	0.02774	0.01327	0.01430	0.01005	0.00678	0.00589	0.00185	0.00785	0.00516	0.00449	0.00991
1	0.02459	0.03138	0.01866	0.01696	0.02035	0.74221	0.01272	0.02629	0.01866	0.01611	0.01018	0.01187	0.00848	0.00678	0.00594	0.00170	0.01187	0.00424	0.00339	0.00763
2	0.06027	0.01661	0.02230	0.01736	0.02228	0.04394	0.19841	0.23059	0.22316	0.02919	0.02026	0.02080	0.04817	0.00786	0.00684	0.00212	0.00757	0.00707	0.00546	0.00972
3	0.02503	0.01844	0.01976	0.01515	0.02042	0.02042	0.01251	0.70562	0.03095	0.04149	0.01581	0.01581	0.01120	0.00790	0.00659	0.00198	0.00724	0.00593	0.00659	0.01120
4	0.01041	0.00854	0.01252	0.01193	0.01287	0.01064	0.00948	0.01258	0.01048	0.01540	0.01582	0.02355	0.01488	0.04173	0.59700	0.00903	0.16682	0.00679	0.00340	0.00615
5	0.01268	0.01196	0.02020	0.70666	0.08955	0.01469	0.01841	0.01704	0.01328	0.01712	0.01175	0.01747	0.00888	0.00654	0.00658	0.00218	0.00871	0.00585	0.00295	0.00751
6	0.01320	0.03405	0.73453	0.01876	0.02849	0.01529	0.02432	0.02085	0.01390	0.02085	0.01181	0.01390	0.00834	0.00625	0.00625	0.00208	0.00973	0.00486	0.00278	0.00973
7	0.01629	0.01564	0.02672	0.04041	0.72757	0.01564	0.02020	0.02020	0.01499	0.02151	0.01238	0.01629	0.01043	0.00587	0.00652	0.00196	0.00782	0.00587	0.00326	0.01043
8	0.00802	0.00573	0.00764	0.00917	0.00955	0.00535	0.00611	0.00917	0.01260	0.01681	0.03628	0.76434	0.04354	0.02062	0.00840	0.00267	0.00382	0.01872	0.00611	0.00535
9	0.01320	0.03405	0.73453	0.01876	0.02849	0.01529	0.02432	0.02085	0.01390	0.02085	0.01181	0.01390	0.00834	0.00625	0.00625	0.00208	0.00973	0.00486	0.00278	0.00973
10	0.14824	0.01618	0.01717	0.01362	0.01844	0.01771	0.01129	0.49154	0.02573	0.10155	0.01693	0.01940	0.01276	0.00831	0.00636	0.00206	0.00668	0.04951	0.00630	0.01023
11	0.01760	0.77260	0.03450	0.01126	0.01690	0.02605	0.01126	0.01971	0.01338	0.01549	0.00915	0.01056	0.00845	0.00563	0.00422	0.00141	0.00704	0.00352	0.00282	0.00845
12	0.00802	0.00573	0.00764	0.00917	0.00955	0.00535	0.00611	0.00917	0.01260	0.01681	0.03628	0.76434	0.04354	0.02062	0.00840	0.00267	0.00382	0.01872	0.00611	0.00535
13	0.01629	0.01564	0.02672	0.04041	0.72757	0.01564	0.02020	0.02020	0.01499	0.02151	0.01238	0.01629	0.01043	0.00587	0.00652	0.00196	0.00782	0.00587	0.00326	0.01043
14	0.01243	0.01170	0.01975	0.75282	0.04534	0.01463	0.01828	0.01682	0.01316	0.01682	0.01170	0.01755	0.00878	0.00658	0.00658	0.00219	0.00878	0.00585	0.00293	0.00731
15	0.01320	0.03405	0.73453	0.01876	0.02849	0.01529	0.02432	0.02085	0.01390	0.02085	0.01181	0.01390	0.00834	0.00625	0.00625	0.00208	0.00973	0.00486	0.00278	0.00973
16	0.00835	0.00708	0.00726	0.00714	0.00941	0.00620	0.00538	0.01105	0.05381	0.01888	0.10709	0.06030	0.64316	0.01604	0.00772	0.00221	0.00342	0.01341	0.00622	0.00587
17	0.01629	0.01564	0.02672	0.04041	0.72757	0.01564	0.02020	0.02020	0.01499	0.02151	0.01238	0.01629	0.01043	0.00587	0.00652	0.00196	0.00782	0.00587	0.00326	0.01043
18	0.01629	0.01564	0.02672	0.04041	0.72757	0.01564	0.02020	0.02020	0.01499	0.02151	0.01238	0.01629	0.01043	0.00587	0.00652	0.00196	0.00782	0.00587	0.00326	0.01043
19	0.00802	0.00573	0.00764	0.00917	0.00955	0.00535	0.00611	0.00917	0.01260	0.01681	0.03628	0.76434	0.04354	0.02062	0.00840	0.00267	0.00382	0.01872	0.00611	0.00535
20	0.01554	0.01776	0.03885	0.02775	0.03441	0.01665	0.70366	0.02109	0.01554	0.02109	0.01332	0.01776	0.00999	0.00555	0.00777	0.00222	0.01110	0.00777	0.00333	0.00888
21	0.01629	0.01564	0.02672	0.04041	0.72757	0.01564	0.02020	0.02020	0.01499	0.02151	0.01238	0.01629	0.01043	0.00587	0.00652	0.00196	0.00782	0.00587	0.00326	0.01043
22	0.01450	0.01469	0.02179	0.01819	0.01877	0.01986	0.07430	0.01630	0.01056	0.01630	0.00905	0.01469	0.00876	0.01100	0.02040	0.00282	0.69180	0.00594	0.00292	0.00735
23	0.01243	0.01170	0.01975	0.75282	0.04534	0.01463	0.01828	0.01682	0.01316	0.01682	0.01170	0.01755	0.00878	0.00658	0.00658	0.00219	0.00878	0.00585	0.00293	0.00731
24	0.01533	0.39153	0.39569	0.01513	0.02288	0.02050	0.01800	0.02030	0.01365	0.01825	0.01053	0.01228	0.00839	0.00595	0.00527	0.00176	0.00843	0.00421	0.00280	0.00911
25	0.01554	0.01776	0.03885	0.02775	0.03441	0.01665	0.70366	0.02109	0.01554	0.02109	0.01332	0.01776	0.00999	0.00555	0.00777	0.00222	0.01110	0.00777	0.00333	0.00888
26	0.00786	0.00667	0.00677	0.00675	0.00894	0.00559	0.00506	0.00959	0.01518	0.01821	0.09896	0.06266	0.69237	0.01651	0.00778	0.00222	0.00332	0.01380	0.00617	0.00559
27	0.01629	0.01564	0.02672	0.04041	0.72757	0.01564	0.02020	0.02020	0.01499	0.02151	0.01238	0.01629	0.01043	0.00587	0.00652	0.00196	0.00782	0.00587	0.00326	0.01043
28	0.01798	0.01516	0.01537	0.01354	0.01729	0.05916	0.01056	0.13102	0.50757	0.04922	0.02479	0.07039	0.01951	0.00939	0.00674	0.00219	0.00583	0.00774	0.00649	0.01006
29	0.01144	0.00572	0.00858	0.00858	0.00858	0.00572	0.00572	0.00858	0.00858	0.01144	0.01144	0.02001	0.01144	0.02287	0.02573	0.80846	0.00572	0.00572	0.00286	0.00286
30	0.00809	0.00585	0.00766	0.00896	0.00953	0.00542	0.00605	0.00939	0.01314	0.01749	0.08269	0.67548	0.08608	0.01992	0.00832	0.00261	0.00374	0.01798	0.00618	0.00542
31	0.02526	0.01806	0.01952	0.01497	0.02023	0.01986	0.01236	0.67051	0.03032	0.07749	0.01634	0.01615	0.01146	0.00792	0.00659	0.00198	0.00716	0.00596	0.00667	0.01120
32	0.01629	0.01564	0.02672	0.04041	0.72757	0.01564	0.02020	0.02020	0.01499	0.02151	0.01238	0.01629	0.01043	0.00587	0.00652	0.00196	0.00782	0.00587	0.00326	0.01043
33	0.01474	0.29138	0.49062	0.01615	0.02445	0.01904	0.01977	0.02045	0.01372	0.01898	0.01089	0.01274	0.00838	0.00604	0.00555	0.00185	0.00879	0.00440	0.00279	0.00928
34	0.01760	0.77260	0.03450	0.01126	0.01690	0.02605	0.01126	0.01971	0.01338	0.01549	0.00915	0.01056	0.00845	0.00563	0.00422	0.00141	0.00704	0.00352	0.00282	0.00845
35	0.00946	0.00696	0.00850	0.00807	0.00982	0.00647	0.00607	0.01287	0.04355	0.02479	0.54290	0.04954	0.17791	0.01357	0.00756	0.00208	0.00322	0.01180	0.04862	0.00625
36	0.01629	0.01564	0.02672	0.04041	0.72757	0.01564	0.02020	0.02020	0.01499	0.02151	0.01238	0.01629	0.01043	0.00587	0.00652	0.00196	0.00782	0.00587	0.00326	0.01043
37	0.01697	0.66618	0.13537	0.01235	0.01857	0.02450	0.01315	0.01988	0.01345	0.01626	0.00954	0.01104	0.00843	0.00572	0.00452	0.00151	0.00743	0.00371	0.00281	0.00863
38	0.01539	0.01472	0.02509	0.20653	0.56849	0.01541	0.01976	0.01941	0.01456	0.02041	0.01222	0.01659	0.01004	0.00603	0.00653	0.00201	0.00804	0.00586	0.00318	0.00970
39	0.01962	0.10313	0.02889	0.01985	0.02543	0.08097	0.33886	0.05004	0.05663	0.16380	0.03600	0.01854	0.01303	0.00669	0.00687	0.00203	0.00890	0.00677	0.00467	0.00928
40	0.02007	0.16103	0.02654	0.01737	0.02275	0.10468	0.19572	0.18636	0.07231	0.06720	0.01444	0.01581	0.01094	0.00665	0.00630	0.00187	0.00841	0.00581	0.00459	0.05116

[dist]
# distance from previous block
# <min> <max>
0	2

[block]
# block no. 2 follows, 33 sequences, length 39
# corresponding to MSA columns:
# 80-118
name=unknown_C
#
# <colnr> <probs for GDERKNQSTAVLIFYWHMCP>
#	G	D	E	R	K	N	Q	S	T	A	V	L	I	F	Y	W	H	M	C	P
0	0.01231	0.01001	0.01136	0.01034	0.01253	0.08265	0.04308	0.01483	0.01701	0.07547	0.35538	0.15511	0.14698	0.01356	0.00759	0.00215	0.00476	0.01186	0.00637	0.00664
1	0.00802	0.00573	0.00764	0.00917	0.00955	0.00535	0.00611	0.00917	0.01260	0.01681	0.03628	0.76434	0.04354	0.02062	0.00840	0.00267	0.00382	0.01872	0.00611	0.00535
2	0.01048	0.00788	0.01079	0.01273	0.05008	0.00793	0.00961	0.01411	0.06712	0.01943	0.03354	0.29610	0.03698	0.01765	0.00855	0.00280	0.00535	0.37651	0.00598	0.00638
3	0.01524	0.02948	0.58023	0.01744	0.02602	0.01483	0.02126	0.02358	0.09258	0.09492	0.01494	0.01596	0.01047	0.00675	0.00634	0.00210	0.00880	0.00533	0.00377	0.00996
4	0.02390	0.02797	0.01875	0.01656	0.02010	0.57119	0.01268	0.13138	0.04643	0.02046	0.01161	0.01307	0.00935	0.00725	0.00676	0.00181	0.04379	0.00469	0.00399	0.00827
5	0.01243	0.01170	0.01975	0.75282	0.04534	0.01463	0.01828	0.01682	0.01316	0.01682	0.01170	0.01755	0.00878	0.00658	0.00658	0.00219	0.00878	0.00585	0.00293	0.00731
6	0.01309	0.01238	0.02094	0.63069	0.16230	0.01480	0.01861	0.01740	0.01348	0.01762	0.01182	0.01734	0.00906	0.00646	0.00657	0.00215	0.00861	0.00585	0.00298	0.00785
7	0.01141	0.00729	0.00927	0.00982	0.01106	0.00710	0.00692	0.01447	0.08560	0.09505	0.03297	0.53192	0.03652	0.07477	0.00996	0.00285	0.00442	0.03595	0.00623	0.00642
8	0.00785	0.00667	0.00676	0.00674	0.00893	0.00559	0.00506	0.00958	0.01517	0.01816	0.09572	0.06273	0.69564	0.01653	0.00778	0.00222	0.00332	0.01381	0.00616	0.00559
9	0.01320	0.03405	0.73453	0.01876	0.02849	0.01529	0.02432	0.02085	0.01390	0.02085	0.01181	0.01390	0.00834	0.00625	0.00625	0.00208	0.00973	0.00486	0.00278	0.00973
10	0.02279	0.02570	0.01803	0.01577	0.01929	0.48857	0.01216	0.17053	0.02054	0.02169	0.01577	0.01693	0.06570	0.00807	0.00709	0.00186	0.05158	0.00545	0.00427	0.00821
11	0.54398	0.19293	0.01731	0.01255	0.08741	0.01753	0.00946	0.01953	0.01211	0.02538	0.00949	0.01124	0.00778	0.00597	0.00436	0.00188	0.00583	0.00379	0.00369	0.00778
12	0.01061	0.00758	0.01061	0.01212	0.01364	0.00758	0.01061	0.01364	0.01515	0.01970	0.03486	0.07426	0.03789	0.01819	0.00909	0.00303	0.00606	0.68326	0.00606	0.00606
13	0.01320	0.03405	0.73453	0.01876	0.02849	0.01529	0.02432	0.02085	0.01390	0.02085	0.01181	0.01390	0.00834	0.00625	0.00625	0.00208	0.00973	0.00486	0.00278	0.00973
14	0.01240	0.01164	0.01921	0.59277	0.12120	0.01381	0.01714	0.01646	0.01357	0.01747	0.01745	0.02213	0.08279	0.00754	0.00670	0.00217	0.00810	0.00668	0.00329	0.00750
15	0.00957	0.00638	0.00718	0.00718	0.00718	0.00638	0.00399	0.00957	0.00957	0.01276	0.02074	0.04308	0.02393	0.76864	0.03351	0.00638	0.00638	0.00957	0.00399	0.00399
16	0.01629	0.01564	0.02672	0.04041	0.72757	0.01564	0.02020	0.02020	0.01499	0.02151	0.01238	0.01629	0.01043	0.00587	0.00652	0.00196	0.00782	0.00587	0.00326	0.01043
17	0.02239	0.01701	0.01951	0.01532	0.02023	0.01870	0.05408	0.49336	0.16657	0.05505	0.01866	0.03732	0.01388	0.00830	0.00673	0.00206	0.00694	0.00669	0.00644	0.01075
18	0.00869	0.00670	0.00793	0.00762	0.00945	0.00594	0.00572	0.01120	0.01715	0.02286	0.45428	0.05500	0.33414	0.01478	0.00777	0.00213	0.00320	0.01272	0.00678	0.00594
19	0.01320	0.03405	0.73453	0.01876	0.02849	0.01529	0.02432	0.02085	0.01390	0.02085	0.01181	0.01390	0.00834	0.00625	0.00625	0.00208	0.00973	0.00486	0.00278	0.00973
20	0.01608	0.01542	0.02633	0.08000	0.68966	0.01559	0.02010	0.02002	0.01489	0.02125	0.01235	0.01636	0.01034	0.00591	0.00652	0.00197	0.00787	0.00586	0.00324	0.01025
21	0.00798	0.00589	0.00747	0.00873	0.00943	0.00538	0.00592	0.00922	0.01302	0.01698	0.04161	0.64161	0.16284	0.01993	0.00829	0.00259	0.00373	0.01787	0.00611	0.00538
22	0.01061	0.00758	0.01061	0.01212	0.01364	0.00758	0.01061	0.01364	0.01515	0.01970	0.03486	0.07426	0.03789	0.01819	0.00909	0.00303	0.00606	0.68326	0.00606	0.00606
23	0.01629	0.01564	0.02672	0.04041	0.72757	0.01564	0.02020	0.02020	0.01499	0.02151	0.01238	0.01629	0.01043	0.00587	0.00652	0.00196	0.00782	0.00587	0.00326	0.01043
24	0.01613	0.01323	0.01406	0.01262	0.01626	0.01493	0.00983	0.03221	0.60926	0.06110	0.03087	0.02846	0.09256	0.00969	0.00681	0.00222	0.00504	0.00807	0.00671	0.00996
25	0.01629	0.01564	0.02672	0.04041	0.72757	0.01564	0.02020	0.02020	0.01499	0.02151	0.01238	0.01629	0.01043	0.00587	0.00652	0.00196	0.00782	0.00587	0.00326	0.01043
26	0.01567	0.01739	0.03672	0.02996	0.15577	0.01647	0.58400	0.02093	0.01544	0.02116	0.01315	0.01750	0.01007	0.00560	0.00755	0.00217	0.01052	0.00744	0.00332	0.00915
27	0.00957	0.00638	0.00718	0.00718	0.00718	0.00638	0.00399	0.00957	0.00957	0.01276	0.02074	0.04308	0.02393	0.76864	0.03351	0.00638	0.00638	0.00957	0.00399	0.00399
28	0.02503	0.01844	0.01976	0.01515	0.02042	0.02042	0.01251	0.70562	0.03095	0.04149	0.01581	0.01581	0.01120	0.00790	0.00659	0.00198	0.00724	0.00593	0.00659	0.01120
29	0.01674	0.01567	0.02046	0.02587	0.34076	0.05165	0.01499	0.02783	0.36244	0.02423	0.01942	0.02017	0.01512	0.00743	0.00658	0.00208	0.00673	0.00657	0.00497	0.01029
30	0.01280	0.03124	0.65972	0.01768	0.02657	0.01435	0.02246	0.01998	0.01439	0.02142	0.08524	0.01754	0.01388	0.00700	0.00641	0.00208	0.00905	0.00559	0.00324	0.00937
31	0.02954	0.01120	0.01528	0.01171	0.01681	0.00968	0.00968	0.03208	0.01884	0.73213	0.02597	0.02241	0.01630	0.00815	0.00662	0.00204	0.00560	0.00662	0.00815	0.01120
32	0.00802	0.00573	0.00764	0.00917	0.00955	0.00535	0.00611	0.00917	0.01260	0.01681	0.03628	0.76434	0.04354	0.02062	0.00840	0.00267	0.00382	0.01872	0.00611	0.00535
33	0.01849	0.01487	0.01585	0.01355	0.01755	0.01678	0.01071	0.25144	0.43421	0.03122	0.02483	0.06388	0.03783	0.00946	0.00679	0.00217	0.00574	0.00775	0.00661	0.01026
34	0.02459	0.03138	0.01866	0.01696	0.02035	0.74221	0.01272	0.02629	0.01866	0.01611	0.01018	0.01187	0.00848	0.00678	0.00594	0.00170	0.01187	0.00424	0.00339	0.00763
35	0.01365	0.01170	0.01365	0.00975	0.01560	0.00878	0.00780	0.01658	0.01365	0.02145	0.01170	0.01365	0.00975	0.00488	0.00488	0.00098	0.00488	0.00390	0.00390	0.80888
36	0.01832	0.69619	0.03286	0.01185	0.01725	0.09987	0.01141	0.02039	0.01392	0.01555	0.00926	0.01070	0.00845	0.00575	0.00440	0.00144	0.00754	0.00359	0.00288	0.00836
37	0.00913	0.00745	0.00862	0.00953	0.04688	0.00675	0.00647	0.04408	0.01512	0.01887	0.05292	0.25358	0.46333	0.01678	0.00783	0.00232	0.00389	0.01443	0.00599	0.00603
38	0.00838	0.00697	0.00725	0.00733	0.00933	0.00618	0.00536	0.01084	0.05341	0.01797	0.05896	0.13241	0.57918	0.05561	0.00912	0.00249	0.00365	0.01381	0.00604	0.00572

[dist]
# distance from previous block
# <min> <max>
0	3

[block]
# block no. 3 follows, 33 sequences, length 34
# corresponding to MSA columns:
# 122-155
name=unknown_D
#
# <colnr> <probs for GDERKNQSTAVLIFYWHMCP>
#	G	D	E	R	K	N	Q	S	T	A	V	L	I	F	Y	W	H	M	C	P
0	0.01517	0.01502	0.02040	0.07914	0.40043	0.10237	0.01546	0.01883	0.03740	0.02038	0.07303	0.10635	0.05009	0.00889	0.00683	0.00205	0.00728	0.00801	0.00412	0.00874
1	0.01645	0.64995	0.05830	0.01105	0.01615	0.02322	0.01088	0.01851	0.01293	0.01536	0.01068	0.01468	0.01034	0.09927	0.00790	0.00204	0.00706	0.00431	0.00296	0.00795
2	0.01499	0.01411	0.01427	0.01064	0.01618	0.09876	0.00840	0.01777	0.01427	0.02080	0.01151	0.01343	0.00959	0.00511	0.00501	0.00106	0.00573	0.00394	0.00384	0.71058
3	0.01431	0.01418	0.02135	0.52346	0.20823	0.07146	0.01831	0.01837	0.01403	0.01790	0.01175	0.01681	0.00915	0.00642	0.00652	0.00210	0.00879	0.00573	0.00304	0.00809
4	0.01425	0.20898	0.56872	0.01699	0.02575	0.01784	0.02123	0.02058	0.01378	0.01958	0.01118	0.01311	0.00837	0.00611	0.00577	0.00192	0.00909	0.00455	0.00279	0.00943
5	0.01110	0.00724	0.00988	0.01158	0.06614	0.00667	0.00748	0.01268	0.01380	0.09914	0.03698	0.53526	0.12144	0.01756	0.00798	0.00249	0.00428	0.01574	0.00612	0.00644
6	0.01432	0.01524	0.07852	0.07535	0.41206	0.01413	0.06556	0.01827	0.01486	0.02114	0.10083	0.06301	0.01827	0.00802	0.00771	0.00211	0.05029	0.00739	0.00384	0.00908
7	0.01591	0.01790	0.11356	0.03775	0.64180	0.01560	0.02071	0.02028	0.01486	0.02143	0.01231	0.01600	0.01017	0.00591	0.00649	0.00197	0.00806	0.00574	0.00320	0.01034
8	0.01525	0.01578	0.01894	0.52067	0.03708	0.15468	0.01625	0.02087	0.10041	0.01800	0.01326	0.01732	0.01011	0.00691	0.00647	0.00210	0.00893	0.00574	0.00348	0.00776
9	0.01646	0.43445	0.27102	0.01416	0.02106	0.02151	0.01574	0.06022	0.05474	0.01949	0.01145	0.01280	0.00923	0.00616	0.00519	0.00172	0.00786	0.00434	0.00324	0.00915
10	0.01546	0.01973	0.14657	0.04723	0.03158	0.01616	0.48848	0.07363	0.01638	0.02235	0.01560	0.01902	0.04170	0.00637	0.00740	0.00218	0.01016	0.00737	0.00361	0.00900
11	0.01041	0.00704	0.00848	0.00861	0.00946	0.00701	0.00605	0.03709	0.01331	0.01838	0.13158	0.09462	0.03260	0.37825	0.02017	0.00432	0.00543	0.13453	0.06742	0.00524
12	0.01176	0.01205	0.03504	0.01643	0.01992	0.03332	0.27534	0.01513	0.01512	0.02000	0.12244	0.23905	0.11262	0.01258	0.00789	0.00233	0.00690	0.03001	0.00504	0.00703
13	0.00957	0.00638	0.00718	0.00718	0.00718	0.00638	0.00399	0.00957	0.00957	0.01276	0.02074	0.04308	0.02393	0.76864	0.03351	0.00638	0.00638	0.00957	0.00399	0.00399
14	0.00828	0.00669	0.00736	0.00719	0.00920	0.00577	0.00539	0.01041	0.01618	0.02057	0.27908	0.05877	0.51077	0.01563	0.00778	0.00217	0.00326	0.01325	0.00648	0.00577
15	0.01614	0.01932	0.15412	0.02489	0.11443	0.01628	0.34208	0.02099	0.01461	0.07560	0.01321	0.01675	0.01004	0.00682	0.00937	0.00225	0.12377	0.00663	0.00353	0.00914
16	0.01576	0.40346	0.24209	0.06587	0.02242	0.02082	0.01559	0.02173	0.09968	0.01868	0.01230	0.01378	0.00987	0.00629	0.00531	0.00177	0.00775	0.00457	0.00329	0.00900
17	0.01373	0.00754	0.00769	0.00717	0.00913	0.00777	0.00551	0.09433	0.01577	0.02648	0.02083	0.02354	0.01622	0.00770	0.00483	0.00158	0.00355	0.00611	0.71381	0.00671
18	0.00794	0.00606	0.00730	0.00829	0.00932	0.00542	0.00572	0.00927	0.01345	0.01715	0.04701	0.51719	0.28378	0.01923	0.00818	0.00251	0.00365	0.01702	0.00611	0.00542
19	0.01643	0.19007	0.41681	0.01722	0.02472	0.15736	0.04965	0.02166	0.01478	0.01881	0.01100	0.01297	0.00846	0.00619	0.00583	0.00187	0.00963	0.00459	0.00293	0.00902
20	0.01351	0.05702	0.66281	0.01915	0.02853	0.01574	0.07161	0.02083	0.01400	0.02069	0.01183	0.01406	0.00846	0.00618	0.00629	0.00207	0.00974	0.00502	0.00282	0.00963
21	0.00807	0.00577	0.00768	0.00913	0.00956	0.00538	0.00611	0.00929	0.01283	0.01716	0.06192	0.73769	0.04423	0.02036	0.00838	0.00265	0.00379	0.01846	0.00615	0.00538
22	0.01549	0.01739	0.03664	0.02648	0.03256	0.01688	0.62944	0.02124	0.04122	0.02096	0.01349	0.01778	0.01027	0.00609	0.00870	0.00227	0.06324	0.00762	0.00342	0.00882
23	0.01513	0.01416	0.02326	0.06369	0.56179	0.01439	0.01771	0.01975	0.06384	0.02116	0.01630	0.10870	0.01510	0.00792	0.00676	0.00207	0.00719	0.00755	0.00384	0.00968
24	0.01554	0.01776	0.03885	0.02775	0.03441	0.01665	0.70366	0.02109	0.01554	0.02109	0.01332	0.01776	0.00999	0.00555	0.00777	0.00222	0.01110	0.00777	0.00333	0.00888
25	0.00903	0.00676	0.00850	0.00955	0.01041	0.00665	0.00658	0.01228	0.09339	0.01850	0.06784	0.62879	0.05898	0.01885	0.00816	0.00258	0.00393	0.01699	0.00623	0.00597
26	0.01356	0.09381	0.67789	0.01816	0.02755	0.01616	0.02327	0.02076	0.01386	0.02041	0.01160	0.01363	0.00835	0.00620	0.00609	0.00203	0.00951	0.00476	0.00278	0.00963
27	0.06471	0.01406	0.01913	0.06960	0.10753	0.01493	0.09070	0.22280	0.08969	0.04521	0.02178	0.09612	0.05709	0.00963	0.00696	0.00219	0.00686	0.04661	0.00535	0.00906
28	0.01232	0.01116	0.01217	0.01159	0.01260	0.09967	0.00864	0.03187	0.01209	0.01582	0.01846	0.12533	0.01942	0.19243	0.26405	0.00606	0.12783	0.00860	0.00394	0.00595
29	0.01320	0.03405	0.73453	0.01876	0.02849	0.01529	0.02432	0.02085	0.01390	0.02085	0.01181	0.01390	0.00834	0.00625	0.00625	0.00208	0.00973	0.00486	0.00278	0.00973
30	0.11406	0.01197	0.01383	0.01163	0.01570	0.04335	0.00952	0.05184	0.07214	0.39472	0.08061	0.02905	0.02136	0.00957	0.00670	0.00216	0.00571	0.08964	0.00697	0.00948
31	0.01470	0.10977	0.08836	0.02144	0.04046	0.01636	0.40226	0.02032	0.06413	0.02033	0.02007	0.02254	0.09807	0.00735	0.00740	0.00212	0.02428	0.00766	0.00379	0.00859
32	0.04497	0.12518	0.26703	0.02007	0.10998	0.08957	0.11870	0.01981	0.01444	0.01962	0.01428	0.09986	0.01285	0.00771	0.00637	0.00202	0.00870	0.00671	0.00342	0.00870
33	0.01804	0.18982	0.16845	0.01543	0.02033	0.30367	0.04200	0.02113	0.01555	0.01725	0.01407	0.11753	0.01341	0.00831	0.00605	0.00187	0.00922	0.00638	0.00352	0.00797

[dist]
# distance from previous block
# <min> <max>
0	18

[block]
# block no. 4 follows, 33 sequences, length 75
# corresponding to MSA columns:
# 174-248
name=unknown_E
#
# <colnr> <probs for GDERKNQSTAVLIFYWHMCP>
#	G	D	E	R	K	N	Q	S	T	A	V	L	I	F	Y	W	H	M	C	P
0	0.03245	0.04596	0.35193	0.01811	0.02509	0.01586	0.12707	0.10342	0.03438	0.07866	0.01407	0.01622	0.01032	0.00923	0.04868	0.00259	0.04681	0.00576	0.00392	0.00947
1	0.01426	0.04897	0.42815	0.01822	0.04003	0.05697	0.06410	0.02063	0.05740	0.01988	0.01450	0.01732	0.03556	0.02873	0.00911	0.00229	0.10594	0.00573	0.00327	0.00894
2	0.06121	0.01711	0.03386	0.02838	0.16375	0.01656	0.49720	0.05823	0.01603	0.02276	0.01304	0.01698	0.00998	0.00577	0.00726	0.00215	0.00993	0.00707	0.00354	0.00920
3	0.00980	0.00735	0.00800	0.00771	0.00978	0.00692	0.00582	0.01380	0.08609	0.02227	0.23935	0.04921	0.35406	0.01354	0.00715	0.00207	0.00342	0.01143	0.13591	0.00632
4	0.01639	0.02965	0.58344	0.01747	0.02624	0.01472	0.02140	0.06135	0.01562	0.13140	0.01422	0.01532	0.00972	0.00664	0.00633	0.00207	0.00895	0.00519	0.00382	0.01004
5	0.01273	0.01201	0.02029	0.69762	0.09820	0.01470	0.01843	0.01708	0.01331	0.01718	0.01175	0.01745	0.00890	0.00653	0.00658	0.00218	0.00870	0.00585	0.00295	0.00755
6	0.01404	0.01391	0.01945	0.01682	0.01685	0.01933	0.01393	0.01547	0.01022	0.01590	0.01021	0.05687	0.01062	0.01204	0.02086	0.00287	0.71396	0.00649	0.00306	0.00710
7	0.01387	0.02736	0.51007	0.01804	0.02606	0.01444	0.09185	0.02145	0.06882	0.04701	0.03403	0.02015	0.04528	0.00743	0.00664	0.00214	0.00882	0.02349	0.00368	0.00937
8	0.00956	0.00642	0.00737	0.00737	0.00743	0.00648	0.00422	0.00969	0.00963	0.01290	0.02057	0.04214	0.02353	0.72933	0.07226	0.00661	0.00700	0.00944	0.00396	0.00409
9	0.01469	0.01489	0.02012	0.01727	0.01737	0.04079	0.01435	0.01614	0.01033	0.01585	0.00869	0.01433	0.00864	0.01139	0.02116	0.00285	0.73532	0.00572	0.00290	0.00721
10	0.00786	0.00667	0.00678	0.00675	0.00894	0.00559	0.00506	0.00960	0.01519	0.01822	0.09990	0.06264	0.69142	0.01651	0.00778	0.00222	0.00332	0.01379	0.00617	0.00559
11	0.02288	0.01600	0.01729	0.01420	0.01794	0.09609	0.01147	0.22346	0.07862	0.23536	0.01908	0.06020	0.01455	0.00925	0.00910	0.00217	0.12973	0.00677	0.00607	0.00975
12	0.02393	0.03027	0.01875	0.01698	0.02015	0.69509	0.01283	0.02561	0.01810	0.01609	0.01008	0.01204	0.00849	0.00709	0.00696	0.00177	0.06047	0.00434	0.00336	0.00760
13	0.00802	0.00573	0.00764	0.00917	0.00955	0.00535	0.00611	0.00917	0.01260	0.01681	0.03628	0.76434	0.04354	0.02062	0.00840	0.00267	0.00382	0.01872	0.00611	0.00535
14	0.01334	0.03314	0.69537	0.01927	0.02883	0.01537	0.06256	0.02086	0.01399	0.02086	0.01190	0.01412	0.00843	0.00621	0.00634	0.00209	0.00981	0.00503	0.00281	0.00968
15	0.02356	0.02966	0.01881	0.01699	0.02004	0.66905	0.01289	0.02523	0.01779	0.01608	0.01002	0.01213	0.00850	0.00726	0.00752	0.00182	0.08733	0.00439	0.00334	0.00759
16	0.00812	0.00663	0.00717	0.00715	0.00913	0.00568	0.00532	0.01006	0.01564	0.01955	0.20391	0.10005	0.54624	0.01622	0.00781	0.00222	0.00331	0.01375	0.00635	0.00568
17	0.00802	0.00573	0.00764	0.00917	0.00955	0.00535	0.00611	0.00917	0.01260	0.01681	0.03628	0.76434	0.04354	0.02062	0.00840	0.00267	0.00382	0.01872	0.00611	0.00535
18	0.01596	0.01530	0.02611	0.10281	0.66781	0.01555	0.02004	0.01991	0.01483	0.02110	0.01232	0.01640	0.01028	0.00593	0.00652	0.00198	0.00790	0.00586	0.00323	0.01016
19	0.01014	0.00840	0.01349	0.01532	0.10302	0.00805	0.07673	0.01232	0.01353	0.01820	0.03083	0.50490	0.03533	0.01696	0.00820	0.00259	0.00534	0.10475	0.00547	0.00643
20	0.00805	0.00582	0.00763	0.00900	0.00952	0.00539	0.00605	0.00930	0.01295	0.01721	0.06287	0.70012	0.08145	0.02015	0.00835	0.00263	0.00377	0.01820	0.00615	0.00539
21	0.01563	0.01735	0.03614	0.02613	0.03245	0.01662	0.62538	0.02266	0.09459	0.02182	0.01484	0.01853	0.01113	0.00593	0.00765	0.00222	0.01043	0.00773	0.00371	0.00905
22	0.02391	0.03027	0.01872	0.05838	0.02176	0.70126	0.01303	0.02575	0.01835	0.01615	0.01026	0.01219	0.00850	0.00677	0.00597	0.00172	0.01170	0.00433	0.00337	0.00761
23	0.05080	0.22157	0.06295	0.01530	0.01965	0.49041	0.01280	0.02404	0.01676	0.01671	0.00997	0.01161	0.00841	0.00643	0.00545	0.00166	0.01026	0.00407	0.00323	0.00794
24	0.08395	0.13743	0.53150	0.01731	0.02578	0.01687	0.05918	0.02057	0.01368	0.02085	0.01129	0.01336	0.00834	0.00611	0.00586	0.00199	0.00902	0.00472	0.00293	0.00927
25	0.00899	0.00662	0.00863	0.00988	0.01103	0.00626	0.00767	0.01097	0.01403	0.01811	0.04114	0.36942	0.16273	0.01897	0.00856	0.00273	0.00461	0.27789	0.00609	0.00566
26	0.01603	0.30278	0.37460	0.01539	0.02289	0.01975	0.01771	0.08073	0.05493	0.02105	0.01203	0.01344	0.00929	0.00632	0.00556	0.00184	0.00827	0.00461	0.00335	0.00943
27	0.01505	0.01241	0.01484	0.01205	0.05630	0.01026	0.00896	0.05594	0.05434	0.04422	0.01324	0.01480	0.01065	0.00542	0.00522	0.00119	0.00521	0.00440	0.00430	0.65119
28	0.01647	0.33254	0.32765	0.01671	0.06494	0.06089	0.01746	0.05808	0.01495	0.01957	0.01089	0.01267	0.00867	0.00610	0.00544	0.00177	0.00850	0.00440	0.00307	0.00921
29	0.01619	0.01405	0.01650	0.01693	0.12175	0.01535	0.01155	0.05447	0.49630	0.02651	0.04361	0.02267	0.01857	0.00817	0.00652	0.00205	0.00557	0.00693	0.00592	0.09039
30	0.00894	0.00663	0.00833	0.00808	0.00965	0.00602	0.00599	0.01162	0.01747	0.02406	0.54929	0.11420	0.17608	0.01465	0.00782	0.00215	0.00321	0.01285	0.00695	0.00602
31	0.01708	0.14158	0.33563	0.01910	0.04626	0.12155	0.13795	0.02221	0.01514	0.06583	0.01237	0.01439	0.00924	0.00623	0.00619	0.00194	0.00954	0.00522	0.00333	0.00920
32	0.01388	0.15128	0.59455	0.04636	0.02730	0.01698	0.02200	0.02051	0.01379	0.01983	0.01138	0.01351	0.00837	0.00617	0.00594	0.00198	0.00926	0.00469	0.00279	0.00943
33	0.00950	0.00667	0.00864	0.00864	0.00915	0.00718	0.00581	0.01051	0.01001	0.01385	0.01940	0.03567	0.02072	0.45910	0.33865	0.00819	0.01122	0.00849	0.00379	0.00480
34	0.01554	0.01788	0.06141	0.02920	0.14978	0.01655	0.54191	0.02076	0.01521	0.02098	0.01295	0.01726	0.00996	0.00582	0.00796	0.00219	0.03496	0.00728	0.00328	0.00911
35	0.01549	0.41762	0.37097	0.01487	0.02247	0.02088	0.01754	0.02026	0.01363	0.01806	0.01043	0.01217	0.00840	0.00593	0.00520	0.00173	0.00833	0.00417	0.00280	0.00906
36	0.01760	0.77260	0.03450	0.01126	0.01690	0.02605	0.01126	0.01971	0.01338	0.01549	0.00915	0.01056	0.00845	0.00563	0.00422	0.00141	0.00704	0.00352	0.00282	0.00845
37	0.00778	0.00667	0.00667	0.00667	0.00889	0.00556	0.00500	0.00945	0.01501	0.01778	0.06669	0.06336	0.72490	0.01667	0.00778	0.00222	0.00333	0.01389	0.00611	0.00556
38	0.01551	0.01461	0.02451	0.18475	0.37086	0.01534	0.10086	0.06461	0.05775	0.02187	0.01475	0.05808	0.01247	0.00710	0.00680	0.00210	0.00801	0.00689	0.00378	0.00935
39	0.00940	0.00705	0.01058	0.01058	0.01176	0.00823	0.00823	0.01176	0.01058	0.01528	0.01763	0.02586	0.01646	0.04937	0.74255	0.01058	0.01763	0.00705	0.00353	0.00588
40	0.00940	0.00705	0.01058	0.01058	0.01176	0.00823	0.00823	0.01176	0.01058	0.01528	0.01763	0.02586	0.01646	0.04937	0.74255	0.01058	0.01763	0.00705	0.00353	0.00588
41	0.00919	0.00669	0.00865	0.00824	0.00978	0.00615	0.00615	0.01215	0.01822	0.02559	0.66426	0.07794	0.09452	0.01390	0.00779	0.00210	0.00315	0.01227	0.00715	0.00615
42	0.01442	0.23864	0.54061	0.01669	0.02528	0.01827	0.02071	0.02053	0.01375	0.01936	0.01108	0.01297	0.00837	0.00608	0.00569	0.00190	0.00898	0.00449	0.00279	0.00937
43	0.02459	0.03138	0.01866	0.01696	0.02035	0.74221	0.01272	0.02629	0.01866	0.01611	0.01018	0.01187	0.00848	0.00678	0.00594	0.00170	0.01187	0.00424	0.00339	0.00763
44	0.02459	0.03138	0.01866	0.01696	0.02035	0.74221	0.01272	0.02629	0.01866	0.01611	0.01018	0.01187	0.00848	0.00678	0.00594	0.00170	0.01187	0.00424	0.00339	0.00763
45	0.01804	0.52323	0.16333	0.01310	0.01944	0.02278	0.01378	0.09419	0.01558	0.04740	0.01103	0.01221	0.00903	0.00609	0.00495	0.00162	0.00751	0.00415	0.00342	0.00909
46	0.01709	0.68749	0.11517	0.01213	0.01823	0.02481	0.01277	0.01984	0.01344	0.01611	0.00946	0.01095	0.00844	0.00570	0.00446	0.00149	0.00735	0.00368	0.00281	0.00860
47	0.01365	0.01170	0.01365	0.00975	0.01560	0.00878	0.00780	0.01658	0.01365	0.02145	0.01170	0.01365	0.00975	0.00488	0.00488	0.00098	0.00488	0.00390	0.00390	0.80888
48	0.01760	0.77260	0.03450	0.01126	0.01690	0.02605	0.01126	0.01971	0.01338	0.01549	0.00915	0.01056	0.00845	0.00563	0.00422	0.00141	0.00704	0.00352	0.00282	0.00845
49	0.00957	0.00638	0.00718	0.00718	0.00718	0.00638	0.00399	0.00957	0.00957	0.01276	0.02074	0.04308	0.02393	0.76864	0.03351	0.00638	0.00638	0.00957	0.00399	0.00399
50	0.00836	0.00669	0.00748	0.00728	0.00925	0.00581	0.00546	0.01058	0.01638	0.02105	0.31607	0.05798	0.47348	0.01545	0.00777	0.00217	0.00325	0.01314	0.00654	0.00581
51	0.01354	0.09127	0.68029	0.01818	0.02759	0.01612	0.02331	0.02076	0.01386	0.02043	0.01161	0.01364	0.00835	0.00621	0.00610	0.00203	0.00952	0.00476	0.00278	0.00963
52	0.00940	0.00705	0.01058	0.01058	0.01176	0.00823	0.00823	0.01176	0.01058	0.01528	0.01763	0.02586	0.01646	0.04937	0.74255	0.01058	0.01763	0.00705	0.00353	0.00588
53	0.01643	0.57668	0.22020	0.01325	0.01997	0.02319	0.01473	0.02001	0.01352	0.01691	0.00986	0.01145	0.00842	0.00580	0.00476	0.00159	0.00775	0.00388	0.00281	0.00879
54	0.01667	0.01476	0.01502	0.01353	0.01724	0.04255	0.01050	0.03467	0.69054	0.02713	0.02620	0.02410	0.01968	0.00885	0.00667	0.00221	0.00545	0.00733	0.00658	0.01032
55	0.00793	0.00648	0.00701	0.00728	0.00909	0.00556	0.00531	0.00958	0.01475	0.01815	0.10339	0.20546	0.54263	0.01727	0.00791	0.00231	0.00342	0.01475	0.00619	0.00556
56	0.00940	0.00705	0.01058	0.01058	0.01176	0.00823	0.00823	0.01176	0.01058	0.01528	0.01763	0.02586	0.01646	0.04937	0.74255	0.01058	0.01763	0.00705	0.00353	0.00588
57	0.01379	0.03011	0.56944	0.02139	0.05708	0.01557	0.15826	0.02087	0.01427	0.02092	0.01213	0.01475	0.00875	0.00610	0.00656	0.00211	0.00992	0.00548	0.00291	0.00959
58	0.01760	0.77260	0.03450	0.01126	0.01690	0.02605	0.01126	0.01971	0.01338	0.01549	0.00915	0.01056	0.00845	0.00563	0.00422	0.00141	0.00704	0.00352	0.00282	0.00845
59	0.01030	0.00748	0.01018	0.01154	0.01313	0.00736	0.01001	0.01319	0.01514	0.01950	0.03828	0.07309	0.11174	0.01802	0.00895	0.00294	0.00577	0.61130	0.00607	0.00601
60	0.73982	0.01451	0.01053	0.00945	0.01346	0.08407	0.00766	0.02001	0.01191	0.02826	0.00926	0.01081	0.00726	0.00618	0.00425	0.00200	0.00574	0.00363	0.00401	0.00718
61	0.01208	0.00617	0.00631	0.00628	0.00781	0.00614	0.00471	0.01515	0.01412	0.02466	0.06733	0.02615	0.01983	0.00805	0.00481	0.00157	0.00307	0.00651	0.75311	0.00614
62	0.01355	0.08185	0.67171	0.01850	0.02788	0.01602	0.04021	0.02078	0.01391	0.02050	0.01168	0.01378	0.00839	0.00620	0.00616	0.00204	0.00959	0.00485	0.00280	0.00962
63	0.01026	0.00804	0.00891	0.00853	0.01069	0.00760	0.00640	0.08775	0.03794	0.02204	0.16987	0.17760	0.38882	0.01560	0.00772	0.00225	0.00387	0.01332	0.00638	0.00640
64	0.06913	0.04526	0.04743	0.02651	0.21294	0.06179	0.29701	0.06326	0.06942	0.02295	0.01359	0.01658	0.01057	0.00617	0.00676	0.00206	0.00902	0.00641	0.00378	0.00936
65	0.01578	0.01318	0.03766	0.01618	0.14345	0.01152	0.01093	0.07471	0.07348	0.06948	0.03410	0.04080	0.01440	0.04957	0.00741	0.00182	0.00582	0.00589	0.00463	0.36917
66	0.14345	0.09003	0.17014	0.01393	0.01968	0.07399	0.01342	0.20893	0.03965	0.11831	0.01614	0.01645	0.03342	0.00732	0.00591	0.00196	0.00739	0.00537	0.00498	0.00952
67	0.04088	0.12026	0.15203	0.01617	0.02191	0.05794	0.11192	0.11511	0.16138	0.09462	0.01706	0.03365	0.01292	0.00737	0.00634	0.00202	0.00776	0.00618	0.00485	0.00963
68	0.05518	0.20776	0.09325	0.01239	0.01699	0.03141	0.01139	0.12911	0.09683	0.04944	0.07011	0.08040	0.04221	0.00935	0.00619	0.00197	0.00633	0.04524	0.00501	0.02943
69	0.04737	0.03633	0.09746	0.01570	0.09081	0.10948	0.01207	0.09113	0.12567	0.04633	0.05639	0.14600	0.07688	0.01047	0.00677	0.00212	0.00667	0.00872	0.00517	0.00847
70	0.01974	0.06515	0.11872	0.02131	0.18912	0.21037	0.01539	0.12943	0.03825	0.04624	0.01287	0.01460	0.01004	0.00655	0.00608	0.00180	0.00864	0.00508	0.00404	0.07661
71	0.01401	0.07517	0.17436	0.03403	0.07480	0.07898	0.15360	0.01866	0.03491	0.02034	0.10342	0.06752	0.08354	0.00913	0.00694	0.00210	0.00790	0.02826	0.00421	0.00814
72	0.01651	0.01894	0.17293	0.01745	0.06046	0.07432	0.13487	0.06200	0.01675	0.09556	0.09327	0.02291	0.04260	0.00778	0.00669	0.00194	0.00777	0.02694	0.00459	0.11574
73	0.04733	0.03686	0.09158	0.01400	0.03817	0.15794	0.01171	0.11283	0.09118	0.08629	0.10080	0.02122	0.04034	0.00800	0.00624	0.00184	0.00707	0.00625	0.00513	0.11523
74	0.01708	0.12365	0.04222	0.01466	0.07255	0.04250	0.01132	0.15797	0.20494	0.02620	0.08098	0.02249	0.05619	0.00824	0.00623	0.00187	0.00615	0.00663	0.00533	0.09279

[dist]
# distance from previous block
# <min> <max>
3	58

[block]
# block no. 5 follows, 33 sequences, length 14
# corresponding to MSA columns:
# 307-320
name=unknown_F
#
# <colnr> <probs for GDERKNQSTAVLIFYWHMCP>
#	G	D	E	R	K	N	Q	S	T	A	V	L	I	F	Y	W	H	M	C	P
0	0.01779	0.01352	0.01564	0.03862	0.10708	0.08332	0.01067	0.06539	0.05907	0.15177	0.07395	0.11285	0.01989	0.00892	0.00645	0.00184	0.00610	0.00756	0.00539	0.19417
1	0.01692	0.01662	0.06235	0.08765	0.30522	0.08956	0.01555	0.07310	0.05417	0.05644	0.10541	0.02061	0.01744	0.00741	0.00655	0.00195	0.00741	0.00645	0.00443	0.04476
2	0.01554	0.08981	0.02589	0.20072	0.50080	0.01644	0.01888	0.01938	0.01441	0.01984	0.01191	0.01601	0.00985	0.00601	0.00630	0.00196	0.00796	0.00563	0.00314	0.00952
3	0.01722	0.01828	0.10135	0.09128	0.02602	0.09005	0.21582	0.11547	0.04110	0.06935	0.03744	0.06587	0.03489	0.00794	0.00695	0.00208	0.00857	0.00739	0.00450	0.03843
4	0.01467	0.13158	0.47928	0.01657	0.02412	0.08813	0.01935	0.02095	0.04546	0.01963	0.01386	0.07212	0.01163	0.00746	0.00613	0.00201	0.00891	0.00581	0.00328	0.00904
5	0.01789	0.01463	0.02037	0.37413	0.16919	0.07134	0.01639	0.09191	0.01661	0.12304	0.01419	0.01738	0.01041	0.00682	0.00652	0.00206	0.00822	0.00585	0.00416	0.00890
6	0.02241	0.01695	0.01937	0.01501	0.01975	0.01856	0.05303	0.55604	0.06820	0.03660	0.01679	0.01914	0.01291	0.08327	0.00933	0.00244	0.00727	0.00649	0.00614	0.01030
7	0.01650	0.09136	0.01659	0.01063	0.01634	0.01187	0.00881	0.09123	0.01586	0.07827	0.01298	0.01424	0.01028	0.00553	0.00513	0.00121	0.00541	0.00429	0.00440	0.57906
8	0.01525	0.01445	0.02396	0.17741	0.51770	0.01471	0.01851	0.01915	0.01449	0.02058	0.01218	0.01626	0.01003	0.00590	0.00636	0.00190	0.00770	0.00565	0.00326	0.09455
9	0.01630	0.01549	0.02549	0.03760	0.65382	0.01572	0.01919	0.02174	0.08773	0.02213	0.01388	0.01715	0.01143	0.00618	0.00654	0.00198	0.00755	0.00603	0.00362	0.01043
10	0.01638	0.01690	0.07922	0.09782	0.48030	0.03504	0.01856	0.08763	0.01664	0.02316	0.05444	0.01799	0.01318	0.00663	0.00657	0.00199	0.00783	0.00610	0.00376	0.00985
