[name]
unknown

[dist]
# distance from previous block
# <min> <max>
0	34

[block]
# block no. 0 follows, 33 sequences, length 12
# corresponding to MSA columns:
# 34-45
name=unknown_A
#
# <colnr> <probs for GDERKNQSTAVLIFYWHMCP>
#	G	D	E	R	K	N	Q	S	T	A	V	L	I	F	Y	W	H	M	C	P
0	0.01181	0.00781	0.01090	0.01210	0.01384	0.00771	0.01055	0.01481	0.01539	0.06474	0.03429	0.07098	0.03652	0.01755	0.00894	0.00297	0.00603	0.64048	0.00619	0.00639
1	0.02503	0.01844	0.01976	0.01515	0.02042	0.02042	0.01251	0.70562	0.03095	0.04149	0.01581	0.01581	0.01120	0.00790	0.00659	0.00198	0.00724	0.00593	0.00659	0.01120
2	0.00829	0.00594	0.00788	0.00898	0.00961	0.00553	0.00613	0.00985	0.01388	0.01883	0.18129	0.61357	0.04746	0.01911	0.00827	0.00255	0.00367	0.01728	0.00635	0.00553
3	0.01559	0.01305	0.01736	0.01253	0.01840	0.01086	0.09334	0.08174	0.01570	0.05222	0.01286	0.01471	0.01018	0.00537	0.00546	0.00126	0.00589	0.00467	0.00425	0.60455
4	0.00800	0.00582	0.00755	0.00893	0.00949	0.00537	0.00601	0.00919	0.01283	0.01690	0.03911	0.69925	0.10681	0.02026	0.00834	0.00263	0.00377	0.01827	0.00611	0.00537
5	0.01591	0.01525	0.02603	0.11070	0.66025	0.01554	0.02001	0.01987	0.01481	0.02104	0.01232	0.01642	0.01026	0.00594	0.00652	0.00198	0.00792	0.00586	0.00323	0.01012
6	0.01430	0.01209	0.01400	0.01006	0.01588	0.00944	0.00807	0.05587	0.01464	0.02259	0.01194	0.01377	0.00983	0.00505	0.00497	0.00103	0.00501	0.00402	0.00405	0.76340
7	0.00817	0.00600	0.00739	0.00842	0.00911	0.00552	0.00562	0.00927	0.01268	0.01647	0.04019	0.53489	0.17343	0.11653	0.01153	0.00307	0.00406	0.01660	0.00584	0.00521
8	0.02085	0.01590	0.01706	0.01409	0.01856	0.01784	0.01131	0.33170	0.37852	0.06815	0.02189	0.02058	0.01597	0.00844	0.00664	0.00211	0.00613	0.00673	0.00672	0.01080
9	0.00793	0.00656	0.00696	0.00711	0.00905	0.00558	0.00523	0.00965	0.01500	0.01834	0.11495	0.14887	0.58824	0.01691	0.00786	0.00227	0.00338	0.01433	0.00620	0.00558
10	0.01760	0.77260	0.03450	0.01126	0.01690	0.02605	0.01126	0.01971	0.01338	0.01549	0.00915	0.01056	0.00845	0.00563	0.00422	0.00141	0.00704	0.00352	0.00282	0.00845
11	0.01795	0.01318	0.01452	0.01194	0.01523	0.01425	0.00930	0.38214	0.04798	0.03081	0.11794	0.02871	0.04771	0.17123	0.04466	0.00331	0.00672	0.00793	0.00598	0.00851

[dist]
# distance from previous block
# <min> <max>
0	1

[block]
# block no. 1 follows, 33 sequences, length 175
# corresponding to MSA columns:
# 47-221
name=unknown_B
#
# <colnr> <probs for GDERKNQSTAVLIFYWHMCP>
#	G	D	E	R	K	N	Q	S	T	A	V	L	I	F	Y	W	H	M	C	P
0	0.05450	0.02577	0.01890	0.01649	0.01998	0.48094	0.03418	0.11103	0.07385	0.02087	0.01212	0.01372	0.00974	0.00743	0.00740	0.00190	0.07396	0.00492	0.00403	0.00828
1	0.04639	0.05952	0.01722	0.01363	0.01748	0.21109	0.01072	0.22452	0.10927	0.08327	0.05453	0.02023	0.01563	0.07723	0.00874	0.00232	0.00772	0.00617	0.00538	0.00894
2	0.01555	0.01489	0.02539	0.17681	0.59695	0.01545	0.01984	0.01956	0.01464	0.02061	0.01225	0.01653	0.01011	0.00600	0.00653	0.00200	0.00800	0.00586	0.00319	0.00983
3	0.01571	0.01722	0.03394	0.06884	0.16714	0.03658	0.47988	0.02056	0.01511	0.02053	0.01272	0.01713	0.00990	0.00601	0.00813	0.00219	0.04909	0.00710	0.00327	0.00897
4	0.00823	0.00589	0.00774	0.00893	0.00948	0.00549	0.00602	0.00958	0.01327	0.01783	0.11920	0.63598	0.06041	0.04712	0.00923	0.00273	0.00382	0.01745	0.00617	0.00541
5	0.01842	0.68804	0.03280	0.01176	0.01729	0.04866	0.01141	0.07512	0.01496	0.01760	0.00972	0.01102	0.00867	0.00585	0.00447	0.00146	0.00721	0.00374	0.00314	0.00864
6	0.05027	0.01804	0.01930	0.01484	0.02006	0.01991	0.01226	0.66325	0.02996	0.06219	0.01590	0.01584	0.01122	0.00785	0.00651	0.00198	0.00713	0.00587	0.00655	0.01107
7	0.01557	0.01476	0.02498	0.06789	0.64102	0.01484	0.01900	0.01944	0.01521	0.02170	0.06963	0.01899	0.01452	0.00651	0.00662	0.00197	0.00748	0.00635	0.00357	0.00996
8	0.01524	0.01886	0.09426	0.05259	0.03432	0.01647	0.62472	0.02092	0.01532	0.02092	0.01314	0.01744	0.00981	0.00564	0.00761	0.00221	0.01091	0.00747	0.00327	0.00889
9	0.01665	0.01572	0.02616	0.05510	0.62178	0.01594	0.04348	0.05803	0.04155	0.02269	0.01311	0.01665	0.01077	0.00610	0.00657	0.00198	0.00783	0.00599	0.00356	0.01034
10	0.01629	0.01564	0.02672	0.04041	0.72757	0.01564	0.02020	0.02020	0.01499	0.02151	0.01238	0.01629	0.01043	0.00587	0.00652	0.00196	0.00782	0.00587	0.00326	0.01043
11	0.00955	0.00649	0.00775	0.00775	0.00794	0.00669	0.00469	0.00994	0.00974	0.01318	0.02023	0.04021	0.02269	0.64889	0.15155	0.00708	0.00826	0.00915	0.00391	0.00430
12	0.01525	0.01589	0.01962	0.12340	0.04115	0.12634	0.05065	0.01755	0.01261	0.01689	0.01282	0.01746	0.03803	0.01086	0.03740	0.00270	0.39102	0.00604	0.03701	0.00731
13	0.03843	0.01557	0.02082	0.01621	0.02084	0.05432	0.14286	0.16741	0.11313	0.22524	0.02028	0.02031	0.03614	0.00814	0.00800	0.00214	0.06762	0.00678	0.00588	0.00987
14	0.02418	0.02586	0.01880	0.01625	0.01989	0.47778	0.01262	0.17544	0.02068	0.06750	0.01230	0.01362	0.00959	0.00750	0.00739	0.00188	0.07086	0.00489	0.00436	0.00861
15	0.00886	0.00671	0.00816	0.00780	0.00955	0.00602	0.00585	0.01154	0.01755	0.02383	0.52800	0.05341	0.25982	0.01442	0.00777	0.00212	0.00317	0.01250	0.00691	0.00602
16	0.01493	0.02252	0.28819	0.01998	0.04806	0.03476	0.20810	0.05907	0.11873	0.02293	0.04531	0.05674	0.01478	0.00758	0.00693	0.00215	0.00873	0.00713	0.00410	0.00927
17	0.01372	0.01302	0.02208	0.51456	0.27350	0.01497	0.01893	0.01795	0.01377	0.01839	0.01193	0.01713	0.00933	0.00634	0.00656	0.00211	0.00846	0.00586	0.00304	0.00835
18	0.02876	0.01173	0.01551	0.01197	0.01702	0.01055	0.00986	0.07000	0.04742	0.66516	0.02543	0.02212	0.01616	0.00817	0.00662	0.00204	0.00568	0.00661	0.00800	0.01117
19	0.00801	0.00577	0.00760	0.00906	0.00952	0.00536	0.00606	0.00918	0.01271	0.01685	0.03757	0.73475	0.07230	0.02046	0.00838	0.00265	0.00380	0.01851	0.00611	0.00536
20	0.01418	0.02740	0.45384	0.02292	0.06013	0.01579	0.26907	0.02091	0.01454	0.02096	0.01238	0.01539	0.00902	0.00598	0.00681	0.00213	0.01014	0.00595	0.00300	0.00945
21	0.01532	0.01588	0.01990	0.24648	0.05638	0.11502	0.01547	0.01850	0.04065	0.01689	0.01068	0.01553	0.00920	0.00901	0.01360	0.00244	0.36270	0.00566	0.00313	0.00756
22	0.00957	0.00638	0.00718	0.00718	0.00718	0.00638	0.00399	0.00957	0.00957	0.01276	0.02074	0.04308	0.02393	0.76864	0.03351	0.00638	0.00638	0.00957	0.00399	0.00399
23	0.01720	0.70572	0.09789	0.01194	0.01795	0.02507	0.01245	0.01982	0.01342	0.01597	0.00939	0.01086	0.00844	0.00569	0.00441	0.00147	0.00728	0.00364	0.00281	0.00856
24	0.02204	0.01433	0.01639	0.01329	0.01750	0.01529	0.01072	0.39850	0.06162	0.16707	0.02104	0.11173	0.01711	0.01293	0.06605	0.00278	0.00723	0.00783	0.00658	0.01000
25	0.00932	0.00673	0.00880	0.00828	0.00984	0.00621	0.00621	0.01242	0.01863	0.02640	0.72410	0.04918	0.06212	0.01346	0.00776	0.00207	0.00311	0.01191	0.00725	0.00621
26	0.01672	0.01487	0.01505	0.01355	0.01726	0.04701	0.01052	0.03461	0.68626	0.02706	0.02609	0.02403	0.01961	0.00884	0.00667	0.00221	0.00549	0.00731	0.00656	0.01030
27	0.01320	0.03405	0.73453	0.01876	0.02849	0.01529	0.02432	0.02085	0.01390	0.02085	0.01181	0.01390	0.00834	0.00625	0.00625	0.00208	0.00973	0.00486	0.00278	0.00973
28	0.01144	0.00572	0.00858	0.00858	0.00858	0.00572	0.00572	0.00858	0.00858	0.01144	0.01144	0.02001	0.01144	0.02287	0.02573	0.80846	0.00572	0.00572	0.00286	0.00286
29	0.02954	0.01120	0.01528	0.01171	0.01681	0.00968	0.00968	0.03208	0.01884	0.73213	0.02597	0.02241	0.01630	0.00815	0.00662	0.00204	0.00560	0.00662	0.00815	0.01120
30	0.01760	0.77260	0.03450	0.01126	0.01690	0.02605	0.01126	0.01971	0.01338	0.01549	0.00915	0.01056	0.00845	0.00563	0.00422	0.00141	0.00704	0.00352	0.00282	0.00845
31	0.00940	0.00705	0.01058	0.01058	0.01176	0.00823	0.00823	0.01176	0.01058	0.01528	0.01763	0.02586	0.01646	0.04937	0.74255	0.01058	0.01763	0.00705	0.00353	0.00588
32	0.00778	0.00667	0.00667	0.00667	0.00889	0.00556	0.00500	0.00945	0.01501	0.01778	0.06669	0.06336	0.72490	0.01667	0.00778	0.00222	0.00333	0.01389	0.00611	0.00556
33	0.02894	0.01216	0.01587	0.01217	0.01728	0.01109	0.01005	0.12099	0.02044	0.64097	0.02463	0.02154	0.01562	0.00812	0.00662	0.00203	0.00582	0.00653	0.00794	0.01120
34	0.02500	0.01914	0.01970	0.01524	0.02041	0.05929	0.01252	0.66904	0.03029	0.04012	0.01550	0.01559	0.01105	0.00784	0.00655	0.00196	0.00749	0.00584	0.00641	0.01100
35	0.00802	0.00573	0.00764	0.00917	0.00955	0.00535	0.00611	0.00917	0.01260	0.01681	0.03628	0.76434	0.04354	0.02062	0.00840	0.00267	0.00382	0.01872	0.00611	0.00535
36	0.75192	0.01261	0.01013	0.00890	0.01306	0.01436	0.00733	0.02038	0.01182	0.08608	0.01052	0.01164	0.00787	0.00627	0.00428	0.00204	0.00513	0.00381	0.00440	0.00746
37	0.03896	0.01459	0.02179	0.10735	0.40348	0.01546	0.01646	0.04101	0.18537	0.06420	0.01659	0.01862	0.01286	0.00688	0.00651	0.00206	0.00707	0.00623	0.00444	0.01006
38	0.00802	0.00573	0.00764	0.00917	0.00955	0.00535	0.00611	0.00917	0.01260	0.01681	0.03628	0.76434	0.04354	0.02062	0.00840	0.00267	0.00382	0.01872	0.00611	0.00535
39	0.00814	0.00573	0.00767	0.00915	0.00951	0.00536	0.00610	0.00915	0.01246	0.01662	0.03541	0.73810	0.04241	0.02070	0.00901	0.03109	0.00389	0.01826	0.00600	0.00526
40	0.01629	0.01564	0.02672	0.04041	0.72757	0.01564	0.02020	0.02020	0.01499	0.02151	0.01238	0.01629	0.01043	0.00587	0.00652	0.00196	0.00782	0.00587	0.00326	0.01043
41	0.02791	0.01084	0.01476	0.01144	0.01624	0.00940	0.00940	0.03050	0.01883	0.67534	0.08215	0.02456	0.01998	0.00858	0.00671	0.00204	0.00540	0.00705	0.00808	0.01080
42	0.00802	0.00573	0.00764	0.00917	0.00955	0.00535	0.00611	0.00917	0.01260	0.01681	0.03628	0.76434	0.04354	0.02062	0.00840	0.00267	0.00382	0.01872	0.00611	0.00535
43	0.01554	0.01776	0.03885	0.02775	0.03441	0.01665	0.70366	0.02109	0.01554	0.02109	0.01332	0.01776	0.00999	0.00555	0.00777	0.00222	0.01110	0.00777	0.00333	0.00888
44	0.02503	0.01844	0.01976	0.01515	0.02042	0.02042	0.01251	0.70562	0.03095	0.04149	0.01581	0.01581	0.01120	0.00790	0.00659	0.00198	0.00724	0.00593	0.00659	0.01120
45	0.01114	0.00579	0.00842	0.00842	0.00860	0.00570	0.00566	0.00865	0.00909	0.01195	0.01588	0.02350	0.06885	0.02237	0.02428	0.74358	0.00553	0.00638	0.00312	0.00308
46	0.02082	0.01608	0.01859	0.01577	0.05689	0.01740	0.03355	0.37880	0.20513	0.05493	0.01843	0.01847	0.01361	0.00887	0.02629	0.00220	0.00691	0.00626	0.00608	0.07493
47	0.01330	0.01130	0.01326	0.00963	0.01514	0.00857	0.00767	0.01624	0.01405	0.02185	0.06903	0.01651	0.01396	0.00557	0.00511	0.00106	0.00473	0.00454	0.00417	0.74429
48	0.01688	0.01870	0.03239	0.03064	0.26243	0.10375	0.39390	0.02142	0.01573	0.02063	0.01263	0.01656	0.00995	0.00580	0.00713	0.00207	0.01011	0.00671	0.00331	0.00924
49	0.01140	0.00888	0.00861	0.00829	0.00877	0.06616	0.00503	0.03879	0.01116	0.01418	0.01969	0.03948	0.02218	0.67687	0.03021	0.00583	0.00686	0.00900	0.00404	0.00457
50	0.01773	0.04820	0.03307	0.02397	0.04874	0.03603	0.47516	0.15960	0.01857	0.02489	0.01349	0.01674	0.01014	0.00605	0.00720	0.00207	0.00987	0.00695	0.00399	0.03755
51	0.02365	0.05967	0.01899	0.01645	0.01995	0.65512	0.01248	0.02672	0.07453	0.01701	0.01147	0.01284	0.00941	0.00691	0.00593	0.00173	0.01114	0.00447	0.00364	0.00789
52	0.00988	0.06836	0.01073	0.00841	0.01034	0.00776	0.00654	0.01281	0.01797	0.02495	0.62282	0.04701	0.10190	0.01304	0.00748	0.00203	0.00344	0.01136	0.00681	0.00635
53	0.01527	0.01633	0.08228	0.18190	0.53415	0.01541	0.02015	0.01958	0.01454	0.02051	0.01220	0.01635	0.00993	0.00604	0.00651	0.00201	0.00817	0.00578	0.00315	0.00975
54	0.00928	0.00699	0.01008	0.01008	0.01128	0.00791	0.00774	0.01145	0.01088	0.01535	0.02175	0.02981	0.07387	0.08548	0.64524	0.00968	0.01588	0.00774	0.00376	0.00575
55	0.01162	0.00773	0.01093	0.01047	0.01198	0.00859	0.00804	0.03862	0.01188	0.07366	0.01857	0.02708	0.01706	0.12237	0.57959	0.00912	0.01507	0.00725	0.00406	0.00630
56	0.00897	0.00672	0.00832	0.00792	0.00962	0.00606	0.00594	0.01176	0.01782	0.02447	0.57663	0.05236	0.21079	0.01418	0.00777	0.00210	0.00316	0.01235	0.00699	0.00606
57	0.01365	0.01170	0.01365	0.00975	0.01560	0.00878	0.00780	0.01658	0.01365	0.02145	0.01170	0.01365	0.00975	0.00488	0.00488	0.00098	0.00488	0.00390	0.00390	0.80888
58	0.01696	0.01369	0.03481	0.01353	0.01699	0.01433	0.06561	0.29528	0.07980	0.02702	0.01786	0.02444	0.01553	0.17988	0.14988	0.00458	0.00920	0.00718	0.00510	0.00835
59	0.01365	0.01170	0.01365	0.00975	0.01560	0.00878	0.00780	0.01658	0.01365	0.02145	0.01170	0.01365	0.00975	0.00488	0.00488	0.00098	0.00488	0.00390	0.00390	0.80888
60	0.00940	0.00705	0.01058	0.01058	0.01176	0.00823	0.00823	0.01176	0.01058	0.01528	0.01763	0.02586	0.01646	0.04937	0.74255	0.01058	0.01763	0.00705	0.00353	0.00588
61	0.01555	0.05013	0.06056	0.02677	0.03348	0.01700	0.65306	0.02102	0.01540	0.02084	0.01310	0.01733	0.00987	0.00558	0.00757	0.00218	0.01088	0.00750	0.00329	0.00889
62	0.00919	0.00672	0.00863	0.00815	0.00976	0.00616	0.00611	0.01218	0.01834	0.02571	0.67120	0.05032	0.11545	0.01372	0.00777	0.00208	0.00312	0.01207	0.00716	0.00616
63	0.06786	0.01767	0.01893	0.01458	0.01977	0.01942	0.01204	0.62556	0.02911	0.08505	0.01610	0.01595	0.01130	0.00782	0.00645	0.00198	0.00702	0.00584	0.00655	0.01098
64	0.01287	0.01226	0.02107	0.66646	0.09980	0.01479	0.04588	0.01726	0.01341	0.01737	0.01182	0.01746	0.00896	0.00648	0.00662	0.00218	0.00879	0.00593	0.00297	0.00763
65	0.01256	0.01252	0.05703	0.63530	0.04072	0.01402	0.01732	0.01736	0.03026	0.01792	0.01286	0.01809	0.00968	0.00671	0.00641	0.00214	0.00828	0.00586	0.06757	0.00742
66	0.00802	0.00573	0.00764	0.00917	0.00955	0.00535	0.00611	0.00917	0.01260	0.01681	0.03628	0.76434	0.04354	0.02062	0.00840	0.00267	0.00382	0.01872	0.00611	0.00535
67	0.02228	0.01327	0.01523	0.01255	0.01687	0.01396	0.01008	0.15806	0.28668	0.27683	0.02402	0.02216	0.01684	0.00836	0.00648	0.00206	0.00556	0.00677	0.07144	0.01050
68	0.02503	0.01844	0.01976	0.01515	0.02042	0.02042	0.01251	0.70562	0.03095	0.04149	0.01581	0.01581	0.01120	0.00790	0.00659	0.00198	0.00724	0.00593	0.00659	0.01120
69	0.02503	0.01844	0.01976	0.01515	0.02042	0.02042	0.01251	0.70562	0.03095	0.04149	0.01581	0.01581	0.01120	0.00790	0.00659	0.00198	0.00724	0.00593	0.00659	0.01120
70	0.00802	0.00573	0.00764	0.00917	0.00955	0.00535	0.00611	0.00917	0.01260	0.01681	0.03628	0.76434	0.04354	0.02062	0.00840	0.00267	0.00382	0.01872	0.00611	0.00535
71	0.02503	0.01844	0.01976	0.01515	0.02042	0.02042	0.01251	0.70562	0.03095	0.04149	0.01581	0.01581	0.01120	0.00790	0.00659	0.00198	0.00724	0.00593	0.00659	0.01120
72	0.01457	0.01224	0.01414	0.01019	0.01599	0.00971	0.00818	0.07202	0.01504	0.02306	0.01203	0.01382	0.00987	0.00512	0.00501	0.00106	0.00507	0.00406	0.00412	0.74469
73	0.02329	0.14717	0.07219	0.01528	0.01997	0.37845	0.01293	0.13010	0.01938	0.10311	0.01282	0.01363	0.00979	0.00689	0.00586	0.00176	0.00950	0.00470	0.00430	0.00888
74	0.00802	0.00573	0.00764	0.00917	0.00955	0.00535	0.00611	0.00917	0.01260	0.01681	0.03628	0.76434	0.04354	0.02062	0.00840	0.00267	0.00382	0.01872	0.00611	0.00535
75	0.01365	0.01170	0.01365	0.00975	0.01560	0.00878	0.00780	0.01658	0.01365	0.02145	0.01170	0.01365	0.00975	0.00488	0.00488	0.00098	0.00488	0.00390	0.00390	0.80888
76	0.02780	0.01399	0.01700	0.01304	0.01820	0.01381	0.01077	0.29154	0.02351	0.46608	0.02206	0.01986	0.01433	0.00805	0.00661	0.00201	0.00623	0.00635	0.00755	0.01120
77	0.81514	0.01273	0.00968	0.00866	0.01273	0.01477	0.00713	0.01935	0.01120	0.02954	0.00917	0.01069	0.00713	0.00611	0.00407	0.00204	0.00509	0.00356	0.00407	0.00713
78	0.00932	0.00673	0.00880	0.00828	0.00984	0.00621	0.00621	0.01242	0.01863	0.02640	0.72410	0.04918	0.06212	0.01346	0.00776	0.00207	0.00311	0.01191	0.00725	0.00621
79	0.01440	0.01440	0.02016	0.01728	0.01728	0.02016	0.01440	0.01584	0.01008	0.01584	0.00864	0.01440	0.00864	0.01152	0.02160	0.00288	0.75659	0.00576	0.00288	0.00720
80	0.01280	0.01334	0.02564	0.01992	0.02395	0.03493	0.40099	0.01645	0.01445	0.01921	0.02247	0.31825	0.02345	0.01166	0.00797	0.00239	0.00819	0.01207	0.00445	0.00742
81	0.01629	0.01564	0.02672	0.04041	0.72757	0.01564	0.02020	0.02020	0.01499	0.02151	0.01238	0.01629	0.01043	0.00587	0.00652	0.00196	0.00782	0.00587	0.00326	0.01043
82	0.01708	0.01398	0.01491	0.01331	0.01710	0.01601	0.01038	0.03483	0.67815	0.06548	0.02675	0.02445	0.01989	0.00889	0.00669	0.00222	0.00523	0.00740	0.00678	0.01046
83	0.00799	0.00584	0.00753	0.00888	0.00947	0.00537	0.00598	0.00920	0.01288	0.01692	0.03982	0.68285	0.12275	0.02017	0.00833	0.00262	0.00376	0.01815	0.00611	0.00537
84	0.01388	0.14700	0.62748	0.01762	0.02672	0.01693	0.02233	0.02067	0.01382	0.02003	0.01141	0.01339	0.00836	0.00616	0.00594	0.00198	0.00932	0.00466	0.00279	0.00953
85	0.00932	0.00673	0.00880	0.00828	0.00984	0.00621	0.00621	0.01242	0.01863	0.02640	0.72410	0.04918	0.06212	0.01346	0.00776	0.00207	0.00311	0.01191	0.00725	0.00621
86	0.00940	0.00705	0.01058	0.01058	0.01176	0.00823	0.00823	0.01176	0.01058	0.01528	0.01763	0.02586	0.01646	0.04937	0.74255	0.01058	0.01763	0.00705	0.00353	0.00588
87	0.01744	0.01502	0.01549	0.01417	0.03625	0.05863	0.01091	0.14835	0.44129	0.02798	0.02632	0.02817	0.05742	0.00971	0.00688	0.00221	0.00600	0.06168	0.00631	0.00978
88	0.00934	0.00671	0.00867	0.00867	0.00940	0.00715	0.00600	0.01055	0.01051	0.01435	0.02342	0.03709	0.08287	0.37614	0.35223	0.00791	0.01121	0.00882	0.00397	0.00498
89	0.00778	0.00667	0.00667	0.00667	0.00889	0.00556	0.00500	0.00945	0.01501	0.01778	0.06669	0.06336	0.72490	0.01667	0.00778	0.00222	0.00333	0.01389	0.00611	0.00556
90	0.00957	0.00638	0.00718	0.00718	0.00718	0.00638	0.00399	0.00957	0.00957	0.01276	0.02074	0.04308	0.02393	0.76864	0.03351	0.00638	0.00638	0.00957	0.00399	0.00399
91	0.01494	0.11584	0.49748	0.01975	0.08293	0.01667	0.06214	0.04006	0.03256	0.03995	0.01251	0.01449	0.00921	0.00627	0.00616	0.00200	0.00905	0.00510	0.00320	0.00968
92	0.01812	0.01967	0.02306	0.10397	0.38602	0.22595	0.01729	0.02120	0.01540	0.01893	0.01132	0.01496	0.00953	0.00674	0.00779	0.00199	0.08044	0.00538	0.00323	0.00900
93	0.00778	0.00667	0.00667	0.00667	0.00889	0.00556	0.00500	0.00945	0.01501	0.01778	0.06669	0.06336	0.72490	0.01667	0.00778	0.00222	0.00333	0.01389	0.00611	0.00556
94	0.76657	0.01365	0.03652	0.00919	0.01350	0.01492	0.00789	0.03603	0.01178	0.02951	0.00942	0.01094	0.00727	0.00616	0.00421	0.00204	0.00531	0.00367	0.00409	0.00732
95	0.01044	0.00935	0.01512	0.06231	0.01748	0.00874	0.14470	0.01324	0.01457	0.01922	0.09096	0.23245	0.19492	0.01397	0.00779	0.00232	0.00569	0.07364	0.00530	0.05778
96	0.01477	0.29658	0.48569	0.01610	0.02437	0.01911	0.01968	0.02044	0.01371	0.01894	0.01087	0.01271	0.00838	0.00603	0.00553	0.00184	0.00877	0.00439	0.00279	0.00927
97	0.02013	0.01452	0.01535	0.01323	0.01725	0.05703	0.01053	0.11340	0.39178	0.17508	0.02572	0.02593	0.03557	0.00920	0.00678	0.00217	0.00593	0.04347	0.00675	0.01016
98	0.00801	0.00578	0.00759	0.00903	0.00951	0.00536	0.00605	0.00918	0.01273	0.01686	0.03792	0.72659	0.08023	0.02041	0.00837	0.00265	0.00379	0.01846	0.00611	0.00536
99	0.10606	0.01401	0.01612	0.01255	0.01755	0.03281	0.01033	0.22773	0.02162	0.44128	0.02091	0.01903	0.01369	0.00784	0.00634	0.00201	0.00620	0.00605	0.00716	0.01070
100	0.02019	0.01367	0.01998	0.08167	0.23640	0.01411	0.03262	0.06369	0.12951	0.23755	0.03766	0.02037	0.01495	0.00765	0.00729	0.00209	0.03834	0.00656	0.00554	0.01016
101	0.01320	0.03405	0.73453	0.01876	0.02849	0.01529	0.02432	0.02085	0.01390	0.02085	0.01181	0.01390	0.00834	0.00625	0.00625	0.00208	0.00973	0.00486	0.00278	0.00973
102	0.01269	0.00719	0.00737	0.00698	0.00889	0.00721	0.00533	0.06952	0.01546	0.02520	0.04889	0.02900	0.09720	0.00888	0.00522	0.00166	0.00343	0.00718	0.62622	0.00648
103	0.02459	0.03138	0.01866	0.01696	0.02035	0.74221	0.01272	0.02629	0.01866	0.01611	0.01018	0.01187	0.00848	0.00678	0.00594	0.00170	0.01187	0.00424	0.00339	0.00763
104	0.00778	0.00667	0.00667	0.00667	0.00889	0.00556	0.00500	0.00945	0.01501	0.01778	0.06669	0.06336	0.72490	0.01667	0.00778	0.00222	0.00333	0.01389	0.00611	0.00556
105	0.01144	0.00572	0.00858	0.00858	0.00858	0.00572	0.00572	0.00858	0.00858	0.01144	0.01144	0.02001	0.01144	0.02287	0.02573	0.80846	0.00572	0.00572	0.00286	0.00286
106	0.00863	0.00706	0.00766	0.00751	0.00959	0.00629	0.00562	0.01154	0.05355	0.02039	0.22465	0.07991	0.50307	0.01559	0.00774	0.00220	0.00339	0.01321	0.00642	0.00597
107	0.06664	0.01197	0.01450	0.09960	0.01929	0.01037	0.00936	0.04346	0.01454	0.08592	0.01297	0.01480	0.01011	0.00556	0.00525	0.00132	0.00551	0.00443	0.00427	0.56012
108	0.81514	0.01273	0.00968	0.00866	0.01273	0.01477	0.00713	0.01935	0.01120	0.02954	0.00917	0.01069	0.00713	0.00611	0.00407	0.00204	0.00509	0.00356	0.00407	0.00713
109	0.00785	0.00661	0.00680	0.00689	0.00897	0.00556	0.00512	0.00953	0.01496	0.01800	0.08599	0.10989	0.65771	0.01683	0.00782	0.00225	0.00336	0.01415	0.00615	0.00556
110	0.00810	0.00576	0.00761	0.00906	0.00942	0.00540	0.00600	0.00919	0.01244	0.01659	0.03545	0.72550	0.04249	0.06091	0.00975	0.00287	0.00396	0.01822	0.00600	0.00527
111	0.01450	0.01224	0.01447	0.05020	0.01759	0.01003	0.00874	0.07204	0.01502	0.02281	0.01203	0.01403	0.00981	0.00521	0.00510	0.00112	0.00528	0.00417	0.00406	0.70153
112	0.00802	0.00573	0.00764	0.00917	0.00955	0.00535	0.00611	0.00917	0.01260	0.01681	0.03628	0.76434	0.04354	0.02062	0.00840	0.00267	0.00382	0.01872	0.00611	0.00535
113	0.01061	0.00758	0.01061	0.01212	0.01364	0.00758	0.01061	0.01364	0.01515	0.01970	0.03486	0.07426	0.03789	0.01819	0.00909	0.00303	0.00606	0.68326	0.00606	0.00606
114	0.02249	0.01628	0.01767	0.01422	0.01895	0.01802	0.01153	0.41232	0.26428	0.10199	0.02053	0.01943	0.01473	0.00828	0.00663	0.00207	0.00639	0.00651	0.00677	0.01093
115	0.00982	0.00761	0.01117	0.01094	0.01195	0.00909	0.00850	0.01197	0.01049	0.01519	0.01708	0.02587	0.01623	0.08509	0.64633	0.00973	0.07649	0.00709	0.00350	0.00588
116	0.02954	0.01120	0.01528	0.01171	0.01681	0.00968	0.00968	0.03208	0.01884	0.73213	0.02597	0.02241	0.01630	0.00815	0.00662	0.00204	0.00560	0.00662	0.00815	0.01120
117	0.02504	0.01769	0.01920	0.01480	0.01999	0.01939	0.01220	0.62457	0.05739	0.09651	0.01706	0.01669	0.01196	0.00796	0.00659	0.00199	0.00703	0.00604	0.00672	0.01117
118	0.00947	0.00713	0.00907	0.01009	0.01175	0.00673	0.00840	0.01190	0.01490	0.01884	0.04544	0.12621	0.26420	0.01788	0.00861	0.00274	0.00498	0.40973	0.00608	0.00584
119	0.02469	0.01802	0.01938	0.01496	0.02015	0.01992	0.01233	0.65220	0.06695	0.05905	0.01666	0.01644	0.01180	0.00796	0.00659	0.00199	0.00709	0.00603	0.00663	0.01115
120	0.00932	0.00673	0.00880	0.00828	0.00984	0.00621	0.00621	0.01242	0.01863	0.02640	0.72410	0.04918	0.06212	0.01346	0.00776	0.00207	0.00311	0.01191	0.00725	0.00621
121	0.01533	0.01466	0.02499	0.21743	0.55805	0.01539	0.01973	0.01936	0.01454	0.02034	0.01221	0.01661	0.01002	0.00604	0.00653	0.00201	0.00806	0.00586	0.00318	0.00965
122	0.13571	0.01533	0.01638	0.01317	0.01743	0.01700	0.01076	0.41817	0.04266	0.07858	0.02025	0.04944	0.06974	0.00914	0.00736	0.00210	0.05428	0.00682	0.00603	0.00965
123	0.01376	0.01249	0.01609	0.06219	0.01792	0.01340	0.01081	0.01710	0.05317	0.01919	0.01194	0.01591	0.01047	0.02876	0.03192	0.00218	0.26100	0.00511	0.00364	0.39292
124	0.00819	0.00586	0.00779	0.00905	0.00959	0.00546	0.00612	0.00959	0.01338	0.01804	0.12494	0.67217	0.04594	0.01970	0.00832	0.00260	0.00373	0.01784	0.00626	0.00546
125	0.00790	0.00664	0.00685	0.00686	0.00898	0.00560	0.00512	0.00965	0.01519	0.01837	0.11307	0.08373	0.65641	0.01656	0.00780	0.00223	0.00333	0.01390	0.00619	0.00560
126	0.01373	0.12224	0.65094	0.01787	0.02711	0.01657	0.02276	0.02071	0.01384	0.02021	0.01150	0.01350	0.00835	0.00618	0.00601	0.00200	0.00941	0.00470	0.00278	0.00958
127	0.00827	0.00592	0.00786	0.00900	0.00960	0.00551	0.00613	0.00979	0.01377	0.01865	0.16874	0.62662	0.04712	0.01924	0.00828	0.00256	0.00368	0.01740	0.00633	0.00551
128	0.00941	0.00703	0.01047	0.01047	0.01161	0.00817	0.00809	0.01169	0.01055	0.01520	0.01773	0.02642	0.01670	0.07254	0.71971	0.01044	0.01727	0.00713	0.00354	0.00582
129	0.01580	0.38136	0.38147	0.01500	0.02265	0.02018	0.01770	0.02068	0.01381	0.04123	0.01102	0.01260	0.00865	0.00602	0.00531	0.00176	0.00833	0.00429	0.00297	0.00917
130	0.01984	0.04245	0.02252	0.05166	0.25529	0.30170	0.05230	0.05711	0.09467	0.02066	0.01321	0.01542	0.01063	0.00667	0.00632	0.00189	0.00929	0.00544	0.00383	0.00911
131	0.00970	0.00744	0.01093	0.01077	0.01181	0.00881	0.00834	0.01186	0.01049	0.01517	0.01730	0.02619	0.01644	0.08849	0.66051	0.00990	0.05936	0.00712	0.00352	0.00585
132	0.00800	0.00600	0.00743	0.00850	0.00939	0.00543	0.00583	0.00934	0.01341	0.01736	0.06587	0.56347	0.21729	0.01939	0.00822	0.00254	0.00367	0.01727	0.00615	0.00543
133	0.00888	0.00720	0.00800	0.00803	0.00969	0.02591	0.00588	0.01102	0.01610	0.02094	0.31708	0.18139	0.32437	0.01585	0.00783	0.00223	0.00356	0.01371	0.00648	0.00583
134	0.01568	0.01690	0.04489	0.04266	0.02816	0.06689	0.45543	0.04298	0.04553	0.02196	0.03340	0.03693	0.01320	0.00670	0.00715	0.00210	0.00940	0.00751	0.09408	0.00844
135	0.00825	0.00588	0.00784	0.00928	0.00975	0.00553	0.00634	0.00954	0.01284	0.01713	0.05281	0.68640	0.04318	0.03822	0.00903	0.00277	0.00400	0.05973	0.00609	0.00538
136	0.01525	0.01265	0.01451	0.01051	0.01628	0.01041	0.00846	0.11321	0.01608	0.02426	0.01228	0.01395	0.00995	0.00530	0.00512	0.00112	0.00521	0.00418	0.00428	0.69701
137	0.02156	0.01587	0.02019	0.01559	0.03856	0.01588	0.09125	0.36924	0.02330	0.11417	0.01565	0.01631	0.01129	0.00690	0.00632	0.00178	0.00696	0.00574	0.00568	0.19775
138	0.01901	0.03690	0.08609	0.07486	0.02285	0.01715	0.07205	0.33315	0.12189	0.03083	0.03971	0.04213	0.01445	0.00796	0.00662	0.00202	0.00726	0.00663	0.00544	0.05300
139	0.01655	0.01262	0.01384	0.01244	0.01599	0.01396	0.00978	0.03070	0.52254	0.10227	0.05583	0.03095	0.07680	0.01012	0.00694	0.00225	0.00508	0.04483	0.00680	0.00974
140	0.00802	0.00573	0.00764	0.00917	0.00955	0.00535	0.00611	0.00917	0.01260	0.01681	0.03628	0.76434	0.04354	0.02062	0.00840	0.00267	0.00382	0.01872	0.00611	0.00535
141	0.01469	0.01414	0.02431	0.32621	0.39390	0.01531	0.05905	0.01927	0.03220	0.01975	0.01253	0.01710	0.00998	0.00621	0.00662	0.00207	0.00833	0.00601	0.00322	0.00908
142	0.00831	0.00616	0.00780	0.00881	0.00977	0.00565	0.00625	0.00990	0.01389	0.01819	0.11136	0.49918	0.18009	0.01893	0.00827	0.00255	0.00383	0.06929	0.00622	0.00553
143	0.00804	0.00603	0.00746	0.00847	0.00940	0.00546	0.00583	0.00944	0.01360	0.01765	0.08679	0.53880	0.22082	0.01916	0.00820	0.00252	0.00365	0.01705	0.00618	0.00546
144	0.01142	0.00743	0.00873	0.00815	0.01049	0.00656	0.00620	0.01401	0.03366	0.11756	0.25198	0.09634	0.37358	0.01462	0.00763	0.00218	0.00365	0.01246	0.00674	0.00662
145	0.01452	0.01379	0.02341	0.33262	0.42745	0.01502	0.01909	0.01858	0.01412	0.01941	0.01225	0.01707	0.00991	0.00735	0.02661	0.00229	0.00848	0.00589	0.00313	0.00902
146	0.01365	0.01170	0.01365	0.00975	0.01560	0.00878	0.00780	0.01658	0.01365	0.02145	0.01170	0.01365	0.00975	0.00488	0.00488	0.00098	0.00488	0.00390	0.00390	0.80888
147	0.00840	0.00604	0.00804	0.00945	0.01007	0.00568	0.00667	0.00987	0.01321	0.01753	0.05940	0.62776	0.06535	0.01994	0.00845	0.00269	0.00408	0.10577	0.00614	0.00548
148	0.00795	0.00602	0.00734	0.00839	0.00935	0.00541	0.00577	0.00925	0.01335	0.01711	0.04571	0.54716	0.25465	0.01940	0.00821	0.00253	0.00367	0.01722	0.00611	0.00541
149	0.05729	0.01298	0.01614	0.01242	0.01752	0.01242	0.01026	0.19219	0.02145	0.54170	0.02293	0.02040	0.01474	0.00801	0.00652	0.00202	0.00597	0.00634	0.00763	0.01105
150	0.02503	0.01844	0.01976	0.01515	0.02042	0.02042	0.01251	0.70562	0.03095	0.04149	0.01581	0.01581	0.01120	0.00790	0.00659	0.00198	0.00724	0.00593	0.00659	0.01120
151	0.00802	0.00573	0.00764	0.00917	0.00955	0.00535	0.00611	0.00917	0.01260	0.01681	0.03628	0.76434	0.04354	0.02062	0.00840	0.00267	0.00382	0.01872	0.00611	0.00535
152	0.00878	0.00605	0.00741	0.00819	0.00838	0.00586	0.00507	0.00937	0.01111	0.01482	0.02864	0.40964	0.03390	0.38848	0.02075	0.00450	0.00508	0.01422	0.00507	0.00468
153	0.01380	0.01183	0.01372	0.00995	0.01568	0.00918	0.00794	0.01757	0.05146	0.02178	0.01251	0.01424	0.01031	0.00509	0.00497	0.00104	0.00489	0.00409	0.00405	0.76588
154	0.69713	0.10101	0.01274	0.00906	0.01335	0.01592	0.00769	0.01980	0.01170	0.05053	0.00971	0.01106	0.00758	0.00612	0.00417	0.00196	0.00534	0.00366	0.00406	0.00741
155	0.00802	0.00664	0.00702	0.00701	0.00906	0.00565	0.00523	0.00988	0.01544	0.01902	0.16258	0.09085	0.59818	0.01636	0.00780	0.00222	0.00332	0.01380	0.00628	0.00565
156	0.01702	0.67455	0.12743	0.01226	0.01844	0.02462	0.01300	0.01986	0.01345	0.01620	0.00951	0.01100	0.00843	0.00571	0.00449	0.00150	0.00740	0.00370	0.00281	0.00862
157	0.01745	0.74656	0.05918	0.01153	0.01731	0.02567	0.01172	0.01975	0.01339	0.01568	0.00925	0.01068	0.00844	0.00565	0.00430	0.00143	0.00714	0.00357	0.00281	0.00849
158	0.01356	0.09348	0.67820	0.01816	0.02756	0.01615	0.02327	0.02076	0.01386	0.02042	0.01160	0.01363	0.00835	0.00620	0.00609	0.00203	0.00951	0.00476	0.00278	0.00963
159	0.02503	0.01844	0.01976	0.01515	0.02042	0.02042	0.01251	0.70562	0.03095	0.04149	0.01581	0.01581	0.01120	0.00790	0.00659	0.00198	0.00724	0.00593	0.00659	0.01120
160	0.02500	0.01908	0.01970	0.01524	0.02041	0.05626	0.01252	0.67188	0.03034	0.04023	0.01553	0.01561	0.01106	0.00785	0.00655	0.00196	0.00747	0.00584	0.00643	0.01102
161	0.01371	0.11952	0.65352	0.01790	0.02715	0.01653	0.02281	0.02072	0.01384	0.02023	0.01151	0.01351	0.00835	0.00618	0.00602	0.00201	0.00942	0.00471	0.00278	0.00958
162	0.01235	0.00860	0.00967	0.00884	0.00987	0.00904	0.00581	0.13518	0.01349	0.01811	0.01965	0.03701	0.02114	0.58349	0.07600	0.00587	0.00729	0.00875	0.00443	0.00541
163	0.01273	0.01326	0.02718	0.02080	0.02512	0.01243	0.44299	0.01663	0.01444	0.01949	0.02190	0.29675	0.02253	0.01118	0.00801	0.00239	0.00838	0.01186	0.00437	0.00756
164	0.08452	0.04467	0.01498	0.01055	0.01605	0.01158	0.00860	0.09108	0.04135	0.06970	0.01328	0.01446	0.01042	0.00569	0.00514	0.00130	0.00529	0.00437	0.00453	0.54245
165	0.03967	0.00939	0.01282	0.07081	0.01632	0.00915	0.03811	0.06601	0.01582	0.14194	0.06574	0.29909	0.05376	0.01370	0.00746	0.00232	0.00533	0.07295	0.00598	0.05363
166	0.01497	0.01295	0.01344	0.01216	0.01548	0.03197	0.00941	0.04543	0.52003	0.02633	0.11154	0.03138	0.10603	0.01027	0.00693	0.00219	0.00496	0.00859	0.00661	0.00932
167	0.00866	0.00646	0.00807	0.00910	0.01023	0.00600	0.00678	0.01034	0.01370	0.01755	0.04325	0.37133	0.22370	0.05926	0.00975	0.00284	0.00437	0.17711	0.00599	0.00550
168	0.09174	0.04234	0.02157	0.07532	0.34141	0.19042	0.01553	0.04022	0.01602	0.06515	0.01379	0.01624	0.02888	0.00663	0.00613	0.00191	0.00831	0.00545	0.00380	0.00912
169	0.00802	0.00573	0.00764	0.00917	0.00955	0.00535	0.00611	0.00917	0.01260	0.01681	0.03628	0.76434	0.04354	0.02062	0.00840	0.00267	0.00382	0.01872	0.00611	0.00535
170	0.00787	0.00645	0.00695	0.00730	0.00907	0.00552	0.00529	0.00945	0.01453	0.01776	0.07547	0.22783	0.54864	0.01752	0.00793	0.00233	0.00344	0.01498	0.00614	0.00552
171	0.01440	0.23578	0.54332	0.01672	0.02533	0.01823	0.02076	0.02054	0.01376	0.01938	0.01109	0.01299	0.00837	0.00608	0.00570	0.00190	0.00899	0.00450	0.00279	0.00938
172	0.01768	0.05689	0.04506	0.01356	0.01769	0.04832	0.01110	0.07227	0.52251	0.06461	0.02405	0.04109	0.01835	0.00875	0.00655	0.00214	0.00589	0.00714	0.00624	0.01012
173	0.00816	0.00582	0.00756	0.00890	0.00931	0.00545	0.00588	0.00921	0.01240	0.01646	0.03579	0.67441	0.06336	0.09066	0.01074	0.00301	0.00404	0.01770	0.00591	0.00523
174	0.01450	0.01452	0.02704	0.24611	0.28420	0.01515	0.21146	0.01891	0.01432	0.01960	0.01278	0.01769	0.01020	0.00877	0.05399	0.00265	0.00966	0.00647	0.00320	0.00878

[dist]
# distance from previous block
# <min> <max>
0	1

[block]
# block no. 2 follows, 33 sequences, length 50
# corresponding to MSA columns:
# 223-272
name=unknown_C
#
# <colnr> <probs for GDERKNQSTAVLIFYWHMCP>
#	G	D	E	R	K	N	Q	S	T	A	V	L	I	F	Y	W	H	M	C	P
0	0.02329	0.02920	0.01901	0.07984	0.04558	0.65704	0.01343	0.02529	0.01807	0.01635	0.01038	0.01250	0.00857	0.00674	0.00601	0.00175	0.01148	0.00443	0.00335	0.00770
1	0.00966	0.00633	0.00836	0.00940	0.01034	0.00586	0.00666	0.01115	0.01355	0.06385	0.05678	0.59249	0.08505	0.01915	0.00829	0.00262	0.00408	0.07428	0.00627	0.00583
2	0.17857	0.20387	0.01956	0.01239	0.03461	0.11889	0.01018	0.02483	0.01586	0.27642	0.03564	0.01627	0.01258	0.00702	0.00546	0.00183	0.00674	0.00504	0.00520	0.00905
3	0.01793	0.65140	0.08342	0.01233	0.01805	0.09103	0.01234	0.02040	0.01390	0.01593	0.00944	0.01092	0.00844	0.00578	0.00453	0.00148	0.00768	0.00368	0.00287	0.00847
4	0.01776	0.55031	0.14027	0.01291	0.01896	0.08813	0.01328	0.02072	0.01409	0.03536	0.01017	0.01159	0.00868	0.00588	0.00477	0.00154	0.00779	0.00389	0.00303	0.03087
5	0.02316	0.01721	0.01861	0.01436	0.01945	0.01862	0.01177	0.60839	0.02847	0.03845	0.01640	0.05119	0.01260	0.00823	0.00651	0.00192	0.00686	0.00635	0.00631	0.08515
6	0.00800	0.00581	0.00756	0.00896	0.00949	0.00536	0.00602	0.00919	0.01281	0.01689	0.03885	0.70517	0.10105	0.02029	0.00835	0.00264	0.00378	0.01831	0.00611	0.00536
7	0.00957	0.00638	0.00718	0.00718	0.00718	0.00638	0.00399	0.00957	0.00957	0.01276	0.02074	0.04308	0.02393	0.76864	0.03351	0.00638	0.00638	0.00957	0.00399	0.00399
8	0.01144	0.00572	0.00858	0.00858	0.00858	0.00572	0.00572	0.00858	0.00858	0.01144	0.01144	0.02001	0.01144	0.02287	0.02573	0.80846	0.00572	0.00572	0.00286	0.00286
9	0.01554	0.01776	0.03885	0.02775	0.03441	0.01665	0.70366	0.02109	0.01554	0.02109	0.01332	0.01776	0.00999	0.00555	0.00777	0.00222	0.01110	0.00777	0.00333	0.00888
10	0.02047	0.01554	0.01666	0.01382	0.01819	0.01742	0.01108	0.31256	0.37714	0.06673	0.02203	0.02083	0.01612	0.00843	0.00658	0.00210	0.00601	0.00674	0.03091	0.01065
11	0.01204	0.00718	0.00780	0.00772	0.00923	0.00731	0.00562	0.05190	0.04997	0.02332	0.05742	0.15880	0.02423	0.07456	0.00808	0.00223	0.00382	0.00900	0.47343	0.00631
12	0.00956	0.00643	0.00741	0.00741	0.00749	0.00651	0.00428	0.00972	0.00964	0.01294	0.02053	0.04190	0.02342	0.71950	0.08195	0.00667	0.00715	0.00940	0.00396	0.00412
13	0.00860	0.00626	0.00823	0.00959	0.01043	0.00589	0.00704	0.01024	0.01346	0.01759	0.03919	0.52853	0.11486	0.01963	0.00850	0.00271	0.00429	0.17333	0.00610	0.00554
14	0.00925	0.00683	0.00808	0.00769	0.00964	0.00603	0.00580	0.01173	0.01709	0.04327	0.42345	0.05444	0.34340	0.01467	0.00774	0.00213	0.00328	0.01260	0.00679	0.00608
15	0.00993	0.00735	0.00967	0.01078	0.01246	0.00708	0.00921	0.01266	0.01522	0.01947	0.06252	0.07105	0.19360	0.01770	0.00876	0.00282	0.00536	0.51230	0.00611	0.00595
16	0.01177	0.00901	0.00964	0.00900	0.01173	0.00875	0.00693	0.05635	0.14884	0.06303	0.05137	0.08934	0.45505	0.01444	0.00750	0.00224	0.00414	0.02735	0.00637	0.00714
17	0.02219	0.01807	0.01744	0.01521	0.04184	0.14565	0.01172	0.24469	0.24210	0.12322	0.01997	0.02017	0.01482	0.00824	0.00657	0.00204	0.00720	0.02255	0.00614	0.01017
18	0.02222	0.07646	0.01916	0.01561	0.01908	0.45423	0.01216	0.15054	0.01952	0.02080	0.01275	0.05420	0.01117	0.00935	0.03154	0.00214	0.05136	0.00547	0.00407	0.00815
19	0.01612	0.01540	0.02631	0.11805	0.59425	0.01574	0.05321	0.04276	0.01535	0.02163	0.01247	0.01649	0.01025	0.00600	0.00659	0.00200	0.00807	0.00596	0.00334	0.01003
20	0.13014	0.22946	0.36422	0.01510	0.02223	0.09775	0.01708	0.02093	0.01389	0.02013	0.01054	0.01232	0.00821	0.00612	0.00536	0.00185	0.00858	0.00425	0.00304	0.00878
21	0.01260	0.01193	0.01978	0.69073	0.04297	0.01509	0.01796	0.01674	0.01290	0.01674	0.01144	0.01729	0.00876	0.00700	0.00785	0.00225	0.07190	0.00584	0.00292	0.00730
22	0.01243	0.01170	0.01975	0.75282	0.04534	0.01463	0.01828	0.01682	0.01316	0.01682	0.01170	0.01755	0.00878	0.00658	0.00658	0.00219	0.00878	0.00585	0.00293	0.00731
23	0.01013	0.00656	0.00865	0.00941	0.01053	0.00592	0.00651	0.01150	0.01318	0.07500	0.03385	0.65553	0.03914	0.01859	0.00803	0.00251	0.00403	0.01677	0.00613	0.05802
24	0.81514	0.01273	0.00968	0.00866	0.01273	0.01477	0.00713	0.01935	0.01120	0.02954	0.00917	0.01069	0.00713	0.00611	0.00407	0.00204	0.00509	0.00356	0.00407	0.00713
25	0.74094	0.01259	0.01020	0.00895	0.01312	0.01429	0.00737	0.02055	0.01193	0.09590	0.01075	0.01180	0.00800	0.00630	0.00431	0.00204	0.00514	0.00385	0.00446	0.00751
26	0.00802	0.00573	0.00764	0.00917	0.00955	0.00535	0.00611	0.00917	0.01260	0.01681	0.03628	0.76434	0.04354	0.02062	0.00840	0.00267	0.00382	0.01872	0.00611	0.00535
27	0.01236	0.00789	0.01004	0.00908	0.01127	0.00745	0.00695	0.01662	0.07559	0.11367	0.56198	0.04425	0.07174	0.01252	0.00754	0.00208	0.00359	0.01094	0.00728	0.00716
28	0.01109	0.00574	0.00845	0.00858	0.00862	0.00571	0.00570	0.00866	0.00895	0.01193	0.01382	0.08355	0.01453	0.04567	0.02451	0.71572	0.00558	0.00693	0.00317	0.00310
29	0.00815	0.00587	0.00775	0.00921	0.00974	0.00548	0.00630	0.00942	0.01286	0.01701	0.03765	0.69334	0.07562	0.02030	0.00841	0.00267	0.00392	0.05477	0.00611	0.00540
30	0.01559	0.01330	0.01425	0.01305	0.01648	0.01525	0.01018	0.03234	0.63456	0.02675	0.04865	0.04945	0.02305	0.00993	0.00692	0.00229	0.00515	0.04624	0.00666	0.00990
31	0.01554	0.01487	0.02535	0.18009	0.59381	0.01544	0.01983	0.01954	0.01463	0.02059	0.01225	0.01654	0.01010	0.00601	0.00653	0.00200	0.00801	0.00586	0.00319	0.00982
32	0.01612	0.01490	0.02346	0.11253	0.44913	0.03653	0.04993	0.02153	0.09362	0.04529	0.01479	0.01863	0.01206	0.03122	0.03006	0.00242	0.00809	0.00626	0.00381	0.00961
33	0.00902	0.00615	0.00734	0.00789	0.00803	0.00601	0.00475	0.00943	0.01066	0.01421	0.02630	0.30119	0.03095	0.50096	0.02452	0.00506	0.00547	0.01284	0.00475	0.00448
34	0.01365	0.01170	0.01365	0.00975	0.01560	0.00878	0.00780	0.01658	0.01365	0.02145	0.01170	0.01365	0.00975	0.00488	0.00488	0.00098	0.00488	0.00390	0.00390	0.80888
35	0.02503	0.01844	0.01976	0.01515	0.02042	0.02042	0.01251	0.70562	0.03095	0.04149	0.01581	0.01581	0.01120	0.00790	0.00659	0.00198	0.00724	0.00593	0.00659	0.01120
36	0.00833	0.00592	0.00784	0.00921	0.00968	0.00559	0.00628	0.00959	0.01275	0.01700	0.05417	0.65091	0.04240	0.06885	0.01006	0.00292	0.00412	0.06303	0.00600	0.00533
37	0.02459	0.03138	0.01866	0.01696	0.02035	0.74221	0.01272	0.02629	0.01866	0.01611	0.01018	0.01187	0.00848	0.00678	0.00594	0.00170	0.01187	0.00424	0.00339	0.00763
38	0.02499	0.01181	0.03285	0.01141	0.01622	0.01021	0.00957	0.09310	0.01918	0.52162	0.03052	0.02760	0.12367	0.00930	0.00674	0.00204	0.00550	0.00756	0.00745	0.02864
39	0.01125	0.07168	0.01121	0.00862	0.01082	0.00806	0.00676	0.01410	0.01787	0.07289	0.55447	0.04542	0.11654	0.01274	0.00739	0.00203	0.00363	0.01102	0.00683	0.00668
40	0.01277	0.01087	0.01265	0.00945	0.01462	0.00827	0.00745	0.01547	0.01369	0.02082	0.01802	0.06914	0.07242	0.00695	0.00536	0.00120	0.00467	0.00576	0.00424	0.68618
41	0.01600	0.01590	0.02003	0.01708	0.01776	0.06952	0.01413	0.07478	0.01243	0.01803	0.00935	0.01435	0.00885	0.01089	0.01927	0.00272	0.64246	0.00567	0.00323	0.00757
42	0.01005	0.00977	0.06113	0.01601	0.15784	0.00815	0.01015	0.01225	0.01338	0.01813	0.03228	0.50069	0.09187	0.01629	0.00782	0.00245	0.00500	0.01473	0.00530	0.00670
43	0.01184	0.12399	0.01269	0.00872	0.01127	0.00932	0.00699	0.01427	0.01655	0.08189	0.35122	0.09904	0.20164	0.01310	0.00718	0.00205	0.00403	0.01116	0.00630	0.00676
44	0.01913	0.01652	0.06876	0.06560	0.07977	0.09345	0.11177	0.12564	0.01835	0.16153	0.04181	0.09199	0.03732	0.00907	0.00698	0.00212	0.00770	0.02820	0.00525	0.00903
45	0.01420	0.03971	0.20592	0.08815	0.15207	0.05564	0.16526	0.01931	0.03234	0.01995	0.02082	0.02310	0.11885	0.00773	0.00683	0.00209	0.00856	0.00713	0.00364	0.00868
46	0.01414	0.01425	0.05859	0.10795	0.19472	0.03516	0.09734	0.05795	0.02958	0.02118	0.07016	0.06433	0.04650	0.06122	0.02912	0.00254	0.00764	0.00764	0.00416	0.07582
47	0.01836	0.08398	0.05974	0.02372	0.24332	0.19641	0.06925	0.07604	0.06505	0.02171	0.04823	0.01813	0.03301	0.00710	0.00638	0.00191	0.00854	0.00599	0.00400	0.00913
48	0.01691	0.04009	0.10571	0.05894	0.19942	0.09086	0.14819	0.10282	0.05841	0.02289	0.01692	0.02081	0.04553	0.00742	0.00679	0.00207	0.00860	0.03435	0.00405	0.00924
49	0.03999	0.02056	0.24710	0.06267	0.09946	0.01510	0.09423	0.13258	0.07123	0.02506	0.06595	0.02143	0.05980	0.00779	0.00670	0.00209	0.00786	0.00675	0.00439	0.00927

[dist]
# distance from previous block
# <min> <max>
1	17

[block]
# block no. 3 follows, 33 sequences, length 111
# corresponding to MSA columns:
# 290-400
name=unknown_D
#
# <colnr> <probs for GDERKNQSTAVLIFYWHMCP>
#	G	D	E	R	K	N	Q	S	T	A	V	L	I	F	Y	W	H	M	C	P
0	0.08286	0.12730	0.12803	0.07694	0.04086	0.06012	0.01343	0.12480	0.09717	0.06842	0.03869	0.01827	0.03696	0.00754	0.00635	0.00195	0.02512	0.00573	0.00460	0.03487
