[name]
unknown

[dist]
# distance from previous block
# <min> <max>
0	6

[block]
# block no. 0 follows, 31 sequences, length 31
# corresponding to MSA columns:
# 7-37
name=unknown_A
#
# <colnr> <probs for GDERKNQSTAVLIFYWHMCP>
#	G	D	E	R	K	N	Q	S	T	A	V	L	I	F	Y	W	H	M	C	P
0	0.04862	0.11727	0.16100	0.10025	0.06189	0.11488	0.03329	0.02150	0.01522	0.09811	0.01582	0.06773	0.01364	0.00867	0.00770	0.00217	0.06346	0.03592	0.00411	0.00876
1	0.00901	0.00658	0.00885	0.01016	0.01070	0.00652	0.00721	0.01045	0.01313	0.01757	0.03517	0.59044	0.04143	0.05324	0.03540	0.00328	0.03053	0.09860	0.00604	0.00567
2	0.01820	0.30118	0.28404	0.01658	0.02350	0.18364	0.04358	0.02253	0.01544	0.01851	0.01094	0.01285	0.00881	0.00636	0.00571	0.00182	0.00965	0.00451	0.00307	0.00909
3	0.01711	0.32349	0.24504	0.06660	0.02527	0.02053	0.08313	0.05175	0.03982	0.04937	0.01265	0.01455	0.00982	0.00645	0.00587	0.00190	0.00860	0.00508	0.00352	0.00947
4	0.00967	0.00694	0.00822	0.00826	0.01007	0.00612	0.00606	0.01175	0.01628	0.05412	0.24468	0.21971	0.33940	0.01690	0.00817	0.00236	0.00363	0.01465	0.00679	0.00620
5	0.00903	0.00701	0.01062	0.01107	0.01200	0.00656	0.06325	0.01057	0.01327	0.01772	0.03529	0.67478	0.04180	0.04002	0.00938	0.00284	0.00467	0.01825	0.00605	0.00582
6	0.01266	0.01809	0.21895	0.14227	0.07274	0.01296	0.08916	0.01822	0.05245	0.02054	0.05313	0.12684	0.07563	0.01205	0.04167	0.00272	0.00838	0.00900	0.00425	0.00833
7	0.01648	0.01978	0.09439	0.05039	0.21787	0.04854	0.40605	0.02177	0.01592	0.02166	0.01325	0.01742	0.01025	0.00600	0.00747	0.00220	0.01047	0.00707	0.00338	0.00963
8	0.01640	0.01736	0.02769	0.14861	0.19519	0.10326	0.24050	0.02036	0.01553	0.02017	0.04380	0.01869	0.01250	0.00766	0.00887	0.03761	0.04678	0.00681	0.00352	0.00869
9	0.02142	0.01937	0.20869	0.01709	0.02372	0.01341	0.13987	0.07225	0.01828	0.30333	0.04711	0.02240	0.04459	0.00801	0.00709	0.00217	0.00794	0.00709	0.00582	0.01035
10	0.01632	0.02818	0.47148	0.01976	0.05564	0.01608	0.06424	0.05302	0.06329	0.08367	0.01476	0.01645	0.01058	0.00718	0.00757	0.00222	0.04976	0.00573	0.00389	0.01019
11	0.00915	0.00772	0.00862	0.00922	0.04142	0.00692	0.00642	0.01208	0.05365	0.02008	0.12980	0.10378	0.53423	0.01630	0.00800	0.00231	0.00379	0.01380	0.00638	0.00634
12	0.01698	0.04706	0.15149	0.03393	0.04886	0.08402	0.01374	0.14861	0.15459	0.02553	0.04151	0.10365	0.04934	0.04025	0.00808	0.00236	0.00739	0.00817	0.00524	0.00920
13	0.04178	0.14064	0.18794	0.01987	0.02659	0.10166	0.23361	0.05114	0.04097	0.07145	0.01383	0.01595	0.01036	0.00653	0.00663	0.00205	0.00967	0.00596	0.00390	0.00948
14	0.00957	0.00715	0.01031	0.01039	0.01126	0.00738	0.03679	0.01111	0.01174	0.01609	0.02601	0.29775	0.02900	0.20963	0.26656	0.00655	0.00994	0.01244	0.00476	0.00557
15	0.00896	0.00635	0.00831	0.04156	0.01121	0.00614	0.00658	0.01037	0.01306	0.01772	0.03550	0.58613	0.06755	0.07952	0.01046	0.00297	0.00434	0.01698	0.06069	0.00560
16	0.03326	0.14052	0.14431	0.07400	0.08580	0.06743	0.05841	0.11817	0.02942	0.02270	0.01365	0.05566	0.01171	0.00822	0.00854	0.00216	0.10673	0.00624	0.00391	0.00915
17	0.05071	0.01868	0.05803	0.09858	0.02363	0.12085	0.06860	0.17054	0.16852	0.02645	0.01920	0.02063	0.04639	0.01023	0.03935	0.00257	0.03598	0.00668	0.00505	0.00933
18	0.00838	0.00605	0.00785	0.00926	0.00977	0.00562	0.00618	0.00956	0.01315	0.01737	0.03929	0.67747	0.09184	0.05104	0.00974	0.00290	0.00404	0.01871	0.00626	0.00552
19	0.03545	0.00951	0.01290	0.01101	0.01385	0.00913	0.06584	0.04450	0.06617	0.07701	0.40821	0.04422	0.14958	0.01261	0.00775	0.00219	0.00455	0.01110	0.00691	0.00751
20	0.05695	0.08260	0.26660	0.03970	0.12505	0.03262	0.04471	0.01887	0.01550	0.02230	0.13888	0.04408	0.05193	0.00883	0.00678	0.00213	0.00766	0.02183	0.00422	0.00876
21	0.01621	0.00971	0.01187	0.01071	0.01359	0.00930	0.00826	0.06845	0.08066	0.18267	0.12137	0.18260	0.10607	0.05460	0.00917	0.00256	0.00499	0.05687	0.00685	0.04349
22	0.01497	0.01497	0.02095	0.01796	0.01796	0.02095	0.01497	0.01646	0.01048	0.01646	0.00898	0.01497	0.00898	0.01197	0.02245	0.00299	0.74704	0.00599	0.00299	0.00748
23	0.06753	0.01884	0.14048	0.17903	0.22053	0.05496	0.05022	0.02163	0.01501	0.09278	0.01349	0.01675	0.01025	0.00705	0.00776	0.00219	0.06247	0.00584	0.00379	0.00941
24	0.01731	0.01589	0.02186	0.30399	0.24785	0.09382	0.01742	0.05247	0.01613	0.06878	0.01543	0.01908	0.03637	0.00740	0.00740	0.00215	0.03746	0.00627	0.00388	0.00905
25	0.02211	0.00977	0.01314	0.01094	0.01472	0.00877	0.00875	0.02464	0.01775	0.44249	0.11441	0.07145	0.09233	0.01601	0.09684	0.00327	0.00672	0.00903	0.00744	0.00942
26	0.00839	0.00600	0.00799	0.00949	0.00994	0.00559	0.00636	0.00967	0.01336	0.01788	0.06571	0.72592	0.04605	0.02112	0.00870	0.00275	0.00394	0.01916	0.00640	0.00559
27	0.01394	0.01218	0.03467	0.01358	0.04209	0.03702	0.06552	0.08281	0.08845	0.02061	0.02318	0.10776	0.05608	0.24569	0.01756	0.03765	0.04739	0.00940	0.03739	0.00704
28	0.08195	0.38872	0.23555	0.01442	0.02126	0.05570	0.01556	0.07882	0.01570	0.02127	0.01097	0.01255	0.00888	0.00634	0.00530	0.00179	0.00824	0.00433	0.00339	0.00927
29	0.01618	0.16832	0.17199	0.01608	0.02176	0.11182	0.11593	0.04997	0.01697	0.02184	0.14057	0.02290	0.04850	0.00815	0.00658	0.00195	0.00823	0.00686	0.00427	0.04115
30	0.10554	0.12498	0.16582	0.01638	0.02221	0.10380	0.09788	0.09417	0.08879	0.05141	0.01561	0.05621	0.01269	0.00774	0.00633	0.00207	0.00837	0.00626	0.00444	0.00930

[dist]
# distance from previous block
# <min> <max>
3	13

[block]
# block no. 1 follows, 31 sequences, length 26
# corresponding to MSA columns:
# 51-76
name=unknown_B
#
# <colnr> <probs for GDERKNQSTAVLIFYWHMCP>
#	G	D	E	R	K	N	Q	S	T	A	V	L	I	F	Y	W	H	M	C	P
0	0.01953	0.08283	0.04926	0.06569	0.02660	0.12181	0.21888	0.17700	0.06982	0.02547	0.01493	0.01846	0.01175	0.00752	0.00764	0.00215	0.04054	0.02622	0.00448	0.00944
1	0.00846	0.00613	0.00800	0.00925	0.00991	0.00567	0.00628	0.00991	0.01394	0.01861	0.11270	0.63205	0.09309	0.02035	0.00862	0.00268	0.00385	0.01834	0.00648	0.00567
2	0.01838	0.31059	0.10983	0.01523	0.02061	0.16287	0.05340	0.02383	0.11278	0.01922	0.01326	0.01488	0.01090	0.00823	0.02912	0.00211	0.02962	0.00501	0.00371	0.03643
3	0.06819	0.01997	0.05574	0.06651	0.20925	0.16314	0.11889	0.10364	0.01799	0.03983	0.01465	0.06391	0.01242	0.00763	0.00682	0.00210	0.00909	0.00675	0.00417	0.00933
4	0.00915	0.00713	0.00806	0.00835	0.01007	0.00656	0.00605	0.01213	0.06011	0.02034	0.14187	0.26146	0.35652	0.01716	0.00806	0.00240	0.00370	0.01485	0.03986	0.00616
5	0.01292	0.01216	0.02052	0.74312	0.04712	0.01520	0.01900	0.01748	0.01368	0.01748	0.01216	0.01824	0.00912	0.00684	0.00684	0.00228	0.00912	0.00608	0.00304	0.00760
6	0.04301	0.01668	0.02344	0.19252	0.38383	0.09675	0.01815	0.02168	0.01558	0.07529	0.01330	0.01694	0.01052	0.00679	0.00725	0.00210	0.03694	0.00588	0.00373	0.00961
7	0.01874	0.56845	0.08708	0.01501	0.06441	0.11203	0.01356	0.02145	0.01473	0.01702	0.01008	0.01180	0.00891	0.00607	0.00493	0.00159	0.00820	0.00402	0.00303	0.00891
8	0.00820	0.00689	0.00712	0.00716	0.00934	0.00581	0.00533	0.01000	0.01572	0.01901	0.10944	0.09630	0.64169	0.01730	0.00811	0.00232	0.00347	0.01453	0.00643	0.00581
9	0.01654	0.01334	0.04067	0.06097	0.04392	0.01401	0.03078	0.15880	0.10427	0.07761	0.02273	0.20093	0.02137	0.01543	0.07171	0.00316	0.07962	0.00978	0.00561	0.00875
10	0.01070	0.05651	0.00977	0.00785	0.01054	0.00758	0.00615	0.01272	0.01624	0.07432	0.13835	0.05720	0.53689	0.01549	0.00775	0.00222	0.00387	0.01290	0.00643	0.00651
11	0.01388	0.00779	0.00793	0.00753	0.00953	0.00809	0.00575	0.05804	0.06933	0.02680	0.02240	0.02497	0.01744	0.00809	0.00508	0.00168	0.00362	0.00647	0.68855	0.00704
12	0.00891	0.00626	0.00770	0.00862	0.00899	0.00596	0.00548	0.00970	0.01210	0.01600	0.03372	0.45554	0.07779	0.28970	0.01818	0.00415	0.00491	0.01569	0.00555	0.00506
13	0.02452	0.03030	0.01963	0.01876	0.06179	0.63968	0.01351	0.05035	0.01933	0.01799	0.01119	0.01325	0.00932	0.00855	0.03111	0.00211	0.01212	0.00467	0.00364	0.00817
14	0.01889	0.70551	0.03465	0.01202	0.01784	0.02661	0.01181	0.07311	0.01533	0.01821	0.01005	0.01140	0.00900	0.00604	0.00458	0.00151	0.00733	0.00385	0.00323	0.00900
15	0.00872	0.00654	0.00892	0.00976	0.01054	0.00607	0.02963	0.01002	0.01318	0.01736	0.03862	0.60262	0.10783	0.08249	0.01084	0.00304	0.00440	0.01777	0.00607	0.00559
16	0.01444	0.00956	0.01031	0.03154	0.05371	0.03682	0.00749	0.07010	0.04638	0.02514	0.02061	0.02487	0.01671	0.05820	0.03179	0.00236	0.00518	0.00658	0.52101	0.00719
17	0.01552	0.01528	0.01826	0.16444	0.18772	0.11632	0.01411	0.02187	0.15036	0.02149	0.07219	0.08938	0.06491	0.00967	0.00709	0.00219	0.00737	0.00836	0.00479	0.00866
18	0.00917	0.00631	0.00821	0.00932	0.01014	0.00580	0.00638	0.01061	0.01401	0.04201	0.09146	0.61697	0.10396	0.02007	0.00856	0.00267	0.00393	0.01805	0.00651	0.00585
19	0.02556	0.03261	0.01939	0.01763	0.02115	0.73210	0.01322	0.02732	0.01939	0.01674	0.01058	0.01234	0.00881	0.00705	0.00617	0.00176	0.01234	0.00441	0.00353	0.00793
20	0.07756	0.28031	0.07006	0.01353	0.01858	0.07681	0.02698	0.10235	0.09167	0.07993	0.01682	0.06364	0.01440	0.00833	0.00597	0.00196	0.00730	0.02984	0.00477	0.00921
21	0.01023	0.00726	0.01004	0.05430	0.01373	0.00723	0.00891	0.01197	0.01392	0.01806	0.03491	0.24445	0.09881	0.03893	0.01177	0.10094	0.00555	0.29768	0.00566	0.00567
22	0.00850	0.00625	0.00786	0.00906	0.00983	0.00576	0.00620	0.00980	0.01348	0.01753	0.04246	0.55806	0.16613	0.06466	0.01020	0.00294	0.00413	0.04539	0.00622	0.00554
23	0.01056	0.00885	0.00941	0.00894	0.01151	0.00865	0.00680	0.01687	0.18544	0.02252	0.17047	0.05339	0.43156	0.01477	0.00781	0.00229	0.00390	0.01244	0.00671	0.00713
24	0.02420	0.11314	0.08265	0.01513	0.02084	0.06604	0.01344	0.39212	0.05414	0.12640	0.01672	0.01661	0.01194	0.00777	0.00647	0.00199	0.00772	0.00580	0.00602	0.01087
25	0.01571	0.01377	0.01789	0.01501	0.01696	0.04045	0.05152	0.10216	0.01470	0.02172	0.01387	0.01906	0.01214	0.03924	0.08921	0.00341	0.32740	0.00629	0.12419	0.05531

[dist]
# distance from previous block
# <min> <max>
0	2

[block]
# block no. 2 follows, 31 sequences, length 41
# corresponding to MSA columns:
# 79-119
name=unknown_C
#
# <colnr> <probs for GDERKNQSTAVLIFYWHMCP>
#	G	D	E	R	K	N	Q	S	T	A	V	L	I	F	Y	W	H	M	C	P
0	0.04460	0.56255	0.08021	0.01319	0.01869	0.10611	0.01287	0.02111	0.01430	0.01706	0.00980	0.01160	0.00874	0.00640	0.00575	0.00165	0.04970	0.00397	0.00304	0.00866
1	0.80789	0.01323	0.01006	0.00900	0.01323	0.01535	0.00741	0.02011	0.01164	0.03070	0.00953	0.01111	0.00741	0.00635	0.00423	0.00212	0.00529	0.00370	0.00423	0.00741
2	0.12010	0.06195	0.22875	0.01595	0.05030	0.01492	0.04868	0.12703	0.01675	0.02523	0.01769	0.16477	0.01667	0.00962	0.00660	0.00216	0.00736	0.00804	0.00452	0.05292
3	0.00903	0.00715	0.00787	0.00797	0.00981	0.00639	0.00578	0.03396	0.01580	0.01984	0.12815	0.19972	0.45132	0.05426	0.00950	0.00259	0.00384	0.01471	0.00639	0.00593
4	0.01554	0.01484	0.02526	0.28507	0.48468	0.01589	0.02030	0.01978	0.01492	0.02066	0.01262	0.01739	0.01024	0.00635	0.00680	0.00212	0.00847	0.00609	0.00327	0.00971
5	0.08443	0.03956	0.21925	0.10147	0.19015	0.01583	0.10772	0.02138	0.06777	0.02236	0.01493	0.05818	0.01235	0.00737	0.00672	0.00219	0.00852	0.00667	0.00373	0.00942
6	0.01711	0.05933	0.40286	0.01759	0.02504	0.09268	0.04952	0.04908	0.05873	0.08037	0.04319	0.01964	0.01373	0.00768	0.00670	0.00214	0.00913	0.03160	0.00417	0.00972
7	0.00821	0.00669	0.00727	0.00765	0.00945	0.00575	0.00554	0.00986	0.01511	0.01857	0.08585	0.23947	0.52033	0.01824	0.00825	0.00242	0.00358	0.01563	0.00640	0.00575
8	0.17538	0.23110	0.08721	0.04479	0.11626	0.01947	0.03123	0.08199	0.01558	0.07026	0.01220	0.01419	0.00965	0.00688	0.00666	0.00199	0.05701	0.00493	0.00399	0.00924
9	0.01783	0.01456	0.01826	0.13421	0.09415	0.05499	0.03970	0.20280	0.06128	0.05594	0.05613	0.08578	0.01944	0.08500	0.00996	0.00266	0.00743	0.02569	0.00534	0.00887
10	0.00845	0.00604	0.00807	0.00966	0.01011	0.00566	0.00655	0.00973	0.01321	0.01759	0.03764	0.72607	0.04500	0.02133	0.00876	0.00279	0.00407	0.04734	0.00635	0.00559
11	0.01611	0.07633	0.18524	0.08225	0.12844	0.01500	0.09018	0.02205	0.07908	0.09002	0.01839	0.06434	0.01567	0.04057	0.00816	0.00241	0.00810	0.04395	0.00441	0.00930
12	0.05065	0.01768	0.12123	0.17367	0.33020	0.01571	0.01876	0.08138	0.01659	0.06220	0.01549	0.01854	0.03390	0.00701	0.00670	0.00212	0.00815	0.00617	0.00398	0.00988
13	0.01705	0.08720	0.01732	0.01279	0.01626	0.03834	0.05890	0.15234	0.01778	0.09097	0.02184	0.06875	0.05545	0.02038	0.19670	0.00436	0.00967	0.00768	0.09796	0.00828
14	0.06489	0.02037	0.21707	0.12308	0.28356	0.01553	0.01931	0.06726	0.01604	0.04406	0.01625	0.01897	0.04966	0.00717	0.00663	0.00213	0.00826	0.00615	0.00381	0.00978
15	0.01736	0.09250	0.12281	0.11396	0.05524	0.07539	0.11302	0.11043	0.01786	0.05942	0.05056	0.02260	0.08229	0.00829	0.00728	0.00211	0.02845	0.00701	0.00444	0.00899
16	0.01633	0.04878	0.08384	0.13183	0.41673	0.01622	0.01886	0.07721	0.01655	0.02309	0.04464	0.01853	0.01306	0.00852	0.03494	0.00241	0.00852	0.00624	0.00377	0.00992
17	0.00886	0.00640	0.00783	0.00867	0.00938	0.00599	0.00580	0.01001	0.01311	0.01715	0.06923	0.41040	0.14956	0.20271	0.01507	0.00364	0.00460	0.04045	0.00586	0.00531
18	0.05720	0.04880	0.11111	0.05753	0.11150	0.05465	0.01389	0.11239	0.05829	0.10879	0.02251	0.10961	0.05656	0.01000	0.00693	0.00221	0.00715	0.03635	0.00527	0.00924
19	0.01797	0.06481	0.04984	0.07390	0.44616	0.04464	0.01799	0.06574	0.01682	0.06658	0.03202	0.04531	0.01351	0.00724	0.00671	0.00204	0.00791	0.00655	0.00409	0.01017
20	0.00942	0.00670	0.00851	0.00966	0.01049	0.00641	0.00672	0.04085	0.01426	0.01915	0.03778	0.62357	0.07944	0.01993	0.00847	0.00269	0.00417	0.04580	0.04007	0.00591
21	0.03979	0.09864	0.11571	0.01623	0.04902	0.23216	0.03910	0.03874	0.01637	0.03813	0.04250	0.11039	0.06758	0.00989	0.00768	0.00210	0.05589	0.00769	0.00427	0.00814
22	0.01791	0.07362	0.14407	0.10022	0.11613	0.04066	0.14780	0.06555	0.01681	0.11325	0.01691	0.04985	0.01377	0.00796	0.00704	0.00219	0.00871	0.04361	0.00442	0.00949
23	0.01576	0.01796	0.12091	0.15738	0.35375	0.01582	0.09006	0.05961	0.01599	0.02231	0.01437	0.05855	0.01218	0.00724	0.00700	0.00217	0.00866	0.00691	0.00364	0.00975
24	0.01538	0.02754	0.45624	0.12687	0.05822	0.01624	0.05073	0.06806	0.01570	0.04865	0.01304	0.01577	0.00942	0.00694	0.00738	0.00221	0.04280	0.00556	0.00345	0.00978
25	0.04600	0.04432	0.02100	0.13653	0.09789	0.04555	0.10339	0.07561	0.12474	0.09519	0.02143	0.06324	0.05443	0.03103	0.00781	0.00233	0.00754	0.00777	0.00507	0.00913
26	0.01446	0.01482	0.10302	0.01847	0.11749	0.01244	0.09836	0.08571	0.05551	0.04318	0.13341	0.12615	0.05325	0.05327	0.00914	0.00254	0.00685	0.03810	0.00535	0.00849
27	0.00993	0.00658	0.00851	0.00939	0.01047	0.00607	0.00655	0.01138	0.01382	0.06657	0.04083	0.55493	0.14666	0.02157	0.04928	0.00312	0.00483	0.01710	0.00635	0.00605
28	0.05204	0.01313	0.10337	0.06323	0.04533	0.01070	0.09646	0.03988	0.01513	0.04097	0.11048	0.23167	0.04346	0.01332	0.00903	0.06406	0.00645	0.01088	0.02307	0.00733
29	0.01922	0.11937	0.20775	0.08030	0.11312	0.09781	0.06583	0.11536	0.01799	0.07993	0.01367	0.01566	0.01021	0.00680	0.00644	0.00201	0.00907	0.00553	0.00408	0.00985
30	0.01688	0.05107	0.36382	0.02411	0.20230	0.06586	0.03704	0.04221	0.01592	0.06841	0.01427	0.04219	0.01123	0.00711	0.00663	0.00210	0.00912	0.00597	0.00369	0.01006
31	0.01240	0.01160	0.02023	0.23478	0.14493	0.01213	0.12354	0.01584	0.01428	0.01906	0.02331	0.26620	0.04911	0.01183	0.00771	0.00241	0.00740	0.01120	0.00440	0.00766
32	0.04098	0.07802	0.09518	0.08139	0.18588	0.16168	0.15744	0.04890	0.01679	0.05119	0.01289	0.01582	0.01003	0.00649	0.00666	0.00203	0.00969	0.00585	0.00370	0.00941
33	0.01793	0.04273	0.11810	0.04486	0.10235	0.01662	0.13121	0.17355	0.05687	0.06040	0.01721	0.07555	0.01453	0.04052	0.00923	0.00243	0.05400	0.00755	0.00478	0.00961
34	0.01169	0.00594	0.00886	0.00895	0.00897	0.00592	0.00596	0.00895	0.00915	0.01219	0.01332	0.06157	0.01374	0.02364	0.02574	0.75664	0.00583	0.00669	0.00316	0.00311
35	0.01962	0.05261	0.12298	0.02118	0.15000	0.09853	0.01616	0.15118	0.09162	0.06147	0.01474	0.01663	0.01144	0.00810	0.00923	0.00220	0.13197	0.00586	0.00455	0.00995
36	0.01712	0.04188	0.13320	0.06182	0.01972	0.05733	0.01248	0.08948	0.08184	0.12693	0.04580	0.05285	0.13498	0.03409	0.03872	0.00265	0.00735	0.00816	0.00548	0.02811
37	0.07764	0.12527	0.22319	0.07451	0.02269	0.06061	0.01518	0.05976	0.09326	0.03999	0.03559	0.07896	0.01508	0.00833	0.00629	0.00206	0.00770	0.00658	0.00434	0.04297
38	0.06809	0.04514	0.08522	0.08891	0.12863	0.01453	0.08326	0.06714	0.09790	0.02412	0.07524	0.05866	0.06668	0.00920	0.00697	0.00218	0.00711	0.03092	0.00480	0.03531
39	0.03301	0.10470	0.21877	0.04292	0.02253	0.05496	0.06537	0.06817	0.04579	0.03870	0.05736	0.02135	0.07072	0.00780	0.00639	0.00192	0.00776	0.00637	0.00430	0.12110
40	0.01696	0.10676	0.04196	0.01522	0.08063	0.03399	0.03387	0.07631	0.07739	0.09897	0.11679	0.05994	0.06958	0.00974	0.00722	0.00202	0.02755	0.02543	0.00550	0.09416

[dist]
# distance from previous block
# <min> <max>
0	18

[block]
# block no. 3 follows, 31 sequences, length 34
# corresponding to MSA columns:
# 138-171
name=unknown_D
#
# <colnr> <probs for GDERKNQSTAVLIFYWHMCP>
#	G	D	E	R	K	N	Q	S	T	A	V	L	I	F	Y	W	H	M	C	P
0	0.10749	0.12635	0.18435	0.01580	0.06800	0.03728	0.04282	0.02110	0.06448	0.06822	0.09004	0.02475	0.06564	0.00962	0.02331	0.00230	0.00744	0.02758	0.00462	0.00882
1	0.04680	0.11230	0.06394	0.05121	0.05241	0.08694	0.03437	0.10717	0.10072	0.04549	0.03768	0.02627	0.09825	0.04370	0.00787	0.00225	0.00723	0.02789	0.00496	0.04256
2	0.01848	0.17372	0.06779	0.01694	0.06908	0.05346	0.08256	0.15422	0.07164	0.04620	0.04012	0.01822	0.01358	0.01081	0.04253	0.07367	0.00828	0.00603	0.00454	0.02813
3	0.09036	0.07139	0.12172	0.01918	0.12046	0.04841	0.04194	0.21094	0.10556	0.05077	0.01546	0.01653	0.01161	0.00721	0.00635	0.00202	0.00772	0.00574	0.00496	0.04165
4	0.16866	0.04677	0.05218	0.03702	0.03672	0.08945	0.03845	0.13515	0.08681	0.02721	0.06884	0.05120	0.01643	0.00810	0.00617	0.00197	0.00693	0.00639	0.00499	0.11057
5	0.07226	0.09984	0.08374	0.01413	0.01862	0.11945	0.06024	0.06820	0.06983	0.09104	0.14367	0.02553	0.06611	0.00915	0.00710	0.00207	0.02770	0.00733	0.00529	0.00870
6	0.01926	0.01549	0.01761	0.03294	0.07930	0.05755	0.02885	0.21338	0.15997	0.07670	0.07113	0.02556	0.08466	0.00910	0.00690	0.00204	0.00656	0.00750	0.00606	0.07942
7	0.00877	0.00678	0.00750	0.00760	0.00907	0.00612	0.00529	0.01021	0.01423	0.01795	0.11779	0.12447	0.39715	0.19674	0.03726	0.00365	0.00472	0.01341	0.00586	0.00544
8	0.04972	0.01706	0.06887	0.04387	0.06883	0.05635	0.01283	0.11531	0.33338	0.06270	0.04340	0.04195	0.01801	0.00872	0.00677	0.00218	0.00665	0.00714	0.00595	0.03033
9	0.00866	0.00674	0.00761	0.00778	0.00935	0.00597	0.00553	0.01039	0.01525	0.01947	0.18566	0.18120	0.38847	0.10349	0.01130	0.00286	0.00387	0.01439	0.00633	0.00568
10	0.01913	0.11386	0.04412	0.04525	0.10420	0.08267	0.03820	0.15801	0.10517	0.05382	0.07759	0.01983	0.01654	0.00817	0.00763	0.00205	0.05821	0.00641	0.00502	0.03411
11	0.14611	0.01468	0.01579	0.04064	0.01841	0.01611	0.01069	0.25906	0.17141	0.12751	0.04548	0.02046	0.01597	0.00833	0.00637	0.00211	0.00610	0.00646	0.05819	0.01010
12	0.11448	0.02022	0.01869	0.08608	0.04845	0.20643	0.01318	0.22171	0.06729	0.02728	0.01404	0.03159	0.01123	0.00821	0.00794	0.00213	0.08136	0.00578	0.00478	0.00915
13	0.01130	0.00957	0.01392	0.01304	0.01390	0.01219	0.01043	0.01346	0.01084	0.01605	0.01558	0.02338	0.01472	0.03977	0.52408	0.00865	0.23219	0.00694	0.00347	0.00651
14	0.01423	0.01406	0.02538	0.51142	0.04215	0.01618	0.18273	0.04080	0.01474	0.01936	0.01256	0.01808	0.00950	0.00686	0.00786	0.00231	0.04382	0.00656	0.00327	0.00812
15	0.04161	0.01594	0.07825	0.09358	0.04861	0.01552	0.05114	0.14459	0.10272	0.05845	0.01663	0.04287	0.01336	0.01146	0.06255	0.00280	0.08247	0.00657	0.00482	0.10607
16	0.01447	0.01061	0.04098	0.01247	0.04346	0.01006	0.00932	0.06820	0.01507	0.11489	0.04768	0.19262	0.06336	0.12844	0.11082	0.00416	0.05820	0.01048	0.00544	0.03927
17	0.00845	0.00604	0.00807	0.00966	0.01010	0.00566	0.00655	0.00972	0.01321	0.01759	0.03764	0.72621	0.04500	0.02133	0.00876	0.00279	0.00407	0.04721	0.00635	0.00559
18	0.02250	0.15112	0.07962	0.01876	0.06725	0.45542	0.04160	0.05152	0.01822	0.01865	0.01105	0.01299	0.00910	0.00674	0.00604	0.00180	0.01084	0.00466	0.00350	0.00863
19	0.01823	0.01551	0.02643	0.15300	0.15346	0.01593	0.22115	0.10370	0.06257	0.09844	0.01635	0.02009	0.01245	0.04172	0.00851	0.00240	0.00878	0.00707	0.00458	0.00964
20	0.00977	0.00733	0.01100	0.01100	0.01222	0.00855	0.00855	0.01222	0.01100	0.01588	0.01833	0.02688	0.01710	0.05131	0.73245	0.01100	0.01833	0.00733	0.00367	0.00611
21	0.00835	0.00660	0.00753	0.00803	0.00959	0.00577	0.00574	0.01006	0.01514	0.01913	0.13029	0.30568	0.40709	0.01839	0.00831	0.00246	0.00362	0.01596	0.00648	0.00577
22	0.04744	0.21667	0.33778	0.01887	0.09145	0.08898	0.01872	0.06710	0.01599	0.02162	0.01164	0.01360	0.00907	0.00646	0.00589	0.00193	0.00907	0.00476	0.00333	0.00963
23	0.01515	0.04372	0.03961	0.05922	0.05104	0.07978	0.05566	0.12802	0.04040	0.02307	0.04128	0.28844	0.02681	0.01341	0.00767	0.00240	0.00688	0.06409	0.00544	0.00792
24	0.01167	0.00751	0.00972	0.00909	0.01113	0.00684	0.00702	0.01469	0.01874	0.09362	0.53226	0.05180	0.12211	0.01415	0.00806	0.00224	0.00373	0.06131	0.00741	0.00688
25	0.64783	0.16535	0.01528	0.00955	0.01411	0.01772	0.00828	0.02019	0.01210	0.02774	0.00952	0.01109	0.00769	0.00625	0.00427	0.00198	0.00570	0.00370	0.00397	0.00769
26	0.09215	0.00902	0.01043	0.00903	0.01230	0.00812	0.00709	0.01771	0.01708	0.18907	0.22274	0.04309	0.25948	0.01246	0.00722	0.00212	0.00424	0.01037	0.00681	0.05947
27	0.10481	0.15645	0.24676	0.01601	0.02257	0.11018	0.03723	0.13175	0.06932	0.02503	0.01316	0.01448	0.01002	0.00690	0.00598	0.00198	0.00865	0.00505	0.00409	0.00958
28	0.02252	0.12171	0.06871	0.01933	0.08165	0.48688	0.03568	0.02571	0.04293	0.01806	0.01148	0.01337	0.00946	0.00682	0.00611	0.00181	0.01092	0.00474	0.00352	0.00858
29	0.01773	0.08792	0.01778	0.01383	0.01799	0.01827	0.01106	0.07776	0.59338	0.02835	0.02531	0.02351	0.01910	0.00888	0.00670	0.00222	0.00574	0.00724	0.00656	0.01068
30	0.04840	0.01600	0.01695	0.01397	0.01843	0.01783	0.01123	0.35614	0.27489	0.03519	0.06049	0.02416	0.05681	0.00935	0.00693	0.00217	0.00622	0.00744	0.00680	0.01059
31	0.00943	0.07983	0.01077	0.00965	0.01069	0.00773	0.00688	0.01090	0.01375	0.01825	0.09711	0.61788	0.04347	0.01923	0.00825	0.00259	0.00423	0.01726	0.00613	0.00595
32	0.09542	0.01631	0.01649	0.01334	0.01779	0.09913	0.01073	0.27260	0.02298	0.22351	0.08721	0.02102	0.01767	0.00927	0.00758	0.03903	0.00692	0.00654	0.00656	0.00990
33	0.09616	0.19768	0.06364	0.01682	0.06766	0.21070	0.06291	0.05877	0.04405	0.02104	0.01432	0.01647	0.03636	0.02189	0.02070	0.00212	0.00893	0.00534	0.00385	0.03060

[dist]
# distance from previous block
# <min> <max>
0	45

[block]
# block no. 4 follows, 31 sequences, length 83
# corresponding to MSA columns:
# 217-299
name=unknown_E
#
# <colnr> <probs for GDERKNQSTAVLIFYWHMCP>
#	G	D	E	R	K	N	Q	S	T	A	V	L	I	F	Y	W	H	M	C	P
0	0.04847	0.20079	0.07907	0.01495	0.02058	0.05186	0.03874	0.27876	0.12549	0.02963	0.01542	0.01596	0.01174	0.00736	0.00611	0.00193	0.00757	0.00555	0.00515	0.03488
1	0.05428	0.07349	0.02017	0.25365	0.14012	0.01468	0.01438	0.04583	0.04087	0.08529	0.01515	0.04920	0.01229	0.00723	0.00629	0.00194	0.00720	0.00614	0.00425	0.14755
2	0.01682	0.12746	0.20616	0.05430	0.12884	0.05361	0.05423	0.04833	0.06996	0.05065	0.03777	0.01824	0.01302	0.03291	0.00847	0.00225	0.05759	0.00600	0.00396	0.00943
3	0.01669	0.07289	0.07754	0.10229	0.13550	0.01730	0.28059	0.09416	0.03975	0.02345	0.01459	0.04227	0.01174	0.00688	0.00712	0.00214	0.00925	0.00707	0.00393	0.03488
4	0.01256	0.00866	0.01059	0.01062	0.01259	0.00867	0.00798	0.04047	0.12064	0.08091	0.08748	0.33257	0.11245	0.01807	0.03975	0.00292	0.00520	0.07397	0.00661	0.00727
5	0.01075	0.00860	0.04083	0.01144	0.04516	0.00739	0.00816	0.01301	0.04066	0.05103	0.03698	0.41273	0.13836	0.04785	0.01051	0.05345	0.00484	0.04604	0.00588	0.00635
6	0.03939	0.12209	0.07193	0.18257	0.14269	0.05065	0.10295	0.08021	0.01637	0.05082	0.01404	0.04028	0.01144	0.00881	0.03502	0.00242	0.00904	0.00630	0.00388	0.00909
7	0.02394	0.02376	0.02039	0.04397	0.02221	0.32470	0.04277	0.24318	0.06620	0.05997	0.01447	0.01565	0.01097	0.00784	0.00748	0.00202	0.05035	0.00561	0.00501	0.00951
8	0.01091	0.00770	0.01054	0.00998	0.01198	0.00718	0.03675	0.01336	0.01592	0.07178	0.23260	0.18235	0.20558	0.02044	0.10119	0.00349	0.00604	0.03928	0.00637	0.00657
9	0.06379	0.01719	0.05211	0.08358	0.19565	0.03892	0.12046	0.14398	0.04473	0.11319	0.01547	0.01764	0.01148	0.00724	0.00759	0.00217	0.04360	0.00634	0.00477	0.01009
10	0.00987	0.00774	0.01025	0.03898	0.05839	0.00759	0.00799	0.01282	0.05884	0.01946	0.09762	0.42508	0.13324	0.04658	0.00931	0.00272	0.00457	0.03646	0.00609	0.00640
11	0.00834	0.00595	0.00794	0.00953	0.00992	0.00556	0.00635	0.00953	0.01310	0.01746	0.03771	0.75510	0.04525	0.02143	0.00873	0.00278	0.00397	0.01945	0.00635	0.00556
12	0.01667	0.05533	0.12078	0.18675	0.09713	0.06877	0.16729	0.07433	0.04846	0.02184	0.01320	0.01683	0.01020	0.00707	0.00810	0.00221	0.06602	0.00623	0.00365	0.00915
13	0.01690	0.01537	0.09378	0.01684	0.10161	0.03711	0.03074	0.16176	0.04082	0.09170	0.02689	0.23771	0.07477	0.01229	0.00746	0.00231	0.00657	0.01067	0.00577	0.00893
14	0.04769	0.01218	0.01381	0.01121	0.01522	0.01244	0.00907	0.21468	0.04850	0.24599	0.02190	0.02178	0.01549	0.00819	0.00609	0.00193	0.00539	0.00644	0.27229	0.00971
15	0.01620	0.01791	0.05178	0.07742	0.07471	0.08619	0.25989	0.04331	0.01502	0.02007	0.01347	0.04924	0.01166	0.01043	0.04565	0.00282	0.18495	0.00723	0.00355	0.00848
16	0.01804	0.11373	0.22628	0.04590	0.13925	0.05099	0.01711	0.09469	0.06921	0.08422	0.01653	0.06509	0.01344	0.00794	0.00653	0.00208	0.00810	0.00649	0.00446	0.00992
17	0.04568	0.04661	0.10400	0.01926	0.02501	0.09681	0.23906	0.09672	0.09234	0.08332	0.04666	0.01939	0.01425	0.00731	0.00697	0.00212	0.00892	0.00681	0.02923	0.00953
18	0.01634	0.01212	0.01188	0.01060	0.01343	0.11851	0.00814	0.03787	0.01878	0.16036	0.29770	0.07091	0.17065	0.01264	0.00754	0.00214	0.00533	0.01059	0.00680	0.00768
19	0.01816	0.06822	0.07907	0.03688	0.09804	0.09060	0.22594	0.11946	0.04148	0.04554	0.01682	0.09694	0.01453	0.00828	0.00717	0.00216	0.00904	0.00784	0.00445	0.00935
20	0.05118	0.01590	0.02378	0.13152	0.09798	0.05000	0.17728	0.15341	0.01887	0.07272	0.04220	0.04943	0.04464	0.00831	0.00765	0.00221	0.03137	0.00756	0.00480	0.00920
21	0.01578	0.15181	0.51638	0.01765	0.02637	0.01827	0.02132	0.08688	0.04298	0.02310	0.01283	0.01450	0.00945	0.00667	0.00621	0.00205	0.00922	0.00504	0.00344	0.01007
22	0.00824	0.00693	0.00717	0.00726	0.00946	0.00586	0.00547	0.01005	0.01563	0.01880	0.08826	0.09151	0.64612	0.01742	0.00815	0.00235	0.00357	0.03556	0.00639	0.00581
23	0.01891	0.06836	0.04887	0.04625	0.24360	0.06304	0.08515	0.10720	0.05520	0.08304	0.01835	0.02106	0.04985	0.00790	0.00750	0.00212	0.03887	0.02025	0.00461	0.00988
24	0.01713	0.01811	0.06178	0.06142	0.16730	0.01675	0.44711	0.04756	0.01663	0.05603	0.01424	0.01815	0.01071	0.00613	0.00760	0.00223	0.01028	0.00735	0.00377	0.00971
25	0.01104	0.00667	0.00893	0.00980	0.01083	0.00613	0.00679	0.01248	0.01411	0.10136	0.06279	0.64086	0.04264	0.01961	0.00849	0.00268	0.00416	0.01768	0.00665	0.00631
26	0.01508	0.06390	0.46757	0.07355	0.09739	0.01678	0.04754	0.05364	0.05919	0.02262	0.01344	0.01575	0.00990	0.00668	0.00656	0.00214	0.00934	0.00550	0.00342	0.01002
27	0.06392	0.01785	0.08652	0.01518	0.02031	0.03137	0.06238	0.30011	0.12136	0.07669	0.06306	0.02279	0.04376	0.03414	0.00784	0.00229	0.00718	0.00713	0.00605	0.01008
28	0.00842	0.00606	0.00798	0.00937	0.00992	0.00563	0.00631	0.00976	0.01361	0.01817	0.08421	0.68227	0.07139	0.02078	0.00866	0.00272	0.00390	0.01879	0.00643	0.00563
29	0.00861	0.00623	0.00818	0.00956	0.01025	0.00581	0.00667	0.01009	0.01378	0.01825	0.07135	0.61843	0.09139	0.02059	0.00872	0.00275	0.00409	0.07317	0.00640	0.00568
30	0.02136	0.01711	0.02096	0.10685	0.16446	0.10717	0.03574	0.15809	0.04277	0.15152	0.01709	0.04851	0.01328	0.00827	0.00786	0.00216	0.05500	0.00670	0.00520	0.00991
31	0.02035	0.13612	0.13185	0.01705	0.02270	0.18317	0.08442	0.12607	0.14322	0.04656	0.01553	0.01643	0.01181	0.00727	0.00641	0.00199	0.00898	0.00571	0.00460	0.00972
32	0.00942	0.00658	0.00819	0.00863	0.00903	0.00665	0.00555	0.01023	0.01118	0.01504	0.02697	0.23635	0.05176	0.40942	0.14905	0.00620	0.00785	0.01223	0.00474	0.00493
33	0.01595	0.01738	0.09732	0.13131	0.39149	0.01644	0.04509	0.04407	0.03802	0.02192	0.01385	0.01915	0.01157	0.00740	0.00832	0.00223	0.07522	0.02985	0.00360	0.00981
34	0.01651	0.01583	0.02701	0.11497	0.64717	0.01615	0.02079	0.02063	0.01538	0.02184	0.01279	0.01707	0.01066	0.00617	0.00678	0.00206	0.00823	0.00609	0.00335	0.01050
35	0.01829	0.76368	0.03585	0.01171	0.01756	0.02707	0.01171	0.02049	0.01390	0.01610	0.00951	0.01097	0.00878	0.00585	0.00439	0.00146	0.00732	0.00366	0.00293	0.00878
36	0.01766	0.09227	0.05256	0.09776	0.05380	0.13075	0.32069	0.02189	0.01598	0.05312	0.01425	0.04211	0.01156	0.00851	0.03462	0.00246	0.01056	0.00699	0.00370	0.00876
37	0.02354	0.04055	0.04542	0.01991	0.13049	0.09625	0.06092	0.19311	0.08655	0.20581	0.01847	0.01858	0.01315	0.00762	0.00678	0.00206	0.00788	0.00631	0.00587	0.01072
38	0.00980	0.00664	0.00758	0.00760	0.00781	0.00655	0.00443	0.01013	0.01092	0.01458	0.07117	0.07431	0.05249	0.65317	0.03102	0.00602	0.00618	0.01065	0.00454	0.00442
39	0.00835	0.00686	0.00727	0.00732	0.00934	0.00587	0.00539	0.01015	0.01565	0.01925	0.13826	0.11272	0.56964	0.04225	0.00903	0.00247	0.00358	0.01441	0.00641	0.00578
40	0.01630	0.05168	0.32664	0.05450	0.14273	0.06558	0.08548	0.06140	0.06590	0.02280	0.01436	0.01786	0.01116	0.00705	0.00675	0.00214	0.00933	0.02478	0.00370	0.00987
41	0.01724	0.14304	0.12126	0.10432	0.21660	0.07040	0.09847	0.02136	0.01533	0.05842	0.01450	0.01740	0.03197	0.00691	0.00706	0.00204	0.03473	0.00596	0.00358	0.00940
42	0.01372	0.03539	0.72412	0.01950	0.02961	0.01589	0.02528	0.02167	0.01444	0.02167	0.01228	0.01444	0.00867	0.00650	0.00650	0.00217	0.01011	0.00506	0.00289	0.01011
43	0.00905	0.00685	0.00932	0.07181	0.01340	0.00681	0.00773	0.01078	0.01336	0.01755	0.03695	0.49421	0.11097	0.04648	0.05892	0.00341	0.00560	0.06520	0.00581	0.00580
44	0.01810	0.01632	0.02493	0.23022	0.24884	0.06258	0.11068	0.08189	0.04293	0.07502	0.01459	0.01796	0.01106	0.00681	0.00695	0.00214	0.00882	0.00638	0.00413	0.00965
45	0.01735	0.03489	0.01999	0.19729	0.12601	0.06300	0.04651	0.12903	0.06170	0.06806	0.02110	0.08009	0.06472	0.01033	0.02779	0.00244	0.00801	0.00787	0.00487	0.00898
46	0.01545	0.01644	0.02841	0.07579	0.11232	0.06697	0.33765	0.02073	0.06247	0.02091	0.01939	0.10648	0.04569	0.00873	0.00810	0.00231	0.03040	0.00895	0.00412	0.00869
47	0.01953	0.02125	0.10524	0.04833	0.05058	0.15038	0.15088	0.15327	0.08997	0.05464	0.03958	0.05358	0.01489	0.00811	0.00707	0.00214	0.00902	0.00711	0.00488	0.00954
48	0.15988	0.04322	0.06476	0.01342	0.01797	0.08622	0.01150	0.17114	0.03911	0.18001	0.04687	0.06797	0.01609	0.00897	0.00713	0.00214	0.04153	0.00675	0.00582	0.00948
49	0.01428	0.01686	0.11699	0.24012	0.20158	0.06738	0.01722	0.01818	0.01418	0.01887	0.01548	0.09203	0.01430	0.05185	0.04367	0.00289	0.03483	0.00742	0.00356	0.00831
50	0.00905	0.00718	0.00819	0.00815	0.01011	0.00645	0.00613	0.01189	0.04005	0.02176	0.27460	0.11144	0.40041	0.01633	0.00815	0.00233	0.00361	0.04125	0.00676	0.00617
51	0.01527	0.06930	0.05364	0.34679	0.16837	0.04336	0.16676	0.01986	0.01484	0.01941	0.01242	0.01716	0.00967	0.00639	0.00689	0.00216	0.00949	0.00625	0.00320	0.00876
52	0.09632	0.01577	0.01766	0.13271	0.07009	0.07170	0.01273	0.25206	0.04915	0.06681	0.01680	0.05393	0.01378	0.04604	0.05210	0.00288	0.00825	0.00676	0.00524	0.00922
53	0.01458	0.02374	0.31301	0.04428	0.13870	0.06452	0.08834	0.01997	0.01568	0.02178	0.11119	0.02223	0.04315	0.00808	0.00767	0.00217	0.04101	0.00692	0.00385	0.00913
54	0.04249	0.01419	0.09814	0.04214	0.13110	0.01221	0.04509	0.01987	0.14833	0.02294	0.09886	0.09651	0.14173	0.01148	0.00741	0.00231	0.00619	0.04520	0.00537	0.00844
55	0.09769	0.07801	0.01858	0.07494	0.02028	0.15708	0.04314	0.13014	0.04183	0.07119	0.06656	0.11104	0.01873	0.00962	0.00713	0.00213	0.03064	0.00766	0.00511	0.00851
56	0.02139	0.01464	0.02066	0.07998	0.04643	0.05121	0.12367	0.12548	0.04028	0.24096	0.02116	0.10537	0.01690	0.00934	0.00776	0.00224	0.03392	0.00819	0.02073	0.00969
57	0.00871	0.00661	0.00762	0.00811	0.00944	0.00593	0.00570	0.01003	0.01416	0.01788	0.08668	0.26188	0.35295	0.10769	0.01219	0.03151	0.00416	0.03724	0.00603	0.00547
58	0.01774	0.35348	0.06682	0.01568	0.04240	0.03987	0.08796	0.11820	0.04116	0.02188	0.01521	0.07023	0.01385	0.00968	0.03358	0.00225	0.00820	0.02868	0.00412	0.00901
59	0.03736	0.14878	0.14960	0.13197	0.07925	0.06995	0.01537	0.08300	0.01592	0.02117	0.03597	0.07593	0.01467	0.04750	0.00862	0.00233	0.04343	0.00674	0.00391	0.00854
60	0.04359	0.12944	0.36329	0.01991	0.10301	0.06364	0.01954	0.04105	0.01510	0.05385	0.01227	0.01452	0.00940	0.00704	0.00763	0.00210	0.07647	0.00510	0.00342	0.00965
61	0.00902	0.00849	0.05752	0.01099	0.03591	0.00670	0.00802	0.01092	0.01382	0.01843	0.06460	0.56723	0.12450	0.01909	0.00841	0.00263	0.00444	0.01711	0.00606	0.00611
62	0.04547	0.15671	0.18391	0.04146	0.07726	0.15365	0.01569	0.10505	0.03716	0.04126	0.01413	0.04945	0.01176	0.00884	0.02782	0.00224	0.00907	0.00576	0.00405	0.00926
63	0.04106	0.04834	0.02604	0.10427	0.37208	0.06208	0.07869	0.11434	0.01793	0.05027	0.01352	0.01667	0.01065	0.00658	0.00670	0.00205	0.00852	0.00604	0.00404	0.01013
64	0.01063	0.00966	0.00923	0.00906	0.01113	0.07648	0.00671	0.01351	0.04884	0.02097	0.22420	0.14416	0.35912	0.01563	0.00793	0.00228	0.00442	0.01327	0.00641	0.00637
65	0.01834	0.07923	0.15301	0.08438	0.04839	0.21830	0.06615	0.06438	0.04223	0.02026	0.01268	0.01576	0.01021	0.01037	0.05802	0.00270	0.07770	0.00553	0.00361	0.00874
66	0.01546	0.04376	0.13991	0.15796	0.08092	0.01568	0.08743	0.11454	0.07792	0.02433	0.06928	0.02439	0.08129	0.00862	0.00746	0.00220	0.02775	0.00743	0.00459	0.00908
67	0.02241	0.01964	0.08507	0.07358	0.09792	0.05229	0.08526	0.35053	0.02404	0.09770	0.01582	0.01710	0.01134	0.00745	0.00690	0.00210	0.00842	0.00623	0.00550	0.01069
68	0.01368	0.01347	0.02381	0.32411	0.19270	0.01431	0.14723	0.01790	0.01490	0.01962	0.02195	0.02573	0.12455	0.00817	0.00727	0.00223	0.00844	0.00783	0.00374	0.00836
69	0.01535	0.07386	0.28226	0.09124	0.12373	0.04963	0.01828	0.04682	0.01566	0.04290	0.05529	0.02143	0.04026	0.00990	0.03889	0.00253	0.03487	0.02408	0.00386	0.00914
70	0.01748	0.05360	0.09424	0.06471	0.34146	0.03981	0.09145	0.04225	0.01590	0.07367	0.01476	0.05137	0.01231	0.00744	0.00772	0.00215	0.04916	0.00672	0.00391	0.00989
71	0.00832	0.00645	0.00759	0.00834	0.00965	0.00571	0.00586	0.00988	0.01460	0.01858	0.09710	0.41003	0.33513	0.01916	0.00841	0.00253	0.00370	0.01681	0.00643	0.00571
72	0.00912	0.00651	0.00859	0.00995	0.01067	0.00622	0.00720	0.01068	0.01352	0.01781	0.03705	0.49783	0.06859	0.09208	0.01140	0.00322	0.00476	0.17305	0.00613	0.00561
73	0.01951	0.01753	0.04663	0.10709	0.12978	0.09936	0.04363	0.20607	0.04737	0.07192	0.04442	0.02301	0.06401	0.03963	0.00810	0.00229	0.00797	0.00706	0.00516	0.00948
74	0.01752	0.05099	0.02623	0.13813	0.50343	0.01721	0.01930	0.10223	0.01724	0.02388	0.01304	0.01678	0.01059	0.00645	0.00668	0.00204	0.00816	0.00599	0.00374	0.01037
75	0.01093	0.00698	0.00834	0.00837	0.01014	0.00629	0.00613	0.01310	0.01588	0.07774	0.19170	0.24597	0.23958	0.01582	0.00774	0.00230	0.00371	0.01373	0.10914	0.00641
76	0.72894	0.01519	0.01100	0.00987	0.01403	0.08768	0.00800	0.02084	0.01242	0.02929	0.00963	0.01124	0.00755	0.00642	0.00443	0.00208	0.00600	0.00378	0.00416	0.00746
77	0.00873	0.00634	0.00796	0.00889	0.00954	0.00605	0.00595	0.00987	0.01266	0.01666	0.03732	0.46117	0.13130	0.16667	0.07418	0.00415	0.00562	0.01590	0.00570	0.00536
78	0.01784	0.01470	0.07934	0.01397	0.04953	0.04064	0.01122	0.15138	0.04524	0.13427	0.07947	0.18514	0.04845	0.01139	0.00718	0.00215	0.00613	0.00968	0.00610	0.08617
79	0.08087	0.11883	0.01905	0.01884	0.19285	0.03965	0.01190	0.10259	0.01686	0.02335	0.05252	0.18732	0.08597	0.01121	0.00683	0.00215	0.00628	0.00955	0.00495	0.00842
80	0.04319	0.16348	0.06991	0.06970	0.04758	0.03930	0.01184	0.04239	0.01485	0.02117	0.03478	0.05590	0.01321	0.00718	0.00628	0.00163	0.03547	0.00554	0.00392	0.31267
81	0.05000	0.06810	0.06015	0.05289	0.11943	0.07366	0.06439	0.10231	0.03913	0.08925	0.01682	0.08476	0.01458	0.03261	0.00858	0.00226	0.05644	0.00714	0.00468	0.05282
82	0.02073	0.10339	0.17070	0.01543	0.02098	0.14261	0.01457	0.11725	0.08878	0.12767	0.01678	0.04289	0.01296	0.00808	0.00715	0.00204	0.04283	0.00601	0.00496	0.03420

[dist]
# distance from previous block
# <min> <max>
8	31

[block]
# block no. 5 follows, 31 sequences, length 62
# corresponding to MSA columns:
# 343-404
name=unknown_F
#
# <colnr> <probs for GDERKNQSTAVLIFYWHMCP>
#	G	D	E	R	K	N	Q	S	T	A	V	L	I	F	Y	W	H	M	C	P
0	0.01306	0.04662	0.07172	0.07839	0.01862	0.09411	0.06027	0.03161	0.01536	0.01946	0.10273	0.17319	0.08811	0.08949	0.03275	0.00301	0.00737	0.04224	0.00492	0.00696
1	0.04330	0.10947	0.21570	0.03653	0.13293	0.01612	0.03138	0.07833	0.07361	0.04663	0.01993	0.05450	0.05385	0.00882	0.00671	0.00216	0.00767	0.04846	0.00445	0.00946
2	0.01726	0.23458	0.11893	0.01790	0.11734	0.04968	0.04663	0.09372	0.01713	0.04981	0.04235	0.02293	0.11201	0.00840	0.00664	0.00196	0.02260	0.00669	0.00432	0.00913
3	0.01579	0.01523	0.08544	0.09773	0.02071	0.08675	0.05495	0.04898	0.04097	0.11452	0.03538	0.07067	0.24321	0.01158	0.00739	0.00224	0.00690	0.02799	0.00547	0.00809
4	0.01452	0.01249	0.04474	0.01348	0.05404	0.06953	0.03786	0.01860	0.09056	0.09896	0.03224	0.19148	0.14184	0.09392	0.05132	0.00327	0.00686	0.01108	0.00560	0.00760
5	0.02123	0.03779	0.09660	0.01640	0.05026	0.08569	0.04285	0.26845	0.05572	0.11276	0.09104	0.05339	0.01900	0.00893	0.00695	0.00210	0.00756	0.00729	0.00594	0.01005
6	0.01703	0.01600	0.02306	0.04503	0.05284	0.08528	0.14287	0.01982	0.01366	0.08362	0.01321	0.01786	0.01109	0.01452	0.10518	0.00361	0.31684	0.00649	0.00375	0.00823
7	0.02094	0.01018	0.01317	0.01142	0.01481	0.00949	0.00912	0.07809	0.01819	0.35066	0.06014	0.10844	0.05321	0.09081	0.01051	0.00283	0.00574	0.11613	0.00720	0.00894
8	0.04825	0.06240	0.06855	0.02229	0.24021	0.06007	0.05022	0.01853	0.01490	0.03611	0.03642	0.08968	0.05022	0.03721	0.04972	0.00272	0.00801	0.02554	0.00418	0.07477
9	0.01672	0.20171	0.35055	0.01839	0.05243	0.05904	0.06333	0.02277	0.05177	0.05079	0.01299	0.01487	0.00993	0.00678	0.00683	0.00202	0.04078	0.00519	0.00346	0.00964
10	0.00959	0.00663	0.00801	0.00826	0.00858	0.00669	0.00515	0.01019	0.01082	0.01450	0.02558	0.15593	0.05450	0.51453	0.12638	0.00645	0.00771	0.01127	0.00452	0.00471
11	0.00899	0.00730	0.00806	0.00825	0.01019	0.00663	0.00609	0.01202	0.06290	0.01997	0.12717	0.19935	0.44757	0.01728	0.00817	0.00241	0.00375	0.03122	0.00652	0.00616
12	0.01778	0.35526	0.13061	0.04888	0.13171	0.04911	0.01548	0.05058	0.01514	0.04264	0.01183	0.01469	0.01001	0.02966	0.00739	0.00199	0.04967	0.00492	0.00342	0.00923
13	0.01686	0.00910	0.01188	0.01101	0.01376	0.00854	0.00876	0.04606	0.03889	0.23461	0.17496	0.17267	0.06618	0.01439	0.00802	0.00246	0.00500	0.14144	0.00727	0.00814
14	0.01561	0.01520	0.02675	0.25871	0.44200	0.01603	0.08602	0.01999	0.01504	0.02079	0.01274	0.01749	0.01026	0.00629	0.00692	0.00214	0.00877	0.00628	0.00329	0.00967
15	0.01140	0.01063	0.01679	0.07112	0.16802	0.01014	0.09657	0.01427	0.01515	0.01953	0.04130	0.14788	0.32333	0.01329	0.00781	0.00232	0.00598	0.01197	0.00511	0.00740
16	0.04165	0.14912	0.19623	0.01833	0.04769	0.11705	0.12416	0.06850	0.01683	0.09723	0.01402	0.01638	0.01074	0.02798	0.02320	0.00231	0.00942	0.00566	0.00405	0.00941
17	0.06653	0.07622	0.04183	0.01287	0.01762	0.03245	0.01096	0.27112	0.02235	0.18667	0.06984	0.02451	0.08139	0.01120	0.04153	0.00248	0.00705	0.00715	0.00638	0.00986
18	0.00879	0.00637	0.00824	0.00962	0.01015	0.00611	0.00644	0.01072	0.04310	0.01775	0.03650	0.68917	0.04321	0.05636	0.00991	0.00294	0.00416	0.01848	0.00627	0.00572
19	0.05044	0.06124	0.05946	0.05407	0.26453	0.09101	0.23051	0.02274	0.05880	0.02182	0.01350	0.01684	0.01070	0.00633	0.00688	0.00209	0.00942	0.00637	0.00362	0.00962
20	0.03713	0.30119	0.11503	0.01654	0.06384	0.05036	0.07304	0.05647	0.01668	0.18593	0.01495	0.01566	0.01107	0.00673	0.00590	0.00187	0.00792	0.00528	0.00455	0.00986
