[name]
unknown

[dist]
# distance from previous block
# <min> <max>
0	0

[block]
# block no. 0 follows, 32 sequences, length 53
# corresponding to MSA columns:
# 0-52
name=unknown_A
#
# <colnr> <probs for GDERKNQSTAVLIFYWHMCP>
#	G	D	E	R	K	N	Q	S	T	A	V	L	I	F	Y	W	H	M	C	P
0	0.01081	0.00772	0.01081	0.01236	0.01390	0.00772	0.01081	0.01390	0.01545	0.02008	0.03553	0.07569	0.03862	0.01854	0.00927	0.00309	0.00618	0.67717	0.00618	0.00618
1	0.03010	0.01142	0.01557	0.01194	0.01713	0.00986	0.00986	0.03270	0.01920	0.72698	0.02647	0.02284	0.01661	0.00830	0.00675	0.00208	0.00571	0.00675	0.00830	0.01142
2	0.01661	0.01594	0.02724	0.04119	0.72233	0.01594	0.02059	0.02059	0.01528	0.02192	0.01262	0.01661	0.01063	0.00598	0.00664	0.00199	0.00797	0.00598	0.00332	0.01063
3	0.02551	0.01879	0.02014	0.01544	0.02081	0.02081	0.01275	0.69996	0.03155	0.04229	0.01611	0.01611	0.01141	0.00805	0.00671	0.00201	0.00738	0.00604	0.00671	0.01141
4	0.00823	0.00605	0.00773	0.00891	0.00966	0.00554	0.00607	0.00962	0.01364	0.01797	0.08979	0.60853	0.14382	0.01992	0.00843	0.00261	0.00377	0.01787	0.00631	0.00554
5	0.01267	0.01193	0.02013	0.74806	0.04621	0.01491	0.01863	0.01714	0.01342	0.01714	0.01193	0.01789	0.00894	0.00671	0.00671	0.00224	0.00894	0.00596	0.00298	0.00745
6	0.03010	0.01142	0.01557	0.01194	0.01713	0.00986	0.00986	0.03270	0.01920	0.72698	0.02647	0.02284	0.01661	0.00830	0.00675	0.00208	0.00571	0.00675	0.00830	0.01142
7	0.02010	0.01706	0.02445	0.03107	0.44668	0.01785	0.01751	0.28754	0.02167	0.02992	0.01399	0.01641	0.01094	0.00679	0.00667	0.00200	0.00774	0.00600	0.00465	0.01094
8	0.02395	0.01731	0.01865	0.01465	0.01963	0.01911	0.01199	0.54537	0.12764	0.07256	0.01844	0.01807	0.01319	0.00821	0.00665	0.00204	0.00684	0.00631	0.03829	0.01109
9	0.01477	0.05007	0.02090	0.04089	0.01898	0.01918	0.04064	0.01791	0.06072	0.01765	0.01163	0.01781	0.01090	0.01081	0.01773	0.00268	0.54517	0.03206	0.00340	0.04611
10	0.00826	0.00597	0.00785	0.00931	0.00986	0.00555	0.00634	0.00954	0.01310	0.01731	0.03878	0.69100	0.08466	0.02068	0.00855	0.00271	0.00395	0.04485	0.00623	0.00549
11	0.01960	0.02038	0.02334	0.08152	0.39581	0.24061	0.01733	0.02276	0.01635	0.05596	0.01246	0.01555	0.01014	0.00663	0.00698	0.00196	0.03410	0.00550	0.00358	0.00945
12	0.02988	0.01177	0.01579	0.01211	0.01731	0.01039	0.01000	0.06486	0.01980	0.69398	0.02597	0.02251	0.01636	0.00829	0.00675	0.00207	0.00579	0.00671	0.00823	0.01142
13	0.01661	0.01594	0.02724	0.04119	0.72233	0.01594	0.02059	0.02059	0.01528	0.02192	0.01262	0.01661	0.01063	0.00598	0.00664	0.00199	0.00797	0.00598	0.00332	0.01063
14	0.02585	0.01825	0.01980	0.01518	0.02053	0.01999	0.01254	0.65027	0.03063	0.09327	0.01688	0.01661	0.01180	0.00807	0.00671	0.00202	0.00726	0.00609	0.00683	0.01141
15	0.01036	0.00716	0.00861	0.00806	0.01016	0.00633	0.00611	0.01293	0.01760	0.07317	0.42261	0.05368	0.30922	0.01458	0.00784	0.00217	0.00343	0.01252	0.00701	0.00644
16	0.01590	0.01520	0.02558	0.03840	0.66452	0.01511	0.01934	0.01970	0.01528	0.02161	0.01711	0.02049	0.06809	0.00687	0.00675	0.00201	0.00760	0.00664	0.00356	0.01023
17	0.01266	0.01152	0.01914	0.69551	0.04349	0.01429	0.01765	0.01704	0.01346	0.01770	0.01263	0.01839	0.00953	0.00679	0.00657	0.00219	0.00853	0.00598	0.05955	0.00737
18	0.07201	0.01526	0.02337	0.19658	0.32690	0.04219	0.05575	0.01995	0.04030	0.02060	0.01222	0.01647	0.01002	0.00710	0.00869	0.00220	0.11207	0.00590	0.00339	0.00901
19	0.24362	0.01992	0.04980	0.01343	0.01784	0.24646	0.01111	0.04641	0.01683	0.22716	0.01496	0.01518	0.01065	0.00729	0.00628	0.00199	0.03207	0.00497	0.00511	0.00889
20	0.01031	0.01258	0.15701	0.01064	0.01393	0.00823	0.01012	0.01443	0.01800	0.02574	0.57357	0.04273	0.05205	0.01221	0.00760	0.00211	0.00455	0.01066	0.00645	0.00707
21	0.00976	0.00651	0.00732	0.00732	0.00732	0.00651	0.00407	0.00976	0.00976	0.01301	0.02114	0.04391	0.02439	0.76419	0.03415	0.00651	0.00651	0.00976	0.00407	0.00407
22	0.01584	0.01810	0.03959	0.02828	0.03507	0.01697	0.69796	0.02149	0.01584	0.02149	0.01357	0.01810	0.01018	0.00566	0.00792	0.00226	0.01131	0.00792	0.00339	0.00905
23	0.01588	0.01520	0.02441	0.03547	0.58610	0.03616	0.01833	0.01960	0.01570	0.02221	0.10341	0.02073	0.01730	0.00720	0.00731	0.00203	0.03254	0.00672	0.00384	0.00988
24	0.01612	0.07777	0.01426	0.01142	0.04109	0.01082	0.00868	0.02134	0.12220	0.18270	0.30941	0.03665	0.09796	0.01108	0.00712	0.00208	0.00463	0.00941	0.00684	0.00844
25	0.01469	0.00827	0.01092	0.00965	0.01215	0.00774	0.00749	0.01831	0.04658	0.19256	0.47645	0.04093	0.04717	0.01484	0.05929	0.00272	0.00491	0.01032	0.00731	0.00769
26	0.01842	0.71891	0.03408	0.01187	0.01746	0.07416	0.01158	0.02054	0.01399	0.01583	0.00940	0.01085	0.00861	0.00582	0.00442	0.00145	0.00751	0.00364	0.00291	0.00856
27	0.02695	0.03870	0.09734	0.01247	0.01804	0.01089	0.01137	0.03015	0.01820	0.58914	0.02404	0.02156	0.01545	0.00798	0.00653	0.00204	0.00611	0.00642	0.04573	0.01091
28	0.01267	0.01193	0.02013	0.74806	0.04621	0.01491	0.01863	0.01714	0.01342	0.01714	0.01193	0.01789	0.00894	0.00671	0.00671	0.00224	0.00894	0.00596	0.00298	0.00745
29	0.05113	0.02085	0.28869	0.01519	0.02220	0.01287	0.03590	0.05365	0.01739	0.38507	0.01956	0.01870	0.01279	0.00741	0.00655	0.00210	0.00753	0.00596	0.00586	0.01063
30	0.02180	0.02013	0.10770	0.01970	0.04991	0.08709	0.19794	0.20162	0.03853	0.16294	0.01655	0.01757	0.01168	0.00710	0.00694	0.00208	0.00884	0.00642	0.00524	0.01020
31	0.01267	0.01193	0.02013	0.74806	0.04621	0.01491	0.01863	0.01714	0.01342	0.01714	0.01193	0.01789	0.00894	0.00671	0.00671	0.00224	0.00894	0.00596	0.00298	0.00745
32	0.00818	0.00655	0.00731	0.00766	0.00935	0.00568	0.00554	0.00990	0.01507	0.01887	0.13476	0.24725	0.46494	0.01768	0.00810	0.00237	0.00350	0.01523	0.00636	0.00568
33	0.02754	0.01553	0.01812	0.01389	0.01918	0.01596	0.01147	0.40447	0.02608	0.34550	0.02070	0.01909	0.01371	0.00817	0.00673	0.00204	0.00664	0.00635	0.00742	0.01141
34	0.01562	0.20491	0.45291	0.01747	0.02535	0.07906	0.04572	0.02125	0.01436	0.01937	0.01120	0.01336	0.00861	0.00646	0.00654	0.00197	0.03891	0.00473	0.00292	0.00930
35	0.01608	0.01540	0.02628	0.13631	0.63135	0.01580	0.02033	0.02013	0.01503	0.02128	0.01253	0.01678	0.01040	0.00608	0.00665	0.00203	0.00810	0.00598	0.00328	0.01020
36	0.00893	0.00658	0.00916	0.06218	0.01301	0.00650	0.00786	0.01065	0.01332	0.01762	0.03497	0.59430	0.04092	0.01960	0.00855	0.00275	0.00463	0.12680	0.00599	0.00571
37	0.01637	0.01602	0.02827	0.06748	0.62258	0.01601	0.09276	0.02055	0.01527	0.02169	0.01270	0.01682	0.01051	0.00597	0.00678	0.00203	0.00837	0.00618	0.00332	0.01034
38	0.04312	0.08155	0.21644	0.04690	0.10194	0.11391	0.20345	0.07393	0.01657	0.02209	0.01231	0.01513	0.00941	0.00630	0.00659	0.00204	0.00979	0.00576	0.00347	0.00932
39	0.04403	0.61129	0.07806	0.01256	0.01826	0.10700	0.01239	0.02092	0.01421	0.01668	0.00963	0.01114	0.00856	0.00593	0.00464	0.00153	0.00786	0.00376	0.00298	0.00856
40	0.00835	0.00594	0.00786	0.00933	0.00974	0.00558	0.00626	0.00952	0.01276	0.01700	0.03604	0.69685	0.04307	0.06265	0.01002	0.00295	0.00412	0.04047	0.00611	0.00540
41	0.00855	0.00663	0.00786	0.00849	0.01002	0.00594	0.00634	0.01043	0.01494	0.01898	0.12046	0.27825	0.35360	0.01810	0.00830	0.00250	0.00390	0.10462	0.00634	0.00574
42	0.01822	0.12079	0.11971	0.05571	0.31247	0.15760	0.05805	0.02210	0.01572	0.04101	0.01212	0.01496	0.00978	0.00626	0.00626	0.00191	0.00909	0.00534	0.00336	0.00952
43	0.01584	0.01810	0.03959	0.02828	0.03507	0.01697	0.69796	0.02149	0.01584	0.02149	0.01357	0.01810	0.01018	0.00566	0.00792	0.00226	0.01131	0.00792	0.00339	0.00905
44	0.01638	0.01583	0.02736	0.07618	0.66157	0.01593	0.04692	0.02045	0.01521	0.02166	0.01262	0.01673	0.01053	0.00600	0.00670	0.00202	0.00815	0.00605	0.00331	0.01041
45	0.01088	0.00798	0.03652	0.01039	0.01202	0.00684	0.00825	0.01320	0.01508	0.07426	0.15153	0.38329	0.05747	0.01759	0.00838	0.00262	0.00465	0.16620	0.00645	0.00640
46	0.07686	0.06331	0.34240	0.02626	0.29576	0.01607	0.02064	0.02119	0.01452	0.04464	0.01238	0.01496	0.00950	0.00624	0.00621	0.00203	0.00852	0.00524	0.00330	0.00997
47	0.01614	0.19928	0.37364	0.01954	0.06676	0.01830	0.11765	0.04605	0.01518	0.04953	0.01240	0.01451	0.00933	0.00624	0.00616	0.00197	0.00911	0.00524	0.00331	0.00965
48	0.00967	0.00709	0.01059	0.01090	0.01207	0.00659	0.05969	0.01132	0.01350	0.04442	0.03595	0.62559	0.06685	0.01912	0.00844	0.00266	0.00459	0.03890	0.00609	0.00598
49	0.01658	0.01649	0.05023	0.05655	0.59974	0.01584	0.04672	0.04504	0.01575	0.02249	0.01272	0.01649	0.01049	0.00603	0.00662	0.00197	0.00805	0.00594	0.00345	0.04281
50	0.01776	0.13912	0.18507	0.11730	0.23267	0.01721	0.01806	0.07988	0.01633	0.09471	0.01361	0.01589	0.01029	0.00654	0.00624	0.00198	0.00813	0.00545	0.00390	0.00989
51	0.17390	0.01727	0.02428	0.03093	0.43571	0.09128	0.08976	0.02117	0.01497	0.02291	0.01184	0.01517	0.00971	0.00609	0.00623	0.00201	0.00821	0.00555	0.00351	0.00950
52	0.04524	0.09043	0.23892	0.01956	0.09999	0.30827	0.01705	0.04641	0.03769	0.02012	0.01172	0.01361	0.00922	0.00663	0.00605	0.00189	0.00998	0.00477	0.00344	0.00901

[dist]
# distance from previous block
# <min> <max>
9	27

[block]
# block no. 1 follows, 32 sequences, length 13
# corresponding to MSA columns:
# 80-92
name=unknown_B
#
# <colnr> <probs for GDERKNQSTAVLIFYWHMCP>
#	G	D	E	R	K	N	Q	S	T	A	V	L	I	F	Y	W	H	M	C	P
0	0.01765	0.13302	0.15435	0.01638	0.09247	0.05454	0.01391	0.09114	0.04691	0.08264	0.03535	0.04590	0.01356	0.00723	0.00601	0.00177	0.00717	0.00577	0.00446	0.16977
1	0.06729	0.07336	0.05926	0.06463	0.07093	0.04418	0.03183	0.08900	0.08107	0.11371	0.05409	0.06691	0.01710	0.01237	0.07564	0.00284	0.00785	0.00697	0.00506	0.05591
2	0.01835	0.01614	0.04505	0.05335	0.48303	0.03695	0.01780	0.08563	0.01726	0.09240	0.03528	0.04040	0.01365	0.00714	0.00673	0.00203	0.00765	0.00655	0.00431	0.01030
3	0.01728	0.01591	0.02518	0.03561	0.57991	0.01612	0.01865	0.08135	0.06593	0.02415	0.01394	0.01704	0.01137	0.00634	0.00659	0.00197	0.00760	0.00601	0.00390	0.04516
4	0.00987	0.00708	0.00828	0.00784	0.00995	0.00620	0.00593	0.01230	0.01722	0.06089	0.36761	0.05559	0.37679	0.01500	0.00786	0.00218	0.00342	0.01282	0.00688	0.00629
5	0.02400	0.01877	0.02040	0.01782	0.08698	0.05089	0.01335	0.55797	0.07920	0.03820	0.01635	0.01664	0.01188	0.00789	0.00669	0.00202	0.00749	0.00607	0.00626	0.01112
6	0.01669	0.01441	0.01517	0.01365	0.01745	0.01669	0.01062	0.03565	0.71021	0.02807	0.02731	0.02503	0.02048	0.00910	0.00683	0.00228	0.00531	0.00759	0.00683	0.01062
7	0.02576	0.01838	0.01988	0.01524	0.02060	0.02019	0.01259	0.66257	0.03086	0.08065	0.01669	0.01649	0.01170	0.00807	0.00671	0.00202	0.00729	0.00608	0.00680	0.01141
8	0.81159	0.01298	0.00986	0.00882	0.01298	0.01505	0.00727	0.01972	0.01142	0.03010	0.00934	0.01090	0.00727	0.00623	0.00415	0.00208	0.00519	0.00363	0.00415	0.00727
9	0.01166	0.00583	0.00874	0.00874	0.00874	0.00583	0.00583	0.00874	0.00874	0.01166	0.01166	0.02040	0.01166	0.02331	0.02622	0.80478	0.00583	0.00583	0.00291	0.00291
10	0.01267	0.01193	0.02013	0.74806	0.04621	0.01491	0.01863	0.01714	0.01342	0.01714	0.01193	0.01789	0.00894	0.00671	0.00671	0.00224	0.00894	0.00596	0.00298	0.00745
11	0.01909	0.61673	0.07918	0.01228	0.01815	0.05384	0.01228	0.02164	0.01442	0.08351	0.01118	0.01219	0.00936	0.00607	0.00475	0.00155	0.00743	0.00401	0.00341	0.00893
12	0.16592	0.01239	0.01501	0.01173	0.01675	0.01180	0.00968	0.09361	0.01902	0.54065	0.02250	0.02012	0.01449	0.00792	0.00629	0.00207	0.00578	0.00614	0.00743	0.01069

[dist]
# distance from previous block
# <min> <max>
0	3

[block]
# block no. 2 follows, 32 sequences, length 7
# corresponding to MSA columns:
# 96-102
name=unknown_C
#
# <colnr> <probs for GDERKNQSTAVLIFYWHMCP>
#	G	D	E	R	K	N	Q	S	T	A	V	L	I	F	Y	W	H	M	C	P
0	0.02064	0.04798	0.01820	0.01546	0.01888	0.43780	0.05319	0.02396	0.06487	0.05221	0.09879	0.05917	0.04272	0.00889	0.00661	0.00192	0.00936	0.00688	0.00459	0.00788
1	0.00959	0.00719	0.01078	0.01078	0.01198	0.00839	0.00839	0.01198	0.01078	0.01558	0.01797	0.02636	0.01677	0.05032	0.73760	0.01078	0.01797	0.00719	0.00359	0.00599
2	0.01573	0.01505	0.02565	0.19908	0.57131	0.01571	0.02016	0.01982	0.01486	0.02085	0.01247	0.01689	0.01025	0.00614	0.00666	0.00205	0.00819	0.00598	0.00325	0.00992
3	0.01507	0.01437	0.02446	0.31737	0.45817	0.01554	0.01983	0.01925	0.01455	0.02005	0.01235	0.01711	0.00997	0.00626	0.00667	0.00209	0.00835	0.00597	0.00319	0.00939
4	0.02667	0.01897	0.01699	0.01412	0.01861	0.24780	0.01117	0.08065	0.09517	0.36926	0.02056	0.01909	0.01406	0.00792	0.00653	0.00198	0.00787	0.00600	0.00645	0.01015
5	0.01607	0.01566	0.02678	0.08803	0.55427	0.01643	0.06262	0.01992	0.01464	0.02093	0.01222	0.01658	0.01028	0.00664	0.00840	0.00213	0.08911	0.00609	0.00326	0.00995
6	0.01378	0.01227	0.01926	0.02727	0.40773	0.01215	0.01468	0.04660	0.01546	0.02121	0.02580	0.19386	0.09815	0.01146	0.00738	0.00226	0.00641	0.05098	0.00463	0.00867

[dist]
# distance from previous block
# <min> <max>
0	5

[block]
# block no. 3 follows, 32 sequences, length 8
# corresponding to MSA columns:
# 108-115
name=unknown_D
#
# <colnr> <probs for GDERKNQSTAVLIFYWHMCP>
#	G	D	E	R	K	N	Q	S	T	A	V	L	I	F	Y	W	H	M	C	P
0	0.01631	0.01575	0.02622	0.03760	0.61521	0.01664	0.01969	0.01992	0.01452	0.02104	0.01204	0.01631	0.01035	0.00685	0.00898	0.00214	0.12106	0.00596	0.00326	0.01013
1	0.01624	0.01557	0.02657	0.10740	0.65900	0.01585	0.02041	0.02027	0.01510	0.02147	0.01256	0.01673	0.01047	0.00605	0.00665	0.00202	0.00806	0.00598	0.00329	0.01033
2	0.49003	0.01540	0.01289	0.10028	0.01843	0.11580	0.00975	0.02173	0.08443	0.02628	0.04114	0.01499	0.01134	0.00699	0.00516	0.00207	0.00654	0.00477	0.00432	0.00766
3	0.02431	0.01783	0.02104	0.01955	0.13877	0.01928	0.01389	0.54202	0.02800	0.08346	0.01620	0.01663	0.01162	0.00772	0.00670	0.00201	0.00737	0.00608	0.00624	0.01128
4	0.00973	0.00655	0.00752	0.00745	0.00765	0.00648	0.00434	0.01011	0.01088	0.01470	0.10588	0.04466	0.02912	0.67303	0.03096	0.00597	0.00610	0.01005	0.00447	0.00434
5	0.01560	0.01327	0.01423	0.01286	0.01632	0.01511	0.00997	0.03216	0.60514	0.02789	0.13242	0.02885	0.02699	0.00980	0.00699	0.00225	0.00498	0.00828	0.00691	0.00997
6	0.01551	0.01482	0.02525	0.23819	0.53390	0.01565	0.02005	0.01963	0.01476	0.02059	0.01243	0.01696	0.01016	0.00618	0.00666	0.00206	0.00824	0.00597	0.00323	0.00974
7	0.00976	0.00651	0.00732	0.00732	0.00732	0.00651	0.00407	0.00976	0.00976	0.01301	0.02114	0.04391	0.02439	0.76419	0.03415	0.00651	0.00651	0.00976	0.00407	0.00407

[dist]
# distance from previous block
# <min> <max>
0	0

# created by:
# /home/berkeley/.conda/envs/busco_data_prod/bin/msa2prfl.pl pipeline/OGs_align_augustus/4893/38162.fs
