[name]
unknown

[dist]
# distance from previous block
# <min> <max>
0	42

[block]
# block no. 0 follows, 32 sequences, length 18
# corresponding to MSA columns:
# 42-59
name=unknown_A
#
# <colnr> <probs for GDERKNQSTAVLIFYWHMCP>
#	G	D	E	R	K	N	Q	S	T	A	V	L	I	F	Y	W	H	M	C	P
0	0.01562	0.01198	0.01787	0.04113	0.11539	0.01236	0.07427	0.04469	0.07067	0.10896	0.04800	0.12687	0.04537	0.01148	0.00898	0.00236	0.08295	0.10192	0.00535	0.05378
1	0.01131	0.00908	0.01288	0.01185	0.01395	0.00902	0.07858	0.09813	0.01563	0.02070	0.03438	0.37302	0.14383	0.02122	0.10967	0.00363	0.00698	0.01382	0.00563	0.00668
2	0.01135	0.00978	0.01671	0.01722	0.11381	0.01052	0.09707	0.01438	0.01205	0.01721	0.01667	0.02396	0.01509	0.03851	0.54377	0.00848	0.01574	0.00711	0.00353	0.00702
3	0.01673	0.01647	0.02195	0.02612	0.31289	0.11756	0.08428	0.06801	0.04893	0.02126	0.01665	0.08829	0.01566	0.10340	0.01035	0.00263	0.00818	0.00770	0.00412	0.00881
4	0.05324	0.01864	0.10163	0.02197	0.02752	0.05968	0.37959	0.04176	0.04384	0.02194	0.01654	0.04948	0.01431	0.00819	0.00817	0.00233	0.04239	0.07618	0.00398	0.00861
5	0.11919	0.02001	0.01830	0.01580	0.04751	0.18130	0.01217	0.31259	0.05506	0.03026	0.01358	0.01476	0.01039	0.00760	0.00722	0.00197	0.06070	0.00528	0.00508	0.06119
6	0.08314	0.06635	0.01731	0.01309	0.01758	0.05035	0.01073	0.27508	0.12314	0.07498	0.04472	0.04528	0.01690	0.00883	0.00643	0.00200	0.00644	0.04661	0.00593	0.08511
7	0.10204	0.10569	0.21116	0.01618	0.02182	0.34469	0.01540	0.07158	0.01726	0.02089	0.01101	0.01268	0.00866	0.00666	0.00581	0.00186	0.00996	0.00447	0.00353	0.00864
8	0.01550	0.01099	0.01264	0.01113	0.01373	0.01153	0.00863	0.21974	0.05235	0.05094	0.14532	0.03947	0.06521	0.18711	0.03977	0.00354	0.00631	0.09235	0.00607	0.00764
9	0.01983	0.01751	0.01684	0.01451	0.01866	0.10049	0.01142	0.19842	0.46347	0.03024	0.02260	0.02135	0.01689	0.00859	0.00671	0.00215	0.00660	0.00683	0.00641	0.01049
10	0.11753	0.06265	0.02274	0.01879	0.06736	0.07027	0.09791	0.08915	0.01446	0.02165	0.01062	0.01448	0.00915	0.00882	0.01319	0.00241	0.34129	0.00562	0.00359	0.00829
11	0.02551	0.01879	0.02014	0.01544	0.02081	0.02081	0.01275	0.69996	0.03155	0.04229	0.01611	0.01611	0.01141	0.00805	0.00671	0.00201	0.00738	0.00604	0.00671	0.01141
12	0.01883	0.01536	0.01641	0.01376	0.01821	0.01703	0.01093	0.21691	0.45117	0.03135	0.02263	0.02142	0.01689	0.00839	0.00660	0.00207	0.00585	0.00679	0.00650	0.09287
13	0.56614	0.01524	0.01230	0.01072	0.01491	0.08967	0.00873	0.09105	0.01496	0.07896	0.01227	0.01467	0.00959	0.00706	0.00497	0.00207	0.00620	0.02775	0.00471	0.00800
14	0.02460	0.01834	0.01963	0.01526	0.02046	0.02039	0.01253	0.63171	0.10127	0.04083	0.01726	0.01703	0.01234	0.00816	0.00672	0.00204	0.00717	0.00620	0.00672	0.01133
15	0.01060	0.08515	0.01019	0.00775	0.00834	0.00857	0.00483	0.01082	0.01016	0.01330	0.01992	0.04049	0.02276	0.68589	0.03107	0.00598	0.00657	0.00912	0.00394	0.00453
16	0.00931	0.00686	0.00861	0.00969	0.01044	0.00680	0.00663	0.01227	0.08462	0.01794	0.03430	0.58495	0.03964	0.09605	0.01104	0.00308	0.00439	0.04141	0.00607	0.00587
17	0.02051	0.09544	0.02390	0.07627	0.13342	0.15103	0.09886	0.02424	0.04664	0.16438	0.01503	0.01690	0.01134	0.00735	0.00806	0.00206	0.08500	0.00588	0.00442	0.00927

[dist]
# distance from previous block
# <min> <max>
0	7

[block]
# block no. 1 follows, 32 sequences, length 21
# corresponding to MSA columns:
# 67-87
name=unknown_B
#
# <colnr> <probs for GDERKNQSTAVLIFYWHMCP>
#	G	D	E	R	K	N	Q	S	T	A	V	L	I	F	Y	W	H	M	C	P
0	0.02547	0.01996	0.02004	0.01560	0.02080	0.08401	0.01277	0.64058	0.03044	0.04001	0.01560	0.01576	0.01117	0.00795	0.00665	0.00199	0.00780	0.00589	0.00643	0.01109
1	0.02892	0.01168	0.01554	0.01209	0.01716	0.01046	0.00993	0.03296	0.08016	0.66533	0.02655	0.02303	0.01695	0.00838	0.00675	0.00209	0.00567	0.00682	0.00817	0.01135
2	0.01391	0.01193	0.01391	0.00994	0.01590	0.00894	0.00795	0.01690	0.01391	0.02186	0.01193	0.01391	0.00994	0.00497	0.00497	0.00099	0.00497	0.00398	0.00398	0.80521
3	0.00942	0.00680	0.00890	0.00849	0.01001	0.00628	0.00633	0.01247	0.01864	0.02634	0.67907	0.09147	0.06221	0.01414	0.00795	0.00215	0.00321	0.01254	0.00732	0.00628
4	0.01346	0.03471	0.72942	0.01912	0.02904	0.01558	0.02479	0.02125	0.01417	0.02125	0.01204	0.01417	0.00850	0.00637	0.00637	0.00212	0.00992	0.00496	0.00283	0.00992
5	0.00815	0.00595	0.00767	0.00906	0.00966	0.00547	0.00610	0.00938	0.01312	0.01724	0.04048	0.68145	0.12048	0.02057	0.00849	0.00267	0.00384	0.01852	0.00623	0.00547
6	0.01634	0.01354	0.01457	0.01311	0.01657	0.01534	0.01014	0.10634	0.51936	0.02829	0.05667	0.11458	0.02419	0.01063	0.00707	0.00229	0.00528	0.00900	0.00677	0.00990
7	0.01741	0.01477	0.01558	0.01380	0.01772	0.01703	0.01080	0.09019	0.65450	0.02924	0.02639	0.02430	0.01974	0.00902	0.00682	0.00225	0.00548	0.00746	0.00682	0.01069
8	0.00942	0.00699	0.00915	0.03594	0.01128	0.00655	0.00669	0.01241	0.01816	0.02532	0.60424	0.09017	0.11027	0.01412	0.00791	0.00216	0.00344	0.01245	0.00707	0.00627
9	0.03870	0.01739	0.05363	0.02798	0.36791	0.05103	0.03397	0.16811	0.03609	0.09372	0.01647	0.01827	0.03186	0.00710	0.00664	0.00202	0.00773	0.00621	0.00470	0.01044
10	0.81159	0.01298	0.00986	0.00882	0.01298	0.01505	0.00727	0.01972	0.01142	0.03010	0.00934	0.01090	0.00727	0.00623	0.00415	0.00208	0.00519	0.00363	0.00415	0.00727
11	0.00959	0.00719	0.01078	0.01078	0.01198	0.00839	0.00839	0.01198	0.01078	0.01558	0.01797	0.02636	0.01677	0.05032	0.73760	0.01078	0.01797	0.00719	0.00359	0.00599
12	0.01808	0.07584	0.11266	0.05608	0.14367	0.20658	0.22356	0.02224	0.01593	0.01943	0.01186	0.01516	0.00944	0.00639	0.00721	0.00202	0.03584	0.00584	0.00326	0.00892
13	0.01668	0.56234	0.23003	0.01363	0.02054	0.02347	0.01522	0.02042	0.01378	0.01732	0.01009	0.01172	0.00858	0.00592	0.00489	0.00163	0.00794	0.00397	0.00286	0.00898
14	0.00976	0.00651	0.00732	0.00732	0.00732	0.00651	0.00407	0.00976	0.00976	0.01301	0.02114	0.04391	0.02439	0.76419	0.03415	0.00651	0.00651	0.00976	0.00407	0.00407
15	0.00848	0.00647	0.00785	0.00872	0.01000	0.00585	0.00637	0.01019	0.01441	0.01842	0.08844	0.38262	0.29135	0.01882	0.00838	0.00256	0.00394	0.09516	0.00629	0.00567
16	0.02107	0.04980	0.08518	0.07121	0.29205	0.08068	0.01640	0.06508	0.01737	0.21167	0.01612	0.01746	0.01172	0.00689	0.00650	0.00200	0.00790	0.00584	0.00479	0.01028
17	0.01779	0.01636	0.02543	0.10956	0.43207	0.04927	0.07813	0.07266	0.05718	0.05478	0.01427	0.01740	0.01122	0.00651	0.00676	0.00205	0.00826	0.00620	0.00398	0.01011
18	0.01428	0.01490	0.02618	0.05536	0.09611	0.04558	0.29421	0.01794	0.01411	0.01912	0.01767	0.09172	0.04647	0.01301	0.07900	0.00317	0.13099	0.00844	0.00372	0.00801
19	0.01814	0.02122	0.15537	0.08673	0.23862	0.11672	0.04651	0.09442	0.01725	0.05332	0.01309	0.01567	0.01007	0.00647	0.00643	0.00193	0.00872	0.00550	0.00386	0.07996
20	0.05289	0.01773	0.05529	0.04762	0.38568	0.07984	0.01709	0.07337	0.07371	0.06438	0.01428	0.01678	0.01127	0.00701	0.00744	0.00207	0.05350	0.00586	0.00415	0.01002

[dist]
# distance from previous block
# <min> <max>
1	9

[block]
# block no. 2 follows, 32 sequences, length 6
# corresponding to MSA columns:
# 97-102
name=unknown_C
#
# <colnr> <probs for GDERKNQSTAVLIFYWHMCP>
#	G	D	E	R	K	N	Q	S	T	A	V	L	I	F	Y	W	H	M	C	P
0	0.01040	0.00795	0.00876	0.00845	0.01043	0.00778	0.00623	0.01527	0.13053	0.02209	0.21128	0.08064	0.27770	0.08375	0.00990	0.00258	0.00394	0.01162	0.08415	0.00655
1	0.02225	0.01649	0.02018	0.01584	0.02073	0.05154	0.10103	0.28786	0.16681	0.15084	0.06003	0.02113	0.01687	0.00827	0.00694	0.00210	0.00717	0.00699	0.00645	0.01047
2	0.01669	0.01441	0.01517	0.01365	0.01745	0.01669	0.01062	0.03565	0.71021	0.02807	0.02731	0.02503	0.02048	0.00910	0.00683	0.00228	0.00531	0.00759	0.00683	0.01062
3	0.00947	0.00764	0.01071	0.00982	0.01186	0.00694	0.06001	0.01219	0.01686	0.02264	0.37597	0.13579	0.23410	0.01506	0.00806	0.00228	0.00409	0.04369	0.00657	0.00625
4	0.00871	0.00621	0.00784	0.00884	0.00941	0.00587	0.00594	0.00989	0.01285	0.01702	0.07334	0.47815	0.09101	0.17930	0.01400	0.00349	0.00450	0.05255	0.00583	0.00526
5	0.02300	0.02062	0.06927	0.01971	0.13287	0.12691	0.01452	0.35370	0.06558	0.08372	0.01585	0.01648	0.01160	0.00752	0.00659	0.00200	0.00812	0.00584	0.00554	0.01059

[dist]
# distance from previous block
# <min> <max>
0	1

[block]
# block no. 3 follows, 32 sequences, length 30
# corresponding to MSA columns:
# 104,105,107-115,117-135
name=unknown_D
#
# <colnr> <probs for GDERKNQSTAVLIFYWHMCP>
#	G	D	E	R	K	N	Q	S	T	A	V	L	I	F	Y	W	H	M	C	P
0	0.01484	0.26075	0.51548	0.01677	0.02540	0.01896	0.02069	0.02089	0.01400	0.01957	0.01121	0.01312	0.00853	0.00618	0.00574	0.00191	0.00907	0.00454	0.00284	0.00951
1	0.01809	0.66055	0.03243	0.01174	0.01735	0.07204	0.01130	0.02028	0.01401	0.01630	0.00960	0.01110	0.00872	0.00576	0.00447	0.00142	0.00733	0.00367	0.00300	0.07083
2	0.08933	0.01406	0.02185	0.07325	0.39931	0.01481	0.04416	0.02027	0.06875	0.02224	0.01578	0.02296	0.01391	0.03323	0.00822	0.00232	0.03813	0.06310	0.02512	0.00920
3	0.02330	0.01941	0.07487	0.01547	0.02097	0.01981	0.01339	0.55133	0.12783	0.03860	0.01740	0.01724	0.01249	0.00807	0.00670	0.00206	0.00728	0.00618	0.00643	0.01118
4	0.01352	0.01395	0.09356	0.11563	0.02223	0.01245	0.10849	0.05907	0.03262	0.02237	0.07170	0.06360	0.05791	0.00937	0.00798	0.00212	0.06653	0.03212	0.12466	0.07011
5	0.63440	0.01242	0.01090	0.00941	0.01361	0.01373	0.00771	0.02178	0.01280	0.16144	0.01267	0.01351	0.00920	0.00724	0.00545	0.03133	0.00531	0.00430	0.00489	0.00789
6	0.00998	0.00768	0.01171	0.01250	0.05211	0.00881	0.00908	0.01247	0.01104	0.01593	0.01767	0.02581	0.01643	0.04782	0.69630	0.01029	0.01741	0.00712	0.00358	0.00625
7	0.00979	0.00691	0.00874	0.00836	0.01007	0.00627	0.00624	0.01255	0.01793	0.04667	0.53972	0.10706	0.16533	0.01464	0.00793	0.00218	0.00334	0.01283	0.00714	0.00632
8	0.00904	0.00655	0.00870	0.00997	0.01094	0.00621	0.00751	0.01097	0.01427	0.01883	0.09180	0.45077	0.09462	0.01942	0.00867	0.00275	0.00447	0.21246	0.00630	0.00575
9	0.01607	0.03157	0.08174	0.16477	0.25539	0.03055	0.06293	0.05729	0.01601	0.06502	0.05499	0.04468	0.01566	0.00809	0.00748	0.00217	0.03508	0.03723	0.00414	0.00911
10	0.10255	0.54538	0.05386	0.01227	0.01775	0.09407	0.01172	0.06259	0.01505	0.01918	0.00994	0.01135	0.00864	0.00607	0.00468	0.00159	0.00755	0.00386	0.00330	0.00861
11	0.37505	0.16956	0.05582	0.01185	0.01683	0.04844	0.01057	0.15824	0.05338	0.02851	0.01184	0.01289	0.00920	0.00669	0.00504	0.00193	0.00658	0.00442	0.00445	0.00871
12	0.01419	0.13581	0.45357	0.05697	0.06313	0.01670	0.07791	0.02033	0.01455	0.02065	0.05529	0.01653	0.01216	0.00667	0.00633	0.00203	0.00907	0.00555	0.00320	0.00934
13	0.00968	0.00727	0.00913	0.00864	0.01040	0.00691	0.00652	0.01345	0.05433	0.02523	0.56152	0.04927	0.14052	0.01595	0.04908	0.00263	0.00414	0.01187	0.00700	0.00645
14	0.00849	0.00665	0.00768	0.00777	0.00949	0.00585	0.00570	0.01058	0.01610	0.02086	0.27768	0.17828	0.38773	0.01660	0.00803	0.00229	0.00341	0.01433	0.00661	0.00585
15	0.03010	0.01142	0.01557	0.01194	0.01713	0.00986	0.00986	0.03270	0.01920	0.72698	0.02647	0.02284	0.01661	0.00830	0.00675	0.00208	0.00571	0.00675	0.00830	0.01142
16	0.01819	0.05731	0.01689	0.01416	0.01800	0.14023	0.01107	0.03332	0.55534	0.02543	0.02347	0.02207	0.01783	0.00855	0.00656	0.00214	0.00657	0.00682	0.00604	0.01003
17	0.00872	0.00683	0.00789	0.00763	0.00955	0.00600	0.00572	0.01116	0.01716	0.02255	0.39602	0.05729	0.38880	0.01534	0.00792	0.00219	0.00328	0.01314	0.00681	0.00600
18	0.11612	0.01200	0.01531	0.05815	0.01782	0.01339	0.06353	0.07665	0.14643	0.03984	0.05320	0.07042	0.10059	0.01578	0.10583	0.00343	0.07003	0.00831	0.00516	0.00799
19	0.73574	0.01504	0.07824	0.00980	0.01450	0.01510	0.00893	0.01987	0.01168	0.02926	0.00960	0.01121	0.00738	0.00624	0.00436	0.00208	0.00564	0.00376	0.00403	0.00752
20	0.04123	0.14772	0.51421	0.06205	0.02706	0.01696	0.02093	0.02137	0.01421	0.05777	0.01228	0.01421	0.00893	0.00639	0.00601	0.00202	0.00904	0.00485	0.00318	0.00955
21	0.02839	0.01098	0.01496	0.01174	0.01655	0.00952	0.00958	0.03087	0.01871	0.67148	0.02729	0.08045	0.01878	0.00930	0.00689	0.00213	0.00557	0.00771	0.00814	0.01095
22	0.01350	0.01231	0.02036	0.20888	0.36044	0.01297	0.01648	0.01696	0.01431	0.01961	0.01898	0.17679	0.01903	0.01010	0.00722	0.00227	0.00725	0.05003	0.00402	0.00847
23	0.01798	0.49238	0.11892	0.01477	0.04836	0.02242	0.04191	0.02159	0.03641	0.07297	0.01187	0.01334	0.00976	0.00644	0.00600	0.00173	0.04607	0.00453	0.00346	0.00909
24	0.01258	0.01098	0.01543	0.01393	0.01484	0.01421	0.01129	0.04934	0.01164	0.01720	0.01397	0.02086	0.01310	0.03171	0.39508	0.00699	0.32995	0.00657	0.00348	0.00685
25	0.00818	0.00584	0.00779	0.00934	0.00973	0.00545	0.00623	0.00934	0.01285	0.01713	0.03698	0.75981	0.04438	0.02102	0.00856	0.00273	0.00389	0.01908	0.00623	0.00545
26	0.00835	0.00617	0.00788	0.00887	0.00975	0.00571	0.00614	0.00989	0.01389	0.01837	0.12067	0.53038	0.15876	0.02070	0.03844	0.00291	0.00431	0.01695	0.00625	0.00561
27	0.06033	0.09263	0.15642	0.06242	0.15393	0.01760	0.07738	0.19115	0.01905	0.08516	0.01409	0.01589	0.01042	0.00677	0.00638	0.00202	0.00813	0.00569	0.00448	0.01007
28	0.01048	0.01087	0.07369	0.01481	0.04020	0.00886	0.12941	0.01325	0.01380	0.01867	0.02988	0.47929	0.03377	0.01639	0.00827	0.00260	0.00604	0.07764	0.00535	0.00669
29	0.09834	0.01133	0.01321	0.01131	0.01486	0.01154	0.00900	0.10470	0.10025	0.25416	0.02593	0.03126	0.06368	0.10855	0.05158	0.00325	0.00650	0.06533	0.00640	0.00884

[dist]
# distance from previous block
# <min> <max>
0	8

# created by:
# /home/berkeley/.conda/envs/busco_data_prod/bin/msa2prfl.pl pipeline/OGs_align_augustus/4893/38174.fs
