[name]
unknown

[dist]
# distance from previous block
# <min> <max>
6	160

[block]
# block no. 0 follows, 32 sequences, length 22
# corresponding to MSA columns:
# 174-195
name=unknown_A
#
# <colnr> <probs for GDERKNQSTAVLIFYWHMCP>
#	G	D	E	R	K	N	Q	S	T	A	V	L	I	F	Y	W	H	M	C	P
0	0.01543	0.01353	0.01918	0.18322	0.12374	0.03239	0.06806	0.08246	0.09664	0.04024	0.02068	0.06451	0.06789	0.00867	0.00735	0.00210	0.03519	0.00752	0.03766	0.07356
1	0.05020	0.01329	0.01527	0.07197	0.03635	0.10566	0.06386	0.03669	0.10126	0.02073	0.07048	0.14881	0.05496	0.05271	0.07082	0.00318	0.03614	0.00931	0.03096	0.00736
2	0.08164	0.01092	0.01517	0.05223	0.09448	0.01079	0.05326	0.04037	0.03966	0.09216	0.14887	0.05130	0.07075	0.01297	0.06697	0.00275	0.00664	0.02481	0.03957	0.08469
3	0.10747	0.01309	0.01445	0.08760	0.01835	0.08538	0.05003	0.04004	0.07489	0.04278	0.01914	0.05311	0.04660	0.07808	0.06404	0.00298	0.00749	0.00690	0.06969	0.11789
4	0.01602	0.01319	0.01630	0.11677	0.02084	0.08656	0.06834	0.07912	0.03606	0.09600	0.13014	0.05557	0.08017	0.01290	0.05654	0.00270	0.00761	0.04517	0.00539	0.05459
5	0.08180	0.01308	0.01852	0.59205	0.03953	0.06325	0.01656	0.01776	0.01395	0.01878	0.05294	0.01878	0.01196	0.00709	0.00652	0.00218	0.00850	0.00601	0.00337	0.00739
6	0.03791	0.01241	0.04127	0.11262	0.01913	0.04740	0.03883	0.09472	0.01554	0.02211	0.06435	0.06777	0.01847	0.07401	0.12505	0.00372	0.02695	0.00742	0.09469	0.07563
7	0.01030	0.00740	0.00931	0.01051	0.05763	0.00695	0.00677	0.01175	0.01345	0.04423	0.07049	0.18412	0.21308	0.24848	0.01617	0.00370	0.00508	0.06934	0.00549	0.00576
8	0.01660	0.01398	0.01719	0.01445	0.01707	0.03778	0.05143	0.20220	0.08904	0.02526	0.06407	0.08642	0.05943	0.03181	0.01273	0.05673	0.18216	0.00828	0.00518	0.00818
9	0.03836	0.01718	0.01940	0.10543	0.07008	0.13242	0.07326	0.17740	0.13098	0.02584	0.06392	0.02059	0.01583	0.03201	0.00852	0.04039	0.00794	0.00663	0.00495	0.00887
10	0.01873	0.01348	0.01573	0.04846	0.04211	0.01435	0.01073	0.23762	0.16000	0.08708	0.02054	0.07007	0.01647	0.01140	0.05306	0.00255	0.00675	0.00718	0.07716	0.08653
11	0.01745	0.01330	0.01672	0.11055	0.08643	0.04324	0.01183	0.11262	0.05844	0.11025	0.08480	0.02287	0.01781	0.06962	0.01059	0.02333	0.06877	0.00675	0.00507	0.10956
12	0.07029	0.01484	0.02007	0.26819	0.18990	0.04266	0.01572	0.09625	0.10783	0.02353	0.01424	0.01734	0.01105	0.00706	0.00692	0.00209	0.03205	0.00587	0.00413	0.04996
13	0.05855	0.00939	0.01352	0.15538	0.01962	0.00960	0.06180	0.01546	0.03196	0.04541	0.12809	0.20447	0.06975	0.01183	0.00705	0.00219	0.00547	0.01053	0.08816	0.05180
14	0.03635	0.10013	0.05143	0.05495	0.10011	0.08106	0.04788	0.06050	0.01512	0.07599	0.01735	0.13812	0.01653	0.04310	0.01003	0.07108	0.03535	0.00783	0.00435	0.03274
15	0.01061	0.00766	0.01053	0.01196	0.01356	0.00758	0.01041	0.01360	0.01544	0.01994	0.03782	0.07490	0.08669	0.01843	0.00917	0.00303	0.00598	0.63037	0.00618	0.00614
16	0.01593	0.01370	0.01448	0.01316	0.01674	0.01571	0.01018	0.03334	0.64871	0.02714	0.02950	0.06008	0.05161	0.00998	0.00695	0.00230	0.00516	0.00839	0.00677	0.01017
17	0.00976	0.00651	0.00732	0.00732	0.00732	0.00651	0.00407	0.00976	0.00976	0.01301	0.02114	0.04391	0.02439	0.76419	0.03415	0.00651	0.00651	0.00976	0.00407	0.00407
18	0.01380	0.03258	0.65471	0.01855	0.02783	0.01570	0.02331	0.02276	0.08698	0.02196	0.01364	0.01530	0.00975	0.00666	0.00642	0.00214	0.00943	0.00523	0.00325	0.00999
19	0.81159	0.01298	0.00986	0.00882	0.01298	0.01505	0.00727	0.01972	0.01142	0.03010	0.00934	0.01090	0.00727	0.00623	0.00415	0.00208	0.00519	0.00363	0.00415	0.00727
20	0.02334	0.02926	0.01869	0.04447	0.02108	0.64048	0.01298	0.02516	0.01815	0.01650	0.01251	0.01445	0.03550	0.00757	0.00708	0.00184	0.05492	0.00485	0.00351	0.00766
21	0.01746	0.01348	0.01520	0.01425	0.05614	0.01475	0.01050	0.17094	0.33762	0.06216	0.04831	0.09660	0.06755	0.01043	0.00699	0.00221	0.00553	0.00876	0.03136	0.00974

[dist]
# distance from previous block
# <min> <max>
0	2

[block]
# block no. 1 follows, 32 sequences, length 16
# corresponding to MSA columns:
# 198-213
name=unknown_B
#
# <colnr> <probs for GDERKNQSTAVLIFYWHMCP>
#	G	D	E	R	K	N	Q	S	T	A	V	L	I	F	Y	W	H	M	C	P
0	0.01824	0.04460	0.12534	0.07395	0.11042	0.10865	0.10753	0.06088	0.01687	0.12138	0.02050	0.02336	0.08066	0.00827	0.00722	0.00211	0.02572	0.03071	0.00452	0.00907
1	0.37502	0.13636	0.16024	0.01429	0.04244	0.01678	0.07275	0.02122	0.01340	0.07625	0.01161	0.01322	0.00878	0.00627	0.00522	0.00200	0.00711	0.00457	0.00390	0.00858
2	0.07148	0.03867	0.01091	0.00920	0.01181	0.03206	0.00719	0.02988	0.01644	0.10362	0.20831	0.09026	0.29119	0.01351	0.00783	0.00219	0.03106	0.01115	0.00627	0.00696
3	0.04641	0.01450	0.05819	0.04971	0.03567	0.01377	0.06691	0.15567	0.06851	0.07481	0.01841	0.11309	0.01619	0.03080	0.02459	0.00236	0.04846	0.00763	0.00509	0.14925
4	0.35682	0.01348	0.01467	0.01304	0.04224	0.01477	0.05065	0.11855	0.11831	0.06974	0.05591	0.07224	0.01649	0.00849	0.00591	0.00215	0.00581	0.00669	0.00541	0.00863
5	0.02211	0.01574	0.01721	0.01412	0.01874	0.01736	0.01136	0.30022	0.34120	0.13316	0.02272	0.02116	0.01631	0.00857	0.00677	0.00214	0.00619	0.00685	0.00699	0.01105
6	0.01827	0.15556	0.20629	0.01386	0.02017	0.11743	0.01390	0.02211	0.01559	0.12501	0.03104	0.01649	0.02774	0.00673	0.00577	0.00169	0.00771	0.00505	0.00418	0.18540
7	0.01360	0.03371	0.68788	0.01968	0.02940	0.01567	0.06533	0.02126	0.01427	0.02126	0.01213	0.01440	0.00860	0.00633	0.00647	0.00213	0.01000	0.00514	0.00287	0.00986
8	0.01506	0.07973	0.49982	0.02024	0.02898	0.01635	0.16837	0.02177	0.01473	0.05433	0.01287	0.01519	0.00925	0.00627	0.00659	0.00211	0.00983	0.00559	0.00322	0.00971
9	0.01334	0.01262	0.02108	0.62064	0.08129	0.01519	0.05030	0.01890	0.06481	0.01842	0.01317	0.01835	0.00994	0.00679	0.00677	0.00223	0.00874	0.00618	0.00330	0.00794
10	0.01002	0.00716	0.00991	0.01146	0.01265	0.00704	0.00944	0.01254	0.01467	0.01920	0.03596	0.28027	0.04034	0.01928	0.00906	0.00298	0.00550	0.48037	0.00619	0.00596
11	0.04978	0.01562	0.04333	0.05212	0.11707	0.01587	0.07044	0.14254	0.23441	0.15718	0.02023	0.02018	0.01461	0.00776	0.00674	0.00214	0.00691	0.00667	0.00591	0.01048
12	0.07378	0.01692	0.01931	0.24549	0.13016	0.13461	0.01501	0.09386	0.11426	0.02275	0.01426	0.01721	0.01113	0.00850	0.02783	0.00236	0.03385	0.00580	0.00414	0.00878
13	0.12327	0.00769	0.00880	0.00842	0.01040	0.00755	0.00639	0.01297	0.01650	0.02474	0.43464	0.07967	0.15895	0.01583	0.05302	0.00270	0.00445	0.01128	0.00644	0.00629
14	0.01265	0.00720	0.00849	0.00798	0.00871	0.00698	0.00489	0.01302	0.01110	0.11457	0.02190	0.04091	0.02329	0.65667	0.03025	0.00588	0.00639	0.00933	0.00467	0.00511
15	0.69977	0.01380	0.01132	0.00976	0.01409	0.01587	0.00805	0.11648	0.01428	0.03184	0.01031	0.01164	0.00786	0.00649	0.00452	0.00207	0.00550	0.00398	0.00452	0.00786

[dist]
# distance from previous block
# <min> <max>
0	1

[block]
# block no. 2 follows, 32 sequences, length 8
# corresponding to MSA columns:
# 215-222
name=unknown_C
#
# <colnr> <probs for GDERKNQSTAVLIFYWHMCP>
#	G	D	E	R	K	N	Q	S	T	A	V	L	I	F	Y	W	H	M	C	P
0	0.54973	0.22349	0.01737	0.01001	0.01457	0.05653	0.00874	0.02020	0.01244	0.02541	0.00939	0.01093	0.00771	0.00613	0.00430	0.00188	0.00611	0.00366	0.00376	0.00767
1	0.01179	0.01052	0.01703	0.54289	0.03617	0.01253	0.01522	0.01590	0.01496	0.01985	0.20801	0.02683	0.02403	0.00865	0.00704	0.00220	0.00734	0.00768	0.00420	0.00714
2	0.00895	0.00663	0.00851	0.00959	0.01077	0.00619	0.00727	0.01090	0.01451	0.01885	0.09167	0.37601	0.18333	0.01898	0.00858	0.00269	0.00437	0.20012	0.00630	0.00576
3	0.01598	0.01530	0.02610	0.15367	0.61474	0.01578	0.02028	0.02004	0.01498	0.02116	0.01251	0.01681	0.01036	0.00609	0.00665	0.00203	0.00813	0.00598	0.00327	0.01012
4	0.54766	0.01384	0.05085	0.21444	0.02305	0.01504	0.01135	0.01909	0.01212	0.02604	0.01020	0.01301	0.00780	0.00637	0.00498	0.00212	0.00648	0.00435	0.00376	0.00746
5	0.01739	0.13152	0.40721	0.01802	0.02543	0.21731	0.05102	0.02264	0.01552	0.01919	0.01129	0.01332	0.00863	0.00641	0.00608	0.00193	0.01022	0.00474	0.00304	0.00911
6	0.01701	0.01260	0.01446	0.01148	0.01628	0.01188	0.00913	0.07737	0.20956	0.10599	0.08726	0.02173	0.01896	0.00759	0.00611	0.00166	0.00516	0.00625	0.00581	0.35369
7	0.01460	0.01262	0.01466	0.05840	0.01828	0.01148	0.00938	0.02212	0.20704	0.02328	0.01619	0.01725	0.01280	0.00623	0.00560	0.00143	0.00532	0.00510	0.00470	0.53352

[dist]
# distance from previous block
# <min> <max>
5	12

[block]
# block no. 3 follows, 32 sequences, length 90
# corresponding to MSA columns:
# 235-324
name=unknown_D
#
# <colnr> <probs for GDERKNQSTAVLIFYWHMCP>
#	G	D	E	R	K	N	Q	S	T	A	V	L	I	F	Y	W	H	M	C	P
0	0.35367	0.13029	0.10593	0.01568	0.04630	0.06032	0.13508	0.02042	0.01352	0.02384	0.01144	0.03538	0.00946	0.00655	0.00546	0.00202	0.00763	0.00515	0.00366	0.00821
1	0.04878	0.01530	0.06056	0.01358	0.01802	0.01514	0.01166	0.26036	0.17079	0.09012	0.04084	0.02854	0.03948	0.01132	0.03349	0.00252	0.00680	0.09272	0.00627	0.03370
2	0.01389	0.01309	0.02211	0.45471	0.29060	0.01482	0.01874	0.01802	0.01407	0.01888	0.01340	0.05357	0.01128	0.00714	0.00677	0.00217	0.00834	0.00661	0.00326	0.00851
3	0.01403	0.07446	0.04092	0.02006	0.21882	0.05543	0.01280	0.01877	0.08226	0.02217	0.18954	0.07671	0.02923	0.01196	0.03222	0.00245	0.00670	0.07810	0.00509	0.00829
4	0.00793	0.00680	0.00680	0.00680	0.00906	0.00566	0.00510	0.00963	0.01529	0.01813	0.06797	0.06457	0.71961	0.01699	0.00793	0.00227	0.00340	0.01416	0.00623	0.00566
5	0.13326	0.01188	0.01497	0.01165	0.01671	0.01092	0.00962	0.05389	0.01860	0.61135	0.02385	0.02103	0.01520	0.00802	0.00640	0.00207	0.00570	0.00631	0.00770	0.01087
6	0.81159	0.01298	0.00986	0.00882	0.01298	0.01505	0.00727	0.01972	0.01142	0.03010	0.00934	0.01090	0.00727	0.00623	0.00415	0.00208	0.00519	0.00363	0.00415	0.00727
7	0.00899	0.00684	0.00826	0.00791	0.00971	0.00611	0.00593	0.01167	0.01779	0.02405	0.50666	0.05483	0.27723	0.01479	0.00792	0.00216	0.00324	0.01280	0.00701	0.00611
8	0.01908	0.04719	0.08215	0.01938	0.11527	0.09014	0.09690	0.15973	0.04465	0.09495	0.03694	0.08153	0.01580	0.00996	0.03404	0.00238	0.00831	0.00730	0.00499	0.02932
9	0.00950	0.00686	0.00897	0.00844	0.01002	0.00633	0.00633	0.01266	0.01899	0.02691	0.71879	0.05012	0.06331	0.01372	0.00791	0.00211	0.00317	0.01213	0.00739	0.00633
10	0.01391	0.01193	0.01391	0.00994	0.01590	0.00894	0.00795	0.01690	0.01391	0.02186	0.01193	0.01391	0.00994	0.00497	0.00497	0.00099	0.00497	0.00398	0.00398	0.80521
11	0.07482	0.01858	0.16826	0.01527	0.02100	0.01501	0.05194	0.20685	0.01989	0.21898	0.01805	0.02004	0.01308	0.01008	0.04230	0.00257	0.03552	0.03203	0.00566	0.01007
12	0.01526	0.01471	0.02547	0.27533	0.46478	0.01565	0.05247	0.01949	0.01469	0.02031	0.01244	0.01710	0.01005	0.00621	0.00673	0.00209	0.00845	0.00607	0.00321	0.00950
13	0.01391	0.01193	0.01391	0.00994	0.01590	0.00894	0.00795	0.01690	0.01391	0.02186	0.01193	0.01391	0.00994	0.00497	0.00497	0.00099	0.00497	0.00398	0.00398	0.80521
14	0.04184	0.01216	0.03446	0.04225	0.05229	0.01168	0.11731	0.09259	0.04015	0.02393	0.16187	0.08174	0.14014	0.04250	0.00884	0.00234	0.02692	0.00969	0.00535	0.05193
15	0.01486	0.02934	0.54270	0.01893	0.02784	0.01480	0.09974	0.02166	0.01467	0.06745	0.01315	0.01516	0.00935	0.00630	0.00646	0.00204	0.00938	0.00533	0.00335	0.07749
16	0.01391	0.01193	0.01391	0.00994	0.01590	0.00894	0.00795	0.01690	0.01391	0.02186	0.01193	0.01391	0.00994	0.00497	0.00497	0.00099	0.00497	0.00398	0.00398	0.80521
17	0.01775	0.73750	0.06425	0.01180	0.01772	0.02609	0.01204	0.02014	0.01366	0.01602	0.00944	0.01091	0.00861	0.00577	0.00439	0.00146	0.00729	0.00365	0.00287	0.00867
18	0.02506	0.03198	0.01901	0.01729	0.02074	0.73725	0.01296	0.02679	0.01901	0.01642	0.01037	0.01210	0.00864	0.00691	0.00605	0.00173	0.01210	0.00432	0.00346	0.00778
19	0.01251	0.00625	0.00625	0.00625	0.00782	0.00625	0.00469	0.01563	0.01407	0.02502	0.02189	0.02502	0.01720	0.00782	0.00469	0.00156	0.00313	0.00625	0.80144	0.00625
20	0.01251	0.00625	0.00625	0.00625	0.00782	0.00625	0.00469	0.01563	0.01407	0.02502	0.02189	0.02502	0.01720	0.00782	0.00469	0.00156	0.00313	0.00625	0.80144	0.00625
21	0.01081	0.00772	0.01081	0.01236	0.01390	0.00772	0.01081	0.01390	0.01545	0.02008	0.03553	0.07569	0.03862	0.01854	0.00927	0.00309	0.00618	0.67717	0.00618	0.00618
22	0.02551	0.01879	0.02014	0.01544	0.02081	0.02081	0.01275	0.69996	0.03155	0.04229	0.01611	0.01611	0.01141	0.00805	0.00671	0.00201	0.00738	0.00604	0.00671	0.01141
23	0.81159	0.01298	0.00986	0.00882	0.01298	0.01505	0.00727	0.01972	0.01142	0.03010	0.00934	0.01090	0.00727	0.00623	0.00415	0.00208	0.00519	0.00363	0.00415	0.00727
24	0.01251	0.00625	0.00625	0.00625	0.00782	0.00625	0.00469	0.01563	0.01407	0.02502	0.02189	0.02502	0.01720	0.00782	0.00469	0.00156	0.00313	0.00625	0.80144	0.00625
25	0.01103	0.00765	0.00999	0.04477	0.01242	0.00730	0.00722	0.01473	0.04447	0.06695	0.57642	0.04693	0.09804	0.01309	0.00775	0.00213	0.00369	0.01148	0.00713	0.00680
26	0.02433	0.03082	0.01983	0.01770	0.02116	0.68371	0.03834	0.02620	0.01857	0.01660	0.01043	0.01242	0.00871	0.00705	0.00672	0.00179	0.03986	0.00451	0.00344	0.00781
27	0.01251	0.00625	0.00625	0.00625	0.00782	0.00625	0.00469	0.01563	0.01407	0.02502	0.02189	0.02502	0.01720	0.00782	0.00469	0.00156	0.00313	0.00625	0.80144	0.00625
28	0.00950	0.00686	0.00897	0.00844	0.01002	0.00633	0.00633	0.01266	0.01899	0.02691	0.71879	0.05012	0.06331	0.01372	0.00791	0.00211	0.00317	0.01213	0.00739	0.00633
29	0.01166	0.00583	0.00874	0.00874	0.00874	0.00583	0.00583	0.00874	0.00874	0.01166	0.01166	0.02040	0.01166	0.02331	0.02622	0.80478	0.00583	0.00583	0.00291	0.00291
30	0.01343	0.06216	0.60567	0.01767	0.02642	0.01536	0.02200	0.02116	0.05417	0.02114	0.01581	0.04408	0.03701	0.00744	0.00645	0.00213	0.00907	0.00592	0.00332	0.00958
31	0.00889	0.00692	0.00826	0.00891	0.01038	0.00647	0.00657	0.01147	0.04825	0.01879	0.08216	0.32672	0.29818	0.01937	0.03523	0.00283	0.00449	0.08397	0.00622	0.00592
32	0.00963	0.00701	0.00988	0.00988	0.01076	0.00789	0.00725	0.01140	0.01051	0.01490	0.01880	0.03096	0.01877	0.23738	0.55327	0.00966	0.01497	0.00786	0.00372	0.00549
33	0.02476	0.02827	0.01966	0.01802	0.05444	0.54281	0.01328	0.17665	0.02163	0.02246	0.01176	0.01321	0.00936	0.00712	0.00623	0.00180	0.01085	0.00478	0.00418	0.00873
34	0.01558	0.38205	0.40067	0.01551	0.02344	0.02078	0.01849	0.02070	0.01391	0.01866	0.01076	0.01255	0.00855	0.00607	0.00539	0.00180	0.00862	0.00431	0.00285	0.00930
35	0.01779	0.74387	0.05821	0.01173	0.01761	0.02619	0.01192	0.02013	0.01365	0.01597	0.00942	0.01088	0.00861	0.00576	0.00437	0.00146	0.00727	0.00363	0.00287	0.00865
36	0.00835	0.00631	0.00772	0.00844	0.00959	0.00568	0.00592	0.01004	0.01470	0.01923	0.17236	0.42651	0.24383	0.01850	0.00826	0.00248	0.00361	0.01636	0.00644	0.00568
37	0.01349	0.01271	0.02090	0.58716	0.13813	0.01535	0.01838	0.01848	0.04702	0.01830	0.01265	0.01793	0.00973	0.00691	0.00727	0.00223	0.03609	0.00604	0.00321	0.00804
38	0.01420	0.23042	0.22987	0.03313	0.02075	0.03763	0.05403	0.01808	0.01305	0.01751	0.01301	0.01824	0.01151	0.07838	0.14286	0.00392	0.04660	0.00561	0.00315	0.00804
39	0.01166	0.00583	0.00874	0.00874	0.00874	0.00583	0.00583	0.00874	0.00874	0.01166	0.01166	0.02040	0.01166	0.02331	0.02622	0.80478	0.00583	0.00583	0.00291	0.00291
40	0.01576	0.01569	0.02573	0.25332	0.42468	0.05086	0.07719	0.01993	0.01494	0.02017	0.01238	0.01690	0.00998	0.00622	0.00674	0.00208	0.00875	0.00606	0.00323	0.00939
41	0.04532	0.14190	0.04553	0.09196	0.07090	0.01832	0.11872	0.11189	0.06924	0.02259	0.01495	0.07481	0.01312	0.00857	0.00888	0.00220	0.12126	0.00691	0.00414	0.00878
42	0.01539	0.01524	0.02757	0.23232	0.41040	0.01585	0.14506	0.01981	0.01487	0.02053	0.01261	0.01723	0.01008	0.00612	0.00690	0.00211	0.00885	0.00633	0.00324	0.00947
43	0.01280	0.01206	0.02035	0.72532	0.06796	0.01494	0.01870	0.01725	0.01348	0.01730	0.01195	0.01785	0.00900	0.00668	0.00671	0.00223	0.00891	0.00596	0.00299	0.00756
44	0.01593	0.01549	0.02484	0.13384	0.54175	0.04138	0.01917	0.01966	0.01482	0.02060	0.01328	0.04766	0.01166	0.00702	0.00745	0.00209	0.04380	0.00646	0.00338	0.00972
45	0.01238	0.02141	0.36902	0.01654	0.05533	0.01165	0.04017	0.01727	0.01413	0.04594	0.02307	0.25421	0.04254	0.01180	0.00730	0.00235	0.00748	0.03475	0.00438	0.00830
46	0.03010	0.01142	0.01557	0.01194	0.01713	0.00986	0.00986	0.03270	0.01920	0.72698	0.02647	0.02284	0.01661	0.00830	0.00675	0.00208	0.00571	0.00675	0.00830	0.01142
47	0.02575	0.01093	0.01443	0.01137	0.01590	0.00975	0.00927	0.06565	0.01967	0.55183	0.12988	0.02849	0.05696	0.00951	0.00697	0.00209	0.00532	0.00786	0.00798	0.01039
48	0.01713	0.06698	0.24856	0.02347	0.18419	0.06512	0.09012	0.07538	0.01624	0.05639	0.01379	0.04208	0.01111	0.00728	0.00751	0.00210	0.05305	0.00611	0.00375	0.00965
49	0.02005	0.04454	0.02238	0.20402	0.23820	0.06664	0.03863	0.07650	0.01722	0.18300	0.01564	0.01781	0.01141	0.00690	0.00660	0.00204	0.00802	0.00601	0.00464	0.00975
50	0.00817	0.00669	0.00724	0.00754	0.00944	0.00576	0.00561	0.00992	0.01507	0.01843	0.08880	0.17355	0.55304	0.01756	0.00809	0.00237	0.00360	0.04715	0.00628	0.00568
51	0.05709	0.01620	0.03918	0.09569	0.35746	0.04259	0.03367	0.09551	0.07155	0.10255	0.01538	0.01756	0.01169	0.00682	0.00657	0.00205	0.00769	0.00604	0.00451	0.01018
52	0.45706	0.08320	0.05693	0.01258	0.04958	0.07068	0.01032	0.06499	0.01438	0.05610	0.01272	0.03657	0.01068	0.00735	0.00516	0.00205	0.00647	0.03073	0.00435	0.00809
53	0.01761	0.01487	0.01569	0.01384	0.01780	0.01712	0.01084	0.10517	0.63920	0.02956	0.02614	0.02410	0.01953	0.00899	0.00682	0.00225	0.00553	0.00742	0.00682	0.01070
54	0.09427	0.22958	0.09290	0.01705	0.05378	0.19715	0.07939	0.05076	0.04053	0.02023	0.01130	0.01340	0.00928	0.00675	0.00674	0.00189	0.05802	0.00483	0.00351	0.00865
55	0.03427	0.09764	0.37225	0.01657	0.04369	0.01424	0.05220	0.01985	0.01473	0.08002	0.04206	0.09147	0.04228	0.00904	0.00669	0.00216	0.00797	0.03979	0.00414	0.00894
56	0.01165	0.01019	0.01441	0.03223	0.14139	0.00997	0.04921	0.01662	0.10188	0.02272	0.23011	0.04358	0.24791	0.01228	0.00756	0.00219	0.00504	0.02760	0.00587	0.00760
57	0.01166	0.00583	0.00874	0.00874	0.00874	0.00583	0.00583	0.00874	0.00874	0.01166	0.01166	0.02040	0.01166	0.02331	0.02622	0.80478	0.00583	0.00583	0.00291	0.00291
58	0.01391	0.01193	0.01391	0.00994	0.01590	0.00894	0.00795	0.01690	0.01391	0.02186	0.01193	0.01391	0.00994	0.00497	0.00497	0.00099	0.00497	0.00398	0.00398	0.80521
59	0.02104	0.01525	0.11893	0.04324	0.08483	0.01207	0.01311	0.08519	0.04347	0.31062	0.08073	0.05954	0.01991	0.00898	0.00687	0.00211	0.00646	0.02404	0.00628	0.03734
60	0.01860	0.58164	0.03125	0.03420	0.01862	0.13126	0.01214	0.02071	0.01418	0.01595	0.00952	0.01146	0.00864	0.00638	0.00593	0.00161	0.06264	0.00393	0.00297	0.00836
61	0.01100	0.00606	0.00825	0.00825	0.00825	0.00606	0.00522	0.00909	0.00909	0.01212	0.01493	0.02851	0.01605	0.27884	0.02896	0.52945	0.00606	0.00718	0.00331	0.00331
62	0.02105	0.31733	0.06544	0.01538	0.02017	0.34072	0.03370	0.05617	0.01688	0.01785	0.01038	0.01215	0.00881	0.00660	0.00599	0.00171	0.03361	0.00431	0.00333	0.00842
63	0.01391	0.01193	0.01391	0.00994	0.01590	0.00894	0.00795	0.01690	0.01391	0.02186	0.01193	0.01391	0.00994	0.00497	0.00497	0.00099	0.00497	0.00398	0.00398	0.80521
64	0.01391	0.01193	0.01391	0.00994	0.01590	0.00894	0.00795	0.01690	0.01391	0.02186	0.01193	0.01391	0.00994	0.00497	0.00497	0.00099	0.00497	0.00398	0.00398	0.80521
65	0.00820	0.00592	0.00771	0.00911	0.00962	0.00549	0.00609	0.00937	0.01292	0.01708	0.03862	0.69232	0.08937	0.04212	0.00926	0.00280	0.00393	0.01848	0.00617	0.00542
66	0.13662	0.04234	0.01991	0.09035	0.22951	0.06170	0.01397	0.09299	0.04388	0.13473	0.01486	0.01647	0.01113	0.00677	0.00609	0.00195	0.00719	0.00550	0.00471	0.05933
67	0.01172	0.07349	0.03537	0.01151	0.03756	0.00943	0.00849	0.05341	0.01413	0.04603	0.02864	0.42861	0.03215	0.08504	0.05542	0.00336	0.00601	0.04757	0.00548	0.00658
68	0.00817	0.00588	0.00775	0.00924	0.00971	0.00546	0.00618	0.00935	0.01294	0.01717	0.03818	0.73284	0.07057	0.02087	0.00854	0.00271	0.00387	0.01888	0.00623	0.00546
69	0.01740	0.34826	0.16685	0.01497	0.04585	0.05570	0.01443	0.08814	0.01565	0.02054	0.01121	0.01316	0.00929	0.00659	0.00649	0.00174	0.06212	0.00450	0.02381	0.07330
70	0.01027	0.00804	0.03151	0.01122	0.03183	0.00705	0.00872	0.01253	0.01454	0.04526	0.04023	0.32541	0.16109	0.01809	0.00851	0.00271	0.00496	0.24569	0.00610	0.00625
71	0.01729	0.01800	0.11818	0.09196	0.35572	0.01573	0.12003	0.04682	0.01586	0.08853	0.01394	0.01712	0.01067	0.00654	0.00734	0.00211	0.03410	0.00620	0.00382	0.01002
72	0.02506	0.03198	0.01901	0.01729	0.02074	0.73725	0.01296	0.02679	0.01901	0.01642	0.01037	0.01210	0.00864	0.00691	0.00605	0.00173	0.01210	0.00432	0.00346	0.00778
73	0.00893	0.00677	0.00824	0.00802	0.00972	0.00607	0.00596	0.01152	0.01744	0.02358	0.47558	0.10640	0.25682	0.01523	0.00797	0.00220	0.00329	0.01324	0.00696	0.00607
74	0.01391	0.01193	0.01391	0.00994	0.01590	0.00894	0.00795	0.01690	0.01391	0.02186	0.01193	0.01391	0.00994	0.00497	0.00497	0.00099	0.00497	0.00398	0.00398	0.80521
75	0.04471	0.01850	0.19762	0.03947	0.10986	0.04745	0.06576	0.01965	0.07474	0.02233	0.10981	0.06184	0.04682	0.00917	0.00689	0.00212	0.00729	0.04470	0.00452	0.06675
76	0.01954	0.02071	0.16455	0.01830	0.08187	0.04407	0.04847	0.33026	0.07148	0.03140	0.06080	0.04548	0.01572	0.00828	0.00682	0.00209	0.00778	0.00681	0.00538	0.01020
77	0.00832	0.00590	0.00774	0.00916	0.00952	0.00554	0.00603	0.00938	0.01257	0.01676	0.03556	0.69552	0.04258	0.08776	0.01086	0.00306	0.00413	0.01824	0.00603	0.00533
78	0.01482	0.01453	0.02517	0.25823	0.30910	0.01615	0.10315	0.01878	0.01396	0.01941	0.01216	0.01721	0.00997	0.00818	0.02931	0.00248	0.10912	0.00623	0.00318	0.00886
79	0.04601	0.03921	0.08983	0.04926	0.20323	0.01642	0.04805	0.10678	0.15751	0.06594	0.05073	0.01963	0.01504	0.00779	0.00759	0.00214	0.05358	0.00649	0.00487	0.00991
80	0.01695	0.05743	0.15057	0.02793	0.32983	0.04225	0.09836	0.02178	0.03565	0.08146	0.01647	0.04360	0.03304	0.00717	0.00672	0.00206	0.00828	0.00665	0.00394	0.00985
81	0.01661	0.01594	0.02724	0.04119	0.72233	0.01594	0.02059	0.02059	0.01528	0.02192	0.01262	0.01661	0.01063	0.00598	0.00664	0.00199	0.00797	0.00598	0.00332	0.01063
82	0.01060	0.00964	0.05394	0.01132	0.03213	0.00787	0.04651	0.03725	0.01509	0.04581	0.04391	0.31407	0.28973	0.01633	0.00800	0.00243	0.00487	0.03801	0.00588	0.00661
83	0.01673	0.08344	0.13820	0.07981	0.21529	0.07910	0.10380	0.04518	0.01552	0.04657	0.01412	0.06371	0.01209	0.00757	0.00750	0.00210	0.04984	0.00658	0.00367	0.00919
84	0.00945	0.00741	0.01091	0.01103	0.01246	0.00712	0.05779	0.01156	0.01386	0.01832	0.06948	0.36294	0.12126	0.04290	0.08267	0.00359	0.00626	0.13932	0.00574	0.00593
85	0.01575	0.48050	0.24435	0.01363	0.02019	0.02143	0.01509	0.01954	0.01373	0.01756	0.01249	0.07495	0.01159	0.00722	0.00529	0.00175	0.00773	0.00531	0.00314	0.00874
86	0.03703	0.03763	0.14000	0.10689	0.23293	0.01696	0.09316	0.14289	0.01740	0.02450	0.01353	0.03810	0.01095	0.00724	0.00758	0.00214	0.05123	0.00630	0.00390	0.00964
87	0.01484	0.09702	0.02717	0.14204	0.09566	0.05024	0.25446	0.01886	0.01512	0.01972	0.05022	0.05573	0.01690	0.00856	0.00769	0.00224	0.03020	0.08128	0.00387	0.00818
88	0.01680	0.01614	0.09566	0.10958	0.24505	0.03548	0.04925	0.04606	0.05968	0.10447	0.07347	0.06527	0.01771	0.00834	0.00730	0.00215	0.02614	0.00739	0.00466	0.00940
89	0.01819	0.01669	0.09369	0.05006	0.30558	0.03433	0.06215	0.06534	0.01678	0.13368	0.03432	0.06335	0.01462	0.00760	0.00676	0.00203	0.00760	0.00692	0.00459	0.05571

[dist]
# distance from previous block
# <min> <max>
2	11

[block]
# block no. 4 follows, 32 sequences, length 18
# corresponding to MSA columns:
# 336-353
name=unknown_E
#
# <colnr> <probs for GDERKNQSTAVLIFYWHMCP>
#	G	D	E	R	K	N	Q	S	T	A	V	L	I	F	Y	W	H	M	C	P
0	0.01393	0.01154	0.01306	0.01251	0.04799	0.01219	0.00913	0.07604	0.30653	0.02621	0.17042	0.05959	0.15793	0.01147	0.00721	0.00217	0.00476	0.00974	0.00652	0.04106
1	0.02145	0.01423	0.04053	0.07711	0.09636	0.05456	0.01217	0.11997	0.01958	0.27760	0.13619	0.02402	0.02135	0.00848	0.00679	0.00201	0.00652	0.00707	0.00626	0.04775
2	0.10846	0.07955	0.01887	0.01435	0.04053	0.06763	0.04341	0.27389	0.02070	0.10224	0.01737	0.02058	0.03519	0.10135	0.00999	0.00255	0.02253	0.00632	0.00535	0.00915
3	0.00936	0.00698	0.00878	0.00990	0.01074	0.00695	0.00684	0.01276	0.09912	0.01844	0.03522	0.62378	0.04058	0.04406	0.00922	0.00281	0.00423	0.03796	0.00623	0.00607
4	0.00976	0.00651	0.00732	0.00732	0.00732	0.00651	0.00407	0.00976	0.00976	0.01301	0.02114	0.04391	0.02439	0.76419	0.03415	0.00651	0.00651	0.00976	0.00407	0.00407
5	0.04360	0.01251	0.01422	0.01040	0.01617	0.01024	0.00834	0.06174	0.04328	0.02373	0.01273	0.01440	0.01037	0.00538	0.00513	0.00115	0.00515	0.00424	0.00427	0.69294
6	0.01668	0.01557	0.07261	0.04370	0.35373	0.01347	0.04587	0.02111	0.03771	0.08910	0.04099	0.01806	0.01315	0.00640	0.00637	0.00182	0.00713	0.00590	0.00417	0.18645
7	0.01267	0.01193	0.02013	0.74806	0.04621	0.01491	0.01863	0.01714	0.01342	0.01714	0.01193	0.01789	0.00894	0.00671	0.00671	0.00224	0.00894	0.00596	0.00298	0.00745
8	0.01664	0.15226	0.24931	0.02146	0.17046	0.01828	0.04033	0.08583	0.13672	0.02357	0.01477	0.01629	0.01137	0.00679	0.00623	0.00200	0.00805	0.00559	0.00401	0.01007
9	0.21788	0.01577	0.03254	0.04339	0.04294	0.04006	0.09612	0.10325	0.22477	0.07131	0.01737	0.01802	0.01293	0.00754	0.00663	0.00217	0.02657	0.00609	0.00526	0.00941
10	0.01543	0.04927	0.01585	0.03648	0.01760	0.03581	0.00907	0.07549	0.01556	0.02296	0.01211	0.01403	0.00992	0.00540	0.00518	0.00117	0.00566	0.00421	0.00410	0.64471
11	0.00889	0.00659	0.00854	0.00942	0.01050	0.00588	0.00644	0.01028	0.01298	0.01771	0.03388	0.66751	0.04012	0.01904	0.00812	0.00251	0.00403	0.01721	0.00595	0.10441
12	0.01391	0.01193	0.01391	0.00994	0.01590	0.00894	0.00795	0.01690	0.01391	0.02186	0.01193	0.01391	0.00994	0.00497	0.00497	0.00099	0.00497	0.00398	0.00398	0.80521
13	0.01805	0.01659	0.04844	0.05157	0.35800	0.01567	0.23676	0.04397	0.01636	0.10597	0.01465	0.01778	0.01112	0.00625	0.00706	0.00210	0.00884	0.00667	0.00402	0.01013
14	0.02500	0.11003	0.02097	0.01425	0.01957	0.01940	0.01199	0.46879	0.05692	0.15937	0.01759	0.01703	0.01238	0.00786	0.00643	0.00196	0.00697	0.00593	0.00652	0.01103
15	0.01054	0.10107	0.01221	0.00882	0.01091	0.00883	0.00697	0.01358	0.01833	0.02553	0.63100	0.04525	0.05654	0.01273	0.00747	0.00203	0.00366	0.01108	0.00683	0.00661
16	0.00990	0.00845	0.01112	0.02947	0.01332	0.00811	0.05974	0.01403	0.10072	0.01975	0.08270	0.26957	0.31560	0.01595	0.00796	0.00240	0.00453	0.01407	0.00606	0.00655
17	0.01743	0.05145	0.40268	0.04589	0.11256	0.04503	0.04237	0.02353	0.03341	0.14038	0.01483	0.01627	0.01053	0.00671	0.00646	0.00207	0.00885	0.00551	0.00397	0.01003

[dist]
# distance from previous block
# <min> <max>
0	2

[block]
# block no. 5 follows, 32 sequences, length 10
# corresponding to MSA columns:
# 356-365
name=unknown_F
#
# <colnr> <probs for GDERKNQSTAVLIFYWHMCP>
#	G	D	E	R	K	N	Q	S	T	A	V	L	I	F	Y	W	H	M	C	P
0	0.01604	0.06167	0.05657	0.22695	0.38273	0.01610	0.07048	0.02028	0.01485	0.05209	0.01291	0.01688	0.01019	0.00626	0.00661	0.00205	0.00842	0.00597	0.00341	0.00953
1	0.01375	0.01501	0.08608	0.50110	0.21784	0.01523	0.01969	0.01840	0.01396	0.01874	0.01211	0.01722	0.00934	0.00649	0.00666	0.00216	0.00878	0.00588	0.00306	0.00849
2	0.01981	0.02323	0.01896	0.04851	0.05149	0.40500	0.01343	0.02181	0.01613	0.01757	0.07415	0.01672	0.01373	0.00885	0.01080	0.00214	0.22078	0.00561	0.00364	0.00764
3	0.01548	0.01077	0.01614	0.05914	0.04829	0.02872	0.11172	0.01836	0.03350	0.16983	0.02902	0.21877	0.09523	0.10072	0.01071	0.00281	0.00638	0.01111	0.00561	0.00767
4	0.01903	0.01147	0.01852	0.04808	0.04315	0.01075	0.14129	0.04844	0.01680	0.28267	0.02685	0.20877	0.04611	0.01149	0.00755	0.00232	0.00655	0.03503	0.00623	0.00888
5	0.01520	0.01847	0.22656	0.14963	0.14020	0.01332	0.04169	0.01970	0.01455	0.10980	0.01808	0.14162	0.01605	0.00924	0.00752	0.00225	0.03491	0.00804	0.00423	0.00891
6	0.01600	0.01333	0.02076	0.35351	0.18042	0.01552	0.01686	0.02107	0.07700	0.09436	0.01458	0.01835	0.01114	0.00763	0.00880	0.00227	0.10944	0.00618	0.00396	0.00882
7	0.03705	0.03820	0.07649	0.04010	0.02186	0.01449	0.14907	0.07695	0.05198	0.13038	0.01896	0.08107	0.03636	0.00886	0.00868	0.00216	0.09857	0.00748	0.00488	0.09641
8	0.04794	0.01859	0.11360	0.04704	0.25843	0.04049	0.06564	0.11181	0.08288	0.08417	0.01520	0.01723	0.01152	0.00714	0.00745	0.00212	0.04811	0.00606	0.00446	0.01010
9	0.04860	0.01480	0.05566	0.01661	0.08460	0.03580	0.03732	0.10473	0.09183	0.21807	0.04793	0.04394	0.01783	0.01071	0.03272	0.00253	0.07346	0.04737	0.00586	0.00961

[dist]
# distance from previous block
# <min> <max>
1	19

[block]
# block no. 6 follows, 32 sequences, length 29
# corresponding to MSA columns:
# 385-413
name=unknown_G
#
# <colnr> <probs for GDERKNQSTAVLIFYWHMCP>
#	G	D	E	R	K	N	Q	S	T	A	V	L	I	F	Y	W	H	M	C	P
0	0.01461	0.09338	0.19544	0.01508	0.02031	0.06898	0.09426	0.03301	0.01533	0.04760	0.05568	0.12031	0.05380	0.02928	0.00756	0.00220	0.00760	0.04860	0.00441	0.07256
1	0.03462	0.34757	0.33141	0.01548	0.02277	0.04985	0.04365	0.02064	0.01432	0.01913	0.03687	0.01402	0.01061	0.00636	0.00554	0.00182	0.00852	0.00469	0.00310	0.00904
2	0.04301	0.33437	0.20956	0.01486	0.02141	0.06343	0.04474	0.07421	0.03493	0.08296	0.01279	0.01391	0.00985	0.00648	0.00556	0.00181	0.00813	0.00475	0.00384	0.00939
3	0.01817	0.39171	0.13288	0.01581	0.04947	0.09533	0.05218	0.06375	0.08494	0.02005	0.01241	0.01380	0.01012	0.00643	0.00548	0.00175	0.00817	0.00475	0.00360	0.00920
4	0.07639	0.23809	0.47972	0.01619	0.02450	0.01861	0.01972	0.02081	0.01381	0.02041	0.01107	0.01296	0.00844	0.00619	0.00562	0.00193	0.00878	0.00447	0.00295	0.00935
5	0.69766	0.01457	0.06580	0.00976	0.01445	0.01472	0.00873	0.02021	0.01198	0.05358	0.01023	0.01166	0.00777	0.00627	0.00444	0.00205	0.00557	0.00386	0.00419	0.03249
6	0.01166	0.00583	0.00874	0.00874	0.00874	0.00583	0.00583	0.00874	0.00874	0.01166	0.01166	0.02040	0.01166	0.02331	0.02622	0.80478	0.00583	0.00583	0.00291	0.00291
7	0.12547	0.25401	0.18469	0.01635	0.04625	0.11255	0.07760	0.04819	0.01531	0.04647	0.01146	0.01324	0.00902	0.00628	0.00557	0.00186	0.00853	0.00469	0.00352	0.00894
8	0.04847	0.48878	0.02909	0.01401	0.03929	0.19603	0.01211	0.04947	0.01553	0.01774	0.00994	0.01160	0.00875	0.00632	0.00541	0.00161	0.03013	0.00401	0.00323	0.00850
9	0.00894	0.00684	0.00820	0.00786	0.00968	0.00609	0.00589	0.01159	0.01768	0.02379	0.48772	0.05525	0.29633	0.01488	0.00792	0.00217	0.00325	0.01285	0.00698	0.00609
10	0.01391	0.01193	0.01391	0.00994	0.01590	0.00894	0.00795	0.01690	0.01391	0.02186	0.01193	0.01391	0.00994	0.00497	0.00497	0.00099	0.00497	0.00398	0.00398	0.80521
11	0.01013	0.00769	0.00945	0.00894	0.01084	0.00741	0.00680	0.01483	0.09268	0.02582	0.54905	0.04988	0.13220	0.01375	0.00784	0.00218	0.00352	0.03313	0.00716	0.00671
12	0.01060	0.00794	0.01072	0.01033	0.01121	0.00912	0.00761	0.03694	0.01118	0.01577	0.01826	0.03080	0.01846	0.27644	0.43163	0.00851	0.06712	0.00788	0.00381	0.00567
13	0.00827	0.00678	0.00708	0.00702	0.00901	0.00581	0.00514	0.00997	0.01519	0.01861	0.13404	0.06113	0.58525	0.08480	0.01032	0.00264	0.00366	0.01354	0.00616	0.00559
14	0.01542	0.01473	0.02509	0.25471	0.51810	0.01563	0.02000	0.01955	0.01472	0.02048	0.01241	0.01699	0.01012	0.00620	0.00666	0.00207	0.00827	0.00597	0.00322	0.00967
15	0.02145	0.00997	0.01310	0.01078	0.01453	0.00908	0.00862	0.02552	0.07253	0.41426	0.28238	0.03309	0.03417	0.01037	0.00718	0.00210	0.00474	0.00880	0.00785	0.00948
16	0.00976	0.00651	0.00732	0.00732	0.00732	0.00651	0.00407	0.00976	0.00976	0.01301	0.02114	0.04391	0.02439	0.76419	0.03415	0.00651	0.00651	0.00976	0.00407	0.00407
17	0.02887	0.01197	0.01574	0.01222	0.01731	0.01087	0.01005	0.06202	0.07315	0.64312	0.02608	0.02271	0.01668	0.00836	0.00675	0.00209	0.00575	0.00678	0.00812	0.01136
18	0.01387	0.06941	0.64023	0.01948	0.02894	0.01623	0.07790	0.02121	0.01427	0.02100	0.01203	0.01431	0.00864	0.00629	0.00640	0.00210	0.00989	0.00513	0.00288	0.00978
19	0.00976	0.00651	0.00732	0.00732	0.00732	0.00651	0.00407	0.00976	0.00976	0.01301	0.02114	0.04391	0.02439	0.76419	0.03415	0.00651	0.00651	0.00976	0.00407	0.00407
20	0.01346	0.03471	0.72942	0.01912	0.02904	0.01558	0.02479	0.02125	0.01417	0.02125	0.01204	0.01417	0.00850	0.00637	0.00637	0.00212	0.00992	0.00496	0.00283	0.00992
21	0.08215	0.01440	0.02123	0.30947	0.24881	0.01607	0.01691	0.12668	0.03642	0.04477	0.01345	0.01698	0.01027	0.00677	0.00648	0.00211	0.00789	0.00586	0.00403	0.00926
22	0.01629	0.01594	0.02648	0.11846	0.48258	0.03918	0.09320	0.03757	0.01555	0.02145	0.01351	0.01914	0.01144	0.00676	0.00725	0.00211	0.02619	0.03366	0.00349	0.00976
23	0.01659	0.01655	0.02759	0.09400	0.56867	0.04741	0.08940	0.02069	0.01535	0.02126	0.01257	0.01666	0.01036	0.00604	0.00675	0.00203	0.00857	0.00610	0.00331	0.01009
24	0.01593	0.01491	0.04346	0.24595	0.31289	0.03752	0.01745	0.02097	0.06855	0.06437	0.01689	0.02009	0.04588	0.00741	0.00736	0.00214	0.03865	0.00646	0.00392	0.00923
25	0.01078	0.03851	0.07410	0.09604	0.01962	0.01027	0.11165	0.01359	0.01351	0.01807	0.02810	0.42765	0.05798	0.01495	0.00831	0.00249	0.02903	0.01364	0.00495	0.00675
26	0.01723	0.01680	0.10480	0.04784	0.21632	0.01429	0.19188	0.06018	0.01655	0.11744	0.01897	0.07058	0.03607	0.00818	0.00722	0.00219	0.00827	0.03111	0.00453	0.00954
27	0.04199	0.01511	0.02424	0.22068	0.36278	0.03591	0.07066	0.02100	0.04895	0.05003	0.01352	0.01736	0.01066	0.00661	0.00717	0.00212	0.03207	0.00611	0.00363	0.00941
28	0.01360	0.01355	0.08546	0.10398	0.08715	0.03024	0.11977	0.01690	0.01492	0.07385	0.05345	0.13422	0.14216	0.01182	0.00840	0.04169	0.00702	0.02939	0.00477	0.00765

[dist]
# distance from previous block
# <min> <max>
0	30

# created by:
# /home/berkeley/.conda/envs/busco_data_prod/bin/msa2prfl.pl pipeline/OGs_align_augustus/4893/38175.fs
