[name]
unknown

[dist]
# distance from previous block
# <min> <max>
10	67

[block]
# block no. 0 follows, 34 sequences, length 72
# corresponding to MSA columns:
# 72-143
name=unknown_A
#
# <colnr> <probs for GDERKNQSTAVLIFYWHMCP>
#	G	D	E	R	K	N	Q	S	T	A	V	L	I	F	Y	W	H	M	C	P
0	0.12310	0.03826	0.11613	0.09346	0.03953	0.01622	0.02834	0.16043	0.12003	0.02588	0.05442	0.01757	0.01348	0.00777	0.00774	0.00209	0.09201	0.00580	0.00455	0.03319
1	0.03541	0.16598	0.11825	0.01665	0.10738	0.01680	0.03685	0.17168	0.06575	0.04627	0.04111	0.03620	0.01335	0.00710	0.00585	0.00180	0.00682	0.00573	0.02690	0.07409
2	0.11228	0.01513	0.08587	0.08236	0.08859	0.05839	0.04780	0.05959	0.07648	0.09368	0.10341	0.04962	0.03884	0.00955	0.02639	0.00229	0.02951	0.00703	0.00484	0.00834
3	0.06513	0.03550	0.03564	0.07027	0.08431	0.06251	0.01137	0.08034	0.12216	0.18077	0.06401	0.04744	0.07382	0.00890	0.00685	0.00205	0.02725	0.00720	0.00557	0.00892
4	0.03741	0.03492	0.11124	0.06369	0.10422	0.03180	0.04057	0.09104	0.08480	0.05535	0.11638	0.04614	0.08041	0.00879	0.00651	0.00198	0.00635	0.00748	0.02795	0.04297
5	0.06704	0.01605	0.08986	0.06439	0.26165	0.01484	0.01494	0.16031	0.05890	0.08682	0.01548	0.03672	0.01236	0.04186	0.00747	0.00217	0.00705	0.00612	0.00458	0.03139
6	0.08791	0.04185	0.06181	0.07793	0.10600	0.05246	0.01150	0.07799	0.03677	0.04179	0.05766	0.06661	0.12256	0.04084	0.05831	0.00279	0.03527	0.00776	0.00453	0.00765
7	0.04269	0.01503	0.08886	0.08428	0.16318	0.01385	0.08552	0.12474	0.06418	0.04319	0.04239	0.02307	0.03754	0.07052	0.03189	0.02413	0.00764	0.02441	0.00438	0.00852
8	0.14592	0.07638	0.10190	0.07439	0.16419	0.10180	0.04536	0.05820	0.01486	0.02143	0.03357	0.01853	0.05112	0.02994	0.03441	0.00236	0.00801	0.00574	0.00371	0.00818
9	0.04884	0.01386	0.02142	0.26242	0.34128	0.03800	0.03617	0.01870	0.04242	0.01963	0.01583	0.01945	0.05855	0.00701	0.00685	0.00205	0.02924	0.00625	0.00345	0.00857
10	0.06375	0.01139	0.01701	0.19528	0.22185	0.01232	0.01356	0.04030	0.03672	0.04681	0.02036	0.19426	0.04054	0.01033	0.00725	0.00222	0.02931	0.02452	0.00436	0.00786
11	0.00786	0.00566	0.00746	0.00891	0.00935	0.00526	0.00596	0.00901	0.01245	0.01653	0.03667	0.74364	0.06712	0.02011	0.00823	0.00261	0.00373	0.01820	0.00600	0.00526
12	0.01229	0.00809	0.01084	0.01014	0.01150	0.00923	0.00787	0.03508	0.01202	0.06815	0.01765	0.02442	0.01561	0.08585	0.36301	0.03052	0.09603	0.00668	0.16877	0.00626
13	0.01835	0.10635	0.02122	0.09540	0.10722	0.12009	0.01377	0.13682	0.08765	0.04536	0.01304	0.01539	0.01046	0.00785	0.00931	0.00208	0.17136	0.00543	0.00409	0.00877
14	0.00933	0.00652	0.00833	0.00833	0.00877	0.00696	0.00551	0.01022	0.00978	0.01348	0.01919	0.03579	0.02067	0.49460	0.30736	0.00785	0.01051	0.00845	0.00374	0.00463
15	0.04440	0.21569	0.10388	0.01544	0.01936	0.14695	0.04986	0.06294	0.01424	0.01835	0.01022	0.01319	0.00881	0.00898	0.03493	0.00230	0.21441	0.00481	0.00320	0.00802
16	0.01348	0.12275	0.65465	0.01753	0.02660	0.01627	0.02233	0.02033	0.01358	0.01983	0.01128	0.01325	0.00820	0.00607	0.00590	0.00197	0.00923	0.00462	0.00273	0.00940
17	0.00787	0.00562	0.00750	0.00900	0.00937	0.00525	0.00600	0.00900	0.01237	0.01649	0.03561	0.76871	0.04274	0.02024	0.00825	0.00262	0.00375	0.01837	0.00600	0.00525
18	0.01340	0.01148	0.01340	0.00957	0.01531	0.00861	0.00766	0.01627	0.01340	0.02105	0.01148	0.01340	0.00957	0.00479	0.00479	0.00096	0.00479	0.00383	0.00383	0.81242
19	0.01503	0.09763	0.45511	0.01533	0.02258	0.01454	0.01791	0.04835	0.03638	0.09436	0.01669	0.04360	0.03850	0.04731	0.00754	0.00222	0.00804	0.00598	0.00384	0.00906
20	0.01122	0.00561	0.00842	0.00842	0.00842	0.00561	0.00561	0.00842	0.00842	0.01122	0.01122	0.01964	0.01122	0.02245	0.02525	0.81201	0.00561	0.00561	0.00281	0.00281
21	0.01525	0.01743	0.03813	0.02723	0.03377	0.01634	0.70915	0.02070	0.01525	0.02070	0.01307	0.01743	0.00980	0.00545	0.00763	0.00218	0.01089	0.00763	0.00327	0.00871
22	0.01490	0.01531	0.02924	0.18863	0.32207	0.01551	0.27908	0.01945	0.01453	0.01997	0.01236	0.01680	0.00973	0.00579	0.00687	0.00207	0.00909	0.00646	0.00315	0.00901
23	0.01727	0.77681	0.03386	0.01106	0.01658	0.02557	0.01106	0.01935	0.01313	0.01520	0.00898	0.01036	0.00829	0.00553	0.00415	0.00138	0.00691	0.00345	0.00276	0.00829
24	0.02414	0.03079	0.01831	0.01665	0.01998	0.74698	0.01248	0.02580	0.01831	0.01581	0.00999	0.01165	0.00832	0.00666	0.00583	0.00166	0.01165	0.00416	0.00333	0.00749
25	0.01631	0.61144	0.19082	0.01269	0.01912	0.02322	0.01391	0.01960	0.01324	0.01637	0.00956	0.01109	0.00827	0.00566	0.00459	0.00153	0.00750	0.00375	0.00276	0.00857
26	0.01397	0.01261	0.02076	0.03051	0.51708	0.01256	0.01586	0.01717	0.01412	0.02010	0.01786	0.13528	0.01772	0.03748	0.00775	0.00224	0.00671	0.05305	0.03839	0.00878
27	0.00764	0.00655	0.00655	0.00655	0.00873	0.00545	0.00491	0.00927	0.01473	0.01745	0.06546	0.06218	0.73000	0.01636	0.00764	0.00218	0.00327	0.01364	0.00600	0.00545
28	0.00853	0.00650	0.00886	0.06264	0.03627	0.00628	0.00714	0.00992	0.01271	0.01662	0.03673	0.56061	0.14010	0.01827	0.00853	0.02905	0.00422	0.01593	0.00558	0.00550
29	0.04205	0.01486	0.01664	0.10355	0.02114	0.04224	0.03291	0.15528	0.42005	0.02754	0.02123	0.02199	0.01616	0.00829	0.00653	0.00214	0.00633	0.02564	0.00579	0.00964
30	0.81856	0.01250	0.00950	0.00850	0.01250	0.01449	0.00700	0.01899	0.01100	0.02899	0.00900	0.01050	0.00700	0.00600	0.00400	0.00200	0.00500	0.00350	0.00400	0.00700
31	0.00923	0.00692	0.01038	0.01038	0.01154	0.00808	0.00808	0.01154	0.01038	0.01500	0.01731	0.02538	0.01615	0.04846	0.74732	0.01038	0.01731	0.00692	0.00346	0.00577
32	0.00888	0.00659	0.00827	0.00785	0.00949	0.00598	0.00589	0.01168	0.01766	0.02443	0.61264	0.05071	0.17846	0.01376	0.00762	0.00206	0.00309	0.01203	0.00692	0.00598
33	0.01329	0.01173	0.01965	0.67028	0.09149	0.01419	0.01766	0.01748	0.01332	0.05226	0.01222	0.01737	0.00909	0.00649	0.00646	0.00213	0.00839	0.00578	0.00315	0.00758
34	0.01296	0.03342	0.73944	0.01842	0.02797	0.01501	0.02387	0.02046	0.01364	0.02046	0.01160	0.01364	0.00818	0.00614	0.00614	0.00205	0.00955	0.00477	0.00273	0.00955
35	0.01637	0.01451	0.01475	0.01328	0.01692	0.04318	0.01031	0.03402	0.69488	0.02661	0.02569	0.02364	0.01930	0.00869	0.00655	0.00217	0.00536	0.00719	0.00645	0.01013
36	0.07247	0.02019	0.01829	0.10162	0.15120	0.34083	0.03776	0.02042	0.01552	0.01803	0.01458	0.13114	0.01403	0.00850	0.00632	0.00196	0.00888	0.00692	0.00371	0.00762
37	0.02456	0.01810	0.01939	0.01487	0.02004	0.02004	0.01228	0.71107	0.03038	0.04072	0.01551	0.01551	0.01099	0.00776	0.00646	0.00194	0.00711	0.00582	0.00646	0.01099
38	0.00954	0.00625	0.00790	0.00789	0.00856	0.00601	0.00532	0.01010	0.01246	0.01688	0.22524	0.08279	0.08272	0.27444	0.02004	0.17537	0.00484	0.03417	0.00493	0.00456
39	0.01314	0.01150	0.01772	0.09892	0.27243	0.01188	0.03684	0.03554	0.08114	0.02060	0.07324	0.10536	0.06276	0.03390	0.00849	0.02987	0.00637	0.06779	0.00455	0.00797
40	0.03725	0.01690	0.10616	0.13008	0.41842	0.04185	0.03663	0.01949	0.01427	0.04355	0.01313	0.04607	0.01105	0.00675	0.00685	0.00202	0.03081	0.00610	0.00339	0.00924
41	0.01204	0.00602	0.00602	0.00602	0.00753	0.00602	0.00452	0.01506	0.01355	0.02409	0.02108	0.02409	0.01656	0.00753	0.00452	0.00151	0.00301	0.00602	0.80879	0.00602
42	0.00811	0.00585	0.00747	0.00853	0.00911	0.00544	0.00571	0.00933	0.01277	0.01698	0.09495	0.57791	0.09947	0.09340	0.01057	0.00290	0.00390	0.01653	0.00589	0.00521
43	0.04862	0.07288	0.09510	0.20648	0.22352	0.01568	0.11322	0.01832	0.01341	0.01903	0.01184	0.01615	0.00960	0.00914	0.05781	0.00262	0.04934	0.00572	0.00308	0.00844
44	0.02496	0.01747	0.01900	0.01457	0.01972	0.01910	0.01203	0.65075	0.02932	0.10254	0.01640	0.01609	0.01143	0.00778	0.00647	0.00194	0.00697	0.00588	0.00660	0.01099
45	0.00818	0.00584	0.00785	0.00935	0.00986	0.00551	0.00653	0.00953	0.01267	0.01684	0.03544	0.68443	0.04206	0.01995	0.00833	0.00267	0.00402	0.09961	0.00599	0.00533
46	0.04244	0.00939	0.01031	0.00979	0.01142	0.01010	0.00686	0.08965	0.17881	0.02040	0.02421	0.19586	0.02496	0.31694	0.01737	0.00388	0.00548	0.01031	0.00527	0.00655
47	0.00954	0.00736	0.01127	0.01073	0.01217	0.00814	0.04476	0.01188	0.01101	0.01572	0.02049	0.04807	0.05593	0.07129	0.59070	0.00879	0.01485	0.00771	0.03376	0.00583
48	0.00977	0.00598	0.00753	0.00772	0.00777	0.00593	0.00471	0.00904	0.00947	0.01263	0.01946	0.12833	0.02213	0.44219	0.02735	0.25729	0.00574	0.00937	0.00384	0.00374
49	0.02065	0.02498	0.01883	0.01676	0.01892	0.49318	0.01306	0.02222	0.01537	0.01572	0.00946	0.01252	0.00838	0.00828	0.01119	0.00207	0.27322	0.00468	0.00315	0.00734
50	0.02414	0.03079	0.01831	0.01665	0.01998	0.74698	0.01248	0.02580	0.01831	0.01581	0.00999	0.01165	0.00832	0.00666	0.00583	0.00166	0.01165	0.00416	0.00333	0.00749
51	0.01296	0.03342	0.73944	0.01842	0.02797	0.01501	0.02387	0.02046	0.01364	0.02046	0.01160	0.01364	0.00818	0.00614	0.00614	0.00205	0.00955	0.00477	0.00273	0.00955
52	0.02196	0.01681	0.01793	0.01434	0.01905	0.01882	0.01165	0.50401	0.24167	0.03653	0.01881	0.01814	0.01366	0.00807	0.00650	0.00202	0.00650	0.00627	0.00650	0.01076
53	0.00849	0.00652	0.00778	0.00759	0.00929	0.00580	0.00565	0.01088	0.01655	0.02210	0.43353	0.10244	0.31024	0.01487	0.00767	0.00213	0.00318	0.01287	0.00662	0.00580
54	0.02414	0.03079	0.01831	0.01665	0.01998	0.74698	0.01248	0.02580	0.01831	0.01581	0.00999	0.01165	0.00832	0.00666	0.00583	0.00166	0.01165	0.00416	0.00333	0.00749
55	0.00781	0.00659	0.00679	0.00683	0.00896	0.00556	0.00519	0.00956	0.01487	0.01785	0.08899	0.06212	0.67520	0.01631	0.00769	0.00221	0.00338	0.04254	0.00604	0.00550
56	0.00923	0.00692	0.01038	0.01038	0.01154	0.00808	0.00808	0.01154	0.01038	0.01500	0.01731	0.02538	0.01615	0.04846	0.74732	0.01038	0.01731	0.00692	0.00346	0.00577
57	0.01835	0.01501	0.01589	0.01361	0.01767	0.01714	0.01078	0.21611	0.53545	0.03071	0.02340	0.02180	0.01738	0.00849	0.00654	0.00212	0.00565	0.00691	0.00654	0.01043
58	0.01414	0.01414	0.01979	0.01696	0.01696	0.01979	0.01414	0.01555	0.00990	0.01555	0.00848	0.01414	0.00848	0.01131	0.02120	0.00283	0.76110	0.00565	0.00283	0.00707
59	0.04053	0.00590	0.00758	0.00898	0.00950	0.00562	0.00604	0.00940	0.01232	0.01700	0.03454	0.73817	0.04130	0.01967	0.00808	0.00260	0.00380	0.01777	0.00592	0.00532
60	0.00837	0.00652	0.00734	0.00718	0.00905	0.00571	0.00537	0.01058	0.01596	0.02085	0.31200	0.07387	0.43477	0.01495	0.00753	0.00211	0.00319	0.01274	0.03619	0.00571
61	0.01629	0.01284	0.01470	0.01074	0.01634	0.01101	0.00868	0.16079	0.01711	0.05187	0.01284	0.01416	0.01010	0.00552	0.00520	0.00120	0.00529	0.00434	0.00453	0.61644
62	0.14779	0.01385	0.01560	0.01231	0.01710	0.01435	0.01011	0.25904	0.07798	0.33613	0.01966	0.01821	0.01322	0.00767	0.00611	0.00199	0.00593	0.00587	0.00675	0.01032
63	0.11097	0.00778	0.00848	0.00812	0.01044	0.00736	0.00623	0.01362	0.03321	0.07562	0.20632	0.11102	0.32460	0.01390	0.00717	0.00218	0.00379	0.03668	0.00618	0.00634
64	0.01603	0.01061	0.01206	0.01055	0.01370	0.01087	0.00818	0.08595	0.22972	0.15822	0.11457	0.06644	0.16893	0.05419	0.00844	0.00236	0.00476	0.00941	0.00660	0.00842
65	0.00923	0.00692	0.01038	0.01038	0.01154	0.00808	0.00808	0.01154	0.01038	0.01500	0.01731	0.02538	0.01615	0.04846	0.74732	0.01038	0.01731	0.00692	0.00346	0.00577
66	0.00842	0.00597	0.00722	0.00799	0.00843	0.00565	0.00510	0.00918	0.01151	0.01511	0.03317	0.41792	0.11129	0.30256	0.01744	0.00394	0.00464	0.01448	0.00522	0.00477
67	0.04051	0.00810	0.00989	0.00907	0.01132	0.00774	0.00688	0.03697	0.05724	0.13826	0.33525	0.14347	0.10274	0.03286	0.00790	0.00223	0.00395	0.01107	0.02748	0.00706
68	0.04311	0.00627	0.00779	0.00873	0.00951	0.00601	0.00605	0.01011	0.01288	0.01778	0.10406	0.49386	0.07992	0.10351	0.01079	0.00295	0.00414	0.06144	0.00579	0.00532
69	0.03530	0.00874	0.01082	0.01034	0.01243	0.00856	0.00771	0.11153	0.01601	0.16323	0.02913	0.41442	0.03063	0.06105	0.00907	0.00263	0.00487	0.05006	0.00628	0.00719
70	0.00888	0.00659	0.00840	0.00908	0.01025	0.00626	0.00670	0.01156	0.04493	0.01989	0.21778	0.37050	0.12541	0.01714	0.00804	0.00245	0.00388	0.11014	0.00630	0.00580
71	0.11981	0.00841	0.00888	0.00870	0.01011	0.00898	0.00600	0.01507	0.13122	0.01821	0.02447	0.11180	0.06550	0.37076	0.04105	0.00439	0.00578	0.03034	0.00477	0.00575

[dist]
# distance from previous block
# <min> <max>
2	6

[block]
# block no. 1 follows, 34 sequences, length 99
# corresponding to MSA columns:
# 150-248
name=unknown_B
#
# <colnr> <probs for GDERKNQSTAVLIFYWHMCP>
#	G	D	E	R	K	N	Q	S	T	A	V	L	I	F	Y	W	H	M	C	P
0	0.01942	0.45039	0.02908	0.01443	0.01940	0.23294	0.07947	0.05496	0.01567	0.01715	0.00999	0.01167	0.00858	0.00596	0.00508	0.00157	0.00868	0.00418	0.00316	0.00823
1	0.01035	0.00784	0.01107	0.01154	0.04291	0.00779	0.04150	0.01336	0.05998	0.03882	0.08697	0.29851	0.08010	0.09467	0.10527	0.00383	0.00648	0.06742	0.00540	0.00620
2	0.00891	0.00627	0.00786	0.00806	0.00891	0.00595	0.00553	0.01031	0.01356	0.01841	0.25977	0.21015	0.10401	0.21142	0.03642	0.04288	0.00465	0.02623	0.00560	0.00511
3	0.04986	0.00764	0.00871	0.00920	0.01044	0.03969	0.00654	0.01262	0.01376	0.06449	0.12334	0.47302	0.03731	0.01734	0.03455	0.00264	0.00463	0.01405	0.06421	0.00599
4	0.01062	0.04749	0.00952	0.00792	0.01038	0.00748	0.00615	0.01344	0.05056	0.07858	0.18823	0.07741	0.44018	0.01425	0.00733	0.00211	0.00371	0.01199	0.00624	0.00641
5	0.01380	0.01234	0.01666	0.01390	0.08534	0.00989	0.06645	0.01697	0.01368	0.02103	0.01168	0.01398	0.00965	0.00493	0.00517	0.00115	0.00556	0.00432	0.00372	0.66977
6	0.01352	0.01139	0.01645	0.14247	0.06087	0.01248	0.06185	0.13357	0.01737	0.02368	0.19886	0.09094	0.05916	0.01089	0.00861	0.00222	0.08035	0.04263	0.00515	0.00753
7	0.00925	0.00628	0.00742	0.00752	0.00772	0.00631	0.00452	0.00967	0.01018	0.01374	0.05840	0.10097	0.02646	0.61565	0.08452	0.00606	0.00674	0.01006	0.00422	0.00428
8	0.01340	0.01148	0.01340	0.00957	0.01531	0.00861	0.00766	0.01627	0.01340	0.02105	0.01148	0.01340	0.00957	0.00479	0.00479	0.00096	0.00479	0.00383	0.00383	0.81242
9	0.16750	0.03828	0.01631	0.01312	0.01746	0.06306	0.01059	0.29302	0.25845	0.03166	0.01742	0.01710	0.01296	0.00764	0.00594	0.00200	0.00633	0.00572	0.00575	0.00970
10	0.01682	0.01391	0.01483	0.01310	0.01674	0.01585	0.01022	0.14599	0.54668	0.02846	0.02525	0.08383	0.02015	0.00954	0.00669	0.00218	0.00534	0.00796	0.00651	0.00995
11	0.01883	0.07816	0.01767	0.01356	0.01780	0.03426	0.01094	0.23028	0.44577	0.02980	0.02137	0.02019	0.01598	0.00816	0.00633	0.00204	0.00599	0.00649	0.00616	0.01023
12	0.01258	0.00821	0.01085	0.01149	0.04429	0.00817	0.00847	0.03697	0.06088	0.07775	0.07221	0.10356	0.06987	0.09635	0.01308	0.12005	0.00544	0.22807	0.00546	0.00625
13	0.08203	0.01257	0.01472	0.08822	0.01859	0.01417	0.01094	0.23517	0.11209	0.02737	0.06405	0.02946	0.04358	0.01349	0.07277	0.00295	0.03480	0.10926	0.00546	0.00832
14	0.01630	0.57099	0.16402	0.01388	0.02024	0.02278	0.07693	0.01968	0.01342	0.01667	0.00984	0.01161	0.00841	0.00563	0.00483	0.00158	0.00776	0.00408	0.00280	0.00856
15	0.01016	0.00784	0.01121	0.01083	0.01194	0.00931	0.00841	0.03524	0.01094	0.01573	0.01675	0.02538	0.01589	0.09778	0.60974	0.00917	0.07725	0.00696	0.00354	0.00591
16	0.01013	0.00813	0.00968	0.07019	0.01339	0.00813	0.00740	0.05061	0.08318	0.02047	0.14113	0.18764	0.29121	0.03913	0.00834	0.00239	0.00433	0.03223	0.00591	0.00637
17	0.00949	0.00689	0.00882	0.00930	0.01067	0.00659	0.00738	0.01183	0.01498	0.01988	0.23432	0.05959	0.14291	0.13302	0.01207	0.00310	0.00478	0.29281	0.00597	0.00560
18	0.00766	0.00644	0.00666	0.00684	0.00880	0.00543	0.00504	0.00924	0.01445	0.01734	0.06191	0.14612	0.64835	0.01682	0.00771	0.00223	0.00333	0.01420	0.00600	0.00543
19	0.02184	0.13475	0.02066	0.07672	0.02141	0.55973	0.01279	0.02378	0.01685	0.01577	0.00992	0.01201	0.00835	0.00664	0.00616	0.00170	0.03594	0.00424	0.00319	0.00756
20	0.00911	0.00670	0.00753	0.00752	0.00848	0.00643	0.00493	0.01091	0.04673	0.01656	0.12580	0.10647	0.21021	0.38219	0.01986	0.00418	0.00482	0.01141	0.00516	0.00501
21	0.00932	0.00658	0.00862	0.00862	0.00917	0.00712	0.00588	0.01041	0.00986	0.01370	0.01892	0.03430	0.02002	0.43060	0.37047	0.00821	0.01148	0.00823	0.00370	0.00479
22	0.00791	0.00568	0.00745	0.00885	0.00928	0.00529	0.00589	0.00902	0.01236	0.01640	0.03615	0.72134	0.06568	0.04409	0.00901	0.00272	0.00381	0.01792	0.00593	0.00521
23	0.00849	0.00611	0.00794	0.00893	0.00970	0.00575	0.00634	0.01008	0.01348	0.01798	0.13742	0.47035	0.08866	0.07784	0.01014	0.00284	0.00410	0.10250	0.00599	0.00537
24	0.81856	0.01250	0.00950	0.00850	0.01250	0.01449	0.00700	0.01899	0.01100	0.02899	0.00900	0.01050	0.00700	0.00600	0.00400	0.00200	0.00500	0.00350	0.00400	0.00700
25	0.02712	0.01080	0.01444	0.01121	0.01589	0.00953	0.00921	0.05269	0.01867	0.64757	0.05983	0.02317	0.01808	0.00823	0.00647	0.00198	0.00532	0.00671	0.04256	0.01054
26	0.05024	0.00699	0.00803	0.00763	0.00844	0.00690	0.00482	0.01203	0.01147	0.07316	0.12174	0.03997	0.02746	0.56571	0.02576	0.00511	0.00568	0.00921	0.00470	0.00494
27	0.05658	0.00979	0.01104	0.01036	0.01266	0.01039	0.00775	0.07250	0.21164	0.05818	0.13981	0.20684	0.04998	0.08725	0.00964	0.00264	0.00471	0.02461	0.00616	0.00747
28	0.01204	0.00602	0.00602	0.00602	0.00753	0.00602	0.00452	0.01506	0.01355	0.02409	0.02108	0.02409	0.01656	0.00753	0.00452	0.00151	0.00301	0.00602	0.80879	0.00602
29	0.00804	0.00574	0.00769	0.00919	0.00964	0.00539	0.00629	0.00929	0.01254	0.01668	0.03552	0.72265	0.04237	0.02008	0.00829	0.00265	0.00389	0.06276	0.00599	0.00529
30	0.08490	0.00794	0.00991	0.01052	0.01239	0.00791	0.00857	0.01487	0.04021	0.07888	0.05175	0.21719	0.07659	0.01595	0.00792	0.00262	0.00506	0.33437	0.00601	0.00643
31	0.09306	0.00665	0.00657	0.00662	0.00820	0.00681	0.00489	0.01458	0.01299	0.02330	0.02133	0.10035	0.01860	0.04181	0.00608	0.00188	0.00343	0.00719	0.60971	0.00595
32	0.02456	0.01810	0.01939	0.01487	0.02004	0.02004	0.01228	0.71107	0.03038	0.04072	0.01551	0.01551	0.01099	0.00776	0.00646	0.00194	0.00711	0.00582	0.00646	0.01099
33	0.14669	0.01694	0.01753	0.01376	0.01865	0.01890	0.01132	0.55689	0.07556	0.03795	0.01526	0.01534	0.01098	0.00756	0.00609	0.00197	0.00664	0.00556	0.00609	0.01032
34	0.01148	0.00601	0.00623	0.00635	0.00763	0.00598	0.00458	0.01407	0.01308	0.02245	0.02214	0.08372	0.01923	0.07816	0.00739	0.00203	0.00336	0.00729	0.67306	0.00577
35	0.00940	0.00626	0.00705	0.00705	0.00705	0.00626	0.00392	0.00940	0.00940	0.01253	0.02036	0.04228	0.02349	0.77292	0.03289	0.00626	0.00626	0.00940	0.00392	0.00392
36	0.01414	0.01414	0.01979	0.01696	0.01696	0.01979	0.01414	0.01555	0.00990	0.01555	0.00848	0.01414	0.00848	0.01131	0.02120	0.00283	0.76110	0.00565	0.00283	0.00707
37	0.01207	0.00643	0.00655	0.00654	0.00811	0.00653	0.00489	0.01582	0.05165	0.02391	0.02201	0.05767	0.01791	0.00817	0.00480	0.00159	0.00316	0.00665	0.72933	0.00621
38	0.00852	0.00603	0.00795	0.00925	0.00977	0.00577	0.00650	0.00983	0.01242	0.01647	0.03335	0.54965	0.03921	0.11946	0.01163	0.00317	0.00447	0.13565	0.00571	0.00520
39	0.01599	0.01535	0.02623	0.03966	0.73262	0.01535	0.01983	0.01983	0.01471	0.02111	0.01215	0.01599	0.01023	0.00576	0.00640	0.00192	0.00768	0.00576	0.00320	0.01023
40	0.01519	0.01726	0.03717	0.02670	0.03289	0.01652	0.67285	0.02043	0.01497	0.02043	0.01283	0.01726	0.00973	0.00575	0.00833	0.00221	0.05008	0.00752	0.00324	0.00863
41	0.01414	0.01414	0.01979	0.01696	0.01696	0.01979	0.01414	0.01555	0.00990	0.01555	0.00848	0.01414	0.00848	0.01131	0.02120	0.00283	0.76110	0.00565	0.00283	0.00707
42	0.02456	0.01810	0.01939	0.01487	0.02004	0.02004	0.01228	0.71107	0.03038	0.04072	0.01551	0.01551	0.01099	0.00776	0.00646	0.00194	0.00711	0.00582	0.00646	0.01099
43	0.03773	0.02945	0.56974	0.01787	0.02622	0.02998	0.06092	0.08574	0.01520	0.02228	0.01225	0.01489	0.00904	0.03254	0.00710	0.00218	0.00919	0.00515	0.00320	0.00933
44	0.01975	0.03498	0.04708	0.07848	0.16986	0.01418	0.01326	0.19961	0.01902	0.17142	0.01655	0.05054	0.01272	0.00732	0.00623	0.00185	0.00664	0.00613	0.00518	0.11920
45	0.01426	0.01499	0.02658	0.02068	0.02340	0.01762	0.29473	0.01737	0.01209	0.01759	0.01092	0.01621	0.00952	0.01140	0.06377	0.00307	0.40856	0.00654	0.00305	0.00765
46	0.02097	0.01597	0.01549	0.01254	0.01648	0.09005	0.01010	0.44392	0.02438	0.03347	0.01653	0.01755	0.01230	0.00758	0.00585	0.00179	0.00641	0.00571	0.23371	0.00922
47	0.01781	0.24800	0.05753	0.11197	0.02161	0.25207	0.01300	0.02131	0.06167	0.01674	0.01331	0.01534	0.04035	0.00725	0.00695	0.00183	0.07712	0.00494	0.00336	0.00784
48	0.01218	0.00712	0.00871	0.00840	0.01010	0.00645	0.00602	0.01366	0.01403	0.14643	0.10918	0.19970	0.20016	0.19256	0.01351	0.00321	0.00453	0.03194	0.00598	0.00613
49	0.01122	0.00561	0.00842	0.00842	0.00842	0.00561	0.00561	0.00842	0.00842	0.01122	0.01122	0.01964	0.01122	0.02245	0.02525	0.81201	0.00561	0.00561	0.00281	0.00281
50	0.02456	0.01810	0.01939	0.01487	0.02004	0.02004	0.01228	0.71107	0.03038	0.04072	0.01551	0.01551	0.01099	0.00776	0.00646	0.00194	0.00711	0.00582	0.00646	0.01099
51	0.01564	0.01499	0.02559	0.10690	0.66815	0.01526	0.01965	0.01952	0.01454	0.02068	0.01209	0.01611	0.01008	0.00582	0.00640	0.00194	0.00776	0.00576	0.00317	0.00995
52	0.00875	0.00641	0.00825	0.00849	0.00979	0.00592	0.00630	0.01113	0.01605	0.02192	0.41270	0.23981	0.13122	0.01580	0.00790	0.00228	0.00350	0.07139	0.00659	0.00579
53	0.01727	0.77681	0.03386	0.01106	0.01658	0.02557	0.01106	0.01935	0.01313	0.01520	0.00898	0.01036	0.00829	0.00553	0.00415	0.00138	0.00691	0.00345	0.00276	0.00829
54	0.00923	0.00692	0.01038	0.01038	0.01154	0.00808	0.00808	0.01154	0.01038	0.01500	0.01731	0.02538	0.01615	0.04846	0.74732	0.01038	0.01731	0.00692	0.00346	0.00577
55	0.00908	0.00666	0.00876	0.00987	0.01111	0.00633	0.00784	0.01127	0.01432	0.01867	0.09424	0.29172	0.14457	0.01803	0.00841	0.00267	0.00462	0.32009	0.00606	0.00566
56	0.81856	0.01250	0.00950	0.00850	0.01250	0.01449	0.00700	0.01899	0.01100	0.02899	0.00900	0.01050	0.00700	0.00600	0.00400	0.00200	0.00500	0.00350	0.00400	0.00700
57	0.00764	0.00655	0.00655	0.00655	0.00873	0.00545	0.00491	0.00927	0.01473	0.01745	0.06546	0.06218	0.73000	0.01636	0.00764	0.00218	0.00327	0.01364	0.00600	0.00545
58	0.00766	0.00647	0.00662	0.00675	0.00878	0.00544	0.00500	0.00925	0.01453	0.01738	0.06300	0.12023	0.67353	0.01668	0.00769	0.00222	0.00331	0.01403	0.00600	0.00544
59	0.09953	0.00881	0.00970	0.00873	0.01129	0.00877	0.00677	0.08204	0.03977	0.08382	0.25369	0.07278	0.16705	0.01158	0.00664	0.00201	0.00399	0.00967	0.10635	0.00703
60	0.00961	0.00820	0.01402	0.01298	0.01472	0.00771	0.14995	0.01178	0.01319	0.01761	0.03088	0.55202	0.03551	0.01700	0.00818	0.00257	0.00541	0.07720	0.00544	0.00602
61	0.00764	0.00655	0.00655	0.00655	0.00873	0.00545	0.00491	0.00927	0.01473	0.01745	0.06546	0.06218	0.73000	0.01636	0.00764	0.00218	0.00327	0.01364	0.00600	0.00545
62	0.02216	0.01584	0.01725	0.01389	0.01852	0.01747	0.01126	0.40127	0.26555	0.11596	0.02035	0.01920	0.01455	0.00813	0.00651	0.00203	0.00624	0.00641	0.00668	0.01073
63	0.01266	0.00662	0.00668	0.00646	0.00815	0.00672	0.00490	0.04954	0.01438	0.02491	0.02080	0.02366	0.01629	0.00754	0.00461	0.00153	0.00321	0.00601	0.76904	0.00627
64	0.02456	0.01810	0.01939	0.01487	0.02004	0.02004	0.01228	0.71107	0.03038	0.04072	0.01551	0.01551	0.01099	0.00776	0.00646	0.00194	0.00711	0.00582	0.00646	0.01099
65	0.01088	0.00866	0.01017	0.01039	0.01248	0.00890	0.00827	0.01737	0.20037	0.02112	0.09391	0.13444	0.19260	0.01503	0.00784	0.00248	0.00464	0.22734	0.00622	0.00689
66	0.00805	0.00655	0.00715	0.00721	0.00914	0.00565	0.00543	0.00998	0.01527	0.01904	0.18444	0.09701	0.53993	0.01605	0.00772	0.00221	0.00338	0.04398	0.00620	0.00558
67	0.02134	0.01619	0.01766	0.01334	0.01868	0.01674	0.01095	0.51081	0.02549	0.03505	0.01435	0.01490	0.01058	0.00690	0.00598	0.00166	0.00644	0.00524	0.00570	0.24198
68	0.00829	0.00616	0.00781	0.00882	0.00983	0.00568	0.00640	0.00996	0.01374	0.01793	0.10294	0.45925	0.18701	0.01847	0.00816	0.00253	0.00390	0.11156	0.00609	0.00547
69	0.00790	0.00592	0.00733	0.00832	0.00923	0.00536	0.00573	0.00928	0.01336	0.01736	0.08904	0.54288	0.21723	0.01880	0.00805	0.00247	0.00358	0.01673	0.00607	0.00536
70	0.00923	0.00692	0.01038	0.01038	0.01154	0.00808	0.00808	0.01154	0.01038	0.01500	0.01731	0.02538	0.01615	0.04846	0.74732	0.01038	0.01731	0.00692	0.00346	0.00577
71	0.00928	0.00672	0.00934	0.00934	0.01013	0.00751	0.00677	0.01087	0.01007	0.01422	0.01827	0.03069	0.01846	0.27602	0.52291	0.00909	0.01384	0.00770	0.00360	0.00519
72	0.81856	0.01250	0.00950	0.00850	0.01250	0.01449	0.00700	0.01899	0.01100	0.02899	0.00900	0.01050	0.00700	0.00600	0.00400	0.00200	0.00500	0.00350	0.00400	0.00700
73	0.00922	0.00662	0.00906	0.00914	0.00985	0.00729	0.00651	0.01065	0.01014	0.01421	0.01933	0.07014	0.02012	0.30119	0.45803	0.00853	0.01272	0.00839	0.00375	0.00509
74	0.01082	0.00873	0.01145	0.03776	0.01179	0.01051	0.00786	0.01169	0.00992	0.01396	0.01686	0.03279	0.01847	0.43920	0.10071	0.00549	0.21540	0.02787	0.00359	0.00515
75	0.01787	0.71448	0.03267	0.01137	0.01687	0.02511	0.01116	0.07618	0.01455	0.01730	0.00952	0.01079	0.00851	0.00571	0.00434	0.00143	0.00693	0.00365	0.00307	0.00851
76	0.01339	0.01280	0.01872	0.04142	0.01772	0.01694	0.04923	0.03523	0.01098	0.01647	0.01091	0.01685	0.01026	0.01864	0.17411	0.00435	0.51587	0.00604	0.00309	0.00700
77	0.00948	0.00744	0.00930	0.00991	0.04892	0.00670	0.00667	0.01128	0.01353	0.01817	0.11691	0.21462	0.20466	0.12551	0.03220	0.00296	0.00475	0.04488	0.00533	0.10677
78	0.05570	0.04692	0.05395	0.01199	0.01547	0.04027	0.03196	0.25569	0.01883	0.04977	0.05185	0.06166	0.05759	0.18121	0.03627	0.00321	0.00694	0.00771	0.00513	0.00784
79	0.01100	0.01021	0.03666	0.01290	0.01385	0.01213	0.01062	0.01307	0.01070	0.01570	0.01652	0.09544	0.01669	0.02991	0.36322	0.00637	0.27809	0.03705	0.00357	0.00631
80	0.00947	0.00633	0.00717	0.00722	0.00751	0.00626	0.00435	0.00993	0.01039	0.01406	0.04611	0.04390	0.05996	0.64105	0.02840	0.00555	0.00584	0.03894	0.04332	0.00425
81	0.01494	0.01328	0.01945	0.02585	0.38333	0.03676	0.01435	0.08401	0.03841	0.02224	0.09509	0.09608	0.01973	0.01115	0.04131	0.03747	0.02582	0.00774	0.00433	0.00865
82	0.00994	0.00657	0.00777	0.00796	0.00876	0.00644	0.00532	0.04064	0.01285	0.01799	0.09644	0.25059	0.06809	0.26453	0.01651	0.04365	0.00462	0.01166	0.11453	0.00514
83	0.00932	0.00623	0.00707	0.00714	0.00716	0.00621	0.00402	0.00938	0.00954	0.01272	0.02111	0.07827	0.02444	0.73564	0.03167	0.00608	0.00614	0.00984	0.00402	0.00398
84	0.01763	0.01299	0.01414	0.01213	0.01585	0.01417	0.00955	0.15779	0.38115	0.10561	0.05257	0.02825	0.10488	0.03418	0.00756	0.00225	0.00528	0.00791	0.00657	0.00954
85	0.09061	0.00886	0.00952	0.00884	0.01139	0.00898	0.00679	0.01769	0.16442	0.05820	0.22785	0.06025	0.23616	0.01212	0.00685	0.00209	0.00388	0.01016	0.04826	0.00708
86	0.00991	0.00685	0.00840	0.00858	0.00992	0.00640	0.00615	0.03666	0.01476	0.05044	0.18565	0.31038	0.17007	0.10324	0.01071	0.00280	0.00409	0.04309	0.00610	0.00580
87	0.01520	0.01297	0.01386	0.01252	0.01591	0.01482	0.00971	0.03156	0.63284	0.02689	0.11443	0.02714	0.02490	0.00932	0.00671	0.00217	0.00485	0.00785	0.00664	0.00971
88	0.00881	0.00616	0.00776	0.00812	0.00909	0.00576	0.00567	0.01074	0.01465	0.02043	0.31422	0.31636	0.08306	0.09404	0.01026	0.00266	0.00365	0.01368	0.05937	0.00551
89	0.01310	0.00850	0.01031	0.00925	0.01170	0.00816	0.00712	0.06250	0.07688	0.12065	0.38188	0.08664	0.15217	0.01270	0.00735	0.00209	0.00390	0.01095	0.00690	0.00727
90	0.00804	0.00569	0.00745	0.00878	0.00911	0.00536	0.00577	0.00904	0.01204	0.01605	0.03391	0.68760	0.04059	0.10428	0.01100	0.00303	0.00403	0.01737	0.00577	0.00510
91	0.29166	0.01146	0.01265	0.01022	0.01460	0.01143	0.00840	0.06145	0.01620	0.40512	0.01909	0.01798	0.01277	0.00728	0.00550	0.00196	0.00521	0.00542	0.07237	0.00925
92	0.04855	0.01200	0.01280	0.01128	0.01458	0.01307	0.00895	0.17206	0.27535	0.02776	0.09902	0.03331	0.14221	0.01061	0.00675	0.00212	0.00497	0.04778	0.04827	0.00858
93	0.05711	0.00804	0.00928	0.00837	0.01088	0.00752	0.00636	0.01733	0.04081	0.19442	0.10323	0.08554	0.19547	0.08472	0.00908	0.00242	0.00423	0.00959	0.13854	0.00705
94	0.01204	0.00602	0.00602	0.00602	0.00753	0.00602	0.00452	0.01506	0.01355	0.02409	0.02108	0.02409	0.01656	0.00753	0.00452	0.00151	0.00301	0.00602	0.80879	0.00602
95	0.02150	0.01486	0.01643	0.01337	0.01779	0.01620	0.01078	0.32332	0.27426	0.14949	0.05636	0.02127	0.01740	0.00843	0.00657	0.00204	0.00593	0.00675	0.00679	0.01048
96	0.05127	0.00784	0.00943	0.00870	0.01102	0.00735	0.00671	0.01561	0.05165	0.12338	0.36659	0.07652	0.19005	0.01304	0.00731	0.00212	0.00377	0.03405	0.00674	0.00685
97	0.00993	0.00621	0.00697	0.00701	0.00794	0.00601	0.00470	0.01159	0.01279	0.01902	0.13746	0.09872	0.08488	0.28847	0.01588	0.00346	0.00428	0.00976	0.25975	0.00516
98	0.01095	0.00700	0.00922	0.00844	0.01028	0.00641	0.00641	0.01395	0.01831	0.09062	0.66518	0.04587	0.05687	0.01274	0.00752	0.00203	0.00327	0.01121	0.00719	0.00654

[dist]
# distance from previous block
# <min> <max>
0	1

[block]
# block no. 2 follows, 34 sequences, length 72
# corresponding to MSA columns:
# 250-321
name=unknown_C
#
# <colnr> <probs for GDERKNQSTAVLIFYWHMCP>
#	G	D	E	R	K	N	Q	S	T	A	V	L	I	F	Y	W	H	M	C	P
0	0.00904	0.00669	0.00849	0.00960	0.01040	0.00664	0.00673	0.01210	0.08800	0.01767	0.03376	0.59344	0.03886	0.05531	0.00932	0.00279	0.00421	0.07521	0.00595	0.00578
1	0.01997	0.07359	0.01940	0.01571	0.01846	0.32328	0.01263	0.12718	0.03730	0.02004	0.01219	0.01666	0.01073	0.00872	0.01024	0.00210	0.21634	0.04363	0.00387	0.00796
2	0.01565	0.45812	0.27884	0.01550	0.05580	0.02112	0.03745	0.01980	0.01345	0.01749	0.01017	0.01199	0.00840	0.00575	0.00505	0.00166	0.00799	0.00415	0.00279	0.00884
3	0.01537	0.01436	0.02342	0.24444	0.39545	0.01545	0.05145	0.06100	0.07501	0.02141	0.01340	0.01708	0.01059	0.00632	0.00649	0.00202	0.00785	0.00598	0.00359	0.00931
4	0.00940	0.00626	0.00705	0.00705	0.00705	0.00626	0.00392	0.00940	0.00940	0.01253	0.02036	0.04228	0.02349	0.77292	0.03289	0.00626	0.00626	0.00940	0.00392	0.00392
5	0.02361	0.08817	0.01951	0.01622	0.01971	0.69150	0.01237	0.02530	0.01791	0.01577	0.00991	0.01155	0.00832	0.00657	0.00570	0.00164	0.01129	0.00411	0.00329	0.00755
6	0.01934	0.01338	0.01678	0.01370	0.01768	0.01420	0.06455	0.19677	0.22266	0.16666	0.08432	0.07984	0.02113	0.00944	0.00723	0.00213	0.02612	0.00799	0.00647	0.00962
7	0.01693	0.01399	0.02057	0.06557	0.29899	0.01416	0.04894	0.15922	0.03838	0.06284	0.08956	0.02148	0.04386	0.00749	0.00654	0.00191	0.00672	0.00671	0.00475	0.07138
8	0.02016	0.15143	0.04145	0.01644	0.08054	0.20289	0.01261	0.08708	0.14315	0.09457	0.01493	0.01572	0.01156	0.00738	0.00717	0.00190	0.07217	0.00527	0.00450	0.00906
9	0.00986	0.00638	0.00843	0.00857	0.00897	0.00664	0.00585	0.01003	0.00990	0.01342	0.01886	0.03606	0.02028	0.36841	0.19431	0.18777	0.00864	0.06958	0.00375	0.00428
10	0.01279	0.01208	0.02044	0.64605	0.15125	0.01451	0.01824	0.01702	0.01320	0.01722	0.01159	0.01703	0.00886	0.00635	0.00645	0.00212	0.00847	0.00574	0.00292	0.00765
11	0.01371	0.01081	0.01299	0.01006	0.01461	0.00901	0.00793	0.01664	0.03242	0.06771	0.01710	0.10778	0.03454	0.00769	0.00638	0.00140	0.04748	0.00625	0.00445	0.57105
12	0.00873	0.00609	0.00737	0.00785	0.00861	0.00572	0.00524	0.00994	0.01283	0.01736	0.14216	0.31485	0.13511	0.21033	0.01456	0.02226	0.00422	0.01342	0.04831	0.00505
13	0.01220	0.01148	0.01938	0.75739	0.04450	0.01436	0.01794	0.01651	0.01292	0.01651	0.01148	0.01723	0.00861	0.00646	0.00646	0.00215	0.00861	0.00574	0.00287	0.00718
14	0.02899	0.01100	0.01499	0.01150	0.01649	0.00950	0.00950	0.03149	0.01849	0.73709	0.02549	0.02199	0.01599	0.00800	0.00650	0.00200	0.00550	0.00650	0.00800	0.01100
15	0.14809	0.01029	0.01154	0.01045	0.01350	0.01061	0.00840	0.08523	0.08737	0.16209	0.05719	0.07647	0.07500	0.05623	0.00825	0.00247	0.00520	0.12982	0.03397	0.00782
16	0.00922	0.00622	0.00720	0.00732	0.00746	0.00615	0.00428	0.00955	0.01032	0.01387	0.07156	0.11597	0.02806	0.64378	0.02863	0.00560	0.00579	0.01046	0.00435	0.00420
17	0.00938	0.00632	0.00733	0.00733	0.00742	0.00642	0.00426	0.00957	0.00948	0.01273	0.02010	0.04088	0.02288	0.71258	0.09240	0.00661	0.00718	0.00919	0.00388	0.00407
18	0.01125	0.00788	0.00931	0.00889	0.01120	0.00744	0.00699	0.01539	0.09429	0.08393	0.24512	0.05190	0.30153	0.01408	0.00759	0.00223	0.00397	0.10373	0.00655	0.00672
19	0.03491	0.00926	0.01126	0.01052	0.01305	0.00929	0.00804	0.04140	0.15823	0.18221	0.11294	0.26795	0.03145	0.01314	0.00721	0.00228	0.00455	0.04515	0.02926	0.00791
20	0.00940	0.00626	0.00705	0.00705	0.00705	0.00626	0.00392	0.00940	0.00940	0.01253	0.02036	0.04228	0.02349	0.77292	0.03289	0.00626	0.00626	0.00940	0.00392	0.00392
21	0.48685	0.01263	0.01228	0.01012	0.01456	0.01354	0.00835	0.09755	0.01542	0.25093	0.01484	0.01462	0.01023	0.00681	0.00504	0.00199	0.00538	0.00468	0.00551	0.00867
22	0.05506	0.00679	0.00779	0.00820	0.00876	0.00687	0.00530	0.01099	0.03750	0.01555	0.02516	0.25205	0.02878	0.43922	0.02174	0.00463	0.00540	0.05063	0.00474	0.00483
23	0.02419	0.01854	0.01914	0.01488	0.01990	0.05513	0.01221	0.64959	0.05862	0.03894	0.01570	0.01568	0.01122	0.00775	0.00644	0.00194	0.00725	0.00580	0.00632	0.01079
24	0.69248	0.01290	0.01077	0.00928	0.01345	0.01465	0.00765	0.08258	0.01327	0.07859	0.01072	0.01174	0.00798	0.00629	0.00439	0.00199	0.00522	0.00391	0.00450	0.00763
25	0.00822	0.00625	0.00749	0.00783	0.00915	0.00560	0.00558	0.01005	0.01482	0.01945	0.24940	0.28866	0.28321	0.04342	0.00872	0.00243	0.00347	0.01446	0.00625	0.00552
26	0.00819	0.00644	0.00719	0.00721	0.00885	0.00567	0.00520	0.00996	0.01484	0.01891	0.21739	0.12454	0.43483	0.08978	0.01015	0.00259	0.00356	0.01321	0.00606	0.00544
27	0.01340	0.01148	0.01340	0.00957	0.01531	0.00861	0.00766	0.01627	0.01340	0.02105	0.01148	0.01340	0.00957	0.00479	0.00479	0.00096	0.00479	0.00383	0.00383	0.81242
28	0.00852	0.00650	0.00791	0.00841	0.00990	0.00590	0.00639	0.01058	0.01500	0.01946	0.20192	0.22570	0.29839	0.01682	0.00800	0.00239	0.00380	0.13252	0.00624	0.00564
29	0.06078	0.00809	0.00949	0.00909	0.01132	0.00777	0.00678	0.01664	0.08220	0.14865	0.10062	0.26718	0.16834	0.03310	0.00782	0.00234	0.00414	0.01206	0.03662	0.00697
30	0.01799	0.01233	0.01380	0.01205	0.01569	0.01339	0.00940	0.03073	0.48039	0.18076	0.05176	0.02687	0.04803	0.04728	0.00795	0.00235	0.00511	0.00763	0.00675	0.00975
31	0.81856	0.01250	0.00950	0.00850	0.01250	0.01449	0.00700	0.01899	0.01100	0.02899	0.00900	0.01050	0.00700	0.00600	0.00400	0.00200	0.00500	0.00350	0.00400	0.00700
32	0.00996	0.00720	0.00830	0.00828	0.00928	0.00716	0.00562	0.05178	0.02991	0.01681	0.04988	0.15214	0.14947	0.37568	0.05185	0.00456	0.00577	0.04617	0.00497	0.00520
33	0.01139	0.00870	0.00988	0.00950	0.01098	0.04938	0.00695	0.05779	0.01396	0.03846	0.12339	0.12531	0.10841	0.14633	0.20657	0.04396	0.00837	0.00986	0.00493	0.00586
34	0.01431	0.01377	0.02312	0.03176	0.51957	0.01376	0.06343	0.01773	0.01446	0.02013	0.02092	0.04955	0.11978	0.00809	0.00738	0.00204	0.03989	0.00751	0.00371	0.00910
35	0.00957	0.00649	0.00732	0.00716	0.00741	0.00637	0.00408	0.00970	0.00957	0.01290	0.01997	0.04103	0.02288	0.73948	0.03166	0.00603	0.00620	0.00915	0.00391	0.03911
36	0.78834	0.04132	0.01042	0.00859	0.01265	0.01491	0.00715	0.01901	0.01108	0.02847	0.00900	0.01049	0.00705	0.00598	0.00400	0.00198	0.00507	0.00350	0.00395	0.00705
37	0.01096	0.00691	0.00856	0.00843	0.00990	0.00653	0.00607	0.01235	0.01303	0.09665	0.07166	0.15050	0.21033	0.19743	0.10976	0.02332	0.00627	0.04025	0.00539	0.00572
38	0.01667	0.01458	0.10307	0.01547	0.04869	0.01241	0.09802	0.06132	0.05381	0.16472	0.04616	0.05852	0.04332	0.01185	0.06959	0.00273	0.07374	0.00715	0.00494	0.09323
39	0.34200	0.02487	0.44130	0.01436	0.02165	0.01480	0.01698	0.01986	0.01256	0.02395	0.01053	0.01236	0.00770	0.00608	0.00526	0.00203	0.00769	0.00425	0.00325	0.00851
40	0.01287	0.00818	0.01034	0.00920	0.01125	0.00794	0.00701	0.09553	0.01824	0.08458	0.46642	0.03856	0.06303	0.01353	0.00988	0.11652	0.00410	0.00976	0.00647	0.00660
41	0.01101	0.00685	0.00850	0.00870	0.01002	0.00645	0.00627	0.02953	0.01365	0.07951	0.06772	0.29542	0.13765	0.11965	0.01207	0.04872	0.00447	0.07045	0.05760	0.00575
42	0.01748	0.05623	0.09889	0.08248	0.10707	0.14960	0.17704	0.02119	0.01509	0.08869	0.01500	0.01755	0.04108	0.00712	0.00785	0.00204	0.07727	0.00609	0.00370	0.00854
43	0.01220	0.01148	0.01938	0.75739	0.04450	0.01436	0.01794	0.01651	0.01292	0.01651	0.01148	0.01723	0.00861	0.00646	0.00646	0.00215	0.00861	0.00574	0.00287	0.00718
44	0.00854	0.00683	0.00767	0.00742	0.00938	0.00609	0.00558	0.01133	0.04100	0.02120	0.33177	0.05523	0.43520	0.01482	0.00759	0.00212	0.00325	0.01263	0.00647	0.00588
45	0.01746	0.01716	0.03051	0.03907	0.08181	0.05433	0.43971	0.12685	0.01767	0.04893	0.01402	0.01721	0.01047	0.00610	0.00704	0.00205	0.00948	0.00687	0.04422	0.00903
46	0.00803	0.00574	0.00764	0.00889	0.00941	0.00535	0.00601	0.00939	0.01310	0.01766	0.12154	0.67945	0.04499	0.01937	0.00817	0.00255	0.00366	0.01754	0.00614	0.00535
47	0.01589	0.01479	0.02165	0.23021	0.34644	0.04553	0.01674	0.08580	0.05277	0.02180	0.01288	0.01631	0.01022	0.00625	0.00627	0.00191	0.00767	0.00561	0.00366	0.07759
48	0.01021	0.00710	0.00857	0.00831	0.00889	0.00749	0.00542	0.04964	0.01083	0.01473	0.01933	0.03659	0.02097	0.55062	0.20791	0.00704	0.00904	0.00858	0.00395	0.00477
49	0.00881	0.00651	0.00823	0.00797	0.00949	0.00593	0.00591	0.01149	0.01726	0.02386	0.57202	0.11128	0.15872	0.01427	0.00768	0.00210	0.00314	0.01254	0.00685	0.00593
50	0.16037	0.00814	0.00900	0.00901	0.01070	0.00839	0.00649	0.01460	0.07202	0.06645	0.02688	0.28225	0.07431	0.11393	0.01207	0.08263	0.00474	0.02682	0.00522	0.00599
51	0.01058	0.00601	0.00832	0.00857	0.00903	0.00588	0.00579	0.00979	0.01032	0.04131	0.02175	0.21703	0.05241	0.10333	0.06289	0.40314	0.00579	0.00976	0.00412	0.00416
52	0.04414	0.03261	0.71119	0.01803	0.02737	0.01499	0.02322	0.02041	0.01354	0.02079	0.01149	0.01352	0.00814	0.00613	0.00606	0.00204	0.00937	0.00473	0.00278	0.00945
53	0.05326	0.01163	0.01459	0.01172	0.01622	0.01111	0.00950	0.07193	0.12910	0.51700	0.02500	0.06378	0.01747	0.00873	0.00652	0.00206	0.00542	0.00715	0.00743	0.01041
54	0.00839	0.00622	0.00755	0.00811	0.00916	0.00572	0.00570	0.00992	0.01368	0.01790	0.15600	0.32070	0.22039	0.12629	0.01157	0.00296	0.00400	0.05458	0.00588	0.00529
55	0.00955	0.00625	0.00699	0.00699	0.00707	0.00625	0.00395	0.00972	0.00963	0.01318	0.02040	0.04125	0.02310	0.72960	0.03128	0.00599	0.00608	0.00921	0.04947	0.00403
56	0.00923	0.00692	0.01038	0.01038	0.01154	0.00808	0.00808	0.01154	0.01038	0.01500	0.01731	0.02538	0.01615	0.04846	0.74732	0.01038	0.01731	0.00692	0.00346	0.00577
57	0.00787	0.00637	0.00700	0.00724	0.00897	0.00549	0.00528	0.00958	0.01469	0.01832	0.14244	0.20427	0.50637	0.01676	0.00776	0.00225	0.00334	0.01436	0.00614	0.00549
58	0.10930	0.01098	0.01224	0.01047	0.01372	0.01130	0.00822	0.17560	0.06408	0.14562	0.16461	0.09911	0.09592	0.04037	0.00773	0.00225	0.00495	0.00900	0.00638	0.00816
59	0.81856	0.01250	0.00950	0.00850	0.01250	0.01449	0.00700	0.01899	0.01100	0.02899	0.00900	0.01050	0.00700	0.00600	0.00400	0.00200	0.00500	0.00350	0.00400	0.00700
60	0.02759	0.01093	0.01470	0.01142	0.01621	0.00962	0.00938	0.03077	0.04780	0.67650	0.05616	0.02322	0.01811	0.00826	0.00655	0.00201	0.00538	0.00676	0.00790	0.01075
61	0.00935	0.00711	0.00875	0.00914	0.01049	0.00695	0.00665	0.01328	0.10126	0.02079	0.24172	0.35845	0.11621	0.01625	0.00783	0.00237	0.00377	0.04709	0.00639	0.00616
62	0.00790	0.00618	0.00716	0.00771	0.00909	0.00544	0.00548	0.00948	0.01416	0.01798	0.12545	0.34674	0.37908	0.01759	0.00788	0.00234	0.00344	0.01534	0.00612	0.00544
63	0.00923	0.00692	0.01038	0.01038	0.01154	0.00808	0.00808	0.01154	0.01038	0.01500	0.01731	0.02538	0.01615	0.04846	0.74732	0.01038	0.01731	0.00692	0.00346	0.00577
64	0.81856	0.01250	0.00950	0.00850	0.01250	0.01449	0.00700	0.01899	0.01100	0.02899	0.00900	0.01050	0.00700	0.00600	0.00400	0.00200	0.00500	0.00350	0.00400	0.00700
65	0.00929	0.00629	0.00767	0.00788	0.00822	0.00645	0.00500	0.01002	0.01019	0.01410	0.02190	0.13676	0.02440	0.49857	0.16026	0.00629	0.00780	0.00999	0.04438	0.00454
66	0.01239	0.01168	0.01972	0.72148	0.07893	0.01441	0.01804	0.01667	0.01301	0.01674	0.01152	0.01716	0.00869	0.00642	0.00646	0.00214	0.00857	0.00574	0.00289	0.00733
67	0.00794	0.00639	0.00684	0.00702	0.00867	0.00555	0.00501	0.00939	0.01398	0.01718	0.08844	0.15798	0.52257	0.10131	0.01054	0.00269	0.00366	0.01373	0.00582	0.00528
68	0.01340	0.01148	0.01340	0.00957	0.01531	0.00861	0.00766	0.01627	0.01340	0.02105	0.01148	0.01340	0.00957	0.00479	0.00479	0.00096	0.00479	0.00383	0.00383	0.81242
