[name]
unknown

[dist]
# distance from previous block
# <min> <max>
0	13

[block]
# block no. 0 follows, 32 sequences, length 14
# corresponding to MSA columns:
# 13-26
name=unknown_A
#
# <colnr> <probs for GDERKNQSTAVLIFYWHMCP>
#	G	D	E	R	K	N	Q	S	T	A	V	L	I	F	Y	W	H	M	C	P
0	0.02379	0.01760	0.01911	0.01492	0.02003	0.01920	0.01235	0.61224	0.02940	0.03954	0.01735	0.02048	0.01338	0.00868	0.00681	0.00204	0.00717	0.05647	0.00653	0.05292
1	0.00916	0.00642	0.00815	0.00866	0.00933	0.00613	0.00588	0.01064	0.01378	0.01879	0.22106	0.31316	0.04339	0.23852	0.01599	0.00369	0.00459	0.05142	0.00591	0.00533
2	0.81159	0.01298	0.00986	0.00882	0.01298	0.01505	0.00727	0.01972	0.01142	0.03010	0.00934	0.01090	0.00727	0.00623	0.00415	0.00208	0.00519	0.00363	0.00415	0.00727
3	0.00883	0.00683	0.00804	0.00774	0.00961	0.00605	0.00581	0.01137	0.01742	0.02316	0.44120	0.05629	0.34324	0.01511	0.00792	0.00218	0.00326	0.01300	0.00689	0.00605
4	0.02009	0.01543	0.01699	0.01315	0.01825	0.01570	0.01064	0.39857	0.05907	0.03322	0.01693	0.07188	0.01389	0.00811	0.00631	0.00176	0.00625	0.00645	0.00582	0.26149
5	0.00818	0.00584	0.00779	0.00934	0.00973	0.00545	0.00623	0.00934	0.01285	0.01713	0.03698	0.75981	0.04438	0.02102	0.00856	0.00273	0.00389	0.01908	0.00623	0.00545
6	0.02551	0.01879	0.02014	0.01544	0.02081	0.02081	0.01275	0.69996	0.03155	0.04229	0.01611	0.01611	0.01141	0.00805	0.00671	0.00201	0.00738	0.00604	0.00671	0.01141
7	0.01584	0.01810	0.03959	0.02828	0.03507	0.01697	0.69796	0.02149	0.01584	0.02149	0.01357	0.01810	0.01018	0.00566	0.00792	0.00226	0.01131	0.00792	0.00339	0.00905
8	0.00830	0.00596	0.00768	0.00901	0.00948	0.00556	0.00597	0.00940	0.01271	0.01682	0.03740	0.65393	0.08284	0.08766	0.01083	0.00304	0.00410	0.01794	0.00603	0.00534
9	0.00813	0.00664	0.00718	0.00738	0.00927	0.00569	0.00541	0.00988	0.01525	0.01883	0.12722	0.17817	0.54298	0.01734	0.00803	0.00233	0.00346	0.01477	0.00634	0.00569
10	0.01527	0.01353	0.05279	0.01505	0.01899	0.01287	0.14756	0.10939	0.10849	0.06427	0.29866	0.03149	0.03316	0.01005	0.00802	0.00218	0.03452	0.00904	0.00609	0.00858
11	0.06509	0.22345	0.34947	0.01560	0.02296	0.06139	0.01747	0.08824	0.01615	0.06438	0.01233	0.01366	0.00923	0.00651	0.00573	0.00190	0.00854	0.00469	0.00367	0.00952
12	0.07528	0.07608	0.02184	0.10642	0.11594	0.17883	0.04482	0.20732	0.02022	0.07114	0.01345	0.01526	0.01018	0.00697	0.00626	0.00195	0.00861	0.00542	0.00458	0.00942
13	0.01784	0.01381	0.01746	0.01541	0.09257	0.03789	0.04899	0.10989	0.01736	0.11404	0.01755	0.05338	0.03676	0.00720	0.00608	0.00160	0.00621	0.00612	0.00495	0.37488

[dist]
# distance from previous block
# <min> <max>
0	2

[block]
# block no. 1 follows, 32 sequences, length 13
# corresponding to MSA columns:
# 29-41
name=unknown_B
#
# <colnr> <probs for GDERKNQSTAVLIFYWHMCP>
#	G	D	E	R	K	N	Q	S	T	A	V	L	I	F	Y	W	H	M	C	P
0	0.01354	0.01185	0.01439	0.04764	0.01715	0.01012	0.00893	0.01637	0.01364	0.02085	0.01523	0.01743	0.05527	0.00646	0.00684	0.00132	0.07472	0.00491	0.00397	0.63937
1	0.00849	0.00623	0.00778	0.00859	0.00947	0.00573	0.00588	0.01000	0.01408	0.01866	0.15965	0.45909	0.16141	0.07971	0.01043	0.00285	0.00390	0.01627	0.00625	0.00553
2	0.01931	0.01375	0.01764	0.10270	0.10075	0.01484	0.01255	0.20044	0.11755	0.13593	0.03686	0.08400	0.01748	0.03451	0.00844	0.00231	0.03812	0.00768	0.00581	0.02934
3	0.02252	0.01731	0.01845	0.01483	0.01967	0.01941	0.01203	0.47486	0.26152	0.03747	0.01990	0.01913	0.01448	0.00841	0.00675	0.00210	0.00668	0.00656	0.00675	0.01114
4	0.81159	0.01298	0.00986	0.00882	0.01298	0.01505	0.00727	0.01972	0.01142	0.03010	0.00934	0.01090	0.00727	0.00623	0.00415	0.00208	0.00519	0.00363	0.00415	0.00727
5	0.00926	0.00796	0.00826	0.00814	0.01011	0.03319	0.00615	0.01114	0.01481	0.01846	0.08942	0.08625	0.49784	0.01958	0.08561	0.00315	0.03034	0.01254	0.04189	0.00588
6	0.01601	0.06880	0.22655	0.01754	0.08250	0.01540	0.05402	0.09481	0.11238	0.02433	0.01452	0.01603	0.01112	0.00646	0.00609	0.00180	0.00747	0.00535	0.00417	0.21467
7	0.19842	0.01624	0.11258	0.01530	0.06394	0.01400	0.04873	0.10320	0.06041	0.20576	0.01995	0.02202	0.03930	0.00817	0.00635	0.00215	0.00671	0.04160	0.00559	0.00957
8	0.00818	0.00584	0.00779	0.00934	0.00973	0.00545	0.00623	0.00934	0.01285	0.01713	0.03698	0.75981	0.04438	0.02102	0.00856	0.00273	0.00389	0.01908	0.00623	0.00545
9	0.01794	0.76823	0.03516	0.01148	0.01722	0.02655	0.01148	0.02009	0.01363	0.01579	0.00933	0.01076	0.00861	0.00574	0.00431	0.00144	0.00718	0.00359	0.00287	0.00861
10	0.01714	0.18082	0.37920	0.01727	0.02489	0.06909	0.07583	0.02314	0.04450	0.08767	0.01352	0.01494	0.00996	0.00652	0.00611	0.00197	0.00903	0.00516	0.00363	0.00960
11	0.01993	0.01166	0.04676	0.01183	0.01581	0.01029	0.03474	0.08261	0.01800	0.31328	0.07385	0.04950	0.12369	0.01303	0.05423	0.00270	0.02545	0.02389	0.05972	0.00902
12	0.00824	0.00595	0.00780	0.00916	0.00971	0.00551	0.00617	0.00955	0.01332	0.01773	0.07713	0.68287	0.08124	0.02040	0.00849	0.00267	0.00383	0.01842	0.00629	0.00551

[dist]
# distance from previous block
# <min> <max>
1	2

[block]
# block no. 2 follows, 32 sequences, length 29
# corresponding to MSA columns:
# 44-72
name=unknown_C
#
# <colnr> <probs for GDERKNQSTAVLIFYWHMCP>
#	G	D	E	R	K	N	Q	S	T	A	V	L	I	F	Y	W	H	M	C	P
0	0.77996	0.01321	0.01028	0.00909	0.01329	0.01528	0.00749	0.04709	0.01223	0.03060	0.00962	0.01111	0.00743	0.00630	0.00426	0.00207	0.00528	0.00373	0.00426	0.00743
1	0.00953	0.00641	0.00739	0.00761	0.00767	0.00635	0.00438	0.00970	0.01021	0.01361	0.02344	0.14775	0.02729	0.65640	0.03044	0.00596	0.00613	0.01111	0.00438	0.00427
2	0.01565	0.05745	0.03439	0.11391	0.03335	0.01679	0.50467	0.02060	0.01511	0.04004	0.01353	0.01805	0.01036	0.00801	0.03975	0.00260	0.03628	0.00731	0.00345	0.00871
3	0.01840	0.01396	0.01703	0.05500	0.04994	0.04156	0.03440	0.13834	0.04095	0.11867	0.01560	0.01723	0.01190	0.00986	0.06283	0.00231	0.00737	0.00542	0.00497	0.33426
4	0.03887	0.01341	0.02254	0.51548	0.16540	0.01548	0.06892	0.04479	0.01458	0.01971	0.01226	0.01739	0.00938	0.00654	0.00671	0.00218	0.00877	0.00604	0.00326	0.00829
5	0.02424	0.01750	0.01791	0.01411	0.01885	0.06816	0.01150	0.50877	0.02740	0.09778	0.01734	0.01753	0.01240	0.00797	0.00641	0.00194	0.00703	0.00601	0.10665	0.01051
6	0.00930	0.00773	0.00783	0.00747	0.00998	0.00684	0.00569	0.06329	0.01656	0.02000	0.06394	0.06081	0.66456	0.01630	0.00784	0.00225	0.00371	0.01353	0.00627	0.00611
7	0.00959	0.00719	0.01078	0.01078	0.01198	0.00839	0.00839	0.01198	0.01078	0.01558	0.01797	0.02636	0.01677	0.05032	0.73760	0.01078	0.01797	0.00719	0.00359	0.00599
8	0.01346	0.03471	0.72942	0.01912	0.02904	0.01558	0.02479	0.02125	0.01417	0.02125	0.01204	0.01417	0.00850	0.00637	0.00637	0.00212	0.00992	0.00496	0.00283	0.00992
9	0.00864	0.00683	0.00778	0.00754	0.00950	0.00597	0.00565	0.01100	0.01696	0.02209	0.36146	0.05806	0.42365	0.01552	0.00792	0.00220	0.00329	0.01325	0.00675	0.00597
10	0.00968	0.00682	0.00892	0.00892	0.00948	0.00738	0.00607	0.01079	0.01023	0.01420	0.01967	0.03578	0.02086	0.43331	0.36021	0.00849	0.01182	0.00857	0.00385	0.00496
11	0.81159	0.01298	0.00986	0.00882	0.01298	0.01505	0.00727	0.01972	0.01142	0.03010	0.00934	0.01090	0.00727	0.00623	0.00415	0.00208	0.00519	0.00363	0.00415	0.00727
12	0.01263	0.01062	0.01242	0.00963	0.01437	0.00836	0.00751	0.01578	0.03372	0.02161	0.06874	0.09735	0.07267	0.00828	0.00583	0.00138	0.00462	0.00699	0.00470	0.58278
13	0.01391	0.01193	0.01391	0.00994	0.01590	0.00894	0.00795	0.01690	0.01391	0.02186	0.01193	0.01391	0.00994	0.00497	0.00497	0.00099	0.00497	0.00398	0.00398	0.80521
14	0.81159	0.01298	0.00986	0.00882	0.01298	0.01505	0.00727	0.01972	0.01142	0.03010	0.00934	0.01090	0.00727	0.00623	0.00415	0.00208	0.00519	0.00363	0.00415	0.00727
15	0.00952	0.00765	0.00842	0.00824	0.01049	0.00698	0.00640	0.04053	0.03872	0.02121	0.17568	0.05987	0.48208	0.01595	0.00798	0.00231	0.00387	0.08139	0.00647	0.00623
16	0.81159	0.01298	0.00986	0.00882	0.01298	0.01505	0.00727	0.01972	0.01142	0.03010	0.00934	0.01090	0.00727	0.00623	0.00415	0.00208	0.00519	0.00363	0.00415	0.00727
17	0.01605	0.01528	0.02537	0.03773	0.64471	0.01531	0.01915	0.02056	0.04635	0.02195	0.01686	0.02008	0.05690	0.00683	0.00673	0.00202	0.00756	0.00658	0.00367	0.01031
18	0.01648	0.01322	0.01453	0.03836	0.01752	0.01493	0.01031	0.03193	0.56139	0.07202	0.05483	0.05973	0.04517	0.00993	0.00697	0.00227	0.00525	0.00838	0.00677	0.01001
19	0.01452	0.04188	0.12594	0.19135	0.11749	0.08374	0.09397	0.01810	0.01400	0.01827	0.01474	0.10341	0.01355	0.00966	0.00917	0.06459	0.04695	0.00733	0.00347	0.00788
20	0.00900	0.00628	0.00760	0.00832	0.00868	0.00604	0.00528	0.00971	0.01163	0.01534	0.03141	0.35136	0.07834	0.37372	0.02070	0.00450	0.00518	0.03685	0.00520	0.00483
21	0.69748	0.01275	0.01070	0.00928	0.01358	0.01429	0.00765	0.02162	0.01256	0.13186	0.01184	0.01264	0.00863	0.00653	0.00453	0.00208	0.00527	0.00409	0.00476	0.00787
22	0.01086	0.00877	0.01105	0.01111	0.04278	0.00845	0.03123	0.06632	0.06152	0.02223	0.16461	0.23470	0.26981	0.01539	0.00787	0.00233	0.00439	0.01346	0.00629	0.00683
23	0.01713	0.02185	0.11634	0.02575	0.05425	0.11324	0.48408	0.04370	0.01655	0.02146	0.01302	0.01673	0.00983	0.00599	0.00741	0.00216	0.01102	0.00697	0.00344	0.00911
24	0.00903	0.00676	0.00848	0.00948	0.01046	0.00651	0.00666	0.01186	0.06788	0.01896	0.09177	0.54961	0.11134	0.01902	0.00835	0.00261	0.00399	0.04490	0.00636	0.00597
25	0.01314	0.00774	0.00995	0.00920	0.01153	0.00697	0.00718	0.01588	0.01786	0.15498	0.39217	0.07353	0.16520	0.01396	0.00784	0.00224	0.00398	0.07231	0.00721	0.00712
26	0.03330	0.04242	0.14089	0.07974	0.17150	0.16383	0.03954	0.06485	0.07774	0.02190	0.01579	0.01798	0.03834	0.00734	0.00681	0.00202	0.02821	0.00589	0.03281	0.00910
27	0.07019	0.02192	0.05501	0.10903	0.08073	0.33029	0.01348	0.02292	0.07026	0.01984	0.03501	0.01831	0.04165	0.00773	0.00673	0.00197	0.03383	0.00570	0.04736	0.00805
28	0.03829	0.01636	0.01648	0.01381	0.01762	0.16350	0.03932	0.14349	0.04227	0.22477	0.01990	0.03945	0.01598	0.08036	0.06604	0.00314	0.00856	0.03586	0.00578	0.00900

[dist]
# distance from previous block
# <min> <max>
0	14

[block]
# block no. 3 follows, 32 sequences, length 18
# corresponding to MSA columns:
# 87-104
name=unknown_D
#
# <colnr> <probs for GDERKNQSTAVLIFYWHMCP>
#	G	D	E	R	K	N	Q	S	T	A	V	L	I	F	Y	W	H	M	C	P
0	0.17092	0.18706	0.12285	0.06775	0.07181	0.06130	0.12910	0.05157	0.01507	0.04757	0.01181	0.01413	0.00918	0.00626	0.00579	0.00195	0.00829	0.00511	0.00364	0.00884
1	0.11326	0.19763	0.11021	0.11718	0.17382	0.01768	0.01530	0.04628	0.04153	0.04273	0.01377	0.04030	0.01166	0.00718	0.00590	0.00198	0.00744	0.02335	0.00379	0.00899
2	0.01821	0.01640	0.02125	0.17371	0.27672	0.10375	0.01600	0.09617	0.01710	0.06461	0.01367	0.01677	0.01068	0.00681	0.00688	0.00196	0.03127	0.00570	0.03974	0.06262
3	0.01168	0.00843	0.00965	0.00906	0.01134	0.00832	0.00687	0.01748	0.15286	0.05573	0.30205	0.07465	0.20440	0.01310	0.00737	0.00215	0.00378	0.01122	0.08266	0.00720
4	0.00818	0.00584	0.00779	0.00934	0.00973	0.00545	0.00623	0.00934	0.01285	0.01713	0.03698	0.75981	0.04438	0.02102	0.00856	0.00273	0.00389	0.01908	0.00623	0.00545
5	0.01128	0.00594	0.00873	0.00873	0.00892	0.00587	0.00590	0.00921	0.01005	0.01358	0.09226	0.05127	0.01869	0.02214	0.02350	0.68450	0.00546	0.00703	0.00354	0.00339
6	0.00817	0.00684	0.00713	0.00717	0.00935	0.00581	0.00545	0.01004	0.01555	0.01881	0.11061	0.06411	0.64318	0.01684	0.00799	0.00229	0.00351	0.04508	0.00631	0.00573
7	0.01626	0.46270	0.28241	0.01434	0.02146	0.02206	0.01619	0.02140	0.05365	0.01844	0.01133	0.01280	0.00925	0.00616	0.00519	0.00173	0.00805	0.00431	0.00308	0.00919
8	0.05443	0.01346	0.01459	0.01280	0.01675	0.01496	0.01006	0.03350	0.52767	0.14829	0.02611	0.02402	0.01907	0.00878	0.00659	0.00220	0.00527	0.00720	0.04385	0.01040
9	0.01457	0.01382	0.01530	0.01358	0.01447	0.10428	0.01047	0.05426	0.01281	0.01714	0.04112	0.02519	0.01618	0.23221	0.07729	0.00434	0.31551	0.00716	0.00377	0.00653
10	0.06110	0.01658	0.05142	0.07220	0.32233	0.07059	0.12311	0.01943	0.01497	0.02096	0.03511	0.05411	0.04780	0.00787	0.00775	0.00215	0.05270	0.00716	0.00372	0.00895
11	0.01566	0.04881	0.03940	0.06319	0.01970	0.01360	0.07578	0.07289	0.20588	0.05689	0.06137	0.05131	0.04657	0.03487	0.00753	0.00212	0.00620	0.00747	0.03021	0.14056
12	0.01481	0.01016	0.01187	0.01113	0.01393	0.01047	0.00879	0.05320	0.21715	0.11053	0.10142	0.11825	0.12676	0.01327	0.00758	0.00238	0.00490	0.11982	0.03537	0.00822
13	0.01714	0.04409	0.01667	0.03522	0.01825	0.04018	0.03322	0.06421	0.01591	0.10196	0.01373	0.01514	0.01066	0.00574	0.00546	0.00131	0.00593	0.00462	0.00452	0.54604
14	0.04522	0.03157	0.01216	0.01107	0.01309	0.02459	0.04694	0.04471	0.04792	0.04694	0.05791	0.33933	0.10651	0.04651	0.00949	0.02768	0.00522	0.07074	0.00580	0.00660
15	0.03859	0.15658	0.04713	0.01655	0.06626	0.21236	0.03334	0.13391	0.04362	0.02263	0.04345	0.01970	0.01417	0.01061	0.05209	0.00249	0.02974	0.04383	0.00431	0.00865
16	0.01247	0.06079	0.06535	0.03803	0.03938	0.03859	0.03488	0.01475	0.01352	0.04743	0.02689	0.33265	0.07060	0.03646	0.00996	0.00253	0.09498	0.01193	0.04190	0.00692
17	0.01027	0.00843	0.01023	0.01009	0.01178	0.03357	0.03435	0.03941	0.01507	0.01965	0.11078	0.38796	0.16867	0.04540	0.00903	0.00257	0.00467	0.03273	0.00598	0.03938

[dist]
# distance from previous block
# <min> <max>
0	18

[block]
# block no. 4 follows, 32 sequences, length 22
# corresponding to MSA columns:
# 123-144
name=unknown_E
#
# <colnr> <probs for GDERKNQSTAVLIFYWHMCP>
#	G	D	E	R	K	N	Q	S	T	A	V	L	I	F	Y	W	H	M	C	P
0	0.08770	0.14605	0.22194	0.09540	0.08664	0.05673	0.04124	0.03939	0.01493	0.05888	0.01499	0.04133	0.03162	0.00725	0.00603	0.00199	0.00806	0.00579	0.02519	0.00886
1	0.13074	0.02043	0.06068	0.08224	0.14617	0.20332	0.04908	0.07480	0.05646	0.04386	0.01280	0.01518	0.01004	0.00713	0.00726	0.00206	0.05948	0.00537	0.00400	0.00889
2	0.00954	0.00684	0.00783	0.00790	0.00967	0.00612	0.00581	0.01170	0.01497	0.02073	0.15520	0.19480	0.26564	0.03432	0.00805	0.00228	0.00369	0.03793	0.14557	0.05140
3	0.01498	0.10355	0.06413	0.01705	0.09954	0.04772	0.07261	0.08329	0.01479	0.02010	0.01584	0.05839	0.01488	0.11876	0.11995	0.00397	0.07243	0.00710	0.04313	0.00780
4	0.01400	0.01325	0.01781	0.16765	0.12900	0.05616	0.01363	0.01802	0.07584	0.01828	0.03656	0.02328	0.03387	0.10261	0.07340	0.00355	0.18474	0.00696	0.00380	0.00761
5	0.05090	0.00883	0.01020	0.00946	0.01180	0.00890	0.00722	0.01793	0.16068	0.04864	0.41742	0.06238	0.13398	0.01283	0.00749	0.00218	0.00384	0.01104	0.00696	0.00732
6	0.01384	0.01425	0.05806	0.44160	0.19763	0.01501	0.06280	0.01878	0.03938	0.01895	0.01317	0.01884	0.01050	0.04024	0.00798	0.00237	0.00868	0.00627	0.00327	0.00838
7	0.00899	0.00687	0.00748	0.00760	0.00934	0.00622	0.00549	0.01141	0.04026	0.01954	0.12686	0.15837	0.40939	0.07158	0.00964	0.00257	0.00372	0.01340	0.07543	0.00582
8	0.01714	0.14316	0.02167	0.03801	0.10031	0.06307	0.04630	0.04779	0.33402	0.02343	0.01963	0.03389	0.01586	0.00834	0.00715	0.00211	0.04003	0.02343	0.00506	0.00961
9	0.01632	0.01555	0.02596	0.09207	0.62816	0.01591	0.01983	0.02127	0.05838	0.02195	0.01348	0.01723	0.01112	0.00623	0.00666	0.00203	0.00788	0.00608	0.00351	0.01039
10	0.01015	0.00672	0.00764	0.00752	0.00803	0.00657	0.00455	0.01054	0.01083	0.03616	0.02741	0.04534	0.11626	0.61434	0.05629	0.00596	0.00650	0.01015	0.00447	0.00458
11	0.08691	0.01517	0.01616	0.01355	0.01798	0.01691	0.01085	0.21967	0.38241	0.11304	0.02259	0.02111	0.01640	0.00848	0.00656	0.00216	0.00593	0.00673	0.00674	0.01065
12	0.01482	0.02337	0.27790	0.02339	0.03019	0.01705	0.35405	0.02056	0.01437	0.02056	0.01228	0.01618	0.00938	0.00687	0.00962	0.00232	0.12832	0.00656	0.00313	0.00908
13	0.00837	0.00603	0.00820	0.00954	0.01004	0.00585	0.00653	0.00971	0.01256	0.01691	0.03436	0.65870	0.04057	0.02506	0.10907	0.00384	0.00583	0.01744	0.00587	0.00552
14	0.00927	0.00661	0.00837	0.00878	0.00980	0.00626	0.00613	0.01133	0.04087	0.01983	0.23989	0.33516	0.11837	0.06440	0.01139	0.07344	0.00401	0.01429	0.00617	0.00562
15	0.00940	0.00695	0.00931	0.00927	0.01037	0.00743	0.00680	0.01122	0.01182	0.01625	0.08201	0.03740	0.11659	0.20530	0.42070	0.00797	0.01221	0.00911	0.00436	0.00554
16	0.00975	0.00668	0.00819	0.00854	0.00890	0.00677	0.00562	0.01052	0.01091	0.01460	0.02418	0.10881	0.02732	0.52485	0.09964	0.00614	0.00739	0.10203	0.00450	0.00467
17	0.00964	0.00649	0.00747	0.00754	0.00774	0.00644	0.00443	0.00977	0.01024	0.01355	0.02431	0.07561	0.06782	0.63410	0.05397	0.03565	0.00654	0.01022	0.00424	0.00425
18	0.01673	0.01862	0.03236	0.08975	0.08102	0.09783	0.44786	0.02300	0.08234	0.02120	0.01432	0.01796	0.01092	0.00624	0.00741	0.00218	0.01038	0.00717	0.00369	0.00903
19	0.01797	0.02145	0.14047	0.05130	0.19656	0.16805	0.10608	0.02237	0.04138	0.06396	0.03308	0.01726	0.01193	0.00774	0.00813	0.04232	0.03116	0.00598	0.00379	0.00902
20	0.00882	0.00683	0.01011	0.01068	0.01167	0.00637	0.05491	0.01042	0.01330	0.01762	0.03684	0.64139	0.07577	0.01963	0.00852	0.00269	0.00449	0.04817	0.00603	0.00575
21	0.05499	0.05857	0.03563	0.05473	0.05730	0.03024	0.01008	0.09252	0.01656	0.12087	0.07134	0.18640	0.06506	0.07470	0.00936	0.00259	0.00596	0.03963	0.00563	0.00783

[dist]
# distance from previous block
# <min> <max>
0	33

[block]
# block no. 5 follows, 32 sequences, length 21
# corresponding to MSA columns:
# 178-198
name=unknown_F
#
# <colnr> <probs for GDERKNQSTAVLIFYWHMCP>
#	G	D	E	R	K	N	Q	S	T	A	V	L	I	F	Y	W	H	M	C	P
0	0.01639	0.08320	0.15035	0.06159	0.04362	0.07269	0.07986	0.04434	0.09161	0.07252	0.03277	0.02280	0.05890	0.01024	0.04153	0.00249	0.03922	0.02843	0.00443	0.04303
1	0.04178	0.07770	0.05568	0.10571	0.17138	0.01604	0.01418	0.16560	0.06166	0.05777	0.01634	0.01803	0.03673	0.00707	0.00620	0.00187	0.00702	0.00580	0.00462	0.12883
2	0.00979	0.00746	0.01122	0.05810	0.01397	0.00872	0.00884	0.01221	0.01091	0.01556	0.01773	0.02664	0.01663	0.08099	0.65754	0.01003	0.01685	0.00723	0.00358	0.00599
3	0.07800	0.13915	0.09417	0.09707	0.17848	0.01770	0.08382	0.09587	0.06096	0.05279	0.01369	0.01595	0.01057	0.00654	0.00616	0.00197	0.00785	0.00560	0.00405	0.02961
4	0.00848	0.00623	0.00800	0.00934	0.00998	0.00589	0.00632	0.01037	0.03964	0.01761	0.03860	0.68714	0.08679	0.02031	0.00846	0.00268	0.00392	0.01832	0.00625	0.00566
5	0.00829	0.00676	0.00733	0.00730	0.00931	0.00580	0.00543	0.01028	0.01598	0.02001	0.21014	0.09840	0.53863	0.01648	0.00796	0.00226	0.00337	0.01397	0.00649	0.00580
6	0.00842	0.00677	0.00752	0.00743	0.00939	0.00586	0.00554	0.01055	0.01630	0.02077	0.26602	0.09638	0.48307	0.01620	0.00796	0.00224	0.00335	0.01380	0.00659	0.00586
7	0.00816	0.00681	0.00714	0.00727	0.00939	0.00579	0.00550	0.00998	0.01536	0.01857	0.09294	0.09229	0.62824	0.01710	0.00803	0.00232	0.00356	0.04957	0.00628	0.00571
8	0.01711	0.54364	0.10857	0.11472	0.02273	0.02343	0.01400	0.05525	0.01460	0.01796	0.01034	0.01240	0.00879	0.00607	0.00499	0.00165	0.00773	0.00420	0.00308	0.00874
9	0.76033	0.01291	0.01052	0.05625	0.01511	0.01504	0.00800	0.01956	0.01155	0.02927	0.00951	0.01135	0.00737	0.00626	0.00432	0.00209	0.00543	0.00378	0.00408	0.00728
10	0.00933	0.00640	0.00780	0.00846	0.00873	0.00627	0.00541	0.01001	0.01131	0.01503	0.02771	0.28310	0.03231	0.44950	0.02339	0.00494	0.00561	0.07500	0.00498	0.00472
11	0.02551	0.01879	0.02014	0.01544	0.02081	0.02081	0.01275	0.69996	0.03155	0.04229	0.01611	0.01611	0.01141	0.00805	0.00671	0.00201	0.00738	0.00604	0.00671	0.01141
12	0.01579	0.01741	0.03479	0.06498	0.12934	0.03968	0.51508	0.02091	0.01589	0.02142	0.04632	0.01919	0.01262	0.00617	0.00762	0.00220	0.01037	0.00763	0.00355	0.00902
13	0.00866	0.00659	0.00800	0.00864	0.00988	0.00607	0.00610	0.01098	0.03951	0.01962	0.17252	0.41409	0.22845	0.01815	0.00821	0.00247	0.00367	0.01605	0.00647	0.00586
14	0.00876	0.00653	0.00815	0.00837	0.00973	0.00592	0.00604	0.01101	0.01633	0.02206	0.37262	0.27169	0.19484	0.01665	0.00812	0.00233	0.00344	0.01470	0.00679	0.00592
15	0.01585	0.01416	0.01210	0.01103	0.01378	0.15753	0.00843	0.06747	0.16131	0.02461	0.12942	0.02989	0.09981	0.00981	0.00638	0.00193	0.00572	0.00787	0.21512	0.00776
16	0.01916	0.49015	0.06744	0.01323	0.01845	0.16803	0.01233	0.06720	0.01593	0.01808	0.01154	0.04925	0.01060	0.00694	0.00515	0.00164	0.00817	0.00476	0.00342	0.00855
17	0.01301	0.01240	0.01728	0.01523	0.01623	0.04594	0.04629	0.01510	0.01115	0.01619	0.01302	0.01972	0.01226	0.02766	0.32543	0.00619	0.37029	0.00647	0.00326	0.00687
18	0.00844	0.00616	0.00799	0.00928	0.01004	0.00572	0.00651	0.00992	0.01362	0.01792	0.06876	0.58721	0.12420	0.02002	0.00853	0.00268	0.00401	0.07716	0.00627	0.00558
19	0.01633	0.01853	0.05544	0.03827	0.01946	0.21837	0.07221	0.01899	0.01395	0.01762	0.01297	0.01766	0.01126	0.01723	0.16460	0.00401	0.19911	0.00588	0.07073	0.00737
20	0.05440	0.01362	0.03445	0.01214	0.01518	0.07263	0.00991	0.10177	0.12093	0.06837	0.15404	0.03248	0.10700	0.01227	0.03212	0.00249	0.07290	0.03887	0.03628	0.00815

[dist]
# distance from previous block
# <min> <max>
2	21

[block]
# block no. 6 follows, 32 sequences, length 41
# corresponding to MSA columns:
# 220-260
name=unknown_G
#
# <colnr> <probs for GDERKNQSTAVLIFYWHMCP>
#	G	D	E	R	K	N	Q	S	T	A	V	L	I	F	Y	W	H	M	C	P
0	0.02165	0.01960	0.01890	0.01624	0.04115	0.20354	0.05226	0.20004	0.17299	0.08549	0.01867	0.01902	0.02752	0.00951	0.03480	0.00233	0.00851	0.00624	0.00551	0.03602
1	0.00988	0.00693	0.00848	0.00910	0.01058	0.00636	0.00666	0.01211	0.03653	0.05742	0.07419	0.39081	0.24710	0.01818	0.00826	0.00254	0.00407	0.07827	0.00641	0.00611
2	0.01468	0.01468	0.02055	0.01762	0.01762	0.02055	0.01468	0.01615	0.01028	0.01615	0.00881	0.01468	0.00881	0.01174	0.02202	0.00294	0.75191	0.00587	0.00294	0.00734
3	0.12390	0.26873	0.22580	0.01583	0.02250	0.03970	0.10312	0.04365	0.04152	0.04052	0.01205	0.01377	0.00937	0.00628	0.00562	0.00190	0.00825	0.00488	0.00354	0.00907
4	0.00996	0.00752	0.00861	0.00868	0.00995	0.00743	0.00600	0.01342	0.10063	0.01879	0.12948	0.17842	0.17394	0.25795	0.01643	0.00373	0.00479	0.03267	0.00576	0.00584
5	0.01661	0.01594	0.02724	0.04119	0.72233	0.01594	0.02059	0.02059	0.01528	0.02192	0.01262	0.01661	0.01063	0.00598	0.00664	0.00199	0.00797	0.00598	0.00332	0.01063
6	0.01540	0.01279	0.01006	0.00951	0.01166	0.17511	0.00716	0.01931	0.06374	0.02343	0.08467	0.02439	0.01976	0.00825	0.00545	0.00170	0.00535	0.00645	0.48890	0.00691
7	0.01574	0.01582	0.02326	0.35007	0.35252	0.08954	0.01895	0.01971	0.01484	0.01925	0.01208	0.01671	0.00968	0.00640	0.00661	0.00207	0.00882	0.00580	0.00319	0.00894
8	0.01823	0.05706	0.02149	0.06139	0.02118	0.07003	0.06067	0.21617	0.01789	0.02413	0.01244	0.01622	0.01039	0.01286	0.08010	0.00314	0.27787	0.00596	0.00416	0.00862
9	0.00829	0.00592	0.00791	0.00947	0.00991	0.00555	0.00642	0.00953	0.01296	0.01725	0.03692	0.73116	0.04414	0.02092	0.00859	0.00274	0.00399	0.04664	0.00623	0.00548
10	0.01040	0.00761	0.00811	0.00771	0.01021	0.00676	0.00587	0.01345	0.06109	0.07093	0.10529	0.05635	0.54894	0.01525	0.00764	0.00221	0.00366	0.01273	0.03934	0.00647
11	0.01347	0.01004	0.01379	0.01248	0.01499	0.01026	0.07100	0.01970	0.17809	0.09097	0.10987	0.28050	0.06861	0.01414	0.00828	0.00244	0.02949	0.03775	0.00634	0.00778
12	0.00825	0.00620	0.00767	0.00880	0.00977	0.00563	0.00616	0.00966	0.01366	0.01756	0.04542	0.53248	0.22969	0.01978	0.00843	0.00262	0.00388	0.05256	0.00623	0.00555
13	0.00948	0.00653	0.00810	0.00886	0.00926	0.00641	0.00596	0.01040	0.01174	0.01555	0.02856	0.26524	0.03303	0.40296	0.02186	0.00474	0.00566	0.13568	0.00511	0.00487
14	0.01835	0.01468	0.01574	0.01362	0.01762	0.01661	0.01074	0.15935	0.51780	0.05351	0.06713	0.02480	0.02125	0.00916	0.00687	0.00221	0.00558	0.00754	0.00689	0.01054
15	0.01681	0.01079	0.03699	0.01317	0.04252	0.00970	0.05649	0.04089	0.07288	0.21624	0.10109	0.21218	0.06596	0.01319	0.00866	0.05154	0.00549	0.01080	0.00637	0.00824
16	0.00943	0.00700	0.00896	0.01007	0.01145	0.00662	0.00804	0.01159	0.01455	0.01860	0.04323	0.23522	0.20631	0.04954	0.00980	0.00294	0.00496	0.32977	0.00612	0.00579
17	0.01669	0.01441	0.01517	0.01365	0.01745	0.01669	0.01062	0.03565	0.71021	0.02807	0.02731	0.02503	0.02048	0.00910	0.00683	0.00228	0.00531	0.00759	0.00683	0.01062
18	0.01617	0.01550	0.02645	0.11960	0.64733	0.01583	0.02038	0.02021	0.01507	0.02139	0.01254	0.01675	0.01044	0.00606	0.00665	0.00202	0.00808	0.00598	0.00328	0.01028
19	0.00960	0.00712	0.01044	0.01044	0.01152	0.00820	0.00796	0.01176	0.01068	0.01532	0.01829	0.02812	0.01754	0.12172	0.66724	0.01036	0.01683	0.00745	0.00364	0.00580
20	0.02181	0.01347	0.01446	0.01225	0.01623	0.07902	0.00969	0.02959	0.23877	0.31610	0.10328	0.02702	0.04562	0.00930	0.00681	0.00210	0.00574	0.00762	0.03121	0.00991
21	0.01764	0.01919	0.02105	0.01856	0.04288	0.19599	0.06241	0.02182	0.10354	0.01833	0.01205	0.01569	0.01044	0.00959	0.01462	0.00247	0.39616	0.00586	0.00361	0.00810
22	0.02007	0.01554	0.02315	0.09263	0.15672	0.01615	0.12824	0.23600	0.04313	0.11800	0.01837	0.02007	0.03927	0.00893	0.03099	0.00239	0.00821	0.00683	0.00524	0.01006
23	0.01847	0.01968	0.01830	0.01729	0.06038	0.25049	0.01290	0.04421	0.15371	0.01995	0.01445	0.01717	0.01206	0.01183	0.06275	0.00285	0.22437	0.00583	0.02498	0.00833
24	0.15133	0.05243	0.01999	0.09448	0.15453	0.29989	0.01409	0.04968	0.01616	0.02080	0.01087	0.01363	0.00894	0.00693	0.00697	0.00197	0.06055	0.00483	0.00357	0.00835
25	0.04997	0.01699	0.01829	0.01452	0.01948	0.01877	0.01185	0.47126	0.18347	0.09588	0.01929	0.01852	0.01376	0.00825	0.00666	0.00208	0.00670	0.00637	0.00679	0.01110
26	0.01590	0.01108	0.01222	0.01101	0.01415	0.01188	0.00863	0.04751	0.33424	0.09841	0.09416	0.03226	0.08307	0.01022	0.00670	0.00213	0.00468	0.03525	0.15760	0.00890
27	0.00880	0.00723	0.00823	0.00790	0.00982	0.00665	0.00600	0.01097	0.01626	0.02093	0.28009	0.05722	0.46589	0.01564	0.00865	0.00225	0.04201	0.01306	0.00644	0.00597
28	0.00855	0.00662	0.00779	0.00793	0.00955	0.00586	0.00578	0.01068	0.01614	0.02112	0.29903	0.20354	0.34004	0.01663	0.00806	0.00230	0.00342	0.01444	0.00665	0.00586
29	0.00875	0.00629	0.00832	0.00974	0.01044	0.00596	0.00701	0.01029	0.01338	0.01762	0.03769	0.55915	0.07736	0.04862	0.00965	0.00292	0.00443	0.15069	0.00614	0.00555
30	0.00824	0.00587	0.00777	0.00926	0.00963	0.00549	0.00614	0.00936	0.01272	0.01695	0.03631	0.72954	0.04353	0.05245	0.00965	0.00288	0.00400	0.01868	0.00614	0.00539
31	0.02342	0.20215	0.02275	0.01594	0.01993	0.57299	0.01262	0.02524	0.01777	0.01627	0.01013	0.01179	0.00864	0.00664	0.00565	0.00166	0.01096	0.00415	0.00332	0.00797
32	0.01848	0.60104	0.03169	0.01282	0.01769	0.11286	0.01199	0.02051	0.01395	0.01590	0.00940	0.01133	0.00863	0.00650	0.00633	0.00162	0.08401	0.00391	0.00295	0.00838
33	0.02070	0.01034	0.01194	0.00986	0.01333	0.01022	0.00791	0.15274	0.01909	0.25546	0.02226	0.02260	0.01590	0.00802	0.00574	0.00182	0.00478	0.00637	0.39201	0.00892
34	0.01081	0.00772	0.01081	0.01236	0.01390	0.00772	0.01081	0.01390	0.01545	0.02008	0.03553	0.07569	0.03862	0.01854	0.00927	0.00309	0.00618	0.67717	0.00618	0.00618
35	0.02506	0.03198	0.01901	0.01729	0.02074	0.73725	0.01296	0.02679	0.01901	0.01642	0.01037	0.01210	0.00864	0.00691	0.00605	0.00173	0.01210	0.00432	0.00346	0.00778
36	0.01669	0.01441	0.01517	0.01365	0.01745	0.01669	0.01062	0.03565	0.71021	0.02807	0.02731	0.02503	0.02048	0.00910	0.00683	0.00228	0.00531	0.00759	0.00683	0.01062
37	0.19009	0.01495	0.01616	0.01284	0.01775	0.01592	0.01054	0.29569	0.08486	0.24616	0.01885	0.01787	0.01294	0.00784	0.00620	0.00207	0.00623	0.00589	0.00667	0.01048
38	0.00985	0.00725	0.00997	0.00985	0.01059	0.00822	0.00714	0.01138	0.01041	0.01471	0.01871	0.03200	0.01911	0.29728	0.46377	0.00898	0.04366	0.00803	0.00373	0.00538
39	0.01584	0.04030	0.03051	0.02293	0.04880	0.03788	0.42894	0.04811	0.11372	0.02286	0.05340	0.07145	0.01670	0.00776	0.00755	0.00223	0.00918	0.00848	0.00439	0.00897
40	0.01779	0.19151	0.04590	0.01550	0.04183	0.11317	0.08011	0.08864	0.14273	0.02245	0.03785	0.04545	0.01457	0.00805	0.00674	0.02655	0.00754	0.00617	0.00448	0.08298

[dist]
# distance from previous block
# <min> <max>
11	30

[block]
# block no. 7 follows, 32 sequences, length 9
# corresponding to MSA columns:
# 291-299
name=unknown_H
#
# <colnr> <probs for GDERKNQSTAVLIFYWHMCP>
#	G	D	E	R	K	N	Q	S	T	A	V	L	I	F	Y	W	H	M	C	P
0	0.36547	0.01768	0.08882	0.07354	0.06964	0.09805	0.01209	0.08265	0.01517	0.06279	0.01227	0.01505	0.00963	0.04340	0.00681	0.00226	0.00727	0.00489	0.00423	0.00830
1	0.11994	0.01812	0.01720	0.01395	0.01842	0.10718	0.01117	0.39996	0.07385	0.07030	0.01628	0.01801	0.01244	0.06339	0.00835	0.00234	0.00740	0.00595	0.00589	0.00986
2	0.02193	0.02445	0.01793	0.01535	0.01934	0.43217	0.01185	0.12323	0.01919	0.02125	0.01176	0.01372	0.00964	0.00865	0.03598	0.00204	0.04043	0.00469	0.00402	0.16238
3	0.00976	0.00651	0.00732	0.00732	0.00732	0.00651	0.00407	0.00976	0.00976	0.01301	0.02114	0.04391	0.02439	0.76419	0.03415	0.00651	0.00651	0.00976	0.00407	0.00407
4	0.00874	0.00617	0.00804	0.00902	0.00941	0.00608	0.00596	0.00977	0.01182	0.01591	0.03069	0.49082	0.03599	0.20980	0.10502	0.00466	0.00628	0.01529	0.00536	0.00517
5	0.00936	0.00675	0.00885	0.00853	0.00999	0.00624	0.00632	0.01232	0.01836	0.02590	0.64836	0.12344	0.06136	0.01447	0.00798	0.00217	0.00324	0.01285	0.00727	0.00624
6	0.01704	0.01639	0.02212	0.18917	0.25462	0.09004	0.05788	0.10542	0.07917	0.02306	0.01799	0.02064	0.06173	0.00754	0.00679	0.00208	0.00818	0.00666	0.00420	0.00926
7	0.02480	0.06951	0.02118	0.01653	0.06323	0.04638	0.01292	0.53345	0.02787	0.09355	0.01606	0.01617	0.01149	0.00775	0.00652	0.00197	0.00744	0.00586	0.00625	0.01104
8	0.02037	0.02171	0.15161	0.04602	0.02236	0.16067	0.04761	0.14703	0.08700	0.11558	0.04501	0.01830	0.01374	0.00827	0.00786	0.02211	0.04426	0.00606	0.00499	0.00943

[dist]
# distance from previous block
# <min> <max>
0	45

[block]
# block no. 8 follows, 32 sequences, length 14
# corresponding to MSA columns:
# 345-358
name=unknown_I
#
# <colnr> <probs for GDERKNQSTAVLIFYWHMCP>
#	G	D	E	R	K	N	Q	S	T	A	V	L	I	F	Y	W	H	M	C	P
0	0.05906	0.01295	0.01962	0.34858	0.20492	0.01423	0.01599	0.01976	0.07238	0.03959	0.01609	0.01958	0.04162	0.00703	0.00645	0.00205	0.00749	0.00617	0.00383	0.08259
1	0.01416	0.01301	0.02058	0.29244	0.28428	0.01403	0.01652	0.01941	0.07311	0.02126	0.09606	0.02152	0.01694	0.00734	0.00672	0.00205	0.00734	0.00669	0.00401	0.06253
2	0.01652	0.01507	0.02129	0.28593	0.21680	0.09047	0.04380	0.04909	0.01546	0.06727	0.01388	0.01819	0.01095	0.01175	0.09207	0.00310	0.00988	0.00607	0.00373	0.00867
3	0.02367	0.02324	0.01869	0.07734	0.02175	0.39989	0.01304	0.06121	0.01809	0.15865	0.01379	0.01527	0.01042	0.00787	0.00839	0.00202	0.10836	0.00524	0.00448	0.00861
4	0.01021	0.00774	0.00967	0.00873	0.01095	0.00700	0.00662	0.01388	0.04502	0.02588	0.57341	0.04572	0.09167	0.01270	0.00753	0.00199	0.00347	0.01112	0.00690	0.09980
5	0.01677	0.01929	0.03478	0.02565	0.03119	0.10158	0.53149	0.02144	0.01550	0.02022	0.01260	0.01697	0.00983	0.00657	0.00948	0.00229	0.10510	0.00724	0.00334	0.00868
6	0.01068	0.00863	0.01030	0.01043	0.03963	0.02963	0.00752	0.01489	0.07370	0.02484	0.48152	0.04912	0.14916	0.01357	0.00780	0.00218	0.00400	0.04878	0.00683	0.00679
7	0.00815	0.00595	0.00767	0.00905	0.00965	0.00548	0.00610	0.00938	0.01313	0.01725	0.04060	0.67858	0.12327	0.02055	0.00849	0.00267	0.00384	0.01850	0.00623	0.00548
8	0.01513	0.01444	0.02457	0.30588	0.46915	0.01556	0.01986	0.01930	0.01458	0.02013	0.01236	0.01709	0.01000	0.00625	0.00667	0.00208	0.00834	0.00597	0.00319	0.00944
9	0.02551	0.01879	0.02014	0.01544	0.02081	0.02081	0.01275	0.69996	0.03155	0.04229	0.01611	0.01611	0.01141	0.00805	0.00671	0.00201	0.00738	0.00604	0.00671	0.01141
10	0.13717	0.01484	0.08420	0.01265	0.01818	0.01257	0.01132	0.11686	0.01924	0.47214	0.02133	0.01945	0.01384	0.00780	0.00634	0.00207	0.00626	0.00605	0.00699	0.01069
11	0.00818	0.00584	0.00779	0.00934	0.00973	0.00545	0.00623	0.00934	0.01285	0.01713	0.03698	0.75981	0.04438	0.02102	0.00856	0.00273	0.00389	0.01908	0.00623	0.00545
12	0.00983	0.00744	0.00914	0.00869	0.01050	0.00707	0.00652	0.01404	0.07611	0.02542	0.54546	0.07677	0.14951	0.01406	0.00785	0.00217	0.00340	0.01230	0.00714	0.00657
13	0.08234	0.01224	0.01563	0.01207	0.01720	0.01127	0.00997	0.09617	0.01987	0.61398	0.02432	0.02138	0.01548	0.00814	0.00657	0.00207	0.00584	0.00647	0.00787	0.01114

[dist]
# distance from previous block
# <min> <max>
0	1

[block]
# block no. 9 follows, 32 sequences, length 30
# corresponding to MSA columns:
# 360-389
name=unknown_J
#
# <colnr> <probs for GDERKNQSTAVLIFYWHMCP>
#	G	D	E	R	K	N	Q	S	T	A	V	L	I	F	Y	W	H	M	C	P
0	0.11258	0.02919	0.01805	0.01625	0.01988	0.62045	0.01232	0.06027	0.01881	0.01926	0.01055	0.01217	0.00863	0.00690	0.00587	0.00178	0.01109	0.00433	0.00370	0.00791
1	0.01727	0.01051	0.01199	0.01042	0.01350	0.03399	0.00811	0.12341	0.01922	0.19980	0.16743	0.13810	0.15928	0.01265	0.00733	0.00217	0.00490	0.01069	0.04105	0.00818
2	0.30865	0.01270	0.01398	0.01117	0.01601	0.01280	0.00922	0.09411	0.01765	0.41042	0.01933	0.01791	0.01276	0.00754	0.00582	0.00207	0.00569	0.00557	0.00666	0.00994
3	0.01002	0.00727	0.00983	0.01046	0.01200	0.00708	0.00860	0.01294	0.01629	0.02197	0.27527	0.08615	0.08539	0.01889	0.05542	0.00318	0.00564	0.34098	0.00644	0.00617
4	0.81159	0.01298	0.00986	0.00882	0.01298	0.01505	0.00727	0.01972	0.01142	0.03010	0.00934	0.01090	0.00727	0.00623	0.00415	0.00208	0.00519	0.00363	0.00415	0.00727
5	0.17360	0.01972	0.01696	0.01503	0.05403	0.21216	0.01130	0.20114	0.05990	0.04838	0.01346	0.01446	0.01030	0.00694	0.00581	0.00183	0.00778	0.00494	0.00485	0.11743
6	0.01611	0.01587	0.02494	0.21921	0.50918	0.05837	0.01964	0.02008	0.01503	0.02038	0.01231	0.01667	0.01008	0.00622	0.00662	0.00204	0.00846	0.00588	0.00324	0.00965
7	0.01794	0.76823	0.03516	0.01148	0.01722	0.02655	0.01148	0.02009	0.01363	0.01579	0.00933	0.01076	0.00861	0.00574	0.00431	0.00144	0.00718	0.00359	0.00287	0.00861
8	0.04584	0.01670	0.02027	0.01582	0.02056	0.06593	0.10757	0.32620	0.05258	0.13707	0.01761	0.01956	0.01317	0.05228	0.05518	0.00286	0.00848	0.00657	0.00585	0.00992
9	0.01370	0.01244	0.01921	0.26985	0.24664	0.01363	0.01551	0.01964	0.11138	0.02157	0.11659	0.04481	0.04950	0.00861	0.00697	0.00216	0.00696	0.00775	0.00446	0.00860
10	0.01166	0.00583	0.00874	0.00874	0.00874	0.00583	0.00583	0.00874	0.00874	0.01166	0.01166	0.02040	0.01166	0.02331	0.02622	0.80478	0.00583	0.00583	0.00291	0.00291
11	0.01312	0.03286	0.68312	0.01850	0.02780	0.01493	0.02360	0.02049	0.01408	0.02099	0.01364	0.06201	0.01080	0.00731	0.00652	0.00216	0.00953	0.00586	0.00305	0.00963
12	0.01141	0.00730	0.00895	0.00826	0.01042	0.00652	0.00629	0.01411	0.01776	0.09966	0.43062	0.05008	0.23959	0.01378	0.00765	0.00213	0.00350	0.01185	0.04343	0.00669
13	0.00976	0.00651	0.00732	0.00732	0.00732	0.00651	0.00407	0.00976	0.00976	0.01301	0.02114	0.04391	0.02439	0.76419	0.03415	0.00651	0.00651	0.00976	0.00407	0.00407
14	0.00820	0.00619	0.00759	0.00855	0.00956	0.00558	0.00592	0.00967	0.01399	0.01813	0.09566	0.51058	0.23739	0.01934	0.00834	0.00255	0.00370	0.01717	0.00631	0.00558
15	0.01510	0.06356	0.02432	0.32453	0.36983	0.01625	0.01875	0.01985	0.04616	0.01986	0.01279	0.01713	0.01026	0.00640	0.00652	0.00207	0.00819	0.00589	0.00331	0.00921
16	0.01671	0.08597	0.01824	0.24380	0.07897	0.10992	0.01300	0.03979	0.01530	0.08221	0.01569	0.03765	0.01260	0.01019	0.05405	0.00251	0.00825	0.00606	0.14111	0.00797
17	0.01392	0.01313	0.02229	0.58019	0.13140	0.01542	0.06222	0.04654	0.01457	0.01909	0.01230	0.01766	0.00934	0.00660	0.00678	0.00220	0.00891	0.00609	0.00321	0.00813
18	0.00802	0.00680	0.00693	0.00689	0.00912	0.00570	0.00517	0.00981	0.01551	0.01865	0.10649	0.06372	0.68077	0.01680	0.00793	0.00226	0.00338	0.01404	0.00630	0.00570
19	0.65461	0.01266	0.01101	0.00945	0.01381	0.01401	0.00779	0.02233	0.01298	0.17009	0.01278	0.01330	0.00914	0.00665	0.00467	0.00208	0.00529	0.00426	0.00499	0.00810
20	0.00862	0.00628	0.00790	0.00896	0.00974	0.00586	0.00623	0.00997	0.01327	0.01734	0.05912	0.47873	0.14628	0.11120	0.01166	0.00314	0.00434	0.07997	0.00599	0.00541
21	0.00956	0.00646	0.00752	0.00771	0.00780	0.00646	0.00451	0.00980	0.01017	0.01360	0.02287	0.12739	0.02642	0.64614	0.06131	0.00624	0.00669	0.01074	0.00430	0.00431
22	0.01171	0.00680	0.01053	0.12692	0.01476	0.00727	0.00789	0.01010	0.00962	0.01271	0.01251	0.04363	0.01227	0.02058	0.02254	0.65088	0.00626	0.00627	0.00303	0.00372
23	0.05928	0.43226	0.10968	0.01381	0.01950	0.13021	0.04413	0.02181	0.01499	0.05992	0.03203	0.01358	0.01070	0.00640	0.00522	0.00169	0.00812	0.00450	0.00350	0.00869
24	0.01158	0.00585	0.00869	0.00869	0.00869	0.00585	0.00576	0.00878	0.00878	0.01171	0.01203	0.02132	0.01215	0.05238	0.02653	0.77345	0.00585	0.00598	0.00296	0.00296
25	0.01794	0.28829	0.10828	0.01621	0.06962	0.15295	0.04816	0.05911	0.01615	0.03708	0.01700	0.06548	0.06104	0.00802	0.00595	0.00184	0.00818	0.00624	0.00384	0.00859
26	0.03815	0.09174	0.10769	0.17402	0.02464	0.11609	0.01410	0.02017	0.05003	0.03969	0.05555	0.01849	0.03094	0.00770	0.00766	0.00197	0.08125	0.00572	0.00387	0.11053
27	0.07065	0.07437	0.06352	0.04299	0.17280	0.01619	0.07948	0.14907	0.05369	0.13030	0.01626	0.03676	0.01244	0.00723	0.00642	0.00200	0.00736	0.00623	0.00497	0.04727
28	0.11130	0.07788	0.01974	0.07463	0.04816	0.03424	0.09201	0.11759	0.07483	0.12533	0.09474	0.04086	0.01873	0.03209	0.00739	0.00221	0.00686	0.00707	0.00539	0.00895
29	0.04422	0.13937	0.06368	0.01573	0.07870	0.01598	0.05579	0.13012	0.06241	0.02425	0.01694	0.05860	0.04224	0.00771	0.00643	0.00179	0.02649	0.00628	0.00446	0.19882

[dist]
# distance from previous block
# <min> <max>
1	31

[block]
# block no. 10 follows, 32 sequences, length 17
# corresponding to MSA columns:
# 422-438
name=unknown_K
#
# <colnr> <probs for GDERKNQSTAVLIFYWHMCP>
#	G	D	E	R	K	N	Q	S	T	A	V	L	I	F	Y	W	H	M	C	P
0	0.06247	0.01522	0.01822	0.24055	0.14814	0.11153	0.01436	0.04059	0.11129	0.05286	0.01891	0.07618	0.04445	0.00856	0.00667	0.00215	0.00767	0.00722	0.00443	0.00854
1	0.05488	0.04906	0.01643	0.01686	0.14677	0.16290	0.02728	0.01791	0.01653	0.02149	0.18152	0.03038	0.13480	0.00964	0.00664	0.00191	0.00659	0.00801	0.02199	0.06841
2	0.01452	0.01152	0.01272	0.01032	0.01418	0.04541	0.00780	0.06291	0.01462	0.05643	0.01738	0.09510	0.01672	0.14329	0.05613	0.00290	0.00650	0.00700	0.00458	0.39997
3	0.05635	0.11836	0.14627	0.07802	0.17349	0.08872	0.01602	0.06757	0.03063	0.02138	0.01337	0.05276	0.01151	0.00844	0.02430	0.00220	0.04235	0.00586	0.00368	0.03872
4	0.01474	0.01413	0.02110	0.19690	0.36339	0.05911	0.01660	0.01879	0.03331	0.02093	0.10407	0.07227	0.01938	0.00831	0.00692	0.00211	0.00750	0.00760	0.00406	0.00881
5	0.03288	0.00970	0.01078	0.00995	0.01193	0.01073	0.00764	0.07518	0.11633	0.02353	0.02839	0.10617	0.11817	0.05542	0.00975	0.00239	0.09075	0.00898	0.26413	0.00719
6	0.01260	0.01184	0.01976	0.67913	0.07421	0.01448	0.01803	0.01691	0.01359	0.01740	0.01481	0.02021	0.04515	0.00720	0.00677	0.00223	0.00862	0.00638	0.00316	0.00750
7	0.00940	0.00811	0.01171	0.01035	0.01273	0.00725	0.09361	0.01194	0.01603	0.02084	0.23688	0.15561	0.34962	0.01523	0.00802	0.00229	0.00441	0.01352	0.00619	0.00625
8	0.02427	0.01005	0.01349	0.01104	0.01493	0.00889	0.00877	0.02648	0.01739	0.52598	0.05619	0.07979	0.02248	0.10588	0.01052	0.00273	0.00560	0.03841	0.00749	0.00962
9	0.00864	0.00670	0.00780	0.00797	0.00962	0.00596	0.00588	0.01069	0.01578	0.02043	0.24954	0.16783	0.36181	0.04667	0.00914	0.00250	0.00367	0.04710	0.00648	0.00579
10	0.00910	0.00679	0.00838	0.00807	0.00970	0.00615	0.00597	0.01174	0.01757	0.02403	0.51971	0.08298	0.20733	0.04206	0.00890	0.00233	0.00337	0.01279	0.00696	0.00606
11	0.01558	0.01474	0.01947	0.01585	0.01898	0.09374	0.16988	0.08504	0.09763	0.02092	0.01933	0.05259	0.04149	0.15033	0.04932	0.03411	0.06191	0.00798	0.02353	0.00758
12	0.07365	0.24661	0.02342	0.01593	0.08004	0.15982	0.01226	0.07387	0.07452	0.02110	0.01206	0.01381	0.01006	0.00694	0.00687	0.00179	0.07384	0.00471	0.00385	0.08484
13	0.04707	0.08444	0.01507	0.03959	0.01559	0.01120	0.03847	0.01685	0.06175	0.07336	0.02587	0.29186	0.05036	0.01293	0.00771	0.00221	0.03941	0.04034	0.00529	0.12062
14	0.09677	0.06777	0.04764	0.05491	0.08693	0.04781	0.10479	0.10563	0.01669	0.12553	0.01565	0.05357	0.01282	0.00842	0.00865	0.00221	0.10944	0.02107	0.00465	0.00905
15	0.12613	0.05324	0.07624	0.07771	0.06945	0.07894	0.04707	0.08940	0.07679	0.05039	0.01595	0.01869	0.02906	0.00754	0.00676	0.00200	0.03953	0.02237	0.03321	0.07954
16	0.05751	0.05190	0.08592	0.04685	0.08071	0.12636	0.01293	0.17927	0.01927	0.02596	0.07121	0.05449	0.01719	0.00855	0.00641	0.00196	0.00743	0.03660	0.04001	0.06948

[dist]
# distance from previous block
# <min> <max>
17	233

# created by:
