[name]
unknown

[dist]
# distance from previous block
# <min> <max>
0	20

[block]
# block no. 0 follows, 32 sequences, length 16
# corresponding to MSA columns:
# 20-35
name=unknown_A
#
# <colnr> <probs for GDERKNQSTAVLIFYWHMCP>
#	G	D	E	R	K	N	Q	S	T	A	V	L	I	F	Y	W	H	M	C	P
0	0.06850	0.04097	0.18069	0.02394	0.24672	0.11124	0.05315	0.02005	0.01488	0.02073	0.01468	0.07538	0.01334	0.02678	0.00719	0.00215	0.00840	0.02556	0.00363	0.04202
1	0.07162	0.01860	0.03963	0.04052	0.02031	0.09533	0.01228	0.31445	0.25781	0.03239	0.01859	0.01838	0.01375	0.00807	0.00651	0.00209	0.00718	0.00619	0.00599	0.01031
2	0.00842	0.00637	0.00766	0.00825	0.00945	0.00573	0.00577	0.01007	0.01463	0.01906	0.17217	0.36695	0.26705	0.05487	0.00949	0.00265	0.00373	0.01573	0.00634	0.00561
3	0.05593	0.01227	0.01708	0.10252	0.14116	0.01254	0.04028	0.10881	0.04173	0.07172	0.14000	0.08061	0.02315	0.00912	0.00673	0.00203	0.00612	0.00798	0.04317	0.07706
4	0.19843	0.04377	0.10355	0.06478	0.06847	0.04544	0.09199	0.17803	0.01793	0.02721	0.01578	0.06863	0.03206	0.00798	0.00628	0.00211	0.00760	0.00657	0.00451	0.00888
5	0.00973	0.00658	0.00767	0.00764	0.00782	0.00663	0.00452	0.01010	0.01043	0.01410	0.06660	0.04308	0.02640	0.66463	0.08211	0.00652	0.00710	0.00973	0.00425	0.00435
6	0.00840	0.00600	0.00805	0.00960	0.01009	0.00565	0.00663	0.00974	0.01307	0.01738	0.03686	0.70065	0.04388	0.02081	0.00863	0.00276	0.00409	0.07599	0.00622	0.00551
7	0.01884	0.01765	0.07426	0.04789	0.18049	0.06507	0.11273	0.08519	0.13927	0.11023	0.01772	0.04095	0.01370	0.00775	0.00748	0.00215	0.03695	0.00684	0.00490	0.00993
8	0.01363	0.01186	0.01903	0.03544	0.01869	0.01351	0.14494	0.04343	0.01331	0.04327	0.01803	0.13844	0.01762	0.05374	0.12517	0.00398	0.21696	0.00883	0.05287	0.00725
9	0.00826	0.00596	0.00782	0.00916	0.00972	0.00552	0.00618	0.00959	0.01340	0.01787	0.08663	0.67604	0.07840	0.02031	0.00849	0.00266	0.00382	0.01835	0.00631	0.00552
10	0.01554	0.01485	0.02530	0.23336	0.53852	0.01566	0.02006	0.01965	0.01477	0.02062	0.01243	0.01696	0.01017	0.00618	0.00666	0.00206	0.00824	0.00597	0.00323	0.00977
11	0.08794	0.05596	0.04305	0.01561	0.04750	0.19312	0.01226	0.19992	0.17122	0.06544	0.01699	0.03295	0.01310	0.00790	0.00628	0.00200	0.00783	0.00592	0.00535	0.00966
12	0.01792	0.01432	0.05155	0.01497	0.05361	0.03504	0.05599	0.18740	0.09529	0.11005	0.10931	0.12796	0.02464	0.05985	0.00897	0.00247	0.00644	0.00914	0.00608	0.00899
13	0.01359	0.01271	0.04642	0.01523	0.05158	0.01295	0.05621	0.07452	0.01384	0.02017	0.01479	0.04313	0.01336	0.02310	0.26623	0.00512	0.14822	0.00652	0.00384	0.15847
14	0.03036	0.00773	0.00914	0.00908	0.01077	0.00744	0.00653	0.03175	0.06132	0.06692	0.16688	0.28369	0.17134	0.09304	0.01056	0.00280	0.00427	0.01358	0.00636	0.00645
15	0.05739	0.05419	0.02234	0.04063	0.22324	0.09258	0.06385	0.13294	0.08006	0.04548	0.01430	0.01621	0.01117	0.00663	0.00625	0.00187	0.00771	0.00563	0.00444	0.11307

[dist]
# distance from previous block
# <min> <max>
0	9

[block]
# block no. 1 follows, 32 sequences, length 33
# corresponding to MSA columns:
# 45-77
name=unknown_B
#
# <colnr> <probs for GDERKNQSTAVLIFYWHMCP>
#	G	D	E	R	K	N	Q	S	T	A	V	L	I	F	Y	W	H	M	C	P
0	0.05739	0.01760	0.01915	0.05015	0.09559	0.10697	0.03362	0.27443	0.09057	0.02935	0.04188	0.04571	0.01453	0.00825	0.00720	0.00203	0.03861	0.00651	0.00526	0.05520
1	0.05363	0.05546	0.01875	0.04745	0.09345	0.11499	0.01237	0.26213	0.08569	0.04526	0.03334	0.01958	0.01404	0.00793	0.00632	0.00196	0.00731	0.02806	0.06428	0.02800
2	0.01411	0.01199	0.01565	0.15230	0.03863	0.03612	0.04141	0.06184	0.11667	0.04381	0.18822	0.05231	0.07000	0.03190	0.00855	0.00226	0.03973	0.00862	0.00542	0.06046
3	0.00837	0.00612	0.00788	0.00890	0.00971	0.00563	0.00612	0.00994	0.01418	0.01891	0.15712	0.55912	0.12466	0.01931	0.00838	0.00257	0.00371	0.01733	0.00643	0.00563
4	0.01710	0.01753	0.02044	0.21129	0.19487	0.17163	0.03133	0.04806	0.11220	0.02064	0.01541	0.04930	0.01284	0.00937	0.03722	0.00244	0.00905	0.00650	0.00401	0.00877
5	0.00824	0.00681	0.00723	0.00713	0.00926	0.00580	0.00534	0.01024	0.01603	0.01988	0.19794	0.06169	0.58855	0.01634	0.00793	0.00223	0.00335	0.01376	0.00646	0.00580
6	0.01216	0.00764	0.00958	0.00871	0.01073	0.00723	0.00665	0.04509	0.01888	0.07942	0.53955	0.04310	0.05114	0.01225	0.00733	0.00203	0.00354	0.01065	0.11741	0.00692
7	0.01142	0.00651	0.00738	0.00731	0.00885	0.00658	0.00553	0.01437	0.01428	0.02346	0.11988	0.03050	0.05535	0.01584	0.12241	0.00314	0.00552	0.00758	0.52791	0.00620
8	0.81159	0.01298	0.00986	0.00882	0.01298	0.01505	0.00727	0.01972	0.01142	0.03010	0.00934	0.01090	0.00727	0.00623	0.00415	0.00208	0.00519	0.00363	0.00415	0.00727
9	0.02506	0.03198	0.01901	0.01729	0.02074	0.73725	0.01296	0.02679	0.01901	0.01642	0.01037	0.01210	0.00864	0.00691	0.00605	0.00173	0.01210	0.00432	0.00346	0.00778
10	0.01413	0.03289	0.65185	0.01961	0.02912	0.01590	0.07106	0.04964	0.01501	0.02215	0.01232	0.01452	0.00874	0.00640	0.00650	0.00213	0.00991	0.00521	0.00303	0.00992
11	0.02604	0.01794	0.01961	0.01503	0.02038	0.01954	0.01242	0.62267	0.03012	0.12160	0.01731	0.01689	0.01201	0.00808	0.00672	0.00202	0.00719	0.00612	0.00690	0.01141
12	0.03010	0.01142	0.01557	0.01194	0.01713	0.00986	0.00986	0.03270	0.01920	0.72698	0.02647	0.02284	0.01661	0.00830	0.00675	0.00208	0.00571	0.00675	0.00830	0.01142
13	0.01794	0.76823	0.03516	0.01148	0.01722	0.02655	0.01148	0.02009	0.01363	0.01579	0.00933	0.01076	0.00861	0.00574	0.00431	0.00144	0.00718	0.00359	0.00287	0.00861
14	0.00912	0.00638	0.00799	0.00891	0.00939	0.00616	0.00602	0.01014	0.01215	0.01605	0.03206	0.37341	0.06144	0.29630	0.01813	0.00416	0.00516	0.10655	0.00542	0.00505
15	0.01794	0.76823	0.03516	0.01148	0.01722	0.02655	0.01148	0.02009	0.01363	0.01579	0.00933	0.01076	0.00861	0.00574	0.00431	0.00144	0.00718	0.00359	0.00287	0.00861
16	0.02551	0.01879	0.02014	0.01544	0.02081	0.02081	0.01275	0.69996	0.03155	0.04229	0.01611	0.01611	0.01141	0.00805	0.00671	0.00201	0.00738	0.00604	0.00671	0.01141
17	0.00895	0.00684	0.00821	0.00787	0.00969	0.00610	0.00590	0.01160	0.01770	0.02384	0.49171	0.05516	0.29230	0.01486	0.00792	0.00216	0.00325	0.01284	0.00698	0.00610
18	0.02063	0.01007	0.01312	0.01101	0.01462	0.00936	0.00887	0.05000	0.06449	0.36568	0.26466	0.03577	0.03424	0.01092	0.00733	0.00217	0.00491	0.05520	0.00768	0.00925
19	0.02350	0.01686	0.01799	0.01402	0.01880	0.01856	0.01151	0.59437	0.02885	0.03962	0.01700	0.01748	0.01230	0.00802	0.00640	0.00194	0.00673	0.00607	0.12933	0.01062
20	0.02910	0.01193	0.01575	0.01220	0.01731	0.01076	0.01004	0.06298	0.06081	0.65457	0.02605	0.02266	0.01661	0.00834	0.00675	0.00209	0.00576	0.00677	0.00815	0.01137
21	0.00808	0.00659	0.00715	0.00745	0.00927	0.00566	0.00542	0.00975	0.01499	0.01845	0.10148	0.21482	0.53223	0.01767	0.00807	0.00236	0.00349	0.01510	0.00630	0.00566
22	0.05869	0.01494	0.01653	0.01355	0.01819	0.01619	0.01093	0.23562	0.30298	0.20420	0.02289	0.02115	0.01618	0.00846	0.00665	0.00214	0.00603	0.00673	0.00703	0.01090
23	0.00960	0.00713	0.01047	0.01047	0.01156	0.00822	0.00799	0.01178	0.01069	0.01534	0.01826	0.02796	0.01747	0.11521	0.67366	0.01039	0.01693	0.00742	0.00364	0.00582
24	0.02913	0.01298	0.01654	0.01268	0.01791	0.01217	0.01047	0.17369	0.02181	0.58231	0.02428	0.02142	0.01551	0.00825	0.00674	0.00206	0.00606	0.00660	0.00797	0.01142
25	0.00959	0.00716	0.01063	0.01063	0.01178	0.00831	0.00820	0.01189	0.01074	0.01547	0.01811	0.02712	0.01710	0.08106	0.70732	0.01060	0.01748	0.00730	0.00361	0.00591
26	0.01044	0.00630	0.00717	0.00749	0.00820	0.00627	0.00493	0.01194	0.01204	0.01842	0.02456	0.18400	0.02553	0.30045	0.04757	0.00407	0.00520	0.01028	0.29991	0.00524
27	0.02144	0.08263	0.08225	0.05184	0.06496	0.05961	0.10927	0.38646	0.02401	0.03173	0.01415	0.01567	0.01046	0.00715	0.00661	0.00200	0.00848	0.00591	0.00507	0.01030
28	0.01075	0.00821	0.01144	0.01099	0.01209	0.00964	0.00840	0.04301	0.01151	0.01641	0.01765	0.02778	0.01711	0.16043	0.53281	0.00906	0.07548	0.00744	0.00376	0.00603
29	0.01259	0.03839	0.01368	0.01119	0.01403	0.03957	0.07746	0.01537	0.03589	0.08442	0.11194	0.12489	0.33426	0.01387	0.00825	0.00226	0.03723	0.01184	0.00588	0.00700
30	0.03950	0.01742	0.07285	0.05972	0.13648	0.15369	0.01376	0.07771	0.01531	0.01991	0.01380	0.01950	0.01207	0.01771	0.15646	0.07727	0.05790	0.02744	0.00370	0.00782
31	0.05738	0.25206	0.02422	0.01688	0.07857	0.32041	0.01287	0.04845	0.01661	0.04981	0.01102	0.01282	0.00921	0.00687	0.00658	0.00178	0.05788	0.00448	0.00360	0.00852
32	0.04332	0.01699	0.07877	0.01481	0.02038	0.06746	0.10305	0.10925	0.01681	0.05006	0.01386	0.04319	0.01136	0.00681	0.00674	0.00168	0.04094	0.00563	0.00433	0.34455

[dist]
# distance from previous block
# <min> <max>
0	10

[block]
# block no. 2 follows, 32 sequences, length 26
# corresponding to MSA columns:
# 88-113
name=unknown_C
#
# <colnr> <probs for GDERKNQSTAVLIFYWHMCP>
#	G	D	E	R	K	N	Q	S	T	A	V	L	I	F	Y	W	H	M	C	P
0	0.09402	0.15697	0.12419	0.03919	0.06251	0.12990	0.06464	0.10723	0.01725	0.04190	0.04975	0.01723	0.03233	0.00735	0.00648	0.00195	0.02851	0.00563	0.00411	0.00885
1	0.01297	0.00972	0.01273	0.01058	0.01421	0.00835	0.04269	0.01591	0.03290	0.07954	0.07582	0.15858	0.10290	0.03086	0.06686	0.00264	0.00596	0.00935	0.00526	0.30216
2	0.00953	0.00765	0.00855	0.00861	0.01015	0.02458	0.00619	0.01226	0.05259	0.01969	0.19686	0.18879	0.26296	0.10051	0.05762	0.00332	0.00504	0.01313	0.00605	0.00594
3	0.00856	0.00662	0.00780	0.00792	0.00956	0.00587	0.00578	0.01069	0.01616	0.02117	0.30249	0.20096	0.33909	0.01660	0.00805	0.00230	0.00341	0.01441	0.00666	0.00587
4	0.01391	0.01193	0.01391	0.00994	0.01590	0.00894	0.00795	0.01690	0.01391	0.02186	0.01193	0.01391	0.00994	0.00497	0.00497	0.00099	0.00497	0.00398	0.00398	0.80521
5	0.00854	0.00677	0.00767	0.00756	0.00946	0.00590	0.00563	0.01076	0.01655	0.02139	0.31218	0.09822	0.43360	0.01598	0.00796	0.00223	0.00334	0.01367	0.00667	0.00590
6	0.00809	0.00672	0.00708	0.00717	0.00921	0.00571	0.00531	0.00988	0.01541	0.01883	0.12410	0.12395	0.60135	0.01705	0.00798	0.00229	0.00342	0.01441	0.00634	0.00571
7	0.09988	0.15320	0.02096	0.01531	0.01940	0.47966	0.01214	0.08871	0.01856	0.02009	0.01064	0.01214	0.00877	0.00676	0.00563	0.00174	0.01015	0.00429	0.00373	0.00821
8	0.00806	0.00680	0.00698	0.00693	0.00914	0.00572	0.00520	0.00988	0.01560	0.01886	0.12201	0.06337	0.66512	0.01672	0.00793	0.00225	0.00338	0.01399	0.00633	0.00572
9	0.01481	0.04241	0.01477	0.01068	0.01586	0.04626	0.00848	0.06407	0.01526	0.02226	0.01476	0.09494	0.01367	0.00706	0.00551	0.00131	0.00546	0.00576	0.00434	0.59234
10	0.01395	0.01313	0.02179	0.48125	0.17852	0.01519	0.04833	0.04442	0.01459	0.01930	0.01495	0.01975	0.04436	0.00726	0.00737	0.00221	0.03557	0.00646	0.00337	0.00823
11	0.01676	0.08487	0.27597	0.03765	0.06512	0.03618	0.04043	0.05136	0.01583	0.11646	0.05028	0.05962	0.01499	0.00799	0.00699	0.00203	0.03488	0.00648	0.02725	0.04884
12	0.01736	0.67299	0.12530	0.01247	0.01876	0.02513	0.01321	0.02024	0.01370	0.01650	0.00968	0.01121	0.00860	0.00582	0.00457	0.00152	0.00753	0.00377	0.00287	0.00878
13	0.00825	0.00587	0.00776	0.00924	0.00961	0.00550	0.00612	0.00936	0.01269	0.01693	0.03620	0.72462	0.04340	0.05755	0.00982	0.00291	0.00402	0.01862	0.00612	0.00538
14	0.01709	0.01771	0.07842	0.09358	0.27383	0.08801	0.01616	0.13107	0.01765	0.02339	0.01706	0.04333	0.04431	0.03177	0.00802	0.00222	0.02828	0.03180	0.00418	0.03211
15	0.00841	0.00600	0.00805	0.00961	0.01010	0.00565	0.00663	0.00974	0.01307	0.01739	0.03686	0.70009	0.04388	0.02080	0.00863	0.00276	0.00409	0.07652	0.00622	0.00551
16	0.01267	0.01193	0.02013	0.74806	0.04621	0.01491	0.01863	0.01714	0.01342	0.01714	0.01193	0.01789	0.00894	0.00671	0.00671	0.00224	0.00894	0.00596	0.00298	0.00745
17	0.01360	0.01287	0.02180	0.58153	0.20550	0.01515	0.01910	0.01796	0.01386	0.01827	0.01209	0.01759	0.00934	0.00654	0.00669	0.00218	0.00872	0.00597	0.00306	0.00820
18	0.01794	0.76823	0.03516	0.01148	0.01722	0.02655	0.01148	0.02009	0.01363	0.01579	0.00933	0.01076	0.00861	0.00574	0.00431	0.00144	0.00718	0.00359	0.00287	0.00861
19	0.00882	0.00683	0.00803	0.00773	0.00961	0.00604	0.00580	0.01135	0.01740	0.02312	0.43794	0.05636	0.34653	0.01513	0.00792	0.00218	0.00327	0.01301	0.00689	0.00604
20	0.01111	0.00997	0.05674	0.01105	0.03616	0.00866	0.00885	0.01640	0.10667	0.02414	0.31532	0.06679	0.12477	0.01312	0.00756	0.00225	0.00447	0.09637	0.07247	0.00713
21	0.01056	0.00771	0.01102	0.10311	0.01488	0.00865	0.00850	0.01171	0.01104	0.01499	0.01993	0.06492	0.03951	0.20040	0.23006	0.13880	0.04366	0.05146	0.00385	0.00526
22	0.01645	0.00910	0.01171	0.01040	0.01318	0.00862	0.00813	0.05021	0.06257	0.22544	0.33063	0.12213	0.04145	0.01273	0.00761	0.00223	0.00446	0.04740	0.00738	0.00817
23	0.00826	0.00588	0.00776	0.00923	0.00960	0.00551	0.00611	0.00937	0.01267	0.01690	0.03609	0.71954	0.04325	0.06283	0.01000	0.00294	0.00404	0.01855	0.00611	0.00537
24	0.06382	0.14691	0.23548	0.04188	0.11626	0.13337	0.07778	0.02247	0.01532	0.06903	0.01238	0.01447	0.00948	0.00638	0.00606	0.00194	0.00909	0.00511	0.00351	0.00925
25	0.01671	0.05114	0.07448	0.17385	0.28850	0.01729	0.09085	0.11575	0.01679	0.02309	0.01264	0.01640	0.01000	0.00677	0.00767	0.00212	0.05671	0.00601	0.00366	0.00958

[dist]
# distance from previous block
# <min> <max>
0	1

[block]
# block no. 3 follows, 32 sequences, length 19
# corresponding to MSA columns:
# 115-133
name=unknown_D
#
# <colnr> <probs for GDERKNQSTAVLIFYWHMCP>
#	G	D	E	R	K	N	Q	S	T	A	V	L	I	F	Y	W	H	M	C	P
0	0.03393	0.00909	0.01228	0.08161	0.05875	0.00957	0.00971	0.03020	0.01458	0.05657	0.07778	0.20369	0.14993	0.04661	0.02570	0.00284	0.06601	0.09893	0.00546	0.00676
1	0.09095	0.10413	0.02071	0.01705	0.07615	0.28658	0.01272	0.22303	0.02077	0.02582	0.01228	0.01380	0.00972	0.00716	0.00641	0.00187	0.03257	0.00492	0.02428	0.00908
2	0.00823	0.00681	0.00721	0.00711	0.00925	0.00579	0.00533	0.01021	0.01600	0.01980	0.19190	0.06182	0.59464	0.01637	0.00793	0.00224	0.00335	0.01378	0.00645	0.00579
3	0.02004	0.04985	0.06258	0.01898	0.13910	0.07425	0.01378	0.27274	0.11767	0.02953	0.01549	0.01646	0.01182	0.00712	0.00629	0.00186	0.00737	0.00565	0.00511	0.12430
4	0.01489	0.14578	0.33136	0.05994	0.02433	0.01724	0.04237	0.07466	0.03519	0.02134	0.03219	0.05084	0.01267	0.00956	0.03685	0.00246	0.06966	0.00608	0.00362	0.00900
5	0.04939	0.49440	0.16274	0.01502	0.06201	0.06171	0.01448	0.03947	0.01453	0.01852	0.01028	0.01198	0.00874	0.00602	0.00499	0.00166	0.00793	0.00410	0.00308	0.00896
6	0.01247	0.09597	0.07273	0.01187	0.01436	0.01183	0.00995	0.08730	0.04836	0.02060	0.02740	0.42575	0.03038	0.01549	0.00846	0.00246	0.04989	0.04208	0.00546	0.00720
7	0.00818	0.00584	0.00779	0.00934	0.00973	0.00545	0.00623	0.00934	0.01285	0.01713	0.03698	0.75981	0.04438	0.02102	0.00856	0.00273	0.00389	0.01908	0.00623	0.00545
8	0.01038	0.00749	0.00850	0.00844	0.00880	0.03248	0.00534	0.01073	0.01022	0.01356	0.01955	0.03787	0.02155	0.55064	0.17205	0.05626	0.00893	0.00882	0.00388	0.00451
9	0.00976	0.00651	0.00732	0.00732	0.00732	0.00651	0.00407	0.00976	0.00976	0.01301	0.02114	0.04391	0.02439	0.76419	0.03415	0.00651	0.00651	0.00976	0.00407	0.00407
10	0.01361	0.01128	0.01586	0.14564	0.06724	0.03772	0.05766	0.01724	0.05483	0.07912	0.03026	0.18121	0.14696	0.01260	0.00865	0.00239	0.06263	0.04246	0.00512	0.00750
11	0.01471	0.12685	0.59978	0.01805	0.02706	0.05991	0.02241	0.02143	0.01439	0.02027	0.01160	0.01362	0.00852	0.00633	0.00610	0.00201	0.00970	0.00475	0.00288	0.00962
12	0.01726	0.64394	0.10948	0.01267	0.01853	0.02501	0.01311	0.01998	0.01349	0.01640	0.00959	0.01137	0.00861	0.00617	0.00558	0.00160	0.05179	0.00387	0.00287	0.00868
13	0.00834	0.00616	0.00785	0.00906	0.00989	0.00566	0.00633	0.00979	0.01364	0.01781	0.06426	0.57165	0.16239	0.01992	0.00848	0.00265	0.00393	0.06035	0.00626	0.00556
14	0.01450	0.09743	0.05409	0.09873	0.17981	0.04163	0.15492	0.01826	0.01497	0.01980	0.06140	0.02563	0.09030	0.00967	0.02875	0.00238	0.04391	0.03156	0.00388	0.00838
15	0.04961	0.09448	0.09917	0.04507	0.19021	0.07461	0.07771	0.09609	0.01676	0.06577	0.01599	0.06172	0.02754	0.02958	0.00766	0.00217	0.02578	0.00669	0.00419	0.00919
16	0.00973	0.00631	0.00862	0.00944	0.01004	0.00618	0.00675	0.01008	0.01189	0.01572	0.02923	0.31048	0.07265	0.06984	0.06480	0.22999	0.00587	0.11258	0.00497	0.00481
17	0.01592	0.01634	0.05822	0.22621	0.36255	0.04175	0.06450	0.06451	0.01597	0.02158	0.01465	0.01850	0.03598	0.00675	0.00676	0.00208	0.00849	0.00630	0.00355	0.00940
18	0.04897	0.05736	0.22098	0.06758	0.18253	0.06195	0.07665	0.05848	0.05843	0.02231	0.01500	0.05242	0.01261	0.00756	0.00661	0.00211	0.00853	0.02674	0.00382	0.00934

[dist]
# distance from previous block
# <min> <max>
3	6

[block]
# block no. 4 follows, 32 sequences, length 15
# corresponding to MSA columns:
# 140-154
name=unknown_E
#
# <colnr> <probs for GDERKNQSTAVLIFYWHMCP>
#	G	D	E	R	K	N	Q	S	T	A	V	L	I	F	Y	W	H	M	C	P
0	0.03978	0.05800	0.06793	0.05983	0.16085	0.03377	0.06184	0.12725	0.09109	0.02468	0.01863	0.06842	0.04814	0.00812	0.00652	0.00197	0.00714	0.00702	0.00460	0.10440
1	0.00877	0.00696	0.00792	0.00795	0.00978	0.00625	0.00585	0.01149	0.04281	0.02096	0.25441	0.16694	0.39313	0.01635	0.00798	0.00229	0.00348	0.01407	0.00660	0.00602
2	0.02075	0.07729	0.17437	0.03900	0.04693	0.31329	0.01555	0.07434	0.04425	0.06868	0.01358	0.01608	0.01069	0.00740	0.00676	0.00196	0.03334	0.02279	0.00402	0.00896
3	0.04755	0.01218	0.01493	0.01185	0.01633	0.01186	0.00967	0.16618	0.04104	0.41576	0.07197	0.02339	0.01873	0.00977	0.02766	0.00228	0.00598	0.00689	0.07566	0.01032
4	0.00942	0.00708	0.00908	0.04032	0.01152	0.00678	0.00676	0.01223	0.01685	0.02324	0.44252	0.04827	0.19661	0.01798	0.08903	0.00310	0.00511	0.01154	0.03636	0.00619
5	0.00816	0.00590	0.00772	0.00917	0.00969	0.00546	0.00615	0.00936	0.01301	0.01720	0.03906	0.71312	0.08973	0.02075	0.00852	0.00269	0.00386	0.01875	0.00623	0.00546
6	0.01056	0.00765	0.00970	0.00898	0.01077	0.00731	0.00678	0.06088	0.01958	0.02751	0.63596	0.08246	0.05873	0.01368	0.00786	0.00213	0.00350	0.01205	0.00728	0.00665
7	0.01794	0.76823	0.03516	0.01148	0.01722	0.02655	0.01148	0.02009	0.01363	0.01579	0.00933	0.01076	0.00861	0.00574	0.00431	0.00144	0.00718	0.00359	0.00287	0.00861
8	0.01623	0.01726	0.02032	0.01757	0.01808	0.12732	0.01442	0.01773	0.01158	0.01619	0.00904	0.01430	0.00878	0.01102	0.01964	0.00276	0.64170	0.00564	0.00301	0.00741
9	0.02506	0.03198	0.01901	0.01729	0.02074	0.73725	0.01296	0.02679	0.01901	0.01642	0.01037	0.01210	0.00864	0.00691	0.00605	0.00173	0.01210	0.00432	0.00346	0.00778
10	0.01612	0.35452	0.27083	0.01733	0.07193	0.02037	0.06230	0.04627	0.01498	0.01993	0.04002	0.01464	0.01116	0.00638	0.00566	0.00182	0.00829	0.00496	0.00326	0.00924
11	0.01221	0.00924	0.01161	0.01058	0.01321	0.00879	0.03722	0.04461	0.10736	0.06053	0.12038	0.26656	0.16712	0.01435	0.00759	0.00225	0.00456	0.01262	0.00625	0.08296
12	0.01512	0.01719	0.13721	0.01578	0.02192	0.01293	0.14888	0.09463	0.03784	0.02453	0.07448	0.02032	0.01566	0.00696	0.00642	0.00174	0.00721	0.02604	0.00442	0.31072
13	0.11710	0.01620	0.01920	0.05144	0.23169	0.09808	0.01372	0.11677	0.01780	0.13579	0.01688	0.03967	0.03345	0.00770	0.00675	0.00202	0.02729	0.00619	0.00487	0.03737
14	0.17238	0.01672	0.07566	0.01300	0.01705	0.12057	0.04026	0.04795	0.07392	0.04464	0.05532	0.09153	0.06993	0.00945	0.00705	0.00206	0.04316	0.00741	0.00480	0.08714

[dist]
# distance from previous block
# <min> <max>
0	2

[block]
# block no. 5 follows, 32 sequences, length 22
# corresponding to MSA columns:
# 157-178
name=unknown_F
#
# <colnr> <probs for GDERKNQSTAVLIFYWHMCP>
#	G	D	E	R	K	N	Q	S	T	A	V	L	I	F	Y	W	H	M	C	P
0	0.05761	0.19465	0.11055	0.01928	0.14696	0.13427	0.03771	0.03698	0.02956	0.02008	0.01176	0.01429	0.00979	0.00838	0.04069	0.00220	0.02807	0.00487	0.00344	0.08888
1	0.10824	0.00740	0.00920	0.00959	0.01085	0.00784	0.00706	0.01207	0.01257	0.01911	0.10141	0.26470	0.03132	0.09487	0.23362	0.00541	0.00864	0.04517	0.00509	0.00585
2	0.00952	0.00759	0.00858	0.00816	0.01029	0.00693	0.00607	0.01300	0.06993	0.02173	0.27928	0.08133	0.34629	0.05444	0.00912	0.00240	0.00372	0.01246	0.00645	0.04271
3	0.06230	0.44408	0.05683	0.03468	0.01827	0.03809	0.01167	0.03907	0.14089	0.04303	0.01466	0.04459	0.01247	0.00722	0.00527	0.00177	0.00683	0.00525	0.00408	0.00893
4	0.02101	0.09335	0.10862	0.02125	0.14951	0.25532	0.04817	0.13535	0.04026	0.04601	0.01303	0.01474	0.01013	0.00681	0.00628	0.00190	0.00940	0.00527	0.00410	0.00950
5	0.00925	0.00685	0.00863	0.00819	0.00988	0.00623	0.00614	0.01219	0.01842	0.02555	0.61803	0.05236	0.16492	0.01422	0.00792	0.00213	0.00320	0.01245	0.00721	0.00623
6	0.01156	0.00835	0.00990	0.00913	0.01139	0.00804	0.00695	0.05340	0.08076	0.05734	0.40074	0.08391	0.20495	0.01386	0.00773	0.00219	0.00380	0.01196	0.00701	0.00704
7	0.74143	0.01325	0.01063	0.00930	0.01355	0.01520	0.00766	0.05838	0.01281	0.05396	0.01029	0.01159	0.00781	0.00640	0.00438	0.00207	0.00533	0.00387	0.00443	0.00764
8	0.00838	0.00681	0.00742	0.00727	0.00934	0.00586	0.00545	0.01050	0.01635	0.02064	0.25440	0.06043	0.53161	0.01605	0.00793	0.00222	0.00333	0.01358	0.00656	0.00586
9	0.00822	0.00677	0.00722	0.00720	0.00926	0.00577	0.00536	0.01015	0.01584	0.01963	0.18159	0.09168	0.57489	0.01659	0.00795	0.00226	0.00338	0.01401	0.00643	0.00577
10	0.01794	0.76823	0.03516	0.01148	0.01722	0.02655	0.01148	0.02009	0.01363	0.01579	0.00933	0.01076	0.00861	0.00574	0.00431	0.00144	0.00718	0.00359	0.00287	0.00861
11	0.01468	0.01468	0.02055	0.01762	0.01762	0.02055	0.01468	0.01615	0.01028	0.01615	0.00881	0.01468	0.00881	0.01174	0.02202	0.00294	0.75191	0.00587	0.00294	0.00734
12	0.01468	0.01468	0.02055	0.01762	0.01762	0.02055	0.01468	0.01615	0.01028	0.01615	0.00881	0.01468	0.00881	0.01174	0.02202	0.00294	0.75191	0.00587	0.00294	0.00734
13	0.01631	0.01937	0.21272	0.02550	0.29581	0.01411	0.04674	0.05460	0.01553	0.08480	0.03183	0.02096	0.01368	0.10696	0.01031	0.00265	0.00810	0.00650	0.00401	0.00951
14	0.01794	0.76823	0.03516	0.01148	0.01722	0.02655	0.01148	0.02009	0.01363	0.01579	0.00933	0.01076	0.00861	0.00574	0.00431	0.00144	0.00718	0.00359	0.00287	0.00861
15	0.01582	0.01429	0.10412	0.01549	0.04246	0.03476	0.10798	0.06458	0.01658	0.14028	0.07029	0.25956	0.02689	0.01247	0.00762	0.00235	0.00669	0.04383	0.00568	0.00826
16	0.46522	0.01549	0.01713	0.06821	0.12029	0.07664	0.07632	0.02028	0.01313	0.02545	0.01046	0.01316	0.00833	0.00647	0.00597	0.00210	0.03892	0.00469	0.00377	0.00798
17	0.01052	0.00892	0.01162	0.01379	0.08884	0.04201	0.02759	0.01279	0.03685	0.01809	0.03263	0.52532	0.06113	0.04353	0.00905	0.00270	0.00513	0.03746	0.00565	0.00638
18	0.01191	0.01057	0.01506	0.01373	0.01433	0.01383	0.01105	0.01377	0.01050	0.01572	0.01395	0.02187	0.01351	0.06652	0.37871	0.00701	0.35141	0.00671	0.00332	0.00651
19	0.05382	0.01073	0.01453	0.04193	0.15116	0.01052	0.01057	0.05239	0.04284	0.05358	0.02354	0.26382	0.04029	0.01455	0.05815	0.00273	0.00639	0.01026	0.00506	0.13315
20	0.01747	0.46631	0.20980	0.01551	0.05792	0.06488	0.01549	0.04985	0.01494	0.01867	0.01054	0.01225	0.00881	0.00608	0.00516	0.00168	0.00821	0.00421	0.00308	0.00912
21	0.02076	0.01333	0.07471	0.01243	0.01706	0.01116	0.03554	0.10479	0.05619	0.31928	0.14246	0.03098	0.11131	0.01004	0.00710	0.00212	0.00574	0.00842	0.00699	0.00960

[dist]
# distance from previous block
# <min> <max>
0	5

[block]
# block no. 6 follows, 32 sequences, length 23
# corresponding to MSA columns:
# 184-206
name=unknown_G
#
# <colnr> <probs for GDERKNQSTAVLIFYWHMCP>
#	G	D	E	R	K	N	Q	S	T	A	V	L	I	F	Y	W	H	M	C	P
0	0.33567	0.04677	0.12118	0.01454	0.05910	0.11370	0.01237	0.10250	0.05679	0.02713	0.04375	0.01508	0.01166	0.00703	0.00552	0.00201	0.00724	0.00496	0.00437	0.00862
1	0.01391	0.01193	0.01391	0.00994	0.01590	0.00894	0.00795	0.01690	0.01391	0.02186	0.01193	0.01391	0.00994	0.00497	0.00497	0.00099	0.00497	0.00398	0.00398	0.80521
2	0.01235	0.01144	0.01916	0.67170	0.04267	0.01423	0.01757	0.01661	0.01314	0.01698	0.01255	0.01877	0.00976	0.01123	0.08241	0.00312	0.00988	0.00609	0.00305	0.00730
3	0.00881	0.00812	0.03364	0.00780	0.01020	0.00662	0.00618	0.01160	0.04480	0.01972	0.15793	0.05803	0.53667	0.04931	0.00900	0.00243	0.00382	0.01306	0.00621	0.00605
4	0.00848	0.00682	0.00756	0.00738	0.00940	0.00590	0.00553	0.01070	0.01660	0.02122	0.29751	0.05948	0.48814	0.01584	0.00792	0.00221	0.00332	0.01345	0.00664	0.00590
5	0.01576	0.01935	0.18659	0.15525	0.19887	0.01563	0.10909	0.02333	0.12937	0.05706	0.01560	0.01817	0.01170	0.00679	0.00680	0.00215	0.00849	0.00630	0.00398	0.00972
6	0.01411	0.01263	0.04777	0.01322	0.05726	0.01181	0.01005	0.07442	0.21230	0.02654	0.23767	0.06210	0.03114	0.00994	0.00687	0.00197	0.00506	0.00853	0.00606	0.15056
7	0.02182	0.01293	0.01479	0.01233	0.01651	0.01359	0.00986	0.12634	0.28964	0.26146	0.02470	0.02304	0.01746	0.00851	0.00649	0.00208	0.00544	0.00691	0.11570	0.01040
8	0.81159	0.01298	0.00986	0.00882	0.01298	0.01505	0.00727	0.01972	0.01142	0.03010	0.00934	0.01090	0.00727	0.00623	0.00415	0.00208	0.00519	0.00363	0.00415	0.00727
9	0.02551	0.01879	0.02014	0.01544	0.02081	0.02081	0.01275	0.69996	0.03155	0.04229	0.01611	0.01611	0.01141	0.00805	0.00671	0.00201	0.00738	0.00604	0.00671	0.01141
10	0.01251	0.00625	0.00625	0.00625	0.00782	0.00625	0.00469	0.01563	0.01407	0.02502	0.02189	0.02502	0.01720	0.00782	0.00469	0.00156	0.00313	0.00625	0.80144	0.00625
11	0.02349	0.01779	0.01900	0.01503	0.02004	0.01986	0.01226	0.54780	0.18700	0.03903	0.01868	0.01815	0.01349	0.00829	0.00674	0.00207	0.00691	0.00639	0.00674	0.01123
12	0.02508	0.01858	0.01990	0.01535	0.02065	0.02061	0.01265	0.66815	0.06405	0.04161	0.01665	0.01654	0.01185	0.00810	0.00672	0.00203	0.00728	0.00612	0.00672	0.01137
13	0.00885	0.00675	0.00911	0.01020	0.01055	0.00701	0.00710	0.01005	0.01258	0.01703	0.03406	0.68264	0.04069	0.02006	0.00996	0.00275	0.08136	0.01771	0.00589	0.00565
14	0.00931	0.00685	0.00871	0.00824	0.00991	0.00625	0.00618	0.01230	0.01855	0.02585	0.64063	0.05186	0.14213	0.01411	0.00792	0.00213	0.00319	0.01238	0.00725	0.00625
15	0.01010	0.00729	0.00859	0.00842	0.00925	0.00750	0.00556	0.01242	0.06629	0.01645	0.09730	0.04212	0.08485	0.45629	0.13422	0.00602	0.00755	0.00981	0.00473	0.00524
16	0.02263	0.07351	0.02177	0.07355	0.07690	0.51387	0.04667	0.05863	0.01845	0.01840	0.01104	0.01328	0.00903	0.00675	0.00616	0.00181	0.01097	0.00478	0.00354	0.00827
17	0.00961	0.00711	0.01038	0.01038	0.01144	0.00817	0.00789	0.01173	0.01067	0.01528	0.01834	0.02838	0.01765	0.13255	0.65657	0.01029	0.01665	0.00748	0.00365	0.00577
18	0.01148	0.00589	0.00861	0.00861	0.00861	0.00589	0.00566	0.00884	0.00884	0.01178	0.01255	0.02261	0.01286	0.09319	0.02697	0.72948	0.00589	0.00620	0.00302	0.00302
19	0.01597	0.01661	0.01590	0.07467	0.05192	0.22858	0.02761	0.05560	0.01562	0.01851	0.04961	0.04163	0.06812	0.05917	0.18603	0.00440	0.05157	0.00721	0.00407	0.00719
20	0.17547	0.06818	0.19904	0.02003	0.14187	0.13584	0.05739	0.02199	0.04765	0.02210	0.01223	0.01465	0.00967	0.00826	0.03669	0.00236	0.00904	0.00508	0.00354	0.00889
21	0.01440	0.08271	0.04879	0.05059	0.16745	0.05189	0.01232	0.03557	0.05168	0.05360	0.03041	0.08707	0.17990	0.01257	0.03068	0.00246	0.00680	0.06810	0.00490	0.00810
22	0.00893	0.00662	0.00813	0.00886	0.00987	0.00624	0.00613	0.03142	0.01392	0.01823	0.07548	0.46318	0.18369	0.07865	0.04501	0.00325	0.00473	0.01599	0.00601	0.00565

[dist]
# distance from previous block
# <min> <max>
2	7

[block]
# block no. 7 follows, 32 sequences, length 39
# corresponding to MSA columns:
# 214-252
name=unknown_H
#
# <colnr> <probs for GDERKNQSTAVLIFYWHMCP>
#	G	D	E	R	K	N	Q	S	T	A	V	L	I	F	Y	W	H	M	C	P
0	0.01620	0.04419	0.21662	0.06940	0.10222	0.03838	0.01578	0.11626	0.06684	0.04487	0.03729	0.02013	0.04344	0.02788	0.02713	0.00231	0.00794	0.00616	0.00437	0.09260
1	0.03817	0.01209	0.01730	0.05932	0.07814	0.01164	0.07438	0.08454	0.03998	0.18408	0.10919	0.08231	0.04107	0.00954	0.00696	0.00206	0.00615	0.03099	0.00588	0.10620
2	0.08156	0.04179	0.02958	0.00986	0.01195	0.00833	0.00801	0.01325	0.01451	0.04317	0.09444	0.24547	0.16333	0.03524	0.00851	0.00262	0.00483	0.17132	0.00590	0.00632
3	0.01600	0.01533	0.01985	0.02502	0.31300	0.08405	0.01480	0.03862	0.12045	0.02215	0.04615	0.02783	0.06515	0.00932	0.00809	0.00219	0.06092	0.07620	0.00458	0.03031
4	0.01824	0.45554	0.13902	0.04612	0.02097	0.12734	0.01402	0.05000	0.01527	0.01813	0.01039	0.01214	0.00878	0.00613	0.00511	0.00163	0.00834	0.00413	0.00316	0.03556
5	0.01688	0.00854	0.01077	0.00941	0.01250	0.00749	0.00744	0.01934	0.01750	0.28614	0.19772	0.06759	0.23165	0.01289	0.00746	0.00219	0.00434	0.03953	0.03262	0.00801
6	0.03771	0.00971	0.01178	0.01018	0.01352	0.00904	0.00795	0.05441	0.06764	0.25209	0.14174	0.13430	0.16243	0.01239	0.00726	0.00217	0.00463	0.01051	0.00700	0.04355
7	0.01376	0.01151	0.01534	0.07801	0.08360	0.01074	0.03532	0.05264	0.05425	0.02206	0.01914	0.08203	0.04120	0.03279	0.02683	0.00210	0.00614	0.02885	0.06143	0.32225
8	0.00828	0.00588	0.00775	0.00921	0.00957	0.00552	0.00608	0.00937	0.01264	0.01685	0.03592	0.71187	0.04304	0.07079	0.01028	0.00298	0.00407	0.01845	0.00608	0.00536
9	0.04783	0.00800	0.00877	0.00868	0.01039	0.00822	0.00645	0.09533	0.01553	0.02420	0.02559	0.24029	0.02526	0.04976	0.00770	0.00229	0.00425	0.03906	0.36582	0.00657
10	0.00940	0.00678	0.00897	0.01020	0.01111	0.00661	0.00752	0.03379	0.01404	0.01860	0.03612	0.52911	0.06232	0.02117	0.04020	0.00312	0.00511	0.16388	0.00612	0.00584
11	0.53123	0.01425	0.01303	0.01080	0.01537	0.01591	0.00891	0.18954	0.01726	0.10960	0.01290	0.01350	0.00932	0.00691	0.00507	0.00206	0.00579	0.00457	0.00524	0.00875
12	0.06248	0.01148	0.01533	0.01181	0.01696	0.01008	0.00975	0.03216	0.01888	0.69811	0.02576	0.02234	0.01622	0.00822	0.00664	0.00208	0.00569	0.00662	0.00813	0.01125
13	0.19457	0.00851	0.00925	0.00901	0.01135	0.00838	0.00673	0.01527	0.01425	0.11961	0.08686	0.29136	0.15385	0.03142	0.00772	0.00244	0.00436	0.01222	0.00608	0.00677
14	0.00853	0.00621	0.00810	0.00927	0.01007	0.00577	0.00654	0.01015	0.01400	0.01860	0.11760	0.55475	0.10820	0.01960	0.00849	0.00264	0.00396	0.07553	0.00636	0.00563
15	0.01006	0.00778	0.00971	0.00936	0.01155	0.00704	0.03601	0.03597	0.01584	0.04252	0.09743	0.18729	0.40074	0.01659	0.00811	0.00241	0.00432	0.08473	0.00627	0.00626
16	0.01794	0.76823	0.03516	0.01148	0.01722	0.02655	0.01148	0.02009	0.01363	0.01579	0.00933	0.01076	0.00861	0.00574	0.00431	0.00144	0.00718	0.00359	0.00287	0.00861
17	0.01669	0.01441	0.01517	0.01365	0.01745	0.01669	0.01062	0.03565	0.71021	0.02807	0.02731	0.02503	0.02048	0.00910	0.00683	0.00228	0.00531	0.00759	0.00683	0.01062
18	0.02263	0.08422	0.01957	0.01419	0.01901	0.04492	0.01169	0.40044	0.16116	0.08649	0.05327	0.01943	0.01581	0.00831	0.00656	0.00201	0.00679	0.00642	0.00643	0.01062
19	0.02439	0.05256	0.02000	0.01841	0.06039	0.65303	0.01335	0.04712	0.01903	0.01752	0.01065	0.01244	0.00884	0.00686	0.00605	0.00174	0.01157	0.00445	0.00353	0.00808
20	0.00995	0.00694	0.00901	0.00992	0.01068	0.00692	0.00745	0.01154	0.01272	0.01678	0.02972	0.17087	0.03341	0.30226	0.04308	0.00458	0.00634	0.29726	0.00530	0.00526
21	0.01857	0.01697	0.05512	0.07807	0.29345	0.01674	0.12215	0.15844	0.08708	0.06289	0.01556	0.01788	0.01179	0.00684	0.00687	0.00209	0.00814	0.00644	0.00457	0.01033
22	0.01420	0.01364	0.01738	0.12206	0.02081	0.08843	0.03574	0.05277	0.01314	0.01770	0.01333	0.01935	0.01191	0.02423	0.27868	0.00551	0.23419	0.00629	0.00346	0.00718
23	0.01582	0.01514	0.02582	0.18227	0.58738	0.01574	0.02020	0.01990	0.01491	0.02097	0.01248	0.01686	0.01029	0.00612	0.00666	0.00204	0.00817	0.00598	0.00325	0.00999
24	0.00956	0.00683	0.00876	0.00828	0.00989	0.00630	0.00621	0.01266	0.01863	0.02645	0.66129	0.04967	0.08937	0.01361	0.00778	0.00209	0.00317	0.01197	0.04119	0.00630
25	0.01338	0.03251	0.66304	0.01833	0.02761	0.01522	0.02325	0.02147	0.04889	0.02146	0.01519	0.01686	0.03941	0.00696	0.00646	0.00214	0.00941	0.00548	0.00318	0.00977
26	0.01756	0.20701	0.16637	0.03743	0.05805	0.06434	0.08920	0.11447	0.04013	0.02243	0.01234	0.01448	0.00977	0.00668	0.00686	0.00189	0.05031	0.00519	0.00373	0.07175
27	0.01536	0.01205	0.01429	0.01187	0.04099	0.01080	0.00899	0.12499	0.01710	0.05446	0.04485	0.08329	0.08457	0.00867	0.00662	0.00161	0.02919	0.00709	0.00506	0.41814
28	0.01794	0.76823	0.03516	0.01148	0.01722	0.02655	0.01148	0.02009	0.01363	0.01579	0.00933	0.01076	0.00861	0.00574	0.00431	0.00144	0.00718	0.00359	0.00287	0.00861
29	0.01131	0.00974	0.01488	0.14991	0.13208	0.00990	0.03469	0.01454	0.03493	0.01950	0.07982	0.30518	0.07138	0.01345	0.00760	0.00234	0.00580	0.03103	0.00507	0.04687
30	0.01373	0.04325	0.34403	0.04304	0.04847	0.01396	0.16424	0.01929	0.01491	0.04496	0.06353	0.09672	0.04264	0.00865	0.00707	0.00220	0.00860	0.00795	0.00393	0.00884
31	0.02650	0.01091	0.01456	0.01152	0.01609	0.00970	0.00946	0.05388	0.01932	0.57970	0.09708	0.02737	0.02201	0.00920	0.00688	0.00210	0.00544	0.03154	0.03621	0.01053
32	0.01223	0.00912	0.01199	0.01265	0.06307	0.00978	0.00878	0.05403	0.01403	0.04928	0.02940	0.21136	0.11803	0.10352	0.09013	0.00380	0.09843	0.03868	0.05503	0.00668
33	0.04012	0.01924	0.16867	0.02343	0.23015	0.03310	0.05487	0.07918	0.01715	0.19054	0.01585	0.01719	0.01143	0.00691	0.00696	0.00204	0.02824	0.00587	0.00473	0.04433
34	0.01339	0.01254	0.05336	0.11307	0.01908	0.04743	0.03411	0.07548	0.05261	0.03843	0.02797	0.22336	0.11173	0.05480	0.00995	0.00259	0.06090	0.01078	0.03115	0.00728
35	0.01000	0.00695	0.00978	0.00985	0.01102	0.00784	0.00752	0.01236	0.01135	0.01704	0.01953	0.05731	0.01832	0.07379	0.55905	0.00879	0.01451	0.00765	0.13144	0.00593
36	0.04211	0.03815	0.06675	0.12862	0.27073	0.01604	0.14166	0.08719	0.03528	0.04863	0.04887	0.01863	0.01320	0.00680	0.00680	0.00209	0.00827	0.00651	0.00408	0.00958
37	0.05279	0.14501	0.20242	0.04459	0.15081	0.03552	0.01647	0.10125	0.04696	0.07412	0.03362	0.01834	0.01281	0.00728	0.00621	0.00200	0.00781	0.02806	0.00426	0.00967
38	0.04577	0.00936	0.04122	0.01006	0.01230	0.00842	0.00789	0.06284	0.01565	0.09738	0.14841	0.24610	0.09308	0.08227	0.08471	0.00356	0.00615	0.01194	0.00600	0.00689

[dist]
# distance from previous block
# <min> <max>
2	15

[block]
# block no. 8 follows, 32 sequences, length 12
# corresponding to MSA columns:
# 269-280
name=unknown_I
#
# <colnr> <probs for GDERKNQSTAVLIFYWHMCP>
#	G	D	E	R	K	N	Q	S	T	A	V	L	I	F	Y	W	H	M	C	P
0	0.08818	0.19525	0.07415	0.01319	0.01723	0.20588	0.01137	0.09215	0.01623	0.02030	0.01450	0.09073	0.01384	0.05995	0.03633	0.02408	0.00853	0.00632	0.00399	0.00780
1	0.01054	0.00908	0.03200	0.01122	0.01314	0.00832	0.07601	0.01376	0.05960	0.01911	0.12573	0.17395	0.10780	0.21234	0.01499	0.00354	0.00570	0.09155	0.00547	0.00614
2	0.01890	0.48307	0.08428	0.01482	0.02067	0.11255	0.08297	0.07753	0.01605	0.01906	0.01066	0.01238	0.00900	0.00612	0.00525	0.00166	0.00843	0.00443	0.00331	0.00888
3	0.01271	0.01204	0.06907	0.09595	0.04348	0.01116	0.03582	0.06860	0.09827	0.02003	0.02472	0.09539	0.06901	0.24762	0.01578	0.00365	0.00675	0.05808	0.00481	0.00706
4	0.01789	0.32291	0.19691	0.03576	0.02192	0.06945	0.03378	0.07532	0.07339	0.04393	0.01281	0.01423	0.01011	0.00679	0.00629	0.00186	0.03875	0.00487	0.00373	0.00927
5	0.05485	0.04678	0.08667	0.06553	0.04710	0.09507	0.06359	0.15800	0.01897	0.07311	0.11567	0.07569	0.02030	0.00918	0.00743	0.00211	0.03856	0.00754	0.00510	0.00876
6	0.01077	0.00706	0.00962	0.00962	0.01060	0.00748	0.00688	0.01229	0.01135	0.06180	0.02236	0.14316	0.02322	0.25309	0.37145	0.00772	0.01165	0.00973	0.00444	0.00570
7	0.01110	0.00838	0.01106	0.01057	0.01165	0.00969	0.00789	0.03696	0.04861	0.01693	0.01864	0.02951	0.01814	0.22890	0.39946	0.00788	0.07418	0.00770	0.03673	0.00604
8	0.01704	0.07405	0.10475	0.07480	0.30941	0.07101	0.06501	0.04592	0.08568	0.03783	0.01427	0.01708	0.01133	0.00815	0.03308	0.00233	0.00877	0.00592	0.00382	0.00974
9	0.01539	0.07908	0.20528	0.11465	0.08705	0.03580	0.19537	0.04662	0.07177	0.02192	0.05127	0.01842	0.01318	0.00684	0.00680	0.00211	0.00901	0.00646	0.00377	0.00920
10	0.00841	0.00639	0.00780	0.00874	0.00993	0.00578	0.00630	0.01004	0.01421	0.01821	0.07888	0.42647	0.27177	0.01909	0.00839	0.00258	0.00392	0.08119	0.00628	0.00563
11	0.01535	0.01611	0.05213	0.26269	0.35205	0.05661	0.07527	0.01961	0.01505	0.02022	0.04179	0.01819	0.01205	0.00658	0.00678	0.00209	0.00867	0.00626	0.00338	0.00911

[dist]
# distance from previous block
# <min> <max>
0	1

[block]
# block no. 9 follows, 32 sequences, length 25
# corresponding to MSA columns:
# 282-306
name=unknown_J
#
# <colnr> <probs for GDERKNQSTAVLIFYWHMCP>
#	G	D	E	R	K	N	Q	S	T	A	V	L	I	F	Y	W	H	M	C	P
0	0.02392	0.11731	0.07225	0.10162	0.02128	0.01312	0.01219	0.02706	0.01689	0.45014	0.02079	0.02012	0.01398	0.00995	0.04711	0.00250	0.00730	0.00611	0.00624	0.01014
1	0.01661	0.01594	0.02724	0.04119	0.72233	0.01594	0.02059	0.02059	0.01528	0.02192	0.01262	0.01661	0.01063	0.00598	0.00664	0.00199	0.00797	0.00598	0.00332	0.01063
2	0.01970	0.38311	0.02783	0.01833	0.14573	0.21347	0.01329	0.02212	0.01574	0.04069	0.03600	0.01397	0.01119	0.00647	0.00540	0.00166	0.00845	0.00462	0.00345	0.00876
3	0.01961	0.59566	0.03138	0.01284	0.01805	0.19313	0.01183	0.02166	0.01490	0.01594	0.00957	0.01108	0.00862	0.00602	0.00471	0.00150	0.00833	0.00376	0.00301	0.00842
4	0.00809	0.00659	0.00716	0.00748	0.00928	0.00566	0.00543	0.00977	0.01499	0.01848	0.10416	0.22011	0.52409	0.01768	0.00807	0.00236	0.00349	0.01513	0.00631	0.00566
5	0.01831	0.23556	0.07141	0.07330	0.20819	0.06104	0.01521	0.10598	0.03674	0.05188	0.03365	0.01624	0.01199	0.00779	0.02370	0.00207	0.00804	0.00542	0.00400	0.00950
6	0.77125	0.05136	0.01115	0.00896	0.01319	0.01564	0.00748	0.01974	0.01153	0.02938	0.00934	0.01089	0.00733	0.00620	0.00416	0.00204	0.00529	0.00363	0.00409	0.00733
7	0.00892	0.00620	0.00781	0.00879	0.00911	0.00598	0.00572	0.00978	0.01188	0.01580	0.03107	0.45344	0.03667	0.29399	0.01801	0.00414	0.00500	0.05727	0.00543	0.00499
8	0.02098	0.03776	0.01810	0.01411	0.01885	0.01785	0.01156	0.41370	0.17314	0.03446	0.01907	0.02132	0.01483	0.00991	0.03089	0.00231	0.00699	0.04355	0.00624	0.08437
9	0.01042	0.00740	0.00892	0.00863	0.01059	0.00666	0.00634	0.01315	0.04058	0.06053	0.25914	0.21354	0.22833	0.04023	0.00867	0.00238	0.00383	0.01329	0.00654	0.05083
10	0.01688	0.06629	0.08142	0.16996	0.15571	0.03470	0.03729	0.08696	0.08530	0.06678	0.01763	0.01992	0.05098	0.00794	0.00794	0.00215	0.07221	0.00641	0.00431	0.00922
11	0.05062	0.44550	0.20713	0.01524	0.02196	0.05215	0.08489	0.02079	0.01412	0.01837	0.01048	0.01242	0.00869	0.00596	0.00526	0.00173	0.00840	0.00441	0.00299	0.00889
12	0.00817	0.00667	0.00721	0.00736	0.00928	0.00572	0.00541	0.00998	0.01544	0.01912	0.14746	0.15784	0.54279	0.01712	0.00801	0.00231	0.00344	0.01457	0.00638	0.00572
13	0.00815	0.00592	0.00770	0.00912	0.00967	0.00547	0.00613	0.00937	0.01306	0.01722	0.03973	0.69814	0.10427	0.02066	0.00851	0.00268	0.00385	0.01864	0.00623	0.00547
14	0.01490	0.01314	0.02193	0.41073	0.29970	0.01465	0.01830	0.01904	0.01440	0.04952	0.01331	0.01797	0.01033	0.00656	0.00658	0.00210	0.00814	0.00602	0.04392	0.00877
15	0.01661	0.01594	0.02724	0.04119	0.72233	0.01594	0.02059	0.02059	0.01528	0.02192	0.01262	0.01661	0.01063	0.00598	0.00664	0.00199	0.00797	0.00598	0.00332	0.01063
16	0.01794	0.76823	0.03516	0.01148	0.01722	0.02655	0.01148	0.02009	0.01363	0.01579	0.00933	0.01076	0.00861	0.00574	0.00431	0.00144	0.00718	0.00359	0.00287	0.00861
17	0.00959	0.00719	0.01078	0.01078	0.01198	0.00839	0.00839	0.01198	0.01078	0.01558	0.01797	0.02636	0.01677	0.05032	0.73760	0.01078	0.01797	0.00719	0.00359	0.00599
18	0.01661	0.01594	0.02724	0.04119	0.72233	0.01594	0.02059	0.02059	0.01528	0.02192	0.01262	0.01661	0.01063	0.00598	0.00664	0.00199	0.00797	0.00598	0.00332	0.01063
19	0.05875	0.02490	0.35687	0.02158	0.02914	0.01592	0.28455	0.02065	0.01470	0.02185	0.04323	0.01711	0.01149	0.00665	0.00764	0.00221	0.04388	0.00639	0.00333	0.00916
20	0.00969	0.00652	0.00753	0.00759	0.00768	0.00657	0.00439	0.00987	0.00994	0.01332	0.02158	0.07088	0.02474	0.69485	0.07287	0.00660	0.00705	0.00998	0.00412	0.00423
21	0.01619	0.18205	0.14440	0.03306	0.02018	0.10934	0.06797	0.04900	0.04821	0.04596	0.10965	0.06607	0.06257	0.00899	0.00649	0.00198	0.00759	0.00740	0.00451	0.00838
22	0.00958	0.00648	0.00759	0.00773	0.00789	0.00648	0.00458	0.00994	0.01050	0.01412	0.05184	0.11507	0.02768	0.62559	0.06270	0.00614	0.00663	0.01067	0.00440	0.00439
23	0.04008	0.01703	0.09676	0.04284	0.11777	0.06076	0.10810	0.07848	0.05067	0.09038	0.01984	0.04246	0.06933	0.00830	0.00720	0.02387	0.00755	0.00691	0.00463	0.10707
24	0.09701	0.07559	0.01989	0.01764	0.12120	0.10760	0.02778	0.18262	0.09653	0.07174	0.03782	0.01712	0.01318	0.00724	0.00611	0.00189	0.00724	0.00566	0.00508	0.08106

[dist]
