[name]
unknown

[dist]
# distance from previous block
# <min> <max>
0	17

[block]
# block no. 0 follows, 34 sequences, length 111
# corresponding to MSA columns:
# 17-127
name=unknown_A
#
# <colnr> <probs for GDERKNQSTAVLIFYWHMCP>
#	G	D	E	R	K	N	Q	S	T	A	V	L	I	F	Y	W	H	M	C	P
0	0.34018	0.01086	0.01143	0.01072	0.01402	0.01162	0.00906	0.07592	0.01510	0.12658	0.02126	0.03577	0.01984	0.01084	0.00639	0.00236	0.00560	0.25944	0.00550	0.00750
1	0.32025	0.01601	0.01571	0.01249	0.01723	0.01797	0.01031	0.45334	0.02316	0.03635	0.01309	0.01364	0.00950	0.00710	0.00555	0.00196	0.00632	0.00495	0.00555	0.00950
2	0.02456	0.01810	0.01939	0.01487	0.02004	0.02004	0.01228	0.71107	0.03038	0.04072	0.01551	0.01551	0.01099	0.00776	0.00646	0.00194	0.00711	0.00582	0.00646	0.01099
3	0.00787	0.00562	0.00750	0.00900	0.00937	0.00525	0.00600	0.00900	0.01237	0.01649	0.03561	0.76871	0.04274	0.02024	0.00825	0.00262	0.00375	0.01837	0.00600	0.00525
4	0.01377	0.01349	0.02092	0.54757	0.20372	0.05642	0.01807	0.01781	0.01365	0.01754	0.01156	0.01662	0.00898	0.00631	0.00641	0.00207	0.00857	0.00566	0.00297	0.00791
5	0.02137	0.01798	0.01796	0.01546	0.04682	0.09806	0.01192	0.38480	0.25731	0.03269	0.01835	0.01796	0.01356	0.00789	0.00643	0.00199	0.00697	0.00613	0.00603	0.01032
6	0.00940	0.00626	0.00705	0.00705	0.00705	0.00626	0.00392	0.00940	0.00940	0.01253	0.02036	0.04228	0.02349	0.77292	0.03289	0.00626	0.00626	0.00940	0.00392	0.00392
7	0.00764	0.00655	0.00655	0.00655	0.00873	0.00545	0.00491	0.00927	0.01473	0.01745	0.06546	0.06218	0.73000	0.01636	0.00764	0.00218	0.00327	0.01364	0.00600	0.00545
8	0.01599	0.01535	0.02623	0.03966	0.73262	0.01535	0.01983	0.01983	0.01471	0.02111	0.01215	0.01599	0.01023	0.00576	0.00640	0.00192	0.00768	0.00576	0.00320	0.01023
9	0.01698	0.72580	0.08227	0.01156	0.01736	0.02484	0.01194	0.01942	0.01316	0.01556	0.00916	0.01059	0.00828	0.00557	0.00428	0.00143	0.00709	0.00355	0.00276	0.00838
10	0.00909	0.00660	0.00856	0.00807	0.00962	0.00607	0.00605	0.01208	0.01815	0.02559	0.70369	0.04880	0.08669	0.01333	0.00762	0.00204	0.00306	0.01176	0.00707	0.00607
11	0.01220	0.01148	0.01938	0.75739	0.04450	0.01436	0.01794	0.01651	0.01292	0.01651	0.01148	0.01723	0.00861	0.00646	0.00646	0.00215	0.00861	0.00574	0.00287	0.00718
12	0.32146	0.01517	0.01421	0.01163	0.01611	0.09393	0.00946	0.16534	0.01812	0.25230	0.01562	0.01526	0.01078	0.00706	0.00549	0.00195	0.00631	0.00499	0.00569	0.00912
13	0.02844	0.01187	0.01554	0.01191	0.01693	0.01080	0.00984	0.11547	0.01996	0.65104	0.02426	0.02119	0.01538	0.00797	0.00649	0.00199	0.00570	0.00641	0.00781	0.01100
14	0.01584	0.01519	0.02595	0.06908	0.70441	0.01531	0.01975	0.01969	0.01464	0.02092	0.01213	0.01604	0.01017	0.00579	0.00640	0.00193	0.00771	0.00576	0.00318	0.01011
15	0.01607	0.01388	0.01461	0.01315	0.01680	0.01607	0.01023	0.03433	0.72094	0.02703	0.02630	0.02411	0.01972	0.00877	0.00657	0.00219	0.00511	0.00731	0.00657	0.01023
16	0.00797	0.00570	0.00758	0.00893	0.00939	0.00531	0.00601	0.00924	0.01282	0.01722	0.08883	0.71343	0.04413	0.01970	0.00820	0.00258	0.00369	0.01786	0.00608	0.00531
17	0.02882	0.01126	0.01516	0.01162	0.01663	0.00990	0.00960	0.05721	0.01894	0.71073	0.02511	0.02175	0.01580	0.00799	0.00650	0.00200	0.00556	0.00647	0.00794	0.01100
18	0.01493	0.37297	0.41716	0.01505	0.02277	0.01983	0.01802	0.01995	0.01341	0.01806	0.01040	0.01214	0.00823	0.00586	0.00523	0.00174	0.00834	0.00417	0.00274	0.00897
19	0.01305	0.03281	0.71248	0.01876	0.02819	0.01506	0.05022	0.02047	0.01370	0.02047	0.01165	0.01379	0.00825	0.00611	0.00620	0.00205	0.00960	0.00488	0.00275	0.00952
20	0.01234	0.01162	0.01963	0.73165	0.06918	0.01439	0.01801	0.01663	0.01298	0.01667	0.01151	0.01718	0.00867	0.00643	0.00646	0.00214	0.00858	0.00574	0.00288	0.00729
21	0.02599	0.01512	0.01746	0.01346	0.01851	0.01571	0.01110	0.41563	0.05222	0.31627	0.01988	0.01841	0.01331	0.00789	0.00648	0.00197	0.00639	0.00614	0.00708	0.01096
22	0.00797	0.00678	0.00691	0.00692	0.00912	0.00582	0.00525	0.01012	0.03447	0.01779	0.06325	0.06150	0.68543	0.01620	0.00765	0.00221	0.00342	0.03756	0.00601	0.00561
23	0.00808	0.00656	0.00716	0.00701	0.00900	0.00564	0.00526	0.01013	0.01577	0.01994	0.26056	0.05809	0.53334	0.01544	0.00763	0.00214	0.00321	0.01306	0.00633	0.00564
24	0.01670	0.01501	0.01644	0.01426	0.01814	0.04813	0.05443	0.05956	0.61884	0.02668	0.02433	0.02281	0.01826	0.00843	0.00660	0.00216	0.00584	0.00713	0.00622	0.01004
25	0.01588	0.01523	0.02602	0.06154	0.71164	0.01532	0.01977	0.01973	0.01466	0.02097	0.01213	0.01603	0.01019	0.00578	0.00640	0.00193	0.00770	0.00576	0.00319	0.01014
26	0.01560	0.02405	0.35488	0.02162	0.02937	0.01504	0.32633	0.02169	0.01485	0.09331	0.01366	0.01617	0.00970	0.00602	0.00683	0.00210	0.00973	0.00621	0.00350	0.00933
27	0.02476	0.01779	0.01920	0.01472	0.01988	0.01958	0.01216	0.68143	0.02986	0.07110	0.01595	0.01580	0.01121	0.00777	0.00647	0.00194	0.00704	0.00585	0.00653	0.01099
28	0.02899	0.01100	0.01499	0.01150	0.01649	0.00950	0.00950	0.03149	0.01849	0.73709	0.02549	0.02199	0.01599	0.00800	0.00650	0.00200	0.00550	0.00650	0.00800	0.01100
29	0.01528	0.01462	0.02493	0.17519	0.60267	0.01516	0.01947	0.01920	0.01437	0.02024	0.01203	0.01622	0.00993	0.00589	0.00641	0.00196	0.00785	0.00575	0.00314	0.00966
30	0.00778	0.00655	0.00674	0.00670	0.00882	0.00552	0.00502	0.00955	0.01507	0.01826	0.12846	0.06086	0.66649	0.01606	0.00764	0.00217	0.00325	0.01345	0.00611	0.00552
31	0.01220	0.01148	0.01938	0.75739	0.04450	0.01436	0.01794	0.01651	0.01292	0.01651	0.01148	0.01723	0.00861	0.00646	0.00646	0.00215	0.00861	0.00574	0.00287	0.00718
32	0.01607	0.01388	0.01461	0.01315	0.01680	0.01607	0.01023	0.03433	0.72094	0.02703	0.02630	0.02411	0.01972	0.00877	0.00657	0.00219	0.00511	0.00731	0.00657	0.01023
33	0.01560	0.01495	0.02552	0.11404	0.66131	0.01525	0.01963	0.01949	0.01453	0.02063	0.01208	0.01612	0.01007	0.00583	0.00640	0.00194	0.00777	0.00576	0.00316	0.00992
34	0.00787	0.00562	0.00750	0.00900	0.00937	0.00525	0.00600	0.00900	0.01237	0.01649	0.03561	0.76871	0.04274	0.02024	0.00825	0.00262	0.00375	0.01837	0.00600	0.00525
35	0.01361	0.01292	0.02193	0.49011	0.30076	0.01473	0.01865	0.01775	0.01359	0.01822	0.01173	0.01677	0.00922	0.00620	0.00644	0.00207	0.00826	0.00575	0.00299	0.00832
36	0.01727	0.77681	0.03386	0.01106	0.01658	0.02557	0.01106	0.01935	0.01313	0.01520	0.00898	0.01036	0.00829	0.00553	0.00415	0.00138	0.00691	0.00345	0.00276	0.00829
37	0.01727	0.77681	0.03386	0.01106	0.01658	0.02557	0.01106	0.01935	0.01313	0.01520	0.00898	0.01036	0.00829	0.00553	0.00415	0.00138	0.00691	0.00345	0.00276	0.00829
38	0.01408	0.01406	0.01978	0.03911	0.01779	0.01963	0.01425	0.01558	0.00999	0.01558	0.00857	0.01423	0.00849	0.01116	0.02076	0.00281	0.73859	0.00566	0.00283	0.00707
39	0.00785	0.00572	0.00740	0.00875	0.00931	0.00527	0.00589	0.00903	0.01261	0.01659	0.03867	0.69640	0.11307	0.01985	0.00818	0.00258	0.00370	0.01788	0.00600	0.00527
40	0.01978	0.01471	0.01644	0.01229	0.01771	0.01429	0.01004	0.35923	0.02205	0.07126	0.01426	0.01493	0.01063	0.00643	0.00571	0.00150	0.00597	0.00496	0.00536	0.37247
41	0.01444	0.01239	0.01598	0.01394	0.01586	0.05285	0.07074	0.13130	0.01544	0.04248	0.02134	0.29998	0.02271	0.04249	0.01183	0.00259	0.19081	0.01073	0.00490	0.00721
42	0.01702	0.16193	0.40908	0.01609	0.02368	0.01832	0.01829	0.21618	0.01830	0.02527	0.01224	0.01359	0.00900	0.00649	0.00587	0.00190	0.00839	0.00483	0.00379	0.00973
43	0.01551	0.01486	0.02536	0.13064	0.64539	0.01523	0.01959	0.01941	0.01449	0.02053	0.01207	0.01615	0.01003	0.00585	0.00640	0.00195	0.00779	0.00576	0.00316	0.00985
44	0.01302	0.01232	0.02085	0.60298	0.19255	0.01457	0.01835	0.01722	0.01331	0.01750	0.01163	0.01696	0.00896	0.00631	0.00645	0.00210	0.00841	0.00575	0.00294	0.00784
45	0.01236	0.01164	0.01966	0.72798	0.07270	0.01440	0.01802	0.01664	0.01299	0.01670	0.01151	0.01718	0.00868	0.00643	0.00646	0.00214	0.00857	0.00574	0.00288	0.00730
46	0.01558	0.01509	0.02000	0.02677	0.40356	0.10135	0.01475	0.04638	0.05666	0.02222	0.14667	0.04426	0.04236	0.00821	0.00665	0.00195	0.00690	0.00733	0.00441	0.00889
47	0.02225	0.02777	0.01731	0.01585	0.01891	0.65332	0.01193	0.02399	0.01731	0.01571	0.01092	0.01339	0.00932	0.01196	0.09982	0.00277	0.01237	0.00451	0.00335	0.00727
48	0.00764	0.00655	0.00655	0.00655	0.00873	0.00545	0.00491	0.00927	0.01473	0.01745	0.06546	0.06218	0.73000	0.01636	0.00764	0.00218	0.00327	0.01364	0.00600	0.00545
49	0.01515	0.01729	0.05879	0.02294	0.02777	0.04064	0.45008	0.03988	0.01450	0.01982	0.01423	0.01824	0.04084	0.00739	0.01056	0.00230	0.18081	0.00716	0.00336	0.00826
50	0.01599	0.01535	0.02623	0.03966	0.73262	0.01535	0.01983	0.01983	0.01471	0.02111	0.01215	0.01599	0.01023	0.00576	0.00640	0.00192	0.00768	0.00576	0.00320	0.01023
51	0.00787	0.00562	0.00750	0.00900	0.00937	0.00525	0.00600	0.00900	0.01237	0.01649	0.03561	0.76871	0.04274	0.02024	0.00825	0.00262	0.00375	0.01837	0.00600	0.00525
52	0.00797	0.00569	0.00761	0.00911	0.00952	0.00533	0.00616	0.00916	0.01247	0.01660	0.03556	0.74237	0.04252	0.02015	0.00827	0.00264	0.00383	0.04376	0.00600	0.00527
53	0.00923	0.00692	0.01038	0.01038	0.01154	0.00808	0.00808	0.01154	0.01038	0.01500	0.01731	0.02538	0.01615	0.04846	0.74732	0.01038	0.01731	0.00692	0.00346	0.00577
54	0.00787	0.00562	0.00750	0.00900	0.00937	0.00525	0.00600	0.00900	0.01237	0.01649	0.03561	0.76871	0.04274	0.02024	0.00825	0.00262	0.00375	0.01837	0.00600	0.00525
55	0.00981	0.00771	0.01126	0.01093	0.01188	0.00931	0.00851	0.01186	0.01027	0.01491	0.01648	0.02515	0.01573	0.08982	0.61874	0.00925	0.10222	0.00693	0.00342	0.00580
56	0.00781	0.00655	0.00678	0.00672	0.00883	0.00553	0.00504	0.00960	0.01513	0.01840	0.13988	0.06062	0.65498	0.01601	0.00763	0.00217	0.00325	0.01342	0.00612	0.00553
57	0.00787	0.00562	0.00750	0.00900	0.00937	0.00525	0.00600	0.00900	0.01237	0.01649	0.03561	0.76871	0.04274	0.02024	0.00825	0.00262	0.00375	0.01837	0.00600	0.00525
58	0.81856	0.01250	0.00950	0.00850	0.01250	0.01449	0.00700	0.01899	0.01100	0.02899	0.00900	0.01050	0.00700	0.00600	0.00400	0.00200	0.00500	0.00350	0.00400	0.00700
59	0.01296	0.03342	0.73944	0.01842	0.02797	0.01501	0.02387	0.02046	0.01364	0.02046	0.01160	0.01364	0.00818	0.00614	0.00614	0.00205	0.00955	0.00477	0.00273	0.00955
60	0.01570	0.01510	0.02579	0.06944	0.65403	0.01508	0.03999	0.01957	0.01460	0.02089	0.01213	0.01599	0.01013	0.00574	0.00637	0.00190	0.00770	0.00574	0.00321	0.04089
61	0.01607	0.01388	0.01461	0.01315	0.01680	0.01607	0.01023	0.03433	0.72094	0.02703	0.02630	0.02411	0.01972	0.00877	0.00657	0.00219	0.00511	0.00731	0.00657	0.01023
62	0.01414	0.01414	0.01979	0.01696	0.01696	0.01979	0.01414	0.01555	0.00990	0.01555	0.00848	0.01414	0.00848	0.01131	0.02120	0.00283	0.76110	0.00565	0.00283	0.00707
63	0.00940	0.00626	0.00705	0.00705	0.00705	0.00626	0.00392	0.00940	0.00940	0.01253	0.02036	0.04228	0.02349	0.77292	0.03289	0.00626	0.00626	0.00940	0.00392	0.00392
64	0.49417	0.01188	0.01176	0.00973	0.01414	0.01244	0.00802	0.02413	0.01408	0.31991	0.01577	0.01522	0.01069	0.00682	0.00503	0.00200	0.00520	0.00473	0.00564	0.00864
65	0.01525	0.01743	0.03813	0.02723	0.03377	0.01634	0.70915	0.02070	0.01525	0.02070	0.01307	0.01743	0.00980	0.00545	0.00763	0.00218	0.01089	0.00763	0.00327	0.00871
66	0.00914	0.00660	0.00864	0.00813	0.00965	0.00610	0.00610	0.01219	0.01829	0.02591	0.72921	0.04827	0.06097	0.01321	0.00762	0.00203	0.00305	0.01169	0.00711	0.00610
67	0.01313	0.06248	0.71186	0.01813	0.02752	0.01542	0.02337	0.02042	0.01362	0.02026	0.01149	0.01351	0.00819	0.00611	0.00606	0.00202	0.00945	0.00472	0.00273	0.00950
68	0.01459	0.00848	0.00874	0.00782	0.01007	0.00887	0.00610	0.15669	0.01697	0.02747	0.01995	0.02234	0.01543	0.00757	0.00491	0.00159	0.00385	0.00598	0.64552	0.00703
69	0.00764	0.00655	0.00655	0.00655	0.00873	0.00545	0.00491	0.00927	0.01473	0.01745	0.06546	0.06218	0.73000	0.01636	0.00764	0.00218	0.00327	0.01364	0.00600	0.00545
70	0.02414	0.03079	0.01831	0.01665	0.01998	0.74698	0.01248	0.02580	0.01831	0.01581	0.00999	0.01165	0.00832	0.00666	0.00583	0.00166	0.01165	0.00416	0.00333	0.00749
71	0.00787	0.00562	0.00750	0.00900	0.00937	0.00525	0.00600	0.00900	0.01237	0.01649	0.03561	0.76871	0.04274	0.02024	0.00825	0.00262	0.00375	0.01837	0.00600	0.00525
72	0.00776	0.00655	0.00672	0.00667	0.00880	0.00551	0.00501	0.00951	0.01502	0.01814	0.11929	0.06105	0.67573	0.01611	0.00764	0.00217	0.00325	0.01348	0.00609	0.00551
73	0.02883	0.01125	0.01515	0.01162	0.01662	0.00987	0.00960	0.05586	0.01892	0.71212	0.02513	0.02176	0.01581	0.00799	0.00650	0.00200	0.00556	0.00647	0.00794	0.01100
74	0.02456	0.01810	0.01939	0.01487	0.02004	0.02004	0.01228	0.71107	0.03038	0.04072	0.01551	0.01551	0.01099	0.00776	0.00646	0.00194	0.00711	0.00582	0.00646	0.01099
75	0.01648	0.64008	0.16364	0.01241	0.01868	0.02362	0.01341	0.01955	0.01322	0.01617	0.00946	0.01097	0.00827	0.00564	0.00451	0.00150	0.00740	0.00370	0.00276	0.00852
76	0.01652	0.43135	0.22042	0.01520	0.02178	0.06089	0.09074	0.04249	0.01434	0.01806	0.01039	0.01224	0.00852	0.00581	0.00522	0.00168	0.00831	0.00438	0.00296	0.00872
77	0.00939	0.00629	0.00719	0.00719	0.00724	0.00634	0.00410	0.00949	0.00944	0.01264	0.02023	0.04155	0.02317	0.74132	0.06405	0.00644	0.00675	0.00929	0.00390	0.00400
78	0.01449	0.01213	0.09954	0.09705	0.01849	0.00960	0.03559	0.03855	0.01692	0.15988	0.29483	0.03317	0.08993	0.01006	0.00695	0.00201	0.00543	0.00870	0.00589	0.04081
79	0.01927	0.55960	0.02933	0.01268	0.01757	0.23561	0.01147	0.02123	0.01464	0.01538	0.00928	0.01074	0.00830	0.00586	0.00464	0.00146	0.00829	0.00366	0.00293	0.00806
80	0.01599	0.01535	0.02623	0.03966	0.73262	0.01535	0.01983	0.01983	0.01471	0.02111	0.01215	0.01599	0.01023	0.00576	0.00640	0.00192	0.00768	0.00576	0.00320	0.01023
81	0.01220	0.01148	0.01938	0.75739	0.04450	0.01436	0.01794	0.01651	0.01292	0.01651	0.01148	0.01723	0.00861	0.00646	0.00646	0.00215	0.00861	0.00574	0.00287	0.00718
82	0.00797	0.00577	0.00755	0.00888	0.00945	0.00535	0.00605	0.00925	0.01280	0.01695	0.06035	0.67645	0.09060	0.01968	0.00820	0.00258	0.00376	0.03701	0.00603	0.00531
83	0.81856	0.01250	0.00950	0.00850	0.01250	0.01449	0.00700	0.01899	0.01100	0.02899	0.00900	0.01050	0.00700	0.00600	0.00400	0.00200	0.00500	0.00350	0.00400	0.00700
84	0.00923	0.00692	0.01038	0.01038	0.01154	0.00808	0.00808	0.01154	0.01038	0.01500	0.01731	0.02538	0.01615	0.04846	0.74732	0.01038	0.01731	0.00692	0.00346	0.00577
85	0.00787	0.00562	0.00750	0.00900	0.00937	0.00525	0.00600	0.00900	0.01237	0.01649	0.03561	0.76871	0.04274	0.02024	0.00825	0.00262	0.00375	0.01837	0.00600	0.00525
86	0.02830	0.01210	0.01568	0.01202	0.01704	0.01113	0.00993	0.13685	0.02034	0.62913	0.02394	0.02099	0.01522	0.00796	0.00649	0.00199	0.00575	0.00639	0.00776	0.01099
87	0.02593	0.01192	0.01508	0.01200	0.01670	0.01138	0.00977	0.05869	0.17602	0.55110	0.02528	0.02221	0.01663	0.00816	0.00651	0.00204	0.00548	0.00665	0.00762	0.01082
88	0.01185	0.00951	0.01102	0.01116	0.01333	0.02919	0.00912	0.03842	0.16805	0.02212	0.12851	0.07522	0.11738	0.01456	0.00791	0.00251	0.00518	0.31179	0.00619	0.00701
89	0.00785	0.00573	0.00739	0.00871	0.00930	0.00527	0.00587	0.00903	0.01264	0.01660	0.03905	0.68739	0.12184	0.01980	0.00818	0.00257	0.00369	0.01782	0.00600	0.00527
90	0.00787	0.00562	0.00750	0.00900	0.00937	0.00525	0.00600	0.00900	0.01237	0.01649	0.03561	0.76871	0.04274	0.02024	0.00825	0.00262	0.00375	0.01837	0.00600	0.00525
91	0.00787	0.00562	0.00750	0.00900	0.00937	0.00525	0.00600	0.00900	0.01237	0.01649	0.03561	0.76871	0.04274	0.02024	0.00825	0.00262	0.00375	0.01837	0.00600	0.00525
92	0.01727	0.77681	0.03386	0.01106	0.01658	0.02557	0.01106	0.01935	0.01313	0.01520	0.00898	0.01036	0.00829	0.00553	0.00415	0.00138	0.00691	0.00345	0.00276	0.00829
93	0.05897	0.03174	0.67483	0.01774	0.02683	0.01514	0.02254	0.04269	0.01403	0.02160	0.01157	0.01352	0.00821	0.00618	0.00603	0.00204	0.00921	0.00474	0.00292	0.00945
94	0.02168	0.01931	0.02115	0.01917	0.10977	0.13734	0.05719	0.38963	0.04353	0.03037	0.01374	0.01519	0.01042	0.00752	0.00771	0.00199	0.07375	0.00568	0.00503	0.00982
95	0.01476	0.02083	0.18712	0.02536	0.03254	0.01606	0.56356	0.02065	0.01491	0.02065	0.01276	0.01662	0.00946	0.00559	0.00731	0.00215	0.01061	0.00702	0.00315	0.00889
96	0.01575	0.45458	0.31769	0.01414	0.02127	0.02115	0.01626	0.04053	0.01385	0.01809	0.01023	0.01184	0.00833	0.00584	0.00502	0.00167	0.00798	0.00406	0.00286	0.00888
97	0.00788	0.00576	0.00742	0.00868	0.00930	0.00530	0.00587	0.00913	0.01284	0.01690	0.06035	0.66163	0.12609	0.01956	0.00815	0.00255	0.00367	0.01759	0.00603	0.00530
98	0.00787	0.00562	0.00750	0.00900	0.00937	0.00525	0.00600	0.00900	0.01237	0.01649	0.03561	0.76871	0.04274	0.02024	0.00825	0.00262	0.00375	0.01837	0.00600	0.00525
99	0.01607	0.01388	0.01461	0.01315	0.01680	0.01607	0.01023	0.03433	0.72094	0.02703	0.02630	0.02411	0.01972	0.00877	0.00657	0.00219	0.00511	0.00731	0.00657	0.01023
100	0.00787	0.00562	0.00750	0.00900	0.00937	0.00525	0.00600	0.00900	0.01237	0.01649	0.03561	0.76871	0.04274	0.02024	0.00825	0.00262	0.00375	0.01837	0.00600	0.00525
101	0.00787	0.00562	0.00750	0.00900	0.00937	0.00525	0.00600	0.00900	0.01237	0.01649	0.03561	0.76871	0.04274	0.02024	0.00825	0.00262	0.00375	0.01837	0.00600	0.00525
102	0.01607	0.01388	0.01461	0.01315	0.01680	0.01607	0.01023	0.03433	0.72094	0.02703	0.02630	0.02411	0.01972	0.00877	0.00657	0.00219	0.00511	0.00731	0.00657	0.01023
103	0.02414	0.03079	0.01831	0.01665	0.01998	0.74698	0.01248	0.02580	0.01831	0.01581	0.00999	0.01165	0.00832	0.00666	0.00583	0.00166	0.01165	0.00416	0.00333	0.00749
104	0.00871	0.00635	0.00836	0.00948	0.01049	0.00599	0.00716	0.01063	0.01398	0.01843	0.11364	0.41701	0.11516	0.01839	0.00831	0.00261	0.00425	0.20939	0.00611	0.00556
105	0.00795	0.00576	0.00754	0.00893	0.00948	0.00535	0.00608	0.00918	0.01264	0.01667	0.03777	0.69001	0.09346	0.01986	0.00823	0.00260	0.00380	0.04341	0.00600	0.00529
106	0.02392	0.02809	0.01878	0.01716	0.04541	0.59746	0.01271	0.14194	0.02023	0.02023	0.01100	0.01246	0.00884	0.00681	0.00595	0.00172	0.01074	0.00450	0.00386	0.00818
107	0.02420	0.02893	0.01847	0.01638	0.01998	0.64003	0.01245	0.12662	0.02009	0.01948	0.01080	0.01222	0.00872	0.00682	0.00592	0.00170	0.01098	0.00441	0.00379	0.00801
108	0.01727	0.77681	0.03386	0.01106	0.01658	0.02557	0.01106	0.01935	0.01313	0.01520	0.00898	0.01036	0.00829	0.00553	0.00415	0.00138	0.00691	0.00345	0.00276	0.00829
109	0.00786	0.00566	0.00746	0.00891	0.00935	0.00526	0.00596	0.00901	0.01245	0.01653	0.03668	0.74350	0.06725	0.02010	0.00823	0.00261	0.00373	0.01820	0.00600	0.00526
110	0.01910	0.02165	0.02009	0.04186	0.05161	0.34795	0.07803	0.04191	0.05619	0.01824	0.01172	0.01462	0.00975	0.00781	0.00972	0.00205	0.18999	0.00529	0.04463	0.00780

[dist]
# distance from previous block
# <min> <max>
2	3

[block]
# block no. 1 follows, 34 sequences, length 34
# corresponding to MSA columns:
# 131-164
name=unknown_B
#
# <colnr> <probs for GDERKNQSTAVLIFYWHMCP>
#	G	D	E	R	K	N	Q	S	T	A	V	L	I	F	Y	W	H	M	C	P
0	0.02337	0.02668	0.01812	0.01595	0.01965	0.53642	0.01221	0.15287	0.09428	0.02158	0.01272	0.01367	0.01001	0.00708	0.00602	0.00177	0.01013	0.00480	0.00425	0.00842
1	0.01514	0.01430	0.02399	0.25089	0.50714	0.01520	0.01904	0.04040	0.01467	0.02036	0.01206	0.01634	0.00978	0.00603	0.00642	0.00199	0.00794	0.00575	0.00320	0.00936
2	0.00932	0.00684	0.00998	0.00998	0.01105	0.00787	0.00763	0.01145	0.01038	0.01503	0.01767	0.02679	0.01679	0.10920	0.66657	0.00980	0.01598	0.00711	0.02494	0.00562
3	0.01013	0.00693	0.00831	0.00777	0.00983	0.00611	0.00590	0.01257	0.01689	0.07915	0.41007	0.05169	0.32262	0.01405	0.00754	0.00209	0.00333	0.01205	0.00674	0.00623
4	0.00914	0.00660	0.00864	0.00813	0.00965	0.00610	0.00610	0.01219	0.01829	0.02591	0.72921	0.04827	0.06097	0.01321	0.00762	0.00203	0.00305	0.01169	0.00711	0.00610
5	0.02504	0.01732	0.01891	0.01450	0.01965	0.01889	0.01198	0.63696	0.02908	0.11667	0.01660	0.01622	0.01153	0.00778	0.00647	0.00195	0.00693	0.00589	0.00663	0.01099
6	0.00960	0.00620	0.00834	0.00950	0.01031	0.00579	0.00674	0.01103	0.01307	0.06574	0.03477	0.63848	0.04029	0.01914	0.00821	0.00262	0.00412	0.09423	0.00613	0.00572
7	0.02813	0.01081	0.01472	0.01135	0.01620	0.00935	0.00935	0.03065	0.01848	0.70631	0.05595	0.02313	0.01794	0.00822	0.00655	0.00200	0.00539	0.00672	0.00796	0.01078
8	0.00806	0.00580	0.00768	0.00912	0.00965	0.00542	0.00629	0.00934	0.01266	0.01675	0.03670	0.68739	0.06981	0.01991	0.00827	0.00263	0.00390	0.06931	0.00599	0.00531
9	0.07321	0.01731	0.01487	0.01313	0.01669	0.18245	0.01028	0.14429	0.29306	0.02634	0.01930	0.02070	0.01508	0.00814	0.00608	0.00197	0.00675	0.03162	0.08982	0.00891
10	0.02124	0.01332	0.01521	0.01276	0.01701	0.01425	0.01018	0.09938	0.41742	0.26710	0.02498	0.02256	0.01762	0.00841	0.00654	0.00210	0.00544	0.00689	0.00704	0.01056
11	0.00798	0.00567	0.00747	0.00886	0.00921	0.00532	0.00586	0.00902	0.01217	0.01623	0.03458	0.71939	0.04143	0.07134	0.00992	0.00287	0.00392	0.01776	0.00586	0.00516
12	0.81856	0.01250	0.00950	0.00850	0.01250	0.01449	0.00700	0.01899	0.01100	0.02899	0.00900	0.01050	0.00700	0.00600	0.00400	0.00200	0.00500	0.00350	0.00400	0.00700
13	0.01906	0.01199	0.01350	0.01114	0.01431	0.01261	0.00852	0.25779	0.09320	0.15778	0.02030	0.02646	0.01704	0.24767	0.01466	0.00331	0.00612	0.00723	0.04889	0.00843
14	0.00787	0.00562	0.00750	0.00900	0.00937	0.00525	0.00600	0.00900	0.01237	0.01649	0.03561	0.76871	0.04274	0.02024	0.00825	0.00262	0.00375	0.01837	0.00600	0.00525
15	0.04728	0.01537	0.01681	0.01355	0.01817	0.01682	0.01099	0.35779	0.24965	0.15310	0.02045	0.01921	0.01451	0.00807	0.00643	0.00203	0.00613	0.00634	0.00668	0.01062
16	0.02425	0.01794	0.01922	0.01480	0.01992	0.01989	0.01221	0.68625	0.05571	0.04022	0.01591	0.01583	0.01131	0.00779	0.00647	0.00195	0.00704	0.00587	0.00647	0.01096
17	0.01549	0.01375	0.01391	0.01112	0.01550	0.09184	0.00874	0.12440	0.05485	0.02387	0.09082	0.04736	0.03963	0.00880	0.02828	0.00175	0.00603	0.00612	0.00481	0.39292
18	0.01405	0.03190	0.69027	0.01795	0.02719	0.01463	0.02290	0.02121	0.01397	0.06911	0.01254	0.01421	0.00872	0.00626	0.00616	0.00204	0.00927	0.00489	0.00309	0.00965
19	0.00787	0.00562	0.00750	0.00900	0.00937	0.00525	0.00600	0.00900	0.01237	0.01649	0.03561	0.76871	0.04274	0.02024	0.00825	0.00262	0.00375	0.01837	0.00600	0.00525
20	0.02830	0.01084	0.01477	0.01138	0.01625	0.00938	0.00938	0.03081	0.01849	0.71220	0.05012	0.02291	0.01757	0.00818	0.00654	0.00200	0.00541	0.00668	0.00797	0.01082
21	0.01220	0.01148	0.01938	0.75739	0.04450	0.01436	0.01794	0.01651	0.01292	0.01651	0.01148	0.01723	0.00861	0.00646	0.00646	0.00215	0.00861	0.00574	0.00287	0.00718
22	0.01727	0.77681	0.03386	0.01106	0.01658	0.02557	0.01106	0.01935	0.01313	0.01520	0.00898	0.01036	0.00829	0.00553	0.00415	0.00138	0.00691	0.00345	0.00276	0.00829
23	0.00795	0.00568	0.00756	0.00895	0.00939	0.00530	0.00600	0.00918	0.01271	0.01704	0.07563	0.72714	0.04379	0.01984	0.00821	0.00259	0.00371	0.01798	0.00606	0.00530
24	0.00943	0.00709	0.01024	0.01014	0.01109	0.00823	0.00770	0.01137	0.01023	0.01467	0.01743	0.02740	0.01693	0.15091	0.61916	0.00953	0.04218	0.00723	0.00350	0.00555
25	0.01337	0.01118	0.01303	0.00998	0.01491	0.00916	0.00791	0.04352	0.05800	0.02200	0.04186	0.06858	0.01529	0.00692	0.00543	0.00129	0.00480	0.02672	0.00444	0.62162
26	0.01766	0.73537	0.03299	0.01137	0.01677	0.06564	0.01114	0.01971	0.01342	0.01524	0.00904	0.01044	0.00829	0.00559	0.00424	0.00140	0.00717	0.00349	0.00280	0.00825
27	0.00897	0.00660	0.00839	0.00794	0.00955	0.00602	0.00596	0.01185	0.01788	0.02493	0.65205	0.04988	0.13874	0.01358	0.00762	0.00205	0.00307	0.01191	0.00698	0.00602
28	0.01333	0.02837	0.54639	0.02022	0.10816	0.03987	0.04296	0.01961	0.01394	0.02007	0.01462	0.05738	0.03228	0.00718	0.00637	0.00206	0.00893	0.00598	0.00310	0.00917
29	0.03768	0.02371	0.02063	0.06366	0.04483	0.43102	0.10324	0.05322	0.03172	0.04544	0.01311	0.01520	0.02889	0.00713	0.00710	0.00189	0.05453	0.00532	0.00372	0.00797
30	0.00775	0.00645	0.00677	0.00690	0.00885	0.00547	0.00509	0.00941	0.01467	0.01782	0.09907	0.13844	0.61790	0.01661	0.00770	0.00222	0.00331	0.01404	0.00606	0.00547
31	0.00791	0.00592	0.00737	0.00850	0.00936	0.00538	0.00590	0.00923	0.01304	0.01684	0.04290	0.56870	0.21159	0.01920	0.00812	0.00253	0.00371	0.04247	0.00600	0.00533
32	0.01799	0.07623	0.07685	0.04785	0.31423	0.08674	0.14177	0.06132	0.01613	0.07995	0.01310	0.01574	0.01015	0.00612	0.00639	0.00192	0.00853	0.00576	0.00373	0.00952
33	0.04152	0.01638	0.01726	0.11198	0.02103	0.14080	0.03118	0.05025	0.26443	0.02116	0.01636	0.01890	0.01319	0.04149	0.01052	0.00239	0.16220	0.00615	0.00448	0.00833

[dist]
# distance from previous block
# <min> <max>
0	3

[block]
# block no. 2 follows, 34 sequences, length 22
# corresponding to MSA columns:
# 168-189
name=unknown_C
#
# <colnr> <probs for GDERKNQSTAVLIFYWHMCP>
#	G	D	E	R	K	N	Q	S	T	A	V	L	I	F	Y	W	H	M	C	P
0	0.02293	0.01769	0.01863	0.01551	0.05371	0.06049	0.01206	0.57847	0.02768	0.03699	0.04480	0.01705	0.01311	0.00781	0.00639	0.00191	0.00705	0.00597	0.04142	0.01033
1	0.01634	0.01591	0.02223	0.25900	0.20489	0.08761	0.08694	0.08749	0.11340	0.02177	0.01409	0.01718	0.01087	0.00664	0.00652	0.00203	0.00829	0.00601	0.00389	0.00891
2	0.01666	0.59355	0.17845	0.01280	0.01906	0.05266	0.01375	0.01984	0.01344	0.01631	0.00956	0.01109	0.00827	0.00570	0.00462	0.00153	0.00765	0.00376	0.00278	0.00852
3	0.01436	0.03352	0.06093	0.03647	0.01741	0.01086	0.00958	0.07950	0.04057	0.02288	0.04144	0.01546	0.01199	0.00570	0.00524	0.00126	0.00543	0.00457	0.00417	0.57869
4	0.00914	0.00634	0.00797	0.00818	0.00853	0.00659	0.00528	0.00989	0.01007	0.01372	0.02170	0.13948	0.02428	0.48039	0.21415	0.00682	0.00877	0.01001	0.00409	0.00458
5	0.00781	0.00586	0.00725	0.00836	0.00920	0.00530	0.00571	0.00907	0.01299	0.01674	0.04340	0.58441	0.22200	0.01923	0.00809	0.00251	0.00362	0.01713	0.00600	0.00530
6	0.00839	0.00613	0.00782	0.00854	0.00948	0.00567	0.00604	0.01013	0.01420	0.01903	0.21806	0.41839	0.13274	0.05389	0.00923	0.00261	0.00375	0.05425	0.00618	0.00547
7	0.01580	0.01508	0.02530	0.07551	0.66190	0.01534	0.01926	0.02037	0.04925	0.02116	0.01281	0.01645	0.01062	0.00594	0.00641	0.00194	0.00760	0.00583	0.00335	0.01008
8	0.01596	0.01544	0.02675	0.03911	0.70190	0.01540	0.05013	0.01987	0.01474	0.02109	0.01219	0.01605	0.01022	0.00574	0.00645	0.00193	0.00782	0.00584	0.00320	0.01017
9	0.02758	0.01140	0.01491	0.01151	0.01632	0.01033	0.00948	0.09691	0.01937	0.62801	0.02426	0.02148	0.01554	0.00795	0.00638	0.00196	0.00551	0.00640	0.05398	0.01071
10	0.00807	0.00571	0.00744	0.00874	0.00906	0.00538	0.00572	0.00905	0.01198	0.01597	0.03360	0.67275	0.04019	0.11966	0.01150	0.00310	0.00408	0.01718	0.00572	0.00507
11	0.01607	0.01664	0.03557	0.02552	0.03180	0.01554	0.63736	0.02123	0.01558	0.07307	0.03515	0.01867	0.01177	0.00586	0.00754	0.00216	0.01027	0.00766	0.00373	0.00880
12	0.01193	0.00605	0.00612	0.00610	0.00761	0.00603	0.00458	0.01494	0.01374	0.02416	0.04884	0.02504	0.01830	0.00775	0.00464	0.00153	0.00301	0.00624	0.77737	0.00603
13	0.01966	0.01058	0.01240	0.01069	0.01403	0.04697	0.00840	0.04815	0.06202	0.34503	0.09880	0.14501	0.09215	0.01141	0.00697	0.00212	0.00509	0.02687	0.02501	0.00863
14	0.10178	0.01113	0.01449	0.01122	0.01613	0.00996	0.00927	0.03034	0.01780	0.67181	0.02397	0.02093	0.01516	0.00781	0.00627	0.00200	0.00545	0.00622	0.00763	0.01063
15	0.01582	0.01517	0.02591	0.07284	0.70080	0.01531	0.01974	0.01968	0.01463	0.02090	0.01212	0.01605	0.01016	0.00579	0.00640	0.00193	0.00772	0.00576	0.00318	0.01009
16	0.00813	0.00593	0.00771	0.00904	0.00975	0.00552	0.00637	0.00952	0.01292	0.01692	0.03884	0.61112	0.11995	0.01954	0.00825	0.00261	0.00394	0.09261	0.00599	0.00535
17	0.00809	0.00652	0.00721	0.00712	0.00903	0.00564	0.00531	0.01013	0.01569	0.01993	0.26144	0.08728	0.50278	0.01559	0.00766	0.00216	0.00323	0.01325	0.00633	0.00564
18	0.03807	0.01196	0.04123	0.01181	0.01515	0.01165	0.02722	0.14002	0.11144	0.15043	0.02638	0.07429	0.07914	0.09325	0.01004	0.00265	0.02310	0.08649	0.03743	0.00825
19	0.01502	0.01421	0.02334	0.22179	0.48647	0.01517	0.01842	0.02038	0.08241	0.02050	0.01335	0.01709	0.01073	0.00623	0.00643	0.00201	0.00767	0.00590	0.00344	0.00945
20	0.06002	0.73604	0.03256	0.01092	0.01637	0.02498	0.01084	0.01933	0.01302	0.01594	0.00898	0.01037	0.00822	0.00555	0.00414	0.00141	0.00681	0.00346	0.00283	0.00822
21	0.01749	0.06286	0.01494	0.04943	0.01612	0.01206	0.00925	0.15508	0.02971	0.16782	0.12053	0.02692	0.08820	0.03365	0.04352	0.00241	0.02358	0.00732	0.02437	0.09473

[dist]
# distance from previous block
# <min> <max>
0	2

[block]
# block no. 3 follows, 34 sequences, length 8
# corresponding to MSA columns:
# 192-199
name=unknown_D
#
# <colnr> <probs for GDERKNQSTAVLIFYWHMCP>
#	G	D	E	R	K	N	Q	S	T	A	V	L	I	F	Y	W	H	M	C	P
0	0.01886	0.12694	0.01995	0.01371	0.01799	0.01731	0.05884	0.27001	0.18442	0.06118	0.01785	0.01988	0.01407	0.06722	0.06037	0.00285	0.00746	0.00632	0.00539	0.00936
1	0.00805	0.00588	0.00785	0.00902	0.00964	0.00568	0.00622	0.00939	0.01226	0.01635	0.03516	0.60591	0.09056	0.02411	0.11718	0.00374	0.00571	0.01632	0.00562	0.00534
2	0.01122	0.00659	0.00872	0.00910	0.01029	0.00605	0.00638	0.01275	0.01393	0.12190	0.13542	0.50663	0.04029	0.06694	0.00952	0.00269	0.00406	0.01508	0.00631	0.00612
3	0.13428	0.17381	0.38933	0.01500	0.02231	0.01773	0.01720	0.11997	0.01557	0.02362	0.01127	0.01281	0.00844	0.00623	0.00548	0.00189	0.00801	0.00448	0.00346	0.00913
4	0.00944	0.00790	0.00837	0.00802	0.01036	0.00751	0.00608	0.01436	0.14521	0.02060	0.16710	0.05290	0.48964	0.01445	0.00744	0.00216	0.00357	0.01215	0.00629	0.00644
5	0.00925	0.00624	0.00719	0.00728	0.00742	0.00617	0.00424	0.00956	0.01026	0.01378	0.07071	0.10249	0.02767	0.65835	0.02911	0.00567	0.00583	0.01029	0.00431	0.00418
6	0.01599	0.08673	0.01781	0.01296	0.01662	0.05926	0.05643	0.12521	0.01556	0.06212	0.01432	0.01820	0.01208	0.03721	0.21459	0.00423	0.06303	0.00566	0.00414	0.15783
7	0.01126	0.00938	0.01090	0.00902	0.01286	0.00764	0.00699	0.01429	0.04216	0.02023	0.07215	0.12283	0.16544	0.01025	0.00620	0.00161	0.00429	0.03343	0.00494	0.43413

[dist]
# distance from previous block
# <min> <max>
0	1

[block]
# block no. 4 follows, 34 sequences, length 7
# corresponding to MSA columns:
# 201-207
name=unknown_E
#
# <colnr> <probs for GDERKNQSTAVLIFYWHMCP>
#	G	D	E	R	K	N	Q	S	T	A	V	L	I	F	Y	W	H	M	C	P
0	0.01052	0.11919	0.01375	0.01020	0.01216	0.01025	0.03204	0.01310	0.03810	0.01663	0.06999	0.14762	0.08399	0.08893	0.29806	0.00566	0.00992	0.00937	0.00437	0.00616
1	0.00998	0.00708	0.00823	0.00809	0.01001	0.00636	0.00592	0.01247	0.04317	0.05920	0.14612	0.23026	0.29811	0.04353	0.00836	0.00233	0.00374	0.01294	0.03787	0.04623
2	0.07248	0.01572	0.09941	0.05660	0.09617	0.05790	0.01246	0.09370	0.16842	0.06024	0.10916	0.09058	0.02142	0.00916	0.00654	0.00208	0.00633	0.00768	0.00525	0.00872
3	0.04695	0.07059	0.08358	0.07482	0.17779	0.01586	0.01422	0.14343	0.13871	0.09301	0.01635	0.01777	0.01238	0.00970	0.05448	0.00252	0.00764	0.00585	0.00476	0.00960
4	0.01170	0.00954	0.01060	0.01197	0.08353	0.06753	0.00801	0.01385	0.01508	0.05854	0.10540	0.17461	0.27026	0.01398	0.00731	0.00219	0.00479	0.06656	0.05804	0.00651
5	0.00822	0.00576	0.00743	0.00856	0.00902	0.00539	0.00567	0.00902	0.01201	0.01583	0.03495	0.58955	0.09496	0.09584	0.01177	0.05510	0.00408	0.01626	0.00558	0.00497
6	0.01622	0.09561	0.05082	0.07915	0.07070	0.10796	0.07222	0.14347	0.03888	0.02182	0.01760	0.15433	0.01685	0.05500	0.00808	0.00227	0.00744	0.00802	0.02557	0.00800

[dist]
# distance from previous block
# <min> <max>
0	7

[block]
# block no. 5 follows, 34 sequences, length 28
# corresponding to MSA columns:
# 215-242
name=unknown_F
#
# <colnr> <probs for GDERKNQSTAVLIFYWHMCP>
#	G	D	E	R	K	N	Q	S	T	A	V	L	I	F	Y	W	H	M	C	P
0	0.10863	0.04902	0.01945	0.04967	0.08982	0.05160	0.04449	0.12518	0.01512	0.02245	0.03003	0.04466	0.01167	0.00867	0.01093	0.00219	0.25392	0.00592	0.00390	0.05269
1	0.01768	0.09090	0.11871	0.03042	0.01920	0.06685	0.04635	0.22189	0.03172	0.06063	0.01757	0.09170	0.03091	0.07317	0.00947	0.00239	0.04994	0.00717	0.00474	0.00857
2	0.01065	0.00833	0.01062	0.04078	0.06264	0.00820	0.00817	0.08725	0.01573	0.02060	0.08968	0.32415	0.20950	0.01566	0.00770	0.00235	0.00456	0.06117	0.00581	0.00646
3	0.03532	0.04154	0.01037	0.00858	0.01117	0.00925	0.00678	0.09680	0.03604	0.06173	0.05904	0.08070	0.08998	0.00980	0.00578	0.00181	0.00417	0.03457	0.35321	0.04335
4	0.01802	0.06845	0.01627	0.01301	0.01686	0.07643	0.01033	0.08825	0.48540	0.06342	0.02255	0.02129	0.01691	0.00818	0.00623	0.00203	0.00587	0.00655	0.04417	0.00977
5	0.01484	0.01530	0.01969	0.01694	0.01717	0.07064	0.01402	0.01627	0.01048	0.01557	0.00859	0.01396	0.00847	0.01098	0.02013	0.00275	0.70869	0.00555	0.00286	0.00710
6	0.75799	0.01261	0.01006	0.00883	0.01291	0.01445	0.00728	0.04151	0.01195	0.06110	0.00994	0.01117	0.00753	0.00614	0.00419	0.00200	0.00509	0.00371	0.00426	0.00730
7	0.05482	0.00737	0.00893	0.00849	0.01025	0.00717	0.00638	0.01377	0.06624	0.02514	0.56290	0.09545	0.08253	0.01312	0.00739	0.00209	0.00336	0.01147	0.00678	0.00635
8	0.00828	0.00588	0.00797	0.02916	0.01032	0.00566	0.00634	0.00928	0.01212	0.01610	0.03370	0.63187	0.06792	0.02112	0.04250	0.06004	0.00460	0.01641	0.00557	0.00516
9	0.00799	0.00583	0.00731	0.00842	0.00903	0.00538	0.00562	0.00908	0.01242	0.01623	0.03858	0.58665	0.14524	0.09700	0.01069	0.00293	0.00393	0.01673	0.00578	0.00514
10	0.69478	0.01337	0.01104	0.00949	0.01367	0.01536	0.00782	0.12688	0.01402	0.03082	0.01001	0.01128	0.00762	0.00627	0.00438	0.00199	0.00533	0.00386	0.00438	0.00762
11	0.01050	0.00755	0.00875	0.00826	0.01044	0.00702	0.00625	0.01435	0.08662	0.07004	0.30641	0.08741	0.32400	0.01406	0.00748	0.00214	0.00355	0.01204	0.00661	0.00653
12	0.05602	0.01395	0.01250	0.01109	0.01409	0.14879	0.00857	0.10637	0.09117	0.11516	0.06800	0.08887	0.03899	0.00926	0.00607	0.00190	0.00585	0.00741	0.18800	0.00795
13	0.01545	0.01509	0.02658	0.12615	0.57864	0.01533	0.08851	0.01951	0.01455	0.02051	0.01216	0.01629	0.00999	0.00581	0.00653	0.00197	0.00811	0.00594	0.00317	0.00971
14	0.00833	0.00615	0.00780	0.00828	0.00938	0.00561	0.00587	0.01029	0.01505	0.02033	0.31162	0.37738	0.15632	0.01689	0.00791	0.00232	0.00340	0.01502	0.00643	0.00561
15	0.00852	0.00601	0.00698	0.00769	0.00868	0.00553	0.00525	0.00989	0.01284	0.01726	0.04048	0.38556	0.23355	0.10721	0.01053	0.00279	0.00382	0.01438	0.10778	0.00525
16	0.01529	0.01727	0.03707	0.02660	0.03300	0.01633	0.67764	0.02131	0.04706	0.02098	0.01367	0.01773	0.01025	0.00560	0.00758	0.00218	0.01063	0.00761	0.00342	0.00878
17	0.02551	0.01539	0.04273	0.01341	0.01856	0.01513	0.01137	0.38754	0.02456	0.32501	0.04046	0.01907	0.01441	0.00796	0.00650	0.00197	0.00642	0.00623	0.00698	0.01080
18	0.01084	0.00723	0.00827	0.00789	0.01031	0.00631	0.00616	0.01282	0.01525	0.11323	0.09597	0.05510	0.50719	0.01670	0.04268	0.00260	0.00443	0.06453	0.00621	0.00628
19	0.01001	0.00640	0.00832	0.00890	0.01001	0.00588	0.00629	0.01159	0.01393	0.07908	0.14196	0.48109	0.09521	0.05332	0.00915	0.00263	0.00395	0.04021	0.00624	0.00584
20	0.01412	0.01153	0.04802	0.01231	0.04794	0.03583	0.02124	0.10047	0.07627	0.09734	0.03404	0.27294	0.17451	0.01352	0.00729	0.00224	0.00523	0.01169	0.00588	0.00761
21	0.07759	0.01405	0.01355	0.01171	0.01478	0.11400	0.00923	0.15579	0.06759	0.10085	0.09619	0.06629	0.07993	0.00980	0.00739	0.00202	0.05975	0.00758	0.08382	0.00809
22	0.07989	0.01085	0.06021	0.10498	0.01654	0.01044	0.00943	0.06395	0.05867	0.01988	0.04913	0.09880	0.13805	0.13423	0.09854	0.00379	0.02241	0.00897	0.00463	0.00661
23	0.03867	0.18189	0.06678	0.01499	0.09113	0.05772	0.01168	0.10823	0.09711	0.04264	0.01717	0.09893	0.02806	0.00813	0.00584	0.00179	0.00647	0.00654	0.00449	0.11175
24	0.04342	0.06778	0.03928	0.01538	0.01962	0.14555	0.13236	0.16179	0.03258	0.05722	0.01964	0.11391	0.04783	0.00932	0.00667	0.00203	0.00774	0.04266	0.00482	0.03040
25	0.02741	0.01159	0.04664	0.04921	0.06590	0.03494	0.03498	0.07477	0.04776	0.01916	0.01936	0.08124	0.04454	0.08817	0.28357	0.00552	0.03114	0.00774	0.00411	0.02226
26	0.01396	0.04973	0.32807	0.03519	0.04672	0.02772	0.08853	0.09385	0.01593	0.02227	0.08477	0.10882	0.01807	0.00876	0.00707	0.00210	0.02829	0.00752	0.00405	0.00858
27	0.01278	0.03784	0.08396	0.04687	0.14692	0.03979	0.07645	0.01661	0.05024	0.01844	0.04108	0.06662	0.06108	0.13034	0.08860	0.00351	0.00816	0.00772	0.00394	0.05906

[dist]
# distance from previous block
# <min> <max>
0	23

[block]
# block no. 6 follows, 34 sequences, length 26
# corresponding to MSA columns:
# 266-291
name=unknown_G
#
# <colnr> <probs for GDERKNQSTAVLIFYWHMCP>
#	G	D	E	R	K	N	Q	S	T	A	V	L	I	F	Y	W	H	M	C	P
0	0.04707	0.28035	0.16157	0.01460	0.04788	0.09668	0.03240	0.02250	0.04078	0.13210	0.02843	0.01482	0.01115	0.00643	0.00545	0.00173	0.00755	0.00480	0.00399	0.03974
1	0.01520	0.19755	0.04632	0.01371	0.01724	0.15953	0.09104	0.01826	0.04101	0.01698	0.04387	0.05393	0.01651	0.09135	0.11455	0.00352	0.00942	0.03909	0.00376	0.00717
2	0.01408	0.05376	0.05129	0.01388	0.02929	0.08891	0.08726	0.06201	0.05628	0.03409	0.06769	0.09344	0.07429	0.03532	0.14186	0.00364	0.03895	0.00813	0.00449	0.04132
3	0.01696	0.07477	0.01815	0.01548	0.06807	0.19944	0.04432	0.06649	0.10717	0.02057	0.01885	0.06699	0.05202	0.00873	0.00680	0.00188	0.03421	0.04980	0.00442	0.12488
4	0.06928	0.12886	0.18017	0.03444	0.11526	0.01415	0.03842	0.03609	0.03369	0.07660	0.02161	0.07869	0.10630	0.00861	0.00616	0.00196	0.00672	0.00715	0.00423	0.03160
5	0.00848	0.00704	0.00830	0.00933	0.05511	0.00621	0.00635	0.01040	0.01485	0.01858	0.12970	0.14050	0.50196	0.01586	0.00768	0.00223	0.00370	0.04194	0.00594	0.00583
6	0.00980	0.00674	0.00845	0.03796	0.01115	0.00615	0.00641	0.01168	0.01470	0.07304	0.17281	0.32474	0.25985	0.01623	0.00773	0.00231	0.00379	0.01423	0.00623	0.00598
7	0.05143	0.09868	0.06653	0.07661	0.05408	0.07626	0.08750	0.12364	0.03686	0.08534	0.04316	0.03504	0.01382	0.05591	0.00819	0.00219	0.02513	0.00618	0.00444	0.04900
8	0.05035	0.07982	0.06132	0.01656	0.09273	0.04476	0.06612	0.19788	0.08267	0.05954	0.01481	0.01693	0.01161	0.04514	0.00729	0.00200	0.00702	0.00558	0.00468	0.13318
9	0.03698	0.00800	0.05377	0.00865	0.01044	0.00630	0.00677	0.01028	0.01344	0.01782	0.06437	0.41344	0.29197	0.01721	0.00772	0.00239	0.00397	0.01504	0.00575	0.00568
10	0.01798	0.01217	0.01421	0.01248	0.04238	0.01252	0.00948	0.30629	0.02211	0.11787	0.15577	0.11675	0.10968	0.01120	0.00703	0.00207	0.00534	0.00938	0.00654	0.00873
11	0.08565	0.08630	0.07031	0.04784	0.14094	0.03694	0.01221	0.12014	0.01645	0.06255	0.04485	0.10357	0.04407	0.00851	0.00610	0.00189	0.00636	0.00705	0.00458	0.09368
12	0.01154	0.00835	0.01033	0.00977	0.01146	0.03549	0.03840	0.02775	0.01412	0.08006	0.11177	0.24168	0.14366	0.15407	0.04945	0.00342	0.00565	0.03139	0.00557	0.00605
13	0.00845	0.00670	0.00766	0.00787	0.00958	0.00605	0.00584	0.01098	0.04205	0.01945	0.19219	0.19662	0.39726	0.01626	0.00778	0.00228	0.00352	0.04746	0.00625	0.00575
14	0.01353	0.06013	0.01525	0.07874	0.01809	0.01022	0.00882	0.01649	0.01334	0.02026	0.01133	0.01356	0.00940	0.00499	0.00490	0.00109	0.00527	0.00398	0.00367	0.68694
15	0.04511	0.23242	0.25624	0.01653	0.02285	0.04734	0.12005	0.04966	0.05002	0.02010	0.01261	0.01610	0.01029	0.00677	0.00652	0.00194	0.04102	0.03233	0.00337	0.00874
16	0.00831	0.00594	0.00740	0.00838	0.00890	0.00560	0.00555	0.00929	0.01201	0.01576	0.03514	0.49259	0.11208	0.19940	0.01409	0.00346	0.00438	0.04124	0.00550	0.00498
17	0.00942	0.00667	0.00815	0.00858	0.00922	0.00665	0.00568	0.04608	0.01215	0.01621	0.02876	0.36229	0.06450	0.30154	0.08022	0.00458	0.00599	0.01318	0.00503	0.00511
18	0.06867	0.07658	0.08533	0.01580	0.04990	0.01605	0.09576	0.23177	0.08524	0.10333	0.03211	0.05466	0.03980	0.00809	0.00640	0.00201	0.00693	0.00681	0.00531	0.00946
19	0.01168	0.01066	0.01734	0.22684	0.15929	0.01121	0.07355	0.01547	0.04096	0.01906	0.08490	0.17694	0.10376	0.01083	0.00715	0.00220	0.00643	0.00994	0.00446	0.00733
20	0.00797	0.00569	0.00761	0.00911	0.00952	0.00533	0.00616	0.00916	0.01246	0.01660	0.03556	0.74263	0.04253	0.02015	0.00827	0.00264	0.00383	0.04351	0.00600	0.00527
21	0.04197	0.01704	0.09308	0.02263	0.11306	0.01523	0.31061	0.12314	0.01698	0.06901	0.01578	0.08445	0.01313	0.00754	0.00735	0.00214	0.02596	0.00758	0.00425	0.00906
22	0.06149	0.11468	0.02049	0.01492	0.01905	0.23109	0.03884	0.25977	0.06367	0.02586	0.01349	0.03604	0.01094	0.00763	0.00687	0.00189	0.05433	0.00544	0.00462	0.00889
23	0.00837	0.00613	0.00794	0.00918	0.00987	0.00584	0.00637	0.01037	0.04041	0.01747	0.06292	0.64024	0.07352	0.01921	0.00817	0.00258	0.00388	0.05594	0.00606	0.00552
