[name]
unknown

[dist]
# distance from previous block
# <min> <max>
75	147

[block]
# block no. 0 follows, 30 sequences, length 20
# corresponding to MSA columns:
# 211-230
name=unknown_A
#
# <colnr> <probs for GDERKNQSTAVLIFYWHMCP>
#	G	D	E	R	K	N	Q	S	T	A	V	L	I	F	Y	W	H	M	C	P
0	0.03695	0.11171	0.13224	0.01756	0.11109	0.03975	0.03698	0.11233	0.01782	0.02448	0.05462	0.04242	0.10174	0.00867	0.00656	0.00194	0.00721	0.00713	0.00460	0.12420
1	0.02043	0.21623	0.20682	0.01656	0.02329	0.07908	0.06042	0.17530	0.01979	0.07727	0.03256	0.01605	0.01186	0.00721	0.00630	0.00197	0.00874	0.00553	0.00453	0.01009
2	0.09548	0.21388	0.17396	0.01819	0.11316	0.09750	0.01548	0.04283	0.01588	0.02192	0.06511	0.01825	0.03751	0.00767	0.00665	0.00199	0.03597	0.00568	0.00384	0.00906
3	0.11964	0.13753	0.12049	0.01839	0.09438	0.08901	0.07145	0.09687	0.04037	0.05783	0.01419	0.01720	0.01141	0.04552	0.03495	0.00260	0.00884	0.00571	0.00426	0.00934
4	0.18202	0.23741	0.14293	0.01351	0.01938	0.05923	0.01326	0.11971	0.01755	0.06547	0.05862	0.01617	0.01333	0.00732	0.00568	0.00195	0.00748	0.00518	0.00451	0.00929
5	0.01189	0.04656	0.01134	0.00950	0.01163	0.05609	0.00718	0.04639	0.01795	0.02355	0.36091	0.04730	0.18359	0.09801	0.03551	0.00298	0.00529	0.01132	0.00637	0.00664
6	0.05678	0.04236	0.07563	0.04233	0.16380	0.08257	0.18666	0.02306	0.05498	0.05892	0.01419	0.01703	0.01104	0.00676	0.00757	0.00207	0.04469	0.00619	0.00401	0.09936
7	0.00907	0.00719	0.00893	0.06031	0.01283	0.00672	0.00721	0.01114	0.01542	0.01969	0.13250	0.28669	0.32068	0.01797	0.00846	0.00254	0.00426	0.05596	0.00638	0.00607
8	0.01402	0.08098	0.62737	0.01864	0.02809	0.01631	0.02361	0.02143	0.01503	0.02212	0.05846	0.01699	0.01263	0.00709	0.00660	0.00216	0.00966	0.00556	0.00326	0.00998
9	0.02611	0.01339	0.01731	0.01451	0.06410	0.01210	0.01100	0.12292	0.02036	0.42654	0.02182	0.02035	0.01461	0.00770	0.00661	0.00190	0.00618	0.00625	0.00710	0.17914
10	0.01015	0.00677	0.00761	0.00761	0.00761	0.00677	0.00423	0.01015	0.01015	0.01353	0.02199	0.04567	0.02537	0.75476	0.03552	0.00677	0.00677	0.01015	0.00423	0.00423
11	0.02542	0.09656	0.02124	0.01745	0.02125	0.66575	0.01335	0.02726	0.01929	0.01702	0.01069	0.01246	0.00899	0.00708	0.00613	0.00177	0.01214	0.00443	0.00354	0.00817
12	0.00902	0.00680	0.00840	0.00905	0.01042	0.00618	0.00664	0.01106	0.01582	0.02074	0.20003	0.32745	0.24076	0.01867	0.00864	0.00259	0.00397	0.08102	0.00675	0.00602
13	0.01850	0.28139	0.23655	0.01791	0.08865	0.10407	0.01679	0.02274	0.01595	0.07440	0.05161	0.01630	0.01298	0.00701	0.00599	0.00189	0.00866	0.00525	0.00380	0.00956
14	0.01610	0.14893	0.46799	0.01868	0.02716	0.06424	0.07087	0.02233	0.01514	0.04134	0.01273	0.01503	0.00954	0.00812	0.03088	0.00238	0.01027	0.00525	0.00324	0.00979
15	0.08195	0.12870	0.56903	0.01794	0.02717	0.01765	0.02242	0.02181	0.01442	0.02214	0.01191	0.01398	0.00875	0.00653	0.00615	0.00211	0.00952	0.00485	0.00307	0.00990
16	0.01485	0.01222	0.01419	0.09425	0.04186	0.05471	0.01074	0.16478	0.01963	0.02561	0.12543	0.21267	0.09023	0.01408	0.00795	0.00243	0.00619	0.07423	0.00610	0.00784
17	0.01591	0.02294	0.27640	0.05424	0.27686	0.01605	0.04149	0.05525	0.07440	0.02390	0.01669	0.01918	0.03534	0.00723	0.00685	0.00216	0.00858	0.00634	0.02987	0.01032
18	0.01984	0.02244	0.07913	0.03719	0.04279	0.21088	0.07203	0.11166	0.11940	0.02337	0.01461	0.01707	0.01165	0.00973	0.02967	0.00253	0.15627	0.00610	0.00438	0.00926
19	0.73773	0.01518	0.01107	0.00993	0.01418	0.07627	0.00806	0.02114	0.01255	0.03010	0.00981	0.01144	0.00768	0.00654	0.00449	0.00213	0.00601	0.00384	0.00426	0.00760

[dist]
# distance from previous block
# <min> <max>
0	2

[block]
# block no. 1 follows, 30 sequences, length 13
# corresponding to MSA columns:
# 233-245
name=unknown_B
#
# <colnr> <probs for GDERKNQSTAVLIFYWHMCP>
#	G	D	E	R	K	N	Q	S	T	A	V	L	I	F	Y	W	H	M	C	P
0	0.01485	0.01144	0.01444	0.04216	0.05307	0.04902	0.03449	0.03840	0.09910	0.08395	0.24981	0.03538	0.04784	0.01788	0.12476	0.00368	0.00784	0.03144	0.03234	0.00811
1	0.01070	0.00784	0.01000	0.01166	0.08550	0.00771	0.00648	0.01155	0.01194	0.01606	0.06861	0.08879	0.06883	0.53451	0.02731	0.00544	0.00635	0.01076	0.00464	0.00532
2	0.01866	0.75896	0.03657	0.01194	0.01791	0.02761	0.01194	0.02090	0.01418	0.01642	0.00970	0.01119	0.00896	0.00597	0.00448	0.00149	0.00746	0.00373	0.00299	0.00896
3	0.01699	0.01782	0.12941	0.10459	0.30170	0.01508	0.08287	0.02161	0.01583	0.09345	0.01703	0.02454	0.01427	0.00822	0.00786	0.00231	0.03357	0.07875	0.00420	0.00989
4	0.01862	0.36644	0.06974	0.01346	0.01846	0.08685	0.03647	0.07145	0.01658	0.06401	0.05820	0.04154	0.01581	0.04643	0.04596	0.00255	0.00840	0.00605	0.00423	0.00875
5	0.71761	0.09554	0.01315	0.00948	0.01398	0.01697	0.00804	0.02055	0.01213	0.02967	0.00971	0.01132	0.00771	0.00642	0.00434	0.00209	0.00563	0.00377	0.00417	0.00771
6	0.02439	0.11174	0.02116	0.01695	0.02068	0.61117	0.01306	0.02627	0.01870	0.01696	0.01109	0.01323	0.00944	0.00949	0.04487	0.00227	0.01235	0.00457	0.00354	0.00809
7	0.01262	0.00798	0.01164	0.01117	0.01287	0.00881	0.00867	0.01501	0.01224	0.10275	0.01996	0.02793	0.01785	0.08438	0.60103	0.00986	0.01648	0.00756	0.00437	0.00682
8	0.01112	0.00907	0.00995	0.00954	0.01203	0.00895	0.00727	0.03547	0.16162	0.02347	0.17719	0.10253	0.35252	0.01538	0.00806	0.00238	0.00416	0.03517	0.00685	0.00728
9	0.11227	0.02284	0.29415	0.14505	0.06600	0.01533	0.10557	0.02057	0.01450	0.02265	0.01238	0.01562	0.00930	0.00636	0.00644	0.00208	0.00895	0.00549	0.00340	0.11105
10	0.01880	0.01524	0.03815	0.02292	0.23274	0.01535	0.03394	0.10848	0.19925	0.10168	0.07428	0.04191	0.02012	0.03567	0.00820	0.00237	0.00683	0.00776	0.00584	0.01045
11	0.01675	0.03588	0.14523	0.06340	0.28916	0.05407	0.05783	0.04595	0.05984	0.04294	0.02000	0.02225	0.08069	0.00801	0.00742	0.00217	0.02737	0.00698	0.00415	0.00990
12	0.04300	0.10870	0.11948	0.02078	0.17072	0.09174	0.03957	0.09924	0.03388	0.05095	0.02193	0.02307	0.11105	0.00839	0.00665	0.00203	0.00797	0.00684	0.00453	0.02950

[dist]
# distance from previous block
# <min> <max>
2	12

[block]
# block no. 2 follows, 30 sequences, length 14
# corresponding to MSA columns:
# 258-271
name=unknown_C
#
# <colnr> <probs for GDERKNQSTAVLIFYWHMCP>
#	G	D	E	R	K	N	Q	S	T	A	V	L	I	F	Y	W	H	M	C	P
0	0.01836	0.31910	0.18780	0.06637	0.02587	0.09410	0.11546	0.02261	0.01552	0.05686	0.01226	0.01446	0.00965	0.00645	0.00602	0.00191	0.00932	0.00515	0.00344	0.00932
1	0.01718	0.11522	0.24623	0.02294	0.03043	0.10766	0.31698	0.02279	0.01608	0.02090	0.01268	0.01586	0.00965	0.00629	0.00704	0.00214	0.01090	0.00627	0.00329	0.00947
2	0.01722	0.53547	0.24743	0.01440	0.02171	0.02409	0.01622	0.02127	0.01435	0.01817	0.01057	0.01229	0.00892	0.00617	0.00514	0.00171	0.00834	0.00417	0.00297	0.00938
3	0.05269	0.02030	0.22616	0.07410	0.08314	0.01446	0.19793	0.02010	0.01496	0.04972	0.01718	0.06340	0.01514	0.06770	0.00963	0.00270	0.00918	0.04865	0.00397	0.00889
4	0.01212	0.00606	0.00909	0.00909	0.00909	0.00606	0.00606	0.00909	0.00909	0.01212	0.01212	0.02121	0.01212	0.02424	0.02727	0.79697	0.00606	0.00606	0.00303	0.00303
5	0.00902	0.00716	0.00839	0.00892	0.01077	0.00652	0.00692	0.01106	0.01519	0.01888	0.05521	0.15915	0.42759	0.02152	0.07008	0.00335	0.00547	0.14256	0.00623	0.00599
6	0.05262	0.32723	0.05121	0.03818	0.02236	0.25918	0.08864	0.02395	0.04275	0.01864	0.01146	0.01344	0.00958	0.00658	0.00575	0.00180	0.00965	0.00478	0.00347	0.00875
7	0.06198	0.47055	0.15930	0.01387	0.02034	0.07506	0.01435	0.04415	0.01546	0.05280	0.01139	0.01275	0.00935	0.00642	0.00521	0.00174	0.00819	0.00430	0.00350	0.00930
8	0.01206	0.00861	0.01054	0.00987	0.01155	0.00906	0.00730	0.06801	0.06252	0.02338	0.24131	0.03804	0.03447	0.17464	0.18484	0.00524	0.00818	0.00953	0.07413	0.00673
9	0.04457	0.04228	0.11060	0.02312	0.24732	0.10107	0.01542	0.06365	0.04388	0.02349	0.07826	0.02737	0.13149	0.00921	0.00697	0.00211	0.00761	0.00770	0.00463	0.00924
10	0.10051	0.39942	0.05373	0.01459	0.04591	0.13496	0.01265	0.07099	0.07075	0.02150	0.01211	0.01338	0.01009	0.00670	0.00531	0.00177	0.00806	0.00452	0.00385	0.00918
11	0.04264	0.09963	0.03937	0.01563	0.11990	0.01318	0.01096	0.02039	0.12163	0.04631	0.22274	0.03190	0.08709	0.00999	0.00687	0.00201	0.00547	0.00846	0.00570	0.09011
12	0.10244	0.04602	0.33649	0.02157	0.12819	0.06234	0.06597	0.06400	0.01639	0.04877	0.01487	0.01690	0.03175	0.00705	0.00654	0.00214	0.00911	0.00574	0.00382	0.00990
13	0.04400	0.10657	0.09539	0.05284	0.17509	0.01866	0.10992	0.12873	0.03731	0.05349	0.03358	0.01761	0.01239	0.00754	0.00823	0.00218	0.07588	0.00628	0.00434	0.00998

[dist]
# distance from previous block
# <min> <max>
10	21

[block]
# block no. 3 follows, 30 sequences, length 21
# corresponding to MSA columns:
# 293-313
name=unknown_D
#
# <colnr> <probs for GDERKNQSTAVLIFYWHMCP>
#	G	D	E	R	K	N	Q	S	T	A	V	L	I	F	Y	W	H	M	C	P
0	0.01625	0.01136	0.01686	0.05519	0.13735	0.01119	0.05304	0.05408	0.04991	0.14097	0.05947	0.21232	0.07453	0.03059	0.00851	0.00252	0.00623	0.04498	0.00602	0.00864
1	0.01932	0.01738	0.02328	0.08880	0.10363	0.10504	0.15149	0.14713	0.05072	0.07606	0.07259	0.05219	0.04294	0.00875	0.00737	0.00219	0.00849	0.00792	0.00522	0.00949
2	0.03511	0.04566	0.04457	0.16371	0.31283	0.04988	0.09680	0.07370	0.05079	0.02332	0.01373	0.01741	0.01089	0.00684	0.00726	0.00216	0.02531	0.00628	0.00384	0.00992
3	0.02183	0.11849	0.05646	0.05845	0.15621	0.23284	0.04259	0.10225	0.05155	0.07363	0.01416	0.01591	0.01099	0.00711	0.00648	0.00197	0.00939	0.00555	0.00436	0.00977
4	0.05606	0.01551	0.02198	0.26954	0.17702	0.01721	0.03154	0.22212	0.02036	0.05983	0.01512	0.01923	0.01157	0.00759	0.00694	0.00221	0.00824	0.02332	0.00476	0.00988
5	0.01394	0.01301	0.01919	0.45357	0.09056	0.04845	0.01645	0.01824	0.03365	0.01867	0.01428	0.02110	0.01178	0.01214	0.07628	0.02730	0.00965	0.02895	0.00352	0.06928
6	0.01422	0.01104	0.01580	0.08213	0.06993	0.01281	0.01194	0.01653	0.01422	0.08566	0.09665	0.14929	0.04534	0.06186	0.01421	0.00293	0.22190	0.06092	0.00512	0.00751
7	0.00967	0.00725	0.01037	0.01056	0.01174	0.00806	0.00799	0.01185	0.01178	0.01647	0.02517	0.11477	0.07492	0.07785	0.55698	0.00936	0.01528	0.00959	0.00429	0.00605
8	0.01332	0.01081	0.01353	0.09221	0.01896	0.01190	0.01153	0.02232	0.25568	0.02321	0.03297	0.08776	0.06286	0.01454	0.00835	0.00276	0.00616	0.29669	0.00630	0.00813
9	0.01084	0.00724	0.00899	0.00938	0.01083	0.00670	0.00664	0.01323	0.04168	0.07405	0.13645	0.40865	0.16793	0.05162	0.00967	0.00276	0.00417	0.01597	0.00674	0.00647
10	0.05650	0.24314	0.30168	0.01583	0.02218	0.04566	0.01733	0.02043	0.01443	0.02043	0.06513	0.01642	0.01330	0.00783	0.00827	0.00210	0.11153	0.00535	0.00344	0.00902
11	0.01535	0.26573	0.47742	0.01698	0.02562	0.01952	0.02073	0.02142	0.01472	0.02048	0.03475	0.01485	0.01077	0.00667	0.00600	0.00198	0.00917	0.00495	0.00312	0.00976
12	0.02643	0.01168	0.01506	0.01193	0.01668	0.01061	0.00972	0.07529	0.04800	0.51795	0.08749	0.02987	0.08710	0.00998	0.00724	0.00218	0.00559	0.00820	0.00817	0.01083
13	0.00863	0.00617	0.00821	0.00963	0.01015	0.00576	0.00649	0.01005	0.01397	0.01878	0.10235	0.68354	0.04803	0.02114	0.00884	0.00277	0.00398	0.01915	0.00659	0.00576
14	0.01277	0.01343	0.09241	0.01604	0.08088	0.02685	0.07650	0.05334	0.01638	0.02274	0.14996	0.15340	0.07863	0.01823	0.11378	0.00361	0.00821	0.01056	0.04451	0.00775
15	0.01343	0.01299	0.02266	0.47070	0.07433	0.01509	0.11172	0.01764	0.01421	0.01869	0.01650	0.08381	0.03375	0.00874	0.00837	0.00241	0.05554	0.00793	0.00357	0.00791
16	0.00859	0.00625	0.00793	0.00923	0.00985	0.00578	0.00616	0.00979	0.01344	0.01762	0.04123	0.61285	0.12673	0.07611	0.01081	0.00307	0.00419	0.01848	0.00631	0.00559
17	0.01266	0.01122	0.01936	0.02089	0.17562	0.01098	0.13705	0.01585	0.01488	0.02086	0.08830	0.21312	0.02776	0.05268	0.08695	0.00356	0.00814	0.03110	0.04126	0.00774
18	0.01023	0.00755	0.01048	0.01037	0.01118	0.00860	0.00758	0.01191	0.01086	0.01539	0.01935	0.03261	0.01959	0.26866	0.48579	0.00952	0.04254	0.00825	0.00386	0.00566
19	0.01003	0.00661	0.00762	0.00795	0.00815	0.00653	0.00473	0.01052	0.01113	0.01533	0.02534	0.18507	0.02896	0.55178	0.02788	0.00559	0.00596	0.01181	0.06432	0.00469
20	0.00918	0.00679	0.00867	0.00960	0.01080	0.00628	0.00710	0.01121	0.01545	0.02036	0.16418	0.38171	0.17203	0.01927	0.00879	0.00270	0.00423	0.12898	0.00669	0.00600

[dist]
# distance from previous block
# <min> <max>
0	1

[block]
# block no. 4 follows, 30 sequences, length 19
# corresponding to MSA columns:
# 315-333
name=unknown_E
#
# <colnr> <probs for GDERKNQSTAVLIFYWHMCP>
#	G	D	E	R	K	N	Q	S	T	A	V	L	I	F	Y	W	H	M	C	P
0	0.03321	0.18308	0.06188	0.03479	0.08716	0.05091	0.01211	0.07649	0.06609	0.02292	0.01454	0.01776	0.01223	0.05489	0.00759	0.00200	0.00699	0.00537	0.05365	0.19635
1	0.01663	0.08854	0.11551	0.09104	0.24664	0.06850	0.09056	0.04367	0.01612	0.02161	0.01671	0.01977	0.05633	0.00739	0.00718	0.00208	0.02904	0.00647	0.03004	0.02618
2	0.12255	0.22467	0.11335	0.01763	0.09199	0.15890	0.01459	0.07566	0.01666	0.02245	0.03004	0.01437	0.01077	0.00718	0.00675	0.00195	0.05273	0.00492	0.00378	0.00909
3	0.11289	0.14443	0.28443	0.02130	0.16835	0.03687	0.01834	0.02197	0.05199	0.02251	0.01386	0.04855	0.01156	0.00728	0.00617	0.00208	0.00833	0.00578	0.00364	0.00968
4	0.01853	0.06628	0.01765	0.01453	0.01856	0.10697	0.01141	0.03486	0.56843	0.02683	0.02496	0.02337	0.01894	0.00895	0.00683	0.00224	0.00654	0.00719	0.00639	0.01054
5	0.01115	0.00744	0.00915	0.00866	0.01075	0.00662	0.00651	0.01377	0.01811	0.08457	0.40348	0.10936	0.25350	0.01540	0.00818	0.00229	0.00366	0.01334	0.00731	0.00677
6	0.01112	0.00799	0.01204	0.01190	0.01359	0.00744	0.06908	0.01325	0.01485	0.06417	0.06001	0.46854	0.08878	0.01863	0.00876	0.00274	0.00515	0.10900	0.00638	0.00656
7	0.01715	0.19501	0.22661	0.01894	0.04084	0.09846	0.12768	0.02355	0.08930	0.02064	0.01380	0.01616	0.01093	0.00872	0.03557	0.00242	0.03546	0.00571	0.00362	0.00944
8	0.02311	0.01445	0.01657	0.01362	0.01820	0.01528	0.01094	0.19091	0.27258	0.23999	0.08604	0.02544	0.02179	0.00938	0.00715	0.00222	0.00597	0.00766	0.00759	0.01110
9	0.00870	0.00626	0.00812	0.00953	0.01008	0.00584	0.00644	0.00994	0.01342	0.01772	0.03943	0.63508	0.08745	0.06883	0.01061	0.00307	0.00428	0.04326	0.00633	0.00562
10	0.29081	0.01430	0.01434	0.01175	0.01633	0.03762	0.00957	0.17873	0.01988	0.21366	0.05876	0.02229	0.06628	0.00877	0.00622	0.00215	0.00605	0.00654	0.00640	0.00954
11	0.01489	0.03573	0.06707	0.34014	0.12167	0.05360	0.07027	0.05499	0.01580	0.02049	0.01769	0.10221	0.03805	0.00889	0.00720	0.00228	0.00868	0.00798	0.00391	0.00845
12	0.00894	0.00636	0.00845	0.00980	0.01029	0.00612	0.00670	0.01024	0.01308	0.01748	0.03547	0.59088	0.04189	0.09744	0.05631	0.00378	0.00539	0.05971	0.00608	0.00561
13	0.02453	0.02979	0.02191	0.01890	0.02272	0.56562	0.07471	0.07439	0.01983	0.01949	0.01142	0.01363	0.00935	0.00748	0.00759	0.00195	0.05937	0.00507	0.00380	0.00845
14	0.01816	0.01770	0.02773	0.03539	0.48442	0.06260	0.10284	0.07993	0.01790	0.02450	0.05009	0.01896	0.01383	0.00685	0.00711	0.00210	0.00869	0.00670	0.00401	0.01049
15	0.01123	0.04247	0.03500	0.05683	0.04692	0.00905	0.03258	0.01348	0.01421	0.04288	0.05047	0.36992	0.09575	0.05852	0.04543	0.00324	0.00620	0.05349	0.00561	0.00672
16	0.01358	0.01282	0.02166	0.66930	0.11359	0.01561	0.01958	0.01818	0.01414	0.01832	0.01247	0.01847	0.00948	0.00690	0.00697	0.00230	0.00920	0.00620	0.00314	0.00808
17	0.01904	0.02047	0.08112	0.05260	0.31022	0.14942	0.07496	0.02429	0.06933	0.06662	0.01609	0.02078	0.01315	0.00754	0.00706	0.00215	0.00913	0.04181	0.00421	0.00999
18	0.01655	0.01543	0.02205	0.10701	0.20658	0.05411	0.09573	0.08158	0.10427	0.02372	0.02142	0.02627	0.06946	0.04287	0.00896	0.00245	0.02798	0.03234	0.03197	0.00923

[dist]
# distance from previous block
# <min> <max>
0	26

[block]
# block no. 5 follows, 30 sequences, length 47
# corresponding to MSA columns:
# 360-406
name=unknown_F
#
# <colnr> <probs for GDERKNQSTAVLIFYWHMCP>
#	G	D	E	R	K	N	Q	S	T	A	V	L	I	F	Y	W	H	M	C	P
0	0.06021	0.01373	0.05299	0.15426	0.03976	0.01425	0.01268	0.12154	0.03600	0.04883	0.06343	0.04629	0.07780	0.00982	0.00882	0.00224	0.10129	0.00759	0.08973	0.03874
1	0.01290	0.01282	0.07351	0.04476	0.08566	0.03362	0.01090	0.03642	0.06802	0.02159	0.11973	0.17566	0.05251	0.12279	0.01208	0.00295	0.02730	0.01060	0.02699	0.04918
2	0.01588	0.01920	0.14009	0.10105	0.32421	0.01607	0.15842	0.04356	0.01612	0.02253	0.01607	0.04586	0.03418	0.00731	0.00726	0.00222	0.00911	0.00724	0.00368	0.00993
3	0.04479	0.00856	0.01160	0.01114	0.01260	0.00987	0.00858	0.01481	0.03535	0.04853	0.01898	0.02763	0.01749	0.11674	0.48878	0.00870	0.06114	0.00747	0.04066	0.00659
4	0.00970	0.00774	0.00877	0.00847	0.01060	0.00715	0.00636	0.01360	0.07583	0.02341	0.32450	0.08266	0.36428	0.01574	0.00817	0.00231	0.00363	0.01347	0.00702	0.00661
5	0.01417	0.04120	0.01285	0.01133	0.04045	0.01045	0.00840	0.09812	0.06609	0.07919	0.23912	0.08460	0.23949	0.01357	0.00774	0.00224	0.00467	0.01151	0.00684	0.00796
6	0.02266	0.02747	0.01967	0.01766	0.02036	0.51080	0.01362	0.02512	0.04408	0.01746	0.01140	0.01427	0.00982	0.01008	0.03650	0.00245	0.17982	0.00511	0.00361	0.00803
7	0.27212	0.01417	0.01525	0.01218	0.01711	0.01476	0.01002	0.20012	0.02078	0.29220	0.05110	0.01935	0.01509	0.00815	0.00622	0.00214	0.00610	0.00607	0.00680	0.01027
8	0.00832	0.00707	0.00717	0.00715	0.00947	0.00592	0.00536	0.01016	0.01608	0.01927	0.10017	0.06646	0.67865	0.01752	0.00825	0.00235	0.00352	0.01463	0.00654	0.00592
9	0.02073	0.08347	0.16166	0.02142	0.07889	0.34983	0.11690	0.02521	0.04099	0.01967	0.01233	0.01467	0.00978	0.00680	0.00659	0.00198	0.01106	0.00538	0.00352	0.00912
10	0.01019	0.00775	0.01034	0.06105	0.03736	0.00795	0.00801	0.01248	0.03862	0.01753	0.03193	0.29501	0.08864	0.19688	0.09336	0.00459	0.00699	0.06000	0.00532	0.00599
11	0.00864	0.00663	0.00780	0.00844	0.00974	0.00592	0.00590	0.01025	0.01494	0.01917	0.12701	0.35936	0.31279	0.05802	0.00997	0.00278	0.00390	0.01645	0.00650	0.00579
12	0.04592	0.01473	0.01568	0.01370	0.01772	0.01651	0.01084	0.17025	0.42226	0.04969	0.02862	0.05667	0.06350	0.01045	0.00721	0.00234	0.00583	0.03074	0.00693	0.01042
13	0.01718	0.44990	0.22234	0.01447	0.02135	0.02295	0.01564	0.02360	0.11455	0.01986	0.01322	0.01435	0.01073	0.00666	0.00546	0.00182	0.00797	0.00473	0.00358	0.00964
14	0.00946	0.00688	0.00878	0.00990	0.01079	0.00654	0.00692	0.04018	0.01479	0.01959	0.06566	0.60591	0.09681	0.02052	0.00878	0.00276	0.00425	0.04888	0.00654	0.00603
15	0.01102	0.00789	0.00931	0.00902	0.01119	0.00729	0.00682	0.01467	0.06679	0.06527	0.27801	0.13156	0.29772	0.01588	0.00821	0.00238	0.00391	0.03914	0.00707	0.00686
16	0.04929	0.16973	0.21972	0.01703	0.02347	0.19725	0.04785	0.10863	0.04398	0.04201	0.01306	0.01450	0.01002	0.00699	0.00619	0.00196	0.00959	0.00511	0.00402	0.00962
17	0.01153	0.00868	0.01063	0.00980	0.01241	0.00798	0.03858	0.03298	0.06340	0.06915	0.10450	0.17037	0.40139	0.01611	0.00816	0.00240	0.00441	0.01388	0.00664	0.00701
18	0.00856	0.00625	0.00806	0.00935	0.01006	0.00575	0.00635	0.00997	0.01406	0.01858	0.08440	0.62745	0.12370	0.02090	0.00879	0.00274	0.00394	0.01879	0.00655	0.00575
19	0.06432	0.03142	0.54649	0.02100	0.03033	0.01644	0.14878	0.02205	0.01488	0.02273	0.01265	0.01529	0.00909	0.00648	0.00679	0.00223	0.01028	0.00565	0.00314	0.00997
20	0.01807	0.01930	0.03118	0.13402	0.18972	0.11000	0.30533	0.06465	0.01744	0.02248	0.01337	0.01749	0.01038	0.00645	0.00741	0.00220	0.01045	0.00686	0.00368	0.00953
21	0.01727	0.01658	0.02832	0.04283	0.71123	0.01658	0.02142	0.02142	0.01589	0.02280	0.01313	0.01727	0.01105	0.00622	0.00691	0.00207	0.00829	0.00622	0.00345	0.01105
22	0.69538	0.06083	0.04365	0.01004	0.01477	0.01661	0.00882	0.04207	0.01282	0.03039	0.01007	0.01165	0.00784	0.00651	0.00452	0.00212	0.00582	0.00392	0.00426	0.00790
23	0.00928	0.00700	0.00805	0.00809	0.00951	0.00644	0.00572	0.01095	0.01489	0.01927	0.18385	0.09606	0.30904	0.21107	0.04005	0.00384	0.00500	0.04023	0.00604	0.00562
24	0.01953	0.17948	0.19764	0.04158	0.06974	0.06391	0.06292	0.14877	0.04568	0.06158	0.01418	0.01572	0.01071	0.00696	0.00635	0.00198	0.00871	0.00552	0.00434	0.03470
25	0.07052	0.38449	0.07692	0.01452	0.01990	0.25441	0.01322	0.05846	0.01689	0.01943	0.01063	0.01220	0.00902	0.00658	0.00535	0.00172	0.00922	0.00422	0.00348	0.00883
26	0.06548	0.00795	0.00945	0.00870	0.01098	0.00733	0.00663	0.01407	0.01832	0.05221	0.49302	0.04941	0.17192	0.01376	0.00780	0.00217	0.00365	0.01184	0.00713	0.03816
27	0.01134	0.00959	0.01294	0.01248	0.01413	0.05433	0.03585	0.01398	0.01234	0.01686	0.01942	0.03011	0.01840	0.04511	0.59789	0.00965	0.01709	0.05808	0.00393	0.00649
28	0.01677	0.07053	0.34543	0.02071	0.02850	0.04176	0.19685	0.08651	0.01717	0.04407	0.01503	0.05744	0.01196	0.00750	0.00709	0.00221	0.00987	0.00686	0.00388	0.00985
29	0.00916	0.00636	0.00854	0.00978	0.01032	0.00621	0.00674	0.01040	0.01291	0.01751	0.03373	0.54947	0.03933	0.06874	0.08912	0.03709	0.00597	0.04556	0.02747	0.00559
30	0.01931	0.15580	0.02350	0.01962	0.13047	0.12321	0.04016	0.06419	0.30101	0.02455	0.01874	0.01914	0.01465	0.00777	0.00651	0.00206	0.00772	0.00628	0.00509	0.01021
31	0.04273	0.01308	0.02167	0.60485	0.14838	0.01567	0.01926	0.01848	0.01417	0.01908	0.01242	0.01813	0.00951	0.00684	0.00687	0.00228	0.00900	0.00612	0.00320	0.00825
32	0.05462	0.04186	0.09189	0.05194	0.08769	0.01430	0.04294	0.13466	0.04698	0.10898	0.04241	0.09893	0.03895	0.00925	0.00686	0.00209	0.00690	0.00785	0.00542	0.10548
33	0.07821	0.13361	0.07353	0.10785	0.25807	0.08860	0.07813	0.02191	0.01545	0.04351	0.01243	0.01569	0.01002	0.00662	0.00682	0.00206	0.02882	0.00561	0.00355	0.00953
34	0.01010	0.00713	0.00858	0.00852	0.01037	0.00632	0.00627	0.01235	0.01696	0.05872	0.28959	0.20415	0.30159	0.01686	0.00832	0.00239	0.00368	0.01465	0.00702	0.00641
35	0.01619	0.04319	0.20727	0.07492	0.07411	0.01464	0.08889	0.07942	0.01736	0.08437	0.10019	0.07537	0.04358	0.00946	0.00793	0.00227	0.03854	0.00817	0.00485	0.00926
36	0.03986	0.10010	0.19051	0.06625	0.12355	0.07660	0.01714	0.12847	0.08043	0.06592	0.01580	0.01848	0.01221	0.00759	0.00659	0.00211	0.00850	0.02518	0.00457	0.01014
37	0.01376	0.00800	0.01040	0.01056	0.01223	0.00753	0.00758	0.05692	0.01603	0.14421	0.06305	0.54553	0.03967	0.01834	0.00842	0.00264	0.00458	0.01640	0.00694	0.00720
38	0.00960	0.00723	0.00829	0.00824	0.01023	0.00657	0.00612	0.01145	0.01500	0.04530	0.08531	0.10872	0.45714	0.06188	0.12319	0.00401	0.00622	0.01333	0.00607	0.00610
39	0.01498	0.09282	0.32595	0.08224	0.20874	0.03349	0.02049	0.02042	0.01518	0.02114	0.03229	0.04234	0.04494	0.00769	0.00671	0.00213	0.00880	0.00647	0.00350	0.00968
40	0.01446	0.10828	0.65049	0.01910	0.02898	0.01735	0.02440	0.02198	0.01468	0.02153	0.01224	0.01438	0.00885	0.00656	0.00641	0.00214	0.01003	0.00501	0.00295	0.01018
41	0.01400	0.03610	0.71860	0.01989	0.03020	0.01621	0.02578	0.02210	0.01473	0.02210	0.01252	0.01473	0.00884	0.00663	0.00663	0.00221	0.01031	0.00516	0.00295	0.01031
42	0.07465	0.01625	0.01628	0.03984	0.01860	0.07102	0.01088	0.32949	0.07573	0.03224	0.02160	0.07469	0.05530	0.04363	0.00807	0.00231	0.00689	0.00765	0.05040	0.04447
43	0.00971	0.00720	0.00875	0.00950	0.01055	0.00692	0.00653	0.03479	0.04479	0.01944	0.07181	0.49247	0.13857	0.09105	0.01122	0.00307	0.00439	0.01682	0.00636	0.00606
44	0.14580	0.19468	0.02067	0.01317	0.01782	0.07668	0.01122	0.15054	0.11767	0.05357	0.01762	0.02254	0.01487	0.00865	0.00615	0.00206	0.00706	0.07745	0.00524	0.03655
45	0.15895	0.28750	0.08939	0.01720	0.09807	0.07099	0.04522	0.04469	0.05157	0.05890	0.01279	0.01431	0.01020	0.00663	0.00558	0.00190	0.00784	0.00489	0.00398	0.00939
46	0.01992	0.14340	0.11946	0.01826	0.07469	0.05911	0.06410	0.18822	0.06059	0.06015	0.03393	0.01782	0.01305	0.02333	0.00789	0.00214	0.04273	0.00604	0.00481	0.04036

[dist]
# distance from previous block
# <min> <max>
0	5

[block]
# block no. 6 follows, 30 sequences, length 19
# corresponding to MSA columns:
# 412-430
name=unknown_G
#
# <colnr> <probs for GDERKNQSTAVLIFYWHMCP>
#	G	D	E	R	K	N	Q	S	T	A	V	L	I	F	Y	W	H	M	C	P
0	0.01472	0.01476	0.08260	0.08425	0.13240	0.01260	0.06178	0.04262	0.07033	0.04206	0.13243	0.06614	0.04203	0.00902	0.00703	0.00202	0.00671	0.00808	0.00501	0.16340
1	0.01314	0.05867	0.01319	0.01177	0.05428	0.03598	0.00852	0.04123	0.07198	0.05480	0.10753	0.06677	0.31894	0.01658	0.06555	0.00291	0.00610	0.01091	0.00596	0.03519
2	0.01978	0.51389	0.03058	0.01357	0.01845	0.18782	0.01226	0.02192	0.01551	0.01710	0.04078	0.01357	0.01149	0.00699	0.00616	0.00169	0.05210	0.00444	0.00334	0.00857
3	0.02125	0.34044	0.02633	0.01435	0.01912	0.27818	0.01217	0.07142	0.01738	0.01911	0.01116	0.01345	0.00976	0.02783	0.00675	0.00180	0.02912	0.00447	0.00363	0.07228
4	0.01099	0.00897	0.01353	0.04514	0.01536	0.00987	0.05224	0.01367	0.01287	0.01827	0.07619	0.03122	0.07581	0.06949	0.40661	0.00741	0.06003	0.00835	0.02978	0.03420
5	0.01745	0.01981	0.12966	0.09988	0.39332	0.05034	0.08732	0.02214	0.01587	0.05888	0.01363	0.01725	0.01070	0.00664	0.00738	0.00216	0.02744	0.00622	0.00363	0.01029
6	0.02084	0.10515	0.02044	0.01482	0.01950	0.08263	0.04749	0.15092	0.28626	0.09930	0.02410	0.02317	0.05681	0.00885	0.00681	0.00214	0.00705	0.00713	0.00620	0.01037
7	0.04387	0.01544	0.02605	0.09486	0.55953	0.01570	0.04197	0.02027	0.01543	0.02232	0.01483	0.07064	0.01333	0.00742	0.00701	0.00216	0.00808	0.00719	0.00368	0.01022
8	0.01175	0.03716	0.01372	0.05483	0.01607	0.06766	0.06243	0.01493	0.05197	0.01946	0.06485	0.26951	0.23509	0.01565	0.00807	0.00245	0.00577	0.03602	0.00576	0.00682
9	0.01212	0.00606	0.00909	0.00909	0.00909	0.00606	0.00606	0.00909	0.00909	0.01212	0.01212	0.02121	0.01212	0.02424	0.02727	0.79697	0.00606	0.00606	0.00303	0.00303
10	0.06166	0.07276	0.02355	0.01718	0.02193	0.09980	0.13849	0.25642	0.02194	0.05518	0.04515	0.01832	0.01365	0.00802	0.00785	0.00211	0.06000	0.00644	0.05992	0.00964
11	0.01013	0.00682	0.00790	0.00790	0.00800	0.00692	0.00459	0.01033	0.01023	0.01375	0.02172	0.04419	0.02473	0.69810	0.09130	0.00712	0.00773	0.00993	0.00419	0.00439
12	0.01728	0.01633	0.02736	0.10399	0.62391	0.01669	0.02090	0.04810	0.01640	0.02321	0.01321	0.01737	0.01093	0.00637	0.00692	0.00210	0.00836	0.00622	0.00357	0.01079
13	0.01212	0.00606	0.00909	0.00909	0.00909	0.00606	0.00606	0.00909	0.00909	0.01212	0.01212	0.02121	0.01212	0.02424	0.02727	0.79697	0.00606	0.00606	0.00303	0.00303
14	0.01100	0.00849	0.01125	0.01098	0.01266	0.00821	0.04734	0.07469	0.01567	0.02047	0.03887	0.38722	0.15847	0.10119	0.01161	0.00312	0.00523	0.06101	0.00609	0.00641
15	0.10062	0.05730	0.03455	0.07106	0.14164	0.24085	0.01470	0.12702	0.03467	0.05458	0.01315	0.01525	0.01032	0.00743	0.00721	0.00205	0.04844	0.00537	0.00436	0.00940
16	0.04981	0.23895	0.02805	0.02640	0.32295	0.10808	0.01612	0.05832	0.01681	0.05486	0.01257	0.01494	0.01038	0.00651	0.00602	0.00187	0.00832	0.00521	0.00380	0.01001
17	0.01402	0.07115	0.01462	0.01226	0.03942	0.03290	0.00906	0.04234	0.05972	0.04334	0.02482	0.27022	0.02608	0.04523	0.00837	0.00231	0.00562	0.05665	0.00540	0.21647
18	0.02115	0.20216	0.05652	0.01908	0.10246	0.08768	0.06220	0.17043	0.06371	0.07959	0.01554	0.01793	0.01228	0.00769	0.00700	0.00203	0.03353	0.02410	0.00482	0.01010

[dist]
# distance from previous block
# <min> <max>
0	3

[block]
# block no. 7 follows, 30 sequences, length 21
# corresponding to MSA columns:
# 434-454
name=unknown_H
#
# <colnr> <probs for GDERKNQSTAVLIFYWHMCP>
#	G	D	E	R	K	N	Q	S	T	A	V	L	I	F	Y	W	H	M	C	P
0	0.01419	0.03724	0.01304	0.01136	0.03317	0.01078	0.00857	0.13548	0.04216	0.05772	0.28162	0.08164	0.17310	0.01563	0.05023	0.00275	0.00556	0.01110	0.00675	0.00791
1	0.01702	0.04795	0.01963	0.01731	0.04195	0.14542	0.01368	0.04797	0.03916	0.01907	0.01504	0.04626	0.01465	0.01409	0.05887	0.00317	0.35251	0.07433	0.00398	0.00792
2	0.37939	0.04621	0.21695	0.04444	0.04492	0.01665	0.01449	0.04744	0.08474	0.02754	0.01295	0.01454	0.00975	0.00690	0.00558	0.00217	0.00724	0.00488	0.00418	0.00905
3	0.01595	0.03539	0.03492	0.01313	0.01680	0.01208	0.06512	0.13553	0.01747	0.07686	0.05730	0.10187	0.02072	0.06602	0.17049	0.00438	0.00927	0.00844	0.03251	0.10574
4	0.01078	0.00805	0.01064	0.01047	0.01164	0.00904	0.00765	0.01433	0.08193	0.01676	0.02066	0.03259	0.02015	0.25260	0.45117	0.00900	0.01386	0.00830	0.00423	0.00614
5	0.02012	0.01624	0.01737	0.01442	0.01915	0.01796	0.01150	0.25247	0.40553	0.03346	0.02286	0.02174	0.01702	0.00866	0.00686	0.00214	0.00621	0.00696	0.00675	0.09258
6	0.02259	0.02613	0.01729	0.01581	0.01907	0.49915	0.01188	0.06592	0.07029	0.02041	0.01628	0.09113	0.01463	0.00902	0.00655	0.00195	0.01014	0.00660	0.06699	0.00816
7	0.00997	0.00750	0.01091	0.01107	0.01244	0.00844	0.00873	0.01248	0.01207	0.01688	0.02447	0.03569	0.07149	0.04633	0.59918	0.00973	0.01629	0.07588	0.00422	0.00623
8	0.01463	0.03199	0.56548	0.02341	0.10133	0.01642	0.10503	0.02206	0.01506	0.02220	0.01278	0.01549	0.00928	0.00650	0.00685	0.00221	0.01028	0.00564	0.00307	0.01028
9	0.01124	0.00803	0.01124	0.01285	0.01446	0.00803	0.01124	0.01446	0.01606	0.02088	0.03695	0.07871	0.04016	0.01928	0.00964	0.00321	0.00643	0.66426	0.00643	0.00643
10	0.01928	0.02101	0.03523	0.02588	0.03223	0.12043	0.49387	0.11725	0.01926	0.02465	0.01401	0.01763	0.01054	0.00642	0.00778	0.00224	0.01131	0.00742	0.00403	0.00957
11	0.01438	0.01221	0.01458	0.04808	0.01681	0.06583	0.01077	0.11231	0.04551	0.02095	0.01733	0.02350	0.01525	0.03596	0.45752	0.00785	0.06238	0.00695	0.00427	0.00756
12	0.01212	0.00606	0.00909	0.00909	0.00909	0.00606	0.00606	0.00909	0.00909	0.01212	0.01212	0.02121	0.01212	0.02424	0.02727	0.79697	0.00606	0.00606	0.00303	0.00303
13	0.01769	0.01801	0.02927	0.06115	0.54317	0.06983	0.11470	0.02192	0.01620	0.02215	0.01307	0.01718	0.01078	0.00627	0.00705	0.00210	0.00913	0.00637	0.00346	0.01049
14	0.01788	0.06647	0.19996	0.02478	0.20285	0.11230	0.08486	0.08959	0.01789	0.02360	0.03957	0.03714	0.01399	0.00775	0.00695	0.00213	0.00926	0.02922	0.00402	0.00981
15	0.05376	0.01922	0.01814	0.01638	0.05015	0.13514	0.01235	0.20705	0.35142	0.03093	0.02096	0.02036	0.01575	0.00854	0.00681	0.00218	0.00737	0.00666	0.00622	0.01063
16	0.01088	0.00787	0.01159	0.01135	0.01264	0.00914	0.00881	0.01324	0.01144	0.03957	0.01879	0.02764	0.01748	0.07965	0.64808	0.01043	0.04357	0.00753	0.00390	0.00638
17	0.01015	0.00677	0.00761	0.00761	0.00761	0.00677	0.00423	0.01015	0.01015	0.01353	0.02199	0.04567	0.02537	0.75476	0.03552	0.00677	0.00677	0.01015	0.00423	0.00423
18	0.01885	0.02295	0.08788	0.08206	0.24275	0.21303	0.14977	0.02293	0.01656	0.02038	0.01236	0.01606	0.00997	0.00683	0.00782	0.00213	0.04880	0.00604	0.00342	0.00942
19	0.18902	0.26466	0.02342	0.01398	0.01849	0.25297	0.01179	0.07724	0.01686	0.02207	0.01061	0.01234	0.00892	0.00699	0.00617	0.00186	0.04593	0.00432	0.00380	0.00854
20	0.02153	0.05379	0.12444	0.04903	0.15221	0.28684	0.05175	0.13438	0.01990	0.02360	0.01265	0.01495	0.00992	0.00701	0.00663	0.00199	0.01029	0.00543	0.00399	0.00968

[dist]
# distance from previous block
# <min> <max>
0	1

[block]
# block no. 8 follows, 30 sequences, length 8
# corresponding to MSA columns:
# 456-463
name=unknown_I
#
# <colnr> <probs for GDERKNQSTAVLIFYWHMCP>
#	G	D	E	R	K	N	Q	S	T	A	V	L	I	F	Y	W	H	M	C	P
0	0.01159	0.00751	0.00988	0.00907	0.01102	0.00688	0.00688	0.01483	0.01977	0.08294	0.65323	0.04986	0.06196	0.01382	0.00813	0.00219	0.00350	0.01217	0.00776	0.00701
1	0.01183	0.00756	0.00899	0.00867	0.01093	0.00660	0.00648	0.01393	0.01677	0.11727	0.18906	0.18833	0.35451	0.01652	0.00820	0.00239	0.00392	0.01420	0.00703	0.00682
2	0.01106	0.00743	0.00950	0.00881	0.01078	0.00674	0.00667	0.01414	0.01932	0.07104	0.58974	0.05206	0.13760	0.01430	0.00815	0.00221	0.00349	0.01251	0.00760	0.00684
3	0.01636	0.01565	0.02667	0.19794	0.56325	0.01634	0.02096	0.02062	0.01546	0.02169	0.01296	0.01757	0.01066	0.00639	0.00692	0.00213	0.00852	0.00621	0.00338	0.01032
4	0.01163	0.01006	0.01189	0.06765	0.01463	0.06152	0.00877	0.01326	0.01229	0.01610	0.02351	0.12840	0.06442	0.22729	0.22319	0.00619	0.07909	0.00986	0.00428	0.00597
5	0.04698	0.01343	0.01748	0.12035	0.09231	0.07701	0.04640	0.01842	0.01519	0.06538	0.11585	0.07718	0.02230	0.04452	0.04005	0.00287	0.11443	0.00825	0.05378	0.00784
6	0.01904	0.30428	0.12256	0.01555	0.04845	0.07211	0.03507	0.14960	0.01818	0.02346	0.01318	0.01618	0.01105	0.05328	0.00758	0.00210	0.00815	0.00524	0.03357	0.04135
7	0.01642	0.46538	0.24751	0.01436	0.02126	0.02235	0.01598	0.02051	0.01409	0.01817	0.01139	0.01376	0.00968	0.01035	0.07014	0.00259	0.00936	0.00451	0.00304	0.00913

[dist]
# distance from previous block
# <min> <max>
0	1

[block]
# block no. 9 follows, 30 sequences, length 16
# corresponding to MSA columns:
# 465-480
name=unknown_J
#
# <colnr> <probs for GDERKNQSTAVLIFYWHMCP>
#	G	D	E	R	K	N	Q	S	T	A	V	L	I	F	Y	W	H	M	C	P
0	0.03783	0.07200	0.07533	0.06115	0.06061	0.05419	0.03214	0.10814	0.07648	0.06064	0.01739	0.08722	0.01491	0.00826	0.00644	0.00190	0.00709	0.00683	0.00489	0.20656
1	0.01850	0.65710	0.10393	0.01298	0.01929	0.05512	0.01338	0.02130	0.01446	0.01701	0.01003	0.01160	0.00895	0.00609	0.00477	0.00158	0.00796	0.00390	0.00301	0.00906
2	0.05055	0.04405	0.24806	0.09304	0.14482	0.01593	0.08847	0.08655	0.01699	0.02435	0.05868	0.04852	0.03346	0.00803	0.00698	0.00220	0.00859	0.00707	0.00410	0.00955
3	0.01671	0.18258	0.13274	0.01369	0.03881	0.01554	0.01268	0.06786	0.04516	0.06885	0.03970	0.04966	0.05334	0.00822	0.00615	0.00179	0.00668	0.02233	0.00468	0.21284
4	0.01876	0.17994	0.19446	0.09686	0.10032	0.11344	0.04922	0.09310	0.03436	0.03789	0.01300	0.01528	0.01007	0.00682	0.00633	0.00200	0.00926	0.00537	0.00380	0.00971
5	0.02244	0.02622	0.01855	0.01747	0.04321	0.48990	0.01295	0.07508	0.01899	0.01941	0.01419	0.04971	0.01288	0.01304	0.07922	0.00292	0.04274	0.02892	0.00407	0.00811
6	0.01212	0.00606	0.00909	0.00909	0.00909	0.00606	0.00606	0.00909	0.00909	0.01212	0.01212	0.02121	0.01212	0.02424	0.02727	0.79697	0.00606	0.00606	0.00303	0.00303
7	0.00917	0.00685	0.00862	0.00901	0.01034	0.00640	0.00655	0.01129	0.01570	0.02101	0.25006	0.26787	0.19561	0.04843	0.07163	0.00342	0.00516	0.04034	0.00653	0.00603
8	0.01497	0.12564	0.02187	0.01611	0.01704	0.02030	0.01348	0.01650	0.01139	0.01663	0.01219	0.07258	0.01286	0.05316	0.01977	0.00301	0.53460	0.00703	0.00337	0.00749
9	0.00881	0.00704	0.00788	0.00778	0.00980	0.00611	0.00579	0.01106	0.01706	0.02186	0.28260	0.09757	0.45853	0.01675	0.00828	0.00233	0.00348	0.01429	0.00688	0.00611
10	0.06545	0.24608	0.02456	0.01570	0.06481	0.07867	0.01253	0.30226	0.02255	0.02976	0.01552	0.01648	0.03432	0.00760	0.00597	0.00188	0.00763	0.00551	0.03272	0.00998
11	0.01591	0.01089	0.00973	0.00897	0.01130	0.08040	0.00687	0.08915	0.04461	0.02715	0.02116	0.02370	0.01650	0.00812	0.00533	0.00172	0.00474	0.00634	0.60001	0.00741
12	0.01068	0.00791	0.00959	0.00961	0.01125	0.00758	0.00699	0.07850	0.01771	0.02374	0.24857	0.34627	0.16026	0.01746	0.00839	0.00248	0.00409	0.01539	0.00690	0.00661
13	0.01735	0.04764	0.07368	0.03168	0.03474	0.12393	0.03002	0.07511	0.24283	0.02372	0.02403	0.02558	0.08424	0.04433	0.03954	0.00282	0.05694	0.00745	0.00520	0.00916
14	0.01015	0.00677	0.00761	0.00761	0.00761	0.00677	0.00423	0.01015	0.01015	0.01353	0.02199	0.04567	0.02537	0.75476	0.03552	0.00677	0.00677	0.01015	0.00423	0.00423
15	0.01266	0.08357	0.01414	0.01273	0.01502	0.01071	0.01119	0.04205	0.03575	0.02151	0.03431	0.06768	0.05744	0.01719	0.00890	0.00295	0.00646	0.53260	0.00613	0.00700

[dist]
# distance from previous block
# <min> <max>
0	4

# created by:
# /home/berkeley/.conda/envs/busco_data_prod/bin/msa2prfl.pl pipeline/OGs_align_augustus/4893/38284.fs
