[name]
unknown

[dist]
# distance from previous block
# <min> <max>
29	99

[block]
# block no. 0 follows, 34 sequences, length 14
# corresponding to MSA columns:
# 123-136
name=unknown_A
#
# <colnr> <probs for GDERKNQSTAVLIFYWHMCP>
#	G	D	E	R	K	N	Q	S	T	A	V	L	I	F	Y	W	H	M	C	P
0	0.01886	0.01452	0.01705	0.01347	0.01818	0.04749	0.05848	0.24259	0.07767	0.09509	0.01811	0.04800	0.01490	0.00814	0.00635	0.00182	0.00643	0.06264	0.00549	0.22474
1	0.04412	0.01728	0.08575	0.06609	0.04892	0.05951	0.01279	0.25897	0.06902	0.07819	0.03902	0.01689	0.01259	0.00732	0.00677	0.00187	0.04018	0.00560	0.00507	0.12405
2	0.08825	0.04899	0.02049	0.12932	0.10304	0.05374	0.12581	0.05675	0.04729	0.10407	0.03779	0.02100	0.07159	0.00739	0.00632	0.00195	0.00722	0.00652	0.00447	0.05798
3	0.01156	0.00936	0.07101	0.04073	0.07165	0.00784	0.00867	0.01127	0.00998	0.01376	0.01296	0.02219	0.01278	0.13735	0.04126	0.46109	0.00661	0.00611	0.00307	0.04074
4	0.06996	0.10966	0.02053	0.01794	0.15173	0.10180	0.04311	0.14581	0.04251	0.03990	0.01317	0.01605	0.01087	0.05366	0.00736	0.00197	0.00723	0.00523	0.00419	0.13733
5	0.00914	0.00624	0.00704	0.00714	0.00735	0.00613	0.00414	0.00936	0.01005	0.01321	0.02516	0.09451	0.08343	0.65778	0.02908	0.00567	0.00584	0.01037	0.00423	0.00414
6	0.04706	0.07191	0.02368	0.08838	0.34995	0.21765	0.04578	0.04467	0.01587	0.01979	0.01132	0.01436	0.00933	0.00611	0.00606	0.00185	0.00882	0.00516	0.00332	0.00894
7	0.01028	0.00709	0.00827	0.00807	0.00862	0.00725	0.00510	0.05809	0.01164	0.01571	0.05840	0.10252	0.02571	0.56000	0.08167	0.00574	0.00677	0.00986	0.00441	0.00477
8	0.11399	0.01506	0.08636	0.01359	0.05252	0.08424	0.05847	0.07490	0.06340	0.02293	0.09956	0.03308	0.20870	0.01032	0.00667	0.00208	0.00622	0.03532	0.00502	0.00759
9	0.05066	0.04757	0.01626	0.01588	0.13237	0.10627	0.02849	0.04841	0.06758	0.05162	0.08131	0.06405	0.11613	0.00896	0.00628	0.00182	0.00615	0.00748	0.00478	0.13791
10	0.05437	0.01566	0.04909	0.05553	0.10853	0.10142	0.05804	0.07669	0.07459	0.02263	0.06587	0.05174	0.04695	0.00771	0.00617	0.00179	0.00680	0.00654	0.00442	0.18545
11	0.07355	0.01758	0.06979	0.10947	0.05221	0.12142	0.05734	0.12679	0.12856	0.07622	0.03585	0.01850	0.02914	0.00733	0.00624	0.00195	0.00751	0.00596	0.00478	0.04981
12	0.07778	0.01683	0.02234	0.02125	0.15690	0.12748	0.17715	0.08470	0.05414	0.05785	0.07074	0.02094	0.01561	0.00739	0.00660	0.00200	0.00804	0.03698	0.00445	0.03082
13	0.12080	0.01929	0.09357	0.05510	0.09837	0.11564	0.02963	0.22346	0.09988	0.02747	0.01396	0.01523	0.01053	0.00686	0.00599	0.00192	0.00761	0.00530	0.00462	0.04476

[dist]
# distance from previous block
# <min> <max>
0	28

[block]
# block no. 1 follows, 34 sequences, length 27
# corresponding to MSA columns:
# 165-191
name=unknown_B
#
# <colnr> <probs for GDERKNQSTAVLIFYWHMCP>
#	G	D	E	R	K	N	Q	S	T	A	V	L	I	F	Y	W	H	M	C	P
0	0.01738	0.07563	0.05231	0.01754	0.13397	0.06257	0.02728	0.12561	0.13780	0.06801	0.04514	0.03800	0.05232	0.00817	0.00709	0.00194	0.04812	0.00657	0.00490	0.06967
1	0.05036	0.11626	0.13358	0.04156	0.03727	0.06054	0.01335	0.20715	0.06963	0.15981	0.01577	0.01597	0.01130	0.00701	0.00595	0.00188	0.00722	0.00533	0.00512	0.03495
2	0.16802	0.04171	0.01497	0.01311	0.05145	0.08343	0.00989	0.06040	0.10914	0.08177	0.05517	0.02017	0.03844	0.03584	0.04799	0.00257	0.08513	0.00598	0.00473	0.07009
3	0.11407	0.01293	0.01847	0.04265	0.19608	0.01284	0.07440	0.05622	0.07126	0.09010	0.07151	0.03606	0.01668	0.00755	0.00624	0.00192	0.00630	0.03424	0.00474	0.12576
4	0.01711	0.03020	0.01949	0.09766	0.17839	0.04012	0.04956	0.17393	0.04179	0.06117	0.05565	0.06381	0.02861	0.00786	0.00643	0.00189	0.00682	0.00684	0.00476	0.10790
5	0.01833	0.05267	0.01859	0.01843	0.17716	0.01490	0.01220	0.20994	0.11739	0.08620	0.04024	0.04851	0.01617	0.03112	0.00717	0.00204	0.00627	0.02941	0.00534	0.08790
6	0.05823	0.01508	0.02439	0.03585	0.63601	0.01537	0.01837	0.02098	0.07245	0.02201	0.01315	0.01637	0.01084	0.00602	0.00629	0.00195	0.00732	0.00577	0.00352	0.01006
7	0.01104	0.00561	0.00837	0.00845	0.00847	0.00559	0.00563	0.00845	0.00863	0.01151	0.01254	0.06023	0.01293	0.02233	0.02433	0.76815	0.00551	0.00630	0.00298	0.00294
8	0.02261	0.01530	0.01705	0.01351	0.01795	0.01655	0.01096	0.48532	0.06349	0.13352	0.01859	0.04887	0.01423	0.04243	0.04663	0.00261	0.00714	0.00671	0.00640	0.01015
9	0.02178	0.01772	0.01836	0.01579	0.05535	0.07102	0.01212	0.44215	0.21698	0.03420	0.01789	0.01760	0.01314	0.00785	0.00644	0.00199	0.00692	0.00610	0.00610	0.01049
10	0.01020	0.00835	0.01224	0.01168	0.01261	0.01039	0.00927	0.01233	0.01029	0.01511	0.01556	0.02316	0.01464	0.04113	0.60398	0.00889	0.16414	0.00667	0.00334	0.00603
11	0.02405	0.01620	0.01847	0.03517	0.04617	0.01749	0.01205	0.49048	0.08096	0.16480	0.01793	0.01742	0.01249	0.00777	0.00648	0.00197	0.00672	0.00605	0.00653	0.01080
12	0.00871	0.00618	0.00825	0.00960	0.01024	0.00594	0.00700	0.01023	0.01277	0.01688	0.03375	0.50840	0.03935	0.09262	0.01082	0.00307	0.00459	0.20049	0.00578	0.00531
13	0.01434	0.01204	0.01390	0.01002	0.01571	0.00958	0.00805	0.07486	0.01483	0.02271	0.01182	0.01358	0.00969	0.00504	0.00493	0.00104	0.00498	0.00400	0.00405	0.74484
14	0.02073	0.01566	0.01885	0.07995	0.11677	0.01702	0.01296	0.46236	0.02462	0.05686	0.01882	0.05677	0.05203	0.00849	0.00661	0.00200	0.00688	0.00689	0.00572	0.00997
15	0.05143	0.01767	0.02397	0.08524	0.38083	0.13965	0.09251	0.04995	0.01579	0.03762	0.01213	0.01531	0.00975	0.00604	0.00629	0.00190	0.00849	0.00555	0.00351	0.03638
16	0.05797	0.13088	0.30810	0.05368	0.03878	0.04268	0.05652	0.06822	0.03879	0.05160	0.04137	0.01560	0.01141	0.00652	0.00588	0.00188	0.00799	0.00519	0.00371	0.05323
17	0.09087	0.01033	0.01216	0.05140	0.01523	0.01065	0.00857	0.02313	0.19604	0.20621	0.14269	0.06914	0.08984	0.03569	0.00754	0.00225	0.00485	0.00861	0.00641	0.00837
18	0.05101	0.00943	0.05085	0.01336	0.10835	0.00795	0.00891	0.01230	0.01305	0.01852	0.04664	0.40634	0.10688	0.01496	0.00781	0.02668	0.00473	0.01288	0.00509	0.07428
19	0.01640	0.05540	0.07115	0.04416	0.29902	0.05471	0.17158	0.03433	0.04503	0.06348	0.01524	0.07250	0.01295	0.00715	0.00666	0.00202	0.00817	0.00696	0.00386	0.00922
20	0.13973	0.08063	0.20913	0.04280	0.17029	0.01632	0.06802	0.11665	0.01611	0.06363	0.01252	0.01450	0.00939	0.00627	0.00589	0.00196	0.00776	0.00516	0.00388	0.00935
21	0.05939	0.01724	0.09492	0.04774	0.02699	0.01673	0.35770	0.01944	0.01341	0.04944	0.01188	0.01595	0.00934	0.00733	0.01102	0.00233	0.22108	0.00647	0.00332	0.00828
22	0.03123	0.04326	0.14293	0.06770	0.16203	0.05419	0.09165	0.02065	0.07342	0.06108	0.01519	0.07132	0.01285	0.00768	0.00751	0.00204	0.06462	0.00656	0.00389	0.06021
23	0.01565	0.06142	0.26605	0.01768	0.08918	0.02963	0.05784	0.08315	0.04105	0.08255	0.07383	0.08810	0.01731	0.00853	0.00715	0.00207	0.03831	0.00715	0.00441	0.00895
24	0.05033	0.12888	0.11626	0.02949	0.03302	0.06548	0.12256	0.04497	0.01588	0.12008	0.09985	0.05814	0.07070	0.00851	0.00642	0.00197	0.00715	0.00733	0.00469	0.00830
25	0.03420	0.01215	0.04442	0.01290	0.04178	0.01138	0.05901	0.12921	0.08353	0.12331	0.15578	0.03186	0.13657	0.03849	0.03520	0.00249	0.00598	0.00852	0.00591	0.02731
26	0.01648	0.12150	0.13607	0.04103	0.24775	0.08076	0.10239	0.04922	0.01541	0.04834	0.01528	0.04199	0.04158	0.00695	0.00628	0.00192	0.00821	0.00618	0.00362	0.00905

[dist]
# distance from previous block
# <min> <max>
6	58

[block]
# block no. 2 follows, 34 sequences, length 122
# corresponding to MSA columns:
# 257-378
name=unknown_C
#
# <colnr> <probs for GDERKNQSTAVLIFYWHMCP>
#	G	D	E	R	K	N	Q	S	T	A	V	L	I	F	Y	W	H	M	C	P
0	0.08629	0.01414	0.07847	0.06968	0.01840	0.03111	0.01090	0.06581	0.20854	0.17878	0.03920	0.02060	0.01562	0.00771	0.00599	0.00197	0.00581	0.00617	0.10546	0.02935
1	0.06080	0.01457	0.03359	0.05704	0.01822	0.05879	0.01059	0.15711	0.23960	0.10129	0.07860	0.04386	0.03656	0.00867	0.00641	0.00201	0.00598	0.00702	0.00591	0.05339
2	0.06080	0.01594	0.14417	0.01710	0.09608	0.01283	0.08850	0.08567	0.03469	0.07065	0.05827	0.13687	0.03789	0.00943	0.00741	0.00209	0.04566	0.00814	0.00466	0.06314
3	0.01717	0.01357	0.01798	0.06132	0.11987	0.04229	0.06508	0.07744	0.12813	0.11895	0.05694	0.02237	0.03995	0.00764	0.00638	0.00185	0.00639	0.02493	0.00513	0.16662
4	0.01553	0.01371	0.02026	0.08871	0.32750	0.03189	0.03954	0.02061	0.09045	0.06091	0.05292	0.01965	0.03246	0.00676	0.00626	0.00182	0.00671	0.00615	0.00419	0.15398
5	0.01543	0.03735	0.02486	0.13898	0.57701	0.01535	0.01874	0.01961	0.03190	0.02043	0.01230	0.01613	0.01017	0.00590	0.00630	0.00192	0.00765	0.00567	0.00324	0.03107
6	0.03731	0.01475	0.02476	0.11485	0.62133	0.01507	0.01902	0.01975	0.01452	0.03934	0.01234	0.01613	0.01012	0.00590	0.00634	0.00195	0.00765	0.00571	0.00331	0.00984
7	0.06038	0.01320	0.01899	0.26726	0.18092	0.03533	0.03399	0.05747	0.01514	0.06807	0.05208	0.01774	0.01254	0.00654	0.00612	0.00186	0.00716	0.00570	0.00395	0.13555
8	0.01511	0.01470	0.02339	0.26791	0.46347	0.04496	0.01866	0.01941	0.03360	0.01958	0.01224	0.01643	0.00990	0.00610	0.00640	0.00199	0.00807	0.00573	0.00319	0.00914
9	0.01220	0.01148	0.01938	0.75739	0.04450	0.01436	0.01794	0.01651	0.01292	0.01651	0.01148	0.01723	0.00861	0.00646	0.00646	0.00215	0.00861	0.00574	0.00287	0.00718
10	0.01438	0.01299	0.01848	0.09059	0.26103	0.01394	0.03414	0.02329	0.27574	0.02255	0.06137	0.04486	0.05868	0.03045	0.00746	0.00222	0.00625	0.00761	0.00489	0.00908
11	0.00786	0.00565	0.00747	0.00891	0.00935	0.00526	0.00596	0.00901	0.01245	0.01653	0.03662	0.74487	0.06592	0.02011	0.00823	0.00261	0.00373	0.01821	0.00600	0.00526
12	0.01246	0.01175	0.01985	0.70842	0.09146	0.01442	0.01807	0.01674	0.01304	0.01682	0.01153	0.01714	0.00872	0.00641	0.00646	0.00214	0.00855	0.00574	0.00289	0.00739
13	0.01408	0.01146	0.01347	0.00965	0.01536	0.00865	0.00774	0.01694	0.01362	0.05246	0.01210	0.01378	0.00985	0.00493	0.00486	0.00100	0.00482	0.00395	0.00401	0.77727
14	0.01283	0.01208	0.02019	0.63869	0.13842	0.01454	0.01800	0.01744	0.03217	0.01742	0.01197	0.01724	0.00913	0.00643	0.00645	0.00212	0.00839	0.00579	0.00302	0.00768
15	0.01552	0.01486	0.02513	0.03781	0.69213	0.01480	0.01900	0.01924	0.01471	0.02090	0.01513	0.01858	0.05049	0.00635	0.00647	0.00193	0.00743	0.00620	0.00336	0.00997
16	0.02812	0.01102	0.01491	0.01139	0.01643	0.00945	0.00939	0.03064	0.01821	0.69704	0.02471	0.02151	0.01564	0.00782	0.00640	0.00194	0.00546	0.00635	0.00776	0.05582
17	0.00808	0.00581	0.00754	0.00866	0.00923	0.00541	0.00583	0.00938	0.01296	0.01732	0.11036	0.61191	0.08073	0.06252	0.00956	0.00275	0.00379	0.01688	0.00600	0.00527
18	0.00765	0.00651	0.00658	0.00664	0.00875	0.00545	0.00495	0.00926	0.01463	0.01742	0.06425	0.09075	0.70221	0.01652	0.00766	0.00220	0.00329	0.01383	0.00600	0.00545
19	0.01923	0.01553	0.01703	0.01523	0.05703	0.01751	0.01152	0.28583	0.42501	0.03181	0.02151	0.02046	0.01595	0.00823	0.00652	0.00208	0.00600	0.00667	0.00635	0.01051
20	0.00787	0.00562	0.00750	0.00900	0.00937	0.00525	0.00600	0.00900	0.01237	0.01649	0.03561	0.76871	0.04274	0.02024	0.00825	0.00262	0.00375	0.01837	0.00600	0.00525
21	0.02265	0.01715	0.01831	0.01448	0.01931	0.01914	0.01182	0.55831	0.18626	0.03763	0.01795	0.01745	0.01296	0.00798	0.00649	0.00200	0.00666	0.00615	0.00649	0.01082
22	0.01411	0.01194	0.01377	0.00999	0.01563	0.00950	0.00800	0.05574	0.03822	0.02236	0.01221	0.01388	0.00999	0.00509	0.00494	0.00105	0.00493	0.00406	0.00407	0.74053
23	0.01877	0.04102	0.02211	0.07091	0.34639	0.25079	0.01590	0.05086	0.08311	0.02032	0.01280	0.01526	0.01040	0.00645	0.00617	0.00186	0.00872	0.00533	0.00366	0.00915
24	0.02899	0.01100	0.01499	0.01150	0.01649	0.00950	0.00950	0.03149	0.01849	0.73709	0.02549	0.02199	0.01599	0.00800	0.00650	0.00200	0.00550	0.00650	0.00800	0.01100
25	0.00780	0.00622	0.00699	0.00750	0.00900	0.00542	0.00536	0.00933	0.01408	0.01756	0.09007	0.31131	0.45150	0.01757	0.00785	0.00233	0.00343	0.01521	0.00606	0.00542
26	0.01587	0.01230	0.01575	0.03585	0.14633	0.01296	0.01116	0.19614	0.11274	0.05287	0.15992	0.10415	0.05440	0.01130	0.02666	0.00230	0.00590	0.00883	0.00582	0.00874
27	0.01414	0.01414	0.01979	0.01696	0.01696	0.01979	0.01414	0.01555	0.00990	0.01555	0.00848	0.01414	0.00848	0.01131	0.02120	0.00283	0.76110	0.00565	0.00283	0.00707
28	0.00787	0.00562	0.00750	0.00900	0.00937	0.00525	0.00600	0.00900	0.01237	0.01649	0.03561	0.76871	0.04274	0.02024	0.00825	0.00262	0.00375	0.01837	0.00600	0.00525
29	0.01520	0.01469	0.02406	0.26654	0.45247	0.03588	0.04210	0.03574	0.01464	0.01996	0.01199	0.01630	0.00967	0.00604	0.00644	0.00200	0.00818	0.00577	0.00318	0.00915
30	0.19228	0.01210	0.01471	0.04363	0.07619	0.01231	0.01026	0.10116	0.04583	0.31475	0.02024	0.07711	0.01555	0.00855	0.00616	0.00208	0.00574	0.02595	0.00610	0.00931
31	0.00787	0.00562	0.00750	0.00900	0.00937	0.00525	0.00600	0.00900	0.01237	0.01649	0.03561	0.76871	0.04274	0.02024	0.00825	0.00262	0.00375	0.01837	0.00600	0.00525
32	0.00795	0.00568	0.00759	0.00908	0.00949	0.00531	0.00613	0.00913	0.01245	0.01658	0.03557	0.74761	0.04257	0.02017	0.00827	0.00263	0.00382	0.03870	0.00600	0.00527
33	0.01996	0.46973	0.05923	0.01304	0.01823	0.17790	0.02930	0.02232	0.01498	0.10530	0.01147	0.01241	0.00929	0.00610	0.00497	0.00157	0.00797	0.00415	0.00355	0.00852
34	0.01468	0.01873	0.11960	0.02589	0.06027	0.01565	0.56904	0.02012	0.01491	0.02050	0.01385	0.04988	0.01107	0.00619	0.00743	0.00217	0.01029	0.00768	0.00332	0.00872
35	0.01340	0.01148	0.01340	0.00957	0.01531	0.00861	0.00766	0.01627	0.01340	0.02105	0.01148	0.01340	0.00957	0.00479	0.00479	0.00096	0.00479	0.00383	0.00383	0.81242
36	0.01487	0.09182	0.51746	0.01842	0.04490	0.09683	0.05595	0.02152	0.04314	0.01982	0.01190	0.01384	0.00882	0.00621	0.00604	0.00196	0.00940	0.00487	0.00300	0.00922
37	0.01340	0.01148	0.01340	0.00957	0.01531	0.00861	0.00766	0.01627	0.01340	0.02105	0.01148	0.01340	0.00957	0.00479	0.00479	0.00096	0.00479	0.00383	0.00383	0.81242
38	0.01567	0.01572	0.02889	0.06260	0.53665	0.01556	0.18849	0.01992	0.01478	0.02084	0.01235	0.01639	0.01007	0.00571	0.00670	0.00199	0.00850	0.00621	0.00320	0.00975
39	0.00851	0.00608	0.00823	0.00973	0.01038	0.00580	0.00711	0.01010	0.01300	0.01721	0.03526	0.59400	0.04134	0.01964	0.00842	0.00271	0.00430	0.18679	0.00599	0.00542
40	0.00770	0.00655	0.00663	0.00661	0.00876	0.00548	0.00496	0.00939	0.01487	0.01780	0.09229	0.06162	0.70294	0.01624	0.00764	0.00218	0.00326	0.01356	0.00605	0.00548
41	0.01220	0.01148	0.01938	0.75739	0.04450	0.01436	0.01794	0.01651	0.01292	0.01651	0.01148	0.01723	0.00861	0.00646	0.00646	0.00215	0.00861	0.00574	0.00287	0.00718
42	0.00825	0.00657	0.00740	0.00719	0.00911	0.00572	0.00539	0.01047	0.01618	0.02091	0.33656	0.05650	0.45674	0.01508	0.00763	0.00212	0.00318	0.01284	0.00645	0.00572
43	0.65644	0.01364	0.01152	0.00980	0.01404	0.01563	0.00808	0.16031	0.01495	0.03139	0.01033	0.01152	0.00781	0.00636	0.00450	0.00199	0.00543	0.00397	0.00450	0.00781
44	0.01452	0.00977	0.01165	0.01037	0.01315	0.01005	0.00803	0.02273	0.26042	0.13352	0.38092	0.03598	0.03998	0.01089	0.00709	0.00208	0.00413	0.00939	0.00706	0.00826
45	0.01393	0.01321	0.02219	0.42961	0.33916	0.01483	0.01855	0.01841	0.03240	0.01876	0.01216	0.01688	0.00960	0.00622	0.00644	0.00205	0.00812	0.00579	0.00311	0.00857
46	0.02414	0.03079	0.01831	0.01665	0.01998	0.74698	0.01248	0.02580	0.01831	0.01581	0.00999	0.01165	0.00832	0.00666	0.00583	0.00166	0.01165	0.00416	0.00333	0.00749
47	0.01220	0.01148	0.01938	0.75739	0.04450	0.01436	0.01794	0.01651	0.01292	0.01651	0.01148	0.01723	0.00861	0.00646	0.00646	0.00215	0.00861	0.00574	0.00287	0.00718
48	0.81856	0.01250	0.00950	0.00850	0.01250	0.01449	0.00700	0.01899	0.01100	0.02899	0.00900	0.01050	0.00700	0.00600	0.00400	0.00200	0.00500	0.00350	0.00400	0.00700
49	0.01204	0.00602	0.00602	0.00602	0.00753	0.00602	0.00452	0.01506	0.01355	0.02409	0.02108	0.02409	0.01656	0.00753	0.00452	0.00151	0.00301	0.00602	0.80879	0.00602
50	0.02456	0.01810	0.01939	0.01487	0.02004	0.02004	0.01228	0.71107	0.03038	0.04072	0.01551	0.01551	0.01099	0.00776	0.00646	0.00194	0.00711	0.00582	0.00646	0.01099
51	0.81856	0.01250	0.00950	0.00850	0.01250	0.01449	0.00700	0.01899	0.01100	0.02899	0.00900	0.01050	0.00700	0.00600	0.00400	0.00200	0.00500	0.00350	0.00400	0.00700
52	0.00990	0.00767	0.00926	0.01002	0.01121	0.00793	0.00704	0.01527	0.18774	0.01910	0.03331	0.58442	0.03704	0.01740	0.00783	0.00252	0.00409	0.01563	0.00614	0.00648
53	0.01601	0.01387	0.01554	0.01362	0.01735	0.01580	0.04078	0.05321	0.64079	0.02712	0.05382	0.02453	0.02069	0.00877	0.00666	0.00218	0.00534	0.00745	0.00645	0.01002
54	0.00923	0.00692	0.01038	0.01038	0.01154	0.00808	0.00808	0.01154	0.01038	0.01500	0.01731	0.02538	0.01615	0.04846	0.74732	0.01038	0.01731	0.00692	0.00346	0.00577
55	0.01706	0.67665	0.06841	0.01191	0.01727	0.04389	0.01192	0.01936	0.01311	0.01550	0.00911	0.01078	0.00830	0.00591	0.00525	0.00150	0.04935	0.00366	0.00278	0.00827
56	0.00787	0.00562	0.00750	0.00900	0.00937	0.00525	0.00600	0.00900	0.01237	0.01649	0.03561	0.76871	0.04274	0.02024	0.00825	0.00262	0.00375	0.01837	0.00600	0.00525
57	0.01526	0.02038	0.16850	0.02554	0.06065	0.01621	0.52173	0.05090	0.01559	0.02155	0.01286	0.01658	0.00957	0.00569	0.00724	0.00213	0.01034	0.00693	0.00330	0.00903
58	0.00924	0.00687	0.01012	0.01012	0.01118	0.00793	0.00775	0.01137	0.01031	0.01480	0.01755	0.02673	0.01674	0.10601	0.69056	0.01006	0.01643	0.00712	0.00350	0.00562
59	0.00831	0.00696	0.00728	0.00713	0.00930	0.00613	0.00537	0.01106	0.05442	0.01914	0.15355	0.05818	0.59957	0.01551	0.00758	0.00216	0.00334	0.01302	0.00618	0.00581
60	0.01830	0.04630	0.01704	0.01488	0.05649	0.03587	0.01121	0.16023	0.48490	0.04898	0.02234	0.02110	0.01669	0.00820	0.00642	0.00208	0.00588	0.00668	0.00617	0.01024
61	0.01530	0.02425	0.37790	0.02438	0.21897	0.01514	0.09191	0.03892	0.05348	0.05828	0.01352	0.01572	0.01001	0.00624	0.00641	0.00203	0.00867	0.00559	0.00349	0.00980
62	0.01340	0.01148	0.01340	0.00957	0.01531	0.00861	0.00766	0.01627	0.01340	0.02105	0.01148	0.01340	0.00957	0.00479	0.00479	0.00096	0.00479	0.00383	0.00383	0.81242
63	0.63099	0.04776	0.15077	0.01051	0.01564	0.01505	0.01041	0.01929	0.01159	0.02679	0.00950	0.01110	0.00728	0.00601	0.00442	0.00198	0.00595	0.00374	0.00370	0.00754
64	0.01580	0.01640	0.06546	0.03813	0.67338	0.01536	0.04059	0.01989	0.01467	0.02106	0.01215	0.01591	0.01011	0.00577	0.00642	0.00193	0.00787	0.00576	0.00317	0.01015
65	0.00938	0.00632	0.00734	0.00734	0.00745	0.00642	0.00428	0.00959	0.00948	0.01275	0.02009	0.04079	0.02284	0.70870	0.09622	0.00663	0.00724	0.00918	0.00387	0.00408
66	0.01727	0.77681	0.03386	0.01106	0.01658	0.02557	0.01106	0.01935	0.01313	0.01520	0.00898	0.01036	0.00829	0.00553	0.00415	0.00138	0.00691	0.00345	0.00276	0.00829
67	0.01296	0.03342	0.73944	0.01842	0.02797	0.01501	0.02387	0.02046	0.01364	0.02046	0.01160	0.01364	0.00818	0.00614	0.00614	0.00205	0.00955	0.00477	0.00273	0.00955
68	0.00848	0.00658	0.00771	0.00743	0.00924	0.00581	0.00557	0.01090	0.01671	0.02216	0.43474	0.05444	0.35777	0.01461	0.00763	0.00210	0.00315	0.01255	0.00662	0.00581
69	0.00884	0.00659	0.00821	0.00780	0.00946	0.00596	0.00585	0.01159	0.01756	0.02417	0.59289	0.05112	0.19837	0.01386	0.00762	0.00206	0.00309	0.01209	0.00688	0.00596
70	0.01296	0.03342	0.73944	0.01842	0.02797	0.01501	0.02387	0.02046	0.01364	0.02046	0.01160	0.01364	0.00818	0.00614	0.00614	0.00205	0.00955	0.00477	0.00273	0.00955
71	0.01525	0.01743	0.03813	0.02723	0.03377	0.01634	0.70915	0.02070	0.01525	0.02070	0.01307	0.01743	0.00980	0.00545	0.00763	0.00218	0.01089	0.00763	0.00327	0.00871
72	0.01756	0.74631	0.03322	0.01128	0.01672	0.05506	0.01111	0.01961	0.01334	0.01523	0.00902	0.01042	0.00829	0.00557	0.00421	0.00139	0.00710	0.00348	0.00279	0.00826
73	0.81856	0.01250	0.00950	0.00850	0.01250	0.01449	0.00700	0.01899	0.01100	0.02899	0.00900	0.01050	0.00700	0.00600	0.00400	0.00200	0.00500	0.00350	0.00400	0.00700
74	0.00879	0.00659	0.00814	0.00775	0.00943	0.00594	0.00581	0.01150	0.01744	0.02390	0.57170	0.05157	0.21972	0.01396	0.00762	0.00207	0.00310	0.01215	0.00685	0.00594
75	0.01589	0.01525	0.02604	0.05922	0.71386	0.01532	0.01978	0.01974	0.01466	0.02098	0.01214	0.01603	0.01019	0.00578	0.00640	0.00193	0.00770	0.00576	0.00319	0.01015
76	0.00842	0.00658	0.00763	0.00737	0.00921	0.00579	0.00553	0.01079	0.01658	0.02184	0.40990	0.05496	0.38282	0.01473	0.00763	0.00210	0.00316	0.01262	0.00658	0.00579
77	0.00864	0.00657	0.00787	0.00755	0.00925	0.00588	0.00562	0.01110	0.01677	0.02257	0.47888	0.05281	0.28792	0.03992	0.00848	0.00223	0.00323	0.01227	0.00663	0.00580
78	0.00773	0.00655	0.00667	0.00664	0.00878	0.00549	0.00498	0.00945	0.01494	0.01796	0.10516	0.06135	0.68997	0.01618	0.00764	0.00217	0.00326	0.01352	0.00607	0.00549
79	0.01727	0.77681	0.03386	0.01106	0.01658	0.02557	0.01106	0.01935	0.01313	0.01520	0.00898	0.01036	0.00829	0.00553	0.00415	0.00138	0.00691	0.00345	0.00276	0.00829
80	0.02456	0.01810	0.01939	0.01487	0.02004	0.02004	0.01228	0.71107	0.03038	0.04072	0.01551	0.01551	0.01099	0.00776	0.00646	0.00194	0.00711	0.00582	0.00646	0.01099
81	0.01585	0.01521	0.02598	0.06564	0.70771	0.01532	0.01976	0.01971	0.01465	0.02094	0.01213	0.01604	0.01018	0.00578	0.00640	0.00193	0.00771	0.00576	0.00319	0.01012
82	0.02899	0.01100	0.01499	0.01150	0.01649	0.00950	0.00950	0.03149	0.01849	0.73709	0.02549	0.02199	0.01599	0.00800	0.00650	0.00200	0.00550	0.00650	0.00800	0.01100
83	0.00787	0.00562	0.00750	0.00900	0.00937	0.00525	0.00600	0.00900	0.01237	0.01649	0.03561	0.76871	0.04274	0.02024	0.00825	0.00262	0.00375	0.01837	0.00600	0.00525
84	0.00940	0.00626	0.00705	0.00705	0.00705	0.00626	0.00392	0.00940	0.00940	0.01253	0.02036	0.04228	0.02349	0.77292	0.03289	0.00626	0.00626	0.00940	0.00392	0.00392
85	0.02456	0.01810	0.01939	0.01487	0.02004	0.02004	0.01228	0.71107	0.03038	0.04072	0.01551	0.01551	0.01099	0.00776	0.00646	0.00194	0.00711	0.00582	0.00646	0.01099
86	0.00833	0.00657	0.00750	0.00727	0.00915	0.00575	0.00545	0.01061	0.01636	0.02133	0.36964	0.05580	0.42339	0.01492	0.00763	0.00211	0.00317	0.01274	0.00651	0.00575
87	0.00887	0.00659	0.00826	0.00784	0.00949	0.00598	0.00588	0.01167	0.01765	0.02439	0.60970	0.05077	0.18143	0.01378	0.00762	0.00206	0.00309	0.01204	0.00691	0.00598
88	0.81856	0.01250	0.00950	0.00850	0.01250	0.01449	0.00700	0.01899	0.01100	0.02899	0.00900	0.01050	0.00700	0.00600	0.00400	0.00200	0.00500	0.00350	0.00400	0.00700
89	0.02456	0.01810	0.01939	0.01487	0.02004	0.02004	0.01228	0.71107	0.03038	0.04072	0.01551	0.01551	0.01099	0.00776	0.00646	0.00194	0.00711	0.00582	0.00646	0.01099
90	0.01296	0.03342	0.73944	0.01842	0.02797	0.01501	0.02387	0.02046	0.01364	0.02046	0.01160	0.01364	0.00818	0.00614	0.00614	0.00205	0.00955	0.00477	0.00273	0.00955
91	0.01041	0.00744	0.01041	0.01190	0.01339	0.00744	0.01041	0.01339	0.01487	0.01934	0.03421	0.07288	0.03719	0.01785	0.00892	0.00297	0.00595	0.68913	0.00595	0.00595
92	0.01727	0.77681	0.03386	0.01106	0.01658	0.02557	0.01106	0.01935	0.01313	0.01520	0.00898	0.01036	0.00829	0.00553	0.00415	0.00138	0.00691	0.00345	0.00276	0.00829
93	0.01122	0.00561	0.00842	0.00842	0.00842	0.00561	0.00561	0.00842	0.00842	0.01122	0.01122	0.01964	0.01122	0.02245	0.02525	0.81201	0.00561	0.00561	0.00281	0.00281
94	0.00831	0.00652	0.00752	0.00738	0.00917	0.00573	0.00549	0.01054	0.01616	0.02112	0.35567	0.09558	0.39735	0.01519	0.00766	0.00214	0.00320	0.01304	0.00649	0.00573
95	0.01727	0.77681	0.03386	0.01106	0.01658	0.02557	0.01106	0.01935	0.01313	0.01520	0.00898	0.01036	0.00829	0.00553	0.00415	0.00138	0.00691	0.00345	0.00276	0.00829
96	0.01704	0.73662	0.07200	0.01145	0.01720	0.02500	0.01175	0.01941	0.01316	0.01549	0.00912	0.01054	0.00829	0.00556	0.00425	0.00142	0.00705	0.00353	0.00276	0.00836
97	0.01547	0.01578	0.04574	0.17416	0.48120	0.04482	0.04901	0.02027	0.05260	0.02029	0.01272	0.01648	0.01028	0.00609	0.00644	0.00198	0.00808	0.00583	0.00331	0.00945
98	0.00787	0.00562	0.00750	0.00900	0.00937	0.00525	0.00600	0.00900	0.01237	0.01649	0.03561	0.76871	0.04274	0.02024	0.00825	0.00262	0.00375	0.01837	0.00600	0.00525
99	0.02349	0.01709	0.02052	0.01580	0.02081	0.07507	0.10587	0.38090	0.04420	0.17985	0.01718	0.01735	0.01206	0.00865	0.02866	0.00222	0.00790	0.00615	0.00601	0.01022
100	0.02414	0.01735	0.01876	0.01454	0.01957	0.01911	0.01196	0.61785	0.08499	0.07963	0.01695	0.01657	0.01198	0.00785	0.00647	0.00196	0.00686	0.00598	0.00656	0.01093
101	0.01402	0.01334	0.02266	0.41383	0.37389	0.01483	0.01885	0.01810	0.01378	0.01871	0.01180	0.01664	0.00939	0.00612	0.00643	0.00204	0.00816	0.00575	0.00303	0.00864
102	0.00940	0.00626	0.00705	0.00705	0.00705	0.00626	0.00392	0.00940	0.00940	0.01253	0.02036	0.04228	0.02349	0.77292	0.03289	0.00626	0.00626	0.00940	0.00392	0.00392
103	0.00888	0.00659	0.00827	0.00785	0.00949	0.00598	0.00589	0.01169	0.01767	0.02444	0.61373	0.05069	0.17736	0.01376	0.00762	0.00206	0.00309	0.01202	0.00692	0.00598
104	0.00940	0.00626	0.00705	0.00705	0.00705	0.00626	0.00392	0.00940	0.00940	0.01253	0.02036	0.04228	0.02349	0.77292	0.03289	0.00626	0.00626	0.00940	0.00392	0.00392
105	0.01578	0.01514	0.02584	0.07980	0.69413	0.01530	0.01972	0.01964	0.01461	0.02085	0.01212	0.01606	0.01014	0.00580	0.00640	0.00193	0.00773	0.00576	0.00318	0.01006
106	0.02414	0.03079	0.01831	0.01665	0.01998	0.74698	0.01248	0.02580	0.01831	0.01581	0.00999	0.01165	0.00832	0.00666	0.00583	0.00166	0.01165	0.00416	0.00333	0.00749
107	0.01340	0.01148	0.01340	0.00957	0.01531	0.00861	0.00766	0.01627	0.01340	0.02105	0.01148	0.01340	0.00957	0.00479	0.00479	0.00096	0.00479	0.00383	0.00383	0.81242
108	0.02414	0.03079	0.01831	0.01665	0.01998	0.74698	0.01248	0.02580	0.01831	0.01581	0.00999	0.01165	0.00832	0.00666	0.00583	0.00166	0.01165	0.00416	0.00333	0.00749
109	0.02481	0.01770	0.01915	0.01468	0.01984	0.01945	0.01213	0.67306	0.02971	0.07967	0.01607	0.01588	0.01127	0.00777	0.00647	0.00194	0.00702	0.00586	0.00655	0.01099
110	0.01599	0.01535	0.02623	0.03966	0.73262	0.01535	0.01983	0.01983	0.01471	0.02111	0.01215	0.01599	0.01023	0.00576	0.00640	0.00192	0.00768	0.00576	0.00320	0.01023
111	0.81856	0.01250	0.00950	0.00850	0.01250	0.01449	0.00700	0.01899	0.01100	0.02899	0.00900	0.01050	0.00700	0.00600	0.00400	0.00200	0.00500	0.00350	0.00400	0.00700
112	0.01607	0.01388	0.01461	0.01315	0.01680	0.01607	0.01023	0.03433	0.72094	0.02703	0.02630	0.02411	0.01972	0.00877	0.00657	0.00219	0.00511	0.00731	0.00657	0.01023
113	0.01204	0.00602	0.00602	0.00602	0.00753	0.00602	0.00452	0.01506	0.01355	0.02409	0.02108	0.02409	0.01656	0.00753	0.00452	0.00151	0.00301	0.00602	0.80879	0.00602
114	0.81856	0.01250	0.00950	0.00850	0.01250	0.01449	0.00700	0.01899	0.01100	0.02899	0.00900	0.01050	0.00700	0.00600	0.00400	0.00200	0.00500	0.00350	0.00400	0.00700
115	0.01204	0.00602	0.00602	0.00602	0.00753	0.00602	0.00452	0.01506	0.01355	0.02409	0.02108	0.02409	0.01656	0.00753	0.00452	0.00151	0.00301	0.00602	0.80879	0.00602
116	0.81856	0.01250	0.00950	0.00850	0.01250	0.01449	0.00700	0.01899	0.01100	0.02899	0.00900	0.01050	0.00700	0.00600	0.00400	0.00200	0.00500	0.00350	0.00400	0.00700
117	0.01296	0.03342	0.73944	0.01842	0.02797	0.01501	0.02387	0.02046	0.01364	0.02046	0.01160	0.01364	0.00818	0.00614	0.00614	0.00205	0.00955	0.00477	0.00273	0.00955
118	0.02456	0.01810	0.01939	0.01487	0.02004	0.02004	0.01228	0.71107	0.03038	0.04072	0.01551	0.01551	0.01099	0.00776	0.00646	0.00194	0.00711	0.00582	0.00646	0.01099
119	0.00940	0.00626	0.00705	0.00705	0.00705	0.00626	0.00392	0.00940	0.00940	0.01253	0.02036	0.04228	0.02349	0.77292	0.03289	0.00626	0.00626	0.00940	0.00392	0.00392
120	0.01041	0.00744	0.01041	0.01190	0.01339	0.00744	0.01041	0.01339	0.01487	0.01934	0.03421	0.07288	0.03719	0.01785	0.00892	0.00297	0.00595	0.68913	0.00595	0.00595
121	0.00932	0.00687	0.00875	0.00833	0.00991	0.00646	0.00622	0.01287	0.04864	0.02509	0.63245	0.08807	0.08549	0.01354	0.00761	0.00208	0.00319	0.01195	0.00698	0.00620

[dist]
# distance from previous block
# <min> <max>
0	0

# created by:
# /home/berkeley/.conda/envs/busco_data_prod/bin/msa2prfl.pl pipeline/OGs_align_augustus/4893/38290.fs
