[name]
unknown

[dist]
# distance from previous block
# <min> <max>
6	18

[block]
# block no. 0 follows, 33 sequences, length 22
# corresponding to MSA columns:
# 28-49
name=unknown_A
#
# <colnr> <probs for GDERKNQSTAVLIFYWHMCP>
#	G	D	E	R	K	N	Q	S	T	A	V	L	I	F	Y	W	H	M	C	P
0	0.01818	0.67068	0.03207	0.01149	0.01695	0.02482	0.01117	0.08938	0.01518	0.01843	0.01023	0.01155	0.00900	0.00593	0.00448	0.00147	0.00693	0.00385	0.02955	0.00865
1	0.01697	0.69739	0.06589	0.01140	0.01693	0.02450	0.01149	0.01923	0.01320	0.01560	0.00989	0.01244	0.00926	0.04605	0.00587	0.00170	0.00713	0.00390	0.00288	0.00827
2	0.01721	0.62514	0.11529	0.01214	0.01805	0.02343	0.01262	0.02000	0.01353	0.04369	0.01046	0.01203	0.00906	0.00758	0.03457	0.00188	0.00773	0.00394	0.00305	0.00860
3	0.01043	0.17682	0.03558	0.00966	0.01174	0.01039	0.00776	0.01208	0.01307	0.01670	0.03241	0.43851	0.11315	0.04562	0.00835	0.00248	0.00484	0.03905	0.00519	0.00617
4	0.00791	0.00618	0.00718	0.00798	0.00924	0.00545	0.00558	0.00930	0.01374	0.01727	0.05071	0.43168	0.36689	0.01875	0.00811	0.00246	0.00359	0.01643	0.00611	0.00545
5	0.01018	0.06614	0.06409	0.01111	0.01295	0.03627	0.03458	0.01212	0.01314	0.01717	0.03018	0.54695	0.03503	0.03573	0.00847	0.00259	0.00524	0.04657	0.00536	0.00612
6	0.01492	0.02593	0.42763	0.01907	0.02685	0.01530	0.15779	0.04935	0.09618	0.04950	0.01667	0.01822	0.03821	0.00696	0.00670	0.00213	0.00898	0.00621	0.00383	0.00959
7	0.00802	0.00573	0.00764	0.00917	0.00955	0.00535	0.00611	0.00917	0.01260	0.01681	0.03628	0.76434	0.04354	0.02062	0.00840	0.00267	0.00382	0.01872	0.00611	0.00535
8	0.12636	0.01412	0.04867	0.01272	0.03453	0.01377	0.01042	0.26557	0.02124	0.18168	0.09936	0.04880	0.04565	0.00898	0.00641	0.00203	0.00584	0.00714	0.03731	0.00939
9	0.01971	0.02054	0.01701	0.04506	0.08869	0.32849	0.01205	0.06065	0.14813	0.05186	0.01851	0.08781	0.02924	0.00873	0.00645	0.00197	0.00837	0.00687	0.03141	0.00845
10	0.01389	0.07369	0.02263	0.43297	0.25972	0.01546	0.01780	0.01780	0.01374	0.01821	0.01279	0.04927	0.01080	0.00689	0.00645	0.00208	0.00811	0.00623	0.00316	0.00831
11	0.01440	0.01233	0.01499	0.01246	0.07289	0.00988	0.00902	0.04937	0.01457	0.02240	0.01195	0.01396	0.00987	0.00510	0.00509	0.00110	0.00522	0.00415	0.00398	0.70726
12	0.01514	0.01355	0.07163	0.01082	0.01675	0.00972	0.00941	0.04398	0.01470	0.07772	0.01362	0.03384	0.01108	0.00576	0.00528	0.00123	0.00538	0.00465	0.00430	0.63143
13	0.01343	0.01255	0.02079	0.37164	0.30242	0.01384	0.01746	0.01732	0.01414	0.01888	0.01786	0.02439	0.06868	0.00786	0.00681	0.00216	0.00780	0.05016	0.00351	0.00829
14	0.04892	0.09995	0.09784	0.01231	0.01664	0.01451	0.01093	0.17636	0.08139	0.13289	0.02023	0.06510	0.03524	0.11845	0.03798	0.00296	0.00695	0.00720	0.00536	0.00878
15	0.07449	0.07393	0.01718	0.01319	0.01720	0.01503	0.05446	0.07163	0.33392	0.13282	0.02352	0.10602	0.01913	0.00941	0.00656	0.00216	0.00576	0.00795	0.00613	0.00952
16	0.04564	0.01517	0.02503	0.01908	0.02394	0.04281	0.32226	0.07170	0.10720	0.10757	0.04135	0.05527	0.01667	0.04365	0.00849	0.00239	0.00827	0.02971	0.00497	0.00885
17	0.01663	0.01283	0.01663	0.01367	0.01716	0.09418	0.12856	0.02065	0.06544	0.17077	0.20455	0.10050	0.08809	0.01084	0.00730	0.00213	0.00625	0.00970	0.00607	0.00804
18	0.01793	0.10713	0.01981	0.01365	0.01802	0.01462	0.09495	0.14683	0.08183	0.11554	0.05715	0.07894	0.01781	0.02915	0.00758	0.00204	0.02970	0.00728	0.03205	0.10799
19	0.01750	0.03336	0.03567	0.01441	0.01827	0.10405	0.09845	0.11479	0.06975	0.09385	0.04180	0.13060	0.01879	0.05951	0.00910	0.00232	0.03648	0.00818	0.00512	0.08800
20	0.07439	0.01212	0.01389	0.01214	0.03351	0.03032	0.02435	0.10790	0.13557	0.16502	0.07022	0.08475	0.07026	0.03334	0.00738	0.00216	0.00544	0.00809	0.03865	0.07051
21	0.04863	0.01783	0.12307	0.01996	0.10974	0.01543	0.16262	0.10600	0.17101	0.02524	0.01826	0.01960	0.04310	0.00716	0.00660	0.00202	0.00757	0.00656	0.00459	0.08503

[dist]
# distance from previous block
# <min> <max>
2	65

[block]
# block no. 1 follows, 33 sequences, length 84
# corresponding to MSA columns:
# 115-198
name=unknown_B
#
# <colnr> <probs for GDERKNQSTAVLIFYWHMCP>
#	G	D	E	R	K	N	Q	S	T	A	V	L	I	F	Y	W	H	M	C	P
0	0.06288	0.15140	0.05438	0.05519	0.04527	0.15950	0.04798	0.07664	0.07133	0.12249	0.01530	0.04305	0.01212	0.00741	0.00628	0.00189	0.02278	0.00571	0.00456	0.03385
1	0.01741	0.17376	0.08833	0.01695	0.10876	0.08783	0.04151	0.11729	0.03743	0.06050	0.08579	0.07568	0.04404	0.00866	0.00634	0.00193	0.00718	0.00714	0.00467	0.00880
2	0.01272	0.03996	0.01204	0.01060	0.01258	0.00862	0.03948	0.05958	0.03249	0.10129	0.06899	0.42213	0.07359	0.06242	0.00932	0.00264	0.00485	0.01385	0.00605	0.00680
3	0.03783	0.02014	0.25189	0.01858	0.08978	0.04070	0.09738	0.03961	0.03349	0.07242	0.08596	0.05540	0.05073	0.00879	0.00772	0.00217	0.05257	0.02172	0.00435	0.00875
4	0.01950	0.11718	0.11301	0.01540	0.02008	0.18650	0.05787	0.07293	0.03696	0.12160	0.01755	0.02473	0.01498	0.00885	0.00711	0.00209	0.03482	0.11552	0.00466	0.00867
5	0.01554	0.08519	0.23854	0.02527	0.13846	0.01669	0.32231	0.02107	0.01489	0.04041	0.01274	0.01593	0.00962	0.00588	0.00680	0.00207	0.00970	0.00624	0.00325	0.00940
6	0.00824	0.00592	0.00775	0.00903	0.00958	0.00553	0.00614	0.00954	0.01301	0.01732	0.07631	0.63821	0.07184	0.05286	0.00947	0.00280	0.00395	0.04106	0.00608	0.00537
7	0.01595	0.01454	0.01307	0.01258	0.01513	0.17708	0.00972	0.05609	0.14872	0.06162	0.02855	0.20127	0.07006	0.01319	0.00741	0.00233	0.00658	0.13277	0.00573	0.00761
8	0.01598	0.01559	0.07404	0.15117	0.42557	0.01484	0.01808	0.02161	0.08565	0.06337	0.03948	0.01868	0.01314	0.00672	0.00658	0.00204	0.00756	0.00621	0.00394	0.00976
9	0.02954	0.01120	0.01528	0.01171	0.01681	0.00968	0.00968	0.03208	0.01884	0.73213	0.02597	0.02241	0.01630	0.00815	0.00662	0.00204	0.00560	0.00662	0.00815	0.01120
10	0.01493	0.01610	0.03299	0.13348	0.14596	0.01577	0.46962	0.01989	0.01500	0.02038	0.01379	0.04532	0.01114	0.00631	0.00742	0.00219	0.00997	0.00760	0.00336	0.00877
11	0.81514	0.01273	0.00968	0.00866	0.01273	0.01477	0.00713	0.01935	0.01120	0.02954	0.00917	0.01069	0.00713	0.00611	0.00407	0.00204	0.00509	0.00356	0.00407	0.00713
12	0.01320	0.03405	0.73453	0.01876	0.02849	0.01529	0.02432	0.02085	0.01390	0.02085	0.01181	0.01390	0.00834	0.00625	0.00625	0.00208	0.00973	0.00486	0.00278	0.00973
13	0.02520	0.01161	0.01485	0.01174	0.01625	0.01090	0.00956	0.11033	0.06566	0.50064	0.12632	0.02565	0.02259	0.00894	0.00679	0.00205	0.00541	0.00736	0.00773	0.01043
14	0.23079	0.01695	0.01713	0.01346	0.01841	0.01894	0.01111	0.52690	0.02581	0.03838	0.01408	0.01447	0.01014	0.00744	0.00593	0.00199	0.00668	0.00531	0.00593	0.01014
15	0.00988	0.00728	0.00960	0.01051	0.01216	0.00699	0.00888	0.01268	0.01568	0.02042	0.15096	0.06825	0.16749	0.01715	0.00864	0.00273	0.00509	0.45335	0.00626	0.00599
16	0.00802	0.00573	0.00764	0.00917	0.00955	0.00535	0.00611	0.00917	0.01260	0.01681	0.03628	0.76434	0.04354	0.02062	0.00840	0.00267	0.00382	0.01872	0.00611	0.00535
17	0.01243	0.01170	0.01975	0.75282	0.04534	0.01463	0.01828	0.01682	0.01316	0.01682	0.01170	0.01755	0.00878	0.00658	0.00658	0.00219	0.00878	0.00585	0.00293	0.00731
18	0.05400	0.67133	0.03374	0.01260	0.01825	0.02470	0.07200	0.01982	0.01347	0.01663	0.00952	0.01120	0.00852	0.00565	0.00453	0.00151	0.00731	0.00390	0.00292	0.00843
19	0.01550	0.01483	0.02529	0.18699	0.58720	0.01543	0.01981	0.01951	0.01461	0.02054	0.01224	0.01655	0.01009	0.00601	0.00653	0.00200	0.00802	0.00586	0.00319	0.00979
20	0.00795	0.00628	0.00718	0.00788	0.00928	0.00551	0.00561	0.00941	0.01396	0.01740	0.05274	0.36959	0.41280	0.01843	0.00808	0.00244	0.00360	0.03030	0.00611	0.00548
21	0.05121	0.03367	0.07371	0.08161	0.13180	0.12898	0.06840	0.12751	0.05669	0.04854	0.01564	0.03816	0.01323	0.03463	0.00795	0.00224	0.02945	0.04337	0.00437	0.00884
22	0.00906	0.00666	0.00880	0.06251	0.01217	0.00660	0.00710	0.01056	0.01270	0.01670	0.05286	0.38743	0.08468	0.17895	0.01368	0.00344	0.00499	0.11033	0.00545	0.00534
23	0.00850	0.00623	0.00797	0.00915	0.00981	0.00594	0.00620	0.01054	0.04517	0.01771	0.07159	0.64210	0.07279	0.04158	0.00900	0.00271	0.00390	0.01737	0.00613	0.00559
24	0.01847	0.04918	0.23931	0.05422	0.06960	0.31072	0.12475	0.02284	0.01610	0.01867	0.01134	0.01390	0.00881	0.00633	0.00634	0.00193	0.01057	0.00513	0.00315	0.00864
25	0.01772	0.01709	0.06589	0.02648	0.27959	0.07597	0.17818	0.04103	0.01621	0.11144	0.01836	0.05384	0.05245	0.00752	0.00692	0.00206	0.00831	0.00726	0.00427	0.00940
26	0.01414	0.08470	0.52962	0.01847	0.02684	0.01610	0.08916	0.04083	0.04717	0.02133	0.01353	0.01709	0.01037	0.00681	0.00640	0.00209	0.00923	0.03338	0.00326	0.00947
27	0.01352	0.01283	0.01964	0.36252	0.24568	0.04669	0.01643	0.01704	0.01404	0.01826	0.01792	0.05734	0.06400	0.00867	0.00732	0.02374	0.00781	0.03509	0.00356	0.00789
28	0.01458	0.21023	0.41512	0.08414	0.11163	0.01790	0.02010	0.02014	0.01384	0.01926	0.01122	0.01369	0.00866	0.00608	0.00582	0.00191	0.00876	0.00474	0.00286	0.00929
29	0.01406	0.01642	0.11162	0.21051	0.22832	0.01491	0.14175	0.01923	0.04637	0.01990	0.01609	0.04600	0.04267	0.00739	0.00741	0.00216	0.03594	0.00697	0.00350	0.00876
30	0.01428	0.19471	0.51776	0.01698	0.02496	0.01808	0.02058	0.02016	0.01345	0.01923	0.01095	0.01321	0.00839	0.00658	0.00716	0.00201	0.07485	0.00465	0.00280	0.00923
31	0.01471	0.08098	0.02224	0.33671	0.22918	0.06655	0.01680	0.01816	0.01382	0.01790	0.01281	0.06062	0.01126	0.00751	0.00753	0.00210	0.06340	0.00630	0.00323	0.00819
32	0.01622	0.05474	0.19431	0.02317	0.23434	0.05536	0.06069	0.07288	0.01606	0.06415	0.01764	0.10989	0.03471	0.00842	0.00668	0.00207	0.00788	0.00742	0.00412	0.00925
33	0.01724	0.01605	0.03733	0.16521	0.08253	0.15625	0.06504	0.05502	0.03043	0.10576	0.04556	0.12013	0.05617	0.00945	0.00689	0.00211	0.00781	0.00816	0.00472	0.00815
34	0.01433	0.01565	0.05037	0.04795	0.02827	0.01497	0.45398	0.04401	0.01524	0.02085	0.04232	0.12478	0.01653	0.00861	0.00885	0.00232	0.06974	0.00910	0.00393	0.00820
35	0.01542	0.01328	0.03374	0.04593	0.07594	0.08995	0.07138	0.06072	0.04843	0.09913	0.08658	0.22290	0.06551	0.03060	0.00794	0.00231	0.00647	0.01050	0.00545	0.00781
36	0.05897	0.07233	0.09809	0.06120	0.15244	0.08117	0.05112	0.06233	0.01550	0.02107	0.06172	0.06669	0.08364	0.01045	0.03473	0.00238	0.04650	0.00736	0.00411	0.00819
37	0.01497	0.04926	0.06322	0.11550	0.27959	0.06712	0.06544	0.01958	0.06452	0.01970	0.01745	0.09170	0.04336	0.00845	0.00757	0.00212	0.05051	0.00742	0.00381	0.00872
38	0.01640	0.06749	0.19047	0.01841	0.13728	0.05534	0.04333	0.02102	0.03790	0.13010	0.14031	0.02580	0.04702	0.00857	0.00670	0.00204	0.00714	0.03085	0.00487	0.00896
39	0.01759	0.02455	0.25898	0.05405	0.08050	0.14140	0.10470	0.09368	0.04136	0.04288	0.01288	0.01526	0.00973	0.00697	0.00767	0.00208	0.06722	0.00557	0.00370	0.00923
40	0.03199	0.15698	0.33630	0.02108	0.13616	0.04283	0.08305	0.05306	0.04041	0.02125	0.01220	0.01439	0.00938	0.00621	0.00606	0.00194	0.00879	0.00515	0.00328	0.00950
41	0.01117	0.00820	0.01234	0.03048	0.03479	0.00777	0.07442	0.01376	0.03934	0.07600	0.06007	0.47263	0.10003	0.01632	0.00795	0.00246	0.00488	0.01487	0.00591	0.00659
42	0.01760	0.02061	0.15339	0.06753	0.26780	0.08642	0.10222	0.09728	0.03494	0.04739	0.01326	0.01600	0.01020	0.00657	0.00702	0.00204	0.03042	0.00583	0.00379	0.00968
43	0.04017	0.04049	0.14282	0.01647	0.05176	0.06892	0.07953	0.16514	0.05822	0.14088	0.04283	0.08947	0.01636	0.00862	0.00668	0.00208	0.00750	0.00729	0.00530	0.00946
44	0.04554	0.04466	0.09464	0.05965	0.12114	0.01620	0.08644	0.24620	0.01992	0.02774	0.07696	0.07145	0.01693	0.00849	0.00724	0.00209	0.03337	0.00725	0.00485	0.00925
45	0.01412	0.01398	0.01875	0.01624	0.01639	0.03939	0.01332	0.01551	0.01031	0.01560	0.00996	0.01693	0.01010	0.06831	0.05373	0.00344	0.64793	0.00605	0.00300	0.00692
46	0.01292	0.04305	0.11032	0.06026	0.06775	0.01285	0.18850	0.05170	0.01513	0.02039	0.04629	0.17259	0.10188	0.01094	0.00789	0.00227	0.03367	0.02936	0.00444	0.00779
47	0.04256	0.08531	0.13750	0.14501	0.05717	0.01705	0.30624	0.02028	0.03887	0.02004	0.01245	0.01623	0.00959	0.00637	0.00770	0.00215	0.05731	0.00627	0.00325	0.00865
48	0.01359	0.05908	0.65793	0.02007	0.07904	0.01570	0.02356	0.02076	0.01396	0.02071	0.01176	0.01395	0.00850	0.00620	0.00620	0.00205	0.00949	0.00489	0.00282	0.00973
49	0.00867	0.00761	0.03440	0.00948	0.01111	0.00635	0.03223	0.01068	0.01432	0.01879	0.13873	0.40329	0.22560	0.01744	0.00807	0.00244	0.00413	0.03477	0.00605	0.00583
50	0.04606	0.09851	0.23773	0.07464	0.07581	0.10109	0.08021	0.07189	0.04875	0.08404	0.01366	0.01540	0.01011	0.00659	0.00620	0.00198	0.00871	0.00538	0.00392	0.00932
51	0.01712	0.04968	0.02603	0.09129	0.42569	0.06824	0.09736	0.05522	0.01586	0.04213	0.01290	0.01650	0.01045	0.00772	0.03364	0.00228	0.00880	0.00593	0.00355	0.00960
52	0.00816	0.00583	0.00779	0.00924	0.00971	0.00546	0.00628	0.00945	0.01291	0.01725	0.06038	0.71382	0.04399	0.02028	0.00841	0.00267	0.00388	0.04295	0.00615	0.00540
53	0.01595	0.01544	0.02699	0.14057	0.51679	0.01579	0.10566	0.04430	0.01537	0.02149	0.01252	0.01664	0.01016	0.00600	0.00669	0.00202	0.00835	0.00611	0.00334	0.00981
54	0.01487	0.01523	0.09702	0.01724	0.04626	0.04418	0.19898	0.04190	0.01559	0.09480	0.04679	0.13817	0.13305	0.01071	0.00824	0.00225	0.05216	0.00969	0.00485	0.00805
55	0.01371	0.02769	0.52732	0.01778	0.02582	0.01431	0.07613	0.02122	0.06490	0.04630	0.04220	0.04480	0.03344	0.00753	0.00660	0.00213	0.00873	0.00636	0.00367	0.00936
56	0.00795	0.00600	0.00736	0.00845	0.00936	0.00541	0.00579	0.00925	0.01330	0.01709	0.04504	0.56239	0.23984	0.01949	0.00822	0.00254	0.00368	0.01733	0.00611	0.00541
57	0.01543	0.01852	0.07117	0.02733	0.03413	0.01659	0.67210	0.02108	0.01546	0.02108	0.01325	0.01758	0.00991	0.00558	0.00770	0.00221	0.01104	0.00763	0.00330	0.00892
58	0.01707	0.01714	0.02016	0.34880	0.14485	0.16762	0.01615	0.09958	0.03845	0.02056	0.01265	0.01648	0.00989	0.00828	0.03305	0.00233	0.00930	0.00562	0.00364	0.00838
59	0.01073	0.00647	0.00866	0.00941	0.01045	0.00594	0.00655	0.01221	0.01384	0.10434	0.08973	0.61747	0.04171	0.01854	0.00814	0.00255	0.00398	0.01671	0.00645	0.00613
60	0.01362	0.03006	0.57766	0.05313	0.05582	0.01547	0.12094	0.02068	0.01414	0.02073	0.01205	0.01470	0.00867	0.00615	0.00649	0.00210	0.00981	0.00536	0.00288	0.00953
61	0.01760	0.77260	0.03450	0.01126	0.01690	0.02605	0.01126	0.01971	0.01338	0.01549	0.00915	0.01056	0.00845	0.00563	0.00422	0.00141	0.00704	0.00352	0.00282	0.00845
62	0.01411	0.03194	0.66770	0.04457	0.02842	0.01494	0.02327	0.02135	0.01416	0.06155	0.01262	0.01452	0.00881	0.00637	0.00629	0.00209	0.00946	0.00500	0.00309	0.00973
63	0.01644	0.01630	0.02535	0.12049	0.59920	0.06698	0.01945	0.02025	0.01504	0.02059	0.01215	0.01612	0.01010	0.00601	0.00648	0.00196	0.00822	0.00575	0.00323	0.00987
64	0.01594	0.01557	0.02742	0.09045	0.60983	0.01567	0.08772	0.02005	0.01491	0.02113	0.01243	0.01653	0.01027	0.00589	0.00665	0.00200	0.00821	0.00605	0.00324	0.01005
65	0.00957	0.00638	0.00718	0.00718	0.00718	0.00638	0.00399	0.00957	0.00957	0.01276	0.02074	0.04308	0.02393	0.76864	0.03351	0.00638	0.00638	0.00957	0.00399	0.00399
66	0.00907	0.00652	0.00855	0.00975	0.01048	0.00632	0.00687	0.04159	0.01361	0.01815	0.03464	0.64629	0.04072	0.02072	0.03124	0.00292	0.00460	0.07624	0.00605	0.00569
67	0.01382	0.01043	0.01355	0.01198	0.01469	0.03592	0.07483	0.05265	0.10484	0.09785	0.15477	0.23169	0.11249	0.01345	0.00759	0.00229	0.00522	0.02817	0.00626	0.00752
68	0.00936	0.00678	0.00912	0.01028	0.01141	0.00659	0.00811	0.01156	0.01416	0.01867	0.08449	0.30010	0.08840	0.03873	0.04645	0.00325	0.00551	0.31530	0.00599	0.00574
69	0.06844	0.06150	0.52101	0.01678	0.02499	0.01584	0.02009	0.06445	0.06785	0.05901	0.01361	0.01489	0.00973	0.00662	0.00609	0.00205	0.00860	0.00507	0.00367	0.00972
70	0.10380	0.01560	0.05080	0.01669	0.09433	0.08258	0.07248	0.11607	0.01858	0.19508	0.12019	0.02363	0.01982	0.00835	0.00661	0.00205	0.00694	0.03161	0.00565	0.00916
71	0.01471	0.01403	0.02387	0.33205	0.44829	0.01523	0.01942	0.01882	0.01424	0.01959	0.01210	0.01681	0.00975	0.00616	0.00654	0.00205	0.00821	0.00586	0.00312	0.00915
72	0.12389	0.01459	0.02033	0.10424	0.14442	0.01617	0.08734	0.13733	0.11302	0.04762	0.01573	0.05124	0.01275	0.00796	0.00779	0.00218	0.07309	0.00659	0.00462	0.00910
73	0.03805	0.01120	0.01590	0.04041	0.19575	0.01164	0.01173	0.05487	0.05405	0.11713	0.02474	0.26622	0.04910	0.01219	0.00829	0.00231	0.06229	0.01053	0.00532	0.00828
74	0.01769	0.04693	0.01571	0.01371	0.06204	0.06566	0.00994	0.19496	0.06012	0.08639	0.05885	0.14713	0.02104	0.07675	0.00900	0.00236	0.00622	0.00845	0.00556	0.09149
75	0.04228	0.01498	0.01951	0.07061	0.24417	0.04137	0.01403	0.17505	0.10067	0.12430	0.01923	0.05212	0.03597	0.00806	0.00660	0.00205	0.00690	0.00686	0.00530	0.00993
76	0.06162	0.01420	0.01675	0.04905	0.12353	0.05351	0.01161	0.16575	0.08454	0.07167	0.06841	0.02151	0.01653	0.07068	0.03582	0.00263	0.04139	0.00647	0.00505	0.07928
77	0.06205	0.03321	0.07422	0.12606	0.06949	0.15053	0.06967	0.06006	0.04086	0.12106	0.01533	0.01908	0.01198	0.00863	0.02807	0.00228	0.02820	0.03666	0.00438	0.03819
78	0.09900	0.01480	0.01714	0.12201	0.09972	0.09700	0.03776	0.10374	0.06516	0.12132	0.07997	0.02346	0.07423	0.00839	0.00650	0.00204	0.00695	0.00691	0.00519	0.00871
79	0.05584	0.01432	0.01579	0.04057	0.01801	0.03288	0.01070	0.22922	0.19064	0.10609	0.02238	0.06684	0.05463	0.00934	0.00752	0.00210	0.05360	0.00732	0.00601	0.05620
80	0.02007	0.01348	0.01680	0.08186	0.08583	0.03362	0.01179	0.14607	0.09606	0.21191	0.04217	0.02412	0.05620	0.00865	0.00716	0.00204	0.03232	0.03056	0.00591	0.07337
81	0.09014	0.03734	0.01815	0.01742	0.12395	0.09968	0.05364	0.08338	0.16898	0.08915	0.05173	0.04238	0.05622	0.00835	0.00643	0.00201	0.00675	0.00696	0.00526	0.03208
82	0.01866	0.01531	0.01623	0.04095	0.04275	0.11863	0.03225	0.14385	0.13802	0.10728	0.08545	0.09075	0.02100	0.00945	0.00675	0.00202	0.00665	0.02451	0.00576	0.07371
83	0.09753	0.01488	0.04954	0.01462	0.05620	0.05441	0.05470	0.17019	0.07484	0.04134	0.14590	0.06586	0.04787	0.00938	0.00706	0.00204	0.02781	0.00777	0.00545	0.05260

[dist]
# distance from previous block
# <min> <max>
4	57

[block]
# block no. 2 follows, 33 sequences, length 13
# corresponding to MSA columns:
# 256-268
name=unknown_C
#
# <colnr> <probs for GDERKNQSTAVLIFYWHMCP>
#	G	D	E	R	K	N	Q	S	T	A	V	L	I	F	Y	W	H	M	C	P
0	0.01708	0.11763	0.07597	0.04517	0.09318	0.03543	0.09199	0.11802	0.03487	0.09141	0.08336	0.06269	0.06200	0.00883	0.00714	0.00204	0.03195	0.00751	0.00488	0.00885
1	0.01973	0.04081	0.01855	0.01511	0.05295	0.03785	0.06407	0.22889	0.13359	0.12583	0.04887	0.02313	0.07176	0.00935	0.02331	0.00217	0.00676	0.00702	0.00591	0.06434
2	0.05481	0.06265	0.04832	0.03190	0.02050	0.02998	0.12241	0.21400	0.11029	0.04507	0.04070	0.04298	0.04171	0.03680	0.00753	0.00215	0.00708	0.00696	0.00516	0.06900
3	0.04649	0.09914	0.08356	0.01612	0.07176	0.04530	0.06311	0.22031	0.04039	0.07097	0.04328	0.01869	0.01367	0.06114	0.00809	0.00217	0.00728	0.00597	0.00486	0.07770
4	0.01571	0.04050	0.06167	0.01314	0.04947	0.03964	0.01061	0.08312	0.01585	0.06698	0.05477	0.04879	0.04828	0.00786	0.00727	0.00165	0.07326	0.00609	0.00455	0.35079
5	0.01670	0.01431	0.07786	0.08588	0.02081	0.01284	0.06433	0.19875	0.01917	0.09547	0.04449	0.08354	0.11159	0.01008	0.00697	0.00209	0.00657	0.04601	0.00547	0.07708
6	0.01514	0.01227	0.01216	0.01084	0.01360	0.10946	0.00826	0.11238	0.01859	0.07909	0.23862	0.16964	0.09028	0.01232	0.00717	0.00205	0.00536	0.01045	0.00615	0.06618
7	0.01629	0.01564	0.02672	0.04041	0.72757	0.01564	0.02020	0.02020	0.01499	0.02151	0.01238	0.01629	0.01043	0.00587	0.00652	0.00196	0.00782	0.00587	0.00326	0.01043
8	0.01501	0.01433	0.02440	0.27736	0.50066	0.01530	0.01957	0.01908	0.01438	0.01995	0.01216	0.01671	0.00988	0.00610	0.00654	0.00203	0.00814	0.00586	0.00315	0.00939
9	0.01265	0.01213	0.02110	0.70130	0.04456	0.01477	0.06697	0.01712	0.01333	0.01712	0.01182	0.01757	0.00886	0.00651	0.00667	0.00220	0.00894	0.00599	0.00295	0.00742
10	0.01570	0.01504	0.02565	0.14993	0.62269	0.01549	0.01991	0.01968	0.01471	0.02079	0.01228	0.01649	0.01017	0.00598	0.00653	0.00199	0.00797	0.00586	0.00321	0.00995
11	0.00928	0.00759	0.00876	0.00926	0.03328	0.00706	0.00668	0.01278	0.07705	0.02017	0.16111	0.13425	0.41052	0.01567	0.00780	0.00230	0.00385	0.06008	0.00625	0.00626
12	0.05153	0.07863	0.33064	0.01715	0.05496	0.07543	0.04462	0.06528	0.01578	0.02231	0.11161	0.01873	0.01624	0.00770	0.00738	0.00205	0.06143	0.00594	0.00383	0.00877

[dist]
# distance from previous block
# <min> <max>
7	17

[block]
# block no. 3 follows, 33 sequences, length 7
# corresponding to MSA columns:
# 286-292
name=unknown_D
#
# <colnr> <probs for GDERKNQSTAVLIFYWHMCP>
#	G	D	E	R	K	N	Q	S	T	A	V	L	I	F	Y	W	H	M	C	P
0	0.00915	0.00708	0.00989	0.01245	0.08812	0.00668	0.00781	0.01090	0.01368	0.01829	0.08731	0.52373	0.10531	0.01797	0.00813	0.00253	0.00429	0.05477	0.00588	0.00603
1	0.06735	0.04819	0.01789	0.05936	0.08736	0.36534	0.01222	0.02408	0.05291	0.09729	0.09090	0.01838	0.01591	0.00759	0.00617	0.00186	0.00876	0.00568	0.00448	0.00826
2	0.01661	0.01303	0.01824	0.01415	0.01848	0.01276	0.11840	0.12939	0.04053	0.10099	0.02228	0.07945	0.09164	0.00913	0.00811	0.00195	0.08099	0.00767	0.00511	0.21108
3	0.05542	0.02467	0.01786	0.01579	0.01911	0.45696	0.01220	0.06984	0.10394	0.06133	0.01329	0.01452	0.01050	0.00768	0.00771	0.00194	0.08963	0.00502	0.00425	0.00834
4	0.01274	0.01203	0.01818	0.47390	0.11350	0.03956	0.01557	0.01616	0.01316	0.01691	0.01663	0.02323	0.06354	0.09073	0.01030	0.00264	0.04392	0.00679	0.00333	0.00718
5	0.01155	0.00953	0.01207	0.01248	0.08981	0.00915	0.00846	0.05809	0.03614	0.02341	0.28585	0.04134	0.23146	0.01203	0.00784	0.00202	0.03817	0.01015	0.00587	0.09458
6	0.00979	0.00758	0.00898	0.00871	0.01065	0.00700	0.00649	0.01296	0.06119	0.02057	0.22226	0.14116	0.20771	0.09693	0.01044	0.00265	0.00419	0.07357	0.00601	0.08117

[dist]
# distance from previous block
# <min> <max>
0	1

[block]
# block no. 4 follows, 33 sequences, length 38
# corresponding to MSA columns:
# 294-331
name=unknown_E
#
# <colnr> <probs for GDERKNQSTAVLIFYWHMCP>
#	G	D	E	R	K	N	Q	S	T	A	V	L	I	F	Y	W	H	M	C	P
0	0.07430	0.67482	0.03188	0.05345	0.01822	0.02459	0.01137	0.01952	0.01321	0.01657	0.00930	0.01097	0.00837	0.00572	0.00435	0.00150	0.00700	0.00366	0.00291	0.00829
1	0.01439	0.23282	0.54612	0.01675	0.02537	0.01818	0.02081	0.02054	0.01376	0.01941	0.01110	0.01300	0.00837	0.00609	0.00571	0.00190	0.00901	0.00450	0.00279	0.00938
2	0.08292	0.01396	0.01457	0.01231	0.01614	0.04061	0.00979	0.21128	0.23511	0.09212	0.14743	0.02628	0.05028	0.00938	0.00665	0.00208	0.00558	0.00757	0.00654	0.00940
3	0.15992	0.06021	0.01825	0.01346	0.01844	0.05086	0.01117	0.43211	0.02447	0.12573	0.01535	0.01531	0.01088	0.00745	0.00600	0.00195	0.00686	0.00540	0.00600	0.01019
4	0.01214	0.07086	0.07115	0.01188	0.01449	0.00978	0.05686	0.05587	0.01466	0.06394	0.04820	0.48042	0.03247	0.01548	0.00761	0.00240	0.00535	0.01391	0.00558	0.00694
5	0.00905	0.00619	0.00746	0.00797	0.00815	0.00611	0.00486	0.00952	0.01062	0.01421	0.02581	0.28305	0.03019	0.49162	0.05221	0.00531	0.00596	0.01253	0.00468	0.00451
6	0.00909	0.00642	0.00801	0.00822	0.00887	0.00633	0.00546	0.01032	0.01237	0.01684	0.16323	0.19159	0.07018	0.33545	0.11404	0.00511	0.00652	0.01180	0.00511	0.00503
7	0.01704	0.52020	0.14809	0.01477	0.02107	0.06410	0.09584	0.02044	0.01402	0.01706	0.01014	0.01204	0.00862	0.00579	0.00507	0.00163	0.00824	0.00429	0.00290	0.00866
8	0.01862	0.01404	0.01603	0.01414	0.04812	0.03563	0.01072	0.30053	0.05625	0.07100	0.04224	0.04817	0.05664	0.07942	0.05626	0.00303	0.08632	0.00744	0.02656	0.00883
9	0.00817	0.00623	0.00755	0.00846	0.00962	0.00561	0.00604	0.00970	0.01385	0.01771	0.07191	0.44113	0.28480	0.01879	0.00821	0.00252	0.00378	0.06425	0.00615	0.00550
10	0.00930	0.00689	0.00890	0.00971	0.01114	0.00654	0.00774	0.01164	0.01497	0.01957	0.14891	0.18892	0.18496	0.03476	0.02826	0.00292	0.00494	0.28797	0.00616	0.00580
11	0.01651	0.04759	0.01526	0.03902	0.01665	0.03782	0.02929	0.19120	0.11480	0.07826	0.04423	0.25614	0.04421	0.01244	0.00720	0.00225	0.00583	0.02687	0.00605	0.00839
12	0.01416	0.01305	0.01757	0.01504	0.01564	0.04133	0.04261	0.01548	0.01081	0.04106	0.01252	0.02185	0.01275	0.19823	0.02284	0.00365	0.48463	0.00677	0.00338	0.00664
13	0.01451	0.01407	0.02474	0.30392	0.37999	0.01504	0.08836	0.01868	0.01429	0.01957	0.01298	0.04061	0.01082	0.00657	0.00673	0.00209	0.00838	0.00646	0.00323	0.00895
14	0.01023	0.00706	0.00845	0.00883	0.01038	0.00649	0.00632	0.04749	0.01476	0.06461	0.04451	0.44703	0.26355	0.01785	0.00799	0.00245	0.00396	0.01568	0.00627	0.00610
15	0.01306	0.01103	0.01363	0.01356	0.07564	0.04321	0.02601	0.03651	0.06078	0.03702	0.14447	0.10467	0.09751	0.05468	0.01003	0.00235	0.08504	0.03342	0.04541	0.09198
16	0.75021	0.04055	0.01189	0.00961	0.01386	0.01526	0.03861	0.01944	0.01148	0.02865	0.00935	0.01101	0.00731	0.00607	0.00425	0.00202	0.00543	0.00375	0.00399	0.00726
17	0.01931	0.01218	0.01377	0.01130	0.01496	0.01268	0.00907	0.27077	0.07420	0.14599	0.15389	0.02710	0.05047	0.00936	0.00652	0.00196	0.00518	0.00761	0.14457	0.00912
18	0.01738	0.37383	0.18132	0.01638	0.06590	0.09689	0.04691	0.04565	0.06365	0.01909	0.01169	0.01327	0.00953	0.00621	0.00541	0.00173	0.00824	0.00459	0.00332	0.00902
19	0.00957	0.00725	0.00968	0.01054	0.01151	0.00744	0.00822	0.01152	0.01375	0.01825	0.07483	0.33263	0.09590	0.04515	0.01053	0.00288	0.06525	0.25353	0.00582	0.00577
20	0.03977	0.01511	0.01596	0.05577	0.01923	0.03715	0.01109	0.15647	0.47076	0.02890	0.02211	0.02120	0.01654	0.00824	0.00648	0.00209	0.00596	0.00668	0.00614	0.05435
21	0.01406	0.01175	0.01289	0.01189	0.01483	0.01314	0.00910	0.02768	0.49877	0.02630	0.18001	0.09793	0.03143	0.01100	0.00709	0.00224	0.00462	0.00945	0.00676	0.00903
22	0.00834	0.00635	0.00755	0.00828	0.00950	0.00575	0.00593	0.00986	0.01382	0.01760	0.07956	0.34404	0.30520	0.07440	0.01007	0.00278	0.00399	0.07554	0.00600	0.00543
23	0.01427	0.15798	0.51992	0.01871	0.02732	0.01731	0.11489	0.02069	0.01403	0.01997	0.01156	0.01386	0.00858	0.00605	0.00611	0.00199	0.00946	0.00503	0.00286	0.00939
24	0.00868	0.00704	0.00747	0.00762	0.00977	0.00625	0.00593	0.01121	0.04051	0.01871	0.05887	0.06160	0.57432	0.01618	0.00777	0.00230	0.00376	0.10297	0.04320	0.00583
25	0.00802	0.00573	0.00764	0.00917	0.00955	0.00535	0.00611	0.00917	0.01260	0.01681	0.03628	0.76434	0.04354	0.02062	0.00840	0.00267	0.00382	0.01872	0.00611	0.00535
26	0.02116	0.25730	0.02344	0.03151	0.01941	0.40281	0.01232	0.06140	0.01689	0.01733	0.01038	0.01241	0.00890	0.00814	0.03059	0.00199	0.04834	0.00432	0.00336	0.00800
27	0.01451	0.01307	0.01951	0.20118	0.08883	0.01572	0.05831	0.07204	0.04603	0.02106	0.06930	0.01975	0.01457	0.00882	0.01123	0.00231	0.23862	0.00653	0.07069	0.00792
28	0.00797	0.00630	0.00718	0.00775	0.00921	0.00552	0.00551	0.00952	0.01429	0.01794	0.09573	0.33717	0.41660	0.01802	0.00802	0.00239	0.00351	0.01566	0.00618	0.00552
29	0.01522	0.01351	0.03791	0.19644	0.28425	0.01412	0.01534	0.06929	0.09899	0.02308	0.01580	0.01896	0.01235	0.00688	0.00621	0.00197	0.00689	0.00608	0.14776	0.00896
30	0.00898	0.00655	0.00822	0.00918	0.00984	0.00643	0.00617	0.01149	0.06915	0.01766	0.07266	0.56346	0.03998	0.12344	0.01172	0.00312	0.00425	0.01615	0.00593	0.00562
31	0.07012	0.15604	0.21236	0.03579	0.07956	0.04212	0.05296	0.04183	0.01506	0.08300	0.07302	0.01825	0.01452	0.01039	0.06531	0.00262	0.00854	0.00574	0.00400	0.00876
32	0.01432	0.01559	0.10163	0.01623	0.07421	0.07708	0.03174	0.08450	0.01418	0.01956	0.01439	0.01996	0.01265	0.04703	0.28330	0.00543	0.12710	0.00621	0.02727	0.00762
33	0.01198	0.00852	0.00946	0.00861	0.01143	0.00789	0.00664	0.01659	0.12319	0.10071	0.14931	0.04891	0.41465	0.01362	0.00737	0.00213	0.00390	0.01143	0.00651	0.03714
34	0.04260	0.25334	0.13250	0.08734	0.12046	0.07205	0.05012	0.02226	0.05278	0.08855	0.01312	0.01489	0.01017	0.00637	0.00574	0.00185	0.00798	0.00505	0.00372	0.00910
35	0.06737	0.08743	0.14201	0.05689	0.03788	0.07324	0.03224	0.14451	0.07336	0.04709	0.04769	0.07708	0.01546	0.00818	0.00623	0.00196	0.00726	0.00659	0.00466	0.06288
36	0.01063	0.00730	0.00824	0.00792	0.00881	0.00732	0.00516	0.06051	0.01284	0.01754	0.08446	0.06406	0.09417	0.47198	0.05113	0.00500	0.00599	0.00987	0.06196	0.00512
37	0.07370	0.07238	0.10042	0.10558	0.10648	0.06871	0.08324	0.13276	0.05188	0.02355	0.01475	0.07569	0.01264	0.00796	0.00709	0.00209	0.04152	0.00661	0.00414	0.00882

[dist]
# distance from previous block
# <min> <max>
0	4

[block]
# block no. 5 follows, 33 sequences, length 23
# corresponding to MSA columns:
# 336-358
name=unknown_F
#
# <colnr> <probs for GDERKNQSTAVLIFYWHMCP>
#	G	D	E	R	K	N	Q	S	T	A	V	L	I	F	Y	W	H	M	C	P
0	0.07283	0.19088	0.04209	0.01317	0.01715	0.19042	0.01115	0.12594	0.06068	0.02220	0.04090	0.05210	0.06636	0.00880	0.00666	0.00192	0.04127	0.02277	0.00447	0.00821
1	0.00944	0.00765	0.03529	0.01011	0.04172	0.00688	0.00664	0.01063	0.01160	0.01579	0.06280	0.29480	0.03118	0.35046	0.07150	0.00478	0.00629	0.01241	0.00480	0.00522
2	0.01367	0.01630	0.14287	0.04170	0.06162	0.04502	0.03689	0.07588	0.07912	0.02216	0.09146	0.05242	0.17182	0.01044	0.00832	0.00215	0.07714	0.00844	0.00482	0.03774
3	0.00828	0.00690	0.00761	0.00822	0.03520	0.00598	0.00566	0.00996	0.01467	0.01795	0.08899	0.12157	0.57182	0.05656	0.00916	0.00247	0.00369	0.01370	0.00595	0.00566
4	0.01987	0.01551	0.01892	0.01975	0.18957	0.06778	0.01286	0.21453	0.01927	0.10682	0.01499	0.03510	0.01189	0.00850	0.00846	0.05927	0.04517	0.00588	0.00488	0.12095
5	0.01891	0.08594	0.09851	0.06357	0.25289	0.06641	0.03548	0.17028	0.06687	0.05703	0.01422	0.01608	0.01090	0.00673	0.00632	0.00195	0.00796	0.00565	0.00434	0.00998
6	0.42683	0.14315	0.04613	0.09958	0.01965	0.08030	0.03491	0.04598	0.01346	0.02431	0.01006	0.01216	0.00797	0.00620	0.00487	0.00193	0.00692	0.00418	0.00368	0.00774
7	0.01610	0.20667	0.32551	0.01489	0.02139	0.01720	0.01642	0.05756	0.04518	0.08278	0.01636	0.05021	0.03990	0.00786	0.00694	0.00200	0.05407	0.00590	0.00392	0.00913
8	0.02109	0.01582	0.01739	0.01325	0.01858	0.01618	0.01082	0.42430	0.07181	0.05861	0.01565	0.01597	0.01154	0.00705	0.00607	0.00169	0.00632	0.00543	0.00582	0.25661
9	0.00802	0.00645	0.00716	0.00746	0.00916	0.00559	0.00541	0.00974	0.01487	0.01858	0.13803	0.22913	0.48287	0.01723	0.00793	0.00231	0.00342	0.01481	0.00625	0.00559
10	0.81514	0.01273	0.00968	0.00866	0.01273	0.01477	0.00713	0.01935	0.01120	0.02954	0.00917	0.01069	0.00713	0.00611	0.00407	0.00204	0.00509	0.00356	0.00407	0.00713
11	0.01558	0.04134	0.10487	0.11494	0.38648	0.01569	0.06356	0.04907	0.01504	0.02132	0.01215	0.01578	0.00982	0.00618	0.00692	0.00195	0.03527	0.00564	0.00334	0.07506
12	0.15634	0.01650	0.01854	0.01422	0.01944	0.05485	0.08073	0.32232	0.02149	0.05406	0.01362	0.01470	0.01011	0.00670	0.00590	0.00180	0.00698	0.00523	0.00516	0.17132
13	0.00802	0.00632	0.00734	0.00793	0.00934	0.00564	0.00566	0.00957	0.01395	0.01757	0.07587	0.33956	0.39215	0.01987	0.04719	0.00284	0.00428	0.01537	0.00602	0.00551
14	0.01141	0.00995	0.01258	0.13632	0.01758	0.04210	0.03158	0.01504	0.07151	0.01921	0.17500	0.06610	0.12215	0.16310	0.01334	0.00307	0.04518	0.03333	0.00505	0.00637
15	0.04867	0.14245	0.07713	0.07846	0.10782	0.06053	0.08888	0.12675	0.05118	0.02299	0.01694	0.02260	0.03862	0.02072	0.00688	0.00211	0.00784	0.06643	0.00422	0.00877
16	0.00864	0.00614	0.00820	0.00951	0.01007	0.00593	0.00671	0.01003	0.01261	0.01680	0.03366	0.55255	0.03945	0.09210	0.04802	0.00348	0.00511	0.11987	0.00577	0.00536
17	0.00815	0.00597	0.00764	0.00892	0.00961	0.00551	0.00613	0.00944	0.01300	0.01700	0.04017	0.61284	0.13955	0.03738	0.00893	0.00271	0.00392	0.05166	0.00606	0.00538
18	0.01101	0.00773	0.01050	0.01061	0.01191	0.00755	0.03715	0.06085	0.01419	0.04707	0.03087	0.44234	0.03493	0.13149	0.01207	0.00319	0.00515	0.10955	0.00578	0.00604
19	0.01698	0.04400	0.08886	0.18276	0.14599	0.03820	0.09408	0.12928	0.04436	0.06583	0.07157	0.01943	0.01471	0.00723	0.00667	0.00205	0.00798	0.00645	0.00441	0.00917
20	0.01315	0.00870	0.01168	0.07611	0.01482	0.00928	0.03456	0.04111	0.06340	0.05635	0.02115	0.09557	0.01942	0.07109	0.05041	0.09714	0.03001	0.05482	0.22472	0.00649
21	0.01616	0.01646	0.05807	0.03945	0.69661	0.01563	0.02039	0.02023	0.01494	0.02148	0.01236	0.01619	0.01034	0.00588	0.00651	0.00196	0.00791	0.00582	0.00324	0.01040
22	0.07293	0.01605	0.02272	0.12168	0.39065	0.05881	0.03782	0.12745	0.01724	0.02414	0.01450	0.01749	0.03612	0.00673	0.00642	0.00200	0.00784	0.00597	0.00391	0.00953

[dist]
# distance from previous block
# <min> <max>
0	1

[block]
# block no. 6 follows, 33 sequences, length 25
# corresponding to MSA columns:
# 360-384
name=unknown_G
#
# <colnr> <probs for GDERKNQSTAVLIFYWHMCP>
#	G	D	E	R	K	N	Q	S	T	A	V	L	I	F	Y	W	H	M	C	P
0	0.04607	0.02882	0.01568	0.01384	0.04949	0.09686	0.01048	0.19026	0.15144	0.12364	0.05304	0.04218	0.08974	0.00950	0.00664	0.00205	0.00633	0.02688	0.02783	0.00923
1	0.01087	0.00745	0.01026	0.01091	0.01218	0.00762	0.00867	0.01306	0.01391	0.06243	0.06314	0.28488	0.05588	0.02125	0.09191	0.00363	0.04749	0.26246	0.00580	0.00618
2	0.01841	0.01605	0.01965	0.02052	0.19104	0.06381	0.04194	0.16903	0.20241	0.04442	0.04884	0.01946	0.01536	0.00744	0.00648	0.00193	0.00684	0.00634	0.00524	0.09479
3	0.00802	0.00573	0.00764	0.00917	0.00955	0.00535	0.00611	0.00917	0.01260	0.01681	0.03628	0.76434	0.04354	0.02062	0.00840	0.00267	0.00382	0.01872	0.00611	0.00535
4	0.01819	0.62594	0.03088	0.01194	0.01704	0.12883	0.01122	0.02029	0.01441	0.01614	0.04593	0.01273	0.01120	0.00620	0.00465	0.00148	0.00754	0.00405	0.00313	0.00822
5	0.04000	0.01673	0.05160	0.08661	0.30450	0.07163	0.13649	0.02168	0.08253	0.03844	0.01596	0.02040	0.02742	0.00716	0.00704	0.00210	0.02192	0.03467	0.00388	0.00924
6	0.00963	0.00635	0.00754	0.00801	0.00841	0.00627	0.00519	0.01049	0.01122	0.01551	0.02555	0.19495	0.02880	0.45761	0.02282	0.00477	0.00549	0.08252	0.08417	0.00470
7	0.00825	0.00669	0.00732	0.00716	0.00918	0.00576	0.00537	0.01036	0.01612	0.02043	0.26846	0.05900	0.52148	0.01569	0.00778	0.00218	0.00326	0.01328	0.00646	0.00576
8	0.08169	0.52136	0.11844	0.01366	0.05436	0.04191	0.01298	0.02066	0.01377	0.05432	0.01054	0.01192	0.00883	0.00592	0.00475	0.00161	0.00732	0.00399	0.00322	0.00872
9	0.01608	0.01419	0.01636	0.01643	0.10758	0.06243	0.03856	0.13681	0.24305	0.02561	0.06218	0.09502	0.09938	0.02689	0.00757	0.00224	0.00615	0.00882	0.00573	0.00894
10	0.00984	0.00725	0.00885	0.00945	0.01057	0.00725	0.00662	0.02699	0.10393	0.02001	0.11841	0.48733	0.05458	0.05216	0.00907	0.00264	0.00406	0.01512	0.03970	0.00619
11	0.00863	0.00683	0.01017	0.01049	0.01157	0.00632	0.06459	0.01019	0.01308	0.01726	0.03728	0.63416	0.10631	0.01898	0.00829	0.00259	0.00438	0.01733	0.00588	0.00566
12	0.01313	0.03190	0.66572	0.08943	0.03011	0.01523	0.02374	0.02046	0.01383	0.02046	0.01180	0.01425	0.00838	0.00629	0.00629	0.00210	0.00964	0.00496	0.00279	0.00950
13	0.01807	0.06804	0.01883	0.01736	0.10640	0.21508	0.01233	0.11399	0.05084	0.02188	0.08581	0.02238	0.08310	0.00918	0.00886	0.00205	0.12640	0.00668	0.00448	0.00826
14	0.00846	0.00639	0.00787	0.00876	0.00978	0.00596	0.00608	0.01067	0.04506	0.01834	0.10347	0.52280	0.18481	0.01865	0.00814	0.00251	0.00372	0.01661	0.00624	0.00569
15	0.07683	0.01179	0.01506	0.01169	0.01658	0.01086	0.00963	0.09522	0.01953	0.58929	0.05643	0.02229	0.01737	0.00825	0.00651	0.00203	0.00561	0.00661	0.00770	0.01072
16	0.01363	0.00885	0.01061	0.00982	0.01222	0.00864	0.00757	0.05966	0.09435	0.12117	0.20545	0.11091	0.15827	0.07342	0.00964	0.00259	0.00459	0.07472	0.00659	0.00729
17	0.01007	0.00625	0.00837	0.00941	0.01024	0.00576	0.00645	0.01135	0.01320	0.08496	0.03530	0.69365	0.04095	0.01944	0.00823	0.00261	0.00399	0.01756	0.00631	0.00591
18	0.00785	0.00667	0.00677	0.00675	0.00894	0.00559	0.00506	0.00959	0.01518	0.01819	0.09783	0.06268	0.69351	0.01652	0.00778	0.00222	0.00332	0.01380	0.00617	0.00559
19	0.01537	0.01502	0.02611	0.08868	0.50115	0.01512	0.11500	0.02010	0.04753	0.02115	0.01650	0.01989	0.05496	0.00669	0.00679	0.00204	0.00796	0.00670	0.00358	0.00967
20	0.05074	0.02438	0.34878	0.01952	0.09550	0.05248	0.06091	0.06076	0.06185	0.11013	0.01459	0.01602	0.01053	0.00690	0.00697	0.00209	0.03848	0.00554	0.00408	0.00974
21	0.00787	0.00663	0.00682	0.00686	0.00897	0.00559	0.00511	0.00960	0.01511	0.01822	0.10160	0.09063	0.66122	0.01665	0.00780	0.00223	0.00334	0.01398	0.00618	0.00559
22	0.01943	0.01392	0.01529	0.01286	0.01674	0.01516	0.01054	0.36371	0.13024	0.05591	0.02335	0.02910	0.04479	0.00993	0.00678	0.00213	0.00603	0.10880	0.10584	0.00946
23	0.01131	0.01101	0.08204	0.01134	0.01383	0.00925	0.04682	0.06524	0.01579	0.02183	0.24972	0.11489	0.06195	0.14245	0.04663	0.00335	0.02840	0.05212	0.00546	0.00659
24	0.08900	0.06811	0.07690	0.01749	0.08012	0.24037	0.01368	0.09838	0.01626	0.02097	0.01210	0.05455	0.01079	0.00840	0.00920	0.00209	0.16396	0.00563	0.00376	0.00824

[dist]
# distance from previous block
# <min> <max>
1	10

[block]
# block no. 7 follows, 33 sequences, length 57
# corresponding to MSA columns:
# 395-451
name=unknown_H
#
# <colnr> <probs for GDERKNQSTAVLIFYWHMCP>
#	G	D	E	R	K	N	Q	S	T	A	V	L	I	F	Y	W	H	M	C	P
0	0.08474	0.11530	0.59151	0.01702	0.02579	0.01645	0.02133	0.02059	0.01360	0.02101	0.01128	0.01324	0.00824	0.00617	0.00583	0.00200	0.00902	0.00460	0.00290	0.00935
1	0.01978	0.01464	0.01515	0.01239	0.01623	0.04439	0.00991	0.39493	0.07308	0.03272	0.01837	0.04418	0.01454	0.03281	0.02856	0.00227	0.00647	0.00653	0.18094	0.03212
2	0.01835	0.06470	0.02431	0.09482	0.42738	0.21949	0.01741	0.02158	0.01576	0.01923	0.01151	0.01483	0.00962	0.00617	0.00622	0.00187	0.00899	0.00527	0.00324	0.00925
3	0.00941	0.00715	0.00855	0.00918	0.01024	0.00715	0.00633	0.01287	0.10770	0.01773	0.03593	0.43476	0.12598	0.12888	0.04342	0.00344	0.00491	0.01472	0.00577	0.00589
4	0.02907	0.01152	0.01542	0.01187	0.01693	0.01020	0.00979	0.05459	0.03625	0.69193	0.02565	0.02224	0.01622	0.00816	0.00662	0.00204	0.00565	0.00662	0.00806	0.01118
5	0.00876	0.00671	0.00803	0.00770	0.00950	0.00598	0.00578	0.01135	0.01733	0.02329	0.48712	0.05429	0.30104	0.01462	0.00777	0.00213	0.00319	0.01262	0.00684	0.00598
6	0.01365	0.01170	0.01365	0.00975	0.01560	0.00878	0.00780	0.01658	0.01365	0.02145	0.01170	0.01365	0.00975	0.00488	0.00488	0.00098	0.00488	0.00390	0.00390	0.80888
7	0.00957	0.00638	0.00718	0.00718	0.00718	0.00638	0.00399	0.00957	0.00957	0.01276	0.02074	0.04308	0.02393	0.76864	0.03351	0.00638	0.00638	0.00957	0.00399	0.00399
8	0.00802	0.00573	0.00764	0.00917	0.00955	0.00535	0.00611	0.00917	0.01260	0.01681	0.03628	0.76434	0.04354	0.02062	0.00840	0.00267	0.00382	0.01872	0.00611	0.00535
9	0.00878	0.00650	0.00820	0.00821	0.00962	0.00592	0.00599	0.01123	0.01674	0.02291	0.46762	0.20506	0.16783	0.01553	0.00790	0.00223	0.00330	0.01370	0.00682	0.00592
10	0.02252	0.01281	0.06756	0.01213	0.01653	0.01100	0.01053	0.08573	0.03519	0.41427	0.17214	0.02654	0.02473	0.00932	0.00762	0.00209	0.04485	0.00753	0.00711	0.00980
11	0.00843	0.00618	0.00761	0.00853	0.00956	0.00575	0.00604	0.00996	0.01325	0.01745	0.04201	0.44759	0.21922	0.03564	0.05157	0.00305	0.00462	0.04897	0.04908	0.00548
12	0.01043	0.00750	0.01037	0.01172	0.01327	0.00743	0.01017	0.01342	0.01532	0.01996	0.07039	0.07259	0.06576	0.01789	0.00898	0.00295	0.00581	0.62387	0.00612	0.00605
13	0.01143	0.00995	0.01439	0.01299	0.01375	0.01250	0.03117	0.01324	0.01068	0.01568	0.03820	0.02465	0.01599	0.13421	0.33387	0.00665	0.28386	0.00712	0.00347	0.00620
14	0.01522	0.01833	0.09090	0.05166	0.04510	0.04740	0.46334	0.02011	0.01470	0.02017	0.01299	0.01734	0.01009	0.00764	0.03023	0.00246	0.08136	0.00699	0.03546	0.00851
15	0.01553	0.01084	0.01208	0.01064	0.01389	0.01106	0.00836	0.12895	0.18154	0.11685	0.08577	0.08239	0.25159	0.01243	0.00726	0.00220	0.00477	0.02880	0.00666	0.00836
16	0.00810	0.00665	0.00716	0.00722	0.00921	0.00570	0.00541	0.00999	0.01539	0.01903	0.15901	0.10269	0.56805	0.01649	0.00786	0.00225	0.00341	0.03445	0.00628	0.00566
17	0.01593	0.01486	0.03572	0.01399	0.01797	0.06532	0.09623	0.16127	0.20201	0.02590	0.06220	0.05557	0.18350	0.01048	0.00710	0.00214	0.00637	0.00896	0.00579	0.00867
18	0.00957	0.00638	0.00718	0.00718	0.00718	0.00638	0.00399	0.00957	0.00957	0.01276	0.02074	0.04308	0.02393	0.76864	0.03351	0.00638	0.00638	0.00957	0.00399	0.00399
19	0.01243	0.01170	0.01975	0.75282	0.04534	0.01463	0.01828	0.01682	0.01316	0.01682	0.01170	0.01755	0.00878	0.00658	0.00658	0.00219	0.00878	0.00585	0.00293	0.00731
20	0.01371	0.01193	0.01419	0.01038	0.01574	0.00972	0.00835	0.01652	0.01335	0.02098	0.01145	0.01371	0.00966	0.00543	0.00627	0.00113	0.06751	0.00406	0.00382	0.74208
