[name]
unknown

[dist]
# distance from previous block
# <min> <max>
0	2

[block]
# block no. 0 follows, 33 sequences, length 53
# corresponding to MSA columns:
# 2-54
name=unknown_A
#
# <colnr> <probs for GDERKNQSTAVLIFYWHMCP>
#	G	D	E	R	K	N	Q	S	T	A	V	L	I	F	Y	W	H	M	C	P
0	0.01980	0.01308	0.01509	0.01332	0.01694	0.03798	0.01118	0.26411	0.03899	0.15683	0.02542	0.04067	0.02302	0.01208	0.00758	0.00241	0.00658	0.27936	0.00655	0.00898
1	0.02116	0.07122	0.04362	0.01358	0.01833	0.01685	0.01140	0.21180	0.32382	0.16380	0.02187	0.02040	0.01572	0.00817	0.00646	0.00206	0.00612	0.00650	0.00652	0.01061
2	0.02188	0.01447	0.01655	0.01261	0.01780	0.01428	0.01030	0.32981	0.04117	0.17569	0.04817	0.01825	0.01431	0.00739	0.00617	0.00172	0.00602	0.00581	0.00619	0.23141
3	0.01563	0.01216	0.01358	0.01160	0.01529	0.01273	0.00909	0.09967	0.32582	0.06030	0.18867	0.02900	0.04947	0.00953	0.00672	0.00198	0.00485	0.00800	0.00648	0.11943
4	0.01312	0.01115	0.01304	0.00953	0.01493	0.00847	0.00758	0.01601	0.01406	0.02166	0.06449	0.01809	0.04094	0.00594	0.00519	0.00110	0.00469	0.00485	0.00422	0.72093
5	0.01365	0.01170	0.01365	0.00975	0.01560	0.00878	0.00780	0.01658	0.01365	0.02145	0.01170	0.01365	0.00975	0.00488	0.00488	0.00098	0.00488	0.00390	0.00390	0.80888
6	0.81514	0.01273	0.00968	0.00866	0.01273	0.01477	0.00713	0.01935	0.01120	0.02954	0.00917	0.01069	0.00713	0.00611	0.00407	0.00204	0.00509	0.00356	0.00407	0.00713
7	0.81514	0.01273	0.00968	0.00866	0.01273	0.01477	0.00713	0.01935	0.01120	0.02954	0.00917	0.01069	0.00713	0.00611	0.00407	0.00204	0.00509	0.00356	0.00407	0.00713
8	0.01535	0.01720	0.03575	0.02601	0.03157	0.01723	0.58942	0.02022	0.01463	0.02022	0.01254	0.01720	0.00977	0.00654	0.01006	0.00233	0.13466	0.00744	0.00326	0.00860
9	0.01306	0.01235	0.02089	0.63614	0.15707	0.01479	0.01860	0.01737	0.01346	0.01759	0.01181	0.01735	0.00905	0.00646	0.00657	0.00215	0.00862	0.00585	0.00298	0.00782
10	0.01436	0.01235	0.01299	0.01191	0.01525	0.01380	0.00926	0.02888	0.54507	0.02522	0.03563	0.03431	0.17272	0.01086	0.00700	0.00225	0.00483	0.02752	0.00655	0.00925
11	0.00802	0.00573	0.00764	0.00917	0.00955	0.00535	0.00611	0.00917	0.01260	0.01681	0.03628	0.76434	0.04354	0.02062	0.00840	0.00267	0.00382	0.01872	0.00611	0.00535
12	0.01534	0.01736	0.03760	0.07503	0.03512	0.01652	0.65896	0.02081	0.01538	0.02081	0.01321	0.01774	0.00991	0.00562	0.00769	0.00222	0.01095	0.00764	0.00330	0.00878
13	0.01589	0.01523	0.02600	0.11410	0.65700	0.01554	0.02001	0.01985	0.01480	0.02102	0.01231	0.01642	0.01026	0.00594	0.00652	0.00198	0.00792	0.00586	0.00322	0.01011
14	0.01243	0.01170	0.01975	0.75282	0.04534	0.01463	0.01828	0.01682	0.01316	0.01682	0.01170	0.01755	0.00878	0.00658	0.00658	0.00219	0.00878	0.00585	0.00293	0.00731
15	0.01292	0.01220	0.02062	0.66350	0.13087	0.01475	0.01852	0.01724	0.01339	0.01741	0.01179	0.01739	0.00898	0.00649	0.00657	0.00216	0.00866	0.00585	0.00297	0.00770
16	0.01724	0.01754	0.03139	0.02309	0.02860	0.09449	0.49612	0.02155	0.01560	0.08508	0.01486	0.02000	0.01176	0.08017	0.00997	0.00255	0.01022	0.00745	0.00384	0.00848
17	0.02822	0.01091	0.01486	0.01149	0.01635	0.00945	0.00945	0.03080	0.01883	0.68611	0.07150	0.02415	0.01928	0.00849	0.00669	0.00204	0.00544	0.00697	0.00809	0.01088
18	0.01558	0.01765	0.03825	0.02837	0.06834	0.01660	0.67020	0.02104	0.01551	0.02111	0.01327	0.01769	0.01001	0.00556	0.00771	0.00221	0.01094	0.00768	0.00333	0.00895
19	0.02165	0.01786	0.01935	0.01556	0.02001	0.11763	0.07869	0.35675	0.09140	0.07947	0.01879	0.09875	0.01546	0.00903	0.00682	0.00207	0.00758	0.00747	0.00589	0.00976
20	0.02232	0.01188	0.01536	0.01224	0.01646	0.04569	0.05829	0.06915	0.01865	0.40982	0.10403	0.05757	0.10877	0.00998	0.00700	0.00208	0.00579	0.00847	0.00704	0.00940
21	0.01592	0.01526	0.02604	0.10973	0.66119	0.01554	0.02002	0.01987	0.01481	0.02105	0.01232	0.01642	0.01027	0.00594	0.00652	0.00198	0.00791	0.00586	0.00323	0.01012
22	0.01530	0.38696	0.40002	0.01518	0.02295	0.02043	0.01808	0.02031	0.01365	0.01829	0.01054	0.01230	0.00839	0.00596	0.00528	0.00176	0.00844	0.00422	0.00280	0.00912
23	0.01606	0.01563	0.02560	0.12931	0.62009	0.03777	0.01973	0.01996	0.01487	0.02075	0.01223	0.01632	0.01016	0.00598	0.00651	0.00198	0.00807	0.00581	0.00322	0.00995
24	0.01706	0.01669	0.03406	0.02879	0.17506	0.01576	0.49576	0.02198	0.01575	0.09036	0.01436	0.01791	0.01069	0.00587	0.00740	0.00215	0.00989	0.00727	0.00378	0.00942
25	0.01910	0.01131	0.01771	0.01436	0.01826	0.01065	0.14518	0.02382	0.10257	0.30373	0.02649	0.23080	0.02320	0.01125	0.00736	0.00228	0.00613	0.01036	0.00645	0.00900
26	0.01761	0.01808	0.02499	0.03566	0.58832	0.13083	0.01864	0.02173	0.04235	0.02088	0.01258	0.01591	0.01049	0.00613	0.00643	0.00192	0.00836	0.00567	0.00341	0.00998
27	0.01554	0.01776	0.03885	0.02775	0.03441	0.01665	0.70366	0.02109	0.01554	0.02109	0.01332	0.01776	0.00999	0.00555	0.00777	0.00222	0.01110	0.00777	0.00333	0.00888
28	0.01625	0.01403	0.01551	0.08540	0.01996	0.01633	0.01125	0.05348	0.62663	0.02692	0.02499	0.02362	0.01873	0.00867	0.00668	0.00222	0.00562	0.00724	0.00633	0.01014
29	0.01365	0.01170	0.01365	0.00975	0.01560	0.00878	0.00780	0.01658	0.01365	0.02145	0.01170	0.01365	0.00975	0.00488	0.00488	0.00098	0.00488	0.00390	0.00390	0.80888
30	0.02184	0.01292	0.01505	0.01270	0.01699	0.01359	0.01011	0.03378	0.42634	0.32010	0.02645	0.02367	0.01852	0.00861	0.00667	0.00215	0.00537	0.00710	0.00730	0.01075
31	0.02503	0.01844	0.01976	0.01515	0.02042	0.02042	0.01251	0.70562	0.03095	0.04149	0.01581	0.01581	0.01120	0.00790	0.00659	0.00198	0.00724	0.00593	0.00659	0.01120
32	0.02153	0.01394	0.01578	0.01308	0.01754	0.01487	0.01047	0.14775	0.37434	0.23196	0.02416	0.02207	0.01713	0.00839	0.00659	0.00209	0.00566	0.00682	0.00700	0.03882
33	0.01243	0.01170	0.01975	0.75282	0.04534	0.01463	0.01828	0.01682	0.01316	0.01682	0.01170	0.01755	0.00878	0.00658	0.00658	0.00219	0.00878	0.00585	0.00293	0.00731
34	0.01877	0.01680	0.03244	0.02349	0.02967	0.01610	0.49929	0.10816	0.03605	0.12676	0.01581	0.01836	0.01131	0.00631	0.00743	0.00216	0.00967	0.00737	0.00452	0.00954
35	0.02954	0.01120	0.01528	0.01171	0.01681	0.00968	0.00968	0.03208	0.01884	0.73213	0.02597	0.02241	0.01630	0.00815	0.00662	0.00204	0.00560	0.00662	0.00815	0.01120
36	0.81514	0.01273	0.00968	0.00866	0.01273	0.01477	0.00713	0.01935	0.01120	0.02954	0.00917	0.01069	0.00713	0.00611	0.00407	0.00204	0.00509	0.00356	0.00407	0.00713
37	0.01059	0.00818	0.01031	0.00967	0.00983	0.00948	0.00666	0.01123	0.01020	0.01429	0.05234	0.03589	0.02194	0.51367	0.08403	0.00574	0.16846	0.00867	0.00387	0.00493
38	0.77609	0.04994	0.01089	0.00878	0.01294	0.01532	0.00733	0.01937	0.01131	0.02885	0.00917	0.01069	0.00719	0.00609	0.00408	0.00201	0.00519	0.00356	0.00401	0.00719
39	0.81514	0.01273	0.00968	0.00866	0.01273	0.01477	0.00713	0.01935	0.01120	0.02954	0.00917	0.01069	0.00713	0.00611	0.00407	0.00204	0.00509	0.00356	0.00407	0.00713
40	0.02503	0.01844	0.01976	0.01515	0.02042	0.02042	0.01251	0.70562	0.03095	0.04149	0.01581	0.01581	0.01120	0.00790	0.00659	0.00198	0.00724	0.00593	0.00659	0.01120
41	0.02473	0.01829	0.01959	0.01509	0.02030	0.02028	0.01244	0.68258	0.05448	0.04101	0.01618	0.01611	0.01150	0.00794	0.00659	0.00198	0.00717	0.00598	0.00659	0.01117
42	0.07698	0.02168	0.01814	0.01492	0.01943	0.27215	0.01187	0.33566	0.02379	0.12063	0.01470	0.01494	0.01063	0.00742	0.00620	0.00189	0.00852	0.00527	0.00550	0.00968
43	0.02544	0.01861	0.01925	0.01493	0.02006	0.06797	0.01225	0.59435	0.02895	0.10698	0.01642	0.01618	0.01151	0.00785	0.00655	0.00196	0.00740	0.00588	0.00652	0.01096
44	0.00808	0.00668	0.00709	0.00699	0.00908	0.00569	0.00524	0.01004	0.01572	0.01949	0.19685	0.06055	0.59368	0.01604	0.00778	0.00219	0.00329	0.01350	0.00634	0.00569
45	0.00802	0.00573	0.00764	0.00917	0.00955	0.00535	0.00611	0.00917	0.01260	0.01681	0.03628	0.76434	0.04354	0.02062	0.00840	0.00267	0.00382	0.01872	0.00611	0.00535
46	0.01629	0.01564	0.02672	0.04041	0.72757	0.01564	0.02020	0.02020	0.01499	0.02151	0.01238	0.01629	0.01043	0.00587	0.00652	0.00196	0.00782	0.00587	0.00326	0.01043
47	0.00810	0.00628	0.00732	0.00789	0.00922	0.00557	0.00557	0.00968	0.01430	0.01824	0.12834	0.34757	0.35264	0.03728	0.00870	0.00250	0.00358	0.01552	0.00619	0.00551
48	0.01147	0.00732	0.01035	0.01000	0.01137	0.00800	0.00757	0.01347	0.01131	0.08488	0.01907	0.02834	0.01769	0.16313	0.53265	0.00880	0.01419	0.00740	0.02690	0.00609
49	0.01637	0.01414	0.01489	0.01340	0.01712	0.01637	0.01042	0.03498	0.71568	0.02754	0.02679	0.02456	0.02010	0.00893	0.00670	0.00223	0.00521	0.00744	0.00670	0.01042
50	0.01731	0.72443	0.08015	0.01175	0.01765	0.02535	0.01212	0.01979	0.01341	0.01584	0.00933	0.01078	0.00844	0.00567	0.00436	0.00145	0.00722	0.00361	0.00281	0.00853
51	0.01363	0.10591	0.66642	0.01803	0.02736	0.01634	0.02305	0.02074	0.01385	0.02033	0.01156	0.01357	0.00835	0.00619	0.00606	0.00202	0.00947	0.00473	0.00278	0.00960
52	0.02910	0.01191	0.01571	0.01205	0.01716	0.01072	0.00995	0.09762	0.02002	0.66493	0.02498	0.02176	0.01580	0.00812	0.00662	0.00203	0.00576	0.00655	0.00800	0.01120

[dist]
# distance from previous block
# <min> <max>
0	2

[block]
# block no. 1 follows, 33 sequences, length 34
# corresponding to MSA columns:
# 57-90
name=unknown_B
#
# <colnr> <probs for GDERKNQSTAVLIFYWHMCP>
#	G	D	E	R	K	N	Q	S	T	A	V	L	I	F	Y	W	H	M	C	P
0	0.02386	0.11211	0.02052	0.01615	0.01998	0.58959	0.01254	0.09459	0.01932	0.01862	0.01063	0.01213	0.00875	0.00677	0.00581	0.00169	0.01087	0.00433	0.00365	0.00808
1	0.69012	0.01302	0.01089	0.00939	0.01364	0.01474	0.00774	0.07044	0.01330	0.09074	0.01109	0.01207	0.00821	0.00642	0.00448	0.00203	0.00529	0.00400	0.00461	0.00778
2	0.00830	0.00599	0.00741	0.00841	0.00898	0.00559	0.00553	0.00929	0.01232	0.01612	0.03738	0.52013	0.13476	0.17177	0.01341	0.00336	0.00427	0.01619	0.00568	0.00510
3	0.01308	0.01205	0.01975	0.71477	0.04406	0.01492	0.01799	0.05234	0.01408	0.01809	0.01191	0.01746	0.00890	0.00665	0.00658	0.00218	0.00870	0.00585	0.00311	0.00751
4	0.00922	0.00668	0.00839	0.00799	0.00938	0.00618	0.00580	0.01177	0.01706	0.02375	0.56938	0.04954	0.11369	0.11924	0.01136	0.00269	0.00358	0.01175	0.00669	0.00584
5	0.01760	0.77260	0.03450	0.01126	0.01690	0.02605	0.01126	0.01971	0.01338	0.01549	0.00915	0.01056	0.00845	0.00563	0.00422	0.00141	0.00704	0.00352	0.00282	0.00845
6	0.01629	0.01326	0.01507	0.01100	0.01672	0.01147	0.00889	0.17613	0.01766	0.02609	0.01265	0.01415	0.01009	0.00558	0.00527	0.00121	0.00542	0.00437	0.00452	0.62417
7	0.00802	0.00573	0.00764	0.00917	0.00955	0.00535	0.00611	0.00917	0.01260	0.01681	0.03628	0.76434	0.04354	0.02062	0.00840	0.00267	0.00382	0.01872	0.00611	0.00535
8	0.00897	0.00672	0.00832	0.00792	0.00962	0.00606	0.00594	0.01175	0.01782	0.02446	0.57580	0.05237	0.21163	0.01418	0.00777	0.00210	0.00316	0.01235	0.00699	0.00606
9	0.01200	0.00735	0.00950	0.00861	0.01072	0.00663	0.00658	0.01489	0.01832	0.12418	0.56364	0.04679	0.11915	0.01302	0.00761	0.00208	0.00348	0.01136	0.00726	0.00685
10	0.00852	0.00608	0.00821	0.00973	0.01033	0.00577	0.00697	0.01002	0.01309	0.01736	0.03601	0.63234	0.04246	0.02016	0.00853	0.00274	0.00425	0.14583	0.00610	0.00548
11	0.00957	0.00638	0.00718	0.00718	0.00718	0.00638	0.00399	0.00957	0.00957	0.01276	0.02074	0.04308	0.02393	0.76864	0.03351	0.00638	0.00638	0.00957	0.00399	0.00399
12	0.00829	0.00592	0.00795	0.00948	0.00998	0.00558	0.00659	0.00964	0.01287	0.01711	0.03613	0.69128	0.04294	0.02037	0.00848	0.00271	0.00406	0.08907	0.00611	0.00542
13	0.02657	0.01342	0.01634	0.01280	0.01775	0.01329	0.01049	0.20017	0.11922	0.46175	0.02356	0.02106	0.01556	0.00820	0.00662	0.00205	0.00596	0.00656	0.00756	0.01109
14	0.01184	0.00720	0.00923	0.00845	0.01009	0.00667	0.00613	0.01418	0.01662	0.10949	0.48019	0.04453	0.04791	0.18317	0.01343	0.00304	0.00415	0.01073	0.00662	0.00632
15	0.67873	0.01247	0.01065	0.00919	0.01344	0.01388	0.00757	0.02156	0.01253	0.15154	0.01208	0.01273	0.00872	0.00646	0.00452	0.00204	0.00518	0.00410	0.00478	0.00784
16	0.00957	0.00638	0.00718	0.00718	0.00718	0.00638	0.00399	0.00957	0.00957	0.01276	0.02074	0.04308	0.02393	0.76864	0.03351	0.00638	0.00638	0.00957	0.00399	0.00399
17	0.00801	0.00668	0.00699	0.00691	0.00903	0.00566	0.00518	0.00989	0.01555	0.01907	0.16499	0.06124	0.62580	0.01619	0.00778	0.00220	0.00330	0.01360	0.00628	0.00566
18	0.01039	0.00741	0.00830	0.00822	0.00877	0.00769	0.00507	0.01309	0.10849	0.01518	0.02292	0.10243	0.02508	0.59827	0.02761	0.00548	0.00600	0.01006	0.00455	0.00500
19	0.02273	0.01647	0.01757	0.01378	0.01844	0.01818	0.01128	0.56953	0.06904	0.03830	0.01725	0.01754	0.01252	0.00793	0.00632	0.00193	0.00654	0.00605	0.11817	0.01044
20	0.00910	0.00672	0.00850	0.00806	0.00970	0.00612	0.00604	0.01201	0.01813	0.02520	0.63225	0.05116	0.15472	0.01391	0.00777	0.00209	0.00314	0.01218	0.00709	0.00612
21	0.00904	0.00685	0.00825	0.00837	0.01002	0.00626	0.00646	0.01135	0.01586	0.02080	0.29000	0.05874	0.29261	0.08040	0.01024	0.00269	0.00406	0.14591	0.00632	0.00576
22	0.14335	0.01125	0.01369	0.01089	0.01540	0.01056	0.00892	0.06714	0.01816	0.48999	0.07631	0.02482	0.06292	0.00876	0.00640	0.00205	0.00530	0.00697	0.00725	0.00987
23	0.00820	0.00601	0.00775	0.00906	0.00979	0.00556	0.00633	0.00957	0.01315	0.01718	0.04042	0.60965	0.13827	0.01987	0.00837	0.00264	0.00394	0.07270	0.00611	0.00544
24	0.01440	0.01440	0.02016	0.01728	0.01728	0.02016	0.01440	0.01584	0.01008	0.01584	0.00864	0.01440	0.00864	0.01152	0.02160	0.00288	0.75659	0.00576	0.00288	0.00720
25	0.00905	0.00651	0.00813	0.00805	0.00918	0.00606	0.00565	0.01113	0.01564	0.02155	0.42758	0.15338	0.10873	0.16494	0.01298	0.00303	0.00388	0.01260	0.00634	0.00559
26	0.00951	0.00673	0.00856	0.00882	0.01033	0.00618	0.00667	0.01184	0.01602	0.04297	0.31517	0.22452	0.18197	0.01629	0.00807	0.00238	0.00381	0.10755	0.00662	0.00601
27	0.02552	0.01661	0.01615	0.01327	0.01767	0.17660	0.01057	0.10258	0.09299	0.38615	0.05740	0.02093	0.01674	0.00817	0.00653	0.00198	0.00702	0.00637	0.00671	0.01006
28	0.01629	0.01564	0.02672	0.04041	0.72757	0.01564	0.02020	0.02020	0.01499	0.02151	0.01238	0.01629	0.01043	0.00587	0.00652	0.00196	0.00782	0.00587	0.00326	0.01043
29	0.00952	0.00686	0.00879	0.00883	0.01020	0.00648	0.00675	0.01204	0.01628	0.02229	0.42103	0.05484	0.10213	0.12476	0.01181	0.00292	0.00424	0.15797	0.00643	0.00581
30	0.01929	0.01486	0.01603	0.01357	0.01783	0.01659	0.01077	0.19296	0.47960	0.08197	0.02363	0.02197	0.01737	0.00850	0.00661	0.00212	0.00571	0.00691	0.00669	0.03703
31	0.64124	0.01286	0.01161	0.01014	0.01369	0.01518	0.00837	0.01977	0.01160	0.07873	0.01031	0.01209	0.00802	0.00705	0.00681	0.00216	0.11462	0.00411	0.00420	0.00744
32	0.01671	0.01390	0.02194	0.10489	0.38937	0.03539	0.05650	0.02018	0.01548	0.11957	0.02211	0.02409	0.11508	0.00784	0.00678	0.00204	0.00727	0.00720	0.00433	0.00932
33	0.01049	0.00826	0.00934	0.00926	0.01121	0.00815	0.00682	0.06397	0.11364	0.02149	0.11980	0.29222	0.26845	0.01595	0.00775	0.00234	0.00402	0.01384	0.00635	0.00665

[dist]
# distance from previous block
# <min> <max>
0	2

# created by:
# /home/berkeley/.conda/envs/busco_data_prod/bin/msa2prfl.pl pipeline/OGs_align_augustus/4893/38354.fs
