[name]
unknown

[dist]
# distance from previous block
# <min> <max>
0	19

[block]
# block no. 0 follows, 29 sequences, length 81
# corresponding to MSA columns:
# 19-59,63-102
name=unknown_A
#
# <colnr> <probs for GDERKNQSTAVLIFYWHMCP>
#	G	D	E	R	K	N	Q	S	T	A	V	L	I	F	Y	W	H	M	C	P
0	0.01704	0.29467	0.11344	0.01624	0.02181	0.05538	0.10634	0.04927	0.04846	0.02157	0.05573	0.02775	0.01862	0.00923	0.00679	0.00215	0.00835	0.11378	0.00437	0.00899
1	0.01887	0.09436	0.02427	0.25556	0.20494	0.08018	0.01728	0.09616	0.06691	0.05240	0.01474	0.01786	0.01141	0.00725	0.00678	0.00214	0.00872	0.00608	0.00426	0.00982
2	0.01128	0.00939	0.01253	0.05568	0.01544	0.04883	0.00983	0.01392	0.01210	0.01668	0.01824	0.02659	0.01682	0.04804	0.63843	0.01036	0.01814	0.00738	0.00377	0.00656
3	0.01699	0.02119	0.11971	0.02906	0.07348	0.01794	0.53697	0.05064	0.01727	0.02374	0.01427	0.01854	0.01068	0.00622	0.00808	0.00236	0.01145	0.00783	0.00368	0.00991
4	0.04389	0.32146	0.09356	0.14738	0.09535	0.04245	0.03407	0.04426	0.01568	0.05896	0.01243	0.01507	0.00999	0.00686	0.00648	0.00197	0.03188	0.00516	0.00366	0.00943
5	0.01647	0.01502	0.02506	0.07844	0.55145	0.01529	0.01917	0.02053	0.01567	0.02290	0.01473	0.01927	0.01230	0.00946	0.05028	0.00265	0.00863	0.00645	0.08593	0.01029
6	0.00873	0.00749	0.00752	0.00746	0.00992	0.00641	0.00561	0.01116	0.03924	0.01960	0.07067	0.06710	0.67928	0.01775	0.00838	0.00240	0.00368	0.01479	0.00663	0.00619
7	0.73766	0.07291	0.01261	0.00959	0.01413	0.01695	0.00807	0.02096	0.01231	0.03073	0.00991	0.01156	0.00783	0.00657	0.00442	0.00215	0.00568	0.00385	0.00430	0.00783
8	0.01383	0.00869	0.01005	0.01107	0.06192	0.00893	0.00744	0.04609	0.07755	0.02599	0.02542	0.14454	0.02257	0.01061	0.00611	0.00199	0.00424	0.00899	0.49649	0.00750
9	0.01128	0.00808	0.00965	0.00920	0.00987	0.00845	0.00607	0.04287	0.01338	0.01828	0.13552	0.06672	0.04711	0.48177	0.05706	0.00565	0.04785	0.01067	0.00507	0.00545
10	0.00890	0.00711	0.00780	0.00784	0.00974	0.00619	0.00569	0.01082	0.01632	0.02054	0.18714	0.12579	0.46945	0.07209	0.01054	0.00275	0.00385	0.01474	0.00668	0.00600
11	0.01604	0.02252	0.18763	0.02598	0.03273	0.01831	0.42451	0.02181	0.01544	0.02181	0.01321	0.01768	0.01017	0.00724	0.01052	0.00249	0.13167	0.00735	0.00339	0.00951
12	0.00859	0.00722	0.00746	0.00740	0.00972	0.00609	0.00555	0.01056	0.01664	0.02021	0.13815	0.06692	0.63582	0.01767	0.00841	0.00239	0.00358	0.01480	0.00674	0.00609
13	0.01477	0.01266	0.01477	0.01055	0.01687	0.00949	0.00844	0.01793	0.01477	0.02320	0.01266	0.01477	0.01055	0.00527	0.00527	0.00105	0.00527	0.00422	0.00422	0.79328
14	0.02536	0.03177	0.02071	0.01956	0.05387	0.63614	0.01427	0.02729	0.01930	0.01768	0.01100	0.01327	0.00928	0.00767	0.00771	0.00194	0.06639	0.00479	0.00362	0.00836
15	0.00927	0.00709	0.00850	0.00847	0.01022	0.00632	0.00623	0.01175	0.01776	0.02363	0.37465	0.16220	0.29418	0.01697	0.00851	0.00240	0.00356	0.01476	0.00721	0.00632
16	0.80005	0.01377	0.01047	0.00936	0.01377	0.01597	0.00771	0.02093	0.01212	0.03195	0.00991	0.01157	0.00771	0.00661	0.00441	0.00220	0.00551	0.00386	0.00441	0.00771
17	0.01383	0.01305	0.02205	0.66965	0.10905	0.01592	0.01997	0.01853	0.01442	0.01866	0.01272	0.01886	0.00966	0.00705	0.00711	0.00235	0.00940	0.00633	0.00320	0.00822
18	0.74301	0.01365	0.01092	0.00961	0.01410	0.01556	0.00792	0.02195	0.01273	0.08232	0.01126	0.01251	0.00845	0.00677	0.00461	0.00220	0.00555	0.00410	0.00473	0.00804
19	0.01680	0.01973	0.07177	0.03140	0.12669	0.01779	0.56042	0.02267	0.01664	0.02286	0.01419	0.01880	0.01078	0.00608	0.00814	0.00236	0.01146	0.00798	0.00356	0.00987
20	0.00866	0.00648	0.00805	0.00922	0.01016	0.00587	0.00632	0.01011	0.01449	0.01878	0.06927	0.55603	0.20870	0.02100	0.00890	0.00275	0.00398	0.01872	0.00665	0.00587
21	0.01693	0.01621	0.02765	0.15785	0.59659	0.01674	0.02151	0.02125	0.01589	0.02242	0.01327	0.01785	0.01098	0.00647	0.00706	0.00216	0.00863	0.00634	0.00346	0.01072
22	0.01018	0.00759	0.01124	0.01124	0.01244	0.00879	0.00864	0.01258	0.01138	0.01638	0.01926	0.02902	0.01826	0.09265	0.68291	0.01119	0.01839	0.00778	0.00384	0.00624
23	0.00934	0.00725	0.00849	0.00818	0.01018	0.00640	0.00614	0.01201	0.01841	0.02441	0.42149	0.06002	0.34986	0.01610	0.00841	0.00231	0.00347	0.01383	0.00729	0.00640
24	0.80005	0.01377	0.01047	0.00936	0.01377	0.01597	0.00771	0.02093	0.01212	0.03195	0.00991	0.01157	0.00771	0.00661	0.00441	0.00220	0.00551	0.00386	0.00441	0.00771
25	0.01826	0.01470	0.03698	0.01240	0.01811	0.01283	0.01026	0.18193	0.04238	0.06343	0.05664	0.04223	0.01615	0.00755	0.00624	0.00159	0.00596	0.00610	0.00552	0.44074
26	0.00995	0.00727	0.00935	0.00883	0.01056	0.00667	0.00662	0.01320	0.01986	0.02786	0.65483	0.05433	0.11436	0.01482	0.00840	0.00225	0.00338	0.01304	0.00775	0.00667
27	0.01730	0.32161	0.38182	0.01680	0.02504	0.05139	0.01955	0.05328	0.01589	0.02107	0.01176	0.01360	0.00922	0.00661	0.00589	0.00194	0.00934	0.00471	0.00324	0.00995
28	0.22927	0.05017	0.01640	0.01381	0.01795	0.17861	0.01100	0.05617	0.22192	0.06424	0.01893	0.02151	0.01511	0.00868	0.00633	0.00222	0.00751	0.04532	0.00553	0.00933
29	0.01762	0.01692	0.02890	0.04371	0.70533	0.01692	0.02185	0.02185	0.01621	0.02326	0.01339	0.01762	0.01128	0.00634	0.00705	0.00211	0.00846	0.00634	0.00352	0.01128
30	0.01745	0.01819	0.11507	0.05413	0.09106	0.03969	0.10612	0.03960	0.01640	0.08207	0.01437	0.01671	0.01099	0.00624	0.00643	0.00173	0.00786	0.00558	0.00430	0.34601
31	0.80005	0.01377	0.01047	0.00936	0.01377	0.01597	0.00771	0.02093	0.01212	0.03195	0.00991	0.01157	0.00771	0.00661	0.00441	0.00220	0.00551	0.00386	0.00441	0.00771
32	0.01095	0.00885	0.01068	0.01060	0.01262	0.00921	0.00823	0.01601	0.12108	0.02127	0.10402	0.11400	0.25011	0.02370	0.14824	0.00432	0.03158	0.08131	0.00616	0.00706
33	0.01029	0.00715	0.00900	0.00900	0.00943	0.00757	0.00586	0.01115	0.01072	0.01472	0.02131	0.04034	0.02317	0.51575	0.26653	0.00843	0.01099	0.00944	0.00415	0.00500
34	0.01858	0.00916	0.01224	0.01040	0.01357	0.00818	0.00818	0.02171	0.02024	0.29372	0.43961	0.04193	0.04791	0.01232	0.00792	0.00223	0.00441	0.01065	0.00822	0.00882
35	0.80005	0.01377	0.01047	0.00936	0.01377	0.01597	0.00771	0.02093	0.01212	0.03195	0.00991	0.01157	0.00771	0.00661	0.00441	0.00220	0.00551	0.00386	0.00441	0.00771
36	0.00964	0.00723	0.00875	0.00839	0.01014	0.00654	0.00618	0.01232	0.01835	0.02490	0.47796	0.05692	0.23890	0.07011	0.01047	0.00263	0.00369	0.01328	0.00724	0.00635
37	0.01946	0.71410	0.03636	0.01253	0.01848	0.06661	0.01227	0.02172	0.01479	0.01679	0.00996	0.01150	0.00914	0.00616	0.00467	0.00154	0.00790	0.00385	0.00308	0.00909
38	0.00878	0.00628	0.00836	0.00984	0.01035	0.00585	0.00662	0.01018	0.01412	0.01895	0.08843	0.69372	0.04859	0.02173	0.00904	0.00284	0.00407	0.01970	0.00670	0.00585
39	0.00894	0.00636	0.00840	0.00978	0.01020	0.00609	0.00651	0.01013	0.01316	0.01762	0.03626	0.62824	0.04309	0.10050	0.05526	0.00383	0.00533	0.01844	0.00620	0.00566
40	0.03085	0.01277	0.01680	0.01300	0.01843	0.01158	0.01070	0.07421	0.05906	0.63145	0.02747	0.02393	0.01752	0.00884	0.00716	0.00221	0.00614	0.00717	0.00862	0.01207
41	0.15408	0.02940	0.01826	0.01642	0.02036	0.56421	0.01246	0.02660	0.01854	0.02016	0.01092	0.01274	0.00901	0.00710	0.00602	0.00185	0.01120	0.00444	0.00382	0.05241
42	0.01143	0.01164	0.00936	0.00906	0.01167	0.12450	0.00679	0.01324	0.01688	0.01894	0.06201	0.05930	0.58758	0.01626	0.00809	0.00231	0.00514	0.01330	0.00612	0.00638
43	0.80005	0.01377	0.01047	0.00936	0.01377	0.01597	0.00771	0.02093	0.01212	0.03195	0.00991	0.01157	0.00771	0.00661	0.00441	0.00220	0.00551	0.00386	0.00441	0.00771
44	0.01762	0.01692	0.02890	0.04371	0.70533	0.01692	0.02185	0.02185	0.01621	0.02326	0.01339	0.01762	0.01128	0.00634	0.00705	0.00211	0.00846	0.00634	0.00352	0.01128
45	0.02660	0.03394	0.02018	0.01834	0.02201	0.72116	0.01376	0.02843	0.02018	0.01743	0.01101	0.01284	0.00917	0.00734	0.00642	0.00183	0.01284	0.00459	0.00367	0.00825
46	0.02041	0.62330	0.03420	0.01330	0.01895	0.15399	0.01247	0.02261	0.01551	0.01688	0.01010	0.01168	0.00914	0.00632	0.00491	0.00158	0.00856	0.00395	0.00316	0.00898
47	0.80005	0.01377	0.01047	0.00936	0.01377	0.01597	0.00771	0.02093	0.01212	0.03195	0.00991	0.01157	0.00771	0.00661	0.00441	0.00220	0.00551	0.00386	0.00441	0.00771
48	0.02322	0.01785	0.01901	0.01541	0.02038	0.02003	0.01246	0.42437	0.27738	0.03877	0.02167	0.02087	0.01585	0.00895	0.00711	0.00223	0.00689	0.00703	0.02887	0.01165
49	0.01034	0.00695	0.00800	0.00800	0.00808	0.00703	0.00460	0.01050	0.01042	0.01398	0.02223	0.04543	0.02538	0.70617	0.07913	0.00719	0.00766	0.01018	0.00428	0.00444
50	0.05564	0.01904	0.05652	0.16326	0.09282	0.15445	0.16713	0.02113	0.01641	0.02092	0.01741	0.05346	0.01590	0.00924	0.00760	0.00239	0.00984	0.10425	0.00409	0.00851
51	0.73553	0.03788	0.01188	0.00981	0.01434	0.01668	0.00815	0.05463	0.01328	0.03212	0.01028	0.01184	0.00798	0.00669	0.00455	0.00218	0.00569	0.00398	0.00450	0.00798
52	0.01500	0.01415	0.02373	0.36263	0.34327	0.01556	0.01962	0.01933	0.01544	0.02092	0.04126	0.02175	0.04192	0.00751	0.00719	0.00225	0.00854	0.00695	0.00365	0.00931
53	0.01459	0.01381	0.02354	0.48077	0.23615	0.01577	0.03780	0.01915	0.01516	0.02027	0.04529	0.02021	0.01275	0.00721	0.00719	0.00229	0.00897	0.00670	0.00350	0.00887
54	0.01017	0.00763	0.01144	0.01144	0.01272	0.00890	0.00890	0.01272	0.01144	0.01653	0.01907	0.02797	0.01780	0.05340	0.72153	0.01144	0.01907	0.00763	0.00381	0.00636
55	0.01036	0.00690	0.00777	0.00777	0.00777	0.00690	0.00431	0.01036	0.01036	0.01381	0.02244	0.04660	0.02589	0.74975	0.03624	0.00690	0.00690	0.01036	0.00431	0.00431
56	0.01722	0.09168	0.37491	0.02156	0.06021	0.12356	0.11656	0.02373	0.04125	0.02146	0.01303	0.01558	0.00990	0.00696	0.00733	0.00218	0.03390	0.00568	0.00338	0.00991
57	0.01831	0.01516	0.01612	0.01441	0.01850	0.01740	0.01124	0.03770	0.66399	0.05862	0.02894	0.02647	0.02156	0.00962	0.00724	0.00241	0.00565	0.00801	0.00731	0.01131
58	0.01534	0.03030	0.51583	0.01821	0.02680	0.01604	0.02177	0.09154	0.05876	0.02603	0.09465	0.02041	0.01691	0.00804	0.00702	0.00225	0.00911	0.00644	0.00426	0.01029
59	0.01021	0.00749	0.01072	0.01072	0.01174	0.00851	0.00799	0.01225	0.01123	0.01599	0.01974	0.03166	0.01940	0.19116	0.58596	0.01055	0.01667	0.00817	0.00391	0.00595
60	0.01595	0.01345	0.01537	0.01136	0.01741	0.01123	0.00909	0.06759	0.08457	0.02542	0.01462	0.01613	0.01179	0.00595	0.00561	0.00127	0.00549	0.00476	0.00473	0.65819
61	0.01724	0.01863	0.03627	0.10731	0.09652	0.03868	0.47443	0.05314	0.01715	0.02303	0.01398	0.01863	0.01067	0.00653	0.00853	0.00237	0.03590	0.00771	0.00370	0.00958
62	0.02707	0.01995	0.02137	0.01638	0.02208	0.02208	0.01353	0.68159	0.03348	0.04488	0.01710	0.01710	0.01211	0.00855	0.00712	0.00214	0.00784	0.00641	0.00712	0.01211
63	0.80005	0.01377	0.01047	0.00936	0.01377	0.01597	0.00771	0.02093	0.01212	0.03195	0.00991	0.01157	0.00771	0.00661	0.00441	0.00220	0.00551	0.00386	0.00441	0.00771
64	0.00866	0.00627	0.00818	0.00971	0.01028	0.00580	0.00652	0.00994	0.01383	0.01826	0.04169	0.69486	0.09576	0.02199	0.00904	0.00286	0.00409	0.01986	0.00661	0.00580
65	0.01036	0.00690	0.00777	0.00777	0.00777	0.00690	0.00431	0.01036	0.01036	0.01381	0.02244	0.04660	0.02589	0.74975	0.03624	0.00690	0.00690	0.01036	0.00431	0.00431
66	0.00977	0.00920	0.00818	0.00804	0.01054	0.05912	0.00603	0.01157	0.01652	0.01910	0.06760	0.06439	0.65096	0.01724	0.00827	0.00236	0.00429	0.01425	0.00639	0.00618
67	0.01648	0.01851	0.03929	0.08152	0.03700	0.01807	0.59137	0.02213	0.01627	0.02213	0.01398	0.01898	0.01062	0.00647	0.00919	0.00244	0.05451	0.00812	0.00354	0.00937
68	0.00942	0.00625	0.00839	0.00964	0.00995	0.00594	0.00636	0.00984	0.01265	0.01687	0.03345	0.56943	0.03965	0.08082	0.01436	0.13409	0.00469	0.01712	0.00584	0.00522
69	0.01724	0.02283	0.19671	0.02341	0.03105	0.03972	0.35520	0.05363	0.01712	0.04705	0.01426	0.01746	0.01058	0.00635	0.00742	0.00214	0.01036	0.00682	0.00389	0.11676
70	0.01762	0.01692	0.02890	0.04371	0.70533	0.01692	0.02185	0.02185	0.01621	0.02326	0.01339	0.01762	0.01128	0.00634	0.00705	0.00211	0.00846	0.00634	0.00352	0.01128
71	0.00974	0.00727	0.00905	0.00860	0.01043	0.00657	0.00645	0.01278	0.01935	0.02664	0.57242	0.05634	0.19754	0.01527	0.00840	0.00227	0.00341	0.01332	0.00759	0.00657
72	0.02853	0.06904	0.04786	0.01325	0.01885	0.01336	0.01148	0.11592	0.02140	0.50976	0.05795	0.02340	0.01837	0.00877	0.00701	0.00215	0.00646	0.00702	0.00787	0.01156
73	0.07980	0.01998	0.01967	0.01736	0.05170	0.15887	0.01329	0.27525	0.02164	0.02883	0.01317	0.01597	0.01062	0.01034	0.01198	0.07457	0.15700	0.00580	0.00488	0.00928
74	0.00870	0.00629	0.00824	0.00973	0.01030	0.00582	0.00655	0.01004	0.01397	0.01854	0.06059	0.68661	0.08463	0.02184	0.00903	0.00285	0.00408	0.01973	0.00665	0.00582
75	0.00863	0.00690	0.00773	0.00820	0.00992	0.00600	0.00589	0.01038	0.01572	0.01965	0.11205	0.28071	0.44498	0.01910	0.00863	0.00255	0.00375	0.01650	0.00671	0.00600
76	0.01615	0.30238	0.34329	0.01563	0.02379	0.01974	0.01804	0.02132	0.01478	0.02048	0.01168	0.01363	0.00932	0.00626	0.00569	0.00178	0.00856	0.00454	0.00322	0.13970
77	0.02109	0.02113	0.06426	0.09678	0.08636	0.16385	0.16949	0.12623	0.02001	0.09390	0.01834	0.02040	0.04952	0.00782	0.00732	0.00219	0.00981	0.00697	0.00477	0.00978
78	0.02643	0.01364	0.01820	0.04962	0.02081	0.03509	0.05180	0.07845	0.04049	0.44601	0.04353	0.02628	0.01855	0.00909	0.00729	0.00221	0.00684	0.04373	0.00747	0.05447
79	0.06895	0.01904	0.05982	0.01648	0.02203	0.01955	0.06845	0.42476	0.11626	0.03790	0.01816	0.01866	0.01322	0.00825	0.00694	0.00218	0.00763	0.00659	0.05401	0.01111
80	0.07507	0.06242	0.03683	0.04062	0.04672	0.14707	0.01082	0.07574	0.06648	0.02326	0.06378	0.04721	0.13214	0.06654	0.00903	0.00242	0.00727	0.00807	0.00509	0.07343

[dist]
# distance from previous block
# <min> <max>
4	93

[block]
# block no. 1 follows, 29 sequences, length 18
# corresponding to MSA columns:
# 202-219
name=unknown_B
#
# <colnr> <probs for GDERKNQSTAVLIFYWHMCP>
#	G	D	E	R	K	N	Q	S	T	A	V	L	I	F	Y	W	H	M	C	P
0	0.01618	0.13218	0.09121	0.04234	0.01907	0.03441	0.01240	0.15325	0.01890	0.02472	0.02712	0.09108	0.11425	0.01343	0.03708	0.00262	0.00752	0.09340	0.00526	0.06357
1	0.05400	0.06766	0.06191	0.01520	0.01971	0.01781	0.03568	0.20646	0.22631	0.03029	0.02296	0.07840	0.01977	0.01070	0.00788	0.00240	0.03288	0.07376	0.00614	0.01009
2	0.01778	0.06679	0.01790	0.04394	0.01864	0.08810	0.03220	0.14929	0.08349	0.05115	0.15224	0.09123	0.06028	0.01172	0.00852	0.00232	0.05192	0.03762	0.00607	0.00880
3	0.01712	0.21228	0.07792	0.01471	0.01967	0.06028	0.08801	0.04769	0.01719	0.06931	0.10634	0.02878	0.09715	0.00971	0.00751	0.00208	0.03696	0.03588	0.00492	0.04647
4	0.01723	0.01297	0.04610	0.01246	0.01740	0.01085	0.02933	0.07550	0.01738	0.13155	0.08399	0.02514	0.01961	0.01499	0.11463	0.00320	0.00800	0.03489	0.00550	0.31928
5	0.01608	0.01375	0.02095	0.27634	0.21213	0.01504	0.01666	0.04975	0.07052	0.05526	0.01767	0.09197	0.01531	0.00884	0.00774	0.00227	0.03299	0.00776	0.00445	0.06451
6	0.02446	0.01852	0.01994	0.01548	0.02103	0.02010	0.01267	0.52287	0.11767	0.04047	0.01815	0.01807	0.01319	0.00833	0.00693	0.00205	0.00726	0.00638	0.00681	0.09961
7	0.01597	0.01262	0.01489	0.01070	0.01697	0.00956	0.00858	0.01911	0.01516	0.07154	0.01374	0.01543	0.01104	0.00552	0.00541	0.00114	0.00533	0.00443	0.00454	0.73832
8	0.01849	0.01568	0.01654	0.01465	0.01881	0.01807	0.01146	0.09127	0.63777	0.03104	0.02800	0.02578	0.02094	0.00957	0.00724	0.00239	0.00582	0.00791	0.00724	0.01134
9	0.01426	0.01212	0.01423	0.01049	0.01633	0.00918	0.00829	0.01726	0.01467	0.02279	0.01486	0.07539	0.01358	0.00669	0.00559	0.00121	0.00518	0.00555	0.00442	0.72792
10	0.01213	0.00972	0.01318	0.17061	0.02092	0.01033	0.01108	0.04538	0.05960	0.02409	0.23740	0.05069	0.13386	0.01399	0.00831	0.00253	0.00581	0.15672	0.00627	0.00737
11	0.07516	0.01304	0.02103	0.62855	0.09165	0.01591	0.01898	0.01866	0.01421	0.01962	0.01249	0.01831	0.00948	0.00703	0.00690	0.00234	0.00911	0.00614	0.00329	0.00813
12	0.06742	0.01725	0.04166	0.03164	0.04880	0.09065	0.01210	0.26025	0.05575	0.03003	0.06683	0.06121	0.05157	0.04590	0.06805	0.00319	0.02475	0.00793	0.00571	0.00930
13	0.11123	0.01462	0.04349	0.01235	0.01564	0.09878	0.01010	0.07809	0.03531	0.03828	0.05262	0.08547	0.06535	0.09086	0.03814	0.00316	0.00739	0.12087	0.00543	0.07281
14	0.10577	0.01675	0.03970	0.14026	0.02418	0.06032	0.01347	0.24376	0.05126	0.06321	0.04645	0.02533	0.04619	0.00961	0.00771	0.00232	0.03601	0.05251	0.00568	0.00953
15	0.06193	0.01464	0.01701	0.21585	0.02606	0.10707	0.04215	0.02009	0.08178	0.02091	0.02477	0.03504	0.08920	0.03715	0.00902	0.00259	0.03102	0.12045	0.00476	0.03853
16	0.04791	0.07888	0.04860	0.01736	0.06850	0.05455	0.05507	0.15470	0.13159	0.07396	0.01731	0.01942	0.01358	0.04358	0.00914	0.00232	0.05586	0.00635	0.00529	0.09605
17	0.02167	0.02009	0.05132	0.01813	0.05198	0.14553	0.08337	0.23135	0.07835	0.07539	0.02051	0.05560	0.04247	0.01214	0.05664	0.00283	0.00946	0.00752	0.00563	0.01002

[dist]
# distance from previous block
# <min> <max>
13	69

[block]
# block no. 2 follows, 29 sequences, length 101
# corresponding to MSA columns:
# 298-398
name=unknown_C
#
# <colnr> <probs for GDERKNQSTAVLIFYWHMCP>
#	G	D	E	R	K	N	Q	S	T	A	V	L	I	F	Y	W	H	M	C	P
0	0.03786	0.07719	0.02122	0.08185	0.07245	0.05956	0.06853	0.11587	0.09719	0.11176	0.02446	0.02635	0.09269	0.01100	0.03412	0.00258	0.02738	0.02281	0.00552	0.00962
1	0.01488	0.01768	0.12697	0.05630	0.07040	0.08130	0.04034	0.06283	0.03615	0.02256	0.08099	0.17654	0.07383	0.01209	0.00878	0.00237	0.06100	0.01015	0.00502	0.03981
2	0.05555	0.01161	0.01202	0.05419	0.01554	0.06608	0.00891	0.10194	0.01810	0.02387	0.09982	0.23525	0.19141	0.01522	0.00795	0.00243	0.00564	0.03860	0.00616	0.02972
3	0.07580	0.01628	0.02435	0.17171	0.17624	0.05703	0.13501	0.07492	0.01766	0.08645	0.03337	0.02082	0.03996	0.00755	0.00713	0.00220	0.00867	0.00694	0.00455	0.03337
4	0.08438	0.08488	0.26356	0.02011	0.07506	0.03993	0.09116	0.11841	0.10640	0.02693	0.01521	0.01683	0.01139	0.00723	0.00669	0.00219	0.00892	0.00596	0.00439	0.01038
5	0.04799	0.00935	0.01248	0.01274	0.04730	0.01006	0.00928	0.01823	0.07703	0.09552	0.02405	0.09251	0.04084	0.03291	0.37181	0.00697	0.01231	0.00869	0.06224	0.00771
6	0.01507	0.07432	0.34979	0.01912	0.02654	0.01604	0.14416	0.07519	0.01678	0.02332	0.02045	0.10838	0.06065	0.00937	0.00735	0.00231	0.00914	0.00834	0.00415	0.00951
7	0.01490	0.01425	0.06510	0.01336	0.01630	0.05924	0.03567	0.11320	0.01761	0.04825	0.03391	0.24300	0.16479	0.03715	0.01056	0.00266	0.08421	0.01227	0.00575	0.00782
8	0.01760	0.08234	0.02438	0.12396	0.31799	0.04862	0.01716	0.02643	0.22054	0.02372	0.01759	0.01975	0.01392	0.00747	0.00687	0.00218	0.00786	0.00656	0.00457	0.01050
9	0.00962	0.00784	0.00847	0.00858	0.01060	0.00726	0.00623	0.01317	0.08506	0.02028	0.09131	0.18507	0.43997	0.06168	0.01009	0.00276	0.00410	0.01487	0.00660	0.00644
10	0.01681	0.15125	0.33889	0.02409	0.17197	0.01874	0.06158	0.02241	0.01528	0.05129	0.01298	0.01566	0.01003	0.00694	0.00757	0.00216	0.05306	0.00558	0.00342	0.01030
11	0.01558	0.01745	0.09063	0.13198	0.28587	0.01573	0.18592	0.02052	0.01599	0.02203	0.01779	0.02641	0.03242	0.00822	0.00773	0.00238	0.00934	0.08049	0.00387	0.00964
12	0.01498	0.01616	0.03401	0.02531	0.03093	0.01517	0.51695	0.01993	0.01617	0.02184	0.02034	0.16213	0.01928	0.00982	0.00861	0.00254	0.01022	0.04258	0.00433	0.00872
13	0.05849	0.04175	0.19062	0.15482	0.03169	0.07229	0.18690	0.04265	0.07792	0.02274	0.01478	0.01869	0.01140	0.03496	0.00820	0.00245	0.00988	0.00658	0.00388	0.00931
14	0.01659	0.01848	0.09573	0.33247	0.03817	0.06539	0.19097	0.02300	0.07234	0.05476	0.01513	0.01911	0.01119	0.00710	0.00738	0.00233	0.00999	0.00683	0.00392	0.00913
15	0.01554	0.02742	0.39819	0.06283	0.15980	0.01684	0.07093	0.02434	0.11000	0.02348	0.01527	0.01766	0.01139	0.00705	0.00703	0.00227	0.00950	0.00615	0.00375	0.01057
16	0.00944	0.00808	0.01147	0.01087	0.01294	0.00722	0.07956	0.01146	0.01517	0.01917	0.05160	0.35590	0.34332	0.01857	0.00871	0.00261	0.00475	0.01656	0.00628	0.00631
17	0.01630	0.00943	0.01177	0.01102	0.01352	0.00899	0.00834	0.09279	0.01817	0.17643	0.08795	0.30749	0.09971	0.05230	0.00970	0.00278	0.00516	0.05304	0.00714	0.00799
18	0.01603	0.02006	0.12593	0.02751	0.12484	0.01802	0.33529	0.02099	0.01513	0.02148	0.01387	0.04357	0.01162	0.00809	0.01116	0.00251	0.16329	0.00766	0.00352	0.00945
19	0.01056	0.00745	0.01058	0.01058	0.01180	0.00847	0.00807	0.01300	0.01178	0.01754	0.01983	0.02923	0.01848	0.10129	0.58220	0.00991	0.01623	0.00772	0.09904	0.00623
20	0.01649	0.02219	0.21706	0.07171	0.48658	0.01676	0.02298	0.02186	0.01579	0.02281	0.01319	0.01698	0.01057	0.00650	0.00697	0.00217	0.00908	0.00605	0.00336	0.01090
21	0.01572	0.01343	0.02229	0.44215	0.22489	0.01512	0.01880	0.02009	0.01563	0.07069	0.06007	0.02128	0.01444	0.00753	0.00719	0.00228	0.00855	0.00683	0.00399	0.00906
22	0.00874	0.00625	0.00832	0.00987	0.01034	0.00583	0.00662	0.01009	0.01395	0.01869	0.07179	0.71110	0.04808	0.02193	0.00905	0.00286	0.00409	0.01988	0.00667	0.00583
23	0.00886	0.00634	0.00843	0.00979	0.01037	0.00591	0.00662	0.01038	0.01450	0.01955	0.12710	0.65332	0.04976	0.02128	0.00900	0.00281	0.00403	0.01927	0.00677	0.00591
24	0.02123	0.33557	0.15405	0.01587	0.02206	0.21634	0.01536	0.10352	0.01845	0.02141	0.01160	0.01316	0.00949	0.00686	0.00579	0.00182	0.00961	0.00460	0.00370	0.00951
25	0.01748	0.51871	0.25897	0.01485	0.02239	0.02436	0.01682	0.02173	0.01465	0.01866	0.01084	0.01261	0.00910	0.00631	0.00529	0.00176	0.00857	0.00428	0.00303	0.00959
26	0.01681	0.01921	0.04202	0.03001	0.03721	0.01801	0.67947	0.02281	0.01681	0.02281	0.01441	0.01921	0.01080	0.00600	0.00840	0.00240	0.01200	0.00840	0.00360	0.00960
27	0.01355	0.01286	0.02200	0.71077	0.04867	0.01589	0.04031	0.01834	0.01432	0.01834	0.01271	0.01899	0.00953	0.00708	0.00716	0.00237	0.00957	0.00639	0.00318	0.00796
28	0.01055	0.00812	0.01079	0.01046	0.01272	0.00736	0.04333	0.01313	0.01682	0.04212	0.16378	0.13485	0.32473	0.01732	0.00875	0.00261	0.00478	0.15446	0.00671	0.00660
29	0.01008	0.00728	0.00952	0.00896	0.01064	0.00672	0.00672	0.01344	0.02016	0.02855	0.70158	0.05319	0.06719	0.01456	0.00840	0.00224	0.00336	0.01288	0.00784	0.00672
30	0.00888	0.00628	0.00820	0.00966	0.01002	0.00592	0.00633	0.00997	0.01324	0.01765	0.03722	0.66081	0.04454	0.11009	0.01237	0.00338	0.00447	0.01905	0.00633	0.00561
31	0.01428	0.03683	0.71286	0.02030	0.03082	0.01654	0.02631	0.02255	0.01503	0.02255	0.01278	0.01503	0.00902	0.00677	0.00677	0.00226	0.01052	0.00526	0.00301	0.01052
32	0.01453	0.07492	0.67698	0.01986	0.03015	0.01716	0.02556	0.02249	0.01500	0.02224	0.01263	0.01484	0.00903	0.00673	0.00665	0.00222	0.01037	0.00518	0.00301	0.01045
33	0.00877	0.00722	0.00773	0.00777	0.00998	0.00618	0.00586	0.01083	0.01669	0.02057	0.15712	0.09100	0.56587	0.01776	0.00849	0.00243	0.00370	0.03911	0.00678	0.00612
34	0.01676	0.01890	0.04029	0.02984	0.06125	0.01820	0.61409	0.02243	0.01642	0.02248	0.01406	0.01893	0.01073	0.00641	0.00927	0.00243	0.05620	0.00819	0.00357	0.00956
35	0.01704	0.01258	0.01500	0.01083	0.01705	0.00962	0.00871	0.02015	0.01551	0.11434	0.01470	0.01602	0.01149	0.00574	0.00552	0.00121	0.00538	0.00461	0.00483	0.68966
36	0.02246	0.01288	0.01535	0.01297	0.01728	0.01322	0.01031	0.03315	0.32415	0.30742	0.12259	0.02934	0.02641	0.01000	0.00737	0.00230	0.00549	0.00836	0.00797	0.01098
37	0.00885	0.00725	0.00758	0.00770	0.00979	0.00627	0.00573	0.01056	0.01560	0.01879	0.06420	0.06699	0.58036	0.09808	0.01156	0.00296	0.00418	0.06130	0.00636	0.00587
38	0.01904	0.75404	0.03731	0.01218	0.01828	0.02818	0.01218	0.02132	0.01447	0.01675	0.00990	0.01142	0.00914	0.00609	0.00457	0.00152	0.00761	0.00381	0.00305	0.00914
39	0.04663	0.18522	0.23990	0.09454	0.02627	0.01798	0.05582	0.04205	0.01619	0.13852	0.01699	0.01844	0.03683	0.00758	0.00691	0.00213	0.02784	0.00594	0.00436	0.00985
40	0.01070	0.00746	0.01063	0.01063	0.01196	0.00852	0.00823	0.01337	0.01204	0.01823	0.01978	0.02773	0.01788	0.04573	0.59961	0.00978	0.01639	0.00746	0.13746	0.00641
41	0.01453	0.07409	0.67776	0.01987	0.03017	0.01714	0.02558	0.02249	0.01500	0.02225	0.01263	0.01485	0.00903	0.00673	0.00665	0.00222	0.01037	0.00519	0.00301	0.01045
42	0.02178	0.03790	0.07660	0.05845	0.08208	0.12028	0.10765	0.14564	0.10066	0.12224	0.01851	0.04473	0.01414	0.00822	0.00719	0.00220	0.00885	0.00705	0.00543	0.01038
43	0.02002	0.02045	0.02537	0.06803	0.36170	0.16474	0.05344	0.07872	0.09226	0.02423	0.01492	0.01771	0.01193	0.00712	0.00702	0.00212	0.00926	0.00628	0.00424	0.01045
44	0.01156	0.00985	0.04525	0.01091	0.01291	0.00868	0.00840	0.10462	0.01718	0.02281	0.07383	0.47643	0.13288	0.01861	0.00857	0.00265	0.00486	0.01645	0.00657	0.00698
45	0.01547	0.07878	0.06253	0.22642	0.03380	0.05361	0.25276	0.02002	0.01569	0.02030	0.04305	0.02261	0.06252	0.00803	0.00844	0.00232	0.05373	0.00759	0.00375	0.00857
46	0.01634	0.09873	0.19401	0.09503	0.02408	0.04083	0.03514	0.10195	0.04446	0.05306	0.02220	0.10890	0.06606	0.01282	0.05261	0.00284	0.00877	0.00830	0.00475	0.00911
47	0.01247	0.00919	0.01225	0.05982	0.04581	0.00942	0.00995	0.04094	0.07620	0.04619	0.06303	0.31920	0.05706	0.04445	0.00969	0.00292	0.00562	0.16212	0.00636	0.00729
48	0.01441	0.03444	0.63340	0.05657	0.03216	0.01660	0.06967	0.02235	0.01511	0.02235	0.01288	0.01551	0.00916	0.00673	0.00689	0.00227	0.01057	0.00553	0.00305	0.01033
49	0.01901	0.01714	0.06649	0.10464	0.17720	0.08478	0.03543	0.07645	0.05857	0.12038	0.04662	0.10321	0.03933	0.00973	0.00737	0.00227	0.00788	0.00845	0.00532	0.00972
50	0.01483	0.03148	0.52052	0.05821	0.03323	0.01685	0.17958	0.02239	0.01541	0.02239	0.01316	0.01621	0.00946	0.00660	0.00717	0.00230	0.01082	0.00605	0.00315	0.01018
51	0.01315	0.01211	0.01726	0.14280	0.22732	0.03779	0.01377	0.01645	0.01639	0.02134	0.10648	0.06345	0.20981	0.01214	0.00784	0.00236	0.00663	0.05969	0.00511	0.00812
52	0.09573	0.14365	0.02364	0.04361	0.04601	0.18506	0.11202	0.04208	0.01764	0.06893	0.10023	0.05575	0.01912	0.00858	0.00671	0.00207	0.00862	0.00712	0.00472	0.00871
53	0.01705	0.03779	0.16067	0.12301	0.07148	0.04004	0.08162	0.08947	0.17840	0.02510	0.01797	0.04825	0.01430	0.00856	0.00821	0.00235	0.05388	0.00717	0.00471	0.00997
54	0.00878	0.00628	0.00836	0.00984	0.01035	0.00585	0.00662	0.01018	0.01412	0.01896	0.08912	0.69300	0.04861	0.02172	0.00904	0.00284	0.00407	0.01969	0.00670	0.00585
55	0.01681	0.02177	0.15344	0.10880	0.18867	0.05972	0.26228	0.02317	0.05246	0.02240	0.01426	0.01809	0.01093	0.00662	0.00748	0.00227	0.01036	0.00689	0.00363	0.00997
56	0.06247	0.04709	0.10633	0.09449	0.09819	0.12566	0.13687	0.02563	0.05074	0.14261	0.01601	0.01802	0.01174	0.00731	0.00735	0.00220	0.02651	0.00632	0.00460	0.00987
57	0.01715	0.01968	0.06731	0.08313	0.14978	0.06848	0.36687	0.02355	0.06871	0.02258	0.01627	0.01999	0.02789	0.00685	0.00776	0.00230	0.01050	0.00758	0.00388	0.00975
58	0.00877	0.00627	0.00835	0.00985	0.01035	0.00585	0.00662	0.01015	0.01407	0.01887	0.08355	0.69882	0.04844	0.02179	0.00904	0.00285	0.00408	0.01975	0.00669	0.00585
59	0.02064	0.14206	0.13612	0.02017	0.07675	0.09198	0.13593	0.02722	0.11148	0.14234	0.01740	0.01839	0.01283	0.00731	0.00682	0.00212	0.00894	0.00633	0.00484	0.01033
60	0.01552	0.01869	0.18441	0.02199	0.16369	0.01476	0.03804	0.04551	0.01544	0.06359	0.02058	0.14855	0.03645	0.01249	0.03058	0.00277	0.12702	0.02620	0.00452	0.00919
61	0.01556	0.03167	0.51373	0.02246	0.03192	0.01718	0.18455	0.05685	0.01642	0.02377	0.01340	0.01616	0.00961	0.00667	0.00718	0.00228	0.01074	0.00609	0.00337	0.01038
62	0.01566	0.01473	0.02715	0.44374	0.08643	0.01633	0.19630	0.02053	0.01531	0.05680	0.01392	0.01916	0.01039	0.00699	0.00784	0.00237	0.02700	0.00693	0.00361	0.00881
63	0.01781	0.06769	0.33500	0.09522	0.02742	0.01687	0.01905	0.10376	0.09437	0.08924	0.05215	0.01964	0.01470	0.00790	0.00689	0.00222	0.00858	0.00632	0.00479	0.01038
64	0.01830	0.05842	0.08894	0.02119	0.05958	0.03453	0.22205	0.17332	0.06150	0.02768	0.06297	0.07315	0.01787	0.00895	0.00822	0.00231	0.03788	0.00828	0.00503	0.00985
65	0.01453	0.01499	0.02733	0.04660	0.02605	0.04094	0.34449	0.01819	0.01464	0.01962	0.01865	0.12361	0.01823	0.12665	0.04503	0.00360	0.07501	0.00990	0.00408	0.00784
66	0.02088	0.08722	0.15582	0.02164	0.11593	0.07852	0.12257	0.04604	0.05899	0.17123	0.01798	0.04154	0.01358	0.00775	0.00704	0.00217	0.00888	0.00681	0.00499	0.01044
67	0.01678	0.01573	0.02616	0.25865	0.46510	0.01683	0.02078	0.05370	0.01646	0.02275	0.01335	0.01802	0.01076	0.00670	0.00708	0.00220	0.00875	0.00634	0.00359	0.01026
68	0.01676	0.01907	0.04127	0.02959	0.03653	0.01815	0.65480	0.02260	0.01659	0.02260	0.01422	0.01907	0.01075	0.00624	0.00896	0.00243	0.03894	0.00832	0.00358	0.00954
69	0.01640	0.01550	0.02622	0.08622	0.58811	0.01567	0.02011	0.02035	0.01581	0.02239	0.01607	0.09447	0.01494	0.00808	0.00727	0.00221	0.00807	0.00781	0.00383	0.01047
70	0.01686	0.04065	0.09228	0.02623	0.09125	0.01647	0.40609	0.02192	0.01623	0.06794	0.01731	0.09310	0.01477	0.00820	0.00857	0.00240	0.03716	0.00886	0.00417	0.00953
71	0.01117	0.06363	0.05864	0.01049	0.01217	0.00994	0.00830	0.01297	0.01143	0.01576	0.01945	0.03402	0.02011	0.35049	0.32267	0.00813	0.01236	0.00838	0.00392	0.00595
72	0.01026	0.00701	0.00847	0.00853	0.00878	0.00724	0.00525	0.01078	0.01067	0.01447	0.02241	0.06807	0.02514	0.59412	0.16288	0.00761	0.00907	0.01020	0.00430	0.00475
73	0.01398	0.11104	0.54047	0.01758	0.02649	0.01634	0.02185	0.02069	0.01514	0.02145	0.02076	0.02211	0.10592	0.00827	0.00676	0.00220	0.00924	0.00647	0.00351	0.00974
74	0.02131	0.01844	0.06414	0.01692	0.06939	0.10737	0.01305	0.09705	0.26549	0.14625	0.05946	0.05012	0.02017	0.00939	0.00719	0.00225	0.00723	0.00768	0.00649	0.01061
75	0.01428	0.03683	0.71286	0.02030	0.03082	0.01654	0.02631	0.02255	0.01503	0.02255	0.01278	0.01503	0.00902	0.00677	0.00677	0.00226	0.01052	0.00526	0.00301	0.01052
76	0.01812	0.02003	0.02428	0.02020	0.02199	0.17146	0.10795	0.02036	0.01372	0.01799	0.01041	0.01550	0.00951	0.01046	0.01764	0.00274	0.48001	0.00618	0.00330	0.00814
77	0.01557	0.12784	0.47681	0.02327	0.12585	0.01824	0.07137	0.02231	0.01526	0.02190	0.01260	0.01523	0.00949	0.00656	0.00663	0.00215	0.00995	0.00545	0.00313	0.01038
78	0.01662	0.02049	0.09087	0.02930	0.03675	0.01790	0.63190	0.02279	0.01668	0.02279	0.01429	0.01890	0.01067	0.00606	0.00828	0.00239	0.01190	0.00817	0.00356	0.00967
79	0.00868	0.00620	0.00826	0.00991	0.01033	0.00578	0.00661	0.00991	0.01363	0.01818	0.03925	0.74510	0.04710	0.02231	0.00909	0.00289	0.00413	0.02024	0.00661	0.00578
80	0.00982	0.00729	0.00930	0.01061	0.01149	0.00720	0.00743	0.01318	0.08544	0.01961	0.03806	0.62483	0.04401	0.02080	0.00894	0.00287	0.00445	0.06158	0.00667	0.00641
81	0.02509	0.05515	0.07726	0.04160	0.02134	0.01617	0.01308	0.17665	0.16040	0.30284	0.02302	0.02149	0.01578	0.00855	0.00700	0.00221	0.00695	0.00681	0.00712	0.01149
82	0.01313	0.00795	0.01050	0.00948	0.01169	0.00724	0.00724	0.01641	0.02019	0.12380	0.60748	0.04914	0.06026	0.01375	0.00823	0.00223	0.00374	0.01208	0.00797	0.00747
83	0.00980	0.00727	0.00914	0.00867	0.01047	0.00660	0.00650	0.01291	0.01951	0.02702	0.59803	0.05571	0.17169	0.01513	0.00840	0.00227	0.00340	0.01323	0.00764	0.00660
84	0.01997	0.36539	0.19456	0.01536	0.02230	0.03990	0.01591	0.18156	0.03996	0.02534	0.01293	0.01415	0.01021	0.00698	0.00584	0.00188	0.00843	0.00493	0.00416	0.01023
85	0.01583	0.02649	0.32952	0.02773	0.12781	0.01722	0.30587	0.02256	0.01596	0.02276	0.01356	0.01719	0.01010	0.00638	0.00751	0.00230	0.01087	0.00676	0.00333	0.01023
86	0.00868	0.00620	0.00826	0.00991	0.01033	0.00578	0.00661	0.00991	0.01363	0.01818	0.03925	0.74510	0.04710	0.02231	0.00909	0.00289	0.00413	0.02024	0.00661	0.00578
87	0.01734	0.01881	0.02527	0.02071	0.02254	0.11883	0.13659	0.01975	0.01328	0.01821	0.01050	0.01586	0.00959	0.01057	0.01827	0.00281	0.50320	0.00640	0.00328	0.00819
88	0.01644	0.05538	0.38641	0.02089	0.09475	0.05145	0.04069	0.06961	0.08790	0.02474	0.04989	0.02042	0.01474	0.00791	0.00699	0.00224	0.00919	0.02590	0.00419	0.01029
89	0.01541	0.07285	0.64294	0.01949	0.02954	0.01684	0.02478	0.02309	0.01527	0.05664	0.01339	0.01531	0.00946	0.00683	0.00667	0.00221	0.01015	0.00528	0.00330	0.01053
90	0.00844	0.00711	0.00732	0.00750	0.00969	0.00599	0.00554	0.01019	0.01596	0.01912	0.06866	0.13991	0.63330	0.01848	0.00849	0.00246	0.00366	0.01558	0.00661	0.00599
91	0.01790	0.01945	0.06063	0.15717	0.42734	0.11018	0.03911	0.02264	0.03694	0.02176	0.01342	0.01741	0.01088	0.00672	0.00701	0.00215	0.00934	0.00617	0.00357	0.01021
92	0.01636	0.02968	0.48699	0.11465	0.03224	0.01636	0.06725	0.05716	0.01641	0.07584	0.01427	0.01665	0.01002	0.00701	0.00697	0.00227	0.01000	0.00582	0.00373	0.01032
93	0.02582	0.03185	0.02036	0.01826	0.02178	0.63279	0.01388	0.06259	0.02022	0.01888	0.01121	0.01327	0.00934	0.00778	0.00769	0.00194	0.06529	0.00480	0.00381	0.00843
94	0.01850	0.03100	0.53283	0.01859	0.02783	0.01581	0.02243	0.07281	0.01737	0.15223	0.01594	0.01690	0.01085	0.00728	0.00686	0.00224	0.00950	0.00570	0.00439	0.01094
95	0.01842	0.02324	0.24163	0.13883	0.21445	0.06711	0.05372	0.02372	0.01640	0.11292	0.01491	0.01763	0.01095	0.00698	0.00701	0.00221	0.00945	0.00608	0.00402	0.01031
96	0.01388	0.01364	0.01992	0.49009	0.07240	0.06566	0.03798	0.01793	0.01497	0.01859	0.02085	0.02551	0.10195	0.01091	0.04439	0.00280	0.00948	0.00749	0.00372	0.00783
97	0.01476	0.01121	0.01156	0.01123	0.01358	0.08584	0.00867	0.01798	0.05331	0.10580	0.13841	0.14306	0.16076	0.05984	0.01001	0.00279	0.00580	0.13140	0.00663	0.00736
98	0.01476	0.01087	0.04981	0.01156	0.01478	0.00910	0.04337	0.04973	0.03633	0.14591	0.05835	0.24262	0.23524	0.03276	0.00885	0.00259	0.00534	0.01344	0.00668	0.00791
99	0.01983	0.04547	0.24522	0.09093	0.02856	0.03916	0.10696	0.14559	0.01959	0.12484	0.01717	0.02099	0.01282	0.00801	0.00723	0.00228	0.00925	0.04084	0.00491	0.01033
100	0.01801	0.01573	0.04294	0.05307	0.02309	0.06121	0.17007	0.06928	0.01792	0.12558	0.06716	0.05068	0.12977	0.01045	0.00944	0.00235	0.08753	0.00897	0.00541	0.03133

[dist]
# distance from previous block
# <min> <max>
9	40

[block]
# block no. 3 follows, 29 sequences, length 46
# corresponding to MSA columns:
# 439-448,450-485
name=unknown_D
#
# <colnr> <probs for GDERKNQSTAVLIFYWHMCP>
#	G	D	E	R	K	N	Q	S	T	A	V	L	I	F	Y	W	H	M	C	P
0	0.01609	0.07061	0.36094	0.02234	0.12537	0.04250	0.06206	0.07142	0.01662	0.02324	0.01574	0.09177	0.01369	0.00854	0.00747	0.00226	0.02836	0.00718	0.00384	0.00996
1	0.04150	0.06972	0.29522	0.03342	0.05273	0.01649	0.07838	0.07984	0.06632	0.10419	0.01713	0.02033	0.01302	0.02910	0.03290	0.00269	0.00922	0.02298	0.00461	0.01020
2	0.00865	0.00629	0.00817	0.00966	0.01026	0.00580	0.00650	0.00994	0.01387	0.01828	0.04229	0.68251	0.10773	0.02191	0.00903	0.00285	0.00408	0.01976	0.00661	0.00580
3	0.01444	0.01596	0.08542	0.17555	0.19090	0.01468	0.14416	0.01936	0.03359	0.02126	0.02150	0.08775	0.06027	0.00981	0.00811	0.00244	0.02358	0.05808	0.00420	0.00895
4	0.04929	0.04843	0.13291	0.12321	0.10619	0.16422	0.12713	0.03470	0.01666	0.04873	0.01453	0.05517	0.01206	0.00783	0.00747	0.00222	0.02944	0.00673	0.00388	0.00922
5	0.01250	0.01298	0.05907	0.12621	0.09126	0.01247	0.11430	0.01615	0.01437	0.01938	0.02739	0.05631	0.15258	0.02176	0.19259	0.00474	0.04474	0.00915	0.00424	0.00779
6	0.01652	0.01576	0.08356	0.02637	0.30390	0.01388	0.05755	0.02236	0.08707	0.07402	0.06764	0.06608	0.05016	0.00905	0.00723	0.00221	0.00715	0.00827	0.07133	0.00991
7	0.01965	0.21579	0.14904	0.01863	0.05817	0.09147	0.10437	0.05004	0.09312	0.08616	0.01629	0.03863	0.01291	0.00757	0.00656	0.00206	0.00883	0.00627	0.00447	0.00999
8	0.01551	0.14624	0.25112	0.01846	0.02518	0.01720	0.16268	0.04561	0.04440	0.02166	0.01599	0.06066	0.01394	0.06589	0.03516	0.00285	0.00953	0.00717	0.00386	0.03688
9	0.01538	0.01382	0.04410	0.01572	0.01883	0.04304	0.11345	0.07454	0.07583	0.05417	0.02436	0.17123	0.02411	0.08284	0.07580	0.00379	0.05991	0.07559	0.00538	0.00810
10	0.01566	0.11315	0.57366	0.02047	0.06766	0.01760	0.02391	0.02283	0.01524	0.04777	0.01307	0.01513	0.00949	0.00674	0.00656	0.00217	0.00992	0.00524	0.00326	0.01048
11	0.01727	0.01339	0.01851	0.07076	0.08401	0.03270	0.07545	0.11017	0.08132	0.10097	0.02715	0.21352	0.06199	0.01336	0.02421	0.00265	0.02669	0.01093	0.00592	0.00904
12	0.02302	0.01324	0.01747	0.01450	0.01825	0.04271	0.04962	0.07971	0.01853	0.33422	0.02520	0.13124	0.02103	0.01354	0.04118	0.00287	0.09352	0.04354	0.00681	0.00981
13	0.01826	0.01525	0.02667	0.24878	0.31273	0.01582	0.11175	0.02269	0.01628	0.11922	0.01540	0.01920	0.01157	0.00688	0.00728	0.00225	0.00893	0.00674	0.00418	0.01013
14	0.01581	0.01055	0.01337	0.01342	0.06599	0.01049	0.00943	0.05846	0.11804	0.12681	0.23918	0.09622	0.08969	0.05930	0.00974	0.00265	0.00518	0.04008	0.00706	0.00855
15	0.01712	0.01977	0.12380	0.03984	0.58128	0.01692	0.05304	0.02199	0.01608	0.02314	0.01336	0.01734	0.01095	0.00639	0.00707	0.00215	0.00891	0.00629	0.00346	0.01110
16	0.01224	0.00627	0.00940	0.00940	0.00948	0.00634	0.00634	0.00948	0.00940	0.01261	0.01276	0.02201	0.01268	0.02640	0.06800	0.74758	0.00693	0.00627	0.00313	0.00328
17	0.01766	0.21253	0.25826	0.01794	0.02495	0.05515	0.11914	0.02255	0.01576	0.08215	0.01559	0.04123	0.01286	0.00975	0.03885	0.00253	0.00977	0.02984	0.00394	0.00957
18	0.01811	0.01792	0.02829	0.03967	0.58705	0.05780	0.05575	0.02329	0.05894	0.02331	0.01429	0.01799	0.01179	0.00659	0.00710	0.00213	0.00872	0.00646	0.00377	0.01101
19	0.01428	0.03683	0.71286	0.02030	0.03082	0.01654	0.02631	0.02255	0.01503	0.02255	0.01278	0.01503	0.00902	0.00677	0.00677	0.00226	0.01052	0.00526	0.00301	0.01052
20	0.01553	0.01524	0.02368	0.47290	0.25551	0.05701	0.02009	0.01995	0.01521	0.01976	0.01279	0.01820	0.01004	0.00689	0.00706	0.00226	0.00936	0.00623	0.00331	0.00900
21	0.01723	0.17727	0.39083	0.05698	0.06635	0.04293	0.02052	0.02299	0.01563	0.07912	0.01433	0.01766	0.01106	0.00727	0.00648	0.00212	0.00932	0.02816	0.00369	0.01006
22	0.01657	0.01851	0.03945	0.09030	0.08017	0.01775	0.58238	0.02236	0.01655	0.02245	0.01419	0.01909	0.01072	0.00612	0.00821	0.00238	0.01157	0.00810	0.00356	0.00957
23	0.00868	0.00620	0.00826	0.00991	0.01033	0.00578	0.00661	0.00991	0.01363	0.01818	0.03925	0.74510	0.04710	0.02231	0.00909	0.00289	0.00413	0.02024	0.00661	0.00578
24	0.01699	0.01692	0.03047	0.11195	0.43043	0.01712	0.18028	0.02270	0.05861	0.02302	0.01454	0.01871	0.01163	0.00655	0.00740	0.00223	0.00925	0.00695	0.00374	0.01051
25	0.01149	0.00855	0.01087	0.01186	0.01334	0.00879	0.00933	0.01634	0.11463	0.02090	0.03526	0.25563	0.03829	0.09515	0.01200	0.00342	0.00578	0.31516	0.00644	0.00680
26	0.01622	0.07923	0.03049	0.05548	0.02685	0.02068	0.25842	0.01962	0.01352	0.01923	0.01140	0.01671	0.00987	0.00931	0.01555	0.00268	0.37604	0.00683	0.00329	0.00857
27	0.02595	0.03289	0.01976	0.01798	0.02157	0.69307	0.01348	0.02784	0.02018	0.01786	0.03816	0.01443	0.01145	0.00762	0.00650	0.00185	0.01247	0.00491	0.00383	0.00819
28	0.01698	0.16393	0.30389	0.01974	0.02730	0.06312	0.15661	0.05126	0.05520	0.02238	0.01470	0.04680	0.01190	0.00742	0.00681	0.00215	0.00977	0.00645	0.00375	0.00984
29	0.02707	0.01995	0.02137	0.01638	0.02208	0.02208	0.01353	0.68159	0.03348	0.04488	0.01710	0.01710	0.01211	0.00855	0.00712	0.00214	0.00784	0.00641	0.00712	0.01211
30	0.00868	0.00620	0.00826	0.00991	0.01033	0.00578	0.00661	0.00991	0.01363	0.01818	0.03925	0.74510	0.04710	0.02231	0.00909	0.00289	0.00413	0.02024	0.00661	0.00578
31	0.02693	0.02398	0.02103	0.01695	0.02206	0.22373	0.01360	0.49319	0.02964	0.03696	0.01534	0.01587	0.01126	0.00820	0.00692	0.00205	0.00928	0.00588	0.00613	0.01100
32	0.02029	0.07949	0.02872	0.03303	0.42308	0.01813	0.08325	0.11676	0.01895	0.08737	0.01504	0.01777	0.01174	0.00682	0.00699	0.00210	0.00843	0.00641	0.00448	0.01113
33	0.08075	0.03488	0.65345	0.01937	0.02938	0.01649	0.02474	0.02241	0.01479	0.02335	0.01254	0.01474	0.00891	0.00675	0.00657	0.00225	0.01010	0.00514	0.00313	0.01029
34	0.01064	0.00784	0.01092	0.01098	0.01227	0.00886	0.00832	0.01396	0.05121	0.01782	0.02204	0.09884	0.02141	0.08917	0.52957	0.00928	0.01524	0.00900	0.04616	0.00647
35	0.01873	0.06477	0.03181	0.02593	0.12193	0.05565	0.32283	0.12845	0.03630	0.02578	0.01687	0.02396	0.01410	0.00796	0.00778	0.00232	0.00993	0.07052	0.00451	0.00988
36	0.02221	0.01912	0.08140	0.01746	0.06048	0.09752	0.04035	0.21589	0.06862	0.14441	0.01922	0.03866	0.01470	0.01487	0.10859	0.00349	0.00991	0.00694	0.00582	0.01034
37	0.00885	0.00650	0.00831	0.00941	0.01028	0.00595	0.00646	0.01048	0.01496	0.01986	0.14219	0.55049	0.13893	0.02058	0.00889	0.00273	0.00395	0.01844	0.00679	0.00595
38	0.02323	0.02004	0.01878	0.01581	0.02017	0.15529	0.01270	0.38408	0.07497	0.03373	0.01986	0.05637	0.01686	0.01201	0.03789	0.00264	0.00884	0.07026	0.00624	0.01023
