[name]
unknown

[dist]
# distance from previous block
# <min> <max>
12	73

[block]
# block no. 0 follows, 32 sequences, length 14
# corresponding to MSA columns:
# 100-113
name=unknown_A
#
# <colnr> <probs for GDERKNQSTAVLIFYWHMCP>
#	G	D	E	R	K	N	Q	S	T	A	V	L	I	F	Y	W	H	M	C	P
0	0.07848	0.08237	0.05000	0.08366	0.10503	0.08959	0.01341	0.16351	0.15590	0.02641	0.01535	0.01658	0.01182	0.00712	0.00610	0.00193	0.00738	0.00555	0.00475	0.07505
1	0.15349	0.08698	0.06474	0.05518	0.13780	0.05786	0.01280	0.05017	0.06082	0.05575	0.10699	0.01974	0.01735	0.00774	0.00670	0.00198	0.03878	0.00602	0.00454	0.05455
2	0.05293	0.01721	0.03920	0.01809	0.10009	0.09977	0.09323	0.14498	0.04844	0.08178	0.01563	0.03473	0.01247	0.00718	0.00636	0.00184	0.00756	0.02161	0.00482	0.19208
3	0.09626	0.09073	0.20736	0.03420	0.06640	0.05863	0.06614	0.03698	0.01466	0.02155	0.01732	0.09700	0.04386	0.00832	0.00618	0.00199	0.00750	0.00691	0.04974	0.06827
4	0.01394	0.05436	0.01420	0.01108	0.01419	0.01186	0.00879	0.06626	0.10613	0.03783	0.12034	0.06638	0.09670	0.01238	0.02614	0.06643	0.08141	0.00808	0.00521	0.17829
5	0.01255	0.01228	0.06120	0.05519	0.01749	0.01185	0.06522	0.08693	0.04578	0.02155	0.08338	0.13529	0.19037	0.03697	0.03732	0.00281	0.10076	0.01054	0.00518	0.00733
6	0.07735	0.01379	0.05742	0.06230	0.06725	0.04933	0.06760	0.03495	0.03952	0.01903	0.01834	0.02601	0.05987	0.17405	0.09388	0.00411	0.11681	0.00732	0.00390	0.00716
7	0.09244	0.59930	0.05470	0.05051	0.01876	0.02375	0.01185	0.02049	0.01368	0.04857	0.01031	0.01180	0.00885	0.00597	0.00460	0.00159	0.00711	0.00390	0.00323	0.00859
8	0.01779	0.05752	0.05878	0.01590	0.06716	0.10419	0.01244	0.19175	0.04849	0.02531	0.04417	0.10686	0.01798	0.00991	0.00811	0.00209	0.07528	0.04277	0.00497	0.08854
9	0.01536	0.01430	0.02124	0.09386	0.15292	0.05843	0.13284	0.07720	0.05238	0.02132	0.01608	0.07666	0.01423	0.01379	0.09322	0.05532	0.00919	0.00731	0.00407	0.07029
10	0.01143	0.00595	0.00880	0.00880	0.00888	0.00603	0.00591	0.00900	0.00893	0.01198	0.01254	0.02196	0.01263	0.06218	0.07292	0.71311	0.00665	0.00611	0.00302	0.00317
11	0.01412	0.01211	0.01401	0.01022	0.01602	0.00953	0.00815	0.01831	0.06627	0.02233	0.01308	0.01475	0.01073	0.00528	0.00511	0.00109	0.00499	0.00425	0.00419	0.74547
12	0.04124	0.03962	0.07064	0.04519	0.24936	0.16375	0.12029	0.03921	0.09302	0.02166	0.01588	0.01821	0.03791	0.00698	0.00664	0.00203	0.00890	0.00623	0.00391	0.00935
13	0.06062	0.08787	0.10380	0.01731	0.08797	0.20362	0.01372	0.10877	0.03851	0.04909	0.01618	0.10024	0.01468	0.00902	0.00708	0.00206	0.03989	0.02641	0.00443	0.00872

[dist]
# distance from previous block
# <min> <max>
3	11

[block]
# block no. 1 follows, 32 sequences, length 9
# corresponding to MSA columns:
# 126-134
name=unknown_B
#
# <colnr> <probs for GDERKNQSTAVLIFYWHMCP>
#	G	D	E	R	K	N	Q	S	T	A	V	L	I	F	Y	W	H	M	C	P
0	0.01953	0.01582	0.01677	0.01423	0.01853	0.01802	0.01131	0.24962	0.49162	0.03265	0.02370	0.02216	0.01756	0.00877	0.00679	0.00219	0.00598	0.00709	0.00679	0.01088
1	0.01391	0.01193	0.01391	0.00994	0.01590	0.00894	0.00795	0.01690	0.01391	0.02186	0.01193	0.01391	0.00994	0.00497	0.00497	0.00099	0.00497	0.00398	0.00398	0.80521
2	0.00959	0.00710	0.01032	0.01028	0.01140	0.00805	0.00783	0.01184	0.01138	0.01630	0.07704	0.02992	0.02136	0.11084	0.61373	0.00967	0.01571	0.00783	0.00395	0.00585
3	0.01679	0.22052	0.37269	0.01736	0.02518	0.01940	0.07935	0.13155	0.01701	0.02328	0.01214	0.01395	0.00915	0.00642	0.00603	0.00194	0.00892	0.00504	0.00352	0.00974
4	0.00838	0.00660	0.00757	0.00779	0.00946	0.00579	0.00567	0.01034	0.01569	0.02014	0.22686	0.21721	0.40054	0.01706	0.00807	0.00233	0.00345	0.01475	0.00652	0.00579
5	0.00950	0.00640	0.00739	0.00764	0.00771	0.00634	0.00441	0.00969	0.01026	0.01367	0.02369	0.15927	0.02761	0.64444	0.03003	0.00590	0.00608	0.01126	0.00441	0.00429
6	0.45987	0.06534	0.07204	0.01343	0.01838	0.11980	0.09108	0.02165	0.01372	0.05535	0.01093	0.01267	0.00839	0.00633	0.00516	0.00201	0.00742	0.00447	0.00396	0.00802
7	0.00961	0.07086	0.01088	0.01033	0.05458	0.00808	0.00690	0.01111	0.01365	0.01724	0.04314	0.30661	0.29354	0.09991	0.01069	0.00282	0.00453	0.01405	0.00552	0.00597
8	0.04410	0.05342	0.01844	0.01452	0.04094	0.05912	0.05778	0.10939	0.17957	0.15930	0.06397	0.02079	0.01707	0.00778	0.00641	0.00191	0.00646	0.00644	0.00587	0.12668

[dist]
# distance from previous block
# <min> <max>
1	7

[block]
# block no. 2 follows, 32 sequences, length 26
# corresponding to MSA columns:
# 142-167
name=unknown_C
#
# <colnr> <probs for GDERKNQSTAVLIFYWHMCP>
#	G	D	E	R	K	N	Q	S	T	A	V	L	I	F	Y	W	H	M	C	P
0	0.19268	0.01617	0.05275	0.07634	0.02044	0.04765	0.03017	0.17643	0.14627	0.06028	0.01612	0.01698	0.01197	0.00728	0.00595	0.00200	0.00668	0.00558	0.03335	0.07492
1	0.05341	0.04348	0.04830	0.03804	0.19661	0.10411	0.11318	0.11706	0.03922	0.04840	0.01413	0.04356	0.01169	0.00775	0.00835	0.00214	0.09068	0.00640	0.00418	0.00934
2	0.00911	0.00713	0.00845	0.03526	0.01096	0.00667	0.00623	0.01177	0.04102	0.02053	0.25571	0.14856	0.30894	0.08715	0.01043	0.00268	0.00396	0.01324	0.00628	0.00594
3	0.01886	0.46657	0.09871	0.01407	0.01979	0.12326	0.03823	0.06887	0.06023	0.01922	0.01151	0.01283	0.00961	0.00634	0.00521	0.00167	0.00818	0.00441	0.00348	0.00896
4	0.01652	0.01304	0.01813	0.09454	0.22971	0.03679	0.01333	0.03626	0.07025	0.11369	0.02078	0.11281	0.04355	0.03723	0.00837	0.00225	0.03378	0.00803	0.00485	0.08608
5	0.01766	0.04284	0.02361	0.17763	0.38933	0.01606	0.01752	0.11582	0.01738	0.06847	0.01568	0.01867	0.03569	0.00695	0.00663	0.00204	0.00775	0.00623	0.00413	0.00989
6	0.01764	0.06955	0.05190	0.01838	0.12317	0.01433	0.08404	0.12743	0.01785	0.12629	0.04570	0.11522	0.06946	0.01032	0.00800	0.00221	0.05120	0.03295	0.00532	0.00903
7	0.00847	0.00605	0.00812	0.00968	0.01020	0.00570	0.00674	0.00985	0.01314	0.01746	0.03682	0.68325	0.04373	0.02074	0.00864	0.00277	0.00415	0.09272	0.00622	0.00553
8	0.01633	0.01566	0.02673	0.09108	0.67461	0.01587	0.02045	0.02035	0.01515	0.02158	0.01257	0.01670	0.01051	0.00603	0.00665	0.00201	0.00804	0.00598	0.00330	0.01040
9	0.01618	0.01539	0.02616	0.06406	0.66325	0.01549	0.02003	0.02014	0.01522	0.02166	0.01376	0.01964	0.01199	0.00664	0.00678	0.00206	0.00791	0.03991	0.00345	0.01029
10	0.01412	0.01465	0.05919	0.31353	0.30989	0.01471	0.06973	0.01840	0.01441	0.01961	0.01550	0.05695	0.03529	0.00740	0.00689	0.00216	0.00834	0.00701	0.00342	0.00880
11	0.00961	0.00711	0.01036	0.01036	0.01142	0.00816	0.00786	0.01171	0.01066	0.01527	0.01836	0.02848	0.01770	0.13666	0.65252	0.01027	0.01659	0.00750	0.00365	0.00576
12	0.01480	0.01491	0.01999	0.05146	0.01870	0.04708	0.01441	0.01637	0.01074	0.01609	0.00946	0.01580	0.00938	0.03875	0.02114	0.00299	0.66173	0.00596	0.00300	0.00724
13	0.01644	0.01962	0.25467	0.14445	0.13642	0.01388	0.01790	0.02112	0.01450	0.14595	0.01532	0.01888	0.01162	0.04341	0.05638	0.00292	0.04725	0.00602	0.00402	0.00923
14	0.00938	0.00676	0.00932	0.00993	0.01073	0.00716	0.00728	0.01108	0.01171	0.01606	0.02585	0.23493	0.02833	0.17229	0.31995	0.00687	0.01058	0.09158	0.00471	0.00551
15	0.02040	0.00927	0.01246	0.01029	0.01378	0.00820	0.00820	0.02326	0.01911	0.39726	0.35254	0.03569	0.03861	0.01085	0.00730	0.00209	0.00451	0.00928	0.00787	0.00902
16	0.01572	0.01493	0.02536	0.15000	0.58376	0.01540	0.01983	0.01974	0.01500	0.02109	0.01359	0.01958	0.01168	0.00668	0.00678	0.00208	0.00804	0.03743	0.00340	0.00993
17	0.00836	0.00601	0.00797	0.00947	0.01002	0.00563	0.00653	0.00969	0.01313	0.01738	0.03800	0.68384	0.06853	0.02069	0.00859	0.00274	0.00404	0.06764	0.00622	0.00551
18	0.00959	0.00719	0.01078	0.01078	0.01198	0.00839	0.00839	0.01198	0.01078	0.01558	0.01797	0.02636	0.01677	0.05032	0.73760	0.01078	0.01797	0.00719	0.00359	0.00599
19	0.01468	0.01468	0.02055	0.01762	0.01762	0.02055	0.01468	0.01615	0.01028	0.01615	0.00881	0.01468	0.00881	0.01174	0.02202	0.00294	0.75191	0.00587	0.00294	0.00734
20	0.01391	0.01193	0.01391	0.00994	0.01590	0.00894	0.00795	0.01690	0.01391	0.02186	0.01193	0.01391	0.00994	0.00497	0.00497	0.00099	0.00497	0.00398	0.00398	0.80521
21	0.01794	0.76823	0.03516	0.01148	0.01722	0.02655	0.01148	0.02009	0.01363	0.01579	0.00933	0.01076	0.00861	0.00574	0.00431	0.00144	0.00718	0.00359	0.00287	0.00861
22	0.01191	0.01099	0.01301	0.04965	0.01501	0.04373	0.00977	0.01553	0.08165	0.01923	0.09535	0.10281	0.23895	0.01400	0.01157	0.00249	0.20420	0.04810	0.00522	0.00685
23	0.02533	0.01791	0.01886	0.01466	0.01973	0.05056	0.01203	0.56063	0.02872	0.11651	0.01731	0.01714	0.01217	0.00802	0.00658	0.00198	0.00719	0.00605	0.04765	0.01099
24	0.16353	0.09096	0.04530	0.03798	0.01938	0.11395	0.07119	0.13934	0.06292	0.04863	0.01695	0.04493	0.03822	0.00988	0.04032	0.00241	0.00798	0.00621	0.03134	0.00859
25	0.10789	0.02406	0.01883	0.01839	0.09638	0.39622	0.01301	0.10550	0.04432	0.05771	0.01255	0.01409	0.00989	0.00727	0.00686	0.00193	0.04718	0.00495	0.00425	0.00873

[dist]
# distance from previous block
# <min> <max>
1	20

[block]
# block no. 3 follows, 32 sequences, length 29
# corresponding to MSA columns:
# 188-216
name=unknown_D
#
# <colnr> <probs for GDERKNQSTAVLIFYWHMCP>
#	G	D	E	R	K	N	Q	S	T	A	V	L	I	F	Y	W	H	M	C	P
0	0.09206	0.09758	0.04542	0.01617	0.05224	0.12687	0.07229	0.18187	0.01879	0.04371	0.01348	0.04094	0.01106	0.00732	0.00674	0.00187	0.04193	0.00562	0.00447	0.11957
1	0.01837	0.07935	0.05393	0.06358	0.10139	0.11708	0.10217	0.06349	0.05011	0.11949	0.02193	0.08483	0.07703	0.00898	0.00683	0.00208	0.00784	0.00779	0.00485	0.00890
2	0.03871	0.00709	0.00884	0.04257	0.01163	0.00683	0.00673	0.01124	0.01391	0.01913	0.14951	0.32386	0.13633	0.10637	0.02987	0.00312	0.00478	0.03948	0.00579	0.03421
3	0.00841	0.00612	0.00799	0.00939	0.01008	0.00570	0.00657	0.00982	0.01334	0.01752	0.03983	0.62509	0.10909	0.02039	0.00857	0.00272	0.00407	0.08354	0.00622	0.00554
4	0.04984	0.08013	0.05154	0.01433	0.01928	0.01922	0.01216	0.32586	0.29537	0.03307	0.01951	0.01889	0.01446	0.00813	0.00645	0.00208	0.00659	0.00631	0.00616	0.01065
5	0.01784	0.05742	0.10356	0.01595	0.04497	0.07433	0.07995	0.13375	0.09480	0.08042	0.05231	0.05963	0.03931	0.03241	0.00768	0.00221	0.00741	0.03927	0.00521	0.05156
6	0.01903	0.19817	0.11702	0.01647	0.04166	0.04372	0.09792	0.09881	0.04076	0.12546	0.04150	0.01856	0.03426	0.00774	0.00757	0.00202	0.06928	0.00609	0.00460	0.00938
7	0.01460	0.18801	0.52594	0.01827	0.02705	0.01801	0.07769	0.02103	0.01419	0.02012	0.01160	0.01377	0.00866	0.00618	0.00607	0.00199	0.00945	0.00491	0.00289	0.00957
8	0.01593	0.01525	0.02601	0.16272	0.60609	0.01576	0.02026	0.02000	0.01496	0.02110	0.01250	0.01683	0.01034	0.00610	0.00665	0.00203	0.00814	0.00598	0.00326	0.01008
9	0.01008	0.00778	0.01063	0.01061	0.01207	0.00745	0.04784	0.06568	0.01518	0.02013	0.07968	0.53248	0.11814	0.01815	0.00826	0.00255	0.00451	0.01637	0.00617	0.00622
10	0.01559	0.05727	0.04250	0.15611	0.11557	0.05892	0.05927	0.10922	0.01613	0.02135	0.01655	0.11729	0.01565	0.01187	0.04752	0.00273	0.09354	0.03051	0.00414	0.00827
11	0.01267	0.01193	0.02013	0.74806	0.04621	0.01491	0.01863	0.01714	0.01342	0.01714	0.01193	0.01789	0.00894	0.00671	0.00671	0.00224	0.00894	0.00596	0.00298	0.00745
12	0.00976	0.00651	0.00732	0.00732	0.00732	0.00651	0.00407	0.00976	0.00976	0.01301	0.02114	0.04391	0.02439	0.76419	0.03415	0.00651	0.00651	0.00976	0.00407	0.00407
13	0.01631	0.01603	0.02854	0.07404	0.59721	0.01603	0.11122	0.02054	0.01526	0.02163	0.01271	0.01687	0.01049	0.00597	0.00682	0.00204	0.00847	0.00624	0.00331	0.01026
14	0.00907	0.00698	0.00841	0.00891	0.01042	0.00650	0.00661	0.01191	0.04999	0.02026	0.18236	0.28917	0.25788	0.01743	0.00823	0.00248	0.00391	0.08696	0.00649	0.00603
15	0.01036	0.00766	0.00885	0.00865	0.01089	0.00703	0.00677	0.01378	0.06173	0.05589	0.21994	0.05788	0.38558	0.01545	0.00798	0.00233	0.00395	0.10214	0.00665	0.00650
16	0.02218	0.02041	0.01874	0.01677	0.05915	0.18900	0.01259	0.29736	0.23706	0.03063	0.01801	0.01794	0.01351	0.00799	0.00659	0.00203	0.00789	0.00611	0.00579	0.01026
17	0.01563	0.08654	0.28603	0.02053	0.02741	0.07663	0.24790	0.02175	0.05163	0.02029	0.01334	0.01705	0.01049	0.04263	0.00853	0.00232	0.03273	0.00619	0.00335	0.00902
18	0.02893	0.01188	0.01577	0.01219	0.01724	0.01073	0.01005	0.08801	0.01992	0.64196	0.02527	0.02241	0.01618	0.00990	0.03494	0.00241	0.00632	0.00671	0.00799	0.01121
19	0.00959	0.00719	0.01078	0.01078	0.01198	0.00839	0.00839	0.01198	0.01078	0.01558	0.01797	0.02636	0.01677	0.05032	0.73760	0.01078	0.01797	0.00719	0.00359	0.00599
20	0.01858	0.15584	0.30687	0.01735	0.06031	0.01684	0.04860	0.05684	0.07361	0.15805	0.01590	0.01654	0.01140	0.00689	0.00622	0.00200	0.00808	0.00552	0.00446	0.01010
21	0.00891	0.00718	0.00921	0.01099	0.06857	0.00660	0.00708	0.01069	0.01422	0.01831	0.07899	0.34581	0.31272	0.01936	0.04674	0.00288	0.00474	0.01505	0.00590	0.00604
22	0.00818	0.00584	0.00779	0.00934	0.00973	0.00545	0.00623	0.00934	0.01285	0.01713	0.03698	0.75981	0.04438	0.02102	0.00856	0.00273	0.00389	0.01908	0.00623	0.00545
23	0.01748	0.01522	0.01745	0.09830	0.13108	0.08455	0.01284	0.17050	0.15020	0.02640	0.04486	0.08436	0.01855	0.00935	0.00682	0.00213	0.00693	0.03337	0.06051	0.00911
24	0.01922	0.63899	0.03244	0.01234	0.01784	0.09096	0.01172	0.07697	0.01561	0.01804	0.00998	0.01133	0.00885	0.00604	0.00466	0.00151	0.00764	0.00386	0.00324	0.00877
25	0.05388	0.07778	0.07727	0.07927	0.06398	0.01445	0.01230	0.13725	0.03890	0.07625	0.01554	0.01691	0.03138	0.00668	0.00583	0.00168	0.00655	0.00528	0.00461	0.27422
26	0.06579	0.04030	0.02083	0.18923	0.13294	0.12193	0.03451	0.15151	0.01837	0.08329	0.01356	0.01603	0.01024	0.00700	0.00679	0.00200	0.03006	0.00556	0.00439	0.04567
27	0.01499	0.01414	0.02386	0.22388	0.48604	0.01488	0.01890	0.01903	0.01510	0.02108	0.07088	0.01972	0.01455	0.00681	0.00677	0.00207	0.00783	0.00648	0.00357	0.00944
28	0.01563	0.01531	0.02382	0.16485	0.50392	0.05312	0.01855	0.01939	0.01514	0.02045	0.01696	0.02057	0.06889	0.00707	0.00673	0.00205	0.00799	0.00657	0.00351	0.00949

[dist]
# distance from previous block
# <min> <max>
0	3

[block]
# block no. 4 follows, 32 sequences, length 11
# corresponding to MSA columns:
# 220-230
name=unknown_E
#
# <colnr> <probs for GDERKNQSTAVLIFYWHMCP>
#	G	D	E	R	K	N	Q	S	T	A	V	L	I	F	Y	W	H	M	C	P
0	0.01656	0.01852	0.08490	0.29271	0.03004	0.15117	0.03666	0.11130	0.01694	0.02084	0.01705	0.02070	0.06935	0.03015	0.00842	0.00227	0.05404	0.00643	0.00388	0.00807
1	0.01389	0.01133	0.01832	0.01505	0.01851	0.01090	0.19006	0.07228	0.05089	0.07272	0.08843	0.19578	0.12894	0.01302	0.00794	0.00239	0.00640	0.06961	0.00579	0.00773
2	0.00982	0.00704	0.01056	0.01056	0.01162	0.00810	0.00810	0.01162	0.01056	0.01514	0.01727	0.02569	0.01620	0.04731	0.65816	0.09945	0.01662	0.00704	0.00352	0.00565
3	0.01778	0.67351	0.03265	0.01175	0.01725	0.02531	0.01137	0.02205	0.10116	0.01733	0.01159	0.01256	0.01010	0.00616	0.00462	0.00154	0.00694	0.00409	0.00337	0.00886
4	0.01340	0.01048	0.01349	0.09507	0.01747	0.01150	0.02937	0.10242	0.11314	0.02240	0.04998	0.15822	0.02590	0.13315	0.01237	0.00309	0.03511	0.10230	0.04386	0.00728
5	0.01471	0.01382	0.01569	0.01833	0.17405	0.09973	0.01145	0.03739	0.16115	0.02073	0.02588	0.06778	0.10618	0.08233	0.09575	0.00357	0.00810	0.03037	0.00487	0.00813
6	0.08520	0.01646	0.01993	0.27486	0.10321	0.11863	0.04805	0.10696	0.06412	0.05845	0.01454	0.03481	0.01133	0.00733	0.00651	0.00210	0.00836	0.00610	0.00428	0.00876
7	0.04168	0.10926	0.01974	0.01423	0.01843	0.04953	0.06837	0.17268	0.14040	0.10451	0.02089	0.08506	0.01781	0.01185	0.04776	0.00263	0.00751	0.05272	0.00567	0.00927
8	0.44694	0.01557	0.01335	0.01149	0.01572	0.09560	0.00938	0.13867	0.01687	0.10782	0.01431	0.01765	0.01130	0.00769	0.00544	0.00210	0.00646	0.05010	0.00512	0.00843
9	0.01480	0.01071	0.01232	0.01094	0.01270	0.05877	0.00807	0.08985	0.04534	0.01770	0.01267	0.01844	0.01146	0.01688	0.01887	0.47745	0.04814	0.00560	0.00369	0.10560
10	0.10642	0.07926	0.04280	0.01243	0.01649	0.03880	0.04811	0.10036	0.10631	0.11263	0.09323	0.04107	0.02013	0.10334	0.00980	0.00256	0.00636	0.00717	0.00546	0.04725

[dist]
# distance from previous block
# <min> <max>
5	33

[block]
# block no. 5 follows, 32 sequences, length 6
# corresponding to MSA columns:
# 270-275
name=unknown_F
#
# <colnr> <probs for GDERKNQSTAVLIFYWHMCP>
#	G	D	E	R	K	N	Q	S	T	A	V	L	I	F	Y	W	H	M	C	P
0	0.13842	0.08419	0.08631	0.11972	0.02356	0.04029	0.09010	0.04882	0.01471	0.11505	0.01392	0.01674	0.01066	0.01134	0.08001	0.00295	0.06367	0.00563	0.00414	0.02978
1	0.02004	0.01988	0.01976	0.06837	0.02174	0.24777	0.06513	0.07801	0.09550	0.08012	0.05477	0.01834	0.01417	0.00861	0.00972	0.00218	0.15654	0.00618	0.00458	0.00860
2	0.01295	0.01356	0.11559	0.01287	0.01630	0.01176	0.01160	0.10300	0.01426	0.02056	0.01571	0.02128	0.01371	0.03148	0.41885	0.00691	0.05488	0.00630	0.00389	0.09453
3	0.02060	0.01665	0.13006	0.08828	0.13659	0.01357	0.06579	0.06138	0.05602	0.27092	0.01969	0.02237	0.01436	0.00788	0.00690	0.00216	0.00753	0.04355	0.00551	0.01018
4	0.00963	0.00703	0.00995	0.00995	0.01087	0.00794	0.00735	0.01145	0.01054	0.01496	0.01873	0.03056	0.01860	0.22125	0.56917	0.00976	0.01523	0.00780	0.00371	0.00553
5	0.01210	0.00766	0.01072	0.01026	0.01130	0.00837	0.00760	0.07684	0.01182	0.01630	0.01480	0.02254	0.01383	0.03344	0.32980	0.38638	0.01119	0.00643	0.00357	0.00506

[dist]
# distance from previous block
# <min> <max>
0	3

[block]
# block no. 6 follows, 32 sequences, length 11
# corresponding to MSA columns:
# 279-289
name=unknown_G
#
# <colnr> <probs for GDERKNQSTAVLIFYWHMCP>
#	G	D	E	R	K	N	Q	S	T	A	V	L	I	F	Y	W	H	M	C	P
0	0.02253	0.02657	0.01949	0.01721	0.01997	0.49843	0.01337	0.08171	0.01792	0.01857	0.01047	0.01308	0.00892	0.00821	0.01006	0.00205	0.19498	0.00485	0.00361	0.00798
1	0.02615	0.01155	0.01479	0.01162	0.01598	0.01071	0.00927	0.11446	0.01922	0.52109	0.02426	0.02546	0.01723	0.13331	0.01128	0.00280	0.00606	0.00715	0.00740	0.01020
2	0.57915	0.01891	0.10363	0.01154	0.01632	0.13459	0.01046	0.02109	0.01303	0.02671	0.00986	0.01152	0.00765	0.00636	0.00475	0.00202	0.00694	0.00392	0.00387	0.00769
3	0.01667	0.11517	0.13605	0.01444	0.01948	0.04842	0.01317	0.03090	0.47636	0.02487	0.02176	0.02086	0.01647	0.00813	0.00640	0.00212	0.00660	0.00650	0.00552	0.01013
4	0.01166	0.00583	0.00874	0.00874	0.00874	0.00583	0.00583	0.00874	0.00874	0.01166	0.01166	0.02040	0.01166	0.02331	0.02622	0.80478	0.00583	0.00583	0.00291	0.00291
5	0.11617	0.07204	0.55932	0.01789	0.02666	0.01621	0.05984	0.02100	0.01388	0.02209	0.01163	0.01378	0.00844	0.00628	0.00606	0.00209	0.00924	0.00488	0.00304	0.00945
6	0.01873	0.58313	0.09241	0.01310	0.01882	0.14317	0.01288	0.02130	0.01457	0.01636	0.00974	0.01128	0.00861	0.00599	0.00477	0.00154	0.00823	0.00383	0.00296	0.00859
7	0.01492	0.00970	0.01187	0.01072	0.01333	0.00976	0.00853	0.12842	0.01824	0.11897	0.15169	0.07112	0.15253	0.05929	0.07591	0.00334	0.02280	0.10495	0.00635	0.00755
8	0.02130	0.02344	0.02021	0.01720	0.02088	0.36175	0.07606	0.11573	0.13361	0.02220	0.01443	0.01618	0.01148	0.00963	0.03989	0.00241	0.07478	0.00568	0.00440	0.00873
9	0.12180	0.14616	0.12015	0.04332	0.06581	0.13786	0.03085	0.19606	0.01899	0.02588	0.01202	0.01374	0.00933	0.00686	0.00619	0.00193	0.02471	0.00493	0.00416	0.00927
10	0.01042	0.00872	0.01232	0.01180	0.01311	0.00942	0.04736	0.01242	0.01331	0.01782	0.05774	0.19912	0.15373	0.08075	0.07245	0.00367	0.12972	0.13485	0.00516	0.00610

[dist]
# distance from previous block
# <min> <max>
2	12

[block]
# block no. 7 follows, 32 sequences, length 37
# corresponding to MSA columns:
# 302-338
name=unknown_H
#
# <colnr> <probs for GDERKNQSTAVLIFYWHMCP>
#	G	D	E	R	K	N	Q	S	T	A	V	L	I	F	Y	W	H	M	C	P
0	0.01558	0.05582	0.26573	0.02099	0.14457	0.01454	0.09999	0.05027	0.01600	0.05953	0.08055	0.01885	0.01504	0.00689	0.00652	0.00194	0.00803	0.00613	0.00402	0.10903
1	0.01654	0.05458	0.09910	0.07763	0.19739	0.08242	0.08056	0.08290	0.01651	0.02222	0.04923	0.01847	0.01325	0.04168	0.00813	0.00213	0.02781	0.00605	0.00387	0.09955
2	0.01025	0.00830	0.04570	0.04136	0.01174	0.00705	0.00696	0.01176	0.01290	0.04931	0.07246	0.24875	0.14415	0.27933	0.01714	0.00386	0.00531	0.01272	0.00531	0.00564
3	0.10438	0.18981	0.02325	0.01511	0.01991	0.15865	0.07349	0.21223	0.05676	0.02622	0.01412	0.01730	0.01158	0.00750	0.00602	0.00193	0.00820	0.03981	0.00462	0.00911
4	0.01507	0.01147	0.01382	0.01118	0.01510	0.04653	0.03980	0.01754	0.01506	0.11749	0.07391	0.11535	0.09038	0.03757	0.00818	0.00195	0.03830	0.00831	0.00522	0.31777
5	0.01177	0.00737	0.01134	0.01366	0.11141	0.00731	0.00825	0.01079	0.01066	0.01441	0.01700	0.14096	0.01805	0.02023	0.01977	0.52254	0.00584	0.04040	0.00366	0.00458
6	0.09319	0.01369	0.01518	0.01294	0.01659	0.05217	0.04337	0.11861	0.23080	0.08266	0.13731	0.02641	0.03877	0.01299	0.07265	0.00291	0.00702	0.00764	0.00611	0.00901
7	0.01171	0.00722	0.00945	0.00953	0.01114	0.00669	0.00718	0.01391	0.01583	0.10509	0.24582	0.24960	0.08812	0.07094	0.01009	0.00276	0.00440	0.11738	0.00667	0.00646
8	0.01005	0.00667	0.00787	0.00805	0.00909	0.00623	0.00542	0.01130	0.01324	0.04875	0.10231	0.21624	0.17337	0.27964	0.01712	0.00382	0.00473	0.02597	0.04471	0.00541
9	0.07688	0.00888	0.01061	0.00974	0.01248	0.00866	0.00770	0.05174	0.01591	0.17239	0.06959	0.10415	0.18366	0.01823	0.11071	0.00345	0.00652	0.05859	0.06268	0.00745
10	0.01120	0.00607	0.00834	0.00834	0.00877	0.00602	0.00569	0.00976	0.01006	0.01392	0.01876	0.02646	0.07902	0.05889	0.05980	0.56581	0.00599	0.00691	0.08646	0.00373
11	0.01511	0.00852	0.01069	0.00972	0.01211	0.00795	0.00744	0.05298	0.01699	0.18949	0.20675	0.10345	0.12116	0.12850	0.01178	0.00293	0.00489	0.07556	0.00670	0.00729
12	0.07773	0.00803	0.00867	0.00826	0.01013	0.00806	0.00603	0.06280	0.01495	0.05970	0.07632	0.14438	0.08785	0.13085	0.01068	0.00273	0.00441	0.00971	0.26226	0.00645
13	0.59081	0.01280	0.01104	0.00951	0.01363	0.01438	0.00779	0.08995	0.01437	0.08808	0.01264	0.01376	0.00941	0.00674	0.00468	0.00202	0.00526	0.00439	0.08083	0.00793
14	0.00869	0.00637	0.00817	0.00942	0.01030	0.00595	0.00681	0.01025	0.01358	0.01766	0.04092	0.49309	0.14881	0.05135	0.00968	0.00288	0.00435	0.14003	0.00613	0.00556
15	0.01209	0.00718	0.00926	0.00911	0.01050	0.00683	0.00644	0.01365	0.01382	0.12112	0.12524	0.24708	0.08327	0.19752	0.10179	0.00438	0.00633	0.01233	0.00586	0.00620
16	0.05185	0.00806	0.00961	0.00879	0.01144	0.00726	0.00686	0.01590	0.01695	0.16428	0.25189	0.07116	0.28865	0.01393	0.00759	0.00223	0.00404	0.04549	0.00690	0.00712
17	0.08863	0.00748	0.00734	0.00703	0.00907	0.00761	0.00538	0.04225	0.01489	0.02556	0.06130	0.02878	0.09237	0.00895	0.00523	0.00173	0.00352	0.00713	0.56926	0.00650
18	0.00944	0.00687	0.00796	0.00785	0.00944	0.00620	0.00566	0.01128	0.01527	0.03835	0.24013	0.09166	0.31973	0.15911	0.01300	0.00308	0.00412	0.03897	0.00620	0.00571
19	0.01452	0.02765	0.44385	0.02419	0.10030	0.01605	0.23447	0.02126	0.01480	0.02139	0.01258	0.01564	0.00924	0.00611	0.00688	0.00215	0.01016	0.00598	0.00306	0.00972
20	0.32515	0.00974	0.00963	0.00884	0.01189	0.01010	0.00691	0.01841	0.01405	0.14162	0.05959	0.13949	0.07874	0.01043	0.00587	0.00212	0.00450	0.00830	0.12728	0.00733
21	0.01661	0.01238	0.01393	0.01234	0.01571	0.01348	0.00974	0.14183	0.30489	0.07843	0.09327	0.06882	0.07770	0.01391	0.05909	0.00287	0.00622	0.04294	0.00663	0.00922
22	0.02536	0.01170	0.01501	0.01181	0.01633	0.01091	0.00963	0.13437	0.02112	0.48217	0.15979	0.02709	0.02489	0.00932	0.00697	0.00207	0.00548	0.00769	0.00787	0.01043
23	0.00945	0.00635	0.00817	0.00899	0.00969	0.00602	0.00605	0.01065	0.01285	0.04483	0.06575	0.49567	0.07400	0.15387	0.05173	0.00375	0.00512	0.01572	0.00584	0.00552
24	0.00818	0.00584	0.00779	0.00934	0.00973	0.00545	0.00623	0.00934	0.01285	0.01713	0.03698	0.75981	0.04438	0.02102	0.00856	0.00273	0.00389	0.01908	0.00623	0.00545
25	0.01991	0.01683	0.03264	0.01390	0.01823	0.07603	0.01125	0.24131	0.32305	0.06487	0.02587	0.02457	0.08289	0.00924	0.00682	0.00213	0.00647	0.00736	0.00644	0.01019
26	0.01380	0.01528	0.09300	0.48649	0.22491	0.01525	0.01977	0.01847	0.01399	0.01883	0.01212	0.01717	0.00935	0.00648	0.00666	0.00216	0.00878	0.00587	0.00306	0.00855
27	0.00911	0.00647	0.00787	0.00839	0.00972	0.00579	0.00594	0.01054	0.01444	0.04076	0.12707	0.37218	0.28175	0.01845	0.00906	0.04122	0.00378	0.01550	0.00627	0.00570
28	0.05564	0.02997	0.54201	0.02058	0.02951	0.01586	0.17011	0.02122	0.01439	0.02176	0.01223	0.01485	0.00880	0.00621	0.00659	0.00215	0.00997	0.00553	0.00302	0.00959
29	0.01814	0.28599	0.32108	0.01557	0.02273	0.10465	0.01715	0.05227	0.01569	0.07164	0.01215	0.01347	0.00928	0.00644	0.00566	0.00183	0.00880	0.00459	0.00349	0.00939
30	0.04613	0.01647	0.01856	0.08581	0.05913	0.03951	0.01279	0.33765	0.18504	0.10103	0.01877	0.01876	0.01355	0.00799	0.00664	0.00209	0.00699	0.00633	0.00618	0.01057
31	0.00888	0.00671	0.00844	0.00932	0.01041	0.00646	0.00666	0.01135	0.04917	0.01839	0.07601	0.46526	0.16341	0.02164	0.06946	0.00328	0.00513	0.04804	0.00610	0.00588
32	0.01802	0.01657	0.01520	0.01350	0.01660	0.16243	0.01040	0.18545	0.16907	0.02666	0.11423	0.15242	0.02541	0.01119	0.00755	0.00218	0.02941	0.00912	0.00596	0.00865
33	0.12276	0.03895	0.02162	0.07576	0.32094	0.06711	0.03092	0.08290	0.01632	0.02385	0.04961	0.01995	0.01392	0.00762	0.00723	0.00210	0.04645	0.03879	0.00405	0.00912
34	0.05988	0.05500	0.05938	0.15751	0.20529	0.04684	0.04424	0.08650	0.05029	0.08885	0.03296	0.01767	0.01228	0.00688	0.00639	0.00200	0.00771	0.00590	0.00436	0.05007
35	0.01807	0.14132	0.05904	0.02903	0.05540	0.08162	0.02628	0.12671	0.01735	0.08926	0.05038	0.02329	0.08247	0.04962	0.03193	0.00255	0.09564	0.00679	0.00470	0.00856
36	0.01208	0.07813	0.01684	0.03756	0.07924	0.01147	0.07979	0.01404	0.01215	0.01651	0.01955	0.09210	0.04043	0.27152	0.10929	0.00470	0.04639	0.00868	0.00392	0.04561

[dist]
# distance from previous block
# <min> <max>
0	5

[block]
# block no. 8 follows, 32 sequences, length 18
# corresponding to MSA columns:
# 344-351,360-369
name=unknown_I
#
# <colnr> <probs for GDERKNQSTAVLIFYWHMCP>
#	G	D	E	R	K	N	Q	S	T	A	V	L	I	F	Y	W	H	M	C	P
0	0.01522	0.02044	0.21311	0.01947	0.02344	0.01818	0.12614	0.01910	0.01260	0.04982	0.01122	0.01545	0.00929	0.00918	0.01491	0.00257	0.40218	0.00599	0.00322	0.00848
1	0.01565	0.42061	0.26308	0.01524	0.05572	0.02061	0.01591	0.01985	0.01436	0.01888	0.07230	0.01562	0.01345	0.00666	0.00542	0.00175	0.00778	0.00491	0.00327	0.00895
2	0.01516	0.11664	0.46967	0.01792	0.02586	0.05700	0.06176	0.05469	0.01545	0.02130	0.01392	0.01921	0.01132	0.00740	0.00647	0.00211	0.00936	0.06202	0.00338	0.00935
3	0.01635	0.01344	0.01341	0.01208	0.01536	0.07722	0.00942	0.08854	0.28364	0.07547	0.08938	0.06914	0.15200	0.01160	0.00724	0.00223	0.00559	0.04263	0.00650	0.00878
4	0.01531	0.06012	0.45257	0.05377	0.15136	0.01660	0.05374	0.07850	0.01586	0.02275	0.01244	0.01496	0.00923	0.00640	0.00645	0.00207	0.00926	0.00535	0.00328	0.00997
5	0.01689	0.01746	0.11691	0.08540	0.12533	0.08078	0.01462	0.08038	0.07850	0.08207	0.05663	0.07610	0.01738	0.02687	0.04020	0.00265	0.06086	0.00736	0.00471	0.00890
6	0.08445	0.24496	0.12778	0.01526	0.02065	0.11572	0.07320	0.02293	0.01504	0.13280	0.01295	0.01439	0.00993	0.00698	0.00715	0.00194	0.07599	0.00498	0.00397	0.00895
7	0.00829	0.00593	0.00789	0.00926	0.00976	0.00553	0.00624	0.00963	0.01338	0.01798	0.09647	0.69789	0.04603	0.02038	0.00851	0.00267	0.00383	0.01847	0.00633	0.00553
8	0.05716	0.01060	0.07398	0.01021	0.01287	0.00874	0.00852	0.01629	0.07030	0.09131	0.09989	0.15764	0.13969	0.14208	0.01207	0.00308	0.00529	0.06756	0.00581	0.00691
9	0.01544	0.08076	0.02439	0.04710	0.08532	0.07572	0.22361	0.08194	0.01642	0.02116	0.01997	0.22295	0.02009	0.01059	0.00738	0.00224	0.00810	0.02420	0.00449	0.00815
10	0.02673	0.01497	0.01742	0.01344	0.01852	0.01535	0.01108	0.37885	0.02534	0.33146	0.02082	0.01946	0.01394	0.00815	0.00661	0.00201	0.00644	0.00635	0.05194	0.01113
11	0.01050	0.00864	0.01370	0.05716	0.01579	0.01014	0.04898	0.01314	0.01120	0.01605	0.01670	0.02454	0.01535	0.04235	0.60018	0.00921	0.06947	0.00706	0.00350	0.00635
12	0.01506	0.01558	0.07698	0.01342	0.01707	0.07767	0.04113	0.09674	0.20649	0.02446	0.09727	0.10880	0.13008	0.01144	0.00778	0.00224	0.03401	0.00953	0.00577	0.00847
13	0.02506	0.03198	0.01901	0.01729	0.02074	0.73725	0.01296	0.02679	0.01901	0.01642	0.01037	0.01210	0.00864	0.00691	0.00605	0.00173	0.01210	0.00432	0.00346	0.00778
14	0.00963	0.00701	0.00988	0.00988	0.01076	0.00790	0.00726	0.01140	0.01052	0.01491	0.01880	0.03095	0.01877	0.23695	0.55369	0.00967	0.01497	0.00786	0.00372	0.00549
15	0.74125	0.01350	0.01078	0.00942	0.01368	0.01557	0.00776	0.08058	0.01322	0.03119	0.00995	0.01137	0.00764	0.00639	0.00438	0.00207	0.00539	0.00385	0.00438	0.00764
16	0.00863	0.00617	0.00831	0.00987	0.01046	0.00585	0.00703	0.01014	0.01330	0.01764	0.03673	0.64056	0.04337	0.02059	0.00869	0.00279	0.00429	0.13379	0.00622	0.00558
17	0.01680	0.49960	0.13610	0.01557	0.08193	0.04804	0.01429	0.02003	0.01421	0.01754	0.01229	0.01735	0.01132	0.00699	0.00531	0.00174	0.00775	0.06118	0.00321	0.00875

[dist]
# distance from previous block
# <min> <max>
0	2

[block]
# block no. 9 follows, 32 sequences, length 19
# corresponding to MSA columns:
# 372-390
name=unknown_J
#
# <colnr> <probs for GDERKNQSTAVLIFYWHMCP>
#	G	D	E	R	K	N	Q	S	T	A	V	L	I	F	Y	W	H	M	C	P
0	0.01798	0.06770	0.07269	0.01756	0.07322	0.07136	0.06587	0.09779	0.38718	0.02636	0.02044	0.02026	0.01548	0.00791	0.00663	0.00212	0.00715	0.00663	0.00548	0.01018
1	0.01759	0.71145	0.08890	0.01207	0.01814	0.02570	0.01251	0.02018	0.01367	0.01621	0.00954	0.01103	0.00860	0.00579	0.00447	0.00149	0.00739	0.00369	0.00287	0.00871
2	0.01600	0.01532	0.02614	0.15042	0.61785	0.01578	0.02029	0.02006	0.01499	0.02118	0.01251	0.01681	0.01037	0.00609	0.00665	0.00203	0.00812	0.00598	0.00327	0.01014
3	0.01091	0.00939	0.06642	0.01071	0.01245	0.00764	0.05919	0.01159	0.01207	0.01623	0.09145	0.08246	0.08833	0.16600	0.01950	0.28337	0.00609	0.03688	0.00428	0.00504
4	0.02485	0.01908	0.01973	0.01539	0.02056	0.05331	0.01261	0.62105	0.08010	0.04007	0.01666	0.01657	0.01194	0.00808	0.00669	0.00202	0.00745	0.00607	0.00657	0.01119
5	0.01267	0.01193	0.02013	0.74806	0.04621	0.01491	0.01863	0.01714	0.01342	0.01714	0.01193	0.01789	0.00894	0.00671	0.00671	0.00224	0.00894	0.00596	0.00298	0.00745
6	0.00854	0.00623	0.00794	0.00879	0.00972	0.00581	0.00613	0.00982	0.01345	0.01765	0.09339	0.45262	0.18982	0.02192	0.06426	0.05187	0.00490	0.01576	0.00592	0.00545
7	0.01352	0.01279	0.02166	0.59588	0.19178	0.01513	0.01906	0.01789	0.01382	0.01817	0.01208	0.01761	0.00931	0.00655	0.00669	0.00218	0.00874	0.00597	0.00305	0.00814
8	0.01267	0.01193	0.02013	0.74806	0.04621	0.01491	0.01863	0.01714	0.01342	0.01714	0.01193	0.01789	0.00894	0.00671	0.00671	0.00224	0.00894	0.00596	0.00298	0.00745
9	0.00976	0.00651	0.00732	0.00732	0.00732	0.00651	0.00407	0.00976	0.00976	0.01301	0.02114	0.04391	0.02439	0.76419	0.03415	0.00651	0.00651	0.00976	0.00407	0.00407
10	0.00818	0.00584	0.00779	0.00934	0.00973	0.00545	0.00623	0.00934	0.01285	0.01713	0.03698	0.75981	0.04438	0.02102	0.00856	0.00273	0.00389	0.01908	0.00623	0.00545
11	0.01166	0.00583	0.00874	0.00874	0.00874	0.00583	0.00583	0.00874	0.00874	0.01166	0.01166	0.02040	0.01166	0.02331	0.02622	0.80478	0.00583	0.00583	0.00291	0.00291
12	0.00976	0.00651	0.00732	0.00732	0.00732	0.00651	0.00407	0.00976	0.00976	0.01301	0.02114	0.04391	0.02439	0.76419	0.03415	0.00651	0.00651	0.00976	0.00407	0.00407
13	0.01267	0.01193	0.02013	0.74806	0.04621	0.01491	0.01863	0.01714	0.01342	0.01714	0.01193	0.01789	0.00894	0.00671	0.00671	0.00224	0.00894	0.00596	0.00298	0.00745
14	0.02109	0.01582	0.01707	0.01419	0.01869	0.01769	0.01136	0.28566	0.39920	0.08941	0.02302	0.02150	0.01675	0.00864	0.00678	0.00216	0.00612	0.00694	0.00690	0.01098
15	0.01065	0.00644	0.00887	0.00887	0.00936	0.00681	0.00614	0.01051	0.01002	0.01421	0.01655	0.02789	0.01654	0.19688	0.24794	0.31603	0.00955	0.00717	0.06519	0.00439
16	0.59532	0.01544	0.01219	0.01062	0.01484	0.08913	0.00859	0.08453	0.04126	0.05892	0.01148	0.01255	0.00869	0.00667	0.00479	0.00204	0.00612	0.00421	0.00459	0.00801
17	0.00877	0.00635	0.00842	0.00986	0.01066	0.00600	0.00722	0.01043	0.01364	0.01789	0.03897	0.54737	0.09379	0.02014	0.00868	0.00278	0.00439	0.17278	0.00622	0.00564
18	0.01147	0.00777	0.01119	0.01077	0.01209	0.00881	0.00827	0.01357	0.01132	0.07244	0.01863	0.02762	0.01731	0.12862	0.56578	0.00924	0.04743	0.00740	0.00400	0.00626

[dist]
# distance from previous block
# <min> <max>
1	8

[block]
# block no. 10 follows, 32 sequences, length 21
# corresponding to MSA columns:
# 399-419
name=unknown_K
#
# <colnr> <probs for GDERKNQSTAVLIFYWHMCP>
#	G	D	E	R	K	N	Q	S	T	A	V	L	I	F	Y	W	H	M	C	P
0	0.01680	0.01753	0.05536	0.10306	0.45844	0.06779	0.07090	0.04413	0.01585	0.02170	0.01252	0.01624	0.01018	0.00612	0.00660	0.00197	0.00850	0.00585	0.00344	0.05702
1	0.01901	0.20071	0.28883	0.01503	0.02184	0.05988	0.01613	0.05643	0.06153	0.15411	0.03468	0.01666	0.01249	0.00708	0.00602	0.00193	0.00800	0.00535	0.00448	0.00978
2	0.01691	0.37858	0.21487	0.01788	0.06275	0.07236	0.11069	0.02109	0.01455	0.01839	0.01088	0.01309	0.00892	0.00599	0.00560	0.00178	0.00886	0.00473	0.00300	0.00907
3	0.00846	0.00600	0.00790	0.00917	0.00956	0.00576	0.00608	0.00955	0.01234	0.01652	0.03387	0.62652	0.04024	0.11606	0.05493	0.00368	0.00505	0.01720	0.00580	0.00531
4	0.01774	0.69579	0.03559	0.01310	0.01894	0.02562	0.07777	0.02023	0.01385	0.01634	0.00974	0.01147	0.00876	0.00573	0.00465	0.00152	0.00758	0.00401	0.00292	0.00865
5	0.01390	0.01840	0.17464	0.45424	0.10350	0.04561	0.05818	0.01900	0.01412	0.01869	0.01204	0.01674	0.00906	0.00652	0.00667	0.00217	0.00933	0.00579	0.00302	0.00838
6	0.01436	0.03288	0.66541	0.01918	0.02873	0.01537	0.05333	0.02181	0.01448	0.05491	0.01280	0.01475	0.00896	0.00644	0.00646	0.00213	0.00978	0.00517	0.00312	0.00995
7	0.02419	0.01081	0.01469	0.01205	0.01581	0.01032	0.00985	0.02656	0.01726	0.50057	0.06018	0.03000	0.02086	0.06372	0.01055	0.00258	0.08119	0.07188	0.00721	0.00972
8	0.01509	0.01594	0.10805	0.11880	0.29149	0.01401	0.07017	0.03481	0.01553	0.05721	0.08950	0.02234	0.03686	0.01016	0.05054	0.00263	0.02668	0.00700	0.00407	0.00912
9	0.01774	0.01658	0.05181	0.07133	0.35632	0.09212	0.01604	0.02247	0.07241	0.10245	0.02131	0.02288	0.09128	0.00790	0.00674	0.00205	0.00757	0.00689	0.00448	0.00963
10	0.02506	0.03198	0.01901	0.01729	0.02074	0.73725	0.01296	0.02679	0.01901	0.01642	0.01037	0.01210	0.00864	0.00691	0.00605	0.00173	0.01210	0.00432	0.00346	0.00778
11	0.01448	0.10540	0.62647	0.01829	0.02748	0.05313	0.02291	0.02142	0.01436	0.02048	0.01169	0.01373	0.00852	0.00634	0.00616	0.00204	0.00976	0.00479	0.00287	0.00968
12	0.03428	0.03837	0.15030	0.06299	0.27345	0.02718	0.03007	0.04433	0.03911	0.08990	0.05936	0.02327	0.08233	0.00800	0.00671	0.00207	0.00740	0.00695	0.00445	0.00950
13	0.00879	0.00637	0.00843	0.00986	0.01068	0.00601	0.00724	0.01046	0.01367	0.01792	0.03910	0.54001	0.09674	0.02010	0.00868	0.00278	0.00440	0.17689	0.00622	0.00564
14	0.00876	0.00658	0.00816	0.00859	0.00996	0.00598	0.00630	0.01090	0.01581	0.02102	0.28379	0.28422	0.22363	0.01725	0.00822	0.00242	0.00367	0.06223	0.00663	0.00587
15	0.01767	0.06241	0.09267	0.14788	0.09149	0.14277	0.19695	0.02342	0.08286	0.05585	0.01424	0.01700	0.01081	0.00663	0.00675	0.00207	0.00952	0.00616	0.00382	0.00902
16	0.01627	0.17376	0.22234	0.01995	0.13030	0.05070	0.07195	0.06404	0.08829	0.02184	0.01746	0.01892	0.06105	0.00730	0.00629	0.00198	0.00817	0.00605	0.00389	0.00946
17	0.00848	0.00615	0.00789	0.00916	0.00983	0.00574	0.00632	0.00978	0.01312	0.01719	0.03927	0.57320	0.11959	0.07326	0.01037	0.00297	0.00421	0.07197	0.00607	0.00544
18	0.01537	0.09005	0.11884	0.02500	0.24275	0.01609	0.13845	0.06489	0.01564	0.02153	0.01767	0.09663	0.04793	0.00854	0.00775	0.00215	0.04997	0.00774	0.00388	0.00914
19	0.09802	0.12129	0.08963	0.04032	0.25833	0.15147	0.01580	0.04751	0.06181	0.03692	0.01276	0.01489	0.01022	0.00653	0.00596	0.00192	0.00831	0.00514	0.00378	0.00940
20	0.05498	0.01648	0.04591	0.08653	0.40048	0.06611	0.01677	0.02183	0.06111	0.05287	0.01373	0.01655	0.01095	0.00632	0.00630	0.00191	0.00764	0.00562	0.00386	0.10408

[dist]
# distance from previous block
# <min> <max>
0	34

# created by:
# /home/berkeley/.conda/envs/busco_data_prod/bin/msa2prfl.pl pipeline/OGs_align_augustus/4893/38450.fs
