[name]
unknown

[dist]
# distance from previous block
# <min> <max>
0	52

[block]
# block no. 0 follows, 31 sequences, length 9
# corresponding to MSA columns:
# 52-60
name=unknown_A
#
# <colnr> <probs for GDERKNQSTAVLIFYWHMCP>
#	G	D	E	R	K	N	Q	S	T	A	V	L	I	F	Y	W	H	M	C	P
0	0.13658	0.03661	0.03708	0.01551	0.01956	0.13298	0.10862	0.09898	0.09505	0.02546	0.08657	0.02634	0.04538	0.00937	0.00754	0.00222	0.04057	0.06203	0.00506	0.00848
1	0.11355	0.24466	0.14631	0.01426	0.01949	0.16315	0.01366	0.02246	0.04430	0.04972	0.01241	0.01442	0.01012	0.01030	0.06252	0.00259	0.03901	0.00475	0.00367	0.00863
2	0.01050	0.06150	0.01158	0.01057	0.03558	0.00824	0.00746	0.01249	0.01465	0.01998	0.17982	0.32466	0.05920	0.08697	0.01039	0.00273	0.00467	0.05262	0.00583	0.08057
3	0.06750	0.13444	0.07441	0.01053	0.01299	0.01145	0.00885	0.01347	0.01285	0.01794	0.02764	0.33278	0.07682	0.12603	0.01188	0.00301	0.03382	0.01221	0.00488	0.00649
4	0.08648	0.44867	0.18183	0.01377	0.02026	0.06037	0.01447	0.06874	0.01541	0.02052	0.01066	0.01220	0.00884	0.00627	0.00510	0.00173	0.00803	0.00418	0.00334	0.00911
5	0.01219	0.05524	0.01155	0.01039	0.01230	0.05995	0.00788	0.03859	0.01587	0.05101	0.10273	0.34701	0.14790	0.01675	0.00804	0.00247	0.00507	0.08229	0.00616	0.00662
6	0.00973	0.00675	0.00798	0.00821	0.00867	0.00646	0.00500	0.01024	0.01109	0.01498	0.02566	0.24715	0.02989	0.50463	0.02564	0.00521	0.00578	0.01234	0.00477	0.04980
7	0.08480	0.62236	0.07261	0.01222	0.01807	0.06029	0.01220	0.02086	0.01401	0.01768	0.00972	0.01125	0.00866	0.00599	0.00459	0.00157	0.00756	0.00378	0.00306	0.00870
8	0.00937	0.00721	0.01049	0.01069	0.01192	0.00696	0.04643	0.01136	0.01395	0.01877	0.11223	0.40993	0.08826	0.05046	0.10796	0.00393	0.00650	0.06173	0.00587	0.00596

[dist]
# distance from previous block
# <min> <max>
1	5

[block]
# block no. 1 follows, 31 sequences, length 12
# corresponding to MSA columns:
# 66-77
name=unknown_B
#
# <colnr> <probs for GDERKNQSTAVLIFYWHMCP>
#	G	D	E	R	K	N	Q	S	T	A	V	L	I	F	Y	W	H	M	C	P
0	0.00828	0.00678	0.00734	0.00774	0.00962	0.00583	0.00572	0.00997	0.01510	0.01837	0.06127	0.20612	0.54529	0.01824	0.00828	0.00245	0.00371	0.04779	0.00635	0.00576
1	0.01991	0.66564	0.03325	0.01177	0.01755	0.02485	0.01149	0.02216	0.01464	0.10808	0.01179	0.01258	0.00984	0.00619	0.00471	0.00155	0.00712	0.00408	0.00365	0.00915
2	0.00995	0.00663	0.00746	0.00746	0.00746	0.00663	0.00415	0.00995	0.00995	0.01327	0.02156	0.04477	0.02487	0.75957	0.03482	0.00663	0.00663	0.00995	0.00415	0.00415
3	0.01419	0.11063	0.65302	0.01869	0.02837	0.01704	0.02388	0.02154	0.01439	0.02109	0.01199	0.01409	0.00868	0.00643	0.00628	0.00209	0.00982	0.00491	0.00289	0.00997
4	0.01702	0.01470	0.01547	0.01392	0.01779	0.01702	0.01083	0.03635	0.70453	0.02862	0.02785	0.02553	0.02088	0.00928	0.00696	0.00232	0.00541	0.00773	0.00696	0.01083
5	0.03070	0.01164	0.01588	0.01217	0.01746	0.01006	0.01006	0.03334	0.01958	0.72163	0.02699	0.02329	0.01694	0.00847	0.00688	0.00212	0.00582	0.00688	0.00847	0.01164
6	0.00980	0.00724	0.01053	0.01053	0.01160	0.00830	0.00798	0.01192	0.01086	0.01554	0.01875	0.02921	0.01812	0.14365	0.64150	0.01043	0.01680	0.00767	0.00373	0.00585
7	0.01799	0.02671	0.23407	0.02540	0.14378	0.20077	0.20913	0.02308	0.01639	0.02058	0.01238	0.01545	0.00955	0.00637	0.00690	0.00208	0.01075	0.00591	0.00330	0.00942
8	0.01004	0.00729	0.00980	0.01112	0.01250	0.00706	0.00913	0.01260	0.01530	0.01992	0.07278	0.22995	0.11164	0.01908	0.00908	0.00293	0.00532	0.42199	0.00638	0.00608
9	0.00888	0.00659	0.00750	0.00787	0.00886	0.00606	0.00520	0.00998	0.01326	0.01699	0.08437	0.23060	0.27035	0.27262	0.01741	0.00390	0.00466	0.01403	0.00567	0.00520
10	0.02361	0.02259	0.02013	0.01875	0.09239	0.26341	0.01355	0.33085	0.04938	0.02976	0.01459	0.01604	0.01125	0.01023	0.05039	0.00250	0.00981	0.00568	0.00516	0.00992
11	0.12176	0.12287	0.15448	0.01658	0.04482	0.25406	0.01479	0.15070	0.01904	0.02456	0.01181	0.01333	0.00921	0.00689	0.00590	0.00191	0.00931	0.00473	0.00404	0.00919

[dist]
# distance from previous block
# <min> <max>
0	1

[block]
# block no. 2 follows, 31 sequences, length 6
# corresponding to MSA columns:
# 79-84
name=unknown_C
#
# <colnr> <probs for GDERKNQSTAVLIFYWHMCP>
#	G	D	E	R	K	N	Q	S	T	A	V	L	I	F	Y	W	H	M	C	P
0	0.07757	0.31232	0.02039	0.01027	0.01364	0.01618	0.00875	0.01715	0.01403	0.06498	0.11336	0.07530	0.04752	0.14068	0.01148	0.00273	0.03399	0.00771	0.00460	0.00736
1	0.01585	0.27167	0.22742	0.01589	0.02240	0.04433	0.09120	0.04370	0.01501	0.01992	0.01385	0.07310	0.01234	0.00898	0.03236	0.00221	0.00873	0.00609	0.00352	0.07143
2	0.01700	0.16434	0.14051	0.01463	0.01959	0.12079	0.05558	0.04405	0.04397	0.06617	0.04085	0.16332	0.01911	0.00984	0.00661	0.00204	0.00771	0.00819	0.00459	0.05111
3	0.01611	0.11855	0.01810	0.01367	0.04536	0.03415	0.07128	0.04351	0.03665	0.12329	0.07461	0.15723	0.06119	0.07143	0.01067	0.05484	0.00635	0.02983	0.00542	0.00775
4	0.01869	0.11652	0.07972	0.01647	0.08529	0.01445	0.06837	0.10305	0.01795	0.16601	0.07740	0.04674	0.04795	0.06835	0.00912	0.00247	0.00702	0.03980	0.00548	0.00918
5	0.05878	0.09206	0.10846	0.04381	0.01899	0.06122	0.01197	0.13738	0.01752	0.02444	0.01902	0.11695	0.04030	0.00935	0.00634	0.00193	0.00682	0.03035	0.03398	0.16035

[dist]
# distance from previous block
# <min> <max>
29	335

[block]
# block no. 3 follows, 31 sequences, length 39
# corresponding to MSA columns:
# 426-464
name=unknown_D
#
# <colnr> <probs for GDERKNQSTAVLIFYWHMCP>
#	G	D	E	R	K	N	Q	S	T	A	V	L	I	F	Y	W	H	M	C	P
0	0.01698	0.13684	0.04219	0.01424	0.01766	0.15631	0.03561	0.04280	0.16577	0.02047	0.03320	0.06828	0.03899	0.05980	0.04084	0.00281	0.07082	0.02344	0.00466	0.00828
1	0.04635	0.11315	0.01919	0.01545	0.06263	0.15311	0.03196	0.09850	0.05605	0.07216	0.03667	0.12442	0.03828	0.03679	0.03171	0.00255	0.03955	0.00805	0.00498	0.00846
2	0.20715	0.10333	0.06576	0.01276	0.01689	0.04694	0.01114	0.11667	0.04401	0.06118	0.01632	0.08531	0.01472	0.03216	0.00839	0.00229	0.07638	0.02913	0.00480	0.04468
3	0.22843	0.05531	0.03859	0.03785	0.05086	0.06074	0.01029	0.07185	0.03663	0.04478	0.02219	0.13473	0.08386	0.01231	0.04000	0.00260	0.03275	0.00815	0.00487	0.02323
4	0.01667	0.04324	0.08590	0.05615	0.14955	0.07993	0.01402	0.06510	0.03968	0.07613	0.06180	0.10514	0.05349	0.03576	0.00957	0.00239	0.08372	0.00829	0.00478	0.00870
5	0.04370	0.07396	0.09479	0.05886	0.02104	0.07851	0.07326	0.09834	0.08177	0.02311	0.04429	0.11604	0.04093	0.01179	0.03005	0.00255	0.04469	0.04907	0.00484	0.00842
6	0.15136	0.03960	0.01961	0.01588	0.04182	0.08595	0.07458	0.14376	0.05580	0.08463	0.01479	0.03507	0.01175	0.00800	0.00828	0.00209	0.10356	0.00593	0.00488	0.09264
7	0.04044	0.06053	0.05030	0.05649	0.01766	0.06025	0.01074	0.08201	0.11463	0.02250	0.02623	0.14203	0.09481	0.03833	0.00865	0.00237	0.03805	0.04874	0.00521	0.08001
8	0.01957	0.07137	0.04034	0.01489	0.04295	0.07518	0.05318	0.10032	0.04196	0.17368	0.04497	0.08664	0.06333	0.03544	0.00901	0.00228	0.06282	0.00802	0.00559	0.04847
9	0.13202	0.01899	0.05345	0.12289	0.06213	0.16401	0.04245	0.10298	0.05995	0.02441	0.01429	0.01851	0.01165	0.00743	0.00629	0.00200	0.00828	0.03949	0.00433	0.10447
10	0.01799	0.09468	0.04463	0.01368	0.01895	0.03781	0.05547	0.10988	0.01698	0.08582	0.01459	0.04519	0.01204	0.00729	0.00733	0.00169	0.07076	0.00564	0.00460	0.33496
11	0.33594	0.08553	0.11706	0.01444	0.01983	0.12551	0.07804	0.02343	0.05624	0.06779	0.01268	0.01409	0.00961	0.00669	0.00556	0.00204	0.00786	0.00486	0.00418	0.00863
12	0.00834	0.00595	0.00794	0.00953	0.00992	0.00556	0.00635	0.00953	0.01310	0.01746	0.03771	0.75510	0.04525	0.02143	0.00873	0.00278	0.00397	0.01945	0.00635	0.00556
13	0.00834	0.00595	0.00794	0.00953	0.00992	0.00556	0.00635	0.00953	0.01310	0.01746	0.03771	0.75510	0.04525	0.02143	0.00873	0.00278	0.00397	0.01945	0.00635	0.00556
14	0.02469	0.01851	0.01979	0.01547	0.02071	0.02060	0.01268	0.59767	0.13072	0.04099	0.01810	0.01776	0.01299	0.00837	0.00686	0.00209	0.00722	0.00639	0.00686	0.01152
15	0.01620	0.01437	0.08194	0.07820	0.01977	0.01359	0.01201	0.07180	0.23323	0.09441	0.15058	0.07467	0.02640	0.01031	0.00792	0.00225	0.04274	0.00856	0.00614	0.03490
16	0.01402	0.15241	0.01565	0.01087	0.01307	0.13816	0.00832	0.01555	0.01343	0.01603	0.04986	0.05544	0.06246	0.23359	0.16783	0.00514	0.00980	0.00796	0.00407	0.00634
17	0.01372	0.03539	0.72412	0.01950	0.02961	0.01589	0.02528	0.02167	0.01444	0.02167	0.01228	0.01444	0.00867	0.00650	0.00650	0.00217	0.01011	0.00506	0.00289	0.01011
18	0.02583	0.01859	0.02007	0.01548	0.02087	0.02047	0.01276	0.63121	0.06223	0.07619	0.01747	0.01718	0.01232	0.00827	0.00685	0.00207	0.00735	0.00627	0.00693	0.01160
19	0.02196	0.02315	0.01860	0.01619	0.01950	0.34698	0.01267	0.18302	0.06177	0.02359	0.01375	0.01618	0.01123	0.01340	0.09603	0.00313	0.10009	0.00557	0.00447	0.00871
20	0.02932	0.01134	0.01544	0.01194	0.01699	0.00982	0.00982	0.03200	0.01957	0.67609	0.07200	0.02511	0.02006	0.00883	0.00696	0.00212	0.00565	0.00724	0.00841	0.01130
21	0.00809	0.00693	0.00693	0.00693	0.00924	0.00578	0.00520	0.00982	0.01559	0.01848	0.06931	0.06584	0.71411	0.01733	0.00809	0.00231	0.00347	0.01444	0.00635	0.00578
22	0.01453	0.03432	0.67797	0.01925	0.02906	0.01624	0.02447	0.06577	0.01561	0.02307	0.01255	0.01457	0.00886	0.00661	0.00652	0.00216	0.00994	0.00513	0.00315	0.01021
23	0.02084	0.05433	0.02446	0.02054	0.05856	0.35349	0.12960	0.05191	0.01695	0.01895	0.01110	0.01433	0.00934	0.00790	0.01017	0.00215	0.17796	0.00552	0.00350	0.00839
24	0.00995	0.00663	0.00746	0.00746	0.00746	0.00663	0.00415	0.00995	0.00995	0.01327	0.02156	0.04477	0.02487	0.75957	0.03482	0.00663	0.00663	0.00995	0.00415	0.00415
25	0.00834	0.00595	0.00794	0.00953	0.00992	0.00556	0.00635	0.00953	0.01310	0.01746	0.03771	0.75510	0.04525	0.02143	0.00873	0.00278	0.00397	0.01945	0.00635	0.00556
26	0.01844	0.67479	0.07743	0.01254	0.01852	0.06866	0.01264	0.02097	0.01426	0.01648	0.00975	0.01127	0.00877	0.00596	0.00463	0.00152	0.00779	0.00379	0.00296	0.00881
27	0.02548	0.02238	0.02001	0.01614	0.02104	0.20179	0.01296	0.49451	0.05960	0.03575	0.01546	0.01580	0.01134	0.00797	0.00668	0.00199	0.00865	0.00579	0.00601	0.01066
28	0.00842	0.00602	0.00801	0.00947	0.00994	0.00561	0.00636	0.00974	0.01349	0.01808	0.07949	0.71156	0.04644	0.02097	0.00869	0.00274	0.00392	0.01901	0.00642	0.00561
29	0.00887	0.00694	0.00810	0.00836	0.01017	0.00617	0.00636	0.01107	0.01622	0.02078	0.21836	0.15140	0.38826	0.01723	0.00833	0.00243	0.00382	0.09454	0.00663	0.00598
30	0.02019	0.01530	0.01689	0.01461	0.04609	0.04066	0.01111	0.24804	0.19693	0.08942	0.01981	0.02130	0.01528	0.05274	0.06279	0.00292	0.00750	0.00660	0.00603	0.10579
31	0.02094	0.02037	0.02378	0.06261	0.02519	0.17626	0.17340	0.24471	0.08178	0.02842	0.06095	0.01917	0.01483	0.00776	0.00708	0.00209	0.00917	0.00676	0.00513	0.00959
32	0.09287	0.28220	0.04596	0.01549	0.04333	0.14685	0.05344	0.10338	0.04488	0.02244	0.01187	0.01356	0.00974	0.00672	0.00613	0.00180	0.03409	0.00476	0.00391	0.05656
33	0.10911	0.04349	0.08973	0.01866	0.13471	0.11560	0.04091	0.04284	0.01598	0.02296	0.06673	0.02271	0.01633	0.00813	0.00690	0.00198	0.03147	0.06596	0.00424	0.14159
34	0.08508	0.07911	0.04123	0.04561	0.05409	0.09576	0.01159	0.14873	0.03640	0.04776	0.06039	0.08759	0.01986	0.03664	0.00768	0.00226	0.00707	0.06743	0.00517	0.06054
35	0.05079	0.05032	0.01887	0.06323	0.04502	0.08374	0.04540	0.15746	0.12524	0.06207	0.02075	0.02147	0.07284	0.00829	0.00706	0.00198	0.03354	0.00656	0.00523	0.12013
36	0.06257	0.01685	0.06098	0.01538	0.05056	0.10526	0.05606	0.10286	0.08582	0.10308	0.02265	0.09062	0.06255	0.00954	0.00682	0.00207	0.00714	0.03029	0.00541	0.10348
37	0.07698	0.04326	0.04895	0.01901	0.12464	0.07538	0.08465	0.10963	0.04766	0.06070	0.06146	0.06349	0.01658	0.00879	0.00777	0.02590	0.03250	0.00701	0.00479	0.08086
38	0.02047	0.01984	0.08434	0.03609	0.06601	0.16085	0.03654	0.11941	0.11903	0.11451	0.01799	0.04201	0.01436	0.05470	0.00914	0.00238	0.03989	0.00666	0.00517	0.03060

[dist]
# distance from previous block
# <min> <max>
6	131

[block]
# block no. 4 follows, 31 sequences, length 14
# corresponding to MSA columns:
# 609-622
name=unknown_E
#
# <colnr> <probs for GDERKNQSTAVLIFYWHMCP>
#	G	D	E	R	K	N	Q	S	T	A	V	L	I	F	Y	W	H	M	C	P
0	0.01391	0.04530	0.15577	0.05396	0.11176	0.01358	0.03884	0.05299	0.06048	0.02210	0.05739	0.07748	0.10096	0.01112	0.03301	0.00243	0.04449	0.00808	0.00451	0.09183
1	0.03830	0.04571	0.18505	0.01880	0.11250	0.01529	0.03997	0.09813	0.04683	0.06106	0.01625	0.08532	0.01396	0.00852	0.00800	0.00209	0.07485	0.00685	0.00444	0.11804
2	0.01644	0.07341	0.05882	0.05258	0.06078	0.04032	0.07427	0.11636	0.04099	0.04560	0.01863	0.05137	0.04747	0.01327	0.08799	0.00300	0.04579	0.02258	0.00455	0.12579
3	0.01573	0.10708	0.06125	0.04322	0.05237	0.03536	0.01114	0.11237	0.04767	0.04789	0.04261	0.08644	0.10826	0.04634	0.00807	0.00222	0.00638	0.04138	0.00511	0.11910
4	0.01622	0.03860	0.08522	0.01321	0.01746	0.01331	0.03483	0.12649	0.11108	0.08115	0.10436	0.08609	0.08045	0.01243	0.04146	0.00255	0.03931	0.00865	0.00578	0.08135
5	0.03310	0.05381	0.06398	0.01570	0.08359	0.08187	0.01195	0.18013	0.03632	0.07242	0.06360	0.05942	0.09357	0.06857	0.00944	0.00250	0.02066	0.03510	0.00547	0.00880
6	0.01880	0.12728	0.05081	0.01391	0.01818	0.14970	0.03981	0.14590	0.01812	0.04768	0.01587	0.06610	0.01423	0.07392	0.04390	0.00269	0.02321	0.00654	0.02812	0.09526
7	0.08811	0.17247	0.10803	0.01640	0.08290	0.09460	0.01364	0.10728	0.01749	0.10126	0.04222	0.01656	0.01270	0.00861	0.02848	0.00219	0.03431	0.00538	0.00451	0.04283
8	0.04225	0.13877	0.06744	0.05271	0.07469	0.07083	0.06368	0.05871	0.01624	0.02191	0.13793	0.02437	0.04686	0.04117	0.02292	0.00239	0.06061	0.00708	0.00440	0.04505
9	0.00977	0.00733	0.01100	0.01100	0.01222	0.00855	0.00855	0.01222	0.01100	0.01588	0.01833	0.02688	0.01710	0.05131	0.73245	0.01100	0.01833	0.00733	0.00367	0.00611
10	0.01734	0.01585	0.01823	0.05842	0.13698	0.15408	0.05420	0.02023	0.01646	0.09282	0.08731	0.05357	0.09190	0.00950	0.00793	0.00207	0.05657	0.00784	0.04465	0.05405
11	0.01572	0.01261	0.01464	0.01071	0.01660	0.01018	0.00859	0.05061	0.05510	0.05857	0.01400	0.01540	0.01116	0.00563	0.00535	0.00119	0.00524	0.00450	0.00457	0.67962
12	0.08570	0.01529	0.05535	0.01672	0.10660	0.05685	0.06962	0.02080	0.01542	0.11770	0.01771	0.04324	0.04586	0.00717	0.00613	0.00173	0.00674	0.00611	0.00463	0.30062
13	0.01686	0.05180	0.06593	0.01403	0.03618	0.08375	0.06264	0.02169	0.07880	0.09888	0.10640	0.02382	0.05782	0.00804	0.00643	0.00177	0.00661	0.00677	0.00512	0.24665

[dist]
# distance from previous block
# <min> <max>
0	1

[block]
# block no. 5 follows, 31 sequences, length 11
# corresponding to MSA columns:
# 624-634
name=unknown_F
#
# <colnr> <probs for GDERKNQSTAVLIFYWHMCP>
#	G	D	E	R	K	N	Q	S	T	A	V	L	I	F	Y	W	H	M	C	P
0	0.01011	0.00769	0.00925	0.00888	0.01078	0.00708	0.00649	0.04013	0.01609	0.02177	0.24414	0.19655	0.19688	0.07548	0.05011	0.00306	0.00487	0.01293	0.00622	0.07147
1	0.01848	0.03697	0.15758	0.04867	0.19569	0.04830	0.07700	0.13909	0.04485	0.07806	0.01733	0.03486	0.03360	0.00889	0.02829	0.00238	0.00870	0.00666	0.00457	0.01005
2	0.01002	0.00760	0.00878	0.00895	0.01057	0.00716	0.00642	0.07010	0.01610	0.02082	0.11256	0.33835	0.27916	0.05897	0.00972	0.00270	0.00418	0.01529	0.00639	0.00618
3	0.01440	0.01235	0.01428	0.01042	0.01633	0.00972	0.00831	0.01868	0.06652	0.02277	0.01335	0.01505	0.01095	0.00539	0.00521	0.00111	0.00509	0.00433	0.00427	0.74146
4	0.04387	0.11295	0.50376	0.01797	0.02647	0.01642	0.07691	0.02052	0.01451	0.02114	0.01668	0.01849	0.06676	0.00725	0.00644	0.00211	0.00919	0.00587	0.00328	0.00943
5	0.00841	0.00681	0.00726	0.00737	0.00923	0.00589	0.00532	0.01006	0.01515	0.01865	0.11487	0.12900	0.53384	0.08481	0.01057	0.00273	0.00378	0.01434	0.00625	0.00566
6	0.01662	0.01545	0.07634	0.11143	0.16123	0.01487	0.01464	0.12937	0.15621	0.05109	0.08765	0.05947	0.03684	0.00941	0.00714	0.00223	0.00686	0.02812	0.00544	0.00960
7	0.00862	0.00683	0.00776	0.00779	0.00964	0.00596	0.00574	0.01076	0.01648	0.02120	0.26987	0.14854	0.42297	0.01679	0.00816	0.00232	0.00345	0.01442	0.00673	0.00596
8	0.01591	0.11235	0.01805	0.01403	0.07439	0.04351	0.01024	0.10291	0.04009	0.02317	0.01774	0.15575	0.01720	0.00900	0.00615	0.00170	0.00604	0.00751	0.00472	0.31955
9	0.01635	0.48369	0.21785	0.01389	0.02033	0.02244	0.01515	0.02012	0.01424	0.01835	0.05616	0.01471	0.01240	0.00685	0.00605	0.00177	0.04281	0.00471	0.00322	0.00892
10	0.02149	0.09200	0.10896	0.01580	0.02082	0.08787	0.01429	0.31331	0.04660	0.06271	0.01611	0.01972	0.01283	0.00879	0.00828	0.00216	0.08388	0.04906	0.00531	0.01001

[dist]
# distance from previous block
# <min> <max>
0	2

[block]
# block no. 6 follows, 31 sequences, length 10
# corresponding to MSA columns:
# 637-646
name=unknown_G
#
# <colnr> <probs for GDERKNQSTAVLIFYWHMCP>
#	G	D	E	R	K	N	Q	S	T	A	V	L	I	F	Y	W	H	M	C	P
0	0.01561	0.24825	0.30318	0.01827	0.10238	0.01818	0.01763	0.02026	0.01455	0.04585	0.04203	0.06759	0.01410	0.00789	0.00674	0.00201	0.03642	0.00616	0.00360	0.00928
1	0.01089	0.00771	0.00891	0.00833	0.01090	0.00673	0.00643	0.01310	0.01606	0.08237	0.15109	0.05435	0.44104	0.01815	0.06566	0.00292	0.00501	0.03401	0.00637	0.04999
2	0.01419	0.01216	0.01419	0.01013	0.01621	0.00912	0.00811	0.01723	0.01419	0.02229	0.01216	0.01419	0.01013	0.00507	0.00507	0.00101	0.00507	0.00405	0.00405	0.80139
3	0.03916	0.10639	0.06401	0.01371	0.04684	0.05777	0.01119	0.06979	0.10773	0.17522	0.07379	0.09777	0.05877	0.00993	0.00672	0.00208	0.00630	0.00814	0.00592	0.03878
4	0.01738	0.23707	0.27543	0.07444	0.02495	0.12140	0.01769	0.05654	0.01552	0.01973	0.01118	0.01361	0.00894	0.00698	0.00727	0.00198	0.07280	0.00479	0.00322	0.00908
5	0.00837	0.00680	0.00724	0.00738	0.00924	0.00587	0.00533	0.01001	0.01512	0.01856	0.10600	0.13966	0.54048	0.07679	0.01029	0.00270	0.00376	0.01450	0.00626	0.00567
6	0.01550	0.01581	0.07560	0.23216	0.17314	0.04470	0.07928	0.04714	0.04549	0.05341	0.02198	0.02595	0.10070	0.00854	0.00714	0.00222	0.00817	0.02996	0.00426	0.00884
7	0.08896	0.14923	0.05031	0.03380	0.02044	0.18440	0.03780	0.16901	0.01855	0.02403	0.01273	0.04522	0.01093	0.00830	0.00844	0.00208	0.11708	0.00567	0.00421	0.00881
8	0.02034	0.55968	0.03136	0.01322	0.01856	0.17291	0.01211	0.06927	0.01632	0.01813	0.01022	0.01164	0.00899	0.00627	0.00493	0.00157	0.00837	0.00399	0.00333	0.00880
9	0.01726	0.01368	0.06206	0.09011	0.06959	0.01197	0.01226	0.02257	0.09780	0.15602	0.01955	0.06197	0.01606	0.00847	0.00710	0.00194	0.03270	0.04300	0.00523	0.25065

[dist]
# distance from previous block
# <min> <max>
0	2

[block]
# block no. 7 follows, 31 sequences, length 35
# corresponding to MSA columns:
# 649-683
name=unknown_H
#
# <colnr> <probs for GDERKNQSTAVLIFYWHMCP>
#	G	D	E	R	K	N	Q	S	T	A	V	L	I	F	Y	W	H	M	C	P
0	0.01920	0.01571	0.07412	0.09005	0.09837	0.08683	0.01300	0.04075	0.07841	0.20361	0.14833	0.02734	0.05602	0.00923	0.00704	0.00212	0.00686	0.00773	0.00594	0.00933
1	0.01667	0.01647	0.05026	0.07415	0.51935	0.01600	0.05142	0.04828	0.04994	0.02313	0.01439	0.01906	0.01198	0.00672	0.00686	0.00208	0.00810	0.02553	0.00377	0.03584
2	0.00939	0.00708	0.00921	0.07139	0.01292	0.00682	0.00712	0.01171	0.01576	0.02132	0.28552	0.25825	0.16534	0.05144	0.00933	0.00257	0.00415	0.01399	0.03065	0.00606
3	0.01490	0.01419	0.02411	0.39629	0.37844	0.01572	0.01999	0.01922	0.01462	0.01989	0.01251	0.01759	0.00997	0.00647	0.00681	0.00216	0.00863	0.00609	0.00321	0.00920
4	0.01612	0.01543	0.02631	0.18314	0.58206	0.01604	0.02059	0.02029	0.01520	0.02137	0.01273	0.01720	0.01049	0.00625	0.00679	0.00208	0.00833	0.00609	0.00332	0.01019
5	0.01188	0.00594	0.00891	0.00891	0.00891	0.00594	0.00594	0.00891	0.00891	0.01188	0.01188	0.02080	0.01188	0.02377	0.02674	0.80095	0.00594	0.00594	0.00297	0.00297
6	0.01628	0.01559	0.02659	0.15651	0.60749	0.01608	0.02067	0.02042	0.01527	0.02156	0.01275	0.01715	0.01056	0.00622	0.00678	0.00207	0.00829	0.00609	0.00333	0.01031
7	0.01497	0.01497	0.02095	0.01796	0.01796	0.02095	0.01497	0.01646	0.01048	0.01646	0.00898	0.01497	0.00898	0.01197	0.02245	0.00299	0.74704	0.00599	0.00299	0.00748
8	0.00960	0.00693	0.00907	0.00867	0.01020	0.00640	0.00645	0.01270	0.01897	0.02681	0.67062	0.09556	0.06333	0.01446	0.00811	0.00219	0.00327	0.01282	0.00746	0.00640
9	0.01626	0.02183	0.26096	0.04680	0.02705	0.03948	0.20108	0.02148	0.01491	0.10169	0.01499	0.01841	0.01132	0.01320	0.10987	0.00348	0.05772	0.00648	0.00384	0.00915
10	0.01241	0.00800	0.00979	0.00972	0.01166	0.00768	0.00741	0.05118	0.03691	0.08115	0.16002	0.24836	0.13505	0.01562	0.00788	0.00241	0.00435	0.09305	0.09044	0.00692
11	0.01372	0.03539	0.72412	0.01950	0.02961	0.01589	0.02528	0.02167	0.01444	0.02167	0.01228	0.01444	0.00867	0.00650	0.00650	0.00217	0.01011	0.00506	0.00289	0.01011
12	0.01611	0.01542	0.02629	0.18505	0.58023	0.01604	0.02059	0.02028	0.01519	0.02136	0.01272	0.01720	0.01049	0.00625	0.00679	0.00208	0.00833	0.00609	0.00332	0.01018
13	0.01385	0.01148	0.01849	0.01908	0.15520	0.01081	0.12946	0.03832	0.01650	0.07561	0.08343	0.12567	0.21713	0.01244	0.00783	0.00232	0.00629	0.04250	0.00552	0.00807
14	0.01292	0.01216	0.02052	0.74312	0.04712	0.01520	0.01900	0.01748	0.01368	0.01748	0.01216	0.01824	0.00912	0.00684	0.00684	0.00228	0.00912	0.00608	0.00304	0.00760
15	0.01292	0.01216	0.02052	0.74312	0.04712	0.01520	0.01900	0.01748	0.01368	0.01748	0.01216	0.01824	0.00912	0.00684	0.00684	0.00228	0.00912	0.00608	0.00304	0.00760
16	0.02071	0.05324	0.01812	0.01679	0.06260	0.41754	0.01215	0.04550	0.10815	0.02002	0.04025	0.04237	0.07921	0.00911	0.00665	0.00197	0.00936	0.02340	0.00457	0.00829
17	0.01735	0.01446	0.01749	0.01464	0.01796	0.11971	0.12160	0.05636	0.04054	0.12459	0.02749	0.14165	0.10247	0.06936	0.01014	0.00262	0.03487	0.02781	0.03091	0.00797
18	0.01306	0.01072	0.01123	0.01028	0.01310	0.01127	0.00775	0.07310	0.27147	0.02343	0.04311	0.04408	0.30556	0.11780	0.01132	0.00290	0.00495	0.01068	0.00631	0.00788
19	0.01656	0.01587	0.02709	0.10790	0.65393	0.01616	0.02081	0.02067	0.01540	0.02189	0.01280	0.01706	0.01068	0.00617	0.00678	0.00206	0.00822	0.00609	0.00335	0.01053
20	0.01598	0.07466	0.19357	0.13321	0.18151	0.07179	0.11558	0.04363	0.01569	0.02092	0.01403	0.06256	0.01189	0.00735	0.00681	0.00213	0.00923	0.00667	0.00351	0.00927
21	0.04830	0.01310	0.03945	0.01245	0.01693	0.01243	0.01036	0.12136	0.11772	0.34006	0.04607	0.02596	0.05545	0.03323	0.07238	0.00306	0.00707	0.00743	0.00701	0.01017
22	0.00993	0.00671	0.00783	0.00783	0.00796	0.00683	0.00461	0.01019	0.01006	0.01354	0.02122	0.04289	0.02406	0.68520	0.10807	0.00709	0.00786	0.00967	0.00409	0.00435
23	0.01754	0.52398	0.21771	0.01415	0.02099	0.06862	0.01541	0.02123	0.01439	0.01762	0.01031	0.01198	0.00875	0.00610	0.00506	0.00167	0.00838	0.00408	0.00295	0.00908
24	0.01801	0.29080	0.16882	0.07182	0.05776	0.15338	0.08487	0.02245	0.03760	0.01873	0.01165	0.01397	0.00944	0.00639	0.00590	0.00186	0.00935	0.00495	0.00325	0.00901
25	0.00834	0.00595	0.00794	0.00953	0.00992	0.00556	0.00635	0.00953	0.01310	0.01746	0.03771	0.75510	0.04525	0.02143	0.00873	0.00278	0.00397	0.01945	0.00635	0.00556
26	0.00933	0.00779	0.00823	0.00797	0.01034	0.00712	0.00602	0.01323	0.09171	0.02106	0.17030	0.05901	0.53169	0.01590	0.00796	0.00229	0.00364	0.01337	0.00661	0.00644
27	0.19522	0.04609	0.10724	0.01890	0.15130	0.01663	0.01420	0.16929	0.06218	0.13182	0.01573	0.01648	0.01144	0.00720	0.00613	0.00208	0.00708	0.00558	0.00522	0.01020
28	0.01188	0.00827	0.01060	0.01126	0.01285	0.00822	0.00891	0.07559	0.01613	0.04129	0.03532	0.29176	0.07034	0.06514	0.01043	0.00307	0.00551	0.30061	0.00630	0.00654
29	0.01056	0.00858	0.01000	0.00970	0.01171	0.00868	0.00740	0.01571	0.13305	0.02267	0.24008	0.13049	0.26703	0.01528	0.00871	0.00239	0.03928	0.04512	0.00663	0.00691
30	0.01745	0.01811	0.04942	0.28693	0.19066	0.11468	0.05683	0.09991	0.01706	0.02187	0.01252	0.01660	0.00982	0.00709	0.00771	0.00216	0.05254	0.00594	0.00365	0.00904
31	0.01301	0.01106	0.01421	0.01665	0.14959	0.04027	0.01016	0.01776	0.12238	0.01901	0.05354	0.03048	0.02072	0.23665	0.20899	0.00580	0.00992	0.00804	0.00446	0.00731
32	0.01490	0.07055	0.01701	0.06311	0.04661	0.01179	0.00993	0.05067	0.01492	0.02220	0.01249	0.01505	0.01039	0.00765	0.03988	0.00170	0.00640	0.00451	0.00399	0.57628
33	0.01500	0.01313	0.01931	0.44251	0.06909	0.01508	0.01595	0.12002	0.01681	0.02248	0.04259	0.02048	0.03853	0.00771	0.00734	0.00213	0.03549	0.00646	0.00404	0.08585
34	0.08452	0.01634	0.07172	0.01867	0.16335	0.07042	0.01294	0.09767	0.04486	0.02441	0.04016	0.04207	0.05193	0.01214	0.07714	0.00278	0.00811	0.00655	0.00451	0.14973

[dist]
# distance from previous block
# <min> <max>
1	34

[block]
# block no. 8 follows, 31 sequences, length 33
# corresponding to MSA columns:
# 718-750
name=unknown_I
#
# <colnr> <probs for GDERKNQSTAVLIFYWHMCP>
#	G	D	E	R	K	N	Q	S	T	A	V	L	I	F	Y	W	H	M	C	P
0	0.03927	0.09750	0.04834	0.04806	0.02028	0.14516	0.01235	0.21550	0.08472	0.07087	0.04602	0.04391	0.01591	0.00859	0.00652	0.00200	0.00772	0.03045	0.00539	0.05144
1	0.25048	0.23964	0.11085	0.01288	0.01854	0.02017	0.01234	0.15103	0.08045	0.02741	0.01288	0.01384	0.01003	0.00685	0.00532	0.00194	0.00694	0.00470	0.00443	0.00928
2	0.01646	0.01576	0.02667	0.04014	0.67944	0.01570	0.02016	0.02040	0.01558	0.02215	0.01586	0.01952	0.04805	0.00669	0.00684	0.00205	0.00788	0.00654	0.00354	0.01057
3	0.01292	0.01216	0.02052	0.74312	0.04712	0.01520	0.01900	0.01748	0.01368	0.01748	0.01216	0.01824	0.00912	0.00684	0.00684	0.00228	0.00912	0.00608	0.00304	0.00760
4	0.00947	0.00772	0.00846	0.00814	0.01039	0.00710	0.00615	0.01341	0.08515	0.02226	0.26433	0.05728	0.44443	0.01550	0.00797	0.00226	0.00359	0.01313	0.00678	0.00649
5	0.01539	0.01223	0.01435	0.01042	0.01636	0.00951	0.00835	0.01908	0.04297	0.06863	0.01378	0.01525	0.01102	0.00546	0.00526	0.00114	0.00513	0.00439	0.00446	0.71680
6	0.01693	0.01626	0.02777	0.04199	0.71689	0.01626	0.02100	0.02100	0.01558	0.02235	0.01287	0.01693	0.01084	0.00610	0.00677	0.00203	0.00813	0.00610	0.00339	0.01084
7	0.01344	0.01272	0.01802	0.01591	0.01627	0.01730	0.01308	0.01521	0.01063	0.01629	0.01174	0.01848	0.01138	0.02358	0.23187	0.00535	0.53211	0.00638	0.00319	0.00708
8	0.01156	0.00942	0.01100	0.01100	0.03534	0.00956	0.00809	0.01879	0.20609	0.02456	0.27416	0.07113	0.21468	0.01383	0.00783	0.00232	0.00426	0.05198	0.00682	0.00759
9	0.00930	0.00695	0.00975	0.01056	0.01141	0.00662	0.03512	0.03497	0.01392	0.01858	0.03594	0.69755	0.04257	0.02030	0.00864	0.00273	0.00441	0.01849	0.00625	0.00593
10	0.00834	0.00595	0.00794	0.00953	0.00992	0.00556	0.00635	0.00953	0.01310	0.01746	0.03771	0.75510	0.04525	0.02143	0.00873	0.00278	0.00397	0.01945	0.00635	0.00556
11	0.13609	0.02073	0.01782	0.08126	0.06158	0.25162	0.01270	0.11685	0.16551	0.04750	0.01569	0.01666	0.01197	0.00755	0.00626	0.00205	0.00845	0.00558	0.00491	0.00923
12	0.03725	0.00849	0.01225	0.04137	0.01397	0.00919	0.05271	0.01394	0.01214	0.03962	0.02093	0.05337	0.04130	0.17228	0.31962	0.00676	0.03130	0.00818	0.09909	0.00625
13	0.00844	0.00681	0.00751	0.00763	0.00953	0.00588	0.00561	0.01039	0.01599	0.02012	0.19315	0.15983	0.49065	0.01724	0.00817	0.00234	0.00349	0.01473	0.00659	0.00588
14	0.01086	0.00771	0.01044	0.01160	0.05754	0.00720	0.00811	0.01346	0.01669	0.05571	0.29944	0.21484	0.12799	0.01606	0.00829	0.00246	0.00434	0.11388	0.00670	0.00668
15	0.01756	0.12553	0.33213	0.01942	0.02650	0.18845	0.12329	0.02268	0.01565	0.01959	0.01162	0.01413	0.00899	0.00666	0.00705	0.00204	0.04116	0.00523	0.00314	0.00917
16	0.01829	0.76368	0.03585	0.01171	0.01756	0.02707	0.01171	0.02049	0.01390	0.01610	0.00951	0.01097	0.00878	0.00585	0.00439	0.00146	0.00732	0.00366	0.00293	0.00878
17	0.00877	0.00706	0.00786	0.00829	0.01026	0.00623	0.00645	0.01071	0.01530	0.01868	0.05901	0.11037	0.51110	0.04022	0.00921	0.00264	0.00418	0.15155	0.00628	0.00582
18	0.01782	0.07926	0.09991	0.10435	0.36693	0.14682	0.04674	0.02185	0.01585	0.02026	0.01210	0.01557	0.00989	0.00636	0.00651	0.00199	0.00928	0.00557	0.00329	0.00967
19	0.09366	0.03697	0.01466	0.01243	0.01565	0.06081	0.00978	0.25025	0.02086	0.05175	0.07727	0.23641	0.02667	0.01282	0.00727	0.00231	0.00613	0.04970	0.00618	0.00841
20	0.00823	0.00658	0.00738	0.00794	0.00953	0.00572	0.00566	0.00982	0.01482	0.01843	0.08080	0.31714	0.44651	0.01871	0.00832	0.00248	0.00364	0.01620	0.00639	0.00572
21	0.01021	0.00931	0.04334	0.05988	0.03324	0.00829	0.00875	0.01407	0.07955	0.02007	0.09813	0.36934	0.16147	0.01625	0.00798	0.00245	0.00472	0.01437	0.00598	0.03259
22	0.01675	0.01768	0.07846	0.11247	0.19979	0.07227	0.10907	0.11214	0.05063	0.02362	0.01753	0.12514	0.01586	0.00894	0.00720	0.00222	0.00839	0.00819	0.00440	0.00927
23	0.02931	0.01134	0.01543	0.01194	0.01699	0.00982	0.00982	0.03200	0.01957	0.67589	0.07221	0.02512	0.02007	0.00883	0.00696	0.00212	0.00565	0.00724	0.00841	0.01130
24	0.02556	0.03261	0.01939	0.01763	0.02115	0.73210	0.01322	0.02732	0.01939	0.01674	0.01058	0.01234	0.00881	0.00705	0.00617	0.00176	0.01234	0.00441	0.00353	0.00793
25	0.01521	0.04951	0.31789	0.13200	0.08838	0.05469	0.15689	0.02096	0.01476	0.02037	0.01223	0.01584	0.00929	0.00673	0.00782	0.00221	0.05694	0.00588	0.00311	0.00929
26	0.01636	0.02072	0.22381	0.07614	0.19870	0.01552	0.10449	0.04315	0.08845	0.06945	0.01577	0.01848	0.01194	0.00976	0.05471	0.00275	0.00941	0.00636	0.00407	0.00996
27	0.00846	0.00605	0.00809	0.00967	0.01013	0.00567	0.00658	0.00975	0.01323	0.01761	0.03764	0.72254	0.04497	0.02131	0.00877	0.00280	0.00408	0.05073	0.00635	0.00559
28	0.01388	0.03004	0.54156	0.02060	0.02941	0.01545	0.14777	0.02098	0.01478	0.02152	0.01448	0.04148	0.01156	0.00741	0.00700	0.00226	0.01000	0.03692	0.00326	0.00963
29	0.04151	0.06781	0.11933	0.03752	0.10948	0.06961	0.06384	0.09387	0.01675	0.09122	0.03809	0.05877	0.01465	0.03601	0.00988	0.00238	0.10881	0.00688	0.00447	0.00912
30	0.00968	0.00757	0.01079	0.01113	0.01273	0.00710	0.05047	0.01197	0.01492	0.01940	0.07761	0.32964	0.17138	0.01849	0.00875	0.00274	0.00502	0.21829	0.00622	0.00611
31	0.00965	0.00638	0.00830	0.00942	0.01028	0.00590	0.00652	0.01114	0.01385	0.05085	0.05718	0.60948	0.08444	0.01975	0.00845	0.00266	0.00404	0.03668	0.03907	0.00593
32	0.04130	0.10782	0.08502	0.12017	0.10721	0.08596	0.06562	0.11714	0.06927	0.04063	0.01511	0.03821	0.01223	0.01019	0.05264	0.00263	0.00910	0.00624	0.00427	0.00926

[dist]
# distance from previous block
# <min> <max>
0	17

# created by:
# /home/berkeley/.conda/envs/busco_data_prod/bin/msa2prfl.pl pipeline/OGs_align_augustus/4893/38500.fs
