[name]
unknown

[dist]
# distance from previous block
# <min> <max>
0	17

[block]
# block no. 0 follows, 34 sequences, length 16
# corresponding to MSA columns:
# 17-32
name=unknown_A
#
# <colnr> <probs for GDERKNQSTAVLIFYWHMCP>
#	G	D	E	R	K	N	Q	S	T	A	V	L	I	F	Y	W	H	M	C	P
0	0.03746	0.08299	0.07299	0.01460	0.04014	0.09956	0.04617	0.14482	0.06658	0.06354	0.01822	0.02472	0.03307	0.03786	0.00779	0.00214	0.02846	0.09256	0.00475	0.08158
1	0.07384	0.12245	0.25476	0.03606	0.07351	0.09603	0.05724	0.05508	0.03463	0.08618	0.01311	0.01487	0.00987	0.00806	0.03552	0.00224	0.00873	0.00507	0.00375	0.00899
2	0.01595	0.11214	0.04241	0.09381	0.19926	0.06745	0.08872	0.05330	0.05459	0.02026	0.04270	0.01664	0.01208	0.00709	0.00810	0.00198	0.10533	0.00576	0.00362	0.04882
3	0.03604	0.03855	0.04452	0.01329	0.03474	0.07846	0.01057	0.25177	0.07434	0.04475	0.10199	0.02337	0.01904	0.09082	0.08808	0.00330	0.02590	0.00682	0.00524	0.00841
4	0.00829	0.00646	0.00743	0.00761	0.00921	0.00574	0.00560	0.01017	0.01495	0.01918	0.21654	0.15955	0.39203	0.05882	0.00921	0.00248	0.00361	0.05144	0.00615	0.00552
5	0.02123	0.09889	0.08914	0.01535	0.01961	0.47268	0.01288	0.09896	0.01843	0.01907	0.01473	0.01585	0.06153	0.00733	0.00590	0.00174	0.00988	0.00503	0.00376	0.00800
6	0.00907	0.00680	0.00957	0.00957	0.01070	0.00757	0.00724	0.01104	0.01076	0.01499	0.02311	0.03149	0.09775	0.12829	0.58133	0.00898	0.01445	0.00797	0.00380	0.00552
7	0.02281	0.01696	0.01813	0.01410	0.01896	0.01866	0.01158	0.62607	0.05555	0.03824	0.02013	0.01977	0.07182	0.00852	0.00657	0.00197	0.00671	0.00653	0.00643	0.01049
8	0.01534	0.08377	0.17953	0.05718	0.26304	0.01654	0.22949	0.04058	0.01491	0.02075	0.01212	0.01550	0.00947	0.00581	0.00653	0.00199	0.00900	0.00593	0.00317	0.00936
9	0.00792	0.00569	0.00743	0.00880	0.00924	0.00530	0.00586	0.00903	0.01236	0.01637	0.03642	0.70382	0.07531	0.05172	0.00925	0.00276	0.00383	0.01776	0.00591	0.00520
10	0.00870	0.00597	0.00725	0.00794	0.00811	0.00580	0.00487	0.00921	0.01076	0.01435	0.02735	0.37510	0.03231	0.42808	0.02160	0.00460	0.00511	0.01351	0.00487	0.00453
11	0.08939	0.01576	0.01771	0.05638	0.04836	0.01723	0.01181	0.45634	0.05473	0.11857	0.01642	0.01661	0.01163	0.00752	0.00620	0.00196	0.00664	0.00577	0.03076	0.01023
12	0.06458	0.01896	0.07725	0.11864	0.16566	0.13170	0.17494	0.05936	0.04981	0.02110	0.01240	0.01557	0.00969	0.00650	0.00719	0.00204	0.04660	0.00580	0.00353	0.00870
13	0.00799	0.00573	0.00740	0.00869	0.00914	0.00535	0.00576	0.00905	0.01226	0.01622	0.03611	0.66551	0.08205	0.08334	0.01028	0.00290	0.00393	0.01733	0.00582	0.00515
14	0.00825	0.00642	0.00741	0.00745	0.00906	0.00568	0.00542	0.01022	0.01536	0.01995	0.28251	0.15766	0.37655	0.04817	0.00880	0.00237	0.00339	0.01348	0.00628	0.00558
15	0.11824	0.13818	0.06236	0.01649	0.10494	0.21634	0.01237	0.03946	0.14223	0.03735	0.01570	0.01654	0.03954	0.00708	0.00566	0.00185	0.00772	0.00524	0.00414	0.00858

[dist]
# distance from previous block
# <min> <max>
2	24

[block]
# block no. 1 follows, 34 sequences, length 42
# corresponding to MSA columns:
# 58-99
name=unknown_B
#
# <colnr> <probs for GDERKNQSTAVLIFYWHMCP>
#	G	D	E	R	K	N	Q	S	T	A	V	L	I	F	Y	W	H	M	C	P
0	0.09501	0.06290	0.15405	0.02075	0.16867	0.04311	0.12105	0.03876	0.06925	0.02216	0.06923	0.03807	0.03773	0.00750	0.00666	0.00202	0.02384	0.00658	0.00398	0.00869
1	0.00846	0.00616	0.00809	0.00936	0.01020	0.00579	0.00687	0.01013	0.01341	0.01761	0.06748	0.51427	0.11099	0.01903	0.00831	0.00263	0.00416	0.16557	0.00603	0.00546
2	0.02118	0.35199	0.02500	0.01424	0.01851	0.43638	0.01187	0.02302	0.01608	0.01555	0.00955	0.01110	0.00831	0.00617	0.00510	0.00154	0.00961	0.00386	0.00309	0.00784
3	0.04099	0.57668	0.14403	0.01245	0.01841	0.05093	0.01299	0.02035	0.04125	0.01694	0.01012	0.01148	0.00869	0.00581	0.00462	0.00155	0.00738	0.00385	0.00297	0.00850
4	0.06383	0.01364	0.01383	0.01232	0.01573	0.05956	0.00967	0.08117	0.40853	0.06204	0.13245	0.02755	0.02452	0.00942	0.00662	0.00213	0.00540	0.03610	0.00634	0.00914
5	0.01020	0.00819	0.00998	0.01048	0.04662	0.00799	0.00765	0.01502	0.11722	0.02221	0.28140	0.05127	0.25682	0.01389	0.00761	0.00224	0.00408	0.11415	0.00632	0.00667
6	0.01821	0.00951	0.01199	0.01019	0.01344	0.00893	0.00803	0.05863	0.07886	0.30738	0.24253	0.09128	0.09074	0.01128	0.00707	0.00209	0.00449	0.00962	0.00720	0.00854
7	0.02426	0.01662	0.01824	0.01419	0.01917	0.01809	0.01166	0.53922	0.10462	0.13905	0.01813	0.01739	0.01267	0.00790	0.00648	0.00198	0.00666	0.00608	0.00670	0.01091
8	0.00940	0.00626	0.00705	0.00705	0.00705	0.00626	0.00392	0.00940	0.00940	0.01253	0.02036	0.04228	0.02349	0.77292	0.03289	0.00626	0.00626	0.00940	0.00392	0.00392
9	0.00787	0.00562	0.00750	0.00900	0.00937	0.00525	0.00600	0.00900	0.01237	0.01649	0.03561	0.76871	0.04274	0.02024	0.00825	0.00262	0.00375	0.01837	0.00600	0.00525
10	0.00951	0.00734	0.01093	0.01076	0.01185	0.00875	0.00843	0.01177	0.01036	0.01503	0.01680	0.02473	0.01571	0.04632	0.70542	0.00995	0.06022	0.00685	0.00342	0.00584
11	0.01144	0.01059	0.01871	0.01556	0.01791	0.01181	0.18581	0.01441	0.01154	0.01651	0.01500	0.02179	0.01347	0.03238	0.45843	0.00725	0.12043	0.00692	0.00332	0.00670
12	0.00889	0.00635	0.00867	0.01016	0.01099	0.00613	0.00777	0.01076	0.01338	0.01764	0.03505	0.48895	0.04050	0.01928	0.00852	0.00277	0.00463	0.28805	0.00598	0.00553
13	0.00940	0.00626	0.00705	0.00705	0.00705	0.00626	0.00392	0.00940	0.00940	0.01253	0.02036	0.04228	0.02349	0.77292	0.03289	0.00626	0.00626	0.00940	0.00392	0.00392
14	0.01340	0.01148	0.01340	0.00957	0.01531	0.00861	0.00766	0.01627	0.01340	0.02105	0.01148	0.01340	0.00957	0.00479	0.00479	0.00096	0.00479	0.00383	0.00383	0.81242
15	0.08390	0.01550	0.04081	0.48825	0.07615	0.11957	0.05059	0.01857	0.01376	0.01807	0.01117	0.01568	0.00857	0.00635	0.00620	0.00205	0.00882	0.00539	0.00307	0.00753
16	0.01497	0.37959	0.41088	0.01499	0.02267	0.01992	0.01790	0.01994	0.01340	0.01801	0.01038	0.01212	0.00823	0.00585	0.00521	0.00174	0.00832	0.00416	0.00274	0.00896
17	0.00822	0.00587	0.00790	0.00940	0.00993	0.00555	0.00661	0.00960	0.01272	0.01689	0.03542	0.67238	0.04197	0.01991	0.00834	0.00267	0.00405	0.11122	0.00599	0.00535
18	0.00940	0.00626	0.00705	0.00705	0.00705	0.00626	0.00392	0.00940	0.00940	0.01253	0.02036	0.04228	0.02349	0.77292	0.03289	0.00626	0.00626	0.00940	0.00392	0.00392
19	0.00842	0.00658	0.00763	0.00737	0.00921	0.00579	0.00553	0.01079	0.01658	0.02186	0.41092	0.05494	0.38178	0.01472	0.00763	0.00210	0.00316	0.01262	0.00658	0.00579
20	0.01297	0.01227	0.02077	0.61180	0.18409	0.01456	0.01833	0.01718	0.01328	0.01744	0.01162	0.01698	0.00894	0.00632	0.00645	0.00211	0.00842	0.00575	0.00294	0.00780
21	0.06222	0.01106	0.01476	0.01137	0.01633	0.00971	0.00939	0.03096	0.01818	0.70729	0.02480	0.02151	0.01562	0.00791	0.00639	0.00200	0.00548	0.00637	0.00783	0.01083
22	0.00856	0.00612	0.00765	0.00857	0.00919	0.00580	0.00587	0.00972	0.01231	0.01617	0.05277	0.41329	0.10860	0.20929	0.01446	0.00352	0.00457	0.09301	0.00550	0.00504
23	0.02456	0.01810	0.01939	0.01487	0.02004	0.02004	0.01228	0.71107	0.03038	0.04072	0.01551	0.01551	0.01099	0.00776	0.00646	0.00194	0.00711	0.00582	0.00646	0.01099
24	0.00787	0.00562	0.00750	0.00900	0.00937	0.00525	0.00600	0.00900	0.01237	0.01649	0.03561	0.76871	0.04274	0.02024	0.00825	0.00262	0.00375	0.01837	0.00600	0.00525
25	0.00782	0.00581	0.00730	0.00849	0.00924	0.00529	0.00577	0.00905	0.01285	0.01669	0.04174	0.62357	0.18392	0.01945	0.00812	0.00253	0.00365	0.01740	0.00600	0.00529
26	0.01366	0.15425	0.62476	0.01722	0.02612	0.01672	0.02179	0.02028	0.01356	0.01961	0.01117	0.01311	0.00820	0.00604	0.00581	0.00194	0.00912	0.00456	0.00273	0.00934
27	0.02334	0.01749	0.01871	0.01462	0.01957	0.01947	0.01199	0.61406	0.12938	0.03876	0.01706	0.01674	0.01224	0.00790	0.00648	0.00198	0.00682	0.00603	0.00648	0.01088
28	0.11933	0.01918	0.01656	0.05779	0.01897	0.24678	0.01151	0.17562	0.04166	0.05911	0.01308	0.01481	0.01013	0.00760	0.00769	0.00197	0.10344	0.00508	0.06141	0.00829
29	0.01844	0.51511	0.06354	0.01278	0.01772	0.21072	0.01185	0.02064	0.01446	0.01567	0.01048	0.04247	0.00973	0.00646	0.00485	0.00154	0.00813	0.00432	0.00304	0.00802
30	0.00992	0.00720	0.00977	0.01110	0.01258	0.00706	0.00948	0.01261	0.01467	0.01892	0.03766	0.12538	0.11176	0.01787	0.00873	0.00286	0.00549	0.56512	0.00596	0.00584
31	0.00933	0.00626	0.00721	0.00738	0.00746	0.00624	0.00432	0.00953	0.00983	0.01308	0.02200	0.09550	0.02541	0.68927	0.03018	0.00587	0.00607	0.03684	0.00414	0.00409
32	0.00767	0.00641	0.00668	0.00690	0.00882	0.00543	0.00507	0.00923	0.01439	0.01732	0.06118	0.16347	0.63147	0.01692	0.00772	0.00225	0.00334	0.01431	0.00600	0.00543
33	0.00923	0.00692	0.01038	0.01038	0.01154	0.00808	0.00808	0.01154	0.01038	0.01500	0.01731	0.02538	0.01615	0.04846	0.74732	0.01038	0.01731	0.00692	0.00346	0.00577
34	0.01004	0.00693	0.00838	0.00803	0.00989	0.00629	0.00601	0.01285	0.03543	0.06505	0.38276	0.12358	0.24802	0.01425	0.00750	0.00212	0.00339	0.01234	0.03091	0.00623
35	0.00904	0.00588	0.00793	0.00866	0.00896	0.00583	0.00575	0.00922	0.01073	0.01444	0.02543	0.38797	0.02934	0.16435	0.09702	0.18156	0.00610	0.01265	0.00463	0.00452
36	0.01694	0.42014	0.12350	0.01283	0.01833	0.05432	0.03117	0.05941	0.01496	0.05408	0.02997	0.04035	0.01268	0.00713	0.00532	0.00168	0.00720	0.03818	0.00369	0.04813
37	0.01818	0.05967	0.04574	0.06249	0.10871	0.07913	0.01213	0.17121	0.07180	0.07537	0.03439	0.01845	0.03514	0.00716	0.00597	0.00175	0.00670	0.00573	0.04447	0.13579
38	0.08600	0.07481	0.12752	0.01408	0.03613	0.08389	0.03405	0.13249	0.08190	0.08571	0.06185	0.04455	0.04787	0.02432	0.00684	0.00210	0.00695	0.03528	0.00500	0.00867
39	0.01541	0.08262	0.10702	0.07310	0.09467	0.08090	0.08336	0.05462	0.06711	0.02006	0.01379	0.04486	0.01167	0.00934	0.04124	0.00237	0.09916	0.00600	0.02657	0.06613
40	0.11921	0.04763	0.06091	0.03050	0.08907	0.05023	0.01079	0.11709	0.08174	0.06644	0.08531	0.02257	0.05668	0.00921	0.02601	0.00214	0.00621	0.00648	0.10343	0.00834
41	0.03369	0.07890	0.16704	0.01590	0.06258	0.08315	0.05231	0.07738	0.11116	0.04406	0.04918	0.06418	0.04500	0.00825	0.00666	0.00196	0.02688	0.00673	0.00446	0.06052

[dist]
# distance from previous block
# <min> <max>
1	90

[block]
# block no. 2 follows, 34 sequences, length 9
# corresponding to MSA columns:
# 198-206
name=unknown_C
#
# <colnr> <probs for GDERKNQSTAVLIFYWHMCP>
#	G	D	E	R	K	N	Q	S	T	A	V	L	I	F	Y	W	H	M	C	P
0	0.05451	0.20698	0.07374	0.05137	0.11147	0.12753	0.01347	0.12463	0.05229	0.02157	0.01326	0.01552	0.02662	0.02535	0.00724	0.00196	0.05486	0.00513	0.00382	0.00866
1	0.01600	0.10591	0.09984	0.04879	0.16282	0.09061	0.01383	0.05496	0.05861	0.04951	0.07462	0.06771	0.01722	0.00832	0.00695	0.00194	0.04200	0.02325	0.00425	0.05285
2	0.00887	0.00680	0.00924	0.00965	0.01065	0.00653	0.03806	0.01090	0.04096	0.01676	0.03465	0.47946	0.10865	0.12037	0.03477	0.00329	0.00494	0.04443	0.00554	0.00550
3	0.01109	0.00733	0.00884	0.00835	0.01035	0.00669	0.00626	0.04404	0.01638	0.08768	0.27828	0.14794	0.27511	0.01495	0.00837	0.03964	0.00375	0.01224	0.00644	0.00629
4	0.06638	0.12846	0.16747	0.07994	0.04570	0.19379	0.05260	0.07473	0.01615	0.07575	0.01206	0.01391	0.00918	0.00658	0.00629	0.00188	0.03192	0.00488	0.00371	0.00864
5	0.01657	0.05811	0.08222	0.01758	0.15144	0.01339	0.01275	0.10611	0.11618	0.10902	0.02248	0.11396	0.04021	0.00993	0.00675	0.00212	0.00624	0.07495	0.00529	0.03472
6	0.01042	0.07473	0.01006	0.00834	0.00975	0.00764	0.00596	0.01175	0.01301	0.05636	0.09363	0.30262	0.13852	0.18765	0.01312	0.00315	0.00454	0.01267	0.03041	0.00566
7	0.00931	0.00689	0.01009	0.01018	0.01125	0.00788	0.00784	0.01146	0.01056	0.01503	0.01856	0.02965	0.01803	0.11096	0.64097	0.00959	0.01567	0.04683	0.00365	0.00562
8	0.01564	0.21043	0.23662	0.01805	0.09077	0.10784	0.07609	0.02062	0.05653	0.01871	0.01394	0.08076	0.01232	0.00736	0.00597	0.00189	0.00831	0.00607	0.00342	0.00864

[dist]
# distance from previous block
# <min> <max>
1	7

[block]
# block no. 3 follows, 34 sequences, length 11
# corresponding to MSA columns:
# 214-224
name=unknown_D
#
# <colnr> <probs for GDERKNQSTAVLIFYWHMCP>
#	G	D	E	R	K	N	Q	S	T	A	V	L	I	F	Y	W	H	M	C	P
0	0.07787	0.13339	0.05902	0.05959	0.07542	0.01683	0.09239	0.12916	0.14892	0.05579	0.01601	0.04291	0.01270	0.00720	0.00604	0.00193	0.00694	0.00608	0.00463	0.04720
1	0.03037	0.00854	0.01086	0.01230	0.09015	0.00824	0.00791	0.01398	0.08404	0.01908	0.06280	0.29056	0.15348	0.05888	0.04158	0.00278	0.00508	0.01199	0.00531	0.08206
2	0.00986	0.00978	0.06933	0.01158	0.01390	0.00783	0.07562	0.03208	0.01402	0.01887	0.07324	0.43989	0.10055	0.01589	0.00779	0.00240	0.00507	0.05299	0.00548	0.03382
3	0.01260	0.01199	0.01331	0.01297	0.03780	0.11280	0.00967	0.01441	0.01201	0.01592	0.01907	0.06342	0.06900	0.08090	0.27287	0.00544	0.18406	0.00746	0.03803	0.00628
4	0.01288	0.01345	0.06390	0.59362	0.15784	0.01456	0.01861	0.01730	0.01326	0.01751	0.01160	0.01681	0.00886	0.00632	0.00643	0.00211	0.00851	0.00569	0.00292	0.00783
5	0.00850	0.00628	0.00812	0.00898	0.01001	0.00569	0.00630	0.01003	0.01316	0.01775	0.08789	0.58017	0.08146	0.01820	0.00794	0.00245	0.00386	0.05157	0.00592	0.06572
6	0.00793	0.00656	0.00695	0.00685	0.00891	0.00558	0.00514	0.00984	0.01542	0.01909	0.19361	0.05950	0.60082	0.01575	0.00763	0.00215	0.00323	0.01326	0.00621	0.00558
7	0.00891	0.00660	0.00832	0.00789	0.00951	0.00600	0.00591	0.01175	0.01774	0.02462	0.62753	0.05040	0.16346	0.01369	0.00762	0.00206	0.00308	0.01198	0.00694	0.00600
8	0.01528	0.01632	0.06424	0.11030	0.47139	0.01545	0.17192	0.01971	0.01459	0.02051	0.01226	0.01632	0.00987	0.00578	0.00666	0.00201	0.00858	0.00612	0.00316	0.00955
9	0.01884	0.07785	0.04590	0.01508	0.02022	0.08258	0.09914	0.22137	0.10458	0.04331	0.01456	0.01565	0.01110	0.00674	0.00643	0.00176	0.02821	0.00545	0.00475	0.17650
10	0.03730	0.07446	0.14580	0.07041	0.02166	0.18304	0.04144	0.10465	0.06254	0.06635	0.05792	0.01929	0.05068	0.00778	0.00663	0.00195	0.02921	0.00598	0.00438	0.00854

[dist]
# distance from previous block
# <min> <max>
0	11

[block]
# block no. 4 follows, 34 sequences, length 29
# corresponding to MSA columns:
# 236-264
name=unknown_E
#
# <colnr> <probs for GDERKNQSTAVLIFYWHMCP>
#	G	D	E	R	K	N	Q	S	T	A	V	L	I	F	Y	W	H	M	C	P
0	0.09105	0.20483	0.06101	0.01594	0.11436	0.10675	0.01211	0.08489	0.07352	0.07840	0.01839	0.01894	0.07903	0.00747	0.00569	0.00183	0.00698	0.00567	0.00438	0.00876
1	0.01577	0.01337	0.04018	0.08476	0.04135	0.01263	0.04467	0.11585	0.08813	0.06816	0.06629	0.02011	0.03939	0.00738	0.00682	0.00173	0.04401	0.00606	0.00481	0.27852
2	0.01366	0.01156	0.01341	0.00987	0.01529	0.00916	0.00785	0.04042	0.04168	0.02177	0.01320	0.04524	0.01139	0.00568	0.00506	0.00111	0.00483	0.00464	0.00412	0.72007
3	0.00842	0.00687	0.00740	0.00730	0.00927	0.00613	0.00540	0.01106	0.05063	0.01924	0.18144	0.08876	0.51377	0.04502	0.00859	0.00233	0.00346	0.01301	0.00615	0.00574
4	0.01116	0.00796	0.01019	0.00985	0.01137	0.00877	0.00746	0.07282	0.05302	0.01939	0.04763	0.10276	0.02105	0.09635	0.38141	0.00660	0.01103	0.00831	0.10660	0.00630
5	0.01007	0.00758	0.00944	0.00880	0.01061	0.00743	0.00665	0.01516	0.11249	0.02606	0.63498	0.04503	0.05544	0.01261	0.00748	0.00205	0.00333	0.01110	0.00704	0.00665
6	0.01694	0.70821	0.03199	0.01115	0.01643	0.02445	0.01091	0.01993	0.05298	0.01586	0.01024	0.01164	0.00920	0.00714	0.02894	0.00173	0.00715	0.00379	0.00300	0.00832
7	0.00797	0.00590	0.00745	0.00845	0.00929	0.00538	0.00581	0.00941	0.01347	0.01774	0.11963	0.55774	0.17064	0.01874	0.00806	0.00248	0.00358	0.01675	0.00612	0.00538
8	0.04484	0.16386	0.09620	0.01768	0.11992	0.07526	0.06181	0.04491	0.06083	0.14036	0.03155	0.06312	0.01403	0.00767	0.00651	0.00193	0.02974	0.00627	0.00448	0.00901
9	0.01859	0.03910	0.02009	0.08150	0.04911	0.25505	0.05405	0.02260	0.09182	0.06286	0.01268	0.01535	0.01028	0.00818	0.01058	0.00216	0.22871	0.00547	0.00377	0.00806
10	0.01122	0.00561	0.00842	0.00842	0.00842	0.00561	0.00561	0.00842	0.00842	0.01122	0.01122	0.01964	0.01122	0.02245	0.02525	0.81201	0.00561	0.00561	0.00281	0.00281
11	0.01095	0.00861	0.00875	0.00860	0.00939	0.04924	0.00555	0.01354	0.09898	0.01513	0.02329	0.07877	0.04704	0.54342	0.02511	0.00506	0.00618	0.03283	0.00446	0.00509
12	0.01204	0.00602	0.00602	0.00602	0.00753	0.00602	0.00452	0.01506	0.01355	0.02409	0.02108	0.02409	0.01656	0.00753	0.00452	0.00151	0.00301	0.00602	0.80879	0.00602
13	0.02456	0.01810	0.01939	0.01487	0.02004	0.02004	0.01228	0.71107	0.03038	0.04072	0.01551	0.01551	0.01099	0.00776	0.00646	0.00194	0.00711	0.00582	0.00646	0.01099
14	0.01204	0.00602	0.00602	0.00602	0.00753	0.00602	0.00452	0.01506	0.01355	0.02409	0.02108	0.02409	0.01656	0.00753	0.00452	0.00151	0.00301	0.00602	0.80879	0.00602
15	0.04283	0.20748	0.21428	0.01557	0.02143	0.06427	0.08706	0.08474	0.09089	0.02188	0.05323	0.01626	0.01282	0.00695	0.00639	0.00190	0.03380	0.00545	0.00388	0.00886
16	0.01334	0.09814	0.67802	0.01778	0.02697	0.01593	0.02276	0.02037	0.01360	0.02000	0.01137	0.01336	0.00819	0.00609	0.00597	0.00199	0.00932	0.00466	0.00273	0.00944
17	0.00929	0.00667	0.00909	0.00909	0.00979	0.00737	0.00646	0.01071	0.01000	0.01404	0.01849	0.03195	0.01900	0.32992	0.46975	0.00878	0.01302	0.00788	0.00364	0.00505
18	0.04274	0.01492	0.01407	0.01215	0.01577	0.11553	0.00954	0.13293	0.26293	0.11898	0.02241	0.02183	0.04270	0.00823	0.00608	0.00194	0.00597	0.00646	0.13573	0.00911
19	0.06642	0.10038	0.29517	0.05571	0.11157	0.04083	0.03430	0.05999	0.05865	0.08026	0.01367	0.01526	0.01013	0.00647	0.00591	0.00194	0.00794	0.00516	0.02094	0.00930
20	0.03898	0.01078	0.04393	0.03799	0.04349	0.02717	0.07824	0.01496	0.05294	0.01896	0.02407	0.29652	0.04481	0.01514	0.05666	0.00283	0.07920	0.01086	0.09573	0.00673
21	0.00938	0.00629	0.00732	0.00762	0.00798	0.00620	0.00481	0.01002	0.01069	0.01445	0.02529	0.13055	0.05589	0.54296	0.02522	0.00511	0.00563	0.07009	0.05009	0.00443
22	0.04678	0.01333	0.01896	0.13826	0.05839	0.03355	0.09525	0.11288	0.04151	0.07190	0.01686	0.12224	0.01509	0.00951	0.00931	0.00225	0.14236	0.00773	0.03577	0.00808
23	0.09962	0.14469	0.19856	0.01996	0.14360	0.01679	0.11383	0.08426	0.01521	0.02246	0.01218	0.03348	0.00990	0.00630	0.00585	0.00187	0.00786	0.00539	0.00352	0.05465
24	0.06144	0.01841	0.18151	0.01571	0.04707	0.08534	0.06626	0.04317	0.04425	0.10504	0.04491	0.08323	0.04409	0.00919	0.00787	0.00214	0.07584	0.02768	0.02851	0.00833
25	0.06704	0.00753	0.00879	0.00925	0.01082	0.00749	0.00685	0.01363	0.08623	0.03632	0.08897	0.35172	0.14945	0.03841	0.00839	0.00255	0.00421	0.09021	0.00598	0.00616
26	0.01606	0.03410	0.13835	0.04402	0.03469	0.06601	0.05786	0.13262	0.08583	0.06013	0.05842	0.08775	0.05569	0.00980	0.00764	0.00216	0.04932	0.04611	0.00495	0.00851
27	0.04110	0.05557	0.06304	0.04059	0.14188	0.11297	0.05985	0.13173	0.03439	0.08458	0.01686	0.02053	0.03575	0.00775	0.00681	0.00197	0.03351	0.04432	0.03788	0.02891
28	0.08711	0.14242	0.06800	0.05211	0.05900	0.10831	0.02807	0.05338	0.09412	0.03976	0.05407	0.01774	0.02911	0.00754	0.00709	0.00190	0.07485	0.00556	0.02413	0.04572

[dist]
# distance from previous block
# <min> <max>
11	26

[block]
# block no. 5 follows, 34 sequences, length 14
# corresponding to MSA columns:
# 291-304
name=unknown_F
#
# <colnr> <probs for GDERKNQSTAVLIFYWHMCP>
#	G	D	E	R	K	N	Q	S	T	A	V	L	I	F	Y	W	H	M	C	P
0	0.01228	0.01241	0.08523	0.01311	0.05783	0.01103	0.01055	0.07820	0.01435	0.01998	0.04805	0.05960	0.14106	0.06774	0.11738	0.00356	0.09991	0.03452	0.00441	0.10879
1	0.05642	0.08596	0.07482	0.01510	0.02001	0.06553	0.11643	0.15711	0.08443	0.10986	0.04239	0.06295	0.01502	0.00792	0.00657	0.00196	0.01950	0.00667	0.00504	0.04629
2	0.01736	0.07625	0.22399	0.01823	0.09211	0.04969	0.07933	0.07294	0.05219	0.10940	0.01442	0.01598	0.01072	0.00678	0.00701	0.00193	0.05375	0.00547	0.03333	0.05913
3	0.06170	0.12211	0.10880	0.01075	0.01404	0.01238	0.03406	0.07578	0.01288	0.01821	0.01571	0.02716	0.01594	0.37793	0.01870	0.00393	0.00686	0.00689	0.00380	0.05237
4	0.01957	0.01684	0.01873	0.08960	0.08058	0.10800	0.02689	0.22694	0.12151	0.06949	0.01532	0.01661	0.01157	0.00745	0.00745	0.00195	0.06798	0.00570	0.00496	0.08286
5	0.06690	0.31303	0.12848	0.01505	0.02053	0.10257	0.08150	0.11770	0.01610	0.02102	0.01076	0.01263	0.00874	0.00643	0.00631	0.00179	0.05373	0.00460	0.00347	0.00865
6	0.01761	0.74001	0.03309	0.01133	0.01675	0.06115	0.01113	0.01967	0.01338	0.01523	0.00903	0.01043	0.00829	0.00558	0.00423	0.00140	0.00714	0.00349	0.00279	0.00825
7	0.01505	0.04874	0.01964	0.29108	0.20198	0.04909	0.01504	0.07946	0.04093	0.02090	0.01513	0.01861	0.03469	0.00704	0.00656	0.00197	0.02868	0.00592	0.09125	0.00826
8	0.00938	0.00628	0.00713	0.00711	0.00719	0.00626	0.00403	0.00955	0.00988	0.01326	0.05922	0.04261	0.02555	0.73127	0.03150	0.00603	0.00609	0.00952	0.00409	0.00403
9	0.20116	0.01176	0.01387	0.01095	0.01563	0.01136	0.00902	0.08471	0.01768	0.50166	0.02091	0.01900	0.01362	0.00752	0.00589	0.00198	0.00544	0.00577	0.03209	0.00996
10	0.01435	0.01511	0.03033	0.15405	0.14791	0.01496	0.41276	0.01911	0.01487	0.02020	0.04477	0.02116	0.01320	0.00660	0.00728	0.00216	0.00939	0.03983	0.00348	0.00845
11	0.00800	0.00600	0.00736	0.00819	0.00916	0.00543	0.00566	0.00945	0.01358	0.01771	0.12266	0.47623	0.22616	0.04197	0.00878	0.00255	0.00362	0.01607	0.00606	0.00536
12	0.05905	0.34242	0.06553	0.09434	0.08573	0.07967	0.01279	0.02051	0.01412	0.08342	0.01151	0.01325	0.00925	0.00596	0.00512	0.00163	0.00729	0.00436	0.00350	0.08057
13	0.09347	0.01435	0.06073	0.01424	0.04190	0.01358	0.05322	0.16524	0.05459	0.22801	0.02007	0.07414	0.03468	0.00865	0.00730	0.00206	0.05299	0.00696	0.00575	0.04806

[dist]
# distance from previous block
# <min> <max>
6	14

[block]
# block no. 6 follows, 34 sequences, length 27
# corresponding to MSA columns:
# 320-346
name=unknown_G
#
# <colnr> <probs for GDERKNQSTAVLIFYWHMCP>
#	G	D	E	R	K	N	Q	S	T	A	V	L	I	F	Y	W	H	M	C	P
0	0.04310	0.28441	0.31074	0.01659	0.07443	0.01941	0.01685	0.12496	0.01600	0.02207	0.01125	0.01287	0.00876	0.00614	0.00545	0.00179	0.00798	0.00451	0.00339	0.00930
1	0.03884	0.01402	0.02300	0.07201	0.56711	0.01429	0.01769	0.01922	0.04097	0.02097	0.01512	0.05953	0.01374	0.00740	0.00658	0.00204	0.00724	0.04710	0.00364	0.00946
2	0.01056	0.00694	0.00853	0.00839	0.01014	0.00635	0.00618	0.01323	0.03879	0.08479	0.28661	0.23602	0.20252	0.01497	0.00755	0.00221	0.00357	0.01309	0.03325	0.00630
3	0.01104	0.00881	0.00949	0.01011	0.01176	0.05916	0.00808	0.01415	0.05135	0.01916	0.03545	0.15021	0.14882	0.04036	0.00852	0.00259	0.00521	0.29365	0.10603	0.00605
4	0.01204	0.00602	0.00602	0.00602	0.00753	0.00602	0.00452	0.01506	0.01355	0.02409	0.02108	0.02409	0.01656	0.00753	0.00452	0.00151	0.00301	0.00602	0.80879	0.00602
5	0.01665	0.01430	0.06586	0.01268	0.01817	0.01185	0.06578	0.13191	0.01668	0.08634	0.01390	0.01541	0.01061	0.00606	0.00606	0.00147	0.03107	0.00493	0.04659	0.42369
6	0.01414	0.01414	0.01979	0.01696	0.01696	0.01979	0.01414	0.01555	0.00990	0.01555	0.00848	0.01414	0.00848	0.01131	0.02120	0.00283	0.76110	0.00565	0.00283	0.00707
7	0.00787	0.00562	0.00750	0.00900	0.00937	0.00525	0.00600	0.00900	0.01237	0.01649	0.03561	0.76871	0.04274	0.02024	0.00825	0.00262	0.00375	0.01837	0.00600	0.00525
8	0.00796	0.00571	0.00742	0.00874	0.00918	0.00533	0.00580	0.00904	0.01229	0.01627	0.03607	0.68378	0.07582	0.07140	0.00990	0.00285	0.00390	0.01752	0.00586	0.00517
9	0.06008	0.01106	0.01478	0.01138	0.01634	0.00969	0.00940	0.03100	0.01820	0.70921	0.02484	0.02154	0.01564	0.00792	0.00640	0.00200	0.00548	0.00638	0.00784	0.01084
10	0.03681	0.00699	0.00903	0.00883	0.00977	0.00752	0.00623	0.01190	0.01045	0.04870	0.01883	0.03192	0.01899	0.35364	0.36234	0.00771	0.01124	0.00782	0.02600	0.00527
11	0.05500	0.01544	0.01751	0.01347	0.01854	0.01619	0.01113	0.45080	0.02556	0.28118	0.01873	0.01757	0.01257	0.00778	0.00639	0.00196	0.00648	0.00597	0.00690	0.01085
12	0.00765	0.00650	0.00659	0.00667	0.00876	0.00544	0.00496	0.00926	0.01461	0.01741	0.06396	0.09754	0.69560	0.01656	0.00767	0.00220	0.00330	0.01387	0.00600	0.00544
13	0.00791	0.00578	0.00745	0.00868	0.00932	0.00532	0.00588	0.00919	0.01294	0.01709	0.07520	0.65288	0.11969	0.01945	0.00815	0.00254	0.00366	0.01750	0.00606	0.00532
14	0.00787	0.00562	0.00750	0.00900	0.00937	0.00525	0.00600	0.00900	0.01237	0.01649	0.03561	0.76871	0.04274	0.02024	0.00825	0.00262	0.00375	0.01837	0.00600	0.00525
15	0.01433	0.01377	0.02541	0.25621	0.14766	0.01431	0.25033	0.04906	0.01503	0.03659	0.03688	0.08157	0.01406	0.00747	0.00703	0.00215	0.00851	0.00765	0.00373	0.00826
16	0.02144	0.01617	0.01736	0.01406	0.01864	0.01807	0.01137	0.42087	0.29815	0.06340	0.02010	0.01911	0.01458	0.00816	0.00651	0.00204	0.00627	0.00642	0.00657	0.01069
17	0.02312	0.10106	0.04055	0.01467	0.01978	0.04299	0.01253	0.57471	0.02705	0.03586	0.01431	0.01474	0.01046	0.00755	0.00664	0.00190	0.03043	0.00548	0.00575	0.01043
18	0.04728	0.01258	0.03822	0.01601	0.12162	0.01168	0.05543	0.07503	0.10740	0.07596	0.04982	0.11831	0.08234	0.00939	0.00651	0.00193	0.00571	0.00822	0.00515	0.15144
19	0.01656	0.06490	0.02304	0.26122	0.25804	0.10628	0.05341	0.04848	0.04771	0.04075	0.01270	0.01610	0.00997	0.00635	0.00628	0.00196	0.00839	0.00560	0.00351	0.00876
20	0.01034	0.00881	0.00926	0.00881	0.01076	0.05521	0.00661	0.01429	0.08374	0.02277	0.41503	0.08472	0.21823	0.01351	0.00744	0.00209	0.00390	0.01161	0.00648	0.00638
21	0.00794	0.00565	0.00748	0.00891	0.00927	0.00529	0.00590	0.00901	0.01224	0.01632	0.03493	0.73627	0.04188	0.05385	0.00935	0.00279	0.00386	0.01797	0.00590	0.00519
22	0.01479	0.01385	0.03827	0.33380	0.19782	0.03312	0.03084	0.04862	0.05291	0.04561	0.01432	0.04196	0.01187	0.00765	0.00772	0.00216	0.06626	0.02637	0.00369	0.00836
23	0.01047	0.00861	0.01219	0.01148	0.01217	0.01069	0.00892	0.01219	0.01011	0.01474	0.01560	0.02529	0.01542	0.15485	0.45318	0.00785	0.20006	0.00700	0.00338	0.00580
24	0.00939	0.00629	0.00719	0.00719	0.00725	0.00634	0.00410	0.00949	0.00944	0.01264	0.02022	0.04154	0.02317	0.74086	0.06451	0.00645	0.00675	0.00929	0.00390	0.00400
25	0.01746	0.01207	0.01348	0.01175	0.01537	0.01292	0.00923	0.07032	0.40002	0.16353	0.06566	0.05216	0.10744	0.01006	0.00679	0.00214	0.00494	0.00839	0.00678	0.00948
26	0.03658	0.04564	0.03930	0.01428	0.05242	0.01214	0.09283	0.05178	0.09895	0.10189	0.18690	0.09246	0.07623	0.01050	0.00791	0.00214	0.05537	0.00905	0.00559	0.00805

[dist]
# distance from previous block
# <min> <max>
0	2

[block]
# block no. 7 follows, 34 sequences, length 23
# corresponding to MSA columns:
# 349-371
name=unknown_H
#
# <colnr> <probs for GDERKNQSTAVLIFYWHMCP>
#	G	D	E	R	K	N	Q	S	T	A	V	L	I	F	Y	W	H	M	C	P
0	0.04236	0.01921	0.05905	0.09060	0.31141	0.15874	0.01619	0.12979	0.06861	0.02336	0.01310	0.01548	0.01032	0.00655	0.00623	0.00192	0.00828	0.00545	0.00395	0.00941
1	0.13100	0.01481	0.01923	0.04015	0.05765	0.07979	0.14597	0.06257	0.06071	0.12925	0.01613	0.01949	0.01253	0.00705	0.00614	0.00191	0.00717	0.04220	0.03123	0.11501
2	0.08271	0.03742	0.02263	0.01958	0.10130	0.09646	0.17742	0.14929	0.17167	0.02562	0.01629	0.04254	0.01292	0.00731	0.00649	0.00203	0.00784	0.00656	0.00471	0.00923
3	0.00897	0.00660	0.00840	0.00795	0.00955	0.00602	0.00596	0.01186	0.01789	0.02495	0.65389	0.04984	0.13688	0.01357	0.00762	0.00205	0.00307	0.01191	0.00699	0.00602
4	0.01056	0.00774	0.00937	0.00905	0.01047	0.00766	0.00635	0.07607	0.01333	0.01814	0.04896	0.24946	0.07047	0.24070	0.12156	0.00456	0.00679	0.01121	0.00492	0.07263
5	0.00874	0.00648	0.00853	0.00929	0.01023	0.00627	0.00686	0.01064	0.01424	0.01918	0.20021	0.41391	0.10030	0.01762	0.00858	0.00251	0.02884	0.11578	0.00615	0.00563
6	0.00807	0.00641	0.00692	0.00719	0.00874	0.00564	0.00513	0.00942	0.01353	0.01660	0.05263	0.15963	0.48970	0.13978	0.01187	0.00294	0.00393	0.04101	0.00566	0.00520
7	0.06285	0.01477	0.01807	0.11709	0.06384	0.04718	0.05991	0.18074	0.13395	0.04373	0.01542	0.01689	0.01166	0.00677	0.00602	0.00182	0.00677	0.00562	0.02923	0.15764
8	0.00821	0.00657	0.00734	0.00715	0.00908	0.00570	0.00536	0.01038	0.01608	0.02067	0.31820	0.05688	0.47524	0.01516	0.00763	0.00212	0.00319	0.01289	0.00642	0.00570
9	0.04604	0.12919	0.02121	0.01508	0.01932	0.21388	0.09172	0.09063	0.14633	0.08365	0.01546	0.01626	0.01182	0.00711	0.00637	0.00187	0.02953	0.00550	0.04024	0.00879
10	0.02278	0.08526	0.05274	0.01587	0.01997	0.45071	0.01291	0.19100	0.02027	0.02201	0.01126	0.01268	0.00897	0.00701	0.00650	0.00177	0.04120	0.00460	0.00400	0.00848
11	0.00943	0.00773	0.00975	0.01153	0.07811	0.00725	0.00792	0.01221	0.04564	0.01846	0.04671	0.18309	0.36026	0.01604	0.00786	0.00241	0.00443	0.15924	0.00575	0.00618
12	0.01763	0.73772	0.03304	0.01135	0.01676	0.06337	0.01113	0.01969	0.01340	0.01523	0.00904	0.01043	0.00829	0.00559	0.00423	0.00140	0.00716	0.00349	0.00279	0.00825
13	0.01356	0.13706	0.64107	0.01739	0.02638	0.01648	0.02209	0.02031	0.01357	0.01973	0.01123	0.01318	0.00820	0.00605	0.00586	0.00195	0.00918	0.00459	0.00273	0.00937
14	0.01122	0.00561	0.00842	0.00842	0.00842	0.00561	0.00561	0.00842	0.00842	0.01122	0.01122	0.01964	0.01122	0.02245	0.02525	0.81201	0.00561	0.00561	0.00281	0.00281
15	0.00787	0.00562	0.00750	0.00900	0.00937	0.00525	0.00600	0.00900	0.01237	0.01649	0.03561	0.76871	0.04274	0.02024	0.00825	0.00262	0.00375	0.01837	0.00600	0.00525
16	0.01695	0.01751	0.02421	0.11014	0.54346	0.13633	0.01842	0.02047	0.01512	0.01976	0.01173	0.01540	0.00975	0.00598	0.00631	0.00190	0.00843	0.00549	0.00319	0.00946
17	0.00787	0.00562	0.00750	0.00900	0.00937	0.00525	0.00600	0.00900	0.01237	0.01649	0.03561	0.76871	0.04274	0.02024	0.00825	0.00262	0.00375	0.01837	0.00600	0.00525
18	0.01414	0.01414	0.01979	0.01696	0.01696	0.01979	0.01414	0.01555	0.00990	0.01555	0.00848	0.01414	0.00848	0.01131	0.02120	0.00283	0.76110	0.00565	0.00283	0.00707
19	0.00781	0.00619	0.00702	0.00757	0.00902	0.00541	0.00539	0.00932	0.01401	0.01754	0.08936	0.33313	0.43006	0.01769	0.00787	0.00234	0.00344	0.01535	0.00606	0.00541
20	0.02414	0.03079	0.01831	0.01665	0.01998	0.74698	0.01248	0.02580	0.01831	0.01581	0.00999	0.01165	0.00832	0.00666	0.00583	0.00166	0.01165	0.00416	0.00333	0.00749
21	0.00813	0.00654	0.00727	0.00730	0.00919	0.00568	0.00549	0.01014	0.01546	0.01953	0.22358	0.10235	0.49678	0.01590	0.00772	0.00221	0.00336	0.04150	0.00627	0.00562
22	0.00983	0.00679	0.00848	0.00799	0.00980	0.00611	0.00601	0.01247	0.01731	0.06163	0.52173	0.07511	0.20481	0.01387	0.00759	0.00208	0.00325	0.01207	0.00688	0.00619

[dist]
# distance from previous block
# <min> <max>
0	5

# created by:
# /home/berkeley/.conda/envs/busco_data_prod/bin/msa2prfl.pl pipeline/OGs_align_augustus/4893/38539.fs
