[name]
unknown

[dist]
# distance from previous block
# <min> <max>
7	562

[block]
# block no. 0 follows, 32 sequences, length 19
# corresponding to MSA columns:
# 598-616
name=unknown_A
#
# <colnr> <probs for GDERKNQSTAVLIFYWHMCP>
#	G	D	E	R	K	N	Q	S	T	A	V	L	I	F	Y	W	H	M	C	P
0	0.00935	0.00696	0.01028	0.01054	0.01161	0.00790	0.00803	0.01154	0.01113	0.01584	0.02116	0.14917	0.02140	0.04542	0.61553	0.00943	0.01562	0.00918	0.00404	0.00590
1	0.00968	0.00736	0.01017	0.13263	0.01573	0.00759	0.00823	0.01169	0.01368	0.01824	0.14591	0.28668	0.06381	0.16627	0.01332	0.00331	0.00531	0.06920	0.00544	0.00573
2	0.45508	0.04372	0.01317	0.01065	0.01489	0.04712	0.00864	0.04848	0.13024	0.07852	0.01411	0.01483	0.01071	0.00735	0.00565	0.02496	0.00572	0.00472	0.00487	0.05656
3	0.01356	0.01256	0.01968	0.58647	0.07834	0.01526	0.01740	0.02043	0.13019	0.01923	0.01454	0.01902	0.01097	0.00707	0.00672	0.00223	0.00828	0.00624	0.00364	0.00816
4	0.01405	0.00812	0.00981	0.00903	0.01132	0.00747	0.00666	0.01681	0.05585	0.18051	0.13640	0.14193	0.21730	0.13975	0.01207	0.00297	0.00459	0.01173	0.00654	0.00706
5	0.01003	0.00704	0.00846	0.00866	0.00943	0.00700	0.00575	0.04741	0.01252	0.01654	0.03011	0.24985	0.10875	0.31982	0.08114	0.04865	0.00637	0.01234	0.00499	0.00515
6	0.30599	0.01197	0.01356	0.01084	0.01566	0.01169	0.00895	0.02812	0.01646	0.48097	0.02042	0.01862	0.01331	0.00757	0.00583	0.00208	0.00553	0.00565	0.00684	0.00995
7	0.01188	0.00790	0.01054	0.00966	0.01146	0.00779	0.00709	0.01311	0.01130	0.05860	0.01728	0.02710	0.01658	0.19422	0.31483	0.11961	0.01080	0.00700	0.00395	0.13928
8	0.21924	0.00965	0.00959	0.00898	0.01178	0.00995	0.00689	0.04335	0.07684	0.06079	0.07738	0.13333	0.24007	0.03243	0.00743	0.00234	0.00444	0.01033	0.02813	0.00704
9	0.01036	0.00832	0.00932	0.00926	0.01120	0.00831	0.00676	0.01604	0.17563	0.02118	0.14510	0.21731	0.25775	0.06089	0.00941	0.00261	0.00411	0.01324	0.00641	0.00676
10	0.04096	0.01952	0.13574	0.03140	0.02063	0.06374	0.01356	0.13371	0.40891	0.02817	0.02107	0.02044	0.01568	0.00821	0.00660	0.00217	0.00692	0.00655	0.00576	0.01027
11	0.01250	0.00898	0.01307	0.01414	0.10386	0.00907	0.04548	0.01396	0.04145	0.04886	0.02003	0.11598	0.02104	0.32368	0.02202	0.13842	0.02805	0.00925	0.00427	0.00588
12	0.06067	0.00796	0.00890	0.00829	0.01099	0.00705	0.00634	0.01484	0.01569	0.15765	0.07906	0.13488	0.43285	0.01499	0.00755	0.00227	0.00401	0.01258	0.00656	0.00689
13	0.01101	0.01122	0.12919	0.01092	0.01338	0.00765	0.00953	0.01360	0.01382	0.06700	0.06764	0.45162	0.03489	0.05300	0.00910	0.00268	0.00514	0.03275	0.04921	0.00665
14	0.01629	0.10300	0.39042	0.02168	0.14198	0.12811	0.02033	0.02157	0.01481	0.01977	0.01142	0.01395	0.00891	0.00665	0.00711	0.00202	0.05459	0.00495	0.00302	0.00942
15	0.01128	0.00592	0.00863	0.00866	0.00877	0.00588	0.00577	0.00904	0.00953	0.01280	0.05186	0.05433	0.01661	0.06723	0.02496	0.67949	0.00564	0.00696	0.00337	0.00328
16	0.01067	0.01174	0.12948	0.01080	0.01331	0.00836	0.00942	0.05368	0.01468	0.02006	0.12994	0.31934	0.07867	0.09701	0.01178	0.05109	0.00537	0.01279	0.00543	0.00640
17	0.00983	0.00789	0.01115	0.01411	0.12902	0.00743	0.00849	0.01198	0.01493	0.02017	0.18343	0.38181	0.14144	0.01635	0.00801	0.00240	0.00435	0.01468	0.00599	0.00654
18	0.01134	0.00594	0.00850	0.00850	0.00850	0.00594	0.00553	0.00891	0.00891	0.01188	0.01324	0.02433	0.01379	0.14737	0.02755	0.67111	0.00594	0.00649	0.00311	0.00311

[dist]
# distance from previous block
# <min> <max>
0	6

[block]
# block no. 1 follows, 32 sequences, length 51
# corresponding to MSA columns:
# 623-673
name=unknown_B
#
# <colnr> <probs for GDERKNQSTAVLIFYWHMCP>
#	G	D	E	R	K	N	Q	S	T	A	V	L	I	F	Y	W	H	M	C	P
0	0.01546	0.01472	0.02477	0.22239	0.51435	0.01535	0.01949	0.01953	0.01473	0.02068	0.01241	0.01681	0.01016	0.00612	0.00658	0.00201	0.00808	0.00588	0.00326	0.04722
1	0.01331	0.01272	0.02118	0.43680	0.06360	0.01486	0.09133	0.01792	0.04358	0.01839	0.01386	0.05284	0.01161	0.00915	0.03169	0.00253	0.08454	0.00679	0.00343	0.04988
2	0.01443	0.00842	0.01173	0.01080	0.01273	0.00881	0.00835	0.03733	0.01288	0.14448	0.01908	0.02717	0.01687	0.08222	0.35663	0.12674	0.02874	0.03598	0.00458	0.03206
3	0.01827	0.01790	0.02367	0.14094	0.40005	0.12921	0.01791	0.07519	0.01671	0.03860	0.01257	0.01611	0.01017	0.00676	0.00737	0.00204	0.04754	0.00573	0.00366	0.00961
4	0.01000	0.00703	0.00865	0.00818	0.01009	0.00629	0.00616	0.01268	0.01782	0.05719	0.48842	0.07237	0.24108	0.01456	0.00788	0.00217	0.00337	0.01263	0.00708	0.00636
5	0.01629	0.01546	0.02584	0.03840	0.65664	0.01554	0.01947	0.02095	0.04851	0.02244	0.04520	0.01852	0.01348	0.00648	0.00671	0.00201	0.00763	0.00633	0.00367	0.01043
6	0.00864	0.00681	0.00781	0.00769	0.00960	0.00598	0.00578	0.01094	0.01669	0.02166	0.32672	0.08405	0.41500	0.01587	0.00798	0.00224	0.00339	0.03052	0.00669	0.00594
7	0.02274	0.02439	0.02108	0.01758	0.02171	0.36602	0.08375	0.19478	0.09789	0.02468	0.01393	0.01529	0.01081	0.00757	0.00734	0.00198	0.04917	0.00557	0.00461	0.00911
8	0.00884	0.00675	0.00769	0.00771	0.00949	0.00600	0.00575	0.01103	0.01599	0.02097	0.25505	0.10925	0.38396	0.03971	0.00870	0.00239	0.00357	0.04280	0.04851	0.00585
9	0.07154	0.02610	0.38926	0.02184	0.02981	0.01625	0.28115	0.02106	0.01448	0.02180	0.01232	0.01546	0.00907	0.00627	0.00734	0.00220	0.03557	0.00603	0.00315	0.00931
10	0.02487	0.01783	0.01930	0.01501	0.02020	0.01963	0.01233	0.58424	0.10330	0.08661	0.01800	0.01751	0.01273	0.00818	0.00673	0.00205	0.00705	0.00625	0.00683	0.01133
11	0.00827	0.00623	0.00759	0.00846	0.00949	0.00562	0.00584	0.00974	0.01401	0.01816	0.10652	0.47230	0.24077	0.04289	0.00914	0.00266	0.00377	0.01673	0.00626	0.00555
12	0.05010	0.01291	0.02023	0.48172	0.16551	0.01505	0.01727	0.05066	0.04573	0.02075	0.04645	0.01910	0.01240	0.00706	0.00664	0.00217	0.00809	0.00623	0.00365	0.00831
13	0.00848	0.00668	0.00735	0.00740	0.00905	0.00588	0.00528	0.01015	0.01494	0.01886	0.17301	0.12603	0.44214	0.12104	0.01165	0.00287	0.00384	0.01366	0.00613	0.00554
14	0.02652	0.01717	0.01913	0.01467	0.02000	0.01840	0.01212	0.55292	0.02883	0.19317	0.01839	0.01759	0.01256	0.00811	0.00672	0.00203	0.00701	0.00620	0.00706	0.01141
15	0.01063	0.00819	0.00973	0.00883	0.01112	0.00699	0.00613	0.01210	0.01240	0.01758	0.02493	0.25469	0.05692	0.23846	0.01497	0.00324	0.00503	0.01082	0.00480	0.28246
16	0.00815	0.00593	0.00769	0.00911	0.00967	0.00547	0.00612	0.00937	0.01307	0.01722	0.03984	0.69569	0.10666	0.02065	0.00851	0.00268	0.00385	0.01862	0.00623	0.00547
17	0.53119	0.01402	0.01279	0.01071	0.01520	0.01567	0.00880	0.15725	0.04663	0.11226	0.01343	0.01392	0.00973	0.00695	0.00508	0.00207	0.00569	0.00464	0.00525	0.00871
18	0.77030	0.01289	0.01016	0.00899	0.01320	0.01478	0.00740	0.02041	0.01183	0.06692	0.01025	0.01153	0.00776	0.00634	0.00429	0.00208	0.00522	0.00380	0.00437	0.00749
19	0.01637	0.01460	0.02067	0.42645	0.13274	0.03787	0.01695	0.14957	0.07554	0.02349	0.01406	0.01780	0.01061	0.00707	0.00669	0.00215	0.00830	0.00607	0.00408	0.00893
20	0.00838	0.00678	0.00745	0.00735	0.00936	0.00585	0.00549	0.01048	0.01626	0.02058	0.25118	0.08433	0.51063	0.01620	0.00795	0.00224	0.00335	0.01376	0.00656	0.00585
21	0.01182	0.00925	0.01167	0.01133	0.03232	0.01051	0.00781	0.04915	0.04323	0.01753	0.06969	0.08816	0.02412	0.37603	0.07454	0.00502	0.13809	0.00935	0.00447	0.00592
22	0.00981	0.00651	0.00725	0.00725	0.00741	0.00646	0.00413	0.01001	0.01017	0.01375	0.02306	0.04390	0.05203	0.70056	0.03179	0.00612	0.00623	0.00978	0.03956	0.00423
23	0.01618	0.01550	0.02646	0.11832	0.64856	0.01583	0.02038	0.02022	0.01508	0.02140	0.01255	0.01675	0.01044	0.00606	0.00665	0.00202	0.00808	0.00598	0.00328	0.01028
24	0.02437	0.03082	0.01912	0.01731	0.02053	0.68903	0.01308	0.02608	0.01843	0.01640	0.01027	0.01227	0.00865	0.00724	0.00712	0.00181	0.06188	0.00443	0.00342	0.00775
25	0.00869	0.00627	0.00820	0.00904	0.00990	0.00583	0.00634	0.01052	0.01480	0.02007	0.23772	0.47747	0.07974	0.03473	0.00893	0.00262	0.00381	0.04308	0.00652	0.00572
26	0.01824	0.01340	0.01419	0.01207	0.01570	0.01488	0.00958	0.24960	0.27384	0.03191	0.04414	0.02287	0.01795	0.00855	0.00624	0.00199	0.00533	0.00686	0.22308	0.00956
27	0.00828	0.00677	0.00731	0.00726	0.00930	0.00580	0.00541	0.01027	0.01599	0.01998	0.20705	0.09162	0.54871	0.01646	0.00795	0.00225	0.00337	0.01394	0.00648	0.00580
28	0.00918	0.00775	0.00807	0.00782	0.01020	0.00710	0.00591	0.01318	0.10188	0.02029	0.13157	0.05815	0.56368	0.01567	0.00779	0.00225	0.00361	0.01313	0.00643	0.00635
29	0.04876	0.15682	0.05458	0.01517	0.01858	0.13089	0.01302	0.07396	0.16156	0.02136	0.01376	0.01568	0.01133	0.00860	0.01054	0.00220	0.22483	0.00546	0.00415	0.00875
30	0.01563	0.01830	0.10684	0.15488	0.34700	0.03541	0.18284	0.02046	0.01507	0.02079	0.01261	0.01679	0.00995	0.00609	0.00691	0.00211	0.00926	0.00628	0.00323	0.00956
31	0.01928	0.62996	0.03213	0.01257	0.01788	0.16002	0.01176	0.02135	0.01464	0.01591	0.00952	0.01101	0.00862	0.00596	0.00463	0.00149	0.00810	0.00373	0.00298	0.00845
32	0.01334	0.01203	0.02088	0.04373	0.05122	0.01260	0.20870	0.07864	0.01447	0.02000	0.01697	0.05773	0.01545	0.07566	0.30273	0.00597	0.03054	0.00790	0.00393	0.00751
33	0.01688	0.01387	0.01484	0.01337	0.01707	0.01585	0.01038	0.03427	0.64635	0.05858	0.02773	0.05990	0.02145	0.00963	0.00691	0.00229	0.00526	0.00810	0.00686	0.01041
34	0.00916	0.00694	0.00757	0.00744	0.00961	0.00593	0.00557	0.01107	0.01583	0.05079	0.15766	0.11036	0.54558	0.01642	0.00792	0.00227	0.00350	0.01389	0.00649	0.00600
35	0.02519	0.01864	0.01996	0.01537	0.02069	0.02066	0.01268	0.67628	0.05574	0.04178	0.01651	0.01643	0.01173	0.00809	0.00672	0.00202	0.00731	0.00610	0.00672	0.01138
36	0.00924	0.00664	0.00739	0.00732	0.00852	0.00614	0.00494	0.01067	0.01379	0.01835	0.17023	0.06616	0.27147	0.29467	0.01750	0.00378	0.00451	0.01168	0.06177	0.00523
37	0.00828	0.00592	0.00791	0.00947	0.00990	0.00554	0.00642	0.00953	0.01295	0.01725	0.03692	0.73192	0.04414	0.02092	0.00859	0.00274	0.00399	0.04590	0.00623	0.00548
38	0.01547	0.05087	0.39572	0.02387	0.16542	0.08458	0.10514	0.02132	0.01507	0.02070	0.01364	0.01622	0.02874	0.00653	0.00657	0.00206	0.00965	0.00568	0.00315	0.00959
39	0.71991	0.01236	0.00974	0.00871	0.01268	0.01415	0.00713	0.01980	0.01189	0.05187	0.01094	0.01246	0.00839	0.00643	0.00428	0.00203	0.00503	0.00395	0.07093	0.00731
40	0.02012	0.01638	0.01850	0.06875	0.05790	0.05222	0.03124	0.33500	0.15527	0.03175	0.01948	0.02022	0.03857	0.00836	0.00714	0.00208	0.03253	0.00660	0.06795	0.00994
41	0.00840	0.00648	0.00739	0.00780	0.00914	0.00578	0.00544	0.00989	0.01426	0.01812	0.12254	0.26709	0.36076	0.11225	0.01143	0.00292	0.00391	0.01485	0.00608	0.00547
42	0.01733	0.01485	0.01586	0.04289	0.04677	0.04541	0.01123	0.07063	0.53023	0.04882	0.02692	0.02540	0.05545	0.00913	0.00683	0.00222	0.00586	0.00756	0.00641	0.01019
43	0.01166	0.00583	0.00874	0.00874	0.00874	0.00583	0.00583	0.00874	0.00874	0.01166	0.01166	0.02040	0.01166	0.02331	0.02622	0.80478	0.00583	0.00583	0.00291	0.00291
44	0.01338	0.01281	0.02214	0.61192	0.13948	0.01516	0.05479	0.01785	0.01380	0.01804	0.01211	0.01772	0.00924	0.00655	0.00676	0.00220	0.00893	0.00607	0.00305	0.00798
45	0.00959	0.00719	0.01078	0.01078	0.01198	0.00839	0.00839	0.01198	0.01078	0.01558	0.01797	0.02636	0.01677	0.05032	0.73760	0.01078	0.01797	0.00719	0.00359	0.00599
46	0.01169	0.00606	0.00918	0.03723	0.01019	0.00618	0.00632	0.00907	0.00892	0.01187	0.01167	0.02030	0.01155	0.02267	0.02547	0.77386	0.00595	0.00583	0.00292	0.00309
47	0.00850	0.00786	0.05593	0.00976	0.01096	0.00615	0.00736	0.01017	0.01317	0.01750	0.03826	0.64401	0.10604	0.01966	0.00836	0.00264	0.00425	0.01767	0.00600	0.00577
48	0.00899	0.00642	0.00787	0.00850	0.00925	0.00594	0.00558	0.00982	0.01217	0.01612	0.03401	0.42018	0.11332	0.22205	0.01600	0.03632	0.00468	0.01473	0.00540	0.04265
49	0.05968	0.02280	0.01855	0.09760	0.05968	0.37241	0.01327	0.05840	0.09492	0.08081	0.01407	0.01560	0.01086	0.00747	0.00704	0.00198	0.04658	0.00529	0.00435	0.00865
50	0.01677	0.01297	0.01436	0.04693	0.01715	0.01404	0.00984	0.17362	0.27721	0.02944	0.09251	0.02414	0.02072	0.00860	0.00639	0.00196	0.00535	0.00705	0.12877	0.09218

[dist]
# distance from previous block
# <min> <max>
5	69

[block]
# block no. 2 follows, 32 sequences, length 36
# corresponding to MSA columns:
# 743-778
name=unknown_C
#
# <colnr> <probs for GDERKNQSTAVLIFYWHMCP>
#	G	D	E	R	K	N	Q	S	T	A	V	L	I	F	Y	W	H	M	C	P
0	0.06605	0.01613	0.06671	0.01597	0.08514	0.07287	0.03638	0.13749	0.12430	0.08829	0.04110	0.02880	0.12315	0.03080	0.00763	0.00227	0.00677	0.03551	0.00558	0.00907
1	0.10699	0.03872	0.04736	0.05229	0.32111	0.13492	0.03423	0.06332	0.03307	0.08572	0.01357	0.01580	0.01054	0.00659	0.00625	0.00198	0.00822	0.00551	0.00412	0.00967
2	0.02298	0.16889	0.02334	0.01770	0.06029	0.46176	0.03557	0.09656	0.01901	0.01953	0.01102	0.01273	0.00909	0.00672	0.00588	0.00174	0.01040	0.00458	0.00368	0.00853
3	0.05824	0.17044	0.14644	0.05339	0.05835	0.01514	0.03507	0.07178	0.01571	0.06317	0.07550	0.07671	0.05155	0.00961	0.00733	0.04426	0.00682	0.00718	0.02501	0.00829
4	0.01815	0.01692	0.02510	0.09319	0.39095	0.07639	0.08821	0.06918	0.04899	0.06054	0.01411	0.01710	0.01108	0.00647	0.00669	0.00201	0.00836	0.00609	0.00400	0.03647
5	0.01019	0.00814	0.01144	0.13286	0.01692	0.00895	0.00928	0.03959	0.01349	0.01808	0.02954	0.54188	0.03408	0.01731	0.00934	0.00263	0.06943	0.01523	0.00543	0.00619
6	0.01445	0.05373	0.01605	0.05200	0.06972	0.01055	0.00961	0.01740	0.01409	0.04621	0.01409	0.06612	0.01249	0.00641	0.00546	0.00132	0.00548	0.00535	0.00412	0.57533
7	0.01411	0.00721	0.00749	0.00705	0.00901	0.00724	0.00540	0.05444	0.01530	0.06126	0.02180	0.02441	0.01685	0.00786	0.00491	0.00161	0.00349	0.00627	0.71749	0.00680
8	0.01306	0.01217	0.02012	0.59276	0.12590	0.01458	0.01788	0.01783	0.03996	0.01814	0.01398	0.05915	0.01155	0.00750	0.00681	0.00223	0.00841	0.00675	0.00335	0.00785
9	0.00941	0.00644	0.00734	0.00753	0.00777	0.00630	0.00442	0.00969	0.01060	0.01395	0.02692	0.13695	0.08266	0.60945	0.02878	0.00568	0.00592	0.01130	0.00452	0.00437
10	0.01423	0.01036	0.01514	0.04055	0.14645	0.01051	0.02912	0.05576	0.01580	0.09826	0.10522	0.25699	0.04803	0.03533	0.00924	0.00248	0.04999	0.02888	0.01989	0.00779
11	0.00844	0.00615	0.00772	0.00868	0.00942	0.00568	0.00585	0.00976	0.01350	0.01784	0.10913	0.51401	0.14059	0.09691	0.01107	0.00299	0.00402	0.01670	0.00612	0.00543
12	0.01585	0.05261	0.43376	0.02029	0.06430	0.07737	0.09789	0.06596	0.03404	0.02199	0.01279	0.01550	0.00966	0.02217	0.00746	0.00218	0.02774	0.00551	0.00336	0.00957
13	0.01209	0.00627	0.00641	0.00646	0.00782	0.00626	0.00467	0.01483	0.01358	0.02352	0.02225	0.04833	0.01875	0.08819	0.00792	0.00212	0.00351	0.00700	0.69405	0.00600
14	0.01608	0.14821	0.37519	0.01946	0.05270	0.05823	0.11835	0.05630	0.05411	0.02159	0.01281	0.01486	0.00966	0.00642	0.00630	0.00201	0.00934	0.00537	0.00339	0.00960
15	0.81159	0.01298	0.00986	0.00882	0.01298	0.01505	0.00727	0.01972	0.01142	0.03010	0.00934	0.01090	0.00727	0.00623	0.00415	0.00208	0.00519	0.00363	0.00415	0.00727
16	0.01011	0.00654	0.00824	0.00861	0.00933	0.00621	0.00568	0.01130	0.01319	0.05461	0.15131	0.34576	0.03929	0.27869	0.01729	0.00390	0.00477	0.01395	0.00579	0.00543
17	0.01346	0.03471	0.72942	0.01912	0.02904	0.01558	0.02479	0.02125	0.01417	0.02125	0.01204	0.01417	0.00850	0.00637	0.00637	0.00212	0.00992	0.00496	0.00283	0.00992
18	0.00957	0.00786	0.00983	0.00977	0.01113	0.00828	0.00754	0.01146	0.01390	0.01836	0.09252	0.17909	0.30205	0.02014	0.08729	0.00338	0.11293	0.06282	0.02609	0.00600
19	0.00976	0.00651	0.00732	0.00732	0.00732	0.00651	0.00407	0.00976	0.00976	0.01301	0.02114	0.04391	0.02439	0.76419	0.03415	0.00651	0.00651	0.00976	0.00407	0.00407
20	0.00863	0.00666	0.00790	0.00810	0.00973	0.00593	0.00598	0.01077	0.01605	0.02095	0.27853	0.20093	0.33384	0.01678	0.00811	0.00234	0.00354	0.04276	0.00662	0.00587
21	0.00959	0.00719	0.01078	0.01078	0.01198	0.00839	0.00839	0.01198	0.01078	0.01558	0.01797	0.02636	0.01677	0.05032	0.73760	0.01078	0.01797	0.00719	0.00359	0.00599
22	0.02506	0.03198	0.01901	0.01729	0.02074	0.73725	0.01296	0.02679	0.01901	0.01642	0.01037	0.01210	0.00864	0.00691	0.00605	0.00173	0.01210	0.00432	0.00346	0.00778
23	0.01367	0.01289	0.02151	0.45874	0.24214	0.01493	0.01827	0.01765	0.01377	0.01850	0.01347	0.06153	0.01154	0.00760	0.00757	0.00223	0.04570	0.00674	0.00327	0.00827
24	0.03931	0.01407	0.01538	0.01635	0.11636	0.05324	0.01097	0.02808	0.42351	0.02493	0.02625	0.02669	0.07151	0.04694	0.00801	0.00237	0.00583	0.00760	0.05320	0.00940
25	0.05927	0.07808	0.07365	0.05423	0.01925	0.01329	0.08135	0.07819	0.01735	0.13328	0.21449	0.02657	0.02603	0.01087	0.03193	0.02188	0.03878	0.00767	0.00548	0.00837
26	0.02445	0.01148	0.01474	0.01157	0.01611	0.01049	0.00941	0.11241	0.02041	0.45854	0.16233	0.02689	0.02486	0.00915	0.00687	0.00201	0.00537	0.00757	0.00766	0.05768
27	0.00962	0.00705	0.01007	0.01007	0.01103	0.00800	0.00750	0.01153	0.01057	0.01505	0.01862	0.02995	0.01833	0.19637	0.59368	0.00991	0.01563	0.00771	0.00369	0.00560
28	0.01627	0.34854	0.35095	0.01551	0.02289	0.02088	0.01779	0.06753	0.01497	0.02014	0.01102	0.01286	0.00876	0.00645	0.00618	0.00186	0.04045	0.00448	0.00312	0.00935
29	0.02145	0.05490	0.01995	0.09943	0.02285	0.39756	0.01364	0.10376	0.05670	0.02013	0.01189	0.01427	0.00968	0.00780	0.00850	0.00201	0.11822	0.00509	0.00387	0.00830
30	0.00861	0.00694	0.00771	0.00778	0.00967	0.00617	0.00573	0.01116	0.04060	0.02018	0.19881	0.16632	0.45323	0.01664	0.00798	0.00230	0.00349	0.01425	0.00650	0.00595
31	0.01000	0.00707	0.00870	0.00953	0.04033	0.00631	0.00646	0.01127	0.01426	0.05568	0.07018	0.25218	0.36606	0.01773	0.00987	0.08462	0.00410	0.01388	0.00591	0.00587
32	0.05875	0.04338	0.08929	0.12944	0.08785	0.23457	0.15011	0.05109	0.01633	0.02022	0.01166	0.01493	0.00921	0.00674	0.00733	0.00205	0.04948	0.00557	0.00344	0.00855
33	0.01503	0.04378	0.16121	0.01425	0.01847	0.05305	0.03320	0.15719	0.03677	0.02428	0.04632	0.21117	0.02505	0.01262	0.00747	0.00237	0.00702	0.11722	0.00532	0.00822
34	0.00962	0.00702	0.00884	0.00930	0.00954	0.00737	0.00623	0.01039	0.01135	0.01532	0.02716	0.32442	0.03175	0.36349	0.02158	0.00451	0.06932	0.05283	0.00494	0.00502
35	0.02224	0.05683	0.01911	0.01411	0.01869	0.01853	0.01156	0.46856	0.05151	0.06311	0.01633	0.01860	0.01268	0.07278	0.00974	0.00237	0.05134	0.00618	0.00595	0.05979

[dist]
# distance from previous block
# <min> <max>
0	7

[block]
# block no. 3 follows, 32 sequences, length 8
# corresponding to MSA columns:
# 786-793
name=unknown_D
#
# <colnr> <probs for GDERKNQSTAVLIFYWHMCP>
#	G	D	E	R	K	N	Q	S	T	A	V	L	I	F	Y	W	H	M	C	P
0	0.01592	0.01898	0.20303	0.13338	0.09918	0.01488	0.03250	0.07430	0.05984	0.07485	0.01771	0.01980	0.05551	0.00787	0.00800	0.00212	0.07645	0.00626	0.00421	0.07517
1	0.01654	0.06551	0.08421	0.05778	0.20975	0.08185	0.07421	0.04715	0.14751	0.02179	0.01546	0.01821	0.01241	0.01109	0.07466	0.00288	0.03942	0.00617	0.00405	0.00936
2	0.01132	0.00710	0.00881	0.00860	0.00947	0.00701	0.00584	0.01248	0.01243	0.06924	0.12462	0.04460	0.03013	0.46516	0.08904	0.00560	0.00696	0.07125	0.00502	0.00531
3	0.07286	0.04006	0.08280	0.01202	0.01471	0.01171	0.01021	0.07257	0.05900	0.05329	0.05209	0.29662	0.02751	0.04954	0.00999	0.00265	0.07441	0.04512	0.00543	0.00741
4	0.06348	0.18917	0.07690	0.06217	0.06477	0.12324	0.01352	0.07707	0.04729	0.04135	0.07057	0.01723	0.01422	0.00791	0.00795	0.00201	0.10287	0.00558	0.00409	0.00862
5	0.01476	0.24294	0.26049	0.01710	0.08491	0.01717	0.05883	0.01896	0.01360	0.01865	0.01261	0.01762	0.01109	0.10804	0.00951	0.00241	0.00815	0.00540	0.00318	0.07458
6	0.12772	0.05023	0.04056	0.01585	0.01964	0.08304	0.10319	0.10504	0.04898	0.08827	0.01417	0.01686	0.01120	0.01255	0.08783	0.00314	0.15278	0.00589	0.00442	0.00862
7	0.09014	0.13727	0.16353	0.01428	0.01965	0.05874	0.07369	0.07339	0.04386	0.07566	0.09389	0.02291	0.06123	0.03496	0.00728	0.00216	0.00735	0.00670	0.00467	0.00865

[dist]
# distance from previous block
# <min> <max>
8	111

[block]
# block no. 4 follows, 32 sequences, length 47
# corresponding to MSA columns:
# 911-957
name=unknown_E
#
# <colnr> <probs for GDERKNQSTAVLIFYWHMCP>
#	G	D	E	R	K	N	Q	S	T	A	V	L	I	F	Y	W	H	M	C	P
0	0.04196	0.07967	0.06512	0.04635	0.18831	0.05586	0.09031	0.10427	0.04838	0.08252	0.01547	0.01909	0.01233	0.00900	0.03900	0.00238	0.00839	0.03093	0.00443	0.05626
1	0.01368	0.10265	0.05069	0.09311	0.18483	0.01395	0.01333	0.05421	0.03592	0.02035	0.05065	0.23555	0.02270	0.01234	0.02487	0.00244	0.04631	0.00983	0.00452	0.00809
2	0.01831	0.01595	0.04847	0.01386	0.04461	0.03561	0.01114	0.26168	0.04188	0.02881	0.01422	0.01579	0.01109	0.00887	0.04637	0.00205	0.00711	0.00513	0.00493	0.36412
3	0.01466	0.01061	0.01453	0.07476	0.07010	0.01065	0.03950	0.11817	0.01703	0.08734	0.05181	0.20903	0.09407	0.07228	0.00966	0.00265	0.00596	0.05830	0.00568	0.03321
4	0.02890	0.00796	0.01069	0.01089	0.04360	0.00819	0.03706	0.01149	0.01130	0.01556	0.02510	0.11956	0.08369	0.40905	0.11585	0.00563	0.03552	0.01031	0.00433	0.00533
5	0.01022	0.00712	0.00957	0.04917	0.01285	0.00705	0.00781	0.01276	0.04630	0.04882	0.05754	0.51106	0.03937	0.04351	0.00924	0.00281	0.00468	0.10783	0.00613	0.00614
6	0.08089	0.09820	0.08163	0.25052	0.13847	0.11263	0.06164	0.03595	0.01503	0.02002	0.01240	0.01732	0.01016	0.00684	0.00629	0.00205	0.00882	0.02930	0.00340	0.00846
7	0.01201	0.00797	0.01005	0.00928	0.01053	0.00784	0.03195	0.03509	0.03541	0.07228	0.05597	0.11798	0.07078	0.44566	0.04459	0.00497	0.00633	0.01057	0.00505	0.00569
8	0.00852	0.00602	0.00784	0.00904	0.00940	0.00577	0.00594	0.00953	0.01220	0.01632	0.03329	0.59862	0.03956	0.15579	0.04558	0.00376	0.00499	0.01687	0.00572	0.00523
9	0.01391	0.01193	0.01391	0.00994	0.01590	0.00894	0.00795	0.01690	0.01391	0.02186	0.01193	0.01391	0.00994	0.00497	0.00497	0.00099	0.00497	0.00398	0.00398	0.80521
10	0.00950	0.00680	0.00803	0.00840	0.00997	0.00609	0.00615	0.01120	0.01468	0.04931	0.10683	0.25392	0.33122	0.07597	0.01022	0.00278	0.00410	0.07276	0.00625	0.00583
11	0.05041	0.12678	0.35462	0.02094	0.02891	0.01754	0.26527	0.02111	0.01458	0.02099	0.01211	0.01498	0.00907	0.00602	0.00655	0.00208	0.00984	0.00578	0.00310	0.00931
12	0.00954	0.00658	0.00787	0.00826	0.00941	0.00600	0.00564	0.01085	0.01371	0.04928	0.10235	0.32540	0.22600	0.17179	0.01352	0.00329	0.00431	0.01464	0.00598	0.00557
13	0.01687	0.04128	0.10872	0.06540	0.18763	0.08078	0.05355	0.04725	0.01588	0.10154	0.02013	0.13700	0.04695	0.00958	0.00752	0.00217	0.03607	0.00826	0.00453	0.00888
14	0.01112	0.00737	0.00954	0.00943	0.01084	0.00713	0.00696	0.01315	0.01546	0.08410	0.26298	0.26966	0.11417	0.06802	0.01064	0.00270	0.04372	0.04018	0.00647	0.00633
15	0.01996	0.02074	0.02058	0.07439	0.11429	0.24874	0.03612	0.14067	0.07039	0.02275	0.01484	0.01715	0.03424	0.00820	0.00900	0.00212	0.12682	0.00590	0.00423	0.00887
16	0.01507	0.01435	0.02343	0.31380	0.27248	0.01661	0.04557	0.04813	0.01439	0.01988	0.01186	0.01681	0.00966	0.00737	0.00946	0.00227	0.14080	0.00603	0.00327	0.00876
17	0.59792	0.01200	0.01037	0.00925	0.01300	0.01340	0.00738	0.02039	0.03576	0.10424	0.01419	0.05649	0.01201	0.06129	0.00690	0.00243	0.00527	0.00540	0.00480	0.00750
18	0.02767	0.01532	0.01798	0.01379	0.01907	0.01565	0.01139	0.38544	0.02573	0.36502	0.02099	0.01928	0.01386	0.00817	0.00673	0.00204	0.00659	0.00637	0.00746	0.01141
19	0.00859	0.00650	0.00789	0.00824	0.00957	0.00591	0.00587	0.01048	0.01518	0.02002	0.24145	0.28477	0.25860	0.05215	0.03102	0.00282	0.00407	0.01477	0.00639	0.00572
20	0.01136	0.00786	0.00964	0.00914	0.01117	0.00750	0.00686	0.01572	0.09295	0.07528	0.40197	0.14524	0.15073	0.01432	0.00780	0.00223	0.00372	0.01251	0.00706	0.00695
21	0.00859	0.00628	0.00790	0.00860	0.00952	0.00578	0.00593	0.01024	0.01449	0.01939	0.20996	0.42896	0.14363	0.07593	0.01029	0.00280	0.00384	0.01593	0.00635	0.00559
22	0.81159	0.01298	0.00986	0.00882	0.01298	0.01505	0.00727	0.01972	0.01142	0.03010	0.00934	0.01090	0.00727	0.00623	0.00415	0.00208	0.00519	0.00363	0.00415	0.00727
23	0.02506	0.03198	0.01901	0.01729	0.02074	0.73725	0.01296	0.02679	0.01901	0.01642	0.01037	0.01210	0.00864	0.00691	0.00605	0.00173	0.01210	0.00432	0.00346	0.00778
24	0.01515	0.01434	0.02429	0.19522	0.51852	0.01503	0.01915	0.01907	0.01460	0.02044	0.01360	0.04561	0.01178	0.00840	0.03455	0.00241	0.00841	0.00652	0.00337	0.00955
25	0.01334	0.01324	0.03971	0.01151	0.01296	0.12711	0.04416	0.01505	0.03851	0.01514	0.01795	0.03333	0.01916	0.48682	0.02519	0.00491	0.06415	0.00822	0.00390	0.00565
26	0.01669	0.01441	0.01517	0.01365	0.01745	0.01669	0.01062	0.03565	0.71021	0.02807	0.02731	0.02503	0.02048	0.00910	0.00683	0.00228	0.00531	0.00759	0.00683	0.01062
27	0.01581	0.01339	0.01634	0.07490	0.04977	0.01258	0.01062	0.11598	0.06259	0.02450	0.01341	0.01546	0.01074	0.00624	0.00647	0.00148	0.04543	0.00487	0.00439	0.49505
28	0.02395	0.01786	0.01955	0.01522	0.01994	0.02013	0.01256	0.60775	0.02885	0.03916	0.01571	0.01638	0.01144	0.00838	0.00800	0.00208	0.07415	0.00604	0.04203	0.01081
29	0.00860	0.00641	0.00801	0.00848	0.00970	0.00581	0.00603	0.01061	0.01559	0.02088	0.29057	0.35692	0.19275	0.01753	0.00820	0.00241	0.00353	0.01553	0.00665	0.00581
30	0.08309	0.00751	0.00925	0.00979	0.01144	0.00722	0.00739	0.01360	0.01443	0.08820	0.08126	0.38709	0.10166	0.01716	0.00802	0.00259	0.00450	0.13309	0.00631	0.00640
31	0.00853	0.00682	0.00763	0.00743	0.00943	0.00592	0.00557	0.01080	0.01672	0.02151	0.31853	0.05901	0.46695	0.01573	0.00792	0.00221	0.00331	0.01338	0.00668	0.00592
32	0.05770	0.00793	0.00948	0.00921	0.01120	0.00749	0.00687	0.03251	0.01536	0.11855	0.13666	0.21613	0.16993	0.10403	0.01088	0.00288	0.00460	0.06567	0.00632	0.00661
33	0.05419	0.01986	0.02060	0.01711	0.05388	0.10776	0.04276	0.50485	0.05369	0.03625	0.01530	0.01587	0.01117	0.00768	0.00659	0.00200	0.00800	0.00588	0.00592	0.01064
34	0.01483	0.00882	0.01181	0.01072	0.01271	0.00945	0.00824	0.05966	0.01366	0.15190	0.01988	0.02760	0.01746	0.15924	0.37209	0.00713	0.03762	0.00738	0.04269	0.00709
35	0.01702	0.26998	0.27180	0.04301	0.08275	0.01943	0.03841	0.07007	0.05690	0.05206	0.01307	0.01466	0.01006	0.00649	0.00584	0.00189	0.00822	0.00503	0.00366	0.00965
36	0.02061	0.05030	0.04960	0.07147	0.13325	0.14259	0.07637	0.25164	0.06607	0.02742	0.01412	0.01604	0.01081	0.00726	0.00709	0.00203	0.03300	0.00585	0.00465	0.00982
37	0.18165	0.01054	0.01213	0.01044	0.01410	0.01033	0.00826	0.05034	0.04025	0.32324	0.02620	0.16591	0.05077	0.01073	0.00651	0.00219	0.00505	0.00882	0.05374	0.00883
38	0.03749	0.11698	0.17056	0.03562	0.13131	0.08898	0.04655	0.02276	0.08211	0.07243	0.04591	0.01772	0.01339	0.00740	0.00732	0.00203	0.05964	0.00581	0.02679	0.00922
39	0.75280	0.01286	0.01029	0.00906	0.01329	0.01466	0.00746	0.02070	0.01200	0.08253	0.01063	0.01180	0.00797	0.00638	0.00435	0.00208	0.00523	0.00387	0.00446	0.00758
40	0.00955	0.00749	0.00863	0.00866	0.01058	0.00698	0.00656	0.03173	0.05317	0.02149	0.21531	0.16330	0.34402	0.01626	0.00804	0.00236	0.00386	0.06918	0.00655	0.00626
41	0.00914	0.00719	0.00943	0.00917	0.01081	0.00663	0.03706	0.01120	0.01496	0.01960	0.20276	0.17721	0.26774	0.09864	0.04514	0.00322	0.00497	0.05331	0.00601	0.00581
42	0.01834	0.72846	0.03436	0.01169	0.01741	0.02625	0.01155	0.05616	0.01458	0.01719	0.00969	0.01105	0.00876	0.00586	0.00443	0.00147	0.00719	0.00372	0.00307	0.00876
43	0.01032	0.00701	0.00908	0.00893	0.01054	0.00668	0.00663	0.01260	0.01544	0.06558	0.28558	0.16904	0.16592	0.04492	0.14650	0.00401	0.00639	0.01235	0.00622	0.00625
44	0.11356	0.04025	0.05065	0.05133	0.01541	0.01162	0.00932	0.09039	0.01555	0.12085	0.01995	0.12165	0.01756	0.04545	0.00869	0.02930	0.03762	0.00769	0.18544	0.00771
45	0.05007	0.01476	0.07019	0.01611	0.02083	0.01317	0.18348	0.10369	0.04691	0.05124	0.07279	0.11380	0.04240	0.00960	0.00759	0.00212	0.03206	0.02632	0.00502	0.11785
46	0.01775	0.01270	0.01493	0.01091	0.01669	0.01055	0.00883	0.10367	0.01688	0.12899	0.01460	0.01551	0.01111	0.00585	0.00545	0.00128	0.00538	0.00464	0.00496	0.58933

[dist]
# distance from previous block
# <min> <max>
0	1

[block]
# block no. 5 follows, 32 sequences, length 32
# corresponding to MSA columns:
# 959-990
name=unknown_F
#
# <colnr> <probs for GDERKNQSTAVLIFYWHMCP>
#	G	D	E	R	K	N	Q	S	T	A	V	L	I	F	Y	W	H	M	C	P
0	0.01846	0.23805	0.02433	0.08994	0.15675	0.11402	0.01368	0.07117	0.08112	0.04960	0.01590	0.01746	0.04221	0.00709	0.00591	0.00183	0.00770	0.00554	0.00410	0.03514
1	0.01983	0.08772	0.30815	0.01634	0.02352	0.04791	0.01725	0.28827	0.02137	0.06185	0.01401	0.01496	0.01008	0.00705	0.00630	0.00197	0.00843	0.00530	0.00468	0.03502
2	0.01621	0.04895	0.02426	0.16623	0.44124	0.04943	0.01805	0.02130	0.07292	0.02102	0.01343	0.01695	0.01092	0.00636	0.00646	0.00198	0.00795	0.00583	0.00357	0.04694
3	0.00867	0.00647	0.00889	0.07077	0.01278	0.00633	0.00723	0.01031	0.01355	0.01808	0.09982	0.60799	0.06598	0.01901	0.00833	0.00261	0.00423	0.01717	0.00607	0.00571
4	0.01895	0.70512	0.03353	0.01152	0.01721	0.02516	0.01135	0.02114	0.01410	0.07509	0.01076	0.01177	0.00928	0.00595	0.00451	0.00149	0.00705	0.00385	0.00332	0.00884
5	0.00941	0.00720	0.00996	0.00998	0.01149	0.00664	0.03851	0.01131	0.01358	0.01873	0.08199	0.46109	0.09135	0.02001	0.07003	0.00311	0.00540	0.01481	0.04292	0.07247
6	0.01095	0.00803	0.01092	0.01053	0.01185	0.00907	0.00795	0.06894	0.01232	0.01733	0.01841	0.02877	0.01775	0.17967	0.54572	0.00926	0.01496	0.00757	0.00394	0.00608
7	0.05121	0.01518	0.02369	0.17114	0.45446	0.01616	0.01829	0.07759	0.06438	0.02349	0.01366	0.01715	0.01091	0.00652	0.00657	0.00206	0.00780	0.00599	0.00382	0.00994
8	0.01389	0.01238	0.01255	0.01308	0.04292	0.10843	0.00974	0.06427	0.09114	0.02074	0.03090	0.14091	0.09730	0.09217	0.01064	0.00292	0.00650	0.21690	0.00559	0.00705
9	0.01622	0.01602	0.02672	0.18562	0.41584	0.04173	0.11313	0.04319	0.01550	0.02119	0.01253	0.01685	0.01012	0.00636	0.00726	0.00210	0.03049	0.00618	0.00337	0.00957
10	0.01169	0.00912	0.01060	0.01032	0.01222	0.00964	0.00763	0.04895	0.19115	0.02175	0.11277	0.19352	0.10891	0.11107	0.08550	0.00376	0.00611	0.03222	0.00600	0.00707
11	0.01680	0.02050	0.19570	0.07144	0.09785	0.01629	0.19751	0.13057	0.08166	0.04414	0.01581	0.04008	0.01221	0.00792	0.01930	0.00231	0.00903	0.00684	0.00429	0.00974
12	0.01389	0.00953	0.01075	0.01111	0.03442	0.06359	0.00795	0.01579	0.01503	0.12504	0.08899	0.24269	0.07974	0.11459	0.01127	0.00295	0.00546	0.10128	0.03921	0.00673
13	0.01571	0.22434	0.30150	0.04370	0.10671	0.03969	0.06579	0.02132	0.04671	0.01968	0.01199	0.01441	0.00949	0.00653	0.00677	0.00197	0.04606	0.00510	0.00315	0.00935
14	0.01003	0.00705	0.00837	0.00869	0.00961	0.00700	0.00581	0.01232	0.06368	0.03230	0.03241	0.28074	0.11320	0.28992	0.06438	0.00448	0.00581	0.01290	0.02575	0.00554
15	0.01658	0.05726	0.02153	0.09032	0.20403	0.08674	0.05848	0.10748	0.04517	0.02211	0.01877	0.03761	0.07204	0.01215	0.07415	0.00289	0.05277	0.00697	0.00418	0.00879
16	0.02162	0.26306	0.02408	0.01603	0.04824	0.39612	0.01264	0.05538	0.03855	0.01815	0.01196	0.01509	0.01045	0.00711	0.00571	0.00173	0.00969	0.03240	0.00363	0.00835
17	0.01125	0.00759	0.00897	0.00883	0.01014	0.00761	0.00617	0.01462	0.08827	0.05061	0.13448	0.14798	0.07751	0.26062	0.05274	0.00407	0.00552	0.02489	0.07203	0.00608
18	0.01674	0.15631	0.13179	0.14539	0.02352	0.09250	0.01393	0.06389	0.07402	0.06168	0.04230	0.05213	0.03847	0.00817	0.00621	0.00198	0.00758	0.00647	0.04835	0.00857
19	0.01128	0.00737	0.00882	0.00833	0.01045	0.00656	0.00632	0.01353	0.01655	0.10006	0.28245	0.05384	0.31257	0.07861	0.01011	0.00260	0.00401	0.05341	0.00667	0.00643
20	0.02223	0.04055	0.07332	0.05584	0.02223	0.01788	0.04127	0.37925	0.11072	0.11555	0.01851	0.01983	0.01355	0.00819	0.00676	0.00210	0.00732	0.02813	0.00615	0.01063
21	0.00869	0.00662	0.00808	0.00876	0.01017	0.00600	0.00653	0.01065	0.01507	0.01949	0.15704	0.30131	0.28236	0.01807	0.00834	0.00252	0.00394	0.11417	0.00641	0.00577
22	0.01544	0.01559	0.05444	0.14872	0.55243	0.01524	0.01974	0.01952	0.01482	0.02091	0.01371	0.05396	0.01197	0.00686	0.00674	0.00207	0.00800	0.00659	0.00339	0.00984
23	0.01478	0.01431	0.02329	0.04361	0.02388	0.01265	0.25147	0.02012	0.07386	0.02209	0.01382	0.01648	0.01089	0.00563	0.00623	0.00159	0.00738	0.00574	0.00398	0.42821
24	0.02506	0.03198	0.01901	0.01729	0.02074	0.73725	0.01296	0.02679	0.01901	0.01642	0.01037	0.01210	0.00864	0.00691	0.00605	0.00173	0.01210	0.00432	0.00346	0.00778
25	0.00804	0.00655	0.00712	0.00750	0.00927	0.00563	0.00543	0.00965	0.01478	0.01815	0.08063	0.24289	0.52517	0.01793	0.00809	0.00238	0.00352	0.01536	0.00627	0.00563
26	0.39282	0.03930	0.03540	0.01141	0.01636	0.01557	0.00973	0.18471	0.01792	0.15810	0.01427	0.01455	0.01016	0.00697	0.00535	0.00199	0.00600	0.00483	0.00543	0.04913
27	0.01044	0.00754	0.01009	0.00985	0.01086	0.00838	0.00715	0.04572	0.01148	0.01605	0.01894	0.03174	0.01906	0.28792	0.46474	0.00891	0.01359	0.00799	0.00391	0.00562
28	0.05566	0.20109	0.17126	0.01902	0.07168	0.20853	0.11144	0.05041	0.01622	0.02006	0.01126	0.01347	0.00901	0.00630	0.00595	0.00186	0.00958	0.00494	0.00334	0.00891
29	0.05816	0.11632	0.13943	0.06822	0.03912	0.19026	0.01377	0.04445	0.01669	0.07957	0.11039	0.01917	0.01700	0.00773	0.00648	0.00191	0.02362	0.00583	0.00434	0.03754
30	0.08658	0.28285	0.23138	0.01646	0.09594	0.01817	0.01542	0.02073	0.01466	0.07278	0.07422	0.01676	0.01409	0.00689	0.00565	0.00186	0.00743	0.00524	0.00382	0.00910
31	0.01680	0.07227	0.01606	0.01482	0.08923	0.16775	0.01030	0.07147	0.03736	0.06908	0.10372	0.08785	0.12617	0.05916	0.00867	0.00234	0.00685	0.02703	0.00526	0.00781

[dist]
# distance from previous block
# <min> <max>
0	6

[block]
# block no. 6 follows, 32 sequences, length 21
# corresponding to MSA columns:
# 997-1017
name=unknown_G
#
# <colnr> <probs for GDERKNQSTAVLIFYWHMCP>
#	G	D	E	R	K	N	Q	S	T	A	V	L	I	F	Y	W	H	M	C	P
0	0.01622	0.01241	0.01394	0.01325	0.05546	0.04007	0.00926	0.12610	0.15779	0.07228	0.02306	0.05220	0.05306	0.25943	0.01687	0.00364	0.05333	0.00835	0.00537	0.00792
1	0.01446	0.03576	0.03045	0.05121	0.19176	0.04810	0.01245	0.01830	0.07194	0.04390	0.06665	0.08061	0.01987	0.12842	0.04832	0.00327	0.09177	0.00798	0.00437	0.03040
2	0.00957	0.00711	0.00916	0.01009	0.05101	0.00676	0.00647	0.01125	0.01425	0.01926	0.23873	0.16600	0.14717	0.20409	0.04716	0.02315	0.00516	0.01229	0.00567	0.00567
3	0.01497	0.17335	0.09433	0.08145	0.14941	0.04115	0.01374	0.02071	0.11120	0.02127	0.09570	0.02307	0.05885	0.00805	0.00622	0.00192	0.00677	0.00665	0.03952	0.03166
4	0.01854	0.09429	0.09892	0.13148	0.08380	0.03526	0.01442	0.13305	0.10428	0.10578	0.01620	0.01767	0.01210	0.00873	0.03394	0.00229	0.00783	0.00576	0.00480	0.07087
5	0.37340	0.04576	0.08913	0.05692	0.13131	0.03976	0.01305	0.13396	0.01612	0.02825	0.01145	0.01343	0.00881	0.00654	0.00541	0.00203	0.00698	0.00469	0.00418	0.00884
6	0.01537	0.01452	0.02409	0.14050	0.42855	0.01511	0.06563	0.02113	0.09228	0.02202	0.04951	0.02207	0.01523	0.00734	0.00694	0.00213	0.00774	0.03622	0.00399	0.00963
7	0.00948	0.00709	0.00903	0.00959	0.01095	0.00665	0.00701	0.01227	0.04853	0.02034	0.17752	0.41903	0.08209	0.01749	0.00818	0.00249	0.00410	0.08889	0.00636	0.05291
8	0.02152	0.09988	0.02168	0.01578	0.04685	0.01858	0.05991	0.38141	0.08357	0.06630	0.01657	0.01828	0.01270	0.05185	0.00805	0.00220	0.00721	0.00617	0.00570	0.05579
9	0.04633	0.01587	0.04163	0.26353	0.36833	0.05795	0.01841	0.02089	0.06351	0.02079	0.01316	0.01706	0.01048	0.00651	0.00654	0.00208	0.00828	0.00587	0.00349	0.00929
10	0.00938	0.00653	0.00821	0.00884	0.00997	0.00600	0.00626	0.01104	0.01440	0.04339	0.14996	0.39750	0.16765	0.07715	0.01034	0.00284	0.00409	0.05437	0.00631	0.00577
11	0.01240	0.00674	0.00948	0.00925	0.00965	0.00685	0.00634	0.05731	0.01062	0.01417	0.01366	0.06940	0.01382	0.02209	0.02368	0.69493	0.00581	0.00673	0.00340	0.00368
12	0.06108	0.03935	0.02479	0.06543	0.18142	0.10851	0.15261	0.05434	0.04640	0.04027	0.03312	0.01710	0.01181	0.00751	0.00910	0.00218	0.12595	0.00622	0.00387	0.00894
13	0.01698	0.01447	0.02093	0.13203	0.26433	0.03598	0.03740	0.06794	0.13225	0.07108	0.01788	0.02308	0.01463	0.01011	0.04280	0.00261	0.02786	0.05350	0.00463	0.00951
14	0.06111	0.00789	0.00895	0.00859	0.00977	0.00804	0.00584	0.06363	0.01388	0.01968	0.15046	0.11788	0.06915	0.36762	0.05546	0.00466	0.00599	0.01063	0.00520	0.00557
15	0.01576	0.01292	0.01770	0.02024	0.21064	0.03558	0.04525	0.10509	0.07316	0.06616	0.08879	0.15372	0.08127	0.03304	0.00807	0.00232	0.00628	0.00981	0.00548	0.00872
16	0.05941	0.18278	0.07152	0.12848	0.15083	0.01757	0.05994	0.06584	0.07995	0.02209	0.03917	0.05309	0.01402	0.00747	0.00620	0.00199	0.00744	0.00635	0.00403	0.02183
17	0.01202	0.00908	0.01170	0.01072	0.01273	0.00927	0.03803	0.06242	0.05600	0.04302	0.18881	0.16903	0.14963	0.05517	0.01011	0.00257	0.05445	0.04557	0.05282	0.00687
18	0.01003	0.00714	0.00884	0.00951	0.01057	0.00706	0.00677	0.02551	0.07079	0.01906	0.07327	0.40215	0.08490	0.07443	0.01130	0.05636	0.00449	0.07082	0.04111	0.00588
19	0.13171	0.06911	0.01603	0.03443	0.06720	0.09602	0.03629	0.01679	0.01372	0.03993	0.02172	0.22136	0.05134	0.01419	0.04998	0.00279	0.07739	0.02827	0.00454	0.00720
20	0.05875	0.01226	0.01441	0.01541	0.11512	0.03252	0.01023	0.13846	0.09365	0.04460	0.03918	0.14405	0.12582	0.07790	0.00985	0.00263	0.02149	0.02995	0.00559	0.00814

[dist]
# distance from previous block
# <min> <max>
9	24

[block]
# block no. 7 follows, 32 sequences, length 23
# corresponding to MSA columns:
# 1042-1064
name=unknown_H
#
# <colnr> <probs for GDERKNQSTAVLIFYWHMCP>
#	G	D	E	R	K	N	Q	S	T	A	V	L	I	F	Y	W	H	M	C	P
0	0.09988	0.03405	0.09964	0.02899	0.01790	0.05856	0.04704	0.08409	0.05261	0.02265	0.03859	0.05472	0.09669	0.05538	0.04310	0.00276	0.05783	0.02251	0.00457	0.07846
1	0.01685	0.06563	0.06722	0.08115	0.07611	0.08806	0.13087	0.07091	0.07816	0.03842	0.03194	0.03304	0.01328	0.03511	0.00888	0.00221	0.07096	0.00645	0.00415	0.08059
2	0.09782	0.07486	0.15457	0.01475	0.01996	0.10110	0.04904	0.08774	0.05017	0.06464	0.05963	0.01867	0.03622	0.00784	0.00733	0.00199	0.06398	0.00587	0.00447	0.07938
3	0.01633	0.24681	0.09016	0.01516	0.01999	0.09967	0.10785	0.04143	0.07101	0.02030	0.08047	0.08182	0.01807	0.00847	0.00673	0.00194	0.03007	0.00700	0.00418	0.03253
4	0.01884	0.22997	0.10115	0.01557	0.02120	0.06117	0.12825	0.04703	0.04828	0.13936	0.01664	0.07334	0.01370	0.00768	0.00622	0.00191	0.00777	0.00653	0.00455	0.05083
5	0.01916	0.04700	0.08154	0.01782	0.10642	0.16982	0.01350	0.10835	0.10636	0.07322	0.01929	0.04335	0.04788	0.00866	0.00724	0.00203	0.04010	0.03039	0.00487	0.05299
6	0.01063	0.00768	0.00933	0.00868	0.00950	0.00780	0.00570	0.01116	0.01033	0.01443	0.01849	0.03560	0.02031	0.51851	0.09990	0.04778	0.05300	0.00838	0.00388	0.09892
7	0.01012	0.00896	0.03764	0.01124	0.01275	0.00858	0.04966	0.01220	0.01317	0.01801	0.11270	0.22183	0.08792	0.14660	0.11348	0.00434	0.06740	0.05233	0.00508	0.00599
8	0.01624	0.10016	0.23243	0.02261	0.08546	0.04312	0.25559	0.02255	0.06401	0.04379	0.01370	0.01638	0.01040	0.00651	0.00736	0.00212	0.03836	0.00619	0.00356	0.00946
9	0.01922	0.06218	0.06649	0.05989	0.36724	0.07527	0.01743	0.13346	0.01806	0.06710	0.01345	0.01604	0.01057	0.00681	0.00707	0.00200	0.03776	0.00570	0.00411	0.01015
10	0.01166	0.00583	0.00874	0.00874	0.00874	0.00583	0.00583	0.00874	0.00874	0.01166	0.01166	0.02040	0.01166	0.02331	0.02622	0.80478	0.00583	0.00583	0.00291	0.00291
11	0.01605	0.05024	0.02664	0.20200	0.45060	0.01647	0.07263	0.04685	0.01546	0.02130	0.01252	0.01673	0.01014	0.00619	0.00665	0.00205	0.00840	0.00602	0.00336	0.00970
12	0.81159	0.01298	0.00986	0.00882	0.01298	0.01505	0.00727	0.01972	0.01142	0.03010	0.00934	0.01090	0.00727	0.00623	0.00415	0.00208	0.00519	0.00363	0.00415	0.00727
13	0.00818	0.00584	0.00779	0.00934	0.00973	0.00545	0.00623	0.00934	0.01285	0.01713	0.03698	0.75981	0.04438	0.02102	0.00856	0.00273	0.00389	0.01908	0.00623	0.00545
14	0.12585	0.09068	0.01844	0.01303	0.01778	0.01761	0.01084	0.38313	0.02382	0.12422	0.04980	0.06281	0.01569	0.00867	0.00631	0.00202	0.00645	0.00665	0.00620	0.00999
15	0.00857	0.00618	0.00805	0.00939	0.01004	0.00581	0.00657	0.00995	0.01316	0.01731	0.03823	0.57896	0.09450	0.06584	0.01017	0.00297	0.00429	0.09845	0.00609	0.00547
16	0.00959	0.00719	0.01078	0.01078	0.01198	0.00839	0.00839	0.01198	0.01078	0.01558	0.01797	0.02636	0.01677	0.05032	0.73760	0.01078	0.01797	0.00719	0.00359	0.00599
17	0.01552	0.08414	0.02616	0.21515	0.38814	0.01713	0.05180	0.01931	0.01423	0.01960	0.01184	0.01629	0.00983	0.00665	0.00790	0.00210	0.07595	0.00584	0.00316	0.00926
18	0.20303	0.12491	0.02025	0.01812	0.16196	0.05697	0.04833	0.02046	0.01508	0.09202	0.12061	0.01988	0.01797	0.00775	0.00674	0.00200	0.04472	0.00610	0.00455	0.00855
