[name]
unknown

[dist]
# distance from previous block
# <min> <max>
0	45

[block]
# block no. 0 follows, 28 sequences, length 13
# corresponding to MSA columns:
# 45-57
name=unknown_A
#
# <colnr> <probs for GDERKNQSTAVLIFYWHMCP>
#	G	D	E	R	K	N	Q	S	T	A	V	L	I	F	Y	W	H	M	C	P
0	0.01753	0.08851	0.05221	0.01653	0.07356	0.01286	0.07388	0.02167	0.05655	0.16496	0.03097	0.19195	0.08490	0.01312	0.00794	0.00248	0.00669	0.06846	0.00616	0.00910
1	0.01012	0.01116	0.08892	0.00994	0.01312	0.00806	0.00879	0.01380	0.04358	0.02231	0.18145	0.09931	0.40494	0.01639	0.00844	0.00247	0.00468	0.03890	0.00659	0.00703
2	0.01833	0.05687	0.15835	0.12415	0.21825	0.05149	0.04197	0.09201	0.01824	0.05354	0.05449	0.01947	0.01425	0.00780	0.00784	0.00225	0.03959	0.00655	0.00430	0.01027
3	0.04608	0.05838	0.35598	0.02126	0.08186	0.01878	0.05782	0.12592	0.07307	0.02704	0.01480	0.01685	0.01103	0.00766	0.00794	0.00231	0.05224	0.00600	0.00422	0.01074
4	0.01057	0.00705	0.00793	0.00793	0.00793	0.00705	0.00440	0.01057	0.01057	0.01409	0.02290	0.04757	0.02643	0.74454	0.03700	0.00705	0.00705	0.01057	0.00440	0.00440
5	0.01188	0.00997	0.01404	0.01402	0.04425	0.00969	0.06815	0.01678	0.08972	0.02273	0.10710	0.12697	0.21786	0.01646	0.00889	0.00274	0.00578	0.19896	0.00652	0.00748
6	0.10262	0.02021	0.07413	0.01618	0.02195	0.08047	0.04582	0.31077	0.02500	0.18202	0.01877	0.03815	0.01356	0.00860	0.00703	0.00222	0.00815	0.00669	0.00653	0.01113
7	0.00901	0.00652	0.00837	0.00968	0.01034	0.00604	0.00650	0.01037	0.01432	0.01895	0.07648	0.59966	0.10905	0.06476	0.01082	0.00311	0.00429	0.01917	0.00667	0.00589
8	0.01964	0.01527	0.01648	0.01459	0.01886	0.01729	0.01142	0.03828	0.61473	0.10265	0.02949	0.02687	0.02174	0.00977	0.00739	0.00244	0.00580	0.00812	0.00757	0.01160
9	0.09120	0.02331	0.08258	0.02565	0.16568	0.16078	0.16152	0.15287	0.02052	0.02753	0.01378	0.01647	0.01062	0.00711	0.00712	0.00219	0.01012	0.00627	0.00441	0.01028
10	0.01793	0.01024	0.01114	0.00988	0.01279	0.01060	0.00784	0.13869	0.05063	0.09131	0.02414	0.02825	0.01892	0.00929	0.00607	0.00196	0.00477	0.04329	0.49375	0.00851
11	0.01954	0.20700	0.08468	0.07229	0.04732	0.07789	0.01456	0.10394	0.22708	0.02575	0.01783	0.01854	0.01384	0.00788	0.00649	0.00208	0.00798	0.00605	0.00505	0.03422
12	0.01610	0.10529	0.02074	0.20029	0.08499	0.04974	0.01376	0.07165	0.01634	0.02179	0.01593	0.07623	0.01448	0.03066	0.07108	0.00296	0.00889	0.00698	0.00419	0.16790

[dist]
# distance from previous block
# <min> <max>
0	1

[block]
# block no. 1 follows, 28 sequences, length 27
# corresponding to MSA columns:
# 59-85
name=unknown_B
#
# <colnr> <probs for GDERKNQSTAVLIFYWHMCP>
#	G	D	E	R	K	N	Q	S	T	A	V	L	I	F	Y	W	H	M	C	P
0	0.04873	0.01897	0.08098	0.08664	0.21029	0.03457	0.09242	0.15761	0.04098	0.13166	0.01703	0.01894	0.01242	0.00752	0.00727	0.00225	0.00873	0.00669	0.00525	0.01106
1	0.01597	0.01219	0.01466	0.01469	0.06546	0.01292	0.01045	0.04783	0.29158	0.07342	0.21407	0.09567	0.05841	0.01252	0.00796	0.00243	0.00526	0.02768	0.00729	0.00954
2	0.03206	0.01326	0.01742	0.01336	0.01900	0.01201	0.01103	0.10670	0.02230	0.63085	0.02743	0.02393	0.01737	0.00897	0.00731	0.00224	0.00639	0.00722	0.00880	0.01237
3	0.01495	0.02074	0.20358	0.36295	0.10665	0.01680	0.10931	0.02129	0.03393	0.02120	0.01373	0.01844	0.01027	0.00701	0.00735	0.00237	0.01009	0.00651	0.00340	0.00943
4	0.01793	0.08963	0.09599	0.08282	0.33983	0.01900	0.07676	0.06487	0.06164	0.02416	0.01440	0.01783	0.01157	0.00720	0.00790	0.00223	0.04517	0.00641	0.00395	0.01070
5	0.01045	0.00755	0.01045	0.01045	0.01132	0.00842	0.00755	0.01219	0.01132	0.01596	0.02060	0.03479	0.02088	0.28080	0.49315	0.01016	0.01540	0.00870	0.00406	0.00581
6	0.00886	0.00633	0.00843	0.01012	0.01054	0.00590	0.00675	0.01012	0.01392	0.01856	0.04006	0.73979	0.04808	0.02277	0.00928	0.00295	0.00422	0.02066	0.00675	0.00590
7	0.02104	0.02006	0.07140	0.18620	0.11632	0.10009	0.13210	0.13512	0.02008	0.10337	0.01571	0.01852	0.01149	0.00742	0.00738	0.00226	0.00979	0.00666	0.00475	0.01025
8	0.04129	0.08775	0.09728	0.35888	0.09933	0.13098	0.01869	0.02207	0.01597	0.04355	0.01293	0.01704	0.00996	0.00714	0.00678	0.00220	0.00984	0.00577	0.00356	0.00900
9	0.02650	0.03298	0.02075	0.01867	0.02227	0.64752	0.01415	0.05313	0.02056	0.01885	0.01137	0.01344	0.00949	0.00785	0.00761	0.00196	0.05565	0.00485	0.00385	0.00855
10	0.10129	0.04231	0.02494	0.14935	0.04717	0.17644	0.13284	0.02200	0.01536	0.02056	0.01165	0.01606	0.00967	0.00837	0.01110	0.00244	0.19029	0.00607	0.00356	0.00854
11	0.22315	0.00839	0.00980	0.00949	0.01070	0.00900	0.00673	0.01267	0.01025	0.01800	0.01195	0.01933	0.01135	0.02028	0.02198	0.57718	0.00613	0.00567	0.00352	0.00442
12	0.02323	0.06744	0.08930	0.11322	0.05102	0.22969	0.01589	0.16962	0.02133	0.08987	0.01485	0.01679	0.01118	0.00902	0.02497	0.00236	0.02962	0.00579	0.00484	0.00996
13	0.00928	0.00694	0.00866	0.00944	0.01070	0.00632	0.00677	0.01129	0.01621	0.02140	0.19652	0.38884	0.20507	0.01980	0.00900	0.00271	0.00405	0.05375	0.00703	0.00622
14	0.02226	0.25559	0.16489	0.01698	0.02311	0.29292	0.01611	0.08903	0.01906	0.02139	0.01186	0.01354	0.00962	0.00710	0.00611	0.00189	0.01047	0.00476	0.00376	0.00956
15	0.01116	0.00903	0.01424	0.01330	0.01488	0.01052	0.04904	0.01389	0.01197	0.01730	0.01853	0.02718	0.01717	0.04885	0.62754	0.01057	0.06647	0.00774	0.00383	0.00678
16	0.03261	0.01237	0.01687	0.01293	0.01856	0.01068	0.01068	0.03543	0.02081	0.70423	0.02868	0.02474	0.01799	0.00900	0.00731	0.00225	0.00619	0.00731	0.00900	0.01237
17	0.00884	0.00640	0.00836	0.00993	0.01049	0.00592	0.00666	0.01014	0.01410	0.01863	0.04240	0.69319	0.09317	0.02247	0.00923	0.00292	0.00418	0.02029	0.00675	0.00592
18	0.02618	0.12441	0.02280	0.01794	0.02199	0.62907	0.01384	0.02811	0.01987	0.01770	0.01109	0.01293	0.00936	0.00733	0.00632	0.00183	0.01244	0.00458	0.00367	0.00854
19	0.01962	0.55584	0.15072	0.01420	0.02104	0.06030	0.01490	0.02300	0.01545	0.05120	0.01156	0.01299	0.00973	0.00653	0.00527	0.00173	0.00847	0.00435	0.00342	0.00967
20	0.01027	0.00728	0.00962	0.00984	0.01046	0.00778	0.00674	0.01156	0.01148	0.01587	0.02362	0.12835	0.02563	0.35243	0.32782	0.00853	0.01207	0.01066	0.00448	0.00550
21	0.01038	0.00779	0.01168	0.01168	0.01298	0.00909	0.00909	0.01298	0.01168	0.01687	0.01947	0.02856	0.01817	0.05452	0.71573	0.01168	0.01947	0.00779	0.00389	0.00649
22	0.01980	0.60707	0.03415	0.01317	0.01895	0.07519	0.01243	0.02439	0.09954	0.01882	0.01263	0.01370	0.01095	0.00677	0.00514	0.00169	0.00789	0.00449	0.00369	0.00954
23	0.01990	0.01960	0.02544	0.11685	0.19383	0.11815	0.10455	0.11556	0.13413	0.02611	0.01646	0.01910	0.01278	0.00781	0.00799	0.00229	0.03754	0.00680	0.00472	0.01038
24	0.06012	0.02152	0.29923	0.06447	0.02303	0.01342	0.01663	0.06248	0.01701	0.02545	0.14689	0.02847	0.02388	0.04703	0.04414	0.00299	0.00842	0.03111	0.05490	0.00883
25	0.09210	0.06911	0.13125	0.01350	0.01739	0.03842	0.01249	0.01843	0.05464	0.02253	0.09399	0.12238	0.11943	0.01241	0.00980	0.00243	0.11821	0.00960	0.00507	0.03682
26	0.46711	0.01954	0.05544	0.01291	0.01779	0.13414	0.01094	0.08504	0.06152	0.05687	0.01319	0.01429	0.00997	0.00736	0.00555	0.00220	0.00743	0.00481	0.00491	0.00897

[dist]
# distance from previous block
# <min> <max>
4	17

[block]
# block no. 2 follows, 28 sequences, length 15
# corresponding to MSA columns:
# 107-121
name=unknown_C
#
# <colnr> <probs for GDERKNQSTAVLIFYWHMCP>
#	G	D	E	R	K	N	Q	S	T	A	V	L	I	F	Y	W	H	M	C	P
0	0.01071	0.00811	0.01167	0.01128	0.01300	0.00884	0.00876	0.01346	0.01309	0.01897	0.10780	0.03098	0.02427	0.04581	0.57228	0.00969	0.01636	0.00824	0.00446	0.06221
1	0.02020	0.08007	0.01887	0.01291	0.01869	0.05944	0.01058	0.17707	0.02068	0.07675	0.05359	0.01814	0.01474	0.00719	0.00616	0.00159	0.00666	0.00554	0.00542	0.38572
2	0.01837	0.06235	0.11924	0.06083	0.12368	0.06397	0.08509	0.02270	0.01644	0.08783	0.01447	0.01685	0.01114	0.00649	0.00653	0.00183	0.00834	0.00564	0.00424	0.26398
3	0.04086	0.05111	0.41039	0.05288	0.12535	0.01718	0.08987	0.04324	0.01614	0.02386	0.01325	0.01615	0.00989	0.00673	0.00691	0.00220	0.00991	0.00579	0.00346	0.05483
4	0.00886	0.00633	0.00843	0.01012	0.01054	0.00590	0.00675	0.01012	0.01392	0.01856	0.04006	0.73979	0.04808	0.02277	0.00928	0.00295	0.00422	0.02066	0.00675	0.00590
5	0.01247	0.01040	0.01093	0.01040	0.01259	0.05866	0.00780	0.04243	0.07225	0.02561	0.32756	0.12325	0.16500	0.01677	0.04046	0.00278	0.00535	0.01263	0.03536	0.00731
6	0.05423	0.07702	0.15049	0.02140	0.09771	0.06635	0.12315	0.07824	0.01864	0.18939	0.01692	0.01821	0.01211	0.00759	0.00768	0.00223	0.03642	0.00639	0.00511	0.01070
7	0.01015	0.00773	0.00946	0.01011	0.01146	0.00751	0.00715	0.01411	0.09191	0.02214	0.17293	0.43745	0.13209	0.01918	0.00884	0.00270	0.00417	0.01708	0.00707	0.00676
8	0.01042	0.00713	0.00862	0.00874	0.00899	0.00732	0.00538	0.01096	0.01100	0.01489	0.02351	0.09297	0.02651	0.57368	0.15315	0.00757	0.00901	0.01080	0.00448	0.00487
9	0.04406	0.15155	0.30790	0.04481	0.09004	0.10637	0.04956	0.02256	0.01588	0.02130	0.01364	0.01812	0.01120	0.00931	0.03630	0.00255	0.01040	0.03125	0.00347	0.00971
10	0.01722	0.04268	0.02546	0.16283	0.23296	0.10293	0.07313	0.02068	0.01542	0.02019	0.01429	0.06881	0.01302	0.00908	0.01051	0.00243	0.14817	0.00734	0.00368	0.00917
11	0.01158	0.00971	0.01232	0.01219	0.01366	0.05960	0.00944	0.01413	0.01232	0.01694	0.01888	0.02745	0.01754	0.05115	0.66501	0.01098	0.01902	0.00757	0.00388	0.00663
12	0.02489	0.01598	0.01956	0.06595	0.02250	0.05368	0.05927	0.19291	0.09729	0.25760	0.04846	0.02308	0.01748	0.00881	0.00726	0.00223	0.00737	0.00730	0.05741	0.01099
13	0.02272	0.10175	0.04625	0.01492	0.01984	0.14012	0.01247	0.22375	0.09825	0.09522	0.04900	0.05024	0.05553	0.00957	0.00702	0.00212	0.00790	0.00740	0.00612	0.02979
14	0.08770	0.13462	0.17330	0.01768	0.06584	0.05945	0.05514	0.02513	0.13806	0.05008	0.06030	0.04471	0.01724	0.00837	0.00669	0.00217	0.00798	0.00682	0.00481	0.03393

[dist]
# distance from previous block
# <min> <max>
0	12

[block]
# block no. 3 follows, 28 sequences, length 13
# corresponding to MSA columns:
# 134-146
name=unknown_D
#
# <colnr> <probs for GDERKNQSTAVLIFYWHMCP>
#	G	D	E	R	K	N	Q	S	T	A	V	L	I	F	Y	W	H	M	C	P
0	0.22394	0.06594	0.08301	0.03671	0.02094	0.09252	0.04253	0.08299	0.11753	0.06717	0.03770	0.01799	0.01372	0.00774	0.00626	0.00213	0.00765	0.00582	0.00516	0.06253
1	0.06545	0.01596	0.11318	0.04964	0.06140	0.01359	0.03968	0.12874	0.04443	0.05119	0.15155	0.07473	0.04379	0.01396	0.04559	0.05614	0.00760	0.00888	0.00565	0.00887
2	0.00977	0.00735	0.00844	0.00882	0.01051	0.00664	0.00660	0.01114	0.01507	0.01862	0.05401	0.09768	0.40587	0.10420	0.01412	0.08001	0.00488	0.12442	0.00612	0.00573
3	0.05728	0.44599	0.07549	0.01336	0.01906	0.04725	0.01275	0.06291	0.10725	0.02224	0.01487	0.03755	0.01273	0.00758	0.00556	0.00186	0.00751	0.00539	0.03377	0.00960
4	0.01625	0.01266	0.01392	0.01216	0.01579	0.01315	0.00942	0.10352	0.25375	0.04914	0.07187	0.03785	0.12686	0.09811	0.01103	0.00284	0.00575	0.04169	0.00663	0.09761
5	0.01778	0.35401	0.30522	0.01705	0.02503	0.02266	0.05242	0.06054	0.04332	0.02198	0.01273	0.01451	0.01006	0.00678	0.00603	0.00197	0.00913	0.00505	0.00353	0.01018
6	0.56119	0.06458	0.01456	0.01108	0.01592	0.01755	0.00925	0.09940	0.04762	0.08196	0.01325	0.01412	0.00991	0.00725	0.00518	0.00220	0.00609	0.00469	0.00519	0.00899
7	0.00941	0.00682	0.00873	0.01005	0.01085	0.00641	0.00709	0.01092	0.01430	0.01870	0.04208	0.49423	0.12201	0.09525	0.01213	0.00337	0.00480	0.11047	0.00650	0.00589
8	0.00951	0.00750	0.00864	0.00865	0.01078	0.00663	0.00669	0.01204	0.01788	0.02295	0.26943	0.06635	0.41658	0.01747	0.00876	0.00251	0.00396	0.09010	0.00715	0.00643
9	0.01747	0.05069	0.06927	0.21654	0.29023	0.01729	0.12148	0.02284	0.03989	0.06236	0.01488	0.01888	0.01148	0.00691	0.00731	0.00227	0.00932	0.00673	0.00391	0.01025
10	0.01019	0.00713	0.00911	0.00943	0.00989	0.00742	0.00621	0.01119	0.01152	0.01574	0.02514	0.17248	0.02811	0.40823	0.22881	0.00762	0.01012	0.01166	0.00470	0.00529
11	0.00921	0.00739	0.00822	0.00801	0.01020	0.00640	0.00601	0.01163	0.01803	0.02310	0.29988	0.06426	0.46784	0.01712	0.00858	0.00239	0.00359	0.01454	0.00721	0.00640
12	0.15177	0.10349	0.23331	0.01802	0.05841	0.06887	0.04671	0.12694	0.05007	0.02781	0.01409	0.01585	0.01068	0.00728	0.00633	0.00215	0.00873	0.00549	0.03393	0.01007

[dist]
# distance from previous block
# <min> <max>
0	1

[block]
# block no. 4 follows, 28 sequences, length 7
# corresponding to MSA columns:
# 148-154
name=unknown_E
#
# <colnr> <probs for GDERKNQSTAVLIFYWHMCP>
#	G	D	E	R	K	N	Q	S	T	A	V	L	I	F	Y	W	H	M	C	P
0	0.02027	0.59823	0.07970	0.01370	0.02005	0.06208	0.01360	0.08301	0.01691	0.02020	0.01104	0.01252	0.00960	0.00656	0.00515	0.00168	0.00826	0.00427	0.00353	0.00966
1	0.00936	0.00637	0.00826	0.00976	0.01032	0.00600	0.00657	0.01085	0.01406	0.01948	0.03831	0.66313	0.04491	0.02123	0.00883	0.00282	0.00413	0.01917	0.09046	0.00600
2	0.55933	0.06006	0.01632	0.01250	0.01697	0.01833	0.04749	0.08235	0.01472	0.03096	0.01102	0.01316	0.00872	0.00742	0.00680	0.00230	0.07389	0.00467	0.00450	0.00850
3	0.00987	0.00732	0.01017	0.01057	0.01167	0.00781	0.00779	0.01192	0.01295	0.01787	0.05999	0.21417	0.08016	0.09127	0.40237	0.00801	0.01279	0.01206	0.00506	0.00618
4	0.02378	0.02392	0.09430	0.02103	0.07502	0.18278	0.10635	0.19680	0.07692	0.10169	0.01707	0.01812	0.01249	0.00784	0.00725	0.00219	0.00974	0.00648	0.00544	0.01078
5	0.00988	0.00777	0.00927	0.00932	0.01141	0.00665	0.00669	0.01181	0.01543	0.02055	0.09903	0.36880	0.23749	0.01806	0.00840	0.00245	0.00418	0.01586	0.00646	0.13046
6	0.01564	0.19270	0.56105	0.01891	0.02867	0.01947	0.02371	0.02275	0.01522	0.02173	0.01240	0.01454	0.00923	0.00676	0.00642	0.00214	0.01010	0.00505	0.00308	0.01043

[dist]
# distance from previous block
# <min> <max>
0	1

[block]
# block no. 5 follows, 28 sequences, length 73
# corresponding to MSA columns:
# 156-228
name=unknown_F
#
# <colnr> <probs for GDERKNQSTAVLIFYWHMCP>
#	G	D	E	R	K	N	Q	S	T	A	V	L	I	F	Y	W	H	M	C	P
0	0.01978	0.65069	0.03582	0.01331	0.01896	0.07849	0.01277	0.02203	0.01497	0.01718	0.01015	0.01203	0.00934	0.00672	0.00601	0.00168	0.05363	0.00410	0.00316	0.00918
1	0.01200	0.00877	0.01077	0.01008	0.01287	0.00735	0.00737	0.01410	0.01525	0.05761	0.06466	0.37507	0.11562	0.01601	0.00791	0.00227	0.00457	0.01413	0.00620	0.23738
2	0.01793	0.00960	0.01237	0.01093	0.01403	0.00889	0.00855	0.02220	0.07051	0.24576	0.31160	0.09771	0.08731	0.01363	0.00819	0.00239	0.00470	0.03678	0.00805	0.00887
3	0.01820	0.01505	0.01609	0.01442	0.01846	0.01720	0.01122	0.03716	0.62544	0.05543	0.06542	0.02850	0.02453	0.01010	0.00746	0.00245	0.00564	0.00845	0.00749	0.01129
4	0.00876	0.00671	0.00803	0.00909	0.01027	0.00599	0.00629	0.01024	0.01491	0.01896	0.05264	0.48898	0.29078	0.02114	0.00902	0.00277	0.00402	0.01867	0.00675	0.00599
5	0.01401	0.00737	0.00753	0.00729	0.00916	0.00744	0.00552	0.04455	0.01625	0.02797	0.04998	0.02777	0.02034	0.00873	0.00531	0.00174	0.00358	0.00702	0.72142	0.00701
6	0.00897	0.00641	0.00857	0.01026	0.01073	0.00601	0.00695	0.01032	0.01403	0.01869	0.04000	0.71283	0.04782	0.02266	0.00931	0.00297	0.00432	0.04647	0.00675	0.00594
7	0.02935	0.01225	0.01625	0.01268	0.01781	0.01096	0.01039	0.07461	0.02165	0.57217	0.11562	0.02815	0.02428	0.00975	0.00747	0.00225	0.00594	0.00803	0.00875	0.01165
8	0.01714	0.07919	0.07674	0.05747	0.16882	0.05008	0.13011	0.02078	0.01446	0.02023	0.01182	0.01663	0.01017	0.00886	0.01347	0.00255	0.28233	0.00642	0.00337	0.00936
9	0.01038	0.05946	0.01113	0.01046	0.01176	0.00836	0.00766	0.01279	0.04149	0.01961	0.06731	0.48127	0.09437	0.05056	0.01004	0.00298	0.00483	0.08264	0.00647	0.00645
10	0.00939	0.00672	0.00903	0.01057	0.01127	0.00635	0.00753	0.01112	0.01478	0.01972	0.08100	0.59348	0.04839	0.02185	0.00935	0.00297	0.00456	0.11900	0.00682	0.00609
11	0.25225	0.08570	0.02077	0.01810	0.10114	0.08923	0.05717	0.04713	0.01521	0.02529	0.01257	0.01571	0.01039	0.00798	0.00882	0.00225	0.13175	0.00544	0.08436	0.00872
12	0.01182	0.00695	0.00838	0.00840	0.00978	0.00691	0.00617	0.01377	0.01453	0.02239	0.10785	0.07256	0.09494	0.01999	0.10639	0.13033	0.00612	0.00923	0.33742	0.00605
13	0.01754	0.08850	0.15316	0.02836	0.30067	0.06837	0.04479	0.02441	0.10835	0.02321	0.01905	0.02115	0.05521	0.00781	0.00703	0.00218	0.00871	0.00678	0.00419	0.01054
14	0.08065	0.09827	0.05412	0.08405	0.14380	0.21930	0.01606	0.12973	0.01951	0.02474	0.01260	0.01526	0.01015	0.00761	0.00760	0.00212	0.05510	0.00546	0.00417	0.00971
15	0.00924	0.00652	0.00848	0.00991	0.01031	0.00618	0.00658	0.01039	0.01350	0.01798	0.03731	0.60534	0.04444	0.13576	0.01365	0.00361	0.00476	0.04396	0.00638	0.00570
16	0.01753	0.02058	0.17957	0.01790	0.02348	0.01718	0.08648	0.05085	0.30514	0.06308	0.02271	0.06574	0.01798	0.00971	0.00885	0.00249	0.06635	0.00810	0.00569	0.01059
17	0.02090	0.28107	0.14715	0.01812	0.09117	0.10498	0.01568	0.02563	0.05882	0.12216	0.01611	0.04023	0.01292	0.00771	0.00627	0.00199	0.00855	0.00585	0.00450	0.01017
18	0.08966	0.10163	0.01805	0.01249	0.04246	0.01386	0.00980	0.08114	0.01662	0.02583	0.01405	0.03680	0.01195	0.00662	0.00556	0.00147	0.00594	0.00511	0.03790	0.46305
19	0.00875	0.00719	0.00770	0.00796	0.01001	0.00614	0.00582	0.01059	0.01637	0.02007	0.10869	0.18486	0.54281	0.01893	0.00871	0.00253	0.00376	0.01612	0.00683	0.00614
20	0.02050	0.01796	0.04447	0.04234	0.09062	0.04540	0.01395	0.24656	0.25808	0.03250	0.02228	0.06654	0.01788	0.01132	0.03381	0.00268	0.00782	0.00794	0.00635	0.01099
21	0.04628	0.01902	0.16699	0.33442	0.15666	0.01618	0.03917	0.04582	0.01579	0.02221	0.01491	0.06319	0.01240	0.00803	0.00723	0.00237	0.00922	0.00709	0.00371	0.00933
22	0.04827	0.25616	0.33779	0.01779	0.05292	0.05040	0.01903	0.06321	0.01630	0.02239	0.01267	0.01563	0.01026	0.03957	0.00747	0.00224	0.00929	0.00517	0.00351	0.00994
23	0.01811	0.08228	0.10093	0.02612	0.03324	0.06302	0.45820	0.04478	0.05566	0.02352	0.01489	0.01851	0.01129	0.00659	0.00786	0.00232	0.01129	0.00756	0.00390	0.00994
24	0.01057	0.00705	0.00793	0.00793	0.00793	0.00705	0.00440	0.01057	0.01057	0.01409	0.02290	0.04757	0.02643	0.74454	0.03700	0.00705	0.00705	0.01057	0.00440	0.00440
25	0.00977	0.00714	0.00903	0.00996	0.01099	0.00672	0.00692	0.03689	0.01590	0.02120	0.13260	0.54828	0.11613	0.02068	0.00903	0.00278	0.00420	0.01853	0.00694	0.00631
26	0.07666	0.11598	0.07925	0.01599	0.02125	0.04374	0.03831	0.30716	0.02310	0.05159	0.01598	0.03969	0.01281	0.01241	0.06568	0.00298	0.05520	0.00648	0.00542	0.01032
27	0.10112	0.01763	0.01811	0.04356	0.04298	0.12679	0.03130	0.09447	0.15415	0.14477	0.02101	0.02247	0.03172	0.04157	0.03554	0.00285	0.04725	0.00693	0.00589	0.00989
28	0.01218	0.00634	0.00932	0.00949	0.00953	0.00630	0.00630	0.00957	0.00995	0.01327	0.01570	0.09476	0.01661	0.04753	0.02676	0.68537	0.00613	0.00788	0.00356	0.00347
29	0.01595	0.04037	0.01713	0.01530	0.05841	0.01370	0.03669	0.06629	0.03985	0.08216	0.04047	0.02911	0.01909	0.19760	0.17837	0.00568	0.12298	0.00809	0.00482	0.00793
30	0.05319	0.14987	0.07038	0.01559	0.02034	0.09759	0.07429	0.09251	0.01865	0.06644	0.02464	0.05528	0.06908	0.01131	0.00746	0.00237	0.00821	0.14861	0.00528	0.00891
31	0.01632	0.01849	0.07930	0.02250	0.05537	0.08602	0.30173	0.02066	0.01685	0.04618	0.05794	0.15588	0.04478	0.01064	0.00875	0.00247	0.03211	0.01046	0.00472	0.00883
32	0.44270	0.01405	0.01331	0.04162	0.08751	0.05217	0.00998	0.02098	0.04062	0.02793	0.01491	0.02041	0.01279	0.05968	0.00770	0.00256	0.00642	0.03177	0.08486	0.00803
33	0.01355	0.00678	0.00678	0.00678	0.00847	0.00678	0.00508	0.01694	0.01524	0.02710	0.02371	0.02710	0.01863	0.00847	0.00508	0.00169	0.00339	0.00678	0.78489	0.00678
34	0.02184	0.14591	0.04982	0.05972	0.02200	0.07580	0.01341	0.32838	0.02418	0.03146	0.01787	0.01964	0.03909	0.01280	0.07475	0.00297	0.00934	0.00636	0.03450	0.01017
35	0.02028	0.04920	0.01996	0.01643	0.02047	0.12407	0.03454	0.10223	0.40236	0.02816	0.02233	0.02203	0.01711	0.00938	0.00875	0.00238	0.07636	0.00717	0.00614	0.01065
36	0.00896	0.00671	0.00814	0.00915	0.01016	0.00609	0.00624	0.01038	0.01468	0.01894	0.07285	0.47468	0.23186	0.07216	0.01101	0.00307	0.00424	0.01816	0.00663	0.00590
37	0.01868	0.05215	0.25529	0.04559	0.12537	0.08808	0.04461	0.07212	0.01778	0.06935	0.01517	0.04072	0.01198	0.00748	0.00685	0.00208	0.00919	0.00617	0.00424	0.10710
38	0.01802	0.35621	0.13662	0.01995	0.04843	0.04327	0.17619	0.02218	0.01535	0.01977	0.01177	0.01477	0.00982	0.00691	0.00776	0.00206	0.07248	0.00558	0.00328	0.00958
39	0.01070	0.00804	0.01030	0.01142	0.01335	0.00764	0.00970	0.01355	0.01668	0.02106	0.04994	0.07807	0.25501	0.01954	0.00957	0.00306	0.00571	0.44344	0.00671	0.00651
40	0.01666	0.01605	0.02799	0.29482	0.35369	0.01718	0.10013	0.04488	0.01652	0.02258	0.01366	0.01868	0.01081	0.00681	0.00739	0.00229	0.00944	0.00673	0.00361	0.01006
41	0.04191	0.08113	0.09942	0.04487	0.06746	0.11362	0.01448	0.08027	0.08114	0.10286	0.06333	0.02381	0.06560	0.00948	0.00862	0.00227	0.07759	0.00713	0.00529	0.00972
42	0.01357	0.01101	0.04268	0.04158	0.04324	0.01112	0.01031	0.01822	0.08310	0.05256	0.11986	0.09906	0.02767	0.07770	0.14107	0.00447	0.07417	0.00956	0.11134	0.00772
43	0.00976	0.00710	0.00934	0.01070	0.01166	0.00679	0.00783	0.01211	0.03166	0.02033	0.08910	0.50513	0.07937	0.02111	0.00930	0.00295	0.00468	0.14798	0.00684	0.00628
44	0.01876	0.12535	0.19206	0.02327	0.15168	0.10523	0.08884	0.02377	0.03332	0.06857	0.04055	0.01976	0.03686	0.00782	0.00752	0.00217	0.03381	0.00649	0.00415	0.01004
45	0.04123	0.23335	0.17120	0.07757	0.05074	0.01975	0.01595	0.05103	0.13111	0.09022	0.01859	0.01939	0.03447	0.00786	0.00642	0.00211	0.00792	0.00608	0.00476	0.01025
46	0.01084	0.00855	0.01365	0.01286	0.01453	0.00809	0.10755	0.01314	0.01472	0.02039	0.06155	0.46383	0.03891	0.06380	0.01051	0.00300	0.00560	0.04102	0.08091	0.00656
47	0.05178	0.30065	0.24015	0.04465	0.09850	0.08514	0.01825	0.04549	0.01624	0.02144	0.01187	0.01411	0.00959	0.00672	0.00598	0.00196	0.00926	0.00489	0.00342	0.00992
48	0.09558	0.02093	0.15574	0.04732	0.04948	0.09852	0.04080	0.05002	0.07752	0.06930	0.06834	0.05388	0.04033	0.00974	0.00899	0.00239	0.08934	0.00749	0.00496	0.00934
49	0.01725	0.01699	0.02766	0.21865	0.47743	0.04689	0.04670	0.02167	0.01623	0.02214	0.01342	0.01820	0.01093	0.00671	0.00724	0.00223	0.00924	0.00648	0.00351	0.01043
50	0.00901	0.00644	0.00861	0.01030	0.01079	0.00604	0.00702	0.01039	0.01407	0.01873	0.03998	0.70436	0.04774	0.02263	0.00932	0.00297	0.00435	0.05458	0.00674	0.00595
51	0.01597	0.01900	0.13525	0.17451	0.09886	0.04306	0.08621	0.02031	0.01471	0.04078	0.01508	0.01968	0.02854	0.01058	0.03922	0.00287	0.18311	0.00673	0.03653	0.00899
52	0.01817	0.02024	0.11554	0.06821	0.04414	0.07034	0.06269	0.07439	0.32913	0.02678	0.02130	0.02279	0.01642	0.03812	0.00916	0.00258	0.03670	0.00731	0.00555	0.01044
53	0.02098	0.60679	0.03467	0.01361	0.01942	0.14014	0.01275	0.04628	0.01641	0.01824	0.01055	0.01210	0.00944	0.00652	0.00506	0.00163	0.00865	0.00411	0.00336	0.00929
54	0.06346	0.01155	0.01519	0.03541	0.08646	0.01056	0.03588	0.04367	0.01620	0.05351	0.05513	0.14162	0.12981	0.01204	0.00809	0.03521	0.00577	0.00977	0.00540	0.22527
55	0.04121	0.12644	0.20985	0.07187	0.09495	0.04817	0.08818	0.05954	0.06876	0.07185	0.04023	0.01874	0.01361	0.00749	0.00688	0.00219	0.00903	0.00632	0.00443	0.01026
56	0.01038	0.00779	0.01168	0.01168	0.01298	0.00909	0.00909	0.01298	0.01168	0.01687	0.01947	0.02856	0.01817	0.05452	0.71573	0.01168	0.01947	0.00779	0.00389	0.00649
57	0.01033	0.00710	0.00871	0.00910	0.00943	0.00719	0.00583	0.01107	0.01165	0.01566	0.02630	0.16231	0.02996	0.49388	0.11505	0.00671	0.00810	0.05168	0.00487	0.00506
58	0.01809	0.01906	0.12456	0.05278	0.13752	0.01719	0.04166	0.06519	0.32803	0.05474	0.04869	0.02362	0.01857	0.00868	0.00736	0.00236	0.00747	0.00750	0.00585	0.01107
59	0.01772	0.05699	0.12729	0.05528	0.02381	0.01717	0.08876	0.09337	0.22250	0.05621	0.02097	0.04700	0.01692	0.05711	0.04006	0.00307	0.03253	0.00777	0.00542	0.01006
60	0.00870	0.00732	0.00755	0.00759	0.00991	0.00617	0.00565	0.01061	0.01668	0.02014	0.10820	0.09880	0.63105	0.01840	0.00862	0.00247	0.00369	0.01545	0.00682	0.00617
61	0.01038	0.00779	0.01168	0.01168	0.01298	0.00909	0.00909	0.01298	0.01168	0.01687	0.01947	0.02856	0.01817	0.05452	0.71573	0.01168	0.01947	0.00779	0.00389	0.00649
62	0.02382	0.11280	0.02327	0.06403	0.04716	0.35969	0.04035	0.11736	0.02079	0.05278	0.01495	0.04396	0.01272	0.00841	0.00681	0.00205	0.01051	0.02471	0.00456	0.00926
63	0.01241	0.00921	0.01261	0.01202	0.01376	0.01052	0.00932	0.09008	0.01423	0.02007	0.01947	0.02854	0.01805	0.09546	0.58751	0.01026	0.01730	0.00783	0.00432	0.00704
64	0.02136	0.01495	0.01640	0.01400	0.01842	0.01638	0.01110	0.13457	0.40632	0.14497	0.02882	0.02681	0.04483	0.00977	0.00726	0.00234	0.00595	0.00798	0.05648	0.01129
65	0.01054	0.00715	0.00845	0.00845	0.00864	0.00733	0.00506	0.01091	0.01073	0.01448	0.02242	0.04490	0.02527	0.64771	0.13224	0.00770	0.00879	0.01018	0.00433	0.00470
66	0.23356	0.19413	0.07531	0.03373	0.01974	0.10521	0.01257	0.04559	0.01530	0.02393	0.01115	0.01342	0.00925	0.00715	0.00696	0.00197	0.07071	0.00455	0.00389	0.11188
67	0.00885	0.00636	0.00840	0.01002	0.01052	0.00591	0.00670	0.01013	0.01401	0.01860	0.04129	0.71532	0.07176	0.02261	0.00925	0.00293	0.00420	0.02047	0.00675	0.00591
68	0.05100	0.01245	0.01154	0.01064	0.01368	0.11039	0.00809	0.01858	0.01771	0.15152	0.09006	0.13352	0.31324	0.01482	0.00795	0.00237	0.00567	0.01227	0.00673	0.00776
69	0.01255	0.00814	0.01055	0.03430	0.01339	0.00785	0.00794	0.01591	0.06725	0.09729	0.12871	0.45060	0.08029	0.01841	0.00871	0.00270	0.00460	0.01643	0.00710	0.00727
70	0.01824	0.49264	0.24948	0.01524	0.02288	0.02473	0.01707	0.04970	0.01577	0.02019	0.01135	0.01307	0.00942	0.00654	0.00549	0.00182	0.00872	0.00447	0.00327	0.00990
71	0.07751	0.07063	0.20856	0.05510	0.05292	0.01644	0.03108	0.12703	0.01849	0.07682	0.01451	0.01622	0.01079	0.00692	0.00638	0.00195	0.00803	0.00543	0.00462	0.19058
72	0.27854	0.19791	0.02272	0.01624	0.07041	0.18417	0.03974	0.02378	0.04047	0.02367	0.01188	0.01401	0.00987	0.00847	0.02936	0.00232	0.00889	0.00478	0.00397	0.00880

[dist]
# distance from previous block
# <min> <max>
0	3

[block]
# block no. 6 follows, 28 sequences, length 18
# corresponding to MSA columns:
# 260-277
name=unknown_G
#
# <colnr> <probs for GDERKNQSTAVLIFYWHMCP>
#	G	D	E	R	K	N	Q	S	T	A	V	L	I	F	Y	W	H	M	C	P
0	0.05373	0.01711	0.02635	0.20286	0.41190	0.05839	0.04349	0.02154	0.01584	0.02222	0.01300	0.01769	0.01066	0.00706	0.00799	0.00227	0.04795	0.00632	0.00354	0.01009
1	0.01947	0.14367	0.02543	0.04319	0.06218	0.04045	0.09747	0.11175	0.08990	0.07009	0.04891	0.02269	0.01650	0.00921	0.00949	0.00232	0.11315	0.03349	0.03087	0.00978
2	0.00909	0.00690	0.00842	0.00930	0.01059	0.00622	0.00664	0.01090	0.01569	0.02030	0.12684	0.41081	0.25721	0.02032	0.00902	0.00274	0.00409	0.05190	0.00689	0.00613
3	0.01947	0.35074	0.10370	0.01641	0.02315	0.02269	0.10358	0.13107	0.04142	0.02450	0.01323	0.01498	0.01064	0.00673	0.00604	0.00184	0.00842	0.00532	0.00415	0.09192
4	0.01462	0.01137	0.01425	0.01584	0.10852	0.01155	0.01045	0.04770	0.17726	0.06470	0.08523	0.17290	0.18455	0.01441	0.00816	0.00251	0.00537	0.03508	0.00671	0.00881
5	0.01975	0.40116	0.19585	0.01710	0.05103	0.09902	0.03869	0.02374	0.01606	0.05957	0.01233	0.01401	0.00996	0.00669	0.00580	0.00187	0.00917	0.00480	0.00356	0.00986
6	0.01671	0.03970	0.11913	0.01440	0.01923	0.01592	0.01298	0.10863	0.31416	0.02947	0.12159	0.03281	0.08128	0.01091	0.00757	0.00238	0.00638	0.02994	0.00661	0.01018
7	0.07586	0.01244	0.01609	0.01261	0.01792	0.01130	0.01035	0.03407	0.05928	0.59888	0.02745	0.02421	0.01767	0.00890	0.00706	0.00224	0.00602	0.00714	0.03865	0.01184
8	0.01145	0.00922	0.01263	0.01150	0.03421	0.00812	0.07506	0.01413	0.01755	0.06186	0.16738	0.05794	0.46023	0.01564	0.00847	0.00241	0.00482	0.01354	0.00668	0.00716
9	0.01755	0.02990	0.44891	0.02278	0.05783	0.01675	0.15759	0.04585	0.01696	0.09451	0.01518	0.01737	0.01069	0.00701	0.00732	0.00232	0.01041	0.00632	0.00397	0.01080
10	0.01137	0.00937	0.01221	0.01210	0.01354	0.05058	0.00938	0.01392	0.01221	0.01693	0.01899	0.02765	0.01765	0.05175	0.67407	0.01111	0.01910	0.00761	0.00389	0.00660
11	0.01263	0.00631	0.00947	0.00947	0.00947	0.00631	0.00631	0.00947	0.00947	0.01263	0.01263	0.02210	0.01263	0.02525	0.02841	0.78851	0.00631	0.00631	0.00316	0.00316
12	0.02026	0.05183	0.05276	0.06606	0.36550	0.18624	0.01873	0.04787	0.07782	0.02312	0.01443	0.01732	0.01171	0.00715	0.00695	0.00211	0.00953	0.00605	0.00404	0.01051
13	0.00880	0.00654	0.00821	0.00955	0.01039	0.00595	0.00650	0.01019	0.01446	0.01878	0.04698	0.60174	0.18166	0.02187	0.00914	0.00285	0.00411	0.01957	0.00675	0.00595
14	0.01025	0.00698	0.00833	0.00863	0.00881	0.00701	0.00521	0.01069	0.01127	0.01513	0.02572	0.17101	0.02966	0.55805	0.08724	0.00669	0.00755	0.01217	0.00479	0.00485
15	0.01059	0.00699	0.00791	0.00801	0.00810	0.00697	0.00457	0.01080	0.01095	0.01488	0.02393	0.08695	0.02737	0.67279	0.03409	0.00659	0.00673	0.01100	0.03616	0.00459
16	0.06584	0.13026	0.05713	0.04697	0.09375	0.01638	0.14870	0.06806	0.01706	0.06916	0.02109	0.14475	0.03790	0.01003	0.00723	0.00228	0.00786	0.00909	0.03723	0.00921
17	0.01882	0.15301	0.05762	0.03951	0.02360	0.08402	0.12540	0.09252	0.07149	0.02469	0.01481	0.01689	0.01171	0.00683	0.00639	0.00183	0.00835	0.00577	0.03621	0.20053

[dist]
# distance from previous block
# <min> <max>
0	6

[block]
# block no. 7 follows, 28 sequences, length 22
# corresponding to MSA columns:
# 284-305
name=unknown_H
#
# <colnr> <probs for GDERKNQSTAVLIFYWHMCP>
#	G	D	E	R	K	N	Q	S	T	A	V	L	I	F	Y	W	H	M	C	P
0	0.07356	0.01919	0.09042	0.05281	0.24592	0.05606	0.05236	0.10288	0.03974	0.05329	0.03289	0.02044	0.04150	0.00799	0.00772	0.00221	0.03813	0.00670	0.00465	0.05156
1	0.05043	0.00920	0.01287	0.01203	0.01412	0.01003	0.03654	0.01681	0.06070	0.05659	0.07103	0.06852	0.02329	0.06131	0.41687	0.00789	0.01363	0.00879	0.04206	0.00730
2	0.02189	0.01234	0.01530	0.01159	0.01715	0.01024	0.00937	0.05197	0.01862	0.29444	0.07233	0.02453	0.05108	0.00828	0.00661	0.00174	0.00559	0.00677	0.00668	0.35345
3	0.01055	0.00802	0.00961	0.00956	0.01145	0.00754	0.00713	0.03984	0.04110	0.02463	0.30301	0.20578	0.23104	0.01736	0.00870	0.00253	0.00408	0.04396	0.00728	0.00683
4	0.01731	0.01870	0.07715	0.04648	0.22743	0.04930	0.11299	0.03861	0.13274	0.02389	0.01891	0.02173	0.04409	0.00862	0.00969	0.00240	0.10832	0.00732	0.02417	0.01013
5	0.01033	0.00823	0.00960	0.00893	0.01161	0.00706	0.00690	0.01304	0.01780	0.02374	0.28367	0.05770	0.32812	0.01547	0.00825	0.00227	0.00406	0.06147	0.00685	0.11488
6	0.02001	0.17591	0.18719	0.01690	0.02374	0.07327	0.05312	0.19267	0.02070	0.02736	0.01490	0.01876	0.01210	0.00779	0.00661	0.00202	0.00888	0.04014	0.00459	0.09334
7	0.01938	0.04407	0.07093	0.04538	0.11436	0.09251	0.12617	0.07453	0.01809	0.08893	0.01662	0.05605	0.01366	0.00962	0.03587	0.00242	0.00923	0.00697	0.00468	0.15052
8	0.06835	0.17157	0.13010	0.03307	0.07222	0.04969	0.07530	0.04666	0.09020	0.07619	0.01932	0.05373	0.04193	0.00841	0.00669	0.00214	0.00810	0.00695	0.00474	0.03466
9	0.01181	0.01049	0.01746	0.17760	0.02442	0.01112	0.10737	0.01486	0.01481	0.01958	0.03007	0.33496	0.06088	0.01584	0.00947	0.00279	0.04202	0.08196	0.00532	0.00716
10	0.00908	0.00662	0.00854	0.00973	0.01047	0.00622	0.00662	0.01053	0.01426	0.01890	0.07646	0.54984	0.12013	0.06255	0.05049	0.00357	0.00513	0.01839	0.00653	0.00593
11	0.02019	0.12411	0.23076	0.04282	0.04616	0.09059	0.11766	0.11556	0.01896	0.07453	0.01435	0.01647	0.01070	0.00740	0.00761	0.00219	0.03931	0.00600	0.00428	0.01034
12	0.02020	0.06880	0.01971	0.01602	0.04977	0.04421	0.04878	0.23447	0.02209	0.09572	0.02419	0.20776	0.02318	0.01235	0.00770	0.00235	0.00712	0.04405	0.00632	0.04520
13	0.01263	0.00631	0.00947	0.00947	0.00947	0.00631	0.00631	0.00947	0.00947	0.01263	0.01263	0.02210	0.01263	0.02525	0.02841	0.78851	0.00631	0.00631	0.00316	0.00316
14	0.01221	0.00965	0.01141	0.01062	0.01212	0.03751	0.04288	0.03910	0.04139	0.02012	0.10269	0.16175	0.09153	0.31469	0.02002	0.00434	0.00622	0.01220	0.04330	0.00624
15	0.04222	0.01894	0.12172	0.09739	0.13831	0.05232	0.07061	0.10036	0.01894	0.09474	0.06801	0.04264	0.06656	0.00920	0.00782	0.00231	0.02505	0.00788	0.00512	0.00986
16	0.01054	0.00718	0.00863	0.00863	0.00887	0.00743	0.00527	0.01102	0.01078	0.01461	0.02227	0.04404	0.02489	0.61644	0.16300	0.00791	0.00935	0.01005	0.00431	0.00479
17	0.00896	0.00654	0.00844	0.00973	0.01050	0.00602	0.00663	0.01050	0.01484	0.01968	0.10600	0.60262	0.11968	0.02155	0.00914	0.00284	0.00408	0.01938	0.00687	0.00602
18	0.05508	0.04137	0.07449	0.12123	0.07290	0.10739	0.11772	0.12249	0.04639	0.05382	0.01585	0.04544	0.01277	0.00942	0.02479	0.00254	0.05502	0.00698	0.00461	0.00969
19	0.02122	0.21875	0.13557	0.01556	0.02176	0.05846	0.04973	0.11017	0.06842	0.13693	0.05155	0.02123	0.04323	0.00836	0.00667	0.00208	0.00804	0.00656	0.00538	0.01034
20	0.06965	0.06055	0.32768	0.04137	0.02854	0.05053	0.13934	0.07715	0.01753	0.06352	0.01466	0.01698	0.01066	0.00710	0.00691	0.00223	0.00981	0.00606	0.03956	0.01017
21	0.22479	0.10623	0.07851	0.04741	0.05832	0.14776	0.06851	0.05392	0.04381	0.05290	0.01311	0.01523	0.01024	0.00739	0.00699	0.00217	0.04378	0.00536	0.00428	0.00928

[dist]
# distance from previous block
# <min> <max>
0	6

[block]
# block no. 8 follows, 28 sequences, length 46
# corresponding to MSA columns:
# 312-357
name=unknown_I
#
# <colnr> <probs for GDERKNQSTAVLIFYWHMCP>
#	G	D	E	R	K	N	Q	S	T	A	V	L	I	F	Y	W	H	M	C	P
0	0.01976	0.05920	0.05277	0.03696	0.05609	0.08647	0.03512	0.22583	0.10953	0.02955	0.06051	0.09178	0.02123	0.05231	0.00914	0.00256	0.00784	0.02764	0.00589	0.00980
1	0.00895	0.00738	0.00786	0.00774	0.01004	0.00629	0.00581	0.01113	0.01742	0.02165	0.20533	0.06664	0.56329	0.01766	0.00859	0.00242	0.00363	0.01488	0.00702	0.00629
2	0.02374	0.01936	0.01979	0.01621	0.02110	0.06360	0.01305	0.38172	0.27120	0.03756	0.02126	0.02067	0.01569	0.00919	0.00779	0.00230	0.03009	0.00704	0.00697	0.01167
3	0.01710	0.01717	0.05719	0.30573	0.32300	0.06258	0.02022	0.02136	0.01589	0.04432	0.01367	0.01845	0.01081	0.00758	0.00787	0.02817	0.00928	0.00632	0.00361	0.00968
4	0.01943	0.74891	0.03809	0.01244	0.01866	0.02876	0.01244	0.02177	0.01477	0.01710	0.01011	0.01166	0.00933	0.00622	0.00466	0.00155	0.00777	0.00389	0.00311	0.00933
5	0.01684	0.01342	0.04223	0.01310	0.01706	0.01320	0.04172	0.04845	0.29277	0.09578	0.12075	0.03562	0.12570	0.01123	0.00754	0.00233	0.00556	0.00954	0.07747	0.00968
6	0.01263	0.00631	0.00947	0.00947	0.00947	0.00631	0.00631	0.00947	0.00947	0.01263	0.01263	0.02210	0.01263	0.02525	0.02841	0.78851	0.00631	0.00631	0.00316	0.00316
7	0.01714	0.09512	0.10382	0.13879	0.14663	0.01823	0.23223	0.02204	0.01593	0.05410	0.01474	0.03984	0.01190	0.00747	0.00837	0.00233	0.05052	0.00723	0.00379	0.00977
8	0.01205	0.00908	0.01356	0.04749	0.01771	0.00917	0.04130	0.01559	0.01665	0.02167	0.03624	0.07631	0.03897	0.01887	0.00985	0.00326	0.00708	0.59186	0.00640	0.00690
9	0.00964	0.00684	0.00833	0.00904	0.00967	0.00649	0.00591	0.01074	0.01360	0.01800	0.09023	0.34351	0.11143	0.28318	0.01921	0.00434	0.00519	0.03315	0.00600	0.00548
10	0.00981	0.00710	0.00920	0.00996	0.01082	0.00688	0.00683	0.01120	0.01314	0.01779	0.03330	0.41520	0.05856	0.17359	0.11870	0.00498	0.00716	0.03741	0.00573	0.04264
11	0.01465	0.01792	0.14289	0.09218	0.20746	0.01402	0.10749	0.01942	0.01620	0.02300	0.08968	0.11031	0.02140	0.00938	0.00758	0.00226	0.00820	0.00883	0.00441	0.08274
12	0.01050	0.00705	0.00812	0.00819	0.00826	0.00710	0.00471	0.01067	0.01075	0.01440	0.02340	0.07334	0.02688	0.68451	0.06764	0.00711	0.00752	0.01083	0.00447	0.00456
13	0.01389	0.00801	0.00955	0.00883	0.01029	0.00750	0.00589	0.01503	0.01430	0.12972	0.11708	0.04754	0.11538	0.43792	0.02487	0.00507	0.00601	0.01097	0.00592	0.00624
14	0.01617	0.04392	0.06967	0.11356	0.32382	0.04922	0.10664	0.02040	0.01614	0.02172	0.01916	0.10417	0.04540	0.00902	0.00755	0.00231	0.00883	0.00855	0.00403	0.00971
15	0.01689	0.01641	0.02919	0.17277	0.45387	0.01685	0.11612	0.02155	0.01621	0.02280	0.01403	0.01881	0.01134	0.00665	0.00734	0.00224	0.00918	0.00679	0.03054	0.01044
16	0.01047	0.00743	0.00986	0.00986	0.01053	0.00810	0.00682	0.01181	0.01114	0.01553	0.02114	0.03778	0.02218	0.38919	0.38653	0.00943	0.01344	0.00914	0.00414	0.00548
17	0.01640	0.01375	0.01648	0.04681	0.04209	0.01165	0.01018	0.09492	0.01730	0.02588	0.01425	0.03626	0.01199	0.00639	0.00587	0.00136	0.00597	0.00521	0.00465	0.61262
18	0.02179	0.14445	0.02164	0.01525	0.01998	0.13217	0.01239	0.13159	0.33919	0.05442	0.02142	0.02066	0.01627	0.00865	0.00677	0.00216	0.00764	0.00662	0.00612	0.01080
19	0.01292	0.20356	0.01697	0.01057	0.01329	0.04383	0.00843	0.01543	0.03692	0.01985	0.11595	0.26514	0.15425	0.04039	0.00863	0.00249	0.00550	0.01292	0.00575	0.00720
20	0.05472	0.09102	0.21276	0.10490	0.06914	0.04177	0.16342	0.07225	0.07533	0.02467	0.01472	0.01751	0.01111	0.00709	0.00707	0.00226	0.00975	0.00638	0.00403	0.01011
21	0.02134	0.07988	0.17335	0.01590	0.03814	0.01632	0.01489	0.14940	0.10546	0.18190	0.02426	0.07872	0.04867	0.00982	0.00722	0.00228	0.00741	0.00797	0.00624	0.01082
22	0.00914	0.00682	0.00840	0.00918	0.01032	0.00619	0.00638	0.01091	0.01571	0.02068	0.17348	0.41851	0.20796	0.04883	0.01008	0.00287	0.00405	0.01753	0.00690	0.00608
23	0.01688	0.01372	0.02190	0.05364	0.33543	0.01356	0.04732	0.05044	0.01730	0.08476	0.02611	0.14546	0.07567	0.01139	0.00793	0.00243	0.00734	0.05375	0.00523	0.00974
24	0.02041	0.21130	0.14339	0.05281	0.05715	0.02106	0.09120	0.16238	0.08136	0.06734	0.01587	0.01728	0.01196	0.00742	0.00669	0.00211	0.00868	0.00608	0.00482	0.01068
25	0.12619	0.13445	0.16490	0.01768	0.05467	0.16660	0.01592	0.11305	0.06249	0.02569	0.01338	0.01506	0.01049	0.00760	0.00706	0.00212	0.04327	0.00526	0.00430	0.00983
26	0.01038	0.00779	0.01168	0.01168	0.01298	0.00909	0.00909	0.01298	0.01168	0.01687	0.01947	0.02856	0.01817	0.05452	0.71573	0.01168	0.01947	0.00779	0.00389	0.00649
27	0.02367	0.36147	0.02882	0.01556	0.02073	0.30460	0.01327	0.11399	0.01977	0.02130	0.01157	0.01304	0.00976	0.00707	0.00578	0.00177	0.00995	0.00457	0.00393	0.00938
28	0.01437	0.03374	0.60742	0.01920	0.02904	0.01568	0.02414	0.02207	0.01563	0.02344	0.05361	0.01764	0.01287	0.00725	0.00688	0.00220	0.00986	0.00574	0.00347	0.07575
29	0.01735	0.04767	0.01478	0.01335	0.01621	0.07415	0.01081	0.04144	0.10201	0.12657	0.03176	0.19046	0.03165	0.01552	0.00848	0.00273	0.00665	0.23321	0.00673	0.00846
30	0.06943	0.31864	0.06656	0.01318	0.01930	0.01941	0.01236	0.05889	0.01815	0.30994	0.01848	0.01769	0.01304	0.00758	0.00603	0.00196	0.00717	0.00555	0.00587	0.01076
31	0.02931	0.01357	0.01729	0.01314	0.01892	0.01219	0.01081	0.12215	0.02182	0.51132	0.02477	0.02229	0.01613	0.00842	0.00702	0.00207	0.00632	0.00676	0.00806	0.12764
32	0.01263	0.00631	0.00947	0.00947	0.00947	0.00631	0.00631	0.00947	0.00947	0.01263	0.01263	0.02210	0.01263	0.02525	0.02841	0.78851	0.00631	0.00631	0.00316	0.00316
33	0.01507	0.01292	0.01507	0.01077	0.01723	0.00969	0.00861	0.01830	0.01507	0.02369	0.01292	0.01507	0.01077	0.00538	0.00538	0.00108	0.00538	0.00431	0.00431	0.78898
34	0.00973	0.00715	0.00952	0.01003	0.01099	0.00735	0.00714	0.01146	0.01313	0.01781	0.06216	0.26175	0.10386	0.14599	0.28013	0.00680	0.01032	0.01333	0.00536	0.00596
35	0.01058	0.00764	0.00877	0.00888	0.01094	0.00680	0.00650	0.01308	0.03747	0.06146	0.13032	0.24629	0.38809	0.01837	0.00866	0.00256	0.00401	0.01584	0.00704	0.00669
36	0.00919	0.00748	0.00803	0.00827	0.01043	0.00653	0.00633	0.01111	0.01613	0.01952	0.06472	0.06997	0.55115	0.07415	0.01097	0.00293	0.00437	0.10608	0.00656	0.00608
37	0.01943	0.74891	0.03809	0.01244	0.01866	0.02876	0.01244	0.02177	0.01477	0.01710	0.01011	0.01166	0.00933	0.00622	0.00466	0.00155	0.00777	0.00389	0.00311	0.00933
38	0.01458	0.03760	0.70688	0.02072	0.03146	0.01688	0.02686	0.02302	0.01535	0.02302	0.01304	0.01535	0.00921	0.00691	0.00691	0.00230	0.01074	0.00537	0.00307	0.01074
39	0.01048	0.00739	0.00968	0.00968	0.01029	0.00800	0.00659	0.01170	0.01109	0.01539	0.02130	0.03867	0.02257	0.42174	0.35452	0.00922	0.01286	0.00927	0.00417	0.00538
40	0.01084	0.00828	0.01213	0.01189	0.01307	0.00976	0.00926	0.01298	0.01174	0.01680	0.02091	0.02921	0.04961	0.04795	0.58970	0.05681	0.07077	0.00796	0.00393	0.00638
41	0.05918	0.03626	0.66713	0.02008	0.03047	0.01685	0.02577	0.02293	0.01518	0.02357	0.01288	0.01514	0.00913	0.00690	0.00677	0.00230	0.01045	0.00529	0.00315	0.01058
42	0.01156	0.02869	0.01255	0.01153	0.01244	0.01017	0.00873	0.01275	0.01120	0.01585	0.01761	0.02848	0.01735	0.14159	0.42071	0.13709	0.08439	0.00769	0.00375	0.00587
