[name]
unknown

[dist]
# distance from previous block
# <min> <max>
12	55

[block]
# block no. 0 follows, 33 sequences, length 14
# corresponding to MSA columns:
# 79-92
name=unknown_A
#
# <colnr> <probs for GDERKNQSTAVLIFYWHMCP>
#	G	D	E	R	K	N	Q	S	T	A	V	L	I	F	Y	W	H	M	C	P
0	0.01380	0.06199	0.01634	0.04227	0.12071	0.08050	0.03595	0.04777	0.03714	0.01855	0.04531	0.15031	0.06997	0.09873	0.01222	0.06646	0.04320	0.02741	0.00442	0.00696
1	0.05446	0.06653	0.06727	0.12573	0.07996	0.07901	0.09577	0.03420	0.03631	0.05899	0.04124	0.04535	0.05262	0.05758	0.00813	0.00226	0.00750	0.00691	0.03940	0.04078
2	0.00848	0.00700	0.00748	0.00739	0.00949	0.00619	0.00553	0.01119	0.04969	0.01970	0.17679	0.09170	0.54437	0.01592	0.00775	0.00222	0.00341	0.01346	0.00634	0.00590
3	0.01529	0.01650	0.13018	0.11895	0.15718	0.03671	0.03398	0.04278	0.06766	0.07072	0.04338	0.05142	0.05866	0.00822	0.00727	0.00203	0.04211	0.00693	0.00433	0.08570
4	0.00924	0.00636	0.00817	0.00912	0.00990	0.00602	0.00621	0.01112	0.03762	0.04252	0.08077	0.59160	0.06793	0.06821	0.00986	0.00282	0.00403	0.01667	0.00614	0.00570
5	0.09648	0.01175	0.01363	0.03314	0.07646	0.03515	0.00913	0.11517	0.01475	0.06641	0.01676	0.04710	0.01608	0.26934	0.03886	0.00375	0.05381	0.00716	0.00450	0.07056
6	0.04417	0.12386	0.06148	0.03968	0.07847	0.24383	0.05738	0.02201	0.06425	0.03805	0.01474	0.07494	0.01320	0.00802	0.00669	0.00192	0.03518	0.02094	0.00391	0.04729
7	0.02342	0.02561	0.01763	0.01540	0.01906	0.48978	0.01183	0.19105	0.02116	0.02318	0.01272	0.01414	0.01001	0.00715	0.00596	0.00175	0.00983	0.00485	0.08714	0.00835
8	0.00831	0.00604	0.00796	0.00895	0.00970	0.00569	0.00619	0.00988	0.01361	0.01833	0.14919	0.55388	0.08941	0.02107	0.05596	0.00306	0.00457	0.01653	0.00613	0.00554
9	0.01013	0.00754	0.00861	0.00882	0.01019	0.02961	0.00624	0.01243	0.04053	0.04848	0.19562	0.32181	0.17036	0.08627	0.01026	0.00272	0.00418	0.01404	0.00619	0.00596
10	0.01520	0.06439	0.22436	0.06377	0.04214	0.03596	0.02821	0.10264	0.04156	0.04672	0.11399	0.04518	0.01897	0.03636	0.00807	0.00217	0.03795	0.00682	0.01960	0.04593
11	0.07701	0.11583	0.01932	0.03413	0.03273	0.08373	0.05618	0.14046	0.04569	0.09612	0.01726	0.01943	0.04118	0.01568	0.14861	0.00362	0.03382	0.00606	0.00465	0.00850
12	0.01710	0.01517	0.04129	0.01720	0.10148	0.06461	0.04265	0.12101	0.08667	0.07453	0.01866	0.04747	0.04691	0.05202	0.04802	0.00279	0.12625	0.00697	0.00472	0.06448
13	0.01603	0.03803	0.01432	0.01226	0.03963	0.03551	0.00927	0.09037	0.04391	0.12961	0.15091	0.12350	0.07116	0.02757	0.00885	0.00216	0.07684	0.00905	0.00579	0.09524

[dist]
# distance from previous block
# <min> <max>
8	27

[block]
# block no. 1 follows, 33 sequences, length 27
# corresponding to MSA columns:
# 120-146
name=unknown_B
#
# <colnr> <probs for GDERKNQSTAVLIFYWHMCP>
#	G	D	E	R	K	N	Q	S	T	A	V	L	I	F	Y	W	H	M	C	P
0	0.01019	0.00760	0.01016	0.03887	0.01256	0.00696	0.03809	0.01274	0.01631	0.05870	0.29756	0.10941	0.29289	0.01453	0.00778	0.00223	0.00412	0.04659	0.00638	0.00632
1	0.01078	0.00954	0.06387	0.01032	0.04640	0.00813	0.00704	0.04758	0.01184	0.01594	0.02303	0.10313	0.05768	0.52865	0.02516	0.00507	0.00638	0.00986	0.00429	0.00533
2	0.05373	0.11545	0.14289	0.10556	0.16843	0.01569	0.03749	0.02102	0.11133	0.02112	0.01590	0.01791	0.04118	0.00676	0.00599	0.00188	0.00724	0.00567	0.00380	0.10096
3	0.06731	0.12997	0.10792	0.03402	0.13836	0.11582	0.08727	0.02139	0.09231	0.02024	0.01740	0.01936	0.06477	0.00945	0.04492	0.00240	0.00857	0.00608	0.00382	0.00862
4	0.02485	0.01503	0.01720	0.01343	0.01816	0.01572	0.01093	0.43210	0.02534	0.25095	0.02019	0.05711	0.01498	0.04291	0.00790	0.00223	0.00653	0.00695	0.00692	0.01058
5	0.06097	0.08222	0.01613	0.01348	0.06955	0.08735	0.00993	0.04188	0.08126	0.20865	0.22800	0.02712	0.02765	0.00914	0.00654	0.00196	0.00579	0.00750	0.00614	0.00876
6	0.00855	0.00656	0.00750	0.00747	0.00898	0.00587	0.00532	0.01037	0.01509	0.01962	0.26181	0.11813	0.35096	0.13071	0.01175	0.00285	0.00377	0.01304	0.00614	0.00550
7	0.00943	0.00665	0.00872	0.00878	0.00932	0.00716	0.00597	0.01053	0.01015	0.01406	0.02000	0.06557	0.02142	0.41625	0.34899	0.00810	0.01130	0.00883	0.00387	0.00489
8	0.01453	0.01549	0.09174	0.19261	0.07764	0.01531	0.12003	0.08759	0.07026	0.02117	0.01427	0.01855	0.01141	0.01411	0.12787	0.00358	0.08531	0.00637	0.00375	0.00840
9	0.63385	0.01414	0.01096	0.00983	0.01365	0.07464	0.00789	0.06678	0.01330	0.02829	0.01176	0.06816	0.01028	0.00739	0.00473	0.00205	0.00571	0.00493	0.00435	0.00732
10	0.01452	0.01376	0.05344	0.01464	0.04925	0.06467	0.07943	0.11975	0.07301	0.02171	0.06070	0.05517	0.03244	0.13314	0.16098	0.02401	0.00944	0.00785	0.00459	0.00751
11	0.01760	0.77260	0.03450	0.01126	0.01690	0.02605	0.01126	0.01971	0.01338	0.01549	0.00915	0.01056	0.00845	0.00563	0.00422	0.00141	0.00704	0.00352	0.00282	0.00845
12	0.01541	0.20985	0.34920	0.04868	0.07165	0.04666	0.01802	0.02029	0.01393	0.03649	0.01132	0.01353	0.00885	0.00629	0.00637	0.00185	0.04216	0.00463	0.00308	0.07176
13	0.00804	0.00589	0.00756	0.00880	0.00947	0.00541	0.00597	0.00934	0.01318	0.01734	0.06959	0.64224	0.13337	0.01980	0.00829	0.00259	0.00373	0.01779	0.00616	0.00541
14	0.00832	0.00669	0.00843	0.00871	0.01022	0.00596	0.03114	0.00995	0.01397	0.01765	0.06687	0.36141	0.35531	0.03461	0.00865	0.00253	0.00396	0.03402	0.00599	0.00558
15	0.01144	0.00572	0.00858	0.00858	0.00858	0.00572	0.00572	0.00858	0.00858	0.01144	0.01144	0.02001	0.01144	0.02287	0.02573	0.80846	0.00572	0.00572	0.00286	0.00286
16	0.78408	0.01284	0.01034	0.00989	0.04053	0.01480	0.00764	0.01938	0.01135	0.02922	0.00929	0.01091	0.00726	0.00610	0.00417	0.00203	0.00520	0.00365	0.00404	0.00726
17	0.01577	0.08253	0.06117	0.07186	0.10286	0.01463	0.08603	0.06231	0.06782	0.05712	0.01411	0.01697	0.01128	0.01026	0.06342	0.02485	0.05149	0.00563	0.00401	0.17586
18	0.00955	0.00643	0.00741	0.00737	0.00753	0.00643	0.00429	0.00986	0.01029	0.01388	0.07385	0.04299	0.02658	0.68839	0.05436	0.00619	0.00650	0.00967	0.00422	0.00422
19	0.00865	0.00636	0.00780	0.00832	0.00927	0.00602	0.00577	0.01006	0.01313	0.01726	0.11623	0.29455	0.18896	0.17815	0.06903	0.00390	0.00530	0.04038	0.00560	0.00527
20	0.01243	0.00745	0.00913	0.00834	0.01058	0.00661	0.00628	0.01468	0.01662	0.14882	0.31351	0.07494	0.25870	0.07091	0.00954	0.00246	0.00390	0.01166	0.00676	0.00670
21	0.01612	0.00739	0.00841	0.00755	0.00990	0.00698	0.00581	0.01886	0.01486	0.19444	0.02434	0.02650	0.04547	0.04564	0.00664	0.00192	0.00385	0.00673	0.54134	0.00723
22	0.00856	0.00665	0.00779	0.00761	0.00940	0.00587	0.00567	0.01093	0.01670	0.02205	0.39486	0.09316	0.35656	0.01527	0.00781	0.00217	0.00325	0.01315	0.00668	0.00587
23	0.05130	0.00867	0.01282	0.01283	0.04795	0.00995	0.03634	0.01298	0.01097	0.01643	0.01693	0.04865	0.01631	0.09976	0.49954	0.00817	0.07323	0.00733	0.00360	0.00621
24	0.01479	0.01506	0.07560	0.11289	0.39738	0.01441	0.01736	0.04908	0.01487	0.02111	0.01555	0.07795	0.01424	0.00829	0.00769	0.00215	0.05588	0.04123	0.03541	0.00905
25	0.01773	0.34215	0.20223	0.01415	0.02015	0.11127	0.01448	0.10996	0.01671	0.02087	0.04667	0.03155	0.01224	0.00696	0.00552	0.00175	0.00807	0.00502	0.00367	0.00884
26	0.01659	0.01539	0.01915	0.01852	0.16034	0.08226	0.06388	0.06503	0.05275	0.03734	0.01317	0.01522	0.01056	0.00579	0.00577	0.00149	0.00679	0.00499	0.00409	0.40086

[dist]
# distance from previous block
# <min> <max>
0	6

[block]
# block no. 2 follows, 33 sequences, length 66
# corresponding to MSA columns:
# 153-218
name=unknown_C
#
# <colnr> <probs for GDERKNQSTAVLIFYWHMCP>
#	G	D	E	R	K	N	Q	S	T	A	V	L	I	F	Y	W	H	M	C	P
0	0.16069	0.14564	0.01959	0.04074	0.08236	0.18104	0.01166	0.06609	0.15273	0.02295	0.01374	0.01484	0.01092	0.00678	0.00553	0.00184	0.00747	0.00492	0.00425	0.04622
1	0.01650	0.04158	0.03822	0.10458	0.41577	0.04801	0.04511	0.05409	0.10935	0.02226	0.01476	0.01853	0.01204	0.00677	0.00656	0.00203	0.00782	0.02237	0.00389	0.00977
2	0.00920	0.00701	0.00926	0.00941	0.01046	0.00692	0.02993	0.01135	0.04457	0.01678	0.05452	0.33162	0.12148	0.18626	0.11606	0.00447	0.00653	0.01336	0.00525	0.00553
3	0.13170	0.05752	0.03939	0.01450	0.01876	0.32050	0.01175	0.22293	0.04454	0.02623	0.01274	0.01384	0.00984	0.00706	0.00577	0.00183	0.00870	0.00482	0.03886	0.00874
4	0.02121	0.01184	0.01363	0.01104	0.01487	0.01207	0.00892	0.24108	0.04474	0.23401	0.07938	0.02318	0.01875	0.00840	0.00615	0.00189	0.00521	0.00673	0.22753	0.00936
5	0.00813	0.00603	0.00736	0.00835	0.00913	0.00551	0.00561	0.00928	0.01285	0.01660	0.04191	0.51710	0.20542	0.10109	0.01099	0.00297	0.00398	0.01656	0.00588	0.00525
6	0.00939	0.00720	0.00834	0.00850	0.01005	0.00689	0.00633	0.01214	0.05747	0.01846	0.11790	0.08401	0.29602	0.17722	0.03622	0.00350	0.00499	0.12395	0.00573	0.00568
7	0.00870	0.00649	0.00789	0.00836	0.00960	0.00596	0.00606	0.01050	0.01454	0.01906	0.19589	0.25066	0.23519	0.10465	0.01108	0.00288	0.00407	0.08678	0.00611	0.00552
8	0.01824	0.70527	0.03306	0.01178	0.01721	0.09110	0.01140	0.02031	0.01386	0.01555	0.00925	0.01068	0.00845	0.00574	0.00438	0.00143	0.00748	0.00359	0.00287	0.00837
9	0.01598	0.08869	0.02668	0.11872	0.58087	0.01654	0.01912	0.01977	0.01463	0.02039	0.01199	0.01588	0.01005	0.00592	0.00630	0.00193	0.00785	0.00564	0.00318	0.00988
10	0.00885	0.00636	0.00796	0.00885	0.00944	0.00615	0.00591	0.01065	0.04082	0.01711	0.08091	0.48725	0.05801	0.18541	0.01386	0.00343	0.00444	0.03349	0.00574	0.00534
11	0.81514	0.01273	0.00968	0.00866	0.01273	0.01477	0.00713	0.01935	0.01120	0.02954	0.00917	0.01069	0.00713	0.00611	0.00407	0.00204	0.00509	0.00356	0.00407	0.00713
12	0.01267	0.00924	0.01069	0.00977	0.01241	0.00922	0.00747	0.01963	0.21075	0.08118	0.28353	0.08433	0.17160	0.01254	0.00732	0.00214	0.00404	0.01077	0.00677	0.03392
13	0.01776	0.01492	0.01592	0.05793	0.01921	0.04544	0.01137	0.18313	0.41293	0.02889	0.04015	0.02655	0.01948	0.00938	0.00687	0.00222	0.00618	0.06559	0.00627	0.00982
14	0.01351	0.01316	0.05894	0.01423	0.01597	0.01478	0.03332	0.04228	0.06614	0.01900	0.01563	0.05564	0.01473	0.07224	0.07447	0.00344	0.33780	0.02731	0.07779	0.02962
15	0.00955	0.00672	0.00791	0.00811	0.00868	0.00667	0.00518	0.03349	0.01162	0.01537	0.02850	0.21400	0.09559	0.44242	0.07322	0.00524	0.00629	0.01186	0.00476	0.00484
16	0.01775	0.07862	0.12150	0.01784	0.09542	0.21304	0.02706	0.07714	0.01610	0.02004	0.01297	0.05931	0.01161	0.02897	0.00840	0.00202	0.08510	0.00579	0.00370	0.09764
17	0.02123	0.08969	0.01903	0.01397	0.01837	0.22234	0.01130	0.20666	0.02003	0.07538	0.03740	0.01533	0.01185	0.00726	0.00688	0.00173	0.05629	0.00510	0.00473	0.15542
18	0.00861	0.00653	0.00794	0.00795	0.00950	0.00585	0.00583	0.01092	0.01643	0.02203	0.39841	0.18410	0.26043	0.01575	0.00789	0.00223	0.00331	0.01375	0.00669	0.00585
19	0.01912	0.53439	0.02955	0.05703	0.01950	0.18469	0.01205	0.04610	0.01518	0.01666	0.00978	0.01146	0.00858	0.00603	0.00483	0.00154	0.00823	0.00391	0.00309	0.00830
20	0.00882	0.00699	0.00779	0.00777	0.00952	0.00639	0.00564	0.01161	0.05695	0.01970	0.20105	0.14023	0.39432	0.08156	0.01003	0.00261	0.00372	0.01327	0.00621	0.00583
21	0.02277	0.01826	0.01869	0.01500	0.01960	0.06837	0.01217	0.49295	0.17046	0.03584	0.01740	0.01729	0.01274	0.00819	0.00718	0.00205	0.03804	0.00612	0.00624	0.01063
22	0.01755	0.09061	0.09165	0.12006	0.15322	0.05922	0.01501	0.19464	0.03212	0.02479	0.01459	0.06039	0.01223	0.00771	0.00673	0.00198	0.03019	0.00622	0.03412	0.02698
23	0.03395	0.07648	0.18283	0.02316	0.20489	0.20254	0.05595	0.06487	0.05533	0.02126	0.01247	0.01463	0.00982	0.00645	0.00619	0.00191	0.00918	0.00522	0.00357	0.00931
24	0.02503	0.01844	0.01976	0.01515	0.02042	0.02042	0.01251	0.70562	0.03095	0.04149	0.01581	0.01581	0.01120	0.00790	0.00659	0.00198	0.00724	0.00593	0.00659	0.01120
25	0.01350	0.01375	0.04633	0.19612	0.09036	0.01314	0.26175	0.01770	0.01479	0.03985	0.05004	0.06873	0.09770	0.00842	0.00723	0.00216	0.00816	0.00842	0.00402	0.03785
26	0.00947	0.00680	0.00929	0.00929	0.01002	0.00753	0.00662	0.01093	0.01020	0.01433	0.01882	0.03241	0.01930	0.32279	0.47302	0.00898	0.01336	0.00801	0.00370	0.00516
27	0.04320	0.00811	0.01162	0.01125	0.01242	0.00984	0.00888	0.01253	0.01055	0.01593	0.01628	0.02395	0.01520	0.04334	0.63121	0.00936	0.10002	0.00676	0.00348	0.00608
28	0.06306	0.01231	0.01398	0.01020	0.01587	0.01013	0.00821	0.07461	0.01512	0.04691	0.01236	0.01394	0.00993	0.00531	0.00503	0.00116	0.00511	0.00414	0.00427	0.66837
29	0.02954	0.01120	0.01528	0.01171	0.01681	0.00968	0.00968	0.03208	0.01884	0.73213	0.02597	0.02241	0.01630	0.00815	0.00662	0.00204	0.00560	0.00662	0.00815	0.01120
30	0.00827	0.00669	0.00735	0.00719	0.00920	0.00577	0.00539	0.01040	0.01617	0.02055	0.27798	0.05880	0.51188	0.01564	0.00778	0.00217	0.00326	0.01325	0.00648	0.00577
31	0.01264	0.03097	0.65541	0.01772	0.02643	0.01421	0.02234	0.01958	0.01376	0.02041	0.01448	0.09558	0.01217	0.00782	0.00649	0.00215	0.00909	0.00637	0.00314	0.00925
32	0.07188	0.03026	0.01812	0.01646	0.01990	0.69870	0.01239	0.02587	0.01821	0.01691	0.01012	0.01180	0.00840	0.00674	0.00582	0.00172	0.01147	0.00420	0.00343	0.00760
33	0.00808	0.00578	0.00769	0.00913	0.00956	0.00539	0.00612	0.00932	0.01289	0.01725	0.06851	0.73084	0.04441	0.02029	0.00837	0.00265	0.00379	0.01840	0.00616	0.00539
34	0.01961	0.15773	0.02011	0.05422	0.01903	0.11776	0.01138	0.25971	0.03775	0.04788	0.07489	0.05366	0.03329	0.00855	0.00664	0.00189	0.02840	0.00651	0.00512	0.03585
35	0.01695	0.07824	0.06686	0.01166	0.01729	0.04245	0.01017	0.08275	0.05794	0.08886	0.03392	0.01599	0.01231	0.00618	0.00547	0.00141	0.00594	0.00482	0.00461	0.43619
36	0.05171	0.06557	0.17875	0.08681	0.17374	0.08119	0.01644	0.07325	0.09988	0.06557	0.01444	0.01614	0.01093	0.00672	0.00616	0.00196	0.00795	0.00544	0.00411	0.03325
37	0.01567	0.27628	0.06793	0.01275	0.01622	0.13859	0.01135	0.01800	0.01316	0.01623	0.01248	0.01702	0.01139	0.05158	0.17539	0.00397	0.08873	0.00517	0.04072	0.00737
38	0.01584	0.01559	0.02731	0.21144	0.34642	0.04038	0.18433	0.02014	0.01491	0.04113	0.01277	0.01699	0.01002	0.00607	0.00682	0.00207	0.00892	0.00629	0.00334	0.00921
39	0.08689	0.18401	0.10354	0.01784	0.11296	0.18961	0.03422	0.05230	0.07552	0.04099	0.03490	0.01519	0.01165	0.00674	0.00574	0.00184	0.00824	0.00507	0.00391	0.00885
40	0.02260	0.01858	0.04278	0.01583	0.02106	0.05193	0.06725	0.53644	0.02703	0.03604	0.01601	0.05070	0.01234	0.00808	0.00665	0.00198	0.00758	0.00647	0.00592	0.04473
41	0.01945	0.08311	0.11697	0.03813	0.04012	0.36919	0.01354	0.07092	0.04067	0.01973	0.05447	0.04333	0.04683	0.00805	0.00623	0.00187	0.00929	0.00596	0.00401	0.00814
42	0.01120	0.00988	0.06836	0.00966	0.01228	0.00800	0.00813	0.04236	0.04993	0.05593	0.44700	0.09449	0.13090	0.01310	0.00754	0.00213	0.00409	0.01137	0.00666	0.00697
43	0.01349	0.01272	0.02148	0.49038	0.26459	0.01456	0.01838	0.01759	0.01373	0.01834	0.01298	0.04916	0.01080	0.00695	0.00664	0.00214	0.00825	0.00641	0.00317	0.00824
44	0.01585	0.01531	0.02647	0.11588	0.62687	0.01557	0.04755	0.01988	0.01482	0.02099	0.01235	0.01649	0.01023	0.00593	0.00657	0.00199	0.00805	0.00594	0.00323	0.01003
45	0.01353	0.00809	0.00792	0.00751	0.00941	0.04078	0.00570	0.03343	0.03874	0.04807	0.09762	0.02636	0.02136	0.00832	0.00519	0.00165	0.00373	0.00673	0.60917	0.00665
46	0.00790	0.00635	0.00706	0.00757	0.00914	0.00550	0.00542	0.00943	0.01428	0.01768	0.07390	0.30412	0.47269	0.01795	0.00799	0.00237	0.00350	0.01550	0.00614	0.00550
47	0.02954	0.01120	0.01528	0.01171	0.01681	0.00968	0.00968	0.03208	0.01884	0.73213	0.02597	0.02241	0.01630	0.00815	0.00662	0.00204	0.00560	0.00662	0.00815	0.01120
48	0.00949	0.00666	0.00830	0.00789	0.00951	0.00614	0.00592	0.01245	0.01776	0.02536	0.58379	0.04787	0.12154	0.01314	0.00742	0.00203	0.00312	0.01147	0.09399	0.00614
49	0.10735	0.01346	0.01436	0.01196	0.01587	0.01454	0.00958	0.29122	0.13273	0.08814	0.07724	0.06887	0.08025	0.00982	0.00656	0.00208	0.00555	0.00788	0.03329	0.00924
50	0.00829	0.00590	0.00786	0.00932	0.00978	0.00557	0.00639	0.00954	0.01269	0.01687	0.03554	0.67995	0.04230	0.05058	0.00947	0.00285	0.00410	0.07161	0.00602	0.00535
51	0.00802	0.00573	0.00764	0.00917	0.00955	0.00535	0.00611	0.00917	0.01260	0.01681	0.03628	0.76434	0.04354	0.02062	0.00840	0.00267	0.00382	0.01872	0.00611	0.00535
52	0.01486	0.01883	0.14064	0.08934	0.18623	0.01563	0.35876	0.02016	0.01495	0.02072	0.01373	0.01942	0.01101	0.00640	0.00722	0.00218	0.00974	0.03779	0.00332	0.00909
53	0.01544	0.01447	0.02391	0.20139	0.50612	0.01519	0.01873	0.05106	0.01532	0.02120	0.01478	0.01863	0.04151	0.00660	0.00659	0.00202	0.00782	0.00622	0.00346	0.00953
54	0.00947	0.00679	0.00919	0.00919	0.01004	0.00746	0.00662	0.01106	0.01054	0.01485	0.02085	0.03297	0.04925	0.27802	0.46117	0.00860	0.01297	0.00813	0.02755	0.00526
55	0.02172	0.01330	0.01508	0.01205	0.01652	0.04560	0.00969	0.15743	0.10479	0.28029	0.12354	0.02363	0.02122	0.00846	0.00652	0.00189	0.00570	0.00688	0.00674	0.11893
56	0.01387	0.07215	0.17287	0.01591	0.02044	0.06855	0.12354	0.02000	0.12278	0.02013	0.04235	0.20450	0.02094	0.01060	0.00764	0.00223	0.03956	0.00931	0.00450	0.00814
57	0.00931	0.00644	0.00818	0.00911	0.01000	0.00607	0.00625	0.01130	0.04214	0.04587	0.06255	0.58685	0.09931	0.05195	0.00929	0.00273	0.00399	0.01671	0.00616	0.00578
58	0.02056	0.15819	0.05280	0.01453	0.03819	0.05114	0.01223	0.34201	0.10567	0.03017	0.01490	0.01539	0.01132	0.00709	0.00592	0.00178	0.00702	0.00531	0.00520	0.10058
59	0.01533	0.03555	0.20250	0.03206	0.12830	0.01348	0.04060	0.07731	0.04794	0.04427	0.01601	0.01879	0.03770	0.00681	0.00611	0.00177	0.00713	0.02467	0.00408	0.23959
60	0.03540	0.12396	0.15773	0.01631	0.06768	0.01638	0.06121	0.16072	0.03751	0.08513	0.01998	0.02076	0.09051	0.00801	0.00695	0.00198	0.04019	0.00637	0.00465	0.03858
61	0.06357	0.13392	0.09775	0.01627	0.04004	0.01493	0.17266	0.03689	0.01513	0.06194	0.08433	0.04131	0.07770	0.00893	0.00756	0.00211	0.05367	0.04096	0.02220	0.00813
62	0.00970	0.00776	0.01007	0.01144	0.07964	0.00729	0.00753	0.01283	0.04681	0.02177	0.30540	0.16995	0.23563	0.01476	0.00775	0.00224	0.00393	0.03272	0.00629	0.00647
63	0.01707	0.04028	0.04298	0.10055	0.19463	0.07638	0.06236	0.14195	0.06909	0.02364	0.01742	0.03992	0.05431	0.00792	0.00740	0.00203	0.04894	0.00664	0.00431	0.04218
64	0.01416	0.01374	0.06345	0.17091	0.25475	0.01303	0.07958	0.01862	0.04464	0.05663	0.05034	0.09786	0.05366	0.00989	0.02783	0.00239	0.00763	0.00812	0.00419	0.00857
65	0.00866	0.00684	0.00765	0.00799	0.00966	0.00615	0.00576	0.04003	0.01491	0.01866	0.06772	0.31738	0.42975	0.01766	0.00796	0.00237	0.00368	0.01526	0.00616	0.00574

[dist]
# distance from previous block
# <min> <max>
1	7

[block]
# block no. 3 follows, 33 sequences, length 23
# corresponding to MSA columns:
# 227-249
name=unknown_D
#
# <colnr> <probs for GDERKNQSTAVLIFYWHMCP>
#	G	D	E	R	K	N	Q	S	T	A	V	L	I	F	Y	W	H	M	C	P
0	0.01396	0.04727	0.06566	0.01293	0.04381	0.06293	0.01024	0.13682	0.01701	0.02219	0.05029	0.26179	0.06802	0.03425	0.00842	0.01869	0.00606	0.08073	0.00533	0.03360
1	0.01673	0.01716	0.04329	0.08651	0.30583	0.15678	0.01499	0.01987	0.01541	0.05210	0.01758	0.06789	0.05931	0.00781	0.00644	0.00190	0.00780	0.00672	0.00391	0.09197
2	0.01142	0.01060	0.07327	0.01003	0.01200	0.03363	0.00811	0.05824	0.01320	0.01836	0.05399	0.08392	0.05327	0.24476	0.20839	0.00557	0.00911	0.00871	0.07736	0.00606
3	0.01660	0.34776	0.26114	0.01583	0.02256	0.09160	0.07552	0.02176	0.05595	0.01850	0.01153	0.01324	0.00924	0.00614	0.00551	0.00178	0.00864	0.00463	0.00314	0.00894
4	0.00940	0.00705	0.01058	0.01058	0.01176	0.00823	0.00823	0.01176	0.01058	0.01528	0.01763	0.02586	0.01646	0.04937	0.74255	0.01058	0.01763	0.00705	0.00353	0.00588
5	0.01760	0.77260	0.03450	0.01126	0.01690	0.02605	0.01126	0.01971	0.01338	0.01549	0.00915	0.01056	0.00845	0.00563	0.00422	0.00141	0.00704	0.00352	0.00282	0.00845
6	0.01475	0.01472	0.02183	0.01605	0.02168	0.06342	0.22994	0.01839	0.01441	0.02055	0.01250	0.01564	0.01018	0.00816	0.05453	0.00206	0.00820	0.00537	0.00366	0.44398
7	0.01508	0.01221	0.01487	0.05642	0.01792	0.01303	0.04711	0.02644	0.38820	0.07140	0.10559	0.02966	0.09681	0.00958	0.00684	0.00211	0.00531	0.00823	0.00618	0.06700
8	0.01468	0.01264	0.01720	0.01498	0.01604	0.01647	0.01228	0.03393	0.07667	0.06271	0.03141	0.01900	0.01312	0.01845	0.15974	0.00423	0.45862	0.00638	0.00389	0.00756
9	0.02736	0.01140	0.01504	0.01176	0.01657	0.01031	0.00963	0.05265	0.06878	0.62186	0.06347	0.02380	0.01888	0.00848	0.00669	0.00205	0.00549	0.00694	0.00795	0.01088
10	0.81514	0.01273	0.00968	0.00866	0.01273	0.01477	0.00713	0.01935	0.01120	0.02954	0.00917	0.01069	0.00713	0.00611	0.00407	0.00204	0.00509	0.00356	0.00407	0.00713
11	0.06362	0.45036	0.20192	0.01509	0.02175	0.02155	0.10546	0.02015	0.01366	0.01835	0.01034	0.01232	0.00855	0.00580	0.00517	0.00172	0.00811	0.00441	0.00295	0.00873
12	0.00811	0.00580	0.00772	0.00911	0.00957	0.00540	0.00612	0.00938	0.01300	0.01744	0.08162	0.71720	0.04477	0.02015	0.00836	0.00263	0.00377	0.01827	0.00619	0.00540
13	0.02862	0.01169	0.01546	0.01196	0.01698	0.01052	0.00984	0.06254	0.05708	0.66294	0.02556	0.02223	0.01627	0.00818	0.00662	0.00204	0.00565	0.00663	0.00800	0.01116
14	0.02455	0.05698	0.02010	0.01552	0.02023	0.23863	0.01252	0.46898	0.02643	0.03263	0.01380	0.01438	0.01025	0.00746	0.00628	0.00187	0.00863	0.00531	0.00545	0.00999
15	0.16715	0.01599	0.01745	0.09924	0.09439	0.07840	0.01239	0.21425	0.07520	0.13905	0.01575	0.01651	0.01137	0.00724	0.00608	0.00202	0.00706	0.00556	0.00535	0.00957
16	0.01413	0.00668	0.00712	0.00674	0.00865	0.00652	0.00515	0.01714	0.01435	0.10080	0.02196	0.02431	0.01681	0.00772	0.00482	0.00159	0.00334	0.00619	0.71929	0.00668
17	0.01445	0.03639	0.15385	0.04905	0.25563	0.01481	0.13833	0.02093	0.10578	0.02133	0.02102	0.02299	0.10063	0.00765	0.00682	0.00209	0.00786	0.00717	0.00397	0.00927
18	0.01040	0.05705	0.12288	0.06080	0.01655	0.01016	0.02967	0.01304	0.01304	0.01756	0.02885	0.40987	0.07894	0.01519	0.00861	0.00246	0.05902	0.03442	0.00489	0.00660
19	0.00899	0.00681	0.00820	0.00804	0.00965	0.00607	0.00577	0.01102	0.01528	0.02063	0.30578	0.19098	0.21478	0.09352	0.01038	0.00260	0.00376	0.01297	0.00618	0.05859
20	0.09870	0.05604	0.18466	0.01749	0.11298	0.01601	0.01461	0.12610	0.18241	0.02604	0.01708	0.06108	0.01385	0.00784	0.00620	0.00204	0.00690	0.00635	0.00472	0.03889
21	0.09997	0.01662	0.10393	0.01283	0.01663	0.10943	0.01113	0.10146	0.05389	0.12148	0.03214	0.08457	0.01667	0.08480	0.07824	0.00329	0.03260	0.00717	0.00497	0.00816
22	0.04632	0.01164	0.03375	0.05474	0.13234	0.02715	0.02584	0.07734	0.06273	0.03811	0.14382	0.06077	0.05512	0.00927	0.00637	0.00196	0.00540	0.00795	0.19147	0.00791

[dist]
# distance from previous block
# <min> <max>
0	9

[block]
# block no. 4 follows, 33 sequences, length 16
# corresponding to MSA columns:
# 259-274
name=unknown_E
#
# <colnr> <probs for GDERKNQSTAVLIFYWHMCP>
#	G	D	E	R	K	N	Q	S	T	A	V	L	I	F	Y	W	H	M	C	P
0	0.01809	0.07996	0.01923	0.01630	0.09708	0.01500	0.04932	0.11615	0.20907	0.10708	0.02013	0.05997	0.01633	0.00830	0.00643	0.00196	0.00622	0.03169	0.00552	0.11617
1	0.01532	0.01076	0.01296	0.01018	0.01480	0.00890	0.00818	0.05351	0.01586	0.12044	0.08165	0.05107	0.05631	0.00843	0.00606	0.00155	0.00492	0.05875	0.00528	0.45507
2	0.11212	0.02130	0.28867	0.11716	0.10697	0.01488	0.07088	0.07884	0.01543	0.02329	0.03939	0.01866	0.05010	0.00714	0.00634	0.00209	0.00813	0.00601	0.00372	0.00888
3	0.01685	0.14977	0.07138	0.01799	0.14478	0.17024	0.01300	0.07276	0.04233	0.02059	0.05811	0.07853	0.07173	0.00918	0.00640	0.00195	0.00757	0.03418	0.00433	0.00833
4	0.00966	0.00648	0.00808	0.00846	0.00922	0.00616	0.00572	0.01094	0.01309	0.04076	0.15607	0.28240	0.06942	0.28253	0.01710	0.00385	0.00477	0.05440	0.00563	0.00527
5	0.56363	0.01284	0.04883	0.01006	0.01408	0.01305	0.03351	0.01832	0.01237	0.05253	0.01744	0.06053	0.06694	0.00845	0.00522	0.00215	0.00542	0.04290	0.00451	0.00720
6	0.01497	0.01771	0.13273	0.08042	0.41614	0.01526	0.08407	0.01992	0.04008	0.02079	0.01403	0.05748	0.01206	0.00709	0.00732	0.00210	0.03819	0.00665	0.00344	0.00956
7	0.01697	0.01355	0.01899	0.19150	0.19124	0.01481	0.01436	0.20683	0.04115	0.05477	0.01701	0.08834	0.01471	0.03770	0.04647	0.00271	0.00780	0.00736	0.00472	0.00900
8	0.00815	0.00607	0.00741	0.00832	0.00920	0.00553	0.00566	0.00944	0.01329	0.01723	0.07874	0.48950	0.21688	0.07990	0.01025	0.00283	0.00387	0.01639	0.00600	0.00534
9	0.01215	0.04419	0.01230	0.01252	0.07439	0.06552	0.00857	0.02556	0.02728	0.03614	0.09745	0.17849	0.12453	0.08339	0.07632	0.00336	0.00658	0.07029	0.03441	0.00657
10	0.02011	0.04462	0.04652	0.10191	0.03964	0.13253	0.01255	0.24168	0.08082	0.08577	0.01777	0.08309	0.01453	0.00859	0.00647	0.00201	0.00749	0.00685	0.03786	0.00920
11	0.01336	0.01004	0.01403	0.01371	0.05151	0.01064	0.04998	0.07642	0.06344	0.06608	0.06228	0.29085	0.02814	0.01675	0.06703	0.00307	0.07279	0.04839	0.03412	0.00737
12	0.75392	0.01317	0.01046	0.00916	0.01333	0.01521	0.00755	0.07253	0.01273	0.03046	0.00968	0.01109	0.00744	0.00625	0.00427	0.00203	0.00526	0.00375	0.00427	0.00744
13	0.01028	0.00726	0.00890	0.00932	0.01031	0.00724	0.00653	0.07374	0.01409	0.01903	0.05630	0.40831	0.05729	0.16727	0.04378	0.00361	0.00527	0.05089	0.03482	0.00574
14	0.00845	0.00602	0.00777	0.00881	0.00938	0.00566	0.00594	0.00975	0.01309	0.01755	0.11771	0.54095	0.06644	0.11626	0.01157	0.00308	0.00411	0.03619	0.00597	0.00530
15	0.07122	0.07334	0.03031	0.05032	0.02772	0.05715	0.40140	0.06354	0.03174	0.02193	0.01286	0.01641	0.00998	0.00648	0.00800	0.00213	0.06928	0.00656	0.03109	0.00855

[dist]
# distance from previous block
# <min> <max>
0	2

[block]
# block no. 5 follows, 33 sequences, length 60
# corresponding to MSA columns:
# 277-336
name=unknown_F
#
# <colnr> <probs for GDERKNQSTAVLIFYWHMCP>
#	G	D	E	R	K	N	Q	S	T	A	V	L	I	F	Y	W	H	M	C	P
0	0.03602	0.11678	0.07236	0.08775	0.10800	0.14346	0.03673	0.07425	0.01597	0.04496	0.01183	0.01423	0.00947	0.00646	0.00665	0.00176	0.05006	0.00488	0.00370	0.15467
1	0.01334	0.01268	0.02112	0.55467	0.17413	0.01528	0.01833	0.01739	0.01326	0.01764	0.01158	0.01705	0.00908	0.00686	0.00782	0.00221	0.07083	0.00585	0.00299	0.00790
2	0.03102	0.01027	0.01360	0.01346	0.06909	0.01110	0.03236	0.09425	0.05571	0.04143	0.06352	0.09553	0.05425	0.15438	0.15022	0.00453	0.06103	0.00879	0.02835	0.00711
3	0.01180	0.00824	0.00950	0.00873	0.01098	0.02844	0.00671	0.03411	0.01791	0.09282	0.41217	0.04914	0.23845	0.01361	0.00761	0.00212	0.00387	0.03023	0.00685	0.00670
4	0.09130	0.01811	0.02393	0.05080	0.16540	0.12863	0.17057	0.08431	0.08788	0.02303	0.01336	0.01610	0.01055	0.00702	0.00795	0.00211	0.08000	0.00599	0.00397	0.00899
5	0.07891	0.01805	0.01907	0.01470	0.01989	0.02003	0.01215	0.65882	0.02961	0.04067	0.01535	0.01546	0.01092	0.00778	0.00641	0.00198	0.00710	0.00577	0.00641	0.01092
6	0.01457	0.01041	0.01202	0.01121	0.01387	0.01093	0.00859	0.09014	0.23658	0.08954	0.09681	0.23506	0.08237	0.01344	0.00745	0.00233	0.00477	0.04506	0.00663	0.00820
7	0.00848	0.00606	0.00817	0.00969	0.01028	0.00574	0.00691	0.00996	0.01306	0.01732	0.03603	0.64166	0.04254	0.02019	0.00853	0.00274	0.00422	0.13685	0.00610	0.00547
8	0.00843	0.00607	0.00793	0.00899	0.00966	0.00573	0.00621	0.00988	0.01325	0.01773	0.11225	0.53885	0.08051	0.07148	0.03480	0.00312	0.00446	0.04923	0.00600	0.00541
9	0.01760	0.77260	0.03450	0.01126	0.01690	0.02605	0.01126	0.01971	0.01338	0.01549	0.00915	0.01056	0.00845	0.00563	0.00422	0.00141	0.00704	0.00352	0.00282	0.00845
10	0.00932	0.00673	0.00880	0.00828	0.00984	0.00621	0.00621	0.01242	0.01863	0.02640	0.72410	0.04918	0.06212	0.01346	0.00776	0.00207	0.00311	0.01191	0.00725	0.00621
11	0.00888	0.00671	0.00819	0.00782	0.00957	0.00603	0.00587	0.01158	0.01760	0.02395	0.53741	0.05320	0.25033	0.01437	0.00777	0.00211	0.00317	0.01247	0.00693	0.00603
12	0.00940	0.00705	0.01058	0.01058	0.01176	0.00823	0.00823	0.01176	0.01058	0.01528	0.01763	0.02586	0.01646	0.04937	0.74255	0.01058	0.01763	0.00705	0.00353	0.00588
13	0.01377	0.05486	0.59411	0.02098	0.10073	0.01588	0.04234	0.02058	0.01391	0.02058	0.01172	0.01417	0.00862	0.00635	0.00678	0.00208	0.03499	0.00504	0.00285	0.00965
14	0.02216	0.02588	0.02056	0.03918	0.02193	0.48870	0.08021	0.10591	0.01881	0.01962	0.01141	0.01381	0.00929	0.00880	0.03673	0.00223	0.05794	0.00504	0.00373	0.00808
15	0.01900	0.02119	0.05992	0.06643	0.21173	0.25840	0.01513	0.09382	0.06406	0.02201	0.06438	0.01757	0.01396	0.00742	0.00699	0.00195	0.03719	0.00581	0.00411	0.00892
16	0.01509	0.05431	0.37229	0.01684	0.02463	0.01435	0.10181	0.06050	0.01521	0.04904	0.01264	0.01461	0.00937	0.00597	0.00605	0.00179	0.00828	0.00506	0.00356	0.20861
17	0.02094	0.11901	0.13560	0.01526	0.04005	0.06619	0.01376	0.30025	0.07515	0.09397	0.01764	0.01775	0.03994	0.00766	0.00624	0.00194	0.00748	0.00583	0.00531	0.01006
18	0.01672	0.01303	0.01501	0.01499	0.08723	0.03719	0.01044	0.09522	0.30976	0.08521	0.09247	0.07297	0.02330	0.06260	0.03156	0.00270	0.00610	0.00825	0.00609	0.00916
19	0.01102	0.00953	0.00945	0.00886	0.01140	0.04475	0.00682	0.06395	0.08522	0.02162	0.14521	0.05196	0.45442	0.01440	0.00754	0.00219	0.00429	0.03450	0.00622	0.00665
20	0.01634	0.44178	0.30338	0.01451	0.02158	0.06645	0.01639	0.02056	0.01391	0.01759	0.01024	0.01193	0.00841	0.00594	0.00511	0.00169	0.00838	0.00408	0.00284	0.00889
21	0.01864	0.03524	0.03760	0.04473	0.01657	0.01138	0.00992	0.15202	0.03735	0.23333	0.02847	0.19315	0.08543	0.01299	0.02803	0.00245	0.00598	0.03158	0.00639	0.00872
22	0.02461	0.03080	0.01871	0.01688	0.02035	0.70992	0.01271	0.05667	0.01921	0.01725	0.01043	0.01205	0.00860	0.00683	0.00597	0.00171	0.01166	0.00432	0.00353	0.00779
23	0.02459	0.03138	0.01866	0.01696	0.02035	0.74221	0.01272	0.02629	0.01866	0.01611	0.01018	0.01187	0.00848	0.00678	0.00594	0.00170	0.01187	0.00424	0.00339	0.00763
24	0.01370	0.01846	0.19843	0.30477	0.19340	0.01486	0.08484	0.01882	0.01408	0.01942	0.01320	0.01923	0.01062	0.00682	0.00673	0.00216	0.00888	0.03972	0.00316	0.00870
25	0.00815	0.00594	0.00772	0.00909	0.00973	0.00550	0.00627	0.00947	0.01300	0.01708	0.03925	0.65217	0.11168	0.02008	0.00838	0.00265	0.00391	0.05841	0.00611	0.00541
26	0.00932	0.00673	0.00880	0.00828	0.00984	0.00621	0.00621	0.01242	0.01863	0.02640	0.72410	0.04918	0.06212	0.01346	0.00776	0.00207	0.00311	0.01191	0.00725	0.00621
27	0.00991	0.00690	0.00852	0.00847	0.00897	0.00726	0.00553	0.03178	0.01069	0.01458	0.02069	0.08123	0.02270	0.50517	0.22292	0.00716	0.00930	0.00933	0.00407	0.00481
28	0.01429	0.01458	0.01920	0.01647	0.01766	0.08971	0.07028	0.01632	0.01153	0.01617	0.01141	0.01726	0.01067	0.01991	0.19731	0.00461	0.43633	0.00610	0.00313	0.00706
29	0.00802	0.00573	0.00764	0.00917	0.00955	0.00535	0.00611	0.00917	0.01260	0.01681	0.03628	0.76434	0.04354	0.02062	0.00840	0.00267	0.00382	0.01872	0.00611	0.00535
30	0.81514	0.01273	0.00968	0.00866	0.01273	0.01477	0.00713	0.01935	0.01120	0.02954	0.00917	0.01069	0.00713	0.00611	0.00407	0.00204	0.00509	0.00356	0.00407	0.00713
31	0.01403	0.14101	0.58444	0.01863	0.04650	0.01693	0.04953	0.02067	0.01392	0.02009	0.01150	0.01363	0.00848	0.00612	0.00603	0.00199	0.00934	0.00481	0.00282	0.00953
32	0.01554	0.01776	0.03885	0.02775	0.03441	0.01665	0.70366	0.02109	0.01554	0.02109	0.01332	0.01776	0.00999	0.00555	0.00777	0.00222	0.01110	0.00777	0.00333	0.00888
33	0.00802	0.00573	0.00764	0.00917	0.00955	0.00535	0.00611	0.00917	0.01260	0.01681	0.03628	0.76434	0.04354	0.02062	0.00840	0.00267	0.00382	0.01872	0.00611	0.00535
34	0.01342	0.07104	0.69947	0.01839	0.02791	0.01583	0.02367	0.02079	0.01387	0.02058	0.01168	0.01373	0.00834	0.00622	0.00615	0.00205	0.00959	0.00480	0.00278	0.00967
35	0.01549	0.01761	0.03801	0.02728	0.03364	0.01681	0.67283	0.02085	0.01529	0.02085	0.01311	0.01761	0.00993	0.00582	0.00839	0.00225	0.04444	0.00768	0.00331	0.00880
36	0.00802	0.00573	0.00764	0.00917	0.00955	0.00535	0.00611	0.00917	0.01260	0.01681	0.03628	0.76434	0.04354	0.02062	0.00840	0.00267	0.00382	0.01872	0.00611	0.00535
37	0.00957	0.00638	0.00718	0.00718	0.00718	0.00638	0.00399	0.00957	0.00957	0.01276	0.02074	0.04308	0.02393	0.76864	0.03351	0.00638	0.00638	0.00957	0.00399	0.00399
38	0.02143	0.36666	0.02582	0.01438	0.01879	0.41826	0.01206	0.02331	0.01627	0.01583	0.00971	0.01128	0.00847	0.00626	0.00516	0.00157	0.00969	0.00391	0.00313	0.00800
39	0.01365	0.01170	0.01365	0.00975	0.01560	0.00878	0.00780	0.01658	0.01365	0.02145	0.01170	0.01365	0.00975	0.00488	0.00488	0.00098	0.00488	0.00390	0.00390	0.80888
40	0.00833	0.00606	0.00785	0.00873	0.00956	0.00558	0.00604	0.01001	0.01433	0.01931	0.21214	0.52465	0.10609	0.01848	0.00819	0.00248	0.00360	0.01659	0.00640	0.00558
41	0.01764	0.01441	0.01488	0.01307	0.01690	0.04089	0.01024	0.09836	0.52737	0.07040	0.02819	0.02615	0.07345	0.00931	0.00674	0.00218	0.00552	0.00763	0.00661	0.01007
42	0.01320	0.03405	0.73453	0.01876	0.02849	0.01529	0.02432	0.02085	0.01390	0.02085	0.01181	0.01390	0.00834	0.00625	0.00625	0.00208	0.00973	0.00486	0.00278	0.00973
43	0.00940	0.00705	0.01058	0.01058	0.01176	0.00823	0.00823	0.01176	0.01058	0.01528	0.01763	0.02586	0.01646	0.04937	0.74255	0.01058	0.01763	0.00705	0.00353	0.00588
44	0.02503	0.01844	0.01976	0.01515	0.02042	0.02042	0.01251	0.70562	0.03095	0.04149	0.01581	0.01581	0.01120	0.00790	0.00659	0.00198	0.00724	0.00593	0.00659	0.01120
45	0.01365	0.01170	0.01365	0.00975	0.01560	0.00878	0.00780	0.01658	0.01365	0.02145	0.01170	0.01365	0.00975	0.00488	0.00488	0.00098	0.00488	0.00390	0.00390	0.80888
46	0.01320	0.03405	0.73453	0.01876	0.02849	0.01529	0.02432	0.02085	0.01390	0.02085	0.01181	0.01390	0.00834	0.00625	0.00625	0.00208	0.00973	0.00486	0.00278	0.00973
47	0.01531	0.01705	0.03552	0.02561	0.03166	0.01639	0.59728	0.02033	0.01495	0.02068	0.01282	0.01719	0.00986	0.00600	0.00872	0.00219	0.07268	0.00733	0.00333	0.06512
48	0.01637	0.01414	0.01489	0.01340	0.01712	0.01637	0.01042	0.03498	0.71568	0.02754	0.02679	0.02456	0.02010	0.00893	0.00670	0.00223	0.00521	0.00744	0.00670	0.01042
49	0.03976	0.03335	0.71053	0.01843	0.02797	0.01527	0.02375	0.02080	0.01381	0.02114	0.01173	0.01379	0.00830	0.00625	0.00618	0.00208	0.00958	0.00482	0.00282	0.00964
50	0.01059	0.00830	0.01147	0.07145	0.01463	0.00951	0.00889	0.03684	0.04736	0.01744	0.02290	0.08010	0.07829	0.05898	0.43233	0.00721	0.04258	0.00835	0.02646	0.00634
51	0.21293	0.01277	0.01173	0.01049	0.01377	0.06917	0.00822	0.06947	0.17724	0.04638	0.13777	0.02928	0.12872	0.00983	0.00624	0.00207	0.00516	0.00775	0.03309	0.00791
52	0.00940	0.00705	0.01058	0.01058	0.01176	0.00823	0.00823	0.01176	0.01058	0.01528	0.01763	0.02586	0.01646	0.04937	0.74255	0.01058	0.01763	0.00705	0.00353	0.00588
53	0.01500	0.01421	0.02341	0.18811	0.50018	0.01490	0.01836	0.01976	0.05622	0.02066	0.01615	0.01970	0.05081	0.00681	0.00661	0.00204	0.00762	0.00641	0.00355	0.00949
54	0.01863	0.01194	0.01503	0.01131	0.01652	0.01019	0.03209	0.06160	0.05397	0.22086	0.06697	0.01943	0.01590	0.00680	0.00586	0.00151	0.00532	0.00566	0.00560	0.41479
55	0.01365	0.01170	0.01365	0.00975	0.01560	0.00878	0.00780	0.01658	0.01365	0.02145	0.01170	0.01365	0.00975	0.00488	0.00488	0.00098	0.00488	0.00390	0.00390	0.80888
56	0.01629	0.35260	0.37065	0.01513	0.02262	0.04884	0.01755	0.02108	0.01408	0.05015	0.01123	0.01275	0.00875	0.00609	0.00538	0.00177	0.00847	0.00434	0.00306	0.00916
57	0.09653	0.22072	0.10807	0.01523	0.05423	0.10157	0.06111	0.04022	0.08568	0.02010	0.01343	0.01664	0.01134	0.05105	0.07507	0.00288	0.00881	0.00530	0.00369	0.00831
58	0.04031	0.31464	0.25267	0.01465	0.02131	0.04074	0.03855	0.11063	0.01624	0.02186	0.03828	0.01417	0.01087	0.00645	0.00550	0.00176	0.00792	0.00476	0.00358	0.03511
59	0.01479	0.03730	0.14421	0.10549	0.07165	0.03690	0.01339	0.05769	0.07722	0.06225	0.02071	0.11278	0.06189	0.00894	0.00645	0.00195	0.00670	0.00754	0.00455	0.14758

[dist]
# distance from previous block
# <min> <max>
1	17

[block]
# block no. 6 follows, 33 sequences, length 163
# corresponding to MSA columns:
# 354-516
name=unknown_G
#
# <colnr> <probs for GDERKNQSTAVLIFYWHMCP>
#	G	D	E	R	K	N	Q	S	T	A	V	L	I	F	Y	W	H	M	C	P
0	0.01277	0.05597	0.03362	0.01172	0.01436	0.01167	0.04898	0.04540	0.20414	0.02241	0.11667	0.20589	0.04595	0.06001	0.00911	0.00249	0.02426	0.01056	0.05644	0.00758
1	0.06800	0.05996	0.33788	0.01732	0.05118	0.11490	0.03891	0.06598	0.01573	0.04992	0.03624	0.01742	0.01188	0.00840	0.02613	0.00227	0.03764	0.02758	0.00373	0.00894
2	0.01727	0.20094	0.08873	0.05132	0.25005	0.01870	0.05523	0.12222	0.07452	0.02313	0.01377	0.03115	0.01128	0.00672	0.00608	0.00190	0.00764	0.00573	0.00394	0.00968
3	0.01702	0.63599	0.11143	0.01226	0.01821	0.02416	0.01267	0.02093	0.06341	0.01695	0.01071	0.01193	0.00926	0.00594	0.00463	0.00154	0.00721	0.00395	0.00309	0.00873
4	0.10262	0.26353	0.11729	0.01386	0.01910	0.09867	0.03549	0.08840	0.10941	0.02234	0.01444	0.01796	0.01210	0.00737	0.00566	0.00189	0.00756	0.04939	0.00412	0.00877
5	0.01645	0.07888	0.06033	0.01403	0.03908	0.01348	0.06335	0.08930	0.04229	0.09069	0.06185	0.02174	0.01602	0.03207	0.00808	0.00194	0.05906	0.04118	0.00473	0.24545
6	0.00892	0.00825	0.05462	0.01091	0.03838	0.00675	0.00786	0.01120	0.03613	0.01767	0.03586	0.60945	0.09210	0.01846	0.00809	0.00256	0.00436	0.01660	0.00581	0.00600
7	0.01057	0.00788	0.00921	0.00881	0.01098	0.00752	0.00677	0.01513	0.10844	0.05126	0.31320	0.07362	0.28004	0.01428	0.00769	0.00222	0.00377	0.05517	0.00671	0.00670
8	0.01691	0.03578	0.03940	0.04771	0.29363	0.07877	0.06752	0.12105	0.05451	0.02441	0.11082	0.02102	0.01795	0.00888	0.03094	0.00227	0.00794	0.00674	0.00447	0.00929
9	0.02445	0.01365	0.01627	0.01305	0.01760	0.01388	0.01072	0.30780	0.04388	0.32500	0.02314	0.07081	0.01770	0.00964	0.00691	0.00213	0.00619	0.05959	0.00717	0.01041
10	0.00793	0.00668	0.00688	0.00683	0.00899	0.00562	0.00512	0.00974	0.01537	0.01864	0.13218	0.06194	0.65887	0.01635	0.00778	0.00221	0.00331	0.01370	0.00623	0.00562
11	0.01192	0.00660	0.00676	0.00663	0.00834	0.00650	0.00499	0.03642	0.01462	0.02409	0.04825	0.04930	0.10771	0.00932	0.00526	0.00168	0.00326	0.00761	0.63455	0.00621
12	0.02056	0.12888	0.13017	0.04157	0.04614	0.40919	0.07078	0.04407	0.01705	0.01810	0.01083	0.01292	0.00873	0.00645	0.00596	0.00179	0.01047	0.00468	0.00329	0.00835
13	0.01320	0.03405	0.73453	0.01876	0.02849	0.01529	0.02432	0.02085	0.01390	0.02085	0.01181	0.01390	0.00834	0.00625	0.00625	0.00208	0.00973	0.00486	0.00278	0.00973
14	0.00812	0.00580	0.00775	0.00928	0.00970	0.00543	0.00628	0.00933	0.01270	0.01691	0.03623	0.73861	0.04333	0.02053	0.00843	0.00269	0.00390	0.04350	0.00611	0.00537
15	0.00811	0.00581	0.00757	0.00893	0.00937	0.00542	0.00593	0.00921	0.01252	0.01659	0.03670	0.68628	0.07372	0.06787	0.00997	0.00289	0.00396	0.01791	0.00598	0.00527
16	0.01546	0.01977	0.15041	0.06197	0.03146	0.01643	0.44801	0.04956	0.09567	0.02237	0.01462	0.01780	0.01085	0.00620	0.00729	0.00219	0.00992	0.00707	0.00373	0.00921
17	0.00855	0.00607	0.00788	0.00869	0.00932	0.00570	0.00587	0.01005	0.01376	0.01875	0.21055	0.48874	0.04579	0.11454	0.01145	0.00299	0.00396	0.01580	0.00613	0.00539
18	0.01554	0.01776	0.03885	0.02775	0.03441	0.01665	0.70366	0.02109	0.01554	0.02109	0.01332	0.01776	0.00999	0.00555	0.00777	0.00222	0.01110	0.00777	0.00333	0.00888
19	0.04342	0.01527	0.01551	0.01362	0.01753	0.04550	0.01074	0.13742	0.54109	0.02910	0.02408	0.02356	0.01831	0.00884	0.00663	0.00219	0.00581	0.02470	0.00645	0.01021
20	0.02458	0.02754	0.01892	0.01773	0.06196	0.57264	0.01287	0.08368	0.01949	0.08277	0.01220	0.01341	0.00953	0.00695	0.00609	0.00177	0.01068	0.00469	0.00408	0.00842
21	0.00957	0.00638	0.00718	0.00718	0.00718	0.00638	0.00399	0.00957	0.00957	0.01276	0.02074	0.04308	0.02393	0.76864	0.03351	0.00638	0.00638	0.00957	0.00399	0.00399
22	0.01735	0.01392	0.01492	0.01327	0.01710	0.01588	0.01036	0.03477	0.66395	0.07985	0.02673	0.02440	0.01981	0.00887	0.00669	0.00222	0.00524	0.00738	0.00681	0.01048
23	0.00857	0.00601	0.00770	0.00877	0.00911	0.00579	0.00575	0.00950	0.01180	0.01575	0.03143	0.52249	0.03718	0.22504	0.03813	0.00394	0.00502	0.03756	0.00545	0.00502
24	0.02294	0.04524	0.01858	0.01511	0.01933	0.27436	0.01194	0.30209	0.12597	0.04959	0.01621	0.04041	0.01268	0.00801	0.00636	0.00192	0.00841	0.00592	0.00539	0.00954
25	0.00800	0.00581	0.00756	0.00896	0.00950	0.00536	0.00602	0.00919	0.01280	0.01688	0.03875	0.70743	0.09886	0.02030	0.00835	0.00264	0.00378	0.01832	0.00611	0.00536
26	0.00919	0.00672	0.00863	0.00815	0.00976	0.00616	0.00611	0.01218	0.01834	0.02570	0.67072	0.05033	0.11593	0.01372	0.00777	0.00208	0.00312	0.01207	0.00715	0.00616
27	0.08714	0.11613	0.56579	0.01727	0.02591	0.01652	0.04303	0.02059	0.01365	0.02104	0.01132	0.01335	0.00829	0.00615	0.00587	0.00201	0.00904	0.00468	0.00292	0.00932
