[name]
unknown

[dist]
# distance from previous block
# <min> <max>
0	23

[block]
# block no. 0 follows, 32 sequences, length 24
# corresponding to MSA columns:
# 23-46
name=unknown_A
#
# <colnr> <probs for GDERKNQSTAVLIFYWHMCP>
#	G	D	E	R	K	N	Q	S	T	A	V	L	I	F	Y	W	H	M	C	P
0	0.01526	0.01263	0.04496	0.07587	0.05785	0.03833	0.01073	0.13867	0.04230	0.06196	0.07958	0.11522	0.05956	0.11425	0.01135	0.02016	0.00641	0.05902	0.00542	0.03048
1	0.01216	0.00843	0.01089	0.01019	0.01209	0.00828	0.02684	0.04245	0.04572	0.08700	0.18955	0.25880	0.14906	0.06146	0.01016	0.00263	0.03803	0.01306	0.00637	0.00681
2	0.03975	0.00754	0.00904	0.00877	0.01058	0.00687	0.00621	0.01329	0.01389	0.08276	0.10392	0.28914	0.10456	0.14590	0.01206	0.00297	0.00451	0.01249	0.04034	0.08541
3	0.06503	0.00951	0.01094	0.00984	0.01243	0.00950	0.00738	0.06727	0.07934	0.13758	0.07185	0.12472	0.10768	0.14138	0.05355	0.00339	0.00580	0.00977	0.04018	0.03284
4	0.05720	0.00783	0.00940	0.00936	0.01083	0.00783	0.00675	0.03778	0.04447	0.05184	0.14904	0.23593	0.07685	0.14188	0.04224	0.04882	0.00530	0.04476	0.00579	0.00611
5	0.01540	0.00934	0.01145	0.01072	0.01297	0.00930	0.00802	0.10932	0.05064	0.15173	0.03022	0.29498	0.05978	0.11310	0.04061	0.00330	0.00578	0.04953	0.00632	0.00751
6	0.00996	0.00655	0.00844	0.00919	0.01008	0.00617	0.00638	0.01132	0.01328	0.05797	0.06934	0.45236	0.08383	0.14093	0.03581	0.00352	0.00495	0.05826	0.00597	0.00569
7	0.00924	0.00688	0.00888	0.00969	0.01045	0.00687	0.00687	0.01134	0.03814	0.01847	0.11253	0.47667	0.06878	0.08647	0.01136	0.00300	0.03639	0.06617	0.00604	0.00575
8	0.09620	0.00918	0.01046	0.00980	0.01214	0.00924	0.00739	0.07362	0.05565	0.10715	0.08760	0.19604	0.11166	0.07417	0.01031	0.04211	0.00488	0.03974	0.03558	0.00708
9	0.05571	0.01249	0.01593	0.01317	0.01707	0.01266	0.08214	0.15704	0.12102	0.09078	0.05732	0.11106	0.12816	0.01121	0.00719	0.00220	0.00588	0.03939	0.00612	0.05346
10	0.01883	0.02994	0.01665	0.01284	0.01735	0.03352	0.06255	0.14223	0.08757	0.15801	0.05737	0.06585	0.06529	0.00897	0.00658	0.00190	0.00598	0.00758	0.04049	0.16049
11	0.06169	0.01254	0.07005	0.04153	0.01627	0.01131	0.01001	0.07567	0.12438	0.10861	0.23841	0.03133	0.04989	0.04182	0.04067	0.00265	0.00591	0.00837	0.00614	0.04275
12	0.01625	0.03551	0.01942	0.01572	0.04085	0.01501	0.11462	0.19357	0.08073	0.02655	0.14792	0.02698	0.02312	0.10174	0.03520	0.00299	0.08205	0.00800	0.00533	0.00846
13	0.34529	0.03354	0.01531	0.01218	0.01668	0.09979	0.04008	0.08242	0.01678	0.22124	0.04559	0.01680	0.01295	0.00733	0.00565	0.00202	0.00658	0.00534	0.00551	0.00890
14	0.08397	0.00798	0.00906	0.00830	0.00962	0.00787	0.00541	0.01485	0.01164	0.14580	0.02108	0.03713	0.02146	0.55858	0.02648	0.00530	0.00624	0.00867	0.00485	0.00570
15	0.00967	0.00685	0.00857	0.04997	0.01092	0.00690	0.00625	0.01064	0.01156	0.01521	0.02765	0.18795	0.05920	0.44492	0.02317	0.00489	0.00595	0.10005	0.00480	0.00488
16	0.00982	0.00657	0.00751	0.00760	0.00769	0.00657	0.00444	0.00999	0.01008	0.01341	0.02195	0.04569	0.02519	0.72230	0.03275	0.00631	0.00649	0.04725	0.00418	0.00418
17	0.06720	0.26840	0.02546	0.01584	0.02036	0.40468	0.06983	0.02377	0.01657	0.01743	0.01024	0.01210	0.00868	0.00639	0.00553	0.00170	0.01004	0.00435	0.00330	0.00813
18	0.01123	0.00808	0.00943	0.00884	0.00918	0.00879	0.00566	0.05373	0.01118	0.01516	0.01961	0.03928	0.02204	0.64257	0.03123	0.00587	0.08000	0.00914	0.00412	0.00485
19	0.36201	0.02035	0.01898	0.01570	0.01991	0.25629	0.13829	0.02223	0.01472	0.02325	0.01045	0.01283	0.00834	0.00662	0.00637	0.00204	0.04536	0.00477	0.00372	0.00777
20	0.17009	0.01731	0.02750	0.02084	0.02554	0.07467	0.35117	0.02037	0.01411	0.02176	0.01153	0.01540	0.00923	0.00698	0.00956	0.00226	0.14914	0.00625	0.00348	0.04280
21	0.10533	0.02025	0.08095	0.02060	0.02491	0.14079	0.26447	0.02072	0.01423	0.02010	0.01113	0.01503	0.00909	0.00766	0.01093	0.00232	0.21390	0.00604	0.00332	0.00823
22	0.04238	0.01795	0.03325	0.02432	0.03022	0.05557	0.50531	0.04708	0.03323	0.04477	0.01376	0.01742	0.01042	0.00634	0.00832	0.00220	0.05535	0.00719	0.00378	0.04114
23	0.01653	0.01733	0.03117	0.11792	0.03197	0.07017	0.42783	0.02111	0.01539	0.05193	0.01325	0.01728	0.01008	0.00636	0.00829	0.00216	0.06037	0.00690	0.00358	0.07037

[dist]
# distance from previous block
# <min> <max>
0	14

[block]
# block no. 1 follows, 32 sequences, length 48
# corresponding to MSA columns:
# 61-108
name=unknown_B
#
# <colnr> <probs for GDERKNQSTAVLIFYWHMCP>
#	G	D	E	R	K	N	Q	S	T	A	V	L	I	F	Y	W	H	M	C	P
0	0.07442	0.01748	0.04914	0.10453	0.08538	0.06974	0.33737	0.02099	0.01516	0.04559	0.01287	0.01653	0.00986	0.00616	0.00732	0.00207	0.03149	0.00640	0.00360	0.08388
1	0.01772	0.09787	0.02340	0.07015	0.06481	0.01445	0.16802	0.04722	0.06067	0.13672	0.01798	0.02052	0.03671	0.04612	0.00789	0.00211	0.00739	0.00651	0.00468	0.14905
2	0.06512	0.01600	0.07157	0.01542	0.04565	0.08138	0.11681	0.01962	0.06930	0.02196	0.05014	0.10038	0.01686	0.00803	0.00634	0.00180	0.00695	0.00711	0.00438	0.27517
3	0.08049	0.01599	0.09687	0.03643	0.02032	0.05846	0.14178	0.07421	0.07121	0.02379	0.10549	0.05476	0.15119	0.00992	0.00704	0.00214	0.00700	0.00870	0.00503	0.02918
4	0.07377	0.01762	0.03833	0.01416	0.01964	0.01823	0.01189	0.50680	0.04501	0.03717	0.01517	0.01560	0.01106	0.00741	0.00625	0.00186	0.00686	0.00556	0.00599	0.14163
5	0.00988	0.00747	0.01073	0.01058	0.01153	0.00872	0.00802	0.01184	0.01059	0.01519	0.01801	0.02857	0.01758	0.16290	0.58757	0.00969	0.05420	0.00753	0.00364	0.00575
6	0.01372	0.03285	0.65242	0.02015	0.02971	0.01574	0.09993	0.02128	0.01435	0.02128	0.01221	0.01461	0.00869	0.00629	0.00655	0.00214	0.01007	0.00529	0.00290	0.00982
7	0.01679	0.53548	0.17670	0.01491	0.02161	0.02325	0.09081	0.02048	0.01399	0.01753	0.01035	0.01227	0.00876	0.00586	0.00513	0.00167	0.00819	0.00435	0.00292	0.00893
8	0.01669	0.04478	0.02399	0.23855	0.14054	0.01513	0.14922	0.08872	0.01671	0.08832	0.01761	0.04945	0.03197	0.00801	0.00707	0.00219	0.00825	0.03954	0.00435	0.00891
9	0.01053	0.00709	0.00904	0.00868	0.01010	0.00683	0.00633	0.01269	0.01525	0.05734	0.33557	0.04634	0.10942	0.19059	0.11598	0.00438	0.00627	0.03564	0.00599	0.00596
10	0.00828	0.00588	0.00776	0.00921	0.00958	0.00552	0.00609	0.00937	0.01265	0.01687	0.03598	0.71457	0.04312	0.06799	0.01018	0.00296	0.00406	0.01849	0.00609	0.00536
11	0.02361	0.20172	0.02271	0.01566	0.01980	0.50970	0.01250	0.06036	0.01842	0.04222	0.01098	0.01237	0.00906	0.00675	0.00570	0.00169	0.01049	0.00432	0.00366	0.00829
12	0.02317	0.02529	0.02065	0.01723	0.02148	0.41733	0.08219	0.21338	0.02196	0.02428	0.01594	0.01715	0.05450	0.00774	0.00654	0.00190	0.01015	0.00579	0.00454	0.00879
13	0.03863	0.24012	0.21832	0.01577	0.02233	0.12696	0.07601	0.02227	0.01521	0.07640	0.01223	0.01382	0.00946	0.00623	0.00571	0.00177	0.00867	0.00475	0.00357	0.08177
14	0.01251	0.00625	0.00625	0.00625	0.00782	0.00625	0.00469	0.01563	0.01407	0.02502	0.02189	0.02502	0.01720	0.00782	0.00469	0.00156	0.00313	0.00625	0.80144	0.00625
15	0.14197	0.18188	0.03967	0.01605	0.11493	0.06196	0.03526	0.02134	0.03415	0.08212	0.01269	0.01423	0.01008	0.00606	0.00534	0.00165	0.00678	0.00464	0.00404	0.20516
16	0.37870	0.11536	0.03855	0.01455	0.07865	0.08194	0.01118	0.02163	0.07855	0.02426	0.01144	0.01335	0.00932	0.00709	0.00688	0.00207	0.08982	0.00456	0.00392	0.00819
17	0.00959	0.00717	0.01067	0.01067	0.01183	0.00832	0.00824	0.01191	0.01075	0.01549	0.01808	0.02694	0.01703	0.07406	0.71421	0.01064	0.01759	0.00727	0.00361	0.00593
18	0.00845	0.00605	0.00803	0.00916	0.00979	0.00563	0.00625	0.01003	0.01411	0.01914	0.17751	0.61354	0.04828	0.01952	0.00843	0.00260	0.00374	0.01764	0.00647	0.00563
19	0.01251	0.00625	0.00625	0.00625	0.00782	0.00625	0.00469	0.01563	0.01407	0.02502	0.02189	0.02502	0.01720	0.00782	0.00469	0.00156	0.00313	0.00625	0.80144	0.00625
20	0.01400	0.01200	0.01395	0.01005	0.01595	0.00918	0.00803	0.01747	0.03521	0.02205	0.01240	0.01425	0.01026	0.00510	0.00503	0.00103	0.00498	0.00409	0.00406	0.78090
21	0.06622	0.48653	0.07076	0.01272	0.01797	0.02105	0.06695	0.01896	0.01424	0.01885	0.09859	0.01718	0.01583	0.00883	0.03861	0.00209	0.00754	0.00525	0.00359	0.00824
22	0.01669	0.01441	0.01517	0.01365	0.01745	0.01669	0.01062	0.03565	0.71021	0.02807	0.02731	0.02503	0.02048	0.00910	0.00683	0.00228	0.00531	0.00759	0.00683	0.01062
23	0.01024	0.00977	0.04839	0.08645	0.01628	0.04096	0.03196	0.01249	0.01366	0.01780	0.03098	0.50621	0.03548	0.01736	0.00821	0.00263	0.00561	0.09383	0.00550	0.00620
24	0.01804	0.06202	0.42601	0.01709	0.02497	0.01493	0.05693	0.02517	0.07548	0.18935	0.01674	0.01722	0.01156	0.00700	0.00649	0.00210	0.00846	0.00571	0.00451	0.01022
25	0.01251	0.00625	0.00625	0.00625	0.00782	0.00625	0.00469	0.01563	0.01407	0.02502	0.02189	0.02502	0.01720	0.00782	0.00469	0.00156	0.00313	0.00625	0.80144	0.00625
26	0.01023	0.00740	0.00948	0.00876	0.01052	0.00699	0.00662	0.04401	0.01957	0.02761	0.68674	0.04857	0.06094	0.01346	0.00786	0.00211	0.00336	0.01186	0.00736	0.00656
27	0.03820	0.05275	0.02097	0.15901	0.21032	0.01443	0.03674	0.09240	0.01665	0.11274	0.01577	0.06140	0.01288	0.00738	0.00641	0.00194	0.00713	0.00646	0.00452	0.12191
28	0.08189	0.04070	0.04560	0.04210	0.08648	0.06463	0.18131	0.25976	0.02055	0.02843	0.01355	0.01610	0.01036	0.00855	0.03272	0.00240	0.04462	0.00612	0.00456	0.00958
29	0.01867	0.01385	0.02083	0.01893	0.14083	0.01242	0.11741	0.07469	0.01704	0.16419	0.03780	0.01812	0.01322	0.00643	0.00630	0.00169	0.00675	0.00590	0.00496	0.29999
30	0.04118	0.01844	0.11624	0.02535	0.26698	0.01622	0.09039	0.19622	0.01954	0.07255	0.01773	0.01949	0.05409	0.00736	0.00678	0.00207	0.00793	0.00655	0.00466	0.01022
31	0.01902	0.55515	0.08944	0.01323	0.03464	0.02330	0.01280	0.05658	0.01509	0.08696	0.01163	0.01275	0.00958	0.00635	0.00542	0.00164	0.02941	0.00426	0.00361	0.00915
32	0.01251	0.00625	0.00625	0.00625	0.00782	0.00625	0.00469	0.01563	0.01407	0.02502	0.02189	0.02502	0.01720	0.00782	0.00469	0.00156	0.00313	0.00625	0.80144	0.00625
33	0.01596	0.01265	0.01467	0.01063	0.01649	0.01028	0.00857	0.09198	0.01609	0.05823	0.01309	0.01458	0.01042	0.00547	0.00524	0.00116	0.00527	0.00433	0.00448	0.68040
34	0.01251	0.00625	0.00625	0.00625	0.00782	0.00625	0.00469	0.01563	0.01407	0.02502	0.02189	0.02502	0.01720	0.00782	0.00469	0.00156	0.00313	0.00625	0.80144	0.00625
35	0.01399	0.01218	0.01496	0.01069	0.01669	0.00927	0.03617	0.01708	0.01399	0.02185	0.01199	0.01408	0.00995	0.00500	0.00509	0.00105	0.00523	0.00414	0.00395	0.77265
36	0.00973	0.00661	0.00784	0.00784	0.00802	0.00679	0.00472	0.01009	0.00991	0.01340	0.02066	0.04125	0.02324	0.65605	0.14072	0.00715	0.00824	0.00937	0.00399	0.00436
37	0.01479	0.01244	0.01438	0.01035	0.01627	0.00984	0.00831	0.06832	0.01524	0.02340	0.01224	0.01408	0.01005	0.00520	0.00510	0.00107	0.00515	0.00413	0.00418	0.74545
38	0.05990	0.01733	0.02340	0.10906	0.42584	0.09667	0.01753	0.10260	0.01738	0.04807	0.01302	0.01610	0.01035	0.00650	0.00647	0.00200	0.00824	0.00570	0.00392	0.00991
39	0.02494	0.01851	0.01982	0.01532	0.02059	0.02054	0.01262	0.65708	0.07536	0.04137	0.01683	0.01669	0.01200	0.00812	0.00672	0.00203	0.00725	0.00614	0.00672	0.01136
40	0.01584	0.01810	0.03959	0.02828	0.03507	0.01697	0.69796	0.02149	0.01584	0.02149	0.01357	0.01810	0.01018	0.00566	0.00792	0.00226	0.01131	0.00792	0.00339	0.00905
41	0.00835	0.00596	0.00798	0.00954	0.01000	0.00560	0.00652	0.00964	0.01301	0.01732	0.03689	0.71565	0.04401	0.02086	0.00861	0.00275	0.00404	0.06156	0.00623	0.00550
42	0.01555	0.01487	0.02533	0.23068	0.54108	0.01567	0.02007	0.01967	0.01478	0.02064	0.01243	0.01695	0.01018	0.00617	0.00666	0.00206	0.00823	0.00597	0.00323	0.00978
43	0.01251	0.00625	0.00625	0.00625	0.00782	0.00625	0.00469	0.01563	0.01407	0.02502	0.02189	0.02502	0.01720	0.00782	0.00469	0.00156	0.00313	0.00625	0.80144	0.00625
44	0.04134	0.01288	0.05123	0.01161	0.03600	0.09018	0.00906	0.05195	0.03612	0.05799	0.29275	0.08376	0.14051	0.01196	0.00722	0.00208	0.00531	0.01008	0.00605	0.04191
45	0.00827	0.00595	0.00788	0.00938	0.00988	0.00555	0.00638	0.00954	0.01304	0.01728	0.03798	0.70801	0.06728	0.02078	0.00857	0.00272	0.00397	0.04582	0.00623	0.00549
46	0.03670	0.01258	0.01437	0.01041	0.01627	0.01020	0.00837	0.07947	0.01546	0.02396	0.01224	0.01403	0.01000	0.00529	0.00511	0.00112	0.00520	0.00416	0.00423	0.71085
47	0.02184	0.21555	0.04455	0.01652	0.04069	0.42078	0.01330	0.05737	0.01731	0.01783	0.01038	0.01237	0.00884	0.00702	0.00697	0.00179	0.07077	0.00442	0.00341	0.00828

[dist]
# distance from previous block
# <min> <max>
0	1

[block]
# block no. 2 follows, 32 sequences, length 30
# corresponding to MSA columns:
# 112-141
name=unknown_C
#
# <colnr> <probs for GDERKNQSTAVLIFYWHMCP>
#	G	D	E	R	K	N	Q	S	T	A	V	L	I	F	Y	W	H	M	C	P
0	0.41418	0.13702	0.09065	0.01387	0.06186	0.14585	0.01160	0.02126	0.01365	0.02399	0.01001	0.01179	0.00806	0.00627	0.00490	0.00191	0.00740	0.00403	0.00364	0.00806
1	0.01724	0.06733	0.05392	0.10982	0.16130	0.14116	0.21096	0.02232	0.06557	0.01997	0.01302	0.01643	0.01035	0.00671	0.00772	0.00210	0.05545	0.00616	0.00351	0.00896
2	0.01035	0.00742	0.01031	0.01004	0.01127	0.00817	0.00759	0.01240	0.01201	0.04052	0.08998	0.03335	0.07040	0.14567	0.46609	0.00818	0.03749	0.00846	0.00435	0.00595
3	0.00879	0.00681	0.00804	0.00802	0.00982	0.00606	0.00605	0.01116	0.01670	0.02190	0.33951	0.10781	0.35195	0.01598	0.00805	0.00228	0.00351	0.05488	0.00672	0.00596
4	0.01251	0.00625	0.00625	0.00625	0.00782	0.00625	0.00469	0.01563	0.01407	0.02502	0.02189	0.02502	0.01720	0.00782	0.00469	0.00156	0.00313	0.00625	0.80144	0.00625
5	0.00805	0.00680	0.00697	0.00693	0.00914	0.00572	0.00519	0.00987	0.01558	0.01881	0.11872	0.06345	0.66843	0.01674	0.00793	0.00225	0.00338	0.01400	0.00632	0.00572
6	0.02551	0.01879	0.02014	0.01544	0.02081	0.02081	0.01275	0.69996	0.03155	0.04229	0.01611	0.01611	0.01141	0.00805	0.00671	0.00201	0.00738	0.00604	0.00671	0.01141
7	0.01661	0.01594	0.02724	0.04119	0.72233	0.01594	0.02059	0.02059	0.01528	0.02192	0.01262	0.01661	0.01063	0.00598	0.00664	0.00199	0.00797	0.00598	0.00332	0.01063
8	0.01391	0.01193	0.01391	0.00994	0.01590	0.00894	0.00795	0.01690	0.01391	0.02186	0.01193	0.01391	0.00994	0.00497	0.00497	0.00099	0.00497	0.00398	0.00398	0.80521
9	0.03010	0.01142	0.01557	0.01194	0.01713	0.00986	0.00986	0.03270	0.01920	0.72698	0.02647	0.02284	0.01661	0.00830	0.00675	0.00208	0.00571	0.00675	0.00830	0.01142
10	0.01685	0.01413	0.01500	0.01337	0.01708	0.01612	0.01041	0.10372	0.57519	0.02862	0.02801	0.06801	0.04364	0.00994	0.00695	0.00227	0.00539	0.00830	0.00676	0.01024
11	0.01642	0.07152	0.02332	0.01981	0.07660	0.10759	0.06343	0.01847	0.01239	0.01701	0.00969	0.01448	0.00902	0.00982	0.01654	0.00256	0.49473	0.00567	0.00306	0.00787
12	0.01915	0.64332	0.03242	0.01247	0.01782	0.14712	0.01173	0.02123	0.01455	0.01589	0.00951	0.01099	0.00862	0.00594	0.00460	0.00148	0.00801	0.00371	0.00297	0.00847
13	0.01571	0.11029	0.28950	0.01791	0.06775	0.01492	0.10570	0.03577	0.01569	0.09217	0.06334	0.02219	0.07783	0.00779	0.00659	0.00202	0.00799	0.00671	0.00421	0.03592
14	0.01923	0.11401	0.04910	0.05187	0.36086	0.03850	0.03377	0.02404	0.07133	0.14881	0.01578	0.01751	0.01203	0.00668	0.00638	0.00197	0.00756	0.00590	0.00442	0.01025
15	0.00861	0.00639	0.00808	0.00915	0.01005	0.00598	0.00637	0.01064	0.03567	0.01851	0.09655	0.55679	0.14083	0.01940	0.00839	0.00261	0.00389	0.04002	0.00634	0.00574
16	0.02190	0.02584	0.01894	0.06866	0.04213	0.50749	0.03526	0.07210	0.01930	0.01984	0.09185	0.01746	0.01520	0.00769	0.00643	0.00185	0.01038	0.00562	0.00410	0.00797
17	0.02123	0.09290	0.16976	0.07182	0.12600	0.07383	0.03326	0.05431	0.01705	0.25015	0.01662	0.01729	0.01167	0.00700	0.00639	0.00200	0.00803	0.00570	0.00493	0.01007
18	0.01042	0.00805	0.01052	0.01100	0.06226	0.00716	0.03397	0.01264	0.01577	0.06084	0.15190	0.14682	0.41303	0.01530	0.00785	0.00227	0.00420	0.01325	0.00620	0.00656
19	0.00959	0.00719	0.01078	0.01078	0.01198	0.00839	0.00839	0.01198	0.01078	0.01558	0.01797	0.02636	0.01677	0.05032	0.73760	0.01078	0.01797	0.00719	0.00359	0.00599
20	0.01794	0.76823	0.03516	0.01148	0.01722	0.02655	0.01148	0.02009	0.01363	0.01579	0.00933	0.01076	0.00861	0.00574	0.00431	0.00144	0.00718	0.00359	0.00287	0.00861
21	0.01852	0.70827	0.03385	0.01195	0.01751	0.08443	0.01160	0.02064	0.01407	0.01584	0.00941	0.01087	0.00861	0.00584	0.00445	0.00146	0.00758	0.00365	0.00292	0.00854
22	0.01410	0.01274	0.04361	0.01074	0.01614	0.00987	0.00887	0.06046	0.03916	0.02284	0.01548	0.09609	0.01411	0.00713	0.00560	0.00134	0.00522	0.00593	0.00445	0.60614
23	0.01412	0.01078	0.01200	0.01142	0.04044	0.06795	0.00832	0.06614	0.04835	0.08477	0.44972	0.06237	0.07230	0.01216	0.00750	0.00210	0.00472	0.01047	0.00683	0.00753
24	0.07371	0.01755	0.07365	0.08647	0.45285	0.05744	0.07416	0.02053	0.01505	0.02169	0.01301	0.01796	0.01090	0.00653	0.00661	0.00207	0.00843	0.02830	0.00343	0.00966
25	0.69077	0.01590	0.01127	0.01012	0.01417	0.12599	0.00814	0.02081	0.01259	0.02800	0.00950	0.01108	0.00748	0.00633	0.00444	0.00202	0.00625	0.00374	0.00405	0.00735
26	0.01618	0.01327	0.01513	0.01101	0.01686	0.01126	0.00889	0.15039	0.01736	0.02586	0.01274	0.01434	0.01023	0.00557	0.00531	0.00119	0.00544	0.00438	0.00451	0.65007
27	0.01659	0.01490	0.02569	0.09645	0.46207	0.01499	0.10014	0.02119	0.04437	0.06887	0.01564	0.06080	0.01320	0.00716	0.00693	0.00211	0.00796	0.00709	0.00395	0.00991
28	0.02283	0.01153	0.01619	0.01400	0.05753	0.01074	0.05582	0.02714	0.09332	0.42447	0.02724	0.02795	0.06794	0.09987	0.01022	0.00265	0.00610	0.00777	0.00686	0.00982
29	0.01577	0.01566	0.06470	0.23884	0.37643	0.01599	0.01913	0.03520	0.01468	0.04458	0.01256	0.01684	0.01006	0.00692	0.00821	0.00217	0.08354	0.00593	0.00341	0.00939

[dist]
# distance from previous block
# <min> <max>
0	4

[block]
# block no. 3 follows, 32 sequences, length 13
# corresponding to MSA columns:
# 146-158
name=unknown_D
#
# <colnr> <probs for GDERKNQSTAVLIFYWHMCP>
#	G	D	E	R	K	N	Q	S	T	A	V	L	I	F	Y	W	H	M	C	P
0	0.01017	0.00725	0.00878	0.00904	0.01063	0.00676	0.00680	0.03229	0.01541	0.04284	0.14865	0.20530	0.23968	0.09612	0.01099	0.00292	0.00448	0.12963	0.00625	0.00600
1	0.01545	0.01341	0.02013	0.58949	0.04071	0.01618	0.01736	0.16494	0.01734	0.02259	0.01283	0.01750	0.00948	0.00700	0.00671	0.00219	0.00861	0.00598	0.00379	0.00831
2	0.01767	0.60507	0.03083	0.01195	0.01727	0.02442	0.01129	0.02346	0.16440	0.01844	0.01322	0.01385	0.01118	0.00647	0.00485	0.00162	0.00677	0.00445	0.00373	0.00905
3	0.01157	0.00616	0.00659	0.00692	0.00823	0.00608	0.00502	0.01427	0.01381	0.02331	0.02516	0.18406	0.02308	0.01068	0.00553	0.00181	0.00329	0.00903	0.62932	0.00608
4	0.81159	0.01298	0.00986	0.00882	0.01298	0.01505	0.00727	0.01972	0.01142	0.03010	0.00934	0.01090	0.00727	0.00623	0.00415	0.00208	0.00519	0.00363	0.00415	0.00727
5	0.01085	0.00604	0.00832	0.00832	0.00881	0.00579	0.00567	0.00893	0.01016	0.01306	0.02384	0.02996	0.16489	0.02194	0.02226	0.63108	0.00530	0.00763	0.00363	0.00351
6	0.01025	0.00705	0.00910	0.00848	0.01026	0.00643	0.00640	0.01330	0.01876	0.05560	0.64646	0.04994	0.10511	0.01371	0.00787	0.00212	0.00329	0.01204	0.00735	0.00650
7	0.01353	0.01435	0.11624	0.01419	0.04336	0.03334	0.05029	0.13155	0.01790	0.02445	0.17331	0.23885	0.03188	0.01488	0.04789	0.00275	0.00680	0.01109	0.00557	0.00780
8	0.19035	0.23391	0.18999	0.01482	0.03630	0.06014	0.05274	0.04044	0.01480	0.09241	0.01224	0.01357	0.00930	0.00638	0.00543	0.00189	0.00779	0.00464	0.00386	0.00901
9	0.02161	0.01313	0.04293	0.01551	0.02040	0.01164	0.15906	0.04601	0.05180	0.35442	0.10754	0.02906	0.02244	0.00919	0.00734	0.00221	0.00682	0.06244	0.00666	0.00977
10	0.01182	0.01366	0.16667	0.01259	0.01570	0.01040	0.01183	0.01508	0.01184	0.05585	0.01708	0.02498	0.01546	0.11872	0.42336	0.00756	0.04980	0.00691	0.00371	0.00698
11	0.01647	0.06127	0.04214	0.03156	0.45561	0.07674	0.06155	0.02063	0.03437	0.02122	0.05262	0.02024	0.01455	0.00840	0.03048	0.00229	0.00847	0.02804	0.00372	0.00962
12	0.33605	0.12572	0.01807	0.01436	0.07309	0.03491	0.01098	0.06275	0.01345	0.02397	0.01250	0.04228	0.02795	0.00830	0.00872	0.00218	0.16755	0.00533	0.00391	0.00793

[dist]
# distance from previous block
# <min> <max>
0	13

# created by:
# /home/berkeley/.conda/envs/busco_data_prod/bin/msa2prfl.pl pipeline/OGs_align_augustus/4893/38606.fs
