[name]
unknown

[dist]
# distance from previous block
# <min> <max>
0	0

[block]
# block no. 0 follows, 33 sequences, length 22
# corresponding to MSA columns:
# 0-21
name=unknown_A
#
# <colnr> <probs for GDERKNQSTAVLIFYWHMCP>
#	G	D	E	R	K	N	Q	S	T	A	V	L	I	F	Y	W	H	M	C	P
0	0.01061	0.00758	0.01061	0.01212	0.01364	0.00758	0.01061	0.01364	0.01515	0.01970	0.03486	0.07426	0.03789	0.01819	0.00909	0.00303	0.00606	0.68326	0.00606	0.00606
1	0.01365	0.01170	0.01365	0.00975	0.01560	0.00878	0.00780	0.01658	0.01365	0.02145	0.01170	0.01365	0.00975	0.00488	0.00488	0.00098	0.00488	0.00390	0.00390	0.80888
2	0.00798	0.00668	0.00694	0.00688	0.00901	0.00564	0.00516	0.00983	0.01547	0.01890	0.15169	0.06152	0.63921	0.01626	0.00778	0.00220	0.00330	0.01364	0.00626	0.00564
3	0.01760	0.77260	0.03450	0.01126	0.01690	0.02605	0.01126	0.01971	0.01338	0.01549	0.00915	0.01056	0.00845	0.00563	0.00422	0.00141	0.00704	0.00352	0.00282	0.00845
4	0.01554	0.01776	0.03885	0.02775	0.03441	0.01665	0.70366	0.02109	0.01554	0.02109	0.01332	0.01776	0.00999	0.00555	0.00777	0.00222	0.01110	0.00777	0.00333	0.00888
5	0.01320	0.03405	0.73453	0.01876	0.02849	0.01529	0.02432	0.02085	0.01390	0.02085	0.01181	0.01390	0.00834	0.00625	0.00625	0.00208	0.00973	0.00486	0.00278	0.00973
6	0.01629	0.01564	0.02672	0.04041	0.72757	0.01564	0.02020	0.02020	0.01499	0.02151	0.01238	0.01629	0.01043	0.00587	0.00652	0.00196	0.00782	0.00587	0.00326	0.01043
7	0.00802	0.00573	0.00764	0.00917	0.00955	0.00535	0.00611	0.00917	0.01260	0.01681	0.03628	0.76434	0.04354	0.02062	0.00840	0.00267	0.00382	0.01872	0.00611	0.00535
8	0.02954	0.01120	0.01528	0.01171	0.01681	0.00968	0.00968	0.03208	0.01884	0.73213	0.02597	0.02241	0.01630	0.00815	0.00662	0.00204	0.00560	0.00662	0.00815	0.01120
9	0.01629	0.01564	0.02672	0.04041	0.72757	0.01564	0.02020	0.02020	0.01499	0.02151	0.01238	0.01629	0.01043	0.00587	0.00652	0.00196	0.00782	0.00587	0.00326	0.01043
10	0.00802	0.00573	0.00764	0.00917	0.00955	0.00535	0.00611	0.00917	0.01260	0.01681	0.03628	0.76434	0.04354	0.02062	0.00840	0.00267	0.00382	0.01872	0.00611	0.00535
11	0.01554	0.01776	0.03885	0.02775	0.03441	0.01665	0.70366	0.02109	0.01554	0.02109	0.01332	0.01776	0.00999	0.00555	0.00777	0.00222	0.01110	0.00777	0.00333	0.00888
12	0.01629	0.01564	0.02672	0.04041	0.72757	0.01564	0.02020	0.02020	0.01499	0.02151	0.01238	0.01629	0.01043	0.00587	0.00652	0.00196	0.00782	0.00587	0.00326	0.01043
13	0.00910	0.00610	0.00818	0.00950	0.01016	0.00570	0.00660	0.01045	0.01305	0.04652	0.03575	0.68135	0.04199	0.01993	0.00838	0.00267	0.00406	0.06868	0.00619	0.00564
14	0.02503	0.01844	0.01976	0.01515	0.02042	0.02042	0.01251	0.70562	0.03095	0.04149	0.01581	0.01581	0.01120	0.00790	0.00659	0.00198	0.00724	0.00593	0.00659	0.01120
15	0.02846	0.01098	0.01485	0.01146	0.01641	0.00947	0.00944	0.03096	0.01865	0.69681	0.02799	0.02443	0.05133	0.00857	0.00668	0.00205	0.00549	0.00698	0.00805	0.01092
16	0.05583	0.02374	0.01981	0.02192	0.20028	0.41715	0.01399	0.02548	0.06018	0.08139	0.01310	0.01465	0.01032	0.00677	0.00611	0.00184	0.00959	0.00503	0.00401	0.00881
17	0.02459	0.03138	0.01866	0.01696	0.02035	0.74221	0.01272	0.02629	0.01866	0.01611	0.01018	0.01187	0.00848	0.00678	0.00594	0.00170	0.01187	0.00424	0.00339	0.00763
18	0.01629	0.01564	0.02672	0.04041	0.72757	0.01564	0.02020	0.02020	0.01499	0.02151	0.01238	0.01629	0.01043	0.00587	0.00652	0.00196	0.00782	0.00587	0.00326	0.01043
19	0.00924	0.00673	0.00869	0.00820	0.00979	0.00618	0.00615	0.01228	0.01846	0.02597	0.69160	0.04988	0.09489	0.01362	0.00777	0.00208	0.00312	0.01200	0.00719	0.00618
20	0.81514	0.01273	0.00968	0.00866	0.01273	0.01477	0.00713	0.01935	0.01120	0.02954	0.00917	0.01069	0.00713	0.00611	0.00407	0.00204	0.00509	0.00356	0.00407	0.00713
21	0.81514	0.01273	0.00968	0.00866	0.01273	0.01477	0.00713	0.01935	0.01120	0.02954	0.00917	0.01069	0.00713	0.00611	0.00407	0.00204	0.00509	0.00356	0.00407	0.00713

[dist]
# distance from previous block
# <min> <max>
0	1

[block]
# block no. 1 follows, 33 sequences, length 10
# corresponding to MSA columns:
# 23-32
name=unknown_B
#
# <colnr> <probs for GDERKNQSTAVLIFYWHMCP>
#	G	D	E	R	K	N	Q	S	T	A	V	L	I	F	Y	W	H	M	C	P
0	0.01243	0.01170	0.01975	0.75282	0.04534	0.01463	0.01828	0.01682	0.01316	0.01682	0.01170	0.01755	0.00878	0.00658	0.00658	0.00219	0.00878	0.00585	0.00293	0.00731
1	0.01243	0.01170	0.01975	0.75282	0.04534	0.01463	0.01828	0.01682	0.01316	0.01682	0.01170	0.01755	0.00878	0.00658	0.00658	0.00219	0.00878	0.00585	0.00293	0.00731
2	0.01629	0.01564	0.02672	0.04041	0.72757	0.01564	0.02020	0.02020	0.01499	0.02151	0.01238	0.01629	0.01043	0.00587	0.00652	0.00196	0.00782	0.00587	0.00326	0.01043
3	0.00994	0.00784	0.01214	0.01157	0.01288	0.00754	0.09741	0.01168	0.01259	0.01674	0.02852	0.32829	0.03242	0.23470	0.01572	0.00376	0.00593	0.13966	0.00512	0.00555
4	0.11267	0.01475	0.01464	0.01228	0.01647	0.11039	0.00976	0.05346	0.18392	0.28567	0.07224	0.02157	0.01803	0.00818	0.00628	0.00200	0.00615	0.00641	0.00642	0.03873
5	0.01629	0.01564	0.02672	0.04041	0.72757	0.01564	0.02020	0.02020	0.01499	0.02151	0.01238	0.01629	0.01043	0.00587	0.00652	0.00196	0.00782	0.00587	0.00326	0.01043
6	0.01629	0.01564	0.02672	0.04041	0.72757	0.01564	0.02020	0.02020	0.01499	0.02151	0.01238	0.01629	0.01043	0.00587	0.00652	0.00196	0.00782	0.00587	0.00326	0.01043
7	0.02131	0.01473	0.01638	0.01332	0.01796	0.01575	0.01072	0.24278	0.31224	0.16282	0.02193	0.02050	0.01573	0.00812	0.00650	0.00201	0.00589	0.00652	0.00670	0.07809
8	0.57611	0.01488	0.01203	0.01044	0.01461	0.08143	0.00846	0.07958	0.05187	0.08053	0.01199	0.01283	0.00896	0.00662	0.00478	0.00201	0.00594	0.00426	0.00466	0.00799
9	0.12313	0.01655	0.01717	0.01363	0.01840	0.01838	0.01116	0.50384	0.10309	0.03705	0.01916	0.01891	0.05353	0.00830	0.00635	0.00203	0.00652	0.00626	0.00625	0.01026

[dist]
# distance from previous block
# <min> <max>
0	3

[block]
# block no. 2 follows, 33 sequences, length 95
# corresponding to MSA columns:
# 36-130
name=unknown_C
#
# <colnr> <probs for GDERKNQSTAVLIFYWHMCP>
#	G	D	E	R	K	N	Q	S	T	A	V	L	I	F	Y	W	H	M	C	P
0	0.21652	0.01504	0.01607	0.01262	0.01755	0.01604	0.01042	0.35145	0.02280	0.23236	0.01706	0.01643	0.01165	0.00754	0.00599	0.00201	0.00627	0.00555	0.00642	0.01022
1	0.02336	0.02775	0.02167	0.01826	0.02236	0.54479	0.11098	0.11421	0.01982	0.02013	0.01136	0.01322	0.00905	0.00675	0.00628	0.00181	0.01116	0.00496	0.00380	0.00827
2	0.01629	0.01564	0.02672	0.04041	0.72757	0.01564	0.02020	0.02020	0.01499	0.02151	0.01238	0.01629	0.01043	0.00587	0.00652	0.00196	0.00782	0.00587	0.00326	0.01043
3	0.01760	0.77260	0.03450	0.01126	0.01690	0.02605	0.01126	0.01971	0.01338	0.01549	0.00915	0.01056	0.00845	0.00563	0.00422	0.00141	0.00704	0.00352	0.00282	0.00845
4	0.01760	0.77260	0.03450	0.01126	0.01690	0.02605	0.01126	0.01971	0.01338	0.01549	0.00915	0.01056	0.00845	0.00563	0.00422	0.00141	0.00704	0.00352	0.00282	0.00845
5	0.01786	0.01488	0.01572	0.01370	0.01769	0.01707	0.01078	0.15026	0.59798	0.02994	0.02491	0.02306	0.01857	0.00875	0.00668	0.00219	0.00556	0.00718	0.00668	0.01055
6	0.01627	0.01572	0.02716	0.03995	0.70276	0.01568	0.04467	0.02024	0.01501	0.02149	0.01242	0.01635	0.01041	0.00585	0.00656	0.00196	0.00794	0.00593	0.00326	0.01037
7	0.00802	0.00573	0.00764	0.00917	0.00955	0.00535	0.00611	0.00917	0.01260	0.01681	0.03628	0.76434	0.04354	0.02062	0.00840	0.00267	0.00382	0.01872	0.00611	0.00535
8	0.01506	0.01686	0.03604	0.02599	0.03204	0.01605	0.62909	0.02028	0.01555	0.02127	0.06307	0.01984	0.01360	0.00633	0.00828	0.00223	0.03821	0.00799	0.00359	0.00863
9	0.02643	0.06631	0.01762	0.01263	0.01758	0.04067	0.01049	0.20719	0.02163	0.44269	0.05295	0.02067	0.01618	0.00810	0.00647	0.00197	0.00625	0.00637	0.00715	0.01065
10	0.01520	0.02013	0.14003	0.02644	0.03355	0.01645	0.60485	0.02105	0.01530	0.02105	0.01310	0.01720	0.00975	0.00565	0.00755	0.00220	0.01090	0.00735	0.00325	0.00900
11	0.00820	0.00586	0.00785	0.00937	0.00984	0.00550	0.00643	0.00948	0.01278	0.01701	0.03618	0.71587	0.04314	0.02045	0.00845	0.00270	0.00398	0.06539	0.00611	0.00540
12	0.06334	0.01215	0.01751	0.01328	0.01849	0.01093	0.07880	0.05121	0.01854	0.60835	0.02364	0.02121	0.01510	0.00779	0.00662	0.00205	0.00618	0.00658	0.00744	0.01079
13	0.01629	0.01564	0.02672	0.04041	0.72757	0.01564	0.02020	0.02020	0.01499	0.02151	0.01238	0.01629	0.01043	0.00587	0.00652	0.00196	0.00782	0.00587	0.00326	0.01043
14	0.00852	0.00603	0.00790	0.00911	0.00954	0.00581	0.00617	0.00966	0.01219	0.01627	0.03276	0.56291	0.03867	0.14593	0.04564	0.00367	0.00502	0.06335	0.00564	0.00520
15	0.01587	0.01667	0.02091	0.20226	0.14236	0.13392	0.01605	0.01848	0.01303	0.01707	0.01026	0.01509	0.00894	0.00861	0.01289	0.00237	0.32881	0.00556	0.00304	0.00783
16	0.02954	0.01120	0.01528	0.01171	0.01681	0.00968	0.00968	0.03208	0.01884	0.73213	0.02597	0.02241	0.01630	0.00815	0.00662	0.00204	0.00560	0.00662	0.00815	0.01120
17	0.00925	0.00673	0.00871	0.00821	0.00980	0.00618	0.00616	0.01230	0.01848	0.02604	0.69640	0.04977	0.09004	0.01359	0.00777	0.00208	0.00312	0.01199	0.00720	0.00618
18	0.01637	0.01414	0.01489	0.01340	0.01712	0.01637	0.01042	0.03498	0.71568	0.02754	0.02679	0.02456	0.02010	0.00893	0.00670	0.00223	0.00521	0.00744	0.00670	0.01042
19	0.00860	0.00677	0.00780	0.00773	0.00964	0.00597	0.00593	0.01092	0.01639	0.02119	0.31204	0.05892	0.41740	0.01559	0.00788	0.00223	0.00348	0.06913	0.00654	0.00585
20	0.01760	0.77260	0.03450	0.01126	0.01690	0.02605	0.01126	0.01971	0.01338	0.01549	0.00915	0.01056	0.00845	0.00563	0.00422	0.00141	0.00704	0.00352	0.00282	0.00845
21	0.04660	0.02792	0.02195	0.01860	0.02248	0.57150	0.13299	0.02485	0.01762	0.01738	0.01065	0.01294	0.00871	0.00669	0.00668	0.00183	0.03453	0.00488	0.00339	0.00782
22	0.00932	0.00673	0.00880	0.00828	0.00984	0.00621	0.00621	0.01242	0.01863	0.02640	0.72410	0.04918	0.06212	0.01346	0.00776	0.00207	0.00311	0.01191	0.00725	0.00621
23	0.02427	0.01767	0.20611	0.01468	0.02110	0.01163	0.06152	0.02837	0.01731	0.49586	0.02137	0.01985	0.01377	0.00747	0.00660	0.00206	0.00707	0.00624	0.00640	0.01066
24	0.01337	0.03293	0.68642	0.01938	0.02890	0.01538	0.07130	0.02087	0.01401	0.02087	0.01192	0.01417	0.00845	0.00621	0.00636	0.00209	0.00982	0.00507	0.00282	0.00967
25	0.02954	0.01120	0.01528	0.01171	0.01681	0.00968	0.00968	0.03208	0.01884	0.73213	0.02597	0.02241	0.01630	0.00815	0.00662	0.00204	0.00560	0.00662	0.00815	0.01120
26	0.02459	0.03138	0.01866	0.01696	0.02035	0.74221	0.01272	0.02629	0.01866	0.01611	0.01018	0.01187	0.00848	0.00678	0.00594	0.00170	0.01187	0.00424	0.00339	0.00763
27	0.00957	0.00638	0.00718	0.00718	0.00718	0.00638	0.00399	0.00957	0.00957	0.01276	0.02074	0.04308	0.02393	0.76864	0.03351	0.00638	0.00638	0.00957	0.00399	0.00399
28	0.00957	0.00638	0.00718	0.00718	0.00718	0.00638	0.00399	0.00957	0.00957	0.01276	0.02074	0.04308	0.02393	0.76864	0.03351	0.00638	0.00638	0.00957	0.00399	0.00399
29	0.01629	0.01564	0.02672	0.04041	0.72757	0.01564	0.02020	0.02020	0.01499	0.02151	0.01238	0.01629	0.01043	0.00587	0.00652	0.00196	0.00782	0.00587	0.00326	0.01043
30	0.01735	0.44805	0.25742	0.01396	0.02077	0.05365	0.01541	0.02125	0.01417	0.06791	0.01124	0.01253	0.00897	0.00606	0.00512	0.00168	0.00802	0.00420	0.00321	0.00902
31	0.01760	0.77260	0.03450	0.01126	0.01690	0.02605	0.01126	0.01971	0.01338	0.01549	0.00915	0.01056	0.00845	0.00563	0.00422	0.00141	0.00704	0.00352	0.00282	0.00845
32	0.81514	0.01273	0.00968	0.00866	0.01273	0.01477	0.00713	0.01935	0.01120	0.02954	0.00917	0.01069	0.00713	0.00611	0.00407	0.00204	0.00509	0.00356	0.00407	0.00713
33	0.02072	0.02280	0.02134	0.05570	0.26550	0.34667	0.01537	0.08715	0.06357	0.02109	0.01260	0.01483	0.01017	0.00670	0.00627	0.00187	0.00948	0.00523	0.00384	0.00909
34	0.00932	0.00673	0.00880	0.00828	0.00984	0.00621	0.00621	0.01242	0.01863	0.02640	0.72410	0.04918	0.06212	0.01346	0.00776	0.00207	0.00311	0.01191	0.00725	0.00621
35	0.00858	0.00621	0.00824	0.00966	0.01042	0.00586	0.00704	0.01019	0.01335	0.01752	0.03810	0.56020	0.09013	0.01980	0.00851	0.00272	0.00429	0.16755	0.00610	0.00552
36	0.01440	0.01440	0.02016	0.01728	0.01728	0.02016	0.01440	0.01584	0.01008	0.01584	0.00864	0.01440	0.00864	0.01152	0.02160	0.00288	0.75659	0.00576	0.00288	0.00720
37	0.00957	0.00638	0.00718	0.00718	0.00718	0.00638	0.00399	0.00957	0.00957	0.01276	0.02074	0.04308	0.02393	0.76864	0.03351	0.00638	0.00638	0.00957	0.00399	0.00399
38	0.02463	0.03013	0.01876	0.01678	0.02036	0.67247	0.01270	0.09192	0.01984	0.01856	0.01072	0.01225	0.00874	0.00689	0.00600	0.00172	0.01142	0.00440	0.00370	0.00798
39	0.01556	0.01490	0.02540	0.17507	0.59861	0.01545	0.01984	0.01956	0.01464	0.02062	0.01225	0.01653	0.01012	0.00600	0.00653	0.00200	0.00800	0.00586	0.00320	0.00984
40	0.00932	0.00673	0.00880	0.00828	0.00984	0.00621	0.00621	0.01242	0.01863	0.02640	0.72410	0.04918	0.06212	0.01346	0.00776	0.00207	0.00311	0.01191	0.00725	0.00621
41	0.81514	0.01273	0.00968	0.00866	0.01273	0.01477	0.00713	0.01935	0.01120	0.02954	0.00917	0.01069	0.00713	0.00611	0.00407	0.00204	0.00509	0.00356	0.00407	0.00713
42	0.00923	0.00673	0.00868	0.00819	0.00978	0.00617	0.00614	0.01225	0.01842	0.02590	0.68577	0.05000	0.10076	0.01365	0.00777	0.00208	0.00312	0.01202	0.00718	0.00617
43	0.01554	0.01776	0.03885	0.02775	0.03441	0.01665	0.70366	0.02109	0.01554	0.02109	0.01332	0.01776	0.00999	0.00555	0.00777	0.00222	0.01110	0.00777	0.00333	0.00888
44	0.01325	0.01223	0.01168	0.01087	0.01315	0.12765	0.00829	0.01920	0.15668	0.02467	0.44103	0.03930	0.04407	0.01168	0.00731	0.00208	0.00507	0.03807	0.00646	0.00727
45	0.02868	0.01101	0.01500	0.01157	0.01651	0.00953	0.00953	0.03125	0.01883	0.70236	0.05542	0.02354	0.01823	0.00837	0.00667	0.00204	0.00550	0.00684	0.00811	0.01099
46	0.01624	0.04772	0.06568	0.01092	0.01692	0.01061	0.00955	0.04797	0.01503	0.10999	0.01353	0.01470	0.01046	0.00554	0.00523	0.00125	0.00550	0.00437	0.00441	0.58436
47	0.01563	0.01751	0.03745	0.02921	0.11427	0.01653	0.62492	0.02099	0.01548	0.02114	0.01321	0.01759	0.01004	0.00559	0.00762	0.00219	0.01072	0.00755	0.00332	0.00906
48	0.01429	0.01368	0.01880	0.01618	0.01646	0.01867	0.01331	0.04428	0.01095	0.01668	0.01020	0.01699	0.01018	0.06625	0.05424	0.00343	0.63908	0.00609	0.00314	0.00708
49	0.02459	0.03138	0.01866	0.01696	0.02035	0.74221	0.01272	0.02629	0.01866	0.01611	0.01018	0.01187	0.00848	0.00678	0.00594	0.00170	0.01187	0.00424	0.00339	0.00763
50	0.01637	0.01414	0.01489	0.01340	0.01712	0.01637	0.01042	0.03498	0.71568	0.02754	0.02679	0.02456	0.02010	0.00893	0.00670	0.00223	0.00521	0.00744	0.00670	0.01042
51	0.02503	0.01844	0.01976	0.01515	0.02042	0.02042	0.01251	0.70562	0.03095	0.04149	0.01581	0.01581	0.01120	0.00790	0.00659	0.00198	0.00724	0.00593	0.00659	0.01120
52	0.00932	0.00673	0.00880	0.00828	0.00984	0.00621	0.00621	0.01242	0.01863	0.02640	0.72410	0.04918	0.06212	0.01346	0.00776	0.00207	0.00311	0.01191	0.00725	0.00621
53	0.00957	0.00638	0.00718	0.00718	0.00718	0.00638	0.00399	0.00957	0.00957	0.01276	0.02074	0.04308	0.02393	0.76864	0.03351	0.00638	0.00638	0.00957	0.00399	0.00399
54	0.00940	0.00705	0.01058	0.01058	0.01176	0.00823	0.00823	0.01176	0.01058	0.01528	0.01763	0.02586	0.01646	0.04937	0.74255	0.01058	0.01763	0.00705	0.00353	0.00588
55	0.81514	0.01273	0.00968	0.00866	0.01273	0.01477	0.00713	0.01935	0.01120	0.02954	0.00917	0.01069	0.00713	0.00611	0.00407	0.00204	0.00509	0.00356	0.00407	0.00713
56	0.00957	0.00673	0.00784	0.00820	0.00996	0.00590	0.00605	0.01121	0.01448	0.06775	0.05166	0.29568	0.40414	0.01749	0.00799	0.00241	0.00383	0.05693	0.00625	0.00592
57	0.01424	0.01168	0.01371	0.00982	0.01565	0.00881	0.00787	0.01715	0.01384	0.04783	0.01223	0.01398	0.00999	0.00500	0.00494	0.00101	0.00490	0.00400	0.00406	0.77927
58	0.01554	0.01776	0.03885	0.02775	0.03441	0.01665	0.70366	0.02109	0.01554	0.02109	0.01332	0.01776	0.00999	0.00555	0.00777	0.00222	0.01110	0.00777	0.00333	0.00888
59	0.01371	0.06320	0.63252	0.01791	0.02686	0.01585	0.02237	0.02222	0.08456	0.02130	0.01321	0.01483	0.00953	0.00650	0.00621	0.00207	0.00916	0.00507	0.00318	0.00974
60	0.01629	0.01564	0.02672	0.04041	0.72757	0.01564	0.02020	0.02020	0.01499	0.02151	0.01238	0.01629	0.01043	0.00587	0.00652	0.00196	0.00782	0.00587	0.00326	0.01043
61	0.22339	0.01877	0.01590	0.01324	0.01767	0.18172	0.01056	0.23994	0.08329	0.05915	0.01398	0.01454	0.01047	0.00709	0.00569	0.00188	0.00733	0.00497	0.00511	0.06531
62	0.00802	0.00573	0.00764	0.00917	0.00955	0.00535	0.00611	0.00917	0.01260	0.01681	0.03628	0.76434	0.04354	0.02062	0.00840	0.00267	0.00382	0.01872	0.00611	0.00535
63	0.01683	0.01970	0.03597	0.02621	0.03241	0.11994	0.60530	0.02183	0.01598	0.02038	0.01287	0.01692	0.00977	0.00573	0.00751	0.00215	0.01121	0.00727	0.00334	0.00870
64	0.01469	0.25417	0.47595	0.01715	0.02543	0.01861	0.06813	0.02053	0.01386	0.01926	0.01112	0.01317	0.00849	0.00602	0.00575	0.00189	0.00902	0.00467	0.00283	0.00929
65	0.00829	0.00592	0.00794	0.00947	0.00997	0.00558	0.00657	0.00962	0.01287	0.01710	0.03614	0.69376	0.04296	0.02038	0.00847	0.00271	0.00405	0.08669	0.00611	0.00542
66	0.00957	0.00638	0.00718	0.00718	0.00718	0.00638	0.00399	0.00957	0.00957	0.01276	0.02074	0.04308	0.02393	0.76864	0.03351	0.00638	0.00638	0.00957	0.00399	0.00399
67	0.01365	0.01170	0.01365	0.00975	0.01560	0.00878	0.00780	0.01658	0.01365	0.02145	0.01170	0.01365	0.00975	0.00488	0.00488	0.00098	0.00488	0.00390	0.00390	0.80888
68	0.38357	0.07093	0.01727	0.01323	0.01764	0.18467	0.05857	0.14068	0.01682	0.02695	0.01085	0.01234	0.00844	0.00651	0.00521	0.00192	0.00759	0.00442	0.00421	0.00817
69	0.00778	0.00667	0.00667	0.00667	0.00889	0.00556	0.00500	0.00945	0.01501	0.01778	0.06669	0.06336	0.72490	0.01667	0.00778	0.00222	0.00333	0.01389	0.00611	0.00556
70	0.00780	0.00660	0.00674	0.00684	0.00894	0.00554	0.00508	0.00943	0.01484	0.01772	0.06456	0.11259	0.67704	0.01695	0.00782	0.00225	0.00337	0.01423	0.00611	0.00554
71	0.02125	0.01620	0.01773	0.01335	0.01882	0.01655	0.01095	0.47672	0.02521	0.03483	0.01444	0.01509	0.01072	0.00690	0.00602	0.00164	0.00646	0.00525	0.00569	0.27619
72	0.01554	0.01776	0.03885	0.02775	0.03441	0.01665	0.70366	0.02109	0.01554	0.02109	0.01332	0.01776	0.00999	0.00555	0.00777	0.00222	0.01110	0.00777	0.00333	0.00888
73	0.00937	0.00669	0.00919	0.01071	0.01168	0.00651	0.00845	0.01150	0.01393	0.01831	0.03554	0.40488	0.04060	0.01935	0.00876	0.00286	0.00499	0.36488	0.00609	0.00572
74	0.81514	0.01273	0.00968	0.00866	0.01273	0.01477	0.00713	0.01935	0.01120	0.02954	0.00917	0.01069	0.00713	0.00611	0.00407	0.00204	0.00509	0.00356	0.00407	0.00713
75	0.04861	0.01589	0.12892	0.01222	0.01837	0.01152	0.01138	0.09594	0.01680	0.20490	0.01571	0.01605	0.01125	0.00630	0.00569	0.00157	0.00610	0.00495	0.00510	0.36272
76	0.01379	0.13302	0.64073	0.01776	0.02694	0.01673	0.02257	0.02070	0.01383	0.02013	0.01146	0.01345	0.00835	0.00617	0.00598	0.00199	0.00937	0.00468	0.00278	0.00956
77	0.02688	0.01547	0.01792	0.01374	0.01894	0.01601	0.01135	0.42945	0.02599	0.32468	0.01997	0.01851	0.01329	0.00800	0.00660	0.00200	0.00657	0.00621	0.00723	0.01120
78	0.00781	0.00653	0.00681	0.00703	0.00899	0.00553	0.00516	0.00941	0.01466	0.01764	0.06235	0.16335	0.62771	0.01724	0.00787	0.00229	0.00340	0.01458	0.00611	0.00553
79	0.01893	0.04659	0.05349	0.02285	0.02841	0.26630	0.40176	0.04369	0.01696	0.01982	0.01214	0.01533	0.00941	0.00607	0.00694	0.00200	0.01108	0.00627	0.00342	0.00853
80	0.02954	0.01120	0.01528	0.01171	0.01681	0.00968	0.00968	0.03208	0.01884	0.73213	0.02597	0.02241	0.01630	0.00815	0.00662	0.00204	0.00560	0.00662	0.00815	0.01120
81	0.00802	0.00573	0.00764	0.00917	0.00955	0.00535	0.00611	0.00917	0.01260	0.01681	0.03628	0.76434	0.04354	0.02062	0.00840	0.00267	0.00382	0.01872	0.00611	0.00535
82	0.01832	0.01471	0.01569	0.01361	0.01764	0.01674	0.01073	0.14280	0.57608	0.05950	0.02499	0.02306	0.01850	0.00873	0.00668	0.00218	0.00555	0.00716	0.00674	0.01058
83	0.01554	0.01776	0.03885	0.02775	0.03441	0.01665	0.70366	0.02109	0.01554	0.02109	0.01332	0.01776	0.00999	0.00555	0.00777	0.00222	0.01110	0.00777	0.00333	0.00888
84	0.00836	0.00597	0.00803	0.00955	0.01008	0.00564	0.00670	0.00975	0.01294	0.01718	0.03610	0.67427	0.04280	0.02031	0.00849	0.00272	0.00411	0.10545	0.00610	0.00544
85	0.02887	0.01228	0.01594	0.01222	0.01734	0.01127	0.01010	0.13190	0.02064	0.62978	0.02447	0.02143	0.01554	0.00811	0.00662	0.00203	0.00585	0.00652	0.00792	0.01120
86	0.02649	0.01588	0.01784	0.01381	0.01891	0.03759	0.01135	0.40331	0.04731	0.30806	0.01992	0.01852	0.01337	0.00800	0.00658	0.00200	0.00668	0.00619	0.00710	0.01107
87	0.01554	0.01776	0.03885	0.02775	0.03441	0.01665	0.70366	0.02109	0.01554	0.02109	0.01332	0.01776	0.00999	0.00555	0.00777	0.00222	0.01110	0.00777	0.00333	0.00888
88	0.00892	0.00645	0.00862	0.01003	0.01095	0.00615	0.00762	0.01077	0.01368	0.01790	0.03796	0.46948	0.09051	0.01948	0.00860	0.00277	0.00458	0.25381	0.00609	0.00562
89	0.01503	0.02145	0.19924	0.02612	0.05785	0.01630	0.52214	0.02100	0.01514	0.02105	0.01294	0.01681	0.00962	0.00572	0.00737	0.00218	0.01066	0.00703	0.00320	0.00913
90	0.20249	0.01566	0.02188	0.02206	0.20416	0.05697	0.14668	0.08983	0.01663	0.10611	0.04560	0.01716	0.01254	0.00672	0.00624	0.00203	0.00754	0.00598	0.00454	0.00918
91	0.07019	0.01509	0.01981	0.01548	0.01993	0.08433	0.12081	0.05549	0.03961	0.36812	0.01890	0.01876	0.01296	0.00792	0.00844	0.00214	0.10010	0.00628	0.00592	0.00973
92	0.01518	0.07448	0.20135	0.02524	0.07381	0.01693	0.45389	0.02088	0.01497	0.02066	0.01262	0.01626	0.00952	0.00574	0.00709	0.00211	0.01029	0.00667	0.00316	0.00914
93	0.12635	0.01461	0.04272	0.01774	0.05187	0.03148	0.22523	0.02530	0.01631	0.32820	0.01880	0.04244	0.01334	0.00729	0.00667	0.00210	0.00755	0.00682	0.00557	0.00960
94	0.13736	0.01558	0.04833	0.01743	0.12541	0.08917	0.05397	0.02673	0.01674	0.37620	0.01850	0.01807	0.01256	0.00713	0.00622	0.00200	0.00703	0.00582	0.00581	0.00993

[dist]
# distance from previous block
# <min> <max>
2	14

[block]
# block no. 3 follows, 33 sequences, length 12
# corresponding to MSA columns:
# 145-156
name=unknown_D
#
# <colnr> <probs for GDERKNQSTAVLIFYWHMCP>
#	G	D	E	R	K	N	Q	S	T	A	V	L	I	F	Y	W	H	M	C	P
0	0.14709	0.11777	0.12167	0.01500	0.07529	0.06592	0.01275	0.09597	0.01700	0.21255	0.01755	0.01761	0.04184	0.00729	0.00584	0.00193	0.00700	0.00549	0.00505	0.00943
1	0.14468	0.20001	0.16950	0.01278	0.01876	0.01622	0.01284	0.04468	0.04902	0.24750	0.01609	0.01586	0.01135	0.00686	0.00557	0.00190	0.00676	0.00505	0.00499	0.00956
2	0.04819	0.09969	0.58559	0.01735	0.02604	0.04759	0.02143	0.02129	0.01411	0.04394	0.01186	0.01365	0.00857	0.00628	0.00598	0.00200	0.00925	0.00472	0.00304	0.00946
3	0.18948	0.01511	0.01961	0.02604	0.38570	0.07462	0.01449	0.02071	0.01498	0.08522	0.04716	0.01898	0.04659	0.00705	0.00607	0.00198	0.00695	0.00596	0.00419	0.00913
4	0.01754	0.01516	0.02528	0.03510	0.57933	0.01505	0.04685	0.05283	0.01622	0.08298	0.03967	0.01805	0.01283	0.00642	0.00663	0.00198	0.00757	0.00623	0.00398	0.01031
5	0.01725	0.71322	0.09078	0.01187	0.01783	0.02518	0.01231	0.01980	0.01342	0.01592	0.00937	0.01083	0.00844	0.00568	0.00439	0.00146	0.00726	0.00363	0.00281	0.00855
6	0.04493	0.15919	0.36417	0.01467	0.02165	0.04931	0.01660	0.02140	0.01490	0.12647	0.03869	0.01924	0.06661	0.00747	0.00602	0.00195	0.00787	0.00572	0.00406	0.00910
7	0.06333	0.36523	0.02477	0.01202	0.01735	0.01962	0.01084	0.15783	0.01830	0.22889	0.01533	0.01503	0.01119	0.00683	0.00537	0.00173	0.00656	0.00489	0.00516	0.00972
8	0.00778	0.00667	0.00667	0.00667	0.00889	0.00556	0.00500	0.00945	0.01501	0.01778	0.06669	0.06336	0.72490	0.01667	0.00778	0.00222	0.00333	0.01389	0.00611	0.00556
9	0.01365	0.01170	0.01365	0.00975	0.01560	0.00878	0.00780	0.01658	0.01365	0.02145	0.01170	0.01365	0.00975	0.00488	0.00488	0.00098	0.00488	0.00390	0.00390	0.80888
10	0.01440	0.13523	0.60107	0.01764	0.02648	0.05476	0.02193	0.02098	0.01408	0.01987	0.01136	0.01334	0.00836	0.00620	0.00596	0.00197	0.00947	0.00465	0.00282	0.00944
11	0.00802	0.00573	0.00764	0.00917	0.00955	0.00535	0.00611	0.00917	0.01260	0.01681	0.03628	0.76434	0.04354	0.02062	0.00840	0.00267	0.00382	0.01872	0.00611	0.00535

[dist]
# distance from previous block
# <min> <max>
0	1

[block]
# block no. 4 follows, 33 sequences, length 6
# corresponding to MSA columns:
# 158-163
name=unknown_E
#
# <colnr> <probs for GDERKNQSTAVLIFYWHMCP>
#	G	D	E	R	K	N	Q	S	T	A	V	L	I	F	Y	W	H	M	C	P
0	0.10007	0.06733	0.46990	0.01690	0.02470	0.01605	0.05483	0.02287	0.12418	0.02256	0.01382	0.01526	0.01015	0.00659	0.00606	0.00207	0.00845	0.00521	0.00357	0.00945
1	0.66330	0.01657	0.08817	0.01043	0.01506	0.07540	0.00944	0.02009	0.01211	0.02749	0.00953	0.01114	0.00737	0.00618	0.00446	0.00201	0.00615	0.00376	0.00388	0.00745
2	0.01561	0.01755	0.03768	0.02897	0.10125	0.01655	0.63775	0.02100	0.01549	0.02113	0.01323	0.01762	0.01003	0.00558	0.00765	0.00219	0.01078	0.00759	0.00332	0.00903
3	0.06082	0.01580	0.01648	0.01567	0.07155	0.05654	0.01144	0.13851	0.47857	0.02877	0.02211	0.02112	0.01663	0.00827	0.00649	0.00213	0.00609	0.00670	0.00610	0.01022
4	0.00957	0.00638	0.00718	0.00718	0.00718	0.00638	0.00399	0.00957	0.00957	0.01276	0.02074	0.04308	0.02393	0.76864	0.03351	0.00638	0.00638	0.00957	0.00399	0.00399
5	0.01609	0.51916	0.27472	0.01384	0.02088	0.02236	0.01575	0.02010	0.01356	0.01733	0.01007	0.01171	0.00841	0.00585	0.00492	0.00164	0.00796	0.00398	0.00280	0.00889

[dist]
# distance from previous block
# <min> <max>
0	4

# created by:
# /home/berkeley/.conda/envs/busco_data_prod/bin/msa2prfl.pl pipeline/OGs_align_augustus/4893/38613.fs
