[name]
unknown

[dist]
# distance from previous block
# <min> <max>
22	74

[block]
# block no. 0 follows, 34 sequences, length 21
# corresponding to MSA columns:
# 93-113
name=unknown_A
#
# <colnr> <probs for GDERKNQSTAVLIFYWHMCP>
#	G	D	E	R	K	N	Q	S	T	A	V	L	I	F	Y	W	H	M	C	P
0	0.13846	0.18572	0.05525	0.06098	0.09296	0.04940	0.03551	0.14902	0.04628	0.04053	0.01278	0.01542	0.01037	0.04668	0.00690	0.00204	0.00709	0.00507	0.00411	0.03540
1	0.04658	0.05365	0.03934	0.01222	0.01623	0.14431	0.00998	0.13843	0.01839	0.17035	0.07167	0.11790	0.03709	0.00935	0.00633	0.00189	0.00653	0.00751	0.00554	0.08670
2	0.04815	0.03685	0.10513	0.07092	0.08546	0.06219	0.04938	0.05862	0.09513	0.12694	0.03958	0.07438	0.07816	0.00898	0.00700	0.00208	0.02996	0.00748	0.00494	0.00867
3	0.03922	0.09199	0.19594	0.01387	0.01899	0.03464	0.03637	0.13913	0.05804	0.09156	0.04855	0.04933	0.01541	0.04160	0.09396	0.00312	0.00846	0.00647	0.00463	0.00871
4	0.01493	0.00981	0.01368	0.08476	0.09753	0.00950	0.01040	0.01876	0.05138	0.15501	0.16966	0.03615	0.05585	0.01045	0.00694	0.00208	0.00533	0.12598	0.04078	0.08101
5	0.04175	0.01357	0.02184	0.34375	0.18791	0.01485	0.09099	0.10061	0.01559	0.02149	0.01317	0.04649	0.01074	0.00681	0.00649	0.00204	0.00799	0.00630	0.00362	0.04399
6	0.03280	0.19337	0.08658	0.01371	0.01799	0.09983	0.07463	0.06834	0.08119	0.04341	0.03375	0.01956	0.01382	0.08689	0.10391	0.00335	0.00899	0.00591	0.00401	0.00798
7	0.01823	0.01742	0.13428	0.07340	0.10991	0.01425	0.24946	0.06965	0.01644	0.18093	0.01631	0.04257	0.01208	0.00688	0.00686	0.00208	0.00846	0.00683	0.00451	0.00946
8	0.00777	0.00655	0.00672	0.00668	0.00881	0.00551	0.00501	0.00952	0.01503	0.01818	0.12228	0.06099	0.67272	0.01609	0.00764	0.00217	0.00325	0.01347	0.00610	0.00551
9	0.01296	0.03342	0.73944	0.01842	0.02797	0.01501	0.02387	0.02046	0.01364	0.02046	0.01160	0.01364	0.00818	0.00614	0.00614	0.00205	0.00955	0.00477	0.00273	0.00955
10	0.01649	0.05083	0.14357	0.04189	0.13220	0.01598	0.05529	0.13481	0.17063	0.04580	0.01762	0.06072	0.01444	0.00824	0.00729	0.00211	0.04536	0.02256	0.00470	0.00945
11	0.01261	0.00816	0.01026	0.00977	0.01206	0.00786	0.00781	0.01706	0.09433	0.11719	0.31899	0.04943	0.13054	0.01348	0.00765	0.00228	0.00428	0.16239	0.00677	0.00708
12	0.00911	0.00620	0.00715	0.00734	0.00753	0.00609	0.00432	0.00944	0.01033	0.01375	0.05015	0.14323	0.05431	0.61279	0.02761	0.00545	0.00569	0.01088	0.00440	0.00424
13	0.00800	0.00571	0.00764	0.00914	0.00958	0.00536	0.00622	0.00922	0.01250	0.01664	0.03554	0.73347	0.04245	0.02012	0.00828	0.00264	0.00386	0.05233	0.00600	0.00528
14	0.01621	0.04540	0.33137	0.01876	0.04114	0.07170	0.16101	0.02256	0.06918	0.09752	0.01554	0.05357	0.01203	0.00712	0.00655	0.00206	0.00881	0.00636	0.00392	0.00919
15	0.02365	0.01765	0.01888	0.01468	0.01969	0.01961	0.01206	0.63841	0.10453	0.03925	0.01667	0.01644	0.01193	0.00786	0.00648	0.00197	0.00690	0.00598	0.00648	0.01091
16	0.01105	0.00567	0.00829	0.00829	0.00829	0.00567	0.00545	0.00851	0.00851	0.01135	0.01208	0.02177	0.01238	0.09304	0.02597	0.73622	0.00567	0.00597	0.00291	0.00291
17	0.01464	0.10869	0.10053	0.24015	0.08514	0.09727	0.03834	0.04356	0.03048	0.01833	0.01623	0.06214	0.05263	0.00927	0.03156	0.00229	0.03083	0.00651	0.00353	0.00786
18	0.01760	0.74250	0.03320	0.01123	0.01674	0.02532	0.01111	0.05063	0.01391	0.01636	0.00928	0.01060	0.00841	0.00563	0.00425	0.00141	0.00692	0.00356	0.00293	0.00841
19	0.00923	0.00692	0.01038	0.01038	0.01154	0.00808	0.00808	0.01154	0.01038	0.01500	0.01731	0.02538	0.01615	0.04846	0.74732	0.01038	0.01731	0.00692	0.00346	0.00577
20	0.01514	0.01331	0.05428	0.07588	0.13597	0.01303	0.01208	0.19542	0.06715	0.02726	0.22008	0.02825	0.06192	0.01017	0.02298	0.00219	0.00611	0.00793	0.02232	0.00855

[dist]
# distance from previous block
# <min> <max>
0	1

[block]
# block no. 1 follows, 34 sequences, length 15
# corresponding to MSA columns:
# 115-129
name=unknown_B
#
# <colnr> <probs for GDERKNQSTAVLIFYWHMCP>
#	G	D	E	R	K	N	Q	S	T	A	V	L	I	F	Y	W	H	M	C	P
0	0.01690	0.03585	0.10144	0.06271	0.23183	0.06869	0.09041	0.09157	0.01642	0.08478	0.01675	0.12216	0.01485	0.00831	0.00668	0.00205	0.00775	0.00752	0.00429	0.00902
1	0.03674	0.01723	0.01613	0.05150	0.01746	0.25281	0.01168	0.01777	0.01293	0.01580	0.01185	0.01722	0.01089	0.04150	0.21001	0.00452	0.23841	0.00557	0.00323	0.00677
2	0.62598	0.01213	0.01084	0.00923	0.01347	0.01328	0.00761	0.02204	0.01282	0.20170	0.01302	0.01330	0.00919	0.00649	0.00461	0.00200	0.00512	0.00423	0.00497	0.00797
3	0.01094	0.00575	0.00841	0.00841	0.00848	0.00582	0.00561	0.00869	0.00862	0.01156	0.01239	0.02198	0.01260	0.09007	0.06882	0.69344	0.00636	0.00602	0.00294	0.00308
4	0.61300	0.11686	0.01348	0.00914	0.01354	0.01566	0.00778	0.04059	0.01211	0.02678	0.00942	0.01089	0.00753	0.00588	0.00417	0.00182	0.00531	0.00359	0.00389	0.07857
5	0.01302	0.00844	0.01172	0.01185	0.05461	0.00898	0.00834	0.05561	0.01270	0.10691	0.01897	0.04579	0.01756	0.17801	0.40951	0.00734	0.01217	0.00750	0.00434	0.00663
6	0.01727	0.77681	0.03386	0.01106	0.01658	0.02557	0.01106	0.01935	0.01313	0.01520	0.00898	0.01036	0.00829	0.00553	0.00415	0.00138	0.00691	0.00345	0.00276	0.00829
7	0.00900	0.00783	0.04195	0.00827	0.01030	0.00637	0.00667	0.01196	0.01732	0.02387	0.55564	0.04961	0.20007	0.01355	0.00756	0.00206	0.00340	0.01178	0.00667	0.00612
8	0.00926	0.00679	0.00973	0.00973	0.01066	0.00772	0.00726	0.01112	0.01019	0.01452	0.01790	0.02868	0.01759	0.18987	0.60787	0.00958	0.01515	0.00741	0.00355	0.00541
9	0.23071	0.04779	0.01789	0.09162	0.10252	0.08383	0.01247	0.11763	0.01538	0.06630	0.01152	0.01398	0.00908	0.00739	0.00833	0.00209	0.14417	0.00495	0.00405	0.00831
10	0.01551	0.01126	0.01343	0.00992	0.01525	0.00892	0.00794	0.01899	0.04436	0.12354	0.05198	0.01692	0.01363	0.00586	0.00525	0.00121	0.00481	0.00477	0.00471	0.62175
11	0.01085	0.00744	0.00875	0.00854	0.01056	0.00690	0.00636	0.04131	0.03717	0.08532	0.11427	0.23647	0.33087	0.01732	0.04497	0.00267	0.00450	0.01316	0.00620	0.00637
12	0.06574	0.03486	0.04189	0.01567	0.03437	0.07504	0.04909	0.41937	0.07681	0.06187	0.01514	0.01572	0.01108	0.00758	0.00703	0.00199	0.04549	0.00570	0.00554	0.01001
13	0.19451	0.01405	0.03537	0.11645	0.11870	0.01665	0.03693	0.01735	0.01159	0.01993	0.00983	0.01406	0.00848	0.00817	0.01198	0.00232	0.31931	0.00518	0.00319	0.03595
14	0.01752	0.01686	0.04172	0.13731	0.09609	0.09056	0.10117	0.11651	0.22172	0.04501	0.01675	0.01827	0.01264	0.00731	0.00702	0.00208	0.03120	0.00627	0.00470	0.00928

[dist]
# distance from previous block
# <min> <max>
5	8

[block]
# block no. 2 follows, 34 sequences, length 23
# corresponding to MSA columns:
# 138-160
name=unknown_C
#
# <colnr> <probs for GDERKNQSTAVLIFYWHMCP>
#	G	D	E	R	K	N	Q	S	T	A	V	L	I	F	Y	W	H	M	C	P
0	0.38576	0.08735	0.13132	0.01504	0.09226	0.12934	0.01241	0.04286	0.01376	0.02391	0.01011	0.01190	0.00798	0.00611	0.00497	0.00189	0.00727	0.00411	0.00358	0.00806
1	0.01606	0.20258	0.11514	0.07886	0.25583	0.03475	0.14805	0.02016	0.01436	0.03839	0.01175	0.01477	0.00943	0.00582	0.00605	0.00187	0.00843	0.00542	0.00316	0.00913
2	0.01340	0.01148	0.01340	0.00957	0.01531	0.00861	0.00766	0.01627	0.01340	0.02105	0.01148	0.01340	0.00957	0.00479	0.00479	0.00096	0.00479	0.00383	0.00383	0.81242
3	0.00822	0.00592	0.00787	0.00929	0.00991	0.00557	0.00657	0.00963	0.01284	0.01694	0.03682	0.63643	0.07433	0.01972	0.00831	0.00265	0.00404	0.11356	0.00599	0.00536
4	0.81856	0.01250	0.00950	0.00850	0.01250	0.01449	0.00700	0.01899	0.01100	0.02899	0.00900	0.01050	0.00700	0.00600	0.00400	0.00200	0.00500	0.00350	0.00400	0.00700
5	0.01122	0.00561	0.00842	0.00842	0.00842	0.00561	0.00561	0.00842	0.00842	0.01122	0.01122	0.01964	0.01122	0.02245	0.02525	0.81201	0.00561	0.00561	0.00281	0.00281
6	0.00814	0.00671	0.00724	0.00751	0.00957	0.00581	0.00590	0.01001	0.01475	0.01779	0.05982	0.06411	0.60511	0.01663	0.00787	0.00232	0.00376	0.13540	0.00599	0.00554
7	0.00887	0.00811	0.00752	0.00737	0.00967	0.04330	0.00554	0.01129	0.04824	0.01782	0.06081	0.05784	0.66013	0.01552	0.00750	0.00216	0.00378	0.01286	0.00589	0.00578
8	0.00888	0.00659	0.00827	0.00785	0.00949	0.00599	0.00589	0.01169	0.01767	0.02444	0.61406	0.05068	0.17703	0.01376	0.00762	0.00206	0.00309	0.01202	0.00692	0.00599
9	0.01727	0.77681	0.03386	0.01106	0.01658	0.02557	0.01106	0.01935	0.01313	0.01520	0.00898	0.01036	0.00829	0.00553	0.00415	0.00138	0.00691	0.00345	0.00276	0.00829
10	0.02437	0.01533	0.01730	0.01360	0.01846	0.01632	0.01113	0.39857	0.14648	0.23856	0.02025	0.01886	0.01394	0.00800	0.00649	0.00200	0.00630	0.00627	0.00692	0.01086
11	0.00800	0.00611	0.00735	0.00800	0.00919	0.00546	0.00563	0.00961	0.01416	0.01837	0.15915	0.40386	0.28634	0.01774	0.00793	0.00237	0.00347	0.01562	0.00618	0.00546
12	0.01727	0.77681	0.03386	0.01106	0.01658	0.02557	0.01106	0.01935	0.01313	0.01520	0.00898	0.01036	0.00829	0.00553	0.00415	0.00138	0.00691	0.00345	0.00276	0.00829
13	0.01747	0.01457	0.01540	0.01343	0.01733	0.01672	0.01056	0.14554	0.60747	0.02928	0.02453	0.02269	0.01829	0.00860	0.00656	0.00215	0.00544	0.00706	0.00656	0.01035
14	0.00928	0.00669	0.00908	0.01049	0.01159	0.00649	0.00841	0.01148	0.01391	0.01814	0.03653	0.33779	0.07883	0.01868	0.00859	0.00280	0.00496	0.39464	0.00597	0.00565
15	0.00974	0.00690	0.00933	0.01060	0.01164	0.00682	0.00856	0.01191	0.01356	0.01776	0.03248	0.21079	0.03632	0.12840	0.01228	0.00338	0.00555	0.45281	0.00566	0.00551
16	0.00851	0.00649	0.00891	0.00962	0.01070	0.00610	0.02975	0.01021	0.01324	0.01735	0.05935	0.48192	0.15106	0.02008	0.04648	0.00297	0.00487	0.10107	0.00580	0.00554
17	0.03210	0.00754	0.00997	0.01107	0.01260	0.00757	0.00937	0.01352	0.03430	0.01962	0.06989	0.09530	0.06357	0.05510	0.00979	0.00300	0.00557	0.52828	0.00588	0.00595
18	0.01078	0.00945	0.01364	0.01243	0.01406	0.04755	0.07474	0.01315	0.01127	0.01556	0.01696	0.05478	0.01619	0.07330	0.53654	0.00824	0.05436	0.00737	0.00353	0.00610
19	0.02454	0.02761	0.01823	0.01603	0.01974	0.59252	0.01225	0.12284	0.02003	0.07013	0.01186	0.01292	0.00924	0.00691	0.00596	0.00173	0.01058	0.00456	0.00410	0.00823
20	0.07173	0.01663	0.01861	0.01728	0.10350	0.08146	0.03218	0.35633	0.02146	0.02934	0.01405	0.01712	0.01130	0.05072	0.07394	0.00295	0.06151	0.00584	0.00489	0.00916
21	0.01956	0.01561	0.01658	0.01386	0.01813	0.01770	0.01107	0.31252	0.43708	0.03266	0.02186	0.02057	0.01613	0.00835	0.00653	0.00209	0.00593	0.00669	0.00653	0.01054
22	0.03966	0.04617	0.05295	0.04044	0.06583	0.09012	0.07711	0.10928	0.24269	0.07804	0.05145	0.04461	0.01665	0.00805	0.00648	0.00204	0.00701	0.00682	0.00530	0.00931

[dist]
# distance from previous block
# <min> <max>
1	28

[block]
# block no. 3 follows, 34 sequences, length 20
# corresponding to MSA columns:
# 189-208
name=unknown_D
#
# <colnr> <probs for GDERKNQSTAVLIFYWHMCP>
#	G	D	E	R	K	N	Q	S	T	A	V	L	I	F	Y	W	H	M	C	P
0	0.01776	0.16804	0.13079	0.03535	0.12847	0.06054	0.03739	0.15788	0.01769	0.06842	0.03490	0.08510	0.01430	0.00792	0.00615	0.00191	0.00743	0.00651	0.00437	0.00909
1	0.01451	0.02355	0.31878	0.10012	0.15235	0.07075	0.13626	0.01985	0.01430	0.01959	0.01353	0.01657	0.03326	0.00654	0.00697	0.00206	0.03321	0.00581	0.00308	0.00891
2	0.00892	0.00610	0.00730	0.00771	0.00794	0.00595	0.00470	0.00949	0.01096	0.01473	0.07884	0.25921	0.03208	0.49082	0.02362	0.00486	0.00527	0.01224	0.00478	0.00448
3	0.01355	0.04119	0.19198	0.13383	0.10511	0.01242	0.03836	0.03405	0.01412	0.07603	0.02089	0.19613	0.05090	0.01026	0.00728	0.00219	0.03047	0.00891	0.00426	0.00805
4	0.01777	0.04309	0.14650	0.09230	0.26597	0.03899	0.07058	0.02246	0.03777	0.16079	0.03138	0.01765	0.01216	0.00659	0.00641	0.00198	0.00783	0.00593	0.00422	0.00961
5	0.10930	0.04266	0.36831	0.01548	0.02179	0.06547	0.03380	0.05247	0.01473	0.06073	0.06668	0.01675	0.01296	0.00860	0.03172	0.00232	0.05841	0.00542	0.00376	0.00865
6	0.00807	0.00658	0.00710	0.00721	0.00915	0.00569	0.00546	0.00989	0.01486	0.01829	0.12983	0.08414	0.56280	0.04003	0.00855	0.00237	0.00356	0.06486	0.00605	0.00550
7	0.01256	0.01317	0.06729	0.01662	0.09019	0.07439	0.12967	0.01541	0.01429	0.04094	0.02785	0.30815	0.09250	0.01314	0.00752	0.00231	0.00663	0.05544	0.00484	0.00710
8	0.01387	0.09879	0.10988	0.17952	0.18217	0.03749	0.08581	0.01823	0.04098	0.01850	0.01603	0.08662	0.03127	0.04425	0.00771	0.00223	0.00784	0.00710	0.00352	0.00817
9	0.01644	0.00942	0.01108	0.00939	0.01248	0.00900	0.00743	0.12877	0.01885	0.19721	0.20202	0.03664	0.18735	0.01104	0.00676	0.00197	0.00434	0.00919	0.11272	0.00791
10	0.01391	0.06333	0.49550	0.01950	0.02772	0.01588	0.16786	0.02164	0.07407	0.02082	0.01304	0.01518	0.00951	0.00619	0.00640	0.00206	0.00933	0.00553	0.00317	0.00937
11	0.01715	0.08107	0.16154	0.01683	0.07380	0.16761	0.03794	0.05975	0.05134	0.06201	0.09637	0.01900	0.01615	0.00969	0.04224	0.00236	0.06655	0.00597	0.00417	0.00847
12	0.01122	0.00561	0.00842	0.00842	0.00842	0.00561	0.00561	0.00842	0.00842	0.01122	0.01122	0.01964	0.01122	0.02245	0.02525	0.81201	0.00561	0.00561	0.00281	0.00281
13	0.00871	0.00673	0.00710	0.00697	0.00900	0.00597	0.00524	0.01129	0.03779	0.02003	0.17300	0.05390	0.50475	0.01450	0.00722	0.00207	0.00326	0.01217	0.10454	0.00579
14	0.03327	0.15911	0.11546	0.09831	0.07727	0.05979	0.08319	0.05959	0.08091	0.08991	0.06865	0.01830	0.01454	0.00704	0.00611	0.00192	0.00755	0.00591	0.00430	0.00887
15	0.01962	0.19572	0.02312	0.04644	0.09656	0.34053	0.03688	0.02356	0.08888	0.01759	0.01177	0.01364	0.00977	0.00669	0.00639	0.00177	0.04457	0.00475	0.00348	0.00826
16	0.01313	0.10896	0.23483	0.01644	0.09315	0.01392	0.05235	0.01958	0.11148	0.02173	0.16816	0.02609	0.07608	0.00861	0.00649	0.00199	0.00667	0.00735	0.00451	0.00848
17	0.00786	0.00568	0.00744	0.00885	0.00933	0.00526	0.00593	0.00901	0.01251	0.01655	0.03743	0.72572	0.08455	0.02001	0.00821	0.00260	0.00372	0.01808	0.00600	0.00526
18	0.01958	0.43906	0.02709	0.01313	0.01784	0.14093	0.01169	0.15506	0.03830	0.02064	0.01090	0.01221	0.00917	0.00659	0.00598	0.00165	0.05355	0.00428	0.00369	0.00867
19	0.00926	0.00682	0.00984	0.00984	0.01080	0.00778	0.00740	0.01119	0.01022	0.01460	0.01781	0.02815	0.01735	0.16700	0.63041	0.00971	0.01550	0.00733	0.00354	0.00547

[dist]
# distance from previous block
# <min> <max>
0	1

[block]
# block no. 4 follows, 34 sequences, length 27
# corresponding to MSA columns:
# 210-236
name=unknown_E
#
# <colnr> <probs for GDERKNQSTAVLIFYWHMCP>
#	G	D	E	R	K	N	Q	S	T	A	V	L	I	F	Y	W	H	M	C	P
0	0.01795	0.59540	0.05332	0.01212	0.01724	0.14579	0.01151	0.02018	0.01423	0.01592	0.03875	0.01224	0.01045	0.00605	0.00464	0.00148	0.00764	0.00395	0.00304	0.00811
1	0.00836	0.00667	0.00765	0.00784	0.00971	0.00596	0.00608	0.01043	0.01502	0.01890	0.16065	0.08305	0.46867	0.01773	0.04260	0.00267	0.00430	0.11204	0.00605	0.00563
2	0.01831	0.66454	0.03152	0.01190	0.01709	0.13413	0.01127	0.02032	0.01391	0.01529	0.00913	0.01056	0.00830	0.00570	0.00440	0.00142	0.00762	0.00356	0.00285	0.00817
3	0.02277	0.01367	0.01589	0.01364	0.05251	0.04735	0.01043	0.22744	0.06153	0.30474	0.12079	0.02409	0.03800	0.00873	0.00664	0.00198	0.00595	0.00710	0.00683	0.00992
4	0.01424	0.02749	0.52438	0.01676	0.02458	0.01489	0.01988	0.10895	0.01543	0.02255	0.01244	0.01479	0.00925	0.00968	0.06359	0.00263	0.03258	0.00505	0.00334	0.05749
5	0.00899	0.00660	0.00843	0.00797	0.00956	0.00603	0.00598	0.01190	0.01793	0.02506	0.66250	0.04966	0.12821	0.01353	0.00762	0.00205	0.00307	0.01188	0.00700	0.00603
6	0.02428	0.02642	0.01868	0.01603	0.02000	0.49637	0.01241	0.26204	0.02247	0.02440	0.01189	0.01298	0.00924	0.00704	0.00605	0.00176	0.01009	0.00473	0.00441	0.00870
7	0.00832	0.00632	0.00767	0.00786	0.00928	0.00567	0.00569	0.01041	0.01557	0.02070	0.33237	0.24545	0.26904	0.01610	0.00779	0.00224	0.00331	0.01409	0.00646	0.00567
8	0.00940	0.00626	0.00705	0.00705	0.00705	0.00626	0.00392	0.00940	0.00940	0.01253	0.02036	0.04228	0.02349	0.77292	0.03289	0.00626	0.00626	0.00940	0.00392	0.00392
9	0.01296	0.03342	0.73944	0.01842	0.02797	0.01501	0.02387	0.02046	0.01364	0.02046	0.01160	0.01364	0.00818	0.00614	0.00614	0.00205	0.00955	0.00477	0.00273	0.00955
10	0.01607	0.01388	0.01461	0.01315	0.01680	0.01607	0.01023	0.03433	0.72094	0.02703	0.02630	0.02411	0.01972	0.00877	0.00657	0.00219	0.00511	0.00731	0.00657	0.01023
11	0.01607	0.01388	0.01461	0.01315	0.01680	0.01607	0.01023	0.03433	0.72094	0.02703	0.02630	0.02411	0.01972	0.00877	0.00657	0.00219	0.00511	0.00731	0.00657	0.01023
12	0.00764	0.00655	0.00655	0.00655	0.00873	0.00545	0.00491	0.00927	0.01473	0.01745	0.06546	0.06218	0.73000	0.01636	0.00764	0.00218	0.00327	0.01364	0.00600	0.00545
13	0.01220	0.01148	0.01938	0.75739	0.04450	0.01436	0.01794	0.01651	0.01292	0.01651	0.01148	0.01723	0.00861	0.00646	0.00646	0.00215	0.00861	0.00574	0.00287	0.00718
14	0.01015	0.00731	0.01008	0.01149	0.01296	0.00723	0.00993	0.01297	0.01475	0.01911	0.03584	0.10505	0.07222	0.01789	0.00883	0.00292	0.00571	0.62370	0.00595	0.00589
15	0.00794	0.00571	0.00753	0.00886	0.00936	0.00531	0.00596	0.00920	0.01281	0.01708	0.07758	0.70049	0.06885	0.01969	0.00819	0.00257	0.00369	0.01780	0.00606	0.00531
16	0.81856	0.01250	0.00950	0.00850	0.01250	0.01449	0.00700	0.01899	0.01100	0.02899	0.00900	0.01050	0.00700	0.00600	0.00400	0.00200	0.00500	0.00350	0.00400	0.00700
17	0.81856	0.01250	0.00950	0.00850	0.01250	0.01449	0.00700	0.01899	0.01100	0.02899	0.00900	0.01050	0.00700	0.00600	0.00400	0.00200	0.00500	0.00350	0.00400	0.00700
18	0.00787	0.00562	0.00750	0.00900	0.00937	0.00525	0.00600	0.00900	0.01237	0.01649	0.03561	0.76871	0.04274	0.02024	0.00825	0.00262	0.00375	0.01837	0.00600	0.00525
19	0.00787	0.00562	0.00750	0.00900	0.00937	0.00525	0.00600	0.00900	0.01237	0.01649	0.03561	0.76871	0.04274	0.02024	0.00825	0.00262	0.00375	0.01837	0.00600	0.00525
20	0.02475	0.01779	0.01920	0.01472	0.01988	0.01958	0.01216	0.68150	0.02986	0.07103	0.01595	0.01579	0.01121	0.00777	0.00647	0.00194	0.00704	0.00585	0.00653	0.01099
21	0.07326	0.01177	0.01511	0.01165	0.01661	0.01080	0.00963	0.09673	0.01922	0.62943	0.02359	0.02071	0.01500	0.00786	0.00635	0.00199	0.00563	0.00626	0.00762	0.01077
22	0.01047	0.00871	0.01263	0.01192	0.01274	0.01096	0.00945	0.01247	0.01023	0.01505	0.01520	0.02315	0.01448	0.06481	0.53933	0.00834	0.20401	0.00669	0.00332	0.00603
23	0.01154	0.01032	0.01482	0.01349	0.01410	0.01360	0.01093	0.01343	0.01015	0.01526	0.01315	0.02008	0.01254	0.03094	0.40491	0.00682	0.36805	0.00632	0.00316	0.00638
24	0.00865	0.00587	0.00794	0.00896	0.00953	0.00581	0.00621	0.00985	0.01185	0.01646	0.02971	0.53387	0.03404	0.02420	0.13423	0.05991	0.00612	0.01460	0.06697	0.00523
25	0.02415	0.01637	0.01799	0.01396	0.01892	0.01770	0.01148	0.54311	0.06930	0.14504	0.01939	0.01862	0.03700	0.00815	0.00652	0.00197	0.00661	0.00628	0.00669	0.01075
26	0.05813	0.14115	0.14163	0.01608	0.06188	0.08658	0.03570	0.15626	0.15976	0.02484	0.01568	0.01808	0.01245	0.00739	0.00602	0.00195	0.00751	0.03508	0.00453	0.00930

[dist]
# distance from previous block
# <min> <max>
1	4

[block]
# block no. 5 follows, 34 sequences, length 25
# corresponding to MSA columns:
# 241-265
name=unknown_F
#
# <colnr> <probs for GDERKNQSTAVLIFYWHMCP>
#	G	D	E	R	K	N	Q	S	T	A	V	L	I	F	Y	W	H	M	C	P
0	0.01002	0.00879	0.00891	0.00958	0.01064	0.08751	0.00678	0.01142	0.01330	0.01659	0.05608	0.42508	0.12907	0.07740	0.05897	0.00325	0.00575	0.04993	0.00541	0.00552
1	0.12306	0.03411	0.11793	0.03461	0.11023	0.09208	0.06121	0.11516	0.02816	0.04175	0.01292	0.03497	0.01038	0.00665	0.00610	0.00182	0.02128	0.00532	0.00404	0.13821
2	0.04633	0.04963	0.01203	0.00974	0.01231	0.00912	0.05087	0.01510	0.09395	0.02279	0.33627	0.04443	0.22818	0.01249	0.00720	0.00209	0.00421	0.03044	0.00611	0.00670
3	0.60057	0.01229	0.01080	0.05609	0.01486	0.01402	0.00802	0.08560	0.01334	0.02804	0.01484	0.04511	0.06002	0.00750	0.00482	0.00204	0.00526	0.00517	0.00439	0.00722
4	0.02080	0.17814	0.02054	0.01461	0.01836	0.43424	0.01162	0.05047	0.10609	0.01799	0.01251	0.01397	0.01035	0.00937	0.05223	0.00223	0.01005	0.00465	0.00375	0.00802
5	0.07352	0.01427	0.03658	0.01349	0.07197	0.01282	0.01026	0.20445	0.01792	0.02691	0.01245	0.01397	0.00978	0.00579	0.00535	0.00140	0.00579	0.00452	0.00447	0.45429
6	0.03599	0.04179	0.10340	0.03457	0.04919	0.11444	0.11987	0.15973	0.17685	0.07420	0.01651	0.01725	0.01219	0.00711	0.00642	0.00200	0.00802	0.00601	0.00489	0.00956
7	0.00862	0.00653	0.00796	0.00787	0.00949	0.00587	0.00589	0.01106	0.01654	0.02224	0.43813	0.11817	0.26265	0.01498	0.00773	0.00217	0.00329	0.03838	0.00663	0.00582
8	0.00926	0.00681	0.00984	0.00984	0.01080	0.00778	0.00739	0.01119	0.01022	0.01459	0.01781	0.02815	0.01736	0.16723	0.63019	0.00971	0.01550	0.00733	0.00354	0.00547
9	0.00949	0.00605	0.00802	0.00908	0.00977	0.00561	0.00614	0.01066	0.01266	0.06882	0.03408	0.67637	0.03978	0.05862	0.00941	0.00277	0.00401	0.01704	0.00603	0.00560
10	0.01819	0.14209	0.17587	0.04848	0.02227	0.22041	0.06588	0.02386	0.11105	0.06547	0.01449	0.03860	0.01153	0.00707	0.00601	0.00188	0.00874	0.00553	0.00391	0.00866
11	0.01571	0.01537	0.02715	0.07678	0.62017	0.01541	0.09427	0.01975	0.01467	0.02082	0.01222	0.01621	0.01010	0.00576	0.00653	0.00196	0.00807	0.00596	0.00319	0.00991
12	0.02881	0.01129	0.01517	0.01163	0.01664	0.00993	0.00961	0.05925	0.01898	0.70865	0.02508	0.02173	0.01579	0.00799	0.00650	0.00200	0.00556	0.00647	0.00793	0.01100
13	0.01049	0.00928	0.03778	0.01036	0.03043	0.00802	0.05126	0.01458	0.07882	0.04710	0.25324	0.04740	0.35017	0.01311	0.00741	0.00212	0.00427	0.01133	0.00609	0.00675
14	0.01684	0.62546	0.11903	0.01292	0.01898	0.02364	0.05005	0.03847	0.01378	0.01683	0.00970	0.01128	0.00843	0.00566	0.00464	0.00152	0.00745	0.00390	0.00289	0.00854
15	0.00787	0.00562	0.00750	0.00900	0.00937	0.00525	0.00600	0.00900	0.01237	0.01649	0.03561	0.76871	0.04274	0.02024	0.00825	0.00262	0.00375	0.01837	0.00600	0.00525
16	0.33159	0.01101	0.01185	0.00972	0.01393	0.01103	0.00796	0.02480	0.01504	0.38267	0.01863	0.01780	0.01259	0.00717	0.00531	0.00194	0.00502	0.00529	0.09778	0.00889
17	0.01778	0.54208	0.10840	0.05919	0.01981	0.06968	0.01288	0.02060	0.01390	0.06853	0.01070	0.01209	0.00886	0.00591	0.00479	0.00157	0.00752	0.00401	0.00319	0.00851
18	0.01201	0.01105	0.01828	0.69433	0.04145	0.01363	0.01683	0.01616	0.01302	0.01688	0.01404	0.01931	0.03747	0.00690	0.00642	0.00213	0.00815	0.00607	0.03881	0.00706
19	0.00821	0.00594	0.00784	0.00923	0.00988	0.00557	0.00654	0.00963	0.01289	0.01696	0.03753	0.62195	0.09055	0.01964	0.00830	0.00264	0.00402	0.11135	0.00599	0.00536
20	0.02022	0.01134	0.01448	0.01334	0.06578	0.01113	0.00985	0.12850	0.08815	0.30087	0.13079	0.08363	0.04567	0.01021	0.00692	0.00210	0.00532	0.03548	0.00686	0.00934
21	0.01167	0.00909	0.01116	0.00974	0.01287	0.00785	0.00746	0.02804	0.01389	0.04077	0.06823	0.26257	0.05460	0.01187	0.00710	0.00184	0.03158	0.04942	0.00508	0.35516
22	0.05745	0.01233	0.01552	0.01200	0.01695	0.01164	0.00989	0.14578	0.03954	0.57354	0.02321	0.02053	0.01492	0.00790	0.00640	0.00199	0.00574	0.00629	0.00755	0.01082
23	0.00926	0.00621	0.00709	0.00723	0.00726	0.00617	0.00411	0.00936	0.00967	0.01289	0.02176	0.10923	0.02526	0.70356	0.03062	0.00593	0.00603	0.01022	0.00411	0.00404
24	0.04665	0.07323	0.12987	0.01421	0.05736	0.06965	0.01204	0.08835	0.05557	0.05198	0.06156	0.14952	0.05122	0.01303	0.05959	0.00268	0.04253	0.00829	0.00470	0.00797

[dist]
# distance from previous block
# <min> <max>
0	1

[block]
# block no. 6 follows, 34 sequences, length 20
# corresponding to MSA columns:
# 267-286
name=unknown_G
#
# <colnr> <probs for GDERKNQSTAVLIFYWHMCP>
#	G	D	E	R	K	N	Q	S	T	A	V	L	I	F	Y	W	H	M	C	P
0	0.02121	0.01886	0.05016	0.03937	0.02007	0.12583	0.01228	0.32050	0.23462	0.06268	0.01808	0.01779	0.01324	0.00779	0.00639	0.00199	0.00727	0.00600	0.00581	0.01005
1	0.03457	0.04109	0.14815	0.01888	0.14031	0.09290	0.07876	0.02116	0.01496	0.11190	0.01326	0.01501	0.01005	0.00591	0.00586	0.00167	0.00759	0.00503	0.00393	0.22901
2	0.01848	0.12694	0.01802	0.01300	0.03524	0.01645	0.01039	0.19846	0.26403	0.09194	0.06010	0.02398	0.07762	0.00876	0.00632	0.00197	0.00572	0.00701	0.00600	0.00958
3	0.74595	0.01275	0.01101	0.01132	0.07765	0.01457	0.00816	0.01907	0.01133	0.02828	0.00928	0.01099	0.00729	0.00598	0.00422	0.00199	0.00524	0.00370	0.00393	0.00729
4	0.00786	0.00655	0.00686	0.00678	0.00886	0.00555	0.00509	0.00971	0.01526	0.01871	0.16396	0.06012	0.63071	0.01590	0.00763	0.00216	0.00324	0.01335	0.00617	0.00555
5	0.01340	0.01148	0.01340	0.00957	0.01531	0.00861	0.00766	0.01627	0.01340	0.02105	0.01148	0.01340	0.00957	0.00479	0.00479	0.00096	0.00479	0.00383	0.00383	0.81242
6	0.00927	0.00677	0.00959	0.00959	0.01047	0.00765	0.00709	0.01103	0.01015	0.01441	0.01803	0.02940	0.01790	0.22075	0.57741	0.00940	0.01468	0.00751	0.00357	0.00533
7	0.02350	0.01749	0.02186	0.01646	0.02182	0.01873	0.11550	0.55976	0.02728	0.08782	0.01587	0.01626	0.01117	0.00743	0.00664	0.00198	0.00756	0.00613	0.00610	0.01065
8	0.02362	0.01696	0.01837	0.01437	0.01930	0.01869	0.01178	0.56178	0.13201	0.08876	0.01783	0.01725	0.01264	0.00792	0.00648	0.00198	0.00670	0.00609	0.00659	0.01088
9	0.00853	0.00658	0.00779	0.00748	0.00928	0.00584	0.00561	0.01100	0.01684	0.02247	0.45894	0.05393	0.33338	0.01449	0.00763	0.00209	0.00314	0.01248	0.00666	0.00584
10	0.02414	0.03079	0.01831	0.01665	0.01998	0.74698	0.01248	0.02580	0.01831	0.01581	0.00999	0.01165	0.00832	0.00666	0.00583	0.00166	0.01165	0.00416	0.00333	0.00749
11	0.00787	0.00562	0.00750	0.00900	0.00937	0.00525	0.00600	0.00900	0.01237	0.01649	0.03561	0.76871	0.04274	0.02024	0.00825	0.00262	0.00375	0.01837	0.00600	0.00525
12	0.03669	0.01389	0.02231	0.14374	0.18627	0.01649	0.09058	0.01779	0.01254	0.04806	0.01188	0.03925	0.01039	0.00861	0.01245	0.00238	0.30899	0.00628	0.00331	0.00809
13	0.01812	0.01508	0.01669	0.01419	0.01772	0.01771	0.01137	0.21764	0.42553	0.02909	0.02069	0.02026	0.01565	0.00887	0.00872	0.00222	0.11785	0.00665	0.00599	0.00997
14	0.81856	0.01250	0.00950	0.00850	0.01250	0.01449	0.00700	0.01899	0.01100	0.02899	0.00900	0.01050	0.00700	0.00600	0.00400	0.00200	0.00500	0.00350	0.00400	0.00700
15	0.01512	0.02069	0.28077	0.07487	0.05981	0.05390	0.12256	0.01993	0.01504	0.10864	0.04208	0.02374	0.11818	0.00802	0.00670	0.00206	0.00809	0.00703	0.00414	0.00863
16	0.09816	0.01238	0.01453	0.01165	0.01616	0.01236	0.00948	0.12767	0.13843	0.38299	0.04517	0.02099	0.01635	0.00796	0.00620	0.00198	0.00544	0.00633	0.03048	0.03528
17	0.01176	0.00910	0.04919	0.07617	0.01433	0.00748	0.00802	0.01429	0.01558	0.12566	0.15728	0.06427	0.39585	0.01326	0.00729	0.00213	0.00440	0.01118	0.00601	0.00675
18	0.01475	0.01365	0.02230	0.11217	0.49912	0.01412	0.01754	0.01955	0.06532	0.02077	0.01637	0.02515	0.01474	0.00784	0.00679	0.00212	0.00734	0.10728	0.00381	0.00926
19	0.02295	0.16442	0.02126	0.01541	0.01937	0.52655	0.01220	0.10920	0.01886	0.01878	0.01049	0.01190	0.00865	0.00659	0.00560	0.00165	0.01023	0.00424	0.00361	0.00807

[dist]
# distance from previous block
# <min> <max>
0	5

[block]
# block no. 7 follows, 34 sequences, length 45
# corresponding to MSA columns:
# 292-336
name=unknown_H
#
# <colnr> <probs for GDERKNQSTAVLIFYWHMCP>
#	G	D	E	R	K	N	Q	S	T	A	V	L	I	F	Y	W	H	M	C	P
0	0.02552	0.01326	0.08316	0.01224	0.01737	0.01055	0.01082	0.04829	0.06528	0.56942	0.02442	0.05551	0.01660	0.00843	0.00655	0.00204	0.00582	0.00692	0.00727	0.01054
1	0.02370	0.01662	0.01816	0.01412	0.01901	0.01813	0.01160	0.56928	0.07510	0.10489	0.05000	0.01821	0.01435	0.00810	0.00653	0.00197	0.00664	0.00625	0.00665	0.01071
2	0.02340	0.01745	0.01876	0.01443	0.01956	0.01908	0.01187	0.63170	0.06259	0.03874	0.01576	0.01579	0.01131	0.00761	0.00636	0.00189	0.00686	0.00576	0.00629	0.06480
3	0.01530	0.01310	0.01394	0.01276	0.01610	0.01505	0.00983	0.03194	0.65403	0.02603	0.02718	0.09443	0.02190	0.00985	0.00673	0.00223	0.00498	0.00835	0.00652	0.00976
4	0.02875	0.01138	0.01523	0.01168	0.01669	0.01006	0.00965	0.06810	0.01913	0.69958	0.02495	0.02164	0.01572	0.00798	0.00650	0.00200	0.00558	0.00646	0.00791	0.01100
5	0.01296	0.03342	0.73944	0.01842	0.02797	0.01501	0.02387	0.02046	0.01364	0.02046	0.01160	0.01364	0.00818	0.00614	0.00614	0.00205	0.00955	0.00477	0.00273	0.00955
6	0.00931	0.00628	0.00702	0.00702	0.00713	0.00623	0.00396	0.00939	0.00965	0.01277	0.02254	0.04324	0.05761	0.73638	0.03167	0.00607	0.00612	0.00960	0.00402	0.00399
7	0.01607	0.01388	0.01461	0.01315	0.01680	0.01607	0.01023	0.03433	0.72094	0.02703	0.02630	0.02411	0.01972	0.00877	0.00657	0.00219	0.00511	0.00731	0.00657	0.01023
8	0.01607	0.01388	0.01461	0.01315	0.01680	0.01607	0.01023	0.03433	0.72094	0.02703	0.02630	0.02411	0.01972	0.00877	0.00657	0.00219	0.00511	0.00731	0.00657	0.01023
9	0.00787	0.00562	0.00750	0.00900	0.00937	0.00525	0.00600	0.00900	0.01237	0.01649	0.03561	0.76871	0.04274	0.02024	0.00825	0.00262	0.00375	0.01837	0.00600	0.00525
10	0.01525	0.01743	0.03813	0.02723	0.03377	0.01634	0.70915	0.02070	0.01525	0.02070	0.01307	0.01743	0.00980	0.00545	0.00763	0.00218	0.01089	0.00763	0.00327	0.00871
11	0.00890	0.00636	0.00868	0.01017	0.01100	0.00613	0.00779	0.01077	0.01338	0.01765	0.03504	0.48696	0.04049	0.01927	0.00852	0.00277	0.00464	0.28997	0.00598	0.00553
12	0.01296	0.03342	0.73944	0.01842	0.02797	0.01501	0.02387	0.02046	0.01364	0.02046	0.01160	0.01364	0.00818	0.00614	0.00614	0.00205	0.00955	0.00477	0.00273	0.00955
13	0.00938	0.00628	0.00718	0.00728	0.00735	0.00627	0.00421	0.00952	0.00969	0.01290	0.02138	0.06966	0.02465	0.72012	0.03118	0.00602	0.00616	0.03268	0.00406	0.00403
14	0.01599	0.01535	0.02623	0.03966	0.73262	0.01535	0.01983	0.01983	0.01471	0.02111	0.01215	0.01599	0.01023	0.00576	0.00640	0.00192	0.00768	0.00576	0.00320	0.01023
15	0.01000	0.00821	0.01338	0.01224	0.01386	0.00933	0.07453	0.01256	0.01082	0.01556	0.01655	0.02418	0.01525	0.04290	0.64827	0.00931	0.04660	0.00694	0.00342	0.00610
16	0.00792	0.00566	0.00754	0.00896	0.00938	0.00528	0.00600	0.00913	0.01261	0.01687	0.06350	0.73974	0.04347	0.01996	0.00822	0.00260	0.00372	0.01810	0.00604	0.00528
17	0.02594	0.01507	0.01742	0.01344	0.01848	0.01565	0.01108	0.40912	0.05740	0.31761	0.01999	0.01849	0.01339	0.00790	0.00648	0.00197	0.00638	0.00616	0.00708	0.01096
18	0.01202	0.00780	0.01059	0.00998	0.01158	0.00842	0.00758	0.05060	0.01243	0.08900	0.03748	0.02914	0.04035	0.16565	0.46843	0.00792	0.01288	0.00757	0.00433	0.00625
19	0.00796	0.00613	0.00727	0.00788	0.00915	0.00545	0.00557	0.00956	0.01416	0.01821	0.14543	0.38122	0.32347	0.01768	0.00791	0.00236	0.00346	0.01551	0.00616	0.00545
20	0.01634	0.01401	0.01476	0.01320	0.01690	0.01620	0.01029	0.05591	0.69892	0.02747	0.02595	0.02383	0.01945	0.00873	0.00657	0.00218	0.00518	0.00726	0.00657	0.01025
21	0.67929	0.06463	0.02997	0.01119	0.05617	0.01535	0.02511	0.01914	0.01152	0.02720	0.00934	0.01105	0.00737	0.00594	0.00429	0.00196	0.00553	0.00376	0.00382	0.00738
22	0.02247	0.16163	0.02076	0.01540	0.01906	0.59701	0.01204	0.02425	0.01740	0.01602	0.03188	0.01255	0.00993	0.00666	0.00558	0.00163	0.01055	0.00427	0.00335	0.00759
23	0.01964	0.15719	0.04143	0.07377	0.13469	0.08913	0.01313	0.13194	0.08697	0.12980	0.04870	0.01767	0.01378	0.00716	0.00602	0.00186	0.00717	0.00569	0.00484	0.00939
24	0.01666	0.01506	0.03942	0.04093	0.13948	0.01625	0.01271	0.09607	0.49134	0.02682	0.02196	0.02137	0.01658	0.00801	0.00652	0.00212	0.00598	0.00677	0.00576	0.01019
25	0.00914	0.00684	0.01019	0.01029	0.01139	0.00789	0.00794	0.01137	0.01052	0.01510	0.01854	0.07533	0.01794	0.04656	0.69766	0.00986	0.01640	0.00769	0.00363	0.00573
26	0.01122	0.00561	0.00842	0.00842	0.00842	0.00561	0.00561	0.00842	0.00842	0.01122	0.01122	0.01964	0.01122	0.02245	0.02525	0.81201	0.00561	0.00561	0.00281	0.00281
27	0.01536	0.03484	0.09970	0.07852	0.29861	0.03284	0.11497	0.06248	0.06154	0.02139	0.01478	0.07289	0.01279	0.00749	0.00732	0.00208	0.04262	0.00688	0.00375	0.00915
28	0.01020	0.00779	0.05098	0.00985	0.01122	0.00627	0.00747	0.01187	0.01308	0.08420	0.03323	0.63826	0.03809	0.01822	0.00798	0.00254	0.00430	0.03240	0.00599	0.00605
29	0.02191	0.01075	0.01358	0.01090	0.01480	0.01017	0.00881	0.13993	0.02026	0.38893	0.22638	0.02854	0.02813	0.00944	0.00674	0.00198	0.00497	0.00786	0.03652	0.00940
30	0.01296	0.03342	0.73944	0.01842	0.02797	0.01501	0.02387	0.02046	0.01364	0.02046	0.01160	0.01364	0.00818	0.00614	0.00614	0.00205	0.00955	0.00477	0.00273	0.00955
31	0.01961	0.01777	0.02308	0.11161	0.22324	0.17595	0.12569	0.03974	0.01643	0.14615	0.01464	0.01764	0.01115	0.00669	0.00655	0.00197	0.00874	0.02007	0.00418	0.00909
32	0.00906	0.00654	0.00856	0.00819	0.00963	0.00604	0.00609	0.01198	0.01789	0.02528	0.68260	0.09667	0.05974	0.01368	0.00766	0.00207	0.00310	0.01213	0.00704	0.00604
33	0.00924	0.00690	0.01027	0.01027	0.01139	0.00802	0.00794	0.01147	0.01035	0.01492	0.01741	0.02595	0.01640	0.07292	0.72319	0.01025	0.01693	0.00701	0.00348	0.00571
34	0.01583	0.04595	0.18662	0.04607	0.27624	0.01407	0.01658	0.03968	0.05282	0.06956	0.01351	0.01560	0.01043	0.00604	0.00596	0.00177	0.00724	0.00520	0.00378	0.16704
35	0.01485	0.01153	0.01358	0.00986	0.01547	0.00895	0.00791	0.01823	0.03867	0.08346	0.01322	0.01452	0.01048	0.00520	0.00500	0.00109	0.00486	0.00418	0.00429	0.71467
36	0.00816	0.00583	0.00758	0.00879	0.00928	0.00547	0.00592	0.00935	0.01254	0.01671	0.06863	0.61703	0.06482	0.09077	0.01055	0.00294	0.00401	0.04057	0.00585	0.00519
37	0.00926	0.00680	0.00975	0.00975	0.01069	0.00773	0.00729	0.01113	0.01020	0.01453	0.01788	0.02857	0.01754	0.18518	0.61249	0.00961	0.01522	0.00739	0.00355	0.00542
38	0.01514	0.03662	0.19771	0.12190	0.28843	0.01468	0.04912	0.03835	0.01453	0.06209	0.01422	0.06636	0.01194	0.00727	0.00698	0.00206	0.03341	0.00643	0.00358	0.00918
39	0.01771	0.02398	0.22161	0.01618	0.04539	0.25756	0.02851	0.06074	0.05075	0.05570	0.11945	0.04024	0.01818	0.00803	0.00641	0.00193	0.00855	0.00632	0.00434	0.00842
40	0.02414	0.03079	0.01831	0.01665	0.01998	0.74698	0.01248	0.02580	0.01831	0.01581	0.00999	0.01165	0.00832	0.00666	0.00583	0.00166	0.01165	0.00416	0.00333	0.00749
41	0.04125	0.38696	0.05941	0.03748	0.03759	0.26230	0.03389	0.02141	0.01492	0.01655	0.00979	0.01160	0.00840	0.00596	0.00504	0.00157	0.00869	0.00402	0.00304	0.03013
42	0.00820	0.00598	0.00788	0.00884	0.00954	0.00577	0.00611	0.00961	0.01254	0.01679	0.07974	0.52092	0.09926	0.05809	0.11478	0.00382	0.00571	0.01548	0.00561	0.00533
43	0.00965	0.00755	0.00921	0.00925	0.01123	0.00679	0.00683	0.01243	0.05505	0.01872	0.05971	0.39108	0.13161	0.01562	0.00745	0.00223	0.00414	0.07777	0.00566	0.15800
44	0.19434	0.15619	0.06954	0.01319	0.01799	0.20303	0.01152	0.15134	0.01775	0.09165	0.01220	0.01301	0.00924	0.00661	0.00534	0.00180	0.00779	0.00446	0.00436	0.00866

[dist]
# distance from previous block
# <min> <max>
1	3

[block]
# block no. 8 follows, 34 sequences, length 68
# corresponding to MSA columns:
# 340-407
name=unknown_I
#
# <colnr> <probs for GDERKNQSTAVLIFYWHMCP>
#	G	D	E	R	K	N	Q	S	T	A	V	L	I	F	Y	W	H	M	C	P
0	0.00964	0.00685	0.00977	0.00979	0.01054	0.00771	0.00725	0.01085	0.01019	0.01434	0.01818	0.06855	0.01847	0.15952	0.45549	0.10907	0.03904	0.02600	0.00364	0.00512
1	0.03741	0.49859	0.02985	0.03272	0.03692	0.06556	0.07564	0.04061	0.01386	0.01713	0.01044	0.03230	0.00948	0.00657	0.00625	0.00169	0.06907	0.00465	0.00310	0.00817
2	0.76759	0.01268	0.01002	0.00882	0.01289	0.01458	0.00727	0.04633	0.01194	0.04736	0.00967	0.01098	0.00738	0.00612	0.00416	0.00200	0.00509	0.00367	0.00420	0.00725
3	0.00785	0.00572	0.00740	0.00874	0.00930	0.00527	0.00588	0.00903	0.01262	0.01660	0.03877	0.69396	0.11545	0.01983	0.00818	0.00258	0.00370	0.01787	0.00600	0.00527
4	0.01380	0.00765	0.00979	0.00865	0.01112	0.00682	0.00670	0.01649	0.01767	0.19693	0.43885	0.04343	0.15185	0.01229	0.00727	0.00203	0.00368	0.01059	0.02721	0.00718
5	0.01340	0.01148	0.01340	0.00957	0.01531	0.00861	0.00766	0.01627	0.01340	0.02105	0.01148	0.01340	0.00957	0.00479	0.00479	0.00096	0.00479	0.00383	0.00383	0.81242
6	0.00788	0.00650	0.00692	0.00693	0.00891	0.00554	0.00515	0.00970	0.01512	0.01867	0.16345	0.10344	0.58720	0.01613	0.00767	0.00219	0.00327	0.01363	0.00617	0.00554
7	0.13131	0.00804	0.00999	0.00984	0.01140	0.00917	0.00748	0.01368	0.05409	0.01767	0.01802	0.06899	0.01735	0.11426	0.47093	0.00773	0.01274	0.00737	0.00393	0.00600
8	0.01547	0.01224	0.01343	0.01204	0.01535	0.01366	0.00935	0.02971	0.53662	0.07038	0.16752	0.02883	0.02778	0.00961	0.00678	0.00215	0.00472	0.00814	0.00677	0.00944
9	0.01392	0.03478	0.01303	0.01187	0.01356	0.23003	0.02588	0.01542	0.01348	0.01560	0.03664	0.18278	0.03905	0.15379	0.14388	0.00430	0.03267	0.00913	0.00415	0.00603
10	0.01511	0.01184	0.01386	0.01001	0.01567	0.00935	0.00805	0.05856	0.01475	0.07043	0.01267	0.01410	0.01009	0.00518	0.00500	0.00109	0.00497	0.00413	0.00427	0.71086
11	0.01653	0.62424	0.07540	0.01254	0.01806	0.03769	0.05314	0.01915	0.01322	0.01585	0.00992	0.01193	0.00886	0.00822	0.05011	0.00203	0.00804	0.00401	0.00285	0.00822
12	0.01871	0.01629	0.01603	0.01384	0.01782	0.07897	0.01089	0.18966	0.50212	0.02924	0.02243	0.02107	0.01674	0.00835	0.00649	0.00209	0.00613	0.00670	0.00627	0.01017
13	0.64875	0.01217	0.01068	0.00914	0.01336	0.01342	0.00754	0.02168	0.01261	0.18128	0.01254	0.01297	0.00893	0.00643	0.00454	0.00200	0.00511	0.00414	0.00486	0.00786
14	0.01395	0.01288	0.02097	0.19766	0.28497	0.01392	0.06277	0.03574	0.05799	0.02058	0.06315	0.04346	0.01723	0.00851	0.00769	0.00219	0.04817	0.07572	0.00400	0.00843
15	0.00940	0.00626	0.00705	0.00705	0.00705	0.00626	0.00392	0.00940	0.00940	0.01253	0.02036	0.04228	0.02349	0.77292	0.03289	0.00626	0.00626	0.00940	0.00392	0.00392
16	0.06004	0.01114	0.01520	0.07982	0.01748	0.01225	0.07352	0.15111	0.01502	0.02099	0.01666	0.02878	0.01616	0.18765	0.01658	0.11376	0.06799	0.08502	0.00426	0.00656
17	0.57786	0.01309	0.01131	0.00996	0.01396	0.01506	0.00807	0.06103	0.17248	0.04316	0.01359	0.01407	0.01027	0.00676	0.00477	0.00204	0.00515	0.00455	0.00480	0.00803
18	0.01755	0.01852	0.11382	0.13120	0.04457	0.09725	0.11339	0.13873	0.05958	0.06566	0.01459	0.01769	0.01119	0.02206	0.00692	0.00201	0.00823	0.01878	0.00429	0.09399
19	0.02045	0.02133	0.01552	0.01394	0.01721	0.40354	0.01062	0.02543	0.14834	0.09524	0.08704	0.02158	0.05396	0.00945	0.02627	0.00209	0.00868	0.00628	0.00493	0.00808
20	0.00793	0.00652	0.00675	0.00671	0.00862	0.00559	0.00489	0.00949	0.01442	0.01753	0.10759	0.05909	0.60797	0.09619	0.01031	0.00260	0.00357	0.01305	0.00586	0.00534
21	0.01336	0.01230	0.02010	0.63589	0.11580	0.01481	0.01780	0.05948	0.01418	0.01848	0.01180	0.01699	0.00893	0.00647	0.00645	0.00212	0.00842	0.00575	0.00313	0.00773
22	0.00859	0.00608	0.00739	0.00814	0.00863	0.00579	0.00532	0.00944	0.01160	0.01521	0.03273	0.36993	0.10761	0.31369	0.01785	0.00402	0.00481	0.05320	0.00518	0.00479
23	0.81856	0.01250	0.00950	0.00850	0.01250	0.01449	0.00700	0.01899	0.01100	0.02899	0.00900	0.01050	0.00700	0.00600	0.00400	0.00200	0.00500	0.00350	0.00400	0.00700
24	0.02503	0.01735	0.01893	0.01451	0.01966	0.01892	0.01199	0.63917	0.02912	0.11440	0.01657	0.01620	0.01152	0.00778	0.00647	0.00195	0.00694	0.00589	0.00663	0.01099
25	0.01233	0.01148	0.01927	0.66908	0.08488	0.01401	0.01761	0.01653	0.01315	0.01696	0.01288	0.02046	0.01041	0.00709	0.00660	0.00219	0.00840	0.04633	0.00307	0.00729
26	0.81856	0.01250	0.00950	0.00850	0.01250	0.01449	0.00700	0.01899	0.01100	0.02899	0.00900	0.01050	0.00700	0.00600	0.00400	0.00200	0.00500	0.00350	0.00400	0.00700
27	0.01727	0.77681	0.03386	0.01106	0.01658	0.02557	0.01106	0.01935	0.01313	0.01520	0.00898	0.01036	0.00829	0.00553	0.00415	0.00138	0.00691	0.00345	0.00276	0.00829
28	0.02456	0.01810	0.01939	0.01487	0.02004	0.02004	0.01228	0.71107	0.03038	0.04072	0.01551	0.01551	0.01099	0.00776	0.00646	0.00194	0.00711	0.00582	0.00646	0.01099
29	0.00937	0.00636	0.00755	0.00755	0.00772	0.00654	0.00454	0.00972	0.00954	0.01290	0.01990	0.03974	0.02239	0.66396	0.14034	0.00688	0.00793	0.00902	0.00385	0.00419
30	0.00923	0.00692	0.01038	0.01038	0.01154	0.00808	0.00808	0.01154	0.01038	0.01500	0.01731	0.02538	0.01615	0.04846	0.74732	0.01038	0.01731	0.00692	0.00346	0.00577
31	0.01296	0.03342	0.73944	0.01842	0.02797	0.01501	0.02387	0.02046	0.01364	0.02046	0.01160	0.01364	0.00818	0.00614	0.00614	0.00205	0.00955	0.00477	0.00273	0.00955
32	0.00923	0.00692	0.01038	0.01038	0.01154	0.00808	0.00808	0.01154	0.01038	0.01500	0.01731	0.02538	0.01615	0.04846	0.74732	0.01038	0.01731	0.00692	0.00346	0.00577
33	0.00787	0.00562	0.00750	0.00900	0.00937	0.00525	0.00600	0.00900	0.01237	0.01649	0.03561	0.76871	0.04274	0.02024	0.00825	0.00262	0.00375	0.01837	0.00600	0.00525
34	0.00877	0.00633	0.00810	0.00922	0.00992	0.00606	0.00630	0.04703	0.01344	0.01784	0.03569	0.70033	0.06785	0.01942	0.00813	0.00257	0.00391	0.01750	0.00602	0.00557
