[name]
unknown

[dist]
# distance from previous block
# <min> <max>
0	0

[block]
# block no. 0 follows, 30 sequences, length 79
# corresponding to MSA columns:
# 0-78
name=unknown_A
#
# <colnr> <probs for GDERKNQSTAVLIFYWHMCP>
#	G	D	E	R	K	N	Q	S	T	A	V	L	I	F	Y	W	H	M	C	P
0	0.01124	0.00803	0.01124	0.01285	0.01446	0.00803	0.01124	0.01446	0.01606	0.02088	0.03695	0.07871	0.04016	0.01928	0.00964	0.00321	0.00643	0.66426	0.00643	0.00643
1	0.01701	0.01631	0.02785	0.08775	0.66838	0.01651	0.02128	0.02118	0.01576	0.02248	0.01308	0.01736	0.01094	0.00627	0.00691	0.00209	0.00836	0.00622	0.00343	0.01084
2	0.01795	0.01429	0.01632	0.01420	0.01830	0.01587	0.04090	0.03416	0.55492	0.09211	0.03076	0.02850	0.07057	0.00983	0.00723	0.00235	0.00570	0.00832	0.00704	0.01067
3	0.01301	0.00650	0.00650	0.00650	0.00813	0.00650	0.00488	0.01626	0.01463	0.02602	0.02276	0.02602	0.01789	0.00813	0.00488	0.00163	0.00325	0.00650	0.79350	0.00650
4	0.00997	0.00748	0.01121	0.01121	0.01246	0.00872	0.00872	0.01246	0.01121	0.01620	0.01869	0.02741	0.01745	0.05234	0.72710	0.01121	0.01869	0.00748	0.00374	0.00623
5	0.00997	0.00748	0.01121	0.01121	0.01246	0.00872	0.00872	0.01246	0.01121	0.01620	0.01869	0.02741	0.01745	0.05234	0.72710	0.01121	0.01869	0.00748	0.00374	0.00623
6	0.01453	0.14008	0.59520	0.01835	0.02774	0.01753	0.02311	0.02162	0.01482	0.02148	0.03598	0.01550	0.01081	0.00680	0.00637	0.00211	0.00966	0.00521	0.00311	0.00999
7	0.00850	0.00607	0.00810	0.00972	0.01012	0.00567	0.00648	0.00972	0.01336	0.01781	0.03846	0.75020	0.04615	0.02186	0.00891	0.00283	0.00405	0.01984	0.00648	0.00567
8	0.00850	0.00607	0.00810	0.00972	0.01012	0.00567	0.00648	0.00972	0.01336	0.01781	0.03846	0.75020	0.04615	0.02186	0.00891	0.00283	0.00405	0.01984	0.00648	0.00567
9	0.51056	0.19367	0.11234	0.01128	0.01680	0.01857	0.01106	0.02082	0.01281	0.02653	0.01009	0.01176	0.00806	0.00638	0.00467	0.00201	0.00655	0.00395	0.00382	0.00826
10	0.00988	0.00713	0.00933	0.00878	0.01043	0.00658	0.00658	0.01317	0.01975	0.02798	0.70754	0.05213	0.06584	0.01427	0.00823	0.00219	0.00329	0.01262	0.00768	0.00658
11	0.01696	0.14017	0.31490	0.04378	0.07800	0.04927	0.16027	0.07509	0.01673	0.02273	0.01273	0.01542	0.00965	0.00652	0.00668	0.00210	0.00989	0.00575	0.00347	0.00992
12	0.01919	0.01612	0.04086	0.03884	0.01918	0.04019	0.01153	0.29876	0.12912	0.03157	0.06190	0.02761	0.06251	0.05836	0.00893	0.00241	0.00679	0.03542	0.00614	0.08457
13	0.06661	0.17683	0.02067	0.01389	0.01738	0.07232	0.01151	0.04906	0.24653	0.02320	0.04831	0.02056	0.01650	0.03096	0.03471	0.00265	0.12794	0.00639	0.00493	0.00907
14	0.03131	0.01188	0.01619	0.01242	0.01781	0.01026	0.01026	0.03401	0.01997	0.71606	0.02753	0.02375	0.01727	0.00864	0.00702	0.00216	0.00594	0.00702	0.00864	0.01188
15	0.02391	0.11967	0.02216	0.01526	0.02055	0.04688	0.01272	0.46521	0.14094	0.03681	0.01753	0.01740	0.01294	0.00819	0.00664	0.00205	0.00746	0.00614	0.00634	0.01120
16	0.05296	0.72640	0.03542	0.01182	0.01772	0.02709	0.01175	0.02088	0.01408	0.01707	0.00970	0.01120	0.00889	0.00599	0.00447	0.00152	0.00737	0.00373	0.00304	0.00889
17	0.01895	0.04698	0.01540	0.01253	0.01603	0.05821	0.00984	0.19296	0.08702	0.12591	0.10087	0.19161	0.06892	0.01259	0.00749	0.00228	0.00598	0.01058	0.00676	0.00908
18	0.01592	0.33500	0.43658	0.01660	0.02512	0.02092	0.02006	0.02160	0.01450	0.01975	0.01136	0.01327	0.00889	0.00636	0.00574	0.00191	0.00913	0.00457	0.00296	0.00975
19	0.00850	0.00607	0.00810	0.00972	0.01012	0.00567	0.00648	0.00972	0.01336	0.01781	0.03846	0.75020	0.04615	0.02186	0.00891	0.00283	0.00405	0.01984	0.00648	0.00567
20	0.01711	0.01642	0.02804	0.06957	0.68572	0.01654	0.02134	0.02128	0.01582	0.02261	0.01310	0.01732	0.01099	0.00625	0.00691	0.00208	0.00833	0.00622	0.00344	0.01093
21	0.01679	0.01609	0.02746	0.12398	0.63381	0.01645	0.02118	0.02100	0.01566	0.02222	0.01304	0.01743	0.01085	0.00631	0.00692	0.00210	0.00841	0.00622	0.00341	0.01067
22	0.03131	0.01188	0.01619	0.01242	0.01781	0.01026	0.01026	0.03401	0.01997	0.71606	0.02753	0.02375	0.01727	0.00864	0.00702	0.00216	0.00594	0.00702	0.00864	0.01188
23	0.00997	0.00748	0.01121	0.01121	0.01246	0.00872	0.00872	0.01246	0.01121	0.01620	0.01869	0.02741	0.01745	0.05234	0.72710	0.01121	0.01869	0.00748	0.00374	0.00623
24	0.01318	0.01240	0.02093	0.73798	0.04806	0.01550	0.01938	0.01783	0.01395	0.01783	0.01240	0.01860	0.00930	0.00698	0.00698	0.00233	0.00930	0.00620	0.00310	0.00775
25	0.01546	0.01473	0.02505	0.35098	0.41726	0.01610	0.02051	0.01983	0.01503	0.02060	0.01281	0.01786	0.01028	0.00655	0.00694	0.00218	0.00874	0.00621	0.00330	0.00959
26	0.01724	0.01667	0.02882	0.04231	0.68518	0.01662	0.04707	0.02145	0.01591	0.02278	0.01316	0.01733	0.01104	0.00620	0.00696	0.00208	0.00842	0.00630	0.00346	0.01099
27	0.03131	0.01188	0.01619	0.01242	0.01781	0.01026	0.01026	0.03401	0.01997	0.71606	0.02753	0.02375	0.01727	0.00864	0.00702	0.00216	0.00594	0.00702	0.00864	0.01188
28	0.00850	0.00607	0.00810	0.00972	0.01012	0.00567	0.00648	0.00972	0.01336	0.01781	0.03846	0.75020	0.04615	0.02186	0.00891	0.00283	0.00405	0.01984	0.00648	0.00567
29	0.01535	0.01695	0.03620	0.02632	0.03245	0.01588	0.58167	0.02068	0.01648	0.02243	0.06863	0.07803	0.01754	0.00776	0.00829	0.00238	0.01052	0.00947	0.00407	0.00891
30	0.01022	0.00772	0.01120	0.01107	0.01210	0.00902	0.00844	0.01236	0.01106	0.01589	0.01870	0.02918	0.01808	0.13875	0.61002	0.01031	0.04831	0.00775	0.00377	0.00604
31	0.01527	0.01527	0.02137	0.01832	0.01832	0.02137	0.01527	0.01679	0.01069	0.01679	0.00916	0.01527	0.00916	0.01221	0.02290	0.00305	0.74198	0.00611	0.00305	0.00763
32	0.01447	0.01240	0.01447	0.01034	0.01654	0.00930	0.00827	0.01757	0.01447	0.02274	0.01240	0.01447	0.01034	0.00517	0.00517	0.00103	0.00517	0.00413	0.00413	0.79742
33	0.01866	0.75896	0.03657	0.01194	0.01791	0.02761	0.01194	0.02090	0.01418	0.01642	0.00970	0.01119	0.00896	0.00597	0.00448	0.00149	0.00746	0.00373	0.00299	0.00896
34	0.01727	0.01658	0.02832	0.04283	0.71123	0.01658	0.02142	0.02142	0.01589	0.02280	0.01313	0.01727	0.01105	0.00622	0.00691	0.00207	0.00829	0.00622	0.00345	0.01105
35	0.02607	0.03326	0.01978	0.01798	0.02157	0.72674	0.01348	0.02787	0.01978	0.01708	0.01079	0.01258	0.00899	0.00719	0.00629	0.00180	0.01258	0.00449	0.00360	0.00809
36	0.01346	0.01184	0.01548	0.21137	0.02451	0.01066	0.01103	0.01685	0.01448	0.02097	0.01853	0.02115	0.08339	0.00698	0.00599	0.00153	0.00614	0.00582	0.00409	0.49572
37	0.09574	0.42717	0.20167	0.01430	0.02093	0.09934	0.01512	0.02191	0.01470	0.01937	0.01052	0.01224	0.00879	0.00632	0.00519	0.00177	0.00852	0.00417	0.00317	0.00906
38	0.02503	0.09228	0.02128	0.04208	0.02218	0.60299	0.01354	0.06533	0.01987	0.01861	0.01110	0.01292	0.00916	0.00715	0.00620	0.00181	0.01176	0.00459	0.00372	0.00837
39	0.00983	0.00765	0.00904	0.00851	0.01065	0.00693	0.00642	0.01335	0.04881	0.02481	0.44061	0.05466	0.27608	0.01487	0.00808	0.00222	0.00354	0.01282	0.00713	0.03401
40	0.01504	0.15100	0.53877	0.02015	0.05761	0.01815	0.06258	0.02189	0.01480	0.02123	0.01219	0.01451	0.00906	0.00646	0.00639	0.00210	0.00985	0.00515	0.00301	0.01007
41	0.01516	0.06431	0.58891	0.02089	0.06021	0.01657	0.06561	0.02249	0.01507	0.04859	0.01311	0.01530	0.00938	0.00661	0.00666	0.00218	0.01002	0.00541	0.00323	0.01029
42	0.03026	0.01277	0.01665	0.01285	0.01821	0.01169	0.01059	0.09971	0.04876	0.62083	0.02649	0.02314	0.01690	0.00864	0.00702	0.00216	0.00610	0.00698	0.00841	0.01184
43	0.01736	0.01499	0.01578	0.01420	0.01815	0.01736	0.01105	0.03708	0.69862	0.02919	0.02840	0.02604	0.02130	0.00947	0.00710	0.00237	0.00552	0.00789	0.00710	0.01105
44	0.01834	0.08637	0.39524	0.04219	0.02756	0.01607	0.09627	0.02482	0.03676	0.16617	0.01608	0.01726	0.01120	0.00701	0.00675	0.00217	0.00916	0.00590	0.00433	0.01036
45	0.01224	0.01028	0.01245	0.01450	0.13016	0.02898	0.00913	0.01614	0.07288	0.05156	0.14060	0.04987	0.39678	0.01391	0.00782	0.00226	0.00483	0.01182	0.00619	0.00760
46	0.01015	0.00677	0.00761	0.00761	0.00761	0.00677	0.00423	0.01015	0.01015	0.01353	0.02199	0.04567	0.02537	0.75476	0.03552	0.00677	0.00677	0.01015	0.00423	0.00423
47	0.06473	0.01248	0.01626	0.01253	0.01789	0.01128	0.01035	0.07885	0.02051	0.63946	0.02600	0.02272	0.01647	0.00852	0.00690	0.00215	0.00604	0.00683	0.00833	0.01169
48	0.01853	0.01807	0.06486	0.01694	0.04524	0.09376	0.08955	0.13537	0.22060	0.05394	0.06001	0.05737	0.07501	0.00975	0.00731	0.00224	0.00746	0.00834	0.00590	0.00977
49	0.00831	0.00707	0.00716	0.00714	0.00947	0.00592	0.00535	0.01014	0.01606	0.01922	0.09650	0.06655	0.68235	0.01753	0.00825	0.00235	0.00352	0.01464	0.00653	0.00592
50	0.01318	0.01240	0.02093	0.73798	0.04806	0.01550	0.01938	0.01783	0.01395	0.01783	0.01240	0.01860	0.00930	0.00698	0.00698	0.00233	0.00930	0.00620	0.00310	0.00775
51	0.02930	0.01259	0.01637	0.01271	0.01790	0.01156	0.01044	0.10001	0.05020	0.58856	0.05572	0.02436	0.01898	0.00889	0.00707	0.00216	0.00598	0.00722	0.00836	0.01161
52	0.03131	0.01188	0.01619	0.01242	0.01781	0.01026	0.01026	0.03401	0.01997	0.71606	0.02753	0.02375	0.01727	0.00864	0.00702	0.00216	0.00594	0.00702	0.00864	0.01188
53	0.00997	0.00748	0.01121	0.01121	0.01246	0.00872	0.00872	0.01246	0.01121	0.01620	0.01869	0.02741	0.01745	0.05234	0.72710	0.01121	0.01869	0.00748	0.00374	0.00623
54	0.01400	0.03610	0.71860	0.01989	0.03020	0.01621	0.02578	0.02210	0.01473	0.02210	0.01252	0.01473	0.00884	0.00663	0.00663	0.00221	0.01031	0.00516	0.00295	0.01031
55	0.00974	0.00713	0.00913	0.00863	0.01034	0.00652	0.00647	0.01290	0.01942	0.02720	0.65259	0.05342	0.12129	0.01456	0.00823	0.00221	0.00331	0.01280	0.00758	0.00652
56	0.00850	0.00607	0.00810	0.00972	0.01012	0.00567	0.00648	0.00972	0.01336	0.01781	0.03846	0.75020	0.04615	0.02186	0.00891	0.00283	0.00405	0.01984	0.00648	0.00567
57	0.02704	0.01872	0.02043	0.01566	0.02123	0.02041	0.01294	0.61738	0.03142	0.11651	0.01792	0.01751	0.01245	0.00841	0.00698	0.00210	0.00749	0.00636	0.00716	0.01187
58	0.01866	0.75896	0.03657	0.01194	0.01791	0.02761	0.01194	0.02090	0.01418	0.01642	0.00970	0.01119	0.00896	0.00597	0.00448	0.00149	0.00746	0.00373	0.00299	0.00896
59	0.01798	0.01270	0.01511	0.01100	0.01703	0.01013	0.00888	0.05662	0.01640	0.14143	0.01520	0.01617	0.01159	0.00593	0.00558	0.00128	0.00543	0.00474	0.00505	0.62175
60	0.01647	0.01882	0.04118	0.02941	0.03647	0.01765	0.68588	0.02235	0.01647	0.02235	0.01412	0.01882	0.01059	0.00588	0.00824	0.00235	0.01176	0.00824	0.00353	0.00941
61	0.01400	0.03610	0.71860	0.01989	0.03020	0.01621	0.02578	0.02210	0.01473	0.02210	0.01252	0.01473	0.00884	0.00663	0.00663	0.00221	0.01031	0.00516	0.00295	0.01031
62	0.01318	0.01240	0.02093	0.73798	0.04806	0.01550	0.01938	0.01783	0.01395	0.01783	0.01240	0.01860	0.00930	0.00698	0.00698	0.00233	0.00930	0.00620	0.00310	0.00775
63	0.03023	0.01194	0.01607	0.01239	0.01763	0.01050	0.01020	0.05585	0.02041	0.66337	0.05614	0.02472	0.01916	0.00887	0.00707	0.00216	0.00589	0.00723	0.00854	0.01165
64	0.01212	0.00606	0.00909	0.00909	0.00909	0.00606	0.00606	0.00909	0.00909	0.01212	0.01212	0.02121	0.01212	0.02424	0.02727	0.79697	0.00606	0.00606	0.00303	0.00303
65	0.00997	0.00748	0.01121	0.01121	0.01246	0.00872	0.00872	0.01246	0.01121	0.01620	0.01869	0.02741	0.01745	0.05234	0.72710	0.01121	0.01869	0.00748	0.00374	0.00623
66	0.01866	0.75896	0.03657	0.01194	0.01791	0.02761	0.01194	0.02090	0.01418	0.01642	0.00970	0.01119	0.00896	0.00597	0.00448	0.00149	0.00746	0.00373	0.00299	0.00896
67	0.02690	0.07283	0.02054	0.01463	0.02012	0.01866	0.01221	0.42316	0.05683	0.23257	0.01980	0.01873	0.01360	0.00832	0.00681	0.00208	0.00707	0.00637	0.00716	0.01161
68	0.01527	0.01527	0.02137	0.01832	0.01832	0.02137	0.01527	0.01679	0.01069	0.01679	0.00916	0.01527	0.00916	0.01221	0.02290	0.00305	0.74198	0.00611	0.00305	0.00763
69	0.01655	0.01584	0.02702	0.16553	0.59418	0.01639	0.02106	0.02078	0.01555	0.02192	0.01300	0.01751	0.01074	0.00635	0.00692	0.00212	0.00847	0.00621	0.00339	0.01047
70	0.01721	0.13512	0.35902	0.02048	0.02835	0.13678	0.16355	0.02294	0.01587	0.02050	0.01217	0.01475	0.00926	0.00647	0.00661	0.00207	0.01060	0.00550	0.00319	0.00955
71	0.01647	0.01882	0.04118	0.02941	0.03647	0.01765	0.68588	0.02235	0.01647	0.02235	0.01412	0.01882	0.01059	0.00588	0.00824	0.00235	0.01176	0.00824	0.00353	0.00941
72	0.00825	0.00707	0.00707	0.00707	0.00943	0.00589	0.00530	0.01001	0.01591	0.01885	0.07069	0.06716	0.70839	0.01767	0.00825	0.00236	0.00353	0.01473	0.00648	0.00589
73	0.00850	0.00607	0.00810	0.00972	0.01012	0.00567	0.00648	0.00972	0.01336	0.01781	0.03846	0.75020	0.04615	0.02186	0.00891	0.00283	0.00405	0.01984	0.00648	0.00567
74	0.02513	0.05486	0.02117	0.04079	0.05329	0.43767	0.01390	0.22252	0.02307	0.02530	0.01267	0.01417	0.00994	0.00745	0.00648	0.00190	0.01064	0.00513	0.00455	0.00936
75	0.01849	0.73282	0.06123	0.01223	0.01835	0.02720	0.01244	0.02094	0.01420	0.01662	0.00980	0.01132	0.00895	0.00599	0.00456	0.00152	0.00757	0.00378	0.00298	0.00900
76	0.01971	0.27140	0.14572	0.01479	0.02094	0.02139	0.01438	0.17655	0.17747	0.04727	0.01665	0.01688	0.01271	0.00752	0.00610	0.00198	0.00751	0.00562	0.00501	0.01042
77	0.01394	0.01048	0.01267	0.01105	0.04048	0.00899	0.00798	0.04469	0.01547	0.06531	0.07637	0.05847	0.11302	0.11366	0.04285	0.00277	0.00587	0.00814	0.00518	0.34260
78	0.04391	0.12214	0.05993	0.01188	0.01593	0.17592	0.01005	0.01802	0.01628	0.01992	0.08276	0.07775	0.19366	0.01086	0.00666	0.00193	0.00689	0.00859	0.00481	0.11211

[dist]
# distance from previous block
# <min> <max>
2	11

[block]
# block no. 1 follows, 30 sequences, length 58
# corresponding to MSA columns:
# 90-147
name=unknown_B
#
# <colnr> <probs for GDERKNQSTAVLIFYWHMCP>
#	G	D	E	R	K	N	Q	S	T	A	V	L	I	F	Y	W	H	M	C	P
0	0.01827	0.27359	0.32501	0.01604	0.02366	0.02050	0.01795	0.13401	0.01771	0.05210	0.01307	0.01460	0.00996	0.00802	0.02540	0.00219	0.00896	0.00501	0.00389	0.01007
1	0.05365	0.03118	0.01389	0.01232	0.01430	0.05405	0.00977	0.05746	0.01357	0.04766	0.01707	0.02371	0.01528	0.05245	0.45043	0.00784	0.08326	0.00682	0.02811	0.00716
2	0.01612	0.02882	0.45443	0.01769	0.02520	0.07868	0.02023	0.02307	0.05497	0.06954	0.08291	0.01954	0.01581	0.00808	0.00783	0.00223	0.05485	0.00618	0.00411	0.00973
3	0.00988	0.00713	0.00938	0.00911	0.01068	0.00663	0.00689	0.01304	0.01910	0.02687	0.62020	0.09744	0.06287	0.01508	0.00837	0.00230	0.00355	0.05742	0.00752	0.00652
4	0.01916	0.70956	0.03542	0.01235	0.01816	0.07520	0.01205	0.02137	0.01456	0.01646	0.00978	0.01129	0.00896	0.00605	0.00460	0.00151	0.00781	0.00378	0.00303	0.00890
5	0.06819	0.06627	0.01885	0.01358	0.01878	0.01710	0.01128	0.34450	0.04732	0.19667	0.05414	0.02102	0.03438	0.00858	0.00668	0.00204	0.00660	0.00663	0.00683	0.05055
6	0.02261	0.01738	0.08161	0.03946	0.02102	0.01660	0.01309	0.27766	0.17658	0.17191	0.02403	0.02398	0.04807	0.00916	0.00711	0.00223	0.00691	0.02281	0.00680	0.01099
7	0.00958	0.00714	0.00895	0.00875	0.01049	0.00651	0.00664	0.01248	0.01846	0.02524	0.50569	0.08552	0.19329	0.01561	0.00836	0.00232	0.00359	0.05769	0.00730	0.00640
8	0.01798	0.01530	0.01613	0.01433	0.01838	0.01765	0.01120	0.08138	0.65330	0.03020	0.02761	0.02540	0.02066	0.00939	0.00709	0.00235	0.00567	0.00778	0.00709	0.01110
9	0.80405	0.01350	0.01026	0.00918	0.01350	0.01565	0.00756	0.02051	0.01188	0.03131	0.00972	0.01134	0.00756	0.00648	0.00432	0.00216	0.00540	0.00378	0.00432	0.00756
10	0.00994	0.00752	0.00922	0.00872	0.01062	0.00699	0.00656	0.01377	0.05321	0.02629	0.55134	0.05369	0.18669	0.01468	0.00818	0.00223	0.00345	0.01279	0.00742	0.00668
11	0.01736	0.01499	0.01578	0.01420	0.01815	0.01736	0.01105	0.03708	0.69862	0.02919	0.02840	0.02604	0.02130	0.00947	0.00710	0.00237	0.00552	0.00789	0.00710	0.01105
12	0.01873	0.01459	0.01570	0.01380	0.01789	0.01640	0.01082	0.07600	0.56128	0.09179	0.02973	0.02732	0.05496	0.00974	0.00714	0.00233	0.00559	0.00805	0.00720	0.01091
13	0.01762	0.44496	0.29196	0.01496	0.02253	0.02234	0.01705	0.02209	0.01471	0.05797	0.01177	0.01323	0.00938	0.00637	0.00543	0.00180	0.00845	0.00445	0.00329	0.00963
14	0.01515	0.11997	0.60412	0.01887	0.02834	0.05332	0.02355	0.02225	0.01492	0.02119	0.01211	0.01421	0.00886	0.00658	0.00636	0.00211	0.01010	0.00496	0.00298	0.01004
15	0.00865	0.00622	0.00821	0.00953	0.01014	0.00578	0.00645	0.01012	0.01417	0.01901	0.11636	0.64923	0.06851	0.02086	0.00881	0.00275	0.00395	0.01885	0.00662	0.00578
16	0.00870	0.00621	0.00832	0.00994	0.01043	0.00584	0.00682	0.01006	0.01356	0.01804	0.03835	0.70175	0.04572	0.02168	0.00896	0.00286	0.00422	0.06634	0.00647	0.00572
17	0.01284	0.01088	0.01714	0.08621	0.17353	0.01142	0.03621	0.01615	0.01521	0.02048	0.02722	0.13418	0.02881	0.01470	0.00941	0.00279	0.04915	0.32085	0.00518	0.00766
18	0.01014	0.00681	0.00781	0.00781	0.00788	0.00688	0.00448	0.01028	0.01021	0.01368	0.02180	0.04464	0.02492	0.71518	0.07448	0.00702	0.00744	0.01000	0.00420	0.00434
19	0.01015	0.00677	0.00761	0.00761	0.00761	0.00677	0.00423	0.01015	0.01015	0.01353	0.02199	0.04567	0.02537	0.75476	0.03552	0.00677	0.00677	0.01015	0.00423	0.00423
20	0.02514	0.12370	0.02187	0.01723	0.02112	0.63961	0.01329	0.02700	0.01908	0.01700	0.01065	0.01241	0.00898	0.00704	0.00607	0.00176	0.01195	0.00440	0.00352	0.00820
21	0.07856	0.01715	0.01846	0.01456	0.01973	0.01863	0.01189	0.44839	0.11442	0.09947	0.01907	0.03697	0.01407	0.00859	0.00677	0.00211	0.00687	0.00662	0.00680	0.05087
22	0.25625	0.01591	0.01665	0.01315	0.01832	0.01712	0.01086	0.33324	0.02354	0.20317	0.01730	0.01686	0.01191	0.00788	0.00621	0.00213	0.00659	0.00572	0.00660	0.01060
23	0.00879	0.00626	0.00831	0.00985	0.01033	0.00590	0.00673	0.01010	0.01341	0.01784	0.03755	0.66492	0.04469	0.05714	0.01025	0.00305	0.00436	0.06849	0.00636	0.00566
24	0.00997	0.00748	0.01121	0.01121	0.01246	0.00872	0.00872	0.01246	0.01121	0.01620	0.01869	0.02741	0.01745	0.05234	0.72710	0.01121	0.01869	0.00748	0.00374	0.00623
25	0.01957	0.01609	0.01702	0.01465	0.01899	0.01839	0.01158	0.19385	0.53825	0.03275	0.02560	0.02380	0.01903	0.00920	0.00707	0.00230	0.00604	0.00750	0.00707	0.01124
26	0.01575	0.01526	0.02314	0.45099	0.25026	0.06040	0.01941	0.04499	0.01563	0.02031	0.01269	0.01775	0.00992	0.00681	0.00691	0.00221	0.00913	0.00610	0.00339	0.00895
27	0.00914	0.00711	0.00843	0.00901	0.02511	0.00640	0.00629	0.01107	0.01568	0.02023	0.19065	0.19152	0.33825	0.08873	0.01103	0.00287	0.00412	0.04195	0.00645	0.00597
28	0.06839	0.63558	0.03315	0.01241	0.01802	0.10097	0.01183	0.02161	0.01463	0.01742	0.00982	0.01135	0.00887	0.00613	0.00466	0.00157	0.00788	0.00382	0.00313	0.00878
29	0.02068	0.56102	0.03199	0.01359	0.01891	0.21830	0.01236	0.02280	0.01571	0.01660	0.01000	0.01157	0.00896	0.00630	0.00497	0.00158	0.00886	0.00394	0.00315	0.00872
30	0.06821	0.01815	0.01914	0.01524	0.02037	0.02031	0.01243	0.49938	0.18606	0.03984	0.01906	0.01860	0.01381	0.00852	0.00686	0.00216	0.00705	0.00651	0.00686	0.01143
31	0.01733	0.01231	0.01476	0.01069	0.01675	0.00946	0.00861	0.02036	0.01541	0.14055	0.01497	0.01605	0.01151	0.00576	0.00548	0.00122	0.00530	0.00462	0.00490	0.66393
32	0.03072	0.01356	0.01669	0.01296	0.01826	0.05133	0.01063	0.07442	0.02076	0.63479	0.02592	0.02269	0.01647	0.00854	0.00697	0.00213	0.00642	0.00683	0.00825	0.01166
33	0.80405	0.01350	0.01026	0.00918	0.01350	0.01565	0.00756	0.02051	0.01188	0.03131	0.00972	0.01134	0.00756	0.00648	0.00432	0.00216	0.00540	0.00378	0.00432	0.00756
34	0.00907	0.00660	0.00806	0.00876	0.00963	0.00614	0.00595	0.01044	0.01399	0.01840	0.12064	0.36509	0.16662	0.17860	0.01448	0.00353	0.00453	0.03780	0.00613	0.00553
35	0.00999	0.00741	0.01088	0.01088	0.01201	0.00854	0.00830	0.01224	0.01111	0.01595	0.01900	0.02913	0.01819	0.11829	0.66216	0.01080	0.01757	0.00773	0.00378	0.00604
36	0.01647	0.01882	0.04118	0.02941	0.03647	0.01765	0.68588	0.02235	0.01647	0.02235	0.01412	0.01882	0.01059	0.00588	0.00824	0.00235	0.01176	0.00824	0.00353	0.00941
37	0.00836	0.00702	0.00725	0.00730	0.00952	0.00592	0.00544	0.01019	0.01601	0.01935	0.10735	0.09932	0.63778	0.01767	0.00828	0.00237	0.00354	0.01485	0.00655	0.00592
38	0.05531	0.01124	0.01468	0.01154	0.01646	0.00982	0.00945	0.03010	0.01910	0.59205	0.03308	0.02953	0.11588	0.00985	0.00710	0.00219	0.00557	0.00801	0.00818	0.01087
39	0.76758	0.01378	0.01076	0.00950	0.01388	0.01594	0.00782	0.05182	0.01286	0.03190	0.01005	0.01159	0.00776	0.00657	0.00444	0.00216	0.00551	0.00390	0.00444	0.00776
40	0.01715	0.01646	0.02811	0.06317	0.69182	0.01655	0.02136	0.02131	0.01583	0.02265	0.01310	0.01731	0.01100	0.00624	0.00691	0.00208	0.00832	0.00622	0.00344	0.01096
41	0.00892	0.00704	0.00803	0.00790	0.00987	0.00616	0.00588	0.01126	0.01731	0.02246	0.32440	0.09961	0.41328	0.01654	0.00828	0.00232	0.00347	0.01417	0.00696	0.00616
42	0.01015	0.00677	0.00761	0.00761	0.00761	0.00677	0.00423	0.01015	0.01015	0.01353	0.02199	0.04567	0.02537	0.75476	0.03552	0.00677	0.00677	0.01015	0.00423	0.00423
43	0.02969	0.01241	0.01631	0.01267	0.01785	0.01125	0.01039	0.10272	0.02102	0.61043	0.02691	0.05817	0.01809	0.00925	0.00711	0.00218	0.00603	0.00756	0.00836	0.01157
44	0.01654	0.01583	0.02700	0.16769	0.59211	0.01639	0.02105	0.02077	0.01554	0.02191	0.01300	0.01751	0.01074	0.00635	0.00692	0.00212	0.00847	0.00621	0.00339	0.01046
45	0.00859	0.00618	0.00814	0.00955	0.01012	0.00574	0.00644	0.00996	0.01389	0.01855	0.08523	0.67677	0.07262	0.02119	0.00884	0.00277	0.00398	0.01915	0.00656	0.00574
46	0.03085	0.01261	0.01665	0.01276	0.01818	0.01134	0.01054	0.09634	0.02120	0.65200	0.02650	0.02308	0.01676	0.00861	0.00701	0.00215	0.00610	0.00695	0.00848	0.01188
47	0.07214	0.01613	0.02158	0.04663	0.33640	0.04944	0.01614	0.13798	0.07185	0.02702	0.01771	0.02489	0.01529	0.00855	0.00701	0.00222	0.00764	0.08519	0.02613	0.01005
48	0.01762	0.59780	0.18862	0.01371	0.02065	0.02507	0.01503	0.02116	0.01430	0.01768	0.01033	0.01198	0.00893	0.00612	0.00496	0.00165	0.00810	0.00405	0.00298	0.00926
49	0.01400	0.03610	0.71860	0.01989	0.03020	0.01621	0.02578	0.02210	0.01473	0.02210	0.01252	0.01473	0.00884	0.00663	0.00663	0.00221	0.01031	0.00516	0.00295	0.01031
50	0.00951	0.00706	0.00886	0.00853	0.01023	0.00641	0.00635	0.01241	0.01871	0.02578	0.55649	0.09479	0.17844	0.01530	0.00827	0.00226	0.00338	0.01341	0.00740	0.00641
51	0.01307	0.01138	0.01441	0.06459	0.08369	0.05990	0.02939	0.06083	0.01654	0.02147	0.08777	0.17605	0.10489	0.01893	0.09124	0.00352	0.00785	0.12170	0.00548	0.00732
52	0.01797	0.01486	0.01377	0.01229	0.01433	0.15885	0.00917	0.09874	0.03445	0.05692	0.01658	0.02335	0.01473	0.13440	0.01654	0.15429	0.07412	0.00661	0.12109	0.00695
53	0.72889	0.01314	0.01055	0.00940	0.01365	0.01498	0.00769	0.02099	0.01243	0.07353	0.01180	0.03719	0.00947	0.00713	0.00464	0.00218	0.00539	0.00453	0.00466	0.00776
54	0.01425	0.01368	0.02382	0.48676	0.20572	0.01556	0.07192	0.01874	0.01460	0.01938	0.01370	0.04606	0.01122	0.00727	0.00713	0.00229	0.00905	0.00688	0.00335	0.00860
55	0.01359	0.01239	0.02054	0.46790	0.17181	0.01430	0.01815	0.01787	0.01483	0.01957	0.03628	0.02866	0.01607	0.00895	0.00741	0.00241	0.00848	0.10881	0.00382	0.00816
56	0.03622	0.00935	0.01436	0.01329	0.01542	0.00902	0.10699	0.05166	0.01538	0.05574	0.03214	0.49691	0.03597	0.01745	0.00851	0.00269	0.00568	0.06010	0.00611	0.00699
57	0.66008	0.01519	0.01214	0.05558	0.01664	0.06913	0.00901	0.05220	0.01358	0.03000	0.01029	0.01214	0.00798	0.00665	0.00476	0.00214	0.00629	0.00410	0.00431	0.00781

[dist]
# distance from previous block
# <min> <max>
0	2

[block]
# block no. 2 follows, 30 sequences, length 28
# corresponding to MSA columns:
# 151-178
name=unknown_C
#
# <colnr> <probs for GDERKNQSTAVLIFYWHMCP>
#	G	D	E	R	K	N	Q	S	T	A	V	L	I	F	Y	W	H	M	C	P
0	0.08938	0.02250	0.12627	0.02607	0.26305	0.17581	0.04883	0.04817	0.01713	0.06089	0.01435	0.01874	0.01173	0.00736	0.00670	0.00211	0.00922	0.03790	0.00405	0.00974
1	0.01068	0.00769	0.01010	0.01051	0.03534	0.00836	0.00688	0.01191	0.01096	0.01551	0.02005	0.03617	0.02111	0.41919	0.27291	0.00775	0.03959	0.00875	0.04110	0.00541
2	0.02145	0.29615	0.02763	0.01969	0.14551	0.16829	0.01420	0.16741	0.01963	0.02371	0.01229	0.01416	0.01017	0.00783	0.02211	0.00201	0.00897	0.00498	0.00408	0.00973
3	0.05162	0.12430	0.09492	0.02359	0.25875	0.04603	0.01567	0.03941	0.04774	0.05681	0.01854	0.05723	0.04179	0.03942	0.00827	0.00233	0.02723	0.03261	0.00431	0.00944
4	0.01014	0.00763	0.01119	0.01189	0.03977	0.00847	0.00850	0.01240	0.01197	0.01701	0.05835	0.09485	0.02315	0.11041	0.53057	0.00919	0.01502	0.00906	0.00423	0.00621
5	0.01579	0.05421	0.12143	0.04529	0.16700	0.06338	0.25358	0.02060	0.01640	0.02210	0.09661	0.05703	0.01852	0.00795	0.00744	0.00220	0.00927	0.00798	0.00404	0.00919
6	0.01866	0.75896	0.03657	0.01194	0.01791	0.02761	0.01194	0.02090	0.01418	0.01642	0.00970	0.01119	0.00896	0.00597	0.00448	0.00149	0.00746	0.00373	0.00299	0.00896
7	0.05274	0.50708	0.04571	0.01260	0.01780	0.02244	0.04728	0.04865	0.01505	0.01914	0.03318	0.02023	0.03913	0.05722	0.00736	0.00209	0.00733	0.03276	0.00373	0.00848
8	0.01551	0.03472	0.04641	0.04320	0.01856	0.06091	0.07110	0.08759	0.10306	0.03507	0.11292	0.02920	0.06039	0.08530	0.07556	0.04605	0.05311	0.00821	0.00512	0.00798
9	0.01002	0.00676	0.00781	0.00786	0.00805	0.00668	0.00460	0.01042	0.01131	0.01524	0.09158	0.08975	0.03070	0.63549	0.03115	0.00607	0.00625	0.01099	0.00471	0.00455
10	0.01446	0.10841	0.65037	0.01909	0.02897	0.01735	0.02440	0.02198	0.01468	0.02153	0.01224	0.01438	0.00885	0.00656	0.00641	0.00214	0.01003	0.00501	0.00295	0.01018
11	0.01989	0.02019	0.12304	0.02042	0.08372	0.06551	0.13591	0.15999	0.08922	0.09725	0.02047	0.02154	0.05874	0.00835	0.00795	0.00223	0.04304	0.00714	0.00521	0.01019
12	0.01810	0.53696	0.05697	0.01342	0.01888	0.04139	0.03944	0.06211	0.01562	0.01895	0.01458	0.01799	0.04357	0.00761	0.00610	0.00179	0.03830	0.03577	0.00360	0.00887
13	0.00847	0.00702	0.00744	0.00763	0.00975	0.00599	0.00572	0.01032	0.01585	0.01924	0.09428	0.12869	0.59189	0.01797	0.00837	0.00243	0.00369	0.04280	0.00653	0.00592
14	0.08030	0.02099	0.01542	0.01407	0.01738	0.33142	0.01067	0.05262	0.10996	0.05460	0.06084	0.09882	0.08351	0.01045	0.00687	0.00211	0.00832	0.00809	0.00530	0.00825
15	0.02001	0.02201	0.15390	0.01907	0.09713	0.09275	0.01566	0.24434	0.14856	0.03013	0.03707	0.05468	0.01581	0.00871	0.00698	0.00217	0.00807	0.00701	0.00548	0.01048
16	0.01471	0.05035	0.04798	0.07066	0.01763	0.09254	0.01039	0.06899	0.07808	0.04878	0.05760	0.23979	0.14722	0.01380	0.00760	0.00235	0.00628	0.01172	0.00576	0.00777
17	0.73177	0.01406	0.01125	0.00982	0.01425	0.01621	0.00809	0.08256	0.01382	0.03249	0.01037	0.01184	0.00796	0.00665	0.00457	0.00215	0.00561	0.00401	0.00457	0.00796
18	0.00998	0.00743	0.01097	0.01097	0.01214	0.00859	0.00842	0.01231	0.01114	0.01602	0.01891	0.02863	0.01797	0.09915	0.68101	0.01092	0.01790	0.00765	0.00377	0.00610
19	0.04289	0.01119	0.05957	0.06530	0.08126	0.01002	0.01080	0.04172	0.04404	0.02371	0.20446	0.19352	0.09016	0.01386	0.00782	0.00240	0.00540	0.05738	0.02700	0.00749
20	0.01851	0.01890	0.05572	0.05914	0.31818	0.12753	0.08307	0.06331	0.01762	0.05534	0.04290	0.07621	0.01577	0.00819	0.00715	0.00214	0.00877	0.00747	0.00431	0.00974
21	0.02913	0.01333	0.01685	0.01314	0.01841	0.01268	0.01078	0.13022	0.09378	0.54472	0.02604	0.02297	0.01691	0.00869	0.00702	0.00217	0.00615	0.00700	0.00823	0.01179
22	0.01258	0.00713	0.00790	0.00784	0.00953	0.00709	0.00604	0.03360	0.01603	0.02598	0.14130	0.03623	0.02845	0.03010	0.00681	0.00204	0.00380	0.07603	0.53491	0.00659
23	0.01809	0.31480	0.27557	0.01555	0.02269	0.05421	0.01686	0.05820	0.09362	0.04875	0.01395	0.01499	0.01079	0.00689	0.00586	0.00192	0.00845	0.00501	0.00389	0.00990
24	0.01964	0.09190	0.02637	0.10293	0.29494	0.11088	0.06946	0.09538	0.05013	0.05132	0.01417	0.01693	0.01118	0.00686	0.00672	0.00205	0.00886	0.00602	0.00416	0.01010
25	0.01246	0.01071	0.01624	0.15231	0.02138	0.01296	0.03837	0.04282	0.01330	0.01874	0.06153	0.02489	0.01734	0.04745	0.34168	0.00663	0.14282	0.00738	0.00390	0.00710
26	0.08253	0.01237	0.01656	0.01784	0.14817	0.01247	0.04509	0.07643	0.08815	0.10131	0.05566	0.09326	0.14078	0.04047	0.00848	0.00249	0.00612	0.03709	0.00587	0.00886
27	0.02022	0.09768	0.12457	0.04984	0.09383	0.14483	0.01496	0.12927	0.04398	0.08485	0.01546	0.01891	0.01246	0.07139	0.02875	0.00268	0.02631	0.00600	0.00456	0.00947

[dist]
# distance from previous block
# <min> <max>
0	6

[block]
# block no. 3 follows, 30 sequences, length 103
# corresponding to MSA columns:
# 185-287
name=unknown_D
#
# <colnr> <probs for GDERKNQSTAVLIFYWHMCP>
#	G	D	E	R	K	N	Q	S	T	A	V	L	I	F	Y	W	H	M	C	P
0	0.04286	0.20871	0.11665	0.01566	0.04071	0.09137	0.01407	0.18181	0.10747	0.06756	0.01549	0.01605	0.01178	0.00735	0.00611	0.00193	0.00796	0.00541	0.00493	0.03610
1	0.01929	0.07187	0.02167	0.03802	0.15272	0.10349	0.05122	0.18121	0.07945	0.02665	0.01681	0.02042	0.01365	0.01218	0.07777	0.00295	0.00916	0.02453	0.06734	0.00959
2	0.01260	0.00983	0.01300	0.01267	0.01475	0.03273	0.04608	0.01723	0.10029	0.05237	0.03054	0.22219	0.05434	0.02500	0.18187	0.00477	0.00903	0.14776	0.00573	0.00722
3	0.00946	0.00644	0.00859	0.00983	0.01047	0.00611	0.00674	0.01084	0.01356	0.03809	0.05446	0.61323	0.04325	0.06520	0.03907	0.00338	0.00492	0.04418	0.00633	0.00584
4	0.00992	0.00684	0.00843	0.00862	0.00893	0.00705	0.00544	0.01059	0.01074	0.01459	0.02318	0.12254	0.02607	0.52191	0.17903	0.00726	0.00898	0.01069	0.00438	0.00482
5	0.01447	0.01240	0.01447	0.01034	0.01654	0.00930	0.00827	0.01757	0.01447	0.02274	0.01240	0.01447	0.01034	0.00517	0.00517	0.00103	0.00517	0.00413	0.00413	0.79742
6	0.03584	0.00970	0.01182	0.01052	0.01370	0.00893	0.00816	0.01899	0.08969	0.11625	0.21715	0.14820	0.06058	0.01266	0.00744	0.00215	0.00464	0.05452	0.00665	0.16241
7	0.01015	0.00677	0.00761	0.00761	0.00761	0.00677	0.00423	0.01015	0.01015	0.01353	0.02199	0.04567	0.02537	0.75476	0.03552	0.00677	0.00677	0.01015	0.00423	0.00423
8	0.80405	0.01350	0.01026	0.00918	0.01350	0.01565	0.00756	0.02051	0.01188	0.03131	0.00972	0.01134	0.00756	0.00648	0.00432	0.00216	0.00540	0.00378	0.00432	0.00756
9	0.01297	0.10060	0.01571	0.01200	0.01392	0.01321	0.00981	0.04932	0.01330	0.01923	0.04295	0.02392	0.01682	0.03249	0.39615	0.00702	0.11973	0.00685	0.08689	0.00710
10	0.02575	0.01916	0.02051	0.01590	0.02135	0.02128	0.01308	0.63310	0.08892	0.04273	0.01774	0.01754	0.01266	0.00847	0.00699	0.00212	0.00750	0.00642	0.00699	0.01180
11	0.06585	0.01747	0.04160	0.01897	0.12229	0.05818	0.04030	0.21637	0.15050	0.08695	0.03625	0.01975	0.01495	0.00795	0.00672	0.00209	0.00724	0.00650	0.03235	0.04771
12	0.01903	0.01434	0.01554	0.01358	0.01770	0.01594	0.01068	0.08162	0.51637	0.11310	0.03065	0.02820	0.07205	0.00991	0.00717	0.00232	0.00558	0.00818	0.00723	0.01082
13	0.02212	0.29115	0.08733	0.03659	0.02181	0.10414	0.01408	0.29164	0.02240	0.02818	0.01301	0.01413	0.01014	0.00717	0.00596	0.00186	0.00844	0.00505	0.00467	0.01012
14	0.01000	0.00737	0.01066	0.01066	0.01172	0.00842	0.00803	0.01211	0.01105	0.01579	0.01920	0.03021	0.01866	0.15989	0.62121	0.01053	0.01687	0.00789	0.00381	0.00592
15	0.01518	0.07413	0.51677	0.02083	0.02982	0.01748	0.13452	0.04601	0.01551	0.02242	0.01266	0.01530	0.00926	0.00672	0.00733	0.00222	0.03492	0.00566	0.00320	0.01005
16	0.01248	0.12399	0.06177	0.01405	0.04295	0.01395	0.01156	0.01510	0.01218	0.01709	0.01701	0.08346	0.01659	0.03213	0.37940	0.00690	0.12087	0.00757	0.00370	0.00725
17	0.00918	0.00663	0.00856	0.00982	0.01052	0.00628	0.00668	0.03439	0.01434	0.01908	0.05715	0.67841	0.07084	0.02101	0.00879	0.00277	0.00414	0.01895	0.00653	0.00593
18	0.01685	0.01670	0.02660	0.19605	0.50080	0.05786	0.04233	0.02102	0.01570	0.02134	0.01286	0.01735	0.01053	0.00643	0.00693	0.00212	0.00888	0.00618	0.00339	0.01009
19	0.03790	0.03634	0.12921	0.03359	0.01887	0.03373	0.01288	0.07607	0.08524	0.13132	0.14142	0.07463	0.02483	0.03547	0.00996	0.00247	0.09297	0.00834	0.00576	0.00902
20	0.01015	0.00677	0.00761	0.00761	0.00761	0.00677	0.00423	0.01015	0.01015	0.01353	0.02199	0.04567	0.02537	0.75476	0.03552	0.00677	0.00677	0.01015	0.00423	0.00423
21	0.00997	0.00748	0.01121	0.01121	0.01246	0.00872	0.00872	0.01246	0.01121	0.01620	0.01869	0.02741	0.01745	0.05234	0.72710	0.01121	0.01869	0.00748	0.00374	0.00623
22	0.01679	0.01577	0.02603	0.18633	0.51979	0.01658	0.02029	0.04782	0.04081	0.02283	0.01367	0.01785	0.01109	0.00658	0.00693	0.00214	0.00838	0.00628	0.00365	0.01039
23	0.01787	0.03761	0.02396	0.10418	0.36694	0.03672	0.03967	0.02376	0.10615	0.08421	0.03651	0.02110	0.03271	0.00765	0.00745	0.00217	0.02971	0.00685	0.00454	0.01021
24	0.01212	0.00606	0.00909	0.00909	0.00909	0.00606	0.00606	0.00909	0.00909	0.01212	0.01212	0.02121	0.01212	0.02424	0.02727	0.79697	0.00606	0.00606	0.00303	0.00303
25	0.17285	0.01870	0.01813	0.01450	0.01957	0.08329	0.01182	0.40877	0.05755	0.10339	0.01647	0.01647	0.01176	0.00799	0.00643	0.00210	0.00743	0.00580	0.00634	0.01068
26	0.19488	0.01935	0.05360	0.01516	0.04184	0.09387	0.01235	0.33520	0.04240	0.06695	0.01535	0.01606	0.01123	0.00771	0.00621	0.00207	0.00751	0.00557	0.04254	0.01014
27	0.01015	0.00677	0.00761	0.00761	0.00761	0.00677	0.00423	0.01015	0.01015	0.01353	0.02199	0.04567	0.02537	0.75476	0.03552	0.00677	0.00677	0.01015	0.00423	0.00423
28	0.02625	0.02795	0.02023	0.01723	0.02160	0.45371	0.01340	0.28347	0.02482	0.02750	0.01310	0.01420	0.01010	0.00765	0.00656	0.00191	0.01068	0.00519	0.00491	0.00955
29	0.01796	0.01529	0.01612	0.01432	0.01837	0.01764	0.01119	0.07965	0.65507	0.03016	0.02764	0.02543	0.02068	0.00940	0.00709	0.00235	0.00566	0.00778	0.00709	0.01110
30	0.01007	0.00734	0.00934	0.00991	0.01105	0.00711	0.00700	0.04292	0.04237	0.02238	0.22967	0.48781	0.04929	0.01858	0.00855	0.00260	0.00405	0.01668	0.00687	0.00642
31	0.01727	0.01658	0.02832	0.04283	0.71123	0.01658	0.02142	0.02142	0.01589	0.02280	0.01313	0.01727	0.01105	0.00622	0.00691	0.00207	0.00829	0.00622	0.00345	0.01105
32	0.02429	0.01908	0.01964	0.01570	0.02079	0.05300	0.01274	0.50050	0.19295	0.03917	0.01929	0.01880	0.01401	0.00859	0.00698	0.00215	0.00738	0.00659	0.00685	0.01150
33	0.01015	0.00677	0.00761	0.00761	0.00761	0.00677	0.00423	0.01015	0.01015	0.01353	0.02199	0.04567	0.02537	0.75476	0.03552	0.00677	0.00677	0.01015	0.00423	0.00423
34	0.02487	0.01951	0.02031	0.04969	0.02249	0.06207	0.01332	0.54646	0.10444	0.03956	0.01748	0.01762	0.01262	0.00836	0.00695	0.00212	0.00780	0.00635	0.00661	0.01136
35	0.01212	0.00606	0.00909	0.00909	0.00909	0.00606	0.00606	0.00909	0.00909	0.01212	0.01212	0.02121	0.01212	0.02424	0.02727	0.79697	0.00606	0.00606	0.00303	0.00303
36	0.01696	0.01845	0.09453	0.04063	0.64591	0.01654	0.02184	0.02148	0.01578	0.02273	0.01307	0.01703	0.01084	0.00626	0.00688	0.00209	0.00848	0.00612	0.00341	0.01098
37	0.01866	0.75896	0.03657	0.01194	0.01791	0.02761	0.01194	0.02090	0.01418	0.01642	0.00970	0.01119	0.00896	0.00597	0.00448	0.00149	0.00746	0.00373	0.00299	0.00896
38	0.01418	0.06494	0.69139	0.01957	0.02971	0.01666	0.02523	0.02205	0.01471	0.02187	0.01241	0.01459	0.00884	0.00660	0.00654	0.00218	0.01020	0.00510	0.00295	0.01026
39	0.00998	0.00745	0.01109	0.01109	0.01229	0.00865	0.00856	0.01238	0.01118	0.01610	0.01881	0.02807	0.01773	0.07757	0.70226	0.01106	0.01826	0.00757	0.00376	0.00616
40	0.01096	0.00788	0.01086	0.01228	0.01388	0.00778	0.01058	0.01405	0.01619	0.02113	0.07872	0.09916	0.06753	0.01900	0.00948	0.00311	0.00605	0.57848	0.00651	0.00639
41	0.00997	0.00748	0.01121	0.01121	0.01246	0.00872	0.00872	0.01246	0.01121	0.01620	0.01869	0.02741	0.01745	0.05234	0.72710	0.01121	0.01869	0.00748	0.00374	0.00623
42	0.02486	0.01830	0.01980	0.01556	0.02068	0.02016	0.01279	0.62120	0.03100	0.04152	0.01884	0.06210	0.01501	0.00960	0.00720	0.00218	0.00742	0.03359	0.00693	0.01129
43	0.01675	0.01566	0.02347	0.38202	0.14776	0.04962	0.07602	0.11691	0.01754	0.02309	0.01323	0.01761	0.01012	0.00687	0.00694	0.00215	0.00903	0.00619	0.00384	0.05518
44	0.02293	0.02597	0.01827	0.01636	0.02011	0.44483	0.01247	0.07839	0.20857	0.02292	0.04865	0.01846	0.01526	0.00824	0.00666	0.00200	0.00983	0.00595	0.00501	0.00912
45	0.00997	0.00748	0.01121	0.01121	0.01246	0.00872	0.00872	0.01246	0.01121	0.01620	0.01869	0.02741	0.01745	0.05234	0.72710	0.01121	0.01869	0.00748	0.00374	0.00623
46	0.01866	0.75896	0.03657	0.01194	0.01791	0.02761	0.01194	0.02090	0.01418	0.01642	0.00970	0.01119	0.00896	0.00597	0.00448	0.00149	0.00746	0.00373	0.00299	0.00896
47	0.01318	0.01240	0.02093	0.73798	0.04806	0.01550	0.01938	0.01783	0.01395	0.01783	0.01240	0.01860	0.00930	0.00698	0.00698	0.00233	0.00930	0.00620	0.00310	0.00775
48	0.01387	0.01311	0.02218	0.62035	0.16028	0.01569	0.01972	0.01844	0.01428	0.01867	0.01253	0.01838	0.00960	0.00685	0.00697	0.00228	0.00913	0.00620	0.00316	0.00831
49	0.01778	0.01520	0.01602	0.01429	0.01831	0.01755	0.01115	0.06698	0.66803	0.02987	0.02787	0.02561	0.02087	0.00942	0.00710	0.00235	0.00562	0.00782	0.00710	0.01108
50	0.01727	0.01658	0.02832	0.04283	0.71123	0.01658	0.02142	0.02142	0.01589	0.02280	0.01313	0.01727	0.01105	0.00622	0.00691	0.00207	0.00829	0.00622	0.00345	0.01105
51	0.01318	0.01240	0.02093	0.73798	0.04806	0.01550	0.01938	0.01783	0.01395	0.01783	0.01240	0.01860	0.00930	0.00698	0.00698	0.00233	0.00930	0.00620	0.00310	0.00775
52	0.01400	0.03610	0.71860	0.01989	0.03020	0.01621	0.02578	0.02210	0.01473	0.02210	0.01252	0.01473	0.00884	0.00663	0.00663	0.00221	0.01031	0.00516	0.00295	0.01031
53	0.00871	0.00705	0.00773	0.00763	0.00972	0.00608	0.00569	0.01088	0.01689	0.02134	0.24558	0.08545	0.50912	0.01687	0.00826	0.00233	0.00348	0.01431	0.00681	0.00608
54	0.07024	0.02747	0.02062	0.02081	0.11823	0.48101	0.01434	0.08416	0.01938	0.02109	0.01149	0.01370	0.00946	0.00741	0.00729	0.00196	0.05373	0.00495	0.00389	0.00878
55	0.01676	0.01605	0.02739	0.13048	0.62761	0.01644	0.02116	0.02096	0.01565	0.02217	0.01303	0.01744	0.01083	0.00631	0.00692	0.00210	0.00842	0.00622	0.00341	0.01064
56	0.01291	0.01211	0.02017	0.69804	0.04595	0.01498	0.01861	0.01740	0.01406	0.01789	0.01559	0.02126	0.04751	0.00756	0.00705	0.00233	0.00899	0.00667	0.00329	0.00765
57	0.02607	0.03326	0.01978	0.01798	0.02157	0.72674	0.01348	0.02787	0.01978	0.01708	0.01079	0.01258	0.00899	0.00719	0.00629	0.00180	0.01258	0.00449	0.00360	0.00809
58	0.01443	0.10307	0.65541	0.01915	0.02906	0.01726	0.02450	0.02199	0.01468	0.02157	0.01226	0.01441	0.00885	0.00657	0.00643	0.00214	0.01005	0.00502	0.00295	0.01019
59	0.01727	0.01658	0.02832	0.04283	0.71123	0.01658	0.02142	0.02142	0.01589	0.02280	0.01313	0.01727	0.01105	0.00622	0.00691	0.00207	0.00829	0.00622	0.00345	0.01105
60	0.02279	0.01212	0.01599	0.01521	0.08287	0.01167	0.01082	0.14421	0.02022	0.33412	0.04462	0.20594	0.02425	0.01184	0.00751	0.00231	0.00593	0.01019	0.00727	0.01009
61	0.01318	0.01240	0.02093	0.73798	0.04806	0.01550	0.01938	0.01783	0.01395	0.01783	0.01240	0.01860	0.00930	0.00698	0.00698	0.00233	0.00930	0.00620	0.00310	0.00775
62	0.01811	0.01788	0.03121	0.02540	0.09140	0.06710	0.39182	0.02490	0.10504	0.07552	0.01824	0.02371	0.01447	0.00761	0.00783	0.00233	0.00989	0.05329	0.00458	0.00966
63	0.01829	0.01915	0.07084	0.02633	0.09535	0.04929	0.41749	0.06285	0.04230	0.07480	0.01632	0.04494	0.01270	0.00707	0.00775	0.00228	0.01022	0.00790	0.00431	0.00981
64	0.03131	0.01188	0.01619	0.01242	0.01781	0.01026	0.01026	0.03401	0.01997	0.71606	0.02753	0.02375	0.01727	0.00864	0.00702	0.00216	0.00594	0.00702	0.00864	0.01188
65	0.01443	0.01368	0.02319	0.52581	0.25047	0.01583	0.02000	0.01892	0.01454	0.01935	0.01262	0.01820	0.00984	0.00675	0.00696	0.00225	0.00899	0.00621	0.00321	0.00876
66	0.05668	0.02641	0.04484	0.01676	0.02140	0.36832	0.01347	0.27627	0.06128	0.02862	0.01401	0.01492	0.01068	0.00771	0.00653	0.00197	0.00998	0.00535	0.00507	0.00973
67	0.01400	0.03610	0.71860	0.01989	0.03020	0.01621	0.02578	0.02210	0.01473	0.02210	0.01252	0.01473	0.00884	0.00663	0.00663	0.00221	0.01031	0.00516	0.00295	0.01031
68	0.00997	0.00748	0.01121	0.01121	0.01246	0.00872	0.00872	0.01246	0.01121	0.01620	0.01869	0.02741	0.01745	0.05234	0.72710	0.01121	0.01869	0.00748	0.00374	0.00623
69	0.02463	0.03047	0.01879	0.01699	0.02058	0.63466	0.01280	0.05724	0.02007	0.01848	0.01598	0.01726	0.06651	0.00811	0.00648	0.00186	0.01161	0.00542	0.00399	0.00809
70	0.01705	0.01635	0.02792	0.08082	0.67499	0.01652	0.02130	0.02122	0.01578	0.02253	0.01309	0.01734	0.01096	0.00626	0.00691	0.00209	0.00835	0.00622	0.00343	0.01087
71	0.01736	0.01499	0.01578	0.01420	0.01815	0.01736	0.01105	0.03708	0.69862	0.02919	0.02840	0.02604	0.02130	0.00947	0.00710	0.00237	0.00552	0.00789	0.00710	0.01105
72	0.00988	0.00713	0.00933	0.00878	0.01043	0.00658	0.00658	0.01317	0.01975	0.02798	0.70754	0.05213	0.06584	0.01427	0.00823	0.00219	0.00329	0.01262	0.00768	0.00658
73	0.01600	0.01609	0.05098	0.15206	0.54134	0.01581	0.02037	0.02024	0.01554	0.02176	0.01613	0.02012	0.04880	0.00698	0.00698	0.00213	0.00827	0.00664	0.00354	0.01021
