[name]
unknown

[dist]
# distance from previous block
# <min> <max>
0	85

[block]
# block no. 0 follows, 33 sequences, length 17
# corresponding to MSA columns:
# 90-106
name=unknown_A
#
# <colnr> <probs for GDERKNQSTAVLIFYWHMCP>
#	G	D	E	R	K	N	Q	S	T	A	V	L	I	F	Y	W	H	M	C	P
0	0.08687	0.00919	0.05403	0.01098	0.01306	0.00803	0.00954	0.01320	0.01411	0.01987	0.03452	0.21928	0.10377	0.01669	0.00815	0.00272	0.00541	0.35872	0.00569	0.00618
1	0.01737	0.54929	0.17722	0.01336	0.01962	0.09255	0.01409	0.02058	0.01399	0.01665	0.00980	0.01137	0.00843	0.00587	0.00481	0.00158	0.00806	0.00387	0.00286	0.00863
2	0.06277	0.72957	0.03309	0.01112	0.01666	0.02541	0.01103	0.01969	0.01325	0.01628	0.00915	0.01057	0.00837	0.00566	0.00422	0.00144	0.00693	0.00352	0.00289	0.00837
3	0.00802	0.00573	0.00764	0.00917	0.00955	0.00535	0.00611	0.00917	0.01260	0.01681	0.03628	0.76434	0.04354	0.02062	0.00840	0.00267	0.00382	0.01872	0.00611	0.00535
4	0.00957	0.00638	0.00718	0.00718	0.00718	0.00638	0.00399	0.00957	0.00957	0.01276	0.02074	0.04308	0.02393	0.76864	0.03351	0.00638	0.00638	0.00957	0.00399	0.00399
5	0.81514	0.01273	0.00968	0.00866	0.01273	0.01477	0.00713	0.01935	0.01120	0.02954	0.00917	0.01069	0.00713	0.00611	0.00407	0.00204	0.00509	0.00356	0.00407	0.00713
6	0.01678	0.63393	0.16594	0.01267	0.01907	0.02403	0.01372	0.01993	0.01347	0.01649	0.00965	0.01119	0.00843	0.00575	0.00461	0.00154	0.00755	0.00377	0.00281	0.00869
7	0.05024	0.41245	0.31692	0.01441	0.02155	0.04815	0.01644	0.02041	0.01369	0.01829	0.01027	0.01197	0.00835	0.00595	0.00511	0.00172	0.00823	0.00409	0.00288	0.00888
8	0.05346	0.22628	0.20158	0.01484	0.02115	0.06360	0.01491	0.28010	0.02039	0.02730	0.01240	0.01346	0.00941	0.00674	0.00572	0.00184	0.00800	0.00481	0.00432	0.00970
9	0.06462	0.47922	0.16851	0.04108	0.02131	0.04291	0.06397	0.02010	0.01365	0.01785	0.01010	0.01203	0.00847	0.00584	0.00500	0.00167	0.00794	0.00420	0.00294	0.00858
10	0.01585	0.15385	0.30999	0.07860	0.08305	0.04530	0.07412	0.02087	0.01484	0.07594	0.05643	0.01689	0.01264	0.00670	0.00618	0.00196	0.00849	0.00558	0.00361	0.00911
11	0.01841	0.25125	0.28043	0.01556	0.02258	0.01972	0.03993	0.20328	0.01854	0.05317	0.01269	0.01387	0.00951	0.00656	0.00580	0.00185	0.00814	0.00491	0.00404	0.00976
12	0.13715	0.28890	0.04950	0.01441	0.07216	0.14074	0.01160	0.05926	0.01559	0.06576	0.04041	0.05208	0.01293	0.00729	0.00538	0.00178	0.00733	0.00531	0.00402	0.00840
13	0.09505	0.26930	0.14094	0.04604	0.02190	0.04571	0.10539	0.06272	0.01524	0.06710	0.01412	0.01567	0.03722	0.00656	0.00564	0.00183	0.00779	0.00520	0.00377	0.03283
14	0.16169	0.17302	0.21160	0.01635	0.06546	0.08917	0.06123	0.07019	0.01525	0.02229	0.01384	0.01549	0.04476	0.00673	0.00564	0.00190	0.00803	0.00509	0.00360	0.00868
15	0.03572	0.15343	0.23225	0.06182	0.06597	0.03623	0.05111	0.13774	0.01726	0.02342	0.05369	0.01985	0.06878	0.00761	0.00621	0.00195	0.00781	0.00612	0.00406	0.00897
16	0.21470	0.21625	0.04619	0.01389	0.07456	0.08634	0.01103	0.07219	0.04945	0.06688	0.04201	0.01739	0.04983	0.00727	0.00538	0.00185	0.00667	0.00527	0.00436	0.00849

[dist]
# distance from previous block
# <min> <max>
4	31

[block]
# block no. 1 follows, 33 sequences, length 8
# corresponding to MSA columns:
# 138-145
name=unknown_B
#
# <colnr> <probs for GDERKNQSTAVLIFYWHMCP>
#	G	D	E	R	K	N	Q	S	T	A	V	L	I	F	Y	W	H	M	C	P
0	0.10542	0.12243	0.07103	0.21057	0.08047	0.04283	0.03431	0.08302	0.04182	0.02146	0.01451	0.01746	0.04103	0.00873	0.03245	0.00234	0.05248	0.00565	0.00373	0.00827
1	0.13191	0.08748	0.04673	0.21208	0.05036	0.01552	0.03757	0.11211	0.04660	0.02352	0.04996	0.05377	0.03989	0.00806	0.00654	0.00204	0.02692	0.00652	0.00428	0.03814
2	0.11417	0.10030	0.05985	0.08180	0.01920	0.01589	0.01163	0.13314	0.09303	0.02384	0.01636	0.04513	0.03315	0.01290	0.09158	0.00300	0.07276	0.00614	0.00441	0.06173
3	0.19666	0.08937	0.09162	0.15469	0.02233	0.04722	0.01253	0.08519	0.01514	0.07559	0.04124	0.01712	0.01202	0.04389	0.00759	0.00219	0.03578	0.00534	0.00418	0.04030
4	0.06081	0.01377	0.04598	0.22735	0.02658	0.04079	0.10008	0.08867	0.04023	0.02147	0.01741	0.11462	0.01609	0.01108	0.03901	0.00258	0.03262	0.05128	0.00424	0.04532
5	0.18045	0.07852	0.10685	0.14546	0.02302	0.01529	0.05501	0.09849	0.01538	0.02397	0.08045	0.01818	0.01434	0.00976	0.04982	0.00252	0.03527	0.00577	0.00408	0.03739
6	0.01192	0.08071	0.08062	0.18543	0.05054	0.01258	0.01300	0.01568	0.03866	0.01848	0.05101	0.13664	0.08984	0.01199	0.00827	0.00236	0.06130	0.11934	0.00448	0.00717
7	0.04258	0.30538	0.05750	0.10157	0.02036	0.04979	0.01199	0.09625	0.07441	0.02119	0.05294	0.04659	0.01449	0.00921	0.03650	0.00216	0.00741	0.00573	0.00409	0.03986

[dist]
# distance from previous block
# <min> <max>
0	1

[block]
# block no. 2 follows, 33 sequences, length 20
# corresponding to MSA columns:
# 147-166
name=unknown_C
#
# <colnr> <probs for GDERKNQSTAVLIFYWHMCP>
#	G	D	E	R	K	N	Q	S	T	A	V	L	I	F	Y	W	H	M	C	P
0	0.09129	0.45269	0.19140	0.01290	0.01905	0.04250	0.01375	0.02016	0.01350	0.03990	0.01068	0.01241	0.00889	0.00785	0.03712	0.00205	0.00804	0.00410	0.00314	0.00857
1	0.01350	0.19875	0.43107	0.01534	0.02257	0.01611	0.01822	0.01887	0.01401	0.01925	0.01801	0.02419	0.06354	0.00834	0.00625	0.00206	0.00819	0.08959	0.00344	0.00868
2	0.02021	0.41751	0.14895	0.01293	0.01902	0.05284	0.01317	0.02337	0.01510	0.19944	0.01395	0.01422	0.01044	0.00643	0.00526	0.00170	0.00736	0.00458	0.00420	0.00933
3	0.01514	0.14845	0.45547	0.01932	0.04818	0.07006	0.11323	0.02108	0.01442	0.01970	0.01149	0.01382	0.00865	0.00609	0.00612	0.00196	0.00959	0.00503	0.00292	0.00928
4	0.01369	0.11545	0.65738	0.01794	0.02721	0.01647	0.02288	0.02072	0.01384	0.02026	0.01152	0.01353	0.00835	0.00619	0.00603	0.00201	0.00943	0.00472	0.00278	0.00959
5	0.01500	0.02071	0.18646	0.02609	0.10771	0.01661	0.40811	0.02038	0.01455	0.02053	0.01239	0.01640	0.00954	0.00637	0.00876	0.00223	0.08923	0.00672	0.00316	0.00906
6	0.02512	0.01682	0.18411	0.01406	0.02030	0.01129	0.04334	0.02898	0.01755	0.53520	0.02212	0.02022	0.01416	0.00759	0.00659	0.00206	0.00680	0.00626	0.00669	0.01076
7	0.01061	0.00758	0.01061	0.01212	0.01364	0.00758	0.01061	0.01364	0.01515	0.01970	0.03486	0.07426	0.03789	0.01819	0.00909	0.00303	0.00606	0.68326	0.00606	0.00606
8	0.00940	0.00705	0.01058	0.01058	0.01176	0.00823	0.00823	0.01176	0.01058	0.01528	0.01763	0.02586	0.01646	0.04937	0.74255	0.01058	0.01763	0.00705	0.00353	0.00588
9	0.01944	0.02351	0.09577	0.01547	0.01972	0.31831	0.01291	0.02981	0.34827	0.02205	0.01823	0.01811	0.01397	0.00774	0.00633	0.00199	0.00848	0.00583	0.00489	0.00918
10	0.01286	0.01214	0.02051	0.67430	0.12053	0.01474	0.01849	0.01719	0.01336	0.01734	0.01178	0.01741	0.00896	0.00650	0.00657	0.00217	0.00867	0.00585	0.00296	0.00766
11	0.01629	0.01564	0.02672	0.04041	0.72757	0.01564	0.02020	0.02020	0.01499	0.02151	0.01238	0.01629	0.01043	0.00587	0.00652	0.00196	0.00782	0.00587	0.00326	0.01043
12	0.00957	0.00638	0.00718	0.00718	0.00718	0.00638	0.00399	0.00957	0.00957	0.01276	0.02074	0.04308	0.02393	0.76864	0.03351	0.00638	0.00638	0.00957	0.00399	0.00399
13	0.00928	0.00694	0.01032	0.01045	0.01156	0.00797	0.00804	0.01152	0.01076	0.01542	0.01930	0.09174	0.01887	0.04681	0.67705	0.00987	0.01640	0.00809	0.00376	0.00583
14	0.81514	0.01273	0.00968	0.00866	0.01273	0.01477	0.00713	0.01935	0.01120	0.02954	0.00917	0.01069	0.00713	0.00611	0.00407	0.00204	0.00509	0.00356	0.00407	0.00713
15	0.01473	0.29033	0.49162	0.01616	0.02447	0.01902	0.01979	0.02045	0.01372	0.01899	0.01089	0.01274	0.00838	0.00604	0.00555	0.00185	0.00880	0.00440	0.00279	0.00928
16	0.01871	0.56831	0.08139	0.01242	0.01804	0.08585	0.01218	0.02190	0.04326	0.06855	0.01138	0.01235	0.00949	0.00610	0.00480	0.00156	0.00747	0.00407	0.00341	0.00875
17	0.13954	0.09946	0.01382	0.01015	0.01345	0.01144	0.00824	0.02008	0.06593	0.19392	0.10462	0.13029	0.07496	0.01331	0.05071	0.00262	0.00571	0.02788	0.00592	0.00794
18	0.14188	0.18010	0.08368	0.01464	0.06814	0.09969	0.04309	0.04937	0.04503	0.02094	0.05474	0.01921	0.01433	0.09281	0.04419	0.00277	0.00791	0.00570	0.00389	0.00788
19	0.12514	0.15276	0.06624	0.05468	0.05646	0.31642	0.04455	0.02188	0.01540	0.01870	0.01133	0.01481	0.00966	0.00844	0.03606	0.00218	0.00967	0.02434	0.00339	0.00790

[dist]
# distance from previous block
# <min> <max>
3	7

[block]
# block no. 3 follows, 33 sequences, length 25
# corresponding to MSA columns:
# 174-198
name=unknown_D
#
# <colnr> <probs for GDERKNQSTAVLIFYWHMCP>
#	G	D	E	R	K	N	Q	S	T	A	V	L	I	F	Y	W	H	M	C	P
0	0.06528	0.15841	0.47998	0.01685	0.02489	0.05909	0.03882	0.04810	0.01464	0.02103	0.01130	0.01319	0.00845	0.00621	0.00581	0.00194	0.00904	0.00464	0.00307	0.00926
1	0.04336	0.13836	0.19283	0.01416	0.01989	0.06266	0.01389	0.14515	0.08947	0.13634	0.01623	0.01747	0.01217	0.03951	0.02835	0.00236	0.00784	0.00556	0.00486	0.00954
2	0.01739	0.06228	0.22558	0.01691	0.05362	0.01419	0.08972	0.02382	0.10589	0.16380	0.01785	0.03880	0.01366	0.00763	0.00695	0.00204	0.03083	0.02621	0.00473	0.07811
3	0.04116	0.03722	0.02025	0.15907	0.09922	0.04438	0.01492	0.01783	0.01213	0.05470	0.01093	0.01569	0.00947	0.01055	0.03909	0.00275	0.39388	0.00568	0.00328	0.00779
4	0.01415	0.04019	0.30380	0.05633	0.09364	0.01576	0.05079	0.02159	0.13032	0.02112	0.03584	0.03558	0.01315	0.00786	0.00851	0.00218	0.10848	0.00619	0.00377	0.03074
5	0.00936	0.00650	0.00758	0.00758	0.00797	0.00654	0.00466	0.00985	0.01029	0.01363	0.02524	0.04296	0.09778	0.59291	0.12484	0.00650	0.00755	0.00970	0.00415	0.00441
6	0.01557	0.01484	0.02497	0.17365	0.57274	0.01548	0.01948	0.02011	0.04057	0.02085	0.01279	0.01684	0.01047	0.00611	0.00654	0.00201	0.00790	0.00592	0.00332	0.00984
7	0.01320	0.03405	0.73453	0.01876	0.02849	0.01529	0.02432	0.02085	0.01390	0.02085	0.01181	0.01390	0.00834	0.00625	0.00625	0.00208	0.00973	0.00486	0.00278	0.00973
8	0.01979	0.02060	0.29465	0.01564	0.02231	0.01279	0.07185	0.06981	0.01745	0.28359	0.08776	0.02095	0.01689	0.00771	0.00668	0.00207	0.00751	0.00651	0.00549	0.00995
9	0.02043	0.47439	0.02818	0.01348	0.01829	0.28498	0.01184	0.04936	0.01599	0.01675	0.00979	0.01124	0.00857	0.00614	0.00494	0.00153	0.00880	0.00388	0.00317	0.00826
10	0.00911	0.00669	0.00853	0.00814	0.00972	0.00611	0.00608	0.01199	0.01803	0.02513	0.62892	0.07702	0.13186	0.01406	0.00779	0.00211	0.00316	0.01237	0.00708	0.00611
11	0.01391	0.16299	0.54891	0.01734	0.02585	0.01684	0.04955	0.02028	0.01409	0.02016	0.04335	0.01505	0.01084	0.00644	0.00603	0.00197	0.00901	0.00506	0.00301	0.00931
12	0.00815	0.00610	0.00758	0.00845	0.00943	0.00552	0.00586	0.00970	0.01404	0.01842	0.14225	0.49543	0.20779	0.01866	0.00816	0.00248	0.00360	0.01659	0.00627	0.00552
13	0.01007	0.00754	0.00927	0.00871	0.01059	0.00718	0.00666	0.03971	0.04972	0.02554	0.54414	0.04984	0.15071	0.01369	0.00773	0.00214	0.00351	0.03978	0.00699	0.00649
14	0.01427	0.01387	0.02212	0.47597	0.28059	0.04476	0.01872	0.01838	0.01402	0.01841	0.01187	0.01688	0.00934	0.00634	0.00653	0.00209	0.00857	0.00579	0.00306	0.00840
15	0.01440	0.01440	0.02016	0.01728	0.01728	0.02016	0.01440	0.01584	0.01008	0.01584	0.00864	0.01440	0.00864	0.01152	0.02160	0.00288	0.75659	0.00576	0.00288	0.00720
16	0.00866	0.00679	0.00791	0.00801	0.00987	0.00604	0.00619	0.01095	0.01609	0.02072	0.26726	0.08144	0.40167	0.01599	0.00798	0.00230	0.00366	0.10620	0.00646	0.00583
17	0.00906	0.00672	0.00845	0.00801	0.00968	0.00610	0.00601	0.01193	0.01803	0.02497	0.61478	0.05153	0.17233	0.01399	0.00777	0.00210	0.00314	0.01224	0.00706	0.00610
18	0.01365	0.01170	0.01365	0.00975	0.01560	0.00878	0.00780	0.01658	0.01365	0.02145	0.01170	0.01365	0.00975	0.00488	0.00488	0.00098	0.00488	0.00390	0.00390	0.80888
19	0.01158	0.00923	0.01184	0.01134	0.01307	0.03460	0.00886	0.06613	0.06112	0.01813	0.01788	0.02454	0.01604	0.04201	0.61126	0.00905	0.01580	0.00690	0.00397	0.00665
20	0.01555	0.01418	0.02244	0.10954	0.45507	0.01472	0.01702	0.06243	0.05513	0.02193	0.01387	0.01775	0.01146	0.01084	0.08504	0.00287	0.00863	0.00598	0.00369	0.05186
21	0.04029	0.01264	0.01396	0.01221	0.01599	0.01373	0.00959	0.05104	0.44702	0.16324	0.05078	0.04779	0.07315	0.00971	0.00677	0.00219	0.00510	0.00806	0.00686	0.00987
22	0.04138	0.01433	0.01403	0.06135	0.01734	0.13034	0.00986	0.05858	0.17880	0.15440	0.11197	0.04995	0.09092	0.02831	0.00741	0.00218	0.00625	0.00804	0.00602	0.00855
23	0.04830	0.05600	0.06752	0.01372	0.01864	0.11687	0.04435	0.20802	0.04287	0.05409	0.09199	0.01974	0.03408	0.00767	0.00618	0.00178	0.00707	0.00606	0.00508	0.14997
24	0.09053	0.12698	0.12768	0.01579	0.06055	0.11335	0.03375	0.09119	0.03958	0.09936	0.05646	0.03698	0.01415	0.00781	0.00705	0.00199	0.05759	0.00585	0.00449	0.00888

[dist]
# distance from previous block
# <min> <max>
0	14

[block]
# block no. 4 follows, 33 sequences, length 34
# corresponding to MSA columns:
# 213-246
name=unknown_E
#
# <colnr> <probs for GDERKNQSTAVLIFYWHMCP>
#	G	D	E	R	K	N	Q	S	T	A	V	L	I	F	Y	W	H	M	C	P
0	0.18612	0.18095	0.14671	0.01742	0.12390	0.01820	0.03015	0.14335	0.01673	0.06181	0.01225	0.01373	0.00937	0.00641	0.00551	0.00189	0.00727	0.00480	0.00410	0.00933
1	0.01545	0.20169	0.19507	0.02133	0.17210	0.01910	0.04554	0.02020	0.05311	0.01904	0.01154	0.01448	0.00961	0.00725	0.00915	0.00208	0.16587	0.00521	0.00316	0.00904
2	0.01877	0.06677	0.10506	0.06487	0.20512	0.17048	0.01578	0.12739	0.08452	0.02328	0.01348	0.01540	0.01056	0.00669	0.00618	0.00188	0.00844	0.00533	0.00405	0.04596
3	0.11862	0.06122	0.18366	0.01365	0.01873	0.01572	0.01317	0.06746	0.24592	0.02540	0.07717	0.01996	0.01692	0.00804	0.00696	0.00208	0.04871	0.00615	0.00492	0.04556
4	0.00830	0.00672	0.00741	0.00765	0.00943	0.00596	0.00558	0.01060	0.03897	0.01887	0.13252	0.22055	0.47025	0.01695	0.00788	0.00231	0.00348	0.01455	0.00626	0.00575
5	0.00946	0.00684	0.00952	0.00952	0.01033	0.00765	0.00691	0.01107	0.01027	0.01450	0.01860	0.03123	0.01879	0.27379	0.52132	0.00927	0.01412	0.00784	0.00367	0.00529
6	0.00940	0.00704	0.01048	0.01045	0.01165	0.00811	0.00811	0.01179	0.01104	0.01591	0.05774	0.02719	0.01905	0.04733	0.70083	0.01010	0.01681	0.00733	0.00374	0.00590
7	0.02827	0.01149	0.01524	0.01188	0.01684	0.01032	0.00975	0.03236	0.08598	0.66425	0.02605	0.02261	0.01666	0.00822	0.00663	0.00206	0.00556	0.00670	0.00801	0.01113
8	0.01554	0.01487	0.02536	0.17917	0.59468	0.01544	0.01983	0.01954	0.01463	0.02059	0.01225	0.01654	0.01011	0.00601	0.00653	0.00200	0.00801	0.00586	0.00319	0.00982
9	0.00893	0.00677	0.00826	0.00806	0.00982	0.00611	0.00615	0.01158	0.01724	0.02319	0.46625	0.05549	0.26910	0.01482	0.00787	0.00219	0.00340	0.06199	0.00680	0.00599
10	0.01365	0.01170	0.01365	0.00975	0.01560	0.00878	0.00780	0.01658	0.01365	0.02145	0.01170	0.01365	0.00975	0.00488	0.00488	0.00098	0.00488	0.00390	0.00390	0.80888
11	0.01721	0.02100	0.19071	0.01812	0.02473	0.10107	0.21220	0.02180	0.01544	0.10106	0.01362	0.01567	0.01008	0.00599	0.00635	0.00180	0.00873	0.00559	0.00389	0.20495
12	0.00948	0.00638	0.00739	0.00747	0.00755	0.00642	0.00433	0.00967	0.00980	0.01312	0.02144	0.08222	0.02463	0.68897	0.06970	0.00640	0.00684	0.00995	0.00408	0.00416
13	0.00802	0.00573	0.00764	0.00917	0.00955	0.00535	0.00611	0.00917	0.01260	0.01681	0.03628	0.76434	0.04354	0.02062	0.00840	0.00267	0.00382	0.01872	0.00611	0.00535
14	0.01612	0.01342	0.01458	0.01333	0.01681	0.01527	0.01061	0.08338	0.55026	0.02736	0.02724	0.03187	0.02227	0.01034	0.00707	0.00234	0.00550	0.11586	0.00659	0.00978
15	0.00793	0.00668	0.00688	0.00683	0.00899	0.00562	0.00512	0.00974	0.01537	0.01864	0.13224	0.06194	0.65882	0.01635	0.00778	0.00221	0.00331	0.01370	0.00623	0.00562
16	0.01791	0.74007	0.03380	0.01151	0.01705	0.05748	0.01133	0.02000	0.01361	0.01552	0.00920	0.01062	0.00845	0.00568	0.00430	0.00142	0.00725	0.00355	0.00284	0.00841
17	0.01421	0.01168	0.01371	0.00982	0.01564	0.00881	0.00787	0.01713	0.01384	0.04666	0.01221	0.01396	0.00998	0.00499	0.00494	0.00101	0.00490	0.00400	0.00405	0.78059
18	0.00986	0.00693	0.00835	0.00792	0.00988	0.00614	0.00596	0.01234	0.01711	0.06298	0.42004	0.07849	0.30054	0.01459	0.00773	0.00215	0.00336	0.01258	0.00684	0.00623
19	0.01437	0.01168	0.01373	0.00984	0.01566	0.00882	0.00789	0.01728	0.01389	0.05379	0.01235	0.01405	0.01005	0.00502	0.00495	0.00102	0.00491	0.00402	0.00409	0.77258
20	0.00957	0.00638	0.00718	0.00718	0.00718	0.00638	0.00399	0.00957	0.00957	0.01276	0.02074	0.04308	0.02393	0.76864	0.03351	0.00638	0.00638	0.00957	0.00399	0.00399
21	0.01760	0.77260	0.03450	0.01126	0.01690	0.02605	0.01126	0.01971	0.01338	0.01549	0.00915	0.01056	0.00845	0.00563	0.00422	0.00141	0.00704	0.00352	0.00282	0.00845
22	0.01431	0.01209	0.01401	0.01007	0.01588	0.00945	0.00808	0.05676	0.01466	0.02262	0.01194	0.01378	0.00984	0.00505	0.00498	0.00103	0.00501	0.00402	0.00406	0.76236
23	0.01336	0.01151	0.01385	0.01054	0.01561	0.00951	0.03003	0.01803	0.09465	0.02187	0.03594	0.05711	0.04547	0.00692	0.00556	0.00133	0.00494	0.00585	0.00450	0.59338
24	0.04687	0.01662	0.01838	0.03692	0.02017	0.05916	0.03540	0.35819	0.12812	0.18320	0.01888	0.01826	0.01322	0.00787	0.00654	0.00203	0.00698	0.00619	0.00645	0.01056
25	0.00957	0.00638	0.00718	0.00718	0.00718	0.00638	0.00399	0.00957	0.00957	0.01276	0.02074	0.04308	0.02393	0.76864	0.03351	0.00638	0.00638	0.00957	0.00399	0.00399
26	0.01418	0.02762	0.46943	0.02371	0.11492	0.01568	0.19875	0.02083	0.01445	0.02099	0.01227	0.01518	0.00902	0.00603	0.00668	0.00210	0.00985	0.00573	0.00298	0.00960
27	0.09211	0.12152	0.11612	0.03221	0.05123	0.06095	0.01320	0.18562	0.05441	0.18626	0.01603	0.01614	0.01142	0.00713	0.00597	0.00193	0.00723	0.00537	0.00527	0.00989
28	0.04871	0.04877	0.04918	0.06778	0.40909	0.01557	0.07835	0.05646	0.03817	0.06401	0.03193	0.01886	0.01271	0.00674	0.00654	0.00202	0.00768	0.02371	0.00398	0.00975
29	0.00923	0.00673	0.00871	0.00837	0.00992	0.00620	0.00631	0.01219	0.01808	0.02530	0.63460	0.07413	0.10070	0.01407	0.00784	0.00214	0.00326	0.03900	0.00709	0.00614
30	0.01669	0.04700	0.25388	0.09771	0.25001	0.10304	0.03575	0.02188	0.03334	0.06048	0.01293	0.01553	0.00986	0.00637	0.00634	0.00199	0.00888	0.00540	0.00344	0.00950
31	0.01531	0.15395	0.32420	0.02144	0.09532	0.03963	0.18360	0.02146	0.04639	0.02021	0.01241	0.01491	0.00950	0.00608	0.00631	0.00198	0.00927	0.00553	0.00316	0.00934
32	0.01243	0.01170	0.01975	0.75282	0.04534	0.01463	0.01828	0.01682	0.01316	0.01682	0.01170	0.01755	0.00878	0.00658	0.00658	0.00219	0.00878	0.00585	0.00293	0.00731
33	0.01348	0.00874	0.01130	0.01087	0.01301	0.00858	0.02761	0.04460	0.10893	0.12865	0.06421	0.39101	0.07427	0.01555	0.00779	0.00244	0.00468	0.05045	0.00649	0.00734

[dist]
# distance from previous block
# <min> <max>
2	4

[block]
# block no. 5 follows, 33 sequences, length 25
# corresponding to MSA columns:
# 251-275
name=unknown_F
#
# <colnr> <probs for GDERKNQSTAVLIFYWHMCP>
#	G	D	E	R	K	N	Q	S	T	A	V	L	I	F	Y	W	H	M	C	P
0	0.02047	0.01321	0.01575	0.04266	0.04217	0.01387	0.01069	0.26968	0.10850	0.18668	0.04186	0.14521	0.03869	0.01045	0.00697	0.00215	0.00593	0.00876	0.00661	0.00967
1	0.02446	0.01982	0.01933	0.01527	0.02021	0.11136	0.01242	0.58042	0.06961	0.03746	0.01574	0.01582	0.01138	0.00782	0.00651	0.00196	0.00771	0.00580	0.00619	0.01070
2	0.01459	0.01752	0.14404	0.15609	0.41722	0.01478	0.04439	0.01922	0.01477	0.02092	0.06224	0.01847	0.01341	0.00658	0.00662	0.00204	0.00809	0.00619	0.00340	0.00942
3	0.01370	0.09116	0.64572	0.01921	0.06101	0.01615	0.02310	0.02073	0.01391	0.02046	0.01163	0.01375	0.00845	0.00619	0.00611	0.00203	0.00943	0.00481	0.00281	0.00966
4	0.01707	0.63996	0.10223	0.01217	0.01806	0.02422	0.01249	0.02102	0.06857	0.01697	0.01080	0.01199	0.00935	0.00595	0.00462	0.00154	0.00716	0.00396	0.00312	0.00873
5	0.01509	0.01734	0.05942	0.08334	0.09680	0.01605	0.54756	0.02035	0.01517	0.02068	0.01368	0.03770	0.01079	0.00609	0.00753	0.00220	0.01038	0.00765	0.00335	0.00883
6	0.00812	0.00608	0.00757	0.00860	0.00954	0.00552	0.00599	0.00958	0.01364	0.01772	0.08559	0.52711	0.21134	0.01914	0.00823	0.00254	0.00373	0.03832	0.00618	0.00547
7	0.52499	0.18525	0.05890	0.01022	0.01495	0.01747	0.00934	0.02075	0.06717	0.02570	0.01071	0.01194	0.00852	0.00623	0.00444	0.00191	0.00582	0.00394	0.00392	0.00784
8	0.01719	0.70379	0.09972	0.01196	0.01798	0.02505	0.01248	0.01982	0.01343	0.01599	0.00940	0.01087	0.00844	0.00569	0.00441	0.00147	0.00729	0.00365	0.00281	0.00857
9	0.01362	0.01243	0.01977	0.64695	0.04158	0.01544	0.01756	0.07528	0.01449	0.01886	0.01187	0.01722	0.00897	0.00698	0.00746	0.00222	0.05256	0.00585	0.00323	0.00764
10	0.00802	0.00573	0.00764	0.00917	0.00955	0.00535	0.00611	0.00917	0.01260	0.01681	0.03628	0.76434	0.04354	0.02062	0.00840	0.00267	0.00382	0.01872	0.00611	0.00535
11	0.00828	0.00707	0.00789	0.06540	0.01184	0.00633	0.00615	0.01029	0.01519	0.01848	0.12159	0.05848	0.60897	0.01559	0.00769	0.00221	0.00374	0.01308	0.00597	0.00575
12	0.01714	0.69439	0.10863	0.01206	0.01812	0.02491	0.01265	0.01983	0.01343	0.01606	0.00943	0.01091	0.00844	0.00570	0.00444	0.00148	0.00733	0.00366	0.00281	0.00858
13	0.01334	0.03308	0.69305	0.01930	0.02885	0.01537	0.06483	0.02086	0.01400	0.02086	0.01190	0.01413	0.00844	0.00621	0.00634	0.00209	0.00981	0.00504	0.00281	0.00968
14	0.02459	0.03138	0.01866	0.01696	0.02035	0.74221	0.01272	0.02629	0.01866	0.01611	0.01018	0.01187	0.00848	0.00678	0.00594	0.00170	0.01187	0.00424	0.00339	0.00763
15	0.01637	0.01414	0.01489	0.01340	0.01712	0.01637	0.01042	0.03498	0.71568	0.02754	0.02679	0.02456	0.02010	0.00893	0.00670	0.00223	0.00521	0.00744	0.00670	0.01042
16	0.00837	0.00669	0.00749	0.00729	0.00925	0.00581	0.00547	0.01059	0.01640	0.02110	0.31937	0.05791	0.47015	0.01544	0.00777	0.00216	0.00325	0.01313	0.00655	0.00581
17	0.01243	0.01170	0.01975	0.75282	0.04534	0.01463	0.01828	0.01682	0.01316	0.01682	0.01170	0.01755	0.00878	0.00658	0.00658	0.00219	0.00878	0.00585	0.00293	0.00731
18	0.01144	0.00572	0.00858	0.00858	0.00858	0.00572	0.00572	0.00858	0.00858	0.01144	0.01144	0.02001	0.01144	0.02287	0.02573	0.80846	0.00572	0.00572	0.00286	0.00286
19	0.01243	0.01170	0.01975	0.75282	0.04534	0.01463	0.01828	0.01682	0.01316	0.01682	0.01170	0.01755	0.00878	0.00658	0.00658	0.00219	0.00878	0.00585	0.00293	0.00731
20	0.00940	0.00705	0.01058	0.01058	0.01176	0.00823	0.00823	0.01176	0.01058	0.01528	0.01763	0.02586	0.01646	0.04937	0.74255	0.01058	0.01763	0.00705	0.00353	0.00588
21	0.02503	0.01844	0.01976	0.01515	0.02042	0.02042	0.01251	0.70562	0.03095	0.04149	0.01581	0.01581	0.01120	0.00790	0.00659	0.00198	0.00724	0.00593	0.00659	0.01120
22	0.01264	0.01191	0.02012	0.71446	0.08207	0.01468	0.01839	0.01700	0.01326	0.01707	0.01174	0.01748	0.00886	0.00654	0.00658	0.00218	0.00872	0.00585	0.00294	0.00748
23	0.08282	0.71046	0.03247	0.01105	0.01656	0.02513	0.01093	0.01968	0.01320	0.01664	0.00915	0.01057	0.00834	0.00567	0.00421	0.00146	0.00688	0.00352	0.00292	0.00834
24	0.02093	0.06575	0.18628	0.01925	0.12897	0.05841	0.03225	0.19199	0.03947	0.16867	0.01594	0.01652	0.01135	0.00703	0.00636	0.00197	0.00787	0.00566	0.00503	0.01029

[dist]
# distance from previous block
# <min> <max>
0	2

[block]
# block no. 6 follows, 33 sequences, length 89
# corresponding to MSA columns:
# 278-366
name=unknown_G
#
# <colnr> <probs for GDERKNQSTAVLIFYWHMCP>
#	G	D	E	R	K	N	Q	S	T	A	V	L	I	F	Y	W	H	M	C	P
0	0.02156	0.21052	0.08331	0.01614	0.02081	0.45181	0.04351	0.04663	0.01725	0.01742	0.01039	0.01211	0.00862	0.00644	0.00565	0.00169	0.01033	0.00433	0.00330	0.00818
1	0.01557	0.05835	0.06120	0.02658	0.03328	0.01710	0.64485	0.02101	0.01537	0.02078	0.01305	0.01725	0.00985	0.00558	0.00753	0.00217	0.01084	0.00745	0.00328	0.00888
2	0.01531	0.01576	0.02484	0.27956	0.09744	0.07087	0.18345	0.03913	0.04097	0.01918	0.01221	0.01673	0.00968	0.00726	0.00941	0.00225	0.13815	0.00624	0.00333	0.00822
3	0.00932	0.00673	0.00880	0.00828	0.00984	0.00621	0.00621	0.01242	0.01863	0.02640	0.72410	0.04918	0.06212	0.01346	0.00776	0.00207	0.00311	0.01191	0.00725	0.00621
4	0.00948	0.00647	0.00778	0.00785	0.00806	0.00665	0.00480	0.00993	0.00988	0.01337	0.02089	0.07166	0.02352	0.61366	0.15298	0.00693	0.00818	0.00954	0.00400	0.00437
5	0.01614	0.01549	0.02644	0.06864	0.70054	0.01560	0.02013	0.02007	0.01492	0.02132	0.01236	0.01634	0.01036	0.00589	0.00652	0.00196	0.00786	0.00587	0.00325	0.01030
6	0.01350	0.06153	0.67074	0.01895	0.02836	0.01577	0.05988	0.02082	0.01397	0.02066	0.01179	0.01398	0.00843	0.00619	0.00626	0.00207	0.00970	0.00497	0.00281	0.00964
7	0.02503	0.01844	0.01976	0.01515	0.02042	0.02042	0.01251	0.70562	0.03095	0.04149	0.01581	0.01581	0.01120	0.00790	0.00659	0.00198	0.00724	0.00593	0.00659	0.01120
8	0.02459	0.03138	0.01866	0.01696	0.02035	0.74221	0.01272	0.02629	0.01866	0.01611	0.01018	0.01187	0.00848	0.00678	0.00594	0.00170	0.01187	0.00424	0.00339	0.00763
9	0.02669	0.01248	0.01567	0.01237	0.01724	0.01200	0.01010	0.10237	0.14593	0.53337	0.02507	0.02211	0.01645	0.00826	0.00663	0.00207	0.00570	0.00670	0.00772	0.01106
10	0.01548	0.01745	0.03742	0.04843	0.03410	0.01658	0.65859	0.02146	0.04076	0.02120	0.01376	0.01800	0.01032	0.00570	0.00770	0.00222	0.01082	0.00770	0.00344	0.00889
11	0.00799	0.00668	0.00697	0.00689	0.00902	0.00565	0.00517	0.00986	0.01551	0.01898	0.15807	0.06139	0.63277	0.01623	0.00778	0.00220	0.00330	0.01362	0.00627	0.00565
12	0.00884	0.00671	0.00813	0.00778	0.00954	0.00601	0.00583	0.01149	0.01750	0.02371	0.51874	0.05361	0.26916	0.01446	0.00777	0.00212	0.00318	0.01253	0.00689	0.00601
13	0.01528	0.01979	0.13202	0.02758	0.09081	0.01638	0.55530	0.02098	0.01527	0.02109	0.01304	0.01711	0.00980	0.00567	0.00746	0.00218	0.01064	0.00722	0.00325	0.00912
14	0.01144	0.00572	0.00858	0.00858	0.00858	0.00572	0.00572	0.00858	0.00858	0.01144	0.01144	0.02001	0.01144	0.02287	0.02573	0.80846	0.00572	0.00572	0.00286	0.00286
15	0.02503	0.01844	0.01976	0.01515	0.02042	0.02042	0.01251	0.70562	0.03095	0.04149	0.01581	0.01581	0.01120	0.00790	0.00659	0.00198	0.00724	0.00593	0.00659	0.01120
16	0.01760	0.77260	0.03450	0.01126	0.01690	0.02605	0.01126	0.01971	0.01338	0.01549	0.00915	0.01056	0.00845	0.00563	0.00422	0.00141	0.00704	0.00352	0.00282	0.00845
17	0.81514	0.01273	0.00968	0.00866	0.01273	0.01477	0.00713	0.01935	0.01120	0.02954	0.00917	0.01069	0.00713	0.00611	0.00407	0.00204	0.00509	0.00356	0.00407	0.00713
18	0.04487	0.01652	0.01778	0.01503	0.03994	0.01854	0.01177	0.40549	0.29473	0.03515	0.01976	0.01906	0.01449	0.00819	0.00655	0.00208	0.00641	0.00644	0.00646	0.01075
19	0.00938	0.00669	0.00899	0.00910	0.00974	0.00728	0.00636	0.01069	0.01031	0.01436	0.02020	0.08422	0.02138	0.33987	0.40315	0.00832	0.01210	0.00889	0.00389	0.00507
20	0.02503	0.01844	0.01976	0.01515	0.02042	0.02042	0.01251	0.70562	0.03095	0.04149	0.01581	0.01581	0.01120	0.00790	0.00659	0.00198	0.00724	0.00593	0.00659	0.01120
21	0.00802	0.00573	0.00764	0.00917	0.00955	0.00535	0.00611	0.00917	0.01260	0.01681	0.03628	0.76434	0.04354	0.02062	0.00840	0.00267	0.00382	0.01872	0.00611	0.00535
22	0.01564	0.01498	0.02554	0.16064	0.61244	0.01547	0.01988	0.01963	0.01468	0.02072	0.01227	0.01651	0.01015	0.00599	0.00653	0.00200	0.00798	0.00586	0.00320	0.00990
23	0.00829	0.00597	0.00785	0.00890	0.00959	0.00554	0.00610	0.00986	0.01395	0.01887	0.18283	0.59134	0.06848	0.01899	0.00825	0.00253	0.00365	0.01713	0.00635	0.00554
24	0.81514	0.01273	0.00968	0.00866	0.01273	0.01477	0.00713	0.01935	0.01120	0.02954	0.00917	0.01069	0.00713	0.00611	0.00407	0.00204	0.00509	0.00356	0.00407	0.00713
25	0.01868	0.50625	0.12722	0.01298	0.01888	0.08136	0.01307	0.04188	0.03566	0.07328	0.01163	0.01262	0.00947	0.00617	0.00497	0.00162	0.00765	0.00419	0.00350	0.00891
26	0.01360	0.10129	0.67079	0.01808	0.02744	0.01627	0.02313	0.02075	0.01385	0.02036	0.01157	0.01360	0.00835	0.00620	0.00607	0.00202	0.00948	0.00474	0.00278	0.00961
27	0.00966	0.00693	0.00996	0.00996	0.01108	0.00792	0.00761	0.01190	0.01078	0.01588	0.01818	0.02700	0.01704	0.09809	0.62852	0.00951	0.01558	0.00716	0.07149	0.00576
28	0.01703	0.01497	0.01522	0.01360	0.01737	0.04439	0.01059	0.06103	0.66200	0.02765	0.02572	0.02373	0.01930	0.00881	0.00666	0.00220	0.00555	0.00726	0.00657	0.01034
29	0.01760	0.77260	0.03450	0.01126	0.01690	0.02605	0.01126	0.01971	0.01338	0.01549	0.00915	0.01056	0.00845	0.00563	0.00422	0.00141	0.00704	0.00352	0.00282	0.00845
30	0.00799	0.00660	0.00701	0.00707	0.00906	0.00562	0.00524	0.00980	0.01526	0.01878	0.14644	0.11881	0.58637	0.01659	0.00783	0.00224	0.00335	0.01404	0.00625	0.00562
31	0.00801	0.00575	0.00761	0.00910	0.00953	0.00535	0.00608	0.00917	0.01267	0.01683	0.03710	0.74563	0.06173	0.02052	0.00839	0.00266	0.00381	0.01859	0.00611	0.00535
32	0.01053	0.00782	0.00931	0.00870	0.01076	0.00747	0.00659	0.03410	0.08273	0.04221	0.44472	0.07437	0.20814	0.01375	0.00763	0.00214	0.00356	0.01189	0.00690	0.00669
33	0.02459	0.03138	0.01866	0.01696	0.02035	0.74221	0.01272	0.02629	0.01866	0.01611	0.01018	0.01187	0.00848	0.00678	0.00594	0.00170	0.01187	0.00424	0.00339	0.00763
34	0.06473	0.55678	0.12997	0.01268	0.01859	0.08875	0.01299	0.02045	0.01380	0.01713	0.00962	0.01116	0.00836	0.00585	0.00466	0.00157	0.00774	0.00378	0.00294	0.00848
35	0.01446	0.01248	0.01306	0.01190	0.01529	0.01397	0.00922	0.02931	0.55991	0.02537	0.03566	0.03319	0.17678	0.01065	0.00694	0.00223	0.00479	0.00888	0.00657	0.00934
36	0.05304	0.40986	0.19678	0.01366	0.02008	0.03784	0.01436	0.12357	0.01634	0.04365	0.01133	0.01255	0.00902	0.00625	0.00517	0.00171	0.00769	0.00432	0.00361	0.00918
37	0.02429	0.06375	0.01935	0.01671	0.02020	0.71093	0.01266	0.02600	0.01843	0.01608	0.01013	0.01181	0.00848	0.00673	0.00586	0.00168	0.01166	0.00421	0.00337	0.00767
38	0.01592	0.01374	0.01445	0.01304	0.01668	0.01580	0.01013	0.03363	0.67849	0.02702	0.02891	0.02662	0.05751	0.00934	0.00676	0.00223	0.00511	0.00779	0.00667	0.01016
39	0.00952	0.00661	0.00833	0.00833	0.00873	0.00701	0.00542	0.01031	0.00991	0.01362	0.01969	0.03725	0.02140	0.52512	0.27356	0.00780	0.01019	0.00872	0.00383	0.00463
40	0.00848	0.00598	0.00779	0.00907	0.00948	0.00569	0.00611	0.00958	0.01230	0.01636	0.03360	0.59151	0.03986	0.14407	0.01261	0.00331	0.00442	0.06885	0.00576	0.00518
41	0.02107	0.01309	0.01503	0.01280	0.01701	0.01399	0.01015	0.03395	0.46714	0.27884	0.02650	0.02379	0.01874	0.00865	0.00667	0.00216	0.00535	0.00715	0.00722	0.01070
42	0.00928	0.00670	0.00877	0.00831	0.00983	0.00619	0.00621	0.01233	0.01847	0.02614	0.70514	0.06889	0.06160	0.01366	0.00778	0.00209	0.00313	0.01209	0.00722	0.00619
43	0.02503	0.01844	0.01976	0.01515	0.02042	0.02042	0.01251	0.70562	0.03095	0.04149	0.01581	0.01581	0.01120	0.00790	0.00659	0.00198	0.00724	0.00593	0.00659	0.01120
44	0.01440	0.01440	0.02016	0.01728	0.01728	0.02016	0.01440	0.01584	0.01008	0.01584	0.00864	0.01440	0.00864	0.01152	0.02160	0.00288	0.75659	0.00576	0.00288	0.00720
45	0.01659	0.60245	0.19578	0.01299	0.01957	0.02357	0.01427	0.01997	0.01350	0.01672	0.00977	0.01133	0.00842	0.00578	0.00469	0.00156	0.00766	0.00383	0.00281	0.00874
46	0.01534	0.04301	0.12783	0.02677	0.07110	0.01671	0.55718	0.02097	0.01523	0.02091	0.01294	0.01696	0.00975	0.00566	0.00740	0.00216	0.01062	0.00716	0.00324	0.00906
47	0.01545	0.01840	0.06621	0.02739	0.03417	0.01659	0.67694	0.02108	0.01547	0.02108	0.01326	0.01761	0.00992	0.00558	0.00771	0.00221	0.01104	0.00765	0.00331	0.00891
48	0.01320	0.03405	0.73453	0.01876	0.02849	0.01529	0.02432	0.02085	0.01390	0.02085	0.01181	0.01390	0.00834	0.00625	0.00625	0.00208	0.00973	0.00486	0.00278	0.00973
49	0.00801	0.00577	0.00760	0.00907	0.00952	0.00536	0.00607	0.00918	0.01270	0.01684	0.03750	0.73639	0.07071	0.02047	0.00838	0.00266	0.00380	0.01852	0.00611	0.00536
50	0.00964	0.00726	0.00925	0.01025	0.01201	0.00688	0.00868	0.01220	0.01510	0.01904	0.04581	0.07051	0.27428	0.01767	0.00864	0.00275	0.00512	0.45294	0.00608	0.00589
51	0.01554	0.01776	0.03885	0.02775	0.03441	0.01665	0.70366	0.02109	0.01554	0.02109	0.01332	0.01776	0.00999	0.00555	0.00777	0.00222	0.01110	0.00777	0.00333	0.00888
52	0.01442	0.00821	0.00843	0.00766	0.00982	0.00855	0.00594	0.13183	0.01670	0.02740	0.02052	0.02307	0.01592	0.00771	0.00494	0.00161	0.00377	0.00610	0.67041	0.00699
53	0.01100	0.00766	0.01010	0.00942	0.01121	0.00778	0.00726	0.05406	0.01663	0.04716	0.40124	0.03868	0.05897	0.02411	0.23756	0.00472	0.00799	0.00975	0.02816	0.00655
54	0.01575	0.12476	0.35626	0.09379	0.05095	0.12644	0.07540	0.02093	0.01451	0.01889	0.01124	0.01395	0.00864	0.00641	0.00666	0.00198	0.03663	0.00500	0.00296	0.00886
55	0.81514	0.01273	0.00968	0.00866	0.01273	0.01477	0.00713	0.01935	0.01120	0.02954	0.00917	0.01069	0.00713	0.00611	0.00407	0.00204	0.00509	0.00356	0.00407	0.00713
56	0.81514	0.01273	0.00968	0.00866	0.01273	0.01477	0.00713	0.01935	0.01120	0.02954	0.00917	0.01069	0.00713	0.00611	0.00407	0.00204	0.00509	0.00356	0.00407	0.00713
57	0.01409	0.11138	0.55198	0.01790	0.02634	0.03600	0.05853	0.02112	0.04200	0.02030	0.01286	0.03561	0.00992	0.00668	0.00619	0.00203	0.00922	0.00536	0.00308	0.00939
58	0.00798	0.00668	0.00694	0.00687	0.00901	0.00564	0.00516	0.00982	0.01547	0.01888	0.14995	0.06156	0.64096	0.01627	0.00778	0.00220	0.00331	0.01364	0.00626	0.00564
59	0.02008	0.01734	0.01897	0.01963	0.16188	0.09770	0.01316	0.20419	0.28921	0.05943	0.01916	0.01912	0.01438	0.00777	0.00654	0.00204	0.00702	0.00634	0.00567	0.01035
60	0.01684	0.01632	0.02592	0.03774	0.64845	0.04494	0.01943	0.04322	0.01548	0.02174	0.01227	0.01603	0.01031	0.00619	0.00708	0.00198	0.03669	0.00580	0.00336	0.01022
61	0.01984	0.01586	0.01683	0.01410	0.01844	0.01799	0.01126	0.30327	0.44175	0.03312	0.02240	0.02106	0.01654	0.00852	0.00665	0.00213	0.00602	0.00684	0.00665	0.01073
62	0.00984	0.00671	0.00904	0.01029	0.01140	0.00640	0.00795	0.01181	0.01397	0.04515	0.03700	0.42659	0.07764	0.01898	0.00857	0.00277	0.00474	0.27912	0.00617	0.00586
63	0.00974	0.00714	0.00949	0.01076	0.01222	0.00690	0.00898	0.01225	0.01474	0.01894	0.04041	0.17850	0.15377	0.01831	0.00877	0.00284	0.00526	0.46906	0.00608	0.00587
64	0.00951	0.00636	0.00720	0.00726	0.00727	0.00634	0.00407	0.00956	0.00969	0.01292	0.02136	0.07166	0.02471	0.73900	0.03251	0.00624	0.00628	0.00994	0.00407	0.00404
65	0.00803	0.00668	0.00702	0.00693	0.00905	0.00567	0.00520	0.00994	0.01560	0.01920	0.17495	0.06102	0.61576	0.01614	0.00778	0.00220	0.00330	0.01357	0.00630	0.00567
66	0.01365	0.01170	0.01365	0.00975	0.01560	0.00878	0.00780	0.01658	0.01365	0.02145	0.01170	0.01365	0.00975	0.00488	0.00488	0.00098	0.00488	0.00390	0.00390	0.80888
67	0.01620	0.01382	0.01454	0.01299	0.01668	0.01579	0.01013	0.06869	0.62742	0.02756	0.02917	0.02697	0.07184	0.00945	0.00677	0.00222	0.00518	0.00784	0.00665	0.01010
68	0.02503	0.01844	0.01976	0.01515	0.02042	0.02042	0.01251	0.70562	0.03095	0.04149	0.01581	0.01581	0.01120	0.00790	0.00659	0.00198	0.00724	0.00593	0.00659	0.01120
69	0.01637	0.01414	0.01489	0.01340	0.01712	0.01637	0.01042	0.03498	0.71568	0.02754	0.02679	0.02456	0.02010	0.00893	0.00670	0.00223	0.00521	0.00744	0.00670	0.01042
70	0.02393	0.02753	0.01915	0.01774	0.05779	0.54408	0.01300	0.15178	0.04591	0.02150	0.01193	0.01329	0.00950	0.00702	0.00611	0.00178	0.01056	0.00475	0.00409	0.00854
71	0.02503	0.01844	0.01976	0.01515	0.02042	0.02042	0.01251	0.70562	0.03095	0.04149	0.01581	0.01581	0.01120	0.00790	0.00659	0.00198	0.00724	0.00593	0.00659	0.01120
72	0.01627	0.01539	0.02582	0.10471	0.63793	0.01573	0.01973	0.04619	0.01544	0.02184	0.01245	0.01639	0.01031	0.00601	0.00653	0.00198	0.00789	0.00587	0.00336	0.01017
73	0.01112	0.00905	0.00973	0.00943	0.01173	0.03091	0.00740	0.08462	0.04466	0.02194	0.13532	0.10717	0.35091	0.01527	0.00782	0.00233	0.00454	0.12324	0.00624	0.00655
74	0.01414	0.01402	0.01966	0.01693	0.01699	0.01954	0.01408	0.01563	0.01011	0.01581	0.00911	0.01500	0.00905	0.01350	0.05925	0.00328	0.71800	0.00583	0.00291	0.00713
75	0.01564	0.01748	0.03723	0.02943	0.12655	0.01651	0.61281	0.02097	0.01547	0.02114	0.01319	0.01756	0.01005	0.00559	0.00760	0.00218	0.01066	0.00752	0.00332	0.00908
76	0.01410	0.01294	0.02184	0.41249	0.24913	0.01453	0.04703	0.01811	0.01410	0.04074	0.03355	0.01957	0.03427	0.00705	0.00719	0.00214	0.03306	0.00638	0.00343	0.00836
77	0.00802	0.00573	0.00764	0.00917	0.00955	0.00535	0.00611	0.00917	0.01260	0.01681	0.03628	0.76434	0.04354	0.02062	0.00840	0.00267	0.00382	0.01872	0.00611	0.00535
78	0.02191	0.01689	0.01800	0.01452	0.01923	0.01896	0.01176	0.46404	0.27761	0.03646	0.01976	0.01896	0.01440	0.00827	0.00663	0.00207	0.00651	0.00647	0.00663	0.01092
79	0.01744	0.01518	0.02540	0.03684	0.63374	0.01527	0.01900	0.02113	0.01515	0.08696	0.01349	0.01678	0.01090	0.00630	0.00712	0.00200	0.03729	0.00593	0.00370	0.01037
80	0.02954	0.01120	0.01528	0.01171	0.01681	0.00968	0.00968	0.03208	0.01884	0.73213	0.02597	0.02241	0.01630	0.00815	0.00662	0.00204	0.00560	0.00662	0.00815	0.01120
81	0.00904	0.00672	0.00842	0.00799	0.00967	0.00609	0.00600	0.01189	0.01799	0.02486	0.60638	0.05171	0.18080	0.01403	0.00777	0.00210	0.00315	0.01226	0.00704	0.00609
82	0.02187	0.01079	0.01498	0.01270	0.03718	0.00983	0.04614	0.04335	0.04783	0.42254	0.07550	0.03351	0.11892	0.01031	0.00712	0.00216	0.00555	0.06308	0.00713	0.00950
83	0.01319	0.01286	0.01990	0.69258	0.06430	0.05328	0.01804	0.01742	0.01351	0.01692	0.01164	0.01721	0.00881	0.00657	0.00655	0.00216	0.00891	0.00577	0.00296	0.00742
84	0.01306	0.01234	0.02088	0.63667	0.15657	0.01479	0.01860	0.01737	0.01346	0.01758	0.01181	0.01735	0.00905	0.00647	0.00657	0.00216	0.00862	0.00585	0.00298	0.00782
85	0.01901	0.26539	0.24805	0.01552	0.02167	0.25913	0.01578	0.02274	0.01550	0.04577	0.01099	0.01251	0.00874	0.00631	0.00552	0.00174	0.00943	0.00430	0.00321	0.00869
86	0.01772	0.01769	0.11287	0.02525	0.15603	0.01485	0.33383	0.02248	0.01577	0.14941	0.03548	0.01868	0.01247	0.00656	0.00755	0.00214	0.03052	0.00693	0.00422	0.00956
87	0.01334	0.01277	0.01966	0.52281	0.14891	0.04178	0.01715	0.01788	0.03920	0.01806	0.01597	0.02152	0.04953	0.00745	0.00669	0.00216	0.00824	0.02569	0.00340	0.00780
88	0.04068	0.02461	0.35377	0.02127	0.02891	0.01582	0.28888	0.04742	0.05248	0.02251	0.03162	0.01686	0.01107	0.00636	0.00685	0.00214	0.00961	0.00632	0.00351	0.00931

[dist]
# distance from previous block
# <min> <max>
0	1

[block]
# block no. 7 follows, 33 sequences, length 49
# corresponding to MSA columns:
# 368-416
name=unknown_H
#
# <colnr> <probs for GDERKNQSTAVLIFYWHMCP>
#	G	D	E	R	K	N	Q	S	T	A	V	L	I	F	Y	W	H	M	C	P
0	0.01894	0.06925	0.06425	0.01911	0.09868	0.01625	0.13326	0.20548	0.03904	0.10697	0.01777	0.08163	0.01491	0.00871	0.00770	0.00214	0.04980	0.03151	0.00508	0.00951
1	0.76943	0.01306	0.01026	0.00903	0.01318	0.01510	0.00744	0.05905	0.01235	0.03023	0.00955	0.01099	0.00736	0.00621	0.00422	0.00203	0.00522	0.00370	0.00422	0.00736
2	0.01365	0.01170	0.01365	0.00975	0.01560	0.00878	0.00780	0.01658	0.01365	0.02145	0.01170	0.01365	0.00975	0.00488	0.00488	0.00098	0.00488	0.00390	0.00390	0.80888
3	0.50293	0.01666	0.01345	0.08069	0.01808	0.14565	0.00983	0.10326	0.01511	0.02739	0.01039	0.01217	0.00802	0.00649	0.00495	0.00198	0.00691	0.00419	0.00415	0.00773
4	0.01625	0.01341	0.01445	0.01287	0.01643	0.01512	0.01016	0.11867	0.49918	0.02840	0.08324	0.03000	0.05102	0.01004	0.00696	0.00224	0.00529	0.04991	0.00667	0.00972
5	0.00970	0.00710	0.01021	0.01056	0.01169	0.00787	0.00831	0.01195	0.01153	0.01603	0.02197	0.03899	0.02226	0.12156	0.49407	0.00836	0.01371	0.16423	0.00417	0.00571
6	0.00787	0.00651	0.00684	0.00709	0.00894	0.00555	0.00515	0.00941	0.01445	0.01747	0.06038	0.17545	0.59359	0.04064	0.00868	0.00242	0.00351	0.01454	0.00605	0.00548
7	0.00991	0.00748	0.00941	0.00872	0.01079	0.00686	0.02606	0.01327	0.05140	0.04475	0.40351	0.08425	0.27039	0.01422	0.00771	0.00216	0.00362	0.01237	0.00672	0.00640
8	0.01903	0.02195	0.03990	0.23997	0.05646	0.31648	0.11852	0.07315	0.01721	0.01929	0.01165	0.01497	0.00907	0.00657	0.00648	0.00196	0.01028	0.00545	0.00346	0.00815
9	0.01201	0.01015	0.01507	0.09876	0.13767	0.01047	0.03710	0.01709	0.09403	0.02261	0.24907	0.06222	0.05957	0.01180	0.00757	0.00229	0.00564	0.13374	0.00559	0.00754
10	0.01760	0.77260	0.03450	0.01126	0.01690	0.02605	0.01126	0.01971	0.01338	0.01549	0.00915	0.01056	0.00845	0.00563	0.00422	0.00141	0.00704	0.00352	0.00282	0.00845
11	0.01365	0.01170	0.01365	0.00975	0.01560	0.00878	0.00780	0.01658	0.01365	0.02145	0.01170	0.01365	0.00975	0.00488	0.00488	0.00098	0.00488	0.00390	0.00390	0.80888
12	0.01320	0.03405	0.73453	0.01876	0.02849	0.01529	0.02432	0.02085	0.01390	0.02085	0.01181	0.01390	0.00834	0.00625	0.00625	0.00208	0.00973	0.00486	0.00278	0.00973
13	0.00824	0.00616	0.00767	0.00841	0.00946	0.00558	0.00588	0.00992	0.01444	0.01907	0.18974	0.45224	0.20278	0.01820	0.00812	0.00244	0.00356	0.01617	0.00635	0.00558
14	0.01320	0.03405	0.73453	0.01876	0.02849	0.01529	0.02432	0.02085	0.01390	0.02085	0.01181	0.01390	0.00834	0.00625	0.00625	0.00208	0.00973	0.00486	0.00278	0.00973
