[name]
unknown

[dist]
# distance from previous block
# <min> <max>
6	20

[block]
# block no. 0 follows, 34 sequences, length 6
# corresponding to MSA columns:
# 22-27
name=unknown_A
#
# <colnr> <probs for GDERKNQSTAVLIFYWHMCP>
#	G	D	E	R	K	N	Q	S	T	A	V	L	I	F	Y	W	H	M	C	P
0	0.01774	0.01029	0.01354	0.01364	0.08865	0.01003	0.00944	0.02331	0.15645	0.26739	0.12064	0.15733	0.06114	0.01114	0.00701	0.00215	0.00491	0.00968	0.00665	0.00885
1	0.09848	0.01350	0.01766	0.01410	0.01837	0.01398	0.11554	0.18773	0.13981	0.10661	0.05600	0.10647	0.01862	0.00899	0.00658	0.00206	0.00622	0.00783	0.00575	0.05570
2	0.01447	0.00966	0.01420	0.05749	0.03958	0.00930	0.07892	0.06274	0.01637	0.15114	0.18225	0.15058	0.09814	0.07406	0.00940	0.00249	0.00544	0.01045	0.00591	0.00740
3	0.01929	0.01279	0.01575	0.01663	0.14973	0.07099	0.01096	0.02451	0.12511	0.25987	0.19520	0.02682	0.02593	0.00887	0.00671	0.00199	0.00575	0.00757	0.00628	0.00924
4	0.02132	0.01418	0.01724	0.03785	0.01873	0.08512	0.07282	0.13618	0.04564	0.28319	0.02331	0.09577	0.05933	0.00948	0.00756	0.00210	0.04712	0.00783	0.00604	0.00917
5	0.08881	0.18917	0.01899	0.01133	0.01618	0.01430	0.00978	0.07473	0.01705	0.42433	0.01918	0.01808	0.01313	0.00941	0.04530	0.00230	0.00653	0.00552	0.00611	0.00977

[dist]
# distance from previous block
# <min> <max>
0	1

[block]
# block no. 1 follows, 34 sequences, length 43
# corresponding to MSA columns:
# 29-71
name=unknown_B
#
# <colnr> <probs for GDERKNQSTAVLIFYWHMCP>
#	G	D	E	R	K	N	Q	S	T	A	V	L	I	F	Y	W	H	M	C	P
0	0.01536	0.00800	0.00972	0.00843	0.01091	0.00785	0.04110	0.04470	0.03223	0.13312	0.02126	0.02311	0.01600	0.00753	0.00510	0.00165	0.00399	0.00620	0.59653	0.00721
1	0.01614	0.18703	0.07952	0.01290	0.01726	0.01541	0.05697	0.10741	0.12716	0.07931	0.12647	0.10585	0.02297	0.00937	0.00638	0.00197	0.00609	0.00790	0.00529	0.00860
2	0.01228	0.00993	0.01089	0.01060	0.01205	0.06980	0.00794	0.09085	0.01386	0.01807	0.02148	0.10483	0.02243	0.22680	0.23554	0.00581	0.00982	0.10652	0.00451	0.00598
3	0.03938	0.01238	0.01271	0.01086	0.01390	0.06072	0.00858	0.25728	0.02088	0.02844	0.21512	0.03152	0.11980	0.01323	0.06143	0.00257	0.00618	0.00835	0.06885	0.00781
4	0.39760	0.17435	0.01663	0.01030	0.01487	0.04914	0.00884	0.03701	0.01408	0.20418	0.01333	0.01352	0.00968	0.00647	0.00479	0.00185	0.00588	0.00432	0.00477	0.00838
5	0.75556	0.01242	0.00980	0.00858	0.01272	0.01403	0.00705	0.01878	0.01118	0.02837	0.00919	0.01072	0.00720	0.00590	0.00406	0.00192	0.00498	0.00352	0.00399	0.07002
6	0.02334	0.02741	0.01718	0.01551	0.01871	0.63450	0.01159	0.02494	0.01763	0.06888	0.01195	0.01481	0.01008	0.06671	0.00799	0.00205	0.01078	0.00474	0.00372	0.00747
7	0.01225	0.00750	0.01088	0.01034	0.01201	0.00818	0.00803	0.01444	0.01156	0.12473	0.01874	0.02592	0.01659	0.08755	0.58996	0.00885	0.01482	0.00701	0.00418	0.00645
8	0.00974	0.00889	0.06690	0.01048	0.01225	0.00835	0.00879	0.01236	0.01081	0.01594	0.01733	0.02542	0.01602	0.08737	0.58979	0.00882	0.01495	0.00684	0.06297	0.00597
9	0.07640	0.00690	0.00696	0.00662	0.00858	0.00694	0.00508	0.01658	0.01372	0.07718	0.02046	0.02287	0.01577	0.00744	0.00462	0.00158	0.00335	0.00586	0.68662	0.00647
10	0.11014	0.11267	0.01906	0.01284	0.01788	0.01747	0.01085	0.37536	0.02307	0.21335	0.01652	0.01596	0.01149	0.00734	0.00591	0.00189	0.00645	0.00544	0.00612	0.01022
11	0.01696	0.02131	0.21542	0.02342	0.17800	0.03280	0.15199	0.16138	0.08867	0.02529	0.01423	0.01627	0.01067	0.00652	0.00659	0.00203	0.00852	0.00599	0.00409	0.00985
12	0.01743	0.01358	0.01465	0.01297	0.01677	0.01538	0.01015	0.03403	0.64688	0.10189	0.02621	0.02388	0.01933	0.00869	0.00657	0.00217	0.00515	0.00722	0.00672	0.01031
13	0.01882	0.39340	0.11520	0.01380	0.01908	0.21753	0.01303	0.05322	0.06768	0.01803	0.01115	0.01236	0.00925	0.00625	0.00513	0.00163	0.00839	0.00420	0.00336	0.00850
14	0.17040	0.01185	0.01382	0.01104	0.01559	0.03573	0.00902	0.02827	0.04131	0.52803	0.05343	0.02080	0.01624	0.00785	0.00608	0.00200	0.00550	0.00613	0.00703	0.00991
15	0.00918	0.00671	0.00806	0.00765	0.00952	0.00596	0.00576	0.01170	0.01700	0.04383	0.46669	0.05256	0.30330	0.01420	0.00759	0.00209	0.00320	0.01224	0.00673	0.00601
16	0.01042	0.00825	0.01070	0.06202	0.06903	0.00801	0.00801	0.01430	0.06849	0.03979	0.35005	0.04547	0.25543	0.01268	0.00735	0.00209	0.00407	0.01096	0.00615	0.00672
17	0.00925	0.00685	0.01000	0.01000	0.01102	0.00787	0.00760	0.01129	0.01027	0.01472	0.01766	0.02733	0.01700	0.13170	0.66523	0.00991	0.01604	0.00721	0.00351	0.00556
18	0.02394	0.01781	0.02075	0.01634	0.03888	0.05097	0.07480	0.53150	0.02687	0.10854	0.01598	0.01619	0.01126	0.00747	0.00654	0.00195	0.00750	0.00597	0.00611	0.01061
19	0.14461	0.07296	0.01791	0.01507	0.01863	0.59205	0.01156	0.02438	0.01689	0.01778	0.00978	0.01140	0.00812	0.00649	0.00545	0.00170	0.01035	0.00402	0.00340	0.00746
20	0.00914	0.00660	0.00864	0.00813	0.00965	0.00610	0.00610	0.01219	0.01829	0.02591	0.72921	0.04827	0.06097	0.01321	0.00762	0.00203	0.00305	0.01169	0.00711	0.00610
21	0.81856	0.01250	0.00950	0.00850	0.01250	0.01449	0.00700	0.01899	0.01100	0.02899	0.00900	0.01050	0.00700	0.00600	0.00400	0.00200	0.00500	0.00350	0.00400	0.00700
22	0.00922	0.00679	0.00932	0.00944	0.01038	0.00744	0.00691	0.01133	0.02782	0.01545	0.04858	0.11360	0.04336	0.18521	0.45618	0.00795	0.01237	0.00908	0.00412	0.00545
23	0.02369	0.01796	0.02079	0.01647	0.04484	0.01965	0.05606	0.64472	0.02891	0.03881	0.01525	0.01565	0.01089	0.00754	0.00653	0.00195	0.00737	0.00593	0.00615	0.01082
24	0.64591	0.01292	0.01116	0.00951	0.01374	0.01451	0.00784	0.09317	0.01388	0.11019	0.01154	0.01232	0.00843	0.00641	0.00454	0.00199	0.00528	0.00408	0.00471	0.00787
25	0.02224	0.01676	0.01818	0.01447	0.01906	0.01884	0.01181	0.50579	0.19029	0.05381	0.01797	0.01762	0.01304	0.00815	0.00714	0.00204	0.03960	0.00617	0.00637	0.01064
26	0.00923	0.00692	0.01038	0.01038	0.01154	0.00808	0.00808	0.01154	0.01038	0.01500	0.01731	0.02538	0.01615	0.04846	0.74732	0.01038	0.01731	0.00692	0.00346	0.00577
27	0.01456	0.01453	0.02195	0.03937	0.14796	0.09454	0.21015	0.04771	0.01522	0.01962	0.01936	0.13005	0.01928	0.06635	0.00927	0.00254	0.00814	0.10753	0.00421	0.00767
28	0.01727	0.77681	0.03386	0.01106	0.01658	0.02557	0.01106	0.01935	0.01313	0.01520	0.00898	0.01036	0.00829	0.00553	0.00415	0.00138	0.00691	0.00345	0.00276	0.00829
29	0.00914	0.00660	0.00864	0.00813	0.00965	0.00610	0.00610	0.01219	0.01829	0.02591	0.72921	0.04827	0.06097	0.01321	0.00762	0.00203	0.00305	0.01169	0.00711	0.00610
30	0.01595	0.01358	0.01441	0.01290	0.01647	0.01559	0.01004	0.05783	0.65167	0.02746	0.06981	0.02530	0.02198	0.00901	0.00664	0.00217	0.00506	0.00752	0.00660	0.01000
31	0.02330	0.01932	0.01822	0.01509	0.03432	0.16210	0.01181	0.47797	0.02567	0.06452	0.01573	0.04459	0.01233	0.03611	0.00738	0.00207	0.00779	0.00613	0.00573	0.00980
32	0.01033	0.00741	0.01030	0.01174	0.01325	0.00738	0.01025	0.01327	0.01487	0.01928	0.03512	0.07257	0.05725	0.01781	0.00889	0.00295	0.00587	0.66956	0.00595	0.00594
33	0.01727	0.77681	0.03386	0.01106	0.01658	0.02557	0.01106	0.01935	0.01313	0.01520	0.00898	0.01036	0.00829	0.00553	0.00415	0.00138	0.00691	0.00345	0.00276	0.00829
34	0.01409	0.03089	0.63038	0.01971	0.07944	0.01543	0.02267	0.07445	0.01503	0.02210	0.01194	0.01396	0.00856	0.00624	0.00618	0.00203	0.00922	0.00493	0.00306	0.00971
35	0.02155	0.01943	0.04423	0.01862	0.11370	0.12012	0.03399	0.38841	0.12024	0.03152	0.01557	0.01621	0.01158	0.00736	0.00640	0.00194	0.00774	0.00580	0.00539	0.01018
36	0.02216	0.01700	0.01862	0.01473	0.01954	0.01893	0.02865	0.52087	0.20702	0.03673	0.01822	0.01776	0.01320	0.00796	0.00652	0.00201	0.00669	0.00624	0.00641	0.01074
37	0.15283	0.00715	0.00663	0.00645	0.00840	0.00750	0.00495	0.01574	0.01310	0.02494	0.01897	0.02172	0.01489	0.00726	0.00443	0.00159	0.00336	0.00558	0.66831	0.00619
38	0.02023	0.01500	0.06345	0.01589	0.06800	0.01402	0.07879	0.24545	0.05618	0.19154	0.10576	0.02383	0.05499	0.00849	0.00676	0.00202	0.00651	0.00726	0.00611	0.00972
39	0.01204	0.00602	0.00602	0.00602	0.00753	0.00602	0.00452	0.01506	0.01355	0.02409	0.02108	0.02409	0.01656	0.00753	0.00452	0.00151	0.00301	0.00602	0.80879	0.00602
40	0.01826	0.01782	0.09699	0.01737	0.06963	0.05051	0.09902	0.26099	0.14156	0.04268	0.02053	0.05943	0.05854	0.00848	0.00672	0.00206	0.00730	0.00726	0.00529	0.00956
41	0.01614	0.01733	0.03537	0.02548	0.03176	0.01667	0.61436	0.08429	0.04814	0.02281	0.01389	0.01755	0.01035	0.00581	0.00747	0.00216	0.01029	0.00745	0.00371	0.00899
42	0.05440	0.06003	0.20464	0.04531	0.09386	0.01617	0.16185	0.15592	0.01773	0.10720	0.01407	0.01580	0.01014	0.00646	0.00639	0.00200	0.00833	0.00578	0.00429	0.00963

[dist]
# distance from previous block
# <min> <max>
0	1

[block]
# block no. 2 follows, 34 sequences, length 36
# corresponding to MSA columns:
# 73-108
name=unknown_C
#
# <colnr> <probs for GDERKNQSTAVLIFYWHMCP>
#	G	D	E	R	K	N	Q	S	T	A	V	L	I	F	Y	W	H	M	C	P
0	0.01951	0.12323	0.07899	0.01632	0.07859	0.01745	0.05155	0.30113	0.04992	0.05797	0.01411	0.01509	0.01061	0.00662	0.00592	0.00174	0.00703	0.00528	0.00487	0.13408
1	0.01092	0.00917	0.02864	0.01154	0.06283	0.00898	0.00799	0.01576	0.12732	0.02186	0.32497	0.08504	0.06004	0.15677	0.01263	0.00292	0.02992	0.01024	0.00578	0.00668
2	0.02015	0.04114	0.07883	0.01531	0.02047	0.01832	0.05781	0.37839	0.24170	0.03273	0.01818	0.01799	0.01331	0.00772	0.00648	0.00202	0.00693	0.00624	0.00587	0.01040
3	0.01136	0.00702	0.00814	0.00770	0.00834	0.00694	0.00474	0.03362	0.01129	0.06944	0.06279	0.04024	0.02475	0.64501	0.02853	0.00555	0.00604	0.00920	0.00450	0.00481
4	0.07216	0.03976	0.09998	0.01477	0.02037	0.01928	0.01322	0.57228	0.02684	0.03704	0.01450	0.01486	0.01035	0.00741	0.00621	0.00194	0.00725	0.00549	0.00579	0.01051
5	0.81856	0.01250	0.00950	0.00850	0.01250	0.01449	0.00700	0.01899	0.01100	0.02899	0.00900	0.01050	0.00700	0.00600	0.00400	0.00200	0.00500	0.00350	0.00400	0.00700
6	0.09276	0.01846	0.01777	0.01423	0.01892	0.10613	0.01154	0.47639	0.09539	0.06101	0.01572	0.01571	0.01137	0.00758	0.00619	0.00194	0.00721	0.00559	0.00594	0.01015
7	0.00832	0.00593	0.00794	0.00939	0.00992	0.00563	0.00662	0.00970	0.01266	0.01681	0.03488	0.63518	0.04122	0.04508	0.00918	0.00280	0.00418	0.12333	0.00592	0.00531
8	0.02773	0.01302	0.01624	0.01245	0.01750	0.01249	0.01029	0.22469	0.02187	0.53912	0.02265	0.02015	0.01457	0.00793	0.00649	0.00198	0.00596	0.00630	0.00756	0.01099
9	0.01340	0.01148	0.01340	0.00957	0.01531	0.00861	0.00766	0.01627	0.01340	0.02105	0.01148	0.01340	0.00957	0.00479	0.00479	0.00096	0.00479	0.00383	0.00383	0.81242
10	0.00822	0.00577	0.00739	0.00855	0.00884	0.00548	0.00552	0.00909	0.01169	0.01558	0.03211	0.60194	0.03832	0.19303	0.01390	0.00346	0.00433	0.01631	0.00552	0.00494
11	0.02007	0.47271	0.02752	0.01333	0.01797	0.31964	0.01164	0.02198	0.01524	0.01545	0.00939	0.01089	0.00830	0.00599	0.00483	0.00150	0.00884	0.00374	0.00299	0.00797
12	0.01315	0.03211	0.68172	0.01914	0.02844	0.01512	0.08028	0.02048	0.01377	0.02048	0.01172	0.01395	0.00832	0.00608	0.00626	0.00206	0.00966	0.00501	0.00277	0.00948
13	0.01296	0.03342	0.73944	0.01842	0.02797	0.01501	0.02387	0.02046	0.01364	0.02046	0.01160	0.01364	0.00818	0.00614	0.00614	0.00205	0.00955	0.00477	0.00273	0.00955
14	0.00816	0.00583	0.00781	0.00920	0.00974	0.00548	0.00639	0.00955	0.01291	0.01725	0.07314	0.66919	0.04324	0.01965	0.00827	0.00262	0.00390	0.07623	0.00605	0.00536
15	0.02386	0.01775	0.01900	0.01473	0.01977	0.01971	0.01211	0.65537	0.08722	0.03959	0.01640	0.01622	0.01171	0.00784	0.00647	0.00196	0.00695	0.00594	0.00647	0.01093
16	0.00897	0.00660	0.00840	0.00795	0.00955	0.00602	0.00596	0.01186	0.01788	0.02495	0.65362	0.04985	0.13716	0.01357	0.00762	0.00205	0.00307	0.01191	0.00699	0.00602
17	0.01414	0.01414	0.01979	0.01696	0.01696	0.01979	0.01414	0.01555	0.00990	0.01555	0.00848	0.01414	0.00848	0.01131	0.02120	0.00283	0.76110	0.00565	0.00283	0.00707
18	0.00918	0.00630	0.00699	0.00699	0.00725	0.00617	0.00404	0.00938	0.01005	0.01313	0.02587	0.04471	0.10977	0.68053	0.02980	0.00577	0.00590	0.00991	0.00417	0.00410
19	0.01253	0.01182	0.01997	0.69509	0.10424	0.01444	0.01811	0.01680	0.01308	0.01691	0.01154	0.01712	0.00875	0.00640	0.00645	0.00213	0.00853	0.00574	0.00290	0.00744
20	0.81856	0.01250	0.00950	0.00850	0.01250	0.01449	0.00700	0.01899	0.01100	0.02899	0.00900	0.01050	0.00700	0.00600	0.00400	0.00200	0.00500	0.00350	0.00400	0.00700
21	0.01340	0.01148	0.01340	0.00957	0.01531	0.00861	0.00766	0.01627	0.01340	0.02105	0.01148	0.01340	0.00957	0.00479	0.00479	0.00096	0.00479	0.00383	0.00383	0.81242
22	0.00785	0.00611	0.00713	0.00781	0.00909	0.00540	0.00550	0.00934	0.01385	0.01757	0.09581	0.39482	0.36072	0.01798	0.00792	0.00238	0.00348	0.01574	0.00607	0.00540
23	0.01656	0.02311	0.20040	0.16534	0.21986	0.20149	0.04295	0.02090	0.01504	0.01871	0.01137	0.01459	0.00891	0.00620	0.00624	0.00194	0.00945	0.00517	0.00305	0.00873
24	0.00787	0.00562	0.00750	0.00900	0.00937	0.00525	0.00600	0.00900	0.01237	0.01649	0.03561	0.76871	0.04274	0.02024	0.00825	0.00262	0.00375	0.01837	0.00600	0.00525
25	0.01173	0.00979	0.01432	0.01785	0.19837	0.01015	0.01068	0.05480	0.01480	0.02059	0.13920	0.34534	0.03241	0.01382	0.00868	0.00232	0.07060	0.01215	0.00521	0.00718
26	0.01505	0.01882	0.09901	0.02647	0.03327	0.01622	0.64966	0.02068	0.01511	0.02068	0.01294	0.01710	0.00966	0.00551	0.00750	0.00217	0.01078	0.00738	0.00322	0.00879
27	0.00940	0.00626	0.00705	0.00705	0.00705	0.00626	0.00392	0.00940	0.00940	0.01253	0.02036	0.04228	0.02349	0.77292	0.03289	0.00626	0.00626	0.00940	0.00392	0.00392
28	0.69461	0.01288	0.01074	0.00926	0.01343	0.01463	0.00763	0.07994	0.01320	0.07936	0.01071	0.01173	0.00797	0.00629	0.00439	0.00199	0.00522	0.00391	0.00449	0.00762
29	0.00914	0.00660	0.00864	0.00813	0.00965	0.00610	0.00610	0.01219	0.01829	0.02591	0.72921	0.04827	0.06097	0.01321	0.00762	0.00203	0.00305	0.01169	0.00711	0.00610
30	0.00923	0.00692	0.01038	0.01038	0.01154	0.00808	0.00808	0.01154	0.01038	0.01500	0.01731	0.02538	0.01615	0.04846	0.74732	0.01038	0.01731	0.00692	0.00346	0.00577
31	0.00924	0.00690	0.01025	0.01025	0.01135	0.00800	0.00790	0.01145	0.01034	0.01490	0.01743	0.02608	0.01646	0.07836	0.71783	0.01021	0.01685	0.00702	0.00348	0.00569
32	0.01340	0.01148	0.01340	0.00957	0.01531	0.00861	0.00766	0.01627	0.01340	0.02105	0.01148	0.01340	0.00957	0.00479	0.00479	0.00096	0.00479	0.00383	0.00383	0.81242
33	0.08156	0.05796	0.01706	0.01320	0.01755	0.16657	0.01064	0.19731	0.09910	0.21422	0.04828	0.01816	0.01446	0.00769	0.00610	0.00191	0.00706	0.00578	0.00588	0.00953
34	0.33928	0.03462	0.06286	0.01235	0.01730	0.03962	0.03192	0.21558	0.01830	0.15026	0.01394	0.01430	0.00988	0.00683	0.00543	0.00196	0.00642	0.00489	0.00521	0.00906
35	0.35422	0.06963	0.11232	0.01248	0.01771	0.04223	0.01155	0.25951	0.01847	0.03054	0.01164	0.01269	0.00867	0.00662	0.00521	0.00193	0.00669	0.00449	0.00458	0.00883

[dist]
# distance from previous block
# <min> <max>
10	49

[block]
# block no. 3 follows, 34 sequences, length 34
# corresponding to MSA columns:
# 160-193
name=unknown_D
#
# <colnr> <probs for GDERKNQSTAVLIFYWHMCP>
#	G	D	E	R	K	N	Q	S	T	A	V	L	I	F	Y	W	H	M	C	P
0	0.01369	0.01476	0.08466	0.08335	0.19217	0.03134	0.01453	0.01822	0.06992	0.02062	0.15271	0.02219	0.02011	0.00885	0.01007	0.00216	0.18605	0.00680	0.00410	0.04371
1	0.05347	0.01299	0.01987	0.11166	0.21230	0.01339	0.06933	0.06102	0.01577	0.14270	0.07419	0.02097	0.04072	0.00769	0.00761	0.00202	0.06549	0.00657	0.00463	0.05759
2	0.01505	0.01406	0.02197	0.09999	0.22761	0.01607	0.06880	0.04606	0.01365	0.03530	0.04045	0.01681	0.01159	0.00812	0.01164	0.00222	0.27255	0.00598	0.00348	0.06861
3	0.07493	0.01427	0.01939	0.01759	0.05937	0.01914	0.01386	0.04766	0.01120	0.01803	0.00906	0.01404	0.00859	0.01042	0.01837	0.00267	0.62541	0.00551	0.00310	0.00743
4	0.01631	0.09949	0.06371	0.13458	0.20428	0.08430	0.09807	0.01972	0.01391	0.05029	0.01153	0.01515	0.00938	0.00700	0.00891	0.00208	0.14395	0.00554	0.00325	0.00856
5	0.01470	0.15126	0.02232	0.01590	0.01690	0.02083	0.01358	0.01623	0.01048	0.01549	0.00857	0.01346	0.00845	0.01027	0.01814	0.00257	0.62550	0.00526	0.00282	0.00729
6	0.01489	0.01623	0.09018	0.16492	0.49059	0.01547	0.01944	0.01897	0.01393	0.01981	0.01171	0.01586	0.00962	0.00633	0.00749	0.00204	0.06441	0.00566	0.00307	0.00939
7	0.01293	0.06912	0.02109	0.63545	0.10576	0.01529	0.01760	0.01703	0.01310	0.01683	0.01136	0.01660	0.00874	0.00633	0.00628	0.00207	0.00840	0.00557	0.00289	0.00754
8	0.01671	0.47421	0.15609	0.01746	0.13831	0.06494	0.01487	0.02001	0.01379	0.01715	0.01003	0.01196	0.00860	0.00574	0.00497	0.00161	0.00779	0.00411	0.00286	0.00879
9	0.01496	0.00860	0.01209	0.13406	0.01729	0.00838	0.00896	0.01804	0.01737	0.21547	0.40478	0.03634	0.05556	0.01075	0.00713	0.00205	0.00464	0.00934	0.00662	0.00758
10	0.02553	0.08140	0.01686	0.01282	0.05758	0.01104	0.00996	0.02811	0.01776	0.57082	0.08077	0.02272	0.01863	0.00807	0.00637	0.00194	0.00555	0.00660	0.00716	0.01030
11	0.00899	0.00651	0.00847	0.00817	0.00960	0.00600	0.00605	0.01182	0.01765	0.02481	0.64708	0.11498	0.07770	0.01394	0.00768	0.00209	0.00312	0.01235	0.00698	0.00600
12	0.01525	0.02441	0.38844	0.02291	0.15138	0.01519	0.13154	0.02091	0.01420	0.07816	0.01282	0.01538	0.00946	0.00650	0.00758	0.00210	0.06536	0.00561	0.00333	0.00947
13	0.00934	0.00669	0.00958	0.00946	0.01063	0.00723	0.00720	0.01125	0.01224	0.01728	0.18536	0.03195	0.06129	0.03594	0.46293	0.09142	0.01207	0.00823	0.00437	0.00552
14	0.00975	0.00764	0.01112	0.01056	0.04079	0.00709	0.05068	0.01292	0.01781	0.02504	0.62786	0.04558	0.08293	0.01255	0.00757	0.00204	0.00374	0.01127	0.00667	0.00640
15	0.06035	0.02660	0.47096	0.01905	0.02630	0.01594	0.13280	0.01965	0.01317	0.02023	0.01120	0.01415	0.00843	0.00682	0.00860	0.00219	0.12649	0.00530	0.00291	0.00888
16	0.00945	0.00711	0.00953	0.00986	0.05163	0.00659	0.00682	0.01245	0.01786	0.02510	0.64592	0.04726	0.09995	0.01297	0.00755	0.00204	0.00333	0.01146	0.00682	0.00630
17	0.01513	0.01295	0.01377	0.01245	0.01585	0.01477	0.00966	0.03139	0.63082	0.02658	0.09242	0.02770	0.04909	0.00945	0.00671	0.00218	0.00486	0.00794	0.00660	0.00968
18	0.02359	0.01762	0.04830	0.01485	0.01971	0.01871	0.01263	0.54810	0.02657	0.11013	0.01575	0.01598	0.01116	0.00804	0.00781	0.00203	0.07646	0.00583	0.00614	0.01057
19	0.01607	0.01388	0.01461	0.01315	0.01680	0.01607	0.01023	0.03433	0.72094	0.02703	0.02630	0.02411	0.01972	0.00877	0.00657	0.00219	0.00511	0.00731	0.00657	0.01023
20	0.00893	0.00662	0.00838	0.00830	0.00986	0.00607	0.00633	0.01161	0.01694	0.02316	0.49732	0.09841	0.17451	0.01468	0.00780	0.00219	0.00343	0.08281	0.00673	0.00592
21	0.00953	0.00657	0.00925	0.00918	0.01001	0.00712	0.00669	0.01081	0.01107	0.01560	0.11982	0.03097	0.02327	0.17171	0.40971	0.12016	0.01161	0.00788	0.00398	0.00507
22	0.00903	0.00660	0.00848	0.00801	0.00958	0.00605	0.00601	0.01197	0.01802	0.02526	0.67827	0.04933	0.11231	0.01345	0.00762	0.00204	0.00307	0.01183	0.00703	0.00605
23	0.08825	0.42995	0.02660	0.01523	0.10291	0.15814	0.01181	0.02040	0.01413	0.01760	0.00971	0.01149	0.00850	0.00576	0.00476	0.00153	0.00759	0.00389	0.00310	0.05866
24	0.39882	0.01463	0.05671	0.01137	0.01593	0.03914	0.02205	0.12251	0.01582	0.17503	0.01414	0.01489	0.01018	0.00935	0.05172	0.00251	0.00679	0.00484	0.00504	0.00853
25	0.11559	0.13998	0.13571	0.01628	0.05036	0.26197	0.05499	0.05664	0.06019	0.03433	0.01183	0.01333	0.00930	0.00642	0.00562	0.00182	0.00883	0.00467	0.00366	0.00848
26	0.69063	0.01252	0.01133	0.00963	0.01385	0.01397	0.03611	0.02057	0.01207	0.11382	0.01115	0.01216	0.00819	0.00622	0.00445	0.00201	0.00530	0.00403	0.00445	0.00755
27	0.06856	0.03846	0.10682	0.08538	0.02423	0.20062	0.13304	0.06313	0.04487	0.06217	0.01261	0.01490	0.00964	0.00680	0.00729	0.00197	0.06535	0.00538	0.00381	0.04496
28	0.01760	0.01282	0.01614	0.01379	0.05838	0.01244	0.04912	0.14525	0.13833	0.13034	0.06460	0.02380	0.08193	0.00813	0.00633	0.00180	0.00563	0.00686	0.00570	0.20101
29	0.04803	0.05456	0.06666	0.01027	0.01334	0.00898	0.05182	0.01464	0.01612	0.07031	0.34482	0.08351	0.16784	0.01207	0.00711	0.00206	0.00459	0.01047	0.00594	0.00685
30	0.05060	0.01481	0.03427	0.01370	0.01811	0.03113	0.05198	0.08971	0.43686	0.08437	0.02175	0.02074	0.01611	0.00784	0.00633	0.00202	0.00588	0.00653	0.00597	0.08127
31	0.13627	0.01372	0.03558	0.01177	0.01641	0.01354	0.00976	0.16030	0.17082	0.16243	0.06048	0.01941	0.01590	0.00756	0.00592	0.00186	0.00552	0.00592	0.00592	0.14092
32	0.11756	0.07334	0.01569	0.01163	0.01565	0.01432	0.00950	0.23176	0.07611	0.17474	0.10320	0.08971	0.02083	0.00929	0.00630	0.00201	0.00556	0.00745	0.00623	0.00912
33	0.16071	0.07893	0.01550	0.01152	0.01574	0.09923	0.00934	0.08869	0.10416	0.16725	0.05487	0.04055	0.02868	0.00781	0.00574	0.00184	0.00606	0.00595	0.00541	0.09203

[dist]
# distance from previous block
# <min> <max>
31	130

[block]
# block no. 4 follows, 34 sequences, length 39
# corresponding to MSA columns:
# 351-389
name=unknown_E
#
# <colnr> <probs for GDERKNQSTAVLIFYWHMCP>
#	G	D	E	R	K	N	Q	S	T	A	V	L	I	F	Y	W	H	M	C	P
0	0.02379	0.01526	0.01728	0.01325	0.01838	0.01573	0.01089	0.41788	0.05985	0.21080	0.01801	0.01728	0.01249	0.00748	0.00626	0.00184	0.00631	0.00580	0.00651	0.11490
1	0.04454	0.01482	0.01629	0.01291	0.01757	0.04216	0.01046	0.32802	0.07450	0.23241	0.01969	0.06453	0.01471	0.00836	0.00638	0.00193	0.00623	0.00663	0.00649	0.07135
2	0.04469	0.01496	0.01824	0.01502	0.05523	0.01539	0.03511	0.35069	0.05384	0.28321	0.01899	0.01809	0.01292	0.00759	0.00642	0.00196	0.00651	0.00608	0.00661	0.02845
3	0.05361	0.01543	0.01706	0.01351	0.01824	0.01664	0.01102	0.42061	0.13333	0.18322	0.01953	0.03710	0.01404	0.00821	0.00644	0.00201	0.00630	0.00642	0.00670	0.01058
4	0.02267	0.08585	0.02057	0.01438	0.01959	0.01846	0.04523	0.47120	0.06449	0.09855	0.01605	0.01607	0.01154	0.00733	0.00621	0.00186	0.00687	0.00571	0.00595	0.06143
5	0.04487	0.01646	0.01750	0.01376	0.01848	0.04628	0.01120	0.50632	0.02605	0.12732	0.01768	0.06839	0.01359	0.00847	0.00645	0.00195	0.00672	0.00659	0.00636	0.03557
6	0.05510	0.01575	0.01698	0.01361	0.01830	0.01727	0.01105	0.39927	0.22652	0.10239	0.01917	0.01833	0.01377	0.00790	0.00634	0.00199	0.00622	0.00615	0.00645	0.03746
7	0.10982	0.06598	0.01846	0.01362	0.01846	0.04789	0.01126	0.45522	0.09352	0.07891	0.01584	0.01573	0.01144	0.00749	0.00603	0.00193	0.00675	0.00553	0.00594	0.01017
8	0.05508	0.05807	0.01893	0.01385	0.01874	0.01780	0.02873	0.47715	0.05598	0.12184	0.05589	0.01804	0.01439	0.00788	0.00634	0.00194	0.00660	0.00611	0.00631	0.01032
9	0.23289	0.01639	0.01576	0.01259	0.01720	0.06607	0.01023	0.38794	0.02223	0.06393	0.01375	0.01491	0.01027	0.03071	0.00648	0.00201	0.00662	0.00511	0.00543	0.05949
10	0.07905	0.01724	0.01743	0.01370	0.01848	0.06466	0.01119	0.51923	0.02618	0.07629	0.01829	0.01815	0.05565	0.00804	0.00629	0.00192	0.00687	0.00603	0.00609	0.02922
11	0.12401	0.01640	0.03116	0.01344	0.01735	0.13218	0.05368	0.20366	0.07936	0.04622	0.09827	0.06777	0.01873	0.01007	0.03301	0.00227	0.00725	0.00694	0.00526	0.03296
12	0.07212	0.06278	0.01743	0.01306	0.01749	0.01739	0.01071	0.38812	0.16694	0.06201	0.08901	0.02017	0.01757	0.00827	0.00630	0.00197	0.00608	0.00644	0.00622	0.00992
13	0.25874	0.01523	0.01418	0.01216	0.03120	0.10808	0.00950	0.16396	0.04037	0.13435	0.08633	0.01794	0.01541	0.00747	0.00566	0.00188	0.00622	0.00552	0.00538	0.06041
14	0.45370	0.01449	0.01362	0.01116	0.01564	0.01625	0.00919	0.27400	0.03885	0.07882	0.01294	0.01346	0.00940	0.00685	0.00514	0.00198	0.00581	0.00465	0.00523	0.00881
15	0.19833	0.21368	0.01911	0.01110	0.01582	0.01648	0.00963	0.14491	0.01752	0.22141	0.06103	0.01694	0.01399	0.00720	0.00539	0.00183	0.00589	0.00525	0.00541	0.00908
16	0.01122	0.00561	0.00842	0.00842	0.00842	0.00561	0.00561	0.00842	0.00842	0.01122	0.01122	0.01964	0.01122	0.02245	0.02525	0.81201	0.00561	0.00561	0.00281	0.00281
17	0.01735	0.01849	0.10038	0.01926	0.16025	0.12051	0.03240	0.17171	0.09764	0.02578	0.12326	0.02249	0.04558	0.00821	0.00658	0.00197	0.00728	0.00683	0.00494	0.00908
18	0.01220	0.01148	0.01938	0.75739	0.04450	0.01436	0.01794	0.01651	0.01292	0.01651	0.01148	0.01723	0.00861	0.00646	0.00646	0.00215	0.00861	0.00574	0.00287	0.00718
19	0.14739	0.01091	0.01217	0.02746	0.01413	0.01153	0.00846	0.17661	0.04781	0.07018	0.33612	0.03220	0.03427	0.01030	0.00667	0.00205	0.00476	0.03279	0.00634	0.00784
20	0.02540	0.01611	0.01808	0.01393	0.01900	0.01717	0.01149	0.51082	0.05219	0.22043	0.01848	0.01750	0.01260	0.00786	0.00648	0.00196	0.00662	0.00605	0.00686	0.01096
21	0.00971	0.00763	0.01131	0.01103	0.01207	0.00923	0.00867	0.01193	0.01034	0.01505	0.01644	0.02428	0.01540	0.04480	0.67583	0.00964	0.09054	0.00680	0.00340	0.00590
22	0.00933	0.00653	0.00839	0.00839	0.00886	0.00700	0.00560	0.01026	0.00980	0.01353	0.01913	0.03546	0.02053	0.48033	0.32143	0.00793	0.01072	0.00840	0.00373	0.00466
23	0.01573	0.01366	0.01656	0.01408	0.01787	0.01520	0.07927	0.07267	0.52744	0.02713	0.10470	0.02567	0.02291	0.00888	0.00679	0.00216	0.00558	0.00775	0.00630	0.00965
24	0.01340	0.01148	0.01340	0.00957	0.01531	0.00861	0.00766	0.01627	0.01340	0.02105	0.01148	0.01340	0.00957	0.00479	0.00479	0.00096	0.00479	0.00383	0.00383	0.81242
25	0.81856	0.01250	0.00950	0.00850	0.01250	0.01449	0.00700	0.01899	0.01100	0.02899	0.00900	0.01050	0.00700	0.00600	0.00400	0.00200	0.00500	0.00350	0.00400	0.00700
26	0.02403	0.01784	0.01909	0.01476	0.01984	0.01979	0.01215	0.66885	0.07347	0.03987	0.01619	0.01605	0.01153	0.00782	0.00647	0.00195	0.00699	0.00591	0.00647	0.01094
27	0.02273	0.01258	0.01495	0.01238	0.01675	0.01294	0.00993	0.05385	0.35181	0.37900	0.02557	0.02279	0.01761	0.00835	0.00653	0.00209	0.00537	0.00686	0.00728	0.01063
28	0.01997	0.18843	0.02280	0.01455	0.01946	0.03842	0.06465	0.30756	0.20603	0.02921	0.01654	0.01665	0.01251	0.00731	0.00604	0.00189	0.00695	0.00577	0.00533	0.00992
29	0.12822	0.02840	0.01716	0.01558	0.01900	0.65102	0.01177	0.02491	0.01735	0.01754	0.00986	0.01150	0.00815	0.00657	0.00559	0.00171	0.01078	0.00407	0.00342	0.00743
30	0.01125	0.00598	0.00637	0.00659	0.00792	0.00590	0.00482	0.01396	0.01357	0.02295	0.05400	0.14462	0.02268	0.00981	0.00525	0.00171	0.00313	0.00825	0.64535	0.00590
31	0.01442	0.01220	0.01315	0.01193	0.01512	0.01375	0.00923	0.02912	0.55878	0.02645	0.16343	0.03020	0.05439	0.00991	0.00682	0.00216	0.00465	0.00839	0.00666	0.00925
32	0.00940	0.00626	0.00705	0.00705	0.00705	0.00626	0.00392	0.00940	0.00940	0.01253	0.02036	0.04228	0.02349	0.77292	0.03289	0.00626	0.00626	0.00940	0.00392	0.00392
33	0.01025	0.00725	0.00988	0.01113	0.01238	0.00725	0.00938	0.01275	0.01401	0.01826	0.03201	0.06803	0.03501	0.13764	0.01273	0.00350	0.00600	0.58129	0.00563	0.00563
34	0.02414	0.03079	0.01831	0.01665	0.01998	0.74698	0.01248	0.02580	0.01831	0.01581	0.00999	0.01165	0.00832	0.00666	0.00583	0.00166	0.01165	0.00416	0.00333	0.00749
35	0.01629	0.01782	0.01990	0.01710	0.01816	0.18462	0.04238	0.01796	0.01205	0.01580	0.00931	0.01408	0.00876	0.01125	0.04148	0.00279	0.53464	0.00544	0.00298	0.00719
36	0.01456	0.01684	0.06312	0.02502	0.04939	0.01557	0.55300	0.01948	0.01469	0.02012	0.01469	0.05096	0.01240	0.00710	0.00850	0.00227	0.05850	0.04195	0.00346	0.00840
37	0.81856	0.01250	0.00950	0.00850	0.01250	0.01449	0.00700	0.01899	0.01100	0.02899	0.00900	0.01050	0.00700	0.00600	0.00400	0.00200	0.00500	0.00350	0.00400	0.00700
38	0.81856	0.01250	0.00950	0.00850	0.01250	0.01449	0.00700	0.01899	0.01100	0.02899	0.00900	0.01050	0.00700	0.00600	0.00400	0.00200	0.00500	0.00350	0.00400	0.00700

[dist]
# distance from previous block
# <min> <max>
0	1

[block]
# block no. 5 follows, 34 sequences, length 53
# corresponding to MSA columns:
# 391-443
name=unknown_F
#
# <colnr> <probs for GDERKNQSTAVLIFYWHMCP>
#	G	D	E	R	K	N	Q	S	T	A	V	L	I	F	Y	W	H	M	C	P
0	0.02533	0.01304	0.01763	0.01702	0.14159	0.01254	0.01178	0.13759	0.05753	0.46374	0.02163	0.02003	0.01440	0.00761	0.00648	0.00199	0.00611	0.00630	0.00684	0.01082
1	0.77607	0.01241	0.00979	0.00866	0.01271	0.01423	0.00713	0.01967	0.01140	0.06710	0.00988	0.01112	0.00748	0.00611	0.00413	0.00200	0.00503	0.00366	0.00421	0.00721
2	0.02456	0.01810	0.01939	0.01487	0.02004	0.02004	0.01228	0.71107	0.03038	0.04072	0.01551	0.01551	0.01099	0.00776	0.00646	0.00194	0.00711	0.00582	0.00646	0.01099
3	0.81856	0.01250	0.00950	0.00850	0.01250	0.01449	0.00700	0.01899	0.01100	0.02899	0.00900	0.01050	0.00700	0.00600	0.00400	0.00200	0.00500	0.00350	0.00400	0.00700
4	0.01179	0.00950	0.01086	0.01001	0.01243	0.01003	0.00765	0.02080	0.29853	0.02570	0.39663	0.03971	0.09687	0.01168	0.00720	0.00211	0.00389	0.01009	0.00681	0.00770
5	0.01122	0.00561	0.00842	0.00842	0.00842	0.00561	0.00561	0.00842	0.00842	0.01122	0.01122	0.01964	0.01122	0.02245	0.02525	0.81201	0.00561	0.00561	0.00281	0.00281
6	0.02382	0.09524	0.02086	0.01448	0.01969	0.02060	0.01216	0.64074	0.02863	0.03813	0.01485	0.01499	0.01071	0.00753	0.00623	0.00188	0.00709	0.00558	0.00609	0.01071
7	0.04846	0.01534	0.01849	0.01443	0.01931	0.01619	0.05823	0.39735	0.07624	0.19858	0.01927	0.02071	0.01400	0.00822	0.00661	0.00205	0.00671	0.04291	0.00651	0.01038
8	0.01368	0.00670	0.00734	0.00736	0.02643	0.00657	0.00535	0.01666	0.01403	0.08850	0.02125	0.02370	0.01635	0.00753	0.00474	0.00156	0.00335	0.00606	0.71626	0.00658
9	0.00940	0.00626	0.00705	0.00705	0.00705	0.00626	0.00392	0.00940	0.00940	0.01253	0.02036	0.04228	0.02349	0.77292	0.03289	0.00626	0.00626	0.00940	0.00392	0.00392
10	0.81856	0.01250	0.00950	0.00850	0.01250	0.01449	0.00700	0.01899	0.01100	0.02899	0.00900	0.01050	0.00700	0.00600	0.00400	0.00200	0.00500	0.00350	0.00400	0.00700
11	0.02414	0.03079	0.01831	0.01665	0.01998	0.74698	0.01248	0.02580	0.01831	0.01581	0.00999	0.01165	0.00832	0.00666	0.00583	0.00166	0.01165	0.00416	0.00333	0.00749
12	0.02456	0.01810	0.01939	0.01487	0.02004	0.02004	0.01228	0.71107	0.03038	0.04072	0.01551	0.01551	0.01099	0.00776	0.00646	0.00194	0.00711	0.00582	0.00646	0.01099
13	0.00765	0.00648	0.00662	0.00673	0.00878	0.00544	0.00499	0.00925	0.01455	0.01738	0.06325	0.11445	0.67915	0.01665	0.00768	0.00221	0.00331	0.01399	0.00600	0.00544
14	0.02389	0.01745	0.01868	0.01439	0.01937	0.01929	0.01187	0.67391	0.02948	0.03983	0.01581	0.01597	0.01129	0.00774	0.00636	0.00192	0.00689	0.00583	0.04930	0.01072
15	0.00931	0.00661	0.00879	0.00879	0.00939	0.00721	0.00608	0.01051	0.00991	0.01382	0.01877	0.03348	0.01967	0.39565	0.40494	0.00841	0.01201	0.00811	0.00368	0.00488
16	0.02597	0.01011	0.01340	0.01052	0.01490	0.00888	0.00861	0.02856	0.01761	0.61021	0.02471	0.02237	0.01610	0.00791	0.00615	0.00191	0.00506	0.00641	0.15050	0.01011
17	0.08166	0.09856	0.01814	0.01251	0.01744	0.06031	0.01047	0.22167	0.02074	0.36570	0.01872	0.01743	0.01262	0.00743	0.00601	0.00189	0.00646	0.00561	0.00642	0.01020
18	0.02387	0.01872	0.12422	0.01461	0.02039	0.01688	0.01335	0.45362	0.02519	0.19753	0.01723	0.01672	0.01172	0.00757	0.00642	0.00197	0.00710	0.00582	0.00627	0.01078
19	0.01790	0.70890	0.03244	0.01156	0.01689	0.09124	0.01119	0.01994	0.01360	0.01526	0.00907	0.01048	0.00829	0.00563	0.00430	0.00141	0.00734	0.00352	0.00282	0.00822
20	0.81856	0.01250	0.00950	0.00850	0.01250	0.01449	0.00700	0.01899	0.01100	0.02899	0.00900	0.01050	0.00700	0.00600	0.00400	0.00200	0.00500	0.00350	0.00400	0.00700
21	0.01042	0.00849	0.01171	0.06598	0.10490	0.00841	0.00882	0.01439	0.06556	0.02284	0.39470	0.10002	0.13372	0.01244	0.00736	0.00210	0.00427	0.01099	0.00604	0.00684
22	0.02271	0.08658	0.02004	0.01428	0.01927	0.01999	0.01188	0.55350	0.12534	0.03648	0.01643	0.01625	0.01196	0.00769	0.00627	0.00192	0.00681	0.00581	0.00614	0.01064
23	0.64855	0.01157	0.00957	0.00847	0.01225	0.01301	0.00692	0.01965	0.01199	0.09274	0.01197	0.01320	0.00898	0.00637	0.00429	0.00194	0.00480	0.00408	0.10241	0.00724
24	0.02830	0.01105	0.01483	0.01142	0.01631	0.00971	0.00942	0.05180	0.01870	0.69221	0.02504	0.02186	0.01586	0.00797	0.00643	0.00198	0.00547	0.00646	0.03435	0.01083
25	0.19489	0.01507	0.01640	0.01361	0.04394	0.01617	0.01074	0.36515	0.04009	0.19643	0.01655	0.01615	0.01147	0.00739	0.00594	0.00197	0.00626	0.00551	0.00617	0.01009
26	0.02428	0.01845	0.01956	0.01569	0.04204	0.04497	0.01252	0.66609	0.02948	0.03926	0.01522	0.01539	0.01087	0.00766	0.00644	0.00193	0.00728	0.00576	0.00625	0.01084
27	0.02308	0.01187	0.01487	0.01115	0.01643	0.01023	0.00913	0.09331	0.01788	0.41687	0.01959	0.01833	0.01324	0.00685	0.00589	0.00163	0.00541	0.00549	0.00638	0.29238
28	0.01425	0.01445	0.04191	0.01826	0.02282	0.01428	0.30435	0.02366	0.26650	0.02273	0.07922	0.02490	0.04173	0.03384	0.04478	0.00270	0.00807	0.00799	0.00487	0.00866
29	0.02322	0.01100	0.01420	0.01088	0.01570	0.00945	0.00887	0.05860	0.01789	0.46906	0.09362	0.02242	0.01889	0.00779	0.00622	0.00176	0.00516	0.00639	0.00689	0.19201
30	0.00787	0.00562	0.00750	0.00900	0.00937	0.00525	0.00600	0.00900	0.01237	0.01649	0.03561	0.76871	0.04274	0.02024	0.00825	0.00262	0.00375	0.01837	0.00600	0.00525
31	0.41449	0.33015	0.02038	0.01030	0.01487	0.08620	0.00918	0.01976	0.01255	0.02208	0.00908	0.01055	0.00765	0.00586	0.00423	0.00171	0.00640	0.00354	0.00343	0.00758
32	0.01662	0.61582	0.10281	0.01366	0.01970	0.02346	0.09400	0.01961	0.01343	0.01636	0.00971	0.01151	0.00846	0.00558	0.00475	0.00154	0.00763	0.00407	0.00282	0.00846
33	0.00907	0.00660	0.00853	0.00805	0.00961	0.00606	0.00604	0.01205	0.01811	0.02549	0.69620	0.04896	0.09423	0.01337	0.00762	0.00204	0.00306	0.01178	0.00706	0.00606
34	0.01569	0.01355	0.01424	0.01285	0.01644	0.01559	0.00999	0.03320	0.68894	0.02660	0.02807	0.02583	0.05191	0.00911	0.00662	0.00219	0.00503	0.00759	0.00655	0.01001
35	0.00832	0.00614	0.00741	0.00791	0.00888	0.00563	0.00540	0.00975	0.01359	0.01789	0.17451	0.33574	0.21060	0.14367	0.01209	0.00301	0.00392	0.01442	0.00587	0.00524
36	0.05471	0.01355	0.02058	0.02586	0.37976	0.01313	0.03037	0.02279	0.06743	0.17879	0.01653	0.03672	0.01281	0.00674	0.00623	0.00188	0.00656	0.00609	0.00468	0.09477
37	0.02456	0.01810	0.01939	0.01487	0.02004	0.02004	0.01228	0.71107	0.03038	0.04072	0.01551	0.01551	0.01099	0.00776	0.00646	0.00194	0.00711	0.00582	0.00646	0.01099
38	0.38163	0.17453	0.01750	0.01183	0.01591	0.26908	0.00971	0.02141	0.01395	0.02164	0.00934	0.01087	0.00772	0.00613	0.00466	0.00176	0.00768	0.00372	0.00352	0.00743
39	0.01616	0.02159	0.18478	0.02637	0.27009	0.12831	0.14068	0.03781	0.01520	0.02011	0.01232	0.01573	0.00986	0.00914	0.06128	0.00258	0.00998	0.00571	0.00323	0.00908
40	0.01296	0.03342	0.73944	0.01842	0.02797	0.01501	0.02387	0.02046	0.01364	0.02046	0.01160	0.01364	0.00818	0.00614	0.00614	0.00205	0.00955	0.00477	0.00273	0.00955
41	0.00913	0.00649	0.00815	0.00817	0.00883	0.00670	0.00550	0.01023	0.01090	0.01482	0.07615	0.06616	0.08294	0.40704	0.24447	0.00673	0.00903	0.00950	0.00426	0.00481
42	0.01000	0.00727	0.00983	0.01100	0.01257	0.00711	0.00946	0.01282	0.01511	0.01961	0.08923	0.06983	0.11885	0.01733	0.00868	0.00281	0.00543	0.56110	0.00604	0.00590
43	0.00784	0.00661	0.00683	0.00694	0.00907	0.00560	0.00532	0.00958	0.01474	0.01759	0.06314	0.06297	0.67874	0.01647	0.00773	0.00224	0.00347	0.06361	0.00600	0.00549
44	0.00944	0.00632	0.00720	0.00727	0.00733	0.00632	0.00421	0.00958	0.00964	0.01284	0.02099	0.04367	0.02411	0.73871	0.03180	0.00612	0.00625	0.04020	0.00401	0.00401
45	0.02456	0.01810	0.01939	0.01487	0.02004	0.02004	0.01228	0.71107	0.03038	0.04072	0.01551	0.01551	0.01099	0.00776	0.00646	0.00194	0.00711	0.00582	0.00646	0.01099
46	0.69400	0.05368	0.01150	0.00904	0.01323	0.01488	0.00755	0.04001	0.01223	0.08097	0.01041	0.01149	0.00785	0.00617	0.00426	0.00196	0.00520	0.00379	0.00430	0.00748
47	0.01830	0.15553	0.11604	0.01393	0.01911	0.01615	0.06442	0.14834	0.12596	0.12758	0.11101	0.02104	0.01869	0.00787	0.00626	0.00193	0.00661	0.00648	0.00538	0.00937
48	0.01736	0.07747	0.26301	0.02111	0.13150	0.01743	0.11075	0.21267	0.04166	0.02605	0.01326	0.01513	0.00987	0.00648	0.00634	0.00197	0.00843	0.00558	0.00404	0.00987
49	0.01204	0.00602	0.00602	0.00602	0.00753	0.00602	0.00452	0.01506	0.01355	0.02409	0.02108	0.02409	0.01656	0.00753	0.00452	0.00151	0.00301	0.00602	0.80879	0.00602
50	0.10118	0.14683	0.02129	0.01527	0.06529	0.04380	0.01205	0.45754	0.02411	0.03313	0.01336	0.01405	0.01000	0.00704	0.00580	0.00184	0.00705	0.00513	0.00528	0.00997
51	0.44349	0.29583	0.01928	0.00990	0.01457	0.01861	0.00888	0.05288	0.01310	0.06053	0.01014	0.01127	0.00813	0.00601	0.00430	0.00177	0.00583	0.00375	0.00386	0.00787
52	0.01989	0.16959	0.02320	0.01796	0.09866	0.25188	0.06408	0.11773	0.11102	0.02168	0.01321	0.01453	0.01055	0.00662	0.00585	0.00176	0.00853	0.00509	0.00407	0.03411

[dist]
# distance from previous block
# <min> <max>
0	4

[block]
# block no. 6 follows, 34 sequences, length 33
# corresponding to MSA columns:
# 448-480
name=unknown_G
#
# <colnr> <probs for GDERKNQSTAVLIFYWHMCP>
#	G	D	E	R	K	N	Q	S	T	A	V	L	I	F	Y	W	H	M	C	P
0	0.04441	0.48192	0.12361	0.01281	0.01874	0.02255	0.01290	0.17556	0.01702	0.02211	0.01080	0.01197	0.00884	0.00613	0.00493	0.00162	0.00724	0.00416	0.00363	0.00903
1	0.01204	0.00602	0.00602	0.00602	0.00753	0.00602	0.00452	0.01506	0.01355	0.02409	0.02108	0.02409	0.01656	0.00753	0.00452	0.00151	0.00301	0.00602	0.80879	0.00602
2	0.81856	0.01250	0.00950	0.00850	0.01250	0.01449	0.00700	0.01899	0.01100	0.02899	0.00900	0.01050	0.00700	0.00600	0.00400	0.00200	0.00500	0.00350	0.00400	0.00700
3	0.00953	0.00714	0.01016	0.01007	0.01126	0.00812	0.00769	0.01238	0.04095	0.01612	0.07082	0.02839	0.02022	0.10242	0.60358	0.00909	0.01484	0.00749	0.00390	0.00583
4	0.01047	0.00832	0.01188	0.01137	0.01259	0.01005	0.00897	0.03258	0.03569	0.01621	0.01655	0.02376	0.01524	0.04162	0.61646	0.00898	0.10270	0.00676	0.00358	0.00622
5	0.01220	0.01148	0.01938	0.75739	0.04450	0.01436	0.01794	0.01651	0.01292	0.01651	0.01148	0.01723	0.00861	0.00646	0.00646	0.00215	0.00861	0.00574	0.00287	0.00718
6	0.01653	0.26614	0.34559	0.01687	0.06573	0.07009	0.01754	0.09380	0.01565	0.02066	0.01110	0.01281	0.00865	0.00613	0.00554	0.00179	0.00849	0.00448	0.00321	0.00920
7	0.46615	0.11361	0.01607	0.01346	0.07948	0.18083	0.00990	0.02065	0.01325	0.02357	0.00950	0.01123	0.00775	0.00607	0.00464	0.00184	0.00698	0.00385	0.00362	0.00756
8	0.00764	0.00655	0.00655	0.00655	0.00873	0.00545	0.00491	0.00927	0.01473	0.01745	0.06546	0.06218	0.73000	0.01636	0.00764	0.00218	0.00327	0.01364	0.00600	0.00545
9	0.01340	0.01148	0.01340	0.00957	0.01531	0.00861	0.00766	0.01627	0.01340	0.02105	0.01148	0.01340	0.00957	0.00479	0.00479	0.00096	0.00479	0.00383	0.00383	0.81242
10	0.02899	0.01100	0.01499	0.01150	0.01649	0.00950	0.00950	0.03149	0.01849	0.73709	0.02549	0.02199	0.01599	0.00800	0.00650	0.00200	0.00550	0.00650	0.00800	0.01100
11	0.00972	0.00762	0.01120	0.01092	0.01191	0.00918	0.00853	0.01186	0.01030	0.01496	0.01654	0.02488	0.01566	0.07124	0.64897	0.00948	0.09090	0.00689	0.00341	0.00583
12	0.01416	0.01411	0.02008	0.04125	0.05119	0.01941	0.01452	0.01578	0.01021	0.01584	0.00875	0.01432	0.00857	0.01090	0.02005	0.00276	0.70236	0.00566	0.00285	0.00722
13	0.81856	0.01250	0.00950	0.00850	0.01250	0.01449	0.00700	0.01899	0.01100	0.02899	0.00900	0.01050	0.00700	0.00600	0.00400	0.00200	0.00500	0.00350	0.00400	0.00700
14	0.00940	0.00626	0.00705	0.00705	0.00705	0.00626	0.00392	0.00940	0.00940	0.01253	0.02036	0.04228	0.02349	0.77292	0.03289	0.00626	0.00626	0.00940	0.00392	0.00392
15	0.74120	0.01276	0.01029	0.00899	0.01309	0.01462	0.00740	0.05981	0.01242	0.05757	0.01003	0.01124	0.00758	0.00618	0.00424	0.00200	0.00514	0.00375	0.00430	0.00739
16	0.81856	0.01250	0.00950	0.00850	0.01250	0.01449	0.00700	0.01899	0.01100	0.02899	0.00900	0.01050	0.00700	0.00600	0.00400	0.00200	0.00500	0.00350	0.00400	0.00700
17	0.04096	0.27097	0.06731	0.01596	0.10313	0.08996	0.01268	0.10556	0.01718	0.19620	0.01443	0.01482	0.01069	0.00658	0.00555	0.00175	0.00726	0.00491	0.00462	0.00947
18	0.01652	0.27836	0.02215	0.04737	0.01800	0.06295	0.03120	0.07832	0.21436	0.02077	0.01722	0.01922	0.03329	0.05268	0.03479	0.00241	0.03167	0.00583	0.00438	0.00851
19	0.01599	0.01535	0.02623	0.03966	0.73262	0.01535	0.01983	0.01983	0.01471	0.02111	0.01215	0.01599	0.01023	0.00576	0.00640	0.00192	0.00768	0.00576	0.00320	0.01023
20	0.00850	0.00682	0.00775	0.00821	0.01018	0.00607	0.00662	0.01055	0.01477	0.01804	0.05572	0.06552	0.51421	0.01683	0.00804	0.00243	0.00411	0.22403	0.00598	0.00561
21	0.00931	0.00623	0.00707	0.00716	0.00718	0.00621	0.00403	0.00937	0.00957	0.01276	0.02123	0.08383	0.02459	0.72988	0.03148	0.00606	0.00612	0.00991	0.00403	0.00399
22	0.00922	0.00667	0.00882	0.00845	0.00995	0.00627	0.00644	0.01223	0.01773	0.02503	0.65627	0.04861	0.05752	0.01512	0.04218	0.00248	0.00388	0.05020	0.00688	0.00607
