[name]
unknown

[dist]
# distance from previous block
# <min> <max>
0	10

[block]
# block no. 0 follows, 32 sequences, length 42
# corresponding to MSA columns:
# 10-51
name=unknown_A
#
# <colnr> <probs for GDERKNQSTAVLIFYWHMCP>
#	G	D	E	R	K	N	Q	S	T	A	V	L	I	F	Y	W	H	M	C	P
0	0.08907	0.16301	0.04364	0.04763	0.04449	0.08240	0.01155	0.06077	0.12761	0.10621	0.01896	0.07874	0.01634	0.00893	0.00622	0.00204	0.00681	0.04866	0.00506	0.03187
1	0.01756	0.04295	0.01952	0.05942	0.14626	0.05103	0.04449	0.14637	0.11265	0.06107	0.11604	0.02559	0.04372	0.00898	0.00747	0.00210	0.03449	0.02790	0.00539	0.02699
2	0.00938	0.00701	0.00831	0.00834	0.00959	0.00667	0.00575	0.01143	0.03824	0.01812	0.14152	0.18704	0.18727	0.23235	0.06822	0.00412	0.00552	0.01247	0.00554	0.03312
3	0.01713	0.04551	0.02749	0.06226	0.57433	0.04660	0.06277	0.04413	0.01590	0.02196	0.01256	0.01632	0.01041	0.00608	0.00661	0.00199	0.00834	0.00594	0.00342	0.01025
4	0.04682	0.01625	0.02619	0.08851	0.54424	0.03466	0.06089	0.06127	0.01610	0.02293	0.01266	0.01643	0.01035	0.00617	0.00662	0.00202	0.00821	0.00597	0.00354	0.01015
5	0.04613	0.05054	0.02149	0.01733	0.02120	0.38547	0.10399	0.07248	0.01804	0.06966	0.01479	0.01655	0.04248	0.00781	0.00795	0.00199	0.08401	0.00566	0.00410	0.00834
6	0.01796	0.64170	0.07643	0.04056	0.01931	0.07577	0.01268	0.02053	0.01404	0.01622	0.00967	0.01134	0.00862	0.00590	0.00465	0.00153	0.00776	0.00382	0.00291	0.00859
7	0.00950	0.00717	0.00893	0.01001	0.01093	0.00720	0.00691	0.01343	0.12125	0.01883	0.03548	0.64559	0.04066	0.01917	0.00829	0.00266	0.00411	0.01729	0.00632	0.00625
8	0.00959	0.00719	0.01078	0.01078	0.01198	0.00839	0.00839	0.01198	0.01078	0.01558	0.01797	0.02636	0.01677	0.05032	0.73760	0.01078	0.01797	0.00719	0.00359	0.00599
9	0.00894	0.00684	0.00820	0.00786	0.00968	0.00609	0.00589	0.01159	0.01768	0.02379	0.48764	0.05525	0.29641	0.01488	0.00792	0.00217	0.00325	0.01285	0.00698	0.00609
10	0.00963	0.00702	0.00993	0.00993	0.01084	0.00793	0.00733	0.01144	0.01053	0.01495	0.01875	0.03066	0.01864	0.22515	0.56532	0.00974	0.01516	0.00782	0.00371	0.00552
11	0.04427	0.53444	0.14492	0.01465	0.02113	0.02325	0.09718	0.02043	0.01391	0.01784	0.01028	0.01220	0.00874	0.00585	0.00507	0.00167	0.00805	0.00433	0.00297	0.00883
12	0.00818	0.00584	0.00779	0.00934	0.00973	0.00545	0.00623	0.00934	0.01285	0.01713	0.03698	0.75981	0.04438	0.02102	0.00856	0.00273	0.00389	0.01908	0.00623	0.00545
13	0.02193	0.04526	0.01911	0.04180	0.02030	0.04702	0.03293	0.38065	0.06323	0.09536	0.01774	0.06240	0.01389	0.00832	0.00655	0.00194	0.00699	0.00664	0.00599	0.10195
14	0.04537	0.14539	0.19898	0.01798	0.06934	0.04954	0.12003	0.04136	0.01546	0.08498	0.01310	0.01495	0.00994	0.00614	0.00600	0.00181	0.00820	0.00521	0.00383	0.14240
15	0.01663	0.21104	0.16672	0.04295	0.06952	0.01706	0.08110	0.04209	0.06079	0.06937	0.01446	0.04005	0.01168	0.00677	0.00596	0.00182	0.00760	0.00566	0.00397	0.12475
16	0.00851	0.00661	0.00774	0.00790	0.00953	0.00584	0.00575	0.01059	0.01601	0.02086	0.27977	0.20914	0.35420	0.01676	0.00806	0.00231	0.00343	0.01454	0.00662	0.00584
17	0.00837	0.00612	0.00823	0.03526	0.01101	0.00582	0.00663	0.00974	0.01316	0.01750	0.06071	0.68605	0.06619	0.02013	0.00846	0.00267	0.00403	0.01821	0.00615	0.00556
18	0.02059	0.25414	0.05023	0.03935	0.05825	0.20171	0.05408	0.15391	0.06633	0.02279	0.01273	0.01419	0.01018	0.00677	0.00586	0.00181	0.00876	0.00502	0.00409	0.00922
19	0.02551	0.01879	0.02014	0.01544	0.02081	0.02081	0.01275	0.69996	0.03155	0.04229	0.01611	0.01611	0.01141	0.00805	0.00671	0.00201	0.00738	0.00604	0.00671	0.01141
20	0.00818	0.00584	0.00779	0.00934	0.00973	0.00545	0.00623	0.00934	0.01285	0.01713	0.03698	0.75981	0.04438	0.02102	0.00856	0.00273	0.00389	0.01908	0.00623	0.00545
21	0.04571	0.06476	0.24247	0.09187	0.12736	0.07064	0.15261	0.02121	0.01476	0.04478	0.01235	0.01550	0.00944	0.00658	0.00744	0.00212	0.05216	0.00572	0.00332	0.00919
22	0.00836	0.00598	0.00795	0.00922	0.00977	0.00557	0.00624	0.00981	0.01371	0.01849	0.13222	0.66068	0.04702	0.02000	0.00847	0.00264	0.00379	0.01811	0.00639	0.00557
23	0.00990	0.00741	0.00949	0.01038	0.01195	0.00717	0.00838	0.01310	0.04744	0.02023	0.11304	0.19927	0.16996	0.01778	0.00863	0.00272	0.00486	0.32577	0.00635	0.00616
24	0.07115	0.01286	0.01468	0.01240	0.01572	0.03718	0.03126	0.21982	0.06144	0.05530	0.16995	0.02868	0.07099	0.01697	0.13168	0.00358	0.02401	0.00803	0.00589	0.00841
25	0.00975	0.00655	0.00752	0.00752	0.00760	0.00662	0.00432	0.00989	0.00982	0.01316	0.02095	0.04286	0.02394	0.72168	0.07604	0.00676	0.00719	0.00960	0.00404	0.00418
26	0.01850	0.71018	0.03389	0.01194	0.01750	0.08258	0.01160	0.02062	0.01406	0.01584	0.00941	0.01087	0.00861	0.00583	0.00444	0.00146	0.00756	0.00365	0.00292	0.00855
27	0.07454	0.11924	0.09754	0.01485	0.02025	0.04413	0.03720	0.32945	0.02198	0.06697	0.01435	0.01564	0.01078	0.00991	0.05054	0.00249	0.03087	0.00549	0.00509	0.02870
28	0.04643	0.06313	0.04324	0.01456	0.04013	0.15480	0.01151	0.12557	0.13725	0.04099	0.01963	0.10170	0.01760	0.01232	0.05095	0.00265	0.03399	0.04343	0.03152	0.00860
29	0.00958	0.00657	0.00882	0.03258	0.01123	0.00624	0.00680	0.01141	0.01459	0.04486	0.20913	0.47750	0.04602	0.05257	0.00948	0.00271	0.00411	0.03351	0.00639	0.00591
30	0.02043	0.02164	0.04637	0.19525	0.05967	0.29098	0.04022	0.11291	0.04024	0.05984	0.01414	0.01791	0.01115	0.00748	0.00659	0.00202	0.00963	0.03063	0.00421	0.00867
31	0.01327	0.03224	0.65647	0.01873	0.02797	0.01501	0.04727	0.02068	0.01455	0.02164	0.05981	0.01673	0.01226	0.00685	0.00653	0.00213	0.00951	0.00555	0.00316	0.00964
32	0.01103	0.00706	0.00892	0.00837	0.01020	0.00647	0.00630	0.01395	0.01792	0.07361	0.51636	0.07965	0.10669	0.01334	0.00753	0.00209	0.00339	0.01164	0.08890	0.00658
33	0.01678	0.13635	0.26145	0.04529	0.06496	0.01671	0.08390	0.06627	0.08028	0.08107	0.01701	0.01826	0.04048	0.00711	0.00635	0.00200	0.00810	0.00595	0.00419	0.03748
34	0.01530	0.05743	0.01467	0.01317	0.08584	0.03235	0.00922	0.04332	0.03671	0.12025	0.14713	0.08412	0.14943	0.01067	0.00679	0.00191	0.00516	0.00903	0.00576	0.15173
35	0.04294	0.17518	0.06671	0.01540	0.09090	0.09415	0.03164	0.05593	0.01616	0.04139	0.09995	0.02099	0.04110	0.03554	0.00696	0.00189	0.00698	0.00605	0.00430	0.14583
36	0.01795	0.09247	0.06262	0.04709	0.16046	0.07294	0.03964	0.04627	0.15490	0.09036	0.04186	0.04175	0.01540	0.00804	0.00743	0.00206	0.05269	0.00657	0.00477	0.03473
37	0.06960	0.04330	0.04098	0.06332	0.07598	0.04828	0.07682	0.12608	0.10147	0.04905	0.08439	0.04786	0.01780	0.00817	0.00688	0.00200	0.02452	0.00689	0.00502	0.10161
38	0.04064	0.06470	0.17443	0.01522	0.04893	0.04177	0.03619	0.15435	0.06223	0.02538	0.04465	0.08194	0.06306	0.00884	0.00649	0.00197	0.00704	0.00726	0.00478	0.11012
39	0.01620	0.05711	0.17529	0.03877	0.04516	0.11024	0.03477	0.06248	0.01600	0.06274	0.03870	0.06863	0.08432	0.01015	0.02509	0.00226	0.06719	0.00719	0.00433	0.07339
40	0.01714	0.10783	0.17208	0.01489	0.02013	0.08280	0.05543	0.09131	0.10335	0.07118	0.03872	0.11129	0.01752	0.02836	0.00729	0.00216	0.00754	0.00754	0.00483	0.03860
41	0.04629	0.10320	0.08537	0.01462	0.06542	0.07695	0.03717	0.06792	0.05823	0.09062	0.08879	0.05418	0.11416	0.00936	0.00654	0.00197	0.00661	0.00769	0.00513	0.05978

[dist]
# distance from previous block
# <min> <max>
1	19

[block]
# block no. 1 follows, 32 sequences, length 20
# corresponding to MSA columns:
# 71-90
name=unknown_B
#
# <colnr> <probs for GDERKNQSTAVLIFYWHMCP>
#	G	D	E	R	K	N	Q	S	T	A	V	L	I	F	Y	W	H	M	C	P
0	0.07417	0.06857	0.04748	0.03537	0.12071	0.01329	0.03110	0.09130	0.05853	0.11618	0.09251	0.11616	0.06768	0.01007	0.00676	0.00210	0.00604	0.00859	0.00551	0.02786
1	0.01758	0.01549	0.02119	0.12593	0.25131	0.08085	0.05289	0.08007	0.01693	0.07911	0.03711	0.01963	0.03690	0.00870	0.03426	0.00226	0.00817	0.00628	0.00430	0.10106
2	0.01770	0.05919	0.11672	0.02208	0.19789	0.14633	0.06328	0.06801	0.04367	0.04652	0.03744	0.03850	0.04745	0.02930	0.00736	0.00210	0.00834	0.00659	0.00418	0.03735
3	0.04451	0.07060	0.06592	0.06845	0.22801	0.08294	0.04229	0.07004	0.04996	0.02238	0.04086	0.02251	0.09698	0.00791	0.00647	0.00195	0.00747	0.00670	0.00421	0.05982
4	0.18035	0.10809	0.08414	0.01583	0.07398	0.04083	0.07476	0.11406	0.04094	0.05093	0.07510	0.01934	0.03947	0.00751	0.00601	0.00195	0.00695	0.00604	0.00465	0.04906
5	0.01468	0.01374	0.04174	0.01667	0.11294	0.04010	0.05454	0.09610	0.11940	0.02540	0.20084	0.03201	0.11545	0.01025	0.00776	0.00210	0.03628	0.00875	0.00562	0.04562
6	0.08631	0.01745	0.07038	0.01681	0.09758	0.04111	0.01285	0.30724	0.06646	0.05192	0.04247	0.04544	0.01445	0.00796	0.00638	0.00196	0.00689	0.00632	0.00549	0.09454
7	0.08125	0.14585	0.02011	0.05030	0.04585	0.22184	0.01192	0.10763	0.15706	0.02378	0.05918	0.01772	0.01479	0.00763	0.00602	0.00191	0.00793	0.00564	0.00471	0.00889
8	0.01709	0.01335	0.01591	0.01461	0.06291	0.03918	0.03207	0.24475	0.04740	0.05296	0.14260	0.10314	0.06276	0.05603	0.03197	0.00269	0.03684	0.00918	0.00596	0.00857
9	0.06239	0.00959	0.01303	0.01395	0.08546	0.00941	0.03491	0.05222	0.01458	0.02097	0.06086	0.24732	0.02878	0.08909	0.04534	0.00316	0.00621	0.10971	0.00521	0.08781
10	0.08008	0.01468	0.01973	0.22966	0.13846	0.03318	0.01521	0.11897	0.06936	0.02313	0.01326	0.01744	0.01076	0.03087	0.01032	0.00241	0.15382	0.00598	0.00401	0.00865
11	0.01251	0.00625	0.00625	0.00625	0.00782	0.00625	0.00469	0.01563	0.01407	0.02502	0.02189	0.02502	0.01720	0.00782	0.00469	0.00156	0.00313	0.00625	0.80144	0.00625
12	0.10095	0.01951	0.01731	0.04658	0.04775	0.21364	0.01208	0.14511	0.21233	0.04960	0.01683	0.01751	0.01286	0.00891	0.02531	0.00228	0.03116	0.00580	0.00516	0.00932
13	0.01849	0.01252	0.01484	0.01343	0.05226	0.01301	0.01002	0.19620	0.15425	0.14183	0.19186	0.06025	0.07049	0.01061	0.00717	0.00214	0.00536	0.00893	0.00693	0.00941
14	0.01251	0.00625	0.00625	0.00625	0.00782	0.00625	0.00469	0.01563	0.01407	0.02502	0.02189	0.02502	0.01720	0.00782	0.00469	0.00156	0.00313	0.00625	0.80144	0.00625
15	0.17122	0.15659	0.12550	0.04672	0.04400	0.10241	0.11932	0.05670	0.01528	0.05037	0.01172	0.01398	0.00913	0.00661	0.00658	0.00200	0.04438	0.00508	0.00370	0.00872
16	0.01056	0.03785	0.00977	0.00890	0.01095	0.00766	0.00673	0.01373	0.06545	0.05685	0.15989	0.23238	0.29425	0.01607	0.00786	0.00235	0.00401	0.04179	0.00644	0.00652
17	0.05107	0.21146	0.30176	0.01759	0.04794	0.07425	0.06776	0.11298	0.01680	0.02278	0.01181	0.01366	0.00908	0.00641	0.00591	0.00191	0.00890	0.00491	0.00353	0.00948
18	0.01212	0.00853	0.01015	0.01041	0.04441	0.00859	0.00662	0.07659	0.04168	0.04226	0.05381	0.14302	0.08718	0.40106	0.02129	0.00447	0.00581	0.01085	0.00516	0.00600
19	0.07653	0.13432	0.16996	0.01639	0.07657	0.03434	0.05225	0.07354	0.06757	0.05457	0.03970	0.01973	0.01397	0.09175	0.00952	0.00248	0.02361	0.00603	0.00421	0.03296

[dist]
# distance from previous block
# <min> <max>
1	5

[block]
# block no. 2 follows, 32 sequences, length 36
# corresponding to MSA columns:
# 96-131
name=unknown_C
#
# <colnr> <probs for GDERKNQSTAVLIFYWHMCP>
#	G	D	E	R	K	N	Q	S	T	A	V	L	I	F	Y	W	H	M	C	P
0	0.01584	0.18416	0.07552	0.01540	0.05891	0.07075	0.07846	0.10322	0.04130	0.02202	0.07112	0.10810	0.09139	0.02602	0.00723	0.00211	0.00711	0.00835	0.00468	0.00830
1	0.07932	0.01693	0.05996	0.10461	0.07165	0.08027	0.25549	0.04307	0.01567	0.02188	0.06707	0.05256	0.01536	0.00876	0.02766	0.00238	0.02896	0.00729	0.00394	0.03717
2	0.01391	0.01319	0.02236	0.52547	0.25912	0.01523	0.01925	0.01823	0.01400	0.01865	0.01214	0.01749	0.00947	0.00648	0.00669	0.00216	0.00864	0.00597	0.00309	0.00845
3	0.01886	0.11130	0.23858	0.01594	0.04669	0.01520	0.03933	0.09403	0.05157	0.18391	0.01848	0.07684	0.01458	0.00977	0.03299	0.00239	0.00792	0.00680	0.00503	0.00979
4	0.01468	0.01468	0.02055	0.01762	0.01762	0.02055	0.01468	0.01615	0.01028	0.01615	0.00881	0.01468	0.00881	0.01174	0.02202	0.00294	0.75191	0.00587	0.00294	0.00734
5	0.00981	0.00734	0.01063	0.05529	0.01310	0.00839	0.00811	0.01183	0.01073	0.01513	0.01827	0.02953	0.01789	0.19761	0.54498	0.00936	0.01501	0.00765	0.00366	0.00568
6	0.01573	0.01630	0.03149	0.13486	0.33529	0.01623	0.30830	0.02049	0.01525	0.02107	0.01293	0.01742	0.01020	0.00594	0.00719	0.00214	0.00953	0.00680	0.00330	0.00951
7	0.04785	0.01808	0.04876	0.01441	0.01885	0.10591	0.01179	0.16067	0.39075	0.07767	0.02169	0.02059	0.01601	0.00835	0.00659	0.00213	0.00678	0.00657	0.00622	0.01033
8	0.01775	0.56681	0.14424	0.01317	0.01940	0.05736	0.01369	0.04251	0.03883	0.01795	0.01065	0.01204	0.00910	0.00609	0.00488	0.00161	0.00778	0.00406	0.00315	0.00894
9	0.00931	0.00645	0.00811	0.00851	0.00894	0.00652	0.00554	0.01002	0.01096	0.01473	0.02645	0.22527	0.06001	0.37671	0.15647	0.03708	0.00779	0.01174	0.00459	0.00481
10	0.01468	0.01468	0.02055	0.01762	0.01762	0.02055	0.01468	0.01615	0.01028	0.01615	0.00881	0.01468	0.00881	0.01174	0.02202	0.00294	0.75191	0.00587	0.00294	0.00734
11	0.01275	0.01127	0.01524	0.18504	0.11969	0.01229	0.01209	0.02019	0.20732	0.02139	0.05607	0.11278	0.16408	0.01122	0.00723	0.00227	0.00589	0.00977	0.00528	0.00814
12	0.01076	0.00731	0.00946	0.00943	0.01026	0.00769	0.00677	0.01224	0.01220	0.04223	0.08846	0.09239	0.02826	0.32675	0.16497	0.00580	0.04282	0.08379	0.03293	0.00549
13	0.02506	0.03198	0.01901	0.01729	0.02074	0.73725	0.01296	0.02679	0.01901	0.01642	0.01037	0.01210	0.00864	0.00691	0.00605	0.00173	0.01210	0.00432	0.00346	0.00778
14	0.00843	0.00640	0.00776	0.00831	0.00959	0.00574	0.00589	0.01026	0.01516	0.01988	0.21654	0.36138	0.26454	0.01792	0.00820	0.00243	0.00355	0.01578	0.00652	0.00574
15	0.01606	0.01538	0.02625	0.13952	0.62828	0.01580	0.02032	0.02011	0.01502	0.02126	0.01252	0.01679	0.01039	0.00608	0.00665	0.00203	0.00811	0.00598	0.00327	0.01019
16	0.01287	0.01213	0.02048	0.71289	0.07985	0.01496	0.01873	0.01732	0.01351	0.01738	0.01196	0.01783	0.00903	0.00667	0.00671	0.00222	0.00890	0.00596	0.00300	0.00761
17	0.01944	0.01933	0.02165	0.06466	0.27337	0.18054	0.01567	0.13306	0.08868	0.02408	0.03346	0.01722	0.01255	0.00749	0.00763	0.00205	0.05926	0.00594	0.00432	0.00959
18	0.00934	0.00648	0.00790	0.00852	0.00968	0.00587	0.00589	0.01074	0.01392	0.04979	0.08923	0.42230	0.22628	0.08873	0.01067	0.00288	0.00404	0.01584	0.00620	0.00571
19	0.01876	0.02027	0.02096	0.19877	0.17612	0.26539	0.01595	0.06799	0.01661	0.01950	0.01175	0.01550	0.00964	0.00877	0.03438	0.00237	0.07989	0.00544	0.00349	0.00845
20	0.60118	0.05823	0.01528	0.04015	0.01723	0.06700	0.07616	0.02032	0.01260	0.02697	0.00993	0.01195	0.00779	0.00621	0.00476	0.00204	0.00654	0.00419	0.00391	0.00756
21	0.00907	0.00654	0.00834	0.00948	0.01019	0.00625	0.00645	0.04372	0.01381	0.01832	0.03693	0.67269	0.07277	0.03957	0.00911	0.00277	0.00411	0.01796	0.00620	0.00572
22	0.03541	0.07559	0.09705	0.03286	0.01935	0.03311	0.01208	0.22216	0.01945	0.07973	0.01629	0.08589	0.01374	0.00817	0.00655	0.00183	0.02508	0.00641	0.00506	0.20421
23	0.01529	0.01145	0.01321	0.01001	0.01503	0.00951	0.00800	0.08268	0.01642	0.08090	0.04539	0.02377	0.11581	0.00767	0.00580	0.00142	0.00492	0.00622	0.03011	0.49641
24	0.00877	0.00661	0.00799	0.00808	0.00952	0.00596	0.00582	0.01091	0.01608	0.02147	0.34434	0.20264	0.25006	0.05958	0.00957	0.00254	0.00358	0.01405	0.00661	0.00582
25	0.05119	0.15749	0.02132	0.01531	0.05927	0.04567	0.01201	0.27527	0.21335	0.03010	0.01713	0.01719	0.01304	0.00757	0.00611	0.00193	0.00681	0.00578	0.00552	0.03794
26	0.01482	0.04445	0.20595	0.01468	0.04177	0.01255	0.03796	0.11946	0.01694	0.06933	0.08733	0.17744	0.02379	0.06504	0.03557	0.00283	0.00729	0.00939	0.00507	0.00835
27	0.06025	0.04610	0.21225	0.01438	0.01993	0.01412	0.03865	0.15036	0.05533	0.07823	0.03661	0.09716	0.06234	0.00987	0.00682	0.00217	0.00701	0.04638	0.00518	0.03686
28	0.01622	0.13216	0.41943	0.01842	0.02641	0.07524	0.10588	0.04237	0.01537	0.04267	0.01229	0.01434	0.00913	0.00630	0.00623	0.00197	0.00951	0.00515	0.00329	0.03763
29	0.01068	0.00944	0.05063	0.01005	0.03562	0.03332	0.00679	0.01176	0.01118	0.01498	0.05264	0.06358	0.02416	0.53367	0.09906	0.00601	0.00786	0.00933	0.00413	0.00512
30	0.01578	0.22187	0.28482	0.04136	0.02198	0.05332	0.01614	0.05950	0.01550	0.04125	0.05609	0.04512	0.04655	0.00812	0.00687	0.00199	0.04499	0.00612	0.00382	0.00881
31	0.01834	0.01895	0.09625	0.09922	0.09660	0.13009	0.08836	0.06588	0.12773	0.09397	0.06594	0.02124	0.03154	0.00785	0.00682	0.00209	0.00819	0.00676	0.00487	0.00930
32	0.01091	0.03618	0.06231	0.01173	0.05333	0.00897	0.00885	0.06878	0.01549	0.02022	0.05648	0.31482	0.22943	0.04070	0.00867	0.00253	0.00496	0.03323	0.00570	0.00673
33	0.01301	0.04680	0.06467	0.03711	0.01606	0.01105	0.03479	0.05720	0.12446	0.05157	0.11353	0.17605	0.14424	0.01335	0.00755	0.00233	0.00544	0.06710	0.00595	0.00771
34	0.04714	0.07257	0.17178	0.09694	0.09929	0.03832	0.05830	0.19704	0.01942	0.11362	0.01469	0.01623	0.01060	0.00696	0.00644	0.00204	0.00823	0.00570	0.00468	0.01000
35	0.01944	0.02244	0.12708	0.04996	0.23314	0.18609	0.06728	0.12052	0.01839	0.04765	0.01379	0.03846	0.01112	0.00711	0.00663	0.00201	0.00922	0.00602	0.00403	0.00961

[dist]
# distance from previous block
# <min> <max>
11	44

[block]
# block no. 3 follows, 32 sequences, length 12
# corresponding to MSA columns:
# 176-187
name=unknown_D
#
# <colnr> <probs for GDERKNQSTAVLIFYWHMCP>
#	G	D	E	R	K	N	Q	S	T	A	V	L	I	F	Y	W	H	M	C	P
0	0.11707	0.22070	0.12898	0.06158	0.08078	0.09999	0.05044	0.04812	0.03702	0.02124	0.03266	0.01698	0.04401	0.00704	0.00577	0.00190	0.00796	0.00540	0.00372	0.00864
1	0.01822	0.43366	0.15673	0.01361	0.01964	0.06184	0.01386	0.07991	0.04346	0.04796	0.01226	0.01369	0.01000	0.00841	0.03901	0.00212	0.00833	0.00454	0.00363	0.00911
2	0.07745	0.04740	0.06274	0.01104	0.01468	0.05206	0.00939	0.10014	0.07655	0.02342	0.06482	0.08149	0.21487	0.03725	0.00783	0.00228	0.00569	0.04876	0.00547	0.05663
3	0.08357	0.13802	0.11220	0.01302	0.01721	0.06949	0.01191	0.10054	0.06994	0.02179	0.01507	0.01894	0.01278	0.03988	0.24175	0.00487	0.01107	0.00575	0.00405	0.00814
4	0.05539	0.12237	0.13251	0.02821	0.04897	0.04789	0.03089	0.12162	0.04541	0.13628	0.02041	0.08591	0.05379	0.00881	0.00640	0.00202	0.00706	0.00712	0.00510	0.03383
5	0.06607	0.05542	0.26845	0.04752	0.08351	0.01587	0.05675	0.10157	0.10509	0.02451	0.01630	0.07552	0.01351	0.00795	0.00650	0.00211	0.00785	0.00667	0.00427	0.03457
6	0.04873	0.08239	0.05126	0.09395	0.04659	0.09204	0.01245	0.09456	0.10447	0.05527	0.10892	0.05831	0.02100	0.00957	0.00777	0.00216	0.06002	0.03696	0.00507	0.00852
7	0.07284	0.12743	0.06728	0.07652	0.10195	0.09143	0.06367	0.14625	0.08714	0.02497	0.04273	0.04029	0.01388	0.00759	0.00629	0.00200	0.00784	0.00620	0.00450	0.00921
8	0.01795	0.29709	0.08169	0.07676	0.02094	0.06317	0.01273	0.11084	0.09831	0.04062	0.01611	0.01708	0.04234	0.00715	0.00568	0.00177	0.00728	0.00533	0.00426	0.07291
9	0.01511	0.11262	0.09794	0.07886	0.13417	0.05598	0.13586	0.03616	0.05474	0.01983	0.01653	0.02049	0.04322	0.03426	0.11205	0.00340	0.00999	0.00656	0.00368	0.00856
10	0.00949	0.00683	0.00880	0.00983	0.01074	0.00659	0.00706	0.04262	0.01435	0.01906	0.06824	0.53608	0.06903	0.05041	0.00959	0.00285	0.00444	0.11196	0.00621	0.00583
11	0.04007	0.28147	0.24324	0.01592	0.04973	0.05377	0.01592	0.09212	0.10639	0.02245	0.01337	0.01451	0.01045	0.00669	0.00569	0.00187	0.00800	0.00491	0.00385	0.00956

[dist]
# distance from previous block
# <min> <max>
0	6

[block]
# block no. 4 follows, 32 sequences, length 6
# corresponding to MSA columns:
# 194-199
name=unknown_E
#
# <colnr> <probs for GDERKNQSTAVLIFYWHMCP>
#	G	D	E	R	K	N	Q	S	T	A	V	L	I	F	Y	W	H	M	C	P
0	0.01912	0.13577	0.17600	0.01908	0.08894	0.15764	0.06595	0.05323	0.07223	0.08037	0.01390	0.01550	0.01067	0.00709	0.00722	0.00200	0.05647	0.00541	0.00401	0.00939
1	0.01443	0.08491	0.29419	0.05434	0.12254	0.01565	0.13649	0.02043	0.04572	0.02079	0.01467	0.07029	0.01238	0.00727	0.00662	0.00206	0.00866	0.00664	0.00351	0.05843
2	0.00947	0.00880	0.06131	0.00990	0.01158	0.00711	0.00792	0.01205	0.03615	0.01859	0.09245	0.33416	0.13929	0.11463	0.01162	0.00309	0.00490	0.10521	0.00580	0.00597
3	0.09399	0.10285	0.07979	0.04015	0.07710	0.08895	0.16093	0.05218	0.09046	0.12604	0.01560	0.01692	0.01154	0.00681	0.00638	0.00203	0.00830	0.00595	0.00457	0.00946
4	0.01678	0.10065	0.04863	0.06182	0.15288	0.08306	0.09452	0.10814	0.03804	0.02316	0.07316	0.02151	0.05530	0.00925	0.03356	0.00226	0.00817	0.00669	0.00434	0.05808
5	0.01050	0.00793	0.01074	0.01089	0.01230	0.00774	0.04169	0.06636	0.01484	0.01956	0.03489	0.43472	0.08948	0.08455	0.01072	0.00300	0.00511	0.12294	0.00593	0.00612

[dist]
# distance from previous block
# <min> <max>
5	12

[block]
# block no. 5 follows, 32 sequences, length 22
# corresponding to MSA columns:
# 212-233
name=unknown_F
#
# <colnr> <probs for GDERKNQSTAVLIFYWHMCP>
#	G	D	E	R	K	N	Q	S	T	A	V	L	I	F	Y	W	H	M	C	P
0	0.05190	0.13214	0.07204	0.01485	0.03740	0.01634	0.08218	0.13823	0.12168	0.10354	0.02014	0.02180	0.05464	0.05759	0.00815	0.00227	0.00696	0.00661	0.00517	0.04637
1	0.12451	0.06151	0.01809	0.03074	0.09829	0.06533	0.03761	0.09739	0.11941	0.11302	0.05741	0.04331	0.03663	0.00819	0.00628	0.00199	0.00653	0.00667	0.00536	0.06174
2	0.01695	0.01505	0.01552	0.07148	0.01890	0.11762	0.02562	0.13319	0.13839	0.04237	0.09867	0.11528	0.02261	0.02767	0.00746	0.00212	0.00663	0.00826	0.00553	0.11068
3	0.01404	0.02778	0.07652	0.01069	0.01427	0.05170	0.00915	0.06115	0.01737	0.09490	0.20332	0.11515	0.17900	0.01224	0.00719	0.00206	0.00522	0.01032	0.00601	0.08192
4	0.02208	0.01647	0.01782	0.01406	0.01872	0.01790	0.01134	0.52317	0.07469	0.03656	0.01816	0.06196	0.01473	0.05851	0.00852	0.00230	0.00682	0.00702	0.00634	0.06284
5	0.01432	0.01393	0.01932	0.01665	0.01670	0.01927	0.01374	0.01576	0.01037	0.01625	0.00995	0.01672	0.00999	0.05568	0.02218	0.00310	0.68427	0.00611	0.02858	0.00711
6	0.00815	0.00593	0.00769	0.00910	0.00967	0.00547	0.00612	0.00937	0.01308	0.01722	0.03992	0.69385	0.10844	0.02064	0.00850	0.00268	0.00385	0.01861	0.00623	0.00547
7	0.02397	0.02754	0.01830	0.01650	0.01988	0.57444	0.01266	0.05443	0.01894	0.06639	0.01346	0.01769	0.01147	0.00810	0.00703	0.00191	0.04216	0.05300	0.00410	0.00805
8	0.01765	0.01642	0.01561	0.01407	0.01782	0.09906	0.01089	0.03464	0.63119	0.02674	0.02537	0.02356	0.01913	0.00885	0.00674	0.00221	0.00609	0.00721	0.00644	0.01030
9	0.06676	0.01440	0.02670	0.31400	0.10782	0.01531	0.26642	0.01905	0.01450	0.02028	0.01399	0.02118	0.01142	0.00700	0.00715	0.00227	0.00928	0.05076	0.00346	0.00827
10	0.02336	0.01744	0.01876	0.01483	0.01969	0.01933	0.01208	0.57851	0.10790	0.03900	0.01877	0.06614	0.01462	0.00903	0.00685	0.00209	0.00692	0.00708	0.00669	0.01093
11	0.01755	0.01231	0.01463	0.01067	0.01645	0.00992	0.00862	0.06646	0.01605	0.14723	0.01477	0.01563	0.01121	0.00577	0.00540	0.00125	0.00526	0.00460	0.00492	0.61128
12	0.01297	0.01371	0.04787	0.02049	0.04345	0.01289	0.35004	0.01694	0.01397	0.01922	0.01887	0.13698	0.01813	0.03690	0.15495	0.00418	0.03254	0.03426	0.00396	0.00767
13	0.00817	0.00673	0.00710	0.00715	0.00913	0.00575	0.00525	0.00991	0.01525	0.01869	0.12655	0.10975	0.58110	0.04838	0.00907	0.00246	0.00354	0.01412	0.00625	0.00565
14	0.00937	0.00678	0.00943	0.00971	0.01048	0.00741	0.00698	0.01098	0.01091	0.01525	0.02215	0.16268	0.02355	0.21351	0.44020	0.00832	0.01273	0.00994	0.00418	0.00544
15	0.00953	0.00652	0.00786	0.00817	0.00848	0.00647	0.00515	0.01022	0.01126	0.01513	0.07046	0.16478	0.03079	0.51721	0.05660	0.00557	0.00632	0.05011	0.00475	0.00465
16	0.01730	0.01967	0.06672	0.14228	0.35171	0.15408	0.08725	0.02124	0.01554	0.01987	0.01203	0.01589	0.00976	0.00644	0.00714	0.00204	0.03271	0.00579	0.00326	0.00929
17	0.02493	0.01851	0.01981	0.01532	0.02059	0.02054	0.01261	0.65618	0.07627	0.04135	0.01685	0.01670	0.01201	0.00812	0.00672	0.00203	0.00725	0.00614	0.00672	0.01136
18	0.02068	0.03738	0.04095	0.05014	0.21992	0.17245	0.04504	0.13611	0.03688	0.08733	0.01420	0.01600	0.01087	0.00675	0.00639	0.00188	0.00846	0.00557	0.00448	0.07853
19	0.01117	0.00956	0.03439	0.01282	0.04913	0.00924	0.03054	0.05345	0.05457	0.01951	0.02998	0.37298	0.06038	0.08253	0.05899	0.00346	0.03397	0.06121	0.00546	0.00667
20	0.00814	0.00597	0.00766	0.00901	0.00964	0.00548	0.00608	0.00938	0.01317	0.01726	0.04105	0.66859	0.13298	0.02049	0.00848	0.00266	0.00383	0.01843	0.00623	0.00548
21	0.01906	0.05017	0.08617	0.01590	0.04276	0.01502	0.09713	0.18932	0.06514	0.10328	0.01616	0.03103	0.01225	0.00695	0.00630	0.00179	0.00708	0.00594	0.00510	0.22344

[dist]
# distance from previous block
# <min> <max>
0	1

[block]
# block no. 6 follows, 32 sequences, length 31
# corresponding to MSA columns:
# 235-265
name=unknown_G
#
# <colnr> <probs for GDERKNQSTAVLIFYWHMCP>
#	G	D	E	R	K	N	Q	S	T	A	V	L	I	F	Y	W	H	M	C	P
0	0.04820	0.15461	0.17980	0.03798	0.16721	0.06533	0.04248	0.02332	0.08643	0.08341	0.03894	0.01717	0.01285	0.00689	0.00615	0.00196	0.00794	0.00565	0.00411	0.00957
1	0.19521	0.14033	0.04522	0.07560	0.04598	0.18143	0.01218	0.08277	0.09073	0.02353	0.01263	0.01415	0.00999	0.00676	0.00554	0.00188	0.00786	0.00476	0.00412	0.03933
2	0.01610	0.04780	0.36834	0.05051	0.11324	0.04309	0.12612	0.09382	0.03563	0.02330	0.01306	0.01555	0.00968	0.00648	0.00664	0.00209	0.00946	0.00571	0.00353	0.00984
3	0.01314	0.00794	0.01014	0.00918	0.01152	0.00735	0.00705	0.01660	0.04732	0.14644	0.43853	0.06755	0.13375	0.01466	0.03628	0.00249	0.00433	0.01129	0.00719	0.00727
4	0.00947	0.00643	0.00760	0.00785	0.00802	0.00640	0.00469	0.00988	0.01065	0.01430	0.04824	0.16447	0.02882	0.58185	0.05869	0.00589	0.00643	0.01131	0.00453	0.00446
5	0.70249	0.01276	0.01066	0.00926	0.01356	0.01433	0.00763	0.02154	0.01251	0.12739	0.01173	0.01257	0.00857	0.00652	0.00451	0.00208	0.00526	0.00407	0.00473	0.00785
6	0.01395	0.00791	0.00962	0.00868	0.01139	0.00688	0.00669	0.01619	0.01702	0.19967	0.21515	0.09985	0.33244	0.01428	0.00767	0.00221	0.00396	0.01214	0.00704	0.00727
7	0.00999	0.00773	0.01132	0.01109	0.01212	0.00921	0.00860	0.01216	0.01068	0.01545	0.01746	0.02659	0.01665	0.09385	0.63587	0.00989	0.07453	0.00725	0.00357	0.00597
8	0.01661	0.01594	0.02724	0.04119	0.72233	0.01594	0.02059	0.02059	0.01528	0.02192	0.01262	0.01661	0.01063	0.00598	0.00664	0.00199	0.00797	0.00598	0.00332	0.01063
9	0.02276	0.01408	0.01517	0.01226	0.01649	0.06379	0.00987	0.22446	0.06007	0.25096	0.08711	0.02283	0.01904	0.00852	0.00646	0.00194	0.00601	0.00677	0.11650	0.03489
10	0.00826	0.00604	0.00778	0.00897	0.00968	0.00555	0.00611	0.00967	0.01368	0.01811	0.10115	0.61597	0.12453	0.01990	0.00843	0.00262	0.00377	0.01789	0.00633	0.00555
11	0.00975	0.00652	0.00739	0.00736	0.00743	0.00650	0.00416	0.00988	0.01014	0.01358	0.04976	0.04416	0.02599	0.73341	0.03308	0.00632	0.00637	0.00986	0.00420	0.00416
12	0.02319	0.14064	0.02190	0.01528	0.01988	0.21628	0.01254	0.33920	0.06904	0.02911	0.01393	0.01470	0.01071	0.00759	0.00675	0.00190	0.03721	0.00528	0.00508	0.00977
13	0.07865	0.01671	0.04158	0.05182	0.30885	0.08956	0.05939	0.04186	0.01617	0.12397	0.01497	0.03964	0.01191	0.00690	0.00642	0.00196	0.00779	0.00609	0.00434	0.07142
14	0.04184	0.11619	0.09171	0.06613	0.12625	0.10699	0.06487	0.06653	0.07540	0.08382	0.05513	0.01812	0.01408	0.00714	0.00630	0.00194	0.00796	0.00592	0.00445	0.03923
15	0.09964	0.02059	0.16728	0.01665	0.02248	0.04745	0.10682	0.22168	0.12643	0.04739	0.01619	0.01797	0.01217	0.03833	0.00766	0.00229	0.00802	0.00616	0.00501	0.00978
16	0.00883	0.00711	0.00903	0.00921	0.01079	0.00651	0.03267	0.01125	0.04314	0.01886	0.09825	0.38169	0.30223	0.01785	0.00818	0.00247	0.00399	0.01577	0.00623	0.00595
17	0.01630	0.09966	0.22967	0.01835	0.07042	0.01651	0.10482	0.16306	0.04209	0.02472	0.01811	0.09157	0.03981	0.02611	0.00738	0.00221	0.00807	0.00743	0.00439	0.00932
18	0.01718	0.07700	0.04981	0.07930	0.14931	0.18504	0.01392	0.06543	0.01680	0.02093	0.08492	0.02283	0.05258	0.00871	0.00792	0.00204	0.07570	0.02743	0.03488	0.00828
19	0.01500	0.01189	0.01403	0.01007	0.01598	0.00901	0.00808	0.01796	0.01427	0.06929	0.01290	0.01451	0.01039	0.00519	0.00509	0.00107	0.00502	0.00416	0.00427	0.75182
20	0.01048	0.02995	0.01197	0.03219	0.01344	0.02581	0.03328	0.01328	0.05915	0.01781	0.02980	0.48165	0.03379	0.03757	0.05978	0.00328	0.05441	0.04064	0.00546	0.00628
21	0.07790	0.14412	0.24402	0.01989	0.11282	0.04203	0.10226	0.06118	0.01540	0.02197	0.01429	0.06470	0.01247	0.00762	0.00634	0.00206	0.00843	0.02975	0.00367	0.00907
22	0.02232	0.01572	0.04466	0.01396	0.01878	0.01615	0.01159	0.22237	0.32275	0.20187	0.02334	0.02155	0.01650	0.00851	0.00676	0.00215	0.00617	0.00684	0.00700	0.01101
23	0.00840	0.00646	0.00773	0.00848	0.00982	0.00579	0.00614	0.01011	0.01458	0.01863	0.11000	0.36448	0.31632	0.01856	0.00831	0.00251	0.00381	0.06787	0.00633	0.00567
24	0.01567	0.01505	0.03461	0.20806	0.13306	0.08006	0.05906	0.05508	0.10192	0.03752	0.01811	0.05229	0.04115	0.03212	0.03691	0.02249	0.03707	0.00717	0.00421	0.00839
25	0.04717	0.08858	0.09541	0.04087	0.14975	0.08494	0.06656	0.08194	0.03229	0.06169	0.01557	0.05980	0.01380	0.09254	0.01014	0.00256	0.03673	0.00678	0.00417	0.00872
26	0.01166	0.00583	0.00874	0.00874	0.00874	0.00583	0.00583	0.00874	0.00874	0.01166	0.01166	0.02040	0.01166	0.02331	0.02622	0.80478	0.00583	0.00583	0.00291	0.00291
27	0.02269	0.02699	0.02275	0.02224	0.13444	0.49420	0.09248	0.06795	0.01885	0.01952	0.01146	0.01376	0.00931	0.00669	0.00640	0.00185	0.01105	0.00511	0.00363	0.00861
28	0.01793	0.10821	0.13497	0.02196	0.16860	0.08863	0.07826	0.13083	0.06141	0.02377	0.01497	0.03766	0.01258	0.00774	0.00712	0.00207	0.03516	0.03443	0.00416	0.00954
29	0.05911	0.11525	0.06291	0.01640	0.02173	0.08961	0.17427	0.09402	0.05509	0.07798	0.01885	0.04125	0.06235	0.00772	0.00647	0.00195	0.00797	0.00674	0.00460	0.07572
30	0.04545	0.21586	0.16298	0.01390	0.04356	0.07230	0.01304	0.03632	0.07475	0.04011	0.06044	0.04799	0.11065	0.00918	0.00623	0.00198	0.00701	0.02534	0.00445	0.00846

[dist]
# distance from previous block
# <min> <max>
2	7

[block]
# block no. 7 follows, 32 sequences, length 31
# corresponding to MSA columns:
# 273-303
name=unknown_H
#
# <colnr> <probs for GDERKNQSTAVLIFYWHMCP>
#	G	D	E	R	K	N	Q	S	T	A	V	L	I	F	Y	W	H	M	C	P
0	0.03239	0.03745	0.10661	0.04811	0.01957	0.06030	0.06547	0.05222	0.12498	0.02258	0.08069	0.05274	0.10417	0.01079	0.00759	0.00225	0.02726	0.09775	0.00512	0.04196
1	0.05376	0.01486	0.04249	0.09593	0.13114	0.01473	0.01354	0.15648	0.01824	0.17103	0.01549	0.01699	0.01135	0.00732	0.00766	0.00197	0.07333	0.00567	0.00508	0.14292
2	0.00913	0.00733	0.00921	0.00880	0.01055	0.00676	0.03776	0.01090	0.01402	0.01779	0.09910	0.07785	0.36606	0.17639	0.07091	0.00389	0.00575	0.05670	0.00552	0.00559
3	0.02551	0.01879	0.02014	0.01544	0.02081	0.02081	0.01275	0.69996	0.03155	0.04229	0.01611	0.01611	0.01141	0.00805	0.00671	0.00201	0.00738	0.00604	0.00671	0.01141
4	0.02749	0.01084	0.01473	0.01149	0.01623	0.00941	0.00941	0.03016	0.01918	0.63817	0.11430	0.02630	0.02253	0.00899	0.00690	0.00208	0.00539	0.00743	0.00819	0.01077
5	0.00835	0.00603	0.00794	0.00936	0.00995	0.00562	0.00644	0.00972	0.01331	0.01764	0.05818	0.66213	0.08083	0.02045	0.00855	0.00270	0.00398	0.05703	0.00626	0.00553
6	0.00976	0.00651	0.00732	0.00732	0.00732	0.00651	0.00407	0.00976	0.00976	0.01301	0.02114	0.04391	0.02439	0.76419	0.03415	0.00651	0.00651	0.00976	0.00407	0.00407
7	0.01064	0.00760	0.01062	0.01216	0.01363	0.00758	0.01052	0.01361	0.01528	0.01989	0.03562	0.11997	0.03899	0.01870	0.00922	0.00307	0.00603	0.63457	0.00618	0.00613
8	0.00905	0.00692	0.00827	0.00819	0.00997	0.00624	0.00625	0.01151	0.01679	0.02219	0.36384	0.05823	0.31128	0.04736	0.00918	0.00246	0.00373	0.08592	0.00667	0.00596
9	0.73140	0.01314	0.01065	0.00930	0.01356	0.01500	0.00766	0.05032	0.01276	0.07140	0.01064	0.01183	0.00799	0.00643	0.00442	0.00207	0.00532	0.00392	0.00451	0.00769
10	0.81159	0.01298	0.00986	0.00882	0.01298	0.01505	0.00727	0.01972	0.01142	0.03010	0.00934	0.01090	0.00727	0.00623	0.00415	0.00208	0.00519	0.00363	0.00415	0.00727
11	0.81159	0.01298	0.00986	0.00882	0.01298	0.01505	0.00727	0.01972	0.01142	0.03010	0.00934	0.01090	0.00727	0.00623	0.00415	0.00208	0.00519	0.00363	0.00415	0.00727
12	0.01468	0.01468	0.02055	0.01762	0.01762	0.02055	0.01468	0.01615	0.01028	0.01615	0.00881	0.01468	0.00881	0.01174	0.02202	0.00294	0.75191	0.00587	0.00294	0.00734
13	0.00976	0.00651	0.00732	0.00732	0.00732	0.00651	0.00407	0.00976	0.00976	0.01301	0.02114	0.04391	0.02439	0.76419	0.03415	0.00651	0.00651	0.00976	0.00407	0.00407
14	0.03010	0.01142	0.01557	0.01194	0.01713	0.00986	0.00986	0.03270	0.01920	0.72698	0.02647	0.02284	0.01661	0.00830	0.00675	0.00208	0.00571	0.00675	0.00830	0.01142
15	0.77967	0.01291	0.01010	0.00895	0.01315	0.01484	0.00737	0.02025	0.01174	0.05856	0.01004	0.01139	0.00765	0.00631	0.00426	0.00208	0.00521	0.00376	0.00432	0.00744
16	0.03010	0.01142	0.01557	0.01194	0.01713	0.00986	0.00986	0.03270	0.01920	0.72698	0.02647	0.02284	0.01661	0.00830	0.00675	0.00208	0.00571	0.00675	0.00830	0.01142
17	0.00813	0.00681	0.00707	0.00700	0.00918	0.00575	0.00525	0.01001	0.01576	0.01923	0.15012	0.06275	0.63677	0.01658	0.00793	0.00225	0.00337	0.01391	0.00638	0.00575
18	0.00985	0.00695	0.00883	0.00835	0.01009	0.00632	0.00626	0.01274	0.01831	0.04616	0.58902	0.07258	0.15090	0.01422	0.00790	0.00215	0.00329	0.01246	0.00722	0.00636
19	0.02467	0.01798	0.01924	0.01484	0.01997	0.01987	0.01223	0.65567	0.03042	0.04117	0.01648	0.01669	0.01179	0.00804	0.00658	0.00198	0.00711	0.00605	0.05815	0.01108
20	0.01468	0.01468	0.02055	0.01762	0.01762	0.02055	0.01468	0.01615	0.01028	0.01615	0.00881	0.01468	0.00881	0.01174	0.02202	0.00294	0.75191	0.00587	0.00294	0.00734
21	0.01608	0.01802	0.03638	0.05567	0.10922	0.04086	0.55982	0.02128	0.01566	0.02108	0.01319	0.01765	0.01010	0.00592	0.00802	0.00223	0.02893	0.00747	0.00336	0.00908
22	0.01316	0.01243	0.02101	0.65980	0.13063	0.01504	0.01888	0.01757	0.01365	0.01774	0.01201	0.01773	0.00915	0.00662	0.00670	0.00221	0.00882	0.00596	0.00302	0.00785
23	0.06499	0.00966	0.01176	0.02653	0.01398	0.02670	0.03708	0.04787	0.05972	0.10147	0.07643	0.29859	0.14315	0.01477	0.00763	0.00240	0.00502	0.03885	0.00620	0.00722
24	0.02353	0.09860	0.02029	0.01659	0.04728	0.46493	0.01251	0.07253	0.05100	0.07453	0.01287	0.01395	0.01014	0.00696	0.00599	0.00175	0.00997	0.00476	0.00418	0.04766
25	0.01013	0.00810	0.00903	0.00857	0.01082	0.00772	0.00648	0.03958	0.09728	0.02302	0.27363	0.08565	0.36539	0.01486	0.00778	0.00223	0.00372	0.01266	0.00670	0.00666
26	0.06857	0.06106	0.02321	0.02682	0.34721	0.05320	0.01588	0.18691	0.08061	0.02711	0.01414	0.01626	0.01121	0.00699	0.00685	0.00201	0.03147	0.00577	0.00448	0.01025
27	0.69480	0.01354	0.01138	0.04194	0.01525	0.01564	0.00834	0.09034	0.01360	0.03080	0.01016	0.01175	0.00777	0.00644	0.00453	0.00208	0.00558	0.00399	0.00437	0.00771
28	0.02340	0.02839	0.01829	0.01646	0.01981	0.60024	0.01246	0.06025	0.05144	0.01895	0.05726	0.01544	0.01288	0.00765	0.00668	0.00183	0.03147	0.00511	0.00402	0.00799
29	0.02085	0.01230	0.01416	0.01208	0.01568	0.04663	0.00966	0.15911	0.04235	0.27004	0.09364	0.10231	0.04602	0.04100	0.00838	0.00241	0.00594	0.08137	0.00695	0.00912
30	0.04581	0.01476	0.02073	0.20857	0.25368	0.04422	0.01626	0.05832	0.11931	0.02217	0.01535	0.02021	0.01263	0.00868	0.02315	0.00239	0.06746	0.03314	0.00407	0.00909

[dist]
# distance from previous block
# <min> <max>
0	3

[block]
# block no. 8 follows, 32 sequences, length 94
# corresponding to MSA columns:
# 307-400
name=unknown_I
#
# <colnr> <probs for GDERKNQSTAVLIFYWHMCP>
#	G	D	E	R	K	N	Q	S	T	A	V	L	I	F	Y	W	H	M	C	P
0	0.01722	0.01733	0.02590	0.08702	0.60331	0.09073	0.01967	0.02100	0.01554	0.02102	0.01234	0.01623	0.01031	0.00613	0.00659	0.00198	0.00847	0.00581	0.00331	0.01012
1	0.04664	0.01732	0.02497	0.02173	0.10709	0.07875	0.21795	0.15312	0.07437	0.02569	0.06144	0.01938	0.01468	0.00891	0.02901	0.00242	0.07581	0.00691	0.00457	0.00923
2	0.18218	0.28344	0.07084	0.01476	0.06166	0.20105	0.01232	0.04581	0.01536	0.02065	0.01188	0.01343	0.02863	0.00659	0.00519	0.00177	0.00814	0.00441	0.00354	0.00836
3	0.04101	0.04475	0.33727	0.01627	0.02257	0.01308	0.11135	0.01825	0.03560	0.02115	0.06646	0.10151	0.10339	0.00993	0.00705	0.00223	0.00778	0.02776	0.00422	0.00838
4	0.02264	0.04575	0.01914	0.01495	0.01970	0.08595	0.01211	0.42079	0.22644	0.03482	0.01858	0.01813	0.01368	0.00817	0.00660	0.00204	0.00721	0.00624	0.00631	0.01075
5	0.00996	0.00750	0.00975	0.00964	0.01108	0.00693	0.02618	0.03454	0.01386	0.01890	0.09721	0.42435	0.06240	0.14043	0.01226	0.00306	0.00468	0.01438	0.00569	0.08721
6	0.01488	0.01723	0.05883	0.02586	0.05551	0.01556	0.56869	0.02004	0.01556	0.02097	0.01882	0.02295	0.07756	0.02570	0.00848	0.00235	0.01028	0.00839	0.00366	0.00869
7	0.01359	0.03388	0.70015	0.01890	0.02857	0.01563	0.02421	0.02184	0.04269	0.02153	0.01267	0.01461	0.00899	0.00649	0.00639	0.00213	0.00973	0.00507	0.00300	0.00995
8	0.01541	0.01723	0.03661	0.11648	0.03590	0.01683	0.59335	0.02079	0.01537	0.02079	0.01322	0.01797	0.00999	0.00597	0.00820	0.00228	0.03385	0.00761	0.00333	0.00880
9	0.07364	0.01233	0.01604	0.01240	0.01736	0.01157	0.03465	0.11546	0.01984	0.52433	0.02336	0.02126	0.01521	0.00802	0.00649	0.00204	0.00592	0.00648	0.06287	0.01073
10	0.00988	0.00732	0.00927	0.00870	0.01045	0.00694	0.00655	0.01397	0.06121	0.02668	0.65412	0.04908	0.08319	0.01355	0.00785	0.00213	0.00330	0.01193	0.00731	0.00657
11	0.01614	0.01764	0.02318	0.06053	0.05251	0.17684	0.23012	0.04438	0.01627	0.01966	0.02264	0.09192	0.10891	0.00983	0.00834	0.00223	0.05654	0.03027	0.00420	0.00784
12	0.00966	0.00653	0.00765	0.00791	0.00810	0.00648	0.00482	0.01008	0.01073	0.01432	0.04387	0.11972	0.02855	0.61492	0.02906	0.00576	0.00612	0.05678	0.00453	0.00442
13	0.00820	0.00601	0.00771	0.00896	0.00966	0.00552	0.00608	0.00952	0.01344	0.01768	0.07060	0.63638	0.13527	0.02017	0.00845	0.00264	0.00380	0.01812	0.00628	0.00552
14	0.01332	0.03371	0.70368	0.01874	0.02836	0.01525	0.02413	0.02094	0.01434	0.02145	0.03730	0.01545	0.01046	0.00664	0.00643	0.00212	0.00968	0.00521	0.00300	0.00979
15	0.01565	0.01543	0.02310	0.01965	0.04621	0.01996	0.09842	0.06485	0.01263	0.01885	0.01004	0.01527	0.00923	0.01053	0.01865	0.00275	0.58141	0.00614	0.00327	0.00796
16	0.01661	0.01594	0.02724	0.04119	0.72233	0.01594	0.02059	0.02059	0.01528	0.02192	0.01262	0.01661	0.01063	0.00598	0.00664	0.00199	0.00797	0.00598	0.00332	0.01063
17	0.01669	0.01441	0.01517	0.01365	0.01745	0.01669	0.01062	0.03565	0.71021	0.02807	0.02731	0.02503	0.02048	0.00910	0.00683	0.00228	0.00531	0.00759	0.00683	0.01062
18	0.00969	0.00652	0.00730	0.00730	0.00738	0.00647	0.00410	0.00975	0.00996	0.01320	0.02288	0.04468	0.05018	0.73648	0.03318	0.00635	0.00639	0.00992	0.00415	0.00412
19	0.01468	0.01468	0.02055	0.01762	0.01762	0.02055	0.01468	0.01615	0.01028	0.01615	0.00881	0.01468	0.00881	0.01174	0.02202	0.00294	0.75191	0.00587	0.00294	0.00734
20	0.01267	0.01193	0.02013	0.74806	0.04621	0.01491	0.01863	0.01714	0.01342	0.01714	0.01193	0.01789	0.00894	0.00671	0.00671	0.00224	0.00894	0.00596	0.00298	0.00745
21	0.00959	0.00719	0.01078	0.01078	0.01198	0.00839	0.00839	0.01198	0.01078	0.01558	0.01797	0.02636	0.01677	0.05032	0.73760	0.01078	0.01797	0.00719	0.00359	0.00599
22	0.01669	0.01441	0.01517	0.01365	0.01745	0.01669	0.01062	0.03565	0.71021	0.02807	0.02731	0.02503	0.02048	0.00910	0.00683	0.00228	0.00531	0.00759	0.00683	0.01062
23	0.01669	0.01441	0.01517	0.01365	0.01745	0.01669	0.01062	0.03565	0.71021	0.02807	0.02731	0.02503	0.02048	0.00910	0.00683	0.00228	0.00531	0.00759	0.00683	0.01062
24	0.01267	0.01193	0.02013	0.74806	0.04621	0.01491	0.01863	0.01714	0.01342	0.01714	0.01193	0.01789	0.00894	0.00671	0.00671	0.00224	0.00894	0.00596	0.00298	0.00745
25	0.01267	0.01193	0.02013	0.74806	0.04621	0.01491	0.01863	0.01714	0.01342	0.01714	0.01193	0.01789	0.00894	0.00671	0.00671	0.00224	0.00894	0.00596	0.00298	0.00745
26	0.01661	0.01594	0.02724	0.04119	0.72233	0.01594	0.02059	0.02059	0.01528	0.02192	0.01262	0.01661	0.01063	0.00598	0.00664	0.00199	0.00797	0.00598	0.00332	0.01063
27	0.01584	0.01810	0.03959	0.02828	0.03507	0.01697	0.69796	0.02149	0.01584	0.02149	0.01357	0.01810	0.01018	0.00566	0.00792	0.00226	0.01131	0.00792	0.00339	0.00905
28	0.81159	0.01298	0.00986	0.00882	0.01298	0.01505	0.00727	0.01972	0.01142	0.03010	0.00934	0.01090	0.00727	0.00623	0.00415	0.00208	0.00519	0.00363	0.00415	0.00727
29	0.81159	0.01298	0.00986	0.00882	0.01298	0.01505	0.00727	0.01972	0.01142	0.03010	0.00934	0.01090	0.00727	0.00623	0.00415	0.00208	0.00519	0.00363	0.00415	0.00727
30	0.02551	0.01879	0.02014	0.01544	0.02081	0.02081	0.01275	0.69996	0.03155	0.04229	0.01611	0.01611	0.01141	0.00805	0.00671	0.00201	0.00738	0.00604	0.00671	0.01141
