[name]
unknown

[dist]
# distance from previous block
# <min> <max>
0	31

[block]
# block no. 0 follows, 33 sequences, length 37
# corresponding to MSA columns:
# 32-68
name=unknown_A
#
# <colnr> <probs for GDERKNQSTAVLIFYWHMCP>
#	G	D	E	R	K	N	Q	S	T	A	V	L	I	F	Y	W	H	M	C	P
0	0.08988	0.04220	0.08435	0.05064	0.02041	0.06160	0.07228	0.08569	0.08379	0.04371	0.01609	0.02211	0.01365	0.00963	0.03204	0.00235	0.07131	0.07687	0.00443	0.11696
1	0.07222	0.10259	0.07332	0.01580	0.05432	0.15013	0.04796	0.12935	0.07443	0.07118	0.01453	0.03682	0.01159	0.00729	0.00650	0.00187	0.03425	0.00555	0.00451	0.08579
2	0.01842	0.01090	0.01308	0.01129	0.01460	0.01127	0.00891	0.10449	0.17523	0.21709	0.09818	0.07829	0.02341	0.01440	0.09056	0.00305	0.00644	0.00815	0.08327	0.00899
3	0.01481	0.01529	0.05405	0.19521	0.05924	0.06327	0.08657	0.04115	0.18982	0.02113	0.03936	0.02241	0.05076	0.02315	0.03246	0.00255	0.06899	0.00699	0.00438	0.00841
4	0.00837	0.00633	0.00719	0.00763	0.00912	0.00561	0.00547	0.01013	0.01455	0.01895	0.12839	0.28802	0.37395	0.01693	0.00775	0.00230	0.00345	0.01467	0.06560	0.00561
5	0.00845	0.00683	0.00775	0.00774	0.00963	0.00622	0.00580	0.01080	0.03130	0.01909	0.16809	0.10771	0.46281	0.02011	0.09461	0.00322	0.00507	0.01296	0.00601	0.00580
6	0.02353	0.08410	0.01934	0.01587	0.01950	0.59050	0.01221	0.08525	0.01912	0.01870	0.01113	0.01272	0.00911	0.00684	0.00580	0.00169	0.01069	0.00443	0.04153	0.00794
7	0.02639	0.01080	0.01425	0.01124	0.01580	0.00968	0.00918	0.03006	0.06454	0.59815	0.06014	0.02403	0.01885	0.00843	0.00653	0.00201	0.00526	0.00690	0.06721	0.01053
8	0.01100	0.00898	0.00949	0.00877	0.01137	0.00882	0.00670	0.07561	0.13642	0.02239	0.12957	0.05031	0.44491	0.03608	0.00824	0.00231	0.00406	0.01173	0.00632	0.00692
9	0.01953	0.01635	0.01662	0.01413	0.01833	0.05293	0.01120	0.24844	0.46344	0.03143	0.02248	0.02115	0.01669	0.00850	0.00663	0.00212	0.00618	0.00680	0.00650	0.01053
10	0.81514	0.01273	0.00968	0.00866	0.01273	0.01477	0.00713	0.01935	0.01120	0.02954	0.00917	0.01069	0.00713	0.00611	0.00407	0.00204	0.00509	0.00356	0.00407	0.00713
11	0.07618	0.17815	0.18388	0.06891	0.08951	0.01622	0.06010	0.04008	0.03780	0.05526	0.04883	0.01973	0.04130	0.04843	0.00746	0.00218	0.00747	0.00599	0.00389	0.00859
12	0.01708	0.01464	0.05168	0.01343	0.05193	0.03783	0.01055	0.26184	0.10273	0.02896	0.06250	0.04928	0.11898	0.00954	0.00654	0.00195	0.00585	0.00775	0.08675	0.06020
13	0.00979	0.00833	0.01038	0.00945	0.01134	0.00829	0.04071	0.01270	0.06062	0.01892	0.14294	0.06853	0.36817	0.12131	0.01257	0.00286	0.06976	0.01169	0.00559	0.00605
14	0.05545	0.05995	0.05659	0.01527	0.01965	0.04163	0.10514	0.11914	0.20764	0.09522	0.05342	0.05679	0.01727	0.00869	0.00763	0.00215	0.05641	0.00720	0.00545	0.00932
15	0.01501	0.01203	0.01319	0.01211	0.01518	0.01337	0.00928	0.06070	0.46544	0.04937	0.08089	0.15354	0.04859	0.01143	0.00709	0.00228	0.00487	0.00980	0.00666	0.00915
16	0.02186	0.18927	0.02393	0.01667	0.03746	0.35258	0.05831	0.14947	0.01908	0.02111	0.01118	0.01293	0.00913	0.00686	0.00655	0.00178	0.04467	0.00474	0.00383	0.00860
17	0.01077	0.07545	0.01105	0.00910	0.01097	0.04255	0.00675	0.01254	0.01452	0.03615	0.16920	0.30743	0.14853	0.06500	0.00914	0.00247	0.00453	0.01296	0.00572	0.04516
18	0.01517	0.05781	0.02303	0.19694	0.18101	0.03204	0.12383	0.09265	0.03805	0.02188	0.04940	0.10594	0.01652	0.00840	0.00688	0.00212	0.00778	0.00784	0.00416	0.00855
19	0.01007	0.00708	0.00923	0.00917	0.01010	0.00758	0.00657	0.03419	0.01193	0.01683	0.07285	0.07738	0.02435	0.27869	0.32753	0.00713	0.01061	0.02773	0.04554	0.00544
20	0.00956	0.00642	0.00736	0.00736	0.00742	0.00648	0.00421	0.00969	0.00963	0.01289	0.02058	0.04219	0.02355	0.73162	0.07000	0.00660	0.00696	0.00944	0.00397	0.00409
21	0.01144	0.00855	0.01027	0.00967	0.01212	0.00800	0.00744	0.04986	0.06771	0.04299	0.18865	0.19812	0.14813	0.01410	0.00749	0.00219	0.00431	0.08735	0.00619	0.11541
22	0.02261	0.07441	0.01969	0.01568	0.05406	0.10663	0.01216	0.34433	0.16611	0.09110	0.01756	0.01731	0.01287	0.00773	0.00635	0.00196	0.00727	0.00591	0.00591	0.01036
23	0.00890	0.00635	0.00814	0.00880	0.00950	0.00619	0.00610	0.01031	0.01275	0.01714	0.11866	0.32734	0.07611	0.20873	0.08680	0.00430	0.00588	0.06731	0.00547	0.00524
24	0.01554	0.16923	0.25350	0.01742	0.07372	0.11740	0.04981	0.02029	0.04840	0.01865	0.01450	0.08697	0.01319	0.03810	0.00776	0.00216	0.03494	0.00641	0.00350	0.00850
25	0.01649	0.49126	0.19852	0.01542	0.06697	0.04075	0.01514	0.01999	0.01358	0.01719	0.01000	0.01195	0.00856	0.00611	0.00576	0.00168	0.04484	0.00412	0.00285	0.00880
26	0.00894	0.00611	0.00737	0.00800	0.00815	0.00596	0.00486	0.00941	0.01082	0.01442	0.02713	0.33939	0.03199	0.46134	0.02319	0.00486	0.00533	0.01333	0.00486	0.00455
27	0.01491	0.01416	0.02430	0.09224	0.54177	0.01428	0.05336	0.01867	0.01485	0.02095	0.04910	0.08145	0.01560	0.00753	0.00681	0.00205	0.00750	0.00735	0.00367	0.00946
28	0.11103	0.07528	0.02221	0.16439	0.06826	0.09795	0.14620	0.07121	0.05037	0.03893	0.01699	0.03634	0.05794	0.00748	0.00638	0.00204	0.00810	0.00652	0.00407	0.00828
29	0.00976	0.00644	0.00757	0.00761	0.00793	0.00659	0.00470	0.01041	0.01019	0.01432	0.02078	0.05796	0.02274	0.57711	0.12971	0.00642	0.00759	0.00914	0.07853	0.00449
30	0.01162	0.00725	0.00878	0.00829	0.01049	0.00636	0.00625	0.01379	0.01637	0.12966	0.25860	0.15140	0.31643	0.01493	0.00769	0.00221	0.00368	0.01285	0.00677	0.00659
31	0.06078	0.01479	0.01561	0.03041	0.01756	0.05874	0.01034	0.28994	0.08371	0.18689	0.04282	0.02245	0.06363	0.00861	0.00642	0.00199	0.00623	0.00673	0.06262	0.00973
32	0.01728	0.05510	0.08835	0.07972	0.05112	0.14884	0.23990	0.04090	0.01586	0.06655	0.01599	0.07160	0.03045	0.00782	0.00752	0.00210	0.04140	0.00718	0.00390	0.00844
33	0.01524	0.01489	0.02553	0.19547	0.33009	0.01583	0.14172	0.02147	0.10950	0.02102	0.01424	0.01791	0.01123	0.00655	0.00723	0.00212	0.03055	0.00642	0.00365	0.00934
34	0.01066	0.00584	0.00807	0.00833	0.00849	0.00577	0.00548	0.00926	0.00974	0.01339	0.01758	0.14970	0.01893	0.12257	0.02245	0.50970	0.00531	0.00847	0.05662	0.00365
35	0.13507	0.01575	0.03943	0.08289	0.11587	0.07796	0.12862	0.07443	0.01527	0.04172	0.01440	0.03406	0.01243	0.03088	0.02250	0.00246	0.07962	0.04514	0.02332	0.00820
36	0.04727	0.00691	0.00704	0.00705	0.00919	0.00604	0.00527	0.01013	0.01493	0.01893	0.11071	0.10609	0.59562	0.01618	0.00764	0.00223	0.00344	0.01356	0.00610	0.00567

[dist]
# distance from previous block
# <min> <max>
0	7

[block]
# block no. 1 follows, 33 sequences, length 24
# corresponding to MSA columns:
# 76-82,84-100
name=unknown_B
#
# <colnr> <probs for GDERKNQSTAVLIFYWHMCP>
#	G	D	E	R	K	N	Q	S	T	A	V	L	I	F	Y	W	H	M	C	P
0	0.01528	0.05275	0.01495	0.01025	0.01565	0.01047	0.00834	0.07214	0.01570	0.06155	0.07037	0.01701	0.01439	0.00603	0.00531	0.00122	0.00508	0.00484	0.00456	0.59412
1	0.13129	0.01108	0.01388	0.06545	0.05477	0.01172	0.03631	0.05307	0.11019	0.02285	0.08329	0.15146	0.02237	0.05196	0.02209	0.01871	0.02933	0.00860	0.00496	0.09662
2	0.01841	0.33690	0.15790	0.01609	0.07723	0.16695	0.01440	0.02168	0.01496	0.05167	0.01109	0.01268	0.00906	0.00607	0.00529	0.00164	0.00837	0.00428	0.00329	0.06206
3	0.01714	0.11024	0.13181	0.02198	0.02815	0.11573	0.36747	0.05838	0.01608	0.02061	0.01213	0.01533	0.00938	0.00620	0.00741	0.00205	0.04151	0.00620	0.00336	0.00884
4	0.00874	0.00675	0.00763	0.00807	0.00950	0.00626	0.00569	0.01123	0.05688	0.01818	0.07423	0.31042	0.33045	0.07813	0.00992	0.00270	0.00385	0.01456	0.03110	0.00570
5	0.00858	0.00596	0.00747	0.00845	0.00870	0.00572	0.00535	0.00931	0.01152	0.01535	0.03070	0.50516	0.03650	0.28942	0.01742	0.00401	0.00474	0.01543	0.00535	0.00486
6	0.00800	0.00642	0.00715	0.00751	0.00917	0.00557	0.00543	0.00968	0.01473	0.01840	0.12599	0.25087	0.47318	0.01741	0.00795	0.00233	0.00344	0.01499	0.00623	0.00557
7	0.00801	0.00578	0.00759	0.00904	0.00952	0.00536	0.00606	0.00918	0.01272	0.01685	0.03780	0.72930	0.07760	0.02043	0.00837	0.00265	0.00380	0.01847	0.00611	0.00536
8	0.00880	0.00661	0.00978	0.01032	0.01121	0.00628	0.05254	0.01040	0.01276	0.01741	0.03311	0.64181	0.03866	0.02033	0.04318	0.00296	0.00492	0.01679	0.04647	0.00565
9	0.01572	0.01501	0.07440	0.01234	0.01844	0.01176	0.04489	0.13920	0.01683	0.02493	0.01252	0.01426	0.00990	0.00556	0.00544	0.00130	0.00600	0.00453	0.00426	0.56271
10	0.01068	0.04576	0.01079	0.00939	0.01049	0.00895	0.00678	0.04653	0.01133	0.01555	0.01845	0.03197	0.01900	0.35384	0.36367	0.00788	0.01174	0.00790	0.00385	0.00547
11	0.81514	0.01273	0.00968	0.00866	0.01273	0.01477	0.00713	0.01935	0.01120	0.02954	0.00917	0.01069	0.00713	0.00611	0.00407	0.00204	0.00509	0.00356	0.00407	0.00713
12	0.07163	0.01691	0.01606	0.01382	0.01709	0.19414	0.04513	0.07173	0.09275	0.10254	0.02530	0.02693	0.14247	0.00994	0.00846	0.00215	0.09773	0.03198	0.00510	0.00814
13	0.01477	0.01406	0.02343	0.13267	0.55121	0.01432	0.01816	0.01849	0.01475	0.02044	0.01866	0.02198	0.09393	0.00723	0.00667	0.00202	0.00742	0.00680	0.00355	0.00944
14	0.00837	0.00597	0.00768	0.00891	0.00940	0.00562	0.00600	0.00948	0.01244	0.01645	0.03565	0.58771	0.07713	0.12566	0.01194	0.00319	0.00428	0.05309	0.00581	0.00521
15	0.01809	0.01760	0.02268	0.02978	0.43277	0.11048	0.01660	0.07955	0.16048	0.02366	0.01533	0.01738	0.01222	0.00678	0.00648	0.00198	0.00776	0.00598	0.00425	0.01013
16	0.01753	0.09248	0.06064	0.12257	0.18828	0.04350	0.05371	0.10261	0.01709	0.09434	0.05151	0.01957	0.04138	0.00720	0.00635	0.00191	0.00742	0.00619	0.00440	0.06130
17	0.07397	0.08775	0.02192	0.05886	0.15187	0.01774	0.04849	0.27543	0.07096	0.10560	0.01563	0.01659	0.01152	0.00710	0.00625	0.00197	0.00714	0.00580	0.00526	0.01014
18	0.09048	0.01585	0.01483	0.01324	0.01627	0.17660	0.03819	0.03585	0.16434	0.04866	0.02454	0.02750	0.11579	0.01413	0.08715	0.00307	0.05810	0.04266	0.00491	0.00784
19	0.00978	0.00634	0.00753	0.00753	0.00759	0.00640	0.00442	0.00957	0.00951	0.01275	0.01948	0.03945	0.02207	0.64237	0.07092	0.10060	0.00691	0.00899	0.00383	0.00396
20	0.01720	0.10614	0.04727	0.06698	0.13765	0.13358	0.10615	0.05550	0.07274	0.04950	0.01823	0.07466	0.05159	0.00827	0.00690	0.00202	0.02565	0.00710	0.00420	0.00866
21	0.01853	0.28264	0.20131	0.01490	0.02087	0.09701	0.01500	0.15945	0.05540	0.02278	0.01219	0.01352	0.00962	0.00682	0.00635	0.00184	0.04390	0.00473	0.00384	0.00928
22	0.01288	0.00926	0.01060	0.03801	0.04090	0.04784	0.00810	0.03712	0.04290	0.05413	0.02648	0.15782	0.06150	0.07662	0.07086	0.00320	0.00626	0.08527	0.20364	0.00664
23	0.01131	0.00900	0.01183	0.01314	0.09506	0.00905	0.00860	0.07987	0.01646	0.02231	0.21552	0.24804	0.14951	0.03162	0.00896	0.00238	0.04205	0.01253	0.00591	0.00684

[dist]
# distance from previous block
# <min> <max>
2	26

[block]
# block no. 2 follows, 33 sequences, length 15
# corresponding to MSA columns:
# 127-141
name=unknown_C
#
# <colnr> <probs for GDERKNQSTAVLIFYWHMCP>
#	G	D	E	R	K	N	Q	S	T	A	V	L	I	F	Y	W	H	M	C	P
0	0.01459	0.05130	0.06544	0.01593	0.07843	0.04717	0.08966	0.08045	0.03596	0.05449	0.05814	0.21311	0.07251	0.01131	0.00750	0.00214	0.02884	0.00995	0.00501	0.05805
1	0.05138	0.01916	0.11594	0.01924	0.14852	0.14448	0.04443	0.09810	0.03392	0.07293	0.01563	0.03548	0.01321	0.07410	0.03067	0.00260	0.00842	0.02267	0.02118	0.02792
2	0.01480	0.05786	0.44007	0.01777	0.05806	0.01465	0.05170	0.05859	0.03214	0.05766	0.08683	0.01847	0.01498	0.00711	0.00640	0.00200	0.00825	0.00589	0.00391	0.04285
3	0.00861	0.00630	0.00723	0.00764	0.00846	0.00584	0.00498	0.00955	0.01240	0.01596	0.06959	0.25351	0.23298	0.30675	0.01785	0.00394	0.00463	0.01351	0.00535	0.00492
4	0.00960	0.00699	0.01028	0.01028	0.01148	0.00809	0.00798	0.01200	0.01080	0.01591	0.01790	0.02577	0.01649	0.04653	0.69221	0.00996	0.01664	0.00699	0.05821	0.00590
5	0.01002	0.00694	0.00871	0.00814	0.01000	0.00626	0.00615	0.01282	0.01794	0.05954	0.56215	0.05061	0.18842	0.01382	0.00771	0.00210	0.00327	0.01203	0.00707	0.00633
6	0.00953	0.00656	0.00807	0.00807	0.00837	0.00686	0.00509	0.01014	0.00984	0.01342	0.01993	0.03860	0.02199	0.58141	0.21807	0.00748	0.00931	0.00892	0.00387	0.00448
7	0.01760	0.77260	0.03450	0.01126	0.01690	0.02605	0.01126	0.01971	0.01338	0.01549	0.00915	0.01056	0.00845	0.00563	0.00422	0.00141	0.00704	0.00352	0.00282	0.00845
8	0.01281	0.01208	0.02042	0.68386	0.11138	0.01472	0.01847	0.01715	0.01334	0.01727	0.01177	0.01743	0.00894	0.00651	0.00658	0.00217	0.00868	0.00585	0.00296	0.00761
9	0.11913	0.01206	0.01880	0.61459	0.07885	0.01470	0.01691	0.01734	0.01300	0.01877	0.01140	0.01657	0.00865	0.00648	0.00625	0.00216	0.00823	0.00555	0.00310	0.00746
10	0.00828	0.00586	0.00746	0.00870	0.00929	0.00545	0.00584	0.00951	0.01273	0.01706	0.03751	0.63203	0.10146	0.05610	0.00939	0.00276	0.00387	0.01724	0.04412	0.00534
11	0.00957	0.00638	0.00718	0.00718	0.00718	0.00638	0.00399	0.00957	0.00957	0.01276	0.02074	0.04308	0.02393	0.76864	0.03351	0.00638	0.00638	0.00957	0.00399	0.00399
12	0.02223	0.07709	0.02065	0.01526	0.01973	0.12353	0.04096	0.41329	0.05836	0.03174	0.01471	0.01568	0.01108	0.00776	0.00729	0.00195	0.05887	0.00565	0.04436	0.00982
13	0.07255	0.04805	0.07859	0.00977	0.01264	0.00910	0.00822	0.01430	0.04705	0.04079	0.08009	0.25274	0.15444	0.07694	0.00924	0.00254	0.00490	0.01147	0.00532	0.06127
14	0.09430	0.05564	0.07705	0.01145	0.01542	0.04237	0.01008	0.05386	0.11457	0.09939	0.14464	0.03276	0.09907	0.01028	0.00665	0.00208	0.00562	0.07136	0.00572	0.04767

[dist]
# distance from previous block
# <min> <max>
3	51

[block]
# block no. 3 follows, 33 sequences, length 20
# corresponding to MSA columns:
# 193-212
name=unknown_D
#
# <colnr> <probs for GDERKNQSTAVLIFYWHMCP>
#	G	D	E	R	K	N	Q	S	T	A	V	L	I	F	Y	W	H	M	C	P
0	0.05827	0.01335	0.04343	0.01488	0.06810	0.04502	0.05364	0.04657	0.16011	0.05156	0.02259	0.09556	0.05541	0.01394	0.08394	0.00300	0.03235	0.03683	0.02671	0.07475
1	0.01375	0.04788	0.03892	0.10420	0.05484	0.01258	0.14342	0.03787	0.06262	0.02178	0.09653	0.04530	0.04803	0.00765	0.00645	0.00180	0.00669	0.00707	0.00437	0.23826
2	0.14297	0.08085	0.10181	0.01956	0.13802	0.10625	0.06875	0.06120	0.04727	0.04144	0.01320	0.01717	0.01093	0.00747	0.00763	0.00209	0.08513	0.03564	0.00389	0.00874
3	0.08340	0.18247	0.14494	0.06225	0.02026	0.07914	0.01307	0.07927	0.08749	0.02174	0.01471	0.06804	0.01268	0.00919	0.03443	0.00221	0.00773	0.00583	0.00404	0.06711
4	0.01504	0.15888	0.15491	0.10154	0.05641	0.01632	0.11764	0.05288	0.04574	0.04369	0.01580	0.09915	0.01418	0.03783	0.00816	0.00225	0.04007	0.00718	0.00387	0.00845
5	0.01384	0.06592	0.01294	0.01052	0.01311	0.05327	0.00807	0.08381	0.13880	0.03738	0.10109	0.14212	0.11729	0.09883	0.01001	0.00261	0.00536	0.03152	0.02862	0.02488
6	0.01734	0.03957	0.01898	0.04547	0.02030	0.03942	0.11409	0.10390	0.29306	0.08508	0.02622	0.02751	0.09036	0.00920	0.00695	0.00217	0.00663	0.03858	0.00582	0.00935
7	0.00849	0.00603	0.00803	0.00946	0.00998	0.00573	0.00662	0.00983	0.01278	0.01697	0.03511	0.62128	0.04152	0.06692	0.01007	0.00296	0.00430	0.11261	0.00597	0.00536
8	0.00858	0.00652	0.00758	0.00762	0.00905	0.00586	0.00541	0.01041	0.01510	0.01978	0.27364	0.15270	0.31079	0.12382	0.01154	0.00283	0.00376	0.01328	0.00618	0.00552
9	0.01559	0.01505	0.02605	0.16347	0.57806	0.01551	0.05055	0.01966	0.01470	0.02068	0.01231	0.01658	0.01012	0.00598	0.00658	0.00201	0.00813	0.00595	0.00320	0.00982
10	0.01365	0.01170	0.01365	0.00975	0.01560	0.00878	0.00780	0.01658	0.01365	0.02145	0.01170	0.01365	0.00975	0.00488	0.00488	0.00098	0.00488	0.00390	0.00390	0.80888
11	0.00875	0.00660	0.00819	0.00879	0.01021	0.00604	0.00668	0.01086	0.01519	0.01983	0.20077	0.25797	0.25097	0.01734	0.00821	0.00247	0.00395	0.14508	0.00636	0.00575
12	0.01651	0.04794	0.04104	0.01507	0.08100	0.14086	0.01117	0.07152	0.07746	0.02225	0.07162	0.04673	0.01601	0.00757	0.00665	0.00167	0.04108	0.00593	0.00443	0.27349
13	0.02503	0.01844	0.01976	0.01515	0.02042	0.02042	0.01251	0.70562	0.03095	0.04149	0.01581	0.01581	0.01120	0.00790	0.00659	0.00198	0.00724	0.00593	0.00659	0.01120
14	0.01365	0.01170	0.01365	0.00975	0.01560	0.00878	0.00780	0.01658	0.01365	0.02145	0.01170	0.01365	0.00975	0.00488	0.00488	0.00098	0.00488	0.00390	0.00390	0.80888
15	0.00837	0.00608	0.00803	0.00937	0.01007	0.00574	0.00664	0.00983	0.01304	0.01718	0.03795	0.59459	0.09872	0.02107	0.03585	0.00297	0.00457	0.09845	0.00601	0.00547
16	0.01475	0.03756	0.20965	0.03973	0.01932	0.01280	0.01365	0.14469	0.05212	0.05518	0.10175	0.11670	0.05524	0.01110	0.00713	0.00224	0.00662	0.08596	0.00533	0.00846
17	0.01633	0.43154	0.26643	0.01420	0.02083	0.07949	0.01562	0.02027	0.01385	0.01732	0.01050	0.01246	0.00877	0.00788	0.03786	0.00207	0.00880	0.00419	0.00288	0.00870
18	0.05147	0.01149	0.04554	0.01128	0.01460	0.01084	0.00926	0.07166	0.12538	0.20237	0.14317	0.11246	0.07370	0.01176	0.00842	0.03913	0.03346	0.00916	0.00643	0.00843
19	0.05437	0.25204	0.14054	0.01644	0.06574	0.16152	0.04563	0.07311	0.01584	0.01989	0.01326	0.04251	0.02956	0.00726	0.00629	0.00185	0.03671	0.00535	0.00354	0.00855

[dist]
# distance from previous block
# <min> <max>
2	28

[block]
# block no. 4 follows, 33 sequences, length 73
# corresponding to MSA columns:
# 241-313
name=unknown_E
#
# <colnr> <probs for GDERKNQSTAVLIFYWHMCP>
#	G	D	E	R	K	N	Q	S	T	A	V	L	I	F	Y	W	H	M	C	P
0	0.01481	0.11474	0.01347	0.00946	0.01256	0.00996	0.00772	0.01769	0.04278	0.17970	0.17181	0.09207	0.22853	0.01266	0.00709	0.00211	0.00456	0.04437	0.00635	0.00755
1	0.01595	0.01234	0.01493	0.04965	0.08198	0.01340	0.01061	0.07537	0.33678	0.07899	0.16754	0.02910	0.04108	0.03320	0.00774	0.00227	0.00536	0.00817	0.00632	0.00922
2	0.02402	0.02050	0.01902	0.01531	0.02005	0.16064	0.01233	0.50195	0.10134	0.03506	0.01588	0.01597	0.01161	0.00779	0.00647	0.00195	0.00793	0.00576	0.00598	0.01042
3	0.00905	0.00675	0.00833	0.00891	0.01020	0.00630	0.00649	0.03667	0.01512	0.01989	0.16330	0.39404	0.20008	0.01778	0.00814	0.00247	0.00390	0.07043	0.00633	0.00583
4	0.00807	0.00608	0.00747	0.00840	0.00939	0.00548	0.00581	0.00953	0.01380	0.01792	0.10509	0.50802	0.23326	0.01890	0.00817	0.00250	0.00362	0.01679	0.00621	0.00548
5	0.01476	0.01193	0.01302	0.01202	0.01510	0.01328	0.00920	0.02831	0.50386	0.05282	0.08006	0.13141	0.06331	0.01126	0.00707	0.00227	0.00478	0.00964	0.00668	0.00919
6	0.01582	0.01380	0.01556	0.11648	0.02105	0.01613	0.01152	0.03245	0.61774	0.02604	0.02469	0.02358	0.01852	0.00860	0.00668	0.00223	0.00571	0.00722	0.00617	0.00999
7	0.02459	0.03138	0.01866	0.01696	0.02035	0.74221	0.01272	0.02629	0.01866	0.01611	0.01018	0.01187	0.00848	0.00678	0.00594	0.00170	0.01187	0.00424	0.00339	0.00763
8	0.00934	0.00681	0.00870	0.00976	0.01077	0.00655	0.00712	0.04662	0.01424	0.01870	0.03780	0.54002	0.10457	0.01916	0.00837	0.00266	0.00434	0.13257	0.00613	0.00580
9	0.81514	0.01273	0.00968	0.00866	0.01273	0.01477	0.00713	0.01935	0.01120	0.02954	0.00917	0.01069	0.00713	0.00611	0.00407	0.00204	0.00509	0.00356	0.00407	0.00713
10	0.01144	0.00572	0.00858	0.00858	0.00858	0.00572	0.00572	0.00858	0.00858	0.01144	0.01144	0.02001	0.01144	0.02287	0.02573	0.80846	0.00572	0.00572	0.00286	0.00286
11	0.00802	0.00573	0.00764	0.00917	0.00955	0.00535	0.00611	0.00917	0.01260	0.01681	0.03628	0.76434	0.04354	0.02062	0.00840	0.00267	0.00382	0.01872	0.00611	0.00535
12	0.02333	0.01781	0.02046	0.01857	0.11882	0.01953	0.01347	0.57287	0.06670	0.03793	0.01594	0.01636	0.01158	0.00768	0.00658	0.00199	0.00721	0.00600	0.00613	0.01105
13	0.02954	0.01120	0.01528	0.01171	0.01681	0.00968	0.00968	0.03208	0.01884	0.73213	0.02597	0.02241	0.01630	0.00815	0.00662	0.00204	0.00560	0.00662	0.00815	0.01120
14	0.00802	0.00573	0.00764	0.00917	0.00955	0.00535	0.00611	0.00917	0.01260	0.01681	0.03628	0.76434	0.04354	0.02062	0.00840	0.00267	0.00382	0.01872	0.00611	0.00535
15	0.01401	0.11332	0.56025	0.01919	0.02804	0.01667	0.11759	0.02076	0.01407	0.02029	0.01173	0.01407	0.00858	0.00609	0.00624	0.00203	0.00962	0.00512	0.00286	0.00947
16	0.01018	0.00831	0.00849	0.00785	0.01050	0.00763	0.00605	0.10650	0.01723	0.02109	0.05960	0.05673	0.62540	0.01545	0.00761	0.00219	0.00388	0.01278	0.00618	0.00634
17	0.01760	0.77260	0.03450	0.01126	0.01690	0.02605	0.01126	0.01971	0.01338	0.01549	0.00915	0.01056	0.00845	0.00563	0.00422	0.00141	0.00704	0.00352	0.00282	0.00845
18	0.01107	0.00716	0.00925	0.00856	0.01050	0.00651	0.00654	0.01399	0.01821	0.09032	0.57792	0.04878	0.11970	0.01341	0.00770	0.00211	0.00344	0.03105	0.00719	0.00660
19	0.01428	0.01646	0.08379	0.11104	0.02317	0.07066	0.08834	0.01721	0.01209	0.01692	0.01109	0.01641	0.00978	0.01434	0.10903	0.00356	0.36536	0.00596	0.00305	0.00748
20	0.00943	0.00696	0.01011	0.01011	0.01112	0.00797	0.00764	0.01145	0.01044	0.01493	0.01807	0.02826	0.01750	0.14965	0.64370	0.00999	0.01607	0.00740	0.00359	0.00561
21	0.00922	0.00629	0.00753	0.00787	0.00804	0.00629	0.00477	0.00965	0.01031	0.01383	0.02390	0.19892	0.02765	0.55236	0.08062	0.00589	0.00666	0.01138	0.00442	0.00442
22	0.01553	0.04123	0.11695	0.09997	0.11300	0.01667	0.21822	0.04456	0.05340	0.04368	0.01369	0.03444	0.01103	0.00754	0.00948	0.00225	0.13923	0.00662	0.00364	0.00886
23	0.01818	0.11125	0.13514	0.04589	0.08531	0.05445	0.06338	0.17481	0.01864	0.08853	0.03957	0.08365	0.03556	0.00846	0.00652	0.00201	0.00756	0.00710	0.00478	0.00922
24	0.01099	0.00821	0.00999	0.00964	0.01142	0.00810	0.02679	0.08348	0.05103	0.02138	0.09959	0.29852	0.16618	0.07888	0.00978	0.00266	0.00450	0.02703	0.06545	0.00639
25	0.00858	0.00705	0.00743	0.00736	0.00951	0.00616	0.00554	0.03432	0.01569	0.01924	0.11131	0.10488	0.59345	0.01640	0.00780	0.00225	0.00354	0.02746	0.00621	0.00580
26	0.01532	0.04463	0.16404	0.08766	0.10431	0.01503	0.10528	0.07661	0.05137	0.04474	0.08717	0.01954	0.01564	0.00750	0.00774	0.00204	0.06603	0.00640	0.00416	0.07479
27	0.08688	0.31607	0.19716	0.01653	0.07333	0.07020	0.04782	0.08458	0.01554	0.02118	0.01092	0.01272	0.00879	0.00613	0.00537	0.00178	0.00812	0.00450	0.00337	0.00901
28	0.01409	0.01146	0.01244	0.01244	0.05293	0.04006	0.00883	0.02352	0.34202	0.02247	0.02651	0.02791	0.09206	0.03832	0.04746	0.08811	0.00585	0.00760	0.11797	0.00794
29	0.01215	0.00994	0.01197	0.04777	0.06668	0.04630	0.00939	0.06337	0.02836	0.03563	0.12492	0.16239	0.17025	0.01579	0.03766	0.00270	0.00586	0.13629	0.00573	0.00687
30	0.01873	0.06964	0.14448	0.05365	0.08615	0.03976	0.13921	0.17997	0.01892	0.10410	0.03131	0.05525	0.01338	0.00757	0.00668	0.00204	0.00817	0.00672	0.00470	0.00957
31	0.04645	0.21237	0.17685	0.02030	0.02694	0.01851	0.32958	0.02025	0.01424	0.01968	0.01183	0.01504	0.00931	0.00712	0.02796	0.00223	0.02359	0.00588	0.00311	0.00876
32	0.01035	0.00835	0.00900	0.00849	0.01088	0.00798	0.00645	0.07109	0.08697	0.02201	0.15743	0.10540	0.44134	0.01496	0.00762	0.00221	0.00385	0.01263	0.00639	0.00661
33	0.01749	0.04649	0.02421	0.09432	0.16544	0.08418	0.17704	0.09298	0.02890	0.07505	0.04036	0.04948	0.03827	0.00791	0.00692	0.00208	0.00827	0.02725	0.00443	0.00893
34	0.01810	0.02101	0.07798	0.12275	0.08919	0.27456	0.01418	0.08087	0.03369	0.02045	0.04666	0.04775	0.02981	0.00820	0.00736	0.00200	0.05667	0.00622	0.03444	0.00812
35	0.00852	0.00668	0.00742	0.00780	0.00966	0.00589	0.00600	0.01046	0.01482	0.01859	0.07671	0.13870	0.48856	0.01677	0.00789	0.00236	0.00379	0.11671	0.04703	0.00566
36	0.07819	0.00790	0.00965	0.01099	0.06325	0.00776	0.00700	0.03351	0.01320	0.04361	0.03242	0.35755	0.12698	0.16275	0.01259	0.00318	0.00483	0.01320	0.00540	0.00603
37	0.01650	0.14304	0.18616	0.06664	0.26837	0.04506	0.10366	0.02103	0.01479	0.05622	0.01242	0.01522	0.00972	0.00607	0.00623	0.00194	0.00862	0.00547	0.00333	0.00952
38	0.07548	0.01026	0.01042	0.00899	0.01181	0.01099	0.00713	0.21963	0.01868	0.02992	0.01889	0.02094	0.01447	0.00762	0.00515	0.00170	0.00445	0.00588	0.50988	0.00770
39	0.12133	0.00776	0.00831	0.00921	0.01019	0.03519	0.00631	0.01128	0.01236	0.01818	0.03007	0.56388	0.03531	0.08688	0.01001	0.00289	0.00454	0.01520	0.00553	0.00556
40	0.04667	0.01604	0.01615	0.03798	0.06566	0.11280	0.01111	0.22269	0.17426	0.02756	0.06253	0.02198	0.01712	0.06459	0.04558	0.00274	0.00749	0.00665	0.03144	0.00896
41	0.01052	0.00724	0.00887	0.00844	0.01041	0.00670	0.00650	0.01381	0.04194	0.06105	0.42833	0.05067	0.20500	0.01380	0.00761	0.00215	0.00357	0.05965	0.04728	0.00646
42	0.01321	0.00720	0.00828	0.00813	0.00997	0.00709	0.00636	0.04241	0.01534	0.07472	0.08374	0.08807	0.02534	0.01063	0.00600	0.00193	0.00389	0.10198	0.47911	0.00663
43	0.01476	0.04646	0.19004	0.01443	0.01894	0.03764	0.05970	0.17390	0.01730	0.02338	0.02043	0.23093	0.02040	0.05299	0.04562	0.00285	0.00776	0.00955	0.00477	0.00814
44	0.01628	0.04552	0.15921	0.06435	0.03171	0.03713	0.45191	0.02170	0.01537	0.07132	0.01364	0.01698	0.00998	0.00596	0.00718	0.00214	0.01022	0.00682	0.00354	0.00906
45	0.00941	0.00703	0.01045	0.01045	0.01158	0.00816	0.00807	0.01167	0.01054	0.01519	0.01775	0.02653	0.01675	0.07713	0.71519	0.01042	0.01720	0.00715	0.00354	0.00580
46	0.00802	0.00573	0.00764	0.00917	0.00955	0.00535	0.00611	0.00917	0.01260	0.01681	0.03628	0.76434	0.04354	0.02062	0.00840	0.00267	0.00382	0.01872	0.00611	0.00535
47	0.08503	0.06125	0.12007	0.10336	0.35816	0.09534	0.04467	0.02054	0.01466	0.02069	0.01158	0.01488	0.00935	0.00609	0.00614	0.00196	0.00847	0.00530	0.00322	0.00925
48	0.01202	0.01088	0.01136	0.01275	0.06315	0.10977	0.00852	0.04946	0.01529	0.01930	0.08869	0.45150	0.06238	0.01612	0.00778	0.00240	0.00542	0.04112	0.00565	0.00645
49	0.00940	0.00705	0.01058	0.01058	0.01176	0.00823	0.00823	0.01176	0.01058	0.01528	0.01763	0.02586	0.01646	0.04937	0.74255	0.01058	0.01763	0.00705	0.00353	0.00588
50	0.05654	0.00987	0.01022	0.00890	0.01160	0.01048	0.00698	0.18060	0.04448	0.05224	0.01984	0.02230	0.01537	0.03247	0.00613	0.00187	0.00444	0.00613	0.49189	0.00765
51	0.01157	0.00837	0.01101	0.01046	0.01139	0.00955	0.00776	0.01382	0.04791	0.05154	0.01949	0.03329	0.01963	0.30909	0.26555	0.00671	0.10749	0.04533	0.00416	0.00586
52	0.05854	0.55884	0.19790	0.01289	0.01941	0.02292	0.01412	0.01996	0.01339	0.01749	0.00978	0.01135	0.00835	0.00580	0.00469	0.00160	0.00757	0.00384	0.00287	0.00868
53	0.01076	0.00759	0.00934	0.00868	0.01071	0.00708	0.00668	0.05113	0.01843	0.05363	0.49196	0.05032	0.18716	0.01381	0.00772	0.00214	0.00363	0.04570	0.00696	0.00655
54	0.01292	0.03166	0.67064	0.01791	0.02683	0.01454	0.02275	0.01999	0.01370	0.02036	0.01306	0.01748	0.01017	0.04892	0.00786	0.00235	0.00942	0.02720	0.00295	0.00929
55	0.01645	0.05861	0.05030	0.05382	0.38539	0.07082	0.03937	0.05607	0.08824	0.02220	0.04543	0.02022	0.04972	0.00723	0.00652	0.00198	0.00758	0.00646	0.00405	0.00953
56	0.00888	0.00641	0.00823	0.00939	0.01008	0.00612	0.00640	0.04481	0.01362	0.01810	0.03620	0.70388	0.06343	0.01985	0.00829	0.00262	0.00398	0.01791	0.00614	0.00565
57	0.00937	0.00690	0.00997	0.01003	0.01101	0.00785	0.00753	0.01134	0.01052	0.01498	0.01883	0.05811	0.01863	0.15223	0.61044	0.00965	0.01545	0.00789	0.00370	0.00558
58	0.02160	0.13920	0.02168	0.01807	0.08369	0.47666	0.01319	0.02443	0.05357	0.01709	0.01098	0.01293	0.00928	0.00699	0.00694	0.00179	0.06580	0.00456	0.00343	0.00812
59	0.05738	0.05588	0.01953	0.01425	0.01946	0.01911	0.01187	0.55706	0.02771	0.12737	0.01649	0.01617	0.01154	0.00774	0.00637	0.00196	0.00694	0.00580	0.00649	0.01089
60	0.02416	0.02895	0.01887	0.01675	0.02021	0.61772	0.01277	0.11065	0.01978	0.01927	0.01081	0.01248	0.00883	0.00715	0.00676	0.00179	0.04669	0.00452	0.00377	0.00806
61	0.01077	0.04730	0.04853	0.00917	0.01161	0.00812	0.00759	0.01445	0.04410	0.05024	0.51986	0.06122	0.11634	0.01279	0.00744	0.00207	0.00386	0.01110	0.00667	0.00677
62	0.05358	0.06478	0.27098	0.02036	0.11891	0.01608	0.11032	0.09777	0.08033	0.02404	0.03973	0.04580	0.01345	0.00730	0.00649	0.00207	0.00813	0.00639	0.00405	0.00945
63	0.01052	0.00695	0.00825	0.00804	0.00859	0.00709	0.00506	0.01176	0.03731	0.04052	0.05781	0.03992	0.02464	0.58777	0.11356	0.00633	0.00746	0.00921	0.00436	0.00483
64	0.00835	0.00595	0.00787	0.00899	0.00950	0.00567	0.00606	0.00967	0.01290	0.01743	0.10701	0.59432	0.04259	0.08033	0.04743	0.00330	0.00464	0.01668	0.00593	0.00536
65	0.02129	0.15032	0.02202	0.05419	0.04793	0.48209	0.03537	0.02344	0.01692	0.01675	0.03411	0.01365	0.01042	0.00692	0.00646	0.00176	0.04045	0.00470	0.00337	0.00783
66	0.07491	0.01842	0.09653	0.02537	0.12657	0.03874	0.40943	0.02123	0.05046	0.02179	0.01539	0.01860	0.03792	0.00634	0.00707	0.00214	0.00949	0.00703	0.00360	0.00895
67	0.00810	0.00588	0.00764	0.00889	0.00951	0.00543	0.00603	0.00943	0.01325	0.01760	0.08999	0.65211	0.10232	0.01976	0.00830	0.00259	0.00373	0.01780	0.00620	0.00543
68	0.01708	0.01499	0.01964	0.14038	0.06252	0.07192	0.07060	0.11210	0.08103	0.07229	0.06250	0.04409	0.02736	0.00907	0.00990	0.00226	0.16209	0.00702	0.00465	0.00853
69	0.07299	0.15621	0.21590	0.01779	0.05477	0.10870	0.12419	0.06851	0.01593	0.02160	0.04974	0.03895	0.01278	0.00702	0.00612	0.00194	0.00862	0.00584	0.00367	0.00873
70	0.01789	0.16213	0.06909	0.06982	0.04291	0.27284	0.01272	0.04648	0.01584	0.01783	0.04229	0.01963	0.06442	0.05014	0.00870	0.00213	0.06796	0.00581	0.00367	0.00769
71	0.25040	0.01746	0.11568	0.01749	0.12552	0.01601	0.04804	0.20898	0.03260	0.02959	0.01333	0.01506	0.01005	0.00673	0.00571	0.00199	0.00689	0.00522	0.06405	0.00919
72	0.05006	0.01420	0.01609	0.01546	0.08109	0.11334	0.04621	0.08998	0.03944	0.19649	0.02531	0.13945	0.06759	0.01085	0.00703	0.00218	0.00671	0.06411	0.00581	0.00863

[dist]
# distance from previous block
# <min> <max>
0	2

[block]
# block no. 5 follows, 33 sequences, length 19
# corresponding to MSA columns:
# 316-334
name=unknown_F
#
# <colnr> <probs for GDERKNQSTAVLIFYWHMCP>
#	G	D	E	R	K	N	Q	S	T	A	V	L	I	F	Y	W	H	M	C	P
0	0.04022	0.04428	0.01631	0.04371	0.01790	0.01429	0.03158	0.19189	0.17589	0.14097	0.05096	0.04852	0.07992	0.02964	0.00735	0.00216	0.00591	0.00761	0.00616	0.04471
1	0.02044	0.08728	0.04923	0.01692	0.08820	0.16576	0.01288	0.28952	0.02146	0.02716	0.01686	0.04124	0.05078	0.00827	0.00704	0.00194	0.04623	0.00616	0.03344	0.00920
2	0.05386	0.05083	0.04844	0.04806	0.22347	0.19052	0.16102	0.07795	0.01679	0.02151	0.01188	0.01492	0.00952	0.00644	0.00701	0.00198	0.03757	0.00565	0.00356	0.00903
3	0.01144	0.00572	0.00858	0.00858	0.00858	0.00572	0.00572	0.00858	0.00858	0.01144	0.01144	0.02001	0.01144	0.02287	0.02573	0.80846	0.00572	0.00572	0.00286	0.00286
4	0.01404	0.01869	0.19384	0.20680	0.15812	0.01500	0.12795	0.03770	0.04492	0.02045	0.01583	0.04230	0.04019	0.00734	0.00719	0.00216	0.02843	0.00673	0.00351	0.00881
5	0.01700	0.06799	0.11403	0.04965	0.15073	0.07393	0.09926	0.13646	0.05347	0.02329	0.01450	0.04862	0.01207	0.00972	0.04783	0.00250	0.03954	0.00635	0.00406	0.02901
6	0.01141	0.00812	0.01077	0.04108	0.07164	0.00878	0.00800	0.01388	0.01319	0.02022	0.10590	0.04911	0.05293	0.10775	0.11412	0.00370	0.07120	0.00798	0.27393	0.00630
7	0.01063	0.00895	0.01068	0.01062	0.01179	0.06978	0.00797	0.01257	0.01125	0.01512	0.01842	0.06765	0.01821	0.13325	0.55199	0.00887	0.01499	0.00777	0.00372	0.00576
8	0.01820	0.34982	0.11053	0.04624	0.05670	0.16315	0.07238	0.04914	0.01532	0.01813	0.01053	0.01274	0.00880	0.00629	0.00607	0.00175	0.03790	0.00457	0.00315	0.00859
9	0.08279	0.13794	0.13628	0.01685	0.05025	0.21172	0.05935	0.13951	0.06428	0.02346	0.01256	0.01398	0.00975	0.00669	0.00588	0.00187	0.00882	0.00497	0.00401	0.00904
10	0.01091	0.00859	0.01033	0.01055	0.04136	0.00858	0.00740	0.04305	0.13029	0.02322	0.28798	0.16158	0.16569	0.04973	0.00882	0.00242	0.00413	0.01205	0.00642	0.00691
11	0.00802	0.00573	0.00764	0.00917	0.00955	0.00535	0.00611	0.00917	0.01260	0.01681	0.03628	0.76434	0.04354	0.02062	0.00840	0.00267	0.00382	0.01872	0.00611	0.00535
12	0.13650	0.05944	0.13737	0.01541	0.05658	0.08933	0.01331	0.12340	0.16710	0.07554	0.01641	0.03359	0.01260	0.00765	0.00644	0.00204	0.02722	0.00576	0.00491	0.00940
13	0.05680	0.01916	0.04997	0.07430	0.27861	0.15995	0.05901	0.08895	0.07624	0.05338	0.01391	0.01615	0.01081	0.00666	0.00639	0.00197	0.00847	0.00569	0.00411	0.00949
14	0.00846	0.00638	0.00776	0.00866	0.00963	0.00596	0.00595	0.01051	0.04371	0.01771	0.07148	0.51014	0.19527	0.05438	0.00935	0.00270	0.00386	0.01642	0.00609	0.00559
15	0.01901	0.17550	0.04145	0.02068	0.19658	0.15777	0.03226	0.08341	0.07399	0.04354	0.01314	0.01480	0.01055	0.00640	0.00582	0.00173	0.00796	0.00506	0.00397	0.08636
16	0.21045	0.07277	0.01439	0.01079	0.01486	0.04399	0.00882	0.06193	0.11947	0.21140	0.05954	0.02310	0.07529	0.00848	0.00588	0.00200	0.00547	0.00650	0.03605	0.00882
17	0.01099	0.04180	0.03876	0.01016	0.01248	0.00873	0.03596	0.07317	0.01650	0.02212	0.24921	0.22081	0.15972	0.01490	0.00861	0.04681	0.00458	0.01228	0.00595	0.00648
18	0.08342	0.08291	0.16790	0.01631	0.02162	0.31896	0.06191	0.02484	0.06379	0.07965	0.01303	0.01426	0.00989	0.00671	0.00596	0.00188	0.00949	0.00492	0.00390	0.00866

[dist]
# distance from previous block
# <min> <max>
1	8

[block]
# block no. 6 follows, 33 sequences, length 38
# corresponding to MSA columns:
# 344-381
name=unknown_G
#
# <colnr> <probs for GDERKNQSTAVLIFYWHMCP>
#	G	D	E	R	K	N	Q	S	T	A	V	L	I	F	Y	W	H	M	C	P
0	0.01692	0.01488	0.01756	0.04076	0.13445	0.06124	0.01199	0.16017	0.09320	0.02494	0.01579	0.06469	0.01349	0.00900	0.02944	0.00207	0.04651	0.00626	0.00466	0.23197
1	0.00813	0.00580	0.00776	0.00929	0.00971	0.00544	0.00629	0.00935	0.01271	0.01692	0.03623	0.73634	0.04331	0.02053	0.00843	0.00269	0.00391	0.04568	0.00611	0.00538
2	0.01997	0.01767	0.06611	0.01809	0.02360	0.01727	0.20482	0.33643	0.08852	0.06025	0.06518	0.01963	0.01524	0.00764	0.00699	0.00208	0.00792	0.00696	0.00557	0.01005
3	0.01866	0.11221	0.02962	0.04284	0.12244	0.01829	0.28227	0.18779	0.04856	0.05130	0.01425	0.01663	0.01077	0.00644	0.00675	0.00202	0.00869	0.00642	0.00435	0.00971
4	0.00950	0.00666	0.00857	0.00857	0.00906	0.00714	0.00573	0.01047	0.00999	0.01380	0.01947	0.03602	0.02087	0.47360	0.32435	0.00810	0.01100	0.00854	0.00380	0.00476
5	0.00894	0.00658	0.00810	0.00823	0.00943	0.00613	0.00581	0.01125	0.03022	0.02092	0.34372	0.23301	0.15228	0.11199	0.01119	0.00280	0.00379	0.01356	0.00636	0.00570
6	0.02048	0.24234	0.02430	0.10077	0.02271	0.35970	0.04101	0.05843	0.01673	0.01754	0.01043	0.01268	0.00871	0.00659	0.00613	0.00174	0.03383	0.00450	0.00332	0.00806
7	0.01275	0.01328	0.08357	0.13331	0.24604	0.01183	0.01426	0.03903	0.01431	0.01965	0.03697	0.12258	0.08976	0.06213	0.04158	0.00278	0.00728	0.00865	0.00411	0.03615
8	0.05104	0.07303	0.22711	0.02148	0.14950	0.08446	0.08971	0.13085	0.04590	0.04581	0.01331	0.01519	0.01003	0.00654	0.00629	0.00198	0.00866	0.00548	0.00396	0.00968
9	0.01582	0.11174	0.23494	0.06909	0.09688	0.01651	0.01632	0.13335	0.09789	0.02368	0.01613	0.05503	0.01347	0.00966	0.03746	0.00241	0.00813	0.02798	0.00423	0.00930
10	0.00869	0.00648	0.00903	0.01001	0.01079	0.00617	0.02782	0.01064	0.03217	0.01776	0.05984	0.65035	0.04217	0.01943	0.00836	0.00265	0.00420	0.06169	0.00608	0.00567
11	0.01431	0.10090	0.19882	0.04244	0.06795	0.04407	0.03198	0.06635	0.08420	0.02128	0.06406	0.08461	0.06909	0.04628	0.00839	0.00230	0.03254	0.00771	0.00437	0.00836
12	0.01617	0.12251	0.32430	0.03748	0.08679	0.05857	0.12185	0.04113	0.03876	0.04940	0.01274	0.01500	0.00961	0.00645	0.00675	0.00201	0.03229	0.00542	0.00341	0.00937
13	0.01750	0.14412	0.01892	0.01567	0.09546	0.19863	0.01122	0.02160	0.09792	0.06787	0.04483	0.06250	0.09608	0.01114	0.04264	0.00236	0.03166	0.00715	0.00457	0.00815
14	0.01544	0.02254	0.35077	0.01575	0.02184	0.01441	0.04147	0.14627	0.01632	0.05495	0.01484	0.01976	0.01212	0.11123	0.07960	0.00346	0.04033	0.00611	0.00398	0.00882
15	0.01807	0.07689	0.13928	0.01898	0.13363	0.14653	0.03877	0.04113	0.03421	0.11296	0.03860	0.09227	0.01627	0.00877	0.00706	0.00206	0.03251	0.02870	0.00448	0.00885
16	0.01780	0.03392	0.19578	0.06941	0.11806	0.05784	0.01586	0.15263	0.10231	0.08048	0.01743	0.07860	0.01415	0.00822	0.00658	0.00208	0.00765	0.00680	0.00478	0.00963
17	0.00865	0.00658	0.00802	0.00866	0.00986	0.00614	0.00611	0.01121	0.05191	0.01936	0.16889	0.43303	0.20172	0.01778	0.00805	0.00244	0.00365	0.01576	0.00635	0.00583
18	0.01465	0.01372	0.03979	0.10434	0.29582	0.03775	0.03264	0.01924	0.06543	0.05070	0.12090	0.02734	0.07706	0.00889	0.00758	0.00212	0.04032	0.02849	0.00454	0.00868
19	0.04359	0.08856	0.16417	0.06509	0.11195	0.03784	0.02926	0.08115	0.09030	0.02188	0.01985	0.06531	0.07412	0.03893	0.00811	0.00226	0.03765	0.00712	0.00423	0.00862
20	0.00845	0.00627	0.00792	0.00897	0.00981	0.00589	0.00617	0.01053	0.04193	0.01820	0.10005	0.59073	0.12252	0.01906	0.00821	0.00255	0.00376	0.01710	0.00624	0.00565
21	0.01829	0.50880	0.10185	0.05279	0.02029	0.13343	0.01325	0.05226	0.01503	0.01740	0.01002	0.01172	0.00859	0.00603	0.00493	0.00159	0.00815	0.00400	0.00308	0.00852
22	0.04014	0.01639	0.05030	0.14864	0.12004	0.09286	0.07518	0.07021	0.01480	0.02011	0.04397	0.01866	0.01256	0.05800	0.01190	0.00252	0.18587	0.00624	0.00362	0.00800
23	0.01957	0.01864	0.08147	0.04210	0.18036	0.10832	0.04872	0.18389	0.07775	0.08714	0.01630	0.04202	0.01280	0.00941	0.03975	0.00240	0.00845	0.00636	0.00483	0.00972
24	0.00848	0.00642	0.00782	0.00804	0.00946	0.00576	0.00581	0.01058	0.01580	0.02102	0.32604	0.25869	0.25915	0.01650	0.00795	0.00229	0.00338	0.01447	0.00657	0.00576
25	0.02167	0.12647	0.02095	0.07400	0.05081	0.44541	0.01305	0.07205	0.07968	0.01906	0.01210	0.01371	0.00979	0.00684	0.00589	0.00177	0.00991	0.00473	0.00378	0.00832
26	0.06935	0.08253	0.04413	0.01894	0.14009	0.12453	0.03672	0.17371	0.11467	0.07677	0.01620	0.01859	0.01271	0.00753	0.00627	0.00198	0.00765	0.03307	0.00494	0.00961
27	0.01616	0.08075	0.08624	0.06770	0.40752	0.09751	0.01754	0.01973	0.01478	0.01954	0.01462	0.04082	0.04031	0.00719	0.00703	0.00198	0.04185	0.00614	0.00337	0.00922
28	0.00822	0.00581	0.00758	0.00891	0.00925	0.00548	0.00584	0.00922	0.01222	0.01629	0.03430	0.67220	0.04104	0.11619	0.01161	0.00315	0.00415	0.01755	0.00584	0.00517
29	0.01660	0.01619	0.02320	0.11210	0.32983	0.10119	0.09797	0.04318	0.04055	0.04613	0.01812	0.04543	0.06492	0.00758	0.00678	0.00204	0.00814	0.00702	0.00396	0.00907
30	0.01586	0.07430	0.08571	0.06454	0.25948	0.06021	0.14106	0.02041	0.04460	0.04963	0.03231	0.09188	0.01498	0.00780	0.00675	0.00206	0.00811	0.00737	0.00391	0.00902
31	0.01013	0.00713	0.00874	0.00866	0.01009	0.00681	0.00638	0.01192	0.01458	0.05710	0.19711	0.16146	0.23041	0.13943	0.01272	0.00302	0.03601	0.06648	0.00599	0.00583
32	0.01507	0.01559	0.06307	0.16289	0.50349	0.01503	0.05019	0.01930	0.01481	0.02086	0.04695	0.01806	0.01252	0.00637	0.00663	0.00202	0.00801	0.00619	0.00337	0.00957
33	0.06157	0.11745	0.07981	0.10129	0.17078	0.07169	0.07027	0.09524	0.02874	0.02236	0.04675	0.02033	0.07116	0.00750	0.00629	0.00196	0.00772	0.00633	0.00402	0.00874
34	0.07196	0.11099	0.19755	0.01743	0.08092	0.04158	0.10131	0.03728	0.07334	0.07093	0.06250	0.02145	0.06937	0.00772	0.00634	0.00201	0.00754	0.00654	0.00433	0.00892
35	0.00810	0.00643	0.00720	0.00765	0.00920	0.00564	0.00551	0.00965	0.01423	0.01770	0.08261	0.25702	0.44847	0.05433	0.00925	0.00257	0.00371	0.03918	0.00606	0.00547
36	0.04633	0.56915	0.06587	0.01313	0.01872	0.09656	0.04902	0.04380	0.01457	0.01749	0.00983	0.01142	0.00858	0.00587	0.00476	0.00155	0.00781	0.00397	0.00307	0.00850
37	0.04350	0.11505	0.21238	0.01856	0.11280	0.07344	0.05240	0.09442	0.08619	0.02322	0.06679	0.01857	0.01467	0.03166	0.00709	0.00210	0.00792	0.00594	0.00414	0.00914

[dist]
# distance from previous block
# <min> <max>
0	1

[block]
# block no. 7 follows, 33 sequences, length 20
# corresponding to MSA columns:
# 383-402
name=unknown_H
#
# <colnr> <probs for GDERKNQSTAVLIFYWHMCP>
#	G	D	E	R	K	N	Q	S	T	A	V	L	I	F	Y	W	H	M	C	P
0	0.05831	0.02482	0.01637	0.01476	0.01807	0.51187	0.01121	0.05190	0.04817	0.05125	0.01324	0.01485	0.01056	0.00870	0.03446	0.00209	0.01013	0.00483	0.08660	0.00781
1	0.01643	0.01023	0.01382	0.04595	0.04737	0.01090	0.00979	0.08428	0.01518	0.18951	0.02329	0.08552	0.06666	0.08624	0.19064	0.00465	0.07822	0.00824	0.00526	0.00783
2	0.04056	0.11105	0.07226	0.01801	0.07855	0.15086	0.12436	0.08175	0.04810	0.09526	0.04768	0.07142	0.01535	0.00795	0.00646	0.00197	0.00817	0.00681	0.00456	0.00887
3	0.01357	0.01271	0.04867	0.01559	0.05864	0.03133	0.12995	0.10335	0.03378	0.02122	0.02416	0.19299	0.06146	0.12715	0.01186	0.00293	0.03036	0.04218	0.03079	0.00732
4	0.04951	0.01295	0.02039	0.61665	0.09180	0.04137	0.04066	0.01767	0.01349	0.01785	0.01163	0.01695	0.00885	0.00648	0.00648	0.00215	0.00873	0.00575	0.00303	0.00759
5	0.07226	0.14860	0.05511	0.05548	0.14931	0.07710	0.12950	0.07609	0.07275	0.04354	0.03213	0.01777	0.01244	0.00688	0.00622	0.00196	0.00802	0.02169	0.00408	0.00906
6	0.01617	0.06726	0.11207	0.05027	0.13080	0.05350	0.05998	0.04943	0.16353	0.06632	0.05082	0.03975	0.04583	0.03830	0.00761	0.00221	0.00713	0.00706	0.02293	0.00903
