[name]
unknown

[dist]
# distance from previous block
# <min> <max>
6	63

[block]
# block no. 0 follows, 34 sequences, length 21
# corresponding to MSA columns:
# 63-83
name=unknown_A
#
# <colnr> <probs for GDERKNQSTAVLIFYWHMCP>
#	G	D	E	R	K	N	Q	S	T	A	V	L	I	F	Y	W	H	M	C	P
0	0.04034	0.00799	0.00969	0.00930	0.01102	0.00788	0.00675	0.08063	0.01534	0.10491	0.13806	0.30807	0.03338	0.11518	0.02985	0.00298	0.00485	0.01197	0.05525	0.00655
1	0.07575	0.00770	0.00991	0.01004	0.01151	0.00775	0.03427	0.05672	0.01383	0.01987	0.05421	0.47388	0.05971	0.01878	0.05957	0.00300	0.00532	0.04012	0.03203	0.00603
2	0.01438	0.00847	0.01065	0.01031	0.01237	0.00826	0.00759	0.06124	0.08860	0.17486	0.05625	0.45647	0.03322	0.01536	0.00756	0.00238	0.00446	0.01362	0.00656	0.00740
3	0.04173	0.00824	0.00979	0.00954	0.01125	0.00816	0.00684	0.09443	0.02914	0.09461	0.05433	0.38530	0.07492	0.12731	0.01125	0.00294	0.00471	0.01307	0.00593	0.00652
4	0.05609	0.00884	0.03607	0.01017	0.01185	0.00825	0.02840	0.05396	0.01328	0.06079	0.05045	0.33000	0.06197	0.10189	0.01296	0.10204	0.03007	0.01183	0.00514	0.00593
5	0.06645	0.03623	0.01009	0.00899	0.01109	0.02796	0.00671	0.03819	0.03861	0.07026	0.05297	0.24488	0.12393	0.06837	0.04279	0.00278	0.00511	0.01081	0.09968	0.03408
6	0.09514	0.04001	0.09545	0.01862	0.04917	0.12765	0.18405	0.15451	0.01738	0.02390	0.01261	0.03714	0.01022	0.00719	0.00770	0.00204	0.07869	0.00593	0.00395	0.02866
7	0.04243	0.03446	0.05149	0.01122	0.01346	0.04209	0.03384	0.06576	0.01462	0.02066	0.15489	0.12973	0.05100	0.10293	0.02564	0.02958	0.09057	0.00910	0.05292	0.02363
8	0.01656	0.00833	0.01080	0.00927	0.01207	0.00762	0.00727	0.01996	0.04278	0.27256	0.38999	0.03590	0.03950	0.01068	0.00689	0.00197	0.00397	0.00917	0.08678	0.00794
9	0.01382	0.10522	0.03456	0.01261	0.01516	0.09501	0.05491	0.03961	0.01445	0.04398	0.12565	0.14909	0.02429	0.03740	0.13195	0.00359	0.07850	0.00873	0.00453	0.00695
10	0.56781	0.01202	0.01124	0.00945	0.01377	0.01291	0.00779	0.02296	0.01338	0.25387	0.01424	0.01415	0.00985	0.00663	0.00479	0.00200	0.00516	0.00445	0.00527	0.00827
11	0.01264	0.00766	0.01111	0.06243	0.01393	0.00814	0.00835	0.01442	0.01218	0.12736	0.04599	0.02723	0.07287	0.03203	0.40070	0.11331	0.01171	0.00730	0.00437	0.00628
12	0.01323	0.01258	0.02106	0.53996	0.20885	0.01492	0.01817	0.01725	0.01317	0.01756	0.01147	0.01674	0.00900	0.00658	0.00733	0.00214	0.05341	0.00574	0.00295	0.00791
13	0.01631	0.09438	0.10208	0.04388	0.06696	0.16832	0.17977	0.02000	0.01489	0.01888	0.01239	0.04636	0.01052	0.00634	0.00607	0.00173	0.00868	0.00568	0.00339	0.17337
14	0.03058	0.00890	0.01094	0.00972	0.01191	0.04589	0.02815	0.01566	0.01722	0.11581	0.48998	0.03939	0.04530	0.03927	0.06013	0.00274	0.00520	0.00991	0.00648	0.00681
15	0.00963	0.00837	0.01096	0.00982	0.01157	0.00866	0.03710	0.01189	0.01515	0.02023	0.28637	0.04694	0.33741	0.01390	0.01001	0.00224	0.13662	0.01129	0.00572	0.00610
16	0.01463	0.01708	0.08234	0.37215	0.10078	0.11475	0.12135	0.01886	0.01438	0.01815	0.03965	0.01723	0.01092	0.00661	0.00687	0.00207	0.02514	0.00596	0.00318	0.00789
17	0.01310	0.01114	0.01306	0.00947	0.01491	0.00844	0.00755	0.01598	0.01374	0.02140	0.06194	0.01585	0.01318	0.00538	0.00498	0.00103	0.00466	0.00438	0.00406	0.75574
18	0.01623	0.01589	0.02555	0.12066	0.43098	0.06176	0.10803	0.01995	0.01452	0.04340	0.01220	0.01610	0.00991	0.00639	0.00775	0.00204	0.07017	0.00591	0.00330	0.00926
19	0.01444	0.07024	0.29635	0.01639	0.02291	0.01460	0.11315	0.02035	0.06356	0.04811	0.03745	0.01619	0.01162	0.00666	0.00726	0.00189	0.06800	0.00546	0.00365	0.16173
20	0.01630	0.04600	0.08265	0.02781	0.39045	0.01622	0.03757	0.06514	0.20526	0.02358	0.01601	0.01777	0.01257	0.00670	0.00638	0.00199	0.00718	0.00606	0.00425	0.01010

[dist]
# distance from previous block
# <min> <max>
0	2

[block]
# block no. 1 follows, 34 sequences, length 100
# corresponding to MSA columns:
# 86-185
name=unknown_B
#
# <colnr> <probs for GDERKNQSTAVLIFYWHMCP>
#	G	D	E	R	K	N	Q	S	T	A	V	L	I	F	Y	W	H	M	C	P
0	0.01318	0.01429	0.13444	0.01396	0.05304	0.01181	0.01193	0.02215	0.26849	0.04413	0.08005	0.12764	0.05665	0.01160	0.00717	0.00230	0.00571	0.10744	0.00565	0.00836
1	0.01706	0.01437	0.01517	0.01335	0.01718	0.01653	0.01047	0.11321	0.64046	0.02862	0.02504	0.02311	0.01871	0.00865	0.00656	0.00216	0.00535	0.00713	0.00656	0.01032
2	0.01630	0.01399	0.01474	0.01320	0.01689	0.01618	0.01028	0.05244	0.70247	0.02740	0.02601	0.02388	0.01949	0.00874	0.00657	0.00218	0.00517	0.00727	0.00657	0.01025
3	0.02309	0.01737	0.01856	0.01457	0.01948	0.01935	0.01193	0.59409	0.14975	0.03835	0.01738	0.01700	0.01250	0.00793	0.00648	0.00198	0.00676	0.00607	0.00648	0.01086
4	0.01296	0.03342	0.73944	0.01842	0.02797	0.01501	0.02387	0.02046	0.01364	0.02046	0.01160	0.01364	0.00818	0.00614	0.00614	0.00205	0.00955	0.00477	0.00273	0.00955
5	0.01364	0.04603	0.45902	0.01783	0.04368	0.01501	0.07720	0.02242	0.14648	0.02172	0.04386	0.01853	0.03164	0.00709	0.00640	0.00207	0.00829	0.00598	0.00377	0.00935
6	0.01302	0.00973	0.01262	0.01000	0.01402	0.00796	0.04210	0.01575	0.01501	0.08801	0.16864	0.09477	0.09099	0.00934	0.00625	0.00160	0.00456	0.00813	0.00527	0.38222
7	0.01583	0.05275	0.04539	0.08555	0.53254	0.01617	0.06244	0.04006	0.01476	0.02079	0.01193	0.01573	0.00989	0.00610	0.00704	0.00197	0.04242	0.00573	0.00323	0.00969
8	0.01379	0.01219	0.01358	0.00983	0.01548	0.03551	0.00783	0.01662	0.01358	0.02086	0.01143	0.01333	0.00952	0.00485	0.00482	0.00098	0.00504	0.00384	0.00381	0.78311
9	0.01122	0.00561	0.00842	0.00842	0.00842	0.00561	0.00561	0.00842	0.00842	0.01122	0.01122	0.01964	0.01122	0.02245	0.02525	0.81201	0.00561	0.00561	0.00281	0.00281
10	0.01008	0.00835	0.01195	0.10435	0.06071	0.00910	0.00967	0.01247	0.01308	0.01759	0.09056	0.13397	0.14350	0.04218	0.16768	0.00421	0.06522	0.08445	0.00469	0.00620
11	0.01220	0.01148	0.01938	0.75739	0.04450	0.01436	0.01794	0.01651	0.01292	0.01651	0.01148	0.01723	0.00861	0.00646	0.00646	0.00215	0.00861	0.00574	0.00287	0.00718
12	0.01634	0.01401	0.01476	0.01320	0.01690	0.01619	0.01029	0.05537	0.69948	0.02745	0.02596	0.02384	0.01945	0.00873	0.00657	0.00218	0.00518	0.00726	0.00657	0.01025
13	0.00782	0.00655	0.00680	0.00674	0.00884	0.00553	0.00505	0.00962	0.01515	0.01847	0.14500	0.06052	0.64982	0.01599	0.00763	0.00216	0.00325	0.01340	0.00613	0.00553
14	0.00923	0.00692	0.01038	0.01038	0.01154	0.00808	0.00808	0.01154	0.01038	0.01500	0.01731	0.02538	0.01615	0.04846	0.74732	0.01038	0.01731	0.00692	0.00346	0.00577
15	0.28988	0.05965	0.07855	0.01372	0.04394	0.01788	0.01170	0.35573	0.02090	0.03291	0.01250	0.01340	0.00923	0.00683	0.00548	0.00194	0.00662	0.00481	0.00499	0.00935
16	0.09319	0.03737	0.01570	0.01301	0.01706	0.01703	0.01037	0.17287	0.48992	0.02970	0.02192	0.02064	0.01638	0.00820	0.00624	0.00210	0.00557	0.00652	0.00620	0.01002
17	0.01406	0.01676	0.11331	0.02470	0.18060	0.01398	0.31984	0.03547	0.01569	0.02175	0.11274	0.02360	0.06213	0.00739	0.00715	0.00208	0.00840	0.00776	0.00396	0.00864
18	0.01258	0.01097	0.01483	0.09333	0.18419	0.05164	0.01105	0.01580	0.01647	0.03724	0.36455	0.03284	0.05407	0.00979	0.00689	0.00193	0.00537	0.00866	0.00530	0.06247
19	0.01296	0.03342	0.73944	0.01842	0.02797	0.01501	0.02387	0.02046	0.01364	0.02046	0.01160	0.01364	0.00818	0.00614	0.00614	0.00205	0.00955	0.00477	0.00273	0.00955
20	0.00789	0.00637	0.00701	0.00724	0.00898	0.00550	0.00528	0.00961	0.01474	0.01840	0.14876	0.19993	0.50427	0.01671	0.00776	0.00225	0.00334	0.01431	0.00615	0.00550
21	0.00914	0.00660	0.00864	0.00813	0.00965	0.00610	0.00610	0.01219	0.01829	0.02591	0.72921	0.04827	0.06097	0.01321	0.00762	0.00203	0.00305	0.01169	0.00711	0.00610
22	0.01607	0.01388	0.01461	0.01315	0.01680	0.01607	0.01023	0.03433	0.72094	0.02703	0.02630	0.02411	0.01972	0.00877	0.00657	0.00219	0.00511	0.00731	0.00657	0.01023
23	0.01340	0.01148	0.01340	0.00957	0.01531	0.00861	0.00766	0.01627	0.01340	0.02105	0.01148	0.01340	0.00957	0.00479	0.00479	0.00096	0.00479	0.00383	0.00383	0.81242
24	0.01574	0.01359	0.01430	0.01289	0.01649	0.01566	0.01002	0.03336	0.69336	0.02666	0.02783	0.02559	0.04746	0.00906	0.00662	0.00219	0.00504	0.00755	0.00655	0.01004
25	0.00904	0.00660	0.00850	0.00802	0.00959	0.00605	0.00602	0.01200	0.01805	0.02534	0.68435	0.04921	0.10618	0.01342	0.00762	0.00204	0.00306	0.01182	0.00704	0.00605
26	0.00774	0.00655	0.00668	0.00665	0.00879	0.00550	0.00499	0.00946	0.01496	0.01801	0.10890	0.06127	0.68621	0.01616	0.00764	0.00217	0.00326	0.01351	0.00607	0.00550
27	0.08620	0.07636	0.01620	0.01124	0.01621	0.01123	0.00945	0.02953	0.01748	0.62338	0.02287	0.02015	0.01467	0.00764	0.00611	0.00195	0.00558	0.00602	0.00726	0.01047
28	0.81856	0.01250	0.00950	0.00850	0.01250	0.01449	0.00700	0.01899	0.01100	0.02899	0.00900	0.01050	0.00700	0.00600	0.00400	0.00200	0.00500	0.00350	0.00400	0.00700
29	0.00914	0.00660	0.00864	0.00813	0.00965	0.00610	0.00610	0.01219	0.01829	0.02591	0.72921	0.04827	0.06097	0.01321	0.00762	0.00203	0.00305	0.01169	0.00711	0.00610
30	0.01607	0.01388	0.01461	0.01315	0.01680	0.01607	0.01023	0.03433	0.72094	0.02703	0.02630	0.02411	0.01972	0.00877	0.00657	0.00219	0.00511	0.00731	0.00657	0.01023
31	0.00930	0.00622	0.00708	0.00717	0.00720	0.00620	0.00405	0.00937	0.00959	0.01279	0.02136	0.08982	0.02475	0.72367	0.03127	0.00603	0.00610	0.00998	0.00405	0.00400
32	0.08607	0.01718	0.01912	0.04681	0.07411	0.01901	0.01267	0.57580	0.02695	0.03732	0.01458	0.01522	0.01052	0.00741	0.00626	0.00195	0.00705	0.00563	0.00588	0.01046
33	0.06351	0.01114	0.01540	0.12420	0.02037	0.01080	0.01076	0.02740	0.01678	0.54605	0.02212	0.03893	0.01480	0.00811	0.00703	0.00207	0.03735	0.00650	0.00676	0.00992
34	0.01563	0.01516	0.02628	0.07388	0.61297	0.01510	0.07332	0.01958	0.01461	0.02084	0.01216	0.01606	0.01009	0.00573	0.00643	0.00191	0.00786	0.00582	0.00321	0.04335
35	0.01340	0.01148	0.01340	0.00957	0.01531	0.00861	0.00766	0.01627	0.01340	0.02105	0.01148	0.01340	0.00957	0.00479	0.00479	0.00096	0.00479	0.00383	0.00383	0.81242
36	0.01556	0.06968	0.14561	0.01483	0.07671	0.01169	0.03808	0.05214	0.01499	0.13450	0.01977	0.19969	0.01849	0.00962	0.00642	0.00193	0.00623	0.00835	0.00481	0.15090
37	0.01843	0.01481	0.12074	0.01249	0.01784	0.03392	0.04128	0.02244	0.04082	0.26024	0.07217	0.02324	0.04344	0.00779	0.00623	0.00178	0.00608	0.02991	0.00551	0.22084
38	0.01659	0.01407	0.01492	0.01305	0.01697	0.01589	0.01022	0.08897	0.61613	0.02776	0.02441	0.02267	0.01832	0.00841	0.00644	0.00209	0.00526	0.00695	0.00638	0.06450
39	0.01676	0.01477	0.06602	0.01171	0.01749	0.01223	0.01011	0.19503	0.03929	0.04756	0.01339	0.01454	0.01033	0.00586	0.00541	0.00135	0.00574	0.00459	0.00463	0.50318
40	0.01934	0.49989	0.05945	0.01321	0.01819	0.26163	0.01208	0.02151	0.01485	0.01563	0.00943	0.01093	0.00830	0.00593	0.00478	0.00150	0.00858	0.00374	0.00295	0.00808
41	0.03765	0.01194	0.01384	0.01007	0.01566	0.00965	0.00812	0.06635	0.01495	0.08216	0.01286	0.01418	0.01013	0.00529	0.00502	0.00114	0.00501	0.00418	0.00436	0.66742
42	0.00787	0.00562	0.00750	0.00900	0.00937	0.00525	0.00600	0.00900	0.01237	0.01649	0.03561	0.76871	0.04274	0.02024	0.00825	0.00262	0.00375	0.01837	0.00600	0.00525
43	0.01491	0.02340	0.34246	0.04504	0.21083	0.01526	0.15540	0.02055	0.01429	0.05156	0.01252	0.01546	0.00939	0.00617	0.00704	0.00207	0.03524	0.00572	0.00319	0.00948
44	0.01405	0.01146	0.01346	0.00965	0.01536	0.00865	0.00773	0.01690	0.01361	0.05086	0.01207	0.01376	0.00984	0.00492	0.00486	0.00100	0.00481	0.00394	0.00400	0.77906
45	0.01122	0.00561	0.00842	0.00842	0.00842	0.00561	0.00561	0.00842	0.00842	0.01122	0.01122	0.01964	0.01122	0.02245	0.02525	0.81201	0.00561	0.00561	0.00281	0.00281
46	0.00878	0.00659	0.00813	0.00775	0.00943	0.00594	0.00581	0.01149	0.01743	0.02388	0.56986	0.05161	0.22158	0.01397	0.00762	0.00207	0.00310	0.01215	0.00685	0.00594
47	0.02363	0.01763	0.01886	0.01468	0.01968	0.01960	0.01205	0.63648	0.10650	0.03921	0.01670	0.01646	0.01195	0.00787	0.00648	0.00197	0.00689	0.00598	0.00648	0.01090
48	0.00787	0.00562	0.00750	0.00900	0.00937	0.00525	0.00600	0.00900	0.01237	0.01649	0.03561	0.76871	0.04274	0.02024	0.00825	0.00262	0.00375	0.01837	0.00600	0.00525
49	0.04729	0.14532	0.12193	0.02387	0.25782	0.22460	0.05090	0.02155	0.01522	0.01883	0.01088	0.01340	0.00896	0.00602	0.00581	0.00179	0.00900	0.00481	0.00313	0.00885
50	0.01634	0.04308	0.02486	0.07709	0.49653	0.08515	0.03499	0.01969	0.01433	0.01945	0.01139	0.01528	0.00967	0.00653	0.00806	0.00200	0.09757	0.00556	0.00313	0.00931
51	0.01541	0.38913	0.13980	0.01289	0.01776	0.10270	0.03298	0.01818	0.01364	0.01644	0.01475	0.14921	0.01495	0.02866	0.00626	0.00190	0.00741	0.00673	0.00345	0.00775
52	0.81856	0.01250	0.00950	0.00850	0.01250	0.01449	0.00700	0.01899	0.01100	0.02899	0.00900	0.01050	0.00700	0.00600	0.00400	0.00200	0.00500	0.00350	0.00400	0.00700
53	0.01687	0.01677	0.10280	0.15368	0.07446	0.06256	0.01391	0.21912	0.07140	0.04300	0.02004	0.09986	0.05930	0.00907	0.00665	0.00208	0.00723	0.00753	0.00488	0.00881
54	0.01452	0.01145	0.01351	0.00971	0.01540	0.00868	0.00779	0.01736	0.01376	0.07242	0.01249	0.01401	0.01003	0.00502	0.00491	0.00103	0.00484	0.00402	0.00413	0.75493
55	0.01506	0.01480	0.02669	0.06384	0.49853	0.01465	0.15571	0.01916	0.01508	0.02128	0.07840	0.01930	0.01476	0.00641	0.00676	0.00199	0.00793	0.00667	0.00356	0.00942
56	0.01570	0.01356	0.01426	0.01286	0.01645	0.01561	0.01000	0.03324	0.69023	0.02661	0.02800	0.02576	0.05061	0.00910	0.00662	0.00219	0.00503	0.00758	0.00655	0.01002
57	0.00846	0.00714	0.00823	0.00903	0.05701	0.00623	0.00611	0.01050	0.01536	0.01921	0.18030	0.05663	0.56282	0.01510	0.00755	0.00214	0.00353	0.01276	0.00601	0.00589
58	0.01613	0.01614	0.02423	0.09715	0.58344	0.08229	0.01847	0.01973	0.01489	0.02010	0.01376	0.01731	0.03506	0.00627	0.00639	0.00192	0.00797	0.00588	0.00328	0.00956
59	0.01340	0.01148	0.01340	0.00957	0.01531	0.00861	0.00766	0.01627	0.01340	0.02105	0.01148	0.01340	0.00957	0.00479	0.00479	0.00096	0.00479	0.00383	0.00383	0.81242
60	0.01371	0.02859	0.53812	0.02257	0.12218	0.01525	0.12775	0.02041	0.01403	0.02058	0.01189	0.01453	0.00870	0.00598	0.00640	0.00205	0.00951	0.00534	0.00287	0.00951
61	0.00779	0.00638	0.00687	0.00711	0.00891	0.00546	0.00519	0.00943	0.01454	0.01788	0.10699	0.19192	0.55540	0.01686	0.00775	0.00225	0.00334	0.01437	0.00608	0.00546
62	0.01617	0.04427	0.05411	0.03707	0.65687	0.03845	0.01944	0.02002	0.01472	0.02070	0.01195	0.01556	0.01002	0.00579	0.00629	0.00190	0.00784	0.00559	0.00317	0.01005
63	0.05403	0.02468	0.02069	0.02429	0.26690	0.46300	0.01481	0.02345	0.01676	0.01819	0.01070	0.01311	0.00893	0.00632	0.00595	0.00177	0.01000	0.00469	0.00331	0.00842
64	0.81856	0.01250	0.00950	0.00850	0.01250	0.01449	0.00700	0.01899	0.01100	0.02899	0.00900	0.01050	0.00700	0.00600	0.00400	0.00200	0.00500	0.00350	0.00400	0.00700
65	0.01205	0.01154	0.01878	0.48769	0.03436	0.01406	0.05756	0.01557	0.01278	0.01672	0.01802	0.04207	0.09341	0.00869	0.00907	0.00228	0.12792	0.00710	0.00334	0.00700
66	0.01546	0.01331	0.01404	0.01274	0.01623	0.01528	0.00987	0.03248	0.66881	0.02629	0.02828	0.04827	0.05131	0.00944	0.00667	0.00220	0.00499	0.00791	0.00653	0.00987
67	0.01436	0.01422	0.06264	0.09110	0.45117	0.01321	0.03471	0.01823	0.01516	0.04012	0.12493	0.02338	0.05346	0.00755	0.00667	0.00199	0.00696	0.00707	0.00401	0.00905
68	0.01811	0.04927	0.02369	0.08793	0.44393	0.22815	0.01721	0.02129	0.01556	0.01898	0.01135	0.01461	0.00948	0.00606	0.00615	0.00184	0.00887	0.00520	0.00319	0.00912
69	0.50406	0.01274	0.03438	0.01051	0.03298	0.01278	0.00859	0.02235	0.01340	0.22406	0.01388	0.01410	0.00977	0.00647	0.00487	0.00193	0.00533	0.00445	0.00503	0.05829
70	0.01710	0.01399	0.01923	0.17571	0.05976	0.01587	0.05578	0.23006	0.04411	0.05194	0.03384	0.05022	0.01332	0.00965	0.03223	0.00240	0.11802	0.00661	0.00464	0.04552
71	0.01340	0.01148	0.01340	0.00957	0.01531	0.00861	0.00766	0.01627	0.01340	0.02105	0.01148	0.01340	0.00957	0.00479	0.00479	0.00096	0.00479	0.00383	0.00383	0.81242
72	0.01701	0.61885	0.07941	0.01194	0.01747	0.04188	0.01187	0.02132	0.09535	0.01695	0.01119	0.01221	0.00961	0.00597	0.00461	0.00153	0.00700	0.00401	0.00322	0.00858
73	0.00923	0.00692	0.01038	0.01038	0.01154	0.00808	0.00808	0.01154	0.01038	0.01500	0.01731	0.02538	0.01615	0.04846	0.74732	0.01038	0.01731	0.00692	0.00346	0.00577
74	0.08615	0.01727	0.01916	0.01679	0.09035	0.01903	0.01256	0.56951	0.04572	0.03748	0.01495	0.01539	0.01083	0.00745	0.00627	0.00195	0.00695	0.00567	0.00595	0.01058
75	0.01639	0.01404	0.01479	0.01321	0.01692	0.01622	0.01030	0.05958	0.69519	0.02754	0.02590	0.02379	0.01940	0.00873	0.00657	0.00218	0.00519	0.00725	0.00657	0.01026
76	0.00924	0.00688	0.01018	0.01018	0.01126	0.00796	0.00782	0.01140	0.01032	0.01485	0.01750	0.02644	0.01661	0.09355	0.70285	0.01013	0.01662	0.00708	0.00349	0.00565
77	0.00940	0.00626	0.00705	0.00705	0.00705	0.00626	0.00392	0.00940	0.00940	0.01253	0.02036	0.04228	0.02349	0.77292	0.03289	0.00626	0.00626	0.00940	0.00392	0.00392
78	0.01526	0.01498	0.02714	0.03417	0.51004	0.01475	0.16568	0.01935	0.01484	0.02084	0.01461	0.02213	0.01291	0.00693	0.00692	0.00208	0.00818	0.07621	0.00350	0.00947
79	0.01652	0.06545	0.01650	0.03914	0.01791	0.03765	0.02774	0.03089	0.54231	0.05911	0.05794	0.02348	0.01981	0.00850	0.00646	0.00210	0.00561	0.00708	0.00610	0.00971
80	0.01762	0.00846	0.01131	0.00982	0.01276	0.00754	0.00776	0.02020	0.01751	0.33142	0.29837	0.10536	0.06188	0.01198	0.00727	0.00213	0.00434	0.04889	0.00729	0.00810
81	0.04002	0.01524	0.01755	0.01498	0.04082	0.01758	0.01181	0.34906	0.15835	0.04658	0.03396	0.01843	0.01382	0.01119	0.05681	0.00268	0.12967	0.00625	0.00558	0.00962
82	0.01443	0.01160	0.01285	0.01159	0.01462	0.01284	0.00905	0.04744	0.42963	0.05170	0.17096	0.03315	0.09341	0.01061	0.00733	0.00218	0.02485	0.02638	0.00656	0.00881
83	0.01439	0.01335	0.01979	0.18878	0.21541	0.01534	0.03336	0.02168	0.19594	0.02097	0.05205	0.02109	0.01525	0.00816	0.00879	0.00221	0.11814	0.02237	0.00421	0.00873
84	0.01587	0.01369	0.01473	0.01372	0.03335	0.01575	0.01046	0.03327	0.67997	0.02662	0.02624	0.02561	0.02011	0.00901	0.00665	0.00221	0.00520	0.03096	0.00647	0.01008
85	0.00896	0.00643	0.00899	0.00945	0.01018	0.00691	0.00682	0.01045	0.01085	0.01503	0.02320	0.23745	0.02518	0.15479	0.38792	0.02874	0.01114	0.02797	0.00429	0.00525
86	0.10132	0.06055	0.01909	0.01450	0.03712	0.01925	0.01172	0.53726	0.05987	0.05373	0.01517	0.01531	0.01096	0.00746	0.00609	0.00193	0.00677	0.00554	0.00597	0.01039
87	0.06382	0.01087	0.09815	0.01124	0.01366	0.00967	0.00987	0.01331	0.01086	0.01670	0.01570	0.02306	0.01447	0.07776	0.51488	0.00796	0.04044	0.00641	0.00343	0.03775
88	0.01483	0.17027	0.55999	0.01659	0.02508	0.01660	0.02053	0.02099	0.01387	0.06712	0.01203	0.01359	0.00872	0.00615	0.00579	0.00192	0.00879	0.00464	0.00309	0.00941
89	0.01413	0.20711	0.52676	0.01727	0.02568	0.01758	0.06661	0.02022	0.01363	0.01924	0.01108	0.01312	0.00832	0.00595	0.00577	0.00190	0.00902	0.00465	0.00277	0.00920
90	0.00795	0.00568	0.00757	0.00894	0.00939	0.00530	0.00600	0.00919	0.01273	0.01706	0.07748	0.72522	0.04384	0.01982	0.00821	0.00259	0.00371	0.01797	0.00607	0.00530
91	0.06818	0.01498	0.04778	0.03110	0.46351	0.01427	0.12751	0.01876	0.01455	0.02138	0.04200	0.04990	0.04307	0.00705	0.00660	0.00201	0.00755	0.00694	0.00363	0.00920
92	0.02719	0.01295	0.07263	0.01320	0.04689	0.01017	0.01106	0.03014	0.01795	0.65105	0.02385	0.02109	0.01514	0.00776	0.00647	0.00200	0.00591	0.00633	0.00738	0.01085
93	0.01375	0.01266	0.01812	0.01719	0.06625	0.01664	0.01340	0.01563	0.01110	0.03511	0.01309	0.02257	0.01296	0.01507	0.08582	0.00346	0.52872	0.08789	0.00342	0.00714
94	0.11955	0.02860	0.01725	0.01567	0.01908	0.65901	0.01183	0.02498	0.01743	0.01740	0.00987	0.01151	0.00816	0.00658	0.00561	0.00170	0.01085	0.00408	0.00341	0.00743
95	0.01004	0.00726	0.00992	0.01121	0.01271	0.00714	0.00963	0.01284	0.01491	0.01935	0.06535	0.09820	0.09306	0.01763	0.00874	0.00286	0.00553	0.58172	0.00600	0.00589
96	0.04190	0.62702	0.10485	0.01291	0.04302	0.04579	0.01260	0.01967	0.01333	0.01640	0.00939	0.01094	0.00831	0.00565	0.00448	0.00150	0.00729	0.00369	0.00283	0.00842
97	0.01401	0.03691	0.04010	0.01065	0.01602	0.01070	0.00891	0.04194	0.07056	0.02166	0.01282	0.01462	0.01051	0.00678	0.02765	0.00148	0.02858	0.00435	0.00403	0.61773
98	0.06402	0.28357	0.05344	0.01511	0.04127	0.38784	0.01245	0.02254	0.01561	0.01668	0.00969	0.01144	0.00830	0.00631	0.00559	0.00164	0.02947	0.00400	0.00313	0.00790
99	0.10285	0.35770	0.33231	0.01431	0.02141	0.01963	0.03313	0.01982	0.01317	0.01909	0.01020	0.01195	0.00814	0.00584	0.00506	0.00175	0.00792	0.00412	0.00290	0.00870

[dist]
# distance from previous block
# <min> <max>
0	1

[block]
# block no. 2 follows, 34 sequences, length 32
# corresponding to MSA columns:
# 187-218
name=unknown_C
#
# <colnr> <probs for GDERKNQSTAVLIFYWHMCP>
#	G	D	E	R	K	N	Q	S	T	A	V	L	I	F	Y	W	H	M	C	P
0	0.01011	0.00865	0.03039	0.01048	0.05534	0.00744	0.00757	0.01361	0.04383	0.02331	0.43099	0.06718	0.15644	0.01223	0.00718	0.00196	0.00384	0.01066	0.00616	0.09265
1	0.01167	0.01037	0.01443	0.01307	0.01343	0.01353	0.01034	0.01310	0.01004	0.01491	0.01398	0.04559	0.01437	0.15026	0.24244	0.00568	0.38634	0.00706	0.00330	0.00609
2	0.01343	0.02889	0.56684	0.01813	0.05889	0.04390	0.02081	0.02084	0.05999	0.02120	0.07405	0.01732	0.01356	0.00692	0.00629	0.00203	0.00870	0.00555	0.00340	0.00925
3	0.01305	0.03278	0.71111	0.01877	0.02820	0.01506	0.05156	0.02047	0.01371	0.02047	0.01166	0.01379	0.00825	0.00611	0.00620	0.00205	0.00960	0.00489	0.00275	0.00952
4	0.01287	0.05201	0.57211	0.01811	0.06575	0.01433	0.02081	0.01970	0.03364	0.02078	0.06758	0.04582	0.01399	0.00726	0.00630	0.00204	0.00852	0.00591	0.00332	0.00914
5	0.01031	0.02746	0.14484	0.01136	0.03556	0.00898	0.01021	0.01435	0.04247	0.02120	0.28613	0.04001	0.15270	0.04157	0.08927	0.00315	0.00640	0.04187	0.00532	0.00684
6	0.00952	0.00644	0.00798	0.00795	0.00838	0.00653	0.00506	0.00994	0.01003	0.01371	0.03964	0.08086	0.02309	0.50030	0.15377	0.06928	0.00785	0.00912	0.00396	0.02659
7	0.01050	0.03176	0.16865	0.01023	0.01412	0.00902	0.00995	0.01485	0.06886	0.04127	0.11714	0.08856	0.36467	0.01294	0.00714	0.00214	0.00495	0.01084	0.00543	0.00701
8	0.01628	0.54326	0.16585	0.01247	0.01872	0.04158	0.01322	0.01945	0.01339	0.01677	0.00974	0.01131	0.00839	0.00561	0.00463	0.00148	0.00734	0.00376	0.00287	0.08388
9	0.01296	0.03342	0.73944	0.01842	0.02797	0.01501	0.02387	0.02046	0.01364	0.02046	0.01160	0.01364	0.00818	0.00614	0.00614	0.00205	0.00955	0.00477	0.00273	0.00955
10	0.01727	0.77681	0.03386	0.01106	0.01658	0.02557	0.01106	0.01935	0.01313	0.01520	0.00898	0.01036	0.00829	0.00553	0.00415	0.00138	0.00691	0.00345	0.00276	0.00829
11	0.05364	0.45711	0.05185	0.01685	0.16560	0.02016	0.01255	0.01864	0.01342	0.01777	0.01242	0.03624	0.03169	0.00634	0.00495	0.00158	0.00672	0.00477	0.00318	0.06454
12	0.01669	0.01374	0.01463	0.01307	0.01679	0.01576	0.01019	0.03420	0.68751	0.06083	0.02626	0.02401	0.01955	0.00873	0.00657	0.00218	0.00513	0.00727	0.00664	0.01026
13	0.00923	0.00692	0.01038	0.01038	0.01154	0.00808	0.00808	0.01154	0.01038	0.01500	0.01731	0.02538	0.01615	0.04846	0.74732	0.01038	0.01731	0.00692	0.00346	0.00577
14	0.01063	0.00809	0.00981	0.00923	0.01113	0.00811	0.00694	0.03900	0.13432	0.02534	0.49525	0.12081	0.06977	0.01313	0.00748	0.00212	0.00361	0.01153	0.00685	0.00684
15	0.02414	0.01857	0.01966	0.01611	0.05337	0.05395	0.01264	0.64656	0.02908	0.03863	0.01510	0.01535	0.01083	0.00761	0.00643	0.00193	0.00735	0.00574	0.00616	0.01079
16	0.00787	0.00562	0.00750	0.00900	0.00937	0.00525	0.00600	0.00900	0.01237	0.01649	0.03561	0.76871	0.04274	0.02024	0.00825	0.00262	0.00375	0.01837	0.00600	0.00525
17	0.02414	0.03079	0.01831	0.01665	0.01998	0.74698	0.01248	0.02580	0.01831	0.01581	0.00999	0.01165	0.00832	0.00666	0.00583	0.00166	0.01165	0.00416	0.00333	0.00749
18	0.01340	0.01148	0.01340	0.00957	0.01531	0.00861	0.00766	0.01627	0.01340	0.02105	0.01148	0.01340	0.00957	0.00479	0.00479	0.00096	0.00479	0.00383	0.00383	0.81242
19	0.00806	0.00650	0.00717	0.00713	0.00902	0.00562	0.00530	0.01005	0.01555	0.01970	0.24424	0.10240	0.50511	0.01575	0.00767	0.00217	0.00324	0.01340	0.00630	0.00562
20	0.03619	0.00677	0.00701	0.00707	0.00919	0.00591	0.00538	0.00999	0.01472	0.01839	0.09690	0.08403	0.60740	0.01604	0.00760	0.00223	0.00348	0.05015	0.00599	0.00556
21	0.01220	0.01148	0.01938	0.75739	0.04450	0.01436	0.01794	0.01651	0.01292	0.01651	0.01148	0.01723	0.00861	0.00646	0.00646	0.00215	0.00861	0.00574	0.00287	0.00718
22	0.01204	0.00602	0.00602	0.00602	0.00753	0.00602	0.00452	0.01506	0.01355	0.02409	0.02108	0.02409	0.01656	0.00753	0.00452	0.00151	0.00301	0.00602	0.80879	0.00602
23	0.01635	0.01340	0.01435	0.01284	0.01645	0.01530	0.01000	0.03316	0.65509	0.06020	0.05926	0.02514	0.02149	0.00894	0.00662	0.00218	0.00503	0.00747	0.00667	0.01007
24	0.01340	0.01148	0.01340	0.00957	0.01531	0.00861	0.00766	0.01627	0.01340	0.02105	0.01148	0.01340	0.00957	0.00479	0.00479	0.00096	0.00479	0.00383	0.00383	0.81242
25	0.01832	0.47359	0.09588	0.01435	0.03868	0.15357	0.03979	0.02100	0.01433	0.04140	0.01022	0.01185	0.00867	0.00604	0.00540	0.00160	0.02973	0.00410	0.00308	0.00839
26	0.04112	0.01281	0.01830	0.62893	0.03943	0.07477	0.01646	0.01696	0.01327	0.01689	0.01259	0.05743	0.01039	0.00721	0.00642	0.00213	0.00847	0.00622	0.00312	0.00709
27	0.00924	0.00690	0.01025	0.01025	0.01136	0.00801	0.00792	0.01146	0.01035	0.01490	0.01743	0.02604	0.01644	0.07653	0.71963	0.01022	0.01688	0.00702	0.00348	0.00570
28	0.01090	0.00791	0.00985	0.10494	0.01333	0.00842	0.00675	0.06703	0.01228	0.01643	0.06639	0.06634	0.02362	0.51093	0.04467	0.00507	0.00663	0.00908	0.00427	0.00516
29	0.02041	0.02659	0.08509	0.01607	0.01931	0.51637	0.01313	0.02255	0.01612	0.01611	0.01126	0.01551	0.01000	0.04811	0.03049	0.00236	0.09941	0.02045	0.00331	0.00736
30	0.01599	0.01535	0.02623	0.03966	0.73262	0.01535	0.01983	0.01983	0.01471	0.02111	0.01215	0.01599	0.01023	0.00576	0.00640	0.00192	0.00768	0.00576	0.00320	0.01023
31	0.78713	0.01261	0.01015	0.00972	0.04070	0.01453	0.00750	0.01903	0.01114	0.02868	0.00912	0.01071	0.00712	0.00599	0.00409	0.00200	0.00510	0.00359	0.00397	0.00712

[dist]
# distance from previous block
# <min> <max>
0	2

[block]
# block no. 3 follows, 34 sequences, length 39
# corresponding to MSA columns:
# 221-259
name=unknown_D
#
# <colnr> <probs for GDERKNQSTAVLIFYWHMCP>
#	G	D	E	R	K	N	Q	S	T	A	V	L	I	F	Y	W	H	M	C	P
0	0.04347	0.01542	0.02564	0.12374	0.54219	0.03650	0.07963	0.01965	0.01452	0.02063	0.01198	0.01595	0.00983	0.00585	0.00641	0.00197	0.00810	0.00580	0.00320	0.00954
1	0.01834	0.58740	0.07395	0.01258	0.01793	0.16419	0.01211	0.02066	0.01416	0.01564	0.00934	0.01081	0.00829	0.00578	0.00459	0.00148	0.00799	0.00367	0.00287	0.00821
2	0.00865	0.03674	0.03219	0.00760	0.00995	0.00673	0.00614	0.01094	0.01575	0.02012	0.26974	0.05426	0.46911	0.01463	0.00745	0.00210	0.00355	0.01235	0.00612	0.00590
3	0.01840	0.01428	0.01711	0.04605	0.09190	0.01467	0.01137	0.31569	0.04436	0.05108	0.05778	0.02030	0.05759	0.00780	0.00659	0.00178	0.02486	0.00624	0.00536	0.18678
4	0.02391	0.01896	0.05989	0.01507	0.02048	0.01975	0.01293	0.67223	0.02944	0.03958	0.01529	0.01541	0.01083	0.00767	0.00645	0.00195	0.00725	0.00576	0.00625	0.01091
5	0.06169	0.09626	0.45939	0.01647	0.02433	0.01505	0.06140	0.02227	0.01442	0.14929	0.01380	0.01490	0.00963	0.00637	0.00599	0.00198	0.00840	0.00507	0.00378	0.00950
6	0.01340	0.01148	0.01340	0.00957	0.01531	0.00861	0.00766	0.01627	0.01340	0.02105	0.01148	0.01340	0.00957	0.00479	0.00479	0.00096	0.00479	0.00383	0.00383	0.81242
7	0.00940	0.00626	0.00705	0.00705	0.00705	0.00626	0.00392	0.00940	0.00940	0.01253	0.02036	0.04228	0.02349	0.77292	0.03289	0.00626	0.00626	0.00940	0.00392	0.00392
8	0.01204	0.00602	0.00602	0.00602	0.00753	0.00602	0.00452	0.01506	0.01355	0.02409	0.02108	0.02409	0.01656	0.00753	0.00452	0.00151	0.00301	0.00602	0.80879	0.00602
9	0.01607	0.01388	0.01461	0.01315	0.01680	0.01607	0.01023	0.03433	0.72094	0.02703	0.02630	0.02411	0.01972	0.00877	0.00657	0.00219	0.00511	0.00731	0.00657	0.01023
10	0.01340	0.01148	0.01340	0.00957	0.01531	0.00861	0.00766	0.01627	0.01340	0.02105	0.01148	0.01340	0.00957	0.00479	0.00479	0.00096	0.00479	0.00383	0.00383	0.81242
11	0.01266	0.01285	0.05757	0.28834	0.15318	0.01375	0.04442	0.01611	0.01246	0.01720	0.01344	0.02121	0.01193	0.06885	0.10262	0.00355	0.10929	0.02994	0.00319	0.00744
12	0.01300	0.03268	0.71172	0.01836	0.02754	0.01519	0.02350	0.02027	0.01350	0.02027	0.01148	0.01366	0.00820	0.00634	0.00672	0.00208	0.03851	0.00481	0.00273	0.00945
13	0.06523	0.08228	0.01884	0.01553	0.01889	0.55423	0.01202	0.02475	0.04403	0.03837	0.01085	0.01246	0.00893	0.00698	0.00672	0.00177	0.06248	0.00437	0.00355	0.00770
14	0.01809	0.01392	0.01674	0.01485	0.06689	0.04177	0.04775	0.27754	0.08494	0.07371	0.24185	0.02700	0.02763	0.00928	0.00687	0.00200	0.00597	0.00787	0.00625	0.00907
15	0.01450	0.18372	0.18840	0.13505	0.02501	0.04798	0.08639	0.03933	0.05232	0.01941	0.03672	0.03626	0.01470	0.00801	0.00633	0.00204	0.00803	0.08390	0.00372	0.00820
16	0.01043	0.00565	0.00815	0.00846	0.00854	0.00557	0.00560	0.00859	0.00928	0.01238	0.01674	0.17464	0.01838	0.06420	0.02219	0.60058	0.00527	0.00844	0.00352	0.00337
17	0.01540	0.01628	0.06849	0.05594	0.55235	0.03711	0.04281	0.01929	0.01428	0.02017	0.01229	0.01637	0.01033	0.00885	0.05634	0.00253	0.03265	0.00579	0.00317	0.00957
18	0.01107	0.00755	0.01051	0.00929	0.01145	0.00685	0.04383	0.01397	0.01753	0.08964	0.52411	0.06783	0.13526	0.01292	0.00754	0.00207	0.00374	0.01143	0.00682	0.00658
19	0.55420	0.20172	0.03421	0.00981	0.01424	0.01755	0.00878	0.03841	0.01210	0.02530	0.00922	0.01079	0.00750	0.00610	0.00468	0.00187	0.02866	0.00365	0.00370	0.00749
20	0.01643	0.05803	0.07352	0.07435	0.38049	0.06253	0.04094	0.05963	0.06723	0.02118	0.01272	0.01580	0.01035	0.00667	0.00754	0.00200	0.07197	0.00564	0.00353	0.00944
21	0.01578	0.01363	0.01433	0.01292	0.01652	0.01570	0.01004	0.03347	0.69651	0.02670	0.02765	0.02542	0.04429	0.00903	0.00661	0.00219	0.00505	0.00752	0.00655	0.01006
22	0.00924	0.00689	0.01021	0.01021	0.01130	0.00798	0.00785	0.01142	0.01033	0.01487	0.01747	0.02629	0.01655	0.08718	0.70914	0.01016	0.01672	0.00705	0.00349	0.00567
23	0.00940	0.00626	0.00705	0.00705	0.00705	0.00626	0.00392	0.00940	0.00940	0.01253	0.02036	0.04228	0.02349	0.77292	0.03289	0.00626	0.00626	0.00940	0.00392	0.00392
24	0.01200	0.00722	0.00916	0.00846	0.01057	0.00645	0.00641	0.01448	0.01703	0.14067	0.41291	0.11876	0.18353	0.01367	0.00750	0.00212	0.00357	0.01188	0.00693	0.00669
25	0.01917	0.01542	0.01636	0.01378	0.01798	0.01752	0.01098	0.28166	0.46857	0.03203	0.02236	0.02097	0.01653	0.00840	0.00653	0.00210	0.00584	0.00676	0.00653	0.01051
26	0.01122	0.00561	0.00842	0.00842	0.00842	0.00561	0.00561	0.00842	0.00842	0.01122	0.01122	0.01964	0.01122	0.02245	0.02525	0.81201	0.00561	0.00561	0.00281	0.00281
27	0.00928	0.00674	0.00945	0.00945	0.01028	0.00757	0.00691	0.01094	0.01011	0.01431	0.01816	0.03011	0.01821	0.25118	0.54740	0.00923	0.01422	0.00761	0.00359	0.00525
28	0.01607	0.01388	0.01461	0.01315	0.01680	0.01607	0.01023	0.03433	0.72094	0.02703	0.02630	0.02411	0.01972	0.00877	0.00657	0.00219	0.00511	0.00731	0.00657	0.01023
29	0.01434	0.01453	0.02080	0.35596	0.12296	0.07584	0.03464	0.01751	0.01272	0.01686	0.01056	0.01566	0.00879	0.00786	0.01099	0.00229	0.24150	0.00564	0.00295	0.00761
30	0.01032	0.00699	0.00780	0.00752	0.00784	0.00711	0.00443	0.05225	0.01068	0.01425	0.02006	0.04065	0.02273	0.72619	0.03127	0.00600	0.00632	0.00918	0.00407	0.00435
31	0.00924	0.00620	0.00709	0.00725	0.00729	0.00616	0.00413	0.00935	0.00971	0.01295	0.02196	0.11877	0.02552	0.69367	0.03029	0.00588	0.00600	0.01034	0.00413	0.00406
32	0.01268	0.04040	0.32520	0.19659	0.09622	0.01362	0.01806	0.01810	0.04407	0.01877	0.01637	0.04719	0.05459	0.00853	0.00766	0.05615	0.00801	0.00629	0.00331	0.00818
33	0.01865	0.48780	0.08617	0.01332	0.01842	0.19685	0.01259	0.04016	0.01477	0.01650	0.00960	0.01123	0.00837	0.00613	0.00543	0.00157	0.03732	0.00388	0.00300	0.00823
34	0.01409	0.09051	0.45339	0.01707	0.07085	0.01434	0.01856	0.01974	0.01390	0.04555	0.02793	0.01454	0.01005	0.00603	0.00578	0.00177	0.00802	0.00476	0.00325	0.15986
35	0.01785	0.13302	0.09399	0.01441	0.01786	0.12474	0.01279	0.06295	0.05454	0.09774	0.03857	0.03774	0.01323	0.03088	0.01097	0.00224	0.21820	0.00588	0.00415	0.00824
36	0.11698	0.01573	0.01663	0.03856	0.04341	0.03223	0.01129	0.34870	0.22393	0.03257	0.01814	0.04303	0.01393	0.00812	0.00624	0.00204	0.00633	0.00635	0.00589	0.00987
37	0.27529	0.31446	0.08959	0.01121	0.01612	0.06950	0.01069	0.04356	0.01390	0.02201	0.07134	0.01424	0.01248	0.00655	0.00479	0.00174	0.00655	0.00443	0.00370	0.00785
38	0.01554	0.02116	0.28521	0.02547	0.31313	0.01444	0.01886	0.04513	0.05848	0.06949	0.01708	0.01883	0.05443	0.00695	0.00640	0.00200	0.00777	0.00602	0.00384	0.00977

[dist]
# distance from previous block
# <min> <max>
0	1

[block]
# block no. 4 follows, 34 sequences, length 14
# corresponding to MSA columns:
# 261-274
name=unknown_E
#
# <colnr> <probs for GDERKNQSTAVLIFYWHMCP>
#	G	D	E	R	K	N	Q	S	T	A	V	L	I	F	Y	W	H	M	C	P
0	0.02118	0.03237	0.05018	0.01096	0.01523	0.01010	0.00935	0.07552	0.03644	0.40033	0.15719	0.03013	0.10298	0.00973	0.00675	0.00201	0.00515	0.00805	0.00705	0.00931
1	0.01478	0.34208	0.40515	0.01486	0.02252	0.01905	0.01763	0.01977	0.01341	0.01830	0.01050	0.01226	0.00831	0.00581	0.00523	0.00171	0.00819	0.00417	0.00280	0.05345
2	0.01607	0.01950	0.10947	0.10174	0.30727	0.10549	0.20581	0.02054	0.01500	0.01982	0.01201	0.01570	0.00949	0.00590	0.00664	0.00200	0.00934	0.00595	0.00315	0.00911
3	0.01260	0.00737	0.00974	0.00872	0.01085	0.00669	0.00669	0.01556	0.01833	0.14985	0.60657	0.04369	0.05313	0.01230	0.00743	0.00203	0.00348	0.01078	0.00727	0.00695
4	0.01264	0.01193	0.02017	0.67459	0.12389	0.01447	0.01816	0.01689	0.01313	0.01704	0.01156	0.01708	0.00880	0.00638	0.00645	0.00213	0.00851	0.00574	0.00291	0.00753
5	0.00860	0.00644	0.00797	0.00789	0.00939	0.00582	0.00580	0.01102	0.01656	0.02250	0.46832	0.16025	0.21568	0.01501	0.00772	0.00216	0.00321	0.01315	0.00668	0.00582
6	0.01369	0.01334	0.01868	0.01636	0.01654	0.01832	0.01369	0.01529	0.01049	0.01600	0.01154	0.02112	0.01190	0.01209	0.01974	0.00284	0.67128	0.08695	0.00320	0.00694
7	0.00922	0.00610	0.00804	0.00915	0.00987	0.00571	0.00635	0.01050	0.01274	0.05264	0.03486	0.60749	0.06006	0.06962	0.00984	0.00285	0.00416	0.06933	0.00596	0.00551
8	0.01988	0.01412	0.01588	0.01306	0.01686	0.01544	0.01056	0.42618	0.06334	0.07154	0.01894	0.02492	0.01577	0.08536	0.09728	0.00346	0.00794	0.06432	0.00592	0.00923
9	0.00987	0.00965	0.07280	0.01150	0.01329	0.00945	0.00982	0.01256	0.01063	0.01550	0.01623	0.02364	0.01497	0.04239	0.63598	0.00917	0.06635	0.00666	0.00336	0.00618
10	0.00914	0.00660	0.00864	0.00813	0.00965	0.00610	0.00610	0.01219	0.01829	0.02591	0.72921	0.04827	0.06097	0.01321	0.00762	0.00203	0.00305	0.01169	0.00711	0.00610
11	0.01608	0.01450	0.02421	0.10163	0.45004	0.01449	0.08345	0.02092	0.06188	0.06176	0.01382	0.01691	0.01094	0.00604	0.00640	0.00191	0.00753	0.00592	0.00373	0.07783
12	0.01323	0.02819	0.55415	0.02088	0.11086	0.01448	0.06004	0.01980	0.01396	0.02046	0.01366	0.01915	0.01098	0.00705	0.00649	0.00212	0.00910	0.06305	0.00309	0.00928
13	0.11304	0.06121	0.08253	0.08143	0.30019	0.07433	0.01592	0.13482	0.03535	0.02428	0.01225	0.01471	0.00966	0.00634	0.00594	0.00192	0.00770	0.00520	0.00384	0.00935

[dist]
# distance from previous block
# <min> <max>
6	19

[block]
# block no. 5 follows, 34 sequences, length 68
# corresponding to MSA columns:
# 294-361
name=unknown_F
#
# <colnr> <probs for GDERKNQSTAVLIFYWHMCP>
#	G	D	E	R	K	N	Q	S	T	A	V	L	I	F	Y	W	H	M	C	P
0	0.18185	0.05313	0.01605	0.01348	0.07607	0.01262	0.01012	0.05850	0.04918	0.43460	0.01982	0.01840	0.01327	0.00731	0.00587	0.00197	0.00571	0.00569	0.00639	0.00996
1	0.01752	0.01320	0.01450	0.01239	0.01637	0.01430	0.00977	0.09953	0.45710	0.10541	0.06260	0.02444	0.03935	0.00869	0.00649	0.00203	0.00517	0.00718	0.00650	0.07745
2	0.00938	0.00628	0.00713	0.00711	0.00719	0.00626	0.00403	0.00955	0.00987	0.01325	0.05833	0.04260	0.02550	0.73223	0.03153	0.00604	0.00609	0.00952	0.00409	0.00403
3	0.00964	0.00673	0.00793	0.00778	0.00785	0.00710	0.00471	0.00985	0.00948	0.01284	0.01954	0.03976	0.02225	0.68854	0.07524	0.00633	0.04736	0.00905	0.00383	0.00420
4	0.02115	0.01634	0.01898	0.07788	0.04055	0.01816	0.03177	0.48551	0.12571	0.03464	0.01745	0.01970	0.01324	0.00816	0.00663	0.00205	0.00702	0.03886	0.00598	0.01024
5	0.09035	0.01705	0.01802	0.01410	0.01896	0.01898	0.01159	0.59492	0.06432	0.03819	0.01559	0.01586	0.01128	0.00897	0.03009	0.00223	0.00716	0.00574	0.00617	0.01045
6	0.01367	0.09494	0.58579	0.01955	0.06129	0.01604	0.08017	0.02036	0.01378	0.02006	0.01152	0.01379	0.00843	0.00601	0.00611	0.00199	0.00935	0.00495	0.00280	0.00940
7	0.01145	0.00600	0.00871	0.00864	0.00881	0.00610	0.00583	0.00964	0.04189	0.01197	0.01193	0.01985	0.01162	0.02180	0.02437	0.77396	0.00559	0.00569	0.00298	0.00315
8	0.00828	0.00632	0.00757	0.00797	0.00933	0.00568	0.00578	0.01014	0.01478	0.01928	0.22477	0.27235	0.29461	0.04016	0.00866	0.00244	0.00358	0.04655	0.00622	0.00553
9	0.01591	0.17549	0.06505	0.10269	0.43317	0.01765	0.01762	0.03954	0.01445	0.01978	0.01138	0.01474	0.00952	0.00603	0.00638	0.00187	0.03096	0.00522	0.00313	0.00941
10	0.02414	0.03079	0.01831	0.01665	0.01998	0.74698	0.01248	0.02580	0.01831	0.01581	0.00999	0.01165	0.00832	0.00666	0.00583	0.00166	0.01165	0.00416	0.00333	0.00749
11	0.00974	0.06308	0.01012	0.00833	0.01013	0.00736	0.00634	0.01216	0.01637	0.03800	0.44218	0.17017	0.15375	0.01421	0.00745	0.00211	0.00354	0.01240	0.00645	0.00612
12	0.01718	0.63289	0.12243	0.01236	0.01825	0.07211	0.01278	0.01992	0.01354	0.01591	0.00938	0.01087	0.00828	0.00568	0.00451	0.00149	0.00756	0.00367	0.00280	0.00840
13	0.81856	0.01250	0.00950	0.00850	0.01250	0.01449	0.00700	0.01899	0.01100	0.02899	0.00900	0.01050	0.00700	0.00600	0.00400	0.00200	0.00500	0.00350	0.00400	0.00700
14	0.00863	0.00632	0.00821	0.00908	0.01016	0.00590	0.00677	0.01061	0.01446	0.01923	0.18886	0.37945	0.13583	0.01773	0.00817	0.00251	0.00398	0.15226	0.00623	0.00560
15	0.00941	0.00702	0.01025	0.01022	0.01124	0.00757	0.02974	0.01126	0.01099	0.01526	0.02156	0.12117	0.02259	0.19027	0.41934	0.00766	0.01215	0.07279	0.00408	0.00544
16	0.05742	0.01140	0.01366	0.01007	0.01551	0.00915	0.00815	0.02073	0.01473	0.22521	0.01535	0.01570	0.01127	0.00576	0.00523	0.00130	0.00500	0.00457	0.00502	0.54476
17	0.00825	0.00645	0.00742	0.00770	0.00930	0.00573	0.00570	0.01009	0.01474	0.01876	0.17750	0.18127	0.40242	0.05105	0.00899	0.00248	0.00366	0.06687	0.00610	0.00551
18	0.01385	0.02756	0.52587	0.01849	0.07321	0.01495	0.02037	0.04591	0.11855	0.02242	0.04685	0.01699	0.01254	0.00688	0.00630	0.00205	0.00839	0.00557	0.00366	0.00959
19	0.00954	0.00765	0.00896	0.00796	0.01061	0.00641	0.00604	0.01198	0.01569	0.02150	0.30848	0.07963	0.27477	0.01270	0.00701	0.00187	0.00355	0.01088	0.00594	0.18884
20	0.01463	0.26390	0.14813	0.06561	0.09593	0.01736	0.07842	0.03679	0.05301	0.01899	0.01693	0.04010	0.05463	0.00871	0.02550	0.00213	0.00776	0.03944	0.00361	0.00842
21	0.03239	0.08649	0.46381	0.01693	0.02445	0.07145	0.05680	0.04389	0.01467	0.02075	0.04426	0.01503	0.01086	0.00654	0.00641	0.00194	0.02876	0.00508	0.00322	0.04628
22	0.01592	0.27017	0.39482	0.01716	0.07943	0.01799	0.01822	0.02097	0.01396	0.07819	0.01195	0.01346	0.00903	0.00607	0.00555	0.00182	0.00821	0.00457	0.00321	0.00932
23	0.01122	0.00561	0.00842	0.00842	0.00842	0.00561	0.00561	0.00842	0.00842	0.01122	0.01122	0.01964	0.01122	0.02245	0.02525	0.81201	0.00561	0.00561	0.00281	0.00281
24	0.00794	0.00565	0.00748	0.00891	0.00926	0.00530	0.00590	0.00902	0.01223	0.01631	0.03490	0.73458	0.04183	0.05561	0.00940	0.00280	0.00387	0.01795	0.00590	0.00519
25	0.09952	0.03890	0.09522	0.02307	0.02943	0.03520	0.50647	0.02109	0.01484	0.05412	0.01290	0.01624	0.00957	0.00572	0.00692	0.00211	0.00983	0.00669	0.00350	0.00867
26	0.55615	0.13072	0.04907	0.01153	0.05148	0.04998	0.00949	0.04141	0.01259	0.02586	0.00953	0.01112	0.00760	0.00601	0.00441	0.00189	0.00601	0.00377	0.00376	0.00763
27	0.01583	0.04271	0.12274	0.05801	0.18698	0.01425	0.16369	0.05240	0.04767	0.08879	0.03464	0.05264	0.01401	0.01036	0.06379	0.00269	0.00873	0.00691	0.00413	0.00903
28	0.04971	0.00926	0.01350	0.14022	0.01821	0.01061	0.04239	0.03845	0.01168	0.01686	0.01557	0.02468	0.01467	0.16325	0.33577	0.00649	0.05208	0.00685	0.00354	0.02623
29	0.01364	0.04410	0.45935	0.06863	0.02528	0.02994	0.01906	0.02251	0.15607	0.02144	0.04120	0.01917	0.01345	0.00735	0.00634	0.00209	0.00821	0.02917	0.00379	0.00920
