[name]
unknown

[dist]
# distance from previous block
# <min> <max>
0	190

[block]
# block no. 0 follows, 34 sequences, length 12
# corresponding to MSA columns:
# 203-214
name=unknown_A
#
# <colnr> <probs for GDERKNQSTAVLIFYWHMCP>
#	G	D	E	R	K	N	Q	S	T	A	V	L	I	F	Y	W	H	M	C	P
0	0.08903	0.03858	0.04011	0.01241	0.03159	0.10491	0.03754	0.08666	0.03741	0.08025	0.06000	0.03334	0.16250	0.03350	0.00741	0.00217	0.00631	0.08384	0.00518	0.04727
1	0.08229	0.04260	0.05612	0.03422	0.01785	0.05457	0.01073	0.20485	0.06732	0.04645	0.03987	0.02132	0.03592	0.00782	0.00596	0.00178	0.00628	0.05231	0.00502	0.20672
2	0.10233	0.08853	0.05820	0.01393	0.01801	0.06547	0.12062	0.03723	0.12249	0.07286	0.07113	0.06193	0.03952	0.03854	0.05882	0.00275	0.00758	0.00727	0.00474	0.00804
3	0.04021	0.16041	0.07617	0.01174	0.01522	0.12688	0.01036	0.01646	0.01379	0.01753	0.04557	0.06374	0.08176	0.03477	0.12021	0.00330	0.02631	0.06760	0.00400	0.06398
4	0.06722	0.45223	0.07880	0.01135	0.01619	0.02038	0.01083	0.11225	0.01482	0.01954	0.01180	0.01619	0.01089	0.12300	0.00899	0.00229	0.00691	0.00478	0.00352	0.00800
5	0.01783	0.42358	0.20518	0.01373	0.02017	0.02172	0.01450	0.17400	0.01711	0.02220	0.01109	0.01232	0.00887	0.00618	0.00516	0.00167	0.00761	0.00431	0.00358	0.00920
6	0.01498	0.09086	0.54330	0.01702	0.02525	0.01634	0.02053	0.12547	0.01620	0.02308	0.01287	0.01598	0.00976	0.00679	0.00613	0.00201	0.00882	0.03164	0.00343	0.00952
7	0.01737	0.01452	0.01534	0.01341	0.01730	0.01668	0.01054	0.13760	0.61557	0.02912	0.02465	0.02280	0.01839	0.00861	0.00656	0.00215	0.00542	0.00708	0.00656	0.01034
8	0.01727	0.77681	0.03386	0.01106	0.01658	0.02557	0.01106	0.01935	0.01313	0.01520	0.00898	0.01036	0.00829	0.00553	0.00415	0.00138	0.00691	0.00345	0.00276	0.00829
9	0.01625	0.13030	0.01755	0.01283	0.01677	0.01752	0.01035	0.03205	0.61294	0.02522	0.02366	0.02201	0.01798	0.00827	0.00620	0.00207	0.00539	0.00672	0.00599	0.00993
10	0.01727	0.77681	0.03386	0.01106	0.01658	0.02557	0.01106	0.01935	0.01313	0.01520	0.00898	0.01036	0.00829	0.00553	0.00415	0.00138	0.00691	0.00345	0.00276	0.00829
11	0.01764	0.70198	0.06814	0.01144	0.01715	0.02425	0.01162	0.02000	0.01342	0.05103	0.00993	0.01110	0.00867	0.00568	0.00436	0.00145	0.00697	0.00367	0.00302	0.00849

[dist]
# distance from previous block
# <min> <max>
2	9

[block]
# block no. 1 follows, 34 sequences, length 7
# corresponding to MSA columns:
# 224-230
name=unknown_B
#
# <colnr> <probs for GDERKNQSTAVLIFYWHMCP>
#	G	D	E	R	K	N	Q	S	T	A	V	L	I	F	Y	W	H	M	C	P
0	0.17137	0.15175	0.41999	0.01512	0.02240	0.07859	0.01751	0.02044	0.01344	0.02086	0.01052	0.01232	0.00798	0.00605	0.00537	0.00190	0.00841	0.00426	0.00303	0.00867
1	0.00848	0.00653	0.00744	0.00724	0.00886	0.00582	0.00524	0.01045	0.01541	0.02013	0.32243	0.05393	0.36772	0.11900	0.01110	0.00268	0.00359	0.01228	0.00615	0.00550
2	0.01931	0.06336	0.01723	0.01462	0.04341	0.31622	0.04238	0.02252	0.05454	0.11446	0.17159	0.05251	0.02299	0.00877	0.00645	0.00187	0.00783	0.00703	0.00501	0.00791
3	0.00940	0.00626	0.00705	0.00705	0.00705	0.00626	0.00392	0.00940	0.00940	0.01253	0.02036	0.04228	0.02349	0.77292	0.03289	0.00626	0.00626	0.00940	0.00392	0.00392
4	0.05835	0.44744	0.14327	0.01315	0.01883	0.15267	0.01311	0.02125	0.01429	0.05099	0.01037	0.01168	0.00858	0.00597	0.00488	0.00160	0.00803	0.00394	0.00317	0.00841
5	0.02098	0.04424	0.02004	0.06468	0.05171	0.25625	0.05980	0.20032	0.14925	0.04634	0.01521	0.01612	0.01152	0.00720	0.00628	0.00191	0.00855	0.00561	0.00480	0.00919
6	0.29538	0.08480	0.13840	0.01446	0.07796	0.06495	0.01232	0.04132	0.08053	0.07013	0.01279	0.01389	0.00971	0.00637	0.00522	0.00188	0.00670	0.00458	0.00412	0.05447

[dist]
# distance from previous block
# <min> <max>
0	1

[block]
# block no. 2 follows, 34 sequences, length 14
# corresponding to MSA columns:
# 232-245
name=unknown_C
#
# <colnr> <probs for GDERKNQSTAVLIFYWHMCP>
#	G	D	E	R	K	N	Q	S	T	A	V	L	I	F	Y	W	H	M	C	P
0	0.00974	0.00680	0.00851	0.00917	0.00996	0.00674	0.00686	0.01116	0.01215	0.01585	0.02923	0.05706	0.07234	0.39228	0.02073	0.00456	0.00594	0.31108	0.00494	0.00491
1	0.01732	0.09333	0.02191	0.11506	0.30744	0.01563	0.01499	0.04960	0.14579	0.10608	0.03804	0.01873	0.01384	0.00694	0.00625	0.00196	0.00682	0.00607	0.00454	0.00965
2	0.00940	0.00626	0.00705	0.00705	0.00705	0.00626	0.00392	0.00940	0.00940	0.01253	0.02036	0.04228	0.02349	0.77292	0.03289	0.00626	0.00626	0.00940	0.00392	0.00392
3	0.01768	0.73328	0.03295	0.01138	0.01678	0.06766	0.01114	0.01972	0.01343	0.01524	0.00904	0.01044	0.00829	0.00559	0.00424	0.00140	0.00719	0.00350	0.00280	0.00825
4	0.01066	0.14128	0.01399	0.01001	0.01176	0.01086	0.00798	0.01259	0.01072	0.01467	0.01630	0.02525	0.01586	0.14778	0.51218	0.00820	0.01386	0.00668	0.00341	0.00594
5	0.01530	0.43617	0.35717	0.01443	0.02180	0.02073	0.01693	0.01986	0.01336	0.01761	0.01018	0.01187	0.00824	0.00581	0.00506	0.00169	0.00812	0.00406	0.00275	0.00887
6	0.07219	0.02003	0.21882	0.05360	0.43548	0.01521	0.05265	0.01988	0.01413	0.02133	0.01180	0.01507	0.00938	0.00589	0.00622	0.00198	0.00818	0.00542	0.00312	0.00965
7	0.01477	0.01641	0.03482	0.02498	0.03117	0.01524	0.62307	0.01991	0.01531	0.02103	0.05509	0.01899	0.01280	0.00586	0.00744	0.00209	0.01004	0.00762	0.00353	0.05981
8	0.03923	0.22271	0.28791	0.01577	0.02201	0.01886	0.05248	0.10458	0.01527	0.04857	0.01152	0.01350	0.00894	0.00687	0.00762	0.00196	0.10485	0.00485	0.00347	0.00902
9	0.03258	0.01437	0.02126	0.30018	0.17962	0.05801	0.08501	0.07464	0.04013	0.02128	0.05824	0.01839	0.01299	0.00674	0.00646	0.00199	0.00795	0.00613	0.00377	0.05027
10	0.03825	0.10512	0.05167	0.02139	0.17310	0.17654	0.12349	0.10773	0.01698	0.02159	0.01200	0.01499	0.00984	0.03046	0.00687	0.00192	0.00864	0.00533	0.00367	0.07042
11	0.09204	0.01325	0.03962	0.03820	0.09986	0.01308	0.03760	0.19047	0.05144	0.08448	0.03790	0.14830	0.03887	0.03615	0.00747	0.00221	0.00609	0.00830	0.00533	0.04934
12	0.11551	0.08276	0.01815	0.01597	0.13466	0.01487	0.01109	0.18783	0.04102	0.05540	0.03857	0.03409	0.01278	0.00682	0.00562	0.00168	0.00600	0.00541	0.00472	0.20704
13	0.01592	0.09738	0.10191	0.07018	0.10969	0.03854	0.07994	0.11244	0.01678	0.05003	0.07028	0.03620	0.04853	0.00744	0.00622	0.00182	0.00711	0.00640	0.00429	0.11892

[dist]
# distance from previous block
# <min> <max>
2	156

[block]
# block no. 3 follows, 34 sequences, length 65
# corresponding to MSA columns:
# 415-479
name=unknown_D
#
# <colnr> <probs for GDERKNQSTAVLIFYWHMCP>
#	G	D	E	R	K	N	Q	S	T	A	V	L	I	F	Y	W	H	M	C	P
0	0.05664	0.11796	0.12106	0.01757	0.12246	0.11321	0.03618	0.06300	0.03458	0.13624	0.04031	0.01818	0.01316	0.00707	0.00598	0.00185	0.00751	0.02806	0.00445	0.05453
1	0.02095	0.04025	0.03867	0.04374	0.10115	0.05910	0.06655	0.18685	0.05194	0.20613	0.01974	0.01987	0.05262	0.00754	0.00640	0.00191	0.00700	0.00631	0.00551	0.05773
2	0.04139	0.07826	0.11740	0.06613	0.22565	0.01617	0.03881	0.17465	0.01833	0.13948	0.01461	0.01606	0.01070	0.00663	0.00619	0.00194	0.00748	0.00557	0.00460	0.00996
3	0.01166	0.00967	0.03848	0.01080	0.04585	0.03670	0.00822	0.01469	0.01702	0.06591	0.43271	0.04305	0.10595	0.01205	0.00727	0.00202	0.00437	0.06275	0.00624	0.06458
4	0.01818	0.15333	0.04535	0.01895	0.15280	0.19225	0.01357	0.09429	0.07859	0.02092	0.01541	0.02195	0.01375	0.00822	0.00676	0.00197	0.03607	0.09491	0.00412	0.00861
5	0.01914	0.32254	0.02471	0.01581	0.07433	0.26575	0.01230	0.02328	0.10654	0.01743	0.01179	0.01324	0.00995	0.00668	0.00620	0.00171	0.05227	0.00450	0.00349	0.00836
6	0.00764	0.00655	0.00655	0.00655	0.00873	0.00545	0.00491	0.00927	0.01473	0.01745	0.06546	0.06218	0.73000	0.01636	0.00764	0.00218	0.00327	0.01364	0.00600	0.00545
7	0.00940	0.00626	0.00705	0.00705	0.00705	0.00626	0.00392	0.00940	0.00940	0.01253	0.02036	0.04228	0.02349	0.77292	0.03289	0.00626	0.00626	0.00940	0.00392	0.00392
8	0.01426	0.12125	0.43914	0.02135	0.09552	0.01663	0.16218	0.02031	0.01401	0.01992	0.01163	0.01423	0.00873	0.00588	0.00622	0.00198	0.00931	0.00529	0.00289	0.00929
9	0.01325	0.03142	0.65174	0.01952	0.02869	0.01517	0.10957	0.02049	0.01384	0.02049	0.01178	0.01412	0.00839	0.00605	0.00632	0.00206	0.00972	0.00513	0.00280	0.00944
10	0.01539	0.01474	0.02514	0.15397	0.62302	0.01519	0.01953	0.01930	0.01443	0.02038	0.01205	0.01619	0.00998	0.00587	0.00641	0.00196	0.00783	0.00575	0.00315	0.00975
11	0.02326	0.01406	0.04169	0.01267	0.01753	0.01347	0.01063	0.22448	0.12653	0.32669	0.05943	0.02108	0.01690	0.00808	0.00645	0.00196	0.00588	0.00649	0.00687	0.05586
12	0.02297	0.01731	0.01850	0.01455	0.01943	0.01930	0.01190	0.58458	0.15946	0.03816	0.01753	0.01712	0.01262	0.00795	0.00648	0.00199	0.00674	0.00610	0.00648	0.01085
13	0.01415	0.01222	0.01172	0.01146	0.01341	0.12521	0.00838	0.11119	0.07960	0.04399	0.02765	0.45486	0.03002	0.01496	0.00741	0.00232	0.00563	0.01303	0.00576	0.00702
14	0.01564	0.01773	0.16230	0.05607	0.10932	0.01369	0.29159	0.02045	0.01520	0.11018	0.06192	0.06466	0.01558	0.00738	0.00704	0.00212	0.00854	0.00755	0.00415	0.00889
15	0.02456	0.01810	0.01939	0.01487	0.02004	0.02004	0.01228	0.71107	0.03038	0.04072	0.01551	0.01551	0.01099	0.00776	0.00646	0.00194	0.00711	0.00582	0.00646	0.01099
16	0.01503	0.01415	0.02384	0.05568	0.62307	0.01417	0.01806	0.01878	0.01511	0.02158	0.10181	0.02006	0.01653	0.00671	0.00655	0.00194	0.00712	0.00650	0.00368	0.00963
17	0.01459	0.01392	0.02369	0.30510	0.47813	0.01498	0.01913	0.01860	0.01405	0.01941	0.01191	0.01645	0.00964	0.00602	0.00642	0.00201	0.00802	0.00575	0.00308	0.00910
18	0.02363	0.03004	0.01943	0.01724	0.02075	0.70569	0.05186	0.02551	0.01814	0.01609	0.01016	0.01198	0.00841	0.00659	0.00593	0.00169	0.01161	0.00436	0.00333	0.00756
19	0.02418	0.02643	0.01756	0.01559	0.01917	0.57642	0.01187	0.04930	0.04128	0.11827	0.01307	0.01399	0.01006	0.00803	0.02518	0.00196	0.01057	0.00472	0.00420	0.00814
20	0.00789	0.00625	0.00711	0.00754	0.00905	0.00546	0.00541	0.00953	0.01438	0.01815	0.13473	0.29318	0.42395	0.01727	0.00784	0.00231	0.00340	0.01496	0.00613	0.00546
21	0.01554	0.01489	0.02540	0.12592	0.64991	0.01523	0.01960	0.01943	0.01450	0.02056	0.01207	0.01614	0.01004	0.00584	0.00640	0.00195	0.00779	0.00576	0.00316	0.00987
22	0.01572	0.01520	0.02630	0.08414	0.65967	0.01533	0.04909	0.01966	0.01462	0.02080	0.01215	0.01613	0.01011	0.00579	0.00645	0.00194	0.00787	0.00584	0.00318	0.00998
23	0.01714	0.75295	0.05650	0.01129	0.01695	0.02523	0.01147	0.01938	0.01315	0.01537	0.00907	0.01047	0.00829	0.00555	0.00421	0.00140	0.00699	0.00350	0.00276	0.00833
24	0.00787	0.00562	0.00750	0.00900	0.00937	0.00525	0.00600	0.00900	0.01237	0.01649	0.03561	0.76871	0.04274	0.02024	0.00825	0.00262	0.00375	0.01837	0.00600	0.00525
25	0.01511	0.02154	0.23659	0.14324	0.17916	0.07808	0.13902	0.04208	0.01502	0.02021	0.01284	0.01761	0.01022	0.00655	0.00660	0.00206	0.00919	0.03276	0.00324	0.00889
26	0.00846	0.00643	0.00778	0.00776	0.00931	0.00576	0.00570	0.01075	0.01620	0.02170	0.40573	0.16735	0.27290	0.01534	0.00773	0.00217	0.00323	0.01338	0.00658	0.00576
27	0.00787	0.00562	0.00750	0.00900	0.00937	0.00525	0.00600	0.00900	0.01237	0.01649	0.03561	0.76871	0.04274	0.02024	0.00825	0.00262	0.00375	0.01837	0.00600	0.00525
28	0.02257	0.04765	0.02026	0.01885	0.08702	0.54679	0.03570	0.08304	0.01846	0.01857	0.01068	0.01263	0.00878	0.00676	0.00650	0.00176	0.03771	0.00460	0.00355	0.00809
29	0.01316	0.06740	0.70719	0.01808	0.02745	0.01549	0.02329	0.02041	0.01362	0.02022	0.01148	0.01349	0.00819	0.00611	0.00605	0.00202	0.00943	0.00471	0.00273	0.00949
30	0.00767	0.00643	0.00666	0.00685	0.00881	0.00543	0.00505	0.00924	0.01443	0.01733	0.06172	0.15054	0.64405	0.01685	0.00771	0.00224	0.00333	0.01423	0.00600	0.00543
31	0.02639	0.01515	0.01717	0.03296	0.01894	0.05579	0.01107	0.31972	0.02339	0.38117	0.02000	0.01853	0.01324	0.00778	0.00644	0.00196	0.00661	0.00606	0.00695	0.01069
32	0.02558	0.01417	0.01696	0.01314	0.01786	0.01458	0.01084	0.33587	0.02344	0.36427	0.04640	0.01969	0.01507	0.00823	0.00720	0.00201	0.04067	0.00635	0.00704	0.01063
33	0.01876	0.05876	0.01700	0.01345	0.01753	0.05596	0.01078	0.23876	0.39106	0.02989	0.06256	0.02146	0.01823	0.00842	0.00643	0.00203	0.00605	0.00672	0.00619	0.00996
34	0.02549	0.01579	0.01786	0.01378	0.01883	0.01672	0.01136	0.47775	0.05841	0.24748	0.01898	0.01784	0.01288	0.00787	0.00648	0.00197	0.00654	0.00609	0.00693	0.01096
35	0.01451	0.01366	0.02305	0.12334	0.55827	0.01397	0.01787	0.01807	0.01420	0.01997	0.01501	0.11027	0.01410	0.00765	0.00664	0.00204	0.00730	0.00733	0.00351	0.00924
36	0.01340	0.01148	0.01340	0.00957	0.01531	0.00861	0.00766	0.01627	0.01340	0.02105	0.01148	0.01340	0.00957	0.00479	0.00479	0.00096	0.00479	0.00383	0.00383	0.81242
37	0.07068	0.02345	0.01914	0.01843	0.10867	0.36421	0.01301	0.25802	0.02153	0.02574	0.01208	0.01344	0.00939	0.00688	0.00601	0.00181	0.00921	0.00489	0.00442	0.00900
38	0.01449	0.01382	0.02351	0.32456	0.45947	0.01496	0.01908	0.01851	0.01400	0.01928	0.01189	0.01648	0.00959	0.00604	0.00642	0.00201	0.00805	0.00575	0.00307	0.00902
39	0.00923	0.00692	0.01038	0.01038	0.01154	0.00808	0.00808	0.01154	0.01038	0.01500	0.01731	0.02538	0.01615	0.04846	0.74732	0.01038	0.01731	0.00692	0.00346	0.00577
40	0.01775	0.01856	0.02376	0.07156	0.50046	0.17525	0.01776	0.03954	0.01569	0.02008	0.01163	0.01504	0.00970	0.00621	0.00670	0.00190	0.03032	0.00541	0.00329	0.00940
41	0.01754	0.02128	0.04727	0.01326	0.01618	0.41937	0.01039	0.01988	0.01771	0.01924	0.23457	0.04560	0.07234	0.00962	0.00657	0.00185	0.00817	0.00747	0.00470	0.00697
42	0.01825	0.00961	0.01231	0.01010	0.01373	0.00865	0.00802	0.02238	0.07905	0.31098	0.29556	0.03125	0.03288	0.00968	0.00672	0.00190	0.00443	0.00824	0.00701	0.10926
43	0.01340	0.01148	0.01340	0.00957	0.01531	0.00861	0.00766	0.01627	0.01340	0.02105	0.01148	0.01340	0.00957	0.00479	0.00479	0.00096	0.00479	0.00383	0.00383	0.81242
44	0.00862	0.00708	0.00770	0.00770	0.00978	0.00639	0.00590	0.01162	0.06092	0.01933	0.14781	0.07914	0.51715	0.01569	0.00769	0.00224	0.00360	0.06957	0.00618	0.00588
45	0.01122	0.00561	0.00842	0.00842	0.00842	0.00561	0.00561	0.00842	0.00842	0.01122	0.01122	0.01964	0.01122	0.02245	0.02525	0.81201	0.00561	0.00561	0.00281	0.00281
46	0.02899	0.01100	0.01499	0.01150	0.01649	0.00950	0.00950	0.03149	0.01849	0.73709	0.02549	0.02199	0.01599	0.00800	0.00650	0.00200	0.00550	0.00650	0.00800	0.01100
47	0.01479	0.01627	0.03384	0.13875	0.08009	0.01610	0.53430	0.01982	0.01467	0.01990	0.01261	0.01719	0.00960	0.00583	0.00786	0.00218	0.03734	0.00715	0.00319	0.00852
48	0.01599	0.01535	0.02623	0.03966	0.73262	0.01535	0.01983	0.01983	0.01471	0.02111	0.01215	0.01599	0.01023	0.00576	0.00640	0.00192	0.00768	0.00576	0.00320	0.01023
49	0.01122	0.00561	0.00842	0.00842	0.00842	0.00561	0.00561	0.00842	0.00842	0.01122	0.01122	0.01964	0.01122	0.02245	0.02525	0.81201	0.00561	0.00561	0.00281	0.00281
50	0.01519	0.01453	0.02478	0.19141	0.58713	0.01514	0.01943	0.01913	0.01433	0.02014	0.01201	0.01625	0.00989	0.00591	0.00641	0.00197	0.00787	0.00575	0.00313	0.00959
51	0.01343	0.01161	0.01370	0.00992	0.01539	0.00914	0.00796	0.01624	0.01323	0.02080	0.01134	0.01343	0.00952	0.00509	0.00556	0.00105	0.04042	0.00391	0.00378	0.77447
52	0.01721	0.01445	0.01525	0.01338	0.01724	0.01661	0.01050	0.12547	0.62794	0.02887	0.02485	0.02295	0.01855	0.00863	0.00656	0.00216	0.00538	0.00710	0.00656	0.01033
53	0.00862	0.00655	0.00793	0.00765	0.00935	0.00586	0.00571	0.01116	0.01696	0.02290	0.49438	0.07602	0.27446	0.01445	0.00765	0.00210	0.00314	0.01253	0.00672	0.00586
54	0.01682	0.01728	0.02430	0.11283	0.55109	0.12616	0.01851	0.02038	0.01507	0.01982	0.01175	0.01547	0.00977	0.00597	0.00632	0.00191	0.00838	0.00551	0.00318	0.00949
55	0.02899	0.01100	0.01499	0.01150	0.01649	0.00950	0.00950	0.03149	0.01849	0.73709	0.02549	0.02199	0.01599	0.00800	0.00650	0.00200	0.00550	0.00650	0.00800	0.01100
56	0.00787	0.00562	0.00750	0.00900	0.00937	0.00525	0.00600	0.00900	0.01237	0.01649	0.03561	0.76871	0.04274	0.02024	0.00825	0.00262	0.00375	0.01837	0.00600	0.00525
57	0.01494	0.01958	0.13223	0.02605	0.03299	0.01616	0.61720	0.02067	0.01503	0.02067	0.01287	0.01692	0.00959	0.00554	0.00743	0.00216	0.01071	0.00724	0.00320	0.00883
58	0.02416	0.02218	0.01940	0.01697	0.06029	0.31307	0.03498	0.28685	0.02262	0.11595	0.01425	0.01485	0.01045	0.00715	0.00624	0.00184	0.00890	0.00529	0.00510	0.00946
59	0.00788	0.00652	0.00690	0.00688	0.00889	0.00555	0.00513	0.00971	0.01519	0.01872	0.16621	0.08548	0.60262	0.01602	0.00766	0.00217	0.00326	0.01351	0.00617	0.00555
60	0.04707	0.62741	0.03044	0.01188	0.01699	0.14319	0.01114	0.02039	0.01390	0.01580	0.00915	0.01058	0.00825	0.00573	0.00442	0.00145	0.00762	0.00357	0.00290	0.00811
61	0.01719	0.01369	0.01605	0.04190	0.07986	0.01500	0.01128	0.17557	0.33814	0.05149	0.08924	0.02518	0.02078	0.00884	0.00666	0.00208	0.00573	0.03565	0.00609	0.03958
62	0.01903	0.01985	0.02384	0.03048	0.44230	0.21182	0.04273	0.09271	0.01731	0.02170	0.01195	0.01483	0.00978	0.00619	0.00630	0.00186	0.00880	0.00541	0.00357	0.00952
63	0.01868	0.62390	0.03067	0.01220	0.01728	0.17344	0.01135	0.02067	0.01419	0.01533	0.00919	0.01063	0.00830	0.00576	0.00449	0.00144	0.00788	0.00360	0.00288	0.00813
64	0.00872	0.00625	0.00770	0.00833	0.00864	0.00620	0.00536	0.00941	0.01118	0.01486	0.02998	0.39951	0.07235	0.33289	0.01893	0.00412	0.03187	0.01391	0.00502	0.00477

[dist]
# distance from previous block
# <min> <max>
1	2

[block]
# block no. 4 follows, 34 sequences, length 49
# corresponding to MSA columns:
# 482-530
name=unknown_E
#
# <colnr> <probs for GDERKNQSTAVLIFYWHMCP>
#	G	D	E	R	K	N	Q	S	T	A	V	L	I	F	Y	W	H	M	C	P
0	0.00773	0.00635	0.00681	0.00711	0.00889	0.00543	0.00518	0.00931	0.01435	0.01753	0.08072	0.20943	0.56465	0.01707	0.00776	0.00227	0.00337	0.01456	0.00604	0.00543
1	0.01727	0.77681	0.03386	0.01106	0.01658	0.02557	0.01106	0.01935	0.01313	0.01520	0.00898	0.01036	0.00829	0.00553	0.00415	0.00138	0.00691	0.00345	0.00276	0.00829
2	0.01819	0.08520	0.05122	0.01345	0.01813	0.10567	0.06444	0.10244	0.10155	0.11204	0.11187	0.02051	0.01834	0.00755	0.00614	0.00176	0.00669	0.00621	0.00517	0.14342
3	0.02456	0.01810	0.01939	0.01487	0.02004	0.02004	0.01228	0.71107	0.03038	0.04072	0.01551	0.01551	0.01099	0.00776	0.00646	0.00194	0.00711	0.00582	0.00646	0.01099
4	0.00890	0.00631	0.00694	0.00700	0.00756	0.00602	0.00424	0.00935	0.01084	0.01391	0.03216	0.07550	0.19985	0.55558	0.02565	0.00511	0.00542	0.01080	0.00451	0.00435
5	0.00999	0.00776	0.00934	0.01007	0.01129	0.00805	0.00709	0.01555	0.19551	0.01922	0.03321	0.57626	0.03679	0.01728	0.00781	0.00251	0.00410	0.01551	0.00615	0.00654
6	0.05731	0.05249	0.02104	0.01721	0.02124	0.52377	0.10592	0.05744	0.01798	0.05103	0.01129	0.01299	0.00894	0.00654	0.00599	0.00177	0.01060	0.00476	0.00369	0.00799
7	0.00826	0.00646	0.00702	0.00699	0.00854	0.00572	0.00493	0.00975	0.01407	0.01771	0.16008	0.08169	0.44757	0.17768	0.01305	0.00305	0.00389	0.01259	0.00573	0.00522
8	0.00764	0.00655	0.00655	0.00655	0.00873	0.00545	0.00491	0.00927	0.01473	0.01745	0.06546	0.06218	0.73000	0.01636	0.00764	0.00218	0.00327	0.01364	0.00600	0.00545
9	0.01340	0.01148	0.01340	0.00957	0.01531	0.00861	0.00766	0.01627	0.01340	0.02105	0.01148	0.01340	0.00957	0.00479	0.00479	0.00096	0.00479	0.00383	0.00383	0.81242
10	0.01669	0.67547	0.13005	0.01206	0.01814	0.02413	0.01280	0.01950	0.01320	0.01592	0.00934	0.01081	0.00828	0.00561	0.00442	0.00147	0.00727	0.00363	0.00276	0.00846
11	0.01727	0.77681	0.03386	0.01106	0.01658	0.02557	0.01106	0.01935	0.01313	0.01520	0.00898	0.01036	0.00829	0.00553	0.00415	0.00138	0.00691	0.00345	0.00276	0.00829
12	0.01727	0.77681	0.03386	0.01106	0.01658	0.02557	0.01106	0.01935	0.01313	0.01520	0.00898	0.01036	0.00829	0.00553	0.00415	0.00138	0.00691	0.00345	0.00276	0.00829
13	0.00787	0.00562	0.00750	0.00900	0.00937	0.00525	0.00600	0.00900	0.01237	0.01649	0.03561	0.76871	0.04274	0.02024	0.00825	0.00262	0.00375	0.01837	0.00600	0.00525
14	0.01607	0.01388	0.01461	0.01315	0.01680	0.01607	0.01023	0.03433	0.72094	0.02703	0.02630	0.02411	0.01972	0.00877	0.00657	0.00219	0.00511	0.00731	0.00657	0.01023
15	0.01599	0.01535	0.02623	0.03966	0.73262	0.01535	0.01983	0.01983	0.01471	0.02111	0.01215	0.01599	0.01023	0.00576	0.00640	0.00192	0.00768	0.00576	0.00320	0.01023
16	0.02476	0.01778	0.01919	0.01471	0.01988	0.01956	0.01216	0.68032	0.02984	0.07224	0.01596	0.01581	0.01121	0.00777	0.00647	0.00194	0.00704	0.00585	0.00653	0.01099
17	0.00914	0.00660	0.00864	0.00813	0.00965	0.00610	0.00610	0.01219	0.01829	0.02591	0.72921	0.04827	0.06097	0.01321	0.00762	0.00203	0.00305	0.01169	0.00711	0.00610
18	0.01525	0.01743	0.03813	0.02723	0.03377	0.01634	0.70915	0.02070	0.01525	0.02070	0.01307	0.01743	0.00980	0.00545	0.00763	0.00218	0.01089	0.00763	0.00327	0.00871
19	0.01727	0.77681	0.03386	0.01106	0.01658	0.02557	0.01106	0.01935	0.01313	0.01520	0.00898	0.01036	0.00829	0.00553	0.00415	0.00138	0.00691	0.00345	0.00276	0.00829
20	0.01122	0.00561	0.00842	0.00842	0.00842	0.00561	0.00561	0.00842	0.00842	0.01122	0.01122	0.01964	0.01122	0.02245	0.02525	0.81201	0.00561	0.00561	0.00281	0.00281
21	0.00926	0.00673	0.00812	0.00769	0.00955	0.00598	0.00579	0.01180	0.01706	0.04582	0.47685	0.05224	0.29111	0.01413	0.00759	0.00208	0.00320	0.01219	0.00676	0.00603
22	0.00923	0.00692	0.01038	0.01038	0.01154	0.00808	0.00808	0.01154	0.01038	0.01500	0.01731	0.02538	0.01615	0.04846	0.74732	0.01038	0.01731	0.00692	0.00346	0.00577
23	0.02899	0.01100	0.01499	0.01150	0.01649	0.00950	0.00950	0.03149	0.01849	0.73709	0.02549	0.02199	0.01599	0.00800	0.00650	0.00200	0.00550	0.00650	0.00800	0.01100
24	0.01607	0.01388	0.01461	0.01315	0.01680	0.01607	0.01023	0.03433	0.72094	0.02703	0.02630	0.02411	0.01972	0.00877	0.00657	0.00219	0.00511	0.00731	0.00657	0.01023
25	0.00804	0.00635	0.00726	0.00760	0.00918	0.00557	0.00555	0.00983	0.01476	0.01875	0.17383	0.23984	0.41806	0.01684	0.00782	0.00229	0.00343	0.03328	0.00619	0.00553
26	0.00904	0.00670	0.00893	0.00898	0.00993	0.00705	0.00652	0.01079	0.01219	0.01682	0.14636	0.13573	0.09202	0.17504	0.29991	0.00620	0.02734	0.01033	0.00473	0.00540
27	0.02496	0.01747	0.01900	0.01457	0.01972	0.01910	0.01203	0.65074	0.02932	0.10254	0.01640	0.01609	0.01143	0.00778	0.00647	0.00194	0.00697	0.00588	0.00660	0.01099
28	0.00796	0.00656	0.00699	0.00688	0.00892	0.00559	0.00516	0.00989	0.01548	0.01925	0.20644	0.05923	0.58789	0.01569	0.00763	0.00215	0.00323	0.01322	0.00624	0.00559
29	0.01792	0.11116	0.11861	0.01271	0.01880	0.01306	0.04834	0.07225	0.01580	0.16730	0.01442	0.01517	0.01064	0.00598	0.00552	0.00151	0.00635	0.00481	0.00456	0.33510
30	0.01458	0.01273	0.04079	0.01038	0.01613	0.00978	0.00866	0.05456	0.04202	0.04551	0.01273	0.01422	0.01020	0.00525	0.00505	0.00113	0.00512	0.00419	0.00417	0.68280
31	0.01542	0.43782	0.32154	0.01482	0.02204	0.02083	0.04948	0.01987	0.01344	0.01761	0.01024	0.01204	0.00832	0.00577	0.00512	0.00169	0.00817	0.00419	0.00277	0.00882
32	0.00995	0.00878	0.01555	0.01388	0.01591	0.00825	0.18618	0.01232	0.01329	0.01778	0.02974	0.52472	0.03390	0.01628	0.00814	0.00254	0.00574	0.06557	0.00530	0.00619
33	0.01236	0.01180	0.02038	0.71858	0.04393	0.01446	0.05469	0.01673	0.01304	0.01673	0.01157	0.01724	0.00868	0.00641	0.00652	0.00215	0.00873	0.00584	0.00289	0.00726
34	0.01591	0.01588	0.02872	0.02238	0.08076	0.01509	0.39228	0.09418	0.03897	0.02303	0.01324	0.01639	0.01020	0.00583	0.00711	0.00189	0.02762	0.00642	0.00382	0.18027
35	0.00922	0.00637	0.00792	0.00815	0.00849	0.00656	0.00527	0.00994	0.01016	0.01377	0.02206	0.12700	0.02478	0.50468	0.17721	0.00656	0.00824	0.03494	0.00415	0.00453
36	0.00800	0.00656	0.00705	0.00693	0.00895	0.00561	0.00520	0.00998	0.01559	0.01950	0.22636	0.05881	0.56781	0.01560	0.00763	0.00215	0.00322	0.01316	0.00627	0.00561
37	0.01296	0.03342	0.73944	0.01842	0.02797	0.01501	0.02387	0.02046	0.01364	0.02046	0.01160	0.01364	0.00818	0.00614	0.00614	0.00205	0.00955	0.00477	0.00273	0.00955
38	0.00899	0.00647	0.00860	0.00967	0.01066	0.00618	0.00739	0.01101	0.01408	0.01873	0.13812	0.35604	0.07532	0.05226	0.00947	0.00280	0.00450	0.24808	0.00605	0.00556
39	0.01296	0.03342	0.73944	0.01842	0.02797	0.01501	0.02387	0.02046	0.01364	0.02046	0.01160	0.01364	0.00818	0.00614	0.00614	0.00205	0.00955	0.00477	0.00273	0.00955
40	0.01010	0.00727	0.01001	0.01142	0.01288	0.00719	0.00983	0.01288	0.01470	0.01905	0.03596	0.11807	0.07438	0.01793	0.00881	0.00291	0.00566	0.60911	0.00596	0.00588
41	0.01599	0.01535	0.02623	0.03966	0.73262	0.01535	0.01983	0.01983	0.01471	0.02111	0.01215	0.01599	0.01023	0.00576	0.00640	0.00192	0.00768	0.00576	0.00320	0.01023
42	0.00936	0.00640	0.00772	0.00772	0.00795	0.00663	0.00476	0.00983	0.00960	0.01303	0.01974	0.03887	0.02201	0.62652	0.17726	0.00710	0.00850	0.00890	0.00382	0.00429
43	0.81856	0.01250	0.00950	0.00850	0.01250	0.01449	0.00700	0.01899	0.01100	0.02899	0.00900	0.01050	0.00700	0.00600	0.00400	0.00200	0.00500	0.00350	0.00400	0.00700
44	0.00852	0.00635	0.00795	0.00818	0.00952	0.00577	0.00598	0.01073	0.01576	0.02126	0.37060	0.25321	0.19526	0.01601	0.00785	0.00226	0.00340	0.03913	0.00653	0.00572
45	0.00768	0.00639	0.00671	0.00696	0.00884	0.00542	0.00509	0.00923	0.01433	0.01729	0.06040	0.18181	0.61363	0.01702	0.00774	0.00226	0.00335	0.01444	0.00600	0.00542
46	0.00920	0.00733	0.00935	0.03061	0.04949	0.00682	0.00762	0.01165	0.01548	0.02004	0.21227	0.08200	0.33134	0.01524	0.00785	0.00233	0.00422	0.16511	0.00602	0.00601
47	0.01615	0.58880	0.17794	0.01234	0.01852	0.02251	0.01340	0.01938	0.01325	0.01669	0.01007	0.01166	0.00864	0.00574	0.00457	0.00152	0.00728	0.00384	0.03923	0.00845
48	0.23807	0.01194	0.01407	0.12257	0.01959	0.01218	0.00997	0.04742	0.05268	0.27708	0.01670	0.01687	0.01159	0.00682	0.00558	0.00189	0.00577	0.00522	0.00544	0.11855

[dist]
# distance from previous block
# <min> <max>
0	1

[block]
# block no. 5 follows, 34 sequences, length 18
# corresponding to MSA columns:
# 532-549
name=unknown_F
#
# <colnr> <probs for GDERKNQSTAVLIFYWHMCP>
#	G	D	E	R	K	N	Q	S	T	A	V	L	I	F	Y	W	H	M	C	P
0	0.01930	0.01612	0.02240	0.07269	0.38790	0.04184	0.01626	0.21936	0.04895	0.07016	0.01440	0.01648	0.01103	0.00667	0.00641	0.00195	0.00747	0.00583	0.00455	0.01021
1	0.16118	0.24229	0.02111	0.01230	0.01711	0.02000	0.01062	0.26329	0.14378	0.02863	0.01432	0.01461	0.01102	0.00696	0.00536	0.00183	0.00632	0.00497	0.00495	0.00935
2	0.01699	0.01373	0.01529	0.01161	0.01688	0.01298	0.00936	0.21782	0.12261	0.02757	0.01482	0.01558	0.01147	0.00622	0.00553	0.00142	0.00550	0.00491	0.00499	0.46470
3	0.01850	0.42476	0.08660	0.01508	0.02055	0.18340	0.10030	0.04994	0.01531	0.01751	0.01020	0.01202	0.00859	0.00591	0.00521	0.00162	0.00868	0.00434	0.00310	0.00838
4	0.01220	0.01148	0.01938	0.75739	0.04450	0.01436	0.01794	0.01651	0.01292	0.01651	0.01148	0.01723	0.00861	0.00646	0.00646	0.00215	0.00861	0.00574	0.00287	0.00718
5	0.00878	0.00659	0.00813	0.00775	0.00943	0.00594	0.00581	0.01149	0.01743	0.02388	0.56976	0.05161	0.22169	0.01397	0.00762	0.00207	0.00310	0.01215	0.00685	0.00594
6	0.02262	0.02342	0.01764	0.01518	0.01906	0.38537	0.01179	0.23919	0.12624	0.02551	0.01454	0.01516	0.01115	0.00734	0.00609	0.00182	0.00895	0.00521	0.03479	0.00893
7	0.01435	0.01145	0.01350	0.00969	0.01538	0.00867	0.00777	0.01720	0.01371	0.06472	0.01234	0.01392	0.00996	0.00498	0.00489	0.00102	0.00483	0.00399	0.00408	0.76355
8	0.01435	0.01145	0.01350	0.00969	0.01538	0.00867	0.00777	0.01720	0.01371	0.06470	0.01234	0.01392	0.00996	0.00498	0.00489	0.00102	0.00483	0.00399	0.00408	0.76357
9	0.00866	0.00659	0.00796	0.00761	0.00935	0.00589	0.00571	0.01124	0.01713	0.02316	0.51365	0.05278	0.27824	0.01423	0.00763	0.00208	0.00312	0.01232	0.00675	0.00589
10	0.02492	0.01753	0.01904	0.01460	0.01975	0.01920	0.01206	0.65689	0.02943	0.09624	0.01631	0.01603	0.01139	0.00778	0.00647	0.00194	0.00698	0.00587	0.00659	0.01099
11	0.02371	0.01768	0.01891	0.01469	0.01971	0.01964	0.01208	0.64329	0.09954	0.03935	0.01659	0.01637	0.01186	0.00786	0.00647	0.00196	0.00691	0.00597	0.00647	0.01091
12	0.01525	0.01743	0.03813	0.02723	0.03377	0.01634	0.70915	0.02070	0.01525	0.02070	0.01307	0.01743	0.00980	0.00545	0.00763	0.00218	0.01089	0.00763	0.00327	0.00871
13	0.02212	0.01147	0.01367	0.01127	0.01530	0.01152	0.00905	0.07901	0.21627	0.36391	0.02423	0.02248	0.01678	0.00812	0.00618	0.00196	0.00508	0.00659	0.14509	0.00992
14	0.00871	0.00659	0.00804	0.00768	0.00939	0.00591	0.00576	0.01136	0.01727	0.02349	0.53920	0.05225	0.25249	0.01411	0.00763	0.00208	0.00311	0.01224	0.00679	0.00591
15	0.00929	0.00671	0.00929	0.00929	0.01006	0.00748	0.00671	0.01083	0.01006	0.01419	0.01831	0.03095	0.01857	0.28693	0.51215	0.00903	0.01367	0.00774	0.00361	0.00516
16	0.01564	0.01338	0.01429	0.01305	0.01654	0.01541	0.01024	0.03272	0.66661	0.02644	0.02691	0.02786	0.02107	0.00947	0.00676	0.00225	0.00518	0.05977	0.00653	0.00990
17	0.01462	0.23434	0.51673	0.01635	0.02453	0.05024	0.01990	0.02040	0.01371	0.01883	0.01082	0.01267	0.00822	0.00600	0.00559	0.00185	0.00893	0.00439	0.00276	0.00912

[dist]
# distance from previous block
# <min> <max>
0	1

[block]
# block no. 6 follows, 34 sequences, length 148
# corresponding to MSA columns:
# 551-698
name=unknown_G
#
# <colnr> <probs for GDERKNQSTAVLIFYWHMCP>
#	G	D	E	R	K	N	Q	S	T	A	V	L	I	F	Y	W	H	M	C	P
0	0.01715	0.75518	0.05438	0.01127	0.01691	0.02526	0.01143	0.01938	0.01314	0.01535	0.00906	0.01046	0.00829	0.00555	0.00420	0.00140	0.00699	0.00349	0.00276	0.00833
1	0.13491	0.01259	0.01504	0.01176	0.01661	0.01232	0.00969	0.15400	0.04340	0.48980	0.02146	0.01932	0.01399	0.00771	0.00615	0.00199	0.00571	0.00599	0.00713	0.01043
2	0.01409	0.01364	0.01893	0.14530	0.02173	0.01828	0.01421	0.01857	0.11825	0.01746	0.01171	0.01619	0.01021	0.01008	0.01642	0.00261	0.51545	0.00592	0.00340	0.00757
3	0.00921	0.00658	0.00903	0.01053	0.01149	0.00640	0.00832	0.01131	0.01369	0.01799	0.03487	0.40225	0.03981	0.01898	0.00860	0.00281	0.00491	0.37163	0.00597	0.00562
4	0.01559	0.01380	0.01741	0.02010	0.21308	0.01521	0.01259	0.02888	0.48012	0.02533	0.06913	0.02348	0.01986	0.00823	0.00660	0.00211	0.00568	0.00717	0.00568	0.00995
5	0.01340	0.01148	0.01340	0.00957	0.01531	0.00861	0.00766	0.01627	0.01340	0.02105	0.01148	0.01340	0.00957	0.00479	0.00479	0.00096	0.00479	0.00383	0.00383	0.81242
6	0.02108	0.30265	0.02375	0.01436	0.01852	0.43345	0.01181	0.02402	0.06404	0.01635	0.01073	0.01203	0.00908	0.00639	0.00526	0.00160	0.00947	0.00412	0.00334	0.00797
7	0.00863	0.00658	0.00793	0.00759	0.00934	0.00588	0.00569	0.01120	0.01708	0.02304	0.50425	0.05298	0.28771	0.01428	0.00763	0.00208	0.00312	0.01235	0.00674	0.00588
8	0.01689	0.71064	0.09667	0.01171	0.01760	0.02463	0.01220	0.01945	0.01317	0.01567	0.00922	0.01066	0.00828	0.00558	0.00432	0.00144	0.00714	0.00357	0.00276	0.00840
9	0.03631	0.02655	0.47255	0.01945	0.05993	0.01479	0.12056	0.05221	0.01497	0.07648	0.01300	0.01493	0.00926	0.00619	0.00631	0.00201	0.00896	0.00535	0.00347	0.03672
10	0.01470	0.01142	0.01540	0.28403	0.02543	0.01243	0.01200	0.13476	0.05886	0.06516	0.14477	0.05043	0.05462	0.00889	0.00664	0.00200	0.00623	0.00758	0.00509	0.07956
11	0.00861	0.00619	0.00816	0.00849	0.00954	0.00574	0.00606	0.01085	0.01581	0.02196	0.43827	0.35046	0.05332	0.01616	0.00788	0.00228	0.00334	0.01449	0.00665	0.00574
12	0.00940	0.00626	0.00705	0.00705	0.00705	0.00626	0.00392	0.00940	0.00940	0.01253	0.02036	0.04228	0.02349	0.77292	0.03289	0.00626	0.00626	0.00940	0.00392	0.00392
13	0.01454	0.12858	0.15377	0.05199	0.24415	0.06838	0.03202	0.01817	0.01425	0.01898	0.07700	0.02126	0.03338	0.08651	0.00890	0.00233	0.00765	0.00627	0.00354	0.00832
14	0.01296	0.03342	0.73944	0.01842	0.02797	0.01501	0.02387	0.02046	0.01364	0.02046	0.01160	0.01364	0.00818	0.00614	0.00614	0.00205	0.00955	0.00477	0.00273	0.00955
15	0.00808	0.00575	0.00745	0.00868	0.00909	0.00540	0.00573	0.00914	0.01225	0.01633	0.05475	0.64433	0.05834	0.10862	0.01112	0.00302	0.00401	0.01700	0.00578	0.00512
16	0.02120	0.02341	0.01993	0.02178	0.20173	0.39541	0.01398	0.12389	0.05212	0.02138	0.01393	0.01556	0.03330	0.00700	0.00616	0.00181	0.00939	0.00527	0.00399	0.00876
17	0.01511	0.01445	0.02463	0.20755	0.57166	0.01512	0.01939	0.01905	0.01429	0.02003	0.01200	0.01628	0.00986	0.00592	0.00641	0.00197	0.00790	0.00575	0.00312	0.00952
18	0.00924	0.00688	0.01015	0.01015	0.01122	0.00795	0.00778	0.01139	0.01031	0.01483	0.01752	0.02657	0.01667	0.09931	0.69718	0.01010	0.01653	0.00710	0.00349	0.00564
19	0.00825	0.00653	0.00748	0.00777	0.00951	0.00577	0.00590	0.01022	0.01505	0.01902	0.17430	0.15713	0.43974	0.01651	0.00786	0.00231	0.00360	0.09126	0.00619	0.00560
20	0.01392	0.01361	0.02400	0.34510	0.27394	0.01507	0.11296	0.01799	0.01359	0.01854	0.01195	0.01693	0.00958	0.00779	0.03261	0.00240	0.05256	0.00604	0.00305	0.00837
21	0.64243	0.01575	0.01152	0.01019	0.01416	0.13114	0.00820	0.06366	0.01338	0.02764	0.00956	0.01100	0.00746	0.00621	0.00444	0.00194	0.00619	0.00375	0.00405	0.00733
22	0.00821	0.00659	0.00737	0.00769	0.00934	0.00590	0.00556	0.01053	0.04334	0.01845	0.12467	0.26272	0.43295	0.01684	0.00777	0.00229	0.00346	0.01454	0.00614	0.00566
23	0.04718	0.01759	0.01871	0.01454	0.01955	0.01955	0.01196	0.63590	0.08579	0.03927	0.01620	0.01606	0.01158	0.00779	0.00640	0.00196	0.00689	0.00587	0.00640	0.01081
24	0.01325	0.05781	0.68189	0.01917	0.06077	0.01538	0.02325	0.02039	0.01367	0.02031	0.01153	0.01364	0.00829	0.00610	0.00608	0.00202	0.00937	0.00478	0.00275	0.00954
25	0.00847	0.00626	0.00861	0.00929	0.01020	0.00583	0.02287	0.01026	0.01404	0.01898	0.19877	0.52247	0.06914	0.01799	0.00810	0.00248	0.00385	0.05065	0.00619	0.00557
26	0.02181	0.02217	0.01769	0.01591	0.04320	0.33581	0.01197	0.17969	0.21913	0.04357	0.01629	0.01644	0.01240	0.00750	0.00622	0.00189	0.00851	0.00553	0.00506	0.00922
27	0.01296	0.03342	0.73944	0.01842	0.02797	0.01501	0.02387	0.02046	0.01364	0.02046	0.01160	0.01364	0.00818	0.00614	0.00614	0.00205	0.00955	0.00477	0.00273	0.00955
28	0.02176	0.02696	0.01732	0.01583	0.01874	0.61964	0.01197	0.02350	0.01692	0.01570	0.01089	0.01357	0.00936	0.01237	0.10436	0.00286	0.04309	0.00459	0.00333	0.00725
29	0.01794	0.01381	0.01561	0.06263	0.01883	0.01539	0.01113	0.25512	0.29147	0.05369	0.05229	0.02831	0.03590	0.00968	0.00687	0.00218	0.00600	0.08734	0.00627	0.00952
30	0.78082	0.04849	0.01064	0.00862	0.01269	0.01502	0.00719	0.01901	0.01110	0.02834	0.00900	0.01049	0.00706	0.00598	0.00401	0.00197	0.00509	0.00350	0.00394	0.00706
31	0.01599	0.01535	0.02623	0.03966	0.73262	0.01535	0.01983	0.01983	0.01471	0.02111	0.01215	0.01599	0.01023	0.00576	0.00640	0.00192	0.00768	0.00576	0.00320	0.01023
32	0.00940	0.00626	0.00705	0.00705	0.00705	0.00626	0.00392	0.00940	0.00940	0.01253	0.02036	0.04228	0.02349	0.77292	0.03289	0.00626	0.00626	0.00940	0.00392	0.00392
33	0.08872	0.02351	0.01809	0.01517	0.01940	0.35521	0.01195	0.33859	0.02324	0.02827	0.01243	0.01332	0.00943	0.00711	0.00597	0.00182	0.00904	0.00486	0.00482	0.00905
34	0.00862	0.00717	0.00762	0.00748	0.00966	0.00647	0.00568	0.01185	0.07240	0.01952	0.15831	0.05740	0.55356	0.01533	0.00759	0.00219	0.00347	0.03352	0.00621	0.00595
35	0.00764	0.00655	0.00655	0.00655	0.00873	0.00545	0.00491	0.00927	0.01473	0.01745	0.06546	0.06218	0.73000	0.01636	0.00764	0.00218	0.00327	0.01364	0.00600	0.00545
36	0.01330	0.09255	0.68332	0.01783	0.02706	0.01585	0.02285	0.02037	0.01360	0.02004	0.01139	0.01338	0.00819	0.00609	0.00598	0.00199	0.00934	0.00467	0.00273	0.00945
37	0.02471	0.01786	0.01924	0.01475	0.01992	0.01968	0.01219	0.68814	0.02998	0.06422	0.01585	0.01573	0.01116	0.00776	0.00646	0.00194	0.00706	0.00584	0.00652	0.01099
38	0.01405	0.01458	0.02354	0.01874	0.02100	0.04628	0.23090	0.01667	0.01227	0.01731	0.03350	0.05939	0.01342	0.06639	0.01607	0.00280	0.37511	0.00736	0.00337	0.00724
39	0.01819	0.01540	0.01514	0.01342	0.01717	0.08881	0.01050	0.06564	0.54435	0.08287	0.02426	0.02343	0.01827	0.00866	0.00654	0.00213	0.00592	0.02300	0.00634	0.00995
40	0.01579	0.01412	0.02110	0.22446	0.32195	0.01547	0.01641	0.10257	0.13403	0.02332	0.03668	0.01861	0.01302	0.00691	0.00649	0.00203	0.00729	0.00620	0.00418	0.00937
41	0.01727	0.77681	0.03386	0.01106	0.01658	0.02557	0.01106	0.01935	0.01313	0.01520	0.00898	0.01036	0.00829	0.00553	0.00415	0.00138	0.00691	0.00345	0.00276	0.00829
42	0.02140	0.01817	0.10143	0.01447	0.01958	0.01736	0.01279	0.52525	0.02591	0.05901	0.01776	0.10426	0.01457	0.00905	0.00664	0.00203	0.00694	0.00720	0.00603	0.01015
43	0.01064	0.00777	0.00963	0.00961	0.01110	0.00772	0.00705	0.09383	0.04060	0.02309	0.27582	0.38142	0.04443	0.01585	0.00778	0.00233	0.00401	0.03444	0.00646	0.00641
44	0.00923	0.00692	0.01038	0.01038	0.01154	0.00808	0.00808	0.01154	0.01038	0.01500	0.01731	0.02538	0.01615	0.04846	0.74732	0.01038	0.01731	0.00692	0.00346	0.00577
45	0.01220	0.01148	0.01938	0.75739	0.04450	0.01436	0.01794	0.01651	0.01292	0.01651	0.01148	0.01723	0.00861	0.00646	0.00646	0.00215	0.00861	0.00574	0.00287	0.00718
46	0.01032	0.00687	0.00901	0.00833	0.01006	0.00630	0.00630	0.01334	0.01830	0.06808	0.68748	0.04671	0.05830	0.01290	0.00755	0.00203	0.00319	0.01138	0.00717	0.00639
47	0.72355	0.01238	0.01066	0.09673	0.01627	0.01448	0.00829	0.01870	0.01122	0.02752	0.00929	0.01129	0.00719	0.00605	0.00429	0.00202	0.00542	0.00376	0.00387	0.00702
48	0.01022	0.00758	0.00923	0.00932	0.01099	0.00746	0.00696	0.01479	0.12230	0.03962	0.25887	0.26375	0.13198	0.01527	0.00772	0.00232	0.00388	0.06476	0.00649	0.00650
49	0.02418	0.01687	0.01814	0.01439	0.01871	0.08044	0.01178	0.38452	0.04124	0.20757	0.01694	0.01683	0.01192	0.00816	0.00816	0.00204	0.09589	0.00586	0.00615	0.01021
50	0.01635	0.01402	0.01477	0.01321	0.01691	0.01620	0.01029	0.05643	0.69840	0.02748	0.02595	0.02383	0.01944	0.00873	0.00657	0.00218	0.00518	0.00726	0.00657	0.01025
51	0.01498	0.01931	0.12076	0.02619	0.03309	0.01618	0.62841	0.02067	0.01506	0.02067	0.01290	0.01698	0.00961	0.00553	0.00745	0.00216	0.01073	0.00729	0.00320	0.00881
52	0.01220	0.01148	0.01938	0.75739	0.04450	0.01436	0.01794	0.01651	0.01292	0.01651	0.01148	0.01723	0.00861	0.00646	0.00646	0.00215	0.00861	0.00574	0.00287	0.00718
53	0.01340	0.01148	0.01340	0.00957	0.01531	0.00861	0.00766	0.01627	0.01340	0.02105	0.01148	0.01340	0.00957	0.00479	0.00479	0.00096	0.00479	0.00383	0.00383	0.81242
54	0.01274	0.01204	0.02036	0.65488	0.14278	0.01450	0.01821	0.01698	0.01318	0.01717	0.01158	0.01705	0.00884	0.00636	0.00645	0.00212	0.00848	0.00574	0.00292	0.00761
55	0.00940	0.00626	0.00705	0.00705	0.00705	0.00626	0.00392	0.00940	0.00940	0.01253	0.02036	0.04228	0.02349	0.77292	0.03289	0.00626	0.00626	0.00940	0.00392	0.00392
56	0.00787	0.00562	0.00750	0.00900	0.00937	0.00525	0.00600	0.00900	0.01237	0.01649	0.03561	0.76871	0.04274	0.02024	0.00825	0.00262	0.00375	0.01837	0.00600	0.00525
57	0.01220	0.01148	0.01938	0.75739	0.04450	0.01436	0.01794	0.01651	0.01292	0.01651	0.01148	0.01723	0.00861	0.00646	0.00646	0.00215	0.00861	0.00574	0.00287	0.00718
58	0.01041	0.00744	0.01041	0.01190	0.01339	0.00744	0.01041	0.01339	0.01487	0.01934	0.03421	0.07288	0.03719	0.01785	0.00892	0.00297	0.00595	0.68913	0.00595	0.00595
59	0.02356	0.01760	0.01883	0.01466	0.01966	0.01957	0.01204	0.63134	0.11174	0.03911	0.01678	0.01653	0.01202	0.00788	0.00648	0.00197	0.00687	0.00599	0.00648	0.01090
60	0.01532	0.01361	0.01781	0.21376	0.13376	0.01564	0.01380	0.05024	0.40265	0.02381	0.01986	0.02076	0.01504	0.00766	0.00651	0.00213	0.00650	0.00661	0.00508	0.00945
61	0.01727	0.77681	0.03386	0.01106	0.01658	0.02557	0.01106	0.01935	0.01313	0.01520	0.00898	0.01036	0.00829	0.00553	0.00415	0.00138	0.00691	0.00345	0.00276	0.00829
62	0.00874	0.00661	0.00814	0.00822	0.00984	0.00600	0.00629	0.01119	0.01625	0.02167	0.37729	0.11952	0.25783	0.01539	0.00785	0.00225	0.00356	0.10104	0.00653	0.00581
63	0.01762	0.01870	0.02547	0.03398	0.53356	0.16676	0.06926	0.02113	0.01550	0.01998	0.01177	0.01520	0.00981	0.00592	0.00637	0.00189	0.00874	0.00557	0.00323	0.00955
64	0.01607	0.01388	0.01461	0.01315	0.01680	0.01607	0.01023	0.03433	0.72094	0.02703	0.02630	0.02411	0.01972	0.00877	0.00657	0.00219	0.00511	0.00731	0.00657	0.01023
65	0.79403	0.03589	0.01024	0.00858	0.01262	0.01483	0.00712	0.01900	0.01106	0.02857	0.00900	0.01049	0.00704	0.00598	0.00400	0.00198	0.00506	0.00350	0.00396	0.00704
66	0.01220	0.01148	0.01938	0.75739	0.04450	0.01436	0.01794	0.01651	0.01292	0.01651	0.01148	0.01723	0.00861	0.00646	0.00646	0.00215	0.00861	0.00574	0.00287	0.00718
67	0.00876	0.00659	0.00810	0.00773	0.00942	0.00593	0.00579	0.01145	0.01738	0.02376	0.56027	0.05181	0.23125	0.01401	0.00762	0.00207	0.00311	0.01218	0.00683	0.00593
68	0.60944	0.01210	0.01095	0.00929	0.01355	0.01317	0.00766	0.02230	0.01298	0.21654	0.01337	0.01354	0.00938	0.00653	0.00466	0.00200	0.00513	0.00429	0.00506	0.00806
