[name]
unknown

[dist]
# distance from previous block
# <min> <max>
4	42

[block]
# block no. 0 follows, 31 sequences, length 11
# corresponding to MSA columns:
# 51-61
name=unknown_A
#
# <colnr> <probs for GDERKNQSTAVLIFYWHMCP>
#	G	D	E	R	K	N	Q	S	T	A	V	L	I	F	Y	W	H	M	C	P
0	0.07157	0.03960	0.07579	0.04875	0.04968	0.05015	0.04000	0.11041	0.07234	0.08688	0.10457	0.09127	0.02177	0.01169	0.04491	0.00257	0.00733	0.00794	0.00542	0.05735
1	0.06924	0.08086	0.09906	0.01620	0.06335	0.07467	0.07141	0.08906	0.01704	0.07928	0.06210	0.01906	0.01486	0.00932	0.03700	0.00231	0.04024	0.00603	0.06774	0.08119
2	0.05978	0.13043	0.11947	0.07658	0.02093	0.01530	0.04220	0.09287	0.06316	0.08147	0.07274	0.05210	0.04358	0.00856	0.00635	0.00201	0.00676	0.00699	0.05513	0.04358
3	0.05961	0.07204	0.06440	0.01385	0.01817	0.07286	0.06373	0.09364	0.12046	0.04559	0.05165	0.07426	0.08681	0.03410	0.00813	0.00223	0.03078	0.00796	0.00518	0.07456
4	0.05885	0.07941	0.11527	0.01914	0.14442	0.09198	0.01448	0.13423	0.03541	0.02555	0.11455	0.05053	0.02039	0.00908	0.00720	0.00211	0.03004	0.03343	0.00482	0.00911
5	0.14818	0.08859	0.11739	0.04224	0.12690	0.08101	0.01391	0.06562	0.06008	0.05607	0.06710	0.01942	0.03633	0.00762	0.00612	0.00199	0.00732	0.00595	0.00453	0.04361
6	0.03989	0.10561	0.17889	0.06134	0.06680	0.06074	0.01424	0.04722	0.03712	0.05036	0.10031	0.07314	0.02041	0.07604	0.00972	0.00252	0.03532	0.00750	0.00446	0.00838
7	0.12158	0.05381	0.01730	0.03995	0.04426	0.05648	0.04010	0.13463	0.04012	0.02617	0.07693	0.02241	0.07062	0.00857	0.00742	0.00196	0.06274	0.00658	0.03654	0.13186
8	0.05764	0.01264	0.04067	0.01444	0.09760	0.03756	0.01021	0.06664	0.01604	0.04794	0.05601	0.10868	0.07990	0.05689	0.00847	0.00226	0.00590	0.05632	0.03188	0.19232
9	0.13282	0.11538	0.04940	0.03559	0.01901	0.11282	0.01166	0.16685	0.07024	0.07302	0.01670	0.05682	0.01400	0.00842	0.00615	0.00200	0.00731	0.03499	0.00511	0.06172
10	0.01080	0.00732	0.01007	0.04542	0.04911	0.00701	0.00774	0.01233	0.01361	0.07009	0.03475	0.52921	0.07427	0.08156	0.01059	0.00297	0.00477	0.01610	0.00601	0.00628

[dist]
# distance from previous block
# <min> <max>
0	1

[block]
# block no. 1 follows, 31 sequences, length 12
# corresponding to MSA columns:
# 63-74
name=unknown_B
#
# <colnr> <probs for GDERKNQSTAVLIFYWHMCP>
#	G	D	E	R	K	N	Q	S	T	A	V	L	I	F	Y	W	H	M	C	P
0	0.01613	0.12467	0.17351	0.07530	0.11066	0.08202	0.04127	0.03405	0.05127	0.03804	0.01594	0.05124	0.01429	0.07115	0.00958	0.00251	0.03846	0.03730	0.00390	0.00872
1	0.01559	0.12281	0.05695	0.01930	0.15298	0.03048	0.07748	0.09059	0.05118	0.02154	0.02054	0.02558	0.08117	0.10937	0.07736	0.00346	0.02348	0.00735	0.00426	0.00852
2	0.01198	0.00754	0.00942	0.00967	0.01098	0.00726	0.00671	0.01474	0.06958	0.09936	0.07859	0.41548	0.06068	0.14951	0.01295	0.00329	0.00471	0.01473	0.00633	0.00650
3	0.09270	0.01200	0.01462	0.05785	0.01798	0.01186	0.00996	0.09127	0.08222	0.36460	0.06487	0.02808	0.10282	0.00960	0.00686	0.00217	0.00569	0.00777	0.00715	0.00995
4	0.02372	0.04988	0.10400	0.08222	0.05848	0.06039	0.01351	0.06154	0.01818	0.37693	0.02136	0.06611	0.01550	0.00855	0.00678	0.00212	0.00724	0.00699	0.00623	0.01028
5	0.01490	0.02547	0.35819	0.08912	0.12234	0.06103	0.07824	0.02062	0.01483	0.02064	0.01409	0.02043	0.01166	0.00781	0.00797	0.00228	0.05846	0.05929	0.00334	0.00928
6	0.01163	0.00616	0.00909	0.00909	0.00933	0.00633	0.00625	0.00970	0.00946	0.01307	0.01327	0.02186	0.01288	0.02688	0.12433	0.65343	0.00754	0.00616	0.03997	0.00357
7	0.01302	0.01259	0.02399	0.04263	0.09289	0.01201	0.30097	0.01674	0.01488	0.02055	0.02439	0.25515	0.05284	0.01150	0.00785	0.00237	0.00769	0.01157	0.06856	0.00779
8	0.05676	0.08335	0.08682	0.02157	0.18640	0.10388	0.04452	0.11766	0.11156	0.04902	0.01862	0.01975	0.05501	0.00773	0.00653	0.00204	0.00795	0.00633	0.00469	0.00983
9	0.10566	0.12878	0.12395	0.01912	0.11953	0.26169	0.01499	0.07723	0.01733	0.02204	0.01143	0.01338	0.00921	0.00660	0.00585	0.00185	0.00925	0.00469	0.00370	0.04374
10	0.20504	0.01993	0.14954	0.01836	0.12078	0.09066	0.04932	0.05010	0.01590	0.10742	0.01490	0.01635	0.02708	0.00686	0.00602	0.00199	0.00776	0.00537	0.00439	0.08222
11	0.01348	0.12075	0.06593	0.01659	0.10839	0.01408	0.04432	0.03356	0.01355	0.01864	0.01958	0.05148	0.07086	0.08205	0.18039	0.00453	0.07400	0.00742	0.00387	0.05653

[dist]
# distance from previous block
# <min> <max>
0	1

[block]
# block no. 2 follows, 31 sequences, length 10
# corresponding to MSA columns:
# 76-85
name=unknown_C
#
# <colnr> <probs for GDERKNQSTAVLIFYWHMCP>
#	G	D	E	R	K	N	Q	S	T	A	V	L	I	F	Y	W	H	M	C	P
0	0.04444	0.01480	0.05068	0.12153	0.30402	0.01438	0.09762	0.03828	0.04538	0.02329	0.11572	0.02496	0.05879	0.00813	0.00710	0.00215	0.00755	0.00764	0.00437	0.00917
1	0.01884	0.17542	0.23613	0.01946	0.11681	0.08266	0.01725	0.05502	0.04704	0.09881	0.01395	0.01549	0.01062	0.00714	0.00720	0.00202	0.05697	0.00529	0.00402	0.00984
2	0.01726	0.04956	0.15556	0.07046	0.08118	0.04602	0.18916	0.04833	0.15539	0.06646	0.01754	0.02067	0.01343	0.00746	0.00708	0.00221	0.00880	0.02909	0.00453	0.00979
3	0.01144	0.00780	0.00982	0.00996	0.04046	0.00717	0.00704	0.01378	0.01638	0.08474	0.26969	0.05091	0.26767	0.09104	0.05492	0.00322	0.00512	0.03578	0.00643	0.00663
4	0.01542	0.06314	0.06912	0.14977	0.10973	0.01714	0.38555	0.02043	0.01524	0.02056	0.01452	0.01882	0.03000	0.00656	0.00789	0.00224	0.03429	0.00720	0.00339	0.00899
5	0.01938	0.10384	0.16172	0.05971	0.13278	0.16519	0.05135	0.08151	0.04163	0.06815	0.04106	0.01700	0.01257	0.00713	0.00648	0.00199	0.00904	0.00574	0.00417	0.00956
6	0.05678	0.04634	0.22047	0.02227	0.14478	0.03383	0.12517	0.02153	0.04115	0.05793	0.01465	0.05084	0.01199	0.00752	0.00784	0.00215	0.06373	0.00646	0.00384	0.06072
7	0.01021	0.00753	0.00928	0.00964	0.01133	0.00726	0.00750	0.01396	0.06455	0.02261	0.24344	0.16692	0.16421	0.01621	0.00822	0.00249	0.00426	0.16880	0.05511	0.00646
8	0.01322	0.01042	0.01156	0.04887	0.01477	0.06865	0.00907	0.04734	0.05123	0.05605	0.05187	0.27568	0.05989	0.09061	0.01087	0.00301	0.00601	0.15819	0.00591	0.00679
9	0.05748	0.02043	0.19895	0.06619	0.33049	0.01574	0.08228	0.02261	0.04626	0.07330	0.01430	0.01707	0.01088	0.00653	0.00672	0.00213	0.00855	0.00603	0.00382	0.01022

[dist]
# distance from previous block
# <min> <max>
0	2

[block]
# block no. 3 follows, 31 sequences, length 18
# corresponding to MSA columns:
# 88-105
name=unknown_D
#
# <colnr> <probs for GDERKNQSTAVLIFYWHMCP>
#	G	D	E	R	K	N	Q	S	T	A	V	L	I	F	Y	W	H	M	C	P
0	0.05136	0.09630	0.13623	0.04690	0.06851	0.30813	0.07589	0.04379	0.01683	0.01972	0.01228	0.04004	0.01039	0.00738	0.00697	0.00199	0.03953	0.00556	0.00354	0.00865
1	0.01508	0.17204	0.40469	0.01890	0.07457	0.01761	0.05315	0.02183	0.05741	0.02127	0.03302	0.01587	0.01137	0.00662	0.00619	0.00198	0.00874	0.00533	0.00341	0.05092
2	0.01175	0.00861	0.01097	0.00986	0.01206	0.00833	0.03397	0.01643	0.10413	0.06022	0.37359	0.04660	0.15048	0.10940	0.01132	0.00278	0.00445	0.01134	0.00673	0.00698
3	0.00850	0.00621	0.00802	0.00929	0.01003	0.00573	0.00641	0.00996	0.01388	0.01832	0.08321	0.60393	0.12412	0.02039	0.00864	0.00270	0.00396	0.04460	0.00642	0.00567
4	0.01638	0.01506	0.02377	0.02584	0.27015	0.04270	0.15465	0.07923	0.03839	0.04223	0.09662	0.05437	0.06788	0.00874	0.00728	0.00214	0.00762	0.00833	0.02931	0.00929
5	0.01589	0.06168	0.05944	0.32435	0.22491	0.01661	0.01798	0.10573	0.01647	0.02217	0.01315	0.01755	0.01039	0.00960	0.05347	0.00269	0.00917	0.00597	0.00365	0.00913
6	0.00859	0.00682	0.00774	0.00794	0.00976	0.00597	0.00589	0.01061	0.01600	0.02032	0.20118	0.17654	0.43751	0.01735	0.00824	0.00239	0.00361	0.04103	0.00660	0.00591
7	0.04636	0.04676	0.05749	0.07306	0.26768	0.11196	0.11318	0.09439	0.06109	0.02400	0.03006	0.01737	0.01207	0.00685	0.00674	0.00206	0.00885	0.00619	0.00407	0.00977
8	0.01467	0.10937	0.50041	0.04784	0.07402	0.01725	0.10048	0.02137	0.01463	0.02099	0.01220	0.01484	0.00903	0.00633	0.00649	0.00210	0.00981	0.00536	0.00300	0.00982
9	0.01646	0.00931	0.01161	0.01075	0.01384	0.00871	0.00879	0.02062	0.08279	0.22680	0.09043	0.05145	0.21886	0.01414	0.00798	0.00246	0.00507	0.18468	0.00710	0.00817
10	0.05262	0.01501	0.01518	0.01360	0.01727	0.04882	0.01055	0.11408	0.47997	0.02870	0.02595	0.10629	0.02136	0.01030	0.00699	0.00230	0.00582	0.00854	0.00660	0.01004
11	0.10761	0.06729	0.17733	0.07877	0.17905	0.03741	0.01661	0.07236	0.02736	0.08889	0.01532	0.06172	0.01253	0.00778	0.00668	0.00212	0.02100	0.00631	0.00429	0.00956
12	0.01147	0.00871	0.01024	0.01032	0.01207	0.00879	0.00749	0.09216	0.09541	0.02277	0.10114	0.42938	0.12887	0.01728	0.00816	0.00252	0.00441	0.01525	0.00659	0.00698
13	0.00917	0.00732	0.00969	0.00988	0.01154	0.00667	0.04086	0.01113	0.01471	0.01873	0.07151	0.29622	0.29660	0.04795	0.00959	0.00277	0.00460	0.11901	0.00615	0.00592
14	0.01802	0.06920	0.05118	0.05974	0.33563	0.10743	0.01652	0.04675	0.01660	0.06654	0.03990	0.05753	0.01574	0.00835	0.00720	0.00210	0.02601	0.04185	0.00423	0.00949
15	0.05013	0.13347	0.23164	0.01955	0.11764	0.05017	0.04263	0.09166	0.06144	0.09421	0.01489	0.01634	0.01116	0.00812	0.02618	0.00226	0.00861	0.00555	0.00432	0.01002
16	0.01649	0.08223	0.10869	0.01267	0.01663	0.07383	0.01121	0.11212	0.07695	0.06975	0.05655	0.17629	0.04908	0.03441	0.00774	0.00229	0.00648	0.00935	0.06884	0.00841
17	0.01928	0.01477	0.04587	0.01633	0.08037	0.05535	0.05102	0.14219	0.05008	0.14529	0.05331	0.02212	0.01656	0.01426	0.10830	0.00331	0.04136	0.00681	0.10417	0.00924

[dist]
# distance from previous block
# <min> <max>
0	29

[block]
# block no. 4 follows, 31 sequences, length 40
# corresponding to MSA columns:
# 135-174
name=unknown_E
#
# <colnr> <probs for GDERKNQSTAVLIFYWHMCP>
#	G	D	E	R	K	N	Q	S	T	A	V	L	I	F	Y	W	H	M	C	P
0	0.16959	0.09881	0.11271	0.01385	0.01930	0.04363	0.06656	0.10730	0.03793	0.09932	0.05758	0.02110	0.06664	0.00803	0.00618	0.00201	0.00701	0.00634	0.00502	0.05109
1	0.04501	0.03773	0.08363	0.01606	0.06904	0.01372	0.07531	0.09069	0.04586	0.04387	0.06922	0.05873	0.06941	0.00891	0.00781	0.00198	0.06250	0.00739	0.00482	0.18834
2	0.01272	0.03026	0.01542	0.01343	0.04265	0.01089	0.09083	0.07142	0.09739	0.02435	0.22545	0.13000	0.14993	0.04328	0.00887	0.00245	0.00541	0.01148	0.00615	0.00763
3	0.01585	0.08878	0.25884	0.01757	0.05902	0.03469	0.06725	0.09167	0.01616	0.05084	0.03651	0.04003	0.01420	0.04349	0.11439	0.00359	0.02752	0.00656	0.00404	0.00901
4	0.01781	0.07463	0.05134	0.17935	0.22133	0.11495	0.05354	0.10788	0.01786	0.02280	0.04227	0.01888	0.03317	0.00729	0.00669	0.00204	0.00871	0.00625	0.00398	0.00925
5	0.00989	0.00691	0.00896	0.00997	0.01071	0.00678	0.00737	0.01147	0.01324	0.01751	0.05108	0.25643	0.03707	0.25757	0.01737	0.00414	0.00567	0.25680	0.00566	0.00540
6	0.01836	0.46922	0.20005	0.01455	0.02106	0.13807	0.01524	0.02187	0.01492	0.01755	0.01035	0.01204	0.00876	0.00620	0.00519	0.00168	0.00880	0.00412	0.00301	0.00897
7	0.01188	0.00594	0.00891	0.00891	0.00891	0.00594	0.00594	0.00891	0.00891	0.01188	0.01188	0.02080	0.01188	0.02377	0.02674	0.80095	0.00594	0.00594	0.00297	0.00297
8	0.01827	0.57293	0.11806	0.01328	0.01936	0.08442	0.01346	0.02205	0.05105	0.01750	0.01091	0.01229	0.00941	0.00622	0.00494	0.00162	0.00798	0.00411	0.00319	0.00898
9	0.01805	0.03536	0.07616	0.04726	0.04489	0.01494	0.15260	0.18246	0.05799	0.09303	0.02250	0.13839	0.04677	0.00997	0.00732	0.00224	0.00751	0.00903	0.02417	0.00937
10	0.00913	0.00658	0.00841	0.00905	0.01001	0.00616	0.00641	0.01097	0.01496	0.02017	0.23331	0.35065	0.10408	0.10803	0.01170	0.00306	0.00423	0.07094	0.00642	0.00573
11	0.01030	0.00761	0.01069	0.01052	0.01180	0.00877	0.00820	0.01272	0.01172	0.01728	0.02213	0.02899	0.06931	0.04130	0.55001	0.00875	0.05616	0.00768	0.09988	0.00619
12	0.01687	0.26695	0.31115	0.01768	0.07541	0.04863	0.01782	0.02361	0.09821	0.04291	0.01371	0.01504	0.01062	0.00668	0.00589	0.00193	0.00844	0.00504	0.00364	0.00978
13	0.00952	0.00712	0.00896	0.00899	0.01048	0.00675	0.00658	0.01281	0.05074	0.02344	0.40390	0.22653	0.13491	0.01754	0.03765	0.00270	0.00416	0.01396	0.00691	0.00635
14	0.05418	0.01728	0.01887	0.01442	0.01990	0.01832	0.01188	0.51510	0.02786	0.11408	0.01680	0.01670	0.01187	0.00779	0.00654	0.00194	0.00696	0.00589	0.00659	0.10703
15	0.02596	0.01399	0.01679	0.01313	0.01800	0.01401	0.01075	0.27778	0.04613	0.36205	0.10610	0.02416	0.02084	0.00907	0.00701	0.00210	0.00613	0.00730	0.00770	0.01099
16	0.04572	0.08409	0.08189	0.01967	0.08048	0.44324	0.05066	0.04965	0.01794	0.01924	0.01113	0.01335	0.00912	0.00699	0.00685	0.00190	0.04110	0.00485	0.00353	0.00860
17	0.00867	0.00674	0.00791	0.00824	0.00987	0.00598	0.00605	0.01070	0.01592	0.02055	0.22111	0.23638	0.35434	0.01759	0.00830	0.00242	0.00365	0.04300	0.00665	0.00591
18	0.00986	0.00746	0.00943	0.01044	0.01223	0.00703	0.00875	0.01242	0.01559	0.01964	0.04816	0.10015	0.28186	0.01844	0.00893	0.00283	0.00519	0.40918	0.00632	0.00608
19	0.01673	0.49278	0.25270	0.01512	0.02237	0.02300	0.05405	0.02094	0.01420	0.01817	0.01062	0.01249	0.00883	0.00605	0.00526	0.00173	0.00843	0.00435	0.00294	0.00922
20	0.01563	0.04992	0.39048	0.02001	0.02760	0.08169	0.16332	0.04921	0.03381	0.02183	0.01492	0.07279	0.01232	0.00768	0.00694	0.00219	0.00983	0.00683	0.00361	0.00941
21	0.00979	0.00728	0.01074	0.01074	0.01188	0.00841	0.00824	0.01205	0.01092	0.01569	0.01856	0.02816	0.01766	0.10201	0.68252	0.01068	0.01749	0.00752	0.00370	0.00597
22	0.01833	0.01501	0.01591	0.01381	0.01772	0.01710	0.01077	0.16975	0.51370	0.03044	0.02502	0.02510	0.01928	0.06569	0.00904	0.00259	0.00594	0.00758	0.00672	0.01049
23	0.01721	0.01698	0.06377	0.08489	0.49804	0.01620	0.06927	0.04227	0.05463	0.04893	0.01433	0.01771	0.01138	0.00647	0.00688	0.00210	0.00830	0.00631	0.00383	0.01051
24	0.01725	0.11575	0.27584	0.05997	0.11757	0.11496	0.07568	0.05646	0.04175	0.02140	0.01261	0.01513	0.00977	0.00675	0.00690	0.00205	0.03171	0.00543	0.00346	0.00957
25	0.01078	0.00747	0.00948	0.00949	0.01146	0.00687	0.00761	0.01359	0.01746	0.06013	0.33225	0.06045	0.21340	0.01587	0.00839	0.00247	0.00427	0.19509	0.00695	0.00652
26	0.01756	0.64711	0.14602	0.01295	0.01949	0.02528	0.01388	0.02067	0.01399	0.01699	0.00995	0.01153	0.00876	0.00596	0.00473	0.00158	0.00776	0.00388	0.00292	0.00899
27	0.06010	0.05779	0.24261	0.01689	0.05859	0.07005	0.03375	0.16984	0.03664	0.04563	0.07025	0.02192	0.06985	0.00838	0.00665	0.00208	0.00798	0.00665	0.00480	0.00954
28	0.01007	0.00730	0.00800	0.00800	0.01012	0.00656	0.00603	0.01279	0.04309	0.04775	0.10095	0.13549	0.43887	0.01599	0.00778	0.00231	0.00376	0.04037	0.08845	0.00631
29	0.01049	0.00732	0.00918	0.00966	0.01051	0.00727	0.00668	0.06182	0.01417	0.01903	0.07898	0.39813	0.03681	0.18148	0.03431	0.04608	0.00538	0.05129	0.00574	0.00569
30	0.10745	0.02091	0.08498	0.04652	0.04956	0.21607	0.01306	0.07896	0.09385	0.16519	0.01694	0.01737	0.01229	0.00753	0.00627	0.00202	0.00822	0.00562	0.03770	0.00949
31	0.01564	0.07488	0.30829	0.05548	0.20409	0.03575	0.16633	0.02145	0.01516	0.02122	0.01253	0.01580	0.00961	0.00622	0.00677	0.00211	0.00975	0.00590	0.00316	0.00986
32	0.00916	0.00687	0.00929	0.01053	0.01104	0.00700	0.00757	0.01061	0.01322	0.01775	0.03536	0.61722	0.04180	0.02041	0.00985	0.00284	0.06033	0.09724	0.00609	0.00579
33	0.01776	0.42702	0.17268	0.06935	0.02271	0.10885	0.01517	0.02222	0.05331	0.01812	0.01143	0.01321	0.00946	0.00640	0.00537	0.00175	0.00853	0.00445	0.00323	0.00898
34	0.01724	0.06223	0.10739	0.06257	0.17935	0.13231	0.15622	0.06518	0.01690	0.02150	0.01686	0.07366	0.04192	0.00802	0.00699	0.00211	0.00921	0.00733	0.00390	0.00910
35	0.00977	0.00702	0.00899	0.00964	0.01059	0.00680	0.00672	0.05062	0.01531	0.02080	0.17555	0.51137	0.04554	0.05564	0.02917	0.00301	0.00454	0.01641	0.00645	0.00605
36	0.01673	0.01485	0.01424	0.01309	0.01547	0.17808	0.01009	0.08945	0.01593	0.07055	0.01826	0.07731	0.01673	0.05167	0.33865	0.00628	0.03318	0.00745	0.00452	0.00746
37	0.01535	0.01475	0.02519	0.30013	0.42066	0.01608	0.04017	0.01954	0.01469	0.02030	0.01248	0.01738	0.01011	0.00660	0.00746	0.00217	0.03807	0.00614	0.00324	0.00946
38	0.01608	0.01661	0.05383	0.13212	0.43126	0.03507	0.10063	0.03776	0.01598	0.02196	0.03289	0.01996	0.04109	0.00692	0.00700	0.00211	0.00853	0.00675	0.00365	0.00979
39	0.01409	0.01453	0.02836	0.02143	0.02571	0.01459	0.39809	0.01810	0.01515	0.02102	0.09371	0.08554	0.04681	0.00992	0.01066	0.02634	0.11447	0.00934	0.02418	0.00797

[dist]
# distance from previous block
# <min> <max>
0	18

[block]
# block no. 5 follows, 31 sequences, length 57
# corresponding to MSA columns:
# 193-249
name=unknown_F
#
# <colnr> <probs for GDERKNQSTAVLIFYWHMCP>
#	G	D	E	R	K	N	Q	S	T	A	V	L	I	F	Y	W	H	M	C	P
0	0.16724	0.01101	0.06631	0.08638	0.01655	0.01053	0.00994	0.01506	0.01258	0.02062	0.03859	0.05047	0.05354	0.07697	0.24235	0.00537	0.01007	0.03830	0.06143	0.00669
1	0.00924	0.00693	0.01004	0.01062	0.01152	0.00672	0.03938	0.01091	0.01325	0.01785	0.06327	0.50887	0.03951	0.08068	0.08616	0.00391	0.00617	0.06340	0.00581	0.00577
2	0.01177	0.00600	0.00892	0.00890	0.00898	0.00597	0.00597	0.00912	0.00945	0.01269	0.04818	0.02236	0.01461	0.02326	0.02577	0.75962	0.00580	0.00627	0.00321	0.00315
3	0.01663	0.01662	0.03429	0.02698	0.10132	0.01569	0.51709	0.02179	0.01608	0.05854	0.01530	0.01928	0.01151	0.00617	0.00754	0.00220	0.01003	0.00763	0.08609	0.00922
4	0.01412	0.10372	0.62199	0.05620	0.02937	0.01692	0.02366	0.02134	0.01435	0.02092	0.01201	0.01431	0.00870	0.00646	0.00632	0.00211	0.00979	0.00498	0.00290	0.00985
5	0.06544	0.01486	0.01749	0.01352	0.01880	0.01503	0.01115	0.30216	0.04086	0.39541	0.02187	0.01996	0.01442	0.00828	0.00674	0.00210	0.00648	0.00646	0.00757	0.01142
6	0.14667	0.01144	0.01436	0.01135	0.01614	0.01052	0.00931	0.02940	0.01836	0.55100	0.08935	0.02407	0.02000	0.00867	0.00659	0.00212	0.00550	0.00692	0.00774	0.01051
7	0.00994	0.00665	0.00754	0.00752	0.00759	0.00662	0.00425	0.01009	0.01040	0.01394	0.05436	0.04507	0.02675	0.72420	0.03355	0.00642	0.00647	0.01006	0.00431	0.00425
8	0.01486	0.01250	0.01690	0.01407	0.01761	0.01292	0.11250	0.14254	0.17221	0.02712	0.14697	0.13616	0.11985	0.01214	0.00770	0.00230	0.00589	0.01084	0.00634	0.00857
9	0.00989	0.00785	0.01014	0.01178	0.06342	0.00740	0.00843	0.01220	0.01503	0.01918	0.06712	0.11606	0.31078	0.05286	0.05229	0.00329	0.00573	0.21439	0.00589	0.00626
10	0.01829	0.76368	0.03585	0.01171	0.01756	0.02707	0.01171	0.02049	0.01390	0.01610	0.00951	0.01097	0.00878	0.00585	0.00439	0.00146	0.00732	0.00366	0.00293	0.00878
11	0.02453	0.01764	0.01834	0.01454	0.01936	0.07314	0.01181	0.44433	0.06033	0.13695	0.09034	0.02114	0.01812	0.00881	0.00693	0.00206	0.00711	0.00685	0.00690	0.01077
12	0.01594	0.01676	0.09470	0.01820	0.02032	0.01856	0.07927	0.01852	0.01211	0.07220	0.01178	0.01730	0.01045	0.04600	0.01881	0.00295	0.50817	0.00635	0.00351	0.00809
13	0.01354	0.01281	0.02120	0.51958	0.07213	0.01520	0.06979	0.01928	0.07927	0.01908	0.01521	0.06214	0.01254	0.00797	0.00754	0.00233	0.03151	0.00718	0.00365	0.00806
14	0.66497	0.01240	0.01013	0.00897	0.01301	0.01401	0.00734	0.02071	0.01254	0.08388	0.01221	0.01355	0.00920	0.00668	0.00450	0.00206	0.00512	0.00423	0.08686	0.00763
15	0.10472	0.01093	0.01339	0.01106	0.01503	0.01032	0.00880	0.07684	0.01839	0.39576	0.08768	0.10321	0.05563	0.04657	0.00830	0.00241	0.00541	0.00879	0.00729	0.00948
16	0.01758	0.12591	0.01891	0.01578	0.08958	0.01583	0.01167	0.08146	0.24930	0.09001	0.02607	0.06544	0.05354	0.01054	0.00701	0.00225	0.00616	0.09743	0.00597	0.00956
17	0.01409	0.04690	0.01612	0.17451	0.02213	0.01204	0.04300	0.10241	0.01817	0.05492	0.17296	0.05617	0.12068	0.01196	0.00762	0.00232	0.00628	0.10430	0.00571	0.00771
18	0.00903	0.00697	0.00802	0.00831	0.00996	0.00629	0.00622	0.01093	0.01525	0.01934	0.15002	0.11628	0.37566	0.11309	0.01179	0.00301	0.00431	0.11358	0.00623	0.00573
19	0.36018	0.01961	0.06878	0.01274	0.01697	0.20880	0.01070	0.05205	0.01560	0.07504	0.01451	0.09000	0.01269	0.00835	0.00571	0.00209	0.00758	0.00597	0.00458	0.00806
20	0.01771	0.02207	0.13704	0.16749	0.17085	0.21332	0.01716	0.02202	0.03328	0.04128	0.04841	0.03525	0.01376	0.02278	0.00726	0.00216	0.00931	0.00622	0.00381	0.00881
21	0.02587	0.01334	0.01685	0.01336	0.01774	0.01354	0.01094	0.19090	0.02139	0.41659	0.05510	0.05675	0.01838	0.00964	0.00864	0.00223	0.08326	0.00746	0.00736	0.01068
22	0.01425	0.03191	0.58917	0.02227	0.07957	0.01609	0.10796	0.02165	0.01474	0.02175	0.01251	0.01512	0.00904	0.00638	0.00672	0.00217	0.01015	0.00551	0.00300	0.01005
23	0.07664	0.04570	0.19622	0.03586	0.08962	0.10142	0.05598	0.11036	0.12314	0.05864	0.01609	0.01819	0.01225	0.00748	0.00656	0.00212	0.00847	0.02080	0.00462	0.00986
24	0.01188	0.00594	0.00891	0.00891	0.00891	0.00594	0.00594	0.00891	0.00891	0.01188	0.01188	0.02080	0.01188	0.02377	0.02674	0.80095	0.00594	0.00594	0.00297	0.00297
25	0.01097	0.00852	0.01039	0.01096	0.01302	0.00853	0.00901	0.01612	0.12021	0.02142	0.07991	0.09726	0.21375	0.01689	0.00861	0.00273	0.00515	0.33323	0.00648	0.00682
26	0.01650	0.05186	0.06324	0.04321	0.35999	0.03716	0.01609	0.04858	0.08001	0.05329	0.05661	0.02522	0.10194	0.00843	0.00688	0.00208	0.00716	0.00740	0.00460	0.00975
27	0.03863	0.01503	0.01688	0.01689	0.08954	0.12650	0.05822	0.11732	0.04585	0.06348	0.02419	0.27698	0.02462	0.01276	0.00753	0.00234	0.00709	0.04231	0.00555	0.00828
28	0.01693	0.01626	0.02777	0.04199	0.71689	0.01626	0.02100	0.02100	0.01558	0.02235	0.01287	0.01693	0.01084	0.00610	0.00677	0.00203	0.00813	0.00610	0.00339	0.01084
29	0.01367	0.03402	0.68272	0.06208	0.03064	0.01585	0.02491	0.02142	0.01440	0.02142	0.01227	0.01467	0.00869	0.00652	0.00652	0.00217	0.01005	0.00512	0.00290	0.00996
30	0.03943	0.04805	0.02172	0.13833	0.16361	0.04908	0.07367	0.02346	0.11385	0.11690	0.01697	0.02076	0.01347	0.06603	0.01006	0.00254	0.06163	0.00665	0.00459	0.00920
31	0.01340	0.01289	0.01906	0.01639	0.01763	0.03524	0.07963	0.01569	0.01148	0.01679	0.01305	0.01976	0.01220	0.02616	0.29010	0.00593	0.37747	0.00666	0.00331	0.00715
32	0.00834	0.00595	0.00794	0.00953	0.00992	0.00556	0.00635	0.00953	0.01310	0.01746	0.03771	0.75510	0.04525	0.02143	0.00873	0.00278	0.00397	0.01945	0.00635	0.00556
33	0.06851	0.16975	0.29958	0.03872	0.14989	0.01742	0.05049	0.02112	0.01460	0.05432	0.01358	0.04829	0.01114	0.00703	0.00619	0.00204	0.00844	0.00579	0.00353	0.00956
34	0.01103	0.00927	0.01471	0.08536	0.01751	0.01074	0.06349	0.01356	0.01160	0.01638	0.01760	0.05555	0.01694	0.10851	0.43900	0.00794	0.08284	0.00789	0.00368	0.00641
35	0.01606	0.01506	0.02444	0.14372	0.49966	0.01580	0.01902	0.02198	0.09756	0.02227	0.01562	0.02091	0.01308	0.00717	0.00693	0.00216	0.00787	0.03665	0.00389	0.01014
36	0.09143	0.01703	0.02411	0.29738	0.05054	0.11631	0.18178	0.05016	0.01561	0.02094	0.01285	0.03606	0.01033	0.00720	0.00750	0.00223	0.04026	0.00647	0.00359	0.00823
37	0.06329	0.01665	0.08990	0.11129	0.14102	0.04869	0.07803	0.07721	0.01695	0.07535	0.09319	0.02346	0.05999	0.00863	0.00815	0.00221	0.06521	0.00721	0.00463	0.00895
38	0.01370	0.02757	0.47274	0.07706	0.05789	0.01512	0.12095	0.02036	0.01485	0.02147	0.04649	0.05273	0.01341	0.00747	0.00695	0.00222	0.00955	0.00665	0.00339	0.00943
39	0.00866	0.00617	0.00825	0.00979	0.01030	0.00583	0.00678	0.01002	0.01329	0.01767	0.03713	0.66596	0.04410	0.04072	0.00950	0.00292	0.00428	0.08677	0.00629	0.00560
40	0.04962	0.24188	0.17976	0.01423	0.01982	0.09312	0.01416	0.08390	0.04975	0.03769	0.05016	0.01974	0.06723	0.00815	0.00677	0.00196	0.04299	0.00591	0.00420	0.00896
41	0.01881	0.05196	0.02315	0.29797	0.06323	0.09089	0.08722	0.17984	0.05355	0.04623	0.01432	0.01735	0.01070	0.00716	0.00679	0.00212	0.00892	0.00613	0.00440	0.00924
42	0.02436	0.01814	0.01942	0.01518	0.02025	0.02013	0.01238	0.59508	0.10123	0.04028	0.01784	0.01864	0.01319	0.04178	0.00810	0.00228	0.00727	0.00649	0.00674	0.01122
43	0.02488	0.01036	0.01401	0.01119	0.01546	0.00906	0.00906	0.02769	0.01952	0.52954	0.21689	0.03098	0.03011	0.00999	0.00721	0.00213	0.00510	0.00840	0.00821	0.01021
44	0.01877	0.11428	0.05262	0.11466	0.26553	0.16893	0.01657	0.07417	0.01700	0.02137	0.01247	0.01558	0.01018	0.00677	0.00664	0.00194	0.02716	0.00540	0.04065	0.00930
45	0.01438	0.05326	0.31265	0.01368	0.01960	0.01177	0.01501	0.01937	0.01681	0.11376	0.25148	0.03130	0.07861	0.00999	0.00709	0.00213	0.00667	0.00833	0.00541	0.00872
46	0.00809	0.00693	0.00693	0.00693	0.00924	0.00578	0.00520	0.00982	0.01559	0.01848	0.06931	0.06584	0.71411	0.01733	0.00809	0.00231	0.00347	0.01444	0.00635	0.00578
47	0.05323	0.01523	0.02476	0.09974	0.53381	0.01549	0.01880	0.02234	0.03400	0.09531	0.01453	0.01768	0.01143	0.00651	0.00668	0.00207	0.00778	0.00611	0.00402	0.01048
48	0.01721	0.09718	0.15555	0.08424	0.10845	0.05028	0.01552	0.13972	0.11348	0.02515	0.01736	0.07468	0.01451	0.00836	0.00654	0.00209	0.00765	0.00685	0.04564	0.00955
49	0.02166	0.01433	0.01611	0.01364	0.01806	0.01557	0.01085	0.10407	0.44882	0.21797	0.02642	0.02397	0.01885	0.00895	0.00693	0.00224	0.00574	0.00734	0.00736	0.01113
50	0.00927	0.00731	0.00844	0.00856	0.01034	0.00678	0.00626	0.01265	0.06958	0.02145	0.23272	0.22587	0.32219	0.01679	0.00815	0.00238	0.00367	0.01457	0.00672	0.00630
51	0.09915	0.08275	0.34605	0.02084	0.09217	0.01643	0.13448	0.02250	0.01500	0.08861	0.01349	0.01559	0.00983	0.00646	0.00643	0.00211	0.00904	0.00559	0.00371	0.00979
52	0.01451	0.06705	0.14656	0.46312	0.09993	0.03837	0.01947	0.03706	0.01467	0.01922	0.01213	0.01674	0.00923	0.00669	0.00659	0.00216	0.00914	0.00569	0.00315	0.00853
53	0.00834	0.00595	0.00794	0.00953	0.00992	0.00556	0.00635	0.00953	0.01310	0.01746	0.03771	0.75510	0.04525	0.02143	0.00873	0.00278	0.00397	0.01945	0.00635	0.00556
54	0.01870	0.01949	0.14572	0.01509	0.02076	0.01725	0.01382	0.21845	0.32282	0.03087	0.02029	0.01985	0.01502	0.00807	0.00666	0.00209	0.00684	0.00645	0.00591	0.08584
55	0.01819	0.09406	0.02280	0.13116	0.16096	0.09246	0.05203	0.08169	0.10129	0.05923	0.06937	0.02001	0.01582	0.00786	0.00743	0.00209	0.04311	0.00650	0.00461	0.00935
56	0.08693	0.21039	0.13902	0.05657	0.21344	0.07474	0.01665	0.02175	0.04769	0.02074	0.01195	0.01452	0.00982	0.00666	0.00660	0.00197	0.04275	0.00504	0.00341	0.00936

[dist]
# distance from previous block
# <min> <max>
0	6

# created by:
# /home/berkeley/.conda/envs/busco_data_prod/bin/msa2prfl.pl pipeline/OGs_align_augustus/4893/38712.fs
