[name]
unknown

[dist]
# distance from previous block
# <min> <max>
0	30

[block]
# block no. 0 follows, 33 sequences, length 7
# corresponding to MSA columns:
# 30-36
name=unknown_A
#
# <colnr> <probs for GDERKNQSTAVLIFYWHMCP>
#	G	D	E	R	K	N	Q	S	T	A	V	L	I	F	Y	W	H	M	C	P
0	0.01449	0.10790	0.08624	0.01651	0.06605	0.01373	0.12290	0.05432	0.07689	0.04917	0.12664	0.07562	0.02549	0.01041	0.00718	0.00221	0.00684	0.12408	0.00508	0.00825
1	0.01285	0.01334	0.09913	0.01615	0.12612	0.03448	0.03831	0.05280	0.01571	0.04413	0.12821	0.20998	0.09704	0.03645	0.00809	0.00229	0.00592	0.01066	0.00516	0.04318
2	0.01227	0.00614	0.00614	0.00614	0.00767	0.00614	0.00460	0.01534	0.01381	0.02454	0.02148	0.02454	0.01687	0.00767	0.00460	0.00153	0.00307	0.00614	0.80518	0.00614
3	0.01654	0.01583	0.03011	0.09617	0.34847	0.01555	0.28750	0.02104	0.01530	0.06807	0.01359	0.01738	0.01050	0.00596	0.00702	0.00209	0.00904	0.00666	0.00358	0.00960
4	0.01243	0.01170	0.01975	0.75282	0.04534	0.01463	0.01828	0.01682	0.01316	0.01682	0.01170	0.01755	0.00878	0.00658	0.00658	0.00219	0.00878	0.00585	0.00293	0.00731
5	0.01227	0.00614	0.00614	0.00614	0.00767	0.00614	0.00460	0.01534	0.01381	0.02454	0.02148	0.02454	0.01687	0.00767	0.00460	0.00153	0.00307	0.00614	0.80518	0.00614
6	0.05057	0.01605	0.02138	0.16010	0.27513	0.08410	0.04307	0.08431	0.06728	0.02274	0.01324	0.01617	0.01048	0.00638	0.00625	0.00190	0.00781	0.00558	0.00388	0.10358

[dist]
# distance from previous block
# <min> <max>
1	5

[block]
# block no. 1 follows, 33 sequences, length 46
# corresponding to MSA columns:
# 42-87
name=unknown_B
#
# <colnr> <probs for GDERKNQSTAVLIFYWHMCP>
#	G	D	E	R	K	N	Q	S	T	A	V	L	I	F	Y	W	H	M	C	P
0	0.01506	0.09264	0.14141	0.06001	0.03321	0.07373	0.04471	0.04649	0.01514	0.06703	0.06151	0.14857	0.01916	0.01108	0.03619	0.00233	0.02584	0.00792	0.00441	0.09357
1	0.08686	0.01064	0.01363	0.01087	0.01524	0.00971	0.00886	0.02794	0.04254	0.53216	0.11967	0.02529	0.02198	0.00872	0.00651	0.00203	0.00512	0.00712	0.03509	0.01000
2	0.01528	0.01300	0.03706	0.01234	0.01594	0.01340	0.03831	0.13668	0.30723	0.02798	0.14841	0.03055	0.09373	0.00998	0.00684	0.00210	0.00522	0.00843	0.06859	0.00892
3	0.00883	0.00651	0.00826	0.00824	0.00964	0.00594	0.00602	0.01133	0.01688	0.02321	0.49015	0.19890	0.15089	0.01539	0.00790	0.00222	0.00329	0.01359	0.00685	0.00594
4	0.01133	0.01251	0.10767	0.01371	0.08343	0.03145	0.03021	0.03475	0.01624	0.02228	0.27207	0.11728	0.14159	0.01378	0.03788	0.00248	0.00578	0.01054	0.02786	0.00714
5	0.02468	0.01827	0.01956	0.01508	0.02028	0.02025	0.01243	0.67891	0.05823	0.04093	0.01624	0.01615	0.01155	0.00794	0.00659	0.00199	0.00716	0.00599	0.00659	0.01116
6	0.01243	0.01170	0.01975	0.75282	0.04534	0.01463	0.01828	0.01682	0.01316	0.01682	0.01170	0.01755	0.00878	0.00658	0.00658	0.00219	0.00878	0.00585	0.00293	0.00731
7	0.01689	0.01700	0.02685	0.03779	0.62923	0.07225	0.06232	0.02073	0.01531	0.02106	0.01227	0.01604	0.01025	0.00592	0.00655	0.00195	0.00834	0.00586	0.00327	0.01011
8	0.01359	0.07950	0.66603	0.01811	0.02738	0.01600	0.02303	0.02126	0.03802	0.02074	0.01216	0.01406	0.00875	0.00631	0.00614	0.00205	0.00941	0.00487	0.00292	0.00967
9	0.01432	0.01305	0.03790	0.08824	0.13531	0.01267	0.01223	0.06133	0.09116	0.02159	0.01563	0.07163	0.01375	0.01037	0.04792	0.02209	0.05976	0.00639	0.00419	0.26048
10	0.00957	0.00638	0.00718	0.00718	0.00718	0.00638	0.00399	0.00957	0.00957	0.01276	0.02074	0.04308	0.02393	0.76864	0.03351	0.00638	0.00638	0.00957	0.00399	0.00399
11	0.01271	0.00656	0.00660	0.00644	0.00811	0.00662	0.00487	0.03892	0.01439	0.02512	0.02128	0.02425	0.01668	0.00768	0.00467	0.00155	0.00321	0.00613	0.77791	0.00631
12	0.08309	0.16460	0.06298	0.01459	0.01947	0.25458	0.04076	0.10673	0.05946	0.07367	0.01303	0.01399	0.01008	0.00669	0.00568	0.00177	0.00849	0.00479	0.00426	0.05130
13	0.09112	0.17705	0.33939	0.01667	0.06230	0.01680	0.04561	0.04492	0.01480	0.07604	0.03338	0.01594	0.02544	0.00668	0.00583	0.00194	0.00797	0.00520	0.00370	0.00921
14	0.01227	0.00614	0.00614	0.00614	0.00767	0.00614	0.00460	0.01534	0.01381	0.02454	0.02148	0.02454	0.01687	0.00767	0.00460	0.00153	0.00307	0.00614	0.80518	0.00614
15	0.00957	0.00638	0.00718	0.00718	0.00718	0.00638	0.00399	0.00957	0.00957	0.01276	0.02074	0.04308	0.02393	0.76864	0.03351	0.00638	0.00638	0.00957	0.00399	0.00399
16	0.03556	0.01130	0.03428	0.11329	0.04797	0.01127	0.04823	0.08891	0.08690	0.04662	0.14663	0.06104	0.13512	0.01034	0.00683	0.00209	0.00553	0.00891	0.09141	0.00776
17	0.01574	0.01513	0.02448	0.13763	0.56218	0.03299	0.01890	0.02024	0.04406	0.02112	0.03550	0.01775	0.01220	0.00636	0.00656	0.00200	0.00780	0.00608	0.00349	0.00979
18	0.00957	0.00638	0.00718	0.00718	0.00718	0.00638	0.00399	0.00957	0.00957	0.01276	0.02074	0.04308	0.02393	0.76864	0.03351	0.00638	0.00638	0.00957	0.00399	0.00399
19	0.00892	0.00667	0.00828	0.00796	0.00961	0.00603	0.00594	0.01162	0.01758	0.02408	0.54896	0.08192	0.20924	0.01447	0.00779	0.00213	0.00319	0.01263	0.00695	0.00603
20	0.02188	0.01651	0.01752	0.01407	0.01842	0.03813	0.01138	0.54135	0.04845	0.03621	0.04325	0.07819	0.01699	0.03560	0.00776	0.00222	0.00683	0.02883	0.00638	0.01003
21	0.01188	0.00878	0.01187	0.01149	0.01330	0.00880	0.05334	0.06254	0.10682	0.05646	0.03159	0.52857	0.03463	0.01658	0.00792	0.00251	0.00481	0.01502	0.00614	0.00695
22	0.01629	0.01564	0.02672	0.04041	0.72757	0.01564	0.02020	0.02020	0.01499	0.02151	0.01238	0.01629	0.01043	0.00587	0.00652	0.00196	0.00782	0.00587	0.00326	0.01043
23	0.01496	0.01649	0.03481	0.02502	0.03111	0.01536	0.60574	0.01991	0.01496	0.02046	0.01380	0.01947	0.01106	0.06489	0.00959	0.00247	0.01034	0.00767	0.00342	0.05847
24	0.01243	0.01170	0.01975	0.75282	0.04534	0.01463	0.01828	0.01682	0.01316	0.01682	0.01170	0.01755	0.00878	0.00658	0.00658	0.00219	0.00878	0.00585	0.00293	0.00731
25	0.01629	0.01564	0.02672	0.04041	0.72757	0.01564	0.02020	0.02020	0.01499	0.02151	0.01238	0.01629	0.01043	0.00587	0.00652	0.00196	0.00782	0.00587	0.00326	0.01043
26	0.01517	0.01609	0.03344	0.09134	0.03258	0.01552	0.54834	0.02078	0.04418	0.03967	0.01558	0.06725	0.01267	0.00684	0.00763	0.00224	0.01002	0.00827	0.00374	0.00863
27	0.01037	0.00741	0.01034	0.01185	0.01327	0.00737	0.01020	0.01323	0.01492	0.01944	0.03499	0.13739	0.03840	0.01841	0.00903	0.00300	0.00586	0.62246	0.00607	0.00600
28	0.01053	0.00752	0.01050	0.01188	0.01340	0.00749	0.01033	0.01356	0.01537	0.02012	0.07791	0.07269	0.03940	0.01789	0.00901	0.00297	0.00588	0.64132	0.00614	0.00607
29	0.09052	0.01363	0.01578	0.03483	0.09129	0.01482	0.01108	0.31016	0.06699	0.03039	0.02011	0.14445	0.01822	0.01009	0.00661	0.00213	0.00607	0.03565	0.06818	0.00901
30	0.01775	0.66534	0.08819	0.01211	0.01803	0.02484	0.01237	0.06490	0.01457	0.01762	0.00980	0.01117	0.00862	0.00583	0.00454	0.00150	0.00726	0.00378	0.00306	0.00873
31	0.06599	0.22772	0.24193	0.01515	0.02185	0.03744	0.08729	0.03851	0.01449	0.04991	0.01233	0.03236	0.00995	0.00632	0.00561	0.00176	0.00788	0.00503	0.00350	0.11498
32	0.00945	0.00689	0.00976	0.00976	0.01065	0.00778	0.00720	0.01123	0.01034	0.01467	0.01839	0.03003	0.01827	0.22331	0.57109	0.00957	0.01491	0.00766	0.00364	0.00542
33	0.00974	0.00672	0.00891	0.00891	0.00969	0.00735	0.00633	0.01129	0.01052	0.01523	0.01914	0.03205	0.01924	0.30899	0.41306	0.00819	0.01214	0.00789	0.07940	0.00521
34	0.01434	0.01542	0.03148	0.30736	0.03862	0.01587	0.43935	0.01944	0.01462	0.01944	0.01269	0.01768	0.00952	0.00595	0.00731	0.00221	0.01020	0.00703	0.00317	0.00828
35	0.01847	0.56901	0.05295	0.01371	0.01918	0.14380	0.06578	0.02094	0.01444	0.01619	0.00973	0.01144	0.00857	0.00584	0.00484	0.00154	0.00824	0.00401	0.00295	0.00838
36	0.00882	0.00703	0.00807	0.00798	0.00964	0.00665	0.00598	0.01077	0.01501	0.01963	0.18601	0.14721	0.41547	0.01569	0.00858	0.00225	0.05288	0.01314	0.05337	0.00580
37	0.00957	0.00638	0.00718	0.00718	0.00718	0.00638	0.00399	0.00957	0.00957	0.01276	0.02074	0.04308	0.02393	0.76864	0.03351	0.00638	0.00638	0.00957	0.00399	0.00399
38	0.01629	0.01564	0.02672	0.04041	0.72757	0.01564	0.02020	0.02020	0.01499	0.02151	0.01238	0.01629	0.01043	0.00587	0.00652	0.00196	0.00782	0.00587	0.00326	0.01043
39	0.00935	0.00680	0.00884	0.00853	0.01012	0.00630	0.00654	0.01236	0.01812	0.02531	0.62510	0.05222	0.09775	0.01406	0.00788	0.00216	0.00338	0.07193	0.00708	0.00616
40	0.01121	0.00794	0.00986	0.01027	0.01191	0.00778	0.00789	0.09019	0.01600	0.04149	0.05774	0.37320	0.13094	0.01747	0.00821	0.00258	0.00472	0.17792	0.00625	0.00641
41	0.00982	0.00766	0.01137	0.01114	0.01221	0.00922	0.00874	0.01209	0.01054	0.01533	0.01689	0.02491	0.01581	0.04623	0.68276	0.00994	0.07892	0.00695	0.00347	0.00599
42	0.11775	0.03678	0.04022	0.02018	0.15536	0.03658	0.15973	0.02224	0.01522	0.16681	0.01465	0.01631	0.01083	0.00614	0.00611	0.00184	0.00734	0.00564	0.00447	0.15579
43	0.01627	0.55339	0.02969	0.01480	0.10569	0.02193	0.01179	0.01849	0.01334	0.01648	0.01204	0.07153	0.01188	0.02577	0.00607	0.00173	0.02799	0.00523	0.00319	0.03268
44	0.03757	0.13419	0.08127	0.05703	0.50044	0.03928	0.01850	0.02022	0.01461	0.02042	0.01166	0.01498	0.00976	0.00592	0.00606	0.00188	0.00793	0.00532	0.00317	0.00979
45	0.03817	0.03376	0.01544	0.01631	0.14348	0.05950	0.05302	0.01534	0.01497	0.04040	0.15974	0.13512	0.13470	0.06895	0.00976	0.00248	0.03649	0.01019	0.00505	0.00713

[dist]
# distance from previous block
# <min> <max>
0	8

[block]
# block no. 2 follows, 33 sequences, length 15
# corresponding to MSA columns:
# 96-110
name=unknown_C
#
# <colnr> <probs for GDERKNQSTAVLIFYWHMCP>
#	G	D	E	R	K	N	Q	S	T	A	V	L	I	F	Y	W	H	M	C	P
0	0.01584	0.02300	0.22807	0.02004	0.05910	0.14676	0.18422	0.02223	0.09396	0.02048	0.01659	0.07219	0.01431	0.00813	0.00694	0.00215	0.00923	0.04412	0.00390	0.00874
1	0.15608	0.15914	0.02021	0.01448	0.01810	0.37386	0.01169	0.05587	0.01608	0.01948	0.00992	0.01191	0.00840	0.00705	0.00710	0.00185	0.09321	0.00425	0.00350	0.00782
2	0.26909	0.01428	0.01652	0.03127	0.06818	0.01535	0.04683	0.24539	0.01947	0.11581	0.03133	0.05369	0.01367	0.00806	0.00604	0.00208	0.00637	0.02195	0.00548	0.00915
3	0.01350	0.04322	0.09422	0.05929	0.13171	0.08320	0.04963	0.01705	0.01629	0.03553	0.25357	0.03193	0.10965	0.00992	0.00726	0.00204	0.02075	0.00855	0.00493	0.00774
4	0.15153	0.01661	0.01733	0.01370	0.01860	0.01842	0.01125	0.48086	0.10278	0.07915	0.01656	0.01634	0.01183	0.00774	0.00620	0.00202	0.00658	0.00576	0.00629	0.01046
5	0.01465	0.01653	0.10073	0.15577	0.31880	0.06384	0.01697	0.01967	0.06714	0.02036	0.04382	0.10059	0.01619	0.00826	0.00673	0.00210	0.00766	0.00742	0.00389	0.00888
6	0.01095	0.00720	0.00869	0.00803	0.01024	0.00634	0.00612	0.01344	0.01724	0.10109	0.39069	0.05174	0.31534	0.01412	0.00764	0.00213	0.00347	0.01210	0.00690	0.00651
7	0.01201	0.00682	0.00914	0.00952	0.01088	0.00622	0.00676	0.01363	0.01441	0.14545	0.11404	0.54931	0.04083	0.01757	0.00801	0.00249	0.00405	0.01577	0.00661	0.00649
8	0.00883	0.00638	0.00842	0.00905	0.01010	0.00596	0.00662	0.01101	0.01544	0.02109	0.31896	0.37029	0.07343	0.01728	0.00820	0.00245	0.00376	0.09035	0.00657	0.00579
9	0.10366	0.01125	0.01272	0.00953	0.01468	0.00919	0.00761	0.01694	0.01410	0.04641	0.09068	0.01754	0.01546	0.00607	0.00516	0.00125	0.00473	0.00484	0.00443	0.60374
10	0.00865	0.00599	0.00745	0.00836	0.00859	0.00577	0.00525	0.00933	0.01138	0.01517	0.03000	0.47252	0.03561	0.32327	0.01856	0.00417	0.00486	0.01502	0.00525	0.00480
11	0.02202	0.32357	0.02572	0.01358	0.01899	0.02269	0.01201	0.42810	0.02384	0.03097	0.01311	0.01368	0.01008	0.00698	0.00563	0.00175	0.00716	0.00495	0.00506	0.01008
12	0.00903	0.00620	0.00757	0.00810	0.00832	0.00615	0.00502	0.00958	0.01069	0.01434	0.02589	0.29099	0.03019	0.46034	0.07408	0.00539	0.00628	0.01256	0.00469	0.00459
13	0.41253	0.09896	0.01856	0.01293	0.01781	0.01783	0.08730	0.21472	0.01755	0.03043	0.01152	0.01293	0.00875	0.00650	0.00522	0.00197	0.00659	0.00470	0.00457	0.00863
14	0.02333	0.13282	0.02168	0.01444	0.01966	0.02101	0.01218	0.55704	0.07350	0.03662	0.01552	0.01559	0.01137	0.00763	0.00623	0.00191	0.00708	0.00566	0.00602	0.01073

[dist]
# distance from previous block
# <min> <max>
0	1

[block]
# block no. 3 follows, 33 sequences, length 21
# corresponding to MSA columns:
# 112-132
name=unknown_D
#
# <colnr> <probs for GDERKNQSTAVLIFYWHMCP>
#	G	D	E	R	K	N	Q	S	T	A	V	L	I	F	Y	W	H	M	C	P
0	0.13221	0.01737	0.01821	0.01413	0.01923	0.01922	0.01167	0.58545	0.02779	0.06779	0.01532	0.01538	0.01085	0.00767	0.00625	0.00199	0.00689	0.00564	0.00631	0.01065
1	0.02400	0.01745	0.01866	0.01442	0.01939	0.01927	0.01188	0.65021	0.02958	0.04013	0.01626	0.01651	0.01165	0.00788	0.00643	0.00194	0.00691	0.00594	0.07069	0.01079
2	0.00811	0.00596	0.00747	0.00858	0.00930	0.00547	0.00579	0.00934	0.01303	0.01702	0.06125	0.57529	0.16360	0.06488	0.00979	0.00280	0.00387	0.01711	0.00602	0.00533
3	0.01597	0.00918	0.01164	0.01016	0.01294	0.00879	0.00796	0.07703	0.05523	0.20083	0.39448	0.07834	0.04248	0.01200	0.00741	0.00213	0.00432	0.03379	0.00728	0.00803
4	0.01507	0.00854	0.01150	0.01146	0.01385	0.00822	0.00954	0.01866	0.05427	0.19049	0.09318	0.12513	0.03446	0.01511	0.00819	0.00263	0.00542	0.36010	0.00670	0.00747
5	0.00809	0.00576	0.00762	0.00907	0.00944	0.00540	0.00601	0.00919	0.01246	0.01662	0.03556	0.73068	0.04263	0.05554	0.00957	0.00285	0.00394	0.01829	0.00601	0.00528
6	0.01769	0.71072	0.03326	0.01175	0.01704	0.05064	0.01146	0.01976	0.01340	0.01553	0.00916	0.01079	0.00846	0.00595	0.00511	0.00149	0.04294	0.00365	0.00284	0.00836
7	0.00840	0.00664	0.00756	0.00745	0.00930	0.00580	0.00554	0.01060	0.01628	0.02111	0.32296	0.10025	0.42341	0.01565	0.00781	0.00219	0.00327	0.01341	0.00656	0.00580
8	0.00822	0.00597	0.00777	0.00884	0.00955	0.00551	0.00605	0.00974	0.01381	0.01851	0.15576	0.59180	0.09589	0.01912	0.00825	0.00254	0.00366	0.01721	0.00630	0.00551
9	0.01893	0.05756	0.01771	0.01496	0.01745	0.37015	0.01171	0.02212	0.07212	0.01820	0.07566	0.01895	0.04003	0.00893	0.00962	0.00204	0.17729	0.00589	0.03316	0.00755
10	0.05979	0.38978	0.06360	0.04983	0.03806	0.02000	0.10368	0.07373	0.01493	0.01972	0.01371	0.09954	0.01291	0.00764	0.00563	0.00183	0.00735	0.00627	0.00365	0.00836
11	0.01261	0.01035	0.01159	0.01100	0.01348	0.01124	0.00829	0.02324	0.37612	0.02464	0.19459	0.17731	0.07297	0.01271	0.00734	0.00228	0.00434	0.01105	0.00668	0.00817
12	0.00801	0.00577	0.00760	0.00906	0.00952	0.00536	0.00606	0.00918	0.01270	0.01685	0.03756	0.73498	0.07208	0.02046	0.00838	0.00265	0.00380	0.01851	0.00611	0.00536
13	0.01495	0.03281	0.07247	0.07214	0.17234	0.03199	0.04092	0.05850	0.09233	0.06949	0.02338	0.19561	0.05444	0.01060	0.00697	0.00218	0.00651	0.00941	0.02443	0.00852
14	0.01356	0.09334	0.67833	0.01816	0.02756	0.01615	0.02328	0.02076	0.01386	0.02042	0.01160	0.01363	0.00835	0.00620	0.00609	0.00203	0.00951	0.00476	0.00278	0.00963
15	0.01554	0.01776	0.03885	0.02775	0.03441	0.01665	0.70366	0.02109	0.01554	0.02109	0.01332	0.01776	0.00999	0.00555	0.00777	0.00222	0.01110	0.00777	0.00333	0.00888
16	0.01365	0.01244	0.01718	0.10668	0.26081	0.05349	0.01325	0.04590	0.04506	0.02006	0.04016	0.14670	0.07676	0.05319	0.03195	0.00269	0.00706	0.04057	0.00448	0.00792
17	0.01544	0.04760	0.14435	0.07368	0.17078	0.01481	0.05815	0.09491	0.06759	0.04542	0.07746	0.05802	0.03054	0.00869	0.00742	0.00214	0.03856	0.03089	0.00452	0.00904
18	0.01577	0.01440	0.02571	0.01963	0.02447	0.01420	0.34938	0.05684	0.14318	0.06691	0.11072	0.02830	0.02151	0.00859	0.00756	0.00225	0.00802	0.06857	0.00515	0.00882
19	0.01456	0.01487	0.02276	0.01874	0.01967	0.01967	0.11034	0.01657	0.01084	0.01657	0.00929	0.01487	0.00883	0.01069	0.01968	0.00279	0.65283	0.00604	0.00294	0.00743
20	0.03575	0.01580	0.01974	0.50430	0.05401	0.15724	0.04045	0.01873	0.01413	0.01713	0.01160	0.01693	0.00921	0.02976	0.00765	0.00223	0.02918	0.00565	0.00310	0.00740

[dist]
# distance from previous block
# <min> <max>
0	1

[block]
# block no. 4 follows, 33 sequences, length 15
# corresponding to MSA columns:
# 134-148
name=unknown_E
#
# <colnr> <probs for GDERKNQSTAVLIFYWHMCP>
#	G	D	E	R	K	N	Q	S	T	A	V	L	I	F	Y	W	H	M	C	P
0	0.01525	0.01473	0.02264	0.15336	0.43091	0.04403	0.01765	0.01948	0.04620	0.02007	0.01543	0.02103	0.03516	0.00763	0.00800	0.00214	0.07303	0.04057	0.00357	0.00913
1	0.01488	0.01177	0.01304	0.01185	0.01501	0.01297	0.00924	0.02789	0.46785	0.06191	0.18220	0.03364	0.05901	0.01061	0.00708	0.00222	0.00473	0.03811	0.00684	0.00914
2	0.81514	0.01273	0.00968	0.00866	0.01273	0.01477	0.00713	0.01935	0.01120	0.02954	0.00917	0.01069	0.00713	0.00611	0.00407	0.00204	0.00509	0.00356	0.00407	0.00713
3	0.00957	0.00638	0.00718	0.00718	0.00718	0.00638	0.00399	0.00957	0.00957	0.01276	0.02074	0.04308	0.02393	0.76864	0.03351	0.00638	0.00638	0.00957	0.00399	0.00399
4	0.01630	0.01719	0.05616	0.10874	0.13034	0.07027	0.14790	0.05500	0.17357	0.02190	0.01516	0.01786	0.01187	0.00760	0.00899	0.00222	0.11934	0.00641	0.00410	0.00908
5	0.00878	0.00659	0.00813	0.00800	0.00957	0.00594	0.00590	0.01128	0.01698	0.02307	0.47581	0.14288	0.22261	0.01515	0.00785	0.00218	0.00325	0.01325	0.00683	0.00594
6	0.01668	0.43746	0.17927	0.01628	0.08176	0.06464	0.01517	0.02003	0.01364	0.01722	0.01001	0.01220	0.00862	0.00639	0.00654	0.00175	0.07646	0.00426	0.00289	0.00873
7	0.01211	0.00729	0.00919	0.00863	0.01073	0.00649	0.00649	0.01446	0.01681	0.14036	0.33878	0.16829	0.20595	0.01453	0.00768	0.00220	0.00370	0.01263	0.00694	0.00675
8	0.00831	0.00610	0.00779	0.00861	0.00953	0.00559	0.00598	0.01000	0.01441	0.01929	0.20920	0.49300	0.14130	0.01833	0.00816	0.00246	0.00358	0.01639	0.00639	0.00559
9	0.01411	0.01113	0.01192	0.01093	0.01375	0.03525	0.00836	0.05386	0.29109	0.06645	0.17141	0.11569	0.14448	0.01220	0.00724	0.00221	0.00467	0.01038	0.00662	0.00823
10	0.01039	0.00633	0.00682	0.00686	0.00846	0.00595	0.00508	0.01298	0.01479	0.02265	0.14923	0.09709	0.19227	0.01177	0.00617	0.00188	0.00320	0.00991	0.42221	0.00595
11	0.09143	0.00775	0.00918	0.00891	0.01030	0.00842	0.00652	0.04266	0.01229	0.01924	0.06051	0.05878	0.02101	0.21563	0.28099	0.00620	0.00963	0.00791	0.11685	0.00579
12	0.03971	0.01490	0.06075	0.11448	0.15096	0.05098	0.05713	0.08107	0.08753	0.02129	0.01694	0.06017	0.01549	0.12743	0.01168	0.00284	0.04555	0.02875	0.00421	0.00814
13	0.15792	0.14308	0.12837	0.03539	0.04355	0.11062	0.05854	0.06207	0.03649	0.09244	0.01310	0.01479	0.01004	0.00859	0.03944	0.00232	0.02545	0.00502	0.00406	0.00872
14	0.07073	0.10326	0.21265	0.01727	0.07572	0.01590	0.07520	0.07431	0.09639	0.12488	0.01555	0.01640	0.01136	0.00670	0.00608	0.00194	0.00751	0.00553	0.00452	0.05809

[dist]
# distance from previous block
# <min> <max>
1	8

[block]
# block no. 5 follows, 33 sequences, length 11
# corresponding to MSA columns:
# 157-167
name=unknown_F
#
# <colnr> <probs for GDERKNQSTAVLIFYWHMCP>
#	G	D	E	R	K	N	Q	S	T	A	V	L	I	F	Y	W	H	M	C	P
0	0.01012	0.00940	0.04856	0.12985	0.05559	0.00861	0.03209	0.01258	0.01342	0.01783	0.07146	0.29611	0.09412	0.10286	0.01078	0.00290	0.00575	0.06670	0.00501	0.00624
1	0.04224	0.12823	0.16058	0.03984	0.12214	0.09703	0.04478	0.09381	0.01668	0.06660	0.05276	0.01707	0.01301	0.00919	0.04671	0.00236	0.00862	0.00557	0.00405	0.02870
2	0.01499	0.10749	0.18034	0.06254	0.04921	0.03607	0.08505	0.05393	0.07462	0.05961	0.08115	0.09798	0.05082	0.00911	0.00669	0.00208	0.00728	0.00790	0.00458	0.00857
3	0.00976	0.00695	0.00883	0.03503	0.01116	0.00675	0.00664	0.01162	0.01381	0.04564	0.14895	0.15467	0.20803	0.14109	0.12023	0.00420	0.00640	0.04897	0.00554	0.00574
4	0.01566	0.01712	0.07496	0.13458	0.34448	0.07994	0.08367	0.02060	0.05345	0.02096	0.05251	0.01860	0.01342	0.00670	0.00659	0.00201	0.00821	0.00626	0.03115	0.00914
5	0.03700	0.06692	0.30875	0.06092	0.14955	0.05345	0.07595	0.08651	0.01580	0.02214	0.01243	0.01530	0.00957	0.00867	0.04692	0.00248	0.00948	0.00541	0.00340	0.00933
6	0.01477	0.01366	0.01847	0.16951	0.18820	0.07253	0.03345	0.08964	0.01601	0.02086	0.02032	0.14922	0.04190	0.01062	0.00786	0.00227	0.04315	0.07517	0.00439	0.00801
7	0.01257	0.00717	0.00931	0.00914	0.01092	0.00652	0.00688	0.01382	0.01449	0.13695	0.11886	0.19764	0.18788	0.01693	0.01092	0.13979	0.00449	0.08357	0.00603	0.00613
8	0.09192	0.04774	0.14989	0.07843	0.11218	0.11236	0.05102	0.06816	0.07176	0.04207	0.01288	0.01530	0.01003	0.00726	0.00803	0.00211	0.10073	0.00541	0.00382	0.00890
9	0.04527	0.06573	0.12092	0.08487	0.12358	0.05351	0.01420	0.13451	0.01732	0.10739	0.01729	0.09273	0.01485	0.00903	0.00701	0.02415	0.00728	0.02955	0.02191	0.00892
10	0.00799	0.00587	0.00749	0.00880	0.00945	0.00538	0.00595	0.00921	0.01296	0.01695	0.04080	0.66035	0.14463	0.02004	0.00831	0.00261	0.00375	0.01800	0.00611	0.00538

[dist]
# distance from previous block
# <min> <max>
5	9

[block]
# block no. 6 follows, 33 sequences, length 18
# corresponding to MSA columns:
# 177-194
name=unknown_G
#
# <colnr> <probs for GDERKNQSTAVLIFYWHMCP>
#	G	D	E	R	K	N	Q	S	T	A	V	L	I	F	Y	W	H	M	C	P
0	0.05173	0.15685	0.23656	0.01790	0.09773	0.03994	0.04819	0.07406	0.04323	0.07936	0.03300	0.01978	0.01331	0.00746	0.00619	0.00200	0.00785	0.05144	0.00415	0.00927
1	0.01961	0.02265	0.01589	0.01502	0.04003	0.44847	0.01097	0.05526	0.05235	0.01972	0.12031	0.06041	0.07340	0.00934	0.00655	0.00189	0.00886	0.00711	0.00461	0.00755
2	0.05442	0.01283	0.01799	0.05184	0.22691	0.02996	0.03409	0.11432	0.01607	0.04914	0.01832	0.15218	0.01774	0.01113	0.00900	0.06906	0.03397	0.04246	0.00457	0.03400
3	0.03772	0.34820	0.09272	0.01559	0.07244	0.11594	0.02925	0.06563	0.01547	0.01937	0.04621	0.04936	0.01303	0.00741	0.00631	0.00179	0.04611	0.00541	0.00359	0.00845
4	0.01462	0.04727	0.05357	0.05507	0.17885	0.06742	0.06996	0.03877	0.01492	0.02092	0.04468	0.05796	0.06417	0.00864	0.00774	0.00201	0.07715	0.00720	0.16111	0.00796
5	0.00859	0.00667	0.00775	0.00793	0.00942	0.00624	0.00580	0.01019	0.01342	0.01698	0.07595	0.10526	0.37900	0.14900	0.12213	0.00425	0.00618	0.05444	0.00541	0.00538
6	0.01694	0.04728	0.08859	0.06411	0.34296	0.10161	0.07344	0.05293	0.08190	0.02165	0.01424	0.03931	0.01178	0.00685	0.00652	0.00200	0.00836	0.00620	0.00377	0.00956
7	0.01017	0.00684	0.00815	0.00789	0.00881	0.00653	0.00513	0.01118	0.01214	0.04200	0.13161	0.09684	0.08250	0.44776	0.05679	0.00495	0.00590	0.01047	0.00493	0.03942
8	0.01420	0.01357	0.01883	0.01626	0.01666	0.01853	0.01347	0.04649	0.01110	0.01693	0.01020	0.01605	0.00983	0.01657	0.12025	0.00390	0.62087	0.00595	0.00314	0.00720
9	0.00929	0.00668	0.00818	0.00866	0.00941	0.00657	0.00586	0.01132	0.04726	0.01730	0.11597	0.29624	0.07414	0.27415	0.03941	0.00408	0.00519	0.04951	0.00548	0.00531
10	0.00842	0.00638	0.00776	0.00807	0.00945	0.00573	0.00580	0.01044	0.01555	0.02061	0.29637	0.28652	0.26141	0.01679	0.00798	0.00231	0.00341	0.01474	0.00653	0.00573
11	0.01863	0.48473	0.09763	0.01287	0.01840	0.10541	0.01253	0.10505	0.01622	0.01974	0.01096	0.01237	0.00920	0.00621	0.00493	0.00158	0.00768	0.00416	0.04299	0.00870
12	0.01059	0.00818	0.03578	0.07143	0.01374	0.00709	0.00783	0.01292	0.01515	0.07864	0.19050	0.27689	0.21566	0.01531	0.00772	0.00231	0.00432	0.01340	0.00614	0.00640
13	0.01926	0.24687	0.21669	0.01640	0.04231	0.28530	0.01564	0.05187	0.01626	0.01846	0.01063	0.01234	0.00861	0.00633	0.00557	0.00174	0.00957	0.00432	0.00319	0.00867
14	0.01913	0.01866	0.12024	0.07112	0.09006	0.01686	0.15697	0.23469	0.10134	0.07987	0.01618	0.01761	0.01173	0.00706	0.00679	0.00209	0.00818	0.00638	0.00497	0.01009
15	0.01165	0.00754	0.00874	0.00833	0.00906	0.00764	0.00535	0.05911	0.01182	0.05004	0.02123	0.04106	0.02308	0.61413	0.05669	0.00586	0.00683	0.04237	0.00445	0.00501
16	0.00945	0.00652	0.00805	0.00813	0.00845	0.00679	0.00516	0.01010	0.00998	0.01360	0.02075	0.07545	0.02306	0.55059	0.20968	0.00724	0.00907	0.00941	0.00398	0.00453
17	0.02099	0.08739	0.16632	0.01779	0.07176	0.26496	0.01525	0.17845	0.05132	0.04572	0.01309	0.01428	0.00997	0.00691	0.00610	0.00187	0.00921	0.00502	0.00423	0.00937

[dist]
# distance from previous block
# <min> <max>
6	9

[block]
# block no. 7 follows, 33 sequences, length 12
# corresponding to MSA columns:
# 204-215
name=unknown_H
#
# <colnr> <probs for GDERKNQSTAVLIFYWHMCP>
#	G	D	E	R	K	N	Q	S	T	A	V	L	I	F	Y	W	H	M	C	P
0	0.01167	0.00869	0.01169	0.01262	0.07451	0.00891	0.00857	0.01460	0.05029	0.07200	0.19264	0.26817	0.13099	0.01468	0.00917	0.00236	0.08301	0.01255	0.00596	0.00690
1	0.00813	0.00598	0.00762	0.00870	0.00948	0.00547	0.00596	0.00956	0.01362	0.01800	0.11598	0.58119	0.14766	0.01925	0.00824	0.00254	0.00367	0.01725	0.00624	0.00547
2	0.01593	0.27211	0.06133	0.01434	0.01809	0.03737	0.08919	0.01848	0.01315	0.06709	0.01397	0.06128	0.01282	0.04912	0.04754	0.00268	0.15805	0.00625	0.03338	0.00786
3	0.01918	0.19164	0.04096	0.01336	0.01728	0.20717	0.01131	0.11567	0.01744	0.07186	0.02001	0.02099	0.10920	0.01064	0.04395	0.00232	0.06833	0.00610	0.00438	0.00823
4	0.05542	0.12714	0.17102	0.07055	0.08857	0.01596	0.06194	0.07534	0.09368	0.04123	0.07772	0.02090	0.03720	0.02732	0.00698	0.00211	0.00729	0.00640	0.00434	0.00890
5	0.11694	0.22798	0.06863	0.01544	0.06096	0.22076	0.01265	0.07409	0.08405	0.02120	0.01200	0.01337	0.00975	0.00673	0.00589	0.00181	0.03073	0.00458	0.00381	0.00862
6	0.01118	0.00729	0.00940	0.00901	0.00975	0.00779	0.00618	0.01217	0.01059	0.06598	0.01963	0.03493	0.02037	0.45432	0.25447	0.00724	0.04197	0.00840	0.00410	0.00525
7	0.05091	0.03845	0.10088	0.01505	0.04006	0.09862	0.04733	0.11414	0.17883	0.03992	0.04343	0.08798	0.06891	0.00958	0.00723	0.00213	0.03480	0.00779	0.00516	0.00881
8	0.04858	0.01213	0.01350	0.01133	0.01510	0.01265	0.00904	0.17715	0.18132	0.16741	0.10206	0.02989	0.12397	0.00997	0.00670	0.00207	0.00512	0.00813	0.05466	0.00922
9	0.01266	0.01063	0.01534	0.21155	0.12743	0.01164	0.01244	0.05721	0.06445	0.01954	0.02308	0.07060	0.07029	0.12426	0.04857	0.00333	0.00738	0.09786	0.00446	0.00728
10	0.08327	0.01338	0.01801	0.01932	0.19250	0.01392	0.03800	0.20216	0.01920	0.09818	0.08838	0.04661	0.01813	0.01179	0.07054	0.00275	0.00738	0.00701	0.04031	0.00920
11	0.01341	0.03299	0.01414	0.07025	0.09735	0.01008	0.02850	0.05163	0.04057	0.09281	0.15558	0.09243	0.21715	0.01225	0.00733	0.00218	0.00521	0.04277	0.00581	0.00758

[dist]
# distance from previous block
# <min> <max>
2	9

[block]
# block no. 8 follows, 33 sequences, length 9
# corresponding to MSA columns:
# 225-233
name=unknown_I
#
# <colnr> <probs for GDERKNQSTAVLIFYWHMCP>
#	G	D	E	R	K	N	Q	S	T	A	V	L	I	F	Y	W	H	M	C	P
0	0.05332	0.10884	0.08099	0.03960	0.03858	0.13557	0.11669	0.12811	0.09690	0.06500	0.01438	0.01579	0.01092	0.00694	0.00666	0.00194	0.03160	0.00559	0.00442	0.03816
1	0.01752	0.07406	0.14883	0.06671	0.13235	0.11271	0.11357	0.09336	0.05458	0.04830	0.01508	0.01802	0.02698	0.04028	0.00765	0.00218	0.00872	0.00604	0.00396	0.00909
2	0.01207	0.04303	0.03898	0.01090	0.01290	0.01013	0.00865	0.04844	0.05677	0.05002	0.05923	0.20102	0.02475	0.10224	0.22134	0.00509	0.04971	0.00989	0.00485	0.03001
3	0.06876	0.01628	0.01599	0.01434	0.04161	0.09075	0.01092	0.17374	0.36846	0.05912	0.02089	0.02017	0.01557	0.00812	0.00632	0.00206	0.00632	0.00640	0.04424	0.00992
4	0.00867	0.00640	0.00801	0.00843	0.00962	0.00587	0.00606	0.01065	0.01520	0.02039	0.28963	0.29987	0.17555	0.05789	0.00946	0.00259	0.00373	0.04991	0.00640	0.00566
5	0.01751	0.14861	0.20216	0.06503	0.13768	0.05751	0.07366	0.11853	0.03661	0.04441	0.01283	0.01499	0.00985	0.00658	0.00653	0.00195	0.02693	0.00536	0.00377	0.00951
6	0.07799	0.29661	0.17720	0.01571	0.06316	0.03974	0.04460	0.10190	0.04396	0.02248	0.04978	0.01522	0.01217	0.00666	0.00556	0.00181	0.00757	0.00505	0.00381	0.00902
7	0.00823	0.00616	0.00754	0.00828	0.00931	0.00558	0.00574	0.00976	0.01403	0.01836	0.14986	0.43619	0.22505	0.05264	0.00929	0.00263	0.00370	0.01598	0.00619	0.00547
8	0.00800	0.00580	0.00757	0.00898	0.00950	0.00536	0.00603	0.00919	0.01278	0.01688	0.03850	0.71337	0.09309	0.02034	0.00836	0.00264	0.00378	0.01836	0.00611	0.00536

[dist]
# distance from previous block
# <min> <max>
0	1

[block]
# block no. 9 follows, 33 sequences, length 28
# corresponding to MSA columns:
# 235-262
name=unknown_J
#
# <colnr> <probs for GDERKNQSTAVLIFYWHMCP>
#	G	D	E	R	K	N	Q	S	T	A	V	L	I	F	Y	W	H	M	C	P
0	0.04811	0.11682	0.07689	0.02142	0.21850	0.09710	0.03676	0.09269	0.03680	0.10809	0.01542	0.05403	0.01276	0.02798	0.00694	0.00205	0.00768	0.00617	0.00441	0.00938
1	0.01549	0.01683	0.10828	0.07378	0.05061	0.05129	0.19505	0.11360	0.04230	0.03959	0.05050	0.09158	0.01676	0.01296	0.08808	0.00308	0.00943	0.00791	0.00440	0.00849
2	0.01324	0.00652	0.00694	0.00672	0.00838	0.00639	0.00499	0.01599	0.01385	0.07637	0.02224	0.04974	0.01819	0.06147	0.00690	0.00195	0.00351	0.00682	0.66344	0.00634
3	0.07039	0.01193	0.01339	0.01055	0.01515	0.01081	0.00833	0.13589	0.03437	0.02529	0.05453	0.11756	0.01749	0.00819	0.00580	0.00154	0.00507	0.00676	0.00493	0.44204
4	0.10642	0.12639	0.01991	0.04055	0.01996	0.50695	0.01212	0.06078	0.01764	0.01883	0.01029	0.01198	0.00849	0.00661	0.00557	0.00173	0.01016	0.00422	0.00354	0.00787
5	0.01547	0.01566	0.02131	0.45208	0.20887	0.11880	0.01780	0.03823	0.01489	0.01856	0.01177	0.01638	0.00921	0.00647	0.00647	0.00206	0.00894	0.00563	0.00318	0.00823
6	0.02367	0.02020	0.01883	0.01522	0.01992	0.15347	0.01224	0.48076	0.12983	0.03473	0.01639	0.01637	0.01201	0.00785	0.00648	0.00196	0.00780	0.00584	0.00601	0.01042
7	0.02283	0.01527	0.01700	0.01370	0.01835	0.01654	0.01110	0.33505	0.24525	0.18086	0.03909	0.02079	0.01635	0.00842	0.00666	0.00207	0.00615	0.00670	0.00696	0.01083
8	0.01350	0.01252	0.02132	0.51806	0.11528	0.01451	0.08114	0.04303	0.01419	0.01897	0.01275	0.01799	0.00981	0.00801	0.03234	0.00242	0.00887	0.00609	0.04136	0.00784
9	0.04619	0.07936	0.39930	0.01788	0.04421	0.08098	0.07324	0.03653	0.04925	0.07327	0.01467	0.01609	0.02669	0.00674	0.00622	0.00201	0.00889	0.00541	0.00368	0.00938
10	0.01735	0.72976	0.07510	0.01170	0.01757	0.02542	0.01202	0.01978	0.01341	0.01580	0.00931	0.01075	0.00844	0.00567	0.00434	0.00145	0.00720	0.00360	0.00281	0.00852
11	0.00857	0.00613	0.00795	0.00910	0.00973	0.00580	0.00634	0.00993	0.01296	0.01717	0.06859	0.52021	0.07797	0.11175	0.01151	0.00312	0.00435	0.09760	0.00590	0.00532
12	0.01003	0.02844	0.00941	0.00916	0.01055	0.00747	0.00658	0.05134	0.04845	0.01910	0.08554	0.40679	0.17462	0.01781	0.00949	0.07485	0.00420	0.01439	0.00586	0.00590
13	0.05721	0.03950	0.01611	0.01417	0.03862	0.20521	0.01072	0.11798	0.22972	0.04904	0.02013	0.02055	0.05000	0.01022	0.03436	0.03003	0.00768	0.00624	0.03375	0.00878
14	0.01075	0.00727	0.00854	0.00830	0.00980	0.00694	0.00594	0.01286	0.04064	0.06702	0.11618	0.04893	0.23113	0.28188	0.05942	0.00420	0.00565	0.06330	0.00551	0.00572
15	0.00994	0.00701	0.00804	0.00789	0.00991	0.00617	0.00597	0.01188	0.01542	0.06910	0.16946	0.08882	0.42643	0.06807	0.00962	0.00256	0.00391	0.06751	0.00630	0.00599
16	0.01445	0.03116	0.01942	0.21588	0.19822	0.01450	0.03363	0.05174	0.17076	0.02235	0.08138	0.02322	0.03887	0.01003	0.04402	0.00253	0.00748	0.00706	0.00453	0.00878
17	0.01614	0.06719	0.02137	0.19835	0.09282	0.03274	0.08882	0.04299	0.30203	0.04142	0.01839	0.01980	0.01393	0.00738	0.00658	0.00211	0.00731	0.00654	0.00478	0.00933
18	0.01632	0.01422	0.02163	0.08703	0.02216	0.01753	0.10781	0.07569	0.01368	0.08315	0.01226	0.01668	0.01021	0.01189	0.05870	0.00303	0.40996	0.00621	0.00377	0.00806
19	0.00972	0.00689	0.00870	0.00938	0.01059	0.00660	0.00673	0.01267	0.06686	0.04429	0.13820	0.47230	0.10770	0.01775	0.00810	0.00251	0.00397	0.05454	0.00639	0.00612
20	0.00826	0.00669	0.00734	0.00717	0.00919	0.00576	0.00538	0.01038	0.01614	0.02048	0.27220	0.05892	0.51771	0.01567	0.00778	0.00218	0.00326	0.01327	0.00647	0.00576
21	0.01629	0.01564	0.02672	0.04041	0.72757	0.01564	0.02020	0.02020	0.01499	0.02151	0.01238	0.01629	0.01043	0.00587	0.00652	0.00196	0.00782	0.00587	0.00326	0.01043
22	0.01590	0.06760	0.02544	0.05745	0.46022	0.01647	0.05466	0.05158	0.01492	0.02094	0.01341	0.06183	0.01209	0.00749	0.00821	0.00209	0.09014	0.00659	0.00351	0.00946
23	0.00953	0.00654	0.00798	0.00798	0.00826	0.00682	0.00499	0.01009	0.00981	0.01336	0.02001	0.03901	0.02217	0.59845	0.20128	0.00738	0.00904	0.00898	0.00388	0.00444
24	0.02792	0.01157	0.01523	0.01192	0.01684	0.01050	0.00977	0.03244	0.10456	0.64546	0.02607	0.02267	0.01676	0.00824	0.00663	0.00206	0.00555	0.00672	0.00797	0.01111
25	0.01258	0.00957	0.01319	0.01188	0.01399	0.01027	0.05650	0.12669	0.03276	0.02121	0.04098	0.12947	0.02179	0.09523	0.30252	0.00594	0.01069	0.03501	0.04287	0.00686
26	0.01502	0.01901	0.11343	0.07676	0.03389	0.01649	0.55617	0.02057	0.01499	0.02057	0.01287	0.01720	0.00967	0.00592	0.00802	0.00223	0.03791	0.00724	0.00322	0.00880
27	0.18758	0.01874	0.01843	0.06929	0.06098	0.21222	0.03379	0.04656	0.01410	0.02037	0.01002	0.01343	0.00853	0.00810	0.01073	0.00223	0.24879	0.00497	0.00345	0.00770

[dist]
# distance from previous block
# <min> <max>
0	1

[block]
# block no. 10 follows, 33 sequences, length 44
# corresponding to MSA columns:
# 264-307
name=unknown_K
#
# <colnr> <probs for GDERKNQSTAVLIFYWHMCP>
#	G	D	E	R	K	N	Q	S	T	A	V	L	I	F	Y	W	H	M	C	P
0	0.23024	0.13832	0.06093	0.01901	0.14002	0.10346	0.09544	0.04156	0.01453	0.04534	0.01119	0.01350	0.00896	0.00641	0.00634	0.00195	0.04570	0.00488	0.00364	0.00857
1	0.01355	0.01122	0.01357	0.01201	0.01372	0.06665	0.04736	0.04184	0.03508	0.04747	0.06655	0.02977	0.04251	0.18395	0.14550	0.00462	0.12317	0.02564	0.06925	0.00656
2	0.01685	0.09461	0.04877	0.05560	0.53166	0.03645	0.04482	0.05491	0.01566	0.02158	0.01216	0.01558	0.01008	0.00599	0.00631	0.00191	0.00803	0.00563	0.00336	0.01001
3	0.02313	0.00980	0.01312	0.01054	0.01457	0.00855	0.00852	0.02576	0.01854	0.51149	0.20024	0.03169	0.07437	0.01002	0.00698	0.00206	0.00484	0.00840	0.00779	0.00960
4	0.00793	0.00663	0.00691	0.00694	0.00901	0.00561	0.00517	0.00971	0.01522	0.01852	0.12545	0.09748	0.62968	0.01658	0.00781	0.00223	0.00334	0.01396	0.00622	0.00561
5	0.00854	0.00627	0.00811	0.00925	0.01020	0.00584	0.00675	0.01025	0.01388	0.01821	0.09406	0.48272	0.14475	0.01905	0.00838	0.00262	0.00409	0.13524	0.00619	0.00557
6	0.01144	0.00572	0.00858	0.00858	0.00858	0.00572	0.00572	0.00858	0.00858	0.01144	0.01144	0.02001	0.01144	0.02287	0.02573	0.80846	0.00572	0.00572	0.00286	0.00286
7	0.72377	0.01258	0.01025	0.00892	0.01315	0.01414	0.00734	0.02010	0.01184	0.07735	0.01044	0.01164	0.00788	0.00619	0.00429	0.00199	0.00512	0.00379	0.00435	0.04490
8	0.01436	0.01438	0.01911	0.01653	0.01670	0.04677	0.01360	0.01578	0.01041	0.01569	0.00963	0.01611	0.00967	0.04829	0.05092	0.00331	0.66280	0.00593	0.00298	0.00701
9	0.02503	0.01844	0.01976	0.01515	0.02042	0.02042	0.01251	0.70562	0.03095	0.04149	0.01581	0.01581	0.01120	0.00790	0.00659	0.00198	0.00724	0.00593	0.00659	0.01120
10	0.01052	0.00752	0.01049	0.01187	0.01338	0.00749	0.01031	0.01356	0.01539	0.02015	0.08120	0.07257	0.03952	0.01787	0.00900	0.00297	0.00586	0.63812	0.00614	0.00607
11	0.01637	0.01414	0.01489	0.01340	0.01712	0.01637	0.01042	0.03498	0.71568	0.02754	0.02679	0.02456	0.02010	0.00893	0.00670	0.00223	0.00521	0.00744	0.00670	0.01042
12	0.01493	0.01438	0.02488	0.28578	0.45961	0.01534	0.05150	0.01908	0.01439	0.01987	0.01219	0.01680	0.00984	0.00610	0.00660	0.00205	0.00830	0.00595	0.00315	0.00928
13	0.00811	0.00579	0.00771	0.00911	0.00957	0.00540	0.00612	0.00938	0.01300	0.01743	0.08100	0.71785	0.04475	0.02016	0.00836	0.00263	0.00377	0.01827	0.00618	0.00540
14	0.02895	0.01214	0.01586	0.01216	0.01727	0.01107	0.01004	0.11946	0.02041	0.64254	0.02465	0.02155	0.01563	0.00812	0.00662	0.00203	0.00581	0.00653	0.00795	0.01120
15	0.01703	0.67679	0.12531	0.01224	0.01840	0.02465	0.01296	0.01986	0.01344	0.01618	0.00950	0.01099	0.00843	0.00571	0.00449	0.00150	0.00739	0.00369	0.00281	0.00861
16	0.01290	0.02834	0.55622	0.01776	0.02560	0.01451	0.05563	0.01942	0.01433	0.02124	0.10408	0.01870	0.01542	0.00751	0.00758	0.00214	0.06017	0.00599	0.00339	0.00906
17	0.00933	0.00785	0.00824	0.00794	0.01031	0.00734	0.00601	0.01384	0.12507	0.02048	0.14970	0.05536	0.52470	0.01503	0.00761	0.00220	0.00360	0.01262	0.00636	0.00641
18	0.00820	0.00670	0.00731	0.00761	0.00956	0.00581	0.00582	0.01003	0.01493	0.01822	0.08229	0.12818	0.55685	0.01711	0.00800	0.00236	0.00370	0.09557	0.00615	0.00562
19	0.17564	0.01684	0.01745	0.01368	0.01866	0.01865	0.01127	0.51870	0.04787	0.07486	0.01541	0.01545	0.01096	0.00761	0.00611	0.00200	0.00668	0.00556	0.00619	0.01040
20	0.00927	0.00658	0.00852	0.00969	0.01047	0.00637	0.00684	0.04615	0.01384	0.01858	0.03469	0.63870	0.04060	0.01938	0.00828	0.00264	0.00420	0.08238	0.02706	0.00574
21	0.00955	0.00736	0.00880	0.00833	0.01024	0.00694	0.00628	0.01365	0.07845	0.02438	0.50136	0.05053	0.22179	0.01386	0.00768	0.00212	0.00335	0.01201	0.00692	0.00642
22	0.00909	0.00672	0.00848	0.00804	0.00970	0.00611	0.00603	0.01198	0.01810	0.02512	0.62642	0.05128	0.16060	0.01394	0.00777	0.00209	0.00314	0.01220	0.00708	0.00611
23	0.01629	0.01564	0.02672	0.04041	0.72757	0.01564	0.02020	0.02020	0.01499	0.02151	0.01238	0.01629	0.01043	0.00587	0.00652	0.00196	0.00782	0.00587	0.00326	0.01043
24	0.81514	0.01273	0.00968	0.00866	0.01273	0.01477	0.00713	0.01935	0.01120	0.02954	0.00917	0.01069	0.00713	0.00611	0.00407	0.00204	0.00509	0.00356	0.00407	0.00713
25	0.01309	0.01237	0.02093	0.63138	0.16163	0.01480	0.01861	0.01740	0.01347	0.01762	0.01182	0.01734	0.00906	0.00646	0.00657	0.00215	0.00861	0.00585	0.00298	0.00784
26	0.73148	0.01257	0.01027	0.00898	0.01317	0.01423	0.00740	0.02071	0.01202	0.10436	0.01096	0.01194	0.00811	0.00633	0.00435	0.00204	0.00515	0.00389	0.00451	0.00756
27	0.02570	0.01703	0.08797	0.01411	0.01974	0.01556	0.01252	0.36527	0.02437	0.31967	0.01954	0.01830	0.01299	0.00784	0.00657	0.00201	0.00682	0.00610	0.00685	0.01106
28	0.01602	0.06866	0.13625	0.02350	0.02986	0.01737	0.45188	0.05279	0.01549	0.03826	0.01285	0.01646	0.00974	0.00634	0.00843	0.00219	0.07469	0.00679	0.00345	0.00899
29	0.00804	0.00668	0.00703	0.00695	0.00905	0.00567	0.00521	0.00996	0.01563	0.01926	0.17955	0.06092	0.61112	0.01612	0.00778	0.00220	0.00330	0.01355	0.00631	0.00567
30	0.02831	0.01240	0.01596	0.01221	0.01736	0.01140	0.01008	0.14178	0.02066	0.59708	0.02387	0.02106	0.01526	0.00801	0.00656	0.00199	0.00585	0.00642	0.00776	0.03598
31	0.04156	0.05782	0.01914	0.03731	0.01994	0.11018	0.03975	0.24367	0.16309	0.12162	0.01754	0.01755	0.01282	0.00770	0.00679	0.00198	0.03054	0.00592	0.00568	0.03939
32	0.01728	0.01165	0.01406	0.01314	0.05210	0.01226	0.00956	0.23207	0.05686	0.10828	0.02246	0.13508	0.02110	0.14817	0.07585	0.00368	0.00716	0.04522	0.00578	0.00825
33	0.00822	0.00589	0.00777	0.00919	0.00969	0.00552	0.00627	0.00946	0.01274	0.01688	0.03678	0.67449	0.06695	0.04461	0.00924	0.00280	0.00402	0.05807	0.00604	0.00535
34	0.02013	0.50746	0.02896	0.01313	0.01813	0.21557	0.01176	0.08372	0.01637	0.01801	0.01003	0.01138	0.00871	0.00614	0.00489	0.00154	0.00834	0.00393	0.00331	0.00848
35	0.02041	0.12931	0.01911	0.01363	0.01782	0.15889	0.01120	0.24716	0.12301	0.04865	0.01989	0.02266	0.05224	0.00869	0.00631	0.00195	0.00735	0.05332	0.02922	0.00917
36	0.04843	0.13860	0.21615	0.01555	0.03780	0.01868	0.01511	0.20755	0.17085	0.02725	0.01557	0.01616	0.01169	0.00729	0.00640	0.00200	0.02478	0.00550	0.00472	0.00993
37	0.04785	0.12273	0.08680	0.01671	0.06843	0.09229	0.03819	0.35963	0.02278	0.03035	0.01366	0.01481	0.01029	0.00704	0.00604	0.00187	0.00784	0.00532	0.03751	0.00985
38	0.00967	0.00657	0.00782	0.00808	0.00865	0.00637	0.00525	0.01055	0.01137	0.01562	0.05164	0.17589	0.02940	0.46425	0.02306	0.00477	0.00553	0.07416	0.04790	0.03344
39	0.01786	0.74528	0.03391	0.01147	0.01702	0.05244	0.01132	0.01996	0.01357	0.01551	0.00919	0.01061	0.00845	0.00567	0.00429	0.00142	0.00722	0.00355	0.00284	0.00842
40	0.01576	0.01634	0.16739	0.01277	0.01759	0.01248	0.01208	0.09322	0.12932	0.09598	0.11543	0.02506	0.04324	0.05383	0.00864	0.00222	0.03470	0.00704	0.02465	0.11225
41	0.01491	0.17454	0.18594	0.01463	0.03646	0.08557	0.03589	0.06733	0.03665	0.02018	0.03599	0.16552	0.03607	0.01032	0.00657	0.00208	0.00738	0.05156	0.00431	0.00811
42	0.03264	0.04655	0.01147	0.01015	0.01154	0.04819	0.00760	0.01347	0.03800	0.01555	0.01773	0.02827	0.01742	0.22460	0.43880	0.00804	0.01313	0.00729	0.00374	0.00583
43	0.34442	0.12918	0.08858	0.01279	0.01746	0.20249	0.03182	0.02147	0.01401	0.04407	0.01069	0.01288	0.00868	0.03002	0.00590	0.00200	0.00781	0.00427	0.00369	0.00779

[dist]
# distance from previous block
# <min> <max>
0	3

[block]
# block no. 11 follows, 33 sequences, length 37
# corresponding to MSA columns:
# 311-347
name=unknown_L
#
# <colnr> <probs for GDERKNQSTAVLIFYWHMCP>
#	G	D	E	R	K	N	Q	S	T	A	V	L	I	F	Y	W	H	M	C	P
0	0.11804	0.09854	0.09679	0.01294	0.01722	0.17761	0.01148	0.09936	0.05677	0.05891	0.01446	0.01587	0.01116	0.00717	0.00605	0.00185	0.03503	0.00504	0.14736	0.00835
