[name]
unknown

[dist]
# distance from previous block
# <min> <max>
0	70

[block]
# block no. 0 follows, 27 sequences, length 22
# corresponding to MSA columns:
# 70-91
name=unknown_A
#
# <colnr> <probs for GDERKNQSTAVLIFYWHMCP>
#	G	D	E	R	K	N	Q	S	T	A	V	L	I	F	Y	W	H	M	C	P
0	0.05486	0.10273	0.01834	0.01504	0.04184	0.01541	0.01207	0.09916	0.04805	0.06365	0.02614	0.11523	0.02631	0.04316	0.01106	0.00293	0.08273	0.20672	0.00593	0.00864
1	0.01979	0.29692	0.17628	0.01485	0.02121	0.04207	0.01505	0.05381	0.05573	0.11300	0.04422	0.08173	0.01747	0.00911	0.00655	0.00210	0.00796	0.00707	0.00497	0.01010
2	0.00939	0.00679	0.00877	0.00983	0.01065	0.00629	0.00671	0.01110	0.01558	0.02094	0.16913	0.52180	0.09928	0.05394	0.01057	0.00304	0.00424	0.01874	0.00703	0.00617
3	0.02052	0.13511	0.14838	0.02511	0.18968	0.07136	0.08218	0.10717	0.01929	0.07354	0.01603	0.04988	0.01308	0.00794	0.00710	0.00219	0.00930	0.00681	0.00455	0.01077
4	0.05324	0.16273	0.06254	0.12836	0.05406	0.04019	0.09490	0.08885	0.07572	0.04885	0.01541	0.01823	0.01209	0.00980	0.03966	0.00264	0.03838	0.00627	0.00449	0.04358
5	0.01757	0.01006	0.01247	0.01077	0.01405	0.00938	0.00843	0.05830	0.05332	0.20338	0.34137	0.04677	0.15652	0.01362	0.00829	0.00236	0.00467	0.01162	0.00815	0.00890
6	0.01037	0.00858	0.01057	0.01253	0.09011	0.00788	0.00772	0.01219	0.01537	0.01932	0.05340	0.11552	0.40766	0.14794	0.04493	0.00377	0.00573	0.01385	0.00596	0.00659
7	0.11765	0.12100	0.08038	0.07900	0.09990	0.09273	0.03751	0.14739	0.01991	0.08649	0.01458	0.01654	0.01106	0.00774	0.00732	0.00220	0.03763	0.00579	0.00485	0.01033
8	0.05004	0.14503	0.14658	0.05566	0.10948	0.07401	0.18725	0.07966	0.01801	0.02429	0.01335	0.01657	0.01047	0.00708	0.00761	0.00223	0.03231	0.00629	0.00387	0.01021
9	0.15629	0.08275	0.05198	0.20730	0.14739	0.08058	0.06902	0.02187	0.01534	0.02273	0.01227	0.01644	0.00991	0.00747	0.00812	0.00233	0.06948	0.00586	0.00366	0.00921
10	0.01112	0.00914	0.04090	0.01147	0.03928	0.00750	0.00836	0.01355	0.01682	0.05557	0.18127	0.33396	0.20632	0.01839	0.00886	0.00265	0.00458	0.01621	0.00698	0.00707
11	0.02333	0.43080	0.03101	0.01554	0.02077	0.32966	0.01343	0.02550	0.01771	0.01778	0.01083	0.01256	0.00954	0.00692	0.00562	0.00173	0.01035	0.00433	0.00346	0.00912
12	0.00904	0.00646	0.00861	0.01034	0.01077	0.00603	0.00689	0.01034	0.01421	0.01895	0.04092	0.73426	0.04910	0.02326	0.00948	0.00301	0.00431	0.02110	0.00689	0.00603
13	0.01061	0.00795	0.01193	0.01193	0.01326	0.00928	0.00928	0.01326	0.01193	0.01723	0.01988	0.02916	0.01856	0.05568	0.70968	0.01193	0.01988	0.00795	0.00398	0.00663
14	0.02097	0.24653	0.14787	0.10222	0.09939	0.04803	0.04046	0.05419	0.01760	0.13344	0.01527	0.01703	0.01146	0.00726	0.00655	0.00209	0.00892	0.00574	0.00447	0.01051
15	0.01495	0.05206	0.12717	0.01360	0.01797	0.04369	0.04102	0.02041	0.08576	0.07908	0.15198	0.14260	0.15268	0.01352	0.00807	0.00244	0.00645	0.01160	0.00630	0.00866
16	0.00904	0.00646	0.00861	0.01034	0.01077	0.00603	0.00689	0.01034	0.01421	0.01895	0.04092	0.73426	0.04910	0.02326	0.00948	0.00301	0.00431	0.02110	0.00689	0.00603
17	0.16600	0.13443	0.34293	0.01920	0.05494	0.05297	0.05718	0.02305	0.01525	0.02406	0.01220	0.01471	0.00939	0.00712	0.00704	0.00225	0.03860	0.00523	0.00352	0.00994
18	0.00939	0.00722	0.00832	0.00873	0.01018	0.00656	0.00609	0.01101	0.01538	0.01959	0.10757	0.23974	0.33417	0.13064	0.04812	0.00380	0.00520	0.01579	0.00649	0.00602
19	0.05075	0.13665	0.04738	0.01620	0.05000	0.07649	0.03606	0.10467	0.01834	0.06390	0.01674	0.01854	0.04409	0.00812	0.00826	0.00196	0.08550	0.00589	0.00472	0.20575
20	0.01320	0.01154	0.01158	0.01090	0.01352	0.06327	0.00825	0.04954	0.11894	0.02531	0.22166	0.10067	0.26295	0.01693	0.03572	0.00281	0.00563	0.01279	0.00701	0.00778
21	0.01956	0.14685	0.08459	0.05208	0.07264	0.09297	0.04261	0.09785	0.05989	0.05804	0.06375	0.06113	0.01804	0.00879	0.00692	0.00207	0.00821	0.00718	0.00506	0.09179

[dist]
# distance from previous block
# <min> <max>
0	5

[block]
# block no. 1 follows, 27 sequences, length 28
# corresponding to MSA columns:
# 99-126
name=unknown_B
#
# <colnr> <probs for GDERKNQSTAVLIFYWHMCP>
#	G	D	E	R	K	N	Q	S	T	A	V	L	I	F	Y	W	H	M	C	P
0	0.01269	0.04294	0.01297	0.04041	0.01510	0.03261	0.00877	0.03422	0.07915	0.02172	0.05867	0.41768	0.03618	0.04483	0.00942	0.00272	0.00548	0.01480	0.00621	0.10341
1	0.01937	0.11543	0.17206	0.01751	0.02355	0.13857	0.07182	0.12338	0.07301	0.02543	0.02251	0.06743	0.07893	0.00968	0.00727	0.00224	0.00919	0.00784	0.00493	0.00985
2	0.02065	0.04488	0.10103	0.02199	0.15310	0.04574	0.04242	0.05681	0.07015	0.16758	0.02010	0.05764	0.01606	0.01384	0.07861	0.00333	0.06251	0.00759	0.00543	0.01053
3	0.01255	0.09933	0.01352	0.00984	0.01262	0.01038	0.00782	0.01622	0.05333	0.05457	0.31261	0.07870	0.23435	0.01636	0.03309	0.00267	0.00499	0.01249	0.00699	0.00755
4	0.05148	0.19849	0.02365	0.01479	0.01999	0.02048	0.04425	0.10167	0.29838	0.02814	0.02111	0.04439	0.01693	0.00873	0.00666	0.00213	0.00689	0.00700	0.00583	0.07902
5	0.01701	0.01169	0.01382	0.01209	0.01566	0.01130	0.00926	0.11755	0.09221	0.10515	0.10414	0.23992	0.06064	0.01390	0.00794	0.00233	0.00538	0.01202	0.00703	0.14094
6	0.06039	0.01843	0.07270	0.01488	0.02008	0.06315	0.01274	0.17753	0.11983	0.13041	0.02299	0.06267	0.04426	0.00979	0.00792	0.00224	0.03944	0.00761	0.00636	0.10658
7	0.01619	0.07210	0.15346	0.02117	0.02731	0.01585	0.27251	0.04968	0.01741	0.05116	0.05411	0.17158	0.02208	0.01069	0.00819	0.00249	0.00927	0.01051	0.00487	0.00939
8	0.00907	0.00726	0.00812	0.00847	0.01035	0.00631	0.00614	0.01102	0.01679	0.02108	0.14873	0.23530	0.44641	0.01943	0.00895	0.00261	0.00386	0.01673	0.00706	0.00631
9	0.01798	0.01793	0.02624	0.24107	0.40370	0.08331	0.02075	0.02319	0.05174	0.02247	0.01436	0.01881	0.01158	0.00713	0.00732	0.00227	0.00942	0.00653	0.00378	0.01042
10	0.01785	0.01561	0.02624	0.29550	0.40331	0.01671	0.02110	0.02235	0.01646	0.07213	0.01481	0.01941	0.01155	0.00711	0.00739	0.00231	0.00904	0.00667	0.00394	0.01051
11	0.01816	0.02039	0.05779	0.07600	0.15378	0.09207	0.35989	0.02338	0.01739	0.02325	0.01501	0.01946	0.01164	0.00677	0.00784	0.00232	0.01098	0.00753	0.06652	0.00984
12	0.01067	0.00769	0.01058	0.01058	0.01144	0.00855	0.00760	0.01239	0.01153	0.01623	0.02112	0.03600	0.02153	0.29645	0.47297	0.01026	0.01541	0.00896	0.00416	0.00588
13	0.01437	0.01355	0.02290	0.66660	0.10304	0.01659	0.02079	0.01928	0.01501	0.01940	0.01326	0.01968	0.01005	0.00736	0.00742	0.00245	0.00981	0.00660	0.00333	0.00853
14	0.01870	0.01745	0.02863	0.16590	0.30135	0.01841	0.13149	0.10898	0.08469	0.02680	0.01612	0.01978	0.01251	0.00735	0.00764	0.00234	0.00929	0.00717	0.00450	0.01090
15	0.01076	0.00865	0.01344	0.01540	0.07660	0.00824	0.05660	0.01287	0.01493	0.02006	0.03640	0.56389	0.04237	0.02026	0.00929	0.00293	0.00552	0.06851	0.00636	0.00692
16	0.03028	0.01412	0.01781	0.01379	0.01926	0.01340	0.01134	0.18084	0.02439	0.49296	0.07999	0.02598	0.02122	0.00961	0.00756	0.00228	0.00652	0.00777	0.00870	0.01218
17	0.00904	0.00646	0.00861	0.01034	0.01077	0.00603	0.00689	0.01034	0.01421	0.01895	0.04092	0.73426	0.04910	0.02326	0.00948	0.00301	0.00431	0.02110	0.00689	0.00603
18	0.01595	0.01475	0.02399	0.16899	0.29917	0.01538	0.07005	0.05056	0.04938	0.02360	0.02370	0.09246	0.07647	0.01015	0.00792	0.00245	0.00822	0.03238	0.00467	0.00976
19	0.01046	0.00781	0.01161	0.01178	0.01302	0.00897	0.00905	0.01298	0.01215	0.01740	0.02189	0.09641	0.02147	0.05259	0.64291	0.01108	0.01840	0.00921	0.00425	0.00657
20	0.01624	0.01624	0.02274	0.01949	0.01949	0.02274	0.01624	0.01787	0.01137	0.01787	0.00975	0.01624	0.00975	0.01299	0.02436	0.00325	0.72552	0.00650	0.00325	0.00812
21	0.01539	0.01319	0.01539	0.01100	0.01759	0.00990	0.00880	0.01869	0.01539	0.02419	0.01319	0.01539	0.01100	0.00550	0.00550	0.00110	0.00550	0.00440	0.00440	0.78449
22	0.01985	0.74357	0.03890	0.01270	0.01905	0.02937	0.01270	0.02223	0.01508	0.01747	0.01032	0.01191	0.00953	0.00635	0.00476	0.00159	0.00794	0.00397	0.00318	0.00953
23	0.01837	0.01764	0.03013	0.04557	0.69279	0.01764	0.02278	0.02278	0.01690	0.02425	0.01396	0.01837	0.01176	0.00661	0.00735	0.00220	0.00882	0.00661	0.00367	0.01176
24	0.02191	0.02277	0.02254	0.10712	0.02632	0.24497	0.06541	0.14792	0.06766	0.02509	0.01571	0.05292	0.01325	0.00955	0.01007	0.00240	0.12315	0.00702	0.00477	0.00946
25	0.01693	0.01651	0.01756	0.03862	0.02004	0.11511	0.04303	0.02158	0.07099	0.02371	0.07116	0.02175	0.04056	0.00784	0.00719	0.00169	0.03491	0.00629	0.00485	0.41967
26	0.08722	0.25266	0.09003	0.01545	0.02107	0.18922	0.01396	0.13145	0.01990	0.05384	0.01457	0.05241	0.01239	0.00822	0.00624	0.00201	0.00914	0.00582	0.00461	0.00978
27	0.08292	0.20639	0.07489	0.01736	0.05713	0.16483	0.05760	0.07307	0.01831	0.02391	0.04605	0.01649	0.01309	0.00725	0.00623	0.00188	0.00895	0.00546	0.00423	0.11395

[dist]
# distance from previous block
# <min> <max>
0	6

[block]
# block no. 2 follows, 27 sequences, length 18
# corresponding to MSA columns:
# 133-150
name=unknown_C
#
# <colnr> <probs for GDERKNQSTAVLIFYWHMCP>
#	G	D	E	R	K	N	Q	S	T	A	V	L	I	F	Y	W	H	M	C	P
0	0.02092	0.04472	0.01893	0.01648	0.07423	0.05127	0.06366	0.04558	0.05504	0.23507	0.10018	0.06635	0.11989	0.01324	0.03796	0.00275	0.00735	0.00969	0.00682	0.00987
1	0.01760	0.04761	0.04784	0.09125	0.02233	0.06806	0.09290	0.02103	0.01819	0.14996	0.11396	0.06046	0.19405	0.01192	0.00797	0.00236	0.00727	0.01033	0.00612	0.00878
2	0.01956	0.15044	0.12165	0.01653	0.02120	0.08783	0.01530	0.16239	0.01963	0.02568	0.04692	0.02173	0.06941	0.01012	0.01098	0.00237	0.17710	0.00684	0.00471	0.00962
3	0.01686	0.01659	0.02634	0.26192	0.32033	0.04775	0.07364	0.02250	0.06160	0.02247	0.01757	0.02180	0.04253	0.00769	0.00754	0.00234	0.00925	0.00724	0.00397	0.01007
4	0.01120	0.00705	0.00840	0.00840	0.00840	0.00705	0.00487	0.01058	0.01058	0.01411	0.02138	0.04359	0.02428	0.60221	0.03610	0.15628	0.00705	0.00996	0.00425	0.00425
5	0.01550	0.15384	0.02409	0.04683	0.02003	0.01990	0.05138	0.01797	0.01394	0.01964	0.09598	0.05154	0.01951	0.01489	0.06622	0.00336	0.34542	0.00772	0.00408	0.00817
6	0.01547	0.04569	0.01748	0.07816	0.07903	0.05046	0.02927	0.06179	0.01675	0.05932	0.02752	0.33266	0.02957	0.01556	0.00975	0.00271	0.06656	0.04837	0.00573	0.00818
7	0.00932	0.00693	0.00872	0.00977	0.01087	0.00633	0.00688	0.01114	0.01584	0.02081	0.13637	0.47277	0.18579	0.02110	0.00927	0.00283	0.00420	0.04776	0.00706	0.00625
8	0.04619	0.09706	0.05521	0.04547	0.05636	0.08021	0.22007	0.22088	0.05377	0.03014	0.01548	0.01781	0.01170	0.00748	0.00741	0.00225	0.00996	0.00684	0.00498	0.01071
9	0.01403	0.04470	0.08382	0.04569	0.04217	0.01259	0.01196	0.07529	0.11299	0.02546	0.12383	0.24645	0.06618	0.01495	0.00832	0.00260	0.00611	0.04789	0.00640	0.00857
10	0.03202	0.01350	0.01762	0.01364	0.01931	0.01236	0.01123	0.08891	0.06054	0.60512	0.02839	0.02479	0.01815	0.00922	0.00747	0.00230	0.00645	0.00745	0.00895	0.01258
11	0.01413	0.01209	0.01521	0.01362	0.01628	0.04324	0.06370	0.04387	0.15159	0.02410	0.14565	0.07210	0.05996	0.10622	0.14459	0.00485	0.00912	0.04560	0.00604	0.00805
12	0.04497	0.11215	0.05745	0.06106	0.09647	0.20918	0.13873	0.04072	0.04587	0.02175	0.01316	0.01643	0.01073	0.00781	0.00898	0.00226	0.09272	0.00613	0.00387	0.00956
13	0.00908	0.00738	0.00805	0.00820	0.01030	0.00635	0.00603	0.01113	0.01718	0.02142	0.16623	0.16236	0.50268	0.01886	0.00887	0.00255	0.00380	0.01608	0.00709	0.00635
14	0.00904	0.00646	0.00861	0.01034	0.01077	0.00603	0.00689	0.01034	0.01421	0.01895	0.04092	0.73426	0.04910	0.02326	0.00948	0.00301	0.00431	0.02110	0.00689	0.00603
15	0.08819	0.01744	0.08501	0.01431	0.01922	0.01663	0.01243	0.22030	0.18723	0.06199	0.02585	0.08316	0.05513	0.01056	0.00724	0.00236	0.00665	0.00850	0.06730	0.01049
16	0.02288	0.29809	0.10291	0.01840	0.05906	0.34262	0.01563	0.02584	0.01801	0.01883	0.01138	0.01336	0.00965	0.00704	0.00605	0.00186	0.01085	0.00466	0.00350	0.00938
17	0.02180	0.05967	0.07674	0.01601	0.02105	0.05114	0.01402	0.20161	0.05310	0.09995	0.03285	0.01859	0.01373	0.00901	0.01018	0.00222	0.14543	0.00626	0.00556	0.14110

[dist]
# distance from previous block
# <min> <max>
0	2

[block]
# block no. 3 follows, 27 sequences, length 14
# corresponding to MSA columns:
# 153-166
name=unknown_D
#
# <colnr> <probs for GDERKNQSTAVLIFYWHMCP>
#	G	D	E	R	K	N	Q	S	T	A	V	L	I	F	Y	W	H	M	C	P
0	0.01529	0.01449	0.02455	0.52467	0.23781	0.01683	0.02125	0.02008	0.01544	0.02051	0.01342	0.01938	0.01044	0.00719	0.00740	0.00240	0.00958	0.00660	0.00341	0.00927
1	0.02208	0.06453	0.07692	0.04387	0.17951	0.04413	0.01568	0.07766	0.10690	0.17208	0.01924	0.01991	0.01414	0.00776	0.00697	0.00210	0.00776	0.00643	0.00568	0.10667
2	0.01988	0.01979	0.16026	0.10036	0.05446	0.01632	0.09626	0.06725	0.07481	0.15942	0.06939	0.02293	0.01754	0.00897	0.00925	0.00246	0.07716	0.00748	0.00550	0.01050
3	0.01061	0.00795	0.01193	0.01193	0.01326	0.00928	0.00928	0.01326	0.01193	0.01723	0.01988	0.02916	0.01856	0.05568	0.70968	0.01193	0.01988	0.00795	0.00398	0.00663
4	0.02198	0.55219	0.03407	0.01444	0.02011	0.21311	0.01315	0.02423	0.01669	0.01766	0.01063	0.01231	0.00954	0.00670	0.00529	0.00168	0.00941	0.00419	0.00335	0.00928
5	0.06798	0.01812	0.05937	0.15871	0.13565	0.04439	0.14934	0.10486	0.05113	0.05273	0.04820	0.02239	0.03750	0.00814	0.00757	0.00236	0.00914	0.00750	0.00485	0.01007
6	0.01289	0.00645	0.00967	0.00967	0.00967	0.00645	0.00645	0.00967	0.00967	0.01289	0.01289	0.02257	0.01289	0.02579	0.02901	0.78401	0.00645	0.00645	0.00322	0.00322
7	0.00982	0.00703	0.00943	0.01029	0.01094	0.00711	0.00708	0.01135	0.01339	0.01828	0.06654	0.39937	0.03857	0.15700	0.19177	0.00597	0.00872	0.01556	0.00580	0.00596
8	0.04885	0.01612	0.05081	0.09030	0.02404	0.06559	0.11792	0.09087	0.01929	0.12610	0.03363	0.03415	0.20049	0.01258	0.03374	0.00273	0.00841	0.00937	0.00581	0.00920
9	0.04799	0.09019	0.06834	0.17375	0.08728	0.06177	0.14690	0.06940	0.01809	0.08768	0.01755	0.02046	0.03527	0.00770	0.00722	0.00226	0.00937	0.00691	0.03207	0.00982
10	0.01697	0.01500	0.01879	0.20200	0.06207	0.06707	0.01453	0.05013	0.14393	0.04871	0.01860	0.02397	0.01541	0.06700	0.12070	0.00430	0.08974	0.00734	0.00477	0.00897
11	0.01197	0.01113	0.05632	0.01240	0.01416	0.01016	0.04389	0.04455	0.01442	0.01946	0.03138	0.28627	0.08658	0.23563	0.01905	0.00415	0.07257	0.01383	0.00545	0.00663
12	0.01337	0.04404	0.04709	0.12638	0.01965	0.01107	0.01082	0.05621	0.01545	0.04836	0.02934	0.24751	0.08114	0.09768	0.07390	0.04534	0.00777	0.01224	0.00538	0.00724
13	0.10141	0.11133	0.02354	0.10565	0.19927	0.05013	0.01559	0.02376	0.11269	0.02366	0.01715	0.01981	0.03787	0.00829	0.00834	0.00225	0.07801	0.00638	0.00436	0.05053

[dist]
# distance from previous block
# <min> <max>
1	11

[block]
# block no. 4 follows, 27 sequences, length 16
# corresponding to MSA columns:
# 178-193
name=unknown_E
#
# <colnr> <probs for GDERKNQSTAVLIFYWHMCP>
#	G	D	E	R	K	N	Q	S	T	A	V	L	I	F	Y	W	H	M	C	P
0	0.01615	0.01806	0.06371	0.50663	0.04238	0.12275	0.01903	0.02144	0.04544	0.01971	0.01642	0.02117	0.04028	0.00805	0.00735	0.00238	0.01005	0.00673	0.00372	0.00854
1	0.01987	0.02451	0.15323	0.15147	0.17585	0.17021	0.07469	0.02545	0.04812	0.06432	0.01495	0.01802	0.01137	0.00736	0.00730	0.00226	0.01045	0.00631	0.00407	0.01019
2	0.05045	0.02156	0.20886	0.08442	0.14631	0.04340	0.06576	0.05157	0.01724	0.07416	0.02166	0.10800	0.05475	0.00986	0.00758	0.00241	0.00878	0.00862	0.00471	0.00991
3	0.01201	0.01077	0.01874	0.01741	0.04943	0.01052	0.16484	0.01468	0.01497	0.02024	0.03129	0.44370	0.03540	0.04710	0.01108	0.00305	0.03998	0.04173	0.00573	0.00731
4	0.05908	0.00877	0.01077	0.12394	0.01747	0.00874	0.00890	0.01325	0.01631	0.02161	0.11373	0.16048	0.34088	0.01665	0.00848	0.00260	0.00511	0.05017	0.00629	0.00677
5	0.01815	0.02440	0.21214	0.07153	0.10864	0.11536	0.10611	0.02486	0.07800	0.05623	0.01727	0.04723	0.01389	0.01160	0.05909	0.00304	0.01088	0.00720	0.00431	0.01005
6	0.01665	0.01756	0.07375	0.11943	0.47655	0.01634	0.04323	0.02128	0.01677	0.02353	0.04670	0.02333	0.05636	0.00786	0.00754	0.00228	0.00868	0.00747	0.00399	0.01068
7	0.00904	0.00646	0.00861	0.01034	0.01077	0.00603	0.00689	0.01034	0.01421	0.01895	0.04092	0.73426	0.04910	0.02326	0.00948	0.00301	0.00431	0.02110	0.00689	0.00603
8	0.01779	0.02410	0.19867	0.02356	0.10415	0.08672	0.10996	0.05635	0.05498	0.02361	0.04057	0.01931	0.01364	0.01041	0.03491	0.00283	0.15759	0.00684	0.00408	0.00994
9	0.01903	0.02016	0.16992	0.03671	0.10220	0.03841	0.09428	0.05348	0.08285	0.13518	0.02319	0.09501	0.03846	0.04614	0.00925	0.00266	0.00849	0.00882	0.00548	0.01027
10	0.01759	0.01444	0.02193	0.39605	0.06134	0.01642	0.05436	0.14569	0.01971	0.05948	0.06612	0.05912	0.01744	0.00909	0.00770	0.00243	0.00874	0.00803	0.00498	0.00934
11	0.01515	0.03687	0.65136	0.02295	0.08068	0.01727	0.02709	0.02346	0.01576	0.02356	0.01337	0.01587	0.00958	0.00702	0.00707	0.00234	0.01081	0.00557	0.00317	0.01103
12	0.02035	0.01826	0.05491	0.14761	0.14899	0.05161	0.11170	0.16571	0.02154	0.08197	0.08593	0.02277	0.01791	0.00838	0.00770	0.00231	0.00898	0.00757	0.00534	0.01046
13	0.10887	0.05053	0.04980	0.04277	0.10251	0.04805	0.03532	0.11990	0.05825	0.22676	0.02114	0.06895	0.01624	0.00915	0.00714	0.00230	0.00759	0.00751	0.00634	0.01088
14	0.02294	0.01997	0.09260	0.01945	0.06787	0.09150	0.09011	0.08141	0.10513	0.19894	0.05725	0.02251	0.01750	0.00871	0.00817	0.00229	0.03774	0.00728	0.00613	0.04249
15	0.04684	0.01695	0.04679	0.08074	0.21612	0.05875	0.06457	0.09993	0.01963	0.07821	0.10101	0.02647	0.05792	0.01122	0.04004	0.00273	0.00874	0.00800	0.00529	0.01003

[dist]
# distance from previous block
# <min> <max>
3	11

[block]
# block no. 5 follows, 27 sequences, length 33
# corresponding to MSA columns:
# 205-237
name=unknown_F
#
# <colnr> <probs for GDERKNQSTAVLIFYWHMCP>
#	G	D	E	R	K	N	Q	S	T	A	V	L	I	F	Y	W	H	M	C	P
0	0.01793	0.04452	0.01812	0.01446	0.01774	0.01498	0.03229	0.10876	0.06328	0.10069	0.08376	0.06534	0.02198	0.02041	0.15721	0.00439	0.12630	0.00835	0.00572	0.07378
1	0.01840	0.04867	0.04766	0.05901	0.08448	0.04056	0.01353	0.04750	0.05574	0.12645	0.05744	0.04493	0.07250	0.01486	0.07678	0.00330	0.12112	0.00806	0.00542	0.05358
2	0.01900	0.50067	0.13455	0.01637	0.04213	0.06620	0.05343	0.02257	0.01558	0.01896	0.01164	0.01398	0.01008	0.00871	0.03661	0.00225	0.00953	0.00478	0.00329	0.00965
3	0.00973	0.00759	0.00891	0.00960	0.01113	0.00706	0.00680	0.01278	0.06191	0.02108	0.10637	0.39583	0.27388	0.02010	0.00904	0.00275	0.00416	0.01767	0.00705	0.00659
4	0.08561	0.02074	0.13486	0.01799	0.02355	0.06077	0.11416	0.15103	0.12073	0.02891	0.02070	0.11616	0.01802	0.01212	0.03854	0.00286	0.00907	0.00872	0.00547	0.01000
5	0.02006	0.11295	0.10178	0.05273	0.15518	0.04836	0.16775	0.05132	0.01768	0.09964	0.01519	0.01797	0.01159	0.00725	0.00800	0.00220	0.04345	0.00654	0.00437	0.05600
6	0.00954	0.00782	0.00890	0.00889	0.01090	0.00728	0.00671	0.01156	0.01612	0.02018	0.10732	0.09688	0.46852	0.05005	0.09004	0.00382	0.02865	0.03403	0.00645	0.00636
7	0.01709	0.02324	0.16314	0.03033	0.07842	0.01842	0.50885	0.02367	0.01715	0.02376	0.01464	0.01913	0.01095	0.00643	0.00836	0.00246	0.01200	0.00803	0.00364	0.01030
8	0.01735	0.05260	0.26831	0.15164	0.13125	0.08682	0.05952	0.05040	0.01710	0.02284	0.01444	0.01982	0.01159	0.00788	0.00779	0.00236	0.03041	0.03411	0.00370	0.01006
9	0.01141	0.00913	0.01347	0.01300	0.01414	0.01119	0.01027	0.01391	0.01185	0.01732	0.01844	0.02733	0.01731	0.04961	0.61233	0.01070	0.12012	0.00775	0.00387	0.00684
10	0.79154	0.01436	0.01091	0.00976	0.01436	0.01665	0.00804	0.02182	0.01263	0.03331	0.01034	0.01206	0.00804	0.00689	0.00459	0.00230	0.00574	0.00402	0.00459	0.00804
11	0.01712	0.02478	0.24135	0.05001	0.03279	0.03866	0.30748	0.03970	0.03560	0.04414	0.01846	0.02155	0.04962	0.00782	0.00860	0.00245	0.03794	0.00775	0.00407	0.01011
12	0.01706	0.01484	0.01716	0.01654	0.05669	0.05450	0.03205	0.11510	0.20689	0.02663	0.02819	0.20287	0.04427	0.04109	0.01065	0.00281	0.06662	0.03039	0.00630	0.00934
13	0.00904	0.00646	0.00861	0.01034	0.01077	0.00603	0.00689	0.01034	0.01421	0.01895	0.04092	0.73426	0.04910	0.02326	0.00948	0.00301	0.00431	0.02110	0.00689	0.00603
14	0.01402	0.01319	0.02227	0.72126	0.05113	0.01649	0.02062	0.01897	0.01484	0.01897	0.01319	0.01979	0.00990	0.00742	0.00742	0.00247	0.00990	0.00660	0.00330	0.00825
15	0.01758	0.01681	0.02839	0.08248	0.61693	0.01693	0.02168	0.02187	0.01679	0.02371	0.01740	0.02147	0.05015	0.00735	0.00743	0.00224	0.00859	0.00713	0.00384	0.01124
16	0.00998	0.00713	0.00968	0.01140	0.01224	0.00683	0.00851	0.01195	0.01513	0.01999	0.04040	0.52631	0.04706	0.02238	0.00972	0.00314	0.00512	0.21984	0.00687	0.00629
17	0.01679	0.01449	0.02393	0.12817	0.42579	0.01474	0.01853	0.02064	0.01663	0.06190	0.05025	0.13547	0.02057	0.00994	0.00777	0.00238	0.00785	0.00930	0.00467	0.01019
18	0.01578	0.01573	0.02345	0.01974	0.02052	0.02104	0.07116	0.01791	0.01195	0.01831	0.01122	0.01787	0.01076	0.01672	0.09207	0.00406	0.59338	0.00684	0.00337	0.00813
19	0.01055	0.00709	0.00817	0.00841	0.00848	0.00703	0.00484	0.01073	0.01128	0.01504	0.02588	0.14586	0.03013	0.63754	0.03377	0.00660	0.00679	0.01226	0.00484	0.00472
20	0.10323	0.06200	0.05721	0.13271	0.31753	0.13954	0.03970	0.02336	0.01672	0.02296	0.01282	0.01658	0.01044	0.00694	0.00683	0.00218	0.00961	0.00587	0.00370	0.01007
21	0.01086	0.00889	0.01233	0.01396	0.07172	0.00827	0.03492	0.01344	0.01654	0.02126	0.07800	0.21993	0.27267	0.01854	0.00917	0.00281	0.00540	0.16775	0.00653	0.00700
22	0.06191	0.01444	0.01643	0.01236	0.01822	0.01302	0.00997	0.09082	0.05605	0.02719	0.01432	0.01624	0.01161	0.00669	0.00695	0.00151	0.05079	0.00499	0.00485	0.56164
23	0.01081	0.00817	0.01158	0.01129	0.01293	0.00891	0.00866	0.01336	0.01287	0.01839	0.06403	0.03307	0.05283	0.08802	0.55337	0.00999	0.01654	0.00861	0.00443	0.05213
24	0.66269	0.01466	0.01195	0.01043	0.01504	0.01674	0.00856	0.09138	0.01531	0.03399	0.01495	0.01617	0.04852	0.00781	0.00515	0.00230	0.00589	0.00499	0.00504	0.00843
25	0.02103	0.63733	0.03622	0.01367	0.01964	0.13137	0.01295	0.02334	0.01598	0.01757	0.01049	0.01213	0.00953	0.00655	0.00505	0.00164	0.00876	0.00409	0.00327	0.00939
26	0.01289	0.00645	0.00967	0.00967	0.00967	0.00645	0.00645	0.00967	0.00967	0.01289	0.01289	0.02257	0.01289	0.02579	0.02901	0.78401	0.00645	0.00645	0.00322	0.00322
27	0.01713	0.01662	0.02936	0.28730	0.30630	0.01770	0.13866	0.05433	0.01718	0.02339	0.01407	0.01916	0.01104	0.00696	0.00764	0.00236	0.00985	0.00700	0.00374	0.01021
28	0.06001	0.09395	0.02210	0.01702	0.02019	0.22590	0.01381	0.05254	0.07161	0.02161	0.01270	0.01570	0.01089	0.00937	0.01241	0.00235	0.25316	0.00560	0.00412	0.07497
29	0.05160	0.00999	0.01093	0.01073	0.01292	0.03836	0.00766	0.04098	0.01568	0.02186	0.05865	0.40429	0.07307	0.06731	0.01025	0.00281	0.00527	0.01481	0.00613	0.13671
30	0.02061	0.23202	0.11301	0.03913	0.05806	0.14029	0.05401	0.08437	0.11607	0.02377	0.01503	0.01670	0.01197	0.00774	0.00725	0.00211	0.03750	0.00579	0.00438	0.01021
31	0.01524	0.01477	0.07684	0.05660	0.12224	0.01310	0.04688	0.10109	0.03584	0.02385	0.02426	0.14593	0.04701	0.16193	0.01409	0.00341	0.00757	0.03058	0.00516	0.05360
32	0.01986	0.08619	0.12453	0.02070	0.06769	0.10558	0.11993	0.11716	0.06850	0.04624	0.03772	0.02151	0.04302	0.01039	0.03489	0.00266	0.05132	0.00713	0.00483	0.01014

[dist]
# distance from previous block
# <min> <max>
2	15

[block]
# block no. 6 follows, 27 sequences, length 19
# corresponding to MSA columns:
# 253-271
name=unknown_G
#
# <colnr> <probs for GDERKNQSTAVLIFYWHMCP>
#	G	D	E	R	K	N	Q	S	T	A	V	L	I	F	Y	W	H	M	C	P
0	0.05333	0.06949	0.07248	0.15279	0.11675	0.01738	0.03077	0.13169	0.01889	0.02658	0.07665	0.07925	0.01915	0.00978	0.00865	0.00236	0.06441	0.00799	0.00488	0.03673
1	0.04853	0.01958	0.02171	0.02004	0.06868	0.13655	0.01526	0.07046	0.06839	0.06458	0.01378	0.01735	0.01156	0.01065	0.01584	0.00272	0.37417	0.00635	0.00444	0.00936
2	0.01757	0.01798	0.07166	0.09235	0.27575	0.04077	0.01758	0.05908	0.11458	0.02514	0.01779	0.06377	0.01515	0.00854	0.00791	0.00223	0.03575	0.00736	0.00465	0.10437
3	0.01315	0.06884	0.01383	0.01189	0.01318	0.08714	0.00868	0.01455	0.01362	0.01729	0.02523	0.26175	0.02828	0.19572	0.13693	0.00533	0.06100	0.01219	0.00493	0.00648
4	0.01504	0.01311	0.01911	0.09555	0.07499	0.05590	0.08585	0.01937	0.04549	0.05286	0.06693	0.02644	0.01934	0.02892	0.31289	0.00647	0.01369	0.00786	0.00457	0.03561
5	0.01873	0.34347	0.32415	0.01723	0.02525	0.11398	0.01932	0.02377	0.01613	0.02019	0.01178	0.01374	0.00948	0.00683	0.00601	0.00196	0.00998	0.00474	0.00324	0.01003
6	0.02125	0.01585	0.01710	0.01408	0.01846	0.01735	0.01129	0.34427	0.16744	0.03781	0.11864	0.02880	0.05580	0.01049	0.00748	0.00227	0.00633	0.00845	0.08605	0.01076
7	0.07512	0.01337	0.01267	0.01092	0.01424	0.05632	0.00863	0.21258	0.02147	0.03319	0.02051	0.02272	0.01573	0.00854	0.00591	0.00193	0.00565	0.00651	0.44518	0.00881
8	0.01760	0.01484	0.01589	0.01453	0.01828	0.01693	0.01118	0.06462	0.55603	0.03009	0.03114	0.12641	0.02591	0.01187	0.00782	0.00257	0.00576	0.01010	0.00745	0.01099
9	0.00929	0.00656	0.00854	0.01002	0.01039	0.00619	0.00656	0.01040	0.01373	0.01831	0.03846	0.63802	0.04600	0.12373	0.01345	0.00360	0.00471	0.01966	0.00656	0.00581
10	0.01428	0.01346	0.02274	0.68070	0.08965	0.01656	0.02075	0.01920	0.01497	0.01928	0.01324	0.01971	0.01001	0.00737	0.00742	0.00246	0.00983	0.00660	0.00332	0.00846
11	0.01127	0.00773	0.00901	0.00888	0.01092	0.00682	0.00646	0.01330	0.01713	0.07478	0.18629	0.17870	0.34515	0.07624	0.01113	0.00292	0.00428	0.01512	0.00714	0.00673
12	0.01424	0.02293	0.32426	0.01880	0.08485	0.01343	0.01827	0.02066	0.04784	0.04702	0.13981	0.09261	0.02613	0.01508	0.07802	0.00336	0.00929	0.00894	0.00495	0.00953
13	0.00955	0.00674	0.00863	0.00976	0.01048	0.00630	0.00659	0.01115	0.01502	0.02042	0.12587	0.53087	0.07945	0.07778	0.01141	0.00318	0.00437	0.01845	0.03790	0.00608
14	0.01703	0.13474	0.12771	0.08200	0.08527	0.01758	0.03819	0.10072	0.09028	0.02650	0.13557	0.02616	0.04108	0.00985	0.00800	0.02896	0.00769	0.00773	0.00522	0.00973
15	0.02115	0.02450	0.02245	0.02317	0.14275	0.36244	0.08371	0.02374	0.01821	0.01967	0.01713	0.11306	0.01674	0.06699	0.00985	0.00259	0.01078	0.00817	0.00425	0.00866
16	0.01868	0.06521	0.04477	0.13086	0.04912	0.14984	0.06504	0.09592	0.05016	0.02350	0.04066	0.06654	0.01726	0.08302	0.01033	0.00268	0.00910	0.00772	0.00471	0.06487
17	0.05464	0.03792	0.11625	0.04490	0.13241	0.01518	0.01497	0.11913	0.05048	0.05081	0.06654	0.08758	0.01957	0.00929	0.00710	0.00213	0.00726	0.00783	0.00531	0.15069
18	0.07016	0.01501	0.08095	0.01621	0.04338	0.01360	0.08343	0.04199	0.08691	0.02425	0.05969	0.18191	0.10358	0.01313	0.00961	0.00255	0.07974	0.01114	0.00554	0.05722

[dist]
# distance from previous block
# <min> <max>
0	13

[block]
# block no. 7 follows, 27 sequences, length 8
# corresponding to MSA columns:
# 285-292
name=unknown_H
#
# <colnr> <probs for GDERKNQSTAVLIFYWHMCP>
#	G	D	E	R	K	N	Q	S	T	A	V	L	I	F	Y	W	H	M	C	P
0	0.02078	0.20796	0.11437	0.02198	0.13832	0.09847	0.05404	0.14276	0.05307	0.02644	0.04328	0.01787	0.01382	0.00766	0.00674	0.00208	0.00910	0.00611	0.00458	0.01059
1	0.01925	0.01884	0.07924	0.07055	0.34829	0.04222	0.01863	0.11929	0.01952	0.05226	0.01879	0.04385	0.04649	0.00824	0.00733	0.00219	0.00841	0.00726	0.00470	0.06465
2	0.08818	0.10974	0.02364	0.01697	0.02186	0.18952	0.08525	0.14624	0.05107	0.02693	0.03737	0.04751	0.01460	0.00857	0.00749	0.00211	0.03794	0.00660	0.00496	0.07346
3	0.01591	0.01730	0.13185	0.05440	0.04728	0.03859	0.07360	0.06600	0.07009	0.04766	0.08309	0.13032	0.05108	0.01136	0.00807	0.00240	0.02511	0.00985	0.10698	0.00905
4	0.00948	0.00681	0.00889	0.01020	0.01093	0.00638	0.00705	0.01108	0.01498	0.01997	0.10147	0.54892	0.08263	0.06539	0.01114	0.00321	0.00456	0.06394	0.00686	0.00610
5	0.02113	0.01917	0.05735	0.11384	0.13586	0.15184	0.04211	0.05850	0.01887	0.13649	0.02043	0.07412	0.01740	0.00981	0.00758	0.00235	0.00898	0.05648	0.03792	0.00977
6	0.01657	0.12928	0.17118	0.07532	0.08000	0.01876	0.08624	0.04749	0.04358	0.02190	0.01462	0.02038	0.01259	0.08804	0.01255	0.00284	0.10297	0.00662	0.00385	0.04522
7	0.01089	0.00756	0.00978	0.01032	0.01123	0.00759	0.00726	0.03533	0.01388	0.01848	0.03329	0.29950	0.09095	0.14773	0.13098	0.09815	0.00782	0.04782	0.00559	0.00584

[dist]
# distance from previous block
# <min> <max>
6	11

[block]
# block no. 8 follows, 27 sequences, length 12
# corresponding to MSA columns:
# 305-316
name=unknown_I
#
# <colnr> <probs for GDERKNQSTAVLIFYWHMCP>
#	G	D	E	R	K	N	Q	S	T	A	V	L	I	F	Y	W	H	M	C	P
0	0.01785	0.07475	0.14579	0.06214	0.10403	0.01613	0.05322	0.06619	0.03659	0.05607	0.01465	0.01708	0.01139	0.00691	0.00713	0.00190	0.03089	0.00569	0.00437	0.26723
1	0.00938	0.00730	0.00839	0.00860	0.01034	0.00646	0.00618	0.01144	0.01704	0.02195	0.21965	0.20466	0.36181	0.06005	0.01058	0.00284	0.00401	0.01596	0.00708	0.00630
2	0.01428	0.10556	0.05778	0.01408	0.01743	0.01502	0.05640	0.02055	0.13797	0.02189	0.09323	0.03225	0.07160	0.10040	0.14817	0.00477	0.06640	0.00878	0.00513	0.00832
3	0.01679	0.41367	0.18050	0.01553	0.05114	0.02182	0.01536	0.02069	0.01589	0.02060	0.08873	0.07471	0.01942	0.00883	0.00620	0.00198	0.00788	0.00682	0.00404	0.00940
4	0.01071	0.01070	0.06616	0.01401	0.05775	0.00849	0.04014	0.01340	0.01584	0.02116	0.09852	0.39651	0.15282	0.01853	0.00897	0.00276	0.00545	0.04458	0.00635	0.00713
5	0.01188	0.00911	0.01324	0.09502	0.01763	0.01057	0.01034	0.04540	0.01327	0.01857	0.01937	0.02956	0.01814	0.11971	0.52249	0.00985	0.01681	0.00803	0.00412	0.00688
6	0.01205	0.00859	0.01195	0.01152	0.01256	0.00983	0.00858	0.01390	0.01196	0.04504	0.02045	0.03334	0.02018	0.23883	0.44104	0.00954	0.07134	0.00860	0.00428	0.00641
7	0.02822	0.02079	0.02228	0.01708	0.02302	0.02302	0.01411	0.66804	0.03490	0.04679	0.01782	0.01782	0.01262	0.00891	0.00743	0.00223	0.00817	0.00668	0.00743	0.01262
8	0.02310	0.02756	0.28282	0.01865	0.02652	0.02080	0.01923	0.42050	0.02752	0.03785	0.01609	0.01700	0.01139	0.00820	0.00728	0.00228	0.00925	0.00622	0.00578	0.01199
9	0.01758	0.01865	0.02159	0.50555	0.04223	0.18100	0.01851	0.02293	0.06254	0.01962	0.01397	0.01882	0.01070	0.00766	0.00726	0.00234	0.01044	0.00629	0.00372	0.00858
10	0.02773	0.03538	0.02104	0.01913	0.02295	0.70930	0.01434	0.02964	0.02104	0.01817	0.01148	0.01339	0.00956	0.00765	0.00669	0.00191	0.01339	0.00478	0.00383	0.00861
11	0.02076	0.29238	0.05479	0.06053	0.02190	0.27663	0.01358	0.02357	0.01820	0.01995	0.11423	0.01974	0.01876	0.00827	0.00635	0.00191	0.00954	0.00594	0.00418	0.00878

[dist]
# distance from previous block
# <min> <max>
0	3

[block]
# block no. 9 follows, 27 sequences, length 30
# corresponding to MSA columns:
# 320-349
name=unknown_J
#
# <colnr> <probs for GDERKNQSTAVLIFYWHMCP>
#	G	D	E	R	K	N	Q	S	T	A	V	L	I	F	Y	W	H	M	C	P
0	0.05153	0.15907	0.13685	0.02207	0.10041	0.02038	0.13741	0.10258	0.04907	0.05272	0.03856	0.01856	0.01350	0.00785	0.00818	0.00227	0.05742	0.00658	0.00453	0.01046
1	0.05165	0.07283	0.11658	0.13669	0.08112	0.19199	0.04774	0.02537	0.09251	0.02181	0.01423	0.01723	0.01130	0.00807	0.00863	0.00231	0.08044	0.00600	0.00399	0.00954
2	0.03918	0.41119	0.16888	0.01694	0.05757	0.04673	0.01637	0.12183	0.01847	0.02396	0.01231	0.01397	0.01006	0.00695	0.00583	0.00190	0.00876	0.00486	0.00390	0.01035
3	0.05869	0.24678	0.13408	0.01715	0.04200	0.14406	0.01571	0.14533	0.04232	0.04324	0.01366	0.01510	0.01077	0.00764	0.00689	0.00205	0.03453	0.00527	0.00447	0.01027
4	0.02018	0.18525	0.12671	0.01666	0.05261	0.02036	0.01486	0.17803	0.15537	0.05227	0.06538	0.02278	0.04032	0.00894	0.00692	0.00218	0.00758	0.00701	0.00575	0.01086
5	0.00941	0.00765	0.00891	0.00943	0.01103	0.00715	0.00693	0.01114	0.01569	0.01965	0.05803	0.30243	0.39829	0.02015	0.00990	0.00277	0.04165	0.04679	0.00670	0.00631
6	0.01168	0.00786	0.00994	0.00935	0.01142	0.00709	0.00703	0.01475	0.01998	0.07265	0.50673	0.09163	0.17022	0.01581	0.00871	0.00240	0.00378	0.01380	0.00796	0.00721
7	0.01962	0.01076	0.01327	0.01154	0.01511	0.01010	0.00911	0.08779	0.04175	0.24769	0.15403	0.12312	0.16671	0.01431	0.00831	0.00248	0.00528	0.04175	0.00794	0.00931
8	0.01061	0.00795	0.01193	0.01193	0.01326	0.00928	0.00928	0.01326	0.01193	0.01723	0.01988	0.02916	0.01856	0.05568	0.70968	0.01193	0.01988	0.00795	0.00398	0.00663
9	0.01946	0.01075	0.01337	0.01149	0.01509	0.01026	0.00903	0.02564	0.13554	0.25548	0.29279	0.04189	0.10255	0.01260	0.00811	0.00237	0.00489	0.01074	0.00829	0.00967
10	0.01352	0.01023	0.01209	0.01085	0.01348	0.01031	0.00835	0.09753	0.10225	0.03127	0.47845	0.04869	0.10544	0.01407	0.00845	0.00236	0.00439	0.01216	0.00791	0.00822
11	0.01339	0.00796	0.01011	0.01024	0.01136	0.00772	0.00717	0.01466	0.01383	0.10102	0.03006	0.19181	0.03256	0.35746	0.05496	0.00536	0.00702	0.11112	0.00591	0.00628
12	0.01815	0.14946	0.16908	0.10786	0.12790	0.03616	0.03880	0.02272	0.01609	0.07656	0.01477	0.01885	0.01185	0.00761	0.00764	0.00213	0.04613	0.02510	0.00404	0.09910
13	0.02034	0.20128	0.02430	0.04498	0.06365	0.07685	0.01348	0.09449	0.32756	0.02724	0.02078	0.02070	0.01612	0.00850	0.00675	0.00219	0.00757	0.00664	0.00573	0.01089
14	0.01374	0.01146	0.01320	0.01080	0.01529	0.00994	0.00838	0.01939	0.11431	0.02542	0.15090	0.06941	0.11476	0.01064	0.00704	0.00182	0.00489	0.00901	0.00602	0.38357
15	0.01669	0.08737	0.09285	0.04547	0.05340	0.01533	0.10724	0.05121	0.05883	0.07966	0.02904	0.10957	0.12786	0.01135	0.00859	0.00239	0.04511	0.00978	0.00536	0.04290
16	0.01869	0.18183	0.07278	0.01738	0.04974	0.01950	0.08766	0.05528	0.25636	0.06066	0.02576	0.02557	0.07879	0.00916	0.00712	0.00226	0.00750	0.00772	0.00568	0.01056
17	0.02418	0.01514	0.01748	0.01455	0.01929	0.01598	0.01177	0.19194	0.24040	0.22597	0.07515	0.03005	0.02361	0.01055	0.00775	0.00243	0.00646	0.04774	0.00799	0.01157
18	0.08209	0.01308	0.02169	0.06838	0.11799	0.01317	0.16804	0.01858	0.05002	0.02277	0.02764	0.23067	0.07713	0.01462	0.03745	0.00298	0.00810	0.01197	0.00515	0.00847
19	0.01842	0.13550	0.05558	0.14520	0.12775	0.07792	0.13872	0.02236	0.01609	0.05205	0.01448	0.04585	0.01225	0.00831	0.00932	0.00235	0.09745	0.00699	0.00387	0.00954
20	0.00983	0.00932	0.05540	0.00984	0.01208	0.00718	0.00792	0.01254	0.01741	0.02317	0.26337	0.25177	0.25670	0.01809	0.00885	0.00258	0.00432	0.01580	0.00706	0.00676
21	0.01002	0.00700	0.00904	0.00977	0.01030	0.00700	0.00649	0.01098	0.01267	0.01702	0.03203	0.33683	0.06302	0.25261	0.14304	0.03841	0.00803	0.01471	0.00547	0.00555
22	0.01942	0.10546	0.11867	0.16487	0.11732	0.11970	0.08068	0.04718	0.05203	0.05340	0.01456	0.01768	0.01126	0.00757	0.00780	0.00226	0.03986	0.00622	0.00407	0.00998
23	0.02172	0.02236	0.04705	0.06907	0.02664	0.19989	0.13878	0.12001	0.11637	0.05771	0.01860	0.06405	0.01517	0.00916	0.00833	0.00236	0.03981	0.00772	0.00524	0.00997
24	0.01220	0.00660	0.00915	0.00930	0.00965	0.00646	0.00624	0.01037	0.01109	0.01505	0.02153	0.08830	0.07150	0.05713	0.02453	0.56599	0.00588	0.00866	0.05633	0.00401
25	0.09611	0.01986	0.09203	0.06878	0.15004	0.09425	0.01587	0.10387	0.09959	0.06898	0.01820	0.04893	0.01469	0.01223	0.06172	0.00305	0.00941	0.00701	0.00513	0.01024
26	0.04899	0.05386	0.07677	0.07834	0.02444	0.16050	0.01468	0.25463	0.04483	0.09833	0.03821	0.01902	0.01412	0.00845	0.00702	0.00217	0.00899	0.00634	0.02970	0.01062
27	0.14558	0.02026	0.07345	0.06474	0.17170	0.15892	0.01502	0.06240	0.01793	0.02530	0.04956	0.06926	0.05137	0.00933	0.00696	0.00225	0.00846	0.00750	0.03079	0.00921
28	0.08680	0.09059	0.02064	0.06658	0.07622	0.16894	0.03299	0.04238	0.01722	0.04636	0.04419	0.09033	0.01711	0.01080	0.03102	0.00242	0.03115	0.00731	0.00464	0.11231
29	0.05534	0.09640	0.06982	0.03663	0.04338	0.10483	0.03992	0.08022	0.05280	0.05590	0.06736	0.08760	0.04088	0.01004	0.00796	0.00219	0.04536	0.00800	0.00521	0.09016

[dist]
# distance from previous block
# <min> <max>
1	10

[block]
# block no. 10 follows, 27 sequences, length 15
# corresponding to MSA columns:
# 360-374
name=unknown_K
#
# <colnr> <probs for GDERKNQSTAVLIFYWHMCP>
#	G	D	E	R	K	N	Q	S	T	A	V	L	I	F	Y	W	H	M	C	P
0	0.04940	0.12590	0.05685	0.01597	0.05788	0.01688	0.01288	0.04158	0.08612	0.10370	0.02087	0.07960	0.03427	0.01698	0.11013	0.00375	0.11802	0.00785	0.00514	0.03622
1	0.00981	0.00781	0.00874	0.00884	0.01089	0.00707	0.00658	0.01270	0.04442	0.02195	0.17475	0.13422	0.41056	0.05815	0.01048	0.00284	0.00423	0.05240	0.00701	0.00654
2	0.01237	0.01438	0.13126	0.01437	0.03353	0.01073	0.03854	0.05792	0.01709	0.02346	0.12436	0.33760	0.09195	0.01650	0.00929	0.00268	0.03550	0.01448	0.00610	0.00786
3	0.08169	0.32902	0.20625	0.01794	0.02525	0.09097	0.10959	0.02348	0.01597	0.02128	0.01188	0.01420	0.00963	0.00669	0.00610	0.00201	0.00974	0.00513	0.00343	0.00976
4	0.00974	0.00751	0.00861	0.00836	0.01026	0.00669	0.00609	0.01210	0.01797	0.02354	0.33015	0.06205	0.35120	0.09897	0.01206	0.00297	0.00404	0.01416	0.00717	0.00638
5	0.02432	0.06586	0.08903	0.04696	0.05107	0.02074	0.04297	0.36700	0.09961	0.08974	0.01874	0.01912	0.01348	0.00846	0.00729	0.00226	0.00830	0.00673	0.00643	0.01185
6	0.01735	0.01435	0.01644	0.01192	0.01842	0.01190	0.00961	0.11780	0.01837	0.02764	0.01390	0.01576	0.01124	0.00602	0.00579	0.00127	0.00591	0.00475	0.00486	0.66668
7	0.01593	0.01110	0.01729	0.20040	0.12078	0.01180	0.01400	0.01904	0.01553	0.12320	0.02396	0.16838	0.02278	0.01926	0.11110	0.03103	0.00922	0.05143	0.00530	0.00848
8	0.01016	0.00801	0.00922	0.00883	0.01106	0.00729	0.00665	0.01387	0.05447	0.02549	0.37901	0.06112	0.34478	0.01652	0.00870	0.00242	0.00374	0.01416	0.00757	0.00693
9	0.01925	0.10727	0.05564	0.05616	0.02204	0.13723	0.01272	0.08354	0.01803	0.02388	0.01285	0.01517	0.01052	0.00682	0.00680	0.00165	0.03843	0.00491	0.00426	0.36285
10	0.01266	0.01013	0.01187	0.01089	0.01372	0.00977	0.00808	0.01867	0.14774	0.02383	0.14422	0.16984	0.09315	0.08212	0.05429	0.00331	0.00590	0.01171	0.00635	0.16176
11	0.02023	0.12983	0.13562	0.02264	0.12583	0.02195	0.05034	0.19835	0.02020	0.02789	0.01352	0.01645	0.01083	0.00863	0.01067	0.00238	0.16337	0.00614	0.00445	0.01067
12	0.01310	0.00972	0.01305	0.01239	0.01411	0.01100	0.00960	0.05761	0.03390	0.04783	0.04667	0.11228	0.07114	0.06086	0.37833	0.00770	0.07814	0.01006	0.00514	0.00739
13	0.01061	0.00744	0.00959	0.00970	0.01023	0.00791	0.00647	0.01170	0.01145	0.01577	0.02320	0.08605	0.02523	0.43234	0.29149	0.00872	0.01183	0.01039	0.00446	0.00541
14	0.02338	0.01936	0.05948	0.02136	0.13066	0.05950	0.01565	0.20777	0.06955	0.13563	0.01774	0.01903	0.01321	0.00895	0.00993	0.00234	0.12128	0.00659	0.00583	0.05276

[dist]
# distance from previous block
# <min> <max>
0	1

[block]
# block no. 11 follows, 27 sequences, length 6
# corresponding to MSA columns:
# 376-378,383-385
name=unknown_L
#
# <colnr> <probs for GDERKNQSTAVLIFYWHMCP>
#	G	D	E	R	K	N	Q	S	T	A	V	L	I	F	Y	W	H	M	C	P
0	0.01271	0.00938	0.01136	0.06796	0.01426	0.00961	0.00750	0.06511	0.01392	0.01881	0.02394	0.04036	0.06117	0.44813	0.09547	0.00609	0.00842	0.00958	0.00471	0.07150
1	0.02238	0.09624	0.06588	0.05782	0.13542	0.15096	0.07078	0.12353	0.06153	0.08118	0.01594	0.01772	0.01215	0.00754	0.00700	0.00211	0.00943	0.00618	0.00491	0.05130
2	0.14790	0.04393	0.10936	0.04947	0.09481	0.01498	0.04026	0.02069	0.05825	0.05737	0.02433	0.07871	0.09250	0.06897	0.01089	0.00284	0.06243	0.00859	0.00489	0.00884
3	0.01813	0.12757	0.11029	0.08373	0.11017	0.09304	0.05986	0.02519	0.12399	0.02328	0.01621	0.01848	0.01279	0.00734	0.00666	0.00204	0.00864	0.00608	0.04846	0.09805
4	0.01605	0.11535	0.04302	0.01761	0.11090	0.04269	0.04619	0.02155	0.09981	0.06120	0.17961	0.09308	0.09924	0.01181	0.00771	0.00230	0.00653	0.01023	0.00601	0.00911
5	0.01814	0.17313	0.23093	0.07849	0.10419	0.05829	0.01923	0.06549	0.05462	0.02321	0.01363	0.01629	0.01080	0.00763	0.00801	0.00219	0.06681	0.00564	0.00385	0.03940

[dist]
# distance from previous block
# <min> <max>
0	28

# created by:
# /home/berkeley/.conda/envs/busco_data_prod/bin/msa2prfl.pl pipeline/OGs_align_augustus/4893/38734.fs
