[name]
unknown

[dist]
# distance from previous block
# <min> <max>
0	27

[block]
# block no. 0 follows, 30 sequences, length 12
# corresponding to MSA columns:
# 27-38
name=unknown_A
#
# <colnr> <probs for GDERKNQSTAVLIFYWHMCP>
#	G	D	E	R	K	N	Q	S	T	A	V	L	I	F	Y	W	H	M	C	P
0	0.01670	0.01229	0.01469	0.01379	0.01688	0.01311	0.01165	0.24340	0.06308	0.02959	0.06732	0.05310	0.03090	0.01472	0.00851	0.00273	0.00662	0.36563	0.00672	0.00855
1	0.06274	0.01830	0.01974	0.01530	0.02072	0.02006	0.01260	0.56215	0.06335	0.10712	0.01803	0.01763	0.01265	0.00837	0.00687	0.00212	0.00730	0.00632	0.00702	0.01163
2	0.07489	0.01605	0.01826	0.01416	0.01954	0.01672	0.01167	0.36997	0.05285	0.30170	0.02094	0.01949	0.01406	0.00841	0.00684	0.00213	0.00679	0.00648	0.00746	0.01158
3	0.00851	0.00679	0.00763	0.00803	0.00974	0.00591	0.00579	0.01029	0.01561	0.01960	0.13458	0.26341	0.44255	0.01850	0.00844	0.00248	0.00366	0.01597	0.00662	0.00591
4	0.13089	0.39583	0.07815	0.01457	0.05218	0.12359	0.01288	0.05447	0.01590	0.02114	0.03670	0.01377	0.01113	0.00671	0.00525	0.00177	0.00801	0.00453	0.00365	0.00889
5	0.02324	0.05992	0.02411	0.02426	0.20064	0.32925	0.06175	0.09354	0.01962	0.07875	0.01355	0.01550	0.01060	0.00703	0.00663	0.00195	0.01012	0.00555	0.00428	0.00969
6	0.00850	0.00607	0.00810	0.00972	0.01012	0.00567	0.00648	0.00972	0.01336	0.01781	0.03846	0.75020	0.04615	0.02186	0.00891	0.00283	0.00405	0.01984	0.00648	0.00567
7	0.01015	0.00677	0.00761	0.00761	0.00761	0.00677	0.00423	0.01015	0.01015	0.01353	0.02199	0.04567	0.02537	0.75476	0.03552	0.00677	0.00677	0.01015	0.00423	0.00423
8	0.74092	0.01336	0.01074	0.00944	0.01385	0.01521	0.00778	0.02162	0.01254	0.08725	0.01117	0.01235	0.00835	0.00665	0.00454	0.00216	0.00544	0.00404	0.00467	0.00791
9	0.02328	0.11502	0.06197	0.01835	0.09693	0.11660	0.01419	0.29560	0.04918	0.08668	0.01554	0.01625	0.01158	0.00750	0.00647	0.00195	0.00821	0.00567	0.00541	0.04362
10	0.01486	0.01098	0.05428	0.01064	0.01394	0.00921	0.00886	0.08700	0.01962	0.12868	0.32534	0.09811	0.13708	0.01312	0.00777	0.00221	0.00473	0.01125	0.00707	0.03525
11	0.06399	0.26309	0.08178	0.11978	0.10122	0.04669	0.01469	0.07052	0.05463	0.06411	0.01473	0.04970	0.01230	0.00755	0.00603	0.00198	0.00778	0.00588	0.00418	0.00937

[dist]
# distance from previous block
# <min> <max>
0	3

[block]
# block no. 1 follows, 30 sequences, length 12
# corresponding to MSA columns:
# 42-53
name=unknown_B
#
# <colnr> <probs for GDERKNQSTAVLIFYWHMCP>
#	G	D	E	R	K	N	Q	S	T	A	V	L	I	F	Y	W	H	M	C	P
0	0.01858	0.05192	0.04629	0.05188	0.48508	0.08561	0.01890	0.02388	0.07765	0.05150	0.01469	0.01756	0.01183	0.00673	0.00675	0.00206	0.00841	0.00609	0.00397	0.01060
1	0.06808	0.00779	0.00921	0.00950	0.01116	0.00756	0.00686	0.01405	0.05884	0.05065	0.18943	0.36947	0.13711	0.01713	0.00814	0.00252	0.00408	0.01506	0.00672	0.00664
2	0.08735	0.11161	0.33544	0.01699	0.02434	0.01674	0.07912	0.02401	0.09310	0.07982	0.05419	0.01851	0.01421	0.00739	0.00649	0.00215	0.00837	0.00603	0.00433	0.00982
3	0.02453	0.08693	0.04617	0.01836	0.08492	0.05423	0.01432	0.51402	0.02838	0.03758	0.01537	0.01604	0.01130	0.00785	0.00671	0.00203	0.00803	0.00593	0.00601	0.01130
4	0.20147	0.02149	0.01744	0.01470	0.01924	0.23435	0.01166	0.23961	0.07848	0.07515	0.01501	0.01548	0.01115	0.00769	0.00618	0.00205	0.00837	0.00535	0.00546	0.00967
5	0.00960	0.00709	0.00901	0.00897	0.01060	0.00651	0.00679	0.01243	0.01815	0.02484	0.47698	0.12854	0.16405	0.01604	0.00843	0.00238	0.00369	0.07228	0.00725	0.00637
6	0.11122	0.13680	0.02060	0.01400	0.01901	0.13721	0.01161	0.20147	0.06954	0.18692	0.01715	0.01684	0.01236	0.00772	0.00619	0.00199	0.00766	0.00558	0.00587	0.01024
7	0.02028	0.16768	0.05164	0.02888	0.37886	0.04749	0.01730	0.07394	0.01747	0.11049	0.01441	0.01654	0.01132	0.00669	0.00640	0.00196	0.00803	0.00571	0.00427	0.01065
8	0.00847	0.00618	0.00798	0.00942	0.01004	0.00569	0.00635	0.00975	0.01364	0.01793	0.04202	0.67482	0.11924	0.02140	0.00883	0.00278	0.00399	0.01927	0.00648	0.00569
9	0.01000	0.00670	0.00766	0.00780	0.00784	0.00666	0.00443	0.01011	0.01044	0.01392	0.02350	0.11037	0.02728	0.68745	0.03307	0.00640	0.00652	0.01104	0.00443	0.00436
10	0.17012	0.04266	0.02204	0.01793	0.06539	0.08290	0.10174	0.28628	0.02260	0.10025	0.01515	0.01618	0.01102	0.00739	0.00650	0.00210	0.00810	0.00590	0.00553	0.01025
11	0.10054	0.01688	0.02295	0.08592	0.12725	0.04227	0.12421	0.16385	0.15279	0.06748	0.01734	0.01884	0.01291	0.00751	0.00690	0.00221	0.00800	0.00662	0.00527	0.01024

[dist]
# distance from previous block
# <min> <max>
1	4

[block]
# block no. 2 follows, 30 sequences, length 10
# corresponding to MSA columns:
# 58-67
name=unknown_C
#
# <colnr> <probs for GDERKNQSTAVLIFYWHMCP>
#	G	D	E	R	K	N	Q	S	T	A	V	L	I	F	Y	W	H	M	C	P
0	0.44189	0.01795	0.04915	0.06007	0.13511	0.12317	0.01245	0.02218	0.01429	0.05105	0.01138	0.01356	0.00888	0.00666	0.00542	0.00210	0.00746	0.00462	0.00408	0.00852
1	0.01643	0.01324	0.01518	0.01138	0.01679	0.03217	0.00913	0.05848	0.01622	0.07060	0.05686	0.01757	0.01426	0.00660	0.00658	0.00138	0.04504	0.00510	0.00475	0.58226
2	0.00945	0.05386	0.00979	0.00834	0.01038	0.00743	0.00631	0.01163	0.01658	0.02139	0.26081	0.17138	0.35472	0.01657	0.00812	0.00233	0.00379	0.01422	0.00664	0.00626
3	0.01885	0.50095	0.10527	0.04737	0.06805	0.09528	0.01457	0.04462	0.01555	0.01853	0.01070	0.01264	0.00920	0.00631	0.00525	0.00170	0.00842	0.00432	0.00322	0.00920
4	0.03968	0.09837	0.19435	0.01840	0.11487	0.03455	0.01565	0.04729	0.10531	0.15228	0.09244	0.02180	0.01857	0.00814	0.00669	0.00211	0.00739	0.00664	0.00531	0.01017
5	0.05100	0.01314	0.01663	0.03781	0.06898	0.01392	0.05079	0.17970	0.13577	0.04516	0.07320	0.18851	0.07125	0.01218	0.00756	0.00236	0.00612	0.01060	0.00624	0.00906
6	0.01765	0.01852	0.11290	0.02482	0.21368	0.01603	0.12479	0.17716	0.01978	0.02758	0.05775	0.07100	0.01664	0.00825	0.00721	0.00213	0.00815	0.00764	0.00475	0.06357
7	0.01218	0.00829	0.01076	0.01124	0.05866	0.00743	0.00769	0.01473	0.01730	0.09626	0.29037	0.16108	0.21789	0.01488	0.00801	0.00228	0.00417	0.01297	0.00686	0.03696
8	0.01687	0.01648	0.02567	0.03783	0.59538	0.05831	0.01936	0.02057	0.01586	0.02193	0.01567	0.09455	0.01464	0.00793	0.00708	0.00214	0.00810	0.00755	0.00378	0.01030
9	0.02051	0.01549	0.01889	0.06661	0.09374	0.05798	0.03082	0.21038	0.07421	0.12722	0.05326	0.11657	0.01983	0.01031	0.00821	0.00228	0.04930	0.00852	0.00604	0.00984

[dist]
# distance from previous block
# <min> <max>
0	1

[block]
# block no. 3 follows, 30 sequences, length 19
# corresponding to MSA columns:
# 69-87
name=unknown_D
#
# <colnr> <probs for GDERKNQSTAVLIFYWHMCP>
#	G	D	E	R	K	N	Q	S	T	A	V	L	I	F	Y	W	H	M	C	P
0	0.04353	0.01477	0.06485	0.01952	0.16925	0.01381	0.01341	0.05909	0.10771	0.14077	0.02486	0.08754	0.08110	0.01006	0.00833	0.00225	0.06557	0.00827	0.00556	0.05974
1	0.01357	0.01264	0.02045	0.67054	0.04527	0.01568	0.01860	0.01962	0.07775	0.01889	0.01389	0.01930	0.01042	0.00721	0.00699	0.00233	0.00895	0.00636	0.00347	0.00806
2	0.01700	0.01477	0.01665	0.01662	0.08237	0.01679	0.01181	0.03451	0.60355	0.02854	0.05844	0.02643	0.02241	0.00939	0.00714	0.00233	0.00568	0.00795	0.00679	0.01084
3	0.01173	0.00879	0.04198	0.00951	0.01187	0.00719	0.00764	0.01480	0.01846	0.08974	0.47080	0.11815	0.13335	0.01455	0.00811	0.00227	0.00396	0.01272	0.00729	0.00708
4	0.01071	0.00789	0.00972	0.01041	0.01161	0.00784	0.00732	0.07456	0.05248	0.02136	0.06731	0.58553	0.06753	0.01944	0.00857	0.00269	0.00441	0.01741	0.00661	0.00659
5	0.01556	0.08480	0.09694	0.01274	0.01911	0.01242	0.04719	0.01982	0.03744	0.05361	0.04483	0.01692	0.01323	0.00615	0.00572	0.00143	0.00628	0.00507	0.00432	0.49644
6	0.09749	0.11722	0.25480	0.01542	0.02192	0.01679	0.04581	0.10138	0.07285	0.04595	0.06092	0.05759	0.01621	0.00826	0.00645	0.00210	0.00768	0.00662	0.00465	0.03988
7	0.01401	0.03904	0.05124	0.01227	0.04117	0.03401	0.00954	0.09724	0.01826	0.04941	0.18079	0.19243	0.12306	0.01325	0.00752	0.00218	0.00535	0.01137	0.00611	0.09175
8	0.01767	0.01824	0.11150	0.06311	0.25115	0.03624	0.01673	0.09612	0.10588	0.05642	0.04937	0.02122	0.03733	0.00800	0.00748	0.00213	0.03410	0.00673	0.00478	0.05579
9	0.07880	0.01965	0.17233	0.14577	0.16522	0.04080	0.08047	0.02338	0.04047	0.12333	0.03338	0.01864	0.01259	0.00714	0.00682	0.00219	0.00858	0.00627	0.00436	0.00980
10	0.01722	0.04338	0.16573	0.15539	0.20460	0.01595	0.01815	0.05583	0.09527	0.07709	0.01576	0.01807	0.01186	0.00702	0.00668	0.00209	0.00809	0.00601	0.00432	0.07150
11	0.05205	0.05609	0.24233	0.05949	0.14923	0.01593	0.10570	0.04348	0.04072	0.07011	0.04604	0.01838	0.01323	0.00700	0.00675	0.00211	0.00859	0.00622	0.00413	0.05242
12	0.01588	0.12227	0.25656	0.10282	0.06248	0.04198	0.08861	0.04279	0.01636	0.04445	0.09707	0.02007	0.01654	0.00750	0.00672	0.00207	0.00868	0.00641	0.00401	0.03673
13	0.02117	0.09104	0.16614	0.01719	0.04865	0.11485	0.04517	0.10815	0.11924	0.14366	0.04380	0.01925	0.01483	0.00786	0.00670	0.00209	0.00831	0.00625	0.00534	0.01029
14	0.01593	0.11180	0.20209	0.01892	0.08945	0.01587	0.08904	0.02141	0.05873	0.07717	0.09855	0.04867	0.04893	0.00908	0.00817	0.00222	0.06247	0.00760	0.00461	0.00930
15	0.03801	0.05652	0.34846	0.01825	0.05532	0.04118	0.05533	0.04574	0.08149	0.08124	0.07203	0.01969	0.01570	0.00763	0.00674	0.00213	0.00849	0.00628	0.00449	0.03530
16	0.01655	0.10323	0.27830	0.01946	0.07299	0.03759	0.09948	0.06970	0.07941	0.04235	0.04125	0.04253	0.01485	0.04232	0.00815	0.00236	0.00874	0.00679	0.00425	0.00970
17	0.07565	0.15322	0.16557	0.02092	0.16543	0.03241	0.03778	0.06943	0.07768	0.08065	0.01489	0.01634	0.01137	0.00687	0.00621	0.00199	0.00792	0.00554	0.00436	0.04577
18	0.01679	0.14434	0.09917	0.03592	0.15567	0.06549	0.08859	0.04461	0.05588	0.02271	0.08272	0.01943	0.01623	0.00719	0.00648	0.00189	0.00795	0.00624	0.00418	0.11853

[dist]
# distance from previous block
# <min> <max>
4	49

[block]
# block no. 4 follows, 30 sequences, length 37
# corresponding to MSA columns:
# 138-174
name=unknown_E
#
# <colnr> <probs for GDERKNQSTAVLIFYWHMCP>
#	G	D	E	R	K	N	Q	S	T	A	V	L	I	F	Y	W	H	M	C	P
0	0.01919	0.01709	0.09187	0.04925	0.21468	0.01527	0.05877	0.13449	0.07232	0.11865	0.05768	0.04256	0.03272	0.00833	0.00711	0.00215	0.00751	0.00736	0.00537	0.03762
1	0.01533	0.01404	0.02033	0.05115	0.30444	0.03973	0.03783	0.05562	0.01712	0.02377	0.12041	0.07422	0.06047	0.00912	0.00708	0.00201	0.00682	0.00826	0.00475	0.12751
2	0.01699	0.01552	0.05455	0.13125	0.41145	0.01477	0.01815	0.04231	0.01633	0.07216	0.04001	0.05354	0.01474	0.00754	0.00694	0.00209	0.00775	0.00696	0.00420	0.06276
3	0.01797	0.01632	0.02626	0.14862	0.40312	0.04773	0.08823	0.04848	0.01669	0.07057	0.01501	0.04264	0.01228	0.00713	0.00711	0.00216	0.00868	0.00687	0.00402	0.01012
4	0.01730	0.01504	0.02567	0.05531	0.40608	0.01502	0.10081	0.02119	0.01606	0.08668	0.05632	0.05279	0.01618	0.00789	0.00806	0.00218	0.04793	0.00745	0.00432	0.03772
5	0.01758	0.01580	0.02551	0.13534	0.46027	0.01649	0.04211	0.04781	0.09567	0.05145	0.01554	0.01877	0.01226	0.00687	0.00699	0.00216	0.00812	0.00651	0.00417	0.01059
6	0.01812	0.01530	0.02483	0.12105	0.48788	0.01548	0.01882	0.02296	0.05245	0.09540	0.01533	0.01845	0.01201	0.00669	0.00686	0.00208	0.00787	0.00629	0.00418	0.04797
7	0.01516	0.01422	0.02236	0.13781	0.32171	0.03698	0.06244	0.03514	0.03150	0.02239	0.08450	0.09940	0.02096	0.00932	0.00738	0.00223	0.00766	0.03233	0.00443	0.03208
8	0.01914	0.01536	0.04441	0.12035	0.28207	0.01523	0.01623	0.10879	0.07479	0.11853	0.03909	0.02010	0.01434	0.00822	0.00783	0.03722	0.00749	0.00656	0.00499	0.03927
9	0.04661	0.11902	0.04412	0.13304	0.21222	0.14087	0.06398	0.02248	0.05784	0.02078	0.03578	0.01728	0.01229	0.00717	0.00717	0.00207	0.03841	0.00592	0.00373	0.00921
10	0.11741	0.17100	0.08700	0.07659	0.07101	0.14225	0.03611	0.04294	0.08780	0.05043	0.04446	0.01710	0.01323	0.00731	0.00609	0.00200	0.00827	0.00556	0.00430	0.00913
11	0.01812	0.40066	0.23259	0.01468	0.02166	0.02199	0.01585	0.04563	0.08919	0.05950	0.01378	0.01472	0.01082	0.00677	0.00562	0.00185	0.00801	0.00487	0.00387	0.00984
12	0.07112	0.16214	0.48543	0.01731	0.02592	0.04977	0.02081	0.02256	0.01489	0.05215	0.01241	0.01417	0.00915	0.00662	0.00609	0.00206	0.00937	0.00486	0.00333	0.00985
13	0.02110	0.29432	0.14010	0.01648	0.02220	0.31569	0.03946	0.04098	0.01715	0.01853	0.01095	0.01277	0.00908	0.00664	0.00578	0.00178	0.01022	0.00451	0.00335	0.00891
14	0.01920	0.44873	0.15473	0.01370	0.02015	0.02222	0.01413	0.02464	0.09673	0.10407	0.01461	0.01513	0.01142	0.00683	0.00549	0.00181	0.00756	0.00489	0.00416	0.00981
15	0.06774	0.36500	0.08626	0.04171	0.02236	0.12875	0.08881	0.02168	0.01484	0.01866	0.01063	0.01320	0.00908	0.00686	0.00717	0.00191	0.07860	0.00478	0.00323	0.00873
16	0.00858	0.00613	0.00817	0.00966	0.01014	0.00572	0.00648	0.00991	0.01372	0.01838	0.07588	0.71116	0.04726	0.02144	0.00887	0.00280	0.00401	0.01943	0.00655	0.00572
17	0.01400	0.03610	0.71860	0.01989	0.03020	0.01621	0.02578	0.02210	0.01473	0.02210	0.01252	0.01473	0.00884	0.00663	0.00663	0.00221	0.01031	0.00516	0.00295	0.01031
18	0.15953	0.11238	0.15826	0.01368	0.01966	0.03935	0.01333	0.09118	0.03643	0.22428	0.05386	0.01871	0.01473	0.00777	0.00619	0.00207	0.00715	0.00583	0.00561	0.01001
19	0.01623	0.06000	0.10030	0.20121	0.32577	0.04435	0.09116	0.02082	0.01528	0.02075	0.01261	0.01691	0.01011	0.00659	0.00732	0.00216	0.02934	0.00611	0.00329	0.00969
20	0.00997	0.00748	0.01121	0.01121	0.01246	0.00872	0.00872	0.01246	0.01121	0.01620	0.01869	0.02741	0.01745	0.05234	0.72710	0.01121	0.01869	0.00748	0.00374	0.00623
21	0.01013	0.00723	0.00977	0.00988	0.01065	0.00789	0.00709	0.01167	0.01112	0.01545	0.02129	0.03833	0.02221	0.33272	0.39890	0.00887	0.01304	0.05421	0.00412	0.00544
22	0.02705	0.01591	0.04586	0.01516	0.02080	0.01511	0.05881	0.23773	0.07592	0.37826	0.02273	0.02105	0.01511	0.00835	0.00708	0.00217	0.00702	0.00687	0.00743	0.01158
23	0.04292	0.01746	0.05552	0.03944	0.59129	0.01665	0.09097	0.02151	0.01577	0.02300	0.01310	0.01714	0.01080	0.00621	0.00695	0.00211	0.00864	0.00631	0.00347	0.01074
24	0.00918	0.00677	0.00866	0.00970	0.01062	0.00642	0.00678	0.01163	0.04486	0.02002	0.14061	0.54145	0.09482	0.01979	0.00870	0.00270	0.00405	0.04048	0.00668	0.00609
25	0.01077	0.00691	0.00919	0.01027	0.01138	0.00643	0.00746	0.01245	0.01448	0.07502	0.03930	0.54410	0.08321	0.02013	0.00883	0.00281	0.00454	0.11978	0.00664	0.00630
26	0.19232	0.16256	0.15085	0.05917	0.10426	0.10636	0.06356	0.04703	0.01552	0.02313	0.01149	0.01393	0.00912	0.00652	0.00585	0.00201	0.00867	0.00495	0.00360	0.00911
27	0.04412	0.18354	0.33499	0.02056	0.11841	0.04970	0.04920	0.02205	0.03881	0.02163	0.04535	0.01645	0.01233	0.00688	0.00628	0.00203	0.00892	0.00551	0.00350	0.00974
28	0.07870	0.35842	0.26420	0.01459	0.02188	0.02111	0.01616	0.05710	0.01537	0.04164	0.01169	0.01323	0.00927	0.00640	0.00544	0.00182	0.00813	0.00447	0.00351	0.04688
29	0.04824	0.09293	0.21379	0.01737	0.06478	0.01770	0.03515	0.19435	0.08395	0.04486	0.01777	0.01867	0.04261	0.00766	0.00650	0.00203	0.00782	0.00606	0.00487	0.07287
30	0.04498	0.12610	0.18111	0.02108	0.16387	0.04959	0.01677	0.10003	0.12840	0.05626	0.01581	0.01701	0.01206	0.00718	0.00638	0.00204	0.00801	0.00572	0.00455	0.03305
31	0.06559	0.12283	0.20564	0.02074	0.13536	0.05523	0.04400	0.09994	0.07536	0.04154	0.03296	0.01696	0.01239	0.00736	0.00701	0.00210	0.03492	0.00579	0.00426	0.01001
32	0.01776	0.21493	0.27714	0.02286	0.18182	0.01908	0.05090	0.04701	0.01598	0.07100	0.01323	0.01531	0.01017	0.00654	0.00625	0.00199	0.00878	0.00535	0.00365	0.01026
33	0.01838	0.12417	0.20722	0.02290	0.16640	0.06907	0.09213	0.06884	0.01727	0.07092	0.04156	0.01733	0.01265	0.00693	0.00661	0.00202	0.00889	0.00595	0.00407	0.03669
34	0.03991	0.09406	0.19291	0.06928	0.11533	0.08176	0.03848	0.07410	0.07238	0.06945	0.01549	0.03789	0.01218	0.00742	0.00652	0.00205	0.00848	0.00603	0.00433	0.05195
35	0.09477	0.04515	0.14567	0.01935	0.15790	0.03445	0.01474	0.02236	0.05550	0.11816	0.06568	0.04876	0.04138	0.00857	0.00725	0.00211	0.03655	0.00694	0.00490	0.06981
36	0.08368	0.14859	0.13707	0.01709	0.10568	0.04167	0.01407	0.04200	0.09328	0.11167	0.04439	0.03730	0.04552	0.00815	0.00632	0.00203	0.00714	0.00647	0.00492	0.04296

[dist]
# distance from previous block
# <min> <max>
2	24

[block]
# block no. 5 follows, 30 sequences, length 52
# corresponding to MSA columns:
# 199-250
name=unknown_F
#
# <colnr> <probs for GDERKNQSTAVLIFYWHMCP>
#	G	D	E	R	K	N	Q	S	T	A	V	L	I	F	Y	W	H	M	C	P
0	0.08804	0.05946	0.26083	0.01862	0.08500	0.03721	0.04853	0.07609	0.08060	0.10863	0.05738	0.01914	0.01483	0.00762	0.00662	0.00215	0.00810	0.00620	0.00483	0.01011
1	0.05529	0.09103	0.10285	0.01518	0.07548	0.01393	0.03274	0.02173	0.14762	0.04908	0.10059	0.06652	0.09548	0.00982	0.00679	0.00208	0.00616	0.00826	0.00532	0.09406
2	0.04121	0.01902	0.10542	0.02535	0.27444	0.05278	0.01675	0.12734	0.08427	0.06395	0.05425	0.01944	0.01500	0.00772	0.00736	0.00212	0.03289	0.00642	0.00485	0.03943
3	0.08323	0.01604	0.09876	0.01783	0.12682	0.01384	0.01338	0.10689	0.09357	0.12016	0.06312	0.08088	0.01981	0.00938	0.00689	0.00216	0.00658	0.03178	0.00569	0.08318
4	0.04759	0.03932	0.06736	0.05443	0.16444	0.01606	0.03732	0.11243	0.17033	0.07537	0.03593	0.01972	0.01479	0.00753	0.00664	0.00204	0.00707	0.00639	0.00526	0.10997
5	0.01728	0.03693	0.09262	0.09693	0.05048	0.03063	0.07255	0.07394	0.08653	0.10991	0.12886	0.05580	0.02255	0.00917	0.00754	0.00216	0.02600	0.00791	0.00549	0.06674
6	0.15015	0.01607	0.05612	0.01413	0.01909	0.01603	0.04320	0.19281	0.18104	0.14537	0.07747	0.02214	0.01855	0.00864	0.00672	0.00221	0.00648	0.00693	0.00652	0.01032
7	0.02025	0.02315	0.21830	0.02160	0.11702	0.04364	0.08291	0.20609	0.08883	0.08419	0.01663	0.01779	0.01205	0.00744	0.00698	0.00217	0.00872	0.00630	0.00506	0.01086
8	0.06091	0.01489	0.01980	0.07034	0.09914	0.04052	0.05896	0.14114	0.04386	0.29516	0.06716	0.02213	0.01730	0.00827	0.00701	0.00216	0.00717	0.00699	0.00651	0.01058
9	0.02988	0.01183	0.01591	0.01236	0.01755	0.01043	0.01015	0.03335	0.04981	0.65968	0.05344	0.02493	0.01930	0.00889	0.00707	0.00217	0.00582	0.00727	0.00853	0.01164
10	0.01853	0.01654	0.02523	0.03448	0.50731	0.01707	0.01854	0.13603	0.07357	0.02715	0.04550	0.01942	0.01442	0.00720	0.00699	0.00211	0.00774	0.00664	0.00453	0.01100
11	0.01579	0.01397	0.02217	0.13044	0.40049	0.01426	0.01695	0.02075	0.06189	0.04787	0.10168	0.02455	0.04838	0.00806	0.00708	0.00211	0.00721	0.00741	0.00451	0.04443
12	0.01177	0.00971	0.01113	0.01157	0.06091	0.03446	0.00793	0.03500	0.03792	0.03811	0.20349	0.13534	0.29004	0.01454	0.00783	0.00223	0.00457	0.01247	0.00636	0.06460
13	0.01926	0.70004	0.03520	0.01243	0.01821	0.08437	0.01207	0.02146	0.01463	0.01647	0.00979	0.01131	0.00896	0.00607	0.00462	0.00152	0.00788	0.00379	0.00303	0.00888
14	0.00929	0.00655	0.00858	0.00991	0.01046	0.00629	0.00694	0.01065	0.01327	0.01760	0.03523	0.50198	0.04134	0.15299	0.01382	0.00361	0.00497	0.13490	0.00606	0.00555
15	0.01704	0.01635	0.02791	0.08163	0.67421	0.01652	0.02130	0.02122	0.01578	0.02252	0.01309	0.01735	0.01096	0.00626	0.00691	0.00209	0.00835	0.00622	0.00343	0.01087
16	0.01419	0.06613	0.69026	0.01956	0.02969	0.01668	0.02521	0.02205	0.01471	0.02186	0.01241	0.01459	0.00884	0.00660	0.00654	0.00218	0.01019	0.00510	0.00295	0.01026
17	0.02034	0.35229	0.16466	0.01558	0.06050	0.05934	0.01468	0.02383	0.01573	0.16063	0.01461	0.01616	0.01136	0.03437	0.00681	0.00202	0.00802	0.00511	0.00424	0.00972
18	0.01426	0.07644	0.68053	0.01945	0.02952	0.01684	0.02501	0.02203	0.01470	0.02178	0.01237	0.01454	0.00885	0.00659	0.00651	0.00217	0.01015	0.00508	0.00295	0.01024
19	0.00850	0.00607	0.00810	0.00972	0.01012	0.00567	0.00648	0.00972	0.01336	0.01781	0.03846	0.75020	0.04615	0.02186	0.00891	0.00283	0.00405	0.01984	0.00648	0.00567
20	0.01806	0.02988	0.53386	0.01901	0.05183	0.01486	0.02209	0.02479	0.01597	0.18017	0.01596	0.01688	0.01084	0.00707	0.00673	0.00219	0.00924	0.00562	0.00426	0.01070
21	0.01727	0.01658	0.02832	0.04283	0.71123	0.01658	0.02142	0.02142	0.01589	0.02280	0.01313	0.01727	0.01105	0.00622	0.00691	0.00207	0.00829	0.00622	0.00345	0.01105
22	0.03131	0.01188	0.01619	0.01242	0.01781	0.01026	0.01026	0.03401	0.01997	0.71606	0.02753	0.02375	0.01727	0.00864	0.00702	0.00216	0.00594	0.00702	0.00864	0.01188
23	0.01597	0.11062	0.52132	0.05042	0.05569	0.05358	0.02254	0.02258	0.01517	0.05159	0.01281	0.01491	0.00934	0.00667	0.00642	0.00211	0.00981	0.00514	0.00326	0.01004
24	0.01335	0.01258	0.02125	0.70807	0.07660	0.01555	0.01947	0.01798	0.01404	0.01804	0.01243	0.01855	0.00938	0.00694	0.00697	0.00231	0.00926	0.00620	0.00312	0.00789
25	0.01736	0.01499	0.01578	0.01420	0.01815	0.01736	0.01105	0.03708	0.69862	0.02919	0.02840	0.02604	0.02130	0.00947	0.00710	0.00237	0.00552	0.00789	0.00710	0.01105
26	0.00950	0.00703	0.00887	0.00859	0.01024	0.00640	0.00637	0.01238	0.01860	0.02567	0.54993	0.11483	0.16480	0.01546	0.00829	0.00228	0.00340	0.01357	0.00739	0.00640
27	0.01015	0.00677	0.00761	0.00761	0.00761	0.00677	0.00423	0.01015	0.01015	0.01353	0.02199	0.04567	0.02537	0.75476	0.03552	0.00677	0.00677	0.01015	0.00423	0.00423
28	0.00934	0.00711	0.00858	0.00821	0.01009	0.00636	0.00616	0.01213	0.01848	0.02497	0.49705	0.05709	0.27822	0.01539	0.00824	0.00225	0.00337	0.01332	0.00728	0.00636
29	0.80405	0.01350	0.01026	0.00918	0.01350	0.01565	0.00756	0.02051	0.01188	0.03131	0.00972	0.01134	0.00756	0.00648	0.00432	0.00216	0.00540	0.00378	0.00432	0.00756
30	0.02607	0.03326	0.01978	0.01798	0.02157	0.72674	0.01348	0.02787	0.01978	0.01708	0.01079	0.01258	0.00899	0.00719	0.00629	0.00180	0.01258	0.00449	0.00360	0.00809
31	0.00935	0.00689	0.00874	0.00875	0.01022	0.00629	0.00638	0.01197	0.01780	0.02446	0.47079	0.20846	0.15122	0.01642	0.00838	0.00236	0.00349	0.01451	0.00725	0.00629
32	0.01607	0.01273	0.01464	0.01145	0.01660	0.01127	0.00903	0.08311	0.11531	0.05394	0.01860	0.09710	0.01627	0.00806	0.00610	0.00157	0.00536	0.00671	0.00527	0.49081
33	0.02382	0.02286	0.02112	0.02046	0.11585	0.28399	0.01448	0.18109	0.02093	0.09298	0.01391	0.01572	0.01079	0.00825	0.00916	0.00213	0.12231	0.00565	0.00479	0.00969
34	0.01657	0.21536	0.36803	0.01660	0.02424	0.04125	0.01868	0.04466	0.14655	0.02251	0.01493	0.01600	0.01136	0.00708	0.00617	0.00204	0.00866	0.00533	0.00389	0.01009
35	0.01299	0.00774	0.01024	0.00944	0.01152	0.00704	0.00713	0.01596	0.01907	0.13180	0.52895	0.12591	0.05623	0.01426	0.00812	0.00226	0.00378	0.01257	0.00769	0.00729
36	0.00848	0.00708	0.00739	0.00732	0.00957	0.00599	0.00549	0.01047	0.01646	0.02017	0.16232	0.06500	0.61595	0.01718	0.00824	0.00233	0.00350	0.01442	0.00665	0.00599
37	0.05066	0.01494	0.01462	0.01326	0.01685	0.06533	0.01024	0.05804	0.47200	0.02749	0.05527	0.06586	0.08423	0.01068	0.00716	0.00232	0.00577	0.00881	0.00666	0.00982
38	0.02579	0.10898	0.02248	0.01552	0.02099	0.07624	0.01297	0.52337	0.02891	0.07304	0.01600	0.01612	0.01157	0.00801	0.00663	0.00200	0.00794	0.00588	0.00632	0.01123
39	0.01711	0.01641	0.02803	0.07042	0.68491	0.01654	0.02134	0.02127	0.01581	0.02260	0.01310	0.01732	0.01098	0.00625	0.00691	0.00208	0.00833	0.00622	0.00344	0.01092
40	0.02032	0.10151	0.02671	0.02857	0.33742	0.07696	0.06381	0.11540	0.06779	0.07181	0.01519	0.01731	0.01188	0.00694	0.00671	0.00203	0.00835	0.00612	0.00452	0.01062
41	0.01154	0.00814	0.01123	0.01150	0.04812	0.00741	0.03233	0.01402	0.01688	0.07912	0.27135	0.24165	0.18797	0.01589	0.00825	0.00240	0.00434	0.01410	0.00680	0.00696
42	0.01177	0.00861	0.01174	0.01138	0.01305	0.00981	0.00874	0.01645	0.10627	0.04290	0.02061	0.02854	0.01860	0.10053	0.54712	0.00932	0.01547	0.00773	0.00442	0.00694
43	0.01708	0.01638	0.02798	0.07565	0.67992	0.01653	0.02132	0.02125	0.01580	0.02256	0.01309	0.01733	0.01097	0.00625	0.00691	0.00208	0.00834	0.00622	0.00344	0.01090
44	0.01485	0.05926	0.39691	0.04991	0.11975	0.01647	0.13668	0.02166	0.03586	0.02182	0.01458	0.05433	0.01177	0.00731	0.00699	0.00223	0.00966	0.00665	0.00343	0.00988
45	0.01015	0.00677	0.00761	0.00761	0.00761	0.00677	0.00423	0.01015	0.01015	0.01353	0.02199	0.04567	0.02537	0.75476	0.03552	0.00677	0.00677	0.01015	0.00423	0.00423
46	0.01687	0.01617	0.02760	0.11128	0.64593	0.01647	0.02122	0.02106	0.01570	0.02231	0.01305	0.01740	0.01088	0.00629	0.00692	0.00210	0.00839	0.00622	0.00342	0.01073
47	0.01721	0.01717	0.02789	0.12483	0.54310	0.05617	0.06913	0.02141	0.01591	0.02184	0.01298	0.01728	0.01069	0.00634	0.00698	0.00211	0.00891	0.00627	0.00342	0.01037
48	0.00857	0.00610	0.00808	0.00963	0.01002	0.00571	0.00639	0.00973	0.01323	0.01764	0.03780	0.72179	0.04532	0.05141	0.00998	0.00299	0.00416	0.01945	0.00639	0.00561
49	0.00992	0.00676	0.00784	0.00792	0.00821	0.00662	0.00473	0.01046	0.01172	0.01575	0.10491	0.10974	0.05127	0.58217	0.02919	0.00576	0.00603	0.01143	0.00490	0.00468
50	0.11009	0.01810	0.05575	0.01578	0.02131	0.03908	0.06733	0.33643	0.05024	0.16654	0.01848	0.01964	0.01329	0.00826	0.00684	0.00218	0.00759	0.02584	0.00640	0.01081
51	0.04361	0.05010	0.05381	0.03672	0.04004	0.03912	0.07525	0.04318	0.28320	0.02505	0.07986	0.08415	0.09512	0.01061	0.00727	0.00229	0.00645	0.00918	0.00583	0.00916

[dist]
# distance from previous block
# <min> <max>
0	41

[block]
# block no. 6 follows, 30 sequences, length 53
# corresponding to MSA columns:
# 292-338,340-345
name=unknown_G
#
# <colnr> <probs for GDERKNQSTAVLIFYWHMCP>
#	G	D	E	R	K	N	Q	S	T	A	V	L	I	F	Y	W	H	M	C	P
0	0.01753	0.04026	0.06894	0.02266	0.25830	0.03537	0.01413	0.04078	0.01597	0.11951	0.01906	0.10687	0.01723	0.07487	0.00933	0.00245	0.00707	0.00787	0.03026	0.09153
1	0.01161	0.00848	0.01032	0.00991	0.01088	0.00904	0.00687	0.05095	0.03619	0.01736	0.02232	0.08896	0.02403	0.42209	0.14751	0.00632	0.04179	0.04013	0.00461	0.03065
2	0.04644	0.01622	0.06585	0.01815	0.13069	0.06190	0.01313	0.10781	0.05925	0.26263	0.12283	0.02445	0.02165	0.00880	0.00702	0.00213	0.00685	0.00729	0.00650	0.01041
3	0.00877	0.00704	0.00783	0.00773	0.00977	0.00610	0.00576	0.01100	0.01700	0.02169	0.27059	0.09418	0.47439	0.01679	0.00827	0.00233	0.00348	0.01430	0.00686	0.00610
4	0.01481	0.05917	0.64053	0.01978	0.02962	0.01689	0.04766	0.05215	0.01559	0.02290	0.01267	0.01485	0.00904	0.00666	0.00663	0.00219	0.01015	0.00527	0.00315	0.01031
5	0.02618	0.01994	0.02071	0.01607	0.02151	0.05027	0.01319	0.63781	0.05601	0.04235	0.01693	0.01691	0.01209	0.00837	0.00696	0.00209	0.00780	0.00627	0.00685	0.01168
6	0.00853	0.00704	0.00748	0.00745	0.00962	0.00600	0.00556	0.01053	0.01646	0.02033	0.17536	0.08862	0.57842	0.01725	0.00827	0.00235	0.00351	0.01456	0.00668	0.00600
7	0.01318	0.01240	0.02093	0.73798	0.04806	0.01550	0.01938	0.01783	0.01395	0.01783	0.01240	0.01860	0.00930	0.00698	0.00698	0.00233	0.00930	0.00620	0.00310	0.00775
8	0.01015	0.00677	0.00761	0.00761	0.00761	0.00677	0.00423	0.01015	0.01015	0.01353	0.02199	0.04567	0.02537	0.75476	0.03552	0.00677	0.00677	0.01015	0.00423	0.00423
9	0.01318	0.01240	0.02093	0.73798	0.04806	0.01550	0.01938	0.01783	0.01395	0.01783	0.01240	0.01860	0.00930	0.00698	0.00698	0.00233	0.00930	0.00620	0.00310	0.00775
10	0.02653	0.01955	0.02094	0.01606	0.02164	0.02164	0.01326	0.68796	0.03281	0.04398	0.01675	0.01675	0.01187	0.00838	0.00698	0.00209	0.00768	0.00628	0.00698	0.01187
11	0.00825	0.00707	0.00707	0.00707	0.00943	0.00589	0.00530	0.01001	0.01591	0.01885	0.07069	0.06716	0.70839	0.01767	0.00825	0.00236	0.00353	0.01473	0.00648	0.00589
12	0.02763	0.01778	0.01985	0.01522	0.02076	0.01902	0.01257	0.53754	0.02986	0.19857	0.01923	0.01836	0.01311	0.00844	0.00699	0.00211	0.00728	0.00645	0.00736	0.01187
13	0.01015	0.00677	0.00761	0.00761	0.00761	0.00677	0.00423	0.01015	0.01015	0.01353	0.02199	0.04567	0.02537	0.75476	0.03552	0.00677	0.00677	0.01015	0.00423	0.00423
14	0.04428	0.30712	0.38185	0.01828	0.07774	0.02053	0.01956	0.02153	0.01451	0.02033	0.01140	0.01347	0.00901	0.00634	0.00575	0.00193	0.00890	0.00465	0.00305	0.00976
15	0.01380	0.03475	0.68560	0.01937	0.02928	0.01576	0.02489	0.02168	0.01497	0.02237	0.04486	0.01647	0.01149	0.00699	0.00670	0.00221	0.00999	0.00550	0.00317	0.01014
16	0.02791	0.01189	0.01580	0.01232	0.01755	0.01032	0.01019	0.04955	0.01946	0.57165	0.02617	0.02628	0.01791	0.00897	0.00699	0.00210	0.00594	0.05167	0.00793	0.09940
17	0.00850	0.00607	0.00810	0.00972	0.01012	0.00567	0.00648	0.00972	0.01336	0.01781	0.03846	0.75020	0.04615	0.02186	0.00891	0.00283	0.00405	0.01984	0.00648	0.00567
18	0.01447	0.01240	0.01447	0.01034	0.01654	0.00930	0.00827	0.01757	0.01447	0.02274	0.01240	0.01447	0.01034	0.00517	0.00517	0.00103	0.00517	0.00413	0.00413	0.79742
19	0.01318	0.01240	0.02093	0.73798	0.04806	0.01550	0.01938	0.01783	0.01395	0.01783	0.01240	0.01860	0.00930	0.00698	0.00698	0.00233	0.00930	0.00620	0.00310	0.00775
20	0.01727	0.01658	0.02832	0.04283	0.71123	0.01658	0.02142	0.02142	0.01589	0.02280	0.01313	0.01727	0.01105	0.00622	0.00691	0.00207	0.00829	0.00622	0.00345	0.01105
21	0.00976	0.00713	0.00917	0.00866	0.01036	0.00654	0.00650	0.01295	0.01949	0.02736	0.66394	0.05316	0.10984	0.01450	0.00823	0.00221	0.00331	0.01276	0.00760	0.00654
22	0.03131	0.01188	0.01619	0.01242	0.01781	0.01026	0.01026	0.03401	0.01997	0.71606	0.02753	0.02375	0.01727	0.00864	0.00702	0.00216	0.00594	0.00702	0.00864	0.01188
23	0.01014	0.00681	0.00786	0.00786	0.00794	0.00690	0.00454	0.01031	0.01022	0.01371	0.02176	0.04442	0.02483	0.70666	0.08287	0.00707	0.00758	0.00997	0.00419	0.00437
24	0.01251	0.00771	0.01017	0.00923	0.01133	0.00703	0.00703	0.01573	0.01978	0.11240	0.62412	0.04865	0.05988	0.01358	0.00808	0.00219	0.00362	0.01193	0.00780	0.00723
25	0.01632	0.01819	0.03821	0.05552	0.08186	0.01775	0.57032	0.02174	0.01594	0.02184	0.01365	0.01847	0.01048	0.00638	0.00910	0.00238	0.06116	0.00788	0.00348	0.00934
26	0.01689	0.01874	0.03962	0.02845	0.03521	0.01795	0.63383	0.05224	0.01702	0.02315	0.01408	0.01862	0.01060	0.00620	0.00865	0.00236	0.03517	0.00808	0.00367	0.00947
27	0.01727	0.01658	0.02832	0.04283	0.71123	0.01658	0.02142	0.02142	0.01589	0.02280	0.01313	0.01727	0.01105	0.00622	0.00691	0.00207	0.00829	0.00622	0.00345	0.01105
28	0.00881	0.00620	0.00801	0.00933	0.00966	0.00587	0.00606	0.00980	0.01277	0.01702	0.03542	0.62018	0.04232	0.15712	0.01382	0.00356	0.00455	0.01805	0.00606	0.00540
29	0.01527	0.01527	0.02137	0.01832	0.01832	0.02137	0.01527	0.01679	0.01069	0.01679	0.00916	0.01527	0.00916	0.01221	0.02290	0.00305	0.74198	0.00611	0.00305	0.00763
30	0.01709	0.04759	0.05349	0.03924	0.61595	0.01731	0.02082	0.02114	0.01546	0.02215	0.01272	0.01681	0.01077	0.00659	0.00777	0.00211	0.05279	0.00607	0.00339	0.01073
31	0.02538	0.01810	0.01967	0.01540	0.02064	0.01988	0.01261	0.55488	0.09628	0.09020	0.01938	0.04226	0.01431	0.00895	0.00706	0.00215	0.00722	0.00694	0.00710	0.01158
32	0.01318	0.01240	0.02093	0.73798	0.04806	0.01550	0.01938	0.01783	0.01395	0.01783	0.01240	0.01860	0.00930	0.00698	0.00698	0.00233	0.00930	0.00620	0.00310	0.00775
33	0.11072	0.51746	0.12805	0.01358	0.01991	0.04917	0.03808	0.02132	0.01427	0.01920	0.01030	0.01203	0.00884	0.00616	0.00496	0.00171	0.00796	0.00413	0.00318	0.00897
34	0.02517	0.01791	0.01944	0.01522	0.02037	0.01966	0.01241	0.53467	0.10754	0.09312	0.01914	0.01955	0.01392	0.03899	0.00816	0.00232	0.00726	0.00668	0.00701	0.01146
35	0.00948	0.00712	0.00878	0.00836	0.01018	0.00642	0.00627	0.01240	0.01882	0.02577	0.55319	0.05577	0.22158	0.01509	0.00823	0.00223	0.00335	0.01313	0.00739	0.00642
36	0.02607	0.03326	0.01978	0.01798	0.02157	0.72674	0.01348	0.02787	0.01978	0.01708	0.01079	0.01258	0.00899	0.00719	0.00629	0.00180	0.01258	0.00449	0.00360	0.00809
37	0.03131	0.01188	0.01619	0.01242	0.01781	0.01026	0.01026	0.03401	0.01997	0.71606	0.02753	0.02375	0.01727	0.00864	0.00702	0.00216	0.00594	0.00702	0.00864	0.01188
38	0.00997	0.00748	0.01121	0.01121	0.01246	0.00872	0.00872	0.01246	0.01121	0.01620	0.01869	0.02741	0.01745	0.05234	0.72710	0.01121	0.01869	0.00748	0.00374	0.00623
39	0.01127	0.00759	0.00892	0.00831	0.01069	0.00662	0.00633	0.01375	0.01789	0.09374	0.32665	0.05658	0.37517	0.01536	0.00811	0.00227	0.00368	0.01308	0.00719	0.00679
40	0.00976	0.00713	0.00917	0.00866	0.01036	0.00654	0.00650	0.01295	0.01949	0.02736	0.66394	0.05316	0.10984	0.01450	0.00823	0.00221	0.00331	0.01276	0.00760	0.00654
41	0.00997	0.00748	0.01121	0.01121	0.01246	0.00872	0.00872	0.01246	0.01121	0.01620	0.01869	0.02741	0.01745	0.05234	0.72710	0.01121	0.01869	0.00748	0.00374	0.00623
42	0.07298	0.01623	0.02357	0.03192	0.45923	0.04771	0.01735	0.04647	0.05859	0.10748	0.03993	0.01917	0.01404	0.00712	0.00678	0.00210	0.00764	0.00640	0.00463	0.01065
43	0.02007	0.17478	0.20795	0.04253	0.07546	0.25200	0.01711	0.06940	0.04067	0.02096	0.01226	0.01416	0.00972	0.00688	0.00616	0.00192	0.00997	0.00494	0.00363	0.00942
44	0.01671	0.01547	0.02498	0.20251	0.45276	0.01609	0.01934	0.06565	0.01647	0.02306	0.01315	0.01733	0.01064	0.00646	0.00679	0.00205	0.00824	0.00605	0.00366	0.07257
45	0.07054	0.07601	0.06511	0.02154	0.16637	0.14193	0.04232	0.16656	0.04398	0.11662	0.01543	0.01658	0.01151	0.00728	0.00653	0.00203	0.00854	0.00578	0.00502	0.01033
46	0.02412	0.01287	0.01578	0.01228	0.01719	0.01206	0.00999	0.17704	0.02200	0.34706	0.12500	0.02622	0.04034	0.00917	0.00697	0.00200	0.00577	0.00749	0.00744	0.11922
47	0.00992	0.00741	0.00925	0.00874	0.01056	0.00688	0.00657	0.01359	0.04352	0.02678	0.59621	0.05325	0.15206	0.01456	0.00819	0.00222	0.00341	0.01274	0.00750	0.00665
48	0.01743	0.01667	0.02378	0.16726	0.34090	0.07035	0.04084	0.07642	0.05780	0.02335	0.01480	0.04052	0.01227	0.00722	0.00688	0.00208	0.00838	0.00655	0.00405	0.06245
49	0.01585	0.01284	0.01920	0.04195	0.08343	0.01210	0.12424	0.05148	0.08172	0.09020	0.09507	0.05443	0.12652	0.00973	0.00726	0.00206	0.00646	0.00883	0.00557	0.15108
50	0.01481	0.00864	0.01060	0.00974	0.01257	0.00781	0.00768	0.01807	0.04849	0.18693	0.19593	0.08078	0.27467	0.01473	0.00807	0.00238	0.00446	0.07862	0.00728	0.00774
51	0.01338	0.00725	0.00760	0.00749	0.00934	0.00728	0.00562	0.01753	0.06159	0.04800	0.02628	0.08358	0.04557	0.00965	0.00554	0.00181	0.00357	0.00795	0.62406	0.00690
52	0.01975	0.01742	0.02754	0.05501	0.31394	0.01809	0.14320	0.19899	0.04470	0.04673	0.01506	0.01790	0.01159	0.00712	0.00768	0.00218	0.03101	0.00669	0.00465	0.01076

[dist]
# distance from previous block
# <min> <max>
0	1

[block]
# block no. 7 follows, 30 sequences, length 92
# corresponding to MSA columns:
# 347-438
name=unknown_H
#
# <colnr> <probs for GDERKNQSTAVLIFYWHMCP>
#	G	D	E	R	K	N	Q	S	T	A	V	L	I	F	Y	W	H	M	C	P
0	0.00850	0.00607	0.00810	0.00972	0.01012	0.00567	0.00648	0.00972	0.01336	0.01781	0.03846	0.75020	0.04615	0.02186	0.00891	0.00283	0.00405	0.01984	0.00648	0.00567
1	0.02607	0.03326	0.01978	0.01798	0.02157	0.72674	0.01348	0.02787	0.01978	0.01708	0.01079	0.01258	0.00899	0.00719	0.00629	0.00180	0.01258	0.00449	0.00360	0.00809
2	0.66571	0.01321	0.01132	0.00976	0.01427	0.01469	0.00804	0.02293	0.01333	0.15390	0.01291	0.01356	0.00930	0.00686	0.00480	0.00216	0.00549	0.00436	0.00509	0.00833
3	0.01581	0.01516	0.04662	0.07203	0.12631	0.04284	0.05852	0.06322	0.18520	0.02499	0.10871	0.02758	0.04070	0.01098	0.03202	0.00259	0.05712	0.02837	0.03202	0.00920
4	0.01031	0.01022	0.08111	0.01001	0.01257	0.00776	0.00857	0.01432	0.03825	0.02612	0.52953	0.09682	0.09946	0.01410	0.00808	0.00226	0.00414	0.01236	0.00702	0.00698
5	0.01010	0.00674	0.00763	0.00767	0.00769	0.00673	0.00430	0.01013	0.01025	0.01366	0.02249	0.06702	0.02600	0.73254	0.03471	0.00665	0.00668	0.01044	0.00430	0.00427
6	0.01562	0.01968	0.16051	0.04733	0.02448	0.05724	0.14401	0.01954	0.01422	0.04701	0.03447	0.07516	0.01505	0.01029	0.01282	0.00258	0.25990	0.02774	0.00387	0.00848
7	0.12528	0.36727	0.05738	0.01617	0.07713	0.13738	0.03770	0.04221	0.01558	0.02043	0.01179	0.04124	0.01054	0.00697	0.00544	0.00181	0.00825	0.00500	0.00358	0.00884
8	0.01511	0.01521	0.02114	0.26484	0.02868	0.05562	0.01658	0.01772	0.01227	0.01716	0.01035	0.01627	0.00920	0.01016	0.01659	0.00274	0.45349	0.00606	0.00310	0.00770
9	0.01527	0.01527	0.02137	0.01832	0.01832	0.02137	0.01527	0.01679	0.01069	0.01679	0.00916	0.01527	0.00916	0.01221	0.02290	0.00305	0.74198	0.00611	0.00305	0.00763
10	0.00850	0.00607	0.00810	0.00972	0.01012	0.00567	0.00648	0.00972	0.01336	0.01781	0.03846	0.75020	0.04615	0.02186	0.00891	0.00283	0.00405	0.01984	0.00648	0.00567
11	0.01332	0.01255	0.02119	0.71387	0.07107	0.01554	0.01945	0.01795	0.01402	0.01800	0.01243	0.01856	0.00936	0.00695	0.00697	0.00232	0.00927	0.00620	0.00311	0.00787
12	0.00986	0.00708	0.00901	0.00856	0.01000	0.00659	0.00621	0.01264	0.01829	0.02567	0.59085	0.05175	0.08228	0.11684	0.01201	0.00283	0.00378	0.01235	0.00716	0.00623
13	0.01866	0.75896	0.03657	0.01194	0.01791	0.02761	0.01194	0.02090	0.01418	0.01642	0.00970	0.01119	0.00896	0.00597	0.00448	0.00149	0.00746	0.00373	0.00299	0.00896
14	0.02693	0.01889	0.02054	0.01575	0.02131	0.02067	0.01301	0.63221	0.03172	0.10128	0.01767	0.01735	0.01233	0.00840	0.00698	0.00210	0.00753	0.00635	0.00712	0.01187
15	0.00982	0.00713	0.00925	0.00872	0.01039	0.00656	0.00654	0.01306	0.01962	0.02767	0.68571	0.05264	0.08788	0.01438	0.00823	0.00220	0.00330	0.01269	0.00764	0.00656
16	0.02597	0.01351	0.01630	0.01307	0.01798	0.01341	0.01061	0.13968	0.17242	0.41001	0.02870	0.02587	0.06106	0.00935	0.00711	0.00221	0.00598	0.00758	0.00789	0.01131
17	0.01582	0.01619	0.02129	0.01830	0.01849	0.05763	0.01518	0.01736	0.01115	0.01681	0.00924	0.01513	0.00915	0.01196	0.02205	0.00299	0.70449	0.00602	0.00308	0.00766
18	0.01447	0.01240	0.01447	0.01034	0.01654	0.00930	0.00827	0.01757	0.01447	0.02274	0.01240	0.01447	0.01034	0.00517	0.00517	0.00103	0.00517	0.00413	0.00413	0.79742
19	0.02742	0.01352	0.01666	0.01327	0.01834	0.01329	0.01080	0.11193	0.18319	0.47306	0.02647	0.02347	0.01760	0.00880	0.00703	0.00220	0.00604	0.00714	0.00808	0.01168
20	0.01657	0.01417	0.04676	0.01590	0.06633	0.01158	0.10079	0.02021	0.01569	0.10285	0.06175	0.01892	0.01490	0.00669	0.00687	0.00161	0.03544	0.00585	0.00468	0.43242
21	0.01535	0.01552	0.02277	0.01910	0.01960	0.02111	0.06253	0.01719	0.01109	0.01719	0.00951	0.01552	0.00926	0.01177	0.02187	0.00300	0.69052	0.00626	0.00309	0.00776
22	0.01792	0.64441	0.14464	0.01320	0.01986	0.02580	0.01413	0.02109	0.01427	0.01732	0.01015	0.01175	0.00894	0.00607	0.00482	0.00161	0.00791	0.00396	0.00298	0.00917
23	0.02139	0.02461	0.02363	0.07245	0.32882	0.36908	0.01735	0.02440	0.01770	0.01966	0.01192	0.01502	0.00992	0.00675	0.00661	0.00195	0.01048	0.00536	0.00350	0.00938
24	0.01682	0.01642	0.02890	0.10506	0.58487	0.01659	0.08598	0.02118	0.01577	0.02230	0.01316	0.01754	0.01085	0.00625	0.00704	0.00212	0.00872	0.00641	0.00343	0.01059
25	0.01318	0.01240	0.02093	0.73798	0.04806	0.01550	0.01938	0.01783	0.01395	0.01783	0.01240	0.01860	0.00930	0.00698	0.00698	0.00233	0.00930	0.00620	0.00310	0.00775
26	0.02653	0.01955	0.02094	0.01606	0.02164	0.02164	0.01326	0.68796	0.03281	0.04398	0.01675	0.01675	0.01187	0.00838	0.00698	0.00209	0.00768	0.00628	0.00698	0.01187
27	0.00915	0.00707	0.00834	0.00809	0.01000	0.00626	0.00604	0.01173	0.01793	0.02382	0.41879	0.08139	0.33433	0.01594	0.00826	0.00228	0.00342	0.01374	0.00714	0.00626
28	0.01015	0.00677	0.00761	0.00761	0.00761	0.00677	0.00423	0.01015	0.01015	0.01353	0.02199	0.04567	0.02537	0.75476	0.03552	0.00677	0.00677	0.01015	0.00423	0.00423
29	0.00981	0.00713	0.00924	0.00871	0.01039	0.00656	0.00653	0.01305	0.01960	0.02763	0.68258	0.05272	0.09103	0.01440	0.00823	0.00220	0.00330	0.01270	0.00763	0.00656
30	0.80405	0.01350	0.01026	0.00918	0.01350	0.01565	0.00756	0.02051	0.01188	0.03131	0.00972	0.01134	0.00756	0.00648	0.00432	0.00216	0.00540	0.00378	0.00432	0.00756
31	0.02607	0.03326	0.01978	0.01798	0.02157	0.72674	0.01348	0.02787	0.01978	0.01708	0.01079	0.01258	0.00899	0.00719	0.00629	0.00180	0.01258	0.00449	0.00360	0.00809
32	0.00864	0.00617	0.00826	0.00988	0.01034	0.00579	0.00672	0.00996	0.01350	0.01797	0.03838	0.71569	0.04585	0.02173	0.00894	0.00285	0.00417	0.05296	0.00648	0.00571
33	0.01866	0.75896	0.03657	0.01194	0.01791	0.02761	0.01194	0.02090	0.01418	0.01642	0.00970	0.01119	0.00896	0.00597	0.00448	0.00149	0.00746	0.00373	0.00299	0.00896
34	0.01015	0.00677	0.00761	0.00761	0.00761	0.00677	0.00423	0.01015	0.01015	0.01353	0.02199	0.04567	0.02537	0.75476	0.03552	0.00677	0.00677	0.01015	0.00423	0.00423
35	0.01420	0.06706	0.68938	0.01955	0.02968	0.01669	0.02519	0.02205	0.01471	0.02186	0.01240	0.01458	0.00884	0.00660	0.00654	0.00218	0.01019	0.00510	0.00295	0.01025
36	0.01412	0.03521	0.68378	0.02038	0.03052	0.01628	0.05971	0.02211	0.01482	0.02211	0.01260	0.01494	0.00893	0.00659	0.00671	0.00222	0.01039	0.00531	0.00298	0.01027
37	0.01735	0.30625	0.02232	0.01158	0.01612	0.01836	0.01011	0.08835	0.13788	0.06742	0.06743	0.02919	0.16118	0.00991	0.00635	0.00197	0.00599	0.00773	0.00547	0.00903
