[name]
unknown

[dist]
# distance from previous block
# <min> <max>
0	8

[block]
# block no. 0 follows, 34 sequences, length 55
# corresponding to MSA columns:
# 8-62
name=unknown_A
#
# <colnr> <probs for GDERKNQSTAVLIFYWHMCP>
#	G	D	E	R	K	N	Q	S	T	A	V	L	I	F	Y	W	H	M	C	P
0	0.08236	0.08875	0.07810	0.08247	0.06209	0.10741	0.01133	0.01751	0.05055	0.01923	0.07628	0.07718	0.05825	0.03416	0.03684	0.03542	0.00718	0.03413	0.00417	0.03658
1	0.04048	0.01217	0.01330	0.02658	0.04395	0.05404	0.00934	0.14706	0.15503	0.03835	0.06307	0.19359	0.02401	0.05429	0.02212	0.03110	0.00592	0.02856	0.00557	0.03148
2	0.01842	0.03842	0.05072	0.18192	0.06995	0.11155	0.01400	0.13688	0.12020	0.08385	0.01504	0.01682	0.01131	0.00743	0.00747	0.00202	0.06935	0.00567	0.00454	0.03445
3	0.03261	0.02180	0.34797	0.01517	0.02125	0.02982	0.04342	0.11329	0.01650	0.08061	0.06189	0.15009	0.01861	0.00942	0.00668	0.00212	0.00747	0.00796	0.00457	0.00875
4	0.04015	0.01241	0.01683	0.04097	0.14428	0.04114	0.07025	0.08356	0.10999	0.05033	0.11766	0.12980	0.03993	0.02726	0.00833	0.03887	0.00616	0.00887	0.00516	0.00804
5	0.01650	0.01394	0.03933	0.01877	0.10490	0.01395	0.16585	0.13858	0.09216	0.07161	0.04510	0.04933	0.01552	0.01189	0.06157	0.06133	0.03551	0.00718	0.02837	0.00860
6	0.01071	0.00717	0.00879	0.00819	0.01016	0.00654	0.00620	0.03256	0.01736	0.07619	0.44524	0.08828	0.20670	0.01361	0.00745	0.00208	0.00343	0.01179	0.03116	0.00640
7	0.01142	0.00737	0.00908	0.00859	0.01050	0.00686	0.00643	0.04924	0.01695	0.08814	0.34859	0.18676	0.15337	0.01402	0.00741	0.00214	0.00365	0.01222	0.05074	0.00652
8	0.01275	0.00701	0.00902	0.00880	0.01049	0.00638	0.00638	0.01437	0.01453	0.16206	0.14838	0.31005	0.10804	0.05962	0.00974	0.03915	0.00412	0.01263	0.05008	0.00641
9	0.17964	0.00968	0.01102	0.00953	0.01287	0.00938	0.00753	0.05030	0.01618	0.26894	0.12912	0.11991	0.12811	0.01104	0.00653	0.00210	0.00458	0.00909	0.00646	0.00798
10	0.07103	0.00813	0.00821	0.00754	0.00978	0.00850	0.00585	0.07630	0.05468	0.05117	0.02020	0.02232	0.01557	0.00753	0.00483	0.00163	0.00371	0.00591	0.61020	0.00693
11	0.04184	0.00688	0.00797	0.00775	0.00927	0.00639	0.00549	0.01174	0.01437	0.05867	0.24524	0.12747	0.22564	0.18745	0.01325	0.00310	0.00413	0.01182	0.00589	0.00564
12	0.07006	0.01023	0.01246	0.01068	0.01406	0.01003	0.00840	0.05921	0.12102	0.30406	0.17030	0.13140	0.02872	0.01076	0.00682	0.00212	0.00474	0.00912	0.00699	0.00881
13	0.01538	0.01086	0.01234	0.01077	0.01371	0.01119	0.00837	0.23879	0.06670	0.07510	0.15169	0.18672	0.14597	0.01280	0.00724	0.00216	0.00484	0.01087	0.00651	0.00799
14	0.01220	0.01148	0.01938	0.75739	0.04450	0.01436	0.01794	0.01651	0.01292	0.01651	0.01148	0.01723	0.00861	0.00646	0.00646	0.00215	0.00861	0.00574	0.00287	0.00718
15	0.00825	0.00579	0.00746	0.00871	0.00917	0.00546	0.00583	0.00940	0.01225	0.01646	0.03433	0.62313	0.05981	0.09887	0.01071	0.00297	0.00404	0.03810	0.03409	0.00516
16	0.09898	0.00863	0.01017	0.00969	0.01204	0.00850	0.00723	0.01817	0.09524	0.17980	0.07194	0.32193	0.08311	0.03443	0.00780	0.00240	0.00442	0.01190	0.00631	0.00731
17	0.09770	0.00802	0.00949	0.00880	0.01110	0.00760	0.00666	0.01507	0.03810	0.09853	0.33836	0.17160	0.09390	0.01280	0.00704	0.00209	0.00382	0.01106	0.00638	0.05189
18	0.01967	0.01510	0.01648	0.01368	0.01732	0.04143	0.01107	0.40050	0.08226	0.05270	0.04186	0.10176	0.03361	0.01036	0.00810	0.00217	0.07066	0.04593	0.00603	0.00931
19	0.01272	0.00779	0.00974	0.00948	0.01114	0.00787	0.00702	0.05113	0.06702	0.09330	0.04757	0.24254	0.05343	0.04661	0.09923	0.08974	0.00605	0.02607	0.10512	0.00642
20	0.04346	0.00810	0.01022	0.00999	0.01145	0.00840	0.00745	0.03585	0.04208	0.08499	0.12950	0.32477	0.06975	0.03834	0.01050	0.04796	0.06878	0.03625	0.00579	0.00636
21	0.00938	0.00632	0.00733	0.00733	0.00743	0.00642	0.00427	0.00958	0.00948	0.01274	0.02010	0.04084	0.02287	0.71120	0.09376	0.00662	0.00721	0.00919	0.00388	0.00407
22	0.01384	0.01174	0.01363	0.00978	0.01550	0.00906	0.00784	0.04351	0.01406	0.02183	0.01164	0.01348	0.00963	0.00490	0.00485	0.00100	0.00488	0.00391	0.00393	0.78100
23	0.07744	0.01736	0.01780	0.01423	0.01871	0.07981	0.03326	0.48745	0.04760	0.03436	0.03084	0.06712	0.02759	0.00861	0.00644	0.00199	0.00703	0.00672	0.00590	0.00973
24	0.00786	0.00567	0.00745	0.00886	0.00934	0.00526	0.00594	0.00901	0.01250	0.01655	0.03725	0.72995	0.08043	0.02003	0.00821	0.00260	0.00372	0.01811	0.00600	0.00526
25	0.12524	0.01588	0.02971	0.06840	0.02913	0.01592	0.47089	0.02213	0.11425	0.02247	0.01428	0.01741	0.01075	0.00605	0.00691	0.00215	0.00913	0.00690	0.00381	0.00860
26	0.05885	0.01592	0.02530	0.01922	0.02372	0.05570	0.31699	0.09673	0.07639	0.07426	0.01514	0.01923	0.01203	0.07225	0.01058	0.00252	0.08548	0.00686	0.00429	0.00852
27	0.08408	0.01524	0.02888	0.02132	0.02676	0.01475	0.46439	0.04783	0.05917	0.06239	0.01829	0.06096	0.04971	0.00731	0.00718	0.00217	0.00880	0.00802	0.00422	0.00852
28	0.00786	0.00567	0.00744	0.00886	0.00934	0.00526	0.00594	0.00901	0.01250	0.01655	0.03729	0.72905	0.08131	0.02003	0.00821	0.00260	0.00372	0.01810	0.00600	0.00526
29	0.01727	0.77681	0.03386	0.01106	0.01658	0.02557	0.01106	0.01935	0.01313	0.01520	0.00898	0.01036	0.00829	0.00553	0.00415	0.00138	0.00691	0.00345	0.00276	0.00829
30	0.01642	0.08204	0.02758	0.09837	0.33025	0.10099	0.16962	0.02011	0.01467	0.01916	0.01157	0.01534	0.00950	0.00615	0.00725	0.00197	0.05115	0.00578	0.00314	0.00895
31	0.02239	0.01583	0.01808	0.01427	0.01891	0.01713	0.03582	0.48552	0.09901	0.10917	0.01930	0.08133	0.01508	0.00887	0.00667	0.00204	0.00658	0.00718	0.00648	0.01034
32	0.00914	0.00660	0.00864	0.00813	0.00965	0.00610	0.00610	0.01219	0.01829	0.02591	0.72921	0.04827	0.06097	0.01321	0.00762	0.00203	0.00305	0.01169	0.00711	0.00610
33	0.01296	0.03342	0.73944	0.01842	0.02797	0.01501	0.02387	0.02046	0.01364	0.02046	0.01160	0.01364	0.00818	0.00614	0.00614	0.00205	0.00955	0.00477	0.00273	0.00955
34	0.00933	0.00624	0.00707	0.00713	0.00715	0.00622	0.00401	0.00938	0.00953	0.01270	0.02103	0.07442	0.02434	0.73962	0.03180	0.00610	0.00615	0.00979	0.00401	0.00397
35	0.02456	0.01810	0.01939	0.01487	0.02004	0.02004	0.01228	0.71107	0.03038	0.04072	0.01551	0.01551	0.01099	0.00776	0.00646	0.00194	0.00711	0.00582	0.00646	0.01099
36	0.01679	0.01424	0.01502	0.01330	0.01708	0.01641	0.01040	0.09199	0.66211	0.02820	0.02538	0.02337	0.01898	0.00868	0.00657	0.00217	0.00528	0.00718	0.00657	0.01029
37	0.01340	0.01148	0.01340	0.00957	0.01531	0.00861	0.00766	0.01627	0.01340	0.02105	0.01148	0.01340	0.00957	0.00479	0.00479	0.00096	0.00479	0.00383	0.00383	0.81242
38	0.00941	0.00679	0.00872	0.00890	0.01025	0.00645	0.00690	0.01186	0.01566	0.02126	0.36500	0.05562	0.10718	0.12973	0.01182	0.00296	0.00438	0.20526	0.00620	0.00567
39	0.01645	0.01407	0.01482	0.01323	0.01694	0.01625	0.01032	0.06428	0.69039	0.02763	0.02582	0.02373	0.01934	0.00872	0.00657	0.00218	0.00520	0.00724	0.00657	0.01026
40	0.02456	0.01810	0.01939	0.01487	0.02004	0.02004	0.01228	0.71107	0.03038	0.04072	0.01551	0.01551	0.01099	0.00776	0.00646	0.00194	0.00711	0.00582	0.00646	0.01099
41	0.00930	0.00666	0.00905	0.00905	0.00974	0.00735	0.00641	0.01068	0.00999	0.01401	0.01853	0.03216	0.01909	0.33887	0.46093	0.00873	0.01288	0.00791	0.00364	0.00503
42	0.01332	0.01262	0.02140	0.54594	0.24723	0.01465	0.01850	0.01749	0.01345	0.01786	0.01168	0.01686	0.00909	0.00625	0.00644	0.00208	0.00834	0.00575	0.00297	0.00808
43	0.02456	0.01810	0.01939	0.01487	0.02004	0.02004	0.01228	0.71107	0.03038	0.04072	0.01551	0.01551	0.01099	0.00776	0.00646	0.00194	0.00711	0.00582	0.00646	0.01099
44	0.00800	0.00575	0.00761	0.00906	0.00956	0.00537	0.00619	0.00923	0.01259	0.01668	0.03663	0.70682	0.06756	0.01998	0.00826	0.00263	0.00385	0.05296	0.00600	0.00529
45	0.01441	0.01408	0.02600	0.12719	0.17754	0.01423	0.28905	0.04634	0.04616	0.02096	0.01584	0.08193	0.01358	0.00844	0.02707	0.00233	0.00860	0.00769	0.05010	0.00845
46	0.01296	0.03342	0.73944	0.01842	0.02797	0.01501	0.02387	0.02046	0.01364	0.02046	0.01160	0.01364	0.00818	0.00614	0.00614	0.00205	0.00955	0.00477	0.00273	0.00955
47	0.66668	0.01281	0.01093	0.00936	0.01356	0.01443	0.00771	0.07929	0.01345	0.10553	0.01131	0.01215	0.00830	0.00636	0.00448	0.00199	0.00523	0.00402	0.00464	0.00776
48	0.00978	0.00668	0.00809	0.00792	0.00955	0.00599	0.00576	0.01178	0.01548	0.06652	0.30690	0.17132	0.25336	0.07974	0.00981	0.00254	0.00367	0.01287	0.00637	0.00589
49	0.00931	0.00653	0.00839	0.00834	0.00890	0.00688	0.00561	0.01045	0.01069	0.01482	0.09491	0.03698	0.02491	0.43729	0.28125	0.00726	0.00980	0.00877	0.00410	0.00480
50	0.00828	0.00600	0.00790	0.00927	0.00999	0.00563	0.00664	0.00975	0.01299	0.01705	0.03792	0.59263	0.10037	0.01951	0.00831	0.00264	0.00407	0.12967	0.00599	0.00538
51	0.09510	0.00661	0.00801	0.00895	0.00991	0.00652	0.00619	0.01086	0.01227	0.03924	0.03178	0.59532	0.05008	0.04690	0.03794	0.00297	0.00455	0.01555	0.00567	0.00558
52	0.03718	0.04787	0.03604	0.22323	0.11079	0.18484	0.08907	0.05595	0.04147	0.01948	0.01416	0.04768	0.01222	0.00757	0.00648	0.00203	0.00877	0.04344	0.00369	0.00803
53	0.10582	0.02298	0.01870	0.03912	0.04574	0.39963	0.03474	0.06067	0.01601	0.01893	0.01009	0.01279	0.00849	0.00757	0.00907	0.00201	0.17180	0.00472	0.00345	0.00767
54	0.27329	0.11269	0.06060	0.01314	0.01748	0.13821	0.04973	0.09484	0.07548	0.02413	0.01319	0.05559	0.01116	0.00739	0.00584	0.00195	0.02764	0.00538	0.00418	0.00809

[dist]
# distance from previous block
# <min> <max>
0	7

[block]
# block no. 1 follows, 34 sequences, length 24
# corresponding to MSA columns:
# 70-93
name=unknown_B
#
# <colnr> <probs for GDERKNQSTAVLIFYWHMCP>
#	G	D	E	R	K	N	Q	S	T	A	V	L	I	F	Y	W	H	M	C	P
0	0.01093	0.00992	0.00981	0.01096	0.05545	0.10464	0.00695	0.01207	0.01288	0.01574	0.03165	0.29156	0.15115	0.22982	0.01467	0.00340	0.00567	0.01232	0.00488	0.00552
1	0.11475	0.01601	0.04509	0.03584	0.02043	0.10490	0.14451	0.01883	0.01408	0.02115	0.01130	0.01372	0.00906	0.00540	0.00547	0.00149	0.00715	0.00465	0.00361	0.40258
2	0.00901	0.00666	0.00862	0.00876	0.01005	0.00632	0.00635	0.01180	0.03951	0.02147	0.37032	0.30124	0.06867	0.01784	0.05854	0.00280	0.00440	0.01343	0.00632	0.02789
3	0.00923	0.00692	0.01038	0.01038	0.01154	0.00808	0.00808	0.01154	0.01038	0.01500	0.01731	0.02538	0.01615	0.04846	0.74732	0.01038	0.01731	0.00692	0.00346	0.00577
4	0.04580	0.31646	0.02426	0.01401	0.01831	0.31677	0.01181	0.11402	0.01732	0.01930	0.01024	0.01174	0.00863	0.00655	0.00587	0.00165	0.04136	0.00415	0.00353	0.00823
5	0.70878	0.01272	0.01090	0.00965	0.01311	0.01522	0.00797	0.01852	0.01085	0.02716	0.00893	0.01099	0.00720	0.00672	0.00635	0.00211	0.10819	0.00379	0.00384	0.00701
6	0.81856	0.01250	0.00950	0.00850	0.01250	0.01449	0.00700	0.01899	0.01100	0.02899	0.00900	0.01050	0.00700	0.00600	0.00400	0.00200	0.00500	0.00350	0.00400	0.00700
7	0.00979	0.00670	0.00880	0.00831	0.00988	0.00617	0.00621	0.01269	0.01792	0.05128	0.65910	0.09343	0.05816	0.01347	0.00762	0.00207	0.00318	0.01192	0.00707	0.00622
8	0.00899	0.00660	0.00843	0.00797	0.00956	0.00603	0.00598	0.01190	0.01793	0.02506	0.66239	0.04967	0.12832	0.01353	0.00762	0.00205	0.00307	0.01188	0.00700	0.00603
9	0.01414	0.01414	0.01979	0.01696	0.01696	0.01979	0.01414	0.01555	0.00990	0.01555	0.00848	0.01414	0.00848	0.01131	0.02120	0.00283	0.76110	0.00565	0.00283	0.00707
10	0.01407	0.01449	0.02371	0.01910	0.02076	0.01812	0.18793	0.01648	0.01137	0.01689	0.01113	0.05655	0.01070	0.01033	0.01709	0.00265	0.53128	0.00685	0.00311	0.00738
11	0.01713	0.01250	0.01574	0.01193	0.01691	0.01124	0.05356	0.15186	0.03334	0.11548	0.05453	0.06394	0.01571	0.00730	0.00591	0.00154	0.00556	0.00619	0.00520	0.39440
12	0.01287	0.01098	0.01278	0.00932	0.01468	0.00832	0.00742	0.01567	0.01367	0.02102	0.04274	0.01782	0.05683	0.00584	0.00507	0.00108	0.00462	0.00475	0.00409	0.73042
13	0.00792	0.00587	0.00742	0.00863	0.00940	0.00537	0.00596	0.00922	0.01293	0.01679	0.04138	0.60400	0.17650	0.01939	0.00815	0.00255	0.00374	0.04345	0.00600	0.00532
14	0.00787	0.00562	0.00750	0.00900	0.00937	0.00525	0.00600	0.00900	0.01237	0.01649	0.03561	0.76871	0.04274	0.02024	0.00825	0.00262	0.00375	0.01837	0.00600	0.00525
15	0.00846	0.00634	0.00785	0.00798	0.00936	0.00573	0.00579	0.01069	0.01593	0.02151	0.39510	0.23615	0.21392	0.01575	0.00778	0.00222	0.00328	0.01386	0.00656	0.00573
16	0.01905	0.01124	0.01694	0.01472	0.06136	0.01108	0.09591	0.05917	0.03172	0.28129	0.04562	0.04711	0.01735	0.11495	0.03403	0.06215	0.05507	0.00742	0.00550	0.00832
17	0.01063	0.00659	0.00833	0.00860	0.00957	0.00621	0.00591	0.01188	0.01294	0.08423	0.11034	0.31814	0.06258	0.25393	0.01575	0.00364	0.00474	0.05480	0.00566	0.00552
18	0.05394	0.00700	0.00901	0.01009	0.01129	0.00693	0.00798	0.01187	0.01372	0.01888	0.07686	0.27986	0.05777	0.07020	0.00999	0.00296	0.00498	0.33524	0.00579	0.00564
19	0.02347	0.01694	0.01895	0.01467	0.01950	0.06293	0.05917	0.47471	0.02565	0.12839	0.01676	0.01695	0.01185	0.00754	0.00635	0.00191	0.00711	0.00594	0.07098	0.01021
20	0.06604	0.00762	0.00973	0.03214	0.01150	0.00750	0.03335	0.02552	0.01288	0.05678	0.08779	0.25858	0.09672	0.22731	0.01497	0.02387	0.00507	0.01180	0.00521	0.00564
21	0.00921	0.00678	0.00769	0.00760	0.00864	0.00652	0.00506	0.01128	0.05184	0.01742	0.17492	0.08969	0.19983	0.35416	0.01891	0.00401	0.00470	0.01127	0.00532	0.00515
22	0.06109	0.06551	0.11084	0.01574	0.03715	0.17031	0.09386	0.06325	0.07490	0.02118	0.01347	0.01639	0.01094	0.00918	0.05336	0.00231	0.00877	0.02063	0.00386	0.14726
23	0.13186	0.01424	0.01527	0.01303	0.04613	0.05020	0.03058	0.27510	0.02025	0.05969	0.06370	0.02123	0.06353	0.02622	0.00661	0.00194	0.00606	0.00629	0.05588	0.09218

[dist]
# distance from previous block
# <min> <max>
0	6

[block]
# block no. 2 follows, 34 sequences, length 24
# corresponding to MSA columns:
# 100-123
name=unknown_C
#
# <colnr> <probs for GDERKNQSTAVLIFYWHMCP>
#	G	D	E	R	K	N	Q	S	T	A	V	L	I	F	Y	W	H	M	C	P
0	0.01047	0.10500	0.01322	0.04509	0.01310	0.01050	0.00830	0.01260	0.01415	0.01870	0.19309	0.15380	0.19105	0.01500	0.03513	0.00253	0.09813	0.04870	0.00521	0.00625
1	0.05762	0.10305	0.01879	0.08319	0.02021	0.01663	0.01132	0.27705	0.10343	0.15414	0.01676	0.01682	0.01206	0.00721	0.00596	0.00186	0.00642	0.00556	0.00565	0.07626
2	0.00941	0.00724	0.00896	0.00934	0.01068	0.00732	0.00676	0.01354	0.11541	0.01954	0.15391	0.36660	0.11721	0.02043	0.09899	0.00337	0.00544	0.01369	0.00596	0.00620
3	0.00897	0.00614	0.00769	0.00849	0.00947	0.00558	0.00584	0.01028	0.01322	0.05097	0.07167	0.52254	0.17513	0.06046	0.00939	0.00268	0.00385	0.01608	0.00603	0.00552
4	0.00927	0.00677	0.00959	0.00959	0.01047	0.00765	0.00709	0.01103	0.01015	0.01441	0.01803	0.02940	0.01790	0.22065	0.57752	0.00940	0.01468	0.00751	0.00357	0.00533
5	0.02316	0.01043	0.01324	0.01063	0.01472	0.00949	0.00851	0.05994	0.05683	0.49314	0.03083	0.02966	0.12727	0.07111	0.00881	0.00238	0.00527	0.00785	0.00720	0.00952
6	0.02982	0.00745	0.00901	0.00859	0.01065	0.00686	0.00638	0.02947	0.01499	0.16396	0.10166	0.25839	0.16106	0.04431	0.00808	0.00233	0.00404	0.01188	0.11433	0.00673
7	0.01116	0.00737	0.00905	0.00889	0.01079	0.00687	0.00686	0.01397	0.04374	0.09096	0.21829	0.09907	0.22356	0.08445	0.01007	0.00267	0.00430	0.13532	0.00630	0.00629
8	0.01693	0.71676	0.09085	0.01165	0.01750	0.02471	0.01209	0.01944	0.01317	0.01563	0.00919	0.01063	0.00828	0.00558	0.00431	0.00144	0.00712	0.00356	0.00276	0.00839
9	0.16195	0.01071	0.01148	0.00971	0.01328	0.01105	0.00779	0.09406	0.09746	0.22127	0.02234	0.02209	0.04968	0.00798	0.00556	0.00189	0.00472	0.00620	0.23224	0.00852
10	0.00822	0.00613	0.00775	0.00858	0.00962	0.00566	0.00615	0.00990	0.01382	0.01817	0.13882	0.43801	0.19498	0.01928	0.03516	0.00275	0.00419	0.06129	0.00606	0.00548
11	0.00797	0.00656	0.00700	0.00689	0.00893	0.00559	0.00517	0.00991	0.01550	0.01930	0.21021	0.05915	0.58409	0.01568	0.00763	0.00215	0.00322	0.01321	0.00624	0.00559
12	0.04305	0.01044	0.01344	0.01095	0.01501	0.00965	0.00880	0.04421	0.07455	0.50164	0.07010	0.09208	0.02128	0.00944	0.00658	0.00205	0.00507	0.00787	0.04403	0.00977
13	0.00946	0.00672	0.00919	0.00935	0.01017	0.00731	0.00685	0.01072	0.01099	0.01542	0.02421	0.17491	0.07882	0.09734	0.32275	0.09417	0.04560	0.00968	0.05110	0.00523
14	0.01523	0.01728	0.03429	0.02505	0.03073	0.05643	0.59584	0.02002	0.01501	0.01994	0.01413	0.06444	0.01175	0.00670	0.00815	0.00221	0.04300	0.00803	0.00342	0.00836
15	0.00812	0.00581	0.00734	0.00846	0.00892	0.00544	0.00555	0.00909	0.01205	0.01589	0.03537	0.58678	0.09439	0.14988	0.01245	0.00322	0.00414	0.01644	0.00564	0.00503
16	0.01070	0.00819	0.00990	0.01017	0.01212	0.00834	0.00806	0.01595	0.14891	0.03413	0.07113	0.15346	0.19512	0.01817	0.06762	0.00313	0.00563	0.20664	0.00598	0.00664
17	0.01530	0.01343	0.08418	0.04080	0.11038	0.01201	0.11537	0.02931	0.01443	0.12502	0.05247	0.06282	0.03635	0.07051	0.01031	0.00246	0.08592	0.02194	0.08899	0.00801
18	0.00929	0.00665	0.00801	0.00847	0.01011	0.00596	0.00643	0.01115	0.01455	0.05218	0.10136	0.25821	0.33864	0.01705	0.00796	0.00242	0.00393	0.12566	0.00617	0.00579
19	0.02078	0.01497	0.06081	0.01297	0.01735	0.04965	0.01089	0.13897	0.24635	0.24227	0.05516	0.06332	0.01906	0.00894	0.00661	0.00207	0.00598	0.00732	0.00658	0.00994
20	0.01411	0.01570	0.08765	0.26620	0.29158	0.05471	0.04890	0.01818	0.01411	0.01886	0.01438	0.06637	0.01278	0.00757	0.00666	0.00210	0.00819	0.04016	0.00337	0.00843
21	0.01325	0.00989	0.01383	0.01259	0.04641	0.01006	0.07991	0.06964	0.06017	0.06669	0.09782	0.07046	0.15007	0.01537	0.09856	0.00308	0.03427	0.00896	0.13166	0.00732
22	0.00952	0.00726	0.00813	0.00851	0.00902	0.03984	0.00554	0.01045	0.01169	0.01543	0.08983	0.28193	0.03204	0.35769	0.08015	0.00479	0.00629	0.01215	0.00484	0.00488
23	0.01635	0.01548	0.02064	0.12987	0.21326	0.11624	0.09125	0.06154	0.04610	0.05229	0.01581	0.07918	0.01408	0.06944	0.00873	0.00235	0.00798	0.00711	0.00404	0.02826

[dist]
# distance from previous block
# <min> <max>
3	21

[block]
# block no. 3 follows, 34 sequences, length 37
# corresponding to MSA columns:
# 145-181
name=unknown_D
#
# <colnr> <probs for GDERKNQSTAVLIFYWHMCP>
#	G	D	E	R	K	N	Q	S	T	A	V	L	I	F	Y	W	H	M	C	P
0	0.00960	0.00678	0.00887	0.05826	0.01209	0.00643	0.00684	0.01166	0.01473	0.05700	0.22307	0.32082	0.18510	0.01684	0.02922	0.00254	0.00427	0.01382	0.00612	0.00596
1	0.01192	0.00973	0.01125	0.00869	0.01300	0.00765	0.00679	0.01458	0.01407	0.02115	0.10839	0.02556	0.10951	0.03008	0.00631	0.00144	0.00430	0.00637	0.05811	0.53109
2	0.56430	0.01304	0.01174	0.00987	0.01412	0.01451	0.00812	0.13215	0.01519	0.12592	0.01257	0.01319	0.00909	0.00659	0.00474	0.00198	0.00536	0.00434	0.02503	0.00815
3	0.01365	0.00723	0.00947	0.00918	0.01109	0.00648	0.00674	0.01511	0.01457	0.20369	0.09954	0.36081	0.13095	0.01603	0.00878	0.05624	0.00419	0.01317	0.00641	0.00668
4	0.00821	0.00600	0.00776	0.00876	0.00960	0.00555	0.00617	0.00983	0.01377	0.01833	0.15290	0.52648	0.12350	0.01850	0.00812	0.00250	0.00372	0.05870	0.00618	0.00545
5	0.00924	0.00688	0.01019	0.01019	0.01128	0.00797	0.00783	0.01141	0.01033	0.01486	0.01748	0.02637	0.01658	0.09061	0.70575	0.01014	0.01666	0.00707	0.00349	0.00566
6	0.07236	0.00951	0.01180	0.01005	0.01330	0.00902	0.00792	0.06344	0.03328	0.32028	0.19383	0.12679	0.02957	0.01072	0.00671	0.00206	0.00458	0.00907	0.05723	0.00846
7	0.00961	0.00645	0.00796	0.00821	0.00947	0.00587	0.00576	0.01122	0.01421	0.06383	0.19135	0.32573	0.19145	0.10553	0.01076	0.00279	0.00390	0.01408	0.00612	0.00569
8	0.02414	0.03079	0.01831	0.01665	0.01998	0.74698	0.01248	0.02580	0.01831	0.01581	0.00999	0.01165	0.00832	0.00666	0.00583	0.00166	0.01165	0.00416	0.00333	0.00749
9	0.01340	0.01148	0.01340	0.00957	0.01531	0.00861	0.00766	0.01627	0.01340	0.02105	0.01148	0.01340	0.00957	0.00479	0.00479	0.00096	0.00479	0.00383	0.00383	0.81242
10	0.00794	0.00580	0.00750	0.00883	0.00945	0.00536	0.00604	0.00920	0.01274	0.01671	0.03897	0.66102	0.12100	0.01971	0.00820	0.00259	0.00378	0.04386	0.00600	0.00530
11	0.01536	0.00998	0.01188	0.01025	0.01306	0.01010	0.00802	0.15332	0.08268	0.11774	0.36938	0.06907	0.03872	0.01113	0.00703	0.00202	0.00437	0.00952	0.04839	0.00799
12	0.00799	0.00583	0.00753	0.00864	0.00934	0.00537	0.00590	0.00939	0.01329	0.01766	0.11756	0.61308	0.11654	0.01904	0.00811	0.00251	0.00362	0.01712	0.00612	0.00537
13	0.00808	0.00577	0.00773	0.00923	0.00970	0.00542	0.00635	0.00935	0.01257	0.01672	0.03550	0.71265	0.04229	0.02005	0.00830	0.00265	0.00393	0.07241	0.00599	0.00530
14	0.02412	0.01788	0.01914	0.01478	0.01987	0.01983	0.01217	0.67553	0.06665	0.04000	0.01608	0.01596	0.01145	0.00781	0.00647	0.00195	0.00701	0.00590	0.00647	0.01095
15	0.01437	0.01038	0.00895	0.00839	0.01038	0.10213	0.00629	0.05561	0.06071	0.02341	0.01965	0.02317	0.01584	0.05540	0.00670	0.00189	0.00468	0.00607	0.55935	0.00662
16	0.00854	0.00646	0.00788	0.00778	0.00935	0.00580	0.00574	0.01093	0.01650	0.02224	0.44725	0.14398	0.25390	0.01502	0.00771	0.00215	0.00320	0.01310	0.00665	0.00580
17	0.02456	0.01810	0.01939	0.01487	0.02004	0.02004	0.01228	0.71107	0.03038	0.04072	0.01551	0.01551	0.01099	0.00776	0.00646	0.00194	0.00711	0.00582	0.00646	0.01099
18	0.10556	0.01388	0.02387	0.31962	0.24343	0.01505	0.14907	0.01858	0.01368	0.02009	0.01170	0.01613	0.00914	0.00601	0.00638	0.00207	0.00836	0.00585	0.00317	0.00836
19	0.02456	0.01810	0.01939	0.01487	0.02004	0.02004	0.01228	0.71107	0.03038	0.04072	0.01551	0.01551	0.01099	0.00776	0.00646	0.00194	0.00711	0.00582	0.00646	0.01099
20	0.02040	0.01603	0.01705	0.01402	0.01845	0.01809	0.01127	0.37929	0.36894	0.03401	0.02080	0.01973	0.01527	0.00825	0.00652	0.00206	0.00613	0.00655	0.00652	0.01062
21	0.00962	0.00734	0.00841	0.00800	0.00997	0.00688	0.00603	0.03937	0.05384	0.02286	0.35127	0.08342	0.30406	0.01401	0.00741	0.00210	0.00343	0.01201	0.04376	0.00622
22	0.01043	0.00753	0.00841	0.00805	0.01028	0.00683	0.00606	0.05240	0.03036	0.06779	0.13414	0.16113	0.44208	0.01536	0.00756	0.00220	0.00373	0.01306	0.00630	0.00629
23	0.00931	0.00623	0.00707	0.00716	0.00718	0.00621	0.00404	0.00937	0.00957	0.01276	0.02125	0.08455	0.02461	0.72913	0.03145	0.00605	0.00612	0.00992	0.00404	0.00399
24	0.01809	0.01474	0.01522	0.01299	0.01692	0.05371	0.01024	0.16746	0.41509	0.06241	0.08233	0.02312	0.02017	0.00859	0.00651	0.00203	0.00569	0.00700	0.00635	0.05134
25	0.02221	0.02764	0.01792	0.01626	0.01913	0.62962	0.01235	0.02389	0.01699	0.01573	0.01033	0.01280	0.00886	0.00988	0.05664	0.00235	0.08228	0.00449	0.00329	0.00734
26	0.01047	0.00638	0.00839	0.00871	0.00964	0.00597	0.00599	0.01162	0.01336	0.08039	0.17153	0.39233	0.03880	0.12604	0.01288	0.06818	0.00427	0.01366	0.00584	0.00553
27	0.02037	0.01038	0.01243	0.01029	0.01357	0.01020	0.00798	0.12722	0.06151	0.31071	0.02262	0.04733	0.01779	0.15538	0.01130	0.00276	0.00541	0.00727	0.13686	0.00861
28	0.00820	0.00664	0.00733	0.00764	0.00935	0.00594	0.00554	0.01058	0.04775	0.01821	0.10023	0.25434	0.46156	0.01686	0.00775	0.00229	0.00348	0.01451	0.00610	0.00567
29	0.01931	0.01394	0.01505	0.01223	0.01626	0.01491	0.00986	0.42406	0.07071	0.06552	0.02809	0.07312	0.15692	0.01032	0.00674	0.00203	0.00577	0.00830	0.03756	0.00929
30	0.01885	0.01590	0.01596	0.01366	0.01751	0.07534	0.01078	0.26352	0.35331	0.02965	0.02129	0.05866	0.01681	0.01093	0.04547	0.00252	0.00690	0.00709	0.00608	0.00978
31	0.02574	0.01321	0.01589	0.01239	0.01715	0.01316	0.01017	0.25342	0.06605	0.42297	0.02201	0.02012	0.01462	0.00794	0.00638	0.00196	0.00586	0.00630	0.05400	0.01066
32	0.00915	0.00623	0.00791	0.00849	0.00955	0.00569	0.00592	0.01073	0.01400	0.05189	0.17421	0.45386	0.14298	0.05660	0.00923	0.00260	0.00375	0.01536	0.00620	0.00564
33	0.00889	0.00667	0.00954	0.01091	0.04745	0.00679	0.00739	0.01078	0.01261	0.01745	0.11677	0.39963	0.03485	0.02766	0.24526	0.00500	0.00821	0.01319	0.00518	0.00578
34	0.01523	0.01014	0.01329	0.01124	0.01366	0.01064	0.06395	0.12330	0.04147	0.09655	0.02003	0.07202	0.01786	0.17420	0.06606	0.00350	0.04759	0.00775	0.18432	0.00722
35	0.02303	0.01051	0.01336	0.01068	0.01487	0.00951	0.00866	0.09286	0.01886	0.47936	0.07788	0.04625	0.14494	0.01005	0.00681	0.00204	0.00507	0.00829	0.00739	0.00957
36	0.00887	0.00651	0.00816	0.00881	0.00985	0.00613	0.00618	0.04270	0.01464	0.01956	0.17164	0.51034	0.12678	0.01784	0.00797	0.00243	0.00372	0.01593	0.00623	0.00571

[dist]
# distance from previous block
# <min> <max>
0	11

[block]
# block no. 4 follows, 34 sequences, length 32
# corresponding to MSA columns:
# 193-224
name=unknown_E
#
# <colnr> <probs for GDERKNQSTAVLIFYWHMCP>
#	G	D	E	R	K	N	Q	S	T	A	V	L	I	F	Y	W	H	M	C	P
0	0.01576	0.06348	0.07008	0.06154	0.20136	0.07574	0.24284	0.03898	0.01480	0.01971	0.01301	0.05533	0.01120	0.00712	0.00810	0.00209	0.08013	0.00670	0.00337	0.00866
1	0.53035	0.05083	0.01349	0.12760	0.03771	0.05641	0.00979	0.01857	0.01193	0.02450	0.01041	0.03757	0.00874	0.00675	0.00531	0.00202	0.03263	0.00453	0.00373	0.00715
2	0.02075	0.04421	0.08588	0.08736	0.04244	0.50403	0.03384	0.02401	0.04402	0.01700	0.01099	0.01317	0.00888	0.00673	0.00642	0.00182	0.03260	0.00466	0.00332	0.00787
3	0.01137	0.00788	0.00942	0.00895	0.01082	0.00775	0.00665	0.06842	0.05303	0.05647	0.19464	0.16670	0.18317	0.06061	0.06461	0.03307	0.00511	0.01140	0.03355	0.00639
4	0.01167	0.00855	0.01007	0.00964	0.01171	0.00845	0.00710	0.05529	0.13296	0.04755	0.11984	0.28399	0.12697	0.03202	0.00888	0.04516	0.00430	0.01208	0.00598	0.05776
5	0.10933	0.00846	0.00945	0.00950	0.01128	0.00877	0.00701	0.07550	0.07099	0.02178	0.07133	0.35725	0.08557	0.02812	0.00829	0.03239	0.00440	0.03867	0.03554	0.00638
6	0.02314	0.01314	0.01551	0.01233	0.01662	0.01351	0.01000	0.29091	0.06594	0.29866	0.04808	0.02174	0.01637	0.04167	0.05151	0.00264	0.00665	0.00661	0.03498	0.00998
7	0.15730	0.01455	0.01601	0.01259	0.01742	0.01537	0.01036	0.33046	0.06277	0.27059	0.01838	0.01734	0.01250	0.00760	0.00607	0.00198	0.00611	0.00575	0.00657	0.01029
8	0.01212	0.00844	0.01059	0.00956	0.01190	0.00806	0.02749	0.06688	0.04591	0.08212	0.29431	0.07433	0.20149	0.05685	0.00897	0.00240	0.00435	0.06101	0.00643	0.00680
9	0.04869	0.01005	0.01223	0.01061	0.01363	0.00989	0.00845	0.12044	0.01700	0.26846	0.02371	0.03468	0.02057	0.16613	0.01211	0.00301	0.00576	0.13757	0.06896	0.00804
10	0.00925	0.00672	0.00763	0.00770	0.00965	0.00584	0.00579	0.01107	0.01493	0.06095	0.12178	0.17393	0.47029	0.01627	0.00774	0.00227	0.00361	0.05251	0.00622	0.00584
11	0.10719	0.01205	0.01496	0.01163	0.01652	0.01139	0.00959	0.11123	0.03428	0.56803	0.02267	0.02012	0.01458	0.00779	0.00625	0.00200	0.00563	0.00613	0.00738	0.01058
12	0.03306	0.00769	0.00892	0.00871	0.01060	0.00742	0.00637	0.01476	0.09822	0.07625	0.17467	0.21888	0.21787	0.07538	0.00949	0.00257	0.00402	0.01247	0.00622	0.00645
13	0.02678	0.01202	0.01545	0.01214	0.01690	0.01125	0.01007	0.15340	0.02038	0.55653	0.02434	0.02466	0.01669	0.00870	0.00667	0.00206	0.00582	0.05796	0.00756	0.01061
14	0.40603	0.01490	0.01433	0.01157	0.01616	0.01662	0.00955	0.33036	0.02023	0.08478	0.01310	0.01357	0.00943	0.00693	0.00528	0.00197	0.00598	0.00475	0.00539	0.00907
15	0.01095	0.00892	0.01135	0.01100	0.01250	0.05062	0.00857	0.05244	0.01198	0.01652	0.01679	0.02404	0.01541	0.04376	0.66285	0.00941	0.01640	0.00670	0.00363	0.00617
16	0.00793	0.00572	0.00752	0.00893	0.00944	0.00532	0.00605	0.00913	0.01257	0.01662	0.03727	0.71031	0.08152	0.01996	0.00823	0.00261	0.00378	0.03581	0.00600	0.00528
17	0.02414	0.07586	0.02028	0.01456	0.01965	0.05856	0.01210	0.59922	0.02803	0.06138	0.01507	0.01514	0.01082	0.00754	0.00626	0.00188	0.00728	0.00557	0.00607	0.01060
18	0.01019	0.00758	0.00917	0.00858	0.01073	0.00648	0.00611	0.01188	0.01318	0.03785	0.09198	0.30372	0.11058	0.12191	0.01068	0.00259	0.00431	0.01185	0.00529	0.21535
19	0.00944	0.00685	0.01005	0.01005	0.01123	0.00792	0.00781	0.01180	0.01062	0.01569	0.01759	0.02529	0.01618	0.04537	0.69118	0.00971	0.01623	0.00685	0.06432	0.00579
20	0.01810	0.01337	0.01588	0.01231	0.01709	0.05020	0.03799	0.10931	0.01675	0.15115	0.01604	0.01982	0.01287	0.00725	0.00677	0.00162	0.05080	0.05663	0.00497	0.38109
21	0.03186	0.00813	0.00957	0.00921	0.01139	0.00796	0.00702	0.05875	0.05450	0.10088	0.05459	0.22216	0.21444	0.01721	0.06982	0.00293	0.00531	0.04078	0.06671	0.00679
22	0.00853	0.00616	0.00796	0.00890	0.00954	0.00595	0.00604	0.01047	0.03908	0.01767	0.12232	0.55462	0.04150	0.09108	0.03547	0.00314	0.00441	0.01586	0.00588	0.00543
23	0.00786	0.00568	0.00744	0.00885	0.00933	0.00526	0.00593	0.00901	0.01251	0.01655	0.03738	0.72677	0.08353	0.02001	0.00821	0.00260	0.00372	0.01809	0.00600	0.00526
24	0.01100	0.00741	0.00905	0.00889	0.01065	0.00694	0.00653	0.06462	0.01618	0.07543	0.21396	0.32462	0.18841	0.01578	0.00769	0.00228	0.00386	0.01384	0.00647	0.00637
25	0.00829	0.00644	0.00731	0.00745	0.00898	0.00573	0.00538	0.01002	0.01458	0.01865	0.19805	0.15072	0.39146	0.10195	0.01062	0.00270	0.00372	0.03655	0.00600	0.00541
26	0.01340	0.01148	0.01340	0.00957	0.01531	0.00861	0.00766	0.01627	0.01340	0.02105	0.01148	0.01340	0.00957	0.00479	0.00479	0.00096	0.00479	0.00383	0.00383	0.81242
27	0.01031	0.00694	0.00876	0.00930	0.01061	0.00656	0.00684	0.03980	0.01434	0.06112	0.07672	0.40605	0.13844	0.06084	0.00946	0.00272	0.00435	0.11484	0.00607	0.00593
28	0.01127	0.00703	0.00868	0.00892	0.01015	0.00671	0.00622	0.05138	0.01392	0.08465	0.05262	0.44059	0.07818	0.12593	0.01126	0.00294	0.00437	0.01401	0.05517	0.00600
29	0.18186	0.01562	0.01435	0.01203	0.01586	0.14065	0.00948	0.16234	0.04278	0.20113	0.01665	0.01887	0.01275	0.08710	0.03873	0.00271	0.00734	0.00570	0.00543	0.00862
30	0.01013	0.00716	0.00857	0.00870	0.01036	0.00674	0.00653	0.01293	0.05638	0.05690	0.14335	0.18048	0.25082	0.09967	0.01060	0.00280	0.00427	0.11158	0.00606	0.00599
31	0.03167	0.00763	0.00785	0.00832	0.00945	0.04832	0.00575	0.01105	0.01318	0.01762	0.07732	0.34508	0.17866	0.12746	0.01114	0.00287	0.00440	0.01340	0.07345	0.00539

[dist]
# distance from previous block
# <min> <max>
0	1

[block]
# block no. 5 follows, 34 sequences, length 6
# corresponding to MSA columns:
# 226-231
name=unknown_F
#
# <colnr> <probs for GDERKNQSTAVLIFYWHMCP>
#	G	D	E	R	K	N	Q	S	T	A	V	L	I	F	Y	W	H	M	C	P
0	0.12467	0.03914	0.06172	0.16276	0.15516	0.05164	0.09805	0.01830	0.01339	0.03943	0.01327	0.04962	0.01147	0.04272	0.03611	0.00253	0.03311	0.00617	0.00353	0.03723
1	0.10121	0.06078	0.04179	0.07888	0.06811	0.18544	0.01221	0.15082	0.08073	0.07325	0.01659	0.01748	0.04745	0.00736	0.00594	0.00188	0.00763	0.00554	0.00464	0.03226
2	0.08574	0.06726	0.01844	0.09494	0.14348	0.14336	0.01264	0.09580	0.05986	0.02098	0.01445	0.01733	0.03773	0.01034	0.03991	0.07044	0.04993	0.00556	0.00386	0.00794
3	0.01678	0.01623	0.05310	0.21252	0.21126	0.06324	0.03746	0.16138	0.05602	0.02365	0.01347	0.01655	0.01045	0.00815	0.03437	0.00227	0.00834	0.00572	0.00400	0.04504
4	0.01511	0.01433	0.05165	0.05970	0.05163	0.09235	0.13077	0.08062	0.01622	0.06600	0.07018	0.18009	0.04393	0.03305	0.00774	0.00221	0.00703	0.00929	0.03411	0.03399
5	0.09501	0.01199	0.01776	0.12317	0.23798	0.01218	0.03486	0.01975	0.04462	0.13224	0.05287	0.08531	0.05306	0.00844	0.00644	0.00203	0.00629	0.00745	0.00472	0.04382

[dist]
# distance from previous block
# <min> <max>
3	39

[block]
# block no. 6 follows, 34 sequences, length 16
# corresponding to MSA columns:
# 271-286
name=unknown_G
#
# <colnr> <probs for GDERKNQSTAVLIFYWHMCP>
#	G	D	E	R	K	N	Q	S	T	A	V	L	I	F	Y	W	H	M	C	P
0	0.01252	0.00889	0.01117	0.01172	0.07224	0.00889	0.00796	0.04123	0.10743	0.07564	0.18675	0.10754	0.13986	0.06702	0.05822	0.00293	0.00531	0.01012	0.05739	0.00717
1	0.01670	0.01218	0.01374	0.01188	0.01514	0.01334	0.00942	0.21309	0.22439	0.06765	0.07919	0.02764	0.04647	0.04495	0.10564	0.00334	0.00704	0.03301	0.04642	0.00877
2	0.01453	0.00906	0.01088	0.01002	0.01266	0.00877	0.00782	0.09069	0.06945	0.15608	0.11111	0.18729	0.19234	0.01390	0.00746	0.00227	0.00456	0.07701	0.00658	0.00751
3	0.01233	0.00773	0.00969	0.00928	0.01115	0.00738	0.00687	0.06665	0.01590	0.11495	0.18692	0.28287	0.12727	0.04944	0.05802	0.00297	0.00503	0.01262	0.00628	0.00663
4	0.01603	0.01256	0.01327	0.01171	0.01486	0.03941	0.00911	0.12075	0.34365	0.05441	0.09945	0.02676	0.04158	0.03895	0.05685	0.00275	0.00604	0.00754	0.07551	0.00880
5	0.01058	0.00712	0.00857	0.00881	0.01004	0.00689	0.00617	0.06976	0.01430	0.04423	0.06338	0.41155	0.11969	0.10431	0.01090	0.02026	0.00429	0.01389	0.05941	0.00584
6	0.07088	0.01050	0.01368	0.01127	0.01478	0.01015	0.06076	0.09012	0.05124	0.22819	0.15304	0.08217	0.12940	0.03482	0.00773	0.00223	0.00516	0.00921	0.00644	0.00823
7	0.04636	0.00799	0.00941	0.00903	0.01092	0.00782	0.00670	0.05822	0.05361	0.06322	0.25232	0.21718	0.13786	0.06493	0.00913	0.00250	0.00412	0.02588	0.00630	0.00651
8	0.00884	0.00652	0.00825	0.00928	0.00997	0.00648	0.00631	0.01157	0.08052	0.01712	0.03276	0.60846	0.03792	0.08354	0.03713	0.00317	0.00459	0.01613	0.00579	0.00564
9	0.08736	0.00802	0.01177	0.01118	0.01289	0.00775	0.09836	0.01179	0.01292	0.01855	0.05268	0.47608	0.07858	0.04588	0.00869	0.00261	0.00493	0.03867	0.00540	0.00588
10	0.01209	0.00768	0.01049	0.00995	0.01178	0.00720	0.04183	0.01446	0.04374	0.12816	0.06962	0.34979	0.12491	0.09642	0.03812	0.00307	0.00511	0.01319	0.00594	0.00647
11	0.01239	0.00836	0.01004	0.00974	0.01170	0.00825	0.00733	0.08099	0.06989	0.08043	0.10005	0.25416	0.15212	0.05830	0.00971	0.03139	0.00460	0.07775	0.00612	0.00668
12	0.02295	0.01689	0.01824	0.01430	0.01901	0.01861	0.01167	0.64323	0.02864	0.03838	0.01746	0.08830	0.01406	0.00896	0.00664	0.00201	0.00679	0.00703	0.00642	0.01043
13	0.04314	0.00910	0.01060	0.01023	0.01159	0.05591	0.00765	0.04750	0.01171	0.01638	0.01706	0.02700	0.01658	0.19555	0.48160	0.00819	0.01360	0.00708	0.00372	0.00580
14	0.01726	0.01592	0.05167	0.05964	0.25367	0.08272	0.01404	0.14525	0.05917	0.05994	0.06500	0.02281	0.08273	0.00855	0.00714	0.02689	0.00704	0.00683	0.00471	0.00901
15	0.01030	0.00746	0.00952	0.00903	0.01117	0.00674	0.03420	0.01295	0.03599	0.07223	0.18635	0.16339	0.33389	0.01517	0.00771	0.00227	0.00403	0.06506	0.00627	0.00626

[dist]
# distance from previous block
# <min> <max>
0	6

[block]
# block no. 7 follows, 34 sequences, length 60
# corresponding to MSA columns:
# 293-352
name=unknown_H
#
# <colnr> <probs for GDERKNQSTAVLIFYWHMCP>
#	G	D	E	R	K	N	Q	S	T	A	V	L	I	F	Y	W	H	M	C	P
0	0.02309	0.08325	0.01937	0.01473	0.01902	0.29665	0.01181	0.35427	0.02342	0.02822	0.01320	0.01412	0.01008	0.00715	0.00592	0.00176	0.00859	0.00501	0.05118	0.00915
1	0.05666	0.00637	0.00870	0.00843	0.00898	0.00631	0.00573	0.00951	0.00889	0.01285	0.01153	0.01980	0.01145	0.05490	0.02323	0.68283	0.00556	0.00556	0.00298	0.04972
2	0.04129	0.12439	0.05734	0.01518	0.03568	0.33169	0.03273	0.12079	0.01810	0.06332	0.02819	0.03204	0.01195	0.05120	0.00742	0.00203	0.00894	0.00537	0.00413	0.00822
3	0.00959	0.00672	0.00819	0.00797	0.00857	0.00682	0.00510	0.01029	0.00986	0.01360	0.01914	0.03668	0.02098	0.55987	0.19775	0.00692	0.00875	0.00850	0.00380	0.05091
4	0.00795	0.00590	0.00743	0.00853	0.00935	0.00539	0.00589	0.00932	0.01321	0.01724	0.07731	0.57295	0.18166	0.01904	0.00811	0.00251	0.00367	0.03313	0.00605	0.00535
5	0.01595	0.11133	0.09390	0.09567	0.06081	0.04308	0.10007	0.08378	0.10687	0.05437	0.01540	0.01924	0.01252	0.06916	0.06958	0.00301	0.02651	0.00616	0.00410	0.00848
6	0.05352	0.01464	0.01830	0.01418	0.01893	0.04968	0.08599	0.25345	0.02158	0.30087	0.06032	0.04527	0.01645	0.00822	0.00661	0.00201	0.00670	0.00687	0.00648	0.00995
7	0.01580	0.01417	0.01355	0.01221	0.01535	0.10042	0.00942	0.05606	0.42892	0.02586	0.15692	0.02685	0.02562	0.00924	0.00654	0.00204	0.00544	0.00762	0.05909	0.00887
8	0.00924	0.00689	0.01021	0.01021	0.01130	0.00798	0.00786	0.01143	0.01033	0.01487	0.01747	0.02627	0.01654	0.08641	0.70989	0.01017	0.01673	0.00705	0.00349	0.00567
9	0.48034	0.01014	0.00927	0.00884	0.01152	0.01133	0.00691	0.01606	0.03762	0.02336	0.01589	0.05814	0.03779	0.04606	0.00973	0.13817	0.00512	0.06342	0.00422	0.00605
10	0.01685	0.01157	0.03177	0.01248	0.03549	0.01106	0.04138	0.15732	0.06039	0.16068	0.25410	0.03466	0.08767	0.01065	0.00712	0.00208	0.00526	0.04441	0.00657	0.00849
11	0.01075	0.04889	0.01227	0.05338	0.01422	0.03622	0.04336	0.01367	0.04866	0.03354	0.08661	0.27560	0.17977	0.01636	0.04144	0.00268	0.00560	0.06522	0.00544	0.00633
12	0.00880	0.00646	0.00762	0.00801	0.00951	0.00577	0.00585	0.01049	0.01430	0.03950	0.12621	0.26716	0.34559	0.05403	0.00911	0.00255	0.00380	0.06357	0.00608	0.00559
13	0.01867	0.01806	0.01708	0.14257	0.02285	0.18438	0.01242	0.14189	0.32253	0.02492	0.01820	0.01863	0.01374	0.00772	0.00636	0.00202	0.00755	0.00607	0.00517	0.00920
14	0.01019	0.00690	0.00778	0.00754	0.00784	0.00703	0.00446	0.04621	0.01052	0.01407	0.02003	0.04046	0.02265	0.71469	0.04940	0.00614	0.00659	0.00915	0.00404	0.00433
15	0.06229	0.09181	0.29017	0.01664	0.05709	0.01696	0.03160	0.23269	0.01916	0.10079	0.01391	0.01481	0.00993	0.00673	0.00602	0.00194	0.00784	0.00519	0.00452	0.00990
16	0.01618	0.01483	0.02363	0.04993	0.57495	0.01502	0.01766	0.09753	0.01646	0.02293	0.01704	0.01988	0.07126	0.00690	0.00651	0.00195	0.00726	0.00643	0.00380	0.00985
17	0.01065	0.00898	0.00947	0.00954	0.01104	0.07300	0.00700	0.04406	0.01620	0.02115	0.28440	0.30780	0.11040	0.01544	0.00770	0.00227	0.00442	0.04425	0.00618	0.00607
18	0.01276	0.00839	0.01001	0.04106	0.01209	0.00851	0.00688	0.03908	0.08842	0.09930	0.04960	0.04043	0.12743	0.33733	0.04586	0.00424	0.00604	0.05109	0.00522	0.00626
19	0.01340	0.01148	0.01340	0.00957	0.01531	0.00861	0.00766	0.01627	0.01340	0.02105	0.01148	0.01340	0.00957	0.00479	0.00479	0.00096	0.00479	0.00383	0.00383	0.81242
20	0.02414	0.03079	0.01831	0.01665	0.01998	0.74698	0.01248	0.02580	0.01831	0.01581	0.00999	0.01165	0.00832	0.00666	0.00583	0.00166	0.01165	0.00416	0.00333	0.00749
21	0.00800	0.00580	0.00759	0.00898	0.00956	0.00539	0.00617	0.00927	0.01269	0.01673	0.03774	0.67632	0.09330	0.01982	0.00824	0.00261	0.00384	0.05665	0.00600	0.00530
22	0.81856	0.01250	0.00950	0.00850	0.01250	0.01449	0.00700	0.01899	0.01100	0.02899	0.00900	0.01050	0.00700	0.00600	0.00400	0.00200	0.00500	0.00350	0.00400	0.00700
23	0.00785	0.00570	0.00742	0.00879	0.00932	0.00527	0.00591	0.00902	0.01257	0.01658	0.03814	0.70885	0.10096	0.01991	0.00820	0.00259	0.00371	0.01797	0.00600	0.00527
24	0.01122	0.00561	0.00842	0.00842	0.00842	0.00561	0.00561	0.00842	0.00842	0.01122	0.01122	0.01964	0.01122	0.02245	0.02525	0.81201	0.00561	0.00561	0.00281	0.00281
25	0.01122	0.00561	0.00842	0.00842	0.00842	0.00561	0.00561	0.00842	0.00842	0.01122	0.01122	0.01964	0.01122	0.02245	0.02525	0.81201	0.00561	0.00561	0.00281	0.00281
26	0.00923	0.00692	0.01038	0.01038	0.01154	0.00808	0.00808	0.01154	0.01038	0.01500	0.01731	0.02538	0.01615	0.04846	0.74732	0.01038	0.01731	0.00692	0.00346	0.00577
27	0.00932	0.00623	0.00707	0.00714	0.00716	0.00621	0.00402	0.00938	0.00954	0.01272	0.02111	0.07783	0.02443	0.73609	0.03168	0.00609	0.00614	0.00984	0.00402	0.00398
28	0.00940	0.00626	0.00705	0.00705	0.00705	0.00626	0.00392	0.00940	0.00940	0.01253	0.02036	0.04228	0.02349	0.77292	0.03289	0.00626	0.00626	0.00940	0.00392	0.00392
29	0.00881	0.00673	0.00734	0.00709	0.00924	0.00576	0.00535	0.01079	0.01566	0.04764	0.21053	0.05753	0.55409	0.01534	0.00759	0.00214	0.00331	0.01292	0.00632	0.00581
30	0.01296	0.03342	0.73944	0.01842	0.02797	0.01501	0.02387	0.02046	0.01364	0.02046	0.01160	0.01364	0.00818	0.00614	0.00614	0.00205	0.00955	0.00477	0.00273	0.00955
31	0.01014	0.00724	0.01010	0.01159	0.01296	0.00720	0.00994	0.01292	0.01461	0.01903	0.03436	0.14717	0.03778	0.01810	0.00885	0.00294	0.00571	0.61752	0.00595	0.00587
32	0.00940	0.00626	0.00705	0.00705	0.00705	0.00626	0.00392	0.00940	0.00940	0.01253	0.02036	0.04228	0.02349	0.77292	0.03289	0.00626	0.00626	0.00940	0.00392	0.00392
33	0.01545	0.29227	0.28733	0.01595	0.02273	0.01895	0.09512	0.05265	0.07437	0.02006	0.01311	0.01610	0.01060	0.00658	0.00576	0.00187	0.00814	0.03054	0.00342	0.00900
34	0.01504	0.01626	0.20434	0.01315	0.01755	0.01163	0.01292	0.08751	0.09231	0.10457	0.04607	0.03506	0.02139	0.12356	0.01092	0.00289	0.00682	0.16467	0.00519	0.00814
35	0.00939	0.00629	0.00718	0.00718	0.00722	0.00634	0.00408	0.00948	0.00944	0.01263	0.02024	0.04162	0.02320	0.74442	0.06100	0.00643	0.00670	0.00930	0.00390	0.00399
36	0.00783	0.00644	0.00689	0.00702	0.00891	0.00550	0.00517	0.00955	0.01481	0.01824	0.13250	0.14957	0.57218	0.01652	0.00771	0.00222	0.00331	0.01402	0.00612	0.00550
37	0.01340	0.01148	0.01340	0.00957	0.01531	0.00861	0.00766	0.01627	0.01340	0.02105	0.01148	0.01340	0.00957	0.00479	0.00479	0.00096	0.00479	0.00383	0.00383	0.81242
38	0.00940	0.00626	0.00705	0.00705	0.00705	0.00626	0.00392	0.00940	0.00940	0.01253	0.02036	0.04228	0.02349	0.77292	0.03289	0.00626	0.00626	0.00940	0.00392	0.00392
