[name]
unknown

[dist]
# distance from previous block
# <min> <max>
12	32

[block]
# block no. 0 follows, 33 sequences, length 9
# corresponding to MSA columns:
# 38-46
name=unknown_A
#
# <colnr> <probs for GDERKNQSTAVLIFYWHMCP>
#	G	D	E	R	K	N	Q	S	T	A	V	L	I	F	Y	W	H	M	C	P
0	0.15677	0.01464	0.01759	0.01459	0.01830	0.10524	0.14716	0.05292	0.08479	0.05404	0.01925	0.17403	0.01820	0.03235	0.02097	0.00241	0.00728	0.00856	0.00481	0.04609
1	0.10001	0.00994	0.01408	0.28702	0.08262	0.01102	0.01162	0.01490	0.01423	0.02060	0.18842	0.03121	0.09178	0.08496	0.00938	0.00255	0.00617	0.00819	0.00453	0.00679
2	0.01302	0.01027	0.01376	0.22988	0.02229	0.01135	0.01092	0.15793	0.01685	0.02229	0.05648	0.29741	0.05002	0.04669	0.00855	0.00251	0.00607	0.01134	0.00523	0.00714
3	0.01660	0.01007	0.01311	0.01355	0.09149	0.00996	0.00898	0.10656	0.01581	0.17414	0.02320	0.10445	0.02240	0.27431	0.01636	0.00369	0.00621	0.07600	0.00556	0.00754
4	0.01134	0.00919	0.01428	0.09592	0.09154	0.00890	0.07586	0.01393	0.01463	0.05800	0.09699	0.26650	0.18890	0.01385	0.00765	0.00231	0.00541	0.01252	0.00541	0.00688
5	0.01604	0.01303	0.01851	0.45264	0.03391	0.01535	0.01519	0.21938	0.01791	0.02351	0.01288	0.01731	0.00978	0.00877	0.00870	0.09126	0.00799	0.00586	0.00400	0.00797
6	0.18124	0.01475	0.01367	0.03178	0.01620	0.15243	0.00936	0.04518	0.01652	0.29121	0.01957	0.09172	0.01535	0.00864	0.00601	0.00200	0.00650	0.00668	0.06255	0.00865
7	0.17543	0.01501	0.02282	0.01749	0.02224	0.03583	0.28428	0.14131	0.01719	0.02555	0.02036	0.09205	0.08399	0.00867	0.00683	0.00217	0.00776	0.00816	0.00461	0.00824
8	0.09862	0.01783	0.02081	0.01586	0.02116	0.01949	0.08456	0.56897	0.02747	0.03822	0.01492	0.01553	0.01069	0.00749	0.00647	0.00201	0.00745	0.00590	0.00601	0.01057

[dist]
# distance from previous block
# <min> <max>
0	5

[block]
# block no. 1 follows, 33 sequences, length 126
# corresponding to MSA columns:
# 52-177
name=unknown_B
#
# <colnr> <probs for GDERKNQSTAVLIFYWHMCP>
#	G	D	E	R	K	N	Q	S	T	A	V	L	I	F	Y	W	H	M	C	P
0	0.03786	0.01584	0.01637	0.03821	0.04542	0.07776	0.01131	0.21004	0.29930	0.02892	0.07528	0.02340	0.04777	0.00897	0.00716	0.00211	0.03164	0.00711	0.00596	0.00958
1	0.02459	0.03138	0.01866	0.01696	0.02035	0.74221	0.01272	0.02629	0.01866	0.01611	0.01018	0.01187	0.00848	0.00678	0.00594	0.00170	0.01187	0.00424	0.00339	0.00763
2	0.02637	0.01315	0.01604	0.01267	0.01726	0.03739	0.01036	0.12762	0.06788	0.49987	0.04670	0.02174	0.01671	0.00847	0.00739	0.00207	0.04365	0.00663	0.00736	0.01066
3	0.00805	0.00576	0.00767	0.00914	0.00956	0.00537	0.00611	0.00925	0.01276	0.01706	0.05433	0.74558	0.04403	0.02044	0.00839	0.00266	0.00380	0.01854	0.00614	0.00537
4	0.02198	0.02511	0.01751	0.01571	0.01932	0.46835	0.01197	0.06792	0.24272	0.02122	0.01582	0.01616	0.01236	0.00754	0.00622	0.00188	0.00947	0.00536	0.00463	0.00873
5	0.01651	0.01625	0.02612	0.10251	0.54226	0.05170	0.07040	0.03786	0.03310	0.02143	0.01273	0.01650	0.01041	0.00608	0.00659	0.00199	0.00827	0.00597	0.00341	0.00991
6	0.07418	0.05574	0.01776	0.01417	0.01834	0.16637	0.03955	0.12466	0.24190	0.12050	0.01942	0.04713	0.01495	0.00819	0.00632	0.00202	0.00721	0.00645	0.00566	0.00948
7	0.03901	0.01994	0.17543	0.02487	0.12039	0.01549	0.35947	0.03999	0.01579	0.10308	0.01429	0.01706	0.01038	0.00611	0.00703	0.00213	0.00950	0.00663	0.00386	0.00953
8	0.00825	0.00601	0.00780	0.00913	0.00971	0.00566	0.00617	0.00991	0.03059	0.01737	0.05500	0.69305	0.07696	0.01995	0.00831	0.00263	0.00381	0.01802	0.00615	0.00551
9	0.01365	0.01170	0.01365	0.00975	0.01560	0.00878	0.00780	0.01658	0.01365	0.02145	0.01170	0.01365	0.00975	0.00488	0.00488	0.00098	0.00488	0.00390	0.00390	0.80888
10	0.00957	0.00638	0.00718	0.00718	0.00718	0.00638	0.00399	0.00957	0.00957	0.01276	0.02074	0.04308	0.02393	0.76864	0.03351	0.00638	0.00638	0.00957	0.00399	0.00399
11	0.01527	0.01263	0.01530	0.04663	0.10462	0.01397	0.01116	0.04947	0.41739	0.04720	0.02586	0.16775	0.02261	0.01069	0.00700	0.00227	0.00549	0.00931	0.00604	0.00935
12	0.00996	0.00761	0.01058	0.01029	0.01101	0.00891	0.00764	0.01155	0.01024	0.01462	0.01761	0.02962	0.01780	0.25100	0.46676	0.00860	0.08949	0.00764	0.00359	0.00547
13	0.02362	0.01847	0.01877	0.01478	0.01968	0.06693	0.01205	0.58045	0.08215	0.03776	0.01839	0.01820	0.04135	0.00827	0.00660	0.00199	0.00723	0.00626	0.00636	0.01067
14	0.09992	0.01556	0.01887	0.01657	0.08967	0.04327	0.06558	0.25754	0.03878	0.11855	0.01601	0.04087	0.01224	0.00731	0.00620	0.00187	0.00683	0.00600	0.00540	0.13296
15	0.02083	0.01854	0.06193	0.01659	0.02175	0.06626	0.11003	0.30376	0.21508	0.06825	0.01841	0.01847	0.01340	0.00770	0.00672	0.00207	0.00759	0.00647	0.00581	0.01033
16	0.78182	0.01362	0.03979	0.00908	0.01339	0.01479	0.00784	0.01941	0.01132	0.02918	0.00928	0.01083	0.00718	0.00612	0.00416	0.00204	0.00529	0.00362	0.00402	0.00724
17	0.01365	0.01170	0.01365	0.00975	0.01560	0.00878	0.00780	0.01658	0.01365	0.02145	0.01170	0.01365	0.00975	0.00488	0.00488	0.00098	0.00488	0.00390	0.00390	0.80888
18	0.01783	0.01504	0.02238	0.02282	0.21103	0.01550	0.12969	0.21600	0.08512	0.04970	0.01981	0.11026	0.03655	0.00887	0.00704	0.00213	0.00727	0.00818	0.00513	0.00965
19	0.02119	0.01265	0.04667	0.01373	0.03586	0.01140	0.06345	0.08590	0.08930	0.34296	0.02552	0.11216	0.04294	0.05459	0.00854	0.00240	0.00612	0.00850	0.00658	0.00955
20	0.00910	0.00672	0.00849	0.00805	0.00970	0.00612	0.00604	0.01200	0.01811	0.02516	0.62962	0.05121	0.15737	0.01392	0.00777	0.00209	0.00314	0.01219	0.00708	0.00612
21	0.01476	0.01396	0.02361	0.19631	0.51731	0.01458	0.01863	0.01855	0.01439	0.02008	0.01418	0.07754	0.01276	0.00723	0.00669	0.00207	0.00771	0.00691	0.00342	0.00932
22	0.00941	0.00704	0.01049	0.01049	0.01163	0.00818	0.00812	0.01170	0.01055	0.01522	0.01772	0.02632	0.01666	0.06851	0.72368	0.01047	0.01733	0.00712	0.00354	0.00583
23	0.01711	0.01451	0.01530	0.01355	0.01740	0.01672	0.01060	0.09182	0.65765	0.02872	0.02586	0.02382	0.01934	0.00884	0.00669	0.00221	0.00538	0.00731	0.00669	0.01049
24	0.02103	0.06670	0.02032	0.06420	0.15887	0.10572	0.01347	0.16762	0.15482	0.13464	0.01745	0.01789	0.01289	0.00737	0.00636	0.00197	0.00736	0.00595	0.00533	0.01004
25	0.01596	0.22355	0.07966	0.02273	0.02930	0.01912	0.47479	0.02070	0.01485	0.01955	0.01210	0.01557	0.00947	0.00561	0.00672	0.00199	0.00991	0.00644	0.00316	0.00881
26	0.01440	0.01440	0.02016	0.01728	0.01728	0.02016	0.01440	0.01584	0.01008	0.01584	0.00864	0.01440	0.00864	0.01152	0.02160	0.00288	0.75659	0.00576	0.00288	0.00720
27	0.01320	0.03405	0.73453	0.01876	0.02849	0.01529	0.02432	0.02085	0.01390	0.02085	0.01181	0.01390	0.00834	0.00625	0.00625	0.00208	0.00973	0.00486	0.00278	0.00973
28	0.01144	0.00572	0.00858	0.00858	0.00858	0.00572	0.00572	0.00858	0.00858	0.01144	0.01144	0.02001	0.01144	0.02287	0.02573	0.80846	0.00572	0.00572	0.00286	0.00286
29	0.00801	0.00654	0.00709	0.00724	0.00911	0.00561	0.00532	0.00979	0.01512	0.01875	0.14700	0.16379	0.54007	0.01683	0.00787	0.00227	0.00338	0.01434	0.00626	0.00561
30	0.02917	0.01179	0.01564	0.01199	0.01710	0.01055	0.00991	0.08681	0.01983	0.67602	0.02515	0.02187	0.01588	0.00813	0.00662	0.00203	0.00574	0.00656	0.00802	0.01120
31	0.02236	0.00979	0.01316	0.01102	0.01478	0.00878	0.00891	0.02544	0.04023	0.47228	0.14516	0.09166	0.02818	0.01093	0.00717	0.00218	0.00506	0.06587	0.00761	0.00943
32	0.01440	0.01440	0.02016	0.01728	0.01728	0.02016	0.01440	0.01584	0.01008	0.01584	0.00864	0.01440	0.00864	0.01152	0.02160	0.00288	0.75659	0.00576	0.00288	0.00720
33	0.01907	0.02089	0.20769	0.01861	0.02535	0.05111	0.21224	0.10553	0.01759	0.16063	0.01537	0.01675	0.01083	0.00652	0.00665	0.00198	0.00868	0.00604	0.00457	0.08390
34	0.01760	0.77260	0.03450	0.01126	0.01690	0.02605	0.01126	0.01971	0.01338	0.01549	0.00915	0.01056	0.00845	0.00563	0.00422	0.00141	0.00704	0.00352	0.00282	0.00845
35	0.68571	0.01326	0.01275	0.01347	0.11060	0.01494	0.02693	0.01951	0.01183	0.02823	0.00971	0.01164	0.00765	0.00606	0.00450	0.00203	0.00562	0.00399	0.00394	0.00762
36	0.01575	0.01344	0.01432	0.01280	0.01631	0.01536	0.00999	0.06533	0.57754	0.02704	0.05250	0.02819	0.08439	0.00979	0.00719	0.00223	0.02340	0.00806	0.00657	0.00980
37	0.05812	0.01160	0.01502	0.01179	0.01669	0.01065	0.00967	0.03193	0.09985	0.62299	0.02542	0.02221	0.01639	0.00816	0.00653	0.00206	0.00554	0.00660	0.00782	0.01096
38	0.00957	0.00638	0.00718	0.00718	0.00718	0.00638	0.00399	0.00957	0.00957	0.01276	0.02074	0.04308	0.02393	0.76864	0.03351	0.00638	0.00638	0.00957	0.00399	0.00399
39	0.00858	0.00642	0.00797	0.00818	0.00954	0.00580	0.00591	0.01077	0.01601	0.02158	0.36923	0.26657	0.20665	0.01633	0.00796	0.00229	0.00337	0.01440	0.00665	0.00580
40	0.81514	0.01273	0.00968	0.00866	0.01273	0.01477	0.00713	0.01935	0.01120	0.02954	0.00917	0.01069	0.00713	0.00611	0.00407	0.00204	0.00509	0.00356	0.00407	0.00713
41	0.00788	0.00667	0.00681	0.00678	0.00895	0.00560	0.00508	0.00964	0.01524	0.01835	0.10990	0.06242	0.68133	0.01646	0.00778	0.00221	0.00332	0.01376	0.00619	0.00560
42	0.01667	0.01429	0.01505	0.01346	0.01723	0.01651	0.01049	0.05769	0.69249	0.02801	0.02642	0.02427	0.01979	0.00890	0.00669	0.00222	0.00528	0.00739	0.00669	0.01045
43	0.01635	0.10867	0.02718	0.05572	0.60278	0.01691	0.01880	0.02044	0.03302	0.02080	0.01234	0.01584	0.01039	0.00594	0.00624	0.00190	0.00768	0.00562	0.00328	0.01010
44	0.00940	0.00705	0.01058	0.01058	0.01176	0.00823	0.00823	0.01176	0.01058	0.01528	0.01763	0.02586	0.01646	0.04937	0.74255	0.01058	0.01763	0.00705	0.00353	0.00588
45	0.02954	0.01120	0.01528	0.01171	0.01681	0.00968	0.00968	0.03208	0.01884	0.73213	0.02597	0.02241	0.01630	0.00815	0.00662	0.00204	0.00560	0.00662	0.00815	0.01120
46	0.02733	0.01238	0.01572	0.01231	0.01724	0.01172	0.01008	0.10623	0.11081	0.56483	0.02497	0.02196	0.01623	0.00822	0.00663	0.00206	0.00573	0.00665	0.00779	0.01110
47	0.01907	0.67888	0.03213	0.01132	0.01689	0.02403	0.01107	0.02124	0.01405	0.10370	0.01122	0.01202	0.00941	0.00594	0.00452	0.00149	0.00686	0.00390	0.00347	0.00879
48	0.02923	0.01169	0.01558	0.01194	0.01705	0.01040	0.00987	0.07720	0.01965	0.68587	0.02529	0.02197	0.01595	0.00813	0.00662	0.00203	0.00571	0.00657	0.00804	0.01120
49	0.00802	0.00573	0.00764	0.00917	0.00955	0.00535	0.00611	0.00917	0.01260	0.01681	0.03628	0.76434	0.04354	0.02062	0.00840	0.00267	0.00382	0.01872	0.00611	0.00535
50	0.81514	0.01273	0.00968	0.00866	0.01273	0.01477	0.00713	0.01935	0.01120	0.02954	0.00917	0.01069	0.00713	0.00611	0.00407	0.00204	0.00509	0.00356	0.00407	0.00713
51	0.01760	0.77260	0.03450	0.01126	0.01690	0.02605	0.01126	0.01971	0.01338	0.01549	0.00915	0.01056	0.00845	0.00563	0.00422	0.00141	0.00704	0.00352	0.00282	0.00845
52	0.02750	0.01098	0.01477	0.01152	0.01629	0.00967	0.00944	0.03070	0.04554	0.65153	0.07901	0.02452	0.01992	0.00858	0.00671	0.00205	0.00540	0.00705	0.00802	0.01079
53	0.01637	0.01414	0.01489	0.01340	0.01712	0.01637	0.01042	0.03498	0.71568	0.02754	0.02679	0.02456	0.02010	0.00893	0.00670	0.00223	0.00521	0.00744	0.00670	0.01042
54	0.00940	0.00705	0.01058	0.01058	0.01176	0.00823	0.00823	0.01176	0.01058	0.01528	0.01763	0.02586	0.01646	0.04937	0.74255	0.01058	0.01763	0.00705	0.00353	0.00588
55	0.00884	0.00671	0.00814	0.00778	0.00954	0.00601	0.00584	0.01150	0.01751	0.02373	0.52028	0.05357	0.26760	0.01446	0.00777	0.00212	0.00318	0.01252	0.00690	0.00601
56	0.01320	0.03405	0.73453	0.01876	0.02849	0.01529	0.02432	0.02085	0.01390	0.02085	0.01181	0.01390	0.00834	0.00625	0.00625	0.00208	0.00973	0.00486	0.00278	0.00973
57	0.00801	0.00576	0.00761	0.00909	0.00953	0.00535	0.00608	0.00918	0.01268	0.01684	0.03721	0.74312	0.06417	0.02051	0.00838	0.00266	0.00380	0.01857	0.00611	0.00535
58	0.01365	0.01170	0.01365	0.00975	0.01560	0.00878	0.00780	0.01658	0.01365	0.02145	0.01170	0.01365	0.00975	0.00488	0.00488	0.00098	0.00488	0.00390	0.00390	0.80888
59	0.01502	0.13464	0.55980	0.01703	0.02564	0.01646	0.02096	0.02202	0.04331	0.06713	0.01300	0.01444	0.00937	0.00640	0.00601	0.00199	0.00890	0.00490	0.00330	0.00968
60	0.01438	0.00985	0.01249	0.01112	0.03441	0.00920	0.02739	0.01971	0.12977	0.13645	0.24915	0.05383	0.13553	0.01093	0.00700	0.00198	0.00450	0.00943	0.00643	0.11646
61	0.22336	0.33842	0.19350	0.01285	0.01887	0.08025	0.01343	0.02044	0.01338	0.02045	0.00988	0.01150	0.00808	0.00600	0.00481	0.00176	0.00758	0.00391	0.00318	0.00834
62	0.01772	0.01388	0.01563	0.07343	0.01949	0.01572	0.01116	0.13173	0.46328	0.07442	0.02447	0.05235	0.01902	0.00925	0.00680	0.00222	0.00580	0.02717	0.00643	0.01001
63	0.01512	0.05196	0.44725	0.01783	0.02559	0.01500	0.10575	0.05925	0.04254	0.06902	0.05126	0.01879	0.03665	0.00718	0.00656	0.00208	0.00868	0.00612	0.00390	0.00946
64	0.00844	0.00635	0.00776	0.00812	0.00940	0.00573	0.00578	0.01037	0.01523	0.02023	0.27877	0.30731	0.23599	0.03891	0.00875	0.00245	0.00352	0.01480	0.00644	0.00566
65	0.01659	0.08675	0.54064	0.01692	0.02543	0.01535	0.02055	0.04334	0.01519	0.13804	0.01406	0.01510	0.00974	0.00657	0.00617	0.00202	0.00877	0.00508	0.00378	0.00992
66	0.02278	0.01453	0.09771	0.01682	0.08354	0.01140	0.10217	0.02645	0.01750	0.42939	0.08916	0.02291	0.01851	0.00791	0.00683	0.00206	0.00673	0.00702	0.00641	0.01019
67	0.67087	0.01597	0.06649	0.01025	0.01474	0.07103	0.00903	0.03871	0.01252	0.02816	0.00963	0.01117	0.00744	0.00622	0.00445	0.00201	0.00603	0.00378	0.00399	0.00748
68	0.01487	0.31348	0.46967	0.01593	0.02411	0.01936	0.01938	0.02042	0.01370	0.01882	0.01081	0.01264	0.00838	0.00602	0.00549	0.00183	0.00871	0.00436	0.00279	0.00924
69	0.07646	0.01805	0.01858	0.01448	0.01955	0.04925	0.01188	0.57028	0.05185	0.05878	0.01570	0.01574	0.01123	0.00770	0.00635	0.00195	0.00711	0.00572	0.00626	0.03307
70	0.00845	0.00632	0.00783	0.00857	0.00963	0.00588	0.00610	0.01003	0.01363	0.01777	0.10720	0.37308	0.21764	0.07642	0.05208	0.00325	0.00476	0.05999	0.00591	0.00546
71	0.71830	0.01343	0.01091	0.00945	0.01367	0.01546	0.00779	0.10346	0.01362	0.03100	0.00998	0.01132	0.00763	0.00633	0.00438	0.00203	0.00536	0.00385	0.00438	0.00763
72	0.02503	0.01844	0.01976	0.01515	0.02042	0.02042	0.01251	0.70562	0.03095	0.04149	0.01581	0.01581	0.01120	0.00790	0.00659	0.00198	0.00724	0.00593	0.00659	0.01120
73	0.00884	0.00662	0.00821	0.00801	0.00960	0.00598	0.00593	0.01143	0.01722	0.02351	0.50809	0.12372	0.20884	0.01489	0.00783	0.00216	0.00323	0.01303	0.00688	0.00598
74	0.01320	0.03405	0.73453	0.01876	0.02849	0.01529	0.02432	0.02085	0.01390	0.02085	0.01181	0.01390	0.00834	0.00625	0.00625	0.00208	0.00973	0.00486	0.00278	0.00973
75	0.02503	0.01844	0.01976	0.01515	0.02042	0.02042	0.01251	0.70562	0.03095	0.04149	0.01581	0.01581	0.01120	0.00790	0.00659	0.00198	0.00724	0.00593	0.00659	0.01120
76	0.00932	0.00673	0.00880	0.00828	0.00984	0.00621	0.00621	0.01242	0.01863	0.02640	0.72410	0.04918	0.06212	0.01346	0.00776	0.00207	0.00311	0.01191	0.00725	0.00621
77	0.01629	0.01564	0.02672	0.04041	0.72757	0.01564	0.02020	0.02020	0.01499	0.02151	0.01238	0.01629	0.01043	0.00587	0.00652	0.00196	0.00782	0.00587	0.00326	0.01043
78	0.02503	0.01844	0.01976	0.01515	0.02042	0.02042	0.01251	0.70562	0.03095	0.04149	0.01581	0.01581	0.01120	0.00790	0.00659	0.00198	0.00724	0.00593	0.00659	0.01120
79	0.02941	0.01141	0.01541	0.01181	0.01691	0.00998	0.00976	0.05146	0.01919	0.71226	0.02568	0.02222	0.01615	0.00814	0.00662	0.00204	0.00565	0.00660	0.00810	0.01120
80	0.02503	0.01844	0.01976	0.01515	0.02042	0.02042	0.01251	0.70562	0.03095	0.04149	0.01581	0.01581	0.01120	0.00790	0.00659	0.00198	0.00724	0.00593	0.00659	0.01120
81	0.01320	0.03405	0.73453	0.01876	0.02849	0.01529	0.02432	0.02085	0.01390	0.02085	0.01181	0.01390	0.00834	0.00625	0.00625	0.00208	0.00973	0.00486	0.00278	0.00973
82	0.00838	0.00665	0.00752	0.00739	0.00928	0.00580	0.00551	0.01057	0.01629	0.02103	0.31651	0.08706	0.44346	0.01561	0.00780	0.00218	0.00327	0.01333	0.00655	0.00580
83	0.00940	0.00705	0.01058	0.01058	0.01176	0.00823	0.00823	0.01176	0.01058	0.01528	0.01763	0.02586	0.01646	0.04937	0.74255	0.01058	0.01763	0.00705	0.00353	0.00588
84	0.01767	0.01479	0.02551	0.01942	0.02440	0.01461	0.32332	0.12502	0.08547	0.10697	0.04382	0.02731	0.01746	0.03267	0.00833	0.00239	0.00829	0.08831	0.00518	0.00906
85	0.01365	0.01170	0.01365	0.00975	0.01560	0.00878	0.00780	0.01658	0.01365	0.02145	0.01170	0.01365	0.00975	0.00488	0.00488	0.00098	0.00488	0.00390	0.00390	0.80888
86	0.01439	0.00776	0.01020	0.00923	0.01158	0.00695	0.00704	0.01694	0.01747	0.21236	0.38299	0.15887	0.09084	0.01342	0.00756	0.00217	0.00390	0.01173	0.00723	0.00736
87	0.11900	0.14294	0.02023	0.01544	0.09430	0.06546	0.01157	0.16473	0.01906	0.26036	0.01650	0.01628	0.01167	0.00709	0.00585	0.00189	0.00678	0.00535	0.00559	0.00992
88	0.75962	0.01293	0.01026	0.00902	0.01317	0.01487	0.00743	0.04890	0.01226	0.04964	0.00992	0.01124	0.00756	0.00624	0.00425	0.00203	0.00520	0.00375	0.00429	0.00742
89	0.01594	0.01685	0.14359	0.01374	0.01841	0.01480	0.01246	0.05273	0.45001	0.06207	0.10483	0.02510	0.02238	0.00890	0.00674	0.00217	0.00587	0.00741	0.00613	0.00987
90	0.00904	0.00669	0.00843	0.00806	0.00968	0.00608	0.00602	0.01185	0.01787	0.02474	0.59880	0.07596	0.16396	0.01420	0.00779	0.00211	0.00317	0.01245	0.00703	0.00608
91	0.01089	0.01124	0.08623	0.01240	0.04176	0.00914	0.04848	0.01604	0.09697	0.02330	0.33809	0.13854	0.09529	0.01282	0.00757	0.00222	0.00486	0.03089	0.00607	0.00720
92	0.07070	0.03252	0.68256	0.01804	0.02736	0.01525	0.02309	0.02074	0.01371	0.02147	0.01162	0.01367	0.00825	0.00624	0.00610	0.00208	0.00940	0.00477	0.00287	0.00954
93	0.10952	0.00901	0.01067	0.00921	0.01228	0.00848	0.00727	0.03761	0.01754	0.22519	0.30985	0.03862	0.15572	0.01150	0.00698	0.00208	0.00420	0.00961	0.00692	0.00776
94	0.02408	0.03052	0.01873	0.01698	0.02020	0.70595	0.01280	0.02576	0.01823	0.01610	0.01010	0.01200	0.00849	0.00702	0.00672	0.00176	0.04927	0.00432	0.00337	0.00761
95	0.04012	0.05341	0.28082	0.01564	0.02190	0.03707	0.03936	0.04522	0.28634	0.08482	0.01874	0.01864	0.01367	0.00746	0.00636	0.00210	0.00743	0.00603	0.00493	0.00994
96	0.02279	0.04539	0.10969	0.01666	0.06917	0.13785	0.03146	0.09546	0.06277	0.27325	0.01770	0.01761	0.01242	0.00758	0.00724	0.00202	0.04976	0.00580	0.00547	0.00993
97	0.00802	0.00573	0.00764	0.00917	0.00955	0.00535	0.00611	0.00917	0.01260	0.01681	0.03628	0.76434	0.04354	0.02062	0.00840	0.00267	0.00382	0.01872	0.00611	0.00535
98	0.01599	0.06088	0.47416	0.01806	0.02593	0.10765	0.06517	0.09021	0.01634	0.02203	0.01375	0.01553	0.03163	0.00675	0.00631	0.00201	0.00952	0.00532	0.00338	0.00937
99	0.01913	0.20554	0.28604	0.01559	0.02230	0.12304	0.01641	0.14774	0.01791	0.06943	0.01261	0.01372	0.00943	0.00661	0.00581	0.00184	0.00867	0.00476	0.00393	0.00949
100	0.02248	0.01899	0.02019	0.01744	0.06762	0.13539	0.05216	0.38024	0.05364	0.07111	0.01606	0.04709	0.01252	0.00822	0.00738	0.00203	0.04556	0.00638	0.00555	0.00996
101	0.01445	0.01168	0.01373	0.00985	0.01566	0.00882	0.00789	0.01736	0.01391	0.05714	0.01242	0.01409	0.01008	0.00504	0.00496	0.00103	0.00491	0.00404	0.00411	0.76883
102	0.11965	0.05501	0.03483	0.02444	0.03071	0.01688	0.57829	0.02079	0.01487	0.02191	0.01257	0.01648	0.00954	0.00563	0.00711	0.00216	0.01011	0.00701	0.00340	0.00863
103	0.00826	0.00593	0.00794	0.00912	0.00970	0.00560	0.00623	0.00972	0.01329	0.01798	0.12482	0.63423	0.04460	0.02114	0.04518	0.00299	0.00442	0.01724	0.00613	0.00549
104	0.00800	0.00662	0.00701	0.00704	0.00906	0.00563	0.00523	0.00982	0.01532	0.01884	0.15021	0.10759	0.59390	0.01651	0.00782	0.00223	0.00334	0.01395	0.00626	0.00563
105	0.02459	0.03138	0.01866	0.01696	0.02035	0.74221	0.01272	0.02629	0.01866	0.01611	0.01018	0.01187	0.00848	0.00678	0.00594	0.00170	0.01187	0.00424	0.00339	0.00763
106	0.01666	0.02395	0.33027	0.01915	0.04510	0.01620	0.14301	0.15783	0.08938	0.04542	0.01657	0.01795	0.03356	0.00710	0.00671	0.00210	0.00865	0.00623	0.00430	0.00986
107	0.01760	0.77260	0.03450	0.01126	0.01690	0.02605	0.01126	0.01971	0.01338	0.01549	0.00915	0.01056	0.00845	0.00563	0.00422	0.00141	0.00704	0.00352	0.00282	0.00845
108	0.01365	0.01170	0.01365	0.00975	0.01560	0.00878	0.00780	0.01658	0.01365	0.02145	0.01170	0.01365	0.00975	0.00488	0.00488	0.00098	0.00488	0.00390	0.00390	0.80888
109	0.01111	0.00778	0.01123	0.01188	0.01350	0.00759	0.03865	0.01402	0.03144	0.05503	0.03374	0.28157	0.03693	0.01767	0.00864	0.00282	0.00554	0.39846	0.00608	0.00633
110	0.81514	0.01273	0.00968	0.00866	0.01273	0.01477	0.00713	0.01935	0.01120	0.02954	0.00917	0.01069	0.00713	0.00611	0.00407	0.00204	0.00509	0.00356	0.00407	0.00713
111	0.01831	0.18159	0.20792	0.01936	0.16484	0.01626	0.01591	0.06560	0.01596	0.15666	0.01596	0.06569	0.01285	0.00747	0.00611	0.00194	0.00742	0.00611	0.00438	0.00968
112	0.69334	0.01249	0.01054	0.00913	0.01336	0.01398	0.00752	0.02133	0.01239	0.13847	0.01177	0.01251	0.00855	0.00643	0.00447	0.00204	0.00517	0.00404	0.00471	0.00776
113	0.01144	0.00572	0.00858	0.00858	0.00858	0.00572	0.00572	0.00858	0.00858	0.01144	0.01144	0.02001	0.01144	0.02287	0.02573	0.80846	0.00572	0.00572	0.00286	0.00286
114	0.00818	0.00653	0.00739	0.00798	0.00963	0.00574	0.00596	0.00988	0.01439	0.01776	0.05489	0.24883	0.46372	0.01789	0.00810	0.00244	0.00379	0.09521	0.00611	0.00556
115	0.02103	0.00920	0.01206	0.00990	0.01350	0.00813	0.00793	0.02372	0.01801	0.42664	0.21116	0.03221	0.07247	0.01002	0.00678	0.00200	0.00453	0.00841	0.09329	0.00900
116	0.01563	0.01508	0.02604	0.15708	0.58854	0.01551	0.04635	0.01968	0.01471	0.02072	0.01231	0.01656	0.01014	0.00597	0.00658	0.00200	0.00810	0.00594	0.00321	0.00986
117	0.00876	0.00658	0.00793	0.00844	0.00976	0.00604	0.00624	0.01056	0.01442	0.01865	0.15400	0.21823	0.26989	0.10722	0.01121	0.00293	0.00422	0.12339	0.00603	0.00551
118	0.01515	0.01540	0.05293	0.16315	0.49528	0.01511	0.06768	0.01936	0.01467	0.02053	0.01343	0.01944	0.01140	0.00660	0.00674	0.00208	0.00821	0.03997	0.00333	0.00952
119	0.00821	0.00623	0.00764	0.00832	0.00948	0.00566	0.00587	0.00987	0.01422	0.01858	0.15455	0.40742	0.25374	0.01939	0.03653	0.00275	0.00409	0.01570	0.00619	0.00557
120	0.12360	0.17784	0.10099	0.03450	0.06227	0.20353	0.01345	0.03943	0.01522	0.08388	0.01161	0.01337	0.00920	0.00693	0.00697	0.00190	0.07846	0.00461	0.00374	0.00850
121	0.01746	0.40935	0.21206	0.01406	0.02028	0.09771	0.01471	0.07820	0.01552	0.01919	0.01156	0.04119	0.01001	0.00669	0.00529	0.00171	0.00814	0.00474	0.00331	0.00881
122	0.07719	0.01502	0.11791	0.01217	0.01675	0.05157	0.01096	0.05066	0.04515	0.21580	0.04103	0.14225	0.03794	0.01000	0.00657	0.00205	0.00609	0.03088	0.00569	0.10434
123	0.01834	0.05817	0.12470	0.02081	0.22072	0.05826	0.01462	0.04126	0.04107	0.17661	0.13768	0.02260	0.02039	0.00793	0.00656	0.00198	0.00691	0.00675	0.00513	0.00951
124	0.05004	0.35034	0.15100	0.01423	0.01990	0.20720	0.01382	0.06852	0.01609	0.03894	0.01081	0.01218	0.00879	0.00628	0.00524	0.00168	0.00866	0.00419	0.00341	0.00868
125	0.01017	0.00877	0.01168	0.01361	0.09956	0.03854	0.03473	0.01218	0.01439	0.01890	0.12503	0.42102	0.13367	0.01616	0.00787	0.00238	0.00477	0.01454	0.00568	0.00635

[dist]
# distance from previous block
# <min> <max>
2	4

[block]
# block no. 2 follows, 33 sequences, length 15
# corresponding to MSA columns:
# 182-196
name=unknown_C
#
# <colnr> <probs for GDERKNQSTAVLIFYWHMCP>
#	G	D	E	R	K	N	Q	S	T	A	V	L	I	F	Y	W	H	M	C	P
0	0.06571	0.25856	0.27767	0.01577	0.06432	0.04611	0.01590	0.04035	0.01453	0.05498	0.01159	0.01317	0.00903	0.00606	0.00539	0.00174	0.00785	0.00443	0.00340	0.08345
1	0.17092	0.22309	0.27792	0.06366	0.07040	0.01809	0.01616	0.02062	0.04673	0.02121	0.01133	0.01329	0.00886	0.00618	0.00535	0.00190	0.00770	0.00451	0.00327	0.00881
2	0.00802	0.00573	0.00764	0.00917	0.00955	0.00535	0.00611	0.00917	0.01260	0.01681	0.03628	0.76434	0.04354	0.02062	0.00840	0.00267	0.00382	0.01872	0.00611	0.00535
3	0.00927	0.00657	0.00879	0.00996	0.01073	0.00648	0.00747	0.01096	0.01287	0.01705	0.03204	0.35729	0.03661	0.14517	0.05933	0.00391	0.00590	0.24863	0.00558	0.00541
4	0.02070	0.07148	0.06272	0.01456	0.01949	0.05349	0.01242	0.34629	0.26994	0.03226	0.01871	0.01823	0.01384	0.00795	0.00641	0.00202	0.00688	0.00615	0.00598	0.01047
5	0.00801	0.00579	0.00758	0.00901	0.00951	0.00536	0.00604	0.00918	0.01275	0.01687	0.03815	0.72123	0.08545	0.02038	0.00836	0.00265	0.00379	0.01842	0.00611	0.00536
6	0.01463	0.06052	0.63892	0.01814	0.02716	0.06260	0.02261	0.02152	0.01435	0.04337	0.01207	0.01392	0.00861	0.00633	0.00617	0.00203	0.00963	0.00483	0.00299	0.00959
7	0.01629	0.01785	0.08050	0.07335	0.05326	0.01586	0.54173	0.02162	0.01552	0.07594	0.01407	0.01781	0.01030	0.00587	0.00747	0.00219	0.01034	0.00731	0.00364	0.00906
8	0.00940	0.00705	0.01058	0.01058	0.01176	0.00823	0.00823	0.01176	0.01058	0.01528	0.01763	0.02586	0.01646	0.04937	0.74255	0.01058	0.01763	0.00705	0.00353	0.00588
9	0.01435	0.03245	0.68399	0.01827	0.02767	0.01489	0.02329	0.02164	0.01425	0.07083	0.01281	0.01450	0.00890	0.00639	0.00628	0.00208	0.00944	0.00499	0.00316	0.00983
10	0.03613	0.04051	0.20651	0.08547	0.21369	0.13273	0.10260	0.02190	0.01534	0.06531	0.01265	0.01537	0.00964	0.00628	0.00641	0.00199	0.00922	0.00552	0.00346	0.00927
11	0.01802	0.01353	0.01506	0.01250	0.01548	0.01514	0.00967	0.34957	0.08901	0.02846	0.01798	0.02519	0.01596	0.23395	0.06044	0.00388	0.05513	0.00720	0.00541	0.00843
12	0.00802	0.00573	0.00764	0.00917	0.00955	0.00535	0.00611	0.00917	0.01260	0.01681	0.03628	0.76434	0.04354	0.02062	0.00840	0.00267	0.00382	0.01872	0.00611	0.00535
13	0.01620	0.01526	0.04381	0.07928	0.46591	0.01490	0.07593	0.06781	0.01647	0.04298	0.08257	0.01979	0.01550	0.00684	0.00675	0.00201	0.00765	0.00661	0.00399	0.00974
14	0.01532	0.02479	0.34536	0.01816	0.02383	0.06155	0.06301	0.05938	0.07488	0.02092	0.01245	0.01519	0.00972	0.00803	0.01065	0.00230	0.21650	0.00555	0.00343	0.00899

[dist]
# distance from previous block
# <min> <max>
0	4

# created by:
# /home/berkeley/.conda/envs/busco_data_prod/bin/msa2prfl.pl pipeline/OGs_align_augustus/4893/38781.fs
