[name]
unknown

[dist]
# distance from previous block
# <min> <max>
0	26

[block]
# block no. 0 follows, 34 sequences, length 8
# corresponding to MSA columns:
# 26-33
name=unknown_A
#
# <colnr> <probs for GDERKNQSTAVLIFYWHMCP>
#	G	D	E	R	K	N	Q	S	T	A	V	L	I	F	Y	W	H	M	C	P
0	0.01438	0.01439	0.02031	0.41927	0.19542	0.09423	0.01707	0.01803	0.01384	0.01760	0.01267	0.01954	0.01069	0.00733	0.00748	0.00214	0.05730	0.04731	0.00318	0.00783
1	0.00907	0.00729	0.00827	0.00772	0.00998	0.00646	0.00584	0.01218	0.05095	0.02153	0.32195	0.05122	0.37756	0.01389	0.00737	0.00203	0.00339	0.01183	0.00631	0.06515
2	0.00855	0.00647	0.00782	0.00806	0.00955	0.00570	0.00575	0.01009	0.01404	0.01849	0.16426	0.32607	0.26554	0.01686	0.00857	0.04298	0.00363	0.01407	0.00589	0.05761
3	0.01431	0.14130	0.56717	0.01692	0.02539	0.01686	0.02080	0.05496	0.04644	0.02098	0.01207	0.01373	0.00886	0.00625	0.00588	0.00195	0.00884	0.00475	0.00309	0.00947
4	0.00843	0.00647	0.00706	0.00697	0.00838	0.00581	0.00481	0.00982	0.01373	0.01743	0.16732	0.05372	0.39914	0.24539	0.01530	0.00339	0.00414	0.01201	0.00556	0.00510
5	0.08385	0.18469	0.15504	0.01497	0.01977	0.31139	0.01385	0.02267	0.05308	0.01820	0.01077	0.01250	0.00881	0.00670	0.00646	0.00181	0.05968	0.00434	0.00329	0.00812
6	0.67903	0.01223	0.01047	0.00903	0.01320	0.01361	0.00744	0.02120	0.01232	0.15413	0.01191	0.01253	0.00859	0.00635	0.00444	0.00200	0.00509	0.00403	0.00471	0.00770
7	0.14054	0.19912	0.18034	0.08428	0.11058	0.05128	0.01523	0.04181	0.03820	0.02062	0.01100	0.01336	0.00883	0.00644	0.00633	0.00191	0.05367	0.00462	0.00329	0.00855

[dist]
# distance from previous block
# <min> <max>
0	1

[block]
# block no. 1 follows, 34 sequences, length 45
# corresponding to MSA columns:
# 35-79
name=unknown_B
#
# <colnr> <probs for GDERKNQSTAVLIFYWHMCP>
#	G	D	E	R	K	N	Q	S	T	A	V	L	I	F	Y	W	H	M	C	P
0	0.01740	0.16105	0.33075	0.01577	0.05144	0.01608	0.01651	0.06707	0.06015	0.13565	0.01454	0.01524	0.01053	0.00650	0.00581	0.00185	0.00763	0.00502	0.00414	0.05688
1	0.01498	0.09427	0.14410	0.02766	0.36765	0.01584	0.07449	0.01984	0.04928	0.02023	0.01368	0.05699	0.01186	0.00688	0.00679	0.00196	0.03273	0.00623	0.00341	0.03112
2	0.00859	0.00679	0.00759	0.00772	0.00947	0.00608	0.00564	0.03819	0.01524	0.01927	0.14339	0.23769	0.43809	0.01658	0.00774	0.00226	0.00352	0.01426	0.00617	0.00571
3	0.02160	0.04256	0.03882	0.05151	0.02056	0.01897	0.01251	0.52045	0.08494	0.03496	0.01721	0.01758	0.03527	0.00812	0.00714	0.00201	0.04360	0.00608	0.00588	0.01023
4	0.00828	0.00608	0.00846	0.00938	0.00996	0.00577	0.02511	0.00956	0.01235	0.01657	0.05626	0.64067	0.03995	0.07591	0.04014	0.00318	0.00466	0.01673	0.00570	0.00529
5	0.01391	0.01160	0.01377	0.01000	0.01543	0.00920	0.00803	0.01669	0.01338	0.04237	0.01176	0.01369	0.00971	0.00521	0.00565	0.00108	0.04248	0.00400	0.00390	0.74813
6	0.00772	0.00655	0.00666	0.00663	0.00878	0.00549	0.00498	0.00944	0.01493	0.01793	0.10271	0.06140	0.69244	0.01619	0.00764	0.00217	0.00326	0.01353	0.00606	0.00549
7	0.00914	0.00660	0.00864	0.00813	0.00965	0.00610	0.00610	0.01219	0.01829	0.02591	0.72921	0.04827	0.06097	0.01321	0.00762	0.00203	0.00305	0.01169	0.00711	0.00610
8	0.01636	0.01630	0.02405	0.11126	0.54939	0.08357	0.01835	0.02094	0.05871	0.02050	0.01276	0.01622	0.01048	0.00610	0.00636	0.00194	0.00799	0.00570	0.00339	0.00966
9	0.00940	0.00626	0.00705	0.00705	0.00705	0.00626	0.00392	0.00940	0.00940	0.01253	0.02036	0.04228	0.02349	0.77292	0.03289	0.00626	0.00626	0.00940	0.00392	0.00392
10	0.01340	0.01148	0.01340	0.00957	0.01531	0.00861	0.00766	0.01627	0.01340	0.02105	0.01148	0.01340	0.00957	0.00479	0.00479	0.00096	0.00479	0.00383	0.00383	0.81242
11	0.01353	0.01168	0.01404	0.01108	0.05135	0.00895	0.00827	0.01645	0.01346	0.02106	0.01152	0.01353	0.00960	0.00483	0.00487	0.00101	0.00493	0.00393	0.00380	0.77212
12	0.00937	0.00652	0.00738	0.00750	0.00784	0.00650	0.00449	0.01038	0.03974	0.01394	0.02550	0.12924	0.07390	0.59993	0.02714	0.00538	0.00571	0.01067	0.00442	0.00444
13	0.06660	0.04633	0.02364	0.06879	0.42950	0.03827	0.05116	0.07310	0.01587	0.07369	0.01296	0.01571	0.01023	0.00609	0.00615	0.00189	0.00750	0.00555	0.00384	0.04314
14	0.00787	0.00562	0.00750	0.00900	0.00937	0.00525	0.00600	0.00900	0.01237	0.01649	0.03561	0.76871	0.04274	0.02024	0.00825	0.00262	0.00375	0.01837	0.00600	0.00525
15	0.01247	0.01165	0.01905	0.70534	0.04256	0.01448	0.01740	0.01776	0.06244	0.01724	0.01252	0.01771	0.00939	0.00662	0.00647	0.00216	0.00837	0.00585	0.00313	0.00739
16	0.06700	0.01166	0.01509	0.01163	0.01660	0.01062	0.00961	0.08766	0.01912	0.64449	0.02386	0.02089	0.01514	0.00788	0.00637	0.00199	0.00561	0.00630	0.00767	0.01080
17	0.01699	0.01079	0.01892	0.01509	0.01872	0.00988	0.21301	0.01955	0.01490	0.24707	0.02412	0.25958	0.02242	0.01216	0.00867	0.05749	0.00653	0.01057	0.00562	0.00793
18	0.00841	0.00601	0.00811	0.00961	0.01022	0.00571	0.00693	0.00992	0.01290	0.01709	0.03532	0.62217	0.04157	0.01974	0.00839	0.00270	0.00421	0.15963	0.00599	0.00540
19	0.00823	0.00657	0.00736	0.00717	0.00909	0.00571	0.00537	0.01042	0.01612	0.02076	0.32518	0.05674	0.46820	0.01513	0.00763	0.00212	0.00318	0.01287	0.00644	0.00571
20	0.01296	0.03342	0.73944	0.01842	0.02797	0.01501	0.02387	0.02046	0.01364	0.02046	0.01160	0.01364	0.00818	0.00614	0.00614	0.00205	0.00955	0.00477	0.00273	0.00955
21	0.01599	0.01535	0.02623	0.03966	0.73262	0.01535	0.01983	0.01983	0.01471	0.02111	0.01215	0.01599	0.01023	0.00576	0.00640	0.00192	0.00768	0.00576	0.00320	0.01023
22	0.01727	0.77681	0.03386	0.01106	0.01658	0.02557	0.01106	0.01935	0.01313	0.01520	0.00898	0.01036	0.00829	0.00553	0.00415	0.00138	0.00691	0.00345	0.00276	0.00829
23	0.01340	0.01148	0.01340	0.00957	0.01531	0.00861	0.00766	0.01627	0.01340	0.02105	0.01148	0.01340	0.00957	0.00479	0.00479	0.00096	0.00479	0.00383	0.00383	0.81242
24	0.00910	0.00657	0.00859	0.00816	0.00964	0.00606	0.00609	0.01207	0.01806	0.02555	0.70266	0.07584	0.06027	0.01348	0.00764	0.00205	0.00308	0.01194	0.00707	0.00606
25	0.00880	0.00659	0.00816	0.00777	0.00944	0.00595	0.00583	0.01153	0.01748	0.02399	0.57819	0.05143	0.21318	0.01393	0.00762	0.00207	0.00310	0.01213	0.00686	0.00595
26	0.01122	0.00561	0.00842	0.00842	0.00842	0.00561	0.00561	0.00842	0.00842	0.01122	0.01122	0.01964	0.01122	0.02245	0.02525	0.81201	0.00561	0.00561	0.00281	0.00281
27	0.01404	0.00726	0.00976	0.00962	0.01144	0.00655	0.00701	0.01577	0.01476	0.22329	0.10767	0.47761	0.03707	0.01599	0.00768	0.00238	0.00417	0.01426	0.00669	0.00698
28	0.01409	0.01417	0.02069	0.05467	0.01919	0.01935	0.04909	0.01586	0.01032	0.01586	0.00886	0.01446	0.00855	0.01077	0.01978	0.00276	0.68577	0.00576	0.00285	0.00716
29	0.00868	0.00620	0.00788	0.00881	0.00937	0.00614	0.00604	0.00996	0.01231	0.01697	0.03383	0.56025	0.08412	0.07068	0.01021	0.00275	0.04187	0.01559	0.08302	0.00534
30	0.00786	0.00582	0.00735	0.00852	0.00926	0.00531	0.00580	0.00913	0.01296	0.01691	0.05860	0.61941	0.17079	0.01935	0.00812	0.00253	0.00364	0.01732	0.00603	0.00531
31	0.01384	0.07815	0.63611	0.01760	0.02647	0.01591	0.02204	0.04971	0.04314	0.02125	0.01220	0.01394	0.00878	0.00628	0.00605	0.00201	0.00910	0.00484	0.00304	0.00956
32	0.01615	0.01314	0.01414	0.01266	0.01621	0.01493	0.00985	0.03239	0.62883	0.06231	0.08340	0.02597	0.02289	0.00909	0.00666	0.00217	0.00496	0.00762	0.00669	0.00993
33	0.00923	0.00692	0.01038	0.01038	0.01154	0.00808	0.00808	0.01154	0.01038	0.01500	0.01731	0.02538	0.01615	0.04846	0.74732	0.01038	0.01731	0.00692	0.00346	0.00577
34	0.01092	0.00973	0.00966	0.00905	0.01089	0.10182	0.00679	0.01363	0.01790	0.02367	0.56274	0.04507	0.12822	0.01271	0.00739	0.00200	0.00419	0.01093	0.00650	0.00621
35	0.01646	0.01594	0.09264	0.07706	0.10154	0.01456	0.15916	0.09636	0.16064	0.08507	0.06533	0.02240	0.04744	0.00775	0.00682	0.00209	0.00735	0.00717	0.00496	0.00927
36	0.01019	0.00823	0.01180	0.01126	0.01206	0.01012	0.00876	0.01206	0.01017	0.01482	0.01597	0.02519	0.01553	0.12581	0.52431	0.00845	0.15910	0.00697	0.00339	0.00580
37	0.00941	0.00640	0.00769	0.00817	0.00885	0.00624	0.00565	0.01062	0.01194	0.01618	0.05594	0.15784	0.08469	0.37159	0.01958	0.00426	0.00522	0.13809	0.06677	0.00486
38	0.01561	0.06640	0.33672	0.04182	0.10157	0.01646	0.17084	0.09147	0.01577	0.03872	0.01245	0.01504	0.00925	0.00630	0.00693	0.00204	0.03416	0.00563	0.00341	0.00940
39	0.00943	0.00662	0.00923	0.00923	0.00995	0.00734	0.00664	0.01065	0.00994	0.01397	0.01776	0.03002	0.01798	0.26401	0.47727	0.07077	0.01309	0.00756	0.00355	0.00498
40	0.00794	0.00569	0.00744	0.00882	0.00924	0.00530	0.00586	0.00903	0.01231	0.01634	0.03592	0.70867	0.06585	0.05669	0.00942	0.00279	0.00385	0.01777	0.00590	0.00519
41	0.01165	0.00956	0.01040	0.01128	0.01272	0.09061	0.00894	0.01385	0.01471	0.04078	0.06544	0.29437	0.03625	0.01684	0.00821	0.00263	0.00571	0.33423	0.00579	0.00606
42	0.05715	0.04689	0.02132	0.04063	0.02069	0.01435	0.19456	0.12356	0.03624	0.10503	0.04076	0.04066	0.03507	0.04869	0.04603	0.03646	0.07193	0.00715	0.00465	0.00817
43	0.21824	0.11837	0.22037	0.01762	0.04448	0.07060	0.18345	0.02038	0.01368	0.02168	0.01086	0.01327	0.00836	0.00588	0.00569	0.00195	0.00849	0.00496	0.00324	0.00841
44	0.17687	0.21887	0.04420	0.01326	0.01734	0.29628	0.01122	0.02230	0.04358	0.03360	0.02429	0.01270	0.00969	0.00669	0.00589	0.00176	0.04582	0.00426	0.00357	0.00780

[dist]
# distance from previous block
# <min> <max>
0	10

[block]
# block no. 2 follows, 34 sequences, length 97
# corresponding to MSA columns:
# 90-186
name=unknown_C
#
# <colnr> <probs for GDERKNQSTAVLIFYWHMCP>
#	G	D	E	R	K	N	Q	S	T	A	V	L	I	F	Y	W	H	M	C	P
0	0.02010	0.02404	0.01888	0.17674	0.07377	0.48164	0.01416	0.02251	0.01641	0.01644	0.01123	0.01538	0.00952	0.00715	0.00680	0.00188	0.04412	0.02841	0.00329	0.00754
1	0.00799	0.00611	0.00733	0.00797	0.00918	0.00546	0.00562	0.00960	0.01416	0.01833	0.15584	0.39970	0.29398	0.01773	0.00793	0.00237	0.00347	0.01560	0.00617	0.00546
2	0.01573	0.24117	0.41671	0.01577	0.02324	0.06854	0.01819	0.05914	0.04853	0.02009	0.01167	0.01318	0.00893	0.00622	0.00559	0.00183	0.00860	0.00454	0.00317	0.00916
3	0.01456	0.03720	0.07078	0.05143	0.22709	0.06874	0.10913	0.04790	0.01433	0.01922	0.01578	0.11518	0.01520	0.06929	0.04507	0.00283	0.05675	0.00772	0.00371	0.00809
4	0.00790	0.00591	0.00735	0.00836	0.00924	0.00536	0.00575	0.00928	0.01333	0.01737	0.09029	0.55227	0.20640	0.01884	0.00806	0.00248	0.00359	0.01679	0.00607	0.00536
5	0.04713	0.51015	0.07647	0.01254	0.01806	0.07232	0.01209	0.14691	0.01661	0.02077	0.01043	0.01162	0.00874	0.00607	0.00481	0.00157	0.00738	0.00403	0.00352	0.00877
6	0.04018	0.25385	0.39298	0.01523	0.02272	0.01858	0.01761	0.10370	0.01560	0.04696	0.01170	0.01308	0.00880	0.00621	0.00553	0.00183	0.00818	0.00453	0.00341	0.00932
7	0.02067	0.01669	0.04157	0.01608	0.06802	0.04196	0.04348	0.42179	0.06907	0.06449	0.04191	0.04388	0.06337	0.00865	0.00666	0.00200	0.00686	0.00704	0.00592	0.00991
8	0.01607	0.01388	0.01461	0.01315	0.01680	0.01607	0.01023	0.03433	0.72094	0.02703	0.02630	0.02411	0.01972	0.00877	0.00657	0.00219	0.00511	0.00731	0.00657	0.01023
9	0.01099	0.00927	0.01220	0.01239	0.03773	0.03315	0.00916	0.01314	0.03538	0.01603	0.02120	0.15670	0.04331	0.07495	0.25862	0.04169	0.15328	0.05068	0.00411	0.00604
10	0.01671	0.49654	0.15733	0.01294	0.01857	0.11250	0.01320	0.01965	0.01382	0.01632	0.01141	0.06316	0.01064	0.00679	0.00500	0.00162	0.00776	0.00480	0.00305	0.00821
11	0.01747	0.07246	0.07229	0.06258	0.04391	0.20687	0.06247	0.05918	0.01443	0.01797	0.01014	0.01375	0.00870	0.00827	0.01187	0.00221	0.29915	0.00521	0.00320	0.00788
12	0.00800	0.00573	0.00748	0.00877	0.00923	0.00534	0.00584	0.00914	0.01249	0.01663	0.06025	0.67747	0.06514	0.06362	0.00964	0.00280	0.00385	0.01745	0.00592	0.00521
13	0.01110	0.00702	0.00857	0.12951	0.01400	0.00729	0.00697	0.01409	0.01398	0.02190	0.09046	0.05879	0.10796	0.00945	0.00565	0.00179	0.00399	0.00791	0.47345	0.00612
14	0.06387	0.00708	0.00789	0.00809	0.00982	0.00676	0.00609	0.01061	0.01394	0.01863	0.09946	0.20344	0.39906	0.01728	0.03420	0.00261	0.02935	0.05042	0.00575	0.00566
15	0.00937	0.00619	0.00714	0.00724	0.00727	0.00617	0.00413	0.00933	0.00956	0.01274	0.02100	0.09112	0.02426	0.68764	0.03085	0.04212	0.00606	0.00984	0.00401	0.00396
16	0.00901	0.00680	0.00840	0.00852	0.01001	0.00639	0.00631	0.01217	0.05402	0.02184	0.36803	0.21952	0.17678	0.01545	0.00779	0.00226	0.00352	0.05062	0.00655	0.00599
17	0.03855	0.01279	0.02182	0.52068	0.20504	0.01471	0.05978	0.01762	0.01342	0.01824	0.01166	0.01674	0.00902	0.00622	0.00644	0.00209	0.00842	0.00579	0.00301	0.00799
18	0.09819	0.01635	0.01757	0.01394	0.01863	0.04298	0.02673	0.40401	0.12286	0.13156	0.01740	0.01702	0.01236	0.00775	0.00655	0.00200	0.02175	0.00588	0.00620	0.01025
19	0.00924	0.00690	0.01027	0.01027	0.01139	0.00802	0.00794	0.01147	0.01035	0.01492	0.01741	0.02596	0.01640	0.07301	0.72311	0.01024	0.01693	0.00701	0.00348	0.00571
20	0.00799	0.00588	0.00752	0.00871	0.00946	0.00541	0.00603	0.00934	0.01304	0.01707	0.06237	0.60368	0.15090	0.01930	0.00816	0.00255	0.00375	0.04747	0.00603	0.00534
21	0.01596	0.04678	0.02074	0.06604	0.07763	0.05932	0.01443	0.09111	0.01327	0.01876	0.00983	0.01434	0.00889	0.00967	0.01592	0.00249	0.49820	0.00551	0.00327	0.00783
22	0.01296	0.03342	0.73944	0.01842	0.02797	0.01501	0.02387	0.02046	0.01364	0.02046	0.01160	0.01364	0.00818	0.00614	0.00614	0.00205	0.00955	0.00477	0.00273	0.00955
23	0.01015	0.00729	0.00951	0.01050	0.01209	0.00704	0.00871	0.02762	0.01486	0.03222	0.03972	0.17808	0.16699	0.01754	0.00848	0.00273	0.00512	0.42940	0.00602	0.00595
24	0.05050	0.01300	0.01605	0.01234	0.01735	0.01254	0.01019	0.21830	0.02155	0.52492	0.02227	0.01988	0.01436	0.00787	0.00642	0.00198	0.00593	0.00622	0.00746	0.01088
25	0.04292	0.24033	0.23611	0.01406	0.02004	0.09690	0.01450	0.09013	0.01601	0.09571	0.01412	0.06636	0.01172	0.00736	0.00568	0.00184	0.00780	0.00553	0.00400	0.00888
26	0.01405	0.09765	0.63183	0.01766	0.02646	0.06311	0.02203	0.02071	0.01390	0.01971	0.01127	0.01323	0.00820	0.00612	0.00595	0.00196	0.00946	0.00462	0.00277	0.00931
27	0.01357	0.04865	0.47273	0.04574	0.20110	0.01481	0.02116	0.01962	0.01417	0.02069	0.05792	0.01647	0.01211	0.00649	0.00625	0.00200	0.00856	0.00545	0.00313	0.00938
28	0.71254	0.03846	0.01101	0.00899	0.01314	0.01470	0.00747	0.04136	0.01219	0.07751	0.01033	0.01144	0.00778	0.00617	0.00425	0.00198	0.00516	0.00378	0.00431	0.00744
29	0.03885	0.01514	0.02440	0.11099	0.56206	0.04079	0.04266	0.01929	0.01456	0.02051	0.01402	0.01765	0.03786	0.00627	0.00640	0.00196	0.00778	0.00601	0.00330	0.00949
30	0.00811	0.00590	0.00765	0.00861	0.00937	0.00544	0.00592	0.00967	0.01379	0.01850	0.18012	0.56008	0.10600	0.01847	0.00807	0.00246	0.00356	0.01659	0.00623	0.00544
31	0.00962	0.00651	0.00926	0.00980	0.01080	0.00602	0.03355	0.01116	0.01335	0.06386	0.08920	0.63412	0.04118	0.01832	0.00806	0.00252	0.00408	0.01665	0.00611	0.00582
32	0.02472	0.01785	0.01924	0.01475	0.01991	0.01967	0.01218	0.68718	0.02996	0.06521	0.01586	0.01574	0.01116	0.00776	0.00646	0.00194	0.00705	0.00584	0.00652	0.01099
33	0.00787	0.00562	0.00750	0.00900	0.00937	0.00525	0.00600	0.00900	0.01237	0.01649	0.03561	0.76871	0.04274	0.02024	0.00825	0.00262	0.00375	0.01837	0.00600	0.00525
34	0.81856	0.01250	0.00950	0.00850	0.01250	0.01449	0.00700	0.01899	0.01100	0.02899	0.00900	0.01050	0.00700	0.00600	0.00400	0.00200	0.00500	0.00350	0.00400	0.00700
35	0.01136	0.01061	0.09859	0.01126	0.01414	0.00803	0.01050	0.01453	0.01490	0.07164	0.05872	0.05708	0.19176	0.01628	0.03365	0.00284	0.00604	0.35574	0.00567	0.00664
36	0.02414	0.03079	0.01831	0.01665	0.01998	0.74698	0.01248	0.02580	0.01831	0.01581	0.00999	0.01165	0.00832	0.00666	0.00583	0.00166	0.01165	0.00416	0.00333	0.00749
37	0.03669	0.01471	0.02007	0.03465	0.08734	0.04445	0.07043	0.13160	0.01642	0.15456	0.01526	0.01989	0.01234	0.00912	0.01149	0.00232	0.25577	0.04939	0.00469	0.00881
38	0.01618	0.52315	0.25010	0.01351	0.02020	0.04677	0.01504	0.01991	0.01346	0.01684	0.00982	0.01142	0.00826	0.00575	0.00482	0.00160	0.00788	0.00388	0.00277	0.00865
39	0.00914	0.00660	0.00864	0.00813	0.00965	0.00610	0.00610	0.01219	0.01829	0.02591	0.72921	0.04827	0.06097	0.01321	0.00762	0.00203	0.00305	0.01169	0.00711	0.00610
40	0.01777	0.09226	0.08665	0.01581	0.05963	0.04054	0.07424	0.18051	0.14599	0.07690	0.02155	0.07815	0.06395	0.00878	0.00652	0.00202	0.00684	0.00741	0.00524	0.00926
41	0.01446	0.02291	0.35078	0.10341	0.13313	0.01468	0.13185	0.02068	0.04316	0.05439	0.01348	0.01683	0.01018	0.03316	0.00743	0.00221	0.00890	0.00584	0.00335	0.00915
42	0.01625	0.01828	0.06034	0.02381	0.02974	0.08548	0.53386	0.02111	0.01585	0.05480	0.06248	0.01906	0.01341	0.00624	0.00734	0.00211	0.01012	0.00741	0.00374	0.00856
43	0.00892	0.00640	0.00828	0.00944	0.01013	0.00617	0.00651	0.04948	0.01349	0.01799	0.03441	0.70097	0.04072	0.01944	0.00817	0.00260	0.00402	0.04123	0.00602	0.00560
44	0.07983	0.04930	0.11324	0.07456	0.12161	0.09984	0.09985	0.05688	0.03525	0.06379	0.01393	0.03379	0.01154	0.05477	0.03152	0.00253	0.03951	0.00603	0.00384	0.00840
45	0.01111	0.00748	0.00962	0.01040	0.03638	0.00719	0.00717	0.02635	0.06014	0.08726	0.06708	0.44478	0.12943	0.01809	0.04307	0.00278	0.00476	0.01435	0.00607	0.00650
46	0.00797	0.00573	0.00758	0.00902	0.00951	0.00535	0.00614	0.00919	0.01257	0.01665	0.03671	0.71262	0.06921	0.01999	0.00825	0.00262	0.00382	0.04578	0.00600	0.00529
47	0.01340	0.01279	0.02194	0.52655	0.24405	0.01471	0.03967	0.01760	0.01351	0.01797	0.01173	0.01687	0.00912	0.00622	0.00648	0.00209	0.00841	0.00580	0.00298	0.00811
48	0.08653	0.03846	0.06339	0.08835	0.04838	0.01268	0.01150	0.07852	0.07677	0.23602	0.03938	0.04690	0.04392	0.00882	0.00680	0.00209	0.02915	0.03928	0.03412	0.00893
49	0.01067	0.00630	0.00933	0.06020	0.01149	0.00659	0.00691	0.00970	0.00967	0.01293	0.01564	0.07891	0.01623	0.07508	0.09621	0.51175	0.00695	0.04820	0.00337	0.00385
50	0.00873	0.00672	0.00806	0.00809	0.00988	0.00605	0.00631	0.01118	0.01625	0.02132	0.33962	0.05808	0.33501	0.01528	0.00784	0.00225	0.00362	0.12346	0.00646	0.00581
51	0.00888	0.00607	0.00732	0.00782	0.00798	0.00599	0.00476	0.00934	0.01043	0.01394	0.02535	0.28458	0.02967	0.49578	0.04977	0.00519	0.00581	0.01231	0.00460	0.00443
52	0.01786	0.04334	0.08765	0.01492	0.01922	0.08830	0.10297	0.09686	0.07786	0.13999	0.08636	0.05466	0.04688	0.01029	0.03368	0.00237	0.05556	0.00738	0.00518	0.00867
53	0.00864	0.00642	0.00817	0.00924	0.01017	0.00615	0.00660	0.01107	0.05216	0.01798	0.07425	0.53890	0.11495	0.01857	0.00813	0.00256	0.00398	0.09032	0.00608	0.00566
54	0.00852	0.00659	0.00732	0.00725	0.00919	0.00568	0.00539	0.01046	0.01543	0.03672	0.21520	0.12036	0.49751	0.01578	0.00766	0.00218	0.00332	0.01343	0.00631	0.00572
55	0.01556	0.01515	0.02645	0.10634	0.57472	0.01538	0.08962	0.02002	0.03511	0.02080	0.01259	0.01649	0.01031	0.00588	0.00653	0.00198	0.00802	0.00599	0.00327	0.00979
56	0.04101	0.04302	0.03856	0.15078	0.27307	0.06224	0.01557	0.16699	0.04967	0.04337	0.04376	0.01730	0.01251	0.00688	0.00629	0.00195	0.00754	0.00584	0.00428	0.00936
57	0.01275	0.00708	0.00787	0.00864	0.05772	0.00715	0.00584	0.03950	0.01421	0.02446	0.02027	0.02324	0.01593	0.00741	0.00471	0.00155	0.00347	0.00600	0.72571	0.00648
58	0.81856	0.01250	0.00950	0.00850	0.01250	0.01449	0.00700	0.01899	0.01100	0.02899	0.00900	0.01050	0.00700	0.00600	0.00400	0.00200	0.00500	0.00350	0.00400	0.00700
59	0.00814	0.00590	0.00778	0.00902	0.00966	0.00541	0.00608	0.00934	0.01242	0.01671	0.03446	0.73262	0.04115	0.01950	0.00808	0.00254	0.00380	0.01767	0.00589	0.04381
60	0.00875	0.00634	0.00803	0.00908	0.00983	0.00604	0.00628	0.03815	0.01327	0.01750	0.03634	0.60418	0.09673	0.06067	0.00951	0.00278	0.00410	0.05107	0.00590	0.00546
61	0.06784	0.01186	0.01680	0.01463	0.01551	0.01550	0.04270	0.01466	0.01032	0.01643	0.01164	0.01828	0.01117	0.05223	0.21954	0.00496	0.44003	0.00610	0.00315	0.00665
62	0.00805	0.00570	0.00745	0.00877	0.00910	0.00537	0.00576	0.00904	0.01203	0.01603	0.03384	0.68433	0.04050	0.10766	0.01111	0.00305	0.00404	0.01733	0.00576	0.00509
63	0.01588	0.01828	0.03639	0.02690	0.05513	0.06645	0.63934	0.02102	0.01544	0.02038	0.01283	0.01699	0.00972	0.00554	0.00746	0.00214	0.01084	0.00733	0.00327	0.00868
64	0.00940	0.00663	0.00769	0.00774	0.00957	0.00578	0.00568	0.01120	0.01498	0.06796	0.16166	0.23020	0.40562	0.01623	0.00771	0.00225	0.00351	0.01399	0.00631	0.00589
65	0.01349	0.01146	0.01176	0.01072	0.01203	0.08566	0.00769	0.09176	0.06165	0.01761	0.01762	0.02999	0.01788	0.38846	0.11761	0.00524	0.08154	0.00763	0.00416	0.00605
66	0.54433	0.01340	0.01146	0.00982	0.01393	0.03309	0.00798	0.10690	0.06859	0.02921	0.01190	0.01303	0.00913	0.00644	0.00463	0.00190	0.00533	0.00424	0.04169	0.06298
67	0.09514	0.31641	0.39590	0.01460	0.02205	0.01900	0.01727	0.01989	0.01318	0.01930	0.01033	0.01207	0.00811	0.00589	0.00516	0.00179	0.00808	0.00414	0.00287	0.00881
68	0.01896	0.01408	0.01565	0.01329	0.01709	0.01566	0.01070	0.26464	0.29394	0.08710	0.02396	0.05846	0.04043	0.00983	0.00739	0.00219	0.03633	0.05414	0.00641	0.00976
69	0.00866	0.00638	0.00823	0.00948	0.01023	0.00620	0.00666	0.01115	0.06129	0.01751	0.03569	0.63373	0.06017	0.01913	0.00818	0.00261	0.00403	0.07899	0.00603	0.00566
70	0.01122	0.00561	0.00842	0.00842	0.00842	0.00561	0.00561	0.00842	0.00842	0.01122	0.01122	0.01964	0.01122	0.02245	0.02525	0.81201	0.00561	0.00561	0.00281	0.00281
71	0.01905	0.58341	0.02983	0.01251	0.01746	0.21259	0.01143	0.02102	0.01447	0.01536	0.00924	0.01070	0.00830	0.00582	0.00458	0.00146	0.00814	0.00364	0.00291	0.00808
72	0.00854	0.00613	0.00764	0.00854	0.00920	0.00580	0.00588	0.00973	0.01238	0.01622	0.05304	0.40354	0.12364	0.20261	0.01424	0.00348	0.00454	0.09427	0.00551	0.00505
73	0.00913	0.00683	0.00850	0.00804	0.00974	0.00631	0.00604	0.01244	0.04016	0.02462	0.60268	0.04968	0.16457	0.01356	0.00759	0.00206	0.00315	0.01185	0.00692	0.00613
74	0.01450	0.01375	0.02282	0.23368	0.47626	0.01456	0.01812	0.01890	0.04166	0.01988	0.01545	0.01919	0.04973	0.00665	0.00649	0.00201	0.00759	0.00625	0.00339	0.00913
75	0.00893	0.00665	0.00814	0.00856	0.00973	0.00632	0.00603	0.03276	0.03021	0.01926	0.17659	0.38422	0.17216	0.06659	0.03049	0.00285	0.00420	0.01460	0.00604	0.00568
76	0.00924	0.00688	0.01017	0.01017	0.01125	0.00796	0.00781	0.01140	0.01032	0.01484	0.01750	0.02647	0.01663	0.09517	0.70126	0.01012	0.01660	0.00708	0.00349	0.00565
77	0.04831	0.00701	0.00876	0.00817	0.00994	0.00657	0.00618	0.01294	0.01779	0.04588	0.64507	0.04634	0.08709	0.01286	0.00742	0.00204	0.00322	0.01123	0.00694	0.00625
78	0.03591	0.12256	0.22435	0.20488	0.10486	0.06654	0.01707	0.02037	0.03135	0.06745	0.03725	0.01616	0.01115	0.00656	0.00599	0.00194	0.00818	0.00529	0.00350	0.00864
79	0.14838	0.12068	0.19422	0.08772	0.09461	0.03181	0.10281	0.01862	0.01347	0.02060	0.03506	0.05995	0.01236	0.00803	0.02384	0.00219	0.00801	0.00600	0.00344	0.00819
80	0.02071	0.07093	0.04408	0.01637	0.04258	0.52631	0.01257	0.02275	0.01632	0.01600	0.01090	0.01363	0.00937	0.01201	0.09961	0.00282	0.04768	0.00461	0.00326	0.00747
81	0.05386	0.03502	0.01365	0.00983	0.01480	0.00995	0.00795	0.06530	0.01540	0.09466	0.07874	0.01782	0.01514	0.00628	0.00526	0.00131	0.00485	0.00502	0.04077	0.50439
82	0.01723	0.36337	0.06712	0.01559	0.10440	0.04056	0.01254	0.13025	0.06123	0.02203	0.07698	0.01673	0.01461	0.00785	0.02229	0.00190	0.00710	0.00527	0.00407	0.00888
83	0.01790	0.01447	0.01614	0.01354	0.01751	0.01616	0.03210	0.24362	0.40059	0.03100	0.10435	0.02402	0.02148	0.00886	0.00669	0.00209	0.00568	0.00736	0.00650	0.00994
84	0.00906	0.00682	0.00841	0.00797	0.00969	0.00628	0.00599	0.01231	0.03960	0.02426	0.57507	0.05028	0.19284	0.01370	0.00759	0.00207	0.00316	0.01194	0.00687	0.00610
85	0.01285	0.01244	0.02192	0.61817	0.10458	0.01465	0.08949	0.01724	0.01332	0.01735	0.01171	0.01714	0.00888	0.00629	0.00657	0.00214	0.00877	0.00594	0.00294	0.00761
86	0.18421	0.01545	0.01597	0.04653	0.03447	0.05759	0.01077	0.33861	0.02170	0.13350	0.01604	0.04653	0.01209	0.00778	0.00595	0.00197	0.00653	0.00587	0.02906	0.00941
87	0.00787	0.00562	0.00750	0.00900	0.00937	0.00525	0.00600	0.00900	0.01237	0.01649	0.03561	0.76871	0.04274	0.02024	0.00825	0.00262	0.00375	0.01837	0.00600	0.00525
88	0.00802	0.00641	0.00718	0.00731	0.00905	0.00557	0.00536	0.00990	0.01516	0.01924	0.21328	0.17435	0.46386	0.01627	0.00773	0.00222	0.00330	0.01396	0.00626	0.00557
89	0.04832	0.45216	0.12461	0.01233	0.01760	0.01966	0.04140	0.04205	0.01427	0.01879	0.08544	0.06839	0.01620	0.00752	0.00528	0.00171	0.00675	0.00579	0.00363	0.00808
90	0.79044	0.01269	0.00985	0.00872	0.01276	0.01469	0.00718	0.04351	0.01168	0.02941	0.00923	0.01067	0.00714	0.00606	0.00409	0.00200	0.00507	0.00358	0.00409	0.00714
91	0.02199	0.05174	0.01868	0.01437	0.01899	0.06893	0.01176	0.47160	0.16833	0.03435	0.01768	0.01875	0.01336	0.00814	0.00642	0.00198	0.00697	0.02957	0.00609	0.01030
92	0.00953	0.00628	0.00813	0.00887	0.00973	0.00595	0.00616	0.02889	0.01381	0.03957	0.13507	0.53931	0.04073	0.01774	0.00850	0.03572	0.00381	0.01534	0.06122	0.00564
93	0.01509	0.01580	0.06061	0.07911	0.47535	0.01476	0.13608	0.01933	0.01473	0.02091	0.04120	0.01739	0.01198	0.00602	0.00657	0.00195	0.00806	0.00618	0.00335	0.04553
94	0.01353	0.01189	0.01510	0.01078	0.01658	0.00914	0.05579	0.01657	0.01353	0.02103	0.01159	0.01368	0.00959	0.00483	0.00498	0.00104	0.00520	0.00409	0.00379	0.75727
95	0.01499	0.01776	0.15307	0.09430	0.14081	0.01491	0.16323	0.08976	0.11078	0.02357	0.08242	0.03358	0.01632	0.00739	0.00680	0.00208	0.00789	0.00697	0.00429	0.00908
96	0.00896	0.00734	0.00765	0.00728	0.00960	0.00652	0.00554	0.05774	0.01618	0.01994	0.13199	0.05751	0.61014	0.01544	0.00755	0.00215	0.00351	0.01289	0.00615	0.00590

[dist]
# distance from previous block
# <min> <max>
0	1

[block]
# block no. 3 follows, 34 sequences, length 40
# corresponding to MSA columns:
# 188-227
name=unknown_D
#
# <colnr> <probs for GDERKNQSTAVLIFYWHMCP>
#	G	D	E	R	K	N	Q	S	T	A	V	L	I	F	Y	W	H	M	C	P
0	0.02419	0.02915	0.01845	0.01642	0.01998	0.65280	0.01246	0.11458	0.01987	0.01904	0.01070	0.01215	0.00867	0.00680	0.00591	0.00170	0.01106	0.00438	0.00374	0.00794
1	0.01594	0.01270	0.01373	0.01213	0.01581	0.01398	0.00947	0.03034	0.54921	0.07685	0.05555	0.02714	0.07400	0.00923	0.00659	0.00210	0.00490	0.00769	0.00650	0.05615
2	0.01630	0.01657	0.03305	0.02394	0.03000	0.01581	0.55335	0.07100	0.05492	0.05120	0.01489	0.03352	0.01137	0.00618	0.00735	0.00212	0.00972	0.00753	0.00395	0.03724
3	0.01467	0.01392	0.02316	0.28870	0.45099	0.01505	0.01862	0.01951	0.05492	0.01985	0.01274	0.01689	0.01022	0.00618	0.00643	0.00202	0.00786	0.00584	0.00328	0.00917
4	0.02235	0.01012	0.01324	0.01088	0.01475	0.00930	0.00870	0.02663	0.09704	0.47409	0.15635	0.08065	0.02664	0.00993	0.00684	0.00207	0.00488	0.00840	0.00753	0.00959
5	0.01645	0.01774	0.03305	0.02420	0.02982	0.05922	0.53391	0.09101	0.01656	0.02202	0.01348	0.03760	0.01067	0.00653	0.00827	0.00218	0.05755	0.00741	0.00365	0.00868
6	0.00844	0.00650	0.00815	0.03070	0.01072	0.00587	0.00624	0.01004	0.01343	0.01774	0.09204	0.48166	0.19266	0.01734	0.00776	0.00235	0.00381	0.01540	0.00583	0.06332
7	0.02295	0.16495	0.02132	0.01535	0.01937	0.50253	0.01219	0.13098	0.01924	0.01957	0.01066	0.01202	0.00873	0.00662	0.00562	0.00166	0.01008	0.00429	0.00371	0.00818
8	0.01357	0.01289	0.02044	0.47464	0.20776	0.03832	0.01733	0.01712	0.01311	0.01726	0.01141	0.01670	0.00913	0.00745	0.00830	0.04640	0.05183	0.00568	0.00296	0.00769
9	0.07031	0.00972	0.01032	0.00935	0.01224	0.00992	0.00726	0.05807	0.19257	0.06279	0.15950	0.04173	0.30674	0.01224	0.00698	0.00212	0.00416	0.01016	0.00633	0.00749
10	0.01328	0.01084	0.01405	0.01319	0.05323	0.01202	0.00977	0.10345	0.06466	0.02052	0.04005	0.02256	0.01564	0.08643	0.27494	0.00532	0.11339	0.00652	0.00418	0.11596
11	0.01540	0.07190	0.03782	0.02607	0.03254	0.01700	0.65907	0.02060	0.01510	0.02030	0.01278	0.01692	0.00970	0.00545	0.00738	0.00212	0.01061	0.00733	0.00323	0.00868
12	0.00841	0.00644	0.00770	0.00767	0.00927	0.00574	0.00565	0.01066	0.01614	0.02146	0.38599	0.15596	0.30478	0.01537	0.00772	0.00217	0.00323	0.01336	0.00654	0.00574
13	0.01508	0.01694	0.03540	0.02571	0.03127	0.01685	0.60589	0.01993	0.01445	0.01993	0.01239	0.01694	0.00961	0.00632	0.00964	0.00228	0.12235	0.00733	0.00320	0.00847
14	0.01617	0.01772	0.03279	0.02617	0.10517	0.06854	0.50562	0.04509	0.05439	0.02127	0.01367	0.01737	0.01049	0.00694	0.02644	0.00232	0.01033	0.00708	0.00356	0.00887
15	0.03393	0.01207	0.01845	0.09080	0.01970	0.01520	0.07748	0.01577	0.01138	0.04451	0.02858	0.01851	0.01195	0.01915	0.19497	0.00448	0.36639	0.00627	0.00336	0.00704
16	0.00813	0.00608	0.00751	0.00848	0.00935	0.00562	0.00581	0.00983	0.02956	0.01731	0.07835	0.54337	0.18418	0.04333	0.00885	0.00261	0.00373	0.01648	0.00600	0.00541
17	0.01517	0.01467	0.02546	0.18646	0.55365	0.01520	0.05651	0.01919	0.01437	0.02014	0.01207	0.01632	0.00988	0.00588	0.00648	0.00198	0.00804	0.00585	0.00313	0.00952
18	0.01589	0.01708	0.06755	0.04706	0.02556	0.05634	0.30677	0.12039	0.01644	0.02201	0.01581	0.02123	0.03922	0.00972	0.04091	0.00260	0.11908	0.04411	0.00389	0.00833
19	0.00835	0.00625	0.00856	0.06866	0.01237	0.00612	0.00714	0.00987	0.01271	0.01672	0.03544	0.62430	0.08198	0.01876	0.00811	0.00258	0.00424	0.05663	0.00575	0.00546
20	0.00836	0.00652	0.00758	0.00742	0.00920	0.00575	0.00553	0.01063	0.01627	0.02138	0.37604	0.09426	0.37773	0.01509	0.00766	0.00214	0.00319	0.01298	0.00652	0.00575
21	0.01347	0.12198	0.65539	0.01754	0.02661	0.01626	0.02235	0.02033	0.01358	0.01984	0.01128	0.01325	0.00820	0.00607	0.00590	0.00197	0.00923	0.00462	0.00273	0.00940
22	0.02314	0.01859	0.04631	0.01578	0.02089	0.10137	0.08271	0.37485	0.08197	0.14283	0.01694	0.01692	0.01196	0.00746	0.00651	0.00197	0.00769	0.00600	0.00589	0.01024
23	0.37326	0.02112	0.05610	0.01283	0.01702	0.29537	0.01060	0.07938	0.01583	0.05021	0.01067	0.01195	0.00823	0.00648	0.00512	0.00187	0.00800	0.00413	0.00402	0.00781
24	0.05483	0.01534	0.02384	0.09079	0.56645	0.04831	0.01825	0.01947	0.01440	0.02065	0.01238	0.01725	0.01061	0.00641	0.00684	0.00199	0.03351	0.02590	0.00329	0.00948
25	0.00940	0.00626	0.00705	0.00705	0.00705	0.00626	0.00392	0.00940	0.00940	0.01253	0.02036	0.04228	0.02349	0.77292	0.03289	0.00626	0.00626	0.00940	0.00392	0.00392
26	0.01831	0.11294	0.02039	0.01735	0.11651	0.03981	0.02882	0.17911	0.34341	0.02724	0.01896	0.01881	0.01446	0.00757	0.00622	0.00198	0.00647	0.00619	0.00542	0.01003
27	0.01233	0.01162	0.01962	0.73248	0.06839	0.01439	0.01801	0.01662	0.01298	0.01667	0.01151	0.01718	0.00867	0.00644	0.00646	0.00215	0.00858	0.00574	0.00288	0.00728
28	0.05323	0.00767	0.00862	0.00821	0.01033	0.00734	0.00621	0.01399	0.08560	0.03999	0.32899	0.08729	0.29116	0.01377	0.00734	0.00213	0.00353	0.01175	0.00646	0.00640
29	0.01727	0.77681	0.03386	0.01106	0.01658	0.02557	0.01106	0.01935	0.01313	0.01520	0.00898	0.01036	0.00829	0.00553	0.00415	0.00138	0.00691	0.00345	0.00276	0.00829
30	0.00795	0.00568	0.00758	0.00908	0.00949	0.00531	0.00613	0.00913	0.01244	0.01658	0.03557	0.74814	0.04257	0.02017	0.00827	0.00263	0.00381	0.03819	0.00600	0.00527
31	0.01571	0.01517	0.02505	0.09997	0.63904	0.03158	0.01926	0.01951	0.01464	0.02055	0.01261	0.01746	0.01075	0.00615	0.00645	0.00196	0.00780	0.02328	0.00324	0.00980
32	0.02433	0.01194	0.01445	0.01144	0.01580	0.01170	0.00933	0.18312	0.06346	0.41494	0.02253	0.02101	0.01518	0.00791	0.00616	0.00191	0.00542	0.00631	0.14294	0.01011
33	0.00871	0.00602	0.00742	0.00802	0.00835	0.00580	0.00507	0.00954	0.01171	0.01578	0.10807	0.35840	0.03613	0.35919	0.01930	0.00420	0.00480	0.01355	0.00519	0.00474
34	0.01362	0.02879	0.53643	0.02097	0.02965	0.01539	0.22224	0.02053	0.01411	0.02053	0.01202	0.01474	0.00865	0.00594	0.00657	0.00208	0.00994	0.00560	0.00288	0.00931
35	0.06070	0.18177	0.01899	0.01197	0.01616	0.06330	0.01009	0.24841	0.01950	0.11194	0.01611	0.04800	0.01290	0.01076	0.06244	0.00244	0.00730	0.00579	0.08258	0.00885
36	0.00787	0.00562	0.00750	0.00900	0.00937	0.00525	0.00600	0.00900	0.01237	0.01649	0.03561	0.76871	0.04274	0.02024	0.00825	0.00262	0.00375	0.01837	0.00600	0.00525
37	0.00803	0.00579	0.00761	0.00878	0.00938	0.00537	0.00597	0.00943	0.01324	0.01777	0.12787	0.64572	0.07276	0.01916	0.00814	0.00253	0.00364	0.01730	0.00614	0.00537
38	0.06774	0.01758	0.07186	0.01474	0.04346	0.06755	0.01227	0.33182	0.04725	0.23412	0.01757	0.01699	0.01207	0.00750	0.00627	0.00196	0.00699	0.00574	0.00615	0.01036
39	0.02142	0.15070	0.09894	0.04296	0.07692	0.13497	0.03117	0.06010	0.01672	0.24961	0.01584	0.01639	0.01141	0.00840	0.03464	0.00217	0.00816	0.00532	0.00480	0.00933

[dist]
# distance from previous block
# <min> <max>
0	11

[block]
# block no. 4 follows, 34 sequences, length 25
# corresponding to MSA columns:
# 239-263
name=unknown_E
#
# <colnr> <probs for GDERKNQSTAVLIFYWHMCP>
#	G	D	E	R	K	N	Q	S	T	A	V	L	I	F	Y	W	H	M	C	P
0	0.02028	0.06235	0.04757	0.01823	0.12444	0.32734	0.01290	0.08147	0.08881	0.05658	0.01497	0.01670	0.02865	0.03128	0.00686	0.00193	0.00872	0.00534	0.00419	0.04141
1	0.01641	0.07919	0.01940	0.01959	0.20006	0.03733	0.01267	0.12236	0.09532	0.04728	0.03096	0.08074	0.01579	0.05074	0.03541	0.00257	0.09460	0.00706	0.00453	0.02800
2	0.00932	0.00625	0.00715	0.00719	0.00729	0.00621	0.00412	0.00953	0.01000	0.01341	0.05871	0.07387	0.02631	0.70012	0.03048	0.00588	0.00598	0.00990	0.00417	0.00409
3	0.04610	0.01282	0.05295	0.01174	0.01657	0.03235	0.01002	0.04854	0.05430	0.50700	0.08531	0.02280	0.01885	0.00816	0.00642	0.00196	0.00567	0.00662	0.00709	0.04473
4	0.01619	0.46415	0.11848	0.04629	0.06985	0.02076	0.01325	0.07601	0.01466	0.01858	0.01255	0.07907	0.01171	0.00715	0.00521	0.00169	0.00711	0.00540	0.00339	0.00850
5	0.01777	0.06680	0.14133	0.08804	0.09884	0.15401	0.15728	0.13000	0.01755	0.02219	0.01289	0.01676	0.01025	0.00671	0.00647	0.00197	0.00927	0.02927	0.00372	0.00887
6	0.00940	0.00626	0.00705	0.00705	0.00705	0.00626	0.00392	0.00940	0.00940	0.01253	0.02036	0.04228	0.02349	0.77292	0.03289	0.00626	0.00626	0.00940	0.00392	0.00392
7	0.00848	0.00611	0.00786	0.00862	0.00941	0.00568	0.00593	0.00998	0.01342	0.01816	0.17228	0.48075	0.07086	0.09937	0.01070	0.00286	0.00395	0.03708	0.00595	0.02256
8	0.01999	0.01885	0.01662	0.01438	0.01832	0.18836	0.01125	0.19430	0.39095	0.02768	0.01989	0.01913	0.01496	0.00803	0.00637	0.00201	0.00712	0.00621	0.00579	0.00977
9	0.03902	0.01144	0.01426	0.01349	0.07396	0.01144	0.00973	0.04144	0.22017	0.26963	0.11596	0.05275	0.05544	0.00936	0.00665	0.00205	0.00509	0.00791	0.00666	0.03354
10	0.01938	0.01945	0.02211	0.04889	0.21712	0.22468	0.09786	0.10163	0.07274	0.05718	0.01478	0.04824	0.01209	0.00720	0.00649	0.00194	0.00869	0.00623	0.00423	0.00907
11	0.01122	0.00561	0.00842	0.00842	0.00842	0.00561	0.00561	0.00842	0.00842	0.01122	0.01122	0.01964	0.01122	0.02245	0.02525	0.81201	0.00561	0.00561	0.00281	0.00281
12	0.01176	0.00740	0.00910	0.00873	0.01070	0.00687	0.00659	0.01475	0.05136	0.11449	0.25175	0.15376	0.18875	0.05454	0.00885	0.00242	0.00398	0.05538	0.03226	0.00655
13	0.01497	0.09549	0.58605	0.01735	0.02582	0.08051	0.02119	0.02129	0.01421	0.04881	0.01180	0.01353	0.00852	0.00621	0.00596	0.00195	0.00935	0.00468	0.00300	0.00932
14	0.04372	0.01023	0.01036	0.00975	0.01237	0.03565	0.00752	0.04061	0.22408	0.02157	0.06948	0.04313	0.31711	0.04474	0.04201	0.00273	0.00520	0.04669	0.00586	0.00718
15	0.00801	0.00581	0.00760	0.00898	0.00957	0.00540	0.00619	0.00930	0.01272	0.01675	0.03793	0.66807	0.09773	0.01978	0.00824	0.00261	0.00385	0.06016	0.00600	0.00531
16	0.01296	0.03342	0.73944	0.01842	0.02797	0.01501	0.02387	0.02046	0.01364	0.02046	0.01160	0.01364	0.00818	0.00614	0.00614	0.00205	0.00955	0.00477	0.00273	0.00955
17	0.09107	0.04421	0.01704	0.01386	0.04561	0.01526	0.03135	0.32314	0.05724	0.11738	0.05501	0.10974	0.01791	0.00919	0.00644	0.00202	0.00609	0.00752	0.00599	0.02393
18	0.00998	0.00706	0.03764	0.00957	0.01038	0.00618	0.00729	0.00997	0.01118	0.01486	0.02437	0.27510	0.04110	0.02015	0.01571	0.35677	0.00517	0.12860	0.00446	0.00448
19	0.01040	0.00606	0.00869	0.00869	0.00898	0.00635	0.00595	0.00938	0.00909	0.01241	0.01434	0.02498	0.01458	0.15731	0.21132	0.46924	0.00872	0.00659	0.00316	0.00375
20	0.19151	0.05040	0.04901	0.01429	0.06211	0.08842	0.04142	0.10999	0.01728	0.21841	0.05190	0.04793	0.01466	0.00771	0.00594	0.00196	0.00665	0.00606	0.00537	0.00897
21	0.01642	0.01698	0.02736	0.05861	0.45268	0.08038	0.17305	0.02117	0.05080	0.02069	0.01286	0.01638	0.01039	0.00594	0.00663	0.00198	0.00865	0.00611	0.00338	0.00954
22	0.57356	0.11931	0.13669	0.01053	0.01567	0.01608	0.01041	0.01929	0.01173	0.02568	0.00944	0.01101	0.00737	0.00596	0.00438	0.00192	0.00603	0.00371	0.00362	0.00761
23	0.03973	0.01555	0.02315	0.05241	0.22453	0.04826	0.14119	0.10950	0.01662	0.07331	0.01317	0.01578	0.01021	0.00632	0.00707	0.00186	0.04777	0.00569	0.00407	0.14382
24	0.46644	0.04037	0.01499	0.03857	0.10295	0.13623	0.01051	0.04738	0.01350	0.02480	0.00986	0.01195	0.00794	0.00642	0.00564	0.00196	0.04491	0.00415	0.00375	0.00768

[dist]
# distance from previous block
# <min> <max>
0	1

[block]
# block no. 5 follows, 34 sequences, length 25
# corresponding to MSA columns:
# 265-289
name=unknown_F
#
# <colnr> <probs for GDERKNQSTAVLIFYWHMCP>
#	G	D	E	R	K	N	Q	S	T	A	V	L	I	F	Y	W	H	M	C	P
0	0.01352	0.05496	0.02013	0.37861	0.19040	0.01458	0.01585	0.04314	0.03767	0.01849	0.01360	0.04383	0.01159	0.03005	0.06691	0.00285	0.02625	0.00629	0.00338	0.00791
1	0.03271	0.01008	0.01147	0.01047	0.01235	0.03096	0.00772	0.11618	0.04149	0.10060	0.02533	0.21446	0.06307	0.20437	0.03329	0.00349	0.05941	0.01034	0.00538	0.00684
2	0.05164	0.01678	0.01929	0.08811	0.09935	0.07351	0.01339	0.34526	0.02187	0.10016	0.01429	0.01573	0.01054	0.00769	0.00797	0.00204	0.09186	0.00564	0.00518	0.00969
3	0.01783	0.14187	0.10553	0.01676	0.10229	0.11212	0.03769	0.07672	0.11212	0.09067	0.03596	0.03950	0.06751	0.00800	0.00618	0.00191	0.00727	0.00646	0.00464	0.00897
4	0.01002	0.03495	0.02560	0.00839	0.01023	0.00741	0.00638	0.01217	0.06362	0.03205	0.06253	0.12848	0.32289	0.06897	0.04026	0.13938	0.00490	0.01106	0.00515	0.00557
5	0.12947	0.01208	0.01464	0.01146	0.01617	0.01162	0.00943	0.13600	0.01939	0.49774	0.05925	0.02088	0.01643	0.00798	0.00623	0.00199	0.00556	0.00628	0.00719	0.01022
6	0.01408	0.01397	0.04581	0.37603	0.22727	0.01478	0.08399	0.04466	0.04079	0.01974	0.01362	0.01966	0.01103	0.00684	0.00667	0.00212	0.00829	0.03879	0.00342	0.00843
7	0.01590	0.02139	0.15985	0.04409	0.12589	0.10646	0.35365	0.02081	0.01495	0.01975	0.01204	0.01567	0.00929	0.00607	0.00759	0.00209	0.04629	0.00628	0.00314	0.00880
8	0.00795	0.00574	0.00755	0.00897	0.00948	0.00534	0.00610	0.00917	0.01259	0.01665	0.03717	0.70598	0.07953	0.01995	0.00824	0.00261	0.00380	0.04192	0.00600	0.00528
9	0.25382	0.01024	0.03247	0.00974	0.01305	0.00975	0.00819	0.01887	0.01440	0.19452	0.04994	0.08702	0.09995	0.01092	0.00632	0.00220	0.00495	0.11714	0.04903	0.00748
10	0.00807	0.00673	0.00706	0.00704	0.00911	0.00583	0.00525	0.01033	0.03645	0.01859	0.13285	0.09717	0.60108	0.01601	0.00764	0.00219	0.00333	0.01349	0.00614	0.00566
11	0.01001	0.00805	0.00916	0.00921	0.01106	0.00808	0.00675	0.01577	0.18695	0.02083	0.15182	0.27999	0.22708	0.01527	0.00757	0.00230	0.00384	0.01332	0.00632	0.00665
12	0.01911	0.01498	0.01540	0.01285	0.01683	0.03982	0.01026	0.32394	0.28097	0.03175	0.02261	0.02202	0.05344	0.00853	0.00633	0.00199	0.00586	0.00675	0.09683	0.00974
13	0.00836	0.00606	0.00838	0.00932	0.00996	0.00614	0.00656	0.00987	0.01190	0.01626	0.05363	0.50314	0.03495	0.05005	0.22750	0.00500	0.00781	0.01449	0.00523	0.00539
14	0.00863	0.00630	0.00796	0.00893	0.00964	0.00611	0.00617	0.01046	0.03863	0.01653	0.03468	0.48800	0.09765	0.13012	0.04728	0.00350	0.00493	0.06357	0.00559	0.00533
15	0.02230	0.01793	0.04041	0.01464	0.01950	0.05337	0.03219	0.52940	0.08680	0.03597	0.01638	0.01667	0.01189	0.00766	0.00633	0.00193	0.00705	0.00590	0.06339	0.01029
16	0.01796	0.00926	0.01164	0.00986	0.01293	0.00877	0.00778	0.07976	0.04191	0.27711	0.28287	0.06727	0.03354	0.01045	0.00677	0.00199	0.00436	0.00889	0.09857	0.00833
17	0.07835	0.01618	0.01784	0.05804	0.02013	0.01784	0.01174	0.47823	0.05065	0.03433	0.01437	0.01526	0.01059	0.00744	0.00689	0.00190	0.04729	0.00547	0.00558	0.10188
18	0.01753	0.05856	0.19388	0.05768	0.02017	0.05281	0.01340	0.09458	0.09152	0.15852	0.07655	0.05036	0.04127	0.03561	0.00738	0.00217	0.00691	0.00696	0.00520	0.00895
19	0.07617	0.11133	0.14536	0.01870	0.13031	0.17180	0.03213	0.05033	0.14673	0.03617	0.01404	0.01525	0.01091	0.00668	0.00586	0.00189	0.00810	0.00516	0.00400	0.00907
20	0.04190	0.08176	0.01973	0.21605	0.08986	0.03568	0.01390	0.08425	0.09825	0.04820	0.05149	0.01804	0.01325	0.00803	0.00902	0.00215	0.15004	0.00595	0.00412	0.00834
