[name]
unknown

[dist]
# distance from previous block
# <min> <max>
0	3

[block]
# block no. 0 follows, 30 sequences, length 18
# corresponding to MSA columns:
# 3-20
name=unknown_A
#
# <colnr> <probs for GDERKNQSTAVLIFYWHMCP>
#	G	D	E	R	K	N	Q	S	T	A	V	L	I	F	Y	W	H	M	C	P
0	0.01402	0.05197	0.01389	0.01276	0.01553	0.01046	0.01103	0.04493	0.05549	0.06020	0.03136	0.06055	0.03221	0.01566	0.00855	0.00277	0.00634	0.46699	0.00621	0.07909
1	0.02471	0.01818	0.02093	0.01609	0.02161	0.01960	0.05062	0.50839	0.09505	0.08307	0.01819	0.01810	0.01298	0.00818	0.00697	0.00208	0.00745	0.00648	0.00675	0.05458
2	0.02607	0.03326	0.01978	0.01798	0.02157	0.72674	0.01348	0.02787	0.01978	0.01708	0.01079	0.01258	0.00899	0.00719	0.00629	0.00180	0.01258	0.00449	0.00360	0.00809
3	0.01447	0.01240	0.01447	0.01034	0.01654	0.00930	0.00827	0.01757	0.01447	0.02274	0.01240	0.01447	0.01034	0.00517	0.00517	0.00103	0.00517	0.00413	0.00413	0.79742
4	0.01015	0.00677	0.00761	0.00761	0.00761	0.00677	0.00423	0.01015	0.01015	0.01353	0.02199	0.04567	0.02537	0.75476	0.03552	0.00677	0.00677	0.01015	0.00423	0.00423
5	0.01866	0.75896	0.03657	0.01194	0.01791	0.02761	0.01194	0.02090	0.01418	0.01642	0.00970	0.01119	0.00896	0.00597	0.00448	0.00149	0.00746	0.00373	0.00299	0.00896
6	0.00863	0.00617	0.00821	0.00963	0.01015	0.00575	0.00649	0.01004	0.01396	0.01877	0.10109	0.68486	0.04800	0.02115	0.00884	0.00277	0.00398	0.01916	0.00659	0.00575
7	0.00850	0.00607	0.00810	0.00972	0.01012	0.00567	0.00648	0.00972	0.01336	0.01781	0.03846	0.75020	0.04615	0.02186	0.00891	0.00283	0.00405	0.01984	0.00648	0.00567
8	0.80405	0.01350	0.01026	0.00918	0.01350	0.01565	0.00756	0.02051	0.01188	0.03131	0.00972	0.01134	0.00756	0.00648	0.00432	0.00216	0.00540	0.00378	0.00432	0.00756
9	0.02607	0.03326	0.01978	0.01798	0.02157	0.72674	0.01348	0.02787	0.01978	0.01708	0.01079	0.01258	0.00899	0.00719	0.00629	0.00180	0.01258	0.00449	0.00360	0.00809
10	0.01866	0.75896	0.03657	0.01194	0.01791	0.02761	0.01194	0.02090	0.01418	0.01642	0.00970	0.01119	0.00896	0.00597	0.00448	0.00149	0.00746	0.00373	0.00299	0.00896
11	0.00960	0.00712	0.00894	0.00849	0.01025	0.00647	0.00636	0.01263	0.01909	0.02642	0.59838	0.05470	0.17598	0.01485	0.00823	0.00222	0.00333	0.01298	0.00748	0.00647
12	0.01400	0.03610	0.71860	0.01989	0.03020	0.01621	0.02578	0.02210	0.01473	0.02210	0.01252	0.01473	0.00884	0.00663	0.00663	0.00221	0.01031	0.00516	0.00295	0.01031
13	0.01841	0.72138	0.07202	0.01235	0.01855	0.02702	0.01266	0.02096	0.01421	0.01671	0.00985	0.01138	0.00895	0.00600	0.00459	0.00153	0.00761	0.00381	0.00298	0.00903
14	0.02257	0.01239	0.01539	0.01165	0.01728	0.01047	0.00944	0.02697	0.07839	0.34617	0.02088	0.01983	0.01455	0.00717	0.00620	0.00168	0.00556	0.00581	0.00650	0.36110
15	0.02232	0.19779	0.02395	0.01592	0.02061	0.27746	0.03816	0.13808	0.15434	0.02400	0.01513	0.01584	0.01195	0.00750	0.00621	0.00191	0.00913	0.00542	0.00471	0.00956
16	0.01543	0.00876	0.01216	0.01040	0.01322	0.00789	0.03311	0.01861	0.01954	0.19959	0.48701	0.04434	0.07602	0.01267	0.00793	0.00220	0.00428	0.01113	0.00772	0.00799
17	0.01368	0.00895	0.01248	0.01089	0.01346	0.00843	0.04599	0.01808	0.06725	0.12263	0.48924	0.08260	0.05174	0.01308	0.00802	0.00225	0.00434	0.01165	0.00747	0.00774

[dist]
# distance from previous block
# <min> <max>
2	5

[block]
# block no. 1 follows, 30 sequences, length 27
# corresponding to MSA columns:
# 26-52
name=unknown_B
#
# <colnr> <probs for GDERKNQSTAVLIFYWHMCP>
#	G	D	E	R	K	N	Q	S	T	A	V	L	I	F	Y	W	H	M	C	P
0	0.01364	0.01159	0.01346	0.01021	0.01556	0.00906	0.00802	0.01711	0.04035	0.02229	0.01924	0.08213	0.06146	0.00763	0.00577	0.00133	0.00497	0.00636	0.00461	0.64521
1	0.01694	0.01624	0.02773	0.09884	0.65780	0.01649	0.02125	0.02113	0.01573	0.02240	0.01307	0.01738	0.01091	0.00628	0.00691	0.00209	0.00837	0.00622	0.00343	0.01079
2	0.01400	0.03610	0.71860	0.01989	0.03020	0.01621	0.02578	0.02210	0.01473	0.02210	0.01252	0.01473	0.00884	0.00663	0.00663	0.00221	0.01031	0.00516	0.00295	0.01031
3	0.00835	0.00668	0.00747	0.00811	0.00970	0.00580	0.00576	0.00990	0.01491	0.01844	0.05804	0.33523	0.44849	0.01932	0.00851	0.00254	0.00374	0.01673	0.00648	0.00580
4	0.01022	0.00749	0.00962	0.00903	0.01078	0.00708	0.00679	0.01426	0.05070	0.02804	0.67658	0.05094	0.06381	0.01405	0.00818	0.00220	0.00339	0.01240	0.00766	0.00679
5	0.01692	0.01622	0.02769	0.10296	0.65387	0.01649	0.02124	0.02111	0.01572	0.02237	0.01306	0.01739	0.01090	0.00628	0.00691	0.00209	0.00838	0.00622	0.00342	0.01077
6	0.01999	0.01797	0.02570	0.03434	0.49095	0.06578	0.01877	0.13605	0.01903	0.05613	0.01407	0.01707	0.01126	0.00698	0.00746	0.00210	0.03502	0.00614	0.00428	0.01090
7	0.02242	0.02330	0.01825	0.01606	0.02012	0.31292	0.01241	0.13572	0.31161	0.02648	0.01925	0.01898	0.01470	0.00835	0.00675	0.00209	0.00880	0.00623	0.00562	0.00995
8	0.01736	0.01499	0.01578	0.01420	0.01815	0.01736	0.01105	0.03708	0.69862	0.02919	0.02840	0.02604	0.02130	0.00947	0.00710	0.00237	0.00552	0.00789	0.00710	0.01105
9	0.02653	0.01955	0.02094	0.01606	0.02164	0.02164	0.01326	0.68796	0.03281	0.04398	0.01675	0.01675	0.01187	0.00838	0.00698	0.00209	0.00768	0.00628	0.00698	0.01187
10	0.02653	0.01955	0.02094	0.01606	0.02164	0.02164	0.01326	0.68796	0.03281	0.04398	0.01675	0.01675	0.01187	0.00838	0.00698	0.00209	0.00768	0.00628	0.00698	0.01187
11	0.01727	0.01658	0.02832	0.04283	0.71123	0.01658	0.02142	0.02142	0.01589	0.02280	0.01313	0.01727	0.01105	0.00622	0.00691	0.00207	0.00829	0.00622	0.00345	0.01105
12	0.01727	0.01658	0.02832	0.04283	0.71123	0.01658	0.02142	0.02142	0.01589	0.02280	0.01313	0.01727	0.01105	0.00622	0.00691	0.00207	0.00829	0.00622	0.00345	0.01105
13	0.02714	0.01450	0.01916	0.01491	0.02019	0.04431	0.07995	0.07634	0.12269	0.46626	0.02484	0.02264	0.01647	0.00840	0.00712	0.00219	0.00688	0.00711	0.00755	0.01133
14	0.01866	0.75896	0.03657	0.01194	0.01791	0.02761	0.01194	0.02090	0.01418	0.01642	0.00970	0.01119	0.00896	0.00597	0.00448	0.00149	0.00746	0.00373	0.00299	0.00896
15	0.01100	0.00832	0.01030	0.00960	0.01159	0.00821	0.00726	0.01677	0.12202	0.02817	0.60524	0.04820	0.05913	0.01354	0.00806	0.00222	0.00363	0.01191	0.00759	0.00726
16	0.01447	0.01240	0.01447	0.01034	0.01654	0.00930	0.00827	0.01757	0.01447	0.02274	0.01240	0.01447	0.01034	0.00517	0.00517	0.00103	0.00517	0.00413	0.00413	0.79742
17	0.01447	0.01240	0.01447	0.01034	0.01654	0.00930	0.00827	0.01757	0.01447	0.02274	0.01240	0.01447	0.01034	0.00517	0.00517	0.00103	0.00517	0.00413	0.00413	0.79742
18	0.01466	0.01269	0.01542	0.01255	0.06392	0.00980	0.00917	0.01783	0.01457	0.02274	0.01245	0.01466	0.01038	0.00524	0.00529	0.00110	0.00538	0.00428	0.00409	0.74378
19	0.02653	0.01955	0.02094	0.01606	0.02164	0.02164	0.01326	0.68796	0.03281	0.04398	0.01675	0.01675	0.01187	0.00838	0.00698	0.00209	0.00768	0.00628	0.00698	0.01187
20	0.03131	0.01188	0.01619	0.01242	0.01781	0.01026	0.01026	0.03401	0.01997	0.71606	0.02753	0.02375	0.01727	0.00864	0.00702	0.00216	0.00594	0.00702	0.00864	0.01188
21	0.02093	0.53640	0.03142	0.01379	0.01903	0.24202	0.01241	0.02303	0.01590	0.01662	0.01003	0.01162	0.00897	0.00634	0.00503	0.00159	0.00903	0.00397	0.00317	0.00869
22	0.01447	0.01240	0.01447	0.01034	0.01654	0.00930	0.00827	0.01757	0.01447	0.02274	0.01240	0.01447	0.01034	0.00517	0.00517	0.00103	0.00517	0.00413	0.00413	0.79742
23	0.02830	0.01670	0.01918	0.01471	0.02022	0.01742	0.01215	0.44533	0.02805	0.29334	0.02075	0.01935	0.01387	0.00847	0.00699	0.00212	0.00703	0.00656	0.00760	0.01187
24	0.01466	0.01391	0.02361	0.48648	0.28800	0.01589	0.02012	0.01913	0.01465	0.01963	0.01266	0.01812	0.00994	0.00670	0.00695	0.00223	0.00894	0.00621	0.00323	0.00895
25	0.03131	0.01188	0.01619	0.01242	0.01781	0.01026	0.01026	0.03401	0.01997	0.71606	0.02753	0.02375	0.01727	0.00864	0.00702	0.00216	0.00594	0.00702	0.00864	0.01188
26	0.01998	0.02262	0.02085	0.33020	0.07562	0.34491	0.01651	0.05213	0.01759	0.01894	0.01189	0.01566	0.00938	0.00709	0.00666	0.00206	0.01069	0.00542	0.00352	0.00829

[dist]
# distance from previous block
# <min> <max>
4	7

[block]
# block no. 2 follows, 30 sequences, length 12
# corresponding to MSA columns:
# 60-71
name=unknown_C
#
# <colnr> <probs for GDERKNQSTAVLIFYWHMCP>
#	G	D	E	R	K	N	Q	S	T	A	V	L	I	F	Y	W	H	M	C	P
0	0.01852	0.01207	0.01462	0.01108	0.01651	0.00986	0.00884	0.05789	0.01667	0.18596	0.01868	0.08710	0.01547	0.00775	0.00606	0.00153	0.00538	0.00643	0.00557	0.49400
1	0.01935	0.01577	0.01679	0.01441	0.01866	0.01792	0.01139	0.20458	0.49142	0.03296	0.06001	0.02496	0.02113	0.00943	0.00713	0.00229	0.00597	0.00771	0.00710	0.01103
2	0.80405	0.01350	0.01026	0.00918	0.01350	0.01565	0.00756	0.02051	0.01188	0.03131	0.00972	0.01134	0.00756	0.00648	0.00432	0.00216	0.00540	0.00378	0.00432	0.00756
3	0.02610	0.03217	0.01987	0.01783	0.02158	0.67094	0.01347	0.08010	0.02081	0.01921	0.01126	0.01291	0.00922	0.00728	0.00635	0.00182	0.01220	0.00464	0.00386	0.00839
4	0.01502	0.19452	0.56912	0.01815	0.02751	0.01871	0.02275	0.02184	0.01461	0.02085	0.01190	0.01396	0.00887	0.00649	0.00616	0.00205	0.00969	0.00484	0.00296	0.01002
5	0.30805	0.01273	0.01505	0.07523	0.05254	0.01296	0.01061	0.02713	0.01633	0.37502	0.01910	0.01851	0.01278	0.00760	0.00603	0.00217	0.00615	0.00574	0.00635	0.00992
6	0.02998	0.01158	0.01577	0.01219	0.01735	0.01003	0.01003	0.03271	0.01996	0.67332	0.06977	0.02551	0.02029	0.00899	0.00709	0.00216	0.00577	0.00737	0.00858	0.01155
7	0.00879	0.00683	0.00755	0.00786	0.00927	0.00615	0.00542	0.01008	0.01396	0.01737	0.05167	0.19178	0.40289	0.18343	0.04247	0.00377	0.00494	0.01441	0.00587	0.00549
8	0.01523	0.01450	0.02464	0.38953	0.38048	0.01604	0.02040	0.01963	0.01492	0.02032	0.01277	0.01794	0.01018	0.00660	0.00694	0.00220	0.00879	0.00621	0.00328	0.00941
9	0.01931	0.62982	0.07216	0.01312	0.01904	0.11294	0.01289	0.02182	0.01490	0.01681	0.00999	0.01156	0.00895	0.00616	0.00482	0.00157	0.00825	0.00390	0.00306	0.00892
10	0.01684	0.01614	0.02755	0.11583	0.64159	0.01647	0.02120	0.02104	0.01569	0.02228	0.01305	0.01741	0.01087	0.00630	0.00692	0.00210	0.00840	0.00622	0.00342	0.01071
11	0.02254	0.05142	0.02212	0.01778	0.04960	0.09830	0.08345	0.25620	0.21104	0.08573	0.01942	0.01940	0.01428	0.00811	0.00696	0.00214	0.00794	0.00668	0.00608	0.01080

[dist]
# distance from previous block
# <min> <max>
0	2

[block]
# block no. 3 follows, 30 sequences, length 14
# corresponding to MSA columns:
# 74-87
name=unknown_D
#
# <colnr> <probs for GDERKNQSTAVLIFYWHMCP>
#	G	D	E	R	K	N	Q	S	T	A	V	L	I	F	Y	W	H	M	C	P
0	0.01318	0.01240	0.02093	0.73798	0.04806	0.01550	0.01938	0.01783	0.01395	0.01783	0.01240	0.01860	0.00930	0.00698	0.00698	0.00233	0.00930	0.00620	0.00310	0.00775
1	0.03929	0.07700	0.09984	0.15954	0.11392	0.01739	0.23702	0.06057	0.03597	0.05083	0.01426	0.01787	0.01084	0.00779	0.02569	0.00243	0.00974	0.00662	0.00388	0.00951
2	0.02030	0.02328	0.02564	0.07483	0.12491	0.31222	0.17990	0.04270	0.04598	0.02108	0.05136	0.01806	0.01342	0.00723	0.00707	0.00206	0.01060	0.00642	0.00399	0.00896
3	0.02607	0.03326	0.01978	0.01798	0.02157	0.72674	0.01348	0.02787	0.01978	0.01708	0.01079	0.01258	0.00899	0.00719	0.00629	0.00180	0.01258	0.00449	0.00360	0.00809
4	0.01499	0.01447	0.02522	0.41938	0.30301	0.01607	0.06766	0.01954	0.01488	0.02007	0.01280	0.01811	0.01007	0.00661	0.00704	0.00223	0.00909	0.00635	0.00327	0.00914
5	0.07827	0.01781	0.01995	0.06636	0.07120	0.05626	0.01359	0.36551	0.05448	0.10956	0.01655	0.01739	0.01200	0.00828	0.00790	0.00218	0.05987	0.00614	0.00601	0.01069
6	0.01597	0.01540	0.02666	0.25696	0.47400	0.01630	0.05263	0.02035	0.01532	0.02124	0.01295	0.01776	0.01049	0.00644	0.00699	0.00216	0.00877	0.00631	0.00335	0.00995
7	0.05055	0.59329	0.13677	0.01324	0.01970	0.05142	0.01389	0.02132	0.01438	0.01790	0.01016	0.01178	0.00888	0.00614	0.00486	0.00164	0.00799	0.00397	0.00306	0.00907
8	0.01836	0.00961	0.01252	0.01042	0.01386	0.00859	0.00823	0.04374	0.01990	0.27180	0.39389	0.03820	0.04287	0.01143	0.00754	0.00210	0.00451	0.00982	0.00774	0.06488
9	0.05046	0.01423	0.01578	0.01194	0.01766	0.01309	0.00961	0.15780	0.10231	0.02826	0.01515	0.01623	0.01188	0.00641	0.00574	0.00146	0.00574	0.00502	0.00509	0.50613
10	0.05858	0.13575	0.10226	0.01367	0.01937	0.01610	0.01261	0.16906	0.02037	0.29777	0.02058	0.07029	0.01541	0.00876	0.00657	0.00209	0.00691	0.00688	0.00636	0.01059
11	0.02372	0.12670	0.07727	0.01535	0.02126	0.07097	0.01360	0.41879	0.02597	0.06224	0.01512	0.01562	0.01112	0.00759	0.00642	0.00192	0.00795	0.00558	0.00572	0.06711
12	0.08941	0.01457	0.01658	0.01346	0.01837	0.01525	0.01091	0.17155	0.22765	0.31026	0.02406	0.02195	0.01656	0.00866	0.00681	0.00221	0.00613	0.00686	0.00747	0.01127
13	0.02156	0.01585	0.04913	0.05271	0.23832	0.01552	0.01525	0.09083	0.18653	0.20902	0.02097	0.02104	0.01513	0.00791	0.00698	0.00219	0.00705	0.00680	0.00601	0.01118

[dist]
# distance from previous block
# <min> <max>
1	6

[block]
# block no. 4 follows, 30 sequences, length 30
# corresponding to MSA columns:
# 94-123
name=unknown_E
#
# <colnr> <probs for GDERKNQSTAVLIFYWHMCP>
#	G	D	E	R	K	N	Q	S	T	A	V	L	I	F	Y	W	H	M	C	P
0	0.01817	0.08392	0.02148	0.09364	0.05283	0.04540	0.01401	0.14733	0.10894	0.02450	0.01411	0.01690	0.01149	0.00889	0.01142	0.00228	0.23130	0.00593	0.00448	0.08297
1	0.02283	0.11139	0.04327	0.01590	0.04194	0.34819	0.01252	0.02610	0.04807	0.11169	0.01407	0.01504	0.01092	0.00694	0.00605	0.00173	0.00930	0.00490	0.00442	0.14472
2	0.02083	0.07698	0.02112	0.01926	0.13812	0.08571	0.03675	0.09712	0.18370	0.13279	0.05331	0.02099	0.01686	0.00800	0.00672	0.00204	0.00722	0.00664	0.00574	0.06010
3	0.01598	0.01327	0.02091	0.58475	0.07077	0.01581	0.01820	0.08769	0.01638	0.06931	0.01393	0.01872	0.01019	0.00720	0.00698	0.00228	0.00886	0.00627	0.00390	0.00860
4	0.01545	0.01473	0.02504	0.35157	0.41669	0.01610	0.02051	0.01982	0.01503	0.02059	0.01280	0.01786	0.01028	0.00655	0.00694	0.00218	0.00874	0.00621	0.00330	0.00959
5	0.05336	0.01365	0.01926	0.01602	0.05047	0.01331	0.08444	0.11115	0.07205	0.37427	0.02324	0.02405	0.01641	0.01162	0.05726	0.00285	0.00775	0.03115	0.00695	0.01076
6	0.09937	0.01537	0.01587	0.01376	0.01789	0.01756	0.01082	0.16284	0.46609	0.03163	0.02390	0.02357	0.01821	0.04211	0.00806	0.00249	0.00599	0.00725	0.00666	0.01055
7	0.01866	0.75896	0.03657	0.01194	0.01791	0.02761	0.01194	0.02090	0.01418	0.01642	0.00970	0.01119	0.00896	0.00597	0.00448	0.00149	0.00746	0.00373	0.00299	0.00896
8	0.01338	0.01261	0.02130	0.70354	0.08092	0.01556	0.01948	0.01801	0.01405	0.01808	0.01244	0.01854	0.00939	0.00694	0.00697	0.00231	0.00925	0.00620	0.00312	0.00792
9	0.01571	0.01659	0.02874	0.02245	0.02507	0.01999	0.26475	0.01886	0.01284	0.01886	0.01100	0.01659	0.00969	0.00986	0.01744	0.00279	0.47032	0.00690	0.00323	0.00830
10	0.02646	0.02162	0.02077	0.01635	0.02163	0.12820	0.01330	0.58820	0.03084	0.03991	0.01585	0.01612	0.01143	0.00820	0.00688	0.00205	0.00842	0.00601	0.00647	0.01130
11	0.01318	0.01240	0.02093	0.73798	0.04806	0.01550	0.01938	0.01783	0.01395	0.01783	0.01240	0.01860	0.00930	0.00698	0.00698	0.00233	0.00930	0.00620	0.00310	0.00775
12	0.02240	0.01647	0.01786	0.01475	0.01949	0.01832	0.01184	0.29317	0.36687	0.10532	0.02372	0.02215	0.01717	0.00895	0.00704	0.00224	0.00641	0.00717	0.00721	0.01145
13	0.66988	0.08968	0.01336	0.00969	0.01425	0.01650	0.00819	0.02149	0.01268	0.07744	0.01095	0.01219	0.00838	0.00658	0.00452	0.00209	0.00565	0.00400	0.00448	0.00800
14	0.01657	0.01586	0.02705	0.16236	0.59720	0.01640	0.02107	0.02080	0.01556	0.02194	0.01300	0.01750	0.01075	0.00635	0.00692	0.00212	0.00846	0.00621	0.00339	0.01049
15	0.01686	0.01417	0.01420	0.01271	0.01599	0.08604	0.00981	0.04779	0.33939	0.06957	0.25462	0.03301	0.03449	0.01076	0.00739	0.00223	0.00559	0.00903	0.00703	0.00932
16	0.01866	0.75896	0.03657	0.01194	0.01791	0.02761	0.01194	0.02090	0.01418	0.01642	0.00970	0.01119	0.00896	0.00597	0.00448	0.00149	0.00746	0.00373	0.00299	0.00896
17	0.02056	0.01658	0.01758	0.01485	0.01937	0.01885	0.01182	0.26428	0.46621	0.03435	0.02434	0.02280	0.01801	0.00909	0.00706	0.00227	0.00628	0.00733	0.00706	0.01133
18	0.06536	0.09577	0.08619	0.02276	0.12481	0.05368	0.17296	0.06544	0.01626	0.08215	0.01343	0.01639	0.01049	0.00759	0.00953	0.00226	0.13515	0.00617	0.00404	0.00957
19	0.01727	0.01658	0.02832	0.04283	0.71123	0.01658	0.02142	0.02142	0.01589	0.02280	0.01313	0.01727	0.01105	0.00622	0.00691	0.00207	0.00829	0.00622	0.00345	0.01105
20	0.01655	0.01585	0.02703	0.16501	0.59467	0.01639	0.02106	0.02079	0.01555	0.02192	0.01300	0.01751	0.01075	0.00635	0.00692	0.00212	0.00847	0.00621	0.00339	0.01047
21	0.01071	0.08608	0.06099	0.00950	0.01235	0.00926	0.00819	0.01390	0.01800	0.02441	0.44947	0.04860	0.19557	0.01363	0.00774	0.00216	0.00426	0.01165	0.00661	0.00694
22	0.01866	0.05287	0.02090	0.15826	0.12904	0.25324	0.03658	0.05487	0.03439	0.02172	0.13203	0.02191	0.01962	0.00823	0.00689	0.00204	0.00904	0.00674	0.00440	0.00855
23	0.01624	0.01838	0.03977	0.07853	0.03727	0.01750	0.63968	0.02204	0.01630	0.02204	0.01400	0.01881	0.01050	0.00596	0.00815	0.00235	0.01159	0.00809	0.00350	0.00930
24	0.67492	0.01322	0.01125	0.00972	0.01422	0.01475	0.00801	0.02277	0.01323	0.14574	0.01269	0.01341	0.00918	0.00684	0.00477	0.00216	0.00549	0.00432	0.00504	0.00828
25	0.01212	0.00606	0.00909	0.00909	0.00909	0.00606	0.00606	0.00909	0.00909	0.01212	0.01212	0.02121	0.01212	0.02424	0.02727	0.79697	0.00606	0.00606	0.00303	0.00303
26	0.80405	0.01350	0.01026	0.00918	0.01350	0.01565	0.00756	0.02051	0.01188	0.03131	0.00972	0.01134	0.00756	0.00648	0.00432	0.00216	0.00540	0.00378	0.00432	0.00756
27	0.01918	0.58967	0.10429	0.01338	0.01965	0.06094	0.01354	0.07460	0.01600	0.01923	0.01061	0.01207	0.00918	0.00629	0.00499	0.00163	0.00803	0.00412	0.00333	0.00928
28	0.10168	0.38292	0.05169	0.01422	0.01928	0.29009	0.01256	0.02353	0.01608	0.01839	0.01021	0.01186	0.00882	0.00651	0.00522	0.00170	0.00929	0.00407	0.00335	0.00853
29	0.02027	0.07641	0.10089	0.07571	0.35094	0.05500	0.01817	0.02429	0.01660	0.17156	0.01573	0.01775	0.01176	0.00687	0.00668	0.00206	0.00824	0.00598	0.00447	0.01061

[dist]
# distance from previous block
# <min> <max>
0	1

[block]
# block no. 5 follows, 30 sequences, length 22
# corresponding to MSA columns:
# 125-146
name=unknown_F
#
# <colnr> <probs for GDERKNQSTAVLIFYWHMCP>
#	G	D	E	R	K	N	Q	S	T	A	V	L	I	F	Y	W	H	M	C	P
0	0.01874	0.05137	0.02479	0.16521	0.38036	0.09655	0.01828	0.04422	0.04761	0.06542	0.01428	0.01750	0.01128	0.00683	0.00676	0.00208	0.00863	0.00604	0.00399	0.01008
1	0.01400	0.03610	0.71860	0.01989	0.03020	0.01621	0.02578	0.02210	0.01473	0.02210	0.01252	0.01473	0.00884	0.00663	0.00663	0.00221	0.01031	0.00516	0.00295	0.01031
2	0.01105	0.00739	0.01067	0.01098	0.01231	0.00685	0.03997	0.01294	0.01484	0.07633	0.10260	0.54654	0.04367	0.01910	0.00870	0.00271	0.00464	0.05558	0.00663	0.00649
3	0.02099	0.09822	0.28412	0.01621	0.02342	0.01760	0.01706	0.18015	0.08897	0.15883	0.01767	0.01770	0.01241	0.00764	0.00662	0.00212	0.00810	0.00590	0.00538	0.01091
4	0.02341	0.12775	0.07668	0.01464	0.02026	0.01500	0.07694	0.05902	0.08460	0.33889	0.07335	0.02271	0.01852	0.00830	0.00682	0.00210	0.00692	0.00697	0.00654	0.01059
5	0.01400	0.03610	0.71860	0.01989	0.03020	0.01621	0.02578	0.02210	0.01473	0.02210	0.01252	0.01473	0.00884	0.00663	0.00663	0.00221	0.01031	0.00516	0.00295	0.01031
6	0.01950	0.01942	0.18057	0.01912	0.08913	0.05021	0.09534	0.02553	0.08688	0.20773	0.04160	0.08135	0.03355	0.00907	0.00725	0.00225	0.00788	0.00800	0.00555	0.01007
7	0.02317	0.02140	0.27384	0.01842	0.07991	0.01329	0.04862	0.02810	0.01757	0.37430	0.02026	0.01971	0.01338	0.00758	0.00692	0.00218	0.00800	0.00633	0.00590	0.01112
8	0.31221	0.01246	0.01404	0.01124	0.01624	0.01222	0.00928	0.02910	0.01703	0.46715	0.02105	0.01924	0.01374	0.00785	0.00604	0.00216	0.00574	0.00584	0.00707	0.01031
9	0.01565	0.02667	0.42230	0.02232	0.12828	0.01489	0.08566	0.02188	0.01563	0.08134	0.01967	0.02134	0.07764	0.00774	0.00702	0.00221	0.00913	0.00669	0.00391	0.01004
10	0.02315	0.01232	0.01995	0.09196	0.02314	0.01146	0.13132	0.02655	0.01814	0.40591	0.07800	0.08481	0.02145	0.00951	0.00748	0.00227	0.00697	0.00865	0.00688	0.01007
11	0.01815	0.69501	0.03542	0.01244	0.01824	0.02622	0.03677	0.02058	0.01453	0.01720	0.04365	0.01346	0.01177	0.00637	0.00480	0.00156	0.00742	0.00433	0.00323	0.00886
12	0.02976	0.01153	0.01570	0.01215	0.01728	0.00999	0.00999	0.03251	0.01996	0.66646	0.07655	0.02580	0.02078	0.00904	0.00710	0.00216	0.00575	0.00742	0.00857	0.01149
13	0.01957	0.10153	0.21559	0.02178	0.06810	0.06798	0.22242	0.02466	0.01662	0.15174	0.01544	0.01730	0.01111	0.00672	0.00696	0.00213	0.00968	0.00631	0.00428	0.01007
14	0.03044	0.01433	0.01693	0.01321	0.01847	0.06991	0.01080	0.09391	0.02114	0.59681	0.02517	0.02219	0.01610	0.00849	0.00695	0.00212	0.00664	0.00674	0.00807	0.01157
15	0.01452	0.09420	0.62280	0.01980	0.02957	0.01722	0.06364	0.02202	0.01479	0.02165	0.01239	0.01469	0.00895	0.00653	0.00655	0.00216	0.01017	0.00522	0.00298	0.01015
16	0.01107	0.01118	0.10844	0.01032	0.01331	0.00762	0.00904	0.01359	0.01512	0.07674	0.04678	0.31339	0.30316	0.01695	0.00817	0.00250	0.00488	0.01466	0.00616	0.00693
17	0.02617	0.01813	0.18976	0.01616	0.06440	0.01212	0.01478	0.03029	0.01843	0.50180	0.02293	0.02113	0.01481	0.00799	0.00692	0.00217	0.00716	0.00651	0.00691	0.01144
18	0.04833	0.06722	0.26193	0.01538	0.02229	0.01367	0.04600	0.02656	0.01734	0.32695	0.06901	0.02123	0.01669	0.00798	0.00678	0.00215	0.00761	0.00651	0.00586	0.01051
19	0.01808	0.66957	0.12090	0.01292	0.01943	0.02620	0.01365	0.02104	0.01425	0.01712	0.01005	0.01163	0.00894	0.00605	0.00474	0.00158	0.00782	0.00391	0.00298	0.00912
20	0.02462	0.01721	0.05656	0.01940	0.12464	0.07338	0.05578	0.14479	0.03669	0.30278	0.05707	0.02142	0.01655	0.00815	0.00706	0.00213	0.00759	0.00686	0.00644	0.01090
21	0.02029	0.02665	0.42180	0.01782	0.02614	0.01477	0.05421	0.06762	0.01758	0.23893	0.01753	0.01787	0.01174	0.00732	0.00686	0.00219	0.00886	0.00596	0.00500	0.01085

[dist]
# distance from previous block
# <min> <max>
4	9

[block]
# block no. 6 follows, 30 sequences, length 13
# corresponding to MSA columns:
# 156-168
name=unknown_G
#
# <colnr> <probs for GDERKNQSTAVLIFYWHMCP>
#	G	D	E	R	K	N	Q	S	T	A	V	L	I	F	Y	W	H	M	C	P
0	0.02065	0.12093	0.01989	0.01343	0.01831	0.04798	0.03229	0.22671	0.08702	0.11075	0.06706	0.02499	0.09055	0.00911	0.00670	0.00198	0.00663	0.00725	0.00609	0.08167
1	0.02290	0.02159	0.02143	0.02159	0.15480	0.27741	0.05935	0.05530	0.06871	0.14096	0.03789	0.01833	0.01380	0.00750	0.00676	0.00198	0.00917	0.00608	0.00498	0.04948
2	0.01859	0.01751	0.02969	0.07136	0.40275	0.05786	0.19058	0.02294	0.01652	0.08239	0.01446	0.01803	0.01126	0.00644	0.00723	0.00215	0.00928	0.00670	0.00391	0.01036
3	0.01180	0.00939	0.01390	0.01782	0.15758	0.00920	0.01181	0.01487	0.01614	0.02167	0.11885	0.14740	0.07728	0.01617	0.00872	0.00275	0.00594	0.32546	0.00598	0.00728
4	0.02495	0.01876	0.02006	0.01574	0.02104	0.02090	0.01288	0.57611	0.14723	0.04144	0.01876	0.01835	0.01349	0.00856	0.00700	0.00214	0.00731	0.00656	0.00700	0.01173
5	0.00850	0.00607	0.00810	0.00972	0.01012	0.00567	0.00648	0.00972	0.01336	0.01781	0.03846	0.75020	0.04615	0.02186	0.00891	0.00283	0.00405	0.01984	0.00648	0.00567
6	0.01754	0.02369	0.22999	0.02630	0.11085	0.05332	0.33124	0.02339	0.01636	0.07754	0.01445	0.01755	0.01059	0.00642	0.00742	0.00224	0.01052	0.00683	0.00377	0.00999
7	0.02121	0.51858	0.09317	0.01277	0.01899	0.02251	0.01279	0.02408	0.01559	0.18111	0.01414	0.01446	0.01090	0.00666	0.00527	0.00171	0.00736	0.00463	0.00431	0.00976
8	0.00997	0.00748	0.01121	0.01121	0.01246	0.00872	0.00872	0.01246	0.01121	0.01620	0.01869	0.02741	0.01745	0.05234	0.72710	0.01121	0.01869	0.00748	0.00374	0.00623
9	0.00892	0.00637	0.00857	0.01019	0.01077	0.00602	0.00720	0.01043	0.01377	0.01828	0.03823	0.64907	0.04525	0.02147	0.00902	0.00289	0.00441	0.11690	0.00647	0.00578
10	0.01991	0.06113	0.14000	0.02498	0.14312	0.25621	0.18413	0.04879	0.01770	0.02114	0.01246	0.01537	0.00982	0.00660	0.00687	0.00205	0.01086	0.00585	0.00355	0.00946
11	0.01866	0.02530	0.30819	0.02009	0.02774	0.01760	0.16061	0.18070	0.08522	0.06292	0.01613	0.01761	0.01154	0.00726	0.00712	0.00223	0.00932	0.00643	0.00470	0.01064
12	0.01568	0.01426	0.02450	0.02042	0.07304	0.03107	0.27133	0.06391	0.03682	0.05972	0.18484	0.06453	0.05819	0.01018	0.00801	0.00232	0.00783	0.03917	0.00549	0.00870

[dist]
# distance from previous block
# <min> <max>
2	4

[block]
# block no. 7 follows, 30 sequences, length 8
# corresponding to MSA columns:
# 173-180
name=unknown_H
#
# <colnr> <probs for GDERKNQSTAVLIFYWHMCP>
#	G	D	E	R	K	N	Q	S	T	A	V	L	I	F	Y	W	H	M	C	P
0	0.07655	0.10398	0.17169	0.01641	0.02279	0.08374	0.07814	0.11975	0.06946	0.13012	0.01605	0.01676	0.01165	0.00722	0.00642	0.00203	0.00836	0.00573	0.00496	0.04818
1	0.01285	0.00844	0.01036	0.01015	0.01182	0.00805	0.00710	0.07592	0.01515	0.07664	0.03013	0.42081	0.03354	0.16800	0.01372	0.00337	0.00519	0.01432	0.00606	0.06839
2	0.02176	0.08000	0.01962	0.01804	0.07325	0.49407	0.01276	0.02368	0.01794	0.01761	0.01574	0.14200	0.01566	0.00959	0.00667	0.00198	0.01038	0.00726	0.00404	0.00796
3	0.01715	0.14620	0.02911	0.09891	0.53118	0.01842	0.01958	0.02101	0.01542	0.02124	0.01246	0.01633	0.01053	0.00624	0.00649	0.00199	0.00823	0.00578	0.00334	0.01039
4	0.01892	0.01320	0.01636	0.01558	0.07681	0.01420	0.01129	0.09154	0.24264	0.15506	0.18160	0.02921	0.02818	0.01024	0.00847	0.00229	0.05912	0.00839	0.00689	0.01000
5	0.01516	0.01116	0.01349	0.01020	0.01529	0.00879	0.00809	0.01827	0.01622	0.09502	0.17042	0.02390	0.02354	0.00757	0.00605	0.00141	0.00482	0.00634	0.00539	0.53886
6	0.05889	0.02459	0.39412	0.01578	0.02323	0.01358	0.01798	0.04802	0.01699	0.17347	0.09481	0.02303	0.04825	0.00845	0.00685	0.00220	0.00794	0.00678	0.00507	0.00996
7	0.02317	0.01188	0.01523	0.04120	0.01784	0.01097	0.00996	0.07394	0.06536	0.37616	0.14549	0.02699	0.02455	0.00914	0.00698	0.00203	0.00559	0.00760	0.00740	0.11852

[dist]
# distance from previous block
# <min> <max>
11	13

[block]
# block no. 8 follows, 30 sequences, length 40
# corresponding to MSA columns:
# 194-233
name=unknown_I
#
# <colnr> <probs for GDERKNQSTAVLIFYWHMCP>
#	G	D	E	R	K	N	Q	S	T	A	V	L	I	F	Y	W	H	M	C	P
0	0.01388	0.00926	0.01263	0.01336	0.09245	0.00884	0.00880	0.03411	0.03611	0.10722	0.45119	0.04263	0.04768	0.07883	0.01032	0.00259	0.00466	0.01072	0.00696	0.00776
1	0.01949	0.01622	0.02645	0.03762	0.58738	0.01616	0.01961	0.06440	0.01742	0.10499	0.01503	0.01799	0.01183	0.00663	0.00693	0.00208	0.00798	0.00631	0.00428	0.01120
2	0.01522	0.07449	0.44421	0.05106	0.21111	0.01704	0.04704	0.02170	0.01504	0.02179	0.01256	0.01547	0.00951	0.00646	0.00664	0.00214	0.00961	0.00550	0.00311	0.01030
3	0.01532	0.07537	0.34023	0.02325	0.14231	0.01677	0.11487	0.02300	0.08915	0.02300	0.05766	0.01905	0.01436	0.00719	0.00691	0.00217	0.00903	0.00643	0.00386	0.01006
4	0.01416	0.05617	0.65441	0.01906	0.02899	0.01612	0.02428	0.02178	0.01470	0.02197	0.01243	0.01461	0.00894	0.00652	0.00647	0.00212	0.00991	0.00505	0.00302	0.05929
5	0.01344	0.07881	0.05623	0.01018	0.01319	0.00954	0.00869	0.01686	0.01896	0.10683	0.52114	0.04274	0.05143	0.01237	0.00764	0.00213	0.00442	0.01069	0.00707	0.00765
6	0.00950	0.00687	0.00949	0.01004	0.01077	0.00732	0.00713	0.01110	0.01175	0.01626	0.02606	0.27813	0.02872	0.17036	0.35483	0.00753	0.01150	0.01220	0.00477	0.00567
7	0.02168	0.01013	0.01333	0.01115	0.01494	0.00917	0.00897	0.02548	0.05655	0.39286	0.24625	0.03769	0.06368	0.01143	0.00760	0.00225	0.00500	0.04421	0.00804	0.00960
8	0.01491	0.02589	0.41607	0.01587	0.02438	0.01328	0.01834	0.02085	0.01485	0.05160	0.01311	0.01501	0.00978	0.00615	0.00608	0.00175	0.00813	0.00484	0.00365	0.31545
9	0.02595	0.01204	0.01565	0.01175	0.01741	0.00995	0.00962	0.02878	0.01822	0.49539	0.02272	0.02080	0.01507	0.00753	0.00643	0.00180	0.00569	0.00610	0.00720	0.26190
10	0.01775	0.01519	0.01600	0.01428	0.01830	0.01754	0.01114	0.06515	0.66991	0.02983	0.02790	0.02564	0.02089	0.00942	0.00710	0.00236	0.00562	0.00782	0.00710	0.01108
11	0.01705	0.01635	0.02792	0.08076	0.67504	0.01652	0.02131	0.02122	0.01578	0.02253	0.01309	0.01734	0.01096	0.00626	0.00691	0.00209	0.00835	0.00622	0.00343	0.01087
12	0.01089	0.00820	0.01020	0.00951	0.01147	0.00804	0.00719	0.01641	0.11164	0.02815	0.61562	0.04859	0.05981	0.01362	0.00808	0.00222	0.00359	0.01198	0.00760	0.00719
13	0.01727	0.01658	0.02832	0.04283	0.71123	0.01658	0.02142	0.02142	0.01589	0.02280	0.01313	0.01727	0.01105	0.00622	0.00691	0.00207	0.00829	0.00622	0.00345	0.01105
14	0.02438	0.02474	0.01919	0.01769	0.05609	0.38128	0.01305	0.11644	0.16171	0.09149	0.01696	0.01724	0.01283	0.00791	0.00665	0.00200	0.00961	0.00577	0.00525	0.00972
15	0.00979	0.00719	0.00922	0.00920	0.01064	0.00678	0.00671	0.01320	0.04662	0.02516	0.48871	0.23027	0.07793	0.01611	0.00836	0.00237	0.00359	0.01433	0.00731	0.00652
16	0.01713	0.01644	0.02808	0.06614	0.68900	0.01654	0.02135	0.02130	0.01582	0.02263	0.01310	0.01732	0.01099	0.00624	0.00691	0.00208	0.00832	0.00622	0.00344	0.01094
17	0.07882	0.01937	0.01990	0.01556	0.02090	0.04578	0.01277	0.58475	0.06642	0.04139	0.01669	0.01673	0.01198	0.00826	0.00678	0.00210	0.00758	0.00614	0.00669	0.01140
18	0.01708	0.01638	0.02798	0.07567	0.67990	0.01653	0.02132	0.02125	0.01580	0.02256	0.01309	0.01733	0.01097	0.00625	0.00691	0.00208	0.00834	0.00622	0.00344	0.01090
19	0.01618	0.01911	0.07070	0.02736	0.03415	0.01733	0.58291	0.02179	0.01597	0.02207	0.01369	0.01821	0.01042	0.00622	0.00878	0.00231	0.05027	0.00776	0.00351	0.05128
20	0.01035	0.00902	0.01547	0.01394	0.01592	0.00842	0.15925	0.01259	0.01405	0.01871	0.03382	0.52420	0.06857	0.04836	0.00982	0.00287	0.00587	0.01658	0.00572	0.00646
21	0.01727	0.01658	0.02832	0.04283	0.71123	0.01658	0.02142	0.02142	0.01589	0.02280	0.01313	0.01727	0.01105	0.00622	0.00691	0.00207	0.00829	0.00622	0.00345	0.01105
22	0.02133	0.01461	0.01635	0.01374	0.01811	0.01587	0.01095	0.16905	0.36566	0.16756	0.08718	0.02602	0.02258	0.00951	0.00716	0.00225	0.00585	0.00781	0.00743	0.01098
23	0.01727	0.01658	0.02832	0.04283	0.71123	0.01658	0.02142	0.02142	0.01589	0.02280	0.01313	0.01727	0.01105	0.00622	0.00691	0.00207	0.00829	0.00622	0.00345	0.01105
24	0.01630	0.02848	0.36267	0.02417	0.05612	0.08937	0.27753	0.02276	0.01596	0.02171	0.01298	0.01617	0.00960	0.00639	0.00722	0.00222	0.01103	0.00631	0.00325	0.00977
25	0.01008	0.00703	0.00897	0.00897	0.00945	0.00751	0.00593	0.01102	0.01055	0.01454	0.02074	0.03876	0.02237	0.48908	0.29709	0.00845	0.01128	0.00914	0.00404	0.00499
26	0.00860	0.00615	0.00819	0.00965	0.01014	0.00574	0.00649	0.00997	0.01383	0.01857	0.08804	0.69847	0.04761	0.02130	0.00886	0.00279	0.00399	0.01930	0.00657	0.00574
27	0.01793	0.49556	0.17244	0.01506	0.02175	0.06240	0.05675	0.02231	0.04425	0.01852	0.01141	0.01310	0.00957	0.00631	0.00536	0.00175	0.00850	0.00452	0.00322	0.00930
28	0.01015	0.00677	0.00761	0.00761	0.00761	0.00677	0.00423	0.01015	0.01015	0.01353	0.02199	0.04567	0.02537	0.75476	0.03552	0.00677	0.00677	0.01015	0.00423	0.00423
29	0.01935	0.69242	0.03511	0.01238	0.01825	0.05178	0.01207	0.05822	0.01541	0.01797	0.01013	0.01155	0.00912	0.00615	0.00468	0.00154	0.00765	0.00390	0.00323	0.00909
30	0.10050	0.01092	0.01402	0.01126	0.01568	0.00992	0.00914	0.02785	0.01914	0.48978	0.18447	0.02918	0.02767	0.00974	0.00704	0.00217	0.00527	0.00801	0.00800	0.01023
31	0.01897	0.01671	0.01735	0.01641	0.06557	0.06993	0.01202	0.13187	0.46483	0.03002	0.06137	0.02447	0.02071	0.00918	0.00707	0.00225	0.00644	0.00754	0.00661	0.01071
32	0.01051	0.00962	0.07607	0.00899	0.01004	0.00778	0.00654	0.01142	0.01065	0.01450	0.02090	0.04170	0.02335	0.64460	0.07048	0.00657	0.00776	0.00952	0.00408	0.00492
33	0.02244	0.01417	0.01768	0.01481	0.04728	0.01444	0.03516	0.29408	0.02485	0.20190	0.20591	0.02812	0.02770	0.00985	0.00737	0.00215	0.00624	0.00824	0.00730	0.01032
34	0.01705	0.56395	0.14964	0.01287	0.01901	0.02367	0.01355	0.02007	0.01389	0.01711	0.01136	0.01510	0.01051	0.07797	0.00782	0.00212	0.00788	0.00459	0.00310	0.00873
35	0.02614	0.04163	0.01944	0.01497	0.02012	0.12520	0.01216	0.33323	0.07765	0.19695	0.01891	0.01823	0.01329	0.00813	0.00674	0.00202	0.00773	0.00614	0.00663	0.04469
36	0.04501	0.02106	0.01891	0.01700	0.04394	0.30454	0.07962	0.10082	0.01888	0.02223	0.03535	0.18077	0.01935	0.01051	0.00710	0.00211	0.00899	0.00876	0.00479	0.05026
37	0.01866	0.01460	0.01837	0.08495	0.10745	0.01424	0.01242	0.15400	0.09844	0.07861	0.01634	0.01770	0.01242	0.00686	0.00628	0.00173	0.00654	0.00567	0.00519	0.31952
38	0.01859	0.06224	0.02497	0.16899	0.18871	0.01735	0.09314	0.16617	0.04304	0.04725	0.01457	0.01744	0.01117	0.00687	0.00677	0.00203	0.00822	0.00617	0.00448	0.09183
39	0.09576	0.01717	0.05431	0.16254	0.13168	0.08290	0.07658	0.04400	0.04427	0.06836	0.01405	0.01680	0.01075	0.00665	0.00643	0.00197	0.00820	0.00570	0.00419	0.14770

[dist]
# distance from previous block
# <min> <max>
19	54

[block]
# block no. 9 follows, 30 sequences, length 15
# corresponding to MSA columns:
# 289-303
name=unknown_J
#
# <colnr> <probs for GDERKNQSTAVLIFYWHMCP>
#	G	D	E	R	K	N	Q	S	T	A	V	L	I	F	Y	W	H	M	C	P
0	0.01690	0.06033	0.20391	0.02114	0.02827	0.01616	0.28560	0.02220	0.01558	0.08263	0.01411	0.01698	0.01053	0.00659	0.00796	0.00210	0.05348	0.00639	0.00386	0.12529
1	0.06654	0.06006	0.04745	0.06033	0.26357	0.01587	0.12820	0.02298	0.07508	0.07620	0.04938	0.01955	0.01449	0.00700	0.00679	0.00207	0.00787	0.00660	0.00443	0.06555
2	0.02185	0.07663	0.02451	0.02439	0.21530	0.28555	0.06622	0.06597	0.01848	0.06266	0.01310	0.01533	0.01045	0.00675	0.00649	0.00188	0.00972	0.00544	0.00406	0.06521
3	0.06451	0.01516	0.02008	0.13888	0.19054	0.06520	0.03315	0.02269	0.03480	0.12999	0.01515	0.01739	0.01147	0.00662	0.00634	0.00187	0.00747	0.00565	0.00454	0.20851
4	0.09493	0.04252	0.01906	0.01799	0.12427	0.09355	0.01255	0.14461	0.08482	0.22665	0.05519	0.02044	0.01622	0.00815	0.00665	0.00209	0.00716	0.00646	0.00621	0.01048
5	0.00991	0.00807	0.00918	0.00833	0.01113	0.00673	0.00630	0.01229	0.01641	0.02185	0.21750	0.10110	0.36142	0.01463	0.00768	0.00209	0.00383	0.01246	0.00632	0.16277
6	0.01998	0.42535	0.02686	0.01247	0.01727	0.13698	0.01111	0.02237	0.01672	0.10368	0.12647	0.01966	0.01930	0.00786	0.00570	0.00174	0.00743	0.00571	0.00454	0.00878
7	0.02000	0.01601	0.01545	0.01330	0.01720	0.13010	0.01038	0.07485	0.24751	0.14053	0.16441	0.02752	0.02654	0.00962	0.00707	0.00211	0.00642	0.00783	0.00671	0.05643
8	0.02160	0.01590	0.05712	0.02298	0.23063	0.01510	0.01519	0.13998	0.10296	0.20010	0.02154	0.02582	0.01676	0.00890	0.00723	0.00225	0.00718	0.07179	0.00606	0.01090
9	0.02400	0.02893	0.02078	0.02011	0.08175	0.54370	0.01439	0.05844	0.01897	0.01887	0.01109	0.01353	0.00933	0.00778	0.00840	0.00199	0.10085	0.00493	0.00368	0.00848
10	0.00924	0.00638	0.00788	0.00877	0.00899	0.00616	0.00547	0.00991	0.01191	0.01589	0.03104	0.43301	0.03680	0.35182	0.02089	0.00460	0.00527	0.01548	0.00547	0.00502
11	0.01447	0.01240	0.01447	0.01034	0.01654	0.00930	0.00827	0.01757	0.01447	0.02274	0.01240	0.01447	0.01034	0.00517	0.00517	0.00103	0.00517	0.00413	0.00413	0.79742
12	0.02593	0.01760	0.01939	0.01518	0.02049	0.01913	0.01244	0.48304	0.13064	0.15196	0.02027	0.01929	0.01417	0.00858	0.00700	0.00215	0.00707	0.00664	0.00727	0.01175
13	0.00850	0.00607	0.00810	0.00972	0.01012	0.00567	0.00648	0.00972	0.01336	0.01781	0.03846	0.75020	0.04615	0.02186	0.00891	0.00283	0.00405	0.01984	0.00648	0.00567
14	0.02584	0.01198	0.01514	0.01196	0.01667	0.01105	0.00975	0.12460	0.02132	0.47015	0.09109	0.03066	0.10739	0.01023	0.00727	0.00218	0.00566	0.00837	0.00804	0.01066

[dist]
# distance from previous block
# <min> <max>
0	0

# created by:
# /home/berkeley/.conda/envs/busco_data_prod/bin/msa2prfl.pl pipeline/OGs_align_augustus/4893/38801.fs
