[name]
unknown

[dist]
# distance from previous block
# <min> <max>
0	20

[block]
# block no. 0 follows, 32 sequences, length 32
# corresponding to MSA columns:
# 20-51
name=unknown_A
#
# <colnr> <probs for GDERKNQSTAVLIFYWHMCP>
#	G	D	E	R	K	N	Q	S	T	A	V	L	I	F	Y	W	H	M	C	P
0	0.00916	0.00648	0.00824	0.00928	0.00991	0.00624	0.00654	0.01044	0.01267	0.01666	0.03397	0.37597	0.07509	0.22783	0.01582	0.00383	0.00508	0.15594	0.00561	0.00523
1	0.06003	0.01125	0.01502	0.01171	0.01666	0.00988	0.00961	0.03121	0.01863	0.66987	0.02623	0.05310	0.01740	0.00875	0.00672	0.00210	0.00561	0.00714	0.00805	0.01101
2	0.01843	0.01528	0.01615	0.01401	0.01811	0.01750	0.01104	0.16657	0.57646	0.03087	0.02510	0.02328	0.01869	0.00890	0.00680	0.00222	0.00572	0.00728	0.00680	0.01078
3	0.01659	0.01413	0.01849	0.35751	0.03158	0.01669	0.01480	0.16090	0.24751	0.02582	0.01786	0.01989	0.01326	0.00777	0.00675	0.00220	0.00743	0.00652	0.00501	0.00930
4	0.04748	0.09902	0.08526	0.01311	0.01868	0.01494	0.01188	0.19312	0.02073	0.36715	0.02002	0.01878	0.01345	0.00770	0.00628	0.00197	0.00656	0.00595	0.03725	0.01065
5	0.01468	0.01468	0.02055	0.01762	0.01762	0.02055	0.01468	0.01615	0.01028	0.01615	0.00881	0.01468	0.00881	0.01174	0.02202	0.00294	0.75191	0.00587	0.00294	0.00734
6	0.01403	0.01210	0.01450	0.01131	0.04691	0.00925	0.00851	0.01706	0.01397	0.02187	0.01196	0.01403	0.00997	0.00501	0.00504	0.00104	0.00510	0.00406	0.00395	0.77032
7	0.04940	0.32303	0.05918	0.04898	0.15929	0.15990	0.05563	0.02179	0.01519	0.03499	0.01106	0.01334	0.00925	0.00616	0.00556	0.00175	0.00862	0.00469	0.00328	0.00890
8	0.00959	0.00719	0.01078	0.01078	0.01198	0.00839	0.00839	0.01198	0.01078	0.01558	0.01797	0.02636	0.01677	0.05032	0.73760	0.01078	0.01797	0.00719	0.00359	0.00599
9	0.01712	0.20053	0.26643	0.04251	0.15489	0.01885	0.01802	0.13409	0.01712	0.02350	0.01218	0.01425	0.00948	0.00639	0.00595	0.00188	0.00826	0.00500	0.00363	0.03994
10	0.00818	0.00584	0.00779	0.00934	0.00973	0.00545	0.00623	0.00934	0.01285	0.01713	0.03698	0.75981	0.04438	0.02102	0.00856	0.00273	0.00389	0.01908	0.00623	0.00545
11	0.00834	0.00681	0.00737	0.00723	0.00931	0.00584	0.00542	0.01042	0.01626	0.02043	0.23836	0.06079	0.54778	0.01614	0.00793	0.00223	0.00334	0.01363	0.00653	0.00584
12	0.00842	0.00607	0.00802	0.00933	0.00996	0.00566	0.00644	0.00989	0.01362	0.01818	0.09761	0.63394	0.07174	0.02009	0.00852	0.00267	0.00393	0.05400	0.00633	0.00557
13	0.00819	0.00673	0.00722	0.00727	0.00927	0.00575	0.00539	0.01008	0.01566	0.01940	0.16620	0.12152	0.56041	0.01683	0.00798	0.00228	0.00340	0.01427	0.00641	0.00575
14	0.02551	0.01879	0.02014	0.01544	0.02081	0.02081	0.01275	0.69996	0.03155	0.04229	0.01611	0.01611	0.01141	0.00805	0.00671	0.00201	0.00738	0.00604	0.00671	0.01141
15	0.02506	0.03198	0.01901	0.01729	0.02074	0.73725	0.01296	0.02679	0.01901	0.01642	0.01037	0.01210	0.00864	0.00691	0.00605	0.00173	0.01210	0.00432	0.00346	0.00778
16	0.01267	0.01193	0.02013	0.74806	0.04621	0.01491	0.01863	0.01714	0.01342	0.01714	0.01193	0.01789	0.00894	0.00671	0.00671	0.00224	0.00894	0.00596	0.00298	0.00745
17	0.01794	0.76823	0.03516	0.01148	0.01722	0.02655	0.01148	0.02009	0.01363	0.01579	0.00933	0.01076	0.00861	0.00574	0.00431	0.00144	0.00718	0.00359	0.00287	0.00861
18	0.01346	0.03471	0.72942	0.01912	0.02904	0.01558	0.02479	0.02125	0.01417	0.02125	0.01204	0.01417	0.00850	0.00637	0.00637	0.00212	0.00992	0.00496	0.00283	0.00992
19	0.00989	0.00659	0.00777	0.00777	0.00804	0.00677	0.00475	0.01044	0.01017	0.01410	0.02071	0.04017	0.02283	0.61295	0.13746	0.00685	0.00802	0.00917	0.05105	0.00448
20	0.00931	0.00647	0.00813	0.00854	0.00888	0.00660	0.00550	0.01009	0.01077	0.01460	0.02468	0.22874	0.02813	0.42657	0.16747	0.00636	0.00810	0.01170	0.00454	0.00481
21	0.08347	0.02359	0.35416	0.01683	0.02433	0.01430	0.08215	0.06457	0.01661	0.23093	0.01646	0.01694	0.01112	0.00696	0.00647	0.00211	0.00828	0.00572	0.00483	0.01015
22	0.01267	0.01193	0.02013	0.74806	0.04621	0.01491	0.01863	0.01714	0.01342	0.01714	0.01193	0.01789	0.00894	0.00671	0.00671	0.00224	0.00894	0.00596	0.00298	0.00745
23	0.01630	0.08355	0.16061	0.09363	0.44550	0.01647	0.02004	0.02084	0.01491	0.04747	0.01269	0.01599	0.01013	0.00618	0.00640	0.00199	0.00827	0.00561	0.00335	0.01008
24	0.01900	0.01390	0.01524	0.01336	0.01739	0.01551	0.01049	0.03515	0.59103	0.14862	0.02717	0.02466	0.01981	0.00897	0.00681	0.00224	0.00538	0.00744	0.00708	0.01076
25	0.07369	0.01542	0.02101	0.06039	0.02095	0.04743	0.08755	0.08173	0.01404	0.04995	0.01319	0.01716	0.03537	0.00990	0.01508	0.00256	0.41650	0.00623	0.00379	0.00803
26	0.01856	0.01494	0.06759	0.01323	0.01694	0.04715	0.01127	0.09945	0.11454	0.16513	0.05734	0.02503	0.07275	0.04104	0.01038	0.00235	0.13086	0.00721	0.03095	0.05327
27	0.01930	0.01440	0.01567	0.01358	0.01771	0.01613	0.01071	0.09482	0.55540	0.12437	0.02619	0.02394	0.01914	0.00890	0.00681	0.00223	0.00555	0.00733	0.00702	0.01080
28	0.04677	0.01006	0.03845	0.05940	0.01390	0.01009	0.00816	0.05683	0.08369	0.05354	0.02022	0.02256	0.01555	0.00793	0.00593	0.00182	0.03269	0.00620	0.49872	0.00749
29	0.01113	0.00585	0.00856	0.00877	0.00882	0.00580	0.00582	0.00886	0.00932	0.01242	0.01532	0.11823	0.01641	0.04976	0.02419	0.67076	0.00560	0.00771	0.00339	0.00329
30	0.01799	0.04835	0.02065	0.10378	0.02234	0.17498	0.03610	0.09433	0.05435	0.02033	0.03406	0.01631	0.01149	0.00917	0.01261	0.00235	0.30298	0.00583	0.00384	0.00815
31	0.09558	0.07268	0.09056	0.04841	0.09766	0.19542	0.05242	0.07494	0.04821	0.02159	0.01182	0.01448	0.00960	0.00752	0.00867	0.00210	0.13067	0.00525	0.00371	0.00870

[dist]
# distance from previous block
# <min> <max>
3	5

[block]
# block no. 1 follows, 32 sequences, length 11
# corresponding to MSA columns:
# 58-68
name=unknown_B
#
# <colnr> <probs for GDERKNQSTAVLIFYWHMCP>
#	G	D	E	R	K	N	Q	S	T	A	V	L	I	F	Y	W	H	M	C	P
0	0.00862	0.00690	0.00775	0.00774	0.00975	0.00603	0.00594	0.01084	0.01633	0.02073	0.24505	0.06155	0.47848	0.01622	0.00804	0.00230	0.00358	0.07172	0.00655	0.00589
1	0.00818	0.00584	0.00779	0.00934	0.00973	0.00545	0.00623	0.00934	0.01285	0.01713	0.03698	0.75981	0.04438	0.02102	0.00856	0.00273	0.00389	0.01908	0.00623	0.00545
2	0.02138	0.01295	0.01423	0.01146	0.01538	0.01364	0.00929	0.33907	0.02307	0.14384	0.01990	0.02050	0.01439	0.00801	0.00596	0.00186	0.00553	0.00623	0.30383	0.00949
3	0.01391	0.01193	0.01391	0.00994	0.01590	0.00894	0.00795	0.01690	0.01391	0.02186	0.01193	0.01391	0.00994	0.00497	0.00497	0.00099	0.00497	0.00398	0.00398	0.80521
4	0.01007	0.00726	0.00968	0.00974	0.01108	0.00790	0.00735	0.01327	0.05140	0.01840	0.07156	0.11763	0.06361	0.05839	0.41001	0.00705	0.01164	0.00933	0.09848	0.00616
5	0.01794	0.76823	0.03516	0.01148	0.01722	0.02655	0.01148	0.02009	0.01363	0.01579	0.00933	0.01076	0.00861	0.00574	0.00431	0.00144	0.00718	0.00359	0.00287	0.00861
6	0.01083	0.05051	0.01252	0.01337	0.07453	0.00872	0.00983	0.01348	0.01526	0.02021	0.12808	0.20763	0.07423	0.01650	0.00836	0.00265	0.00535	0.31549	0.00592	0.00655
7	0.09620	0.01322	0.01589	0.01237	0.01746	0.01284	0.01017	0.16466	0.05855	0.45728	0.02226	0.02014	0.01465	0.00796	0.00643	0.00202	0.00594	0.00625	0.00734	0.04838
8	0.01277	0.01076	0.01475	0.12195	0.16124	0.04712	0.01148	0.01530	0.01458	0.05255	0.06773	0.31874	0.06252	0.01323	0.00746	0.00229	0.00594	0.01186	0.00510	0.04264
9	0.12173	0.10736	0.08804	0.04149	0.04547	0.08949	0.07010	0.11215	0.11368	0.05855	0.05582	0.01924	0.03346	0.00766	0.00621	0.00201	0.00748	0.00612	0.00481	0.00911
10	0.06297	0.04014	0.08913	0.03606	0.05418	0.09428	0.02883	0.19571	0.01915	0.05943	0.01887	0.09359	0.04543	0.00897	0.00680	0.00200	0.02510	0.00715	0.04697	0.06522

[dist]
# distance from previous block
# <min> <max>
0	7

[block]
# block no. 2 follows, 32 sequences, length 30
# corresponding to MSA columns:
# 78-107
name=unknown_C
#
# <colnr> <probs for GDERKNQSTAVLIFYWHMCP>
#	G	D	E	R	K	N	Q	S	T	A	V	L	I	F	Y	W	H	M	C	P
0	0.16076	0.14560	0.16535	0.01554	0.05770	0.06450	0.01415	0.10487	0.01597	0.05223	0.01370	0.05039	0.01171	0.00805	0.00722	0.00208	0.07202	0.02522	0.00412	0.00883
1	0.20942	0.04697	0.04804	0.02023	0.20373	0.05995	0.04624	0.10077	0.03438	0.02613	0.07329	0.01909	0.03720	0.00738	0.00605	0.00198	0.00695	0.00601	0.00445	0.04173
2	0.01786	0.03930	0.09290	0.02046	0.13865	0.04240	0.10035	0.16726	0.01816	0.05796	0.01526	0.04717	0.01251	0.01042	0.05401	0.00260	0.06357	0.00653	0.03438	0.05825
3	0.09155	0.08508	0.03378	0.04015	0.14859	0.01411	0.01145	0.07876	0.10594	0.02427	0.08381	0.02764	0.14142	0.00912	0.00640	0.00197	0.00583	0.00751	0.00500	0.07763
4	0.05218	0.00823	0.01108	0.07996	0.01399	0.00891	0.03942	0.01278	0.01152	0.01702	0.02091	0.06662	0.04533	0.31989	0.14251	0.00537	0.03247	0.00862	0.09758	0.00560
5	0.81159	0.01298	0.00986	0.00882	0.01298	0.01505	0.00727	0.01972	0.01142	0.03010	0.00934	0.01090	0.00727	0.00623	0.00415	0.00208	0.00519	0.00363	0.00415	0.00727
6	0.01713	0.01463	0.01542	0.01374	0.01762	0.01690	0.01073	0.06886	0.67629	0.02878	0.02675	0.02459	0.02003	0.00905	0.00682	0.00226	0.00541	0.00751	0.00682	0.01066
7	0.01166	0.00583	0.00874	0.00874	0.00874	0.00583	0.00583	0.00874	0.00874	0.01166	0.01166	0.02040	0.01166	0.02331	0.02622	0.80478	0.00583	0.00583	0.00291	0.00291
8	0.01154	0.00810	0.00893	0.00883	0.01074	0.00802	0.00657	0.08415	0.05342	0.02246	0.03866	0.22985	0.21748	0.03755	0.00800	0.00235	0.00418	0.03715	0.19544	0.00658
9	0.81159	0.01298	0.00986	0.00882	0.01298	0.01505	0.00727	0.01972	0.01142	0.03010	0.00934	0.01090	0.00727	0.00623	0.00415	0.00208	0.00519	0.00363	0.00415	0.00727
10	0.00939	0.00702	0.00781	0.00765	0.00982	0.00605	0.00580	0.01145	0.01614	0.05311	0.19517	0.08620	0.50656	0.01613	0.00794	0.00227	0.00357	0.03529	0.00656	0.00608
11	0.02506	0.03198	0.01901	0.01729	0.02074	0.73725	0.01296	0.02679	0.01901	0.01642	0.01037	0.01210	0.00864	0.00691	0.00605	0.00173	0.01210	0.00432	0.00346	0.00778
12	0.01463	0.01564	0.07893	0.35099	0.37022	0.01546	0.02006	0.01912	0.01437	0.01976	0.01227	0.01698	0.00972	0.00633	0.00665	0.00211	0.00855	0.00589	0.00313	0.00917
13	0.04234	0.19048	0.09529	0.06293	0.09215	0.10031	0.01342	0.05343	0.01592	0.13032	0.04292	0.01878	0.01363	0.06630	0.00866	0.00227	0.03197	0.00573	0.00433	0.00883
14	0.78466	0.01292	0.01006	0.00893	0.01312	0.01487	0.00736	0.02017	0.01169	0.05412	0.00993	0.01131	0.00759	0.00630	0.00424	0.00208	0.00521	0.00374	0.00430	0.00741
15	0.01540	0.01527	0.02272	0.24851	0.34369	0.06854	0.01802	0.01891	0.01424	0.01912	0.01290	0.05124	0.01132	0.00771	0.00866	0.00220	0.10299	0.00645	0.00332	0.00880
16	0.00864	0.00666	0.00789	0.00792	0.00958	0.00591	0.00581	0.01087	0.01646	0.02170	0.33980	0.17453	0.32751	0.01627	0.00803	0.00228	0.00338	0.01412	0.00672	0.00591
17	0.06502	0.01417	0.01696	0.01306	0.01827	0.01408	0.01079	0.27443	0.02332	0.44569	0.02191	0.01984	0.01428	0.00812	0.00661	0.00205	0.00629	0.00635	0.00753	0.01122
18	0.01498	0.01276	0.01326	0.01191	0.01488	0.05445	0.00915	0.07261	0.35150	0.02749	0.27404	0.03330	0.03469	0.03503	0.00805	0.00230	0.00511	0.00900	0.00674	0.00876
19	0.00847	0.00666	0.00765	0.00775	0.00948	0.00584	0.00568	0.01054	0.01606	0.02075	0.26932	0.17688	0.39779	0.01663	0.00803	0.00229	0.00341	0.01434	0.00660	0.00584
20	0.00818	0.00584	0.00779	0.00934	0.00973	0.00545	0.00623	0.00934	0.01285	0.01713	0.03698	0.75981	0.04438	0.02102	0.00856	0.00273	0.00389	0.01908	0.00623	0.00545
21	0.02506	0.03198	0.01901	0.01729	0.02074	0.73725	0.01296	0.02679	0.01901	0.01642	0.01037	0.01210	0.00864	0.00691	0.00605	0.00173	0.01210	0.00432	0.00346	0.00778
22	0.00890	0.00638	0.00830	0.00960	0.01019	0.00609	0.00650	0.03811	0.01363	0.01818	0.03611	0.72883	0.04301	0.02048	0.00849	0.00270	0.00404	0.01853	0.00625	0.00570
23	0.01664	0.04515	0.02440	0.25141	0.42771	0.01554	0.01870	0.02058	0.01499	0.08129	0.01348	0.01730	0.01055	0.00639	0.00658	0.00205	0.00804	0.00594	0.00363	0.00965
24	0.01175	0.01231	0.07010	0.03566	0.01523	0.05719	0.00982	0.01491	0.04653	0.01907	0.05098	0.30888	0.09072	0.01410	0.00860	0.00229	0.06572	0.03915	0.00514	0.12186
25	0.05284	0.24126	0.09077	0.01538	0.07851	0.17112	0.01248	0.03885	0.01558	0.05983	0.04221	0.04041	0.01408	0.06749	0.00794	0.00217	0.00796	0.00573	0.02710	0.00829
26	0.06473	0.26833	0.05384	0.09486	0.03774	0.05810	0.04130	0.19146	0.01830	0.02426	0.01235	0.01506	0.01009	0.03758	0.00680	0.00198	0.00774	0.00507	0.00409	0.04632
27	0.01766	0.05550	0.16021	0.01623	0.02227	0.07893	0.10516	0.11389	0.12081	0.05057	0.03809	0.01766	0.01324	0.00698	0.00637	0.00187	0.00786	0.00589	0.00463	0.15618
28	0.01474	0.07719	0.01819	0.11044	0.04938	0.03044	0.07560	0.03645	0.06264	0.07498	0.02180	0.17630	0.04223	0.03932	0.03139	0.00250	0.00693	0.00902	0.00480	0.11567
29	0.08600	0.15111	0.07404	0.05037	0.07187	0.08394	0.07080	0.10212	0.01708	0.04483	0.07351	0.06846	0.03940	0.00837	0.00628	0.00196	0.00741	0.00690	0.00448	0.03106

[dist]
# distance from previous block
# <min> <max>
0	6

[block]
# block no. 3 follows, 32 sequences, length 17
# corresponding to MSA columns:
# 114-130
name=unknown_D
#
# <colnr> <probs for GDERKNQSTAVLIFYWHMCP>
#	G	D	E	R	K	N	Q	S	T	A	V	L	I	F	Y	W	H	M	C	P
0	0.04926	0.05356	0.01573	0.03415	0.01697	0.09906	0.03404	0.06041	0.09000	0.15050	0.02096	0.10880	0.01800	0.01249	0.06093	0.00266	0.00734	0.02691	0.06675	0.07150
1	0.12509	0.04611	0.01675	0.01610	0.11351	0.07935	0.03744	0.08809	0.05145	0.02491	0.15313	0.04925	0.07783	0.00970	0.00716	0.00207	0.03267	0.02405	0.00513	0.04021
2	0.08454	0.01600	0.06984	0.06494	0.18698	0.04333	0.01413	0.08065	0.06443	0.04279	0.01416	0.01675	0.01120	0.00728	0.00781	0.00199	0.09239	0.00555	0.07283	0.10241
3	0.04247	0.01343	0.05524	0.14742	0.08599	0.01270	0.01267	0.10248	0.06735	0.04415	0.03812	0.11761	0.01836	0.00937	0.00668	0.00203	0.00646	0.04502	0.00486	0.16762
4	0.01346	0.01290	0.04089	0.25874	0.21091	0.01377	0.03399	0.01744	0.04142	0.01873	0.03723	0.02518	0.01535	0.13648	0.01267	0.00298	0.06330	0.03303	0.00368	0.00786
5	0.02551	0.01879	0.02014	0.01544	0.02081	0.02081	0.01275	0.69996	0.03155	0.04229	0.01611	0.01611	0.01141	0.00805	0.00671	0.00201	0.00738	0.00604	0.00671	0.01141
6	0.01267	0.01193	0.02013	0.74806	0.04621	0.01491	0.01863	0.01714	0.01342	0.01714	0.01193	0.01789	0.00894	0.00671	0.00671	0.00224	0.00894	0.00596	0.00298	0.00745
7	0.81159	0.01298	0.00986	0.00882	0.01298	0.01505	0.00727	0.01972	0.01142	0.03010	0.00934	0.01090	0.00727	0.00623	0.00415	0.00208	0.00519	0.00363	0.00415	0.00727
8	0.05035	0.01186	0.01431	0.01514	0.10377	0.03965	0.01048	0.13326	0.01789	0.11610	0.02934	0.14085	0.11171	0.03965	0.03164	0.00274	0.00644	0.11079	0.00585	0.00818
9	0.00858	0.00656	0.00788	0.00811	0.00961	0.00585	0.00587	0.01068	0.01600	0.02113	0.30226	0.24988	0.28957	0.01688	0.00810	0.00233	0.00345	0.01475	0.00666	0.00585
10	0.01435	0.01231	0.01411	0.01052	0.01614	0.01016	0.00837	0.01983	0.12277	0.02283	0.01433	0.01565	0.01159	0.00562	0.00526	0.00119	0.00502	0.00454	0.00442	0.68098
11	0.01069	0.00797	0.00929	0.00927	0.01072	0.00799	0.00677	0.04082	0.07711	0.01940	0.10438	0.10187	0.16173	0.25768	0.03708	0.00401	0.00559	0.11601	0.00564	0.00597
12	0.01618	0.01655	0.13911	0.10935	0.13232	0.01383	0.04094	0.06695	0.12833	0.09724	0.07977	0.02616	0.07032	0.00877	0.00696	0.00217	0.00706	0.02348	0.00513	0.00935
13	0.00963	0.00665	0.00824	0.00832	0.00865	0.00694	0.00530	0.01031	0.01019	0.01389	0.02116	0.07727	0.02348	0.54036	0.21459	0.00741	0.00933	0.00959	0.00406	0.00464
14	0.00818	0.00584	0.00779	0.00934	0.00973	0.00545	0.00623	0.00934	0.01285	0.01713	0.03698	0.75981	0.04438	0.02102	0.00856	0.00273	0.00389	0.01908	0.00623	0.00545
15	0.02026	0.06443	0.09519	0.11696	0.07765	0.08028	0.06094	0.28531	0.04049	0.05257	0.01451	0.01638	0.01079	0.00823	0.02455	0.00224	0.00870	0.00584	0.00481	0.00987
16	0.01972	0.24368	0.08854	0.05648	0.09477	0.12941	0.04027	0.11314	0.07154	0.06156	0.01362	0.01503	0.01063	0.00676	0.00591	0.00185	0.00830	0.00517	0.00415	0.00945

[dist]
# distance from previous block
# <min> <max>
1	5

[block]
# block no. 4 follows, 32 sequences, length 20
# corresponding to MSA columns:
# 136-155
name=unknown_E
#
# <colnr> <probs for GDERKNQSTAVLIFYWHMCP>
#	G	D	E	R	K	N	Q	S	T	A	V	L	I	F	Y	W	H	M	C	P
0	0.13503	0.14158	0.04524	0.06273	0.01960	0.10606	0.01157	0.14469	0.05290	0.14489	0.03914	0.01825	0.03552	0.00768	0.00594	0.00195	0.00717	0.00568	0.00519	0.00919
1	0.02118	0.09926	0.02110	0.01496	0.01989	0.17871	0.05791	0.27911	0.02166	0.02732	0.01344	0.01571	0.01077	0.04253	0.00738	0.00194	0.00822	0.00534	0.00475	0.14883
2	0.01007	0.00637	0.00745	0.00752	0.00775	0.00630	0.00451	0.00998	0.01030	0.01405	0.02270	0.07134	0.05571	0.53646	0.02864	0.12300	0.00592	0.00956	0.05820	0.00418
3	0.05453	0.25226	0.15126	0.01567	0.05262	0.09180	0.05189	0.09465	0.01664	0.05048	0.01694	0.04956	0.05915	0.00779	0.00595	0.00189	0.00791	0.00605	0.00405	0.00890
4	0.04757	0.20404	0.23804	0.01877	0.08607	0.20426	0.04897	0.04303	0.01590	0.01975	0.01112	0.01317	0.00888	0.00634	0.00583	0.00185	0.00947	0.00469	0.00324	0.00903
5	0.01166	0.00583	0.00874	0.00874	0.00874	0.00583	0.00583	0.00874	0.00874	0.01166	0.01166	0.02040	0.01166	0.02331	0.02622	0.80478	0.00583	0.00583	0.00291	0.00291
6	0.01919	0.47735	0.09589	0.01354	0.01893	0.21142	0.01289	0.02180	0.01511	0.01681	0.01032	0.01196	0.00892	0.00618	0.00497	0.00158	0.00858	0.00401	0.03211	0.00843
7	0.05427	0.06370	0.01873	0.01456	0.01909	0.11722	0.01174	0.30763	0.26472	0.03171	0.01855	0.01814	0.01386	0.00805	0.00641	0.00203	0.00720	0.00610	0.00597	0.01030
8	0.00981	0.00690	0.00975	0.00975	0.01055	0.00770	0.00710	0.01115	0.01035	0.01460	0.01819	0.03013	0.01819	0.22312	0.50134	0.08072	0.01407	0.00770	0.00365	0.00524
9	0.03775	0.18692	0.44365	0.01746	0.05168	0.03779	0.01962	0.05224	0.01522	0.06113	0.01237	0.01397	0.00917	0.00642	0.00591	0.00195	0.00884	0.00480	0.00340	0.00969
10	0.01696	0.01685	0.02615	0.08740	0.62503	0.06874	0.01990	0.02081	0.01543	0.02119	0.01241	0.01636	0.01037	0.00610	0.00660	0.00199	0.00834	0.00586	0.00331	0.01020
11	0.00975	0.00655	0.00755	0.00755	0.00763	0.00663	0.00436	0.00991	0.00983	0.01318	0.02093	0.04273	0.02388	0.71617	0.08147	0.00679	0.00728	0.00958	0.00403	0.00420
12	0.08947	0.03796	0.16457	0.04931	0.03956	0.09995	0.03538	0.07650	0.04547	0.12699	0.04718	0.03571	0.01469	0.00775	0.00618	0.00200	0.00739	0.00614	0.09888	0.00894
13	0.09247	0.07291	0.06947	0.11081	0.13726	0.05479	0.06023	0.13611	0.01727	0.07154	0.01369	0.01731	0.01083	0.00755	0.00786	0.00213	0.07990	0.02442	0.00426	0.00922
14	0.01581	0.01704	0.05669	0.08653	0.19805	0.06957	0.19905	0.01972	0.01444	0.02017	0.01278	0.01710	0.01040	0.00731	0.00967	0.00221	0.14990	0.00634	0.07858	0.00866
15	0.01012	0.00757	0.01044	0.01028	0.01106	0.00874	0.00763	0.01183	0.01079	0.01557	0.01935	0.07866	0.01971	0.20871	0.42742	0.00812	0.07930	0.00842	0.04064	0.00564
16	0.06478	0.12186	0.01789	0.01128	0.01687	0.05159	0.02568	0.03958	0.03717	0.04556	0.01246	0.01400	0.01013	0.00561	0.00512	0.00130	0.00594	0.00428	0.00410	0.50479
17	0.18183	0.13124	0.01559	0.01071	0.01406	0.03537	0.00863	0.06436	0.06077	0.06055	0.01672	0.07212	0.01544	0.11663	0.07257	0.00332	0.02948	0.00663	0.02169	0.06229
18	0.00831	0.00604	0.00784	0.00901	0.00971	0.00557	0.00614	0.00976	0.01379	0.01838	0.12109	0.61442	0.10555	0.01980	0.00843	0.00261	0.00376	0.01782	0.00637	0.00557
19	0.01555	0.09410	0.13265	0.14641	0.20422	0.05529	0.06356	0.02053	0.05185	0.04094	0.01471	0.05130	0.01235	0.01008	0.05569	0.00264	0.00908	0.00641	0.00365	0.00898

[dist]
# distance from previous block
# <min> <max>
0	1

[block]
# block no. 5 follows, 32 sequences, length 31
# corresponding to MSA columns:
# 158-188
name=unknown_F
#
# <colnr> <probs for GDERKNQSTAVLIFYWHMCP>
#	G	D	E	R	K	N	Q	S	T	A	V	L	I	F	Y	W	H	M	C	P
0	0.04964	0.01695	0.01606	0.01412	0.01809	0.10010	0.01104	0.12055	0.51514	0.02866	0.02320	0.02183	0.01743	0.00860	0.00662	0.00217	0.00636	0.00686	0.00632	0.01027
1	0.65150	0.01356	0.01371	0.03428	0.10659	0.01525	0.03989	0.01984	0.01217	0.02831	0.01003	0.01215	0.00788	0.00618	0.00471	0.00208	0.00592	0.00419	0.00398	0.00779
2	0.01808	0.45327	0.02667	0.01175	0.01689	0.05189	0.01065	0.09005	0.01592	0.04802	0.01360	0.07916	0.01260	0.00739	0.00520	0.00159	0.00675	0.00544	0.00397	0.12111
3	0.00951	0.00640	0.00739	0.00763	0.00769	0.00634	0.00440	0.00969	0.01023	0.01364	0.02358	0.15408	0.02747	0.64982	0.03021	0.00592	0.00610	0.01119	0.00440	0.00428
4	0.02262	0.02685	0.01789	0.01623	0.01978	0.52695	0.01228	0.02938	0.22074	0.01982	0.01532	0.01588	0.01210	0.00755	0.00628	0.00189	0.01012	0.00527	0.00444	0.00861
5	0.00910	0.00653	0.00825	0.00900	0.00923	0.00661	0.00585	0.00984	0.01156	0.01554	0.02963	0.45430	0.03511	0.29871	0.01882	0.00415	0.04258	0.01492	0.00525	0.00503
6	0.00976	0.00651	0.00732	0.00732	0.00732	0.00651	0.00407	0.00976	0.00976	0.01301	0.02114	0.04391	0.02439	0.76419	0.03415	0.00651	0.00651	0.00976	0.00407	0.00407
7	0.00933	0.00711	0.01005	0.01001	0.01140	0.00783	0.00774	0.01167	0.01206	0.01677	0.07571	0.03387	0.12704	0.04263	0.57439	0.00887	0.01470	0.00860	0.00427	0.00597
8	0.81159	0.01298	0.00986	0.00882	0.01298	0.01505	0.00727	0.01972	0.01142	0.03010	0.00934	0.01090	0.00727	0.00623	0.00415	0.00208	0.00519	0.00363	0.00415	0.00727
9	0.04424	0.70742	0.03354	0.01168	0.01726	0.06103	0.01142	0.02041	0.01383	0.01629	0.00938	0.01083	0.00857	0.00581	0.00439	0.00147	0.00735	0.00363	0.00294	0.00853
10	0.01199	0.00717	0.00821	0.00763	0.00975	0.00653	0.00577	0.01464	0.01603	0.08163	0.23152	0.04149	0.19362	0.03754	0.00755	0.00208	0.00359	0.00986	0.27109	0.03229
11	0.01437	0.01274	0.01918	0.12566	0.31790	0.01322	0.01481	0.07066	0.05509	0.02285	0.08628	0.05345	0.11958	0.00967	0.00713	0.00216	0.00663	0.03509	0.00472	0.00881
12	0.01737	0.02013	0.16658	0.04326	0.18192	0.07490	0.06588	0.10549	0.09499	0.05126	0.01877	0.02031	0.05451	0.00758	0.00665	0.00206	0.00801	0.00650	0.04418	0.00965
13	0.29785	0.06597	0.04725	0.01968	0.13784	0.05260	0.14424	0.08199	0.01571	0.06041	0.01229	0.01446	0.00942	0.00635	0.00583	0.00204	0.00770	0.00530	0.00413	0.00895
14	0.01654	0.14880	0.15921	0.08925	0.12647	0.06920	0.23277	0.04208	0.01557	0.02043	0.01214	0.01542	0.00949	0.00611	0.00657	0.00201	0.00961	0.00588	0.00326	0.00919
15	0.00964	0.00699	0.00978	0.00978	0.01063	0.00784	0.00713	0.01133	0.01049	0.01483	0.01889	0.03146	0.01899	0.25794	0.53301	0.00954	0.01464	0.00794	0.00373	0.00543
16	0.05313	0.01608	0.01879	0.21184	0.14642	0.12377	0.01439	0.08305	0.09725	0.07261	0.08150	0.02053	0.01633	0.00776	0.00661	0.00207	0.00776	0.00645	0.00473	0.00893
17	0.01210	0.00739	0.00929	0.00873	0.01085	0.00658	0.00657	0.01452	0.01721	0.13107	0.35367	0.15870	0.20801	0.01478	0.00784	0.00224	0.00372	0.01285	0.00708	0.00682
18	0.00854	0.00694	0.00767	0.00798	0.01002	0.00607	0.00624	0.01055	0.01542	0.01889	0.09341	0.08954	0.53921	0.01725	0.00820	0.00242	0.00391	0.13566	0.00628	0.00578
19	0.01858	0.70251	0.03372	0.01200	0.01754	0.08998	0.01161	0.02069	0.01411	0.01584	0.00942	0.01088	0.00861	0.00585	0.00446	0.00146	0.00762	0.00365	0.00292	0.00854
20	0.02347	0.01709	0.01876	0.01474	0.01956	0.01893	0.01210	0.58071	0.04979	0.05645	0.01695	0.01777	0.01246	0.01309	0.09316	0.00306	0.00853	0.00624	0.00639	0.01075
21	0.00999	0.00723	0.00913	0.01013	0.03284	0.00718	0.00656	0.03446	0.04058	0.01728	0.03101	0.39211	0.07531	0.20403	0.04781	0.04390	0.00553	0.01396	0.00536	0.00560
22	0.64337	0.01353	0.01295	0.01432	0.12851	0.01528	0.00960	0.02065	0.04632	0.02867	0.01076	0.01252	0.00846	0.00633	0.00469	0.00207	0.00565	0.00421	0.00415	0.00798
23	0.01721	0.06062	0.02280	0.09700	0.02405	0.22265	0.15300	0.04198	0.01554	0.01842	0.01517	0.12949	0.01461	0.00954	0.00934	0.00223	0.12703	0.00777	0.00381	0.00774
24	0.01983	0.01598	0.01694	0.01429	0.01865	0.01816	0.01138	0.27248	0.46827	0.03314	0.02332	0.02185	0.01725	0.00873	0.00679	0.00218	0.00605	0.00704	0.00679	0.01090
25	0.01168	0.00941	0.01110	0.04320	0.03799	0.03308	0.00797	0.01563	0.11447	0.01852	0.09909	0.12798	0.02944	0.30954	0.01862	0.00404	0.03155	0.06535	0.00513	0.00623
26	0.03698	0.15849	0.04574	0.04342	0.09952	0.15123	0.05064	0.07613	0.05055	0.02156	0.01293	0.03137	0.01082	0.00658	0.00580	0.00169	0.00790	0.00520	0.00391	0.17953
27	0.01100	0.00864	0.01059	0.00904	0.01205	0.00740	0.00692	0.01444	0.03727	0.02470	0.42943	0.06287	0.06809	0.01120	0.00698	0.00179	0.00383	0.00974	0.00622	0.25781
28	0.00869	0.00606	0.00763	0.00868	0.00894	0.00579	0.00552	0.00948	0.01184	0.01579	0.03182	0.52630	0.03786	0.26343	0.01691	0.00396	0.00474	0.01604	0.00552	0.00500
29	0.09526	0.13114	0.07304	0.05554	0.02152	0.10675	0.04640	0.19200	0.13448	0.05755	0.01541	0.01616	0.01159	0.00727	0.00609	0.00198	0.00777	0.00553	0.00494	0.00958
30	0.07191	0.08210	0.11439	0.03816	0.15456	0.03264	0.09792	0.17357	0.01849	0.02635	0.03595	0.01623	0.01165	0.00664	0.00627	0.00190	0.00788	0.00569	0.00425	0.09345

[dist]
# distance from previous block
# <min> <max>
2	8

[block]
# block no. 6 follows, 32 sequences, length 11
# corresponding to MSA columns:
# 197-207
name=unknown_G
#
# <colnr> <probs for GDERKNQSTAVLIFYWHMCP>
#	G	D	E	R	K	N	Q	S	T	A	V	L	I	F	Y	W	H	M	C	P
0	0.01399	0.01225	0.01321	0.01222	0.01415	0.10478	0.00945	0.10906	0.01507	0.01981	0.04875	0.04564	0.01798	0.07813	0.41277	0.00716	0.04711	0.00732	0.00425	0.00692
1	0.00975	0.00695	0.00918	0.00997	0.01102	0.00683	0.00767	0.01183	0.01415	0.01893	0.13957	0.19042	0.06113	0.15847	0.06070	0.00397	0.00602	0.26200	0.00582	0.00565
2	0.01064	0.00745	0.00945	0.00877	0.01066	0.00700	0.00664	0.01455	0.05595	0.05523	0.61648	0.04847	0.09611	0.01343	0.00781	0.00213	0.00340	0.01178	0.00733	0.00673
3	0.00891	0.00678	0.00825	0.00833	0.00998	0.00611	0.00627	0.01133	0.01669	0.02219	0.36053	0.14781	0.27656	0.01613	0.00811	0.00232	0.00358	0.06737	0.00676	0.00598
4	0.02440	0.01772	0.01895	0.01465	0.01970	0.01956	0.01206	0.64145	0.03005	0.04081	0.01660	0.01687	0.01191	0.00803	0.00654	0.00198	0.00702	0.00606	0.07466	0.01097
5	0.02506	0.03198	0.01901	0.01729	0.02074	0.73725	0.01296	0.02679	0.01901	0.01642	0.01037	0.01210	0.00864	0.00691	0.00605	0.00173	0.01210	0.00432	0.00346	0.00778
6	0.16402	0.43753	0.08714	0.01253	0.01808	0.09747	0.01209	0.06872	0.01510	0.02081	0.01015	0.01160	0.00856	0.00617	0.00481	0.00168	0.00758	0.00396	0.00343	0.00859
7	0.01251	0.01262	0.06815	0.05397	0.09269	0.03736	0.01063	0.01686	0.08031	0.02038	0.09460	0.07515	0.11428	0.11431	0.01070	0.00265	0.00602	0.04470	0.00490	0.12721
8	0.01070	0.00776	0.00937	0.00890	0.00987	0.00814	0.00614	0.05543	0.01297	0.01757	0.10475	0.04057	0.09182	0.40109	0.15680	0.00598	0.03241	0.00960	0.00470	0.00542
9	0.09651	0.12928	0.02144	0.01676	0.07506	0.12525	0.09146	0.02001	0.03135	0.05719	0.01706	0.01985	0.06286	0.01387	0.10943	0.00326	0.09118	0.00620	0.00393	0.00804
10	0.09414	0.03315	0.03533	0.01419	0.06567	0.10157	0.01072	0.12819	0.08865	0.02556	0.01863	0.01993	0.05930	0.00793	0.00675	0.00186	0.04845	0.00593	0.11060	0.12342

[dist]
# distance from previous block
# <min> <max>
1	24

[block]
# block no. 7 follows, 32 sequences, length 21
# corresponding to MSA columns:
# 232-252
name=unknown_H
#
# <colnr> <probs for GDERKNQSTAVLIFYWHMCP>
#	G	D	E	R	K	N	Q	S	T	A	V	L	I	F	Y	W	H	M	C	P
0	0.08102	0.04342	0.12324	0.07087	0.10556	0.03713	0.07242	0.11445	0.06249	0.07034	0.01480	0.01761	0.01143	0.00713	0.00686	0.00201	0.03381	0.02154	0.00443	0.09945
1	0.01615	0.01726	0.13879	0.18221	0.15325	0.01501	0.09529	0.02262	0.10184	0.09535	0.04778	0.01980	0.01403	0.00743	0.00758	0.00219	0.04317	0.00659	0.00430	0.00936
2	0.01166	0.00583	0.00874	0.00874	0.00874	0.00583	0.00583	0.00874	0.00874	0.01166	0.01166	0.02040	0.01166	0.02331	0.02622	0.80478	0.00583	0.00583	0.00291	0.00291
3	0.12408	0.05281	0.09758	0.05757	0.11465	0.12259	0.04891	0.02039	0.03896	0.02145	0.03123	0.04040	0.01209	0.00715	0.00676	0.00189	0.04612	0.00560	0.00379	0.14597
4	0.01661	0.01594	0.02724	0.04119	0.72233	0.01594	0.02059	0.02059	0.01528	0.02192	0.01262	0.01661	0.01063	0.00598	0.00664	0.00199	0.00797	0.00598	0.00332	0.01063
5	0.01014	0.00806	0.00928	0.00888	0.01104	0.00779	0.00679	0.01527	0.12551	0.02375	0.35504	0.05237	0.28089	0.01435	0.00781	0.00224	0.00372	0.04347	0.00685	0.00676
6	0.01620	0.07732	0.15025	0.02649	0.31586	0.01645	0.04971	0.08647	0.04825	0.02387	0.08428	0.01943	0.01584	0.00733	0.00713	0.00204	0.03279	0.00640	0.00409	0.00980
7	0.01168	0.01371	0.12157	0.01423	0.06364	0.04715	0.03452	0.01604	0.07503	0.01991	0.09229	0.28910	0.07516	0.03894	0.05293	0.00300	0.00673	0.01190	0.00521	0.00727
8	0.46193	0.01228	0.01242	0.01022	0.01483	0.01273	0.00843	0.02553	0.01490	0.34191	0.01701	0.01624	0.01145	0.00716	0.00531	0.00208	0.00542	0.00503	0.00601	0.00912
9	0.01637	0.05292	0.18047	0.09874	0.21086	0.04213	0.01711	0.04895	0.03555	0.08582	0.01598	0.04509	0.01316	0.01164	0.07628	0.00292	0.00909	0.02357	0.00406	0.00930
10	0.01674	0.11937	0.11157	0.01964	0.08254	0.07155	0.18750	0.02162	0.05795	0.07776	0.06005	0.05880	0.03741	0.00820	0.00745	0.00210	0.03915	0.00736	0.00432	0.00889
11	0.05367	0.00988	0.01302	0.04390	0.09409	0.01036	0.00985	0.07197	0.05102	0.05345	0.02884	0.39157	0.05485	0.01505	0.00835	0.00248	0.04038	0.03421	0.00567	0.00737
12	0.00853	0.00606	0.00802	0.00945	0.00991	0.00573	0.00646	0.00978	0.01283	0.01706	0.03559	0.64243	0.04228	0.08000	0.01066	0.00306	0.00430	0.07639	0.00605	0.00540
13	0.01508	0.10712	0.17593	0.15620	0.13686	0.04653	0.08241	0.01932	0.01380	0.01882	0.01201	0.03559	0.01012	0.00756	0.00905	0.00219	0.13362	0.00594	0.00313	0.00870
14	0.01741	0.06067	0.22102	0.04327	0.21856	0.08904	0.06013	0.04173	0.03301	0.06393	0.01308	0.01571	0.01013	0.00697	0.00788	0.00210	0.07652	0.00560	0.00363	0.00963
15	0.00867	0.00613	0.00806	0.00942	0.00989	0.00584	0.00646	0.00990	0.01274	0.01693	0.03478	0.59153	0.04117	0.11622	0.01193	0.00325	0.00448	0.09128	0.00595	0.00535
16	0.01038	0.00725	0.00885	0.00833	0.01042	0.00639	0.00625	0.01289	0.01713	0.06591	0.39245	0.11621	0.24738	0.01462	0.00777	0.00216	0.00354	0.01266	0.00685	0.04256
17	0.01658	0.01942	0.16326	0.09976	0.13679	0.05672	0.10306	0.12777	0.01736	0.04280	0.01639	0.11269	0.01446	0.00869	0.00751	0.00220	0.03350	0.00765	0.00425	0.00915
18	0.05108	0.09794	0.25011	0.04521	0.13032	0.12177	0.01708	0.04634	0.07922	0.04284	0.01391	0.01570	0.01065	0.00677	0.00607	0.00196	0.00849	0.00525	0.03990	0.00938
19	0.02095	0.05893	0.05040	0.01472	0.01905	0.18707	0.01208	0.22136	0.20935	0.04727	0.01786	0.01903	0.01387	0.04378	0.03232	0.00249	0.00830	0.00611	0.00542	0.00961
20	0.01484	0.01684	0.09747	0.03826	0.08305	0.09999	0.05353	0.05752	0.13679	0.02217	0.06559	0.08962	0.14886	0.01070	0.00765	0.00220	0.03252	0.00899	0.00506	0.00836

[dist]
# distance from previous block
# <min> <max>
1	6

[block]
# block no. 8 follows, 32 sequences, length 20
# corresponding to MSA columns:
# 260-279
name=unknown_I
#
# <colnr> <probs for GDERKNQSTAVLIFYWHMCP>
#	G	D	E	R	K	N	Q	S	T	A	V	L	I	F	Y	W	H	M	C	P
0	0.01611	0.25227	0.41295	0.04555	0.02525	0.06517	0.01921	0.05477	0.01515	0.02019	0.01132	0.01326	0.00870	0.00632	0.00577	0.00189	0.00907	0.00460	0.00308	0.00937
1	0.01772	0.06738	0.19326	0.01785	0.06121	0.01705	0.07803	0.17088	0.14055	0.05449	0.03266	0.02086	0.03523	0.00815	0.00735	0.00215	0.03796	0.02237	0.00495	0.00991
2	0.00848	0.00624	0.00766	0.00847	0.00933	0.00573	0.00574	0.00984	0.01366	0.01794	0.12031	0.44662	0.18017	0.11352	0.01160	0.00304	0.00404	0.01610	0.00609	0.00542
3	0.00839	0.00674	0.00780	0.03128	0.01056	0.00601	0.00599	0.01028	0.01523	0.01924	0.16163	0.22672	0.43212	0.01711	0.00804	0.00235	0.00366	0.01475	0.00631	0.00578
4	0.01962	0.09960	0.14634	0.01824	0.02422	0.03940	0.17750	0.15618	0.04332	0.12196	0.01594	0.01854	0.01196	0.00751	0.00758	0.00212	0.04896	0.02648	0.00475	0.00978
5	0.01764	0.02114	0.14650	0.05213	0.40303	0.09301	0.06023	0.08461	0.01698	0.02296	0.01264	0.01579	0.01005	0.00634	0.00662	0.00201	0.00892	0.00575	0.00356	0.01009
6	0.01220	0.00622	0.00636	0.00648	0.00796	0.00620	0.00480	0.01518	0.01398	0.02445	0.02298	0.07805	0.01916	0.00877	0.00497	0.00165	0.00318	0.00718	0.74404	0.00620
7	0.00946	0.00638	0.00741	0.00771	0.00778	0.00630	0.00448	0.00968	0.01035	0.01380	0.02417	0.18067	0.02821	0.62222	0.02926	0.00578	0.00601	0.01154	0.00448	0.00433
8	0.04631	0.07350	0.20117	0.02314	0.17300	0.08219	0.12284	0.02103	0.01509	0.04890	0.05224	0.01717	0.01264	0.00715	0.00790	0.00210	0.07484	0.00599	0.00362	0.00918
9	0.00936	0.00642	0.00811	0.00886	0.01000	0.00581	0.00619	0.01093	0.01434	0.05365	0.11893	0.50382	0.18116	0.01876	0.00827	0.00253	0.00380	0.01670	0.00646	0.00589
10	0.07288	0.01141	0.01493	0.01172	0.01657	0.01025	0.00959	0.05195	0.01878	0.62369	0.02579	0.06549	0.01756	0.00893	0.00671	0.00211	0.00563	0.00728	0.00790	0.01083
11	0.05762	0.01828	0.01955	0.01504	0.02035	0.02016	0.01242	0.64724	0.03027	0.06753	0.01622	0.01615	0.01144	0.00799	0.00661	0.00202	0.00723	0.00597	0.00667	0.01124
12	0.01450	0.01335	0.01440	0.04388	0.08263	0.09318	0.01041	0.05851	0.17544	0.02142	0.05247	0.08449	0.11749	0.07529	0.08312	0.00341	0.03403	0.00893	0.00517	0.00788
13	0.01933	0.01609	0.01411	0.01211	0.01516	0.16661	0.00953	0.23018	0.02031	0.02802	0.01688	0.01891	0.01309	0.00793	0.00663	0.00182	0.05059	0.00576	0.33869	0.00824
14	0.01884	0.06430	0.08794	0.01618	0.02156	0.01739	0.11039	0.28557	0.10900	0.03011	0.05628	0.04197	0.01573	0.00812	0.00705	0.00203	0.02405	0.00684	0.00538	0.07129
15	0.00990	0.03795	0.05011	0.00924	0.01104	0.00775	0.00736	0.01218	0.01377	0.01919	0.15221	0.19254	0.12283	0.10201	0.14209	0.00422	0.00692	0.01143	0.08122	0.00603
16	0.01628	0.16648	0.08311	0.01716	0.08718	0.11952	0.07835	0.02058	0.06071	0.01996	0.05182	0.04163	0.04170	0.00763	0.00670	0.00182	0.03556	0.00620	0.00395	0.13367
17	0.04914	0.10178	0.15028	0.07225	0.08298	0.04115	0.07537	0.17090	0.04625	0.02609	0.06490	0.01822	0.01423	0.00727	0.00635	0.00198	0.00783	0.00604	0.02875	0.02824
18	0.10978	0.04572	0.19863	0.01859	0.11380	0.09382	0.01570	0.12525	0.08297	0.02535	0.01347	0.01511	0.01035	0.00696	0.00666	0.00198	0.03748	0.00520	0.00417	0.06899
19	0.09394	0.09472	0.09399	0.01571	0.06953	0.06534	0.05927	0.05997	0.01569	0.08967	0.03737	0.04710	0.11970	0.01071	0.03232	0.00241	0.07228	0.00730	0.00460	0.00838

[dist]
# distance from previous block
# <min> <max>
1	10

[block]
# block no. 9 follows, 32 sequences, length 18
# corresponding to MSA columns:
# 290-307
name=unknown_J
#
# <colnr> <probs for GDERKNQSTAVLIFYWHMCP>
#	G	D	E	R	K	N	Q	S	T	A	V	L	I	F	Y	W	H	M	C	P
0	0.01919	0.23795	0.02228	0.01522	0.08533	0.09753	0.01156	0.13130	0.07319	0.08355	0.09183	0.02226	0.06489	0.00835	0.00614	0.00186	0.00688	0.00649	0.00507	0.00912
1	0.01568	0.16481	0.07045	0.04351	0.05155	0.06985	0.01133	0.06137	0.05036	0.04058	0.09615	0.08183	0.05140	0.00882	0.00618	0.00180	0.00645	0.00717	0.00466	0.15607
2	0.05151	0.08661	0.16517	0.03844	0.02379	0.06955	0.11276	0.17469	0.06251	0.10208	0.01597	0.01831	0.01198	0.00741	0.00655	0.00207	0.00839	0.02762	0.00483	0.00976
3	0.00891	0.00673	0.00828	0.00876	0.01004	0.00627	0.00623	0.01161	0.04701	0.02079	0.24915	0.37226	0.18420	0.01746	0.00816	0.00243	0.00364	0.01547	0.00661	0.00600
4	0.01680	0.01249	0.01410	0.01225	0.01624	0.01292	0.00971	0.05265	0.36015	0.10637	0.02694	0.06395	0.05030	0.00993	0.00682	0.00210	0.00530	0.06322	0.00638	0.15139
5	0.01685	0.01585	0.05160	0.09708	0.08469	0.11168	0.01346	0.07278	0.15228	0.06195	0.02178	0.03238	0.01929	0.01248	0.04731	0.00279	0.00817	0.16373	0.00518	0.00866
6	0.04429	0.06550	0.22497	0.12003	0.07847	0.14922	0.04304	0.15302	0.01834	0.02392	0.01237	0.01471	0.00934	0.00675	0.00632	0.00200	0.00930	0.00526	0.00382	0.00934
7	0.02016	0.01860	0.01646	0.01451	0.01844	0.18291	0.01127	0.08304	0.45454	0.07235	0.02251	0.02124	0.01682	0.00847	0.00663	0.00212	0.00706	0.00666	0.00614	0.01008
8	0.00821	0.00681	0.00719	0.00709	0.00924	0.00578	0.00532	0.01018	0.01596	0.01971	0.18560	0.06196	0.60100	0.01640	0.00793	0.00224	0.00336	0.01379	0.00644	0.00578
9	0.00960	0.00661	0.00814	0.00826	0.00856	0.00685	0.00521	0.01023	0.01023	0.01391	0.02165	0.09537	0.02422	0.54569	0.19080	0.00718	0.00889	0.00990	0.00413	0.00461
10	0.00961	0.00715	0.00898	0.00855	0.01025	0.00670	0.00640	0.01326	0.04988	0.02564	0.59102	0.08171	0.12729	0.01416	0.00789	0.00216	0.00332	0.01244	0.00719	0.00642
11	0.01488	0.01236	0.01573	0.01243	0.05437	0.00968	0.03628	0.01801	0.01431	0.05451	0.01270	0.01464	0.01029	0.00520	0.00526	0.00115	0.00542	0.00437	0.00412	0.69429
12	0.01513	0.01201	0.01409	0.01025	0.01606	0.00939	0.00821	0.01887	0.04853	0.06899	0.01365	0.01505	0.01090	0.00539	0.00518	0.00113	0.00504	0.00434	0.00440	0.71340
13	0.00947	0.00633	0.00827	0.00931	0.01022	0.00582	0.00647	0.01092	0.01378	0.05559	0.07075	0.60243	0.10462	0.01956	0.00840	0.00263	0.00399	0.03920	0.00639	0.00585
14	0.05863	0.01563	0.07244	0.18990	0.28518	0.04410	0.03894	0.05157	0.01502	0.02115	0.01486	0.08259	0.01324	0.01059	0.05523	0.00271	0.00873	0.00701	0.00370	0.00878
15	0.01445	0.01101	0.01165	0.06357	0.01505	0.07516	0.00837	0.03858	0.07081	0.09199	0.21079	0.06619	0.14321	0.01128	0.00693	0.00203	0.00509	0.00947	0.10183	0.04256
16	0.07724	0.01457	0.08054	0.01314	0.04218	0.05042	0.02791	0.07634	0.03785	0.05897	0.11032	0.09610	0.02214	0.00928	0.00644	0.00189	0.00602	0.03493	0.02380	0.20992
17	0.11541	0.07122	0.05810	0.01279	0.03841	0.04487	0.01060	0.16598	0.06710	0.06085	0.03538	0.01873	0.03856	0.00739	0.00575	0.00177	0.00616	0.00564	0.07176	0.16354

[dist]
# distance from previous block
# <min> <max>
7	11

[block]
# block no. 10 follows, 32 sequences, length 19
# corresponding to MSA columns:
# 325-343
name=unknown_K
#
# <colnr> <probs for GDERKNQSTAVLIFYWHMCP>
#	G	D	E	R	K	N	Q	S	T	A	V	L	I	F	Y	W	H	M	C	P
0	0.01738	0.01295	0.01472	0.01144	0.01657	0.01196	0.00915	0.10700	0.16340	0.10360	0.02057	0.02047	0.05450	0.00729	0.00595	0.00158	0.00533	0.00589	0.00553	0.40469
1	0.09399	0.08189	0.01476	0.01227	0.06314	0.04144	0.04476	0.01759	0.01553	0.09681	0.12590	0.03247	0.16907	0.01149	0.03198	0.00228	0.00572	0.00831	0.12309	0.00752
2	0.76932	0.01413	0.04796	0.00937	0.01383	0.01508	0.00819	0.01980	0.01156	0.02964	0.00949	0.01107	0.00733	0.00624	0.00427	0.00208	0.00544	0.00370	0.00408	0.00741
3	0.01433	0.15622	0.13562	0.14688	0.12897	0.01609	0.04740	0.01995	0.08664	0.01983	0.01764	0.09511	0.01624	0.00895	0.00666	0.00216	0.00763	0.06106	0.00399	0.00864
4	0.00987	0.00739	0.01046	0.01031	0.01118	0.00854	0.00769	0.01167	0.01052	0.01501	0.01826	0.02985	0.01815	0.21349	0.54024	0.00941	0.05094	0.00772	0.00367	0.00561
5	0.00960	0.00715	0.01057	0.01057	0.01169	0.00827	0.00812	0.01184	0.01072	0.01542	0.01817	0.02745	0.01725	0.09452	0.69404	0.01052	0.01726	0.00735	0.00362	0.00587
6	0.81159	0.01298	0.00986	0.00882	0.01298	0.01505	0.00727	0.01972	0.01142	0.03010	0.00934	0.01090	0.00727	0.00623	0.00415	0.00208	0.00519	0.00363	0.00415	0.00727
7	0.01669	0.01441	0.01517	0.01365	0.01745	0.01669	0.01062	0.03565	0.71021	0.02807	0.02731	0.02503	0.02048	0.00910	0.00683	0.00228	0.00531	0.00759	0.00683	0.01062
8	0.01267	0.01193	0.02013	0.74806	0.04621	0.01491	0.01863	0.01714	0.01342	0.01714	0.01193	0.01789	0.00894	0.00671	0.00671	0.00224	0.00894	0.00596	0.00298	0.00745
9	0.02462	0.01835	0.01964	0.01526	0.02047	0.02039	0.01254	0.63319	0.09976	0.04086	0.01724	0.01701	0.01232	0.00816	0.00672	0.00204	0.00718	0.00620	0.00672	0.01133
10	0.01600	0.01741	0.03501	0.02554	0.03176	0.01692	0.56906	0.02415	0.14606	0.02273	0.01615	0.01940	0.01211	0.00630	0.00771	0.00226	0.01019	0.00786	0.00404	0.00934
11	0.00877	0.00741	0.00768	0.00769	0.00991	0.00667	0.00573	0.01203	0.07985	0.01895	0.06109	0.13015	0.58715	0.01666	0.00789	0.00231	0.00363	0.01404	0.00629	0.00611
12	0.00940	0.00679	0.00889	0.00851	0.01000	0.00627	0.00632	0.01243	0.01856	0.02621	0.67043	0.10046	0.06197	0.01424	0.00796	0.00215	0.00322	0.01263	0.00730	0.00627
13	0.00928	0.00749	0.00840	0.00854	0.01052	0.00699	0.00645	0.01293	0.08465	0.02030	0.14386	0.16709	0.40255	0.01651	0.00802	0.00238	0.00386	0.06746	0.00644	0.00626
14	0.00826	0.00590	0.00786	0.00929	0.00975	0.00551	0.00624	0.00955	0.01323	0.01775	0.08005	0.71498	0.04557	0.02056	0.00852	0.00269	0.00385	0.01864	0.00630	0.00551
15	0.00940	0.00691	0.00884	0.00850	0.01016	0.00634	0.00647	0.01240	0.01835	0.02548	0.60208	0.05337	0.13592	0.01439	0.00800	0.00219	0.00338	0.05438	0.00718	0.00625
16	0.06989	0.19169	0.02281	0.04066	0.04139	0.08953	0.01252	0.32299	0.04206	0.05269	0.01369	0.01468	0.01046	0.00739	0.00659	0.00191	0.03899	0.00522	0.00502	0.00981
