[name]
unknown

[dist]
# distance from previous block
# <min> <max>
0	38

[block]
# block no. 0 follows, 32 sequences, length 71
# corresponding to MSA columns:
# 38-108
name=unknown_A
#
# <colnr> <probs for GDERKNQSTAVLIFYWHMCP>
#	G	D	E	R	K	N	Q	S	T	A	V	L	I	F	Y	W	H	M	C	P
0	0.01081	0.00772	0.01081	0.01236	0.01390	0.00772	0.01081	0.01390	0.01545	0.02008	0.03553	0.07569	0.03862	0.01854	0.00927	0.00309	0.00618	0.67717	0.00618	0.00618
1	0.01794	0.76823	0.03516	0.01148	0.01722	0.02655	0.01148	0.02009	0.01363	0.01579	0.00933	0.01076	0.00861	0.00574	0.00431	0.00144	0.00718	0.00359	0.00287	0.00861
2	0.00818	0.00584	0.00779	0.00934	0.00973	0.00545	0.00623	0.00934	0.01285	0.01713	0.03698	0.75981	0.04438	0.02102	0.00856	0.00273	0.00389	0.01908	0.00623	0.00545
3	0.00959	0.00719	0.01078	0.01078	0.01198	0.00839	0.00839	0.01198	0.01078	0.01558	0.01797	0.02636	0.01677	0.05032	0.73760	0.01078	0.01797	0.00719	0.00359	0.00599
4	0.01697	0.60922	0.18566	0.01314	0.01978	0.02417	0.01437	0.02034	0.01375	0.01697	0.00992	0.01150	0.00859	0.00588	0.00475	0.00158	0.00777	0.00388	0.00286	0.00889
5	0.01430	0.02883	0.48548	0.02236	0.03117	0.01607	0.26284	0.02134	0.01476	0.02134	0.01258	0.01556	0.00909	0.00612	0.00692	0.00217	0.01041	0.00601	0.00303	0.00961
6	0.00822	0.00586	0.00777	0.00928	0.00966	0.00548	0.00616	0.00936	0.01276	0.01701	0.03652	0.73869	0.04379	0.04294	0.00932	0.00284	0.00397	0.01880	0.00616	0.00541
7	0.01415	0.01221	0.01456	0.01149	0.04756	0.00957	0.00862	0.01781	0.04192	0.02212	0.01257	0.01448	0.01039	0.00518	0.00512	0.00109	0.00512	0.00421	0.00406	0.73778
8	0.07201	0.07813	0.11575	0.03515	0.04708	0.14352	0.13562	0.11904	0.09510	0.02386	0.01379	0.01585	0.01067	0.00744	0.00751	0.02069	0.03979	0.00574	0.00415	0.00910
9	0.02551	0.01879	0.02014	0.01544	0.02081	0.02081	0.01275	0.69996	0.03155	0.04229	0.01611	0.01611	0.01141	0.00805	0.00671	0.00201	0.00738	0.00604	0.00671	0.01141
10	0.04983	0.07108	0.17972	0.02333	0.22890	0.04148	0.06170	0.07543	0.01614	0.06706	0.01561	0.01832	0.03901	0.02934	0.00767	0.00215	0.03048	0.00599	0.00396	0.03280
11	0.00827	0.00595	0.00787	0.00937	0.00988	0.00555	0.00637	0.00954	0.01305	0.01729	0.03815	0.70413	0.07089	0.02076	0.00857	0.00272	0.00397	0.04595	0.00623	0.00549
12	0.01074	0.00740	0.00915	0.00962	0.01106	0.00713	0.00685	0.01427	0.09281	0.06790	0.10751	0.47410	0.12041	0.01760	0.00811	0.00251	0.00405	0.01567	0.00655	0.00655
13	0.01213	0.06126	0.01246	0.01024	0.01160	0.01090	0.00792	0.04197	0.01225	0.01821	0.01759	0.02672	0.01663	0.18070	0.26364	0.00593	0.10618	0.00706	0.17038	0.00623
14	0.01580	0.45751	0.04833	0.01278	0.01745	0.02019	0.06610	0.04879	0.03789	0.01820	0.01642	0.16099	0.01672	0.02806	0.00644	0.00196	0.00687	0.00744	0.00391	0.00814
15	0.01651	0.06213	0.21561	0.01378	0.02038	0.01276	0.03833	0.06321	0.01596	0.11162	0.03991	0.04168	0.01346	0.00690	0.00599	0.00168	0.00685	0.00565	0.00449	0.30309
16	0.03772	0.02957	0.55520	0.01989	0.05567	0.01505	0.08769	0.02109	0.01442	0.04707	0.01377	0.04821	0.01061	0.00701	0.00658	0.00216	0.00941	0.00594	0.00330	0.00964
17	0.00970	0.00672	0.00841	0.00841	0.00878	0.00710	0.00542	0.01046	0.01008	0.01382	0.02015	0.03840	0.02200	0.54000	0.25507	0.00785	0.01011	0.00895	0.00392	0.00467
18	0.05416	0.01535	0.04457	0.01743	0.07669	0.01548	0.10546	0.15224	0.23312	0.09973	0.02243	0.05915	0.03961	0.02453	0.00749	0.00228	0.00682	0.00770	0.00584	0.00990
19	0.01597	0.03253	0.01562	0.01244	0.01555	0.01129	0.07938	0.11838	0.04099	0.11698	0.06869	0.10736	0.02260	0.17789	0.08402	0.00389	0.00752	0.00894	0.00543	0.05452
20	0.00839	0.00607	0.00788	0.00913	0.00976	0.00564	0.00624	0.00976	0.01342	0.01782	0.08513	0.61254	0.09340	0.04634	0.00940	0.00280	0.00398	0.04057	0.00623	0.00550
21	0.00828	0.00588	0.00776	0.00921	0.00958	0.00552	0.00609	0.00937	0.01265	0.01687	0.03598	0.71458	0.04312	0.06797	0.01018	0.00296	0.00406	0.01849	0.00609	0.00536
22	0.01484	0.23776	0.43297	0.01770	0.02586	0.01854	0.09960	0.02062	0.01425	0.01966	0.01306	0.01511	0.02901	0.00642	0.00602	0.00195	0.00913	0.00518	0.00301	0.00933
23	0.02557	0.01399	0.01573	0.01257	0.01698	0.06552	0.01021	0.16746	0.04093	0.39709	0.02195	0.02071	0.01486	0.00823	0.00697	0.00201	0.03291	0.00635	0.10962	0.01032
24	0.02070	0.01119	0.01332	0.01112	0.01473	0.01114	0.00884	0.16644	0.06493	0.26409	0.09191	0.10088	0.02329	0.01005	0.00666	0.00205	0.00512	0.00836	0.15591	0.00929
25	0.01520	0.01688	0.09405	0.18823	0.13985	0.06362	0.14635	0.02068	0.07129	0.04735	0.02056	0.04568	0.08420	0.00812	0.00704	0.00217	0.00841	0.00753	0.00408	0.00870
26	0.01535	0.01782	0.12417	0.15915	0.08586	0.01556	0.29397	0.04683	0.01549	0.04599	0.03869	0.01955	0.01245	0.03790	0.00896	0.00240	0.04035	0.00702	0.00369	0.00880
27	0.01663	0.01727	0.01818	0.01709	0.06558	0.20745	0.05353	0.06203	0.01477	0.01826	0.01357	0.01953	0.01234	0.06876	0.21282	0.00484	0.16003	0.00621	0.00363	0.00746
28	0.30469	0.01762	0.04223	0.11406	0.05014	0.10714	0.19851	0.05126	0.01496	0.02433	0.01146	0.01446	0.00879	0.00630	0.00602	0.00210	0.00855	0.00542	0.00375	0.00822
29	0.00911	0.00677	0.00849	0.00822	0.00983	0.00614	0.00610	0.01186	0.01785	0.02458	0.54959	0.10802	0.17888	0.01487	0.00797	0.00219	0.00326	0.01304	0.00709	0.00614
30	0.02009	0.01551	0.01645	0.01370	0.01796	0.01745	0.01096	0.32049	0.34951	0.03391	0.02195	0.02118	0.01625	0.00853	0.00657	0.00209	0.00599	0.00679	0.08407	0.01054
31	0.01054	0.00753	0.00926	0.00876	0.01053	0.00736	0.00658	0.01527	0.08962	0.02648	0.54351	0.06858	0.05290	0.01280	0.00745	0.00208	0.00341	0.01122	0.09938	0.00674
32	0.00940	0.00709	0.00877	0.00897	0.01044	0.00672	0.00658	0.01281	0.06360	0.02243	0.34025	0.26516	0.15454	0.01629	0.00809	0.00237	0.00368	0.03978	0.00678	0.00625
33	0.01688	0.59464	0.19945	0.01329	0.02002	0.02395	0.01463	0.02037	0.01376	0.01708	0.00997	0.01157	0.00858	0.00589	0.00480	0.00160	0.00782	0.00391	0.00286	0.00892
34	0.00950	0.00642	0.00752	0.00777	0.00787	0.00640	0.00457	0.00977	0.01029	0.01376	0.02355	0.15745	0.02731	0.62010	0.05527	0.00606	0.00650	0.01115	0.00439	0.00436
35	0.00814	0.00598	0.00764	0.00897	0.00963	0.00548	0.00606	0.00938	0.01320	0.01727	0.04149	0.65878	0.14250	0.02044	0.00847	0.00266	0.00382	0.01836	0.00623	0.00548
36	0.01798	0.01497	0.01629	0.01489	0.04292	0.01703	0.01135	0.14885	0.54180	0.03000	0.02517	0.02514	0.01926	0.00917	0.00689	0.00225	0.00580	0.03299	0.00666	0.01059
37	0.00905	0.00712	0.01089	0.03763	0.01312	0.00679	0.06254	0.01084	0.01355	0.01818	0.08276	0.62242	0.04168	0.01874	0.00840	0.00263	0.00462	0.01720	0.00596	0.00588
38	0.04152	0.02162	0.02009	0.04580	0.11609	0.26429	0.03297	0.20392	0.08823	0.02605	0.01407	0.01551	0.01091	0.00711	0.00634	0.00188	0.00883	0.00544	0.00466	0.06469
39	0.02007	0.01216	0.01471	0.01126	0.01636	0.01067	0.00907	0.10259	0.04688	0.24861	0.06316	0.04445	0.01718	0.00765	0.00612	0.00164	0.00535	0.00626	0.00608	0.34971
40	0.01821	0.01553	0.02386	0.20677	0.17456	0.04331	0.13319	0.10314	0.06594	0.09798	0.01541	0.01811	0.01144	0.00682	0.00683	0.00209	0.00835	0.00638	0.00445	0.03763
41	0.01520	0.11101	0.50324	0.01941	0.02792	0.07522	0.11438	0.02161	0.01473	0.02031	0.01182	0.01417	0.00875	0.00625	0.00634	0.00204	0.00999	0.00516	0.00296	0.00949
42	0.00818	0.00584	0.00779	0.00934	0.00973	0.00545	0.00623	0.00934	0.01285	0.01713	0.03698	0.75981	0.04438	0.02102	0.00856	0.00273	0.00389	0.01908	0.00623	0.00545
43	0.02506	0.01166	0.01499	0.01211	0.01657	0.01098	0.00995	0.10138	0.06722	0.47790	0.09593	0.02928	0.02280	0.00970	0.00707	0.00217	0.00564	0.06140	0.00777	0.01043
44	0.01459	0.01392	0.02193	0.37736	0.29966	0.03578	0.01815	0.01958	0.05910	0.01965	0.01426	0.05088	0.01190	0.00723	0.00676	0.00215	0.00820	0.00661	0.00352	0.00879
45	0.01084	0.00859	0.01123	0.01069	0.01266	0.00840	0.04761	0.06054	0.06922	0.02169	0.14372	0.30104	0.16915	0.04124	0.00895	0.00258	0.00470	0.05424	0.00624	0.00664
46	0.01255	0.00897	0.01043	0.00991	0.01202	0.00887	0.00735	0.13339	0.03777	0.05185	0.13732	0.30308	0.18206	0.04155	0.00877	0.00250	0.00450	0.01358	0.00651	0.00701
47	0.01742	0.01971	0.02934	0.04736	0.05527	0.17197	0.37523	0.02163	0.01608	0.02033	0.01249	0.01597	0.00978	0.00585	0.00689	0.00191	0.01013	0.00628	0.00350	0.15287
48	0.01267	0.01193	0.02013	0.74806	0.04621	0.01491	0.01863	0.01714	0.01342	0.01714	0.01193	0.01789	0.00894	0.00671	0.00671	0.00224	0.00894	0.00596	0.00298	0.00745
49	0.02551	0.01879	0.02014	0.01544	0.02081	0.02081	0.01275	0.69996	0.03155	0.04229	0.01611	0.01611	0.01141	0.00805	0.00671	0.00201	0.00738	0.00604	0.00671	0.01141
50	0.00808	0.00680	0.00701	0.00696	0.00916	0.00573	0.00522	0.00992	0.01565	0.01897	0.13056	0.06318	0.65649	0.01668	0.00793	0.00225	0.00338	0.01397	0.00634	0.00573
51	0.02224	0.02609	0.01743	0.01569	0.01914	0.51574	0.01189	0.06733	0.11817	0.02043	0.06373	0.01860	0.03872	0.00811	0.00639	0.00187	0.00993	0.00577	0.00450	0.00823
52	0.01362	0.06141	0.70415	0.01885	0.02861	0.01598	0.02431	0.02121	0.01415	0.02105	0.01194	0.01404	0.00850	0.00635	0.00630	0.00210	0.00982	0.00491	0.00283	0.00987
53	0.00882	0.00683	0.00803	0.00773	0.00961	0.00604	0.00580	0.01135	0.01739	0.02310	0.43682	0.05638	0.34766	0.01514	0.00792	0.00218	0.00327	0.01301	0.00689	0.00604
54	0.01729	0.01253	0.01261	0.01112	0.01412	0.09345	0.00858	0.08147	0.10153	0.15181	0.12486	0.03537	0.13130	0.08566	0.03629	0.00285	0.00629	0.03007	0.03475	0.00806
55	0.01601	0.01628	0.07617	0.17779	0.45599	0.01561	0.01926	0.06609	0.01588	0.02244	0.01309	0.01703	0.01048	0.00638	0.00655	0.00203	0.00805	0.00592	0.03914	0.00980
56	0.00974	0.00653	0.00742	0.00739	0.00749	0.00649	0.00421	0.00994	0.01034	0.01389	0.06522	0.04430	0.02685	0.71678	0.03249	0.00623	0.00629	0.00991	0.00428	0.00421
57	0.01558	0.01726	0.03657	0.05892	0.10459	0.01649	0.57809	0.02091	0.01551	0.02116	0.01355	0.01821	0.01039	0.00721	0.03190	0.00252	0.01109	0.00762	0.00338	0.00904
58	0.05503	0.05499	0.18025	0.09283	0.10199	0.09236	0.20263	0.04384	0.01576	0.05024	0.01367	0.04141	0.01085	0.00683	0.00672	0.00210	0.00941	0.00637	0.00365	0.00906
59	0.01459	0.00819	0.01074	0.03615	0.01338	0.00778	0.00782	0.01762	0.06473	0.19809	0.07235	0.41256	0.06099	0.03142	0.00839	0.00254	0.00463	0.01389	0.00670	0.00743
60	0.00816	0.00588	0.00774	0.00924	0.00970	0.00546	0.00618	0.00935	0.01295	0.01717	0.03827	0.73093	0.07243	0.02085	0.00854	0.00271	0.00387	0.01887	0.00623	0.00546
61	0.01257	0.01092	0.01591	0.20384	0.12206	0.01158	0.03632	0.06415	0.04973	0.02087	0.07099	0.11263	0.17396	0.05442	0.00886	0.00249	0.00635	0.00994	0.00489	0.00753
62	0.06407	0.09239	0.06428	0.09903	0.10793	0.14469	0.04169	0.06441	0.04354	0.07557	0.01453	0.05790	0.01220	0.00808	0.00783	0.00209	0.08064	0.00619	0.00415	0.00877
63	0.01397	0.09514	0.64002	0.01947	0.05906	0.01652	0.02349	0.02112	0.01417	0.02082	0.01184	0.01399	0.00860	0.00630	0.00621	0.00206	0.00960	0.00489	0.00286	0.00984
64	0.00931	0.00652	0.00835	0.00874	0.00916	0.00674	0.00575	0.01024	0.01081	0.01473	0.02430	0.21968	0.02742	0.38856	0.21331	0.00668	0.00887	0.01143	0.00449	0.00492
65	0.01688	0.17613	0.21492	0.04170	0.08996	0.15442	0.07027	0.02098	0.01485	0.01860	0.01212	0.01625	0.01021	0.00860	0.03338	0.00231	0.05917	0.02732	0.00320	0.00874
66	0.01712	0.09775	0.20876	0.04915	0.12568	0.06830	0.06391	0.02178	0.03487	0.11130	0.01616	0.07413	0.01344	0.00941	0.03222	0.00239	0.03364	0.00668	0.00412	0.00922
67	0.01609	0.01858	0.12774	0.04023	0.08307	0.01542	0.41434	0.02120	0.01540	0.07788	0.01574	0.06832	0.01277	0.00727	0.00801	0.00226	0.03475	0.00792	0.00388	0.00914
68	0.00977	0.00765	0.00921	0.00933	0.01044	0.03478	0.00670	0.01166	0.01374	0.01854	0.20045	0.18928	0.08524	0.14117	0.21566	0.00533	0.00832	0.01167	0.00534	0.00571
69	0.04188	0.01398	0.08540	0.01170	0.01455	0.09001	0.02899	0.03700	0.07872	0.04859	0.05264	0.18171	0.09820	0.17152	0.01292	0.00316	0.00646	0.01043	0.00516	0.00699
70	0.08677	0.08371	0.35221	0.04048	0.09077	0.04262	0.05523	0.04532	0.03810	0.04019	0.03769	0.01602	0.01136	0.00685	0.00657	0.00207	0.02561	0.00544	0.00363	0.00938

[dist]
# distance from previous block
# <min> <max>
1	4

[block]
# block no. 1 follows, 32 sequences, length 6
# corresponding to MSA columns:
# 113-118
name=unknown_B
#
# <colnr> <probs for GDERKNQSTAVLIFYWHMCP>
#	G	D	E	R	K	N	Q	S	T	A	V	L	I	F	Y	W	H	M	C	P
0	0.01615	0.06580	0.09944	0.11543	0.23578	0.05609	0.10344	0.05977	0.01603	0.02188	0.03993	0.01702	0.01191	0.00641	0.00645	0.00190	0.00831	0.00586	0.00365	0.10873
1	0.01369	0.01225	0.01298	0.01224	0.06388	0.06674	0.00870	0.07566	0.05792	0.02307	0.12427	0.03553	0.24086	0.01064	0.00675	0.00183	0.00524	0.00882	0.00545	0.21348
2	0.01633	0.01653	0.05778	0.10115	0.14210	0.09008	0.07961	0.11621	0.06226	0.02430	0.12767	0.07054	0.02134	0.00906	0.00759	0.00215	0.03385	0.00788	0.00481	0.00876
3	0.01472	0.04538	0.03856	0.01227	0.01624	0.01202	0.04775	0.14717	0.06142	0.02439	0.04791	0.20885	0.02244	0.05060	0.00818	0.00218	0.00580	0.00932	0.00528	0.21952
4	0.01204	0.00831	0.00980	0.00941	0.01139	0.00801	0.00691	0.08020	0.04610	0.07093	0.16611	0.26478	0.19610	0.06657	0.00966	0.00263	0.00435	0.01341	0.00651	0.00678
5	0.01904	0.04704	0.08829	0.10298	0.11999	0.01579	0.01445	0.22332	0.06247	0.09906	0.07779	0.02178	0.01694	0.00813	0.00670	0.00205	0.00711	0.02555	0.00540	0.03613

[dist]
# distance from previous block
# <min> <max>
0	21

[block]
# block no. 2 follows, 32 sequences, length 86
# corresponding to MSA columns:
# 164-249
name=unknown_C
#
# <colnr> <probs for GDERKNQSTAVLIFYWHMCP>
#	G	D	E	R	K	N	Q	S	T	A	V	L	I	F	Y	W	H	M	C	P
0	0.01658	0.11683	0.15335	0.06502	0.11533	0.01571	0.08115	0.10105	0.01701	0.06271	0.06799	0.04292	0.01532	0.00740	0.00641	0.00192	0.00759	0.00640	0.00432	0.09499
1	0.08633	0.12889	0.09276	0.01278	0.01718	0.01354	0.08460	0.06612	0.01568	0.06888	0.07176	0.10930	0.05720	0.03483	0.00726	0.00215	0.00629	0.00806	0.07678	0.03961
2	0.01633	0.17411	0.16968	0.05717	0.09140	0.08424	0.04153	0.05480	0.01590	0.04561	0.04626	0.02134	0.08569	0.00803	0.00675	0.00196	0.03287	0.00633	0.03135	0.00868
3	0.18172	0.03398	0.07402	0.11997	0.11018	0.03680	0.03985	0.06277	0.01519	0.05140	0.01664	0.01883	0.05570	0.00715	0.00585	0.00193	0.00683	0.00575	0.06503	0.09043
4	0.01327	0.01153	0.01293	0.00987	0.01488	0.03176	0.00783	0.01613	0.01475	0.02186	0.08900	0.02343	0.06962	0.00728	0.00567	0.00130	0.00494	0.02823	0.00455	0.61117
5	0.01428	0.01463	0.06577	0.07810	0.23017	0.01421	0.10298	0.04678	0.03761	0.02195	0.10126	0.09808	0.02117	0.00971	0.00891	0.00229	0.08848	0.03062	0.00437	0.00863
6	0.01378	0.01059	0.03826	0.01017	0.01325	0.00979	0.02991	0.09225	0.04359	0.02537	0.11443	0.05432	0.02242	0.03842	0.02464	0.00216	0.02395	0.00739	0.29535	0.12996
7	0.00969	0.00652	0.00730	0.00730	0.00738	0.00648	0.00410	0.00975	0.00995	0.01319	0.02281	0.04465	0.04916	0.73757	0.03322	0.00635	0.00639	0.00991	0.00414	0.00412
8	0.01821	0.01517	0.01603	0.01396	0.01803	0.01740	0.01099	0.14987	0.59353	0.03051	0.02538	0.02350	0.01892	0.00892	0.00681	0.00223	0.00567	0.00732	0.00681	0.01076
9	0.01933	0.01572	0.01666	0.01419	0.01845	0.01792	0.01126	0.23423	0.50734	0.03232	0.02396	0.02237	0.01777	0.00879	0.00679	0.00220	0.00593	0.00712	0.00679	0.01086
10	0.61106	0.01283	0.01128	0.00976	0.01406	0.01431	0.00799	0.02329	0.07215	0.14848	0.01378	0.01413	0.00998	0.00683	0.00482	0.00209	0.00529	0.00450	0.00509	0.00826
11	0.01785	0.70879	0.03346	0.01157	0.01705	0.05213	0.01132	0.02003	0.01406	0.01628	0.03924	0.01247	0.01092	0.00612	0.00452	0.00147	0.00719	0.00398	0.00308	0.00848
12	0.01276	0.04110	0.03908	0.06233	0.01488	0.00892	0.00892	0.03806	0.01729	0.09819	0.34014	0.15767	0.06720	0.01343	0.00764	0.00225	0.00472	0.05176	0.00649	0.00718
13	0.26218	0.06388	0.12200	0.01581	0.09853	0.03697	0.01285	0.08370	0.06336	0.12546	0.04426	0.01682	0.01290	0.00718	0.00577	0.00203	0.00673	0.00540	0.00489	0.00928
14	0.00821	0.00675	0.00728	0.00762	0.00957	0.00581	0.00574	0.00996	0.01498	0.01816	0.06101	0.15880	0.57020	0.01767	0.00813	0.00240	0.00371	0.07210	0.00623	0.00568
15	0.01794	0.76823	0.03516	0.01148	0.01722	0.02655	0.01148	0.02009	0.01363	0.01579	0.00933	0.01076	0.00861	0.00574	0.00431	0.00144	0.00718	0.00359	0.00287	0.00861
16	0.01682	0.06502	0.42944	0.08344	0.07695	0.05789	0.02044	0.06671	0.01603	0.08599	0.01342	0.01529	0.00963	0.00666	0.00636	0.00206	0.00913	0.00525	0.00367	0.00979
17	0.01381	0.00891	0.01066	0.01024	0.01235	0.02953	0.00768	0.04013	0.06113	0.13647	0.21237	0.29327	0.07839	0.01510	0.00785	0.00237	0.00452	0.04109	0.00684	0.00729
18	0.00818	0.00584	0.00779	0.00934	0.00973	0.00545	0.00623	0.00934	0.01285	0.01713	0.03698	0.75981	0.04438	0.02102	0.00856	0.00273	0.00389	0.01908	0.00623	0.00545
19	0.57959	0.01696	0.01288	0.04063	0.03859	0.15926	0.00940	0.03711	0.01361	0.02690	0.00991	0.01172	0.00781	0.00642	0.00477	0.00201	0.00686	0.00399	0.00400	0.00758
20	0.81159	0.01298	0.00986	0.00882	0.01298	0.01505	0.00727	0.01972	0.01142	0.03010	0.00934	0.01090	0.00727	0.00623	0.00415	0.00208	0.00519	0.00363	0.00415	0.00727
21	0.81159	0.01298	0.00986	0.00882	0.01298	0.01505	0.00727	0.01972	0.01142	0.03010	0.00934	0.01090	0.00727	0.00623	0.00415	0.00208	0.00519	0.00363	0.00415	0.00727
22	0.00798	0.00680	0.00687	0.00685	0.00909	0.00569	0.00514	0.00972	0.01541	0.01840	0.08831	0.06412	0.69910	0.01689	0.00793	0.00226	0.00339	0.01410	0.00627	0.00569
23	0.01134	0.00906	0.01291	0.12077	0.04626	0.01052	0.00974	0.03484	0.01166	0.01618	0.01700	0.02886	0.01689	0.26083	0.29376	0.00686	0.07514	0.00761	0.00368	0.00609
24	0.01672	0.01428	0.01510	0.01357	0.01731	0.01646	0.01055	0.05945	0.66102	0.02822	0.02723	0.04994	0.02097	0.00947	0.00688	0.00228	0.00534	0.00792	0.00680	0.01047
25	0.06815	0.01564	0.02300	0.03970	0.13293	0.04191	0.09198	0.01806	0.01213	0.01863	0.01012	0.01512	0.00915	0.00949	0.01591	0.00260	0.45834	0.00592	0.00315	0.00807
26	0.49621	0.01495	0.04176	0.01040	0.01457	0.05778	0.00881	0.12347	0.01544	0.03004	0.01235	0.01393	0.00946	0.00678	0.00483	0.00197	0.00584	0.00447	0.11902	0.00790
27	0.00793	0.00680	0.00680	0.00680	0.00906	0.00566	0.00510	0.00963	0.01529	0.01813	0.06797	0.06457	0.71961	0.01699	0.00793	0.00227	0.00340	0.01416	0.00623	0.00566
28	0.01669	0.01441	0.01517	0.01365	0.01745	0.01669	0.01062	0.03565	0.71021	0.02807	0.02731	0.02503	0.02048	0.00910	0.00683	0.00228	0.00531	0.00759	0.00683	0.01062
29	0.01346	0.03471	0.72942	0.01912	0.02904	0.01558	0.02479	0.02125	0.01417	0.02125	0.01204	0.01417	0.00850	0.00637	0.00637	0.00212	0.00992	0.00496	0.00283	0.00992
30	0.00838	0.00680	0.00735	0.00722	0.00923	0.00586	0.00536	0.01037	0.01598	0.02006	0.22467	0.06023	0.53213	0.04585	0.00897	0.00240	0.00347	0.01349	0.00643	0.00576
31	0.00974	0.00657	0.00764	0.00764	0.00776	0.00668	0.00447	0.00997	0.00985	0.01325	0.02084	0.04226	0.02368	0.69724	0.10012	0.00691	0.00758	0.00952	0.00402	0.00425
32	0.81159	0.01298	0.00986	0.00882	0.01298	0.01505	0.00727	0.01972	0.01142	0.03010	0.00934	0.01090	0.00727	0.00623	0.00415	0.00208	0.00519	0.00363	0.00415	0.00727
33	0.10576	0.03012	0.56976	0.01851	0.05572	0.01552	0.02170	0.04427	0.01465	0.04674	0.01238	0.01425	0.00882	0.00646	0.00616	0.00211	0.00907	0.00495	0.00332	0.00974
34	0.02551	0.01879	0.02014	0.01544	0.02081	0.02081	0.01275	0.69996	0.03155	0.04229	0.01611	0.01611	0.01141	0.00805	0.00671	0.00201	0.00738	0.00604	0.00671	0.01141
35	0.02551	0.01879	0.02014	0.01544	0.02081	0.02081	0.01275	0.69996	0.03155	0.04229	0.01611	0.01611	0.01141	0.00805	0.00671	0.00201	0.00738	0.00604	0.00671	0.01141
36	0.01802	0.01507	0.01592	0.01392	0.01796	0.01731	0.01094	0.13593	0.60777	0.03021	0.02562	0.02369	0.01911	0.00895	0.00681	0.00224	0.00562	0.00735	0.00681	0.01074
37	0.81159	0.01298	0.00986	0.00882	0.01298	0.01505	0.00727	0.01972	0.01142	0.03010	0.00934	0.01090	0.00727	0.00623	0.00415	0.00208	0.00519	0.00363	0.00415	0.00727
38	0.01661	0.01594	0.02724	0.04119	0.72233	0.01594	0.02059	0.02059	0.01528	0.02192	0.01262	0.01661	0.01063	0.00598	0.00664	0.00199	0.00797	0.00598	0.00332	0.01063
39	0.02517	0.01863	0.01995	0.01537	0.02068	0.02065	0.01267	0.67479	0.05726	0.04175	0.01653	0.01645	0.01175	0.00809	0.00672	0.00202	0.00730	0.00610	0.00672	0.01138
40	0.01584	0.01810	0.03959	0.02828	0.03507	0.01697	0.69796	0.02149	0.01584	0.02149	0.01357	0.01810	0.01018	0.00566	0.00792	0.00226	0.01131	0.00792	0.00339	0.00905
41	0.00873	0.00607	0.00762	0.00864	0.00889	0.00582	0.00547	0.00949	0.01177	0.01569	0.03145	0.50968	0.03740	0.28068	0.01750	0.00405	0.00481	0.01582	0.00547	0.00497
42	0.00984	0.00626	0.00838	0.00954	0.01029	0.00579	0.00650	0.01112	0.01333	0.07108	0.03618	0.70380	0.04227	0.02006	0.00843	0.00268	0.00403	0.01814	0.00639	0.00590
43	0.01048	0.00749	0.01043	0.01198	0.01338	0.00744	0.01024	0.01333	0.01512	0.01971	0.03571	0.16133	0.03934	0.01885	0.00918	0.00304	0.00589	0.59479	0.00618	0.00609
44	0.01534	0.01730	0.03751	0.02704	0.03341	0.01621	0.65272	0.02070	0.01564	0.02121	0.01511	0.06661	0.01242	0.00666	0.00796	0.00229	0.01083	0.00865	0.00358	0.00881
45	0.00826	0.00590	0.00789	0.00944	0.00987	0.00553	0.00638	0.00950	0.01293	0.01723	0.03693	0.73680	0.04418	0.02094	0.00859	0.00274	0.00397	0.04121	0.00623	0.00547
46	0.05594	0.01356	0.01549	0.01220	0.01674	0.01391	0.00998	0.30418	0.02303	0.28572	0.02066	0.02000	0.01420	0.00803	0.00625	0.00195	0.00590	0.00624	0.15575	0.01029
47	0.00818	0.00584	0.00779	0.00934	0.00973	0.00545	0.00623	0.00934	0.01285	0.01713	0.03698	0.75981	0.04438	0.02102	0.00856	0.00273	0.00389	0.01908	0.00623	0.00545
48	0.02478	0.01686	0.01817	0.01430	0.01925	0.03840	0.01168	0.45781	0.10707	0.16128	0.01932	0.01858	0.01354	0.00818	0.00663	0.00203	0.00681	0.00631	0.03797	0.01101
49	0.00950	0.00686	0.00897	0.00844	0.01002	0.00633	0.00633	0.01266	0.01899	0.02691	0.71879	0.05012	0.06331	0.01372	0.00791	0.00211	0.00317	0.01213	0.00739	0.00633
50	0.01584	0.01810	0.03959	0.02828	0.03507	0.01697	0.69796	0.02149	0.01584	0.02149	0.01357	0.01810	0.01018	0.00566	0.00792	0.00226	0.01131	0.00792	0.00339	0.00905
51	0.01012	0.00640	0.00848	0.00944	0.01035	0.00595	0.00659	0.01169	0.01391	0.06909	0.08762	0.59758	0.04249	0.01891	0.00825	0.00260	0.00402	0.04057	0.03995	0.00600
52	0.01607	0.01321	0.01507	0.01096	0.01682	0.01115	0.00885	0.14415	0.01720	0.02567	0.01271	0.01432	0.01021	0.00554	0.00529	0.00118	0.00542	0.00436	0.00449	0.65733
53	0.01320	0.01594	0.17348	0.04126	0.11719	0.01187	0.01358	0.05773	0.08882	0.02372	0.15068	0.13153	0.04885	0.01055	0.00701	0.00215	0.00616	0.00916	0.04870	0.02840
54	0.01989	0.17563	0.19225	0.01718	0.07663	0.03934	0.03832	0.17348	0.01905	0.12106	0.03689	0.01648	0.01228	0.00704	0.00615	0.00191	0.00784	0.00553	0.00470	0.02835
55	0.01340	0.01241	0.08264	0.01412	0.05767	0.03858	0.01136	0.01716	0.05387	0.06808	0.02602	0.19667	0.02653	0.03635	0.03720	0.00295	0.06391	0.17330	0.06044	0.00736
56	0.62870	0.04011	0.01270	0.01130	0.04044	0.10862	0.00872	0.02111	0.01287	0.05077	0.01017	0.01166	0.00792	0.00636	0.00458	0.00201	0.00627	0.00391	0.00413	0.00764
57	0.81159	0.01298	0.00986	0.00882	0.01298	0.01505	0.00727	0.01972	0.01142	0.03010	0.00934	0.01090	0.00727	0.00623	0.00415	0.00208	0.00519	0.00363	0.00415	0.00727
58	0.01126	0.00719	0.00967	0.01006	0.01129	0.00674	0.02278	0.03457	0.01408	0.09084	0.03474	0.58011	0.05961	0.06103	0.00974	0.00282	0.00450	0.01644	0.00627	0.00627
59	0.21249	0.09639	0.13493	0.03994	0.06233	0.16765	0.01362	0.06919	0.01631	0.11024	0.01285	0.01407	0.00958	0.00673	0.00566	0.00194	0.00812	0.00476	0.00426	0.00894
60	0.70925	0.01303	0.01077	0.00935	0.01365	0.01475	0.00771	0.04434	0.01286	0.09770	0.01123	0.01223	0.00831	0.00649	0.00449	0.00207	0.00532	0.00402	0.00464	0.00781
61	0.01645	0.01637	0.02969	0.03862	0.58598	0.01615	0.15499	0.02077	0.01539	0.02184	0.01281	0.01690	0.01054	0.00591	0.00690	0.00205	0.00863	0.00636	0.00334	0.01032
62	0.01427	0.00796	0.00814	0.00750	0.00958	0.00823	0.00579	0.10863	0.01645	0.02736	0.02110	0.02381	0.01641	0.00785	0.00497	0.00162	0.00371	0.00622	0.69344	0.00695
63	0.00950	0.00686	0.00897	0.00844	0.01002	0.00633	0.00633	0.01266	0.01899	0.02691	0.71879	0.05012	0.06331	0.01372	0.00791	0.00211	0.00317	0.01213	0.00739	0.00633
64	0.00965	0.00695	0.00956	0.00956	0.01034	0.00772	0.00686	0.01120	0.01042	0.01467	0.01909	0.03255	0.01946	0.30218	0.48942	0.00927	0.01393	0.00810	0.00376	0.00531
65	0.00793	0.00680	0.00680	0.00680	0.00906	0.00566	0.00510	0.00963	0.01529	0.01813	0.06797	0.06457	0.71961	0.01699	0.00793	0.00227	0.00340	0.01416	0.00623	0.00566
66	0.04643	0.01427	0.01499	0.01343	0.01727	0.01643	0.01047	0.03498	0.66385	0.04895	0.02662	0.02445	0.01988	0.00897	0.00673	0.00226	0.00532	0.00742	0.00677	0.01052
67	0.01669	0.01441	0.01517	0.01365	0.01745	0.01669	0.01062	0.03565	0.71021	0.02807	0.02731	0.02503	0.02048	0.00910	0.00683	0.00228	0.00531	0.00759	0.00683	0.01062
68	0.01346	0.03471	0.72942	0.01912	0.02904	0.01558	0.02479	0.02125	0.01417	0.02125	0.01204	0.01417	0.00850	0.00637	0.00637	0.00212	0.00992	0.00496	0.00283	0.00992
69	0.76216	0.01334	0.01051	0.00924	0.01347	0.01541	0.00761	0.06250	0.01268	0.03087	0.00977	0.01123	0.00753	0.00634	0.00431	0.00207	0.00533	0.00378	0.00431	0.00753
70	0.04979	0.65809	0.03246	0.01194	0.01744	0.07673	0.01147	0.04587	0.01460	0.01738	0.00966	0.01106	0.00866	0.00593	0.00451	0.00150	0.00746	0.00373	0.00311	0.00860
71	0.00816	0.00591	0.00771	0.00915	0.00968	0.00547	0.00614	0.00936	0.01303	0.01720	0.03935	0.70671	0.09595	0.02071	0.00852	0.00269	0.00386	0.01870	0.00623	0.00547
72	0.01491	0.01255	0.01444	0.01051	0.01634	0.01016	0.00842	0.06981	0.04290	0.02367	0.01286	0.01452	0.01047	0.00537	0.00518	0.00112	0.00517	0.00428	0.00430	0.71304
73	0.01669	0.01441	0.01517	0.01365	0.01745	0.01669	0.01062	0.03565	0.71021	0.02807	0.02731	0.02503	0.02048	0.00910	0.00683	0.00228	0.00531	0.00759	0.00683	0.01062
74	0.01704	0.01923	0.07705	0.05604	0.22638	0.06714	0.32464	0.06301	0.04051	0.02257	0.01355	0.01711	0.01047	0.00618	0.00717	0.00212	0.00980	0.00673	0.00364	0.00960
75	0.01267	0.01193	0.02013	0.74806	0.04621	0.01491	0.01863	0.01714	0.01342	0.01714	0.01193	0.01789	0.00894	0.00671	0.00671	0.00224	0.00894	0.00596	0.00298	0.00745
76	0.00812	0.00604	0.00758	0.00882	0.00959	0.00549	0.00600	0.00940	0.01335	0.01733	0.04335	0.61686	0.18322	0.02019	0.00843	0.00263	0.00379	0.01806	0.00623	0.00549
77	0.01622	0.16052	0.38811	0.02007	0.07090	0.03816	0.12526	0.02192	0.01486	0.06491	0.01270	0.01481	0.00943	0.00626	0.00628	0.00200	0.00932	0.00533	0.00332	0.00963
78	0.21916	0.09037	0.26312	0.01463	0.02124	0.01795	0.01534	0.21369	0.03832	0.02916	0.01271	0.01390	0.00937	0.00684	0.00573	0.00202	0.00762	0.00488	0.00438	0.00957
79	0.00962	0.00719	0.00924	0.01035	0.01193	0.00681	0.00853	0.01204	0.01503	0.01910	0.04496	0.17040	0.23301	0.01845	0.00879	0.00280	0.00506	0.39456	0.00620	0.00593
80	0.00799	0.00654	0.00706	0.00747	0.00924	0.00561	0.00540	0.00955	0.01465	0.01786	0.05978	0.24836	0.54111	0.01806	0.00810	0.00239	0.00353	0.01546	0.00623	0.00561
81	0.02046	0.09613	0.09552	0.01718	0.07288	0.09435	0.05544	0.14602	0.13468	0.13121	0.01848	0.05695	0.01443	0.00811	0.00655	0.00204	0.00764	0.00665	0.00534	0.00993
82	0.02298	0.01787	0.04875	0.01616	0.02128	0.06757	0.09343	0.36759	0.02409	0.14635	0.01766	0.03873	0.01311	0.01105	0.05914	0.00269	0.00867	0.00666	0.00596	0.01026
83	0.01530	0.01469	0.02094	0.50421	0.14421	0.07245	0.01778	0.06724	0.04114	0.01999	0.01277	0.01738	0.00978	0.00680	0.00665	0.00214	0.00880	0.00590	0.00348	0.00836
84	0.01667	0.06670	0.13777	0.04436	0.08435	0.01529	0.03258	0.15934	0.04320	0.02519	0.01348	0.01567	0.01059	0.00831	0.03720	0.00210	0.02813	0.00522	0.00423	0.24961
85	0.01612	0.11174	0.27046	0.04550	0.07195	0.03750	0.04193	0.02125	0.04238	0.11498	0.04150	0.07303	0.06590	0.00866	0.00659	0.00208	0.00769	0.00722	0.00443	0.00911

[dist]
# distance from previous block
# <min> <max>
3	8

[block]
# block no. 3 follows, 32 sequences, length 34
# corresponding to MSA columns:
# 262-295
name=unknown_D
#
# <colnr> <probs for GDERKNQSTAVLIFYWHMCP>
#	G	D	E	R	K	N	Q	S	T	A	V	L	I	F	Y	W	H	M	C	P
0	0.40014	0.01494	0.01492	0.06421	0.01820	0.09153	0.05688	0.06013	0.01422	0.04766	0.01338	0.07292	0.01162	0.00810	0.00672	0.00216	0.06206	0.00587	0.02667	0.00767
1	0.00921	0.00685	0.00857	0.00814	0.00985	0.00621	0.00611	0.01211	0.01832	0.02531	0.60045	0.05275	0.18265	0.01431	0.00792	0.00214	0.00321	0.01250	0.00718	0.00621
2	0.02408	0.01809	0.01934	0.01515	0.02027	0.02014	0.01241	0.59281	0.14101	0.03999	0.01792	0.01755	0.01287	0.00822	0.00673	0.00206	0.00705	0.00629	0.00673	0.01128
3	0.01584	0.01810	0.03959	0.02828	0.03507	0.01697	0.69796	0.02149	0.01584	0.02149	0.01357	0.01810	0.01018	0.00566	0.00792	0.00226	0.01131	0.00792	0.00339	0.00905
4	0.02078	0.14242	0.06762	0.07463	0.14349	0.15678	0.01511	0.21604	0.02014	0.04286	0.01282	0.01471	0.00999	0.00700	0.00656	0.00191	0.02796	0.00524	0.00430	0.00963
5	0.02373	0.02959	0.01984	0.05111	0.08854	0.63749	0.01393	0.02579	0.01842	0.01698	0.01065	0.01278	0.00884	0.00682	0.00613	0.00178	0.01157	0.00455	0.00342	0.00804
6	0.00799	0.00680	0.00688	0.00686	0.00910	0.00569	0.00515	0.00975	0.01544	0.01848	0.09386	0.06400	0.69350	0.01686	0.00793	0.00226	0.00339	0.01408	0.00628	0.00569
7	0.00973	0.00663	0.00796	0.00796	0.00818	0.00685	0.00487	0.01017	0.00995	0.01348	0.02056	0.04066	0.02298	0.63212	0.16429	0.00730	0.00863	0.00928	0.00398	0.00442
8	0.01669	0.01441	0.01517	0.01365	0.01745	0.01669	0.01062	0.03565	0.71021	0.02807	0.02731	0.02503	0.02048	0.00910	0.00683	0.00228	0.00531	0.00759	0.00683	0.01062
9	0.01038	0.00705	0.00925	0.00859	0.01033	0.00648	0.00648	0.01352	0.01900	0.05697	0.68906	0.04895	0.06131	0.01348	0.00786	0.00211	0.00327	0.01190	0.00743	0.00655
10	0.04980	0.01856	0.01797	0.01476	0.01937	0.10519	0.01183	0.36903	0.23204	0.06301	0.01897	0.01840	0.01387	0.00818	0.00658	0.00206	0.00719	0.00624	0.00633	0.01060
11	0.01251	0.00625	0.00625	0.00625	0.00782	0.00625	0.00469	0.01563	0.01407	0.02502	0.02189	0.02502	0.01720	0.00782	0.00469	0.00156	0.00313	0.00625	0.80144	0.00625
12	0.02264	0.02701	0.01749	0.01572	0.01888	0.56746	0.01184	0.05169	0.01818	0.01804	0.01193	0.01497	0.01021	0.04681	0.00809	0.00201	0.04159	0.00486	0.05767	0.03291
13	0.01772	0.73205	0.06940	0.01186	0.01780	0.02601	0.01214	0.02015	0.01366	0.01606	0.00946	0.01093	0.00861	0.00577	0.00441	0.00147	0.00731	0.00366	0.00287	0.00868
14	0.00898	0.00584	0.00801	0.00920	0.00950	0.00554	0.00614	0.00920	0.01190	0.01586	0.03113	0.58908	0.03682	0.02155	0.01264	0.18792	0.00434	0.01602	0.00546	0.00486
15	0.01702	0.01025	0.03162	0.01045	0.01395	0.00907	0.00865	0.04889	0.07308	0.24543	0.12690	0.04412	0.23933	0.01269	0.00751	0.00226	0.00489	0.07852	0.00700	0.00837
16	0.02439	0.02437	0.01872	0.01595	0.02016	0.37322	0.01244	0.24987	0.11166	0.06147	0.01522	0.01561	0.01146	0.00764	0.00640	0.00191	0.00936	0.00543	0.00520	0.00952
17	0.01584	0.01810	0.03959	0.02828	0.03507	0.01697	0.69796	0.02149	0.01584	0.02149	0.01357	0.01810	0.01018	0.00566	0.00792	0.00226	0.01131	0.00792	0.00339	0.00905
18	0.01522	0.03429	0.62187	0.01885	0.02778	0.12484	0.02300	0.02209	0.01490	0.02052	0.01179	0.01385	0.00852	0.00646	0.00633	0.00206	0.01025	0.00486	0.00293	0.00959
19	0.01468	0.01468	0.02055	0.01762	0.01762	0.02055	0.01468	0.01615	0.01028	0.01615	0.00881	0.01468	0.00881	0.01174	0.02202	0.00294	0.75191	0.00587	0.00294	0.00734
20	0.00862	0.00729	0.00751	0.00737	0.00968	0.00643	0.00555	0.01155	0.06038	0.01947	0.11710	0.06088	0.62236	0.01622	0.00786	0.00225	0.00350	0.01358	0.00636	0.00604
21	0.00895	0.00677	0.00837	0.00937	0.01040	0.00649	0.00657	0.01175	0.06897	0.01857	0.06265	0.54468	0.14874	0.01912	0.00833	0.00261	0.00399	0.04139	0.00631	0.00595
22	0.02129	0.11390	0.02157	0.01688	0.04406	0.33777	0.05646	0.12730	0.10328	0.02223	0.01515	0.06230	0.01294	0.00800	0.00633	0.00191	0.00925	0.00612	0.00446	0.00880
23	0.00950	0.00686	0.00897	0.00844	0.01002	0.00633	0.00633	0.01266	0.01899	0.02691	0.71879	0.05012	0.06331	0.01372	0.00791	0.00211	0.00317	0.01213	0.00739	0.00633
24	0.01584	0.01810	0.03959	0.02828	0.03507	0.01697	0.69796	0.02149	0.01584	0.02149	0.01357	0.01810	0.01018	0.00566	0.00792	0.00226	0.01131	0.00792	0.00339	0.00905
25	0.00818	0.00584	0.00779	0.00934	0.00973	0.00545	0.00623	0.00934	0.01285	0.01713	0.03698	0.75981	0.04438	0.02102	0.00856	0.00273	0.00389	0.01908	0.00623	0.00545
26	0.01391	0.01193	0.01391	0.00994	0.01590	0.00894	0.00795	0.01690	0.01391	0.02186	0.01193	0.01391	0.00994	0.00497	0.00497	0.00099	0.00497	0.00398	0.00398	0.80521
27	0.00843	0.00682	0.00749	0.00732	0.00937	0.00588	0.00549	0.01060	0.01647	0.02093	0.27544	0.05997	0.51040	0.01595	0.00793	0.00222	0.00332	0.01352	0.00660	0.00588
28	0.00818	0.00584	0.00779	0.00934	0.00973	0.00545	0.00623	0.00934	0.01285	0.01713	0.03698	0.75981	0.04438	0.02102	0.00856	0.00273	0.00389	0.01908	0.00623	0.00545
29	0.00829	0.00599	0.00786	0.00924	0.00983	0.00556	0.00630	0.00961	0.01328	0.01760	0.06086	0.67057	0.08833	0.02045	0.00852	0.00269	0.00391	0.03931	0.00626	0.00552
30	0.01378	0.08684	0.68008	0.01858	0.02820	0.01636	0.02385	0.02117	0.01413	0.02086	0.01185	0.01392	0.00851	0.00633	0.00623	0.00208	0.00972	0.00486	0.00284	0.00982
31	0.01444	0.01488	0.02370	0.53190	0.06952	0.07717	0.13612	0.01886	0.01439	0.01803	0.01211	0.01738	0.00920	0.00651	0.00686	0.00219	0.00959	0.00616	0.00311	0.00789
32	0.02275	0.05665	0.02001	0.01712	0.03891	0.43534	0.01307	0.14873	0.01953	0.02119	0.01153	0.01415	0.00967	0.02865	0.00912	0.00208	0.11413	0.00502	0.00397	0.00840
33	0.01569	0.04088	0.11079	0.09574	0.29874	0.03399	0.01640	0.01974	0.01472	0.04078	0.01250	0.01549	0.01004	0.00589	0.00603	0.00172	0.00745	0.00516	0.00355	0.24471

[dist]
# distance from previous block
# <min> <max>
0	1

[block]
# block no. 4 follows, 32 sequences, length 66
# corresponding to MSA columns:
# 297-317,337-381
name=unknown_E
#
# <colnr> <probs for GDERKNQSTAVLIFYWHMCP>
#	G	D	E	R	K	N	Q	S	T	A	V	L	I	F	Y	W	H	M	C	P
0	0.02168	0.13381	0.08288	0.01668	0.07290	0.08396	0.03319	0.16758	0.13729	0.15703	0.01769	0.01762	0.01289	0.00745	0.00631	0.00197	0.00750	0.00586	0.00545	0.01026
1	0.00793	0.00680	0.00680	0.00680	0.00906	0.00566	0.00510	0.00963	0.01529	0.01813	0.06797	0.06457	0.71961	0.01699	0.00793	0.00227	0.00340	0.01416	0.00623	0.00566
2	0.01664	0.01631	0.02621	0.10478	0.62822	0.04898	0.02006	0.02056	0.01528	0.02123	0.01245	0.01652	0.01038	0.00609	0.00662	0.00200	0.00825	0.00590	0.00330	0.01021
3	0.00933	0.00613	0.00820	0.00948	0.01012	0.00568	0.00642	0.01058	0.01318	0.05463	0.03643	0.72088	0.04291	0.02035	0.00847	0.00269	0.00399	0.01842	0.00634	0.00577
4	0.00883	0.00679	0.00808	0.00785	0.00964	0.00603	0.00585	0.01134	0.01729	0.02308	0.43721	0.08828	0.31481	0.01531	0.00795	0.00220	0.00329	0.01323	0.00689	0.00603
5	0.00814	0.00681	0.00709	0.00702	0.00919	0.00575	0.00526	0.01004	0.01579	0.01930	0.15503	0.06264	0.63182	0.01656	0.00793	0.00224	0.00337	0.01389	0.00639	0.00575
6	0.00827	0.00681	0.00726	0.00715	0.00927	0.00581	0.00536	0.01028	0.01609	0.02002	0.20802	0.06146	0.57838	0.01629	0.00793	0.00223	0.00335	0.01373	0.00648	0.00581
7	0.01794	0.76823	0.03516	0.01148	0.01722	0.02655	0.01148	0.02009	0.01363	0.01579	0.00933	0.01076	0.00861	0.00574	0.00431	0.00144	0.00718	0.00359	0.00287	0.00861
8	0.02551	0.01879	0.02014	0.01544	0.02081	0.02081	0.01275	0.69996	0.03155	0.04229	0.01611	0.01611	0.01141	0.00805	0.00671	0.00201	0.00738	0.00604	0.00671	0.01141
9	0.00799	0.00680	0.00688	0.00686	0.00910	0.00569	0.00515	0.00975	0.01544	0.01847	0.09353	0.06401	0.69384	0.01686	0.00793	0.00226	0.00339	0.01408	0.00628	0.00569
10	0.02566	0.01855	0.01999	0.01532	0.02069	0.02045	0.01266	0.67804	0.03114	0.06478	0.01645	0.01633	0.01158	0.00806	0.00671	0.00202	0.00733	0.00606	0.00676	0.01141
11	0.01468	0.01468	0.02055	0.01762	0.01762	0.02055	0.01468	0.01615	0.01028	0.01615	0.00881	0.01468	0.00881	0.01174	0.02202	0.00294	0.75191	0.00587	0.00294	0.00734
12	0.01468	0.01468	0.02055	0.01762	0.01762	0.02055	0.01468	0.01615	0.01028	0.01615	0.00881	0.01468	0.00881	0.01174	0.02202	0.00294	0.75191	0.00587	0.00294	0.00734
13	0.00904	0.00652	0.00872	0.01009	0.01099	0.00620	0.00758	0.01092	0.01408	0.01857	0.07232	0.47890	0.07842	0.01969	0.00871	0.00278	0.00453	0.21994	0.00627	0.00573
14	0.01267	0.01193	0.02013	0.74806	0.04621	0.01491	0.01863	0.01714	0.01342	0.01714	0.01193	0.01789	0.00894	0.00671	0.00671	0.00224	0.00894	0.00596	0.00298	0.00745
15	0.01053	0.00709	0.00930	0.00862	0.01038	0.00651	0.00651	0.01367	0.01900	0.06201	0.68408	0.04875	0.06097	0.01345	0.00786	0.00211	0.00329	0.01186	0.00743	0.00659
16	0.01346	0.03471	0.72942	0.01912	0.02904	0.01558	0.02479	0.02125	0.01417	0.02125	0.01204	0.01417	0.00850	0.00637	0.00637	0.00212	0.00992	0.00496	0.00283	0.00992
17	0.00818	0.00584	0.00779	0.00934	0.00973	0.00545	0.00623	0.00934	0.01285	0.01713	0.03698	0.75981	0.04438	0.02102	0.00856	0.00273	0.00389	0.01908	0.00623	0.00545
18	0.01544	0.04663	0.28545	0.05809	0.02898	0.01529	0.25737	0.02167	0.03802	0.06517	0.03720	0.01769	0.01193	0.00647	0.00686	0.00208	0.00928	0.00637	0.00374	0.06627
19	0.05391	0.01911	0.01852	0.05287	0.02107	0.12921	0.01237	0.39130	0.13159	0.07681	0.01712	0.01718	0.01242	0.00792	0.00653	0.00203	0.00768	0.00596	0.00604	0.01037
20	0.04852	0.01741	0.02329	0.10085	0.42829	0.09993	0.01748	0.08012	0.07631	0.02340	0.01372	0.01667	0.01102	0.00661	0.00651	0.00201	0.00816	0.00584	0.00393	0.00993
21	0.02276	0.07165	0.01994	0.01477	0.01971	0.04164	0.01214	0.46605	0.19865	0.03608	0.01824	0.01783	0.01338	0.00812	0.00655	0.00203	0.00699	0.00620	0.00637	0.01091
22	0.00966	0.00661	0.00777	0.00775	0.00804	0.00669	0.00470	0.01013	0.01043	0.01403	0.04926	0.04281	0.05000	0.62390	0.11554	0.00669	0.00762	0.00970	0.00422	0.00444
23	0.01563	0.01506	0.02634	0.27703	0.35159	0.01601	0.12271	0.05565	0.01560	0.02132	0.01272	0.01724	0.01003	0.00629	0.00686	0.00212	0.00878	0.00627	0.00340	0.00936
24	0.01699	0.24335	0.39001	0.01667	0.02450	0.03921	0.06078	0.02230	0.01479	0.09383	0.01282	0.01428	0.00949	0.00637	0.00590	0.00192	0.00883	0.00492	0.00347	0.00958
25	0.02440	0.01734	0.01912	0.01487	0.01971	0.01916	0.01221	0.58163	0.02848	0.08839	0.01679	0.01774	0.01226	0.03334	0.03203	0.00248	0.03648	0.00624	0.00649	0.01085
26	0.01421	0.01527	0.03119	0.09157	0.03070	0.01515	0.47190	0.01871	0.01472	0.01999	0.01690	0.13908	0.01556	0.00871	0.00893	0.00238	0.06364	0.00941	0.00379	0.00819
27	0.08342	0.37249	0.19957	0.01389	0.02023	0.09573	0.01447	0.04091	0.01506	0.07244	0.01158	0.01280	0.00916	0.00631	0.00523	0.00175	0.00810	0.00431	0.00354	0.00902
28	0.02506	0.03198	0.01901	0.01729	0.02074	0.73725	0.01296	0.02679	0.01901	0.01642	0.01037	0.01210	0.00864	0.00691	0.00605	0.00173	0.01210	0.00432	0.00346	0.00778
29	0.01386	0.01314	0.02227	0.53480	0.25020	0.01522	0.01923	0.01818	0.01398	0.01859	0.01214	0.01750	0.00945	0.00649	0.00669	0.00216	0.00865	0.00597	0.00308	0.00841
30	0.01640	0.01419	0.01562	0.01350	0.01549	0.10115	0.02841	0.14561	0.01576	0.04326	0.01576	0.02435	0.01486	0.20529	0.14411	0.00483	0.16283	0.00700	0.00430	0.00729
31	0.00976	0.00834	0.03308	0.01140	0.01309	0.00860	0.03563	0.01233	0.01147	0.01622	0.02167	0.07335	0.05827	0.04352	0.59995	0.00920	0.01576	0.00829	0.00388	0.00618
32	0.00839	0.00670	0.00751	0.00756	0.00941	0.00582	0.00557	0.01043	0.01601	0.02042	0.24305	0.14464	0.45767	0.01658	0.00800	0.00228	0.00339	0.01420	0.00655	0.00582
33	0.01815	0.64120	0.07850	0.01243	0.01826	0.05801	0.01242	0.04026	0.03683	0.01732	0.01032	0.01166	0.00907	0.00601	0.00467	0.00154	0.00753	0.00391	0.00313	0.00880
34	0.01502	0.01672	0.08135	0.22174	0.20342	0.03875	0.19797	0.03813	0.01522	0.02036	0.01556	0.01964	0.04733	0.00730	0.00761	0.02583	0.00908	0.00678	0.00345	0.00874
35	0.01065	0.00783	0.01040	0.01159	0.01306	0.00792	0.00952	0.01468	0.07649	0.02034	0.06167	0.23495	0.03936	0.01811	0.00883	0.00289	0.00543	0.43358	0.00629	0.00640
36	0.03010	0.01142	0.01557	0.01194	0.01713	0.00986	0.00986	0.03270	0.01920	0.72698	0.02647	0.02284	0.01661	0.00830	0.00675	0.00208	0.00571	0.00675	0.00830	0.01142
37	0.01419	0.02956	0.51578	0.02196	0.03091	0.01601	0.23327	0.02132	0.01468	0.02132	0.01252	0.01538	0.00902	0.00615	0.00685	0.00217	0.01035	0.00588	0.00301	0.00965
38	0.04385	0.01985	0.02131	0.16503	0.21531	0.24025	0.01609	0.04400	0.01595	0.03945	0.01169	0.01518	0.00954	0.00731	0.00842	0.00209	0.10712	0.00540	0.00353	0.00864
39	0.00818	0.00584	0.00779	0.00934	0.00973	0.00545	0.00623	0.00934	0.01285	0.01713	0.03698	0.75981	0.04438	0.02102	0.00856	0.00273	0.00389	0.01908	0.00623	0.00545
