[name]
unknown

[dist]
# distance from previous block
# <min> <max>
0	4

[block]
# block no. 0 follows, 32 sequences, length 36
# corresponding to MSA columns:
# 4-39
name=unknown_A
#
# <colnr> <probs for GDERKNQSTAVLIFYWHMCP>
#	G	D	E	R	K	N	Q	S	T	A	V	L	I	F	Y	W	H	M	C	P
0	0.01635	0.01484	0.02494	0.03689	0.61718	0.01479	0.01911	0.02019	0.01542	0.04377	0.01574	0.02373	0.01410	0.00752	0.00695	0.00212	0.00769	0.08472	0.00381	0.01013
1	0.01881	0.01561	0.02537	0.03597	0.59089	0.01557	0.01879	0.06921	0.01687	0.10602	0.01449	0.01730	0.01138	0.00640	0.00666	0.00200	0.00767	0.00607	0.00414	0.01078
2	0.17719	0.01889	0.01797	0.01785	0.12278	0.16986	0.01239	0.18775	0.10169	0.08778	0.01525	0.01594	0.01141	0.00729	0.00608	0.00200	0.00766	0.00544	0.00516	0.00962
3	0.01706	0.01609	0.02688	0.03988	0.68687	0.01619	0.02020	0.05493	0.01610	0.02295	0.01280	0.01658	0.01067	0.00608	0.00665	0.00199	0.00794	0.00598	0.00349	0.01067
4	0.01661	0.01594	0.02724	0.04119	0.72233	0.01594	0.02059	0.02059	0.01528	0.02192	0.01262	0.01661	0.01063	0.00598	0.00664	0.00199	0.00797	0.00598	0.00332	0.01063
5	0.01830	0.73101	0.03434	0.01177	0.01740	0.06247	0.01156	0.02043	0.01391	0.01582	0.00938	0.01083	0.00861	0.00580	0.00439	0.00145	0.00742	0.00362	0.00290	0.00857
6	0.01661	0.01594	0.02724	0.04119	0.72233	0.01594	0.02059	0.02059	0.01528	0.02192	0.01262	0.01661	0.01063	0.00598	0.00664	0.00199	0.00797	0.00598	0.00332	0.01063
7	0.01455	0.21392	0.55980	0.01726	0.02615	0.01826	0.02154	0.02097	0.01404	0.01991	0.01138	0.01333	0.00853	0.00622	0.00587	0.00196	0.00925	0.00462	0.00284	0.00960
8	0.02957	0.01228	0.01611	0.01235	0.01756	0.01115	0.01020	0.11095	0.02065	0.64668	0.02526	0.02205	0.01600	0.00828	0.00674	0.00207	0.00591	0.00666	0.00812	0.01142
9	0.01661	0.01594	0.02724	0.04119	0.72233	0.01594	0.02059	0.02059	0.01528	0.02192	0.01262	0.01661	0.01063	0.00598	0.00664	0.00199	0.00797	0.00598	0.00332	0.01063
10	0.01661	0.01594	0.02724	0.04119	0.72233	0.01594	0.02059	0.02059	0.01528	0.02192	0.01262	0.01661	0.01063	0.00598	0.00664	0.00199	0.00797	0.00598	0.00332	0.01063
11	0.03010	0.01142	0.01557	0.01194	0.01713	0.00986	0.00986	0.03270	0.01920	0.72698	0.02647	0.02284	0.01661	0.00830	0.00675	0.00208	0.00571	0.00675	0.00830	0.01142
12	0.01267	0.01193	0.02013	0.74806	0.04621	0.01491	0.01863	0.01714	0.01342	0.01714	0.01193	0.01789	0.00894	0.00671	0.00671	0.00224	0.00894	0.00596	0.00298	0.00745
13	0.02749	0.01265	0.01600	0.01251	0.01748	0.01202	0.01025	0.13198	0.08594	0.53636	0.04748	0.02293	0.01771	0.00852	0.00679	0.00209	0.00584	0.00690	0.00790	0.01118
14	0.01426	0.03358	0.69497	0.01878	0.02847	0.01531	0.02407	0.02180	0.01441	0.05531	0.01274	0.01458	0.00889	0.00647	0.00639	0.00212	0.00971	0.00504	0.00310	0.00999
15	0.01844	0.01185	0.05201	0.01462	0.01861	0.00996	0.14762	0.02138	0.01597	0.29230	0.02701	0.29012	0.02505	0.01231	0.00763	0.00235	0.00638	0.01139	0.00630	0.00869
16	0.01661	0.01594	0.02724	0.04119	0.72233	0.01594	0.02059	0.02059	0.01528	0.02192	0.01262	0.01661	0.01063	0.00598	0.00664	0.00199	0.00797	0.00598	0.00332	0.01063
17	0.02249	0.02246	0.01764	0.01546	0.01902	0.38928	0.03807	0.11820	0.01964	0.10926	0.01797	0.12811	0.01624	0.00962	0.00676	0.00202	0.00922	0.02512	0.00500	0.00840
18	0.01648	0.01629	0.02921	0.03912	0.61233	0.01611	0.12901	0.02074	0.01537	0.02185	0.01277	0.01685	0.01056	0.00593	0.00685	0.00204	0.00851	0.00629	0.00333	0.01038
19	0.01661	0.01594	0.02724	0.04119	0.72233	0.01594	0.02059	0.02059	0.01528	0.02192	0.01262	0.01661	0.01063	0.00598	0.00664	0.00199	0.00797	0.00598	0.00332	0.01063
20	0.02573	0.02724	0.01881	0.01633	0.02033	0.52517	0.01256	0.14660	0.02125	0.10433	0.01328	0.01407	0.01007	0.00728	0.00625	0.00182	0.01052	0.00491	0.00460	0.00885
21	0.01416	0.01594	0.06906	0.02242	0.02770	0.01413	0.45607	0.04686	0.01564	0.02124	0.01954	0.20620	0.01883	0.00970	0.00795	0.00236	0.00919	0.01051	0.00422	0.00828
22	0.15073	0.03904	0.15094	0.01759	0.13097	0.01330	0.03399	0.05554	0.01585	0.16175	0.05203	0.11449	0.01773	0.00897	0.00648	0.00214	0.00671	0.00753	0.00508	0.00914
23	0.01661	0.01594	0.02724	0.04119	0.72233	0.01594	0.02059	0.02059	0.01528	0.02192	0.01262	0.01661	0.01063	0.00598	0.00664	0.00199	0.00797	0.00598	0.00332	0.01063
24	0.02751	0.01298	0.01972	0.01479	0.02025	0.01173	0.12019	0.07552	0.01949	0.56828	0.02371	0.02163	0.01523	0.00786	0.00693	0.00210	0.00672	0.00689	0.00741	0.01104
25	0.01838	0.08422	0.41579	0.01765	0.02568	0.01511	0.09251	0.02415	0.01561	0.20369	0.01573	0.01657	0.01079	0.00675	0.00648	0.00207	0.00876	0.00563	0.00431	0.01011
26	0.01634	0.01710	0.08163	0.02259	0.13603	0.03322	0.23567	0.14100	0.03844	0.02560	0.09964	0.06608	0.03829	0.00849	0.00734	0.00216	0.00820	0.00826	0.00474	0.00918
27	0.01661	0.01594	0.02724	0.04119	0.72233	0.01594	0.02059	0.02059	0.01528	0.02192	0.01262	0.01661	0.01063	0.00598	0.00664	0.00199	0.00797	0.00598	0.00332	0.01063
28	0.01640	0.53694	0.08594	0.01237	0.01754	0.04342	0.03792	0.01886	0.01334	0.01611	0.01152	0.01604	0.01092	0.10172	0.03457	0.00250	0.00800	0.00478	0.00308	0.00805
29	0.01628	0.01600	0.02762	0.03683	0.56153	0.01664	0.08825	0.02011	0.01469	0.02113	0.01222	0.01651	0.01035	0.00669	0.00877	0.00214	0.10477	0.00616	0.00328	0.01004
30	0.01661	0.01594	0.02724	0.04119	0.72233	0.01594	0.02059	0.02059	0.01528	0.02192	0.01262	0.01661	0.01063	0.00598	0.00664	0.00199	0.00797	0.00598	0.00332	0.01063
31	0.01665	0.01709	0.02332	0.18635	0.42604	0.13059	0.01815	0.02022	0.01534	0.01975	0.01347	0.05766	0.01184	0.00712	0.00667	0.00204	0.00861	0.00644	0.00343	0.00921
32	0.02219	0.01476	0.02071	0.01933	0.13246	0.01492	0.08650	0.21797	0.07284	0.22556	0.04286	0.04462	0.01678	0.00850	0.00702	0.00213	0.00700	0.02712	0.00626	0.01047
33	0.01861	0.01864	0.02484	0.03324	0.49199	0.15247	0.04405	0.04264	0.01655	0.04511	0.01368	0.04255	0.01167	0.00682	0.00665	0.00198	0.00864	0.00623	0.00373	0.00989
34	0.01661	0.01594	0.02724	0.04119	0.72233	0.01594	0.02059	0.02059	0.01528	0.02192	0.01262	0.01661	0.01063	0.00598	0.00664	0.00199	0.00797	0.00598	0.00332	0.01063
35	0.01374	0.01043	0.01096	0.01074	0.01258	0.06965	0.00782	0.10819	0.01643	0.07007	0.03238	0.39288	0.09236	0.08302	0.01022	0.00281	0.00546	0.03741	0.00601	0.00681

[dist]
# distance from previous block
# <min> <max>
2	6

[block]
# block no. 1 follows, 32 sequences, length 33
# corresponding to MSA columns:
# 46-78
name=unknown_B
#
# <colnr> <probs for GDERKNQSTAVLIFYWHMCP>
#	G	D	E	R	K	N	Q	S	T	A	V	L	I	F	Y	W	H	M	C	P
0	0.01747	0.59466	0.16335	0.01320	0.01960	0.06049	0.01403	0.02065	0.01401	0.01683	0.00989	0.01146	0.00859	0.00592	0.00478	0.00158	0.00793	0.00388	0.00289	0.00881
1	0.01525	0.36182	0.38114	0.01520	0.02283	0.02003	0.01795	0.02024	0.01399	0.01869	0.01291	0.01553	0.02832	0.00668	0.00556	0.00184	0.00842	0.02143	0.00302	0.00912
2	0.01871	0.55153	0.11508	0.01307	0.01925	0.02425	0.01328	0.13773	0.01679	0.02102	0.01082	0.01209	0.00908	0.00622	0.00497	0.00162	0.00754	0.00417	0.00353	0.00925
3	0.01794	0.76823	0.03516	0.01148	0.01722	0.02655	0.01148	0.02009	0.01363	0.01579	0.00933	0.01076	0.00861	0.00574	0.00431	0.00144	0.00718	0.00359	0.00287	0.00861
4	0.04137	0.00901	0.01453	0.01339	0.01560	0.00868	0.12729	0.01387	0.01522	0.02105	0.15282	0.26062	0.03860	0.01571	0.00839	0.00263	0.00582	0.22302	0.00585	0.00653
5	0.01869	0.71013	0.03377	0.01172	0.01735	0.05314	0.01147	0.02085	0.01406	0.04388	0.01004	0.01129	0.00893	0.00589	0.00447	0.00147	0.00731	0.00374	0.00311	0.00869
6	0.00805	0.00656	0.00712	0.00749	0.00927	0.00564	0.00543	0.00967	0.01482	0.01820	0.08415	0.23743	0.52711	0.01788	0.00809	0.00237	0.00351	0.01531	0.00627	0.00564
7	0.01557	0.37965	0.40294	0.01553	0.02348	0.02074	0.01853	0.02071	0.01392	0.01868	0.01077	0.01257	0.00855	0.00608	0.00540	0.00180	0.00863	0.00431	0.00285	0.00930
8	0.01424	0.05979	0.56051	0.01847	0.02715	0.01625	0.05620	0.02337	0.11813	0.02206	0.01429	0.01585	0.01038	0.00672	0.00644	0.00213	0.00919	0.00545	0.00346	0.00993
9	0.00891	0.00687	0.00819	0.00812	0.00994	0.00614	0.00619	0.01140	0.01696	0.02240	0.37181	0.08506	0.32839	0.01572	0.00806	0.00228	0.00353	0.06726	0.00677	0.00601
10	0.00818	0.00584	0.00779	0.00934	0.00973	0.00545	0.00623	0.00934	0.01285	0.01713	0.03698	0.75981	0.04438	0.02102	0.00856	0.00273	0.00389	0.01908	0.00623	0.00545
11	0.02579	0.01708	0.13729	0.01453	0.02062	0.01331	0.04208	0.16347	0.02068	0.44203	0.02144	0.01984	0.01394	0.00782	0.00673	0.00208	0.00699	0.00636	0.00686	0.01106
12	0.02504	0.02751	0.02000	0.01714	0.02122	0.52447	0.04738	0.14329	0.02103	0.07243	0.01269	0.01387	0.00977	0.00715	0.00631	0.00183	0.01078	0.00498	0.00437	0.00873
13	0.00973	0.00663	0.00793	0.00793	0.00814	0.00684	0.00483	0.01015	0.00994	0.01346	0.02058	0.04083	0.02306	0.63872	0.15779	0.00726	0.00852	0.00931	0.00398	0.00440
14	0.01670	0.01546	0.02458	0.12545	0.51569	0.01621	0.01876	0.06616	0.09081	0.02331	0.01434	0.01764	0.01153	0.00654	0.00668	0.00206	0.00777	0.00615	0.00388	0.01028
15	0.01458	0.01413	0.04109	0.14201	0.47550	0.01404	0.01811	0.01834	0.01468	0.02049	0.01676	0.11050	0.01600	0.00864	0.00703	0.00218	0.00757	0.04534	0.00377	0.00925
16	0.01449	0.02809	0.46772	0.02480	0.15009	0.01593	0.16102	0.02119	0.01470	0.02142	0.01245	0.01539	0.00921	0.00616	0.00674	0.00213	0.00986	0.00574	0.00303	0.00986
17	0.01584	0.01810	0.03959	0.02828	0.03507	0.01697	0.69796	0.02149	0.01584	0.02149	0.01357	0.01810	0.01018	0.00566	0.00792	0.00226	0.01131	0.00792	0.00339	0.00905
18	0.01427	0.08055	0.48347	0.01632	0.02405	0.01503	0.01933	0.02186	0.08919	0.05439	0.01916	0.05876	0.05856	0.00819	0.00651	0.00213	0.00828	0.00658	0.00393	0.00945
19	0.01650	0.04915	0.21004	0.02344	0.09556	0.10197	0.28285	0.02154	0.01558	0.04606	0.01456	0.06475	0.01203	0.00713	0.00705	0.00213	0.00989	0.00708	0.00360	0.00911
20	0.00947	0.00645	0.00771	0.00798	0.00815	0.00649	0.00482	0.00988	0.01038	0.01395	0.02360	0.16608	0.02717	0.57224	0.09231	0.00623	0.00707	0.01114	0.00440	0.00448
21	0.01370	0.03241	0.64079	0.01972	0.02887	0.01595	0.07367	0.02099	0.01408	0.02099	0.01198	0.01448	0.00864	0.00661	0.00733	0.00218	0.04979	0.00522	0.00288	0.00971
22	0.01664	0.01823	0.13190	0.05519	0.31546	0.01639	0.09458	0.02078	0.01442	0.07928	0.01300	0.01658	0.01033	0.00739	0.00985	0.00225	0.15842	0.00608	0.00358	0.00963
23	0.00864	0.00683	0.00778	0.00754	0.00950	0.00597	0.00566	0.01101	0.01698	0.02212	0.36376	0.05801	0.42133	0.01550	0.00792	0.00220	0.00329	0.01324	0.00676	0.00597
24	0.01908	0.14909	0.01870	0.01325	0.01681	0.27025	0.01058	0.08309	0.07086	0.04558	0.19097	0.04178	0.02465	0.00908	0.00642	0.00188	0.00766	0.00700	0.00512	0.00816
25	0.00887	0.00683	0.00810	0.00778	0.00964	0.00606	0.00584	0.01145	0.01751	0.02339	0.45797	0.05591	0.32633	0.01503	0.00792	0.00217	0.00326	0.01295	0.00692	0.00606
26	0.01543	0.07067	0.43959	0.01657	0.02414	0.01619	0.01897	0.07284	0.15346	0.04174	0.05344	0.01840	0.01423	0.00744	0.00646	0.00210	0.00819	0.00590	0.00429	0.00993
27	0.02150	0.01702	0.01615	0.01355	0.01756	0.15344	0.01065	0.22964	0.09490	0.13946	0.08081	0.09356	0.02035	0.00959	0.00680	0.00202	0.00697	0.00769	0.00621	0.05214
28	0.00917	0.00679	0.00855	0.00822	0.00985	0.00617	0.00612	0.01198	0.01804	0.02493	0.57439	0.09244	0.16914	0.01466	0.00795	0.00217	0.00324	0.01286	0.00713	0.00617
29	0.01624	0.17761	0.37372	0.01580	0.02328	0.06925	0.01777	0.08509	0.01621	0.02207	0.03791	0.01482	0.01098	0.00658	0.00588	0.00183	0.00854	0.00491	0.00354	0.08797
30	0.01474	0.01423	0.02450	0.35197	0.35487	0.01574	0.05762	0.01893	0.01427	0.01954	0.01221	0.01718	0.00978	0.00653	0.00739	0.00216	0.04009	0.00608	0.00316	0.00900
31	0.05847	0.01158	0.01329	0.00980	0.01531	0.00907	0.00779	0.01662	0.01390	0.02231	0.03603	0.04359	0.01287	0.00595	0.00516	0.00116	0.00488	0.00480	0.00418	0.70323
32	0.09365	0.03553	0.01987	0.01540	0.01994	0.04292	0.05064	0.38592	0.11737	0.05371	0.01610	0.01675	0.01193	0.00817	0.00798	0.00214	0.07996	0.00603	0.00579	0.01021

[dist]
# distance from previous block
# <min> <max>
0	5

[block]
# block no. 2 follows, 32 sequences, length 10
# corresponding to MSA columns:
# 84-93
name=unknown_C
#
# <colnr> <probs for GDERKNQSTAVLIFYWHMCP>
#	G	D	E	R	K	N	Q	S	T	A	V	L	I	F	Y	W	H	M	C	P
0	0.01385	0.01268	0.02136	0.07405	0.15389	0.01191	0.18646	0.01772	0.01498	0.02176	0.04632	0.02381	0.08195	0.00741	0.00652	0.00185	0.00694	0.00716	0.12938	0.16001
1	0.01267	0.01193	0.02013	0.74806	0.04621	0.01491	0.01863	0.01714	0.01342	0.01714	0.01193	0.01789	0.00894	0.00671	0.00671	0.00224	0.00894	0.00596	0.00298	0.00745
2	0.01485	0.01281	0.01254	0.01147	0.01427	0.08899	0.00886	0.15474	0.10693	0.02520	0.12520	0.14601	0.18396	0.01337	0.00752	0.00226	0.00559	0.05142	0.00625	0.00777
3	0.02348	0.02786	0.01938	0.01714	0.02026	0.54861	0.01321	0.09647	0.01897	0.01912	0.01073	0.01293	0.00896	0.00779	0.00863	0.00195	0.12794	0.00475	0.00372	0.00809
4	0.07105	0.01363	0.01515	0.01140	0.01678	0.01269	0.00926	0.21491	0.01924	0.08191	0.01460	0.01562	0.01108	0.00635	0.00554	0.00147	0.00564	0.00488	0.04785	0.42096
5	0.01587	0.01009	0.01081	0.00959	0.01216	0.01065	0.00744	0.22731	0.01931	0.02914	0.02247	0.13780	0.01967	0.00997	0.00593	0.00189	0.00457	0.00820	0.42942	0.00773
6	0.00982	0.00723	0.00954	0.01079	0.01228	0.00695	0.00895	0.01232	0.01498	0.01921	0.04196	0.18858	0.16940	0.01866	0.00889	0.00287	0.00526	0.44015	0.00620	0.00596
7	0.00882	0.00674	0.00754	0.00739	0.00891	0.00606	0.00520	0.01052	0.01499	0.01937	0.24155	0.05541	0.36307	0.19872	0.01434	0.00326	0.00409	0.01251	0.00603	0.00546
8	0.05061	0.01365	0.03847	0.01257	0.01726	0.01312	0.01050	0.16741	0.12943	0.34661	0.08366	0.02356	0.01966	0.00870	0.00669	0.00208	0.00581	0.00702	0.03268	0.01049
9	0.02498	0.02860	0.01881	0.01664	0.02043	0.58338	0.01268	0.10799	0.05204	0.05455	0.01261	0.01369	0.00990	0.00722	0.00620	0.00180	0.01092	0.00479	0.00424	0.00852

[dist]
# distance from previous block
# <min> <max>
0	5

[block]
# block no. 3 follows, 32 sequences, length 15
# corresponding to MSA columns:
# 99-113
name=unknown_D
#
# <colnr> <probs for GDERKNQSTAVLIFYWHMCP>
#	G	D	E	R	K	N	Q	S	T	A	V	L	I	F	Y	W	H	M	C	P
0	0.01610	0.01479	0.02118	0.04143	0.06767	0.01922	0.03957	0.04495	0.04286	0.05530	0.01135	0.01597	0.01001	0.01053	0.01793	0.00272	0.55061	0.00608	0.00358	0.00815
1	0.42227	0.01825	0.01497	0.01417	0.06492	0.16913	0.01047	0.13729	0.04731	0.02862	0.01172	0.01305	0.00907	0.00679	0.00528	0.00199	0.00722	0.00452	0.00450	0.00846
2	0.07202	0.01598	0.02544	0.03679	0.61441	0.01629	0.01902	0.07781	0.01638	0.02420	0.01269	0.01617	0.01046	0.00617	0.00648	0.00200	0.00773	0.00582	0.00366	0.01046
3	0.01638	0.01567	0.02262	0.24466	0.30862	0.06212	0.01761	0.07632	0.01575	0.02126	0.01214	0.01633	0.00984	0.00696	0.00810	0.00209	0.08367	0.00576	0.00351	0.05059
4	0.01346	0.03471	0.72942	0.01912	0.02904	0.01558	0.02479	0.02125	0.01417	0.02125	0.01204	0.01417	0.00850	0.00637	0.00637	0.00212	0.00992	0.00496	0.00283	0.00992
5	0.00816	0.00589	0.00773	0.00920	0.00970	0.00546	0.00617	0.00936	0.01298	0.01718	0.03868	0.72182	0.08128	0.02080	0.00853	0.00270	0.00387	0.01881	0.00623	0.00546
6	0.00859	0.00653	0.00768	0.00834	0.00959	0.00593	0.00597	0.01009	0.01393	0.01768	0.07294	0.29810	0.31142	0.11161	0.01155	0.00303	0.00422	0.08134	0.00600	0.00547
7	0.00883	0.00657	0.00833	0.00928	0.01048	0.00607	0.00693	0.01075	0.01469	0.01916	0.12759	0.37588	0.19677	0.01871	0.00849	0.00262	0.00416	0.15257	0.00636	0.00576
8	0.00976	0.00651	0.00732	0.00732	0.00732	0.00651	0.00407	0.00976	0.00976	0.01301	0.02114	0.04391	0.02439	0.76419	0.03415	0.00651	0.00651	0.00976	0.00407	0.00407
9	0.74398	0.01243	0.00965	0.00870	0.01250	0.01433	0.00700	0.01888	0.01128	0.02866	0.01034	0.01368	0.00871	0.07013	0.00668	0.00245	0.00530	0.00415	0.00415	0.00700
10	0.81159	0.01298	0.00986	0.00882	0.01298	0.01505	0.00727	0.01972	0.01142	0.03010	0.00934	0.01090	0.00727	0.00623	0.00415	0.00208	0.00519	0.00363	0.00415	0.00727
11	0.01346	0.03471	0.72942	0.01912	0.02904	0.01558	0.02479	0.02125	0.01417	0.02125	0.01204	0.01417	0.00850	0.00637	0.00637	0.00212	0.00992	0.00496	0.00283	0.00992
12	0.01586	0.01456	0.01509	0.05138	0.01654	0.13014	0.01048	0.12921	0.01536	0.01972	0.01523	0.02404	0.01456	0.19993	0.15969	0.00496	0.14531	0.00685	0.00405	0.00704
13	0.01669	0.01441	0.01517	0.01365	0.01745	0.01669	0.01062	0.03565	0.71021	0.02807	0.02731	0.02503	0.02048	0.00910	0.00683	0.00228	0.00531	0.00759	0.00683	0.01062
14	0.02235	0.19840	0.02241	0.01479	0.01929	0.29633	0.01212	0.21473	0.06494	0.02436	0.01497	0.01569	0.03669	0.00748	0.00595	0.00179	0.00887	0.00521	0.00455	0.00910

[dist]
# distance from previous block
# <min> <max>
1	4

[block]
# block no. 4 follows, 32 sequences, length 79
# corresponding to MSA columns:
# 118-196
name=unknown_E
#
# <colnr> <probs for GDERKNQSTAVLIFYWHMCP>
#	G	D	E	R	K	N	Q	S	T	A	V	L	I	F	Y	W	H	M	C	P
0	0.01481	0.01099	0.01270	0.01203	0.01484	0.01176	0.00950	0.07341	0.28713	0.07172	0.07462	0.15502	0.06790	0.01342	0.00769	0.00246	0.00519	0.13959	0.00670	0.00851
1	0.01807	0.01411	0.01521	0.01348	0.01742	0.01599	0.01054	0.03535	0.63913	0.09997	0.02722	0.02481	0.02008	0.00902	0.00682	0.00226	0.00535	0.00750	0.00698	0.01070
2	0.01717	0.01630	0.02110	0.01918	0.07693	0.06653	0.06286	0.06693	0.15567	0.04151	0.01431	0.01734	0.01181	0.00964	0.01416	0.00251	0.36670	0.00631	0.00423	0.00881
3	0.00976	0.00651	0.00732	0.00732	0.00732	0.00651	0.00407	0.00976	0.00976	0.01301	0.02114	0.04391	0.02439	0.76419	0.03415	0.00651	0.00651	0.00976	0.00407	0.00407
4	0.01016	0.00790	0.01137	0.01105	0.01196	0.00944	0.00848	0.01213	0.01059	0.01529	0.01741	0.02748	0.01695	0.14297	0.56509	0.00936	0.09551	0.00740	0.00359	0.00588
5	0.02506	0.03198	0.01901	0.01729	0.02074	0.73725	0.01296	0.02679	0.01901	0.01642	0.01037	0.01210	0.00864	0.00691	0.00605	0.00173	0.01210	0.00432	0.00346	0.00778
6	0.01674	0.57116	0.22168	0.01353	0.02040	0.02360	0.01506	0.02040	0.01378	0.01725	0.01006	0.01168	0.00858	0.00591	0.00486	0.00162	0.00791	0.00396	0.00286	0.00896
7	0.00844	0.00603	0.00809	0.00965	0.01015	0.00568	0.00669	0.00980	0.01311	0.01743	0.03684	0.69082	0.04380	0.02077	0.00864	0.00276	0.00412	0.08544	0.00622	0.00552
8	0.01044	0.00828	0.00996	0.00973	0.01046	0.03463	0.00688	0.01169	0.01143	0.01544	0.05878	0.08160	0.06099	0.32879	0.24622	0.00668	0.06898	0.00940	0.00423	0.00535
9	0.01680	0.01328	0.01443	0.01237	0.01598	0.01455	0.00977	0.21745	0.29934	0.03093	0.18023	0.03173	0.09296	0.01056	0.00714	0.00216	0.00525	0.00876	0.00686	0.00944
10	0.00962	0.00706	0.01012	0.01012	0.01109	0.00803	0.00756	0.01156	0.01059	0.01508	0.01858	0.02972	0.01823	0.18713	0.60279	0.00996	0.01578	0.00768	0.00368	0.00562
11	0.02324	0.01957	0.01874	0.01526	0.01996	0.12171	0.01225	0.43805	0.19949	0.03505	0.01809	0.01777	0.01329	0.00815	0.00665	0.00204	0.00754	0.00618	0.00628	0.01070
12	0.01115	0.00928	0.01129	0.01058	0.04507	0.00758	0.00745	0.01338	0.01393	0.01972	0.03045	0.24746	0.15933	0.01218	0.00670	0.00181	0.00448	0.01059	0.00506	0.37253
13	0.01729	0.47000	0.13544	0.01843	0.13252	0.05533	0.04846	0.02072	0.01433	0.01788	0.01051	0.01262	0.00899	0.00592	0.00524	0.00168	0.00813	0.00442	0.00299	0.00911
14	0.02360	0.02630	0.01851	0.01627	0.02015	0.47209	0.01249	0.15231	0.14921	0.02334	0.01456	0.01523	0.01134	0.00753	0.00632	0.00188	0.00998	0.00524	0.00468	0.00897
15	0.08373	0.31043	0.04464	0.01451	0.01928	0.32311	0.03476	0.02369	0.01613	0.05848	0.01097	0.01237	0.00903	0.00644	0.00535	0.00169	0.00922	0.00426	0.00355	0.00837
16	0.01816	0.01730	0.03180	0.02331	0.02932	0.01709	0.45695	0.15309	0.08306	0.05506	0.01646	0.03755	0.01251	0.00694	0.00755	0.00222	0.00958	0.00777	0.00462	0.00965
17	0.01166	0.00583	0.00874	0.00874	0.00874	0.00583	0.00583	0.00874	0.00874	0.01166	0.01166	0.02040	0.01166	0.02331	0.02622	0.80478	0.00583	0.00583	0.00291	0.00291
18	0.01558	0.01489	0.02538	0.22565	0.54589	0.01567	0.02008	0.01969	0.01479	0.02067	0.01244	0.01694	0.01019	0.00617	0.00666	0.00206	0.00823	0.00597	0.00323	0.00980
19	0.01549	0.01481	0.02522	0.24110	0.53112	0.01565	0.02004	0.01962	0.01475	0.02057	0.01242	0.01697	0.01015	0.00618	0.00666	0.00206	0.00825	0.00597	0.00323	0.00973
20	0.00887	0.00695	0.00869	0.00867	0.01026	0.00696	0.00653	0.01081	0.01302	0.01696	0.06899	0.04543	0.32682	0.09000	0.33329	0.00636	0.01009	0.01064	0.00494	0.00571
21	0.06200	0.01345	0.01424	0.01273	0.01627	0.01525	0.00992	0.08609	0.50309	0.02882	0.11037	0.05384	0.02510	0.00986	0.00686	0.00224	0.00516	0.00821	0.00671	0.00978
22	0.02551	0.01879	0.02014	0.01544	0.02081	0.02081	0.01275	0.69996	0.03155	0.04229	0.01611	0.01611	0.01141	0.00805	0.00671	0.00201	0.00738	0.00604	0.00671	0.01141
23	0.01597	0.01772	0.03745	0.03052	0.15448	0.01679	0.58027	0.02134	0.01574	0.02157	0.01341	0.01784	0.01026	0.00571	0.00770	0.00222	0.01073	0.00758	0.00338	0.00932
24	0.02506	0.03198	0.01901	0.01729	0.02074	0.73725	0.01296	0.02679	0.01901	0.01642	0.01037	0.01210	0.00864	0.00691	0.00605	0.00173	0.01210	0.00432	0.00346	0.00778
25	0.02721	0.01606	0.01844	0.01414	0.01944	0.01675	0.01168	0.45267	0.02697	0.29604	0.01995	0.01860	0.01334	0.00815	0.00673	0.00204	0.00676	0.00630	0.00730	0.01141
26	0.01391	0.01193	0.01391	0.00994	0.01590	0.00894	0.00795	0.01690	0.01391	0.02186	0.01193	0.01391	0.00994	0.00497	0.00497	0.00099	0.00497	0.00398	0.00398	0.80521
27	0.01039	0.00742	0.01033	0.01188	0.01324	0.00736	0.01008	0.01317	0.01503	0.01961	0.03576	0.18486	0.03954	0.01893	0.00916	0.00303	0.00581	0.57215	0.00619	0.00606
28	0.01391	0.01193	0.01391	0.00994	0.01590	0.00894	0.00795	0.01690	0.01391	0.02186	0.01193	0.01391	0.00994	0.00497	0.00497	0.00099	0.00497	0.00398	0.00398	0.80521
29	0.01267	0.01193	0.02013	0.74806	0.04621	0.01491	0.01863	0.01714	0.01342	0.01714	0.01193	0.01789	0.00894	0.00671	0.00671	0.00224	0.00894	0.00596	0.00298	0.00745
30	0.02551	0.01879	0.02014	0.01544	0.02081	0.02081	0.01275	0.69996	0.03155	0.04229	0.01611	0.01611	0.01141	0.00805	0.00671	0.00201	0.00738	0.00604	0.00671	0.01141
31	0.02551	0.01879	0.02014	0.01544	0.02081	0.02081	0.01275	0.69996	0.03155	0.04229	0.01611	0.01611	0.01141	0.00805	0.00671	0.00201	0.00738	0.00604	0.00671	0.01141
32	0.05898	0.01173	0.01551	0.01194	0.01710	0.01042	0.00986	0.05467	0.01933	0.67805	0.02549	0.02217	0.01609	0.00822	0.00665	0.00207	0.00575	0.00661	0.00810	0.01126
33	0.02949	0.01156	0.01555	0.01202	0.01714	0.01017	0.00990	0.03284	0.05086	0.69496	0.02651	0.02294	0.01679	0.00834	0.00675	0.00209	0.00569	0.00679	0.00824	0.01138
34	0.01258	0.00779	0.01032	0.01056	0.01256	0.00739	0.00876	0.01542	0.01642	0.10472	0.18507	0.05987	0.10068	0.03792	0.00911	0.00272	0.00510	0.34685	0.03942	0.00672
35	0.04908	0.01034	0.01350	0.01074	0.01508	0.00917	0.00874	0.02790	0.01825	0.54364	0.08680	0.02649	0.04410	0.00895	0.00658	0.00203	0.00511	0.00732	0.09610	0.01009
36	0.08407	0.01227	0.01456	0.01172	0.01596	0.01227	0.00952	0.18517	0.04076	0.32369	0.13272	0.02496	0.02225	0.01034	0.03081	0.00234	0.00594	0.00722	0.04360	0.00985
37	0.01468	0.01468	0.02055	0.01762	0.01762	0.02055	0.01468	0.01615	0.01028	0.01615	0.00881	0.01468	0.00881	0.01174	0.02202	0.00294	0.75191	0.00587	0.00294	0.00734
38	0.01537	0.01303	0.01590	0.01148	0.01741	0.01073	0.04219	0.09722	0.01608	0.02424	0.01250	0.01438	0.01012	0.00536	0.00532	0.00118	0.00556	0.00441	0.00427	0.67326
39	0.02470	0.01839	0.01968	0.01527	0.02050	0.02043	0.01256	0.63903	0.09379	0.04098	0.01714	0.01693	0.01224	0.00815	0.00672	0.00204	0.00719	0.00618	0.00672	0.01134
40	0.81159	0.01298	0.00986	0.00882	0.01298	0.01505	0.00727	0.01972	0.01142	0.03010	0.00934	0.01090	0.00727	0.00623	0.00415	0.00208	0.00519	0.00363	0.00415	0.00727
41	0.00866	0.00683	0.00781	0.00757	0.00951	0.00598	0.00568	0.01105	0.01703	0.02224	0.37272	0.05781	0.41230	0.01546	0.00792	0.00219	0.00329	0.01321	0.00677	0.00598
42	0.02698	0.01105	0.01474	0.01166	0.01638	0.00979	0.00957	0.03039	0.05266	0.60920	0.06474	0.02747	0.04545	0.00925	0.00693	0.00212	0.00549	0.02732	0.00805	0.01075
43	0.00815	0.00595	0.00768	0.00906	0.00966	0.00547	0.00610	0.00937	0.01312	0.01724	0.04045	0.68200	0.11995	0.02057	0.00849	0.00267	0.00384	0.01853	0.00623	0.00547
44	0.00826	0.00610	0.00753	0.00862	0.00938	0.00559	0.00580	0.00944	0.01310	0.01699	0.04225	0.54929	0.18717	0.08423	0.01063	0.00295	0.00401	0.01722	0.00604	0.00538
45	0.01478	0.01485	0.01986	0.01710	0.01722	0.04356	0.01411	0.01619	0.01054	0.01600	0.00946	0.01602	0.00956	0.04831	0.02208	0.00307	0.69107	0.00601	0.00301	0.00719
46	0.81159	0.01298	0.00986	0.00882	0.01298	0.01505	0.00727	0.01972	0.01142	0.03010	0.00934	0.01090	0.00727	0.00623	0.00415	0.00208	0.00519	0.00363	0.00415	0.00727
47	0.81159	0.01298	0.00986	0.00882	0.01298	0.01505	0.00727	0.01972	0.01142	0.03010	0.00934	0.01090	0.00727	0.00623	0.00415	0.00208	0.00519	0.00363	0.00415	0.00727
48	0.01346	0.03471	0.72942	0.01912	0.02904	0.01558	0.02479	0.02125	0.01417	0.02125	0.01204	0.01417	0.00850	0.00637	0.00637	0.00212	0.00992	0.00496	0.00283	0.00992
49	0.00976	0.00651	0.00732	0.00732	0.00732	0.00651	0.00407	0.00976	0.00976	0.01301	0.02114	0.04391	0.02439	0.76419	0.03415	0.00651	0.00651	0.00976	0.00407	0.00407
50	0.02551	0.01879	0.02014	0.01544	0.02081	0.02081	0.01275	0.69996	0.03155	0.04229	0.01611	0.01611	0.01141	0.00805	0.00671	0.00201	0.00738	0.00604	0.00671	0.01141
51	0.02551	0.01879	0.02014	0.01544	0.02081	0.02081	0.01275	0.69996	0.03155	0.04229	0.01611	0.01611	0.01141	0.00805	0.00671	0.00201	0.00738	0.00604	0.00671	0.01141
52	0.01391	0.01193	0.01391	0.00994	0.01590	0.00894	0.00795	0.01690	0.01391	0.02186	0.01193	0.01391	0.00994	0.00497	0.00497	0.00099	0.00497	0.00398	0.00398	0.80521
53	0.01648	0.01582	0.02701	0.06358	0.70091	0.01591	0.02053	0.02048	0.01522	0.02177	0.01260	0.01665	0.01058	0.00600	0.00664	0.00200	0.00800	0.00598	0.00331	0.01053
54	0.01584	0.01810	0.03959	0.02828	0.03507	0.01697	0.69796	0.02149	0.01584	0.02149	0.01357	0.01810	0.01018	0.00566	0.00792	0.00226	0.01131	0.00792	0.00339	0.00905
55	0.02520	0.02796	0.01936	0.01672	0.02076	0.51874	0.01290	0.23211	0.02284	0.02431	0.01212	0.01332	0.00949	0.00726	0.00625	0.00182	0.01066	0.00485	0.00445	0.00889
56	0.01668	0.01466	0.01710	0.01805	0.12994	0.01657	0.01221	0.03325	0.59931	0.02709	0.02497	0.02369	0.01891	0.00860	0.00680	0.00223	0.00573	0.00733	0.00627	0.01062
57	0.00976	0.00651	0.00732	0.00732	0.00732	0.00651	0.00407	0.00976	0.00976	0.01301	0.02114	0.04391	0.02439	0.76419	0.03415	0.00651	0.00651	0.00976	0.00407	0.00407
58	0.00959	0.00719	0.01078	0.01078	0.01198	0.00839	0.00839	0.01198	0.01078	0.01558	0.01797	0.02636	0.01677	0.05032	0.73760	0.01078	0.01797	0.00719	0.00359	0.00599
59	0.01468	0.01468	0.02055	0.01762	0.01762	0.02055	0.01468	0.01615	0.01028	0.01615	0.00881	0.01468	0.00881	0.01174	0.02202	0.00294	0.75191	0.00587	0.00294	0.00734
60	0.00959	0.00719	0.01078	0.01078	0.01198	0.00839	0.00839	0.01198	0.01078	0.01558	0.01797	0.02636	0.01677	0.05032	0.73760	0.01078	0.01797	0.00719	0.00359	0.00599
61	0.02546	0.02004	0.02003	0.01561	0.02080	0.08859	0.01277	0.63627	0.03036	0.03984	0.01557	0.01573	0.01115	0.00795	0.00665	0.00199	0.00783	0.00588	0.00640	0.01107
62	0.01794	0.76823	0.03516	0.01148	0.01722	0.02655	0.01148	0.02009	0.01363	0.01579	0.00933	0.01076	0.00861	0.00574	0.00431	0.00144	0.00718	0.00359	0.00287	0.00861
63	0.01815	0.01514	0.01599	0.01395	0.01800	0.01737	0.01097	0.14555	0.59794	0.03042	0.02546	0.02356	0.01898	0.00893	0.00681	0.00223	0.00565	0.00733	0.00681	0.01075
64	0.01166	0.00583	0.00874	0.00874	0.00874	0.00583	0.00583	0.00874	0.00874	0.01166	0.01166	0.02040	0.01166	0.02331	0.02622	0.80478	0.00583	0.00583	0.00291	0.00291
65	0.00819	0.00600	0.00770	0.00898	0.00966	0.00551	0.00609	0.00949	0.01337	0.01759	0.06438	0.64577	0.13214	0.02025	0.00846	0.00264	0.00380	0.01820	0.00627	0.00551
66	0.00873	0.00607	0.00762	0.00864	0.00889	0.00582	0.00548	0.00949	0.01177	0.01570	0.03147	0.51078	0.03743	0.27954	0.01747	0.00404	0.00480	0.01583	0.00548	0.00497
67	0.01775	0.73799	0.06378	0.01180	0.01771	0.02610	0.01203	0.02014	0.01366	0.01601	0.00944	0.01090	0.00861	0.00577	0.00439	0.00146	0.00729	0.00364	0.00287	0.00866
68	0.01371	0.00892	0.00848	0.00819	0.01019	0.04373	0.00618	0.01947	0.13580	0.02487	0.02277	0.04868	0.01825	0.00843	0.00526	0.00173	0.00397	0.00682	0.59748	0.00706
69	0.02285	0.08171	0.01988	0.01448	0.01903	0.06169	0.04283	0.21080	0.13762	0.21374	0.04290	0.01982	0.01542	0.00835	0.00760	0.00208	0.05626	0.00645	0.00623	0.01026
70	0.01710	0.01854	0.12965	0.01478	0.01965	0.04004	0.01312	0.08241	0.52645	0.02766	0.02350	0.02222	0.01751	0.00852	0.00672	0.00221	0.00642	0.00695	0.00607	0.01048
71	0.01561	0.01523	0.02442	0.25455	0.45364	0.04208	0.01941	0.01953	0.01458	0.01996	0.01213	0.01673	0.00995	0.00654	0.00745	0.00211	0.04758	0.00591	0.00320	0.00938
72	0.01396	0.03171	0.61736	0.02265	0.13968	0.01564	0.02412	0.02114	0.01434	0.02136	0.01213	0.01456	0.00884	0.00631	0.00642	0.00210	0.00961	0.00512	0.00291	0.01003
73	0.01135	0.00594	0.00851	0.00851	0.00851	0.00594	0.00555	0.00890	0.00890	0.01187	0.01317	0.02415	0.01369	0.14154	0.02749	0.67739	0.00594	0.00645	0.00310	0.00310
74	0.01833	0.01538	0.01585	0.01392	0.01791	0.04124	0.01091	0.10650	0.59294	0.05061	0.02551	0.02357	0.01899	0.00889	0.00679	0.00222	0.00577	0.00728	0.00675	0.01063
75	0.01661	0.01594	0.02724	0.04119	0.72233	0.01594	0.02059	0.02059	0.01528	0.02192	0.01262	0.01661	0.01063	0.00598	0.00664	0.00199	0.00797	0.00598	0.00332	0.01063
76	0.00841	0.00659	0.00764	0.00798	0.00959	0.00581	0.00583	0.01033	0.01544	0.01980	0.19784	0.24499	0.38171	0.01740	0.00813	0.00238	0.00356	0.03435	0.00648	0.00577
77	0.01491	0.27207	0.50476	0.01665	0.02522	0.01913	0.02048	0.02087	0.01399	0.01948	0.01116	0.01307	0.00854	0.00617	0.00571	0.00190	0.00903	0.00451	0.00285	0.00949
78	0.04209	0.01545	0.02791	0.02072	0.02559	0.03866	0.41211	0.06997	0.01579	0.04290	0.01729	0.02457	0.03676	0.16443	0.01307	0.00310	0.00941	0.00807	0.00405	0.00805

[dist]
# distance from previous block
# <min> <max>
0	3

[block]
# block no. 5 follows, 32 sequences, length 31
# corresponding to MSA columns:
# 200-230
name=unknown_F
#
# <colnr> <probs for GDERKNQSTAVLIFYWHMCP>
#	G	D	E	R	K	N	Q	S	T	A	V	L	I	F	Y	W	H	M	C	P
0	0.01761	0.12600	0.02770	0.03509	0.57693	0.01714	0.01862	0.02124	0.01527	0.06300	0.01296	0.01612	0.01069	0.00608	0.00631	0.00192	0.00772	0.00567	0.00355	0.01038
1	0.02217	0.02500	0.01907	0.01920	0.11241	0.45293	0.01318	0.12295	0.02010	0.02174	0.06460	0.04681	0.01479	0.00804	0.00647	0.00187	0.00987	0.00597	0.00432	0.00849
2	0.54888	0.01478	0.01364	0.01228	0.04969	0.01674	0.00948	0.21366	0.01734	0.03318	0.01143	0.01266	0.00861	0.00674	0.00500	0.00205	0.00595	0.00443	0.00484	0.00861
3	0.01391	0.01193	0.01391	0.00994	0.01590	0.00894	0.00795	0.01690	0.01391	0.02186	0.01193	0.01391	0.00994	0.00497	0.00497	0.00099	0.00497	0.00398	0.00398	0.80521
4	0.02259	0.01679	0.01825	0.01420	0.01910	0.01821	0.01162	0.55424	0.05100	0.03874	0.10159	0.02040	0.01792	0.00859	0.00676	0.00197	0.00666	0.00671	0.00663	0.05803
5	0.11363	0.01225	0.01529	0.01183	0.01696	0.01134	0.00976	0.08892	0.01925	0.56606	0.02318	0.02063	0.01490	0.00794	0.00640	0.00203	0.00577	0.00625	0.00756	0.04004
6	0.01267	0.01193	0.02013	0.74806	0.04621	0.01491	0.01863	0.01714	0.01342	0.01714	0.01193	0.01789	0.00894	0.00671	0.00671	0.00224	0.00894	0.00596	0.00298	0.00745
7	0.02551	0.01879	0.02014	0.01544	0.02081	0.02081	0.01275	0.69996	0.03155	0.04229	0.01611	0.01611	0.01141	0.00805	0.00671	0.00201	0.00738	0.00604	0.00671	0.01141
8	0.81159	0.01298	0.00986	0.00882	0.01298	0.01505	0.00727	0.01972	0.01142	0.03010	0.00934	0.01090	0.00727	0.00623	0.00415	0.00208	0.00519	0.00363	0.00415	0.00727
9	0.01468	0.01468	0.02055	0.01762	0.01762	0.02055	0.01468	0.01615	0.01028	0.01615	0.00881	0.01468	0.00881	0.01174	0.02202	0.00294	0.75191	0.00587	0.00294	0.00734
10	0.01267	0.01193	0.02013	0.74806	0.04621	0.01491	0.01863	0.01714	0.01342	0.01714	0.01193	0.01789	0.00894	0.00671	0.00671	0.00224	0.00894	0.00596	0.00298	0.00745
11	0.00902	0.00715	0.00832	0.00890	0.01089	0.00644	0.00726	0.01125	0.01535	0.01887	0.05569	0.06878	0.46187	0.01758	0.00844	0.00258	0.00445	0.26509	0.00621	0.00586
12	0.01740	0.01243	0.01375	0.01206	0.01576	0.01337	0.00946	0.05549	0.41950	0.14042	0.08309	0.03196	0.12516	0.01043	0.00705	0.00222	0.00502	0.00869	0.00702	0.00974
13	0.01380	0.00932	0.01141	0.01019	0.01266	0.00946	0.00794	0.01908	0.13060	0.12744	0.33833	0.04198	0.16074	0.01260	0.00860	0.00222	0.05849	0.01050	0.00690	0.00773
14	0.01166	0.00583	0.00874	0.00874	0.00874	0.00583	0.00583	0.00874	0.00874	0.01166	0.01166	0.02040	0.01166	0.02331	0.02622	0.80478	0.00583	0.00583	0.00291	0.00291
15	0.01661	0.01594	0.02724	0.04119	0.72233	0.01594	0.02059	0.02059	0.01528	0.02192	0.01262	0.01661	0.01063	0.00598	0.00664	0.00199	0.00797	0.00598	0.00332	0.01063
16	0.02506	0.03198	0.01901	0.01729	0.02074	0.73725	0.01296	0.02679	0.01901	0.01642	0.01037	0.01210	0.00864	0.00691	0.00605	0.00173	0.01210	0.00432	0.00346	0.00778
17	0.00964	0.00696	0.00960	0.00960	0.01039	0.00774	0.00691	0.01122	0.01043	0.01470	0.01906	0.03236	0.01938	0.29448	0.49700	0.00932	0.01405	0.00807	0.00376	0.00533
18	0.00931	0.00655	0.00722	0.00727	0.00778	0.00629	0.00436	0.00972	0.01107	0.01427	0.03194	0.07154	0.17779	0.57605	0.02757	0.00545	0.00574	0.01103	0.00461	0.00446
19	0.00822	0.00684	0.00720	0.00720	0.00936	0.00582	0.00546	0.01014	0.01572	0.01920	0.14089	0.06336	0.61835	0.01668	0.00798	0.00228	0.00348	0.03969	0.00636	0.00576
20	0.00839	0.00600	0.00804	0.00959	0.01008	0.00564	0.00661	0.00972	0.01306	0.01737	0.03686	0.70281	0.04390	0.02081	0.00862	0.00276	0.00408	0.07391	0.00622	0.00551
21	0.01323	0.01150	0.01514	0.01335	0.01375	0.01474	0.01035	0.05430	0.01139	0.01654	0.01426	0.02601	0.01507	0.28374	0.07233	0.00467	0.39234	0.00736	0.00361	0.00632
22	0.81159	0.01298	0.00986	0.00882	0.01298	0.01505	0.00727	0.01972	0.01142	0.03010	0.00934	0.01090	0.00727	0.00623	0.00415	0.00208	0.00519	0.00363	0.00415	0.00727
23	0.81159	0.01298	0.00986	0.00882	0.01298	0.01505	0.00727	0.01972	0.01142	0.03010	0.00934	0.01090	0.00727	0.00623	0.00415	0.00208	0.00519	0.00363	0.00415	0.00727
24	0.00976	0.00651	0.00732	0.00732	0.00732	0.00651	0.00407	0.00976	0.00976	0.01301	0.02114	0.04391	0.02439	0.76419	0.03415	0.00651	0.00651	0.00976	0.00407	0.00407
25	0.01358	0.01285	0.02176	0.58535	0.20185	0.01515	0.01909	0.01794	0.01385	0.01824	0.01209	0.01759	0.00933	0.00654	0.00669	0.00218	0.00872	0.00597	0.00306	0.00818
26	0.01794	0.76823	0.03516	0.01148	0.01722	0.02655	0.01148	0.02009	0.01363	0.01579	0.00933	0.01076	0.00861	0.00574	0.00431	0.00144	0.00718	0.00359	0.00287	0.00861
27	0.00816	0.00591	0.00771	0.00916	0.00968	0.00547	0.00615	0.00936	0.01302	0.01720	0.03924	0.70915	0.09358	0.02073	0.00852	0.00269	0.00386	0.01872	0.00623	0.00547
28	0.77291	0.01391	0.01031	0.00924	0.01336	0.05056	0.00755	0.02007	0.01179	0.02943	0.00939	0.01096	0.00733	0.00626	0.00425	0.00206	0.00553	0.00367	0.00412	0.00729
29	0.01877	0.01841	0.01853	0.01593	0.01931	0.15434	0.04578	0.09671	0.35528	0.02490	0.01909	0.01955	0.01479	0.00887	0.00936	0.00226	0.13675	0.00653	0.00533	0.00951
30	0.17871	0.01832	0.01791	0.01431	0.01904	0.07176	0.01171	0.47002	0.04581	0.03652	0.01440	0.01500	0.01056	0.00780	0.00680	0.00205	0.03784	0.00548	0.00582	0.01014

[dist]
# distance from previous block
# <min> <max>
0	1

[block]
# block no. 6 follows, 32 sequences, length 22
# corresponding to MSA columns:
# 232-253
name=unknown_G
#
# <colnr> <probs for GDERKNQSTAVLIFYWHMCP>
#	G	D	E	R	K	N	Q	S	T	A	V	L	I	F	Y	W	H	M	C	P
0	0.01669	0.01441	0.01517	0.01365	0.01745	0.01669	0.01062	0.03565	0.71021	0.02807	0.02731	0.02503	0.02048	0.00910	0.00683	0.00228	0.00531	0.00759	0.00683	0.01062
1	0.02077	0.01680	0.01720	0.01444	0.01884	0.05338	0.01150	0.28013	0.40441	0.05455	0.02232	0.02104	0.01643	0.00858	0.00674	0.00215	0.00642	0.00683	0.00667	0.01080
2	0.00959	0.00719	0.01078	0.01078	0.01198	0.00839	0.00839	0.01198	0.01078	0.01558	0.01797	0.02636	0.01677	0.05032	0.73760	0.01078	0.01797	0.00719	0.00359	0.00599
3	0.00851	0.00601	0.00781	0.00902	0.00937	0.00575	0.00591	0.00951	0.01221	0.01632	0.03343	0.60373	0.03977	0.15741	0.03876	0.00370	0.00486	0.01696	0.00574	0.00522
4	0.02394	0.02940	0.02015	0.02043	0.11489	0.61716	0.01398	0.04786	0.01892	0.01800	0.01086	0.01284	0.00900	0.00683	0.00615	0.00177	0.01139	0.00460	0.00354	0.00828
5	0.01794	0.76823	0.03516	0.01148	0.01722	0.02655	0.01148	0.02009	0.01363	0.01579	0.00933	0.01076	0.00861	0.00574	0.00431	0.00144	0.00718	0.00359	0.00287	0.00861
6	0.01123	0.00704	0.00816	0.00831	0.00973	0.00697	0.00604	0.04409	0.03646	0.02369	0.16081	0.26717	0.03471	0.01327	0.00672	0.00209	0.00364	0.01156	0.33194	0.00637
7	0.01166	0.00583	0.00874	0.00874	0.00874	0.00583	0.00583	0.00874	0.00874	0.01166	0.01166	0.02040	0.01166	0.02331	0.02622	0.80478	0.00583	0.00583	0.00291	0.00291
8	0.00932	0.00607	0.00760	0.00854	0.00935	0.00575	0.00590	0.01119	0.01394	0.02020	0.12523	0.50111	0.04088	0.01710	0.00762	0.00238	0.00362	0.01529	0.18317	0.00575
9	0.00969	0.00648	0.00734	0.00740	0.00741	0.00646	0.00415	0.00974	0.00988	0.01317	0.02177	0.07251	0.02519	0.73450	0.03313	0.00635	0.00640	0.01013	0.00415	0.00412
10	0.01871	0.68848	0.03341	0.01211	0.01760	0.10353	0.01164	0.02082	0.01422	0.01586	0.00944	0.01091	0.00861	0.00587	0.00449	0.00147	0.00771	0.00367	0.00293	0.00852
11	0.00816	0.00681	0.00712	0.00704	0.00921	0.00576	0.00528	0.01008	0.01585	0.01943	0.16494	0.06242	0.62183	0.01651	0.00793	0.00224	0.00336	0.01386	0.00640	0.00576
12	0.01680	0.01382	0.01487	0.01314	0.01676	0.01563	0.01026	0.13052	0.50031	0.02952	0.10102	0.06251	0.02495	0.01003	0.00701	0.00224	0.00532	0.00841	0.00684	0.01002
13	0.02015	0.10248	0.01940	0.01589	0.04740	0.27040	0.01204	0.05982	0.33409	0.02304	0.01833	0.01822	0.01424	0.00780	0.00627	0.00197	0.00809	0.00587	0.00507	0.00944
14	0.01020	0.00799	0.01155	0.01121	0.01213	0.00960	0.00865	0.01223	0.01061	0.01537	0.01725	0.02690	0.01667	0.12315	0.57793	0.00940	0.10234	0.00731	0.00357	0.00594
15	0.01644	0.01577	0.02693	0.07171	0.69314	0.01590	0.02051	0.02044	0.01520	0.02171	0.01259	0.01666	0.01056	0.00601	0.00665	0.00200	0.00801	0.00598	0.00331	0.01049
16	0.01166	0.00583	0.00874	0.00874	0.00874	0.00583	0.00583	0.00874	0.00874	0.01166	0.01166	0.02040	0.01166	0.02331	0.02622	0.80478	0.00583	0.00583	0.00291	0.00291
17	0.01697	0.01560	0.02352	0.06184	0.39186	0.01649	0.05713	0.06798	0.22856	0.02485	0.01735	0.01930	0.01359	0.00708	0.00678	0.00211	0.00736	0.00659	0.00460	0.01044
18	0.01603	0.01755	0.03642	0.03159	0.21157	0.01670	0.52401	0.02126	0.01569	0.02160	0.01333	0.01772	0.01030	0.00574	0.00759	0.00219	0.01045	0.00742	0.00338	0.00946
19	0.00903	0.00650	0.00811	0.00825	0.00957	0.00590	0.00593	0.01070	0.01554	0.02077	0.31944	0.21043	0.22414	0.01725	0.01005	0.08923	0.00368	0.01354	0.00634	0.00559
20	0.01376	0.05984	0.66380	0.01940	0.02898	0.01606	0.06424	0.02122	0.01425	0.02107	0.01204	0.01428	0.00860	0.00631	0.00639	0.00211	0.00990	0.00508	0.00287	0.00982
21	0.01148	0.00851	0.00935	0.00902	0.01000	0.00908	0.00583	0.01639	0.18975	0.01702	0.02328	0.06430	0.02409	0.54407	0.02623	0.00529	0.00611	0.00953	0.00485	0.00580

[dist]
# distance from previous block
# <min> <max>
0	3

[block]
# block no. 7 follows, 32 sequences, length 15
# corresponding to MSA columns:
# 257-271
name=unknown_H
#
# <colnr> <probs for GDERKNQSTAVLIFYWHMCP>
#	G	D	E	R	K	N	Q	S	T	A	V	L	I	F	Y	W	H	M	C	P
0	0.01677	0.01808	0.02197	0.02031	0.08327	0.14778	0.05385	0.01876	0.01261	0.01703	0.00971	0.01459	0.00902	0.01001	0.01697	0.00260	0.51006	0.00572	0.00309	0.00781
1	0.01831	0.01567	0.01657	0.01306	0.01809	0.07934	0.03021	0.17414	0.14106	0.04646	0.01677	0.04306	0.01342	0.00725	0.00605	0.00164	0.00639	0.00583	0.00523	0.34144
2	0.01051	0.00936	0.01393	0.01547	0.13892	0.00862	0.07123	0.01318	0.01574	0.02060	0.16814	0.12738	0.33316	0.01385	0.00777	0.00224	0.00495	0.01232	0.00566	0.00696
3	0.01391	0.01193	0.01391	0.00994	0.01590	0.00894	0.00795	0.01690	0.01391	0.02186	0.01193	0.01391	0.00994	0.00497	0.00497	0.00099	0.00497	0.00398	0.00398	0.80521
4	0.01717	0.64219	0.15445	0.01279	0.01925	0.02467	0.01377	0.02029	0.01373	0.01673	0.00979	0.01135	0.00859	0.00585	0.00466	0.00155	0.00765	0.00382	0.00286	0.00884
5	0.02697	0.01152	0.01525	0.01155	0.01689	0.00968	0.00949	0.02964	0.01818	0.59054	0.02366	0.02111	0.01532	0.00766	0.00640	0.00187	0.00557	0.00621	0.00747	0.16502
6	0.01267	0.01193	0.02013	0.74806	0.04621	0.01491	0.01863	0.01714	0.01342	0.01714	0.01193	0.01789	0.00894	0.00671	0.00671	0.00224	0.00894	0.00596	0.00298	0.00745
