[name]
unknown

[dist]
# distance from previous block
# <min> <max>
0	21

[block]
# block no. 0 follows, 33 sequences, length 28
# corresponding to MSA columns:
# 21-48
name=unknown_A
#
# <colnr> <probs for GDERKNQSTAVLIFYWHMCP>
#	G	D	E	R	K	N	Q	S	T	A	V	L	I	F	Y	W	H	M	C	P
0	0.00860	0.00672	0.00770	0.00758	0.00940	0.00595	0.00569	0.01079	0.01609	0.02086	0.30965	0.05753	0.40354	0.05497	0.00919	0.00243	0.00355	0.04758	0.00643	0.00575
1	0.01717	0.18732	0.29574	0.01863	0.08979	0.14567	0.03528	0.02225	0.04409	0.04047	0.01199	0.01387	0.00937	0.00652	0.00642	0.00190	0.03629	0.00483	0.00328	0.00911
2	0.01750	0.63906	0.09029	0.01365	0.05479	0.05776	0.01286	0.02013	0.01375	0.01626	0.00958	0.01119	0.00854	0.00575	0.00459	0.00150	0.00752	0.00378	0.00286	0.00862
3	0.00845	0.00628	0.00828	0.00938	0.00984	0.00619	0.00642	0.00966	0.01266	0.01698	0.06042	0.64476	0.06688	0.04953	0.01004	0.00279	0.04285	0.01725	0.00590	0.00543
4	0.00955	0.00735	0.00973	0.01144	0.07479	0.00681	0.00703	0.01098	0.01270	0.01721	0.05329	0.41596	0.08956	0.16282	0.01275	0.00314	0.00471	0.01396	0.00530	0.07094
5	0.01898	0.13767	0.13642	0.06363	0.10842	0.20591	0.11493	0.07155	0.01680	0.04813	0.01211	0.01439	0.00942	0.00636	0.00617	0.00188	0.00945	0.00524	0.00357	0.00897
6	0.00817	0.00654	0.00731	0.00742	0.00921	0.00568	0.00545	0.01009	0.01547	0.01961	0.21256	0.16744	0.46881	0.01654	0.00787	0.00226	0.00336	0.01418	0.00637	0.00568
7	0.04319	0.41934	0.09089	0.01769	0.11893	0.07512	0.06236	0.04200	0.04068	0.01893	0.01106	0.01294	0.00930	0.00601	0.00526	0.00169	0.00790	0.00454	0.00325	0.00892
8	0.01929	0.14298	0.07961	0.04075	0.08876	0.03764	0.05096	0.20293	0.12275	0.07716	0.03526	0.01749	0.01325	0.00721	0.00620	0.00191	0.00724	0.00586	0.00501	0.03775
9	0.01276	0.01377	0.08484	0.18863	0.24253	0.01321	0.01579	0.01615	0.01341	0.01857	0.01925	0.18153	0.04674	0.01037	0.00866	0.00229	0.09078	0.00890	0.00384	0.00799
10	0.01090	0.00731	0.00797	0.00745	0.01004	0.00616	0.00571	0.01276	0.01571	0.11827	0.09140	0.05696	0.59496	0.01533	0.00762	0.00219	0.00364	0.01278	0.00645	0.00638
11	0.06176	0.22505	0.14023	0.05212	0.07565	0.07999	0.12594	0.04693	0.01550	0.09916	0.01281	0.01463	0.00974	0.00627	0.00589	0.00187	0.00842	0.00520	0.00378	0.00908
12	0.03788	0.14838	0.16695	0.01681	0.04889	0.01591	0.13513	0.09069	0.01696	0.16066	0.03919	0.02010	0.05855	0.00743	0.00638	0.00197	0.00766	0.00639	0.00471	0.00938
13	0.00827	0.00662	0.00740	0.00734	0.00923	0.00575	0.00545	0.01035	0.01596	0.02038	0.26797	0.10831	0.47186	0.01596	0.00782	0.00221	0.00330	0.01362	0.00646	0.00575
14	0.01700	0.06803	0.33745	0.06051	0.05436	0.15257	0.09217	0.08015	0.03786	0.02145	0.01234	0.01454	0.00926	0.00647	0.00632	0.00199	0.00965	0.00525	0.00343	0.00921
15	0.03155	0.04856	0.14898	0.04980	0.21439	0.04389	0.05925	0.14514	0.03504	0.02430	0.03552	0.05940	0.03753	0.00797	0.00702	0.00206	0.02925	0.00680	0.00422	0.00933
16	0.01458	0.08421	0.47220	0.02207	0.11267	0.01648	0.12497	0.03951	0.01471	0.02113	0.01202	0.01457	0.00893	0.00610	0.00637	0.00204	0.00944	0.00535	0.00303	0.00963
17	0.01243	0.01170	0.01975	0.75282	0.04534	0.01463	0.01828	0.01682	0.01316	0.01682	0.01170	0.01755	0.00878	0.00658	0.00658	0.00219	0.00878	0.00585	0.00293	0.00731
18	0.01853	0.38332	0.15111	0.01547	0.06114	0.08410	0.01435	0.13309	0.04450	0.02154	0.01167	0.01299	0.00945	0.00635	0.00534	0.00171	0.00793	0.00450	0.00365	0.00924
19	0.04988	0.09493	0.13751	0.01768	0.05853	0.03663	0.15206	0.04898	0.06648	0.15311	0.01826	0.01950	0.04468	0.00910	0.03770	0.00241	0.03233	0.00638	0.00460	0.00924
20	0.00804	0.00594	0.00743	0.00858	0.00932	0.00543	0.00580	0.00924	0.01296	0.01683	0.04174	0.59384	0.17935	0.05088	0.00932	0.00274	0.00383	0.01737	0.00602	0.00533
21	0.02809	0.01203	0.01557	0.01199	0.01700	0.01100	0.00989	0.12407	0.02037	0.60970	0.02612	0.02306	0.04260	0.00844	0.00666	0.00204	0.00574	0.00680	0.00786	0.01099
22	0.04856	0.01563	0.12963	0.06490	0.12036	0.03499	0.01324	0.10734	0.04459	0.06805	0.10406	0.13372	0.06674	0.01029	0.00689	0.00214	0.00646	0.00879	0.00514	0.00848
23	0.01479	0.01887	0.15233	0.09315	0.20930	0.01552	0.29393	0.02055	0.04403	0.02087	0.01414	0.04633	0.01145	0.00658	0.00706	0.00215	0.00929	0.00703	0.00343	0.00921
24	0.00818	0.00592	0.00776	0.00905	0.00967	0.00550	0.00621	0.00956	0.01324	0.01760	0.08321	0.64782	0.08849	0.01981	0.00835	0.00262	0.00382	0.04157	0.00618	0.00544
25	0.01715	0.07021	0.11439	0.02549	0.16553	0.10380	0.28250	0.06320	0.01613	0.02116	0.01222	0.01554	0.00960	0.00630	0.00754	0.00206	0.04848	0.00613	0.00340	0.00916
26	0.03456	0.05020	0.10242	0.08516	0.06660	0.11853	0.06942	0.07701	0.16358	0.08713	0.01794	0.06776	0.01442	0.00808	0.00654	0.00207	0.00782	0.00679	0.00481	0.00917
27	0.01588	0.00959	0.01239	0.07200	0.05701	0.03340	0.00908	0.01886	0.03350	0.20446	0.15212	0.17381	0.05510	0.01281	0.02978	0.00239	0.00543	0.01002	0.08459	0.00778

[dist]
# distance from previous block
# <min> <max>
9	28

[block]
# block no. 1 follows, 33 sequences, length 13
# corresponding to MSA columns:
# 77-89
name=unknown_B
#
# <colnr> <probs for GDERKNQSTAVLIFYWHMCP>
#	G	D	E	R	K	N	Q	S	T	A	V	L	I	F	Y	W	H	M	C	P
0	0.01286	0.03920	0.16942	0.06791	0.06891	0.01191	0.06614	0.03782	0.01579	0.04933	0.20298	0.08904	0.08555	0.01044	0.00777	0.00216	0.04097	0.00902	0.00490	0.00787
1	0.01651	0.14867	0.16016	0.06257	0.04555	0.10512	0.06308	0.04600	0.06172	0.06886	0.05705	0.06589	0.05449	0.00839	0.00637	0.00198	0.00776	0.00693	0.00432	0.00857
2	0.01889	0.06756	0.14336	0.06938	0.20700	0.04960	0.07847	0.11552	0.04581	0.11852	0.01489	0.01662	0.01100	0.00668	0.00645	0.00199	0.00815	0.00582	0.00439	0.00993
3	0.01320	0.01225	0.02090	0.19869	0.20158	0.01287	0.11950	0.04388	0.01455	0.01963	0.02011	0.10204	0.06387	0.01352	0.08663	0.00312	0.00879	0.03297	0.00395	0.00796
4	0.01185	0.00882	0.01021	0.00999	0.01172	0.03690	0.00739	0.08492	0.01544	0.05286	0.09475	0.29583	0.12674	0.04953	0.14726	0.00404	0.00715	0.01244	0.00569	0.00648
5	0.04400	0.12567	0.18524	0.09366	0.04918	0.11043	0.04015	0.04195	0.08780	0.05884	0.04124	0.06419	0.01444	0.00783	0.00622	0.00200	0.00797	0.00633	0.00414	0.00872
6	0.10152	0.08473	0.12688	0.01409	0.04367	0.06074	0.03989	0.08536	0.06809	0.07738	0.12619	0.06730	0.04353	0.00921	0.00645	0.00205	0.00660	0.02272	0.00511	0.00849
7	0.01261	0.00751	0.00873	0.00821	0.01075	0.00643	0.00622	0.01438	0.01544	0.17488	0.05250	0.17479	0.45183	0.01548	0.00763	0.00226	0.00392	0.01312	0.00656	0.00676
8	0.02429	0.01092	0.01416	0.01147	0.01575	0.01013	0.00925	0.02932	0.12615	0.51278	0.10594	0.05720	0.02325	0.00940	0.00684	0.00210	0.00518	0.00786	0.00774	0.01027
9	0.01763	0.19121	0.18178	0.01982	0.08746	0.07002	0.16538	0.08600	0.01642	0.05955	0.01338	0.03815	0.01072	0.00667	0.00625	0.00193	0.00876	0.00587	0.00375	0.00925
10	0.01579	0.32368	0.28441	0.09636	0.02556	0.06906	0.06198	0.02034	0.01404	0.01797	0.01073	0.01309	0.00855	0.00603	0.00556	0.00181	0.00879	0.00459	0.00289	0.00876
11	0.00778	0.00667	0.00667	0.00667	0.00889	0.00556	0.00500	0.00945	0.01501	0.01778	0.06669	0.06336	0.72490	0.01667	0.00778	0.00222	0.00333	0.01389	0.00611	0.00556
12	0.04392	0.01386	0.07127	0.01286	0.01701	0.01262	0.06109	0.20115	0.07080	0.09509	0.08260	0.10964	0.15771	0.01114	0.00709	0.00216	0.00590	0.00946	0.00603	0.00861

[dist]
# distance from previous block
# <min> <max>
0	1

[block]
# block no. 2 follows, 33 sequences, length 50
# corresponding to MSA columns:
# 91-107,110-142
name=unknown_C
#
# <colnr> <probs for GDERKNQSTAVLIFYWHMCP>
#	G	D	E	R	K	N	Q	S	T	A	V	L	I	F	Y	W	H	M	C	P
0	0.05019	0.02081	0.07812	0.06219	0.08833	0.21043	0.05747	0.14982	0.06618	0.11023	0.03297	0.01692	0.01230	0.00722	0.00640	0.00197	0.00856	0.00575	0.00480	0.00934
1	0.13540	0.01082	0.03664	0.01002	0.01391	0.00972	0.00833	0.02242	0.06082	0.28499	0.14375	0.02946	0.10274	0.00953	0.00636	0.00200	0.00477	0.00773	0.05991	0.04066
2	0.01738	0.04680	0.09039	0.18345	0.07304	0.10533	0.01465	0.08387	0.12647	0.07607	0.01739	0.04433	0.03096	0.00814	0.00738	0.00211	0.05244	0.00643	0.00450	0.00886
3	0.04288	0.12120	0.02127	0.04595	0.04074	0.12442	0.03747	0.32368	0.10601	0.02950	0.01501	0.01582	0.01137	0.00730	0.00610	0.00190	0.00770	0.00554	0.02642	0.00970
4	0.01072	0.00810	0.01004	0.00997	0.01159	0.03281	0.03095	0.03187	0.01542	0.05399	0.17620	0.37734	0.14244	0.01652	0.00797	0.00240	0.00443	0.04474	0.00626	0.00623
5	0.06221	0.15809	0.22973	0.04853	0.02207	0.01673	0.03277	0.14504	0.01765	0.12568	0.03675	0.01874	0.01298	0.00746	0.00610	0.00198	0.00757	0.03589	0.00462	0.00942
6	0.16470	0.35615	0.08639	0.01247	0.01743	0.08325	0.01183	0.06050	0.01450	0.04806	0.01081	0.01241	0.00891	0.00658	0.00600	0.00177	0.06043	0.00420	0.02527	0.00836
7	0.00878	0.00680	0.00803	0.00792	0.00965	0.00615	0.00586	0.01155	0.03626	0.02204	0.37463	0.13732	0.31028	0.01539	0.00781	0.00220	0.00334	0.01333	0.00667	0.00598
8	0.01585	0.07092	0.26662	0.07981	0.04677	0.01400	0.12700	0.02074	0.01484	0.13389	0.03599	0.02061	0.05278	0.01025	0.05871	0.00267	0.00899	0.00649	0.00412	0.00896
9	0.03517	0.01854	0.16205	0.14692	0.11959	0.03334	0.18367	0.03717	0.05137	0.02113	0.01420	0.05316	0.01160	0.00687	0.00667	0.00205	0.00858	0.00658	0.00361	0.07775
10	0.00801	0.00576	0.00760	0.00908	0.00953	0.00535	0.00607	0.00918	0.01269	0.01684	0.03736	0.73948	0.06771	0.02048	0.00838	0.00266	0.00380	0.01854	0.00611	0.00535
11	0.01389	0.01319	0.02239	0.48296	0.30377	0.01501	0.01901	0.01810	0.01386	0.01860	0.01196	0.01708	0.00940	0.00631	0.00656	0.00210	0.00841	0.00586	0.00305	0.00849
12	0.04716	0.06946	0.18523	0.01473	0.04226	0.04059	0.01369	0.04931	0.10711	0.23422	0.01974	0.08080	0.01537	0.00863	0.00709	0.00211	0.04064	0.00684	0.00540	0.00960
13	0.01581	0.01893	0.13343	0.07817	0.44906	0.04220	0.09874	0.02094	0.03991	0.02109	0.01280	0.01631	0.01023	0.00608	0.00661	0.00202	0.00860	0.00593	0.00330	0.00985
14	0.00942	0.00698	0.01022	0.01022	0.01127	0.00803	0.00778	0.01153	0.01047	0.01502	0.01796	0.02768	0.01725	0.12515	0.66785	0.01014	0.01645	0.00732	0.00358	0.00568
15	0.81514	0.01273	0.00968	0.00866	0.01273	0.01477	0.00713	0.01935	0.01120	0.02954	0.00917	0.01069	0.00713	0.00611	0.00407	0.00204	0.00509	0.00356	0.00407	0.00713
16	0.01940	0.26944	0.09863	0.03824	0.05535	0.19942	0.01346	0.10323	0.01699	0.04171	0.01167	0.01344	0.00948	0.00793	0.03241	0.00200	0.00887	0.00456	0.00367	0.05009
17	0.00802	0.00573	0.00764	0.00917	0.00955	0.00535	0.00611	0.00917	0.01260	0.01681	0.03628	0.76434	0.04354	0.02062	0.00840	0.00267	0.00382	0.01872	0.00611	0.00535
18	0.01744	0.04198	0.12224	0.09405	0.14961	0.01511	0.19946	0.04437	0.07235	0.13152	0.01640	0.03813	0.01241	0.00696	0.00683	0.00210	0.00834	0.00675	0.00438	0.00956
19	0.00868	0.00670	0.00791	0.00761	0.00944	0.00594	0.00571	0.01118	0.01712	0.02280	0.44951	0.05510	0.33895	0.01480	0.00777	0.00213	0.00320	0.01274	0.00677	0.00594
20	0.00829	0.00584	0.00756	0.00882	0.00914	0.00553	0.00575	0.00924	0.01208	0.01611	0.03361	0.64027	0.04017	0.14930	0.01272	0.00331	0.00426	0.01714	0.00575	0.00511
21	0.01664	0.40967	0.05584	0.09639	0.04844	0.07988	0.05224	0.04368	0.01468	0.01799	0.01359	0.03436	0.03495	0.00682	0.00534	0.00170	0.00758	0.00521	0.04679	0.00820
22	0.01519	0.06388	0.25906	0.09067	0.12164	0.08712	0.18149	0.02034	0.01491	0.01992	0.03422	0.03666	0.01166	0.00670	0.00664	0.00205	0.00942	0.00624	0.00328	0.00889
23	0.00944	0.00636	0.00796	0.00870	0.00988	0.00572	0.00609	0.01088	0.01384	0.06461	0.07128	0.51916	0.20452	0.01857	0.00811	0.00250	0.00379	0.01649	0.00629	0.00582
24	0.01355	0.07813	0.58301	0.01839	0.02714	0.01573	0.07849	0.02074	0.03376	0.02059	0.01439	0.01629	0.03753	0.00665	0.00632	0.00206	0.00929	0.00545	0.00307	0.00943
25	0.01774	0.05795	0.04347	0.04186	0.14232	0.03810	0.08835	0.10881	0.17302	0.08600	0.03969	0.05111	0.01621	0.03523	0.00806	0.00225	0.02817	0.00713	0.00508	0.00945
26	0.01325	0.04056	0.01283	0.01272	0.05385	0.09159	0.00888	0.05970	0.04013	0.04101	0.05953	0.36193	0.04829	0.05674	0.00942	0.00258	0.02918	0.04553	0.00546	0.00682
27	0.01006	0.00685	0.00838	0.00842	0.00945	0.00676	0.00576	0.01163	0.02838	0.04923	0.06667	0.16512	0.14361	0.30460	0.14094	0.00525	0.00710	0.01135	0.00505	0.00539
28	0.01489	0.01512	0.07693	0.11296	0.18476	0.09286	0.01364	0.01922	0.05685	0.06621	0.15954	0.07813	0.06219	0.00954	0.00690	0.00208	0.00680	0.00827	0.00485	0.00825
29	0.01534	0.06067	0.23340	0.07586	0.09558	0.04434	0.25928	0.04543	0.04428	0.02115	0.01361	0.03638	0.01070	0.00654	0.00681	0.00210	0.00947	0.00648	0.00344	0.00914
30	0.01531	0.01662	0.06203	0.19308	0.21312	0.01603	0.31666	0.04733	0.01541	0.02104	0.01275	0.01709	0.00980	0.00599	0.00707	0.00213	0.00952	0.00665	0.00333	0.00905
31	0.01673	0.05379	0.29529	0.04320	0.04545	0.06932	0.05454	0.04423	0.11697	0.10118	0.04153	0.03993	0.01483	0.00784	0.00655	0.00209	0.00808	0.02457	0.00449	0.00938
32	0.01855	0.01526	0.11350	0.11003	0.09759	0.01270	0.09714	0.04157	0.06041	0.23535	0.06277	0.07059	0.01767	0.00835	0.00689	0.00213	0.00718	0.00752	0.00537	0.00942
33	0.04364	0.01103	0.01663	0.08021	0.14851	0.01131	0.06599	0.04072	0.01479	0.09804	0.04378	0.14797	0.08931	0.05486	0.00943	0.00248	0.04901	0.02650	0.03803	0.00776
34	0.01492	0.15690	0.18773	0.05738	0.05109	0.04035	0.13972	0.02205	0.14239	0.02046	0.01893	0.04115	0.06325	0.00768	0.00643	0.00203	0.00798	0.00673	0.00398	0.00887
35	0.02029	0.01694	0.08876	0.06374	0.03818	0.12296	0.04120	0.06320	0.04512	0.23992	0.03893	0.09213	0.01727	0.00932	0.00769	0.00215	0.05201	0.02569	0.00549	0.00903
36	0.04049	0.02151	0.19613	0.08816	0.05061	0.12039	0.06871	0.10692	0.04484	0.17470	0.01572	0.01672	0.01107	0.00700	0.00645	0.00203	0.00851	0.00570	0.00473	0.00961
37	0.01330	0.01110	0.04683	0.01504	0.09509	0.01000	0.06466	0.04464	0.08243	0.08684	0.07794	0.26464	0.13360	0.01327	0.00751	0.00229	0.00543	0.01189	0.00576	0.00775
38	0.01669	0.23562	0.19579	0.07069	0.09065	0.01876	0.06127	0.14299	0.01716	0.02290	0.03533	0.01672	0.03418	0.00687	0.00598	0.00188	0.00795	0.00554	0.00381	0.00922
39	0.01696	0.06906	0.21443	0.07757	0.14130	0.08858	0.07037	0.02208	0.04461	0.10266	0.07526	0.01892	0.01490	0.00712	0.00647	0.00200	0.00826	0.00610	0.00414	0.00919
40	0.01059	0.00690	0.00984	0.01015	0.01140	0.00634	0.03787	0.01218	0.01369	0.09012	0.06359	0.60403	0.06112	0.01826	0.00815	0.00255	0.00428	0.01656	0.00624	0.00614
41	0.09037	0.14901	0.18467	0.11987	0.10723	0.06648	0.07808	0.06336	0.01513	0.02141	0.01179	0.01453	0.00920	0.00626	0.00586	0.00192	0.00836	0.00510	0.03261	0.00876
42	0.08131	0.05064	0.13677	0.08657	0.10250	0.10348	0.11575	0.11212	0.06305	0.04129	0.01334	0.01561	0.01013	0.00678	0.00682	0.00204	0.03299	0.00564	0.00400	0.00915
43	0.00930	0.00645	0.00783	0.00825	0.00945	0.00585	0.00573	0.01078	0.01399	0.05013	0.13844	0.35464	0.22318	0.11138	0.01120	0.00290	0.00399	0.01480	0.00610	0.00562
44	0.03843	0.19447	0.30542	0.04133	0.09440	0.07579	0.07188	0.02156	0.01463	0.06637	0.01212	0.01411	0.00922	0.00619	0.00589	0.00190	0.00879	0.00495	0.00332	0.00923
45	0.01751	0.14845	0.08809	0.05088	0.07904	0.01686	0.06161	0.10488	0.06717	0.08786	0.03300	0.01745	0.01268	0.00746	0.00771	0.00197	0.08989	0.00577	0.06170	0.04000
46	0.01220	0.10016	0.26700	0.03158	0.03917	0.01286	0.06238	0.01698	0.03206	0.02011	0.11058	0.07721	0.11964	0.03027	0.00756	0.00224	0.00700	0.03875	0.00435	0.00790
47	0.01230	0.00950	0.01064	0.01012	0.01230	0.02975	0.00770	0.10708	0.04248	0.04314	0.11284	0.26210	0.20421	0.01515	0.00805	0.00232	0.02468	0.05131	0.00616	0.02816
48	0.03818	0.24330	0.08852	0.04086	0.04227	0.17186	0.01281	0.08236	0.03819	0.04203	0.05436	0.03702	0.03239	0.00778	0.00648	0.00185	0.04163	0.00565	0.00404	0.00843
49	0.06872	0.02425	0.36597	0.04236	0.10086	0.01535	0.12023	0.06055	0.03975	0.07964	0.01379	0.01577	0.00994	0.00645	0.00643	0.00209	0.00877	0.00563	0.00378	0.00966

[dist]
# distance from previous block
# <min> <max>
3	9

[block]
# block no. 3 follows, 33 sequences, length 16
# corresponding to MSA columns:
# 160-175
name=unknown_D
#
# <colnr> <probs for GDERKNQSTAVLIFYWHMCP>
#	G	D	E	R	K	N	Q	S	T	A	V	L	I	F	Y	W	H	M	C	P
0	0.04778	0.00890	0.01081	0.00990	0.01203	0.00886	0.03836	0.01631	0.13471	0.04748	0.11169	0.15383	0.13700	0.18731	0.01330	0.00318	0.00499	0.01091	0.00563	0.03702
1	0.05035	0.10139	0.09138	0.03884	0.04053	0.14601	0.03594	0.25149	0.09083	0.02722	0.01599	0.01688	0.03371	0.00743	0.00614	0.00192	0.00798	0.00564	0.02093	0.00939
2	0.01097	0.03920	0.07835	0.03066	0.01334	0.00868	0.00868	0.01351	0.03491	0.04943	0.02712	0.24823	0.08523	0.12607	0.14293	0.02802	0.00763	0.01094	0.00477	0.03133
3	0.01603	0.23527	0.24776	0.01663	0.04903	0.01738	0.09527	0.04333	0.04132	0.06796	0.01449	0.04961	0.01187	0.00887	0.03879	0.00230	0.00846	0.00587	0.02074	0.00902
4	0.01546	0.14940	0.13027	0.06380	0.11572	0.01703	0.13665	0.07316	0.07528	0.02167	0.04392	0.04107	0.01390	0.00923	0.04056	0.00241	0.03111	0.00649	0.00391	0.00894
5	0.00821	0.00617	0.00754	0.00838	0.00943	0.00559	0.00586	0.00970	0.01381	0.01789	0.10581	0.44818	0.24248	0.04630	0.00911	0.00264	0.00378	0.03754	0.00613	0.00546
6	0.04513	0.06429	0.20432	0.01893	0.14209	0.01406	0.05777	0.07710	0.03724	0.08268	0.03832	0.06435	0.08913	0.00886	0.00665	0.00209	0.00720	0.02618	0.00457	0.00903
7	0.04633	0.06924	0.07151	0.07579	0.07015	0.07045	0.12142	0.06612	0.07457	0.09904	0.02228	0.05142	0.09687	0.00950	0.02451	0.00227	0.00776	0.00741	0.00471	0.00866
8	0.00895	0.00603	0.00796	0.00875	0.00945	0.00563	0.00607	0.00962	0.01284	0.01700	0.11234	0.41482	0.12376	0.01970	0.01189	0.17049	0.00416	0.04001	0.00556	0.00498
9	0.06529	0.01588	0.01928	0.05209	0.09427	0.09680	0.01391	0.06263	0.01349	0.04886	0.01107	0.01531	0.00965	0.01158	0.05509	0.00291	0.39481	0.00560	0.00355	0.00794
10	0.03991	0.20903	0.06493	0.01736	0.11649	0.03985	0.05585	0.10709	0.04123	0.16777	0.01676	0.06675	0.01351	0.00767	0.00608	0.00191	0.00711	0.00631	0.00487	0.00952
11	0.01632	0.02109	0.17432	0.12073	0.27749	0.11551	0.06414	0.05693	0.01592	0.02089	0.01457	0.01754	0.04179	0.00674	0.00653	0.00201	0.00889	0.00592	0.00344	0.00921
12	0.00803	0.00607	0.00742	0.00838	0.00937	0.00546	0.00579	0.00945	0.01368	0.01768	0.08698	0.51510	0.24472	0.01903	0.00818	0.00250	0.00363	0.01689	0.00618	0.00546
13	0.01646	0.06264	0.07431	0.09371	0.14768	0.04521	0.07455	0.08200	0.12011	0.06603	0.05656	0.07377	0.01781	0.00861	0.00678	0.00211	0.00730	0.03053	0.00479	0.00906
14	0.04128	0.12418	0.05806	0.05484	0.04156	0.03421	0.01159	0.17735	0.09647	0.08939	0.07025	0.07691	0.01795	0.00857	0.00625	0.00192	0.00638	0.00692	0.00533	0.07058
15	0.01227	0.00773	0.00937	0.00902	0.01099	0.00730	0.00662	0.01537	0.07218	0.12638	0.12596	0.21908	0.20852	0.09239	0.04345	0.00308	0.00487	0.01245	0.00628	0.00669

[dist]
# distance from previous block
# <min> <max>
2	20

[block]
# block no. 4 follows, 33 sequences, length 10
# corresponding to MSA columns:
# 196-205
name=unknown_E
#
# <colnr> <probs for GDERKNQSTAVLIFYWHMCP>
#	G	D	E	R	K	N	Q	S	T	A	V	L	I	F	Y	W	H	M	C	P
0	0.07542	0.01148	0.04016	0.01323	0.07413	0.01091	0.00966	0.12840	0.04109	0.09090	0.12611	0.17926	0.08662	0.01381	0.04499	0.00259	0.00585	0.00998	0.00585	0.02956
1	0.05384	0.04357	0.08620	0.12612	0.05647	0.05121	0.06514	0.16142	0.06958	0.08293	0.01742	0.07534	0.01448	0.00840	0.00659	0.00209	0.00748	0.03174	0.00487	0.03509
2	0.01947	0.06004	0.05521	0.01457	0.06998	0.03974	0.03569	0.08984	0.03542	0.23570	0.02212	0.09333	0.05116	0.01089	0.04304	0.00236	0.00689	0.00744	0.00561	0.10149
3	0.01135	0.00800	0.01078	0.00980	0.01186	0.00756	0.04125	0.01510	0.06816	0.07671	0.38674	0.14756	0.11302	0.05118	0.00897	0.00240	0.00413	0.01203	0.00664	0.00673
4	0.01025	0.00835	0.01073	0.03393	0.01295	0.00867	0.03010	0.01460	0.11081	0.01911	0.08247	0.15417	0.21329	0.06008	0.13721	0.00398	0.02515	0.03496	0.02274	0.00645
5	0.03869	0.17092	0.14220	0.01579	0.03825	0.15171	0.06455	0.11505	0.06478	0.04876	0.01544	0.01756	0.03504	0.04486	0.00735	0.00210	0.00835	0.00562	0.00414	0.00885
6	0.01708	0.05553	0.07449	0.14774	0.27972	0.06728	0.10359	0.10616	0.04376	0.02268	0.01301	0.01618	0.01019	0.00640	0.00653	0.00200	0.00859	0.00587	0.00371	0.00947
7	0.00962	0.00641	0.00764	0.00776	0.00806	0.00656	0.00481	0.01026	0.01024	0.01425	0.02151	0.09384	0.02384	0.55425	0.13335	0.00638	0.00761	0.00966	0.05943	0.00452
8	0.06216	0.19509	0.12937	0.01554	0.02042	0.43659	0.01385	0.02365	0.01639	0.01738	0.01014	0.01183	0.00838	0.00641	0.00551	0.00171	0.01013	0.00414	0.00321	0.00810
9	0.07844	0.15203	0.15041	0.01827	0.11450	0.08550	0.04522	0.07118	0.05034	0.07531	0.01331	0.01566	0.01055	0.03138	0.00782	0.00210	0.05969	0.00529	0.00395	0.00906

[dist]
# distance from previous block
# <min> <max>
0	1

[block]
# block no. 5 follows, 33 sequences, length 29
# corresponding to MSA columns:
# 207-235
name=unknown_F
#
# <colnr> <probs for GDERKNQSTAVLIFYWHMCP>
#	G	D	E	R	K	N	Q	S	T	A	V	L	I	F	Y	W	H	M	C	P
0	0.00905	0.00633	0.00783	0.00844	0.00955	0.00574	0.00586	0.01055	0.01399	0.04467	0.13412	0.43125	0.20015	0.06865	0.00980	0.00272	0.00385	0.01563	0.00620	0.00564
1	0.00858	0.00622	0.00785	0.00841	0.00949	0.00570	0.00594	0.01054	0.01505	0.02051	0.27615	0.39578	0.14345	0.01716	0.00796	0.00236	0.00348	0.01527	0.03439	0.00570
2	0.03772	0.05059	0.12038	0.13455	0.04161	0.04383	0.14923	0.11768	0.14477	0.04254	0.01636	0.04336	0.01272	0.00741	0.00666	0.00211	0.00817	0.00664	0.00448	0.00921
3	0.01593	0.01813	0.13045	0.15833	0.12707	0.06185	0.10934	0.09719	0.01646	0.03786	0.01554	0.04534	0.03572	0.00717	0.00657	0.00197	0.00826	0.00643	0.00390	0.09650
4	0.01238	0.01217	0.06962	0.08557	0.09851	0.01145	0.05464	0.06687	0.01423	0.01943	0.02429	0.11653	0.11727	0.04619	0.12607	0.03417	0.05397	0.00894	0.02052	0.00720
5	0.05910	0.01125	0.01400	0.01106	0.01560	0.01037	0.00905	0.10147	0.01912	0.50193	0.02954	0.02687	0.11235	0.00918	0.00659	0.00204	0.00535	0.00739	0.03768	0.01006
6	0.01737	0.01792	0.07626	0.06240	0.11024	0.10857	0.14433	0.08116	0.11288	0.06517	0.01828	0.08429	0.02776	0.00843	0.00742	0.00214	0.03432	0.00749	0.00458	0.00900
7	0.03491	0.06907	0.08541	0.03007	0.06245	0.04110	0.03783	0.08304	0.09070	0.02292	0.09062	0.04377	0.04256	0.01145	0.06297	0.00255	0.03945	0.00679	0.00459	0.13776
8	0.00978	0.00852	0.03826	0.01163	0.04529	0.00719	0.04944	0.01138	0.01319	0.01766	0.06255	0.38432	0.14471	0.01689	0.00983	0.09392	0.00484	0.01354	0.00524	0.05183
9	0.03902	0.01338	0.01753	0.10373	0.06401	0.01434	0.05380	0.26844	0.03388	0.06465	0.02182	0.07570	0.04130	0.01024	0.00708	0.00223	0.00682	0.11782	0.03536	0.00884
10	0.04694	0.12595	0.22203	0.05930	0.04232	0.17738	0.08671	0.04041	0.01567	0.04417	0.01594	0.01766	0.06350	0.00712	0.00615	0.00193	0.00900	0.00566	0.00359	0.00856
11	0.01617	0.17676	0.20860	0.06280	0.08530	0.01697	0.08899	0.06537	0.06993	0.06350	0.01562	0.07351	0.01304	0.00757	0.00628	0.00200	0.00788	0.00649	0.00402	0.00918
12	0.00916	0.00627	0.00756	0.00795	0.00814	0.00626	0.00486	0.00964	0.01043	0.01399	0.02449	0.22665	0.02839	0.52214	0.08106	0.00575	0.00658	0.01172	0.00450	0.00448
13	0.01753	0.10233	0.23861	0.02447	0.23728	0.17773	0.05044	0.03991	0.01576	0.02001	0.01153	0.01406	0.00917	0.00620	0.00613	0.00189	0.00935	0.00505	0.00319	0.00934
14	0.03835	0.08086	0.07805	0.05245	0.16395	0.01736	0.25071	0.11365	0.01688	0.06070	0.01325	0.01620	0.01013	0.00652	0.00755	0.00208	0.05172	0.00623	0.00391	0.00944
15	0.01330	0.07020	0.21265	0.07109	0.11849	0.01360	0.06504	0.03623	0.05684	0.02099	0.10562	0.09532	0.02087	0.06098	0.00859	0.00239	0.00733	0.00794	0.00421	0.00831
16	0.00932	0.00606	0.00810	0.00932	0.00999	0.00561	0.00633	0.01055	0.01298	0.05999	0.03566	0.71956	0.04190	0.01987	0.00830	0.00264	0.00393	0.01799	0.00623	0.00570
17	0.00814	0.00578	0.00760	0.00902	0.00937	0.00543	0.00595	0.00920	0.01237	0.01650	0.03510	0.70943	0.04205	0.07758	0.01031	0.00296	0.00401	0.01802	0.00595	0.00524
18	0.01673	0.14941	0.40619	0.01791	0.05678	0.14240	0.01902	0.02181	0.01472	0.04772	0.01157	0.01349	0.00881	0.00653	0.00656	0.00194	0.04144	0.00470	0.00313	0.00915
19	0.02205	0.01480	0.01718	0.05647	0.04383	0.01583	0.01147	0.40399	0.04902	0.14569	0.06269	0.02179	0.04613	0.00853	0.00661	0.00200	0.00638	0.00680	0.04865	0.01011
20	0.06537	0.01518	0.02459	0.17865	0.36459	0.03934	0.11095	0.04708	0.01502	0.02133	0.01248	0.01668	0.01007	0.00812	0.04075	0.00244	0.00886	0.00598	0.00340	0.00910
21	0.01153	0.00577	0.00829	0.00829	0.00847	0.00577	0.00559	0.00938	0.00919	0.01298	0.01262	0.02055	0.01208	0.02107	0.02323	0.71309	0.00540	0.00577	0.09769	0.00325
22	0.01760	0.77260	0.03450	0.01126	0.01690	0.02605	0.01126	0.01971	0.01338	0.01549	0.00915	0.01056	0.00845	0.00563	0.00422	0.00141	0.00704	0.00352	0.00282	0.00845
23	0.01764	0.01518	0.01548	0.01447	0.04484	0.07666	0.01077	0.09868	0.46722	0.05333	0.02459	0.09261	0.01993	0.00961	0.00678	0.00219	0.00596	0.00800	0.00627	0.00981
24	0.01759	0.03690	0.15100	0.01789	0.05991	0.08799	0.13744	0.14276	0.01793	0.04862	0.01522	0.01696	0.03793	0.00662	0.00630	0.00180	0.00816	0.00574	0.00420	0.17905
25	0.03838	0.10191	0.06526	0.05113	0.14591	0.04629	0.08058	0.05511	0.03935	0.07410	0.01683	0.08031	0.03222	0.01066	0.04527	0.00255	0.09434	0.00704	0.00415	0.00861
26	0.01110	0.00825	0.01067	0.01258	0.11032	0.00844	0.00715	0.01317	0.05583	0.01577	0.02042	0.03799	0.02178	0.52486	0.05368	0.00534	0.00681	0.03590	0.03438	0.00555
27	0.04015	0.05747	0.01376	0.01098	0.01376	0.04378	0.04977	0.04562	0.04359	0.09135	0.29192	0.12169	0.09907	0.01232	0.00727	0.00214	0.00502	0.03685	0.00621	0.00729
28	0.01616	0.01376	0.01450	0.01291	0.03551	0.08148	0.00971	0.20497	0.04516	0.02520	0.04961	0.18445	0.04508	0.01292	0.04681	0.00244	0.03142	0.00885	0.00532	0.15373

[dist]
# distance from previous block
# <min> <max>
1	8

[block]
# block no. 6 follows, 33 sequences, length 21
# corresponding to MSA columns:
# 244-264
name=unknown_G
#
# <colnr> <probs for GDERKNQSTAVLIFYWHMCP>
#	G	D	E	R	K	N	Q	S	T	A	V	L	I	F	Y	W	H	M	C	P
0	0.00991	0.00837	0.04323	0.03122	0.01188	0.00685	0.00729	0.01272	0.01682	0.05135	0.37917	0.05139	0.29545	0.01401	0.00766	0.00216	0.00388	0.03379	0.00649	0.00637
1	0.04229	0.06844	0.11312	0.07129	0.07936	0.05243	0.05180	0.09770	0.13571	0.04213	0.03873	0.09355	0.01636	0.00891	0.00758	0.00215	0.05765	0.00730	0.00465	0.00888
2	0.01687	0.18100	0.15370	0.05860	0.10238	0.08430	0.01506	0.08844	0.09404	0.02154	0.01418	0.04178	0.01176	0.00750	0.00694	0.00196	0.05626	0.00567	0.02903	0.00900
3	0.00833	0.00597	0.00785	0.00917	0.00973	0.00561	0.00631	0.00966	0.01298	0.01725	0.06432	0.62429	0.06700	0.05561	0.00960	0.00284	0.00406	0.06796	0.00605	0.00538
4	0.04331	0.01412	0.01964	0.52350	0.13013	0.09158	0.01699	0.01830	0.01394	0.01814	0.01193	0.01682	0.00923	0.00654	0.00633	0.00208	0.00861	0.00561	0.03549	0.00770
5	0.12244	0.02248	0.28204	0.06938	0.11041	0.04117	0.11373	0.07412	0.01566	0.06920	0.01290	0.01517	0.00943	0.00638	0.00627	0.00206	0.00863	0.00546	0.00376	0.00932
6	0.01519	0.01307	0.01904	0.06929	0.10986	0.05921	0.12472	0.02033	0.10583	0.08305	0.02311	0.16664	0.02209	0.01124	0.00782	0.00236	0.02542	0.10846	0.00507	0.00817
7	0.02557	0.01757	0.01922	0.01473	0.01998	0.01912	0.01217	0.62464	0.02950	0.12453	0.01703	0.01660	0.01181	0.00793	0.00659	0.00198	0.00705	0.00601	0.00677	0.01120
8	0.04701	0.01599	0.01715	0.01392	0.01848	0.01778	0.01125	0.39437	0.26295	0.07261	0.04495	0.02016	0.01618	0.00841	0.00659	0.00207	0.00625	0.00662	0.00665	0.01063
9	0.01498	0.07612	0.05496	0.09253	0.12396	0.06320	0.03808	0.03818	0.11133	0.04424	0.02150	0.12809	0.05646	0.01084	0.02106	0.00235	0.05664	0.03265	0.00455	0.00827
10	0.00798	0.00591	0.00746	0.00870	0.00943	0.00539	0.00590	0.00922	0.01305	0.01699	0.04198	0.63295	0.17125	0.01988	0.00829	0.00259	0.00373	0.01781	0.00611	0.00539
11	0.00946	0.00683	0.00946	0.00946	0.01025	0.00762	0.00683	0.01104	0.01025	0.01445	0.01866	0.03154	0.01892	0.28657	0.50872	0.00920	0.01392	0.00788	0.00368	0.00525
12	0.01616	0.01652	0.02494	0.26306	0.24710	0.09568	0.13121	0.05234	0.01542	0.02001	0.01206	0.01634	0.00956	0.00652	0.00742	0.00209	0.04553	0.00600	0.00332	0.00874
13	0.00864	0.00624	0.00805	0.00916	0.00981	0.00594	0.00623	0.02919	0.01330	0.01773	0.06321	0.63467	0.07190	0.04923	0.03063	0.00298	0.00437	0.01718	0.00601	0.00552
14	0.06139	0.06135	0.02110	0.01588	0.02067	0.17141	0.08762	0.31681	0.05846	0.07828	0.03358	0.01643	0.01229	0.00741	0.00637	0.00193	0.00820	0.00581	0.00535	0.00967
15	0.01639	0.03569	0.05249	0.04780	0.14395	0.06291	0.27749	0.05922	0.04085	0.05515	0.01834	0.07052	0.05219	0.00792	0.00751	0.00214	0.02865	0.00780	0.00414	0.00885
16	0.00877	0.00621	0.00816	0.00936	0.00987	0.00611	0.00651	0.01013	0.01263	0.01728	0.03353	0.60712	0.03928	0.05571	0.00988	0.00281	0.02966	0.06424	0.05728	0.00545
17	0.01055	0.00706	0.00997	0.05624	0.01276	0.00741	0.00763	0.01188	0.01180	0.05482	0.02654	0.16624	0.10974	0.05493	0.29818	0.12437	0.00993	0.00986	0.00446	0.00562
18	0.05402	0.00770	0.00951	0.00948	0.01088	0.00756	0.03450	0.03892	0.03873	0.01846	0.03511	0.37645	0.15409	0.15874	0.01263	0.00320	0.00477	0.01394	0.00553	0.00579
19	0.10408	0.07219	0.01625	0.01207	0.01624	0.10127	0.02680	0.05639	0.08281	0.02200	0.01754	0.04767	0.06419	0.00791	0.00692	0.00173	0.06729	0.00590	0.00435	0.26640
20	0.08232	0.12893	0.06655	0.03751	0.05832	0.08402	0.07909	0.01983	0.08357	0.02036	0.02908	0.07863	0.03346	0.00973	0.03347	0.00226	0.04314	0.00671	0.03465	0.06838

[dist]
# distance from previous block
# <min> <max>
1	22

[block]
# block no. 7 follows, 33 sequences, length 25
# corresponding to MSA columns:
# 287-311
name=unknown_H
#
# <colnr> <probs for GDERKNQSTAVLIFYWHMCP>
#	G	D	E	R	K	N	Q	S	T	A	V	L	I	F	Y	W	H	M	C	P
0	0.01541	0.18045	0.12457	0.10583	0.08276	0.03707	0.06146	0.07441	0.01524	0.02049	0.04736	0.03201	0.01313	0.04135	0.00793	0.00206	0.04259	0.00583	0.00367	0.08638
1	0.01338	0.03978	0.17285	0.10442	0.04371	0.03370	0.19150	0.01859	0.04054	0.02096	0.12919	0.02530	0.04884	0.02804	0.00765	0.00219	0.00802	0.02135	0.00411	0.04588
2	0.00875	0.00643	0.00844	0.00932	0.01014	0.00638	0.00660	0.01066	0.03020	0.01700	0.05316	0.44945	0.08963	0.07837	0.14400	0.00434	0.00661	0.04943	0.00553	0.00555
3	0.01222	0.00630	0.00941	0.04226	0.01069	0.00633	0.00650	0.01026	0.00980	0.04644	0.04989	0.02156	0.01423	0.02094	0.02301	0.69137	0.00571	0.00609	0.00334	0.00363
4	0.02466	0.02922	0.01884	0.01666	0.02036	0.62200	0.01269	0.13943	0.02070	0.02034	0.01111	0.01253	0.00893	0.00697	0.00604	0.00174	0.01110	0.00452	0.00392	0.00823
5	0.00956	0.00641	0.00736	0.00750	0.00759	0.00639	0.00439	0.00975	0.00997	0.01327	0.02208	0.07552	0.02543	0.70115	0.03128	0.00607	0.00626	0.04172	0.00418	0.00415
6	0.01580	0.05700	0.09566	0.02649	0.28893	0.01551	0.16293	0.09697	0.01701	0.02354	0.08138	0.03980	0.03411	0.00743	0.00684	0.00203	0.00794	0.00716	0.00410	0.00936
7	0.07025	0.01252	0.01326	0.01082	0.01449	0.01341	0.00875	0.32779	0.02178	0.09151	0.01852	0.01955	0.01365	0.00772	0.00563	0.00181	0.00529	0.00592	0.32845	0.00890
8	0.00837	0.00659	0.00765	0.00834	0.00994	0.00588	0.00633	0.01015	0.01440	0.01788	0.05275	0.25107	0.41734	0.01800	0.00819	0.00249	0.00397	0.13898	0.00610	0.00560
9	0.02799	0.01253	0.01596	0.01236	0.01740	0.01180	0.01017	0.13861	0.06516	0.57819	0.02442	0.02150	0.01573	0.00816	0.00662	0.00204	0.00584	0.00656	0.00781	0.01115
10	0.02115	0.02530	0.01978	0.01958	0.09989	0.47767	0.01387	0.02358	0.03857	0.01703	0.01062	0.01334	0.00911	0.00779	0.00947	0.00200	0.17509	0.00486	0.00337	0.00794
11	0.02464	0.02991	0.01878	0.01675	0.02036	0.66024	0.01270	0.10343	0.02005	0.01899	0.01082	0.01232	0.00879	0.00691	0.00601	0.00173	0.01135	0.00443	0.00375	0.00804
12	0.00957	0.00638	0.00718	0.00718	0.00718	0.00638	0.00399	0.00957	0.00957	0.01276	0.02074	0.04308	0.02393	0.76864	0.03351	0.00638	0.00638	0.00957	0.00399	0.00399
13	0.01595	0.01685	0.04070	0.09701	0.28509	0.11875	0.06267	0.02026	0.06615	0.01936	0.01456	0.06470	0.01309	0.04061	0.00952	0.00232	0.09329	0.00681	0.00366	0.00864
14	0.00824	0.00658	0.00738	0.00741	0.00923	0.00572	0.00547	0.01026	0.01576	0.02012	0.24993	0.13893	0.45931	0.01621	0.00785	0.00223	0.00332	0.01388	0.00643	0.00572
15	0.01415	0.01346	0.02285	0.43556	0.34916	0.01508	0.01914	0.01833	0.01398	0.01891	0.01200	0.01699	0.00951	0.00626	0.00655	0.00209	0.00835	0.00586	0.00307	0.00870
16	0.00957	0.00638	0.00718	0.00718	0.00718	0.00638	0.00399	0.00957	0.00957	0.01276	0.02074	0.04308	0.02393	0.76864	0.03351	0.00638	0.00638	0.00957	0.00399	0.00399
17	0.01253	0.01043	0.01147	0.01097	0.01372	0.01119	0.00862	0.02277	0.35739	0.02347	0.09170	0.06458	0.20716	0.01299	0.00747	0.00235	0.00466	0.11200	0.00648	0.00805
18	0.00942	0.00699	0.01025	0.01025	0.01131	0.00805	0.00781	0.01154	0.01048	0.01504	0.01794	0.02755	0.01719	0.11991	0.67301	0.01017	0.01653	0.00730	0.00357	0.00569
19	0.01368	0.01342	0.01874	0.01636	0.01641	0.01848	0.01346	0.01509	0.01037	0.01595	0.01178	0.09957	0.01260	0.01256	0.02011	0.00286	0.67111	0.00723	0.00325	0.00699
20	0.00957	0.00638	0.00718	0.00718	0.00718	0.00638	0.00399	0.00957	0.00957	0.01276	0.02074	0.04308	0.02393	0.76864	0.03351	0.00638	0.00638	0.00957	0.00399	0.00399
21	0.01670	0.01588	0.01832	0.01578	0.01727	0.10023	0.01288	0.09169	0.06306	0.03786	0.06661	0.01957	0.01481	0.01068	0.01541	0.00253	0.44262	0.02606	0.00415	0.00789
22	0.02148	0.15851	0.11199	0.01752	0.07746	0.37084	0.01423	0.04318	0.03324	0.07535	0.01218	0.01350	0.00958	0.00663	0.00581	0.00176	0.00964	0.00463	0.00375	0.00871
23	0.05467	0.13145	0.07669	0.01444	0.01993	0.04284	0.09000	0.14504	0.12132	0.03939	0.03414	0.01662	0.01266	0.00675	0.00590	0.00176	0.00699	0.00552	0.00465	0.16923
24	0.02096	0.01732	0.01842	0.01687	0.09380	0.08356	0.01226	0.39502	0.10718	0.03317	0.09655	0.02027	0.01766	0.00826	0.00662	0.00196	0.00696	0.00657	0.00596	0.03062

[dist]
# distance from previous block
# <min> <max>
0	8

[block]
# block no. 8 follows, 33 sequences, length 28
# corresponding to MSA columns:
# 320-347
name=unknown_I
#
# <colnr> <probs for GDERKNQSTAVLIFYWHMCP>
#	G	D	E	R	K	N	Q	S	T	A	V	L	I	F	Y	W	H	M	C	P
0	0.01693	0.01491	0.02029	0.01699	0.04553	0.06467	0.16077	0.18539	0.05309	0.03813	0.01835	0.07759	0.01701	0.13744	0.01265	0.00294	0.05950	0.04484	0.00482	0.00819
1	0.01983	0.08998	0.02312	0.02424	0.28956	0.04304	0.01513	0.28539	0.06111	0.02872	0.01514	0.01845	0.01224	0.00738	0.00643	0.00197	0.00743	0.03579	0.00483	0.01024
2	0.00836	0.00670	0.00754	0.00781	0.00968	0.00588	0.00597	0.01034	0.01528	0.01907	0.14670	0.12924	0.48625	0.01681	0.00800	0.00235	0.00369	0.09837	0.00626	0.00569
3	0.01463	0.03142	0.59821	0.01977	0.04976	0.05671	0.07291	0.02151	0.01448	0.04286	0.01229	0.01441	0.00878	0.00628	0.00637	0.00207	0.00976	0.00513	0.00304	0.00962
4	0.01382	0.01232	0.01240	0.01194	0.01458	0.06997	0.00916	0.02407	0.36630	0.02279	0.05002	0.16775	0.10053	0.01280	0.00734	0.00235	0.00533	0.08213	0.00621	0.00819
5	0.00942	0.00701	0.01034	0.01034	0.01143	0.00810	0.00793	0.01160	0.01051	0.01510	0.01786	0.02709	0.01699	0.10063	0.69202	0.01028	0.01683	0.00723	0.00356	0.00574
6	0.00957	0.00638	0.00718	0.00718	0.00718	0.00638	0.00399	0.00957	0.00957	0.01276	0.02074	0.04308	0.02393	0.76864	0.03351	0.00638	0.00638	0.00957	0.00399	0.00399
7	0.01640	0.01697	0.06515	0.15299	0.40144	0.05470	0.12299	0.02066	0.01508	0.05151	0.01286	0.01662	0.01012	0.00611	0.00668	0.00203	0.00870	0.00604	0.00341	0.00952
8	0.00955	0.00647	0.00764	0.00764	0.00780	0.00663	0.00457	0.00987	0.00971	0.01311	0.02032	0.04073	0.02291	0.67048	0.13027	0.00696	0.00792	0.00923	0.00393	0.00425
9	0.00821	0.00586	0.00785	0.00938	0.00984	0.00551	0.00643	0.00949	0.01279	0.01701	0.03618	0.71517	0.04314	0.02045	0.00845	0.00270	0.00398	0.06607	0.00611	0.00540
10	0.02018	0.19094	0.14360	0.01776	0.07267	0.38538	0.01497	0.02313	0.01614	0.01716	0.01034	0.01234	0.00860	0.00654	0.00621	0.00176	0.03642	0.00436	0.00314	0.00835
11	0.01613	0.31783	0.09687	0.12086	0.17633	0.04499	0.03758	0.03960	0.01437	0.01845	0.01129	0.01435	0.00948	0.00837	0.04584	0.00225	0.00860	0.00490	0.00311	0.00877
12	0.00940	0.00705	0.01058	0.01058	0.01176	0.00823	0.00823	0.01176	0.01058	0.01528	0.01763	0.02586	0.01646	0.04937	0.74255	0.01058	0.01763	0.00705	0.00353	0.00588
13	0.00801	0.00578	0.00759	0.00903	0.00951	0.00536	0.00605	0.00918	0.01274	0.01686	0.03795	0.72603	0.08078	0.02041	0.00837	0.00265	0.00379	0.01845	0.00611	0.00536
14	0.01931	0.16393	0.09496	0.01798	0.09994	0.07004	0.05560	0.14029	0.14155	0.08292	0.01573	0.01654	0.01194	0.00718	0.00666	0.00195	0.03336	0.00566	0.00470	0.00977
15	0.01508	0.02537	0.40408	0.01899	0.07445	0.05616	0.05771	0.02213	0.08839	0.05874	0.01587	0.07175	0.01289	0.00790	0.00724	0.00215	0.04142	0.00650	0.00383	0.00933
16	0.02426	0.03074	0.01898	0.01791	0.04905	0.71273	0.01302	0.02604	0.01851	0.01633	0.01027	0.01205	0.00856	0.00675	0.00596	0.00171	0.01171	0.00431	0.00339	0.00775
17	0.00821	0.00587	0.00786	0.00939	0.00985	0.00551	0.00644	0.00950	0.01279	0.01702	0.03618	0.71320	0.04312	0.02044	0.00845	0.00270	0.00399	0.06797	0.00611	0.00540
18	0.01008	0.00790	0.01096	0.01056	0.01132	0.00935	0.00796	0.01172	0.01043	0.01485	0.01892	0.02976	0.04312	0.21520	0.44533	0.00820	0.11737	0.00773	0.00364	0.00560
19	0.01569	0.01515	0.02600	0.13463	0.59058	0.01568	0.04327	0.01965	0.01461	0.02069	0.01221	0.01645	0.01014	0.00612	0.00703	0.00202	0.03107	0.00593	0.00320	0.00986
20	0.01293	0.00686	0.00744	0.00716	0.00890	0.00702	0.00547	0.04148	0.01423	0.04516	0.02095	0.02430	0.01659	0.01255	0.09068	0.00262	0.00500	0.00625	0.65797	0.00645
21	0.00837	0.00701	0.00734	0.00732	0.00952	0.00613	0.00558	0.01087	0.04251	0.01890	0.11259	0.06134	0.61366	0.01621	0.00780	0.00225	0.00353	0.04703	0.00622	0.00582
22	0.07573	0.16394	0.04287	0.01495	0.01952	0.29091	0.03742	0.18201	0.01948	0.04732	0.01220	0.01361	0.00962	0.00834	0.03289	0.00210	0.00934	0.00478	0.00422	0.00874
23	0.00809	0.00664	0.00721	0.00746	0.00938	0.00576	0.00561	0.00985	0.01474	0.01802	0.08215	0.13873	0.56377	0.01806	0.02976	0.00257	0.00398	0.05655	0.00607	0.00560
24	0.00957	0.00638	0.00718	0.00718	0.00718	0.00638	0.00399	0.00957	0.00957	0.01276	0.02074	0.04308	0.02393	0.76864	0.03351	0.00638	0.00638	0.00957	0.00399	0.00399
25	0.01495	0.01674	0.11710	0.04371	0.04130	0.04028	0.01462	0.08133	0.01342	0.01973	0.01175	0.01630	0.01018	0.01304	0.07953	0.00318	0.38872	0.00575	0.06051	0.00785
26	0.01777	0.72023	0.03307	0.01138	0.01681	0.05695	0.01116	0.01989	0.01362	0.01575	0.00952	0.01098	0.00867	0.00574	0.00431	0.00142	0.00715	0.00362	0.02363	0.00835
27	0.01459	0.10202	0.39340	0.01590	0.02346	0.01551	0.04115	0.05259	0.05290	0.02162	0.01248	0.01432	0.00949	0.00626	0.00630	0.00181	0.03014	0.00484	0.00343	0.17778

[dist]
# distance from previous block
# <min> <max>
1	4

[block]
# block no. 9 follows, 33 sequences, length 27
# corresponding to MSA columns:
# 352-378
name=unknown_J
#
# <colnr> <probs for GDERKNQSTAVLIFYWHMCP>
#	G	D	E	R	K	N	Q	S	T	A	V	L	I	F	Y	W	H	M	C	P
0	0.00812	0.00601	0.00758	0.00860	0.00946	0.00548	0.00591	0.00957	0.01370	0.01802	0.11611	0.55573	0.17341	0.01911	0.00822	0.00252	0.00365	0.01708	0.00623	0.00548
1	0.01798	0.05705	0.05707	0.01393	0.01840	0.01764	0.01166	0.16648	0.50269	0.02928	0.02282	0.02147	0.01704	0.00840	0.00652	0.00213	0.00596	0.00679	0.00625	0.01043
2	0.01506	0.01725	0.12178	0.10591	0.43524	0.01451	0.03978	0.01944	0.01447	0.02091	0.01216	0.01575	0.00986	0.00584	0.00629	0.00186	0.00785	0.00550	0.00325	0.12730
3	0.06273	0.02188	0.22704	0.01834	0.02498	0.07342	0.19338	0.07923	0.04407	0.11571	0.01468	0.01622	0.01054	0.00650	0.00650	0.00200	0.00875	0.00584	0.00429	0.06392
4	0.00898	0.00666	0.00857	0.00945	0.02830	0.00641	0.00645	0.01058	0.01322	0.01762	0.12541	0.28071	0.14608	0.16035	0.09215	0.00407	0.00587	0.05813	0.00551	0.00548
5	0.00857	0.00664	0.00780	0.00764	0.00941	0.00587	0.00568	0.01092	0.01666	0.02203	0.39343	0.10353	0.34747	0.01533	0.00781	0.00218	0.00325	0.01322	0.00668	0.00587
6	0.01328	0.01288	0.01797	0.01586	0.01593	0.01756	0.01295	0.01467	0.01052	0.01601	0.01349	0.14601	0.01477	0.01312	0.01929	0.00284	0.62449	0.00803	0.00345	0.00688
7	0.01419	0.08752	0.44485	0.07064	0.09064	0.01638	0.14354	0.02047	0.01419	0.02025	0.01191	0.01477	0.00885	0.00607	0.00641	0.00205	0.00953	0.00543	0.00293	0.00937
8	0.01578	0.02137	0.15681	0.02609	0.06569	0.06479	0.50769	0.02135	0.01544	0.02073	0.01280	0.01663	0.00962	0.00577	0.00733	0.00215	0.01076	0.00694	0.00324	0.00902
9	0.00947	0.00634	0.00721	0.00731	0.00734	0.00631	0.00413	0.00955	0.00978	0.01303	0.02178	0.09122	0.02524	0.71871	0.03183	0.00613	0.00621	0.01018	0.00413	0.00408
