[name]
unknown

[dist]
# distance from previous block
# <min> <max>
0	41

[block]
# block no. 0 follows, 22 sequences, length 10
# corresponding to MSA columns:
# 41-50
name=unknown_A
#
# <colnr> <probs for GDERKNQSTAVLIFYWHMCP>
#	G	D	E	R	K	N	Q	S	T	A	V	L	I	F	Y	W	H	M	C	P
0	0.01302	0.00953	0.01344	0.05477	0.01846	0.00961	0.01264	0.01680	0.01948	0.02579	0.14383	0.12722	0.05121	0.02129	0.01094	0.00353	0.00703	0.42603	0.00767	0.00771
1	0.03103	0.03959	0.02354	0.02140	0.02568	0.67469	0.01605	0.03317	0.02354	0.02033	0.01284	0.01498	0.01070	0.00856	0.00749	0.00214	0.01498	0.00535	0.00428	0.00963
2	0.01701	0.01572	0.02240	0.01790	0.02231	0.07016	0.18060	0.02119	0.04213	0.06598	0.08097	0.04879	0.24205	0.09947	0.01347	0.00337	0.00861	0.01259	0.00639	0.00891
3	0.09479	0.21701	0.35517	0.01962	0.02881	0.10494	0.02234	0.02660	0.01778	0.02487	0.01343	0.01570	0.01043	0.00775	0.00689	0.00234	0.01114	0.00543	0.00378	0.01119
4	0.02172	0.01882	0.02231	0.01875	0.02237	0.07651	0.05501	0.22793	0.02357	0.03147	0.02032	0.07904	0.01824	0.02499	0.18053	0.00550	0.12756	0.00911	0.00587	0.01039
5	0.02528	0.10196	0.02098	0.01460	0.01961	0.01883	0.01204	0.25154	0.05953	0.12711	0.02522	0.07982	0.02020	0.01099	0.00759	0.00238	0.00714	0.00873	0.17485	0.01161
6	0.02045	0.01784	0.02648	0.16057	0.03314	0.01793	0.13486	0.17130	0.02346	0.03249	0.06912	0.02366	0.01802	0.00861	0.00816	0.00229	0.00928	0.00786	0.00571	0.20879
7	0.10460	0.02287	0.01901	0.09972	0.02470	0.26132	0.01409	0.06041	0.01968	0.02434	0.02056	0.15265	0.02034	0.01692	0.06715	0.00358	0.04425	0.00962	0.00521	0.00900
8	0.02738	0.06850	0.02327	0.01691	0.02274	0.02171	0.01403	0.34670	0.07125	0.12025	0.02666	0.02624	0.07085	0.01092	0.00927	0.00250	0.04961	0.00822	0.00770	0.05529
9	0.02146	0.06499	0.01805	0.01387	0.01789	0.05567	0.01082	0.18083	0.05263	0.09463	0.06339	0.08471	0.14034	0.12700	0.01410	0.00347	0.00755	0.01132	0.00729	0.01000

[dist]
# distance from previous block
# <min> <max>
4	17

[block]
# block no. 1 follows, 22 sequences, length 12
# corresponding to MSA columns:
# 69-80
name=unknown_B
#
# <colnr> <probs for GDERKNQSTAVLIFYWHMCP>
#	G	D	E	R	K	N	Q	S	T	A	V	L	I	F	Y	W	H	M	C	P
0	0.02186	0.06627	0.01951	0.05493	0.02118	0.01702	0.01225	0.18032	0.10564	0.10900	0.15154	0.07828	0.06312	0.04911	0.01039	0.00289	0.00706	0.01084	0.00786	0.01093
1	0.01994	0.05572	0.01755	0.01388	0.01667	0.01589	0.01044	0.18908	0.02134	0.06853	0.02577	0.13493	0.02617	0.27161	0.02248	0.00473	0.05823	0.01146	0.00650	0.00907
2	0.22842	0.01837	0.02576	0.12255	0.34055	0.01981	0.01970	0.07929	0.01910	0.03145	0.01477	0.01875	0.01181	0.00784	0.00739	0.00254	0.00901	0.00660	0.00472	0.01156
3	0.01769	0.01578	0.02050	0.06417	0.19037	0.04745	0.01525	0.10363	0.02081	0.02725	0.03706	0.13746	0.17311	0.01658	0.03738	0.00320	0.04401	0.01224	0.00608	0.01000
4	0.02158	0.02246	0.03258	0.10749	0.45269	0.11818	0.07305	0.02632	0.01944	0.02550	0.01522	0.02003	0.01254	0.00763	0.00825	0.00247	0.01109	0.00729	0.00410	0.01208
5	0.01721	0.01629	0.02713	0.35799	0.30547	0.01796	0.02257	0.02218	0.01779	0.02383	0.02142	0.02672	0.07014	0.00908	0.00841	0.00264	0.00994	0.00831	0.00423	0.01068
6	0.07908	0.02110	0.01964	0.01941	0.07818	0.18342	0.01401	0.08657	0.07846	0.11036	0.09907	0.03586	0.04793	0.01208	0.00847	0.00262	0.00905	0.07704	0.00693	0.01070
7	0.02100	0.02298	0.02986	0.23116	0.11692	0.17644	0.14724	0.02574	0.01927	0.02357	0.01484	0.01970	0.01171	0.00773	0.00816	0.00241	0.01191	0.00712	0.00414	0.09812
8	0.02054	0.12921	0.12155	0.20324	0.17760	0.11984	0.02170	0.02673	0.05794	0.02377	0.01541	0.01928	0.01225	0.00809	0.00767	0.00244	0.01095	0.00659	0.00413	0.01109
9	0.01362	0.00981	0.01163	0.01137	0.01256	0.01030	0.00767	0.05061	0.06996	0.02201	0.06633	0.13897	0.03389	0.37729	0.12161	0.00705	0.00932	0.01293	0.00606	0.00701
10	0.01699	0.20174	0.22894	0.12020	0.07607	0.02024	0.02009	0.02250	0.01802	0.02403	0.07781	0.02858	0.09207	0.01005	0.00771	0.00244	0.00937	0.00810	0.00458	0.01046
11	0.07197	0.01988	0.02047	0.06607	0.02444	0.08579	0.01406	0.24480	0.11603	0.07267	0.06378	0.02515	0.02009	0.01483	0.06851	0.00347	0.00992	0.00793	0.00706	0.04307

[dist]
# distance from previous block
# <min> <max>
0	17

[block]
# block no. 2 follows, 22 sequences, length 8
# corresponding to MSA columns:
# 98-105
name=unknown_C
#
# <colnr> <probs for GDERKNQSTAVLIFYWHMCP>
#	G	D	E	R	K	N	Q	S	T	A	V	L	I	F	Y	W	H	M	C	P
0	0.12962	0.01982	0.02593	0.01997	0.02613	0.02117	0.12749	0.32076	0.02796	0.08555	0.01938	0.02155	0.01435	0.01507	0.08380	0.00380	0.01101	0.00772	0.00681	0.01211
1	0.01960	0.01760	0.02550	0.02080	0.08228	0.01537	0.12655	0.09132	0.02030	0.02986	0.01581	0.01880	0.01264	0.00686	0.00726	0.00178	0.00829	0.00634	0.00510	0.46793
2	0.01140	0.00971	0.01213	0.08760	0.01778	0.00981	0.00983	0.01384	0.01760	0.02201	0.06049	0.19584	0.37323	0.02023	0.01123	0.00304	0.05774	0.05215	0.00694	0.00741
3	0.10441	0.01310	0.01423	0.05316	0.01850	0.04092	0.01049	0.08122	0.02014	0.08293	0.05745	0.22557	0.14837	0.01676	0.00892	0.00282	0.00653	0.04236	0.00721	0.04492
4	0.02061	0.07495	0.30856	0.02527	0.10528	0.14291	0.02358	0.02794	0.06352	0.02475	0.01530	0.01823	0.01201	0.00895	0.01007	0.00260	0.09349	0.00641	0.00410	0.01148
5	0.01835	0.01913	0.11246	0.01675	0.02238	0.01596	0.06900	0.17246	0.07331	0.03392	0.15869	0.04345	0.18185	0.01356	0.00905	0.00267	0.00762	0.01155	0.00727	0.01057
6	0.01931	0.19495	0.02731	0.01709	0.04345	0.01886	0.09372	0.05280	0.06453	0.05384	0.07398	0.03026	0.07427	0.05166	0.00962	0.00254	0.00793	0.00854	0.03546	0.11987
7	0.02155	0.12693	0.20967	0.02239	0.05276	0.12117	0.04708	0.07090	0.06394	0.02575	0.01517	0.01816	0.01217	0.00954	0.01148	0.00264	0.14653	0.00655	0.00441	0.01121

[dist]
# distance from previous block
# <min> <max>
21	59

[block]
# block no. 3 follows, 22 sequences, length 15
# corresponding to MSA columns:
# 180-191,193-195
name=unknown_D
#
# <colnr> <probs for GDERKNQSTAVLIFYWHMCP>
#	G	D	E	R	K	N	Q	S	T	A	V	L	I	F	Y	W	H	M	C	P
0	0.04822	0.01537	0.01774	0.09301	0.02313	0.03758	0.01235	0.15906	0.02434	0.10507	0.15149	0.05459	0.09987	0.01225	0.00841	0.00244	0.00713	0.01011	0.00736	0.11046
1	0.02333	0.01639	0.01767	0.03954	0.02042	0.08103	0.01215	0.11840	0.07823	0.15995	0.05136	0.03594	0.02423	0.12421	0.08945	0.00466	0.01005	0.05162	0.00709	0.03430
2	0.07181	0.25512	0.09588	0.01953	0.02613	0.20342	0.08779	0.02698	0.01877	0.02299	0.01307	0.01576	0.01091	0.00785	0.00766	0.00217	0.03946	0.00565	0.00403	0.06503
3	0.19566	0.02228	0.02284	0.01832	0.02371	0.12041	0.08479	0.25917	0.02566	0.03689	0.01729	0.02192	0.01408	0.08821	0.01150	0.00313	0.00986	0.00727	0.00612	0.01089
4	0.02235	0.02090	0.09444	0.01722	0.02255	0.09046	0.01535	0.14773	0.06447	0.09356	0.05812	0.06453	0.02744	0.01352	0.00896	0.00277	0.00881	0.15462	0.00710	0.06507
5	0.01908	0.01439	0.01676	0.01424	0.01860	0.01414	0.01137	0.20141	0.02487	0.03444	0.14068	0.10228	0.03502	0.04798	0.01044	0.00278	0.00684	0.09814	0.00738	0.17916
6	0.02126	0.01634	0.02630	0.05221	0.02804	0.01422	0.17770	0.02586	0.01920	0.14512	0.02080	0.02647	0.01644	0.00847	0.00804	0.00217	0.00880	0.05010	0.00587	0.32660
7	0.01960	0.01928	0.03561	0.07779	0.10589	0.01957	0.31774	0.09442	0.02016	0.02751	0.01788	0.02565	0.01495	0.08766	0.04248	0.00380	0.04545	0.00917	0.00471	0.01068
8	0.01161	0.00859	0.01204	0.01221	0.01346	0.00948	0.00906	0.01393	0.01375	0.01917	0.02896	0.10048	0.06569	0.15551	0.47449	0.01095	0.01732	0.01129	0.00505	0.00696
9	0.02414	0.02102	0.02353	0.01898	0.02489	0.09629	0.08296	0.12795	0.26377	0.07909	0.02426	0.02411	0.01809	0.00941	0.00811	0.00242	0.00878	0.00790	0.00705	0.12726
10	0.01668	0.11955	0.01889	0.01374	0.01604	0.01614	0.01055	0.11067	0.01843	0.02451	0.02811	0.26608	0.03119	0.17366	0.01850	0.00408	0.08502	0.01369	0.00610	0.00837
11	0.01184	0.00880	0.01136	0.01251	0.01443	0.00832	0.01018	0.01490	0.01910	0.02472	0.12530	0.18022	0.19677	0.02227	0.01075	0.00337	0.00596	0.30398	0.00785	0.00738
12	0.02711	0.10938	0.02629	0.02321	0.09864	0.38491	0.01646	0.06209	0.12529	0.02499	0.01684	0.01834	0.01358	0.00878	0.00753	0.00227	0.01201	0.00626	0.00507	0.01096
13	0.01447	0.09337	0.09348	0.01452	0.01787	0.01464	0.01315	0.01822	0.01471	0.02163	0.02003	0.02752	0.01784	0.04001	0.39556	0.00873	0.06103	0.00782	0.09689	0.00851
14	0.02340	0.01680	0.01967	0.01829	0.06185	0.01792	0.01336	0.28914	0.09789	0.08357	0.03016	0.23291	0.02843	0.01494	0.00903	0.00281	0.00741	0.01274	0.00801	0.01167

[dist]
# distance from previous block
# <min> <max>
24	77

[block]
# block no. 4 follows, 22 sequences, length 6
# corresponding to MSA columns:
# 298-301,304,305
name=unknown_E
#
# <colnr> <probs for GDERKNQSTAVLIFYWHMCP>
#	G	D	E	R	K	N	Q	S	T	A	V	L	I	F	Y	W	H	M	C	P
0	0.01833	0.01603	0.01922	0.10689	0.09746	0.07676	0.01431	0.07219	0.08601	0.02528	0.05824	0.09238	0.06763	0.01594	0.01432	0.14372	0.05061	0.01003	0.00563	0.00904
1	0.06631	0.08158	0.01952	0.01674	0.06293	0.08466	0.01197	0.13229	0.02084	0.02807	0.07417	0.09339	0.02585	0.13485	0.10646	0.00492	0.01041	0.00989	0.00588	0.00928
2	0.08694	0.16297	0.02364	0.01573	0.02087	0.19371	0.01290	0.11703	0.04896	0.07354	0.05337	0.02824	0.10767	0.01080	0.00751	0.00233	0.00922	0.00796	0.00611	0.01047
3	0.01837	0.17605	0.06060	0.01774	0.02258	0.01986	0.07761	0.07738	0.01879	0.02539	0.02275	0.15231	0.02313	0.01330	0.01077	0.00267	0.09943	0.06517	0.00538	0.09071
4	0.02083	0.01945	0.02056	0.01763	0.02067	0.14004	0.05111	0.14569	0.02063	0.02624	0.01902	0.02845	0.01759	0.15595	0.16919	0.00613	0.09801	0.00841	0.00521	0.00920
5	0.02187	0.10023	0.13146	0.02153	0.08346	0.14220	0.01786	0.02894	0.11094	0.06130	0.01830	0.02081	0.01460	0.01359	0.06514	0.00336	0.07522	0.00680	0.00502	0.05736

[dist]
# distance from previous block
# <min> <max>
0	1

[block]
# block no. 5 follows, 22 sequences, length 63
# corresponding to MSA columns:
# 307-348,350-354,361-376
name=unknown_F
#
# <colnr> <probs for GDERKNQSTAVLIFYWHMCP>
#	G	D	E	R	K	N	Q	S	T	A	V	L	I	F	Y	W	H	M	C	P
0	0.01938	0.01755	0.01709	0.01509	0.01798	0.14734	0.04535	0.10886	0.02097	0.02690	0.08936	0.08797	0.02824	0.17080	0.06988	0.00458	0.00999	0.01043	0.08367	0.00856
1	0.09832	0.02559	0.05209	0.01913	0.02520	0.19395	0.06644	0.16325	0.05032	0.03196	0.01595	0.01796	0.01241	0.00851	0.00821	0.00225	0.03723	0.00632	0.00551	0.15939
2	0.34171	0.01381	0.01673	0.01406	0.01797	0.01455	0.09506	0.02101	0.01593	0.05573	0.08496	0.06886	0.02454	0.16528	0.01498	0.00387	0.00753	0.00928	0.00576	0.00839
3	0.01850	0.01885	0.06886	0.02300	0.02879	0.01691	0.27778	0.10662	0.02009	0.02743	0.02152	0.08467	0.02013	0.16711	0.01666	0.00389	0.01067	0.01063	0.00526	0.05263
4	0.02544	0.07771	0.07570	0.01768	0.02395	0.02275	0.01541	0.28172	0.23856	0.06591	0.02440	0.02378	0.01794	0.01001	0.00798	0.00254	0.00819	0.00782	0.03941	0.01309
5	0.01138	0.00817	0.00886	0.00886	0.00973	0.00773	0.00543	0.01203	0.01419	0.01806	0.04403	0.06224	0.22190	0.49654	0.03229	0.00644	0.00687	0.01376	0.00586	0.00564
6	0.01723	0.01477	0.01723	0.01230	0.01969	0.01107	0.00984	0.02092	0.01723	0.02707	0.01477	0.01723	0.01230	0.00615	0.00615	0.00123	0.00615	0.00492	0.00492	0.75883
7	0.02761	0.02065	0.02104	0.01696	0.02295	0.08724	0.01359	0.22095	0.18089	0.15070	0.02416	0.02325	0.01744	0.00961	0.00793	0.00235	0.00827	0.00749	0.00776	0.12913
8	0.09098	0.00965	0.01218	0.01190	0.01323	0.01093	0.00873	0.01525	0.01309	0.02054	0.02146	0.03537	0.02131	0.22375	0.34142	0.05503	0.04255	0.00908	0.03674	0.00679
9	0.01208	0.00805	0.00906	0.00906	0.00906	0.00805	0.00503	0.01208	0.01208	0.01611	0.02618	0.05436	0.03020	0.70804	0.04228	0.00805	0.00805	0.01208	0.00503	0.00503
10	0.03112	0.03693	0.02377	0.02103	0.02570	0.56895	0.01601	0.13019	0.02607	0.02555	0.01400	0.01579	0.01126	0.00879	0.00762	0.00220	0.01403	0.00570	0.00494	0.01036
11	0.01723	0.01477	0.01723	0.01230	0.01969	0.01107	0.00984	0.02092	0.01723	0.02707	0.01477	0.01723	0.01230	0.00615	0.00615	0.00123	0.00615	0.00492	0.00492	0.75883
12	0.01569	0.01477	0.02492	0.68808	0.05722	0.01846	0.02307	0.02123	0.01661	0.02123	0.01477	0.02215	0.01107	0.00831	0.00831	0.00277	0.01107	0.00738	0.00369	0.00923
13	0.02294	0.01593	0.01782	0.01562	0.02026	0.01724	0.01222	0.08726	0.37227	0.15152	0.03675	0.10235	0.06459	0.01310	0.00873	0.00280	0.00656	0.01101	0.00866	0.01238
14	0.03234	0.01455	0.01868	0.01495	0.02075	0.01367	0.01214	0.03973	0.14965	0.49602	0.07047	0.03088	0.02504	0.01089	0.00846	0.00262	0.00678	0.00897	0.00984	0.01355
15	0.01951	0.01785	0.02842	0.09181	0.03088	0.01901	0.20244	0.12421	0.13046	0.03088	0.05701	0.12122	0.02423	0.01200	0.01028	0.00287	0.04856	0.01118	0.00628	0.01089
16	0.03103	0.03959	0.02354	0.02140	0.02568	0.67469	0.01605	0.03317	0.02354	0.02033	0.01284	0.01498	0.01070	0.00856	0.00749	0.00214	0.01498	0.00535	0.00428	0.00963
17	0.01339	0.00956	0.01339	0.01530	0.01721	0.00956	0.01339	0.01721	0.01912	0.02486	0.04399	0.09371	0.04781	0.02295	0.01147	0.00382	0.00765	0.60031	0.00765	0.00765
18	0.02018	0.01522	0.01791	0.01297	0.02021	0.01208	0.01045	0.05975	0.01923	0.09462	0.01695	0.01854	0.01327	0.00681	0.00651	0.00145	0.00643	0.00543	0.00568	0.63630
19	0.01961	0.01563	0.02119	0.01821	0.01927	0.02046	0.01503	0.02199	0.01483	0.08898	0.01648	0.02183	0.01403	0.01311	0.02092	0.00318	0.48106	0.00748	0.15735	0.00934
20	0.05485	0.02167	0.03094	0.12392	0.17737	0.08854	0.15418	0.14837	0.02314	0.03093	0.01780	0.02436	0.01448	0.00899	0.00858	0.00264	0.01107	0.04148	0.00519	0.01151
21	0.01666	0.04297	0.66500	0.02368	0.03596	0.01929	0.03069	0.02631	0.01754	0.02631	0.01491	0.01754	0.01052	0.00789	0.00789	0.00263	0.01228	0.00614	0.00351	0.01228
22	0.02056	0.01974	0.03372	0.05099	0.65622	0.01974	0.02550	0.02550	0.01892	0.02714	0.01563	0.02056	0.01316	0.00740	0.00822	0.00247	0.00987	0.00740	0.00411	0.01316
23	0.01176	0.00849	0.01110	0.01045	0.01241	0.00784	0.00784	0.01568	0.02352	0.03331	0.65184	0.06206	0.07839	0.01698	0.00980	0.00261	0.00392	0.01502	0.00914	0.00784
24	0.02667	0.10844	0.15622	0.02078	0.02711	0.41116	0.01868	0.05808	0.05460	0.02365	0.01454	0.01639	0.01158	0.00848	0.00743	0.00225	0.01310	0.00572	0.00445	0.01066
25	0.02459	0.02564	0.03085	0.03410	0.27165	0.19351	0.10544	0.10536	0.07400	0.02908	0.01710	0.02013	0.01356	0.00829	0.00828	0.00246	0.01144	0.00737	0.00506	0.01207
26	0.01443	0.00722	0.01082	0.01082	0.01082	0.00722	0.00722	0.01082	0.01082	0.01443	0.01443	0.02525	0.01443	0.02886	0.03247	0.75830	0.00722	0.00722	0.00361	0.00361
27	0.00988	0.00817	0.00867	0.00906	0.01139	0.00696	0.00660	0.01185	0.01832	0.02219	0.07633	0.20691	0.53094	0.02206	0.00998	0.00292	0.00433	0.01877	0.00771	0.00696
28	0.01816	0.04262	0.59830	0.02344	0.03489	0.08744	0.02917	0.02702	0.01816	0.02569	0.01469	0.01727	0.01054	0.00796	0.00785	0.00258	0.01256	0.00606	0.00359	0.01200
29	0.02563	0.07142	0.02625	0.15990	0.09721	0.37194	0.01845	0.05449	0.02135	0.02254	0.01365	0.01730	0.01119	0.00867	0.00867	0.00237	0.04845	0.00612	0.00424	0.01014
30	0.01067	0.00820	0.00976	0.00988	0.01187	0.00729	0.00722	0.01337	0.02018	0.02660	0.30662	0.19965	0.29790	0.02041	0.00997	0.00284	0.00422	0.01776	0.00829	0.00729
31	0.01723	0.01477	0.01723	0.01230	0.01969	0.01107	0.00984	0.02092	0.01723	0.02707	0.01477	0.01723	0.01230	0.00615	0.00615	0.00123	0.00615	0.00492	0.00492	0.75883
32	0.01163	0.00960	0.01035	0.00996	0.01279	0.00890	0.00753	0.01682	0.09697	0.02661	0.21610	0.06954	0.43547	0.01884	0.00964	0.00276	0.00443	0.01592	0.00815	0.00797
33	0.01291	0.01010	0.01232	0.01162	0.01211	0.01136	0.00800	0.01371	0.01329	0.01795	0.03176	0.05025	0.11958	0.44207	0.06268	0.00665	0.14044	0.01183	0.00514	0.00622
34	0.01575	0.02208	0.19220	0.01634	0.02213	0.06963	0.05011	0.05180	0.02136	0.02824	0.21549	0.04583	0.18774	0.01385	0.00901	0.00263	0.00806	0.01170	0.00652	0.00952
35	0.21510	0.01237	0.01288	0.01158	0.01525	0.01267	0.00905	0.08270	0.02108	0.08602	0.20082	0.10837	0.15167	0.01487	0.00837	0.00270	0.00553	0.01220	0.00769	0.00907
36	0.10118	0.09153	0.10342	0.01994	0.08742	0.06650	0.01578	0.15456	0.02093	0.02963	0.01726	0.02490	0.01549	0.15147	0.01581	0.00363	0.05757	0.00745	0.00517	0.01037
37	0.10914	0.23825	0.23914	0.08795	0.02988	0.09048	0.02019	0.05273	0.01842	0.02559	0.01350	0.01611	0.01062	0.00784	0.00681	0.00232	0.01057	0.00554	0.00403	0.01090
38	0.55622	0.02245	0.16038	0.01515	0.02208	0.01892	0.04910	0.02497	0.01521	0.03421	0.01261	0.01491	0.00954	0.00771	0.00602	0.00260	0.00817	0.00517	0.00472	0.00986
39	0.01825	0.11485	0.02011	0.04118	0.01944	0.08387	0.01223	0.04755	0.04262	0.06158	0.05909	0.06146	0.07507	0.02969	0.23893	0.00625	0.04374	0.00939	0.00558	0.00914
40	0.01246	0.00734	0.01016	0.01083	0.01129	0.00703	0.00729	0.01119	0.01342	0.01760	0.03249	0.26456	0.09478	0.02707	0.02257	0.41938	0.00608	0.01394	0.00545	0.00504
41	0.01683	0.01988	0.13659	0.10662	0.09110	0.01666	0.06835	0.02618	0.16930	0.02545	0.02392	0.07113	0.02137	0.15250	0.01545	0.00384	0.00932	0.00980	0.00543	0.01029
42	0.02597	0.02056	0.02295	0.01834	0.02373	0.02315	0.01497	0.36040	0.15585	0.04157	0.02096	0.02167	0.01577	0.01048	0.01079	0.00259	0.10471	0.00757	0.00733	0.09065
43	0.02484	0.25325	0.18167	0.01967	0.02674	0.31672	0.01894	0.02893	0.02002	0.02150	0.01292	0.01506	0.01065	0.00794	0.00690	0.00214	0.01241	0.00525	0.00387	0.01058
44	0.01549	0.00774	0.00774	0.00774	0.00968	0.00774	0.00581	0.01936	0.01742	0.03097	0.02710	0.03097	0.02129	0.00968	0.00581	0.00194	0.00387	0.00774	0.75416	0.00774
45	0.01196	0.00855	0.01157	0.01157	0.01244	0.00942	0.00817	0.01369	0.01282	0.01797	0.02388	0.04165	0.02468	0.33007	0.41271	0.01115	0.01636	0.01022	0.00469	0.00643
46	0.05825	0.36399	0.09997	0.01693	0.02421	0.05826	0.01628	0.21538	0.02411	0.03140	0.01460	0.01593	0.01167	0.00819	0.00663	0.00214	0.00949	0.00562	0.00515	0.01180
47	0.01567	0.01214	0.01464	0.01309	0.01649	0.01239	0.01031	0.10360	0.07349	0.02983	0.17166	0.04505	0.12247	0.02722	0.18512	0.00539	0.01016	0.03724	0.00702	0.08701
48	0.02274	0.26691	0.27115	0.01945	0.02807	0.10639	0.02088	0.12369	0.02153	0.02747	0.01432	0.01618	0.01117	0.00804	0.00704	0.00226	0.01096	0.00568	0.00439	0.01170
49	0.01396	0.05161	0.10589	0.01392	0.01688	0.04272	0.01206	0.01690	0.01433	0.01950	0.02228	0.06142	0.02240	0.23408	0.30638	0.00879	0.01503	0.00961	0.00456	0.00766
50	0.02083	0.07718	0.07685	0.01803	0.04742	0.01878	0.01532	0.19889	0.08255	0.03298	0.02370	0.03387	0.02083	0.01870	0.10235	0.00410	0.01048	0.10449	0.00635	0.08628
51	0.01163	0.00851	0.01083	0.01203	0.01320	0.00829	0.00870	0.01485	0.05258	0.02316	0.09385	0.40256	0.08254	0.09455	0.01383	0.00382	0.00566	0.12463	0.00758	0.00720
52	0.02588	0.43416	0.03533	0.01709	0.02313	0.27038	0.01496	0.05364	0.02029	0.02123	0.01239	0.01422	0.01082	0.00777	0.00626	0.00194	0.01115	0.00491	0.00403	0.01043
53	0.01443	0.00722	0.01082	0.01082	0.01082	0.00722	0.00722	0.01082	0.01082	0.01443	0.01443	0.02525	0.01443	0.02886	0.03247	0.75830	0.00722	0.00722	0.00361	0.00361
54	0.01666	0.04297	0.66500	0.02368	0.03596	0.01929	0.03069	0.02631	0.01754	0.02631	0.01491	0.01754	0.01052	0.00789	0.00789	0.00263	0.01228	0.00614	0.00351	0.01228
55	0.01666	0.04297	0.66500	0.02368	0.03596	0.01929	0.03069	0.02631	0.01754	0.02631	0.01491	0.01754	0.01052	0.00789	0.00789	0.00263	0.01228	0.00614	0.00351	0.01228
56	0.01948	0.15189	0.15774	0.05003	0.02722	0.04659	0.09213	0.05296	0.14535	0.02661	0.02030	0.02485	0.01662	0.08135	0.01126	0.00304	0.00974	0.00772	0.04423	0.01086
57	0.01724	0.11264	0.60038	0.02269	0.03443	0.02070	0.02898	0.02616	0.01747	0.02561	0.01456	0.01710	0.01054	0.00781	0.00763	0.00254	0.01192	0.00596	0.00351	0.01211
58	0.01208	0.00805	0.00906	0.00906	0.00906	0.00805	0.00503	0.01208	0.01208	0.01611	0.02618	0.05436	0.03020	0.70804	0.04228	0.00805	0.00805	0.01208	0.00503	0.00503
59	0.02099	0.46260	0.13930	0.01630	0.02375	0.02818	0.01667	0.02904	0.14428	0.02374	0.01663	0.01761	0.01364	0.00808	0.00638	0.00213	0.00896	0.00573	0.00455	0.01143
60	0.01933	0.11386	0.01896	0.01461	0.01740	0.17972	0.01128	0.02132	0.01757	0.04754	0.02492	0.09674	0.02592	0.19076	0.07798	0.00495	0.01084	0.09280	0.00541	0.00810
61	0.09133	0.02432	0.21718	0.01706	0.02477	0.01682	0.01729	0.13512	0.02206	0.14110	0.04635	0.02353	0.01710	0.05120	0.00971	0.00271	0.00878	0.00717	0.00623	0.12017
62	0.01776	0.01571	0.04709	0.02184	0.14773	0.04015	0.01424	0.04829	0.13767	0.05359	0.03089	0.25090	0.03039	0.01731	0.03972	0.00331	0.00793	0.01318	0.05198	0.01033

[dist]
# distance from previous block
# <min> <max>
5	19

[block]
# block no. 6 follows, 22 sequences, length 35
# corresponding to MSA columns:
# 397-431
name=unknown_G
#
# <colnr> <probs for GDERKNQSTAVLIFYWHMCP>
#	G	D	E	R	K	N	Q	S	T	A	V	L	I	F	Y	W	H	M	C	P
0	0.02291	0.01643	0.06571	0.01451	0.01929	0.06162	0.01218	0.05121	0.04606	0.23182	0.12492	0.15713	0.06509	0.01416	0.00882	0.00263	0.00705	0.01200	0.00805	0.05841
1	0.02214	0.01833	0.01955	0.01720	0.02208	0.02094	0.01361	0.14270	0.50487	0.03723	0.03198	0.03246	0.02464	0.01167	0.00859	0.00282	0.00707	0.04070	0.00839	0.01302
2	0.02186	0.14597	0.02611	0.01748	0.02186	0.09594	0.07090	0.02497	0.01931	0.12067	0.11387	0.02991	0.07158	0.01163	0.01166	0.00257	0.13850	0.00875	0.00593	0.04054
3	0.02140	0.52196	0.09762	0.01560	0.02275	0.02934	0.01557	0.02855	0.13176	0.02298	0.01596	0.01697	0.01335	0.00795	0.00615	0.00205	0.00878	0.00551	0.00445	0.01127
4	0.01843	0.25685	0.46663	0.02066	0.03128	0.02363	0.02543	0.02585	0.01733	0.02415	0.01384	0.01619	0.01057	0.00764	0.00707	0.00236	0.01119	0.00560	0.00352	0.01176
5	0.01026	0.00770	0.00951	0.01060	0.01188	0.00696	0.00737	0.01219	0.01768	0.02310	0.13469	0.45769	0.21305	0.02356	0.01029	0.00313	0.00454	0.02092	0.00790	0.00696
6	0.01007	0.00745	0.00941	0.01099	0.01190	0.00680	0.00745	0.01163	0.01646	0.02143	0.05284	0.58811	0.16490	0.02511	0.01046	0.00327	0.00471	0.02250	0.00771	0.00680
7	0.01601	0.01541	0.02720	0.02156	0.02469	0.01681	0.22234	0.01931	0.01502	0.02112	0.01887	0.03165	0.01825	0.20459	0.13164	0.00612	0.16692	0.00969	0.00434	0.00846
8	0.01043	0.00760	0.00931	0.01052	0.01133	0.00704	0.00695	0.01173	0.01574	0.02047	0.04915	0.46609	0.16025	0.15349	0.01642	0.00415	0.00532	0.02033	0.00721	0.00647
9	0.01961	0.02241	0.04902	0.03501	0.04342	0.02101	0.62605	0.02661	0.01961	0.02661	0.01681	0.02241	0.01261	0.00700	0.00980	0.00280	0.01401	0.00980	0.00420	0.01120
10	0.06496	0.02169	0.13735	0.01683	0.02327	0.06567	0.01556	0.10943	0.02299	0.29157	0.02710	0.12125	0.02152	0.01182	0.00836	0.00265	0.00855	0.00962	0.00769	0.01212
11	0.02010	0.01927	0.03289	0.11111	0.59970	0.01962	0.02527	0.02509	0.01870	0.02658	0.01555	0.02071	0.01296	0.00749	0.00823	0.00250	0.00998	0.00740	0.00407	0.01279
12	0.01911	0.01826	0.03110	0.24033	0.47820	0.01936	0.02478	0.02423	0.01823	0.02538	0.01537	0.02103	0.01254	0.00767	0.00825	0.00256	0.01023	0.00740	0.00399	0.01199
13	0.01065	0.00798	0.00915	0.00966	0.01098	0.00727	0.00650	0.01215	0.01660	0.02125	0.10131	0.25222	0.27118	0.20351	0.01861	0.00434	0.00538	0.01766	0.00712	0.00648
14	0.01991	0.36187	0.27213	0.01814	0.02683	0.02603	0.02022	0.02821	0.10767	0.02428	0.01603	0.01746	0.01274	0.00800	0.00674	0.00225	0.00982	0.00579	0.00425	0.01163
15	0.02609	0.01784	0.01993	0.01654	0.02187	0.01935	0.01324	0.21002	0.29293	0.15714	0.08792	0.03022	0.02621	0.01125	0.00852	0.00266	0.00716	0.00918	0.00882	0.01312
16	0.01306	0.00826	0.01116	0.01254	0.01379	0.00774	0.00915	0.01510	0.01718	0.07696	0.04433	0.53161	0.05067	0.02410	0.01057	0.00339	0.00554	0.12938	0.00792	0.00755
17	0.01123	0.00847	0.01038	0.00990	0.01209	0.00762	0.00743	0.01466	0.02228	0.03038	0.49865	0.06688	0.23341	0.01808	0.00980	0.00266	0.00400	0.01570	0.00876	0.00762
18	0.01488	0.01367	0.02270	0.58996	0.05067	0.01676	0.02084	0.01982	0.01651	0.02122	0.01926	0.12084	0.01744	0.01088	0.00864	0.00286	0.01017	0.00974	0.00427	0.00887
19	0.02258	0.02134	0.02780	0.23654	0.29755	0.13909	0.02177	0.02702	0.01952	0.08399	0.01647	0.02075	0.01277	0.00816	0.00813	0.00251	0.01091	0.00711	0.00460	0.01140
20	0.01349	0.01128	0.01790	0.01605	0.01862	0.01079	0.12194	0.04815	0.01824	0.02424	0.06344	0.36040	0.08887	0.08505	0.01330	0.00362	0.00718	0.06259	0.00690	0.00793
21	0.01187	0.00890	0.01335	0.01335	0.01483	0.01038	0.01038	0.01483	0.01335	0.01928	0.02225	0.03264	0.02077	0.06231	0.67512	0.01335	0.02225	0.00890	0.00445	0.00742
22	0.05652	0.10411	0.26016	0.07708	0.05944	0.01780	0.02005	0.02329	0.05682	0.02521	0.02348	0.15008	0.02261	0.01251	0.00831	0.00277	0.00926	0.05505	0.00505	0.01038
23	0.01769	0.01925	0.11641	0.07590	0.14257	0.01620	0.07511	0.11559	0.02075	0.02846	0.02658	0.25390	0.02703	0.01429	0.00916	0.00286	0.00886	0.01301	0.00589	0.01050
24	0.01960	0.03527	0.44758	0.02171	0.03171	0.02050	0.02515	0.11709	0.14090	0.03171	0.01928	0.02048	0.01391	0.00885	0.00806	0.00265	0.01072	0.00696	0.00516	0.01271
25	0.01899	0.01783	0.02121	0.05795	0.14943	0.09344	0.01489	0.05455	0.01856	0.02550	0.01674	0.02164	0.01430	0.02016	0.16359	0.00458	0.01215	0.00667	0.00469	0.26314
26	0.01702	0.08566	0.62541	0.02308	0.03502	0.02016	0.02964	0.02622	0.01750	0.02588	0.01469	0.01727	0.01053	0.00784	0.00773	0.00258	0.01206	0.00603	0.00351	0.01217
27	0.01439	0.01029	0.01185	0.01048	0.01347	0.00923	0.00768	0.04662	0.01954	0.06004	0.19320	0.05532	0.21826	0.17111	0.01644	0.00369	0.00567	0.01294	0.00724	0.11252
28	0.02268	0.01944	0.06216	0.08766	0.06031	0.04498	0.01540	0.16238	0.04818	0.09150	0.01896	0.02124	0.01441	0.01243	0.05879	0.00299	0.00965	0.00680	0.00602	0.23402
29	0.01959	0.02053	0.02546	0.02099	0.02548	0.16070	0.18238	0.05634	0.06009	0.02582	0.05285	0.22481	0.02846	0.01382	0.00921	0.00273	0.00999	0.01278	0.00600	0.04197
30	0.02132	0.11952	0.02418	0.04571	0.11409	0.09406	0.01444	0.10957	0.07313	0.02791	0.06601	0.02480	0.01954	0.04835	0.01177	0.07387	0.00878	0.00747	0.00547	0.09001
31	0.08106	0.25178	0.03140	0.05303	0.05295	0.11878	0.07380	0.11134	0.02122	0.05211	0.01628	0.04284	0.01376	0.01079	0.03295	0.00271	0.01056	0.00683	0.00500	0.01083
32	0.02232	0.02023	0.06056	0.05427	0.05672	0.10048	0.01450	0.13895	0.12286	0.07694	0.02280	0.02927	0.01914	0.14299	0.07737	0.00458	0.01069	0.00847	0.00622	0.01066
33	0.13790	0.29442	0.14694	0.01639	0.02378	0.08614	0.01633	0.06472	0.04198	0.02685	0.01391	0.01566	0.01128	0.00775	0.00635	0.00213	0.00942	0.00526	0.00445	0.06834
34	0.01856	0.01480	0.05877	0.01818	0.09097	0.01318	0.03708	0.02411	0.09882	0.11571	0.02807	0.03782	0.05608	0.23981	0.07050	0.00515	0.00922	0.00987	0.00610	0.04722

[dist]
# distance from previous block
# <min> <max>
0	11

# created by:
# /home/berkeley/.conda/envs/busco_data_prod/bin/msa2prfl.pl pipeline/OGs_align_augustus/4893/38860.fs
