[name]
unknown

[dist]
# distance from previous block
# <min> <max>
0	35

[block]
# block no. 0 follows, 34 sequences, length 53
# corresponding to MSA columns:
# 37-89
name=unknown_A
#
# <colnr> <probs for GDERKNQSTAVLIFYWHMCP>
#	G	D	E	R	K	N	Q	S	T	A	V	L	I	F	Y	W	H	M	C	P
0	0.09847	0.01450	0.01484	0.01279	0.01657	0.05079	0.01035	0.25758	0.21211	0.03005	0.07478	0.02743	0.02020	0.00952	0.00660	0.00212	0.00605	0.09936	0.00601	0.02989
1	0.01882	0.01407	0.01575	0.01208	0.01724	0.01373	0.00977	0.25646	0.12991	0.08409	0.01625	0.01645	0.01213	0.00666	0.00577	0.00156	0.00568	0.00525	0.00548	0.35285
2	0.01329	0.07936	0.67635	0.01820	0.02741	0.01570	0.04172	0.02040	0.01365	0.02014	0.01147	0.01354	0.00824	0.00608	0.00605	0.00201	0.00942	0.00477	0.00275	0.00945
3	0.01419	0.01236	0.01921	0.24122	0.17490	0.01407	0.03774	0.04889	0.02922	0.04997	0.01526	0.09651	0.01387	0.02977	0.03287	0.00258	0.12739	0.00727	0.00381	0.02890
4	0.01446	0.29186	0.49415	0.01586	0.02401	0.01868	0.01942	0.02007	0.01346	0.01863	0.01069	0.01250	0.00822	0.00593	0.00545	0.00182	0.00863	0.00432	0.00274	0.00911
5	0.00940	0.00626	0.00705	0.00705	0.00705	0.00626	0.00392	0.00940	0.00940	0.01253	0.02036	0.04228	0.02349	0.77292	0.03289	0.00626	0.00626	0.00940	0.00392	0.00392
6	0.01040	0.00724	0.00868	0.00809	0.01013	0.00663	0.00611	0.01365	0.05182	0.07219	0.42150	0.04941	0.26210	0.03348	0.00816	0.00219	0.00347	0.01165	0.00672	0.00638
7	0.04200	0.01822	0.01822	0.01481	0.01927	0.11584	0.04162	0.37617	0.20937	0.03220	0.01748	0.01742	0.01292	0.00772	0.00635	0.00197	0.00720	0.00601	0.02521	0.01000
8	0.01644	0.01672	0.02417	0.14731	0.53612	0.10809	0.01861	0.02008	0.01489	0.01973	0.01178	0.01563	0.00974	0.00598	0.00633	0.00192	0.00833	0.00555	0.00316	0.00942
9	0.00940	0.00626	0.00705	0.00705	0.00705	0.00626	0.00392	0.00940	0.00940	0.01253	0.02036	0.04228	0.02349	0.77292	0.03289	0.00626	0.00626	0.00940	0.00392	0.00392
10	0.00797	0.00579	0.00753	0.00873	0.00935	0.00534	0.00592	0.00932	0.01311	0.01745	0.10322	0.64740	0.09643	0.01929	0.00814	0.00253	0.00365	0.01738	0.00610	0.00534
11	0.01780	0.01373	0.01487	0.01297	0.01681	0.01546	0.01020	0.09333	0.56940	0.09510	0.04938	0.02397	0.02001	0.00876	0.00659	0.00215	0.00526	0.00725	0.00672	0.01023
12	0.00787	0.00562	0.00750	0.00900	0.00937	0.00525	0.00600	0.00900	0.01237	0.01649	0.03561	0.76871	0.04274	0.02024	0.00825	0.00262	0.00375	0.01837	0.00600	0.00525
13	0.04696	0.01112	0.01463	0.01144	0.01620	0.01002	0.00938	0.03079	0.07266	0.64229	0.04719	0.02269	0.01747	0.00817	0.00648	0.00202	0.00538	0.00665	0.00776	0.01068
14	0.01934	0.01410	0.01502	0.01280	0.01662	0.03923	0.01003	0.15259	0.40335	0.14023	0.02320	0.02334	0.01751	0.07233	0.00872	0.00244	0.00585	0.00698	0.00645	0.00987
15	0.00791	0.00586	0.00740	0.00849	0.00927	0.00534	0.00580	0.00926	0.01320	0.01730	0.08779	0.59047	0.17016	0.01906	0.00809	0.00250	0.00361	0.01705	0.00607	0.00534
16	0.02126	0.08670	0.05793	0.03547	0.04548	0.29350	0.10508	0.21766	0.03443	0.02408	0.01238	0.01402	0.00956	0.00670	0.00617	0.00184	0.00944	0.00521	0.00418	0.00894
17	0.01540	0.14649	0.36892	0.02009	0.12130	0.01657	0.08200	0.03675	0.03732	0.05360	0.01259	0.01454	0.00947	0.00609	0.00599	0.00190	0.00846	0.00511	0.00333	0.03408
18	0.01518	0.01254	0.01436	0.01042	0.01607	0.01044	0.00840	0.12730	0.01611	0.02420	0.01213	0.01374	0.00980	0.00526	0.00505	0.00111	0.00516	0.00415	0.00425	0.68435
19	0.05472	0.01298	0.08525	0.01623	0.14297	0.01087	0.01166	0.02222	0.08109	0.23950	0.14474	0.07389	0.05702	0.00947	0.00669	0.00206	0.00558	0.00812	0.00594	0.00899
20	0.00850	0.00636	0.00875	0.04640	0.03673	0.00615	0.00694	0.00993	0.01267	0.01692	0.06574	0.61505	0.05846	0.05757	0.00932	0.00272	0.00421	0.01640	0.00569	0.00550
21	0.04216	0.01412	0.01577	0.01214	0.01718	0.01400	0.00984	0.28279	0.10210	0.10587	0.01615	0.01640	0.01193	0.00709	0.00619	0.01752	0.00580	0.00529	0.00557	0.29206
22	0.04760	0.01569	0.01937	0.12774	0.14409	0.07614	0.03143	0.21455	0.01967	0.16785	0.01533	0.01656	0.01103	0.00688	0.00625	0.00190	0.00737	0.00564	0.00509	0.05981
23	0.01995	0.45181	0.05059	0.01328	0.01832	0.21055	0.01201	0.11998	0.01695	0.01918	0.01026	0.01154	0.00868	0.00616	0.00498	0.00156	0.00825	0.00402	0.00344	0.00851
24	0.01150	0.00814	0.01136	0.01077	0.01233	0.00928	0.00840	0.06857	0.01230	0.05038	0.01750	0.02508	0.01595	0.08172	0.59757	0.00892	0.03302	0.00692	0.00392	0.00636
25	0.01378	0.01404	0.04238	0.07976	0.26751	0.01393	0.18394	0.01755	0.02769	0.01891	0.01763	0.02347	0.06953	0.10574	0.01144	0.00266	0.07103	0.00731	0.00353	0.00816
26	0.01468	0.01405	0.02438	0.08019	0.53562	0.01409	0.07558	0.01842	0.01461	0.02061	0.04738	0.08149	0.01520	0.00735	0.00672	0.00202	0.00746	0.00726	0.00360	0.00930
27	0.01457	0.01326	0.01396	0.01029	0.01582	0.07068	0.00817	0.03429	0.01423	0.02110	0.01146	0.01330	0.00950	0.00502	0.00491	0.00104	0.00542	0.00391	0.00385	0.72521
28	0.00998	0.00662	0.00954	0.01005	0.01110	0.00612	0.03885	0.01142	0.01302	0.07698	0.03372	0.67144	0.03897	0.01853	0.00807	0.00255	0.00423	0.01688	0.00604	0.00589
29	0.01520	0.01971	0.18039	0.05067	0.16647	0.01609	0.28055	0.06890	0.01529	0.02148	0.01284	0.03356	0.01025	0.00669	0.00811	0.00215	0.07265	0.00655	0.00338	0.00908
30	0.01666	0.23882	0.24802	0.01777	0.02427	0.11341	0.16765	0.02108	0.01449	0.04022	0.01130	0.01355	0.00884	0.00610	0.00634	0.00186	0.03279	0.00502	0.00310	0.00871
31	0.00879	0.00651	0.00820	0.00795	0.00948	0.00592	0.00590	0.01145	0.01722	0.02376	0.56397	0.11079	0.16750	0.01431	0.00768	0.00211	0.00314	0.01256	0.00684	0.00592
32	0.01883	0.08173	0.04205	0.01781	0.11221	0.14101	0.04330	0.11611	0.25367	0.05484	0.04113	0.01875	0.01487	0.00750	0.00627	0.00195	0.00731	0.00610	0.00506	0.00951
33	0.02253	0.02214	0.05108	0.01658	0.04276	0.26464	0.04291	0.28934	0.09936	0.06295	0.01493	0.01548	0.01109	0.00727	0.00630	0.00189	0.00864	0.00548	0.00509	0.00954
34	0.00834	0.00646	0.00910	0.00956	0.01061	0.00594	0.04343	0.00993	0.01334	0.01764	0.09651	0.57196	0.13620	0.01834	0.00808	0.00249	0.00401	0.01659	0.00595	0.00553
35	0.75191	0.01237	0.00996	0.00875	0.01283	0.01407	0.00721	0.02005	0.01163	0.08877	0.01039	0.01147	0.00776	0.00617	0.00421	0.00200	0.00504	0.00375	0.00434	0.00734
36	0.00889	0.00654	0.00824	0.00791	0.00942	0.00598	0.00585	0.01155	0.01722	0.02386	0.58235	0.08175	0.15055	0.04102	0.00855	0.00223	0.00322	0.01217	0.00680	0.00589
37	0.02457	0.01266	0.01610	0.01227	0.01740	0.01174	0.02795	0.15089	0.05396	0.43751	0.02104	0.01936	0.01403	0.00738	0.00623	0.00183	0.00579	0.00599	0.00682	0.14648
38	0.00787	0.00562	0.00750	0.00900	0.00937	0.00525	0.00600	0.00900	0.01237	0.01649	0.03561	0.76871	0.04274	0.02024	0.00825	0.00262	0.00375	0.01837	0.00600	0.00525
39	0.01363	0.01221	0.01658	0.07504	0.05100	0.01021	0.06833	0.01722	0.02906	0.02078	0.01197	0.01441	0.00976	0.00511	0.00528	0.00123	0.00576	0.00447	0.00373	0.62423
40	0.03904	0.01161	0.01388	0.01046	0.01573	0.00977	0.00843	0.02258	0.08578	0.23019	0.01698	0.01690	0.01239	0.00615	0.00544	0.00141	0.00503	0.00495	0.00532	0.47795
41	0.00791	0.00565	0.00753	0.00897	0.00938	0.00527	0.00600	0.00909	0.01255	0.01678	0.05690	0.74659	0.04329	0.02003	0.00823	0.00261	0.00373	0.01816	0.00603	0.00527
42	0.01540	0.01507	0.02416	0.21815	0.52907	0.04739	0.01903	0.01926	0.01442	0.01972	0.01189	0.01611	0.00974	0.00597	0.00639	0.00197	0.00809	0.00568	0.00312	0.00935
43	0.00910	0.00689	0.01006	0.01006	0.01130	0.00786	0.00781	0.01135	0.01075	0.01520	0.02134	0.02846	0.07588	0.04577	0.68543	0.00970	0.01613	0.00748	0.00367	0.00574
44	0.01503	0.01427	0.02381	0.17823	0.53733	0.01459	0.01844	0.01888	0.01425	0.02020	0.01197	0.01602	0.00986	0.00581	0.00627	0.00188	0.00762	0.00559	0.00319	0.07676
45	0.00923	0.00692	0.01038	0.01038	0.01154	0.00808	0.00808	0.01154	0.01038	0.01500	0.01731	0.02538	0.01615	0.04846	0.74732	0.01038	0.01731	0.00692	0.00346	0.00577
46	0.01778	0.38864	0.10601	0.04930	0.11707	0.15482	0.01430	0.03676	0.01468	0.01736	0.01014	0.01222	0.00863	0.00604	0.00547	0.00166	0.02332	0.00424	0.00302	0.00854
47	0.01549	0.01461	0.01891	0.01553	0.05343	0.07419	0.10525	0.03263	0.04453	0.04195	0.01252	0.01573	0.01045	0.03059	0.00918	0.00182	0.13554	0.00522	0.00381	0.35862
48	0.01775	0.01772	0.02282	0.13300	0.34466	0.14085	0.05037	0.09699	0.07194	0.02213	0.01320	0.01608	0.01048	0.00645	0.00639	0.00195	0.00838	0.00570	0.00380	0.00934
49	0.01439	0.01378	0.02101	0.45766	0.20488	0.04703	0.01758	0.05152	0.01419	0.01869	0.01154	0.01636	0.00909	0.00675	0.00760	0.00212	0.06890	0.00567	0.00314	0.00810
50	0.03849	0.01311	0.01726	0.07618	0.05055	0.03530	0.06907	0.15660	0.07225	0.21651	0.13684	0.02431	0.02121	0.03379	0.00757	0.00216	0.00638	0.00724	0.00604	0.00914
51	0.01527	0.01503	0.02132	0.23656	0.33427	0.08517	0.01669	0.03642	0.01470	0.01955	0.03676	0.03447	0.01199	0.00694	0.00717	0.00198	0.04846	0.00600	0.00341	0.04783
52	0.10630	0.01575	0.01906	0.15392	0.25414	0.12327	0.01456	0.03844	0.06467	0.04654	0.03258	0.04972	0.01290	0.00741	0.00669	0.00202	0.03342	0.00611	0.00396	0.00853

[dist]
# distance from previous block
# <min> <max>
3	16

[block]
# block no. 1 follows, 34 sequences, length 37
# corresponding to MSA columns:
# 106-142
name=unknown_B
#
# <colnr> <probs for GDERKNQSTAVLIFYWHMCP>
#	G	D	E	R	K	N	Q	S	T	A	V	L	I	F	Y	W	H	M	C	P
0	0.07488	0.17569	0.02184	0.01487	0.04036	0.17766	0.05719	0.16238	0.07138	0.06334	0.01330	0.01425	0.01030	0.00658	0.00563	0.00173	0.00776	0.00492	0.00443	0.07151
1	0.07402	0.07013	0.01993	0.01645	0.08029	0.14001	0.05647	0.18932	0.07269	0.16996	0.01596	0.01623	0.01158	0.00702	0.00607	0.00187	0.00748	0.00552	0.00527	0.03373
2	0.07555	0.06585	0.09143	0.01485	0.07862	0.04248	0.01197	0.14204	0.10342	0.13052	0.07690	0.01907	0.01597	0.00740	0.00600	0.00184	0.00634	0.00588	0.00527	0.09858
3	0.00865	0.00650	0.00801	0.00780	0.00939	0.00586	0.00579	0.01117	0.01687	0.02294	0.49989	0.11526	0.22891	0.01463	0.00768	0.00212	0.00317	0.01277	0.00673	0.00586
4	0.01563	0.01791	0.14354	0.07100	0.24234	0.04044	0.04619	0.06208	0.07163	0.04310	0.04574	0.01855	0.02877	0.00753	0.00825	0.00208	0.09875	0.00614	0.00392	0.02639
5	0.00805	0.00586	0.00760	0.00866	0.00936	0.00540	0.00592	0.00953	0.01351	0.01807	0.14835	0.59548	0.10273	0.01880	0.00810	0.00249	0.00360	0.01691	0.00618	0.00540
6	0.01602	0.01377	0.01490	0.08785	0.01909	0.03711	0.01069	0.10588	0.46872	0.02617	0.04842	0.02524	0.04982	0.03793	0.00761	0.00229	0.00578	0.00739	0.00598	0.00933
7	0.00794	0.00581	0.00749	0.00880	0.00945	0.00536	0.00603	0.00920	0.01277	0.01673	0.03934	0.65205	0.12969	0.01966	0.00820	0.00258	0.00377	0.04383	0.00600	0.00530
8	0.01599	0.01535	0.02623	0.03966	0.73262	0.01535	0.01983	0.01983	0.01471	0.02111	0.01215	0.01599	0.01023	0.00576	0.00640	0.00192	0.00768	0.00576	0.00320	0.01023
9	0.02360	0.01859	0.02007	0.01769	0.09802	0.06515	0.01312	0.59241	0.02791	0.03701	0.01480	0.01532	0.01074	0.00747	0.00642	0.00192	0.00746	0.00571	0.00591	0.01069
10	0.00818	0.00657	0.00730	0.00712	0.00906	0.00569	0.00534	0.01033	0.01602	0.02052	0.30576	0.05714	0.48778	0.01522	0.00763	0.00213	0.00319	0.01293	0.00640	0.00569
11	0.01328	0.01289	0.02277	0.53735	0.17768	0.01477	0.09396	0.01762	0.01352	0.01787	0.01179	0.01701	0.00906	0.00621	0.00658	0.00211	0.00868	0.00595	0.00298	0.00794
12	0.02106	0.01273	0.01459	0.01102	0.01627	0.05589	0.00890	0.04785	0.01646	0.32390	0.01745	0.01699	0.01226	0.00636	0.00563	0.00148	0.00560	0.00505	0.00565	0.39486
13	0.01340	0.01148	0.01340	0.00957	0.01531	0.00861	0.00766	0.01627	0.01340	0.02105	0.01148	0.01340	0.00957	0.00479	0.00479	0.00096	0.00479	0.00383	0.00383	0.81242
14	0.01544	0.01479	0.02522	0.14487	0.63175	0.01521	0.01955	0.01934	0.01445	0.02043	0.01206	0.01617	0.01000	0.00586	0.00641	0.00195	0.00781	0.00575	0.00315	0.00979
15	0.00933	0.00624	0.00707	0.00713	0.00714	0.00622	0.00400	0.00938	0.00952	0.01269	0.02100	0.07262	0.02429	0.74149	0.03186	0.00611	0.00616	0.00977	0.00400	0.00397
16	0.02141	0.01431	0.01571	0.01271	0.01684	0.04323	0.01023	0.32676	0.10030	0.18111	0.14226	0.04492	0.02242	0.00917	0.00671	0.00200	0.00594	0.00743	0.00677	0.00976
17	0.00974	0.00829	0.01067	0.01024	0.01117	0.00934	0.00780	0.01135	0.01307	0.01773	0.14211	0.22603	0.21419	0.05151	0.02938	0.00282	0.20139	0.01211	0.00519	0.00586
18	0.01720	0.06610	0.27393	0.01532	0.02155	0.01614	0.03633	0.15036	0.20564	0.07585	0.04461	0.01860	0.01439	0.00748	0.00632	0.00203	0.00728	0.00603	0.00499	0.00986
19	0.01561	0.05062	0.04849	0.06770	0.18719	0.04296	0.11267	0.04233	0.01411	0.04693	0.04342	0.01741	0.01220	0.00815	0.01060	0.02029	0.19983	0.00609	0.04509	0.00830
20	0.01645	0.15188	0.16410	0.01816	0.09936	0.04354	0.10159	0.13073	0.03564	0.03985	0.09182	0.04701	0.01664	0.00760	0.00631	0.00192	0.00760	0.00653	0.00430	0.00897
21	0.00940	0.00626	0.00705	0.00705	0.00705	0.00626	0.00392	0.00940	0.00940	0.01253	0.02036	0.04228	0.02349	0.77292	0.03289	0.00626	0.00626	0.00940	0.00392	0.00392
22	0.05842	0.04024	0.08157	0.01549	0.04750	0.11593	0.05432	0.23956	0.03838	0.14526	0.04107	0.04644	0.01414	0.00783	0.00631	0.00195	0.00742	0.00627	0.02246	0.00944
23	0.08854	0.01264	0.01489	0.03286	0.07409	0.01252	0.00992	0.12365	0.12628	0.11984	0.04658	0.01864	0.01456	0.00700	0.00574	0.00171	0.00545	0.00565	0.05296	0.22647
24	0.02037	0.08404	0.04905	0.03223	0.03758	0.32655	0.01251	0.13991	0.13467	0.02215	0.01475	0.04768	0.01220	0.00778	0.00653	0.00188	0.03140	0.00567	0.00441	0.00863
25	0.01891	0.44738	0.08415	0.01431	0.01997	0.09695	0.10051	0.02184	0.01467	0.10916	0.01193	0.01314	0.00947	0.00600	0.00522	0.00164	0.00793	0.00455	0.00356	0.00871
26	0.01667	0.01513	0.01488	0.01341	0.01704	0.06998	0.01039	0.03370	0.66912	0.02620	0.02510	0.02319	0.01888	0.00861	0.00652	0.00215	0.00560	0.00707	0.00634	0.01003
27	0.00860	0.00655	0.00772	0.00745	0.00909	0.00587	0.00547	0.01087	0.01622	0.02164	0.42178	0.05300	0.30919	0.07668	0.00970	0.00244	0.00340	0.01223	0.00643	0.00568
28	0.08168	0.00845	0.01076	0.06121	0.01384	0.00925	0.00819	0.05793	0.03432	0.04461	0.02382	0.31974	0.02533	0.05803	0.18631	0.00449	0.02961	0.01111	0.00493	0.00637
29	0.01512	0.01819	0.08476	0.02603	0.05608	0.01632	0.58061	0.02110	0.04779	0.02081	0.01339	0.01731	0.01012	0.00587	0.00791	0.00218	0.03693	0.00728	0.00337	0.00884
30	0.00886	0.00660	0.00826	0.00798	0.00959	0.00600	0.00601	0.01158	0.01732	0.02378	0.55740	0.07155	0.18950	0.01417	0.00769	0.00211	0.00321	0.03562	0.00683	0.00594
31	0.01599	0.01535	0.02623	0.03966	0.73262	0.01535	0.01983	0.01983	0.01471	0.02111	0.01215	0.01599	0.01023	0.00576	0.00640	0.00192	0.00768	0.00576	0.00320	0.01023
32	0.01557	0.02257	0.28721	0.05403	0.07073	0.04016	0.29890	0.02118	0.01484	0.07629	0.01372	0.03075	0.01027	0.00629	0.00683	0.00209	0.00959	0.00641	0.00348	0.00911
33	0.01128	0.00911	0.01259	0.13643	0.03527	0.01067	0.00934	0.04271	0.01144	0.01571	0.01703	0.06831	0.01774	0.31956	0.14228	0.00526	0.11772	0.00806	0.00371	0.00577
34	0.00790	0.00580	0.00741	0.00860	0.00929	0.00532	0.00584	0.00919	0.01299	0.01707	0.07227	0.63176	0.14416	0.01935	0.00813	0.00253	0.00365	0.01736	0.00605	0.00532
35	0.01040	0.00799	0.01109	0.09858	0.07256	0.00778	0.00857	0.01323	0.01620	0.04707	0.36670	0.08985	0.18442	0.01282	0.00742	0.00213	0.00432	0.02632	0.00600	0.00654
36	0.04075	0.09203	0.32399	0.01668	0.04398	0.08855	0.04077	0.10589	0.04283	0.09346	0.01447	0.01701	0.01096	0.00703	0.00613	0.00197	0.00838	0.03167	0.00410	0.00935

[dist]
# distance from previous block
# <min> <max>
0	1

[block]
# block no. 2 follows, 34 sequences, length 30
# corresponding to MSA columns:
# 144-173
name=unknown_C
#
# <colnr> <probs for GDERKNQSTAVLIFYWHMCP>
#	G	D	E	R	K	N	Q	S	T	A	V	L	I	F	Y	W	H	M	C	P
0	0.01321	0.04969	0.55966	0.01831	0.07077	0.01457	0.02073	0.03991	0.03546	0.02080	0.01560	0.05959	0.03880	0.00744	0.00630	0.00206	0.00857	0.00604	0.00330	0.00921
1	0.25393	0.07762	0.25738	0.01538	0.07658	0.01561	0.01465	0.07782	0.04656	0.04679	0.01209	0.01353	0.00908	0.00626	0.00536	0.00191	0.00706	0.00458	0.00385	0.05398
2	0.03951	0.05253	0.10067	0.02571	0.32949	0.05815	0.03855	0.08622	0.05892	0.03963	0.01305	0.01545	0.01037	0.00645	0.00680	0.00190	0.04230	0.00543	0.00381	0.06506
3	0.01671	0.05268	0.01173	0.00904	0.01225	0.00828	0.00725	0.01904	0.01668	0.28848	0.18569	0.05975	0.22629	0.01164	0.00688	0.00202	0.00427	0.00975	0.04373	0.00785
4	0.05129	0.01572	0.09494	0.05120	0.04461	0.03656	0.17087	0.12852	0.01704	0.02395	0.13662	0.08081	0.02102	0.01014	0.02852	0.00238	0.06517	0.00797	0.00458	0.00810
5	0.08530	0.10779	0.06325	0.03318	0.02305	0.07391	0.20952	0.10915	0.07240	0.02254	0.01255	0.01514	0.00990	0.00713	0.00856	0.00209	0.12634	0.00576	0.00384	0.00859
6	0.01568	0.03439	0.04640	0.01209	0.03255	0.05421	0.00960	0.08854	0.19947	0.10113	0.13550	0.09017	0.13141	0.01091	0.00687	0.00209	0.00534	0.00913	0.00611	0.00840
7	0.14970	0.01837	0.13140	0.01519	0.02077	0.03407	0.09507	0.25015	0.05803	0.11979	0.03526	0.01674	0.01221	0.00716	0.00618	0.00201	0.00728	0.00578	0.00524	0.00958
8	0.01575	0.13537	0.19972	0.02183	0.02874	0.04222	0.38903	0.05237	0.01536	0.02058	0.01212	0.01520	0.00920	0.00577	0.00664	0.00200	0.00983	0.00614	0.00322	0.00891
9	0.00803	0.00602	0.00737	0.00814	0.00914	0.00545	0.00564	0.00950	0.01366	0.01782	0.13285	0.45596	0.23063	0.04734	0.00895	0.00257	0.00363	0.01587	0.00606	0.00536
10	0.01565	0.01500	0.02560	0.10523	0.66975	0.01526	0.01966	0.01953	0.01455	0.02069	0.01209	0.01610	0.01009	0.00582	0.00640	0.00194	0.00776	0.00576	0.00317	0.00996
11	0.00805	0.00577	0.00752	0.00871	0.00923	0.00538	0.00584	0.00927	0.01274	0.01701	0.08784	0.64219	0.07288	0.06304	0.00960	0.00277	0.00382	0.01715	0.00596	0.00524
12	0.00787	0.00562	0.00750	0.00900	0.00937	0.00525	0.00600	0.00900	0.01237	0.01649	0.03561	0.76871	0.04274	0.02024	0.00825	0.00262	0.00375	0.01837	0.00600	0.00525
13	0.00830	0.00623	0.00897	0.00976	0.01050	0.00581	0.03795	0.00975	0.01292	0.01735	0.08368	0.68358	0.04253	0.01907	0.00817	0.00256	0.00402	0.01741	0.00595	0.00547
14	0.01599	0.01535	0.02623	0.03966	0.73262	0.01535	0.01983	0.01983	0.01471	0.02111	0.01215	0.01599	0.01023	0.00576	0.00640	0.00192	0.00768	0.00576	0.00320	0.01023
15	0.81856	0.01250	0.00950	0.00850	0.01250	0.01449	0.00700	0.01899	0.01100	0.02899	0.00900	0.01050	0.00700	0.00600	0.00400	0.00200	0.00500	0.00350	0.00400	0.00700
16	0.01599	0.01535	0.02623	0.03966	0.73262	0.01535	0.01983	0.01983	0.01471	0.02111	0.01215	0.01599	0.01023	0.00576	0.00640	0.00192	0.00768	0.00576	0.00320	0.01023
17	0.00914	0.00660	0.00864	0.00813	0.00965	0.00610	0.00610	0.01219	0.01829	0.02591	0.72921	0.04827	0.06097	0.01321	0.00762	0.00203	0.00305	0.01169	0.00711	0.00610
18	0.00787	0.00562	0.00750	0.00900	0.00937	0.00525	0.00600	0.00900	0.01237	0.01649	0.03561	0.76871	0.04274	0.02024	0.00825	0.00262	0.00375	0.01837	0.00600	0.00525
19	0.01540	0.01625	0.01960	0.01692	0.01735	0.11198	0.01393	0.01685	0.01096	0.01558	0.00867	0.01382	0.00846	0.01072	0.01925	0.00268	0.66609	0.00547	0.00289	0.00712
20	0.01703	0.73534	0.07322	0.01147	0.01722	0.02498	0.01177	0.01941	0.01316	0.01550	0.00913	0.01055	0.00829	0.00556	0.00426	0.00142	0.00706	0.00353	0.00276	0.00836
21	0.11358	0.01991	0.01713	0.01548	0.05861	0.24287	0.01154	0.26601	0.06060	0.06493	0.01515	0.05811	0.01225	0.00789	0.00609	0.00192	0.00792	0.00588	0.00508	0.00903
22	0.03134	0.01277	0.12126	0.01343	0.01677	0.01001	0.08669	0.03710	0.05794	0.02105	0.10539	0.16656	0.04939	0.03209	0.00832	0.00254	0.00622	0.20878	0.00528	0.00706
23	0.00871	0.00639	0.00791	0.00865	0.00957	0.00595	0.00589	0.02997	0.01320	0.01750	0.06841	0.53071	0.12531	0.09316	0.01043	0.00283	0.00404	0.01578	0.00579	0.02982
24	0.00815	0.00589	0.00770	0.00867	0.00940	0.00545	0.00596	0.00973	0.01382	0.01866	0.19273	0.57005	0.08290	0.01846	0.00807	0.00247	0.00357	0.01662	0.00625	0.00545
25	0.02040	0.01526	0.01851	0.03681	0.05224	0.01642	0.05181	0.46754	0.02493	0.05639	0.06250	0.11065	0.01801	0.00938	0.00682	0.00205	0.00668	0.00785	0.00606	0.00970
26	0.05997	0.61836	0.10276	0.01188	0.01771	0.02360	0.01220	0.05854	0.01404	0.01791	0.00962	0.01099	0.00836	0.00574	0.00447	0.00151	0.00708	0.00372	0.00304	0.00850
27	0.00809	0.00575	0.00754	0.00877	0.00920	0.00540	0.00583	0.00926	0.01255	0.01684	0.08449	0.65517	0.04243	0.08338	0.01029	0.00289	0.00391	0.01713	0.00590	0.00520
28	0.10697	0.06104	0.04176	0.04454	0.26387	0.17566	0.01405	0.04117	0.05532	0.04864	0.01459	0.03453	0.03125	0.00694	0.00592	0.00187	0.00773	0.00559	0.00391	0.03465
29	0.01626	0.01272	0.05364	0.01334	0.03683	0.01175	0.06579	0.12625	0.12482	0.13066	0.17807	0.07238	0.08721	0.01018	0.00697	0.00206	0.00555	0.00884	0.00616	0.03051

[dist]
# distance from previous block
# <min> <max>
1	3

[block]
# block no. 3 follows, 34 sequences, length 17
# corresponding to MSA columns:
# 177-193
name=unknown_D
#
# <colnr> <probs for GDERKNQSTAVLIFYWHMCP>
#	G	D	E	R	K	N	Q	S	T	A	V	L	I	F	Y	W	H	M	C	P
0	0.05380	0.06200	0.24242	0.04030	0.17967	0.22661	0.01728	0.02245	0.04151	0.03838	0.01192	0.01399	0.00927	0.00632	0.00595	0.00188	0.00911	0.00486	0.00335	0.00893
1	0.02209	0.01083	0.01349	0.01086	0.01496	0.01011	0.00876	0.11144	0.05060	0.40693	0.09097	0.05636	0.08600	0.00959	0.00664	0.00199	0.00507	0.00793	0.03834	0.03705
2	0.01683	0.09692	0.01604	0.01197	0.01549	0.07449	0.03060	0.07015	0.19444	0.12049	0.12471	0.07164	0.08558	0.01021	0.00667	0.00204	0.00573	0.03158	0.00594	0.00847
3	0.00774	0.00615	0.00695	0.00760	0.00900	0.00537	0.00538	0.00915	0.01372	0.01704	0.05264	0.36547	0.43497	0.01803	0.00790	0.00237	0.00348	0.01567	0.00600	0.00537
4	0.01668	0.01725	0.01411	0.01302	0.01597	0.24751	0.01001	0.02517	0.29220	0.02233	0.15035	0.02935	0.05256	0.00982	0.00673	0.00205	0.00682	0.05441	0.00557	0.00812
5	0.01160	0.00716	0.00936	0.00849	0.01048	0.00650	0.00648	0.01452	0.01817	0.11564	0.61362	0.04549	0.08194	0.01268	0.00748	0.00203	0.00337	0.01111	0.00718	0.00669
6	0.01002	0.00716	0.00997	0.01146	0.01277	0.00710	0.00974	0.01272	0.01449	0.01890	0.03442	0.17903	0.03803	0.01821	0.00882	0.00292	0.00561	0.58681	0.00596	0.00584
7	0.00877	0.00686	0.00798	0.00765	0.00953	0.00620	0.00575	0.01180	0.04347	0.02238	0.42178	0.05323	0.34236	0.01437	0.00759	0.00210	0.00322	0.01234	0.00662	0.00598
8	0.05702	0.01680	0.02082	0.01864	0.12081	0.01796	0.06033	0.47740	0.02527	0.09720	0.01547	0.01607	0.01107	0.00726	0.00643	0.00196	0.00722	0.00589	0.00581	0.01056
9	0.01582	0.01395	0.02216	0.08145	0.47916	0.01340	0.01631	0.01940	0.01449	0.05938	0.01267	0.01580	0.01028	0.00570	0.00603	0.00172	0.00695	0.00535	0.00358	0.19640
10	0.04180	0.04391	0.06672	0.01228	0.01660	0.06877	0.03304	0.04406	0.03398	0.17328	0.06270	0.06806	0.03400	0.02806	0.00779	0.00193	0.05752	0.00668	0.00504	0.19379
11	0.01562	0.05371	0.14568	0.06750	0.10567	0.04056	0.05667	0.06619	0.05398	0.07397	0.05565	0.04230	0.04654	0.00749	0.00623	0.00184	0.00700	0.00641	0.00436	0.14262
12	0.01684	0.01607	0.08878	0.01874	0.13420	0.03593	0.09201	0.11078	0.13266	0.07999	0.08401	0.03971	0.01757	0.00768	0.00653	0.00193	0.00683	0.00682	0.00502	0.09793
13	0.05073	0.04871	0.03644	0.01286	0.03460	0.08471	0.04414	0.11718	0.07037	0.07009	0.10000	0.05262	0.08421	0.00869	0.00624	0.00180	0.00610	0.00716	0.00516	0.15818
14	0.02003	0.06615	0.10869	0.01423	0.03881	0.03607	0.04109	0.14053	0.09400	0.21792	0.08743	0.02064	0.01737	0.00773	0.00632	0.00190	0.00652	0.00634	0.00575	0.06247
15	0.05259	0.01565	0.12262	0.04507	0.11373	0.01271	0.02940	0.07057	0.10702	0.12069	0.02078	0.02126	0.08039	0.00752	0.00615	0.00186	0.00633	0.00626	0.00486	0.15455
16	0.01830	0.03606	0.09153	0.04716	0.06172	0.05530	0.04727	0.16179	0.13446	0.11740	0.10145	0.02221	0.03430	0.00811	0.00652	0.00197	0.00673	0.00677	0.00550	0.03545

[dist]
# distance from previous block
# <min> <max>
2	63

[block]
# block no. 4 follows, 34 sequences, length 25
# corresponding to MSA columns:
# 257-281
name=unknown_E
#
# <colnr> <probs for GDERKNQSTAVLIFYWHMCP>
#	G	D	E	R	K	N	Q	S	T	A	V	L	I	F	Y	W	H	M	C	P
0	0.04080	0.01580	0.14051	0.01208	0.01651	0.05101	0.01105	0.11116	0.09292	0.04755	0.10929	0.10783	0.09467	0.01002	0.00655	0.00196	0.00589	0.00830	0.00526	0.11082
1	0.01948	0.03738	0.05459	0.01304	0.01784	0.01353	0.04542	0.16298	0.12355	0.19536	0.06976	0.02151	0.03807	0.00799	0.00675	0.00188	0.02794	0.00651	0.00591	0.13049
2	0.04252	0.11642	0.04612	0.04238	0.09485	0.01518	0.04559	0.11168	0.12074	0.13898	0.01817	0.01855	0.03851	0.00708	0.00595	0.00181	0.00640	0.00582	0.00502	0.11824
3	0.01562	0.06976	0.03337	0.06232	0.12342	0.03509	0.07261	0.06839	0.06038	0.09119	0.07959	0.09622	0.07347	0.00909	0.00657	0.00195	0.00634	0.00800	0.00493	0.08168
4	0.01535	0.05991	0.05103	0.01670	0.09148	0.01302	0.13160	0.04161	0.11997	0.08144	0.08319	0.02299	0.04352	0.03751	0.03046	0.00228	0.00688	0.00688	0.00476	0.13942
5	0.03916	0.06874	0.22079	0.01556	0.06543	0.06804	0.01421	0.07424	0.14439	0.04837	0.01889	0.09205	0.03808	0.00843	0.00624	0.00198	0.00707	0.00685	0.00452	0.05695
6	0.03545	0.00790	0.00934	0.00912	0.01106	0.00767	0.00685	0.06112	0.04192	0.06786	0.15904	0.23815	0.20005	0.04323	0.02805	0.00265	0.00453	0.05337	0.00617	0.00646
7	0.07633	0.06444	0.22555	0.01607	0.02189	0.04001	0.10843	0.09403	0.07914	0.09495	0.05036	0.01939	0.01403	0.00755	0.00689	0.00207	0.03578	0.02951	0.00451	0.00907
8	0.00880	0.00644	0.00830	0.00842	0.00976	0.00594	0.00625	0.01127	0.01638	0.02252	0.46065	0.21142	0.12230	0.01541	0.00785	0.00224	0.00343	0.06011	0.00667	0.00583
9	0.01340	0.01148	0.01340	0.00957	0.01531	0.00861	0.00766	0.01627	0.01340	0.02105	0.01148	0.01340	0.00957	0.00479	0.00479	0.00096	0.00479	0.00383	0.00383	0.81242
10	0.01122	0.00561	0.00842	0.00842	0.00842	0.00561	0.00561	0.00842	0.00842	0.01122	0.01122	0.01964	0.01122	0.02245	0.02525	0.81201	0.00561	0.00561	0.00281	0.00281
11	0.01827	0.23846	0.13108	0.01716	0.08984	0.20100	0.01443	0.07558	0.04129	0.01933	0.01201	0.01529	0.01023	0.00707	0.00664	0.00183	0.05738	0.03101	0.00350	0.00858
12	0.01607	0.21318	0.20343	0.06942	0.23363	0.01685	0.01692	0.02025	0.01442	0.07966	0.04813	0.01617	0.01214	0.00640	0.00583	0.00184	0.00759	0.00528	0.00355	0.00923
13	0.00764	0.00655	0.00655	0.00655	0.00873	0.00545	0.00491	0.00927	0.01473	0.01745	0.06546	0.06218	0.73000	0.01636	0.00764	0.00218	0.00327	0.01364	0.00600	0.00545
14	0.01434	0.02417	0.37939	0.12594	0.12018	0.01564	0.11340	0.06422	0.01483	0.02114	0.01198	0.01509	0.00892	0.00634	0.00700	0.00209	0.03749	0.00552	0.00313	0.00919
15	0.02188	0.06358	0.01816	0.01369	0.01813	0.10548	0.04543	0.21724	0.12460	0.20214	0.02203	0.04324	0.05819	0.00848	0.00645	0.00197	0.00682	0.00680	0.00604	0.00965
16	0.01085	0.00756	0.00931	0.00947	0.01104	0.00744	0.00685	0.01522	0.12609	0.06913	0.18189	0.40081	0.08737	0.01585	0.00769	0.00236	0.00390	0.01409	0.00646	0.00662
17	0.00787	0.00562	0.00750	0.00900	0.00937	0.00525	0.00600	0.00900	0.01237	0.01649	0.03561	0.76871	0.04274	0.02024	0.00825	0.00262	0.00375	0.01837	0.00600	0.00525
18	0.01762	0.01974	0.14680	0.06308	0.14307	0.11371	0.07746	0.11305	0.04346	0.07305	0.05020	0.04341	0.01392	0.00764	0.00725	0.00204	0.04479	0.00638	0.00429	0.00905
19	0.07959	0.16485	0.06086	0.01438	0.01935	0.12339	0.05876	0.19822	0.07838	0.09835	0.01504	0.01659	0.01153	0.00718	0.00589	0.00187	0.00760	0.02409	0.00485	0.00924
20	0.01761	0.01861	0.14868	0.07819	0.24181	0.04454	0.01645	0.14580	0.10080	0.07100	0.04203	0.01796	0.01320	0.00705	0.00642	0.00199	0.00752	0.00598	0.00453	0.00980
21	0.00889	0.00612	0.00757	0.00802	0.00864	0.00595	0.00532	0.00978	0.01171	0.01580	0.07522	0.27440	0.10927	0.26084	0.08129	0.05229	0.00571	0.01232	0.03601	0.00483
22	0.09029	0.08533	0.05864	0.01787	0.15034	0.13152	0.03270	0.05547	0.04337	0.11323	0.05704	0.01693	0.01348	0.00675	0.00582	0.00177	0.00718	0.00539	0.00444	0.10244
23	0.02054	0.40928	0.02602	0.01312	0.01789	0.21748	0.01145	0.10039	0.05215	0.05979	0.01179	0.01264	0.00961	0.00638	0.00511	0.00160	0.00804	0.00428	0.00382	0.00863
24	0.01892	0.13114	0.07210	0.03801	0.06687	0.04394	0.05347	0.12114	0.01708	0.15415	0.01634	0.01722	0.03844	0.00691	0.00638	0.00174	0.03232	0.00549	0.00466	0.15369

[dist]
# distance from previous block
# <min> <max>
1	4

[block]
# block no. 5 follows, 34 sequences, length 15
# corresponding to MSA columns:
# 286-300
name=unknown_F
#
# <colnr> <probs for GDERKNQSTAVLIFYWHMCP>
#	G	D	E	R	K	N	Q	S	T	A	V	L	I	F	Y	W	H	M	C	P
0	0.02009	0.00948	0.01235	0.01021	0.01377	0.00862	0.00815	0.02394	0.07204	0.40142	0.26930	0.03325	0.06845	0.01028	0.00695	0.00203	0.00451	0.00871	0.00748	0.00897
1	0.01968	0.03609	0.05257	0.07005	0.11406	0.09444	0.05921	0.11196	0.03161	0.19331	0.03351	0.02118	0.01433	0.10775	0.00989	0.00252	0.00753	0.00643	0.00499	0.00888
2	0.01668	0.01579	0.09266	0.01912	0.14661	0.03644	0.09143	0.09735	0.14385	0.09300	0.04243	0.06211	0.04054	0.06237	0.00859	0.00237	0.00702	0.00755	0.00501	0.00906
3	0.01912	0.01002	0.01248	0.01076	0.01426	0.00957	0.00863	0.04006	0.13647	0.33250	0.10602	0.07306	0.11718	0.01125	0.00708	0.00218	0.00487	0.06852	0.00709	0.00889
4	0.00875	0.00616	0.00804	0.00907	0.00967	0.00592	0.00640	0.01015	0.01274	0.01702	0.09115	0.43642	0.03945	0.16869	0.01321	0.00336	0.00459	0.13837	0.00567	0.00518
5	0.04177	0.18659	0.27953	0.01946	0.11664	0.04433	0.09173	0.03738	0.03079	0.07513	0.01261	0.01440	0.00955	0.00614	0.00587	0.00188	0.00835	0.00508	0.00350	0.00928
6	0.01298	0.01242	0.02143	0.60177	0.15946	0.01462	0.05157	0.01727	0.01333	0.01748	0.01167	0.01703	0.00894	0.00629	0.00651	0.00212	0.00857	0.00584	0.00295	0.00776
7	0.00821	0.00586	0.00788	0.00938	0.00990	0.00554	0.00658	0.00957	0.01270	0.01687	0.03543	0.67726	0.04201	0.01993	0.00834	0.00267	0.00404	0.10652	0.00599	0.00534
8	0.01549	0.01614	0.03140	0.06499	0.38194	0.01576	0.33630	0.02008	0.01488	0.02072	0.01255	0.01671	0.00997	0.00564	0.00696	0.00205	0.00919	0.00661	0.00322	0.00940
9	0.01462	0.01391	0.02283	0.28720	0.32799	0.01518	0.06654	0.02101	0.12549	0.02039	0.01421	0.01781	0.01113	0.00646	0.00653	0.00206	0.00783	0.00613	0.00362	0.00905
10	0.71416	0.01490	0.01065	0.00957	0.01348	0.11076	0.00772	0.01989	0.01196	0.02726	0.00913	0.01065	0.00717	0.00608	0.00424	0.00196	0.00587	0.00359	0.00391	0.00706
11	0.01076	0.00592	0.00888	0.00888	0.00915	0.00619	0.00619	0.00915	0.00888	0.01210	0.01264	0.02098	0.01237	0.02851	0.19361	0.62510	0.00834	0.00592	0.00296	0.00350
12	0.01569	0.10561	0.41827	0.01821	0.04389	0.05497	0.07618	0.09659	0.04141	0.02198	0.01222	0.01418	0.00913	0.00651	0.00669	0.00199	0.03866	0.00511	0.00337	0.00935
13	0.01087	0.00710	0.00937	0.01013	0.01138	0.00685	0.00761	0.04752	0.01453	0.06986	0.05927	0.48622	0.03859	0.01791	0.00817	0.00261	0.00454	0.17514	0.00619	0.00615
14	0.02272	0.01490	0.01533	0.01285	0.01703	0.10930	0.01020	0.07027	0.27424	0.31990	0.04733	0.02193	0.01760	0.00827	0.00647	0.00202	0.00618	0.00662	0.00675	0.01009

[dist]
# distance from previous block
# <min> <max>
0	9

# created by:
# /home/berkeley/.conda/envs/busco_data_prod/bin/msa2prfl.pl pipeline/OGs_align_augustus/4893/38895.fs
