[name]
unknown

[dist]
# distance from previous block
# <min> <max>
0	22

[block]
# block no. 0 follows, 34 sequences, length 14
# corresponding to MSA columns:
# 23-36
name=unknown_A
#
# <colnr> <probs for GDERKNQSTAVLIFYWHMCP>
#	G	D	E	R	K	N	Q	S	T	A	V	L	I	F	Y	W	H	M	C	P
0	0.00821	0.00612	0.00754	0.00834	0.00934	0.00560	0.00587	0.00973	0.01361	0.01776	0.12403	0.42064	0.21314	0.06653	0.00964	0.00270	0.00384	0.05600	0.00599	0.00536
1	0.00782	0.00582	0.00730	0.00848	0.00924	0.00529	0.00577	0.00905	0.01287	0.01670	0.04189	0.62008	0.18731	0.01943	0.00812	0.00253	0.00365	0.01737	0.00600	0.00529
2	0.01297	0.02891	0.58735	0.01784	0.02608	0.01446	0.06254	0.02072	0.06893	0.02070	0.01459	0.06981	0.01171	0.00733	0.00642	0.00211	0.00886	0.00614	0.00330	0.00924
3	0.02456	0.01810	0.01939	0.01487	0.02004	0.02004	0.01228	0.71107	0.03038	0.04072	0.01551	0.01551	0.01099	0.00776	0.00646	0.00194	0.00711	0.00582	0.00646	0.01099
4	0.01296	0.03342	0.73944	0.01842	0.02797	0.01501	0.02387	0.02046	0.01364	0.02046	0.01160	0.01364	0.00818	0.00614	0.00614	0.00205	0.00955	0.00477	0.00273	0.00955
5	0.07454	0.01918	0.01859	0.01489	0.01956	0.14771	0.03765	0.41985	0.08555	0.07534	0.01556	0.01571	0.01127	0.00746	0.00625	0.00193	0.00765	0.00561	0.00573	0.00996
6	0.05557	0.39146	0.29157	0.01402	0.02092	0.02059	0.01570	0.08695	0.01489	0.02030	0.01058	0.01208	0.00845	0.00599	0.00510	0.00171	0.00781	0.00417	0.00317	0.00895
7	0.02184	0.06010	0.01819	0.01420	0.01846	0.14879	0.01143	0.26692	0.22126	0.10298	0.01806	0.01761	0.01329	0.00785	0.00668	0.00196	0.02884	0.00588	0.00578	0.00988
8	0.15448	0.33795	0.15151	0.01280	0.01850	0.06028	0.01281	0.09930	0.06045	0.02218	0.01136	0.01251	0.00909	0.00624	0.00499	0.00174	0.00722	0.00425	0.00366	0.00868
9	0.01998	0.09146	0.08474	0.01442	0.01941	0.07379	0.05042	0.22252	0.17167	0.11104	0.04041	0.01965	0.03579	0.00785	0.00632	0.00196	0.00702	0.00628	0.00556	0.00972
10	0.07356	0.16615	0.05604	0.01371	0.01877	0.04818	0.01204	0.39072	0.08240	0.03117	0.01491	0.01649	0.01153	0.00749	0.00590	0.00188	0.00702	0.02700	0.00527	0.00977
11	0.13983	0.08922	0.19776	0.01587	0.02197	0.01705	0.11608	0.19250	0.06552	0.04456	0.03115	0.01565	0.01122	0.00676	0.00600	0.00198	0.00765	0.00552	0.00443	0.00928
12	0.01772	0.05441	0.06642	0.01478	0.01928	0.09423	0.09470	0.24997	0.08299	0.02676	0.06683	0.02381	0.09842	0.01083	0.04741	0.00244	0.00788	0.00715	0.00515	0.00880
13	0.02047	0.15958	0.04751	0.04686	0.02175	0.08788	0.09148	0.35439	0.02246	0.02897	0.04734	0.01599	0.01230	0.00713	0.00615	0.00185	0.00788	0.00567	0.00488	0.00946

[dist]
# distance from previous block
# <min> <max>
0	38

[block]
# block no. 1 follows, 34 sequences, length 31
# corresponding to MSA columns:
# 75-105
name=unknown_B
#
# <colnr> <probs for GDERKNQSTAVLIFYWHMCP>
#	G	D	E	R	K	N	Q	S	T	A	V	L	I	F	Y	W	H	M	C	P
0	0.07433	0.07834	0.10873	0.01350	0.01812	0.10179	0.04405	0.16680	0.03592	0.04360	0.03754	0.13187	0.03011	0.00902	0.00622	0.00193	0.00697	0.00734	0.00475	0.07908
1	0.05262	0.07172	0.07190	0.05929	0.07649	0.09731	0.10706	0.01897	0.04494	0.06253	0.04458	0.06190	0.09936	0.01114	0.05207	0.00252	0.02843	0.00741	0.00424	0.02554
2	0.05377	0.08224	0.06717	0.04350	0.03937	0.10367	0.01245	0.25810	0.03618	0.04446	0.01520	0.01664	0.03484	0.00778	0.00755	0.00194	0.08934	0.00552	0.05370	0.02658
3	0.09103	0.01648	0.04284	0.05976	0.05371	0.10822	0.01155	0.14863	0.12829	0.06289	0.04833	0.01745	0.01365	0.00731	0.00650	0.00185	0.03495	0.00557	0.00490	0.13608
4	0.07311	0.06517	0.04252	0.04797	0.02218	0.01639	0.16846	0.22371	0.10512	0.04938	0.06526	0.01871	0.01473	0.00722	0.00640	0.00196	0.00724	0.00638	0.00503	0.05307
5	0.11402	0.03850	0.11308	0.01293	0.01577	0.15735	0.01125	0.01676	0.01276	0.01776	0.01662	0.11205	0.03960	0.09042	0.07954	0.00334	0.13045	0.00726	0.00373	0.00680
6	0.06314	0.01363	0.01511	0.01365	0.04275	0.01503	0.01043	0.24691	0.26875	0.05406	0.05662	0.09765	0.02084	0.00995	0.00672	0.00216	0.00567	0.04128	0.00626	0.00941
7	0.00886	0.00657	0.00839	0.00894	0.01032	0.00610	0.00689	0.01115	0.01536	0.02041	0.26431	0.22610	0.18406	0.01662	0.00809	0.00243	0.00397	0.17937	0.00635	0.00573
8	0.01485	0.01883	0.12482	0.07455	0.11899	0.01592	0.49332	0.02029	0.01483	0.02045	0.01267	0.01676	0.00957	0.00564	0.00721	0.00213	0.01018	0.00691	0.00317	0.00891
9	0.09499	0.16967	0.04770	0.11950	0.05565	0.32445	0.01321	0.06923	0.01635	0.01916	0.01045	0.01262	0.00850	0.00636	0.00550	0.00175	0.00911	0.00439	0.00341	0.00800
10	0.01355	0.01608	0.12702	0.40753	0.24121	0.01483	0.05166	0.01824	0.01365	0.01861	0.01177	0.01636	0.00908	0.00616	0.00645	0.00207	0.00858	0.00569	0.00296	0.00848
11	0.00787	0.00562	0.00750	0.00900	0.00937	0.00525	0.00600	0.00900	0.01237	0.01649	0.03561	0.76871	0.04274	0.02024	0.00825	0.00262	0.00375	0.01837	0.00600	0.00525
12	0.01383	0.03075	0.60139	0.01981	0.06045	0.05084	0.06457	0.02052	0.01388	0.02010	0.01152	0.01390	0.00840	0.00630	0.00679	0.00206	0.03775	0.00500	0.00282	0.00934
13	0.01352	0.06900	0.21435	0.01796	0.02280	0.04197	0.19767	0.01761	0.01310	0.01813	0.01466	0.10169	0.01369	0.04759	0.04498	0.00281	0.12983	0.00742	0.00337	0.00784
14	0.00922	0.00661	0.00897	0.00902	0.00974	0.00721	0.00639	0.01066	0.01042	0.01458	0.04592	0.06847	0.02178	0.30827	0.42489	0.00820	0.01211	0.00855	0.00389	0.00508
15	0.02318	0.01802	0.01800	0.01452	0.01896	0.10943	0.01174	0.40659	0.13808	0.11419	0.01739	0.01710	0.01253	0.00797	0.00707	0.00199	0.04098	0.00592	0.00610	0.01025
16	0.01452	0.01501	0.11587	0.46794	0.15579	0.01415	0.01826	0.01900	0.01384	0.08550	0.01293	0.01699	0.00952	0.00644	0.00641	0.00209	0.00829	0.00569	0.00339	0.00837
17	0.01354	0.01303	0.02261	0.49379	0.25387	0.01478	0.06068	0.01778	0.01361	0.01817	0.01179	0.01686	0.00918	0.00618	0.00651	0.00208	0.00847	0.00586	0.00300	0.00820
18	0.00787	0.00562	0.00750	0.00900	0.00937	0.00525	0.00600	0.00900	0.01237	0.01649	0.03561	0.76871	0.04274	0.02024	0.00825	0.00262	0.00375	0.01837	0.00600	0.00525
19	0.06207	0.12305	0.02066	0.01438	0.01919	0.16017	0.01190	0.45210	0.02478	0.03191	0.01325	0.01383	0.00992	0.00716	0.00591	0.00181	0.00785	0.00507	0.00524	0.00976
20	0.01260	0.01465	0.09566	0.13902	0.02766	0.01279	0.30813	0.01692	0.01397	0.01881	0.01926	0.09678	0.03860	0.04328	0.03284	0.00274	0.00893	0.08604	0.00383	0.00750
21	0.00796	0.00569	0.00757	0.00894	0.00939	0.00530	0.00600	0.00921	0.01276	0.01711	0.08123	0.72132	0.04393	0.01978	0.00821	0.00259	0.00370	0.01793	0.00607	0.00530
22	0.52415	0.06894	0.01639	0.08172	0.01890	0.01520	0.10186	0.01985	0.01240	0.07337	0.01088	0.01281	0.00822	0.00607	0.00489	0.00199	0.00630	0.00446	0.00397	0.00761
23	0.00786	0.00568	0.00744	0.00885	0.00933	0.00526	0.00593	0.00901	0.01251	0.01655	0.03743	0.72561	0.08466	0.02001	0.00821	0.00260	0.00372	0.01808	0.00600	0.00526
24	0.14489	0.14105	0.18085	0.01189	0.01746	0.01362	0.01201	0.02030	0.01452	0.14792	0.09615	0.01951	0.01636	0.00727	0.00559	0.00180	0.00621	0.02254	0.00460	0.11546
25	0.11673	0.15942	0.07229	0.01411	0.05238	0.06379	0.01182	0.25242	0.01963	0.07879	0.03846	0.06408	0.01368	0.00785	0.00582	0.00188	0.00684	0.00597	0.00495	0.00910
26	0.07689	0.24224	0.14957	0.01455	0.06465	0.01785	0.01317	0.11250	0.09494	0.05947	0.05729	0.01653	0.01358	0.00691	0.00556	0.00180	0.00673	0.00525	0.00436	0.03615
27	0.01913	0.06555	0.11571	0.04510	0.04395	0.10562	0.07400	0.23078	0.01972	0.06962	0.02954	0.01767	0.04323	0.00739	0.00676	0.00190	0.03295	0.00586	0.00464	0.06087
28	0.05425	0.24864	0.29588	0.01510	0.02197	0.04731	0.03965	0.13952	0.01649	0.02265	0.01136	0.01289	0.00875	0.00618	0.00550	0.00178	0.00810	0.00455	0.00352	0.03589
29	0.04554	0.20619	0.12107	0.01352	0.04125	0.01628	0.03303	0.13764	0.01720	0.04694	0.12798	0.02252	0.07089	0.00833	0.00663	0.00187	0.03887	0.00650	0.00460	0.03315
30	0.04275	0.12660	0.15863	0.01422	0.01951	0.10292	0.04290	0.16251	0.03592	0.04766	0.03200	0.09210	0.01428	0.00805	0.00605	0.00186	0.00746	0.00642	0.00444	0.07373

[dist]
# distance from previous block
# <min> <max>
19	73

[block]
# block no. 2 follows, 34 sequences, length 89
# corresponding to MSA columns:
# 186-274
name=unknown_C
#
# <colnr> <probs for GDERKNQSTAVLIFYWHMCP>
#	G	D	E	R	K	N	Q	S	T	A	V	L	I	F	Y	W	H	M	C	P
0	0.06499	0.06074	0.15145	0.01489	0.03446	0.01418	0.08300	0.12127	0.10728	0.06652	0.04295	0.09474	0.03976	0.00907	0.00654	0.00207	0.00675	0.03569	0.00496	0.03867
1	0.06869	0.05903	0.04124	0.01733	0.16545	0.03309	0.05361	0.03707	0.04282	0.02152	0.05290	0.05854	0.08257	0.00778	0.00598	0.00171	0.00605	0.00669	0.00422	0.23372
2	0.01727	0.10278	0.05599	0.05862	0.06028	0.07764	0.05743	0.12677	0.05839	0.08531	0.01796	0.11076	0.01597	0.01014	0.03132	0.00224	0.00743	0.03290	0.00475	0.06605
3	0.04749	0.09183	0.02116	0.01593	0.07071	0.01386	0.14834	0.08576	0.06175	0.03825	0.05758	0.04038	0.04186	0.00710	0.00605	0.00171	0.00651	0.00639	0.00443	0.23293
4	0.04660	0.06535	0.10818	0.01696	0.07440	0.01386	0.14826	0.04234	0.11128	0.04822	0.04281	0.06549	0.06081	0.05692	0.00860	0.00231	0.02639	0.00755	0.00444	0.04924
5	0.01573	0.01509	0.02576	0.08862	0.68568	0.01528	0.01970	0.01960	0.01459	0.02080	0.01211	0.01608	0.01012	0.00581	0.00640	0.00194	0.00774	0.00576	0.00318	0.01003
6	0.00831	0.00651	0.00752	0.00741	0.00917	0.00572	0.00550	0.01052	0.01611	0.02106	0.35185	0.10577	0.39093	0.01527	0.00767	0.00215	0.00321	0.01312	0.00648	0.00572
7	0.01636	0.01570	0.02751	0.05244	0.15499	0.03630	0.31291	0.06934	0.04398	0.05790	0.01525	0.04990	0.01266	0.00751	0.00840	0.00219	0.07606	0.02772	0.00400	0.00886
8	0.00769	0.00655	0.00662	0.00660	0.00876	0.00548	0.00495	0.00937	0.01485	0.01774	0.08771	0.06172	0.70757	0.01626	0.00764	0.00218	0.00327	0.01357	0.00604	0.00548
9	0.01455	0.01388	0.02362	0.31251	0.47102	0.01497	0.01911	0.01857	0.01403	0.01936	0.01190	0.01646	0.00962	0.00602	0.00642	0.00201	0.00803	0.00575	0.00307	0.00907
10	0.00924	0.00620	0.00709	0.00724	0.00728	0.00616	0.00412	0.00936	0.00970	0.01293	0.02189	0.11537	0.02543	0.69719	0.03041	0.00590	0.00601	0.01030	0.00412	0.00405
11	0.01445	0.01619	0.03458	0.05113	0.03186	0.01526	0.61983	0.01949	0.01504	0.02022	0.01688	0.04445	0.05397	0.00662	0.00761	0.00219	0.01012	0.00827	0.00351	0.00835
12	0.01646	0.01183	0.01402	0.01020	0.01579	0.00947	0.00823	0.06287	0.01525	0.13011	0.01385	0.01483	0.01063	0.00546	0.00515	0.00118	0.00504	0.00436	0.00462	0.64066
13	0.00764	0.00655	0.00655	0.00655	0.00873	0.00545	0.00491	0.00927	0.01473	0.01745	0.06546	0.06218	0.73000	0.01636	0.00764	0.00218	0.00327	0.01364	0.00600	0.00545
14	0.81856	0.01250	0.00950	0.00850	0.01250	0.01449	0.00700	0.01899	0.01100	0.02899	0.00900	0.01050	0.00700	0.00600	0.00400	0.00200	0.00500	0.00350	0.00400	0.00700
15	0.02458	0.01749	0.01832	0.01438	0.01925	0.06685	0.01182	0.53893	0.02723	0.13771	0.01734	0.01856	0.01261	0.00814	0.00653	0.00197	0.00714	0.03415	0.00645	0.01055
16	0.00812	0.00655	0.00724	0.00718	0.00910	0.00567	0.00539	0.01016	0.01564	0.01981	0.24845	0.08230	0.50613	0.01565	0.00768	0.00217	0.00328	0.02751	0.00631	0.00564
17	0.08981	0.01216	0.04337	0.01075	0.01563	0.01017	0.00897	0.04916	0.05053	0.23428	0.01862	0.08864	0.01492	0.00770	0.00577	0.00166	0.00522	0.00627	0.00548	0.32089
18	0.03874	0.01598	0.03130	0.02273	0.02861	0.01517	0.51346	0.06386	0.03833	0.05108	0.03482	0.03743	0.01264	0.00637	0.00721	0.00208	0.00930	0.00749	0.00400	0.05941
19	0.00838	0.00642	0.00772	0.00805	0.00955	0.00576	0.00598	0.01043	0.01525	0.01992	0.25443	0.22540	0.30960	0.01646	0.00788	0.00231	0.00354	0.07095	0.00633	0.00564
20	0.01688	0.07022	0.02134	0.11568	0.14582	0.12230	0.08350	0.10880	0.09755	0.02252	0.05839	0.04231	0.01607	0.00800	0.00657	0.00201	0.00781	0.04120	0.00441	0.00864
21	0.01340	0.01148	0.01340	0.00957	0.01531	0.00861	0.00766	0.01627	0.01340	0.02105	0.01148	0.01340	0.00957	0.00479	0.00479	0.00096	0.00479	0.00383	0.00383	0.81242
22	0.02035	0.01800	0.02332	0.09248	0.02546	0.09998	0.18594	0.30810	0.06004	0.05701	0.01474	0.01639	0.01079	0.00691	0.00664	0.00198	0.00848	0.00612	0.00494	0.03233
23	0.01200	0.00863	0.01045	0.00939	0.01164	0.00860	0.00722	0.07116	0.10964	0.05538	0.53244	0.04196	0.07157	0.01210	0.00735	0.00205	0.00374	0.01051	0.00699	0.00719
24	0.01474	0.00688	0.00760	0.00701	0.00901	0.00662	0.00532	0.01749	0.01414	0.14366	0.02178	0.02483	0.01688	0.05345	0.00655	0.00187	0.00363	0.00630	0.62552	0.00673
25	0.01530	0.01528	0.02763	0.13073	0.41416	0.01552	0.19676	0.02055	0.06017	0.02077	0.01321	0.01705	0.01052	0.00597	0.00673	0.00203	0.00847	0.00634	0.00339	0.00943
26	0.00765	0.00651	0.00658	0.00664	0.00875	0.00545	0.00495	0.00926	0.01464	0.01742	0.06435	0.08845	0.70444	0.01651	0.00766	0.00220	0.00329	0.01381	0.00600	0.00545
27	0.05317	0.01744	0.01851	0.01445	0.01941	0.01941	0.01186	0.61281	0.10368	0.03882	0.01643	0.01625	0.01178	0.00780	0.00638	0.00197	0.00682	0.00589	0.00638	0.01076
28	0.04250	0.01378	0.01665	0.01335	0.01786	0.01426	0.03052	0.30228	0.07082	0.27483	0.02139	0.02434	0.01597	0.01013	0.03071	0.00236	0.00669	0.07475	0.00670	0.01010
29	0.04288	0.01899	0.07501	0.01605	0.04890	0.13025	0.03073	0.22959	0.13663	0.07852	0.03968	0.01754	0.01341	0.00799	0.00784	0.00205	0.08339	0.00593	0.00518	0.00944
30	0.01526	0.01718	0.03669	0.02764	0.07729	0.01641	0.63976	0.02045	0.01502	0.02053	0.01284	0.01722	0.00978	0.00568	0.00805	0.00219	0.03858	0.00743	0.00325	0.00875
31	0.01682	0.01416	0.01708	0.01342	0.03814	0.03845	0.05540	0.15109	0.06148	0.04884	0.01361	0.01507	0.01064	0.00611	0.00620	0.00146	0.03622	0.00490	0.00453	0.44637
32	0.00940	0.00626	0.00705	0.00705	0.00705	0.00626	0.00392	0.00940	0.00940	0.01253	0.02036	0.04228	0.02349	0.77292	0.03289	0.00626	0.00626	0.00940	0.00392	0.00392
33	0.06458	0.01505	0.01684	0.01317	0.01794	0.01585	0.01077	0.44160	0.02477	0.20851	0.01881	0.06602	0.01404	0.00845	0.00641	0.00197	0.00631	0.00662	0.00660	0.03566
34	0.01405	0.00838	0.01092	0.01051	0.01277	0.00811	0.00841	0.03717	0.06735	0.15935	0.22876	0.15196	0.03868	0.01406	0.00775	0.00238	0.00469	0.20064	0.00674	0.00731
35	0.00912	0.00651	0.00804	0.00802	0.00958	0.00585	0.00588	0.01134	0.01601	0.04546	0.37258	0.21517	0.23165	0.01547	0.00773	0.00221	0.00335	0.01355	0.00660	0.00590
36	0.01056	0.00846	0.00917	0.00894	0.01092	0.03184	0.00664	0.03134	0.10314	0.03747	0.21549	0.20323	0.26884	0.01475	0.00752	0.00221	0.00397	0.01272	0.00632	0.00649
37	0.01459	0.01127	0.01493	0.03932	0.09639	0.01182	0.03670	0.10511	0.17280	0.06425	0.06736	0.20606	0.04336	0.01210	0.00728	0.00229	0.00559	0.07469	0.00584	0.00826
38	0.00939	0.00630	0.00724	0.00724	0.00730	0.00637	0.00415	0.00952	0.00945	0.01267	0.02018	0.04132	0.02307	0.73167	0.07356	0.00650	0.00689	0.00926	0.00389	0.00402
39	0.00792	0.00566	0.00754	0.00896	0.00938	0.00528	0.00600	0.00912	0.01260	0.01686	0.06254	0.74074	0.04344	0.01997	0.00822	0.00260	0.00372	0.01811	0.00604	0.00528
40	0.01481	0.01332	0.02201	0.11414	0.39166	0.01365	0.08207	0.04902	0.03235	0.02169	0.01617	0.04410	0.03245	0.00700	0.00637	0.00195	0.00711	0.00666	0.11457	0.00888
41	0.01446	0.01379	0.02347	0.32890	0.45532	0.01495	0.01907	0.01849	0.01399	0.01926	0.01188	0.01649	0.00958	0.00604	0.00642	0.00201	0.00805	0.00575	0.00307	0.00900
42	0.01441	0.01333	0.02184	0.44867	0.28995	0.01510	0.01823	0.06537	0.01476	0.01982	0.01200	0.01667	0.00936	0.00630	0.00644	0.00205	0.00817	0.00575	0.00324	0.00854
43	0.00791	0.00570	0.00751	0.00887	0.00936	0.00529	0.00596	0.00913	0.01270	0.01691	0.06445	0.71334	0.06931	0.01982	0.00820	0.00258	0.00370	0.01792	0.00604	0.00529
44	0.01541	0.01499	0.02444	0.19963	0.55545	0.03883	0.01917	0.01928	0.01443	0.01991	0.01193	0.01613	0.00981	0.00594	0.00639	0.00196	0.00801	0.00570	0.00313	0.00946
45	0.00917	0.00698	0.00951	0.08432	0.01371	0.00688	0.00798	0.01164	0.01502	0.02007	0.25020	0.25135	0.12370	0.01576	0.00794	0.00241	0.00440	0.14707	0.00602	0.00587
46	0.01809	0.24993	0.17667	0.04263	0.11672	0.06813	0.08026	0.03877	0.01515	0.11667	0.01289	0.01448	0.00980	0.00618	0.00576	0.00181	0.00813	0.00502	0.00371	0.00920
47	0.01737	0.10164	0.07328	0.01661	0.02048	0.19211	0.11165	0.04327	0.14793	0.01947	0.01386	0.01653	0.01137	0.03019	0.02529	0.00236	0.13870	0.00573	0.00385	0.00831
48	0.00888	0.00659	0.00827	0.00785	0.00949	0.00598	0.00589	0.01168	0.01766	0.02442	0.61228	0.05072	0.17883	0.01377	0.00762	0.00206	0.00309	0.01203	0.00692	0.00598
49	0.01083	0.00915	0.01295	0.01204	0.01267	0.01159	0.00946	0.01254	0.01009	0.01484	0.01489	0.02407	0.01469	0.13527	0.41659	0.00739	0.25482	0.00685	0.00332	0.00593
50	0.01204	0.00602	0.00602	0.00602	0.00753	0.00602	0.00452	0.01506	0.01355	0.02409	0.02108	0.02409	0.01656	0.00753	0.00452	0.00151	0.00301	0.00602	0.80879	0.00602
51	0.00923	0.00692	0.01038	0.01038	0.01154	0.00808	0.00808	0.01154	0.01038	0.01500	0.01731	0.02538	0.01615	0.04846	0.74732	0.01038	0.01731	0.00692	0.00346	0.00577
52	0.00820	0.00657	0.00732	0.00713	0.00907	0.00569	0.00535	0.01036	0.01605	0.02059	0.31194	0.05701	0.48155	0.01519	0.00763	0.00213	0.00319	0.01291	0.00641	0.00569
53	0.02421	0.02874	0.01849	0.01636	0.01999	0.62949	0.01245	0.13656	0.02026	0.01984	0.01088	0.01228	0.00875	0.00684	0.00593	0.00171	0.01092	0.00443	0.00384	0.00806
54	0.02416	0.03002	0.01838	0.01654	0.01998	0.70282	0.01247	0.06744	0.01904	0.01733	0.01032	0.01189	0.00848	0.00673	0.00586	0.00168	0.01138	0.00426	0.00352	0.00770
55	0.02501	0.01738	0.01895	0.01453	0.01968	0.01898	0.01200	0.64270	0.02918	0.11079	0.01652	0.01616	0.01149	0.00778	0.00647	0.00195	0.00695	0.00589	0.00662	0.01099
56	0.00940	0.00626	0.00705	0.00705	0.00705	0.00626	0.00392	0.00940	0.00940	0.01253	0.02036	0.04228	0.02349	0.77292	0.03289	0.00626	0.00626	0.00940	0.00392	0.00392
57	0.02789	0.01202	0.01554	0.01199	0.01696	0.01111	0.00988	0.11804	0.04914	0.61907	0.02426	0.02126	0.01551	0.00800	0.00650	0.00200	0.00569	0.00644	0.00774	0.01096
58	0.01340	0.01148	0.01340	0.00957	0.01531	0.00861	0.00766	0.01627	0.01340	0.02105	0.01148	0.01340	0.00957	0.00479	0.00479	0.00096	0.00479	0.00383	0.00383	0.81242
59	0.02341	0.01931	0.01705	0.01421	0.01844	0.22926	0.01124	0.23677	0.14240	0.17107	0.03926	0.01815	0.01422	0.00782	0.00634	0.00192	0.00765	0.00590	0.00590	0.00969
60	0.01284	0.01089	0.01280	0.00951	0.01471	0.00827	0.00749	0.01554	0.01330	0.02060	0.01391	0.08939	0.01291	0.00634	0.00513	0.00112	0.00468	0.00529	0.00405	0.73121
61	0.01622	0.04292	0.03387	0.02436	0.03010	0.09046	0.55162	0.04143	0.01570	0.02034	0.01333	0.04173	0.01071	0.00631	0.00770	0.00213	0.03177	0.00739	0.00343	0.00848
62	0.01469	0.01718	0.05929	0.02574	0.03197	0.01557	0.64031	0.01992	0.01501	0.02041	0.01450	0.06667	0.01191	0.00644	0.00762	0.00220	0.01038	0.00824	0.00343	0.00851
63	0.01801	0.01851	0.01527	0.03786	0.01757	0.29413	0.03792	0.07029	0.11076	0.06106	0.05020	0.02844	0.19370	0.00968	0.00661	0.00195	0.00761	0.00764	0.00502	0.00778
64	0.00847	0.00658	0.00771	0.00743	0.00924	0.00581	0.00557	0.01090	0.01671	0.02215	0.43422	0.05445	0.35830	0.01461	0.00763	0.00210	0.00315	0.01255	0.00662	0.00581
65	0.81856	0.01250	0.00950	0.00850	0.01250	0.01449	0.00700	0.01899	0.01100	0.02899	0.00900	0.01050	0.00700	0.00600	0.00400	0.00200	0.00500	0.00350	0.00400	0.00700
66	0.01681	0.52321	0.14129	0.01446	0.02063	0.04982	0.09804	0.03770	0.01410	0.01735	0.01009	0.01191	0.00853	0.00571	0.00500	0.00161	0.00798	0.00425	0.00294	0.00857
67	0.00787	0.00562	0.00750	0.00900	0.00937	0.00525	0.00600	0.00900	0.01237	0.01649	0.03561	0.76871	0.04274	0.02024	0.00825	0.00262	0.00375	0.01837	0.00600	0.00525
68	0.01122	0.00561	0.00842	0.00842	0.00842	0.00561	0.00561	0.00842	0.00842	0.01122	0.01122	0.01964	0.01122	0.02245	0.02525	0.81201	0.00561	0.00561	0.00281	0.00281
69	0.01826	0.04849	0.12603	0.06292	0.02185	0.09584	0.05525	0.22551	0.10026	0.04961	0.01785	0.06345	0.01500	0.00872	0.00663	0.00208	0.00772	0.06042	0.00500	0.00909
70	0.01487	0.01647	0.03396	0.02490	0.03015	0.01654	0.56563	0.01955	0.01435	0.01979	0.01319	0.01919	0.01072	0.00693	0.00992	0.00232	0.13432	0.03557	0.00331	0.00833
71	0.00940	0.00626	0.00705	0.00705	0.00705	0.00626	0.00392	0.00940	0.00940	0.01253	0.02036	0.04228	0.02349	0.77292	0.03289	0.00626	0.00626	0.00940	0.00392	0.00392
72	0.01571	0.01506	0.02571	0.09381	0.68070	0.01528	0.01969	0.01958	0.01458	0.02076	0.01210	0.01608	0.01011	0.00581	0.00640	0.00194	0.00775	0.00576	0.00317	0.01000
73	0.00968	0.00728	0.00905	0.00849	0.01025	0.00698	0.00640	0.01405	0.08352	0.02542	0.61703	0.04699	0.10417	0.01302	0.00752	0.00206	0.00326	0.01141	0.00698	0.00644
74	0.08240	0.12346	0.02167	0.01909	0.12452	0.44347	0.04185	0.03794	0.01668	0.01825	0.01035	0.01236	0.00862	0.00630	0.00564	0.00172	0.00981	0.00443	0.00335	0.00809
75	0.01874	0.61736	0.03054	0.01225	0.01731	0.17976	0.01136	0.02073	0.01424	0.01533	0.00920	0.01064	0.00830	0.00577	0.00451	0.00144	0.00792	0.00361	0.00288	0.00812
76	0.01412	0.03180	0.68704	0.01792	0.02714	0.01461	0.02283	0.02126	0.01399	0.07230	0.01260	0.01425	0.00875	0.00627	0.00616	0.00204	0.00926	0.00490	0.00311	0.00965
77	0.00787	0.00562	0.00750	0.00900	0.00937	0.00525	0.00600	0.00900	0.01237	0.01649	0.03561	0.76871	0.04274	0.02024	0.00825	0.00262	0.00375	0.01837	0.00600	0.00525
78	0.00782	0.00655	0.00680	0.00674	0.00884	0.00553	0.00505	0.00963	0.01516	0.01848	0.14621	0.06049	0.64860	0.01598	0.00763	0.00216	0.00325	0.01340	0.00614	0.00553
79	0.00881	0.00659	0.00817	0.00778	0.00945	0.00595	0.00583	0.01155	0.01750	0.02404	0.58247	0.05134	0.20887	0.01391	0.00762	0.00207	0.00310	0.01212	0.00687	0.00595
80	0.05062	0.01911	0.01838	0.01453	0.01928	0.11534	0.01182	0.56951	0.02746	0.03637	0.01479	0.01518	0.01073	0.00754	0.00622	0.00189	0.00748	0.00553	0.03803	0.01019
81	0.00923	0.00692	0.01038	0.01038	0.01154	0.00808	0.00808	0.01154	0.01038	0.01500	0.01731	0.02538	0.01615	0.04846	0.74732	0.01038	0.01731	0.00692	0.00346	0.00577
82	0.01194	0.00603	0.00606	0.00606	0.00751	0.00603	0.00449	0.01484	0.01339	0.02365	0.02105	0.02478	0.01682	0.03649	0.00559	0.00169	0.00313	0.00615	0.77834	0.00594
83	0.31391	0.01525	0.08698	0.01314	0.05736	0.03695	0.01094	0.07888	0.01599	0.28752	0.01603	0.01577	0.01096	0.00689	0.00552	0.00198	0.00617	0.00506	0.00546	0.00924
84	0.12177	0.01514	0.01570	0.01301	0.01733	0.01699	0.01048	0.31401	0.29908	0.05282	0.02087	0.01999	0.03782	0.00822	0.00623	0.00206	0.00588	0.00639	0.00622	0.01000
85	0.00950	0.00703	0.00931	0.00907	0.03017	0.00645	0.00654	0.01256	0.01801	0.02559	0.68207	0.04605	0.05761	0.01268	0.00748	0.00199	0.00324	0.01122	0.00688	0.03654
86	0.02899	0.01100	0.01499	0.01150	0.01649	0.00950	0.00950	0.03149	0.01849	0.73709	0.02549	0.02199	0.01599	0.00800	0.00650	0.00200	0.00550	0.00650	0.00800	0.01100
87	0.00940	0.00626	0.00705	0.00705	0.00705	0.00626	0.00392	0.00940	0.00940	0.01253	0.02036	0.04228	0.02349	0.77292	0.03289	0.00626	0.00626	0.00940	0.00392	0.00392
88	0.81856	0.01250	0.00950	0.00850	0.01250	0.01449	0.00700	0.01899	0.01100	0.02899	0.00900	0.01050	0.00700	0.00600	0.00400	0.00200	0.00500	0.00350	0.00400	0.00700

[dist]
# distance from previous block
# <min> <max>
0	0

# created by:
# /home/berkeley/.conda/envs/busco_data_prod/bin/msa2prfl.pl pipeline/OGs_align_augustus/4893/38923.fs
