[name]
unknown

[dist]
# distance from previous block
# <min> <max>
8	27

[block]
# block no. 0 follows, 29 sequences, length 8
# corresponding to MSA columns:
# 31-38
name=unknown_A
#
# <colnr> <probs for GDERKNQSTAVLIFYWHMCP>
#	G	D	E	R	K	N	Q	S	T	A	V	L	I	F	Y	W	H	M	C	P
0	0.09961	0.01117	0.01341	0.03471	0.03341	0.01164	0.02521	0.11198	0.07088	0.05483	0.15468	0.15156	0.08403	0.05589	0.00939	0.00270	0.00561	0.05484	0.00642	0.00804
1	0.08235	0.01453	0.01693	0.07473	0.02025	0.03454	0.04471	0.19243	0.11870	0.07841	0.06262	0.02703	0.04540	0.11497	0.01120	0.00287	0.00703	0.00776	0.00595	0.03758
2	0.01872	0.01441	0.01602	0.09261	0.04738	0.10393	0.03697	0.08168	0.07136	0.11993	0.04864	0.08140	0.05423	0.03186	0.00784	0.00230	0.00693	0.00837	0.14668	0.00874
3	0.01344	0.01231	0.01979	0.59004	0.04234	0.01520	0.01782	0.01925	0.07165	0.01899	0.01477	0.02065	0.01147	0.01256	0.08783	0.00340	0.01025	0.00662	0.00358	0.00802
4	0.05898	0.01288	0.01440	0.07080	0.01767	0.05342	0.01029	0.10180	0.10470	0.07235	0.02254	0.13303	0.02161	0.13839	0.01457	0.04667	0.05717	0.03526	0.00552	0.00793
5	0.01171	0.00771	0.01073	0.01054	0.01206	0.00811	0.00793	0.01394	0.01350	0.07527	0.09559	0.11528	0.06609	0.10360	0.40542	0.00784	0.01270	0.01023	0.00516	0.00660
6	0.16492	0.01883	0.01810	0.01462	0.01969	0.09780	0.01186	0.33574	0.08248	0.14015	0.01783	0.01753	0.01266	0.00820	0.00658	0.00215	0.00753	0.00600	0.00652	0.01082
7	0.08636	0.10042	0.05148	0.01686	0.02203	0.01865	0.12757	0.21115	0.09030	0.05476	0.06167	0.02191	0.01671	0.00993	0.02912	0.00251	0.03789	0.02522	0.00550	0.00996

[dist]
# distance from previous block
# <min> <max>
2	19

[block]
# block no. 1 follows, 29 sequences, length 60
# corresponding to MSA columns:
# 58-117
name=unknown_B
#
# <colnr> <probs for GDERKNQSTAVLIFYWHMCP>
#	G	D	E	R	K	N	Q	S	T	A	V	L	I	F	Y	W	H	M	C	P
0	0.14466	0.01632	0.01998	0.03834	0.06092	0.05918	0.09040	0.12992	0.10820	0.16154	0.01917	0.04481	0.01446	0.00820	0.00679	0.00218	0.00744	0.00686	0.00590	0.05474
1	0.12805	0.01322	0.01644	0.04150	0.11423	0.01319	0.01143	0.06116	0.10073	0.15756	0.05981	0.04241	0.03728	0.01025	0.03348	0.00241	0.00657	0.00707	0.00585	0.13733
2	0.09066	0.01668	0.04943	0.05555	0.15262	0.01645	0.03773	0.19523	0.07999	0.15198	0.03606	0.01973	0.01446	0.00788	0.00687	0.00215	0.00735	0.00654	0.00590	0.04674
3	0.04220	0.01558	0.02489	0.11592	0.43125	0.01581	0.03583	0.06222	0.01715	0.08641	0.01562	0.04235	0.01274	0.00728	0.00701	0.00214	0.00804	0.00677	0.00435	0.04646
4	0.01918	0.01602	0.02441	0.19352	0.37691	0.03651	0.01870	0.07913	0.01775	0.09782	0.01503	0.01836	0.01154	0.00697	0.00700	0.00214	0.00839	0.00630	0.00435	0.03999
5	0.02242	0.01656	0.01889	0.07316	0.02208	0.01809	0.01266	0.44873	0.04743	0.05659	0.04311	0.06468	0.01673	0.01198	0.04889	0.00270	0.00798	0.00752	0.00650	0.05329
6	0.08080	0.01359	0.02161	0.31394	0.24400	0.01478	0.03723	0.01880	0.01472	0.02138	0.01554	0.09512	0.01401	0.00831	0.00700	0.00225	0.00808	0.00754	0.00383	0.05746
7	0.01074	0.00776	0.01028	0.01117	0.05266	0.00812	0.00691	0.01193	0.01150	0.01590	0.05193	0.03942	0.02441	0.45771	0.24210	0.00778	0.01055	0.00939	0.00427	0.00548
8	0.01904	0.75404	0.03731	0.01218	0.01828	0.02818	0.01218	0.02132	0.01447	0.01675	0.00990	0.01142	0.00914	0.00609	0.00457	0.00152	0.00761	0.00381	0.00305	0.00914
9	0.01797	0.01763	0.02427	0.16081	0.38584	0.09899	0.01865	0.05819	0.05643	0.02280	0.01444	0.01845	0.01177	0.00983	0.05130	0.00273	0.00962	0.00632	0.00391	0.01005
10	0.02316	0.01800	0.02037	0.09314	0.04435	0.02024	0.01392	0.44153	0.18424	0.03788	0.01928	0.01952	0.01405	0.00859	0.00715	0.00223	0.00752	0.00678	0.00662	0.01144
11	0.01209	0.00791	0.01057	0.01099	0.01285	0.00759	0.00884	0.01476	0.01637	0.08158	0.14278	0.16336	0.12916	0.02170	0.08498	0.00372	0.00660	0.25063	0.00668	0.00686
12	0.05582	0.00790	0.00881	0.00941	0.01069	0.02948	0.00661	0.01176	0.01497	0.02042	0.14682	0.39303	0.16258	0.04328	0.01018	0.03565	0.00445	0.01575	0.00636	0.00600
13	0.01643	0.01553	0.02626	0.08031	0.59291	0.01567	0.02011	0.02037	0.01582	0.02242	0.01611	0.09529	0.01499	0.00809	0.00727	0.00221	0.00806	0.00783	0.00383	0.01050
14	0.01452	0.01238	0.01442	0.01069	0.01654	0.00964	0.00845	0.01834	0.04571	0.02319	0.01505	0.06059	0.01332	0.00653	0.00560	0.00123	0.00522	0.00539	0.00451	0.70867
15	0.06497	0.00887	0.01116	0.01069	0.01336	0.00819	0.00830	0.01872	0.01656	0.22274	0.06895	0.26980	0.12959	0.01606	0.00821	0.00260	0.00500	0.10113	0.00717	0.00794
16	0.01083	0.00739	0.00928	0.00960	0.01113	0.00686	0.00689	0.01361	0.04447	0.06453	0.22157	0.38016	0.15034	0.01820	0.00860	0.00258	0.00402	0.01614	0.00710	0.00669
17	0.01257	0.00780	0.01016	0.01008	0.01156	0.00744	0.00726	0.05182	0.01655	0.07829	0.21604	0.32605	0.06199	0.01852	0.01141	0.12061	0.00458	0.01409	0.00663	0.00653
18	0.00938	0.00689	0.00879	0.00908	0.01040	0.00630	0.00652	0.01180	0.01738	0.02375	0.39069	0.29831	0.13892	0.01771	0.00864	0.00249	0.00366	0.01573	0.00725	0.00630
19	0.00957	0.00716	0.00897	0.00935	0.01092	0.00655	0.00706	0.01208	0.01724	0.02300	0.30987	0.21343	0.21083	0.01783	0.00876	0.00257	0.00405	0.10736	0.00709	0.00632
20	0.00988	0.00713	0.00862	0.00890	0.01059	0.00636	0.00651	0.01200	0.01661	0.04609	0.22304	0.27015	0.28917	0.01816	0.00862	0.00253	0.00389	0.03838	0.00701	0.00636
21	0.01030	0.00698	0.00811	0.00800	0.00834	0.00687	0.00479	0.01097	0.01230	0.01673	0.15716	0.04791	0.03408	0.60390	0.03072	0.00598	0.00620	0.01086	0.00501	0.00479
22	0.75750	0.01368	0.01080	0.00955	0.01401	0.01567	0.00786	0.02169	0.01258	0.06952	0.01092	0.01227	0.00826	0.00673	0.00456	0.00220	0.00554	0.00404	0.00465	0.00796
23	0.02646	0.01964	0.02103	0.01626	0.02185	0.02180	0.01339	0.63981	0.07624	0.04390	0.01787	0.01771	0.01273	0.00862	0.00713	0.00216	0.00769	0.00652	0.00713	0.01206
24	0.00971	0.00749	0.00907	0.00972	0.01162	0.00685	0.00781	0.01217	0.01653	0.02094	0.12846	0.12333	0.34463	0.01855	0.00897	0.00273	0.00467	0.24374	0.00673	0.00627
25	0.01329	0.00737	0.00990	0.01046	0.01189	0.00671	0.00737	0.01483	0.01497	0.15547	0.03703	0.60210	0.04125	0.01963	0.00871	0.00276	0.00451	0.01765	0.00705	0.00704
26	0.02170	0.01802	0.01719	0.01478	0.01912	0.11785	0.01162	0.15396	0.36276	0.10277	0.02663	0.02504	0.05744	0.00952	0.00716	0.00226	0.00700	0.00756	0.00684	0.01078
27	0.02543	0.02346	0.02026	0.01704	0.02083	0.29542	0.01355	0.20194	0.02200	0.12786	0.01486	0.01620	0.01125	0.00886	0.00994	0.00221	0.14808	0.00577	0.00525	0.00977
28	0.03551	0.00805	0.01058	0.08597	0.01473	0.00791	0.00801	0.01386	0.01888	0.02663	0.54307	0.04975	0.12266	0.01386	0.00814	0.00227	0.00411	0.01211	0.00711	0.00681
29	0.01513	0.01163	0.01314	0.01208	0.01523	0.01208	0.00984	0.18034	0.10638	0.02833	0.10597	0.05211	0.21363	0.01472	0.00831	0.00255	0.00564	0.17756	0.00692	0.00839
30	0.02138	0.25513	0.14569	0.01512	0.02084	0.21540	0.01438	0.02475	0.01751	0.11845	0.07386	0.01795	0.01542	0.00769	0.00618	0.00190	0.00899	0.00556	0.00446	0.00935
31	0.01716	0.02121	0.15121	0.02801	0.12927	0.01728	0.37692	0.02468	0.08861	0.04942	0.01605	0.01924	0.01199	0.00668	0.00776	0.00233	0.01034	0.00749	0.00407	0.01027
32	0.01650	0.02184	0.17724	0.05285	0.29469	0.01722	0.26951	0.02226	0.01613	0.02280	0.01362	0.01771	0.01058	0.00633	0.00750	0.00226	0.01025	0.00689	0.00343	0.01040
33	0.01666	0.01716	0.02692	0.32228	0.26936	0.08496	0.11864	0.02113	0.01588	0.02055	0.01301	0.01796	0.01027	0.00671	0.00722	0.00224	0.00984	0.00648	0.00340	0.00935
34	0.01552	0.01796	0.11541	0.16998	0.27180	0.03536	0.09016	0.03790	0.01629	0.02235	0.05386	0.08785	0.01700	0.00856	0.00742	0.00229	0.00874	0.00804	0.00402	0.00950
35	0.01727	0.01550	0.01512	0.01363	0.01619	0.15130	0.01065	0.04031	0.09290	0.08609	0.05869	0.05711	0.13143	0.01891	0.12927	0.00390	0.11947	0.00872	0.00539	0.00815
36	0.07399	0.01814	0.11514	0.04476	0.02146	0.06199	0.03346	0.11441	0.01952	0.27878	0.04648	0.02266	0.03513	0.03349	0.00881	0.00240	0.04605	0.00690	0.00620	0.01023
37	0.01624	0.33175	0.43507	0.01696	0.02566	0.02132	0.02050	0.02205	0.01480	0.02017	0.01159	0.01355	0.00907	0.00649	0.00586	0.00195	0.00933	0.00466	0.00302	0.00995
38	0.01053	0.00752	0.01039	0.01203	0.01326	0.00738	0.00983	0.01312	0.01546	0.02025	0.03822	0.30479	0.04305	0.02056	0.00958	0.00315	0.00574	0.44226	0.00657	0.00630
39	0.01476	0.11986	0.49725	0.01935	0.02820	0.01725	0.09253	0.02163	0.01560	0.02240	0.07298	0.01838	0.01432	0.00728	0.00682	0.00218	0.00970	0.00609	0.00350	0.00992
40	0.06020	0.01561	0.06576	0.54810	0.04371	0.03904	0.08963	0.01945	0.01463	0.01973	0.01264	0.01813	0.00949	0.00696	0.00705	0.00234	0.00970	0.00628	0.00329	0.00825
41	0.01417	0.01315	0.02144	0.47203	0.17807	0.01479	0.01822	0.01843	0.01466	0.01977	0.01436	0.06064	0.01217	0.00765	0.00702	0.00221	0.00852	0.00692	0.00355	0.09223
42	0.01017	0.00763	0.01144	0.01144	0.01272	0.00890	0.00890	0.01272	0.01144	0.01653	0.01907	0.02797	0.01780	0.05340	0.72153	0.01144	0.01907	0.00763	0.00381	0.00636
43	0.04159	0.02014	0.13951	0.02066	0.11992	0.10039	0.05798	0.08070	0.01699	0.06501	0.01705	0.04792	0.01492	0.03586	0.08567	0.00345	0.07384	0.04479	0.00444	0.00919
44	0.01184	0.00750	0.01038	0.05286	0.01407	0.00722	0.00850	0.01375	0.01479	0.09244	0.03628	0.52895	0.04087	0.01960	0.00888	0.00284	0.00500	0.11090	0.00664	0.00670
45	0.01762	0.01692	0.02890	0.04371	0.70533	0.01692	0.02185	0.02185	0.01621	0.02326	0.01339	0.01762	0.01128	0.00634	0.00705	0.00211	0.00846	0.00634	0.00352	0.01128
46	0.01023	0.00833	0.00866	0.00882	0.01098	0.03325	0.00669	0.01222	0.01640	0.04058	0.09813	0.15571	0.46814	0.01787	0.00853	0.00251	0.00436	0.07560	0.00663	0.00634
47	0.16953	0.13221	0.09061	0.11595	0.07075	0.15024	0.10833	0.02237	0.01543	0.02184	0.01160	0.01472	0.00929	0.00684	0.00676	0.00211	0.03372	0.00533	0.00355	0.00882
48	0.01060	0.00944	0.01229	0.01566	0.16932	0.00854	0.00924	0.01302	0.01639	0.02055	0.08486	0.05621	0.51738	0.01521	0.00810	0.00233	0.00471	0.01295	0.00595	0.00725
49	0.00868	0.00620	0.00826	0.00991	0.01033	0.00578	0.00661	0.00991	0.01363	0.01818	0.03925	0.74510	0.04710	0.02231	0.00909	0.00289	0.00413	0.02024	0.00661	0.00578
50	0.01652	0.02529	0.27516	0.13603	0.22152	0.08168	0.09896	0.02227	0.01592	0.02164	0.01296	0.01664	0.00994	0.00667	0.00706	0.00221	0.01018	0.00603	0.00331	0.01002
51	0.01798	0.29524	0.23206	0.01874	0.08106	0.05315	0.05195	0.08728	0.01701	0.02224	0.01364	0.05394	0.01173	0.00749	0.00621	0.00198	0.00884	0.00588	0.00373	0.00982
52	0.00885	0.00633	0.00844	0.00996	0.01049	0.00592	0.00677	0.01029	0.01413	0.01892	0.08026	0.68059	0.04814	0.02174	0.00907	0.00286	0.00416	0.04050	0.00668	0.00587
53	0.00886	0.00735	0.00779	0.00787	0.01004	0.00639	0.00582	0.01127	0.03602	0.02024	0.12227	0.13812	0.55729	0.01794	0.00845	0.00244	0.00370	0.01519	0.00674	0.00620
54	0.07609	0.06792	0.20071	0.03814	0.02517	0.03751	0.11549	0.14630	0.03869	0.10692	0.01621	0.01788	0.01179	0.00908	0.03365	0.00252	0.00917	0.00620	0.03038	0.01018
55	0.01406	0.01328	0.02247	0.63131	0.14556	0.01598	0.02008	0.01873	0.01453	0.01894	0.01276	0.01878	0.00975	0.00701	0.00711	0.00234	0.00934	0.00633	0.00322	0.00841
56	0.02038	0.01023	0.01316	0.01108	0.01465	0.00943	0.00875	0.06181	0.04003	0.31719	0.27895	0.08183	0.07730	0.01231	0.00781	0.00227	0.00489	0.01052	0.00804	0.00936
57	0.01692	0.01830	0.07250	0.18860	0.28756	0.05861	0.05437	0.04547	0.01564	0.02142	0.01251	0.01717	0.01026	0.00778	0.01004	0.00236	0.14114	0.00626	0.00348	0.00961
58	0.01994	0.16801	0.06667	0.02074	0.12423	0.12380	0.09469	0.04739	0.04816	0.09485	0.03516	0.04836	0.01474	0.00955	0.03104	0.00240	0.02935	0.00672	0.00454	0.00965
59	0.50849	0.12021	0.01647	0.01189	0.01635	0.18571	0.00977	0.02277	0.01436	0.02640	0.01017	0.01185	0.00826	0.00671	0.00491	0.00202	0.00755	0.00402	0.00404	0.00804

[dist]
# distance from previous block
# <min> <max>
1	4

[block]
# block no. 2 follows, 29 sequences, length 21
# corresponding to MSA columns:
# 122,123,127-145
name=unknown_C
#
# <colnr> <probs for GDERKNQSTAVLIFYWHMCP>
#	G	D	E	R	K	N	Q	S	T	A	V	L	I	F	Y	W	H	M	C	P
0	0.02249	0.30932	0.02640	0.01551	0.04249	0.20624	0.01272	0.13523	0.04680	0.06121	0.01550	0.03392	0.02805	0.00782	0.00602	0.00186	0.00870	0.00557	0.00458	0.00957
1	0.01000	0.00696	0.00825	0.00831	0.00888	0.00679	0.00525	0.01095	0.01286	0.01733	0.14666	0.11588	0.08325	0.46582	0.05852	0.00559	0.00634	0.01196	0.00530	0.00509
2	0.02092	0.37921	0.07851	0.05239	0.02304	0.19435	0.05047	0.08706	0.01786	0.02045	0.01146	0.01338	0.00954	0.00673	0.00576	0.00180	0.00945	0.00473	0.00363	0.00927
3	0.01427	0.00895	0.01112	0.01009	0.01299	0.00809	0.00792	0.01795	0.05225	0.14024	0.27937	0.07792	0.17703	0.01415	0.00806	0.00231	0.00448	0.07645	0.00726	0.06909
4	0.01982	0.30027	0.19416	0.01756	0.06691	0.02067	0.04624	0.06120	0.05084	0.11895	0.01494	0.01603	0.01133	0.00712	0.00652	0.00199	0.02539	0.00542	0.00435	0.01029
5	0.01901	0.18870	0.23181	0.04203	0.09754	0.01947	0.09918	0.08932	0.01748	0.08970	0.01421	0.01623	0.01066	0.00701	0.00702	0.00210	0.02827	0.00579	0.00412	0.01034
6	0.01428	0.03683	0.71286	0.02030	0.03082	0.01654	0.02631	0.02255	0.01503	0.02255	0.01278	0.01503	0.00902	0.00677	0.00677	0.00226	0.01052	0.00526	0.00301	0.01052
7	0.00903	0.00645	0.00867	0.01032	0.01088	0.00609	0.00722	0.01052	0.01398	0.01857	0.03905	0.66143	0.04633	0.02198	0.00918	0.00294	0.00444	0.10044	0.00660	0.00588
8	0.01670	0.04997	0.10710	0.17012	0.31583	0.01567	0.03572	0.02123	0.01590	0.07326	0.04317	0.02180	0.01455	0.00938	0.03579	0.00259	0.00894	0.02831	0.00406	0.00990
9	0.00907	0.00692	0.00872	0.00971	0.01047	0.00671	0.00670	0.01037	0.01382	0.01808	0.04324	0.53498	0.17303	0.06227	0.01123	0.00304	0.04156	0.01794	0.00630	0.00585
10	0.00992	0.00727	0.00930	0.00879	0.01054	0.00665	0.00659	0.01313	0.01978	0.02766	0.64082	0.05467	0.12850	0.01489	0.00840	0.00226	0.00338	0.01309	0.00772	0.00665
11	0.02545	0.14364	0.02279	0.01741	0.02144	0.61560	0.01352	0.02735	0.01931	0.01732	0.01084	0.01262	0.00917	0.00715	0.00614	0.00179	0.01204	0.00447	0.00357	0.00839
12	0.01771	0.01551	0.02400	0.13870	0.38342	0.05474	0.04633	0.02143	0.01624	0.08780	0.01791	0.11107	0.01605	0.00878	0.00735	0.00226	0.00823	0.00818	0.00439	0.00991
13	0.01123	0.00734	0.00953	0.03052	0.01223	0.00712	0.00745	0.01397	0.04413	0.05997	0.10228	0.48521	0.04217	0.01829	0.00840	0.00265	0.00440	0.04207	0.08439	0.00665
14	0.00990	0.00671	0.00790	0.00834	0.00845	0.00660	0.00493	0.01024	0.01123	0.01498	0.02694	0.23389	0.03157	0.55470	0.02896	0.00583	0.00616	0.01301	0.00493	0.00471
15	0.11911	0.07585	0.16899	0.01945	0.10631	0.01622	0.08124	0.09637	0.01798	0.12835	0.05129	0.05582	0.01582	0.00826	0.00679	0.00220	0.00790	0.00697	0.00506	0.01004
16	0.01348	0.01290	0.01876	0.46011	0.07038	0.05006	0.01625	0.01737	0.01528	0.01949	0.08651	0.02804	0.10353	0.00949	0.00826	0.00236	0.04793	0.00798	0.00410	0.00773
17	0.01657	0.05039	0.01774	0.08550	0.01927	0.01613	0.01188	0.11608	0.06250	0.06048	0.07498	0.02764	0.04903	0.12545	0.03405	0.00341	0.20770	0.00792	0.00504	0.00824
18	0.06608	0.06454	0.16342	0.05428	0.14238	0.10176	0.08130	0.13010	0.01902	0.06311	0.01491	0.04065	0.01179	0.00758	0.00684	0.00215	0.00919	0.00634	0.00443	0.01012
19	0.09243	0.04123	0.10633	0.10858	0.21281	0.09867	0.01662	0.07041	0.01721	0.06262	0.01783	0.06582	0.04261	0.00846	0.00683	0.00219	0.00838	0.00702	0.00440	0.00955
20	0.07001	0.01700	0.02078	0.08956	0.06081	0.10507	0.10379	0.15874	0.02010	0.08530	0.07032	0.05827	0.01813	0.04681	0.00865	0.00241	0.00825	0.00765	0.00534	0.04299

[dist]
# distance from previous block
# <min> <max>
13	43

[block]
# block no. 3 follows, 29 sequences, length 25
# corresponding to MSA columns:
# 190-214
name=unknown_D
#
# <colnr> <probs for GDERKNQSTAVLIFYWHMCP>
#	G	D	E	R	K	N	Q	S	T	A	V	L	I	F	Y	W	H	M	C	P
0	0.01477	0.11728	0.04667	0.06524	0.02110	0.04227	0.11859	0.01812	0.01608	0.05245	0.08799	0.13162	0.08749	0.01127	0.00740	0.00219	0.00711	0.04844	0.00506	0.09886
1	0.01711	0.17923	0.34346	0.02351	0.15621	0.07961	0.06123	0.02269	0.01569	0.02107	0.01225	0.01485	0.00960	0.00655	0.00644	0.00205	0.00982	0.00530	0.00321	0.01013
2	0.01487	0.16434	0.44203	0.01851	0.05944	0.01730	0.02068	0.02091	0.01496	0.02121	0.01518	0.06173	0.01320	0.00817	0.00661	0.00215	0.00905	0.04042	0.00350	0.04576
3	0.01631	0.06533	0.54041	0.01967	0.02900	0.01674	0.06963	0.02432	0.05143	0.07922	0.01488	0.01653	0.01053	0.00700	0.00684	0.00224	0.00987	0.00572	0.00375	0.01057
4	0.02589	0.07142	0.02215	0.01596	0.02158	0.02223	0.01329	0.59277	0.07539	0.04190	0.01737	0.01732	0.01253	0.00845	0.00695	0.00211	0.00768	0.00633	0.00684	0.01184
5	0.00882	0.00629	0.00832	0.00978	0.01025	0.00588	0.00653	0.01014	0.01390	0.01864	0.07835	0.67739	0.04751	0.04913	0.01007	0.00300	0.00419	0.01943	0.00660	0.00578
6	0.01627	0.20371	0.38434	0.11485	0.02991	0.06897	0.04565	0.02209	0.01522	0.02023	0.01201	0.01471	0.00919	0.00666	0.00633	0.00207	0.00991	0.00513	0.00311	0.00965
7	0.01906	0.44421	0.19421	0.01448	0.02140	0.02319	0.01542	0.09330	0.01713	0.05341	0.03629	0.01494	0.01184	0.00694	0.00562	0.00182	0.00811	0.00490	0.00391	0.00984
8	0.00905	0.00684	0.00827	0.00886	0.01020	0.00618	0.00631	0.01093	0.01576	0.02058	0.18702	0.33191	0.25830	0.05265	0.01000	0.00280	0.00401	0.03756	0.00676	0.00601
9	0.01037	0.00648	0.00859	0.00916	0.00937	0.00640	0.00592	0.01000	0.01122	0.01503	0.02503	0.27993	0.02870	0.24105	0.06056	0.24417	0.00637	0.01237	0.00471	0.00456
10	0.01892	0.02072	0.06550	0.09078	0.33093	0.13142	0.16565	0.02335	0.01692	0.04750	0.01369	0.01742	0.01080	0.00661	0.00724	0.00216	0.01006	0.00649	0.00371	0.01013
11	0.02312	0.22864	0.11466	0.01596	0.02214	0.11062	0.01483	0.33079	0.02414	0.03072	0.01377	0.01472	0.01052	0.00748	0.00628	0.00194	0.00875	0.00531	0.00502	0.01059
12	0.00847	0.00702	0.00741	0.00773	0.00975	0.00597	0.00564	0.01016	0.01574	0.01903	0.06586	0.19752	0.57750	0.01885	0.00854	0.00250	0.00371	0.01602	0.00661	0.00597
13	0.01034	0.00756	0.00989	0.01104	0.01249	0.00726	0.00894	0.01283	0.01574	0.02040	0.08124	0.19140	0.14958	0.06337	0.01098	0.00323	0.00549	0.36553	0.00652	0.00621
14	0.01898	0.22884	0.12425	0.08995	0.22196	0.11935	0.01794	0.06076	0.01694	0.02130	0.01214	0.01494	0.00995	0.00667	0.00624	0.00195	0.00919	0.00524	0.00351	0.00988
15	0.01774	0.36493	0.33363	0.01618	0.02418	0.02244	0.01855	0.08737	0.01660	0.02210	0.01188	0.01358	0.00938	0.00663	0.00579	0.00191	0.00892	0.00471	0.00343	0.01004
16	0.01373	0.00815	0.01017	0.00965	0.01214	0.00725	0.00748	0.01620	0.01776	0.15503	0.22224	0.14009	0.25644	0.01603	0.00839	0.00247	0.00437	0.07765	0.00735	0.00740
17	0.02196	0.27409	0.06683	0.01871	0.09980	0.27708	0.01452	0.05719	0.01795	0.04800	0.01290	0.03658	0.01107	0.00736	0.00603	0.00185	0.00963	0.00525	0.00388	0.00931
18	0.04371	0.20455	0.15873	0.04162	0.13177	0.07766	0.07319	0.06447	0.04799	0.04330	0.01446	0.01810	0.01177	0.00731	0.00648	0.00207	0.00893	0.02996	0.00401	0.00990
19	0.04920	0.20744	0.22279	0.01637	0.06380	0.05003	0.01574	0.02260	0.05899	0.04771	0.05480	0.01737	0.01399	0.00710	0.00604	0.00187	0.00787	0.00542	0.00409	0.12677
20	0.06435	0.07467	0.12487	0.01280	0.01761	0.03256	0.01186	0.14882	0.04460	0.02736	0.13269	0.07905	0.13511	0.01120	0.00712	0.00216	0.00637	0.00911	0.00574	0.05196
21	0.03558	0.09394	0.07962	0.05825	0.06752	0.01389	0.01224	0.05669	0.10231	0.04823	0.12431	0.13983	0.04152	0.01124	0.00720	0.00222	0.00623	0.02428	0.00560	0.06930
22	0.01498	0.06473	0.14439	0.01814	0.10068	0.01435	0.05723	0.07258	0.09871	0.02523	0.12982	0.10398	0.05725	0.01085	0.00747	0.00228	0.00697	0.02997	0.00540	0.03500
23	0.06943	0.05927	0.05107	0.03516	0.11275	0.03335	0.05180	0.07098	0.09398	0.07706	0.06171	0.12613	0.03881	0.01011	0.00707	0.00218	0.00678	0.00874	0.00546	0.07816
24	0.04737	0.01636	0.05474	0.05365	0.11292	0.01578	0.13561	0.08463	0.11096	0.08950	0.01938	0.04432	0.03285	0.00833	0.00811	0.00221	0.05152	0.00734	0.00511	0.09931

[dist]
# distance from previous block
# <min> <max>
1	23

[block]
# block no. 4 follows, 29 sequences, length 25
# corresponding to MSA columns:
# 238-262
name=unknown_E
#
# <colnr> <probs for GDERKNQSTAVLIFYWHMCP>
#	G	D	E	R	K	N	Q	S	T	A	V	L	I	F	Y	W	H	M	C	P
0	0.07136	0.09378	0.07352	0.01779	0.07686	0.04347	0.06834	0.20359	0.02034	0.02837	0.01751	0.06718	0.01560	0.00906	0.00687	0.00211	0.00778	0.06535	0.00506	0.10606
1	0.07220	0.05472	0.02114	0.01814	0.10262	0.01524	0.08610	0.11697	0.03902	0.12793	0.07791	0.02300	0.01806	0.05999	0.00977	0.00243	0.04663	0.00707	0.00547	0.09558
2	0.01856	0.07262	0.04082	0.02040	0.13282	0.04704	0.06628	0.13343	0.09376	0.04522	0.07523	0.04416	0.01809	0.00892	0.00870	0.00217	0.08323	0.00725	0.00513	0.07616
3	0.11400	0.06819	0.09064	0.01805	0.08680	0.12781	0.04219	0.10154	0.12184	0.02582	0.01953	0.04982	0.04153	0.01017	0.02626	0.00246	0.00845	0.03054	0.00493	0.00945
4	0.02027	0.11011	0.07437	0.04999	0.17911	0.04928	0.04490	0.24690	0.02164	0.02878	0.01688	0.04094	0.03724	0.00834	0.00760	0.00215	0.03951	0.00674	0.00485	0.01040
5	0.12331	0.19174	0.22467	0.01612	0.02301	0.09260	0.04202	0.13050	0.01813	0.02565	0.01233	0.01402	0.00953	0.00685	0.00598	0.00197	0.00883	0.00494	0.00402	0.04379
6	0.19299	0.22175	0.26460	0.06039	0.02358	0.01936	0.01643	0.02234	0.05446	0.02328	0.01231	0.01421	0.00959	0.00670	0.00564	0.00203	0.00809	0.00475	0.00363	0.03388
7	0.00860	0.00714	0.00753	0.00761	0.00978	0.00606	0.00564	0.01052	0.01641	0.02008	0.13252	0.12231	0.58520	0.01803	0.00847	0.00243	0.00362	0.01524	0.00674	0.00606
8	0.01013	0.00838	0.01198	0.01061	0.01298	0.00757	0.07435	0.01310	0.01809	0.02425	0.38347	0.10648	0.26074	0.01537	0.00846	0.00236	0.00437	0.01366	0.00693	0.00672
9	0.01468	0.01330	0.03694	0.05467	0.07685	0.01391	0.01162	0.02662	0.36719	0.02577	0.09100	0.14808	0.06494	0.01213	0.00768	0.00244	0.00568	0.01055	0.00649	0.00946
10	0.02037	0.62737	0.03430	0.01327	0.01893	0.15008	0.01246	0.02257	0.01547	0.01687	0.01009	0.01167	0.00914	0.00631	0.00489	0.00158	0.00853	0.00394	0.00316	0.00898
11	0.01704	0.04258	0.02576	0.14429	0.43962	0.01572	0.04469	0.02096	0.01588	0.06550	0.01664	0.08884	0.01479	0.00815	0.00723	0.00223	0.00815	0.00773	0.00409	0.01013
12	0.01865	0.12211	0.22910	0.02342	0.13729	0.10996	0.12705	0.02359	0.01637	0.07300	0.01396	0.01662	0.01074	0.00868	0.03698	0.00249	0.01037	0.00592	0.00375	0.00996
13	0.01429	0.00897	0.01221	0.04141	0.01461	0.00860	0.03256	0.05167	0.01660	0.12130	0.12971	0.22065	0.11714	0.06502	0.01193	0.07415	0.00542	0.04020	0.00641	0.00713
14	0.00865	0.00629	0.00817	0.00967	0.01026	0.00580	0.00650	0.00994	0.01387	0.01827	0.04222	0.68400	0.10628	0.02192	0.00903	0.00285	0.00408	0.01977	0.00661	0.00580
15	0.01985	0.08861	0.11863	0.06519	0.16602	0.04250	0.04429	0.02549	0.08508	0.17848	0.02000	0.08093	0.01610	0.00870	0.00703	0.00221	0.00785	0.00751	0.00524	0.01030
16	0.01612	0.09458	0.23301	0.13146	0.12955	0.03609	0.07494	0.02114	0.01511	0.05789	0.01443	0.01886	0.01152	0.04003	0.07248	0.00319	0.01035	0.00621	0.00362	0.00942
17	0.01387	0.02475	0.35989	0.01853	0.05312	0.05187	0.06671	0.02013	0.05213	0.02153	0.02262	0.19302	0.04915	0.01109	0.00753	0.00240	0.00857	0.00966	0.00436	0.00908
18	0.05899	0.01645	0.06748	0.03882	0.12082	0.05725	0.03381	0.06460	0.01930	0.38463	0.02202	0.02310	0.01542	0.00844	0.00710	0.00222	0.00751	0.03440	0.00663	0.01103
19	0.01557	0.02062	0.17567	0.07783	0.26550	0.05595	0.11505	0.02038	0.01582	0.02158	0.01852	0.10793	0.04009	0.00888	0.00745	0.00229	0.00904	0.00832	0.00390	0.00960
20	0.01801	0.01674	0.02510	0.17871	0.21593	0.06561	0.11498	0.10483	0.01797	0.04577	0.01625	0.02021	0.03252	0.01088	0.05997	0.00292	0.03290	0.00691	0.00420	0.00960
21	0.01471	0.03430	0.62586	0.02327	0.11661	0.01659	0.02574	0.02246	0.01518	0.02264	0.01286	0.01536	0.00931	0.00671	0.00680	0.00224	0.01026	0.00540	0.00307	0.01062
22	0.01786	0.01868	0.10952	0.08540	0.40488	0.01629	0.09866	0.04306	0.01697	0.07162	0.03792	0.01926	0.01319	0.00693	0.00724	0.00220	0.00884	0.00674	0.00407	0.01067
23	0.01509	0.06944	0.46519	0.02392	0.14495	0.01712	0.05894	0.02165	0.01507	0.02197	0.01370	0.04405	0.01101	0.00747	0.00758	0.00226	0.04091	0.00617	0.00328	0.01023
24	0.01477	0.10864	0.08515	0.18751	0.04666	0.01527	0.05002	0.09895	0.01671	0.02197	0.02284	0.14618	0.07183	0.04087	0.03938	0.00288	0.00819	0.00929	0.00459	0.00831

[dist]
# distance from previous block
# <min> <max>
0	1

[block]
# block no. 5 follows, 29 sequences, length 22
# corresponding to MSA columns:
# 268-289
name=unknown_F
#
# <colnr> <probs for GDERKNQSTAVLIFYWHMCP>
#	G	D	E	R	K	N	Q	S	T	A	V	L	I	F	Y	W	H	M	C	P
0	0.01324	0.01490	0.13567	0.01599	0.07822	0.03962	0.03529	0.03186	0.01611	0.05448	0.10068	0.33879	0.04990	0.01502	0.00816	0.00253	0.00641	0.02951	0.00573	0.00791
1	0.02063	0.10890	0.08820	0.06652	0.17274	0.19226	0.08548	0.08226	0.01855	0.05260	0.01420	0.01812	0.01152	0.00737	0.00683	0.00208	0.00983	0.02803	0.00410	0.00979
2	0.01011	0.00736	0.01028	0.01028	0.01132	0.00802	0.00757	0.01221	0.01265	0.01788	0.12223	0.07487	0.02831	0.17964	0.44467	0.00873	0.01358	0.00963	0.00466	0.00599
3	0.01482	0.01367	0.04745	0.10377	0.22575	0.01357	0.01455	0.07811	0.05812	0.02379	0.10117	0.02903	0.06624	0.05997	0.11521	0.00388	0.00899	0.00819	0.00482	0.00890
4	0.01673	0.01177	0.01415	0.01102	0.01620	0.00958	0.00865	0.02055	0.05593	0.13044	0.02000	0.12546	0.01775	0.00862	0.00625	0.00159	0.00525	0.00729	0.00547	0.50728
5	0.02231	0.13554	0.10758	0.01690	0.05023	0.10738	0.01462	0.27838	0.06595	0.04703	0.01520	0.01605	0.01149	0.00751	0.00645	0.00195	0.00838	0.00558	0.00522	0.07626
6	0.13480	0.01527	0.01586	0.01382	0.01769	0.01766	0.01089	0.13154	0.40894	0.03072	0.02282	0.02355	0.01775	0.05626	0.00954	0.00266	0.04638	0.00722	0.00639	0.01024
7	0.07987	0.35944	0.17922	0.06159	0.06865	0.06353	0.01604	0.02256	0.01518	0.05805	0.01201	0.01391	0.00964	0.00659	0.00562	0.00189	0.00849	0.00469	0.00354	0.00951
8	0.01620	0.01291	0.01836	0.01764	0.10718	0.01302	0.07384	0.05279	0.12077	0.08562	0.17478	0.03200	0.08802	0.01139	0.02518	0.00243	0.05236	0.00893	0.00601	0.08057
9	0.01538	0.01531	0.02177	0.08366	0.02146	0.02127	0.01596	0.01723	0.01121	0.01723	0.00965	0.01589	0.00936	0.01198	0.02189	0.00305	0.67054	0.00624	0.00312	0.00780
10	0.01152	0.00892	0.01079	0.01069	0.01274	0.00902	0.00823	0.01790	0.15706	0.02550	0.31853	0.14654	0.10792	0.01566	0.00847	0.00253	0.00443	0.10883	0.00725	0.00744
11	0.00891	0.00731	0.00794	0.00829	0.01047	0.00634	0.00643	0.01092	0.01612	0.01951	0.06495	0.10635	0.56321	0.01852	0.00868	0.00257	0.00410	0.11670	0.00660	0.00609
12	0.01217	0.00825	0.01069	0.01018	0.01225	0.00791	0.00796	0.01660	0.06445	0.07048	0.51568	0.05362	0.05714	0.01463	0.00846	0.00240	0.00416	0.10796	0.00767	0.00734
13	0.01751	0.05595	0.40659	0.02024	0.04322	0.12190	0.08108	0.06052	0.05741	0.02332	0.01378	0.01582	0.01024	0.00697	0.00679	0.00214	0.01024	0.00562	0.00369	0.03697
14	0.01976	0.06784	0.02368	0.06342	0.14367	0.21901	0.08840	0.05521	0.14787	0.02277	0.01974	0.02130	0.05982	0.00816	0.00700	0.00212	0.00921	0.00683	0.00461	0.00957
15	0.01645	0.01223	0.01462	0.01069	0.01661	0.00942	0.00856	0.01958	0.01578	0.10356	0.06040	0.01843	0.01515	0.00630	0.00570	0.00127	0.00524	0.00514	0.00500	0.64987
16	0.80005	0.01377	0.01047	0.00936	0.01377	0.01597	0.00771	0.02093	0.01212	0.03195	0.00991	0.01157	0.00771	0.00661	0.00441	0.00220	0.00551	0.00386	0.00441	0.00771
17	0.01757	0.33184	0.36106	0.01662	0.02472	0.05102	0.01914	0.06420	0.01619	0.02136	0.01179	0.01358	0.00927	0.00662	0.00587	0.00193	0.00925	0.00471	0.00331	0.00996
18	0.00951	0.00693	0.00928	0.00984	0.01074	0.00704	0.00697	0.01128	0.01343	0.01834	0.10882	0.30477	0.07861	0.12579	0.23827	0.00602	0.00911	0.01378	0.00557	0.00590
19	0.02203	0.01879	0.01751	0.01482	0.01899	0.15213	0.01169	0.24081	0.18731	0.07506	0.12249	0.02474	0.02266	0.01067	0.02579	0.00241	0.00777	0.00751	0.00662	0.01020
20	0.04314	0.16714	0.22239	0.01767	0.08314	0.01788	0.01638	0.07096	0.09520	0.12864	0.04169	0.01985	0.03002	0.00788	0.00652	0.00210	0.00778	0.00620	0.00501	0.01044
21	0.02528	0.01159	0.01477	0.01178	0.01637	0.01052	0.00956	0.09371	0.02106	0.45687	0.11613	0.03365	0.12489	0.01086	0.00750	0.00223	0.00554	0.00896	0.00820	0.01055

[dist]
# distance from previous block
# <min> <max>
0	1

[block]
# block no. 6 follows, 29 sequences, length 10
# corresponding to MSA columns:
# 291-300
name=unknown_G
#
# <colnr> <probs for GDERKNQSTAVLIFYWHMCP>
#	G	D	E	R	K	N	Q	S	T	A	V	L	I	F	Y	W	H	M	C	P
0	0.02831	0.01267	0.01825	0.01776	0.13503	0.01136	0.01220	0.03134	0.01966	0.55569	0.06247	0.02469	0.01926	0.00871	0.00721	0.00219	0.00632	0.00733	0.00786	0.01168
1	0.01695	0.05377	0.31380	0.03071	0.33901	0.01693	0.04800	0.02278	0.01588	0.05589	0.01375	0.01668	0.01054	0.00662	0.00689	0.00217	0.00931	0.00591	0.00355	0.01086
2	0.02003	0.49881	0.07937	0.01432	0.01977	0.13509	0.01366	0.02261	0.01529	0.04138	0.01086	0.01272	0.00945	0.00700	0.00680	0.00179	0.07427	0.00437	0.00335	0.00908
3	0.01858	0.06464	0.01780	0.01459	0.01824	0.07559	0.01167	0.03167	0.42445	0.06968	0.05257	0.02763	0.02156	0.01021	0.00855	0.00240	0.06772	0.04587	0.00641	0.01018
4	0.01889	0.05723	0.12718	0.03186	0.38801	0.04911	0.05174	0.08774	0.05455	0.04398	0.01468	0.01742	0.01155	0.00688	0.00694	0.00213	0.00880	0.00620	0.00413	0.01095
5	0.01002	0.00889	0.04726	0.00991	0.01209	0.00723	0.00819	0.01310	0.01785	0.02416	0.36754	0.12579	0.19363	0.01639	0.00859	0.00249	0.00435	0.10886	0.00701	0.00666
6	0.02029	0.01727	0.02060	0.02098	0.17959	0.04787	0.01379	0.23677	0.10112	0.03076	0.01611	0.01749	0.01248	0.00719	0.00657	0.00185	0.00723	0.00589	0.00533	0.23080
7	0.01669	0.01562	0.02594	0.27694	0.44651	0.01681	0.02072	0.05469	0.01643	0.02265	0.01333	0.01806	0.01071	0.00672	0.00708	0.00220	0.00878	0.00634	0.00359	0.01017
8	0.01034	0.00696	0.00803	0.00803	0.00813	0.00705	0.00465	0.01053	0.01043	0.01401	0.02219	0.04524	0.02530	0.69891	0.08628	0.00723	0.00779	0.01016	0.00428	0.00446
9	0.00881	0.00630	0.00838	0.00982	0.01036	0.00587	0.00662	0.01026	0.01427	0.01919	0.10375	0.67772	0.04905	0.02155	0.00902	0.00283	0.00406	0.01953	0.00673	0.00587

[dist]
# distance from previous block
# <min> <max>
0	0

# created by:
# /home/berkeley/.conda/envs/busco_data_prod/bin/msa2prfl.pl pipeline/OGs_align_augustus/4893/38957.fs
