[name]
unknown

[dist]
# distance from previous block
# <min> <max>
0	30

[block]
# block no. 0 follows, 31 sequences, length 20
# corresponding to MSA columns:
# 30-49
name=unknown_A
#
# <colnr> <probs for GDERKNQSTAVLIFYWHMCP>
#	G	D	E	R	K	N	Q	S	T	A	V	L	I	F	Y	W	H	M	C	P
0	0.01287	0.00774	0.01001	0.00961	0.01177	0.00703	0.00749	0.01551	0.01752	0.13662	0.32121	0.13894	0.15247	0.01523	0.00816	0.00239	0.00422	0.10697	0.00718	0.00706
1	0.01177	0.00912	0.06677	0.01173	0.05586	0.00752	0.00849	0.01136	0.01095	0.01512	0.01885	0.06978	0.06744	0.02134	0.05971	0.48983	0.00665	0.00747	0.04547	0.00477
2	0.06835	0.01204	0.05758	0.01331	0.06146	0.01071	0.03494	0.06460	0.05154	0.04364	0.10521	0.09492	0.13502	0.05721	0.08165	0.00326	0.00692	0.00941	0.00533	0.08290
3	0.02245	0.09504	0.02182	0.06762	0.07071	0.05974	0.01338	0.43388	0.02573	0.03398	0.03890	0.01689	0.01272	0.00770	0.00650	0.00194	0.00765	0.00590	0.00562	0.05182
4	0.01490	0.09239	0.01522	0.01057	0.01469	0.01159	0.00839	0.10594	0.01657	0.04729	0.05083	0.15177	0.06467	0.05996	0.00824	0.00205	0.00540	0.00850	0.00516	0.30588
5	0.13420	0.05859	0.01776	0.01499	0.06038	0.10217	0.01129	0.16536	0.15047	0.10469	0.01800	0.04621	0.01404	0.00807	0.00622	0.00200	0.00690	0.00620	0.00562	0.06683
6	0.04226	0.16521	0.10148	0.07095	0.13139	0.01610	0.03914	0.04317	0.05164	0.06129	0.06054	0.02004	0.04334	0.00734	0.00615	0.00186	0.00707	0.00608	0.00431	0.12066
7	0.03289	0.14935	0.10384	0.05579	0.08790	0.01718	0.06625	0.09910	0.09570	0.03836	0.04509	0.04712	0.08138	0.00890	0.00734	0.00212	0.04053	0.00731	0.00468	0.00917
8	0.02256	0.12878	0.06210	0.01557	0.04631	0.18946	0.01274	0.09464	0.10305	0.17621	0.01918	0.01906	0.04010	0.00807	0.00688	0.00199	0.03223	0.00598	0.00533	0.00974
9	0.00889	0.00692	0.00900	0.01087	0.05477	0.00634	0.00699	0.01051	0.01423	0.01856	0.07955	0.49312	0.21704	0.01901	0.00841	0.00258	0.00406	0.01693	0.00622	0.00600
10	0.06608	0.01214	0.01373	0.01126	0.01524	0.01245	0.00908	0.18246	0.08359	0.24007	0.05322	0.02305	0.01782	0.00848	0.00622	0.00198	0.00533	0.00672	0.22141	0.00967
11	0.06815	0.01998	0.15173	0.11330	0.13879	0.04432	0.18620	0.07302	0.01664	0.08198	0.01397	0.01692	0.01035	0.00675	0.00730	0.00218	0.02855	0.00625	0.00401	0.00961
12	0.06526	0.11726	0.01463	0.03698	0.01369	0.01284	0.00853	0.01584	0.07633	0.01827	0.02283	0.13812	0.05959	0.18629	0.08314	0.00410	0.08254	0.00922	0.02787	0.00667
13	0.00900	0.00689	0.00803	0.00853	0.01002	0.00627	0.00633	0.01074	0.01463	0.01848	0.09265	0.18001	0.34461	0.12437	0.01226	0.00314	0.00448	0.12782	0.00610	0.00564
14	0.01675	0.01087	0.01445	0.07349	0.07003	0.01120	0.01046	0.08898	0.05369	0.16268	0.13552	0.08609	0.09570	0.01473	0.07060	0.00298	0.03009	0.00930	0.03383	0.00854
15	0.01905	0.16312	0.07689	0.01936	0.10044	0.06808	0.10673	0.16477	0.08579	0.04355	0.01670	0.07510	0.01412	0.00814	0.00662	0.00204	0.00809	0.00696	0.00473	0.00973
16	0.01401	0.01132	0.01227	0.01230	0.04442	0.07585	0.00856	0.01806	0.11116	0.06967	0.02698	0.09683	0.09504	0.20068	0.14366	0.00490	0.03272	0.00945	0.00508	0.00705
17	0.00917	0.00677	0.00885	0.00979	0.01088	0.00656	0.00731	0.01106	0.01392	0.01834	0.07405	0.34076	0.14733	0.05722	0.10982	0.00405	0.00642	0.14596	0.00593	0.00580
18	0.04687	0.03369	0.01872	0.08600	0.09152	0.05269	0.08090	0.06870	0.07635	0.12968	0.02377	0.11813	0.06422	0.03869	0.03691	0.00273	0.00755	0.00878	0.00534	0.00875
19	0.01914	0.16830	0.07829	0.01880	0.11179	0.14163	0.04982	0.07206	0.09369	0.04538	0.01399	0.01559	0.01112	0.00691	0.00664	0.00185	0.03492	0.00532	0.00416	0.10058

[dist]
# distance from previous block
# <min> <max>
1	19

[block]
# block no. 1 follows, 31 sequences, length 24
# corresponding to MSA columns:
# 69-92
name=unknown_B
#
# <colnr> <probs for GDERKNQSTAVLIFYWHMCP>
#	G	D	E	R	K	N	Q	S	T	A	V	L	I	F	Y	W	H	M	C	P
0	0.01625	0.06296	0.05058	0.01598	0.09317	0.18136	0.01156	0.01977	0.05417	0.04260	0.07177	0.14606	0.05072	0.02910	0.00765	0.00219	0.00729	0.05152	0.00490	0.08039
1	0.01703	0.01508	0.01786	0.11708	0.12316	0.06694	0.01276	0.15195	0.08737	0.02570	0.04772	0.05443	0.05852	0.00849	0.00665	0.00193	0.00690	0.00710	0.00500	0.16835
2	0.01548	0.01843	0.13294	0.02289	0.13743	0.01620	0.18169	0.02439	0.20090	0.02378	0.07713	0.02202	0.01757	0.00810	0.00850	0.00229	0.06858	0.00739	0.00462	0.00968
3	0.00877	0.00636	0.00828	0.00906	0.00998	0.00587	0.00631	0.01068	0.01535	0.02087	0.26605	0.47672	0.09292	0.01868	0.00847	0.00254	0.00369	0.01677	0.00675	0.00587
4	0.01113	0.00902	0.01308	0.01189	0.01318	0.01019	0.05017	0.01390	0.04289	0.01758	0.09832	0.03213	0.02330	0.21266	0.31710	0.00705	0.09743	0.00847	0.00429	0.00623
5	0.00985	0.00701	0.00939	0.00939	0.01006	0.00768	0.00655	0.01119	0.01052	0.01469	0.01979	0.03500	0.02063	0.37285	0.41574	0.00901	0.01302	0.00852	0.00388	0.00522
6	0.00874	0.00727	0.00768	0.00761	0.00981	0.00640	0.00569	0.01149	0.04922	0.02010	0.15061	0.09301	0.56506	0.01668	0.00806	0.00231	0.00355	0.01407	0.00654	0.00610
7	0.01944	0.65268	0.03357	0.01231	0.01810	0.02620	0.01190	0.12091	0.01662	0.02012	0.01054	0.01179	0.00921	0.00620	0.00476	0.00155	0.00735	0.00403	0.00351	0.00921
8	0.02701	0.01211	0.01517	0.01187	0.01660	0.01142	0.00973	0.14590	0.02094	0.49186	0.02440	0.02244	0.01611	0.00834	0.00654	0.00202	0.00570	0.00667	0.13436	0.01080
9	0.01497	0.01270	0.01456	0.04770	0.09704	0.05624	0.01094	0.04915	0.19878	0.05532	0.07927	0.04061	0.19101	0.01201	0.00752	0.00232	0.00592	0.08937	0.00604	0.00852
10	0.04898	0.11890	0.02138	0.01621	0.02048	0.46589	0.01281	0.17384	0.02130	0.02293	0.01171	0.01304	0.00939	0.00714	0.00604	0.00180	0.01044	0.00468	0.00421	0.00884
11	0.02300	0.05129	0.02122	0.16319	0.02631	0.02026	0.01416	0.52641	0.02759	0.03670	0.01525	0.01655	0.01100	0.00783	0.00673	0.00207	0.00784	0.00603	0.00590	0.01069
12	0.00995	0.00663	0.00746	0.00746	0.00746	0.00663	0.00415	0.00995	0.00995	0.01327	0.02156	0.04477	0.02487	0.75957	0.03482	0.00663	0.00663	0.00995	0.00415	0.00415
13	0.01419	0.01216	0.01419	0.01013	0.01621	0.00912	0.00811	0.01723	0.01419	0.02229	0.01216	0.01419	0.01013	0.00507	0.00507	0.00101	0.00507	0.00405	0.00405	0.80139
14	0.00841	0.00651	0.00767	0.00830	0.00967	0.00577	0.00587	0.01010	0.01499	0.01921	0.14018	0.36852	0.33293	0.01870	0.00837	0.00250	0.00366	0.01638	0.00651	0.00577
15	0.02065	0.01919	0.06690	0.12273	0.11217	0.11405	0.04543	0.17711	0.06509	0.09926	0.01541	0.01735	0.01148	0.00781	0.00817	0.00217	0.07426	0.00608	0.00485	0.00984
16	0.01608	0.08017	0.23235	0.02280	0.10184	0.01737	0.21766	0.05064	0.09764	0.02300	0.01453	0.01703	0.01106	0.00665	0.00719	0.00212	0.02579	0.00629	0.00382	0.04598
17	0.00981	0.00663	0.00779	0.00813	0.00830	0.00658	0.00496	0.01021	0.01081	0.01437	0.02484	0.14291	0.02871	0.60429	0.02939	0.00585	0.00625	0.06105	0.00460	0.00450
18	0.01512	0.01618	0.05826	0.04663	0.05376	0.01536	0.40562	0.02060	0.04346	0.02198	0.01662	0.02354	0.01367	0.00771	0.00865	0.00232	0.06419	0.05740	0.10030	0.00864
19	0.05405	0.02248	0.22264	0.07065	0.20529	0.07806	0.12021	0.02304	0.01584	0.10231	0.01408	0.01661	0.01042	0.00658	0.00674	0.00212	0.00923	0.00593	0.00387	0.00987
20	0.01147	0.03749	0.03078	0.01272	0.06402	0.00975	0.00906	0.04443	0.06282	0.02068	0.06349	0.31391	0.15054	0.03243	0.00904	0.00257	0.03246	0.05600	0.02936	0.00701
21	0.00930	0.00716	0.00859	0.00893	0.01042	0.00673	0.00642	0.01257	0.06755	0.02138	0.23557	0.32434	0.22097	0.01736	0.00825	0.00245	0.00374	0.01528	0.00673	0.00626
22	0.01730	0.04490	0.01802	0.01360	0.04933	0.04625	0.05163	0.05306	0.01601	0.08946	0.01373	0.01533	0.01078	0.00576	0.00561	0.00135	0.00624	0.00477	0.00447	0.53239
23	0.01451	0.01455	0.08051	0.01366	0.04542	0.05482	0.03860	0.04865	0.04164	0.04822	0.07039	0.11445	0.08256	0.01112	0.02355	0.00212	0.00648	0.03544	0.00506	0.24826

[dist]
# distance from previous block
# <min> <max>
1	8

[block]
# block no. 2 follows, 31 sequences, length 37
# corresponding to MSA columns:
# 101-137
name=unknown_C
#
# <colnr> <probs for GDERKNQSTAVLIFYWHMCP>
#	G	D	E	R	K	N	Q	S	T	A	V	L	I	F	Y	W	H	M	C	P
0	0.04772	0.07445	0.04475	0.04854	0.02189	0.45733	0.03187	0.07577	0.01839	0.01952	0.01189	0.03698	0.01021	0.00781	0.00744	0.00195	0.06621	0.00527	0.00377	0.00824
1	0.04564	0.04420	0.10647	0.02466	0.26208	0.04032	0.07618	0.05207	0.03892	0.10254	0.06100	0.02015	0.02859	0.00727	0.00668	0.00201	0.00770	0.00650	0.00456	0.06244
2	0.01793	0.03568	0.12024	0.12725	0.12720	0.01528	0.06270	0.08321	0.09408	0.12559	0.04867	0.05215	0.01609	0.00835	0.00752	0.00221	0.03393	0.00718	0.00501	0.00974
3	0.00989	0.00705	0.00803	0.00806	0.01007	0.00610	0.00594	0.01174	0.01576	0.06780	0.13508	0.21365	0.44173	0.01723	0.00814	0.00238	0.00371	0.01478	0.00664	0.00621
4	0.00991	0.00722	0.01022	0.01034	0.01132	0.00808	0.00777	0.01187	0.01113	0.01566	0.02042	0.03470	0.02053	0.20550	0.52253	0.00943	0.01481	0.05893	0.00397	0.00569
5	0.01564	0.34119	0.43512	0.01623	0.02455	0.02058	0.01958	0.02117	0.01422	0.01933	0.01112	0.01299	0.00871	0.00623	0.00561	0.00187	0.00894	0.00447	0.00290	0.00955
6	0.02262	0.05154	0.02017	0.15131	0.02561	0.42174	0.01407	0.14984	0.02031	0.02178	0.01213	0.01454	0.00962	0.00837	0.02571	0.00215	0.01082	0.00510	0.00404	0.00855
7	0.00885	0.00696	0.00799	0.00773	0.00971	0.00610	0.00580	0.01129	0.01739	0.02275	0.37627	0.05882	0.40448	0.01573	0.00808	0.00223	0.00335	0.01345	0.00691	0.00610
8	0.01417	0.01430	0.01950	0.55914	0.07115	0.09931	0.01717	0.01812	0.01461	0.01770	0.01714	0.02176	0.07248	0.00777	0.00687	0.00221	0.00895	0.00663	0.00341	0.00762
9	0.00857	0.00695	0.00761	0.00744	0.00954	0.00598	0.00558	0.01077	0.01675	0.02122	0.26646	0.06133	0.51525	0.01630	0.00808	0.00226	0.00339	0.01381	0.00671	0.00598
10	0.01520	0.01484	0.01448	0.01333	0.01605	0.16836	0.05207	0.07764	0.06427	0.02195	0.08421	0.17800	0.13191	0.01376	0.00779	0.00236	0.00689	0.10376	0.00572	0.00741
11	0.01678	0.01373	0.01683	0.01423	0.01810	0.01493	0.07124	0.10751	0.38885	0.05311	0.13289	0.05233	0.04853	0.01019	0.00731	0.00227	0.00578	0.00886	0.00673	0.00980
12	0.02001	0.01047	0.01179	0.00984	0.01318	0.01054	0.00787	0.16956	0.01954	0.19758	0.02215	0.02297	0.01609	0.00814	0.00574	0.00182	0.00478	0.00645	0.43268	0.00881
13	0.00849	0.00608	0.00808	0.00942	0.00996	0.00566	0.00636	0.00993	0.01384	0.01865	0.11772	0.67172	0.04754	0.02055	0.00865	0.00270	0.00388	0.01861	0.00649	0.00566
14	0.01840	0.56083	0.09552	0.01302	0.01878	0.12247	0.01286	0.02105	0.01479	0.01681	0.01267	0.01401	0.04128	0.00661	0.00500	0.00161	0.00809	0.00439	0.00316	0.00865
15	0.00873	0.00623	0.00839	0.00997	0.01054	0.00589	0.00703	0.01020	0.01348	0.01790	0.03749	0.65682	0.04440	0.02107	0.00884	0.00283	0.00431	0.11389	0.00634	0.00566
16	0.06633	0.09846	0.12465	0.05118	0.05379	0.07431	0.09397	0.11706	0.04479	0.13194	0.01536	0.01690	0.01134	0.00847	0.02652	0.00233	0.04233	0.00587	0.00471	0.00970
17	0.01413	0.10066	0.66243	0.01880	0.02853	0.01689	0.02406	0.02156	0.01440	0.02117	0.01203	0.01413	0.00868	0.00644	0.00631	0.00210	0.00986	0.00493	0.00289	0.00999
18	0.00859	0.00610	0.00803	0.00948	0.00990	0.00575	0.00637	0.00977	0.01294	0.01724	0.03625	0.66379	0.04323	0.08501	0.01102	0.00313	0.00430	0.04747	0.00616	0.00547
19	0.02176	0.01990	0.04940	0.04512	0.05195	0.19533	0.03861	0.17374	0.09898	0.11939	0.02055	0.04810	0.03938	0.00902	0.00695	0.00212	0.00830	0.03621	0.00558	0.00961
20	0.01800	0.10837	0.05158	0.07055	0.11638	0.04091	0.04317	0.10259	0.06334	0.10900	0.03859	0.04927	0.10227	0.00945	0.00733	0.00214	0.02948	0.02316	0.00518	0.00923
21	0.01412	0.01018	0.01068	0.00988	0.01268	0.03498	0.00756	0.02063	0.18847	0.09913	0.10525	0.08391	0.25672	0.01281	0.00725	0.00220	0.00450	0.01073	0.10045	0.00788
22	0.01064	0.00827	0.00962	0.00913	0.01124	0.00800	0.00687	0.04452	0.09418	0.02480	0.36157	0.11884	0.23669	0.01486	0.00796	0.00227	0.00380	0.01284	0.00699	0.00689
23	0.10403	0.04980	0.02098	0.18086	0.10565	0.14289	0.08935	0.02111	0.04624	0.03507	0.06007	0.02378	0.01616	0.00826	0.00677	0.00218	0.00849	0.06583	0.00420	0.00827
24	0.01737	0.01650	0.02770	0.06697	0.48190	0.01681	0.11410	0.07585	0.06988	0.02421	0.01441	0.01783	0.01153	0.00650	0.00698	0.00211	0.00840	0.00651	0.00393	0.01053
25	0.00936	0.00781	0.00841	0.00894	0.01047	0.03900	0.00651	0.01118	0.01535	0.01932	0.13686	0.31610	0.30899	0.01803	0.00832	0.00249	0.00420	0.05637	0.00637	0.00591
26	0.01399	0.00979	0.01195	0.01112	0.01360	0.01013	0.00871	0.11902	0.07357	0.07342	0.13195	0.14188	0.11490	0.02149	0.14843	0.00406	0.00758	0.07046	0.00627	0.00767
27	0.01565	0.01832	0.06763	0.08083	0.03414	0.01753	0.52774	0.02090	0.01519	0.02090	0.01305	0.01783	0.01004	0.00664	0.00968	0.00238	0.10175	0.00753	0.00335	0.00893
28	0.01681	0.01375	0.01621	0.09962	0.02022	0.04519	0.04094	0.24860	0.06156	0.02760	0.07232	0.10033	0.09794	0.06258	0.03120	0.00280	0.00713	0.02095	0.00576	0.00848
29	0.01093	0.01096	0.07328	0.01027	0.01278	0.03977	0.00841	0.01435	0.06353	0.04350	0.07269	0.31667	0.26403	0.01645	0.00798	0.00244	0.00486	0.01424	0.00608	0.00676
30	0.02007	0.01562	0.02022	0.01678	0.05055	0.09385	0.14595	0.11880	0.04945	0.17618	0.02697	0.02853	0.12879	0.06565	0.00933	0.00248	0.00769	0.00821	0.00572	0.00915
31	0.01352	0.00989	0.04503	0.05990	0.01614	0.00864	0.03921	0.01628	0.01567	0.12563	0.12306	0.11459	0.12358	0.10248	0.01127	0.00299	0.00586	0.15311	0.00605	0.00712
32	0.02256	0.17359	0.10025	0.04913	0.05405	0.22107	0.04542	0.05641	0.01779	0.17496	0.01477	0.01566	0.01090	0.00700	0.00618	0.00190	0.00904	0.00527	0.00455	0.00951
33	0.01519	0.01332	0.02134	0.29200	0.29311	0.01417	0.01705	0.01980	0.04192	0.05183	0.07705	0.02089	0.01566	0.00723	0.00679	0.00207	0.00760	0.00659	0.00405	0.07236
34	0.01522	0.01039	0.01164	0.01024	0.01332	0.01025	0.00793	0.14634	0.07594	0.10931	0.10792	0.10804	0.29104	0.04027	0.00862	0.00242	0.00482	0.01148	0.00679	0.00801
35	0.02000	0.01746	0.07145	0.07250	0.06498	0.06293	0.11102	0.08965	0.14439	0.15451	0.01826	0.01918	0.01328	0.00758	0.00747	0.00211	0.03814	0.00648	0.00531	0.07328
36	0.01788	0.01599	0.05248	0.16499	0.21396	0.04828	0.03475	0.07016	0.01612	0.10275	0.01499	0.04877	0.01224	0.00821	0.00913	0.00223	0.11692	0.00660	0.00424	0.03932

[dist]
# distance from previous block
# <min> <max>
0	39

[block]
# block no. 3 follows, 31 sequences, length 24
# corresponding to MSA columns:
# 177-200
name=unknown_D
#
# <colnr> <probs for GDERKNQSTAVLIFYWHMCP>
#	G	D	E	R	K	N	Q	S	T	A	V	L	I	F	Y	W	H	M	C	P
0	0.07216	0.05207	0.04267	0.01966	0.17823	0.11859	0.01310	0.10011	0.03609	0.02433	0.05713	0.06180	0.01585	0.00808	0.00681	0.00191	0.03179	0.00647	0.02509	0.12806
1	0.04850	0.08009	0.05074	0.05390	0.09026	0.05691	0.03499	0.11290	0.08747	0.08126	0.04246	0.01794	0.01375	0.00705	0.00616	0.00180	0.00700	0.00572	0.00490	0.19620
2	0.04103	0.09157	0.04647	0.01328	0.04119	0.01318	0.03579	0.08716	0.06066	0.04070	0.06316	0.17457	0.02284	0.06973	0.02499	0.00261	0.03377	0.00912	0.00509	0.12309
3	0.05350	0.01817	0.10361	0.17901	0.16631	0.05513	0.13823	0.04644	0.04449	0.02217	0.01346	0.01714	0.01046	0.00677	0.00732	0.00213	0.03754	0.00612	0.03158	0.04041
4	0.01285	0.01016	0.01192	0.01085	0.01324	0.01086	0.00856	0.04469	0.14896	0.05427	0.19437	0.04516	0.25726	0.01368	0.00960	0.00238	0.09606	0.04106	0.00643	0.00763
5	0.00908	0.00642	0.00847	0.04256	0.01121	0.00616	0.00655	0.00989	0.01268	0.01657	0.03615	0.48285	0.12498	0.08072	0.01291	0.10163	0.00460	0.01574	0.00560	0.00524
6	0.00937	0.00712	0.00849	0.00865	0.01024	0.00653	0.00628	0.03787	0.01660	0.02190	0.25616	0.28538	0.26577	0.01728	0.00824	0.00240	0.00372	0.01511	0.00674	0.00615
7	0.00947	0.00685	0.00827	0.00823	0.00964	0.00653	0.00594	0.01157	0.01496	0.02051	0.24175	0.09961	0.21604	0.12984	0.11389	0.00410	0.00597	0.01188	0.06912	0.00582
8	0.00840	0.00666	0.00756	0.00793	0.00959	0.00582	0.00572	0.01021	0.01547	0.01958	0.16011	0.25901	0.42382	0.01797	0.00827	0.00242	0.00357	0.01554	0.00653	0.00582
9	0.02119	0.05674	0.07679	0.09259	0.02400	0.31548	0.04891	0.14979	0.01968	0.02309	0.01295	0.01526	0.01013	0.00734	0.00692	0.00195	0.03774	0.00533	0.06538	0.00874
10	0.80789	0.01323	0.01006	0.00900	0.01323	0.01535	0.00741	0.02011	0.01164	0.03070	0.00953	0.01111	0.00741	0.00635	0.00423	0.00212	0.00529	0.00370	0.00423	0.00741
11	0.00846	0.00623	0.00785	0.00908	0.00985	0.00573	0.00622	0.00977	0.01351	0.01757	0.04262	0.57468	0.16442	0.05315	0.00979	0.00288	0.00408	0.04230	0.00625	0.00556
12	0.01643	0.35112	0.31474	0.01719	0.02482	0.04579	0.10132	0.02138	0.01459	0.01909	0.01120	0.01335	0.00893	0.00615	0.00576	0.00186	0.00914	0.00480	0.00300	0.00934
13	0.01195	0.00847	0.00999	0.00931	0.01168	0.00814	0.00707	0.01712	0.12395	0.07839	0.34878	0.08502	0.22548	0.01410	0.00784	0.00225	0.00387	0.01214	0.00714	0.00731
14	0.01155	0.00794	0.01088	0.01212	0.01390	0.00779	0.01051	0.01456	0.01589	0.04755	0.03857	0.07415	0.09377	0.01837	0.00924	0.00304	0.00605	0.59128	0.00639	0.00646
15	0.01005	0.00675	0.00809	0.00809	0.00840	0.00699	0.00502	0.01066	0.01035	0.01434	0.02097	0.04045	0.02304	0.58906	0.16689	0.00723	0.00871	0.00928	0.04100	0.00462
16	0.01395	0.01387	0.02545	0.53032	0.09836	0.01575	0.16667	0.01873	0.01437	0.01884	0.01259	0.01818	0.00953	0.00655	0.00710	0.00227	0.00957	0.00652	0.00316	0.00822
17	0.02379	0.02603	0.01770	0.01584	0.01937	0.50359	0.01204	0.07993	0.04443	0.07415	0.01491	0.04761	0.01238	0.00967	0.03379	0.00222	0.01067	0.00571	0.03779	0.00838
18	0.02146	0.01650	0.01768	0.01464	0.01926	0.01855	0.01174	0.32077	0.38577	0.06311	0.02287	0.02150	0.01672	0.00879	0.00691	0.00220	0.00635	0.00702	0.00697	0.01121
19	0.01824	0.01578	0.02914	0.07005	0.05489	0.01580	0.35426	0.08503	0.01728	0.12234	0.01735	0.07787	0.01406	0.00820	0.00882	0.00233	0.06630	0.00827	0.00466	0.00932
20	0.00976	0.00699	0.00881	0.00962	0.01052	0.00675	0.00683	0.03648	0.01428	0.01896	0.08709	0.41074	0.08164	0.14817	0.01321	0.00340	0.00482	0.11014	0.00607	0.00573
21	0.04874	0.01721	0.04246	0.09721	0.31198	0.07956	0.07366	0.11115	0.01804	0.02468	0.06805	0.04577	0.01576	0.00770	0.00691	0.00210	0.00822	0.00697	0.00429	0.00955
22	0.01813	0.37648	0.08827	0.01449	0.04635	0.02091	0.04365	0.15034	0.01752	0.02301	0.01388	0.04100	0.01206	0.03703	0.00670	0.00196	0.00736	0.00557	0.06622	0.00907
23	0.01933	0.05066	0.02177	0.01593	0.02110	0.03890	0.11138	0.21473	0.09664	0.05115	0.01544	0.01688	0.01183	0.00732	0.00773	0.00189	0.06854	0.00590	0.00508	0.21779

[dist]
# distance from previous block
# <min> <max>
0	1

[block]
# block no. 4 follows, 31 sequences, length 21
# corresponding to MSA columns:
# 202-222
name=unknown_E
#
# <colnr> <probs for GDERKNQSTAVLIFYWHMCP>
#	G	D	E	R	K	N	Q	S	T	A	V	L	I	F	Y	W	H	M	C	P
0	0.01578	0.05618	0.17146	0.05913	0.08922	0.03166	0.12420	0.06426	0.03564	0.05906	0.11385	0.06642	0.02029	0.00851	0.00701	0.00210	0.00786	0.00769	0.00464	0.05503
1	0.01342	0.04643	0.11092	0.16615	0.04836	0.01411	0.15411	0.01843	0.04958	0.02032	0.04817	0.10596	0.05806	0.00971	0.00805	0.00228	0.04458	0.02910	0.00421	0.04806
2	0.02690	0.01382	0.01721	0.01358	0.01832	0.01405	0.01116	0.16982	0.09877	0.44489	0.02342	0.02143	0.01563	0.00879	0.00815	0.00220	0.06637	0.00675	0.00751	0.01121
3	0.01458	0.01445	0.02020	0.01747	0.01750	0.02006	0.01447	0.01606	0.01063	0.01652	0.01065	0.05785	0.01108	0.01252	0.02166	0.00298	0.70399	0.00677	0.00319	0.00737
4	0.01662	0.01516	0.09521	0.10757	0.02204	0.05203	0.05390	0.08601	0.07266	0.12037	0.02285	0.20504	0.02112	0.01425	0.06049	0.00296	0.00801	0.00971	0.00541	0.00860
5	0.01468	0.01134	0.01712	0.05652	0.01885	0.01171	0.11528	0.09546	0.01684	0.08216	0.07733	0.20595	0.07779	0.04999	0.01050	0.00269	0.06737	0.05507	0.00565	0.00770
6	0.00832	0.00601	0.00788	0.00938	0.00988	0.00557	0.00628	0.00954	0.01324	0.01752	0.03951	0.71576	0.08343	0.02120	0.00870	0.00275	0.00394	0.01916	0.00635	0.00557
7	0.01744	0.01903	0.02148	0.36982	0.15538	0.22642	0.01744	0.02094	0.01553	0.01807	0.01166	0.01611	0.00932	0.00703	0.00743	0.00212	0.04770	0.00559	0.00324	0.00826
8	0.01739	0.58347	0.07588	0.01245	0.01793	0.05223	0.01228	0.02066	0.04377	0.01727	0.01314	0.05556	0.01253	0.00747	0.00515	0.00170	0.00739	0.03163	0.00345	0.00864
9	0.04844	0.01017	0.01110	0.01013	0.01307	0.01029	0.00779	0.08709	0.14585	0.09276	0.06457	0.14525	0.24750	0.01344	0.00734	0.00227	0.00460	0.01128	0.05906	0.00799
10	0.00911	0.00649	0.00871	0.01022	0.01090	0.00621	0.00745	0.01075	0.01363	0.01803	0.03651	0.54366	0.04270	0.05790	0.01023	0.00307	0.00471	0.18780	0.00623	0.00568
11	0.00834	0.00595	0.00794	0.00953	0.00992	0.00556	0.00635	0.00953	0.01310	0.01746	0.03771	0.75510	0.04525	0.02143	0.00873	0.00278	0.00397	0.01945	0.00635	0.00556
12	0.01417	0.01352	0.02333	0.43803	0.26250	0.01517	0.05611	0.01846	0.01440	0.01931	0.01379	0.05558	0.01160	0.00729	0.00698	0.00223	0.00867	0.00688	0.00335	0.00864
13	0.00832	0.00600	0.00789	0.00940	0.00989	0.00557	0.00629	0.00954	0.01322	0.01751	0.03926	0.72122	0.07813	0.02123	0.00870	0.00276	0.00394	0.01920	0.00635	0.00557
14	0.01292	0.01216	0.02052	0.74312	0.04712	0.01520	0.01900	0.01748	0.01368	0.01748	0.01216	0.01824	0.00912	0.00684	0.00684	0.00228	0.00912	0.00608	0.00304	0.00760
15	0.01334	0.00911	0.01281	0.01169	0.01420	0.00869	0.06153	0.01734	0.06968	0.10998	0.19074	0.12575	0.12066	0.05769	0.00974	0.00272	0.00530	0.14514	0.00657	0.00732
16	0.01124	0.01014	0.06770	0.01089	0.01331	0.00842	0.00917	0.01578	0.09301	0.04377	0.08503	0.26593	0.14610	0.01618	0.00811	0.00256	0.00498	0.14052	0.04018	0.00700
17	0.18138	0.01284	0.01540	0.01238	0.01691	0.01301	0.02789	0.10110	0.05358	0.37345	0.02160	0.05001	0.01536	0.00865	0.00701	0.00217	0.03558	0.00671	0.03489	0.01009
18	0.02497	0.02955	0.01954	0.01869	0.06492	0.61325	0.01342	0.02766	0.04740	0.06051	0.01243	0.01384	0.00993	0.00717	0.00628	0.00182	0.01139	0.00480	0.00396	0.00846
19	0.01793	0.10537	0.11385	0.05997	0.11676	0.12633	0.06917	0.07942	0.04013	0.04448	0.03378	0.03750	0.04855	0.00828	0.00792	0.00211	0.06863	0.00657	0.00416	0.00908
20	0.06133	0.05216	0.07635	0.04283	0.01968	0.01421	0.06635	0.15742	0.04954	0.07956	0.01837	0.02008	0.03619	0.01034	0.05396	0.00248	0.00745	0.00618	0.10693	0.11858

[dist]
# distance from previous block
# <min> <max>
7	13

[block]
# block no. 5 follows, 31 sequences, length 13
# corresponding to MSA columns:
# 236-248
name=unknown_F
#
# <colnr> <probs for GDERKNQSTAVLIFYWHMCP>
#	G	D	E	R	K	N	Q	S	T	A	V	L	I	F	Y	W	H	M	C	P
0	0.04879	0.01079	0.07420	0.01137	0.01408	0.00882	0.05040	0.01455	0.07285	0.02053	0.07207	0.31882	0.20123	0.01593	0.00796	0.00249	0.00509	0.03732	0.00587	0.00685
1	0.00931	0.00636	0.00765	0.00828	0.00844	0.00621	0.00502	0.00978	0.01120	0.01493	0.02795	0.32583	0.03293	0.46751	0.02450	0.00511	0.00558	0.01371	0.00502	0.00470
2	0.01607	0.01416	0.01514	0.01116	0.01702	0.05680	0.00891	0.08410	0.01628	0.02397	0.01248	0.01429	0.01020	0.00550	0.00531	0.00116	0.00578	0.00428	0.00429	0.67309
3	0.01532	0.01354	0.05901	0.19820	0.13701	0.01272	0.04938	0.03738	0.01534	0.09158	0.04299	0.08461	0.05002	0.03555	0.00838	0.00227	0.02912	0.00785	0.00452	0.10521
4	0.01801	0.14944	0.17038	0.03752	0.02242	0.07254	0.06652	0.12762	0.10965	0.04182	0.01622	0.04489	0.01336	0.04779	0.00844	0.00232	0.03077	0.00642	0.00449	0.00938
5	0.01422	0.07324	0.37874	0.01955	0.02704	0.01590	0.17416	0.02015	0.01477	0.02124	0.04974	0.04878	0.01363	0.00753	0.00767	0.00216	0.04850	0.00665	0.00348	0.05283
6	0.01475	0.01004	0.01070	0.01038	0.01222	0.08048	0.00756	0.01654	0.01518	0.14191	0.09638	0.26520	0.05310	0.11927	0.04903	0.00339	0.00620	0.03417	0.04666	0.00686
7	0.03696	0.01563	0.05339	0.01540	0.05973	0.10180	0.06588	0.05203	0.05267	0.05567	0.02117	0.13014	0.03993	0.03537	0.00780	0.00216	0.00705	0.05067	0.00490	0.19166
8	0.06127	0.08528	0.10799	0.09268	0.18441	0.10807	0.04818	0.02163	0.01584	0.08097	0.04850	0.01868	0.03120	0.00713	0.00637	0.00196	0.00819	0.00595	0.00408	0.06163
9	0.01597	0.05344	0.05165	0.01136	0.01484	0.01191	0.00935	0.15951	0.01739	0.08097	0.02292	0.12389	0.05281	0.12253	0.09502	0.00370	0.00749	0.00868	0.04594	0.09062
10	0.01547	0.01330	0.04942	0.01332	0.01662	0.02590	0.04528	0.13039	0.09603	0.05761	0.11028	0.09647	0.08328	0.01510	0.07308	0.00306	0.07183	0.02259	0.02920	0.03177
11	0.01951	0.01496	0.03493	0.08409	0.02078	0.04733	0.03226	0.22433	0.04351	0.12384	0.02200	0.10242	0.05217	0.03813	0.00859	0.00230	0.03402	0.00809	0.00577	0.08096
12	0.01805	0.01607	0.04385	0.04682	0.14108	0.07135	0.01327	0.13897	0.14228	0.06338	0.07424	0.06233	0.03375	0.00950	0.00744	0.00215	0.02715	0.03261	0.00554	0.05018

[dist]
# distance from previous block
# <min> <max>
3	25

[block]
# block no. 6 follows, 31 sequences, length 19
# corresponding to MSA columns:
# 274-292
name=unknown_G
#
# <colnr> <probs for GDERKNQSTAVLIFYWHMCP>
#	G	D	E	R	K	N	Q	S	T	A	V	L	I	F	Y	W	H	M	C	P
0	0.05077	0.01480	0.01827	0.11225	0.18363	0.07801	0.01348	0.12137	0.01743	0.04787	0.04246	0.02443	0.01597	0.08520	0.04638	0.00296	0.00819	0.04465	0.00456	0.06732
1	0.03971	0.01464	0.01827	0.25436	0.11596	0.07681	0.01416	0.11449	0.03130	0.02350	0.06357	0.06625	0.04037	0.00856	0.00676	0.00206	0.00753	0.00724	0.00451	0.08994
2	0.09527	0.01548	0.01675	0.18483	0.02388	0.11759	0.03101	0.13032	0.05939	0.04615	0.01595	0.01976	0.03247	0.04164	0.01028	0.10578	0.00785	0.00613	0.00445	0.03501
3	0.01735	0.08857	0.01889	0.04615	0.03848	0.03247	0.03576	0.17601	0.04182	0.05993	0.04429	0.06323	0.06266	0.06923	0.03210	0.00281	0.10231	0.02815	0.00514	0.03464
4	0.11872	0.01527	0.01609	0.01591	0.08446	0.15162	0.06290	0.01948	0.03828	0.06247	0.06902	0.07659	0.13514	0.01262	0.03898	0.00260	0.02486	0.04216	0.00503	0.00778
5	0.01869	0.07297	0.14877	0.01899	0.09087	0.22687	0.01555	0.06051	0.08515	0.02069	0.01417	0.04146	0.01215	0.03299	0.00953	0.00228	0.10954	0.00599	0.00393	0.00891
6	0.65220	0.01371	0.01079	0.00968	0.01362	0.05751	0.00783	0.02019	0.01282	0.05151	0.05406	0.01473	0.01175	0.00884	0.03561	0.00247	0.00616	0.00454	0.00451	0.00746
7	0.02265	0.09962	0.01962	0.01574	0.01944	0.52111	0.01216	0.04959	0.06144	0.01884	0.03920	0.01802	0.05833	0.00803	0.00626	0.00183	0.01035	0.00554	0.00412	0.00813
8	0.01993	0.01525	0.01670	0.01395	0.01817	0.01662	0.01118	0.36688	0.18673	0.03368	0.02290	0.12317	0.01989	0.01069	0.00717	0.00222	0.00633	0.04518	0.00661	0.05675
9	0.00867	0.00639	0.00799	0.00875	0.00972	0.00585	0.00604	0.01032	0.01469	0.01952	0.18612	0.44077	0.16730	0.06252	0.01001	0.00279	0.00388	0.01649	0.00647	0.00570
10	0.39788	0.01339	0.01343	0.01105	0.01562	0.01430	0.00906	0.13611	0.01697	0.18319	0.01533	0.01602	0.01109	0.01031	0.05812	0.00268	0.00672	0.00510	0.00555	0.05807
11	0.01848	0.27076	0.26696	0.01633	0.02354	0.01886	0.08570	0.02408	0.05586	0.13543	0.01485	0.01581	0.01096	0.00670	0.00605	0.00195	0.00835	0.00536	0.00412	0.00987
12	0.00979	0.00726	0.01066	0.01066	0.01177	0.00837	0.00814	0.01200	0.01090	0.01563	0.01863	0.02857	0.01784	0.11815	0.66661	0.01058	0.01722	0.00758	0.00371	0.00592
13	0.00878	0.00681	0.00799	0.00802	0.00975	0.00602	0.00589	0.01104	0.01675	0.02199	0.32783	0.16615	0.34523	0.01659	0.00818	0.00232	0.00345	0.01437	0.00683	0.00602
14	0.05680	0.00988	0.01154	0.01025	0.01296	0.00997	0.00802	0.12142	0.04118	0.12426	0.07310	0.03306	0.11013	0.01362	0.01079	0.15969	0.00524	0.05899	0.12171	0.00740
15	0.01666	0.01598	0.02728	0.08927	0.67172	0.01618	0.02086	0.02076	0.01545	0.02202	0.01282	0.01702	0.01072	0.00615	0.00678	0.00205	0.00819	0.00609	0.00336	0.01062
16	0.00986	0.00699	0.00926	0.00926	0.00988	0.00761	0.00639	0.01110	0.01048	0.01460	0.01991	0.03565	0.02091	0.39869	0.39028	0.00886	0.01259	0.00861	0.00390	0.00515
17	0.00979	0.00728	0.01073	0.01073	0.01186	0.00841	0.00822	0.01205	0.01092	0.01568	0.01857	0.02822	0.01769	0.10460	0.67996	0.01067	0.01745	0.00753	0.00370	0.00596
18	0.02410	0.01130	0.01429	0.01171	0.01598	0.01067	0.00955	0.07669	0.08282	0.43251	0.07186	0.02998	0.04433	0.00982	0.00699	0.00216	0.00546	0.05205	0.07748	0.01022

[dist]
# distance from previous block
# <min> <max>
0	12

# created by:
# /home/berkeley/.conda/envs/busco_data_prod/bin/msa2prfl.pl pipeline/OGs_align_augustus/4893/38997.fs
