[name]
unknown

[dist]
# distance from previous block
# <min> <max>
9	44

[block]
# block no. 0 follows, 31 sequences, length 44
# corresponding to MSA columns:
# 52-95
name=unknown_A
#
# <colnr> <probs for GDERKNQSTAVLIFYWHMCP>
#	G	D	E	R	K	N	Q	S	T	A	V	L	I	F	Y	W	H	M	C	P
0	0.01915	0.16287	0.19067	0.01663	0.02291	0.06895	0.11352	0.07323	0.03842	0.12913	0.01585	0.03176	0.01236	0.04409	0.00780	0.00221	0.00852	0.00612	0.00446	0.03134
1	0.01542	0.09192	0.08149	0.01319	0.01678	0.04947	0.03946	0.08879	0.09178	0.04502	0.14922	0.04508	0.04023	0.09963	0.05666	0.00322	0.05117	0.00815	0.00520	0.00813
2	0.01212	0.00673	0.00944	0.00942	0.00981	0.00678	0.00643	0.04952	0.01099	0.01466	0.01648	0.14351	0.01746	0.02246	0.02255	0.62006	0.00571	0.00822	0.00377	0.00392
3	0.01743	0.01253	0.01536	0.01144	0.01692	0.01058	0.03173	0.09622	0.01743	0.12688	0.05285	0.02079	0.05561	0.00711	0.00596	0.00147	0.00549	0.00587	0.00530	0.48303
4	0.04375	0.05786	0.03921	0.01559	0.02082	0.04093	0.06619	0.35787	0.13415	0.06993	0.04518	0.01908	0.01490	0.00806	0.00672	0.00205	0.00731	0.00649	0.00612	0.03778
5	0.01166	0.04599	0.01156	0.01029	0.01235	0.03296	0.00789	0.05313	0.01600	0.02122	0.15240	0.24167	0.09541	0.06598	0.03091	0.00290	0.00547	0.10866	0.00592	0.06762
6	0.02458	0.05709	0.02042	0.01524	0.02036	0.06245	0.01255	0.52976	0.07612	0.06101	0.01694	0.01711	0.01232	0.00953	0.03068	0.00232	0.00795	0.00610	0.00640	0.01103
7	0.07422	0.06188	0.07160	0.01271	0.01765	0.06651	0.01105	0.13931	0.01874	0.15561	0.07455	0.04457	0.01731	0.01089	0.05259	0.00244	0.00738	0.00642	0.00552	0.14905
8	0.10843	0.05317	0.19141	0.02182	0.02891	0.01772	0.33444	0.11700	0.01741	0.02564	0.01317	0.01608	0.00975	0.00635	0.00694	0.00218	0.00974	0.00642	0.00388	0.00954
9	0.01529	0.01407	0.08708	0.06994	0.02084	0.01245	0.06198	0.04345	0.09403	0.08742	0.08759	0.03579	0.02396	0.01092	0.00846	0.00235	0.05428	0.16732	0.00545	0.09734
10	0.01654	0.01665	0.09233	0.05427	0.05386	0.01450	0.28428	0.05543	0.08357	0.09399	0.05673	0.04549	0.08288	0.00857	0.00755	0.00226	0.00840	0.00850	0.00495	0.00925
11	0.05233	0.01266	0.01167	0.01156	0.01346	0.14815	0.00861	0.01673	0.06979	0.01995	0.11578	0.23288	0.05749	0.02188	0.15633	0.00411	0.00865	0.02583	0.00535	0.00678
12	0.15809	0.01235	0.01520	0.01186	0.01699	0.01158	0.00979	0.07023	0.01902	0.56802	0.02350	0.02088	0.01506	0.00810	0.00644	0.00211	0.00584	0.00632	0.00768	0.01095
13	0.00909	0.00725	0.00970	0.00962	0.01116	0.00659	0.04645	0.01088	0.01450	0.01873	0.11114	0.32377	0.26407	0.08971	0.01096	0.00292	0.00451	0.03705	0.00608	0.00582
14	0.01283	0.01159	0.01946	0.67603	0.04363	0.01435	0.01781	0.01670	0.01324	0.01697	0.01213	0.01847	0.00937	0.00839	0.00866	0.07526	0.00883	0.00607	0.00303	0.00718
15	0.02537	0.01814	0.01968	0.01526	0.02047	0.01989	0.01253	0.62782	0.03061	0.07520	0.01799	0.05322	0.01355	0.00888	0.00694	0.00209	0.00727	0.00685	0.00690	0.01134
16	0.01603	0.01930	0.07440	0.02837	0.03545	0.01723	0.65886	0.02190	0.01606	0.02190	0.01376	0.01825	0.01030	0.00580	0.00800	0.00230	0.01146	0.00792	0.00343	0.00927
17	0.01292	0.01216	0.02052	0.74312	0.04712	0.01520	0.01900	0.01748	0.01368	0.01748	0.01216	0.01824	0.00912	0.00684	0.00684	0.00228	0.00912	0.00608	0.00304	0.00760
18	0.01829	0.76368	0.03585	0.01171	0.01756	0.02707	0.01171	0.02049	0.01390	0.01610	0.00951	0.01097	0.00878	0.00585	0.00439	0.00146	0.00732	0.00366	0.00293	0.00878
19	0.01044	0.00699	0.00861	0.00891	0.01057	0.00625	0.00652	0.01235	0.01559	0.07752	0.15839	0.32689	0.25957	0.01771	0.00830	0.00249	0.00395	0.04592	0.00672	0.00631
20	0.09843	0.01085	0.05531	0.01379	0.01654	0.00982	0.06648	0.01568	0.01513	0.02164	0.03015	0.09300	0.03199	0.01585	0.00856	0.00289	0.00673	0.47466	0.00564	0.00685
21	0.16051	0.01499	0.01555	0.03785	0.03952	0.09121	0.03226	0.14699	0.07421	0.08336	0.08484	0.04126	0.06461	0.01195	0.04956	0.00268	0.00740	0.02691	0.00563	0.00870
22	0.02536	0.05424	0.01995	0.01735	0.02104	0.67566	0.01316	0.05988	0.01985	0.01802	0.01083	0.01250	0.00895	0.00707	0.00615	0.00177	0.01195	0.00447	0.00367	0.00814
23	0.01020	0.00714	0.00883	0.00856	0.01043	0.00641	0.00645	0.01280	0.01762	0.05792	0.41561	0.12274	0.23519	0.01552	0.00813	0.00229	0.00360	0.03705	0.00710	0.00643
24	0.02020	0.01628	0.01726	0.01457	0.01900	0.01850	0.01160	0.26917	0.46653	0.03375	0.02380	0.02230	0.01761	0.00890	0.00692	0.00223	0.00616	0.00718	0.00692	0.01111
25	0.00822	0.00694	0.00712	0.00707	0.00932	0.00583	0.00531	0.01008	0.01592	0.01925	0.12432	0.06458	0.65862	0.01704	0.00808	0.00230	0.00345	0.01426	0.00645	0.00583
26	0.01829	0.76368	0.03585	0.01171	0.01756	0.02707	0.01171	0.02049	0.01390	0.01610	0.00951	0.01097	0.00878	0.00585	0.00439	0.00146	0.00732	0.00366	0.00293	0.00878
27	0.01603	0.01924	0.07215	0.02840	0.03547	0.01724	0.66105	0.02190	0.01607	0.02190	0.01377	0.01827	0.01030	0.00580	0.00800	0.00230	0.01147	0.00793	0.00343	0.00927
28	0.00874	0.00647	0.00816	0.00876	0.00990	0.00589	0.00618	0.01070	0.01562	0.02096	0.26770	0.39892	0.17040	0.01823	0.00840	0.00249	0.00363	0.01621	0.00674	0.00589
29	0.01446	0.01218	0.01428	0.01045	0.01619	0.00964	0.00836	0.04824	0.01482	0.02285	0.01274	0.01509	0.01064	0.00812	0.05086	0.00169	0.00601	0.00436	0.00416	0.71486
30	0.01029	0.00801	0.00953	0.01003	0.01117	0.02888	0.00717	0.03453	0.03867	0.01859	0.06178	0.36752	0.09323	0.09998	0.14106	0.00452	0.00724	0.03611	0.00565	0.00606
31	0.01124	0.00875	0.01060	0.00949	0.01203	0.00827	0.00724	0.01666	0.11543	0.02658	0.50016	0.04329	0.07705	0.01230	0.00752	0.00203	0.00378	0.01072	0.00695	0.10990
32	0.80789	0.01323	0.01006	0.00900	0.01323	0.01535	0.00741	0.02011	0.01164	0.03070	0.00953	0.01111	0.00741	0.00635	0.00423	0.00212	0.00529	0.00370	0.00423	0.00741
33	0.04072	0.00707	0.00850	0.00838	0.01007	0.00652	0.00619	0.01199	0.01728	0.02406	0.43966	0.15707	0.20646	0.01554	0.00802	0.00228	0.00347	0.01354	0.00696	0.00621
34	0.02192	0.21682	0.06510	0.01629	0.04359	0.33459	0.01344	0.06707	0.01767	0.06198	0.01216	0.01397	0.00993	0.00906	0.04004	0.00223	0.03678	0.00477	0.00383	0.00874
35	0.00855	0.00626	0.00803	0.00905	0.00989	0.00574	0.00623	0.01017	0.01452	0.01938	0.16272	0.54629	0.12874	0.01961	0.00854	0.00261	0.00378	0.01758	0.00656	0.00574
36	0.13875	0.06341	0.02220	0.20294	0.16879	0.09941	0.07245	0.06350	0.01563	0.02218	0.01245	0.01672	0.01016	0.03054	0.03146	0.00250	0.00893	0.00570	0.00368	0.00859
37	0.01880	0.06494	0.02319	0.13592	0.16157	0.09038	0.04741	0.16232	0.07075	0.02474	0.01377	0.01660	0.01090	0.00761	0.00841	0.00212	0.09363	0.00592	0.00429	0.03672
38	0.01432	0.00903	0.01134	0.00997	0.01253	0.00872	0.00772	0.06775	0.06339	0.12652	0.52183	0.04301	0.05118	0.01249	0.00774	0.00215	0.00405	0.01085	0.00758	0.00785
39	0.00955	0.00649	0.00812	0.00895	0.00989	0.00595	0.00608	0.01083	0.01365	0.05005	0.06069	0.50404	0.15490	0.10330	0.01146	0.00309	0.00425	0.01674	0.00623	0.00574
40	0.06147	0.00899	0.00942	0.00921	0.01059	0.03272	0.00625	0.06851	0.01380	0.01895	0.02882	0.24084	0.09319	0.32031	0.01871	0.00412	0.00571	0.01197	0.00519	0.03124
41	0.07354	0.02231	0.02040	0.01831	0.06455	0.29738	0.05622	0.14971	0.01967	0.05642	0.04719	0.01648	0.01263	0.00814	0.00861	0.00209	0.10717	0.00575	0.00454	0.00890
42	0.15356	0.09805	0.06975	0.01602	0.04352	0.20457	0.03417	0.21463	0.02020	0.02721	0.01265	0.01437	0.00990	0.00922	0.04180	0.00238	0.00924	0.00508	0.00449	0.00919
43	0.13164	0.05604	0.16970	0.03567	0.04381	0.16431	0.02753	0.04219	0.01610	0.11277	0.01667	0.02018	0.03432	0.00980	0.02974	0.02948	0.00878	0.03818	0.00440	0.00870

[dist]
# distance from previous block
# <min> <max>
0	14

[block]
# block no. 1 follows, 31 sequences, length 28
# corresponding to MSA columns:
# 116-143
name=unknown_B
#
# <colnr> <probs for GDERKNQSTAVLIFYWHMCP>
#	G	D	E	R	K	N	Q	S	T	A	V	L	I	F	Y	W	H	M	C	P
0	0.02349	0.11916	0.05261	0.01671	0.02084	0.55970	0.01339	0.02695	0.07181	0.01781	0.01187	0.01329	0.00974	0.00706	0.00603	0.00179	0.01110	0.00460	0.00369	0.00836
1	0.13450	0.16070	0.16677	0.01604	0.02166	0.25602	0.06999	0.02252	0.01578	0.02019	0.01387	0.01560	0.04500	0.00704	0.00589	0.00192	0.00942	0.00512	0.00353	0.00845
2	0.01848	0.05167	0.04940	0.05109	0.02045	0.01817	0.01235	0.16288	0.47459	0.03000	0.02326	0.02219	0.01736	0.00866	0.00679	0.00222	0.00631	0.00703	0.00637	0.01070
3	0.01483	0.14906	0.14560	0.15630	0.05302	0.04015	0.08067	0.01978	0.04977	0.04228	0.06023	0.02445	0.09868	0.00948	0.02545	0.00231	0.00821	0.00712	0.00411	0.00851
4	0.01858	0.01215	0.03792	0.01238	0.01587	0.01175	0.01006	0.16073	0.08509	0.19121	0.02798	0.20062	0.05079	0.01696	0.08710	0.00330	0.00714	0.03476	0.00660	0.00902
5	0.00865	0.00615	0.00813	0.00961	0.01006	0.00581	0.00654	0.00990	0.01307	0.01739	0.03643	0.65353	0.04335	0.07435	0.01066	0.00308	0.00433	0.06725	0.00619	0.00551
6	0.01627	0.07912	0.08790	0.01480	0.01893	0.12207	0.07070	0.02289	0.15828	0.05697	0.05531	0.08950	0.06143	0.01225	0.03413	0.00257	0.00787	0.07526	0.00523	0.00850
7	0.06218	0.01490	0.01387	0.01286	0.01582	0.13810	0.00995	0.07860	0.18654	0.05666	0.06062	0.13211	0.04720	0.01535	0.07290	0.00308	0.00766	0.05743	0.00584	0.00832
8	0.00933	0.00658	0.00802	0.00855	0.00914	0.00638	0.00564	0.01034	0.01237	0.01640	0.07291	0.25963	0.10029	0.34796	0.05431	0.00481	0.00586	0.05108	0.00532	0.00508
9	0.04499	0.01673	0.07594	0.01959	0.11602	0.04562	0.09683	0.17571	0.03685	0.07037	0.02015	0.06785	0.04173	0.01290	0.06870	0.00298	0.02721	0.04546	0.00508	0.00933
10	0.06315	0.11451	0.08495	0.01764	0.07948	0.11746	0.01431	0.32135	0.02293	0.05479	0.01386	0.01497	0.01044	0.00747	0.00680	0.00199	0.03326	0.00540	0.00505	0.01021
11	0.00888	0.00645	0.00847	0.00973	0.01060	0.00604	0.00704	0.01062	0.01430	0.01891	0.09806	0.51930	0.10651	0.02000	0.00874	0.00274	0.00425	0.12715	0.00644	0.00578
12	0.00892	0.00637	0.00861	0.01020	0.01085	0.00606	0.00737	0.01054	0.01368	0.01812	0.03738	0.60704	0.04397	0.02088	0.00889	0.00286	0.00448	0.16171	0.00634	0.00572
13	0.06846	0.08448	0.10801	0.07100	0.09347	0.12735	0.08558	0.12607	0.04615	0.05185	0.04404	0.01726	0.01276	0.00735	0.00690	0.00206	0.02751	0.00593	0.00439	0.00939
14	0.02030	0.01586	0.01943	0.01563	0.01939	0.07252	0.07988	0.21810	0.04673	0.12337	0.12859	0.02340	0.02070	0.01131	0.04099	0.00262	0.11855	0.00739	0.00586	0.00938
15	0.69906	0.01627	0.10791	0.01044	0.01548	0.01542	0.00986	0.02032	0.01203	0.02946	0.00990	0.01157	0.00758	0.00637	0.00454	0.00212	0.00595	0.00389	0.00405	0.00778
16	0.01277	0.00772	0.00987	0.00907	0.01135	0.00694	0.00698	0.01557	0.01840	0.13630	0.44354	0.07378	0.16836	0.01412	0.00796	0.00223	0.00382	0.03671	0.00739	0.00713
17	0.06766	0.02006	0.03557	0.02604	0.03233	0.11513	0.55559	0.02254	0.01631	0.02176	0.01312	0.01715	0.00998	0.00598	0.00757	0.00222	0.01125	0.00729	0.00352	0.00893
18	0.10657	0.01624	0.01681	0.01352	0.01827	0.07248	0.01096	0.27789	0.08059	0.23592	0.06557	0.02062	0.01681	0.00847	0.00662	0.00208	0.00672	0.00652	0.00684	0.01049
19	0.00962	0.00660	0.00802	0.00829	0.00858	0.00664	0.00515	0.01026	0.01110	0.01501	0.05682	0.17587	0.02969	0.50817	0.10578	0.00618	0.00727	0.01155	0.00466	0.00474
20	0.01166	0.00945	0.01311	0.04756	0.03960	0.00925	0.05344	0.06087	0.04114	0.02549	0.38226	0.04711	0.16808	0.01316	0.00793	0.00225	0.00482	0.04907	0.00655	0.00721
21	0.00874	0.00650	0.00815	0.00871	0.00989	0.00590	0.00616	0.01073	0.01570	0.02103	0.27222	0.38231	0.18263	0.01811	0.00838	0.00248	0.00362	0.01608	0.00675	0.00590
22	0.01818	0.65175	0.10607	0.01281	0.01898	0.06136	0.01318	0.02095	0.01423	0.01670	0.00985	0.01140	0.00877	0.00598	0.00470	0.00155	0.00786	0.00384	0.00295	0.00887
23	0.00850	0.00637	0.00789	0.00873	0.00980	0.00576	0.00608	0.01017	0.01478	0.01941	0.16011	0.46497	0.21420	0.01915	0.00846	0.00256	0.00372	0.01701	0.00655	0.00576
24	0.01578	0.03008	0.48284	0.04628	0.07443	0.07110	0.05946	0.05740	0.05691	0.02272	0.01341	0.01557	0.00981	0.00674	0.00664	0.00214	0.00978	0.00549	0.00345	0.00998
25	0.01249	0.01151	0.03296	0.04219	0.01771	0.03181	0.13339	0.05940	0.01522	0.02037	0.08448	0.17993	0.07481	0.13613	0.08101	0.00382	0.00793	0.01091	0.00496	0.03898
26	0.07085	0.10651	0.05815	0.11884	0.10160	0.13056	0.03222	0.09834	0.07218	0.02260	0.01332	0.01616	0.01073	0.00958	0.04315	0.00253	0.07417	0.00557	0.00400	0.00895
27	0.02045	0.16697	0.08461	0.04038	0.04482	0.29377	0.01409	0.08699	0.06425	0.02095	0.02964	0.01770	0.01257	0.00787	0.00686	0.00195	0.03923	0.03403	0.00407	0.00880

[dist]
# distance from previous block
# <min> <max>
0	2

[block]
# block no. 2 follows, 31 sequences, length 47
# corresponding to MSA columns:
# 146-192
name=unknown_C
#
# <colnr> <probs for GDERKNQSTAVLIFYWHMCP>
#	G	D	E	R	K	N	Q	S	T	A	V	L	I	F	Y	W	H	M	C	P
0	0.17575	0.05922	0.09091	0.01636	0.02096	0.29593	0.07902	0.06122	0.01674	0.02205	0.01229	0.01594	0.01022	0.00930	0.03966	0.00243	0.03308	0.02680	0.00384	0.00828
1	0.01781	0.10549	0.11519	0.10476	0.02337	0.10325	0.04729	0.13041	0.07879	0.05082	0.04398	0.02355	0.08641	0.03053	0.00749	0.00220	0.00799	0.00694	0.00478	0.00896
2	0.01083	0.00606	0.00864	0.00898	0.00921	0.00596	0.00603	0.00923	0.01021	0.01355	0.02048	0.18121	0.05084	0.04587	0.04580	0.54420	0.00584	0.00938	0.00390	0.00379
3	0.05099	0.05172	0.01307	0.04330	0.01471	0.03499	0.00894	0.08906	0.05733	0.02396	0.19881	0.08952	0.08826	0.06863	0.05572	0.00316	0.00635	0.08837	0.00587	0.00722
4	0.00876	0.00660	0.00811	0.00849	0.00985	0.00594	0.00608	0.01084	0.01606	0.02139	0.29357	0.31202	0.23214	0.01760	0.00832	0.00242	0.00356	0.01551	0.00678	0.00594
5	0.04075	0.01568	0.11561	0.07096	0.11084	0.01330	0.01395	0.08536	0.06417	0.11117	0.09792	0.07123	0.02128	0.00952	0.00755	0.00217	0.03475	0.03706	0.00535	0.07137
6	0.09997	0.34138	0.05858	0.01568	0.05399	0.23263	0.02919	0.06124	0.01651	0.02001	0.01062	0.01234	0.00895	0.00643	0.00534	0.00173	0.00888	0.00432	0.00349	0.00873
7	0.01893	0.01522	0.01609	0.01385	0.01796	0.01732	0.01095	0.19634	0.49225	0.03196	0.02466	0.02329	0.01839	0.00893	0.00678	0.00221	0.00578	0.00726	0.06111	0.01072
8	0.05301	0.08164	0.01980	0.01695	0.06717	0.31802	0.01250	0.09902	0.16410	0.02339	0.01500	0.01586	0.01184	0.00731	0.00615	0.00187	0.00886	0.00530	0.00462	0.06760
9	0.01010	0.00817	0.00967	0.00988	0.01149	0.00828	0.00733	0.01433	0.11253	0.02038	0.10863	0.30632	0.24253	0.01713	0.00901	0.00254	0.04486	0.04384	0.00636	0.00660
10	0.01856	0.05096	0.04326	0.09464	0.02270	0.01623	0.07192	0.27935	0.07756	0.05017	0.02049	0.16005	0.01838	0.01023	0.00714	0.00221	0.00714	0.00881	0.00569	0.03453
11	0.00940	0.00643	0.00773	0.00822	0.00845	0.00626	0.00502	0.01000	0.01159	0.01556	0.07106	0.28049	0.03416	0.46745	0.02447	0.00507	0.00553	0.01325	0.00509	0.00476
12	0.12830	0.05781	0.04596	0.04890	0.06511	0.01679	0.07890	0.20952	0.05168	0.05526	0.06694	0.04894	0.03801	0.00880	0.00751	0.00218	0.04768	0.00713	0.00526	0.00931
13	0.01961	0.33750	0.05281	0.01572	0.07519	0.05806	0.01287	0.09370	0.18183	0.06554	0.01610	0.01644	0.01263	0.00718	0.00577	0.00186	0.00722	0.00537	0.00469	0.00991
14	0.00962	0.00674	0.00809	0.00813	0.00886	0.00646	0.00534	0.01092	0.01365	0.01851	0.23503	0.11598	0.08643	0.39155	0.02168	0.00452	0.00513	0.03263	0.00559	0.00515
15	0.00845	0.00610	0.00792	0.00922	0.00980	0.00566	0.00619	0.00975	0.01349	0.01792	0.07635	0.64160	0.09136	0.04943	0.00967	0.00286	0.00400	0.01835	0.00633	0.00557
16	0.10371	0.03898	0.01686	0.01385	0.01783	0.13548	0.03571	0.16626	0.17556	0.05913	0.06884	0.06902	0.05067	0.00956	0.00672	0.00213	0.00698	0.00764	0.00586	0.00920
17	0.01810	0.01332	0.03078	0.01439	0.04323	0.01355	0.04151	0.10153	0.27444	0.14068	0.09911	0.10582	0.05157	0.01079	0.00732	0.00227	0.00574	0.00931	0.00679	0.00975
18	0.00914	0.00673	0.00830	0.00906	0.01000	0.00638	0.00627	0.01125	0.03960	0.01878	0.12172	0.41384	0.13708	0.12439	0.01224	0.00318	0.00435	0.04578	0.00620	0.00573
19	0.01637	0.04721	0.24389	0.11858	0.07844	0.09543	0.15545	0.04727	0.01556	0.02078	0.01216	0.01573	0.00939	0.00705	0.00847	0.00222	0.08764	0.00590	0.00329	0.00915
20	0.02047	0.04168	0.04962	0.05751	0.04936	0.12103	0.09554	0.24257	0.09392	0.05552	0.04438	0.04322	0.03712	0.00849	0.00696	0.00211	0.00823	0.00711	0.00540	0.00975
21	0.01042	0.00774	0.01006	0.00975	0.01015	0.00878	0.00676	0.01139	0.01035	0.01448	0.01915	0.03566	0.02061	0.44428	0.26668	0.00771	0.08836	0.00866	0.00386	0.00515
22	0.00866	0.00667	0.00795	0.00841	0.00991	0.00595	0.00612	0.01062	0.01565	0.02028	0.20449	0.28731	0.31820	0.01797	0.00835	0.00246	0.00370	0.04479	0.00662	0.00588
23	0.04802	0.08908	0.03977	0.01295	0.01621	0.12415	0.03649	0.09910	0.03651	0.04564	0.11171	0.12596	0.06274	0.06639	0.00955	0.00250	0.03031	0.02984	0.00530	0.00779
24	0.07392	0.06896	0.04842	0.05752	0.05618	0.03551	0.12778	0.20201	0.05857	0.10357	0.04580	0.02178	0.03114	0.00812	0.00684	0.00214	0.00777	0.02880	0.00539	0.00976
25	0.01982	0.01609	0.01705	0.01449	0.01886	0.01833	0.01151	0.24138	0.49494	0.03314	0.02429	0.02269	0.01800	0.00895	0.00692	0.00224	0.00607	0.00724	0.00692	0.01108
26	0.02178	0.19757	0.07353	0.01750	0.02221	0.42663	0.07947	0.02445	0.01715	0.01742	0.01071	0.01286	0.00895	0.00680	0.00657	0.00182	0.03818	0.00469	0.00332	0.00838
27	0.02139	0.15112	0.02266	0.01626	0.02063	0.32363	0.05882	0.07078	0.20433	0.02188	0.01566	0.01635	0.01236	0.00743	0.00625	0.00192	0.00924	0.00554	0.00456	0.00919
28	0.02165	0.10565	0.01935	0.01548	0.01887	0.49320	0.01193	0.02458	0.05899	0.01755	0.03569	0.01675	0.01271	0.03531	0.08097	0.00287	0.01151	0.00526	0.00383	0.00784
29	0.00851	0.00614	0.00809	0.00959	0.01018	0.00573	0.00661	0.00986	0.01342	0.01773	0.03934	0.67079	0.08158	0.02103	0.00875	0.00278	0.00410	0.06382	0.00635	0.00562
30	0.01992	0.10260	0.01926	0.01419	0.01786	0.13831	0.01153	0.27719	0.02106	0.02679	0.03687	0.01937	0.01400	0.04470	0.16139	0.00404	0.05104	0.00615	0.00488	0.00885
31	0.06495	0.01146	0.01524	0.01183	0.01687	0.01010	0.00974	0.03162	0.01921	0.65202	0.06388	0.02426	0.01912	0.00867	0.00682	0.00212	0.00565	0.00704	0.00822	0.01117
32	0.02522	0.06956	0.02037	0.01712	0.02097	0.62038	0.01312	0.09704	0.02044	0.01948	0.01113	0.01270	0.00911	0.00711	0.00615	0.00178	0.01157	0.00455	0.00384	0.00837
33	0.00952	0.00779	0.01054	0.01028	0.01238	0.00708	0.05389	0.01193	0.01572	0.02004	0.12740	0.16792	0.33911	0.01712	0.00849	0.00255	0.00470	0.16109	0.00628	0.00617
34	0.00878	0.00627	0.00810	0.00933	0.01004	0.00584	0.00649	0.00993	0.01330	0.01739	0.03968	0.54207	0.12931	0.04827	0.01067	0.04673	0.00431	0.07197	0.00608	0.00545
35	0.01211	0.00975	0.01095	0.01051	0.01254	0.04095	0.00802	0.04384	0.12136	0.02523	0.36698	0.11811	0.06673	0.04183	0.00898	0.00250	0.00466	0.08095	0.00683	0.00717
36	0.00880	0.00634	0.00824	0.00947	0.01019	0.00595	0.00663	0.01029	0.01378	0.01827	0.08483	0.54118	0.09233	0.06748	0.01038	0.00299	0.00430	0.08665	0.00629	0.00562
37	0.00942	0.00703	0.00939	0.01045	0.01095	0.00724	0.00751	0.01080	0.01296	0.01741	0.03359	0.52794	0.03948	0.09226	0.01249	0.00323	0.06470	0.11162	0.00586	0.00568
38	0.00832	0.00603	0.00786	0.00933	0.00987	0.00557	0.00626	0.00955	0.01329	0.01754	0.04014	0.70207	0.09671	0.02112	0.00868	0.00274	0.00393	0.01906	0.00635	0.00557
39	0.01628	0.01733	0.02198	0.46811	0.12910	0.16938	0.04355	0.02022	0.01525	0.01813	0.01198	0.01681	0.00933	0.00675	0.00673	0.00214	0.00977	0.00580	0.00321	0.00816
40	0.00960	0.00760	0.00831	0.00795	0.00994	0.00681	0.00564	0.01191	0.04496	0.01874	0.10374	0.09784	0.36411	0.18842	0.01403	0.00322	0.00444	0.01235	0.00577	0.07463
41	0.02139	0.13818	0.04943	0.01629	0.04370	0.08854	0.05856	0.28729	0.02200	0.05171	0.01380	0.01509	0.01055	0.00709	0.00668	0.00183	0.03096	0.00538	0.00493	0.12660
42	0.07347	0.01993	0.08691	0.01444	0.01917	0.18254	0.03820	0.08579	0.11608	0.07556	0.05831	0.02021	0.01581	0.05078	0.00798	0.00218	0.00785	0.00614	0.00501	0.11362
43	0.15389	0.11428	0.07967	0.04548	0.01899	0.12958	0.01176	0.07613	0.06369	0.06946	0.01757	0.06780	0.03880	0.00976	0.02975	0.00228	0.00775	0.00633	0.00465	0.05239
44	0.05678	0.05724	0.04518	0.04531	0.01854	0.05447	0.01116	0.13346	0.13662	0.15063	0.08353	0.04794	0.05220	0.00969	0.00683	0.00213	0.00638	0.03693	0.00619	0.03881
45	0.01700	0.01606	0.01503	0.01447	0.04804	0.19046	0.02589	0.06207	0.10127	0.05870	0.04292	0.25099	0.04631	0.01227	0.00725	0.00218	0.00696	0.01043	0.00552	0.06617
46	0.01757	0.12910	0.05831	0.03833	0.06957	0.04310	0.01246	0.13331	0.17702	0.04693	0.02141	0.07720	0.03902	0.01076	0.03082	0.00238	0.00717	0.03306	0.00530	0.04718

[dist]
# distance from previous block
# <min> <max>
4	64

[block]
# block no. 3 follows, 31 sequences, length 8
# corresponding to MSA columns:
# 257-264
name=unknown_D
#
# <colnr> <probs for GDERKNQSTAVLIFYWHMCP>
#	G	D	E	R	K	N	Q	S	T	A	V	L	I	F	Y	W	H	M	C	P
0	0.04896	0.06877	0.01857	0.01374	0.01799	0.05036	0.07078	0.09280	0.01764	0.29179	0.02023	0.03833	0.01533	0.03516	0.16374	0.00410	0.00961	0.00689	0.00585	0.00937
1	0.01121	0.01007	0.04540	0.01105	0.01364	0.00889	0.04458	0.07362	0.03860	0.02272	0.16743	0.21675	0.21750	0.01715	0.04216	0.00280	0.00552	0.03777	0.00619	0.00696
2	0.00851	0.00624	0.00778	0.00883	0.00959	0.00574	0.00595	0.00979	0.01358	0.01778	0.07699	0.53067	0.16315	0.08827	0.01098	0.00302	0.00409	0.01732	0.00621	0.00551
3	0.01710	0.31167	0.27892	0.01505	0.02170	0.01977	0.01647	0.02234	0.05312	0.08169	0.01344	0.01508	0.01052	0.00887	0.03817	0.00233	0.05566	0.00499	0.00367	0.00943
4	0.06820	0.09931	0.08298	0.02345	0.11226	0.06925	0.27963	0.06475	0.03553	0.04074	0.01353	0.01660	0.01053	0.00772	0.02725	0.00236	0.02635	0.00636	0.00384	0.00937
5	0.10656	0.08773	0.04610	0.01519	0.01948	0.24857	0.05006	0.10763	0.07764	0.06764	0.01471	0.01712	0.01180	0.04706	0.03685	0.00257	0.02435	0.00559	0.00457	0.00878
6	0.00870	0.00647	0.00806	0.00902	0.01005	0.00594	0.00640	0.01031	0.01429	0.01861	0.10062	0.44369	0.20024	0.05388	0.00980	0.00283	0.00412	0.07494	0.00634	0.00568
7	0.50793	0.01630	0.01463	0.07705	0.01909	0.11175	0.04532	0.05991	0.01441	0.02751	0.01065	0.01275	0.00828	0.00651	0.00512	0.00204	0.00702	0.00440	0.00413	0.04520

[dist]
# distance from previous block
# <min> <max>
0	3

[block]
# block no. 4 follows, 31 sequences, length 18
# corresponding to MSA columns:
# 268-285
name=unknown_E
#
# <colnr> <probs for GDERKNQSTAVLIFYWHMCP>
#	G	D	E	R	K	N	Q	S	T	A	V	L	I	F	Y	W	H	M	C	P
0	0.09988	0.04589	0.02016	0.01527	0.02000	0.03829	0.07429	0.33121	0.06338	0.03198	0.01624	0.03975	0.01321	0.02355	0.00801	0.00218	0.04896	0.02524	0.00549	0.07701
1	0.01233	0.00940	0.01306	0.17343	0.01967	0.01075	0.01011	0.04715	0.06101	0.03599	0.01861	0.02903	0.01739	0.22356	0.28191	0.00664	0.01143	0.00771	0.00416	0.00665
2	0.00822	0.00690	0.00714	0.00716	0.00934	0.00582	0.00534	0.01004	0.01578	0.01912	0.11665	0.09212	0.63851	0.01724	0.00811	0.00232	0.00347	0.01448	0.00644	0.00582
3	0.00977	0.00733	0.01100	0.01100	0.01222	0.00855	0.00855	0.01222	0.01100	0.01588	0.01833	0.02688	0.01710	0.05131	0.73245	0.01100	0.01833	0.00733	0.00367	0.00611
4	0.01973	0.01666	0.05379	0.03959	0.12651	0.01717	0.01389	0.21374	0.29165	0.06970	0.02149	0.02301	0.01642	0.00866	0.00698	0.00222	0.00681	0.03507	0.00613	0.01078
5	0.01389	0.01216	0.01590	0.01412	0.09308	0.00982	0.03492	0.01703	0.01468	0.02221	0.05009	0.04685	0.04035	0.00673	0.00577	0.00135	0.00545	0.00582	0.00430	0.58549
6	0.02108	0.16442	0.04386	0.01430	0.01953	0.03526	0.05579	0.20811	0.07028	0.13997	0.01860	0.06610	0.01500	0.00844	0.00645	0.00196	0.00705	0.02096	0.00563	0.07721
7	0.01878	0.53296	0.03271	0.01446	0.01994	0.13500	0.09184	0.02131	0.01509	0.01697	0.01248	0.01417	0.03598	0.00647	0.00524	0.00164	0.00845	0.00471	0.00321	0.00859
8	0.07628	0.00662	0.00808	0.00933	0.01003	0.00646	0.00628	0.01045	0.01275	0.01829	0.03416	0.64097	0.04058	0.07316	0.01022	0.00300	0.00427	0.01743	0.00601	0.00561
9	0.01566	0.07682	0.07180	0.16458	0.02393	0.03406	0.07639	0.01900	0.01535	0.13578	0.04528	0.19269	0.04929	0.01140	0.00734	0.00231	0.00711	0.03798	0.00514	0.00809
10	0.10699	0.04171	0.06831	0.07903	0.06070	0.11532	0.01342	0.15545	0.13481	0.05317	0.01749	0.01875	0.03326	0.00955	0.03265	0.00244	0.03654	0.00606	0.00498	0.00940
11	0.01773	0.58236	0.06720	0.01506	0.07752	0.02465	0.01323	0.02158	0.06354	0.01782	0.01123	0.01285	0.00983	0.00638	0.00556	0.00167	0.03514	0.00431	0.00326	0.00912
12	0.01609	0.01734	0.02144	0.43857	0.05406	0.18649	0.07434	0.01992	0.01511	0.01769	0.01238	0.01743	0.00977	0.00997	0.05889	0.00278	0.01073	0.00594	0.00325	0.00779
13	0.02157	0.07245	0.09802	0.04862	0.09370	0.12061	0.03867	0.10105	0.01893	0.20830	0.05781	0.04172	0.03160	0.00830	0.00673	0.00205	0.00790	0.00677	0.00543	0.00977
14	0.03439	0.01187	0.04646	0.01718	0.11952	0.01061	0.06978	0.01860	0.05423	0.10063	0.09063	0.20986	0.02797	0.01363	0.03317	0.00262	0.00652	0.06157	0.00559	0.06519
15	0.42561	0.01600	0.01267	0.01141	0.01524	0.13803	0.00904	0.06054	0.04179	0.02664	0.01492	0.07926	0.01363	0.00859	0.00556	0.00209	0.00658	0.04306	0.00466	0.06468
16	0.01727	0.04390	0.01738	0.04021	0.03174	0.14058	0.06350	0.12265	0.01818	0.07002	0.06418	0.11501	0.07711	0.01742	0.12581	0.00359	0.00938	0.00882	0.00517	0.00808
17	0.02072	0.01847	0.07673	0.01470	0.01945	0.09205	0.01244	0.14923	0.34305	0.11770	0.04678	0.02220	0.01797	0.00868	0.00685	0.00217	0.00689	0.00693	0.00644	0.01055

[dist]
# distance from previous block
# <min> <max>
4	13

[block]
# block no. 5 follows, 31 sequences, length 24
# corresponding to MSA columns:
# 299-322
name=unknown_F
#
# <colnr> <probs for GDERKNQSTAVLIFYWHMCP>
#	G	D	E	R	K	N	Q	S	T	A	V	L	I	F	Y	W	H	M	C	P
0	0.01682	0.14687	0.01847	0.01273	0.01630	0.09460	0.03227	0.09723	0.12403	0.04495	0.10757	0.14150	0.02502	0.04714	0.00814	0.00228	0.00651	0.00887	0.00549	0.04321
1	0.56531	0.01678	0.09641	0.01205	0.01687	0.05097	0.06098	0.02014	0.01259	0.02717	0.01099	0.01426	0.00896	0.05424	0.00683	0.00241	0.00676	0.00462	0.00398	0.00768
2	0.01188	0.00594	0.00891	0.00891	0.00891	0.00594	0.00594	0.00891	0.00891	0.01188	0.01188	0.02080	0.01188	0.02377	0.02674	0.80095	0.00594	0.00594	0.00297	0.00297
3	0.01365	0.01155	0.01359	0.00995	0.01550	0.00880	0.00791	0.01672	0.01480	0.02290	0.09519	0.01856	0.01658	0.00612	0.00542	0.00115	0.00485	0.00504	0.00447	0.70725
4	0.08144	0.01431	0.01552	0.06535	0.01954	0.01621	0.01103	0.05710	0.51013	0.05267	0.02388	0.02277	0.01785	0.00856	0.00662	0.00221	0.00574	0.00699	0.00634	0.05574
5	0.00869	0.00618	0.00821	0.00964	0.01016	0.00583	0.00663	0.01005	0.01339	0.01787	0.06199	0.63814	0.04448	0.05754	0.01006	0.00298	0.00426	0.07203	0.00628	0.00558
6	0.22731	0.07000	0.11256	0.01719	0.05194	0.13344	0.08732	0.14138	0.01766	0.02649	0.01187	0.01393	0.00919	0.00699	0.00676	0.00207	0.04561	0.00512	0.00414	0.00904
7	0.01931	0.08385	0.05192	0.12191	0.04818	0.09220	0.03948	0.16945	0.10143	0.06929	0.01601	0.01820	0.01233	0.01173	0.07391	0.00292	0.04758	0.00610	0.00480	0.00941
8	0.00982	0.00662	0.00765	0.00770	0.00788	0.00655	0.00450	0.01020	0.01103	0.01485	0.08700	0.09051	0.02986	0.64321	0.03067	0.00597	0.00615	0.01078	0.00460	0.00445
9	0.00855	0.00619	0.00803	0.00942	0.01004	0.00576	0.00646	0.00986	0.01336	0.01758	0.03975	0.62446	0.10250	0.04933	0.00973	0.00291	0.00418	0.06005	0.00626	0.00557
10	0.01016	0.00758	0.01063	0.01055	0.01170	0.00865	0.00793	0.01303	0.04500	0.01607	0.01933	0.02980	0.01859	0.16758	0.58013	0.00984	0.01574	0.00779	0.00391	0.00601
11	0.10119	0.13300	0.13968	0.07668	0.08422	0.04413	0.04650	0.08126	0.05518	0.02412	0.10144	0.03518	0.01789	0.02314	0.00692	0.00214	0.00750	0.00655	0.00441	0.00886
12	0.01452	0.04327	0.05681	0.11978	0.18039	0.01450	0.11071	0.06296	0.03466	0.02257	0.10250	0.07335	0.07828	0.00955	0.00804	0.00223	0.04409	0.00859	0.00455	0.00865
13	0.01577	0.01613	0.02718	0.25691	0.27368	0.05179	0.16033	0.02004	0.01489	0.01999	0.01243	0.01728	0.00995	0.00677	0.00827	0.00223	0.06760	0.00641	0.00327	0.00907
14	0.01671	0.01657	0.02562	0.18884	0.52438	0.06803	0.02001	0.02071	0.01545	0.02091	0.01255	0.01688	0.01033	0.00632	0.00674	0.00206	0.00864	0.00597	0.00332	0.00994
15	0.01292	0.01216	0.02052	0.74312	0.04712	0.01520	0.01900	0.01748	0.01368	0.01748	0.01216	0.01824	0.00912	0.00684	0.00684	0.00228	0.00912	0.00608	0.00304	0.00760
16	0.00979	0.00684	0.00879	0.00901	0.01043	0.00627	0.00661	0.01215	0.01670	0.04506	0.35943	0.28226	0.13469	0.01688	0.00832	0.00242	0.00373	0.04739	0.00697	0.00624
17	0.00907	0.00662	0.00846	0.00891	0.01007	0.00612	0.00640	0.01122	0.01598	0.02170	0.32255	0.32014	0.12656	0.05017	0.00956	0.00265	0.00383	0.04730	0.00674	0.00593
18	0.01017	0.00714	0.00815	0.00789	0.00979	0.00631	0.00573	0.01204	0.01579	0.06449	0.20898	0.09935	0.38003	0.11975	0.01177	0.00289	0.00403	0.01316	0.00646	0.00607
19	0.18733	0.01215	0.01343	0.01171	0.01572	0.01269	0.00952	0.04487	0.19556	0.23817	0.05064	0.03033	0.05460	0.01005	0.00673	0.00230	0.00550	0.08250	0.00675	0.00945
20	0.01353	0.07614	0.40525	0.01516	0.02157	0.01352	0.01726	0.01855	0.01346	0.05319	0.01627	0.05808	0.01449	0.13096	0.09990	0.00393	0.00986	0.00681	0.00363	0.00844
21	0.00895	0.00700	0.00962	0.00995	0.01129	0.00640	0.04073	0.01081	0.01465	0.01920	0.12160	0.45332	0.19373	0.01876	0.00851	0.00260	0.00426	0.04634	0.00634	0.00593
22	0.02047	0.21263	0.02242	0.01421	0.01893	0.10530	0.01185	0.18588	0.28564	0.02737	0.01835	0.01804	0.01413	0.00787	0.00617	0.00197	0.00723	0.00591	0.00548	0.01014
23	0.11467	0.16120	0.06608	0.03307	0.02118	0.16124	0.06476	0.12409	0.08904	0.08064	0.01460	0.01552	0.01107	0.00712	0.00603	0.00196	0.00833	0.00534	0.00468	0.00940

[dist]
# distance from previous block
# <min> <max>
3	7

[block]
# block no. 6 follows, 31 sequences, length 9
# corresponding to MSA columns:
# 330-338
name=unknown_G
#
# <colnr> <probs for GDERKNQSTAVLIFYWHMCP>
#	G	D	E	R	K	N	Q	S	T	A	V	L	I	F	Y	W	H	M	C	P
0	0.06769	0.12636	0.04496	0.01343	0.01745	0.09376	0.03687	0.11337	0.13732	0.05744	0.02325	0.16759	0.05107	0.01073	0.00674	0.00216	0.00678	0.00883	0.00544	0.00876
1	0.01630	0.15578	0.12009	0.04093	0.04886	0.03828	0.09743	0.02308	0.13836	0.04767	0.01621	0.03673	0.01310	0.00918	0.04091	0.00232	0.00815	0.00610	0.00426	0.13627
2	0.02143	0.05104	0.01752	0.01378	0.01795	0.08398	0.01114	0.29760	0.10403	0.10826	0.10355	0.06549	0.02242	0.01008	0.00706	0.00214	0.00677	0.03936	0.00657	0.00985
3	0.01877	0.07481	0.04535	0.01295	0.01867	0.11534	0.01088	0.17314	0.01900	0.02576	0.01271	0.01420	0.01013	0.00618	0.00563	0.00143	0.00702	0.00459	0.00448	0.41896
4	0.06014	0.00770	0.01076	0.05279	0.01366	0.00872	0.00847	0.01242	0.01153	0.01709	0.02116	0.16141	0.02161	0.07256	0.47834	0.00821	0.01377	0.00940	0.00419	0.00609
5	0.01017	0.00792	0.00906	0.00858	0.01073	0.00740	0.00648	0.05012	0.04808	0.02410	0.34068	0.09028	0.33065	0.01524	0.00799	0.00225	0.00370	0.01305	0.00691	0.00660
6	0.00995	0.00663	0.00746	0.00746	0.00746	0.00663	0.00415	0.00995	0.00995	0.01327	0.02156	0.04477	0.02487	0.75957	0.03482	0.00663	0.00663	0.00995	0.00415	0.00415
7	0.10086	0.12575	0.06358	0.01354	0.01874	0.24389	0.01151	0.04462	0.04130	0.02141	0.01173	0.01333	0.00959	0.00629	0.00546	0.00158	0.00814	0.00434	0.00387	0.25046
8	0.15824	0.01855	0.01865	0.08856	0.07288	0.13398	0.01308	0.24506	0.02030	0.02880	0.01264	0.01477	0.00979	0.00752	0.00753	0.00205	0.07317	0.00527	0.00469	0.06446

[dist]
# distance from previous block
# <min> <max>
0	1

[block]
# block no. 7 follows, 31 sequences, length 9
# corresponding to MSA columns:
# 340-348
name=unknown_H
#
# <colnr> <probs for GDERKNQSTAVLIFYWHMCP>
#	G	D	E	R	K	N	Q	S	T	A	V	L	I	F	Y	W	H	M	C	P
0	0.07586	0.06540	0.13027	0.01705	0.06133	0.07837	0.01459	0.21209	0.17290	0.02876	0.01620	0.01702	0.01229	0.00795	0.00751	0.00214	0.05923	0.00585	0.00508	0.01010
1	0.01284	0.01038	0.01063	0.00980	0.01259	0.04038	0.00750	0.05694	0.14467	0.05554	0.15326	0.07490	0.35603	0.01409	0.00769	0.00226	0.00454	0.01180	0.00665	0.00751
2	0.00951	0.00679	0.00848	0.00944	0.01001	0.00669	0.00636	0.01152	0.05042	0.01713	0.03240	0.45322	0.03756	0.23240	0.01618	0.00389	0.00501	0.07172	0.00575	0.00550
3	0.01728	0.01791	0.01962	0.01702	0.01821	0.14637	0.01376	0.04904	0.07125	0.01855	0.01170	0.01672	0.01074	0.04253	0.01811	0.00283	0.49080	0.00603	0.00364	0.00788
4	0.00965	0.00698	0.00968	0.00988	0.01067	0.00768	0.00711	0.01129	0.01097	0.01538	0.02153	0.11966	0.02258	0.23647	0.45905	0.00884	0.01347	0.00949	0.00412	0.00552
5	0.01572	0.32845	0.14726	0.01449	0.02012	0.01891	0.08402	0.05660	0.03968	0.02165	0.13792	0.05068	0.02092	0.00829	0.00619	0.00191	0.00732	0.00683	0.00429	0.00874
6	0.03703	0.01638	0.10444	0.05371	0.02106	0.01521	0.06660	0.10407	0.29884	0.02711	0.08285	0.05953	0.04739	0.01048	0.02238	0.00245	0.00687	0.00824	0.00581	0.00953
7	0.27739	0.13574	0.06551	0.04298	0.05883	0.06975	0.01178	0.09211	0.06462	0.04716	0.01338	0.01577	0.01075	0.03739	0.02879	0.00245	0.00748	0.00507	0.00436	0.00870
8	0.02479	0.03200	0.06647	0.01764	0.02172	0.64227	0.01401	0.06638	0.01981	0.01863	0.01103	0.01272	0.00897	0.00708	0.00623	0.00181	0.01190	0.00455	0.00368	0.00830

[dist]
# distance from previous block
# <min> <max>
0	1

[block]
# block no. 8 follows, 31 sequences, length 7
# corresponding to MSA columns:
# 350-356
name=unknown_I
#
# <colnr> <probs for GDERKNQSTAVLIFYWHMCP>
#	G	D	E	R	K	N	Q	S	T	A	V	L	I	F	Y	W	H	M	C	P
0	0.01972	0.01627	0.01655	0.01434	0.01853	0.05712	0.01128	0.14516	0.51772	0.06759	0.02494	0.02316	0.01846	0.00894	0.00689	0.00223	0.00617	0.00724	0.00683	0.01085
1	0.01098	0.00829	0.00920	0.00959	0.01102	0.04237	0.00680	0.03369	0.01534	0.05374	0.10862	0.43131	0.17197	0.04251	0.00912	0.00265	0.00450	0.01567	0.00638	0.00625
2	0.10017	0.09922	0.09797	0.01464	0.01979	0.06237	0.04125	0.24479	0.10557	0.03009	0.08314	0.03769	0.01741	0.00842	0.00646	0.00206	0.00727	0.00661	0.00544	0.00965
3	0.01338	0.00784	0.00808	0.00773	0.00974	0.00805	0.00587	0.05899	0.06932	0.02599	0.02630	0.06209	0.06602	0.00936	0.00549	0.00178	0.00369	0.00763	0.59569	0.00697
4	0.01563	0.01211	0.01433	0.01031	0.01632	0.00920	0.00828	0.01863	0.01466	0.08329	0.01345	0.01498	0.01073	0.00536	0.00522	0.00111	0.00513	0.00430	0.00444	0.73250
5	0.01750	0.04169	0.01743	0.01527	0.04540	0.14731	0.05513	0.16339	0.08857	0.02416	0.02360	0.18789	0.05369	0.04955	0.03546	0.00275	0.00785	0.00966	0.00536	0.00835
6	0.05739	0.04239	0.01743	0.01526	0.04753	0.12403	0.01158	0.15014	0.28127	0.06033	0.01991	0.02040	0.01529	0.01317	0.09026	0.00313	0.00852	0.00646	0.00570	0.00980

[dist]
# distance from previous block
# <min> <max>
0	1

[block]
# block no. 9 follows, 31 sequences, length 47
# corresponding to MSA columns:
# 358-404
name=unknown_J
#
# <colnr> <probs for GDERKNQSTAVLIFYWHMCP>
#	G	D	E	R	K	N	Q	S	T	A	V	L	I	F	Y	W	H	M	C	P
0	0.01415	0.01338	0.06004	0.05266	0.01780	0.07018	0.05827	0.03788	0.08389	0.06585	0.22708	0.09387	0.11007	0.01227	0.00767	0.00228	0.00611	0.05271	0.00605	0.00780
1	0.07919	0.18861	0.18678	0.01540	0.02164	0.07015	0.03444	0.18351	0.01875	0.04724	0.01268	0.01414	0.00972	0.00700	0.00659	0.00193	0.04045	0.00499	0.00425	0.05255
2	0.11817	0.16411	0.24018	0.01833	0.05457	0.01790	0.13447	0.05957	0.01585	0.09593	0.01346	0.01520	0.00995	0.00651	0.00616	0.00203	0.00854	0.00544	0.00399	0.00964
3	0.00859	0.00643	0.00774	0.00849	0.00948	0.00592	0.00579	0.00991	0.01357	0.01751	0.07025	0.39612	0.24173	0.12252	0.04039	0.00347	0.00472	0.01590	0.00599	0.00548
4	0.04580	0.01353	0.03867	0.04527	0.11966	0.03579	0.03508	0.04804	0.16205	0.09994	0.04263	0.06943	0.11119	0.01113	0.00738	0.00233	0.00639	0.09093	0.00581	0.00896
5	0.01925	0.08172	0.14457	0.09826	0.04401	0.22858	0.01558	0.08861	0.03952	0.04683	0.01336	0.01603	0.01057	0.01114	0.06983	0.00280	0.05118	0.00541	0.00391	0.00884
6	0.01207	0.00914	0.01246	0.01150	0.01386	0.00896	0.05939	0.01733	0.12563	0.06109	0.22222	0.21838	0.12144	0.01490	0.00810	0.00243	0.00478	0.06233	0.00666	0.00733
7	0.02537	0.01716	0.01955	0.01514	0.02039	0.01846	0.03048	0.49235	0.08200	0.15643	0.03901	0.01936	0.01474	0.00844	0.00693	0.00209	0.00706	0.00664	0.00706	0.01136
8	0.04717	0.02019	0.14417	0.06900	0.06983	0.08648	0.09082	0.12610	0.11955	0.07103	0.01808	0.07529	0.01465	0.00843	0.00692	0.00219	0.00827	0.00722	0.00494	0.00965
9	0.01155	0.01109	0.03630	0.03506	0.09701	0.03044	0.03650	0.01544	0.06710	0.02076	0.13881	0.10511	0.26759	0.04000	0.02784	0.00267	0.03258	0.01136	0.00555	0.00724
10	0.09287	0.01672	0.02274	0.01737	0.02238	0.01791	0.15510	0.28464	0.05909	0.08572	0.01562	0.01710	0.01152	0.00780	0.00844	0.00216	0.08760	0.00632	0.00542	0.06348
11	0.01170	0.00601	0.00878	0.00878	0.00878	0.00601	0.00578	0.00901	0.00901	0.01201	0.01278	0.02301	0.01308	0.09169	0.02748	0.72763	0.00601	0.00631	0.00308	0.00308
12	0.01350	0.01287	0.02211	0.63524	0.12401	0.01540	0.04461	0.01805	0.01399	0.01821	0.01231	0.01810	0.00937	0.00671	0.00688	0.00225	0.00910	0.00616	0.00310	0.00803
13	0.00984	0.00668	0.00790	0.00799	0.00815	0.00680	0.00478	0.01019	0.01025	0.01380	0.02208	0.08234	0.02511	0.63597	0.11452	0.00693	0.00784	0.01017	0.00421	0.00445
14	0.00833	0.00599	0.00790	0.00942	0.00990	0.00557	0.00631	0.00954	0.01320	0.01750	0.03895	0.72793	0.07161	0.02127	0.00871	0.00276	0.00395	0.01925	0.00635	0.00557
15	0.01495	0.15166	0.45867	0.01774	0.02553	0.05876	0.04967	0.02078	0.01438	0.01989	0.01289	0.04303	0.01052	0.00893	0.03546	0.00243	0.03666	0.00560	0.00312	0.00930
16	0.12921	0.01635	0.01709	0.01366	0.01859	0.06850	0.01121	0.30417	0.02358	0.26746	0.01952	0.02039	0.01387	0.00844	0.00658	0.00211	0.00696	0.03495	0.00678	0.01058
17	0.01753	0.07228	0.15754	0.10256	0.02696	0.15587	0.14032	0.08698	0.01764	0.02235	0.06194	0.03280	0.01410	0.00738	0.00673	0.00201	0.00935	0.00636	0.00399	0.05531
18	0.00993	0.00673	0.00794	0.00794	0.00810	0.00689	0.00474	0.01025	0.01009	0.01362	0.02112	0.04236	0.02383	0.66431	0.12865	0.00722	0.00821	0.00960	0.00408	0.00441
19	0.06196	0.05964	0.04341	0.01465	0.01880	0.12254	0.03822	0.09591	0.34492	0.02623	0.02187	0.08555	0.01807	0.00934	0.00672	0.00219	0.00703	0.00760	0.00573	0.00962
20	0.01667	0.06432	0.07106	0.01405	0.05574	0.01346	0.01146	0.11637	0.06499	0.06754	0.01582	0.01819	0.01266	0.01487	0.14150	0.00336	0.00867	0.00556	0.00466	0.27905
21	0.08940	0.18240	0.07635	0.09646	0.04578	0.06021	0.01324	0.12672	0.06002	0.11859	0.05540	0.01806	0.01426	0.00753	0.00609	0.00198	0.00736	0.00574	0.00496	0.00947
22	0.06882	0.46235	0.12299	0.01372	0.01954	0.09756	0.01362	0.06712	0.01551	0.01969	0.01044	0.01212	0.00888	0.00650	0.00573	0.00173	0.03724	0.00419	0.00334	0.00893
23	0.03935	0.00717	0.00746	0.00737	0.00944	0.00639	0.00543	0.01061	0.01510	0.01921	0.12117	0.05890	0.53528	0.08648	0.03825	0.00302	0.00438	0.01314	0.00607	0.00576
24	0.03993	0.01522	0.08232	0.16692	0.16087	0.01427	0.11274	0.06146	0.01519	0.02144	0.01657	0.11478	0.01535	0.03635	0.04020	0.00278	0.03246	0.00807	0.00397	0.03913
25	0.01471	0.02398	0.32294	0.01969	0.02657	0.03371	0.18423	0.04653	0.01566	0.02210	0.04205	0.02227	0.04064	0.00813	0.00834	0.00225	0.06677	0.04283	0.00377	0.05284
26	0.00998	0.00760	0.01125	0.01113	0.01225	0.00896	0.00863	0.01229	0.01093	0.01580	0.01809	0.02712	0.01709	0.07767	0.67722	0.01051	0.04635	0.00738	0.00366	0.00608
27	0.01172	0.00819	0.00971	0.00943	0.01169	0.00766	0.00732	0.05086	0.03842	0.07276	0.18634	0.14682	0.29444	0.01600	0.00816	0.00242	0.00431	0.10011	0.00679	0.00685
28	0.08695	0.09525	0.13599	0.13403	0.02489	0.03960	0.01515	0.21617	0.01956	0.05756	0.01558	0.02094	0.01262	0.00834	0.00697	0.00217	0.02925	0.06485	0.00475	0.00936
29	0.01273	0.00761	0.00762	0.00768	0.00934	0.03501	0.00591	0.01576	0.01444	0.02380	0.02425	0.03055	0.04247	0.01240	0.06040	0.00246	0.00495	0.05930	0.61693	0.00639
30	0.80789	0.01323	0.01006	0.00900	0.01323	0.01535	0.00741	0.02011	0.01164	0.03070	0.00953	0.01111	0.00741	0.00635	0.00423	0.00212	0.00529	0.00370	0.00423	0.00741
31	0.00952	0.00705	0.00994	0.01010	0.01119	0.00770	0.00754	0.01160	0.01202	0.01684	0.07591	0.12423	0.05985	0.10822	0.48609	0.00846	0.01356	0.00984	0.00447	0.00587
32	0.02598	0.02009	0.02045	0.01587	0.02121	0.07002	0.01302	0.64830	0.03129	0.04131	0.01602	0.01614	0.01144	0.00813	0.00680	0.00203	0.00786	0.00604	0.00662	0.01138
33	0.01342	0.01135	0.01337	0.01005	0.01539	0.00865	0.00788	0.01622	0.01404	0.02166	0.01550	0.11113	0.01473	0.00721	0.00555	0.00124	0.00492	0.00607	0.00435	0.69726
34	0.00843	0.00692	0.00745	0.00760	0.00966	0.00595	0.00573	0.01036	0.01582	0.01945	0.13204	0.11363	0.56266	0.01736	0.00820	0.00237	0.00363	0.05041	0.00647	0.00586
35	0.00817	0.00680	0.00713	0.00732	0.00936	0.00577	0.00539	0.00988	0.01539	0.01864	0.08598	0.15555	0.60561	0.01776	0.00817	0.00237	0.00352	0.01503	0.00639	0.00577
