[name]
unknown

[dist]
# distance from previous block
# <min> <max>
0	34

[block]
# block no. 0 follows, 32 sequences, length 28
# corresponding to MSA columns:
# 34-61
name=unknown_A
#
# <colnr> <probs for GDERKNQSTAVLIFYWHMCP>
#	G	D	E	R	K	N	Q	S	T	A	V	L	I	F	Y	W	H	M	C	P
0	0.05670	0.01727	0.04936	0.01437	0.01919	0.01792	0.01213	0.52180	0.02673	0.03660	0.01805	0.06524	0.01501	0.03669	0.00780	0.00226	0.00704	0.04293	0.00622	0.02668
1	0.01851	0.01658	0.02451	0.02045	0.07573	0.04899	0.20301	0.15214	0.09669	0.06611	0.05073	0.01933	0.01435	0.00809	0.00948	0.00222	0.12713	0.00691	0.00484	0.03419
2	0.06426	0.32357	0.05038	0.01397	0.01877	0.29589	0.01213	0.02439	0.04435	0.07831	0.01202	0.01302	0.00971	0.00660	0.00535	0.00170	0.00885	0.00435	0.00379	0.00859
3	0.01641	0.06960	0.02077	0.07944	0.02155	0.10864	0.14889	0.07829	0.05627	0.04196	0.04921	0.05104	0.01669	0.08200	0.05336	0.00299	0.02343	0.00735	0.06420	0.00791
4	0.00851	0.00672	0.00771	0.00791	0.00968	0.00591	0.00590	0.01056	0.01581	0.02019	0.21706	0.16873	0.41850	0.01692	0.00810	0.00235	0.00358	0.05352	0.00650	0.00582
5	0.01174	0.00950	0.01120	0.01068	0.01256	0.03817	0.02738	0.08415	0.05387	0.02216	0.16716	0.29035	0.10937	0.04556	0.07123	0.00323	0.00598	0.01295	0.00604	0.00673
6	0.00831	0.00597	0.00776	0.00906	0.00957	0.00556	0.00605	0.00953	0.01306	0.01737	0.06750	0.65255	0.07795	0.06334	0.00998	0.00289	0.00399	0.01799	0.00615	0.00542
7	0.01940	0.56448	0.03210	0.01349	0.01904	0.08928	0.05224	0.10534	0.01648	0.01948	0.01052	0.01198	0.00905	0.00613	0.00497	0.00158	0.00789	0.00421	0.00343	0.00891
8	0.05105	0.00726	0.00893	0.00934	0.01073	0.00696	0.00660	0.01345	0.04235	0.08318	0.11213	0.46018	0.08616	0.05759	0.00937	0.00272	0.00420	0.01510	0.00635	0.00633
9	0.01922	0.33459	0.10153	0.01444	0.02004	0.11875	0.04731	0.09244	0.07441	0.05370	0.01360	0.02896	0.01108	0.00687	0.00562	0.00176	0.00800	0.00510	0.00405	0.03851
10	0.02183	0.03612	0.04241	0.01477	0.07911	0.01148	0.03099	0.09109	0.01871	0.35273	0.11262	0.08451	0.02339	0.03917	0.00805	0.00228	0.00600	0.00829	0.00674	0.00971
11	0.01477	0.00846	0.01008	0.00889	0.01140	0.00801	0.00684	0.07156	0.01806	0.14661	0.27873	0.03903	0.12343	0.05197	0.00837	0.00224	0.00415	0.00964	0.17036	0.00739
12	0.01611	0.05425	0.15098	0.22429	0.13264	0.08787	0.07371	0.04534	0.04350	0.04073	0.01364	0.01800	0.01084	0.05029	0.00815	0.00233	0.00897	0.00598	0.00359	0.00878
13	0.01466	0.06241	0.35687	0.07690	0.16148	0.01672	0.12042	0.02043	0.01425	0.02047	0.01199	0.01534	0.00921	0.00658	0.00772	0.00215	0.06421	0.00566	0.00303	0.00949
14	0.01317	0.01262	0.01981	0.60453	0.10137	0.04259	0.01769	0.01726	0.01376	0.01753	0.01374	0.07124	0.01164	0.00769	0.00681	0.00223	0.00862	0.00685	0.00326	0.00760
15	0.01550	0.06571	0.01414	0.05360	0.01491	0.07361	0.00896	0.01705	0.01331	0.13629	0.02091	0.14870	0.02084	0.21307	0.07903	0.00412	0.07952	0.00907	0.00480	0.00688
16	0.01906	0.13968	0.15244	0.01620	0.02158	0.08230	0.08052	0.13076	0.05472	0.09444	0.04777	0.01809	0.02440	0.00789	0.00789	0.00206	0.08020	0.00603	0.00461	0.00938
17	0.01012	0.00899	0.05065	0.01017	0.01205	0.00769	0.00807	0.04312	0.05292	0.02114	0.15617	0.37602	0.12982	0.01697	0.00812	0.00250	0.00447	0.06825	0.00628	0.00649
18	0.00967	0.00686	0.00912	0.00912	0.00974	0.00748	0.00631	0.01091	0.01029	0.01434	0.01950	0.03479	0.02044	0.39330	0.39963	0.00873	0.01246	0.00842	0.00382	0.00507
19	0.02102	0.02369	0.02046	0.02040	0.12499	0.41121	0.06787	0.04384	0.04138	0.04193	0.07626	0.02001	0.01582	0.00788	0.00665	0.00194	0.00983	0.03213	0.00425	0.00843
20	0.05312	0.04341	0.04259	0.14169	0.21701	0.04785	0.04709	0.12810	0.09609	0.07114	0.01599	0.03888	0.01257	0.00740	0.00658	0.00208	0.00771	0.00639	0.00462	0.00970
21	0.01674	0.01324	0.01670	0.06842	0.03085	0.04191	0.06595	0.02547	0.27529	0.12219	0.02695	0.07024	0.08640	0.04362	0.00940	0.00248	0.06092	0.00851	0.00579	0.00894
22	0.01236	0.00969	0.00931	0.00914	0.00990	0.09185	0.00590	0.01295	0.01177	0.04718	0.02198	0.10869	0.02431	0.52673	0.04703	0.00541	0.00720	0.02906	0.00445	0.00509
23	0.01636	0.01374	0.04771	0.01320	0.04844	0.01119	0.03530	0.06928	0.06355	0.08714	0.01560	0.04305	0.01260	0.00649	0.00576	0.00146	0.00578	0.00545	0.00474	0.49316
24	0.01812	0.05581	0.04767	0.05167	0.05582	0.05691	0.25249	0.09477	0.05250	0.10117	0.02006	0.02311	0.06364	0.00780	0.00707	0.00210	0.00846	0.03149	0.00474	0.04461
25	0.01559	0.07487	0.22828	0.11993	0.17807	0.01616	0.12947	0.02058	0.01461	0.06082	0.01367	0.03951	0.01090	0.00698	0.00736	0.00214	0.04195	0.00628	0.00348	0.00934
26	0.02000	0.01588	0.06055	0.02142	0.16401	0.03526	0.11915	0.03520	0.05620	0.21876	0.01700	0.01831	0.01239	0.00728	0.00814	0.00205	0.07903	0.00625	0.00499	0.09814
27	0.01239	0.04704	0.01105	0.00956	0.01185	0.05151	0.00717	0.01439	0.01557	0.08706	0.16527	0.28435	0.17020	0.01487	0.00752	0.00221	0.00457	0.01288	0.00615	0.06439

[dist]
# distance from previous block
# <min> <max>
0	1

[block]
# block no. 1 follows, 32 sequences, length 27
# corresponding to MSA columns:
# 63-89
name=unknown_B
#
# <colnr> <probs for GDERKNQSTAVLIFYWHMCP>
#	G	D	E	R	K	N	Q	S	T	A	V	L	I	F	Y	W	H	M	C	P
0	0.01648	0.09703	0.22000	0.03397	0.09665	0.05972	0.05285	0.07256	0.07706	0.05213	0.01651	0.09484	0.01429	0.00863	0.00761	0.00215	0.05706	0.00702	0.00421	0.00923
1	0.00987	0.00719	0.00898	0.00900	0.01015	0.00700	0.00623	0.01124	0.01194	0.01680	0.02681	0.28592	0.05632	0.22408	0.11858	0.00462	0.02668	0.01186	0.05232	0.09442
2	0.01185	0.00980	0.06360	0.01029	0.01209	0.00878	0.00818	0.01375	0.01189	0.06808	0.06554	0.03261	0.02159	0.31707	0.24386	0.00651	0.04705	0.00814	0.00430	0.03502
3	0.01376	0.01979	0.23403	0.10280	0.17285	0.02925	0.10869	0.01844	0.01424	0.01985	0.04109	0.04766	0.03105	0.08959	0.01019	0.00264	0.02481	0.00718	0.00354	0.00855
4	0.01052	0.00748	0.00815	0.00780	0.00871	0.00738	0.00494	0.06096	0.01262	0.01633	0.03126	0.04648	0.17916	0.54069	0.02624	0.00522	0.00587	0.01047	0.00475	0.00497
5	0.01853	0.44249	0.10948	0.01602	0.07213	0.07059	0.03679	0.09716	0.04347	0.02053	0.01155	0.01307	0.00958	0.00629	0.00532	0.00170	0.00796	0.00454	0.00354	0.00926
6	0.01737	0.01540	0.06833	0.07192	0.04111	0.05982	0.02885	0.17018	0.07309	0.07729	0.02027	0.12397	0.01842	0.06989	0.00906	0.00245	0.00699	0.03549	0.00531	0.08477
7	0.08189	0.02077	0.07590	0.04896	0.28870	0.17871	0.03832	0.09166	0.04711	0.04593	0.01324	0.01555	0.01038	0.00667	0.00635	0.00198	0.00872	0.00550	0.00402	0.00962
8	0.07769	0.01204	0.06143	0.05606	0.09968	0.01090	0.01121	0.08588	0.01626	0.11710	0.05221	0.28241	0.04283	0.01284	0.00729	0.00234	0.00579	0.03229	0.00568	0.00808
9	0.02255	0.10628	0.02010	0.01436	0.01919	0.10831	0.01178	0.31597	0.17758	0.08294	0.01773	0.01740	0.01310	0.00779	0.00632	0.00194	0.00728	0.00587	0.00591	0.03763
10	0.04879	0.01180	0.01489	0.01229	0.01627	0.01172	0.05981	0.02450	0.24237	0.12797	0.18337	0.02930	0.05422	0.00938	0.00681	0.00201	0.00519	0.00810	0.00637	0.12484
11	0.01839	0.10301	0.11057	0.02104	0.18734	0.08850	0.03569	0.12723	0.08276	0.05900	0.01927	0.03742	0.06469	0.00799	0.00650	0.00200	0.00775	0.00659	0.00461	0.00965
12	0.01532	0.08839	0.46401	0.01841	0.07168	0.01601	0.02001	0.07177	0.04280	0.04775	0.06870	0.01774	0.01391	0.00717	0.00640	0.00205	0.00852	0.00572	0.00386	0.00977
13	0.02436	0.03023	0.02069	0.01806	0.02187	0.64503	0.06675	0.05987	0.01939	0.01811	0.01091	0.01277	0.00890	0.00687	0.00623	0.00178	0.01180	0.00469	0.00361	0.00806
14	0.00818	0.00584	0.00779	0.00934	0.00973	0.00545	0.00623	0.00934	0.01285	0.01713	0.03698	0.75981	0.04438	0.02102	0.00856	0.00273	0.00389	0.01908	0.00623	0.00545
15	0.01754	0.08552	0.16546	0.04550	0.04733	0.07346	0.08894	0.18726	0.04209	0.02531	0.01792	0.04631	0.04883	0.03089	0.00738	0.00216	0.00812	0.00674	0.04413	0.00912
16	0.07771	0.01847	0.02004	0.09529	0.11732	0.21531	0.08745	0.04456	0.04044	0.07181	0.01657	0.05171	0.03510	0.04558	0.00844	0.00229	0.03264	0.00669	0.00424	0.00835
17	0.00840	0.00608	0.00799	0.00936	0.01000	0.00566	0.00649	0.00982	0.01342	0.01777	0.06367	0.63761	0.08949	0.02031	0.00855	0.00270	0.00400	0.06686	0.00627	0.00555
18	0.04641	0.01401	0.01660	0.01297	0.01795	0.01412	0.01064	0.26120	0.07434	0.39496	0.02237	0.02048	0.01490	0.00821	0.00660	0.00205	0.00614	0.00647	0.03854	0.01105
19	0.07390	0.04573	0.10710	0.12331	0.11486	0.01550	0.15276	0.03641	0.03144	0.02078	0.01605	0.08991	0.02835	0.02563	0.00907	0.00237	0.08715	0.00754	0.00377	0.00836
20	0.01657	0.03461	0.04504	0.01224	0.01545	0.01150	0.04356	0.08260	0.09378	0.15566	0.07605	0.08924	0.05950	0.12436	0.02700	0.02409	0.03002	0.04479	0.00586	0.00809
21	0.02112	0.01013	0.01257	0.01036	0.01438	0.00904	0.00840	0.06977	0.01851	0.39935	0.04093	0.03931	0.26828	0.01178	0.00726	0.00218	0.00502	0.03507	0.00737	0.00916
22	0.00816	0.00588	0.00774	0.00923	0.00970	0.00546	0.00618	0.00936	0.01295	0.01717	0.03830	0.73015	0.07319	0.02085	0.00854	0.00271	0.00387	0.01887	0.00623	0.00546
23	0.01908	0.10279	0.05111	0.03860	0.13130	0.16301	0.05426	0.06986	0.04615	0.08621	0.06916	0.04210	0.01586	0.00823	0.00784	0.00204	0.07247	0.00648	0.00449	0.00896
24	0.01861	0.16630	0.16828	0.07063	0.05021	0.01893	0.03937	0.27388	0.02084	0.02788	0.04252	0.01814	0.04040	0.00757	0.00631	0.00196	0.00782	0.00596	0.00465	0.00973
25	0.01652	0.05557	0.12275	0.18552	0.19635	0.06892	0.05761	0.08341	0.03836	0.02200	0.01278	0.01601	0.00999	0.00657	0.00673	0.00199	0.02331	0.00562	0.00363	0.06634
26	0.04076	0.01421	0.01395	0.01248	0.01490	0.12841	0.00953	0.16915	0.01745	0.04756	0.04310	0.11300	0.01956	0.11894	0.16441	0.00454	0.04738	0.00824	0.00494	0.00748

[dist]
# distance from previous block
# <min> <max>
0	1

[block]
# block no. 2 follows, 32 sequences, length 24
# corresponding to MSA columns:
# 91-114
name=unknown_C
#
# <colnr> <probs for GDERKNQSTAVLIFYWHMCP>
#	G	D	E	R	K	N	Q	S	T	A	V	L	I	F	Y	W	H	M	C	P
0	0.01669	0.01308	0.01434	0.01210	0.01613	0.01376	0.00957	0.12575	0.31654	0.06779	0.04714	0.02879	0.13277	0.00975	0.00710	0.00204	0.02310	0.00792	0.00629	0.12935
1	0.01569	0.01036	0.01215	0.01073	0.01372	0.01020	0.00822	0.14223	0.07571	0.12464	0.11373	0.21704	0.11919	0.03376	0.00813	0.00233	0.00490	0.01131	0.00659	0.05937
2	0.20189	0.01273	0.01450	0.06681	0.03730	0.04479	0.00990	0.02444	0.01576	0.31905	0.01844	0.04827	0.01345	0.00757	0.00591	0.00192	0.00599	0.00591	0.00581	0.13956
3	0.01273	0.01003	0.01384	0.01262	0.01390	0.01226	0.01004	0.06507	0.01266	0.04088	0.03639	0.02425	0.01616	0.07639	0.41708	0.00737	0.20053	0.00705	0.00395	0.00681
4	0.00971	0.00732	0.00914	0.00971	0.01100	0.00721	0.00705	0.01370	0.09909	0.02116	0.20771	0.40401	0.08493	0.01734	0.00821	0.00252	0.00402	0.06323	0.00659	0.00636
5	0.00979	0.00664	0.00819	0.00819	0.00847	0.00692	0.00515	0.01024	0.00996	0.01356	0.02002	0.03884	0.02209	0.56640	0.19962	0.03934	0.00918	0.00900	0.00391	0.00447
6	0.01053	0.00734	0.00850	0.00820	0.01035	0.00653	0.00614	0.01318	0.03928	0.08057	0.22538	0.14302	0.38492	0.01566	0.00787	0.00227	0.00366	0.01341	0.00672	0.00646
7	0.00960	0.00715	0.01057	0.01057	0.01170	0.00827	0.00812	0.01185	0.01072	0.01542	0.01817	0.02744	0.01724	0.09422	0.69435	0.01052	0.01727	0.00735	0.00362	0.00587
8	0.01550	0.01666	0.06594	0.21851	0.38355	0.05443	0.07456	0.01978	0.01479	0.02005	0.01259	0.01709	0.01019	0.00811	0.03799	0.00245	0.00926	0.00604	0.00323	0.00929
9	0.01594	0.01689	0.07820	0.04521	0.01998	0.08413	0.03318	0.06638	0.03343	0.02204	0.01220	0.01458	0.00991	0.00641	0.00733	0.00157	0.08518	0.00474	0.00392	0.43877
10	0.00827	0.00675	0.00731	0.00729	0.00930	0.00579	0.00542	0.01025	0.01592	0.01990	0.20183	0.10184	0.54370	0.01654	0.00796	0.00226	0.00338	0.01402	0.00647	0.00579
11	0.00937	0.00650	0.00753	0.00772	0.00807	0.00641	0.00469	0.00983	0.01075	0.01418	0.02761	0.13011	0.09723	0.55566	0.07168	0.00589	0.00658	0.01116	0.00451	0.00451
12	0.00956	0.00652	0.00846	0.00936	0.01041	0.00588	0.00644	0.01093	0.01336	0.05189	0.03682	0.64056	0.08017	0.01924	0.00823	0.00257	0.00401	0.01732	0.00620	0.05209
13	0.01602	0.31195	0.40591	0.01624	0.02423	0.01954	0.04497	0.02135	0.01426	0.05173	0.01173	0.01342	0.00898	0.00619	0.00566	0.00187	0.00873	0.00463	0.00312	0.00946
14	0.00952	0.00720	0.00824	0.00824	0.01011	0.00659	0.00621	0.03963	0.01645	0.02165	0.21592	0.15961	0.34835	0.01598	0.00787	0.00230	0.00374	0.05436	0.05193	0.00610
15	0.01030	0.00685	0.00858	0.00850	0.01011	0.00630	0.00635	0.01290	0.01681	0.05352	0.38655	0.17257	0.13720	0.01482	0.00772	0.00223	0.00357	0.04346	0.08536	0.00630
16	0.05520	0.01560	0.01792	0.01379	0.01904	0.01617	0.01139	0.40558	0.02584	0.31922	0.02007	0.01865	0.01337	0.00809	0.00664	0.00204	0.00663	0.00624	0.00727	0.01127
17	0.03936	0.01423	0.04772	0.58405	0.04079	0.05129	0.03971	0.01793	0.01351	0.01775	0.01160	0.01701	0.00889	0.00702	0.00772	0.00225	0.06268	0.00582	0.00305	0.00760
18	0.01151	0.00583	0.00870	0.00877	0.00878	0.00581	0.00584	0.00877	0.00891	0.01188	0.01268	0.05033	0.01298	0.02322	0.02551	0.77231	0.00575	0.00636	0.00305	0.00302
19	0.01492	0.00980	0.01128	0.01028	0.01324	0.00975	0.00789	0.02195	0.22042	0.15676	0.11117	0.12943	0.22937	0.01318	0.00746	0.00227	0.00444	0.01122	0.00692	0.00826
20	0.04048	0.01439	0.05416	0.01347	0.04500	0.07768	0.01031	0.11234	0.18135	0.02489	0.08783	0.17553	0.02527	0.03287	0.00837	0.02804	0.00602	0.00948	0.04431	0.00822
21	0.04143	0.03303	0.08406	0.04570	0.06218	0.06418	0.10796	0.16032	0.01888	0.05296	0.07445	0.02483	0.06822	0.00955	0.02421	0.00225	0.00762	0.02328	0.08618	0.00870
22	0.01743	0.01319	0.01532	0.04317	0.04617	0.03501	0.01064	0.27033	0.04246	0.05776	0.06517	0.20108	0.02430	0.06052	0.00979	0.00256	0.04196	0.02864	0.00596	0.00853
23	0.11340	0.16671	0.16305	0.01629	0.06779	0.05088	0.05364	0.13619	0.01680	0.02422	0.01249	0.01535	0.01014	0.04008	0.02823	0.00231	0.00817	0.00513	0.00391	0.06525

[dist]
# distance from previous block
# <min> <max>
1	5

[block]
# block no. 3 follows, 32 sequences, length 42
# corresponding to MSA columns:
# 120-161
name=unknown_D
#
# <colnr> <probs for GDERKNQSTAVLIFYWHMCP>
#	G	D	E	R	K	N	Q	S	T	A	V	L	I	F	Y	W	H	M	C	P
0	0.01542	0.16822	0.18996	0.11835	0.11774	0.05252	0.09448	0.03768	0.01466	0.01947	0.01294	0.04294	0.01092	0.00933	0.04703	0.00250	0.02777	0.00596	0.00329	0.00881
1	0.01564	0.03658	0.01360	0.03048	0.04360	0.01064	0.00896	0.12238	0.01682	0.11693	0.06837	0.13730	0.06757	0.05794	0.10469	0.03476	0.00712	0.00913	0.03560	0.06189
2	0.01201	0.00900	0.01070	0.00966	0.01194	0.00898	0.00740	0.10727	0.07222	0.02788	0.48380	0.07121	0.11518	0.01318	0.00769	0.00215	0.00395	0.01142	0.00710	0.00725
3	0.01667	0.04454	0.12431	0.03436	0.07369	0.02806	0.05621	0.10771	0.05418	0.11139	0.03496	0.16805	0.04415	0.01068	0.00710	0.00220	0.00685	0.03430	0.00535	0.03523
4	0.00908	0.00682	0.00841	0.00806	0.00978	0.00615	0.00603	0.01184	0.01794	0.02452	0.54279	0.07140	0.22313	0.01470	0.00793	0.00216	0.00324	0.01280	0.00708	0.00615
5	0.01179	0.00704	0.00866	0.00875	0.01020	0.00639	0.00608	0.01305	0.01371	0.12462	0.03889	0.34354	0.18503	0.17443	0.01353	0.00332	0.00461	0.01415	0.00609	0.00612
6	0.05106	0.34547	0.11920	0.01348	0.01871	0.06764	0.01306	0.10601	0.01627	0.04797	0.03947	0.01520	0.01186	0.00980	0.05269	0.00238	0.05213	0.00495	0.00387	0.00880
7	0.07539	0.01268	0.01807	0.09890	0.05691	0.01267	0.07475	0.09544	0.04429	0.30348	0.11626	0.02385	0.02025	0.00837	0.00683	0.00211	0.00649	0.00722	0.00636	0.00969
8	0.01139	0.00773	0.00940	0.00954	0.01110	0.00757	0.00696	0.06598	0.03519	0.05265	0.09659	0.36303	0.11676	0.04633	0.03906	0.00292	0.00487	0.03910	0.06732	0.00649
9	0.35461	0.01240	0.01341	0.01080	0.01557	0.01252	0.00891	0.05763	0.01653	0.40631	0.01888	0.01757	0.01249	0.00743	0.00567	0.00207	0.00557	0.00542	0.00651	0.00969
10	0.01560	0.01637	0.06232	0.40793	0.08033	0.06378	0.12126	0.09526	0.01639	0.02112	0.01377	0.01804	0.02444	0.00687	0.00685	0.00216	0.00922	0.00628	0.00358	0.00846
11	0.01289	0.00896	0.00971	0.00903	0.01156	0.03514	0.00702	0.04109	0.03452	0.10132	0.08393	0.04547	0.34345	0.01826	0.10091	0.00325	0.00611	0.03254	0.08794	0.00691
12	0.01072	0.00747	0.00854	0.00806	0.01039	0.00661	0.00611	0.01349	0.04097	0.08619	0.24110	0.08139	0.42395	0.01516	0.00780	0.00222	0.00363	0.01287	0.00676	0.00654
13	0.13295	0.01378	0.01520	0.06265	0.01887	0.01529	0.01068	0.11607	0.33188	0.15005	0.02246	0.04679	0.01682	0.00868	0.00647	0.00219	0.00583	0.00697	0.00640	0.00999
14	0.00997	0.00728	0.00864	0.00894	0.01057	0.00691	0.00672	0.04036	0.03301	0.02147	0.16106	0.25595	0.22218	0.01636	0.00789	0.00239	0.00401	0.09146	0.07863	0.00619
15	0.00999	0.00682	0.00909	0.00915	0.01005	0.00746	0.00661	0.01179	0.01106	0.01628	0.02016	0.06128	0.02003	0.23519	0.41487	0.00800	0.01221	0.00824	0.11624	0.00549
16	0.01453	0.01243	0.01464	0.01145	0.04093	0.01006	0.00871	0.03769	0.06232	0.02287	0.01313	0.01483	0.01073	0.00538	0.00521	0.00115	0.00517	0.00435	0.00423	0.70020
17	0.01164	0.01843	0.28530	0.01470	0.03326	0.01091	0.05200	0.03749	0.01493	0.02077	0.08821	0.20184	0.08886	0.04697	0.00870	0.00253	0.00692	0.04410	0.00474	0.00772
18	0.03727	0.01251	0.01418	0.01172	0.01584	0.01279	0.00941	0.17609	0.16426	0.23276	0.05566	0.03029	0.14765	0.01015	0.00688	0.00212	0.00538	0.00824	0.03707	0.00973
19	0.07066	0.01187	0.01418	0.03422	0.04303	0.03167	0.02844	0.04127	0.20663	0.13135	0.05348	0.08984	0.04850	0.01139	0.00719	0.00234	0.00578	0.12543	0.03404	0.00866
20	0.06183	0.01550	0.01781	0.01395	0.01905	0.05097	0.07036	0.18324	0.15165	0.02798	0.01659	0.01877	0.01309	0.00718	0.00615	0.00176	0.00658	0.02836	0.00518	0.28402
21	0.00827	0.00594	0.00770	0.00906	0.00953	0.00554	0.00601	0.00939	0.01277	0.01690	0.03765	0.67062	0.08145	0.07228	0.01030	0.00296	0.00405	0.01815	0.00608	0.00537
22	0.01171	0.00746	0.00856	0.00818	0.01041	0.00679	0.00622	0.01467	0.04317	0.09634	0.17725	0.10316	0.31592	0.01408	0.00735	0.00216	0.00374	0.02831	0.12784	0.00668
23	0.01464	0.21247	0.51172	0.01716	0.02538	0.01860	0.02085	0.02062	0.01377	0.01957	0.01116	0.01337	0.00855	0.00658	0.00693	0.00201	0.05966	0.00469	0.00285	0.00942
24	0.01539	0.15145	0.14227	0.01708	0.06383	0.07709	0.08811	0.06029	0.01495	0.01965	0.03296	0.07544	0.01499	0.05452	0.08714	0.00324	0.06272	0.00696	0.00376	0.00818
25	0.00981	0.00658	0.00785	0.00791	0.00820	0.00676	0.00489	0.01040	0.01026	0.01419	0.02125	0.06690	0.02353	0.58136	0.14685	0.00681	0.00811	0.00951	0.04429	0.00454
26	0.00848	0.00604	0.00803	0.00944	0.00994	0.00569	0.00647	0.00981	0.01314	0.01754	0.06281	0.65290	0.04386	0.05225	0.00968	0.00289	0.00414	0.06524	0.00618	0.00548
27	0.01783	0.19885	0.20136	0.01777	0.07603	0.06709	0.07048	0.12925	0.01773	0.04915	0.04156	0.03643	0.03302	0.00747	0.00624	0.00194	0.00822	0.00605	0.00415	0.00937
28	0.01576	0.01864	0.15612	0.24873	0.15565	0.04347	0.04362	0.04695	0.04111	0.05045	0.01304	0.01675	0.01004	0.00733	0.00860	0.00223	0.10308	0.00587	0.00356	0.00899
29	0.01662	0.02369	0.25505	0.09624	0.05075	0.14629	0.09155	0.02161	0.03486	0.05815	0.01361	0.01747	0.01075	0.04681	0.03602	0.00267	0.05976	0.00587	0.00355	0.00869
30	0.11881	0.02229	0.01709	0.01501	0.01816	0.35827	0.01173	0.08668	0.04059	0.05740	0.03996	0.01562	0.01198	0.00811	0.00840	0.00203	0.12231	0.00524	0.03215	0.00816
31	0.05955	0.30105	0.30497	0.01708	0.02433	0.01998	0.12113	0.02061	0.01394	0.01959	0.01102	0.01335	0.00874	0.00620	0.00624	0.00192	0.03337	0.00486	0.00301	0.00907
32	0.01347	0.05430	0.01649	0.03329	0.01563	0.07838	0.01119	0.01524	0.01143	0.01565	0.01348	0.02139	0.01314	0.10369	0.26367	0.00577	0.29734	0.00647	0.00332	0.00665
33	0.00908	0.00626	0.00748	0.00808	0.00831	0.00607	0.00494	0.00959	0.01116	0.01479	0.02901	0.32043	0.05833	0.44975	0.02331	0.00489	0.00538	0.01351	0.00498	0.00466
34	0.01598	0.01704	0.01275	0.01194	0.01461	0.27658	0.00896	0.02034	0.11363	0.02038	0.11671	0.07890	0.18914	0.01141	0.00690	0.00203	0.00685	0.00914	0.05947	0.00724
35	0.01930	0.01339	0.05415	0.01402	0.05224	0.01269	0.01092	0.06984	0.25814	0.22950	0.02794	0.13638	0.05023	0.01064	0.00707	0.00225	0.00565	0.00904	0.00674	0.00987
36	0.00903	0.00699	0.00819	0.00858	0.01026	0.00636	0.00643	0.03026	0.01559	0.01991	0.13883	0.25191	0.35288	0.01758	0.00822	0.00246	0.00393	0.09027	0.00639	0.00592
37	0.00815	0.00594	0.00768	0.00907	0.00966	0.00547	0.00611	0.00937	0.01310	0.01723	0.04025	0.68653	0.11555	0.02060	0.00850	0.00268	0.00384	0.01856	0.00623	0.00547
38	0.01563	0.11419	0.09007	0.02473	0.03138	0.01764	0.53347	0.02083	0.01532	0.02058	0.01381	0.04506	0.01115	0.00631	0.00737	0.00216	0.01040	0.00757	0.00339	0.00892
39	0.02061	0.02404	0.05633	0.01577	0.01956	0.38589	0.01273	0.06143	0.20640	0.02155	0.01811	0.02290	0.01527	0.00881	0.00667	0.00206	0.00925	0.07913	0.00480	0.00867
40	0.07336	0.04089	0.01600	0.05239	0.01783	0.01250	0.03555	0.07151	0.04117	0.08705	0.01501	0.01735	0.01185	0.01056	0.07078	0.00246	0.05754	0.00533	0.06635	0.29451
41	0.05068	0.04512	0.12362	0.01713	0.06044	0.01685	0.07718	0.30678	0.02217	0.09260	0.04173	0.01734	0.01287	0.00729	0.00648	0.00195	0.00753	0.00599	0.00535	0.08090

[dist]
# distance from previous block
# <min> <max>
3	5

[block]
# block no. 4 follows, 32 sequences, length 36
# corresponding to MSA columns:
# 167-202
name=unknown_E
#
# <colnr> <probs for GDERKNQSTAVLIFYWHMCP>
#	G	D	E	R	K	N	Q	S	T	A	V	L	I	F	Y	W	H	M	C	P
0	0.01734	0.26519	0.10996	0.01822	0.09236	0.05935	0.11259	0.04569	0.01559	0.06751	0.03725	0.04792	0.03837	0.00767	0.00677	0.00194	0.03711	0.00633	0.00393	0.00892
1	0.00864	0.00675	0.00850	0.00997	0.04194	0.00613	0.00666	0.01029	0.01422	0.01832	0.08342	0.42595	0.27421	0.01848	0.00825	0.00251	0.00395	0.03981	0.00616	0.00583
2	0.01439	0.01394	0.04322	0.13011	0.04854	0.01554	0.10747	0.07838	0.03323	0.01964	0.01634	0.02372	0.04534	0.14601	0.01638	0.00319	0.22586	0.00729	0.00382	0.00759
3	0.03714	0.04216	0.07550	0.11611	0.22859	0.01465	0.06772	0.05464	0.08152	0.05093	0.01869	0.07519	0.01669	0.00899	0.00702	0.00224	0.00754	0.08107	0.00447	0.00911
4	0.00920	0.00774	0.00810	0.00791	0.01024	0.00712	0.00595	0.01321	0.10403	0.02017	0.12181	0.08192	0.54699	0.01582	0.00781	0.00227	0.00364	0.01330	0.00641	0.00635
5	0.00823	0.00588	0.00783	0.00931	0.00974	0.00548	0.00623	0.00947	0.01309	0.01751	0.06366	0.73204	0.04512	0.02074	0.00854	0.00270	0.00386	0.01880	0.00627	0.00548
6	0.00828	0.00592	0.00791	0.00947	0.00990	0.00554	0.00641	0.00953	0.01295	0.01725	0.03692	0.73203	0.04414	0.02092	0.00859	0.00274	0.00399	0.04580	0.00623	0.00548
7	0.06088	0.01270	0.01599	0.01240	0.01751	0.01199	0.01022	0.13068	0.05113	0.56668	0.02428	0.02145	0.01563	0.00822	0.00664	0.00208	0.00592	0.00655	0.00783	0.01121
8	0.00960	0.00712	0.01044	0.01044	0.01151	0.00820	0.00795	0.01176	0.01068	0.01532	0.01829	0.02812	0.01754	0.12209	0.66688	0.01035	0.01682	0.00745	0.00364	0.00580
9	0.00959	0.00717	0.01067	0.01067	0.01182	0.00832	0.00824	0.01191	0.01075	0.01549	0.01808	0.02696	0.01703	0.07457	0.71371	0.01064	0.01758	0.00728	0.00361	0.00593
10	0.01267	0.01193	0.02013	0.74806	0.04621	0.01491	0.01863	0.01714	0.01342	0.01714	0.01193	0.01789	0.00894	0.00671	0.00671	0.00224	0.00894	0.00596	0.00298	0.00745
11	0.00875	0.00616	0.00770	0.00866	0.00926	0.00581	0.00578	0.00995	0.01287	0.01726	0.07140	0.48280	0.09518	0.16577	0.01339	0.00337	0.00436	0.03323	0.03299	0.00529
12	0.00824	0.00614	0.00769	0.00889	0.00976	0.00560	0.00617	0.00961	0.01352	0.01749	0.04403	0.57024	0.19898	0.01999	0.00845	0.00264	0.00388	0.04693	0.00623	0.00553
13	0.01280	0.01082	0.01677	0.04132	0.01743	0.01216	0.10747	0.08549	0.01358	0.01899	0.01639	0.02488	0.01515	0.12708	0.36440	0.00697	0.09018	0.00733	0.00386	0.00693
14	0.01264	0.01299	0.06982	0.01497	0.01656	0.01425	0.06148	0.01479	0.01105	0.01642	0.01344	0.02130	0.01282	0.09319	0.21034	0.04874	0.32064	0.00668	0.02116	0.00672
15	0.02106	0.44538	0.02808	0.01403	0.01877	0.33820	0.01213	0.02303	0.01599	0.01607	0.00979	0.01135	0.00862	0.00626	0.00507	0.00156	0.00934	0.00391	0.00313	0.00825
16	0.01526	0.01445	0.02458	0.24775	0.44510	0.01534	0.04982	0.01985	0.03398	0.02077	0.01321	0.01760	0.01063	0.00633	0.00665	0.00207	0.00816	0.00612	0.03288	0.00946
17	0.01468	0.17025	0.39352	0.01590	0.02318	0.01627	0.04866	0.02097	0.05269	0.05002	0.09176	0.02018	0.03870	0.00759	0.00630	0.00201	0.00808	0.00612	0.00391	0.00920
18	0.01292	0.00968	0.01383	0.29018	0.02480	0.01046	0.01141	0.01718	0.06023	0.09270	0.18534	0.06738	0.15488	0.01113	0.00730	0.00222	0.00584	0.00962	0.00551	0.00739
19	0.00976	0.00651	0.00732	0.00732	0.00732	0.00651	0.00407	0.00976	0.00976	0.01301	0.02114	0.04391	0.02439	0.76419	0.03415	0.00651	0.00651	0.00976	0.00407	0.00407
20	0.01975	0.01695	0.12325	0.01746	0.12272	0.04597	0.01355	0.11945	0.07661	0.20209	0.09757	0.02543	0.07150	0.00887	0.00686	0.00208	0.00672	0.00736	0.00593	0.00987
21	0.01757	0.01473	0.02263	0.23295	0.33008	0.03951	0.03608	0.06833	0.01648	0.10184	0.01646	0.01950	0.03988	0.00707	0.00675	0.00208	0.00799	0.00640	0.00416	0.00953
22	0.01004	0.00742	0.00992	0.00970	0.01027	0.00842	0.00688	0.01127	0.01028	0.01445	0.01875	0.03350	0.01966	0.37274	0.36485	0.00826	0.06636	0.00826	0.00376	0.00521
23	0.00840	0.00681	0.00749	0.00751	0.00952	0.00589	0.00567	0.01045	0.01597	0.02003	0.20249	0.09265	0.51984	0.01655	0.00802	0.00229	0.00350	0.04462	0.00647	0.00582
24	0.01952	0.02081	0.05095	0.08678	0.19045	0.21173	0.08972	0.08472	0.05773	0.04784	0.01344	0.01610	0.01055	0.00715	0.00776	0.00207	0.06366	0.00582	0.00398	0.00924
25	0.01561	0.01215	0.01422	0.01070	0.01621	0.01002	0.00861	0.04399	0.07261	0.07490	0.01549	0.01837	0.01265	0.00628	0.00551	0.00131	0.00519	0.03504	0.00473	0.61640
26	0.03023	0.33247	0.19649	0.04945	0.02312	0.02008	0.09064	0.03892	0.04278	0.01984	0.03353	0.01492	0.01106	0.00657	0.00625	0.00185	0.03488	0.00509	0.00340	0.03843
27	0.01270	0.00881	0.01039	0.00949	0.01208	0.00848	0.00725	0.01824	0.14439	0.09847	0.30857	0.08539	0.19835	0.01320	0.00754	0.00217	0.00398	0.01134	0.00694	0.03219
28	0.00832	0.00604	0.00775	0.00904	0.00966	0.00560	0.00613	0.00954	0.01304	0.01711	0.03959	0.62017	0.11966	0.06083	0.00990	0.00289	0.00405	0.03913	0.00611	0.00542
29	0.01176	0.01011	0.01249	0.01196	0.01341	0.06717	0.00937	0.03855	0.01215	0.01666	0.01664	0.02401	0.01536	0.04254	0.60101	0.00918	0.07073	0.00682	0.00365	0.00643
30	0.02046	0.01613	0.02365	0.02465	0.24109	0.03622	0.11528	0.20258	0.03960	0.12340	0.01782	0.02254	0.01412	0.00795	0.00707	0.00214	0.00789	0.06191	0.00525	0.01026
31	0.00844	0.00626	0.00776	0.00854	0.00952	0.00571	0.00590	0.01002	0.01430	0.01888	0.16435	0.44997	0.18949	0.05652	0.00961	0.00271	0.00379	0.01633	0.00633	0.00558
32	0.00858	0.00633	0.00804	0.00878	0.00984	0.00580	0.00622	0.01043	0.01499	0.02002	0.22588	0.43268	0.15980	0.01831	0.00831	0.00250	0.00369	0.03752	0.00654	0.00575
33	0.05027	0.13536	0.11053	0.05675	0.02417	0.13930	0.12604	0.13590	0.01861	0.11961	0.01414	0.01553	0.01039	0.00681	0.00630	0.00195	0.00887	0.00556	0.00448	0.00944
34	0.12977	0.01618	0.03805	0.05238	0.05859	0.04965	0.01251	0.23910	0.08505	0.05025	0.01648	0.07991	0.01392	0.00928	0.00874	0.00225	0.11666	0.00685	0.00518	0.00920
35	0.01666	0.07049	0.13410	0.01869	0.07033	0.07783	0.15472	0.06901	0.04734	0.06064	0.08192	0.04763	0.03754	0.02092	0.00785	0.00215	0.03484	0.00729	0.00449	0.03555

[dist]
# distance from previous block
# <min> <max>
0	7

[block]
# block no. 5 follows, 32 sequences, length 32
# corresponding to MSA columns:
# 210-241
name=unknown_F
#
# <colnr> <probs for GDERKNQSTAVLIFYWHMCP>
#	G	D	E	R	K	N	Q	S	T	A	V	L	I	F	Y	W	H	M	C	P
0	0.02280	0.04773	0.01975	0.05583	0.02145	0.17657	0.01272	0.38278	0.07263	0.03127	0.01468	0.01558	0.01103	0.00766	0.00689	0.00193	0.03248	0.00556	0.00538	0.05528
1	0.12276	0.06149	0.09575	0.01733	0.05485	0.04160	0.14699	0.08332	0.04405	0.02397	0.01526	0.04007	0.01305	0.00793	0.00735	0.00209	0.05446	0.05018	0.04076	0.07672
2	0.01175	0.00914	0.05616	0.00905	0.01180	0.00700	0.00748	0.01416	0.01605	0.11995	0.17203	0.16636	0.34342	0.01513	0.00776	0.00228	0.00419	0.01294	0.00651	0.00684
3	0.03589	0.01023	0.05804	0.00965	0.01264	0.00859	0.00810	0.01590	0.11274	0.04261	0.12515	0.10175	0.33799	0.01424	0.00756	0.00228	0.00447	0.05554	0.00615	0.03047
4	0.01529	0.01438	0.02371	0.13023	0.52218	0.01484	0.01842	0.01993	0.05208	0.02124	0.01683	0.05036	0.03744	0.00757	0.00686	0.00211	0.00759	0.02547	0.00376	0.00970
5	0.00922	0.00636	0.00759	0.00803	0.00830	0.00626	0.00493	0.00974	0.01094	0.01454	0.02768	0.24713	0.06222	0.48476	0.05884	0.00544	0.00616	0.01249	0.00476	0.00462
6	0.00814	0.00598	0.00764	0.00897	0.00963	0.00548	0.00606	0.00939	0.01321	0.01728	0.04155	0.65739	0.14385	0.02043	0.00847	0.00266	0.00382	0.01835	0.00623	0.00548
7	0.02554	0.01319	0.01589	0.01254	0.01725	0.01313	0.01023	0.21374	0.08848	0.39685	0.05121	0.02245	0.01747	0.00850	0.00665	0.00204	0.00585	0.00682	0.06138	0.01079
8	0.01128	0.00701	0.00892	0.00895	0.01061	0.00641	0.00665	0.01356	0.01606	0.09446	0.26182	0.27201	0.13386	0.01576	0.00786	0.00234	0.00386	0.05147	0.06065	0.00648
9	0.01629	0.01584	0.02768	0.08676	0.62714	0.01595	0.07042	0.02043	0.01520	0.02158	0.01265	0.01680	0.01048	0.00600	0.00674	0.00203	0.00828	0.00612	0.00330	0.01030
10	0.00871	0.00672	0.00795	0.00787	0.00960	0.00596	0.00581	0.01105	0.01680	0.02222	0.37646	0.13439	0.33054	0.01587	0.00799	0.00224	0.00334	0.01373	0.00678	0.00596
11	0.00815	0.00593	0.00769	0.00910	0.00967	0.00547	0.00612	0.00937	0.01308	0.01722	0.03990	0.69427	0.10803	0.02064	0.00850	0.00268	0.00385	0.01861	0.00623	0.00547
12	0.16488	0.01793	0.01683	0.01357	0.01821	0.10863	0.01101	0.38722	0.02409	0.09865	0.01551	0.01588	0.01118	0.00759	0.00604	0.00196	0.00716	0.00547	0.05830	0.00987
13	0.01034	0.00760	0.00922	0.00959	0.01136	0.00728	0.00736	0.02613	0.06104	0.04223	0.10672	0.24824	0.24480	0.01808	0.02916	0.00277	0.00473	0.14061	0.00636	0.00639
14	0.00964	0.00735	0.01026	0.01035	0.01138	0.00829	0.00784	0.01163	0.01160	0.01637	0.02542	0.16481	0.08210	0.06375	0.43983	0.00754	0.06285	0.00995	0.03314	0.00589
15	0.00833	0.00605	0.00791	0.00933	0.00996	0.00562	0.00644	0.00968	0.01323	0.01741	0.03957	0.65331	0.10245	0.02050	0.00856	0.00271	0.00400	0.06320	0.00623	0.00552
16	0.01821	0.30702	0.22899	0.04257	0.02337	0.20625	0.04704	0.02211	0.01527	0.01782	0.01066	0.01267	0.00867	0.00626	0.00560	0.00177	0.00948	0.00445	0.00304	0.00875
17	0.01405	0.00901	0.01185	0.01223	0.01445	0.00904	0.01029	0.05447	0.06223	0.10725	0.03299	0.13730	0.03390	0.01637	0.00859	0.00281	0.00588	0.44346	0.00651	0.00731
18	0.34236	0.01530	0.01410	0.01176	0.01626	0.09439	0.00951	0.09621	0.06411	0.24952	0.01678	0.01630	0.01169	0.00734	0.00563	0.00204	0.00636	0.00521	0.00583	0.00929
19	0.01346	0.03471	0.72942	0.01912	0.02904	0.01558	0.02479	0.02125	0.01417	0.02125	0.01204	0.01417	0.00850	0.00637	0.00637	0.00212	0.00992	0.00496	0.00283	0.00992
20	0.01896	0.01669	0.02526	0.08708	0.20981	0.07786	0.16747	0.09128	0.01716	0.11007	0.01465	0.01771	0.01120	0.00903	0.04216	0.00254	0.06090	0.00642	0.00427	0.00949
21	0.06268	0.01371	0.01637	0.01298	0.01764	0.03929	0.01064	0.12435	0.07144	0.47496	0.02256	0.02059	0.01494	0.00841	0.00761	0.00213	0.05524	0.00642	0.00725	0.01077
22	0.01156	0.01098	0.05376	0.01207	0.01461	0.01051	0.05544	0.01746	0.15901	0.01989	0.03088	0.16620	0.13691	0.06192	0.13685	0.00407	0.04251	0.01056	0.03760	0.00721
23	0.01256	0.03566	0.10374	0.01292	0.03327	0.09744	0.03546	0.01678	0.07200	0.01965	0.07949	0.14301	0.20905	0.01521	0.05083	0.00275	0.00699	0.04076	0.00516	0.00725
24	0.07371	0.28425	0.14889	0.01549	0.07581	0.07048	0.01377	0.04606	0.01537	0.10798	0.01493	0.07850	0.01286	0.00772	0.00574	0.00188	0.00748	0.00590	0.00414	0.00903
25	0.01199	0.00800	0.01052	0.01119	0.01289	0.00793	0.00894	0.01596	0.08093	0.07672	0.09363	0.27234	0.03904	0.01717	0.00851	0.00274	0.00510	0.30306	0.00653	0.00681
26	0.01086	0.00915	0.01304	0.01164	0.01403	0.00889	0.09297	0.03313	0.08623	0.02141	0.16507	0.19850	0.19558	0.04325	0.03822	0.00286	0.00555	0.03685	0.00598	0.00680
27	0.01773	0.20390	0.10333	0.04724	0.22018	0.09377	0.06559	0.04145	0.01522	0.03888	0.01167	0.01456	0.00962	0.00676	0.00761	0.00197	0.08264	0.00526	0.00337	0.00926
28	0.05336	0.01498	0.01890	0.04398	0.23430	0.08684	0.04512	0.06745	0.10087	0.05520	0.07230	0.07093	0.04396	0.00879	0.00672	0.00207	0.00691	0.00766	0.05064	0.00901
29	0.01252	0.01155	0.01626	0.01511	0.03816	0.03574	0.03910	0.01449	0.01121	0.01617	0.01482	0.05546	0.01467	0.07734	0.29556	0.00609	0.30830	0.00729	0.00346	0.00670
30	0.06464	0.00804	0.00845	0.00827	0.01044	0.00776	0.00610	0.01446	0.09019	0.04709	0.06505	0.14277	0.35914	0.07652	0.00955	0.00261	0.00411	0.01219	0.05619	0.00643
31	0.11603	0.05053	0.05122	0.01736	0.12751	0.07866	0.04405	0.08908	0.06960	0.06492	0.01463	0.01619	0.01131	0.00659	0.00579	0.00178	0.00690	0.00528	0.05844	0.16412

[dist]
# distance from previous block
# <min> <max>
1	4

[block]
# block no. 6 follows, 32 sequences, length 41
# corresponding to MSA columns:
# 246-286
name=unknown_G
#
# <colnr> <probs for GDERKNQSTAVLIFYWHMCP>
#	G	D	E	R	K	N	Q	S	T	A	V	L	I	F	Y	W	H	M	C	P
0	0.08204	0.13714	0.10575	0.03047	0.02007	0.05095	0.06627	0.11619	0.08403	0.05635	0.01552	0.04120	0.01252	0.00939	0.03755	0.00234	0.03928	0.00596	0.04035	0.04660
1	0.03719	0.22963	0.29514	0.01641	0.05989	0.08954	0.01666	0.04894	0.01551	0.02047	0.04206	0.01901	0.04453	0.00750	0.00598	0.00192	0.00835	0.02877	0.00358	0.00891
2	0.10315	0.01654	0.04825	0.01439	0.05286	0.10874	0.01127	0.10054	0.07098	0.12175	0.01616	0.04188	0.01281	0.00965	0.04138	0.00230	0.04606	0.00580	0.00498	0.17053
3	0.00902	0.00706	0.00819	0.00864	0.01018	0.00660	0.00626	0.01197	0.06626	0.01932	0.11719	0.30513	0.30786	0.04300	0.00902	0.00259	0.00392	0.04544	0.00632	0.00599
4	0.00946	0.00735	0.00872	0.04265	0.01166	0.02435	0.00668	0.01118	0.01373	0.01830	0.06998	0.41457	0.16461	0.04931	0.02440	0.00274	0.00461	0.01467	0.05935	0.04168
5	0.53289	0.05454	0.01322	0.01020	0.01458	0.01546	0.00845	0.10226	0.02891	0.11969	0.01308	0.01438	0.00984	0.03093	0.00581	0.00218	0.00567	0.00459	0.00497	0.00833
6	0.01362	0.09181	0.04927	0.02517	0.01553	0.01205	0.02689	0.07508	0.05780	0.02315	0.16912	0.04807	0.05823	0.03055	0.04101	0.02575	0.02231	0.02909	0.03880	0.14671
7	0.01035	0.03323	0.01094	0.01004	0.01119	0.00883	0.00748	0.03165	0.01127	0.01575	0.01885	0.04625	0.01888	0.22730	0.49744	0.00895	0.01409	0.00795	0.00384	0.00574
8	0.05225	0.18026	0.46232	0.01757	0.04523	0.09315	0.01996	0.02151	0.01447	0.02007	0.01122	0.01319	0.00854	0.00629	0.00583	0.00194	0.00932	0.00459	0.00298	0.00933
9	0.33440	0.03611	0.01429	0.03214	0.05811	0.06531	0.00990	0.11833	0.05272	0.02694	0.01581	0.11127	0.01438	0.00991	0.02425	0.00234	0.02891	0.00669	0.03016	0.00803
10	0.01919	0.40484	0.06053	0.03972	0.07117	0.06462	0.01270	0.09501	0.01652	0.08202	0.01367	0.04741	0.01161	0.00711	0.00544	0.00173	0.00736	0.00527	0.02499	0.00908
11	0.02046	0.09460	0.05768	0.01504	0.04116	0.12040	0.01227	0.31972	0.06384	0.02911	0.01873	0.07622	0.04378	0.02313	0.00702	0.00205	0.00753	0.00695	0.00536	0.03494
12	0.16264	0.11910	0.12255	0.01867	0.11391	0.23643	0.02909	0.04366	0.01558	0.02115	0.01075	0.01302	0.00877	0.00673	0.00661	0.00194	0.05271	0.00464	0.00347	0.00859
13	0.01058	0.00742	0.00937	0.00865	0.01054	0.00689	0.00656	0.03705	0.01910	0.04940	0.61208	0.04937	0.12013	0.01364	0.00784	0.00212	0.00342	0.01193	0.00729	0.00661
14	0.02051	0.50223	0.02933	0.01358	0.01849	0.28332	0.01202	0.02251	0.01558	0.01602	0.00971	0.01125	0.00862	0.00616	0.00494	0.00154	0.00895	0.00385	0.00308	0.00831
15	0.00959	0.00719	0.01078	0.01078	0.01198	0.00839	0.00839	0.01198	0.01078	0.01558	0.01797	0.02636	0.01677	0.05032	0.73760	0.01078	0.01797	0.00719	0.00359	0.00599
16	0.04301	0.01662	0.02374	0.25869	0.19612	0.10028	0.10775	0.06720	0.01576	0.02085	0.01228	0.01658	0.00977	0.00787	0.02526	0.00235	0.05773	0.00599	0.00348	0.00868
17	0.00974	0.00659	0.00774	0.00774	0.00789	0.00673	0.00459	0.01003	0.00988	0.01332	0.02076	0.04178	0.02347	0.67742	0.11965	0.00703	0.00790	0.00945	0.00401	0.00430
18	0.00841	0.00597	0.00789	0.00933	0.00974	0.00563	0.00627	0.00958	0.01273	0.01696	0.03574	0.67582	0.04263	0.07613	0.01050	0.00302	0.00419	0.04800	0.00607	0.00538
19	0.01481	0.10822	0.60602	0.01807	0.02723	0.01709	0.02254	0.07156	0.01540	0.02226	0.01207	0.01396	0.00873	0.00644	0.00619	0.00205	0.00945	0.00490	0.00313	0.00989
20	0.00840	0.00609	0.00776	0.00884	0.00951	0.00564	0.00596	0.00973	0.01348	0.01788	0.10571	0.56415	0.11573	0.07510	0.01034	0.00290	0.00396	0.01719	0.00618	0.00546
21	0.02479	0.03140	0.01889	0.01717	0.02063	0.71354	0.01289	0.02709	0.04176	0.01681	0.01093	0.01253	0.00903	0.00699	0.00608	0.00175	0.01188	0.00443	0.00357	0.00787
22	0.01346	0.03471	0.72942	0.01912	0.02904	0.01558	0.02479	0.02125	0.01417	0.02125	0.01204	0.01417	0.00850	0.00637	0.00637	0.00212	0.00992	0.00496	0.00283	0.00992
23	0.02931	0.01270	0.01636	0.01255	0.01777	0.01176	0.01036	0.14843	0.02135	0.60822	0.02467	0.02167	0.01571	0.00826	0.00674	0.00207	0.00600	0.00663	0.00803	0.01142
24	0.01684	0.01710	0.02753	0.03548	0.51452	0.06961	0.11720	0.02075	0.01542	0.02113	0.01322	0.01846	0.01131	0.00670	0.00757	0.00209	0.04218	0.02958	0.00342	0.00989
25	0.01224	0.01116	0.01837	0.58393	0.06601	0.01341	0.01676	0.01631	0.01383	0.01786	0.03586	0.05986	0.03483	0.00881	0.00707	0.00232	0.00813	0.06232	0.00362	0.00730
26	0.00957	0.00677	0.00800	0.00841	0.00906	0.00665	0.00550	0.01131	0.04502	0.01667	0.07202	0.25596	0.08273	0.36602	0.02028	0.00439	0.00517	0.03866	0.02265	0.00516
27	0.02589	0.01634	0.01842	0.01429	0.01941	0.01736	0.01174	0.48395	0.04984	0.21920	0.01980	0.04057	0.01405	0.00854	0.00678	0.00206	0.00678	0.00667	0.00712	0.01121
28	0.02068	0.02696	0.12348	0.06296	0.10916	0.39989	0.06284	0.05581	0.01777	0.01964	0.01179	0.01425	0.00936	0.00670	0.00633	0.00189	0.01057	0.00509	0.02619	0.00863
29	0.00957	0.00673	0.00831	0.00831	0.00883	0.00700	0.00543	0.01041	0.01047	0.01415	0.02368	0.04023	0.07379	0.49645	0.24132	0.00746	0.00968	0.00932	0.00409	0.00476
30	0.02062	0.01593	0.01874	0.01515	0.01890	0.01823	0.03259	0.37755	0.11428	0.05630	0.01755	0.04248	0.01409	0.04444	0.03203	0.00270	0.13586	0.00691	0.00581	0.00986
31	0.01858	0.04855	0.06413	0.09757	0.23497	0.01698	0.06578	0.18642	0.09022	0.06014	0.03949	0.01863	0.01349	0.00724	0.00671	0.00206	0.00771	0.00638	0.00480	0.01015
32	0.00818	0.00584	0.00779	0.00934	0.00973	0.00545	0.00623	0.00934	0.01285	0.01713	0.03698	0.75981	0.04438	0.02102	0.00856	0.00273	0.00389	0.01908	0.00623	0.00545
33	0.01289	0.01080	0.01273	0.00973	0.01462	0.00833	0.00752	0.01548	0.01357	0.02077	0.01597	0.12297	0.01557	0.04209	0.00683	0.00150	0.00488	0.00642	0.00430	0.65303
34	0.07288	0.06405	0.19134	0.04122	0.12948	0.08839	0.07248	0.09794	0.03411	0.02396	0.05458	0.01774	0.01335	0.00830	0.02759	0.00226	0.00859	0.00588	0.03675	0.00912
35	0.01395	0.07419	0.07036	0.01186	0.03577	0.05753	0.00979	0.05238	0.05912	0.05426	0.34878	0.03530	0.08512	0.01078	0.00701	0.00198	0.00531	0.00908	0.00599	0.05145
36	0.05118	0.06296	0.09946	0.01307	0.01759	0.03615	0.01169	0.09626	0.08628	0.02300	0.01657	0.03983	0.03577	0.01269	0.08887	0.00286	0.08691	0.00600	0.00435	0.20849
37	0.04152	0.06231	0.45408	0.01785	0.05391	0.10691	0.01950	0.02118	0.03498	0.02064	0.01485	0.05408	0.02953	0.00747	0.00630	0.00204	0.00906	0.00583	0.00340	0.03458
38	0.08957	0.09321	0.16758	0.01498	0.09863	0.01375	0.01273	0.05920	0.05073	0.04699	0.03484	0.01904	0.01382	0.00719	0.00556	0.00186	0.00618	0.00566	0.24991	0.00857
39	0.01374	0.07013	0.03293	0.01178	0.04009	0.05215	0.00856	0.10668	0.01487	0.01975	0.03762	0.14486	0.02240	0.26820	0.07068	0.00424	0.02713	0.00929	0.03826	0.00664
40	0.01568	0.06973	0.09053	0.01497	0.01904	0.13622	0.09608	0.04339	0.12807	0.02228	0.15832	0.02764	0.07406	0.03346	0.00842	0.00223	0.03886	0.00786	0.00497	0.00820

[dist]
# distance from previous block
# <min> <max>
3	14

[block]
# block no. 7 follows, 32 sequences, length 30
# corresponding to MSA columns:
# 301-330
name=unknown_H
#
# <colnr> <probs for GDERKNQSTAVLIFYWHMCP>
#	G	D	E	R	K	N	Q	S	T	A	V	L	I	F	Y	W	H	M	C	P
0	0.07865	0.04182	0.07373	0.10800	0.11286	0.09614	0.06208	0.12186	0.01709	0.04307	0.03883	0.03997	0.01292	0.00800	0.00813	0.00213	0.08986	0.00625	0.02985	0.00876
1	0.01929	0.13515	0.04685	0.02348	0.20476	0.20008	0.08050	0.08027	0.01685	0.02071	0.01152	0.01436	0.00958	0.00691	0.00780	0.00195	0.08549	0.00531	0.00355	0.02561
2	0.01286	0.01012	0.01207	0.01129	0.01321	0.03363	0.00877	0.09710	0.06702	0.02150	0.05701	0.10557	0.06060	0.02768	0.30527	0.00571	0.05773	0.00873	0.07703	0.00709
