[name]
unknown

[dist]
# distance from previous block
# <min> <max>
0	70

[block]
# block no. 0 follows, 33 sequences, length 26
# corresponding to MSA columns:
# 80-105
name=unknown_A
#
# <colnr> <probs for GDERKNQSTAVLIFYWHMCP>
#	G	D	E	R	K	N	Q	S	T	A	V	L	I	F	Y	W	H	M	C	P
0	0.14552	0.07931	0.01919	0.01738	0.12046	0.15088	0.02988	0.09863	0.07013	0.08968	0.03183	0.01784	0.01280	0.00753	0.00664	0.00197	0.04024	0.02745	0.00465	0.02801
1	0.03483	0.07549	0.11895	0.03197	0.06002	0.16883	0.01295	0.11608	0.06123	0.04115	0.01831	0.04342	0.06870	0.00788	0.00611	0.00182	0.00767	0.00610	0.00441	0.11406
2	0.05924	0.04091	0.07725	0.01659	0.09097	0.06017	0.08206	0.08090	0.06967	0.11119	0.03452	0.06673	0.08192	0.00878	0.00657	0.00200	0.00685	0.01930	0.00504	0.07936
3	0.01656	0.01549	0.08459	0.11094	0.15864	0.01413	0.01411	0.17926	0.04902	0.04654	0.05015	0.07648	0.01579	0.00804	0.00648	0.00193	0.00681	0.00687	0.00476	0.13341
4	0.05974	0.03536	0.11607	0.04055	0.07661	0.01460	0.10439	0.09747	0.12747	0.11433	0.04855	0.01899	0.01442	0.00713	0.00639	0.00196	0.00709	0.00621	0.00499	0.09768
5	0.10362	0.11389	0.20070	0.01610	0.08990	0.01488	0.03211	0.05824	0.03697	0.05862	0.01412	0.05839	0.01174	0.00696	0.00574	0.00181	0.00698	0.00559	0.00400	0.15963
6	0.01874	0.02236	0.13578	0.01428	0.01934	0.26228	0.01268	0.06750	0.07775	0.06190	0.03768	0.01856	0.05300	0.00742	0.00609	0.00175	0.00817	0.00558	0.00442	0.16471
7	0.03747	0.01488	0.05199	0.04467	0.03636	0.10160	0.03339	0.04481	0.07296	0.15266	0.08296	0.06471	0.01878	0.01133	0.05722	0.00251	0.02942	0.00698	0.00519	0.13011
8	0.06341	0.32680	0.02411	0.03469	0.11639	0.01762	0.02915	0.03567	0.02961	0.06962	0.06046	0.08443	0.01632	0.00784	0.00562	0.00177	0.00636	0.00633	0.00417	0.05960
9	0.07402	0.05760	0.04654	0.06470	0.06510	0.03713	0.01087	0.09373	0.06176	0.02380	0.05153	0.05440	0.01466	0.00716	0.00574	0.00163	0.00605	0.00579	0.00444	0.31335
10	0.18438	0.01651	0.05668	0.01610	0.04270	0.06867	0.12929	0.15485	0.05922	0.02693	0.08585	0.05631	0.01691	0.00835	0.00722	0.00212	0.04765	0.00689	0.00481	0.00853
11	0.05712	0.04245	0.01348	0.01101	0.01405	0.04668	0.03718	0.05636	0.01632	0.12815	0.16616	0.24098	0.03109	0.01210	0.00696	0.00207	0.00517	0.01052	0.00593	0.09621
12	0.01313	0.01466	0.09563	0.01694	0.06027	0.04214	0.19302	0.05155	0.01715	0.02341	0.28828	0.03254	0.07023	0.04144	0.00848	0.00227	0.00691	0.00911	0.00512	0.00771
13	0.01583	0.01456	0.01473	0.01462	0.06917	0.09354	0.01041	0.06241	0.38669	0.02481	0.07604	0.07842	0.08997	0.01027	0.00689	0.00216	0.00582	0.00860	0.00601	0.00905
14	0.06009	0.54231	0.04747	0.04985	0.01890	0.12152	0.01190	0.02111	0.04354	0.01703	0.01023	0.01178	0.00889	0.00602	0.00473	0.00157	0.00767	0.00394	0.00313	0.00833
15	0.01520	0.01405	0.02210	0.20766	0.38803	0.01443	0.01699	0.04212	0.04421	0.02127	0.01282	0.01649	0.01034	0.00607	0.00627	0.00186	0.00743	0.00560	0.00354	0.14353
16	0.01921	0.09318	0.10494	0.01730	0.07915	0.07695	0.04870	0.13474	0.22992	0.08649	0.01786	0.01807	0.01332	0.00751	0.00666	0.00202	0.02282	0.00603	0.00516	0.00996
17	0.01771	0.05470	0.02477	0.02974	0.42392	0.05852	0.06680	0.05246	0.08234	0.05845	0.01432	0.01677	0.01139	0.00632	0.00639	0.00191	0.00770	0.00587	0.00401	0.05592
18	0.00913	0.00672	0.00854	0.00808	0.00972	0.00613	0.00606	0.01206	0.01819	0.02534	0.64335	0.05092	0.14353	0.01385	0.00777	0.00209	0.00313	0.01215	0.00711	0.00613
19	0.02129	0.38306	0.02625	0.01415	0.01871	0.35928	0.01202	0.06308	0.01687	0.01731	0.01002	0.01148	0.00862	0.00630	0.00516	0.00158	0.00930	0.00400	0.00331	0.00823
20	0.00951	0.00664	0.00847	0.00847	0.00892	0.00708	0.00560	0.01040	0.00996	0.01372	0.01956	0.03655	0.02110	0.49586	0.30241	0.00797	0.01065	0.00862	0.00381	0.00471
21	0.02063	0.01138	0.01382	0.01164	0.01551	0.01143	0.00925	0.02917	0.27402	0.33142	0.16738	0.02861	0.02695	0.00951	0.00688	0.00212	0.00495	0.00799	0.00744	0.00991
22	0.01424	0.01288	0.01560	0.01237	0.04770	0.03439	0.03160	0.01716	0.01373	0.02094	0.01155	0.01389	0.00968	0.00539	0.00606	0.00119	0.04961	0.00423	0.00378	0.67401
23	0.01596	0.16897	0.09951	0.02430	0.27512	0.01748	0.06938	0.05488	0.05134	0.02095	0.01368	0.05455	0.01193	0.00716	0.00705	0.00194	0.05161	0.00611	0.00363	0.04445
24	0.22965	0.18701	0.08630	0.01429	0.06763	0.05258	0.01197	0.15137	0.03406	0.04422	0.01339	0.05627	0.01126	0.00733	0.00543	0.00191	0.00683	0.00537	0.00435	0.00879
25	0.08145	0.11350	0.08448	0.01672	0.10267	0.14246	0.03555	0.06508	0.05021	0.09899	0.03349	0.01786	0.04308	0.00713	0.00591	0.00182	0.00751	0.00556	0.00444	0.08209

[dist]
# distance from previous block
# <min> <max>
0	3

[block]
# block no. 1 follows, 33 sequences, length 49
# corresponding to MSA columns:
# 109-157
name=unknown_B
#
# <colnr> <probs for GDERKNQSTAVLIFYWHMCP>
#	G	D	E	R	K	N	Q	S	T	A	V	L	I	F	Y	W	H	M	C	P
0	0.01531	0.01275	0.04019	0.01228	0.04155	0.01140	0.00961	0.04326	0.21059	0.07531	0.12537	0.02288	0.02107	0.00772	0.00611	0.00167	0.00511	0.00646	0.00551	0.32586
1	0.16157	0.14029	0.01976	0.01514	0.07616	0.08847	0.01150	0.19760	0.13816	0.06768	0.01517	0.01557	0.01151	0.00713	0.00571	0.00191	0.00689	0.00525	0.00505	0.00949
2	0.01984	0.04662	0.09736	0.04541	0.11963	0.06669	0.01457	0.29056	0.17838	0.02982	0.01660	0.01724	0.01241	0.00747	0.00644	0.00201	0.00750	0.00594	0.00525	0.01028
3	0.00948	0.00649	0.00786	0.00792	0.00816	0.00671	0.00490	0.00999	0.00988	0.01340	0.02070	0.06575	0.02318	0.60082	0.17141	0.00707	0.00849	0.00941	0.00398	0.00441
4	0.01572	0.01611	0.03063	0.09125	0.42004	0.01593	0.27089	0.02026	0.01505	0.02099	0.01267	0.01693	0.01014	0.00581	0.00698	0.00207	0.00910	0.00656	0.00326	0.00962
5	0.00947	0.00681	0.00936	0.00936	0.01011	0.00757	0.00671	0.01097	0.01022	0.01438	0.01875	0.03204	0.01914	0.30750	0.48810	0.00907	0.01360	0.00796	0.00369	0.00520
6	0.00944	0.00692	0.00991	0.00991	0.01086	0.00787	0.00740	0.01133	0.01038	0.01479	0.01824	0.02924	0.01793	0.19052	0.60341	0.00976	0.01543	0.00755	0.00362	0.00551
7	0.01365	0.01170	0.01365	0.00975	0.01560	0.00878	0.00780	0.01658	0.01365	0.02145	0.01170	0.01365	0.00975	0.00488	0.00488	0.00098	0.00488	0.00390	0.00390	0.80888
8	0.01720	0.70545	0.09814	0.01195	0.01795	0.02507	0.01245	0.01982	0.01342	0.01598	0.00939	0.01086	0.00844	0.00569	0.00441	0.00147	0.00728	0.00364	0.00281	0.00856
9	0.02067	0.31933	0.02540	0.01669	0.08360	0.35780	0.01272	0.02360	0.05217	0.01695	0.01083	0.01242	0.00924	0.00636	0.00536	0.00163	0.00927	0.00427	0.00332	0.00835
10	0.01365	0.01170	0.01365	0.00975	0.01560	0.00878	0.00780	0.01658	0.01365	0.02145	0.01170	0.01365	0.00975	0.00488	0.00488	0.00098	0.00488	0.00390	0.00390	0.80888
11	0.01351	0.06884	0.59400	0.01733	0.02586	0.01546	0.02141	0.02164	0.07839	0.02148	0.05089	0.01658	0.01228	0.00685	0.00627	0.00206	0.00883	0.00541	0.00338	0.00954
12	0.02398	0.02028	0.04077	0.01601	0.02117	0.11902	0.04945	0.51503	0.04968	0.05584	0.01543	0.01579	0.01111	0.00762	0.00655	0.00196	0.00804	0.00583	0.00591	0.01052
13	0.22568	0.01331	0.01350	0.01125	0.01566	0.01411	0.00901	0.11004	0.24006	0.06520	0.01997	0.01966	0.04975	0.00765	0.00571	0.00190	0.00529	0.00586	0.00551	0.16087
14	0.00955	0.00683	0.00886	0.00955	0.01051	0.00676	0.00699	0.01198	0.04958	0.01850	0.13342	0.31176	0.05451	0.11383	0.05089	0.04076	0.00533	0.13903	0.00575	0.00562
15	0.02339	0.02521	0.01809	0.01598	0.01931	0.49040	0.01231	0.04720	0.08199	0.10428	0.01361	0.01469	0.01059	0.00767	0.00774	0.00192	0.08790	0.00503	0.00431	0.00838
16	0.01434	0.01365	0.02319	0.40137	0.38190	0.01513	0.01923	0.01849	0.01406	0.01913	0.01204	0.01693	0.00959	0.00623	0.00655	0.00208	0.00830	0.00586	0.00309	0.00885
17	0.00975	0.04703	0.01076	0.00967	0.01073	0.00846	0.00718	0.01142	0.01067	0.01483	0.01963	0.09632	0.02029	0.21673	0.46716	0.00837	0.01313	0.00853	0.00384	0.00551
18	0.01482	0.01452	0.02131	0.33713	0.22454	0.08085	0.05305	0.03864	0.01498	0.01925	0.01491	0.04774	0.01319	0.00793	0.00686	0.00217	0.00846	0.06785	0.00358	0.00821
19	0.00957	0.00638	0.00718	0.00718	0.00718	0.00638	0.00399	0.00957	0.00957	0.01276	0.02074	0.04308	0.02393	0.76864	0.03351	0.00638	0.00638	0.00957	0.00399	0.00399
20	0.02209	0.01168	0.01677	0.05204	0.01907	0.01109	0.07774	0.08143	0.04260	0.39206	0.04778	0.02914	0.08098	0.01058	0.02830	0.00239	0.00653	0.05139	0.00675	0.00960
21	0.01730	0.10260	0.01519	0.01134	0.01475	0.01213	0.00937	0.07946	0.11524	0.18853	0.06514	0.11739	0.08885	0.01204	0.00711	0.00224	0.00540	0.12108	0.00636	0.00848
22	0.01629	0.01564	0.02672	0.04041	0.72757	0.01564	0.02020	0.02020	0.01499	0.02151	0.01238	0.01629	0.01043	0.00587	0.00652	0.00196	0.00782	0.00587	0.00326	0.01043
23	0.39174	0.19902	0.12721	0.01208	0.01761	0.01722	0.04757	0.02086	0.01302	0.08535	0.01124	0.01253	0.00858	0.00616	0.00485	0.00190	0.00662	0.00424	0.00389	0.00829
24	0.02098	0.21256	0.02064	0.01185	0.01705	0.01586	0.01020	0.11121	0.06263	0.23011	0.01662	0.01640	0.01214	0.00685	0.00599	0.00166	0.02579	0.00513	0.00535	0.19099
25	0.02457	0.01821	0.01950	0.01506	0.02024	0.02020	0.01240	0.67036	0.06696	0.04076	0.01638	0.01627	0.01166	0.00796	0.00659	0.00199	0.00714	0.00601	0.00659	0.01115
26	0.01493	0.01967	0.16191	0.07146	0.16902	0.01582	0.38452	0.02040	0.01498	0.02083	0.01339	0.01839	0.01051	0.00617	0.00721	0.00217	0.00992	0.02628	0.00327	0.00916
27	0.00945	0.00688	0.00969	0.00969	0.01055	0.00774	0.00712	0.01118	0.01032	0.01462	0.01845	0.03038	0.01842	0.23813	0.55648	0.00948	0.01468	0.00771	0.00365	0.00538
28	0.00943	0.00693	0.00997	0.00997	0.01094	0.00790	0.00747	0.01137	0.01040	0.01483	0.01819	0.02893	0.01779	0.17765	0.61610	0.00983	0.01563	0.00750	0.00361	0.00554
29	0.01760	0.77260	0.03450	0.01126	0.01690	0.02605	0.01126	0.01971	0.01338	0.01549	0.00915	0.01056	0.00845	0.00563	0.00422	0.00141	0.00704	0.00352	0.00282	0.00845
30	0.01365	0.01170	0.01365	0.00975	0.01560	0.00878	0.00780	0.01658	0.01365	0.02145	0.01170	0.01365	0.00975	0.00488	0.00488	0.00098	0.00488	0.00390	0.00390	0.80888
31	0.01227	0.00614	0.00614	0.00614	0.00767	0.00614	0.00460	0.01534	0.01381	0.02454	0.02148	0.02454	0.01687	0.00767	0.00460	0.00153	0.00307	0.00614	0.80518	0.00614
32	0.01507	0.04789	0.16706	0.02451	0.03110	0.01706	0.48839	0.02051	0.01465	0.02036	0.01246	0.01647	0.00950	0.00623	0.00862	0.00223	0.07897	0.00689	0.00317	0.00887
33	0.01329	0.03349	0.71036	0.01908	0.02870	0.01534	0.04792	0.02086	0.01396	0.02086	0.01187	0.01403	0.00840	0.00623	0.00631	0.00209	0.00978	0.00497	0.00280	0.00970
34	0.02435	0.01779	0.01903	0.01467	0.01974	0.01966	0.01209	0.66895	0.03004	0.04059	0.01611	0.01627	0.01150	0.00789	0.00648	0.00195	0.00702	0.00594	0.04901	0.01093
35	0.02718	0.01499	0.01762	0.01351	0.01870	0.01530	0.01116	0.38462	0.02518	0.37064	0.02065	0.01895	0.01363	0.00802	0.00660	0.00200	0.00646	0.00626	0.00733	0.01120
36	0.01630	0.01841	0.06773	0.07102	0.34599	0.07294	0.26856	0.02086	0.01532	0.02064	0.01248	0.01642	0.00992	0.00588	0.00692	0.00205	0.00948	0.00638	0.00325	0.00944
37	0.01006	0.00719	0.00998	0.01150	0.01278	0.00711	0.00966	0.01270	0.01462	0.01909	0.03516	0.21963	0.03908	0.01870	0.00895	0.00296	0.00559	0.54327	0.00607	0.00591
38	0.02503	0.01844	0.01976	0.01515	0.02042	0.02042	0.01251	0.70562	0.03095	0.04149	0.01581	0.01581	0.01120	0.00790	0.00659	0.00198	0.00724	0.00593	0.00659	0.01120
39	0.00985	0.00706	0.00882	0.04808	0.01110	0.00716	0.00648	0.01160	0.03332	0.01638	0.09018	0.12550	0.05161	0.41143	0.02148	0.00457	0.00575	0.11958	0.00494	0.00509
40	0.01736	0.01853	0.02456	0.15161	0.34710	0.17212	0.09419	0.02181	0.05164	0.01983	0.01264	0.01614	0.01018	0.00631	0.00655	0.00198	0.00909	0.00581	0.00342	0.00913
41	0.01227	0.00614	0.00614	0.00614	0.00767	0.00614	0.00460	0.01534	0.01381	0.02454	0.02148	0.02454	0.01687	0.00767	0.00460	0.00153	0.00307	0.00614	0.80518	0.00614
42	0.00826	0.00590	0.00791	0.00944	0.00992	0.00555	0.00652	0.00958	0.01284	0.01707	0.03615	0.70115	0.04302	0.02040	0.00847	0.00271	0.00402	0.07957	0.00611	0.00541
43	0.01457	0.21357	0.49674	0.01643	0.02460	0.01803	0.01984	0.02186	0.07804	0.02015	0.01253	0.01406	0.00944	0.00635	0.00580	0.00193	0.00866	0.00477	0.00315	0.00948
44	0.01230	0.08140	0.05129	0.38767	0.03104	0.01365	0.04991	0.01669	0.05085	0.01778	0.01850	0.18004	0.01794	0.01000	0.00690	0.00225	0.00742	0.03313	0.00393	0.00730
45	0.02366	0.02982	0.01879	0.01699	0.02007	0.67609	0.01287	0.02533	0.01787	0.01609	0.01004	0.01210	0.00849	0.00722	0.00737	0.00180	0.08007	0.00438	0.00335	0.00759
46	0.02061	0.28321	0.02341	0.01391	0.01848	0.37161	0.01150	0.03965	0.01642	0.01731	0.01019	0.01178	0.00872	0.00614	0.00521	0.00150	0.00908	0.00399	0.00335	0.12395
47	0.01017	0.07711	0.01249	0.01036	0.01185	0.00971	0.00816	0.01231	0.01075	0.01510	0.01711	0.02587	0.01634	0.10415	0.61699	0.00940	0.01574	0.00694	0.00350	0.00596
48	0.01757	0.70505	0.07496	0.01189	0.01769	0.04891	0.01208	0.01999	0.01358	0.01582	0.00934	0.01080	0.00844	0.00571	0.00440	0.00146	0.00736	0.00362	0.00283	0.00850

[dist]
# distance from previous block
# <min> <max>
0	1

[block]
# block no. 2 follows, 33 sequences, length 26
# corresponding to MSA columns:
# 161-186
name=unknown_C
#
# <colnr> <probs for GDERKNQSTAVLIFYWHMCP>
#	G	D	E	R	K	N	Q	S	T	A	V	L	I	F	Y	W	H	M	C	P
0	0.01384	0.01313	0.02228	0.49390	0.29329	0.01500	0.01898	0.01805	0.01383	0.01852	0.01195	0.01709	0.00938	0.00632	0.00656	0.00211	0.00843	0.00586	0.00305	0.00845
1	0.02029	0.26730	0.02503	0.01513	0.04573	0.02080	0.05315	0.27048	0.14447	0.05163	0.01561	0.01597	0.01193	0.00712	0.00589	0.00185	0.00701	0.00553	0.00509	0.00998
2	0.01145	0.00979	0.01602	0.01888	0.18343	0.00949	0.07877	0.01437	0.01490	0.02040	0.13288	0.26281	0.03406	0.01405	0.00794	0.00244	0.00584	0.14999	0.00532	0.00718
3	0.01227	0.00614	0.00614	0.00614	0.00767	0.00614	0.00460	0.01534	0.01381	0.02454	0.02148	0.02454	0.01687	0.00767	0.00460	0.00153	0.00307	0.00614	0.80518	0.00614
4	0.01697	0.01437	0.02568	0.15753	0.21245	0.01500	0.19935	0.02088	0.01473	0.12803	0.01439	0.01801	0.01095	0.00846	0.03584	0.00250	0.08533	0.00652	0.00393	0.00907
5	0.01591	0.15044	0.53385	0.01669	0.02520	0.01634	0.02043	0.02204	0.01442	0.10673	0.01311	0.01440	0.00933	0.00639	0.00597	0.00197	0.00879	0.00486	0.00344	0.00970
6	0.00943	0.00695	0.01006	0.01006	0.01106	0.00795	0.00758	0.01142	0.01043	0.01490	0.01811	0.02849	0.01760	0.15898	0.63450	0.00994	0.01592	0.00744	0.00360	0.00559
7	0.00957	0.00638	0.00718	0.00718	0.00718	0.00638	0.00399	0.00957	0.00957	0.01276	0.02074	0.04308	0.02393	0.76864	0.03351	0.00638	0.00638	0.00957	0.00399	0.00399
8	0.01942	0.65657	0.03157	0.01133	0.01688	0.02355	0.01102	0.02160	0.01421	0.12469	0.01172	0.01237	0.00964	0.00602	0.00459	0.00150	0.00682	0.00399	0.00363	0.00887
9	0.02954	0.01120	0.01528	0.01171	0.01681	0.00968	0.00968	0.03208	0.01884	0.73213	0.02597	0.02241	0.01630	0.00815	0.00662	0.00204	0.00560	0.00662	0.00815	0.01120
10	0.00940	0.00705	0.01058	0.01058	0.01176	0.00823	0.00823	0.01176	0.01058	0.01528	0.01763	0.02586	0.01646	0.04937	0.74255	0.01058	0.01763	0.00705	0.00353	0.00588
11	0.01243	0.01170	0.01975	0.75282	0.04534	0.01463	0.01828	0.01682	0.01316	0.01682	0.01170	0.01755	0.00878	0.00658	0.00658	0.00219	0.00878	0.00585	0.00293	0.00731
12	0.01419	0.19899	0.57819	0.01709	0.02590	0.01769	0.02141	0.02059	0.01378	0.01965	0.01122	0.01315	0.00836	0.00612	0.00580	0.00193	0.00913	0.00456	0.00279	0.00944
13	0.01227	0.00614	0.00614	0.00614	0.00767	0.00614	0.00460	0.01534	0.01381	0.02454	0.02148	0.02454	0.01687	0.00767	0.00460	0.00153	0.00307	0.00614	0.80518	0.00614
14	0.01629	0.01564	0.02672	0.04041	0.72757	0.01564	0.02020	0.02020	0.01499	0.02151	0.01238	0.01629	0.01043	0.00587	0.00652	0.00196	0.00782	0.00587	0.00326	0.01043
15	0.01629	0.01564	0.02672	0.04041	0.72757	0.01564	0.02020	0.02020	0.01499	0.02151	0.01238	0.01629	0.01043	0.00587	0.00652	0.00196	0.00782	0.00587	0.00326	0.01043
16	0.01732	0.01604	0.03325	0.02420	0.03025	0.01494	0.54874	0.02223	0.01601	0.12934	0.01677	0.02247	0.01293	0.00684	0.00769	0.00225	0.00990	0.05551	0.00426	0.00903
17	0.01144	0.00572	0.00858	0.00858	0.00858	0.00572	0.00572	0.00858	0.00858	0.01144	0.01144	0.02001	0.01144	0.02287	0.02573	0.80846	0.00572	0.00572	0.00286	0.00286
18	0.00817	0.00600	0.00770	0.00900	0.00974	0.00554	0.00626	0.00953	0.01315	0.01716	0.04082	0.60857	0.14697	0.01985	0.00836	0.00263	0.00390	0.06512	0.00611	0.00543
19	0.01698	0.13229	0.04566	0.08101	0.26257	0.06155	0.11559	0.06949	0.09056	0.02182	0.01415	0.01768	0.01152	0.00668	0.00640	0.00197	0.00819	0.02261	0.00384	0.00942
20	0.02805	0.01229	0.01580	0.01225	0.01727	0.01146	0.01007	0.11429	0.06975	0.59806	0.02479	0.02176	0.01594	0.00817	0.00662	0.00204	0.00577	0.00659	0.00786	0.01115
21	0.01302	0.01230	0.02081	0.64426	0.14930	0.01478	0.01858	0.01734	0.01344	0.01753	0.01180	0.01736	0.00903	0.00647	0.00657	0.00216	0.00863	0.00585	0.00298	0.00779
22	0.01316	0.01245	0.02107	0.61775	0.17469	0.01482	0.01865	0.01746	0.01351	0.01771	0.01183	0.01731	0.00909	0.00645	0.00657	0.00215	0.00859	0.00585	0.00299	0.00790
23	0.01661	0.02221	0.19365	0.17856	0.15521	0.15142	0.09764	0.02179	0.04128	0.04101	0.01274	0.01582	0.00970	0.00643	0.00651	0.00203	0.00945	0.00562	0.00338	0.00892
24	0.14250	0.27004	0.02279	0.01487	0.05456	0.33436	0.01168	0.02295	0.01561	0.04227	0.01033	0.01185	0.00863	0.00630	0.00514	0.00168	0.00883	0.00407	0.00346	0.00809
25	0.01382	0.01755	0.14945	0.50177	0.10178	0.06860	0.01914	0.01855	0.01387	0.01792	0.01167	0.01636	0.00882	0.00647	0.00647	0.00212	0.00909	0.00555	0.00296	0.00805

[dist]
# distance from previous block
# <min> <max>
1	28

# created by:
# /home/berkeley/.conda/envs/busco_data_prod/bin/msa2prfl.pl pipeline/OGs_align_augustus/4893/39070.fs
