[name]
unknown

[dist]
# distance from previous block
# <min> <max>
0	92

[block]
# block no. 0 follows, 31 sequences, length 8
# corresponding to MSA columns:
# 104-111
name=unknown_A
#
# <colnr> <probs for GDERKNQSTAVLIFYWHMCP>
#	G	D	E	R	K	N	Q	S	T	A	V	L	I	F	Y	W	H	M	C	P
0	0.01102	0.00787	0.01102	0.01260	0.01417	0.00787	0.01102	0.01417	0.01575	0.02047	0.03622	0.07717	0.03937	0.01890	0.00945	0.00315	0.00630	0.67084	0.00630	0.00630
1	0.00834	0.00595	0.00794	0.00953	0.00992	0.00556	0.00635	0.00953	0.01310	0.01746	0.03771	0.75510	0.04525	0.02143	0.00873	0.00278	0.00397	0.01945	0.00635	0.00556
2	0.01372	0.03539	0.72412	0.01950	0.02961	0.01589	0.02528	0.02167	0.01444	0.02167	0.01228	0.01444	0.00867	0.00650	0.00650	0.00217	0.01011	0.00506	0.00289	0.01011
3	0.01361	0.00810	0.01002	0.00948	0.01212	0.00721	0.00762	0.01611	0.01717	0.16402	0.17911	0.05661	0.30772	0.01519	0.00812	0.00241	0.00448	0.14668	0.00700	0.00721
4	0.00834	0.00595	0.00794	0.00953	0.00992	0.00556	0.00635	0.00953	0.01310	0.01746	0.03771	0.75510	0.04525	0.02143	0.00873	0.00278	0.00397	0.01945	0.00635	0.00556
5	0.01419	0.01216	0.01419	0.01013	0.01621	0.00912	0.00811	0.01723	0.01419	0.02229	0.01216	0.01419	0.01013	0.00507	0.00507	0.00101	0.00507	0.00405	0.00405	0.80139
6	0.01671	0.51091	0.27473	0.01441	0.02174	0.02319	0.01642	0.02090	0.01409	0.01803	0.01047	0.01218	0.00874	0.00608	0.00512	0.00171	0.00829	0.00414	0.00291	0.00924
7	0.05568	0.37445	0.15861	0.01416	0.02011	0.13551	0.01414	0.05143	0.01569	0.04996	0.01168	0.01337	0.00957	0.00851	0.03903	0.00217	0.00901	0.00446	0.00352	0.00896

[dist]
# distance from previous block
# <min> <max>
2	4

[block]
# block no. 1 follows, 31 sequences, length 13
# corresponding to MSA columns:
# 116-128
name=unknown_B
#
# <colnr> <probs for GDERKNQSTAVLIFYWHMCP>
#	G	D	E	R	K	N	Q	S	T	A	V	L	I	F	Y	W	H	M	C	P
0	0.00988	0.00689	0.00818	0.00811	0.00887	0.00651	0.00515	0.01065	0.01220	0.01655	0.11744	0.15371	0.07000	0.43348	0.02372	0.03537	0.00548	0.01149	0.00501	0.05130
1	0.15614	0.04503	0.04099	0.01097	0.01415	0.06280	0.00868	0.06654	0.08188	0.06164	0.06637	0.08571	0.02113	0.19093	0.01314	0.00317	0.00633	0.00796	0.00513	0.05133
2	0.22548	0.21389	0.06144	0.04081	0.01881	0.01910	0.01154	0.19163	0.01848	0.05689	0.04493	0.01536	0.01212	0.00711	0.00549	0.00190	0.00674	0.00503	0.00475	0.03850
3	0.01476	0.05756	0.06599	0.05336	0.01761	0.09538	0.06248	0.04616	0.04023	0.04565	0.04377	0.11410	0.02224	0.24369	0.01578	0.00360	0.00763	0.03831	0.00465	0.00705
4	0.04902	0.00977	0.01387	0.01201	0.01404	0.00997	0.09758	0.05135	0.03564	0.02001	0.07885	0.10081	0.08973	0.20339	0.01712	0.08548	0.03793	0.03566	0.03152	0.00624
5	0.10993	0.01887	0.05744	0.01535	0.02007	0.12516	0.06442	0.15512	0.15689	0.09801	0.01943	0.01967	0.04149	0.00823	0.00722	0.00213	0.03893	0.00637	0.00550	0.02976
6	0.07425	0.04594	0.04514	0.01386	0.01802	0.13456	0.01150	0.10015	0.08086	0.06221	0.01690	0.03608	0.04071	0.00845	0.00849	0.00197	0.11660	0.00595	0.00472	0.17363
7	0.09557	0.04311	0.08727	0.01535	0.08607	0.01446	0.01183	0.10747	0.18144	0.02587	0.02098	0.08667	0.01865	0.08225	0.00931	0.00263	0.00636	0.03491	0.06095	0.00884
8	0.15520	0.06945	0.01856	0.01399	0.01855	0.10205	0.05698	0.20109	0.08036	0.04274	0.05020	0.02196	0.04452	0.00845	0.00635	0.00203	0.00718	0.03557	0.00535	0.05943
9	0.08249	0.11026	0.05932	0.01310	0.01794	0.06687	0.01137	0.15335	0.11500	0.09396	0.02046	0.02251	0.05251	0.01027	0.03701	0.00236	0.00730	0.03549	0.00541	0.08303
10	0.01973	0.08077	0.01914	0.08047	0.02096	0.11219	0.01203	0.15635	0.10307	0.07932	0.01648	0.04837	0.01330	0.00823	0.00761	0.00196	0.06744	0.00616	0.00506	0.14136
11	0.08001	0.11734	0.07854	0.01694	0.09458	0.10979	0.03827	0.07843	0.01708	0.10457	0.04551	0.08544	0.05616	0.00924	0.00717	0.00209	0.03778	0.00735	0.00484	0.00889
12	0.02016	0.06221	0.14163	0.01745	0.02305	0.13364	0.10886	0.17285	0.07360	0.07970	0.01771	0.05036	0.01439	0.00850	0.00695	0.00214	0.00879	0.04331	0.00503	0.00967

[dist]
# distance from previous block
# <min> <max>
26	87

[block]
# block no. 2 follows, 31 sequences, length 24
# corresponding to MSA columns:
# 247-257,261-273
name=unknown_C
#
# <colnr> <probs for GDERKNQSTAVLIFYWHMCP>
#	G	D	E	R	K	N	Q	S	T	A	V	L	I	F	Y	W	H	M	C	P
0	0.02499	0.08996	0.02068	0.01716	0.02087	0.67679	0.01310	0.02678	0.01896	0.01669	0.01049	0.01223	0.00881	0.00696	0.00603	0.00174	0.01194	0.00435	0.00348	0.00800
1	0.01395	0.01440	0.02732	0.02124	0.02487	0.01511	0.35246	0.01757	0.01408	0.01951	0.01867	0.16403	0.01864	0.03046	0.01225	0.00271	0.17787	0.04294	0.00407	0.00784
2	0.01499	0.01660	0.03556	0.02597	0.03192	0.01556	0.59032	0.02008	0.01570	0.02125	0.01738	0.12773	0.01555	0.00809	0.00817	0.00238	0.01041	0.00976	0.00389	0.00868
3	0.02565	0.02994	0.01961	0.01725	0.02116	0.59105	0.01318	0.15961	0.02192	0.02198	0.01174	0.01315	0.00937	0.00728	0.00630	0.00182	0.01138	0.00475	0.00418	0.00867
4	0.69190	0.01411	0.01161	0.01000	0.01442	0.01622	0.00824	0.12009	0.01469	0.03254	0.01055	0.01190	0.00804	0.00663	0.00462	0.00211	0.00562	0.00407	0.00462	0.00804
5	0.01372	0.03539	0.72412	0.01950	0.02961	0.01589	0.02528	0.02167	0.01444	0.02167	0.01228	0.01444	0.00867	0.00650	0.00650	0.00217	0.01011	0.00506	0.00289	0.01011
6	0.00809	0.00693	0.00693	0.00693	0.00924	0.00578	0.00520	0.00982	0.01559	0.01848	0.06931	0.06584	0.71411	0.01733	0.00809	0.00231	0.00347	0.01444	0.00635	0.00578
7	0.02759	0.10335	0.01820	0.01210	0.01743	0.01245	0.01020	0.03110	0.05557	0.56200	0.02414	0.02144	0.01580	0.00802	0.00649	0.00199	0.00594	0.00639	0.00748	0.05233
8	0.06172	0.01761	0.03238	0.02342	0.02985	0.05125	0.48311	0.02115	0.01566	0.02224	0.01310	0.01688	0.01008	0.00573	0.00716	0.00201	0.00993	0.00684	0.00363	0.16623
9	0.00851	0.00603	0.00789	0.00930	0.00966	0.00567	0.00611	0.00957	0.01276	0.01701	0.03597	0.67859	0.04305	0.10094	0.01154	0.00319	0.00426	0.01843	0.00611	0.00540
10	0.01188	0.00594	0.00891	0.00891	0.00891	0.00594	0.00594	0.00891	0.00891	0.01188	0.01188	0.02080	0.01188	0.02377	0.02674	0.80095	0.00594	0.00594	0.00297	0.00297
11	0.01858	0.68060	0.03412	0.01233	0.01780	0.04759	0.01196	0.04135	0.01446	0.01697	0.00973	0.01139	0.00888	0.00627	0.00544	0.00157	0.04524	0.00388	0.00307	0.00878
12	0.00971	0.00653	0.00753	0.00777	0.00783	0.00647	0.00447	0.00989	0.01042	0.01389	0.02395	0.15015	0.02790	0.65007	0.03095	0.00606	0.00624	0.01136	0.00447	0.00435
13	0.02340	0.02843	0.02085	0.02227	0.15902	0.55287	0.01464	0.02653	0.05427	0.01847	0.01193	0.01394	0.00984	0.00698	0.00633	0.00184	0.01114	0.00491	0.00368	0.00866
14	0.01015	0.00749	0.00962	0.00943	0.01115	0.00716	0.00730	0.01408	0.05412	0.02578	0.52925	0.07485	0.08643	0.01483	0.00824	0.00233	0.00383	0.11011	0.00723	0.00660
15	0.01708	0.55951	0.19161	0.01380	0.02032	0.02421	0.01496	0.02055	0.01385	0.01738	0.01011	0.01197	0.00876	0.00632	0.00580	0.00170	0.04603	0.00410	0.00292	0.00902
16	0.01651	0.24924	0.28242	0.01679	0.02390	0.01986	0.08178	0.05362	0.14886	0.02229	0.01479	0.01601	0.01136	0.00685	0.00612	0.00199	0.00838	0.00549	0.00392	0.00983
17	0.00957	0.00647	0.00757	0.00795	0.00804	0.00638	0.00467	0.00985	0.01069	0.01426	0.02536	0.21225	0.02968	0.58553	0.02867	0.00572	0.00600	0.01219	0.00467	0.00448
18	0.01449	0.01415	0.01657	0.01564	0.01835	0.15112	0.10474	0.01768	0.01651	0.01988	0.02912	0.05606	0.04982	0.01473	0.00858	0.00274	0.00812	0.42934	0.00537	0.00701
19	0.01048	0.00770	0.01027	0.01155	0.01326	0.00749	0.00995	0.01337	0.01572	0.02011	0.04233	0.07508	0.16387	0.01861	0.00920	0.00299	0.00578	0.54973	0.00631	0.00620
20	0.01660	0.01432	0.01528	0.01336	0.01756	0.01585	0.01042	0.03352	0.60212	0.02768	0.02552	0.02384	0.01929	0.00866	0.00668	0.00213	0.00536	0.00719	0.00653	0.12811
21	0.01419	0.01216	0.01419	0.01013	0.01621	0.00912	0.00811	0.01723	0.01419	0.02229	0.01216	0.01419	0.01013	0.00507	0.00507	0.00101	0.00507	0.00405	0.00405	0.80139
22	0.10240	0.01987	0.05615	0.01505	0.02007	0.09625	0.01262	0.36658	0.18198	0.03452	0.01749	0.01743	0.01286	0.00805	0.00652	0.00210	0.00748	0.00602	0.00603	0.01054
23	0.10847	0.08517	0.11968	0.01605	0.02168	0.25444	0.08343	0.04192	0.01637	0.02136	0.01143	0.01350	0.00914	0.00630	0.00585	0.00175	0.00915	0.00472	0.00366	0.16592

[dist]
# distance from previous block
# <min> <max>
3	8

[block]
# block no. 3 follows, 31 sequences, length 18
# corresponding to MSA columns:
# 285-287,292-306
name=unknown_D
#
# <colnr> <probs for GDERKNQSTAVLIFYWHMCP>
#	G	D	E	R	K	N	Q	S	T	A	V	L	I	F	Y	W	H	M	C	P
0	0.01840	0.01627	0.01586	0.01420	0.01810	0.08454	0.01102	0.03537	0.61076	0.05663	0.02617	0.02418	0.01957	0.00904	0.00688	0.00226	0.00609	0.00738	0.00670	0.01059
1	0.01025	0.00732	0.00784	0.00759	0.01006	0.00617	0.00573	0.01203	0.01582	0.08510	0.06334	0.10432	0.60673	0.01674	0.00801	0.00232	0.00372	0.01403	0.00655	0.00632
2	0.02552	0.01892	0.02026	0.01564	0.02103	0.02099	0.01289	0.65862	0.06841	0.04234	0.01704	0.01692	0.01213	0.00827	0.00685	0.00207	0.00741	0.00624	0.00685	0.01159
3	0.02675	0.01499	0.08697	0.01554	0.02155	0.01177	0.12088	0.03040	0.01854	0.54303	0.02349	0.02167	0.01510	0.00785	0.00704	0.00215	0.00714	0.00690	0.00714	0.01111
4	0.01419	0.01216	0.01419	0.01013	0.01621	0.00912	0.00811	0.01723	0.01419	0.02229	0.01216	0.01419	0.01013	0.00507	0.00507	0.00101	0.00507	0.00405	0.00405	0.80139
5	0.02564	0.03026	0.01959	0.01730	0.02116	0.60792	0.01318	0.14379	0.02162	0.02135	0.01160	0.01305	0.00931	0.00725	0.00629	0.00181	0.01150	0.00471	0.00410	0.00858
6	0.02601	0.01916	0.02053	0.01574	0.02122	0.02122	0.01300	0.69408	0.03217	0.04312	0.01643	0.01643	0.01163	0.00821	0.00684	0.00205	0.00753	0.00616	0.00684	0.01163
7	0.00976	0.00682	0.00872	0.00884	0.00929	0.00721	0.00584	0.01070	0.01055	0.01449	0.02168	0.09296	0.02375	0.45816	0.27405	0.00785	0.01047	0.00977	0.00415	0.00493
8	0.02269	0.02640	0.01885	0.01825	0.07327	0.48404	0.01302	0.06849	0.12724	0.02075	0.01683	0.01775	0.04712	0.00792	0.00648	0.00192	0.01018	0.00568	0.00440	0.00873
9	0.02501	0.07595	0.02148	0.01535	0.02078	0.02147	0.01281	0.61284	0.06111	0.04039	0.01641	0.01642	0.01183	0.00808	0.00666	0.00202	0.00742	0.00604	0.00655	0.01138
10	0.01751	0.29958	0.32789	0.01599	0.02334	0.08832	0.01773	0.06981	0.04319	0.02095	0.01201	0.01355	0.00941	0.00655	0.00574	0.00187	0.00893	0.00467	0.00340	0.00955
11	0.08640	0.01202	0.01580	0.11287	0.02020	0.04874	0.08697	0.03896	0.03150	0.07936	0.04193	0.08979	0.12650	0.09239	0.01076	0.00282	0.02785	0.06264	0.00513	0.00738
12	0.04481	0.01370	0.01788	0.01471	0.01744	0.05627	0.08193	0.05959	0.01514	0.07978	0.08549	0.07219	0.01939	0.07035	0.01384	0.02130	0.20806	0.00777	0.00471	0.09565
13	0.04536	0.01162	0.01539	0.01324	0.01562	0.03149	0.08872	0.05987	0.08599	0.04848	0.07729	0.17293	0.02585	0.17239	0.01477	0.00330	0.07551	0.01031	0.00528	0.02661
14	0.09851	0.01365	0.01891	0.01528	0.01894	0.04567	0.13884	0.01905	0.05114	0.04348	0.04108	0.02423	0.01595	0.05866	0.07531	0.00321	0.11171	0.05164	0.00433	0.15040
15	0.07931	0.04008	0.01471	0.01277	0.01548	0.12706	0.01005	0.05401	0.03401	0.05881	0.03625	0.19497	0.02261	0.01333	0.02822	0.00252	0.09077	0.07164	0.00510	0.08830
16	0.15574	0.08201	0.05070	0.01448	0.01858	0.09682	0.03536	0.12424	0.08464	0.05283	0.01523	0.04371	0.01278	0.00868	0.00851	0.00217	0.11710	0.02371	0.00473	0.04800
17	0.21496	0.07517	0.08456	0.01375	0.01849	0.06155	0.03050	0.17859	0.10949	0.02897	0.05577	0.01840	0.01454	0.03170	0.00751	0.00224	0.03375	0.00589	0.00505	0.00913

[dist]
# distance from previous block
# <min> <max>
55	138

[block]
# block no. 4 follows, 31 sequences, length 6
# corresponding to MSA columns:
# 537-542
name=unknown_E
#
# <colnr> <probs for GDERKNQSTAVLIFYWHMCP>
#	G	D	E	R	K	N	Q	S	T	A	V	L	I	F	Y	W	H	M	C	P
0	0.08793	0.09635	0.01991	0.01833	0.12461	0.22902	0.01274	0.02368	0.06541	0.09022	0.01456	0.01691	0.01179	0.01315	0.10301	0.00317	0.05076	0.00549	0.00424	0.00873
1	0.01728	0.17546	0.27398	0.02443	0.24025	0.01898	0.01956	0.11016	0.01703	0.02358	0.01245	0.01478	0.00976	0.00647	0.00620	0.00197	0.00858	0.00524	0.00357	0.01027
2	0.09916	0.26935	0.13324	0.01322	0.01893	0.07804	0.01285	0.08033	0.01560	0.02176	0.01187	0.01413	0.00988	0.01067	0.07664	0.00259	0.00876	0.00458	0.00368	0.11471
3	0.29899	0.13250	0.01684	0.01192	0.01597	0.19929	0.00971	0.07345	0.01643	0.02446	0.05759	0.01964	0.08231	0.00814	0.00557	0.00194	0.00727	0.00565	0.00446	0.00786
4	0.09961	0.01551	0.01654	0.01347	0.01777	0.04594	0.01084	0.27507	0.07524	0.09914	0.01840	0.08923	0.01525	0.00925	0.00768	0.00208	0.06149	0.00705	0.00591	0.11455
5	0.00938	0.00751	0.00882	0.00877	0.01094	0.00675	0.00673	0.01139	0.01440	0.01846	0.04785	0.12182	0.37609	0.05079	0.10491	0.00366	0.00612	0.09602	0.00568	0.08391

[dist]
# distance from previous block
# <min> <max>
4	10

[block]
# block no. 5 follows, 31 sequences, length 6
# corresponding to MSA columns:
# 553-558
name=unknown_F
#
# <colnr> <probs for GDERKNQSTAVLIFYWHMCP>
#	G	D	E	R	K	N	Q	S	T	A	V	L	I	F	Y	W	H	M	C	P
0	0.02466	0.02973	0.01853	0.01667	0.02020	0.62787	0.01259	0.07487	0.01995	0.01929	0.01185	0.01359	0.00965	0.00720	0.00612	0.00177	0.01132	0.00468	0.06138	0.00809
1	0.02472	0.01580	0.01788	0.01415	0.01893	0.01675	0.01149	0.46110	0.02694	0.18717	0.02150	0.11443	0.01718	0.01000	0.00710	0.00216	0.00669	0.00805	0.00713	0.01084
2	0.00904	0.00697	0.00826	0.00794	0.00983	0.00618	0.00595	0.01167	0.01785	0.02385	0.45526	0.05701	0.32481	0.01532	0.00808	0.00222	0.00332	0.01320	0.00706	0.00618
3	0.01443	0.01370	0.02325	0.47905	0.29938	0.01560	0.01975	0.01880	0.01439	0.01931	0.01243	0.01775	0.00977	0.00656	0.00681	0.00219	0.00875	0.00609	0.00317	0.00882
4	0.01693	0.01626	0.02777	0.04199	0.71689	0.01626	0.02100	0.02100	0.01558	0.02235	0.01287	0.01693	0.01084	0.00610	0.00677	0.00203	0.00813	0.00610	0.00339	0.01084
5	0.02394	0.02595	0.01811	0.01611	0.01982	0.47618	0.01228	0.10159	0.09812	0.07097	0.01602	0.06096	0.01332	0.00842	0.00654	0.00195	0.01004	0.00608	0.00481	0.00879

[dist]
# distance from previous block
# <min> <max>
0	1

[block]
# block no. 6 follows, 31 sequences, length 19
# corresponding to MSA columns:
# 560-578
name=unknown_G
#
# <colnr> <probs for GDERKNQSTAVLIFYWHMCP>
#	G	D	E	R	K	N	Q	S	T	A	V	L	I	F	Y	W	H	M	C	P
0	0.02286	0.01805	0.02251	0.01684	0.02261	0.01889	0.11142	0.49791	0.02722	0.03701	0.01543	0.01640	0.01123	0.00740	0.00677	0.00194	0.00776	0.00613	0.00595	0.12568
1	0.03411	0.00893	0.01044	0.01053	0.01239	0.00916	0.00790	0.06895	0.11336	0.02274	0.10429	0.30378	0.11261	0.05362	0.00946	0.00276	0.00479	0.09678	0.00642	0.00697
2	0.04763	0.01169	0.01417	0.01199	0.01585	0.01166	0.03227	0.08620	0.16183	0.18599	0.12284	0.03608	0.12961	0.01111	0.00728	0.00222	0.00537	0.05609	0.00689	0.04322
3	0.01472	0.01400	0.02377	0.42849	0.34768	0.01567	0.01990	0.01906	0.01453	0.01967	0.01248	0.01765	0.00989	0.00651	0.00681	0.00217	0.00867	0.00609	0.00320	0.00905
4	0.01797	0.01839	0.02996	0.02195	0.02812	0.10824	0.39998	0.02238	0.01637	0.07131	0.01397	0.01704	0.01059	0.00597	0.00706	0.00193	0.00977	0.00660	0.00396	0.18845
5	0.00979	0.00743	0.00951	0.01004	0.01178	0.00678	0.00768	0.01190	0.01432	0.01913	0.05514	0.33604	0.13877	0.01953	0.04536	0.00299	0.00533	0.18002	0.00595	0.10249
6	0.02362	0.01775	0.01925	0.01461	0.02021	0.01877	0.01201	0.55738	0.02854	0.03891	0.01556	0.01597	0.01133	0.00758	0.00648	0.00184	0.00703	0.00573	0.00628	0.17113
7	0.02326	0.01756	0.01892	0.01518	0.02009	0.01954	0.01244	0.51915	0.16694	0.03879	0.01996	0.02202	0.01522	0.00909	0.00703	0.00218	0.00703	0.04763	0.00683	0.01114
8	0.01928	0.01680	0.01668	0.01452	0.01866	0.06887	0.01140	0.15672	0.53189	0.03044	0.02451	0.02291	0.01832	0.00893	0.00688	0.00223	0.00630	0.00721	0.00669	0.01077
9	0.02529	0.01881	0.02013	0.01560	0.02094	0.02088	0.01283	0.64186	0.08555	0.04197	0.01733	0.01715	0.01237	0.00830	0.00685	0.00207	0.00736	0.00628	0.00685	0.01157
10	0.00834	0.00595	0.00794	0.00953	0.00992	0.00556	0.00635	0.00953	0.01310	0.01746	0.03771	0.75510	0.04525	0.02143	0.00873	0.00278	0.00397	0.01945	0.00635	0.00556
11	0.02235	0.01610	0.01731	0.01370	0.01882	0.04657	0.01106	0.27369	0.17637	0.14530	0.01959	0.01895	0.01415	0.00781	0.00649	0.00190	0.00649	0.00613	0.00643	0.17080
12	0.02299	0.02431	0.02358	0.01902	0.02381	0.32164	0.15003	0.21427	0.08604	0.02630	0.01448	0.01595	0.01104	0.00732	0.00682	0.00201	0.01018	0.00595	0.00476	0.00950
13	0.00983	0.00743	0.01045	0.01055	0.01159	0.00834	0.00801	0.01183	0.01157	0.01613	0.02415	0.09964	0.06451	0.12609	0.47593	0.00849	0.04306	0.04230	0.00424	0.00587
14	0.01690	0.01791	0.02235	0.37894	0.23409	0.17596	0.01828	0.02069	0.01550	0.01872	0.01201	0.01654	0.00955	0.00667	0.00667	0.00209	0.00955	0.00571	0.00325	0.00861
15	0.01504	0.01500	0.02472	0.35025	0.26241	0.05065	0.10380	0.01928	0.01487	0.01960	0.01380	0.05439	0.01163	0.00720	0.00704	0.00220	0.00900	0.00692	0.00340	0.00878
16	0.35742	0.04793	0.01563	0.10278	0.01989	0.09939	0.03721	0.05061	0.01504	0.09533	0.01327	0.01509	0.00997	0.00684	0.00539	0.00200	0.00691	0.00490	0.06743	0.02697
17	0.02225	0.01556	0.01899	0.01819	0.13111	0.01616	0.01269	0.31481	0.08985	0.14621	0.05069	0.02202	0.04617	0.00848	0.00685	0.00204	0.00663	0.00692	0.00641	0.05798
18	0.05327	0.01760	0.02024	0.08781	0.02357	0.04253	0.05316	0.42082	0.07259	0.03473	0.01571	0.01677	0.01153	0.00756	0.00661	0.00199	0.00759	0.00600	0.00576	0.09417

[dist]
# distance from previous block
# <min> <max>
0	22

[block]
# block no. 7 follows, 31 sequences, length 82
# corresponding to MSA columns:
# 601-682
name=unknown_H
#
# <colnr> <probs for GDERKNQSTAVLIFYWHMCP>
#	G	D	E	R	K	N	Q	S	T	A	V	L	I	F	Y	W	H	M	C	P
0	0.09081	0.05640	0.05845	0.01408	0.01937	0.03894	0.03525	0.29651	0.09210	0.07494	0.02028	0.02030	0.06387	0.00822	0.00643	0.00199	0.00690	0.00638	0.00579	0.08299
1	0.09639	0.13149	0.22697	0.05710	0.04637	0.04344	0.05081	0.04237	0.06517	0.06468	0.03586	0.04068	0.05460	0.00801	0.00632	0.00208	0.00782	0.00643	0.00429	0.00910
2	0.05688	0.01044	0.01572	0.01548	0.08150	0.01030	0.09567	0.03415	0.01564	0.02235	0.15652	0.23412	0.07375	0.01360	0.00845	0.00238	0.03913	0.05626	0.00554	0.05212
3	0.01630	0.01488	0.01664	0.01334	0.01773	0.10712	0.06984	0.05432	0.05533	0.04452	0.01810	0.07176	0.03674	0.01000	0.03962	0.00212	0.03527	0.00666	0.04941	0.32031
4	0.01776	0.05851	0.02431	0.20209	0.35650	0.06012	0.01794	0.07509	0.05564	0.04623	0.01398	0.01729	0.01102	0.00675	0.00664	0.00206	0.00829	0.00598	0.00393	0.00986
5	0.01678	0.01602	0.02700	0.04019	0.67727	0.01585	0.02027	0.02078	0.01550	0.02235	0.01283	0.01678	0.01080	0.00604	0.00668	0.00197	0.00795	0.00598	0.00342	0.05554
6	0.01530	0.09401	0.01664	0.01049	0.01645	0.01134	0.00865	0.01872	0.03484	0.04662	0.01286	0.01450	0.01055	0.00540	0.00511	0.00114	0.00535	0.00422	0.00417	0.66364
7	0.01537	0.01335	0.02148	0.01618	0.02143	0.01177	0.21614	0.05838	0.01612	0.06216	0.01967	0.11405	0.03779	0.00864	0.00691	0.00188	0.00708	0.03330	0.00474	0.31357
8	0.01067	0.00853	0.00976	0.00946	0.01158	0.00847	0.00706	0.01675	0.16903	0.02378	0.28581	0.15352	0.22950	0.01496	0.00793	0.00232	0.00389	0.01296	0.00691	0.00710
9	0.01542	0.01894	0.11915	0.02387	0.03000	0.01616	0.44832	0.05996	0.01629	0.02234	0.01760	0.07968	0.03990	0.00808	0.00867	0.00235	0.05178	0.00864	0.00391	0.00895
10	0.01275	0.00638	0.00638	0.00638	0.00797	0.00638	0.00478	0.01594	0.01435	0.02551	0.02232	0.02551	0.01754	0.00797	0.00478	0.00159	0.00319	0.00638	0.79755	0.00638
11	0.01185	0.05029	0.01062	0.00892	0.00980	0.00898	0.00599	0.01304	0.03121	0.05135	0.02053	0.03794	0.02193	0.54156	0.11914	0.00642	0.03187	0.00891	0.00429	0.00535
12	0.02556	0.03261	0.01939	0.01763	0.02115	0.73210	0.01322	0.02732	0.01939	0.01674	0.01058	0.01234	0.00881	0.00705	0.00617	0.00176	0.01234	0.00441	0.00353	0.00793
13	0.01275	0.00638	0.00638	0.00638	0.00797	0.00638	0.00478	0.01594	0.01435	0.02551	0.02232	0.02551	0.01754	0.00797	0.00478	0.00159	0.00319	0.00638	0.79755	0.00638
14	0.01671	0.01757	0.07557	0.04045	0.66971	0.01623	0.02129	0.02104	0.01550	0.02230	0.01283	0.01676	0.01069	0.00612	0.00675	0.00204	0.00826	0.00602	0.00335	0.01079
15	0.01702	0.01470	0.01547	0.01392	0.01779	0.01702	0.01083	0.03635	0.70453	0.02862	0.02785	0.02553	0.02088	0.00928	0.00696	0.00232	0.00541	0.00773	0.00696	0.01083
16	0.01270	0.01051	0.01343	0.01208	0.01404	0.03387	0.06816	0.05204	0.12592	0.01991	0.05467	0.14929	0.02567	0.25004	0.12226	0.00496	0.00823	0.01031	0.00510	0.00682
17	0.01693	0.01626	0.02777	0.04199	0.71689	0.01626	0.02100	0.02100	0.01558	0.02235	0.01287	0.01693	0.01084	0.00610	0.00677	0.00203	0.00813	0.00610	0.00339	0.01084
18	0.01702	0.01470	0.01547	0.01392	0.01779	0.01702	0.01083	0.03635	0.70453	0.02862	0.02785	0.02553	0.02088	0.00928	0.00696	0.00232	0.00541	0.00773	0.00696	0.01083
19	0.01419	0.01216	0.01419	0.01013	0.01621	0.00912	0.00811	0.01723	0.01419	0.02229	0.01216	0.01419	0.01013	0.00507	0.00507	0.00101	0.00507	0.00405	0.00405	0.80139
20	0.00834	0.00595	0.00794	0.00953	0.00992	0.00556	0.00635	0.00953	0.01310	0.01746	0.03771	0.75510	0.04525	0.02143	0.00873	0.00278	0.00397	0.01945	0.00635	0.00556
21	0.01188	0.00594	0.00891	0.00891	0.00891	0.00594	0.00594	0.00891	0.00891	0.01188	0.01188	0.02080	0.01188	0.02377	0.02674	0.80095	0.00594	0.00594	0.00297	0.00297
22	0.01292	0.01216	0.02052	0.74312	0.04712	0.01520	0.01900	0.01748	0.01368	0.01748	0.01216	0.01824	0.00912	0.00684	0.00684	0.00228	0.00912	0.00608	0.00304	0.00760
23	0.01292	0.01216	0.02052	0.74312	0.04712	0.01520	0.01900	0.01748	0.01368	0.01748	0.01216	0.01824	0.00912	0.00684	0.00684	0.00228	0.00912	0.00608	0.00304	0.00760
24	0.01994	0.60391	0.03252	0.01263	0.01834	0.04846	0.01199	0.14418	0.01742	0.02107	0.01081	0.01202	0.00930	0.00632	0.00490	0.00158	0.00752	0.00414	0.00366	0.00928
25	0.04609	0.01267	0.01474	0.01115	0.01658	0.01094	0.00895	0.09992	0.03678	0.13492	0.01680	0.05797	0.01358	0.00706	0.00579	0.00149	0.00543	0.00571	0.00530	0.48814
26	0.04503	0.11556	0.20156	0.02170	0.02834	0.10838	0.29630	0.02197	0.01537	0.02048	0.01208	0.01532	0.00938	0.00650	0.00771	0.00213	0.05381	0.00606	0.00326	0.00906
27	0.80789	0.01323	0.01006	0.00900	0.01323	0.01535	0.00741	0.02011	0.01164	0.03070	0.00953	0.01111	0.00741	0.00635	0.00423	0.00212	0.00529	0.00370	0.00423	0.00741
28	0.02436	0.03054	0.01992	0.05961	0.06194	0.65150	0.01398	0.02641	0.01885	0.01710	0.01079	0.01293	0.00894	0.00698	0.00624	0.00181	0.01192	0.00460	0.00349	0.00808
29	0.01674	0.01374	0.01480	0.01328	0.01695	0.01560	0.01032	0.03369	0.60399	0.05476	0.10241	0.02822	0.02549	0.00976	0.00708	0.00229	0.00519	0.00821	0.00708	0.01038
30	0.00876	0.00626	0.00842	0.01001	0.01059	0.00592	0.00708	0.01026	0.01351	0.01794	0.03747	0.64866	0.04433	0.02104	0.00884	0.00284	0.00434	0.12173	0.00634	0.00567
31	0.01275	0.00638	0.00638	0.00638	0.00797	0.00638	0.00478	0.01594	0.01435	0.02551	0.02232	0.02551	0.01754	0.00797	0.00478	0.00159	0.00319	0.00638	0.79755	0.00638
32	0.02556	0.03261	0.01939	0.01763	0.02115	0.73210	0.01322	0.02732	0.01939	0.01674	0.01058	0.01234	0.00881	0.00705	0.00617	0.00176	0.01234	0.00441	0.00353	0.00793
33	0.03070	0.01164	0.01588	0.01217	0.01746	0.01006	0.01006	0.03334	0.01958	0.72163	0.02699	0.02329	0.01694	0.00847	0.00688	0.00212	0.00582	0.00688	0.00847	0.01164
34	0.01275	0.00638	0.00638	0.00638	0.00797	0.00638	0.00478	0.01594	0.01435	0.02551	0.02232	0.02551	0.01754	0.00797	0.00478	0.00159	0.00319	0.00638	0.79755	0.00638
35	0.80789	0.01323	0.01006	0.00900	0.01323	0.01535	0.00741	0.02011	0.01164	0.03070	0.00953	0.01111	0.00741	0.00635	0.00423	0.00212	0.00529	0.00370	0.00423	0.00741
36	0.00834	0.00595	0.00794	0.00953	0.00992	0.00556	0.00635	0.00953	0.01310	0.01746	0.03771	0.75510	0.04525	0.02143	0.00873	0.00278	0.00397	0.01945	0.00635	0.00556
37	0.00995	0.00663	0.00746	0.00746	0.00746	0.00663	0.00415	0.00995	0.00995	0.01327	0.02156	0.04477	0.02487	0.75957	0.03482	0.00663	0.00663	0.00995	0.00415	0.00415
38	0.01615	0.01845	0.04037	0.02884	0.03576	0.01730	0.69204	0.02191	0.01615	0.02191	0.01384	0.01845	0.01038	0.00577	0.00807	0.00231	0.01153	0.00807	0.00346	0.00923
39	0.01693	0.01626	0.02777	0.04199	0.71689	0.01626	0.02100	0.02100	0.01558	0.02235	0.01287	0.01693	0.01084	0.00610	0.00677	0.00203	0.00813	0.00610	0.00339	0.01084
40	0.00834	0.00595	0.00794	0.00953	0.00992	0.00556	0.00635	0.00953	0.01310	0.01746	0.03771	0.75510	0.04525	0.02143	0.00873	0.00278	0.00397	0.01945	0.00635	0.00556
41	0.01497	0.01497	0.02095	0.01796	0.01796	0.02095	0.01497	0.01646	0.01048	0.01646	0.00898	0.01497	0.00898	0.01197	0.02245	0.00299	0.74704	0.00599	0.00299	0.00748
42	0.80789	0.01323	0.01006	0.00900	0.01323	0.01535	0.00741	0.02011	0.01164	0.03070	0.00953	0.01111	0.00741	0.00635	0.00423	0.00212	0.00529	0.00370	0.00423	0.00741
43	0.01661	0.01435	0.01508	0.01361	0.01740	0.01651	0.01057	0.03515	0.67339	0.02816	0.02972	0.02735	0.05222	0.00965	0.00701	0.00232	0.00533	0.00804	0.00693	0.01060
44	0.01102	0.00787	0.01102	0.01260	0.01417	0.00787	0.01102	0.01417	0.01575	0.02047	0.03622	0.07717	0.03937	0.01890	0.00945	0.00315	0.00630	0.67084	0.00630	0.00630
45	0.01292	0.01216	0.02052	0.74312	0.04712	0.01520	0.01900	0.01748	0.01368	0.01748	0.01216	0.01824	0.00912	0.00684	0.00684	0.00228	0.00912	0.00608	0.00304	0.00760
46	0.01419	0.01216	0.01419	0.01013	0.01621	0.00912	0.00811	0.01723	0.01419	0.02229	0.01216	0.01419	0.01013	0.00507	0.00507	0.00101	0.00507	0.00405	0.00405	0.80139
47	0.00834	0.00595	0.00794	0.00953	0.00992	0.00556	0.00635	0.00953	0.01310	0.01746	0.03771	0.75510	0.04525	0.02143	0.00873	0.00278	0.00397	0.01945	0.00635	0.00556
48	0.02601	0.01916	0.02053	0.01574	0.02122	0.02122	0.01300	0.69408	0.03217	0.04312	0.01643	0.01643	0.01163	0.00821	0.00684	0.00205	0.00753	0.00616	0.00684	0.01163
49	0.00834	0.00595	0.00794	0.00953	0.00992	0.00556	0.00635	0.00953	0.01310	0.01746	0.03771	0.75510	0.04525	0.02143	0.00873	0.00278	0.00397	0.01945	0.00635	0.00556
50	0.01693	0.01626	0.02777	0.04199	0.71689	0.01626	0.02100	0.02100	0.01558	0.02235	0.01287	0.01693	0.01084	0.00610	0.00677	0.00203	0.00813	0.00610	0.00339	0.01084
51	0.02389	0.01811	0.01934	0.01531	0.02041	0.02023	0.01249	0.53917	0.19052	0.03970	0.01911	0.01857	0.01381	0.00846	0.00687	0.00212	0.00703	0.00653	0.00687	0.01144
52	0.01805	0.72560	0.07184	0.01211	0.01819	0.02649	0.01242	0.02055	0.01393	0.01639	0.00966	0.01116	0.00877	0.00589	0.00450	0.00150	0.00746	0.00373	0.00292	0.00885
53	0.00942	0.00698	0.00877	0.00833	0.01006	0.00634	0.00624	0.01239	0.01873	0.02594	0.60554	0.05357	0.17323	0.01455	0.00807	0.00218	0.00327	0.01272	0.00733	0.00634
54	0.00809	0.00693	0.00693	0.00693	0.00924	0.00578	0.00520	0.00982	0.01559	0.01848	0.06931	0.06584	0.71411	0.01733	0.00809	0.00231	0.00347	0.01444	0.00635	0.00578
55	0.01607	0.01537	0.02621	0.19308	0.57256	0.01603	0.02057	0.02024	0.01517	0.02130	0.01272	0.01721	0.01047	0.00626	0.00679	0.00209	0.00834	0.00609	0.00331	0.01014
56	0.01672	0.01604	0.02739	0.07866	0.68186	0.01620	0.02089	0.02081	0.01548	0.02210	0.01283	0.01700	0.01075	0.00613	0.00678	0.00204	0.00818	0.00609	0.00337	0.01067
57	0.01292	0.01216	0.02052	0.74312	0.04712	0.01520	0.01900	0.01748	0.01368	0.01748	0.01216	0.01824	0.00912	0.00684	0.00684	0.00228	0.00912	0.00608	0.00304	0.00760
58	0.02286	0.02855	0.01788	0.01628	0.01950	0.60788	0.01228	0.02461	0.01850	0.01695	0.01795	0.01924	0.09823	0.00858	0.00715	0.00189	0.04442	0.00575	0.00386	0.00764
59	0.02114	0.01784	0.01730	0.01475	0.01908	0.10223	0.01165	0.21036	0.40865	0.06732	0.02272	0.02143	0.01679	0.00869	0.00683	0.00217	0.00682	0.00688	0.00660	0.01074
60	0.01624	0.01555	0.02651	0.16350	0.60082	0.01607	0.02065	0.02039	0.01525	0.02151	0.01275	0.01716	0.01054	0.00622	0.00678	0.00207	0.00830	0.00609	0.00333	0.01028
61	0.01693	0.01626	0.02777	0.04199	0.71689	0.01626	0.02100	0.02100	0.01558	0.02235	0.01287	0.01693	0.01084	0.00610	0.00677	0.00203	0.00813	0.00610	0.00339	0.01084
62	0.01364	0.01324	0.02075	0.68355	0.07153	0.04764	0.01881	0.01806	0.01401	0.01763	0.01212	0.01792	0.00917	0.00682	0.00681	0.00225	0.00923	0.00600	0.00308	0.00774
63	0.07674	0.01431	0.01681	0.01365	0.01838	0.03447	0.04121	0.10784	0.23150	0.30920	0.02517	0.02321	0.03878	0.00867	0.00680	0.00218	0.00622	0.00707	0.00710	0.01070
64	0.01621	0.01687	0.07014	0.07911	0.61215	0.01581	0.02065	0.02045	0.01532	0.02187	0.01363	0.04191	0.01177	0.00668	0.00683	0.00208	0.00817	0.00648	0.00344	0.01043
65	0.01618	0.01585	0.02791	0.06513	0.56494	0.01575	0.10510	0.02035	0.01558	0.02189	0.01616	0.01994	0.05048	0.00672	0.00701	0.00209	0.00833	0.00682	0.00355	0.01022
66	0.01954	0.08828	0.04430	0.01709	0.06508	0.13522	0.09047	0.04819	0.12443	0.12290	0.01911	0.08950	0.01594	0.00852	0.00667	0.00201	0.00775	0.00726	0.00512	0.08264
67	0.01586	0.13476	0.10890	0.01823	0.04539	0.01502	0.20673	0.02055	0.03974	0.08798	0.08352	0.09495	0.02174	0.00964	0.00729	0.00223	0.00789	0.06605	0.00480	0.00874
68	0.02105	0.01968	0.13357	0.01961	0.08854	0.09240	0.12106	0.09974	0.04195	0.20130	0.01919	0.07814	0.01498	0.00841	0.00707	0.00216	0.00835	0.00741	0.00537	0.01002
69	0.02026	0.06344	0.07833	0.01951	0.02535	0.16656	0.23386	0.08852	0.05650	0.08958	0.01492	0.01673	0.01114	0.00672	0.00679	0.00198	0.00952	0.00616	0.00445	0.07966
70	0.01898	0.08221	0.13124	0.01500	0.02058	0.03438	0.11093	0.04233	0.01729	0.22159	0.07215	0.02825	0.10565	0.00919	0.00700	0.00210	0.00721	0.02895	0.00561	0.03936
71	0.03846	0.05765	0.12632	0.04327	0.02194	0.07757	0.08990	0.09158	0.05906	0.11875	0.04268	0.04691	0.03759	0.03391	0.00828	0.00225	0.03609	0.00701	0.00498	0.05581
72	0.10649	0.01706	0.04706	0.02519	0.21096	0.03918	0.19492	0.08734	0.05578	0.07144	0.01463	0.01741	0.01123	0.00749	0.00811	0.03268	0.03265	0.00641	0.00434	0.00963
73	0.04686	0.09064	0.04578	0.07610	0.02254	0.22093	0.07395	0.04270	0.08254	0.14094	0.01942	0.02139	0.04940	0.00816	0.00660	0.00205	0.00866	0.02743	0.00492	0.00900
74	0.04343	0.04425	0.06798	0.01814	0.05803	0.10799	0.10776	0.12265	0.16902	0.08593	0.04039	0.02135	0.01561	0.00830	0.00749	0.00218	0.03608	0.02832	0.00532	0.00979
75	0.04246	0.01588	0.02219	0.03937	0.04682	0.05534	0.17606	0.13660	0.09756	0.10785	0.03696	0.04384	0.01548	0.03626	0.00800	0.00223	0.00780	0.00722	0.00532	0.09677
76	0.02050	0.04678	0.05204	0.02237	0.12348	0.15718	0.16141	0.21149	0.04432	0.02677	0.01540	0.03902	0.01258	0.00773	0.00701	0.00209	0.00930	0.02612	0.00466	0.00976
77	0.11298	0.03871	0.04122	0.05646	0.04462	0.10221	0.05732	0.11992	0.05456	0.13810	0.07443	0.02129	0.03973	0.00834	0.00714	0.00209	0.03539	0.00658	0.00541	0.03348
78	0.07026	0.06054	0.04304	0.05182	0.10626	0.05980	0.13647	0.08475	0.05851	0.04424	0.01976	0.04582	0.07334	0.00798	0.00664	0.00199	0.00765	0.00706	0.00455	0.10954
79	0.01909	0.01836	0.04611	0.03797	0.06766	0.12532	0.05809	0.17689	0.08746	0.04360	0.01913	0.04338	0.05566	0.00849	0.00758	0.00201	0.04957	0.00677	0.00501	0.12186
80	0.01732	0.06676	0.02433	0.06131	0.09108	0.12205	0.18152	0.08136	0.10898	0.02258	0.01992	0.07120	0.05396	0.01019	0.03461	0.00248	0.00902	0.00783	0.00454	0.00893
81	0.06613	0.04641	0.06016	0.02079	0.12615	0.08584	0.13970	0.11219	0.03822	0.09569	0.01713	0.04025	0.03363	0.00770	0.00722	0.00207	0.03186	0.00667	0.00471	0.05748

[dist]
# distance from previous block
# <min> <max>
32	117

[block]
# block no. 8 follows, 31 sequences, length 10
# corresponding to MSA columns:
# 813-822
name=unknown_I
#
# <colnr> <probs for GDERKNQSTAVLIFYWHMCP>
#	G	D	E	R	K	N	Q	S	T	A	V	L	I	F	Y	W	H	M	C	P
0	0.01679	0.01886	0.11580	0.01633	0.02184	0.10734	0.14154	0.05995	0.06267	0.05852	0.03623	0.02263	0.08037	0.01011	0.04494	0.00239	0.00864	0.00688	0.00458	0.16360
1	0.04219	0.01800	0.02064	0.10373	0.03832	0.10382	0.07320	0.28609	0.07219	0.10453	0.01716	0.03803	0.01288	0.00798	0.00682	0.00209	0.00811	0.00654	0.00564	0.03205
2	0.01016	0.00796	0.00978	0.00983	0.01178	0.00735	0.00707	0.01328	0.06887	0.01921	0.03410	0.44283	0.10170	0.01927	0.06000	0.00297	0.00527	0.01438	0.00580	0.14840
3	0.02159	0.06950	0.01843	0.01467	0.01870	0.35827	0.01148	0.16692	0.02111	0.02398	0.08340	0.02051	0.06091	0.00840	0.00642	0.00182	0.00893	0.00613	0.00482	0.07401
4	0.09785	0.01826	0.01909	0.01496	0.02001	0.09434	0.06129	0.38272	0.02444	0.03337	0.01887	0.01948	0.06868	0.00816	0.00653	0.00196	0.00754	0.00634	0.00566	0.09043
5	0.02176	0.04552	0.01969	0.09435	0.07715	0.44139	0.01376	0.07954	0.04373	0.01990	0.01408	0.07118	0.01247	0.00820	0.00652	0.00195	0.01024	0.00611	0.00406	0.00837
6	0.02187	0.15787	0.02131	0.01480	0.01915	0.25893	0.01200	0.20152	0.11529	0.02607	0.07230	0.01817	0.01580	0.00801	0.00629	0.00189	0.00846	0.00584	0.00509	0.00933
7	0.01175	0.00886	0.01050	0.01044	0.01235	0.00868	0.00756	0.11254	0.04856	0.02222	0.03530	0.49206	0.10103	0.01734	0.00804	0.00248	0.00459	0.01535	0.00629	0.06405
8	0.01808	0.06356	0.01583	0.01344	0.01665	0.13024	0.01104	0.11535	0.07477	0.09086	0.04276	0.08823	0.04169	0.01284	0.00766	0.00242	0.00712	0.23316	0.00600	0.00830
9	0.01838	0.05765	0.02166	0.05560	0.05875	0.15212	0.10093	0.10738	0.15917	0.02348	0.01724	0.02122	0.01414	0.01273	0.08352	0.00309	0.04470	0.03452	0.00468	0.00905

[dist]
# distance from previous block
# <min> <max>
7	15

[block]
# block no. 9 follows, 31 sequences, length 10
# corresponding to MSA columns:
# 838-847
name=unknown_J
#
# <colnr> <probs for GDERKNQSTAVLIFYWHMCP>
#	G	D	E	R	K	N	Q	S	T	A	V	L	I	F	Y	W	H	M	C	P
0	0.06340	0.01526	0.02358	0.03313	0.50911	0.01555	0.01776	0.09265	0.01716	0.02475	0.01770	0.02379	0.04740	0.00792	0.00691	0.00214	0.00752	0.05998	0.00419	0.01011
1	0.02474	0.02032	0.01972	0.01543	0.02070	0.11902	0.01253	0.53213	0.02855	0.03732	0.01518	0.01563	0.01109	0.00773	0.00657	0.00191	0.00795	0.00570	0.00610	0.09170
2	0.01386	0.01266	0.02052	0.69081	0.04526	0.01563	0.01857	0.06614	0.01501	0.01932	0.01247	0.01811	0.00930	0.00694	0.00684	0.00226	0.00901	0.00609	0.00331	0.00789
3	0.01503	0.01333	0.02239	0.58138	0.04267	0.01567	0.08811	0.07104	0.01562	0.04993	0.01330	0.01834	0.00978	0.00690	0.00697	0.00226	0.00911	0.00633	0.00361	0.00825
4	0.21034	0.12960	0.02019	0.01375	0.01877	0.09714	0.01151	0.36257	0.02321	0.03333	0.01313	0.01392	0.00991	0.00730	0.00579	0.00195	0.00748	0.00502	0.00529	0.00981
5	0.02601	0.01916	0.02053	0.01574	0.02122	0.02122	0.01300	0.69408	0.03217	0.04312	0.01643	0.01643	0.01163	0.00821	0.00684	0.00205	0.00753	0.00616	0.00684	0.01163
6	0.02024	0.01565	0.01680	0.01428	0.01865	0.01764	0.01134	0.20601	0.48578	0.07800	0.02484	0.02303	0.01824	0.00895	0.00693	0.00224	0.00599	0.00727	0.00703	0.01109
7	0.02601	0.01916	0.02053	0.01574	0.02122	0.02122	0.01300	0.69408	0.03217	0.04312	0.01643	0.01643	0.01163	0.00821	0.00684	0.00205	0.00753	0.00616	0.00684	0.01163
8	0.02601	0.01916	0.02053	0.01574	0.02122	0.02122	0.01300	0.69408	0.03217	0.04312	0.01643	0.01643	0.01163	0.00821	0.00684	0.00205	0.00753	0.00616	0.00684	0.01163
9	0.02544	0.02528	0.01908	0.01617	0.02043	0.40120	0.01261	0.25638	0.02379	0.08087	0.04348	0.01623	0.01276	0.00785	0.00654	0.00191	0.00980	0.00554	0.00522	0.00943

[dist]
# distance from previous block
# <min> <max>
1	6

[block]
# block no. 10 follows, 31 sequences, length 20
# corresponding to MSA columns:
# 854-873
name=unknown_K
#
# <colnr> <probs for GDERKNQSTAVLIFYWHMCP>
#	G	D	E	R	K	N	Q	S	T	A	V	L	I	F	Y	W	H	M	C	P
0	0.06424	0.01661	0.02043	0.22895	0.07387	0.01882	0.01497	0.41619	0.02458	0.03361	0.01457	0.01670	0.01062	0.00757	0.00670	0.00212	0.00791	0.00600	0.00537	0.01018
1	0.01893	0.01603	0.02295	0.24947	0.26158	0.01770	0.01753	0.26001	0.02091	0.02825	0.01392	0.01716	0.01059	0.00708	0.00682	0.00212	0.00822	0.00611	0.00451	0.01012
2	0.02516	0.01874	0.02006	0.01557	0.02089	0.02082	0.01280	0.63222	0.09540	0.04175	0.01750	0.01728	0.01250	0.00831	0.00685	0.00208	0.00733	0.00631	0.00685	0.01156
3	0.02513	0.01848	0.01982	0.01529	0.02047	0.02042	0.01252	0.65677	0.03095	0.04149	0.01671	0.01797	0.01236	0.04919	0.00837	0.00230	0.00748	0.00637	0.00670	0.01123
4	0.06536	0.01822	0.01927	0.01513	0.02032	0.02032	0.01240	0.56584	0.12640	0.04042	0.01769	0.01744	0.01273	0.00827	0.00672	0.00209	0.00711	0.00626	0.00672	0.01130
5	0.01313	0.01237	0.02089	0.70687	0.08175	0.01525	0.01910	0.01766	0.01378	0.01773	0.01220	0.01817	0.00921	0.00680	0.00684	0.00227	0.00907	0.00608	0.00306	0.00777
6	0.02359	0.01857	0.02283	0.01743	0.02293	0.02019	0.11060	0.52426	0.10446	0.03845	0.01732	0.01773	0.01248	0.00798	0.00703	0.00212	0.00787	0.00661	0.00637	0.01120
7	0.01097	0.00885	0.01021	0.01035	0.01204	0.05350	0.00819	0.01393	0.01785	0.02386	0.41003	0.09065	0.07826	0.01548	0.00839	0.00246	0.00477	0.20698	0.00681	0.00643
8	0.00954	0.00699	0.00894	0.00845	0.01013	0.00639	0.00634	0.01263	0.01902	0.02662	0.65488	0.05244	0.12346	0.01429	0.00807	0.00217	0.00325	0.01256	0.00742	0.00639
9	0.01496	0.01272	0.01489	0.01084	0.01660	0.01041	0.00872	0.05941	0.01514	0.02333	0.01228	0.01436	0.01017	0.00557	0.00596	0.00117	0.03865	0.00427	0.00418	0.71636
10	0.00809	0.00693	0.00693	0.00693	0.00924	0.00578	0.00520	0.00982	0.01559	0.01848	0.06931	0.06584	0.71411	0.01733	0.00809	0.00231	0.00347	0.01444	0.00635	0.00578
11	0.00834	0.00595	0.00794	0.00953	0.00992	0.00556	0.00635	0.00953	0.01310	0.01746	0.03771	0.75510	0.04525	0.02143	0.00873	0.00278	0.00397	0.01945	0.00635	0.00556
12	0.01419	0.01216	0.01419	0.01013	0.01621	0.00912	0.00811	0.01723	0.01419	0.02229	0.01216	0.01419	0.01013	0.00507	0.00507	0.00101	0.00507	0.00405	0.00405	0.80139
13	0.01693	0.01626	0.02777	0.04199	0.71689	0.01626	0.02100	0.02100	0.01558	0.02235	0.01287	0.01693	0.01084	0.00610	0.00677	0.00203	0.00813	0.00610	0.00339	0.01084
14	0.01379	0.01182	0.01372	0.00993	0.01576	0.00890	0.00792	0.01675	0.01428	0.02205	0.01584	0.01751	0.05544	0.00586	0.00526	0.00110	0.00496	0.00472	0.00420	0.75019
15	0.02554	0.01843	0.01990	0.01542	0.02076	0.02032	0.01268	0.60913	0.08430	0.07620	0.01785	0.01749	0.01263	0.00831	0.00685	0.00208	0.00728	0.00632	0.00694	0.01157
16	0.06832	0.01425	0.01513	0.01153	0.01699	0.04116	0.00926	0.14324	0.05501	0.04841	0.01628	0.01726	0.03879	0.00662	0.00566	0.00146	0.00580	0.00513	0.00494	0.47476
17	0.22167	0.05400	0.01704	0.01394	0.01777	0.25152	0.01108	0.13221	0.04146	0.05909	0.03715	0.03856	0.01276	0.00816	0.00696	0.00205	0.05571	0.00556	0.00476	0.00856
18	0.12881	0.06606	0.04203	0.01384	0.01894	0.04765	0.01177	0.30212	0.08774	0.16324	0.01835	0.01916	0.01340	0.00819	0.00639	0.00209	0.00695	0.02655	0.00627	0.01044
19	0.10389	0.01707	0.01765	0.08639	0.02145	0.13306	0.04665	0.18823	0.05921	0.11747	0.04330	0.04976	0.05121	0.00878	0.00667	0.00209	0.00756	0.00700	0.00560	0.02695

[dist]
# distance from previous block
# <min> <max>
0	30

[block]
# block no. 11 follows, 31 sequences, length 15
# corresponding to MSA columns:
# 904-918
name=unknown_L
#
# <colnr> <probs for GDERKNQSTAVLIFYWHMCP>
#	G	D	E	R	K	N	Q	S	T	A	V	L	I	F	Y	W	H	M	C	P
0	0.11389	0.01877	0.01892	0.01483	0.02002	0.06533	0.01216	0.52383	0.02806	0.09341	0.01611	0.01611	0.01140	0.00795	0.00651	0.00205	0.00745	0.00583	0.00647	0.01092
1	0.09788	0.01359	0.01597	0.01307	0.01732	0.08049	0.04946	0.04903	0.03791	0.36437	0.06665	0.06433	0.01949	0.01245	0.06389	0.00284	0.00749	0.00752	0.00664	0.00961
2	0.27775	0.01863	0.01435	0.01264	0.01658	0.22592	0.00997	0.09230	0.04136	0.04935	0.03916	0.02127	0.05802	0.00844	0.00595	0.00201	0.00749	0.03954	0.00487	0.05440
3	0.02298	0.06983	0.04710	0.01624	0.02032	0.48334	0.01292	0.09701	0.08269	0.02087	0.01601	0.01693	0.04905	0.00785	0.00633	0.00187	0.01033	0.00543	0.00429	0.00860
4	0.02542	0.01887	0.02020	0.01562	0.02099	0.02094	0.01286	0.65080	0.07641	0.04216	0.01718	0.01702	0.01224	0.00828	0.00685	0.00207	0.00739	0.00626	0.00685	0.01158
5	0.02338	0.01509	0.01552	0.01290	0.01714	0.12080	0.01019	0.09270	0.09453	0.31419	0.08112	0.08052	0.02141	0.00958	0.00691	0.00206	0.00652	0.00780	0.00687	0.06078
6	0.07067	0.01287	0.01588	0.01253	0.01750	0.01243	0.01025	0.11775	0.09554	0.49588	0.04869	0.02294	0.01782	0.00860	0.00678	0.00213	0.00588	0.00690	0.00783	0.01114
7	0.02601	0.01916	0.02053	0.01574	0.02122	0.02122	0.01300	0.69408	0.03217	0.04312	0.01643	0.01643	0.01163	0.00821	0.00684	0.00205	0.00753	0.00616	0.00684	0.01163
8	0.02601	0.01916	0.02053	0.01574	0.02122	0.02122	0.01300	0.69408	0.03217	0.04312	0.01643	0.01643	0.01163	0.00821	0.00684	0.00205	0.00753	0.00616	0.00684	0.01163
9	0.01419	0.01216	0.01419	0.01013	0.01621	0.00912	0.00811	0.01723	0.01419	0.02229	0.01216	0.01419	0.01013	0.00507	0.00507	0.00101	0.00507	0.00405	0.00405	0.80139
