[name]
unknown

[dist]
# distance from previous block
# <min> <max>
0	70

[block]
# block no. 0 follows, 32 sequences, length 27
# corresponding to MSA columns:
# 70-96
name=unknown_A
#
# <colnr> <probs for GDERKNQSTAVLIFYWHMCP>
#	G	D	E	R	K	N	Q	S	T	A	V	L	I	F	Y	W	H	M	C	P
0	0.01851	0.01588	0.05840	0.05564	0.07776	0.01585	0.01284	0.33164	0.05376	0.03030	0.02062	0.10774	0.04791	0.00986	0.00743	0.00212	0.03239	0.02527	0.00558	0.07050
1	0.00843	0.00657	0.00749	0.00773	0.00927	0.00581	0.00552	0.01018	0.01507	0.01927	0.18692	0.21593	0.38622	0.07276	0.01002	0.00265	0.00369	0.01453	0.00630	0.00563
2	0.13463	0.01359	0.01529	0.01279	0.01699	0.01447	0.04066	0.11876	0.27671	0.08137	0.02119	0.07541	0.01718	0.02941	0.00712	0.00219	0.00577	0.00724	0.00592	0.10333
3	0.04127	0.03453	0.01634	0.05343	0.06875	0.01540	0.01110	0.21135	0.22520	0.02821	0.04788	0.05719	0.07087	0.05171	0.03447	0.00270	0.00656	0.00797	0.00583	0.00926
4	0.01072	0.00750	0.00950	0.00979	0.01123	0.00750	0.00708	0.01433	0.08990	0.05929	0.10964	0.37130	0.09684	0.04277	0.11607	0.00382	0.00617	0.01392	0.00609	0.00651
5	0.00976	0.00651	0.00732	0.00732	0.00732	0.00651	0.00407	0.00976	0.00976	0.01301	0.02114	0.04391	0.02439	0.76419	0.03415	0.00651	0.00651	0.00976	0.00407	0.00407
6	0.01391	0.01193	0.01391	0.00994	0.01590	0.00894	0.00795	0.01690	0.01391	0.02186	0.01193	0.01391	0.00994	0.00497	0.00497	0.00099	0.00497	0.00398	0.00398	0.80521
7	0.01497	0.01427	0.02427	0.33586	0.44048	0.01551	0.01978	0.01915	0.01450	0.01993	0.01233	0.01714	0.00993	0.00628	0.00667	0.00209	0.00838	0.00597	0.00318	0.00930
8	0.01434	0.00767	0.00916	0.00853	0.01070	0.00732	0.00648	0.01794	0.05241	0.14352	0.19734	0.12021	0.04829	0.01122	0.00649	0.00198	0.00379	0.00958	0.31577	0.00727
9	0.00868	0.00629	0.00814	0.00941	0.00998	0.00604	0.00633	0.01067	0.04449	0.01777	0.05951	0.66896	0.04304	0.05441	0.00964	0.00286	0.00405	0.01789	0.00620	0.00565
10	0.01602	0.01345	0.01445	0.01292	0.01645	0.01526	0.01005	0.06780	0.56349	0.02865	0.13689	0.02855	0.02682	0.00978	0.00699	0.00224	0.00508	0.00823	0.00691	0.00998
11	0.01433	0.01195	0.01228	0.01116	0.01391	0.05088	0.00862	0.06650	0.27381	0.02568	0.16088	0.05389	0.12336	0.01114	0.00747	0.00215	0.03158	0.00917	0.10301	0.00824
12	0.10532	0.00865	0.00924	0.00879	0.01032	0.00913	0.00612	0.05251	0.08143	0.02121	0.09640	0.09872	0.02615	0.31141	0.01798	0.02607	0.00531	0.00923	0.08997	0.00606
13	0.00813	0.00603	0.00759	0.00884	0.00960	0.00549	0.00601	0.00940	0.01333	0.01733	0.04310	0.62247	0.17777	0.02023	0.00844	0.00263	0.00380	0.01810	0.00623	0.00549
14	0.01003	0.00690	0.00915	0.00927	0.01025	0.00718	0.00659	0.01151	0.01158	0.04281	0.02691	0.15996	0.08664	0.23642	0.32634	0.00713	0.01064	0.01054	0.00459	0.00555
15	0.01137	0.00758	0.00897	0.00907	0.01076	0.00723	0.00656	0.04895	0.04513	0.06732	0.08243	0.35724	0.18442	0.03910	0.00852	0.00250	0.00411	0.01414	0.07808	0.00651
16	0.01155	0.00695	0.00990	0.00966	0.01043	0.00743	0.00700	0.04286	0.01106	0.01542	0.04150	0.02349	0.01553	0.03087	0.26397	0.44372	0.00981	0.00655	0.02770	0.00459
17	0.01839	0.01526	0.01613	0.01400	0.01810	0.01748	0.01103	0.16394	0.57915	0.03081	0.02515	0.02331	0.01873	0.00890	0.00681	0.00223	0.00571	0.00729	0.00681	0.01077
18	0.19307	0.01157	0.01305	0.01077	0.01474	0.01178	0.00868	0.10655	0.03669	0.30189	0.04135	0.02176	0.01592	0.04549	0.05530	0.00280	0.00629	0.00629	0.08687	0.00913
19	0.01065	0.00763	0.00988	0.00969	0.01101	0.00813	0.00715	0.03789	0.05327	0.01934	0.13691	0.10388	0.04841	0.12581	0.29308	0.04400	0.00978	0.00955	0.04788	0.00607
20	0.01109	0.00873	0.01001	0.00932	0.01161	0.00868	0.00709	0.04789	0.14365	0.02519	0.36672	0.07501	0.22168	0.01374	0.00769	0.00220	0.00384	0.01182	0.00691	0.00714
21	0.01674	0.01221	0.01327	0.01188	0.01526	0.01339	0.00923	0.07161	0.41410	0.09227	0.02928	0.08197	0.06795	0.01022	0.00674	0.00218	0.00497	0.00854	0.10872	0.00947
22	0.00946	0.00631	0.00759	0.00798	0.00895	0.00590	0.00548	0.01060	0.01338	0.01837	0.12398	0.25012	0.17411	0.11968	0.01345	0.09747	0.00419	0.01274	0.10502	0.00522
23	0.01409	0.01340	0.07470	0.01274	0.01605	0.01268	0.02940	0.10046	0.26434	0.02440	0.04707	0.19092	0.05729	0.06572	0.04277	0.00301	0.00631	0.01032	0.00589	0.00844
24	0.01470	0.05019	0.04335	0.35137	0.17531	0.05728	0.08105	0.01869	0.01402	0.01837	0.01216	0.01716	0.00980	0.00925	0.04967	0.00266	0.05755	0.00598	0.00314	0.00830
25	0.01061	0.00719	0.00882	0.00821	0.01028	0.00640	0.00623	0.01329	0.01788	0.07840	0.46674	0.05242	0.25984	0.01430	0.00783	0.00216	0.00343	0.01234	0.00711	0.00652
26	0.01770	0.22897	0.04444	0.01730	0.09904	0.08860	0.01326	0.07319	0.13335	0.02073	0.01390	0.01677	0.01184	0.04305	0.01012	0.00225	0.14703	0.00555	0.00401	0.00890

[dist]
# distance from previous block
# <min> <max>
0	1

[block]
# block no. 1 follows, 32 sequences, length 45
# corresponding to MSA columns:
# 98-142
name=unknown_B
#
# <colnr> <probs for GDERKNQSTAVLIFYWHMCP>
#	G	D	E	R	K	N	Q	S	T	A	V	L	I	F	Y	W	H	M	C	P
0	0.00826	0.00666	0.00735	0.00749	0.00934	0.00576	0.00550	0.01015	0.01561	0.01961	0.18473	0.16727	0.49477	0.01699	0.00802	0.00231	0.00343	0.01453	0.00645	0.00576
1	0.06006	0.04363	0.01570	0.01148	0.01651	0.06668	0.00917	0.16170	0.01748	0.02518	0.01289	0.01564	0.01072	0.04295	0.00755	0.03184	0.00622	0.00475	0.00445	0.43541
2	0.02778	0.01287	0.01688	0.14055	0.05245	0.03479	0.05846	0.11463	0.12662	0.02286	0.02013	0.06593	0.04214	0.08071	0.10300	0.00361	0.00851	0.00771	0.00473	0.05563
3	0.15166	0.01138	0.03034	0.01083	0.03916	0.04845	0.00802	0.01766	0.08578	0.06544	0.06854	0.05586	0.16892	0.08145	0.01070	0.07034	0.00540	0.00849	0.03044	0.03113
4	0.01071	0.00781	0.00928	0.00861	0.01059	0.00705	0.00611	0.01316	0.04118	0.04082	0.19818	0.15229	0.13015	0.19666	0.01389	0.00313	0.00456	0.01131	0.00572	0.12879
5	0.05105	0.01099	0.01362	0.06805	0.03753	0.05843	0.04623	0.01619	0.03299	0.04452	0.18615	0.16871	0.05244	0.01216	0.00727	0.00216	0.00567	0.06979	0.00551	0.11054
6	0.08692	0.03389	0.01292	0.05511	0.01475	0.01134	0.00887	0.03694	0.05302	0.10134	0.08467	0.14530	0.06649	0.07992	0.01239	0.04877	0.10207	0.00935	0.02888	0.00708
7	0.01419	0.10866	0.01475	0.01072	0.01379	0.01277	0.00848	0.07891	0.18559	0.04442	0.17421	0.11016	0.09875	0.05940	0.00869	0.00238	0.00502	0.00976	0.00608	0.03328
8	0.00991	0.00790	0.00899	0.00884	0.01098	0.00735	0.00661	0.03306	0.07440	0.02100	0.14595	0.21669	0.32250	0.01591	0.00783	0.00230	0.00395	0.03855	0.00633	0.05093
9	0.01082	0.13462	0.01292	0.00911	0.01146	0.01010	0.00714	0.03458	0.04130	0.02007	0.15607	0.24801	0.24926	0.01513	0.00742	0.00222	0.00433	0.01295	0.00590	0.00657
10	0.09685	0.00910	0.00981	0.00924	0.01157	0.00927	0.00693	0.05746	0.10360	0.04574	0.13557	0.13726	0.20443	0.06185	0.00960	0.03266	0.00446	0.01095	0.03677	0.00688
11	0.03943	0.01035	0.01142	0.01007	0.01319	0.01031	0.00771	0.06386	0.18001	0.05817	0.13183	0.07735	0.16996	0.05848	0.00863	0.00233	0.00465	0.00964	0.02778	0.10483
12	0.01057	0.00912	0.03579	0.01046	0.01239	0.00852	0.00811	0.03603	0.13189	0.02029	0.03877	0.37364	0.16110	0.01806	0.03167	0.00281	0.00502	0.07282	0.00613	0.00679
13	0.01378	0.01094	0.01092	0.01041	0.01237	0.10213	0.00764	0.05738	0.01666	0.08139	0.18663	0.23930	0.10332	0.07628	0.03721	0.00292	0.00586	0.01204	0.00607	0.00676
14	0.05998	0.01042	0.01193	0.01087	0.01352	0.01067	0.00833	0.16081	0.06484	0.04794	0.14860	0.23749	0.05319	0.04152	0.00841	0.00243	0.00500	0.04714	0.00632	0.05060
15	0.01102	0.00741	0.00910	0.00912	0.01076	0.00713	0.00660	0.01370	0.05652	0.08120	0.08306	0.26141	0.20350	0.09875	0.10533	0.00392	0.00607	0.01310	0.00596	0.00633
16	0.24159	0.01340	0.01432	0.01172	0.01578	0.03571	0.03447	0.15477	0.04454	0.19334	0.02028	0.02276	0.05155	0.10609	0.00966	0.00265	0.00626	0.00653	0.00579	0.00877
17	0.00932	0.00726	0.00947	0.00991	0.01062	0.00764	0.00714	0.01047	0.01278	0.01707	0.06154	0.42853	0.15476	0.03777	0.03919	0.04909	0.10152	0.01482	0.00550	0.00561
18	0.00940	0.00702	0.00966	0.00966	0.01078	0.00770	0.00720	0.01129	0.01119	0.01546	0.02502	0.03440	0.10929	0.17141	0.51936	0.00893	0.01407	0.00854	0.00402	0.00561
19	0.01859	0.01276	0.01424	0.01247	0.01607	0.01394	0.00961	0.03168	0.47518	0.17193	0.02633	0.02702	0.02018	0.10689	0.01036	0.00278	0.00555	0.00769	0.00678	0.00994
20	0.00937	0.00714	0.01027	0.01027	0.01160	0.00803	0.00796	0.01168	0.01137	0.01591	0.02446	0.03132	0.10795	0.04600	0.64294	0.00968	0.01608	0.00809	0.00394	0.00595
21	0.01038	0.00713	0.00893	0.03617	0.01018	0.00749	0.00583	0.02921	0.01095	0.01485	0.04566	0.03767	0.02269	0.50880	0.15696	0.06091	0.00851	0.00888	0.00406	0.00474
22	0.01644	0.01669	0.04784	0.10396	0.42033	0.01636	0.17975	0.05748	0.03345	0.02259	0.01332	0.01720	0.01059	0.00617	0.00695	0.00209	0.00881	0.00645	0.00356	0.00997
23	0.01259	0.01044	0.01048	0.00988	0.01189	0.10145	0.00738	0.01556	0.03518	0.06391	0.43268	0.12776	0.10767	0.01355	0.00766	0.00215	0.00463	0.01169	0.00668	0.00676
24	0.00999	0.00816	0.00927	0.00871	0.01057	0.00816	0.00664	0.01213	0.03466	0.03977	0.09565	0.05300	0.48424	0.07951	0.01193	0.00270	0.10087	0.01216	0.00577	0.00611
25	0.02009	0.04562	0.01814	0.06178	0.09674	0.21762	0.01235	0.14419	0.04156	0.08299	0.06240	0.03745	0.03724	0.03208	0.00815	0.02812	0.00808	0.03177	0.00499	0.00863
26	0.01339	0.01296	0.03249	0.04756	0.02953	0.10428	0.00951	0.01996	0.17646	0.02383	0.31156	0.10287	0.06474	0.01188	0.00736	0.00217	0.00546	0.01018	0.00617	0.00764
27	0.71652	0.07942	0.01241	0.00927	0.01360	0.01625	0.00781	0.04177	0.01226	0.02924	0.00956	0.01106	0.00752	0.00624	0.00425	0.00202	0.00544	0.00371	0.00412	0.00752
28	0.01793	0.01213	0.01445	0.01087	0.01638	0.01016	0.00873	0.02289	0.10543	0.18172	0.01720	0.01737	0.01281	0.00626	0.00561	0.00140	0.00518	0.00507	0.00532	0.52308
29	0.70795	0.01284	0.01119	0.10472	0.01729	0.01503	0.00874	0.01939	0.01168	0.02842	0.00968	0.01181	0.00748	0.00629	0.00448	0.00210	0.00568	0.00394	0.00400	0.00729
30	0.02272	0.01732	0.02012	0.01832	0.11084	0.01912	0.01334	0.52114	0.04630	0.03681	0.01598	0.01703	0.01185	0.00928	0.03036	0.00231	0.03460	0.00611	0.03567	0.01078
31	0.01586	0.01311	0.01495	0.01094	0.01674	0.01109	0.00881	0.12713	0.03874	0.02534	0.01308	0.01462	0.01051	0.00560	0.00531	0.00120	0.00537	0.00442	0.00450	0.65269
32	0.01186	0.00850	0.01011	0.01022	0.01198	0.00844	0.00748	0.10479	0.05585	0.04780	0.03804	0.45659	0.14326	0.01740	0.00807	0.00252	0.00452	0.03932	0.00640	0.00683
33	0.01699	0.51618	0.13739	0.10853	0.02298	0.06476	0.01451	0.02027	0.01400	0.01683	0.01014	0.01228	0.00864	0.00603	0.00503	0.00166	0.00811	0.00415	0.00291	0.00861
34	0.00951	0.00657	0.00814	0.00835	0.00866	0.00678	0.00530	0.01020	0.01038	0.01411	0.02250	0.13290	0.02530	0.51010	0.18621	0.00696	0.00870	0.01040	0.00424	0.00467
35	0.03933	0.03879	0.13702	0.01391	0.04474	0.01283	0.02697	0.09195	0.01592	0.04650	0.01268	0.01451	0.00995	0.00596	0.00604	0.00149	0.02854	0.00464	0.00412	0.44412
36	0.01508	0.25535	0.18907	0.10950	0.03975	0.01681	0.03482	0.01896	0.01419	0.05779	0.01790	0.04864	0.06016	0.03105	0.00693	0.00208	0.00759	0.03141	0.00376	0.03917
37	0.01041	0.00756	0.00935	0.01004	0.01114	0.00745	0.00703	0.09894	0.01536	0.02043	0.03544	0.63718	0.06550	0.01919	0.00830	0.00262	0.00433	0.01720	0.00629	0.00623
38	0.01540	0.01208	0.01756	0.20122	0.13698	0.01345	0.01363	0.05832	0.03589	0.10243	0.04362	0.07543	0.11906	0.01030	0.00920	0.00230	0.11167	0.00835	0.00480	0.00831
39	0.01085	0.00832	0.00945	0.00873	0.01101	0.00788	0.00665	0.10037	0.01872	0.02469	0.31808	0.09665	0.32393	0.01479	0.00781	0.00220	0.00385	0.01261	0.00675	0.00666
40	0.06287	0.01656	0.01969	0.23406	0.11753	0.14037	0.03566	0.07827	0.03330	0.04262	0.01372	0.04025	0.01135	0.01023	0.05039	0.00266	0.07206	0.00616	0.00390	0.00834
41	0.02034	0.35920	0.02751	0.04482	0.11113	0.22142	0.01348	0.09346	0.01722	0.01960	0.01086	0.01272	0.00919	0.00638	0.00544	0.00168	0.00873	0.00445	0.00350	0.00889
42	0.00921	0.00701	0.00839	0.00887	0.01039	0.00647	0.00656	0.03702	0.01557	0.02016	0.14589	0.31884	0.27930	0.01782	0.00825	0.00249	0.00398	0.08142	0.00641	0.00595
43	0.01534	0.04165	0.16948	0.04716	0.10846	0.05449	0.08417	0.05786	0.03190	0.04061	0.05425	0.01950	0.01416	0.01466	0.12697	0.00358	0.09685	0.00640	0.00386	0.00867
44	0.04806	0.16880	0.04534	0.01276	0.01745	0.05225	0.01129	0.06421	0.01750	0.33798	0.02095	0.02526	0.01622	0.00902	0.00703	0.00209	0.03543	0.09270	0.00603	0.00963

[dist]
# distance from previous block
# <min> <max>
0	1

[block]
# block no. 2 follows, 32 sequences, length 163
# corresponding to MSA columns:
# 144-306
name=unknown_C
#
# <colnr> <probs for GDERKNQSTAVLIFYWHMCP>
#	G	D	E	R	K	N	Q	S	T	A	V	L	I	F	Y	W	H	M	C	P
0	0.02158	0.01000	0.01421	0.01139	0.01528	0.00886	0.04141	0.02454	0.01896	0.42688	0.28928	0.03299	0.03407	0.01024	0.00725	0.00210	0.00501	0.00885	0.00772	0.00937
1	0.01400	0.15914	0.52994	0.01776	0.04549	0.01676	0.02103	0.02025	0.01411	0.02011	0.01357	0.04614	0.01127	0.00735	0.00623	0.00207	0.00899	0.03329	0.00313	0.00938
2	0.01827	0.04165	0.07165	0.06683	0.02215	0.22501	0.09942	0.06627	0.05031	0.06807	0.04372	0.09910	0.04100	0.00964	0.00700	0.00213	0.00863	0.04616	0.00472	0.00826
3	0.71045	0.01287	0.01063	0.03874	0.01448	0.01485	0.00789	0.04587	0.01265	0.02991	0.04362	0.01326	0.01018	0.00668	0.00453	0.00208	0.00533	0.00423	0.00436	0.00739
4	0.03713	0.01078	0.01320	0.01289	0.04798	0.03019	0.03074	0.03862	0.15922	0.11840	0.10702	0.20788	0.07026	0.04236	0.00853	0.00250	0.00532	0.04261	0.00633	0.00805
5	0.01401	0.03458	0.69546	0.01904	0.02864	0.05008	0.02423	0.02151	0.01440	0.02102	0.01196	0.01407	0.00851	0.00640	0.00636	0.00211	0.01002	0.00493	0.00286	0.00981
6	0.00934	0.00710	0.01039	0.01036	0.01120	0.00684	0.06225	0.01059	0.01208	0.01619	0.02948	0.45257	0.03436	0.24075	0.05092	0.00419	0.00594	0.01484	0.00523	0.00536
7	0.01395	0.01206	0.01423	0.01031	0.01598	0.00950	0.00827	0.01686	0.01374	0.02159	0.01178	0.01395	0.00988	0.00529	0.00578	0.00109	0.04067	0.00407	0.00393	0.76707
8	0.01395	0.01206	0.01423	0.01031	0.01598	0.00950	0.00827	0.01686	0.01374	0.02159	0.01178	0.01395	0.00988	0.00529	0.00578	0.00109	0.04067	0.00407	0.00393	0.76707
9	0.01522	0.16604	0.47632	0.02006	0.09138	0.05217	0.04771	0.02125	0.01447	0.02009	0.01158	0.01383	0.00879	0.00622	0.00607	0.00197	0.00939	0.00489	0.00294	0.00961
10	0.00939	0.00680	0.00846	0.00846	0.00926	0.00703	0.00577	0.01052	0.01106	0.01479	0.02799	0.04122	0.13994	0.38460	0.27851	0.00730	0.01003	0.00960	0.00427	0.00502
11	0.00829	0.00613	0.00779	0.00906	0.00987	0.00563	0.00631	0.00968	0.01346	0.01749	0.04257	0.58989	0.16777	0.02013	0.00849	0.00266	0.00394	0.05906	0.00623	0.00553
12	0.02207	0.01540	0.01788	0.01610	0.07604	0.01664	0.01196	0.27994	0.25857	0.15498	0.04376	0.02144	0.01699	0.00847	0.00679	0.00212	0.00630	0.00688	0.00677	0.01092
13	0.01761	0.04828	0.09263	0.10455	0.29458	0.04607	0.16884	0.04199	0.01603	0.08420	0.01382	0.01696	0.01055	0.00632	0.00680	0.00206	0.00891	0.00622	0.00379	0.00978
14	0.01609	0.01646	0.02175	0.40809	0.21065	0.13207	0.01792	0.03906	0.01521	0.01892	0.01187	0.01648	0.00939	0.00676	0.00707	0.00211	0.03275	0.00570	0.00325	0.00841
15	0.02226	0.01603	0.01707	0.01354	0.01805	0.01769	0.01104	0.51122	0.08870	0.03775	0.01820	0.01859	0.01331	0.00810	0.00634	0.00195	0.00639	0.00622	0.15719	0.01036
16	0.00885	0.00672	0.00815	0.00835	0.00985	0.00616	0.00617	0.01095	0.01553	0.02046	0.26228	0.17595	0.27635	0.06161	0.04452	0.00300	0.00447	0.05849	0.00634	0.00580
17	0.01624	0.01376	0.01449	0.01309	0.01664	0.01585	0.01011	0.03378	0.65312	0.02734	0.02684	0.02579	0.02050	0.03937	0.00784	0.00242	0.00527	0.00762	0.03978	0.01018
18	0.01053	0.00770	0.00958	0.01004	0.01145	0.00753	0.00746	0.08341	0.01628	0.02168	0.13492	0.42136	0.10551	0.01789	0.00831	0.00257	0.00443	0.10657	0.00644	0.00633
19	0.01656	0.08291	0.02820	0.06234	0.60841	0.01689	0.04716	0.02047	0.01509	0.02119	0.01234	0.01619	0.01037	0.00597	0.00649	0.00196	0.00807	0.00584	0.00327	0.01028
20	0.01609	0.01644	0.02102	0.33734	0.07537	0.12444	0.03981	0.05163	0.03668	0.01878	0.01174	0.01633	0.00950	0.00800	0.01031	0.00230	0.18700	0.00582	0.00338	0.00802
21	0.02031	0.44473	0.02776	0.01370	0.01847	0.27312	0.01192	0.02381	0.07756	0.01710	0.01129	0.01250	0.00968	0.00645	0.00514	0.00161	0.00872	0.00420	0.00343	0.00850
22	0.81159	0.01298	0.00986	0.00882	0.01298	0.01505	0.00727	0.01972	0.01142	0.03010	0.00934	0.01090	0.00727	0.00623	0.00415	0.00208	0.00519	0.00363	0.00415	0.00727
23	0.01372	0.01249	0.02013	0.68816	0.04414	0.01539	0.01815	0.07297	0.01490	0.01920	0.01227	0.01774	0.00915	0.00682	0.00671	0.00222	0.00882	0.00597	0.00329	0.00778
24	0.01078	0.00747	0.00950	0.00908	0.00984	0.00793	0.00619	0.01176	0.01056	0.03800	0.01944	0.03547	0.02058	0.46307	0.23915	0.00724	0.04510	0.00849	0.00401	0.03634
25	0.01267	0.01193	0.02013	0.74806	0.04621	0.01491	0.01863	0.01714	0.01342	0.01714	0.01193	0.01789	0.00894	0.00671	0.00671	0.00224	0.00894	0.00596	0.00298	0.00745
26	0.00932	0.00667	0.00862	0.00865	0.00962	0.00655	0.00607	0.01124	0.01435	0.01990	0.30915	0.15726	0.06283	0.20135	0.13400	0.00469	0.00652	0.01191	0.00575	0.00557
27	0.01251	0.00625	0.00625	0.00625	0.00782	0.00625	0.00469	0.01563	0.01407	0.02502	0.02189	0.02502	0.01720	0.00782	0.00469	0.00156	0.00313	0.00625	0.80144	0.00625
28	0.01500	0.01438	0.02657	0.35626	0.03707	0.01542	0.27306	0.04754	0.04460	0.04514	0.04733	0.01989	0.01283	0.00685	0.00723	0.00223	0.00924	0.00709	0.00384	0.00843
29	0.01592	0.01565	0.08947	0.01506	0.05157	0.01475	0.04037	0.07773	0.38408	0.04853	0.04549	0.02900	0.12347	0.00972	0.00700	0.00222	0.00599	0.00820	0.00607	0.00973
30	0.01251	0.00625	0.00625	0.00625	0.00782	0.00625	0.00469	0.01563	0.01407	0.02502	0.02189	0.02502	0.01720	0.00782	0.00469	0.00156	0.00313	0.00625	0.80144	0.00625
31	0.04348	0.01633	0.04937	0.04669	0.17743	0.08901	0.06707	0.03778	0.01467	0.04255	0.03820	0.07505	0.01572	0.00985	0.01100	0.00238	0.20495	0.04613	0.00400	0.00836
32	0.00971	0.00730	0.00961	0.00909	0.01048	0.00727	0.00685	0.01249	0.01728	0.02438	0.55699	0.07642	0.08151	0.03856	0.05424	0.00285	0.05029	0.01175	0.00669	0.00624
33	0.01166	0.00583	0.00874	0.00874	0.00874	0.00583	0.00583	0.00874	0.00874	0.01166	0.01166	0.02040	0.01166	0.02331	0.02622	0.80478	0.00583	0.00583	0.00291	0.00291
34	0.01661	0.01594	0.02724	0.04119	0.72233	0.01594	0.02059	0.02059	0.01528	0.02192	0.01262	0.01661	0.01063	0.00598	0.00664	0.00199	0.00797	0.00598	0.00332	0.01063
35	0.01391	0.01193	0.01391	0.00994	0.01590	0.00894	0.00795	0.01690	0.01391	0.02186	0.01193	0.01391	0.00994	0.00497	0.00497	0.00099	0.00497	0.00398	0.00398	0.80521
36	0.01794	0.76823	0.03516	0.01148	0.01722	0.02655	0.01148	0.02009	0.01363	0.01579	0.00933	0.01076	0.00861	0.00574	0.00431	0.00144	0.00718	0.00359	0.00287	0.00861
37	0.01267	0.01193	0.02013	0.74806	0.04621	0.01491	0.01863	0.01714	0.01342	0.01714	0.01193	0.01789	0.00894	0.00671	0.00671	0.00224	0.00894	0.00596	0.00298	0.00745
38	0.01479	0.00826	0.00859	0.00785	0.01008	0.00855	0.00607	0.09592	0.04947	0.05042	0.02163	0.02392	0.01667	0.00792	0.00509	0.00167	0.00381	0.00631	0.64576	0.00723
39	0.01468	0.01468	0.02055	0.01762	0.01762	0.02055	0.01468	0.01615	0.01028	0.01615	0.00881	0.01468	0.00881	0.01174	0.02202	0.00294	0.75191	0.00587	0.00294	0.00734
40	0.01468	0.01468	0.02055	0.01762	0.01762	0.02055	0.01468	0.01615	0.01028	0.01615	0.00881	0.01468	0.00881	0.01174	0.02202	0.00294	0.75191	0.00587	0.00294	0.00734
41	0.01251	0.00625	0.00625	0.00625	0.00782	0.00625	0.00469	0.01563	0.01407	0.02502	0.02189	0.02502	0.01720	0.00782	0.00469	0.00156	0.00313	0.00625	0.80144	0.00625
42	0.02551	0.01879	0.02014	0.01544	0.02081	0.02081	0.01275	0.69996	0.03155	0.04229	0.01611	0.01611	0.01141	0.00805	0.00671	0.00201	0.00738	0.00604	0.00671	0.01141
43	0.02345	0.01553	0.01878	0.07172	0.07863	0.01663	0.01278	0.32058	0.13929	0.20181	0.01988	0.01940	0.01393	0.00802	0.00673	0.00209	0.00680	0.00646	0.00656	0.01092
44	0.01251	0.00625	0.00625	0.00625	0.00782	0.00625	0.00469	0.01563	0.01407	0.02502	0.02189	0.02502	0.01720	0.00782	0.00469	0.00156	0.00313	0.00625	0.80144	0.00625
45	0.02162	0.31397	0.06892	0.01518	0.01991	0.42079	0.01312	0.02389	0.01666	0.01648	0.01008	0.01172	0.00862	0.00643	0.00540	0.00164	0.01008	0.00408	0.00319	0.00823
46	0.01416	0.01325	0.02207	0.28796	0.38139	0.01422	0.01793	0.01814	0.01489	0.02038	0.06741	0.02302	0.04634	0.00759	0.00688	0.00213	0.00772	0.02198	0.00370	0.00886
47	0.01251	0.00625	0.00625	0.00625	0.00782	0.00625	0.00469	0.01563	0.01407	0.02502	0.02189	0.02502	0.01720	0.00782	0.00469	0.00156	0.00313	0.00625	0.80144	0.00625
48	0.00877	0.00712	0.00828	0.00813	0.00987	0.00682	0.00609	0.01059	0.01412	0.01793	0.11040	0.05238	0.44193	0.08342	0.15548	0.00431	0.03115	0.01197	0.00553	0.00571
49	0.00818	0.00584	0.00779	0.00934	0.00973	0.00545	0.00623	0.00934	0.01285	0.01713	0.03698	0.75981	0.04438	0.02102	0.00856	0.00273	0.00389	0.01908	0.00623	0.00545
50	0.01630	0.01563	0.02668	0.09594	0.66996	0.01586	0.02044	0.02033	0.01513	0.02155	0.01257	0.01671	0.01050	0.00604	0.00665	0.00201	0.00805	0.00598	0.00330	0.01038
51	0.01103	0.00835	0.01224	0.13292	0.01906	0.00883	0.01194	0.01428	0.01503	0.01950	0.03170	0.08918	0.03394	0.01668	0.00882	0.00294	0.00656	0.54499	0.00566	0.00636
52	0.01794	0.76823	0.03516	0.01148	0.01722	0.02655	0.01148	0.02009	0.01363	0.01579	0.00933	0.01076	0.00861	0.00574	0.00431	0.00144	0.00718	0.00359	0.00287	0.00861
53	0.01468	0.01468	0.02055	0.01762	0.01762	0.02055	0.01468	0.01615	0.01028	0.01615	0.00881	0.01468	0.00881	0.01174	0.02202	0.00294	0.75191	0.00587	0.00294	0.00734
54	0.01468	0.01468	0.02055	0.01762	0.01762	0.02055	0.01468	0.01615	0.01028	0.01615	0.00881	0.01468	0.00881	0.01174	0.02202	0.00294	0.75191	0.00587	0.00294	0.00734
55	0.01251	0.00625	0.00625	0.00625	0.00782	0.00625	0.00469	0.01563	0.01407	0.02502	0.02189	0.02502	0.01720	0.00782	0.00469	0.00156	0.00313	0.00625	0.80144	0.00625
56	0.01352	0.01147	0.01347	0.00981	0.01538	0.00871	0.00781	0.01652	0.01437	0.02231	0.07490	0.01714	0.01469	0.00575	0.00523	0.00109	0.00481	0.00470	0.00428	0.73404
57	0.01166	0.00583	0.00874	0.00874	0.00874	0.00583	0.00583	0.00874	0.00874	0.01166	0.01166	0.02040	0.01166	0.02331	0.02622	0.80478	0.00583	0.00583	0.00291	0.00291
58	0.00951	0.00652	0.00728	0.00732	0.00758	0.00638	0.00424	0.00973	0.01046	0.01369	0.02674	0.06773	0.10101	0.66011	0.03051	0.00593	0.00609	0.01052	0.00437	0.00428
59	0.02577	0.01209	0.01550	0.01170	0.01710	0.01044	0.00960	0.07784	0.01881	0.50273	0.02212	0.02014	0.01458	0.00746	0.00631	0.00180	0.00565	0.00601	0.00712	0.20723
60	0.19599	0.06530	0.28501	0.01449	0.02112	0.01622	0.01542	0.14115	0.04616	0.09208	0.03721	0.01601	0.01179	0.00713	0.00592	0.00206	0.00746	0.00528	0.00463	0.00956
61	0.01251	0.00625	0.00625	0.00625	0.00782	0.00625	0.00469	0.01563	0.01407	0.02502	0.02189	0.02502	0.01720	0.00782	0.00469	0.00156	0.00313	0.00625	0.80144	0.00625
62	0.00941	0.00764	0.00844	0.00810	0.01029	0.00708	0.00611	0.01347	0.09131	0.02220	0.28615	0.05538	0.41998	0.01502	0.00781	0.00221	0.00352	0.01276	0.00669	0.00643
63	0.81159	0.01298	0.00986	0.00882	0.01298	0.01505	0.00727	0.01972	0.01142	0.03010	0.00934	0.01090	0.00727	0.00623	0.00415	0.00208	0.00519	0.00363	0.00415	0.00727
64	0.00974	0.00659	0.00777	0.00777	0.00792	0.00675	0.00463	0.01005	0.00989	0.01334	0.02073	0.04164	0.02341	0.67167	0.12532	0.00706	0.00799	0.00942	0.00400	0.00432
65	0.04008	0.01892	0.04200	0.26387	0.24704	0.19102	0.01727	0.04066	0.01603	0.04317	0.01230	0.01589	0.00966	0.00660	0.00645	0.00202	0.00918	0.00550	0.00351	0.00883
66	0.02506	0.03198	0.01901	0.01729	0.02074	0.73725	0.01296	0.02679	0.01901	0.01642	0.01037	0.01210	0.00864	0.00691	0.00605	0.00173	0.01210	0.00432	0.00346	0.00778
67	0.01570	0.01768	0.03726	0.02698	0.03293	0.01741	0.61438	0.02084	0.01516	0.02084	0.01299	0.01768	0.01001	0.00640	0.00964	0.00234	0.10191	0.00767	0.00334	0.00884
68	0.01608	0.01540	0.02628	0.13638	0.63128	0.01580	0.02033	0.02013	0.01503	0.02128	0.01253	0.01678	0.01040	0.00608	0.00665	0.00203	0.00810	0.00598	0.00328	0.01020
69	0.00941	0.00671	0.00876	0.00897	0.00960	0.00710	0.00614	0.01060	0.01080	0.01479	0.02381	0.13056	0.05206	0.34757	0.31540	0.00758	0.01070	0.01010	0.00424	0.00509
70	0.00976	0.00651	0.00732	0.00732	0.00732	0.00651	0.00407	0.00976	0.00976	0.01301	0.02114	0.04391	0.02439	0.76419	0.03415	0.00651	0.00651	0.00976	0.00407	0.00407
71	0.00839	0.00673	0.00749	0.00748	0.00939	0.00583	0.00554	0.01046	0.01612	0.02051	0.24823	0.12160	0.47576	0.01643	0.00798	0.00226	0.00338	0.01402	0.00656	0.00583
72	0.01609	0.01840	0.03801	0.02741	0.03377	0.04108	0.64284	0.02142	0.01568	0.02107	0.01324	0.01774	0.01006	0.00599	0.00852	0.00228	0.04641	0.00770	0.00337	0.00893
73	0.00976	0.00651	0.00732	0.00732	0.00732	0.00651	0.00407	0.00976	0.00976	0.01301	0.02114	0.04391	0.02439	0.76419	0.03415	0.00651	0.00651	0.00976	0.00407	0.00407
74	0.00818	0.00584	0.00779	0.00934	0.00973	0.00545	0.00623	0.00934	0.01285	0.01713	0.03698	0.75981	0.04438	0.02102	0.00856	0.00273	0.00389	0.01908	0.00623	0.00545
75	0.00968	0.00680	0.00821	0.00883	0.01036	0.00618	0.00663	0.01152	0.01454	0.04694	0.06293	0.29142	0.28582	0.03997	0.00897	0.00264	0.00421	0.12907	0.03936	0.00591
76	0.00980	0.00756	0.01175	0.01137	0.01276	0.00868	0.03154	0.01230	0.01095	0.01577	0.01783	0.02608	0.01655	0.04882	0.71310	0.01050	0.01775	0.00721	0.00359	0.00609
77	0.04081	0.01438	0.01487	0.01257	0.01651	0.06619	0.00997	0.15477	0.24452	0.17091	0.07957	0.02368	0.01997	0.00876	0.00653	0.00205	0.00586	0.00702	0.09125	0.00982
78	0.01697	0.01415	0.01509	0.01347	0.01714	0.01615	0.01047	0.11446	0.56216	0.02879	0.02684	0.09247	0.02160	0.01009	0.00698	0.00229	0.00543	0.00847	0.00676	0.01024
79	0.01359	0.00858	0.01040	0.00987	0.01197	0.00841	0.00731	0.03772	0.10766	0.12506	0.16490	0.22541	0.09732	0.09295	0.01044	0.00277	0.00458	0.02903	0.02477	0.00726
80	0.00959	0.00719	0.01078	0.01078	0.01198	0.00839	0.00839	0.01198	0.01078	0.01558	0.01797	0.02636	0.01677	0.05032	0.73760	0.01078	0.01797	0.00719	0.00359	0.00599
81	0.02788	0.01498	0.01778	0.01363	0.01891	0.01515	0.01126	0.35486	0.02516	0.39640	0.02147	0.01959	0.01410	0.00818	0.00673	0.00205	0.00652	0.00641	0.00754	0.01142
82	0.01314	0.00836	0.00985	0.00933	0.01115	0.00827	0.00661	0.01699	0.11728	0.11899	0.05544	0.15323	0.13519	0.25811	0.04469	0.00401	0.00566	0.01113	0.00585	0.00671
83	0.01272	0.00859	0.01019	0.00984	0.01140	0.02981	0.00709	0.03830	0.06735	0.07838	0.13042	0.20108	0.06979	0.11514	0.07320	0.10755	0.00612	0.01107	0.00563	0.00630
84	0.04257	0.00750	0.00865	0.00813	0.01031	0.00687	0.00618	0.01335	0.03565	0.05715	0.38777	0.05213	0.31058	0.01429	0.00768	0.00217	0.00352	0.01219	0.00684	0.00647
85	0.01017	0.00658	0.00812	0.00879	0.00947	0.00638	0.00585	0.01174	0.03141	0.04465	0.03027	0.41563	0.03425	0.24338	0.01588	0.00375	0.00480	0.03365	0.06976	0.00549
86	0.05108	0.00897	0.00964	0.00910	0.01128	0.02796	0.00667	0.03858	0.05847	0.10133	0.08492	0.16452	0.22687	0.13164	0.01156	0.00292	0.00479	0.01161	0.03133	0.00674
87	0.01177	0.02397	0.00969	0.00907	0.01077	0.00722	0.00675	0.01325	0.01386	0.09988	0.07951	0.15982	0.19882	0.12787	0.09652	0.05238	0.00629	0.06084	0.00565	0.00609
88	0.01984	0.03769	0.01642	0.01347	0.01769	0.03918	0.01073	0.14950	0.42666	0.11904	0.02611	0.02424	0.05109	0.00902	0.00675	0.00216	0.00590	0.00730	0.00674	0.01047
89	0.17854	0.01518	0.01545	0.01268	0.01696	0.01701	0.01025	0.35225	0.14729	0.03445	0.01746	0.01843	0.01319	0.02940	0.02174	0.00234	0.00639	0.00598	0.07533	0.00968
90	0.01449	0.00938	0.01205	0.01225	0.06367	0.00942	0.00851	0.04538	0.09458	0.12583	0.05390	0.08854	0.14885	0.06156	0.12392	0.07527	0.00713	0.00938	0.02847	0.00743
91	0.01557	0.15859	0.20190	0.02224	0.02908	0.01865	0.36161	0.02078	0.01462	0.02000	0.01208	0.01557	0.00939	0.00629	0.00794	0.00213	0.06510	0.00627	0.00313	0.00905
92	0.00853	0.00618	0.00786	0.00905	0.00972	0.00578	0.00622	0.00979	0.01303	0.01704	0.03901	0.53948	0.12620	0.10145	0.01134	0.00311	0.00430	0.07055	0.00599	0.00538
93	0.09580	0.00763	0.00967	0.00964	0.01093	0.00828	0.00717	0.01224	0.01254	0.01905	0.14134	0.15273	0.04646	0.09772	0.28466	0.03258	0.03096	0.00996	0.00481	0.00585
94	0.04705	0.05525	0.01450	0.05776	0.01652	0.09947	0.00992	0.06986	0.13266	0.02191	0.08563	0.09898	0.06729	0.04523	0.04872	0.02836	0.02916	0.05901	0.00522	0.00751
95	0.01166	0.00583	0.00874	0.00874	0.00874	0.00583	0.00583	0.00874	0.00874	0.01166	0.01166	0.02040	0.01166	0.02331	0.02622	0.80478	0.00583	0.00583	0.00291	0.00291
96	0.00975	0.00654	0.00748	0.00748	0.00754	0.00660	0.00427	0.00986	0.00981	0.01313	0.02099	0.04307	0.02403	0.73006	0.06778	0.00671	0.00705	0.00963	0.00404	0.00416
97	0.01661	0.04566	0.02248	0.27704	0.14978	0.09795	0.04895	0.08955	0.01583	0.02045	0.01204	0.01640	0.00975	0.00885	0.03349	0.00247	0.11487	0.00582	0.00351	0.00850
98	0.04463	0.13712	0.02359	0.05773	0.04103	0.17672	0.08364	0.19783	0.04212	0.08774	0.01405	0.01540	0.01063	0.00718	0.00673	0.00194	0.03227	0.00551	0.00471	0.00942
99	0.28617	0.04349	0.13057	0.04213	0.10150	0.04492	0.09859	0.02111	0.03448	0.05313	0.01306	0.01693	0.01047	0.00711	0.00666	0.00215	0.04290	0.03214	0.00392	0.00859
100	0.01905	0.03950	0.02344	0.12488	0.14958	0.07613	0.11024	0.19245	0.04155	0.05929	0.03456	0.03945	0.01328	0.00773	0.00745	0.00211	0.03844	0.00669	0.00467	0.00949
101	0.00963	0.00702	0.00994	0.00994	0.01084	0.00793	0.00733	0.01144	0.01053	0.01495	0.01875	0.03065	0.01864	0.22470	0.56577	0.00974	0.01517	0.00782	0.00371	0.00552
102	0.01616	0.05643	0.35688	0.02019	0.11773	0.07670	0.04190	0.03683	0.03978	0.06515	0.06047	0.02054	0.01484	0.00763	0.00663	0.00209	0.00868	0.03791	0.00399	0.00948
103	0.01673	0.08738	0.10635	0.21306	0.02730	0.13239	0.03057	0.07759	0.11235	0.02121	0.03299	0.01793	0.01251	0.00979	0.04719	0.00255	0.03362	0.00587	0.00403	0.00859
104	0.01373	0.05314	0.66645	0.01951	0.02912	0.01596	0.06787	0.02123	0.01426	0.02112	0.01207	0.01433	0.00861	0.00631	0.00642	0.00212	0.00993	0.00511	0.00287	0.00983
105	0.00947	0.00705	0.00887	0.00946	0.01042	0.00715	0.00659	0.01246	0.07687	0.01802	0.07802	0.39195	0.07458	0.13040	0.12218	0.00438	0.00645	0.01414	0.00565	0.00588
106	0.00804	0.00660	0.00709	0.00740	0.00924	0.00565	0.00539	0.00969	0.01492	0.01826	0.08686	0.21096	0.55125	0.01772	0.00806	0.00236	0.00349	0.01512	0.00628	0.00565
107	0.02079	0.42089	0.02811	0.01560	0.06164	0.29226	0.01264	0.04564	0.01636	0.01730	0.01015	0.01180	0.00884	0.00627	0.00518	0.00160	0.00908	0.00409	0.00325	0.00852
108	0.03605	0.00673	0.00797	0.00858	0.00966	0.00637	0.00606	0.01064	0.01350	0.01809	0.09996	0.29188	0.18675	0.17853	0.01380	0.00340	0.00457	0.08625	0.00579	0.00542
109	0.01636	0.01549	0.01959	0.05911	0.04134	0.08827	0.07905	0.11956	0.04949	0.02212	0.03684	0.06064	0.01575	0.01306	0.06447	0.00299	0.21234	0.04459	0.00437	0.03457
110	0.00826	0.00594	0.00784	0.00920	0.00973	0.00552	0.00620	0.00959	0.01336	0.01785	0.08582	0.68700	0.06809	0.02038	0.00850	0.00267	0.00383	0.01843	0.00631	0.00552
111	0.00834	0.00595	0.00788	0.00920	0.00969	0.00556	0.00617	0.00965	0.01330	0.01788	0.09724	0.67503	0.04546	0.04275	0.00928	0.00278	0.00391	0.01818	0.00627	0.00549
112	0.09959	0.01072	0.01271	0.01100	0.01389	0.01111	0.05010	0.14189	0.05856	0.02665	0.16548	0.08836	0.11357	0.06638	0.00894	0.00247	0.00520	0.02905	0.07687	0.00747
113	0.01031	0.00732	0.00926	0.00892	0.01062	0.00693	0.00662	0.01407	0.06182	0.04718	0.50807	0.15749	0.09659	0.01457	0.00791	0.00222	0.00351	0.01286	0.00713	0.00659
114	0.05182	0.00679	0.00948	0.00904	0.00980	0.00672	0.00627	0.01188	0.01003	0.08953	0.01345	0.02099	0.01240	0.04551	0.02334	0.65352	0.00581	0.00595	0.00359	0.00408
115	0.01011	0.00666	0.00824	0.00880	0.01021	0.00594	0.00623	0.01164	0.01437	0.08105	0.07244	0.46324	0.23927	0.01842	0.00819	0.00251	0.00388	0.01627	0.00646	0.00608
116	0.00842	0.00596	0.00777	0.00906	0.00944	0.00561	0.00596	0.00951	0.01266	0.01694	0.05765	0.64605	0.04249	0.11438	0.01177	0.00318	0.00420	0.01767	0.00599	0.00530
117	0.02762	0.01541	0.01804	0.01383	0.01912	0.01579	0.01143	0.39393	0.02589	0.35631	0.02086	0.01920	0.01380	0.00817	0.00673	0.00204	0.00662	0.00637	0.00744	0.01141
118	0.01113	0.00731	0.00893	0.00858	0.01027	0.00677	0.00619	0.01372	0.03976	0.08406	0.30110	0.15351	0.17439	0.12992	0.01190	0.00291	0.00413	0.01255	0.00655	0.00633
119	0.07782	0.00916	0.01135	0.00968	0.01302	0.00830	0.00765	0.02085	0.01762	0.31578	0.23825	0.06787	0.15157	0.01178	0.00718	0.00215	0.00444	0.00990	0.00728	0.00836
120	0.01342	0.00838	0.01024	0.00923	0.01181	0.00775	0.00721	0.04457	0.04138	0.13951	0.34910	0.04844	0.22392	0.01354	0.00771	0.00219	0.00403	0.04311	0.00713	0.00733
121	0.01787	0.01298	0.01428	0.01210	0.01526	0.01409	0.00924	0.27917	0.16224	0.05714	0.07076	0.07453	0.02234	0.19160	0.01355	0.00320	0.00616	0.00854	0.00618	0.00875
122	0.00857	0.00696	0.00762	0.00756	0.00958	0.00612	0.00563	0.01108	0.03575	0.02044	0.22051	0.10746	0.49653	0.01626	0.00794	0.00226	0.00343	0.01382	0.00652	0.00595
123	0.02646	0.01630	0.01847	0.01427	0.01950	0.01723	0.01175	0.46004	0.06306	0.25227	0.01988	0.01864	0.01348	0.00819	0.00673	0.00205	0.00676	0.00634	0.00721	0.01137
124	0.01005	0.00745	0.00964	0.01037	0.01178	0.00734	0.00808	0.01382	0.07233	0.02143	0.20389	0.27218	0.07252	0.01728	0.00847	0.00264	0.00456	0.23329	0.00654	0.00634
125	0.03496	0.01065	0.01211	0.01114	0.01369	0.01126	0.00836	0.10787	0.19209	0.07056	0.04794	0.20169	0.04634	0.12268	0.03540	0.00321	0.00576	0.02906	0.00610	0.02911
126	0.01964	0.00869	0.01098	0.00943	0.01236	0.00787	0.00721	0.02184	0.01590	0.34875	0.04669	0.09985	0.04518	0.11797	0.01043	0.00266	0.00490	0.00865	0.19275	0.00825
127	0.00976	0.00651	0.00732	0.00732	0.00732	0.00651	0.00407	0.00976	0.00976	0.01301	0.02114	0.04391	0.02439	0.76419	0.03415	0.00651	0.00651	0.00976	0.00407	0.00407
128	0.01944	0.01486	0.01586	0.01345	0.01757	0.01671	0.01069	0.22979	0.42092	0.05931	0.02349	0.02231	0.01736	0.00865	0.00660	0.00213	0.00574	0.00698	0.07764	0.01050
129	0.33227	0.01225	0.01248	0.01047	0.01442	0.01308	0.00845	0.12311	0.04465	0.18646	0.05199	0.01864	0.01443	0.00864	0.00682	0.05144	0.00541	0.00563	0.07082	0.00855
130	0.00988	0.00694	0.00859	0.00849	0.00878	0.00742	0.00546	0.01050	0.01002	0.01373	0.01997	0.03872	0.02205	0.56761	0.20307	0.00742	0.03379	0.00901	0.00392	0.00464
131	0.02304	0.01876	0.01867	0.01511	0.01988	0.08350	0.01218	0.45682	0.21757	0.03606	0.01869	0.01821	0.01367	0.00824	0.00669	0.00206	0.00723	0.00631	0.00645	0.01087
132	0.00840	0.00679	0.00747	0.00737	0.00937	0.00586	0.00550	0.01052	0.01631	0.02070	0.26002	0.08238	0.50350	0.01615	0.00795	0.00223	0.00335	0.01372	0.00657	0.00586
133	0.01092	0.00845	0.01152	0.03541	0.01333	0.02966	0.00876	0.03555	0.01166	0.01622	0.01738	0.04547	0.01649	0.06349	0.55171	0.07433	0.03270	0.00729	0.00369	0.00598
134	0.01283	0.01306	0.02633	0.02050	0.02468	0.01228	0.40343	0.01677	0.01482	0.01993	0.02341	0.26638	0.02419	0.01196	0.00826	0.00250	0.00838	0.07812	0.00460	0.00759
135	0.00986	0.00705	0.00896	0.00876	0.01039	0.00656	0.00654	0.01302	0.03776	0.04017	0.49053	0.15658	0.12641	0.01505	0.00800	0.00225	0.00352	0.03517	0.00706	0.00637
136	0.01431	0.01053	0.01128	0.01079	0.01328	0.03083	0.00819	0.02328	0.29348	0.06219	0.05201	0.17672	0.04661	0.01188	0.00686	0.00221	0.00467	0.03599	0.17673	0.00815
137	0.04084	0.01627	0.02375	0.05060	0.42155	0.08036	0.05843	0.02063	0.01529	0.06329	0.01695	0.01991	0.06277	0.00752	0.00802	0.00210	0.07191	0.00652	0.00384	0.00949
138	0.02506	0.03198	0.01901	0.01729	0.02074	0.73725	0.01296	0.02679	0.01901	0.01642	0.01037	0.01210	0.00864	0.00691	0.00605	0.00173	0.01210	0.00432	0.00346	0.00778
139	0.01500	0.01951	0.14604	0.14988	0.10432	0.01629	0.40737	0.02063	0.01510	0.02076	0.01295	0.01728	0.00975	0.00598	0.00734	0.00221	0.01035	0.00692	0.00323	0.00908
140	0.01669	0.01441	0.01517	0.01365	0.01745	0.01669	0.01062	0.03565	0.71021	0.02807	0.02731	0.02503	0.02048	0.00910	0.00683	0.00228	0.00531	0.00759	0.00683	0.01062
141	0.01645	0.01417	0.01497	0.01348	0.01720	0.01635	0.01048	0.03490	0.68747	0.02803	0.05006	0.02586	0.02189	0.00926	0.00686	0.00227	0.00524	0.00774	0.00685	0.01048
142	0.08085	0.00924	0.00804	0.00781	0.01031	0.06133	0.00591	0.01189	0.01532	0.01929	0.07495	0.05549	0.58623	0.01520	0.00745	0.00220	0.00420	0.01243	0.00587	0.00598
143	0.01346	0.03471	0.72942	0.01912	0.02904	0.01558	0.02479	0.02125	0.01417	0.02125	0.01204	0.01417	0.00850	0.00637	0.00637	0.00212	0.00992	0.00496	0.00283	0.00992
144	0.01070	0.00840	0.01271	0.04221	0.01543	0.00843	0.06550	0.01401	0.03801	0.01980	0.09307	0.21135	0.03635	0.04942	0.04422	0.00330	0.00648	0.30849	0.00575	0.00637
145	0.01153	0.01024	0.01512	0.01357	0.01509	0.03619	0.07085	0.01394	0.01139	0.01612	0.01592	0.02389	0.01489	0.06733	0.49939	0.00823	0.13931	0.00704	0.00348	0.00647
146	0.24384	0.01788	0.18589	0.07949	0.04953	0.01413	0.01376	0.05564	0.06848	0.12101	0.01843	0.03756	0.05168	0.00788	0.00603	0.00214	0.00683	0.00609	0.00477	0.00895
147	0.01271	0.01008	0.01580	0.07899	0.01851	0.01053	0.10546	0.07842	0.01487	0.01987	0.04677	0.12319	0.05590	0.01832	0.07789	0.14767	0.02758	0.12624	0.00470	0.00651
148	0.07296	0.01653	0.04971	0.36581	0.07782	0.07023	0.05839	0.16534	0.01788	0.02414	0.01268	0.01637	0.00950	0.00685	0.00654	0.00212	0.00870	0.00577	0.00394	0.00871
149	0.01608	0.01730	0.08657	0.39858	0.08223	0.09137	0.01725	0.10897	0.04948	0.02154	0.01331	0.01724	0.01013	0.00844	0.03176	0.00242	0.00923	0.00583	0.00373	0.00855
150	0.01019	0.00902	0.03375	0.01238	0.01426	0.00906	0.07790	0.01259	0.01203	0.01670	0.02418	0.15328	0.07762	0.03460	0.41042	0.03420	0.03770	0.00971	0.00417	0.00623
151	0.01563	0.01630	0.02247	0.39601	0.18333	0.13285	0.06680	0.01955	0.01479	0.01829	0.01219	0.01704	0.00967	0.00833	0.03718	0.00246	0.00980	0.00589	0.00319	0.00823
152	0.01696	0.07379	0.19605	0.25084	0.03012	0.07124	0.01731	0.14376	0.01737	0.04364	0.01356	0.04063	0.01065	0.00755	0.00708	0.00211	0.03858	0.00590	0.00392	0.00894
153	0.01603	0.37538	0.26865	0.08324	0.02521	0.04450	0.06297	0.02053	0.01412	0.01817	0.01081	0.01311	0.00871	0.00608	0.00553	0.00181	0.00871	0.00459	0.00292	0.00895
154	0.00994	0.00671	0.00862	0.00950	0.01027	0.00644	0.00655	0.03377	0.01356	0.04183	0.05211	0.53898	0.03948	0.13117	0.01230	0.00325	0.00459	0.05918	0.00602	0.00572
155	0.01722	0.05064	0.43215	0.06305	0.02769	0.08513	0.07005	0.06362	0.01625	0.09207	0.01359	0.01536	0.00965	0.00667	0.00647	0.00207	0.00951	0.00538	0.00372	0.00970
156	0.00843	0.00670	0.00762	0.00799	0.00975	0.00589	0.00598	0.01034	0.01531	0.01924	0.14262	0.19646	0.44586	0.01748	0.00817	0.00241	0.00371	0.07390	0.00637	0.00575
157	0.00902	0.00677	0.00936	0.05487	0.01240	0.00706	0.00737	0.01071	0.01213	0.01633	0.03035	0.36567	0.08245	0.09939	0.23784	0.00553	0.00880	0.01331	0.00500	0.00563
158	0.17327	0.11481	0.01956	0.03527	0.01907	0.23397	0.03420	0.05240	0.03394	0.13659	0.01335	0.01455	0.01017	0.00735	0.00713	0.00198	0.07439	0.00495	0.00447	0.00860
159	0.14854	0.34744	0.21246	0.04234	0.02112	0.06157	0.01472	0.04815	0.01443	0.02076	0.01048	0.01226	0.00849	0.00619	0.00512	0.00180	0.00793	0.00419	0.00327	0.00875
160	0.01874	0.01410	0.01573	0.01333	0.01705	0.04264	0.03354	0.26559	0.14822	0.06730	0.04722	0.07059	0.04342	0.01152	0.02833	0.00243	0.00658	0.06721	0.07721	0.00925
161	0.05103	0.05602	0.07105	0.10569	0.02032	0.01341	0.05749	0.01873	0.12040	0.02035	0.02092	0.12823	0.04564	0.01452	0.08664	0.00315	0.07339	0.00831	0.04584	0.03888
162	0.27658	0.06216	0.04927	0.05783	0.01821	0.21350	0.01065	0.02136	0.03754	0.04575	0.01334	0.05574	0.01167	0.04350	0.00685	0.00214	0.00767	0.00543	0.00408	0.05673

[dist]
# distance from previous block
# <min> <max>
2	11

[block]
# block no. 3 follows, 32 sequences, length 34
# corresponding to MSA columns:
# 318-351
name=unknown_D
#
# <colnr> <probs for GDERKNQSTAVLIFYWHMCP>
#	G	D	E	R	K	N	Q	S	T	A	V	L	I	F	Y	W	H	M	C	P
0	0.01597	0.14645	0.01810	0.04681	0.03833	0.10421	0.02832	0.05608	0.09162	0.05504	0.13533	0.10233	0.05986	0.04569	0.00795	0.00221	0.00648	0.00852	0.00521	0.02548
1	0.04192	0.18740	0.18673	0.05103	0.08614	0.04012	0.01486	0.02151	0.10087	0.04837	0.04824	0.02228	0.04572	0.00977	0.03646	0.00237	0.00784	0.03529	0.00419	0.00889
2	0.02506	0.03198	0.01901	0.01729	0.02074	0.73725	0.01296	0.02679	0.01901	0.01642	0.01037	0.01210	0.00864	0.00691	0.00605	0.00173	0.01210	0.00432	0.00346	0.00778
