[name]
unknown

[dist]
# distance from previous block
# <min> <max>
5	48

[block]
# block no. 0 follows, 33 sequences, length 17
# corresponding to MSA columns:
# 51-67
name=unknown_A
#
# <colnr> <probs for GDERKNQSTAVLIFYWHMCP>
#	G	D	E	R	K	N	Q	S	T	A	V	L	I	F	Y	W	H	M	C	P
0	0.01579	0.04285	0.07434	0.01491	0.06615	0.01321	0.04266	0.10326	0.19577	0.08516	0.06758	0.18071	0.04709	0.01104	0.00705	0.00221	0.00589	0.00961	0.00584	0.00889
1	0.04073	0.13646	0.24249	0.01561	0.02136	0.01630	0.08482	0.11737	0.04677	0.02333	0.06510	0.09931	0.01704	0.00871	0.00700	0.00208	0.03522	0.00722	0.00428	0.00878
2	0.04717	0.01586	0.16825	0.01224	0.01683	0.01185	0.01163	0.14869	0.04135	0.06256	0.19822	0.06818	0.06450	0.03901	0.00779	0.00219	0.00590	0.00832	0.00558	0.06387
3	0.00988	0.00779	0.02805	0.03062	0.03086	0.00699	0.00775	0.01259	0.03717	0.04189	0.19636	0.36835	0.11719	0.01646	0.00797	0.00243	0.00425	0.06093	0.00620	0.00626
4	0.01801	0.12642	0.13637	0.01512	0.04279	0.06549	0.06488	0.06947	0.05666	0.15030	0.09609	0.07224	0.02005	0.00886	0.00657	0.00202	0.00712	0.02739	0.00516	0.00897
5	0.02390	0.05989	0.01944	0.01408	0.01922	0.01890	0.01171	0.56219	0.02767	0.08638	0.01621	0.01626	0.01158	0.00766	0.00630	0.00189	0.00684	0.00577	0.04102	0.04308
6	0.01671	0.15690	0.06195	0.03938	0.08237	0.11061	0.05955	0.06402	0.18317	0.02211	0.06630	0.07433	0.01800	0.00844	0.00636	0.00198	0.00728	0.00705	0.00467	0.00883
7	0.08653	0.01784	0.12988	0.01550	0.06196	0.06101	0.03152	0.18676	0.05886	0.14295	0.04416	0.07473	0.01601	0.00849	0.00644	0.00205	0.00696	0.00689	0.03202	0.00945
8	0.01340	0.01335	0.09430	0.05588	0.07029	0.03879	0.01115	0.13520	0.01671	0.02259	0.07349	0.30972	0.02759	0.05492	0.00875	0.00250	0.00605	0.01132	0.02656	0.00746
9	0.01365	0.01170	0.01365	0.00975	0.01560	0.00878	0.00780	0.01658	0.01365	0.02145	0.01170	0.01365	0.00975	0.00488	0.00488	0.00098	0.00488	0.00390	0.00390	0.80888
10	0.00799	0.00618	0.00730	0.00807	0.00929	0.00548	0.00565	0.00947	0.01395	0.01775	0.08735	0.43080	0.33005	0.01857	0.00811	0.00245	0.00358	0.01632	0.00618	0.00548
11	0.01055	0.00649	0.00855	0.00924	0.01036	0.00592	0.00646	0.01205	0.01396	0.09835	0.09651	0.57956	0.08005	0.01838	0.00811	0.00252	0.00393	0.01649	0.00644	0.00609
12	0.01338	0.03282	0.68181	0.01944	0.02894	0.01539	0.07580	0.02087	0.01402	0.02087	0.01193	0.01419	0.00846	0.00620	0.00637	0.00210	0.00983	0.00508	0.00282	0.00966
13	0.00915	0.00612	0.00763	0.00811	0.00855	0.00585	0.00523	0.00953	0.01168	0.01552	0.08868	0.28538	0.08970	0.28131	0.01958	0.12084	0.00489	0.01265	0.00500	0.00460
14	0.01504	0.01492	0.04129	0.20774	0.20764	0.08380	0.03773	0.06325	0.05229	0.02124	0.05730	0.08358	0.03971	0.00853	0.00673	0.00208	0.00752	0.00753	0.03374	0.00836
15	0.01185	0.00876	0.01071	0.01001	0.01126	0.00974	0.00720	0.08709	0.06574	0.01793	0.01920	0.03187	0.01919	0.35657	0.27252	0.00693	0.03512	0.00803	0.00428	0.00601
16	0.10929	0.15544	0.09492	0.01385	0.06405	0.01569	0.01166	0.10844	0.07234	0.06366	0.03600	0.04640	0.01372	0.02430	0.00625	0.00187	0.00632	0.00568	0.00456	0.14558

[dist]
# distance from previous block
# <min> <max>
0	3

[block]
# block no. 1 follows, 33 sequences, length 43
# corresponding to MSA columns:
# 71-113
name=unknown_B
#
# <colnr> <probs for GDERKNQSTAVLIFYWHMCP>
#	G	D	E	R	K	N	Q	S	T	A	V	L	I	F	Y	W	H	M	C	P
0	0.01744	0.11923	0.36066	0.01667	0.02382	0.05543	0.06891	0.05642	0.03277	0.12385	0.01568	0.01674	0.03152	0.00701	0.00658	0.00200	0.02621	0.00554	0.00402	0.00951
1	0.01334	0.01202	0.03317	0.01011	0.01558	0.00909	0.00833	0.01637	0.01392	0.02164	0.06392	0.01629	0.01353	0.00574	0.00561	0.00114	0.02661	0.00457	0.00409	0.70495
2	0.00812	0.00592	0.00754	0.00872	0.00936	0.00546	0.00587	0.00935	0.01300	0.01711	0.06674	0.61216	0.12883	0.05686	0.00954	0.00278	0.00386	0.01739	0.00605	0.00534
3	0.00946	0.00641	0.00721	0.00719	0.00738	0.00633	0.00413	0.00967	0.01023	0.01357	0.04960	0.04451	0.06681	0.69610	0.03103	0.00598	0.00608	0.00992	0.00424	0.00416
4	0.01948	0.01663	0.05811	0.02185	0.02770	0.01541	0.41017	0.07367	0.01704	0.19574	0.01621	0.01837	0.01146	0.00679	0.00827	0.00220	0.05957	0.00710	0.00469	0.00954
5	0.01102	0.00816	0.00970	0.00962	0.01142	0.00801	0.00740	0.09815	0.01661	0.02180	0.14599	0.17469	0.19498	0.09707	0.01078	0.00286	0.00478	0.15459	0.00611	0.00627
6	0.02124	0.00947	0.01270	0.05078	0.01556	0.00856	0.00866	0.02382	0.01732	0.43395	0.12083	0.08833	0.07681	0.01036	0.00684	0.00208	0.00494	0.00875	0.06997	0.00905
7	0.01546	0.00849	0.00955	0.00873	0.01103	0.00852	0.00668	0.11790	0.01672	0.11254	0.02402	0.16416	0.02105	0.01023	0.00587	0.00188	0.00414	0.00856	0.43710	0.00735
8	0.01440	0.01440	0.02016	0.01728	0.01728	0.02016	0.01440	0.01584	0.01008	0.01584	0.00864	0.01440	0.00864	0.01152	0.02160	0.00288	0.75659	0.00576	0.00288	0.00720
9	0.01365	0.01170	0.01365	0.00975	0.01560	0.00878	0.00780	0.01658	0.01365	0.02145	0.01170	0.01365	0.00975	0.00488	0.00488	0.00098	0.00488	0.00390	0.00390	0.80888
10	0.03848	0.05437	0.51130	0.01695	0.02495	0.01608	0.02001	0.05092	0.15953	0.02313	0.01490	0.01597	0.01085	0.00685	0.00622	0.00209	0.00846	0.00535	0.00378	0.00981
11	0.01396	0.01826	0.17053	0.10459	0.22800	0.03562	0.15800	0.01850	0.01439	0.01984	0.01629	0.14033	0.01517	0.00844	0.00702	0.00217	0.00844	0.00813	0.00362	0.00870
12	0.01529	0.01244	0.01448	0.01055	0.01617	0.01027	0.00850	0.08667	0.01546	0.04436	0.01246	0.01415	0.01006	0.00545	0.00553	0.00116	0.02435	0.00423	0.00427	0.68417
13	0.00820	0.00652	0.00741	0.00783	0.00950	0.00573	0.00581	0.01000	0.01482	0.01857	0.12357	0.22841	0.44533	0.01740	0.00802	0.00237	0.00363	0.06506	0.00622	0.00561
14	0.00812	0.00651	0.00718	0.00736	0.00909	0.00565	0.00534	0.00987	0.01499	0.01880	0.16196	0.17874	0.48521	0.04055	0.00869	0.00241	0.00348	0.01426	0.00622	0.00557
15	0.01154	0.00745	0.00952	0.00911	0.01089	0.00727	0.00678	0.01425	0.04287	0.10072	0.19265	0.12611	0.15310	0.09882	0.17401	0.00451	0.00717	0.01095	0.00584	0.00644
16	0.01866	0.01329	0.01451	0.01233	0.01591	0.01449	0.00982	0.32016	0.16140	0.05600	0.02258	0.11361	0.01915	0.01006	0.00661	0.00208	0.00562	0.03532	0.13913	0.00927
17	0.71184	0.01253	0.01041	0.00906	0.01327	0.01410	0.00746	0.02103	0.01221	0.12192	0.01138	0.01223	0.00833	0.00638	0.00441	0.00204	0.00516	0.00397	0.00461	0.00767
18	0.00931	0.00741	0.01091	0.01069	0.01194	0.00702	0.07681	0.01123	0.02919	0.01702	0.03403	0.45984	0.10175	0.14257	0.01243	0.00320	0.00505	0.03847	0.00549	0.00564
19	0.18135	0.01270	0.01494	0.01169	0.01661	0.01245	0.00965	0.14169	0.01937	0.48076	0.02102	0.01903	0.01367	0.00771	0.00612	0.00203	0.00578	0.00591	0.00710	0.01041
20	0.02001	0.04990	0.01744	0.01458	0.01851	0.22432	0.01141	0.12832	0.39048	0.02581	0.01977	0.01913	0.01504	0.00804	0.00637	0.00201	0.00748	0.00616	0.00558	0.00966
21	0.81514	0.01273	0.00968	0.00866	0.01273	0.01477	0.00713	0.01935	0.01120	0.02954	0.00917	0.01069	0.00713	0.00611	0.00407	0.00204	0.00509	0.00356	0.00407	0.00713
22	0.01221	0.01118	0.01587	0.01428	0.01473	0.01490	0.01158	0.01396	0.01033	0.01559	0.01313	0.04120	0.01297	0.04400	0.29398	0.00587	0.43769	0.00672	0.00324	0.00657
23	0.00876	0.00671	0.00808	0.00817	0.00988	0.00604	0.00623	0.01113	0.01631	0.02148	0.33232	0.12129	0.31258	0.01587	0.00798	0.00229	0.00359	0.08886	0.00658	0.00587
24	0.00946	0.00687	0.00942	0.00958	0.01056	0.00737	0.00714	0.01135	0.01179	0.01635	0.08974	0.06403	0.04686	0.20430	0.38875	0.00752	0.01160	0.07743	0.00441	0.00547
25	0.01392	0.00687	0.00721	0.00681	0.00872	0.00682	0.00521	0.03709	0.01469	0.07700	0.02164	0.02413	0.01666	0.00771	0.00481	0.00158	0.00338	0.00617	0.72292	0.00666
26	0.01280	0.01154	0.01612	0.01433	0.01481	0.01546	0.01173	0.01465	0.01058	0.01652	0.01240	0.01859	0.01163	0.02177	0.22225	0.00491	0.47668	0.00616	0.08033	0.00673
27	0.01571	0.01699	0.11194	0.30297	0.23595	0.01599	0.05863	0.12161	0.01658	0.02262	0.01262	0.01648	0.00963	0.00647	0.00659	0.00208	0.00852	0.00586	0.00357	0.00919
28	0.00940	0.00705	0.01058	0.01058	0.01176	0.00823	0.00823	0.01176	0.01058	0.01528	0.01763	0.02586	0.01646	0.04937	0.74255	0.01058	0.01763	0.00705	0.00353	0.00588
29	0.01843	0.55574	0.05122	0.01543	0.09236	0.13701	0.01280	0.02083	0.01439	0.01637	0.00973	0.01146	0.00866	0.00586	0.00479	0.00153	0.00796	0.00392	0.00295	0.00856
30	0.01873	0.01043	0.01337	0.03967	0.01596	0.00877	0.00854	0.02154	0.01654	0.29670	0.13871	0.02557	0.05637	0.00822	0.00624	0.00168	0.00494	0.00686	0.00617	0.29500
31	0.05783	0.03836	0.09384	0.01788	0.14562	0.04943	0.03028	0.04347	0.14437	0.14885	0.10836	0.02425	0.05206	0.00842	0.00657	0.00204	0.00647	0.00709	0.00546	0.00936
32	0.11024	0.01429	0.09583	0.04758	0.13715	0.01225	0.09952	0.04617	0.01587	0.08346	0.14086	0.07431	0.05823	0.00934	0.00684	0.00214	0.00660	0.02606	0.00494	0.00832
33	0.06728	0.00624	0.00779	0.00913	0.00978	0.00604	0.00619	0.00991	0.01250	0.01774	0.03429	0.70901	0.04087	0.01956	0.00808	0.00263	0.00391	0.01760	0.00596	0.00548
34	0.01613	0.01643	0.08970	0.09885	0.19487	0.01457	0.26351	0.02132	0.04015	0.09127	0.05559	0.02096	0.01448	0.00693	0.00710	0.00214	0.00864	0.02402	0.00411	0.00922
35	0.01664	0.02020	0.19305	0.14459	0.15330	0.03742	0.06367	0.15634	0.04945	0.02461	0.01341	0.01598	0.01010	0.00656	0.00643	0.00198	0.00833	0.00564	0.00396	0.06833
36	0.01277	0.00979	0.01335	0.10453	0.04213	0.01048	0.02850	0.03363	0.09723	0.07316	0.10787	0.08877	0.14592	0.05825	0.10248	0.00353	0.04550	0.00956	0.00529	0.00727
37	0.00953	0.00755	0.01119	0.04135	0.04835	0.00726	0.04360	0.01176	0.01433	0.01918	0.13935	0.40782	0.08656	0.01687	0.00816	0.00252	0.00476	0.10789	0.00587	0.00610
38	0.01815	0.09524	0.05093	0.09379	0.19354	0.14288	0.03511	0.09871	0.05156	0.04979	0.01505	0.07551	0.01303	0.00790	0.00684	0.00200	0.03037	0.00650	0.00415	0.00897
39	0.01407	0.01615	0.15732	0.23489	0.11017	0.01318	0.08637	0.01921	0.04322	0.07153	0.09437	0.07570	0.01847	0.00833	0.00690	0.00216	0.00772	0.00759	0.00422	0.00844
40	0.01924	0.02094	0.02321	0.19742	0.13140	0.28965	0.12422	0.05328	0.01688	0.04420	0.01217	0.01535	0.00947	0.00651	0.00652	0.00196	0.00999	0.00558	0.00356	0.00845
41	0.01433	0.01832	0.18682	0.15887	0.24569	0.04979	0.01777	0.01853	0.01413	0.03993	0.01587	0.12897	0.01464	0.00866	0.00734	0.00217	0.03833	0.00751	0.00365	0.00868
42	0.07577	0.01666	0.09269	0.08448	0.29660	0.03562	0.07159	0.06064	0.03688	0.09121	0.03438	0.01929	0.04094	0.00704	0.00650	0.00204	0.00764	0.00631	0.00424	0.00947

[dist]
# distance from previous block
# <min> <max>
3	54

[block]
# block no. 2 follows, 33 sequences, length 54
# corresponding to MSA columns:
# 169-222
name=unknown_C
#
# <colnr> <probs for GDERKNQSTAVLIFYWHMCP>
#	G	D	E	R	K	N	Q	S	T	A	V	L	I	F	Y	W	H	M	C	P
0	0.04179	0.09322	0.09631	0.01351	0.04474	0.03612	0.01156	0.11035	0.04206	0.19680	0.01856	0.09705	0.01517	0.00827	0.00613	0.00185	0.00635	0.00669	0.00535	0.14813
1	0.49557	0.01418	0.05923	0.01055	0.01508	0.01417	0.00923	0.06238	0.03556	0.10601	0.01392	0.01476	0.02926	0.00696	0.00556	0.00201	0.03409	0.00465	0.00467	0.06217
2	0.00965	0.00716	0.00867	0.00837	0.00999	0.00683	0.00616	0.01338	0.06989	0.02358	0.45205	0.10866	0.14694	0.05877	0.00915	0.00239	0.00355	0.01207	0.03651	0.00623
3	0.01563	0.04821	0.26460	0.09736	0.23217	0.01629	0.01900	0.07884	0.12011	0.02315	0.01444	0.01660	0.01099	0.00669	0.00639	0.00205	0.00810	0.00568	0.00383	0.00987
4	0.00906	0.00691	0.00843	0.00913	0.01031	0.00669	0.00642	0.01243	0.08957	0.01941	0.13343	0.48222	0.14565	0.01780	0.00804	0.00248	0.00380	0.01585	0.00633	0.00604
5	0.00925	0.00813	0.03346	0.01155	0.01313	0.00710	0.08106	0.01133	0.01352	0.01801	0.05566	0.53566	0.07620	0.01792	0.00828	0.00260	0.00494	0.08050	0.00574	0.00596
6	0.01144	0.00572	0.00858	0.00858	0.00858	0.00572	0.00572	0.00858	0.00858	0.01144	0.01144	0.02001	0.01144	0.02287	0.02573	0.80846	0.00572	0.00572	0.00286	0.00286
7	0.01614	0.01519	0.02509	0.12522	0.58711	0.01572	0.01925	0.04476	0.04704	0.02192	0.01307	0.01680	0.01069	0.00616	0.00654	0.00200	0.00780	0.00594	0.00349	0.01007
8	0.01623	0.01385	0.01457	0.01314	0.01678	0.01601	0.01021	0.03427	0.69035	0.02743	0.02660	0.02456	0.01998	0.00889	0.00662	0.00221	0.00513	0.00740	0.03551	0.01027
9	0.01480	0.01412	0.02402	0.31638	0.46329	0.01525	0.01946	0.01889	0.01428	0.01969	0.01212	0.01678	0.00979	0.00614	0.00654	0.00205	0.00819	0.00586	0.00313	0.00922
10	0.01243	0.01170	0.01975	0.75282	0.04534	0.01463	0.01828	0.01682	0.01316	0.01682	0.01170	0.01755	0.00878	0.00658	0.00658	0.00219	0.00878	0.00585	0.00293	0.00731
11	0.01440	0.01440	0.02016	0.01728	0.01728	0.02016	0.01440	0.01584	0.01008	0.01584	0.00864	0.01440	0.00864	0.01152	0.02160	0.00288	0.75659	0.00576	0.00288	0.00720
12	0.01591	0.01535	0.02647	0.10610	0.64154	0.01558	0.04243	0.01992	0.01484	0.02106	0.01235	0.01646	0.01026	0.00592	0.00656	0.00199	0.00802	0.00593	0.00323	0.01009
13	0.71998	0.01410	0.04216	0.00959	0.01401	0.01522	0.00829	0.07159	0.01282	0.03007	0.00979	0.01122	0.00749	0.00625	0.00436	0.00203	0.00546	0.00380	0.00421	0.00755
14	0.02503	0.01844	0.01976	0.01515	0.02042	0.02042	0.01251	0.70562	0.03095	0.04149	0.01581	0.01581	0.01120	0.00790	0.00659	0.00198	0.00724	0.00593	0.00659	0.01120
15	0.00920	0.00672	0.00864	0.00816	0.00976	0.00616	0.00612	0.01220	0.01836	0.02574	0.67412	0.05025	0.11250	0.01370	0.00777	0.00208	0.00312	0.01206	0.00716	0.00616
16	0.01243	0.01170	0.01975	0.75282	0.04534	0.01463	0.01828	0.01682	0.01316	0.01682	0.01170	0.01755	0.00878	0.00658	0.00658	0.00219	0.00878	0.00585	0.00293	0.00731
17	0.18760	0.03822	0.01233	0.00964	0.01338	0.01149	0.00787	0.10628	0.01687	0.24058	0.01911	0.01942	0.01365	0.00744	0.00533	0.00184	0.00491	0.00562	0.26984	0.00858
18	0.00877	0.00669	0.00823	0.00917	0.01062	0.00615	0.00714	0.01073	0.01435	0.01812	0.04748	0.27179	0.30291	0.01832	0.00839	0.00262	0.00436	0.23242	0.00610	0.00566
19	0.07510	0.00950	0.01053	0.00895	0.01201	0.00951	0.00709	0.10879	0.01698	0.20869	0.02100	0.02254	0.01555	0.03455	0.00636	0.00193	0.00452	0.00617	0.41215	0.00809
20	0.00892	0.00638	0.00787	0.00866	0.00937	0.00607	0.00601	0.01013	0.01253	0.01639	0.05444	0.31788	0.12570	0.25464	0.01630	0.00382	0.00489	0.11946	0.00547	0.00508
21	0.01792	0.61036	0.10748	0.01271	0.01852	0.10544	0.01282	0.02057	0.01403	0.01613	0.00955	0.01106	0.00844	0.00583	0.00463	0.00151	0.00787	0.00374	0.00288	0.00849
22	0.05423	0.01453	0.01651	0.01289	0.01765	0.05634	0.01055	0.19694	0.02039	0.35961	0.01904	0.01813	0.01294	0.00776	0.00723	0.00193	0.05469	0.00581	0.00648	0.10633
23	0.01725	0.44361	0.12311	0.01735	0.10076	0.08089	0.06671	0.02114	0.04092	0.01781	0.01094	0.01283	0.00922	0.00595	0.00525	0.00167	0.00811	0.00449	0.00310	0.00888
24	0.81514	0.01273	0.00968	0.00866	0.01273	0.01477	0.00713	0.01935	0.01120	0.02954	0.00917	0.01069	0.00713	0.00611	0.00407	0.00204	0.00509	0.00356	0.00407	0.00713
25	0.01869	0.13068	0.19094	0.01933	0.12061	0.01880	0.04611	0.25372	0.08925	0.02782	0.01441	0.01562	0.01085	0.00690	0.00622	0.00195	0.00784	0.00555	0.00455	0.01017
26	0.01266	0.01174	0.03965	0.01331	0.05966	0.05862	0.00963	0.04338	0.01221	0.01677	0.01724	0.02773	0.03342	0.25852	0.19079	0.00553	0.14284	0.00736	0.03263	0.00630
27	0.00852	0.00654	0.00776	0.00808	0.00960	0.00587	0.00597	0.01050	0.01527	0.01981	0.22802	0.21189	0.32638	0.04156	0.00886	0.00248	0.00370	0.06718	0.00634	0.00567
28	0.00931	0.00693	0.00979	0.00979	0.01087	0.00776	0.00737	0.01126	0.01077	0.01511	0.02182	0.03122	0.07141	0.15176	0.58331	0.00933	0.01491	0.00794	0.00379	0.00558
29	0.02310	0.01748	0.01867	0.01476	0.01968	0.01951	0.01205	0.55602	0.18370	0.03838	0.01826	0.01776	0.01318	0.00813	0.00661	0.00203	0.00679	0.00627	0.00661	0.01102
30	0.00836	0.00662	0.00752	0.00745	0.00929	0.00578	0.00553	0.01052	0.01616	0.02087	0.30569	0.11144	0.42982	0.01579	0.00782	0.00220	0.00329	0.01353	0.00653	0.00578
31	0.78056	0.01298	0.01012	0.00894	0.01307	0.01502	0.00737	0.04938	0.01207	0.03006	0.00946	0.01092	0.00731	0.00619	0.00418	0.00203	0.00519	0.00367	0.00418	0.00731
32	0.01747	0.01422	0.01431	0.01247	0.01610	0.06926	0.00984	0.16179	0.30202	0.06930	0.07716	0.03129	0.13081	0.01037	0.00694	0.00215	0.00574	0.03311	0.00643	0.00920
33	0.01760	0.77260	0.03450	0.01126	0.01690	0.02605	0.01126	0.01971	0.01338	0.01549	0.00915	0.01056	0.00845	0.00563	0.00422	0.00141	0.00704	0.00352	0.00282	0.00845
34	0.05074	0.02683	0.01709	0.04261	0.01966	0.58468	0.01186	0.04986	0.01813	0.01845	0.01161	0.01353	0.00944	0.00689	0.00578	0.00172	0.01041	0.00454	0.08859	0.00758
35	0.00885	0.00674	0.00815	0.00789	0.00966	0.00604	0.00597	0.01147	0.01728	0.02325	0.47707	0.05489	0.28368	0.01472	0.00782	0.00216	0.00330	0.03823	0.00682	0.00599
36	0.00800	0.00580	0.00757	0.00898	0.00950	0.00536	0.00603	0.00919	0.01279	0.01688	0.03860	0.71105	0.09534	0.02032	0.00836	0.00264	0.00378	0.01835	0.00611	0.00536
37	0.01629	0.01564	0.02672	0.04041	0.72757	0.01564	0.02020	0.02020	0.01499	0.02151	0.01238	0.01629	0.01043	0.00587	0.00652	0.00196	0.00782	0.00587	0.00326	0.01043
38	0.01536	0.01449	0.02443	0.06306	0.62106	0.01454	0.01855	0.01920	0.01534	0.02189	0.09301	0.02007	0.01622	0.00675	0.00666	0.00198	0.00732	0.00655	0.00370	0.00984
39	0.02919	0.01176	0.01562	0.01198	0.01708	0.01050	0.00989	0.08373	0.01977	0.67918	0.02519	0.02190	0.01591	0.00813	0.00662	0.00203	0.00573	0.00657	0.00803	0.01120
40	0.01889	0.29062	0.05520	0.03826	0.07282	0.26794	0.01271	0.04647	0.01657	0.01863	0.09088	0.01636	0.01477	0.00707	0.00563	0.00170	0.00849	0.00511	0.00369	0.00819
41	0.01906	0.01320	0.01479	0.01237	0.01634	0.01407	0.00981	0.18197	0.29460	0.14427	0.10464	0.02663	0.04877	0.03056	0.00751	0.00219	0.00544	0.00765	0.00677	0.03936
42	0.03404	0.06377	0.25704	0.01544	0.06480	0.01195	0.01480	0.01605	0.01362	0.01928	0.02268	0.16670	0.03983	0.01433	0.05107	0.00287	0.02750	0.15231	0.00429	0.00764
43	0.01822	0.01601	0.01586	0.01391	0.01783	0.06936	0.01089	0.13161	0.56606	0.02874	0.02400	0.02238	0.01797	0.00863	0.00663	0.00216	0.00599	0.00699	0.00644	0.01033
44	0.81514	0.01273	0.00968	0.00866	0.01273	0.01477	0.00713	0.01935	0.01120	0.02954	0.00917	0.01069	0.00713	0.00611	0.00407	0.00204	0.00509	0.00356	0.00407	0.00713
45	0.01636	0.01574	0.02716	0.06590	0.62718	0.01583	0.07185	0.04110	0.01545	0.02191	0.01253	0.01644	0.01035	0.00593	0.00662	0.00199	0.00809	0.00601	0.00335	0.01021
46	0.00932	0.00673	0.00880	0.00828	0.00984	0.00621	0.00621	0.01242	0.01863	0.02640	0.72410	0.04918	0.06212	0.01346	0.00776	0.00207	0.00311	0.01191	0.00725	0.00621
47	0.00907	0.00663	0.00853	0.00836	0.00983	0.00609	0.00622	0.01182	0.01751	0.02433	0.56647	0.13548	0.11660	0.01472	0.00788	0.00218	0.00329	0.03196	0.00698	0.00605
48	0.01643	0.01693	0.04770	0.03771	0.61408	0.04149	0.08770	0.02053	0.01514	0.02126	0.01238	0.01621	0.01026	0.00588	0.00661	0.00198	0.00834	0.00597	0.00326	0.01016
49	0.01629	0.01564	0.02672	0.04041	0.72757	0.01564	0.02020	0.02020	0.01499	0.02151	0.01238	0.01629	0.01043	0.00587	0.00652	0.00196	0.00782	0.00587	0.00326	0.01043
50	0.01227	0.00885	0.01089	0.04495	0.03859	0.00912	0.00795	0.04257	0.09270	0.04932	0.27546	0.05339	0.13342	0.01147	0.00744	0.00205	0.03285	0.00966	0.14988	0.00715
51	0.01849	0.07303	0.01982	0.01537	0.01926	0.18846	0.08450	0.11008	0.23167	0.02443	0.10038	0.02126	0.01885	0.00833	0.00713	0.00202	0.03611	0.00671	0.00518	0.00893
52	0.00812	0.00600	0.00746	0.00851	0.00928	0.00549	0.00576	0.00937	0.01314	0.01713	0.06779	0.55127	0.18113	0.06488	0.00977	0.00278	0.00385	0.01692	0.00603	0.00534
53	0.03853	0.05258	0.04627	0.04056	0.13499	0.03319	0.03433	0.24168	0.07733	0.02823	0.04129	0.01701	0.01293	0.00691	0.00612	0.00178	0.00685	0.00567	0.00487	0.16888

[dist]
# distance from previous block
# <min> <max>
2	10

[block]
# block no. 3 follows, 33 sequences, length 7
# corresponding to MSA columns:
# 233-239
name=unknown_D
#
# <colnr> <probs for GDERKNQSTAVLIFYWHMCP>
#	G	D	E	R	K	N	Q	S	T	A	V	L	I	F	Y	W	H	M	C	P
0	0.10069	0.07218	0.01603	0.01339	0.06082	0.11235	0.01000	0.08914	0.01714	0.11609	0.12296	0.04281	0.04181	0.00872	0.00691	0.00190	0.04710	0.00671	0.04701	0.06621
1	0.09038	0.01476	0.02368	0.03274	0.53219	0.01494	0.04298	0.01932	0.01416	0.02166	0.01228	0.01671	0.01056	0.03795	0.00793	0.00213	0.03558	0.00575	0.00340	0.06091
2	0.01156	0.00756	0.00920	0.00881	0.00996	0.00783	0.00620	0.05645	0.01272	0.04683	0.05189	0.03741	0.04503	0.37305	0.18384	0.00598	0.00839	0.03972	0.07197	0.00559
3	0.01820	0.01436	0.01541	0.01345	0.01743	0.01630	0.01058	0.10254	0.59604	0.07996	0.02562	0.02352	0.01892	0.00877	0.00668	0.00219	0.00544	0.00723	0.00679	0.01056
4	0.01629	0.01564	0.02672	0.04041	0.72757	0.01564	0.02020	0.02020	0.01499	0.02151	0.01238	0.01629	0.01043	0.00587	0.00652	0.00196	0.00782	0.00587	0.00326	0.01043
5	0.07698	0.00716	0.00890	0.01005	0.01139	0.00706	0.00789	0.01185	0.01377	0.01915	0.03670	0.34784	0.11146	0.01800	0.00825	0.00272	0.00478	0.28434	0.00592	0.00581
6	0.01109	0.00738	0.00893	0.00851	0.01033	0.00719	0.00637	0.01483	0.06881	0.05986	0.31327	0.08108	0.13131	0.05071	0.07023	0.00297	0.00483	0.01055	0.12521	0.00651

[dist]
# distance from previous block
# <min> <max>
0	2

[block]
# block no. 4 follows, 33 sequences, length 35
# corresponding to MSA columns:
# 242-276
name=unknown_E
#
# <colnr> <probs for GDERKNQSTAVLIFYWHMCP>
#	G	D	E	R	K	N	Q	S	T	A	V	L	I	F	Y	W	H	M	C	P
0	0.03776	0.04093	0.01916	0.01539	0.05169	0.04649	0.09737	0.18206	0.10173	0.10267	0.11273	0.02297	0.04016	0.00817	0.00659	0.00193	0.00657	0.00702	0.00566	0.09295
1	0.01697	0.01419	0.01526	0.03543	0.01810	0.01634	0.01073	0.06475	0.64699	0.04481	0.02583	0.02390	0.01926	0.00880	0.00669	0.00222	0.00542	0.00731	0.00662	0.01038
2	0.01483	0.11564	0.02208	0.01648	0.01723	0.02095	0.01398	0.01636	0.01052	0.01580	0.00871	0.01389	0.00862	0.01074	0.01928	0.00268	0.65650	0.00546	0.00287	0.00737
3	0.01634	0.09018	0.01780	0.01383	0.08957	0.04524	0.01005	0.06297	0.01536	0.05702	0.01242	0.01410	0.01005	0.00550	0.00522	0.00127	0.00590	0.00434	0.00409	0.51875
4	0.00917	0.00642	0.00775	0.00792	0.00871	0.00625	0.00529	0.01048	0.01257	0.01717	0.14689	0.16423	0.11657	0.31693	0.09109	0.00472	0.00599	0.01159	0.04518	0.00507
5	0.00887	0.00618	0.00791	0.00877	0.00973	0.00564	0.00608	0.01040	0.01397	0.04194	0.13259	0.54243	0.14369	0.01868	0.00817	0.00251	0.00371	0.01670	0.00633	0.00569
6	0.00809	0.00591	0.00761	0.00881	0.00949	0.00544	0.00599	0.00944	0.01333	0.01763	0.09081	0.62991	0.12406	0.01963	0.00828	0.00258	0.00371	0.01765	0.00620	0.00544
7	0.00832	0.00613	0.00782	0.00875	0.00966	0.00562	0.00614	0.00997	0.01415	0.01878	0.16309	0.50227	0.15066	0.01865	0.00822	0.00251	0.00371	0.04369	0.00631	0.00556
8	0.81514	0.01273	0.00968	0.00866	0.01273	0.01477	0.00713	0.01935	0.01120	0.02954	0.00917	0.01069	0.00713	0.00611	0.00407	0.00204	0.00509	0.00356	0.00407	0.00713
9	0.01773	0.61151	0.03041	0.01191	0.01701	0.06732	0.01131	0.04560	0.04464	0.01731	0.01210	0.01609	0.01121	0.00685	0.00488	0.00160	0.00719	0.05354	0.00339	0.00841
10	0.01320	0.03405	0.73453	0.01876	0.02849	0.01529	0.02432	0.02085	0.01390	0.02085	0.01181	0.01390	0.00834	0.00625	0.00625	0.00208	0.00973	0.00486	0.00278	0.00973
11	0.04513	0.14404	0.03594	0.04282	0.01812	0.17640	0.01108	0.20546	0.02016	0.02523	0.12804	0.04134	0.06178	0.00886	0.00626	0.00188	0.00730	0.00680	0.00499	0.00835
12	0.81514	0.01273	0.00968	0.00866	0.01273	0.01477	0.00713	0.01935	0.01120	0.02954	0.00917	0.01069	0.00713	0.00611	0.00407	0.00204	0.00509	0.00356	0.00407	0.00713
13	0.02201	0.12205	0.07259	0.01600	0.02017	0.52246	0.01314	0.02600	0.09197	0.01760	0.01194	0.01321	0.00970	0.00683	0.00583	0.00175	0.01040	0.00454	0.00363	0.00818
14	0.01014	0.00698	0.00863	0.00807	0.01001	0.00625	0.00610	0.01283	0.01770	0.06676	0.50973	0.05127	0.23297	0.01398	0.00770	0.00211	0.00332	0.01211	0.00700	0.00634
15	0.01137	0.01123	0.06942	0.01191	0.01375	0.01093	0.00988	0.03531	0.08291	0.01948	0.08716	0.23975	0.08524	0.06049	0.04164	0.00307	0.15161	0.04291	0.00515	0.00680
16	0.01116	0.00794	0.00991	0.00930	0.01131	0.00774	0.00717	0.01615	0.10720	0.05766	0.52563	0.04724	0.08141	0.01312	0.00767	0.00217	0.00371	0.05950	0.00708	0.00694
17	0.00831	0.00610	0.00797	0.00908	0.00987	0.00576	0.00638	0.00982	0.01320	0.01749	0.07731	0.54613	0.12406	0.02192	0.06692	0.00323	0.00494	0.05006	0.00597	0.00550
18	0.02096	0.41856	0.02703	0.01384	0.01855	0.31441	0.01194	0.07253	0.01679	0.01764	0.01005	0.01147	0.00866	0.00626	0.00509	0.00157	0.00900	0.00399	0.00332	0.00832
19	0.02240	0.01712	0.01812	0.01421	0.01905	0.03692	0.01158	0.53534	0.09041	0.03726	0.06821	0.01880	0.01556	0.00819	0.00656	0.00194	0.00673	0.00634	0.00640	0.05884
20	0.07469	0.08971	0.36710	0.01937	0.10626	0.11504	0.01870	0.04665	0.03171	0.02117	0.01161	0.01374	0.00892	0.00658	0.00663	0.00199	0.04286	0.00483	0.00326	0.00919
21	0.01832	0.11901	0.01897	0.01481	0.04830	0.08874	0.01142	0.10770	0.44484	0.02612	0.02092	0.02008	0.01596	0.00803	0.00627	0.00203	0.00645	0.00636	0.00569	0.00997
22	0.00816	0.00579	0.00760	0.00899	0.00934	0.00544	0.00593	0.00920	0.01234	0.01645	0.03493	0.70143	0.04183	0.08587	0.01059	0.00300	0.00404	0.01792	0.00593	0.00523
23	0.01756	0.01866	0.16962	0.05915	0.15903	0.01521	0.13767	0.03884	0.11024	0.13672	0.01639	0.01810	0.01200	0.00709	0.00764	0.00215	0.05333	0.00632	0.00446	0.00980
24	0.00982	0.00961	0.05908	0.03133	0.01473	0.00809	0.08617	0.01286	0.04216	0.01883	0.09833	0.43707	0.08680	0.04212	0.00884	0.00259	0.00520	0.01447	0.00556	0.00634
25	0.01509	0.01373	0.02088	0.07908	0.31597	0.01440	0.06046	0.05080	0.17944	0.02303	0.04150	0.07658	0.03763	0.00875	0.00695	0.00216	0.00685	0.03266	0.00469	0.00934
26	0.02386	0.02983	0.01832	0.01664	0.02006	0.67728	0.01251	0.02707	0.08101	0.01713	0.01166	0.01301	0.00952	0.00698	0.00600	0.00174	0.01128	0.00453	0.00369	0.00788
27	0.01507	0.01313	0.01826	0.10737	0.20453	0.01420	0.03139	0.08027	0.23259	0.02481	0.11346	0.07548	0.02245	0.00910	0.00692	0.00214	0.00626	0.00810	0.00529	0.00917
28	0.00807	0.00655	0.00715	0.00728	0.00914	0.00564	0.00536	0.00990	0.01526	0.01906	0.17018	0.15935	0.52070	0.01670	0.00787	0.00226	0.00337	0.01424	0.00630	0.00564
29	0.01580	0.01478	0.02007	0.16273	0.21996	0.05901	0.04016	0.07358	0.15891	0.02300	0.07138	0.02198	0.03990	0.00802	0.00739	0.00211	0.04074	0.00689	0.00454	0.00903
30	0.06839	0.04367	0.04150	0.08072	0.35312	0.10776	0.01650	0.16559	0.01837	0.02499	0.01246	0.01513	0.00990	0.00648	0.00623	0.00193	0.00813	0.00543	0.00398	0.00972
31	0.00800	0.00668	0.00698	0.00690	0.00903	0.00565	0.00518	0.00988	0.01554	0.01904	0.16263	0.06129	0.62818	0.01620	0.00778	0.00220	0.00330	0.01360	0.00628	0.00565
32	0.01440	0.01440	0.02016	0.01728	0.01728	0.02016	0.01440	0.01584	0.01008	0.01584	0.00864	0.01440	0.00864	0.01152	0.02160	0.00288	0.75659	0.00576	0.00288	0.00720
33	0.22994	0.04588	0.06740	0.01287	0.01664	0.26442	0.01057	0.10204	0.01612	0.02245	0.01242	0.01732	0.01100	0.13329	0.01007	0.00262	0.00830	0.00517	0.00399	0.00750
34	0.77562	0.01302	0.01018	0.00898	0.01312	0.01505	0.00740	0.05368	0.01219	0.03013	0.00950	0.01095	0.00733	0.00620	0.00420	0.00203	0.00520	0.00368	0.00420	0.00733

[dist]
# distance from previous block
# <min> <max>
0	1

[block]
# block no. 5 follows, 33 sequences, length 31
# corresponding to MSA columns:
# 278-308
name=unknown_F
#
# <colnr> <probs for GDERKNQSTAVLIFYWHMCP>
#	G	D	E	R	K	N	Q	S	T	A	V	L	I	F	Y	W	H	M	C	P
0	0.01760	0.77260	0.03450	0.01126	0.01690	0.02605	0.01126	0.01971	0.01338	0.01549	0.00915	0.01056	0.00845	0.00563	0.00422	0.00141	0.00704	0.00352	0.00282	0.00845
1	0.06592	0.01294	0.01652	0.01263	0.01779	0.01224	0.03026	0.16554	0.02058	0.50781	0.02213	0.02000	0.01436	0.00778	0.00645	0.00198	0.00604	0.00625	0.00731	0.04547
2	0.00784	0.00667	0.00675	0.00673	0.00893	0.00558	0.00505	0.00956	0.01515	0.01812	0.09217	0.06281	0.69922	0.01655	0.00778	0.00222	0.00333	0.01382	0.00616	0.00558
3	0.02459	0.03138	0.01866	0.01696	0.02035	0.74221	0.01272	0.02629	0.01866	0.01611	0.01018	0.01187	0.00848	0.00678	0.00594	0.00170	0.01187	0.00424	0.00339	0.00763
4	0.01743	0.74419	0.06143	0.01155	0.01734	0.02564	0.01177	0.01976	0.01340	0.01569	0.00925	0.01069	0.00844	0.00566	0.00430	0.00143	0.00714	0.00357	0.00281	0.00850
5	0.00778	0.00667	0.00667	0.00667	0.00889	0.00556	0.00500	0.00945	0.01501	0.01778	0.06669	0.06336	0.72490	0.01667	0.00778	0.00222	0.00333	0.01389	0.00611	0.00556
6	0.00942	0.00635	0.00719	0.00728	0.00737	0.00630	0.00414	0.00955	0.00993	0.01316	0.02318	0.08484	0.04878	0.70058	0.03121	0.00603	0.00613	0.01024	0.00418	0.00412
7	0.01492	0.01591	0.02915	0.02204	0.02583	0.01756	0.36295	0.01855	0.01310	0.01890	0.01123	0.01605	0.00940	0.00802	0.01339	0.00241	0.32493	0.00664	0.00318	0.06582
8	0.00957	0.00642	0.00735	0.00735	0.00740	0.00647	0.00420	0.00968	0.00962	0.01289	0.02059	0.04224	0.02357	0.73349	0.06815	0.00659	0.00693	0.00945	0.00397	0.00408
9	0.01900	0.15489	0.03453	0.01135	0.01550	0.01388	0.00970	0.08633	0.11484	0.22005	0.14971	0.02629	0.05049	0.01043	0.03196	0.00224	0.00588	0.00729	0.02655	0.00910
10	0.22369	0.01528	0.02132	0.05253	0.46405	0.04662	0.01604	0.02058	0.01426	0.04970	0.01194	0.01492	0.00966	0.00608	0.00587	0.00198	0.00724	0.00523	0.00365	0.00938
11	0.01398	0.01347	0.02344	0.45699	0.28194	0.01511	0.06433	0.01828	0.01396	0.01873	0.01205	0.01713	0.00943	0.00626	0.00664	0.00211	0.00860	0.00598	0.00307	0.00850
12	0.02503	0.01844	0.01976	0.01515	0.02042	0.02042	0.01251	0.70562	0.03095	0.04149	0.01581	0.01581	0.01120	0.00790	0.00659	0.00198	0.00724	0.00593	0.00659	0.01120
13	0.01421	0.00895	0.03289	0.01091	0.04320	0.00766	0.00831	0.01710	0.01746	0.18517	0.36721	0.08672	0.10686	0.01272	0.00753	0.00217	0.00433	0.05219	0.00690	0.00752
14	0.01037	0.00848	0.01244	0.01188	0.01283	0.01054	0.00943	0.01255	0.01048	0.01539	0.01589	0.02364	0.01494	0.04204	0.60282	0.00909	0.16085	0.00680	0.00340	0.00613
15	0.01588	0.01522	0.02597	0.11671	0.65450	0.01553	0.02000	0.01984	0.01479	0.02101	0.01231	0.01643	0.01025	0.00594	0.00652	0.00198	0.00792	0.00586	0.00322	0.01009
16	0.00973	0.00694	0.00882	0.00869	0.00907	0.00756	0.00578	0.01054	0.00991	0.01370	0.01923	0.03639	0.02090	0.50805	0.25756	0.00756	0.04243	0.00861	0.00379	0.00473
17	0.00789	0.00667	0.00682	0.00678	0.00896	0.00560	0.00509	0.00966	0.01526	0.01840	0.11333	0.06235	0.67788	0.01644	0.00778	0.00221	0.00332	0.01375	0.00619	0.00560
18	0.02503	0.01844	0.01976	0.01515	0.02042	0.02042	0.01251	0.70562	0.03095	0.04149	0.01581	0.01581	0.01120	0.00790	0.00659	0.00198	0.00724	0.00593	0.00659	0.01120
19	0.01016	0.00637	0.00850	0.00927	0.01025	0.00586	0.00645	0.01171	0.01402	0.08322	0.13254	0.59581	0.04369	0.01848	0.00815	0.00253	0.00388	0.01665	0.00646	0.00600
20	0.81514	0.01273	0.00968	0.00866	0.01273	0.01477	0.00713	0.01935	0.01120	0.02954	0.00917	0.01069	0.00713	0.00611	0.00407	0.00204	0.00509	0.00356	0.00407	0.00713
21	0.01539	0.01877	0.08185	0.02719	0.03404	0.01656	0.66167	0.02107	0.01544	0.02107	0.01323	0.01752	0.00989	0.00559	0.00768	0.00221	0.01101	0.00759	0.00330	0.00893
22	0.01637	0.01414	0.01489	0.01340	0.01712	0.01637	0.01042	0.03498	0.71568	0.02754	0.02679	0.02456	0.02010	0.00893	0.00670	0.00223	0.00521	0.00744	0.00670	0.01042
23	0.01637	0.01414	0.01489	0.01340	0.01712	0.01637	0.01042	0.03498	0.71568	0.02754	0.02679	0.02456	0.02010	0.00893	0.00670	0.00223	0.00521	0.00744	0.00670	0.01042
24	0.00814	0.00581	0.00777	0.00930	0.00973	0.00545	0.00631	0.00937	0.01272	0.01694	0.03622	0.73344	0.04329	0.02052	0.00843	0.00269	0.00392	0.04848	0.00611	0.00538
25	0.11677	0.01137	0.01466	0.01137	0.01635	0.01024	0.00939	0.03067	0.01799	0.65412	0.02411	0.02111	0.01528	0.00792	0.00634	0.00204	0.00555	0.00628	0.00770	0.01075
26	0.01057	0.00818	0.01184	0.04320	0.01380	0.00968	0.00909	0.04604	0.01164	0.01659	0.01690	0.02486	0.01565	0.06224	0.61843	0.00928	0.05522	0.00694	0.00363	0.00622
27	0.01118	0.00581	0.00838	0.00838	0.00838	0.00581	0.00548	0.00871	0.00871	0.01162	0.01273	0.02321	0.01317	0.12633	0.02681	0.69719	0.00581	0.00625	0.00302	0.00302
28	0.01760	0.77260	0.03450	0.01126	0.01690	0.02605	0.01126	0.01971	0.01338	0.01549	0.00915	0.01056	0.00845	0.00563	0.00422	0.00141	0.00704	0.00352	0.00282	0.00845
29	0.02009	0.01207	0.01370	0.01120	0.01491	0.01253	0.00901	0.25935	0.06971	0.17505	0.11826	0.02449	0.02128	0.00874	0.00628	0.00191	0.00519	0.00705	0.19995	0.00923
30	0.01300	0.01259	0.01972	0.69200	0.04314	0.04351	0.01790	0.01715	0.01325	0.01675	0.01151	0.01719	0.00876	0.00680	0.00721	0.00220	0.04128	0.00578	0.00294	0.00732

[dist]
# distance from previous block
# <min> <max>
1	16

[block]
# block no. 6 follows, 33 sequences, length 26
# corresponding to MSA columns:
# 325-350
name=unknown_G
#
# <colnr> <probs for GDERKNQSTAVLIFYWHMCP>
#	G	D	E	R	K	N	Q	S	T	A	V	L	I	F	Y	W	H	M	C	P
0	0.01633	0.20946	0.35500	0.05166	0.02471	0.14099	0.03717	0.02154	0.03224	0.01861	0.01123	0.01331	0.00876	0.00639	0.00616	0.00189	0.02799	0.00465	0.00302	0.00888
1	0.02031	0.06372	0.21082	0.01378	0.01951	0.01330	0.01366	0.08524	0.08541	0.28683	0.02146	0.10191	0.01663	0.00893	0.00658	0.00210	0.00671	0.00733	0.00587	0.00991
2	0.01574	0.12723	0.02630	0.09264	0.52859	0.01656	0.01798	0.01928	0.01448	0.01998	0.01310	0.05481	0.01174	0.00666	0.00628	0.00193	0.00757	0.00619	0.00332	0.00961
3	0.17814	0.04025	0.08013	0.45295	0.05383	0.01543	0.01603	0.05404	0.01382	0.02116	0.01134	0.01546	0.00856	0.00647	0.00596	0.00211	0.00794	0.00522	0.00335	0.00781
4	0.01767	0.01827	0.02427	0.03412	0.54635	0.15011	0.01813	0.02176	0.04503	0.02071	0.01322	0.01747	0.01126	0.00652	0.00649	0.00195	0.00841	0.02496	0.00351	0.00978
5	0.00894	0.00671	0.00827	0.00788	0.00960	0.00605	0.00591	0.01168	0.01773	0.02426	0.56066	0.05270	0.22690	0.01426	0.00777	0.00211	0.00316	0.01240	0.00697	0.00605
6	0.00947	0.00717	0.01016	0.10548	0.01505	0.00744	0.00862	0.01169	0.01354	0.01811	0.11115	0.31233	0.05501	0.06468	0.08801	0.00366	0.00641	0.14078	0.00542	0.00582
7	0.00913	0.00656	0.00850	0.00912	0.01017	0.00638	0.00658	0.01176	0.04051	0.02020	0.21698	0.39267	0.06362	0.01979	0.06965	0.00311	0.00490	0.04633	0.04816	0.00589
8	0.02503	0.01844	0.01976	0.01515	0.02042	0.02042	0.01251	0.70562	0.03095	0.04149	0.01581	0.01581	0.01120	0.00790	0.00659	0.00198	0.00724	0.00593	0.00659	0.01120
9	0.01740	0.73866	0.06667	0.01161	0.01743	0.02555	0.01186	0.01976	0.01340	0.01573	0.00927	0.01071	0.00844	0.00566	0.00432	0.00144	0.00716	0.00358	0.00281	0.00851
10	0.01823	0.70626	0.03308	0.01177	0.01721	0.09015	0.01139	0.02030	0.01385	0.01554	0.00924	0.01068	0.00845	0.00574	0.00438	0.00143	0.00747	0.00358	0.00287	0.00838
11	0.01554	0.01776	0.03885	0.02775	0.03441	0.01665	0.70366	0.02109	0.01554	0.02109	0.01332	0.01776	0.00999	0.00555	0.00777	0.00222	0.01110	0.00777	0.00333	0.00888
12	0.01320	0.03405	0.73453	0.01876	0.02849	0.01529	0.02432	0.02085	0.01390	0.02085	0.01181	0.01390	0.00834	0.00625	0.00625	0.00208	0.00973	0.00486	0.00278	0.00973
13	0.01760	0.77260	0.03450	0.01126	0.01690	0.02605	0.01126	0.01971	0.01338	0.01549	0.00915	0.01056	0.00845	0.00563	0.00422	0.00141	0.00704	0.00352	0.00282	0.00845
14	0.01320	0.03405	0.73453	0.01876	0.02849	0.01529	0.02432	0.02085	0.01390	0.02085	0.01181	0.01390	0.00834	0.00625	0.00625	0.00208	0.00973	0.00486	0.00278	0.00973
15	0.00879	0.00686	0.00809	0.00834	0.01019	0.00616	0.00657	0.01109	0.01586	0.02028	0.21909	0.08179	0.39270	0.01633	0.00808	0.00238	0.00389	0.16133	0.00638	0.00582
16	0.00800	0.00583	0.00754	0.00890	0.00948	0.00537	0.00599	0.00920	0.01286	0.01691	0.03953	0.68956	0.11623	0.02020	0.00834	0.00263	0.00377	0.01820	0.00611	0.00537
17	0.01299	0.00683	0.00691	0.00665	0.00839	0.00694	0.00505	0.05444	0.01478	0.02550	0.02115	0.02405	0.01655	0.00768	0.00471	0.00156	0.00330	0.00612	0.75995	0.00642
18	0.81514	0.01273	0.00968	0.00866	0.01273	0.01477	0.00713	0.01935	0.01120	0.02954	0.00917	0.01069	0.00713	0.00611	0.00407	0.00204	0.00509	0.00356	0.00407	0.00713
19	0.01860	0.01241	0.01366	0.01185	0.01552	0.01352	0.00934	0.07731	0.40987	0.15617	0.02489	0.02356	0.01818	0.00848	0.00628	0.00205	0.00502	0.00694	0.15654	0.00981
20	0.00957	0.00638	0.00718	0.00718	0.00718	0.00638	0.00399	0.00957	0.00957	0.01276	0.02074	0.04308	0.02393	0.76864	0.03351	0.00638	0.00638	0.00957	0.00399	0.00399
21	0.00921	0.00665	0.00870	0.00836	0.00981	0.00614	0.00620	0.01215	0.01813	0.02559	0.66632	0.10925	0.06056	0.01406	0.00782	0.00212	0.00317	0.01248	0.00715	0.00614
22	0.01850	0.67747	0.03246	0.01200	0.01734	0.11796	0.01145	0.02056	0.01405	0.01557	0.00928	0.01073	0.00845	0.00578	0.00444	0.00145	0.00766	0.00361	0.00289	0.00834
23	0.01468	0.04896	0.01505	0.01040	0.01604	0.03868	0.00839	0.03619	0.04385	0.02175	0.01227	0.01395	0.01011	0.00524	0.00501	0.00110	0.00533	0.00410	0.00402	0.68488
24	0.01406	0.11869	0.44482	0.01853	0.02647	0.01640	0.14329	0.02096	0.05394	0.02046	0.01549	0.01739	0.04693	0.00675	0.00638	0.00204	0.00906	0.00584	0.00328	0.00924
25	0.01495	0.22191	0.13200	0.01185	0.01631	0.07363	0.01136	0.03382	0.03375	0.05879	0.26393	0.02786	0.05580	0.00926	0.00630	0.00187	0.00622	0.00745	0.00500	0.00794

[dist]
# distance from previous block
# <min> <max>
0	3

[block]
# block no. 7 follows, 33 sequences, length 78
# corresponding to MSA columns:
# 354-431
name=unknown_H
#
# <colnr> <probs for GDERKNQSTAVLIFYWHMCP>
#	G	D	E	R	K	N	Q	S	T	A	V	L	I	F	Y	W	H	M	C	P
0	0.65262	0.01242	0.01083	0.00929	0.01357	0.01371	0.00766	0.02199	0.01278	0.17489	0.01264	0.01312	0.00903	0.00653	0.00460	0.00204	0.00520	0.00420	0.00492	0.00797
1	0.01624	0.53441	0.22961	0.01361	0.02015	0.02279	0.01505	0.01987	0.01338	0.01700	0.00988	0.01165	0.00843	0.00605	0.00552	0.00166	0.03914	0.00399	0.00281	0.00875
2	0.01519	0.01307	0.01363	0.01237	0.01565	0.03757	0.00964	0.05488	0.49454	0.02659	0.12667	0.03182	0.07204	0.01034	0.00699	0.00221	0.00512	0.03581	0.00660	0.00927
3	0.00816	0.00605	0.00762	0.00856	0.00947	0.00551	0.00592	0.00970	0.01394	0.01839	0.14253	0.52693	0.17547	0.01883	0.00819	0.00250	0.00362	0.01681	0.00628	0.00551
4	0.00915	0.00664	0.00862	0.00831	0.00978	0.00611	0.00616	0.01203	0.01798	0.02526	0.64078	0.11324	0.08281	0.01420	0.00782	0.00213	0.00318	0.01258	0.00711	0.00611
5	0.01227	0.00614	0.00614	0.00614	0.00767	0.00614	0.00460	0.01534	0.01381	0.02454	0.02148	0.02454	0.01687	0.00767	0.00460	0.00153	0.00307	0.00614	0.80518	0.00614
6	0.81514	0.01273	0.00968	0.00866	0.01273	0.01477	0.00713	0.01935	0.01120	0.02954	0.00917	0.01069	0.00713	0.00611	0.00407	0.00204	0.00509	0.00356	0.00407	0.00713
7	0.01051	0.00751	0.01049	0.01201	0.01348	0.00749	0.01043	0.01347	0.01506	0.01959	0.03491	0.10089	0.03811	0.01828	0.00907	0.00302	0.00598	0.65762	0.00606	0.00603
8	0.81514	0.01273	0.00968	0.00866	0.01273	0.01477	0.00713	0.01935	0.01120	0.02954	0.00917	0.01069	0.00713	0.00611	0.00407	0.00204	0.00509	0.00356	0.00407	0.00713
9	0.01335	0.05800	0.71183	0.01852	0.02812	0.01564	0.02390	0.02081	0.01388	0.02067	0.01173	0.01379	0.00834	0.00623	0.00619	0.00206	0.00964	0.00482	0.00278	0.00969
10	0.81514	0.01273	0.00968	0.00866	0.01273	0.01477	0.00713	0.01935	0.01120	0.02954	0.00917	0.01069	0.00713	0.00611	0.00407	0.00204	0.00509	0.00356	0.00407	0.00713
11	0.00875	0.00689	0.00793	0.00774	0.00961	0.00619	0.00577	0.01158	0.03929	0.02187	0.35547	0.09318	0.37155	0.01521	0.00777	0.00218	0.00332	0.01306	0.00664	0.00599
12	0.00883	0.00604	0.00803	0.00910	0.00980	0.00560	0.00623	0.01031	0.01370	0.03852	0.14130	0.63385	0.04561	0.01917	0.00825	0.00256	0.00376	0.01733	0.00634	0.00565
13	0.01637	0.01414	0.01489	0.01340	0.01712	0.01637	0.01042	0.03498	0.71568	0.02754	0.02679	0.02456	0.02010	0.00893	0.00670	0.00223	0.00521	0.00744	0.00670	0.01042
14	0.00922	0.00675	0.00867	0.00825	0.00986	0.00619	0.00623	0.01220	0.01822	0.02545	0.64656	0.05115	0.11938	0.01388	0.00780	0.00211	0.00321	0.03160	0.00711	0.00615
15	0.01144	0.00572	0.00858	0.00858	0.00858	0.00572	0.00572	0.00858	0.00858	0.01144	0.01144	0.02001	0.01144	0.02287	0.02573	0.80846	0.00572	0.00572	0.00286	0.00286
16	0.01601	0.01536	0.02622	0.09211	0.67806	0.01557	0.02006	0.01996	0.01486	0.02117	0.01233	0.01638	0.01031	0.00592	0.00652	0.00197	0.00789	0.00586	0.00323	0.01020
17	0.01365	0.01170	0.01365	0.00975	0.01560	0.00878	0.00780	0.01658	0.01365	0.02145	0.01170	0.01365	0.00975	0.00488	0.00488	0.00098	0.00488	0.00390	0.00390	0.80888
18	0.01696	0.02311	0.20248	0.03033	0.39951	0.14435	0.04774	0.02148	0.01539	0.02037	0.01189	0.01497	0.00954	0.00611	0.00640	0.00195	0.00915	0.00541	0.00317	0.00969
19	0.01591	0.01525	0.02604	0.11038	0.66056	0.01554	0.02002	0.01987	0.01481	0.02105	0.01232	0.01642	0.01027	0.00594	0.00652	0.00198	0.00791	0.00586	0.00323	0.01012
