[name]
unknown

[dist]
# distance from previous block
# <min> <max>
29	90

[block]
# block no. 0 follows, 32 sequences, length 13
# corresponding to MSA columns:
# 103-115
name=unknown_A
#
# <colnr> <probs for GDERKNQSTAVLIFYWHMCP>
#	G	D	E	R	K	N	Q	S	T	A	V	L	I	F	Y	W	H	M	C	P
0	0.01589	0.01484	0.02209	0.08178	0.28713	0.04623	0.07958	0.09710	0.03204	0.02315	0.06812	0.08023	0.05241	0.00904	0.00812	0.00218	0.05865	0.00801	0.00441	0.00901
1	0.01727	0.01292	0.01828	0.10503	0.17909	0.01337	0.03282	0.14905	0.04841	0.09399	0.02065	0.11100	0.03731	0.01005	0.00776	0.03663	0.00667	0.02472	0.03361	0.04139
2	0.01489	0.01453	0.01939	0.11789	0.29013	0.09193	0.01482	0.01908	0.05768	0.02074	0.10862	0.05553	0.04822	0.01127	0.04936	0.00262	0.04288	0.00766	0.00428	0.00851
3	0.04312	0.10034	0.08057	0.01581	0.08336	0.04998	0.01258	0.20353	0.06857	0.08991	0.05579	0.04605	0.03816	0.00824	0.00634	0.00192	0.00681	0.00657	0.00533	0.07701
4	0.14283	0.04626	0.01629	0.01542	0.09228	0.14763	0.03253	0.04492	0.05475	0.07778	0.02256	0.10336	0.08690	0.00970	0.00642	0.00205	0.00688	0.02867	0.00492	0.05786
5	0.01473	0.01955	0.18921	0.02755	0.31834	0.04853	0.09347	0.01929	0.01502	0.02096	0.04724	0.09866	0.01623	0.00947	0.03010	0.00240	0.00865	0.00762	0.00373	0.00925
6	0.01739	0.01740	0.10756	0.15505	0.08439	0.08462	0.03438	0.14459	0.03782	0.05683	0.02977	0.02004	0.01320	0.05982	0.00899	0.02802	0.00790	0.00624	0.07737	0.00861
7	0.01620	0.01481	0.05513	0.05385	0.04948	0.07644	0.05777	0.14264	0.07147	0.05637	0.06789	0.16100	0.07096	0.01141	0.00727	0.00223	0.00672	0.03888	0.03114	0.00835
8	0.01060	0.04365	0.01014	0.00892	0.01095	0.00788	0.00674	0.01389	0.06352	0.05301	0.24312	0.19950	0.23854	0.01687	0.03953	0.00264	0.00449	0.01302	0.00643	0.00657
9	0.01724	0.06888	0.08971	0.04051	0.05155	0.15014	0.05146	0.06334	0.01570	0.02080	0.01148	0.01411	0.00943	0.00671	0.00780	0.00173	0.10111	0.00485	0.00364	0.26981
10	0.00874	0.00650	0.00808	0.00864	0.00984	0.00595	0.00622	0.01066	0.01513	0.02008	0.23249	0.32791	0.19792	0.05280	0.00949	0.00265	0.00386	0.06085	0.00645	0.00573
11	0.05063	0.00904	0.01165	0.06089	0.01511	0.00874	0.00842	0.01966	0.06020	0.24388	0.07362	0.27888	0.07989	0.03736	0.00828	0.00248	0.00496	0.01179	0.00662	0.00792
12	0.01666	0.13208	0.09064	0.06318	0.05893	0.05394	0.03541	0.10410	0.08380	0.04005	0.05120	0.02098	0.04486	0.00815	0.00712	0.00198	0.05456	0.00634	0.11731	0.00870

[dist]
# distance from previous block
# <min> <max>
7	28

[block]
# block no. 1 follows, 32 sequences, length 7
# corresponding to MSA columns:
# 144-150
name=unknown_B
#
# <colnr> <probs for GDERKNQSTAVLIFYWHMCP>
#	G	D	E	R	K	N	Q	S	T	A	V	L	I	F	Y	W	H	M	C	P
0	0.01131	0.00731	0.00951	0.00885	0.01081	0.00668	0.00681	0.01431	0.01855	0.08880	0.57143	0.05014	0.10523	0.01374	0.00789	0.00217	0.00358	0.04885	0.00732	0.00673
1	0.01785	0.06913	0.01717	0.03311	0.04676	0.09104	0.01120	0.18759	0.05171	0.06100	0.09861	0.09423	0.02336	0.04038	0.00914	0.00238	0.05733	0.07397	0.00556	0.00846
2	0.00870	0.00650	0.00796	0.00848	0.00970	0.00593	0.00607	0.01053	0.01496	0.01971	0.21304	0.31088	0.22748	0.06843	0.01001	0.00273	0.00389	0.05298	0.00637	0.00567
3	0.01668	0.05294	0.26469	0.07204	0.06434	0.04794	0.16220	0.14238	0.01756	0.02388	0.01351	0.01740	0.01054	0.05444	0.00846	0.00237	0.00936	0.00613	0.00379	0.00935
4	0.01167	0.00805	0.01052	0.01013	0.01154	0.00861	0.00762	0.03936	0.01287	0.06503	0.02714	0.08303	0.10778	0.19386	0.28856	0.00649	0.04795	0.04891	0.00475	0.00615
5	0.01321	0.08788	0.13182	0.01434	0.01721	0.07037	0.03529	0.01594	0.01349	0.01816	0.06535	0.25615	0.02379	0.01284	0.01084	0.00242	0.18918	0.01011	0.00432	0.00729
6	0.01595	0.06998	0.20255	0.12150	0.02427	0.04145	0.03466	0.06485	0.07712	0.06690	0.03246	0.04984	0.01385	0.00755	0.00627	0.00194	0.00748	0.00621	0.04466	0.11049

[dist]
# distance from previous block
# <min> <max>
0	36

[block]
# block no. 2 follows, 32 sequences, length 11
# corresponding to MSA columns:
# 188-198
name=unknown_C
#
# <colnr> <probs for GDERKNQSTAVLIFYWHMCP>
#	G	D	E	R	K	N	Q	S	T	A	V	L	I	F	Y	W	H	M	C	P
0	0.25586	0.11458	0.04755	0.01320	0.01773	0.04396	0.03758	0.23547	0.01875	0.02909	0.01433	0.08226	0.01247	0.00837	0.00651	0.00207	0.04042	0.00616	0.00483	0.00879
1	0.08043	0.06157	0.06114	0.03554	0.08571	0.01237	0.01053	0.06465	0.10730	0.02332	0.13739	0.08147	0.12220	0.01188	0.00844	0.06869	0.00557	0.00883	0.00525	0.00773
2	0.04479	0.01152	0.01526	0.09728	0.11741	0.01162	0.01105	0.06840	0.04842	0.02218	0.05216	0.16513	0.04859	0.03190	0.00812	0.00214	0.03810	0.00877	0.00477	0.19241
3	0.00911	0.00972	0.09668	0.00989	0.01182	0.00694	0.00816	0.01130	0.01382	0.01860	0.12179	0.41416	0.13425	0.08892	0.01058	0.00287	0.00473	0.01489	0.00575	0.00601
4	0.07601	0.00675	0.00777	0.00837	0.00910	0.00676	0.00557	0.01116	0.01178	0.01763	0.02682	0.33353	0.03031	0.25798	0.01675	0.03630	0.00491	0.03302	0.09433	0.00516
5	0.01702	0.01624	0.02500	0.16247	0.37973	0.05335	0.08403	0.10511	0.01723	0.02313	0.01514	0.01863	0.03891	0.00683	0.00681	0.00206	0.00843	0.00642	0.00382	0.00965
6	0.00972	0.00644	0.00733	0.00745	0.00886	0.00593	0.00533	0.01124	0.01415	0.01968	0.13110	0.13216	0.27336	0.05935	0.01087	0.09280	0.00382	0.01153	0.18343	0.00546
7	0.12683	0.13757	0.07096	0.01578	0.02041	0.18336	0.10084	0.05833	0.10434	0.02200	0.01409	0.01752	0.01169	0.02985	0.00749	0.00214	0.03802	0.02617	0.00409	0.00852
8	0.01131	0.00818	0.00981	0.03252	0.01202	0.00810	0.00702	0.07489	0.04399	0.02188	0.14731	0.26229	0.10425	0.08777	0.01070	0.02975	0.00455	0.01230	0.07191	0.03947
9	0.06797	0.13196	0.04971	0.01567	0.07182	0.07400	0.05014	0.07142	0.16819	0.08636	0.02033	0.05186	0.05066	0.00823	0.00625	0.00197	0.00687	0.00670	0.00506	0.05485
10	0.04869	0.06352	0.18436	0.03802	0.03976	0.06191	0.03277	0.10764	0.05923	0.04427	0.02055	0.04090	0.07814	0.00890	0.00714	0.00207	0.03664	0.04512	0.00455	0.07581

[dist]
# distance from previous block
# <min> <max>
1	9

[block]
# block no. 3 follows, 32 sequences, length 6
# corresponding to MSA columns:
# 208-213
name=unknown_D
#
# <colnr> <probs for GDERKNQSTAVLIFYWHMCP>
#	G	D	E	R	K	N	Q	S	T	A	V	L	I	F	Y	W	H	M	C	P
0	0.09730	0.08792	0.14296	0.04066	0.08515	0.09642	0.01365	0.06602	0.07165	0.02336	0.08797	0.01901	0.01610	0.00943	0.04128	0.00232	0.00790	0.00582	0.00429	0.08078
1	0.01615	0.09288	0.08884	0.11883	0.07470	0.04882	0.13134	0.06606	0.06268	0.06448	0.06022	0.02419	0.08086	0.03172	0.00766	0.00221	0.00787	0.00729	0.00449	0.00870
2	0.01222	0.08029	0.04848	0.04346	0.01514	0.05962	0.04440	0.04567	0.01488	0.01886	0.08354	0.22229	0.14678	0.09625	0.01091	0.02822	0.00602	0.01139	0.00505	0.00654
3	0.01568	0.06312	0.18529	0.08970	0.10815	0.06311	0.06861	0.08838	0.04329	0.02316	0.08739	0.02139	0.04849	0.00773	0.00661	0.00199	0.00795	0.00659	0.00423	0.05913
4	0.01552	0.05851	0.11456	0.01640	0.05282	0.01379	0.08810	0.07936	0.01553	0.09631	0.02131	0.24801	0.02115	0.01192	0.00939	0.00238	0.11163	0.01007	0.00493	0.00832
5	0.01165	0.00748	0.00968	0.00947	0.01142	0.00684	0.00708	0.01347	0.01442	0.09629	0.11136	0.26907	0.14306	0.02012	0.09144	0.04307	0.00584	0.04904	0.00593	0.07327

[dist]
# distance from previous block
# <min> <max>
7	13

[block]
# block no. 4 follows, 32 sequences, length 6
# corresponding to MSA columns:
# 227-232
name=unknown_E
#
# <colnr> <probs for GDERKNQSTAVLIFYWHMCP>
#	G	D	E	R	K	N	Q	S	T	A	V	L	I	F	Y	W	H	M	C	P
0	0.05877	0.01305	0.01984	0.12403	0.07581	0.01387	0.12670	0.13844	0.03805	0.06429	0.05027	0.04853	0.01598	0.03474	0.11370	0.03444	0.00915	0.00733	0.00466	0.00837
1	0.01594	0.04265	0.27737	0.06099	0.05743	0.05086	0.13315	0.06734	0.04665	0.06069	0.01650	0.08592	0.01390	0.03135	0.00772	0.00230	0.00877	0.00724	0.00409	0.00914
2	0.01110	0.01078	0.04989	0.04951	0.01510	0.05012	0.03679	0.01490	0.06862	0.02044	0.17159	0.28445	0.09085	0.04165	0.00882	0.00255	0.00541	0.05495	0.00581	0.00666
3	0.01546	0.01484	0.03851	0.18800	0.10759	0.12402	0.01327	0.03854	0.05070	0.04302	0.01864	0.11045	0.04681	0.01152	0.01015	0.10999	0.03920	0.00775	0.00412	0.00744
4	0.01587	0.05176	0.15054	0.07234	0.13357	0.10290	0.01496	0.06124	0.01604	0.05429	0.06067	0.16126	0.01977	0.01011	0.00762	0.00218	0.04353	0.00842	0.00444	0.00849
5	0.01574	0.11146	0.12810	0.09772	0.05387	0.07383	0.11246	0.04530	0.01537	0.06299	0.04088	0.08870	0.03242	0.05071	0.03917	0.00269	0.00863	0.00758	0.00414	0.00825

[dist]
# distance from previous block
# <min> <max>
7	40

[block]
# block no. 5 follows, 32 sequences, length 20
# corresponding to MSA columns:
# 282-301
name=unknown_F
#
# <colnr> <probs for GDERKNQSTAVLIFYWHMCP>
#	G	D	E	R	K	N	Q	S	T	A	V	L	I	F	Y	W	H	M	C	P
0	0.11292	0.01210	0.03373	0.03814	0.04915	0.05503	0.03104	0.05884	0.01646	0.06061	0.15842	0.13308	0.14278	0.01166	0.00696	0.00212	0.00551	0.00987	0.00558	0.05598
1	0.01760	0.04178	0.01856	0.07041	0.07737	0.19495	0.07607	0.02176	0.07303	0.09133	0.13481	0.08661	0.04775	0.00964	0.00698	0.00207	0.00764	0.00827	0.00512	0.00822
2	0.04657	0.01580	0.01746	0.07225	0.10658	0.10517	0.01226	0.17327	0.07723	0.15131	0.05461	0.02329	0.01685	0.06696	0.00882	0.00241	0.00730	0.02687	0.00562	0.00937
3	0.10968	0.01344	0.01727	0.10536	0.05059	0.03561	0.05881	0.08576	0.08073	0.16406	0.06775	0.04289	0.04152	0.00859	0.00725	0.00211	0.03961	0.00706	0.00550	0.05642
4	0.01252	0.03088	0.01258	0.07372	0.07669	0.00907	0.00912	0.01554	0.05703	0.08840	0.04858	0.29412	0.16506	0.01473	0.00817	0.02913	0.00502	0.01245	0.00569	0.03149
5	0.05550	0.10388	0.02130	0.27044	0.10298	0.04640	0.04413	0.04044	0.01493	0.03950	0.07978	0.02100	0.04365	0.00810	0.00795	0.00213	0.07941	0.00650	0.00391	0.00806
6	0.01434	0.01504	0.07984	0.13965	0.15059	0.01387	0.14476	0.07247	0.04626	0.02243	0.06966	0.08684	0.04191	0.01057	0.03958	0.00256	0.00826	0.00822	0.00434	0.02881
7	0.01286	0.04150	0.01155	0.00994	0.01246	0.03484	0.00755	0.06574	0.08020	0.06069	0.15126	0.21563	0.19428	0.02816	0.00797	0.00230	0.00466	0.01213	0.00625	0.04003
8	0.01870	0.01654	0.02250	0.09869	0.13507	0.04359	0.11011	0.22434	0.10909	0.02799	0.01543	0.01736	0.01172	0.00693	0.00663	0.00196	0.00779	0.00615	0.00485	0.11458
9	0.01605	0.01340	0.01921	0.19828	0.22246	0.03857	0.01501	0.08864	0.05431	0.06578	0.01763	0.08095	0.01537	0.01334	0.09011	0.00316	0.00876	0.02572	0.00444	0.00882
10	0.01792	0.01590	0.08017	0.14993	0.14701	0.04388	0.04511	0.12433	0.03735	0.11902	0.02055	0.04515	0.06003	0.03435	0.00785	0.00230	0.00763	0.02739	0.00491	0.00920
11	0.00990	0.00722	0.00990	0.00996	0.01098	0.00806	0.00734	0.01244	0.04036	0.01603	0.02067	0.08969	0.02070	0.18512	0.48553	0.00863	0.01356	0.00865	0.02949	0.00577
12	0.01653	0.01654	0.02591	0.13740	0.50665	0.06857	0.06152	0.02048	0.01527	0.02081	0.01239	0.01645	0.01019	0.00609	0.00663	0.00199	0.00851	0.00590	0.00331	0.03884
13	0.05275	0.48639	0.15501	0.01352	0.01971	0.08509	0.01389	0.07078	0.01541	0.01938	0.01040	0.01188	0.00874	0.00615	0.00499	0.00165	0.00802	0.00408	0.00325	0.00892
14	0.01000	0.00830	0.00855	0.00877	0.01000	0.05958	0.00610	0.01136	0.01441	0.01828	0.16681	0.25176	0.21194	0.13499	0.01288	0.03685	0.00473	0.01342	0.00576	0.00551
15	0.01354	0.14565	0.18811	0.01646	0.10595	0.03453	0.01398	0.03746	0.01516	0.02044	0.10531	0.15450	0.07261	0.01073	0.00733	0.00212	0.03460	0.00894	0.00444	0.00814
16	0.01126	0.00754	0.01006	0.00939	0.01111	0.00734	0.05651	0.03354	0.01483	0.02245	0.12402	0.20386	0.05929	0.05459	0.02942	0.00255	0.00467	0.01077	0.32053	0.00628
17	0.01714	0.06926	0.06183	0.01708	0.07972	0.01649	0.06577	0.19088	0.06867	0.02561	0.01522	0.01846	0.01237	0.03140	0.08385	0.00304	0.09821	0.00612	0.05418	0.06471
18	0.11254	0.08403	0.04108	0.01367	0.04600	0.12218	0.04501	0.05017	0.06718	0.02320	0.10778	0.02253	0.06779	0.00804	0.00604	0.00179	0.00666	0.00640	0.00466	0.16324
19	0.05897	0.04317	0.01365	0.03500	0.01510	0.01082	0.03669	0.11074	0.01733	0.10238	0.07405	0.12249	0.11950	0.01121	0.00672	0.00206	0.00521	0.03879	0.11414	0.06198

[dist]
# distance from previous block
# <min> <max>
3	10

[block]
# block no. 6 follows, 32 sequences, length 15
# corresponding to MSA columns:
# 312-326
name=unknown_G
#
# <colnr> <probs for GDERKNQSTAVLIFYWHMCP>
#	G	D	E	R	K	N	Q	S	T	A	V	L	I	F	Y	W	H	M	C	P
0	0.06322	0.05804	0.03709	0.05948	0.06571	0.08764	0.04127	0.06158	0.12209	0.02230	0.09247	0.08022	0.02052	0.04466	0.04408	0.00279	0.07624	0.00774	0.00475	0.00811
1	0.01235	0.00798	0.00979	0.03171	0.01100	0.04839	0.00679	0.01178	0.04029	0.01473	0.06751	0.05349	0.01756	0.03726	0.02088	0.55628	0.00589	0.00695	0.03519	0.00418
2	0.01383	0.02819	0.05280	0.08610	0.10357	0.02745	0.13031	0.03319	0.04583	0.03653	0.09854	0.07326	0.06120	0.01006	0.00716	0.00220	0.00686	0.07608	0.09888	0.00795
3	0.00830	0.00634	0.00765	0.00849	0.00969	0.00569	0.00602	0.00989	0.01430	0.01837	0.10156	0.42981	0.28506	0.01892	0.00832	0.00253	0.00375	0.04338	0.00632	0.00562
4	0.01776	0.05579	0.11883	0.04117	0.10634	0.04802	0.01453	0.21043	0.06541	0.02659	0.05502	0.01930	0.01461	0.02636	0.03959	0.00256	0.08595	0.00625	0.03619	0.00932
5	0.00988	0.00706	0.00815	0.00820	0.00910	0.00683	0.00543	0.04040	0.01331	0.01752	0.10448	0.16794	0.14963	0.37801	0.02069	0.00439	0.00522	0.03323	0.00532	0.00519
6	0.01954	0.16827	0.06137	0.06673	0.02495	0.13601	0.16813	0.13410	0.09046	0.04565	0.01428	0.01602	0.01093	0.00682	0.00640	0.00196	0.00896	0.00583	0.00430	0.00932
7	0.00866	0.00637	0.00774	0.00827	0.00925	0.00585	0.00565	0.01017	0.01415	0.01871	0.18363	0.34400	0.19088	0.14039	0.01248	0.00312	0.00406	0.01504	0.00612	0.00545
8	0.01798	0.04573	0.01643	0.01454	0.06490	0.04434	0.01057	0.30290	0.03975	0.02767	0.03477	0.11614	0.01912	0.09198	0.04280	0.06082	0.00724	0.02845	0.00543	0.00843
9	0.00825	0.00596	0.00781	0.00914	0.00971	0.00552	0.00617	0.00957	0.01338	0.01782	0.08265	0.67441	0.08416	0.02032	0.00849	0.00266	0.00382	0.01835	0.00630	0.00552
10	0.01218	0.01167	0.05387	0.08525	0.08694	0.04033	0.01073	0.04156	0.01457	0.01901	0.05051	0.12299	0.17412	0.06619	0.01124	0.06495	0.03038	0.05917	0.00475	0.03960
11	0.01211	0.00795	0.01010	0.00954	0.01098	0.00852	0.00707	0.04589	0.01282	0.06339	0.02358	0.03274	0.07688	0.21829	0.29997	0.00659	0.03613	0.00818	0.10310	0.00616
12	0.01438	0.01389	0.04069	0.02017	0.19308	0.05892	0.05160	0.05185	0.12200	0.02249	0.08130	0.15849	0.06156	0.01253	0.03006	0.00252	0.00691	0.04392	0.00517	0.00846
13	0.01535	0.01824	0.15817	0.08670	0.17354	0.03709	0.07908	0.03953	0.01527	0.04588	0.01559	0.04057	0.03619	0.00687	0.00639	0.00185	0.00775	0.00614	0.00384	0.20597
14	0.02123	0.15425	0.04526	0.01791	0.02252	0.40163	0.13369	0.05593	0.01763	0.01854	0.01141	0.01380	0.00939	0.00844	0.03824	0.00219	0.01109	0.00506	0.00349	0.00830

[dist]
# distance from previous block
# <min> <max>
0	1

[block]
# block no. 7 follows, 32 sequences, length 19
# corresponding to MSA columns:
# 328-346
name=unknown_H
#
# <colnr> <probs for GDERKNQSTAVLIFYWHMCP>
#	G	D	E	R	K	N	Q	S	T	A	V	L	I	F	Y	W	H	M	C	P
0	0.03992	0.05818	0.02149	0.01941	0.13377	0.06851	0.05119	0.26290	0.15489	0.09529	0.01759	0.01795	0.01300	0.00756	0.00656	0.00203	0.00741	0.00619	0.00565	0.01050
1	0.08017	0.00921	0.01077	0.04932	0.01349	0.00936	0.00761	0.06390	0.03295	0.08247	0.07973	0.06450	0.10519	0.21190	0.04952	0.00373	0.00615	0.05253	0.02887	0.03862
2	0.02506	0.03198	0.01901	0.01729	0.02074	0.73725	0.01296	0.02679	0.01901	0.01642	0.01037	0.01210	0.00864	0.00691	0.00605	0.00173	0.01210	0.00432	0.00346	0.00778
3	0.01773	0.01803	0.02382	0.10880	0.39934	0.13131	0.01790	0.05740	0.01584	0.02081	0.01183	0.01573	0.00991	0.00714	0.00876	0.00211	0.11498	0.00570	0.00344	0.00941
4	0.00976	0.00651	0.00732	0.00732	0.00732	0.00651	0.00407	0.00976	0.00976	0.01301	0.02114	0.04391	0.02439	0.76419	0.03415	0.00651	0.00651	0.00976	0.00407	0.00407
5	0.12419	0.03387	0.01722	0.01359	0.01821	0.05486	0.01106	0.37709	0.14460	0.06568	0.01754	0.01749	0.01282	0.00789	0.00620	0.00202	0.00665	0.00590	0.05294	0.01019
6	0.01623	0.03528	0.04450	0.01562	0.09888	0.03041	0.02570	0.04582	0.06213	0.12177	0.07282	0.09428	0.04300	0.01034	0.00746	0.00208	0.03238	0.08590	0.00544	0.14998
7	0.01411	0.11406	0.58744	0.01760	0.02660	0.01652	0.02190	0.02152	0.04364	0.02096	0.01238	0.01424	0.00909	0.00635	0.00610	0.00200	0.00918	0.00487	0.00306	0.04837
8	0.01660	0.01273	0.01384	0.01237	0.01590	0.01415	0.00963	0.03117	0.52220	0.08801	0.09356	0.02887	0.05368	0.00974	0.00687	0.00221	0.00496	0.00815	0.04551	0.00987
9	0.02173	0.02600	0.01762	0.01721	0.06970	0.53429	0.01220	0.04604	0.01866	0.01865	0.05247	0.01962	0.07542	0.00816	0.00633	0.00182	0.01011	0.00584	0.03033	0.00779
10	0.01707	0.01582	0.06063	0.22552	0.09141	0.01593	0.16057	0.14749	0.03838	0.06206	0.01550	0.02077	0.01220	0.03414	0.00839	0.00237	0.02672	0.03162	0.00435	0.00908
11	0.01042	0.00702	0.00842	0.00863	0.00983	0.00662	0.00592	0.03168	0.01364	0.05902	0.05810	0.30951	0.18608	0.20835	0.04245	0.00381	0.00517	0.01385	0.00575	0.00572
12	0.00818	0.00584	0.00779	0.00934	0.00973	0.00545	0.00623	0.00934	0.01285	0.01713	0.03698	0.75981	0.04438	0.02102	0.00856	0.00273	0.00389	0.01908	0.00623	0.00545
13	0.06124	0.59246	0.03216	0.01285	0.01824	0.02467	0.04863	0.07043	0.01479	0.01886	0.01004	0.01177	0.00884	0.00624	0.00558	0.00163	0.04547	0.00412	0.00326	0.00870
14	0.01368	0.15801	0.06750	0.05530	0.01715	0.03289	0.01083	0.04493	0.14177	0.02119	0.09411	0.17353	0.04674	0.01360	0.04233	0.00260	0.00657	0.04419	0.00519	0.00788
15	0.00931	0.00708	0.00928	0.00992	0.01105	0.00682	0.02440	0.01211	0.07061	0.01856	0.06648	0.51759	0.12187	0.01887	0.00898	0.03254	0.00426	0.03819	0.00613	0.00596
16	0.01082	0.00765	0.00925	0.00900	0.00986	0.00803	0.00607	0.06794	0.01232	0.01665	0.02323	0.10207	0.05086	0.43233	0.19866	0.00666	0.00900	0.00983	0.00445	0.00533
17	0.10083	0.01495	0.01578	0.01283	0.01708	0.01633	0.01037	0.42110	0.06190	0.05972	0.02089	0.08392	0.04433	0.00941	0.00649	0.00207	0.00614	0.00740	0.07875	0.00973
18	0.01777	0.09301	0.06289	0.10670	0.18162	0.11400	0.10301	0.11531	0.03828	0.02288	0.03352	0.01911	0.04785	0.00729	0.00660	0.00200	0.00858	0.00634	0.00407	0.00918

[dist]
# distance from previous block
# <min> <max>
6	20

[block]
# block no. 8 follows, 32 sequences, length 26
# corresponding to MSA columns:
# 367-392
name=unknown_I
#
# <colnr> <probs for GDERKNQSTAVLIFYWHMCP>
#	G	D	E	R	K	N	Q	S	T	A	V	L	I	F	Y	W	H	M	C	P
0	0.03559	0.04116	0.29651	0.01871	0.10440	0.01526	0.01730	0.01866	0.03625	0.02013	0.01767	0.05884	0.06905	0.00910	0.00978	0.00225	0.16503	0.00674	0.00360	0.05397
1	0.01095	0.00904	0.00975	0.00905	0.01146	0.03608	0.00685	0.01337	0.03362	0.03862	0.12030	0.10633	0.32055	0.06824	0.00992	0.00246	0.03176	0.04295	0.00574	0.11297
2	0.01965	0.08907	0.01841	0.03135	0.03870	0.11779	0.01123	0.07497	0.18023	0.12693	0.05071	0.01937	0.01564	0.00792	0.00719	0.00191	0.05403	0.00600	0.00535	0.12355
3	0.02135	0.01728	0.01950	0.03703	0.07022	0.06520	0.01311	0.32994	0.08237	0.07029	0.01541	0.01669	0.01165	0.00829	0.00911	0.00211	0.13163	0.00592	0.00543	0.06748
4	0.14169	0.01741	0.01581	0.03097	0.03053	0.18616	0.01079	0.07247	0.07909	0.07298	0.01398	0.01595	0.01109	0.01027	0.04880	0.02928	0.07251	0.00517	0.00447	0.13058
5	0.01080	0.00823	0.01117	0.06455	0.06320	0.00894	0.00799	0.01321	0.05053	0.01558	0.01925	0.03365	0.01975	0.39445	0.24355	0.00694	0.01022	0.00831	0.00395	0.00574
6	0.00994	0.00713	0.00793	0.00755	0.00980	0.00614	0.00568	0.01197	0.01621	0.07100	0.20773	0.05767	0.50013	0.04065	0.00872	0.00236	0.00362	0.01303	0.00656	0.00617
7	0.01510	0.01770	0.07711	0.07835	0.08266	0.01625	0.48268	0.02031	0.01540	0.02122	0.05310	0.01937	0.01297	0.00659	0.00841	0.00226	0.05057	0.00758	0.00353	0.00886
8	0.05673	0.01767	0.07432	0.17502	0.30903	0.06799	0.04486	0.07122	0.01571	0.02195	0.01209	0.01594	0.00971	0.00687	0.00784	0.00213	0.07242	0.00574	0.00349	0.00928
9	0.01501	0.05467	0.14211	0.04868	0.06489	0.04437	0.29591	0.01962	0.01448	0.01995	0.01366	0.05600	0.01160	0.00845	0.02802	0.00239	0.08367	0.00701	0.00342	0.06609
10	0.00976	0.00651	0.00732	0.00732	0.00732	0.00651	0.00407	0.00976	0.00976	0.01301	0.02114	0.04391	0.02439	0.76419	0.03415	0.00651	0.00651	0.00976	0.00407	0.00407
11	0.01592	0.07097	0.03539	0.01217	0.01519	0.21766	0.00962	0.06729	0.06766	0.02129	0.14754	0.11052	0.13831	0.03169	0.00769	0.00217	0.00686	0.00934	0.00532	0.00742
12	0.04568	0.10725	0.04120	0.01737	0.06594	0.10356	0.04563	0.16810	0.06079	0.06192	0.01425	0.04039	0.01178	0.00863	0.00983	0.00218	0.17577	0.00606	0.00453	0.00914
13	0.01496	0.01565	0.03144	0.04248	0.02921	0.01527	0.48434	0.05778	0.01623	0.02216	0.06577	0.07400	0.01674	0.00984	0.04289	0.00270	0.03726	0.00876	0.00405	0.00848
14	0.01347	0.01063	0.01176	0.01085	0.01371	0.01125	0.00837	0.04873	0.31170	0.04831	0.17499	0.08148	0.18282	0.01263	0.00745	0.00227	0.00450	0.02997	0.00680	0.00832
15	0.01440	0.00926	0.01096	0.00988	0.01262	0.00896	0.00760	0.06678	0.10342	0.14043	0.23327	0.12850	0.19996	0.01350	0.00758	0.00223	0.00429	0.01156	0.00701	0.00780
16	0.01977	0.04592	0.08502	0.11652	0.19314	0.05811	0.06742	0.20116	0.01964	0.08690	0.01432	0.01656	0.01068	0.00703	0.00704	0.00206	0.02823	0.00593	0.00455	0.00999
17	0.01056	0.00837	0.01217	0.01169	0.01271	0.01028	0.00924	0.01284	0.01086	0.01612	0.01666	0.02439	0.01549	0.04201	0.58594	0.00906	0.13727	0.00693	0.04122	0.00622
18	0.01854	0.01534	0.01622	0.01403	0.01816	0.01756	0.01107	0.17543	0.56741	0.03106	0.02495	0.02316	0.01857	0.00888	0.00680	0.00222	0.00575	0.00726	0.00680	0.01079
19	0.01640	0.01801	0.07468	0.15522	0.45619	0.09279	0.01937	0.02046	0.01529	0.02041	0.01310	0.01844	0.01106	0.00671	0.00667	0.00206	0.00865	0.03157	0.00335	0.00956
20	0.03901	0.14344	0.17121	0.02147	0.11029	0.01840	0.17984	0.09937	0.03998	0.02291	0.01298	0.01583	0.01021	0.00824	0.03401	0.00238	0.05143	0.00588	0.00369	0.00941
21	0.01404	0.01138	0.01611	0.27646	0.08856	0.01262	0.01305	0.04565	0.10427	0.07129	0.02829	0.09314	0.15393	0.01055	0.00758	0.00227	0.02882	0.00899	0.00496	0.00805
22	0.00991	0.03647	0.01042	0.01068	0.02939	0.00784	0.00737	0.03496	0.03509	0.01945	0.10918	0.56828	0.04155	0.01822	0.00848	0.00256	0.02156	0.01627	0.00611	0.00621
23	0.05548	0.04514	0.01888	0.16906	0.11521	0.07817	0.01352	0.17993	0.07762	0.04328	0.01819	0.08330	0.03522	0.00865	0.00659	0.00208	0.00737	0.00714	0.00486	0.03030
24	0.13908	0.10364	0.04591	0.12382	0.15759	0.07080	0.04806	0.07099	0.05482	0.06059	0.01393	0.03722	0.01126	0.00720	0.00650	0.00204	0.02763	0.00579	0.00413	0.00897
25	0.09448	0.06758	0.03403	0.01273	0.06118	0.07765	0.00945	0.07406	0.03663	0.06200	0.06283	0.11123	0.16054	0.03606	0.00804	0.02271	0.00593	0.00893	0.00520	0.04873

[dist]
# distance from previous block
# <min> <max>
6	15

[block]
# block no. 9 follows, 32 sequences, length 24
# corresponding to MSA columns:
# 408-431
name=unknown_J
#
# <colnr> <probs for GDERKNQSTAVLIFYWHMCP>
#	G	D	E	R	K	N	Q	S	T	A	V	L	I	F	Y	W	H	M	C	P
0	0.25355	0.05923	0.04796	0.01396	0.01800	0.14631	0.10521	0.03841	0.01516	0.04409	0.07608	0.09125	0.01723	0.00912	0.00685	0.03120	0.00741	0.00693	0.00443	0.00761
1	0.00901	0.00722	0.00829	0.00959	0.01025	0.04236	0.00650	0.01024	0.01331	0.01715	0.03755	0.67925	0.08420	0.02006	0.00840	0.00265	0.00428	0.01803	0.00609	0.00558
2	0.02107	0.14891	0.02448	0.04390	0.20146	0.39084	0.03629	0.02365	0.01690	0.01791	0.01092	0.01339	0.00920	0.00643	0.00599	0.00178	0.01011	0.00479	0.00331	0.00868
3	0.05933	0.00740	0.00898	0.00882	0.01052	0.00708	0.00651	0.01346	0.04190	0.04319	0.42059	0.20962	0.10775	0.01489	0.00776	0.00227	0.00362	0.01306	0.00683	0.00643
4	0.01827	0.04332	0.09163	0.07351	0.20735	0.13031	0.07865	0.10653	0.07295	0.02293	0.01341	0.01615	0.01062	0.00722	0.00802	0.00210	0.07777	0.00585	0.00393	0.00949
5	0.00831	0.00593	0.00794	0.00949	0.00994	0.00556	0.00645	0.00957	0.01297	0.01727	0.03691	0.72605	0.04409	0.02090	0.00860	0.00274	0.00401	0.05155	0.00623	0.00549
6	0.00867	0.00615	0.00812	0.00951	0.01001	0.00585	0.00658	0.00996	0.01285	0.01707	0.03515	0.59893	0.04157	0.09827	0.01132	0.00317	0.00445	0.10099	0.00600	0.00540
7	0.01399	0.01203	0.01416	0.03319	0.01691	0.00945	0.00839	0.01767	0.04236	0.02197	0.01255	0.01449	0.01034	0.00519	0.00510	0.00109	0.00511	0.00419	0.00406	0.74776
8	0.00976	0.00651	0.00732	0.00732	0.00732	0.00651	0.00407	0.00976	0.00976	0.01301	0.02114	0.04391	0.02439	0.76419	0.03415	0.00651	0.00651	0.00976	0.00407	0.00407
9	0.01584	0.01810	0.03959	0.02828	0.03507	0.01697	0.69796	0.02149	0.01584	0.02149	0.01357	0.01810	0.01018	0.00566	0.00792	0.00226	0.01131	0.00792	0.00339	0.00905
10	0.01551	0.03670	0.02186	0.17304	0.19079	0.01474	0.09416	0.13137	0.01750	0.02337	0.02035	0.07300	0.05109	0.00957	0.00728	0.00227	0.00772	0.09646	0.00452	0.00870
11	0.01585	0.14492	0.26523	0.10726	0.11279	0.04342	0.11878	0.05954	0.01565	0.02115	0.02709	0.01573	0.01041	0.00643	0.00638	0.00201	0.00911	0.00560	0.00334	0.00931
12	0.02449	0.01784	0.01923	0.01503	0.02017	0.01973	0.01232	0.57661	0.12543	0.07201	0.01815	0.01766	0.01291	0.00821	0.00673	0.00205	0.00702	0.00629	0.00680	0.01130
13	0.00906	0.00672	0.00844	0.00826	0.00982	0.00611	0.00610	0.01172	0.01759	0.02417	0.52124	0.13988	0.17568	0.01519	0.00800	0.00221	0.00330	0.01334	0.00704	0.00611
14	0.01553	0.08104	0.19681	0.05128	0.07371	0.04088	0.30695	0.04505	0.01549	0.02102	0.01406	0.06185	0.01171	0.00712	0.00742	0.00216	0.02826	0.00712	0.00349	0.00904
15	0.01166	0.00583	0.00874	0.00874	0.00874	0.00583	0.00583	0.00874	0.00874	0.01166	0.01166	0.02040	0.01166	0.02331	0.02622	0.80478	0.00583	0.00583	0.00291	0.00291
16	0.01026	0.00738	0.01015	0.01163	0.01301	0.00726	0.00982	0.01297	0.01501	0.01951	0.03715	0.18727	0.06865	0.01888	0.00910	0.00299	0.00569	0.54106	0.00619	0.00604
17	0.00852	0.00634	0.00829	0.00947	0.00996	0.00620	0.00646	0.00969	0.01279	0.01701	0.03733	0.64922	0.09063	0.04731	0.01007	0.00284	0.03859	0.01777	0.00600	0.00550
18	0.03646	0.18605	0.13118	0.13271	0.02420	0.05956	0.03882	0.12398	0.05523	0.02258	0.01784	0.03614	0.05319	0.00830	0.00632	0.00204	0.00786	0.04459	0.00422	0.00873
19	0.01638	0.01571	0.02683	0.08180	0.68349	0.01588	0.02048	0.02039	0.01517	0.02165	0.01258	0.01668	0.01053	0.00602	0.00665	0.00201	0.00803	0.00598	0.00330	0.01045
20	0.01346	0.03471	0.72942	0.01912	0.02904	0.01558	0.02479	0.02125	0.01417	0.02125	0.01204	0.01417	0.00850	0.00637	0.00637	0.00212	0.00992	0.00496	0.00283	0.00992
21	0.34294	0.01245	0.01358	0.10025	0.05350	0.01438	0.01034	0.05869	0.10685	0.02557	0.01714	0.13798	0.01586	0.00954	0.00692	0.00227	0.05174	0.00738	0.00474	0.00785
22	0.06062	0.01188	0.05014	0.03544	0.10246	0.01185	0.01146	0.04526	0.01418	0.10788	0.07568	0.02408	0.01800	0.06388	0.23747	0.00509	0.08331	0.00693	0.00454	0.02982
23	0.12264	0.01278	0.05374	0.01270	0.04383	0.05630	0.00993	0.03805	0.04265	0.04931	0.01781	0.04905	0.01667	0.09658	0.12366	0.05373	0.04505	0.06466	0.03334	0.05751

[dist]
# distance from previous block
# <min> <max>
3	34

[block]
# block no. 10 follows, 32 sequences, length 19
# corresponding to MSA columns:
# 466-484
name=unknown_K
#
# <colnr> <probs for GDERKNQSTAVLIFYWHMCP>
#	G	D	E	R	K	N	Q	S	T	A	V	L	I	F	Y	W	H	M	C	P
0	0.01533	0.16445	0.18204	0.01413	0.04142	0.05206	0.01334	0.06447	0.01575	0.05444	0.08421	0.04944	0.10067	0.05346	0.00920	0.00231	0.06321	0.00741	0.00442	0.00824
1	0.13474	0.14752	0.30423	0.04226	0.05893	0.01704	0.09989	0.02061	0.03771	0.02164	0.01312	0.05002	0.01079	0.00695	0.00603	0.00205	0.00834	0.00574	0.00344	0.00896
2	0.00900	0.00632	0.00802	0.00899	0.00999	0.00575	0.00628	0.01050	0.01396	0.04122	0.08413	0.54374	0.16945	0.01934	0.00837	0.00259	0.00388	0.03635	0.00637	0.00576
3	0.01291	0.01262	0.03590	0.05943	0.07795	0.12253	0.01017	0.01580	0.03966	0.01879	0.02546	0.35052	0.02731	0.01568	0.04240	0.00272	0.00676	0.03096	0.08559	0.00686
4	0.01754	0.04651	0.17869	0.06338	0.14156	0.13630	0.01632	0.12686	0.04143	0.02310	0.03583	0.03774	0.01323	0.03099	0.03540	0.00250	0.03326	0.00616	0.00407	0.00912
5	0.00958	0.00649	0.00760	0.00774	0.00791	0.00648	0.00459	0.00996	0.01056	0.01421	0.05611	0.11584	0.02794	0.62012	0.06264	0.00611	0.00661	0.01070	0.00442	0.00440
6	0.00857	0.00612	0.00824	0.00980	0.01036	0.00579	0.00692	0.01003	0.01324	0.01757	0.03676	0.65673	0.04351	0.02065	0.00867	0.00278	0.00424	0.11823	0.00622	0.00556
7	0.02506	0.03198	0.01901	0.01729	0.02074	0.73725	0.01296	0.02679	0.01901	0.01642	0.01037	0.01210	0.00864	0.00691	0.00605	0.00173	0.01210	0.00432	0.00346	0.00778
8	0.04280	0.12991	0.33455	0.08939	0.04713	0.01623	0.03751	0.05603	0.01514	0.09239	0.01381	0.01657	0.01045	0.03360	0.03468	0.00250	0.00889	0.00542	0.00375	0.00928
9	0.01436	0.05147	0.05221	0.10163	0.06736	0.03981	0.05319	0.05929	0.01361	0.01902	0.01427	0.01934	0.02695	0.01853	0.18235	0.00433	0.21818	0.00632	0.03006	0.00773
10	0.00905	0.00689	0.00860	0.00831	0.01004	0.00644	0.00628	0.01166	0.01666	0.02261	0.42100	0.05081	0.25012	0.02020	0.11786	0.00346	0.00547	0.01199	0.00647	0.00608
11	0.02420	0.01517	0.01685	0.01317	0.01785	0.01613	0.01080	0.44939	0.02609	0.17637	0.01917	0.01898	0.01344	0.00806	0.00637	0.00195	0.00632	0.00622	0.14294	0.01053
12	0.00957	0.00689	0.00947	0.00955	0.01030	0.00761	0.00683	0.01110	0.01054	0.01479	0.01998	0.06854	0.02070	0.28891	0.46501	0.00895	0.01342	0.00864	0.00388	0.00532
13	0.81159	0.01298	0.00986	0.00882	0.01298	0.01505	0.00727	0.01972	0.01142	0.03010	0.00934	0.01090	0.00727	0.00623	0.00415	0.00208	0.00519	0.00363	0.00415	0.00727
14	0.00959	0.00719	0.01078	0.01078	0.01198	0.00839	0.00839	0.01198	0.01078	0.01558	0.01797	0.02636	0.01677	0.05032	0.73760	0.01078	0.01797	0.00719	0.00359	0.00599
15	0.01446	0.02924	0.53232	0.01891	0.02727	0.01567	0.08679	0.07734	0.01600	0.02327	0.06126	0.01721	0.01270	0.00712	0.00714	0.00215	0.03215	0.00586	0.00353	0.00963
16	0.01140	0.00922	0.03823	0.02912	0.07437	0.00828	0.00926	0.01456	0.04124	0.06392	0.13419	0.22103	0.16160	0.01802	0.06879	0.00310	0.00595	0.07489	0.00587	0.00696
17	0.00910	0.00689	0.00841	0.00906	0.01067	0.00630	0.00710	0.01108	0.01504	0.01910	0.11096	0.17545	0.32558	0.01803	0.00911	0.03281	0.00436	0.20904	0.00620	0.00574
18	0.01828	0.07645	0.07092	0.03570	0.12304	0.03495	0.03805	0.17933	0.01928	0.08610	0.07964	0.04336	0.04320	0.00830	0.00693	0.00194	0.02606	0.00685	0.00509	0.09654

[dist]
# distance from previous block
# <min> <max>
6	45

[block]
# block no. 11 follows, 32 sequences, length 33
# corresponding to MSA columns:
# 533-565
name=unknown_L
#
# <colnr> <probs for GDERKNQSTAVLIFYWHMCP>
#	G	D	E	R	K	N	Q	S	T	A	V	L	I	F	Y	W	H	M	C	P
0	0.08668	0.04327	0.16237	0.06739	0.02169	0.09443	0.06658	0.02018	0.01522	0.09323	0.05224	0.06893	0.05073	0.00824	0.00636	0.00195	0.00750	0.00683	0.00442	0.12178
1	0.01302	0.01029	0.01473	0.04689	0.09631	0.00982	0.05312	0.04155	0.03858	0.06308	0.18814	0.09065	0.14064	0.01402	0.05838	0.00267	0.00619	0.00981	0.00556	0.09656
2	0.24629	0.01412	0.01781	0.23852	0.09136	0.05697	0.05196	0.03853	0.01376	0.02280	0.01186	0.01563	0.00937	0.00704	0.00724	0.00214	0.07574	0.00532	0.06573	0.00782
3	0.02929	0.01118	0.01514	0.01167	0.01670	0.00969	0.00962	0.03191	0.01897	0.69445	0.02626	0.02294	0.01664	0.00828	0.00665	0.00205	0.00559	0.00672	0.04506	0.01118
4	0.01522	0.01504	0.02675	0.24476	0.37510	0.01606	0.12788	0.01948	0.01454	0.02013	0.01236	0.01711	0.00996	0.00646	0.00773	0.00216	0.05049	0.00628	0.00321	0.00926
5	0.81159	0.01298	0.00986	0.00882	0.01298	0.01505	0.00727	0.01972	0.01142	0.03010	0.00934	0.01090	0.00727	0.00623	0.00415	0.00208	0.00519	0.00363	0.00415	0.00727
6	0.00882	0.00640	0.00838	0.00915	0.01015	0.00595	0.00659	0.01085	0.01525	0.02066	0.26226	0.42258	0.09327	0.01815	0.00837	0.00253	0.00382	0.07439	0.00660	0.00582
7	0.00815	0.00593	0.00770	0.00911	0.00967	0.00547	0.00613	0.00937	0.01307	0.01722	0.03979	0.69689	0.10549	0.02066	0.00851	0.00268	0.00385	0.01863	0.00623	0.00547
8	0.02479	0.01479	0.01671	0.01304	0.01777	0.01549	0.01070	0.40692	0.02538	0.23172	0.01991	0.01937	0.01376	0.00809	0.00641	0.00196	0.00626	0.00627	0.13005	0.01062
9	0.01382	0.09349	0.67379	0.01851	0.02809	0.01646	0.02372	0.02116	0.01412	0.02081	0.01182	0.01389	0.00851	0.00632	0.00621	0.00207	0.00970	0.00485	0.00284	0.00981
10	0.01346	0.03471	0.72942	0.01912	0.02904	0.01558	0.02479	0.02125	0.01417	0.02125	0.01204	0.01417	0.00850	0.00637	0.00637	0.00212	0.00992	0.00496	0.00283	0.00992
11	0.01081	0.00772	0.01081	0.01236	0.01390	0.00772	0.01081	0.01390	0.01545	0.02008	0.03553	0.07569	0.03862	0.01854	0.00927	0.00309	0.00618	0.67717	0.00618	0.00618
12	0.81159	0.01298	0.00986	0.00882	0.01298	0.01505	0.00727	0.01972	0.01142	0.03010	0.00934	0.01090	0.00727	0.00623	0.00415	0.00208	0.00519	0.00363	0.00415	0.00727
13	0.00818	0.00584	0.00779	0.00934	0.00973	0.00545	0.00623	0.00934	0.01285	0.01713	0.03698	0.75981	0.04438	0.02102	0.00856	0.00273	0.00389	0.01908	0.00623	0.00545
14	0.81159	0.01298	0.00986	0.00882	0.01298	0.01505	0.00727	0.01972	0.01142	0.03010	0.00934	0.01090	0.00727	0.00623	0.00415	0.00208	0.00519	0.00363	0.00415	0.00727
15	0.01661	0.01594	0.02724	0.04119	0.72233	0.01594	0.02059	0.02059	0.01528	0.02192	0.01262	0.01661	0.01063	0.00598	0.00664	0.00199	0.00797	0.00598	0.00332	0.01063
16	0.01669	0.01441	0.01517	0.01365	0.01745	0.01669	0.01062	0.03565	0.71021	0.02807	0.02731	0.02503	0.02048	0.00910	0.00683	0.00228	0.00531	0.00759	0.00683	0.01062
17	0.00811	0.00664	0.00716	0.00738	0.00926	0.00569	0.00540	0.00985	0.01520	0.01873	0.11993	0.18245	0.54614	0.01740	0.00804	0.00233	0.00346	0.01482	0.00633	0.00569
18	0.01346	0.03471	0.72942	0.01912	0.02904	0.01558	0.02479	0.02125	0.01417	0.02125	0.01204	0.01417	0.00850	0.00637	0.00637	0.00212	0.00992	0.00496	0.00283	0.00992
19	0.00846	0.00682	0.00754	0.00736	0.00939	0.00589	0.00552	0.01066	0.01655	0.02112	0.28956	0.05965	0.49615	0.01588	0.00792	0.00221	0.00332	0.01347	0.00662	0.00589
20	0.00818	0.00584	0.00779	0.00934	0.00973	0.00545	0.00623	0.00934	0.01285	0.01713	0.03698	0.75981	0.04438	0.02102	0.00856	0.00273	0.00389	0.01908	0.00623	0.00545
21	0.02605	0.01464	0.01707	0.01335	0.01832	0.01506	0.01094	0.31924	0.09002	0.33382	0.02188	0.02025	0.01477	0.00825	0.00665	0.00204	0.00627	0.00650	0.04377	0.01110
22	0.00824	0.00589	0.00784	0.00930	0.00975	0.00549	0.00623	0.00950	0.01313	0.01758	0.06856	0.72694	0.04526	0.02068	0.00853	0.00270	0.00386	0.01875	0.00628	0.00549
23	0.00826	0.00661	0.00731	0.00769	0.00937	0.00577	0.00559	0.00989	0.01470	0.01822	0.09285	0.21965	0.47500	0.05197	0.00932	0.00259	0.00374	0.03970	0.00619	0.00560
24	0.01059	0.00715	0.00911	0.00997	0.01105	0.00696	0.00707	0.04161	0.04494	0.05160	0.03458	0.59893	0.03939	0.01877	0.00823	0.00263	0.00429	0.05321	0.03366	0.00627
25	0.01029	0.00807	0.01053	0.01254	0.07632	0.00792	0.00802	0.04280	0.06376	0.01958	0.03688	0.52208	0.11988	0.01773	0.00811	0.00254	0.00446	0.01588	0.00603	0.00658
26	0.02397	0.03021	0.01911	0.08159	0.02298	0.67369	0.01346	0.02594	0.01852	0.01649	0.01051	0.01261	0.00867	0.00690	0.00611	0.00177	0.01182	0.00447	0.00342	0.00775
27	0.01469	0.01370	0.02254	0.14626	0.41276	0.01372	0.04042	0.01858	0.01533	0.02179	0.10621	0.02100	0.01726	0.00699	0.00667	0.00194	0.00725	0.00663	0.00389	0.10236
28	0.01267	0.01193	0.02013	0.74806	0.04621	0.01491	0.01863	0.01714	0.01342	0.01714	0.01193	0.01789	0.00894	0.00671	0.00671	0.00224	0.00894	0.00596	0.00298	0.00745
29	0.01798	0.12293	0.02442	0.10135	0.18488	0.12880	0.08981	0.05343	0.06469	0.05193	0.01723	0.01938	0.05811	0.00745	0.00691	0.00200	0.02934	0.00629	0.00406	0.00903
30	0.00936	0.00656	0.00838	0.00911	0.01026	0.00608	0.00657	0.01110	0.01435	0.04195	0.13005	0.41200	0.16271	0.04358	0.03421	0.00297	0.00454	0.07410	0.00628	0.00584
31	0.01634	0.08518	0.04943	0.01647	0.12442	0.03139	0.01186	0.12026	0.09441	0.02494	0.05984	0.03743	0.03603	0.00778	0.00648	0.00177	0.02477	0.00630	0.04169	0.20320
32	0.08143	0.18623	0.10479	0.01586	0.07147	0.09975	0.04454	0.02162	0.07271	0.04474	0.01426	0.05813	0.01227	0.00734	0.00623	0.00183	0.02924	0.00569	0.00396	0.11792

[dist]
# distance from previous block
# <min> <max>
1	9

[block]
# block no. 12 follows, 32 sequences, length 6
# corresponding to MSA columns:
# 575-580
name=unknown_M
#
# <colnr> <probs for GDERKNQSTAVLIFYWHMCP>
#	G	D	E	R	K	N	Q	S	T	A	V	L	I	F	Y	W	H	M	C	P
0	0.01796	0.03777	0.04684	0.05577	0.06206	0.13360	0.04254	0.14950	0.05370	0.06652	0.07696	0.11404	0.02193	0.02939	0.00779	0.00228	0.00747	0.06001	0.00534	0.00854
1	0.01554	0.04637	0.01470	0.01232	0.01543	0.01456	0.00965	0.10738	0.35816	0.02521	0.02238	0.02506	0.01819	0.07626	0.16774	0.00435	0.00839	0.00724	0.04216	0.00891
2	0.01009	0.01061	0.11138	0.00992	0.01163	0.00808	0.00814	0.01181	0.01092	0.01514	0.02082	0.10978	0.02262	0.43360	0.17107	0.00636	0.00906	0.00951	0.00402	0.00544
3	0.01127	0.00894	0.01115	0.01018	0.01258	0.00882	0.04861	0.03941	0.12864	0.02321	0.18629	0.15088	0.22505	0.01368	0.00747	0.00222	0.00432	0.01193	0.08829	0.00704
4	0.02185	0.10784	0.01931	0.01399	0.01800	0.13033	0.01145	0.14684	0.13497	0.17148	0.06373	0.01980	0.01637	0.00857	0.00800	0.00206	0.08379	0.00626	0.00574	0.00962
5	0.01958	0.23114	0.08422	0.07674	0.05357	0.06437	0.03423	0.19810	0.01893	0.05656	0.01280	0.01452	0.00996	0.00689	0.00657	0.00185	0.04097	0.00509	0.00427	0.05964

[dist]
# distance from previous block
# <min> <max>
0	1

[block]
# block no. 13 follows, 32 sequences, length 31
# corresponding to MSA columns:
# 582-612
name=unknown_N
#
# <colnr> <probs for GDERKNQSTAVLIFYWHMCP>
#	G	D	E	R	K	N	Q	S	T	A	V	L	I	F	Y	W	H	M	C	P
0	0.04435	0.25533	0.14213	0.01419	0.01967	0.09552	0.03774	0.06220	0.06740	0.10469	0.01586	0.06425	0.01317	0.00885	0.02505	0.00213	0.00802	0.00598	0.00439	0.00908
1	0.43471	0.04863	0.03518	0.04648	0.01750	0.25150	0.01022	0.02162	0.01410	0.02361	0.01030	0.01288	0.00849	0.03331	0.00603	0.00210	0.00789	0.00422	0.00378	0.00746
2	0.01601	0.01534	0.02616	0.14775	0.62040	0.01579	0.02030	0.02007	0.01500	0.02120	0.01252	0.01680	0.01037	0.00609	0.00665	0.00203	0.00812	0.00598	0.00327	0.01015
3	0.01479	0.01449	0.07419	0.09691	0.11143	0.01412	0.01314	0.06606	0.28075	0.02557	0.13997	0.02902	0.05205	0.00952	0.00705	0.00220	0.00614	0.02771	0.00567	0.00922
4	0.00833	0.00684	0.00738	0.00749	0.00956	0.00588	0.00570	0.01028	0.01563	0.01923	0.13799	0.09015	0.56941	0.01689	0.00805	0.00233	0.00360	0.06315	0.00636	0.00577
5	0.01336	0.01167	0.01692	0.24659	0.10282	0.01360	0.01358	0.05715	0.09833	0.02015	0.01953	0.17131	0.01880	0.03240	0.05529	0.00302	0.08422	0.00901	0.00443	0.00782
6	0.01474	0.01419	0.02441	0.35918	0.36486	0.01565	0.05118	0.01895	0.01432	0.01958	0.01224	0.01720	0.00980	0.00646	0.00717	0.00214	0.02967	0.00606	0.00316	0.00903
7	0.01791	0.01190	0.01352	0.01171	0.01521	0.01268	0.00921	0.08474	0.32016	0.15234	0.16929	0.02910	0.02761	0.00971	0.00682	0.00212	0.00490	0.00812	0.08343	0.00952
8	0.01886	0.01720	0.02347	0.03162	0.47395	0.10249	0.01724	0.07637	0.01706	0.06589	0.01394	0.01687	0.01117	0.00668	0.00690	0.00197	0.02928	0.00584	0.05318	0.01003
9	0.04199	0.01373	0.01455	0.01302	0.01669	0.01563	0.01014	0.06212	0.57341	0.05020	0.04395	0.05110	0.02139	0.00945	0.00676	0.00224	0.00524	0.00785	0.03037	0.01015
10	0.02078	0.02044	0.01721	0.01506	0.01904	0.23219	0.01170	0.15307	0.38156	0.02717	0.02024	0.01957	0.01531	0.00826	0.00657	0.00207	0.00771	0.00633	0.00580	0.00992
11	0.00818	0.00584	0.00779	0.00934	0.00973	0.00545	0.00623	0.00934	0.01285	0.01713	0.03698	0.75981	0.04438	0.02102	0.00856	0.00273	0.00389	0.01908	0.00623	0.00545
12	0.00800	0.00676	0.00693	0.00698	0.00913	0.00568	0.00520	0.00974	0.01533	0.01843	0.09250	0.09648	0.66187	0.01705	0.00796	0.00228	0.00341	0.01431	0.00628	0.00568
13	0.00871	0.00680	0.00763	0.00743	0.00940	0.00595	0.00557	0.01104	0.01671	0.02183	0.32274	0.05748	0.43617	0.01538	0.00781	0.00218	0.00330	0.01308	0.03485	0.00595
14	0.01251	0.00625	0.00625	0.00625	0.00782	0.00625	0.00469	0.01563	0.01407	0.02502	0.02189	0.02502	0.01720	0.00782	0.00469	0.00156	0.00313	0.00625	0.80144	0.00625
15	0.01391	0.01193	0.01391	0.00994	0.01590	0.00894	0.00795	0.01690	0.01391	0.02186	0.01193	0.01391	0.00994	0.00497	0.00497	0.00099	0.00497	0.00398	0.00398	0.80521
16	0.06685	0.07771	0.13063	0.05657	0.02412	0.39898	0.08322	0.04996	0.01734	0.01945	0.01112	0.01332	0.00882	0.00662	0.00612	0.00188	0.01061	0.00484	0.00346	0.00838
17	0.02403	0.01369	0.01627	0.01267	0.01762	0.01347	0.01033	0.23695	0.08136	0.31672	0.07275	0.02186	0.01796	0.00829	0.00661	0.00194	0.00592	0.00666	0.00709	0.10780
