[name]
unknown

[dist]
# distance from previous block
# <min> <max>
29	72

[block]
# block no. 0 follows, 33 sequences, length 74
# corresponding to MSA columns:
# 79-152
name=unknown_A
#
# <colnr> <probs for GDERKNQSTAVLIFYWHMCP>
#	G	D	E	R	K	N	Q	S	T	A	V	L	I	F	Y	W	H	M	C	P
0	0.01230	0.01099	0.01452	0.01135	0.01554	0.02599	0.07857	0.01523	0.01465	0.02105	0.13587	0.04683	0.10427	0.01104	0.05090	0.00211	0.02226	0.00743	0.00466	0.39445
1	0.01592	0.01516	0.02449	0.05575	0.55630	0.01592	0.01838	0.02080	0.07306	0.02131	0.01318	0.01676	0.01099	0.00668	0.00799	0.00205	0.08208	0.00593	0.00352	0.03374
2	0.01805	0.01503	0.01669	0.04416	0.05367	0.01713	0.01165	0.17552	0.50884	0.02978	0.02317	0.02203	0.01729	0.00847	0.00666	0.00216	0.00591	0.00698	0.00636	0.01046
3	0.01645	0.05417	0.08739	0.03581	0.58539	0.01599	0.04668	0.02062	0.01495	0.04191	0.01261	0.01605	0.01031	0.00594	0.00644	0.00195	0.00801	0.00576	0.00334	0.01023
4	0.04776	0.05191	0.55708	0.02137	0.11862	0.01570	0.05589	0.02068	0.01399	0.02115	0.01177	0.01416	0.00864	0.00614	0.00621	0.00205	0.00927	0.00504	0.00292	0.00963
5	0.01404	0.13076	0.46587	0.01833	0.02630	0.01658	0.11923	0.02074	0.04146	0.02007	0.01261	0.01514	0.00954	0.00877	0.05056	0.00253	0.00986	0.00533	0.00306	0.00923
6	0.00838	0.00738	0.03656	0.04526	0.01187	0.00625	0.00713	0.01007	0.01330	0.01722	0.04200	0.51672	0.21697	0.01835	0.00807	0.00251	0.00417	0.01629	0.00582	0.00567
7	0.02610	0.01511	0.12562	0.01389	0.01979	0.01101	0.05991	0.02962	0.01787	0.57542	0.02296	0.02080	0.01466	0.00768	0.00664	0.00206	0.00661	0.00643	0.00700	0.01082
8	0.01479	0.01845	0.15051	0.24818	0.30320	0.03946	0.09204	0.01960	0.01443	0.01976	0.01210	0.01626	0.00945	0.00615	0.00660	0.00207	0.00892	0.00583	0.00309	0.00911
9	0.01350	0.03217	0.65801	0.02036	0.06303	0.01539	0.06504	0.02083	0.01405	0.02090	0.01193	0.01425	0.00854	0.00619	0.00636	0.00209	0.00972	0.00509	0.00284	0.00971
10	0.01463	0.01420	0.02263	0.23172	0.41102	0.04497	0.03629	0.01833	0.01446	0.01948	0.01569	0.07905	0.03373	0.00762	0.00674	0.00208	0.00788	0.00713	0.00349	0.00885
11	0.00954	0.00707	0.00900	0.00922	0.00945	0.00765	0.00618	0.01028	0.01075	0.01469	0.02452	0.28568	0.02840	0.37181	0.08300	0.00509	0.08608	0.01209	0.00456	0.00495
12	0.01353	0.03143	0.62385	0.01854	0.02726	0.04833	0.05573	0.02041	0.01412	0.02040	0.01329	0.05920	0.01055	0.00711	0.00644	0.00211	0.00954	0.00581	0.00304	0.00933
13	0.01633	0.02551	0.43301	0.07579	0.12603	0.03348	0.02028	0.02215	0.01500	0.13116	0.03064	0.01660	0.01116	0.00670	0.00640	0.00206	0.00865	0.00550	0.00381	0.00974
14	0.01614	0.08123	0.07254	0.02102	0.02651	0.01511	0.39619	0.02053	0.01522	0.09951	0.01763	0.07678	0.01522	0.00823	0.00781	0.00224	0.03088	0.06439	0.00421	0.00861
15	0.00850	0.00607	0.00819	0.00971	0.01030	0.00576	0.00694	0.00999	0.01308	0.01734	0.03602	0.63677	0.04250	0.02017	0.00853	0.00274	0.00423	0.14156	0.00610	0.00548
16	0.01838	0.01858	0.02446	0.10593	0.34677	0.16930	0.08770	0.04160	0.01606	0.05490	0.01253	0.01584	0.01002	0.00653	0.00723	0.00200	0.04357	0.00575	0.00358	0.00926
17	0.02503	0.01844	0.01976	0.01515	0.02042	0.02042	0.01251	0.70562	0.03095	0.04149	0.01581	0.01581	0.01120	0.00790	0.00659	0.00198	0.00724	0.00593	0.00659	0.01120
18	0.01577	0.15354	0.08497	0.01453	0.09008	0.01442	0.01169	0.08909	0.01555	0.02239	0.01174	0.01360	0.00960	0.00555	0.00523	0.00136	0.00626	0.00433	0.00381	0.42651
19	0.02004	0.05552	0.01755	0.01515	0.01792	0.47103	0.01167	0.03791	0.01655	0.01694	0.04140	0.01628	0.01229	0.01536	0.14460	0.00346	0.07021	0.00521	0.00359	0.00733
20	0.01231	0.01047	0.01739	0.51696	0.08338	0.01245	0.01528	0.01501	0.01231	0.01602	0.01273	0.04955	0.01091	0.01052	0.01065	0.17024	0.00786	0.00637	0.00307	0.00652
21	0.00892	0.00626	0.00725	0.00759	0.00823	0.00590	0.00483	0.00938	0.01153	0.01482	0.03498	0.20587	0.20226	0.36280	0.02099	0.06148	0.00501	0.01240	0.00491	0.00460
22	0.00846	0.00670	0.00761	0.00738	0.00931	0.00585	0.00553	0.01076	0.01660	0.02158	0.35597	0.05712	0.43326	0.01526	0.00777	0.00216	0.00323	0.01302	0.00661	0.00585
23	0.01243	0.01170	0.01975	0.75282	0.04534	0.01463	0.01828	0.01682	0.01316	0.01682	0.01170	0.01755	0.00878	0.00658	0.00658	0.00219	0.00878	0.00585	0.00293	0.00731
24	0.01131	0.00580	0.00870	0.00870	0.00878	0.00588	0.00588	0.00878	0.00870	0.01168	0.01183	0.02038	0.01175	0.02455	0.07127	0.75777	0.00647	0.00580	0.00290	0.00305
25	0.78166	0.01267	0.00991	0.00879	0.01290	0.01455	0.00724	0.01989	0.01153	0.05948	0.00988	0.01119	0.00752	0.00620	0.00418	0.00204	0.00511	0.00369	0.00425	0.00730
26	0.02954	0.01120	0.01528	0.01171	0.01681	0.00968	0.00968	0.03208	0.01884	0.73213	0.02597	0.02241	0.01630	0.00815	0.00662	0.00204	0.00560	0.00662	0.00815	0.01120
27	0.00864	0.00718	0.00828	0.00900	0.04944	0.00643	0.00609	0.01045	0.01454	0.01809	0.10784	0.05537	0.52718	0.07898	0.06064	0.00311	0.00481	0.01246	0.00569	0.00578
28	0.02334	0.00998	0.01326	0.01086	0.01470	0.00893	0.00859	0.02629	0.04669	0.50755	0.09799	0.10265	0.02445	0.06263	0.00878	0.00241	0.00520	0.00864	0.00750	0.00956
29	0.01318	0.01241	0.02107	0.67121	0.04352	0.01501	0.06546	0.04647	0.01409	0.01817	0.01199	0.01749	0.00896	0.00657	0.00666	0.00219	0.00887	0.00599	0.00311	0.00759
30	0.02331	0.01759	0.01879	0.01480	0.01976	0.01961	0.01210	0.57264	0.16673	0.03872	0.01798	0.01754	0.01296	0.00811	0.00661	0.00203	0.00684	0.00623	0.00661	0.01104
31	0.01370	0.12442	0.60454	0.06205	0.02807	0.01659	0.02234	0.02046	0.01379	0.01994	0.01148	0.01370	0.00838	0.00620	0.00602	0.00201	0.00934	0.00476	0.00279	0.00942
32	0.01641	0.05044	0.21133	0.04660	0.42364	0.01646	0.02004	0.09582	0.01636	0.02320	0.01247	0.01542	0.00985	0.00620	0.00637	0.00198	0.00825	0.00552	0.00348	0.01018
33	0.00957	0.00638	0.00718	0.00718	0.00718	0.00638	0.00399	0.00957	0.00957	0.01276	0.02074	0.04308	0.02393	0.76864	0.03351	0.00638	0.00638	0.00957	0.00399	0.00399
34	0.02150	0.01896	0.01994	0.07245	0.12863	0.13274	0.01383	0.34978	0.12231	0.03070	0.01566	0.01662	0.01174	0.00747	0.00649	0.00198	0.00789	0.00586	0.00533	0.01013
35	0.01613	0.01548	0.02643	0.07021	0.69903	0.01560	0.02012	0.02006	0.01491	0.02131	0.01235	0.01635	0.01036	0.00590	0.00652	0.00197	0.00786	0.00587	0.00324	0.01030
36	0.63748	0.01378	0.01168	0.01073	0.03871	0.04812	0.00833	0.05024	0.01330	0.10040	0.01131	0.01235	0.00841	0.00642	0.00461	0.00202	0.00564	0.00409	0.00453	0.00785
37	0.00982	0.00701	0.00970	0.01122	0.01239	0.00690	0.00924	0.01227	0.01438	0.01882	0.03529	0.28491	0.03961	0.01893	0.00888	0.00292	0.00538	0.48040	0.00608	0.00584
38	0.01637	0.01414	0.01489	0.01340	0.01712	0.01637	0.01042	0.03498	0.71568	0.02754	0.02679	0.02456	0.02010	0.00893	0.00670	0.00223	0.00521	0.00744	0.00670	0.01042
39	0.01629	0.01564	0.02672	0.04041	0.72757	0.01564	0.02020	0.02020	0.01499	0.02151	0.01238	0.01629	0.01043	0.00587	0.00652	0.00196	0.00782	0.00587	0.00326	0.01043
40	0.00951	0.00696	0.01033	0.01033	0.01139	0.00802	0.00791	0.01150	0.01044	0.01498	0.01747	0.02637	0.01656	0.08130	0.67475	0.04940	0.01653	0.00710	0.00352	0.00564
41	0.00873	0.00633	0.00839	0.00978	0.01064	0.00599	0.00728	0.01045	0.01353	0.01770	0.03850	0.51017	0.10067	0.01960	0.00854	0.00274	0.00441	0.20490	0.00610	0.00557
42	0.00802	0.00656	0.00690	0.00702	0.00886	0.00563	0.00508	0.00956	0.01448	0.01765	0.08800	0.12926	0.57315	0.07833	0.00994	0.00260	0.00362	0.01393	0.00599	0.00544
43	0.51029	0.01128	0.01052	0.00916	0.01296	0.01213	0.00742	0.02038	0.01382	0.16653	0.10777	0.03999	0.03830	0.00817	0.00528	0.00206	0.00485	0.00597	0.00540	0.00772
44	0.02090	0.00945	0.01252	0.01074	0.01421	0.00846	0.00855	0.04299	0.01742	0.42179	0.07955	0.17675	0.07704	0.01227	0.00730	0.00224	0.00499	0.05652	0.00735	0.00894
45	0.00940	0.00705	0.01058	0.01058	0.01176	0.00823	0.00823	0.01176	0.01058	0.01528	0.01763	0.02586	0.01646	0.04937	0.74255	0.01058	0.01763	0.00705	0.00353	0.00588
46	0.10476	0.00805	0.00922	0.00855	0.01106	0.00753	0.00666	0.01508	0.01627	0.12549	0.27643	0.07667	0.25040	0.01336	0.00727	0.00218	0.00394	0.04372	0.00656	0.00680
47	0.00999	0.00681	0.00811	0.00802	0.00977	0.00604	0.00584	0.01189	0.01541	0.07381	0.22435	0.20275	0.31492	0.06065	0.00935	0.00251	0.00373	0.01358	0.00643	0.00602
48	0.00957	0.00638	0.00718	0.00718	0.00718	0.00638	0.00399	0.00957	0.00957	0.01276	0.02074	0.04308	0.02393	0.76864	0.03351	0.00638	0.00638	0.00957	0.00399	0.00399
49	0.00800	0.00581	0.00756	0.00895	0.00949	0.00537	0.00602	0.00919	0.01281	0.01689	0.03890	0.70393	0.10226	0.02028	0.00835	0.00263	0.00378	0.01830	0.00611	0.00537
50	0.05915	0.00713	0.00800	0.00791	0.00977	0.00652	0.00577	0.01194	0.01482	0.06259	0.17550	0.18446	0.33114	0.07415	0.00960	0.00258	0.00386	0.01301	0.00616	0.00596
51	0.00996	0.00778	0.01025	0.01019	0.01123	0.03345	0.00762	0.01187	0.01068	0.01486	0.01793	0.02847	0.01752	0.17726	0.58937	0.00952	0.01541	0.00741	0.00361	0.00560
52	0.81514	0.01273	0.00968	0.00866	0.01273	0.01477	0.00713	0.01935	0.01120	0.02954	0.00917	0.01069	0.00713	0.00611	0.00407	0.00204	0.00509	0.00356	0.00407	0.00713
53	0.09263	0.00704	0.00845	0.00884	0.01019	0.00706	0.00645	0.01140	0.01353	0.01972	0.16216	0.30195	0.12536	0.05317	0.11972	0.00380	0.00601	0.03112	0.00563	0.00576
54	0.01412	0.05013	0.01622	0.01427	0.04974	0.11845	0.06098	0.05862	0.01351	0.01729	0.01525	0.02313	0.01434	0.13437	0.29913	0.03970	0.04378	0.00665	0.00365	0.00669
55	0.00987	0.00731	0.00962	0.05363	0.01145	0.00810	0.00671	0.01099	0.01029	0.01410	0.02000	0.03536	0.04068	0.43855	0.25246	0.00715	0.04644	0.00850	0.00379	0.00498
56	0.01211	0.00916	0.01156	0.01221	0.01431	0.00959	0.01038	0.04670	0.13996	0.02193	0.03416	0.06243	0.06701	0.01603	0.00850	0.00281	0.00583	0.50209	0.00620	0.00703
57	0.01667	0.01660	0.02666	0.05517	0.63519	0.05943	0.05294	0.02053	0.01519	0.02105	0.01228	0.01613	0.01025	0.00592	0.00654	0.00196	0.00825	0.00586	0.00326	0.01011
58	0.01585	0.01590	0.04956	0.10239	0.64436	0.01554	0.02017	0.01993	0.01479	0.02107	0.01230	0.01632	0.01021	0.00594	0.00651	0.00198	0.00797	0.00583	0.00321	0.01013
59	0.00866	0.00639	0.00901	0.00999	0.01079	0.00602	0.02729	0.01032	0.01350	0.01808	0.09323	0.60092	0.04344	0.01929	0.00841	0.00265	0.00424	0.09605	0.00612	0.00561
60	0.00957	0.00719	0.01057	0.04622	0.01278	0.00829	0.00815	0.01171	0.01057	0.01502	0.01776	0.02776	0.01708	0.14341	0.61200	0.00961	0.01570	0.00733	0.00356	0.00570
61	0.04655	0.01336	0.05178	0.03704	0.07930	0.01272	0.04113	0.08865	0.06583	0.27409	0.07451	0.04492	0.03694	0.01064	0.03888	0.00250	0.05842	0.00730	0.00598	0.00946
62	0.01613	0.01548	0.02643	0.06982	0.69941	0.01560	0.02012	0.02006	0.01491	0.02131	0.01235	0.01635	0.01036	0.00590	0.00652	0.00197	0.00786	0.00587	0.00324	0.01030
63	0.01489	0.31655	0.46676	0.01590	0.02406	0.01940	0.01933	0.02041	0.01370	0.01880	0.01080	0.01262	0.00838	0.00602	0.00548	0.00183	0.00870	0.00435	0.00279	0.00924
64	0.01585	0.01554	0.02571	0.06437	0.57026	0.03696	0.06012	0.01957	0.01472	0.02065	0.01334	0.05259	0.01181	0.00688	0.00737	0.00205	0.04256	0.00655	0.00338	0.00973
65	0.01320	0.03405	0.73453	0.01876	0.02849	0.01529	0.02432	0.02085	0.01390	0.02085	0.01181	0.01390	0.00834	0.00625	0.00625	0.00208	0.00973	0.00486	0.00278	0.00973
66	0.00831	0.00620	0.00842	0.06048	0.01199	0.00600	0.00689	0.00971	0.01279	0.01687	0.03641	0.67044	0.08218	0.01942	0.00824	0.00261	0.00413	0.01753	0.00589	0.00550
67	0.01368	0.08909	0.60759	0.05330	0.06769	0.01611	0.02280	0.02054	0.01389	0.02029	0.01164	0.01394	0.00849	0.00620	0.00613	0.00203	0.00937	0.00486	0.00282	0.00956
68	0.01695	0.12919	0.09757	0.18289	0.20714	0.04677	0.01628	0.02118	0.03775	0.10635	0.01386	0.01665	0.01071	0.00843	0.03739	0.00234	0.03018	0.00553	0.00379	0.00907
69	0.00800	0.00582	0.00755	0.00893	0.00949	0.00537	0.00600	0.00919	0.01284	0.01690	0.03922	0.69658	0.10941	0.02024	0.00834	0.00263	0.00377	0.01825	0.00611	0.00537
70	0.01290	0.01921	0.27563	0.04732	0.06406	0.01262	0.05830	0.06173	0.07443	0.02166	0.04161	0.18358	0.06559	0.01073	0.00709	0.00225	0.00718	0.02116	0.00454	0.00839
71	0.01712	0.02128	0.28173	0.05328	0.20775	0.02994	0.04727	0.03528	0.01562	0.14868	0.01838	0.01976	0.05978	0.00724	0.00657	0.00205	0.00807	0.00623	0.00422	0.00973
72	0.01598	0.01532	0.02615	0.09903	0.67143	0.01556	0.02005	0.01993	0.01484	0.02112	0.01233	0.01640	0.01029	0.00592	0.00652	0.00197	0.00790	0.00586	0.00323	0.01017
73	0.01635	0.01559	0.09153	0.08259	0.06815	0.01350	0.24851	0.04036	0.01583	0.13063	0.05563	0.04422	0.05981	0.00797	0.00769	0.00213	0.03937	0.00764	0.00455	0.04794

[dist]
# distance from previous block
# <min> <max>
0	4

[block]
# block no. 1 follows, 33 sequences, length 14
# corresponding to MSA columns:
# 157,160-172
name=unknown_B
#
# <colnr> <probs for GDERKNQSTAVLIFYWHMCP>
#	G	D	E	R	K	N	Q	S	T	A	V	L	I	F	Y	W	H	M	C	P
0	0.09849	0.13354	0.10286	0.01681	0.09608	0.20345	0.02982	0.02132	0.05787	0.01996	0.03373	0.01716	0.03556	0.00910	0.03913	0.00227	0.03476	0.00538	0.03449	0.00819
1	0.01591	0.00915	0.01144	0.01119	0.05094	0.00853	0.00803	0.01985	0.09358	0.23162	0.06254	0.16281	0.23312	0.01295	0.00724	0.00220	0.00452	0.01107	0.03527	0.00804
2	0.02459	0.03138	0.01866	0.01696	0.02035	0.74221	0.01272	0.02629	0.01866	0.01611	0.01018	0.01187	0.00848	0.00678	0.00594	0.00170	0.01187	0.00424	0.00339	0.00763
3	0.01397	0.16309	0.61222	0.01745	0.02647	0.01717	0.02204	0.02065	0.01381	0.01991	0.01135	0.01332	0.00836	0.00615	0.00590	0.00197	0.00926	0.00463	0.00279	0.00951
4	0.00955	0.00684	0.00976	0.00976	0.01062	0.00771	0.00720	0.01113	0.01026	0.01455	0.01795	0.02916	0.01776	0.19903	0.55503	0.05264	0.01463	0.00751	0.00359	0.00532
5	0.01320	0.03405	0.73453	0.01876	0.02849	0.01529	0.02432	0.02085	0.01390	0.02085	0.01181	0.01390	0.00834	0.00625	0.00625	0.00208	0.00973	0.00486	0.00278	0.00973
6	0.01716	0.01604	0.05955	0.01581	0.03743	0.06850	0.09412	0.11979	0.24044	0.06623	0.02376	0.10560	0.05042	0.00990	0.00739	0.00221	0.02528	0.02561	0.00560	0.00917
7	0.00819	0.00586	0.00779	0.00905	0.00959	0.00546	0.00612	0.00959	0.01339	0.01805	0.12579	0.67127	0.04596	0.01969	0.00832	0.00260	0.00373	0.01783	0.00626	0.00546
8	0.01293	0.01221	0.02065	0.66011	0.13412	0.01476	0.01853	0.01726	0.01340	0.01743	0.01179	0.01739	0.00899	0.00649	0.00657	0.00216	0.00865	0.00585	0.00297	0.00772
9	0.00833	0.00653	0.00771	0.00812	0.00968	0.00591	0.00601	0.01018	0.01455	0.01857	0.13701	0.23337	0.37743	0.01975	0.06232	0.00298	0.00465	0.05520	0.00606	0.00564
10	0.01629	0.01564	0.02672	0.04041	0.72757	0.01564	0.02020	0.02020	0.01499	0.02151	0.01238	0.01629	0.01043	0.00587	0.00652	0.00196	0.00782	0.00587	0.00326	0.01043
11	0.01567	0.02962	0.53590	0.01887	0.02748	0.01639	0.08258	0.15179	0.01731	0.02482	0.01271	0.01461	0.00903	0.00651	0.00645	0.00208	0.00938	0.00533	0.00356	0.00993
12	0.00829	0.00592	0.00794	0.00947	0.00997	0.00558	0.00657	0.00963	0.01287	0.01710	0.03614	0.69356	0.04296	0.02037	0.00847	0.00271	0.00405	0.08688	0.00611	0.00542
13	0.01598	0.01577	0.02278	0.25400	0.14796	0.07456	0.12748	0.04959	0.18039	0.02171	0.01567	0.01850	0.01198	0.00691	0.00674	0.00212	0.00835	0.00641	0.00411	0.00899

[dist]
# distance from previous block
# <min> <max>
0	2

[block]
# block no. 2 follows, 33 sequences, length 19
# corresponding to MSA columns:
# 175-193
name=unknown_C
#
# <colnr> <probs for GDERKNQSTAVLIFYWHMCP>
#	G	D	E	R	K	N	Q	S	T	A	V	L	I	F	Y	W	H	M	C	P
0	0.59531	0.01676	0.01192	0.01072	0.01463	0.16854	0.00853	0.02185	0.05937	0.02657	0.01055	0.01186	0.00827	0.00644	0.00464	0.00198	0.00653	0.00396	0.00410	0.00745
1	0.01621	0.01540	0.02495	0.03598	0.60632	0.01594	0.01872	0.02183	0.10144	0.02199	0.01399	0.01723	0.01154	0.00651	0.00725	0.00203	0.04267	0.00606	0.00367	0.01028
2	0.00963	0.00634	0.00856	0.00981	0.01064	0.00596	0.00707	0.01117	0.01338	0.05639	0.03548	0.60725	0.04110	0.01953	0.00842	0.00270	0.00430	0.13028	0.00621	0.00579
3	0.01243	0.01170	0.01975	0.75282	0.04534	0.01463	0.01828	0.01682	0.01316	0.01682	0.01170	0.01755	0.00878	0.00658	0.00658	0.00219	0.00878	0.00585	0.00293	0.00731
4	0.01590	0.01477	0.01652	0.21924	0.02521	0.07112	0.01278	0.02927	0.46733	0.02369	0.02133	0.02165	0.01606	0.00811	0.00661	0.00218	0.00671	0.00676	0.00540	0.00934
5	0.01243	0.01170	0.01975	0.75282	0.04534	0.01463	0.01828	0.01682	0.01316	0.01682	0.01170	0.01755	0.00878	0.00658	0.00658	0.00219	0.00878	0.00585	0.00293	0.00731
6	0.01760	0.77260	0.03450	0.01126	0.01690	0.02605	0.01126	0.01971	0.01338	0.01549	0.00915	0.01056	0.00845	0.00563	0.00422	0.00141	0.00704	0.00352	0.00282	0.00845
7	0.01294	0.02119	0.33554	0.07249	0.14422	0.01297	0.01771	0.04601	0.01545	0.02193	0.12357	0.06422	0.06620	0.00883	0.00678	0.00211	0.00749	0.00756	0.00410	0.00869
8	0.01194	0.01094	0.08172	0.08933	0.01684	0.00937	0.01007	0.06457	0.06106	0.05884	0.02988	0.43955	0.05913	0.01520	0.00763	0.00243	0.00534	0.01347	0.00563	0.00707
9	0.01624	0.01580	0.02764	0.03944	0.67483	0.01572	0.07221	0.02027	0.01503	0.02148	0.01245	0.01640	0.01039	0.00584	0.00661	0.00198	0.00807	0.00601	0.00326	0.01031
10	0.00802	0.00573	0.00764	0.00917	0.00955	0.00535	0.00611	0.00917	0.01260	0.01681	0.03628	0.76434	0.04354	0.02062	0.00840	0.00267	0.00382	0.01872	0.00611	0.00535
11	0.01797	0.08978	0.19605	0.02159	0.17968	0.01454	0.10928	0.02240	0.01565	0.18276	0.04152	0.01998	0.04474	0.00715	0.00653	0.00201	0.00779	0.00640	0.00449	0.00968
12	0.01435	0.01883	0.19354	0.05503	0.23761	0.01440	0.13527	0.03876	0.06514	0.02191	0.05446	0.05691	0.04838	0.00783	0.00690	0.00212	0.00802	0.00738	0.00396	0.00919
13	0.00940	0.00705	0.01058	0.01058	0.01176	0.00823	0.00823	0.01176	0.01058	0.01528	0.01763	0.02586	0.01646	0.04937	0.74255	0.01058	0.01763	0.00705	0.00353	0.00588
14	0.01634	0.01926	0.10711	0.25126	0.17345	0.13881	0.08826	0.02043	0.01477	0.04046	0.01200	0.01586	0.00936	0.00670	0.00754	0.00209	0.05882	0.00568	0.00325	0.00856
15	0.01809	0.08603	0.14893	0.09419	0.28258	0.03458	0.06399	0.02234	0.01532	0.14990	0.01441	0.01658	0.01072	0.00640	0.00636	0.00198	0.00810	0.00570	0.00400	0.00980
16	0.00926	0.00672	0.00899	0.01037	0.01148	0.00646	0.00820	0.01138	0.01408	0.01832	0.03856	0.35883	0.10739	0.01905	0.00868	0.00280	0.00487	0.34276	0.00609	0.00572
17	0.01265	0.01185	0.01846	0.05685	0.23044	0.01117	0.09285	0.01631	0.03571	0.02011	0.03141	0.03415	0.24418	0.00985	0.00697	0.00200	0.00624	0.03678	0.00449	0.11752
18	0.01472	0.06628	0.47854	0.01920	0.07579	0.03542	0.04344	0.02029	0.01375	0.04930	0.01205	0.01471	0.00909	0.00761	0.00850	0.04798	0.06599	0.00514	0.00309	0.00911

[dist]
# distance from previous block
# <min> <max>
1	5

[block]
# block no. 3 follows, 33 sequences, length 14
# corresponding to MSA columns:
# 199-212
name=unknown_D
#
# <colnr> <probs for GDERKNQSTAVLIFYWHMCP>
#	G	D	E	R	K	N	Q	S	T	A	V	L	I	F	Y	W	H	M	C	P
0	0.44162	0.12907	0.06091	0.01164	0.03299	0.03614	0.01000	0.03922	0.11701	0.04871	0.01274	0.01360	0.00983	0.00659	0.00487	0.00196	0.00601	0.00444	0.00435	0.00830
1	0.09625	0.01253	0.05324	0.02810	0.06058	0.01211	0.00994	0.12931	0.12939	0.02608	0.14189	0.10294	0.14870	0.01131	0.00690	0.00216	0.00522	0.00947	0.00582	0.00808
2	0.01555	0.10442	0.36198	0.12142	0.06497	0.01712	0.01904	0.10947	0.08221	0.02303	0.01347	0.01544	0.01000	0.00668	0.00618	0.00202	0.00846	0.00529	0.00369	0.00954
3	0.02044	0.16946	0.09768	0.01715	0.02211	0.37517	0.10076	0.04195	0.06099	0.01849	0.01174	0.01348	0.00945	0.00652	0.00594	0.00179	0.01010	0.00486	0.00350	0.00843
4	0.00927	0.00632	0.00756	0.00784	0.00802	0.00635	0.00475	0.00969	0.01022	0.01373	0.02332	0.17389	0.02688	0.56831	0.09110	0.00607	0.00690	0.01103	0.00434	0.00440
5	0.05159	0.66463	0.03183	0.01174	0.01708	0.09927	0.01124	0.02037	0.01383	0.01614	0.00926	0.01070	0.00840	0.00577	0.00439	0.00146	0.00746	0.00360	0.00293	0.00831
6	0.52344	0.08880	0.05067	0.01268	0.05806	0.07552	0.01019	0.01980	0.01229	0.02511	0.00953	0.01156	0.00774	0.00653	0.00586	0.00201	0.06488	0.00399	0.00369	0.00763
7	0.01022	0.00924	0.00901	0.00883	0.01078	0.08178	0.00667	0.01241	0.01617	0.02022	0.26066	0.09168	0.33746	0.01653	0.04319	0.00259	0.00500	0.04548	0.00606	0.00600
8	0.01373	0.01891	0.23772	0.06072	0.07062	0.01408	0.04068	0.03584	0.18880	0.02305	0.12950	0.02377	0.02072	0.02707	0.02883	0.00250	0.04284	0.00710	0.00466	0.00888
9	0.00851	0.00599	0.00768	0.00863	0.00906	0.00568	0.00566	0.00964	0.01265	0.01706	0.11416	0.52220	0.04145	0.18326	0.01381	0.00341	0.00430	0.01591	0.00578	0.00515
10	0.01685	0.15719	0.34140	0.01646	0.02398	0.01581	0.09828	0.02199	0.01475	0.13093	0.01372	0.01506	0.00994	0.00621	0.00599	0.00186	0.00827	0.00514	0.00380	0.09237
11	0.05390	0.07170	0.05864	0.01559	0.03596	0.38089	0.01244	0.13086	0.06959	0.02247	0.05628	0.01706	0.03165	0.00762	0.00610	0.00184	0.00912	0.00544	0.00438	0.00847
12	0.01887	0.09992	0.08977	0.01417	0.01781	0.32673	0.01194	0.02190	0.04953	0.05724	0.03863	0.02074	0.04861	0.09781	0.01026	0.00242	0.05604	0.00597	0.00399	0.00766
13	0.01812	0.57754	0.06067	0.01512	0.09091	0.06219	0.01288	0.06336	0.01495	0.01800	0.01007	0.01169	0.00882	0.00589	0.00478	0.00154	0.00750	0.00401	0.00313	0.00883

[dist]
# distance from previous block
# <min> <max>
0	2

[block]
# block no. 4 follows, 33 sequences, length 118
# corresponding to MSA columns:
# 215-332
name=unknown_E
#
# <colnr> <probs for GDERKNQSTAVLIFYWHMCP>
#	G	D	E	R	K	N	Q	S	T	A	V	L	I	F	Y	W	H	M	C	P
0	0.01391	0.02073	0.24189	0.02145	0.02809	0.01454	0.36837	0.01997	0.03878	0.02099	0.01738	0.06757	0.04124	0.00741	0.00717	0.00218	0.00931	0.00777	0.04259	0.00869
1	0.02374	0.03012	0.01805	0.01644	0.01977	0.70476	0.01233	0.02543	0.01847	0.01620	0.01305	0.01449	0.04490	0.00729	0.00603	0.00172	0.01144	0.00473	0.00353	0.00753
2	0.01681	0.01580	0.02268	0.15374	0.43453	0.08198	0.01743	0.02156	0.06793	0.05668	0.01559	0.01855	0.03404	0.00677	0.00653	0.00201	0.00790	0.00613	0.00381	0.00953
3	0.01180	0.01075	0.03462	0.01281	0.04255	0.02948	0.03644	0.04954	0.13339	0.02036	0.03239	0.38189	0.10874	0.01511	0.00839	0.00243	0.04328	0.01321	0.00567	0.00715
4	0.02459	0.03138	0.01866	0.01696	0.02035	0.74221	0.01272	0.02629	0.01866	0.01611	0.01018	0.01187	0.00848	0.00678	0.00594	0.00170	0.01187	0.00424	0.00339	0.00763
5	0.01530	0.02312	0.33673	0.09557	0.23577	0.01509	0.02017	0.05419	0.03670	0.04631	0.01311	0.01566	0.00985	0.00633	0.00634	0.00200	0.00842	0.00540	0.00348	0.05047
6	0.01716	0.04636	0.02285	0.04135	0.18714	0.11170	0.09355	0.09164	0.01590	0.02120	0.01344	0.01936	0.01176	0.00839	0.01013	0.00221	0.18479	0.04976	0.04273	0.00856
7	0.00786	0.00667	0.00678	0.00675	0.00894	0.00559	0.00507	0.00961	0.01520	0.01824	0.10142	0.06261	0.68988	0.01650	0.00778	0.00221	0.00332	0.01379	0.00617	0.00559
8	0.00850	0.00642	0.00932	0.01004	0.01083	0.00599	0.04158	0.01003	0.01323	0.01778	0.08919	0.67017	0.04330	0.01930	0.00832	0.00260	0.00413	0.01762	0.00606	0.00559
9	0.01428	0.01168	0.01372	0.00983	0.01565	0.00881	0.00788	0.01719	0.01386	0.04966	0.01227	0.01400	0.01001	0.00501	0.00494	0.00102	0.00490	0.00401	0.00407	0.77722
10	0.02645	0.01165	0.01521	0.01153	0.01677	0.01005	0.00948	0.06264	0.01851	0.56989	0.02290	0.02050	0.01486	0.00755	0.00630	0.00184	0.00555	0.00610	0.00731	0.15492
11	0.01277	0.01204	0.01959	0.65639	0.04166	0.01520	0.01762	0.01745	0.04077	0.01716	0.01202	0.01754	0.00921	0.00713	0.00796	0.00226	0.07683	0.00591	0.00307	0.00743
12	0.01760	0.77260	0.03450	0.01126	0.01690	0.02605	0.01126	0.01971	0.01338	0.01549	0.00915	0.01056	0.00845	0.00563	0.00422	0.00141	0.00704	0.00352	0.00282	0.00845
13	0.01637	0.01414	0.01489	0.01340	0.01712	0.01637	0.01042	0.03498	0.71568	0.02754	0.02679	0.02456	0.02010	0.00893	0.00670	0.00223	0.00521	0.00744	0.00670	0.01042
14	0.01609	0.01382	0.01468	0.01334	0.01695	0.01595	0.01043	0.03394	0.68159	0.02716	0.02719	0.02698	0.02096	0.00938	0.00682	0.00227	0.00525	0.04033	0.00667	0.01021
15	0.03683	0.21234	0.23165	0.01403	0.02055	0.08230	0.01450	0.07165	0.03292	0.07285	0.01260	0.01378	0.00967	0.00623	0.00549	0.00168	0.00772	0.00454	0.00383	0.14483
16	0.00957	0.00638	0.00718	0.00718	0.00718	0.00638	0.00399	0.00957	0.00957	0.01276	0.02074	0.04308	0.02393	0.76864	0.03351	0.00638	0.00638	0.00957	0.00399	0.00399
17	0.00942	0.00699	0.01024	0.01024	0.01129	0.00804	0.00780	0.01153	0.01048	0.01503	0.01795	0.02761	0.01722	0.12238	0.67058	0.01015	0.01649	0.00731	0.00357	0.00569
18	0.01566	0.39920	0.30697	0.01607	0.02341	0.02079	0.09565	0.02031	0.01383	0.01821	0.01066	0.01268	0.00858	0.00586	0.00542	0.00176	0.00855	0.00453	0.00286	0.00900
19	0.19716	0.05300	0.07939	0.01576	0.09618	0.01466	0.03559	0.06321	0.03177	0.06002	0.01655	0.02353	0.03523	0.09127	0.01101	0.00267	0.10416	0.05662	0.00427	0.00796
20	0.01629	0.01564	0.02672	0.04041	0.72757	0.01564	0.02020	0.02020	0.01499	0.02151	0.01238	0.01629	0.01043	0.00587	0.00652	0.00196	0.00782	0.00587	0.00326	0.01043
21	0.02954	0.01120	0.01528	0.01171	0.01681	0.00968	0.00968	0.03208	0.01884	0.73213	0.02597	0.02241	0.01630	0.00815	0.00662	0.00204	0.00560	0.00662	0.00815	0.01120
22	0.03467	0.05497	0.45396	0.01644	0.02419	0.03176	0.01896	0.12903	0.01735	0.10464	0.04263	0.01635	0.01184	0.00700	0.00628	0.00203	0.00845	0.00542	0.00421	0.00983
23	0.01420	0.15605	0.55216	0.01757	0.02618	0.01720	0.04788	0.02141	0.05095	0.02031	0.01222	0.01405	0.00904	0.00626	0.00600	0.00198	0.00909	0.00489	0.00301	0.00952
24	0.00940	0.00705	0.01058	0.01058	0.01176	0.00823	0.00823	0.01176	0.01058	0.01528	0.01763	0.02586	0.01646	0.04937	0.74255	0.01058	0.01763	0.00705	0.00353	0.00588
25	0.01760	0.77260	0.03450	0.01126	0.01690	0.02605	0.01126	0.01971	0.01338	0.01549	0.00915	0.01056	0.00845	0.00563	0.00422	0.00141	0.00704	0.00352	0.00282	0.00845
26	0.01820	0.09134	0.15537	0.07276	0.27412	0.05378	0.05388	0.08227	0.01657	0.09958	0.01365	0.01587	0.01033	0.00642	0.00631	0.00195	0.00825	0.00556	0.00395	0.00984
27	0.33813	0.22445	0.04801	0.01110	0.01615	0.01786	0.01006	0.11068	0.01566	0.13518	0.01272	0.01326	0.00949	0.00653	0.00492	0.00186	0.00618	0.00438	0.00463	0.00876
28	0.00866	0.00665	0.00793	0.00772	0.00946	0.00592	0.00575	0.01112	0.01694	0.02262	0.43790	0.09235	0.31304	0.01506	0.00780	0.00216	0.00323	0.01302	0.00676	0.00592
29	0.02386	0.02827	0.01888	0.06457	0.02199	0.59300	0.01305	0.12156	0.02003	0.01974	0.01107	0.01280	0.00888	0.00693	0.00607	0.00177	0.01102	0.00458	0.00381	0.00811
30	0.01043	0.00714	0.00847	0.00864	0.00920	0.00721	0.00586	0.03810	0.01171	0.01551	0.02381	0.04921	0.02665	0.56502	0.02680	0.00543	0.00634	0.16515	0.00457	0.00475
31	0.01320	0.03405	0.73453	0.01876	0.02849	0.01529	0.02432	0.02085	0.01390	0.02085	0.01181	0.01390	0.00834	0.00625	0.00625	0.00208	0.00973	0.00486	0.00278	0.00973
32	0.01383	0.03323	0.69676	0.01857	0.02807	0.01556	0.02370	0.05703	0.01480	0.02194	0.01203	0.01400	0.00849	0.00634	0.00627	0.00208	0.00960	0.00492	0.00298	0.00981
33	0.01453	0.01358	0.02286	0.24264	0.44869	0.01442	0.01855	0.01847	0.01448	0.01995	0.01477	0.02332	0.01311	0.00749	0.00683	0.00215	0.00789	0.08377	0.00348	0.00903
34	0.01773	0.00875	0.01175	0.01075	0.01372	0.00794	0.00884	0.02038	0.01709	0.30965	0.14829	0.08178	0.08699	0.01333	0.00773	0.00239	0.00506	0.21261	0.00711	0.00810
35	0.00778	0.00667	0.00667	0.00667	0.00889	0.00556	0.00500	0.00945	0.01501	0.01778	0.06669	0.06336	0.72490	0.01667	0.00778	0.00222	0.00333	0.01389	0.00611	0.00556
36	0.12878	0.00857	0.01077	0.17117	0.01736	0.00948	0.00860	0.01307	0.01157	0.01736	0.02023	0.10098	0.02166	0.32844	0.01797	0.00407	0.00645	0.09369	0.00422	0.00556
37	0.01022	0.00730	0.01016	0.01167	0.01302	0.00724	0.00993	0.01296	0.01477	0.01926	0.03507	0.17907	0.03875	0.01856	0.00899	0.00298	0.00572	0.58233	0.00607	0.00595
38	0.81514	0.01273	0.00968	0.00866	0.01273	0.01477	0.00713	0.01935	0.01120	0.02954	0.00917	0.01069	0.00713	0.00611	0.00407	0.00204	0.00509	0.00356	0.00407	0.00713
39	0.01522	0.01396	0.02260	0.39065	0.32168	0.01560	0.01851	0.08458	0.01562	0.02111	0.01238	0.01687	0.00968	0.00642	0.00656	0.00208	0.00824	0.00586	0.00341	0.00896
40	0.01274	0.01201	0.02029	0.69681	0.09898	0.01471	0.01843	0.01709	0.01331	0.01719	0.01175	0.01745	0.00891	0.00653	0.00658	0.00218	0.00870	0.00585	0.00295	0.00756
41	0.01243	0.01170	0.01975	0.75282	0.04534	0.01463	0.01828	0.01682	0.01316	0.01682	0.01170	0.01755	0.00878	0.00658	0.00658	0.00219	0.00878	0.00585	0.00293	0.00731
42	0.01629	0.01564	0.02672	0.04041	0.72757	0.01564	0.02020	0.02020	0.01499	0.02151	0.01238	0.01629	0.01043	0.00587	0.00652	0.00196	0.00782	0.00587	0.00326	0.01043
43	0.01144	0.00572	0.00858	0.00858	0.00858	0.00572	0.00572	0.00858	0.00858	0.01144	0.01144	0.02001	0.01144	0.02287	0.02573	0.80846	0.00572	0.00572	0.00286	0.00286
44	0.00807	0.00577	0.00768	0.00913	0.00956	0.00538	0.00611	0.00929	0.01283	0.01716	0.06196	0.73764	0.04423	0.02036	0.00838	0.00265	0.00379	0.01846	0.00615	0.00538
45	0.01183	0.00810	0.01106	0.01217	0.01398	0.00814	0.01055	0.01566	0.05235	0.05478	0.03400	0.06911	0.03590	0.01721	0.00885	0.00294	0.00599	0.61463	0.00620	0.00654
46	0.01507	0.01468	0.02436	0.30154	0.43391	0.03461	0.04276	0.01915	0.01443	0.01962	0.01211	0.01669	0.00975	0.00614	0.00657	0.00205	0.00839	0.00588	0.00314	0.00915
47	0.01414	0.01402	0.01967	0.01694	0.01700	0.01954	0.01408	0.01563	0.01011	0.01581	0.00911	0.01500	0.00905	0.01349	0.05903	0.00328	0.71823	0.00583	0.00291	0.00713
48	0.01227	0.00614	0.00614	0.00614	0.00767	0.00614	0.00460	0.01534	0.01381	0.02454	0.02148	0.02454	0.01687	0.00767	0.00460	0.00153	0.00307	0.00614	0.80518	0.00614
49	0.01486	0.02017	0.20344	0.06496	0.27309	0.01647	0.13908	0.01958	0.01386	0.02003	0.01171	0.01568	0.00943	0.00694	0.00933	0.00221	0.14089	0.00593	0.00307	0.00926
50	0.81514	0.01273	0.00968	0.00866	0.01273	0.01477	0.00713	0.01935	0.01120	0.02954	0.00917	0.01069	0.00713	0.00611	0.00407	0.00204	0.00509	0.00356	0.00407	0.00713
51	0.01760	0.77260	0.03450	0.01126	0.01690	0.02605	0.01126	0.01971	0.01338	0.01549	0.00915	0.01056	0.00845	0.00563	0.00422	0.00141	0.00704	0.00352	0.00282	0.00845
52	0.00927	0.00673	0.00873	0.00823	0.00980	0.00619	0.00617	0.01233	0.01852	0.02612	0.70289	0.04963	0.08349	0.01356	0.00777	0.00208	0.00311	0.01197	0.00721	0.00619
53	0.00802	0.00573	0.00764	0.00917	0.00955	0.00535	0.00611	0.00917	0.01260	0.01681	0.03628	0.76434	0.04354	0.02062	0.00840	0.00267	0.00382	0.01872	0.00611	0.00535
54	0.01320	0.03405	0.73453	0.01876	0.02849	0.01529	0.02432	0.02085	0.01390	0.02085	0.01181	0.01390	0.00834	0.00625	0.00625	0.00208	0.00973	0.00486	0.00278	0.00973
55	0.01033	0.00696	0.00908	0.00842	0.01017	0.00638	0.00636	0.01337	0.01856	0.06283	0.67164	0.04814	0.07609	0.01326	0.00771	0.00207	0.00324	0.01168	0.00727	0.00645
56	0.02761	0.01429	0.01719	0.01318	0.01834	0.01426	0.01089	0.31929	0.02401	0.43763	0.02164	0.01959	0.01412	0.00804	0.00661	0.00201	0.00630	0.00632	0.00748	0.01120
57	0.01421	0.00801	0.00821	0.00751	0.00961	0.00831	0.00581	0.12034	0.01641	0.02712	0.02061	0.02321	0.01601	0.00771	0.00490	0.00160	0.00370	0.00610	0.68371	0.00691
58	0.81514	0.01273	0.00968	0.00866	0.01273	0.01477	0.00713	0.01935	0.01120	0.02954	0.00917	0.01069	0.00713	0.00611	0.00407	0.00204	0.00509	0.00356	0.00407	0.00713
59	0.01637	0.01414	0.01489	0.01340	0.01712	0.01637	0.01042	0.03498	0.71568	0.02754	0.02679	0.02456	0.02010	0.00893	0.00670	0.00223	0.00521	0.00744	0.00670	0.01042
60	0.81514	0.01273	0.00968	0.00866	0.01273	0.01477	0.00713	0.01935	0.01120	0.02954	0.00917	0.01069	0.00713	0.00611	0.00407	0.00204	0.00509	0.00356	0.00407	0.00713
61	0.01220	0.01139	0.01911	0.71352	0.04345	0.01414	0.01764	0.01642	0.01313	0.01682	0.01300	0.05701	0.01061	0.00732	0.00668	0.00222	0.00851	0.00653	0.00309	0.00721
62	0.02459	0.03138	0.01866	0.01696	0.02035	0.74221	0.01272	0.02629	0.01866	0.01611	0.01018	0.01187	0.00848	0.00678	0.00594	0.00170	0.01187	0.00424	0.00339	0.00763
63	0.00795	0.00652	0.00701	0.00721	0.00908	0.00558	0.00529	0.00966	0.01494	0.01838	0.11911	0.17466	0.55775	0.01703	0.00788	0.00228	0.00339	0.01449	0.00621	0.00558
64	0.01601	0.06554	0.06360	0.03496	0.58839	0.01576	0.01886	0.01992	0.01472	0.02108	0.01209	0.01559	0.01014	0.00579	0.00623	0.00185	0.00764	0.00551	0.00326	0.07308
65	0.00941	0.00702	0.01041	0.01041	0.01153	0.00814	0.00802	0.01165	0.01053	0.01516	0.01778	0.02670	0.01682	0.08437	0.70805	0.01038	0.01709	0.00718	0.00355	0.00579
66	0.00935	0.00621	0.00825	0.00929	0.01013	0.00576	0.00649	0.01085	0.01365	0.05431	0.09743	0.61024	0.06233	0.01913	0.00827	0.00259	0.00394	0.04970	0.00631	0.00576
67	0.01944	0.57786	0.03034	0.01276	0.01780	0.21420	0.01165	0.02144	0.01476	0.01565	0.00942	0.01090	0.00846	0.00593	0.00467	0.00148	0.00831	0.00371	0.00297	0.00823
68	0.01251	0.00920	0.01119	0.00973	0.01332	0.00757	0.00769	0.01492	0.01431	0.07380	0.02903	0.16215	0.12730	0.01179	0.00674	0.00187	0.00471	0.11905	0.00529	0.35782
69	0.01920	0.07504	0.22605	0.01548	0.02151	0.03609	0.01531	0.28204	0.12557	0.05334	0.01639	0.03618	0.01241	0.00784	0.00677	0.00204	0.02752	0.00599	0.00510	0.01011
70	0.01601	0.01568	0.02326	0.23242	0.35323	0.08402	0.04551	0.01967	0.01468	0.03827	0.03023	0.01714	0.01111	0.00681	0.00768	0.00208	0.06394	0.00595	0.00338	0.00891
71	0.00807	0.00663	0.00710	0.00708	0.00909	0.00566	0.00527	0.00997	0.01553	0.01927	0.18257	0.09553	0.57282	0.01629	0.00781	0.00222	0.00332	0.01378	0.00632	0.00566
72	0.02302	0.07660	0.02054	0.01855	0.08249	0.55135	0.01334	0.07281	0.01851	0.01833	0.01064	0.01256	0.00885	0.00690	0.00655	0.00177	0.04096	0.00452	0.00355	0.00817
73	0.02472	0.01829	0.01959	0.01509	0.02030	0.02027	0.01244	0.68225	0.05481	0.04100	0.01619	0.01611	0.01151	0.00794	0.00659	0.00198	0.00717	0.00598	0.00659	0.01117
74	0.00786	0.00663	0.00681	0.00685	0.00896	0.00558	0.00510	0.00958	0.01509	0.01816	0.09748	0.09045	0.66564	0.01667	0.00780	0.00223	0.00334	0.01399	0.00617	0.00558
75	0.01603	0.01385	0.01456	0.01313	0.01679	0.01595	0.01021	0.03397	0.68791	0.02715	0.02838	0.02610	0.04803	0.00924	0.00674	0.00223	0.00514	0.00770	0.00668	0.01023
76	0.00956	0.00644	0.00749	0.00749	0.00760	0.00655	0.00438	0.00977	0.00967	0.01299	0.02046	0.04151	0.02325	0.70301	0.09820	0.00677	0.00741	0.00934	0.00395	0.00416
77	0.00808	0.00587	0.00765	0.00903	0.00962	0.00544	0.00615	0.00934	0.01291	0.01699	0.03901	0.67813	0.10552	0.02019	0.00837	0.00264	0.00385	0.03971	0.00611	0.00539
78	0.01760	0.77260	0.03450	0.01126	0.01690	0.02605	0.01126	0.01971	0.01338	0.01549	0.00915	0.01056	0.00845	0.00563	0.00422	0.00141	0.00704	0.00352	0.00282	0.00845
79	0.06653	0.01600	0.01791	0.01380	0.01895	0.01693	0.01140	0.47043	0.02635	0.24627	0.01849	0.01751	0.01251	0.00788	0.00647	0.00200	0.00665	0.00601	0.00692	0.01099
80	0.02503	0.01844	0.01976	0.01515	0.02042	0.02042	0.01251	0.70562	0.03095	0.04149	0.01581	0.01581	0.01120	0.00790	0.00659	0.00198	0.00724	0.00593	0.00659	0.01120
81	0.01394	0.02944	0.55131	0.02332	0.15144	0.01547	0.08145	0.02076	0.01423	0.02098	0.01204	0.01465	0.00885	0.00613	0.00643	0.00207	0.00951	0.00529	0.00291	0.00978
82	0.01870	0.01926	0.02336	0.03002	0.42998	0.20346	0.03771	0.02194	0.01599	0.04779	0.01231	0.01519	0.01008	0.00609	0.00626	0.00181	0.00862	0.00535	0.00354	0.08254
83	0.01061	0.00758	0.01061	0.01212	0.01364	0.00758	0.01061	0.01364	0.01515	0.01970	0.03486	0.07426	0.03789	0.01819	0.00909	0.00303	0.00606	0.68326	0.00606	0.00606
84	0.01000	0.00729	0.00978	0.01088	0.01245	0.00708	0.00923	0.01279	0.01541	0.02006	0.11348	0.09748	0.13019	0.01758	0.00875	0.00281	0.00530	0.49726	0.00620	0.00598
85	0.01378	0.09662	0.62805	0.01952	0.07296	0.01624	0.02293	0.02071	0.01392	0.02043	0.01162	0.01377	0.00848	0.00618	0.00610	0.00202	0.00937	0.00481	0.00281	0.00966
86	0.00825	0.00681	0.00780	0.00867	0.03762	0.00594	0.00593	0.00996	0.01463	0.01815	0.09137	0.22355	0.50414	0.01700	0.00787	0.00231	0.00361	0.01459	0.00606	0.00574
87	0.02082	0.01340	0.01520	0.01294	0.01715	0.01445	0.01027	0.06118	0.47130	0.24723	0.02609	0.02354	0.01855	0.00865	0.00667	0.00216	0.00541	0.00713	0.00714	0.01070
88	0.01708	0.01988	0.04585	0.05416	0.02011	0.25858	0.04145	0.01929	0.01374	0.01662	0.03022	0.01588	0.01085	0.01289	0.08233	0.00310	0.32176	0.00560	0.00325	0.00736
89	0.01645	0.04022	0.15257	0.03353	0.50862	0.07625	0.03686	0.02083	0.01507	0.02077	0.01204	0.01538	0.00983	0.00600	0.00639	0.00195	0.00856	0.00554	0.00317	0.00998
90	0.01617	0.01552	0.02651	0.06229	0.70661	0.01561	0.02014	0.02010	0.01493	0.02136	0.01236	0.01633	0.01038	0.00589	0.00652	0.00196	0.00785	0.00587	0.00325	0.01033
91	0.00957	0.00638	0.00718	0.00718	0.00718	0.00638	0.00399	0.00957	0.00957	0.01276	0.02074	0.04308	0.02393	0.76864	0.03351	0.00638	0.00638	0.00957	0.00399	0.00399
92	0.01344	0.01276	0.02140	0.54851	0.20376	0.01515	0.01854	0.01756	0.01343	0.01787	0.01171	0.01710	0.00916	0.00667	0.00733	0.00217	0.04656	0.00585	0.00300	0.00804
93	0.01652	0.19941	0.32498	0.02029	0.12241	0.01766	0.08943	0.03887	0.01493	0.07780	0.01268	0.01459	0.00954	0.00618	0.00601	0.00192	0.00858	0.00516	0.00344	0.00960
94	0.01473	0.01531	0.09930	0.18216	0.32097	0.01392	0.04118	0.01929	0.03291	0.05420	0.01537	0.03951	0.01304	0.01059	0.06370	0.00278	0.00874	0.03963	0.00370	0.00898
95	0.00939	0.00637	0.00754	0.00770	0.00785	0.00644	0.00460	0.00973	0.01000	0.01343	0.02216	0.12027	0.02540	0.62212	0.09471	0.00636	0.00712	0.01034	0.00418	0.00431
96	0.04357	0.01174	0.01350	0.00971	0.01549	0.00900	0.00778	0.01668	0.01356	0.02175	0.01161	0.01354	0.00965	0.00492	0.00485	0.00101	0.00488	0.00389	0.00391	0.77895
97	0.02046	0.02100	0.01875	0.03679	0.12891	0.30406	0.01312	0.09803	0.12084	0.04902	0.01456	0.01695	0.01177	0.03632	0.00885	0.02439	0.05751	0.00562	0.00435	0.00870
98	0.00953	0.00657	0.00811	0.00811	0.00843	0.00689	0.00515	0.01017	0.00985	0.01345	0.01989	0.03838	0.02189	0.57225	0.22710	0.00753	0.00945	0.00889	0.00386	0.00450
99	0.01708	0.04514	0.02690	0.03690	0.62261	0.01598	0.04856	0.03891	0.01553	0.05050	0.01294	0.01637	0.01059	0.00599	0.00649	0.00195	0.00783	0.00589	0.00353	0.01034
100	0.01731	0.01781	0.02647	0.03657	0.59142	0.10926	0.06370	0.02104	0.01550	0.02079	0.01216	0.01582	0.01015	0.00596	0.00652	0.00194	0.00856	0.00578	0.00328	0.00997
101	0.02337	0.00974	0.01303	0.01047	0.01444	0.00857	0.00846	0.02609	0.01842	0.50886	0.19412	0.02903	0.02740	0.00939	0.00675	0.00201	0.00481	0.00786	0.06758	0.00962
102	0.02954	0.01120	0.01528	0.01171	0.01681	0.00968	0.00968	0.03208	0.01884	0.73213	0.02597	0.02241	0.01630	0.00815	0.00662	0.00204	0.00560	0.00662	0.00815	0.01120
103	0.00957	0.00638	0.00718	0.00718	0.00718	0.00638	0.00399	0.00957	0.00957	0.01276	0.02074	0.04308	0.02393	0.76864	0.03351	0.00638	0.00638	0.00957	0.00399	0.00399
104	0.00932	0.00673	0.00880	0.00828	0.00984	0.00621	0.00621	0.01242	0.01863	0.02640	0.72410	0.04918	0.06212	0.01346	0.00776	0.00207	0.00311	0.01191	0.00725	0.00621
105	0.00992	0.00743	0.01048	0.01025	0.03912	0.00694	0.03387	0.01305	0.01781	0.02540	0.59612	0.08318	0.05475	0.01293	0.00759	0.00208	0.00364	0.01157	0.04744	0.00643
106	0.81514	0.01273	0.00968	0.00866	0.01273	0.01477	0.00713	0.01935	0.01120	0.02954	0.00917	0.01069	0.00713	0.00611	0.00407	0.00204	0.00509	0.00356	0.00407	0.00713
107	0.01488	0.01414	0.02402	0.25333	0.49588	0.01506	0.01918	0.01887	0.01428	0.01987	0.01237	0.01703	0.01016	0.00771	0.03402	0.00235	0.00847	0.00591	0.00317	0.00932
108	0.02954	0.01120	0.01528	0.01171	0.01681	0.00968	0.00968	0.03208	0.01884	0.73213	0.02597	0.02241	0.01630	0.00815	0.00662	0.00204	0.00560	0.00662	0.00815	0.01120
109	0.01320	0.03405	0.73453	0.01876	0.02849	0.01529	0.02432	0.02085	0.01390	0.02085	0.01181	0.01390	0.00834	0.00625	0.00625	0.00208	0.00973	0.00486	0.00278	0.00973
110	0.02047	0.34093	0.06304	0.01498	0.03530	0.36790	0.01272	0.02274	0.01611	0.01649	0.02859	0.01251	0.00991	0.00643	0.00530	0.00161	0.00941	0.00421	0.00322	0.00811
111	0.00802	0.00573	0.00764	0.00917	0.00955	0.00535	0.00611	0.00917	0.01260	0.01681	0.03628	0.76434	0.04354	0.02062	0.00840	0.00267	0.00382	0.01872	0.00611	0.00535
112	0.01107	0.00960	0.00998	0.00947	0.01134	0.08192	0.00703	0.01429	0.04460	0.02345	0.46864	0.14263	0.08233	0.01340	0.00751	0.00209	0.00427	0.01167	0.00649	0.03823
113	0.01895	0.42364	0.07036	0.01679	0.08449	0.15449	0.07047	0.02177	0.01498	0.05335	0.01099	0.01272	0.00916	0.00602	0.00528	0.00165	0.00842	0.00445	0.00327	0.00873
114	0.00828	0.00595	0.00792	0.00939	0.00995	0.00559	0.00654	0.00964	0.01295	0.01714	0.03718	0.66831	0.06634	0.02023	0.00845	0.00270	0.00404	0.08786	0.00611	0.00543
115	0.02812	0.01324	0.01547	0.01219	0.01698	0.08364	0.00992	0.04748	0.01912	0.61476	0.05184	0.02224	0.01720	0.00822	0.00660	0.00200	0.00618	0.00657	0.00759	0.01065
