[name]
unknown

[dist]
# distance from previous block
# <min> <max>
0	91

[block]
# block no. 0 follows, 31 sequences, length 33
# corresponding to MSA columns:
# 91-123
name=unknown_A
#
# <colnr> <probs for GDERKNQSTAVLIFYWHMCP>
#	G	D	E	R	K	N	Q	S	T	A	V	L	I	F	Y	W	H	M	C	P
0	0.11176	0.01061	0.03299	0.04743	0.01533	0.01014	0.00925	0.06674	0.03842	0.11197	0.17925	0.09288	0.13267	0.01290	0.00745	0.00235	0.00519	0.09857	0.00639	0.00771
1	0.21083	0.02031	0.09944	0.01870	0.06712	0.12296	0.14892	0.11203	0.05086	0.02621	0.01430	0.05237	0.01170	0.00749	0.00641	0.00214	0.00854	0.00630	0.00436	0.00901
2	0.00884	0.00655	0.00803	0.00874	0.00982	0.00602	0.00616	0.01046	0.01445	0.01891	0.14308	0.35733	0.20718	0.10289	0.01149	0.00304	0.00420	0.06091	0.00627	0.00563
3	0.14417	0.00879	0.00957	0.00926	0.01122	0.00900	0.00674	0.04722	0.05182	0.04343	0.09641	0.19531	0.13896	0.09925	0.01244	0.08846	0.00486	0.01115	0.00562	0.00632
4	0.27234	0.02054	0.23864	0.01609	0.05508	0.01496	0.06139	0.04200	0.05276	0.11866	0.01619	0.01717	0.03184	0.00717	0.00603	0.00216	0.00746	0.00559	0.00457	0.00937
5	0.01235	0.00946	0.01031	0.00931	0.01190	0.04638	0.00711	0.01588	0.05255	0.07416	0.37990	0.04671	0.21391	0.01316	0.00761	0.00209	0.00421	0.01122	0.00681	0.06497
6	0.00864	0.00635	0.00761	0.00845	0.00951	0.00577	0.00582	0.01013	0.01406	0.01847	0.08212	0.44032	0.23973	0.05976	0.00975	0.00276	0.00389	0.01644	0.04480	0.00563
7	0.04890	0.00701	0.00849	0.00888	0.01030	0.00656	0.00632	0.01231	0.01499	0.05843	0.17814	0.38254	0.14533	0.03985	0.00883	0.00259	0.00396	0.01503	0.03535	0.00618
8	0.01261	0.00962	0.01137	0.01134	0.01336	0.01005	0.00859	0.09993	0.14836	0.02392	0.08306	0.35206	0.06962	0.01642	0.00818	0.00258	0.00491	0.09993	0.00661	0.00748
9	0.05727	0.01368	0.01690	0.01300	0.01830	0.01319	0.01074	0.20721	0.02262	0.51787	0.02358	0.02104	0.01520	0.00832	0.00678	0.00210	0.00625	0.00658	0.00789	0.01149
10	0.04600	0.00875	0.00995	0.00957	0.01132	0.00884	0.00681	0.07607	0.06771	0.04717	0.11538	0.23179	0.11437	0.19832	0.01442	0.00344	0.00503	0.01243	0.00603	0.00660
11	0.03620	0.00752	0.00910	0.00909	0.01033	0.00723	0.00620	0.03299	0.01389	0.09216	0.08500	0.31000	0.06864	0.26062	0.01682	0.00386	0.00510	0.01332	0.00589	0.00605
12	0.00861	0.00620	0.00773	0.00882	0.00937	0.00579	0.00579	0.00964	0.01280	0.01679	0.03843	0.53646	0.12194	0.16185	0.01363	0.00346	0.00442	0.01703	0.00593	0.00531
13	0.00877	0.00614	0.00781	0.00897	0.00926	0.00585	0.00576	0.00964	0.01225	0.01634	0.03338	0.56476	0.03979	0.21922	0.01572	0.00381	0.00468	0.01690	0.00576	0.00518
14	0.01196	0.00834	0.00972	0.00903	0.01096	0.00811	0.00659	0.05748	0.06184	0.05674	0.28016	0.08476	0.16949	0.15941	0.01304	0.00308	0.00452	0.01156	0.02652	0.00669
15	0.10223	0.01113	0.01385	0.01125	0.01548	0.01045	0.00908	0.07442	0.01907	0.43652	0.12265	0.07593	0.02434	0.00990	0.00685	0.00215	0.00532	0.00814	0.03133	0.00991
16	0.01597	0.01360	0.01457	0.01317	0.01671	0.01552	0.01021	0.03302	0.60714	0.02845	0.12527	0.02916	0.02709	0.00995	0.00712	0.00230	0.00510	0.00839	0.00704	0.01021
17	0.01040	0.00710	0.00818	0.00826	0.00860	0.00712	0.00500	0.04266	0.01163	0.01552	0.02446	0.18202	0.02821	0.57952	0.02839	0.00566	0.00616	0.01162	0.00471	0.00478
18	0.11731	0.01042	0.01230	0.01069	0.01418	0.01011	0.00838	0.06390	0.05030	0.29332	0.06279	0.18178	0.07407	0.01187	0.00699	0.00225	0.00502	0.00995	0.04552	0.00886
19	0.00956	0.00786	0.00812	0.00789	0.01030	0.00725	0.00597	0.01366	0.10077	0.02079	0.11072	0.05757	0.54160	0.01558	0.00777	0.00226	0.00367	0.01302	0.04916	0.00648
20	0.80789	0.01323	0.01006	0.00900	0.01323	0.01535	0.00741	0.02011	0.01164	0.03070	0.00953	0.01111	0.00741	0.00635	0.00423	0.00212	0.00529	0.00370	0.00423	0.00741
21	0.01060	0.00685	0.00821	0.00874	0.00992	0.00662	0.00631	0.03498	0.01430	0.02036	0.05408	0.30214	0.11312	0.05409	0.01029	0.06077	0.00429	0.06861	0.19988	0.00582
22	0.01009	0.00793	0.00876	0.00854	0.01067	0.00732	0.00636	0.07649	0.01721	0.02189	0.14601	0.19872	0.42149	0.01682	0.00809	0.00236	0.00393	0.01437	0.00656	0.00639
23	0.01390	0.01186	0.01389	0.01010	0.01591	0.00895	0.00802	0.01686	0.01413	0.02206	0.01339	0.04985	0.01182	0.00585	0.00524	0.00110	0.00501	0.00479	0.00416	0.76308
24	0.00958	0.00756	0.00862	0.00866	0.01056	0.00690	0.00628	0.02877	0.04850	0.02038	0.13043	0.27009	0.32295	0.04002	0.00888	0.00250	0.00396	0.01456	0.00636	0.04443
25	0.01023	0.00773	0.01177	0.01131	0.01276	0.00851	0.04081	0.01277	0.01204	0.01736	0.05483	0.05870	0.02143	0.07718	0.53521	0.00883	0.01488	0.03062	0.04686	0.00618
26	0.01077	0.00721	0.01000	0.01001	0.01111	0.00781	0.00746	0.03619	0.01205	0.01705	0.02201	0.11475	0.05321	0.03549	0.38105	0.17539	0.01175	0.00873	0.06237	0.00558
27	0.00962	0.00703	0.00903	0.00946	0.01086	0.00660	0.00728	0.01210	0.01634	0.02196	0.30303	0.16474	0.14161	0.06809	0.01036	0.00283	0.00439	0.18200	0.00664	0.00603
28	0.10494	0.17315	0.02334	0.05448	0.13721	0.17356	0.01380	0.14396	0.04532	0.02429	0.01238	0.01434	0.01000	0.00704	0.00648	0.00193	0.03531	0.00505	0.00415	0.00929
29	0.05625	0.01714	0.02311	0.10937	0.32801	0.11012	0.04002	0.02106	0.01514	0.05815	0.01429	0.01781	0.03208	0.00767	0.00902	0.00220	0.11950	0.00611	0.00372	0.00925
30	0.18726	0.01535	0.01935	0.21303	0.10576	0.09986	0.08868	0.02004	0.04745	0.02184	0.01557	0.10708	0.01407	0.00847	0.00656	0.00222	0.00801	0.00732	0.00404	0.00805
31	0.08021	0.05588	0.06669	0.01550	0.07714	0.05693	0.04408	0.14955	0.01907	0.09955	0.07615	0.08410	0.12603	0.01034	0.00693	0.00214	0.00665	0.00858	0.00560	0.00888
32	0.06253	0.04753	0.12707	0.09099	0.02382	0.10778	0.03938	0.19678	0.07427	0.07758	0.01629	0.03927	0.01258	0.00999	0.04197	0.00253	0.00885	0.00624	0.00497	0.00958

[dist]
# distance from previous block
# <min> <max>
0	32

[block]
# block no. 1 follows, 31 sequences, length 34
# corresponding to MSA columns:
# 156-189
name=unknown_B
#
# <colnr> <probs for GDERKNQSTAVLIFYWHMCP>
#	G	D	E	R	K	N	Q	S	T	A	V	L	I	F	Y	W	H	M	C	P
0	0.15749	0.01380	0.01956	0.11086	0.20241	0.03208	0.07653	0.03707	0.07180	0.02453	0.10822	0.04720	0.02035	0.00869	0.00681	0.00221	0.00706	0.03999	0.00467	0.00865
1	0.01145	0.00881	0.01280	0.01487	0.11038	0.00941	0.00958	0.04609	0.01295	0.01805	0.02134	0.15083	0.02200	0.12165	0.34785	0.03360	0.01183	0.02555	0.00433	0.00661
2	0.00902	0.00713	0.00821	0.00830	0.01016	0.00614	0.00591	0.01068	0.01442	0.01869	0.08440	0.30002	0.32630	0.06389	0.00967	0.00260	0.00400	0.01470	0.00604	0.08971
3	0.12761	0.07052	0.02031	0.06386	0.13454	0.03265	0.03492	0.13466	0.07430	0.19610	0.01745	0.01812	0.01262	0.00837	0.02274	0.00227	0.00731	0.00598	0.00554	0.01012
4	0.01317	0.00901	0.01172	0.01217	0.06756	0.00863	0.00865	0.05165	0.01719	0.10251	0.19225	0.04690	0.24427	0.01886	0.10476	0.00345	0.00650	0.06707	0.00629	0.00740
5	0.00911	0.00683	0.00848	0.00949	0.01051	0.00652	0.00668	0.01169	0.05722	0.01881	0.07098	0.51334	0.14374	0.04179	0.00932	0.00279	0.00417	0.05619	0.00637	0.00596
6	0.02686	0.01780	0.01969	0.01509	0.02054	0.01919	0.01247	0.57440	0.02989	0.16601	0.01834	0.01767	0.01259	0.00826	0.00685	0.00206	0.00722	0.00629	0.00714	0.01164
7	0.01491	0.11515	0.02778	0.08378	0.04511	0.05269	0.29394	0.01951	0.05218	0.01983	0.01917	0.18717	0.01859	0.00975	0.00743	0.00227	0.00863	0.00967	0.00421	0.00824
8	0.00986	0.00665	0.00744	0.00744	0.00755	0.00659	0.00420	0.00994	0.01023	0.01352	0.02391	0.04581	0.05889	0.72294	0.03350	0.00642	0.00648	0.01017	0.00425	0.00423
9	0.80789	0.01323	0.01006	0.00900	0.01323	0.01535	0.00741	0.02011	0.01164	0.03070	0.00953	0.01111	0.00741	0.00635	0.00423	0.00212	0.00529	0.00370	0.00423	0.00741
10	0.00928	0.00703	0.00859	0.00834	0.01017	0.00634	0.00635	0.01206	0.01801	0.02432	0.47833	0.05712	0.25853	0.01529	0.00816	0.00226	0.00349	0.05299	0.00710	0.00624
11	0.80789	0.01323	0.01006	0.00900	0.01323	0.01535	0.00741	0.02011	0.01164	0.03070	0.00953	0.01111	0.00741	0.00635	0.00423	0.00212	0.00529	0.00370	0.00423	0.00741
12	0.01152	0.00855	0.01131	0.01248	0.01433	0.00874	0.01074	0.01632	0.08853	0.02124	0.03685	0.07120	0.06824	0.01781	0.00912	0.00302	0.00608	0.57078	0.00637	0.00675
13	0.00832	0.00602	0.00788	0.00936	0.00988	0.00557	0.00628	0.00954	0.01326	0.01753	0.03969	0.71182	0.08725	0.02118	0.00869	0.00275	0.00394	0.01913	0.00635	0.00557
14	0.00833	0.00599	0.00790	0.00942	0.00990	0.00557	0.00631	0.00954	0.01320	0.01750	0.03895	0.72798	0.07156	0.02127	0.00871	0.00276	0.00395	0.01925	0.00635	0.00557
15	0.80789	0.01323	0.01006	0.00900	0.01323	0.01535	0.00741	0.02011	0.01164	0.03070	0.00953	0.01111	0.00741	0.00635	0.00423	0.00212	0.00529	0.00370	0.00423	0.00741
16	0.01702	0.01470	0.01547	0.01392	0.01779	0.01702	0.01083	0.03635	0.70453	0.02862	0.02785	0.02553	0.02088	0.00928	0.00696	0.00232	0.00541	0.00773	0.00696	0.01083
17	0.02729	0.01710	0.01926	0.01476	0.02019	0.01816	0.01220	0.51324	0.02872	0.22882	0.01932	0.01830	0.01309	0.00828	0.00685	0.00207	0.00706	0.00636	0.00729	0.01164
18	0.01000	0.00655	0.00732	0.00749	0.00793	0.00642	0.00455	0.01070	0.01133	0.01577	0.02723	0.11897	0.08188	0.52092	0.02588	0.00520	0.00563	0.01084	0.11065	0.00472
19	0.01076	0.00784	0.01056	0.01195	0.01338	0.00789	0.00989	0.01445	0.05825	0.02026	0.03605	0.23623	0.03962	0.01890	0.00912	0.00301	0.00569	0.47336	0.00635	0.00641
20	0.00834	0.00595	0.00794	0.00953	0.00992	0.00556	0.00635	0.00953	0.01310	0.01746	0.03771	0.75510	0.04525	0.02143	0.00873	0.00278	0.00397	0.01945	0.00635	0.00556
21	0.00968	0.00699	0.00914	0.00861	0.01022	0.00646	0.00646	0.01291	0.01937	0.02743	0.71328	0.05110	0.06455	0.01399	0.00807	0.00215	0.00323	0.01237	0.00753	0.00646
22	0.00816	0.00693	0.00704	0.00701	0.00929	0.00581	0.00526	0.00997	0.01578	0.01892	0.10088	0.06512	0.68227	0.01716	0.00808	0.00230	0.00345	0.01434	0.00641	0.00581
23	0.01419	0.01216	0.01419	0.01013	0.01621	0.00912	0.00811	0.01723	0.01419	0.02229	0.01216	0.01419	0.01013	0.00507	0.00507	0.00101	0.00507	0.00405	0.00405	0.80139
24	0.01372	0.03539	0.72412	0.01950	0.02961	0.01589	0.02528	0.02167	0.01444	0.02167	0.01228	0.01444	0.00867	0.00650	0.00650	0.00217	0.01011	0.00506	0.00289	0.01011
25	0.80789	0.01323	0.01006	0.00900	0.01323	0.01535	0.00741	0.02011	0.01164	0.03070	0.00953	0.01111	0.00741	0.00635	0.00423	0.00212	0.00529	0.00370	0.00423	0.00741
26	0.00867	0.00695	0.00775	0.00755	0.00960	0.00603	0.00566	0.01096	0.01698	0.02178	0.30678	0.06041	0.47458	0.01609	0.00808	0.00225	0.00338	0.01368	0.00679	0.00603
27	0.01689	0.09270	0.24922	0.09377	0.23084	0.03656	0.01962	0.09709	0.05642	0.02361	0.01349	0.01602	0.01040	0.00672	0.00647	0.00206	0.00867	0.00559	0.00375	0.01011
28	0.02228	0.01754	0.16938	0.04863	0.08377	0.01296	0.01465	0.10055	0.01924	0.32823	0.09325	0.02277	0.01871	0.00831	0.00691	0.00212	0.00701	0.00688	0.00629	0.01051
29	0.01238	0.00641	0.00652	0.00652	0.00790	0.00641	0.00470	0.01514	0.01376	0.02387	0.02222	0.02808	0.01852	0.10848	0.00880	0.00227	0.00365	0.00685	0.69145	0.00608
30	0.08380	0.08891	0.01496	0.01284	0.05752	0.01099	0.04198	0.01627	0.05318	0.05297	0.18517	0.29156	0.03602	0.01374	0.00738	0.00231	0.00506	0.01213	0.00587	0.00734
31	0.05590	0.10773	0.47470	0.01772	0.02622	0.01634	0.06260	0.02309	0.01506	0.11824	0.01398	0.01538	0.00987	0.00665	0.00631	0.00209	0.00907	0.00528	0.00377	0.00999
32	0.01675	0.09779	0.08788	0.01919	0.08193	0.09305	0.01560	0.04856	0.01355	0.01862	0.01055	0.01494	0.00952	0.01117	0.04323	0.00282	0.39769	0.00556	0.00326	0.00834
33	0.29489	0.22478	0.03903	0.03591	0.01836	0.18196	0.01131	0.06402	0.01541	0.02322	0.01033	0.01211	0.00850	0.00668	0.00556	0.00189	0.02984	0.00418	0.00377	0.00825

[dist]
# distance from previous block
# <min> <max>
0	3

[block]
# block no. 2 follows, 31 sequences, length 30
# corresponding to MSA columns:
# 193-222
name=unknown_C
#
# <colnr> <probs for GDERKNQSTAVLIFYWHMCP>
#	G	D	E	R	K	N	Q	S	T	A	V	L	I	F	Y	W	H	M	C	P
0	0.13520	0.02814	0.01779	0.01596	0.01973	0.57123	0.01214	0.02682	0.01832	0.07806	0.01181	0.01309	0.00930	0.00707	0.00596	0.00184	0.01081	0.00452	0.00404	0.00817
1	0.00974	0.00701	0.00929	0.00893	0.01024	0.00691	0.00656	0.01236	0.01635	0.02311	0.47533	0.04529	0.04936	0.12566	0.15918	0.00458	0.00677	0.01101	0.00627	0.00606
2	0.80789	0.01323	0.01006	0.00900	0.01323	0.01535	0.00741	0.02011	0.01164	0.03070	0.00953	0.01111	0.00741	0.00635	0.00423	0.00212	0.00529	0.00370	0.00423	0.00741
3	0.00845	0.00643	0.00769	0.00843	0.00961	0.00577	0.00586	0.00999	0.01447	0.01864	0.11585	0.41199	0.28111	0.05099	0.00956	0.00272	0.00383	0.01657	0.00638	0.00566
4	0.02427	0.16950	0.02279	0.01607	0.02048	0.43807	0.01288	0.17524	0.02120	0.02252	0.01168	0.01299	0.00944	0.00708	0.00598	0.00177	0.01030	0.00466	0.00415	0.00892
5	0.00864	0.00617	0.00829	0.00988	0.01041	0.00582	0.00689	0.01006	0.01340	0.01781	0.03754	0.67756	0.04458	0.02114	0.00881	0.00282	0.00424	0.09395	0.00634	0.00564
6	0.00853	0.00623	0.00808	0.00948	0.01020	0.00578	0.00661	0.00995	0.01362	0.01784	0.04135	0.61583	0.12450	0.02073	0.00872	0.00275	0.00411	0.07371	0.00635	0.00565
7	0.01129	0.00740	0.00865	0.00856	0.01079	0.00645	0.00648	0.01320	0.01583	0.10836	0.09075	0.19609	0.41519	0.01693	0.00815	0.00242	0.00403	0.05621	0.00668	0.00655
8	0.80789	0.01323	0.01006	0.00900	0.01323	0.01535	0.00741	0.02011	0.01164	0.03070	0.00953	0.01111	0.00741	0.00635	0.00423	0.00212	0.00529	0.00370	0.00423	0.00741
9	0.00979	0.00680	0.00818	0.00816	0.00860	0.00695	0.00515	0.01049	0.01084	0.01462	0.04999	0.04278	0.06559	0.54987	0.16773	0.00705	0.00859	0.00980	0.00431	0.00471
10	0.00872	0.00637	0.00828	0.00956	0.01039	0.00592	0.00681	0.01034	0.01409	0.01855	0.08108	0.54932	0.12282	0.02020	0.00871	0.00273	0.00416	0.09981	0.00641	0.00573
11	0.15110	0.00823	0.00892	0.00835	0.01059	0.00806	0.00629	0.01441	0.01611	0.05999	0.32299	0.06068	0.17378	0.07572	0.00946	0.00254	0.00407	0.01067	0.04148	0.00653
12	0.00965	0.00695	0.00920	0.00921	0.01065	0.00650	0.00699	0.01259	0.01806	0.02521	0.53825	0.15249	0.05886	0.01561	0.00833	0.00236	0.00370	0.09187	0.00722	0.00631
13	0.01000	0.00767	0.01144	0.01130	0.01247	0.00910	0.00884	0.01241	0.01097	0.01591	0.01791	0.02635	0.01674	0.04957	0.70097	0.01064	0.05064	0.00727	0.00364	0.00617
14	0.12130	0.00761	0.00838	0.00862	0.01025	0.00744	0.00619	0.01275	0.01402	0.04427	0.10947	0.27980	0.16181	0.10452	0.01076	0.00291	0.00438	0.02979	0.04968	0.00605
15	0.00890	0.00635	0.00834	0.00958	0.01023	0.00600	0.00670	0.01041	0.01374	0.01833	0.09381	0.53895	0.06013	0.08263	0.01095	0.00308	0.00440	0.09560	0.00626	0.00561
16	0.01775	0.67685	0.11791	0.01264	0.01900	0.02574	0.01332	0.02063	0.01397	0.01676	0.00984	0.01139	0.00877	0.00593	0.00464	0.00155	0.00765	0.00382	0.00292	0.00894
17	0.01405	0.01392	0.02539	0.51550	0.12468	0.01575	0.15495	0.01879	0.01440	0.01895	0.01258	0.01813	0.00958	0.00653	0.00708	0.00226	0.00949	0.00648	0.00317	0.00831
18	0.04889	0.00859	0.00997	0.00959	0.01165	0.00838	0.00697	0.04157	0.07333	0.10759	0.09206	0.25672	0.15992	0.11929	0.01155	0.00300	0.00473	0.01286	0.00638	0.00699
19	0.04643	0.00788	0.00997	0.00932	0.01136	0.00744	0.00702	0.01578	0.03919	0.10474	0.49006	0.14373	0.05268	0.01393	0.00783	0.00224	0.00378	0.01222	0.00731	0.00709
20	0.01815	0.01800	0.02493	0.08139	0.04430	0.10295	0.19898	0.13985	0.07371	0.02396	0.01540	0.06078	0.01298	0.00878	0.01004	0.00234	0.14272	0.00735	0.00440	0.00900
21	0.01402	0.00814	0.01046	0.00994	0.01179	0.00778	0.00744	0.06363	0.01560	0.11775	0.11428	0.16711	0.12164	0.03475	0.01330	0.20039	0.00507	0.06461	0.00593	0.00638
22	0.01195	0.00811	0.01126	0.01305	0.09484	0.00756	0.00837	0.01373	0.01526	0.07903	0.17097	0.24336	0.15246	0.01649	0.01007	0.08831	0.00469	0.03779	0.00605	0.00667
23	0.15199	0.01353	0.07527	0.01411	0.01807	0.01212	0.10574	0.08567	0.01677	0.02494	0.06764	0.06279	0.11010	0.01233	0.00756	0.00248	0.00670	0.19908	0.00539	0.00769
24	0.05969	0.01789	0.05227	0.06265	0.09170	0.07504	0.07045	0.21396	0.04912	0.15137	0.01698	0.01903	0.01256	0.00802	0.00774	0.00217	0.05169	0.02204	0.00547	0.01014
25	0.18157	0.01634	0.01758	0.24798	0.04576	0.13560	0.03328	0.04078	0.09760	0.05615	0.01544	0.02006	0.01231	0.00779	0.00638	0.00219	0.00811	0.04231	0.00440	0.00836
26	0.03928	0.09471	0.02218	0.15570	0.13156	0.09300	0.01481	0.18344	0.06530	0.02546	0.01365	0.01612	0.01072	0.00735	0.00733	0.00202	0.05428	0.00561	0.00439	0.05310
27	0.08353	0.03326	0.01795	0.01393	0.01857	0.11470	0.10319	0.08782	0.06316	0.04724	0.02581	0.02627	0.15815	0.00885	0.00655	0.00190	0.00702	0.00734	0.00499	0.16975
28	0.09018	0.01450	0.03862	0.05671	0.04410	0.03354	0.04631	0.13456	0.11060	0.13749	0.02359	0.11264	0.05935	0.01029	0.00797	0.00229	0.05377	0.00841	0.00582	0.00925
29	0.03688	0.04691	0.06678	0.01199	0.01509	0.01247	0.02785	0.11625	0.13325	0.02356	0.08649	0.09735	0.05854	0.11348	0.02669	0.09821	0.00635	0.00896	0.00534	0.00758

[dist]
# distance from previous block
# <min> <max>
0	17

[block]
# block no. 3 follows, 31 sequences, length 11
# corresponding to MSA columns:
# 240-250
name=unknown_D
#
# <colnr> <probs for GDERKNQSTAVLIFYWHMCP>
#	G	D	E	R	K	N	Q	S	T	A	V	L	I	F	Y	W	H	M	C	P
0	0.05921	0.11453	0.13685	0.13430	0.02392	0.04388	0.01397	0.07905	0.01684	0.14095	0.03573	0.01955	0.04750	0.00754	0.00620	0.00193	0.00739	0.00590	0.00473	0.10001
1	0.09967	0.05703	0.01607	0.02970	0.01735	0.09027	0.01009	0.14427	0.10314	0.09036	0.05003	0.02350	0.08620	0.01036	0.03545	0.00229	0.00694	0.00670	0.00556	0.11502
2	0.01593	0.04971	0.14702	0.03186	0.01877	0.09739	0.03948	0.03704	0.03726	0.08434	0.13158	0.04956	0.07191	0.04711	0.00816	0.00222	0.00703	0.00783	0.03863	0.07717
3	0.03611	0.04169	0.16315	0.05757	0.07828	0.01517	0.01483	0.11682	0.01655	0.02387	0.05299	0.08517	0.03068	0.00930	0.00895	0.00214	0.11660	0.00717	0.00437	0.11860
4	0.01178	0.00913	0.00951	0.00949	0.01122	0.05976	0.00688	0.01335	0.01449	0.06043	0.06329	0.20654	0.20806	0.17001	0.01356	0.00328	0.00537	0.07997	0.00576	0.03812
5	0.01645	0.06185	0.30921	0.05352	0.02562	0.05696	0.07372	0.08223	0.06837	0.04352	0.01432	0.01691	0.01093	0.01063	0.06115	0.00284	0.07260	0.00585	0.00388	0.00945
6	0.02344	0.05850	0.02034	0.07381	0.02232	0.08309	0.01295	0.48052	0.06161	0.03574	0.01604	0.01680	0.01177	0.00792	0.00656	0.00201	0.00777	0.00595	0.04231	0.01055
7	0.01106	0.00813	0.00999	0.04909	0.03817	0.03806	0.00716	0.01130	0.01229	0.01586	0.06897	0.17577	0.10115	0.17607	0.01903	0.23182	0.00579	0.01072	0.00458	0.00501
8	0.05709	0.01375	0.02130	0.24963	0.32160	0.01496	0.01702	0.05219	0.04304	0.02195	0.01805	0.02175	0.06755	0.00955	0.04007	0.00256	0.00824	0.00676	0.00389	0.00907
9	0.01788	0.66483	0.08505	0.01241	0.01846	0.02564	0.01265	0.02154	0.05588	0.01726	0.01083	0.01211	0.00951	0.00611	0.00470	0.00157	0.00741	0.00401	0.00317	0.00900
10	0.00866	0.00641	0.00796	0.00869	0.00972	0.00585	0.00602	0.01033	0.01479	0.01958	0.18792	0.42504	0.18580	0.05818	0.00984	0.00275	0.00385	0.01640	0.00649	0.00572

[dist]
# distance from previous block
# <min> <max>
0	1

[block]
# block no. 4 follows, 31 sequences, length 97
# corresponding to MSA columns:
# 252-348
name=unknown_E
#
# <colnr> <probs for GDERKNQSTAVLIFYWHMCP>
#	G	D	E	R	K	N	Q	S	T	A	V	L	I	F	Y	W	H	M	C	P
0	0.01551	0.01352	0.01615	0.12319	0.10133	0.09424	0.03112	0.03615	0.11284	0.06782	0.02447	0.18932	0.05086	0.08072	0.00988	0.00270	0.00703	0.00996	0.00515	0.00803
1	0.02117	0.02531	0.01936	0.01894	0.07634	0.46549	0.01359	0.02305	0.01668	0.01717	0.01251	0.06389	0.01172	0.01019	0.03075	0.00236	0.15405	0.00595	0.00361	0.00787
2	0.01336	0.01118	0.01319	0.01044	0.01528	0.00908	0.00823	0.01731	0.06128	0.02221	0.03929	0.10540	0.01848	0.00841	0.00600	0.00148	0.00499	0.04984	0.00477	0.57979
3	0.01581	0.01555	0.02354	0.33721	0.35187	0.06426	0.01914	0.02066	0.04765	0.02020	0.01312	0.01758	0.01045	0.00663	0.00677	0.00213	0.00871	0.00605	0.00342	0.00926
4	0.01524	0.01500	0.02697	0.13044	0.34323	0.01515	0.18161	0.02023	0.04242	0.02221	0.08412	0.02248	0.03487	0.00732	0.00727	0.00216	0.00838	0.00748	0.00398	0.00943
5	0.01366	0.00939	0.01114	0.01005	0.01292	0.00909	0.00783	0.01977	0.15691	0.10843	0.30020	0.04490	0.17220	0.01282	0.00762	0.00220	0.00427	0.04260	0.00707	0.04692
6	0.01401	0.00781	0.00978	0.00899	0.01087	0.00724	0.00651	0.03056	0.01524	0.14841	0.16879	0.09150	0.14506	0.15401	0.01549	0.11905	0.00492	0.01054	0.02483	0.00641
7	0.03366	0.01057	0.01326	0.01229	0.03150	0.01014	0.02497	0.07796	0.07023	0.10574	0.07071	0.13699	0.10591	0.01310	0.00759	0.00231	0.00545	0.14641	0.00625	0.11495
8	0.01884	0.01539	0.01436	0.04836	0.01695	0.16307	0.00992	0.15077	0.01973	0.10121	0.11377	0.07256	0.05535	0.04352	0.04090	0.00263	0.00744	0.00816	0.08890	0.00819
9	0.00873	0.00671	0.00798	0.00818	0.00977	0.00597	0.00594	0.01087	0.01634	0.02148	0.29522	0.23135	0.31254	0.01713	0.00824	0.00237	0.00350	0.01493	0.00678	0.00597
10	0.00928	0.00638	0.00785	0.00850	0.00951	0.00594	0.00591	0.01116	0.01472	0.02056	0.18336	0.38790	0.12122	0.05901	0.00945	0.00265	0.00380	0.01508	0.11193	0.00580
11	0.01601	0.01514	0.02489	0.27862	0.22604	0.01680	0.11157	0.07341	0.07617	0.02236	0.01408	0.01818	0.01099	0.00715	0.00806	0.00225	0.05864	0.00651	0.00383	0.00932
12	0.02562	0.03081	0.01954	0.01737	0.02116	0.63736	0.01319	0.11618	0.02109	0.02026	0.01135	0.01288	0.00919	0.00720	0.00626	0.00180	0.01170	0.00464	0.00397	0.00842
13	0.02286	0.03129	0.11581	0.01921	0.02402	0.55145	0.09573	0.02592	0.01834	0.01802	0.01119	0.01335	0.00898	0.00682	0.00644	0.00188	0.01194	0.00493	0.00343	0.00838
14	0.00950	0.00694	0.00862	0.00823	0.00972	0.00639	0.00598	0.01210	0.01760	0.02434	0.53431	0.05225	0.14680	0.11380	0.01164	0.00277	0.00371	0.01233	0.00692	0.00606
15	0.01240	0.00761	0.00993	0.00900	0.01114	0.00690	0.00687	0.01548	0.01921	0.11951	0.59002	0.04812	0.09028	0.01342	0.00791	0.00215	0.00359	0.01174	0.00760	0.00711
16	0.00955	0.00646	0.00758	0.00798	0.00808	0.00636	0.00470	0.00984	0.01074	0.01432	0.02560	0.22256	0.02997	0.57482	0.02829	0.00567	0.00597	0.01233	0.00470	0.00450
17	0.03070	0.01164	0.01588	0.01217	0.01746	0.01006	0.01006	0.03334	0.01958	0.72163	0.02699	0.02329	0.01694	0.00847	0.00688	0.00212	0.00582	0.00688	0.00847	0.01164
18	0.00877	0.00624	0.00833	0.00983	0.01037	0.00592	0.00686	0.01017	0.01330	0.01766	0.03671	0.62968	0.04346	0.05754	0.01012	0.00302	0.00441	0.10579	0.00624	0.00559
19	0.00967	0.00687	0.00843	0.00811	0.00921	0.00647	0.00558	0.01170	0.01590	0.02201	0.43485	0.04990	0.09338	0.26902	0.01721	0.00369	0.00441	0.01168	0.00630	0.00562
20	0.00840	0.00681	0.00745	0.00757	0.00950	0.00586	0.00557	0.01031	0.01591	0.01989	0.17646	0.15515	0.51264	0.01730	0.00817	0.00235	0.00349	0.01475	0.00656	0.00586
21	0.01497	0.01497	0.02095	0.01796	0.01796	0.02095	0.01497	0.01646	0.01048	0.01646	0.00898	0.01497	0.00898	0.01197	0.02245	0.00299	0.74704	0.00599	0.00299	0.00748
22	0.73995	0.01309	0.01056	0.00927	0.01360	0.01488	0.00764	0.02127	0.01234	0.09109	0.01105	0.01218	0.00824	0.00654	0.00447	0.00212	0.00534	0.00398	0.00460	0.00778
23	0.00908	0.00639	0.00765	0.00830	0.00874	0.00609	0.00523	0.00983	0.01207	0.01590	0.04966	0.34439	0.10523	0.35658	0.02052	0.00447	0.00511	0.01444	0.00538	0.00496
24	0.02596	0.01869	0.02018	0.01553	0.02095	0.02059	0.01281	0.64523	0.05091	0.07345	0.01723	0.01700	0.01214	0.00825	0.00685	0.00206	0.00739	0.00624	0.00692	0.01161
25	0.01829	0.76368	0.03585	0.01171	0.01756	0.02707	0.01171	0.02049	0.01390	0.01610	0.00951	0.01097	0.00878	0.00585	0.00439	0.00146	0.00732	0.00366	0.00293	0.00878
26	0.80789	0.01323	0.01006	0.00900	0.01323	0.01535	0.00741	0.02011	0.01164	0.03070	0.00953	0.01111	0.00741	0.00635	0.00423	0.00212	0.00529	0.00370	0.00423	0.00741
27	0.01161	0.00735	0.00902	0.00902	0.01101	0.00652	0.00676	0.01362	0.01596	0.11334	0.14669	0.26042	0.28456	0.01696	0.00820	0.00245	0.00408	0.05899	0.00680	0.00663
28	0.02548	0.01049	0.01421	0.01129	0.01567	0.00916	0.00916	0.02827	0.01953	0.54929	0.19737	0.03019	0.02876	0.00984	0.00718	0.00213	0.00518	0.00824	0.00824	0.01036
29	0.00861	0.00638	0.00810	0.00937	0.01029	0.00588	0.00668	0.01014	0.01392	0.01803	0.04388	0.53582	0.17893	0.02031	0.00869	0.00273	0.00415	0.09608	0.00635	0.00569
30	0.80789	0.01323	0.01006	0.00900	0.01323	0.01535	0.00741	0.02011	0.01164	0.03070	0.00953	0.01111	0.00741	0.00635	0.00423	0.00212	0.00529	0.00370	0.00423	0.00741
31	0.01928	0.01217	0.01403	0.01225	0.01606	0.01273	0.00960	0.03023	0.36573	0.22863	0.06434	0.07896	0.08405	0.01079	0.00721	0.00228	0.00516	0.00908	0.00733	0.01006
32	0.02287	0.01602	0.01759	0.01438	0.01913	0.01760	0.01159	0.30294	0.32121	0.14611	0.02307	0.02147	0.01649	0.00872	0.00690	0.00218	0.00634	0.00696	0.00716	0.01129
33	0.01627	0.01435	0.07678	0.01317	0.01718	0.02940	0.04286	0.08812	0.20802	0.09484	0.26288	0.03284	0.05274	0.01050	0.00735	0.00219	0.00571	0.00900	0.00667	0.00912
34	0.04781	0.05598	0.01983	0.01646	0.02056	0.47397	0.01281	0.20515	0.02215	0.02417	0.01228	0.01374	0.00975	0.00848	0.02575	0.00209	0.01081	0.00491	0.00442	0.00889
35	0.12699	0.02504	0.01715	0.01555	0.01868	0.47059	0.01193	0.04270	0.01699	0.01922	0.01154	0.01443	0.00984	0.01329	0.10491	0.00315	0.06176	0.00486	0.00370	0.00769
36	0.04084	0.34576	0.21019	0.01660	0.04938	0.02135	0.06739	0.11058	0.01665	0.02244	0.01169	0.01350	0.00933	0.00633	0.00565	0.00182	0.00829	0.00480	0.00357	0.03384
37	0.02221	0.01697	0.03708	0.05070	0.02087	0.01808	0.01251	0.48779	0.07335	0.05669	0.02002	0.11572	0.01669	0.00994	0.00710	0.00218	0.00701	0.00802	0.00654	0.01053
38	0.00842	0.00602	0.00801	0.00947	0.00994	0.00561	0.00636	0.00974	0.01349	0.01809	0.08030	0.71071	0.04647	0.02096	0.00869	0.00274	0.00392	0.01900	0.00643	0.00561
39	0.01385	0.01330	0.01676	0.02245	0.26653	0.10608	0.01277	0.01625	0.01495	0.01927	0.02508	0.35807	0.02772	0.01387	0.00772	0.00239	0.00669	0.04354	0.00490	0.00781
40	0.00927	0.00681	0.00791	0.00798	0.00950	0.00614	0.00580	0.01049	0.01458	0.01851	0.15450	0.07555	0.37293	0.10443	0.01380	0.10930	0.00433	0.05700	0.00583	0.00535
41	0.01510	0.00839	0.01090	0.00969	0.01227	0.00768	0.00747	0.01860	0.04527	0.20164	0.43719	0.09141	0.08048	0.01307	0.00777	0.00220	0.00403	0.01138	0.00761	0.00784
42	0.01056	0.00796	0.01002	0.01026	0.01198	0.00787	0.00800	0.01526	0.09886	0.02363	0.31104	0.16986	0.09393	0.01607	0.00839	0.00253	0.00438	0.17574	0.00689	0.00675
43	0.01138	0.00681	0.00890	0.00960	0.01076	0.00622	0.00666	0.01274	0.01398	0.11117	0.03762	0.57588	0.08571	0.05587	0.00973	0.00285	0.00431	0.01697	0.00652	0.00631
44	0.01280	0.00784	0.00908	0.00831	0.01104	0.00672	0.00639	0.01494	0.01693	0.15798	0.16674	0.07358	0.45174	0.01514	0.00786	0.00226	0.00390	0.01275	0.00696	0.00703
45	0.02977	0.01185	0.01585	0.01229	0.01749	0.01053	0.01011	0.03355	0.06591	0.67475	0.02705	0.02344	0.01720	0.00852	0.00689	0.00213	0.00579	0.00694	0.00837	0.01159
46	0.00848	0.00706	0.00748	0.00769	0.00990	0.00606	0.00597	0.01040	0.01561	0.01875	0.06490	0.06735	0.62419	0.01754	0.00827	0.00242	0.00384	0.10192	0.00635	0.00585
47	0.00982	0.00725	0.00876	0.00867	0.01043	0.00669	0.00639	0.01300	0.05090	0.03902	0.34993	0.19471	0.23692	0.01605	0.00812	0.00233	0.00361	0.01401	0.00696	0.00642
48	0.00817	0.00693	0.00704	0.00702	0.00929	0.00581	0.00526	0.00998	0.01579	0.01894	0.10205	0.06509	0.68109	0.01716	0.00808	0.00230	0.00345	0.01433	0.00641	0.00581
49	0.01527	0.01547	0.02091	0.01795	0.01805	0.04131	0.01492	0.01678	0.01073	0.01647	0.00903	0.01489	0.00898	0.01183	0.02199	0.00296	0.72601	0.00594	0.00301	0.00750
50	0.01693	0.01626	0.02777	0.04199	0.71689	0.01626	0.02100	0.02100	0.01558	0.02235	0.01287	0.01693	0.01084	0.00610	0.00677	0.00203	0.00813	0.00610	0.00339	0.01084
51	0.00818	0.00693	0.00706	0.00703	0.00930	0.00582	0.00527	0.01000	0.01582	0.01901	0.10752	0.06497	0.67556	0.01713	0.00808	0.00230	0.00345	0.01432	0.00642	0.00582
52	0.01419	0.01216	0.01419	0.01013	0.01621	0.00912	0.00811	0.01723	0.01419	0.02229	0.01216	0.01419	0.01013	0.00507	0.00507	0.00101	0.00507	0.00405	0.00405	0.80139
53	0.02887	0.01205	0.01582	0.01241	0.01751	0.01098	0.01016	0.03374	0.11087	0.62927	0.02710	0.02358	0.01746	0.00858	0.00689	0.00214	0.00577	0.00699	0.00827	0.01153
54	0.01089	0.00826	0.01018	0.00948	0.01146	0.00819	0.00717	0.01675	0.13170	0.02763	0.60090	0.04691	0.05739	0.01322	0.00789	0.00218	0.00359	0.01161	0.00744	0.00717
55	0.00832	0.00602	0.00787	0.00935	0.00988	0.00557	0.00627	0.00955	0.01327	0.01753	0.03986	0.70822	0.09074	0.02115	0.00869	0.00275	0.00393	0.01911	0.00635	0.00557
56	0.02601	0.01916	0.02053	0.01574	0.02122	0.02122	0.01300	0.69408	0.03217	0.04312	0.01643	0.01643	0.01163	0.00821	0.00684	0.00205	0.00753	0.00616	0.00684	0.01163
57	0.00850	0.00615	0.00808	0.00957	0.01017	0.00573	0.00659	0.00986	0.01344	0.01774	0.03967	0.66401	0.08850	0.02099	0.00874	0.00277	0.00409	0.06343	0.00635	0.00562
58	0.01812	0.01424	0.01555	0.01320	0.01703	0.01577	0.01046	0.24335	0.31831	0.03302	0.19293	0.02888	0.02864	0.01009	0.00720	0.00219	0.00556	0.00837	0.00706	0.01001
59	0.13100	0.01769	0.01855	0.01453	0.01972	0.01959	0.01196	0.52614	0.07426	0.07396	0.01679	0.01666	0.01195	0.00805	0.00650	0.00208	0.00700	0.00597	0.00658	0.01101
60	0.00843	0.00621	0.00791	0.00904	0.00985	0.00568	0.00619	0.00991	0.01411	0.01862	0.11020	0.57969	0.14896	0.02006	0.00857	0.00264	0.00382	0.01798	0.00647	0.00568
61	0.01102	0.00787	0.01102	0.01260	0.01417	0.00787	0.01102	0.01417	0.01575	0.02047	0.03622	0.07717	0.03937	0.01890	0.00945	0.00315	0.00630	0.67084	0.00630	0.00630
62	0.00957	0.00837	0.01203	0.01055	0.01309	0.00745	0.09717	0.01213	0.01628	0.02096	0.21188	0.13666	0.38706	0.01547	0.00816	0.00233	0.00454	0.01368	0.00625	0.00637
63	0.02122	0.01549	0.01659	0.01342	0.01772	0.01708	0.01085	0.42600	0.14172	0.03673	0.06645	0.02179	0.01774	0.00874	0.00661	0.00203	0.00617	0.00688	0.13650	0.01029
64	0.01613	0.01544	0.02632	0.18229	0.58287	0.01604	0.02060	0.02029	0.01520	0.02138	0.01273	0.01719	0.01049	0.00624	0.00679	0.00208	0.00833	0.00609	0.00332	0.01019
65	0.01615	0.01845	0.04037	0.02884	0.03576	0.01730	0.69204	0.02191	0.01615	0.02191	0.01384	0.01845	0.01038	0.00577	0.00807	0.00231	0.01153	0.00807	0.00346	0.00923
66	0.23473	0.01787	0.01911	0.16483	0.18266	0.15911	0.01467	0.04033	0.01500	0.02273	0.01118	0.01453	0.00904	0.00698	0.00708	0.00212	0.06083	0.00509	0.00365	0.00846
67	0.00834	0.00595	0.00794	0.00953	0.00992	0.00556	0.00635	0.00953	0.01310	0.01746	0.03771	0.75510	0.04525	0.02143	0.00873	0.00278	0.00397	0.01945	0.00635	0.00556
68	0.01586	0.01560	0.01459	0.01164	0.01658	0.15402	0.00904	0.01848	0.01517	0.02069	0.01474	0.08331	0.01376	0.00728	0.00572	0.00137	0.00645	0.02071	0.00421	0.55077
69	0.01570	0.01660	0.07459	0.08272	0.38485	0.01556	0.10832	0.02197	0.09747	0.02236	0.01680	0.04955	0.01444	0.00774	0.00716	0.00221	0.00822	0.03982	0.00402	0.00991
70	0.01138	0.00719	0.00996	0.00978	0.01079	0.00723	0.00696	0.01174	0.04476	0.01525	0.01788	0.13217	0.01825	0.02663	0.16298	0.41396	0.00803	0.00818	0.00391	0.07300
71	0.01470	0.03233	0.61627	0.01959	0.02900	0.01581	0.06980	0.02283	0.04743	0.04903	0.01369	0.01559	0.00968	0.00666	0.00664	0.00218	0.00982	0.00546	0.00334	0.01014
72	0.01509	0.00815	0.01053	0.00925	0.01188	0.00731	0.00718	0.01802	0.01881	0.20511	0.44099	0.04409	0.11209	0.01259	0.00760	0.00213	0.00392	0.01086	0.04667	0.00772
73	0.01178	0.00787	0.00924	0.00904	0.01127	0.00729	0.00696	0.01522	0.06310	0.08873	0.15977	0.13652	0.29622	0.01538	0.00788	0.00236	0.00412	0.08008	0.06030	0.00686
74	0.02331	0.01675	0.01810	0.01417	0.01903	0.01825	0.01159	0.52726	0.06220	0.05761	0.05069	0.01948	0.01525	0.00843	0.00666	0.00200	0.00669	0.00651	0.08100	0.03504
75	0.02556	0.03261	0.01939	0.01763	0.02115	0.73210	0.01322	0.02732	0.01939	0.01674	0.01058	0.01234	0.00881	0.00705	0.00617	0.00176	0.01234	0.00441	0.00353	0.00793
76	0.00849	0.00607	0.00808	0.00942	0.00996	0.00566	0.00636	0.00991	0.01382	0.01861	0.11514	0.67441	0.04746	0.02058	0.00866	0.00271	0.00388	0.01864	0.00649	0.00566
77	0.01044	0.00705	0.00838	0.00872	0.00949	0.00688	0.00570	0.01208	0.04488	0.04336	0.03186	0.27324	0.09160	0.37121	0.02096	0.00454	0.00540	0.03339	0.00541	0.00541
78	0.02364	0.00990	0.01339	0.01123	0.01506	0.00867	0.00886	0.02593	0.01787	0.49806	0.06353	0.20698	0.04180	0.01214	0.00742	0.00229	0.00519	0.01043	0.00785	0.00975
79	0.00995	0.00663	0.00746	0.00746	0.00746	0.00663	0.00415	0.00995	0.00995	0.01327	0.02156	0.04477	0.02487	0.75957	0.03482	0.00663	0.00663	0.00995	0.00415	0.00415
80	0.02852	0.01513	0.01804	0.01383	0.01921	0.01524	0.01142	0.34011	0.02542	0.40660	0.02209	0.02010	0.01447	0.00835	0.00686	0.00209	0.00661	0.00655	0.00771	0.01164
81	0.01796	0.01038	0.01264	0.01133	0.01427	0.01014	0.00865	0.16397	0.01913	0.20642	0.03307	0.34440	0.08907	0.01484	0.00778	0.00241	0.00518	0.01286	0.00701	0.00848
82	0.02601	0.01916	0.02053	0.01574	0.02122	0.02122	0.01300	0.69408	0.03217	0.04312	0.01643	0.01643	0.01163	0.00821	0.00684	0.00205	0.00753	0.00616	0.00684	0.01163
83	0.01702	0.01470	0.01547	0.01392	0.01779	0.01702	0.01083	0.03635	0.70453	0.02862	0.02785	0.02553	0.02088	0.00928	0.00696	0.00232	0.00541	0.00773	0.00696	0.01083
84	0.01419	0.01216	0.01419	0.01013	0.01621	0.00912	0.00811	0.01723	0.01419	0.02229	0.01216	0.01419	0.01013	0.00507	0.00507	0.00101	0.00507	0.00405	0.00405	0.80139
85	0.00853	0.00655	0.00781	0.00839	0.00969	0.00593	0.00592	0.01018	0.01457	0.01878	0.12747	0.34224	0.30503	0.05139	0.04230	0.00306	0.00445	0.01573	0.00628	0.00571
86	0.71526	0.01304	0.01075	0.00938	0.01374	0.01472	0.00772	0.02169	0.01259	0.11305	0.01161	0.01256	0.00854	0.00660	0.00455	0.00212	0.00536	0.00408	0.00474	0.00791
87	0.00958	0.00714	0.01058	0.01080	0.01191	0.00815	0.00826	0.01185	0.01128	0.01610	0.02094	0.12501	0.02090	0.04728	0.63492	0.00989	0.01639	0.00896	0.00403	0.00603
88	0.00845	0.00656	0.00762	0.00815	0.00957	0.00581	0.00576	0.01012	0.01497	0.01910	0.14020	0.32294	0.35475	0.04242	0.00919	0.00261	0.00373	0.01591	0.00644	0.00573
89	0.00978	0.00677	0.00848	0.00856	0.00979	0.00626	0.00604	0.01189	0.01599	0.03847	0.34955	0.23262	0.11581	0.11645	0.01174	0.00292	0.00396	0.01381	0.02515	0.00597
90	0.00913	0.00653	0.00821	0.00861	0.00949	0.00611	0.00587	0.01085	0.01489	0.02028	0.27999	0.31315	0.09231	0.16678	0.01369	0.00330	0.00420	0.01466	0.00633	0.00561
91	0.02259	0.01717	0.01996	0.01840	0.11260	0.01860	0.01335	0.51251	0.02790	0.03753	0.05070	0.02302	0.04481	0.00908	0.00707	0.00212	0.00718	0.03825	0.00637	0.01079
92	0.01046	0.00712	0.00885	0.00959	0.01095	0.00678	0.00703	0.01325	0.05153	0.05054	0.06886	0.41710	0.13735	0.01797	0.00822	0.00258	0.00424	0.09418	0.06707	0.00633
93	0.00932	0.00666	0.00790	0.00848	0.00919	0.00635	0.00570	0.01031	0.01247	0.01613	0.03625	0.23135	0.16046	0.34899	0.02031	0.00445	0.00533	0.08994	0.00536	0.00506
94	0.02199	0.02525	0.01889	0.08112	0.05518	0.46358	0.01345	0.09498	0.01895	0.01976	0.01248	0.01544	0.01034	0.01301	0.10312	0.00308	0.01214	0.00521	0.00385	0.00819
95	0.01174	0.00703	0.00911	0.00958	0.01083	0.00650	0.00677	0.01320	0.01412	0.11139	0.06223	0.44530	0.08435	0.11845	0.01198	0.00318	0.00466	0.05695	0.00638	0.00627
96	0.05984	0.01509	0.06737	0.08627	0.19236	0.05202	0.01367	0.11430	0.01731	0.02400	0.08075	0.12152	0.05386	0.06107	0.00894	0.00249	0.00704	0.00878	0.00482	0.00848

[dist]
# distance from previous block
# <min> <max>
0	1

[block]
# block no. 5 follows, 31 sequences, length 33
# corresponding to MSA columns:
# 350-382
name=unknown_F
#
# <colnr> <probs for GDERKNQSTAVLIFYWHMCP>
#	G	D	E	R	K	N	Q	S	T	A	V	L	I	F	Y	W	H	M	C	P
0	0.02070	0.01623	0.01774	0.01663	0.09399	0.07100	0.01164	0.37506	0.02293	0.03017	0.01570	0.02087	0.01328	0.11871	0.01359	0.11336	0.00761	0.00654	0.00528	0.00898
1	0.22365	0.28706	0.13539	0.01317	0.01923	0.01961	0.03786	0.06735	0.02869	0.06681	0.01212	0.01337	0.00945	0.00644	0.00522	0.00186	0.00720	0.00452	0.00401	0.03701
2	0.01560	0.01231	0.01423	0.06090	0.01795	0.01246	0.00979	0.05240	0.27891	0.06829	0.02645	0.10487	0.07255	0.00988	0.00673	0.00200	0.00538	0.00835	0.00592	0.21502
3	0.01096	0.00829	0.01056	0.01156	0.01333	0.00836	0.00954	0.01559	0.09878	0.02075	0.03975	0.17149	0.12617	0.01791	0.00886	0.00288	0.00547	0.40668	0.00639	0.00667
4	0.01788	0.27514	0.32402	0.01592	0.02343	0.02076	0.01770	0.15882	0.04350	0.02443	0.01277	0.01410	0.00976	0.00674	0.00588	0.00191	0.00847	0.00491	0.00386	0.01000
5	0.01310	0.05889	0.01433	0.01534	0.14183	0.00940	0.00926	0.01221	0.01093	0.01480	0.03593	0.02067	0.01346	0.01999	0.04785	0.54080	0.00682	0.00609	0.00323	0.00507
6	0.00894	0.00683	0.00792	0.00844	0.00985	0.00621	0.00617	0.01055	0.01435	0.01810	0.07755	0.20180	0.34040	0.13962	0.01279	0.00323	0.00449	0.11116	0.00603	0.00557
7	0.27064	0.01687	0.01677	0.01331	0.01826	0.01887	0.01097	0.45983	0.02513	0.03863	0.01446	0.01507	0.01051	0.00762	0.00596	0.00206	0.00668	0.00540	0.03283	0.01013
8	0.53429	0.15342	0.01654	0.09871	0.01845	0.01774	0.00983	0.04562	0.01310	0.02684	0.01011	0.01215	0.00803	0.00639	0.00468	0.00201	0.00622	0.00408	0.00394	0.00785
9	0.17162	0.02843	0.01769	0.01594	0.01967	0.56862	0.01213	0.05381	0.01848	0.02045	0.01062	0.01228	0.00867	0.00697	0.00584	0.00184	0.01082	0.00435	0.00380	0.00799
10	0.00833	0.00621	0.00776	0.00892	0.00978	0.00564	0.00610	0.00972	0.01389	0.01807	0.07079	0.57554	0.19385	0.02024	0.00856	0.00265	0.00383	0.01807	0.00640	0.00564
11	0.00866	0.00619	0.00831	0.00990	0.01044	0.00584	0.00692	0.01009	0.01342	0.01783	0.03753	0.67296	0.04454	0.02113	0.00882	0.00282	0.00425	0.09837	0.00634	0.00565
12	0.00859	0.00615	0.00816	0.00935	0.00998	0.00572	0.00637	0.01016	0.01427	0.01933	0.16382	0.62368	0.04885	0.02004	0.00861	0.00266	0.00383	0.01813	0.00657	0.00572
13	0.01168	0.00777	0.01029	0.01116	0.01303	0.00739	0.00934	0.01431	0.01572	0.07358	0.04191	0.14543	0.16541	0.01808	0.00892	0.00287	0.00547	0.42462	0.00648	0.00653
14	0.02601	0.01916	0.02053	0.01574	0.02122	0.02122	0.01300	0.69408	0.03217	0.04312	0.01643	0.01643	0.01163	0.00821	0.00684	0.00205	0.00753	0.00616	0.00684	0.01163
15	0.80789	0.01323	0.01006	0.00900	0.01323	0.01535	0.00741	0.02011	0.01164	0.03070	0.00953	0.01111	0.00741	0.00635	0.00423	0.00212	0.00529	0.00370	0.00423	0.00741
16	0.66193	0.01434	0.01201	0.01026	0.01472	0.01644	0.00845	0.14592	0.01547	0.03301	0.01081	0.01211	0.00820	0.00670	0.00472	0.00211	0.00571	0.00416	0.00472	0.00820
17	0.02601	0.01916	0.02053	0.01574	0.02122	0.02122	0.01300	0.69408	0.03217	0.04312	0.01643	0.01643	0.01163	0.00821	0.00684	0.00205	0.00753	0.00616	0.00684	0.01163
18	0.00834	0.00595	0.00794	0.00953	0.00992	0.00556	0.00635	0.00953	0.01310	0.01746	0.03771	0.75510	0.04525	0.02143	0.00873	0.00278	0.00397	0.01945	0.00635	0.00556
19	0.00850	0.00602	0.00789	0.00931	0.00967	0.00567	0.00612	0.00957	0.01278	0.01703	0.03605	0.68238	0.04316	0.09701	0.01140	0.00317	0.00424	0.01848	0.00612	0.00541
20	0.00977	0.00733	0.01100	0.01100	0.01222	0.00855	0.00855	0.01222	0.01100	0.01588	0.01833	0.02688	0.01710	0.05131	0.73245	0.01100	0.01833	0.00733	0.00367	0.00611
21	0.02815	0.01108	0.01506	0.01174	0.01659	0.00962	0.00962	0.03087	0.01956	0.63752	0.11014	0.02666	0.02270	0.00914	0.00702	0.00212	0.00551	0.00755	0.00835	0.01101
22	0.07780	0.01688	0.01868	0.01440	0.01975	0.01801	0.01190	0.48339	0.02766	0.21387	0.01865	0.01782	0.01270	0.00816	0.00668	0.00207	0.00695	0.00618	0.00709	0.01136
23	0.01066	0.00752	0.00868	0.00872	0.00959	0.00765	0.00573	0.01388	0.09629	0.01870	0.12121	0.17462	0.03320	0.37707	0.02085	0.00443	0.00528	0.01155	0.05870	0.00569
24	0.01816	0.01333	0.01518	0.01341	0.01677	0.01488	0.01048	0.12075	0.35267	0.11169	0.02673	0.15948	0.02287	0.01148	0.00831	0.00239	0.05534	0.00948	0.00675	0.00983
25	0.03002	0.01273	0.01655	0.01269	0.01800	0.01166	0.01048	0.12846	0.02139	0.62394	0.02547	0.02230	0.01617	0.00843	0.00687	0.00211	0.00607	0.00678	0.00823	0.01164
26	0.00912	0.00628	0.00771	0.00852	0.00873	0.00608	0.00528	0.00973	0.01157	0.01542	0.02985	0.40958	0.03534	0.38048	0.02142	0.00465	0.00526	0.01483	0.00528	0.00487
27	0.01415	0.01258	0.01541	0.01327	0.01627	0.06632	0.09122	0.09953	0.10466	0.02511	0.20535	0.17211	0.10958	0.01295	0.00776	0.00229	0.00589	0.01148	0.00622	0.00783
28	0.32231	0.09816	0.07292	0.01221	0.01730	0.01693	0.01091	0.09957	0.14305	0.12109	0.01620	0.01622	0.01187	0.00733	0.00557	0.00208	0.00624	0.00524	0.00534	0.00944
29	0.25389	0.09453	0.01756	0.01356	0.04635	0.17956	0.01046	0.08871	0.01645	0.02497	0.01120	0.01286	0.00907	0.00634	0.00525	0.00170	0.00740	0.00429	0.00412	0.19171
30	0.21943	0.23150	0.03915	0.01297	0.01752	0.02035	0.01151	0.15037	0.04240	0.07304	0.01269	0.01406	0.01000	0.00760	0.00764	0.00205	0.10921	0.00487	0.00454	0.00910
