[name]
unknown

[dist]
# distance from previous block
# <min> <max>
0	58

[block]
# block no. 0 follows, 33 sequences, length 15
# corresponding to MSA columns:
# 78-92
name=unknown_A
#
# <colnr> <probs for GDERKNQSTAVLIFYWHMCP>
#	G	D	E	R	K	N	Q	S	T	A	V	L	I	F	Y	W	H	M	C	P
0	0.08089	0.03462	0.01524	0.08082	0.07094	0.01282	0.01127	0.10697	0.11051	0.04652	0.02305	0.06264	0.04330	0.01060	0.00687	0.00221	0.00610	0.17550	0.00530	0.09383
1	0.01871	0.01482	0.01902	0.01893	0.14101	0.04165	0.05010	0.17132	0.16181	0.09854	0.07832	0.02486	0.01909	0.00900	0.00789	0.00217	0.05602	0.05143	0.00568	0.00963
2	0.07392	0.05729	0.04649	0.01361	0.01821	0.08617	0.06621	0.18161	0.04516	0.02547	0.01798	0.07210	0.05338	0.00825	0.00656	0.00184	0.02888	0.00661	0.02349	0.16676
3	0.05961	0.01474	0.07560	0.01377	0.03387	0.03579	0.04378	0.16454	0.10405	0.05395	0.02357	0.08103	0.06370	0.04267	0.00797	0.00233	0.00644	0.08875	0.02359	0.06026
4	0.03759	0.11850	0.13174	0.06906	0.07266	0.06604	0.03049	0.18824	0.04408	0.04470	0.03323	0.05377	0.01416	0.00964	0.03469	0.00233	0.00808	0.02736	0.00455	0.00908
5	0.09109	0.03676	0.01820	0.04031	0.05303	0.05945	0.01171	0.37223	0.08429	0.03234	0.01478	0.01553	0.01106	0.00713	0.00602	0.00183	0.00687	0.00539	0.00541	0.12655
6	0.01120	0.00915	0.01209	0.01206	0.04578	0.03577	0.03464	0.03946	0.01202	0.01630	0.02019	0.06527	0.04441	0.24964	0.33314	0.00705	0.03357	0.00838	0.00395	0.00593
7	0.01049	0.00835	0.00941	0.00939	0.01117	0.00856	0.00682	0.01626	0.19183	0.01983	0.08114	0.20794	0.20996	0.12240	0.03567	0.00320	0.00488	0.03014	0.00595	0.00659
8	0.02011	0.28941	0.12763	0.01511	0.04144	0.17809	0.01373	0.10527	0.06113	0.07103	0.01295	0.01385	0.01011	0.00664	0.00557	0.00175	0.00832	0.00470	0.00402	0.00916
9	0.01755	0.03250	0.04835	0.08681	0.01983	0.01374	0.03207	0.19127	0.12449	0.11260	0.07320	0.09173	0.04353	0.02816	0.00765	0.00229	0.00630	0.05304	0.00596	0.00893
10	0.00872	0.00650	0.00786	0.00789	0.00924	0.00591	0.00563	0.01076	0.01562	0.02095	0.35475	0.17595	0.22591	0.10174	0.01082	0.00271	0.00366	0.01333	0.00639	0.00564
11	0.01534	0.01502	0.02455	0.15386	0.34980	0.03344	0.11096	0.02051	0.07195	0.02068	0.01405	0.01898	0.01162	0.00685	0.00742	0.00208	0.04361	0.02855	0.00360	0.04711
12	0.07316	0.11656	0.19353	0.05284	0.12481	0.03549	0.08571	0.09057	0.12105	0.02366	0.01412	0.01588	0.01080	0.00663	0.00614	0.00200	0.00801	0.00556	0.00399	0.00949
13	0.01836	0.01703	0.02378	0.08854	0.29298	0.06935	0.09195	0.17801	0.07133	0.02569	0.01410	0.01662	0.01097	0.00661	0.00657	0.00196	0.00809	0.00600	0.00430	0.04776
14	0.00813	0.00578	0.00761	0.00902	0.00938	0.00542	0.00596	0.00920	0.01238	0.01651	0.03515	0.71186	0.04211	0.07505	0.01023	0.00294	0.00401	0.01805	0.00596	0.00525

[dist]
# distance from previous block
# <min> <max>
0	1

[block]
# block no. 1 follows, 33 sequences, length 11
# corresponding to MSA columns:
# 94-104
name=unknown_B
#
# <colnr> <probs for GDERKNQSTAVLIFYWHMCP>
#	G	D	E	R	K	N	Q	S	T	A	V	L	I	F	Y	W	H	M	C	P
0	0.02211	0.01823	0.05986	0.01852	0.07956	0.01866	0.08186	0.45006	0.05088	0.07072	0.01563	0.01653	0.01132	0.00765	0.00746	0.00206	0.04648	0.00613	0.00568	0.01059
1	0.01676	0.01485	0.01380	0.02869	0.01533	0.15334	0.00918	0.19656	0.01842	0.02348	0.08166	0.06361	0.02013	0.16842	0.08338	0.00365	0.00823	0.00756	0.02411	0.04881
2	0.00863	0.00633	0.00806	0.00926	0.00995	0.00609	0.00634	0.01075	0.05009	0.01733	0.03660	0.62162	0.07890	0.05903	0.00962	0.00283	0.00409	0.04286	0.00603	0.00558
3	0.01834	0.01934	0.02393	0.10004	0.22467	0.20882	0.12966	0.04180	0.01618	0.04145	0.01221	0.01536	0.00975	0.00635	0.00691	0.00190	0.03299	0.00559	0.00356	0.08113
4	0.01832	0.01369	0.01502	0.01293	0.01707	0.01497	0.01018	0.05702	0.53730	0.12659	0.02508	0.02308	0.01842	0.00846	0.00654	0.00210	0.00531	0.00699	0.00668	0.07427
5	0.01413	0.01239	0.02075	0.17184	0.33831	0.01286	0.06758	0.01768	0.01413	0.02040	0.01598	0.02108	0.03264	0.00780	0.00739	0.04378	0.00715	0.02300	0.14282	0.00830
6	0.00954	0.00642	0.00736	0.00730	0.00748	0.00636	0.00424	0.00989	0.01059	0.01429	0.09965	0.04376	0.02822	0.68392	0.03062	0.00590	0.00601	0.00984	0.00435	0.00424
7	0.01004	0.00797	0.01140	0.01112	0.01192	0.00956	0.00854	0.01191	0.01060	0.01527	0.01839	0.09744	0.01864	0.11150	0.49323	0.00824	0.12642	0.00824	0.00373	0.00584
8	0.00931	0.00629	0.00734	0.00756	0.00771	0.00620	0.00445	0.00966	0.01054	0.01414	0.05997	0.16163	0.02914	0.60664	0.02805	0.00555	0.00579	0.01119	0.00451	0.00433
9	0.01605	0.01854	0.08718	0.18750	0.33293	0.10068	0.12214	0.02038	0.01501	0.01974	0.01207	0.01606	0.00960	0.00611	0.00663	0.00203	0.00916	0.00587	0.00317	0.00914
10	0.01814	0.01580	0.07976	0.13897	0.18340	0.01472	0.09438	0.07463	0.08025	0.14729	0.01615	0.01807	0.01183	0.00692	0.00703	0.00205	0.02863	0.00618	0.00462	0.05118

[dist]
# distance from previous block
# <min> <max>
0	2

[block]
# block no. 2 follows, 33 sequences, length 72
# corresponding to MSA columns:
# 107-178
name=unknown_C
#
# <colnr> <probs for GDERKNQSTAVLIFYWHMCP>
#	G	D	E	R	K	N	Q	S	T	A	V	L	I	F	Y	W	H	M	C	P
0	0.49387	0.12555	0.01587	0.01206	0.04114	0.18040	0.00946	0.02100	0.01333	0.02421	0.00951	0.01115	0.00774	0.00619	0.00460	0.00187	0.00700	0.00379	0.00371	0.00755
1	0.01379	0.02986	0.56847	0.02085	0.07124	0.01565	0.09785	0.02113	0.03668	0.02097	0.01240	0.01483	0.00904	0.00641	0.00695	0.00212	0.03378	0.00536	0.00300	0.00962
2	0.00793	0.00668	0.00688	0.00683	0.00899	0.00562	0.00512	0.00975	0.01537	0.01864	0.13234	0.06194	0.65871	0.01635	0.00778	0.00221	0.00331	0.01370	0.00623	0.00562
3	0.04408	0.24431	0.33841	0.01909	0.10686	0.04162	0.05503	0.04326	0.01458	0.02022	0.01118	0.01330	0.00876	0.00606	0.00570	0.00186	0.00862	0.00472	0.00307	0.00928
4	0.00831	0.00663	0.00745	0.00737	0.00925	0.00577	0.00548	0.01043	0.01608	0.02063	0.28667	0.10152	0.45950	0.01583	0.00781	0.00220	0.00329	0.01352	0.00650	0.00577
5	0.00819	0.00617	0.00762	0.00870	0.00973	0.00561	0.00619	0.00965	0.01354	0.01735	0.04506	0.49650	0.24254	0.01925	0.00828	0.00257	0.00388	0.07757	0.00611	0.00547
6	0.04338	0.10907	0.16347	0.01630	0.04279	0.06612	0.09377	0.05818	0.05214	0.02068	0.03581	0.01770	0.01259	0.01448	0.13770	0.00349	0.05488	0.00580	0.00371	0.04794
7	0.02124	0.04561	0.01963	0.01662	0.06234	0.10265	0.01275	0.33777	0.10074	0.05249	0.01573	0.03686	0.01240	0.00860	0.00879	0.00211	0.12238	0.00616	0.00536	0.00977
8	0.01365	0.01170	0.01365	0.00975	0.01560	0.00878	0.00780	0.01658	0.01365	0.02145	0.01170	0.01365	0.00975	0.00488	0.00488	0.00098	0.00488	0.00390	0.00390	0.80888
9	0.02025	0.06920	0.04393	0.01354	0.01790	0.10749	0.01127	0.24695	0.14757	0.09189	0.10212	0.02131	0.01885	0.00964	0.02940	0.00222	0.00717	0.00655	0.00587	0.02686
10	0.04310	0.14929	0.22787	0.01771	0.04896	0.10644	0.11814	0.07272	0.01614	0.04934	0.03551	0.01567	0.01124	0.00669	0.00641	0.00192	0.02552	0.00543	0.03294	0.00894
11	0.00957	0.00638	0.00718	0.00718	0.00718	0.00638	0.00399	0.00957	0.00957	0.01276	0.02074	0.04308	0.02393	0.76864	0.03351	0.00638	0.00638	0.00957	0.00399	0.00399
12	0.00974	0.00755	0.01122	0.01103	0.01213	0.00903	0.00864	0.01203	0.01055	0.01532	0.01703	0.02510	0.01594	0.04684	0.69431	0.01006	0.06708	0.00697	0.00348	0.00597
13	0.01849	0.24496	0.19399	0.01643	0.04445	0.14383	0.05724	0.09787	0.04037	0.04333	0.01293	0.03447	0.01050	0.00684	0.00583	0.00183	0.00861	0.00522	0.00376	0.00907
14	0.01580	0.01314	0.01435	0.01295	0.01609	0.01510	0.01005	0.09344	0.49288	0.02665	0.02594	0.12642	0.02181	0.01056	0.00766	0.00228	0.04535	0.00874	0.03129	0.00948
15	0.00809	0.00582	0.00769	0.00917	0.00965	0.00542	0.00621	0.00931	0.01277	0.01693	0.03736	0.71737	0.06844	0.02040	0.00840	0.00267	0.00387	0.03893	0.00611	0.00538
16	0.01537	0.01456	0.02466	0.06541	0.63366	0.01464	0.01881	0.01904	0.01470	0.02088	0.01459	0.08633	0.01346	0.00727	0.00670	0.00203	0.00748	0.00707	0.00351	0.00983
17	0.01745	0.15154	0.06850	0.04475	0.07042	0.05610	0.18234	0.15580	0.05700	0.02325	0.01419	0.01819	0.01168	0.07270	0.02568	0.00252	0.00869	0.00622	0.00408	0.00889
18	0.01668	0.01648	0.02601	0.06118	0.66298	0.06012	0.01969	0.02047	0.01516	0.02103	0.01223	0.01606	0.01026	0.00594	0.00648	0.00195	0.00810	0.00577	0.00326	0.01016
19	0.00778	0.00667	0.00667	0.00667	0.00889	0.00556	0.00500	0.00945	0.01501	0.01778	0.06669	0.06336	0.72490	0.01667	0.00778	0.00222	0.00333	0.01389	0.00611	0.00556
20	0.01751	0.01200	0.01359	0.01182	0.01497	0.01263	0.00916	0.28403	0.08213	0.09507	0.02766	0.26070	0.06698	0.03028	0.00783	0.00233	0.00545	0.01080	0.02644	0.00862
21	0.04413	0.01651	0.01890	0.01834	0.11780	0.12028	0.05841	0.14779	0.11946	0.11061	0.01896	0.10454	0.01603	0.00910	0.00752	0.00212	0.04740	0.00751	0.00531	0.00929
22	0.02881	0.01237	0.01600	0.01227	0.01739	0.01141	0.01013	0.14088	0.02080	0.62058	0.02433	0.02134	0.01547	0.00811	0.00661	0.00203	0.00587	0.00651	0.00790	0.01120
23	0.01615	0.02236	0.20514	0.05681	0.27953	0.10272	0.15568	0.02099	0.01503	0.02024	0.01201	0.01544	0.00946	0.00623	0.00714	0.00205	0.03472	0.00579	0.00314	0.00938
24	0.01650	0.23065	0.20721	0.16360	0.09890	0.14088	0.01715	0.02059	0.01452	0.01784	0.01084	0.01360	0.00869	0.00620	0.00573	0.00184	0.00897	0.00469	0.00297	0.00862
25	0.01258	0.01186	0.02002	0.72489	0.07208	0.01467	0.01836	0.01695	0.01324	0.01700	0.01173	0.01750	0.00884	0.00655	0.00658	0.00218	0.00874	0.00585	0.00294	0.00744
26	0.00832	0.00669	0.00742	0.00723	0.00922	0.00579	0.00543	0.01049	0.01628	0.02080	0.29702	0.05839	0.49268	0.01555	0.00777	0.00217	0.00325	0.01320	0.00651	0.00579
27	0.00957	0.00638	0.00718	0.00718	0.00718	0.00638	0.00399	0.00957	0.00957	0.01276	0.02074	0.04308	0.02393	0.76864	0.03351	0.00638	0.00638	0.00957	0.00399	0.00399
28	0.00833	0.00626	0.00757	0.00848	0.00951	0.00572	0.00599	0.00971	0.01333	0.01702	0.04433	0.41292	0.25613	0.08698	0.01055	0.00290	0.00411	0.07889	0.00591	0.00536
29	0.02849	0.01177	0.01549	0.01200	0.01702	0.01066	0.00987	0.06831	0.06218	0.65200	0.02548	0.02219	0.01626	0.00818	0.00662	0.00205	0.00567	0.00663	0.00798	0.01116
30	0.02471	0.01828	0.01958	0.01508	0.02030	0.02027	0.01244	0.68114	0.05595	0.04098	0.01621	0.01613	0.01152	0.00794	0.00659	0.00199	0.00717	0.00598	0.00659	0.01117
31	0.00802	0.00573	0.00764	0.00917	0.00955	0.00535	0.00611	0.00917	0.01260	0.01681	0.03628	0.76434	0.04354	0.02062	0.00840	0.00267	0.00382	0.01872	0.00611	0.00535
32	0.00940	0.00705	0.01058	0.01058	0.01176	0.00823	0.00823	0.01176	0.01058	0.01528	0.01763	0.02586	0.01646	0.04937	0.74255	0.01058	0.01763	0.00705	0.00353	0.00588
33	0.00799	0.00605	0.00738	0.00837	0.00936	0.00544	0.00577	0.00937	0.01356	0.01746	0.07092	0.52308	0.25315	0.01915	0.00819	0.00251	0.00364	0.01699	0.00615	0.00544
34	0.81514	0.01273	0.00968	0.00866	0.01273	0.01477	0.00713	0.01935	0.01120	0.02954	0.00917	0.01069	0.00713	0.00611	0.00407	0.00204	0.00509	0.00356	0.00407	0.00713
35	0.01643	0.01540	0.02471	0.05770	0.59105	0.01584	0.01861	0.04113	0.11020	0.02274	0.01441	0.01744	0.01171	0.00636	0.00655	0.00200	0.00748	0.00608	0.00381	0.01035
36	0.07456	0.01760	0.01753	0.01446	0.01870	0.08019	0.01165	0.35504	0.23622	0.03270	0.01780	0.01771	0.01325	0.00822	0.00732	0.00209	0.05278	0.00608	0.00595	0.01014
37	0.01367	0.03082	0.59639	0.02055	0.02967	0.01556	0.15921	0.02090	0.01422	0.02090	0.01211	0.01467	0.00867	0.00611	0.00656	0.00211	0.01000	0.00544	0.00289	0.00956
38	0.01744	0.20169	0.14651	0.01584	0.02108	0.12855	0.07204	0.04592	0.20117	0.02099	0.01497	0.01604	0.01175	0.00719	0.00686	0.00196	0.05133	0.00546	0.00409	0.00912
39	0.01394	0.15697	0.61802	0.01752	0.02656	0.01708	0.02215	0.02066	0.01381	0.01996	0.01137	0.01334	0.00836	0.00615	0.00592	0.00197	0.00928	0.00464	0.00279	0.00952
40	0.00813	0.00587	0.00763	0.00890	0.00945	0.00544	0.00598	0.00938	0.01300	0.01729	0.07732	0.65702	0.08573	0.04396	0.00913	0.00273	0.00383	0.01773	0.00611	0.00537
41	0.00850	0.00673	0.00768	0.00769	0.00958	0.00592	0.00586	0.01071	0.01609	0.02064	0.27226	0.08333	0.43791	0.01590	0.00790	0.00225	0.00349	0.06530	0.00647	0.00580
42	0.01952	0.24965	0.16013	0.01857	0.12863	0.09907	0.03189	0.08434	0.01666	0.11336	0.01316	0.01440	0.01004	0.00644	0.00576	0.00180	0.00813	0.00494	0.00399	0.00952
43	0.01315	0.00744	0.00757	0.00725	0.00916	0.00776	0.00552	0.03937	0.09491	0.02542	0.02191	0.02427	0.01706	0.00782	0.00491	0.00163	0.00345	0.00628	0.68834	0.00679
44	0.00803	0.00645	0.00717	0.00748	0.00917	0.00559	0.00542	0.00975	0.01486	0.01861	0.14055	0.23385	0.47548	0.01725	0.00793	0.00231	0.00343	0.01483	0.00625	0.00559
45	0.06431	0.15282	0.03811	0.06765	0.02129	0.09199	0.01265	0.39959	0.02362	0.04701	0.01356	0.01445	0.01010	0.00717	0.00596	0.00187	0.00768	0.00519	0.00515	0.00983
46	0.01664	0.28055	0.10428	0.08663	0.13022	0.04797	0.08945	0.04712	0.09848	0.02012	0.01300	0.01512	0.01042	0.00633	0.00584	0.00185	0.00802	0.00528	0.00357	0.00913
47	0.02911	0.01188	0.01570	0.01204	0.01715	0.01069	0.00994	0.09545	0.01998	0.66716	0.02502	0.02179	0.01582	0.00813	0.00662	0.00203	0.00576	0.00656	0.00800	0.01120
48	0.00839	0.00599	0.00806	0.00959	0.01013	0.00566	0.00675	0.00980	0.01297	0.01722	0.03608	0.66613	0.04274	0.02028	0.00850	0.00272	0.00414	0.11329	0.00610	0.00545
49	0.01716	0.09378	0.13322	0.11125	0.21501	0.07794	0.01678	0.12491	0.05732	0.02306	0.01443	0.01909	0.01190	0.00731	0.00639	0.00201	0.00815	0.04694	0.00399	0.00936
50	0.01829	0.01604	0.04746	0.11940	0.36035	0.05223	0.01694	0.09877	0.01677	0.10394	0.01413	0.01705	0.01095	0.00836	0.03408	0.00235	0.04315	0.00588	0.00414	0.00973
51	0.02310	0.02861	0.01989	0.02046	0.12554	0.61586	0.01388	0.02512	0.01789	0.01691	0.01047	0.01259	0.00877	0.00677	0.00642	0.00176	0.03004	0.00452	0.00336	0.00804
52	0.04054	0.05086	0.03457	0.01458	0.10753	0.01212	0.01051	0.09180	0.01577	0.04709	0.01250	0.01427	0.01003	0.00554	0.00530	0.00132	0.00576	0.00445	0.00417	0.51127
53	0.01967	0.18449	0.02463	0.06414	0.17732	0.32090	0.03664	0.02221	0.01580	0.01735	0.01054	0.01323	0.00898	0.00656	0.00670	0.00181	0.05269	0.00474	0.00318	0.00842
54	0.00802	0.00573	0.00764	0.00917	0.00955	0.00535	0.00611	0.00917	0.01260	0.01681	0.03628	0.76434	0.04354	0.02062	0.00840	0.00267	0.00382	0.01872	0.00611	0.00535
55	0.01552	0.01485	0.02533	0.18282	0.59119	0.01544	0.01982	0.01953	0.01462	0.02057	0.01225	0.01655	0.01010	0.00601	0.00653	0.00200	0.00801	0.00586	0.00319	0.00981
56	0.00988	0.00686	0.00880	0.00829	0.00999	0.00625	0.00622	0.01277	0.01811	0.05126	0.61519	0.07244	0.12150	0.01379	0.00774	0.00210	0.00324	0.01211	0.00714	0.00631
57	0.01306	0.01016	0.01345	0.01220	0.01398	0.01203	0.00970	0.14643	0.01443	0.02034	0.01625	0.02304	0.01470	0.05987	0.48671	0.00781	0.10804	0.00675	0.00405	0.00701
58	0.00929	0.00634	0.00739	0.00754	0.00781	0.00620	0.00453	0.00980	0.01105	0.01482	0.09461	0.14014	0.05247	0.57002	0.02679	0.00533	0.00562	0.01116	0.00466	0.00444
59	0.00818	0.00584	0.00782	0.00935	0.00980	0.00548	0.00638	0.00944	0.01276	0.01698	0.03620	0.72269	0.04320	0.02048	0.00844	0.00270	0.00395	0.05883	0.00611	0.00539
60	0.00844	0.00633	0.00770	0.00810	0.00933	0.00573	0.00572	0.01026	0.01495	0.01980	0.25462	0.31361	0.23574	0.05737	0.00938	0.00256	0.00360	0.01481	0.00635	0.00560
61	0.01760	0.77260	0.03450	0.01126	0.01690	0.02605	0.01126	0.01971	0.01338	0.01549	0.00915	0.01056	0.00845	0.00563	0.00422	0.00141	0.00704	0.00352	0.00282	0.00845
62	0.81514	0.01273	0.00968	0.00866	0.01273	0.01477	0.00713	0.01935	0.01120	0.02954	0.00917	0.01069	0.00713	0.00611	0.00407	0.00204	0.00509	0.00356	0.00407	0.00713
63	0.00802	0.00573	0.00764	0.00917	0.00955	0.00535	0.00611	0.00917	0.01260	0.01681	0.03628	0.76434	0.04354	0.02062	0.00840	0.00267	0.00382	0.01872	0.00611	0.00535
64	0.01243	0.01170	0.01975	0.75282	0.04534	0.01463	0.01828	0.01682	0.01316	0.01682	0.01170	0.01755	0.00878	0.00658	0.00658	0.00219	0.00878	0.00585	0.00293	0.00731
65	0.72445	0.01339	0.01083	0.00940	0.01361	0.01542	0.00775	0.09812	0.01347	0.03091	0.00993	0.01128	0.00760	0.00632	0.00436	0.00203	0.00534	0.00384	0.00436	0.00760
66	0.01681	0.01404	0.01490	0.01334	0.01711	0.01615	0.01040	0.03489	0.69260	0.05088	0.02677	0.02449	0.01997	0.00891	0.00670	0.00223	0.00522	0.00742	0.00675	0.01045
67	0.01243	0.01170	0.01975	0.75282	0.04534	0.01463	0.01828	0.01682	0.01316	0.01682	0.01170	0.01755	0.00878	0.00658	0.00658	0.00219	0.00878	0.00585	0.00293	0.00731
68	0.01320	0.03405	0.73453	0.01876	0.02849	0.01529	0.02432	0.02085	0.01390	0.02085	0.01181	0.01390	0.00834	0.00625	0.00625	0.00208	0.00973	0.00486	0.00278	0.00973
69	0.02021	0.01262	0.01519	0.01378	0.05410	0.01318	0.01021	0.15907	0.20696	0.22538	0.02401	0.10289	0.01943	0.05746	0.03223	0.00268	0.00618	0.00817	0.00657	0.00970
70	0.01424	0.01275	0.01392	0.01014	0.01586	0.04803	0.00806	0.01710	0.01392	0.02117	0.01162	0.01356	0.00968	0.00498	0.00493	0.00101	0.00525	0.00392	0.00387	0.76600
71	0.04080	0.06709	0.01985	0.04151	0.10596	0.16340	0.01291	0.23488	0.01961	0.04476	0.01401	0.04548	0.01198	0.04884	0.00954	0.00226	0.09762	0.00606	0.00455	0.00888

[dist]
# distance from previous block
# <min> <max>
0	2

[block]
# block no. 3 follows, 33 sequences, length 14
# corresponding to MSA columns:
# 181-194
name=unknown_D
#
# <colnr> <probs for GDERKNQSTAVLIFYWHMCP>
#	G	D	E	R	K	N	Q	S	T	A	V	L	I	F	Y	W	H	M	C	P
0	0.01509	0.00885	0.00914	0.00812	0.01048	0.00929	0.00635	0.16767	0.01759	0.02828	0.02022	0.02262	0.01562	0.00772	0.00504	0.00163	0.00399	0.00609	0.62895	0.00725
1	0.02503	0.01844	0.01976	0.01515	0.02042	0.02042	0.01251	0.70562	0.03095	0.04149	0.01581	0.01581	0.01120	0.00790	0.00659	0.00198	0.00724	0.00593	0.00659	0.01120
2	0.02504	0.01055	0.01392	0.01106	0.01549	0.00936	0.00899	0.02845	0.05643	0.56541	0.10102	0.02848	0.07656	0.00940	0.00683	0.00207	0.00515	0.00778	0.00782	0.01021
3	0.02105	0.01639	0.01871	0.01509	0.01972	0.01812	0.04778	0.43367	0.21501	0.03493	0.02015	0.02285	0.01564	0.00886	0.00687	0.00214	0.00680	0.05934	0.00641	0.01046
4	0.00820	0.00586	0.00785	0.00938	0.00984	0.00551	0.00643	0.00948	0.01278	0.01701	0.03618	0.71540	0.04314	0.02045	0.00845	0.00270	0.00398	0.06585	0.00611	0.00540
5	0.00813	0.00594	0.00765	0.00879	0.00950	0.00546	0.00599	0.00953	0.01350	0.01791	0.11058	0.60933	0.12461	0.01943	0.00826	0.00256	0.00369	0.01745	0.00623	0.00546
6	0.02607	0.01527	0.01761	0.01367	0.01874	0.01590	0.01124	0.38843	0.08237	0.30921	0.02066	0.01909	0.01391	0.00808	0.00661	0.00202	0.00644	0.00632	0.00720	0.01114
7	0.03966	0.01798	0.08120	0.10216	0.15315	0.05946	0.19338	0.08894	0.12790	0.02364	0.01488	0.01738	0.01135	0.00661	0.00671	0.00206	0.00852	0.00631	0.00412	0.03458
8	0.00802	0.00573	0.00764	0.00917	0.00955	0.00535	0.00611	0.00917	0.01260	0.01681	0.03628	0.76434	0.04354	0.02062	0.00840	0.00267	0.00382	0.01872	0.00611	0.00535
9	0.01136	0.08458	0.06624	0.00993	0.01268	0.00965	0.00840	0.01552	0.08111	0.04864	0.26939	0.19239	0.13797	0.01350	0.00730	0.00217	0.00447	0.01166	0.00606	0.00700
10	0.01835	0.08303	0.08888	0.07950	0.32507	0.04066	0.01700	0.07488	0.01609	0.11258	0.01364	0.01611	0.01055	0.00687	0.00751	0.00201	0.06788	0.00561	0.00401	0.00977
11	0.01659	0.20302	0.17077	0.02631	0.31155	0.07517	0.06676	0.02076	0.01471	0.01947	0.01138	0.01419	0.00935	0.00594	0.00596	0.00185	0.00857	0.00511	0.00307	0.00948
12	0.01141	0.00979	0.01356	0.01243	0.01287	0.01249	0.00967	0.01286	0.01015	0.01492	0.01482	0.02534	0.01512	0.20093	0.29520	0.00658	0.30539	0.00713	0.00338	0.00596
13	0.48332	0.08576	0.07535	0.01472	0.05536	0.03647	0.12410	0.02003	0.01273	0.02538	0.01025	0.01242	0.00803	0.00599	0.00505	0.00200	0.00696	0.00449	0.00367	0.00793

[dist]
# distance from previous block
# <min> <max>
0	1

[block]
# block no. 4 follows, 33 sequences, length 14
# corresponding to MSA columns:
# 196-209
name=unknown_E
#
# <colnr> <probs for GDERKNQSTAVLIFYWHMCP>
#	G	D	E	R	K	N	Q	S	T	A	V	L	I	F	Y	W	H	M	C	P
0	0.04019	0.44541	0.18089	0.01423	0.02052	0.08505	0.04793	0.04235	0.01471	0.03974	0.01073	0.01226	0.00879	0.00602	0.00512	0.00167	0.00814	0.00425	0.00320	0.00880
1	0.01243	0.01170	0.01975	0.75282	0.04534	0.01463	0.01828	0.01682	0.01316	0.01682	0.01170	0.01755	0.00878	0.00658	0.00658	0.00219	0.00878	0.00585	0.00293	0.00731
2	0.00908	0.00672	0.00847	0.00803	0.00969	0.00611	0.00602	0.01196	0.01807	0.02505	0.62108	0.05140	0.16598	0.01396	0.00777	0.00209	0.00314	0.01222	0.00707	0.00611
3	0.01695	0.50543	0.07946	0.01261	0.01771	0.06647	0.04464	0.05104	0.01418	0.01705	0.01139	0.01559	0.01061	0.10257	0.00847	0.00217	0.00765	0.00474	0.00320	0.00807
4	0.00975	0.00663	0.00739	0.00742	0.00897	0.00622	0.00538	0.01245	0.03604	0.02132	0.18931	0.13264	0.23410	0.06693	0.00877	0.00235	0.00354	0.01144	0.22347	0.00587
5	0.01403	0.01256	0.01975	0.65931	0.04218	0.01536	0.01755	0.10413	0.01542	0.01995	0.01222	0.01733	0.00908	0.00675	0.00658	0.00217	0.00858	0.00586	0.00339	0.00781
6	0.00820	0.00583	0.00766	0.00898	0.00939	0.00546	0.00596	0.00936	0.01269	0.01699	0.06926	0.67734	0.04306	0.07374	0.01017	0.00291	0.00397	0.01772	0.00602	0.00529
7	0.00940	0.00705	0.01058	0.01058	0.01176	0.00823	0.00823	0.01176	0.01058	0.01528	0.01763	0.02586	0.01646	0.04937	0.74255	0.01058	0.01763	0.00705	0.00353	0.00588
8	0.01304	0.01183	0.01941	0.38693	0.23726	0.01328	0.01638	0.01662	0.01341	0.01792	0.01502	0.02525	0.01366	0.10396	0.01019	0.00273	0.00796	0.06403	0.00342	0.00770
9	0.01742	0.01633	0.01536	0.01385	0.01753	0.10838	0.01071	0.03388	0.62733	0.02609	0.02469	0.02295	0.01862	0.00866	0.00660	0.00216	0.00605	0.00704	0.00628	0.01007
10	0.01365	0.01170	0.01365	0.00975	0.01560	0.00878	0.00780	0.01658	0.01365	0.02145	0.01170	0.01365	0.00975	0.00488	0.00488	0.00098	0.00488	0.00390	0.00390	0.80888
11	0.02258	0.01720	0.16689	0.01569	0.07368	0.01289	0.01374	0.14482	0.01961	0.34756	0.08021	0.02131	0.01723	0.00799	0.00663	0.00203	0.00671	0.00653	0.00630	0.01041
12	0.00930	0.00649	0.00821	0.00842	0.00906	0.00670	0.00569	0.01048	0.01108	0.01531	0.04561	0.14737	0.06493	0.34905	0.23149	0.00646	0.00884	0.01038	0.04014	0.00499
13	0.01490	0.01456	0.01452	0.06109	0.01703	0.13931	0.01045	0.04308	0.17102	0.02224	0.19995	0.02997	0.09367	0.01067	0.00929	0.00219	0.12478	0.00822	0.00535	0.00772

[dist]
# distance from previous block
# <min> <max>
4	7

[block]
# block no. 5 follows, 33 sequences, length 23
# corresponding to MSA columns:
# 217-239
name=unknown_F
#
# <colnr> <probs for GDERKNQSTAVLIFYWHMCP>
#	G	D	E	R	K	N	Q	S	T	A	V	L	I	F	Y	W	H	M	C	P
0	0.00814	0.00590	0.00769	0.00889	0.00953	0.00545	0.00604	0.00953	0.01342	0.01789	0.11108	0.63769	0.09527	0.01958	0.00829	0.00258	0.00371	0.01764	0.00623	0.00545
1	0.00903	0.00672	0.00753	0.00750	0.00936	0.00585	0.00548	0.01082	0.01518	0.04695	0.17192	0.14997	0.45615	0.05655	0.00919	0.00247	0.00361	0.01367	0.00627	0.00578
2	0.01365	0.01170	0.01365	0.00975	0.01560	0.00878	0.00780	0.01658	0.01365	0.02145	0.01170	0.01365	0.00975	0.00488	0.00488	0.00098	0.00488	0.00390	0.00390	0.80888
3	0.01615	0.01489	0.02419	0.22481	0.47789	0.01585	0.01893	0.08782	0.01611	0.02227	0.01255	0.01657	0.01007	0.00626	0.00654	0.00202	0.00801	0.00587	0.00350	0.00969
4	0.01243	0.01170	0.01975	0.75282	0.04534	0.01463	0.01828	0.01682	0.01316	0.01682	0.01170	0.01755	0.00878	0.00658	0.00658	0.00219	0.00878	0.00585	0.00293	0.00731
5	0.00932	0.00646	0.00730	0.00727	0.00767	0.00633	0.00436	0.00975	0.01071	0.01409	0.05730	0.04541	0.11619	0.61459	0.05235	0.00579	0.00621	0.01015	0.00439	0.00435
6	0.02351	0.07250	0.01907	0.01622	0.01969	0.67159	0.01232	0.02523	0.01821	0.01614	0.01241	0.01389	0.03757	0.00712	0.00591	0.00170	0.01125	0.00459	0.00347	0.00759
7	0.01320	0.03405	0.73453	0.01876	0.02849	0.01529	0.02432	0.02085	0.01390	0.02085	0.01181	0.01390	0.00834	0.00625	0.00625	0.00208	0.00973	0.00486	0.00278	0.00973
8	0.71944	0.01226	0.00980	0.00871	0.01272	0.01390	0.00714	0.01945	0.01188	0.06873	0.01376	0.01469	0.05303	0.00689	0.00445	0.00205	0.00501	0.00439	0.00443	0.00726
9	0.00803	0.00612	0.00725	0.00811	0.00915	0.00549	0.00556	0.00930	0.01331	0.01692	0.04665	0.45704	0.29667	0.06644	0.00976	0.00274	0.00380	0.01634	0.00598	0.00534
10	0.81514	0.01273	0.00968	0.00866	0.01273	0.01477	0.00713	0.01935	0.01120	0.02954	0.00917	0.01069	0.00713	0.00611	0.00407	0.00204	0.00509	0.00356	0.00407	0.00713
11	0.00802	0.00573	0.00764	0.00917	0.00955	0.00535	0.00611	0.00917	0.01260	0.01681	0.03628	0.76434	0.04354	0.02062	0.00840	0.00267	0.00382	0.01872	0.00611	0.00535
12	0.01554	0.01776	0.03885	0.02775	0.03441	0.01665	0.70366	0.02109	0.01554	0.02109	0.01332	0.01776	0.00999	0.00555	0.00777	0.00222	0.01110	0.00777	0.00333	0.00888
13	0.01440	0.01440	0.02016	0.01728	0.01728	0.02016	0.01440	0.01584	0.01008	0.01584	0.00864	0.01440	0.00864	0.01152	0.02160	0.00288	0.75659	0.00576	0.00288	0.00720
14	0.01061	0.00758	0.01061	0.01212	0.01364	0.00758	0.01061	0.01364	0.01515	0.01970	0.03486	0.07426	0.03789	0.01819	0.00909	0.00303	0.00606	0.68326	0.00606	0.00606
15	0.01629	0.01564	0.02672	0.04041	0.72757	0.01564	0.02020	0.02020	0.01499	0.02151	0.01238	0.01629	0.01043	0.00587	0.00652	0.00196	0.00782	0.00587	0.00326	0.01043
16	0.00796	0.00664	0.00672	0.00672	0.00872	0.00564	0.00490	0.00946	0.01447	0.01729	0.06216	0.06136	0.65572	0.09089	0.01032	0.00263	0.00364	0.01347	0.00590	0.00540
17	0.00940	0.00705	0.01058	0.01058	0.01176	0.00823	0.00823	0.01176	0.01058	0.01528	0.01763	0.02586	0.01646	0.04937	0.74255	0.01058	0.01763	0.00705	0.00353	0.00588
18	0.81514	0.01273	0.00968	0.00866	0.01273	0.01477	0.00713	0.01935	0.01120	0.02954	0.00917	0.01069	0.00713	0.00611	0.00407	0.00204	0.00509	0.00356	0.00407	0.00713
19	0.00939	0.00646	0.00738	0.00730	0.00771	0.00629	0.00440	0.00998	0.01136	0.01518	0.12775	0.04566	0.08793	0.59521	0.02759	0.00540	0.00565	0.01028	0.00464	0.00445
20	0.01760	0.77260	0.03450	0.01126	0.01690	0.02605	0.01126	0.01971	0.01338	0.01549	0.00915	0.01056	0.00845	0.00563	0.00422	0.00141	0.00704	0.00352	0.00282	0.00845
21	0.02015	0.35533	0.08840	0.01509	0.02016	0.33430	0.04325	0.02271	0.01580	0.01647	0.01001	0.01173	0.00852	0.00618	0.00529	0.00163	0.00954	0.00413	0.00308	0.00823
22	0.01438	0.14450	0.59839	0.01748	0.02640	0.01713	0.02185	0.05020	0.01456	0.02093	0.01159	0.01348	0.00848	0.00623	0.00596	0.00198	0.00922	0.00471	0.00295	0.00960

[dist]
# distance from previous block
# <min> <max>
0	1

[block]
# block no. 6 follows, 33 sequences, length 26
# corresponding to MSA columns:
# 241-266
name=unknown_G
#
# <colnr> <probs for GDERKNQSTAVLIFYWHMCP>
#	G	D	E	R	K	N	Q	S	T	A	V	L	I	F	Y	W	H	M	C	P
0	0.00903	0.00662	0.00846	0.00821	0.00971	0.00606	0.00608	0.01178	0.01765	0.02453	0.58605	0.12346	0.12879	0.01452	0.00783	0.00215	0.00320	0.01280	0.00701	0.00606
1	0.00811	0.00662	0.00722	0.00753	0.00943	0.00573	0.00568	0.00988	0.01483	0.01813	0.08377	0.15748	0.55014	0.01722	0.00798	0.00235	0.00363	0.07253	0.00615	0.00560
2	0.00815	0.00582	0.00779	0.00932	0.00976	0.00546	0.00634	0.00939	0.01273	0.01695	0.03621	0.72945	0.04326	0.02050	0.00844	0.00269	0.00393	0.05231	0.00611	0.00538
3	0.02438	0.01812	0.01939	0.01502	0.02017	0.02011	0.01236	0.65534	0.08229	0.04044	0.01663	0.01646	0.01186	0.00798	0.00659	0.00199	0.00709	0.00604	0.00659	0.01114
4	0.81514	0.01273	0.00968	0.00866	0.01273	0.01477	0.00713	0.01935	0.01120	0.02954	0.00917	0.01069	0.00713	0.00611	0.00407	0.00204	0.00509	0.00356	0.00407	0.00713
5	0.02954	0.01120	0.01528	0.01171	0.01681	0.00968	0.00968	0.03208	0.01884	0.73213	0.02597	0.02241	0.01630	0.00815	0.00662	0.00204	0.00560	0.00662	0.00815	0.01120
6	0.02459	0.03138	0.01866	0.01696	0.02035	0.74221	0.01272	0.02629	0.01866	0.01611	0.01018	0.01187	0.00848	0.00678	0.00594	0.00170	0.01187	0.00424	0.00339	0.00763
7	0.00802	0.00573	0.00764	0.00917	0.00955	0.00535	0.00611	0.00917	0.01260	0.01681	0.03628	0.76434	0.04354	0.02062	0.00840	0.00267	0.00382	0.01872	0.00611	0.00535
8	0.02503	0.01844	0.01976	0.01515	0.02042	0.02042	0.01251	0.70562	0.03095	0.04149	0.01581	0.01581	0.01120	0.00790	0.00659	0.00198	0.00724	0.00593	0.00659	0.01120
9	0.02220	0.11559	0.02052	0.01592	0.04054	0.34155	0.01231	0.20374	0.07910	0.02372	0.01325	0.01491	0.01067	0.02912	0.00719	0.00195	0.02927	0.00511	0.00444	0.00887
10	0.01760	0.77260	0.03450	0.01126	0.01690	0.02605	0.01126	0.01971	0.01338	0.01549	0.00915	0.01056	0.00845	0.00563	0.00422	0.00141	0.00704	0.00352	0.00282	0.00845
11	0.00940	0.00705	0.01058	0.01058	0.01176	0.00823	0.00823	0.01176	0.01058	0.01528	0.01763	0.02586	0.01646	0.04937	0.74255	0.01058	0.01763	0.00705	0.00353	0.00588
12	0.00957	0.00638	0.00718	0.00718	0.00718	0.00638	0.00399	0.00957	0.00957	0.01276	0.02074	0.04308	0.02393	0.76864	0.03351	0.00638	0.00638	0.00957	0.00399	0.00399
13	0.01772	0.01488	0.01621	0.01495	0.05131	0.01697	0.01121	0.13887	0.57568	0.02943	0.02440	0.02280	0.01825	0.00863	0.00667	0.00218	0.00565	0.00713	0.00652	0.01054
14	0.02403	0.09125	0.01994	0.01650	0.02007	0.68436	0.01260	0.02576	0.01823	0.01606	0.01009	0.01177	0.00848	0.00669	0.00580	0.00167	0.01148	0.00418	0.00335	0.00770
15	0.01243	0.01170	0.01975	0.75282	0.04534	0.01463	0.01828	0.01682	0.01316	0.01682	0.01170	0.01755	0.00878	0.00658	0.00658	0.00219	0.00878	0.00585	0.00293	0.00731
16	0.01554	0.01776	0.03885	0.02775	0.03441	0.01665	0.70366	0.02109	0.01554	0.02109	0.01332	0.01776	0.00999	0.00555	0.00777	0.00222	0.01110	0.00777	0.00333	0.00888
17	0.01760	0.77260	0.03450	0.01126	0.01690	0.02605	0.01126	0.01971	0.01338	0.01549	0.00915	0.01056	0.00845	0.00563	0.00422	0.00141	0.00704	0.00352	0.00282	0.00845
18	0.01243	0.01170	0.01975	0.75282	0.04534	0.01463	0.01828	0.01682	0.01316	0.01682	0.01170	0.01755	0.00878	0.00658	0.00658	0.00219	0.00878	0.00585	0.00293	0.00731
19	0.00940	0.00705	0.01058	0.01058	0.01176	0.00823	0.00823	0.01176	0.01058	0.01528	0.01763	0.02586	0.01646	0.04937	0.74255	0.01058	0.01763	0.00705	0.00353	0.00588
20	0.00956	0.00693	0.01030	0.01030	0.01134	0.00797	0.00787	0.01143	0.01039	0.01489	0.01729	0.02610	0.01638	0.07569	0.66091	0.07024	0.01630	0.00705	0.00349	0.00558
21	0.00868	0.00608	0.00791	0.00876	0.00959	0.00579	0.00612	0.01044	0.01374	0.01906	0.15846	0.49066	0.07459	0.02031	0.06301	0.00305	0.00465	0.01542	0.06810	0.00561
22	0.00957	0.00638	0.00718	0.00718	0.00718	0.00638	0.00399	0.00957	0.00957	0.01276	0.02074	0.04308	0.02393	0.76864	0.03351	0.00638	0.00638	0.00957	0.00399	0.00399
23	0.01607	0.01633	0.02718	0.11860	0.45545	0.05554	0.13482	0.02006	0.01481	0.02030	0.01215	0.01635	0.00996	0.00624	0.00749	0.00206	0.04778	0.00609	0.00322	0.00948
24	0.02366	0.02065	0.01939	0.03936	0.05649	0.18606	0.01286	0.46918	0.02617	0.03328	0.01440	0.01528	0.01065	0.00749	0.00636	0.00190	0.00825	0.00554	0.03300	0.01004
25	0.05446	0.01362	0.02011	0.14687	0.27186	0.01420	0.03412	0.07301	0.08476	0.09947	0.01629	0.04112	0.01283	0.00715	0.00638	0.00199	0.00695	0.00634	0.03181	0.05664

[dist]
# distance from previous block
# <min> <max>
0	1

[block]
# block no. 7 follows, 33 sequences, length 24
# corresponding to MSA columns:
# 268-291
name=unknown_H
#
# <colnr> <probs for GDERKNQSTAVLIFYWHMCP>
#	G	D	E	R	K	N	Q	S	T	A	V	L	I	F	Y	W	H	M	C	P
0	0.06664	0.01606	0.09599	0.02988	0.03627	0.07553	0.03537	0.08393	0.01577	0.13083	0.01619	0.05906	0.01364	0.07127	0.03473	0.00255	0.04868	0.00634	0.00465	0.15662
1	0.00913	0.00620	0.00731	0.00775	0.00786	0.00609	0.00460	0.00946	0.01044	0.01392	0.02520	0.24992	0.02956	0.55413	0.02631	0.00532	0.00565	0.01220	0.00460	0.00438
2	0.02524	0.01627	0.01711	0.01372	0.01847	0.08936	0.01109	0.26511	0.14115	0.30049	0.02098	0.01941	0.01438	0.00806	0.00655	0.00201	0.00674	0.00628	0.00688	0.01070
3	0.02037	0.34144	0.10849	0.01464	0.01985	0.30257	0.01344	0.07468	0.01683	0.01833	0.01037	0.01186	0.00866	0.00632	0.00530	0.00164	0.00924	0.00414	0.00332	0.00849
4	0.00940	0.00705	0.01058	0.01058	0.01176	0.00823	0.00823	0.01176	0.01058	0.01528	0.01763	0.02586	0.01646	0.04937	0.74255	0.01058	0.01763	0.00705	0.00353	0.00588
5	0.00990	0.00782	0.01219	0.01153	0.01289	0.00899	0.04323	0.01227	0.01077	0.01548	0.01724	0.02580	0.01618	0.07698	0.64962	0.00971	0.04274	0.00715	0.00351	0.00599
6	0.00955	0.00646	0.00757	0.00757	0.00771	0.00659	0.00448	0.00982	0.00969	0.01305	0.02039	0.04110	0.02308	0.68609	0.11489	0.00686	0.00767	0.00928	0.00394	0.00421
7	0.01688	0.12957	0.02802	0.05995	0.39355	0.01701	0.12297	0.05516	0.01571	0.04621	0.01364	0.01841	0.01143	0.00653	0.00649	0.00197	0.00806	0.03516	0.00365	0.00964
8	0.00827	0.00601	0.00783	0.00902	0.00974	0.00557	0.00627	0.00976	0.01355	0.01800	0.10682	0.59407	0.10494	0.01944	0.00832	0.00259	0.00383	0.05425	0.00622	0.00549
9	0.01426	0.01424	0.02096	0.01774	0.01833	0.01914	0.06515	0.01610	0.01079	0.01647	0.01058	0.01829	0.01052	0.01149	0.01982	0.00284	0.65576	0.04715	0.00311	0.00726
10	0.01544	0.01915	0.10106	0.12369	0.06982	0.05619	0.47440	0.02074	0.01521	0.02024	0.01274	0.01696	0.00961	0.00584	0.00730	0.00216	0.01053	0.00694	0.00322	0.00876
11	0.00909	0.00681	0.00857	0.00971	0.01052	0.00676	0.00666	0.01247	0.10264	0.01818	0.03507	0.66961	0.04054	0.01913	0.00818	0.00262	0.00400	0.01727	0.00619	0.00600
12	0.00821	0.00669	0.00727	0.00712	0.00916	0.00574	0.00534	0.01029	0.01603	0.02021	0.25201	0.05936	0.53807	0.01577	0.00778	0.00218	0.00327	0.01333	0.00643	0.00574
13	0.10984	0.01783	0.01867	0.01445	0.01959	0.01981	0.01193	0.63195	0.02883	0.04021	0.01509	0.01526	0.01076	0.00771	0.00632	0.00198	0.00701	0.00567	0.00632	0.01076
14	0.11584	0.01743	0.01974	0.04519	0.16922	0.06540	0.01357	0.37774	0.02323	0.06852	0.01431	0.01545	0.01055	0.00716	0.00623	0.00197	0.00739	0.00556	0.00533	0.01019
15	0.00893	0.00641	0.00812	0.00900	0.00982	0.00609	0.00645	0.01042	0.01322	0.01740	0.08981	0.34592	0.11517	0.17312	0.01359	0.00341	0.00468	0.14738	0.00575	0.00530
16	0.02503	0.01844	0.01976	0.01515	0.02042	0.02042	0.01251	0.70562	0.03095	0.04149	0.01581	0.01581	0.01120	0.00790	0.00659	0.00198	0.00724	0.00593	0.00659	0.01120
17	0.00942	0.00700	0.01029	0.01029	0.01136	0.00807	0.00787	0.01157	0.01049	0.01507	0.01790	0.02734	0.01710	0.11112	0.68168	0.01022	0.01667	0.00727	0.00357	0.00572
18	0.01535	0.01565	0.02952	0.16298	0.37492	0.01580	0.24785	0.01990	0.01485	0.02053	0.01257	0.01701	0.00999	0.00589	0.00695	0.00209	0.00908	0.00650	0.00322	0.00936
19	0.01121	0.00710	0.00892	0.00847	0.01042	0.00635	0.00634	0.01362	0.01691	0.10821	0.38489	0.15903	0.20416	0.01465	0.00773	0.00219	0.00357	0.01276	0.00692	0.00653
20	0.01456	0.01737	0.17586	0.11616	0.18424	0.01383	0.08760	0.01927	0.02839	0.06898	0.04697	0.03996	0.04409	0.00983	0.03814	0.00253	0.05436	0.02516	0.00394	0.00876
21	0.04496	0.00971	0.01383	0.03073	0.10789	0.01025	0.01036	0.03430	0.01318	0.08748	0.01875	0.04861	0.01727	0.05955	0.32541	0.00596	0.03456	0.06525	0.00435	0.05759
22	0.02170	0.01639	0.01698	0.05049	0.01931	0.08956	0.01109	0.36091	0.02350	0.11583	0.05087	0.02036	0.04213	0.03294	0.00732	0.00201	0.00696	0.00632	0.00589	0.09945
23	0.01901	0.06986	0.08876	0.05652	0.14439	0.21154	0.01460	0.10731	0.10545	0.03956	0.01674	0.01959	0.03547	0.00772	0.00637	0.00197	0.00842	0.03325	0.00437	0.00910

[dist]
# distance from previous block
# <min> <max>
0	6

[block]
# block no. 8 follows, 33 sequences, length 17
# corresponding to MSA columns:
# 298-314
name=unknown_I
#
# <colnr> <probs for GDERKNQSTAVLIFYWHMCP>
#	G	D	E	R	K	N	Q	S	T	A	V	L	I	F	Y	W	H	M	C	P
0	0.06001	0.01891	0.08536	0.02099	0.05454	0.08647	0.29852	0.07697	0.12412	0.05478	0.01626	0.01966	0.01254	0.00706	0.00696	0.00214	0.00897	0.03212	0.00441	0.00921
1	0.12109	0.01639	0.02088	0.07089	0.36666	0.09626	0.01557	0.07367	0.05536	0.02318	0.01382	0.05192	0.01185	0.00724	0.00664	0.00203	0.02727	0.00610	0.00394	0.00923
2	0.00964	0.00689	0.00867	0.00844	0.00930	0.00702	0.00572	0.01085	0.01110	0.01539	0.08659	0.03757	0.04646	0.41640	0.24665	0.00687	0.00936	0.00888	0.00421	0.04399
3	0.04399	0.05049	0.06148	0.04895	0.24357	0.19982	0.05972	0.07851	0.01666	0.02111	0.01321	0.03318	0.01148	0.00750	0.00730	0.00202	0.05170	0.03673	0.00372	0.00886
4	0.00877	0.00655	0.00827	0.00930	0.01034	0.00620	0.00675	0.01110	0.04256	0.01840	0.08296	0.48091	0.15213	0.01873	0.00829	0.00260	0.00407	0.11015	0.00620	0.00574
5	0.01267	0.01039	0.03830	0.01077	0.03027	0.00981	0.00826	0.16654	0.01775	0.02374	0.11010	0.16350	0.20337	0.07222	0.06239	0.00311	0.00587	0.01111	0.03280	0.00706
6	0.01144	0.00572	0.00858	0.00858	0.00858	0.00572	0.00572	0.00858	0.00858	0.01144	0.01144	0.02001	0.01144	0.02287	0.02573	0.80846	0.00572	0.00572	0.00286	0.00286
7	0.01507	0.01426	0.01430	0.01069	0.01622	0.10415	0.00844	0.01784	0.01430	0.02076	0.01150	0.01342	0.00959	0.00512	0.00501	0.00107	0.00579	0.00394	0.00383	0.70469
8	0.05804	0.11174	0.05672	0.04970	0.25403	0.04343	0.05546	0.17975	0.04398	0.06472	0.01381	0.01569	0.01062	0.00661	0.00618	0.00193	0.00770	0.00558	0.00438	0.00991
9	0.02027	0.12642	0.14004	0.01558	0.02123	0.10002	0.03846	0.28967	0.13334	0.02868	0.01526	0.01579	0.01142	0.00727	0.00619	0.00193	0.00795	0.00554	0.00498	0.00997
10	0.02352	0.02913	0.01817	0.01650	0.01993	0.64782	0.01242	0.02742	0.10930	0.01760	0.01234	0.01352	0.00999	0.00706	0.00604	0.00177	0.01101	0.00466	0.00382	0.00799
11	0.01137	0.00895	0.01037	0.01026	0.03284	0.03402	0.00729	0.05180	0.01602	0.04041	0.19668	0.28230	0.14421	0.01437	0.00742	0.00214	0.00436	0.01256	0.00600	0.10663
12	0.04803	0.01214	0.01382	0.01137	0.01567	0.01210	0.00909	0.08826	0.22603	0.23339	0.02735	0.02568	0.09716	0.00882	0.00638	0.00195	0.00517	0.00716	0.03671	0.11371
13	0.01302	0.04038	0.10706	0.01255	0.03819	0.08350	0.02856	0.04307	0.06881	0.02284	0.26519	0.03576	0.16046	0.01084	0.00699	0.00200	0.00576	0.00912	0.00549	0.04040
14	0.01510	0.11899	0.44679	0.01766	0.06183	0.08872	0.01922	0.02067	0.01434	0.01984	0.01134	0.01339	0.00866	0.00603	0.00581	0.00181	0.00889	0.00457	0.00302	0.11332
15	0.01353	0.01143	0.01309	0.00965	0.01500	0.00901	0.00770	0.05457	0.01480	0.02211	0.01908	0.02024	0.10283	0.00658	0.00535	0.00119	0.00481	0.00531	0.00434	0.65937
16	0.01749	0.01203	0.01536	0.11217	0.04376	0.05364	0.03177	0.05149	0.09479	0.19268	0.04980	0.12364	0.03834	0.01125	0.00758	0.00231	0.02240	0.10520	0.00589	0.00843

[dist]
# distance from previous block
# <min> <max>
0	3

[block]
# block no. 9 follows, 33 sequences, length 23
# corresponding to MSA columns:
# 318-340
name=unknown_J
#
# <colnr> <probs for GDERKNQSTAVLIFYWHMCP>
#	G	D	E	R	K	N	Q	S	T	A	V	L	I	F	Y	W	H	M	C	P
0	0.06577	0.24258	0.02189	0.03392	0.01866	0.33920	0.01150	0.06243	0.06531	0.01943	0.01197	0.01340	0.00984	0.00667	0.00536	0.00169	0.00877	0.00446	0.04901	0.00814
1	0.01544	0.01514	0.02511	0.23746	0.48218	0.03821	0.05217	0.01949	0.01462	0.02001	0.01217	0.01658	0.00989	0.00608	0.00658	0.00203	0.00837	0.00590	0.00317	0.00940
2	0.03956	0.01440	0.02002	0.25475	0.08981	0.03750	0.03760	0.11175	0.05748	0.04335	0.03371	0.01757	0.01167	0.00826	0.01025	0.00229	0.19154	0.00609	0.00401	0.00841
3	0.01633	0.01550	0.07351	0.06466	0.32557	0.01433	0.12006	0.02115	0.05491	0.09513	0.01694	0.07183	0.01442	0.00793	0.00749	0.00216	0.03601	0.02843	0.00420	0.00945
4	0.00957	0.00638	0.00718	0.00718	0.00718	0.00638	0.00399	0.00957	0.00957	0.01276	0.02074	0.04308	0.02393	0.76864	0.03351	0.00638	0.00638	0.00957	0.00399	0.00399
5	0.00815	0.00625	0.00756	0.00822	0.00945	0.00566	0.00582	0.00978	0.01409	0.01822	0.12734	0.38979	0.29236	0.01972	0.04326	0.00282	0.00422	0.01560	0.00612	0.00555
6	0.03999	0.01475	0.05735	0.19633	0.22750	0.01469	0.10214	0.03692	0.07729	0.07756	0.01599	0.06237	0.01306	0.00755	0.00713	0.00215	0.02710	0.00695	0.00412	0.00906
7	0.01599	0.11793	0.17448	0.02176	0.11207	0.03860	0.20811	0.06392	0.07657	0.02158	0.01367	0.01647	0.01071	0.00868	0.04518	0.00248	0.03292	0.00604	0.00363	0.00922
8	0.02135	0.01257	0.01417	0.01159	0.01557	0.01316	0.00934	0.22811	0.14706	0.21679	0.02194	0.02139	0.01562	0.00809	0.00610	0.00192	0.00536	0.00644	0.21367	0.00975
9	0.02479	0.01779	0.01923	0.01485	0.02002	0.01958	0.01223	0.62929	0.06931	0.07975	0.01701	0.01668	0.01199	0.00798	0.00659	0.00199	0.00704	0.00605	0.00668	0.01115
10	0.04947	0.03885	0.13616	0.07100	0.18719	0.01413	0.08328	0.07030	0.03654	0.10596	0.01790	0.04517	0.03265	0.00774	0.00653	0.00207	0.00742	0.02871	0.04972	0.00922
11	0.01453	0.01012	0.05340	0.03300	0.03750	0.00837	0.04844	0.01723	0.01584	0.19210	0.15787	0.23527	0.12256	0.01327	0.00751	0.00226	0.00507	0.01176	0.00628	0.00761
12	0.00811	0.00586	0.00752	0.00879	0.00932	0.00544	0.00586	0.00922	0.01261	0.01661	0.03802	0.64855	0.10554	0.07273	0.01011	0.00289	0.00395	0.01763	0.00596	0.00527
13	0.05157	0.12995	0.07403	0.14410	0.04706	0.08078	0.01407	0.19798	0.08733	0.04752	0.01394	0.01565	0.01062	0.00729	0.00691	0.00199	0.05012	0.00540	0.00447	0.00920
