[name]
unknown

[dist]
# distance from previous block
# <min> <max>
0	24

[block]
# block no. 0 follows, 34 sequences, length 6
# corresponding to MSA columns:
# 24-29
name=unknown_A
#
# <colnr> <probs for GDERKNQSTAVLIFYWHMCP>
#	G	D	E	R	K	N	Q	S	T	A	V	L	I	F	Y	W	H	M	C	P
0	0.12163	0.06696	0.05819	0.04219	0.02157	0.01532	0.19253	0.15245	0.05992	0.02539	0.01716	0.04793	0.03348	0.00780	0.00633	0.00203	0.00727	0.03928	0.05096	0.03161
1	0.06517	0.01756	0.08625	0.08006	0.06709	0.08870	0.12414	0.05698	0.08633	0.04307	0.01326	0.01573	0.01032	0.00692	0.00795	0.00198	0.09853	0.00557	0.00390	0.12051
2	0.00842	0.00621	0.00736	0.00772	0.00871	0.00571	0.00524	0.00979	0.01344	0.01765	0.17528	0.26976	0.22295	0.19607	0.01380	0.00325	0.00408	0.01369	0.00572	0.00515
3	0.07319	0.01358	0.06403	0.05222	0.18635	0.01232	0.16056	0.01781	0.04098	0.04363	0.09735	0.05350	0.10996	0.03686	0.00781	0.00224	0.00690	0.00824	0.00441	0.00806
4	0.00818	0.00646	0.00737	0.00738	0.00912	0.00565	0.00545	0.01024	0.01567	0.02023	0.28910	0.14141	0.41929	0.01575	0.00770	0.00218	0.00325	0.01353	0.00638	0.00565
5	0.07041	0.01293	0.01404	0.04700	0.01696	0.01463	0.00990	0.11524	0.42702	0.02823	0.14707	0.02602	0.02449	0.00912	0.00656	0.00212	0.00516	0.00755	0.00631	0.00923

[dist]
# distance from previous block
# <min> <max>
0	1

[block]
# block no. 1 follows, 34 sequences, length 20
# corresponding to MSA columns:
# 31-50
name=unknown_B
#
# <colnr> <probs for GDERKNQSTAVLIFYWHMCP>
#	G	D	E	R	K	N	Q	S	T	A	V	L	I	F	Y	W	H	M	C	P
0	0.01827	0.07478	0.03791	0.03899	0.11453	0.15061	0.01250	0.16775	0.12677	0.03689	0.03819	0.05223	0.01493	0.01159	0.07292	0.00269	0.00842	0.00639	0.00473	0.00889
1	0.09507	0.01460	0.03907	0.01201	0.01550	0.05913	0.00964	0.23779	0.16603	0.02677	0.02062	0.02338	0.06936	0.09030	0.01094	0.08332	0.00632	0.00673	0.00526	0.00819
2	0.00848	0.00642	0.00830	0.00883	0.01004	0.00608	0.00632	0.01014	0.01280	0.01719	0.07836	0.41495	0.15411	0.02388	0.15426	0.00396	0.00637	0.01408	0.00544	0.04998
3	0.01846	0.16654	0.01937	0.01316	0.01743	0.06324	0.01081	0.13178	0.41353	0.04728	0.02023	0.01927	0.01534	0.00782	0.00603	0.00196	0.00618	0.00610	0.00565	0.00981
4	0.01442	0.01160	0.01356	0.00990	0.01547	0.00912	0.00792	0.01822	0.05714	0.06093	0.01317	0.01453	0.01055	0.00521	0.00499	0.00109	0.00484	0.00419	0.00423	0.71893
5	0.01123	0.00989	0.01344	0.01250	0.01331	0.03410	0.00994	0.01314	0.01043	0.01509	0.01444	0.02215	0.01382	0.06657	0.46557	0.00756	0.25084	0.00655	0.00328	0.00615
6	0.01631	0.60144	0.16873	0.01272	0.01879	0.02329	0.01365	0.01940	0.01309	0.01623	0.00946	0.01116	0.00828	0.00589	0.00526	0.00157	0.03969	0.00380	0.00276	0.00848
7	0.00846	0.00635	0.00784	0.00794	0.00935	0.00573	0.00578	0.01069	0.01598	0.02153	0.39645	0.22469	0.22418	0.01569	0.00778	0.00221	0.00327	0.01378	0.00657	0.00573
8	0.02117	0.01284	0.01443	0.01164	0.01563	0.01349	0.00942	0.30230	0.09310	0.19049	0.05270	0.02126	0.01653	0.00811	0.00610	0.00188	0.00544	0.00643	0.18748	0.00957
9	0.05399	0.00784	0.00836	0.00793	0.01016	0.00749	0.00602	0.06392	0.03590	0.02221	0.18816	0.10261	0.37913	0.01398	0.00715	0.00211	0.00368	0.01176	0.06137	0.00624
10	0.00798	0.00580	0.00753	0.00869	0.00934	0.00535	0.00591	0.00934	0.01316	0.01750	0.10636	0.63544	0.10535	0.01921	0.00813	0.00253	0.00364	0.01729	0.00611	0.00535
11	0.01009	0.00699	0.00840	0.00817	0.00999	0.00636	0.00609	0.01272	0.03692	0.06930	0.30436	0.14114	0.27135	0.04737	0.00872	0.00237	0.00366	0.03338	0.00648	0.00614
12	0.00891	0.00595	0.00782	0.00895	0.00961	0.00550	0.00606	0.01013	0.01280	0.04959	0.05429	0.66919	0.06449	0.04251	0.00889	0.00268	0.00387	0.01721	0.00606	0.00550
13	0.00800	0.00647	0.00710	0.00713	0.00900	0.00558	0.00528	0.00990	0.01530	0.01926	0.21118	0.12649	0.51466	0.01603	0.00769	0.00219	0.00327	0.01365	0.00625	0.00558
14	0.01159	0.00849	0.01232	0.01147	0.01303	0.00953	0.03210	0.01463	0.04717	0.07152	0.08760	0.12188	0.02301	0.03108	0.38749	0.00648	0.09073	0.00873	0.00456	0.00658
15	0.00972	0.03954	0.00920	0.00874	0.00979	0.00705	0.00617	0.02652	0.01305	0.03246	0.09047	0.36062	0.09361	0.19188	0.02899	0.00348	0.00489	0.05288	0.00547	0.00546
16	0.01078	0.00912	0.01301	0.01212	0.01280	0.01157	0.00957	0.01259	0.01013	0.01493	0.01484	0.02351	0.01447	0.10774	0.44976	0.00761	0.24939	0.00677	0.00331	0.00599
17	0.01427	0.00743	0.00815	0.00748	0.00956	0.00737	0.00575	0.06683	0.01560	0.09636	0.07802	0.05028	0.02052	0.00847	0.00523	0.00167	0.00359	0.00692	0.57964	0.00686
18	0.01329	0.00994	0.03805	0.01020	0.01240	0.00957	0.00793	0.16630	0.01627	0.04927	0.02620	0.25657	0.06493	0.11847	0.08909	0.00360	0.00645	0.01075	0.08386	0.00686
19	0.17405	0.08105	0.13049	0.04787	0.02217	0.07385	0.17735	0.01979	0.04421	0.02158	0.05215	0.03747	0.01304	0.00715	0.00672	0.00203	0.04430	0.00603	0.03073	0.00796

[dist]
# distance from previous block
# <min> <max>
1	4

[block]
# block no. 2 follows, 34 sequences, length 17
# corresponding to MSA columns:
# 55-71
name=unknown_C
#
# <colnr> <probs for GDERKNQSTAVLIFYWHMCP>
#	G	D	E	R	K	N	Q	S	T	A	V	L	I	F	Y	W	H	M	C	P
0	0.01296	0.01507	0.15645	0.01417	0.07040	0.04083	0.04899	0.01773	0.08030	0.07709	0.05312	0.09634	0.26729	0.01142	0.00703	0.00213	0.00599	0.00976	0.00513	0.00777
1	0.01796	0.14679	0.05350	0.08347	0.09436	0.09608	0.15319	0.08626	0.02788	0.07694	0.03274	0.01614	0.01137	0.00664	0.00679	0.00189	0.03919	0.00570	0.00396	0.03915
2	0.00851	0.00659	0.00759	0.00770	0.00921	0.00599	0.00552	0.01080	0.03675	0.01942	0.23433	0.19165	0.33200	0.08261	0.00994	0.00259	0.00362	0.01345	0.00614	0.00560
3	0.08566	0.11475	0.01841	0.01409	0.08951	0.01493	0.01043	0.16252	0.06536	0.02545	0.01286	0.01419	0.01024	0.00598	0.00527	0.00149	0.00588	0.00460	0.00437	0.33403
4	0.01239	0.00955	0.01259	0.01089	0.01375	0.00898	0.04292	0.01560	0.06380	0.05936	0.04210	0.24040	0.06219	0.01209	0.00839	0.02974	0.06114	0.02327	0.03301	0.23785
5	0.01594	0.15844	0.15641	0.11035	0.15989	0.10870	0.04827	0.01964	0.01402	0.03132	0.01201	0.04402	0.01028	0.00709	0.00736	0.00197	0.07708	0.00555	0.00318	0.00850
6	0.01018	0.00866	0.00873	0.00854	0.01055	0.04854	0.00635	0.01415	0.10050	0.02060	0.19581	0.14119	0.32936	0.01423	0.00731	0.00214	0.00396	0.01211	0.05081	0.00629
7	0.00868	0.00613	0.00709	0.00751	0.00797	0.00585	0.00466	0.00926	0.01110	0.01444	0.03198	0.24864	0.14412	0.43906	0.02188	0.00458	0.00507	0.01260	0.00484	0.00454
8	0.00981	0.00841	0.03478	0.01033	0.01201	0.00772	0.02826	0.01397	0.10726	0.01960	0.12716	0.38395	0.08465	0.04476	0.00880	0.00260	0.00452	0.07916	0.00595	0.00630
9	0.05550	0.06121	0.06581	0.27831	0.18708	0.01503	0.01560	0.05403	0.08369	0.02106	0.05319	0.01864	0.01331	0.00880	0.04030	0.00240	0.00784	0.00597	0.00379	0.00844
10	0.00798	0.00587	0.00749	0.00854	0.00931	0.00537	0.00585	0.00940	0.01338	0.01770	0.11815	0.58384	0.14565	0.01888	0.00809	0.00249	0.00360	0.01692	0.00612	0.00537
11	0.00791	0.00634	0.00707	0.00735	0.00901	0.00550	0.00534	0.00964	0.01471	0.01848	0.15646	0.22388	0.47201	0.01680	0.00778	0.00226	0.00335	0.01445	0.00616	0.00550
12	0.04522	0.09907	0.02068	0.01412	0.01924	0.03314	0.11247	0.22347	0.08082	0.02678	0.01597	0.01709	0.03593	0.00676	0.00587	0.00169	0.00669	0.00564	0.02853	0.20082
13	0.05896	0.01187	0.04242	0.01002	0.01505	0.00926	0.00831	0.04559	0.01434	0.07510	0.01778	0.08513	0.05339	0.00732	0.00547	0.00140	0.00496	0.00600	0.00453	0.52311
14	0.01472	0.01225	0.01346	0.01190	0.01528	0.01349	0.00927	0.06446	0.46689	0.02662	0.15900	0.02753	0.02625	0.01089	0.03703	0.00239	0.00530	0.00779	0.00634	0.06914
15	0.11293	0.01321	0.07134	0.06353	0.01596	0.06951	0.00924	0.05024	0.03305	0.02047	0.02809	0.10566	0.19192	0.06068	0.00805	0.00223	0.00578	0.00852	0.00462	0.12498
16	0.07508	0.04732	0.09375	0.01385	0.05382	0.08256	0.03533	0.06226	0.05449	0.03659	0.04797	0.05446	0.07476	0.00807	0.00651	0.00178	0.03487	0.00642	0.00437	0.20575

[dist]
# distance from previous block
# <min> <max>
2	19

[block]
# block no. 3 follows, 34 sequences, length 18
# corresponding to MSA columns:
# 92-109
name=unknown_D
#
# <colnr> <probs for GDERKNQSTAVLIFYWHMCP>
#	G	D	E	R	K	N	Q	S	T	A	V	L	I	F	Y	W	H	M	C	P
0	0.03626	0.01293	0.06710	0.03727	0.01516	0.07625	0.00955	0.10149	0.01710	0.09448	0.15521	0.18863	0.08755	0.01196	0.00725	0.00212	0.02167	0.01005	0.04058	0.00742
1	0.01598	0.11640	0.10561	0.01610	0.08520	0.01393	0.08385	0.02043	0.06163	0.11063	0.01770	0.04614	0.04941	0.00739	0.00675	0.00179	0.04518	0.00617	0.00430	0.18540
2	0.09037	0.04784	0.14140	0.05406	0.14546	0.08545	0.03356	0.04480	0.07484	0.02167	0.01668	0.01831	0.06443	0.00693	0.00589	0.00182	0.00723	0.00562	0.00389	0.12972
3	0.01215	0.00941	0.01128	0.00890	0.01290	0.00754	0.00697	0.01495	0.01534	0.05339	0.25229	0.02968	0.09294	0.00875	0.00605	0.00147	0.00411	0.00742	0.00529	0.43917
4	0.06513	0.00837	0.01055	0.01148	0.07229	0.00790	0.00766	0.03752	0.01483	0.07482	0.13063	0.31325	0.14662	0.01421	0.00723	0.00220	0.00430	0.01244	0.00583	0.05275
5	0.01074	0.06596	0.01111	0.00925	0.01135	0.00863	0.00688	0.07039	0.01423	0.01886	0.03254	0.37203	0.14672	0.05983	0.03652	0.00271	0.00497	0.01276	0.00533	0.09921
6	0.01440	0.01124	0.01332	0.00966	0.01516	0.00857	0.00773	0.01725	0.01399	0.07545	0.04279	0.01552	0.01222	0.00538	0.00503	0.00108	0.00477	0.00436	0.00428	0.71779
7	0.01358	0.09461	0.01415	0.01091	0.01388	0.03169	0.00867	0.06073	0.27260	0.02255	0.10016	0.06840	0.13967	0.04030	0.04893	0.00271	0.00577	0.03706	0.00571	0.00791
8	0.00872	0.00628	0.00798	0.00906	0.00971	0.00600	0.00613	0.04161	0.01313	0.01743	0.03505	0.66288	0.06868	0.06256	0.00955	0.00278	0.00403	0.01708	0.00590	0.00545
9	0.07138	0.10324	0.33783	0.01442	0.04070	0.01431	0.01525	0.06663	0.03849	0.02094	0.01578	0.03842	0.03877	0.08221	0.00925	0.03598	0.00744	0.00595	0.03486	0.00815
10	0.07845	0.25140	0.02010	0.01172	0.01551	0.09944	0.01003	0.07465	0.01551	0.08461	0.06185	0.02027	0.01527	0.03441	0.00761	0.00196	0.06565	0.04436	0.04096	0.04627
11	0.00842	0.00609	0.00726	0.00784	0.00894	0.00556	0.00546	0.01003	0.01378	0.01845	0.14417	0.36257	0.23020	0.06892	0.00940	0.00258	0.00363	0.01453	0.06677	0.00540
12	0.00992	0.00745	0.00884	0.00838	0.01026	0.00713	0.00632	0.05213	0.04445	0.02347	0.38819	0.10178	0.22160	0.01518	0.03530	0.00241	0.00401	0.01180	0.03507	0.00629
13	0.04450	0.03587	0.09757	0.14102	0.14290	0.03337	0.11523	0.15643	0.03310	0.02379	0.01685	0.07161	0.04340	0.00785	0.00660	0.00206	0.00783	0.00703	0.00417	0.00880
14	0.00980	0.00717	0.00925	0.05888	0.01211	0.00768	0.00710	0.01224	0.03646	0.01710	0.02787	0.15529	0.11861	0.13888	0.20273	0.00494	0.02765	0.02241	0.11815	0.00568
15	0.00799	0.00577	0.00756	0.00877	0.00936	0.00534	0.00595	0.00933	0.01309	0.01748	0.10623	0.65664	0.08393	0.01932	0.00815	0.00254	0.00365	0.01743	0.00611	0.00534
16	0.01172	0.01375	0.13651	0.04713	0.04513	0.01060	0.09113	0.06163	0.04786	0.02072	0.07709	0.22941	0.12262	0.02691	0.00784	0.00234	0.00619	0.02912	0.00499	0.00734
17	0.10037	0.17408	0.21267	0.06853	0.11273	0.09299	0.01575	0.07710	0.03612	0.02141	0.01190	0.02755	0.00960	0.00650	0.00562	0.00187	0.00802	0.00492	0.00348	0.00880

[dist]
# distance from previous block
# <min> <max>
1	6

[block]
# block no. 4 follows, 34 sequences, length 27
# corresponding to MSA columns:
# 116-142
name=unknown_E
#
# <colnr> <probs for GDERKNQSTAVLIFYWHMCP>
#	G	D	E	R	K	N	Q	S	T	A	V	L	I	F	Y	W	H	M	C	P
0	0.03346	0.07757	0.12825	0.21310	0.17119	0.07106	0.04591	0.02108	0.07104	0.06065	0.03663	0.01717	0.01186	0.00665	0.00621	0.00198	0.00804	0.00569	0.00371	0.00875
1	0.01769	0.18634	0.05546	0.07273	0.09861	0.03805	0.11724	0.06491	0.05604	0.10195	0.01375	0.01560	0.01058	0.00648	0.00663	0.00183	0.04301	0.00543	0.00406	0.08363
2	0.01573	0.00828	0.01055	0.00977	0.01242	0.00753	0.00759	0.01857	0.05067	0.26314	0.08342	0.22524	0.17056	0.01405	0.00747	0.00229	0.00447	0.07386	0.00678	0.00761
3	0.02168	0.00999	0.01285	0.01060	0.01419	0.00928	0.00842	0.06865	0.04284	0.42409	0.10545	0.06332	0.02367	0.07995	0.00913	0.00244	0.00519	0.03218	0.04702	0.00906
4	0.01108	0.00989	0.05487	0.06870	0.03845	0.00896	0.02500	0.04378	0.07225	0.03573	0.07033	0.34790	0.07429	0.06521	0.00926	0.00264	0.00525	0.04428	0.00545	0.00668
5	0.05745	0.05227	0.06595	0.07696	0.25050	0.06506	0.04272	0.09407	0.11976	0.06607	0.01556	0.03863	0.01235	0.00709	0.00626	0.00198	0.00741	0.00609	0.00438	0.00945
6	0.00822	0.00587	0.00783	0.00893	0.00943	0.00568	0.00605	0.00948	0.01225	0.01654	0.07190	0.58857	0.03935	0.08492	0.08899	0.00372	0.00536	0.01603	0.00562	0.00524
7	0.00955	0.00673	0.00811	0.00824	0.01000	0.00609	0.00635	0.01180	0.01549	0.04891	0.22733	0.14337	0.30142	0.01546	0.00770	0.00228	0.00375	0.11519	0.04628	0.00592
8	0.17372	0.01642	0.04893	0.03771	0.09087	0.04370	0.04695	0.25557	0.05906	0.11574	0.01488	0.01574	0.01081	0.00717	0.00654	0.00201	0.03390	0.00551	0.00519	0.00955
9	0.01517	0.00984	0.01197	0.01074	0.01311	0.01049	0.00846	0.09229	0.09597	0.12739	0.08312	0.06021	0.06595	0.08076	0.08323	0.00334	0.06290	0.06614	0.09136	0.00757
10	0.00791	0.00584	0.00741	0.00854	0.00928	0.00533	0.00582	0.00923	0.01312	0.01722	0.08208	0.60795	0.15827	0.01918	0.00811	0.00252	0.00363	0.01718	0.00606	0.00533
11	0.04592	0.07825	0.16856	0.03722	0.08483	0.04339	0.10585	0.01993	0.11859	0.01958	0.01612	0.05698	0.01421	0.09822	0.04500	0.02049	0.00818	0.00679	0.00383	0.00806
12	0.05612	0.01573	0.02041	0.05807	0.02208	0.03969	0.12480	0.30361	0.06978	0.17728	0.01736	0.01772	0.01217	0.00731	0.00649	0.00200	0.00730	0.00620	0.02594	0.00994
13	0.00785	0.00649	0.00690	0.00712	0.00905	0.00555	0.00533	0.00954	0.01461	0.01774	0.08441	0.13814	0.59982	0.01674	0.00776	0.00226	0.00344	0.04574	0.00604	0.00548
14	0.01792	0.13238	0.05898	0.06700	0.12408	0.15388	0.07037	0.06719	0.10784	0.04092	0.01364	0.01535	0.01072	0.00642	0.00592	0.00178	0.00801	0.00525	0.00396	0.08839
15	0.10798	0.03501	0.04759	0.01376	0.01831	0.09618	0.01146	0.32589	0.17212	0.05642	0.01719	0.04057	0.01315	0.00795	0.00614	0.00199	0.00688	0.00603	0.00568	0.00971
16	0.00841	0.00620	0.00778	0.00841	0.00935	0.00585	0.00591	0.00995	0.01329	0.01761	0.14149	0.35552	0.16926	0.11024	0.06886	0.00351	0.00501	0.04232	0.00572	0.00532
17	0.06291	0.43393	0.14978	0.01348	0.01877	0.11604	0.01351	0.01998	0.01345	0.01700	0.00951	0.01147	0.00822	0.00638	0.00638	0.00171	0.08238	0.00399	0.00291	0.00821
18	0.15338	0.03183	0.01623	0.01359	0.03891	0.01432	0.06932	0.10758	0.13543	0.06651	0.10382	0.02349	0.06167	0.00889	0.00788	0.00211	0.09029	0.00697	0.03944	0.00832
19	0.00818	0.00637	0.00719	0.00735	0.00884	0.00564	0.00523	0.00984	0.01446	0.01848	0.19167	0.17809	0.39582	0.10100	0.01056	0.00268	0.00364	0.01357	0.00600	0.00538
20	0.01597	0.05731	0.01639	0.01304	0.01632	0.09288	0.06068	0.08858	0.16681	0.07001	0.06979	0.06336	0.10450	0.01407	0.08624	0.00296	0.03962	0.00805	0.00529	0.00814
21	0.01479	0.06315	0.05194	0.11354	0.08271	0.11601	0.25735	0.01859	0.01483	0.01869	0.04679	0.06779	0.04973	0.00975	0.04357	0.00246	0.00931	0.00752	0.00365	0.00784
22	0.00812	0.00589	0.00773	0.00911	0.00975	0.00550	0.00638	0.00949	0.01283	0.01688	0.03789	0.63711	0.09804	0.01967	0.00827	0.00263	0.00394	0.08945	0.00599	0.00534
23	0.03219	0.00813	0.04464	0.00943	0.01117	0.00688	0.00752	0.03114	0.01443	0.01940	0.11520	0.35740	0.18655	0.01683	0.00787	0.00245	0.00431	0.11266	0.00591	0.00592
24	0.04800	0.05395	0.01903	0.13149	0.13106	0.16537	0.04284	0.02044	0.09678	0.01894	0.01745	0.02276	0.05369	0.00886	0.00812	0.02839	0.06305	0.05801	0.00391	0.00784
25	0.01342	0.06831	0.03207	0.04842	0.03986	0.01106	0.00910	0.01768	0.10832	0.09587	0.14353	0.13834	0.06267	0.11715	0.01150	0.00274	0.05778	0.00957	0.00538	0.00724
26	0.00809	0.00579	0.00747	0.00863	0.00913	0.00541	0.00574	0.00924	0.01255	0.01671	0.07708	0.61882	0.07599	0.09399	0.01061	0.00293	0.00393	0.01685	0.00586	0.00518

[dist]
# distance from previous block
# <min> <max>
1	27

[block]
# block no. 5 follows, 34 sequences, length 22
# corresponding to MSA columns:
# 170-191
name=unknown_F
#
# <colnr> <probs for GDERKNQSTAVLIFYWHMCP>
#	G	D	E	R	K	N	Q	S	T	A	V	L	I	F	Y	W	H	M	C	P
0	0.07282	0.07529	0.01771	0.11334	0.21180	0.06498	0.01232	0.03933	0.01461	0.02027	0.09591	0.04275	0.06930	0.04061	0.04089	0.02087	0.00707	0.00704	0.02547	0.00762
1	0.01250	0.01148	0.01907	0.42966	0.21352	0.01307	0.01624	0.01628	0.01359	0.01828	0.06580	0.06947	0.01551	0.00995	0.04665	0.00256	0.00812	0.00708	0.00350	0.00768
2	0.10752	0.01180	0.01728	0.08009	0.11774	0.04104	0.13406	0.01590	0.01370	0.02011	0.02370	0.14088	0.11508	0.01131	0.03497	0.00239	0.00688	0.00883	0.06375	0.03296
3	0.00938	0.00651	0.00773	0.00798	0.00938	0.00587	0.00567	0.01089	0.01393	0.05642	0.12608	0.26673	0.28640	0.12048	0.01126	0.00287	0.00401	0.03688	0.00595	0.00557
4	0.04091	0.01239	0.01354	0.01182	0.01508	0.01394	0.00934	0.10307	0.37568	0.07975	0.06446	0.02348	0.01943	0.00871	0.00699	0.00206	0.04571	0.00693	0.13755	0.00917
5	0.01433	0.01524	0.07591	0.22696	0.42052	0.01458	0.05441	0.01860	0.01439	0.02009	0.05301	0.01807	0.01253	0.00638	0.00653	0.00201	0.00796	0.00612	0.00330	0.00905
6	0.08512	0.05840	0.01934	0.13594	0.15213	0.03457	0.01343	0.17490	0.15000	0.08852	0.01610	0.01724	0.01199	0.00710	0.00612	0.00199	0.00686	0.00576	0.00496	0.00953
7	0.07692	0.01773	0.01874	0.01445	0.01954	0.01967	0.01193	0.66544	0.02910	0.03995	0.01508	0.01518	0.01073	0.00764	0.00630	0.00194	0.00697	0.00566	0.00630	0.01073
8	0.01007	0.00659	0.00844	0.00841	0.00939	0.00643	0.00581	0.01157	0.01305	0.05863	0.20175	0.18505	0.06023	0.26235	0.11901	0.00467	0.00635	0.01139	0.00537	0.00544
9	0.00802	0.00599	0.00720	0.00804	0.00892	0.00545	0.00544	0.00920	0.01284	0.01654	0.05970	0.46259	0.23778	0.10779	0.01096	0.00291	0.00389	0.01579	0.00578	0.00517
10	0.59105	0.01083	0.00928	0.00856	0.01180	0.01247	0.00692	0.01727	0.01116	0.02602	0.01174	0.01455	0.00962	0.01360	0.13430	0.00342	0.00694	0.00437	0.08941	0.00668
11	0.01542	0.05808	0.06287	0.09009	0.08744	0.03901	0.11263	0.09325	0.07866	0.05830	0.12156	0.02803	0.05508	0.00895	0.00688	0.00209	0.00703	0.06128	0.00492	0.00842
12	0.00889	0.00638	0.00870	0.00912	0.00975	0.00681	0.00640	0.01026	0.01068	0.01477	0.02326	0.23904	0.02556	0.23028	0.35216	0.00712	0.01060	0.01079	0.00429	0.00514
13	0.00828	0.00615	0.00774	0.00839	0.00948	0.00561	0.00599	0.01011	0.01458	0.01942	0.23445	0.40272	0.18176	0.01743	0.00798	0.00239	0.00355	0.04211	0.00631	0.00555
14	0.01573	0.11424	0.04638	0.03616	0.01758	0.01429	0.05096	0.17224	0.08167	0.02555	0.09914	0.02340	0.05638	0.00810	0.00605	0.00177	0.00590	0.02050	0.06404	0.13993
15	0.01601	0.01569	0.02159	0.27850	0.19793	0.09672	0.06786	0.07998	0.07732	0.02077	0.01335	0.01697	0.01047	0.00803	0.03067	0.00231	0.02766	0.00589	0.00368	0.00860
16	0.01406	0.00839	0.01022	0.01124	0.09486	0.00839	0.00740	0.06563	0.01537	0.07134	0.05088	0.02558	0.05797	0.00941	0.02909	0.00196	0.00449	0.00670	0.49986	0.00716
17	0.01015	0.00710	0.00845	0.00844	0.01002	0.00672	0.00616	0.03960	0.01403	0.05656	0.07263	0.20006	0.28011	0.13295	0.08122	0.00367	0.00554	0.04517	0.00562	0.00579
18	0.01467	0.01166	0.01524	0.16673	0.07220	0.01284	0.01175	0.13165	0.14969	0.04739	0.10988	0.04939	0.06759	0.01203	0.04692	0.00261	0.00666	0.05744	0.00540	0.00825
19	0.08211	0.13963	0.04220	0.13024	0.36831	0.03516	0.01616	0.04355	0.01466	0.02089	0.04058	0.01592	0.01142	0.00625	0.00587	0.00187	0.00740	0.00537	0.00341	0.00899
20	0.01251	0.01000	0.01321	0.01240	0.03640	0.01146	0.02526	0.08291	0.08884	0.01976	0.06918	0.02708	0.01933	0.16031	0.26435	0.00572	0.10342	0.00745	0.02359	0.00682
21	0.07023	0.01924	0.11437	0.04002	0.09426	0.09338	0.18382	0.11115	0.05366	0.04651	0.01487	0.01715	0.03320	0.00716	0.00776	0.00209	0.07209	0.00613	0.00403	0.00889

[dist]
# distance from previous block
# <min> <max>
4	6

[block]
# block no. 6 follows, 34 sequences, length 20
# corresponding to MSA columns:
# 198-217
name=unknown_G
#
# <colnr> <probs for GDERKNQSTAVLIFYWHMCP>
#	G	D	E	R	K	N	Q	S	T	A	V	L	I	F	Y	W	H	M	C	P
0	0.09077	0.15971	0.43690	0.01644	0.04015	0.04014	0.04917	0.01973	0.01333	0.01982	0.01136	0.01438	0.00899	0.04494	0.00701	0.00213	0.00857	0.00479	0.00297	0.00871
1	0.01545	0.50749	0.21783	0.01298	0.01919	0.02102	0.01427	0.01905	0.01352	0.01715	0.02967	0.01654	0.01161	0.00674	0.00509	0.00168	0.00744	0.05178	0.00309	0.00840
2	0.01522	0.01457	0.05505	0.28606	0.14452	0.04989	0.01534	0.14671	0.01727	0.02265	0.04540	0.02521	0.05331	0.00847	0.00675	0.00212	0.00761	0.07135	0.00424	0.00827
3	0.01439	0.02344	0.31356	0.05359	0.02251	0.12976	0.03279	0.02029	0.08175	0.01950	0.04673	0.02165	0.09545	0.00848	0.00800	0.00211	0.08753	0.00643	0.00377	0.00828
4	0.01621	0.06103	0.05676	0.13725	0.04534	0.04283	0.17116	0.04516	0.08250	0.11874	0.02153	0.08257	0.07296	0.00855	0.00680	0.00210	0.00752	0.00785	0.00467	0.00846
5	0.00860	0.00672	0.00910	0.01145	0.07810	0.00625	0.00711	0.01008	0.01304	0.01711	0.03900	0.56391	0.16916	0.01813	0.00796	0.00247	0.00403	0.01628	0.00573	0.00576
6	0.01050	0.00600	0.00866	0.03471	0.01002	0.00599	0.00621	0.00924	0.01012	0.01345	0.05660	0.11621	0.04717	0.04868	0.02055	0.54881	0.00530	0.03437	0.00372	0.00370
7	0.01489	0.15832	0.12666	0.12923	0.12309	0.08359	0.07747	0.01912	0.04206	0.01817	0.01644	0.02031	0.06440	0.03412	0.00754	0.00210	0.03119	0.01967	0.00343	0.00817
8	0.04359	0.05883	0.08684	0.08181	0.02150	0.25369	0.01307	0.24224	0.02045	0.02545	0.03011	0.01522	0.01098	0.00709	0.00594	0.00183	0.00850	0.00515	0.05905	0.00867
9	0.00847	0.00604	0.00746	0.00826	0.00877	0.00578	0.00544	0.00940	0.01167	0.01536	0.03315	0.40925	0.10875	0.26141	0.04564	0.00406	0.00511	0.03586	0.00523	0.00489
10	0.04027	0.01627	0.11239	0.09690	0.19724	0.01454	0.16940	0.03558	0.03228	0.04585	0.03549	0.05370	0.01423	0.00790	0.00792	0.00218	0.06390	0.04147	0.00383	0.00866
11	0.03224	0.01550	0.01913	0.06929	0.12679	0.09816	0.07298	0.17843	0.05286	0.06343	0.07538	0.04987	0.01668	0.03068	0.00866	0.03304	0.03652	0.00692	0.00482	0.00860
12	0.01020	0.00796	0.00975	0.00963	0.01040	0.03598	0.00698	0.01161	0.01100	0.01494	0.05382	0.03578	0.02219	0.32962	0.30474	0.00705	0.04890	0.06029	0.00397	0.00519
13	0.01151	0.01028	0.01435	0.17087	0.15370	0.04563	0.01159	0.01418	0.01396	0.01834	0.10046	0.19339	0.07911	0.05225	0.03717	0.00276	0.00657	0.05249	0.00460	0.00680
14	0.01774	0.09846	0.09036	0.01813	0.08552	0.01721	0.11166	0.22203	0.09059	0.04377	0.01611	0.06457	0.01327	0.00921	0.02998	0.00230	0.04831	0.00671	0.00470	0.00936
15	0.01693	0.13220	0.11077	0.06633	0.05152	0.04484	0.15701	0.12610	0.07370	0.05567	0.08685	0.01920	0.01572	0.00719	0.00642	0.00195	0.00781	0.00638	0.00445	0.00897
16	0.04622	0.00698	0.00762	0.00745	0.00791	0.00713	0.00449	0.03769	0.01057	0.01499	0.02027	0.06679	0.02272	0.64942	0.02849	0.00558	0.00602	0.00920	0.03602	0.00447
17	0.01401	0.04048	0.11631	0.10218	0.28669	0.01404	0.08998	0.01932	0.07004	0.02044	0.01771	0.06256	0.04136	0.00782	0.00660	0.00206	0.00747	0.03237	0.03975	0.00879
18	0.01581	0.11523	0.07115	0.03485	0.07924	0.01591	0.10340	0.11656	0.06531	0.03999	0.03337	0.01910	0.03233	0.01138	0.06567	0.03458	0.08817	0.00622	0.04336	0.00837
19	0.01742	0.05096	0.09885	0.05997	0.01894	0.03577	0.01176	0.13652	0.24875	0.08857	0.02028	0.04967	0.01560	0.00818	0.00616	0.00199	0.00615	0.00661	0.10861	0.00924

[dist]
# distance from previous block
# <min> <max>
21	41

[block]
# block no. 7 follows, 34 sequences, length 10
# corresponding to MSA columns:
# 264-273
name=unknown_H
#
# <colnr> <probs for GDERKNQSTAVLIFYWHMCP>
#	G	D	E	R	K	N	Q	S	T	A	V	L	I	F	Y	W	H	M	C	P
0	0.12095	0.06611	0.05969	0.01114	0.01475	0.01102	0.00999	0.06314	0.01486	0.02194	0.02460	0.06832	0.06949	0.01172	0.00676	0.00219	0.00574	0.27008	0.00494	0.14257
1	0.05395	0.00797	0.03982	0.00825	0.01031	0.00662	0.00659	0.01112	0.01469	0.01983	0.19176	0.17216	0.34165	0.03661	0.00825	0.00237	0.00392	0.05241	0.00592	0.00581
2	0.01881	0.10113	0.12581	0.01655	0.08746	0.04002	0.03325	0.24852	0.04080	0.06785	0.01500	0.05041	0.01196	0.00725	0.00605	0.00181	0.00715	0.00583	0.00475	0.10961
3	0.07039	0.00861	0.00971	0.03068	0.01171	0.00854	0.00657	0.03559	0.07429	0.01880	0.05197	0.11476	0.09178	0.26691	0.01586	0.02431	0.00525	0.03631	0.00480	0.11316
4	0.00882	0.00621	0.00739	0.00794	0.00843	0.00597	0.00516	0.00958	0.01134	0.01482	0.03137	0.25769	0.11601	0.40244	0.02076	0.00445	0.00515	0.06688	0.00493	0.00465
5	0.04757	0.06758	0.08147	0.08902	0.16316	0.07100	0.18254	0.07214	0.01602	0.02156	0.05638	0.02068	0.06782	0.00723	0.00656	0.00199	0.00819	0.00671	0.00385	0.00852
6	0.03119	0.04127	0.15002	0.05280	0.04908	0.05256	0.05137	0.04280	0.20590	0.02213	0.08660	0.02330	0.05104	0.03328	0.00870	0.00226	0.07564	0.00694	0.00462	0.00851
7	0.05592	0.00871	0.00991	0.00970	0.01111	0.04027	0.00701	0.01326	0.01248	0.06569	0.04767	0.27681	0.02789	0.20004	0.03906	0.00355	0.04805	0.05613	0.00502	0.06173
8	0.03680	0.05730	0.13157	0.06500	0.05593	0.06430	0.13634	0.06366	0.11819	0.06236	0.01937	0.02071	0.06418	0.00745	0.00634	0.00199	0.00755	0.00651	0.06572	0.00871
9	0.07120	0.08504	0.10069	0.04526	0.13535	0.10241	0.12032	0.11943	0.06396	0.04543	0.01316	0.01523	0.01014	0.00665	0.00675	0.00197	0.03835	0.00553	0.00400	0.00913

[dist]
# distance from previous block
# <min> <max>
1	12

[block]
# block no. 8 follows, 34 sequences, length 29
# corresponding to MSA columns:
# 286-314
name=unknown_I
#
# <colnr> <probs for GDERKNQSTAVLIFYWHMCP>
#	G	D	E	R	K	N	Q	S	T	A	V	L	I	F	Y	W	H	M	C	P
0	0.07838	0.07030	0.01655	0.10904	0.05511	0.10308	0.01121	0.11514	0.03664	0.04071	0.07421	0.09259	0.06913	0.01068	0.02710	0.00229	0.06796	0.00754	0.00463	0.00772
1	0.04858	0.08587	0.17707	0.04494	0.04626	0.12984	0.06921	0.10769	0.01662	0.04313	0.05046	0.01785	0.03910	0.00754	0.00725	0.00197	0.06526	0.00578	0.02705	0.00849
2	0.03743	0.11648	0.13852	0.08877	0.05353	0.12399	0.01338	0.10631	0.04753	0.02214	0.06936	0.03913	0.04229	0.00778	0.00600	0.00186	0.00741	0.00611	0.03577	0.03620
3	0.10691	0.04209	0.07750	0.06699	0.01905	0.11497	0.05610	0.03765	0.03558	0.09755	0.04408	0.04699	0.07265	0.01300	0.09119	0.00295	0.03330	0.00672	0.00444	0.03028
4	0.05566	0.04657	0.01569	0.04114	0.01702	0.09259	0.03365	0.05875	0.04264	0.02120	0.06108	0.04008	0.03958	0.00961	0.04499	0.00208	0.06002	0.00585	0.00421	0.30758
5	0.12740	0.09334	0.03812	0.01022	0.01285	0.03321	0.00824	0.01807	0.14720	0.03387	0.09454	0.10166	0.02078	0.01267	0.01042	0.18796	0.00532	0.00739	0.03009	0.00665
6	0.00953	0.00747	0.00875	0.00923	0.01085	0.00729	0.00689	0.02700	0.10467	0.01921	0.05982	0.33409	0.25188	0.01685	0.00788	0.00245	0.00410	0.09976	0.00610	0.00617
7	0.00943	0.00704	0.00896	0.00980	0.01116	0.00691	0.00778	0.01203	0.03391	0.01878	0.06994	0.25006	0.17980	0.01714	0.00851	0.00259	0.02480	0.27803	0.03749	0.00582
8	0.00959	0.00715	0.00826	0.00808	0.01001	0.00658	0.00601	0.01287	0.06892	0.04834	0.25834	0.15876	0.34307	0.01509	0.00760	0.00220	0.00350	0.01300	0.00646	0.00619
9	0.11927	0.03903	0.01731	0.01333	0.01790	0.01827	0.01088	0.47416	0.12451	0.03515	0.01630	0.01732	0.01229	0.04636	0.00745	0.00218	0.00652	0.00586	0.00594	0.00995
10	0.05095	0.04083	0.07484	0.12487	0.08549	0.03567	0.02998	0.03809	0.05941	0.11163	0.01895	0.02085	0.07559	0.00979	0.03978	0.00239	0.09346	0.00627	0.00433	0.07683
11	0.01789	0.20891	0.25101	0.01598	0.02228	0.11638	0.06452	0.10632	0.05664	0.04833	0.01262	0.01399	0.00964	0.00653	0.00609	0.00185	0.02323	0.00492	0.00373	0.00913
12	0.01343	0.01302	0.01989	0.10348	0.10272	0.01670	0.04617	0.01577	0.01112	0.01645	0.01081	0.01658	0.00994	0.01554	0.12847	0.00377	0.43985	0.00596	0.00299	0.00732
13	0.00854	0.00601	0.00779	0.00860	0.00898	0.00598	0.00567	0.00950	0.01116	0.01505	0.02820	0.43470	0.03286	0.25597	0.12574	0.00490	0.00654	0.01391	0.00498	0.00492
14	0.01542	0.01996	0.15123	0.09703	0.07627	0.05317	0.38381	0.05038	0.01529	0.02066	0.01235	0.01615	0.00936	0.00611	0.00766	0.00213	0.04452	0.00649	0.00326	0.00876
15	0.02250	0.01863	0.01806	0.01470	0.01884	0.22916	0.06355	0.19198	0.02048	0.19230	0.04424	0.02091	0.07142	0.00833	0.00704	0.00195	0.03493	0.00646	0.00552	0.00903
16	0.00809	0.00629	0.00769	0.02548	0.01020	0.00579	0.00612	0.00969	0.01355	0.01728	0.07271	0.38210	0.31355	0.01932	0.04186	0.00278	0.00435	0.04182	0.00585	0.00546
17	0.00820	0.00602	0.00762	0.00836	0.00926	0.00552	0.00579	0.00983	0.01405	0.01879	0.20817	0.46430	0.14728	0.04444	0.00887	0.00254	0.00360	0.01573	0.00620	0.00544
18	0.02333	0.06824	0.01859	0.01561	0.01922	0.56818	0.01204	0.06045	0.04620	0.06577	0.01269	0.01498	0.01037	0.00719	0.00594	0.00175	0.01031	0.02715	0.00398	0.00800
19	0.01191	0.01061	0.10057	0.03725	0.01406	0.00911	0.01008	0.01238	0.01056	0.03207	0.01460	0.02497	0.01407	0.02057	0.09507	0.40367	0.08638	0.08362	0.00335	0.00510
20	0.01428	0.02367	0.40630	0.04692	0.02590	0.01374	0.14037	0.02068	0.04094	0.07597	0.04549	0.01802	0.01257	0.00895	0.04705	0.00251	0.00918	0.00601	0.03251	0.00896
21	0.00997	0.00739	0.00853	0.00857	0.01032	0.00700	0.00628	0.03970	0.06314	0.04230	0.12614	0.26016	0.29499	0.05435	0.00897	0.00251	0.00396	0.03344	0.00614	0.00613
22	0.01290	0.01257	0.04492	0.01486	0.04042	0.03985	0.10047	0.04888	0.09457	0.01993	0.07357	0.04520	0.07062	0.04189	0.18882	0.00435	0.09792	0.03645	0.00444	0.00735
23	0.01600	0.08538	0.04793	0.12511	0.14668	0.12481	0.04533	0.05644	0.03640	0.04666	0.01847	0.09847	0.03979	0.00893	0.00650	0.00203	0.00756	0.04983	0.02959	0.00810
24	0.01205	0.00877	0.01033	0.01068	0.03101	0.03665	0.00808	0.06305	0.01563	0.05152	0.10696	0.14649	0.16627	0.01553	0.00929	0.07512	0.00503	0.18677	0.03453	0.00625
25	0.01422	0.01203	0.01178	0.01112	0.01335	0.11315	0.00846	0.11704	0.05241	0.04297	0.07396	0.19977	0.09384	0.04421	0.08824	0.00323	0.00707	0.05697	0.02920	0.00698
26	0.01613	0.07050	0.07005	0.08661	0.15775	0.06266	0.09170	0.08469	0.08188	0.04489	0.01476	0.01842	0.01198	0.04593	0.08355	0.00299	0.00891	0.00603	0.00398	0.03661
27	0.11835	0.11671	0.01621	0.01321	0.05551	0.19895	0.00978	0.06508	0.04901	0.02034	0.01853	0.10510	0.05671	0.03342	0.05448	0.00256	0.00772	0.00695	0.04400	0.00739
28	0.01804	0.05784	0.06533	0.01920	0.15267	0.19765	0.03376	0.07988	0.13964	0.04098	0.04397	0.02047	0.06485	0.00792	0.00676	0.00194	0.02943	0.00630	0.00450	0.00886

[dist]
# distance from previous block
# <min> <max>
2	18

[block]
# block no. 9 follows, 34 sequences, length 55
# corresponding to MSA columns:
# 333-387
name=unknown_J
#
# <colnr> <probs for GDERKNQSTAVLIFYWHMCP>
#	G	D	E	R	K	N	Q	S	T	A	V	L	I	F	Y	W	H	M	C	P
0	0.01582	0.14002	0.03519	0.07220	0.04314	0.07207	0.07032	0.14074	0.03909	0.02176	0.01658	0.10426	0.01520	0.01355	0.09894	0.00298	0.00851	0.02016	0.03194	0.03752
1	0.01617	0.12954	0.15998	0.02875	0.05558	0.06624	0.08980	0.12109	0.05968	0.02247	0.01669	0.04971	0.05018	0.00740	0.00610	0.00183	0.00759	0.00618	0.00408	0.10093
2	0.01291	0.03173	0.01390	0.18871	0.04366	0.04719	0.01057	0.04351	0.01419	0.07036	0.02797	0.21292	0.14073	0.03839	0.02653	0.00258	0.05224	0.01029	0.00478	0.00684
3	0.01415	0.00941	0.01116	0.00990	0.01284	0.00915	0.00777	0.05611	0.13393	0.13297	0.21078	0.06269	0.17229	0.01303	0.02970	0.00233	0.00474	0.04374	0.00650	0.05681
4	0.05788	0.10346	0.16256	0.12832	0.05460	0.09004	0.03767	0.05399	0.04009	0.05854	0.01515	0.04348	0.01307	0.03452	0.00755	0.00220	0.02895	0.05581	0.00391	0.00822
5	0.07283	0.18040	0.09445	0.03957	0.06268	0.05419	0.06284	0.11784	0.04922	0.04024	0.01676	0.04043	0.04915	0.00966	0.04579	0.00233	0.00770	0.00602	0.03945	0.00847
6	0.00805	0.00631	0.00732	0.00795	0.00937	0.00565	0.00581	0.00960	0.01367	0.01708	0.05009	0.29858	0.39950	0.04046	0.03014	0.00275	0.00415	0.07225	0.00586	0.00539
7	0.00887	0.00689	0.00803	0.00836	0.00981	0.00651	0.00602	0.01193	0.07500	0.01905	0.15359	0.28837	0.27084	0.06465	0.00939	0.00259	0.00382	0.03436	0.00609	0.00582
8	0.01867	0.25996	0.08324	0.13029	0.09432	0.17837	0.01439	0.08136	0.01617	0.05046	0.01141	0.01349	0.00911	0.00629	0.00556	0.00175	0.00845	0.00464	0.00350	0.00860
9	0.03639	0.01619	0.01579	0.01563	0.08080	0.18083	0.01126	0.15063	0.07655	0.02250	0.01641	0.03608	0.01426	0.01844	0.19280	0.00410	0.03523	0.03950	0.02860	0.00801
10	0.01160	0.00845	0.01021	0.01034	0.01222	0.00865	0.00786	0.01765	0.19182	0.05965	0.11942	0.29852	0.08424	0.01521	0.00772	0.00243	0.00440	0.11621	0.00638	0.00703
11	0.02225	0.01752	0.01806	0.01439	0.01915	0.05281	0.01167	0.50305	0.18532	0.03581	0.01756	0.01720	0.01279	0.00783	0.00640	0.00195	0.00679	0.00601	0.00625	0.03716
12	0.00846	0.00603	0.00783	0.00907	0.00957	0.00575	0.00608	0.03019	0.01276	0.01702	0.03421	0.70804	0.04077	0.05919	0.00948	0.00279	0.00398	0.01752	0.00590	0.00535
13	0.01958	0.05873	0.13804	0.01733	0.02147	0.35572	0.06684	0.04313	0.01584	0.04009	0.01080	0.01327	0.00876	0.00741	0.00895	0.00200	0.15572	0.00490	0.00334	0.00809
14	0.01658	0.51303	0.11908	0.01412	0.01989	0.07202	0.09296	0.01964	0.01376	0.01658	0.01099	0.04440	0.00994	0.00631	0.00509	0.00163	0.00788	0.00479	0.00300	0.00831
15	0.01312	0.00998	0.01425	0.14066	0.12653	0.01041	0.01131	0.03968	0.07055	0.08008	0.05009	0.16627	0.11413	0.01397	0.04714	0.00270	0.00637	0.07006	0.00517	0.00754
16	0.01947	0.01451	0.01574	0.01335	0.01750	0.01622	0.01061	0.18726	0.48443	0.11113	0.02376	0.02192	0.01732	0.00845	0.00654	0.00211	0.00561	0.00688	0.00671	0.01049
17	0.01305	0.01187	0.01844	0.32885	0.13491	0.01388	0.03575	0.01819	0.09191	0.01911	0.03872	0.07236	0.01543	0.00871	0.00831	0.00223	0.09178	0.02960	0.03915	0.00775
18	0.00933	0.00624	0.00707	0.00713	0.00715	0.00622	0.00401	0.00938	0.00952	0.01270	0.02102	0.07364	0.02432	0.74044	0.03182	0.00611	0.00616	0.00978	0.00401	0.00397
19	0.01340	0.01148	0.01340	0.00957	0.01531	0.00861	0.00766	0.01627	0.01340	0.02105	0.01148	0.01340	0.00957	0.00479	0.00479	0.00096	0.00479	0.00383	0.00383	0.81242
20	0.01960	0.11715	0.01838	0.03806	0.04315	0.01595	0.01084	0.24789	0.13519	0.13416	0.07138	0.08305	0.01900	0.00899	0.00640	0.00198	0.00601	0.00732	0.00598	0.00951
21	0.00920	0.00663	0.00787	0.00774	0.00952	0.00585	0.00573	0.01135	0.01595	0.05220	0.31942	0.15669	0.33763	0.01532	0.00767	0.00218	0.00335	0.01324	0.00652	0.00592
22	0.01212	0.01140	0.01474	0.01342	0.01381	0.04006	0.01058	0.01342	0.01092	0.01552	0.01865	0.17001	0.05494	0.08963	0.06686	0.00355	0.42134	0.00899	0.00379	0.00624
23	0.00862	0.00655	0.00800	0.00860	0.01005	0.00600	0.00659	0.01063	0.01462	0.01883	0.15174	0.21933	0.29061	0.04018	0.00884	0.00257	0.00406	0.17250	0.00609	0.00558
24	0.00797	0.00593	0.00737	0.00832	0.00919	0.00539	0.00571	0.00933	0.01330	0.01737	0.09887	0.53166	0.19696	0.03979	0.00875	0.00258	0.00366	0.01651	0.00603	0.00533
25	0.01603	0.01923	0.12186	0.17978	0.25523	0.11323	0.12085	0.02030	0.01470	0.03627	0.01199	0.01565	0.00938	0.00626	0.00694	0.00202	0.03256	0.00570	0.00320	0.00883
26	0.09731	0.00756	0.01011	0.01013	0.01167	0.00860	0.00802	0.01241	0.01105	0.01702	0.02016	0.02971	0.05046	0.03961	0.56615	0.00843	0.01430	0.06753	0.00386	0.00590
27	0.00911	0.00684	0.00838	0.00913	0.01013	0.00673	0.00636	0.01237	0.09454	0.01833	0.09361	0.48365	0.09639	0.08037	0.01002	0.00280	0.00408	0.03535	0.00598	0.00582
28	0.01203	0.01754	0.22573	0.04930	0.09603	0.03435	0.06681	0.01594	0.01364	0.01859	0.02473	0.16473	0.12312	0.01108	0.00827	0.00226	0.07062	0.03352	0.00406	0.00765
29	0.01949	0.09319	0.01517	0.01098	0.01440	0.01127	0.00891	0.08210	0.01589	0.31428	0.02134	0.08466	0.01747	0.06835	0.18800	0.00429	0.00857	0.00739	0.00576	0.00849
30	0.00985	0.00769	0.01009	0.11060	0.01500	0.00784	0.00807	0.04931	0.03539	0.01989	0.14951	0.35594	0.14403	0.01554	0.00768	0.00236	0.00451	0.03474	0.00580	0.00616
31	0.02888	0.04425	0.06929	0.09188	0.23961	0.11229	0.08801	0.05829	0.03629	0.02019	0.01536	0.10332	0.01416	0.04076	0.00768	0.00220	0.00807	0.00721	0.00380	0.00845
32	0.01905	0.11425	0.17763	0.01599	0.03359	0.19273	0.04837	0.15811	0.07225	0.04468	0.01610	0.01695	0.04772	0.00726	0.00609	0.00187	0.00850	0.00554	0.00427	0.00904
33	0.01871	0.05058	0.02145	0.10171	0.17790	0.34693	0.05604	0.02136	0.01562	0.01729	0.01165	0.03586	0.01012	0.00838	0.03160	0.00218	0.05590	0.00545	0.00328	0.00801
34	0.01708	0.05544	0.01732	0.17626	0.02249	0.15959	0.04205	0.15912	0.01734	0.02214	0.01437	0.01880	0.01181	0.06684	0.05234	0.00268	0.00844	0.00579	0.12245	0.00764
35	0.00923	0.00692	0.01038	0.01038	0.01154	0.00808	0.00808	0.01154	0.01038	0.01500	0.01731	0.02538	0.01615	0.04846	0.74732	0.01038	0.01731	0.00692	0.00346	0.00577
36	0.01533	0.13972	0.11783	0.02401	0.05046	0.01762	0.49969	0.02043	0.01471	0.01981	0.01223	0.01583	0.00939	0.00555	0.00687	0.00203	0.01001	0.00658	0.00312	0.00879
37	0.05390	0.35893	0.12464	0.01480	0.08133	0.04119	0.01297	0.02191	0.12468	0.03961	0.04545	0.01644	0.02568	0.00680	0.00533	0.00175	0.00684	0.00510	0.00386	0.00879
38	0.02440	0.01200	0.01478	0.01177	0.01607	0.01171	0.00943	0.13760	0.11476	0.45106	0.02345	0.02346	0.01652	0.09128	0.00937	0.00248	0.00579	0.00681	0.00712	0.01012
39	0.00985	0.00765	0.01154	0.01099	0.01257	0.00717	0.08722	0.02473	0.01374	0.03528	0.07900	0.44586	0.10534	0.06888	0.00973	0.00273	0.00488	0.05126	0.00567	0.00592
40	0.05643	0.53066	0.06601	0.03755	0.04365	0.06529	0.01206	0.04050	0.03724	0.01759	0.01042	0.01215	0.00902	0.00728	0.02918	0.00185	0.00761	0.00404	0.00313	0.00834
41	0.01990	0.01394	0.04796	0.05380	0.07797	0.01365	0.01166	0.28812	0.02082	0.17565	0.02097	0.16406	0.01827	0.03328	0.00760	0.00223	0.00633	0.00845	0.00599	0.00933
42	0.00797	0.00579	0.00755	0.00891	0.00950	0.00537	0.00611	0.00923	0.01270	0.01671	0.03820	0.67329	0.10359	0.01979	0.00822	0.00260	0.00381	0.04936	0.00600	0.00530
43	0.01218	0.01115	0.01561	0.01392	0.01426	0.01485	0.01121	0.01368	0.00998	0.01504	0.01240	0.02062	0.01242	0.10979	0.23198	0.00540	0.45958	0.00645	0.00314	0.00633
44	0.01973	0.02168	0.02197	0.18545	0.07910	0.32434	0.10879	0.12270	0.01819	0.02066	0.01171	0.01456	0.00912	0.00654	0.00635	0.00190	0.00992	0.00534	0.00367	0.00830
45	0.00905	0.00688	0.00994	0.00994	0.01121	0.00777	0.00771	0.01128	0.01088	0.01528	0.02286	0.02962	0.09841	0.04476	0.66208	0.00944	0.01569	0.00770	0.00375	0.00573
46	0.01020	0.00696	0.00802	0.00778	0.00816	0.00717	0.00475	0.04743	0.01062	0.01428	0.01982	0.03928	0.02214	0.66490	0.09730	0.00641	0.00733	0.00898	0.00401	0.00447
47	0.01727	0.77681	0.03386	0.01106	0.01658	0.02557	0.01106	0.01935	0.01313	0.01520	0.00898	0.01036	0.00829	0.00553	0.00415	0.00138	0.00691	0.00345	0.00276	0.00829
48	0.00949	0.00731	0.01089	0.01074	0.01183	0.00871	0.00840	0.01175	0.01036	0.01503	0.01683	0.02478	0.01574	0.04646	0.70816	0.00998	0.05741	0.00685	0.00343	0.00584
49	0.01318	0.00841	0.01147	0.01288	0.07309	0.00821	0.00970	0.01658	0.03687	0.10343	0.07888	0.05184	0.06814	0.01362	0.00760	0.00244	0.00527	0.35631	0.11505	0.00702
50	0.10334	0.00830	0.01039	0.11100	0.01541	0.00883	0.00827	0.07041	0.01406	0.02038	0.05751	0.48482	0.03210	0.01538	0.00734	0.00240	0.00481	0.01360	0.00543	0.00623
51	0.14228	0.01669	0.01537	0.01318	0.01725	0.11550	0.01043	0.17471	0.32733	0.07203	0.01910	0.01838	0.01415	0.00780	0.00605	0.00203	0.00643	0.00593	0.00580	0.00957
52	0.10949	0.01550	0.02538	0.14394	0.05104	0.01633	0.28466	0.19265	0.01794	0.02574	0.01311	0.01642	0.00987	0.00816	0.03914	0.00245	0.00906	0.00629	0.00409	0.00875
53	0.05676	0.02626	0.01671	0.01506	0.01817	0.57772	0.01125	0.07291	0.01784	0.01780	0.01154	0.01541	0.01021	0.09501	0.00891	0.00223	0.01042	0.00486	0.00365	0.00731
54	0.11230	0.08886	0.13558	0.01300	0.01813	0.04745	0.01216	0.22492	0.07717	0.07661	0.05270	0.02081	0.07703	0.00815	0.00605	0.00195	0.00663	0.00622	0.00518	0.00910

[dist]
# distance from previous block
# <min> <max>
0	5

[block]
# block no. 10 follows, 34 sequences, length 7
# corresponding to MSA columns:
# 393-399
name=unknown_K
#
# <colnr> <probs for GDERKNQSTAVLIFYWHMCP>
#	G	D	E	R	K	N	Q	S	T	A	V	L	I	F	Y	W	H	M	C	P
0	0.01721	0.13778	0.22945	0.01856	0.02508	0.09756	0.19467	0.11656	0.06126	0.02241	0.01287	0.01482	0.00974	0.00631	0.00626	0.00193	0.00911	0.00554	0.00369	0.00916
1	0.02096	0.02140	0.01888	0.01743	0.08415	0.34256	0.05532	0.05536	0.10061	0.09292	0.01432	0.01533	0.01100	0.00668	0.00603	0.00173	0.00872	0.00516	0.00438	0.11707
2	0.01257	0.04406	0.01113	0.00987	0.01140	0.12666	0.00736	0.01444	0.01221	0.01645	0.01714	0.02569	0.01612	0.17862	0.30284	0.00599	0.01086	0.00665	0.16410	0.00583
3	0.01311	0.12949	0.01344	0.00912	0.01089	0.01164	0.00660	0.12585	0.01346	0.01768	0.01763	0.03208	0.01871	0.49264	0.05791	0.00498	0.00703	0.00776	0.00413	0.00585
