[name]
unknown

[dist]
# distance from previous block
# <min> <max>
0	23

[block]
# block no. 0 follows, 25 sequences, length 24
# corresponding to MSA columns:
# 23-46
name=unknown_A
#
# <colnr> <probs for GDERKNQSTAVLIFYWHMCP>
#	G	D	E	R	K	N	Q	S	T	A	V	L	I	F	Y	W	H	M	C	P
0	0.08726	0.01524	0.02246	0.02450	0.19159	0.01562	0.06891	0.09380	0.02005	0.11831	0.05479	0.03708	0.02320	0.01158	0.00910	0.00270	0.03806	0.14922	0.00612	0.01043
1	0.17028	0.09482	0.07809	0.01999	0.09492	0.10767	0.03775	0.17056	0.06859	0.06331	0.01605	0.01732	0.01215	0.00804	0.00683	0.00227	0.00893	0.00604	0.00542	0.01099
2	0.02148	0.08865	0.04688	0.09739	0.28519	0.08364	0.04120	0.08718	0.04115	0.06665	0.01581	0.01870	0.01241	0.00752	0.00731	0.00221	0.00936	0.00649	0.00467	0.05611
3	0.01980	0.01692	0.02498	0.10379	0.34407	0.01777	0.01868	0.07997	0.14564	0.05959	0.02021	0.05399	0.01649	0.00880	0.00778	0.00240	0.00821	0.00794	0.00538	0.03761
4	0.02219	0.02271	0.02982	0.06265	0.19892	0.17201	0.16302	0.06632	0.04417	0.05657	0.01550	0.01897	0.01219	0.00811	0.00944	0.00243	0.07265	0.00710	0.00452	0.01071
5	0.01787	0.03451	0.52310	0.02290	0.03327	0.01760	0.12229	0.02590	0.01724	0.08962	0.01583	0.01805	0.01104	0.00746	0.00768	0.00247	0.01123	0.00646	0.00400	0.01148
6	0.02896	0.03695	0.02197	0.01998	0.02397	0.69638	0.01498	0.03096	0.02197	0.01898	0.01199	0.01398	0.00999	0.00799	0.00699	0.00200	0.01398	0.00499	0.00400	0.00899
7	0.01617	0.05044	0.11024	0.01627	0.02145	0.01263	0.13698	0.02054	0.01906	0.11101	0.19450	0.07004	0.16247	0.01274	0.00856	0.00250	0.00725	0.01147	0.00648	0.00919
8	0.01696	0.01696	0.02375	0.02036	0.02036	0.02375	0.01696	0.01866	0.01187	0.01866	0.01018	0.01696	0.01018	0.01357	0.02545	0.00339	0.71332	0.00679	0.00339	0.00848
9	0.00920	0.00772	0.00799	0.00821	0.01057	0.00652	0.00605	0.01109	0.01733	0.02081	0.07424	0.15251	0.60088	0.02020	0.00925	0.00268	0.00400	0.01705	0.00720	0.00652
10	0.01608	0.01378	0.01608	0.01148	0.01837	0.01034	0.00919	0.01952	0.01608	0.02527	0.01378	0.01608	0.01148	0.00574	0.00574	0.00115	0.00574	0.00459	0.00459	0.77491
11	0.01586	0.01522	0.02639	0.52332	0.19075	0.01763	0.05890	0.02098	0.01614	0.02132	0.01407	0.02036	0.01085	0.00749	0.00782	0.00252	0.01025	0.00703	0.00356	0.00953
12	0.01110	0.00823	0.01207	0.01207	0.01331	0.00948	0.00920	0.01359	0.01234	0.01771	0.02113	0.03246	0.02025	0.12410	0.63202	0.01197	0.01946	0.00860	0.00421	0.00670
13	0.00916	0.00785	0.00785	0.00785	0.01047	0.00655	0.00589	0.01113	0.01767	0.02095	0.07855	0.07462	0.67599	0.01964	0.00916	0.00262	0.00393	0.01636	0.00720	0.00655
14	0.01813	0.01756	0.03025	0.18637	0.44103	0.01834	0.08439	0.02411	0.05718	0.02453	0.01557	0.02028	0.01251	0.00728	0.00785	0.00241	0.00964	0.00724	0.00401	0.01131
15	0.02471	0.18565	0.09131	0.01783	0.02356	0.28695	0.01557	0.13351	0.10199	0.02600	0.01543	0.01650	0.01219	0.00816	0.00682	0.00210	0.01060	0.00568	0.00488	0.01055
16	0.01856	0.02020	0.04163	0.03699	0.22501	0.01927	0.46980	0.02454	0.01811	0.02498	0.01537	0.02042	0.01191	0.00664	0.00872	0.00252	0.01196	0.00850	0.00390	0.01098
17	0.01608	0.01378	0.01608	0.01148	0.01837	0.01034	0.00919	0.01952	0.01608	0.02527	0.01378	0.01608	0.01148	0.00574	0.00574	0.00115	0.00574	0.00459	0.00459	0.77491
18	0.01347	0.00673	0.01010	0.01010	0.01010	0.00673	0.00673	0.01010	0.01010	0.01347	0.01347	0.02357	0.01347	0.02694	0.03030	0.77441	0.00673	0.00673	0.00337	0.00337
19	0.01116	0.00798	0.01079	0.01079	0.01160	0.00879	0.00761	0.01278	0.01197	0.01676	0.02229	0.03890	0.02305	0.33681	0.42313	0.01040	0.01525	0.00954	0.00438	0.00600
20	0.01111	0.00819	0.01187	0.01187	0.01306	0.00937	0.00896	0.01347	0.01229	0.01756	0.02131	0.03343	0.02068	0.15631	0.60039	0.01174	0.01883	0.00874	0.00423	0.00660
21	0.05445	0.05134	0.09581	0.06258	0.39637	0.08959	0.09100	0.02451	0.01769	0.02447	0.01401	0.01804	0.01140	0.00706	0.00750	0.00231	0.01021	0.00660	0.00382	0.01125
22	0.06810	0.48484	0.11938	0.01557	0.02262	0.05250	0.04450	0.04978	0.01711	0.04591	0.01249	0.01416	0.01039	0.00703	0.00576	0.00192	0.00894	0.00486	0.00387	0.01028
23	0.14779	0.16226	0.02239	0.01568	0.04941	0.04861	0.01239	0.12118	0.15671	0.10819	0.03990	0.04769	0.01775	0.00932	0.00683	0.00230	0.00729	0.00713	0.00628	0.01089

[dist]
# distance from previous block
# <min> <max>
0	20

[block]
# block no. 1 follows, 25 sequences, length 13
# corresponding to MSA columns:
# 74-86
name=unknown_B
#
# <colnr> <probs for GDERKNQSTAVLIFYWHMCP>
#	G	D	E	R	K	N	Q	S	T	A	V	L	I	F	Y	W	H	M	C	P
0	0.15543	0.15736	0.19631	0.02365	0.15662	0.06718	0.06099	0.02489	0.01673	0.05449	0.01364	0.01612	0.01065	0.00720	0.00664	0.00224	0.00951	0.00567	0.00404	0.01064
1	0.06083	0.14158	0.11049	0.05969	0.19672	0.06914	0.05298	0.12360	0.02044	0.07141	0.01521	0.01756	0.01171	0.00759	0.00710	0.00224	0.00950	0.00622	0.00472	0.01128
2	0.05102	0.19881	0.28249	0.01864	0.02685	0.07502	0.04973	0.12597	0.01986	0.02699	0.01373	0.01566	0.01053	0.00743	0.00673	0.00215	0.01001	0.00554	0.00422	0.04862
3	0.02073	0.73217	0.04063	0.01327	0.01990	0.03068	0.01327	0.02322	0.01575	0.01824	0.01078	0.01244	0.00995	0.00663	0.00498	0.00166	0.00829	0.00415	0.00332	0.00995
4	0.01108	0.00831	0.01246	0.01246	0.01385	0.00969	0.00969	0.01385	0.01246	0.01800	0.02077	0.03046	0.01938	0.05815	0.69678	0.01246	0.02077	0.00831	0.00415	0.00692
5	0.00945	0.00675	0.00900	0.01080	0.01125	0.00630	0.00720	0.01080	0.01484	0.01979	0.04274	0.72245	0.05128	0.02429	0.00990	0.00315	0.00450	0.02204	0.00720	0.00630
6	0.01849	0.01300	0.05919	0.01455	0.05954	0.01088	0.01117	0.07503	0.02089	0.18201	0.19382	0.14183	0.13848	0.01450	0.00861	0.00254	0.00582	0.01248	0.00765	0.00953
7	0.01696	0.01696	0.02375	0.02036	0.02036	0.02375	0.01696	0.01866	0.01187	0.01866	0.01018	0.01696	0.01018	0.01357	0.02545	0.00339	0.71332	0.00679	0.00339	0.00848
8	0.01696	0.01696	0.02375	0.02036	0.02036	0.02375	0.01696	0.01866	0.01187	0.01866	0.01018	0.01696	0.01018	0.01357	0.02545	0.00339	0.71332	0.00679	0.00339	0.00848
9	0.01464	0.01378	0.02326	0.70887	0.05340	0.01723	0.02153	0.01981	0.01550	0.01981	0.01378	0.02067	0.01034	0.00775	0.00775	0.00258	0.01034	0.00689	0.00345	0.00861
10	0.01955	0.02099	0.03870	0.12985	0.03973	0.06401	0.45490	0.08561	0.01990	0.02605	0.01545	0.02020	0.01158	0.00708	0.00867	0.00254	0.01229	0.00833	0.00423	0.01036
11	0.02144	0.10059	0.02746	0.02650	0.21998	0.02014	0.06431	0.18473	0.05476	0.05723	0.01951	0.09310	0.01706	0.00995	0.00871	0.00243	0.04676	0.00849	0.00556	0.01131
12	0.02243	0.06742	0.02638	0.02769	0.24227	0.15327	0.04742	0.02581	0.01839	0.10829	0.04042	0.01972	0.01455	0.00848	0.00947	0.00228	0.09255	0.00667	0.00476	0.06172

[dist]
# distance from previous block
# <min> <max>
1	9

[block]
# block no. 2 follows, 25 sequences, length 23
# corresponding to MSA columns:
# 97-119
name=unknown_C
#
# <colnr> <probs for GDERKNQSTAVLIFYWHMCP>
#	G	D	E	R	K	N	Q	S	T	A	V	L	I	F	Y	W	H	M	C	P
0	0.05854	0.54276	0.09772	0.01435	0.02115	0.02762	0.01446	0.05269	0.06801	0.02215	0.01307	0.01440	0.01109	0.00716	0.00555	0.00188	0.00832	0.00479	0.00395	0.01034
1	0.00932	0.00775	0.00798	0.00813	0.01040	0.00659	0.00592	0.01111	0.01703	0.02047	0.07221	0.12436	0.58458	0.06586	0.01118	0.00298	0.00421	0.01648	0.00704	0.00641
2	0.01995	0.53777	0.18848	0.01564	0.02325	0.06144	0.01689	0.02392	0.01621	0.01973	0.01156	0.01342	0.00992	0.00687	0.00563	0.00186	0.00931	0.00455	0.00334	0.01025
3	0.02668	0.03314	0.02231	0.02005	0.02328	0.56817	0.01536	0.02862	0.02005	0.01892	0.01164	0.01455	0.01002	0.00905	0.01051	0.00226	0.14728	0.00534	0.00388	0.00889
4	0.02896	0.03695	0.02197	0.01998	0.02397	0.69638	0.01498	0.03096	0.02197	0.01898	0.01199	0.01398	0.00999	0.00799	0.00699	0.00200	0.01398	0.00499	0.00400	0.00899
5	0.12171	0.15660	0.02605	0.01686	0.02286	0.08653	0.06281	0.26795	0.02500	0.11732	0.01681	0.01741	0.01232	0.00823	0.00690	0.00221	0.00880	0.00618	0.00612	0.01136
6	0.01518	0.03751	0.63270	0.02110	0.03179	0.01714	0.02693	0.02375	0.01682	0.02508	0.06727	0.01972	0.01493	0.00805	0.00751	0.00245	0.01083	0.00640	0.00370	0.01112
7	0.02348	0.01422	0.01731	0.01278	0.01931	0.01180	0.01038	0.07684	0.01979	0.24992	0.01985	0.01977	0.01423	0.00733	0.00660	0.00167	0.00626	0.00587	0.00654	0.45606
8	0.02001	0.01857	0.02992	0.04318	0.58459	0.01892	0.02233	0.07476	0.06108	0.02765	0.01600	0.01978	0.01309	0.00733	0.00770	0.00233	0.00896	0.00703	0.00441	0.01235
9	0.01037	0.00846	0.01007	0.00990	0.01174	0.00816	0.00743	0.01270	0.01796	0.02347	0.23719	0.16631	0.35104	0.01878	0.01063	0.00271	0.06314	0.01578	0.00726	0.00689
10	0.78228	0.01499	0.01140	0.01020	0.01499	0.01739	0.00840	0.02279	0.01320	0.03479	0.01080	0.01260	0.00840	0.00720	0.00480	0.00240	0.00600	0.00420	0.00480	0.00840
11	0.01678	0.01209	0.01707	0.19490	0.05858	0.01287	0.01370	0.07682	0.01846	0.10130	0.03103	0.20483	0.07711	0.01455	0.00916	0.00275	0.02823	0.07308	0.00620	0.03049
12	0.72297	0.07084	0.01367	0.01044	0.01538	0.01843	0.00878	0.02283	0.01339	0.03350	0.01079	0.01258	0.00852	0.00715	0.00481	0.00234	0.00618	0.00419	0.00468	0.00852
13	0.00916	0.00785	0.00785	0.00785	0.01047	0.00655	0.00589	0.01113	0.01767	0.02095	0.07855	0.07462	0.67599	0.01964	0.00916	0.00262	0.00393	0.01636	0.00720	0.00655
14	0.02155	0.07696	0.05711	0.07076	0.12532	0.10695	0.06094	0.17363	0.03944	0.02903	0.06817	0.02109	0.01672	0.00921	0.00960	0.00241	0.08813	0.00718	0.00514	0.01065
15	0.02073	0.73217	0.04063	0.01327	0.01990	0.03068	0.01327	0.02322	0.01575	0.01824	0.01078	0.01244	0.00995	0.00663	0.00498	0.00166	0.00829	0.00415	0.00332	0.00995
16	0.01890	0.02940	0.37512	0.05650	0.13258	0.01825	0.02333	0.07783	0.09742	0.06996	0.01761	0.01937	0.01279	0.00800	0.00756	0.00244	0.00986	0.00657	0.00470	0.01181
17	0.01122	0.00762	0.00898	0.00890	0.00923	0.00764	0.00538	0.01189	0.01273	0.01730	0.10776	0.05025	0.03335	0.58958	0.08124	0.00721	0.00794	0.01142	0.00515	0.00519
18	0.01380	0.01983	0.21116	0.02123	0.16414	0.01299	0.01684	0.01927	0.03843	0.02479	0.13068	0.04168	0.22898	0.01244	0.00827	0.00248	0.00730	0.01062	0.00554	0.00952
19	0.01897	0.07491	0.02419	0.09712	0.15450	0.04927	0.05646	0.08773	0.19794	0.02772	0.04207	0.05982	0.05563	0.01003	0.00783	0.00244	0.00813	0.00872	0.00574	0.01077
20	0.07718	0.01295	0.01351	0.06602	0.01776	0.06824	0.01005	0.05122	0.07117	0.05279	0.24485	0.07086	0.15667	0.01414	0.00839	0.00253	0.00602	0.04023	0.00705	0.00837
21	0.05430	0.02130	0.07885	0.13390	0.15094	0.07562	0.10471	0.12817	0.09569	0.02887	0.01677	0.01963	0.01279	0.00790	0.00765	0.00238	0.00976	0.00698	0.00493	0.03887
22	0.01621	0.04931	0.01890	0.10357	0.05203	0.01466	0.04413	0.08518	0.11921	0.02695	0.10934	0.06900	0.08845	0.06701	0.01036	0.00274	0.00696	0.00983	0.00604	0.10014

[dist]
# distance from previous block
# <min> <max>
1	13

[block]
# block no. 3 follows, 25 sequences, length 32
# corresponding to MSA columns:
# 133-164
name=unknown_D
#
# <colnr> <probs for GDERKNQSTAVLIFYWHMCP>
#	G	D	E	R	K	N	Q	S	T	A	V	L	I	F	Y	W	H	M	C	P
0	0.12094	0.04578	0.06794	0.13447	0.09459	0.04388	0.04251	0.09332	0.07839	0.05006	0.01655	0.02042	0.01316	0.03920	0.02897	0.00291	0.05298	0.00670	0.00491	0.04232
1	0.19076	0.08007	0.02147	0.08903	0.10519	0.04761	0.01411	0.16469	0.02078	0.05711	0.04301	0.02129	0.04671	0.00893	0.00756	0.00232	0.03491	0.00670	0.00544	0.03232
2	0.09952	0.04510	0.04925	0.07356	0.07738	0.04439	0.04475	0.20646	0.02281	0.07358	0.05158	0.09658	0.02102	0.01103	0.00783	0.00251	0.00816	0.04791	0.00616	0.01040
3	0.02046	0.10504	0.09658	0.07785	0.11365	0.09010	0.08850	0.04510	0.06108	0.08104	0.01751	0.04690	0.01413	0.00816	0.00731	0.00219	0.00932	0.00704	0.00482	0.10323
4	0.01773	0.01592	0.02201	0.13548	0.10961	0.04467	0.08508	0.09746	0.12921	0.02586	0.02298	0.05265	0.04293	0.12105	0.04045	0.00367	0.00926	0.00900	0.00533	0.00964
5	0.01445	0.00723	0.00723	0.00723	0.00903	0.00723	0.00542	0.01807	0.01626	0.02891	0.02529	0.02891	0.01987	0.00903	0.00542	0.00181	0.00361	0.00723	0.77055	0.00723
6	0.07064	0.09595	0.16144	0.13673	0.06820	0.01848	0.01750	0.05239	0.15624	0.05905	0.02044	0.07483	0.01678	0.00950	0.00737	0.00246	0.00837	0.00780	0.00524	0.01058
7	0.02896	0.03695	0.02197	0.01998	0.02397	0.69638	0.01498	0.03096	0.02197	0.01898	0.01199	0.01398	0.00999	0.00799	0.00699	0.00200	0.01398	0.00499	0.00400	0.00899
8	0.01445	0.00723	0.00723	0.00723	0.00903	0.00723	0.00542	0.01807	0.01626	0.02891	0.02529	0.02891	0.01987	0.00903	0.00542	0.00181	0.00361	0.00723	0.77055	0.00723
9	0.78228	0.01499	0.01140	0.01020	0.01499	0.01739	0.00840	0.02279	0.01320	0.03479	0.01080	0.01260	0.00840	0.00720	0.00480	0.00240	0.00600	0.00420	0.00480	0.00840
10	0.08236	0.02026	0.16241	0.01631	0.02239	0.01584	0.04171	0.16725	0.05202	0.13348	0.02768	0.10639	0.07158	0.01169	0.00797	0.00256	0.00786	0.03295	0.00655	0.01073
11	0.01942	0.01646	0.07753	0.06739	0.04922	0.01495	0.05413	0.14106	0.07934	0.09796	0.04754	0.08234	0.04260	0.07047	0.01168	0.03539	0.00786	0.03818	0.00624	0.04023
12	0.59395	0.19235	0.01863	0.01096	0.01621	0.02068	0.00960	0.02290	0.01383	0.03070	0.01079	0.01256	0.00878	0.00706	0.00484	0.00222	0.00657	0.00419	0.00443	0.00878
13	0.01696	0.01696	0.02375	0.02036	0.02036	0.02375	0.01696	0.01866	0.01187	0.01866	0.01018	0.01696	0.01018	0.01357	0.02545	0.00339	0.71332	0.00679	0.00339	0.00848
14	0.01687	0.05871	0.01882	0.09029	0.09306	0.01512	0.01297	0.08855	0.10968	0.05466	0.12334	0.17037	0.05934	0.01350	0.00901	0.00259	0.03555	0.01154	0.00648	0.00954
15	0.04413	0.01750	0.09224	0.25323	0.19913	0.01619	0.01962	0.02450	0.04947	0.10706	0.01864	0.02478	0.01472	0.00864	0.00772	0.00248	0.00896	0.04625	0.00485	0.03989
16	0.01668	0.01585	0.02668	0.34065	0.36817	0.01732	0.02193	0.02141	0.01670	0.02266	0.01727	0.02249	0.04305	0.00789	0.00778	0.00244	0.00946	0.00735	0.00382	0.01037
17	0.02073	0.73217	0.04063	0.01327	0.01990	0.03068	0.01327	0.02322	0.01575	0.01824	0.01078	0.01244	0.00995	0.00663	0.00498	0.00166	0.00829	0.00415	0.00332	0.00995
18	0.01445	0.00723	0.00723	0.00723	0.00903	0.00723	0.00542	0.01807	0.01626	0.02891	0.02529	0.02891	0.01987	0.00903	0.00542	0.00181	0.00361	0.00723	0.77055	0.00723
19	0.01023	0.00736	0.00972	0.01132	0.01220	0.00699	0.00824	0.01207	0.01556	0.02044	0.04376	0.50096	0.08838	0.05624	0.01142	0.00342	0.00522	0.16296	0.00707	0.00644
20	0.01555	0.04011	0.68733	0.02210	0.03356	0.01801	0.02865	0.02455	0.01637	0.02455	0.01391	0.01637	0.00982	0.00737	0.00737	0.00246	0.01146	0.00573	0.00327	0.01146
21	0.01801	0.01361	0.02200	0.40421	0.14207	0.01516	0.01846	0.02241	0.01728	0.12741	0.06041	0.06836	0.01865	0.00948	0.00797	0.00254	0.00877	0.00845	0.00505	0.00970
22	0.01800	0.01372	0.01627	0.01172	0.01852	0.01044	0.00941	0.02140	0.01671	0.09287	0.01550	0.01714	0.01227	0.00614	0.00595	0.00128	0.00583	0.00492	0.00511	0.69679
23	0.01604	0.01533	0.02609	0.49547	0.17945	0.01773	0.06158	0.02202	0.04851	0.02189	0.01495	0.02079	0.01149	0.00764	0.00783	0.00253	0.01007	0.00713	0.00378	0.00967
24	0.01890	0.01813	0.03095	0.08957	0.63941	0.01835	0.02365	0.02354	0.01752	0.02498	0.01453	0.01928	0.01216	0.00696	0.00768	0.00232	0.00928	0.00691	0.00381	0.01205
25	0.06336	0.01115	0.01466	0.12455	0.06227	0.01155	0.01147	0.04343	0.04343	0.06836	0.16842	0.09818	0.14037	0.04757	0.00996	0.00286	0.00625	0.05720	0.00659	0.00837
26	0.01731	0.01664	0.02909	0.11020	0.22473	0.01627	0.18963	0.05156	0.01825	0.02552	0.04999	0.07602	0.01792	0.00866	0.00807	0.00234	0.00924	0.00873	0.00460	0.11523
27	0.02178	0.01672	0.02685	0.15251	0.34801	0.01717	0.04703	0.05069	0.06000	0.15358	0.01883	0.02152	0.01402	0.00788	0.00779	0.00241	0.00885	0.00730	0.00530	0.01177
28	0.07628	0.01302	0.01905	0.10560	0.09223	0.01356	0.06901	0.04310	0.07093	0.08964	0.10597	0.13138	0.05574	0.01576	0.06098	0.00334	0.00820	0.01074	0.00613	0.00933
29	0.04859	0.07451	0.07797	0.01615	0.04784	0.04151	0.03498	0.09804	0.04150	0.10739	0.10973	0.03345	0.08568	0.04362	0.05369	0.00329	0.03789	0.02827	0.00617	0.00975
30	0.07260	0.08168	0.09169	0.04652	0.06432	0.08081	0.01497	0.16818	0.02172	0.02976	0.04620	0.02782	0.04282	0.00988	0.00737	0.00227	0.00841	0.07208	0.00547	0.10543
31	0.08523	0.20133	0.09434	0.01833	0.07282	0.04587	0.05494	0.04975	0.06836	0.02456	0.03921	0.02336	0.01639	0.04520	0.04135	0.00297	0.03627	0.03328	0.00460	0.04183

[dist]
# distance from previous block
# <min> <max>
3	18

[block]
# block no. 4 follows, 25 sequences, length 39
# corresponding to MSA columns:
# 183-214,216-222
name=unknown_E
#
# <colnr> <probs for GDERKNQSTAVLIFYWHMCP>
#	G	D	E	R	K	N	Q	S	T	A	V	L	I	F	Y	W	H	M	C	P
0	0.04817	0.01243	0.01431	0.01243	0.01602	0.01285	0.00979	0.12622	0.12264	0.10389	0.24697	0.04185	0.12004	0.01645	0.05796	0.00319	0.00653	0.01086	0.00779	0.00961
1	0.01501	0.01950	0.16948	0.10937	0.19125	0.01473	0.07900	0.02032	0.01787	0.02511	0.15658	0.07943	0.04786	0.01060	0.00827	0.00250	0.00854	0.00974	0.00500	0.00983
2	0.01284	0.01136	0.01750	0.32655	0.09384	0.01252	0.01499	0.01660	0.01678	0.02191	0.11029	0.14369	0.14404	0.01336	0.00850	0.00263	0.00736	0.01181	0.00536	0.00808
3	0.01569	0.04749	0.07313	0.35326	0.09025	0.01632	0.01819	0.07325	0.01845	0.02435	0.08380	0.03078	0.07894	0.01013	0.00797	0.00252	0.00874	0.03273	0.00480	0.00922
4	0.07640	0.12618	0.08014	0.12629	0.09855	0.08281	0.01598	0.02658	0.06323	0.13580	0.01851	0.05175	0.01468	0.00863	0.00704	0.00227	0.00863	0.00690	0.00519	0.04443
5	0.12619	0.28430	0.11629	0.01554	0.02184	0.08075	0.01492	0.08712	0.04726	0.08437	0.01473	0.01590	0.01148	0.00794	0.00705	0.00215	0.04154	0.00537	0.00477	0.01050
6	0.05918	0.09938	0.16302	0.01880	0.04995	0.01980	0.05907	0.14033	0.12083	0.06022	0.02324	0.02399	0.07002	0.00954	0.00844	0.00244	0.04761	0.00752	0.00559	0.01104
7	0.10132	0.14754	0.12560	0.05003	0.07163	0.17443	0.03612	0.07486	0.01958	0.08151	0.03834	0.01782	0.01334	0.00797	0.00683	0.00219	0.00984	0.00595	0.00475	0.01035
8	0.05770	0.18185	0.02244	0.01569	0.05495	0.01803	0.01239	0.15374	0.02077	0.11128	0.02418	0.14467	0.02289	0.01492	0.04536	0.00300	0.00799	0.07188	0.00624	0.01003
9	0.02262	0.57409	0.03648	0.01467	0.02083	0.14443	0.01364	0.05905	0.01795	0.02005	0.01142	0.01304	0.01013	0.00701	0.00547	0.00175	0.00928	0.00445	0.00368	0.00996
10	0.01304	0.00702	0.01052	0.01052	0.01077	0.00726	0.00726	0.01077	0.01052	0.01428	0.01478	0.02480	0.01453	0.03253	0.14977	0.63783	0.00925	0.00702	0.00351	0.00400
11	0.02073	0.73217	0.04063	0.01327	0.01990	0.03068	0.01327	0.02322	0.01575	0.01824	0.01078	0.01244	0.00995	0.00663	0.00498	0.00166	0.00829	0.00415	0.00332	0.00995
12	0.03358	0.01513	0.01919	0.01471	0.02076	0.01427	0.01216	0.17770	0.02543	0.54002	0.02787	0.02462	0.01783	0.00953	0.00779	0.00238	0.00704	0.00761	0.00918	0.01319
13	0.01711	0.01654	0.02885	0.34032	0.35510	0.01798	0.06799	0.02210	0.01675	0.02284	0.01431	0.01997	0.01138	0.00726	0.00782	0.00245	0.00999	0.00706	0.00367	0.01052
14	0.01878	0.01884	0.03174	0.14838	0.46391	0.04789	0.10975	0.02362	0.01759	0.02412	0.01450	0.01944	0.01180	0.00704	0.00786	0.00238	0.01013	0.00713	0.00379	0.01131
15	0.02073	0.73217	0.04063	0.01327	0.01990	0.03068	0.01327	0.02322	0.01575	0.01824	0.01078	0.01244	0.00995	0.00663	0.00498	0.00166	0.00829	0.00415	0.00332	0.00995
16	0.01464	0.01378	0.02326	0.70887	0.05340	0.01723	0.02153	0.01981	0.01550	0.01981	0.01378	0.02067	0.01034	0.00775	0.00775	0.00258	0.01034	0.00689	0.00345	0.00861
17	0.01347	0.00673	0.01010	0.01010	0.01010	0.00673	0.00673	0.01010	0.01010	0.01347	0.01347	0.02357	0.01347	0.02694	0.03030	0.77441	0.00673	0.00673	0.00337	0.00337
18	0.01120	0.00782	0.00998	0.00998	0.01051	0.00835	0.00660	0.01226	0.01173	0.01617	0.02303	0.04300	0.02483	0.47219	0.29019	0.00940	0.01257	0.01014	0.00449	0.00555
19	0.78228	0.01499	0.01140	0.01020	0.01499	0.01739	0.00840	0.02279	0.01320	0.03479	0.01080	0.01260	0.00840	0.00720	0.00480	0.00240	0.00600	0.00420	0.00480	0.00840
20	0.01109	0.00824	0.01212	0.01212	0.01339	0.00951	0.00927	0.01363	0.01236	0.01775	0.02108	0.03219	0.02013	0.11524	0.64072	0.01204	0.01964	0.00856	0.00420	0.00673
21	0.02296	0.14752	0.12976	0.01683	0.02333	0.02203	0.01573	0.25419	0.17267	0.06254	0.02078	0.04303	0.01600	0.00931	0.00731	0.00233	0.00819	0.00722	0.00636	0.01191
22	0.71671	0.01429	0.01129	0.01019	0.01458	0.01648	0.00826	0.02171	0.01293	0.03297	0.01102	0.01353	0.00883	0.00888	0.00697	0.06824	0.00606	0.00441	0.00468	0.00797
23	0.02008	0.02305	0.17599	0.03783	0.45158	0.01814	0.02348	0.05993	0.01874	0.07397	0.01581	0.01905	0.01228	0.00734	0.00762	0.00235	0.00949	0.00671	0.00435	0.01221
24	0.08199	0.17775	0.49907	0.01930	0.02922	0.02051	0.02381	0.02413	0.01597	0.02415	0.01302	0.01525	0.00973	0.00720	0.00666	0.00229	0.01035	0.00528	0.00341	0.01089
25	0.01289	0.07155	0.01510	0.01265	0.01453	0.04893	0.00993	0.01540	0.01318	0.01786	0.01970	0.02948	0.01870	0.09925	0.55264	0.01061	0.01838	0.00798	0.00411	0.00713
26	0.02425	0.38536	0.06065	0.01671	0.02235	0.33299	0.01473	0.02680	0.01861	0.01885	0.01147	0.01331	0.00996	0.00728	0.00600	0.00185	0.01102	0.00460	0.00362	0.00958
27	0.01819	0.07878	0.38877	0.10515	0.09144	0.01833	0.02341	0.02634	0.06800	0.08462	0.01666	0.01878	0.01207	0.00777	0.00736	0.00241	0.01003	0.00629	0.00429	0.01131
28	0.01281	0.00888	0.01122	0.01096	0.01292	0.00862	0.00807	0.01787	0.09333	0.06435	0.38736	0.24045	0.05834	0.01728	0.00914	0.00266	0.00434	0.01534	0.00814	0.00792
29	0.00951	0.00698	0.00893	0.01032	0.01116	0.00640	0.00702	0.01111	0.01573	0.02073	0.09128	0.58651	0.13972	0.02306	0.00974	0.00303	0.00436	0.02070	0.00729	0.00640
30	0.02198	0.06770	0.04959	0.16973	0.18279	0.04518	0.11364	0.11869	0.02067	0.10999	0.01682	0.01983	0.01248	0.00776	0.00772	0.00237	0.00978	0.00707	0.00503	0.01119
31	0.02142	0.02167	0.06038	0.06951	0.39892	0.08198	0.06673	0.13339	0.02119	0.02848	0.01505	0.01867	0.01198	0.00746	0.00772	0.00232	0.00997	0.00685	0.00449	0.01179
32	0.01528	0.00924	0.01403	0.01385	0.04931	0.00936	0.03936	0.06225	0.01299	0.01746	0.01404	0.02281	0.01330	0.02347	0.02627	0.63407	0.00732	0.00688	0.00377	0.00497
33	0.04569	0.02792	0.30382	0.05555	0.05808	0.01891	0.24570	0.05487	0.06463	0.02655	0.01594	0.01914	0.01172	0.00738	0.00799	0.00252	0.01118	0.00725	0.00413	0.01104
34	0.02122	0.12293	0.12816	0.08743	0.11235	0.11352	0.05612	0.07188	0.07537	0.07627	0.01957	0.02128	0.04358	0.00844	0.00736	0.00229	0.00966	0.00689	0.00491	0.01078
35	0.01960	0.10852	0.06058	0.19448	0.15205	0.08697	0.10300	0.02407	0.01763	0.06972	0.01636	0.02248	0.01336	0.00812	0.00758	0.00235	0.01005	0.04102	0.00430	0.03776
36	0.01883	0.05026	0.02626	0.16374	0.24732	0.04758	0.07189	0.06989	0.04717	0.04792	0.04198	0.05678	0.01744	0.04814	0.00958	0.00269	0.00913	0.00823	0.00480	0.01036
37	0.01785	0.05257	0.12745	0.08361	0.15365	0.03946	0.21516	0.05764	0.01857	0.02514	0.04791	0.02423	0.05783	0.00856	0.00877	0.00247	0.03616	0.00819	0.00436	0.01041
38	0.08427	0.04369	0.06126	0.05346	0.14048	0.14547	0.07187	0.09289	0.11121	0.07039	0.01949	0.02100	0.03353	0.00847	0.00744	0.00235	0.00950	0.00699	0.00534	0.01089

[dist]
# distance from previous block
# <min> <max>
3	13

[block]
# block no. 5 follows, 25 sequences, length 24
# corresponding to MSA columns:
# 236-259
name=unknown_F
#
# <colnr> <probs for GDERKNQSTAVLIFYWHMCP>
#	G	D	E	R	K	N	Q	S	T	A	V	L	I	F	Y	W	H	M	C	P
0	0.06056	0.11382	0.14490	0.01715	0.02329	0.08555	0.06867	0.05522	0.10586	0.07967	0.03948	0.06266	0.04275	0.00992	0.00745	0.00236	0.00868	0.02613	0.00550	0.04038
1	0.06189	0.16805	0.20357	0.02263	0.10100	0.13480	0.08797	0.02647	0.01793	0.08527	0.01465	0.01675	0.01118	0.00739	0.00696	0.00221	0.01043	0.00591	0.00422	0.01073
2	0.09886	0.11354	0.30906	0.01829	0.02651	0.04906	0.06511	0.02561	0.01734	0.11234	0.04179	0.01869	0.01369	0.00777	0.00696	0.00226	0.00947	0.00614	0.00464	0.05286
3	0.07768	0.25329	0.10239	0.01735	0.05517	0.13410	0.01512	0.06245	0.08879	0.06132	0.01549	0.01660	0.01221	0.00768	0.00638	0.00205	0.00902	0.00550	0.00472	0.05269
4	0.01692	0.16555	0.15878	0.01626	0.02175	0.01648	0.08304	0.02165	0.05233	0.07217	0.02414	0.12397	0.04682	0.07097	0.01151	0.04343	0.00831	0.03170	0.00506	0.00917
5	0.01179	0.00747	0.01037	0.01050	0.01147	0.00751	0.00762	0.01179	0.01336	0.01783	0.07900	0.07570	0.12711	0.03177	0.17761	0.34116	0.00920	0.03850	0.00492	0.00532
6	0.02073	0.73217	0.04063	0.01327	0.01990	0.03068	0.01327	0.02322	0.01575	0.01824	0.01078	0.01244	0.00995	0.00663	0.00498	0.00166	0.00829	0.00415	0.00332	0.00995
7	0.01785	0.01536	0.01677	0.01617	0.05483	0.01711	0.01185	0.05916	0.48680	0.03061	0.03865	0.03628	0.14116	0.01193	0.00810	0.00260	0.00600	0.00997	0.00754	0.01127
8	0.02177	0.64473	0.03828	0.01411	0.02041	0.11441	0.01348	0.02419	0.01654	0.01833	0.01093	0.01263	0.00995	0.00680	0.00523	0.00170	0.00901	0.00425	0.00340	0.00983
9	0.01475	0.03605	0.60187	0.02031	0.03065	0.01657	0.02579	0.02287	0.01653	0.02410	0.02204	0.02370	0.09361	0.00891	0.00759	0.00248	0.01051	0.00707	0.00377	0.01084
10	0.01478	0.03591	0.60201	0.02068	0.03075	0.01653	0.02595	0.02282	0.01618	0.02396	0.01754	0.10518	0.01504	0.00950	0.00768	0.00254	0.01058	0.00778	0.00377	0.01081
11	0.00964	0.00787	0.00851	0.00835	0.01076	0.00675	0.00627	0.01205	0.01880	0.02361	0.23541	0.07023	0.51747	0.01864	0.00916	0.00257	0.00386	0.01575	0.00755	0.00675
12	0.01555	0.04011	0.68733	0.02210	0.03356	0.01801	0.02865	0.02455	0.01637	0.02455	0.01391	0.01637	0.00982	0.00737	0.00737	0.00246	0.01146	0.00573	0.00327	0.01146
13	0.00953	0.00700	0.00911	0.01055	0.01134	0.00658	0.00721	0.01106	0.01503	0.01981	0.04564	0.59063	0.12754	0.02617	0.05976	0.00376	0.00561	0.02033	0.00698	0.00637
14	0.01815	0.01252	0.01466	0.01378	0.01705	0.01324	0.01096	0.05611	0.24806	0.11222	0.03567	0.07086	0.06732	0.09381	0.01227	0.00340	0.00655	0.17618	0.00749	0.00969
15	0.02036	0.01802	0.03022	0.04278	0.57069	0.01797	0.04484	0.02583	0.05224	0.07629	0.01675	0.02032	0.01340	0.00729	0.00775	0.00234	0.00899	0.00716	0.00450	0.01229
16	0.00945	0.00675	0.00900	0.01080	0.01125	0.00630	0.00720	0.01080	0.01484	0.01979	0.04274	0.72245	0.05128	0.02429	0.00990	0.00315	0.00450	0.02204	0.00720	0.00630
17	0.60109	0.01845	0.09175	0.01507	0.05244	0.01768	0.05821	0.02319	0.01415	0.03242	0.01170	0.01396	0.00900	0.00715	0.00555	0.00242	0.00730	0.00487	0.00451	0.00909
18	0.00945	0.00675	0.00900	0.01080	0.01125	0.00630	0.00720	0.01080	0.01484	0.01979	0.04274	0.72245	0.05128	0.02429	0.00990	0.00315	0.00450	0.02204	0.00720	0.00630
19	0.10765	0.10081	0.01744	0.01331	0.01607	0.01355	0.04572	0.01663	0.01368	0.02078	0.02039	0.06603	0.01976	0.05813	0.39267	0.00818	0.01495	0.04220	0.00446	0.00760
20	0.01891	0.02028	0.06211	0.07506	0.44513	0.10042	0.02077	0.02334	0.01854	0.02492	0.09726	0.02335	0.01942	0.00824	0.00776	0.00231	0.00928	0.00750	0.00440	0.01100
21	0.01903	0.37063	0.09430	0.02091	0.10594	0.05929	0.09015	0.02286	0.01627	0.02049	0.01341	0.01694	0.01161	0.01314	0.09131	0.00327	0.01109	0.00578	0.00359	0.01002
22	0.02156	0.07923	0.20996	0.02147	0.10547	0.02006	0.01872	0.19950	0.08856	0.06948	0.01829	0.02076	0.01402	0.04677	0.00965	0.00265	0.02984	0.00686	0.00551	0.01166
23	0.05802	0.01356	0.01710	0.06729	0.09095	0.01432	0.01258	0.11990	0.11129	0.06825	0.21899	0.03979	0.06505	0.01234	0.00831	0.00253	0.00640	0.05633	0.00714	0.00988

[dist]
# distance from previous block
# <min> <max>
10	16

[block]
# block no. 6 follows, 25 sequences, length 20
# corresponding to MSA columns:
# 277-296
name=unknown_G
#
# <colnr> <probs for GDERKNQSTAVLIFYWHMCP>
#	G	D	E	R	K	N	Q	S	T	A	V	L	I	F	Y	W	H	M	C	P
0	0.01538	0.01369	0.02157	0.41380	0.13336	0.01566	0.01858	0.05721	0.01795	0.02367	0.07718	0.03211	0.05796	0.01022	0.00818	0.00260	0.00885	0.05825	0.00472	0.00907
1	0.02623	0.01388	0.01703	0.01438	0.01925	0.01390	0.01162	0.03622	0.25692	0.36280	0.06114	0.03370	0.02535	0.01118	0.00813	0.00258	0.00634	0.05854	0.00873	0.01210
2	0.03030	0.02039	0.02245	0.01721	0.02338	0.02207	0.01422	0.55739	0.03423	0.14791	0.02048	0.01983	0.01412	0.00935	0.00776	0.00234	0.00823	0.00711	0.00804	0.01319
3	0.01325	0.00969	0.01159	0.01071	0.01330	0.00949	0.00816	0.01983	0.13446	0.05980	0.44119	0.05392	0.15398	0.01520	0.00887	0.00250	0.00427	0.01317	0.00827	0.00834
4	0.01464	0.01378	0.02326	0.70887	0.05340	0.01723	0.02153	0.01981	0.01550	0.01981	0.01378	0.02067	0.01034	0.00775	0.00775	0.00258	0.01034	0.00689	0.00345	0.00861
5	0.00941	0.00688	0.00886	0.01045	0.01115	0.00633	0.00704	0.01084	0.01518	0.01993	0.04699	0.64556	0.12542	0.02374	0.00981	0.00309	0.00443	0.02137	0.00720	0.00633
6	0.01464	0.01378	0.02326	0.70887	0.05340	0.01723	0.02153	0.01981	0.01550	0.01981	0.01378	0.02067	0.01034	0.00775	0.00775	0.00258	0.01034	0.00689	0.00345	0.00861
7	0.01555	0.04011	0.68733	0.02210	0.03356	0.01801	0.02865	0.02455	0.01637	0.02455	0.01391	0.01637	0.00982	0.00737	0.00737	0.00246	0.01146	0.00573	0.00327	0.01146
8	0.02073	0.73217	0.04063	0.01327	0.01990	0.03068	0.01327	0.02322	0.01575	0.01824	0.01078	0.01244	0.00995	0.00663	0.00498	0.00166	0.00829	0.00415	0.00332	0.00995
9	0.01694	0.01612	0.02740	0.37536	0.36899	0.01783	0.02267	0.02182	0.01659	0.02259	0.01419	0.01992	0.01132	0.00733	0.00771	0.00244	0.00977	0.00690	0.00364	0.01046
10	0.03479	0.01320	0.01799	0.01380	0.01979	0.01140	0.01140	0.03779	0.02219	0.68451	0.03059	0.02639	0.01919	0.00960	0.00780	0.00240	0.00660	0.00780	0.00960	0.01320
11	0.03432	0.01512	0.01832	0.01430	0.02013	0.06683	0.01169	0.03723	0.02217	0.63065	0.02908	0.02539	0.01845	0.00947	0.00773	0.00237	0.00720	0.00757	0.00914	0.01285
12	0.01108	0.00831	0.01246	0.01246	0.01385	0.00969	0.00969	0.01385	0.01246	0.01800	0.02077	0.03046	0.01938	0.05815	0.69678	0.01246	0.02077	0.00831	0.00415	0.00692
13	0.00945	0.00675	0.00900	0.01080	0.01125	0.00630	0.00720	0.01080	0.01484	0.01979	0.04274	0.72245	0.05128	0.02429	0.00990	0.00315	0.00450	0.02204	0.00720	0.00630
14	0.02707	0.03336	0.02381	0.02533	0.15104	0.56489	0.01669	0.02957	0.02114	0.02021	0.01249	0.01499	0.01043	0.00778	0.00712	0.00206	0.01306	0.00537	0.00396	0.00963
15	0.02073	0.73217	0.04063	0.01327	0.01990	0.03068	0.01327	0.02322	0.01575	0.01824	0.01078	0.01244	0.00995	0.00663	0.00498	0.00166	0.00829	0.00415	0.00332	0.00995
16	0.00945	0.00758	0.00844	0.00882	0.01080	0.00657	0.00639	0.01146	0.01747	0.02185	0.13995	0.23544	0.44786	0.02036	0.00935	0.00273	0.00404	0.01751	0.00736	0.00657
17	0.10187	0.02864	0.02024	0.01923	0.04928	0.45562	0.01418	0.02663	0.01885	0.02070	0.01294	0.01640	0.01113	0.01469	0.09584	0.00349	0.07188	0.00556	0.00404	0.00876
18	0.02938	0.02158	0.02259	0.01756	0.02358	0.05274	0.01441	0.55605	0.06214	0.09129	0.01972	0.01940	0.01392	0.00932	0.00773	0.00233	0.00853	0.00703	0.00772	0.01296
19	0.07453	0.15722	0.21357	0.01733	0.02459	0.02041	0.04324	0.09555	0.14320	0.05830	0.01875	0.02107	0.01452	0.00852	0.00703	0.00232	0.00863	0.02732	0.00526	0.03866

[dist]
# distance from previous block
# <min> <max>
0	2

[block]
# block no. 7 follows, 25 sequences, length 83
# corresponding to MSA columns:
# 299-381
name=unknown_H
#
# <colnr> <probs for GDERKNQSTAVLIFYWHMCP>
#	G	D	E	R	K	N	Q	S	T	A	V	L	I	F	Y	W	H	M	C	P
0	0.01835	0.13964	0.41502	0.01922	0.02815	0.05025	0.02214	0.02810	0.13130	0.05066	0.01712	0.01828	0.01266	0.00793	0.00710	0.00234	0.00996	0.00607	0.00438	0.01133
1	0.01400	0.01111	0.01219	0.01155	0.01439	0.01129	0.00870	0.10572	0.13911	0.02709	0.07890	0.22722	0.27342	0.01757	0.00892	0.00271	0.00511	0.01504	0.00746	0.00849
2	0.02459	0.02906	0.02496	0.09708	0.22430	0.42431	0.01829	0.02769	0.02003	0.02097	0.01295	0.01622	0.01071	0.00764	0.00727	0.00215	0.01218	0.00576	0.00389	0.00994
3	0.01108	0.00831	0.01246	0.01246	0.01385	0.00969	0.00969	0.01385	0.01246	0.01800	0.02077	0.03046	0.01938	0.05815	0.69678	0.01246	0.02077	0.00831	0.00415	0.00692
4	0.02073	0.73217	0.04063	0.01327	0.01990	0.03068	0.01327	0.02322	0.01575	0.01824	0.01078	0.01244	0.00995	0.00663	0.00498	0.00166	0.00829	0.00415	0.00332	0.00995
5	0.01608	0.01378	0.01608	0.01148	0.01837	0.01034	0.00919	0.01952	0.01608	0.02527	0.01378	0.01608	0.01148	0.00574	0.00574	0.00115	0.00574	0.00459	0.00459	0.77491
6	0.01919	0.01842	0.03147	0.04759	0.67914	0.01842	0.02380	0.02380	0.01765	0.02533	0.01458	0.01919	0.01228	0.00691	0.00768	0.00230	0.00921	0.00691	0.00384	0.01228
7	0.02947	0.02172	0.02327	0.01784	0.02404	0.02404	0.01474	0.65329	0.03646	0.04887	0.01862	0.01862	0.01319	0.00931	0.00776	0.00233	0.00853	0.00698	0.00776	0.01319
8	0.01464	0.01378	0.02326	0.70887	0.05340	0.01723	0.02153	0.01981	0.01550	0.01981	0.01378	0.02067	0.01034	0.00775	0.00775	0.00258	0.01034	0.00689	0.00345	0.00861
9	0.00952	0.00719	0.00881	0.00983	0.01106	0.00648	0.00683	0.01129	0.01641	0.02131	0.11931	0.46347	0.23632	0.02205	0.00960	0.00292	0.00424	0.01954	0.00734	0.00648
10	0.01108	0.00831	0.01246	0.01246	0.01385	0.00969	0.00969	0.01385	0.01246	0.01800	0.02077	0.03046	0.01938	0.05815	0.69678	0.01246	0.02077	0.00831	0.00415	0.00692
11	0.01919	0.01842	0.03147	0.04759	0.67914	0.01842	0.02380	0.02380	0.01765	0.02533	0.01458	0.01919	0.01228	0.00691	0.00768	0.00230	0.00921	0.00691	0.00384	0.01228
12	0.02562	0.12472	0.05435	0.01706	0.02313	0.05029	0.01469	0.39285	0.15202	0.03904	0.01948	0.01941	0.01444	0.00901	0.00733	0.00228	0.00839	0.00678	0.00679	0.01230
13	0.01882	0.14322	0.44322	0.02070	0.03018	0.07144	0.05448	0.08512	0.01872	0.02551	0.01383	0.01603	0.01027	0.00745	0.00710	0.00229	0.01096	0.00572	0.00380	0.01116
14	0.02136	0.11290	0.26895	0.01993	0.06985	0.04339	0.01933	0.06791	0.14591	0.12546	0.01975	0.02010	0.01433	0.00834	0.00727	0.00235	0.00906	0.00657	0.00547	0.01177
15	0.01016	0.00746	0.00958	0.01077	0.01171	0.00711	0.00741	0.01290	0.04813	0.02221	0.14134	0.56001	0.07789	0.02212	0.00965	0.00299	0.00443	0.01992	0.00744	0.00676
16	0.78228	0.01499	0.01140	0.01020	0.01499	0.01739	0.00840	0.02279	0.01320	0.03479	0.01080	0.01260	0.00840	0.00720	0.00480	0.00240	0.00600	0.00420	0.00480	0.00840
17	0.02238	0.02268	0.19331	0.01899	0.06409	0.01769	0.01714	0.22662	0.07336	0.12038	0.02115	0.05008	0.01656	0.05390	0.04360	0.00323	0.00928	0.00781	0.00623	0.01153
18	0.01058	0.00827	0.00963	0.00922	0.01149	0.00751	0.00694	0.01432	0.04791	0.02693	0.39913	0.06362	0.32182	0.01720	0.00910	0.00252	0.00388	0.01477	0.00795	0.00721
19	0.02129	0.68527	0.03937	0.01372	0.02018	0.07559	0.01338	0.02374	0.01617	0.01829	0.01086	0.01254	0.00995	0.00673	0.00511	0.00168	0.00868	0.00420	0.00336	0.00989
20	0.01838	0.07845	0.48011	0.02016	0.02992	0.05875	0.02382	0.10055	0.01907	0.02683	0.01417	0.01624	0.01037	0.00748	0.00713	0.00227	0.01065	0.00566	0.00396	0.06606
21	0.01805	0.06760	0.25345	0.03697	0.42251	0.01900	0.02482	0.02402	0.01711	0.02465	0.01414	0.01784	0.01131	0.00705	0.00741	0.00232	0.00992	0.00635	0.00362	0.01187
22	0.07496	0.02086	0.02203	0.01719	0.02315	0.02322	0.01413	0.56056	0.09037	0.04655	0.01927	0.01915	0.01381	0.00928	0.00759	0.00236	0.00817	0.00697	0.00759	0.01281
23	0.02049	0.02165	0.02886	0.06628	0.40402	0.14801	0.04983	0.02430	0.01758	0.02291	0.01348	0.01802	0.01144	0.00809	0.01016	0.00243	0.11116	0.00663	0.00379	0.01087
24	0.01229	0.00886	0.01221	0.01388	0.01572	0.00878	0.01209	0.01576	0.01784	0.02306	0.04336	0.08667	0.08352	0.02131	0.01061	0.00351	0.00694	0.58933	0.00714	0.00710
25	0.01128	0.00752	0.00846	0.00846	0.00846	0.00752	0.00470	0.01128	0.01128	0.01503	0.02443	0.05074	0.02819	0.72751	0.03946	0.00752	0.00752	0.01128	0.00470	0.00470
26	0.01556	0.01503	0.02345	0.43786	0.04039	0.01979	0.01973	0.01936	0.01408	0.01936	0.01236	0.01921	0.01027	0.01004	0.01472	0.00290	0.28704	0.00685	0.00342	0.00856
27	0.01464	0.01378	0.02326	0.70887	0.05340	0.01723	0.02153	0.01981	0.01550	0.01981	0.01378	0.02067	0.01034	0.00775	0.00775	0.00258	0.01034	0.00689	0.00345	0.00861
28	0.01620	0.01575	0.02246	0.02052	0.05173	0.02141	0.01622	0.01820	0.01225	0.01889	0.01196	0.01907	0.01164	0.01984	0.12396	0.00468	0.57623	0.00702	0.00353	0.00844
29	0.00945	0.00675	0.00900	0.01080	0.01125	0.00630	0.00720	0.01080	0.01484	0.01979	0.04274	0.72245	0.05128	0.02429	0.00990	0.00315	0.00450	0.02204	0.00720	0.00630
30	0.01888	0.01623	0.01718	0.01548	0.01974	0.01870	0.01203	0.03990	0.63357	0.03237	0.06314	0.03035	0.02610	0.01078	0.00795	0.00262	0.00601	0.00902	0.00792	0.01203
31	0.78228	0.01499	0.01140	0.01020	0.01499	0.01739	0.00840	0.02279	0.01320	0.03479	0.01080	0.01260	0.00840	0.00720	0.00480	0.00240	0.00600	0.00420	0.00480	0.00840
32	0.01555	0.04011	0.68733	0.02210	0.03356	0.01801	0.02865	0.02455	0.01637	0.02455	0.01391	0.01637	0.00982	0.00737	0.00737	0.00246	0.01146	0.00573	0.00327	0.01146
33	0.54191	0.01606	0.01452	0.01213	0.01735	0.01791	0.01000	0.14609	0.01882	0.12045	0.01483	0.01552	0.01070	0.00791	0.00575	0.00239	0.00656	0.00519	0.00598	0.00993
34	0.01319	0.01055	0.01687	0.01900	0.12704	0.00999	0.07246	0.01600	0.01704	0.05022	0.12398	0.39319	0.06356	0.01771	0.00923	0.00281	0.00607	0.01635	0.00660	0.00814
35	0.01764	0.03272	0.46712	0.02727	0.15244	0.01783	0.08363	0.02524	0.01714	0.06471	0.01521	0.01791	0.01102	0.00734	0.00761	0.00244	0.01090	0.00639	0.00382	0.01162
36	0.00983	0.00691	0.00888	0.01031	0.01066	0.00655	0.00667	0.01090	0.01410	0.01880	0.03890	0.58173	0.04644	0.17161	0.01609	0.00406	0.00513	0.01979	0.00667	0.00596
37	0.02341	0.20038	0.12328	0.05072	0.02653	0.19948	0.05395	0.15336	0.05159	0.02663	0.01451	0.01629	0.01135	0.00786	0.00691	0.00214	0.01056	0.00580	0.00464	0.01064
38	0.01840	0.09078	0.33575	0.02720	0.12972	0.01915	0.17685	0.02521	0.01734	0.06485	0.01520	0.01817	0.01125	0.00717	0.00766	0.00240	0.01094	0.00673	0.00391	0.01131
39	0.00958	0.00685	0.00915	0.01095	0.01146	0.00642	0.00743	0.01103	0.01498	0.01995	0.04266	0.69403	0.05098	0.02416	0.00993	0.00317	0.00462	0.04911	0.00719	0.00634
40	0.02835	0.03182	0.02244	0.02043	0.04861	0.50228	0.01521	0.12616	0.02355	0.05466	0.01388	0.01562	0.01100	0.00850	0.00808	0.00215	0.04694	0.00559	0.00480	0.00993
41	0.01727	0.01847	0.07090	0.30419	0.22533	0.01849	0.14496	0.04343	0.01731	0.02359	0.01445	0.01986	0.01123	0.00747	0.00849	0.00252	0.03067	0.00726	0.00378	0.01034
42	0.01103	0.00757	0.00880	0.00914	0.00951	0.00743	0.00568	0.01160	0.01262	0.01660	0.03139	0.12784	0.07571	0.54703	0.03191	0.00640	0.00692	0.06229	0.00533	0.00519
43	0.06552	0.01746	0.01940	0.01540	0.02110	0.05029	0.01255	0.22118	0.11108	0.34529	0.02530	0.02315	0.01703	0.00944	0.00762	0.00239	0.00745	0.00738	0.00832	0.01264
44	0.01452	0.01357	0.02248	0.57012	0.11023	0.01621	0.02015	0.01927	0.01584	0.02043	0.01933	0.05095	0.05700	0.00910	0.00792	0.00258	0.00957	0.00811	0.00388	0.00874
45	0.02162	0.06199	0.29755	0.01985	0.02802	0.01874	0.07614	0.16413	0.04850	0.11714	0.01947	0.02308	0.01459	0.00893	0.00777	0.00247	0.00969	0.04306	0.00557	0.01168
46	0.01779	0.01879	0.02384	0.04930	0.02324	0.12017	0.08185	0.02025	0.01443	0.01941	0.01413	0.06178	0.01369	0.01645	0.07993	0.00387	0.40091	0.00785	0.00384	0.00849
47	0.03148	0.01439	0.01823	0.01443	0.02013	0.01369	0.01177	0.07637	0.14685	0.51981	0.03004	0.02640	0.01968	0.00976	0.00781	0.00244	0.00663	0.00793	0.00915	0.01302
48	0.01544	0.01426	0.02392	0.25119	0.30025	0.01522	0.03673	0.01961	0.01664	0.02274	0.05040	0.15690	0.02197	0.01093	0.00824	0.00257	0.00852	0.01021	0.00458	0.00967
49	0.01818	0.02274	0.16311	0.12791	0.31164	0.01868	0.14392	0.05450	0.01815	0.02549	0.01475	0.01913	0.01147	0.00716	0.00791	0.00243	0.01052	0.00710	0.00388	0.01132
50	0.01880	0.02142	0.23023	0.01692	0.02300	0.01451	0.01735	0.11550	0.04244	0.11159	0.05864	0.07091	0.02667	0.01314	0.00863	0.00278	0.00834	0.18241	0.00640	0.01032
51	0.78228	0.01499	0.01140	0.01020	0.01499	0.01739	0.00840	0.02279	0.01320	0.03479	0.01080	0.01260	0.00840	0.00720	0.00480	0.00240	0.00600	0.00420	0.00480	0.00840
52	0.00964	0.00783	0.00854	0.00846	0.01079	0.00673	0.00631	0.01202	0.01866	0.02351	0.23050	0.09577	0.49647	0.01885	0.00919	0.00259	0.00388	0.01598	0.00754	0.00673
53	0.01552	0.01457	0.02392	0.50682	0.17813	0.01704	0.02080	0.02118	0.04587	0.02158	0.01796	0.02341	0.04418	0.00829	0.00781	0.00253	0.00960	0.00745	0.00392	0.00943
54	0.02132	0.68424	0.03946	0.01358	0.02018	0.03023	0.01337	0.06573	0.01715	0.02031	0.01131	0.01285	0.01017	0.00681	0.00516	0.00170	0.00831	0.00434	0.00362	0.01017
55	0.01719	0.10963	0.51059	0.02034	0.03003	0.05016	0.02463	0.05515	0.01765	0.02474	0.01556	0.02075	0.01236	0.00836	0.00734	0.00242	0.01081	0.04750	0.00379	0.01098
56	0.01155	0.05894	0.05200	0.04447	0.01516	0.00978	0.00925	0.01501	0.01963	0.02630	0.38316	0.05551	0.23981	0.01545	0.00870	0.00245	0.00484	0.01321	0.00723	0.00757
57	0.01627	0.03317	0.48944	0.02531	0.12378	0.01779	0.05667	0.02518	0.06065	0.02548	0.04253	0.01955	0.01381	0.00782	0.00761	0.00245	0.01054	0.00661	0.00391	0.01141
