[name]
unknown

[dist]
# distance from previous block
# <min> <max>
8	27

[block]
# block no. 0 follows, 25 sequences, length 8
# corresponding to MSA columns:
# 29-36
name=unknown_A
#
# <colnr> <probs for GDERKNQSTAVLIFYWHMCP>
#	G	D	E	R	K	N	Q	S	T	A	V	L	I	F	Y	W	H	M	C	P
0	0.02564	0.01852	0.02019	0.01601	0.02115	0.02047	0.01309	0.50693	0.03138	0.04302	0.01963	0.02116	0.01467	0.01491	0.08701	0.00344	0.00938	0.00716	0.09446	0.01178
1	0.02497	0.01701	0.01794	0.01529	0.02010	0.07120	0.01208	0.06772	0.34841	0.23563	0.06245	0.02793	0.02322	0.01024	0.00785	0.00248	0.00690	0.00834	0.00813	0.01208
2	0.01230	0.00869	0.01061	0.01088	0.01288	0.00831	0.00809	0.01629	0.07589	0.06310	0.13585	0.29180	0.20249	0.02099	0.03686	0.00323	0.00536	0.06136	0.00746	0.00754
3	0.02947	0.02172	0.02327	0.01784	0.02404	0.02404	0.01474	0.65329	0.03646	0.04887	0.01862	0.01862	0.01319	0.00931	0.00776	0.00233	0.00853	0.00698	0.00776	0.01319
4	0.01182	0.01046	0.01050	0.01138	0.01265	0.08526	0.00795	0.01358	0.01681	0.02114	0.11640	0.48887	0.12234	0.02091	0.00939	0.00287	0.00542	0.01850	0.00699	0.00675
5	0.01683	0.01725	0.01705	0.01578	0.01737	0.18107	0.01224	0.01893	0.01456	0.01814	0.01649	0.02502	0.01570	0.09154	0.31862	0.00740	0.17703	0.00739	0.00399	0.00760
6	0.06358	0.19908	0.13265	0.01886	0.06297	0.15038	0.01654	0.16900	0.02155	0.02772	0.01418	0.01634	0.01134	0.01095	0.05056	0.00277	0.01066	0.00565	0.00462	0.01062
7	0.01493	0.01441	0.01678	0.01443	0.01782	0.10894	0.09199	0.01788	0.01742	0.02237	0.09298	0.10166	0.14332	0.06050	0.07251	0.00358	0.00869	0.04023	0.03997	0.09959

[dist]
# distance from previous block
# <min> <max>
2	26

[block]
# block no. 1 follows, 25 sequences, length 14
# corresponding to MSA columns:
# 63-76
name=unknown_B
#
# <colnr> <probs for GDERKNQSTAVLIFYWHMCP>
#	G	D	E	R	K	N	Q	S	T	A	V	L	I	F	Y	W	H	M	C	P
0	0.04781	0.42625	0.19840	0.01488	0.02197	0.02363	0.01611	0.02231	0.01669	0.02231	0.10623	0.01992	0.01886	0.00815	0.00617	0.00200	0.00834	0.00596	0.00411	0.00989
1	0.02524	0.18656	0.05347	0.01781	0.02294	0.36897	0.01477	0.08170	0.11321	0.02343	0.01513	0.01625	0.01219	0.00813	0.00675	0.00206	0.01105	0.00554	0.00468	0.01012
2	0.08023	0.11360	0.01613	0.01141	0.01496	0.01343	0.00907	0.08777	0.01867	0.11034	0.03917	0.19798	0.18663	0.05438	0.00971	0.00280	0.00590	0.01252	0.00668	0.00862
3	0.02658	0.01974	0.02107	0.01642	0.02211	0.02155	0.01348	0.56178	0.03378	0.04489	0.02716	0.02660	0.10764	0.01078	0.00796	0.00237	0.00788	0.00832	0.00768	0.01224
4	0.01835	0.01595	0.01554	0.01479	0.01821	0.11066	0.01181	0.02848	0.26449	0.06545	0.07019	0.04839	0.09032	0.01421	0.00871	0.00277	0.00722	0.17761	0.00720	0.00966
5	0.01652	0.01573	0.02698	0.37007	0.31419	0.01734	0.04662	0.02143	0.01683	0.02288	0.04622	0.02186	0.01425	0.00774	0.00784	0.00246	0.00965	0.00733	0.00388	0.01017
6	0.07450	0.01447	0.02134	0.01601	0.02230	0.01280	0.10210	0.03293	0.02040	0.47555	0.02534	0.02360	0.01660	0.00857	0.00757	0.00228	0.00739	0.00741	0.00792	0.10092
7	0.07469	0.00926	0.01059	0.00987	0.01273	0.00836	0.00754	0.01479	0.01839	0.02647	0.27989	0.11950	0.21026	0.01577	0.00846	0.00242	0.00447	0.04295	0.00712	0.11648
8	0.01172	0.00889	0.01223	0.01190	0.01393	0.00907	0.00914	0.01437	0.01414	0.02020	0.05933	0.11630	0.02746	0.08106	0.38607	0.00820	0.01391	0.06081	0.00508	0.11620
9	0.01664	0.18507	0.55187	0.02025	0.03070	0.02066	0.02543	0.02427	0.01624	0.02323	0.01326	0.01555	0.00985	0.00721	0.00687	0.00229	0.01080	0.00540	0.00328	0.01114
10	0.08249	0.00988	0.01175	0.01172	0.01412	0.01016	0.00914	0.04277	0.05818	0.05407	0.07759	0.18579	0.14760	0.02460	0.12587	0.00449	0.00802	0.10727	0.00671	0.00780
11	0.02074	0.46384	0.16343	0.01688	0.02423	0.09410	0.05158	0.04714	0.01739	0.02101	0.01206	0.01404	0.01015	0.00700	0.00597	0.00192	0.00975	0.00492	0.00357	0.01029
12	0.01573	0.01387	0.01456	0.01242	0.01689	0.06659	0.00972	0.04355	0.04019	0.02422	0.02765	0.11256	0.08203	0.04102	0.00881	0.00225	0.00649	0.08996	0.00566	0.36582
13	0.06039	0.06550	0.15919	0.01644	0.02307	0.06859	0.01570	0.20049	0.04944	0.12391	0.02118	0.02271	0.03735	0.00912	0.00726	0.00228	0.00852	0.02360	0.03189	0.05340

[dist]
# distance from previous block
# <min> <max>
1	18

[block]
# block no. 2 follows, 25 sequences, length 8
# corresponding to MSA columns:
# 95-102
name=unknown_C
#
# <colnr> <probs for GDERKNQSTAVLIFYWHMCP>
#	G	D	E	R	K	N	Q	S	T	A	V	L	I	F	Y	W	H	M	C	P
0	0.21312	0.07625	0.01731	0.01288	0.01762	0.01677	0.01044	0.13824	0.09560	0.05973	0.06138	0.10959	0.02154	0.01055	0.00688	0.00229	0.00633	0.00832	0.00629	0.10889
1	0.01139	0.01219	0.07199	0.01332	0.01684	0.00940	0.09434	0.01484	0.01813	0.02387	0.19345	0.17030	0.28626	0.01678	0.00913	0.00265	0.00583	0.01494	0.00673	0.00762
2	0.02947	0.02172	0.02327	0.01784	0.02404	0.02404	0.01474	0.65329	0.03646	0.04887	0.01862	0.01862	0.01319	0.00931	0.00776	0.00233	0.00853	0.00698	0.00776	0.01319
3	0.01662	0.01484	0.02326	0.61681	0.04949	0.01813	0.02063	0.10421	0.01830	0.02368	0.01443	0.02040	0.01072	0.00796	0.00775	0.00255	0.01010	0.00690	0.00402	0.00922
4	0.01778	0.01479	0.01699	0.01229	0.01909	0.01208	0.00989	0.10000	0.01867	0.02826	0.01440	0.01640	0.01170	0.00619	0.00600	0.00130	0.00610	0.00490	0.00500	0.67818
5	0.01089	0.00819	0.01046	0.01097	0.01279	0.00733	0.00808	0.01317	0.01660	0.02256	0.12614	0.40103	0.10185	0.02002	0.00932	0.00281	0.00486	0.10171	0.00704	0.10417
6	0.02947	0.02172	0.02327	0.01784	0.02404	0.02404	0.01474	0.65329	0.03646	0.04887	0.01862	0.01862	0.01319	0.00931	0.00776	0.00233	0.00853	0.00698	0.00776	0.01319
7	0.01464	0.01378	0.02326	0.70887	0.05340	0.01723	0.02153	0.01981	0.01550	0.01981	0.01378	0.02067	0.01034	0.00775	0.00775	0.00258	0.01034	0.00689	0.00345	0.00861

[dist]
# distance from previous block
# <min> <max>
0	3

[block]
# block no. 3 follows, 25 sequences, length 16
# corresponding to MSA columns:
# 106-121
name=unknown_D
#
# <colnr> <probs for GDERKNQSTAVLIFYWHMCP>
#	G	D	E	R	K	N	Q	S	T	A	V	L	I	F	Y	W	H	M	C	P
0	0.02316	0.02469	0.02437	0.02035	0.02529	0.26493	0.13107	0.03434	0.28992	0.04880	0.02149	0.02193	0.01635	0.00883	0.00779	0.00239	0.01028	0.00743	0.00580	0.01078
1	0.02700	0.02025	0.02194	0.01667	0.02300	0.02152	0.01371	0.53636	0.03270	0.04451	0.01772	0.01815	0.01287	0.00865	0.00738	0.00211	0.00802	0.00654	0.00717	0.15373
2	0.36055	0.02101	0.01638	0.01446	0.01911	0.17228	0.01141	0.09054	0.16914	0.03203	0.01666	0.01730	0.01278	0.00836	0.00630	0.00235	0.00809	0.00571	0.00562	0.00990
3	0.01200	0.00936	0.01115	0.01154	0.01332	0.00953	0.00830	0.01861	0.16769	0.02493	0.16082	0.38762	0.09669	0.01916	0.00923	0.00286	0.00468	0.01702	0.00761	0.00790
4	0.02606	0.01917	0.02089	0.01635	0.02175	0.02096	0.01337	0.53545	0.03378	0.04559	0.13973	0.02587	0.02425	0.01052	0.00801	0.00235	0.00763	0.00828	0.00790	0.01210
5	0.01203	0.00917	0.01151	0.01242	0.01463	0.00899	0.01042	0.01657	0.06747	0.02367	0.08111	0.07805	0.21704	0.01983	0.01000	0.00318	0.00602	0.38322	0.00728	0.00738
6	0.01533	0.01306	0.01398	0.01323	0.01620	0.04986	0.01035	0.02593	0.27192	0.02934	0.26874	0.04925	0.07439	0.01432	0.00876	0.00266	0.00570	0.09993	0.00777	0.00928
7	0.06286	0.01478	0.01749	0.01449	0.01973	0.01509	0.01164	0.03857	0.30001	0.37209	0.03009	0.02685	0.02063	0.00988	0.00770	0.00250	0.00637	0.00805	0.00863	0.01257
8	0.01927	0.01689	0.02092	0.10373	0.13755	0.01915	0.01549	0.06914	0.44230	0.03061	0.02582	0.02571	0.01955	0.00950	0.00783	0.00255	0.00729	0.00813	0.00666	0.01189
9	0.01945	0.14106	0.03305	0.04169	0.56587	0.02053	0.02199	0.02370	0.01733	0.02411	0.01393	0.01803	0.01188	0.00686	0.00721	0.00219	0.00905	0.00643	0.00375	0.01188
10	0.02188	0.48070	0.03316	0.01488	0.02065	0.14296	0.01338	0.02787	0.13664	0.02099	0.01482	0.01575	0.01249	0.00758	0.00586	0.00190	0.00887	0.00514	0.00428	0.01021
11	0.65284	0.01877	0.01321	0.01188	0.01654	0.13406	0.00953	0.02420	0.01470	0.03207	0.01100	0.01283	0.00867	0.00733	0.00518	0.00233	0.00737	0.00434	0.00466	0.00850
12	0.01439	0.00886	0.01041	0.00947	0.01250	0.00765	0.00730	0.01701	0.01968	0.14616	0.23357	0.06113	0.38920	0.01674	0.00891	0.00253	0.00435	0.01414	0.00801	0.00798
13	0.01591	0.10774	0.50200	0.01861	0.02790	0.01750	0.02303	0.02330	0.01629	0.02463	0.01554	0.01811	0.01156	0.00758	0.00678	0.00226	0.00978	0.00582	0.13511	0.01057
14	0.51207	0.01907	0.01435	0.01291	0.01749	0.13441	0.01024	0.02759	0.13499	0.03164	0.01483	0.01585	0.01149	0.00795	0.00575	0.00237	0.00740	0.00518	0.00523	0.00921
15	0.16084	0.02396	0.11750	0.21432	0.11248	0.17164	0.01864	0.05093	0.01782	0.02498	0.01315	0.01678	0.01019	0.00761	0.00697	0.00235	0.01031	0.00580	0.00403	0.00971

[dist]
# distance from previous block
# <min> <max>
5	18

[block]
# block no. 4 follows, 25 sequences, length 15
# corresponding to MSA columns:
# 147-161
name=unknown_E
#
# <colnr> <probs for GDERKNQSTAVLIFYWHMCP>
#	G	D	E	R	K	N	Q	S	T	A	V	L	I	F	Y	W	H	M	C	P
0	0.43360	0.01492	0.01387	0.01227	0.01665	0.01679	0.01001	0.12237	0.08552	0.03537	0.09190	0.02660	0.02108	0.01004	0.00657	0.00251	0.00624	0.05817	0.00620	0.00932
1	0.01614	0.00924	0.01098	0.01018	0.01343	0.00799	0.00798	0.01846	0.01863	0.19388	0.05996	0.11678	0.40050	0.01756	0.00900	0.00268	0.00494	0.06553	0.00782	0.00831
2	0.13984	0.01734	0.01696	0.01345	0.01930	0.07138	0.01072	0.10457	0.11860	0.03033	0.01651	0.01766	0.01297	0.00734	0.00628	0.00179	0.00688	0.00551	0.00548	0.37709
3	0.01892	0.01897	0.03418	0.02490	0.03153	0.01843	0.36740	0.09414	0.01919	0.02702	0.01502	0.01915	0.01170	0.00740	0.00990	0.00233	0.08316	0.00762	0.00445	0.18460
4	0.01212	0.00870	0.01201	0.01154	0.01356	0.00937	0.00897	0.01510	0.01343	0.02046	0.02076	0.02873	0.01865	0.04502	0.51673	0.00962	0.01652	0.00775	0.12473	0.08623
5	0.02885	0.02029	0.02209	0.01720	0.02318	0.02224	0.01412	0.52240	0.10621	0.11061	0.02128	0.02056	0.01497	0.00947	0.00778	0.00237	0.00807	0.00726	0.00796	0.01308
6	0.01410	0.01084	0.01380	0.01545	0.08210	0.01112	0.00989	0.08827	0.08259	0.02497	0.07768	0.34829	0.03809	0.12942	0.01382	0.00355	0.00602	0.01519	0.00668	0.00811
7	0.14657	0.02848	0.02012	0.01760	0.02219	0.39004	0.01363	0.15271	0.08778	0.02867	0.01506	0.01617	0.01173	0.00838	0.00689	0.00219	0.01087	0.00564	0.00525	0.01005
8	0.01008	0.00729	0.00966	0.01133	0.01222	0.00688	0.00823	0.01194	0.01569	0.02060	0.04495	0.54039	0.09482	0.02334	0.01002	0.00320	0.00502	0.15065	0.00719	0.00650
9	0.01171	0.00754	0.01018	0.01156	0.01261	0.00707	0.00833	0.01353	0.01584	0.06720	0.04161	0.57351	0.04797	0.02280	0.00988	0.00316	0.00506	0.11617	0.00736	0.00692
10	0.02715	0.19904	0.02686	0.01769	0.02302	0.32333	0.01449	0.22646	0.02507	0.02828	0.01380	0.01508	0.01099	0.00808	0.00675	0.00202	0.01089	0.00542	0.00502	0.01055
11	0.02514	0.13262	0.02339	0.01626	0.02165	0.09834	0.01337	0.21568	0.24220	0.09872	0.02220	0.02138	0.01645	0.00918	0.00728	0.00229	0.00811	0.00699	0.00686	0.01189
12	0.01614	0.01004	0.01423	0.01612	0.07044	0.00971	0.01206	0.01918	0.01766	0.12635	0.03600	0.13467	0.03726	0.07755	0.01231	0.00357	0.00698	0.36443	0.00705	0.00823
13	0.02532	0.07923	0.02192	0.01657	0.02145	0.09492	0.01349	0.18306	0.22768	0.14162	0.02263	0.02202	0.01664	0.00972	0.00895	0.00243	0.06640	0.00721	0.00696	0.01178
14	0.01892	0.01988	0.12760	0.02158	0.07840	0.01843	0.06347	0.04745	0.10102	0.08494	0.01970	0.02684	0.01659	0.01112	0.01322	0.00281	0.21542	0.06913	0.00517	0.03832

[dist]
# distance from previous block
# <min> <max>
0	1

[block]
# block no. 5 follows, 25 sequences, length 9
# corresponding to MSA columns:
# 163-171
name=unknown_F
#
# <colnr> <probs for GDERKNQSTAVLIFYWHMCP>
#	G	D	E	R	K	N	Q	S	T	A	V	L	I	F	Y	W	H	M	C	P
0	0.13206	0.08357	0.02678	0.01936	0.02466	0.05239	0.15155	0.18890	0.02183	0.06800	0.01761	0.02365	0.01449	0.00957	0.00932	0.00254	0.07782	0.05992	0.00555	0.01044
1	0.01685	0.01568	0.01895	0.08093	0.07772	0.07824	0.01397	0.06979	0.05207	0.02301	0.02169	0.09599	0.04889	0.02079	0.14143	0.00448	0.14997	0.00894	0.00487	0.05571
2	0.01880	0.01680	0.02310	0.02651	0.23377	0.06962	0.06969	0.07863	0.10447	0.02497	0.01943	0.08470	0.01742	0.01318	0.01245	0.15477	0.00854	0.00854	0.00496	0.00964
3	0.01802	0.01726	0.02962	0.07845	0.49574	0.01708	0.07528	0.02267	0.01783	0.02543	0.06689	0.02230	0.01690	0.00756	0.00780	0.00229	0.00895	0.00752	0.00424	0.05817
4	0.01587	0.01403	0.01834	0.02035	0.14458	0.04508	0.04055	0.05506	0.09648	0.02599	0.08831	0.19430	0.06422	0.01401	0.00852	0.00256	0.00686	0.05972	0.00625	0.07893
5	0.01864	0.01523	0.02399	0.07970	0.17972	0.01625	0.09000	0.05334	0.07654	0.09300	0.06072	0.07989	0.02105	0.01459	0.06835	0.00345	0.08058	0.00917	0.00550	0.01030
6	0.05931	0.02192	0.08037	0.02201	0.11734	0.12002	0.01654	0.10648	0.04932	0.02688	0.05004	0.01950	0.01490	0.00965	0.01175	0.00247	0.18422	0.00664	0.00478	0.07585
7	0.05710	0.08235	0.02053	0.01518	0.01940	0.06453	0.01230	0.21313	0.07279	0.03040	0.01791	0.03991	0.01537	0.06859	0.04020	0.00311	0.09584	0.00711	0.02715	0.09711
8	0.07490	0.09122	0.04556	0.05345	0.11592	0.07004	0.05118	0.20376	0.08149	0.03205	0.06656	0.02175	0.01752	0.01029	0.02884	0.00262	0.00906	0.00716	0.00568	0.01095

[dist]
# distance from previous block
# <min> <max>
0	59

[block]
# block no. 6 follows, 25 sequences, length 33
# corresponding to MSA columns:
# 232-264
name=unknown_G
#
# <colnr> <probs for GDERKNQSTAVLIFYWHMCP>
#	G	D	E	R	K	N	Q	S	T	A	V	L	I	F	Y	W	H	M	C	P
0	0.08389	0.07432	0.07862	0.01295	0.01748	0.01348	0.01144	0.02236	0.11428	0.07773	0.03435	0.14256	0.12515	0.01362	0.00788	0.00251	0.00631	0.06956	0.00632	0.08519
1	0.06945	0.04762	0.08885	0.01642	0.02222	0.01659	0.07222	0.20501	0.02263	0.09505	0.04506	0.13235	0.02090	0.01084	0.00770	0.00235	0.00774	0.00922	0.00631	0.10147
2	0.01546	0.05091	0.08137	0.01581	0.01950	0.03710	0.05967	0.04936	0.06974	0.02268	0.01987	0.05530	0.01784	0.05538	0.25801	0.00623	0.07215	0.00815	0.04140	0.04406
3	0.01795	0.01400	0.01809	0.04616	0.10899	0.01306	0.01215	0.12047	0.01981	0.05212	0.07573	0.10047	0.02199	0.01076	0.00854	0.04267	0.00662	0.00838	0.00570	0.29634
4	0.02131	0.68299	0.03931	0.01374	0.02019	0.07777	0.01339	0.02377	0.01619	0.01829	0.01086	0.01255	0.00995	0.00673	0.00512	0.00168	0.00869	0.00421	0.00336	0.00988
5	0.01914	0.01398	0.01539	0.01351	0.01672	0.01512	0.01022	0.26202	0.10990	0.03257	0.02762	0.19523	0.02673	0.13113	0.01332	0.00338	0.00669	0.01157	0.06621	0.00955
6	0.01824	0.01411	0.01640	0.01252	0.01842	0.01206	0.00992	0.12082	0.01947	0.05901	0.01909	0.10860	0.01728	0.00890	0.00670	0.00166	0.00607	0.00739	0.00567	0.51766
7	0.05515	0.02262	0.01793	0.01611	0.01989	0.26512	0.01253	0.12513	0.11366	0.02687	0.02848	0.06318	0.11168	0.01201	0.00852	0.00245	0.03549	0.04774	0.00596	0.00948
8	0.44240	0.01567	0.01428	0.01239	0.01691	0.04795	0.01001	0.11175	0.01779	0.10176	0.01645	0.04486	0.01324	0.01442	0.08685	0.00358	0.00846	0.00618	0.00570	0.00935
9	0.01896	0.01369	0.01637	0.01184	0.01859	0.01050	0.00953	0.02234	0.01702	0.12683	0.01637	0.01767	0.01267	0.00634	0.00606	0.00134	0.00587	0.00509	0.00536	0.65756
10	0.01702	0.01419	0.01642	0.01197	0.01853	0.01141	0.00959	0.07634	0.01822	0.02770	0.04909	0.01851	0.01489	0.00660	0.00610	0.00132	0.00588	0.00531	0.00509	0.66582
11	0.01206	0.00861	0.01199	0.01378	0.01537	0.00855	0.01174	0.01531	0.01742	0.02271	0.04129	0.17849	0.04558	0.02183	0.01059	0.00351	0.00676	0.54024	0.00715	0.00702
12	0.02094	0.01748	0.01847	0.01611	0.02079	0.02006	0.01267	0.14080	0.56284	0.03511	0.02945	0.02725	0.02196	0.01032	0.00787	0.00258	0.00653	0.00848	0.00787	0.01242
13	0.00945	0.00675	0.00900	0.01080	0.01125	0.00630	0.00720	0.01080	0.01484	0.01979	0.04274	0.72245	0.05128	0.02429	0.00990	0.00315	0.00450	0.02204	0.00720	0.00630
14	0.01631	0.01566	0.02710	0.45890	0.25551	0.01774	0.05547	0.02137	0.01635	0.02186	0.01414	0.02020	0.01104	0.00741	0.00780	0.00249	0.01012	0.00702	0.00360	0.00990
15	0.01677	0.20237	0.53570	0.02003	0.03036	0.02098	0.02504	0.02424	0.01623	0.02307	0.01318	0.01545	0.00985	0.00719	0.00681	0.00227	0.01072	0.00536	0.00328	0.01111
16	0.01873	0.01795	0.03063	0.11495	0.61540	0.01830	0.02357	0.02339	0.01744	0.02477	0.01450	0.01934	0.01208	0.00699	0.00768	0.00233	0.00933	0.00691	0.00380	0.01191
17	0.01202	0.00877	0.01183	0.01336	0.01527	0.00858	0.01155	0.01536	0.01782	0.02288	0.04641	0.08563	0.13487	0.02116	0.01049	0.00343	0.00668	0.53968	0.00715	0.00705
18	0.01668	0.01596	0.02650	0.37019	0.29181	0.01847	0.02186	0.02122	0.01590	0.02181	0.01366	0.01965	0.01107	0.00812	0.00984	0.00257	0.09418	0.00688	0.00359	0.01002
19	0.00973	0.00675	0.00907	0.01075	0.01117	0.00633	0.00716	0.01075	0.01451	0.01935	0.04066	0.67301	0.04861	0.02448	0.01134	0.05771	0.00466	0.02096	0.00693	0.00609
20	0.00962	0.00682	0.00895	0.01058	0.01098	0.00641	0.00696	0.01084	0.01451	0.01934	0.04101	0.65917	0.04911	0.09053	0.01268	0.00356	0.00478	0.02103	0.00696	0.00615
21	0.08429	0.03049	0.02135	0.01852	0.02317	0.44145	0.01432	0.19435	0.05184	0.02856	0.01445	0.01572	0.01128	0.00838	0.00707	0.00214	0.01163	0.00561	0.00520	0.01018
22	0.01864	0.07292	0.08225	0.01598	0.02007	0.12115	0.01384	0.09439	0.11117	0.02482	0.02606	0.02820	0.10609	0.01883	0.12233	0.00411	0.09629	0.00810	0.00525	0.00950
23	0.01909	0.40741	0.20428	0.02263	0.15973	0.02490	0.01938	0.02368	0.01631	0.02132	0.01237	0.01484	0.01040	0.00688	0.00615	0.00200	0.00929	0.00512	0.00341	0.01082
24	0.01852	0.01512	0.02114	0.28402	0.08399	0.01739	0.01669	0.15166	0.05232	0.05468	0.05593	0.02678	0.06293	0.01236	0.04300	0.00304	0.05698	0.00815	0.00540	0.00991
25	0.05976	0.02007	0.05063	0.01698	0.02124	0.17086	0.07675	0.02468	0.08851	0.06554	0.02382	0.12251	0.05136	0.01339	0.03885	0.00286	0.05617	0.00922	0.00542	0.08137
26	0.02094	0.01792	0.01797	0.01500	0.01937	0.12450	0.03620	0.19664	0.02326	0.06196	0.06132	0.09536	0.08753	0.05010	0.00963	0.00256	0.00792	0.03257	0.00641	0.11282
27	0.01652	0.06523	0.02165	0.14443	0.05365	0.03917	0.07303	0.07860	0.01840	0.02486	0.05526	0.17104	0.02311	0.01123	0.00777	0.00227	0.00779	0.00999	0.00524	0.17075
28	0.04889	0.01623	0.02218	0.01794	0.02291	0.04361	0.14355	0.10311	0.12263	0.06071	0.02560	0.08197	0.04113	0.01314	0.03715	0.00291	0.00870	0.07575	0.00613	0.10575
29	0.08779	0.05640	0.06575	0.01717	0.06401	0.10462	0.01347	0.11898	0.07866	0.02756	0.04606	0.07790	0.04171	0.01873	0.12016	0.00407	0.01035	0.03145	0.00555	0.00958
30	0.06101	0.09610	0.06589	0.04487	0.02248	0.05022	0.04475	0.23181	0.06514	0.03257	0.05209	0.02912	0.09128	0.01046	0.00753	0.00236	0.00796	0.03111	0.04287	0.01039
31	0.02395	0.17513	0.08076	0.05190	0.04429	0.21035	0.01555	0.17880	0.02312	0.04543	0.04157	0.01983	0.03954	0.00872	0.00703	0.00213	0.00994	0.00637	0.00513	0.01046
32	0.02350	0.15898	0.09391	0.01616	0.02207	0.07738	0.01469	0.28137	0.02513	0.05829	0.02233	0.02291	0.07720	0.00965	0.00783	0.00224	0.03489	0.00709	0.03337	0.01100

[dist]
# distance from previous block
# <min> <max>
18	99

[block]
# block no. 7 follows, 25 sequences, length 21
# corresponding to MSA columns:
# 398-408,410-419
name=unknown_H
#
# <colnr> <probs for GDERKNQSTAVLIFYWHMCP>
#	G	D	E	R	K	N	Q	S	T	A	V	L	I	F	Y	W	H	M	C	P
0	0.04055	0.03784	0.01713	0.15656	0.02354	0.06587	0.01263	0.03827	0.03382	0.02285	0.09354	0.11009	0.13191	0.01458	0.03052	0.00287	0.10085	0.01048	0.00540	0.05069
1	0.17570	0.01804	0.06290	0.01420	0.01906	0.08902	0.01209	0.05337	0.01679	0.09660	0.01551	0.01842	0.01236	0.01448	0.08690	0.03770	0.06555	0.00579	0.00497	0.18055
2	0.05270	0.01682	0.02178	0.18178	0.02904	0.09286	0.08975	0.02437	0.08398	0.08326	0.11157	0.02806	0.05015	0.01035	0.00996	0.00257	0.08764	0.00849	0.00550	0.00936
3	0.07628	0.01280	0.01332	0.04907	0.01695	0.07161	0.00972	0.02088	0.04558	0.11180	0.08035	0.07774	0.11226	0.09395	0.01152	0.00305	0.00666	0.07954	0.04892	0.05799
4	0.27851	0.01877	0.01719	0.09384	0.04622	0.13982	0.01278	0.07119	0.06742	0.05630	0.01907	0.05172	0.03593	0.00972	0.00740	0.00246	0.02952	0.02746	0.00534	0.00933
5	0.05398	0.10323	0.02377	0.01699	0.02227	0.13597	0.01400	0.38602	0.02884	0.03743	0.05860	0.01940	0.01588	0.00932	0.00806	0.00225	0.03959	0.00668	0.00638	0.01136
6	0.01865	0.33258	0.36980	0.01807	0.02715	0.02378	0.02122	0.06482	0.01741	0.02345	0.01289	0.01485	0.01009	0.00718	0.00638	0.00211	0.00993	0.00514	0.00358	0.01093
7	0.01334	0.01082	0.05431	0.01110	0.01403	0.00872	0.00895	0.01722	0.06534	0.09541	0.08009	0.27971	0.27439	0.01845	0.00905	0.00276	0.00506	0.01597	0.00732	0.00797
8	0.08217	0.31047	0.20709	0.01672	0.02369	0.14939	0.01728	0.02453	0.01701	0.02175	0.01382	0.01867	0.01205	0.00809	0.00635	0.00212	0.00995	0.04518	0.00380	0.00987
9	0.02899	0.02148	0.02300	0.01774	0.02386	0.02382	0.01462	0.62447	0.06605	0.04809	0.01922	0.01910	0.01368	0.00936	0.00776	0.00234	0.00842	0.00706	0.00776	0.01314
10	0.02515	0.03019	0.01888	0.01744	0.02098	0.53668	0.01317	0.02741	0.02083	0.02045	0.01939	0.02356	0.05640	0.00959	0.00715	0.00210	0.01179	0.03928	0.09102	0.00853
11	0.10763	0.01384	0.01743	0.07053	0.02111	0.01458	0.03523	0.13162	0.05477	0.17668	0.12682	0.11766	0.02851	0.01210	0.00864	0.00256	0.03285	0.01006	0.00723	0.01014
12	0.02947	0.02172	0.02327	0.01784	0.02404	0.02404	0.01474	0.65329	0.03646	0.04887	0.01862	0.01862	0.01319	0.00931	0.00776	0.00233	0.00853	0.00698	0.00776	0.01319
13	0.01929	0.01666	0.01753	0.01578	0.02016	0.01929	0.01227	0.04120	0.66513	0.03243	0.03156	0.02893	0.02367	0.01052	0.00789	0.00263	0.00614	0.00877	0.00789	0.01227
14	0.01287	0.01067	0.01184	0.01206	0.01390	0.05941	0.00917	0.01730	0.07169	0.02611	0.30495	0.22252	0.05400	0.01791	0.00935	0.00280	0.00545	0.12288	0.00757	0.00756
15	0.65542	0.13446	0.01627	0.01071	0.01581	0.01961	0.00921	0.02286	0.01362	0.03203	0.01079	0.01257	0.00866	0.00710	0.00483	0.00228	0.00638	0.00419	0.00455	0.00866
16	0.02073	0.73217	0.04063	0.01327	0.01990	0.03068	0.01327	0.02322	0.01575	0.01824	0.01078	0.01244	0.00995	0.00663	0.00498	0.00166	0.00829	0.00415	0.00332	0.00995
17	0.02030	0.61792	0.07097	0.01758	0.09508	0.02868	0.01520	0.02335	0.01600	0.01935	0.01136	0.01339	0.01021	0.00670	0.00540	0.00177	0.00855	0.00454	0.00337	0.01029
18	0.01839	0.01277	0.01477	0.01314	0.01662	0.01325	0.01033	0.13133	0.14672	0.09744	0.08613	0.06262	0.10018	0.09719	0.04030	0.00359	0.00698	0.08834	0.00729	0.03261
19	0.02832	0.02115	0.02262	0.01761	0.02361	0.02351	0.01446	0.58410	0.10752	0.04701	0.02008	0.01978	0.01437	0.00944	0.00777	0.00236	0.00826	0.00718	0.00777	0.01308
20	0.01104	0.00810	0.01159	0.01166	0.01275	0.00915	0.00868	0.01325	0.01235	0.01754	0.02237	0.06347	0.02234	0.17852	0.54806	0.01117	0.01767	0.00943	0.00438	0.00649

[dist]
# distance from previous block
# <min> <max>
0	1

[block]
# block no. 8 follows, 25 sequences, length 10
# corresponding to MSA columns:
# 421-430
name=unknown_I
#
# <colnr> <probs for GDERKNQSTAVLIFYWHMCP>
#	G	D	E	R	K	N	Q	S	T	A	V	L	I	F	Y	W	H	M	C	P
0	0.08529	0.05976	0.02371	0.14115	0.02789	0.13784	0.10655	0.05518	0.01722	0.02283	0.01661	0.07949	0.01509	0.01589	0.09605	0.00377	0.07453	0.00797	0.00436	0.00883
1	0.07021	0.23652	0.07712	0.01650	0.02209	0.19102	0.01467	0.08841	0.07536	0.07805	0.01543	0.01652	0.01211	0.00826	0.00749	0.00215	0.04717	0.00559	0.00491	0.01043
2	0.01252	0.00843	0.01054	0.01107	0.01255	0.00814	0.00828	0.01510	0.03677	0.05642	0.07796	0.19098	0.11602	0.20620	0.01760	0.00426	0.00609	0.18756	0.00675	0.00677
3	0.07844	0.01957	0.05628	0.19077	0.30128	0.07372	0.04094	0.06242	0.01853	0.06353	0.01507	0.01891	0.01167	0.00752	0.00746	0.00237	0.00966	0.00662	0.00438	0.01087
4	0.14676	0.02096	0.02042	0.01999	0.09913	0.15790	0.01424	0.16207	0.07347	0.05178	0.01643	0.01885	0.01303	0.01359	0.07503	0.00336	0.07086	0.00640	0.00539	0.01036
5	0.01262	0.01146	0.01110	0.01157	0.01332	0.08994	0.00826	0.01596	0.06654	0.02199	0.10651	0.38728	0.17515	0.01952	0.00917	0.00279	0.00556	0.01705	0.00700	0.00722
6	0.01997	0.01704	0.02209	0.01869	0.07852	0.01662	0.06151	0.17268	0.05915	0.03076	0.01590	0.01815	0.01259	0.00767	0.00837	0.00191	0.06458	0.00613	0.00533	0.36234
7	0.01938	0.07665	0.01977	0.01514	0.05695	0.01516	0.01144	0.12449	0.07218	0.06140	0.01942	0.08596	0.01688	0.00883	0.00679	0.00182	0.00657	0.00725	0.00572	0.36820
8	0.02137	0.01597	0.02149	0.02021	0.11255	0.07825	0.08882	0.02515	0.01988	0.18592	0.15299	0.03110	0.02734	0.00991	0.00795	0.00224	0.00775	0.03649	0.00648	0.12814
9	0.08883	0.01467	0.10862	0.01251	0.01651	0.01146	0.01112	0.05571	0.05296	0.07997	0.14601	0.16659	0.13530	0.05302	0.00999	0.00287	0.00606	0.01240	0.00676	0.00865

[dist]
# distance from previous block
# <min> <max>
0	26

# created by:
# /home/berkeley/.conda/envs/busco_data_prod/bin/msa2prfl.pl pipeline/OGs_align_augustus/4893/39213.fs
