[name]
unknown

[dist]
# distance from previous block
# <min> <max>
12	84

[block]
# block no. 0 follows, 34 sequences, length 57
# corresponding to MSA columns:
# 120-176
name=unknown_A
#
# <colnr> <probs for GDERKNQSTAVLIFYWHMCP>
#	G	D	E	R	K	N	Q	S	T	A	V	L	I	F	Y	W	H	M	C	P
0	0.06309	0.03561	0.16973	0.10169	0.04124	0.03152	0.04217	0.05901	0.03250	0.06709	0.09917	0.07674	0.01890	0.04829	0.00838	0.00226	0.03823	0.00719	0.00441	0.05276
1	0.03782	0.03186	0.07454	0.03038	0.01597	0.05364	0.02881	0.06862	0.03536	0.14129	0.13274	0.15150	0.08636	0.01119	0.00687	0.00207	0.00568	0.02879	0.00571	0.05080
2	0.01675	0.08162	0.07339	0.01658	0.12549	0.11174	0.01210	0.10275	0.06079	0.06830	0.14396	0.09142	0.02276	0.00910	0.00647	0.00193	0.00663	0.00759	0.00503	0.03559
3	0.11962	0.09882	0.07950	0.01430	0.07803	0.01449	0.01160	0.11686	0.03637	0.11699	0.05950	0.02493	0.07381	0.00895	0.00709	0.00205	0.05391	0.05355	0.02109	0.00855
4	0.07324	0.01757	0.10281	0.01417	0.01883	0.10382	0.06777	0.17333	0.06147	0.11710	0.06041	0.04344	0.07243	0.01000	0.03266	0.00231	0.00752	0.00701	0.00529	0.00882
5	0.03990	0.09904	0.01727	0.08108	0.04174	0.14368	0.02778	0.05888	0.09945	0.08458	0.07827	0.04502	0.03722	0.07030	0.00840	0.00227	0.00700	0.02297	0.00480	0.03035
6	0.03871	0.06952	0.25928	0.03673	0.04265	0.09077	0.03703	0.06907	0.04323	0.10951	0.05558	0.05081	0.05324	0.00808	0.00632	0.00199	0.00768	0.00653	0.00446	0.00883
7	0.03840	0.13370	0.16195	0.03766	0.06568	0.05557	0.09945	0.04606	0.03465	0.05864	0.03629	0.02030	0.08449	0.00747	0.00652	0.00188	0.02863	0.00618	0.00397	0.07252
8	0.04767	0.18171	0.10087	0.06154	0.05979	0.03892	0.04988	0.01778	0.03003	0.03749	0.04613	0.04512	0.01490	0.06627	0.05710	0.00276	0.04932	0.02328	0.00371	0.06574
9	0.03773	0.08407	0.05325	0.12052	0.10069	0.05657	0.01261	0.17518	0.06938	0.02394	0.06396	0.03943	0.05841	0.00929	0.00769	0.06092	0.00685	0.00664	0.00457	0.00830
10	0.01456	0.11183	0.13072	0.05871	0.02005	0.03296	0.07890	0.07146	0.01548	0.05031	0.09603	0.08055	0.03747	0.03042	0.00757	0.00201	0.03344	0.00721	0.00434	0.11597
11	0.10998	0.06846	0.07876	0.04019	0.08321	0.03461	0.05945	0.07144	0.06509	0.06864	0.07112	0.03997	0.03231	0.00740	0.00593	0.00182	0.00641	0.00617	0.00456	0.14448
12	0.01432	0.01358	0.04703	0.01443	0.01763	0.06405	0.14026	0.14701	0.03929	0.02251	0.06674	0.23495	0.02429	0.08052	0.04032	0.00291	0.00731	0.01035	0.00505	0.00744
13	0.00948	0.00754	0.00919	0.05446	0.03710	0.00727	0.00691	0.03968	0.01436	0.01836	0.10350	0.13258	0.33870	0.12836	0.03969	0.00314	0.00501	0.03346	0.00542	0.00579
14	0.09987	0.03510	0.08438	0.01595	0.09502	0.03112	0.04089	0.15098	0.15079	0.07056	0.07493	0.04593	0.05967	0.00856	0.00638	0.00204	0.00631	0.00709	0.00533	0.00909
15	0.04574	0.01084	0.01069	0.01034	0.01243	0.09189	0.00787	0.06504	0.06978	0.02193	0.19057	0.18821	0.13278	0.01517	0.03805	0.00256	0.00556	0.06804	0.00583	0.00667
16	0.07962	0.13569	0.17349	0.01606	0.06979	0.14672	0.03121	0.06886	0.01609	0.08637	0.03492	0.04237	0.01366	0.00776	0.00601	0.00193	0.00794	0.04874	0.00416	0.00859
17	0.13984	0.24158	0.25463	0.01422	0.04010	0.01781	0.01470	0.05470	0.03738	0.06693	0.03349	0.01429	0.01070	0.00657	0.00575	0.00186	0.02819	0.00470	0.00373	0.00882
18	0.11173	0.09072	0.07948	0.05078	0.04954	0.04756	0.07564	0.13063	0.01653	0.02408	0.03972	0.01734	0.04653	0.00673	0.00571	0.00171	0.00684	0.00545	0.00416	0.18912
19	0.01058	0.00921	0.05513	0.00920	0.01173	0.00756	0.00747	0.01456	0.08831	0.06167	0.17595	0.20495	0.26845	0.01438	0.00742	0.00220	0.00409	0.01241	0.00612	0.02861
20	0.01633	0.03776	0.06087	0.11846	0.17374	0.01505	0.07404	0.19242	0.04674	0.02396	0.01456	0.04826	0.01211	0.01071	0.04176	0.08604	0.00797	0.00643	0.00417	0.00862
21	0.00962	0.00754	0.01190	0.01120	0.01261	0.00847	0.05221	0.01196	0.01062	0.01518	0.01726	0.02613	0.01629	0.09947	0.64744	0.00956	0.01608	0.00715	0.00348	0.00582
22	0.01485	0.01429	0.04807	0.01289	0.05806	0.04905	0.02917	0.06133	0.01487	0.02199	0.01175	0.01371	0.00958	0.00521	0.00518	0.00119	0.00584	0.00423	0.00387	0.61486
23	0.00931	0.00663	0.00888	0.00888	0.00952	0.00726	0.00620	0.01057	0.00994	0.01389	0.01868	0.03299	0.01946	0.37468	0.42562	0.00853	0.01233	0.00804	0.00367	0.00493
24	0.01535	0.22746	0.16621	0.07892	0.09853	0.06942	0.09556	0.01914	0.01369	0.01783	0.01201	0.03651	0.01052	0.00718	0.00747	0.00197	0.08505	0.02569	0.00310	0.00836
25	0.01296	0.03342	0.73944	0.01842	0.02797	0.01501	0.02387	0.02046	0.01364	0.02046	0.01160	0.01364	0.00818	0.00614	0.00614	0.00205	0.00955	0.00477	0.00273	0.00955
26	0.01670	0.08143	0.14160	0.04455	0.15500	0.13146	0.04220	0.05207	0.06808	0.03348	0.05208	0.01678	0.01277	0.00752	0.00833	0.00203	0.11575	0.00567	0.00375	0.00874
27	0.00806	0.00575	0.00771	0.00921	0.00966	0.00541	0.00632	0.00931	0.01255	0.01670	0.03551	0.71834	0.04233	0.02007	0.00830	0.00265	0.00391	0.06692	0.00599	0.00530
28	0.03825	0.08617	0.07805	0.03815	0.05004	0.07668	0.05563	0.02135	0.18968	0.02145	0.12784	0.05959	0.02238	0.03030	0.02615	0.00239	0.03816	0.02485	0.00480	0.00808
29	0.00802	0.00604	0.00743	0.00819	0.00925	0.00545	0.00572	0.00961	0.01400	0.01834	0.16061	0.45816	0.22967	0.01802	0.00798	0.00241	0.00350	0.01598	0.00619	0.00545
30	0.01462	0.01391	0.02265	0.28280	0.27832	0.01525	0.08526	0.02172	0.15804	0.02067	0.01489	0.01822	0.01156	0.00658	0.00658	0.00208	0.00780	0.00625	0.00378	0.00902
31	0.01340	0.01148	0.01340	0.00957	0.01531	0.00861	0.00766	0.01627	0.01340	0.02105	0.01148	0.01340	0.00957	0.00479	0.00479	0.00096	0.00479	0.00383	0.00383	0.81242
32	0.00787	0.00562	0.00750	0.00900	0.00937	0.00525	0.00600	0.00900	0.01237	0.01649	0.03561	0.76871	0.04274	0.02024	0.00825	0.00262	0.00375	0.01837	0.00600	0.00525
33	0.01409	0.01138	0.01386	0.01116	0.04747	0.00888	0.00847	0.01699	0.01380	0.05599	0.01364	0.01771	0.01167	0.00581	0.00520	0.00118	0.00502	0.04749	0.00414	0.68605
34	0.04435	0.02089	0.01939	0.23523	0.10581	0.32931	0.01481	0.07351	0.01651	0.01889	0.01096	0.01417	0.00879	0.00685	0.00700	0.00194	0.05527	0.00500	0.00341	0.00793
35	0.02417	0.02988	0.01839	0.01652	0.01998	0.69462	0.01247	0.07516	0.01918	0.01761	0.01039	0.01193	0.00851	0.00674	0.00587	0.00168	0.01132	0.00428	0.00355	0.00774
36	0.01423	0.10103	0.01578	0.01178	0.01325	0.03471	0.00929	0.03510	0.01174	0.07652	0.01509	0.02460	0.01486	0.25333	0.11483	0.00458	0.23220	0.00676	0.00380	0.00652
37	0.00809	0.00585	0.00771	0.00911	0.00971	0.00547	0.00634	0.00942	0.01275	0.01682	0.03737	0.65889	0.08578	0.01977	0.00827	0.00263	0.00392	0.08075	0.00599	0.00533
38	0.00927	0.00678	0.00984	0.08350	0.01380	0.00671	0.02697	0.01090	0.01267	0.03706	0.03167	0.59562	0.03672	0.04689	0.00898	0.00270	0.00467	0.04399	0.00559	0.00568
39	0.02222	0.01316	0.01541	0.01262	0.01686	0.01366	0.01022	0.23686	0.17016	0.27771	0.05071	0.06437	0.01933	0.00937	0.00674	0.00210	0.00574	0.03565	0.00700	0.01012
40	0.07489	0.01774	0.01876	0.01446	0.01956	0.01969	0.01195	0.66720	0.02915	0.03998	0.01510	0.01519	0.01074	0.00764	0.00631	0.00194	0.00698	0.00567	0.00631	0.01074
41	0.00931	0.00623	0.00707	0.00716	0.00718	0.00621	0.00404	0.00937	0.00957	0.01276	0.02124	0.08419	0.02460	0.72950	0.03147	0.00605	0.00612	0.00991	0.00404	0.00399
42	0.01732	0.03852	0.08992	0.01769	0.03543	0.04758	0.20552	0.12664	0.07787	0.09574	0.08426	0.05286	0.01810	0.00836	0.00744	0.00211	0.03434	0.02638	0.00498	0.00893
43	0.00940	0.00626	0.00705	0.00705	0.00705	0.00626	0.00392	0.00940	0.00940	0.01253	0.02036	0.04228	0.02349	0.77292	0.03289	0.00626	0.00626	0.00940	0.00392	0.00392
44	0.01464	0.09177	0.09831	0.05798	0.05867	0.08496	0.24757	0.01831	0.01368	0.01785	0.01329	0.04596	0.01161	0.03282	0.09049	0.02744	0.05704	0.00661	0.00325	0.00777
45	0.01009	0.00742	0.00986	0.01106	0.01255	0.00740	0.00924	0.01349	0.05335	0.01915	0.03651	0.18302	0.09272	0.01762	0.00858	0.00281	0.00533	0.48777	0.00600	0.00603
46	0.01695	0.04066	0.14370	0.05057	0.11072	0.13194	0.22529	0.06240	0.11194	0.02164	0.01400	0.01633	0.01068	0.00641	0.00661	0.00201	0.00922	0.00606	0.00378	0.00910
47	0.02456	0.01810	0.01939	0.01487	0.02004	0.02004	0.01228	0.71107	0.03038	0.04072	0.01551	0.01551	0.01099	0.00776	0.00646	0.00194	0.00711	0.00582	0.00646	0.01099
48	0.01762	0.03044	0.38208	0.01764	0.02423	0.30035	0.04152	0.02356	0.06699	0.01914	0.01209	0.01376	0.00913	0.00651	0.00610	0.00191	0.01009	0.00482	0.00326	0.00877
49	0.01798	0.04152	0.22804	0.01761	0.09853	0.11977	0.01545	0.13349	0.05517	0.06194	0.01351	0.01480	0.01015	0.00644	0.00595	0.00177	0.00795	0.00500	0.00414	0.14080
50	0.00926	0.00626	0.00730	0.00739	0.00754	0.00626	0.00435	0.00958	0.01004	0.01350	0.05085	0.09823	0.02621	0.65032	0.06201	0.00599	0.00643	0.01008	0.00419	0.00419
51	0.10720	0.09790	0.06877	0.01237	0.01636	0.07537	0.03104	0.07542	0.17232	0.05713	0.07385	0.04385	0.05902	0.03489	0.02783	0.00238	0.00661	0.02433	0.00508	0.00827
52	0.01176	0.00978	0.01181	0.01004	0.04272	0.00789	0.00731	0.01439	0.01434	0.02111	0.16380	0.02774	0.09951	0.05649	0.00752	0.00169	0.00448	0.00693	0.00471	0.47598
53	0.44602	0.05809	0.03573	0.05890	0.01706	0.07958	0.00965	0.07347	0.03917	0.07930	0.01176	0.01296	0.00886	0.00639	0.00489	0.00191	0.00626	0.00429	0.00433	0.04138
54	0.01389	0.08843	0.10055	0.10758	0.30876	0.01458	0.05893	0.01782	0.01466	0.02031	0.11876	0.02215	0.04915	0.00756	0.00689	0.00198	0.02885	0.00676	0.00376	0.00863
55	0.02098	0.08264	0.02102	0.01711	0.09190	0.05834	0.05240	0.38237	0.04538	0.06357	0.01621	0.06671	0.01309	0.00797	0.00637	0.00192	0.00719	0.00649	0.00542	0.03292
56	0.04438	0.11647	0.14262	0.01449	0.02022	0.01674	0.05308	0.28054	0.02053	0.13591	0.01618	0.05761	0.01247	0.00765	0.00616	0.00192	0.00715	0.00611	0.00522	0.03456

[dist]
# distance from previous block
# <min> <max>
0	1

[block]
# block no. 1 follows, 34 sequences, length 107
# corresponding to MSA columns:
# 178-284
name=unknown_B
#
# <colnr> <probs for GDERKNQSTAVLIFYWHMCP>
#	G	D	E	R	K	N	Q	S	T	A	V	L	I	F	Y	W	H	M	C	P
0	0.10099	0.28261	0.16579	0.03199	0.02016	0.08449	0.01370	0.17066	0.01735	0.04078	0.01147	0.01271	0.00892	0.00636	0.00529	0.00176	0.00771	0.00443	0.00387	0.00896
1	0.05730	0.00932	0.01012	0.00933	0.01063	0.03305	0.00653	0.10540	0.01293	0.01801	0.01911	0.03266	0.03794	0.42977	0.15723	0.00586	0.02701	0.00798	0.00419	0.00561
2	0.03712	0.47991	0.13266	0.01319	0.01892	0.12731	0.01314	0.07788	0.01533	0.01850	0.01005	0.01146	0.00847	0.00598	0.00487	0.00158	0.00795	0.00395	0.00318	0.00855
3	0.03593	0.12003	0.14599	0.01750	0.06482	0.01496	0.15951	0.05855	0.03626	0.14659	0.05646	0.01892	0.01421	0.01036	0.06898	0.00267	0.00857	0.00624	0.00445	0.00902
4	0.00910	0.00687	0.00995	0.00995	0.01115	0.00779	0.00767	0.01128	0.01072	0.01513	0.02148	0.02905	0.07674	0.06974	0.66113	0.00955	0.01576	0.00757	0.00369	0.00568
5	0.09565	0.06062	0.11104	0.10940	0.04395	0.05769	0.01423	0.29409	0.04110	0.02808	0.01285	0.01467	0.00968	0.00731	0.00727	0.00202	0.07133	0.00526	0.00452	0.00923
6	0.01399	0.01392	0.01951	0.01677	0.01680	0.01944	0.01395	0.01543	0.00991	0.01553	0.00875	0.01447	0.00871	0.01243	0.04303	0.00305	0.73874	0.00569	0.00285	0.00703
7	0.07804	0.00793	0.01089	0.01059	0.01183	0.00946	0.00826	0.01238	0.01035	0.01611	0.01605	0.02405	0.01513	0.07686	0.59250	0.00888	0.07466	0.00665	0.00348	0.00589
8	0.01652	0.01396	0.01485	0.01319	0.01687	0.01609	0.01032	0.09064	0.63470	0.02771	0.02503	0.02343	0.01885	0.01024	0.03562	0.00249	0.00576	0.00716	0.00644	0.01012
9	0.01060	0.00770	0.00936	0.00869	0.01071	0.00741	0.00660	0.01538	0.10736	0.05280	0.52192	0.04605	0.14477	0.01287	0.00745	0.00207	0.00344	0.01119	0.00693	0.00673
10	0.00940	0.00626	0.00705	0.00705	0.00705	0.00626	0.00392	0.00940	0.00940	0.01253	0.02036	0.04228	0.02349	0.77292	0.03289	0.00626	0.00626	0.00940	0.00392	0.00392
11	0.01340	0.01148	0.01340	0.00957	0.01531	0.00861	0.00766	0.01627	0.01340	0.02105	0.01148	0.01340	0.00957	0.00479	0.00479	0.00096	0.00479	0.00383	0.00383	0.81242
12	0.01526	0.01455	0.02477	0.15357	0.60606	0.01501	0.01931	0.01915	0.01443	0.02033	0.01256	0.01751	0.01060	0.00615	0.00647	0.00198	0.00779	0.02165	0.00321	0.00965
13	0.02509	0.01391	0.03673	0.01255	0.01768	0.01301	0.01057	0.25780	0.02193	0.39968	0.04502	0.01979	0.01513	0.00778	0.00638	0.00190	0.00601	0.00618	0.00696	0.07589
14	0.00843	0.00645	0.00736	0.00774	0.00907	0.00585	0.00558	0.00988	0.01347	0.01697	0.08375	0.17206	0.36063	0.17072	0.01301	0.00317	0.00425	0.09079	0.00563	0.00520
15	0.08049	0.04281	0.12193	0.10640	0.16400	0.07559	0.01495	0.13340	0.05673	0.02401	0.01273	0.01488	0.00985	0.00635	0.00587	0.00183	0.00754	0.00508	0.00396	0.11159
16	0.01444	0.01208	0.01461	0.04614	0.01715	0.01052	0.00901	0.05707	0.01419	0.03918	0.01181	0.01398	0.00967	0.00567	0.00639	0.00125	0.06905	0.00426	0.00395	0.63957
17	0.00807	0.00619	0.00743	0.00819	0.00944	0.00556	0.00591	0.00968	0.01394	0.01783	0.10272	0.38656	0.30972	0.01800	0.00801	0.00243	0.00367	0.06511	0.00608	0.00545
18	0.00853	0.00615	0.00822	0.00965	0.01040	0.00584	0.00711	0.01017	0.01314	0.01729	0.03666	0.55158	0.07398	0.01943	0.00840	0.00270	0.00431	0.19504	0.00599	0.00544
19	0.03534	0.21955	0.21836	0.09387	0.06534	0.01872	0.09214	0.07396	0.01457	0.02008	0.01104	0.01382	0.00877	0.00654	0.00727	0.00196	0.08175	0.00503	0.00317	0.00873
20	0.01591	0.01720	0.08162	0.20006	0.04756	0.10423	0.11999	0.12413	0.04086	0.02138	0.01412	0.04644	0.01162	0.01157	0.08264	0.00293	0.03924	0.00643	0.00384	0.00820
21	0.01711	0.01501	0.01516	0.01345	0.01720	0.05116	0.01049	0.08623	0.63414	0.02755	0.02469	0.02285	0.01851	0.00859	0.00653	0.00215	0.00558	0.00704	0.00641	0.01016
22	0.06723	0.07764	0.02312	0.01827	0.08150	0.12220	0.14314	0.20656	0.01985	0.15565	0.01490	0.01585	0.01079	0.00676	0.00627	0.00191	0.00810	0.00572	0.00498	0.00955
23	0.01653	0.01339	0.01441	0.01272	0.01633	0.01515	0.00995	0.08917	0.56606	0.05271	0.09753	0.02579	0.02309	0.00911	0.00667	0.00215	0.00508	0.00760	0.00667	0.00989
24	0.01237	0.01171	0.01941	0.69481	0.04217	0.01481	0.01762	0.01643	0.01266	0.01643	0.01123	0.01697	0.00860	0.00687	0.00771	0.00221	0.07222	0.00573	0.00287	0.00717
25	0.01656	0.01866	0.10191	0.02598	0.10330	0.03973	0.48983	0.02167	0.01542	0.08111	0.01378	0.01711	0.01017	0.00580	0.00720	0.00211	0.01000	0.00695	0.00361	0.00910
26	0.00815	0.00578	0.00758	0.00886	0.00927	0.00545	0.00593	0.00928	0.01234	0.01648	0.05631	0.64847	0.04116	0.09739	0.01078	0.00299	0.00406	0.03874	0.00582	0.00516
27	0.01486	0.01510	0.02091	0.01756	0.01825	0.04809	0.05899	0.03388	0.01109	0.01653	0.00902	0.01429	0.00862	0.01066	0.01935	0.00272	0.66409	0.00573	0.00297	0.00729
28	0.00785	0.00572	0.00740	0.00874	0.00930	0.00527	0.00588	0.00903	0.01262	0.01660	0.03877	0.69397	0.11544	0.01983	0.00818	0.00258	0.00370	0.01787	0.00600	0.00527
29	0.01220	0.01148	0.01938	0.75739	0.04450	0.01436	0.01794	0.01651	0.01292	0.01651	0.01148	0.01723	0.00861	0.00646	0.00646	0.00215	0.00861	0.00574	0.00287	0.00718
30	0.00940	0.00626	0.00705	0.00705	0.00705	0.00626	0.00392	0.00940	0.00940	0.01253	0.02036	0.04228	0.02349	0.77292	0.03289	0.00626	0.00626	0.00940	0.00392	0.00392
31	0.01600	0.01418	0.01660	0.01434	0.01824	0.01609	0.06931	0.03318	0.66129	0.02649	0.02518	0.02354	0.01889	0.00849	0.00666	0.00219	0.00560	0.00733	0.00630	0.01010
32	0.01300	0.01250	0.01990	0.49423	0.07594	0.01604	0.01691	0.01641	0.01212	0.01649	0.01062	0.01623	0.00867	0.00787	0.01087	0.00234	0.23394	0.00572	0.00288	0.00732
33	0.81856	0.01250	0.00950	0.00850	0.01250	0.01449	0.00700	0.01899	0.01100	0.02899	0.00900	0.01050	0.00700	0.00600	0.00400	0.00200	0.00500	0.00350	0.00400	0.00700
34	0.00986	0.00749	0.01023	0.08682	0.07304	0.00772	0.00743	0.01113	0.01131	0.01518	0.04653	0.18095	0.04822	0.39238	0.06033	0.00471	0.00652	0.01057	0.00431	0.00527
35	0.01122	0.00561	0.00842	0.00842	0.00842	0.00561	0.00561	0.00842	0.00842	0.01122	0.01122	0.01964	0.01122	0.02245	0.02525	0.81201	0.00561	0.00561	0.00281	0.00281
36	0.01754	0.74755	0.03325	0.01128	0.01672	0.05386	0.01111	0.01960	0.01333	0.01523	0.00902	0.01042	0.00829	0.00557	0.00421	0.00139	0.00710	0.00348	0.00279	0.00826
37	0.02576	0.01316	0.01652	0.01290	0.01738	0.01335	0.01065	0.22220	0.02083	0.45152	0.02088	0.01957	0.01391	0.00956	0.03233	0.00233	0.07348	0.00624	0.00695	0.01047
38	0.01276	0.06368	0.54676	0.01817	0.05300	0.01435	0.05781	0.01894	0.01358	0.01974	0.01463	0.11001	0.01276	0.00785	0.00640	0.00209	0.00868	0.00664	0.00319	0.00892
39	0.02059	0.02089	0.13806	0.01799	0.08170	0.08262	0.04199	0.39074	0.06255	0.03127	0.01522	0.01736	0.01154	0.00752	0.00648	0.00199	0.00796	0.02828	0.00516	0.01008
40	0.01122	0.00561	0.00842	0.00842	0.00842	0.00561	0.00561	0.00842	0.00842	0.01122	0.01122	0.01964	0.01122	0.02245	0.02525	0.81201	0.00561	0.00561	0.00281	0.00281
41	0.79671	0.03334	0.01016	0.00857	0.01261	0.01480	0.00711	0.01900	0.01105	0.02861	0.00900	0.01049	0.00703	0.00599	0.00400	0.00198	0.00505	0.00350	0.00396	0.00703
42	0.01514	0.01406	0.02669	0.29494	0.05709	0.01450	0.31234	0.02006	0.03382	0.07986	0.01442	0.01933	0.01094	0.00647	0.00698	0.00213	0.00901	0.02604	0.00370	0.03246
43	0.00786	0.00567	0.00745	0.00888	0.00934	0.00526	0.00595	0.00901	0.01248	0.01654	0.03703	0.73508	0.07544	0.02006	0.00822	0.00260	0.00373	0.01814	0.00600	0.00526
44	0.01340	0.01148	0.01340	0.00957	0.01531	0.00861	0.00766	0.01627	0.01340	0.02105	0.01148	0.01340	0.00957	0.00479	0.00479	0.00096	0.00479	0.00383	0.00383	0.81242
45	0.01394	0.07801	0.01939	0.03729	0.01699	0.04674	0.01294	0.01565	0.01067	0.01547	0.01010	0.01563	0.00971	0.01651	0.13627	0.00386	0.52528	0.00562	0.00295	0.00698
46	0.04471	0.34613	0.04675	0.03119	0.01938	0.18100	0.05260	0.05925	0.01608	0.12883	0.01247	0.01339	0.00968	0.00633	0.00532	0.00167	0.00805	0.00454	0.00396	0.00867
47	0.81856	0.01250	0.00950	0.00850	0.01250	0.01449	0.00700	0.01899	0.01100	0.02899	0.00900	0.01050	0.00700	0.00600	0.00400	0.00200	0.00500	0.00350	0.00400	0.00700
48	0.01243	0.00899	0.01214	0.05900	0.10427	0.00937	0.00856	0.04814	0.04722	0.05805	0.04136	0.09556	0.02163	0.33888	0.10243	0.00483	0.00748	0.00883	0.00447	0.00637
49	0.01474	0.01563	0.07904	0.06514	0.46794	0.01447	0.07281	0.01954	0.04832	0.02052	0.01414	0.01940	0.01198	0.01002	0.06921	0.00273	0.00874	0.03280	0.00345	0.00938
50	0.02406	0.01563	0.01738	0.01346	0.01834	0.01659	0.01107	0.50922	0.02656	0.18480	0.02183	0.02082	0.07281	0.00853	0.00657	0.00197	0.00645	0.00662	0.00675	0.01052
51	0.81856	0.01250	0.00950	0.00850	0.01250	0.01449	0.00700	0.01899	0.01100	0.02899	0.00900	0.01050	0.00700	0.00600	0.00400	0.00200	0.00500	0.00350	0.00400	0.00700
52	0.68680	0.01252	0.01059	0.00913	0.01330	0.01408	0.00752	0.04773	0.01271	0.11969	0.01135	0.01216	0.00830	0.00632	0.00441	0.00200	0.00514	0.00397	0.00460	0.00766
53	0.02403	0.01951	0.01898	0.01500	0.01985	0.11396	0.01219	0.58450	0.06741	0.03673	0.01540	0.01549	0.01113	0.00767	0.00639	0.00192	0.00759	0.00569	0.00606	0.01049
54	0.81856	0.01250	0.00950	0.00850	0.01250	0.01449	0.00700	0.01899	0.01100	0.02899	0.00900	0.01050	0.00700	0.00600	0.00400	0.00200	0.00500	0.00350	0.00400	0.00700
55	0.01082	0.00698	0.00917	0.00841	0.01023	0.00638	0.00638	0.01382	0.01831	0.08603	0.66972	0.04604	0.05716	0.01277	0.00753	0.00203	0.00326	0.01125	0.00719	0.00651
56	0.01296	0.03342	0.73944	0.01842	0.02797	0.01501	0.02387	0.02046	0.01364	0.02046	0.01160	0.01364	0.00818	0.00614	0.00614	0.00205	0.00955	0.00477	0.00273	0.00955
57	0.00793	0.00573	0.00753	0.00895	0.00946	0.00532	0.00607	0.00914	0.01257	0.01663	0.03716	0.71039	0.07928	0.01996	0.00823	0.00261	0.00379	0.03796	0.00600	0.00528
58	0.01122	0.00561	0.00842	0.00842	0.00842	0.00561	0.00561	0.00842	0.00842	0.01122	0.01122	0.01964	0.01122	0.02245	0.02525	0.81201	0.00561	0.00561	0.00281	0.00281
59	0.02784	0.01284	0.01614	0.01237	0.01741	0.01223	0.01022	0.20788	0.02158	0.55634	0.02290	0.02031	0.01470	0.00793	0.00649	0.00198	0.00592	0.00632	0.00760	0.01099
60	0.01187	0.00914	0.01257	0.01074	0.01337	0.00880	0.07523	0.07339	0.05693	0.05264	0.37739	0.08293	0.16400	0.01249	0.00746	0.00211	0.00444	0.01106	0.00643	0.00703
61	0.00817	0.00657	0.00730	0.00724	0.00916	0.00570	0.00545	0.01025	0.01572	0.01996	0.25805	0.07607	0.49566	0.01558	0.00769	0.00217	0.00330	0.03398	0.00632	0.00565
62	0.01325	0.03138	0.65007	0.01954	0.02871	0.01518	0.11121	0.02049	0.01385	0.02049	0.01178	0.01412	0.00839	0.00605	0.00633	0.00206	0.00972	0.00514	0.00280	0.00944
63	0.09405	0.01149	0.01477	0.01143	0.01635	0.01046	0.00944	0.06618	0.01850	0.64193	0.02360	0.02070	0.01499	0.00782	0.00629	0.00200	0.00554	0.00621	0.00759	0.01067
64	0.08776	0.11500	0.09237	0.03139	0.01853	0.03448	0.01157	0.18957	0.05704	0.14655	0.03321	0.01741	0.03007	0.00718	0.00578	0.00180	0.00647	0.00546	0.00518	0.10318
65	0.02217	0.24598	0.02352	0.01385	0.01893	0.08608	0.01189	0.42955	0.03837	0.03060	0.01329	0.01381	0.01013	0.00701	0.00572	0.00175	0.00741	0.00499	0.00508	0.00986
66	0.01549	0.03331	0.02754	0.13384	0.43424	0.03428	0.16304	0.01956	0.01448	0.01994	0.01201	0.01616	0.00977	0.00598	0.00707	0.00202	0.03279	0.00605	0.00315	0.00928
67	0.01674	0.27887	0.27023	0.01863	0.11303	0.14206	0.03711	0.02092	0.01444	0.01801	0.01056	0.01262	0.00855	0.00595	0.00550	0.00175	0.00882	0.00444	0.00292	0.00884
68	0.01721	0.13925	0.24173	0.01710	0.04230	0.05414	0.10298	0.11690	0.06294	0.06700	0.04774	0.01669	0.01261	0.00695	0.00655	0.00195	0.02686	0.00569	0.00415	0.00927
69	0.02899	0.01100	0.01499	0.01150	0.01649	0.00950	0.00950	0.03149	0.01849	0.73709	0.02549	0.02199	0.01599	0.00800	0.00650	0.00200	0.00550	0.00650	0.00800	0.01100
70	0.00931	0.00658	0.00869	0.00877	0.00935	0.00710	0.00607	0.01048	0.01008	0.01396	0.01974	0.05450	0.02100	0.39842	0.36076	0.00798	0.01128	0.02726	0.00382	0.00486
71	0.08394	0.07785	0.05752	0.11184	0.15677	0.08542	0.09271	0.07200	0.01483	0.02066	0.01258	0.05920	0.01103	0.00766	0.00817	0.00209	0.10775	0.00613	0.00356	0.00831
72	0.01870	0.02084	0.02831	0.02601	0.18531	0.22536	0.30026	0.07666	0.01720	0.02098	0.01218	0.01530	0.00957	0.00605	0.00674	0.00195	0.01009	0.00607	0.00352	0.00889
73	0.01122	0.00561	0.00842	0.00842	0.00842	0.00561	0.00561	0.00842	0.00842	0.01122	0.01122	0.01964	0.01122	0.02245	0.02525	0.81201	0.00561	0.00561	0.00281	0.00281
74	0.01331	0.01237	0.01985	0.02887	0.49192	0.01208	0.01500	0.01647	0.01478	0.02032	0.06562	0.07062	0.17297	0.00933	0.00684	0.00202	0.00623	0.00854	0.00419	0.00867
75	0.01648	0.01359	0.01695	0.01853	0.17883	0.01461	0.01205	0.20548	0.20900	0.02694	0.02473	0.06755	0.09336	0.01139	0.04202	0.00249	0.00655	0.02463	0.00552	0.00932
76	0.00801	0.00573	0.00764	0.00904	0.00951	0.00536	0.00614	0.00928	0.01273	0.01703	0.06858	0.71300	0.04343	0.01983	0.00824	0.00261	0.00378	0.03870	0.00605	0.00531
77	0.02642	0.01129	0.01476	0.01160	0.01628	0.01035	0.00948	0.05262	0.09299	0.60179	0.06284	0.02341	0.01863	0.00835	0.00656	0.00202	0.00538	0.00684	0.00775	0.01065
78	0.02357	0.02985	0.01839	0.01666	0.01980	0.70576	0.01258	0.02522	0.01783	0.01580	0.00990	0.01179	0.00833	0.00692	0.00670	0.00173	0.05413	0.00425	0.00330	0.00747
79	0.04579	0.01662	0.01790	0.01417	0.01882	0.01841	0.01163	0.59093	0.06095	0.03743	0.01719	0.04405	0.01339	0.00973	0.02876	0.00226	0.00711	0.02827	0.00627	0.01032
80	0.00787	0.00562	0.00750	0.00900	0.00937	0.00525	0.00600	0.00900	0.01237	0.01649	0.03561	0.76871	0.04274	0.02024	0.00825	0.00262	0.00375	0.01837	0.00600	0.00525
81	0.09475	0.01760	0.01852	0.01430	0.01937	0.01955	0.01181	0.64989	0.02867	0.03968	0.01494	0.01507	0.01064	0.00760	0.00625	0.00194	0.00692	0.00561	0.00625	0.01064
82	0.81856	0.01250	0.00950	0.00850	0.01250	0.01449	0.00700	0.01899	0.01100	0.02899	0.00900	0.01050	0.00700	0.00600	0.00400	0.00200	0.00500	0.00350	0.00400	0.00700
83	0.00938	0.00692	0.00894	0.00989	0.01081	0.00687	0.00725	0.04861	0.01384	0.01832	0.03525	0.54794	0.08028	0.01866	0.00861	0.00262	0.02699	0.12714	0.00592	0.00575
84	0.00940	0.00626	0.00705	0.00705	0.00705	0.00626	0.00392	0.00940	0.00940	0.01253	0.02036	0.04228	0.02349	0.77292	0.03289	0.00626	0.00626	0.00940	0.00392	0.00392
85	0.01204	0.00602	0.00602	0.00602	0.00753	0.00602	0.00452	0.01506	0.01355	0.02409	0.02108	0.02409	0.01656	0.00753	0.00452	0.00151	0.00301	0.00602	0.80879	0.00602
86	0.02723	0.01297	0.01611	0.01245	0.01743	0.01254	0.01025	0.20756	0.05500	0.52302	0.02295	0.02042	0.01488	0.00797	0.00649	0.00199	0.00590	0.00636	0.00753	0.01096
87	0.02456	0.01810	0.01939	0.01487	0.02004	0.02004	0.01228	0.71107	0.03038	0.04072	0.01551	0.01551	0.01099	0.00776	0.00646	0.00194	0.00711	0.00582	0.00646	0.01099
88	0.00786	0.00629	0.00706	0.00763	0.00918	0.00549	0.00556	0.00940	0.01397	0.01724	0.05412	0.29155	0.47043	0.01770	0.00790	0.00237	0.00357	0.05125	0.00600	0.00541
89	0.02356	0.09385	0.01962	0.01617	0.01969	0.68600	0.01236	0.02526	0.01787	0.01576	0.00990	0.01154	0.00832	0.00656	0.00568	0.00164	0.01125	0.00410	0.00328	0.00756
90	0.01105	0.00666	0.00772	0.00742	0.00785	0.00654	0.00439	0.01126	0.01017	0.07377	0.02079	0.04057	0.02286	0.70827	0.03066	0.00590	0.00620	0.00915	0.00426	0.00451
91	0.00785	0.00648	0.00689	0.00695	0.00890	0.00552	0.00515	0.00962	0.01498	0.01845	0.14753	0.12013	0.58663	0.01629	0.00769	0.00220	0.00328	0.01379	0.00614	0.00552
92	0.04117	0.67691	0.04921	0.01150	0.01692	0.05993	0.01130	0.02012	0.03422	0.01612	0.00961	0.01092	0.00859	0.00571	0.00434	0.00145	0.00710	0.00364	0.00294	0.00830
93	0.06348	0.01811	0.10902	0.03021	0.04258	0.05570	0.01301	0.33505	0.05706	0.10889	0.01842	0.03944	0.03019	0.00840	0.00646	0.00204	0.00709	0.03949	0.00563	0.00974
94	0.02188	0.01846	0.11258	0.01460	0.02003	0.01737	0.01308	0.40803	0.16279	0.11632	0.01828	0.01771	0.01292	0.00777	0.00645	0.00201	0.00685	0.00605	0.00617	0.01065
95	0.01532	0.01453	0.02402	0.18727	0.50438	0.01567	0.01870	0.04166	0.01445	0.02033	0.01181	0.01608	0.00977	0.00644	0.00766	0.00205	0.07154	0.00575	0.00321	0.00935
96	0.01607	0.01388	0.01461	0.01315	0.01680	0.01607	0.01023	0.03433	0.72094	0.02703	0.02630	0.02411	0.01972	0.00877	0.00657	0.00219	0.00511	0.00731	0.00657	0.01023
97	0.01584	0.01408	0.01408	0.01267	0.01616	0.05524	0.00983	0.05134	0.57929	0.02598	0.05093	0.02716	0.08019	0.00940	0.00665	0.00215	0.00531	0.00776	0.00636	0.00956
98	0.00933	0.00653	0.00840	0.00840	0.00886	0.00700	0.00560	0.01026	0.00980	0.01353	0.01913	0.03545	0.02052	0.48006	0.32169	0.00793	0.01073	0.00840	0.00373	0.00466
99	0.01340	0.01148	0.01340	0.00957	0.01531	0.00861	0.00766	0.01627	0.01340	0.02105	0.01148	0.01340	0.00957	0.00479	0.00479	0.00096	0.00479	0.00383	0.00383	0.81242
100	0.01108	0.00868	0.01233	0.08476	0.07521	0.00908	0.00935	0.01458	0.03711	0.04148	0.44443	0.03887	0.05540	0.01342	0.04347	0.00252	0.05397	0.03155	0.00587	0.00683
101	0.01599	0.01469	0.05663	0.07126	0.11998	0.03316	0.04726	0.19952	0.05837	0.02388	0.01564	0.03762	0.01345	0.07928	0.13270	0.00382	0.05728	0.00665	0.00436	0.00843
102	0.02413	0.01695	0.01856	0.01428	0.01933	0.01842	0.01177	0.61014	0.02823	0.09877	0.01629	0.01629	0.01152	0.00888	0.02828	0.00216	0.00720	0.00584	0.00642	0.03654
103	0.01025	0.00709	0.00822	0.00794	0.00848	0.00732	0.00500	0.05288	0.01100	0.01475	0.02124	0.03917	0.04630	0.60722	0.12143	0.00638	0.00762	0.00901	0.00409	0.00464
104	0.01476	0.01329	0.02342	0.01851	0.04335	0.03139	0.31041	0.01820	0.01487	0.10009	0.04222	0.10690	0.12825	0.00974	0.00850	0.00220	0.06839	0.00929	0.00460	0.03162
105	0.03906	0.04059	0.07590	0.01104	0.01662	0.01148	0.00966	0.12203	0.01576	0.02362	0.01294	0.03677	0.01097	0.03050	0.00611	0.00146	0.00564	0.00480	0.00417	0.52088
106	0.06782	0.27139	0.04437	0.05707	0.07354	0.09834	0.03028	0.09660	0.03561	0.05727	0.03430	0.01809	0.01276	0.00853	0.03018	0.00209	0.00773	0.04148	0.00405	0.00847

[dist]
# distance from previous block
# <min> <max>
0	7

[block]
# block no. 2 follows, 34 sequences, length 8
# corresponding to MSA columns:
# 292-299
name=unknown_C
#
# <colnr> <probs for GDERKNQSTAVLIFYWHMCP>
#	G	D	E	R	K	N	Q	S	T	A	V	L	I	F	Y	W	H	M	C	P
0	0.09114	0.08187	0.21501	0.01662	0.04267	0.03595	0.14369	0.08515	0.03505	0.02196	0.01732	0.02037	0.06918	0.05151	0.04291	0.00263	0.00847	0.00634	0.00382	0.00834
1	0.20591	0.07156	0.08930	0.06736	0.01932	0.01413	0.05148	0.10084	0.03714	0.13014	0.03914	0.01986	0.07031	0.00755	0.00579	0.00194	0.00632	0.00594	0.00485	0.05111
2	0.01123	0.01011	0.06879	0.00985	0.01245	0.00830	0.00818	0.10288	0.01618	0.04444	0.07358	0.28997	0.26537	0.01535	0.00757	0.00230	0.00460	0.03625	0.00591	0.00667
3	0.01340	0.01148	0.01340	0.00957	0.01531	0.00861	0.00766	0.01627	0.01340	0.02105	0.01148	0.01340	0.00957	0.00479	0.00479	0.00096	0.00479	0.00383	0.00383	0.81242
4	0.00809	0.00598	0.00739	0.00823	0.00908	0.00547	0.00561	0.00945	0.01330	0.01745	0.11974	0.47933	0.18719	0.07997	0.01006	0.00276	0.00377	0.01588	0.00596	0.00528
5	0.00922	0.00619	0.00710	0.00727	0.00731	0.00615	0.00415	0.00935	0.00973	0.01298	0.02208	0.12415	0.02566	0.68809	0.03011	0.00585	0.00598	0.01041	0.00415	0.00407
6	0.05544	0.30913	0.02443	0.01436	0.01877	0.37561	0.04033	0.02317	0.01593	0.05390	0.01050	0.01190	0.00872	0.00622	0.00522	0.00161	0.00923	0.00413	0.00339	0.00800
7	0.12172	0.11643	0.08897	0.03276	0.01921	0.07639	0.05138	0.15741	0.07175	0.05850	0.07181	0.01734	0.01434	0.00732	0.00627	0.00189	0.02842	0.00560	0.00467	0.04784

[dist]
# distance from previous block
# <min> <max>
0	4

[block]
# block no. 3 follows, 34 sequences, length 63
# corresponding to MSA columns:
# 304-366
name=unknown_D
#
# <colnr> <probs for GDERKNQSTAVLIFYWHMCP>
#	G	D	E	R	K	N	Q	S	T	A	V	L	I	F	Y	W	H	M	C	P
0	0.01976	0.06270	0.02034	0.01740	0.09111	0.06965	0.05373	0.27806	0.26343	0.02956	0.01796	0.01805	0.01350	0.00755	0.00638	0.00199	0.00701	0.00617	0.00554	0.01011
1	0.02020	0.02594	0.11913	0.02198	0.18114	0.39583	0.01578	0.06367	0.01707	0.01910	0.01093	0.01328	0.00890	0.00673	0.00695	0.00186	0.05478	0.00479	0.00337	0.00857
2	0.04199	0.08421	0.07408	0.09413	0.22219	0.11603	0.13442	0.05832	0.01527	0.02021	0.01143	0.01477	0.00924	0.00647	0.00746	0.00199	0.07018	0.00552	0.00330	0.00878
3	0.00900	0.00591	0.00790	0.00913	0.00975	0.00548	0.00619	0.01020	0.01270	0.05511	0.03507	0.72869	0.04130	0.01959	0.00815	0.00259	0.00384	0.01773	0.00611	0.00556
4	0.00952	0.00713	0.01007	0.00993	0.01075	0.00824	0.00740	0.01124	0.01013	0.01444	0.01758	0.02880	0.01750	0.21744	0.54203	0.00903	0.05238	0.00744	0.00354	0.00540
5	0.00792	0.00570	0.00751	0.00887	0.00936	0.00529	0.00596	0.00915	0.01271	0.01694	0.06720	0.71209	0.06776	0.01980	0.00820	0.00258	0.00370	0.01791	0.00605	0.00529
6	0.00868	0.00647	0.00824	0.00922	0.01046	0.00603	0.00709	0.01064	0.01415	0.01830	0.09415	0.33090	0.20947	0.01805	0.00826	0.00258	0.00425	0.22142	0.00607	0.00558
7	0.01258	0.01200	0.01946	0.61304	0.03913	0.01542	0.01720	0.01632	0.01233	0.01632	0.01090	0.01662	0.00859	0.00741	0.00933	0.00228	0.15532	0.00573	0.00286	0.00716
8	0.16411	0.01125	0.01405	0.01098	0.01581	0.01035	0.00907	0.02935	0.01721	0.61591	0.02267	0.02002	0.01445	0.00766	0.00607	0.00200	0.00541	0.00598	0.00731	0.01031
9	0.02692	0.01385	0.01670	0.01286	0.01789	0.01379	0.01060	0.29723	0.04184	0.44597	0.02161	0.01952	0.01414	0.00792	0.00649	0.00198	0.00612	0.00625	0.00736	0.01097
10	0.00787	0.00562	0.00750	0.00900	0.00937	0.00525	0.00600	0.00900	0.01237	0.01649	0.03561	0.76871	0.04274	0.02024	0.00825	0.00262	0.00375	0.01837	0.00600	0.00525
11	0.02592	0.01109	0.01468	0.01112	0.01626	0.00932	0.00913	0.02850	0.01749	0.59631	0.02274	0.02030	0.01473	0.00737	0.00616	0.00179	0.00536	0.00597	0.00718	0.16857
12	0.02414	0.03079	0.01831	0.01665	0.01998	0.74698	0.01248	0.02580	0.01831	0.01581	0.00999	0.01165	0.00832	0.00666	0.00583	0.00166	0.01165	0.00416	0.00333	0.00749
13	0.01296	0.03342	0.73944	0.01842	0.02797	0.01501	0.02387	0.02046	0.01364	0.02046	0.01160	0.01364	0.00818	0.00614	0.00614	0.00205	0.00955	0.00477	0.00273	0.00955
14	0.01387	0.01233	0.01361	0.00988	0.01552	0.04112	0.00787	0.01669	0.01361	0.02082	0.01142	0.01332	0.00952	0.00487	0.00483	0.00099	0.00509	0.00384	0.00381	0.77699
15	0.00823	0.00657	0.00736	0.00716	0.00909	0.00571	0.00537	0.01041	0.01612	0.02076	0.32461	0.05675	0.46878	0.01513	0.00763	0.00212	0.00319	0.01287	0.00643	0.00571
16	0.01204	0.00602	0.00602	0.00602	0.00753	0.00602	0.00452	0.01506	0.01355	0.02409	0.02108	0.02409	0.01656	0.00753	0.00452	0.00151	0.00301	0.00602	0.80879	0.00602
17	0.01607	0.01388	0.01461	0.01315	0.01680	0.01607	0.01023	0.03433	0.72094	0.02703	0.02630	0.02411	0.01972	0.00877	0.00657	0.00219	0.00511	0.00731	0.00657	0.01023
18	0.01296	0.03342	0.73944	0.01842	0.02797	0.01501	0.02387	0.02046	0.01364	0.02046	0.01160	0.01364	0.00818	0.00614	0.00614	0.00205	0.00955	0.00477	0.00273	0.00955
19	0.02414	0.03079	0.01831	0.01665	0.01998	0.74698	0.01248	0.02580	0.01831	0.01581	0.00999	0.01165	0.00832	0.00666	0.00583	0.00166	0.01165	0.00416	0.00333	0.00749
20	0.00798	0.00570	0.00762	0.00912	0.00954	0.00534	0.00618	0.00918	0.01247	0.01661	0.03555	0.73984	0.04250	0.02014	0.00828	0.00264	0.00384	0.04619	0.00600	0.00528
21	0.01661	0.01376	0.01463	0.01308	0.01679	0.01580	0.01020	0.03422	0.69181	0.05648	0.02626	0.02402	0.01957	0.00873	0.00657	0.00218	0.00513	0.00727	0.00663	0.01026
22	0.01340	0.01148	0.01340	0.00957	0.01531	0.00861	0.00766	0.01627	0.01340	0.02105	0.01148	0.01340	0.00957	0.00479	0.00479	0.00096	0.00479	0.00383	0.00383	0.81242
23	0.00888	0.00605	0.00720	0.00771	0.00784	0.00592	0.00463	0.00926	0.01041	0.01388	0.02556	0.29018	0.03006	0.51607	0.02448	0.00502	0.00541	0.01246	0.00463	0.00437
24	0.00812	0.00613	0.00750	0.00807	0.00926	0.00552	0.00571	0.00987	0.01452	0.01911	0.21612	0.38593	0.24593	0.01738	0.00792	0.00235	0.00344	0.01534	0.00627	0.00552
25	0.01600	0.01529	0.02573	0.03853	0.70215	0.01538	0.01942	0.02045	0.04477	0.02136	0.01276	0.01634	0.01064	0.00589	0.00640	0.00193	0.00757	0.00582	0.00334	0.01023
26	0.00787	0.00562	0.00750	0.00900	0.00937	0.00525	0.00600	0.00900	0.01237	0.01649	0.03561	0.76871	0.04274	0.02024	0.00825	0.00262	0.00375	0.01837	0.00600	0.00525
27	0.00805	0.00574	0.00740	0.00866	0.00906	0.00538	0.00569	0.00906	0.01209	0.01603	0.03484	0.65052	0.06663	0.11453	0.01132	0.00306	0.00405	0.01706	0.00574	0.00509
28	0.01340	0.01148	0.01340	0.00957	0.01531	0.00861	0.00766	0.01627	0.01340	0.02105	0.01148	0.01340	0.00957	0.00479	0.00479	0.00096	0.00479	0.00383	0.00383	0.81242
29	0.01671	0.01420	0.01497	0.01328	0.01704	0.01637	0.01038	0.08512	0.66912	0.02806	0.02549	0.02346	0.01907	0.00869	0.00657	0.00217	0.00526	0.00719	0.00657	0.01028
30	0.01407	0.01339	0.02276	0.40339	0.38390	0.01485	0.01887	0.01815	0.01380	0.01878	0.01181	0.01662	0.00941	0.00611	0.00643	0.00204	0.00815	0.00575	0.00303	0.00869
31	0.78361	0.01274	0.00993	0.00878	0.01283	0.01474	0.00723	0.04946	0.01185	0.02951	0.00928	0.01072	0.00717	0.00608	0.00411	0.00200	0.00509	0.00360	0.00411	0.00717
32	0.01540	0.01516	0.02380	0.22551	0.49178	0.05595	0.01876	0.01917	0.01430	0.01945	0.01175	0.01602	0.00965	0.00615	0.00682	0.00199	0.03037	0.00566	0.00311	0.00919
33	0.02236	0.01684	0.02088	0.01589	0.02097	0.01807	0.10446	0.52266	0.04872	0.07131	0.05847	0.01831	0.01433	0.00782	0.00669	0.00199	0.00723	0.00649	0.00616	0.01037
34	0.81856	0.01250	0.00950	0.00850	0.01250	0.01449	0.00700	0.01899	0.01100	0.02899	0.00900	0.01050	0.00700	0.00600	0.00400	0.00200	0.00500	0.00350	0.00400	0.00700
35	0.00772	0.00623	0.00687	0.00738	0.00895	0.00538	0.00528	0.00918	0.01392	0.01713	0.05525	0.30390	0.49487	0.01769	0.00785	0.00233	0.00344	0.01526	0.00600	0.00538
36	0.02297	0.01731	0.01849	0.01454	0.01943	0.01929	0.01189	0.58382	0.16023	0.03815	0.01754	0.01713	0.01263	0.00795	0.00648	0.00199	0.00673	0.00610	0.00648	0.01085
37	0.02125	0.01645	0.01752	0.01420	0.01877	0.01849	0.01148	0.44681	0.30004	0.03537	0.01972	0.01887	0.01440	0.00815	0.00651	0.00204	0.00633	0.00640	0.00651	0.01069
38	0.00798	0.00577	0.00760	0.00888	0.00939	0.00546	0.00600	0.00918	0.01230	0.01634	0.03584	0.66051	0.08145	0.04411	0.05324	0.00317	0.00461	0.01713	0.00578	0.00525
39	0.00787	0.00562	0.00750	0.00900	0.00937	0.00525	0.00600	0.00900	0.01237	0.01649	0.03561	0.76871	0.04274	0.02024	0.00825	0.00262	0.00375	0.01837	0.00600	0.00525
40	0.01697	0.72465	0.08337	0.01157	0.01738	0.02483	0.01196	0.01943	0.01316	0.01557	0.00917	0.01059	0.00828	0.00557	0.00429	0.00143	0.00710	0.00355	0.00276	0.00838
41	0.81856	0.01250	0.00950	0.00850	0.01250	0.01449	0.00700	0.01899	0.01100	0.02899	0.00900	0.01050	0.00700	0.00600	0.00400	0.00200	0.00500	0.00350	0.00400	0.00700
42	0.01414	0.01414	0.01979	0.01696	0.01696	0.01979	0.01414	0.01555	0.00990	0.01555	0.00848	0.01414	0.00848	0.01131	0.02120	0.00283	0.76110	0.00565	0.00283	0.00707
43	0.01567	0.01502	0.02565	0.10056	0.67423	0.01527	0.01967	0.01955	0.01456	0.02072	0.01210	0.01610	0.01010	0.00582	0.00640	0.00194	0.00776	0.00576	0.00317	0.00998
44	0.00866	0.00636	0.00812	0.00816	0.00948	0.00582	0.00594	0.01108	0.01644	0.02265	0.48437	0.22531	0.13305	0.01528	0.00778	0.00219	0.00324	0.01354	0.00671	0.00582
45	0.00940	0.00626	0.00705	0.00705	0.00705	0.00626	0.00392	0.00940	0.00940	0.01253	0.02036	0.04228	0.02349	0.77292	0.03289	0.00626	0.00626	0.00940	0.00392	0.00392
46	0.07350	0.72318	0.03215	0.01088	0.01630	0.02479	0.01077	0.01932	0.01298	0.01617	0.00898	0.01037	0.00820	0.00556	0.00414	0.00143	0.00678	0.00346	0.00285	0.00820
47	0.02454	0.01885	0.01933	0.01497	0.02003	0.06328	0.01229	0.67031	0.02966	0.03924	0.01518	0.01528	0.01083	0.00769	0.00643	0.00192	0.00738	0.00572	0.00628	0.01078
48	0.01460	0.01402	0.01502	0.08100	0.01838	0.14371	0.06059	0.10512	0.03566	0.02076	0.04978	0.16670	0.10890	0.01371	0.05641	0.00263	0.00755	0.02553	0.00485	0.05507
49	0.01122	0.00561	0.00842	0.00842	0.00842	0.00561	0.00561	0.00842	0.00842	0.01122	0.01122	0.01964	0.01122	0.02245	0.02525	0.81201	0.00561	0.00561	0.00281	0.00281
50	0.01554	0.01652	0.02016	0.01724	0.01790	0.11940	0.03571	0.01712	0.01122	0.01575	0.00883	0.01390	0.00850	0.01049	0.01867	0.00265	0.63480	0.00551	0.00291	0.00718
51	0.02449	0.02014	0.01922	0.01515	0.02003	0.13721	0.01231	0.60062	0.02843	0.03671	0.01462	0.01489	0.01056	0.00758	0.00636	0.00189	0.00784	0.00555	0.00596	0.01042
52	0.00823	0.00603	0.00782	0.00911	0.00990	0.00561	0.00653	0.00971	0.01308	0.01706	0.03949	0.56471	0.13612	0.01934	0.00827	0.00262	0.00402	0.12097	0.00599	0.00538
53	0.02538	0.01678	0.01858	0.01424	0.01938	0.01809	0.01177	0.58530	0.02818	0.16960	0.01736	0.01671	0.01191	0.00780	0.00647	0.00195	0.00681	0.00594	0.00675	0.01099
54	0.00787	0.00630	0.00706	0.00752	0.00910	0.00548	0.00545	0.00947	0.01423	0.01770	0.09339	0.27234	0.46785	0.01738	0.00785	0.00233	0.00348	0.03369	0.00606	0.00544
55	0.01727	0.77681	0.03386	0.01106	0.01658	0.02557	0.01106	0.01935	0.01313	0.01520	0.00898	0.01036	0.00829	0.00553	0.00415	0.00138	0.00691	0.00345	0.00276	0.00829
56	0.00844	0.00652	0.00770	0.00752	0.00925	0.00578	0.00560	0.01078	0.01645	0.02182	0.41093	0.09693	0.33910	0.01494	0.00766	0.00213	0.00318	0.01290	0.00658	0.00578
57	0.01878	0.06647	0.13511	0.01690	0.07011	0.13490	0.04340	0.14315	0.19573	0.06172	0.01798	0.01828	0.03371	0.00747	0.00628	0.00196	0.00773	0.00595	0.00486	0.00952
58	0.01634	0.01401	0.01476	0.01320	0.01690	0.01620	0.01029	0.05554	0.69930	0.02746	0.02596	0.02384	0.01945	0.00873	0.00657	0.00218	0.00518	0.00726	0.00657	0.01025
59	0.01222	0.01358	0.08854	0.08698	0.06627	0.05038	0.06607	0.04495	0.03341	0.02065	0.15236	0.05560	0.21868	0.01100	0.00788	0.00213	0.04785	0.00932	0.00487	0.00727
60	0.01204	0.00602	0.00602	0.00602	0.00753	0.00602	0.00452	0.01506	0.01355	0.02409	0.02108	0.02409	0.01656	0.00753	0.00452	0.00151	0.00301	0.00602	0.80879	0.00602
61	0.01698	0.32917	0.13421	0.01282	0.01831	0.07656	0.01251	0.12108	0.03462	0.02105	0.03711	0.01618	0.04171	0.00793	0.02539	0.00187	0.00750	0.00499	0.00383	0.07618
62	0.09979	0.20986	0.26827	0.01468	0.04713	0.05889	0.01489	0.04891	0.01462	0.07640	0.03427	0.04154	0.01206	0.02524	0.00621	0.00196	0.00758	0.00529	0.00376	0.00866

[dist]
# distance from previous block
# <min> <max>
0	7

[block]
# block no. 4 follows, 34 sequences, length 89
# corresponding to MSA columns:
# 374-462
name=unknown_E
#
# <colnr> <probs for GDERKNQSTAVLIFYWHMCP>
#	G	D	E	R	K	N	Q	S	T	A	V	L	I	F	Y	W	H	M	C	P
0	0.26876	0.16685	0.05975	0.01302	0.04803	0.08520	0.03411	0.06984	0.01476	0.08921	0.01436	0.04407	0.02974	0.02981	0.00608	0.00200	0.00673	0.00532	0.00423	0.00811
1	0.01352	0.01450	0.09588	0.04026	0.11461	0.05187	0.01228	0.06021	0.13935	0.02156	0.07399	0.15535	0.07681	0.01219	0.02845	0.00244	0.04675	0.02700	0.00497	0.00802
