[name]
unknown

[dist]
# distance from previous block
# <min> <max>
12	85

[block]
# block no. 0 follows, 34 sequences, length 50
# corresponding to MSA columns:
# 108-157
name=unknown_A
#
# <colnr> <probs for GDERKNQSTAVLIFYWHMCP>
#	G	D	E	R	K	N	Q	S	T	A	V	L	I	F	Y	W	H	M	C	P
0	0.08743	0.07400	0.12390	0.07481	0.07954	0.07289	0.07081	0.12689	0.04081	0.04265	0.03893	0.03464	0.04635	0.00740	0.00611	0.00192	0.00747	0.00609	0.00426	0.05308
1	0.06984	0.05910	0.03797	0.01683	0.10418	0.08067	0.03495	0.19884	0.08087	0.04273	0.03818	0.03874	0.03218	0.02768	0.02253	0.00226	0.06993	0.00632	0.00476	0.03142
2	0.07277	0.01387	0.01802	0.11783	0.21405	0.03645	0.01341	0.11501	0.12556	0.04589	0.03836	0.05163	0.05214	0.00819	0.00678	0.00204	0.02607	0.00687	0.00471	0.03035
3	0.04258	0.01524	0.02266	0.08176	0.39767	0.01619	0.03627	0.14762	0.08421	0.04504	0.01424	0.01674	0.01114	0.00671	0.00690	0.00201	0.03294	0.00591	0.00424	0.00992
4	0.13408	0.01426	0.01734	0.11137	0.18506	0.06822	0.01273	0.08533	0.05972	0.14101	0.03517	0.01881	0.03507	0.00721	0.00604	0.00195	0.00670	0.00588	0.01865	0.03541
5	0.05079	0.01320	0.01628	0.13857	0.09780	0.03588	0.01178	0.12499	0.11637	0.06218	0.05466	0.02154	0.03428	0.05890	0.00850	0.00221	0.03207	0.00640	0.00481	0.10878
6	0.08432	0.08385	0.02138	0.21273	0.29410	0.03817	0.01535	0.03700	0.01378	0.01968	0.01190	0.01689	0.01019	0.06012	0.00822	0.00223	0.02882	0.00549	0.00330	0.03250
7	0.07694	0.01251	0.01518	0.07749	0.10256	0.05835	0.01111	0.08178	0.01609	0.12000	0.07816	0.09794	0.06100	0.01007	0.00775	0.00211	0.06423	0.04614	0.00511	0.05548
8	0.02049	0.11137	0.02079	0.01780	0.12607	0.15747	0.01264	0.29831	0.04170	0.02735	0.03604	0.05124	0.01328	0.00768	0.00613	0.00183	0.00764	0.00597	0.00485	0.03136
9	0.01653	0.01413	0.02045	0.20620	0.25762	0.03765	0.03497	0.12438	0.06675	0.06051	0.01631	0.08618	0.01384	0.00791	0.00663	0.00207	0.00738	0.00707	0.00437	0.00904
10	0.13057	0.01937	0.21220	0.01543	0.02121	0.01513	0.08218	0.17795	0.08266	0.07391	0.01696	0.02187	0.01350	0.00804	0.00642	0.00214	0.00742	0.07899	0.00485	0.00920
11	0.01034	0.00765	0.00940	0.00971	0.01102	0.00767	0.00695	0.07623	0.07398	0.02144	0.16887	0.49658	0.04148	0.01677	0.00782	0.00241	0.00403	0.01499	0.00631	0.00635
12	0.01263	0.04483	0.11498	0.06265	0.04534	0.01244	0.23247	0.03912	0.01493	0.02033	0.08508	0.18571	0.02358	0.01061	0.00739	0.00226	0.00753	0.06610	0.00442	0.00762
13	0.10273	0.13492	0.10210	0.01567	0.05718	0.07423	0.05392	0.22044	0.01937	0.13844	0.01423	0.01486	0.01032	0.00677	0.00584	0.00187	0.00749	0.00518	0.00486	0.00956
14	0.00854	0.00676	0.01026	0.01054	0.01158	0.00628	0.07055	0.01009	0.01276	0.01693	0.03512	0.66241	0.07596	0.01868	0.00816	0.00256	0.00438	0.01713	0.00575	0.00558
15	0.00789	0.00573	0.00745	0.00877	0.00933	0.00529	0.00591	0.00911	0.01273	0.01683	0.05706	0.69037	0.10026	0.01973	0.00818	0.00257	0.00369	0.01779	0.00603	0.00529
16	0.01526	0.23259	0.47644	0.01626	0.02410	0.09266	0.01927	0.02071	0.01398	0.01858	0.01073	0.01256	0.00823	0.00603	0.00557	0.00183	0.00906	0.00436	0.00280	0.00900
17	0.07934	0.40957	0.22787	0.01390	0.02044	0.02088	0.04210	0.08324	0.01477	0.02031	0.01048	0.01204	0.00847	0.00594	0.00504	0.00170	0.00767	0.00421	0.00321	0.00881
18	0.02571	0.01184	0.01507	0.01174	0.01635	0.01113	0.00962	0.16115	0.02078	0.51511	0.10935	0.02394	0.02051	0.00859	0.00663	0.00199	0.00551	0.00700	0.00759	0.01040
19	0.01918	0.01760	0.01552	0.01357	0.01662	0.21913	0.01066	0.21336	0.06254	0.04409	0.01691	0.02316	0.01465	0.06982	0.07255	0.00304	0.04847	0.06253	0.04849	0.00809
20	0.01404	0.01529	0.08859	0.30542	0.38786	0.01464	0.01903	0.01832	0.01394	0.01921	0.01350	0.01767	0.03168	0.00638	0.00643	0.00203	0.00806	0.00590	0.00312	0.00888
21	0.00980	0.00784	0.01269	0.01169	0.01326	0.00870	0.07219	0.01222	0.01076	0.01534	0.01714	0.02588	0.01610	0.09703	0.62756	0.00933	0.01592	0.00717	0.00348	0.00591
22	0.01879	0.28591	0.02399	0.01378	0.01805	0.09486	0.03908	0.21668	0.03998	0.02313	0.01256	0.01467	0.01039	0.01172	0.09166	0.00276	0.06416	0.00504	0.00410	0.00868
23	0.01787	0.01226	0.01441	0.01173	0.01625	0.01168	0.00960	0.14318	0.12207	0.14437	0.02041	0.02647	0.01688	0.00856	0.00630	0.00181	0.00555	0.11667	0.00574	0.28819
24	0.01505	0.01555	0.08831	0.14839	0.11602	0.01517	0.14325	0.08526	0.05224	0.04352	0.01481	0.01852	0.02490	0.01174	0.08828	0.00306	0.09724	0.00639	0.00379	0.00851
25	0.01391	0.07321	0.03784	0.01123	0.01409	0.03203	0.00932	0.16467	0.03486	0.02172	0.02082	0.02509	0.07986	0.05030	0.33397	0.00576	0.01115	0.00692	0.04595	0.00732
26	0.09307	0.17895	0.48261	0.01608	0.02405	0.01696	0.04255	0.02042	0.01347	0.04050	0.01126	0.01304	0.00837	0.00603	0.00559	0.00191	0.00851	0.00453	0.00303	0.00906
27	0.01192	0.00760	0.01027	0.00984	0.01134	0.00819	0.00742	0.04834	0.01236	0.08300	0.02009	0.08507	0.01904	0.14200	0.43272	0.00741	0.01212	0.00802	0.05702	0.00622
28	0.02046	0.03997	0.03836	0.05317	0.01984	0.01788	0.01194	0.41206	0.17753	0.04840	0.01765	0.01889	0.01336	0.05101	0.00829	0.00226	0.02681	0.00625	0.00587	0.00999
29	0.00850	0.00605	0.00813	0.00956	0.01017	0.00577	0.00690	0.00999	0.01281	0.01697	0.03470	0.58531	0.04074	0.04954	0.00937	0.00285	0.00434	0.16705	0.00590	0.00535
30	0.01340	0.01148	0.01340	0.00957	0.01531	0.00861	0.00766	0.01627	0.01340	0.02105	0.01148	0.01340	0.00957	0.00479	0.00479	0.00096	0.00479	0.00383	0.00383	0.81242
31	0.03606	0.18387	0.08357	0.24885	0.06441	0.03670	0.02946	0.02184	0.14792	0.04296	0.01483	0.01807	0.01174	0.00698	0.00596	0.00197	0.00746	0.02500	0.00386	0.00849
32	0.37163	0.01448	0.01385	0.01158	0.01590	0.01639	0.00942	0.23593	0.17371	0.05502	0.01535	0.01541	0.01132	0.00721	0.00541	0.00202	0.00569	0.00515	0.00545	0.00907
33	0.01098	0.00774	0.01003	0.01103	0.07512	0.00799	0.00653	0.04753	0.01101	0.01498	0.01798	0.03387	0.01936	0.48920	0.11919	0.09274	0.00777	0.00815	0.00381	0.00499
34	0.00957	0.00759	0.01131	0.03633	0.01335	0.00736	0.07131	0.04736	0.01368	0.01819	0.03260	0.61222	0.05847	0.01763	0.00802	0.00252	0.00473	0.01614	0.00567	0.00594
35	0.01224	0.01139	0.01907	0.60634	0.12017	0.01363	0.01706	0.01620	0.01307	0.01703	0.01378	0.08613	0.01193	0.00765	0.00662	0.00217	0.00806	0.00690	0.00320	0.00735
36	0.01778	0.17870	0.08330	0.10029	0.12905	0.10153	0.04694	0.12580	0.11372	0.02244	0.01361	0.01536	0.01065	0.00662	0.00594	0.00187	0.00794	0.00532	0.00400	0.00916
37	0.04201	0.01300	0.01901	0.49207	0.07557	0.01557	0.01603	0.11887	0.08044	0.02163	0.01329	0.01721	0.01001	0.00696	0.00685	0.00213	0.03157	0.00582	0.00379	0.00817
38	0.04415	0.01931	0.08577	0.14067	0.12284	0.14864	0.03225	0.18647	0.03977	0.02445	0.03518	0.01605	0.01130	0.00701	0.00670	0.00194	0.03154	0.00553	0.00417	0.03626
39	0.01643	0.05384	0.02194	0.14826	0.18528	0.01452	0.10457	0.06715	0.09445	0.09062	0.03917	0.01991	0.03743	0.00702	0.00644	0.00194	0.00716	0.00642	0.00445	0.07298
40	0.08316	0.05485	0.04230	0.07080	0.27364	0.05255	0.01382	0.05235	0.03495	0.03981	0.05461	0.01676	0.01289	0.00635	0.00581	0.00173	0.00675	0.00536	0.00394	0.16758
41	0.07391	0.01422	0.04072	0.01711	0.10808	0.01456	0.06244	0.15025	0.08264	0.15581	0.06760	0.02198	0.05583	0.00857	0.00824	0.00212	0.09445	0.00683	0.00542	0.00924
42	0.13960	0.03949	0.12022	0.08023	0.17721	0.01415	0.04796	0.04760	0.03623	0.10060	0.01542	0.01773	0.03002	0.00967	0.05672	0.00258	0.02666	0.00572	0.02344	0.00876
43	0.01485	0.08836	0.13744	0.01505	0.08364	0.06334	0.01237	0.06725	0.13684	0.04176	0.10428	0.06409	0.06170	0.04602	0.03286	0.00248	0.00690	0.00759	0.00484	0.00835
44	0.05718	0.03995	0.14767	0.06169	0.08034	0.13389	0.04922	0.05581	0.06083	0.02059	0.03867	0.04799	0.10202	0.03363	0.00757	0.00214	0.02448	0.00697	0.00411	0.02526
45	0.12061	0.12089	0.09395	0.01548	0.06396	0.05735	0.04941	0.16722	0.14002	0.04639	0.05192	0.01727	0.01381	0.00722	0.00590	0.00193	0.00695	0.00568	0.00481	0.00922
46	0.03619	0.19195	0.12698	0.01763	0.12575	0.01649	0.05278	0.08376	0.05668	0.06340	0.03523	0.10792	0.01562	0.00840	0.00663	0.00197	0.03257	0.00697	0.00427	0.00881
47	0.06206	0.10317	0.19678	0.01292	0.03633	0.01289	0.01239	0.06520	0.03912	0.05448	0.09722	0.10735	0.06359	0.01149	0.04534	0.00240	0.00678	0.00771	0.00461	0.05818
48	0.01474	0.08228	0.18420	0.01609	0.04438	0.05084	0.08239	0.05848	0.03735	0.03731	0.01680	0.08728	0.03602	0.00980	0.02798	0.00227	0.09495	0.02606	0.00393	0.08686
49	0.05989	0.09896	0.10356	0.01489	0.07426	0.08081	0.03055	0.06483	0.05464	0.07455	0.06600	0.14632	0.04129	0.01105	0.02968	0.00230	0.02548	0.00811	0.00473	0.00810

[dist]
# distance from previous block
# <min> <max>
57	226

[block]
# block no. 1 follows, 34 sequences, length 22
# corresponding to MSA columns:
# 396-417
name=unknown_B
#
# <colnr> <probs for GDERKNQSTAVLIFYWHMCP>
#	G	D	E	R	K	N	Q	S	T	A	V	L	I	F	Y	W	H	M	C	P
0	0.08261	0.01495	0.05064	0.05587	0.12714	0.06240	0.06107	0.10387	0.07981	0.12843	0.01995	0.10365	0.04121	0.00870	0.00649	0.00205	0.00678	0.00747	0.00507	0.03184
1	0.01767	0.09391	0.08660	0.09880	0.11899	0.06923	0.08033	0.15870	0.05960	0.04704	0.01379	0.01695	0.01096	0.04445	0.00845	0.00220	0.05342	0.00580	0.00412	0.00899
2	0.04139	0.03603	0.03282	0.03296	0.06454	0.09532	0.02280	0.15367	0.03821	0.09373	0.09708	0.05092	0.06323	0.01031	0.03130	0.00224	0.05968	0.00712	0.00514	0.06151
3	0.14265	0.01441	0.05154	0.09357	0.14171	0.04984	0.01234	0.12996	0.01751	0.10956	0.11445	0.02252	0.05687	0.00812	0.00625	0.00199	0.00642	0.00662	0.00505	0.00862
4	0.04010	0.06034	0.11596	0.09483	0.13344	0.05432	0.03697	0.06908	0.11770	0.04314	0.06227	0.02011	0.01522	0.04190	0.04412	0.00260	0.02875	0.00625	0.00426	0.00864
5	0.01617	0.05821	0.10451	0.13316	0.13521	0.07296	0.11214	0.05702	0.05903	0.05261	0.01504	0.01758	0.03528	0.00694	0.00719	0.00198	0.05077	0.00595	0.00380	0.05445
6	0.01743	0.05908	0.14610	0.01917	0.12752	0.20524	0.04002	0.08520	0.05865	0.02070	0.01759	0.01916	0.08195	0.00789	0.00742	0.00197	0.06640	0.00601	0.00389	0.00860
7	0.03862	0.07921	0.11941	0.03107	0.12963	0.05158	0.05755	0.07346	0.09255	0.10458	0.05068	0.02054	0.05603	0.00769	0.00679	0.00196	0.03307	0.00634	0.00464	0.03460
8	0.07525	0.08388	0.12784	0.01719	0.08977	0.08401	0.07059	0.13838	0.03692	0.02423	0.10301	0.05055	0.01735	0.00812	0.00701	0.00199	0.04432	0.00658	0.00441	0.00859
9	0.01605	0.11632	0.10266	0.04099	0.15279	0.09933	0.03688	0.07249	0.05976	0.02068	0.03476	0.04259	0.03399	0.00890	0.03059	0.00217	0.05917	0.00606	0.00387	0.05996
10	0.10261	0.08558	0.01853	0.06353	0.10306	0.10789	0.03093	0.08354	0.09145	0.06770	0.03981	0.04572	0.01402	0.02656	0.00710	0.00200	0.03294	0.00600	0.00449	0.06652
11	0.05777	0.03898	0.13094	0.01538	0.07162	0.09203	0.03435	0.05913	0.09293	0.07886	0.09781	0.02451	0.06491	0.00982	0.02845	0.00226	0.03454	0.02698	0.00481	0.03395
12	0.01562	0.04324	0.12404	0.01843	0.14105	0.05192	0.07069	0.08134	0.05661	0.04642	0.04636	0.06430	0.03506	0.00756	0.00625	0.00181	0.00698	0.00658	0.00432	0.17142
13	0.05224	0.13201	0.06314	0.01351	0.03997	0.03717	0.01133	0.29810	0.07738	0.02884	0.06973	0.01889	0.01537	0.04003	0.00704	0.00201	0.00652	0.00589	0.03562	0.04521
14	0.01797	0.04143	0.04898	0.05002	0.01911	0.08864	0.01167	0.23060	0.19561	0.02697	0.01884	0.04736	0.01562	0.01033	0.03793	0.00235	0.00730	0.05412	0.00533	0.06981
15	0.00940	0.00626	0.00705	0.00705	0.00705	0.00626	0.00392	0.00940	0.00940	0.01253	0.02036	0.04228	0.02349	0.77292	0.03289	0.00626	0.00626	0.00940	0.00392	0.00392
16	0.01066	0.00798	0.03913	0.00856	0.01069	0.00653	0.00676	0.01310	0.01605	0.08923	0.34570	0.14418	0.21340	0.04820	0.00867	0.00234	0.00385	0.01217	0.00645	0.00634
17	0.04031	0.31252	0.10919	0.01400	0.04096	0.06052	0.03878	0.11150	0.05999	0.02195	0.06217	0.01569	0.01321	0.00666	0.00542	0.00168	0.00710	0.00504	0.00397	0.06937
18	0.01573	0.12668	0.01601	0.01169	0.01409	0.18198	0.03050	0.04518	0.03233	0.01618	0.01388	0.08397	0.01331	0.01334	0.01268	0.28842	0.00711	0.00618	0.03777	0.03295
19	0.01681	0.16661	0.04851	0.01219	0.01573	0.11775	0.01023	0.17583	0.04182	0.02158	0.01905	0.10177	0.06610	0.01293	0.04478	0.10175	0.00741	0.00711	0.00445	0.00758
20	0.22591	0.14747	0.09061	0.01523	0.07083	0.01598	0.08588	0.04415	0.03768	0.08215	0.03570	0.06059	0.01306	0.00749	0.00632	0.00199	0.04049	0.00592	0.00419	0.00834
21	0.01487	0.07361	0.10586	0.03619	0.05787	0.06903	0.01145	0.05942	0.06936	0.02150	0.05821	0.01874	0.03279	0.03444	0.00663	0.00171	0.00641	0.00543	0.00414	0.31232

[dist]
# distance from previous block
# <min> <max>
0	1

[block]
# block no. 2 follows, 34 sequences, length 12
# corresponding to MSA columns:
# 419-430
name=unknown_C
#
# <colnr> <probs for GDERKNQSTAVLIFYWHMCP>
#	G	D	E	R	K	N	Q	S	T	A	V	L	I	F	Y	W	H	M	C	P
0	0.04608	0.00705	0.00812	0.00876	0.03050	0.00691	0.00573	0.01185	0.04430	0.01807	0.08310	0.22791	0.15274	0.23186	0.01449	0.00338	0.00450	0.01183	0.07732	0.00549
1	0.01633	0.11242	0.11434	0.03031	0.06303	0.11042	0.11566	0.06113	0.14160	0.02128	0.01779	0.01904	0.06044	0.00727	0.00646	0.00189	0.02140	0.00609	0.00413	0.06898
2	0.04715	0.00929	0.04294	0.05231	0.05557	0.00813	0.00857	0.01365	0.03440	0.04489	0.10522	0.32440	0.10521	0.03027	0.00771	0.00227	0.00469	0.01206	0.00538	0.08588
3	0.05397	0.01462	0.04518	0.13818	0.10937	0.04623	0.15872	0.08353	0.01592	0.03931	0.05718	0.06963	0.01626	0.00823	0.00712	0.00208	0.02667	0.04467	0.00421	0.05893
4	0.01240	0.01129	0.03899	0.04220	0.01578	0.01201	0.01025	0.04004	0.08488	0.01848	0.01516	0.02064	0.01345	0.05766	0.28528	0.00529	0.15092	0.00611	0.00381	0.15536
5	0.06383	0.18494	0.09094	0.01573	0.05318	0.08073	0.08810	0.10369	0.04007	0.02172	0.01207	0.01431	0.00980	0.00860	0.04706	0.00221	0.03864	0.00495	0.00372	0.11570
6	0.00966	0.00699	0.00808	0.00829	0.00930	0.00678	0.00573	0.04842	0.01293	0.01671	0.03468	0.18910	0.18606	0.33154	0.01834	0.00404	0.00512	0.08797	0.00515	0.00513
7	0.00917	0.00624	0.00716	0.00727	0.00748	0.00613	0.00427	0.00952	0.01041	0.01388	0.06510	0.10922	0.05677	0.62890	0.02813	0.00552	0.00572	0.01052	0.00438	0.00423
8	0.01874	0.50252	0.02827	0.07768	0.01996	0.22531	0.01205	0.02090	0.01455	0.01549	0.00948	0.01132	0.00833	0.00592	0.00482	0.00153	0.00838	0.00385	0.00293	0.00797
9	0.00853	0.00659	0.00779	0.00828	0.00969	0.00608	0.00602	0.01093	0.04409	0.01871	0.14451	0.30414	0.29813	0.03992	0.00865	0.00249	0.00375	0.05992	0.00612	0.00566
10	0.01658	0.26766	0.16542	0.01503	0.02110	0.06912	0.10192	0.02210	0.09612	0.05147	0.01313	0.01447	0.01029	0.00611	0.00556	0.00170	0.00774	0.00492	0.00367	0.10588
11	0.14753	0.04387	0.07666	0.01259	0.04022	0.10028	0.01022	0.05406	0.01366	0.05449	0.01669	0.10958	0.01572	0.05142	0.22011	0.00459	0.00995	0.00707	0.00414	0.00716

[dist]
# distance from previous block
# <min> <max>
4	7

[block]
# block no. 3 follows, 34 sequences, length 14
# corresponding to MSA columns:
# 438-451
name=unknown_D
#
# <colnr> <probs for GDERKNQSTAVLIFYWHMCP>
#	G	D	E	R	K	N	Q	S	T	A	V	L	I	F	Y	W	H	M	C	P
0	0.00909	0.00636	0.00778	0.00792	0.00837	0.00647	0.00509	0.00987	0.01053	0.01420	0.04954	0.11514	0.06654	0.47989	0.16994	0.00632	0.00791	0.01016	0.00428	0.00459
1	0.01631	0.06129	0.10874	0.01884	0.13682	0.10942	0.05106	0.08910	0.11317	0.02263	0.07159	0.05187	0.01703	0.00837	0.00733	0.00203	0.05327	0.02217	0.03024	0.00872
2	0.33754	0.11025	0.15202	0.06366	0.06038	0.05216	0.01274	0.07601	0.01413	0.02457	0.01084	0.01279	0.00840	0.00621	0.00503	0.00190	0.00691	0.00432	0.03199	0.00815
3	0.01569	0.02226	0.23656	0.01814	0.09805	0.15034	0.04005	0.05973	0.09290	0.02103	0.03831	0.05966	0.07113	0.00852	0.00712	0.00205	0.03890	0.00686	0.00410	0.00861
4	0.01015	0.00841	0.00970	0.00845	0.01169	0.00675	0.00635	0.01218	0.01357	0.01874	0.03498	0.21971	0.25027	0.01242	0.00658	0.00177	0.00404	0.01066	0.00508	0.34851
5	0.01205	0.01036	0.01088	0.01018	0.01277	0.03335	0.00777	0.02094	0.31104	0.02297	0.17685	0.06946	0.22310	0.01354	0.03331	0.00245	0.00478	0.01025	0.00629	0.00765
6	0.01717	0.06065	0.02006	0.01499	0.04103	0.01578	0.07258	0.21370	0.01777	0.02525	0.01209	0.01438	0.00974	0.00694	0.00848	0.00174	0.14262	0.00509	0.00426	0.29567
7	0.02427	0.01716	0.01870	0.01430	0.01949	0.01855	0.01180	0.61772	0.02847	0.09420	0.01606	0.01590	0.01130	0.00760	0.00637	0.00189	0.00685	0.00576	0.00643	0.05720
8	0.01458	0.01053	0.01308	0.01432	0.11880	0.01081	0.00948	0.04822	0.20146	0.09161	0.05687	0.09614	0.13424	0.01068	0.00667	0.00208	0.00484	0.02815	0.11917	0.00827
9	0.01478	0.01181	0.01440	0.04478	0.05149	0.04716	0.05061	0.14087	0.06570	0.06567	0.07838	0.11568	0.16717	0.04299	0.00828	0.00235	0.00587	0.05865	0.00566	0.00770
10	0.00823	0.00593	0.00749	0.00836	0.00902	0.00552	0.00561	0.00950	0.01298	0.01728	0.12739	0.50174	0.11287	0.12280	0.01150	0.00300	0.00396	0.01577	0.00586	0.00520
11	0.01628	0.01416	0.01559	0.05286	0.05108	0.05132	0.01104	0.11854	0.38585	0.02675	0.12536	0.02468	0.02250	0.00905	0.00738	0.00212	0.04284	0.00736	0.00595	0.00927
12	0.01692	0.05491	0.11169	0.08940	0.09121	0.09057	0.01352	0.09741	0.14216	0.06493	0.01736	0.07839	0.01437	0.00800	0.00624	0.00194	0.00712	0.00657	0.02097	0.06629
13	0.01737	0.05420	0.02087	0.09415	0.23241	0.14558	0.01464	0.05381	0.01496	0.05541	0.01261	0.03890	0.01091	0.02335	0.00936	0.00210	0.14198	0.00575	0.00364	0.04799

[dist]
# distance from previous block
# <min> <max>
3	25

[block]
# block no. 4 follows, 34 sequences, length 24
# corresponding to MSA columns:
# 477-500
name=unknown_E
#
# <colnr> <probs for GDERKNQSTAVLIFYWHMCP>
#	G	D	E	R	K	N	Q	S	T	A	V	L	I	F	Y	W	H	M	C	P
0	0.07188	0.09392	0.01871	0.01415	0.03559	0.10726	0.10798	0.04118	0.11242	0.07265	0.09617	0.02332	0.05938	0.01065	0.05319	0.00244	0.00743	0.00684	0.04179	0.02303
1	0.01536	0.01486	0.01991	0.09761	0.20038	0.09216	0.08805	0.06751	0.10012	0.02166	0.05476	0.06433	0.05178	0.00961	0.02819	0.00228	0.00767	0.02453	0.00440	0.03483
2	0.01148	0.00950	0.01179	0.06765	0.04432	0.00992	0.02580	0.04323	0.17530	0.02025	0.07145	0.14325	0.19407	0.12970	0.01118	0.00285	0.00514	0.01074	0.00547	0.00693
3	0.01069	0.00786	0.01034	0.01105	0.07509	0.00735	0.00743	0.01407	0.04491	0.05878	0.45709	0.06496	0.17971	0.01290	0.00743	0.00207	0.00373	0.01127	0.00654	0.00673
4	0.12624	0.01229	0.01774	0.14627	0.26314	0.01286	0.01360	0.01835	0.03342	0.06072	0.01531	0.07507	0.01373	0.03693	0.00753	0.00216	0.02584	0.02621	0.00399	0.08862
5	0.00809	0.00584	0.00768	0.00893	0.00954	0.00543	0.00615	0.00950	0.01314	0.01753	0.10120	0.63890	0.07621	0.01931	0.00819	0.00256	0.00376	0.04658	0.00610	0.00537
6	0.01439	0.01443	0.02566	0.16115	0.24755	0.01552	0.19263	0.01822	0.01348	0.01899	0.01185	0.01656	0.00977	0.00852	0.04110	0.00250	0.13242	0.00617	0.00314	0.04596
7	0.02046	0.01596	0.01665	0.01353	0.01741	0.06777	0.01085	0.47623	0.02412	0.03192	0.01584	0.01920	0.01276	0.07553	0.14778	0.00385	0.00928	0.00619	0.00548	0.00920
8	0.01023	0.00802	0.00916	0.00796	0.01094	0.00659	0.00605	0.01242	0.01481	0.04136	0.16507	0.07731	0.32989	0.03884	0.00771	0.00197	0.00385	0.01040	0.00558	0.23184
9	0.00827	0.00605	0.00827	0.04571	0.01128	0.00584	0.00678	0.00975	0.01286	0.01719	0.07624	0.65834	0.04193	0.01904	0.00815	0.00258	0.00404	0.04634	0.00591	0.00542
10	0.00957	0.00687	0.00877	0.00863	0.00901	0.00752	0.00578	0.01040	0.00974	0.01349	0.01878	0.03536	0.02035	0.49796	0.26670	0.00745	0.04684	0.00840	0.00371	0.00468
11	0.01472	0.01200	0.02887	0.01077	0.01565	0.01000	0.03121	0.09298	0.03335	0.06019	0.03554	0.05499	0.04745	0.04488	0.00698	0.00164	0.00529	0.00604	0.00466	0.48277
12	0.05350	0.24150	0.16211	0.01482	0.01991	0.29062	0.01396	0.02281	0.06244	0.01785	0.01101	0.01255	0.00900	0.00653	0.00597	0.00175	0.03781	0.00432	0.00328	0.00826
13	0.01037	0.00898	0.04063	0.01128	0.01294	0.00929	0.04311	0.01298	0.01190	0.01755	0.10342	0.02712	0.02074	0.07313	0.42032	0.00693	0.08016	0.00739	0.07561	0.00614
14	0.01488	0.02023	0.26975	0.01744	0.04951	0.01419	0.11589	0.14745	0.03691	0.02349	0.01610	0.02288	0.01359	0.06267	0.07043	0.00309	0.00908	0.06143	0.02232	0.00867
15	0.01296	0.03342	0.73944	0.01842	0.02797	0.01501	0.02387	0.02046	0.01364	0.02046	0.01160	0.01364	0.00818	0.00614	0.00614	0.00205	0.00955	0.00477	0.00273	0.00955
16	0.01404	0.06382	0.54019	0.06475	0.09369	0.01578	0.04254	0.05425	0.01455	0.02105	0.01176	0.01413	0.00859	0.00615	0.00615	0.00201	0.00912	0.00500	0.00298	0.00946
17	0.00927	0.00677	0.00960	0.00960	0.01048	0.00765	0.00709	0.01103	0.01015	0.01442	0.01803	0.02937	0.01788	0.21935	0.57879	0.00941	0.01470	0.00751	0.00357	0.00533
18	0.01441	0.08604	0.01861	0.01883	0.19708	0.01380	0.01220	0.04905	0.01467	0.05568	0.10732	0.11485	0.04179	0.01026	0.00935	0.00212	0.14742	0.02543	0.00450	0.05657
19	0.00829	0.00660	0.00746	0.00733	0.00925	0.00577	0.00556	0.01049	0.01602	0.02059	0.30408	0.05759	0.46019	0.01528	0.00768	0.00216	0.00330	0.04024	0.00640	0.00571
20	0.01877	0.29881	0.02251	0.01275	0.01684	0.20902	0.01083	0.10238	0.03746	0.01984	0.01347	0.01493	0.03336	0.00702	0.00614	0.00165	0.05310	0.00473	0.07052	0.04589
21	0.01246	0.00814	0.00934	0.00844	0.00964	0.00818	0.00553	0.08958	0.01252	0.05992	0.01959	0.03603	0.02069	0.57583	0.05591	0.00544	0.00669	0.00846	0.00442	0.04320
22	0.07744	0.03243	0.13325	0.01901	0.13534	0.07542	0.04196	0.18318	0.08720	0.08419	0.01536	0.03488	0.01180	0.00738	0.00672	0.00201	0.03224	0.00588	0.00473	0.00958
23	0.04786	0.04024	0.03255	0.14318	0.15315	0.08119	0.01367	0.15324	0.01768	0.05980	0.07527	0.02089	0.05752	0.00816	0.00754	0.00203	0.06650	0.00644	0.00451	0.00858

[dist]
# distance from previous block
# <min> <max>
1	3

[block]
# block no. 5 follows, 34 sequences, length 31
# corresponding to MSA columns:
# 505-535
name=unknown_F
#
# <colnr> <probs for GDERKNQSTAVLIFYWHMCP>
#	G	D	E	R	K	N	Q	S	T	A	V	L	I	F	Y	W	H	M	C	P
0	0.01722	0.07049	0.01711	0.01657	0.13547	0.10991	0.01104	0.16004	0.06570	0.05151	0.03530	0.15061	0.01888	0.05449	0.00799	0.00223	0.00661	0.00810	0.05240	0.00833
1	0.08250	0.10382	0.05750	0.05989	0.04383	0.03600	0.06740	0.11586	0.06321	0.08351	0.04768	0.02352	0.01602	0.13804	0.01069	0.00270	0.00697	0.02812	0.00465	0.00808
2	0.08056	0.03731	0.01448	0.18751	0.12796	0.01117	0.01103	0.03664	0.01409	0.01945	0.05851	0.05510	0.23136	0.04350	0.04226	0.00264	0.00637	0.00869	0.00442	0.00696
3	0.00927	0.00676	0.00958	0.00958	0.01046	0.00764	0.00708	0.01102	0.01015	0.01441	0.01804	0.02945	0.01792	0.22264	0.57555	0.00939	0.01465	0.00752	0.00357	0.00532
4	0.02273	0.18353	0.02149	0.01550	0.01928	0.59928	0.01219	0.02448	0.01725	0.01569	0.00978	0.01139	0.00832	0.00643	0.00548	0.00161	0.01068	0.00402	0.00321	0.00765
5	0.05514	0.01232	0.01401	0.01025	0.01580	0.01034	0.00827	0.10189	0.01558	0.05604	0.01248	0.01390	0.00991	0.00535	0.00503	0.00118	0.00511	0.00417	0.00435	0.63889
6	0.00975	0.00710	0.00956	0.01086	0.01230	0.00692	0.00917	0.01232	0.01455	0.01875	0.03840	0.15589	0.12704	0.01795	0.00868	0.00283	0.00534	0.52083	0.00596	0.00580
7	0.01976	0.01343	0.01565	0.01275	0.01640	0.01439	0.01026	0.35106	0.02242	0.13067	0.10242	0.12451	0.02168	0.01033	0.00799	0.00209	0.06773	0.00825	0.00628	0.04194
8	0.01296	0.03342	0.73944	0.01842	0.02797	0.01501	0.02387	0.02046	0.01364	0.02046	0.01160	0.01364	0.00818	0.00614	0.00614	0.00205	0.00955	0.00477	0.00273	0.00955
9	0.00783	0.00650	0.00685	0.00688	0.00888	0.00552	0.00512	0.00960	0.01500	0.01838	0.14101	0.10432	0.60941	0.01624	0.00767	0.00219	0.00328	0.01370	0.00613	0.00552
10	0.81856	0.01250	0.00950	0.00850	0.01250	0.01449	0.00700	0.01899	0.01100	0.02899	0.00900	0.01050	0.00700	0.00600	0.00400	0.00200	0.00500	0.00350	0.00400	0.00700
11	0.01534	0.01503	0.02665	0.14511	0.54532	0.01532	0.10315	0.01944	0.01451	0.02037	0.01217	0.01635	0.00994	0.00582	0.00656	0.00199	0.00821	0.00598	0.00316	0.00959
12	0.01071	0.00825	0.00861	0.00860	0.01034	0.04003	0.00624	0.06455	0.01515	0.03516	0.06552	0.28870	0.28107	0.05085	0.00857	0.00241	0.00426	0.01316	0.07179	0.00602
13	0.00797	0.00660	0.00701	0.00702	0.00908	0.00564	0.00533	0.00986	0.01520	0.01865	0.15017	0.06090	0.60891	0.01603	0.00770	0.00220	0.00338	0.04667	0.00614	0.00556
14	0.01321	0.03194	0.68091	0.02016	0.08580	0.01503	0.02354	0.02041	0.01373	0.02052	0.01164	0.01383	0.00835	0.00611	0.00616	0.00204	0.00940	0.00486	0.00277	0.00961
15	0.01105	0.00818	0.01110	0.01061	0.01213	0.00928	0.00818	0.09611	0.01280	0.01798	0.01801	0.05307	0.01710	0.10017	0.57319	0.00874	0.01469	0.00741	0.00396	0.00624
16	0.03799	0.01253	0.01440	0.01206	0.01595	0.01318	0.00967	0.16476	0.23645	0.22918	0.07421	0.02626	0.02050	0.03804	0.00760	0.00224	0.00549	0.03981	0.03000	0.00966
17	0.07977	0.03757	0.01186	0.00951	0.01266	0.00946	0.00761	0.03910	0.05420	0.24236	0.24279	0.03045	0.05223	0.01105	0.03252	0.00224	0.00482	0.00798	0.10377	0.00805
18	0.01186	0.01133	0.09189	0.08227	0.04355	0.03237	0.01042	0.02898	0.01399	0.07571	0.02973	0.37485	0.08773	0.01538	0.02531	0.00256	0.00586	0.04413	0.00526	0.00682
19	0.00816	0.00645	0.00735	0.00737	0.00911	0.00564	0.00544	0.01020	0.01562	0.02013	0.28121	0.14446	0.42432	0.01580	0.00771	0.00219	0.00326	0.01357	0.00637	0.00564
20	0.00927	0.00677	0.00959	0.00959	0.01046	0.00764	0.00708	0.01103	0.01015	0.01441	0.01804	0.02942	0.01791	0.22166	0.57651	0.00940	0.01467	0.00751	0.00357	0.00533
21	0.00849	0.00602	0.00755	0.00837	0.00892	0.00571	0.00558	0.00960	0.01235	0.01642	0.09205	0.43344	0.08483	0.22098	0.01479	0.00354	0.00443	0.04638	0.00553	0.00501
22	0.01340	0.01148	0.01340	0.00957	0.01531	0.00861	0.00766	0.01627	0.01340	0.02105	0.01148	0.01340	0.00957	0.00479	0.00479	0.00096	0.00479	0.00383	0.00383	0.81242
23	0.01748	0.11308	0.12872	0.04389	0.16112	0.04514	0.08411	0.07604	0.03646	0.10406	0.02952	0.03055	0.01215	0.00666	0.00611	0.00184	0.00755	0.00576	0.00418	0.08561
24	0.01671	0.06213	0.04126	0.09322	0.15110	0.01359	0.04799	0.04430	0.11294	0.11444	0.01571	0.01730	0.01197	0.00760	0.02777	0.00199	0.00687	0.00556	0.00448	0.20306
25	0.00927	0.00676	0.00955	0.00955	0.01042	0.00762	0.00704	0.01100	0.01014	0.01438	0.01807	0.02960	0.01798	0.22910	0.56918	0.00936	0.01455	0.00754	0.00357	0.00531
26	0.01885	0.01280	0.01905	0.11130	0.19127	0.01313	0.04753	0.13833	0.01754	0.19880	0.01847	0.08477	0.01492	0.01161	0.06938	0.00276	0.00779	0.00725	0.00517	0.00928
27	0.01734	0.14260	0.12997	0.01997	0.18813	0.08320	0.01487	0.09095	0.06087	0.04280	0.01277	0.01457	0.01014	0.00638	0.00626	0.00175	0.03368	0.00496	0.00383	0.11496
28	0.04186	0.01756	0.14952	0.15031	0.17747	0.03998	0.15761	0.01921	0.04667	0.02030	0.04197	0.05974	0.03418	0.00743	0.00670	0.00209	0.00824	0.00703	0.00364	0.00850
29	0.23799	0.00826	0.00886	0.00900	0.01102	0.00858	0.00692	0.01366	0.01320	0.04464	0.10687	0.22769	0.09560	0.04232	0.04424	0.00288	0.00509	0.10164	0.00542	0.00612
30	0.01637	0.01832	0.12018	0.05129	0.32038	0.03777	0.12447	0.10395	0.07396	0.02334	0.01443	0.04033	0.01168	0.00675	0.00662	0.00202	0.00817	0.00640	0.00390	0.00966

[dist]
# distance from previous block
# <min> <max>
0	1

[block]
# block no. 6 follows, 34 sequences, length 257
# corresponding to MSA columns:
# 537-793
name=unknown_G
#
# <colnr> <probs for GDERKNQSTAVLIFYWHMCP>
#	G	D	E	R	K	N	Q	S	T	A	V	L	I	F	Y	W	H	M	C	P
0	0.01658	0.16621	0.13255	0.03884	0.12494	0.09162	0.05537	0.05564	0.18315	0.02134	0.01564	0.04335	0.01275	0.00720	0.00605	0.00192	0.00766	0.00594	0.00411	0.00916
1	0.00802	0.00642	0.00717	0.00728	0.00904	0.00557	0.00535	0.00990	0.01519	0.01925	0.21314	0.16674	0.47174	0.01623	0.00773	0.00221	0.00329	0.01391	0.00625	0.00557
2	0.00803	0.00635	0.00723	0.00746	0.00908	0.00555	0.00542	0.00987	0.01499	0.01913	0.20771	0.22068	0.42252	0.01654	0.00777	0.00225	0.00333	0.01428	0.00625	0.00555
3	0.01449	0.04185	0.04319	0.08730	0.15548	0.01224	0.04949	0.03459	0.06087	0.04137	0.01481	0.06965	0.01279	0.00677	0.00588	0.00162	0.00629	0.00599	0.00403	0.33128
4	0.03814	0.06442	0.06042	0.08632	0.02104	0.04639	0.08426	0.12858	0.01651	0.04902	0.01784	0.02001	0.07903	0.02851	0.00721	0.00187	0.03054	0.00602	0.00428	0.20959
5	0.00808	0.00579	0.00779	0.00923	0.00971	0.00549	0.00636	0.00937	0.01245	0.01662	0.03484	0.69676	0.04139	0.02115	0.03600	0.00294	0.00440	0.06043	0.00590	0.00531
6	0.02315	0.02850	0.01783	0.01613	0.01941	0.65806	0.01218	0.06163	0.01842	0.01710	0.01078	0.01279	0.00899	0.00954	0.05592	0.00227	0.01179	0.00444	0.00351	0.00756
7	0.01768	0.11831	0.15892	0.02013	0.16412	0.04008	0.05568	0.06581	0.07618	0.11751	0.01547	0.04433	0.01224	0.00741	0.00718	0.00200	0.05720	0.00603	0.00428	0.00943
8	0.02725	0.01268	0.01590	0.01231	0.01727	0.01214	0.01013	0.17587	0.06446	0.54541	0.02342	0.02075	0.01516	0.00799	0.00650	0.00200	0.00582	0.00640	0.00758	0.01095
9	0.00945	0.00641	0.00778	0.00778	0.00810	0.00667	0.00490	0.01010	0.00977	0.01352	0.01968	0.03772	0.02154	0.57768	0.19710	0.00705	0.00870	0.00870	0.03291	0.00442
10	0.01754	0.61196	0.12759	0.01225	0.01822	0.04590	0.01275	0.02035	0.01365	0.05469	0.01025	0.01147	0.00869	0.00578	0.00459	0.00151	0.00734	0.00382	0.00306	0.00858
11	0.01929	0.02261	0.08244	0.06729	0.06982	0.30977	0.05347	0.11687	0.08038	0.02136	0.01545	0.03927	0.03663	0.00769	0.00676	0.00194	0.03042	0.00594	0.00411	0.00847
12	0.04735	0.01824	0.14454	0.08426	0.07445	0.01613	0.01467	0.34075	0.02168	0.07767	0.01646	0.04711	0.01309	0.00820	0.00652	0.00207	0.00734	0.04455	0.00521	0.00970
13	0.01967	0.43001	0.04971	0.01338	0.01813	0.26862	0.01189	0.06608	0.01600	0.01727	0.01056	0.03193	0.00941	0.00648	0.00504	0.00157	0.00853	0.00430	0.00328	0.00815
14	0.04098	0.12003	0.10497	0.01612	0.07150	0.01489	0.10998	0.02238	0.20199	0.04670	0.04654	0.07444	0.05979	0.00859	0.00639	0.00203	0.00655	0.00753	0.02995	0.00867
15	0.01587	0.12140	0.22968	0.01756	0.09720	0.03513	0.05664	0.09765	0.05805	0.04889	0.01643	0.07925	0.02936	0.00772	0.00618	0.00192	0.00749	0.00647	0.00410	0.06300
16	0.12647	0.06585	0.12437	0.03678	0.06919	0.03692	0.03110	0.10524	0.01587	0.10916	0.01903	0.19589	0.01783	0.00987	0.00636	0.00210	0.00651	0.00827	0.00487	0.00833
17	0.00996	0.00673	0.00763	0.00746	0.00769	0.00684	0.00437	0.03578	0.01022	0.01367	0.02007	0.04069	0.02277	0.71896	0.05683	0.00625	0.00668	0.00918	0.00399	0.00424
18	0.01106	0.00990	0.08071	0.00897	0.01198	0.00736	0.00780	0.01432	0.04100	0.09407	0.23205	0.07282	0.35640	0.01351	0.00735	0.00213	0.00414	0.01144	0.00620	0.00676
19	0.04698	0.06878	0.17091	0.09193	0.12001	0.05228	0.07685	0.18372	0.01797	0.05788	0.01289	0.01507	0.00965	0.00673	0.00685	0.00199	0.04061	0.00545	0.00406	0.00937
20	0.01807	0.01085	0.01369	0.01318	0.07030	0.01077	0.00952	0.06896	0.16339	0.24535	0.11273	0.09494	0.09346	0.01082	0.00699	0.00214	0.00505	0.03414	0.00668	0.00898
21	0.00870	0.00658	0.00804	0.00783	0.00950	0.00592	0.00589	0.01126	0.01691	0.02287	0.48571	0.07924	0.25567	0.01455	0.00769	0.00213	0.00324	0.03569	0.00671	0.00587
22	0.01856	0.07231	0.21314	0.06194	0.02330	0.31586	0.03752	0.07023	0.01642	0.01897	0.01165	0.03721	0.00964	0.00722	0.00706	0.00192	0.06025	0.00516	0.00338	0.00826
23	0.01631	0.11474	0.07747	0.15236	0.21357	0.05909	0.05272	0.09469	0.01604	0.04587	0.01538	0.06759	0.03153	0.00749	0.00630	0.00196	0.00777	0.00649	0.00385	0.00879
24	0.00943	0.00715	0.01051	0.01041	0.01144	0.00839	0.00803	0.01155	0.01030	0.01485	0.01718	0.02609	0.01636	0.09555	0.67227	0.00983	0.04446	0.00704	0.00347	0.00569
25	0.02414	0.03079	0.01831	0.01665	0.01998	0.74698	0.01248	0.02580	0.01831	0.01581	0.00999	0.01165	0.00832	0.00666	0.00583	0.00166	0.01165	0.00416	0.00333	0.00749
26	0.01599	0.16916	0.17862	0.06511	0.15172	0.01713	0.08405	0.08611	0.06390	0.03807	0.01447	0.03848	0.01197	0.00708	0.00618	0.00196	0.00785	0.02915	0.00382	0.00917
27	0.01003	0.00704	0.00835	0.00861	0.00970	0.00683	0.00600	0.03390	0.03953	0.03747	0.05474	0.26098	0.14887	0.26016	0.01594	0.00368	0.00486	0.07240	0.00545	0.00548
28	0.00797	0.00650	0.00706	0.00704	0.00897	0.00558	0.00523	0.00988	0.01534	0.01920	0.20567	0.10521	0.54195	0.01594	0.00767	0.00218	0.00326	0.01353	0.00624	0.00558
29	0.07191	0.01662	0.12006	0.23550	0.17823	0.04016	0.03808	0.08592	0.03623	0.04522	0.01428	0.06360	0.01177	0.00733	0.00636	0.00207	0.00781	0.00633	0.00385	0.00866
30	0.04135	0.01746	0.10293	0.09382	0.12984	0.05625	0.09552	0.08961	0.19557	0.06341	0.01722	0.01965	0.01319	0.00733	0.00654	0.00208	0.00762	0.02653	0.00467	0.00941
31	0.00790	0.00656	0.00691	0.00682	0.00889	0.00557	0.00512	0.00978	0.01535	0.01892	0.18080	0.05976	0.61374	0.01582	0.00763	0.00216	0.00323	0.01330	0.00619	0.00557
32	0.01349	0.01168	0.01396	0.01064	0.03529	0.00915	0.00820	0.01635	0.01332	0.02088	0.01141	0.01349	0.00955	0.00502	0.00535	0.00104	0.02865	0.00394	0.00378	0.76481
33	0.01266	0.01220	0.02117	0.64601	0.06849	0.01474	0.07386	0.01694	0.01307	0.01699	0.01154	0.01709	0.00877	0.00652	0.00706	0.00217	0.03452	0.00589	0.00291	0.00741
34	0.04053	0.15267	0.09112	0.05959	0.04870	0.01803	0.09045	0.20909	0.01810	0.07166	0.01312	0.01517	0.01006	0.00832	0.03128	0.00222	0.07663	0.00543	0.00429	0.03354
35	0.01350	0.06822	0.39643	0.10637	0.06571	0.04009	0.05599	0.03900	0.01417	0.01967	0.01464	0.10966	0.01290	0.00793	0.00642	0.00208	0.00852	0.00675	0.00335	0.00861
36	0.00829	0.00676	0.00737	0.00731	0.00931	0.00594	0.00551	0.01072	0.03541	0.01959	0.20753	0.08255	0.52102	0.01563	0.00766	0.00219	0.00337	0.03185	0.00626	0.00574
37	0.00910	0.00758	0.00799	0.00798	0.00987	0.02616	0.00588	0.02980	0.03852	0.01952	0.16221	0.19188	0.42850	0.01586	0.00764	0.00222	0.00372	0.01356	0.00614	0.00588
38	0.01788	0.15754	0.18446	0.04106	0.11445	0.12807	0.10335	0.09802	0.03741	0.04050	0.01238	0.01438	0.00956	0.00629	0.00602	0.00186	0.00879	0.00520	0.00363	0.00915
39	0.01458	0.01554	0.04633	0.06696	0.06602	0.04174	0.08100	0.01748	0.03454	0.01700	0.01008	0.01500	0.00908	0.00968	0.01654	0.00258	0.51935	0.00583	0.00303	0.00763
40	0.00787	0.00562	0.00750	0.00900	0.00937	0.00525	0.00600	0.00900	0.01237	0.01649	0.03561	0.76871	0.04274	0.02024	0.00825	0.00262	0.00375	0.01837	0.00600	0.00525
41	0.01913	0.01655	0.12258	0.09284	0.18609	0.03368	0.07525	0.06439	0.03856	0.21421	0.01678	0.01809	0.01195	0.00680	0.00638	0.00198	0.00745	0.00600	0.05165	0.00964
42	0.04078	0.04556	0.04386	0.01568	0.02018	0.10839	0.12232	0.19258	0.14474	0.07556	0.04194	0.01930	0.02928	0.00775	0.00694	0.00200	0.03378	0.00639	0.03378	0.00920
43	0.01124	0.00916	0.00979	0.03023	0.01226	0.05538	0.00728	0.01559	0.12358	0.04236	0.12876	0.31582	0.15665	0.01478	0.00741	0.00227	0.00446	0.01288	0.03352	0.00657
44	0.01650	0.14713	0.02383	0.07102	0.35006	0.07765	0.01531	0.02203	0.12301	0.02027	0.01351	0.01581	0.01105	0.00623	0.00589	0.00180	0.00735	0.00534	0.00367	0.06253
45	0.04396	0.06572	0.14123	0.04448	0.24642	0.03609	0.10811	0.08594	0.06874	0.02279	0.03936	0.01772	0.01254	0.03056	0.00717	0.00211	0.00795	0.00603	0.00385	0.00925
46	0.00816	0.00649	0.00735	0.00751	0.00927	0.00568	0.00562	0.01012	0.01524	0.01934	0.20937	0.14888	0.45443	0.01623	0.00778	0.00225	0.00343	0.05101	0.00625	0.00560
47	0.01340	0.01148	0.01340	0.00957	0.01531	0.00861	0.00766	0.01627	0.01340	0.02105	0.01148	0.01340	0.00957	0.00479	0.00479	0.00096	0.00479	0.00383	0.00383	0.81242
48	0.01230	0.01111	0.01731	0.23047	0.09069	0.01183	0.08392	0.01795	0.11527	0.02091	0.15581	0.10157	0.04731	0.00955	0.00695	0.00211	0.00635	0.00875	0.00475	0.04509
49	0.02274	0.01670	0.03796	0.01385	0.01863	0.03723	0.01156	0.48312	0.07332	0.11565	0.01874	0.01859	0.03233	0.00946	0.03277	0.00225	0.00711	0.00618	0.03149	0.01030
50	0.00926	0.00623	0.00718	0.00731	0.00737	0.00623	0.00421	0.00942	0.00968	0.01293	0.02156	0.10311	0.02491	0.68891	0.05102	0.00607	0.00636	0.01008	0.00408	0.00408
51	0.00778	0.00634	0.00683	0.00715	0.00885	0.00545	0.00516	0.00931	0.01418	0.01738	0.07886	0.21559	0.53896	0.03800	0.00847	0.00239	0.00345	0.01449	0.00598	0.00539
52	0.01418	0.01425	0.02044	0.01733	0.01756	0.01967	0.03886	0.01573	0.01009	0.01573	0.00865	0.01425	0.00853	0.01110	0.02072	0.00280	0.73441	0.00572	0.00284	0.00713
53	0.01778	0.56149	0.08036	0.01209	0.01762	0.02308	0.01190	0.12423	0.03712	0.01971	0.01104	0.01281	0.00952	0.03048	0.00563	0.00169	0.00705	0.00421	0.00347	0.00871
54	0.00863	0.00612	0.00710	0.00756	0.00805	0.00581	0.00472	0.00925	0.01123	0.01459	0.03281	0.26807	0.15125	0.41203	0.02099	0.00445	0.00498	0.01287	0.00491	0.00459
55	0.00787	0.00562	0.00750	0.00900	0.00937	0.00525	0.00600	0.00900	0.01237	0.01649	0.03561	0.76871	0.04274	0.02024	0.00825	0.00262	0.00375	0.01837	0.00600	0.00525
56	0.01439	0.01490	0.02403	0.01934	0.02085	0.01899	0.17490	0.01674	0.01113	0.01674	0.00954	0.01490	0.00879	0.00995	0.01806	0.00268	0.58757	0.00611	0.00293	0.00745
57	0.00925	0.00737	0.00819	0.00824	0.01030	0.00691	0.00640	0.01297	0.08679	0.01996	0.13671	0.08222	0.42514	0.01522	0.00761	0.00227	0.00382	0.10825	0.03630	0.00610
58	0.01165	0.00722	0.00891	0.00808	0.01027	0.00646	0.00618	0.01437	0.01705	0.10804	0.43474	0.04410	0.16836	0.01232	0.00709	0.00197	0.00343	0.01060	0.08613	0.03303
59	0.00923	0.00692	0.01038	0.01038	0.01154	0.00808	0.00808	0.01154	0.01038	0.01500	0.01731	0.02538	0.01615	0.04846	0.74732	0.01038	0.01731	0.00692	0.00346	0.00577
60	0.01632	0.01331	0.01432	0.01248	0.01604	0.01493	0.00980	0.15745	0.45975	0.02908	0.13087	0.02751	0.05052	0.00952	0.00675	0.00212	0.00511	0.00791	0.00661	0.00958
61	0.01220	0.01148	0.01938	0.75739	0.04450	0.01436	0.01794	0.01651	0.01292	0.01651	0.01148	0.01723	0.00861	0.00646	0.00646	0.00215	0.00861	0.00574	0.00287	0.00718
62	0.02154	0.01453	0.01589	0.01275	0.01708	0.01571	0.01035	0.39220	0.14716	0.12866	0.02127	0.02066	0.04082	0.00826	0.00630	0.00195	0.00591	0.00649	0.10242	0.01006
63	0.00783	0.00655	0.00681	0.00675	0.00885	0.00554	0.00506	0.00964	0.01518	0.01853	0.14999	0.06041	0.64479	0.01596	0.00763	0.00216	0.00324	0.01339	0.00614	0.00554
64	0.01251	0.01169	0.01610	0.01441	0.01472	0.01554	0.01159	0.01453	0.03696	0.01590	0.01478	0.13091	0.01566	0.05893	0.09111	0.00371	0.50280	0.00797	0.00357	0.00661
65	0.01322	0.01129	0.01320	0.00955	0.01512	0.00850	0.00760	0.01603	0.01336	0.02090	0.01228	0.03820	0.01066	0.00529	0.00490	0.00101	0.00475	0.00431	0.00390	0.78591
66	0.01854	0.06582	0.04417	0.07679	0.13878	0.29187	0.13271	0.04307	0.01594	0.01838	0.01132	0.01452	0.00929	0.00810	0.03495	0.00223	0.05664	0.00535	0.00329	0.00824
67	0.02288	0.00961	0.01297	0.01049	0.01428	0.00859	0.00841	0.02531	0.01718	0.51269	0.13114	0.02748	0.02328	0.05689	0.06324	0.00287	0.00598	0.00747	0.02994	0.00931
68	0.10967	0.01847	0.01852	0.15552	0.11705	0.20164	0.01362	0.17484	0.01792	0.02358	0.01193	0.01514	0.00958	0.03207	0.00775	0.00211	0.05300	0.00522	0.00399	0.00838
69	0.08420	0.04437	0.04930	0.06980	0.42329	0.01617	0.01665	0.12789	0.04188	0.04623	0.01314	0.01570	0.01036	0.00631	0.00613	0.00194	0.00730	0.00553	0.00399	0.00984
70	0.00787	0.00562	0.00750	0.00900	0.00937	0.00525	0.00600	0.00900	0.01237	0.01649	0.03561	0.76871	0.04274	0.02024	0.00825	0.00262	0.00375	0.01837	0.00600	0.00525
71	0.01529	0.01463	0.02496	0.17276	0.60501	0.01517	0.01948	0.01921	0.01438	0.02026	0.01203	0.01622	0.00993	0.00589	0.00641	0.00196	0.00785	0.00575	0.00314	0.00967
72	0.04080	0.01978	0.18570	0.02426	0.20035	0.04067	0.12593	0.01897	0.01308	0.01929	0.01088	0.01480	0.00901	0.00752	0.01095	0.00226	0.23837	0.00567	0.00302	0.00868
73	0.00923	0.00692	0.01038	0.01038	0.01154	0.00808	0.00808	0.01154	0.01038	0.01500	0.01731	0.02538	0.01615	0.04846	0.74732	0.01038	0.01731	0.00692	0.00346	0.00577
74	0.01605	0.01989	0.21802	0.06452	0.21724	0.01493	0.16726	0.02254	0.08459	0.08894	0.01483	0.01711	0.01099	0.00634	0.00662	0.00206	0.00846	0.00612	0.00386	0.00963
75	0.08014	0.01218	0.01530	0.01181	0.01677	0.01143	0.00976	0.13431	0.01981	0.58441	0.02289	0.02025	0.01464	0.00783	0.00633	0.00199	0.00571	0.00620	0.00750	0.01073
76	0.00940	0.00626	0.00705	0.00705	0.00705	0.00626	0.00392	0.00940	0.00940	0.01253	0.02036	0.04228	0.02349	0.77292	0.03289	0.00626	0.00626	0.00940	0.00392	0.00392
77	0.02456	0.01810	0.01939	0.01487	0.02004	0.02004	0.01228	0.71107	0.03038	0.04072	0.01551	0.01551	0.01099	0.00776	0.00646	0.00194	0.00711	0.00582	0.00646	0.01099
78	0.02418	0.02959	0.01841	0.01648	0.01998	0.67825	0.01247	0.09059	0.01945	0.01817	0.01051	0.01202	0.00857	0.00676	0.00589	0.00169	0.01122	0.00432	0.00363	0.00782
79	0.01024	0.00829	0.00999	0.00988	0.01086	0.05546	0.00723	0.01188	0.01063	0.01438	0.01766	0.02909	0.01764	0.24259	0.50516	0.00870	0.01394	0.00742	0.00358	0.00538
80	0.00914	0.00660	0.00864	0.00813	0.00965	0.00610	0.00610	0.01219	0.01829	0.02591	0.72921	0.04827	0.06097	0.01321	0.00762	0.00203	0.00305	0.01169	0.00711	0.00610
