[name]
unknown

[dist]
# distance from previous block
# <min> <max>
0	26

[block]
# block no. 0 follows, 33 sequences, length 19
# corresponding to MSA columns:
# 26-44
name=unknown_A
#
# <colnr> <probs for GDERKNQSTAVLIFYWHMCP>
#	G	D	E	R	K	N	Q	S	T	A	V	L	I	F	Y	W	H	M	C	P
0	0.09650	0.07554	0.06816	0.01175	0.01598	0.01347	0.01019	0.12609	0.11619	0.06612	0.10282	0.10409	0.02237	0.00967	0.00636	0.00199	0.00561	0.03509	0.00552	0.10647
1	0.03805	0.19167	0.06794	0.01457	0.04641	0.18955	0.01207	0.12765	0.07512	0.06532	0.04122	0.01870	0.04417	0.03194	0.00678	0.00197	0.00782	0.00570	0.00455	0.00879
2	0.07360	0.13110	0.04412	0.01207	0.03452	0.01430	0.01001	0.13226	0.07978	0.12148	0.10176	0.05442	0.08026	0.00909	0.00621	0.00190	0.00563	0.00729	0.00561	0.07460
3	0.01761	0.01637	0.06653	0.04394	0.02083	0.07098	0.11648	0.21284	0.05283	0.06565	0.04821	0.08335	0.10357	0.00953	0.00696	0.00207	0.00723	0.00824	0.00535	0.04141
4	0.01232	0.10468	0.04323	0.08477	0.01649	0.04556	0.00979	0.06898	0.01545	0.01985	0.09332	0.23611	0.11142	0.01550	0.04978	0.00271	0.00641	0.05165	0.00512	0.00686
5	0.08339	0.06632	0.14887	0.01374	0.01920	0.10791	0.01288	0.12991	0.03967	0.13423	0.01566	0.01799	0.01199	0.00887	0.03421	0.00220	0.00785	0.03237	0.00482	0.10794
6	0.01770	0.11124	0.26625	0.01932	0.08438	0.03507	0.11695	0.09199	0.05140	0.10212	0.03174	0.01675	0.01184	0.00674	0.00638	0.00199	0.00841	0.00580	0.00421	0.00972
7	0.00957	0.00712	0.00927	0.04511	0.03673	0.00676	0.00718	0.01152	0.01420	0.04693	0.11434	0.29824	0.26226	0.01960	0.07707	0.00313	0.00534	0.01377	0.00582	0.00606
8	0.01199	0.01381	0.11183	0.11192	0.13769	0.01189	0.09925	0.01584	0.01310	0.01819	0.01929	0.05032	0.06963	0.02220	0.25791	0.00502	0.01144	0.00747	0.00358	0.00763
9	0.01724	0.05308	0.31575	0.06460	0.12006	0.01594	0.04858	0.10728	0.07571	0.09601	0.01504	0.01648	0.01087	0.00679	0.00641	0.00205	0.00826	0.00566	0.00422	0.00998
10	0.01426	0.01155	0.01539	0.08707	0.19094	0.04510	0.01163	0.01855	0.08586	0.09024	0.08367	0.15824	0.13746	0.01143	0.00716	0.00218	0.00583	0.01004	0.00533	0.00807
11	0.02762	0.01080	0.01452	0.01127	0.01611	0.00931	0.00926	0.03009	0.01850	0.66914	0.02956	0.02602	0.07879	0.00890	0.00672	0.00205	0.00540	0.00726	0.00797	0.01071
12	0.04785	0.05657	0.01999	0.11998	0.24664	0.03916	0.05453	0.01835	0.01444	0.09038	0.01937	0.20622	0.01885	0.00994	0.00684	0.00216	0.00690	0.00902	0.00444	0.00836
13	0.13564	0.01620	0.04919	0.02352	0.26952	0.01584	0.06888	0.17523	0.04032	0.02734	0.01311	0.01532	0.01022	0.00633	0.00606	0.00189	0.00717	0.00546	0.00431	0.10846
14	0.00963	0.03357	0.01021	0.00949	0.01047	0.00806	0.00696	0.01128	0.01089	0.01518	0.04783	0.08796	0.02209	0.23634	0.44116	0.00819	0.01261	0.00870	0.00397	0.00544
15	0.01318	0.01005	0.01441	0.01824	0.22083	0.00970	0.01067	0.01685	0.06459	0.08776	0.12272	0.19375	0.16525	0.01261	0.00736	0.00221	0.00507	0.01120	0.00566	0.00790
16	0.01701	0.01713	0.04917	0.01231	0.01756	0.14562	0.01013	0.10654	0.04327	0.02307	0.01328	0.03746	0.01108	0.00632	0.00553	0.00139	0.00667	0.00486	0.00427	0.46732
17	0.01365	0.01391	0.05380	0.02134	0.17113	0.01275	0.19121	0.04417	0.07603	0.02116	0.02452	0.11210	0.11265	0.03084	0.03103	0.00252	0.00756	0.00909	0.00446	0.04607
18	0.00778	0.00667	0.00667	0.00667	0.00889	0.00556	0.00500	0.00945	0.01501	0.01778	0.06669	0.06336	0.72490	0.01667	0.00778	0.00222	0.00333	0.01389	0.00611	0.00556

[dist]
# distance from previous block
# <min> <max>
0	1

[block]
# block no. 1 follows, 33 sequences, length 9
# corresponding to MSA columns:
# 46-54
name=unknown_B
#
# <colnr> <probs for GDERKNQSTAVLIFYWHMCP>
#	G	D	E	R	K	N	Q	S	T	A	V	L	I	F	Y	W	H	M	C	P
0	0.01658	0.13821	0.39599	0.01947	0.08402	0.16933	0.04672	0.02178	0.01498	0.01914	0.01119	0.01335	0.00863	0.00621	0.00598	0.00190	0.00968	0.00474	0.00298	0.00913
1	0.01792	0.01808	0.07987	0.04109	0.11339	0.03887	0.28508	0.19307	0.01916	0.04678	0.01563	0.07129	0.01279	0.00748	0.00713	0.00213	0.00889	0.00746	0.00444	0.00945
2	0.00880	0.00647	0.00824	0.00830	0.00964	0.00591	0.00603	0.01123	0.01666	0.02289	0.46752	0.23129	0.14127	0.01567	0.00793	0.00224	0.00331	0.01387	0.00682	0.00591
3	0.01215	0.07575	0.07039	0.01139	0.01396	0.01045	0.00989	0.01492	0.01180	0.07773	0.01716	0.02329	0.01511	0.03861	0.55676	0.00838	0.01505	0.00654	0.00381	0.00687
4	0.01959	0.21061	0.18152	0.01610	0.04203	0.04384	0.08095	0.12516	0.01775	0.15017	0.04086	0.01655	0.01245	0.00689	0.00606	0.00188	0.00785	0.00555	0.00458	0.00962
5	0.45096	0.01531	0.01418	0.07751	0.07884	0.10058	0.01052	0.07253	0.01416	0.02624	0.01081	0.01308	0.00853	0.00666	0.00574	0.00202	0.04094	0.00444	0.03920	0.00776
6	0.01586	0.01272	0.01531	0.01549	0.11238	0.01350	0.01063	0.20036	0.18159	0.02907	0.21276	0.03170	0.09993	0.01025	0.00704	0.00208	0.00535	0.00869	0.00629	0.00900
7	0.16021	0.05618	0.01715	0.01402	0.01794	0.33198	0.01106	0.15501	0.01886	0.07553	0.01279	0.01426	0.00998	0.01035	0.06489	0.00253	0.00959	0.00482	0.00446	0.00839
8	0.01525	0.01594	0.07536	0.01722	0.02271	0.03088	0.23039	0.03492	0.05002	0.04696	0.01440	0.04892	0.01188	0.00683	0.00755	0.00181	0.06487	0.00632	0.00400	0.29376

[dist]
# distance from previous block
# <min> <max>
0	2

[block]
# block no. 2 follows, 33 sequences, length 14
# corresponding to MSA columns:
# 57-70
name=unknown_C
#
# <colnr> <probs for GDERKNQSTAVLIFYWHMCP>
#	G	D	E	R	K	N	Q	S	T	A	V	L	I	F	Y	W	H	M	C	P
0	0.01670	0.11536	0.27315	0.01810	0.02492	0.10852	0.15605	0.08782	0.01659	0.02191	0.03731	0.01545	0.01099	0.00643	0.00627	0.00189	0.00914	0.00550	0.00358	0.06433
1	0.01320	0.03405	0.73453	0.01876	0.02849	0.01529	0.02432	0.02085	0.01390	0.02085	0.01181	0.01390	0.00834	0.00625	0.00625	0.00208	0.00973	0.00486	0.00278	0.00973
2	0.02210	0.01284	0.01515	0.01255	0.01661	0.01318	0.00999	0.22755	0.13703	0.28081	0.02498	0.15572	0.02037	0.01047	0.00695	0.00217	0.00570	0.00875	0.00707	0.01001
3	0.01867	0.09725	0.04666	0.04149	0.15954	0.09796	0.04071	0.21790	0.02019	0.04264	0.08041	0.02176	0.07012	0.00812	0.00648	0.00193	0.00744	0.00667	0.00485	0.00921
4	0.00798	0.00589	0.00748	0.00875	0.00944	0.00538	0.00593	0.00921	0.01300	0.01697	0.04133	0.64791	0.15672	0.01997	0.00830	0.00260	0.00374	0.01791	0.00611	0.00538
5	0.00826	0.00591	0.00785	0.00901	0.00960	0.00550	0.00613	0.00976	0.01370	0.01855	0.16135	0.63430	0.04692	0.01932	0.00829	0.00256	0.00369	0.01748	0.00632	0.00550
6	0.32676	0.01417	0.01532	0.01617	0.13374	0.01581	0.01095	0.09156	0.23782	0.05121	0.01648	0.01690	0.01249	0.00721	0.00564	0.00208	0.00581	0.00551	0.00515	0.00925
7	0.05028	0.19041	0.31983	0.02121	0.15246	0.01810	0.07955	0.05735	0.01493	0.02130	0.01156	0.01390	0.00899	0.00607	0.00591	0.00192	0.00858	0.00501	0.00318	0.00946
8	0.00830	0.00619	0.00772	0.00838	0.00948	0.00562	0.00589	0.01006	0.01469	0.01948	0.21946	0.42500	0.19985	0.01791	0.00810	0.00242	0.00353	0.01590	0.00640	0.00562
9	0.00819	0.00616	0.00759	0.00835	0.00943	0.00556	0.00584	0.00983	0.01433	0.01881	0.16936	0.44975	0.22631	0.01828	0.00812	0.00245	0.00356	0.01621	0.00632	0.00556
10	0.01629	0.02107	0.22316	0.07250	0.19582	0.01698	0.09941	0.13354	0.01664	0.02354	0.01237	0.01555	0.00958	0.00706	0.00858	0.00216	0.10677	0.00581	0.00361	0.00955
11	0.01178	0.01028	0.01009	0.01007	0.01152	0.08558	0.00705	0.01615	0.14119	0.01888	0.10711	0.26536	0.06986	0.18902	0.01353	0.00326	0.00541	0.01200	0.00557	0.00631
12	0.00813	0.00610	0.00754	0.00842	0.00942	0.00551	0.00584	0.00966	0.01399	0.01828	0.13218	0.49527	0.21832	0.01871	0.00816	0.00248	0.00361	0.01662	0.00626	0.00551
13	0.16463	0.08089	0.01807	0.01475	0.08556	0.01326	0.07134	0.06547	0.01664	0.23346	0.07667	0.02418	0.09091	0.00839	0.00624	0.00201	0.00601	0.00695	0.00564	0.00895

[dist]
# distance from previous block
# <min> <max>
0	3

[block]
# block no. 3 follows, 33 sequences, length 28
# corresponding to MSA columns:
# 74-101
name=unknown_D
#
# <colnr> <probs for GDERKNQSTAVLIFYWHMCP>
#	G	D	E	R	K	N	Q	S	T	A	V	L	I	F	Y	W	H	M	C	P
0	0.10971	0.00983	0.03838	0.01047	0.01226	0.00993	0.00832	0.04402	0.01415	0.02103	0.12985	0.29518	0.13036	0.01476	0.00948	0.00242	0.11584	0.01215	0.00544	0.00643
1	0.06930	0.12468	0.01661	0.01023	0.01565	0.01219	0.00852	0.04913	0.01448	0.06179	0.01309	0.04256	0.01112	0.00600	0.00504	0.00128	0.00532	0.00464	0.00420	0.52417
2	0.01596	0.10799	0.17022	0.02600	0.34174	0.01578	0.01746	0.05532	0.01525	0.03608	0.01303	0.03900	0.01091	0.00643	0.00607	0.00183	0.00757	0.00558	0.00355	0.10424
3	0.18819	0.39431	0.07246	0.01376	0.03858	0.12281	0.05061	0.02073	0.01386	0.01941	0.00980	0.01156	0.00831	0.00594	0.00483	0.00169	0.00773	0.00402	0.00320	0.00822
4	0.01218	0.01147	0.09313	0.01126	0.01384	0.00967	0.03564	0.01692	0.11445	0.05876	0.10013	0.07011	0.02467	0.25180	0.14243	0.00494	0.00817	0.00880	0.00485	0.00681
5	0.01440	0.01440	0.02016	0.01728	0.01728	0.02016	0.01440	0.01584	0.01008	0.01584	0.00864	0.01440	0.00864	0.01152	0.02160	0.00288	0.75659	0.00576	0.00288	0.00720
6	0.00840	0.00606	0.00766	0.00879	0.00940	0.00567	0.00597	0.00956	0.01260	0.01651	0.03735	0.53099	0.11804	0.13096	0.01210	0.00320	0.00429	0.06144	0.00579	0.00522
7	0.00957	0.00638	0.00718	0.00718	0.00718	0.00638	0.00399	0.00957	0.00957	0.01276	0.02074	0.04308	0.02393	0.76864	0.03351	0.00638	0.00638	0.00957	0.00399	0.00399
8	0.01227	0.00614	0.00614	0.00614	0.00767	0.00614	0.00460	0.01534	0.01381	0.02454	0.02148	0.02454	0.01687	0.00767	0.00460	0.00153	0.00307	0.00614	0.80518	0.00614
9	0.01878	0.64743	0.03182	0.01223	0.01748	0.14699	0.01151	0.02082	0.01427	0.01559	0.00933	0.01078	0.00845	0.00583	0.00451	0.00146	0.00786	0.00364	0.00291	0.00831
10	0.01542	0.05407	0.09306	0.06274	0.05713	0.01171	0.01144	0.04972	0.01483	0.06784	0.01273	0.01459	0.00999	0.00558	0.00538	0.00136	0.00608	0.00449	0.00402	0.49783
11	0.01672	0.20524	0.02019	0.03993	0.01723	0.14821	0.03713	0.01945	0.03539	0.07776	0.09524	0.02555	0.12520	0.01012	0.02162	0.00211	0.08367	0.00704	0.00449	0.00771
12	0.00886	0.00623	0.00751	0.00803	0.00845	0.00607	0.00509	0.00956	0.01120	0.01479	0.03028	0.29073	0.09761	0.39359	0.06849	0.00499	0.00594	0.01295	0.00489	0.00473
13	0.21435	0.01927	0.20300	0.16415	0.05041	0.03274	0.13211	0.02063	0.01386	0.07266	0.01237	0.01511	0.00904	0.00630	0.00606	0.00210	0.00832	0.00537	0.00364	0.00853
14	0.01456	0.01500	0.09531	0.01262	0.01839	0.01134	0.05991	0.07924	0.01503	0.02250	0.01261	0.01585	0.01050	0.04849	0.00754	0.00164	0.03036	0.00485	0.00395	0.52032
15	0.00841	0.00667	0.00756	0.00740	0.00929	0.00582	0.00553	0.01065	0.01642	0.02127	0.33380	0.07697	0.43590	0.01547	0.00779	0.00217	0.00325	0.01322	0.00658	0.00582
16	0.06761	0.01414	0.01574	0.01248	0.01709	0.01472	0.01020	0.34023	0.06409	0.22563	0.02640	0.02489	0.11874	0.00923	0.00664	0.00205	0.00597	0.00725	0.00681	0.01009
17	0.01090	0.00844	0.00940	0.00852	0.01095	0.00800	0.00656	0.11380	0.01871	0.02447	0.30134	0.05108	0.37486	0.01419	0.00760	0.00213	0.00383	0.01198	0.00660	0.00663
18	0.00957	0.00638	0.00718	0.00718	0.00718	0.00638	0.00399	0.00957	0.00957	0.01276	0.02074	0.04308	0.02393	0.76864	0.03351	0.00638	0.00638	0.00957	0.00399	0.00399
19	0.01677	0.01103	0.01184	0.01021	0.01308	0.01177	0.00801	0.29224	0.02053	0.03022	0.02139	0.13076	0.01854	0.00969	0.00596	0.00188	0.00486	0.00792	0.36526	0.00806
20	0.00820	0.00593	0.00775	0.00889	0.00955	0.00549	0.00606	0.00967	0.01364	0.01829	0.14008	0.61739	0.08603	0.01933	0.00827	0.00256	0.00369	0.01742	0.00628	0.00549
21	0.01432	0.01222	0.01300	0.01184	0.01510	0.01365	0.00915	0.02871	0.53492	0.02597	0.10957	0.03303	0.12927	0.01058	0.00698	0.00221	0.00470	0.00889	0.00667	0.00924
22	0.00787	0.00631	0.00704	0.00762	0.00914	0.00548	0.00543	0.00934	0.01409	0.01741	0.05506	0.33140	0.46436	0.01818	0.00802	0.00240	0.00352	0.01574	0.00611	0.00548
23	0.00946	0.00634	0.00721	0.00732	0.00735	0.00631	0.00414	0.00954	0.00979	0.01305	0.02186	0.09476	0.02534	0.71504	0.03171	0.00612	0.00620	0.01023	0.00414	0.00409
24	0.02503	0.01844	0.01976	0.01515	0.02042	0.02042	0.01251	0.70562	0.03095	0.04149	0.01581	0.01581	0.01120	0.00790	0.00659	0.00198	0.00724	0.00593	0.00659	0.01120
25	0.00954	0.00643	0.00742	0.00734	0.00757	0.00636	0.00432	0.01000	0.01092	0.01479	0.12507	0.04399	0.02960	0.65663	0.02969	0.00574	0.00590	0.00992	0.00447	0.00432
26	0.01962	0.02056	0.02168	0.05645	0.06423	0.25258	0.12901	0.14067	0.01867	0.02290	0.01223	0.01449	0.00962	0.00629	0.00619	0.00172	0.00900	0.00523	0.00402	0.18486
27	0.01705	0.10896	0.25065	0.12623	0.02656	0.24186	0.05705	0.02139	0.01555	0.01849	0.04806	0.01550	0.01135	0.00673	0.00615	0.00191	0.00969	0.00520	0.00326	0.00835

[dist]
# distance from previous block
# <min> <max>
0	1

[block]
# block no. 4 follows, 33 sequences, length 71
# corresponding to MSA columns:
# 103-173
name=unknown_E
#
# <colnr> <probs for GDERKNQSTAVLIFYWHMCP>
#	G	D	E	R	K	N	Q	S	T	A	V	L	I	F	Y	W	H	M	C	P
0	0.01559	0.05263	0.11552	0.02286	0.02964	0.01603	0.46270	0.05579	0.01579	0.02191	0.01286	0.01632	0.00976	0.00567	0.00698	0.00199	0.00971	0.00662	0.00349	0.11814
1	0.10318	0.05441	0.26985	0.01729	0.02407	0.03783	0.14527	0.06176	0.06313	0.13797	0.01517	0.01628	0.01077	0.00667	0.00632	0.00206	0.00833	0.00571	0.00439	0.00954
2	0.02151	0.01300	0.01504	0.01274	0.01700	0.01376	0.01013	0.03385	0.44387	0.30237	0.02647	0.02372	0.01861	0.00863	0.00667	0.00216	0.00536	0.00712	0.00726	0.01073
3	0.01125	0.00766	0.00968	0.07118	0.01343	0.00711	0.00736	0.01382	0.01656	0.09888	0.28891	0.05056	0.31543	0.01383	0.00762	0.00219	0.00411	0.04737	0.00647	0.00658
4	0.01713	0.12121	0.09268	0.02236	0.14682	0.05232	0.21062	0.03590	0.13555	0.06175	0.01639	0.01815	0.02543	0.00672	0.00657	0.00201	0.00835	0.00638	0.00416	0.00948
5	0.01119	0.00588	0.00882	0.00882	0.00896	0.00602	0.00602	0.00896	0.00882	0.01189	0.01217	0.02071	0.01203	0.02603	0.11115	0.71338	0.00714	0.00588	0.00294	0.00322
6	0.00840	0.00610	0.00825	0.00924	0.00994	0.00594	0.00645	0.01000	0.01304	0.01771	0.11583	0.53721	0.05767	0.02454	0.13251	0.00393	0.00606	0.01581	0.00581	0.00555
7	0.01495	0.01336	0.02183	0.02686	0.36571	0.01348	0.10820	0.02036	0.09791	0.02194	0.01647	0.02114	0.01375	0.07099	0.00867	0.00233	0.00703	0.00667	0.13940	0.00895
8	0.10638	0.22153	0.02189	0.01460	0.03970	0.27468	0.01171	0.06033	0.03347	0.08966	0.01203	0.01326	0.00960	0.00694	0.00648	0.00181	0.05894	0.00453	0.00399	0.00846
9	0.01384	0.01294	0.02054	0.29262	0.27832	0.01466	0.01663	0.01876	0.07290	0.01926	0.01623	0.02039	0.04787	0.01032	0.05743	0.00273	0.06605	0.00648	0.00356	0.00848
10	0.00916	0.00629	0.00769	0.00808	0.00832	0.00633	0.00503	0.00972	0.01047	0.01409	0.02435	0.22535	0.02807	0.49354	0.10988	0.00592	0.00704	0.01161	0.00448	0.00456
11	0.02286	0.15501	0.02059	0.01465	0.01873	0.39959	0.01172	0.11998	0.01948	0.08593	0.06039	0.01568	0.01319	0.00732	0.00592	0.00174	0.00922	0.00509	0.00444	0.00851
12	0.01532	0.01277	0.01487	0.01235	0.06393	0.03735	0.00904	0.01882	0.04000	0.06537	0.01312	0.01470	0.01053	0.00537	0.00520	0.00118	0.00540	0.00434	0.00420	0.64612
13	0.01102	0.00850	0.00916	0.00828	0.01103	0.00786	0.00637	0.06021	0.07079	0.03488	0.14190	0.04757	0.40808	0.01327	0.00712	0.00203	0.00386	0.01107	0.06578	0.07123
14	0.00800	0.00579	0.00757	0.00900	0.00950	0.00536	0.00604	0.00919	0.01277	0.01687	0.03834	0.71706	0.08950	0.02036	0.00836	0.00264	0.00379	0.01839	0.00611	0.00536
15	0.02579	0.01517	0.01663	0.01309	0.01784	0.06331	0.01067	0.29808	0.04478	0.33801	0.02058	0.01929	0.01390	0.00795	0.00642	0.00196	0.00649	0.00618	0.06327	0.01058
16	0.01816	0.01611	0.04289	0.13506	0.15924	0.04287	0.06151	0.21609	0.08001	0.04979	0.06957	0.01958	0.01516	0.00772	0.00729	0.00208	0.03594	0.00654	0.00490	0.00951
17	0.01227	0.00614	0.00614	0.00614	0.00767	0.00614	0.00460	0.01534	0.01381	0.02454	0.02148	0.02454	0.01687	0.00767	0.00460	0.00153	0.00307	0.00614	0.80518	0.00614
18	0.01584	0.19699	0.19860	0.11951	0.08078	0.06310	0.13081	0.04115	0.01484	0.01951	0.01149	0.01436	0.00903	0.00602	0.00601	0.00187	0.00885	0.00518	0.00315	0.05292
19	0.01755	0.18892	0.07077	0.06797	0.34945	0.13989	0.03574	0.02099	0.01509	0.01894	0.01124	0.01423	0.00942	0.00602	0.00593	0.00182	0.00859	0.00506	0.00314	0.00926
20	0.01227	0.00614	0.00614	0.00614	0.00767	0.00614	0.00460	0.01534	0.01381	0.02454	0.02148	0.02454	0.01687	0.00767	0.00460	0.00153	0.00307	0.00614	0.80518	0.00614
21	0.00963	0.00726	0.00826	0.00788	0.00986	0.00666	0.00593	0.04931	0.01714	0.02290	0.32266	0.08980	0.34092	0.01456	0.00755	0.00213	0.00347	0.01244	0.05548	0.00615
22	0.01133	0.00958	0.01421	0.09488	0.06093	0.00994	0.06995	0.03662	0.10948	0.01969	0.02820	0.44784	0.03059	0.01488	0.00774	0.00246	0.00554	0.01364	0.00544	0.00705
23	0.02082	0.01896	0.05477	0.01994	0.08921	0.16490	0.15407	0.07819	0.01744	0.17518	0.03777	0.01769	0.01262	0.00760	0.00855	0.00210	0.10007	0.00622	0.00469	0.00920
24	0.00957	0.00638	0.00718	0.00718	0.00718	0.00638	0.00399	0.00957	0.00957	0.01276	0.02074	0.04308	0.02393	0.76864	0.03351	0.00638	0.00638	0.00957	0.00399	0.00399
25	0.01654	0.01023	0.01223	0.01078	0.01388	0.01048	0.00839	0.02399	0.23783	0.20345	0.12516	0.03330	0.11114	0.05674	0.09241	0.00334	0.00628	0.00871	0.00656	0.00858
26	0.01501	0.01370	0.02188	0.45296	0.16862	0.01570	0.05632	0.09872	0.05290	0.02138	0.01320	0.01749	0.01004	0.00667	0.00664	0.00213	0.00836	0.00606	0.00364	0.00860
27	0.67884	0.01173	0.00962	0.00877	0.01229	0.01355	0.00706	0.01793	0.01104	0.02697	0.01079	0.01431	0.00917	0.05744	0.08562	0.00323	0.00653	0.00431	0.00401	0.00680
28	0.01611	0.01532	0.02537	0.07378	0.63335	0.01565	0.01928	0.02128	0.07415	0.02178	0.01357	0.01706	0.01116	0.00616	0.00654	0.00199	0.00765	0.00600	0.00353	0.01027
29	0.01769	0.05390	0.01294	0.01053	0.01337	0.18382	0.00825	0.13846	0.01792	0.02503	0.01718	0.01930	0.01346	0.00740	0.00524	0.00164	0.00608	0.00552	0.43478	0.00749
30	0.01636	0.01675	0.02549	0.17934	0.45468	0.09456	0.07761	0.02026	0.01507	0.01995	0.01209	0.01619	0.00985	0.00608	0.00657	0.00200	0.00873	0.00585	0.00321	0.00937
31	0.00979	0.00732	0.00947	0.01055	0.01227	0.00700	0.00899	0.01243	0.01511	0.01915	0.04404	0.07112	0.23598	0.01775	0.00871	0.00280	0.00528	0.49025	0.00608	0.00592
32	0.00795	0.00602	0.00734	0.00840	0.00935	0.00541	0.00577	0.00925	0.01334	0.01710	0.04557	0.55019	0.25169	0.01942	0.00821	0.00254	0.00367	0.01724	0.00611	0.00541
33	0.01545	0.01776	0.05802	0.05662	0.12380	0.01640	0.56877	0.02080	0.01533	0.02097	0.01309	0.01744	0.00995	0.00565	0.00752	0.00218	0.01055	0.00736	0.00329	0.00905
34	0.01407	0.01395	0.02009	0.14171	0.02203	0.01923	0.01506	0.01601	0.01060	0.01601	0.00916	0.01494	0.00866	0.01069	0.01906	0.00276	0.63008	0.00578	0.00289	0.00722
35	0.00954	0.00650	0.00776	0.00776	0.00795	0.00669	0.00471	0.00994	0.00974	0.01319	0.02022	0.04017	0.02267	0.64696	0.15346	0.00709	0.00829	0.00915	0.00391	0.00431
36	0.02538	0.01121	0.01430	0.01123	0.01585	0.01012	0.00919	0.10005	0.01948	0.53766	0.03178	0.02863	0.13563	0.00956	0.00681	0.00206	0.00539	0.00778	0.00764	0.01025
37	0.00915	0.00867	0.05249	0.00841	0.01084	0.00688	0.00695	0.01251	0.04449	0.02225	0.35853	0.05238	0.35376	0.01428	0.00764	0.00215	0.00370	0.01219	0.00644	0.00630
38	0.01747	0.02033	0.02765	0.06272	0.05007	0.23740	0.33867	0.02114	0.01581	0.01872	0.01392	0.07832	0.01222	0.00757	0.00787	0.00212	0.04905	0.00734	0.00353	0.00808
39	0.01309	0.01237	0.02093	0.63230	0.16075	0.01480	0.01861	0.01739	0.01347	0.01761	0.01182	0.01734	0.00906	0.00646	0.00657	0.00215	0.00861	0.00585	0.00298	0.00784
40	0.15037	0.04508	0.01910	0.11856	0.11812	0.09335	0.04828	0.01791	0.01299	0.01947	0.01338	0.10358	0.01285	0.00920	0.00987	0.00227	0.18760	0.00681	0.00360	0.00761
41	0.00874	0.00663	0.00805	0.00786	0.00952	0.00594	0.00583	0.01124	0.01702	0.02296	0.46510	0.11398	0.26302	0.01505	0.00782	0.00217	0.00324	0.01309	0.00680	0.00594
42	0.01882	0.01236	0.04062	0.01072	0.01647	0.00931	0.00902	0.02179	0.01535	0.25327	0.01636	0.01652	0.01183	0.00599	0.00550	0.00136	0.00529	0.00482	0.00524	0.51935
43	0.01268	0.01185	0.01675	0.01487	0.01524	0.01599	0.01214	0.01437	0.01022	0.01557	0.01184	0.01888	0.01157	0.04654	0.24860	0.00541	0.50139	0.00628	0.00312	0.00669
44	0.01805	0.08962	0.37240	0.01713	0.02454	0.05424	0.06447	0.13853	0.04417	0.09394	0.01424	0.01534	0.01018	0.00675	0.00628	0.00200	0.00871	0.00536	0.00417	0.00987
45	0.01622	0.01721	0.02077	0.08258	0.11701	0.14123	0.01524	0.01829	0.01246	0.01674	0.00967	0.01450	0.00887	0.00953	0.01563	0.00250	0.46529	0.00553	0.00302	0.00772
46	0.00906	0.00672	0.00844	0.00801	0.00968	0.00610	0.00601	0.01192	0.01802	0.02494	0.61289	0.05157	0.17424	0.01400	0.00777	0.00210	0.00314	0.01224	0.00706	0.00610
47	0.09896	0.14152	0.01919	0.01284	0.01735	0.01573	0.04600	0.11683	0.13910	0.20709	0.01916	0.02038	0.01439	0.01129	0.06834	0.00272	0.00726	0.02671	0.00568	0.00947
48	0.15206	0.01753	0.10689	0.06435	0.39309	0.01605	0.01734	0.11341	0.01631	0.02528	0.01220	0.01506	0.00964	0.00627	0.00609	0.00200	0.00756	0.00536	0.00378	0.00974
49	0.00957	0.00638	0.00718	0.00718	0.00718	0.00638	0.00399	0.00957	0.00957	0.01276	0.02074	0.04308	0.02393	0.76864	0.03351	0.00638	0.00638	0.00957	0.00399	0.00399
50	0.06414	0.15462	0.02097	0.01545	0.01932	0.52147	0.01220	0.07045	0.01805	0.01841	0.01030	0.01190	0.00859	0.00672	0.00588	0.00171	0.02409	0.00423	0.00354	0.00798
51	0.05227	0.37830	0.12150	0.01281	0.01765	0.14609	0.01224	0.01922	0.01415	0.01718	0.01429	0.13877	0.01432	0.00848	0.00550	0.00179	0.00762	0.00640	0.00353	0.00790
52	0.00867	0.00666	0.00809	0.00897	0.01045	0.00608	0.00694	0.01057	0.01435	0.01805	0.04866	0.27052	0.32849	0.01826	0.00834	0.00259	0.00426	0.20830	0.00610	0.00564
53	0.00874	0.00671	0.00800	0.00768	0.00948	0.00597	0.00576	0.01131	0.01728	0.02318	0.47813	0.05448	0.31010	0.01466	0.00777	0.00213	0.00319	0.01265	0.00682	0.00597
54	0.01500	0.09984	0.01213	0.00860	0.01132	0.01134	0.00697	0.11229	0.07546	0.02604	0.01968	0.02168	0.01536	0.00757	0.00501	0.00164	0.00430	0.00591	0.53240	0.00747
55	0.01262	0.01322	0.07924	0.17999	0.07261	0.01221	0.12150	0.05851	0.01492	0.01999	0.02304	0.20127	0.05582	0.01151	0.00782	0.00237	0.02438	0.07701	0.00445	0.00754
56	0.01144	0.00572	0.00858	0.00858	0.00858	0.00572	0.00572	0.00858	0.00858	0.01144	0.01144	0.02001	0.01144	0.02287	0.02573	0.80846	0.00572	0.00572	0.00286	0.00286
57	0.01243	0.01170	0.01975	0.75282	0.04534	0.01463	0.01828	0.01682	0.01316	0.01682	0.01170	0.01755	0.00878	0.00658	0.00658	0.00219	0.00878	0.00585	0.00293	0.00731
58	0.01867	0.01135	0.01314	0.01099	0.01469	0.01131	0.00875	0.16999	0.10723	0.21887	0.11028	0.06216	0.19174	0.01129	0.00709	0.00212	0.00502	0.00935	0.00696	0.00898
59	0.01612	0.19327	0.27312	0.01835	0.04627	0.05563	0.13918	0.06428	0.01528	0.02063	0.01154	0.01393	0.00902	0.00622	0.00657	0.00188	0.03722	0.00511	0.00326	0.06310
60	0.02036	0.01149	0.01378	0.01184	0.01570	0.01162	0.00955	0.05028	0.25778	0.30574	0.05588	0.03187	0.06911	0.01016	0.00696	0.00220	0.00526	0.07417	0.02652	0.00974
61	0.00875	0.00624	0.00772	0.00820	0.00937	0.00573	0.00583	0.01078	0.01505	0.02070	0.26016	0.35302	0.16397	0.01656	0.00777	0.00231	0.00344	0.01465	0.07404	0.00573
62	0.00980	0.00745	0.00909	0.03749	0.01170	0.00750	0.00688	0.03375	0.08417	0.01829	0.03541	0.43387	0.12173	0.12092	0.01150	0.00305	0.00460	0.03105	0.00577	0.00597
63	0.01400	0.01250	0.01706	0.01631	0.14703	0.01050	0.04686	0.01770	0.03566	0.02172	0.04085	0.01733	0.03080	0.00585	0.00557	0.00133	0.00565	0.00514	0.00402	0.54412
64	0.01035	0.00855	0.01155	0.18471	0.01887	0.00885	0.00931	0.01440	0.06329	0.02150	0.28532	0.08648	0.17492	0.01243	0.00739	0.00217	0.00484	0.03230	0.00573	0.03704
65	0.00840	0.00616	0.00772	0.00878	0.00947	0.00579	0.00591	0.01004	0.03198	0.01715	0.05931	0.57537	0.12162	0.08664	0.01051	0.00292	0.00401	0.01681	0.00597	0.00542
66	0.14956	0.01483	0.05071	0.26900	0.06318	0.01544	0.22112	0.01968	0.05331	0.02119	0.01301	0.03085	0.01022	0.00672	0.00705	0.00220	0.03396	0.00634	0.00352	0.00812
67	0.15801	0.14582	0.02262	0.01833	0.12167	0.17579	0.06230	0.17716	0.01853	0.02523	0.01166	0.01341	0.00925	0.00651	0.00569	0.00185	0.00820	0.00488	0.00412	0.00899
68	0.00808	0.00660	0.00684	0.00689	0.00871	0.00568	0.00494	0.00955	0.01429	0.01734	0.08044	0.08675	0.58213	0.11923	0.01131	0.00280	0.00376	0.01342	0.00586	0.00536
69	0.02192	0.09183	0.04335	0.01768	0.11318	0.01883	0.01327	0.41549	0.07137	0.06952	0.01566	0.01613	0.01153	0.00731	0.00627	0.00190	0.00705	0.00570	0.00563	0.04640
70	0.01845	0.01299	0.01410	0.01285	0.05143	0.07742	0.00953	0.13711	0.07995	0.17765	0.20998	0.03243	0.11709	0.01041	0.00700	0.00204	0.00559	0.00863	0.00658	0.00875

[dist]
# distance from previous block
# <min> <max>
2	24

[block]
# block no. 5 follows, 33 sequences, length 48
# corresponding to MSA columns:
# 198-245
name=unknown_F
#
# <colnr> <probs for GDERKNQSTAVLIFYWHMCP>
#	G	D	E	R	K	N	Q	S	T	A	V	L	I	F	Y	W	H	M	C	P
0	0.00842	0.00644	0.00765	0.00786	0.00932	0.00575	0.00565	0.01038	0.01544	0.02027	0.27870	0.23351	0.30720	0.04232	0.00881	0.00243	0.00348	0.01428	0.00642	0.00567
1	0.01817	0.01680	0.07677	0.01415	0.01884	0.01700	0.01201	0.20094	0.45772	0.03023	0.02219	0.02105	0.01647	0.00829	0.00656	0.00211	0.00609	0.00671	0.00623	0.04168
2	0.01672	0.06985	0.03359	0.16137	0.19279	0.17995	0.01456	0.02112	0.07383	0.01920	0.01398	0.05708	0.01207	0.00717	0.00617	0.00186	0.00812	0.00593	0.00371	0.10094
3	0.01723	0.20371	0.32930	0.01635	0.02348	0.05580	0.07338	0.02337	0.07246	0.10385	0.01412	0.01520	0.01041	0.00652	0.00596	0.00192	0.00846	0.00517	0.00382	0.00948
4	0.00928	0.00803	0.01146	0.01003	0.01236	0.00720	0.09735	0.01155	0.01511	0.01940	0.18244	0.11621	0.37946	0.07838	0.01000	0.00258	0.00461	0.01277	0.00579	0.00597
5	0.01285	0.04401	0.39436	0.08213	0.10519	0.01372	0.04544	0.01830	0.01410	0.02013	0.07726	0.02192	0.04095	0.07153	0.00880	0.00243	0.00831	0.00649	0.00349	0.00859
6	0.00979	0.00698	0.00821	0.00868	0.01015	0.00676	0.00643	0.01324	0.07312	0.02062	0.12021	0.28632	0.17551	0.01557	0.00748	0.00231	0.00384	0.07625	0.14240	0.00612
7	0.05354	0.01190	0.01543	0.01194	0.01696	0.01089	0.00984	0.08292	0.04375	0.63301	0.02470	0.02161	0.01575	0.00809	0.00654	0.00204	0.00570	0.00650	0.00785	0.01105
8	0.00958	0.00829	0.04874	0.00949	0.01105	0.00696	0.00766	0.01157	0.01351	0.01773	0.09376	0.12972	0.15786	0.22898	0.01541	0.00366	0.00539	0.20972	0.00541	0.00553
9	0.00992	0.00730	0.00967	0.00951	0.01053	0.00809	0.00698	0.01236	0.04069	0.01623	0.05568	0.03276	0.05276	0.22800	0.40669	0.00774	0.03161	0.00820	0.03965	0.00563
10	0.01320	0.03405	0.73453	0.01876	0.02849	0.01529	0.02432	0.02085	0.01390	0.02085	0.01181	0.01390	0.00834	0.00625	0.00625	0.00208	0.00973	0.00486	0.00278	0.00973
11	0.08163	0.00761	0.00767	0.00722	0.00925	0.00781	0.00555	0.06092	0.01533	0.02607	0.10364	0.02707	0.04684	0.00856	0.00517	0.00169	0.00353	0.00686	0.56104	0.00654
12	0.00861	0.00612	0.00770	0.00873	0.00925	0.00581	0.00588	0.00967	0.01224	0.01611	0.03459	0.47248	0.09001	0.20711	0.01469	0.00360	0.00461	0.07213	0.00558	0.00508
13	0.01287	0.00708	0.00810	0.00804	0.00964	0.00718	0.00608	0.01631	0.07260	0.05482	0.02296	0.07903	0.02001	0.01158	0.00830	0.10819	0.00402	0.06415	0.47279	0.00624
14	0.02200	0.09071	0.01893	0.01564	0.01893	0.58503	0.01201	0.02382	0.01715	0.01595	0.01107	0.01361	0.00953	0.01230	0.10289	0.00284	0.01222	0.00455	0.00336	0.00747
15	0.01365	0.01170	0.01365	0.00975	0.01560	0.00878	0.00780	0.01658	0.01365	0.02145	0.01170	0.01365	0.00975	0.00488	0.00488	0.00098	0.00488	0.00390	0.00390	0.80888
16	0.01536	0.01645	0.02579	0.13821	0.05478	0.07898	0.22028	0.01861	0.01311	0.01780	0.01080	0.01576	0.00912	0.00834	0.01319	0.00244	0.32377	0.00625	0.00308	0.00788
17	0.00996	0.00714	0.00975	0.01058	0.01201	0.00693	0.00875	0.01285	0.01611	0.02171	0.26718	0.12403	0.04653	0.01680	0.00859	0.00268	0.00488	0.40102	0.00647	0.00605
18	0.00830	0.00597	0.00794	0.00941	0.00998	0.00560	0.00657	0.00968	0.01298	0.01717	0.03725	0.66127	0.06802	0.02021	0.00846	0.00270	0.00405	0.09291	0.00611	0.00543
19	0.01294	0.01222	0.02067	0.65891	0.13527	0.01476	0.01854	0.01727	0.01340	0.01744	0.01179	0.01739	0.00899	0.00649	0.00657	0.00216	0.00865	0.00585	0.00297	0.00772
20	0.01212	0.01048	0.01101	0.01106	0.01226	0.09097	0.00833	0.01487	0.05095	0.01922	0.07169	0.32363	0.03041	0.01459	0.00921	0.00238	0.10406	0.06848	0.12791	0.00635
21	0.02323	0.16363	0.02221	0.01588	0.03884	0.32972	0.01258	0.26976	0.02201	0.02529	0.01208	0.01317	0.00951	0.00695	0.00587	0.00175	0.00920	0.00476	0.00443	0.00914
22	0.01592	0.04245	0.10221	0.08621	0.25696	0.01422	0.10666	0.03683	0.01503	0.06078	0.01296	0.01585	0.01012	0.00587	0.00621	0.00179	0.00770	0.00552	0.00367	0.19303
23	0.04138	0.12405	0.18031	0.01723	0.07457	0.14022	0.04402	0.07903	0.06251	0.11649	0.01589	0.01675	0.03083	0.00715	0.00638	0.00193	0.02208	0.00550	0.00436	0.00934
24	0.00860	0.00601	0.00763	0.00858	0.00888	0.00583	0.00552	0.00943	0.01151	0.01540	0.03026	0.49080	0.03576	0.26811	0.05272	0.00428	0.00534	0.01514	0.00529	0.00493
25	0.01623	0.01609	0.02622	0.11790	0.57830	0.05127	0.05763	0.02018	0.01500	0.02070	0.01225	0.01630	0.01012	0.00597	0.00657	0.00198	0.00831	0.00589	0.00323	0.00986
26	0.09408	0.01306	0.04996	0.01266	0.01643	0.03716	0.03588	0.10130	0.01730	0.22072	0.08282	0.02908	0.05192	0.01380	0.07945	0.00302	0.04904	0.07791	0.00584	0.00857
27	0.01440	0.00936	0.01139	0.01074	0.01321	0.00976	0.00818	0.02102	0.21090	0.14147	0.03051	0.20809	0.08497	0.01988	0.14546	0.00385	0.00704	0.01049	0.03136	0.00791
28	0.00983	0.00689	0.00823	0.00807	0.00819	0.00733	0.00498	0.01014	0.00970	0.01318	0.01977	0.03981	0.02235	0.65633	0.10205	0.00660	0.04921	0.00912	0.00388	0.00435
29	0.01920	0.46644	0.12112	0.01356	0.01925	0.16376	0.01325	0.05529	0.01554	0.04400	0.01065	0.01195	0.00886	0.00614	0.00503	0.00160	0.00829	0.00407	0.00331	0.00869
30	0.02000	0.01266	0.01412	0.01358	0.07468	0.10559	0.00965	0.02295	0.03768	0.30583	0.16837	0.08053	0.08498	0.01044	0.00697	0.00206	0.00579	0.00878	0.00657	0.00876
31	0.01442	0.00868	0.01004	0.00882	0.01181	0.00783	0.00689	0.07373	0.01759	0.18468	0.13155	0.07036	0.40050	0.01371	0.00743	0.00216	0.00417	0.01146	0.00676	0.00740
32	0.00957	0.00638	0.00718	0.00718	0.00718	0.00638	0.00399	0.00957	0.00957	0.01276	0.02074	0.04308	0.02393	0.76864	0.03351	0.00638	0.00638	0.00957	0.00399	0.00399
33	0.01662	0.08118	0.02448	0.09763	0.46438	0.01649	0.01726	0.07844	0.06232	0.02277	0.01368	0.01678	0.01109	0.00637	0.00626	0.00193	0.00741	0.00578	0.03930	0.00984
34	0.04028	0.00781	0.00966	0.03299	0.01137	0.00821	0.00674	0.05033	0.01285	0.03819	0.08310	0.06853	0.08523	0.29170	0.21856	0.00598	0.00887	0.00923	0.00465	0.00572
35	0.00879	0.00616	0.00793	0.00905	0.00949	0.00593	0.00617	0.00989	0.01216	0.01614	0.03198	0.47824	0.03758	0.21799	0.01513	0.00370	0.00481	0.10824	0.00554	0.00509
36	0.00961	0.00732	0.01061	0.01140	0.04274	0.00810	0.00803	0.01156	0.01140	0.01609	0.05078	0.17244	0.02391	0.11026	0.44269	0.00764	0.03568	0.00970	0.00420	0.00584
37	0.06124	0.17651	0.15467	0.09332	0.02197	0.08342	0.01413	0.14093	0.01682	0.02252	0.03144	0.08694	0.01361	0.00833	0.00682	0.00200	0.04649	0.00631	0.00405	0.00849
38	0.01985	0.01687	0.07057	0.01661	0.08264	0.01682	0.01302	0.35839	0.16125	0.05126	0.02089	0.05134	0.03495	0.00911	0.00682	0.00213	0.00673	0.04455	0.00601	0.01020
39	0.07240	0.01752	0.02659	0.03263	0.45721	0.08950	0.13847	0.04763	0.01582	0.02222	0.01224	0.01570	0.00996	0.00600	0.00651	0.00198	0.00860	0.00588	0.00347	0.00967
40	0.01519	0.07927	0.04979	0.03607	0.01872	0.06546	0.05678	0.07672	0.01354	0.01856	0.01294	0.06401	0.01236	0.03472	0.08978	0.00338	0.33495	0.00664	0.00356	0.00756
41	0.01544	0.05571	0.19604	0.06983	0.04637	0.01439	0.01438	0.12693	0.01608	0.02325	0.01238	0.01489	0.00974	0.00753	0.02085	0.01583	0.05622	0.00491	0.01982	0.25940
42	0.00845	0.00601	0.00767	0.00887	0.00944	0.00565	0.00603	0.00966	0.01260	0.01674	0.03620	0.56482	0.08990	0.11077	0.01137	0.00309	0.00423	0.06034	0.02289	0.00526
43	0.00802	0.00573	0.00764	0.00917	0.00955	0.00535	0.00611	0.00917	0.01260	0.01681	0.03628	0.76434	0.04354	0.02062	0.00840	0.00267	0.00382	0.01872	0.00611	0.00535
44	0.01981	0.39206	0.09413	0.01550	0.06541	0.18986	0.01343	0.07171	0.01628	0.05095	0.01110	0.01247	0.00913	0.00625	0.00524	0.00164	0.00842	0.00428	0.00349	0.00883
45	0.08000	0.01027	0.01351	0.01160	0.01403	0.01092	0.05345	0.06559	0.03346	0.02182	0.15559	0.06371	0.02467	0.10460	0.14748	0.00414	0.08061	0.00809	0.00476	0.09170
46	0.01647	0.11531	0.10089	0.04453	0.11855	0.08636	0.01357	0.09942	0.13927	0.02302	0.06239	0.05289	0.01668	0.01048	0.04994	0.00246	0.00786	0.00657	0.00455	0.02878
47	0.04097	0.04523	0.01782	0.01567	0.06675	0.20712	0.01162	0.18863	0.10968	0.04512	0.01948	0.01998	0.07725	0.00824	0.00694	0.00191	0.04132	0.00613	0.00498	0.06515

[dist]
# distance from previous block
# <min> <max>
4	21

[block]
# block no. 6 follows, 33 sequences, length 62
# corresponding to MSA columns:
# 268-329
name=unknown_G
#
# <colnr> <probs for GDERKNQSTAVLIFYWHMCP>
#	G	D	E	R	K	N	Q	S	T	A	V	L	I	F	Y	W	H	M	C	P
0	0.07010	0.04449	0.05012	0.03728	0.23557	0.12105	0.08002	0.10820	0.05167	0.02336	0.01559	0.01776	0.04696	0.00711	0.00678	0.00196	0.03107	0.00596	0.00405	0.04091
1	0.01669	0.03534	0.04460	0.01546	0.08806	0.04207	0.01144	0.05687	0.19392	0.11444	0.05809	0.08377	0.07779	0.01013	0.00844	0.00217	0.09026	0.00810	0.00554	0.03681
2	0.00885	0.00618	0.00736	0.00791	0.00828	0.00593	0.00493	0.00951	0.01143	0.01511	0.05381	0.31167	0.08772	0.40725	0.02133	0.00454	0.00508	0.01337	0.00505	0.00469
3	0.01179	0.00967	0.01204	0.01093	0.01331	0.01001	0.04134	0.07314	0.14416	0.02292	0.16489	0.17166	0.19446	0.01563	0.04586	0.00271	0.03053	0.01164	0.00609	0.00723
4	0.02493	0.01272	0.01573	0.01199	0.01721	0.01167	0.00982	0.14944	0.04712	0.43405	0.02123	0.01950	0.01418	0.00746	0.00626	0.00181	0.00573	0.00597	0.00693	0.17626
5	0.81514	0.01273	0.00968	0.00866	0.01273	0.01477	0.00713	0.01935	0.01120	0.02954	0.00917	0.01069	0.00713	0.00611	0.00407	0.00204	0.00509	0.00356	0.00407	0.00713
6	0.01142	0.00895	0.01025	0.00971	0.01196	0.00906	0.00739	0.06969	0.15249	0.02425	0.26336	0.14544	0.19684	0.01406	0.00761	0.00225	0.00410	0.03740	0.00663	0.00714
7	0.00819	0.00664	0.00727	0.00722	0.00917	0.00572	0.00537	0.01020	0.01582	0.01997	0.23541	0.09574	0.51817	0.01604	0.00781	0.00221	0.00330	0.01363	0.00641	0.00572
8	0.01026	0.00742	0.00993	0.00969	0.01069	0.00825	0.00705	0.04673	0.01130	0.01580	0.01856	0.03102	0.01865	0.28423	0.47107	0.00875	0.01339	0.00783	0.00384	0.00553
9	0.01423	0.00845	0.00903	0.00839	0.01054	0.00879	0.00658	0.13976	0.01695	0.02683	0.02226	0.06507	0.01886	0.00920	0.00551	0.00179	0.00410	0.05949	0.55718	0.00700
10	0.01101	0.00682	0.01105	0.01041	0.01112	0.00679	0.06187	0.00999	0.00998	0.01346	0.01619	0.13959	0.01697	0.02380	0.09384	0.53445	0.00705	0.00810	0.00348	0.00404
11	0.01161	0.00791	0.00861	0.00892	0.01020	0.04319	0.00685	0.01392	0.01322	0.01955	0.02385	0.04067	0.02328	0.16385	0.09176	0.00387	0.00652	0.18356	0.31293	0.00574
12	0.01462	0.06851	0.54909	0.01735	0.02552	0.05087	0.02086	0.07481	0.01519	0.02154	0.01238	0.01474	0.00923	0.00983	0.06507	0.00270	0.01013	0.00502	0.00317	0.00937
13	0.81514	0.01273	0.00968	0.00866	0.01273	0.01477	0.00713	0.01935	0.01120	0.02954	0.00917	0.01069	0.00713	0.00611	0.00407	0.00204	0.00509	0.00356	0.00407	0.00713
14	0.01938	0.01621	0.01669	0.01494	0.04606	0.06658	0.01142	0.25184	0.36007	0.03066	0.02159	0.02244	0.01657	0.00864	0.00661	0.00210	0.00638	0.03298	0.03872	0.01014
15	0.01489	0.03153	0.04365	0.08085	0.18296	0.01359	0.11427	0.04277	0.03977	0.02142	0.01280	0.01598	0.01038	0.00726	0.02946	0.00197	0.03278	0.00545	0.00368	0.29454
16	0.01451	0.11491	0.56169	0.01688	0.02540	0.01602	0.02082	0.04907	0.01479	0.04671	0.01503	0.01646	0.04580	0.00686	0.00613	0.00201	0.00884	0.00529	0.00331	0.00948
17	0.01467	0.02379	0.29656	0.02442	0.03222	0.01614	0.45201	0.02100	0.01493	0.02100	0.01276	0.01633	0.00938	0.00581	0.00721	0.00217	0.01059	0.00669	0.00313	0.00919
18	0.01374	0.01395	0.06842	0.03997	0.01540	0.09796	0.00964	0.12658	0.01758	0.02186	0.08041	0.04171	0.26647	0.08863	0.00990	0.00259	0.00624	0.06658	0.00533	0.00705
19	0.01954	0.05828	0.10479	0.01869	0.09001	0.08686	0.08230	0.22807	0.01971	0.07850	0.01568	0.07541	0.01302	0.00839	0.00786	0.00209	0.06986	0.00675	0.00477	0.00944
20	0.01159	0.00617	0.00918	0.00903	0.00903	0.00646	0.00617	0.00895	0.00865	0.01166	0.01129	0.01972	0.01129	0.02228	0.02552	0.76682	0.04453	0.00572	0.00286	0.00308
21	0.08426	0.01450	0.01684	0.01300	0.01810	0.01477	0.01074	0.32762	0.02362	0.37743	0.02028	0.01866	0.01339	0.00789	0.00642	0.00201	0.00629	0.00609	0.00717	0.01091
22	0.03130	0.01261	0.02123	0.31958	0.17356	0.01381	0.10807	0.01840	0.06993	0.01948	0.01703	0.13371	0.01554	0.00866	0.00696	0.00222	0.00776	0.00819	0.00387	0.00809
23	0.15378	0.09118	0.07422	0.09979	0.08021	0.08711	0.01267	0.07353	0.04930	0.13097	0.03822	0.03697	0.03001	0.00761	0.00595	0.00198	0.00708	0.00591	0.00471	0.00878
24	0.00893	0.00630	0.00740	0.00775	0.00845	0.00601	0.00503	0.00992	0.01215	0.01617	0.08503	0.23211	0.15392	0.34015	0.04144	0.00434	0.00518	0.01267	0.03213	0.00491
25	0.00867	0.00593	0.00784	0.00916	0.00975	0.00549	0.00618	0.00988	0.01288	0.03868	0.03703	0.71727	0.06645	0.02011	0.00833	0.00264	0.00386	0.01818	0.00617	0.00553
26	0.01367	0.11384	0.12661	0.14250	0.18249	0.01475	0.04958	0.01853	0.05407	0.01981	0.04872	0.02680	0.09678	0.00859	0.00664	0.00208	0.00734	0.05479	0.00396	0.00843
27	0.01513	0.06684	0.03809	0.06088	0.18504	0.08740	0.03287	0.04071	0.01343	0.01771	0.01340	0.06366	0.01278	0.05109	0.04205	0.10719	0.13429	0.00657	0.00344	0.00745
28	0.00883	0.00649	0.00886	0.01093	0.05186	0.00619	0.00692	0.01010	0.01252	0.01675	0.03295	0.59867	0.03896	0.10865	0.01132	0.00309	0.00448	0.05122	0.00569	0.00552
29	0.01295	0.01120	0.01556	0.01361	0.01482	0.03717	0.06137	0.01468	0.01155	0.04988	0.01784	0.07410	0.04075	0.15664	0.17517	0.00500	0.26936	0.00801	0.00385	0.00649
30	0.01669	0.16110	0.17167	0.11867	0.12246	0.01814	0.05827	0.13925	0.07382	0.02346	0.01440	0.01645	0.02370	0.00678	0.00617	0.00196	0.00800	0.00562	0.00394	0.00944
31	0.01662	0.02195	0.21908	0.11606	0.18647	0.08882	0.06261	0.10714	0.05138	0.02278	0.01328	0.01609	0.01018	0.00790	0.02938	0.00230	0.00919	0.00567	0.00370	0.00941
32	0.05102	0.03852	0.05204	0.02425	0.22835	0.27541	0.08507	0.07915	0.01729	0.02112	0.01232	0.01610	0.01028	0.00692	0.00687	0.00195	0.03467	0.02612	0.00367	0.00889
33	0.01076	0.04789	0.03290	0.00949	0.01106	0.00914	0.00717	0.03263	0.05776	0.01723	0.08374	0.06332	0.05797	0.29992	0.22455	0.00606	0.00911	0.00893	0.00448	0.00587
34	0.01655	0.01417	0.01800	0.05376	0.12969	0.03140	0.03658	0.16700	0.18441	0.02601	0.03931	0.06150	0.05492	0.00972	0.00818	0.00222	0.07058	0.04250	0.02438	0.00910
35	0.00880	0.00680	0.00729	0.00727	0.00871	0.00622	0.00499	0.02498	0.01335	0.01656	0.04766	0.09323	0.42507	0.26059	0.03689	0.00382	0.00484	0.01239	0.00536	0.00517
36	0.03762	0.05083	0.01656	0.01437	0.04532	0.13968	0.01085	0.08459	0.37629	0.04752	0.02045	0.01999	0.01553	0.00791	0.00618	0.00198	0.00656	0.00622	0.05741	0.03413
37	0.03392	0.01404	0.07255	0.01503	0.09906	0.07772	0.01108	0.06373	0.04409	0.12362	0.11090	0.15770	0.08936	0.01146	0.00707	0.00215	0.00604	0.03296	0.00565	0.02187
38	0.01740	0.15137	0.26639	0.02204	0.20332	0.01804	0.01815	0.14661	0.03563	0.04176	0.01298	0.01478	0.00992	0.00647	0.00606	0.00192	0.00811	0.00520	0.00384	0.01001
39	0.02202	0.02603	0.05829	0.01602	0.02004	0.45099	0.01280	0.09961	0.18693	0.02179	0.01485	0.01545	0.01155	0.00739	0.00621	0.00188	0.00967	0.00522	0.00449	0.00879
40	0.00860	0.00627	0.00769	0.00841	0.00926	0.00584	0.00580	0.00995	0.01325	0.01736	0.10911	0.36344	0.17070	0.16999	0.01334	0.00330	0.00433	0.06230	0.00580	0.00525
41	0.06271	0.01384	0.01544	0.01371	0.03545	0.01511	0.03163	0.03046	0.52788	0.02637	0.02268	0.02167	0.01720	0.00797	0.00630	0.00202	0.00540	0.00665	0.00593	0.13159
42	0.01638	0.03895	0.01785	0.01338	0.01786	0.01233	0.11100	0.12435	0.07287	0.08260	0.01889	0.11505	0.01662	0.03852	0.00741	0.00198	0.00615	0.00753	0.04468	0.23558
43	0.07893	0.57981	0.15920	0.01242	0.01867	0.02322	0.01330	0.01989	0.01330	0.01755	0.00963	0.01117	0.00833	0.00578	0.00458	0.00158	0.00737	0.00377	0.00291	0.00858
44	0.01014	0.00675	0.00797	0.00808	0.00964	0.00602	0.00572	0.01163	0.01421	0.08037	0.10490	0.26891	0.30533	0.11620	0.01127	0.00288	0.00406	0.01398	0.00611	0.00584
