[name]
unknown

[dist]
# distance from previous block
# <min> <max>
0	70

[block]
# block no. 0 follows, 28 sequences, length 9
# corresponding to MSA columns:
# 70-78
name=unknown_A
#
# <colnr> <probs for GDERKNQSTAVLIFYWHMCP>
#	G	D	E	R	K	N	Q	S	T	A	V	L	I	F	Y	W	H	M	C	P
0	0.04703	0.01396	0.03783	0.01860	0.07853	0.01409	0.09297	0.02534	0.22893	0.05089	0.02785	0.04306	0.02537	0.01371	0.02998	0.00300	0.00768	0.22570	0.00610	0.00938
1	0.02098	0.01881	0.02269	0.18473	0.12921	0.09894	0.03559	0.25601	0.02283	0.02978	0.04591	0.01911	0.01367	0.00818	0.00788	0.00222	0.03775	0.00659	0.00506	0.03407
2	0.01624	0.01205	0.01512	0.01339	0.01623	0.01365	0.01069	0.23762	0.01932	0.02669	0.01879	0.02479	0.01620	0.03898	0.47531	0.00846	0.01558	0.00737	0.00504	0.00848
3	0.01828	0.02029	0.02139	0.48669	0.04070	0.25343	0.01810	0.02212	0.01659	0.01831	0.01235	0.01725	0.00958	0.00734	0.00703	0.00224	0.01085	0.00586	0.00340	0.00819
4	0.01446	0.01367	0.01825	0.41007	0.03527	0.08735	0.01666	0.01848	0.01592	0.01957	0.02142	0.03997	0.02056	0.01164	0.00813	0.00268	0.00903	0.22475	0.00446	0.00764
5	0.01828	0.02029	0.02139	0.48669	0.04070	0.25343	0.01810	0.02212	0.01659	0.01831	0.01235	0.01725	0.00958	0.00734	0.00703	0.00224	0.01085	0.00586	0.00340	0.00819
6	0.02358	0.45122	0.07578	0.01316	0.01948	0.02183	0.01281	0.02649	0.01686	0.25068	0.01661	0.01635	0.01226	0.00721	0.00571	0.00184	0.00743	0.00515	0.00510	0.01046
7	0.01138	0.00933	0.01214	0.01267	0.01419	0.04496	0.04400	0.01387	0.01609	0.02096	0.10534	0.36832	0.04411	0.01934	0.00928	0.00293	0.00587	0.23205	0.00654	0.00661
8	0.01489	0.01519	0.02896	0.49073	0.04597	0.01691	0.24165	0.02017	0.01542	0.02017	0.01353	0.01946	0.01014	0.00688	0.00771	0.00243	0.01056	0.00718	0.00338	0.00866

[dist]
# distance from previous block
# <min> <max>
1	3

[block]
# block no. 1 follows, 28 sequences, length 7
# corresponding to MSA columns:
# 82-88
name=unknown_B
#
# <colnr> <probs for GDERKNQSTAVLIFYWHMCP>
#	G	D	E	R	K	N	Q	S	T	A	V	L	I	F	Y	W	H	M	C	P
0	0.00886	0.00633	0.00843	0.01012	0.01054	0.00590	0.00675	0.01012	0.01392	0.01856	0.04006	0.73979	0.04808	0.02277	0.00928	0.00295	0.00422	0.02066	0.00675	0.00590
1	0.12811	0.09678	0.16632	0.01410	0.02074	0.01469	0.01397	0.02945	0.01788	0.39595	0.02089	0.01962	0.01385	0.00795	0.00657	0.00219	0.00726	0.00608	0.00650	0.01110
2	0.05649	0.06138	0.02081	0.01540	0.02095	0.12259	0.01260	0.37853	0.02661	0.08956	0.01613	0.01653	0.01181	0.00790	0.00666	0.00196	0.00816	0.00578	0.00615	0.11397
3	0.01453	0.01386	0.02270	0.54120	0.11455	0.01724	0.01973	0.01880	0.01421	0.01895	0.01246	0.01868	0.00986	0.00805	0.00990	0.00252	0.12462	0.00645	0.00326	0.00842
4	0.00970	0.00710	0.00885	0.00992	0.01096	0.00667	0.00721	0.01133	0.01454	0.01876	0.04382	0.34943	0.17525	0.13637	0.01372	0.00359	0.00510	0.15542	0.00636	0.00588
5	0.56150	0.07333	0.01296	0.00999	0.01426	0.05790	0.00824	0.02012	0.01373	0.02840	0.02031	0.02115	0.11783	0.00861	0.00529	0.00220	0.00594	0.00580	0.00470	0.00775
6	0.03682	0.01134	0.01715	0.04864	0.04630	0.01140	0.12728	0.01791	0.09726	0.02163	0.08620	0.09285	0.11589	0.18744	0.01511	0.00360	0.00699	0.04325	0.00546	0.00747

[dist]
# distance from previous block
# <min> <max>
2	34

[block]
# block no. 2 follows, 28 sequences, length 28
# corresponding to MSA columns:
# 123-150
name=unknown_C
#
# <colnr> <probs for GDERKNQSTAVLIFYWHMCP>
#	G	D	E	R	K	N	Q	S	T	A	V	L	I	F	Y	W	H	M	C	P
0	0.01585	0.01749	0.13545	0.16387	0.05647	0.01391	0.04006	0.05837	0.06681	0.04925	0.01893	0.07637	0.03308	0.00850	0.00696	0.00206	0.00766	0.00731	0.00465	0.21695
1	0.01722	0.03778	0.12733	0.10016	0.02491	0.01403	0.08424	0.10320	0.01888	0.09074	0.11077	0.09008	0.02264	0.00963	0.00739	0.00218	0.00757	0.00847	0.00544	0.11735
2	0.01651	0.01357	0.04888	0.01584	0.10933	0.01061	0.01125	0.01999	0.01651	0.10174	0.09604	0.06503	0.02062	0.00817	0.00653	0.00167	0.00587	0.00702	0.00527	0.41954
3	0.01623	0.01325	0.01739	0.04593	0.07084	0.01255	0.04506	0.07360	0.11536	0.05116	0.05378	0.13524	0.02159	0.00987	0.00706	0.00198	0.00618	0.00868	0.00561	0.28865
4	0.01584	0.01566	0.05204	0.03004	0.39057	0.01466	0.01699	0.02093	0.06955	0.02322	0.02190	0.08675	0.07101	0.00929	0.00789	0.00219	0.03384	0.00829	0.00449	0.10486
5	0.01768	0.01702	0.02656	0.07673	0.49655	0.04236	0.04357	0.02371	0.09574	0.02351	0.01594	0.02056	0.01335	0.04514	0.00879	0.00246	0.00857	0.00691	0.00408	0.01077
6	0.01315	0.01214	0.02022	0.64200	0.04538	0.01493	0.01859	0.01757	0.01446	0.01857	0.01614	0.10486	0.01424	0.00911	0.00751	0.00249	0.00904	0.00815	0.00365	0.00782
7	0.00984	0.00737	0.00920	0.00972	0.01110	0.00693	0.00701	0.01290	0.04839	0.02294	0.26393	0.35139	0.15085	0.01876	0.00888	0.00265	0.00404	0.04035	0.00720	0.00655
8	0.01519	0.01441	0.02444	0.49319	0.27253	0.01653	0.02091	0.01985	0.01523	0.02035	0.01318	0.01890	0.01032	0.00700	0.00724	0.00233	0.00933	0.00647	0.00336	0.00925
9	0.00922	0.00725	0.00771	0.00786	0.00953	0.00643	0.00549	0.01059	0.01486	0.01820	0.05741	0.10279	0.46435	0.20785	0.01607	0.00371	0.00468	0.03416	0.00614	0.00569
10	0.01884	0.04231	0.01889	0.04806	0.09895	0.03723	0.01286	0.20391	0.19018	0.03121	0.12063	0.08041	0.02608	0.01080	0.00759	0.00233	0.00674	0.02628	0.00650	0.01020
11	0.02184	0.05562	0.04860	0.02597	0.20181	0.33780	0.07453	0.04392	0.01854	0.02085	0.01368	0.04954	0.01199	0.00798	0.00764	0.00211	0.03789	0.00636	0.00388	0.00946
12	0.00874	0.00723	0.00766	0.00784	0.00998	0.00615	0.00577	0.01061	0.01649	0.02012	0.11026	0.15500	0.57163	0.01874	0.00868	0.00251	0.00373	0.01588	0.00683	0.00615
13	0.08924	0.01303	0.01466	0.01065	0.01693	0.01032	0.00854	0.01859	0.01482	0.02453	0.01265	0.01476	0.01049	0.00551	0.00530	0.00119	0.00541	0.00427	0.00432	0.71478
14	0.00893	0.00638	0.00850	0.01007	0.01056	0.00595	0.00675	0.01030	0.01424	0.01907	0.07175	0.70665	0.04907	0.02239	0.00924	0.00292	0.00418	0.02030	0.00681	0.00595
15	0.01885	0.55680	0.14229	0.01518	0.02217	0.02592	0.06102	0.04882	0.01582	0.01964	0.01119	0.01303	0.00955	0.00642	0.00540	0.00176	0.00856	0.00456	0.00331	0.00971
16	0.01249	0.00974	0.01161	0.01074	0.01313	0.01002	0.00817	0.02074	0.20824	0.02950	0.50762	0.04663	0.05550	0.01345	0.00824	0.00234	0.00408	0.01176	0.00783	0.00817
17	0.02652	0.01976	0.02181	0.07366	0.02475	0.02203	0.01433	0.62235	0.03260	0.04363	0.01709	0.01761	0.01215	0.00861	0.00727	0.00220	0.00813	0.00654	0.00695	0.01202
18	0.01943	0.74891	0.03809	0.01244	0.01866	0.02876	0.01244	0.02177	0.01477	0.01710	0.01011	0.01166	0.00933	0.00622	0.00466	0.00155	0.00777	0.00389	0.00311	0.00933
19	0.01079	0.00992	0.06610	0.01111	0.01271	0.00900	0.00889	0.01295	0.01159	0.01640	0.02014	0.03409	0.02031	0.28979	0.42374	0.00932	0.01447	0.00856	0.00400	0.00611
20	0.01643	0.02020	0.20810	0.04122	0.02236	0.01557	0.01548	0.02942	0.33570	0.05927	0.10803	0.02886	0.02445	0.00990	0.00750	0.00242	0.00705	0.03143	0.00617	0.01045
21	0.00894	0.00719	0.00799	0.00834	0.01027	0.00625	0.00615	0.01088	0.01644	0.02047	0.12917	0.20735	0.47314	0.01901	0.00879	0.00257	0.00388	0.04011	0.00688	0.00618
22	0.01482	0.14617	0.50921	0.01827	0.02704	0.01751	0.02232	0.02152	0.01529	0.02175	0.01602	0.05760	0.01385	0.00867	0.00693	0.00230	0.00961	0.05761	0.00356	0.00994
23	0.01943	0.74891	0.03809	0.01244	0.01866	0.02876	0.01244	0.02177	0.01477	0.01710	0.01011	0.01166	0.00933	0.00622	0.00466	0.00155	0.00777	0.00389	0.00311	0.00933
24	0.01084	0.00745	0.01014	0.01139	0.01258	0.00723	0.00906	0.01254	0.01492	0.01937	0.03842	0.23302	0.10369	0.02136	0.01250	0.12251	0.00573	0.33514	0.00617	0.00591
25	0.00973	0.00724	0.00892	0.00914	0.01073	0.00659	0.00677	0.01204	0.01737	0.02311	0.31252	0.18687	0.23629	0.03659	0.01007	0.02351	0.00407	0.06503	0.00710	0.00631
26	0.01892	0.01941	0.02678	0.11882	0.49553	0.12554	0.02041	0.02348	0.03982	0.02245	0.01375	0.01771	0.01133	0.00684	0.00711	0.00216	0.00935	0.00626	0.00371	0.01064
27	0.01629	0.07784	0.58574	0.02054	0.05255	0.01760	0.02461	0.05161	0.01639	0.05157	0.01372	0.01569	0.00979	0.00701	0.00681	0.00224	0.01019	0.00545	0.00351	0.01082

[dist]
# distance from previous block
# <min> <max>
5	8

[block]
# block no. 3 follows, 28 sequences, length 36
# corresponding to MSA columns:
# 160-195
name=unknown_D
#
# <colnr> <probs for GDERKNQSTAVLIFYWHMCP>
#	G	D	E	R	K	N	Q	S	T	A	V	L	I	F	Y	W	H	M	C	P
0	0.01257	0.00917	0.01200	0.01143	0.01298	0.01021	0.00855	0.09799	0.01447	0.02010	0.02108	0.07006	0.02086	0.19784	0.43699	0.00896	0.01444	0.00894	0.00460	0.00676
1	0.01880	0.01290	0.01427	0.01194	0.01560	0.01327	0.00936	0.26549	0.04236	0.09388	0.09817	0.06362	0.18830	0.08409	0.01064	0.00276	0.00592	0.01034	0.02915	0.00913
2	0.02045	0.02301	0.02365	0.21296	0.23236	0.29591	0.01821	0.02383	0.01743	0.01977	0.01235	0.01633	0.01010	0.00733	0.00759	0.00215	0.03805	0.00575	0.00354	0.00924
3	0.01030	0.00755	0.00815	0.00807	0.00903	0.00727	0.00509	0.01183	0.04388	0.01659	0.03913	0.05364	0.23635	0.48257	0.02671	0.00539	0.00593	0.01196	0.00528	0.00528
4	0.01277	0.01143	0.01279	0.05080	0.01542	0.10057	0.00959	0.01498	0.01282	0.01665	0.01859	0.02906	0.01788	0.15481	0.47834	0.00918	0.01616	0.00775	0.00392	0.00650
5	0.01907	0.69515	0.08864	0.01306	0.01962	0.02786	0.01353	0.02186	0.01481	0.01755	0.01033	0.01194	0.00932	0.00627	0.00483	0.00161	0.00800	0.00400	0.00311	0.00944
6	0.01858	0.01794	0.02093	0.05123	0.11667	0.10731	0.01519	0.09010	0.12950	0.02366	0.01644	0.02144	0.01404	0.01305	0.05853	0.00317	0.23645	0.03171	0.00463	0.00943
7	0.01836	0.06261	0.04985	0.03730	0.54187	0.01697	0.02005	0.02251	0.01646	0.05382	0.01403	0.01755	0.01153	0.00649	0.00687	0.00203	0.00824	0.00612	0.00386	0.08350
8	0.09107	0.36510	0.33070	0.01582	0.02387	0.02233	0.01837	0.02228	0.01480	0.02119	0.01140	0.01330	0.00914	0.00657	0.00564	0.00195	0.00888	0.00455	0.00322	0.00981
9	0.10049	0.16872	0.09286	0.01565	0.02167	0.10412	0.01418	0.31255	0.02411	0.05883	0.01452	0.01529	0.01086	0.00771	0.00636	0.00204	0.00853	0.00545	0.00539	0.01068
10	0.01399	0.01319	0.02228	0.68481	0.09026	0.01622	0.02032	0.01880	0.01466	0.01889	0.01297	0.01929	0.00980	0.00722	0.00726	0.00241	0.00962	0.00646	0.00325	0.00829
11	0.01775	0.01446	0.01571	0.01379	0.01761	0.01618	0.01079	0.13068	0.43248	0.03249	0.18118	0.03190	0.03137	0.01084	0.00765	0.00238	0.00556	0.00910	0.00752	0.01057
12	0.12995	0.01042	0.01217	0.01015	0.01406	0.00992	0.00817	0.02604	0.01770	0.34451	0.05541	0.02516	0.01918	0.00878	0.00621	0.00206	0.00501	0.00693	0.27865	0.00955
13	0.01109	0.00866	0.00998	0.00958	0.01187	0.00826	0.00731	0.04526	0.07416	0.02540	0.29973	0.10248	0.29411	0.01627	0.00854	0.00246	0.00415	0.04623	0.00730	0.00716
14	0.01147	0.00788	0.00945	0.00915	0.01008	0.00800	0.00613	0.04785	0.01455	0.02027	0.16776	0.08197	0.03459	0.39404	0.10172	0.00578	0.00736	0.01095	0.04520	0.00580
15	0.07950	0.07423	0.61298	0.01935	0.02933	0.01748	0.02450	0.02282	0.01507	0.02349	0.01264	0.01485	0.00910	0.00686	0.00659	0.00226	0.01016	0.00517	0.00319	0.01043
16	0.01026	0.00694	0.00813	0.00844	0.00855	0.00690	0.00497	0.01056	0.01121	0.01498	0.02590	0.17185	0.03008	0.59352	0.05249	0.00645	0.00691	0.01231	0.00481	0.00474
17	0.03812	0.04877	0.33307	0.02669	0.23000	0.01765	0.03711	0.08175	0.04110	0.05614	0.01478	0.01706	0.01104	0.00709	0.00697	0.00223	0.00930	0.00599	0.00407	0.01108
18	0.02046	0.51460	0.05716	0.01643	0.07283	0.14756	0.01396	0.02374	0.04051	0.01844	0.01140	0.01310	0.00997	0.00662	0.00537	0.00172	0.00881	0.00444	0.00341	0.00947
19	0.03563	0.03377	0.10174	0.01507	0.04290	0.05070	0.04168	0.05942	0.03705	0.02394	0.04805	0.16137	0.02072	0.01025	0.00748	0.00201	0.03008	0.00866	0.00493	0.26453
20	0.11604	0.02135	0.16662	0.01830	0.02462	0.01810	0.11590	0.16565	0.10886	0.10124	0.01751	0.01860	0.01267	0.00813	0.00810	0.00236	0.05323	0.00658	0.00544	0.01069
21	0.01389	0.05807	0.04987	0.01701	0.08969	0.01196	0.10797	0.04179	0.01812	0.04915	0.21619	0.11867	0.15210	0.01287	0.00810	0.00235	0.00628	0.01162	0.00602	0.00829
22	0.01289	0.00802	0.01083	0.01174	0.01347	0.00759	0.00937	0.01532	0.01617	0.09973	0.04027	0.31375	0.08501	0.01966	0.00935	0.00302	0.00553	0.30425	0.00698	0.00703
23	0.08082	0.09987	0.45926	0.05202	0.05213	0.01773	0.02184	0.02396	0.05169	0.05527	0.01416	0.01606	0.01033	0.00709	0.00656	0.00223	0.00943	0.00544	0.00373	0.01039
24	0.01922	0.07029	0.12194	0.04872	0.31926	0.03598	0.01881	0.10485	0.07428	0.05694	0.04754	0.01978	0.01487	0.00763	0.00706	0.00218	0.00835	0.00660	0.00470	0.01100
25	0.01303	0.00788	0.00946	0.00885	0.01094	0.00714	0.00650	0.01537	0.01732	0.11126	0.26048	0.08799	0.20485	0.11973	0.01221	0.00299	0.00441	0.01237	0.08026	0.00698
26	0.01536	0.00888	0.01165	0.01051	0.01293	0.00838	0.00809	0.01812	0.01889	0.18061	0.36432	0.13400	0.10972	0.01474	0.00921	0.00243	0.04387	0.01260	0.00769	0.00799
27	0.01724	0.07051	0.41779	0.02431	0.14735	0.07995	0.04578	0.04711	0.04040	0.02344	0.01363	0.01605	0.01027	0.00699	0.00689	0.00220	0.01020	0.00568	0.00355	0.01065
28	0.01891	0.01536	0.02313	0.13057	0.35031	0.04241	0.01758	0.02342	0.04813	0.12301	0.04849	0.06592	0.01739	0.00877	0.00798	0.00230	0.03330	0.00779	0.00490	0.01034
29	0.01022	0.00737	0.00979	0.00990	0.01076	0.00785	0.00697	0.01180	0.01216	0.01677	0.05687	0.09746	0.06283	0.28708	0.35059	0.00841	0.01230	0.01048	0.00465	0.00572
30	0.02592	0.02962	0.02121	0.01846	0.02270	0.50855	0.04429	0.10292	0.09419	0.04254	0.01460	0.01576	0.01142	0.00787	0.00684	0.00201	0.01149	0.00553	0.00469	0.00938
31	0.39805	0.20757	0.02035	0.01256	0.01741	0.16444	0.01063	0.05638	0.01580	0.02623	0.01072	0.01233	0.00878	0.00687	0.00511	0.00199	0.00785	0.00421	0.00413	0.00859
32	0.01498	0.01327	0.01925	0.06702	0.22112	0.01490	0.01442	0.02060	0.12389	0.02119	0.01972	0.05135	0.01855	0.13260	0.07448	0.00406	0.11446	0.04080	0.00455	0.00878
33	0.01539	0.12880	0.46888	0.01957	0.02854	0.01793	0.09129	0.02268	0.03477	0.02281	0.05049	0.01775	0.01307	0.00720	0.00684	0.00219	0.00981	0.00598	0.00357	0.03244
34	0.00929	0.00694	0.00851	0.00904	0.01032	0.00630	0.00635	0.01126	0.01633	0.02165	0.23628	0.33949	0.21508	0.05621	0.01032	0.00284	0.00400	0.01665	0.00699	0.00616
35	0.04559	0.11548	0.02294	0.01839	0.04638	0.38637	0.01419	0.02548	0.01740	0.06079	0.01186	0.01442	0.00997	0.00854	0.01020	0.00217	0.17199	0.00517	0.00388	0.00878

[dist]
# distance from previous block
# <min> <max>
0	1

[block]
# block no. 4 follows, 28 sequences, length 17
# corresponding to MSA columns:
# 197-213
name=unknown_E
#
# <colnr> <probs for GDERKNQSTAVLIFYWHMCP>
#	G	D	E	R	K	N	Q	S	T	A	V	L	I	F	Y	W	H	M	C	P
0	0.60670	0.07159	0.04875	0.01135	0.01628	0.07264	0.00989	0.04928	0.01425	0.03036	0.01066	0.01231	0.00835	0.00686	0.00491	0.00217	0.00673	0.00417	0.00438	0.00835
1	0.12563	0.01595	0.04594	0.01637	0.07372	0.01572	0.01266	0.18436	0.06552	0.26015	0.06599	0.02219	0.01781	0.00894	0.00763	0.00228	0.03421	0.00696	0.00693	0.01105
2	0.01899	0.01899	0.02748	0.10268	0.36574	0.10072	0.10130	0.07549	0.04272	0.02429	0.01531	0.04514	0.01285	0.00755	0.00739	0.00223	0.00941	0.00713	0.00414	0.01045
3	0.00900	0.00701	0.00818	0.00867	0.01027	0.00619	0.00620	0.01094	0.01638	0.02103	0.17796	0.30346	0.35018	0.01929	0.00883	0.00260	0.00382	0.01681	0.00698	0.00619
4	0.01713	0.02191	0.23612	0.08797	0.05243	0.01604	0.09490	0.10777	0.09039	0.05199	0.06422	0.02305	0.01705	0.04628	0.00887	0.00255	0.00869	0.00729	0.03538	0.01000
5	0.01283	0.00840	0.01063	0.00974	0.01194	0.00800	0.00741	0.01748	0.07013	0.08284	0.55588	0.04843	0.05837	0.01367	0.00819	0.00226	0.00382	0.01197	0.05036	0.00764
6	0.01501	0.03482	0.61403	0.02080	0.03082	0.01706	0.06193	0.02429	0.06939	0.02363	0.01447	0.01653	0.01035	0.00710	0.00704	0.00232	0.01043	0.00578	0.00345	0.01075
7	0.01026	0.00838	0.00924	0.00927	0.01157	0.00787	0.00704	0.01470	0.10102	0.02219	0.13710	0.13520	0.41617	0.01750	0.00862	0.00256	0.00420	0.06323	0.00698	0.00692
8	0.01022	0.00720	0.00887	0.00898	0.00958	0.00735	0.00586	0.01121	0.01196	0.01612	0.05372	0.10082	0.08005	0.44093	0.18933	0.00725	0.00931	0.01121	0.00480	0.00524
9	0.01613	0.14824	0.50347	0.02036	0.02975	0.04754	0.09154	0.02310	0.01566	0.02190	0.01268	0.01512	0.00942	0.00674	0.00671	0.00218	0.01053	0.00544	0.00317	0.01033
10	0.01373	0.01308	0.02275	0.05446	0.02363	0.01224	0.24660	0.04967	0.01717	0.02309	0.07810	0.16871	0.13970	0.01217	0.00825	0.00238	0.00755	0.01173	0.00533	0.08967
11	0.07222	0.01910	0.08096	0.18140	0.10978	0.07259	0.21510	0.02153	0.01574	0.02205	0.01335	0.01792	0.01049	0.00873	0.03549	0.00265	0.03764	0.00662	0.00361	0.05304
12	0.09652	0.07446	0.02150	0.15615	0.11368	0.06208	0.03890	0.09658	0.01834	0.07779	0.05282	0.02265	0.01581	0.00826	0.00684	0.00215	0.00795	0.04240	0.00491	0.08023
13	0.01729	0.01528	0.02527	0.33310	0.36132	0.01665	0.02048	0.04614	0.01658	0.05762	0.01427	0.01891	0.01110	0.00703	0.00724	0.00228	0.00893	0.00652	0.00386	0.01012
14	0.01978	0.01903	0.02587	0.11587	0.16138	0.12120	0.13635	0.08651	0.01821	0.06052	0.01445	0.01852	0.01152	0.02911	0.00954	0.00236	0.07135	0.00659	0.00428	0.06755
15	0.12244	0.07696	0.04089	0.07479	0.07584	0.14200	0.04641	0.10071	0.07763	0.04597	0.01465	0.01646	0.01137	0.00721	0.00637	0.00199	0.00844	0.00557	0.00469	0.11958
16	0.07262	0.09471	0.02312	0.42256	0.11546	0.01778	0.01751	0.04630	0.05201	0.02194	0.01358	0.01800	0.01056	0.00715	0.00671	0.00222	0.00861	0.00601	0.00378	0.03937

[dist]
# distance from previous block
# <min> <max>
20	45

[block]
# block no. 5 follows, 28 sequences, length 19
# corresponding to MSA columns:
# 270-288
name=unknown_F
#
# <colnr> <probs for GDERKNQSTAVLIFYWHMCP>
#	G	D	E	R	K	N	Q	S	T	A	V	L	I	F	Y	W	H	M	C	P
0	0.02067	0.02203	0.11785	0.01601	0.02156	0.16476	0.04346	0.13943	0.04853	0.07933	0.08549	0.04792	0.01883	0.00876	0.00704	0.00202	0.00842	0.00704	0.00546	0.13538
1	0.01777	0.02094	0.19338	0.13215	0.14852	0.01619	0.03680	0.07576	0.09933	0.06768	0.01651	0.01872	0.01232	0.00731	0.00698	0.00215	0.00846	0.00625	0.00459	0.10817
2	0.01671	0.01840	0.09210	0.05906	0.14869	0.04621	0.12581	0.04031	0.04423	0.02385	0.01529	0.02017	0.01262	0.00701	0.00690	0.00193	0.00839	0.03562	0.00419	0.27250
3	0.01623	0.01455	0.01990	0.09212	0.20660	0.01377	0.01397	0.02275	0.12517	0.02429	0.01585	0.01827	0.01273	0.00660	0.00639	0.00173	0.00676	0.00575	0.00451	0.37205
4	0.02145	0.01803	0.01829	0.01558	0.02019	0.05519	0.01234	0.23159	0.45375	0.03444	0.02496	0.02346	0.01854	0.00940	0.00732	0.00235	0.00681	0.00753	0.00717	0.01161
5	0.01887	0.01262	0.07337	0.04667	0.07338	0.01016	0.01168	0.02237	0.01876	0.25733	0.23209	0.11236	0.05507	0.01213	0.00791	0.00235	0.00580	0.01053	0.00717	0.00939
6	0.01563	0.17378	0.54749	0.01958	0.02930	0.01924	0.05382	0.02279	0.01532	0.02189	0.01256	0.01483	0.00932	0.00674	0.00655	0.00216	0.01024	0.00523	0.00311	0.01043
7	0.01900	0.18376	0.19092	0.02289	0.06374	0.01933	0.26385	0.02432	0.01663	0.10519	0.01496	0.01742	0.01111	0.00670	0.00710	0.00218	0.00999	0.00654	0.00406	0.01032
8	0.00886	0.00633	0.00843	0.01012	0.01054	0.00590	0.00675	0.01012	0.01392	0.01856	0.04006	0.73979	0.04808	0.02277	0.00928	0.00295	0.00422	0.02066	0.00675	0.00590
9	0.02044	0.65584	0.03581	0.01326	0.01915	0.11823	0.01265	0.02271	0.01553	0.01719	0.01025	0.01185	0.00933	0.00638	0.00491	0.00160	0.00847	0.00399	0.00319	0.00921
10	0.02808	0.01588	0.02393	0.01792	0.02391	0.04295	0.17441	0.09597	0.02123	0.44219	0.02339	0.02227	0.01536	0.00820	0.00759	0.00228	0.00815	0.00744	0.00730	0.01157
11	0.01458	0.03760	0.70688	0.02072	0.03146	0.01688	0.02686	0.02302	0.01535	0.02302	0.01304	0.01535	0.00921	0.00691	0.00691	0.00230	0.01074	0.00537	0.00307	0.01074
12	0.00922	0.00659	0.00885	0.01054	0.01112	0.00622	0.00738	0.01075	0.01427	0.01896	0.03986	0.65628	0.04728	0.02243	0.00937	0.00300	0.00453	0.10060	0.00674	0.00600
13	0.01826	0.43883	0.29280	0.01563	0.02355	0.02329	0.01786	0.02295	0.01530	0.05483	0.01219	0.01375	0.00973	0.00663	0.00566	0.00188	0.00883	0.00463	0.00340	0.01003
14	0.02535	0.14121	0.14960	0.01621	0.02305	0.01613	0.08014	0.05764	0.01902	0.36783	0.02082	0.02000	0.01399	0.00785	0.00692	0.00216	0.00797	0.00648	0.00632	0.01131
15	0.01038	0.00779	0.01168	0.01168	0.01298	0.00909	0.00909	0.01298	0.01168	0.01687	0.01947	0.02856	0.01817	0.05452	0.71573	0.01168	0.01947	0.00779	0.00389	0.00649
16	0.01143	0.00816	0.01139	0.01306	0.01461	0.00812	0.01122	0.01457	0.01645	0.02143	0.03864	0.14763	0.04246	0.02035	0.00996	0.00331	0.00645	0.58745	0.00670	0.00661
17	0.02097	0.02258	0.02610	0.14247	0.25462	0.23863	0.08350	0.08166	0.01913	0.02293	0.01322	0.01678	0.01057	0.00709	0.00715	0.00214	0.01053	0.00612	0.00392	0.00989
18	0.25339	0.10907	0.08019	0.01730	0.04497	0.08950	0.09693	0.17745	0.01964	0.03011	0.01291	0.01475	0.00989	0.00715	0.00619	0.00214	0.00856	0.00542	0.00466	0.00977

[dist]
# distance from previous block
# <min> <max>
0	26

# created by:
# /home/berkeley/.conda/envs/busco_data_prod/bin/msa2prfl.pl pipeline/OGs_align_augustus/4893/39322.fs
