[name]
unknown

[dist]
# distance from previous block
# <min> <max>
0	0

[block]
# block no. 0 follows, 28 sequences, length 8
# corresponding to MSA columns:
# 0-7
name=unknown_A
#
# <colnr> <probs for GDERKNQSTAVLIFYWHMCP>
#	G	D	E	R	K	N	Q	S	T	A	V	L	I	F	Y	W	H	M	C	P
0	0.01171	0.00837	0.01171	0.01339	0.01506	0.00837	0.01171	0.01506	0.01673	0.02175	0.03849	0.08199	0.04183	0.02008	0.01004	0.00335	0.00669	0.65027	0.00669	0.00669
1	0.01661	0.01756	0.06203	0.10335	0.43682	0.01656	0.13928	0.02133	0.01641	0.02285	0.01798	0.02195	0.05932	0.00735	0.00754	0.00226	0.00915	0.00743	0.00377	0.01046
2	0.01843	0.01449	0.01402	0.01204	0.01553	0.08281	0.00941	0.23762	0.02255	0.03074	0.07518	0.09396	0.10612	0.01131	0.00705	0.00210	0.00611	0.00916	0.18657	0.04482
3	0.00896	0.00644	0.00833	0.00980	0.01032	0.00600	0.00651	0.01017	0.01385	0.01832	0.04100	0.65056	0.08722	0.07178	0.01113	0.00320	0.00438	0.01964	0.00659	0.00582
4	0.08732	0.01707	0.11293	0.18156	0.09909	0.04674	0.06794	0.04169	0.01536	0.02210	0.03813	0.06127	0.01615	0.07702	0.08185	0.00370	0.00991	0.00765	0.00408	0.00845
5	0.01835	0.20698	0.35853	0.02000	0.07219	0.02031	0.05150	0.09912	0.01778	0.05105	0.01357	0.01544	0.01019	0.00697	0.00651	0.00210	0.00944	0.00545	0.00387	0.01066
6	0.01039	0.00735	0.00967	0.00971	0.01041	0.00785	0.00668	0.01180	0.01191	0.01656	0.06992	0.07318	0.02695	0.36506	0.32200	0.00848	0.01193	0.01006	0.00455	0.00554
7	0.00951	0.00756	0.00859	0.00881	0.01062	0.00698	0.00639	0.01224	0.04782	0.02044	0.12378	0.20433	0.37878	0.06037	0.05719	0.00341	0.00510	0.01514	0.00660	0.00635

[dist]
# distance from previous block
# <min> <max>
1	22

[block]
# block no. 1 follows, 28 sequences, length 31
# corresponding to MSA columns:
# 36-66
name=unknown_B
#
# <colnr> <probs for GDERKNQSTAVLIFYWHMCP>
#	G	D	E	R	K	N	Q	S	T	A	V	L	I	F	Y	W	H	M	C	P
0	0.01249	0.04116	0.01204	0.01085	0.01275	0.01028	0.00802	0.05146	0.11878	0.02074	0.03405	0.22286	0.13397	0.07345	0.10768	0.09723	0.00722	0.01226	0.00575	0.00696
1	0.01793	0.01859	0.09969	0.01670	0.06305	0.13562	0.05870	0.06545	0.01849	0.09620	0.07075	0.11237	0.13408	0.04842	0.00921	0.00255	0.00789	0.00998	0.00560	0.00873
2	0.01865	0.01843	0.10086	0.01377	0.01771	0.14310	0.01187	0.07318	0.04679	0.08935	0.02156	0.12859	0.01927	0.03699	0.02393	0.00254	0.03408	0.00840	0.14318	0.04774
3	0.25636	0.04048	0.01996	0.12772	0.09217	0.07274	0.06433	0.08062	0.05845	0.06066	0.01730	0.01930	0.04517	0.00786	0.00645	0.00225	0.00789	0.00623	0.00480	0.00927
4	0.06648	0.05476	0.09200	0.01713	0.02173	0.05173	0.09618	0.13440	0.09343	0.04394	0.04502	0.07987	0.04675	0.01039	0.00971	0.00244	0.11098	0.00824	0.00528	0.00954
5	0.06070	0.01040	0.04897	0.01142	0.01372	0.00930	0.03119	0.04658	0.01483	0.05470	0.03241	0.27302	0.10565	0.13068	0.11832	0.00464	0.00786	0.01298	0.00567	0.00696
6	0.02170	0.04658	0.01828	0.04917	0.04507	0.34932	0.01250	0.02603	0.09770	0.07393	0.02200	0.05998	0.05837	0.04971	0.00877	0.00243	0.00957	0.03520	0.00504	0.00867
7	0.41903	0.12091	0.07411	0.01361	0.01891	0.05299	0.07357	0.05699	0.01498	0.02790	0.01175	0.01401	0.00930	0.00745	0.00619	0.02888	0.00742	0.00483	0.02858	0.00857
8	0.00942	0.00678	0.00828	0.00903	0.00977	0.00634	0.00596	0.01066	0.01410	0.01862	0.10823	0.38675	0.13874	0.21379	0.01650	0.00390	0.00481	0.01642	0.00625	0.00564
9	0.07674	0.11872	0.08158	0.06704	0.06726	0.15465	0.05968	0.13224	0.01927	0.02508	0.05515	0.01820	0.01394	0.00911	0.00839	0.06428	0.00906	0.00606	0.00442	0.00913
10	0.01891	0.14760	0.19081	0.02056	0.09924	0.15631	0.05279	0.05782	0.05058	0.02299	0.07425	0.01900	0.01573	0.00798	0.00739	0.00212	0.03577	0.00622	0.00418	0.00976
11	0.00988	0.00753	0.01001	0.01210	0.06462	0.00706	0.00754	0.01153	0.01476	0.01962	0.10367	0.43925	0.13860	0.10416	0.01218	0.00323	0.00474	0.01687	0.00635	0.00630
12	0.01051	0.00712	0.00917	0.01006	0.01096	0.00679	0.00688	0.01257	0.04355	0.04332	0.09605	0.51661	0.06694	0.07035	0.01189	0.04243	0.00456	0.01740	0.00663	0.00623
13	0.01735	0.17184	0.05561	0.04256	0.04422	0.01894	0.13168	0.06979	0.21386	0.02464	0.02097	0.09341	0.01821	0.03505	0.00822	0.00244	0.00784	0.00835	0.00519	0.00983
14	0.02210	0.10402	0.05834	0.03451	0.02249	0.11957	0.03660	0.24381	0.20005	0.03081	0.01858	0.01914	0.01412	0.00994	0.03160	0.00249	0.00884	0.00647	0.00577	0.01074
15	0.04206	0.01174	0.01246	0.01152	0.01321	0.07016	0.00904	0.01841	0.04556	0.02353	0.07222	0.02556	0.01975	0.01611	0.10773	0.00349	0.14915	0.00713	0.33382	0.00737
16	0.01082	0.00795	0.01078	0.01007	0.01087	0.00805	0.04672	0.01178	0.01150	0.01552	0.02412	0.06641	0.04816	0.52287	0.15755	0.00731	0.00943	0.01044	0.00443	0.00523
17	0.01121	0.00776	0.00930	0.00871	0.01100	0.00685	0.00661	0.01397	0.01902	0.07353	0.40340	0.05835	0.31176	0.01584	0.00849	0.00235	0.00373	0.01359	0.00758	0.00697
18	0.01020	0.01068	0.06643	0.01126	0.01433	0.00826	0.06364	0.01317	0.01662	0.02158	0.16491	0.14427	0.35551	0.01829	0.04501	0.00295	0.00580	0.01391	0.00627	0.00692
19	0.01589	0.01827	0.13421	0.11279	0.07209	0.01453	0.08811	0.07114	0.03954	0.02474	0.04862	0.04354	0.01504	0.00769	0.00733	0.00199	0.02620	0.00674	0.00441	0.24711
20	0.02583	0.03252	0.01989	0.01817	0.02172	0.65950	0.01365	0.02776	0.01989	0.01772	0.01189	0.01433	0.01006	0.01121	0.06264	0.00265	0.01361	0.00493	0.00376	0.00827
21	0.02190	0.02133	0.15112	0.06101	0.02546	0.01818	0.05136	0.34435	0.02521	0.07007	0.04944	0.01923	0.01441	0.00813	0.00715	0.00213	0.00827	0.00657	0.00586	0.08881
22	0.01517	0.07386	0.08106	0.17099	0.11201	0.04077	0.04739	0.04224	0.06290	0.02340	0.14387	0.07106	0.04650	0.01010	0.00790	0.00231	0.02592	0.00873	0.00493	0.00890
23	0.01683	0.01628	0.04812	0.19919	0.17810	0.01709	0.10979	0.10109	0.05094	0.02422	0.01670	0.07027	0.01447	0.03432	0.00996	0.00260	0.06812	0.00795	0.00436	0.00957
24	0.03590	0.00738	0.00785	0.00808	0.01012	0.00662	0.00595	0.01151	0.01588	0.02084	0.08638	0.17818	0.45613	0.01891	0.03039	0.00275	0.00430	0.01483	0.07177	0.00625
25	0.10093	0.11576	0.18071	0.01530	0.02123	0.08228	0.03194	0.02308	0.01609	0.11509	0.04866	0.04220	0.01479	0.00834	0.00776	0.00211	0.06525	0.00617	0.00463	0.09768
26	0.01103	0.01121	0.07610	0.01354	0.06746	0.00901	0.01007	0.01358	0.01483	0.02035	0.03883	0.34874	0.17824	0.01676	0.00908	0.00256	0.04446	0.01450	0.05397	0.04567
27	0.01506	0.04643	0.01563	0.01082	0.01664	0.01077	0.00860	0.01884	0.04748	0.02295	0.01439	0.01807	0.01250	0.06409	0.00795	0.00164	0.00564	0.00497	0.00441	0.65311
28	0.01956	0.07356	0.08115	0.02080	0.11061	0.09950	0.10490	0.10961	0.03654	0.07153	0.05377	0.04622	0.01716	0.05505	0.02453	0.00271	0.03361	0.00751	0.02202	0.00964
29	0.01180	0.04331	0.01136	0.01000	0.01239	0.01024	0.00743	0.01805	0.18054	0.02184	0.08169	0.15174	0.28792	0.10504	0.01169	0.00304	0.00486	0.01314	0.00652	0.00740
30	0.01674	0.01516	0.07336	0.05177	0.01957	0.01346	0.01162	0.15911	0.09518	0.04229	0.04556	0.11711	0.05430	0.04535	0.02642	0.00256	0.00682	0.00883	0.00578	0.18900

[dist]
# distance from previous block
# <min> <max>
1	27

[block]
# block no. 2 follows, 28 sequences, length 31
# corresponding to MSA columns:
# 94-124
name=unknown_C
#
# <colnr> <probs for GDERKNQSTAVLIFYWHMCP>
#	G	D	E	R	K	N	Q	S	T	A	V	L	I	F	Y	W	H	M	C	P
0	0.06484	0.07493	0.17632	0.04277	0.02279	0.15412	0.01539	0.10641	0.13731	0.02576	0.01679	0.01900	0.01317	0.03533	0.03130	0.00264	0.00930	0.00606	0.03605	0.00974
1	0.01522	0.01490	0.02096	0.01817	0.01833	0.02063	0.01506	0.01694	0.01120	0.01742	0.01077	0.01747	0.01061	0.01789	0.10944	0.00423	0.64319	0.00654	0.00327	0.00777
2	0.08964	0.08003	0.06415	0.06997	0.27680	0.01776	0.01669	0.07535	0.06917	0.05958	0.01573	0.01834	0.01235	0.00756	0.00741	0.00219	0.04283	0.00615	0.05795	0.01034
3	0.02198	0.07593	0.21166	0.02078	0.12498	0.01829	0.01774	0.23022	0.02202	0.12695	0.01697	0.01885	0.01255	0.03901	0.00824	0.00238	0.00853	0.00630	0.00538	0.01123
4	0.01233	0.00920	0.01085	0.01033	0.01273	0.00904	0.00793	0.04019	0.11740	0.04749	0.30883	0.11044	0.19897	0.01557	0.00848	0.00248	0.00437	0.05827	0.00743	0.00765
5	0.00909	0.00733	0.00809	0.00802	0.01015	0.00633	0.00597	0.01136	0.01758	0.02231	0.25024	0.09974	0.48306	0.01761	0.00862	0.00243	0.00364	0.01498	0.00711	0.00633
6	0.01885	0.55898	0.13946	0.05065	0.02247	0.06710	0.01516	0.02223	0.01519	0.01813	0.01077	0.01271	0.00933	0.00645	0.00526	0.00173	0.00865	0.00429	0.00315	0.00943
7	0.01588	0.04077	0.09931	0.02149	0.08289	0.01624	0.19470	0.02186	0.08617	0.04100	0.01979	0.02423	0.04876	0.04838	0.07218	0.00346	0.10694	0.00782	0.03896	0.00917
8	0.01503	0.00792	0.00847	0.00801	0.01024	0.00776	0.00610	0.03869	0.03153	0.08496	0.02984	0.06256	0.08816	0.01019	0.00593	0.00191	0.00389	0.00833	0.56304	0.00744
9	0.00915	0.00739	0.00814	0.00795	0.01016	0.00638	0.00597	0.01152	0.01790	0.02279	0.27964	0.06477	0.48827	0.01723	0.00859	0.00240	0.00360	0.01461	0.00716	0.00638
10	0.04591	0.01086	0.01386	0.01404	0.07295	0.01073	0.03848	0.10714	0.03440	0.02610	0.15802	0.18169	0.22729	0.01502	0.00822	0.00245	0.00529	0.01306	0.00656	0.00792
11	0.01128	0.00946	0.03076	0.01121	0.01226	0.01017	0.00856	0.01298	0.01185	0.01672	0.02382	0.03632	0.07790	0.27526	0.28795	0.00757	0.11463	0.00908	0.02613	0.00609
12	0.00907	0.00648	0.00868	0.01036	0.01088	0.00609	0.00711	0.01049	0.01412	0.01879	0.03995	0.69124	0.04762	0.02257	0.00933	0.00298	0.00440	0.06713	0.00674	0.00596
13	0.00946	0.00719	0.00926	0.01102	0.04434	0.00665	0.00706	0.01097	0.01458	0.01907	0.06983	0.47557	0.18279	0.08290	0.01139	0.00313	0.00454	0.01767	0.00644	0.00614
14	0.01899	0.09738	0.11124	0.05902	0.10076	0.07662	0.15069	0.09499	0.12044	0.02508	0.01575	0.01821	0.01223	0.00774	0.00831	0.00228	0.05896	0.00662	0.00444	0.01026
15	0.09633	0.02154	0.06592	0.14024	0.19946	0.18455	0.04505	0.05861	0.01803	0.08253	0.01413	0.01691	0.01079	0.00722	0.00685	0.00217	0.00963	0.00589	0.00429	0.00985
16	0.09821	0.11300	0.06409	0.10488	0.33614	0.09709	0.01837	0.04550	0.01669	0.02332	0.01260	0.01599	0.01033	0.00677	0.00652	0.00210	0.00893	0.00563	0.00370	0.01014
17	0.01054	0.00686	0.00891	0.00998	0.01065	0.00647	0.00671	0.01173	0.01376	0.05373	0.03615	0.54454	0.04214	0.15896	0.01447	0.00371	0.00496	0.04333	0.00642	0.00599
18	0.01198	0.00878	0.01076	0.01033	0.01166	0.00925	0.00721	0.04833	0.05896	0.01860	0.02318	0.10262	0.02420	0.34499	0.23178	0.00718	0.01037	0.01001	0.00482	0.04500
19	0.02645	0.05968	0.02151	0.01823	0.02219	0.56814	0.01403	0.11369	0.02177	0.02146	0.01194	0.01374	0.00977	0.00782	0.00730	0.00196	0.04222	0.00497	0.00416	0.00896
20	0.02715	0.03464	0.02060	0.01873	0.02247	0.71536	0.01404	0.02903	0.02060	0.01779	0.01124	0.01311	0.00936	0.00749	0.00655	0.00187	0.01311	0.00468	0.00375	0.00843
21	0.00983	0.00732	0.00915	0.00888	0.01063	0.00664	0.00659	0.01277	0.01922	0.02638	0.51750	0.11691	0.18888	0.01624	0.00864	0.00238	0.00355	0.01423	0.00765	0.00664
22	0.00895	0.00644	0.00851	0.01014	0.01068	0.00600	0.00688	0.01031	0.01412	0.01871	0.04126	0.69114	0.07200	0.02251	0.00928	0.00295	0.00429	0.04315	0.00675	0.00594
23	0.01773	0.01395	0.01518	0.01367	0.01736	0.01562	0.01058	0.06660	0.48498	0.06341	0.08226	0.09003	0.02724	0.01122	0.00756	0.00244	0.00549	0.00950	0.03460	0.01058
24	0.05232	0.00828	0.01071	0.01047	0.01163	0.00914	0.00762	0.01330	0.01195	0.03803	0.02339	0.06152	0.05460	0.26069	0.35650	0.00833	0.04171	0.00923	0.00446	0.00611
25	0.79588	0.01406	0.01068	0.00956	0.01406	0.01631	0.00787	0.02137	0.01237	0.03261	0.01012	0.01181	0.00787	0.00675	0.00450	0.00225	0.00562	0.00394	0.00450	0.00787
26	0.01025	0.00766	0.01140	0.01155	0.01277	0.00881	0.00888	0.01273	0.01187	0.01702	0.02124	0.08982	0.02075	0.05178	0.65488	0.01093	0.01816	0.00890	0.00414	0.00644
27	0.01831	0.04214	0.02590	0.26005	0.26349	0.04440	0.06356	0.08872	0.01792	0.04833	0.01417	0.01819	0.01101	0.00701	0.00712	0.00219	0.00906	0.00639	0.00408	0.04796
28	0.01070	0.00943	0.00934	0.00985	0.01152	0.06740	0.00716	0.01245	0.01593	0.01943	0.07939	0.28868	0.30809	0.05418	0.01014	0.00286	0.00506	0.06573	0.00643	0.00625
29	0.17725	0.07862	0.01913	0.01365	0.01902	0.08104	0.04278	0.03034	0.01846	0.41697	0.02116	0.01976	0.01413	0.00804	0.00653	0.00216	0.00717	0.00618	0.00686	0.01074
30	0.04918	0.01796	0.02128	0.16881	0.23218	0.14928	0.01616	0.04846	0.01660	0.02150	0.03964	0.02211	0.01457	0.10197	0.01170	0.00284	0.04613	0.00680	0.00399	0.00885

[dist]
# distance from previous block
# <min> <max>
1	4

[block]
# block no. 3 follows, 28 sequences, length 19
# corresponding to MSA columns:
# 129-147
name=unknown_D
#
# <colnr> <probs for GDERKNQSTAVLIFYWHMCP>
#	G	D	E	R	K	N	Q	S	T	A	V	L	I	F	Y	W	H	M	C	P
0	0.02098	0.23466	0.07338	0.01921	0.02480	0.18811	0.16026	0.04337	0.04719	0.05093	0.01344	0.01573	0.01076	0.00736	0.00778	0.00208	0.06069	0.00580	0.00396	0.00953
1	0.01040	0.00787	0.00967	0.00944	0.01125	0.00744	0.00699	0.01454	0.06824	0.02627	0.45752	0.15411	0.15657	0.01617	0.00859	0.00242	0.00375	0.01420	0.00759	0.00696
2	0.14348	0.06890	0.01936	0.04700	0.02113	0.28147	0.01255	0.13335	0.04839	0.09432	0.03189	0.01865	0.01345	0.00830	0.00653	0.00210	0.00920	0.02520	0.00525	0.00946
3	0.02159	0.01917	0.02025	0.05060	0.13106	0.13907	0.01423	0.20195	0.13928	0.05682	0.04933	0.02153	0.01663	0.01265	0.07031	0.00304	0.00941	0.00694	0.00571	0.01043
4	0.05597	0.01456	0.01704	0.04488	0.07117	0.01506	0.01167	0.18712	0.14292	0.12819	0.03038	0.02953	0.13939	0.01016	0.00726	0.00222	0.00635	0.00826	0.00664	0.07125
5	0.00959	0.00706	0.00900	0.00985	0.01092	0.00638	0.00669	0.01105	0.01415	0.01916	0.06562	0.56484	0.07020	0.07705	0.01104	0.00306	0.00449	0.01788	0.00640	0.07558
6	0.01495	0.01437	0.01882	0.06885	0.01891	0.04608	0.01347	0.01642	0.01163	0.01679	0.01297	0.02343	0.01348	0.18265	0.02500	0.00397	0.48027	0.00728	0.00349	0.00715
7	0.01590	0.00905	0.00929	0.00844	0.01082	0.00941	0.00654	0.12691	0.01841	0.03023	0.02267	0.02549	0.01758	0.00851	0.00545	0.00178	0.00416	0.00674	0.65493	0.00771
8	0.01596	0.08196	0.15060	0.09286	0.02333	0.06413	0.03423	0.02157	0.08469	0.04975	0.10435	0.07809	0.02236	0.04296	0.01068	0.00261	0.09798	0.00828	0.00482	0.00880
9	0.02309	0.04202	0.01891	0.01472	0.01923	0.04948	0.01188	0.39865	0.07827	0.06425	0.01925	0.02196	0.01507	0.06790	0.08336	0.00350	0.00888	0.00697	0.04205	0.01056
10	0.04829	0.01270	0.01382	0.01198	0.01580	0.01326	0.00939	0.10338	0.24977	0.05716	0.16300	0.03730	0.15029	0.01173	0.00755	0.00227	0.00518	0.00974	0.00709	0.07031
11	0.02715	0.03464	0.02060	0.01873	0.02247	0.71536	0.01404	0.02903	0.02060	0.01779	0.01124	0.01311	0.00936	0.00749	0.00655	0.00187	0.01311	0.00468	0.00375	0.00843
12	0.05164	0.01434	0.01530	0.01315	0.01688	0.01578	0.01023	0.21912	0.25434	0.03208	0.09490	0.05233	0.07518	0.08921	0.01065	0.00286	0.00612	0.00918	0.00691	0.00982
13	0.02446	0.02425	0.01955	0.01659	0.02059	0.34048	0.03954	0.18722	0.02258	0.05701	0.01559	0.01730	0.01203	0.00820	0.00739	0.00202	0.04205	0.00583	0.12796	0.00936
14	0.01335	0.00933	0.01118	0.01007	0.01266	0.00900	0.00774	0.06623	0.07014	0.07364	0.44088	0.05032	0.16850	0.01427	0.00831	0.00232	0.00417	0.01228	0.00775	0.00786
15	0.02256	0.01883	0.02192	0.02141	0.13356	0.11793	0.06762	0.13105	0.19534	0.12869	0.02151	0.05160	0.01661	0.00890	0.00739	0.00227	0.00817	0.00758	0.00613	0.01095
16	0.01576	0.04622	0.07204	0.11315	0.14829	0.03226	0.01432	0.02222	0.12390	0.06262	0.09792	0.11579	0.05251	0.01084	0.00748	0.00233	0.00688	0.00944	0.03677	0.00925
17	0.00878	0.00663	0.00812	0.00931	0.01033	0.00597	0.00639	0.01021	0.01469	0.01887	0.04988	0.54389	0.23764	0.02150	0.00908	0.00281	0.00406	0.01911	0.00675	0.00597
18	0.01752	0.01719	0.02828	0.09155	0.52004	0.04553	0.07180	0.02185	0.01663	0.02293	0.01543	0.02275	0.01349	0.00756	0.00749	0.00228	0.00904	0.05419	0.00381	0.01064

[dist]
# distance from previous block
# <min> <max>
0	1

[block]
# block no. 4 follows, 28 sequences, length 29
# corresponding to MSA columns:
# 149-160,162-178
name=unknown_E
#
# <colnr> <probs for GDERKNQSTAVLIFYWHMCP>
#	G	D	E	R	K	N	Q	S	T	A	V	L	I	F	Y	W	H	M	C	P
0	0.23103	0.09516	0.01848	0.01350	0.01822	0.08614	0.01115	0.23916	0.08393	0.03296	0.01634	0.01845	0.01281	0.00823	0.00611	0.00213	0.00723	0.02467	0.06449	0.00978
1	0.20007	0.01529	0.01628	0.01592	0.09547	0.05481	0.01118	0.13068	0.07055	0.07702	0.11938	0.02455	0.04768	0.00902	0.00666	0.00212	0.00642	0.00712	0.00593	0.08385
2	0.01914	0.01465	0.01837	0.01570	0.04485	0.05408	0.06755	0.11228	0.07693	0.12314	0.13448	0.09621	0.02629	0.01056	0.00815	0.00219	0.03556	0.00902	0.00634	0.12452
3	0.01263	0.00631	0.00947	0.00947	0.00947	0.00631	0.00631	0.00947	0.00947	0.01263	0.01263	0.02210	0.01263	0.02525	0.02841	0.78851	0.00631	0.00631	0.00316	0.00316
4	0.05042	0.02193	0.20278	0.17391	0.22229	0.01714	0.16326	0.02189	0.01578	0.02279	0.01343	0.01768	0.01029	0.00668	0.00732	0.00232	0.01004	0.00653	0.00344	0.01008
5	0.01203	0.00846	0.01191	0.05348	0.01559	0.00834	0.02912	0.01519	0.04577	0.06434	0.05977	0.39724	0.06551	0.01885	0.00906	0.00289	0.00550	0.16327	0.00665	0.00704
6	0.00930	0.00665	0.00823	0.00924	0.00982	0.00624	0.00603	0.01038	0.01357	0.01788	0.05927	0.47307	0.11407	0.20227	0.01610	0.00390	0.00484	0.01734	0.00620	0.00558
7	0.04551	0.01487	0.02079	0.10339	0.02217	0.01992	0.01534	0.01889	0.01238	0.06262	0.01179	0.01721	0.01042	0.01143	0.01929	0.00293	0.54030	0.00636	0.03621	0.00820
8	0.06858	0.14819	0.17229	0.08027	0.05567	0.13805	0.05677	0.05801	0.04333	0.02243	0.01386	0.04229	0.01157	0.00798	0.00757	0.00219	0.05157	0.00605	0.00390	0.00944
9	0.01320	0.00917	0.01127	0.03898	0.03897	0.03559	0.00844	0.01534	0.01654	0.10489	0.13700	0.36454	0.14298	0.01744	0.00856	0.00260	0.00499	0.01539	0.00684	0.00727
10	0.00919	0.00723	0.00789	0.00792	0.00983	0.00630	0.00573	0.01083	0.01613	0.02009	0.14924	0.10676	0.48285	0.07869	0.01188	0.03827	0.00408	0.01458	0.00656	0.00594
11	0.75069	0.05683	0.01228	0.00973	0.01433	0.01703	0.00814	0.02139	0.01251	0.03171	0.01012	0.01180	0.00796	0.00672	0.00451	0.00221	0.00575	0.00393	0.00442	0.00796
12	0.01840	0.01664	0.01670	0.04099	0.01999	0.07035	0.01168	0.05988	0.51364	0.02874	0.02786	0.02640	0.04773	0.00961	0.00724	0.00232	0.00644	0.00786	0.00673	0.06081
13	0.01783	0.04404	0.17077	0.09670	0.04808	0.08073	0.11424	0.04862	0.08063	0.05949	0.03895	0.01987	0.01398	0.01020	0.04237	0.00274	0.05903	0.00672	0.00441	0.04061
14	0.02391	0.02402	0.02184	0.04999	0.12555	0.33708	0.04261	0.07371	0.01980	0.10938	0.01630	0.06290	0.01359	0.00875	0.00779	0.00216	0.03951	0.00676	0.00480	0.00955
15	0.01057	0.00705	0.00793	0.00793	0.00793	0.00705	0.00440	0.01057	0.01057	0.01409	0.02290	0.04757	0.02643	0.74454	0.03700	0.00705	0.00705	0.01057	0.00440	0.00440
16	0.01199	0.00860	0.01063	0.01014	0.01230	0.00832	0.00776	0.01711	0.09775	0.05576	0.43853	0.09337	0.12406	0.01523	0.00853	0.00244	0.00412	0.05821	0.00767	0.00750
17	0.02089	0.26267	0.09502	0.01617	0.02073	0.29093	0.01436	0.02342	0.01636	0.01780	0.01167	0.01561	0.01055	0.05927	0.01014	0.00233	0.09491	0.00510	0.00345	0.00862
18	0.00930	0.00675	0.00843	0.00966	0.01062	0.00624	0.00679	0.01090	0.01461	0.01922	0.04514	0.50071	0.17052	0.04680	0.01003	0.00299	0.00440	0.07322	0.03770	0.00600
19	0.00885	0.00662	0.00823	0.00942	0.01038	0.00600	0.00646	0.01034	0.01482	0.01924	0.07439	0.55064	0.20539	0.02140	0.00908	0.00281	0.00406	0.01908	0.00680	0.00600
20	0.00930	0.00726	0.00849	0.00884	0.01065	0.00645	0.00660	0.01151	0.01696	0.02177	0.20532	0.20141	0.36764	0.01862	0.00885	0.00259	0.00399	0.07042	0.00703	0.00630
21	0.02715	0.03464	0.02060	0.01873	0.02247	0.71536	0.01404	0.02903	0.02060	0.01779	0.01124	0.01311	0.00936	0.00749	0.00655	0.00187	0.01311	0.00468	0.00375	0.00843
22	0.01364	0.01048	0.01246	0.01163	0.01278	0.04301	0.00906	0.01607	0.01320	0.02068	0.01860	0.02578	0.01654	0.07794	0.20262	0.00514	0.18033	0.00714	0.29603	0.00687
23	0.02392	0.01852	0.01973	0.01597	0.02113	0.02081	0.01292	0.42770	0.28748	0.03983	0.02217	0.02121	0.01618	0.00917	0.00732	0.00229	0.00713	0.00719	0.00732	0.01203
24	0.00954	0.00731	0.00874	0.00857	0.01045	0.00651	0.00636	0.01221	0.01855	0.02477	0.41196	0.11687	0.29817	0.01682	0.00864	0.00240	0.00359	0.01458	0.00744	0.00651
25	0.00987	0.00708	0.00849	0.00878	0.00951	0.00695	0.00574	0.01088	0.01268	0.01670	0.05400	0.17573	0.14886	0.36892	0.11871	0.00598	0.00753	0.01295	0.00528	0.00534
26	0.04252	0.02029	0.19102	0.05729	0.02641	0.04544	0.19726	0.02032	0.04177	0.02188	0.01907	0.12685	0.01766	0.05819	0.02691	0.00296	0.03093	0.00909	0.03543	0.00870
27	0.01288	0.01028	0.01196	0.01133	0.01298	0.04999	0.00846	0.05592	0.01404	0.01899	0.02385	0.06046	0.07464	0.15066	0.31752	0.05283	0.03900	0.00882	0.03111	0.03428
28	0.05374	0.08936	0.02073	0.01727	0.04520	0.33950	0.01312	0.07492	0.12161	0.02258	0.01728	0.01875	0.04058	0.01044	0.03608	0.00248	0.05657	0.00600	0.00463	0.00916

[dist]
# distance from previous block
# <min> <max>
0	2

[block]
# block no. 5 follows, 28 sequences, length 25
# corresponding to MSA columns:
# 181-205
name=unknown_F
#
# <colnr> <probs for GDERKNQSTAVLIFYWHMCP>
#	G	D	E	R	K	N	Q	S	T	A	V	L	I	F	Y	W	H	M	C	P
0	0.44431	0.18328	0.11149	0.05184	0.01974	0.04497	0.01236	0.02181	0.01373	0.02651	0.01071	0.01272	0.00854	0.00671	0.00509	0.00210	0.00730	0.00429	0.00390	0.00862
1	0.20927	0.12428	0.11427	0.06872	0.06651	0.01868	0.08407	0.04954	0.07257	0.02548	0.01401	0.01670	0.01106	0.00892	0.03065	0.00255	0.04422	0.00575	0.02342	0.00934
2	0.06034	0.01251	0.03814	0.01442	0.06314	0.03809	0.01051	0.01882	0.09941	0.02179	0.07992	0.02921	0.02182	0.13148	0.19665	0.00544	0.07187	0.00794	0.04866	0.02985
3	0.01150	0.00799	0.00970	0.00968	0.01040	0.00833	0.00651	0.03631	0.03586	0.01706	0.02429	0.08075	0.02649	0.46433	0.13253	0.03425	0.00870	0.06504	0.00481	0.00548
4	0.01858	0.01682	0.01925	0.06512	0.05878	0.10141	0.05516	0.13976	0.14172	0.03967	0.04807	0.02923	0.07926	0.01436	0.07224	0.00322	0.04298	0.03926	0.00565	0.00946
5	0.01716	0.01961	0.04289	0.03064	0.03799	0.01838	0.67279	0.02328	0.01716	0.02328	0.01471	0.01961	0.01103	0.00613	0.00858	0.00245	0.01225	0.00858	0.00368	0.00980
6	0.00913	0.00722	0.00822	0.00833	0.01024	0.00631	0.00611	0.01135	0.01732	0.02225	0.25059	0.17233	0.40868	0.01807	0.00870	0.00248	0.00369	0.01555	0.00712	0.00631
7	0.01741	0.01220	0.01363	0.01163	0.01530	0.01240	0.00919	0.17944	0.11396	0.10107	0.18372	0.04319	0.23063	0.01313	0.00797	0.00233	0.00522	0.01091	0.00747	0.00920
8	0.79588	0.01406	0.01068	0.00956	0.01406	0.01631	0.00787	0.02137	0.01237	0.03261	0.01012	0.01181	0.00787	0.00675	0.00450	0.00225	0.00562	0.00394	0.00450	0.00787
9	0.02376	0.14323	0.02237	0.01655	0.02097	0.45993	0.01300	0.02806	0.09873	0.01972	0.01340	0.01473	0.01102	0.00738	0.00625	0.00182	0.01069	0.00495	0.00413	0.07931
10	0.01661	0.01405	0.02229	0.32007	0.12302	0.01526	0.07287	0.04497	0.07707	0.06999	0.03988	0.02521	0.01596	0.00844	0.00748	0.00234	0.00842	0.04955	0.00469	0.06182
11	0.01363	0.00964	0.01142	0.01097	0.01304	0.02938	0.00836	0.01568	0.01530	0.08672	0.03616	0.24051	0.14215	0.05636	0.01112	0.00279	0.07057	0.07874	0.07354	0.07391
12	0.02528	0.15822	0.02349	0.01727	0.02159	0.51413	0.01360	0.06466	0.06004	0.02000	0.01248	0.01393	0.01029	0.00748	0.00631	0.00187	0.01144	0.00486	0.00405	0.00899
13	0.01754	0.04759	0.18214	0.05993	0.12854	0.09552	0.03970	0.04845	0.01684	0.06739	0.02072	0.06138	0.05979	0.01097	0.00928	0.07318	0.00875	0.03873	0.00446	0.00910
14	0.01715	0.01436	0.01754	0.09536	0.05497	0.01348	0.01162	0.12392	0.07879	0.02740	0.03906	0.01854	0.01399	0.00691	0.00628	0.00162	0.00641	0.00567	0.00503	0.44190
15	0.08312	0.01700	0.01951	0.01704	0.01878	0.13317	0.05721	0.01877	0.01355	0.01923	0.01450	0.08255	0.01427	0.01823	0.12336	0.00412	0.32648	0.00753	0.00385	0.00774
16	0.01646	0.01233	0.01625	0.05168	0.12350	0.01315	0.01183	0.14312	0.04348	0.05112	0.08825	0.19916	0.02742	0.01257	0.00858	0.00239	0.04921	0.01071	0.10991	0.00888
17	0.01505	0.01244	0.01433	0.01123	0.01639	0.01054	0.00879	0.07406	0.05665	0.02500	0.02166	0.12559	0.05508	0.00922	0.00642	0.00161	0.00536	0.00775	0.00524	0.51760
18	0.01685	0.07524	0.01664	0.01109	0.01689	0.01109	0.00900	0.01977	0.01558	0.09869	0.01689	0.08120	0.01481	0.00743	0.00589	0.00142	0.00557	0.00608	0.00495	0.56490
19	0.01850	0.01429	0.01712	0.01753	0.12071	0.03918	0.01189	0.18023	0.07684	0.07681	0.16209	0.06376	0.09653	0.01145	0.00773	0.00226	0.00630	0.02765	0.00664	0.04249
20	0.08637	0.01264	0.05404	0.01477	0.04922	0.01193	0.06659	0.11821	0.01496	0.02170	0.01341	0.01965	0.01178	0.01740	0.01899	0.44424	0.00738	0.00628	0.00399	0.00643
21	0.01641	0.07424	0.01711	0.04288	0.01756	0.01282	0.04710	0.11537	0.01743	0.08218	0.02417	0.14271	0.04481	0.04552	0.13043	0.04097	0.00882	0.03076	0.04249	0.04619
22	0.01408	0.03796	0.02004	0.05934	0.04765	0.03623	0.14819	0.03793	0.11173	0.02212	0.03143	0.24498	0.10553	0.03746	0.00918	0.00268	0.00717	0.01250	0.00558	0.00823
23	0.09631	0.06439	0.02231	0.18024	0.11540	0.13065	0.05422	0.04749	0.07475	0.08498	0.04866	0.01974	0.01453	0.00781	0.00686	0.00220	0.00872	0.00644	0.00476	0.00951
24	0.02099	0.02082	0.08487	0.12254	0.20410	0.07917	0.05587	0.21547	0.05894	0.04315	0.01566	0.01810	0.01182	0.00759	0.00724	0.00223	0.00917	0.00648	0.00492	0.01087

[dist]
# distance from previous block
# <min> <max>
0	11

[block]
# block no. 6 follows, 28 sequences, length 18
# corresponding to MSA columns:
# 217-234
name=unknown_G
#
# <colnr> <probs for GDERKNQSTAVLIFYWHMCP>
#	G	D	E	R	K	N	Q	S	T	A	V	L	I	F	Y	W	H	M	C	P
0	0.01878	0.11349	0.02346	0.08265	0.13646	0.05589	0.06691	0.08180	0.11121	0.06992	0.02181	0.06656	0.05138	0.00907	0.00705	0.00218	0.00770	0.00781	0.03763	0.02823
1	0.01480	0.01245	0.01540	0.03762	0.08486	0.04855	0.03476	0.05113	0.10473	0.04975	0.09503	0.17430	0.11820	0.08301	0.01147	0.00292	0.03514	0.01171	0.00601	0.00818
2	0.03378	0.08546	0.01825	0.16029	0.06074	0.08845	0.01272	0.02026	0.07706	0.02136	0.05179	0.05369	0.04676	0.01499	0.08973	0.00329	0.00896	0.04698	0.04559	0.05984
3	0.07124	0.04292	0.11585	0.05563	0.06549	0.01352	0.01311	0.06925	0.03991	0.11972	0.07312	0.12546	0.02297	0.08008	0.01054	0.00278	0.02783	0.00905	0.00558	0.03595
4	0.01795	0.14223	0.02154	0.01570	0.06753	0.06694	0.03893	0.05787	0.13016	0.02457	0.01711	0.02002	0.01410	0.00744	0.00619	0.00176	0.00699	0.02782	0.05755	0.25759
5	0.01078	0.00769	0.00859	0.00819	0.01046	0.00669	0.00607	0.01287	0.01719	0.06756	0.20520	0.06126	0.44611	0.08582	0.01119	0.00284	0.00411	0.01385	0.00696	0.00656
6	0.12282	0.11032	0.04683	0.04704	0.08856	0.09559	0.01377	0.14986	0.17350	0.02866	0.01704	0.01821	0.01323	0.00962	0.03260	0.00251	0.00836	0.00604	0.00522	0.01023
7	0.02033	0.02228	0.01556	0.01441	0.01723	0.39309	0.01072	0.02192	0.01862	0.04737	0.11216	0.07579	0.10176	0.01254	0.00935	0.07681	0.00918	0.00841	0.00503	0.00744
8	0.02008	0.02107	0.09361	0.12161	0.21936	0.10425	0.04428	0.12156	0.10979	0.04861	0.01644	0.01874	0.01252	0.00761	0.00719	0.00223	0.00913	0.00650	0.00475	0.01067
9	0.09496	0.01735	0.01898	0.01705	0.07515	0.06735	0.02785	0.19585	0.12466	0.05148	0.01778	0.04496	0.01422	0.00842	0.00739	0.00207	0.03734	0.00656	0.00566	0.16491
10	0.01162	0.00742	0.00911	0.00909	0.00977	0.00734	0.00591	0.01256	0.01266	0.05477	0.07987	0.12107	0.03164	0.47743	0.08702	0.00620	0.00745	0.03833	0.00526	0.00548
11	0.00946	0.00694	0.00897	0.01042	0.01119	0.00664	0.00724	0.01178	0.04517	0.01937	0.04112	0.63028	0.07824	0.02179	0.00921	0.00293	0.00443	0.06183	0.00677	0.00623
12	0.01200	0.01016	0.01478	0.01385	0.01476	0.01294	0.01108	0.01430	0.01152	0.01706	0.01657	0.02486	0.01565	0.04230	0.51343	0.00920	0.22759	0.00737	0.00369	0.00692
13	0.01619	0.01552	0.02588	0.29343	0.38634	0.01740	0.02083	0.02041	0.01522	0.02116	0.01295	0.01828	0.01063	0.00744	0.00902	0.00237	0.08717	0.00646	0.00342	0.00986
14	0.02121	0.07329	0.02000	0.04426	0.05843	0.36620	0.01331	0.04700	0.06628	0.02074	0.05036	0.09514	0.01867	0.01020	0.00781	0.00218	0.04022	0.03146	0.00466	0.00858
15	0.01827	0.01592	0.04103	0.05089	0.11964	0.08595	0.01295	0.13137	0.05433	0.07567	0.05081	0.07517	0.07648	0.05234	0.10273	0.00376	0.00921	0.00875	0.00553	0.00919
16	0.12667	0.04136	0.01893	0.11026	0.08192	0.01557	0.05687	0.09002	0.10009	0.02580	0.02120	0.06969	0.05727	0.03403	0.00923	0.02848	0.03406	0.00790	0.02901	0.04163
17	0.13113	0.05409	0.06913	0.04539	0.07048	0.19182	0.01280	0.02330	0.06197	0.04825	0.02141	0.02247	0.09748	0.00851	0.00646	0.00201	0.00814	0.00643	0.00464	0.11408

[dist]
# distance from previous block
# <min> <max>
0	7

[block]
# block no. 7 follows, 28 sequences, length 8
# corresponding to MSA columns:
# 242-249
name=unknown_H
#
# <colnr> <probs for GDERKNQSTAVLIFYWHMCP>
#	G	D	E	R	K	N	Q	S	T	A	V	L	I	F	Y	W	H	M	C	P
0	0.05401	0.06602	0.06613	0.06016	0.16201	0.07012	0.01382	0.07837	0.01656	0.02258	0.01924	0.12696	0.01915	0.10761	0.04041	0.00327	0.00838	0.02629	0.00458	0.03432
1	0.06410	0.08414	0.05380	0.08057	0.18272	0.13653	0.06123	0.07578	0.03491	0.04753	0.01597	0.01865	0.03748	0.00803	0.00822	0.00222	0.06779	0.00631	0.00426	0.00977
2	0.00969	0.00799	0.00972	0.01138	0.07017	0.00715	0.00729	0.01163	0.01595	0.02013	0.10099	0.21116	0.41672	0.05452	0.01005	0.00276	0.00438	0.01535	0.00644	0.00652
3	0.01051	0.00796	0.01043	0.01232	0.05076	0.00762	0.00825	0.04390	0.01567	0.02062	0.04193	0.51348	0.13290	0.02032	0.00903	0.00283	0.00480	0.07342	0.00659	0.00664
4	0.01875	0.01495	0.05044	0.01282	0.01852	0.01271	0.01080	0.16294	0.01946	0.09229	0.01732	0.05333	0.01421	0.01169	0.06848	0.00251	0.00747	0.00624	0.00542	0.39963
5	0.05261	0.11697	0.10902	0.04174	0.08126	0.01609	0.01391	0.08394	0.09034	0.07160	0.02014	0.11232	0.01797	0.00969	0.00685	0.00215	0.00709	0.02887	0.00522	0.11220
6	0.09396	0.22860	0.02286	0.06391	0.05452	0.04069	0.01191	0.12297	0.03631	0.05433	0.04838	0.02271	0.08602	0.00858	0.00625	0.00196	0.00700	0.00654	0.00500	0.07750
7	0.05165	0.14346	0.15993	0.01709	0.05403	0.04739	0.04777	0.13074	0.03810	0.07429	0.05136	0.02273	0.03654	0.00852	0.00679	0.00211	0.00810	0.03518	0.00505	0.05915

[dist]
# distance from previous block
# <min> <max>
0	12

[block]
# block no. 8 follows, 28 sequences, length 7
# corresponding to MSA columns:
# 262-268
name=unknown_I
#
# <colnr> <probs for GDERKNQSTAVLIFYWHMCP>
#	G	D	E	R	K	N	Q	S	T	A	V	L	I	F	Y	W	H	M	C	P
0	0.00934	0.00656	0.00848	0.00958	0.01027	0.00610	0.00647	0.01041	0.01419	0.01880	0.09302	0.51828	0.11456	0.05943	0.01217	0.06800	0.00442	0.01778	0.00643	0.00570
1	0.01443	0.01066	0.01571	0.28910	0.02777	0.01187	0.01319	0.05473	0.01617	0.08264	0.04907	0.14987	0.05978	0.03920	0.08631	0.00369	0.00860	0.05411	0.00527	0.00782
2	0.01848	0.10700	0.26075	0.03974	0.06125	0.06768	0.05706	0.09109	0.06367	0.06109	0.03727	0.03758	0.01547	0.00859	0.00711	0.00226	0.00909	0.03997	0.00465	0.01020
3	0.01986	0.11939	0.17971	0.01678	0.02302	0.03473	0.05689	0.19916	0.08028	0.06577	0.04721	0.06343	0.01784	0.00942	0.00720	0.00226	0.00823	0.03288	0.00553	0.01043
4	0.00909	0.00724	0.00819	0.00855	0.01046	0.00634	0.00637	0.01115	0.01663	0.02091	0.15215	0.19738	0.43909	0.01886	0.00882	0.00259	0.00395	0.05907	0.00692	0.00623
5	0.01061	0.00747	0.00876	0.00890	0.00941	0.00761	0.00558	0.01216	0.04580	0.01606	0.02772	0.13843	0.06140	0.50852	0.09549	0.00648	0.00763	0.01177	0.00494	0.00525
6	0.11804	0.07127	0.14591	0.06143	0.08124	0.09206	0.09367	0.06984	0.01722	0.04285	0.01323	0.01572	0.01021	0.00674	0.00645	0.00201	0.00892	0.00552	0.00411	0.13356

[dist]
# distance from previous block
# <min> <max>
8	19

[block]
# block no. 9 follows, 28 sequences, length 12
# corresponding to MSA columns:
# 289-300
name=unknown_J
#
# <colnr> <probs for GDERKNQSTAVLIFYWHMCP>
#	G	D	E	R	K	N	Q	S	T	A	V	L	I	F	Y	W	H	M	C	P
0	0.00962	0.00702	0.00866	0.00926	0.01063	0.00638	0.00674	0.01113	0.01560	0.02018	0.14650	0.28004	0.26591	0.02013	0.01096	0.08281	0.00435	0.07159	0.00657	0.00591
1	0.01700	0.18382	0.10228	0.12936	0.08899	0.10087	0.01596	0.02152	0.04821	0.02021	0.01738	0.02396	0.03387	0.01039	0.03059	0.00252	0.05135	0.06174	0.03104	0.00892
2	0.11298	0.01321	0.04530	0.04227	0.10291	0.01296	0.01170	0.02030	0.10384	0.04868	0.05521	0.14626	0.03840	0.05288	0.03172	0.00289	0.05321	0.00935	0.00530	0.09062
3	0.01288	0.00917	0.01032	0.01018	0.01209	0.02714	0.00757	0.01672	0.07839	0.06471	0.11053	0.21285	0.16880	0.05509	0.01016	0.00274	0.02991	0.04080	0.11275	0.00719
4	0.00918	0.00677	0.00839	0.00943	0.01036	0.00623	0.00649	0.01067	0.01466	0.01912	0.08462	0.46391	0.17977	0.09230	0.01186	0.00323	0.00445	0.04609	0.00659	0.00590
5	0.02261	0.05474	0.02304	0.07412	0.12060	0.06623	0.06366	0.17154	0.06126	0.15945	0.01918	0.04623	0.01475	0.01061	0.03848	0.00266	0.02719	0.00723	0.00578	0.01064
6	0.01700	0.01796	0.10821	0.08539	0.34385	0.01558	0.07854	0.02266	0.05689	0.06337	0.05466	0.06867	0.01763	0.00845	0.00752	0.00231	0.00841	0.00799	0.00451	0.01042
7	0.01140	0.00761	0.01000	0.01088	0.01226	0.00722	0.00836	0.01358	0.01573	0.05787	0.09507	0.29507	0.09846	0.08823	0.01193	0.00334	0.00533	0.23444	0.00674	0.00649
8	0.01112	0.00817	0.01129	0.06437	0.05432	0.00795	0.00898	0.01337	0.01554	0.05060	0.10497	0.36543	0.15010	0.02007	0.04509	0.00316	0.00570	0.04651	0.00638	0.00688
9	0.01677	0.01703	0.05694	0.24931	0.22808	0.04071	0.07481	0.07214	0.04494	0.02316	0.01718	0.02177	0.04203	0.03058	0.00884	0.00248	0.03241	0.00713	0.00407	0.00963
10	0.02332	0.02597	0.02199	0.17093	0.12185	0.40536	0.01632	0.05938	0.01947	0.05006	0.01301	0.01583	0.01026	0.00743	0.00686	0.00206	0.01121	0.00551	0.00403	0.00915
11	0.01628	0.01442	0.01934	0.01662	0.01791	0.04582	0.04422	0.01911	0.03376	0.05274	0.01454	0.01983	0.01270	0.01670	0.10696	0.00392	0.42373	0.00674	0.10661	0.00804

[dist]
# distance from previous block
# <min> <max>
0	1

[block]
# block no. 10 follows, 28 sequences, length 17
# corresponding to MSA columns:
# 305-321
name=unknown_K
#
# <colnr> <probs for GDERKNQSTAVLIFYWHMCP>
#	G	D	E	R	K	N	Q	S	T	A	V	L	I	F	Y	W	H	M	C	P
0	0.05589	0.01702	0.05176	0.10910	0.28306	0.01717	0.07118	0.09085	0.11560	0.04860	0.01699	0.01995	0.01322	0.00998	0.04567	0.00279	0.00901	0.00684	0.00471	0.01061
1	0.09767	0.01960	0.02222	0.18254	0.23001	0.17445	0.01706	0.06364	0.01735	0.02304	0.01367	0.04478	0.01165	0.00800	0.00770	0.00224	0.04471	0.00637	0.00398	0.00935
2	0.01030	0.00871	0.00942	0.00958	0.01115	0.04155	0.00693	0.01223	0.01641	0.02100	0.19167	0.26051	0.28064	0.04717	0.01039	0.00275	0.03121	0.01541	0.00665	0.00633
3	0.02137	0.02310	0.02373	0.07461	0.29408	0.27289	0.01716	0.06512	0.01886	0.02260	0.01289	0.01595	0.01058	0.00693	0.00678	0.00196	0.00996	0.00559	0.00393	0.09191
4	0.01034	0.00756	0.01044	0.01044	0.01144	0.00838	0.00762	0.01219	0.01163	0.01625	0.02316	0.03586	0.05489	0.24150	0.49407	0.00995	0.01527	0.00893	0.00418	0.00590
5	0.01354	0.11789	0.01842	0.13431	0.10504	0.01306	0.01223	0.01650	0.01564	0.04020	0.11881	0.16649	0.06322	0.03150	0.06451	0.00322	0.00752	0.04482	0.00520	0.00786
6	0.01749	0.01598	0.04072	0.12875	0.04931	0.03366	0.10198	0.11731	0.01746	0.05074	0.01729	0.02209	0.04124	0.05041	0.05040	0.00311	0.14362	0.00715	0.00449	0.08681
7	0.00916	0.00738	0.00800	0.00825	0.01027	0.00645	0.00618	0.01101	0.01605	0.01964	0.08543	0.10879	0.51094	0.08134	0.01123	0.00297	0.00430	0.07997	0.00659	0.00606
8	0.05201	0.00717	0.00842	0.00916	0.01012	0.00690	0.00616	0.01111	0.01372	0.01887	0.06547	0.38716	0.14761	0.18219	0.03689	0.00399	0.00527	0.01594	0.00607	0.00577
9	0.02334	0.29738	0.04872	0.04657	0.02252	0.41029	0.01412	0.02571	0.01803	0.01773	0.01095	0.01291	0.00936	0.00699	0.00590	0.00179	0.01092	0.00449	0.00347	0.00882
10	0.06149	0.02181	0.02254	0.02642	0.26758	0.21892	0.01604	0.11469	0.06948	0.06223	0.01562	0.01754	0.01220	0.00754	0.00684	0.00210	0.00917	0.00602	0.03133	0.01044
11	0.01026	0.00842	0.00889	0.00863	0.01113	0.00769	0.00649	0.04748	0.05390	0.02220	0.11004	0.12256	0.52122	0.01756	0.00852	0.00247	0.00405	0.01480	0.00690	0.00679
12	0.01329	0.00680	0.00687	0.00687	0.00842	0.00680	0.00502	0.01639	0.01484	0.02598	0.02364	0.02887	0.01930	0.07195	0.00783	0.00216	0.00370	0.00710	0.71758	0.00657
13	0.06302	0.01394	0.01658	0.01408	0.07626	0.01174	0.01015	0.06972	0.01652	0.02594	0.01317	0.01531	0.01078	0.00582	0.00563	0.00133	0.00588	0.00465	0.00449	0.61500
14	0.04733	0.03965	0.02228	0.12568	0.23972	0.01541	0.04793	0.05525	0.04955	0.04096	0.07516	0.06540	0.01921	0.03289	0.00880	0.00239	0.03423	0.00790	0.00471	0.06556
15	0.01983	0.07041	0.02125	0.04265	0.08254	0.18769	0.05250	0.12491	0.07496	0.02558	0.07773	0.07947	0.02104	0.00996	0.00731	0.00218	0.00854	0.03921	0.00529	0.04695
16	0.01855	0.04791	0.08573	0.08063	0.10863	0.07526	0.03767	0.15872	0.07584	0.02620	0.01789	0.04005	0.02742	0.02939	0.06693	0.03420	0.00940	0.00700	0.00481	0.04778

[dist]
# distance from previous block
# <min> <max>
0	9

[block]
# block no. 11 follows, 28 sequences, length 56
# corresponding to MSA columns:
# 331-386
name=unknown_L
#
# <colnr> <probs for GDERKNQSTAVLIFYWHMCP>
#	G	D	E	R	K	N	Q	S	T	A	V	L	I	F	Y	W	H	M	C	P
0	0.04014	0.48209	0.14396	0.01432	0.02101	0.04693	0.01471	0.06317	0.04984	0.04602	0.01272	0.01392	0.01041	0.00682	0.00548	0.00181	0.00823	0.00466	0.00384	0.00990
1	0.01763	0.01154	0.01483	0.14568	0.02121	0.03603	0.01112	0.08767	0.01704	0.15455	0.02408	0.14993	0.02264	0.11921	0.08537	0.02467	0.00845	0.03444	0.00576	0.00815
2	0.01789	0.01761	0.03500	0.05175	0.09324	0.01711	0.44573	0.06485	0.01773	0.05921	0.01595	0.02052	0.01222	0.01157	0.08219	0.00336	0.01201	0.00804	0.00419	0.00985
3	0.01755	0.01405	0.01512	0.01327	0.01708	0.01534	0.01045	0.18929	0.30059	0.03127	0.07513	0.07738	0.14714	0.01251	0.00785	0.00244	0.00574	0.03059	0.00722	0.00999
4	0.01934	0.08894	0.04282	0.01545	0.07111	0.06747	0.01190	0.13079	0.04191	0.05061	0.01506	0.01664	0.01187	0.00677	0.00603	0.00161	0.00699	0.00525	0.04814	0.34130
5	0.01530	0.01276	0.01961	0.02212	0.21431	0.01223	0.06983	0.02044	0.07580	0.06299	0.20778	0.07877	0.06396	0.01073	0.00775	0.00222	0.00630	0.00985	0.00587	0.08140
6	0.04462	0.06130	0.10999	0.03214	0.39620	0.04331	0.01977	0.13761	0.03836	0.02743	0.01431	0.01711	0.01137	0.00705	0.00693	0.00215	0.00871	0.00611	0.00429	0.01122
7	0.02111	0.10185	0.07284	0.03453	0.04752	0.15310	0.13886	0.16011	0.02059	0.04875	0.01624	0.06052	0.01348	0.00845	0.00755	0.00217	0.03038	0.00708	0.04512	0.00975
8	0.01021	0.00743	0.00960	0.00906	0.01081	0.00682	0.00679	0.01356	0.02038	0.02869	0.66521	0.05506	0.09902	0.01503	0.00857	0.00229	0.00344	0.01325	0.00794	0.00682
9	0.01500	0.01470	0.01287	0.01238	0.01510	0.14520	0.00930	0.02203	0.20072	0.02274	0.08372	0.16553	0.20240	0.01457	0.00804	0.00245	0.00623	0.03251	0.00643	0.00807
10	0.01581	0.01522	0.02638	0.38622	0.33683	0.01677	0.05735	0.02049	0.01557	0.02113	0.01335	0.01878	0.01057	0.00685	0.00731	0.00231	0.00937	0.00658	0.00342	0.00969
11	0.01029	0.00700	0.00836	0.00873	0.00893	0.00700	0.00535	0.01078	0.01146	0.01533	0.02638	0.17345	0.03044	0.54970	0.06869	0.00643	0.00721	0.03472	0.00488	0.00487
12	0.00898	0.00689	0.00824	0.00894	0.01032	0.00614	0.00631	0.01080	0.01595	0.02062	0.15554	0.38206	0.29325	0.01990	0.00891	0.00266	0.00389	0.01750	0.00695	0.00614
13	0.01131	0.00851	0.00940	0.00894	0.01152	0.00782	0.00677	0.01553	0.08951	0.06076	0.19661	0.08093	0.43293	0.01636	0.00841	0.00242	0.00401	0.01384	0.00721	0.00720
14	0.01215	0.00827	0.01017	0.00963	0.01176	0.00768	0.00721	0.05059	0.01941	0.07109	0.37767	0.16987	0.18441	0.01619	0.00854	0.00242	0.00405	0.01411	0.00756	0.00722
15	0.01199	0.00828	0.00947	0.00895	0.01129	0.00756	0.00671	0.04956	0.01829	0.06887	0.21573	0.12266	0.33685	0.04111	0.00929	0.00255	0.00417	0.01371	0.04594	0.00702
16	0.01017	0.00771	0.00951	0.01030	0.01155	0.00755	0.00724	0.01416	0.09697	0.02168	0.13965	0.49239	0.10429	0.01964	0.00888	0.00275	0.00424	0.01756	0.00701	0.00675
17	0.01652	0.14977	0.32464	0.09396	0.03050	0.06477	0.13231	0.02245	0.01582	0.02148	0.01329	0.01638	0.01012	0.00682	0.00673	0.00215	0.01014	0.00582	0.04663	0.00969
18	0.01860	0.01842	0.02891	0.04290	0.65437	0.06351	0.02176	0.02275	0.01682	0.02335	0.01351	0.01767	0.01137	0.00654	0.00715	0.00214	0.00893	0.00636	0.00361	0.01131
19	0.00979	0.00740	0.00916	0.01034	0.01134	0.00720	0.00712	0.01313	0.08445	0.01990	0.04231	0.59856	0.10994	0.02099	0.00901	0.00285	0.00432	0.01883	0.00682	0.00651
20	0.00969	0.00755	0.00918	0.01034	0.04551	0.00689	0.00669	0.01138	0.01532	0.01976	0.12802	0.24023	0.29708	0.14312	0.01357	0.00334	0.00463	0.01522	0.00634	0.00614
21	0.01490	0.01278	0.01475	0.01081	0.01694	0.00997	0.00861	0.01902	0.05233	0.02385	0.01699	0.01858	0.04689	0.00631	0.00566	0.00122	0.00532	0.00509	0.00460	0.70536
