[name]
unknown

[dist]
# distance from previous block
# <min> <max>
1	221

[block]
# block no. 0 follows, 33 sequences, length 23
# corresponding to MSA columns:
# 278-300
name=unknown_A
#
# <colnr> <probs for GDERKNQSTAVLIFYWHMCP>
#	G	D	E	R	K	N	Q	S	T	A	V	L	I	F	Y	W	H	M	C	P
0	0.01370	0.04384	0.01356	0.01153	0.01366	0.09637	0.04367	0.09586	0.05334	0.02090	0.12227	0.23177	0.02984	0.16497	0.01256	0.00304	0.00617	0.01090	0.00533	0.00673
1	0.14754	0.01208	0.01142	0.01034	0.01291	0.07500	0.00780	0.12941	0.06030	0.02512	0.14712	0.11417	0.06242	0.11224	0.01012	0.00266	0.00555	0.00893	0.03774	0.00713
2	0.04288	0.05322	0.01976	0.13910	0.08390	0.01612	0.06616	0.12174	0.24761	0.05259	0.01958	0.02357	0.01558	0.00831	0.00670	0.00217	0.00694	0.05946	0.00522	0.00938
3	0.02029	0.04964	0.05589	0.10227	0.06764	0.23010	0.01352	0.22036	0.04233	0.02528	0.01374	0.01566	0.01058	0.00720	0.00639	0.00189	0.02296	0.00534	0.08004	0.00889
4	0.09730	0.01334	0.07413	0.01138	0.01541	0.01219	0.00981	0.11190	0.16482	0.12117	0.12800	0.04343	0.14920	0.01040	0.00674	0.00212	0.00525	0.00850	0.00624	0.00868
5	0.01768	0.09259	0.04967	0.16353	0.02562	0.01711	0.07837	0.22379	0.10759	0.02656	0.01472	0.01654	0.01113	0.00682	0.00622	0.00188	0.00740	0.00571	0.00464	0.12244
6	0.01680	0.01094	0.01326	0.01266	0.05060	0.01123	0.00897	0.19000	0.06610	0.13235	0.02536	0.26591	0.02501	0.12598	0.01122	0.00289	0.00564	0.01085	0.00612	0.00812
7	0.10210	0.23199	0.02279	0.01656	0.07910	0.40938	0.01239	0.02326	0.01614	0.01776	0.00998	0.01177	0.00850	0.00632	0.00533	0.00167	0.00951	0.00411	0.00329	0.00804
8	0.04051	0.00824	0.03592	0.00808	0.00986	0.00696	0.00585	0.01111	0.01223	0.01679	0.05674	0.12644	0.19919	0.33263	0.01822	0.00389	0.00514	0.01080	0.00482	0.08655
9	0.10933	0.07993	0.01720	0.01346	0.01648	0.16676	0.05458	0.01933	0.01371	0.09021	0.01428	0.01816	0.01202	0.02194	0.26520	0.00498	0.06541	0.00566	0.00391	0.00744
10	0.01774	0.01486	0.07719	0.01559	0.08908	0.01394	0.01196	0.17714	0.19087	0.10703	0.11700	0.06651	0.05264	0.00966	0.00689	0.00211	0.00592	0.00813	0.00617	0.00957
11	0.01307	0.00756	0.00906	0.00847	0.01096	0.00654	0.00642	0.01497	0.01576	0.18631	0.10747	0.18761	0.37029	0.01515	0.00763	0.00225	0.00394	0.01294	0.00669	0.00690
12	0.01651	0.01041	0.01284	0.01207	0.01501	0.01070	0.00987	0.06870	0.18336	0.16784	0.07425	0.09952	0.02947	0.01314	0.00771	0.00248	0.00548	0.24545	0.00675	0.00844
13	0.01791	0.01756	0.02729	0.09761	0.10965	0.11246	0.30524	0.07988	0.01719	0.07632	0.01724	0.01990	0.05624	0.00697	0.00707	0.00208	0.00934	0.00703	0.00412	0.00890
14	0.00946	0.00685	0.00955	0.00955	0.01037	0.00767	0.00694	0.01109	0.01028	0.01452	0.01858	0.03108	0.01872	0.26728	0.52774	0.00931	0.01423	0.00782	0.00367	0.00531
15	0.00844	0.00669	0.00758	0.00736	0.00930	0.00584	0.00552	0.01072	0.01656	0.02147	0.34797	0.05729	0.44132	0.01530	0.00777	0.00216	0.00324	0.01304	0.00660	0.00584
16	0.00870	0.00599	0.00748	0.00841	0.00918	0.00560	0.00574	0.01026	0.01340	0.01855	0.10610	0.50908	0.09959	0.05666	0.00914	0.00263	0.00375	0.01569	0.09858	0.00547
17	0.01584	0.01486	0.02945	0.02154	0.02692	0.01389	0.47171	0.04060	0.01577	0.09270	0.02149	0.02561	0.09458	0.07242	0.00982	0.00255	0.00912	0.00846	0.00430	0.00838
18	0.01657	0.01649	0.10414	0.19093	0.04927	0.01547	0.12696	0.16603	0.02961	0.06559	0.01874	0.03679	0.06864	0.00820	0.00784	0.00218	0.05616	0.00706	0.00446	0.00886
19	0.00990	0.00683	0.00922	0.00937	0.01033	0.00746	0.00699	0.01182	0.01117	0.01618	0.02060	0.03491	0.02054	0.22083	0.40581	0.00772	0.01197	0.07613	0.09677	0.00546
20	0.00956	0.00642	0.00739	0.00739	0.00746	0.00649	0.00425	0.00971	0.00963	0.01292	0.02055	0.04204	0.02348	0.72496	0.07656	0.00664	0.00707	0.00942	0.00396	0.00410
21	0.01542	0.04689	0.09360	0.07795	0.40407	0.01679	0.08846	0.01941	0.01396	0.01994	0.01165	0.01576	0.00971	0.00683	0.00899	0.00214	0.13004	0.00585	0.00312	0.00940
22	0.01061	0.00695	0.00898	0.00868	0.01036	0.00652	0.00675	0.01368	0.01762	0.05236	0.52382	0.04865	0.05188	0.01322	0.00753	0.00214	0.00359	0.10084	0.09945	0.00637

[dist]
# distance from previous block
# <min> <max>
2	3

[block]
# block no. 1 follows, 33 sequences, length 28
# corresponding to MSA columns:
# 304-329,332,333
name=unknown_B
#
# <colnr> <probs for GDERKNQSTAVLIFYWHMCP>
#	G	D	E	R	K	N	Q	S	T	A	V	L	I	F	Y	W	H	M	C	P
0	0.08867	0.21925	0.11105	0.01713	0.07012	0.16139	0.07925	0.07307	0.03181	0.02106	0.03469	0.01444	0.01085	0.00670	0.00626	0.00185	0.03511	0.00502	0.00364	0.00864
1	0.07150	0.09818	0.22167	0.01376	0.01914	0.01484	0.03553	0.15784	0.03672	0.02494	0.06999	0.11419	0.07529	0.00971	0.00651	0.00208	0.00681	0.00796	0.00477	0.00857
2	0.01472	0.00747	0.01005	0.00991	0.01180	0.00672	0.00722	0.01639	0.01482	0.23793	0.06624	0.50102	0.03603	0.01643	0.00782	0.00245	0.00433	0.01466	0.00679	0.00720
3	0.02046	0.04405	0.09274	0.06661	0.02191	0.06854	0.07271	0.11972	0.01808	0.21801	0.01765	0.01814	0.03106	0.00702	0.00625	0.00182	0.00729	0.00579	0.00519	0.15696
4	0.06946	0.03943	0.01857	0.01631	0.07586	0.15181	0.01209	0.34282	0.05089	0.07914	0.01648	0.06792	0.01329	0.00831	0.00638	0.00197	0.00758	0.00641	0.00555	0.00972
5	0.00815	0.00578	0.00760	0.00901	0.00936	0.00543	0.00594	0.00920	0.01236	0.01648	0.03503	0.70605	0.04196	0.08108	0.01043	0.00297	0.00403	0.01798	0.00594	0.00524
6	0.01481	0.01383	0.02184	0.31234	0.33185	0.01538	0.01766	0.02160	0.14304	0.02079	0.01477	0.01830	0.01156	0.00671	0.00658	0.00210	0.00771	0.00615	0.00376	0.00922
7	0.01031	0.00653	0.00838	0.00895	0.01021	0.00591	0.00631	0.01187	0.01419	0.09113	0.10483	0.50911	0.15128	0.01804	0.00806	0.00248	0.00386	0.01607	0.00643	0.00606
8	0.01078	0.00770	0.00933	0.00871	0.01069	0.00725	0.00657	0.06812	0.01826	0.04737	0.43746	0.12395	0.19026	0.01425	0.00770	0.00216	0.00364	0.01238	0.00687	0.00655
9	0.01760	0.77260	0.03450	0.01126	0.01690	0.02605	0.01126	0.01971	0.01338	0.01549	0.00915	0.01056	0.00845	0.00563	0.00422	0.00141	0.00704	0.00352	0.00282	0.00845
10	0.00806	0.00592	0.00758	0.00887	0.00957	0.00544	0.00607	0.00934	0.01304	0.01704	0.04083	0.63898	0.14618	0.01996	0.00833	0.00262	0.00381	0.03686	0.00611	0.00540
11	0.00934	0.00782	0.00826	0.00795	0.01030	0.00731	0.00602	0.01382	0.12254	0.02064	0.16493	0.05518	0.51212	0.01498	0.00761	0.00220	0.00358	0.01259	0.00638	0.00640
12	0.00997	0.00818	0.01312	0.01146	0.01352	0.00760	0.11266	0.01299	0.01676	0.02336	0.45607	0.21025	0.04985	0.01391	0.00791	0.00223	0.00449	0.01285	0.00639	0.00642
13	0.01729	0.72056	0.08383	0.01179	0.01771	0.02529	0.01218	0.01979	0.01341	0.01587	0.00934	0.01080	0.00844	0.00568	0.00437	0.00146	0.00723	0.00361	0.00281	0.00854
14	0.01755	0.01760	0.03499	0.02518	0.03157	0.01694	0.57035	0.12603	0.01802	0.05269	0.01421	0.01765	0.01043	0.00601	0.00754	0.00218	0.01029	0.00744	0.00402	0.00933
15	0.01637	0.01414	0.01489	0.01340	0.01712	0.01637	0.01042	0.03498	0.71568	0.02754	0.02679	0.02456	0.02010	0.00893	0.00670	0.00223	0.00521	0.00744	0.00670	0.01042
16	0.00944	0.00691	0.00985	0.00985	0.01078	0.00783	0.00732	0.01129	0.01036	0.01474	0.01830	0.02955	0.01806	0.20335	0.59077	0.00968	0.01523	0.00759	0.00363	0.00547
17	0.04872	0.01282	0.01505	0.01114	0.01671	0.01112	0.02447	0.10898	0.04628	0.08337	0.01400	0.01510	0.01082	0.00578	0.00535	0.00132	0.00541	0.00462	0.00472	0.55423
18	0.01579	0.29825	0.19770	0.01768	0.02375	0.04574	0.17629	0.01993	0.01378	0.01811	0.01095	0.01386	0.00901	0.00754	0.02644	0.00216	0.08623	0.00518	0.00297	0.00863
19	0.02420	0.01698	0.01852	0.01450	0.01951	0.01861	0.01188	0.52884	0.13414	0.11565	0.01861	0.01787	0.01312	0.00809	0.00661	0.00202	0.00675	0.00624	0.00678	0.01108
20	0.00800	0.00583	0.00754	0.00891	0.00948	0.00537	0.00600	0.00920	0.01285	0.01691	0.03940	0.69248	0.11339	0.02022	0.00834	0.00263	0.00377	0.01822	0.00611	0.00537
21	0.01637	0.01414	0.01489	0.01340	0.01712	0.01637	0.01042	0.03498	0.71568	0.02754	0.02679	0.02456	0.02010	0.00893	0.00670	0.00223	0.00521	0.00744	0.00670	0.01042
22	0.00802	0.00573	0.00764	0.00917	0.00955	0.00535	0.00611	0.00917	0.01260	0.01681	0.03628	0.76434	0.04354	0.02062	0.00840	0.00267	0.00382	0.01872	0.00611	0.00535
23	0.01243	0.01170	0.01975	0.75282	0.04534	0.01463	0.01828	0.01682	0.01316	0.01682	0.01170	0.01755	0.00878	0.00658	0.00658	0.00219	0.00878	0.00585	0.00293	0.00731
24	0.01734	0.01805	0.02580	0.05842	0.45146	0.12671	0.10344	0.02232	0.07218	0.02095	0.01330	0.01651	0.01080	0.00624	0.00660	0.00198	0.00867	0.00598	0.00355	0.00970
25	0.00834	0.00596	0.00799	0.00940	0.00996	0.00561	0.00655	0.00978	0.01319	0.01762	0.07446	0.65760	0.04403	0.01999	0.00843	0.00267	0.00400	0.08277	0.00617	0.00546
26	0.05896	0.02454	0.02177	0.13001	0.04909	0.44668	0.11905	0.02330	0.01668	0.01780	0.01088	0.01377	0.00876	0.00661	0.00659	0.00190	0.02739	0.00508	0.00333	0.00783
27	0.01650	0.32307	0.23546	0.01380	0.02000	0.01882	0.01466	0.02282	0.12099	0.07682	0.01459	0.01572	0.01139	0.00959	0.05712	0.00243	0.00818	0.00502	0.00388	0.00917

[dist]
# distance from previous block
# <min> <max>
2	5

[block]
# block no. 2 follows, 33 sequences, length 33
# corresponding to MSA columns:
# 339-371
name=unknown_C
#
# <colnr> <probs for GDERKNQSTAVLIFYWHMCP>
#	G	D	E	R	K	N	Q	S	T	A	V	L	I	F	Y	W	H	M	C	P
0	0.01491	0.01326	0.02017	0.01563	0.01983	0.01341	0.16445	0.08288	0.05537	0.03680	0.01439	0.01804	0.01183	0.01505	0.15049	0.00354	0.10340	0.00606	0.00408	0.23643
1	0.00942	0.00700	0.01030	0.01030	0.01138	0.00808	0.00788	0.01158	0.01050	0.01507	0.01789	0.02728	0.01707	0.10867	0.68410	0.01023	0.01671	0.00726	0.00356	0.00572
2	0.01412	0.08515	0.20242	0.25213	0.16906	0.01631	0.07017	0.01892	0.01382	0.01907	0.02530	0.01621	0.01007	0.00663	0.00730	0.00209	0.05379	0.00566	0.00306	0.00872
3	0.00943	0.00697	0.01015	0.01015	0.01118	0.00800	0.00770	0.01148	0.01045	0.01497	0.01802	0.02803	0.01740	0.13971	0.65349	0.01005	0.01622	0.00737	0.00358	0.00564
4	0.00957	0.00638	0.00718	0.00718	0.00718	0.00638	0.00399	0.00957	0.00957	0.01276	0.02074	0.04308	0.02393	0.76864	0.03351	0.00638	0.00638	0.00957	0.00399	0.00399
5	0.12410	0.02816	0.01760	0.01579	0.01940	0.60201	0.01200	0.07122	0.01855	0.01951	0.01043	0.01199	0.00849	0.00677	0.00575	0.00176	0.01071	0.00427	0.00369	0.00781
6	0.01637	0.01414	0.01489	0.01340	0.01712	0.01637	0.01042	0.03498	0.71568	0.02754	0.02679	0.02456	0.02010	0.00893	0.00670	0.00223	0.00521	0.00744	0.00670	0.01042
7	0.00907	0.00707	0.00827	0.00791	0.00983	0.00646	0.00595	0.01238	0.05187	0.02309	0.43246	0.05349	0.31910	0.01449	0.00772	0.00214	0.00330	0.01246	0.00678	0.00617
8	0.04435	0.01820	0.01841	0.01446	0.01946	0.07799	0.01177	0.50175	0.07375	0.07846	0.01626	0.01620	0.01168	0.00765	0.00637	0.00191	0.00718	0.00574	0.00619	0.06221
9	0.01243	0.01170	0.01975	0.75282	0.04534	0.01463	0.01828	0.01682	0.01316	0.01682	0.01170	0.01755	0.00878	0.00658	0.00658	0.00219	0.00878	0.00585	0.00293	0.00731
10	0.01752	0.39326	0.16568	0.01467	0.02044	0.09539	0.04752	0.07315	0.01542	0.01918	0.02965	0.01336	0.01017	0.00661	0.00629	0.00176	0.05331	0.00460	0.00331	0.00871
11	0.01590	0.01893	0.14390	0.16735	0.21058	0.09362	0.01677	0.04029	0.04349	0.03561	0.02787	0.01640	0.01106	0.00642	0.00622	0.00187	0.00808	0.00543	0.00364	0.12658
12	0.01713	0.47268	0.10982	0.01557	0.05540	0.02201	0.09116	0.07832	0.01511	0.01913	0.01111	0.01378	0.00956	0.03643	0.00634	0.00185	0.00783	0.00471	0.00326	0.00879
13	0.00791	0.00662	0.00689	0.00695	0.00900	0.00560	0.00516	0.00966	0.01514	0.01839	0.11555	0.10495	0.63229	0.01667	0.00782	0.00224	0.00335	0.01403	0.00620	0.00560
14	0.05580	0.01574	0.01686	0.01379	0.01821	0.01749	0.01110	0.40072	0.23100	0.06559	0.02060	0.06894	0.01606	0.00900	0.00663	0.00210	0.00625	0.00717	0.00655	0.01040
15	0.05120	0.01590	0.02042	0.30362	0.21407	0.10253	0.01618	0.12200	0.01691	0.02253	0.01263	0.01629	0.00982	0.00664	0.00629	0.00200	0.00826	0.00559	0.03842	0.00869
16	0.01227	0.00614	0.00614	0.00614	0.00767	0.00614	0.00460	0.01534	0.01381	0.02454	0.02148	0.02454	0.01687	0.00767	0.00460	0.00153	0.00307	0.00614	0.80518	0.00614
17	0.01365	0.01170	0.01365	0.00975	0.01560	0.00878	0.00780	0.01658	0.01365	0.02145	0.01170	0.01365	0.00975	0.00488	0.00488	0.00098	0.00488	0.00390	0.00390	0.80888
18	0.00837	0.00666	0.00751	0.00736	0.00927	0.00580	0.00550	0.01057	0.01632	0.02104	0.31642	0.07824	0.45252	0.01556	0.00779	0.00218	0.00326	0.01328	0.00655	0.00580
19	0.01078	0.00667	0.00767	0.00745	0.00776	0.00658	0.00433	0.01093	0.01013	0.05610	0.02106	0.04184	0.02347	0.72283	0.03189	0.00612	0.00634	0.00940	0.00424	0.00442
20	0.02151	0.00946	0.01246	0.01032	0.01382	0.00880	0.00825	0.04106	0.01667	0.41855	0.06556	0.02562	0.01938	0.04756	0.11782	0.00342	0.00692	0.00704	0.13682	0.00897
21	0.00852	0.00621	0.00805	0.00877	0.00974	0.00573	0.00622	0.01043	0.01489	0.02015	0.26477	0.44348	0.10775	0.01784	0.00817	0.00245	0.00363	0.04105	0.00648	0.00568
22	0.02795	0.01375	0.01685	0.01292	0.01808	0.01345	0.01067	0.26908	0.02310	0.48911	0.02239	0.02008	0.01450	0.00806	0.00661	0.00202	0.00618	0.00638	0.00760	0.01120
23	0.00885	0.00673	0.00819	0.00845	0.00986	0.00625	0.00609	0.01168	0.04935	0.02110	0.29708	0.29873	0.21036	0.01648	0.00794	0.00232	0.00351	0.01452	0.00656	0.00596
24	0.01022	0.00832	0.01087	0.01078	0.01202	0.04712	0.00829	0.01244	0.01097	0.01522	0.01737	0.02583	0.01634	0.07690	0.67408	0.00993	0.01686	0.00701	0.00354	0.00589
25	0.01596	0.00897	0.01056	0.00919	0.01099	0.00888	0.00633	0.10201	0.01432	0.17671	0.02129	0.03505	0.02063	0.50359	0.02413	0.00486	0.00632	0.00846	0.00524	0.00650
26	0.01247	0.00742	0.00977	0.00907	0.01092	0.00709	0.00679	0.01473	0.01537	0.13615	0.29854	0.07861	0.09110	0.11501	0.15285	0.00429	0.00679	0.01033	0.00612	0.00658
27	0.01129	0.00987	0.01111	0.01013	0.01276	0.04467	0.04891	0.08992	0.01677	0.02063	0.04893	0.13126	0.43347	0.01508	0.00773	0.00229	0.00495	0.06786	0.00586	0.00652
28	0.01328	0.01207	0.01827	0.44897	0.03397	0.01436	0.04468	0.02110	0.18991	0.01982	0.01742	0.02356	0.01402	0.01004	0.04342	0.00268	0.00824	0.05207	0.00413	0.00801
29	0.01134	0.00575	0.00850	0.00850	0.00850	0.00575	0.00563	0.00863	0.00863	0.01151	0.01193	0.02124	0.01210	0.06246	0.02614	0.76588	0.00575	0.00592	0.00292	0.00292
30	0.29895	0.06695	0.01811	0.01579	0.10632	0.01823	0.01152	0.33397	0.02088	0.03306	0.01261	0.01373	0.00950	0.00687	0.00554	0.00196	0.00655	0.00493	0.00504	0.00950
31	0.22795	0.01552	0.06604	0.01519	0.01790	0.03628	0.07130	0.05391	0.01265	0.02172	0.01210	0.07550	0.01134	0.00965	0.01241	0.00245	0.32048	0.00632	0.00371	0.00757
32	0.06170	0.04459	0.01441	0.01099	0.01499	0.01186	0.00883	0.01805	0.10111	0.02100	0.01773	0.06850	0.05118	0.00962	0.03395	0.00198	0.10068	0.00619	0.00434	0.39830

[dist]
# distance from previous block
# <min> <max>
0	14

[block]
# block no. 3 follows, 33 sequences, length 21
# corresponding to MSA columns:
# 386-406
name=unknown_D
#
# <colnr> <probs for GDERKNQSTAVLIFYWHMCP>
#	G	D	E	R	K	N	Q	S	T	A	V	L	I	F	Y	W	H	M	C	P
0	0.01744	0.08311	0.01944	0.01434	0.05968	0.01340	0.07057	0.11373	0.04921	0.09377	0.01490	0.03342	0.01182	0.00636	0.00574	0.00152	0.00618	0.00538	0.00468	0.37532
1	0.00823	0.00676	0.00729	0.00737	0.00944	0.00582	0.00566	0.01019	0.01546	0.01900	0.14347	0.06264	0.58152	0.01642	0.00790	0.00228	0.00356	0.07507	0.00625	0.00568
2	0.01914	0.01556	0.01921	0.09437	0.12788	0.01759	0.01367	0.26319	0.23818	0.04539	0.01805	0.01884	0.01355	0.00802	0.00759	0.00214	0.05552	0.00639	0.00554	0.01018
3	0.01059	0.00743	0.00873	0.00840	0.00981	0.00716	0.00595	0.07358	0.01461	0.01907	0.13550	0.12471	0.23642	0.14326	0.01539	0.15279	0.00467	0.01118	0.00536	0.00538
4	0.01825	0.25236	0.18012	0.04983	0.09092	0.12829	0.01515	0.04509	0.01537	0.08397	0.01264	0.01493	0.01009	0.02811	0.02664	0.00215	0.00867	0.00489	0.00361	0.00890
5	0.07310	0.16570	0.02032	0.01467	0.01859	0.42249	0.01165	0.02626	0.15000	0.01905	0.01309	0.01397	0.01060	0.00693	0.00564	0.00177	0.00926	0.00467	0.00396	0.00828
6	0.00948	0.00649	0.00806	0.00820	0.00858	0.00675	0.00529	0.01028	0.01025	0.01416	0.02140	0.10424	0.02359	0.49111	0.21174	0.00696	0.00892	0.00966	0.03018	0.00467
7	0.01789	0.08960	0.02097	0.01621	0.03996	0.15086	0.12215	0.13930	0.06129	0.02354	0.04145	0.02452	0.01625	0.02904	0.00774	0.00215	0.03010	0.08060	0.07807	0.00831
8	0.01891	0.10117	0.08277	0.03845	0.12700	0.20188	0.03388	0.10497	0.14170	0.02247	0.01502	0.03794	0.01223	0.00747	0.00660	0.00195	0.02629	0.00584	0.00428	0.00918
9	0.00903	0.00709	0.00825	0.00822	0.01006	0.00653	0.00620	0.01224	0.05705	0.02150	0.29850	0.12561	0.33482	0.01553	0.00785	0.00226	0.00357	0.05303	0.00656	0.00609
10	0.01411	0.01224	0.01589	0.13828	0.06471	0.01120	0.01082	0.05671	0.01448	0.02146	0.01271	0.04043	0.01083	0.00620	0.00614	0.00143	0.03507	0.00505	0.00389	0.51835
11	0.00802	0.00573	0.00764	0.00917	0.00955	0.00535	0.00611	0.00917	0.01260	0.01681	0.03628	0.76434	0.04354	0.02062	0.00840	0.00267	0.00382	0.01872	0.00611	0.00535
12	0.00807	0.00585	0.00752	0.00883	0.00937	0.00542	0.00590	0.00921	0.01270	0.01671	0.03856	0.66174	0.10973	0.05505	0.00951	0.00280	0.00389	0.01781	0.00601	0.00530
13	0.07893	0.28072	0.12901	0.04055	0.08403	0.01856	0.01332	0.11954	0.01593	0.06206	0.01300	0.01647	0.01089	0.08143	0.00817	0.00224	0.00730	0.00514	0.00392	0.00880
14	0.01857	0.21652	0.02286	0.09273	0.08572	0.04656	0.03178	0.12202	0.01691	0.09713	0.01345	0.01561	0.01063	0.02813	0.00642	0.00179	0.00707	0.00506	0.00426	0.15678
15	0.02195	0.10805	0.03973	0.01493	0.01952	0.26304	0.01226	0.25115	0.12637	0.02650	0.01452	0.01506	0.01117	0.00725	0.00604	0.00182	0.00845	0.00520	0.00488	0.04211
16	0.01575	0.01053	0.01382	0.01430	0.10788	0.01037	0.00936	0.11656	0.01606	0.12551	0.05335	0.13075	0.02176	0.16891	0.08253	0.00372	0.00701	0.00878	0.00528	0.07777
17	0.08322	0.08502	0.01253	0.00932	0.01248	0.01156	0.00750	0.16011	0.01763	0.02386	0.04009	0.10986	0.34022	0.01276	0.00676	0.00209	0.00472	0.01038	0.04270	0.00719
18	0.01739	0.13824	0.01756	0.01210	0.01565	0.07909	0.00976	0.22742	0.09333	0.02465	0.02173	0.04466	0.08465	0.10508	0.07712	0.00325	0.00777	0.00722	0.00505	0.00828
19	0.01128	0.01474	0.16382	0.01323	0.01686	0.04244	0.07464	0.01449	0.01364	0.01834	0.05935	0.17481	0.12788	0.03874	0.09737	0.02629	0.02943	0.02761	0.00447	0.03058
20	0.01777	0.18579	0.01795	0.01181	0.01514	0.11006	0.00973	0.06959	0.01611	0.13862	0.04751	0.11123	0.02062	0.05807	0.07237	0.00302	0.00772	0.07400	0.00507	0.00784

[dist]
# distance from previous block
# <min> <max>
7	37

[block]
# block no. 4 follows, 33 sequences, length 11
# corresponding to MSA columns:
# 445-455
name=unknown_E
#
# <colnr> <probs for GDERKNQSTAVLIFYWHMCP>
#	G	D	E	R	K	N	Q	S	T	A	V	L	I	F	Y	W	H	M	C	P
0	0.01718	0.01545	0.01566	0.01424	0.04177	0.14403	0.02962	0.15449	0.08673	0.04744	0.13672	0.10640	0.04715	0.01078	0.00783	0.00212	0.04843	0.03656	0.00560	0.03182
1	0.01793	0.03883	0.01598	0.01311	0.01641	0.14162	0.01039	0.11868	0.11273	0.07727	0.09323	0.06612	0.05093	0.00967	0.00845	0.00202	0.10273	0.00732	0.00531	0.09124
2	0.01716	0.07323	0.01727	0.01471	0.05592	0.16592	0.03917	0.14440	0.04636	0.02260	0.09159	0.07528	0.04544	0.01153	0.00897	0.09400	0.00725	0.05670	0.00487	0.00764
3	0.05850	0.01589	0.05752	0.06403	0.06794	0.06770	0.05190	0.19865	0.08281	0.04881	0.01993	0.02533	0.04771	0.01308	0.08287	0.00302	0.00851	0.07193	0.00504	0.00883
4	0.06373	0.05065	0.01927	0.05450	0.06485	0.21681	0.05269	0.12887	0.16052	0.02381	0.01527	0.01685	0.01199	0.00997	0.05571	0.00250	0.00895	0.00565	0.00456	0.03284
5	0.13222	0.01652	0.06484	0.04395	0.01840	0.10144	0.03277	0.15966	0.12954	0.02649	0.08127	0.04877	0.05486	0.01115	0.04743	0.00254	0.00741	0.00707	0.00519	0.00848
6	0.01618	0.06669	0.02577	0.14819	0.53990	0.05081	0.01895	0.01993	0.01477	0.02012	0.01195	0.01589	0.00994	0.00601	0.00635	0.00194	0.00811	0.00563	0.00318	0.00968
7	0.00896	0.00665	0.00789	0.00823	0.00986	0.00604	0.00629	0.01121	0.01545	0.02051	0.21079	0.16197	0.30602	0.01604	0.00783	0.00233	0.00375	0.11739	0.06698	0.00580
8	0.05099	0.01194	0.01511	0.01229	0.01620	0.01180	0.06041	0.16957	0.06527	0.16467	0.10693	0.11399	0.09527	0.01059	0.00694	0.00207	0.00554	0.00906	0.00633	0.06504
9	0.01243	0.01170	0.01975	0.75282	0.04534	0.01463	0.01828	0.01682	0.01316	0.01682	0.01170	0.01755	0.00878	0.00658	0.00658	0.00219	0.00878	0.00585	0.00293	0.00731
10	0.02245	0.05015	0.01747	0.01321	0.01785	0.01621	0.01093	0.38255	0.08830	0.16964	0.02409	0.02498	0.07933	0.00927	0.00673	0.00206	0.00631	0.04159	0.00665	0.01022

[dist]
# distance from previous block
# <min> <max>
0	2

[block]
# block no. 5 follows, 33 sequences, length 56
# corresponding to MSA columns:
# 458-513
name=unknown_F
#
# <colnr> <probs for GDERKNQSTAVLIFYWHMCP>
#	G	D	E	R	K	N	Q	S	T	A	V	L	I	F	Y	W	H	M	C	P
0	0.00946	0.00656	0.00795	0.00799	0.00867	0.00636	0.00533	0.01074	0.01306	0.01777	0.23553	0.08135	0.05876	0.42250	0.02182	0.00451	0.00516	0.06622	0.00530	0.00494
1	0.01547	0.02530	0.39343	0.01655	0.02332	0.05506	0.03885	0.12946	0.06796	0.02472	0.09054	0.03989	0.01647	0.00802	0.00695	0.00209	0.02588	0.00644	0.00429	0.00931
2	0.01243	0.01036	0.01232	0.00950	0.01415	0.00804	0.00740	0.01516	0.01414	0.02150	0.10345	0.10933	0.02038	0.00786	0.00566	0.00132	0.00453	0.00670	0.00459	0.61119
3	0.01982	0.01481	0.01764	0.01535	0.09330	0.01429	0.01118	0.29727	0.02122	0.08707	0.01459	0.01551	0.01094	0.00647	0.00588	0.00157	0.00621	0.00515	0.00526	0.33645
4	0.01847	0.23947	0.04761	0.10069	0.18240	0.07558	0.05647	0.04150	0.01546	0.10391	0.01290	0.01499	0.01011	0.00622	0.00580	0.00178	0.00785	0.00512	0.00380	0.04986
5	0.01683	0.13440	0.35684	0.01895	0.06236	0.03969	0.09442	0.10446	0.01640	0.05515	0.01262	0.01455	0.00937	0.00652	0.00663	0.00199	0.03034	0.00526	0.00360	0.00960
6	0.00939	0.00619	0.00832	0.00958	0.01032	0.00579	0.00673	0.01079	0.01317	0.05431	0.03561	0.65966	0.04158	0.01974	0.00838	0.00267	0.00413	0.08171	0.00621	0.00572
7	0.01114	0.00917	0.01178	0.10534	0.10412	0.02765	0.00922	0.01340	0.01468	0.05837	0.04405	0.16708	0.37113	0.01398	0.00746	0.00224	0.00501	0.01203	0.00540	0.00672
8	0.06750	0.15214	0.03754	0.06550	0.02014	0.15831	0.06198	0.13750	0.01694	0.02186	0.01309	0.01623	0.01080	0.01482	0.14724	0.00350	0.01028	0.00535	0.03117	0.00809
9	0.01239	0.00997	0.05038	0.01009	0.01250	0.00890	0.00802	0.09133	0.06458	0.06202	0.08499	0.26404	0.15286	0.07014	0.03438	0.00287	0.00522	0.01216	0.03618	0.00698
10	0.00909	0.00672	0.00849	0.00805	0.00970	0.00612	0.00604	0.01199	0.01811	0.02515	0.62885	0.05123	0.15814	0.01392	0.00777	0.00209	0.00314	0.01219	0.00708	0.00612
11	0.00953	0.00655	0.00802	0.00802	0.00831	0.00684	0.00503	0.01011	0.00982	0.01338	0.01998	0.03884	0.02209	0.59159	0.20804	0.00742	0.00915	0.00895	0.00388	0.00445
12	0.01422	0.01273	0.01391	0.01013	0.01585	0.04695	0.00806	0.01708	0.01391	0.02117	0.01162	0.01356	0.00968	0.00497	0.00493	0.00101	0.00524	0.00392	0.00387	0.76718
13	0.01144	0.00572	0.00858	0.00858	0.00858	0.00572	0.00572	0.00858	0.00858	0.01144	0.01144	0.02001	0.01144	0.02287	0.02573	0.80846	0.00572	0.00572	0.00286	0.00286
14	0.00802	0.00573	0.00764	0.00917	0.00955	0.00535	0.00611	0.00917	0.01260	0.01681	0.03628	0.76434	0.04354	0.02062	0.00840	0.00267	0.00382	0.01872	0.00611	0.00535
15	0.09026	0.05553	0.01584	0.01260	0.05248	0.03495	0.00952	0.15421	0.01748	0.12419	0.01605	0.05157	0.01322	0.05112	0.00727	0.00192	0.00593	0.00581	0.02797	0.25206
16	0.01790	0.01485	0.04498	0.01881	0.06081	0.01401	0.22721	0.10848	0.04929	0.13343	0.01676	0.01994	0.01283	0.01155	0.08660	0.00294	0.03047	0.02200	0.00476	0.10239
17	0.00830	0.00585	0.00756	0.00881	0.00912	0.00553	0.00573	0.00924	0.01206	0.01608	0.03348	0.63409	0.04000	0.15570	0.01294	0.00334	0.00428	0.01706	0.00573	0.00510
18	0.01529	0.05629	0.10250	0.15740	0.42147	0.01608	0.09681	0.01977	0.01454	0.02027	0.01214	0.01612	0.00977	0.00598	0.00652	0.00201	0.00852	0.00585	0.00314	0.00954
19	0.01566	0.08391	0.16110	0.12088	0.03164	0.05465	0.35009	0.04611	0.01534	0.02037	0.01229	0.01596	0.00933	0.00613	0.00724	0.00210	0.02887	0.00632	0.00325	0.00877
20	0.01733	0.72708	0.07765	0.01173	0.01761	0.02539	0.01207	0.01978	0.01341	0.01582	0.00932	0.01077	0.00844	0.00567	0.00435	0.00145	0.00721	0.00360	0.00281	0.00853
21	0.00938	0.00691	0.00921	0.01016	0.01150	0.00674	0.00815	0.01173	0.01441	0.01892	0.09990	0.21463	0.14194	0.02138	0.08656	0.00355	0.00613	0.30707	0.00592	0.00583
22	0.01212	0.10766	0.16953	0.01383	0.05261	0.06462	0.01206	0.01503	0.01365	0.01795	0.04301	0.38063	0.02714	0.01353	0.00744	0.00227	0.02346	0.01168	0.00461	0.00716
23	0.01431	0.01180	0.01592	0.01610	0.10182	0.03855	0.07297	0.06123	0.10983	0.06722	0.02721	0.24177	0.08036	0.06380	0.00983	0.00259	0.04063	0.01089	0.00536	0.00782
24	0.01204	0.01050	0.01428	0.04944	0.12742	0.01138	0.01057	0.06155	0.01556	0.02102	0.15152	0.09387	0.23100	0.01270	0.01001	0.00229	0.14228	0.01024	0.00515	0.00720
25	0.01809	0.72107	0.03340	0.01166	0.01714	0.07583	0.01137	0.02017	0.01374	0.01553	0.00922	0.01065	0.00845	0.00571	0.00434	0.00143	0.00738	0.00357	0.00286	0.00839
26	0.01382	0.01187	0.01980	0.66448	0.07862	0.01433	0.01778	0.01806	0.01365	0.06679	0.01273	0.01782	0.00938	0.00665	0.00658	0.00217	0.00851	0.00590	0.00331	0.00774
27	0.01673	0.05300	0.01580	0.01288	0.01664	0.01615	0.01022	0.12222	0.49952	0.02866	0.11153	0.02573	0.02354	0.00919	0.00669	0.00214	0.00532	0.00759	0.00655	0.00990
28	0.02388	0.03020	0.01876	0.01698	0.02014	0.69202	0.01284	0.02556	0.01806	0.01609	0.01007	0.01205	0.00849	0.00711	0.00703	0.00178	0.06364	0.00435	0.00336	0.00760
29	0.00940	0.00705	0.01058	0.01058	0.01176	0.00823	0.00823	0.01176	0.01058	0.01528	0.01763	0.02586	0.01646	0.04937	0.74255	0.01058	0.01763	0.00705	0.00353	0.00588
30	0.01644	0.01705	0.02193	0.11835	0.41836	0.14759	0.01670	0.02019	0.03550	0.01973	0.01808	0.02087	0.08606	0.00736	0.00656	0.00197	0.00813	0.00646	0.00364	0.00902
31	0.00802	0.00573	0.00764	0.00917	0.00955	0.00535	0.00611	0.00917	0.01260	0.01681	0.03628	0.76434	0.04354	0.02062	0.00840	0.00267	0.00382	0.01872	0.00611	0.00535
32	0.01474	0.01519	0.01600	0.01439	0.01535	0.16406	0.01131	0.01625	0.01189	0.01537	0.01256	0.02020	0.01236	0.11738	0.18289	0.00483	0.33914	0.00624	0.00328	0.00657
33	0.02454	0.01820	0.01949	0.01505	0.02023	0.02019	0.01240	0.66823	0.06913	0.04071	0.01642	0.01629	0.01169	0.00796	0.00659	0.00199	0.00713	0.00601	0.00659	0.01115
34	0.00831	0.00602	0.00747	0.00842	0.00906	0.00560	0.00559	0.00943	0.01270	0.01669	0.06969	0.50551	0.13924	0.14915	0.01263	0.00322	0.00416	0.01612	0.00580	0.00518
35	0.01051	0.00628	0.00697	0.00705	0.00854	0.00598	0.00519	0.01316	0.01486	0.02309	0.18166	0.12828	0.12258	0.01174	0.00618	0.00188	0.00321	0.00999	0.42688	0.00598
36	0.01320	0.03405	0.73453	0.01876	0.02849	0.01529	0.02432	0.02085	0.01390	0.02085	0.01181	0.01390	0.00834	0.00625	0.00625	0.00208	0.00973	0.00486	0.00278	0.00973
37	0.00802	0.00573	0.00764	0.00917	0.00955	0.00535	0.00611	0.00917	0.01260	0.01681	0.03628	0.76434	0.04354	0.02062	0.00840	0.00267	0.00382	0.01872	0.00611	0.00535
38	0.00957	0.00638	0.00718	0.00718	0.00718	0.00638	0.00399	0.00957	0.00957	0.01276	0.02074	0.04308	0.02393	0.76864	0.03351	0.00638	0.00638	0.00957	0.00399	0.00399
39	0.01394	0.05060	0.55151	0.01991	0.06344	0.04037	0.07194	0.02047	0.01397	0.02021	0.01193	0.01461	0.00889	0.00797	0.03427	0.00240	0.03613	0.00518	0.00290	0.00936
40	0.00952	0.00659	0.00822	0.00822	0.00859	0.00695	0.00529	0.01024	0.00988	0.01354	0.01979	0.03779	0.02164	0.54777	0.25123	0.00767	0.00984	0.00880	0.00385	0.00457
41	0.00915	0.00654	0.00871	0.01004	0.01090	0.00631	0.00762	0.01094	0.01341	0.01761	0.03550	0.40756	0.06512	0.08555	0.01086	0.00312	0.00489	0.27474	0.00590	0.00551
42	0.29481	0.01422	0.06393	0.01159	0.01668	0.01314	0.01018	0.11114	0.01742	0.35762	0.01801	0.01701	0.01199	0.00729	0.00573	0.00203	0.00592	0.00537	0.00620	0.00972
43	0.01393	0.01733	0.16035	0.31143	0.26261	0.01491	0.01923	0.01954	0.05455	0.01979	0.01449	0.01823	0.03171	0.00673	0.00654	0.00210	0.00828	0.00600	0.00332	0.00893
44	0.01189	0.00847	0.00959	0.00894	0.01119	0.00859	0.00682	0.01842	0.18081	0.04446	0.31430	0.03982	0.13330	0.01157	0.00687	0.00202	0.00369	0.00986	0.16216	0.00723
45	0.01093	0.00702	0.00842	0.00838	0.01035	0.00616	0.00623	0.01277	0.01524	0.11123	0.12873	0.25792	0.34048	0.01637	0.00784	0.00233	0.00382	0.03293	0.00651	0.00632
46	0.00816	0.00653	0.00729	0.00742	0.00920	0.00567	0.00544	0.01006	0.01542	0.01953	0.20662	0.17120	0.47112	0.01659	0.00788	0.00226	0.00336	0.01422	0.00636	0.00567
47	0.01554	0.01776	0.03885	0.02775	0.03441	0.01665	0.70366	0.02109	0.01554	0.02109	0.01332	0.01776	0.00999	0.00555	0.00777	0.00222	0.01110	0.00777	0.00333	0.00888
48	0.01760	0.77260	0.03450	0.01126	0.01690	0.02605	0.01126	0.01971	0.01338	0.01549	0.00915	0.01056	0.00845	0.00563	0.00422	0.00141	0.00704	0.00352	0.00282	0.00845
49	0.00853	0.00623	0.00775	0.00877	0.00956	0.00581	0.00613	0.00982	0.01289	0.01672	0.03931	0.44220	0.16464	0.13357	0.01220	0.00320	0.00439	0.09722	0.00578	0.00527
50	0.02106	0.01226	0.01909	0.27013	0.16841	0.01255	0.01471	0.02451	0.01614	0.34639	0.01839	0.01953	0.01256	0.00716	0.00659	0.00207	0.00713	0.00621	0.00539	0.00972
51	0.01009	0.00765	0.01074	0.01043	0.01114	0.00900	0.00779	0.01155	0.01019	0.01457	0.01709	0.02840	0.01713	0.21408	0.46200	0.04552	0.09621	0.00744	0.00353	0.00544
52	0.00802	0.00573	0.00764	0.00917	0.00955	0.00535	0.00611	0.00917	0.01260	0.01681	0.03628	0.76434	0.04354	0.02062	0.00840	0.00267	0.00382	0.01872	0.00611	0.00535
53	0.01738	0.02121	0.16081	0.01777	0.02322	0.12207	0.16629	0.15968	0.06797	0.02468	0.05140	0.02164	0.07647	0.00812	0.00731	0.00208	0.03141	0.00697	0.00454	0.00897
54	0.01404	0.01214	0.03443	0.01380	0.01701	0.05270	0.18668	0.04336	0.03635	0.02275	0.01973	0.10136	0.01698	0.00858	0.00650	0.00193	0.02436	0.00780	0.37223	0.00728
55	0.01722	0.01660	0.01796	0.01614	0.03778	0.10284	0.01259	0.07427	0.30435	0.02270	0.01694	0.01846	0.01359	0.00948	0.01212	0.00238	0.28453	0.00629	0.00479	0.00896

[dist]
# distance from previous block
# <min> <max>
0	2

[block]
# block no. 6 follows, 33 sequences, length 12
# corresponding to MSA columns:
# 516-527
name=unknown_G
#
# <colnr> <probs for GDERKNQSTAVLIFYWHMCP>
#	G	D	E	R	K	N	Q	S	T	A	V	L	I	F	Y	W	H	M	C	P
0	0.15221	0.06441	0.01585	0.01313	0.01642	0.22737	0.02738	0.11897	0.01729	0.03980	0.01847	0.16934	0.01831	0.01047	0.00643	0.00210	0.00750	0.06210	0.00481	0.00765
1	0.01276	0.09247	0.14857	0.01641	0.02085	0.04731	0.19738	0.01645	0.01423	0.01889	0.04946	0.29008	0.02382	0.01157	0.00729	0.00225	0.00750	0.01082	0.00436	0.00753
2	0.00802	0.00573	0.00764	0.00917	0.00955	0.00535	0.00611	0.00917	0.01260	0.01681	0.03628	0.76434	0.04354	0.02062	0.00840	0.00267	0.00382	0.01872	0.00611	0.00535
3	0.01365	0.01170	0.01365	0.00975	0.01560	0.00878	0.00780	0.01658	0.01365	0.02145	0.01170	0.01365	0.00975	0.00488	0.00488	0.00098	0.00488	0.00390	0.00390	0.80888
4	0.02036	0.02073	0.01902	0.09088	0.03976	0.32592	0.05252	0.05271	0.04682	0.09472	0.01379	0.01634	0.01089	0.01155	0.07915	0.00283	0.08421	0.00553	0.00409	0.00819
5	0.00849	0.00628	0.00754	0.00794	0.00923	0.00562	0.00564	0.00977	0.01420	0.01829	0.16290	0.28368	0.31979	0.01803	0.00979	0.08352	0.00369	0.01429	0.00598	0.00533
6	0.01133	0.01062	0.01940	0.06641	0.02049	0.01013	0.24258	0.01493	0.01595	0.02180	0.27957	0.16589	0.06899	0.01176	0.00780	0.00225	0.00634	0.01141	0.00537	0.00700
7	0.02091	0.06470	0.18842	0.01624	0.04760	0.04683	0.01499	0.30569	0.10362	0.10127	0.01644	0.01660	0.01178	0.00741	0.00636	0.00199	0.00762	0.00571	0.00539	0.01043
8	0.01122	0.00975	0.00913	0.00923	0.01003	0.10906	0.00609	0.01220	0.01291	0.01621	0.12091	0.23311	0.03232	0.35662	0.01934	0.00413	0.00601	0.01160	0.00493	0.00517
9	0.00866	0.00675	0.00794	0.00810	0.00989	0.00603	0.00623	0.01093	0.01597	0.02063	0.26171	0.10899	0.37840	0.01617	0.00800	0.00232	0.00368	0.10732	0.00645	0.00581
10	0.01737	0.01228	0.01701	0.16996	0.12567	0.01307	0.01300	0.15975	0.03560	0.12417	0.09039	0.05897	0.02082	0.00948	0.00695	0.00216	0.00653	0.07280	0.03519	0.00882
11	0.06914	0.09553	0.15755	0.06826	0.30028	0.03470	0.06934	0.06369	0.04058	0.02234	0.01245	0.01524	0.00984	0.00621	0.00617	0.00197	0.00819	0.00545	0.00350	0.00956

[dist]
# distance from previous block
# <min> <max>
0	1

[block]
# block no. 7 follows, 33 sequences, length 20
# corresponding to MSA columns:
# 529-548
name=unknown_H
#
# <colnr> <probs for GDERKNQSTAVLIFYWHMCP>
#	G	D	E	R	K	N	Q	S	T	A	V	L	I	F	Y	W	H	M	C	P
0	0.04106	0.00874	0.00936	0.00926	0.01006	0.05033	0.00630	0.03390	0.01178	0.01626	0.02177	0.17884	0.02404	0.36983	0.10826	0.00521	0.04011	0.01013	0.03950	0.00528
1	0.04657	0.04499	0.01106	0.00947	0.01205	0.13113	0.00727	0.04460	0.01671	0.02062	0.17846	0.07232	0.35423	0.01321	0.00713	0.00207	0.00515	0.01082	0.00567	0.00647
2	0.01368	0.01157	0.01512	0.01127	0.01632	0.00946	0.06407	0.01699	0.05378	0.02050	0.01267	0.01543	0.01058	0.00746	0.00787	0.10405	0.00551	0.00465	0.00388	0.59515
3	0.01641	0.26451	0.15404	0.10882	0.13642	0.08903	0.10419	0.02045	0.01448	0.01831	0.01106	0.01393	0.00898	0.00599	0.00584	0.00184	0.00883	0.00502	0.00301	0.00882
4	0.00822	0.00581	0.00758	0.00891	0.00925	0.00548	0.00584	0.00922	0.01222	0.01629	0.03430	0.67243	0.04104	0.11595	0.01160	0.00315	0.00415	0.01755	0.00584	0.00517
5	0.01079	0.04085	0.01002	0.02689	0.01014	0.00775	0.02315	0.01148	0.01087	0.04542	0.02230	0.14707	0.02493	0.53278	0.04411	0.00531	0.00646	0.01034	0.00438	0.00496
6	0.11688	0.06442	0.10320	0.03722	0.07646	0.03785	0.17734	0.04987	0.06363	0.02197	0.01774	0.02209	0.06224	0.03325	0.00847	0.00230	0.06007	0.03266	0.00399	0.00835
7	0.02187	0.03897	0.01981	0.03632	0.02086	0.30126	0.05114	0.26201	0.04495	0.02577	0.01460	0.04916	0.01222	0.00829	0.00725	0.00199	0.04665	0.02324	0.00475	0.00889
8	0.09838	0.17912	0.24032	0.01371	0.01960	0.01613	0.02906	0.04176	0.05493	0.07072	0.04546	0.01879	0.01359	0.04536	0.00755	0.00215	0.02776	0.02271	0.00405	0.04885
9	0.01696	0.11628	0.20359	0.01827	0.07588	0.03881	0.08756	0.08181	0.05728	0.08058	0.01642	0.02235	0.01365	0.00824	0.00757	0.00214	0.05697	0.08219	0.00428	0.00918
10	0.00979	0.00637	0.00771	0.00771	0.00783	0.00649	0.00464	0.00967	0.00955	0.01285	0.01924	0.03838	0.02158	0.60014	0.10493	0.10902	0.00745	0.00882	0.00380	0.00404
11	0.01651	0.01549	0.02161	0.06568	0.35471	0.10628	0.05401	0.01957	0.01500	0.06878	0.01697	0.14439	0.01606	0.00897	0.00760	0.00212	0.04530	0.00801	0.00407	0.00884
12	0.14358	0.01539	0.02078	0.05993	0.10164	0.06969	0.15451	0.11095	0.05734	0.09022	0.01664	0.08051	0.01393	0.02719	0.00722	0.00222	0.00762	0.00713	0.00474	0.00878
13	0.03676	0.00905	0.01064	0.04639	0.01285	0.02758	0.00753	0.05818	0.03155	0.05437	0.08117	0.06812	0.09919	0.24780	0.14131	0.00491	0.02482	0.02668	0.00490	0.00619
14	0.06466	0.06184	0.09963	0.13556	0.28678	0.06660	0.06614	0.04934	0.04716	0.02153	0.01315	0.01725	0.01068	0.00661	0.00635	0.00202	0.00828	0.02366	0.00357	0.00918
15	0.01834	0.12988	0.10591	0.01415	0.04210	0.01603	0.03111	0.21614	0.06855	0.09225	0.07476	0.02303	0.08279	0.00843	0.00635	0.00191	0.00654	0.00677	0.00538	0.04957
16	0.03625	0.11498	0.22268	0.01518	0.05061	0.03844	0.05382	0.05549	0.04414	0.05933	0.05600	0.06111	0.08736	0.03055	0.02596	0.00234	0.00751	0.00725	0.00435	0.02664
17	0.08033	0.03422	0.07669	0.04213	0.04519	0.07380	0.06575	0.01606	0.01417	0.01947	0.02344	0.16259	0.02467	0.05067	0.00873	0.00263	0.00700	0.22251	0.00471	0.02525
18	0.01739	0.06809	0.02782	0.07331	0.10012	0.09179	0.29299	0.07394	0.07118	0.04340	0.01426	0.01777	0.01119	0.02679	0.00828	0.03328	0.00915	0.00655	0.00393	0.00878
19	0.01628	0.05292	0.01928	0.19774	0.05641	0.08197	0.06079	0.13767	0.10570	0.02310	0.01962	0.07757	0.05283	0.00881	0.00669	0.00207	0.00747	0.02484	0.00465	0.04358

[dist]
# distance from previous block
# <min> <max>
6	132

[block]
# block no. 8 follows, 33 sequences, length 61
# corresponding to MSA columns:
# 681-741
name=unknown_I
#
# <colnr> <probs for GDERKNQSTAVLIFYWHMCP>
#	G	D	E	R	K	N	Q	S	T	A	V	L	I	F	Y	W	H	M	C	P
0	0.04625	0.21895	0.14077	0.01448	0.01936	0.30145	0.01337	0.04016	0.01581	0.01792	0.01368	0.01553	0.04504	0.00997	0.05867	0.00237	0.00989	0.00487	0.00340	0.00804
1	0.04855	0.09032	0.11106	0.02057	0.11459	0.05564	0.17059	0.16148	0.06006	0.02528	0.03445	0.01783	0.03064	0.00695	0.00649	0.00198	0.00825	0.00623	0.00430	0.02474
2	0.01127	0.03564	0.01021	0.00902	0.01117	0.03313	0.00689	0.04788	0.03276	0.04925	0.25848	0.14673	0.25504	0.02898	0.00808	0.00228	0.00424	0.03611	0.00633	0.00651
3	0.04113	0.01093	0.03120	0.01127	0.03546	0.04632	0.00834	0.07971	0.03216	0.05144	0.06518	0.27078	0.02621	0.04683	0.03412	0.00254	0.00562	0.01039	0.07949	0.11086
4	0.09049	0.04692	0.10798	0.04297	0.05881	0.07604	0.09602	0.15488	0.01756	0.02458	0.05819	0.12349	0.01738	0.00924	0.00739	0.00214	0.04519	0.00773	0.00455	0.00844
5	0.01512	0.10188	0.06242	0.17003	0.37193	0.02877	0.03594	0.01894	0.01427	0.01940	0.01341	0.03541	0.01182	0.00715	0.00693	0.00205	0.03160	0.04059	0.00332	0.00903
6	0.01070	0.03682	0.03559	0.01010	0.01217	0.05301	0.00832	0.01325	0.01584	0.02056	0.25228	0.10592	0.19431	0.02574	0.00871	0.00239	0.03392	0.14819	0.00590	0.00626
7	0.06334	0.22163	0.44201	0.01599	0.02379	0.06073	0.01881	0.04728	0.01454	0.02051	0.01103	0.01281	0.00841	0.00618	0.00560	0.00188	0.00879	0.00445	0.00305	0.00918
8	0.05890	0.13126	0.26379	0.01499	0.02143	0.04063	0.01556	0.22263	0.05704	0.05239	0.04951	0.01640	0.01275	0.00723	0.00605	0.00195	0.00772	0.00545	0.00461	0.00969
9	0.13882	0.01482	0.02144	0.17504	0.19404	0.05215	0.09507	0.05377	0.01424	0.02141	0.01186	0.01607	0.00968	0.00982	0.05905	0.00274	0.09247	0.00572	0.00348	0.00831
10	0.00937	0.00653	0.00801	0.00808	0.00849	0.00674	0.00517	0.01008	0.01023	0.01382	0.02301	0.07331	0.05823	0.52060	0.20416	0.00703	0.00886	0.00960	0.00408	0.00459
11	0.01219	0.05558	0.01177	0.01030	0.01255	0.06078	0.00795	0.07652	0.06945	0.02082	0.07840	0.25460	0.20879	0.01505	0.00756	0.00232	0.00504	0.07768	0.00587	0.00678
12	0.01551	0.14303	0.38305	0.01915	0.06541	0.07948	0.09092	0.03937	0.01480	0.01995	0.01288	0.01513	0.02765	0.00665	0.00678	0.00199	0.04075	0.00527	0.00312	0.00913
13	0.00812	0.00607	0.00758	0.00872	0.00963	0.00553	0.00610	0.00950	0.01335	0.01722	0.04373	0.54960	0.21188	0.01950	0.00829	0.00258	0.00383	0.05720	0.00611	0.00544
14	0.05725	0.01768	0.01801	0.01423	0.01903	0.06172	0.01161	0.52027	0.07593	0.07233	0.01676	0.01674	0.01203	0.00783	0.00635	0.00196	0.00699	0.00588	0.04689	0.01050
15	0.01689	0.01503	0.02347	0.25309	0.37202	0.04584	0.04301	0.06121	0.01583	0.07086	0.01327	0.01694	0.01028	0.00639	0.00657	0.00203	0.00821	0.00592	0.00371	0.00940
16	0.01528	0.08498	0.02423	0.32292	0.35194	0.05270	0.01823	0.01910	0.01429	0.01879	0.01170	0.01605	0.00948	0.00618	0.00630	0.00199	0.00834	0.00556	0.00309	0.00885
17	0.01043	0.00692	0.00865	0.00919	0.01008	0.00675	0.00626	0.01275	0.06188	0.05977	0.06004	0.43299	0.03596	0.20525	0.01444	0.00352	0.00471	0.03885	0.00579	0.00578
18	0.02023	0.01308	0.01493	0.01264	0.01669	0.01400	0.01004	0.10038	0.38935	0.22302	0.09005	0.02536	0.02204	0.00903	0.00676	0.00214	0.00533	0.00748	0.00714	0.01033
19	0.01449	0.01267	0.01664	0.01554	0.05965	0.01370	0.08779	0.04981	0.38968	0.02468	0.06286	0.17628	0.02511	0.01097	0.00721	0.00229	0.00570	0.00988	0.00602	0.00901
20	0.01381	0.08098	0.50859	0.01787	0.02490	0.01725	0.02095	0.01953	0.01292	0.01923	0.01084	0.01379	0.00842	0.00752	0.00991	0.00223	0.19443	0.00499	0.00281	0.00901
21	0.02429	0.03075	0.01852	0.01683	0.02023	0.71576	0.01264	0.02660	0.04406	0.01653	0.01078	0.01233	0.00890	0.00686	0.00596	0.00172	0.01163	0.00436	0.00351	0.00773
22	0.01147	0.08037	0.01687	0.01229	0.01560	0.01065	0.14976	0.01552	0.06466	0.02103	0.17557	0.07074	0.25822	0.01181	0.00721	0.00209	0.00536	0.01056	0.05321	0.00701
23	0.01425	0.01255	0.01919	0.44018	0.14814	0.01442	0.01600	0.10805	0.01568	0.02063	0.01630	0.02170	0.05322	0.06241	0.00859	0.00243	0.00792	0.00661	0.00373	0.00799
24	0.00809	0.00578	0.00770	0.00912	0.00956	0.00539	0.00612	0.00933	0.01291	0.01730	0.07148	0.72775	0.04449	0.02026	0.00837	0.00264	0.00378	0.01837	0.00617	0.00539
25	0.05413	0.02091	0.02094	0.01664	0.02127	0.19884	0.08392	0.38109	0.02406	0.05514	0.01388	0.01499	0.01028	0.00750	0.00721	0.00198	0.04667	0.00562	0.00522	0.00971
26	0.01589	0.05867	0.14805	0.02370	0.05426	0.03876	0.41001	0.04606	0.05890	0.02149	0.01342	0.01672	0.01021	0.00632	0.00784	0.00216	0.04822	0.00672	0.00351	0.00911
