[name]
unknown

[dist]
# distance from previous block
# <min> <max>
12	253

[block]
# block no. 0 follows, 34 sequences, length 6
# corresponding to MSA columns:
# 260-265
name=unknown_A
#
# <colnr> <probs for GDERKNQSTAVLIFYWHMCP>
#	G	D	E	R	K	N	Q	S	T	A	V	L	I	F	Y	W	H	M	C	P
0	0.04522	0.09774	0.06475	0.03196	0.03392	0.04450	0.04968	0.19412	0.01846	0.11729	0.01763	0.06832	0.03242	0.00891	0.02470	0.00204	0.00691	0.00642	0.03826	0.09673
1	0.01796	0.18088	0.12715	0.01552	0.04403	0.10393	0.08175	0.09726	0.05778	0.07478	0.01403	0.01684	0.01132	0.06646	0.00793	0.00212	0.00790	0.00543	0.00408	0.06285
2	0.04061	0.01381	0.05968	0.01399	0.03358	0.06092	0.08158	0.08197	0.07450	0.08018	0.13294	0.11711	0.07350	0.03679	0.00899	0.00231	0.06535	0.00903	0.00532	0.00783
3	0.01213	0.07014	0.01498	0.04433	0.09288	0.04976	0.02872	0.03790	0.01341	0.01805	0.04805	0.05896	0.08861	0.02586	0.31686	0.00547	0.01092	0.00762	0.04852	0.00683
4	0.05378	0.05606	0.09026	0.04984	0.09488	0.08907	0.03952	0.20068	0.06506	0.02512	0.01713	0.09396	0.01526	0.01016	0.03108	0.00234	0.00778	0.04458	0.00469	0.00877
5	0.01496	0.01096	0.01312	0.01200	0.05069	0.01046	0.00876	0.05333	0.18174	0.10451	0.08017	0.12854	0.07179	0.00990	0.00647	0.00186	0.00481	0.00847	0.00575	0.22169

[dist]
# distance from previous block
# <min> <max>
0	2

[block]
# block no. 1 follows, 34 sequences, length 33
# corresponding to MSA columns:
# 268-300
name=unknown_B
#
# <colnr> <probs for GDERKNQSTAVLIFYWHMCP>
#	G	D	E	R	K	N	Q	S	T	A	V	L	I	F	Y	W	H	M	C	P
0	0.08805	0.14537	0.13973	0.03636	0.07491	0.07303	0.05729	0.02099	0.06017	0.06749	0.01457	0.01789	0.01172	0.00683	0.00566	0.00183	0.00719	0.03560	0.06975	0.06558
1	0.04853	0.10039	0.04516	0.00959	0.01267	0.01072	0.00809	0.08432	0.03335	0.05169	0.25842	0.09755	0.19089	0.01209	0.00685	0.00203	0.00454	0.01012	0.00588	0.00712
2	0.03904	0.16312	0.14441	0.01437	0.01999	0.10945	0.03897	0.21914	0.04324	0.02507	0.01527	0.01620	0.04655	0.00703	0.00580	0.00177	0.00770	0.00529	0.00432	0.07327
3	0.04070	0.01068	0.01483	0.07409	0.04807	0.01096	0.06712	0.07089	0.07620	0.04873	0.06605	0.24694	0.06410	0.01184	0.00765	0.00217	0.03930	0.01039	0.00521	0.08408
4	0.01846	0.27804	0.14101	0.04810	0.05708	0.09280	0.01388	0.13815	0.01717	0.06038	0.02800	0.01414	0.01051	0.00644	0.00549	0.00170	0.00769	0.00473	0.00391	0.05233
5	0.01523	0.22524	0.32612	0.01559	0.02234	0.01787	0.05998	0.07480	0.09717	0.02119	0.01436	0.05687	0.01182	0.00716	0.00590	0.00192	0.00790	0.00574	0.00369	0.00911
6	0.01179	0.00804	0.00989	0.00934	0.01134	0.00786	0.00700	0.03459	0.10982	0.08403	0.37520	0.19093	0.08728	0.01368	0.00749	0.00218	0.00379	0.01201	0.00680	0.00697
7	0.00900	0.00670	0.00988	0.01014	0.01116	0.00759	0.00772	0.01110	0.01073	0.01526	0.02048	0.15411	0.02076	0.04357	0.61933	0.00904	0.01496	0.00890	0.00390	0.00568
8	0.03518	0.01221	0.03295	0.11807	0.06115	0.03369	0.08583	0.11135	0.01504	0.02031	0.02027	0.11350	0.07203	0.02987	0.06541	0.09222	0.04637	0.02328	0.00422	0.00705
9	0.01289	0.03927	0.04723	0.01181	0.01394	0.03687	0.00978	0.07181	0.01294	0.05347	0.01659	0.04278	0.01518	0.07008	0.44025	0.00715	0.08045	0.00680	0.00391	0.00680
10	0.01672	0.01124	0.01286	0.01118	0.01445	0.01185	0.00876	0.10235	0.27825	0.14395	0.19031	0.06167	0.05223	0.01025	0.00681	0.00208	0.00471	0.00865	0.04276	0.00892
11	0.00843	0.00630	0.00791	0.00904	0.00983	0.00604	0.00619	0.01082	0.06292	0.01734	0.03800	0.64365	0.11132	0.01903	0.00807	0.00255	0.00380	0.01710	0.00604	0.00562
12	0.01420	0.01375	0.02362	0.16729	0.45439	0.01405	0.07923	0.01800	0.01443	0.01977	0.01863	0.02200	0.09788	0.00716	0.00667	0.00202	0.00760	0.00688	0.00349	0.00895
13	0.00821	0.00621	0.00758	0.00799	0.00927	0.00558	0.00571	0.01010	0.01497	0.01980	0.26702	0.32745	0.25296	0.01683	0.00786	0.00230	0.00338	0.01482	0.00636	0.00558
14	0.00822	0.00619	0.00763	0.00820	0.00940	0.00560	0.00587	0.01004	0.01462	0.01927	0.22186	0.36624	0.23619	0.01729	0.00794	0.00236	0.00351	0.03775	0.00628	0.00555
15	0.00814	0.00604	0.00760	0.00831	0.00932	0.00550	0.00581	0.00984	0.01428	0.01900	0.21261	0.45558	0.17875	0.01776	0.00798	0.00239	0.00348	0.01581	0.00627	0.00550
16	0.00807	0.00571	0.00744	0.00874	0.00907	0.00538	0.00573	0.00905	0.01198	0.01597	0.03361	0.67358	0.04021	0.11881	0.01147	0.00310	0.00408	0.01719	0.00573	0.00507
17	0.01425	0.15793	0.59515	0.01693	0.02565	0.01659	0.02121	0.02066	0.01373	0.04467	0.01164	0.01338	0.00848	0.00610	0.00582	0.00193	0.00896	0.00461	0.00292	0.00939
18	0.00923	0.00692	0.01038	0.01038	0.01154	0.00808	0.00808	0.01154	0.01038	0.01500	0.01731	0.02538	0.01615	0.04846	0.74732	0.01038	0.01731	0.00692	0.00346	0.00577
19	0.00888	0.00733	0.00769	0.00755	0.00980	0.00659	0.00578	0.04174	0.03971	0.01917	0.08149	0.08154	0.59367	0.01581	0.00763	0.00222	0.00365	0.04777	0.00607	0.00591
20	0.02360	0.02752	0.01834	0.01628	0.01956	0.59816	0.01245	0.07391	0.01849	0.05452	0.01105	0.01266	0.00892	0.00718	0.00716	0.00180	0.07225	0.00452	0.00375	0.00788
21	0.04529	0.03079	0.63483	0.01950	0.05828	0.01509	0.06665	0.02039	0.01369	0.02084	0.01161	0.01386	0.00833	0.00607	0.00616	0.00205	0.00937	0.00495	0.00283	0.00942
22	0.01340	0.01148	0.01340	0.00957	0.01531	0.00861	0.00766	0.01627	0.01340	0.02105	0.01148	0.01340	0.00957	0.00479	0.00479	0.00096	0.00479	0.00383	0.00383	0.81242
23	0.01247	0.01188	0.02044	0.69973	0.06896	0.01448	0.04799	0.01681	0.01309	0.01686	0.01158	0.01719	0.00872	0.00639	0.00651	0.00215	0.00868	0.00582	0.00290	0.00736
24	0.00940	0.00626	0.00705	0.00705	0.00705	0.00626	0.00392	0.00940	0.00940	0.01253	0.02036	0.04228	0.02349	0.77292	0.03289	0.00626	0.00626	0.00940	0.00392	0.00392
25	0.01437	0.01382	0.02349	0.42310	0.12410	0.03665	0.14323	0.01843	0.01368	0.04448	0.01208	0.01686	0.00929	0.00666	0.00789	0.00217	0.07249	0.00606	0.00318	0.00798
26	0.01561	0.07472	0.05249	0.16727	0.21083	0.04832	0.11047	0.08938	0.04439	0.02192	0.06830	0.01971	0.03401	0.00707	0.00651	0.00198	0.00786	0.00646	0.00394	0.00876
27	0.01639	0.01569	0.04626	0.10209	0.16465	0.08350	0.07452	0.07921	0.15280	0.05189	0.03922	0.02284	0.03509	0.03515	0.02762	0.00243	0.00777	0.02944	0.00460	0.00883
28	0.05557	0.06465	0.06803	0.01409	0.05438	0.01203	0.07474	0.05273	0.01357	0.12086	0.03006	0.02192	0.01439	0.09812	0.18091	0.07065	0.03523	0.00645	0.00420	0.00741
29	0.01301	0.01105	0.03426	0.06210	0.07611	0.03042	0.05908	0.03353	0.05224	0.06409	0.26007	0.10512	0.03260	0.01200	0.03173	0.00233	0.00592	0.03957	0.00549	0.06927
30	0.07619	0.03705	0.05264	0.17463	0.06096	0.06141	0.14311	0.04653	0.01517	0.08099	0.05911	0.03629	0.04069	0.00886	0.03326	0.00229	0.00805	0.00665	0.00416	0.05195
31	0.04540	0.03876	0.08980	0.04668	0.06615	0.01293	0.04259	0.12979	0.08553	0.06143	0.11302	0.09257	0.04054	0.00907	0.00649	0.00195	0.00605	0.00775	0.00518	0.09832
32	0.13889	0.04783	0.05464	0.09437	0.05899	0.12539	0.06297	0.14601	0.08037	0.02484	0.03660	0.03418	0.01244	0.00716	0.00597	0.00192	0.00754	0.00572	0.00439	0.04978

[dist]
# distance from previous block
# <min> <max>
6	49

[block]
# block no. 2 follows, 34 sequences, length 6
# corresponding to MSA columns:
# 350-355
name=unknown_C
#
# <colnr> <probs for GDERKNQSTAVLIFYWHMCP>
#	G	D	E	R	K	N	Q	S	T	A	V	L	I	F	Y	W	H	M	C	P
0	0.01344	0.04648	0.01692	0.09046	0.01860	0.01057	0.12621	0.05267	0.01310	0.04624	0.01686	0.06969	0.01620	0.05313	0.01426	0.26170	0.00688	0.08622	0.00395	0.03641
1	0.01062	0.00912	0.01010	0.00999	0.01096	0.04943	0.00725	0.01272	0.05323	0.01624	0.03112	0.22280	0.15162	0.21326	0.01618	0.00347	0.11030	0.05105	0.00490	0.00564
2	0.16462	0.04831	0.04302	0.09681	0.05265	0.09311	0.08804	0.17975	0.01721	0.02485	0.01248	0.01611	0.01011	0.05680	0.00823	0.02900	0.00768	0.00541	0.00412	0.04168
3	0.06445	0.01791	0.06076	0.03977	0.15244	0.12792	0.01340	0.17894	0.05496	0.06683	0.04431	0.03761	0.01349	0.00764	0.00696	0.00194	0.04581	0.00595	0.00468	0.05424
4	0.20290	0.14864	0.02039	0.07284	0.06359	0.15569	0.05254	0.08380	0.04529	0.07970	0.01243	0.01390	0.00957	0.00646	0.00545	0.00185	0.00762	0.00478	0.00413	0.00844
5	0.07479	0.06615	0.04463	0.05660	0.05183	0.04350	0.04092	0.11375	0.15338	0.02334	0.02523	0.08182	0.12731	0.03854	0.00743	0.00220	0.00616	0.00800	0.00500	0.02946

[dist]
# distance from previous block
# <min> <max>
1	15

[block]
# block no. 3 follows, 34 sequences, length 27
# corresponding to MSA columns:
# 371-397
name=unknown_D
#
# <colnr> <probs for GDERKNQSTAVLIFYWHMCP>
#	G	D	E	R	K	N	Q	S	T	A	V	L	I	F	Y	W	H	M	C	P
0	0.03921	0.23887	0.04485	0.07846	0.05680	0.07633	0.01195	0.12829	0.07979	0.05752	0.04421	0.06408	0.01460	0.00773	0.00578	0.00182	0.00689	0.00604	0.00446	0.03231
1	0.09804	0.14444	0.12817	0.01333	0.03894	0.04331	0.01203	0.10404	0.10697	0.05472	0.05752	0.01914	0.03408	0.01124	0.07491	0.00266	0.00762	0.00577	0.00453	0.03853
2	0.07441	0.01304	0.03816	0.04379	0.03840	0.03455	0.04518	0.14646	0.09823	0.05961	0.04566	0.09656	0.05334	0.05483	0.00831	0.00239	0.00621	0.08528	0.00536	0.05020
3	0.04022	0.14142	0.07342	0.01320	0.01770	0.08992	0.01153	0.24002	0.09855	0.05701	0.01705	0.01874	0.03534	0.04251	0.07278	0.00280	0.00811	0.00582	0.00489	0.00897
4	0.01458	0.07550	0.56600	0.01746	0.02560	0.05726	0.02102	0.05551	0.03755	0.02090	0.01189	0.01379	0.00873	0.00652	0.00668	0.00202	0.04172	0.00483	0.00308	0.00935
5	0.12042	0.01554	0.11066	0.08579	0.10364	0.01397	0.05395	0.10727	0.03533	0.11691	0.05473	0.04821	0.04537	0.00823	0.00720	0.00210	0.05044	0.00671	0.00475	0.00875
6	0.01701	0.19404	0.12158	0.10997	0.10136	0.04431	0.05513	0.07337	0.03681	0.08848	0.01610	0.01780	0.05134	0.00715	0.00660	0.00192	0.03852	0.00571	0.00396	0.00884
7	0.01648	0.01074	0.01448	0.01189	0.01548	0.01029	0.08508	0.12990	0.03681	0.18214	0.06542	0.09627	0.22710	0.01171	0.00718	0.00214	0.00540	0.03517	0.02821	0.00811
8	0.00901	0.00674	0.00915	0.01064	0.04630	0.00636	0.00740	0.01110	0.01454	0.01958	0.20418	0.37936	0.09828	0.01709	0.00807	0.00247	0.00413	0.13363	0.00612	0.00584
9	0.01575	0.07630	0.05494	0.06929	0.18523	0.08871	0.26245	0.02041	0.04535	0.01955	0.01509	0.01934	0.03749	0.00686	0.00724	0.00205	0.03480	0.02702	0.00349	0.00864
10	0.01708	0.03704	0.01992	0.06934	0.20955	0.02800	0.07464	0.06223	0.04631	0.15139	0.05833	0.04909	0.01652	0.01364	0.11449	0.00323	0.00853	0.00701	0.00476	0.00889
11	0.01042	0.00781	0.00917	0.00931	0.01097	0.00783	0.00684	0.01541	0.15279	0.03523	0.14465	0.28060	0.15101	0.05632	0.00896	0.00255	0.00411	0.05165	0.02789	0.00650
12	0.01188	0.00899	0.01291	0.06279	0.14439	0.00899	0.00997	0.04448	0.03614	0.05870	0.05312	0.40911	0.06139	0.01467	0.00754	0.00236	0.00508	0.03494	0.00547	0.00706
13	0.01418	0.04387	0.01803	0.12043	0.11299	0.03563	0.06006	0.01831	0.05562	0.04171	0.07066	0.03969	0.03476	0.00700	0.00598	0.00164	0.00627	0.00616	0.00417	0.30283
14	0.03959	0.01291	0.05933	0.05024	0.18511	0.01174	0.03434	0.08861	0.03208	0.13198	0.05122	0.07180	0.14840	0.00977	0.00676	0.00207	0.00604	0.02221	0.02720	0.00859
15	0.00799	0.00571	0.00763	0.00913	0.00955	0.00535	0.00620	0.00920	0.01248	0.01662	0.03555	0.73716	0.04248	0.02013	0.00828	0.00264	0.00385	0.04878	0.00600	0.00528
16	0.06732	0.02452	0.42714	0.06298	0.13266	0.01434	0.01946	0.02132	0.04942	0.07875	0.01483	0.01652	0.02934	0.00665	0.00615	0.00204	0.00819	0.00540	0.00360	0.00939
17	0.12256	0.06864	0.09778	0.06347	0.11325	0.13506	0.05110	0.09955	0.09724	0.04446	0.01429	0.03963	0.01143	0.00709	0.00598	0.00195	0.00781	0.00566	0.00421	0.00884
18	0.01164	0.01015	0.01637	0.15005	0.16421	0.01149	0.03162	0.01511	0.03155	0.01701	0.01508	0.02142	0.01330	0.02888	0.40165	0.00651	0.03696	0.00647	0.00336	0.00717
19	0.00786	0.00568	0.00744	0.00885	0.00933	0.00526	0.00593	0.00901	0.01251	0.01655	0.03735	0.72746	0.08286	0.02002	0.00821	0.00260	0.00372	0.01809	0.00600	0.00526
20	0.01898	0.01543	0.01753	0.13030	0.04656	0.10832	0.03474	0.19668	0.10096	0.10579	0.01714	0.02006	0.01324	0.01337	0.10984	0.00319	0.00904	0.02489	0.00504	0.00889
21	0.07470	0.10468	0.02228	0.08685	0.20579	0.05910	0.09254	0.07759	0.01563	0.04793	0.01603	0.09313	0.01474	0.00832	0.00643	0.00204	0.00745	0.05220	0.00411	0.00848
22	0.00846	0.00654	0.00771	0.00751	0.00925	0.00579	0.00560	0.01083	0.01653	0.02195	0.42006	0.08675	0.34005	0.01485	0.00766	0.00212	0.00317	0.01280	0.00660	0.00579
23	0.02205	0.01203	0.01435	0.01176	0.01599	0.01205	0.00946	0.10667	0.21864	0.36138	0.05898	0.02659	0.08210	0.00916	0.00667	0.00206	0.00527	0.00751	0.00720	0.01007
24	0.10100	0.00776	0.00893	0.04620	0.01251	0.00761	0.00766	0.01230	0.01455	0.02002	0.10117	0.05634	0.33468	0.01491	0.00758	0.00240	0.00457	0.22819	0.00569	0.00593
25	0.22101	0.04660	0.01871	0.08411	0.12080	0.30772	0.04121	0.02154	0.01481	0.02011	0.01020	0.01277	0.00835	0.00646	0.00619	0.00189	0.04179	0.00454	0.00339	0.00778
26	0.01498	0.01981	0.18522	0.08415	0.32791	0.04653	0.15664	0.01986	0.01474	0.02049	0.03923	0.01688	0.01141	0.00615	0.00661	0.00201	0.00880	0.00607	0.00324	0.00928

[dist]
# distance from previous block
# <min> <max>
0	2

[block]
# block no. 4 follows, 34 sequences, length 20
# corresponding to MSA columns:
# 400-419
name=unknown_E
#
# <colnr> <probs for GDERKNQSTAVLIFYWHMCP>
#	G	D	E	R	K	N	Q	S	T	A	V	L	I	F	Y	W	H	M	C	P
0	0.04569	0.05169	0.01380	0.01344	0.10097	0.07170	0.00918	0.09076	0.01715	0.02284	0.22592	0.03549	0.19009	0.01404	0.06675	0.00265	0.00627	0.00899	0.00534	0.00723
1	0.01500	0.11711	0.01973	0.07350	0.24265	0.03840	0.01288	0.07453	0.03675	0.04611	0.05448	0.18789	0.03436	0.00999	0.00659	0.00204	0.00637	0.00876	0.00454	0.00832
2	0.01234	0.00741	0.00916	0.00843	0.01077	0.00649	0.00639	0.01458	0.01627	0.15497	0.27523	0.14555	0.25667	0.01394	0.00742	0.00212	0.00372	0.01201	0.00668	0.02985
3	0.03175	0.08801	0.05395	0.09780	0.05122	0.03858	0.10764	0.14646	0.06892	0.06141	0.01462	0.03653	0.01151	0.00674	0.00606	0.00180	0.00726	0.00581	0.00442	0.15952
4	0.02110	0.23001	0.05532	0.01502	0.01952	0.40131	0.02784	0.08049	0.04100	0.01852	0.01089	0.01230	0.00897	0.00642	0.00548	0.00164	0.00951	0.00431	0.00353	0.02681
5	0.03217	0.13111	0.29924	0.04944	0.02236	0.01494	0.04347	0.07427	0.01553	0.10759	0.03122	0.04219	0.04482	0.00738	0.00603	0.00190	0.00750	0.00594	0.00413	0.05875
6	0.01475	0.04025	0.03840	0.02791	0.06263	0.19529	0.01086	0.04628	0.04572	0.01877	0.02546	0.15701	0.07326	0.04186	0.00820	0.00241	0.00717	0.17193	0.00482	0.00700
7	0.00975	0.00774	0.01022	0.01035	0.01076	0.00881	0.00743	0.01134	0.03233	0.01564	0.02511	0.37381	0.02877	0.17902	0.09435	0.00424	0.14752	0.01256	0.00472	0.00551
8	0.01231	0.01068	0.01786	0.56156	0.09109	0.01280	0.01578	0.01525	0.01222	0.01588	0.01149	0.01758	0.00923	0.00940	0.00997	0.15373	0.00798	0.00572	0.00288	0.00660
9	0.04988	0.01225	0.02021	0.58871	0.17184	0.01455	0.01780	0.01724	0.01317	0.01794	0.01150	0.01669	0.00884	0.00631	0.00634	0.00210	0.00827	0.00564	0.00298	0.00774
10	0.02276	0.01636	0.01747	0.01359	0.01824	0.01802	0.01116	0.61086	0.02796	0.03833	0.01631	0.01675	0.01179	0.00772	0.00618	0.00188	0.00652	0.00585	0.12198	0.01027
11	0.00799	0.00595	0.00766	0.00870	0.00951	0.00562	0.00604	0.00935	0.01258	0.01650	0.03903	0.54824	0.16822	0.02287	0.09585	0.00346	0.00527	0.01612	0.00570	0.00535
12	0.01058	0.00765	0.00955	0.00985	0.01118	0.00759	0.00720	0.10607	0.01613	0.02178	0.16259	0.47997	0.04140	0.01704	0.00793	0.00245	0.00424	0.06429	0.00627	0.00624
13	0.01565	0.01500	0.02560	0.10506	0.66992	0.01526	0.01966	0.01953	0.01455	0.02069	0.01209	0.01610	0.01009	0.00582	0.00640	0.00194	0.00776	0.00576	0.00317	0.00996
14	0.00923	0.00636	0.00792	0.00854	0.00895	0.00632	0.00578	0.01014	0.01115	0.01482	0.02637	0.21584	0.03022	0.42787	0.05139	0.00497	0.00607	0.13861	0.00476	0.00468
15	0.01057	0.00906	0.01109	0.01094	0.01229	0.07425	0.00847	0.01282	0.01109	0.01507	0.01665	0.02415	0.01545	0.04472	0.68091	0.00960	0.01680	0.00668	0.00345	0.00592
16	0.09373	0.02466	0.01602	0.01473	0.01771	0.54193	0.01116	0.02251	0.01616	0.01686	0.01127	0.01412	0.00967	0.01442	0.14445	0.00333	0.01210	0.00462	0.00341	0.00712
17	0.01926	0.56682	0.02973	0.01228	0.01754	0.09026	0.01142	0.14942	0.01683	0.02003	0.01030	0.01145	0.00880	0.00605	0.00473	0.00151	0.00738	0.00396	0.00351	0.00872
18	0.01086	0.02683	0.01050	0.01008	0.01188	0.03132	0.00787	0.05914	0.04537	0.02026	0.12913	0.20361	0.14433	0.01999	0.10901	0.00348	0.00645	0.13786	0.00569	0.00634
19	0.00888	0.00623	0.00784	0.00825	0.00866	0.00633	0.00537	0.00972	0.01059	0.01429	0.02539	0.24162	0.04945	0.39205	0.17093	0.00596	0.00772	0.01152	0.00447	0.00471

[dist]
# distance from previous block
# <min> <max>
9	14

[block]
# block no. 5 follows, 34 sequences, length 19
# corresponding to MSA columns:
# 434-452
name=unknown_F
#
# <colnr> <probs for GDERKNQSTAVLIFYWHMCP>
#	G	D	E	R	K	N	Q	S	T	A	V	L	I	F	Y	W	H	M	C	P
0	0.01190	0.00803	0.00973	0.00882	0.01112	0.00707	0.00652	0.01362	0.01321	0.08235	0.07580	0.09238	0.09594	0.24867	0.01496	0.00329	0.00512	0.09885	0.00511	0.18752
1	0.01326	0.06825	0.65275	0.01795	0.02661	0.01587	0.02254	0.02005	0.01334	0.01985	0.01124	0.01352	0.00821	0.00648	0.00714	0.00207	0.06404	0.00477	0.00274	0.00931
2	0.01379	0.21300	0.52446	0.01602	0.02411	0.01705	0.01970	0.01970	0.01379	0.01950	0.05322	0.01488	0.01132	0.00641	0.00574	0.00188	0.00852	0.00486	0.00300	0.00904
3	0.00820	0.00610	0.00770	0.00871	0.00969	0.00560	0.00625	0.00979	0.01362	0.01775	0.09638	0.48302	0.19253	0.01859	0.00814	0.00252	0.00383	0.09007	0.00608	0.00544
4	0.00804	0.00645	0.00711	0.00716	0.00893	0.00560	0.00524	0.00986	0.01503	0.01895	0.19958	0.13631	0.48922	0.04293	0.00860	0.00234	0.00338	0.01360	0.00616	0.00551
5	0.17444	0.00804	0.00863	0.00844	0.01076	0.00790	0.00667	0.01349	0.01489	0.05314	0.20798	0.08802	0.25129	0.01355	0.00706	0.00224	0.00407	0.10723	0.00594	0.00622
6	0.01100	0.00934	0.01207	0.05347	0.01451	0.05239	0.02810	0.04812	0.01275	0.01706	0.02186	0.21461	0.03783	0.03116	0.37309	0.00632	0.03617	0.00971	0.00426	0.00620
7	0.00940	0.00626	0.00705	0.00705	0.00705	0.00626	0.00392	0.00940	0.00940	0.01253	0.02036	0.04228	0.02349	0.77292	0.03289	0.00626	0.00626	0.00940	0.00392	0.00392
8	0.01817	0.01383	0.01498	0.01277	0.01667	0.01534	0.01012	0.19573	0.41877	0.08115	0.07314	0.02545	0.05645	0.00915	0.00667	0.00211	0.00539	0.00751	0.00666	0.00994
9	0.01683	0.01689	0.02534	0.07663	0.56944	0.09085	0.04850	0.04035	0.01546	0.02085	0.01203	0.01566	0.00995	0.00593	0.00640	0.00192	0.00826	0.00567	0.00329	0.00974
10	0.02017	0.01101	0.01333	0.01098	0.01480	0.01077	0.00880	0.11295	0.12933	0.31821	0.16733	0.03105	0.10261	0.01003	0.00685	0.00205	0.00492	0.00834	0.00719	0.00931
11	0.02554	0.01162	0.01487	0.01173	0.01622	0.01088	0.00955	0.15006	0.02016	0.52020	0.06425	0.07659	0.01959	0.00914	0.00668	0.00204	0.00552	0.00753	0.00753	0.01030
12	0.02362	0.02279	0.02081	0.01681	0.02136	0.32086	0.09347	0.29719	0.02275	0.07788	0.01365	0.01460	0.01010	0.00705	0.00634	0.00186	0.00932	0.00539	0.00490	0.00927
13	0.25787	0.02002	0.01563	0.01597	0.09576	0.31147	0.01120	0.07352	0.01615	0.02245	0.01309	0.05441	0.01180	0.00780	0.00570	0.00194	0.00815	0.04533	0.00404	0.00771
14	0.01322	0.03007	0.60553	0.01837	0.02690	0.03704	0.08028	0.02005	0.01425	0.02073	0.06303	0.01638	0.01210	0.00660	0.00636	0.00204	0.00926	0.00549	0.00311	0.00917
15	0.00806	0.00595	0.00757	0.00866	0.00949	0.00546	0.00605	0.00950	0.01333	0.01748	0.09035	0.55809	0.16291	0.01894	0.00813	0.00252	0.00373	0.05231	0.00608	0.00538
16	0.01835	0.01732	0.01838	0.01890	0.14805	0.17591	0.04787	0.14428	0.13001	0.04199	0.06303	0.07124	0.01792	0.00866	0.00660	0.00200	0.00742	0.02593	0.02727	0.00887
17	0.01599	0.01535	0.02623	0.03966	0.73262	0.01535	0.01983	0.01983	0.01471	0.02111	0.01215	0.01599	0.01023	0.00576	0.00640	0.00192	0.00768	0.00576	0.00320	0.01023
18	0.01085	0.00768	0.01103	0.01063	0.01226	0.00729	0.05715	0.03310	0.01471	0.06173	0.15560	0.33385	0.06303	0.08010	0.01010	0.00277	0.00485	0.11117	0.00595	0.00615

[dist]
# distance from previous block
# <min> <max>
1	4

[block]
# block no. 6 follows, 34 sequences, length 24
# corresponding to MSA columns:
# 457-480
name=unknown_G
#
# <colnr> <probs for GDERKNQSTAVLIFYWHMCP>
#	G	D	E	R	K	N	Q	S	T	A	V	L	I	F	Y	W	H	M	C	P
0	0.01081	0.01014	0.03855	0.01143	0.05378	0.03071	0.03426	0.03346	0.07862	0.02200	0.26408	0.08323	0.27800	0.01295	0.00736	0.00212	0.00452	0.01119	0.00595	0.00684
1	0.17004	0.10119	0.19432	0.01846	0.15553	0.05886	0.01490	0.05649	0.07300	0.04974	0.01367	0.04264	0.01106	0.00690	0.00569	0.00195	0.00730	0.00538	0.00393	0.00896
2	0.02127	0.31237	0.02384	0.01399	0.01824	0.38240	0.01164	0.05131	0.01658	0.05104	0.01082	0.01228	0.00905	0.00775	0.03030	0.00188	0.00956	0.00417	0.00347	0.00805
3	0.12076	0.01037	0.01235	0.03648	0.01458	0.01060	0.04529	0.08147	0.09378	0.04417	0.14298	0.07191	0.14626	0.06458	0.00853	0.00237	0.00509	0.02914	0.00555	0.05378
4	0.01655	0.01527	0.02709	0.13663	0.18566	0.01534	0.26990	0.09569	0.01636	0.06065	0.01334	0.01674	0.01013	0.00613	0.00706	0.00200	0.02458	0.00634	0.00383	0.07070
5	0.05502	0.03497	0.21291	0.04119	0.15335	0.05011	0.12535	0.08154	0.01605	0.08547	0.01605	0.04965	0.03477	0.00723	0.00647	0.00203	0.00820	0.00643	0.00404	0.00917
6	0.01380	0.04947	0.52176	0.01611	0.02378	0.05760	0.01925	0.02047	0.05210	0.04423	0.01938	0.02031	0.09884	0.00763	0.00628	0.00203	0.00844	0.00600	0.00356	0.00897
7	0.00795	0.00577	0.00751	0.00874	0.00934	0.00533	0.00592	0.00927	0.01302	0.01731	0.09272	0.65766	0.09680	0.01939	0.00815	0.00254	0.00366	0.01748	0.00609	0.00533
8	0.01052	0.01001	0.06660	0.01095	0.01238	0.00993	0.00889	0.01320	0.04528	0.01533	0.01712	0.02813	0.01698	0.25859	0.34527	0.00714	0.10681	0.00737	0.00362	0.00588
9	0.05621	0.01679	0.07879	0.07915	0.14758	0.06393	0.05747	0.16717	0.08484	0.04505	0.07318	0.01914	0.01517	0.00751	0.00682	0.00201	0.03022	0.00625	0.03363	0.00909
10	0.01424	0.02058	0.20908	0.02339	0.02988	0.01574	0.45248	0.01969	0.01430	0.02004	0.01343	0.05213	0.01087	0.00677	0.00833	0.00222	0.06767	0.00728	0.00323	0.00863
11	0.00967	0.00749	0.00896	0.00880	0.01064	0.00725	0.00671	0.01413	0.10506	0.02268	0.36420	0.11433	0.20714	0.01441	0.00766	0.00222	0.00368	0.07200	0.00659	0.00638
12	0.04471	0.05680	0.05437	0.01557	0.07316	0.01650	0.03301	0.35432	0.05605	0.12862	0.01684	0.01774	0.01233	0.02959	0.00693	0.00204	0.00670	0.00590	0.05886	0.00996
13	0.01278	0.01186	0.05089	0.12401	0.10642	0.03323	0.03202	0.07106	0.01381	0.01925	0.01698	0.09497	0.01581	0.05149	0.22671	0.00471	0.03558	0.00748	0.06375	0.00720
14	0.00940	0.00626	0.00705	0.00705	0.00705	0.00626	0.00392	0.00940	0.00940	0.01253	0.02036	0.04228	0.02349	0.77292	0.03289	0.00626	0.00626	0.00940	0.00392	0.00392
15	0.00893	0.00745	0.00790	0.00771	0.00991	0.00689	0.00580	0.01285	0.10534	0.01977	0.14813	0.08606	0.51979	0.01514	0.00753	0.00218	0.00350	0.01277	0.00622	0.00614
16	0.09986	0.39039	0.05633	0.03972	0.05648	0.15791	0.01197	0.04114	0.01457	0.04155	0.01059	0.01270	0.00902	0.02688	0.00566	0.00175	0.00777	0.00418	0.00333	0.00818
17	0.00964	0.00705	0.00923	0.01093	0.06505	0.00655	0.00717	0.01123	0.01333	0.04404	0.03925	0.36542	0.20810	0.09051	0.01035	0.00283	0.00447	0.08338	0.00565	0.00584
18	0.00795	0.00595	0.00738	0.00832	0.00924	0.00538	0.00574	0.00939	0.01355	0.01769	0.11380	0.52421	0.21072	0.01859	0.00804	0.00246	0.00356	0.01654	0.00611	0.00538
19	0.00948	0.00803	0.00890	0.00847	0.01084	0.00755	0.02352	0.03374	0.10867	0.01939	0.05398	0.13710	0.51613	0.01528	0.00753	0.00223	0.00388	0.01297	0.00602	0.00631
20	0.01757	0.17842	0.14463	0.06527	0.08003	0.06792	0.06428	0.16662	0.08666	0.02365	0.01407	0.03772	0.01129	0.00701	0.00602	0.00190	0.00790	0.00568	0.00412	0.00923
21	0.00856	0.00600	0.00766	0.00864	0.00945	0.00563	0.00609	0.01021	0.01346	0.01837	0.12132	0.49315	0.09576	0.04252	0.00870	0.00258	0.00382	0.06734	0.06529	0.00544
22	0.05983	0.00919	0.01109	0.01029	0.01271	0.00915	0.00776	0.09553	0.06621	0.16365	0.13022	0.33738	0.03294	0.01380	0.00726	0.00227	0.00454	0.01204	0.00653	0.00760
23	0.01642	0.07512	0.01702	0.07922	0.08409	0.05161	0.01047	0.05889	0.01503	0.09765	0.01502	0.01688	0.03733	0.00716	0.00665	0.04816	0.00614	0.00504	0.00420	0.34790

[dist]
# distance from previous block
# <min> <max>
1	5

[block]
# block no. 7 follows, 34 sequences, length 25
# corresponding to MSA columns:
# 486-510
name=unknown_H
#
# <colnr> <probs for GDERKNQSTAVLIFYWHMCP>
#	G	D	E	R	K	N	Q	S	T	A	V	L	I	F	Y	W	H	M	C	P
0	0.07047	0.06101	0.01607	0.06331	0.01818	0.05332	0.01028	0.18321	0.12155	0.08803	0.01719	0.01950	0.01336	0.00748	0.00583	0.00181	0.00612	0.03577	0.07004	0.13746
1	0.05977	0.04596	0.01681	0.05738	0.01890	0.05448	0.03027	0.14958	0.09251	0.15015	0.03094	0.01713	0.01280	0.00681	0.00582	0.00169	0.00623	0.00540	0.00526	0.23211
2	0.05972	0.11261	0.16802	0.01717	0.11179	0.09179	0.01424	0.10105	0.10098	0.02296	0.01393	0.03597	0.01127	0.00680	0.00577	0.00180	0.00740	0.00530	0.00404	0.10740
3	0.00938	0.00712	0.00867	0.00882	0.00972	0.00729	0.00617	0.03709	0.01245	0.01640	0.03375	0.27993	0.17823	0.21662	0.08951	0.00424	0.05161	0.01262	0.00503	0.00533
4	0.04305	0.03942	0.01463	0.03310	0.15740	0.01059	0.01004	0.05577	0.03761	0.12290	0.21755	0.03500	0.17578	0.01051	0.00684	0.00201	0.00500	0.00898	0.00579	0.00801
5	0.01730	0.01660	0.10737	0.01953	0.16101	0.06245	0.06817	0.11447	0.04305	0.11138	0.01968	0.12221	0.03148	0.00907	0.00674	0.00206	0.00717	0.03061	0.00488	0.04477
6	0.01434	0.01358	0.02254	0.35109	0.38920	0.01496	0.01843	0.01926	0.05665	0.01946	0.01272	0.01702	0.01010	0.00625	0.00644	0.00204	0.00793	0.00584	0.00326	0.00890
7	0.00785	0.00572	0.00739	0.00873	0.00930	0.00527	0.00588	0.00903	0.01263	0.01660	0.03885	0.69197	0.11738	0.01982	0.00818	0.00258	0.00370	0.01785	0.00600	0.00527
8	0.01630	0.01804	0.06828	0.15289	0.18060	0.14727	0.07815	0.06222	0.06737	0.02021	0.01463	0.07655	0.01270	0.00785	0.00735	0.00207	0.04855	0.00670	0.00379	0.00849
9	0.01775	0.17236	0.19052	0.01686	0.02297	0.05734	0.15948	0.08309	0.04257	0.10624	0.01419	0.01593	0.01065	0.00892	0.05096	0.00241	0.00902	0.00559	0.00403	0.00911
10	0.00942	0.00709	0.01016	0.01018	0.01131	0.00810	0.00790	0.01159	0.01094	0.01560	0.02124	0.05410	0.05748	0.06614	0.57596	0.00866	0.04107	0.03800	0.02935	0.00573
11	0.01628	0.04447	0.06918	0.09733	0.48556	0.01536	0.04711	0.02117	0.05694	0.06412	0.01363	0.01665	0.01079	0.00614	0.00637	0.00196	0.00770	0.00582	0.00362	0.00983
12	0.05882	0.18682	0.16597	0.01668	0.10257	0.05786	0.04005	0.11138	0.04025	0.02262	0.06466	0.01991	0.07096	0.00756	0.00593	0.00187	0.00726	0.00601	0.00410	0.00872
13	0.02011	0.04294	0.01705	0.03694	0.01837	0.06276	0.01097	0.37239	0.14658	0.05831	0.04452	0.06611	0.05575	0.00916	0.00657	0.00201	0.00648	0.00730	0.00606	0.00960
14	0.00994	0.02515	0.01042	0.00956	0.01099	0.00754	0.04501	0.03669	0.01366	0.01800	0.11425	0.20853	0.13523	0.23440	0.01508	0.00350	0.00516	0.08603	0.00531	0.00554
15	0.10424	0.04971	0.09281	0.02817	0.41513	0.06171	0.01691	0.08852	0.04185	0.02347	0.01234	0.01491	0.00991	0.00617	0.00599	0.00191	0.00763	0.00528	0.00367	0.00964
16	0.01424	0.05904	0.01774	0.03940	0.14944	0.04844	0.04061	0.04321	0.01502	0.02111	0.08011	0.05909	0.04152	0.00730	0.00588	0.00155	0.00600	0.00631	0.00416	0.33984
17	0.15406	0.02981	0.06625	0.13446	0.06149	0.04877	0.07128	0.16043	0.11352	0.02588	0.01386	0.01579	0.01050	0.00691	0.00650	0.00202	0.03269	0.00551	0.00438	0.03588
18	0.13983	0.09717	0.13663	0.10182	0.19897	0.05794	0.01514	0.06484	0.01519	0.02255	0.07932	0.01709	0.01377	0.00680	0.00584	0.00192	0.00734	0.00548	0.00376	0.00858
19	0.11650	0.03827	0.01651	0.07539	0.04898	0.09813	0.03063	0.09879	0.10253	0.06196	0.05865	0.04490	0.01531	0.00976	0.03986	0.00233	0.05226	0.00620	0.00470	0.07835
20	0.04469	0.03226	0.04351	0.13165	0.06675	0.07445	0.03661	0.14186	0.07412	0.04759	0.08289	0.02278	0.03383	0.08275	0.00894	0.00235	0.00700	0.00667	0.00471	0.05460
21	0.08620	0.05900	0.04507	0.04142	0.07077	0.03372	0.01037	0.09456	0.09980	0.03607	0.04305	0.16751	0.02037	0.03805	0.00733	0.00216	0.00584	0.03246	0.00494	0.10132
22	0.05884	0.01593	0.04915	0.15905	0.17874	0.09586	0.03784	0.08493	0.05817	0.03783	0.01614	0.05142	0.03884	0.00941	0.03541	0.00239	0.05111	0.00649	0.00402	0.00844
23	0.04741	0.01644	0.03775	0.14092	0.16724	0.07626	0.05939	0.18605	0.04957	0.04684	0.01540	0.01764	0.03680	0.00729	0.00717	0.00201	0.04788	0.00598	0.00436	0.02759
24	0.01323	0.01237	0.01728	0.15220	0.22108	0.05238	0.01344	0.01670	0.04038	0.01846	0.01932	0.09819	0.05709	0.03380	0.05483	0.00274	0.05633	0.04384	0.00393	0.07241

[dist]
# distance from previous block
# <min> <max>
3	30

[block]
# block no. 8 follows, 34 sequences, length 63
# corresponding to MSA columns:
# 541-603
name=unknown_I
#
# <colnr> <probs for GDERKNQSTAVLIFYWHMCP>
#	G	D	E	R	K	N	Q	S	T	A	V	L	I	F	Y	W	H	M	C	P
0	0.12245	0.01655	0.03572	0.04121	0.04464	0.11007	0.03926	0.20998	0.08347	0.02704	0.04806	0.04575	0.01421	0.00873	0.02672	0.00210	0.00722	0.00602	0.00488	0.10593
1	0.11908	0.05141	0.01606	0.01513	0.09555	0.18030	0.02995	0.06416	0.04399	0.06275	0.05396	0.10327	0.09060	0.00935	0.00624	0.00194	0.00683	0.00756	0.00473	0.03712
2	0.04215	0.04422	0.05498	0.01322	0.04070	0.05470	0.06612	0.11182	0.03529	0.02309	0.09531	0.18447	0.05624	0.01054	0.00660	0.00197	0.00591	0.00915	0.04129	0.10225
3	0.09229	0.01157	0.01381	0.09370	0.03693	0.03687	0.03347	0.08363	0.10937	0.09572	0.16572	0.05804	0.12218	0.01017	0.00672	0.00208	0.00549	0.00857	0.00574	0.00792
4	0.03842	0.15118	0.18867	0.01450	0.04367	0.03462	0.03865	0.06274	0.09618	0.06749	0.01991	0.02302	0.07237	0.00806	0.00609	0.00192	0.00696	0.05205	0.00440	0.06909
5	0.01695	0.10004	0.01810	0.01518	0.08467	0.15246	0.03889	0.06742	0.03670	0.07947	0.17781	0.05231	0.04303	0.00921	0.00698	0.00191	0.03257	0.02236	0.00502	0.03893
6	0.01599	0.02525	0.01586	0.01427	0.05452	0.07599	0.04241	0.14007	0.21701	0.02533	0.08950	0.08093	0.07404	0.00983	0.00720	0.00206	0.03344	0.00816	0.03733	0.03084
7	0.01407	0.01191	0.01431	0.11938	0.09960	0.06138	0.01074	0.09642	0.07423	0.04935	0.14982	0.10659	0.14371	0.01102	0.00700	0.00210	0.00579	0.00944	0.00542	0.00770
8	0.01632	0.01516	0.02647	0.10883	0.38062	0.01536	0.17527	0.06984	0.03766	0.04831	0.03348	0.01779	0.01194	0.00629	0.00673	0.00202	0.00818	0.00643	0.00380	0.00953
9	0.01340	0.01148	0.01340	0.00957	0.01531	0.00861	0.00766	0.01627	0.01340	0.02105	0.01148	0.01340	0.00957	0.00479	0.00479	0.00096	0.00479	0.00383	0.00383	0.81242
10	0.02037	0.07858	0.01786	0.01349	0.01788	0.04706	0.01095	0.24089	0.35285	0.09904	0.02081	0.01961	0.01526	0.00803	0.00630	0.00201	0.00618	0.00632	0.00623	0.01027
11	0.00947	0.00626	0.00727	0.00727	0.00732	0.00632	0.00419	0.00945	0.00940	0.01258	0.01979	0.04045	0.02258	0.70440	0.06583	0.04377	0.00675	0.00911	0.00384	0.00395
12	0.01494	0.01461	0.02062	0.25294	0.31742	0.08318	0.01646	0.01986	0.07523	0.01996	0.06226	0.02090	0.01478	0.00726	0.00655	0.00204	0.00774	0.03089	0.00376	0.00860
13	0.00859	0.00651	0.00785	0.00826	0.00950	0.00607	0.00584	0.01105	0.04727	0.01930	0.21066	0.34373	0.21624	0.05734	0.00918	0.00254	0.00366	0.01457	0.00619	0.00567
14	0.01934	0.15828	0.10535	0.01900	0.09715	0.05480	0.11563	0.27523	0.04747	0.02709	0.01332	0.01484	0.01014	0.00661	0.00614	0.00188	0.00810	0.00550	0.00442	0.00973
15	0.01544	0.26393	0.39242	0.01740	0.05792	0.04393	0.05550	0.04828	0.01446	0.01952	0.01099	0.01294	0.00852	0.00598	0.00561	0.00182	0.00868	0.00458	0.00296	0.00913
16	0.00792	0.00656	0.00694	0.00684	0.00890	0.00558	0.00513	0.00982	0.01540	0.01905	0.19050	0.05956	0.60396	0.01577	0.00763	0.00215	0.00323	0.01327	0.00621	0.00558
17	0.01767	0.01406	0.01634	0.01575	0.09929	0.01509	0.01114	0.18966	0.32194	0.04998	0.02077	0.05464	0.01633	0.00823	0.00634	0.00196	0.00572	0.00685	0.03339	0.09483
18	0.01350	0.01285	0.01782	0.01551	0.01569	0.01763	0.01280	0.01506	0.01031	0.01623	0.01104	0.05048	0.01098	0.01279	0.04575	0.00299	0.64043	0.00632	0.06497	0.00686
19	0.02160	0.01315	0.01519	0.01223	0.01640	0.01353	0.01001	0.34432	0.02325	0.21833	0.07957	0.04118	0.07566	0.00978	0.00678	0.00205	0.00580	0.05012	0.03144	0.00960
20	0.13950	0.01660	0.04545	0.04768	0.16147	0.07448	0.01288	0.23033	0.07748	0.04785	0.04662	0.01779	0.01335	0.03251	0.00695	0.00210	0.00700	0.00581	0.00490	0.00923
21	0.00973	0.00698	0.01010	0.00998	0.01124	0.00783	0.00768	0.01191	0.01103	0.03620	0.04347	0.02867	0.05105	0.08428	0.62817	0.00926	0.01524	0.00751	0.00386	0.00581
22	0.00862	0.00608	0.00721	0.00774	0.00820	0.00579	0.00488	0.00934	0.01146	0.01507	0.05767	0.30982	0.11819	0.37793	0.01988	0.00428	0.00486	0.01327	0.00505	0.00467
23	0.03569	0.01115	0.01666	0.05087	0.08308	0.01127	0.08847	0.08753	0.03409	0.09844	0.02625	0.04467	0.04806	0.01221	0.00770	0.00247	0.00671	0.32133	0.00550	0.00786
24	0.01577	0.08230	0.31174	0.02333	0.19125	0.06658	0.11375	0.02129	0.03204	0.04662	0.01249	0.01488	0.00951	0.00605	0.00622	0.00194	0.00888	0.00536	0.00327	0.02674
25	0.00791	0.00585	0.00740	0.00851	0.00928	0.00534	0.00581	0.00925	0.01317	0.01727	0.08553	0.59847	0.16435	0.01911	0.00810	0.00251	0.00362	0.01711	0.00607	0.00534
26	0.00932	0.00623	0.00707	0.00714	0.00716	0.00622	0.00402	0.00938	0.00954	0.01272	0.02109	0.07714	0.02441	0.73681	0.03170	0.00609	0.00614	0.00983	0.00402	0.00398
27	0.26512	0.09837	0.14277	0.01518	0.04060	0.08927	0.09600	0.07376	0.01518	0.09024	0.01214	0.01357	0.00904	0.00629	0.00549	0.00192	0.00763	0.00479	0.00403	0.00859
28	0.01016	0.00764	0.01014	0.00984	0.02719	0.00714	0.03214	0.01357	0.05322	0.04713	0.37582	0.12846	0.19338	0.01402	0.00763	0.00218	0.00389	0.04353	0.00647	0.00643
29	0.01839	0.45738	0.05580	0.01208	0.01750	0.04169	0.01133	0.11389	0.07228	0.05496	0.01239	0.01315	0.01005	0.00619	0.00495	0.00155	0.00678	0.00433	0.00393	0.08140
30	0.01519	0.09969	0.42431	0.01774	0.08219	0.01555	0.01859	0.07600	0.03327	0.04384	0.01249	0.01416	0.00929	0.00614	0.00585	0.00183	0.00812	0.00481	0.00346	0.10747
31	0.01219	0.07649	0.01272	0.03373	0.05570	0.00972	0.00827	0.03803	0.06225	0.07330	0.12523	0.16802	0.24149	0.01341	0.00719	0.00217	0.00461	0.04267	0.00579	0.00702
32	0.01488	0.07487	0.07576	0.04843	0.35742	0.01514	0.09820	0.03508	0.06411	0.02126	0.06550	0.02010	0.03445	0.00856	0.03652	0.00230	0.00791	0.00652	0.00380	0.00917
33	0.00858	0.00605	0.00757	0.00838	0.00887	0.00577	0.00556	0.00963	0.01212	0.01615	0.08250	0.41439	0.06952	0.25566	0.01595	0.00372	0.00460	0.05463	0.00542	0.00494
34	0.01511	0.01872	0.09493	0.02548	0.03194	0.03806	0.59913	0.02050	0.01519	0.02047	0.01381	0.01944	0.01086	0.00610	0.00750	0.00219	0.01058	0.03802	0.00335	0.00862
35	0.01522	0.01539	0.05155	0.14430	0.06420	0.01457	0.42851	0.01992	0.01471	0.07558	0.01478	0.04761	0.01166	0.00842	0.04152	0.00254	0.00992	0.00745	0.00367	0.00846
36	0.01703	0.62622	0.03135	0.01442	0.09621	0.02361	0.01196	0.02070	0.07447	0.01688	0.01083	0.01218	0.00950	0.00583	0.00461	0.00151	0.00684	0.00404	0.00314	0.00868
37	0.00859	0.00658	0.00792	0.00789	0.00958	0.00590	0.00598	0.01098	0.01630	0.02161	0.38129	0.10494	0.30656	0.01522	0.00777	0.00220	0.00340	0.06496	0.00653	0.00579
38	0.01121	0.07615	0.01070	0.00841	0.01088	0.04203	0.00661	0.01320	0.01548	0.07228	0.16746	0.10353	0.38906	0.01412	0.00724	0.00211	0.00423	0.03303	0.00593	0.00633
39	0.01588	0.08505	0.02213	0.16995	0.33431	0.01495	0.01575	0.01989	0.04613	0.08816	0.04363	0.05295	0.01420	0.00745	0.00702	0.00201	0.04107	0.00650	0.00398	0.00898
40	0.01030	0.00730	0.00936	0.00913	0.01062	0.00725	0.00685	0.03504	0.01523	0.05274	0.27134	0.19641	0.14176	0.04745	0.09823	0.00340	0.03453	0.03098	0.00598	0.00612
41	0.01536	0.01092	0.01483	0.01675	0.15970	0.01089	0.01106	0.13654	0.01820	0.10143	0.13246	0.10175	0.08638	0.01197	0.00736	0.00224	0.00560	0.14250	0.00588	0.00816
42	0.01799	0.15634	0.04739	0.04129	0.22663	0.15824	0.01384	0.06188	0.01596	0.05414	0.01423	0.03418	0.03424	0.00676	0.00580	0.00171	0.00772	0.00540	0.00377	0.09248
43	0.05112	0.12930	0.30330	0.01589	0.05373	0.05717	0.01598	0.06940	0.03913	0.02084	0.03362	0.05400	0.03323	0.02751	0.00786	0.00212	0.06759	0.00601	0.00366	0.00854
44	0.01479	0.00983	0.01140	0.00985	0.01287	0.00969	0.00769	0.11546	0.10321	0.11638	0.23644	0.06952	0.14057	0.01125	0.00687	0.00199	0.00434	0.00950	0.05647	0.05188
45	0.01728	0.09504	0.02009	0.01895	0.17169	0.04456	0.03094	0.16270	0.22358	0.02602	0.06535	0.06086	0.01800	0.00833	0.00642	0.00199	0.00645	0.00705	0.00521	0.00949
46	0.04445	0.05150	0.01803	0.01603	0.04507	0.50959	0.01189	0.10445	0.01882	0.03886	0.01416	0.04926	0.03522	0.00769	0.00601	0.00178	0.00980	0.00542	0.00403	0.00794
47	0.01718	0.25236	0.12071	0.01393	0.04686	0.09355	0.01244	0.11602	0.03166	0.03631	0.01488	0.01753	0.04401	0.06251	0.00787	0.00203	0.02739	0.00528	0.00387	0.07361
48	0.07334	0.01422	0.09200	0.01157	0.01524	0.08969	0.02924	0.05004	0.04159	0.11336	0.08914	0.08819	0.18923	0.01289	0.04021	0.00248	0.00647	0.02816	0.00541	0.00754
49	0.00908	0.00663	0.00915	0.00924	0.01015	0.00720	0.00675	0.01083	0.01110	0.01550	0.07383	0.09529	0.05146	0.19591	0.44924	0.00791	0.01221	0.00904	0.00414	0.00534
50	0.01272	0.00892	0.01237	0.01311	0.10028	0.00890	0.06059	0.06679	0.01498	0.02307	0.04267	0.15021	0.04242	0.01066	0.02230	0.00206	0.00494	0.00860	0.38744	0.00696
51	0.08069	0.03889	0.06613	0.12040	0.17670	0.07727	0.07661	0.01987	0.05522	0.05383	0.01326	0.01681	0.01068	0.01114	0.07580	0.03564	0.05353	0.00569	0.00361	0.00822
52	0.01353	0.08278	0.58088	0.01696	0.02521	0.01545	0.02084	0.04672	0.03825	0.02067	0.01250	0.01474	0.00931	0.00950	0.06302	0.00264	0.00971	0.00497	0.00306	0.00925
53	0.00797	0.00574	0.00754	0.00886	0.00933	0.00540	0.00594	0.00912	0.01230	0.01634	0.03582	0.68098	0.07403	0.04894	0.03591	0.00302	0.00431	0.01739	0.00583	0.00523
54	0.06528	0.07589	0.04164	0.20154	0.10383	0.01570	0.04040	0.12198	0.06507	0.02230	0.01666	0.09285	0.03409	0.00863	0.00750	0.00212	0.06501	0.00707	0.00418	0.00826
55	0.01581	0.01476	0.11670	0.04455	0.03430	0.04578	0.07421	0.06793	0.04356	0.13836	0.08158	0.12326	0.02091	0.03545	0.08706	0.00314	0.03110	0.00835	0.00504	0.00814
56	0.00931	0.00678	0.00903	0.06023	0.01230	0.00668	0.00712	0.01111	0.01339	0.03822	0.11582	0.27074	0.19938	0.02186	0.12960	0.03928	0.00630	0.03175	0.00541	0.00569
57	0.05854	0.01570	0.09591	0.27134	0.22467	0.01527	0.06016	0.07135	0.01467	0.02093	0.01261	0.04185	0.01036	0.00701	0.00727	0.00211	0.05220	0.00608	0.00341	0.00857
58	0.01723	0.14752	0.09061	0.05922	0.10642	0.07258	0.10033	0.05779	0.03524	0.09964	0.04771	0.04522	0.01429	0.03531	0.00787	0.00211	0.04171	0.00637	0.00418	0.00864
59	0.07862	0.04468	0.02099	0.10500	0.20195	0.13492	0.06334	0.11834	0.07133	0.04077	0.01508	0.03590	0.02672	0.00714	0.00624	0.00196	0.00790	0.00601	0.00420	0.00891
60	0.00829	0.00649	0.00754	0.00775	0.00932	0.00581	0.00563	0.01055	0.03061	0.01973	0.23865	0.23752	0.35622	0.01632	0.00776	0.00225	0.00337	0.01417	0.00632	0.00568
61	0.01431	0.03788	0.01892	0.11645	0.27567	0.05555	0.03882	0.01751	0.01535	0.06088	0.12772	0.05109	0.10779	0.00917	0.00680	0.00203	0.00660	0.02481	0.00451	0.00814
62	0.01974	0.01904	0.04565	0.12168	0.20348	0.17992	0.04183	0.14430	0.05977	0.08106	0.01410	0.01604	0.01066	0.00677	0.00635	0.00193	0.00846	0.00560	0.00433	0.00932

[dist]
# distance from previous block
# <min> <max>
0	2

[block]
# block no. 9 follows, 34 sequences, length 11
# corresponding to MSA columns:
# 606-616
name=unknown_J
#
# <colnr> <probs for GDERKNQSTAVLIFYWHMCP>
#	G	D	E	R	K	N	Q	S	T	A	V	L	I	F	Y	W	H	M	C	P
0	0.04547	0.04772	0.08231	0.08123	0.11471	0.09341	0.04843	0.08691	0.10727	0.04564	0.03393	0.01682	0.01216	0.00747	0.00812	0.00203	0.10609	0.00571	0.00416	0.05039
1	0.35743	0.04849	0.04211	0.04935	0.01626	0.04873	0.00949	0.06957	0.10638	0.08209	0.03442	0.01639	0.01207	0.02411	0.00705	0.05252	0.00598	0.00508	0.00464	0.00786
2	0.07937	0.06108	0.05978	0.04470	0.01742	0.01304	0.02486	0.15405	0.04486	0.06104	0.05191	0.05382	0.01539	0.05507	0.00744	0.00198	0.00594	0.00615	0.02373	0.21837
3	0.11546	0.08332	0.01099	0.00916	0.01053	0.00943	0.00674	0.01202	0.01203	0.01788	0.06855	0.35901	0.03046	0.15774	0.01249	0.00309	0.03903	0.03142	0.00495	0.00568
4	0.01601	0.04419	0.01906	0.07428	0.14650	0.03260	0.05831	0.14017	0.11757	0.02373	0.01794	0.02105	0.05017	0.06899	0.00836	0.00218	0.00674	0.00637	0.00452	0.14127
5	0.02990	0.03008	0.01496	0.03904	0.07708	0.03611	0.01024	0.12754	0.07732	0.12184	0.09819	0.05592	0.08333	0.00985	0.00666	0.00199	0.00568	0.06698	0.00571	0.10156
6	0.01687	0.03507	0.17396	0.06588	0.02216	0.06197	0.05204	0.22519	0.05855	0.02527	0.01750	0.09139	0.03867	0.00900	0.00793	0.00213	0.07587	0.00712	0.00458	0.00886
