[name]
unknown

[dist]
# distance from previous block
# <min> <max>
0	15

[block]
# block no. 0 follows, 25 sequences, length 11
# corresponding to MSA columns:
# 54-64
name=unknown_A
#
# <colnr> <probs for GDERKNQSTAVLIFYWHMCP>
#	G	D	E	R	K	N	Q	S	T	A	V	L	I	F	Y	W	H	M	C	P
0	0.01653	0.01371	0.01507	0.05818	0.01867	0.09012	0.01159	0.06595	0.05076	0.05720	0.06832	0.16903	0.03143	0.05567	0.09790	0.00428	0.03802	0.12314	0.00620	0.00822
1	0.01794	0.08981	0.02942	0.06384	0.02825	0.01742	0.22241	0.06804	0.01798	0.02523	0.01555	0.04893	0.01316	0.00770	0.00825	0.00206	0.04494	0.00725	0.00446	0.26737
2	0.02240	0.06708	0.02448	0.07847	0.15316	0.16098	0.01628	0.14907	0.04764	0.02757	0.01480	0.01747	0.01188	0.00811	0.00837	0.00215	0.05925	0.00608	0.00482	0.11996
3	0.01021	0.00790	0.00931	0.00896	0.01112	0.00699	0.00672	0.01316	0.02015	0.02683	0.42444	0.06493	0.32643	0.01744	0.00915	0.00251	0.00377	0.01501	0.00797	0.00699
4	0.02645	0.03245	0.02027	0.01849	0.02211	0.57615	0.01373	0.02971	0.06837	0.01957	0.01470	0.01883	0.01285	0.08153	0.01037	0.00261	0.01274	0.00591	0.00435	0.00879
5	0.00930	0.00777	0.00796	0.00807	0.01041	0.00658	0.00591	0.01112	0.01714	0.02055	0.07332	0.11346	0.60131	0.05921	0.01089	0.00292	0.00416	0.01643	0.00706	0.00643
6	0.01130	0.00968	0.03966	0.08170	0.01671	0.00861	0.00964	0.01498	0.01995	0.02791	0.48174	0.15576	0.06071	0.01599	0.00905	0.00256	0.00479	0.01420	0.00759	0.00746
7	0.26704	0.02231	0.01899	0.01567	0.02096	0.15987	0.01262	0.29526	0.02542	0.07022	0.01539	0.01615	0.01132	0.00839	0.00667	0.00229	0.00876	0.00573	0.00614	0.01081
8	0.02510	0.09549	0.02271	0.01738	0.02234	0.23499	0.01386	0.19380	0.23603	0.03101	0.01999	0.01992	0.01529	0.00902	0.00728	0.00226	0.00944	0.00666	0.00617	0.01124
9	0.02650	0.24516	0.02756	0.01797	0.02275	0.49702	0.01447	0.02864	0.02011	0.01876	0.01162	0.01352	0.00998	0.00758	0.00639	0.00190	0.01228	0.00474	0.00379	0.00928
10	0.01108	0.00831	0.01246	0.01246	0.01385	0.00969	0.00969	0.01385	0.01246	0.01800	0.02077	0.03046	0.01938	0.05815	0.69678	0.01246	0.02077	0.00831	0.00415	0.00692

[dist]
# distance from previous block
# <min> <max>
0	1

[block]
# block no. 1 follows, 25 sequences, length 23
# corresponding to MSA columns:
# 66-88
name=unknown_B
#
# <colnr> <probs for GDERKNQSTAVLIFYWHMCP>
#	G	D	E	R	K	N	Q	S	T	A	V	L	I	F	Y	W	H	M	C	P
0	0.09123	0.02095	0.02178	0.01708	0.02274	0.05642	0.01404	0.48470	0.03135	0.10090	0.01829	0.01849	0.01301	0.00930	0.00834	0.00237	0.04265	0.00671	0.00727	0.01235
1	0.01530	0.01445	0.02445	0.61316	0.14397	0.01740	0.02186	0.02039	0.01582	0.02061	0.01390	0.02046	0.01062	0.00763	0.00774	0.00254	0.01017	0.00689	0.00350	0.00914
2	0.01108	0.00831	0.01246	0.01246	0.01385	0.00969	0.00969	0.01385	0.01246	0.01800	0.02077	0.03046	0.01938	0.05815	0.69678	0.01246	0.02077	0.00831	0.00415	0.00692
3	0.78228	0.01499	0.01140	0.01020	0.01499	0.01739	0.00840	0.02279	0.01320	0.03479	0.01080	0.01260	0.00840	0.00720	0.00480	0.00240	0.00600	0.00420	0.00480	0.00840
4	0.01874	0.01609	0.01706	0.01539	0.01960	0.01850	0.01195	0.03947	0.62316	0.03235	0.07356	0.03082	0.02690	0.01087	0.00797	0.00262	0.00597	0.00911	0.00793	0.01195
5	0.02947	0.02172	0.02327	0.01784	0.02404	0.02404	0.01474	0.65329	0.03646	0.04887	0.01862	0.01862	0.01319	0.00931	0.00776	0.00233	0.00853	0.00698	0.00776	0.01319
6	0.01066	0.00791	0.00993	0.00943	0.01139	0.00718	0.00707	0.01403	0.02122	0.02935	0.57279	0.06078	0.17650	0.01650	0.00915	0.00247	0.00370	0.01442	0.00831	0.00718
7	0.01091	0.00815	0.01141	0.01141	0.01272	0.00906	0.00858	0.01319	0.01282	0.01786	0.02715	0.03790	0.08717	0.15204	0.53111	0.01074	0.01713	0.00956	0.00454	0.00656
8	0.01902	0.14821	0.11799	0.02755	0.10219	0.06429	0.29093	0.02417	0.01713	0.02271	0.01370	0.01785	0.01099	0.00750	0.00956	0.00243	0.08259	0.00711	0.00368	0.01040
9	0.01949	0.01972	0.02889	0.11075	0.28503	0.08469	0.12746	0.02816	0.16475	0.02561	0.01828	0.02136	0.01433	0.00787	0.00792	0.00243	0.00977	0.00753	0.00474	0.01123
10	0.01142	0.00981	0.01031	0.01173	0.01253	0.07618	0.00799	0.01284	0.01557	0.01971	0.03962	0.65070	0.04710	0.02264	0.00960	0.00303	0.00546	0.02032	0.00687	0.00657
11	0.01348	0.00880	0.01302	0.01260	0.01445	0.00986	0.00986	0.01627	0.01345	0.08550	0.02176	0.03005	0.01936	0.05323	0.62700	0.01144	0.01933	0.00826	0.00470	0.00756
12	0.16292	0.01944	0.02169	0.06484	0.08989	0.05658	0.01511	0.28123	0.02370	0.03500	0.01465	0.01712	0.01134	0.00905	0.00983	0.00246	0.11722	0.00624	0.00556	0.03612
13	0.02140	0.30282	0.11212	0.11291	0.09368	0.14431	0.01763	0.04813	0.01809	0.04401	0.01314	0.01570	0.01066	0.00735	0.00648	0.00206	0.01002	0.00537	0.00388	0.01025
14	0.02320	0.12685	0.05710	0.03643	0.05484	0.16095	0.01460	0.14984	0.13025	0.05700	0.01836	0.01955	0.01421	0.01052	0.03617	0.00259	0.00962	0.00639	0.03241	0.03908
15	0.08459	0.09751	0.05767	0.08031	0.09935	0.14985	0.04691	0.18221	0.02203	0.02896	0.01481	0.01773	0.01173	0.01167	0.05926	0.00301	0.01086	0.00621	0.00484	0.01047
16	0.11417	0.05974	0.06530	0.04478	0.10675	0.13755	0.04652	0.15642	0.02190	0.10488	0.01791	0.01940	0.03180	0.00855	0.00776	0.00232	0.03140	0.00654	0.00547	0.01086
17	0.10678	0.05746	0.05206	0.01648	0.04134	0.17367	0.01316	0.15230	0.04508	0.07864	0.10078	0.05588	0.02199	0.01212	0.03651	0.00273	0.00915	0.00778	0.00605	0.01005
18	0.10173	0.05082	0.02178	0.05463	0.09401	0.13044	0.01463	0.22203	0.05693	0.03202	0.01634	0.01863	0.01278	0.01022	0.02883	0.00262	0.05703	0.00637	0.05758	0.01058
19	0.06081	0.07459	0.02231	0.03958	0.06560	0.13672	0.01410	0.22526	0.06699	0.10381	0.07377	0.02198	0.01836	0.00938	0.00799	0.00230	0.03192	0.00708	0.00637	0.01108
20	0.02093	0.04620	0.09640	0.05146	0.06498	0.13329	0.01469	0.09276	0.06049	0.10535	0.04379	0.11651	0.02145	0.04867	0.04551	0.00320	0.00945	0.00912	0.00580	0.00994
21	0.10460	0.01608	0.04465	0.01557	0.04182	0.08141	0.02935	0.02462	0.10327	0.12665	0.06281	0.14310	0.07540	0.01452	0.03328	0.00296	0.05360	0.01046	0.00641	0.00944
22	0.20168	0.05331	0.05384	0.08222	0.02252	0.01873	0.01334	0.12767	0.08816	0.06207	0.01687	0.02063	0.01359	0.06452	0.01131	0.00285	0.08902	0.00653	0.00539	0.04576

[dist]
# distance from previous block
# <min> <max>
20	83

[block]
# block no. 2 follows, 25 sequences, length 15
# corresponding to MSA columns:
# 189-203
name=unknown_C
#
# <colnr> <probs for GDERKNQSTAVLIFYWHMCP>
#	G	D	E	R	K	N	Q	S	T	A	V	L	I	F	Y	W	H	M	C	P
0	0.02591	0.09835	0.02544	0.06207	0.08913	0.08494	0.01573	0.38817	0.07159	0.03769	0.01734	0.01839	0.01298	0.00865	0.00739	0.00226	0.00902	0.00660	0.00630	0.01203
1	0.02074	0.01681	0.02165	0.16533	0.12007	0.01844	0.01598	0.14610	0.23177	0.06560	0.02147	0.02268	0.01605	0.00875	0.00762	0.00238	0.00788	0.00737	0.00617	0.07714
2	0.01886	0.01660	0.02475	0.21424	0.28490	0.01810	0.01919	0.12062	0.08711	0.02870	0.07339	0.02383	0.01829	0.00864	0.00786	0.00243	0.00862	0.00772	0.00516	0.01101
3	0.02579	0.05194	0.02370	0.08092	0.08172	0.09437	0.01555	0.40660	0.02879	0.03740	0.01645	0.01841	0.01239	0.00988	0.00905	0.05361	0.00921	0.00661	0.00615	0.01146
4	0.01616	0.01526	0.02323	0.17868	0.33053	0.04867	0.01838	0.02004	0.01715	0.02314	0.06738	0.16226	0.02390	0.01125	0.00821	0.00253	0.00835	0.01034	0.00477	0.00978
5	0.01137	0.00962	0.01260	0.01563	0.12727	0.00882	0.00958	0.01392	0.01760	0.02257	0.12388	0.13387	0.37377	0.04295	0.01014	0.00282	0.00516	0.04420	0.00667	0.00756
6	0.01633	0.01529	0.02530	0.17469	0.42097	0.01583	0.01997	0.02047	0.01692	0.02323	0.02309	0.09999	0.07468	0.01007	0.00806	0.00248	0.00847	0.00937	0.00442	0.01039
7	0.01779	0.01676	0.02853	0.37441	0.21272	0.01854	0.10863	0.08346	0.01850	0.02479	0.01473	0.02012	0.01132	0.00751	0.00793	0.00249	0.01024	0.00722	0.00404	0.01028
8	0.02010	0.01857	0.03023	0.07358	0.58110	0.01897	0.02272	0.09129	0.01958	0.02762	0.01498	0.01919	0.01229	0.00720	0.00769	0.00232	0.00919	0.00692	0.00424	0.01222
9	0.01108	0.00831	0.01246	0.01246	0.01385	0.00969	0.00969	0.01385	0.01246	0.01800	0.02077	0.03046	0.01938	0.05815	0.69678	0.01246	0.02077	0.00831	0.00415	0.00692
10	0.01860	0.01721	0.02812	0.25843	0.42102	0.01852	0.02229	0.07651	0.01857	0.02557	0.01467	0.01962	0.01173	0.00739	0.00771	0.00240	0.00952	0.00691	0.00405	0.01118
11	0.02947	0.02172	0.02327	0.01784	0.02404	0.02404	0.01474	0.65329	0.03646	0.04887	0.01862	0.01862	0.01319	0.00931	0.00776	0.00233	0.00853	0.00698	0.00776	0.01319
12	0.00945	0.00675	0.00900	0.01080	0.01125	0.00630	0.00720	0.01080	0.01484	0.01979	0.04274	0.72245	0.05128	0.02429	0.00990	0.00315	0.00450	0.02204	0.00720	0.00630
13	0.00935	0.00755	0.00832	0.00879	0.01075	0.00652	0.00634	0.01125	0.01715	0.02124	0.10464	0.25359	0.46601	0.02070	0.00937	0.00275	0.00407	0.01780	0.00728	0.00652
14	0.02428	0.09749	0.02691	0.01900	0.02485	0.06717	0.11044	0.32224	0.12511	0.03651	0.05345	0.02163	0.01716	0.00904	0.00771	0.00233	0.00894	0.00752	0.00651	0.01170

[dist]
# distance from previous block
# <min> <max>
1	9

[block]
# block no. 3 follows, 25 sequences, length 7
# corresponding to MSA columns:
# 213-219
name=unknown_D
#
# <colnr> <probs for GDERKNQSTAVLIFYWHMCP>
#	G	D	E	R	K	N	Q	S	T	A	V	L	I	F	Y	W	H	M	C	P
0	0.03091	0.01942	0.02184	0.01675	0.02290	0.02063	0.01383	0.48702	0.03260	0.22058	0.02185	0.02072	0.01481	0.00939	0.00777	0.00235	0.00801	0.00720	0.00825	0.01319
1	0.01854	0.01776	0.03030	0.14163	0.59016	0.01825	0.02347	0.02323	0.01735	0.02455	0.01447	0.01940	0.01201	0.00703	0.00769	0.00234	0.00937	0.00691	0.00378	0.01176
2	0.01760	0.01657	0.02790	0.13919	0.51311	0.01700	0.02161	0.02218	0.01783	0.02518	0.08898	0.02377	0.01887	0.00804	0.00785	0.00236	0.00875	0.00771	0.00431	0.01119
3	0.01019	0.00734	0.00869	0.00929	0.01011	0.00687	0.00605	0.01135	0.01467	0.01921	0.09508	0.29849	0.16420	0.27936	0.02049	0.00458	0.00542	0.01636	0.00640	0.00585
4	0.01325	0.01180	0.01700	0.02304	0.25070	0.01115	0.01329	0.01640	0.01769	0.02285	0.05004	0.05669	0.34398	0.01535	0.00886	0.00265	0.00630	0.10427	0.00599	0.00869
5	0.18586	0.02559	0.02093	0.02032	0.09584	0.28174	0.01441	0.18077	0.05299	0.03093	0.01455	0.01610	0.01133	0.00814	0.00684	0.00223	0.01007	0.00570	0.00524	0.01041
6	0.01925	0.01915	0.02950	0.14531	0.53429	0.07037	0.02278	0.02375	0.01766	0.02401	0.01426	0.01901	0.01181	0.00712	0.00763	0.00232	0.00975	0.00676	0.00379	0.01147

[dist]
# distance from previous block
# <min> <max>
20	70

[block]
# block no. 4 follows, 25 sequences, length 23
# corresponding to MSA columns:
# 290-312
name=unknown_E
#
# <colnr> <probs for GDERKNQSTAVLIFYWHMCP>
#	G	D	E	R	K	N	Q	S	T	A	V	L	I	F	Y	W	H	M	C	P
0	0.01616	0.11792	0.04790	0.12981	0.02225	0.01432	0.01192	0.04377	0.01670	0.06949	0.07202	0.03282	0.08343	0.13540	0.06181	0.00379	0.00836	0.00852	0.00517	0.09845
1	0.01839	0.08566	0.04611	0.01483	0.01892	0.03928	0.04625	0.16175	0.07297	0.02814	0.09133	0.10005	0.02463	0.03673	0.04365	0.09813	0.00808	0.00925	0.00587	0.04998
2	0.10384	0.04504	0.21776	0.17815	0.02939	0.01573	0.01763	0.02164	0.06052	0.02433	0.04959	0.07900	0.01841	0.05467	0.00934	0.00277	0.00858	0.00799	0.00455	0.05106
3	0.01741	0.01595	0.02342	0.06719	0.25249	0.01464	0.04628	0.02279	0.06162	0.02544	0.01538	0.01856	0.01255	0.00664	0.00685	0.00181	0.00761	0.00605	0.00446	0.37286
4	0.01308	0.04937	0.01374	0.05542	0.01547	0.03877	0.00917	0.03977	0.01424	0.01884	0.02416	0.15172	0.02568	0.23807	0.25045	0.00738	0.01201	0.01101	0.00488	0.00677
5	0.02832	0.12484	0.02435	0.01989	0.12964	0.01561	0.03710	0.03156	0.01998	0.41910	0.02486	0.05328	0.01775	0.00922	0.00748	0.00231	0.00744	0.00776	0.00736	0.01214
6	0.02031	0.42840	0.11404	0.01715	0.05788	0.07243	0.01567	0.02726	0.13588	0.02207	0.01528	0.01643	0.01259	0.00755	0.00609	0.00199	0.00873	0.00540	0.00423	0.01062
7	0.00955	0.00773	0.00803	0.00814	0.01017	0.00670	0.00576	0.01113	0.01638	0.01984	0.06692	0.10924	0.52513	0.14389	0.01451	0.00351	0.00459	0.01581	0.00676	0.00621
8	0.02657	0.03348	0.06041	0.02101	0.02559	0.51568	0.06734	0.06845	0.02158	0.02162	0.01268	0.01517	0.01034	0.00831	0.00851	0.00219	0.06183	0.00562	0.00414	0.00947
9	0.06044	0.35278	0.13867	0.01535	0.02251	0.02365	0.01546	0.12180	0.01998	0.13888	0.01588	0.01642	0.01193	0.00770	0.00627	0.00205	0.00845	0.00546	0.00513	0.01117
10	0.00945	0.00675	0.00900	0.01080	0.01125	0.00630	0.00720	0.01080	0.01484	0.01979	0.04274	0.72245	0.05128	0.02429	0.00990	0.00315	0.00450	0.02204	0.00720	0.00630
11	0.01608	0.01378	0.01608	0.01148	0.01837	0.01034	0.00919	0.01952	0.01608	0.02527	0.01378	0.01608	0.01148	0.00574	0.00574	0.00115	0.00574	0.00459	0.00459	0.77491
12	0.01368	0.05582	0.01565	0.01231	0.01538	0.01124	0.05299	0.07996	0.02161	0.02917	0.36824	0.07564	0.15929	0.01516	0.00884	0.00250	0.00533	0.04161	0.00747	0.00812
13	0.01555	0.04011	0.68733	0.02210	0.03356	0.01801	0.02865	0.02455	0.01637	0.02455	0.01391	0.01637	0.00982	0.00737	0.00737	0.00246	0.01146	0.00573	0.00327	0.01146
14	0.00960	0.00770	0.00858	0.00872	0.01083	0.00667	0.00640	0.01184	0.01817	0.02297	0.20268	0.17054	0.44898	0.01953	0.00927	0.00266	0.00396	0.01673	0.00749	0.00667
15	0.00977	0.00728	0.00913	0.01016	0.01136	0.00664	0.00718	0.01172	0.01672	0.02200	0.15090	0.44751	0.18915	0.02181	0.00966	0.00294	0.00436	0.04775	0.00741	0.00655
16	0.02516	0.01514	0.01769	0.08261	0.02231	0.05472	0.01226	0.09599	0.11977	0.29648	0.10087	0.03146	0.06920	0.01081	0.00800	0.00244	0.00703	0.00888	0.00792	0.01124
17	0.01865	0.02013	0.01949	0.06700	0.07827	0.22635	0.01457	0.02127	0.01724	0.02039	0.04538	0.05528	0.07141	0.01690	0.08009	0.00362	0.15195	0.05893	0.00463	0.00843
18	0.00988	0.00787	0.00888	0.00888	0.01111	0.00688	0.00670	0.01239	0.01880	0.02401	0.25218	0.10486	0.43312	0.01885	0.00927	0.00264	0.00403	0.04527	0.00759	0.00679
19	0.01011	0.00746	0.00958	0.01088	0.01208	0.00693	0.00802	0.01217	0.01645	0.02148	0.09385	0.43376	0.16334	0.02229	0.00987	0.00309	0.00486	0.13991	0.00728	0.00658
20	0.02013	0.02155	0.15947	0.04822	0.02530	0.01802	0.06058	0.26817	0.06876	0.03321	0.02275	0.14965	0.02051	0.03620	0.00927	0.00274	0.00860	0.00991	0.00617	0.01081
21	0.01600	0.01854	0.09731	0.01863	0.04504	0.10579	0.11250	0.02061	0.04290	0.02232	0.05756	0.04334	0.06000	0.10802	0.06017	0.00401	0.01018	0.14342	0.00522	0.00844
22	0.01125	0.01054	0.04187	0.01036	0.01211	0.04414	0.00766	0.01299	0.01565	0.01983	0.08500	0.26022	0.21777	0.19577	0.01673	0.00395	0.00588	0.01557	0.00630	0.00642

[dist]
# distance from previous block
# <min> <max>
1	22

[block]
# block no. 5 follows, 25 sequences, length 72
# corresponding to MSA columns:
# 335-406
name=unknown_F
#
# <colnr> <probs for GDERKNQSTAVLIFYWHMCP>
#	G	D	E	R	K	N	Q	S	T	A	V	L	I	F	Y	W	H	M	C	P
0	0.02046	0.46765	0.08833	0.03718	0.02156	0.05314	0.01417	0.09033	0.01796	0.02225	0.01353	0.01718	0.01199	0.06165	0.00827	0.00229	0.00868	0.00535	0.02818	0.00986
1	0.01768	0.04821	0.02993	0.02209	0.02756	0.06830	0.28840	0.04882	0.04906	0.02396	0.02210	0.02590	0.07416	0.01521	0.09944	0.00372	0.04642	0.00856	0.00462	0.07587
2	0.01755	0.01920	0.07746	0.17170	0.36560	0.05088	0.05184	0.02223	0.01707	0.02321	0.01797	0.05120	0.04025	0.00862	0.00842	0.00245	0.03187	0.00785	0.00399	0.01063
3	0.02070	0.13254	0.02116	0.01476	0.01961	0.03857	0.01214	0.12221	0.29801	0.06299	0.06563	0.02976	0.05006	0.01055	0.00752	0.00236	0.00687	0.03397	0.00694	0.04367
4	0.00969	0.00706	0.00912	0.01033	0.01123	0.00650	0.00709	0.01150	0.01636	0.02188	0.15668	0.54326	0.11595	0.02236	0.00969	0.00297	0.00430	0.02009	0.00743	0.00650
5	0.01041	0.00774	0.00988	0.00998	0.01164	0.00721	0.00739	0.01323	0.01892	0.02579	0.37290	0.19246	0.17041	0.02159	0.06133	0.00341	0.00528	0.03584	0.00765	0.00694
6	0.02046	0.01686	0.02008	0.20937	0.09346	0.10648	0.01548	0.10433	0.01960	0.09648	0.01934	0.02680	0.01606	0.06749	0.06796	0.00364	0.01029	0.03852	0.03775	0.00955
7	0.05272	0.00837	0.00864	0.00866	0.01066	0.00853	0.00644	0.03359	0.04676	0.02796	0.03021	0.14516	0.05695	0.01207	0.00649	0.00215	0.00414	0.01005	0.51296	0.00748
8	0.01166	0.00780	0.01014	0.01129	0.01229	0.00742	0.00777	0.04385	0.01627	0.05325	0.04096	0.65413	0.04785	0.02284	0.00969	0.00307	0.00480	0.02061	0.00734	0.00697
9	0.01202	0.00891	0.01257	0.01242	0.01393	0.01011	0.00950	0.05149	0.01406	0.01987	0.02296	0.09829	0.02256	0.08489	0.55636	0.01071	0.01780	0.00971	0.00469	0.00713
10	0.01080	0.00787	0.01016	0.00969	0.01150	0.00723	0.00723	0.01426	0.02139	0.03001	0.61264	0.08718	0.10812	0.01644	0.00918	0.00248	0.00371	0.01450	0.00840	0.00723
11	0.02866	0.08009	0.02418	0.01815	0.02371	0.23053	0.01470	0.41499	0.03045	0.03739	0.01599	0.01673	0.01196	0.00870	0.00731	0.00218	0.01018	0.00616	0.00627	0.01166
12	0.01871	0.01813	0.03126	0.09872	0.57603	0.01856	0.05426	0.02336	0.01732	0.02465	0.01443	0.01932	0.01203	0.00718	0.00834	0.00238	0.03273	0.00701	0.00380	0.01177
13	0.02065	0.01959	0.02614	0.06344	0.40483	0.09929	0.01942	0.04476	0.10960	0.05292	0.02038	0.02286	0.04484	0.00835	0.00770	0.00234	0.00903	0.00742	0.00491	0.01153
14	0.01119	0.00750	0.00855	0.00860	0.00868	0.00746	0.00489	0.01137	0.01179	0.01579	0.04776	0.07906	0.03071	0.67344	0.03718	0.00716	0.00726	0.01182	0.00494	0.00486
15	0.01321	0.01098	0.01279	0.01260	0.01429	0.07643	0.00972	0.01600	0.01382	0.01934	0.02043	0.02868	0.01852	0.04766	0.55062	0.01022	0.01815	0.00786	0.09153	0.00716
16	0.01951	0.02909	0.30604	0.02427	0.13721	0.12196	0.03671	0.02633	0.05666	0.07487	0.03835	0.06049	0.01624	0.00897	0.00767	0.00241	0.01017	0.00744	0.00465	0.01094
17	0.03447	0.01370	0.01831	0.01404	0.02005	0.01215	0.01159	0.07443	0.02304	0.64666	0.02988	0.02593	0.01884	0.00958	0.00779	0.00239	0.00671	0.00775	0.00949	0.01319
18	0.02578	0.01590	0.01824	0.01527	0.02040	0.01692	0.01219	0.09760	0.37653	0.26666	0.02999	0.02705	0.02108	0.01008	0.00784	0.00252	0.00653	0.00825	0.00849	0.01269
19	0.01950	0.01915	0.03072	0.07019	0.62493	0.05104	0.02329	0.02400	0.01779	0.02483	0.01443	0.01899	0.01210	0.00699	0.00765	0.00230	0.00948	0.00682	0.00383	0.01199
20	0.01295	0.01165	0.01464	0.01423	0.04832	0.04409	0.05754	0.01665	0.04508	0.02368	0.13577	0.14905	0.24380	0.01618	0.00889	0.00259	0.00597	0.07072	0.00662	0.07157
21	0.01368	0.01474	0.11925	0.01265	0.01627	0.03853	0.01136	0.01845	0.04638	0.05975	0.36935	0.13643	0.08257	0.01496	0.00875	0.00253	0.00571	0.01299	0.00729	0.00837
22	0.00952	0.00686	0.00903	0.01061	0.01123	0.00637	0.00715	0.01103	0.01538	0.02050	0.08104	0.65662	0.07874	0.02361	0.00982	0.00309	0.00443	0.02134	0.00728	0.00637
23	0.01108	0.00831	0.01246	0.01246	0.01385	0.00969	0.00969	0.01385	0.01246	0.01800	0.02077	0.03046	0.01938	0.05815	0.69678	0.01246	0.02077	0.00831	0.00415	0.00692
24	0.04939	0.02221	0.19100	0.19929	0.18573	0.01789	0.05925	0.07906	0.01795	0.02569	0.01495	0.01948	0.01160	0.01131	0.05969	0.00320	0.01096	0.00674	0.00402	0.01056
25	0.02180	0.05601	0.09524	0.04907	0.07942	0.09591	0.08899	0.12131	0.02077	0.11956	0.02158	0.05347	0.04300	0.01455	0.08102	0.00345	0.01078	0.00803	0.00550	0.01053
26	0.01580	0.01349	0.01578	0.01146	0.01808	0.01017	0.00910	0.01916	0.01603	0.02504	0.01500	0.04580	0.01316	0.00652	0.00592	0.00123	0.00569	0.00533	0.00470	0.74257
27	0.01799	0.08475	0.02382	0.02295	0.16299	0.01759	0.05189	0.05462	0.08738	0.05625	0.01992	0.02765	0.01753	0.04862	0.14521	0.00470	0.09375	0.04753	0.00497	0.00991
28	0.01114	0.00746	0.00850	0.00863	0.00867	0.00742	0.00489	0.01124	0.01155	0.01539	0.02581	0.10152	0.02993	0.67435	0.03723	0.00719	0.00729	0.01209	0.00489	0.00482
29	0.01972	0.01838	0.01785	0.04538	0.02158	0.09244	0.01269	0.03792	0.54029	0.02995	0.03064	0.02886	0.04895	0.01051	0.00784	0.00256	0.00708	0.00859	0.00725	0.01152
30	0.02947	0.02172	0.02327	0.01784	0.02404	0.02404	0.01474	0.65329	0.03646	0.04887	0.01862	0.01862	0.01319	0.00931	0.00776	0.00233	0.00853	0.00698	0.00776	0.01319
31	0.02065	0.01733	0.01830	0.01605	0.02068	0.01992	0.01260	0.12310	0.58102	0.03463	0.02983	0.02755	0.02227	0.01036	0.00787	0.00259	0.00646	0.00853	0.00787	0.01239
32	0.01108	0.00831	0.01246	0.01246	0.01385	0.00969	0.00969	0.01385	0.01246	0.01800	0.02077	0.03046	0.01938	0.05815	0.69678	0.01246	0.02077	0.00831	0.00415	0.00692
33	0.01464	0.01378	0.02326	0.70887	0.05340	0.01723	0.02153	0.01981	0.01550	0.01981	0.01378	0.02067	0.01034	0.00775	0.00775	0.00258	0.01034	0.00689	0.00345	0.00861
34	0.01081	0.00784	0.01009	0.00967	0.01138	0.00723	0.00713	0.01410	0.02088	0.02927	0.58234	0.09796	0.09814	0.04627	0.01046	0.00270	0.00388	0.01449	0.00823	0.00711
35	0.16972	0.01352	0.01680	0.01315	0.01893	0.01248	0.01085	0.03508	0.02057	0.56722	0.02702	0.02390	0.01724	0.00916	0.00726	0.00240	0.00649	0.00715	0.00873	0.01233
36	0.01830	0.02092	0.04575	0.03268	0.04052	0.01961	0.65098	0.02484	0.01830	0.02484	0.01569	0.02092	0.01176	0.00654	0.00915	0.00261	0.01307	0.00915	0.00392	0.01046
37	0.01114	0.00746	0.00850	0.00863	0.00867	0.00742	0.00489	0.01124	0.01155	0.01539	0.02581	0.10152	0.02993	0.67435	0.03723	0.00719	0.00729	0.01209	0.00489	0.00482
38	0.01089	0.00792	0.01025	0.00967	0.01153	0.00728	0.00725	0.01447	0.02175	0.03062	0.64718	0.05870	0.10132	0.01603	0.00915	0.00245	0.00367	0.01413	0.00847	0.00728
39	0.01929	0.01666	0.01753	0.01578	0.02016	0.01929	0.01227	0.04120	0.66513	0.03243	0.03156	0.02893	0.02367	0.01052	0.00789	0.00263	0.00614	0.00877	0.00789	0.01227
40	0.02831	0.02079	0.02224	0.01723	0.02314	0.02302	0.01418	0.59644	0.06173	0.04720	0.01949	0.01955	0.01395	0.00934	0.00765	0.00231	0.00819	0.00707	0.04531	0.01285
41	0.00937	0.00704	0.00870	0.01003	0.01104	0.00636	0.00686	0.01088	0.01558	0.02009	0.05207	0.55365	0.21406	0.02308	0.00971	0.00301	0.00435	0.02056	0.00720	0.00636
42	0.01464	0.01378	0.02326	0.70887	0.05340	0.01723	0.02153	0.01981	0.01550	0.01981	0.01378	0.02067	0.01034	0.00775	0.00775	0.00258	0.01034	0.00689	0.00345	0.00861
43	0.01056	0.00814	0.01170	0.01218	0.01340	0.00774	0.04575	0.01334	0.04265	0.02194	0.11515	0.57385	0.05037	0.02167	0.00968	0.00301	0.00498	0.01978	0.00719	0.00691
44	0.01984	0.02104	0.02247	0.01955	0.02086	0.17372	0.01586	0.05310	0.01543	0.02021	0.01181	0.01740	0.01098	0.01547	0.07116	0.00371	0.46836	0.00651	0.00381	0.00872
45	0.01621	0.01390	0.01614	0.01166	0.01845	0.01070	0.00931	0.02041	0.04257	0.02556	0.01451	0.01660	0.01198	0.00594	0.00583	0.00121	0.00576	0.00476	0.00473	0.74377
46	0.01693	0.10170	0.51675	0.02337	0.06511	0.04389	0.07810	0.02465	0.01674	0.02383	0.01373	0.01644	0.01013	0.00723	0.00729	0.00237	0.01128	0.00590	0.00339	0.01119
47	0.02899	0.03607	0.02205	0.01985	0.02397	0.65725	0.01497	0.06718	0.02282	0.02072	0.01237	0.01425	0.01017	0.00807	0.00704	0.00202	0.01367	0.00511	0.00421	0.00923
48	0.73877	0.01489	0.01178	0.01041	0.01527	0.01704	0.00857	0.02366	0.01372	0.07260	0.01195	0.01340	0.00903	0.00734	0.00497	0.00240	0.00603	0.00441	0.00508	0.00868
49	0.01917	0.01440	0.01837	0.04317	0.13850	0.06132	0.01353	0.02391	0.08758	0.14331	0.02832	0.24088	0.02747	0.01428	0.00993	0.00274	0.06550	0.03141	0.00643	0.00977
50	0.01142	0.00913	0.01300	0.01312	0.01393	0.01071	0.00994	0.01348	0.01326	0.01878	0.02732	0.28910	0.02991	0.03811	0.32826	0.00747	0.12770	0.01324	0.00518	0.00694
51	0.01084	0.00792	0.01017	0.00961	0.01150	0.00726	0.00721	0.01437	0.02162	0.03033	0.62996	0.05918	0.11873	0.01614	0.00915	0.00245	0.00368	0.01420	0.00843	0.00726
52	0.01724	0.01643	0.02794	0.33170	0.41030	0.01791	0.02282	0.02208	0.01673	0.02296	0.01424	0.01983	0.01145	0.00727	0.00771	0.00242	0.00969	0.00690	0.00367	0.01071
53	0.01691	0.01592	0.04656	0.04509	0.02121	0.04316	0.07602	0.10488	0.10045	0.02832	0.14577	0.03510	0.11043	0.01405	0.03926	0.00298	0.09092	0.00982	0.04382	0.00933
54	0.00942	0.00686	0.00888	0.01050	0.01117	0.00632	0.00707	0.01083	0.01513	0.01991	0.04631	0.65785	0.11357	0.02383	0.00982	0.00310	0.00444	0.02148	0.00720	0.00632
55	0.02211	0.61538	0.03750	0.01439	0.02058	0.14251	0.01355	0.02452	0.01680	0.01837	0.01098	0.01270	0.00996	0.00686	0.00531	0.00172	0.00925	0.00429	0.00343	0.00979
56	0.00945	0.00675	0.00900	0.01080	0.01125	0.00630	0.00720	0.01080	0.01484	0.01979	0.04274	0.72245	0.05128	0.02429	0.00990	0.00315	0.00450	0.02204	0.00720	0.00630
57	0.02947	0.02172	0.02327	0.01784	0.02404	0.02404	0.01474	0.65329	0.03646	0.04887	0.01862	0.01862	0.01319	0.00931	0.00776	0.00233	0.00853	0.00698	0.00776	0.01319
58	0.02054	0.05038	0.06051	0.10102	0.12751	0.08082	0.09851	0.09328	0.06265	0.05640	0.01692	0.02210	0.01377	0.00939	0.01073	0.00259	0.12466	0.03291	0.00480	0.01051
59	0.00945	0.00675	0.00900	0.01080	0.01125	0.00630	0.00720	0.01080	0.01484	0.01979	0.04274	0.72245	0.05128	0.02429	0.00990	0.00315	0.00450	0.02204	0.00720	0.00630
60	0.01865	0.01803	0.03125	0.11877	0.58129	0.01835	0.05285	0.02341	0.01745	0.02471	0.01455	0.01943	0.01205	0.00698	0.00775	0.00235	0.00951	0.00701	0.00380	0.01180
61	0.02672	0.03170	0.02103	0.01831	0.02299	0.52424	0.01394	0.07592	0.02202	0.02235	0.01280	0.01470	0.01049	0.00769	0.00683	0.00187	0.01211	0.00507	0.00438	0.14482
62	0.78228	0.01499	0.01140	0.01020	0.01499	0.01739	0.00840	0.02279	0.01320	0.03479	0.01080	0.01260	0.00840	0.00720	0.00480	0.00240	0.00600	0.00420	0.00480	0.00840
63	0.01038	0.00765	0.00956	0.01066	0.01178	0.00718	0.00744	0.03761	0.01660	0.02181	0.07860	0.54309	0.14909	0.02245	0.00968	0.00301	0.00460	0.03485	0.00729	0.00669
64	0.00966	0.00780	0.00863	0.00881	0.01102	0.00677	0.00660	0.01193	0.01809	0.02263	0.17224	0.14275	0.47583	0.01960	0.00932	0.00269	0.00411	0.04742	0.00742	0.00668
65	0.14441	0.10367	0.11844	0.01444	0.02001	0.04558	0.01333	0.10229	0.10639	0.04988	0.06137	0.05362	0.04661	0.04031	0.00836	0.00252	0.00752	0.00771	0.00572	0.04782
66	0.14215	0.09654	0.07538	0.05388	0.14903	0.04787	0.15779	0.02658	0.05594	0.09852	0.01640	0.01882	0.01239	0.00747	0.00724	0.00236	0.00940	0.00672	0.00478	0.01076
67	0.08247	0.19246	0.10591	0.05236	0.05185	0.07215	0.08754	0.06204	0.06708	0.02586	0.04328	0.01925	0.01463	0.00785	0.00675	0.00215	0.00889	0.00634	0.04321	0.04794
68	0.02156	0.01801	0.04696	0.07665	0.05507	0.06567	0.01372	0.19263	0.14652	0.07908	0.05746	0.02807	0.06861	0.01020	0.00765	0.00237	0.00757	0.00824	0.08316	0.01082
69	0.07098	0.08168	0.09469	0.02372	0.15561	0.13283	0.05369	0.08803	0.10074	0.06640	0.01968	0.02101	0.04041	0.00848	0.00731	0.00230	0.00937	0.00687	0.00519	0.01100
70	0.09422	0.16630	0.02554	0.01822	0.05947	0.10699	0.06590	0.10836	0.08714	0.02797	0.07113	0.02110	0.01769	0.00897	0.00814	0.00227	0.05592	0.00683	0.03776	0.01009
71	0.10462	0.14911	0.08338	0.01730	0.07511	0.07979	0.01391	0.08479	0.12190	0.06061	0.01853	0.02123	0.01489	0.05662	0.00880	0.00256	0.00811	0.00650	0.06192	0.01031

[dist]
# distance from previous block
# <min> <max>
7	51

[block]
# block no. 6 follows, 25 sequences, length 28
# corresponding to MSA columns:
# 468-495
name=unknown_G
#
# <colnr> <probs for GDERKNQSTAVLIFYWHMCP>
#	G	D	E	R	K	N	Q	S	T	A	V	L	I	F	Y	W	H	M	C	P
0	0.04562	0.04981	0.14546	0.01445	0.02008	0.04418	0.01352	0.07963	0.09849	0.02747	0.08458	0.10165	0.08777	0.01139	0.00757	0.00227	0.00713	0.00937	0.00584	0.14369
1	0.02137	0.01925	0.04896	0.16243	0.11110	0.09519	0.06773	0.13486	0.04419	0.08840	0.05198	0.02440	0.01713	0.06680	0.01040	0.00281	0.00949	0.00770	0.00544	0.01035
2	0.01992	0.16092	0.08095	0.07543	0.02448	0.01983	0.04969	0.17004	0.09542	0.04945	0.09710	0.05406	0.02229	0.01169	0.03291	0.00270	0.00851	0.00818	0.00591	0.01052
3	0.01990	0.19590	0.02414	0.01465	0.01973	0.01814	0.06297	0.13344	0.04583	0.08166	0.05646	0.07671	0.08062	0.01110	0.00743	0.00225	0.00720	0.04072	0.03715	0.06403
4	0.02063	0.04315	0.04548	0.01379	0.01837	0.04085	0.01145	0.13472	0.12620	0.13679	0.17166	0.06197	0.08470	0.01204	0.00805	0.00238	0.00643	0.00997	0.00753	0.04382
5	0.10383	0.12972	0.05543	0.01656	0.02253	0.01946	0.08856	0.17670	0.07008	0.09273	0.06519	0.04193	0.01846	0.00904	0.00720	0.00226	0.00790	0.00744	0.00610	0.05888
6	0.04403	0.02168	0.07069	0.01791	0.07332	0.19622	0.01369	0.09783	0.02069	0.04806	0.04884	0.09583	0.09012	0.01146	0.00774	0.00229	0.00872	0.03377	0.00560	0.09153
7	0.04607	0.25918	0.17863	0.01605	0.02253	0.10011	0.01594	0.04623	0.10107	0.02338	0.01690	0.05367	0.01468	0.03921	0.00797	0.00236	0.00902	0.00653	0.00448	0.03598
8	0.08954	0.24671	0.21570	0.01758	0.05644	0.02119	0.01732	0.06532	0.04277	0.05533	0.01519	0.01755	0.01208	0.01290	0.08037	0.00326	0.01022	0.00573	0.00432	0.01049
9	0.05044	0.13181	0.13275	0.01436	0.01999	0.09789	0.01335	0.04773	0.04123	0.04979	0.02272	0.05594	0.07447	0.08639	0.01036	0.00266	0.00825	0.00766	0.00492	0.12730
10	0.01585	0.18469	0.01983	0.01405	0.04460	0.06764	0.01048	0.02101	0.12143	0.02170	0.05261	0.22734	0.07357	0.07847	0.01066	0.00292	0.00680	0.01201	0.00581	0.00852
11	0.01643	0.09604	0.12843	0.02071	0.11909	0.05010	0.06781	0.02077	0.01635	0.02254	0.02003	0.02353	0.06620	0.01598	0.11773	0.00368	0.01072	0.00701	0.00419	0.17265
12	0.02095	0.49009	0.16659	0.01594	0.02323	0.09925	0.01657	0.05077	0.01741	0.02086	0.01186	0.01365	0.01006	0.00704	0.00578	0.00188	0.00954	0.00467	0.00357	0.01028
13	0.00984	0.00768	0.00930	0.00963	0.01140	0.00713	0.00706	0.01206	0.01682	0.02181	0.15622	0.22009	0.32045	0.02653	0.12324	0.00435	0.00681	0.01602	0.00691	0.00667
14	0.03286	0.01277	0.01738	0.01347	0.01913	0.01107	0.01107	0.03591	0.02217	0.63160	0.08277	0.02894	0.02356	0.01010	0.00791	0.00240	0.00636	0.00830	0.00951	0.01272
15	0.01004	0.00721	0.00977	0.01095	0.01157	0.00725	0.00753	0.01158	0.01389	0.01885	0.03548	0.48366	0.04112	0.10784	0.17861	0.00586	0.00874	0.01758	0.00620	0.00628
16	0.03479	0.01320	0.01799	0.01380	0.01979	0.01140	0.01140	0.03779	0.02219	0.68451	0.03059	0.02639	0.01919	0.00960	0.00780	0.00240	0.00660	0.00780	0.00960	0.01320
17	0.53324	0.01656	0.01457	0.01245	0.01748	0.01898	0.01017	0.15238	0.10087	0.03733	0.01502	0.01589	0.01131	0.00805	0.00579	0.00241	0.00653	0.00534	0.00579	0.00986
18	0.01347	0.00673	0.01010	0.01010	0.01010	0.00673	0.00673	0.01010	0.01010	0.01347	0.01347	0.02357	0.01347	0.02694	0.03030	0.77441	0.00673	0.00673	0.00337	0.00337
19	0.01464	0.01378	0.02326	0.70887	0.05340	0.01723	0.02153	0.01981	0.01550	0.01981	0.01378	0.02067	0.01034	0.00775	0.00775	0.00258	0.01034	0.00689	0.00345	0.00861
20	0.02073	0.73217	0.04063	0.01327	0.01990	0.03068	0.01327	0.02322	0.01575	0.01824	0.01078	0.01244	0.00995	0.00663	0.00498	0.00166	0.00829	0.00415	0.00332	0.00995
21	0.01347	0.00673	0.01010	0.01010	0.01010	0.00673	0.00673	0.01010	0.01010	0.01347	0.01347	0.02357	0.01347	0.02694	0.03030	0.77441	0.00673	0.00673	0.00337	0.00337
22	0.01501	0.01416	0.02392	0.65533	0.10407	0.01732	0.02172	0.02013	0.01568	0.02026	0.01385	0.02055	0.01049	0.00768	0.00775	0.00256	0.01024	0.00689	0.00348	0.00891
23	0.01294	0.01103	0.01558	0.01460	0.01529	0.01394	0.01145	0.01494	0.01238	0.01812	0.01965	0.09498	0.02019	0.10351	0.33903	0.00800	0.25354	0.00941	0.00424	0.00718
24	0.01464	0.01378	0.02326	0.70887	0.05340	0.01723	0.02153	0.01981	0.01550	0.01981	0.01378	0.02067	0.01034	0.00775	0.00775	0.00258	0.01034	0.00689	0.00345	0.00861
25	0.02274	0.02642	0.01931	0.01752	0.02009	0.40564	0.01317	0.02538	0.05075	0.01888	0.01519	0.02228	0.01425	0.13682	0.04193	0.00362	0.12683	0.00670	0.00422	0.00824
26	0.01969	0.59273	0.17094	0.01505	0.02265	0.02813	0.01637	0.02349	0.01588	0.01951	0.01141	0.01323	0.00992	0.00678	0.00546	0.00182	0.00893	0.00447	0.00331	0.01025
27	0.01889	0.01480	0.01714	0.01246	0.01921	0.01221	0.01005	0.10466	0.01912	0.06493	0.01535	0.01699	0.01214	0.00643	0.00612	0.00137	0.00616	0.00509	0.00529	0.63158

[dist]
# distance from previous block
# <min> <max>
1	5

[block]
# block no. 7 follows, 25 sequences, length 6
# corresponding to MSA columns:
# 501-506
name=unknown_H
#
# <colnr> <probs for GDERKNQSTAVLIFYWHMCP>
#	G	D	E	R	K	N	Q	S	T	A	V	L	I	F	Y	W	H	M	C	P
0	0.01452	0.00970	0.01191	0.01202	0.01424	0.00962	0.00905	0.02010	0.12991	0.09675	0.08278	0.30286	0.10721	0.04504	0.01040	0.00310	0.00538	0.09960	0.00757	0.00825
1	0.00998	0.00713	0.00961	0.01140	0.01208	0.00676	0.00812	0.01171	0.01537	0.02039	0.04244	0.61188	0.05012	0.02379	0.01004	0.00322	0.00496	0.12737	0.00719	0.00644
2	0.02797	0.03193	0.02171	0.01912	0.02356	0.49904	0.01463	0.14471	0.09649	0.02589	0.01537	0.01649	0.01210	0.00851	0.00723	0.00213	0.01212	0.00577	0.00511	0.01012
3	0.02422	0.01722	0.01827	0.01474	0.01955	0.01896	0.01194	0.40955	0.10594	0.04154	0.02195	0.02261	0.01623	0.00938	0.00714	0.00222	0.00692	0.00726	0.21288	0.01147
4	0.01696	0.01454	0.01572	0.01435	0.01651	0.08980	0.01110	0.12722	0.01778	0.02334	0.02044	0.03281	0.01969	0.16139	0.27037	0.00718	0.07892	0.04890	0.00499	0.00799
5	0.02429	0.02837	0.02128	0.02104	0.09491	0.43128	0.01468	0.02796	0.05418	0.02170	0.01509	0.01944	0.01298	0.00829	0.00709	0.00200	0.01126	0.03690	0.00445	0.14279

[dist]
# distance from previous block
# <min> <max>
0	1

[block]
# block no. 8 follows, 25 sequences, length 16
# corresponding to MSA columns:
# 508-523
name=unknown_I
#
# <colnr> <probs for GDERKNQSTAVLIFYWHMCP>
#	G	D	E	R	K	N	Q	S	T	A	V	L	I	F	Y	W	H	M	C	P
0	0.01139	0.00741	0.00996	0.01129	0.01227	0.00691	0.00799	0.01315	0.01587	0.06204	0.06573	0.59098	0.04945	0.02277	0.00982	0.00312	0.00486	0.08076	0.00739	0.00685
1	0.01852	0.01774	0.03026	0.14550	0.58650	0.01825	0.02346	0.02321	0.01734	0.02451	0.01447	0.01941	0.01199	0.00703	0.00769	0.00234	0.00938	0.00691	0.00378	0.01174
2	0.01663	0.01581	0.02684	0.42042	0.32635	0.01775	0.02252	0.02155	0.01644	0.02222	0.01413	0.02003	0.01118	0.00738	0.00772	0.00246	0.00985	0.00690	0.00362	0.01021
3	0.01282	0.00903	0.01069	0.00996	0.01248	0.00852	0.00757	0.01778	0.08388	0.06563	0.38632	0.05642	0.22386	0.01567	0.00878	0.00247	0.00414	0.01347	0.04255	0.00793
4	0.02034	0.01791	0.01767	0.11839	0.02343	0.15407	0.01276	0.15425	0.02350	0.06739	0.20688	0.07166	0.05551	0.01190	0.00817	0.00239	0.00803	0.00980	0.00661	0.00934
5	0.02672	0.01971	0.02165	0.01703	0.02252	0.02190	0.01398	0.55761	0.03286	0.04425	0.01894	0.02039	0.01411	0.01662	0.11086	0.00384	0.01036	0.00718	0.00722	0.01225
6	0.01878	0.01771	0.02266	0.47565	0.04317	0.09193	0.01907	0.11751	0.07112	0.02507	0.01573	0.02030	0.01179	0.00823	0.00768	0.00249	0.01013	0.00685	0.00450	0.00963
7	0.02736	0.02021	0.02003	0.01611	0.02172	0.11926	0.01292	0.23899	0.13237	0.18805	0.02200	0.02115	0.01565	0.00895	0.00743	0.00220	0.00817	0.00689	0.00727	0.10327
8	0.02667	0.02188	0.02161	0.01718	0.02294	0.09486	0.01389	0.43640	0.12710	0.04101	0.01939	0.01943	0.01425	0.00902	0.00751	0.00223	0.00851	0.00681	0.00708	0.08222
9	0.14047	0.02117	0.02021	0.01637	0.02166	0.09442	0.01321	0.44036	0.02968	0.04121	0.01865	0.07331	0.01516	0.01004	0.00740	0.00237	0.00842	0.00755	0.00686	0.01147
10	0.01209	0.00983	0.01042	0.00941	0.01268	0.00882	0.00725	0.08165	0.01999	0.02529	0.12428	0.06228	0.49328	0.01705	0.00874	0.00245	0.00454	0.01418	0.00718	0.06858
11	0.13641	0.01923	0.02025	0.01804	0.06153	0.07472	0.01372	0.22766	0.07529	0.03305	0.01855	0.02025	0.04225	0.00977	0.01029	0.00244	0.13249	0.00674	0.00573	0.07158
12	0.02547	0.01904	0.02080	0.01601	0.02185	0.02018	0.01310	0.48932	0.03184	0.04341	0.08895	0.02249	0.01942	0.00948	0.00761	0.00216	0.00759	0.00739	0.00737	0.12653
13	0.02404	0.01955	0.02200	0.01812	0.02326	0.08695	0.07543	0.21678	0.22950	0.09733	0.02501	0.02880	0.01955	0.01044	0.00814	0.00254	0.00845	0.06529	0.00717	0.01165
14	0.11546	0.01992	0.01878	0.01597	0.02038	0.13039	0.01266	0.21029	0.12005	0.10635	0.02177	0.09029	0.01798	0.01083	0.00862	0.00248	0.05213	0.00818	0.00668	0.01080
15	0.02666	0.01922	0.02079	0.01662	0.02218	0.02124	0.01351	0.42059	0.20336	0.09286	0.02323	0.02232	0.01668	0.00965	0.00772	0.00240	0.00758	0.00753	0.03312	0.01274

[dist]
# distance from previous block
# <min> <max>
0	28

[block]
# block no. 9 follows, 25 sequences, length 9
# corresponding to MSA columns:
# 552-560
name=unknown_J
#
# <colnr> <probs for GDERKNQSTAVLIFYWHMCP>
#	G	D	E	R	K	N	Q	S	T	A	V	L	I	F	Y	W	H	M	C	P
0	0.20249	0.05743	0.02024	0.01536	0.02093	0.08455	0.01259	0.30477	0.07502	0.07721	0.01728	0.01761	0.01270	0.00851	0.00678	0.00226	0.00803	0.00609	0.00647	0.04369
1	0.07756	0.01761	0.02054	0.01755	0.04965	0.05067	0.05327	0.28653	0.02595	0.09776	0.07433	0.08390	0.02273	0.01111	0.00796	0.00243	0.00784	0.04210	0.00697	0.04353
2	0.17456	0.01849	0.01672	0.05093	0.02001	0.15981	0.01192	0.05621	0.08745	0.06528	0.01969	0.11125	0.01780	0.01300	0.02906	0.03549	0.06525	0.00816	0.00545	0.03348
3	0.02225	0.02065	0.02210	0.04765	0.02381	0.13368	0.06271	0.19704	0.15133	0.03066	0.02031	0.06513	0.01680	0.01057	0.01022	0.00254	0.10530	0.00811	0.03855	0.01056
4	0.05227	0.01464	0.01921	0.25201	0.05301	0.01591	0.01473	0.09463	0.11645	0.08017	0.02202	0.02541	0.04720	0.04772	0.00916	0.00261	0.00789	0.00754	0.00557	0.11184
5	0.08473	0.01823	0.02511	0.35925	0.18247	0.09382	0.05394	0.04987	0.01756	0.02376	0.01381	0.01882	0.01076	0.00755	0.00747	0.00243	0.01019	0.00658	0.00392	0.00974
6	0.05064	0.01532	0.02217	0.41591	0.07515	0.01771	0.01830	0.11083	0.06891	0.10324	0.01769	0.02128	0.01281	0.00832	0.00764	0.00251	0.00909	0.00704	0.00517	0.01025
7	0.01750	0.01649	0.02379	0.07255	0.02460	0.05266	0.11169	0.02212	0.07180	0.05386	0.05988	0.09466	0.02028	0.01257	0.01566	0.00294	0.30364	0.00932	0.00492	0.00908
8	0.01464	0.01378	0.02326	0.70887	0.05340	0.01723	0.02153	0.01981	0.01550	0.01981	0.01378	0.02067	0.01034	0.00775	0.00775	0.00258	0.01034	0.00689	0.00345	0.00861

[dist]
# distance from previous block
# <min> <max>
0	3

[block]
# block no. 10 follows, 25 sequences, length 21
# corresponding to MSA columns:
# 564-584
name=unknown_K
#
# <colnr> <probs for GDERKNQSTAVLIFYWHMCP>
#	G	D	E	R	K	N	Q	S	T	A	V	L	I	F	Y	W	H	M	C	P
0	0.02947	0.02172	0.02327	0.01784	0.02404	0.02404	0.01474	0.65329	0.03646	0.04887	0.01862	0.01862	0.01319	0.00931	0.00776	0.00233	0.00853	0.00698	0.00776	0.01319
1	0.01188	0.00890	0.01135	0.01068	0.01274	0.00885	0.00810	0.01740	0.09006	0.02987	0.53752	0.05193	0.06222	0.01970	0.08088	0.00351	0.00571	0.01286	0.00801	0.00781
2	0.02601	0.01828	0.02033	0.01638	0.02167	0.02010	0.01331	0.38716	0.16465	0.11494	0.02294	0.02291	0.01673	0.01470	0.07981	0.00346	0.00909	0.00759	0.00762	0.01234
3	0.02947	0.02172	0.02327	0.01784	0.02404	0.02404	0.01474	0.65329	0.03646	0.04887	0.01862	0.01862	0.01319	0.00931	0.00776	0.00233	0.00853	0.00698	0.00776	0.01319
4	0.01027	0.00768	0.00817	0.00817	0.00942	0.00705	0.00527	0.01120	0.01433	0.01786	0.05029	0.06215	0.33774	0.38926	0.02499	0.00518	0.00580	0.01371	0.00589	0.00558
5	0.02069	0.01687	0.01819	0.01605	0.02053	0.01914	0.01282	0.16813	0.45957	0.03489	0.02988	0.03328	0.02379	0.01148	0.00818	0.00267	0.00676	0.07744	0.00778	0.01189
6	0.02720	0.02356	0.02180	0.01781	0.02320	0.15215	0.01426	0.40324	0.16774	0.03962	0.02010	0.01992	0.01481	0.00931	0.00764	0.00233	0.00907	0.00698	0.00706	0.01219
7	0.02804	0.02195	0.02240	0.01769	0.02351	0.06447	0.01441	0.53112	0.12200	0.04478	0.01999	0.01975	0.01443	0.00939	0.00773	0.00235	0.00854	0.00710	0.00754	0.01280
8	0.00922	0.00764	0.00808	0.00843	0.01062	0.00650	0.00615	0.01106	0.01712	0.02072	0.07152	0.20179	0.55336	0.02055	0.00931	0.00272	0.00404	0.01748	0.00720	0.00650
9	0.01441	0.01104	0.01438	0.01464	0.01678	0.01191	0.01252	0.08243	0.01911	0.02514	0.03929	0.07101	0.10533	0.01908	0.01188	0.00332	0.08582	0.42727	0.00679	0.00786
10	0.02746	0.02057	0.02217	0.01703	0.02321	0.02227	0.01399	0.55135	0.06617	0.04539	0.01873	0.01886	0.01353	0.00897	0.00754	0.00221	0.00810	0.00680	0.00741	0.09823
11	0.02784	0.02082	0.02237	0.01727	0.02338	0.02279	0.01419	0.56612	0.08179	0.04609	0.01926	0.01921	0.01385	0.00916	0.00763	0.00227	0.00817	0.00696	0.00756	0.06327
12	0.01015	0.00739	0.00844	0.00895	0.00983	0.00689	0.00575	0.01110	0.01413	0.01809	0.04520	0.24915	0.22087	0.32362	0.02233	0.00486	0.00563	0.01581	0.00613	0.00569
13	0.01694	0.01565	0.02607	0.02073	0.02490	0.01697	0.21688	0.09224	0.08708	0.02526	0.01895	0.02450	0.01575	0.02637	0.25519	0.00617	0.08775	0.00832	0.00480	0.00949
14	0.02524	0.02860	0.02119	0.01825	0.02253	0.41400	0.01413	0.09488	0.04174	0.02362	0.01341	0.01563	0.01103	0.00846	0.00896	0.00207	0.08990	0.00546	0.00455	0.13634
15	0.10276	0.02023	0.02087	0.08899	0.02543	0.06984	0.01432	0.36009	0.13523	0.05632	0.01931	0.01981	0.01408	0.00905	0.00742	0.00239	0.00840	0.00687	0.00681	0.01177
16	0.02220	0.02031	0.09441	0.01667	0.02237	0.01917	0.01464	0.32929	0.09277	0.03640	0.02088	0.09462	0.01758	0.01062	0.00877	0.00237	0.05088	0.00832	0.00653	0.11118
17	0.02166	0.02073	0.02185	0.01855	0.02126	0.12835	0.01504	0.17309	0.08979	0.02747	0.01835	0.02120	0.04732	0.01167	0.01560	0.00280	0.32282	0.00727	0.00521	0.00998
