[name]
unknown

[dist]
# distance from previous block
# <min> <max>
0	76

[block]
# block no. 0 follows, 34 sequences, length 14
# corresponding to MSA columns:
# 76-89
name=unknown_A
#
# <colnr> <probs for GDERKNQSTAVLIFYWHMCP>
#	G	D	E	R	K	N	Q	S	T	A	V	L	I	F	Y	W	H	M	C	P
0	0.00817	0.00651	0.00737	0.00761	0.00939	0.00571	0.00575	0.01011	0.01505	0.01896	0.17350	0.15286	0.46321	0.01646	0.00783	0.00228	0.00353	0.07392	0.00619	0.00558
1	0.02004	0.01466	0.01611	0.01355	0.01771	0.01622	0.01097	0.29262	0.32708	0.09774	0.02278	0.02494	0.01757	0.00911	0.00673	0.00215	0.00599	0.06722	0.00661	0.01021
2	0.06186	0.06435	0.01699	0.01243	0.01653	0.01409	0.01036	0.17396	0.01927	0.35143	0.08095	0.02057	0.01696	0.00855	0.00813	0.00205	0.09905	0.00635	0.00640	0.00970
3	0.01766	0.29172	0.19744	0.03912	0.02351	0.06707	0.14286	0.02173	0.01465	0.10836	0.01257	0.01420	0.00953	0.00607	0.00574	0.00181	0.00846	0.00504	0.00355	0.00892
4	0.04828	0.17533	0.02893	0.02086	0.10176	0.04899	0.27163	0.08753	0.03664	0.02119	0.01263	0.01645	0.01044	0.04684	0.00837	0.00218	0.04368	0.00606	0.00361	0.00861
5	0.00800	0.00640	0.00715	0.00729	0.00903	0.00556	0.00534	0.00985	0.01509	0.01909	0.20142	0.17736	0.47300	0.01634	0.00774	0.00222	0.00330	0.01401	0.00624	0.00556
6	0.00797	0.00572	0.00748	0.00880	0.00926	0.00533	0.00588	0.00913	0.01253	0.01668	0.05957	0.68878	0.06729	0.05102	0.00922	0.00274	0.00381	0.01760	0.00595	0.00523
7	0.01710	0.03133	0.04403	0.20097	0.25450	0.03482	0.06507	0.05999	0.10447	0.10059	0.01535	0.01774	0.01153	0.00667	0.00646	0.00202	0.00768	0.00604	0.00424	0.00938
8	0.10157	0.38502	0.17675	0.01327	0.01927	0.08477	0.02724	0.03678	0.01431	0.07225	0.01108	0.01231	0.00880	0.00604	0.00500	0.00169	0.00767	0.00416	0.00342	0.00862
9	0.01653	0.00929	0.01197	0.04921	0.01472	0.00841	0.00812	0.02009	0.05373	0.25641	0.26372	0.03386	0.10592	0.01019	0.00678	0.00192	0.00449	0.00867	0.00662	0.10935
10	0.05257	0.00792	0.01004	0.00971	0.01121	0.00854	0.00719	0.04206	0.04935	0.05288	0.07360	0.12416	0.02375	0.16754	0.32307	0.00640	0.01022	0.00898	0.00467	0.00615
11	0.11892	0.09978	0.12792	0.01770	0.11773	0.01556	0.07822	0.09192	0.06320	0.11683	0.01438	0.01552	0.01067	0.00640	0.00582	0.00186	0.00706	0.00529	0.00442	0.08081
12	0.01469	0.01584	0.08709	0.26533	0.18938	0.01547	0.11410	0.06538	0.03626	0.02057	0.01236	0.01634	0.00964	0.00657	0.00760	0.00207	0.06445	0.00588	0.00338	0.04758
13	0.10696	0.07161	0.02309	0.22249	0.35134	0.05456	0.04223	0.01917	0.01391	0.02005	0.01130	0.01510	0.00917	0.00599	0.00599	0.00195	0.00789	0.00531	0.00318	0.00871

[dist]
# distance from previous block
# <min> <max>
2	7

[block]
# block no. 1 follows, 34 sequences, length 170
# corresponding to MSA columns:
# 97-266
name=unknown_B
#
# <colnr> <probs for GDERKNQSTAVLIFYWHMCP>
#	G	D	E	R	K	N	Q	S	T	A	V	L	I	F	Y	W	H	M	C	P
0	0.01526	0.01391	0.02278	0.19854	0.43604	0.01470	0.03668	0.02049	0.08416	0.04199	0.01414	0.01829	0.01147	0.03528	0.00747	0.00217	0.00761	0.00612	0.00363	0.00928
1	0.09917	0.01302	0.01530	0.01338	0.06985	0.03230	0.02890	0.06955	0.07762	0.08111	0.01596	0.03776	0.02984	0.00680	0.00599	0.00159	0.02738	0.00543	0.00463	0.36443
2	0.07904	0.01428	0.01683	0.01515	0.07000	0.03944	0.05322	0.22027	0.15642	0.10396	0.04932	0.07111	0.06419	0.00911	0.00659	0.00207	0.00619	0.00761	0.00588	0.00930
3	0.04836	0.04134	0.01431	0.01182	0.01559	0.01389	0.00939	0.04953	0.42469	0.04879	0.10157	0.02591	0.02236	0.00882	0.00635	0.00199	0.00501	0.03324	0.00606	0.11095
4	0.05036	0.07406	0.08381	0.05054	0.39752	0.12143	0.06215	0.02107	0.01500	0.04709	0.01198	0.01489	0.00966	0.00600	0.00612	0.00188	0.00839	0.00533	0.00336	0.00935
5	0.01044	0.00690	0.00867	0.00815	0.01003	0.00620	0.00614	0.01302	0.01715	0.08445	0.48272	0.09983	0.19403	0.01391	0.00757	0.00210	0.00335	0.01212	0.00688	0.00632
6	0.01693	0.57370	0.18095	0.01280	0.01909	0.04745	0.01375	0.02014	0.01356	0.03671	0.01003	0.01143	0.00849	0.00576	0.00469	0.00155	0.00759	0.00384	0.00292	0.00860
7	0.00779	0.00655	0.00675	0.00670	0.00882	0.00552	0.00503	0.00956	0.01508	0.01829	0.13080	0.06081	0.66413	0.01605	0.00763	0.00217	0.00325	0.01344	0.00611	0.00552
8	0.00875	0.00699	0.01081	0.01078	0.01197	0.00650	0.08091	0.01050	0.01322	0.01770	0.08712	0.60697	0.06673	0.01798	0.00811	0.00251	0.00444	0.01654	0.00579	0.00569
9	0.01727	0.77681	0.03386	0.01106	0.01658	0.02557	0.01106	0.01935	0.01313	0.01520	0.00898	0.01036	0.00829	0.00553	0.00415	0.00138	0.00691	0.00345	0.00276	0.00829
10	0.00797	0.00581	0.00751	0.00866	0.00933	0.00535	0.00590	0.00933	0.01318	0.01749	0.10491	0.62764	0.11477	0.01917	0.00812	0.00252	0.00363	0.01725	0.00610	0.00535
11	0.01331	0.09360	0.68233	0.01782	0.02704	0.01586	0.02284	0.02037	0.01360	0.02004	0.01138	0.01338	0.00819	0.00609	0.00598	0.00199	0.00934	0.00467	0.00273	0.00945
12	0.01296	0.03342	0.73944	0.01842	0.02797	0.01501	0.02387	0.02046	0.01364	0.02046	0.01160	0.01364	0.00818	0.00614	0.00614	0.00205	0.00955	0.00477	0.00273	0.00955
13	0.00787	0.00562	0.00750	0.00900	0.00937	0.00525	0.00600	0.00900	0.01237	0.01649	0.03561	0.76871	0.04274	0.02024	0.00825	0.00262	0.00375	0.01837	0.00600	0.00525
14	0.01452	0.01477	0.05291	0.26659	0.43206	0.01534	0.01898	0.01849	0.01375	0.01921	0.01165	0.01616	0.00951	0.00640	0.00747	0.00206	0.06237	0.00570	0.00305	0.00900
15	0.01512	0.35565	0.37470	0.01465	0.02195	0.01943	0.01712	0.04588	0.01424	0.01916	0.04001	0.01370	0.01050	0.00622	0.00534	0.00175	0.00804	0.00452	0.00307	0.00891
16	0.00995	0.00706	0.01052	0.01013	0.01098	0.00755	0.03566	0.01080	0.01096	0.01525	0.07790	0.13812	0.02299	0.11473	0.26762	0.19043	0.04134	0.00899	0.00401	0.00501
17	0.01525	0.01743	0.03813	0.02723	0.03377	0.01634	0.70915	0.02070	0.01525	0.02070	0.01307	0.01743	0.00980	0.00545	0.00763	0.00218	0.01089	0.00763	0.00327	0.00871
18	0.23047	0.04637	0.01662	0.47331	0.03234	0.01433	0.01391	0.01684	0.01237	0.01983	0.01222	0.06251	0.01031	0.00716	0.00580	0.00211	0.00725	0.00583	0.00337	0.00706
19	0.01257	0.01211	0.02120	0.67402	0.06283	0.01456	0.07791	0.01696	0.01317	0.01700	0.01164	0.01721	0.00876	0.00635	0.00656	0.00215	0.00878	0.00591	0.00291	0.00740
20	0.01599	0.01535	0.02623	0.03966	0.73262	0.01535	0.01983	0.01983	0.01471	0.02111	0.01215	0.01599	0.01023	0.00576	0.00640	0.00192	0.00768	0.00576	0.00320	0.01023
21	0.01220	0.01148	0.01938	0.75739	0.04450	0.01436	0.01794	0.01651	0.01292	0.01651	0.01148	0.01723	0.00861	0.00646	0.00646	0.00215	0.00861	0.00574	0.00287	0.00718
22	0.01863	0.01437	0.01676	0.03809	0.09081	0.01595	0.01170	0.14395	0.44434	0.09879	0.02256	0.02145	0.01662	0.00815	0.00653	0.00210	0.00585	0.00678	0.00624	0.01034
23	0.01296	0.03342	0.73944	0.01842	0.02797	0.01501	0.02387	0.02046	0.01364	0.02046	0.01160	0.01364	0.00818	0.00614	0.00614	0.00205	0.00955	0.00477	0.00273	0.00955
24	0.00931	0.00661	0.00880	0.00880	0.00940	0.00722	0.00610	0.01052	0.00991	0.01383	0.01876	0.03341	0.01964	0.39268	0.40787	0.00843	0.01206	0.00810	0.00368	0.00489
25	0.01296	0.03342	0.73944	0.01842	0.02797	0.01501	0.02387	0.02046	0.01364	0.02046	0.01160	0.01364	0.00818	0.00614	0.00614	0.00205	0.00955	0.00477	0.00273	0.00955
26	0.17900	0.07728	0.06516	0.01328	0.01789	0.10744	0.01136	0.20188	0.21355	0.02820	0.01575	0.01589	0.01188	0.00727	0.00572	0.00195	0.00684	0.00531	0.00508	0.00925
27	0.01079	0.00709	0.01001	0.00959	0.01116	0.00748	0.00742	0.01338	0.01362	0.07307	0.24407	0.03234	0.03038	0.03267	0.42860	0.00677	0.01135	0.00837	0.03556	0.00628
28	0.00787	0.00562	0.00750	0.00900	0.00937	0.00525	0.00600	0.00900	0.01237	0.01649	0.03561	0.76871	0.04274	0.02024	0.00825	0.00262	0.00375	0.01837	0.00600	0.00525
29	0.01589	0.01524	0.02603	0.05974	0.71336	0.01532	0.01978	0.01974	0.01466	0.02098	0.01214	0.01603	0.01019	0.00578	0.00640	0.00193	0.00770	0.00576	0.00319	0.01015
30	0.01170	0.01068	0.01762	0.63431	0.03878	0.01300	0.01600	0.01580	0.01380	0.01805	0.12939	0.02233	0.01721	0.00757	0.00665	0.00213	0.00770	0.00672	0.00357	0.00700
31	0.02280	0.02826	0.01961	0.02043	0.13704	0.62679	0.01369	0.02482	0.01772	0.01668	0.01034	0.01237	0.00864	0.00651	0.00592	0.00171	0.01100	0.00442	0.00331	0.00794
32	0.01231	0.01160	0.01958	0.73645	0.06458	0.01438	0.01800	0.01661	0.01297	0.01664	0.01150	0.01719	0.00866	0.00644	0.00646	0.00215	0.00859	0.00574	0.00288	0.00727
33	0.00862	0.00634	0.00835	0.00950	0.01000	0.00628	0.00652	0.02999	0.01280	0.01717	0.03390	0.71543	0.04039	0.01951	0.00873	0.00261	0.03500	0.01748	0.00588	0.00549
34	0.01727	0.77681	0.03386	0.01106	0.01658	0.02557	0.01106	0.01935	0.01313	0.01520	0.00898	0.01036	0.00829	0.00553	0.00415	0.00138	0.00691	0.00345	0.00276	0.00829
35	0.00911	0.00677	0.00868	0.00937	0.01086	0.00635	0.00749	0.01152	0.01527	0.02003	0.20450	0.16896	0.20031	0.01678	0.00823	0.00252	0.00433	0.27693	0.00624	0.00577
36	0.42709	0.01263	0.01540	0.25713	0.13880	0.01459	0.01262	0.01832	0.01222	0.02366	0.01031	0.01357	0.00804	0.00611	0.00519	0.00204	0.00661	0.00459	0.00350	0.00758
37	0.01525	0.01743	0.03813	0.02723	0.03377	0.01634	0.70915	0.02070	0.01525	0.02070	0.01307	0.01743	0.00980	0.00545	0.00763	0.00218	0.01089	0.00763	0.00327	0.00871
38	0.01122	0.00561	0.00842	0.00842	0.00842	0.00561	0.00561	0.00842	0.00842	0.01122	0.01122	0.01964	0.01122	0.02245	0.02525	0.81201	0.00561	0.00561	0.00281	0.00281
39	0.00856	0.00660	0.00798	0.00880	0.01033	0.00602	0.00688	0.01049	0.01420	0.01781	0.04854	0.23588	0.34867	0.01776	0.00818	0.00254	0.00422	0.22499	0.00598	0.00556
40	0.01220	0.01148	0.01938	0.75739	0.04450	0.01436	0.01794	0.01651	0.01292	0.01651	0.01148	0.01723	0.00861	0.00646	0.00646	0.00215	0.00861	0.00574	0.00287	0.00718
41	0.00923	0.00692	0.01038	0.01038	0.01154	0.00808	0.00808	0.01154	0.01038	0.01500	0.01731	0.02538	0.01615	0.04846	0.74732	0.01038	0.01731	0.00692	0.00346	0.00577
42	0.09231	0.01112	0.01455	0.01126	0.01617	0.00990	0.00930	0.03049	0.01789	0.68030	0.02417	0.02107	0.01527	0.00784	0.00630	0.00200	0.00546	0.00626	0.00768	0.01068
43	0.01517	0.04062	0.05540	0.08318	0.10307	0.01401	0.30445	0.04115	0.03626	0.07438	0.04462	0.08824	0.03329	0.02713	0.00775	0.00223	0.00822	0.00817	0.00422	0.00845
44	0.00946	0.00627	0.00724	0.00724	0.00728	0.00631	0.00415	0.00945	0.00940	0.01258	0.01989	0.04073	0.02272	0.71460	0.06199	0.03705	0.00669	0.00915	0.00385	0.00395
45	0.01296	0.03342	0.73944	0.01842	0.02797	0.01501	0.02387	0.02046	0.01364	0.02046	0.01160	0.01364	0.00818	0.00614	0.00614	0.00205	0.00955	0.00477	0.00273	0.00955
46	0.00949	0.00692	0.00828	0.00819	0.00985	0.00639	0.00601	0.03655	0.01570	0.04053	0.26361	0.20637	0.27320	0.03980	0.03695	0.00266	0.00414	0.01317	0.00626	0.00594
47	0.01412	0.19565	0.46297	0.01815	0.04848	0.01723	0.09385	0.01989	0.01370	0.01922	0.01188	0.03517	0.00945	0.00632	0.00592	0.00193	0.00888	0.00521	0.00290	0.00908
48	0.01563	0.01795	0.03671	0.02646	0.03267	0.04983	0.65801	0.02079	0.01524	0.02033	0.01280	0.01707	0.00970	0.00566	0.00792	0.00217	0.03176	0.00741	0.00326	0.00861
49	0.01447	0.01466	0.02154	0.09709	0.09069	0.03876	0.06093	0.01669	0.01127	0.01654	0.00950	0.01479	0.00875	0.00975	0.01690	0.00259	0.53891	0.00576	0.00291	0.00751
50	0.01759	0.74271	0.03315	0.01131	0.01674	0.05854	0.01112	0.01964	0.01337	0.01523	0.00903	0.01042	0.00829	0.00558	0.00422	0.00139	0.00713	0.00349	0.00279	0.00826
51	0.00885	0.00665	0.00809	0.00878	0.01022	0.00615	0.00683	0.01063	0.01392	0.01758	0.06333	0.16952	0.30846	0.07739	0.01063	0.02502	0.00451	0.23231	0.00576	0.00541
52	0.01253	0.01193	0.02047	0.68968	0.08241	0.01449	0.04431	0.01685	0.01311	0.01692	0.01158	0.01717	0.00875	0.00638	0.00650	0.00214	0.00865	0.00581	0.00290	0.00741
53	0.01220	0.01148	0.01938	0.75739	0.04450	0.01436	0.01794	0.01651	0.01292	0.01651	0.01148	0.01723	0.00861	0.00646	0.00646	0.00215	0.00861	0.00574	0.00287	0.00718
54	0.02899	0.01100	0.01499	0.01150	0.01649	0.00950	0.00950	0.03149	0.01849	0.73709	0.02549	0.02199	0.01599	0.00800	0.00650	0.00200	0.00550	0.00650	0.00800	0.01100
55	0.01220	0.01148	0.01938	0.75739	0.04450	0.01436	0.01794	0.01651	0.01292	0.01651	0.01148	0.01723	0.00861	0.00646	0.00646	0.00215	0.00861	0.00574	0.00287	0.00718
56	0.02456	0.01810	0.01939	0.01487	0.02004	0.02004	0.01228	0.71107	0.03038	0.04072	0.01551	0.01551	0.01099	0.00776	0.00646	0.00194	0.00711	0.00582	0.00646	0.01099
57	0.00838	0.00657	0.00757	0.00732	0.00918	0.00577	0.00549	0.01071	0.01648	0.02162	0.39208	0.05533	0.40077	0.01481	0.00763	0.00211	0.00316	0.01268	0.00655	0.00577
58	0.00936	0.00639	0.00771	0.00771	0.00794	0.00662	0.00474	0.00982	0.00959	0.01302	0.01975	0.03893	0.02204	0.62932	0.17450	0.00708	0.00845	0.00891	0.00383	0.00428
59	0.01296	0.03342	0.73944	0.01842	0.02797	0.01501	0.02387	0.02046	0.01364	0.02046	0.01160	0.01364	0.00818	0.00614	0.00614	0.00205	0.00955	0.00477	0.00273	0.00955
60	0.01220	0.01148	0.01938	0.75739	0.04450	0.01436	0.01794	0.01651	0.01292	0.01651	0.01148	0.01723	0.00861	0.00646	0.00646	0.00215	0.00861	0.00574	0.00287	0.00718
61	0.04938	0.01103	0.01485	0.01142	0.01639	0.00963	0.00943	0.03117	0.01830	0.71880	0.02507	0.02170	0.01576	0.00795	0.00643	0.00200	0.00549	0.00642	0.00789	0.01089
62	0.00796	0.00568	0.00760	0.00910	0.00951	0.00532	0.00615	0.00915	0.01246	0.01659	0.03556	0.74502	0.04255	0.02016	0.00827	0.00264	0.00382	0.04120	0.00600	0.00527
63	0.01033	0.00739	0.01146	0.03923	0.01359	0.00698	0.07451	0.01210	0.01313	0.07105	0.03177	0.61175	0.03626	0.01737	0.00799	0.00252	0.00475	0.01596	0.00577	0.00609
64	0.00903	0.00660	0.00848	0.00801	0.00958	0.00605	0.00601	0.01198	0.01803	0.02529	0.68027	0.04929	0.11029	0.01344	0.00762	0.00204	0.00306	0.01183	0.00703	0.00605
65	0.01954	0.42438	0.02658	0.04356	0.01866	0.17624	0.01185	0.05902	0.01530	0.07105	0.01085	0.01239	0.00905	0.00660	0.00633	0.00167	0.07087	0.00424	0.00349	0.00832
66	0.12634	0.01877	0.01727	0.01561	0.06597	0.19414	0.01167	0.23131	0.03696	0.02623	0.01414	0.01561	0.03677	0.00765	0.00757	0.00192	0.09317	0.00527	0.00453	0.06911
67	0.23134	0.04700	0.01684	0.01272	0.01751	0.01785	0.01055	0.41840	0.05889	0.08643	0.01482	0.01490	0.01064	0.00728	0.00573	0.00195	0.00633	0.00524	0.00579	0.00980
68	0.01212	0.04113	0.03942	0.01153	0.01295	0.09396	0.00911	0.01383	0.01119	0.01476	0.01543	0.02541	0.01539	0.21607	0.32396	0.00662	0.12094	0.00683	0.00341	0.00592
69	0.00831	0.00657	0.00749	0.00726	0.00914	0.00574	0.00544	0.01059	0.01633	0.02126	0.36381	0.05593	0.42927	0.01495	0.00763	0.00211	0.00317	0.01276	0.00650	0.00574
70	0.01432	0.01158	0.01355	0.00983	0.01535	0.00907	0.00787	0.04842	0.01455	0.04836	0.03983	0.01515	0.01185	0.00536	0.00503	0.00108	0.00485	0.00432	0.00423	0.71538
71	0.00797	0.00570	0.00758	0.00893	0.00939	0.00531	0.00601	0.00924	0.01282	0.01720	0.08773	0.71457	0.04410	0.01971	0.00820	0.00258	0.00370	0.01787	0.00608	0.00531
72	0.01122	0.00561	0.00842	0.00842	0.00842	0.00561	0.00561	0.00842	0.00842	0.01122	0.01122	0.01964	0.01122	0.02245	0.02525	0.81201	0.00561	0.00561	0.00281	0.00281
73	0.00794	0.00643	0.00706	0.00718	0.00899	0.00554	0.00528	0.00977	0.01505	0.01886	0.18207	0.15851	0.51208	0.01633	0.00772	0.00222	0.00330	0.01394	0.00620	0.00554
74	0.01257	0.01210	0.02115	0.67538	0.06344	0.01455	0.07604	0.01696	0.01317	0.01699	0.01164	0.01721	0.00876	0.00635	0.00656	0.00215	0.00878	0.00590	0.00291	0.00739
75	0.00923	0.00692	0.01038	0.01038	0.01154	0.00808	0.00808	0.01154	0.01038	0.01500	0.01731	0.02538	0.01615	0.04846	0.74732	0.01038	0.01731	0.00692	0.00346	0.00577
76	0.00782	0.00657	0.00680	0.00681	0.00892	0.00556	0.00514	0.00960	0.01500	0.01814	0.11451	0.06142	0.66141	0.01617	0.00767	0.00219	0.00333	0.03134	0.00608	0.00552
77	0.01707	0.71972	0.05980	0.01141	0.01702	0.02481	0.01151	0.01996	0.04004	0.01585	0.00974	0.01101	0.00872	0.00567	0.00431	0.00144	0.00694	0.00365	0.00291	0.00841
78	0.04483	0.01411	0.01498	0.01219	0.01628	0.03475	0.00984	0.31716	0.13904	0.14362	0.01961	0.01937	0.01412	0.00784	0.00602	0.00190	0.00579	0.00610	0.16276	0.00968
79	0.01296	0.03342	0.73944	0.01842	0.02797	0.01501	0.02387	0.02046	0.01364	0.02046	0.01160	0.01364	0.00818	0.00614	0.00614	0.00205	0.00955	0.00477	0.00273	0.00955
80	0.00783	0.00593	0.00724	0.00823	0.00918	0.00533	0.00567	0.00916	0.01323	0.01703	0.06253	0.53695	0.25054	0.01889	0.00805	0.00248	0.00359	0.01677	0.00603	0.00533
81	0.01571	0.01506	0.02571	0.09359	0.68091	0.01528	0.01969	0.01958	0.01458	0.02076	0.01210	0.01608	0.01011	0.00581	0.00640	0.00194	0.00775	0.00576	0.00317	0.01001
82	0.01863	0.01162	0.01247	0.01118	0.01386	0.10269	0.00848	0.04932	0.04801	0.25960	0.05250	0.20925	0.02296	0.01422	0.03251	0.10360	0.00618	0.00931	0.00594	0.00768
83	0.04594	0.01557	0.04936	0.09169	0.62970	0.01523	0.01934	0.01957	0.01440	0.02104	0.01197	0.01580	0.00992	0.00583	0.00630	0.00194	0.00771	0.00564	0.00319	0.00986
84	0.01674	0.04721	0.01369	0.01206	0.01421	0.34464	0.00895	0.01842	0.01435	0.01616	0.01472	0.02148	0.01369	0.15524	0.14924	0.00411	0.01037	0.00586	0.11253	0.00634
85	0.00822	0.00651	0.00739	0.00729	0.00911	0.00568	0.00542	0.01035	0.01592	0.02057	0.31277	0.10015	0.43686	0.01542	0.00767	0.00215	0.00322	0.01319	0.00642	0.00568
86	0.02414	0.03079	0.01831	0.01665	0.01998	0.74698	0.01248	0.02580	0.01831	0.01581	0.00999	0.01165	0.00832	0.00666	0.00583	0.00166	0.01165	0.00416	0.00333	0.00749
87	0.01414	0.01414	0.01979	0.01696	0.01696	0.01979	0.01414	0.01555	0.00990	0.01555	0.00848	0.01414	0.00848	0.01131	0.02120	0.00283	0.76110	0.00565	0.00283	0.00707
88	0.02885	0.01122	0.01514	0.01160	0.01661	0.00984	0.00959	0.05337	0.01888	0.71467	0.02517	0.02178	0.01583	0.00799	0.00650	0.00200	0.00555	0.00648	0.00795	0.01100
89	0.01220	0.01148	0.01938	0.75739	0.04450	0.01436	0.01794	0.01651	0.01292	0.01651	0.01148	0.01723	0.00861	0.00646	0.00646	0.00215	0.00861	0.00574	0.00287	0.00718
90	0.02414	0.03079	0.01831	0.01665	0.01998	0.74698	0.01248	0.02580	0.01831	0.01581	0.00999	0.01165	0.00832	0.00666	0.00583	0.00166	0.01165	0.00416	0.00333	0.00749
91	0.00788	0.00578	0.00740	0.00862	0.00929	0.00530	0.00585	0.00913	0.01288	0.01691	0.06046	0.64741	0.14043	0.01949	0.00814	0.00254	0.00366	0.01750	0.00603	0.00530
92	0.00804	0.00575	0.00769	0.00919	0.00964	0.00540	0.00630	0.00929	0.01254	0.01669	0.03552	0.72178	0.04236	0.02008	0.00829	0.00265	0.00390	0.06361	0.00599	0.00530
93	0.01704	0.28962	0.20842	0.01453	0.01986	0.20040	0.01454	0.02044	0.01471	0.01753	0.06399	0.01464	0.01224	0.00694	0.00652	0.00177	0.06068	0.00474	0.00323	0.00817
94	0.01219	0.01143	0.01924	0.71528	0.06359	0.01413	0.01766	0.01639	0.01296	0.01664	0.01219	0.03845	0.00963	0.00683	0.00651	0.00216	0.00845	0.00610	0.00297	0.00721
95	0.02879	0.01132	0.01520	0.01165	0.01666	0.00998	0.00962	0.06255	0.01904	0.70527	0.02504	0.02170	0.01577	0.00799	0.00650	0.00200	0.00557	0.00647	0.00793	0.01100
96	0.01129	0.00944	0.01019	0.00950	0.01211	0.00977	0.00727	0.01978	0.29280	0.02314	0.20114	0.04407	0.29888	0.01266	0.00722	0.00215	0.00394	0.01071	0.00648	0.00747
97	0.06180	0.02065	0.01692	0.01447	0.01852	0.27452	0.01134	0.20410	0.20768	0.08004	0.01685	0.01667	0.01255	0.00757	0.00615	0.00192	0.00796	0.00556	0.00538	0.00935
98	0.01211	0.00963	0.01150	0.01174	0.03986	0.01032	0.00838	0.01973	0.26592	0.04324	0.10253	0.28660	0.09332	0.01382	0.00794	0.00233	0.03536	0.01198	0.00614	0.00756
99	0.00787	0.00562	0.00750	0.00900	0.00937	0.00525	0.00600	0.00900	0.01237	0.01649	0.03561	0.76871	0.04274	0.02024	0.00825	0.00262	0.00375	0.01837	0.00600	0.00525
100	0.01340	0.01148	0.01340	0.00957	0.01531	0.00861	0.00766	0.01627	0.01340	0.02105	0.01148	0.01340	0.00957	0.00479	0.00479	0.00096	0.00479	0.00383	0.00383	0.81242
101	0.03216	0.01167	0.01942	0.70959	0.07191	0.01440	0.01775	0.01671	0.01295	0.01700	0.01145	0.01701	0.00864	0.00642	0.00640	0.00214	0.00849	0.00569	0.00291	0.00730
102	0.00958	0.00674	0.00858	0.00804	0.00975	0.00612	0.00606	0.01244	0.01786	0.04720	0.62538	0.04915	0.14194	0.01343	0.00759	0.00205	0.00315	0.01176	0.00700	0.00617
103	0.01727	0.77681	0.03386	0.01106	0.01658	0.02557	0.01106	0.01935	0.01313	0.01520	0.00898	0.01036	0.00829	0.00553	0.00415	0.00138	0.00691	0.00345	0.00276	0.00829
104	0.01600	0.01529	0.02575	0.03857	0.70328	0.01538	0.01944	0.02042	0.04365	0.02135	0.01273	0.01632	0.01062	0.00588	0.00640	0.00193	0.00757	0.00582	0.00334	0.01023
105	0.00808	0.00571	0.00744	0.00874	0.00906	0.00538	0.00572	0.00905	0.01197	0.01596	0.03356	0.67116	0.04015	0.12132	0.01156	0.00311	0.00409	0.01716	0.00572	0.00507
106	0.01122	0.00561	0.00842	0.00842	0.00842	0.00561	0.00561	0.00842	0.00842	0.01122	0.01122	0.01964	0.01122	0.02245	0.02525	0.81201	0.00561	0.00561	0.00281	0.00281
107	0.00908	0.00670	0.00970	0.00989	0.01083	0.00755	0.00742	0.01102	0.01053	0.01494	0.01986	0.11856	0.02014	0.11550	0.58677	0.00903	0.01456	0.00857	0.00382	0.00552
108	0.01596	0.01543	0.02668	0.03919	0.70606	0.01539	0.04602	0.01986	0.01473	0.02109	0.01219	0.01605	0.01022	0.00575	0.00644	0.00193	0.00780	0.00583	0.00320	0.01018
109	0.00923	0.00692	0.01038	0.01038	0.01154	0.00808	0.00808	0.01154	0.01038	0.01500	0.01731	0.02538	0.01615	0.04846	0.74732	0.01038	0.01731	0.00692	0.00346	0.00577
110	0.00830	0.00597	0.00786	0.00865	0.00945	0.00554	0.00601	0.01008	0.01441	0.01968	0.26960	0.51084	0.06395	0.01779	0.00802	0.00242	0.00350	0.01602	0.00637	0.00554
111	0.00868	0.00658	0.00751	0.00782	0.00894	0.00624	0.00532	0.01055	0.04484	0.01640	0.05905	0.23546	0.27762	0.22753	0.04516	0.00376	0.00488	0.01307	0.00537	0.00522
112	0.00879	0.00641	0.00833	0.00866	0.00991	0.00595	0.00644	0.01116	0.01591	0.02176	0.39657	0.25914	0.11005	0.01601	0.00795	0.00232	0.00359	0.08871	0.00657	0.00578
113	0.01296	0.03342	0.73944	0.01842	0.02797	0.01501	0.02387	0.02046	0.01364	0.02046	0.01160	0.01364	0.00818	0.00614	0.00614	0.00205	0.00955	0.00477	0.00273	0.00955
114	0.01296	0.03342	0.73944	0.01842	0.02797	0.01501	0.02387	0.02046	0.01364	0.02046	0.01160	0.01364	0.00818	0.00614	0.00614	0.00205	0.00955	0.00477	0.00273	0.00955
115	0.02441	0.01752	0.01894	0.01461	0.01970	0.01929	0.01204	0.64366	0.06130	0.07748	0.01654	0.01625	0.01166	0.00782	0.00647	0.00195	0.00693	0.00592	0.00655	0.01095
116	0.00786	0.00565	0.00746	0.00891	0.00935	0.00526	0.00596	0.00901	0.01245	0.01653	0.03663	0.74466	0.06613	0.02011	0.00823	0.00261	0.00373	0.01821	0.00600	0.00526
117	0.50401	0.01798	0.12351	0.01284	0.01790	0.09027	0.08118	0.02056	0.01286	0.05227	0.01053	0.01223	0.00794	0.00611	0.00497	0.00199	0.00699	0.00429	0.00382	0.00776
118	0.02216	0.02765	0.02048	0.01776	0.02105	0.59493	0.08344	0.02419	0.01710	0.01628	0.01014	0.01250	0.00849	0.00703	0.00765	0.00184	0.09178	0.00467	0.00327	0.00757
119	0.01025	0.00878	0.03966	0.00949	0.01132	0.02531	0.02817	0.01266	0.05215	0.01887	0.22700	0.07778	0.17211	0.06583	0.06564	0.14846	0.00565	0.01002	0.00517	0.00565
120	0.08321	0.40992	0.21705	0.01279	0.01902	0.01995	0.01381	0.05455	0.01427	0.01984	0.05096	0.01375	0.01132	0.00626	0.00500	0.00166	0.00718	0.00441	0.00333	0.03172
121	0.00859	0.00657	0.00725	0.00735	0.00919	0.00569	0.00541	0.01028	0.01463	0.03920	0.11996	0.15801	0.50245	0.04740	0.00876	0.00241	0.00358	0.03160	0.00608	0.00560
122	0.00938	0.00685	0.00884	0.00830	0.00990	0.00644	0.00624	0.01295	0.04221	0.02595	0.70528	0.04744	0.05956	0.01306	0.00759	0.00204	0.00312	0.01154	0.00709	0.00624
123	0.01220	0.01148	0.01938	0.75739	0.04450	0.01436	0.01794	0.01651	0.01292	0.01651	0.01148	0.01723	0.00861	0.00646	0.00646	0.00215	0.00861	0.00574	0.00287	0.00718
124	0.22833	0.01562	0.01588	0.06087	0.01899	0.04988	0.01080	0.32087	0.07678	0.11795	0.01537	0.01561	0.01098	0.00728	0.00581	0.00198	0.00652	0.00534	0.00565	0.00949
125	0.00794	0.00581	0.00746	0.00863	0.00931	0.00534	0.00587	0.00927	0.01311	0.01732	0.09146	0.62629	0.12998	0.01923	0.00812	0.00252	0.00364	0.01728	0.00608	0.00534
126	0.00933	0.00654	0.00847	0.00847	0.00896	0.00703	0.00568	0.01031	0.00982	0.01358	0.01906	0.03510	0.02037	0.46501	0.33654	0.00802	0.01096	0.00835	0.00372	0.00470
127	0.01917	0.01691	0.01746	0.05665	0.05248	0.13153	0.03801	0.14108	0.32831	0.07651	0.02103	0.02065	0.03489	0.00804	0.00649	0.00204	0.00698	0.00654	0.00564	0.00961
128	0.01531	0.01466	0.02500	0.16826	0.60932	0.01517	0.01949	0.01923	0.01439	0.02028	0.01203	0.01621	0.00994	0.00588	0.00641	0.00196	0.00784	0.00575	0.00314	0.00969
129	0.01122	0.00561	0.00842	0.00842	0.00842	0.00561	0.00561	0.00842	0.00842	0.01122	0.01122	0.01964	0.01122	0.02245	0.02525	0.81201	0.00561	0.00561	0.00281	0.00281
130	0.01130	0.00673	0.00688	0.00675	0.00855	0.00664	0.00509	0.01514	0.06583	0.02302	0.06298	0.03306	0.16603	0.00970	0.00545	0.00172	0.00322	0.00795	0.54774	0.00622
131	0.02312	0.01727	0.01851	0.01451	0.01937	0.01917	0.01187	0.61314	0.11019	0.03847	0.01732	0.03715	0.01287	0.00822	0.00653	0.00199	0.00679	0.00633	0.00646	0.01074
132	0.00792	0.00564	0.00748	0.00894	0.00930	0.00528	0.00593	0.00901	0.01228	0.01637	0.03515	0.74671	0.04215	0.04303	0.00899	0.00273	0.00382	0.01810	0.00593	0.00521
133	0.01311	0.03239	0.69401	0.01899	0.02834	0.01509	0.06827	0.02048	0.01375	0.02048	0.01169	0.01389	0.00829	0.00609	0.00624	0.00205	0.00964	0.00496	0.00276	0.00950
134	0.01340	0.01148	0.01340	0.00957	0.01531	0.00861	0.00766	0.01627	0.01340	0.02105	0.01148	0.01340	0.00957	0.00479	0.00479	0.00096	0.00479	0.00383	0.00383	0.81242
135	0.39666	0.01483	0.05682	0.01176	0.03469	0.07514	0.00963	0.04956	0.04328	0.13312	0.03380	0.07061	0.01342	0.00790	0.00572	0.00204	0.02235	0.00576	0.00486	0.00803
136	0.01534	0.01260	0.04498	0.08016	0.04177	0.01154	0.03320	0.07387	0.09930	0.09635	0.11939	0.02359	0.05329	0.00801	0.00667	0.00178	0.02740	0.00670	0.00515	0.23890
137	0.12212	0.04791	0.01759	0.01494	0.01858	0.48871	0.01158	0.08421	0.01799	0.07377	0.01142	0.01268	0.00897	0.00691	0.00624	0.00179	0.03816	0.00443	0.00400	0.00800
138	0.02561	0.01048	0.01407	0.01108	0.01552	0.00928	0.00904	0.02883	0.04736	0.60573	0.12661	0.02585	0.02261	0.00878	0.00666	0.00201	0.00513	0.00728	0.00781	0.01026
139	0.01100	0.00569	0.00825	0.00825	0.00825	0.00569	0.00540	0.00854	0.00854	0.01138	0.01235	0.02243	0.01273	0.11486	0.02619	0.71279	0.00569	0.00608	0.00294	0.00294
140	0.01876	0.46285	0.04796	0.01342	0.03754	0.19906	0.01174	0.02184	0.05389	0.03786	0.01262	0.01367	0.03188	0.00642	0.00499	0.00157	0.00791	0.00435	0.00338	0.00829
141	0.02533	0.01687	0.01863	0.01428	0.01942	0.01821	0.01180	0.59331	0.02832	0.16139	0.01724	0.01664	0.01186	0.00780	0.00647	0.00195	0.00683	0.00594	0.00673	0.01099
142	0.00936	0.00641	0.00780	0.00780	0.00806	0.00667	0.00486	0.00988	0.00962	0.01309	0.01967	0.03846	0.02183	0.60908	0.19446	0.00720	0.00876	0.00884	0.00381	0.00433
143	0.00880	0.00686	0.00802	0.00768	0.00955	0.00621	0.00577	0.01185	0.04341	0.02253	0.43385	0.05299	0.33033	0.01432	0.00759	0.00210	0.00322	0.01231	0.00664	0.00599
144	0.03932	0.46453	0.22910	0.01378	0.02032	0.04419	0.03370	0.04034	0.01405	0.03365	0.01041	0.01192	0.00851	0.00586	0.00497	0.00165	0.00783	0.00410	0.00304	0.00873
145	0.00940	0.00626	0.00705	0.00705	0.00705	0.00626	0.00392	0.00940	0.00940	0.01253	0.02036	0.04228	0.02349	0.77292	0.03289	0.00626	0.00626	0.00940	0.00392	0.00392
146	0.01296	0.03342	0.73944	0.01842	0.02797	0.01501	0.02387	0.02046	0.01364	0.02046	0.01160	0.01364	0.00818	0.00614	0.00614	0.00205	0.00955	0.00477	0.00273	0.00955
147	0.01029	0.00806	0.00899	0.00872	0.01097	0.00781	0.00666	0.01542	0.15070	0.04112	0.16912	0.10850	0.36312	0.01451	0.00752	0.00223	0.00383	0.04942	0.00636	0.00665
148	0.01220	0.01148	0.01938	0.75739	0.04450	0.01436	0.01794	0.01651	0.01292	0.01651	0.01148	0.01723	0.00861	0.00646	0.00646	0.00215	0.00861	0.00574	0.00287	0.00718
149	0.01425	0.01485	0.02992	0.05032	0.02788	0.01493	0.48006	0.01873	0.01406	0.01999	0.01370	0.01834	0.01080	0.00916	0.05664	0.00270	0.09311	0.00711	0.09549	0.00798
150	0.16934	0.01931	0.18184	0.03456	0.15822	0.05605	0.06543	0.12020	0.01603	0.02448	0.01408	0.08578	0.01218	0.00760	0.00612	0.00204	0.00761	0.00636	0.00399	0.00877
151	0.01863	0.04403	0.11042	0.06844	0.15343	0.28695	0.08499	0.06709	0.01680	0.01993	0.01237	0.01585	0.01004	0.00665	0.00621	0.00188	0.00947	0.02188	0.03646	0.00850
152	0.00993	0.00606	0.00822	0.00832	0.00863	0.00615	0.00553	0.00948	0.01010	0.01375	0.07106	0.10106	0.02229	0.24665	0.12558	0.32365	0.00707	0.00859	0.00385	0.00403
153	0.03299	0.14120	0.39365	0.01620	0.02313	0.14989	0.01792	0.04751	0.01498	0.04073	0.01129	0.01306	0.00858	0.00644	0.00635	0.00188	0.03993	0.00455	0.00319	0.02655
154	0.07683	0.05309	0.04411	0.03252	0.02045	0.42495	0.05263	0.06923	0.01699	0.04620	0.01093	0.01298	0.00880	0.00714	0.00762	0.00190	0.09732	0.00472	0.00365	0.00794
155	0.01387	0.00765	0.01015	0.00893	0.01128	0.00691	0.00691	0.01679	0.01834	0.19538	0.56151	0.04200	0.05025	0.01197	0.00735	0.00202	0.00363	0.01045	0.00732	0.00726
156	0.01220	0.01148	0.01938	0.75739	0.04450	0.01436	0.01794	0.01651	0.01292	0.01651	0.01148	0.01723	0.00861	0.00646	0.00646	0.00215	0.00861	0.00574	0.00287	0.00718
157	0.01648	0.23801	0.25539	0.06487	0.06250	0.17069	0.03467	0.02051	0.01448	0.01763	0.01157	0.04383	0.00985	0.00664	0.00567	0.00181	0.00888	0.00503	0.00305	0.00845
158	0.00859	0.00678	0.00777	0.00748	0.00940	0.00606	0.00562	0.01137	0.03639	0.02174	0.37945	0.05450	0.39230	0.01465	0.00760	0.00211	0.00322	0.01253	0.00654	0.00589
159	0.00928	0.00675	0.00949	0.00949	0.01033	0.00759	0.00696	0.01096	0.01012	0.01433	0.01813	0.02993	0.01813	0.24338	0.55509	0.00928	0.01434	0.00759	0.00358	0.00527
160	0.07476	0.01628	0.06095	0.01349	0.01847	0.01613	0.01158	0.42020	0.04296	0.17442	0.05029	0.03938	0.01496	0.00822	0.00640	0.00199	0.00647	0.00640	0.00640	0.01024
161	0.01471	0.01395	0.02381	0.29759	0.39926	0.01499	0.05973	0.04104	0.01461	0.02001	0.01266	0.01801	0.01036	0.00638	0.00656	0.00205	0.00814	0.02393	0.00326	0.00895
162	0.00924	0.00687	0.01009	0.01009	0.01114	0.00792	0.00771	0.01135	0.01030	0.01478	0.01757	0.02686	0.01680	0.11192	0.68474	0.01002	0.01634	0.00714	0.00350	0.00561
163	0.01001	0.00707	0.00904	0.00841	0.01016	0.00664	0.00635	0.01370	0.05031	0.04687	0.65742	0.04677	0.07663	0.01294	0.00754	0.00204	0.00322	0.01139	0.00708	0.00641
164	0.00994	0.00753	0.01039	0.02909	0.01280	0.02526	0.03977	0.01185	0.01345	0.03753	0.03272	0.50499	0.03742	0.01796	0.00823	0.00264	0.00498	0.18183	0.00577	0.00584
165	0.01059	0.00694	0.00899	0.00829	0.01012	0.00632	0.00628	0.01350	0.01807	0.08059	0.63089	0.04714	0.10149	0.01301	0.00753	0.00204	0.00325	0.01141	0.00711	0.00643
166	0.01300	0.01240	0.01735	0.01518	0.01537	0.01691	0.01242	0.01446	0.00994	0.01525	0.01077	0.01797	0.01080	0.07133	0.14105	0.00431	0.58573	0.00613	0.00301	0.00663
167	0.01334	0.01126	0.01310	0.00942	0.01499	0.00851	0.00753	0.01622	0.01340	0.02118	0.01188	0.01384	0.00986	0.00490	0.00477	0.00098	0.00471	0.00392	0.03681	0.77938
168	0.09044	0.01664	0.08797	0.04821	0.06602	0.01516	0.33857	0.09376	0.01618	0.02354	0.07017	0.02034	0.01447	0.02566	0.00793	0.00223	0.02854	0.02173	0.00399	0.00847
169	0.01614	0.00903	0.01125	0.00972	0.01269	0.00844	0.00760	0.05680	0.05366	0.23542	0.23557	0.06527	0.13396	0.04162	0.03327	0.00250	0.00488	0.02363	0.00674	0.03179

[dist]
# distance from previous block
# <min> <max>
0	1

[block]
# block no. 2 follows, 34 sequences, length 36
# corresponding to MSA columns:
# 268-303
name=unknown_C
#
# <colnr> <probs for GDERKNQSTAVLIFYWHMCP>
#	G	D	E	R	K	N	Q	S	T	A	V	L	I	F	Y	W	H	M	C	P
0	0.03654	0.17785	0.16472	0.05968	0.12301	0.04367	0.07063	0.09706	0.01625	0.10098	0.01309	0.01477	0.00986	0.00627	0.00586	0.00183	0.00786	0.00514	0.00394	0.04101
1	0.01500	0.01287	0.01363	0.01234	0.01575	0.01465	0.00957	0.03107	0.62385	0.02624	0.07366	0.02847	0.07530	0.00961	0.00672	0.00218	0.00485	0.00805	0.00657	0.00961
2	0.01122	0.00561	0.00842	0.00842	0.00842	0.00561	0.00561	0.00842	0.00842	0.01122	0.01122	0.01964	0.01122	0.02245	0.02525	0.81201	0.00561	0.00561	0.00281	0.00281
3	0.00958	0.04926	0.01012	0.04773	0.01191	0.00765	0.00713	0.03498	0.01284	0.01692	0.03001	0.51527	0.03495	0.12105	0.01128	0.00303	0.00478	0.06054	0.00539	0.00558
4	0.01780	0.01764	0.04265	0.14215	0.38097	0.13191	0.05360	0.04929	0.01590	0.06782	0.01276	0.01588	0.01002	0.00623	0.00638	0.00194	0.00851	0.00562	0.00361	0.00931
5	0.01122	0.00561	0.00842	0.00842	0.00842	0.00561	0.00561	0.00842	0.00842	0.01122	0.01122	0.01964	0.01122	0.02245	0.02525	0.81201	0.00561	0.00561	0.00281	0.00281
6	0.01078	0.00701	0.00858	0.00799	0.00996	0.00626	0.00599	0.01314	0.01662	0.09767	0.40350	0.06933	0.24782	0.05582	0.00892	0.00232	0.00357	0.01176	0.00668	0.00628
7	0.04871	0.06949	0.04713	0.16169	0.19622	0.08681	0.06972	0.08415	0.01595	0.07189	0.01422	0.05753	0.01181	0.00830	0.02701	0.00221	0.00825	0.00625	0.00395	0.00870
8	0.00933	0.00629	0.00713	0.00713	0.00724	0.00629	0.00408	0.00946	0.00960	0.01277	0.02175	0.04242	0.04661	0.72555	0.05412	0.00626	0.00651	0.00946	0.00397	0.00402
9	0.01296	0.03342	0.73944	0.01842	0.02797	0.01501	0.02387	0.02046	0.01364	0.02046	0.01160	0.01364	0.00818	0.00614	0.00614	0.00205	0.00955	0.00477	0.00273	0.00955
10	0.01673	0.01549	0.01926	0.05437	0.20777	0.09294	0.04883	0.14484	0.10634	0.02428	0.06454	0.05142	0.05572	0.00886	0.00721	0.00207	0.03061	0.03502	0.00482	0.00888
11	0.01312	0.01164	0.01670	0.15829	0.21378	0.01251	0.01305	0.02011	0.18299	0.02215	0.15231	0.02997	0.08662	0.00929	0.00686	0.00210	0.00595	0.02920	0.00499	0.00834
12	0.01265	0.01202	0.01621	0.01448	0.01503	0.04095	0.01181	0.01441	0.01037	0.01535	0.01184	0.01827	0.01135	0.02508	0.29299	0.00562	0.45580	0.00608	0.00308	0.00660
13	0.81856	0.01250	0.00950	0.00850	0.01250	0.01449	0.00700	0.01899	0.01100	0.02899	0.00900	0.01050	0.00700	0.00600	0.00400	0.00200	0.00500	0.00350	0.00400	0.00700
14	0.04258	0.36068	0.02491	0.01308	0.01791	0.14285	0.01139	0.19209	0.09618	0.02327	0.01266	0.01336	0.01018	0.00663	0.00526	0.00167	0.00750	0.00458	0.00422	0.00900
15	0.01354	0.00890	0.01044	0.00929	0.01203	0.00861	0.00722	0.05314	0.11750	0.13410	0.26421	0.04267	0.24623	0.01341	0.02742	0.00232	0.00439	0.01042	0.00670	0.00749
16	0.09376	0.17190	0.22364	0.01502	0.04219	0.11512	0.01463	0.10675	0.03627	0.07576	0.01257	0.01365	0.00948	0.00642	0.00554	0.00180	0.00792	0.00464	0.00395	0.03899
17	0.01750	0.01383	0.01523	0.01371	0.04286	0.01539	0.01025	0.25690	0.32485	0.02898	0.02239	0.09109	0.01892	0.08687	0.00935	0.00255	0.00587	0.00797	0.00609	0.00939
18	0.00979	0.00778	0.00894	0.00844	0.01052	0.00752	0.00639	0.01488	0.13227	0.02336	0.39919	0.04881	0.27076	0.01350	0.00745	0.00211	0.00346	0.01160	0.00666	0.00657
19	0.01220	0.01148	0.01938	0.75739	0.04450	0.01436	0.01794	0.01651	0.01292	0.01651	0.01148	0.01723	0.00861	0.00646	0.00646	0.00215	0.00861	0.00574	0.00287	0.00718
20	0.01682	0.01628	0.02563	0.10339	0.26665	0.05436	0.18978	0.11221	0.08389	0.02334	0.01460	0.01856	0.01162	0.00669	0.00678	0.00205	0.00842	0.02553	0.00402	0.00937
21	0.01049	0.00745	0.00920	0.00853	0.01049	0.00707	0.00647	0.01470	0.08070	0.05793	0.54977	0.04665	0.13978	0.01297	0.00748	0.00206	0.00338	0.01130	0.00696	0.00661
22	0.00917	0.00676	0.00978	0.00987	0.01083	0.00767	0.00742	0.01111	0.01038	0.01477	0.01880	0.07225	0.01869	0.13967	0.61125	0.00939	0.01508	0.00793	0.00367	0.00550
23	0.02310	0.01826	0.05646	0.01468	0.01988	0.01900	0.01255	0.63627	0.02883	0.03884	0.05481	0.01723	0.01361	0.00797	0.00651	0.00195	0.00701	0.00609	0.00630	0.01064
24	0.00853	0.00614	0.00799	0.00926	0.00983	0.00593	0.00639	0.01037	0.03873	0.01683	0.03395	0.62136	0.03987	0.07850	0.01017	0.00292	0.00419	0.07778	0.00585	0.00539
25	0.18076	0.01154	0.01410	0.01104	0.01585	0.01084	0.00912	0.05384	0.01748	0.57548	0.02195	0.01954	0.01408	0.00760	0.00602	0.00200	0.00546	0.00590	0.00717	0.01023
26	0.00918	0.00669	0.00820	0.00876	0.00991	0.00638	0.00619	0.03924	0.03549	0.01991	0.15949	0.46490	0.13125	0.01709	0.00777	0.00237	0.00371	0.01519	0.04245	0.00584
27	0.01727	0.77681	0.03386	0.01106	0.01658	0.02557	0.01106	0.01935	0.01313	0.01520	0.00898	0.01036	0.00829	0.00553	0.00415	0.00138	0.00691	0.00345	0.00276	0.00829
28	0.01627	0.01340	0.01430	0.01276	0.01630	0.01529	0.00991	0.05634	0.62354	0.04877	0.05436	0.02531	0.02111	0.03353	0.00746	0.00230	0.00515	0.00747	0.00655	0.00991
29	0.00828	0.00607	0.00781	0.00884	0.00960	0.00571	0.00607	0.01023	0.03517	0.01815	0.13058	0.60176	0.09030	0.01868	0.00807	0.00250	0.00366	0.01681	0.00617	0.00553
30	0.03751	0.01156	0.01367	0.01162	0.01502	0.04079	0.04715	0.06717	0.17539	0.17101	0.16251	0.07079	0.12680	0.01072	0.00695	0.00210	0.00518	0.00914	0.00647	0.00844
31	0.02152	0.04033	0.06992	0.04311	0.01938	0.11442	0.01197	0.31358	0.02185	0.14632	0.01794	0.09151	0.01466	0.03475	0.00737	0.00213	0.00733	0.00692	0.00564	0.00937
32	0.00949	0.00710	0.00981	0.00989	0.01060	0.00800	0.00730	0.01104	0.01060	0.01485	0.02075	0.12708	0.02203	0.22134	0.38607	0.00746	0.06152	0.04575	0.00399	0.00534
33	0.01698	0.09668	0.20813	0.01712	0.02332	0.04087	0.15991	0.15896	0.01763	0.05602	0.01502	0.05839	0.01235	0.00741	0.00643	0.00196	0.00821	0.02730	0.00421	0.06310
34	0.12072	0.12122	0.08038	0.01548	0.06852	0.15853	0.03957	0.13031	0.03535	0.05642	0.03778	0.04128	0.03048	0.00863	0.02667	0.00211	0.00792	0.00576	0.00435	0.00852
35	0.01499	0.01114	0.01362	0.02918	0.06840	0.01186	0.00968	0.09165	0.24533	0.08528	0.15430	0.12380	0.04984	0.01293	0.04572	0.00258	0.00564	0.00934	0.00620	0.00853

[dist]
# distance from previous block
# <min> <max>
1	12

[block]
# block no. 3 follows, 34 sequences, length 54
# corresponding to MSA columns:
# 316-369
name=unknown_D
#
# <colnr> <probs for GDERKNQSTAVLIFYWHMCP>
#	G	D	E	R	K	N	Q	S	T	A	V	L	I	F	Y	W	H	M	C	P
0	0.01349	0.19152	0.17631	0.01451	0.05987	0.01500	0.04203	0.03631	0.07136	0.02011	0.08919	0.09134	0.08681	0.00927	0.00669	0.00195	0.02910	0.00764	0.00427	0.03323
1	0.08437	0.17116	0.15421	0.01612	0.04074	0.10332	0.10705	0.04514	0.05063	0.07478	0.04796	0.01710	0.01278	0.00700	0.00633	0.00192	0.02835	0.01842	0.00399	0.00864
2	0.11970	0.47908	0.18963	0.01263	0.01877	0.05199	0.01349	0.01982	0.01319	0.01819	0.00962	0.01118	0.00810	0.00577	0.00465	0.00162	0.00746	0.00379	0.00294	0.00838
3	0.00933	0.00712	0.00797	0.00802	0.00980	0.00667	0.00589	0.03623	0.05623	0.02033	0.14837	0.22663	0.34324	0.01545	0.00745	0.00221	0.00358	0.01330	0.06617	0.00601
4	0.01559	0.01345	0.14449	0.01073	0.01521	0.00932	0.01019	0.03977	0.05061	0.22244	0.05353	0.03840	0.32692	0.01144	0.00695	0.00210	0.00525	0.00941	0.00603	0.00818
5	0.03443	0.04054	0.10829	0.13389	0.20784	0.04783	0.10712	0.10830	0.06569	0.04113	0.01504	0.01751	0.02985	0.00671	0.00645	0.00201	0.00813	0.00604	0.00396	0.00923
6	0.00800	0.00595	0.00741	0.00843	0.00928	0.00543	0.00582	0.00935	0.01316	0.01712	0.07543	0.53364	0.19680	0.04223	0.00886	0.00262	0.00375	0.03542	0.00599	0.00531
7	0.01098	0.00709	0.00847	0.00793	0.01012	0.00620	0.00601	0.01321	0.01637	0.11391	0.30119	0.09778	0.34785	0.01438	0.00752	0.00213	0.00351	0.01230	0.00667	0.00640
8	0.07389	0.01266	0.02938	0.03549	0.01357	0.14943	0.00821	0.01511	0.03136	0.02017	0.18959	0.10398	0.23385	0.01265	0.00702	0.00211	0.00552	0.04422	0.00540	0.00638
9	0.02301	0.01709	0.06932	0.01478	0.01989	0.01690	0.04048	0.42765	0.04854	0.17198	0.03943	0.01798	0.01347	0.00795	0.00717	0.00202	0.03947	0.00618	0.00624	0.01045
10	0.00939	0.00629	0.00718	0.00718	0.00722	0.00633	0.00408	0.00948	0.00943	0.01262	0.02024	0.04163	0.02321	0.74508	0.06034	0.00642	0.00669	0.00930	0.00390	0.00399
11	0.02806	0.01150	0.01516	0.01166	0.01660	0.01031	0.00962	0.09000	0.01943	0.65814	0.02565	0.02246	0.03383	0.00819	0.00652	0.00200	0.00558	0.00662	0.00781	0.01085
12	0.01921	0.07164	0.12240	0.01806	0.07417	0.25574	0.04833	0.13790	0.04745	0.02173	0.01297	0.04441	0.01085	0.00764	0.00757	0.00196	0.07975	0.00562	0.00392	0.00867
13	0.01122	0.00561	0.00842	0.00842	0.00842	0.00561	0.00561	0.00842	0.00842	0.01122	0.01122	0.01964	0.01122	0.02245	0.02525	0.81201	0.00561	0.00561	0.00281	0.00281
14	0.01296	0.03342	0.73944	0.01842	0.02797	0.01501	0.02387	0.02046	0.01364	0.02046	0.01160	0.01364	0.00818	0.00614	0.00614	0.00205	0.00955	0.00477	0.00273	0.00955
15	0.04610	0.01124	0.01430	0.01125	0.01579	0.01039	0.00917	0.08164	0.05381	0.55484	0.02602	0.02398	0.05068	0.03330	0.00731	0.00214	0.00545	0.00684	0.02550	0.01024
16	0.04695	0.01580	0.03527	0.01365	0.01817	0.01692	0.01123	0.36092	0.25679	0.08988	0.02046	0.05164	0.01548	0.00856	0.00649	0.00206	0.00617	0.00681	0.00643	0.01032
17	0.01559	0.02055	0.13510	0.02576	0.06126	0.06800	0.53416	0.02099	0.01522	0.02033	0.01261	0.01642	0.00949	0.00564	0.00724	0.00211	0.01062	0.00690	0.00319	0.00881
