[name]
unknown

[dist]
# distance from previous block
# <min> <max>
0	1

[block]
# block no. 0 follows, 33 sequences, length 36
# corresponding to MSA columns:
# 1-36
name=unknown_A
#
# <colnr> <probs for GDERKNQSTAVLIFYWHMCP>
#	G	D	E	R	K	N	Q	S	T	A	V	L	I	F	Y	W	H	M	C	P
0	0.01185	0.00811	0.01027	0.00966	0.01174	0.00794	0.00754	0.01690	0.10816	0.07664	0.49915	0.04715	0.05041	0.01307	0.00771	0.00221	0.00392	0.09336	0.00710	0.00710
1	0.01686	0.01555	0.02524	0.11041	0.57975	0.01607	0.01916	0.09557	0.01657	0.02324	0.01269	0.01637	0.01034	0.00616	0.00653	0.00198	0.00785	0.00587	0.00359	0.01019
2	0.00932	0.00673	0.00880	0.00828	0.00984	0.00621	0.00621	0.01242	0.01863	0.02640	0.72410	0.04918	0.06212	0.01346	0.00776	0.00207	0.00311	0.01191	0.00725	0.00621
3	0.02257	0.01233	0.01451	0.01197	0.01619	0.01261	0.00961	0.09974	0.25508	0.33915	0.02468	0.02272	0.01713	0.00833	0.00640	0.00204	0.00533	0.00677	0.10250	0.01033
4	0.00880	0.00663	0.00814	0.00793	0.00956	0.00597	0.00588	0.01137	0.01717	0.02332	0.49301	0.11334	0.23493	0.01491	0.00782	0.00216	0.00323	0.01300	0.00685	0.00597
5	0.00824	0.00590	0.00784	0.00902	0.00960	0.00549	0.00613	0.00972	0.01363	0.01844	0.15347	0.64250	0.04671	0.01940	0.00829	0.00257	0.00370	0.01756	0.00630	0.00549
6	0.81514	0.01273	0.00968	0.00866	0.01273	0.01477	0.00713	0.01935	0.01120	0.02954	0.00917	0.01069	0.00713	0.00611	0.00407	0.00204	0.00509	0.00356	0.00407	0.00713
7	0.02904	0.01200	0.01577	0.01209	0.01720	0.01086	0.00999	0.10648	0.02018	0.65584	0.02485	0.02168	0.01573	0.00812	0.00662	0.00203	0.00578	0.00654	0.00798	0.01120
8	0.02490	0.01618	0.01736	0.01359	0.01831	0.05571	0.01105	0.43233	0.02543	0.21615	0.01860	0.01888	0.01318	0.04051	0.00762	0.00214	0.00684	0.00618	0.04459	0.01045
9	0.81514	0.01273	0.00968	0.00866	0.01273	0.01477	0.00713	0.01935	0.01120	0.02954	0.00917	0.01069	0.00713	0.00611	0.00407	0.00204	0.00509	0.00356	0.00407	0.00713
10	0.81514	0.01273	0.00968	0.00866	0.01273	0.01477	0.00713	0.01935	0.01120	0.02954	0.00917	0.01069	0.00713	0.00611	0.00407	0.00204	0.00509	0.00356	0.00407	0.00713
11	0.00824	0.00669	0.00730	0.00715	0.00917	0.00575	0.00536	0.01033	0.01608	0.02034	0.26179	0.05915	0.52820	0.01572	0.00778	0.00218	0.00327	0.01330	0.00645	0.00575
12	0.81514	0.01273	0.00968	0.00866	0.01273	0.01477	0.00713	0.01935	0.01120	0.02954	0.00917	0.01069	0.00713	0.00611	0.00407	0.00204	0.00509	0.00356	0.00407	0.00713
13	0.01554	0.01776	0.03885	0.02775	0.03441	0.01665	0.70366	0.02109	0.01554	0.02109	0.01332	0.01776	0.00999	0.00555	0.00777	0.00222	0.01110	0.00777	0.00333	0.00888
14	0.01365	0.01170	0.01365	0.00975	0.01560	0.00878	0.00780	0.01658	0.01365	0.02145	0.01170	0.01365	0.00975	0.00488	0.00488	0.00098	0.00488	0.00390	0.00390	0.80888
15	0.00802	0.00573	0.00764	0.00917	0.00955	0.00535	0.00611	0.00917	0.01260	0.01681	0.03628	0.76434	0.04354	0.02062	0.00840	0.00267	0.00382	0.01872	0.00611	0.00535
16	0.02503	0.01844	0.01976	0.01515	0.02042	0.02042	0.01251	0.70562	0.03095	0.04149	0.01581	0.01581	0.01120	0.00790	0.00659	0.00198	0.00724	0.00593	0.00659	0.01120
17	0.00811	0.00576	0.00761	0.00906	0.00942	0.00540	0.00600	0.00919	0.01244	0.01659	0.03544	0.72503	0.04247	0.06140	0.00977	0.00288	0.00396	0.01822	0.00600	0.00527
18	0.00802	0.00573	0.00764	0.00917	0.00955	0.00535	0.00611	0.00917	0.01260	0.01681	0.03628	0.76434	0.04354	0.02062	0.00840	0.00267	0.00382	0.01872	0.00611	0.00535
19	0.00822	0.00587	0.00786	0.00939	0.00986	0.00552	0.00645	0.00950	0.01280	0.01702	0.03618	0.71237	0.04312	0.02044	0.00845	0.00270	0.00399	0.06876	0.00611	0.00540
20	0.01629	0.01564	0.02672	0.04041	0.72757	0.01564	0.02020	0.02020	0.01499	0.02151	0.01238	0.01629	0.01043	0.00587	0.00652	0.00196	0.00782	0.00587	0.00326	0.01043
21	0.00997	0.00808	0.00923	0.01023	0.01132	0.04172	0.00738	0.01318	0.08515	0.01827	0.03520	0.53721	0.06799	0.01830	0.00817	0.00261	0.00460	0.09928	0.00604	0.00607
22	0.02253	0.13535	0.02029	0.01431	0.01863	0.26562	0.01163	0.30438	0.02246	0.02730	0.01343	0.01452	0.01040	0.00716	0.00582	0.00175	0.00839	0.00501	0.08193	0.00908
23	0.01464	0.01347	0.04881	0.01180	0.04257	0.01042	0.00946	0.06722	0.03788	0.02307	0.01252	0.01427	0.01015	0.00533	0.00518	0.00118	0.00539	0.00428	0.00411	0.65823
24	0.01005	0.00814	0.01221	0.04121	0.01386	0.00937	0.03410	0.01212	0.01136	0.01596	0.02116	0.19285	0.02226	0.07534	0.37480	0.00680	0.09659	0.03173	0.00411	0.00597
25	0.00890	0.00671	0.00822	0.00784	0.00958	0.00603	0.00588	0.01161	0.01764	0.02404	0.54417	0.05306	0.24352	0.01434	0.00777	0.00211	0.00317	0.01245	0.00694	0.00603
26	0.02314	0.08596	0.02041	0.01455	0.01964	0.02036	0.01211	0.54966	0.12534	0.03719	0.01675	0.01656	0.01220	0.00784	0.00639	0.00196	0.00694	0.00592	0.00626	0.01084
27	0.01564	0.09094	0.39091	0.03979	0.10179	0.01699	0.05640	0.09762	0.08502	0.02330	0.01364	0.01543	0.01015	0.00658	0.00628	0.00202	0.00862	0.00541	0.00367	0.00981
28	0.00802	0.00573	0.00764	0.00917	0.00955	0.00535	0.00611	0.00917	0.01260	0.01681	0.03628	0.76434	0.04354	0.02062	0.00840	0.00267	0.00382	0.01872	0.00611	0.00535
29	0.02639	0.01452	0.01686	0.09468	0.02092	0.08686	0.01141	0.14194	0.02021	0.46498	0.02109	0.01970	0.01382	0.00779	0.00654	0.00201	0.00687	0.00618	0.00683	0.01041
30	0.00802	0.00573	0.00764	0.00917	0.00955	0.00535	0.00611	0.00917	0.01260	0.01681	0.03628	0.76434	0.04354	0.02062	0.00840	0.00267	0.00382	0.01872	0.00611	0.00535
31	0.00940	0.00705	0.01058	0.01058	0.01176	0.00823	0.00823	0.01176	0.01058	0.01528	0.01763	0.02586	0.01646	0.04937	0.74255	0.01058	0.01763	0.00705	0.00353	0.00588
32	0.01760	0.77260	0.03450	0.01126	0.01690	0.02605	0.01126	0.01971	0.01338	0.01549	0.00915	0.01056	0.00845	0.00563	0.00422	0.00141	0.00704	0.00352	0.00282	0.00845
33	0.00824	0.00635	0.00753	0.00795	0.00936	0.00564	0.00569	0.01008	0.01504	0.01955	0.21683	0.30839	0.32112	0.01729	0.00800	0.00235	0.00345	0.01512	0.00639	0.00564
34	0.01451	0.01410	0.02093	0.46963	0.16254	0.06409	0.03879	0.03783	0.05288	0.01929	0.03407	0.01823	0.01137	0.00680	0.00661	0.00211	0.00848	0.00607	0.00346	0.00819
35	0.01608	0.16696	0.01657	0.01152	0.01443	0.13018	0.00913	0.04519	0.01533	0.09883	0.02360	0.32021	0.02489	0.01274	0.00678	0.00211	0.00625	0.03746	0.00517	0.03658

[dist]
# distance from previous block
# <min> <max>
0	1

[block]
# block no. 1 follows, 33 sequences, length 21
# corresponding to MSA columns:
# 38-58
name=unknown_B
#
# <colnr> <probs for GDERKNQSTAVLIFYWHMCP>
#	G	D	E	R	K	N	Q	S	T	A	V	L	I	F	Y	W	H	M	C	P
0	0.02241	0.01240	0.01490	0.01175	0.01628	0.01200	0.00953	0.17973	0.07896	0.31894	0.10260	0.02325	0.02001	0.00836	0.00645	0.00189	0.00545	0.00680	0.04324	0.10507
1	0.01543	0.01785	0.15490	0.01995	0.12531	0.01501	0.08761	0.02010	0.05021	0.06297	0.01290	0.01579	0.01028	0.00735	0.00989	0.00204	0.18700	0.00557	0.00369	0.17614
2	0.81514	0.01273	0.00968	0.00866	0.01273	0.01477	0.00713	0.01935	0.01120	0.02954	0.00917	0.01069	0.00713	0.00611	0.00407	0.00204	0.00509	0.00356	0.00407	0.00713
3	0.01055	0.00931	0.00983	0.00920	0.01112	0.05810	0.00701	0.01376	0.05320	0.02206	0.36261	0.04788	0.28206	0.01374	0.00852	0.00216	0.05484	0.01142	0.00627	0.00637
4	0.09627	0.01306	0.01644	0.01406	0.06521	0.01264	0.01072	0.16275	0.02030	0.48686	0.02159	0.01967	0.01410	0.00777	0.00638	0.00202	0.00603	0.00617	0.00715	0.01079
5	0.01716	0.01364	0.02036	0.07476	0.26509	0.01417	0.05851	0.02524	0.22039	0.12013	0.08369	0.02274	0.01864	0.00780	0.00678	0.00209	0.00660	0.00710	0.00528	0.00983
6	0.01760	0.77260	0.03450	0.01126	0.01690	0.02605	0.01126	0.01971	0.01338	0.01549	0.00915	0.01056	0.00845	0.00563	0.00422	0.00141	0.00704	0.00352	0.00282	0.00845
7	0.00809	0.00593	0.00760	0.00878	0.00949	0.00544	0.00598	0.00945	0.01337	0.01766	0.09241	0.62042	0.13206	0.01958	0.00827	0.00257	0.00370	0.01758	0.00620	0.00544
8	0.02461	0.06111	0.02059	0.01493	0.02022	0.02073	0.01244	0.66681	0.02996	0.04002	0.01543	0.01551	0.01104	0.00777	0.00645	0.00194	0.00723	0.00579	0.00637	0.01104
9	0.01440	0.01440	0.02016	0.01728	0.01728	0.02016	0.01440	0.01584	0.01008	0.01584	0.00864	0.01440	0.00864	0.01152	0.02160	0.00288	0.75659	0.00576	0.00288	0.00720
10	0.00821	0.00674	0.00726	0.00728	0.00935	0.00579	0.00556	0.01019	0.01559	0.01927	0.16820	0.06183	0.57572	0.01626	0.00786	0.00225	0.00348	0.05717	0.00629	0.00569
11	0.02371	0.12911	0.02091	0.01598	0.01990	0.56015	0.01250	0.10648	0.01942	0.01906	0.01071	0.01217	0.00880	0.00676	0.00578	0.00169	0.01067	0.00434	0.00370	0.00817
12	0.01694	0.01442	0.01520	0.01351	0.01733	0.01664	0.01056	0.07866	0.67108	0.02845	0.02608	0.02399	0.01952	0.00886	0.00669	0.00222	0.00534	0.00734	0.00669	0.01047
13	0.02214	0.12963	0.02052	0.01665	0.05130	0.54465	0.01243	0.02474	0.04526	0.01726	0.04807	0.01434	0.01182	0.00702	0.00585	0.00171	0.01031	0.00474	0.00364	0.00791
14	0.02364	0.01488	0.01670	0.01305	0.01765	0.01574	0.01069	0.44669	0.02583	0.18508	0.06641	0.02034	0.01629	0.00831	0.00647	0.00195	0.00620	0.00650	0.08722	0.01035
15	0.01623	0.06504	0.12000	0.10757	0.09889	0.09494	0.06094	0.07115	0.10771	0.04577	0.08230	0.02265	0.06228	0.00808	0.00659	0.00203	0.00765	0.00683	0.00454	0.00880
16	0.01312	0.00756	0.00833	0.00773	0.00972	0.00759	0.00592	0.05654	0.04804	0.05250	0.19541	0.03005	0.02786	0.00919	0.00567	0.00174	0.00351	0.00763	0.49505	0.00683
17	0.01637	0.01694	0.15542	0.06446	0.06185	0.01391	0.08233	0.09201	0.12762	0.10461	0.10468	0.06702	0.02039	0.00891	0.00741	0.00216	0.03179	0.00771	0.00523	0.00918
18	0.64198	0.01355	0.01162	0.00987	0.01420	0.01536	0.00814	0.12942	0.01481	0.07376	0.01124	0.01221	0.00833	0.00652	0.00463	0.00203	0.00547	0.00413	0.00472	0.00802
19	0.01119	0.00751	0.00984	0.00943	0.01037	0.00816	0.00669	0.03085	0.01113	0.05543	0.01919	0.03286	0.01946	0.37088	0.33778	0.00773	0.03382	0.00810	0.00406	0.00551
20	0.07855	0.23024	0.09418	0.01579	0.03831	0.21526	0.05475	0.13534	0.04098	0.02239	0.01170	0.01316	0.00933	0.00652	0.00562	0.00178	0.00870	0.00469	0.00385	0.00885

[dist]
# distance from previous block
# <min> <max>
0	3

[block]
# block no. 2 follows, 33 sequences, length 50
# corresponding to MSA columns:
# 62-111
name=unknown_C
#
# <colnr> <probs for GDERKNQSTAVLIFYWHMCP>
#	G	D	E	R	K	N	Q	S	T	A	V	L	I	F	Y	W	H	M	C	P
0	0.01691	0.24525	0.27420	0.01671	0.02369	0.01916	0.10843	0.10165	0.07167	0.04305	0.01330	0.01475	0.01009	0.00644	0.00594	0.00190	0.00835	0.00524	0.00377	0.00951
1	0.00796	0.00626	0.00710	0.00773	0.00909	0.00551	0.00542	0.00934	0.01376	0.01715	0.05195	0.35486	0.40923	0.05205	0.00919	0.00260	0.00367	0.01571	0.00602	0.00540
2	0.21748	0.01747	0.12065	0.03653	0.14625	0.05203	0.09161	0.05246	0.01557	0.12192	0.05608	0.01731	0.01305	0.00687	0.00607	0.00204	0.00740	0.00575	0.00446	0.00900
3	0.05377	0.12399	0.16350	0.07904	0.09230	0.09451	0.07097	0.05464	0.01577	0.11194	0.01509	0.06892	0.01238	0.00751	0.00623	0.00199	0.00815	0.00624	0.00413	0.00895
4	0.02636	0.01122	0.01466	0.01163	0.01627	0.01020	0.00946	0.04803	0.08151	0.58866	0.02794	0.05741	0.04728	0.00913	0.00675	0.00209	0.00544	0.00752	0.00780	0.01063
5	0.00809	0.00578	0.00770	0.00912	0.00956	0.00539	0.00612	0.00934	0.01292	0.01730	0.07201	0.72720	0.04451	0.02025	0.00837	0.00264	0.00378	0.01836	0.00617	0.00539
6	0.01676	0.05894	0.16464	0.11271	0.18204	0.01669	0.08984	0.10323	0.07595	0.05549	0.01418	0.01665	0.01075	0.00688	0.00728	0.00209	0.04636	0.00591	0.00400	0.00960
7	0.64676	0.04761	0.01225	0.01019	0.01421	0.13958	0.00826	0.02055	0.01257	0.02666	0.00934	0.01089	0.00742	0.00621	0.00440	0.00195	0.00633	0.00368	0.00391	0.00727
8	0.02783	0.01246	0.01579	0.01217	0.01714	0.01172	0.01003	0.16964	0.02110	0.55843	0.02368	0.02115	0.01527	0.00808	0.00652	0.00200	0.00582	0.00646	0.04373	0.01097
9	0.01693	0.10871	0.06059	0.06537	0.06284	0.10756	0.26290	0.02058	0.01443	0.04438	0.01173	0.01540	0.00945	0.00714	0.00970	0.00217	0.16235	0.00603	0.00331	0.00844
10	0.00859	0.00640	0.00800	0.00824	0.00955	0.00580	0.00593	0.01079	0.01599	0.02161	0.37266	0.27882	0.19066	0.01638	0.00797	0.00229	0.00338	0.01447	0.00666	0.00580
11	0.00932	0.00673	0.00880	0.00828	0.00984	0.00621	0.00621	0.01242	0.01863	0.02640	0.72410	0.04918	0.06212	0.01346	0.00776	0.00207	0.00311	0.01191	0.00725	0.00621
12	0.00865	0.00651	0.00800	0.00804	0.00953	0.00586	0.00587	0.01097	0.01644	0.02216	0.40932	0.19948	0.23356	0.01578	0.00790	0.00223	0.00331	0.01383	0.00671	0.00586
13	0.00794	0.00663	0.00692	0.00694	0.00901	0.00561	0.00517	0.00972	0.01524	0.01856	0.12780	0.09401	0.63079	0.01655	0.00781	0.00223	0.00333	0.01392	0.00622	0.00561
14	0.01396	0.01193	0.01366	0.01037	0.01563	0.01008	0.00822	0.01983	0.14502	0.02281	0.04661	0.01729	0.01404	0.00602	0.00535	0.00126	0.00486	0.00492	0.00457	0.62357
15	0.02954	0.01120	0.01528	0.01171	0.01681	0.00968	0.00968	0.03208	0.01884	0.73213	0.02597	0.02241	0.01630	0.00815	0.00662	0.00204	0.00560	0.00662	0.00815	0.01120
16	0.81514	0.01273	0.00968	0.00866	0.01273	0.01477	0.00713	0.01935	0.01120	0.02954	0.00917	0.01069	0.00713	0.00611	0.00407	0.00204	0.00509	0.00356	0.00407	0.00713
17	0.00898	0.00673	0.00836	0.00815	0.00982	0.00610	0.00617	0.01168	0.01738	0.02368	0.50832	0.07956	0.21436	0.01473	0.00786	0.00218	0.00335	0.04969	0.00688	0.00602
18	0.01597	0.01163	0.01389	0.01004	0.01578	0.00891	0.00807	0.01884	0.01441	0.12504	0.01378	0.01493	0.01070	0.00535	0.00513	0.00113	0.00498	0.00430	0.00452	0.69261
19	0.01243	0.01170	0.01975	0.75282	0.04534	0.01463	0.01828	0.01682	0.01316	0.01682	0.01170	0.01755	0.00878	0.00658	0.00658	0.00219	0.00878	0.00585	0.00293	0.00731
20	0.01595	0.01529	0.02609	0.10455	0.66615	0.01555	0.02003	0.01990	0.01483	0.02109	0.01232	0.01641	0.01028	0.00593	0.00652	0.00198	0.00791	0.00586	0.00323	0.01015
21	0.01363	0.01294	0.05346	0.01025	0.01631	0.00914	0.00871	0.01681	0.01366	0.02142	0.01171	0.01366	0.00967	0.00495	0.00495	0.00104	0.00514	0.00395	0.00384	0.76475
22	0.81514	0.01273	0.00968	0.00866	0.01273	0.01477	0.00713	0.01935	0.01120	0.02954	0.00917	0.01069	0.00713	0.00611	0.00407	0.00204	0.00509	0.00356	0.00407	0.00713
23	0.01020	0.00733	0.01012	0.01158	0.01299	0.00724	0.00988	0.01297	0.01485	0.01929	0.03618	0.15414	0.06356	0.01841	0.00896	0.00296	0.00570	0.58158	0.00607	0.00596
24	0.01852	0.01528	0.01663	0.01505	0.04994	0.01734	0.01138	0.20079	0.51414	0.03073	0.02342	0.02202	0.01745	0.00854	0.00666	0.00216	0.00583	0.00700	0.00652	0.01061
25	0.01243	0.01170	0.01975	0.75282	0.04534	0.01463	0.01828	0.01682	0.01316	0.01682	0.01170	0.01755	0.00878	0.00658	0.00658	0.00219	0.00878	0.00585	0.00293	0.00731
26	0.01760	0.77260	0.03450	0.01126	0.01690	0.02605	0.01126	0.01971	0.01338	0.01549	0.00915	0.01056	0.00845	0.00563	0.00422	0.00141	0.00704	0.00352	0.00282	0.00845
27	0.01737	0.73424	0.07086	0.01165	0.01750	0.02549	0.01194	0.01977	0.01340	0.01577	0.00929	0.01073	0.00844	0.00566	0.00433	0.00144	0.00718	0.00359	0.00281	0.00851
28	0.00802	0.00573	0.00764	0.00917	0.00955	0.00535	0.00611	0.00917	0.01260	0.01681	0.03628	0.76434	0.04354	0.02062	0.00840	0.00267	0.00382	0.01872	0.00611	0.00535
29	0.00953	0.00636	0.00719	0.00724	0.00725	0.00635	0.00405	0.00956	0.00967	0.01289	0.02123	0.06547	0.02454	0.74542	0.03273	0.00627	0.00630	0.00986	0.00405	0.00403
30	0.05429	0.01541	0.02468	0.09923	0.56989	0.01594	0.01872	0.08203	0.01610	0.02329	0.01248	0.01610	0.01020	0.00612	0.00641	0.00198	0.00772	0.00576	0.00357	0.01007
31	0.00846	0.00675	0.00764	0.00775	0.00968	0.00593	0.00596	0.01059	0.01575	0.01990	0.20873	0.08698	0.47212	0.01627	0.00795	0.00230	0.00362	0.09149	0.00636	0.00575
32	0.02459	0.03138	0.01866	0.01696	0.02035	0.74221	0.01272	0.02629	0.01866	0.01611	0.01018	0.01187	0.00848	0.00678	0.00594	0.00170	0.01187	0.00424	0.00339	0.00763
33	0.07243	0.01129	0.01497	0.01155	0.01658	0.00995	0.00954	0.03139	0.01843	0.69377	0.02505	0.02177	0.01580	0.00804	0.00648	0.00204	0.00557	0.00645	0.00793	0.01098
34	0.48710	0.01605	0.05428	0.01700	0.16674	0.05566	0.01164	0.08140	0.01433	0.02768	0.01065	0.01258	0.00834	0.00626	0.00504	0.00200	0.00649	0.00437	0.00402	0.00836
35	0.00778	0.00667	0.00667	0.00667	0.00889	0.00556	0.00500	0.00945	0.01501	0.01778	0.06669	0.06336	0.72490	0.01667	0.00778	0.00222	0.00333	0.01389	0.00611	0.00556
36	0.00899	0.00669	0.00838	0.00814	0.00976	0.00608	0.00611	0.01171	0.01749	0.02398	0.53629	0.09180	0.18918	0.01463	0.00785	0.00216	0.00329	0.03451	0.00693	0.00603
37	0.01761	0.01455	0.02538	0.15696	0.40254	0.01466	0.11219	0.02162	0.01536	0.13273	0.01454	0.01768	0.01101	0.00631	0.00672	0.00205	0.00809	0.00624	0.00398	0.00980
38	0.20945	0.01872	0.01739	0.01554	0.05701	0.18348	0.04713	0.22008	0.05845	0.02842	0.04625	0.01792	0.01328	0.00767	0.00605	0.00199	0.00769	0.02977	0.00492	0.00879
39	0.00799	0.00585	0.00751	0.00883	0.00946	0.00538	0.00596	0.00920	0.01292	0.01694	0.04035	0.67073	0.13453	0.02010	0.00832	0.00261	0.00375	0.01807	0.00611	0.00538
40	0.01145	0.00770	0.00917	0.00856	0.01049	0.00764	0.00650	0.01660	0.11031	0.04447	0.45323	0.03960	0.04504	0.01140	0.00687	0.00197	0.00344	0.00986	0.18882	0.00688
41	0.03623	0.01313	0.05617	0.03370	0.01633	0.01308	0.01011	0.12802	0.28310	0.02625	0.09239	0.14796	0.09285	0.01152	0.00706	0.00223	0.00530	0.00976	0.00616	0.00864
42	0.02235	0.05775	0.10783	0.01605	0.05195	0.04033	0.08173	0.08957	0.01770	0.33026	0.01859	0.01869	0.01283	0.00861	0.02681	0.00226	0.04892	0.00611	0.03170	0.00995
43	0.01007	0.00741	0.00862	0.00829	0.01027	0.00706	0.00627	0.01359	0.06958	0.04196	0.24791	0.04902	0.30425	0.05159	0.07230	0.00307	0.00491	0.02896	0.04856	0.00629
44	0.38828	0.01136	0.01182	0.00980	0.01402	0.01161	0.00802	0.02414	0.01505	0.32851	0.05978	0.01874	0.01486	0.00750	0.00541	0.00201	0.00508	0.00551	0.04974	0.00876
45	0.01623	0.01982	0.12919	0.10016	0.24981	0.06847	0.24526	0.05198	0.01583	0.02134	0.01254	0.01622	0.00972	0.00605	0.00686	0.00207	0.00953	0.00624	0.00334	0.00935
46	0.01255	0.01103	0.01303	0.01200	0.01302	0.05002	0.00907	0.01639	0.11704	0.01656	0.01731	0.02724	0.01688	0.24767	0.19942	0.00567	0.19732	0.00740	0.00398	0.00642
47	0.02178	0.00932	0.01149	0.00943	0.01298	0.00862	0.00759	0.05551	0.01719	0.39122	0.02354	0.02304	0.01632	0.00793	0.00574	0.00181	0.00457	0.00638	0.35657	0.00899
48	0.01475	0.01235	0.01424	0.01027	0.01607	0.00990	0.00826	0.08336	0.01533	0.02339	0.01210	0.01386	0.00989	0.00517	0.00504	0.00107	0.00511	0.00410	0.00416	0.73157
49	0.05982	0.14357	0.13831	0.03776	0.02221	0.26516	0.08433	0.05392	0.01676	0.06605	0.04390	0.01524	0.01158	0.00679	0.00598	0.00185	0.00924	0.00518	0.00384	0.00852

[dist]
# distance from previous block
# <min> <max>
0	1

[block]
# block no. 3 follows, 33 sequences, length 24
# corresponding to MSA columns:
# 113-136
name=unknown_D
#
# <colnr> <probs for GDERKNQSTAVLIFYWHMCP>
#	G	D	E	R	K	N	Q	S	T	A	V	L	I	F	Y	W	H	M	C	P
0	0.02680	0.01150	0.01491	0.01165	0.01636	0.01055	0.00955	0.08862	0.04880	0.57552	0.05907	0.02334	0.01828	0.00840	0.00658	0.00202	0.00549	0.00683	0.04505	0.01069
1	0.01291	0.01173	0.01823	0.46645	0.13062	0.01364	0.01573	0.01841	0.08817	0.01907	0.01932	0.02300	0.08157	0.00779	0.00661	0.00214	0.00745	0.00683	0.04247	0.00784
2	0.00827	0.00647	0.00750	0.00769	0.00931	0.00570	0.00560	0.01024	0.01550	0.02003	0.24806	0.21714	0.38172	0.01664	0.00792	0.00228	0.00338	0.01441	0.00644	0.00570
3	0.00802	0.00573	0.00764	0.00917	0.00955	0.00535	0.00611	0.00917	0.01260	0.01681	0.03628	0.76434	0.04354	0.02062	0.00840	0.00267	0.00382	0.01872	0.00611	0.00535
4	0.00825	0.00669	0.00732	0.00716	0.00918	0.00576	0.00537	0.01035	0.01611	0.02040	0.26606	0.05906	0.52390	0.01570	0.00778	0.00218	0.00327	0.01329	0.00646	0.00576
5	0.00787	0.00667	0.00679	0.00676	0.00895	0.00560	0.00507	0.00962	0.01521	0.01828	0.10444	0.06254	0.68685	0.01649	0.00778	0.00221	0.00332	0.01378	0.00618	0.00560
6	0.02461	0.01823	0.01952	0.01506	0.02026	0.02022	0.01241	0.67320	0.06406	0.04082	0.01634	0.01623	0.01163	0.00795	0.00659	0.00199	0.00715	0.00600	0.00659	0.01116
7	0.02459	0.03138	0.01866	0.01696	0.02035	0.74221	0.01272	0.02629	0.01866	0.01611	0.01018	0.01187	0.00848	0.00678	0.00594	0.00170	0.01187	0.00424	0.00339	0.00763
8	0.01365	0.01170	0.01365	0.00975	0.01560	0.00878	0.00780	0.01658	0.01365	0.02145	0.01170	0.01365	0.00975	0.00488	0.00488	0.00098	0.00488	0.00390	0.00390	0.80888
9	0.00908	0.00672	0.00847	0.00803	0.00969	0.00611	0.00602	0.01196	0.01807	0.02505	0.62120	0.05140	0.16586	0.01396	0.00777	0.00209	0.00314	0.01222	0.00707	0.00611
10	0.02459	0.03138	0.01866	0.01696	0.02035	0.74221	0.01272	0.02629	0.01866	0.01611	0.01018	0.01187	0.00848	0.00678	0.00594	0.00170	0.01187	0.00424	0.00339	0.00763
11	0.02379	0.01725	0.01844	0.01427	0.01918	0.01903	0.01175	0.63865	0.02929	0.03985	0.01636	0.01665	0.01175	0.00788	0.00639	0.00193	0.00684	0.00595	0.08406	0.01070
12	0.01164	0.00926	0.01089	0.01126	0.01310	0.00995	0.00847	0.01982	0.28416	0.02139	0.03240	0.37189	0.03362	0.01574	0.00785	0.00256	0.00470	0.11754	0.00633	0.00741
13	0.00914	0.00672	0.00855	0.00809	0.00972	0.00614	0.00607	0.01208	0.01821	0.02539	0.64720	0.05083	0.13964	0.01383	0.00777	0.00209	0.00313	0.01214	0.00711	0.00614
14	0.01365	0.01170	0.01365	0.00975	0.01560	0.00878	0.00780	0.01658	0.01365	0.02145	0.01170	0.01365	0.00975	0.00488	0.00488	0.00098	0.00488	0.00390	0.00390	0.80888
15	0.00839	0.00660	0.00758	0.00753	0.00932	0.00579	0.00557	0.01055	0.01615	0.02097	0.31396	0.12743	0.40504	0.01584	0.00784	0.00221	0.00330	0.01361	0.00654	0.00579
16	0.02397	0.00993	0.01333	0.01066	0.01462	0.00874	0.00850	0.02637	0.01789	0.53574	0.14920	0.02920	0.02518	0.08446	0.00949	0.00247	0.00524	0.00785	0.00758	0.00960
17	0.01130	0.00710	0.00877	0.00818	0.01019	0.00657	0.00625	0.01396	0.01652	0.09119	0.35811	0.04457	0.19590	0.01612	0.07252	0.00279	0.00468	0.01068	0.10810	0.00651
18	0.01320	0.03405	0.73453	0.01876	0.02849	0.01529	0.02432	0.02085	0.01390	0.02085	0.01181	0.01390	0.00834	0.00625	0.00625	0.00208	0.00973	0.00486	0.00278	0.00973
19	0.01592	0.01356	0.01543	0.01353	0.01720	0.01538	0.05080	0.03221	0.60475	0.02686	0.02547	0.02416	0.01918	0.00861	0.00655	0.00216	0.00535	0.00733	0.08564	0.00990
20	0.00839	0.00593	0.00768	0.00877	0.00921	0.00559	0.00579	0.00955	0.01273	0.01713	0.10205	0.58164	0.04234	0.13588	0.01223	0.00319	0.00415	0.01662	0.00589	0.00522
21	0.01578	0.01530	0.02663	0.12551	0.60221	0.01558	0.06248	0.01985	0.01480	0.02092	0.01236	0.01654	0.01020	0.00593	0.00660	0.00200	0.00814	0.00598	0.00322	0.00996
22	0.01846	0.01501	0.05430	0.12170	0.18279	0.01477	0.04484	0.21383	0.01951	0.10876	0.01969	0.07454	0.04737	0.00870	0.00686	0.00211	0.00722	0.02491	0.00512	0.00950
23	0.01199	0.00985	0.01275	0.01228	0.01431	0.06302	0.07727	0.01461	0.01496	0.03862	0.07179	0.19732	0.07234	0.03717	0.00874	0.00263	0.00598	0.26112	0.06690	0.00638

[dist]
# distance from previous block
# <min> <max>
0	1

[block]
# block no. 4 follows, 33 sequences, length 29
# corresponding to MSA columns:
# 138-166
name=unknown_E
#
# <colnr> <probs for GDERKNQSTAVLIFYWHMCP>
#	G	D	E	R	K	N	Q	S	T	A	V	L	I	F	Y	W	H	M	C	P
0	0.77109	0.01235	0.00956	0.00869	0.01256	0.01425	0.00707	0.01880	0.01128	0.02884	0.01065	0.05182	0.00912	0.00690	0.00431	0.00207	0.00502	0.00439	0.00419	0.00703
1	0.01579	0.01326	0.02150	0.06887	0.49132	0.01316	0.01625	0.01931	0.01529	0.07811	0.05065	0.02328	0.08145	0.00756	0.00659	0.00198	0.00677	0.00697	0.05247	0.00942
2	0.01025	0.04224	0.00926	0.00855	0.00913	0.04368	0.00552	0.01085	0.01108	0.01428	0.02385	0.23845	0.02755	0.45857	0.05445	0.00508	0.00646	0.01145	0.00447	0.00483
3	0.05351	0.12729	0.04927	0.06507	0.09429	0.13295	0.25110	0.05076	0.01555	0.02012	0.01190	0.01530	0.00957	0.00795	0.03584	0.00232	0.03945	0.00584	0.00339	0.00854
4	0.01775	0.01208	0.01426	0.01069	0.01591	0.01031	0.00854	0.08601	0.05102	0.16160	0.01612	0.01771	0.01245	0.04768	0.00703	0.00164	0.00534	0.00511	0.00513	0.49363
5	0.49121	0.01570	0.04145	0.08866	0.01842	0.09096	0.01015	0.05745	0.04881	0.06643	0.01181	0.01328	0.00886	0.00659	0.00502	0.00203	0.00652	0.00442	0.00432	0.00791
6	0.01787	0.01979	0.02228	0.17255	0.27954	0.26076	0.05252	0.02108	0.01577	0.01849	0.01275	0.05270	0.01108	0.00704	0.00649	0.00197	0.00935	0.00606	0.00338	0.00852
7	0.00903	0.00672	0.00840	0.00798	0.00966	0.00609	0.00598	0.01186	0.01795	0.02477	0.59968	0.05186	0.18755	0.01407	0.00777	0.00210	0.00315	0.01228	0.00703	0.00609
8	0.01034	0.00734	0.01004	0.01130	0.01261	0.00730	0.00952	0.01297	0.01460	0.01913	0.06366	0.09669	0.03766	0.09966	0.01166	0.00334	0.00588	0.55459	0.00589	0.00582
9	0.81514	0.01273	0.00968	0.00866	0.01273	0.01477	0.00713	0.01935	0.01120	0.02954	0.00917	0.01069	0.00713	0.00611	0.00407	0.00204	0.00509	0.00356	0.00407	0.00713
10	0.00867	0.00670	0.00790	0.00760	0.00944	0.00594	0.00570	0.01117	0.01710	0.02276	0.44639	0.05517	0.34210	0.01482	0.00777	0.00213	0.00320	0.01275	0.00677	0.00594
11	0.01637	0.01414	0.01489	0.01340	0.01712	0.01637	0.01042	0.03498	0.71568	0.02754	0.02679	0.02456	0.02010	0.00893	0.00670	0.00223	0.00521	0.00744	0.00670	0.01042
12	0.01616	0.01434	0.01441	0.01351	0.01671	0.08478	0.01082	0.06822	0.42252	0.02519	0.02666	0.03593	0.02314	0.01110	0.00725	0.00238	0.00620	0.18544	0.00620	0.00904
13	0.00802	0.00573	0.00764	0.00917	0.00955	0.00535	0.00611	0.00917	0.01260	0.01681	0.03628	0.76434	0.04354	0.02062	0.00840	0.00267	0.00382	0.01872	0.00611	0.00535
14	0.01760	0.77260	0.03450	0.01126	0.01690	0.02605	0.01126	0.01971	0.01338	0.01549	0.00915	0.01056	0.00845	0.00563	0.00422	0.00141	0.00704	0.00352	0.00282	0.00845
15	0.00846	0.00625	0.00753	0.00807	0.00932	0.00564	0.00572	0.01029	0.01471	0.01961	0.19631	0.35863	0.25006	0.01719	0.00788	0.00235	0.00348	0.01512	0.04775	0.00564
16	0.00892	0.00669	0.00829	0.00817	0.00980	0.00607	0.00616	0.01152	0.01708	0.02315	0.46919	0.10677	0.22417	0.01506	0.00789	0.00221	0.00339	0.05266	0.00681	0.00598
17	0.01243	0.01170	0.01975	0.75282	0.04534	0.01463	0.01828	0.01682	0.01316	0.01682	0.01170	0.01755	0.00878	0.00658	0.00658	0.00219	0.00878	0.00585	0.00293	0.00731
18	0.02889	0.01225	0.01592	0.01221	0.01733	0.01122	0.01008	0.12902	0.02059	0.63273	0.02451	0.02146	0.01556	0.00811	0.00662	0.00203	0.00584	0.00652	0.00792	0.01120
19	0.01451	0.02774	0.44633	0.02095	0.02865	0.05261	0.20543	0.02073	0.01423	0.02022	0.01185	0.01488	0.00882	0.00657	0.00805	0.00217	0.07843	0.00570	0.00297	0.00916
20	0.01771	0.01481	0.01564	0.01367	0.01763	0.01700	0.01074	0.13852	0.60997	0.02969	0.02510	0.02321	0.01872	0.00877	0.00668	0.00219	0.00552	0.00721	0.00668	0.01054
21	0.00957	0.00638	0.00718	0.00718	0.00718	0.00638	0.00399	0.00957	0.00957	0.01276	0.02074	0.04308	0.02393	0.76864	0.03351	0.00638	0.00638	0.00957	0.00399	0.00399
22	0.00808	0.00577	0.00769	0.00913	0.00956	0.00539	0.00612	0.00931	0.01287	0.01723	0.06651	0.73292	0.04436	0.02031	0.00837	0.00265	0.00379	0.01842	0.00616	0.00539
23	0.16926	0.01218	0.01373	0.04185	0.05777	0.04975	0.00970	0.08980	0.01794	0.19781	0.21121	0.02799	0.02648	0.00936	0.00651	0.00207	0.00559	0.03640	0.00614	0.00846
24	0.01787	0.55704	0.15885	0.01293	0.01916	0.05911	0.01360	0.02098	0.01406	0.05893	0.01068	0.01193	0.00890	0.00595	0.00482	0.00158	0.00768	0.00398	0.00315	0.00880
25	0.01381	0.00886	0.01161	0.01070	0.01276	0.00942	0.00826	0.05946	0.05256	0.12841	0.07254	0.10511	0.06615	0.07495	0.29850	0.00579	0.03967	0.00900	0.00529	0.00716
26	0.00919	0.00617	0.00822	0.00947	0.01023	0.00575	0.00665	0.01059	0.01320	0.04796	0.03678	0.64190	0.06594	0.01971	0.00837	0.00266	0.00409	0.08124	0.00619	0.00568
27	0.33105	0.01738	0.01392	0.10221	0.01904	0.22988	0.01058	0.02023	0.01427	0.03758	0.01491	0.03619	0.03920	0.00822	0.00614	0.00208	0.03038	0.05546	0.00406	0.00721
28	0.01737	0.05751	0.15321	0.14071	0.07292	0.06315	0.01490	0.06609	0.03213	0.13528	0.01661	0.08657	0.01372	0.00829	0.00717	0.00205	0.04482	0.00669	0.00447	0.05631

[dist]
# distance from previous block
# <min> <max>
0	15

[block]
# block no. 5 follows, 33 sequences, length 32
# corresponding to MSA columns:
# 182-213
name=unknown_F
#
# <colnr> <probs for GDERKNQSTAVLIFYWHMCP>
#	G	D	E	R	K	N	Q	S	T	A	V	L	I	F	Y	W	H	M	C	P
0	0.01916	0.44062	0.02714	0.06994	0.01969	0.07650	0.01181	0.15952	0.01760	0.04526	0.01418	0.01526	0.04450	0.00688	0.00527	0.00167	0.00735	0.00486	0.00398	0.00881
1	0.01431	0.05058	0.02136	0.11704	0.40511	0.03630	0.01570	0.01786	0.01557	0.02135	0.16484	0.02497	0.05120	0.00803	0.00671	0.00199	0.00684	0.00731	0.00416	0.00877
2	0.07145	0.06134	0.11672	0.05864	0.06422	0.01621	0.04187	0.11973	0.23651	0.08122	0.01791	0.01826	0.01325	0.00732	0.00623	0.00202	0.00683	0.00598	0.00515	0.04914
3	0.04352	0.07363	0.08081	0.08348	0.16870	0.01455	0.01371	0.08208	0.12182	0.09387	0.02037	0.12406	0.03303	0.00916	0.00658	0.00211	0.00658	0.00783	0.00495	0.00914
4	0.01158	0.04686	0.01156	0.01138	0.01306	0.07546	0.00934	0.01400	0.01496	0.01889	0.06159	0.20854	0.06066	0.01651	0.00820	0.00264	0.00587	0.37630	0.02647	0.00616
5	0.06916	0.05745	0.05026	0.06257	0.15927	0.06452	0.03465	0.06529	0.01472	0.07593	0.01408	0.05418	0.01211	0.01084	0.05322	0.00268	0.16131	0.00626	0.02304	0.00848
6	0.01793	0.11573	0.04687	0.11358	0.29882	0.15862	0.03994	0.06365	0.01621	0.02033	0.01166	0.01469	0.00954	0.00619	0.00609	0.00184	0.00864	0.00521	0.00341	0.04106
7	0.01721	0.11057	0.06914	0.03304	0.09763	0.10652	0.05515	0.04879	0.01550	0.08861	0.08960	0.04246	0.01682	0.01021	0.03714	0.00242	0.13998	0.00657	0.00426	0.00838
8	0.00884	0.00665	0.00818	0.00792	0.00957	0.00599	0.00589	0.01145	0.01733	0.02358	0.51162	0.09630	0.23309	0.01473	0.00781	0.00215	0.00321	0.01284	0.00688	0.00599
9	0.04820	0.01493	0.01499	0.01320	0.01695	0.05290	0.01042	0.14402	0.46740	0.02886	0.02345	0.02397	0.01806	0.00885	0.00651	0.00215	0.00579	0.03465	0.05488	0.00984
10	0.00932	0.00673	0.00880	0.00828	0.00984	0.00621	0.00621	0.01242	0.01863	0.02640	0.72410	0.04918	0.06212	0.01346	0.00776	0.00207	0.00311	0.01191	0.00725	0.00621
11	0.00839	0.00669	0.00751	0.00731	0.00927	0.00582	0.00548	0.01062	0.01644	0.02119	0.32668	0.05775	0.46279	0.01540	0.00777	0.00216	0.00324	0.01311	0.00656	0.00582
12	0.81514	0.01273	0.00968	0.00866	0.01273	0.01477	0.00713	0.01935	0.01120	0.02954	0.00917	0.01069	0.00713	0.00611	0.00407	0.00204	0.00509	0.00356	0.00407	0.00713
13	0.81514	0.01273	0.00968	0.00866	0.01273	0.01477	0.00713	0.01935	0.01120	0.02954	0.00917	0.01069	0.00713	0.00611	0.00407	0.00204	0.00509	0.00356	0.00407	0.00713
14	0.01440	0.01440	0.02016	0.01728	0.01728	0.02016	0.01440	0.01584	0.01008	0.01584	0.00864	0.01440	0.00864	0.01152	0.02160	0.00288	0.75659	0.00576	0.00288	0.00720
15	0.02538	0.01788	0.01941	0.01488	0.02013	0.01958	0.01229	0.65324	0.03001	0.09520	0.01660	0.01632	0.01159	0.00792	0.00659	0.00198	0.00712	0.00598	0.00671	0.01120
16	0.72676	0.05881	0.01147	0.00897	0.01319	0.01519	0.00751	0.02002	0.01172	0.06440	0.01002	0.01128	0.00768	0.00619	0.00421	0.00200	0.00524	0.00372	0.00420	0.00742
17	0.01702	0.02062	0.16873	0.07776	0.16198	0.10748	0.01627	0.07331	0.11511	0.03921	0.01427	0.01626	0.01102	0.00699	0.00715	0.00197	0.05139	0.00551	0.00404	0.08392
18	0.01637	0.01414	0.01489	0.01340	0.01712	0.01637	0.01042	0.03498	0.71568	0.02754	0.02679	0.02456	0.02010	0.00893	0.00670	0.00223	0.00521	0.00744	0.00670	0.01042
19	0.00810	0.00677	0.00711	0.00728	0.00942	0.00578	0.00563	0.00992	0.01502	0.01800	0.06314	0.06457	0.64825	0.01684	0.00793	0.00231	0.00364	0.08858	0.00611	0.00561
20	0.00901	0.00672	0.00838	0.00796	0.00965	0.00608	0.00597	0.01183	0.01791	0.02469	0.59341	0.05199	0.19387	0.01410	0.00777	0.00210	0.00315	0.01230	0.00702	0.00608
21	0.01365	0.01170	0.01365	0.00975	0.01560	0.00878	0.00780	0.01658	0.01365	0.02145	0.01170	0.01365	0.00975	0.00488	0.00488	0.00098	0.00488	0.00390	0.00390	0.80888
22	0.00832	0.00640	0.00762	0.00793	0.00938	0.00569	0.00571	0.01027	0.01537	0.02011	0.25758	0.27602	0.31205	0.01692	0.00797	0.00232	0.00341	0.01478	0.00646	0.00569
23	0.00868	0.00639	0.00789	0.00850	0.00957	0.00591	0.00607	0.01035	0.01414	0.01862	0.17230	0.31575	0.18982	0.11419	0.01144	0.00297	0.00413	0.08175	0.00605	0.00545
24	0.01438	0.01026	0.01304	0.04060	0.07695	0.01046	0.00942	0.04104	0.18460	0.10744	0.02857	0.28607	0.05506	0.04166	0.00824	0.00243	0.00514	0.01125	0.00596	0.04742
25	0.04405	0.30551	0.04855	0.01526	0.05050	0.35245	0.01236	0.02217	0.01578	0.01673	0.01143	0.05516	0.01054	0.00707	0.00542	0.00168	0.00914	0.00488	0.00333	0.00799
26	0.01774	0.01644	0.05057	0.05420	0.42021	0.03984	0.06742	0.07451	0.01633	0.07772	0.01347	0.01639	0.01060	0.00640	0.00706	0.00196	0.03643	0.00584	0.00391	0.06297
27	0.01768	0.04852	0.04355	0.04080	0.11946	0.08777	0.06650	0.15260	0.10415	0.04078	0.01678	0.04676	0.01403	0.01033	0.05119	0.00247	0.00813	0.03210	0.00470	0.09171
28	0.00947	0.00703	0.00927	0.00985	0.01074	0.00725	0.00720	0.03174	0.01325	0.01790	0.07672	0.38868	0.06942	0.08422	0.12532	0.00417	0.03825	0.07832	0.00548	0.00571
29	0.02987	0.01086	0.01584	0.17965	0.02213	0.03267	0.10511	0.03785	0.04193	0.02030	0.12373	0.07983	0.19378	0.01394	0.06091	0.00281	0.00717	0.00974	0.00488	0.00698
30	0.01557	0.09132	0.13346	0.17282	0.05841	0.01473	0.01423	0.09455	0.01499	0.08112	0.01478	0.02038	0.01238	0.10930	0.08343	0.00345	0.04685	0.00613	0.00396	0.00816
31	0.01538	0.01354	0.02052	0.19709	0.12841	0.04361	0.11618	0.04600	0.11357	0.06572	0.01960	0.11644	0.01743	0.00926	0.00712	0.00224	0.00757	0.04717	0.00463	0.00851

[dist]
# distance from previous block
# <min> <max>
1	16

[block]
# block no. 6 follows, 33 sequences, length 20
# corresponding to MSA columns:
# 230-249
name=unknown_G
#
# <colnr> <probs for GDERKNQSTAVLIFYWHMCP>
#	G	D	E	R	K	N	Q	S	T	A	V	L	I	F	Y	W	H	M	C	P
0	0.08602	0.10170	0.08735	0.17756	0.14360	0.10488	0.03599	0.09978	0.01638	0.04342	0.01209	0.01478	0.00937	0.00642	0.00597	0.00191	0.00824	0.00514	0.00374	0.03566
1	0.03812	0.01813	0.19588	0.06687	0.09096	0.01369	0.15573	0.04330	0.03089	0.09106	0.04747	0.07995	0.01571	0.00952	0.03193	0.00244	0.03075	0.00742	0.02138	0.00881
2	0.00917	0.00700	0.01002	0.01002	0.01135	0.00785	0.00777	0.01142	0.01121	0.01564	0.02467	0.03124	0.11803	0.04469	0.63720	0.00938	0.01558	0.00803	0.00390	0.00583
3	0.08134	0.36122	0.17968	0.01815	0.13963	0.01992	0.03833	0.02070	0.01394	0.05605	0.01128	0.01311	0.00911	0.00597	0.00528	0.00176	0.00765	0.00451	0.00328	0.00911
4	0.07693	0.03920	0.22393	0.01650	0.04307	0.03381	0.05967	0.14416	0.01798	0.20761	0.01577	0.01642	0.01100	0.00731	0.00730	0.00208	0.05671	0.00564	0.00500	0.00990
5	0.00911	0.00640	0.00828	0.00870	0.00914	0.00664	0.00578	0.01009	0.01068	0.01458	0.02403	0.23224	0.02705	0.35972	0.23139	0.00660	0.00894	0.01131	0.00443	0.00490
6	0.00856	0.00673	0.00789	0.00768	0.00953	0.00606	0.00578	0.01088	0.01612	0.02113	0.33397	0.05424	0.38954	0.01819	0.07166	0.00289	0.00448	0.01248	0.00636	0.00586
7	0.01612	0.01697	0.02178	0.02176	0.14631	0.11397	0.03863	0.01818	0.01228	0.01708	0.00968	0.01453	0.00899	0.00968	0.01636	0.00254	0.49859	0.00565	0.00303	0.00790
8	0.01294	0.01239	0.02143	0.64996	0.10404	0.01483	0.05712	0.01736	0.01346	0.01747	0.01185	0.01745	0.00899	0.00646	0.00664	0.00217	0.00882	0.00596	0.00298	0.00767
9	0.00880	0.00671	0.00808	0.00773	0.00951	0.00599	0.00580	0.01141	0.01740	0.02347	0.50065	0.05400	0.28739	0.01455	0.00777	0.00212	0.00318	0.01258	0.00686	0.00599
10	0.01566	0.01742	0.03693	0.02974	0.14371	0.01649	0.59589	0.02095	0.01545	0.02115	0.01317	0.01753	0.01006	0.00560	0.00757	0.00218	0.01058	0.00747	0.00332	0.00912
11	0.00957	0.00641	0.00734	0.00734	0.00740	0.00647	0.00419	0.00968	0.00962	0.01288	0.02060	0.04227	0.02358	0.73473	0.06693	0.00658	0.00691	0.00945	0.00397	0.00408
12	0.81514	0.01273	0.00968	0.00866	0.01273	0.01477	0.00713	0.01935	0.01120	0.02954	0.00917	0.01069	0.00713	0.00611	0.00407	0.00204	0.00509	0.00356	0.00407	0.00713
13	0.81514	0.01273	0.00968	0.00866	0.01273	0.01477	0.00713	0.01935	0.01120	0.02954	0.00917	0.01069	0.00713	0.00611	0.00407	0.00204	0.00509	0.00356	0.00407	0.00713
14	0.01729	0.72036	0.08401	0.01179	0.01772	0.02529	0.01219	0.01979	0.01341	0.01587	0.00934	0.01080	0.00844	0.00568	0.00437	0.00146	0.00723	0.00362	0.00281	0.00854
15	0.01320	0.03405	0.73453	0.01876	0.02849	0.01529	0.02432	0.02085	0.01390	0.02085	0.01181	0.01390	0.00834	0.00625	0.00625	0.00208	0.00973	0.00486	0.00278	0.00973
16	0.00888	0.00671	0.00819	0.00782	0.00956	0.00602	0.00586	0.01157	0.01759	0.02393	0.53559	0.05324	0.25216	0.01438	0.00777	0.00211	0.00317	0.01248	0.00692	0.00602
17	0.00917	0.00672	0.00859	0.00812	0.00974	0.00615	0.00609	0.01213	0.01828	0.02555	0.65965	0.05057	0.12710	0.01377	0.00777	0.00209	0.00313	0.01210	0.00714	0.00615
18	0.01589	0.01793	0.11067	0.03715	0.60629	0.01566	0.05919	0.02033	0.01489	0.02141	0.01237	0.01609	0.01016	0.00589	0.00656	0.00199	0.00823	0.00586	0.00321	0.01026
19	0.02954	0.01120	0.01528	0.01171	0.01681	0.00968	0.00968	0.03208	0.01884	0.73213	0.02597	0.02241	0.01630	0.00815	0.00662	0.00204	0.00560	0.00662	0.00815	0.01120

[dist]
# distance from previous block
# <min> <max>
0	2

[block]
# block no. 7 follows, 33 sequences, length 30
# corresponding to MSA columns:
# 252-281
name=unknown_H
#
# <colnr> <probs for GDERKNQSTAVLIFYWHMCP>
#	G	D	E	R	K	N	Q	S	T	A	V	L	I	F	Y	W	H	M	C	P
0	0.01629	0.01564	0.02672	0.04041	0.72757	0.01564	0.02020	0.02020	0.01499	0.02151	0.01238	0.01629	0.01043	0.00587	0.00652	0.00196	0.00782	0.00587	0.00326	0.01043
1	0.01899	0.20356	0.08020	0.02107	0.10757	0.12546	0.21989	0.02272	0.01569	0.10453	0.01314	0.01524	0.01008	0.00615	0.00624	0.00188	0.00908	0.00564	0.00375	0.00911
2	0.74971	0.01320	0.01051	0.00919	0.01337	0.01524	0.00758	0.07618	0.01284	0.03053	0.00972	0.01112	0.00747	0.00626	0.00428	0.00203	0.00527	0.00376	0.00428	0.00747
3	0.02515	0.01477	0.03943	0.01819	0.13715	0.01398	0.03743	0.21126	0.02121	0.38186	0.02011	0.01920	0.01349	0.00756	0.00662	0.00201	0.00673	0.00630	0.00659	0.01095
4	0.81514	0.01273	0.00968	0.00866	0.01273	0.01477	0.00713	0.01935	0.01120	0.02954	0.00917	0.01069	0.00713	0.00611	0.00407	0.00204	0.00509	0.00356	0.00407	0.00713
5	0.02503	0.01844	0.01976	0.01515	0.02042	0.02042	0.01251	0.70562	0.03095	0.04149	0.01581	0.01581	0.01120	0.00790	0.00659	0.00198	0.00724	0.00593	0.00659	0.01120
6	0.02954	0.01120	0.01528	0.01171	0.01681	0.00968	0.00968	0.03208	0.01884	0.73213	0.02597	0.02241	0.01630	0.00815	0.00662	0.00204	0.00560	0.00662	0.00815	0.01120
7	0.01637	0.01414	0.01489	0.01340	0.01712	0.01637	0.01042	0.03498	0.71568	0.02754	0.02679	0.02456	0.02010	0.00893	0.00670	0.00223	0.00521	0.00744	0.00670	0.01042
8	0.00819	0.00586	0.00786	0.00921	0.00964	0.00562	0.00621	0.00939	0.01233	0.01654	0.03419	0.67779	0.04061	0.04982	0.06963	0.00346	0.00505	0.01743	0.00582	0.00534
9	0.02503	0.01844	0.01976	0.01515	0.02042	0.02042	0.01251	0.70562	0.03095	0.04149	0.01581	0.01581	0.01120	0.00790	0.00659	0.00198	0.00724	0.00593	0.00659	0.01120
10	0.01061	0.00758	0.01061	0.01212	0.01364	0.00758	0.01061	0.01364	0.01515	0.01970	0.03486	0.07426	0.03789	0.01819	0.00909	0.00303	0.00606	0.68326	0.00606	0.00606
11	0.02954	0.01120	0.01528	0.01171	0.01681	0.00968	0.00968	0.03208	0.01884	0.73213	0.02597	0.02241	0.01630	0.00815	0.00662	0.00204	0.00560	0.00662	0.00815	0.01120
12	0.00976	0.00674	0.00884	0.00924	0.00989	0.00697	0.00636	0.03936	0.01180	0.01603	0.02490	0.31303	0.02797	0.20516	0.19422	0.07980	0.00810	0.01197	0.00470	0.00517
13	0.02933	0.01154	0.01549	0.01187	0.01697	0.01017	0.00981	0.06334	0.01940	0.70008	0.02550	0.02210	0.01606	0.00814	0.00662	0.00203	0.00568	0.00659	0.00808	0.01120
14	0.75009	0.01260	0.01014	0.00891	0.01307	0.01435	0.00734	0.02041	0.01184	0.08772	0.01056	0.01166	0.00789	0.00628	0.00428	0.00204	0.00513	0.00382	0.00441	0.00747
15	0.01363	0.00883	0.01161	0.01063	0.01253	0.00958	0.00811	0.10189	0.01388	0.09655	0.01891	0.02753	0.01721	0.17850	0.43141	0.00774	0.01282	0.00735	0.00451	0.00677
16	0.01522	0.01685	0.10577	0.16285	0.22847	0.05156	0.06101	0.06012	0.03753	0.02063	0.01364	0.01884	0.01139	0.07109	0.00981	0.00245	0.06051	0.00616	0.03749	0.00861
17	0.00957	0.00638	0.00718	0.00718	0.00718	0.00638	0.00399	0.00957	0.00957	0.01276	0.02074	0.04308	0.02393	0.76864	0.03351	0.00638	0.00638	0.00957	0.00399	0.00399
18	0.01977	0.01044	0.01270	0.01061	0.01439	0.00993	0.00846	0.05367	0.13679	0.33666	0.12609	0.03483	0.17546	0.01080	0.00703	0.00211	0.00479	0.00899	0.00728	0.00920
19	0.01714	0.10938	0.39736	0.01925	0.08952	0.13092	0.01933	0.10257	0.01671	0.02204	0.01180	0.01367	0.00890	0.00643	0.00605	0.00193	0.00931	0.00484	0.00337	0.00950
20	0.01440	0.01964	0.25338	0.01865	0.06755	0.01351	0.15064	0.03959	0.08770	0.06274	0.02015	0.08936	0.05063	0.01192	0.06742	0.00287	0.00888	0.00781	0.00428	0.00887
