[name]
unknown

[dist]
# distance from previous block
# <min> <max>
0	31

[block]
# block no. 0 follows, 23 sequences, length 28
# corresponding to MSA columns:
# 31-48,50-59
name=unknown_A
#
# <colnr> <probs for GDERKNQSTAVLIFYWHMCP>
#	G	D	E	R	K	N	Q	S	T	A	V	L	I	F	Y	W	H	M	C	P
0	0.01585	0.01405	0.05256	0.18775	0.02829	0.01392	0.01609	0.09939	0.02052	0.02678	0.03451	0.05916	0.08461	0.01617	0.00969	0.00315	0.00846	0.29377	0.00636	0.00888
1	0.01795	0.04300	0.08711	0.09646	0.10224	0.01707	0.01619	0.09832	0.07633	0.02808	0.07982	0.02689	0.02100	0.05263	0.07712	0.00375	0.04695	0.00801	0.00540	0.09568
2	0.02109	0.01485	0.02067	0.12333	0.06440	0.01547	0.05252	0.16593	0.02294	0.11941	0.06067	0.08008	0.06737	0.04275	0.01104	0.03017	0.00818	0.06206	0.00680	0.01028
3	0.02545	0.02214	0.02658	0.10645	0.13806	0.08700	0.05485	0.31724	0.04838	0.03709	0.01751	0.01975	0.01314	0.00869	0.00803	0.00241	0.00992	0.00717	0.00611	0.04403
4	0.04413	0.01022	0.01457	0.10359	0.05797	0.01074	0.01120	0.01771	0.01533	0.09056	0.02674	0.20121	0.02693	0.09403	0.14073	0.07454	0.00980	0.01194	0.03021	0.00786
5	0.01248	0.00940	0.01251	0.07875	0.01687	0.01009	0.00946	0.04709	0.01546	0.02072	0.03232	0.19458	0.08444	0.19740	0.21422	0.00709	0.01123	0.01324	0.00562	0.00703
6	0.02174	0.02373	0.06146	0.10879	0.25580	0.17535	0.04322	0.08522	0.02088	0.02604	0.01793	0.08866	0.01612	0.00970	0.00816	0.00248	0.01067	0.00839	0.00474	0.01093
7	0.01488	0.00865	0.01062	0.01020	0.01253	0.00772	0.00752	0.01635	0.01779	0.11906	0.11189	0.16083	0.26719	0.02003	0.01290	0.12702	0.00506	0.01435	0.04800	0.00743
8	0.01248	0.00816	0.00967	0.00977	0.01120	0.00755	0.00665	0.01412	0.01655	0.06164	0.12562	0.21556	0.17914	0.23165	0.01918	0.00436	0.00552	0.01566	0.03875	0.00676
9	0.01518	0.01161	0.01710	0.01515	0.01727	0.01235	0.07305	0.01844	0.06731	0.05727	0.09726	0.18636	0.09515	0.01896	0.01623	0.14400	0.11036	0.01294	0.00619	0.00784
10	0.01238	0.00879	0.01076	0.01148	0.01244	0.00871	0.00772	0.07307	0.01693	0.02260	0.03795	0.49465	0.04433	0.17816	0.01706	0.00423	0.00583	0.01899	0.00700	0.00693
11	0.01487	0.01098	0.01262	0.01229	0.01430	0.01130	0.00875	0.12960	0.06591	0.02646	0.03885	0.34775	0.09419	0.15462	0.01572	0.00393	0.00617	0.01641	0.00719	0.00808
12	0.01096	0.00814	0.01029	0.01106	0.01238	0.00774	0.00779	0.01443	0.05610	0.02510	0.22891	0.43036	0.10312	0.02158	0.00994	0.00300	0.00451	0.01931	0.00799	0.00730
13	0.01722	0.00818	0.00867	0.00824	0.01056	0.00799	0.00629	0.02094	0.01763	0.09326	0.02702	0.02999	0.02073	0.00951	0.00592	0.00195	0.00409	0.00762	0.68601	0.00818
14	0.01683	0.01442	0.01683	0.01202	0.01923	0.01082	0.00961	0.02043	0.01683	0.02644	0.01442	0.01683	0.01202	0.00601	0.00601	0.00120	0.00601	0.00481	0.00481	0.76444
15	0.06487	0.01042	0.01274	0.01157	0.01425	0.01002	0.00855	0.05328	0.01981	0.16739	0.21511	0.16880	0.04364	0.14527	0.01493	0.00366	0.00584	0.01326	0.00788	0.00869
16	0.01609	0.01351	0.01466	0.01387	0.01724	0.01482	0.01050	0.03061	0.39525	0.02954	0.08169	0.16544	0.13211	0.01551	0.00893	0.00284	0.00558	0.01332	0.00805	0.01043
17	0.01043	0.00758	0.00933	0.01018	0.01115	0.00703	0.00684	0.01205	0.01644	0.02176	0.13950	0.38754	0.15178	0.15105	0.01585	0.00394	0.00506	0.01875	0.00726	0.00648
18	0.01079	0.00806	0.01018	0.01058	0.01223	0.00723	0.00752	0.01322	0.01845	0.02512	0.25071	0.37213	0.13723	0.02071	0.00974	0.00285	0.00442	0.01843	0.00783	0.05258
19	0.01166	0.00811	0.00993	0.00998	0.01153	0.00744	0.00700	0.01388	0.01842	0.04642	0.27366	0.21146	0.17163	0.14391	0.01538	0.00371	0.00491	0.01634	0.00766	0.00698
20	0.70831	0.01553	0.01253	0.01100	0.01613	0.01766	0.00906	0.02521	0.01463	0.09137	0.01310	0.01443	0.00977	0.00775	0.00529	0.00251	0.00633	0.00472	0.00546	0.00922
21	0.01730	0.01708	0.01875	0.01715	0.01891	0.12188	0.01361	0.02176	0.07890	0.02074	0.01805	0.02469	0.01625	0.03330	0.30774	0.00738	0.22569	0.00771	0.00447	0.00865
22	0.01238	0.00913	0.01087	0.01071	0.01254	0.00874	0.00769	0.06700	0.01998	0.02674	0.24178	0.24586	0.17166	0.10137	0.01340	0.00342	0.00505	0.01658	0.00772	0.00741
23	0.01043	0.00805	0.00961	0.01028	0.01213	0.00723	0.00768	0.01281	0.01840	0.02359	0.15930	0.25479	0.31659	0.02153	0.01001	0.00300	0.00467	0.09517	0.00775	0.00699
24	0.06560	0.02130	0.02138	0.08607	0.02578	0.11976	0.01485	0.33564	0.02769	0.03659	0.01791	0.02093	0.01393	0.01872	0.13282	0.00438	0.01220	0.00708	0.00620	0.01117
25	0.01627	0.01116	0.01518	0.07665	0.01924	0.03439	0.03564	0.01892	0.01651	0.11767	0.06329	0.15112	0.05953	0.12591	0.19468	0.00625	0.01127	0.01199	0.00613	0.00819
26	0.01563	0.01064	0.01464	0.03503	0.01639	0.01115	0.03017	0.04849	0.01720	0.08634	0.10720	0.11242	0.08569	0.12549	0.14482	0.05722	0.05559	0.01179	0.00622	0.00787
27	0.13345	0.01691	0.01626	0.01412	0.01794	0.07396	0.01090	0.21355	0.05674	0.03333	0.06724	0.08468	0.06606	0.10773	0.04872	0.00382	0.00846	0.00983	0.00666	0.00966

[dist]
# distance from previous block
# <min> <max>
0	8

[block]
# block no. 1 follows, 23 sequences, length 38
# corresponding to MSA columns:
# 68-105
name=unknown_B
#
# <colnr> <probs for GDERKNQSTAVLIFYWHMCP>
#	G	D	E	R	K	N	Q	S	T	A	V	L	I	F	Y	W	H	M	C	P
0	0.02138	0.02305	0.07719	0.02033	0.02576	0.13172	0.12773	0.12255	0.11142	0.02994	0.09312	0.02648	0.02194	0.04138	0.01083	0.00274	0.04917	0.00844	0.00588	0.04894
1	0.04810	0.01277	0.03881	0.01328	0.01553	0.04626	0.01031	0.04892	0.01668	0.09259	0.05230	0.20643	0.05019	0.02140	0.03973	0.21063	0.05062	0.01187	0.00600	0.00757
2	0.02019	0.10066	0.08727	0.04230	0.02519	0.10867	0.09361	0.05694	0.18154	0.02655	0.06845	0.02476	0.01999	0.01156	0.01065	0.08865	0.00939	0.00787	0.00552	0.01024
3	0.01914	0.01066	0.01305	0.01162	0.01514	0.00973	0.00897	0.04729	0.04609	0.21569	0.16176	0.14901	0.22577	0.01665	0.00917	0.00271	0.00526	0.01421	0.00858	0.00952
4	0.02538	0.38172	0.03298	0.04401	0.02415	0.30001	0.01503	0.05257	0.02005	0.02078	0.01226	0.01429	0.01058	0.00769	0.00631	0.00195	0.01123	0.00494	0.00396	0.01008
5	0.01900	0.01817	0.03097	0.19710	0.52541	0.01899	0.02436	0.02395	0.01796	0.02519	0.01507	0.02044	0.01239	0.00743	0.00805	0.00248	0.00991	0.00723	0.00392	0.01198
6	0.02218	0.68099	0.04141	0.01428	0.02107	0.06908	0.01399	0.02476	0.01686	0.01913	0.01135	0.01311	0.01042	0.00702	0.00533	0.00176	0.00902	0.00439	0.00351	0.01036
7	0.47631	0.05526	0.01768	0.01381	0.01924	0.07920	0.01138	0.18383	0.02107	0.03789	0.01353	0.01494	0.01032	0.00815	0.00604	0.00241	0.00782	0.00522	0.00567	0.01023
8	0.01241	0.00831	0.01039	0.01077	0.01184	0.00818	0.00739	0.01415	0.07363	0.01947	0.03816	0.24120	0.14371	0.08486	0.02004	0.26338	0.00584	0.01424	0.00600	0.00603
9	0.01050	0.00784	0.00931	0.00971	0.01113	0.00713	0.00672	0.01245	0.01761	0.02312	0.20146	0.25607	0.23738	0.13453	0.01500	0.00370	0.00483	0.01742	0.00744	0.00665
10	0.03031	0.03867	0.02299	0.02090	0.02508	0.68226	0.01568	0.03240	0.02299	0.01986	0.01254	0.01463	0.01045	0.00836	0.00732	0.00209	0.01463	0.00523	0.00418	0.00941
11	0.02295	0.01456	0.01682	0.01405	0.01861	0.01490	0.01120	0.16339	0.15088	0.18100	0.17730	0.04014	0.11296	0.01297	0.00867	0.00258	0.00621	0.01077	0.00869	0.01135
12	0.01175	0.00800	0.01015	0.01031	0.01145	0.00776	0.00731	0.01269	0.01535	0.02029	0.12605	0.08935	0.15951	0.18516	0.08888	0.15390	0.00759	0.06253	0.00602	0.00595
13	0.01163	0.00780	0.00890	0.00907	0.00911	0.00775	0.00515	0.01176	0.01213	0.01617	0.02727	0.11130	0.03164	0.65371	0.03856	0.00746	0.00759	0.01280	0.00515	0.00507
14	0.01120	0.00828	0.01045	0.00991	0.01195	0.00753	0.00743	0.01476	0.02229	0.03094	0.57278	0.06325	0.16472	0.01719	0.00957	0.00258	0.00387	0.01504	0.00872	0.00753
15	0.02008	0.01928	0.03294	0.04981	0.66422	0.01928	0.02490	0.02490	0.01848	0.02651	0.01526	0.02008	0.01285	0.00723	0.00803	0.00241	0.00964	0.00723	0.00402	0.01285
16	0.01906	0.01944	0.03344	0.22113	0.33046	0.05025	0.15903	0.02436	0.01822	0.02451	0.01516	0.02065	0.01206	0.00744	0.00836	0.00255	0.01109	0.00765	0.00393	0.01122
17	0.77215	0.01569	0.01193	0.01067	0.01569	0.01820	0.00879	0.02385	0.01381	0.03641	0.01130	0.01318	0.00879	0.00753	0.00502	0.00251	0.00628	0.00439	0.00502	0.00879
18	0.01409	0.00705	0.01057	0.01057	0.01057	0.00705	0.00705	0.01057	0.01057	0.01409	0.01409	0.02467	0.01409	0.02819	0.03171	0.76392	0.00705	0.00705	0.00352	0.00352
19	0.01411	0.00843	0.00979	0.00938	0.00997	0.00825	0.00558	0.01441	0.01287	0.07722	0.02617	0.05070	0.02862	0.64859	0.03818	0.00736	0.00778	0.01146	0.00540	0.00575
20	0.01409	0.00705	0.01057	0.01057	0.01057	0.00705	0.00705	0.01057	0.01057	0.01409	0.01409	0.02467	0.01409	0.02819	0.03171	0.76392	0.00705	0.00705	0.00352	0.00352
21	0.02144	0.02006	0.01892	0.01706	0.02159	0.10212	0.01319	0.04179	0.57202	0.03220	0.03049	0.02834	0.02300	0.01068	0.00814	0.00267	0.00744	0.00869	0.00775	0.01242
22	0.02868	0.02165	0.02313	0.01823	0.02434	0.02415	0.01490	0.51631	0.16254	0.04764	0.02224	0.02168	0.01603	0.01000	0.00815	0.00250	0.00842	0.00769	0.00815	0.01360
23	0.01353	0.00829	0.01070	0.01111	0.01287	0.00749	0.00793	0.01564	0.01815	0.10646	0.14916	0.42995	0.13501	0.02133	0.00984	0.00300	0.00477	0.01897	0.00809	0.00773
24	0.01099	0.00820	0.01021	0.00986	0.01186	0.00742	0.00734	0.01429	0.02156	0.02957	0.50014	0.10481	0.19790	0.01797	0.00962	0.00264	0.00394	0.01571	0.00855	0.00742
25	0.45699	0.01331	0.01200	0.01114	0.01511	0.01477	0.00891	0.02322	0.05542	0.06183	0.07631	0.07823	0.02277	0.01097	0.00655	0.00259	0.00580	0.03821	0.07706	0.00881
26	0.01409	0.00705	0.01057	0.01057	0.01057	0.00705	0.00705	0.01057	0.01057	0.01409	0.01409	0.02467	0.01409	0.02819	0.03171	0.76392	0.00705	0.00705	0.00352	0.00352
27	0.01342	0.00741	0.01078	0.01078	0.01102	0.00765	0.00731	0.01136	0.01112	0.01507	0.01668	0.02914	0.01689	0.11280	0.14023	0.55279	0.00957	0.00787	0.00382	0.00430
28	0.01623	0.00895	0.00929	0.00874	0.01104	0.00912	0.00668	0.07308	0.01934	0.03227	0.07459	0.03164	0.02447	0.01003	0.00619	0.00199	0.00424	0.00809	0.63590	0.00812
29	0.01439	0.00964	0.01255	0.01177	0.01470	0.00862	0.03636	0.01711	0.01910	0.10823	0.11527	0.12421	0.31693	0.04376	0.01086	0.00309	0.00561	0.11202	0.00774	0.00803
30	0.01058	0.00805	0.00931	0.00941	0.01107	0.00737	0.00661	0.01257	0.01745	0.02264	0.18661	0.14502	0.29972	0.16216	0.05169	0.00435	0.00581	0.01582	0.00714	0.00662
31	0.01515	0.01377	0.02269	0.54228	0.08681	0.01656	0.02049	0.01996	0.01624	0.02102	0.01785	0.03011	0.01554	0.06369	0.01093	0.00317	0.01022	0.06062	0.00407	0.00880
32	0.01301	0.01014	0.01392	0.01361	0.01558	0.01180	0.01059	0.01921	0.11807	0.02133	0.02360	0.03161	0.02103	0.05263	0.57139	0.01134	0.01921	0.00877	0.00499	0.00817
33	0.11558	0.02280	0.02267	0.25582	0.09666	0.21668	0.01777	0.08274	0.02021	0.02585	0.01519	0.04445	0.01257	0.00884	0.00757	0.00247	0.01086	0.00689	0.00457	0.00984
34	0.27238	0.08083	0.01800	0.01318	0.01822	0.05271	0.01083	0.13292	0.02124	0.10348	0.07888	0.04806	0.06889	0.01052	0.00702	0.00240	0.00704	0.00787	0.00655	0.03899
35	0.01460	0.01232	0.01298	0.04825	0.01601	0.06926	0.00911	0.01898	0.10415	0.02225	0.09778	0.19886	0.03561	0.21497	0.01929	0.04281	0.00711	0.01310	0.00623	0.03631
36	0.24736	0.05681	0.01944	0.05057	0.02167	0.07295	0.06240	0.05047	0.01795	0.06856	0.02251	0.08250	0.06496	0.01015	0.00707	0.00235	0.00779	0.00809	0.00555	0.12084
37	0.17062	0.01533	0.01881	0.09490	0.05576	0.03772	0.05453	0.02368	0.09273	0.05225	0.07736	0.03265	0.12505	0.01136	0.00925	0.00261	0.06097	0.00908	0.00589	0.04946

[dist]
# distance from previous block
# <min> <max>
0	24

[block]
# block no. 2 follows, 23 sequences, length 20
# corresponding to MSA columns:
# 130-149
name=unknown_C
#
# <colnr> <probs for GDERKNQSTAVLIFYWHMCP>
#	G	D	E	R	K	N	Q	S	T	A	V	L	I	F	Y	W	H	M	C	P
0	0.01845	0.01882	0.03391	0.15483	0.23594	0.02063	0.19771	0.02329	0.01694	0.02379	0.01443	0.02037	0.01185	0.00881	0.01257	0.00281	0.16238	0.00787	0.00387	0.01075
1	0.02284	0.08206	0.02045	0.01505	0.01984	0.01942	0.01210	0.23587	0.19090	0.07764	0.05620	0.03266	0.07569	0.08898	0.01174	0.00309	0.00737	0.00921	0.00748	0.01141
2	0.01408	0.00923	0.01106	0.01111	0.01263	0.00893	0.00762	0.06623	0.01726	0.06896	0.04039	0.34610	0.10816	0.21798	0.01870	0.00440	0.00605	0.01681	0.00702	0.00727
3	0.01407	0.01270	0.02041	0.04826	0.21016	0.01222	0.07126	0.01752	0.01813	0.02436	0.10149	0.21916	0.16570	0.01577	0.00927	0.00277	0.00701	0.01446	0.00617	0.00910
4	0.01549	0.01464	0.02437	0.65047	0.05358	0.01848	0.02222	0.02065	0.01597	0.02065	0.01417	0.02138	0.01081	0.00852	0.00934	0.00276	0.05668	0.00720	0.00360	0.00900
5	0.01159	0.00869	0.01304	0.01304	0.01449	0.01014	0.01014	0.01449	0.01304	0.01884	0.02173	0.03188	0.02029	0.06086	0.68268	0.01304	0.02173	0.00869	0.00435	0.00724
6	0.01790	0.01069	0.01266	0.01127	0.01418	0.01036	0.00851	0.08235	0.04116	0.13196	0.20783	0.08879	0.10966	0.10425	0.01277	0.00320	0.00552	0.01223	0.10581	0.00890
7	0.01544	0.01018	0.01204	0.01087	0.01391	0.00944	0.00836	0.07444	0.02243	0.10403	0.29231	0.09805	0.26303	0.01708	0.00933	0.00265	0.00481	0.01458	0.00842	0.00860
8	0.01017	0.00722	0.00946	0.01100	0.01152	0.00678	0.00730	0.01161	0.01568	0.02104	0.08392	0.60529	0.05295	0.08892	0.01318	0.00367	0.00494	0.02146	0.00738	0.00651
9	0.02108	0.01788	0.01885	0.01669	0.02144	0.02060	0.01306	0.09315	0.59806	0.03539	0.03189	0.02936	0.02385	0.01090	0.00824	0.00273	0.00663	0.00902	0.00824	0.01292
10	0.01857	0.00974	0.01263	0.01143	0.01441	0.00882	0.00885	0.02171	0.02093	0.20820	0.28083	0.10661	0.09175	0.04637	0.01049	0.00288	0.00520	0.05274	0.05873	0.00910
11	0.01409	0.00705	0.01057	0.01057	0.01057	0.00705	0.00705	0.01057	0.01057	0.01409	0.01409	0.02467	0.01409	0.02819	0.03171	0.76392	0.00705	0.00705	0.00352	0.00352
12	0.01409	0.00705	0.01057	0.01057	0.01057	0.00705	0.00705	0.01057	0.01057	0.01409	0.01409	0.02467	0.01409	0.02819	0.03171	0.76392	0.00705	0.00705	0.00352	0.00352
13	0.01142	0.00837	0.01152	0.01185	0.01303	0.00905	0.00878	0.01360	0.01381	0.01900	0.03037	0.11433	0.07005	0.17950	0.39640	0.00969	0.01510	0.05221	0.00522	0.00671
14	0.01505	0.00950	0.01183	0.01130	0.01386	0.00886	0.00862	0.01911	0.05809	0.11613	0.26352	0.14738	0.16737	0.04735	0.01089	0.00302	0.00507	0.06635	0.00830	0.00840
15	0.01178	0.00794	0.00924	0.00924	0.00937	0.00808	0.00540	0.01205	0.01192	0.01602	0.02521	0.05113	0.02864	0.65404	0.10092	0.00835	0.00916	0.01151	0.00486	0.00513
16	0.02018	0.01743	0.01835	0.01651	0.02110	0.02018	0.01284	0.04312	0.64956	0.03394	0.03303	0.03027	0.02477	0.01101	0.00826	0.00275	0.00642	0.00917	0.00826	0.01284
17	0.01915	0.02189	0.04788	0.03420	0.04241	0.02052	0.63475	0.02599	0.01915	0.02599	0.01642	0.02189	0.01231	0.00684	0.00958	0.00274	0.01368	0.00958	0.00410	0.01094
18	0.27721	0.01868	0.01861	0.01494	0.02077	0.05243	0.01225	0.23455	0.02511	0.22006	0.01998	0.01946	0.01376	0.00903	0.00707	0.00246	0.00777	0.00648	0.00744	0.01192
19	0.01204	0.00837	0.00960	0.00972	0.01208	0.00725	0.00712	0.01412	0.01834	0.07680	0.10240	0.24793	0.40329	0.02078	0.00968	0.00286	0.00449	0.01787	0.00783	0.00741

[dist]
# distance from previous block
# <min> <max>
2	5

[block]
# block no. 3 follows, 23 sequences, length 26
# corresponding to MSA columns:
# 162-187
name=unknown_D
#
# <colnr> <probs for GDERKNQSTAVLIFYWHMCP>
#	G	D	E	R	K	N	Q	S	T	A	V	L	I	F	Y	W	H	M	C	P
0	0.01585	0.01017	0.01230	0.01126	0.01428	0.00961	0.00865	0.04519	0.05714	0.12412	0.22838	0.10801	0.23435	0.02024	0.05986	0.00346	0.00616	0.01404	0.00814	0.00878
1	0.15052	0.01429	0.01714	0.01314	0.01948	0.01263	0.01077	0.03161	0.01989	0.38569	0.02369	0.02223	0.01598	0.00850	0.00704	0.00214	0.00655	0.00660	0.00775	0.22435
2	0.01683	0.01442	0.01683	0.01202	0.01923	0.01082	0.00961	0.02043	0.01683	0.02644	0.01442	0.01683	0.01202	0.00601	0.00601	0.00120	0.00601	0.00481	0.00481	0.76444
3	0.00977	0.00801	0.00861	0.00891	0.01118	0.00685	0.00651	0.01182	0.01824	0.02238	0.11229	0.19321	0.51173	0.02119	0.00973	0.00283	0.00420	0.01806	0.00762	0.00685
4	0.01308	0.00934	0.01308	0.01494	0.01681	0.00934	0.01308	0.01681	0.01868	0.02428	0.04296	0.09153	0.04670	0.02242	0.01121	0.00374	0.00747	0.60960	0.00747	0.00747
5	0.02169	0.71972	0.04252	0.01388	0.02083	0.03211	0.01388	0.02430	0.01649	0.01909	0.01128	0.01302	0.01041	0.00694	0.00521	0.00174	0.00868	0.00434	0.00347	0.01041
6	0.01054	0.00840	0.01212	0.01247	0.01395	0.00770	0.05497	0.01248	0.01636	0.02134	0.04949	0.54063	0.16268	0.02311	0.01016	0.00315	0.00528	0.02094	0.00727	0.00697
7	0.01119	0.00814	0.00967	0.00935	0.01144	0.00732	0.00695	0.01390	0.02019	0.02736	0.37002	0.06280	0.28134	0.01833	0.01076	0.05132	0.00413	0.01464	0.05406	0.00709
8	0.01180	0.00787	0.00885	0.00885	0.00885	0.00787	0.00492	0.01180	0.01180	0.01573	0.02557	0.05310	0.02950	0.71483	0.04130	0.00787	0.00787	0.01180	0.00492	0.00492
9	0.01565	0.01282	0.01505	0.01500	0.04392	0.01382	0.01079	0.02805	0.31353	0.03109	0.24434	0.14620	0.04615	0.01497	0.00902	0.00276	0.00542	0.01311	0.00819	0.01013
10	0.01783	0.01034	0.01368	0.01298	0.01542	0.01040	0.00987	0.06601	0.01799	0.15532	0.03176	0.21616	0.03157	0.10541	0.19502	0.00624	0.01064	0.05777	0.00694	0.00868
11	0.02105	0.01786	0.01884	0.01669	0.02143	0.02059	0.01305	0.09135	0.59992	0.03534	0.03193	0.02940	0.02388	0.01091	0.00825	0.00273	0.00663	0.00902	0.00825	0.01292
12	0.77215	0.01569	0.01193	0.01067	0.01569	0.01820	0.00879	0.02385	0.01381	0.03641	0.01130	0.01318	0.00879	0.00753	0.00502	0.00251	0.00628	0.00439	0.00502	0.00879
13	0.77215	0.01569	0.01193	0.01067	0.01569	0.01820	0.00879	0.02385	0.01381	0.03641	0.01130	0.01318	0.00879	0.00753	0.00502	0.00251	0.00628	0.00439	0.00502	0.00879
14	0.01817	0.01604	0.02238	0.14699	0.07873	0.01965	0.01684	0.11932	0.01890	0.02645	0.05926	0.11365	0.02131	0.01342	0.01539	0.00302	0.26583	0.00977	0.00522	0.00964
15	0.01513	0.00756	0.00756	0.00756	0.00945	0.00756	0.00567	0.01891	0.01702	0.03025	0.02647	0.03025	0.02080	0.00945	0.00567	0.00189	0.00378	0.00756	0.75988	0.00756
16	0.06745	0.05545	0.02569	0.06164	0.05338	0.21615	0.06623	0.11657	0.09392	0.02770	0.01601	0.01872	0.01279	0.00952	0.01072	0.00256	0.12304	0.00675	0.00509	0.01061
17	0.01177	0.00800	0.00953	0.00953	0.00977	0.00824	0.00577	0.01224	0.01200	0.01624	0.02494	0.04965	0.02800	0.60850	0.14558	0.00871	0.01012	0.01129	0.00482	0.00530
18	0.02104	0.61520	0.11000	0.01500	0.02239	0.03014	0.01559	0.02528	0.04433	0.02046	0.01259	0.01422	0.01103	0.00720	0.00561	0.00187	0.00894	0.00473	0.00368	0.01069
19	0.01115	0.00819	0.01045	0.01008	0.01197	0.00748	0.00748	0.01460	0.02189	0.03045	0.54849	0.11379	0.13830	0.01772	0.00963	0.00263	0.00393	0.01560	0.00867	0.00748
20	0.01169	0.00782	0.00888	0.00899	0.00902	0.00779	0.00507	0.01177	0.01202	0.01602	0.02667	0.09104	0.03090	0.67499	0.03951	0.00760	0.00768	0.01245	0.00507	0.00501
21	0.02234	0.66855	0.04105	0.01441	0.02115	0.08096	0.01402	0.02491	0.01698	0.01915	0.01138	0.01314	0.01042	0.00705	0.00537	0.00176	0.00912	0.00441	0.00352	0.01034
22	0.04630	0.14938	0.09045	0.01572	0.02188	0.04093	0.03989	0.08166	0.10034	0.07258	0.02539	0.07973	0.06588	0.01046	0.00745	0.00227	0.00788	0.00847	0.00591	0.12742
23	0.08368	0.05499	0.07373	0.04518	0.02391	0.11190	0.01470	0.14619	0.09483	0.18879	0.02311	0.06531	0.01772	0.01023	0.00777	0.00249	0.00880	0.00797	0.00699	0.01172
24	0.36740	0.07363	0.04459	0.01507	0.01976	0.05966	0.03503	0.06912	0.01743	0.03095	0.01751	0.02758	0.01602	0.01070	0.00846	0.00272	0.06419	0.10559	0.00527	0.00932
25	0.12665	0.12874	0.02258	0.07656	0.02282	0.12672	0.01378	0.06527	0.01865	0.06470	0.04646	0.07581	0.04300	0.01133	0.01041	0.00258	0.12110	0.00806	0.00526	0.00953

[dist]
# distance from previous block
# <min> <max>
0	6

[block]
# block no. 4 follows, 23 sequences, length 27
# corresponding to MSA columns:
# 211-218,221-231,233-240
name=unknown_E
#
# <colnr> <probs for GDERKNQSTAVLIFYWHMCP>
#	G	D	E	R	K	N	Q	S	T	A	V	L	I	F	Y	W	H	M	C	P
0	0.01200	0.00802	0.01006	0.01048	0.01193	0.00734	0.00732	0.01402	0.01777	0.06155	0.19135	0.34686	0.14871	0.09797	0.01335	0.00349	0.00489	0.01805	0.00772	0.00712
1	0.02948	0.03306	0.02573	0.02169	0.02678	0.47308	0.08393	0.12418	0.02489	0.06009	0.01507	0.01687	0.01168	0.00849	0.00773	0.00224	0.01325	0.00618	0.00509	0.01048
2	0.02104	0.09171	0.17481	0.04726	0.05472	0.11722	0.06171	0.13900	0.04560	0.02850	0.02401	0.06015	0.07869	0.01037	0.00800	0.00247	0.01010	0.00844	0.00530	0.01089
3	0.09995	0.12952	0.05838	0.05043	0.17726	0.07609	0.01613	0.02364	0.05520	0.02579	0.08902	0.09147	0.02334	0.01075	0.00840	0.00248	0.03812	0.00874	0.00513	0.01016
4	0.01159	0.00778	0.00891	0.00912	0.00917	0.00773	0.00521	0.01174	0.01221	0.01628	0.02769	0.12573	0.03217	0.63856	0.03788	0.00736	0.00752	0.01305	0.00521	0.00510
5	0.10181	0.01928	0.03318	0.02559	0.02963	0.02228	0.27826	0.02275	0.01543	0.02413	0.01317	0.01900	0.01115	0.01034	0.01701	0.00309	0.33236	0.00785	0.00395	0.00974
6	0.15758	0.59224	0.03698	0.01330	0.01990	0.02959	0.01296	0.02422	0.01600	0.02223	0.01128	0.01305	0.01012	0.00705	0.00517	0.00188	0.00824	0.00435	0.00375	0.01012
7	0.02589	0.02166	0.02484	0.01977	0.02568	0.05726	0.08308	0.33555	0.24360	0.04086	0.02340	0.02317	0.01720	0.00978	0.00828	0.00256	0.00890	0.00808	0.00752	0.01293
8	0.04116	0.04666	0.18281	0.01466	0.01944	0.01377	0.01425	0.08655	0.01867	0.02624	0.11269	0.06411	0.06195	0.12612	0.01623	0.08770	0.00802	0.04472	0.00563	0.00861
9	0.07519	0.01721	0.01977	0.09201	0.04770	0.03890	0.01395	0.14920	0.16864	0.06657	0.04646	0.02518	0.01888	0.03909	0.03709	0.00312	0.04483	0.00778	0.00647	0.08196
10	0.01532	0.01442	0.02434	0.69533	0.05589	0.01803	0.02253	0.02073	0.01622	0.02073	0.01442	0.02163	0.01082	0.00811	0.00811	0.00270	0.01082	0.00721	0.00361	0.00901
11	0.01658	0.01535	0.02393	0.52151	0.09756	0.01852	0.02097	0.02511	0.13108	0.02358	0.01786	0.02308	0.01350	0.00857	0.00813	0.00269	0.00993	0.00757	0.00448	0.01001
12	0.01619	0.01555	0.02483	0.02032	0.02387	0.03796	0.19322	0.02182	0.08756	0.02479	0.10100	0.13310	0.05579	0.01485	0.01334	0.04302	0.11484	0.04308	0.00584	0.00902
13	0.06040	0.01739	0.02591	0.24873	0.26088	0.01899	0.02026	0.13078	0.02136	0.06355	0.04219	0.02214	0.01507	0.00849	0.00798	0.00253	0.00935	0.00743	0.00517	0.01140
14	0.06351	0.01884	0.02161	0.01663	0.02298	0.01954	0.01374	0.37082	0.03113	0.30021	0.02420	0.02251	0.01613	0.00977	0.00801	0.00247	0.00800	0.00753	0.00877	0.01360
15	0.01048	0.00719	0.00943	0.01085	0.01137	0.00675	0.00720	0.01128	0.01488	0.01967	0.04209	0.54614	0.08340	0.07820	0.01504	0.08777	0.00517	0.02008	0.00689	0.00614
16	0.02309	0.04817	0.05656	0.11517	0.19954	0.05418	0.11314	0.09608	0.07330	0.11172	0.01911	0.02162	0.01421	0.00831	0.00816	0.00250	0.01003	0.00760	0.00552	0.01199
17	0.01692	0.01573	0.02631	0.22075	0.37842	0.01664	0.02110	0.02129	0.01732	0.02387	0.02037	0.14535	0.01968	0.01077	0.00848	0.00265	0.00907	0.01009	0.00454	0.01066
18	0.00968	0.00786	0.00859	0.00917	0.01121	0.00677	0.00659	0.01154	0.01758	0.02155	0.07066	0.27250	0.47397	0.02205	0.00983	0.00291	0.00429	0.01895	0.00753	0.00677
19	0.01270	0.01051	0.01605	0.04170	0.01780	0.01236	0.03811	0.01557	0.01418	0.02027	0.05605	0.11527	0.02536	0.04326	0.41720	0.00911	0.11146	0.01056	0.00484	0.00764
20	0.06541	0.08653	0.03022	0.07991	0.17139	0.13498	0.12979	0.06200	0.04421	0.02560	0.01565	0.02057	0.01305	0.04588	0.01033	0.00274	0.03944	0.00720	0.00448	0.01062
21	0.01583	0.00919	0.01163	0.01097	0.01308	0.00864	0.00795	0.01825	0.05141	0.12385	0.17079	0.13969	0.13410	0.09640	0.01681	0.13768	0.00563	0.01324	0.00726	0.00759
22	0.01022	0.00720	0.00932	0.01087	0.01125	0.00682	0.00707	0.01139	0.01488	0.01983	0.04134	0.59366	0.04940	0.14712	0.01582	0.00410	0.00527	0.02108	0.00707	0.00630
23	0.02180	0.01962	0.02552	0.03157	0.30698	0.05464	0.01845	0.12948	0.19909	0.03192	0.02254	0.06339	0.01865	0.00984	0.00821	0.00255	0.00859	0.00862	0.00609	0.01245
24	0.09232	0.07039	0.08295	0.06102	0.18538	0.08795	0.06729	0.02421	0.04128	0.04707	0.02086	0.14377	0.01973	0.01095	0.00800	0.00257	0.00927	0.00959	0.00503	0.01039
25	0.04855	0.01675	0.01922	0.05462	0.08394	0.09098	0.01383	0.04453	0.04989	0.02356	0.07032	0.05227	0.05605	0.11983	0.04489	0.00400	0.18355	0.00930	0.00514	0.00880
26	0.25531	0.13264	0.02523	0.05403	0.06952	0.02176	0.07040	0.12192	0.09080	0.03271	0.01607	0.01795	0.01249	0.00806	0.00674	0.00237	0.00824	0.00622	0.00538	0.04217

[dist]
# distance from previous block
# <min> <max>
1	8

[block]
# block no. 5 follows, 23 sequences, length 18
# corresponding to MSA columns:
# 251-268
name=unknown_F
#
# <colnr> <probs for GDERKNQSTAVLIFYWHMCP>
#	G	D	E	R	K	N	Q	S	T	A	V	L	I	F	Y	W	H	M	C	P
0	0.08919	0.09684	0.06422	0.02208	0.08497	0.02252	0.09429	0.25148	0.09344	0.07388	0.01904	0.02011	0.01408	0.00869	0.00771	0.00245	0.00912	0.00720	0.00633	0.01235
1	0.06458	0.06314	0.12491	0.02081	0.05517	0.12598	0.10241	0.10412	0.02106	0.02832	0.07165	0.04681	0.01918	0.01337	0.06103	0.00322	0.01112	0.00791	0.00514	0.05004
2	0.01282	0.00822	0.01091	0.01211	0.01355	0.00766	0.00899	0.01493	0.01710	0.07713	0.04621	0.46862	0.09715	0.02308	0.01029	0.00328	0.00544	0.14736	0.00773	0.00742
3	0.05857	0.01229	0.06468	0.06438	0.01851	0.01082	0.01142	0.01840	0.06998	0.05468	0.06513	0.28050	0.03429	0.01950	0.01308	0.13458	0.00661	0.04844	0.00633	0.00780
4	0.02167	0.20202	0.13700	0.02452	0.09964	0.02303	0.15203	0.13720	0.02151	0.04745	0.01701	0.05006	0.01397	0.00853	0.00772	0.00238	0.01020	0.00758	0.00489	0.01159
5	0.10749	0.02205	0.09955	0.18908	0.06806	0.08706	0.03908	0.07250	0.01825	0.05711	0.01448	0.01868	0.01130	0.00939	0.01143	0.00273	0.15037	0.00665	0.00450	0.01023
6	0.02719	0.01852	0.02132	0.01725	0.02238	0.02053	0.01406	0.30977	0.14865	0.15785	0.02384	0.02390	0.01732	0.01445	0.06290	0.00344	0.06822	0.00792	0.00781	0.01268
7	0.01064	0.00786	0.01004	0.01098	0.01238	0.00726	0.00806	0.01306	0.01826	0.02425	0.19950	0.36105	0.16381	0.02204	0.01015	0.00308	0.00476	0.09794	0.00786	0.00701
8	0.12740	0.02097	0.04441	0.02148	0.08553	0.10622	0.06810	0.17165	0.02167	0.03089	0.01633	0.02040	0.01332	0.01886	0.13874	0.00455	0.06680	0.00702	0.00519	0.01048
9	0.02147	0.05930	0.10738	0.11289	0.02725	0.01997	0.01670	0.23821	0.05338	0.03129	0.01659	0.02050	0.01307	0.01305	0.01390	0.14885	0.06356	0.00698	0.00537	0.01029
10	0.00969	0.00781	0.00864	0.00930	0.01124	0.00676	0.00664	0.01152	0.01746	0.02150	0.06907	0.29940	0.44809	0.02226	0.00986	0.00293	0.00432	0.01921	0.00753	0.00676
11	0.09027	0.02360	0.14893	0.20155	0.17133	0.05806	0.10599	0.05862	0.01866	0.02672	0.01478	0.01917	0.01130	0.00773	0.00788	0.00255	0.01087	0.00693	0.00415	0.01091
12	0.08818	0.06598	0.01400	0.04395	0.01521	0.01334	0.00909	0.05387	0.01724	0.02920	0.02148	0.02550	0.01724	0.01252	0.04899	0.00281	0.05442	0.00702	0.45157	0.00839
13	0.02427	0.01136	0.01617	0.09257	0.02123	0.01078	0.01155	0.02639	0.01921	0.33092	0.08763	0.08693	0.02711	0.01560	0.01299	0.14451	0.00695	0.03629	0.00766	0.00989
14	0.01050	0.00795	0.01045	0.05082	0.01462	0.00759	0.00862	0.01258	0.01678	0.02188	0.08360	0.46966	0.16108	0.02280	0.01011	0.00316	0.00513	0.06838	0.00738	0.00691
15	0.10473	0.14079	0.09561	0.04355	0.02706	0.14826	0.08162	0.15989	0.05039	0.03021	0.01524	0.01733	0.01183	0.00840	0.00786	0.00237	0.03248	0.00629	0.00506	0.01101
16	0.14635	0.02670	0.26586	0.01908	0.05450	0.07316	0.01879	0.02781	0.04739	0.14230	0.02080	0.08634	0.01682	0.01001	0.00761	0.00258	0.00928	0.00792	0.00559	0.01112
17	0.22231	0.02170	0.05102	0.02028	0.11143	0.13955	0.01441	0.05787	0.13005	0.08234	0.01897	0.02142	0.01492	0.04976	0.00908	0.00277	0.00885	0.00674	0.00577	0.01076

[dist]
# distance from previous block
# <min> <max>
4	11

[block]
# block no. 6 follows, 23 sequences, length 17
# corresponding to MSA columns:
# 291-307
name=unknown_G
#
# <colnr> <probs for GDERKNQSTAVLIFYWHMCP>
#	G	D	E	R	K	N	Q	S	T	A	V	L	I	F	Y	W	H	M	C	P
0	0.08110	0.17759	0.10271	0.01502	0.02136	0.05018	0.01398	0.10099	0.05600	0.07673	0.06198	0.04258	0.05345	0.00970	0.00711	0.00220	0.00793	0.00744	0.00581	0.10615
1	0.06512	0.01406	0.01588	0.01351	0.01741	0.01452	0.01062	0.21526	0.02412	0.08207	0.11541	0.06419	0.07508	0.10955	0.04417	0.00376	0.00762	0.05002	0.00730	0.05034
2	0.02278	0.11611	0.06893	0.01585	0.02140	0.01964	0.01394	0.18762	0.16134	0.10000	0.13068	0.03151	0.02801	0.01119	0.00809	0.00250	0.00745	0.03380	0.00747	0.01169
3	0.02184	0.01757	0.01863	0.01421	0.02049	0.08539	0.01137	0.05425	0.01919	0.11916	0.01677	0.01833	0.01301	0.00751	0.00779	0.00169	0.04857	0.00559	0.00558	0.49307
4	0.06053	0.01725	0.02161	0.05425	0.02432	0.01832	0.04847	0.19786	0.11342	0.18543	0.02412	0.06373	0.01841	0.01063	0.00931	0.00258	0.05381	0.00853	0.00743	0.05999
5	0.06122	0.12155	0.15001	0.02662	0.14911	0.06311	0.12335	0.08928	0.02061	0.09528	0.01659	0.01890	0.01245	0.00785	0.00767	0.00240	0.01041	0.00683	0.00496	0.01181
6	0.01173	0.10333	0.01366	0.01056	0.01279	0.01038	0.00804	0.01366	0.01693	0.02127	0.07774	0.29195	0.25847	0.06651	0.01147	0.00319	0.00535	0.04891	0.00687	0.00717
7	0.02895	0.03582	0.02237	0.02031	0.02455	0.59341	0.01530	0.03384	0.10708	0.02175	0.01529	0.01673	0.01237	0.00872	0.00744	0.00218	0.01353	0.00576	0.00473	0.00987
8	0.02513	0.02508	0.08906	0.02199	0.08637	0.16128	0.03853	0.17515	0.10243	0.08913	0.02238	0.04666	0.03634	0.01013	0.00872	0.00251	0.03315	0.00797	0.00626	0.01173
9	0.01307	0.05818	0.10143	0.01246	0.01475	0.01181	0.01040	0.01512	0.01338	0.01837	0.02389	0.10600	0.02598	0.38510	0.12030	0.00685	0.04026	0.01102	0.00474	0.00688
10	0.00963	0.00806	0.00838	0.00863	0.01107	0.00682	0.00635	0.01160	0.01810	0.02176	0.07717	0.16283	0.57943	0.02120	0.00969	0.00281	0.00419	0.01792	0.00753	0.00682
11	0.01886	0.13650	0.02951	0.10954	0.09960	0.05759	0.10263	0.05484	0.01799	0.02333	0.02274	0.02631	0.09853	0.01068	0.01185	0.00265	0.15421	0.00826	0.00449	0.00991
12	0.02019	0.22480	0.23722	0.05752	0.15008	0.09378	0.02166	0.02659	0.05244	0.02358	0.01456	0.01721	0.01165	0.00767	0.00708	0.00227	0.01053	0.00592	0.00391	0.01134
13	0.02493	0.01889	0.02797	0.02588	0.14319	0.01923	0.13883	0.17973	0.11991	0.14650	0.02527	0.02586	0.04613	0.00945	0.00849	0.00257	0.00904	0.00863	0.00690	0.01259
14	0.01101	0.00808	0.01034	0.01136	0.01278	0.00757	0.00855	0.01345	0.01790	0.02359	0.15739	0.30123	0.15535	0.06111	0.01204	0.00344	0.00531	0.16493	0.00762	0.00694
15	0.02083	0.01992	0.02434	0.04198	0.02432	0.12341	0.09772	0.06115	0.06798	0.05968	0.01760	0.02405	0.01522	0.08283	0.06574	0.00410	0.22661	0.00795	0.00493	0.00963
16	0.05270	0.11398	0.02812	0.12118	0.07037	0.05746	0.07692	0.20537	0.06188	0.10609	0.01863	0.02029	0.01371	0.00863	0.00772	0.00242	0.00951	0.00710	0.00607	0.01182

[dist]
# distance from previous block
# <min> <max>
1	4

[block]
# block no. 7 follows, 23 sequences, length 53
# corresponding to MSA columns:
# 319-371
name=unknown_H
#
# <colnr> <probs for GDERKNQSTAVLIFYWHMCP>
#	G	D	E	R	K	N	Q	S	T	A	V	L	I	F	Y	W	H	M	C	P
0	0.05960	0.06753	0.02110	0.09179	0.12627	0.01492	0.01373	0.02319	0.04606	0.07454	0.12690	0.02627	0.02394	0.00892	0.00731	0.00207	0.00704	0.00753	0.00570	0.24561
1	0.01206	0.07362	0.01597	0.04236	0.01705	0.01084	0.05946	0.01463	0.01738	0.02175	0.05313	0.25831	0.29002	0.01929	0.00948	0.00289	0.00603	0.06144	0.00671	0.00757
2	0.06279	0.06597	0.02055	0.11773	0.02566	0.23659	0.01432	0.05634	0.10589	0.02439	0.02114	0.06076	0.01939	0.06795	0.01059	0.00296	0.01017	0.06204	0.00536	0.00939
3	0.05905	0.01927	0.01929	0.01615	0.02112	0.06122	0.01287	0.27951	0.22254	0.03911	0.08581	0.03069	0.07487	0.01144	0.00821	0.00255	0.00753	0.00908	0.00780	0.01187
4	0.07710	0.02229	0.02358	0.01817	0.02457	0.02473	0.01501	0.59890	0.03663	0.05022	0.01897	0.01909	0.01349	0.00960	0.00792	0.00244	0.00876	0.00712	0.00792	0.01349
5	0.03163	0.01989	0.02320	0.01813	0.02392	0.08668	0.05267	0.21884	0.02671	0.32592	0.02363	0.02271	0.01599	0.00988	0.00951	0.00253	0.05973	0.00761	0.00800	0.01281
6	0.01958	0.01666	0.02440	0.02198	0.07597	0.07424	0.16413	0.02494	0.06114	0.10819	0.07789	0.08340	0.07411	0.01341	0.00933	0.00283	0.00899	0.12225	0.00657	0.01001
7	0.01513	0.00756	0.00756	0.00756	0.00945	0.00756	0.00567	0.01891	0.01702	0.03025	0.02647	0.03025	0.02080	0.00945	0.00567	0.00189	0.00378	0.00756	0.75988	0.00756
8	0.01839	0.01604	0.02581	0.51456	0.09989	0.01881	0.04696	0.09123	0.01925	0.04865	0.01579	0.02150	0.01172	0.00824	0.00817	0.00264	0.01048	0.00736	0.00440	0.01012
9	0.02413	0.01656	0.02279	0.26767	0.07470	0.01824	0.01764	0.18422	0.05135	0.16636	0.02198	0.02676	0.01640	0.00986	0.00831	0.00264	0.00904	0.04320	0.00658	0.01157
10	0.01555	0.01274	0.01446	0.01396	0.01508	0.06606	0.01020	0.03426	0.01614	0.05629	0.04987	0.31810	0.03496	0.14693	0.01881	0.00400	0.14395	0.01486	0.00619	0.00760
11	0.77215	0.01569	0.01193	0.01067	0.01569	0.01820	0.00879	0.02385	0.01381	0.03641	0.01130	0.01318	0.00879	0.00753	0.00502	0.00251	0.00628	0.00439	0.00502	0.00879
12	0.77215	0.01569	0.01193	0.01067	0.01569	0.01820	0.00879	0.02385	0.01381	0.03641	0.01130	0.01318	0.00879	0.00753	0.00502	0.00251	0.00628	0.00439	0.00502	0.00879
13	0.01619	0.01581	0.02535	0.02110	0.02293	0.01980	0.12150	0.01916	0.01376	0.02044	0.01488	0.02260	0.01376	0.02659	0.21567	0.00619	0.38365	0.00799	0.00388	0.00875
14	0.01409	0.00705	0.01057	0.01057	0.01057	0.00705	0.00705	0.01057	0.01057	0.01409	0.01409	0.02467	0.01409	0.02819	0.03171	0.76392	0.00705	0.00705	0.00352	0.00352
15	0.01745	0.01209	0.01491	0.01475	0.05376	0.01212	0.01074	0.02584	0.18169	0.11754	0.24409	0.05090	0.13765	0.01475	0.00908	0.00270	0.00556	0.05608	0.00831	0.00999
16	0.69088	0.01560	0.01323	0.01320	0.05416	0.01784	0.00995	0.02357	0.01432	0.03523	0.01307	0.01738	0.01086	0.00823	0.00550	0.00256	0.00653	0.03384	0.00508	0.00896
17	0.77215	0.01569	0.01193	0.01067	0.01569	0.01820	0.00879	0.02385	0.01381	0.03641	0.01130	0.01318	0.00879	0.00753	0.00502	0.00251	0.00628	0.00439	0.00502	0.00879
18	0.01775	0.01775	0.02485	0.02130	0.02130	0.02485	0.01775	0.01953	0.01243	0.01953	0.01065	0.01775	0.01065	0.01420	0.02663	0.00355	0.69998	0.00710	0.00355	0.00888
19	0.02169	0.71972	0.04252	0.01388	0.02083	0.03211	0.01388	0.02430	0.01649	0.01909	0.01128	0.01302	0.01041	0.00694	0.00521	0.00174	0.00868	0.00434	0.00347	0.01041
20	0.01683	0.01442	0.01683	0.01202	0.01923	0.01082	0.00961	0.02043	0.01683	0.02644	0.01442	0.01683	0.01202	0.00601	0.00601	0.00120	0.00601	0.00481	0.00481	0.76444
21	0.03085	0.02273	0.02435	0.01867	0.02516	0.02516	0.01542	0.63716	0.03815	0.05114	0.01948	0.01948	0.01380	0.00974	0.00812	0.00244	0.00893	0.00731	0.00812	0.01380
22	0.77215	0.01569	0.01193	0.01067	0.01569	0.01820	0.00879	0.02385	0.01381	0.03641	0.01130	0.01318	0.00879	0.00753	0.00502	0.00251	0.00628	0.00439	0.00502	0.00879
23	0.01775	0.01775	0.02485	0.02130	0.02130	0.02485	0.01775	0.01953	0.01243	0.01953	0.01065	0.01775	0.01065	0.01420	0.02663	0.00355	0.69998	0.00710	0.00355	0.00888
24	0.01065	0.00835	0.00970	0.00961	0.01195	0.00739	0.00738	0.01356	0.02028	0.02633	0.30713	0.07239	0.37433	0.01915	0.00973	0.00276	0.00430	0.06969	0.00808	0.00723
25	0.01180	0.00787	0.00885	0.00885	0.00885	0.00787	0.00492	0.01180	0.01180	0.01573	0.02557	0.05310	0.02950	0.71483	0.04130	0.00787	0.00787	0.01180	0.00492	0.00492
26	0.00986	0.00717	0.00931	0.01102	0.01170	0.00661	0.00741	0.01133	0.01580	0.02082	0.04811	0.65248	0.10854	0.02498	0.01029	0.00325	0.00465	0.02253	0.00753	0.00661
27	0.01399	0.01049	0.01074	0.01054	0.01327	0.04472	0.00782	0.01662	0.03699	0.09162	0.06290	0.21342	0.39770	0.01960	0.00945	0.00281	0.00519	0.01665	0.00764	0.00785
28	0.02018	0.01743	0.01835	0.01651	0.02110	0.02018	0.01284	0.04312	0.64956	0.03394	0.03303	0.03027	0.02477	0.01101	0.00826	0.00275	0.00642	0.00917	0.00826	0.01284
29	0.00989	0.00706	0.00942	0.01130	0.01177	0.00659	0.00753	0.01130	0.01554	0.02071	0.04472	0.70954	0.05367	0.02542	0.01036	0.00330	0.00471	0.02307	0.00753	0.00659
30	0.01308	0.00934	0.01308	0.01494	0.01681	0.00934	0.01308	0.01681	0.01868	0.02428	0.04296	0.09153	0.04670	0.02242	0.01121	0.00374	0.00747	0.60960	0.00747	0.00747
31	0.01547	0.01082	0.01156	0.01081	0.01379	0.01095	0.00847	0.09134	0.09049	0.03024	0.08204	0.05018	0.21885	0.01448	0.00811	0.00249	0.00508	0.05981	0.25634	0.00866
32	0.01281	0.00926	0.01271	0.01444	0.01637	0.00915	0.01255	0.01642	0.01867	0.02410	0.04592	0.09051	0.09304	0.02227	0.01109	0.00366	0.00722	0.56490	0.00748	0.00742
33	0.01159	0.00800	0.00993	0.01035	0.01080	0.00816	0.00677	0.01255	0.01309	0.01763	0.02916	0.14816	0.03296	0.45637	0.13470	0.00768	0.00955	0.06140	0.00541	0.00573
34	0.01105	0.00822	0.01013	0.01124	0.01259	0.00773	0.00801	0.04134	0.01749	0.02268	0.05164	0.49270	0.18474	0.02339	0.01015	0.00317	0.00498	0.06417	0.00756	0.00705
35	0.01307	0.00961	0.01145	0.01184	0.01352	0.00947	0.00839	0.10499	0.01917	0.02520	0.04542	0.48474	0.13367	0.05494	0.01137	0.00330	0.00540	0.01933	0.00750	0.00763
36	0.58851	0.01816	0.06347	0.01264	0.01842	0.01837	0.01124	0.08068	0.01702	0.08827	0.01396	0.01522	0.01027	0.00795	0.00576	0.00251	0.00700	0.00508	0.00559	0.00989
37	0.01627	0.04197	0.67279	0.02313	0.03512	0.01884	0.02998	0.02570	0.01713	0.02570	0.01456	0.01713	0.01028	0.00771	0.00771	0.00257	0.01199	0.00600	0.00343	0.01199
38	0.01061	0.00726	0.00905	0.01045	0.01129	0.00679	0.00708	0.01234	0.01587	0.02189	0.04506	0.54109	0.10341	0.04699	0.01076	0.00322	0.00464	0.02012	0.10541	0.00668
39	0.01807	0.05569	0.03045	0.19016	0.07720	0.01848	0.19200	0.05863	0.01821	0.02510	0.01556	0.02078	0.01244	0.01161	0.05971	0.00318	0.04149	0.00743	0.00429	0.13951
40	0.01451	0.01102	0.01472	0.07624	0.07007	0.01127	0.01091	0.02037	0.10424	0.05415	0.28068	0.11947	0.07435	0.08721	0.01244	0.00322	0.00593	0.01312	0.00738	0.00872
41	0.01092	0.00792	0.00868	0.00882	0.00977	0.00743	0.00553	0.01171	0.01431	0.01817	0.04587	0.11095	0.24155	0.43165	0.02841	0.00581	0.00638	0.01442	0.00599	0.00569
42	0.41790	0.01819	0.05062	0.06422	0.02078	0.07053	0.01178	0.06191	0.01764	0.06973	0.02339	0.02441	0.10061	0.00975	0.00660	0.00252	0.00751	0.00693	0.00560	0.00937
43	0.05499	0.06333	0.02775	0.28417	0.21084	0.10545	0.04995	0.02400	0.01780	0.02342	0.01416	0.01909	0.01135	0.00762	0.00761	0.00239	0.01050	0.00662	0.00395	0.05503
44	0.01596	0.04848	0.02423	0.31672	0.22337	0.01663	0.01907	0.02007	0.01665	0.02200	0.02268	0.06585	0.06812	0.07361	0.01119	0.00307	0.00922	0.00916	0.00437	0.00954
45	0.02979	0.01359	0.01945	0.07223	0.08052	0.01250	0.01337	0.03336	0.02219	0.47125	0.11563	0.03100	0.02647	0.01053	0.00834	0.00252	0.00704	0.00890	0.00882	0.01249
46	0.06115	0.01068	0.01441	0.01565	0.06705	0.01090	0.02877	0.06160	0.01677	0.02364	0.03173	0.26685	0.05580	0.09514	0.07568	0.07771	0.00810	0.06470	0.00608	0.00759
47	0.07814	0.01652	0.02418	0.17163	0.06905	0.01719	0.09486	0.13832	0.02187	0.14905	0.02143	0.08355	0.01718	0.00996	0.00817	0.00256	0.00889	0.00880	0.00624	0.05240
48	0.01844	0.01740	0.02494	0.35462	0.16237	0.07217	0.02046	0.02278	0.01738	0.04927	0.05288	0.02279	0.01544	0.00938	0.01065	0.00270	0.10462	0.00752	0.00431	0.00989
49	0.01223	0.00898	0.01093	0.01168	0.01319	0.00871	0.00844	0.06856	0.01813	0.02368	0.04695	0.42541	0.14703	0.07489	0.01246	0.00352	0.00554	0.08504	0.00738	0.00726
50	0.01887	0.01569	0.02136	0.08499	0.14604	0.07402	0.06113	0.04423	0.01820	0.08882	0.02648	0.09262	0.07152	0.06064	0.10371	0.03596	0.01074	0.01005	0.00545	0.00949
51	0.09085	0.01639	0.02344	0.13352	0.13296	0.01767	0.05295	0.08532	0.07564	0.16379	0.02063	0.02309	0.01528	0.01322	0.06350	0.00346	0.04322	0.00760	0.00608	0.01139
52	0.06943	0.21874	0.06352	0.12377	0.06298	0.02348	0.18539	0.07170	0.05825	0.02633	0.01546	0.01881	0.01215	0.00764	0.00747	0.00239	0.01027	0.00693	0.00444	0.01083

[dist]
# distance from previous block
# <min> <max>
3	13

[block]
# block no. 8 follows, 23 sequences, length 18
# corresponding to MSA columns:
# 385-402
name=unknown_I
#
# <colnr> <probs for GDERKNQSTAVLIFYWHMCP>
#	G	D	E	R	K	N	Q	S	T	A	V	L	I	F	Y	W	H	M	C	P
0	0.01467	0.01078	0.01249	0.01179	0.01447	0.01051	0.00871	0.09063	0.06749	0.04784	0.12607	0.26143	0.16742	0.06244	0.01132	0.00309	0.00545	0.01563	0.00761	0.05015
1	0.05988	0.01404	0.02000	0.14526	0.07729	0.01488	0.06097	0.11318	0.02011	0.06602	0.07393	0.12983	0.02629	0.10532	0.01283	0.00336	0.00812	0.01085	0.02844	0.00942
2	0.07922	0.07826	0.04951	0.06704	0.18736	0.12943	0.01721	0.11068	0.02181	0.10600	0.02127	0.02285	0.05671	0.00908	0.00759	0.00237	0.00950	0.00720	0.00556	0.01135
3	0.01505	0.01267	0.01721	0.01554	0.01778	0.01455	0.03559	0.07206	0.04112	0.02388	0.03065	0.09822	0.10477	0.02986	0.21877	0.00611	0.15632	0.05451	0.00559	0.02975
