[name]
unknown

[dist]
# distance from previous block
# <min> <max>
0	47

[block]
# block no. 0 follows, 31 sequences, length 60
# corresponding to MSA columns:
# 47-106
name=unknown_A
#
# <colnr> <probs for GDERKNQSTAVLIFYWHMCP>
#	G	D	E	R	K	N	Q	S	T	A	V	L	I	F	Y	W	H	M	C	P
0	0.01219	0.01028	0.01771	0.01630	0.01909	0.01002	0.16611	0.01594	0.01584	0.02080	0.03113	0.06380	0.03277	0.01591	0.00914	0.00296	0.00749	0.51991	0.00565	0.00697
1	0.01829	0.76368	0.03585	0.01171	0.01756	0.02707	0.01171	0.02049	0.01390	0.01610	0.00951	0.01097	0.00878	0.00585	0.00439	0.00146	0.00732	0.00366	0.00293	0.00878
2	0.01419	0.01216	0.01419	0.01013	0.01621	0.00912	0.00811	0.01723	0.01419	0.02229	0.01216	0.01419	0.01013	0.00507	0.00507	0.00101	0.00507	0.00405	0.00405	0.80139
3	0.02601	0.01916	0.02053	0.01574	0.02122	0.02122	0.01300	0.69408	0.03217	0.04312	0.01643	0.01643	0.01163	0.00821	0.00684	0.00205	0.00753	0.00616	0.00684	0.01163
4	0.02019	0.01380	0.01563	0.01323	0.01693	0.01468	0.01039	0.36498	0.06097	0.10391	0.02514	0.26077	0.02375	0.01265	0.00748	0.00231	0.00607	0.01069	0.00686	0.00959
5	0.01737	0.00858	0.01149	0.01008	0.01289	0.00767	0.00779	0.02008	0.01852	0.28644	0.35576	0.14487	0.04383	0.01302	0.00772	0.00223	0.00431	0.01136	0.00771	0.00827
6	0.00843	0.00599	0.00791	0.00941	0.00978	0.00562	0.00623	0.00955	0.01292	0.01723	0.03679	0.71488	0.04410	0.06323	0.01021	0.00300	0.00412	0.01891	0.00623	0.00548
7	0.01428	0.12359	0.64076	0.01856	0.02815	0.01724	0.02363	0.02152	0.01438	0.02099	0.01194	0.01402	0.00868	0.00642	0.00624	0.00208	0.00977	0.00489	0.00289	0.00995
8	0.01584	0.02062	0.12797	0.02764	0.03497	0.01712	0.60661	0.02188	0.01593	0.02188	0.01364	0.01794	0.01016	0.00586	0.00787	0.00229	0.01135	0.00769	0.00339	0.00934
9	0.01986	0.01370	0.01536	0.01346	0.01755	0.01502	0.01066	0.03467	0.51768	0.18607	0.02803	0.02733	0.02081	0.00953	0.00705	0.00231	0.00555	0.03726	0.00727	0.01081
10	0.01259	0.01051	0.01143	0.01083	0.01354	0.01119	0.00820	0.02284	0.34405	0.02438	0.13168	0.13591	0.20817	0.01359	0.00763	0.00236	0.00443	0.01163	0.00680	0.00825
11	0.01567	0.01763	0.03497	0.02569	0.03157	0.05625	0.56454	0.02061	0.01593	0.02104	0.01676	0.11380	0.01482	0.00787	0.00805	0.00234	0.01060	0.00934	0.00384	0.00868
12	0.01829	0.76368	0.03585	0.01171	0.01756	0.02707	0.01171	0.02049	0.01390	0.01610	0.00951	0.01097	0.00878	0.00585	0.00439	0.00146	0.00732	0.00366	0.00293	0.00878
13	0.00938	0.00698	0.00872	0.00828	0.01003	0.00632	0.00621	0.01231	0.01864	0.02571	0.58926	0.05394	0.18965	0.01463	0.00807	0.00218	0.00327	0.01277	0.00730	0.00632
14	0.02662	0.01817	0.01992	0.01527	0.02072	0.01975	0.01262	0.60718	0.03051	0.13235	0.01781	0.01733	0.01233	0.00825	0.00685	0.00206	0.00730	0.00625	0.00706	0.01164
15	0.02556	0.03261	0.01939	0.01763	0.02115	0.73210	0.01322	0.02732	0.01939	0.01674	0.01058	0.01234	0.00881	0.00705	0.00617	0.00176	0.01234	0.00441	0.00353	0.00793
16	0.00834	0.00595	0.00794	0.00953	0.00992	0.00556	0.00635	0.00953	0.01310	0.01746	0.03771	0.75510	0.04525	0.02143	0.00873	0.00278	0.00397	0.01945	0.00635	0.00556
17	0.01576	0.04273	0.05938	0.06598	0.18693	0.01569	0.32341	0.02052	0.01537	0.02164	0.01300	0.01687	0.01024	0.00580	0.00695	0.00196	0.00921	0.00648	0.00349	0.15858
18	0.02768	0.01549	0.01812	0.01394	0.01919	0.01587	0.01146	0.38222	0.02599	0.34450	0.02126	0.02021	0.01434	0.02768	0.00758	0.00220	0.00675	0.00658	0.00750	0.01145
19	0.01372	0.03539	0.72412	0.01950	0.02961	0.01589	0.02528	0.02167	0.01444	0.02167	0.01228	0.01444	0.00867	0.00650	0.00650	0.00217	0.01011	0.00506	0.00289	0.01011
20	0.01064	0.00726	0.00807	0.00784	0.00822	0.00730	0.00463	0.04337	0.01131	0.01498	0.02362	0.04441	0.05763	0.68688	0.03216	0.00620	0.00652	0.00998	0.00438	0.00459
21	0.01608	0.07761	0.02512	0.26550	0.22522	0.01768	0.06333	0.04490	0.01474	0.04075	0.01232	0.01681	0.00996	0.00744	0.00932	0.00225	0.13253	0.00603	0.00345	0.00897
22	0.01165	0.00988	0.01376	0.01270	0.01323	0.01253	0.00988	0.01324	0.01059	0.01553	0.01571	0.02649	0.01589	0.18899	0.33176	0.00723	0.27381	0.00742	0.00353	0.00618
23	0.00953	0.00681	0.00840	0.00913	0.01057	0.00622	0.00672	0.01125	0.01444	0.04696	0.04736	0.37174	0.27844	0.02056	0.04222	0.00301	0.00480	0.08954	0.00631	0.00599
24	0.00899	0.00646	0.00884	0.01025	0.01096	0.00631	0.00745	0.01068	0.01337	0.01785	0.03536	0.55139	0.04115	0.02416	0.08627	0.00373	0.00594	0.13906	0.00605	0.00575
25	0.01543	0.18298	0.47776	0.02046	0.10714	0.04194	0.02158	0.02153	0.01463	0.02044	0.01172	0.01395	0.00895	0.00634	0.00609	0.00199	0.00938	0.00487	0.00298	0.00985
26	0.01372	0.03539	0.72412	0.01950	0.02961	0.01589	0.02528	0.02167	0.01444	0.02167	0.01228	0.01444	0.00867	0.00650	0.00650	0.00217	0.01011	0.00506	0.00289	0.01011
27	0.00851	0.00702	0.00754	0.00775	0.00988	0.00605	0.00597	0.01046	0.01571	0.01909	0.09335	0.08699	0.58591	0.01748	0.00826	0.00242	0.00380	0.09156	0.00640	0.00586
28	0.27016	0.01412	0.02075	0.26862	0.13245	0.01570	0.10493	0.03767	0.01429	0.04336	0.01217	0.01588	0.00928	0.00651	0.00616	0.00218	0.00793	0.00561	0.00378	0.00845
29	0.07194	0.01819	0.01718	0.07338	0.02071	0.17280	0.01181	0.22315	0.05840	0.14963	0.04978	0.06839	0.01662	0.00898	0.00673	0.00209	0.00773	0.00700	0.00593	0.00954
30	0.05372	0.01994	0.08040	0.01495	0.01975	0.16236	0.01280	0.17158	0.06466	0.23469	0.01877	0.04221	0.01377	0.00855	0.00754	0.00212	0.04977	0.00636	0.00597	0.01010
31	0.01829	0.76368	0.03585	0.01171	0.01756	0.02707	0.01171	0.02049	0.01390	0.01610	0.00951	0.01097	0.00878	0.00585	0.00439	0.00146	0.00732	0.00366	0.00293	0.00878
32	0.04693	0.01270	0.04495	0.01429	0.07978	0.05179	0.00999	0.07488	0.11174	0.04587	0.02657	0.24658	0.05701	0.10080	0.01138	0.03453	0.00609	0.01099	0.00548	0.00767
33	0.01639	0.05125	0.18020	0.06214	0.27982	0.04349	0.08362	0.05997	0.06993	0.02285	0.01529	0.05675	0.01276	0.00741	0.00685	0.00213	0.00860	0.00675	0.00389	0.00993
34	0.01023	0.00785	0.03639	0.00890	0.01051	0.00649	0.00660	0.01185	0.01384	0.05928	0.04201	0.35152	0.22777	0.12498	0.01194	0.00309	0.00453	0.01475	0.04148	0.00599
35	0.01182	0.01005	0.01286	0.01175	0.01358	0.05944	0.05925	0.03596	0.01405	0.01893	0.11276	0.08389	0.05314	0.13315	0.30916	0.00643	0.01137	0.00929	0.02675	0.00638
36	0.05473	0.29094	0.39366	0.01601	0.02393	0.04112	0.01870	0.05176	0.01506	0.02096	0.01130	0.01308	0.00878	0.00636	0.00565	0.00190	0.00884	0.00453	0.00316	0.00951
37	0.01509	0.04636	0.13950	0.04284	0.09026	0.01499	0.03488	0.12769	0.01704	0.02363	0.05821	0.13183	0.02110	0.01232	0.02687	0.00262	0.11048	0.07098	0.00473	0.00857
38	0.01495	0.01438	0.02462	0.36851	0.34791	0.01599	0.04734	0.01921	0.01451	0.01982	0.01242	0.01753	0.00994	0.00666	0.00748	0.00220	0.03804	0.00617	0.00321	0.00912
39	0.01690	0.01797	0.09218	0.08074	0.57265	0.01644	0.02082	0.05896	0.01630	0.02317	0.01297	0.01675	0.01057	0.00630	0.00676	0.00206	0.00834	0.00600	0.00351	0.01062
40	0.01632	0.01588	0.02767	0.16660	0.42366	0.01668	0.12129	0.04693	0.01568	0.02188	0.01281	0.01727	0.01038	0.00660	0.00787	0.00217	0.05064	0.00639	0.00345	0.00984
41	0.01132	0.00739	0.01009	0.01002	0.01132	0.00807	0.00752	0.01386	0.03478	0.04849	0.02124	0.09247	0.02017	0.09617	0.42563	0.04477	0.01253	0.00842	0.10955	0.00619
42	0.01354	0.01408	0.09305	0.01403	0.01734	0.05141	0.08981	0.07584	0.04009	0.03628	0.02901	0.26356	0.07823	0.07523	0.01016	0.00282	0.00681	0.07586	0.00540	0.00745
43	0.04652	0.01802	0.03208	0.09407	0.10335	0.07629	0.42212	0.03736	0.01632	0.02182	0.01525	0.02049	0.02751	0.00679	0.00754	0.00225	0.01033	0.02925	0.00369	0.00894
44	0.01564	0.01715	0.09021	0.10719	0.45092	0.04176	0.04459	0.01964	0.01503	0.02084	0.01476	0.07922	0.01330	0.00805	0.00753	0.02562	0.00829	0.00713	0.00355	0.00959
45	0.01697	0.55241	0.23551	0.01397	0.02106	0.02383	0.01564	0.02083	0.01406	0.01771	0.01031	0.01198	0.00875	0.00604	0.00500	0.00167	0.00813	0.00406	0.00292	0.00917
46	0.05767	0.01554	0.01662	0.01357	0.01774	0.04915	0.01085	0.37481	0.04159	0.12357	0.04237	0.08771	0.01762	0.02843	0.04105	0.03050	0.00732	0.00766	0.00643	0.00981
47	0.01602	0.05885	0.03476	0.02434	0.03050	0.01606	0.53294	0.02099	0.01629	0.05547	0.05044	0.02364	0.07096	0.00723	0.00781	0.00224	0.00998	0.00848	0.00409	0.00891
48	0.00849	0.00652	0.00781	0.00866	0.00995	0.00585	0.00621	0.01013	0.01458	0.01857	0.08421	0.40069	0.31090	0.01926	0.00849	0.00259	0.00389	0.06105	0.00641	0.00574
49	0.01521	0.01598	0.02812	0.02184	0.02462	0.01882	0.28637	0.01835	0.01273	0.01850	0.01152	0.01776	0.01028	0.04430	0.01725	0.00289	0.41719	0.00701	0.00323	0.00803
50	0.01725	0.01636	0.02752	0.04108	0.69262	0.01643	0.02072	0.04447	0.01616	0.02308	0.01299	0.01691	0.01086	0.00617	0.00678	0.00203	0.00811	0.00610	0.00351	0.01086
51	0.00992	0.00699	0.00833	0.00830	0.00859	0.00726	0.00519	0.01041	0.01055	0.01417	0.02421	0.07501	0.06383	0.57586	0.11217	0.00659	0.03351	0.01020	0.00428	0.00465
52	0.05186	0.00733	0.00798	0.00782	0.00997	0.00673	0.00593	0.01126	0.01566	0.02069	0.19199	0.05572	0.46915	0.01967	0.08503	0.00319	0.00510	0.01268	0.00619	0.00604
53	0.01582	0.01512	0.02577	0.23572	0.53182	0.01596	0.02044	0.02002	0.01505	0.02100	0.01267	0.01729	0.01036	0.00630	0.00679	0.00210	0.00840	0.00609	0.00329	0.00994
54	0.01669	0.01820	0.03945	0.02821	0.03507	0.01703	0.66650	0.02234	0.01628	0.04812	0.01433	0.01864	0.01063	0.00587	0.00803	0.00230	0.01132	0.00803	0.00365	0.00932
55	0.01823	0.02065	0.02466	0.02085	0.04537	0.21909	0.15154	0.02075	0.01428	0.01784	0.01054	0.01500	0.00928	0.00915	0.01447	0.00248	0.36852	0.00597	0.00325	0.00807
56	0.76506	0.01351	0.01170	0.01007	0.01445	0.01545	0.04445	0.02021	0.01189	0.03022	0.00976	0.01151	0.00757	0.00632	0.00444	0.00213	0.00563	0.00394	0.00419	0.00751
57	0.02523	0.01860	0.02117	0.01621	0.02168	0.02034	0.04951	0.59874	0.06337	0.06909	0.01727	0.01726	0.01223	0.00814	0.00692	0.00208	0.00757	0.00637	0.00673	0.01147
58	0.12814	0.00783	0.00853	0.00917	0.01079	0.00782	0.00655	0.01294	0.05903	0.02040	0.03975	0.44546	0.18407	0.01749	0.00780	0.00255	0.00415	0.01523	0.00608	0.00623
59	0.01897	0.01317	0.01686	0.01500	0.05731	0.01333	0.04746	0.06845	0.26024	0.17244	0.09974	0.02761	0.02286	0.00918	0.00702	0.00212	0.00587	0.03838	0.00659	0.09742

[dist]
# distance from previous block
# <min> <max>
0	2

[block]
# block no. 1 follows, 31 sequences, length 62
# corresponding to MSA columns:
# 109-170
name=unknown_B
#
# <colnr> <probs for GDERKNQSTAVLIFYWHMCP>
#	G	D	E	R	K	N	Q	S	T	A	V	L	I	F	Y	W	H	M	C	P
0	0.01522	0.09977	0.40688	0.02268	0.18442	0.01604	0.02074	0.02109	0.01527	0.04881	0.07297	0.01817	0.01430	0.00706	0.00650	0.00206	0.00862	0.00586	0.00362	0.00989
1	0.01974	0.07099	0.02131	0.01835	0.06356	0.31320	0.05273	0.02186	0.01541	0.04401	0.01216	0.01643	0.01070	0.04195	0.07036	0.00305	0.18703	0.00561	0.00357	0.00798
2	0.04870	0.01283	0.01464	0.01066	0.01658	0.01051	0.00858	0.07934	0.01588	0.04545	0.01288	0.01453	0.01036	0.00551	0.00525	0.00119	0.00532	0.00431	0.00445	0.67303
3	0.01771	0.11371	0.02719	0.17653	0.29576	0.14273	0.08972	0.02141	0.01570	0.01953	0.01200	0.01580	0.00982	0.00635	0.00652	0.00199	0.00933	0.00570	0.00329	0.00923
4	0.01372	0.03539	0.72412	0.01950	0.02961	0.01589	0.02528	0.02167	0.01444	0.02167	0.01228	0.01444	0.00867	0.00650	0.00650	0.00217	0.01011	0.00506	0.00289	0.01011
5	0.09663	0.20656	0.08529	0.04632	0.08301	0.05244	0.04756	0.09906	0.04263	0.13167	0.03668	0.01687	0.01269	0.00712	0.00601	0.00195	0.00756	0.00556	0.00474	0.00965
6	0.03236	0.07492	0.51526	0.01958	0.07578	0.01661	0.02172	0.04374	0.06737	0.04950	0.01396	0.01558	0.01013	0.00677	0.00640	0.00212	0.00910	0.00532	0.00360	0.01018
7	0.00903	0.00663	0.00839	0.00935	0.01023	0.00629	0.00649	0.01123	0.04047	0.01914	0.12644	0.50435	0.10412	0.06433	0.01013	0.00289	0.00414	0.04411	0.00639	0.00584
8	0.01818	0.07898	0.04705	0.01450	0.01850	0.12200	0.05148	0.17679	0.12418	0.02619	0.07160	0.07995	0.01965	0.01335	0.07526	0.00291	0.00849	0.00766	0.03434	0.00893
9	0.04114	0.07310	0.29100	0.11799	0.19043	0.06044	0.06046	0.02165	0.01509	0.04795	0.01269	0.01564	0.00963	0.00647	0.00649	0.00208	0.00924	0.00551	0.00336	0.00965
10	0.07132	0.04932	0.22973	0.12202	0.20452	0.03532	0.05486	0.02124	0.06002	0.02156	0.01371	0.01785	0.01103	0.04961	0.00810	0.00238	0.00865	0.00591	0.00352	0.00931
11	0.00855	0.00690	0.00764	0.00771	0.00969	0.00598	0.00578	0.01061	0.01619	0.02036	0.20149	0.11950	0.49670	0.01702	0.00819	0.00235	0.00356	0.03926	0.00660	0.00592
12	0.04438	0.01675	0.09543	0.16900	0.25257	0.03776	0.04284	0.05688	0.01504	0.02121	0.01404	0.04742	0.01231	0.05199	0.03243	0.00275	0.06797	0.00670	0.00364	0.00888
13	0.05822	0.10472	0.31458	0.04810	0.08628	0.07711	0.04479	0.07579	0.05883	0.02299	0.01298	0.01511	0.00990	0.00693	0.00687	0.00208	0.03607	0.00532	0.00366	0.00965
14	0.07296	0.32804	0.26308	0.01489	0.02200	0.02140	0.01622	0.14593	0.01732	0.02400	0.01173	0.01317	0.00918	0.00654	0.00555	0.00186	0.00816	0.00460	0.00373	0.00966
15	0.00918	0.00666	0.00875	0.01005	0.01100	0.00630	0.00750	0.01102	0.01426	0.01871	0.06793	0.44595	0.10887	0.04152	0.00961	0.00292	0.00463	0.20304	0.00632	0.00578
16	0.01697	0.07808	0.24432	0.01874	0.09166	0.01445	0.08199	0.06534	0.01658	0.12639	0.04439	0.13394	0.01828	0.00936	0.00700	0.00219	0.00781	0.00822	0.00480	0.00947
17	0.01754	0.01846	0.10833	0.16561	0.17008	0.08522	0.08723	0.04877	0.03794	0.08741	0.01632	0.04896	0.01340	0.00806	0.00747	0.00222	0.02922	0.03425	0.00424	0.00928
18	0.04717	0.00801	0.00866	0.00808	0.01025	0.00804	0.00622	0.05951	0.01585	0.08875	0.04965	0.05701	0.02074	0.03939	0.00675	0.00202	0.00407	0.03235	0.52037	0.00710
19	0.07141	0.01790	0.11203	0.14620	0.18713	0.05636	0.10900	0.04325	0.01506	0.02142	0.01449	0.07465	0.01270	0.00956	0.03398	0.00256	0.05275	0.00706	0.00368	0.00881
20	0.04874	0.17236	0.11669	0.04989	0.13506	0.08362	0.07976	0.11512	0.01760	0.04419	0.03345	0.01684	0.01198	0.02347	0.02105	0.00223	0.00873	0.00573	0.00404	0.00942
21	0.00866	0.00643	0.00812	0.00922	0.01008	0.00599	0.00633	0.01062	0.03409	0.01872	0.09564	0.58262	0.13836	0.01992	0.00854	0.00265	0.00388	0.01785	0.00646	0.00581
22	0.01615	0.01845	0.04037	0.02884	0.03576	0.01730	0.69204	0.02191	0.01615	0.02191	0.01384	0.01845	0.01038	0.00577	0.00807	0.00231	0.01153	0.00807	0.00346	0.00923
23	0.06489	0.04804	0.11417	0.12061	0.17016	0.06596	0.13653	0.01989	0.01537	0.02149	0.07039	0.02267	0.01591	0.00793	0.00751	0.00221	0.03485	0.04883	0.00384	0.00876
24	0.01595	0.15024	0.34912	0.02007	0.08794	0.08517	0.08391	0.02189	0.04152	0.02046	0.01552	0.01746	0.04740	0.00703	0.00640	0.00203	0.00928	0.00575	0.00340	0.00946
25	0.01693	0.01626	0.02777	0.04199	0.71689	0.01626	0.02100	0.02100	0.01558	0.02235	0.01287	0.01693	0.01084	0.00610	0.00677	0.00203	0.00813	0.00610	0.00339	0.01084
26	0.01394	0.00708	0.00735	0.00700	0.00894	0.00701	0.00534	0.03776	0.01523	0.06315	0.02428	0.02673	0.04535	0.00838	0.00509	0.00167	0.00348	0.00672	0.69870	0.00680
27	0.01188	0.01025	0.03911	0.01198	0.04015	0.00931	0.03500	0.01751	0.13088	0.04808	0.23798	0.11543	0.20229	0.01390	0.00788	0.00233	0.00475	0.04727	0.00651	0.00752
28	0.00944	0.00711	0.00989	0.03969	0.04971	0.00689	0.00803	0.01131	0.01416	0.01895	0.10336	0.49647	0.06680	0.04188	0.00935	0.00280	0.00463	0.08736	0.00611	0.00605
29	0.03051	0.01194	0.01606	0.01231	0.01761	0.01049	0.01017	0.05936	0.02008	0.69491	0.02657	0.02302	0.01673	0.00846	0.00688	0.00211	0.00589	0.00685	0.00840	0.01164
30	0.02491	0.03158	0.01905	0.01735	0.02079	0.70258	0.01303	0.02670	0.01905	0.01671	0.01089	0.01293	0.00915	0.00886	0.03580	0.00214	0.01258	0.00453	0.00353	0.00786
31	0.01731	0.01484	0.01564	0.01398	0.01790	0.01716	0.01090	0.05806	0.68234	0.02910	0.02747	0.02522	0.02058	0.00925	0.00696	0.00231	0.00548	0.00768	0.00696	0.01086
32	0.02554	0.01079	0.01438	0.01178	0.01610	0.00961	0.00953	0.05475	0.01885	0.53375	0.03015	0.12707	0.04871	0.01112	0.00731	0.00227	0.00557	0.04450	0.00792	0.01030
33	0.00834	0.00595	0.00794	0.00953	0.00992	0.00556	0.00635	0.00953	0.01310	0.01746	0.03771	0.75510	0.04525	0.02143	0.00873	0.00278	0.00397	0.01945	0.00635	0.00556
34	0.00990	0.00683	0.00847	0.00847	0.00882	0.00718	0.00540	0.01060	0.01025	0.01401	0.02063	0.03966	0.02265	0.55720	0.23416	0.00788	0.00997	0.00920	0.00401	0.00471
35	0.01043	0.00778	0.00975	0.01072	0.01189	0.00787	0.00779	0.03855	0.09994	0.02020	0.03550	0.54530	0.04020	0.01910	0.00854	0.00275	0.00460	0.10614	0.00644	0.00653
36	0.00927	0.00698	0.00857	0.00817	0.00997	0.00628	0.00613	0.01211	0.01839	0.02511	0.54638	0.05492	0.23290	0.01485	0.00807	0.00219	0.00329	0.01291	0.00723	0.00628
37	0.02250	0.01461	0.01647	0.01374	0.01830	0.01576	0.01099	0.15065	0.39117	0.22910	0.02560	0.02329	0.01814	0.00886	0.00692	0.00222	0.00590	0.00721	0.00737	0.01120
38	0.01575	0.01505	0.02563	0.24882	0.51931	0.01594	0.02041	0.01996	0.01502	0.02091	0.01266	0.01732	0.01033	0.00632	0.00679	0.00211	0.00842	0.00609	0.00328	0.00988
39	0.01508	0.01504	0.02134	0.01933	0.05791	0.02069	0.01531	0.01672	0.01077	0.01680	0.00920	0.01508	0.00909	0.01164	0.02156	0.00294	0.70481	0.00599	0.00302	0.00768
40	0.00839	0.00600	0.00799	0.00949	0.00993	0.00559	0.00635	0.00966	0.01335	0.01786	0.06469	0.72698	0.04602	0.02114	0.00871	0.00275	0.00394	0.01917	0.00640	0.00559
41	0.02175	0.02122	0.06389	0.11092	0.12776	0.21229	0.01520	0.14164	0.09031	0.10456	0.01589	0.01721	0.01180	0.00744	0.00664	0.00204	0.00888	0.00584	0.00490	0.00982
42	0.01719	0.01695	0.02686	0.08212	0.63746	0.05711	0.02043	0.02115	0.01568	0.02174	0.01270	0.01675	0.01062	0.00619	0.00674	0.00203	0.00843	0.00600	0.00337	0.01048
43	0.00849	0.00619	0.00801	0.00915	0.00990	0.00570	0.00625	0.01001	0.01419	0.01892	0.13261	0.59316	0.11212	0.02003	0.00858	0.00265	0.00382	0.01801	0.00651	0.00570
44	0.01584	0.05590	0.34926	0.02496	0.12874	0.01714	0.22273	0.06282	0.01618	0.02293	0.01297	0.01598	0.00968	0.00630	0.00695	0.00215	0.00998	0.00612	0.00337	0.00999
45	0.04714	0.06648	0.07250	0.09673	0.34283	0.03142	0.04366	0.08406	0.01720	0.11156	0.01452	0.01701	0.01105	0.00669	0.00657	0.00205	0.00808	0.00592	0.00428	0.01027
46	0.06551	0.02501	0.01940	0.01657	0.02065	0.40524	0.05106	0.16802	0.07000	0.02491	0.05759	0.01687	0.01380	0.00778	0.00649	0.00194	0.00983	0.00569	0.00476	0.00888
47	0.00835	0.00695	0.00732	0.00744	0.00960	0.00592	0.00564	0.01022	0.01571	0.01904	0.10080	0.09178	0.61536	0.01739	0.00819	0.00237	0.00363	0.05203	0.00641	0.00583
48	0.03645	0.05084	0.25142	0.01878	0.11494	0.01407	0.04441	0.04889	0.04292	0.17573	0.06964	0.02315	0.06212	0.00823	0.00679	0.00212	0.00754	0.00691	0.00509	0.00993
49	0.01433	0.00908	0.01086	0.01028	0.01288	0.00870	0.00794	0.05840	0.08214	0.14198	0.08617	0.21257	0.22433	0.01538	0.00798	0.00244	0.00467	0.07533	0.00687	0.00766
50	0.00834	0.00595	0.00794	0.00953	0.00992	0.00556	0.00635	0.00953	0.01310	0.01746	0.03771	0.75510	0.04525	0.02143	0.00873	0.00278	0.00397	0.01945	0.00635	0.00556
51	0.01372	0.03539	0.72412	0.01950	0.02961	0.01589	0.02528	0.02167	0.01444	0.02167	0.01228	0.01444	0.00867	0.00650	0.00650	0.00217	0.01011	0.00506	0.00289	0.01011
52	0.01494	0.07313	0.64669	0.01866	0.02827	0.01616	0.02368	0.02227	0.01471	0.06137	0.01297	0.01476	0.00915	0.00658	0.00641	0.00213	0.00972	0.00508	0.00321	0.01013
53	0.01737	0.61698	0.17449	0.01328	0.01999	0.02482	0.01444	0.02072	0.01401	0.01722	0.01007	0.01167	0.00876	0.00598	0.00481	0.00160	0.00788	0.00394	0.00292	0.00905
54	0.74461	0.01480	0.01081	0.00969	0.01387	0.07332	0.00788	0.02069	0.01227	0.02957	0.00961	0.01121	0.00752	0.00641	0.00439	0.00209	0.00586	0.00376	0.00418	0.00745
55	0.01017	0.00733	0.00938	0.00977	0.01100	0.00708	0.00705	0.05936	0.01676	0.02291	0.27351	0.42780	0.04941	0.01778	0.00839	0.00252	0.00406	0.04260	0.00680	0.00633
56	0.00834	0.00595	0.00794	0.00953	0.00992	0.00556	0.00635	0.00953	0.01310	0.01746	0.03771	0.75510	0.04525	0.02143	0.00873	0.00278	0.00397	0.01945	0.00635	0.00556
57	0.02891	0.01141	0.01545	0.01190	0.01703	0.00982	0.00978	0.03160	0.01935	0.65642	0.06325	0.02442	0.01922	0.00863	0.00687	0.00207	0.00565	0.00706	0.00824	0.04291
58	0.01585	0.01252	0.01542	0.01111	0.01714	0.00978	0.03306	0.03509	0.01512	0.07800	0.01349	0.01511	0.01072	0.00544	0.00536	0.00117	0.00542	0.00447	0.00445	0.69129
59	0.01145	0.00698	0.00933	0.00992	0.01118	0.00647	0.00718	0.01329	0.01502	0.10106	0.14336	0.47438	0.04392	0.03852	0.00919	0.00274	0.00436	0.07849	0.00672	0.00644
60	0.01431	0.12885	0.63579	0.01850	0.02806	0.01732	0.02354	0.02151	0.01437	0.02095	0.01192	0.01400	0.00868	0.00642	0.00623	0.00208	0.00975	0.00488	0.00289	0.00994
61	0.01849	0.27681	0.30201	0.01639	0.02328	0.21599	0.01746	0.02282	0.01562	0.01846	0.01089	0.01271	0.00874	0.00644	0.00571	0.00182	0.00979	0.00441	0.00308	0.00907

[dist]
# distance from previous block
# <min> <max>
1	4

[block]
# block no. 2 follows, 31 sequences, length 6
# corresponding to MSA columns:
# 175-180
name=unknown_C
#
# <colnr> <probs for GDERKNQSTAVLIFYWHMCP>
#	G	D	E	R	K	N	Q	S	T	A	V	L	I	F	Y	W	H	M	C	P
0	0.03771	0.01287	0.07344	0.01302	0.01678	0.01111	0.05828	0.10974	0.04724	0.13892	0.13958	0.18514	0.06814	0.01271	0.00764	0.00234	0.00586	0.04457	0.00643	0.00847
1	0.01646	0.35378	0.32236	0.01520	0.02251	0.02070	0.01722	0.07639	0.01560	0.02076	0.01281	0.05398	0.01098	0.00718	0.00572	0.00188	0.00832	0.00533	0.00343	0.00940
2	0.02055	0.01803	0.08654	0.01771	0.10044	0.01729	0.01369	0.42431	0.02503	0.03376	0.02105	0.07167	0.06381	0.04438	0.00832	0.00234	0.00727	0.00772	0.00587	0.01022
3	0.26430	0.05205	0.08456	0.06718	0.10022	0.07422	0.01262	0.04267	0.01543	0.13649	0.04493	0.01799	0.01313	0.03866	0.00705	0.00225	0.00715	0.00556	0.00470	0.00882
4	0.12929	0.01552	0.01526	0.01284	0.01724	0.10560	0.01028	0.08598	0.15800	0.22548	0.04618	0.02295	0.01722	0.00857	0.00647	0.00207	0.00652	0.03758	0.00634	0.07062
5	0.07548	0.16514	0.47642	0.01658	0.02501	0.01734	0.01999	0.02246	0.01463	0.08857	0.01298	0.01441	0.00939	0.00656	0.00598	0.00203	0.00883	0.00487	0.00353	0.00981

[dist]
# distance from previous block
# <min> <max>
0	1

[block]
# block no. 3 follows, 31 sequences, length 6
# corresponding to MSA columns:
# 182-187
name=unknown_D
#
# <colnr> <probs for GDERKNQSTAVLIFYWHMCP>
#	G	D	E	R	K	N	Q	S	T	A	V	L	I	F	Y	W	H	M	C	P
0	0.08524	0.01700	0.01849	0.01444	0.01966	0.01843	0.01187	0.47118	0.08292	0.16276	0.01873	0.01799	0.01302	0.00820	0.00666	0.00209	0.00688	0.00623	0.00695	0.01125
1	0.01531	0.01098	0.01698	0.40535	0.06023	0.01213	0.01430	0.01901	0.01576	0.14542	0.11102	0.02872	0.09804	0.00921	0.00714	0.00223	0.00709	0.00798	0.00498	0.00810
2	0.07407	0.20383	0.32083	0.01458	0.02211	0.01687	0.01638	0.02142	0.01448	0.07789	0.01258	0.01403	0.00954	0.00624	0.00560	0.00178	0.00783	0.00459	0.00366	0.15171
3	0.09188	0.07094	0.01726	0.01301	0.01739	0.01621	0.01057	0.23998	0.15931	0.16048	0.02228	0.11311	0.01819	0.00982	0.00670	0.00217	0.00611	0.00790	0.00658	0.01010
4	0.21596	0.01638	0.01716	0.01347	0.01861	0.01779	0.01112	0.41250	0.02494	0.16187	0.01665	0.01637	0.01156	0.00781	0.00622	0.00208	0.00668	0.00570	0.00650	0.01061
5	0.01276	0.00760	0.00984	0.00914	0.01126	0.00684	0.00689	0.01544	0.01810	0.13886	0.43468	0.14817	0.12470	0.01450	0.00797	0.00225	0.00378	0.01270	0.00739	0.00710

[dist]
# distance from previous block
# <min> <max>
22	54

[block]
# block no. 4 follows, 31 sequences, length 10
# corresponding to MSA columns:
# 243-252
name=unknown_E
#
# <colnr> <probs for GDERKNQSTAVLIFYWHMCP>
#	G	D	E	R	K	N	Q	S	T	A	V	L	I	F	Y	W	H	M	C	P
0	0.05374	0.01963	0.11214	0.01896	0.12113	0.07412	0.01474	0.23041	0.08958	0.09926	0.01767	0.02038	0.01357	0.00807	0.00670	0.00209	0.00770	0.04085	0.00548	0.04376
1	0.01543	0.01594	0.11841	0.49488	0.03893	0.01536	0.01830	0.05909	0.06126	0.07509	0.01462	0.01848	0.01059	0.00716	0.00680	0.00224	0.00866	0.00611	0.00392	0.00871
2	0.29120	0.01503	0.06065	0.01179	0.01656	0.01466	0.01011	0.13074	0.12725	0.07020	0.01955	0.04904	0.05206	0.00834	0.00589	0.00206	0.00584	0.00630	0.00543	0.09728
3	0.01991	0.01440	0.01758	0.15840	0.02388	0.01572	0.01267	0.29314	0.09113	0.09802	0.09492	0.02524	0.01975	0.00914	0.00706	0.00216	0.00683	0.04179	0.00619	0.04207
4	0.11629	0.01471	0.01665	0.01468	0.07617	0.01464	0.01076	0.26485	0.02048	0.03058	0.01544	0.07255	0.01314	0.00774	0.00604	0.00175	0.00617	0.00615	0.00522	0.28599
5	0.01635	0.01322	0.01518	0.06628	0.01821	0.07902	0.03852	0.14427	0.04208	0.07503	0.09420	0.19949	0.07828	0.01301	0.00823	0.00236	0.03479	0.04746	0.00598	0.00806
6	0.09556	0.05485	0.02692	0.02299	0.13692	0.01639	0.25796	0.06604	0.05257	0.05274	0.06580	0.04662	0.01610	0.00785	0.00792	0.00222	0.04936	0.00750	0.00448	0.00920
7	0.01593	0.01598	0.05093	0.28938	0.10693	0.07566	0.06885	0.05720	0.03858	0.04169	0.01534	0.07986	0.01321	0.00854	0.00837	0.00227	0.07431	0.00722	0.00395	0.02579
8	0.06156	0.10305	0.16170	0.08517	0.02470	0.16562	0.04522	0.13838	0.01864	0.08834	0.01351	0.01517	0.01005	0.00719	0.00682	0.00203	0.03378	0.00532	0.00433	0.00942
9	0.08621	0.04812	0.05731	0.18463	0.12332	0.04427	0.07604	0.05524	0.06922	0.02234	0.02021	0.06426	0.07237	0.00873	0.00679	0.00218	0.00767	0.02117	0.00430	0.02560

[dist]
# distance from previous block
# <min> <max>
6	61

[block]
# block no. 5 follows, 31 sequences, length 8
# corresponding to MSA columns:
# 314-321
name=unknown_F
#
# <colnr> <probs for GDERKNQSTAVLIFYWHMCP>
#	G	D	E	R	K	N	Q	S	T	A	V	L	I	F	Y	W	H	M	C	P
0	0.14877	0.06598	0.05413	0.01880	0.17076	0.10288	0.01283	0.05768	0.03353	0.02377	0.05141	0.04921	0.03661	0.00834	0.00623	0.00197	0.00711	0.04177	0.00442	0.10378
1	0.01914	0.05910	0.01593	0.09609	0.01941	0.17653	0.01080	0.03665	0.03272	0.17701	0.06383	0.12841	0.09313	0.01116	0.00709	0.00217	0.00718	0.02971	0.00569	0.00824
2	0.10303	0.24299	0.08678	0.01600	0.07865	0.06638	0.01336	0.11206	0.05208	0.12326	0.01442	0.01522	0.01096	0.00710	0.00624	0.00192	0.03006	0.00511	0.00465	0.00972
3	0.05929	0.01517	0.07139	0.11915	0.09391	0.03280	0.01271	0.11363	0.06693	0.02428	0.03597	0.02326	0.05987	0.08007	0.00912	0.00237	0.00693	0.00665	0.00460	0.16192
4	0.10175	0.06896	0.01935	0.01523	0.01935	0.24837	0.08161	0.02620	0.16492	0.07364	0.07242	0.02132	0.04153	0.00825	0.00649	0.00203	0.00821	0.00654	0.00506	0.00877
5	0.01413	0.08285	0.01611	0.05181	0.11457	0.01246	0.01029	0.01913	0.13078	0.06051	0.05823	0.09345	0.02250	0.18887	0.09111	0.00415	0.00761	0.00874	0.00492	0.00775
6	0.07819	0.40400	0.24422	0.01704	0.09370	0.02160	0.01650	0.02087	0.01407	0.01959	0.01071	0.01267	0.00885	0.00612	0.00527	0.00179	0.00810	0.00434	0.00306	0.00930
7	0.04092	0.00750	0.00916	0.00974	0.01106	0.00734	0.00701	0.01362	0.05935	0.05373	0.07552	0.39375	0.09287	0.10350	0.01135	0.00310	0.00467	0.08334	0.00622	0.00626

[dist]
# distance from previous block
# <min> <max>
0	2

[block]
# block no. 6 follows, 31 sequences, length 8
# corresponding to MSA columns:
# 324-331
name=unknown_G
#
# <colnr> <probs for GDERKNQSTAVLIFYWHMCP>
#	G	D	E	R	K	N	Q	S	T	A	V	L	I	F	Y	W	H	M	C	P
0	0.04799	0.20758	0.03748	0.01839	0.14495	0.18674	0.01298	0.05483	0.01660	0.03740	0.01903	0.04011	0.09285	0.00829	0.00647	0.00188	0.02551	0.00628	0.00406	0.03059
1	0.11858	0.01376	0.01319	0.01197	0.01452	0.12036	0.00916	0.12407	0.01587	0.04100	0.01706	0.04819	0.01578	0.12976	0.27051	0.00590	0.01154	0.00700	0.00451	0.00728
2	0.02040	0.04630	0.02197	0.25304	0.07197	0.24954	0.04486	0.16706	0.01975	0.02321	0.01259	0.01562	0.00971	0.00708	0.00659	0.00202	0.00980	0.00556	0.00405	0.00888
3	0.06092	0.41328	0.08382	0.01360	0.01911	0.18379	0.01273	0.02362	0.01574	0.09980	0.01202	0.01301	0.00966	0.00651	0.00525	0.00170	0.00841	0.00432	0.00377	0.00896
4	0.17053	0.22273	0.18514	0.01384	0.01999	0.14468	0.01383	0.02148	0.01460	0.02113	0.01069	0.01246	0.00867	0.00621	0.00525	0.00175	0.00817	0.00418	0.00342	0.11126
5	0.01056	0.00886	0.01328	0.11045	0.15124	0.00890	0.01068	0.01281	0.01394	0.01853	0.03329	0.43664	0.11201	0.01610	0.00803	0.00252	0.00538	0.01455	0.00535	0.00687
6	0.16387	0.00795	0.00789	0.00769	0.00881	0.00821	0.00491	0.01190	0.01101	0.01731	0.02541	0.04100	0.11071	0.51797	0.02545	0.00520	0.00596	0.00932	0.00445	0.00499
7	0.02089	0.06226	0.02599	0.02334	0.17549	0.01854	0.14543	0.25820	0.10205	0.07352	0.01672	0.01809	0.01246	0.00728	0.00693	0.00210	0.00807	0.00659	0.00531	0.01073

[dist]
# distance from previous block
# <min> <max>
3	10

[block]
# block no. 7 follows, 31 sequences, length 61
# corresponding to MSA columns:
# 342-402
name=unknown_H
#
# <colnr> <probs for GDERKNQSTAVLIFYWHMCP>
#	G	D	E	R	K	N	Q	S	T	A	V	L	I	F	Y	W	H	M	C	P
0	0.09459	0.05331	0.06868	0.01730	0.02201	0.42534	0.08718	0.02620	0.01783	0.10693	0.01296	0.01436	0.00986	0.00694	0.00625	0.00191	0.01047	0.00507	0.00413	0.00867
1	0.01433	0.13264	0.63221	0.01846	0.02800	0.01738	0.02347	0.02151	0.01437	0.02092	0.01191	0.01398	0.00868	0.00641	0.00622	0.00207	0.00974	0.00487	0.00289	0.00993
2	0.01464	0.15729	0.57580	0.01923	0.05944	0.01779	0.02279	0.02144	0.01441	0.02076	0.01184	0.01397	0.00879	0.00637	0.00616	0.00204	0.00955	0.00487	0.00292	0.00992
3	0.01539	0.30143	0.47270	0.01665	0.02521	0.01997	0.02032	0.02123	0.01425	0.01963	0.01127	0.01318	0.00871	0.00626	0.00573	0.00191	0.00909	0.00455	0.00290	0.00962
4	0.01829	0.76368	0.03585	0.01171	0.01756	0.02707	0.01171	0.02049	0.01390	0.01610	0.00951	0.01097	0.00878	0.00585	0.00439	0.00146	0.00732	0.00366	0.00293	0.00878
5	0.01677	0.01623	0.02813	0.06276	0.66489	0.01627	0.05204	0.02093	0.01555	0.02218	0.01289	0.01704	0.01076	0.00610	0.00684	0.00205	0.00832	0.00619	0.00338	0.01066
6	0.01741	0.01761	0.02528	0.02056	0.04664	0.07656	0.26019	0.02984	0.37440	0.02499	0.02082	0.02157	0.01573	0.00771	0.00730	0.00226	0.00831	0.00753	0.00528	0.01000
7	0.00834	0.00595	0.00794	0.00953	0.00992	0.00556	0.00635	0.00953	0.01310	0.01746	0.03771	0.75510	0.04525	0.02143	0.00873	0.00278	0.00397	0.01945	0.00635	0.00556
8	0.00977	0.00733	0.01100	0.01100	0.01222	0.00855	0.00855	0.01222	0.01100	0.01588	0.01833	0.02688	0.01710	0.05131	0.73245	0.01100	0.01833	0.00733	0.00367	0.00611
9	0.01275	0.00638	0.00638	0.00638	0.00797	0.00638	0.00478	0.01594	0.01435	0.02551	0.02232	0.02551	0.01754	0.00797	0.00478	0.00159	0.00319	0.00638	0.79755	0.00638
10	0.00995	0.00663	0.00746	0.00746	0.00746	0.00663	0.00415	0.00995	0.00995	0.01327	0.02156	0.04477	0.02487	0.75957	0.03482	0.00663	0.00663	0.00995	0.00415	0.00415
11	0.01275	0.00638	0.00638	0.00638	0.00797	0.00638	0.00478	0.01594	0.01435	0.02551	0.02232	0.02551	0.01754	0.00797	0.00478	0.00159	0.00319	0.00638	0.79755	0.00638
12	0.01610	0.01831	0.03957	0.02839	0.03502	0.01745	0.66421	0.02169	0.01591	0.02169	0.01364	0.01831	0.01032	0.00602	0.00866	0.00234	0.04177	0.00799	0.00344	0.00916
13	0.02203	0.01744	0.02049	0.23615	0.02906	0.04052	0.01483	0.46929	0.02619	0.03457	0.01496	0.01685	0.01079	0.00776	0.00682	0.00211	0.00815	0.00608	0.00559	0.01030
14	0.00963	0.00698	0.00899	0.00850	0.01008	0.00643	0.00632	0.01267	0.01886	0.02655	0.66135	0.05148	0.08979	0.04157	0.00905	0.00232	0.00336	0.01237	0.00736	0.00634
15	0.02601	0.01916	0.02053	0.01574	0.02122	0.02122	0.01300	0.69408	0.03217	0.04312	0.01643	0.01643	0.01163	0.00821	0.00684	0.00205	0.00753	0.00616	0.00684	0.01163
16	0.00982	0.00714	0.01004	0.01004	0.01093	0.00803	0.00736	0.01160	0.01071	0.01518	0.01920	0.03171	0.01920	0.24251	0.54412	0.00982	0.01517	0.00804	0.00379	0.00558
17	0.80789	0.01323	0.01006	0.00900	0.01323	0.01535	0.00741	0.02011	0.01164	0.03070	0.00953	0.01111	0.00741	0.00635	0.00423	0.00212	0.00529	0.00370	0.00423	0.00741
18	0.01372	0.03539	0.72412	0.01950	0.02961	0.01589	0.02528	0.02167	0.01444	0.02167	0.01228	0.01444	0.00867	0.00650	0.00650	0.00217	0.01011	0.00506	0.00289	0.01011
19	0.01102	0.00787	0.01102	0.01260	0.01417	0.00787	0.01102	0.01417	0.01575	0.02047	0.03622	0.07717	0.03937	0.01890	0.00945	0.00315	0.00630	0.67084	0.00630	0.00630
20	0.00968	0.00699	0.00914	0.00861	0.01022	0.00646	0.00646	0.01291	0.01937	0.02743	0.71328	0.05110	0.06455	0.01399	0.00807	0.00215	0.00323	0.01237	0.00753	0.00646
21	0.03070	0.01164	0.01588	0.01217	0.01746	0.01006	0.01006	0.03334	0.01958	0.72163	0.02699	0.02329	0.01694	0.00847	0.00688	0.00212	0.00582	0.00688	0.00847	0.01164
22	0.01275	0.00638	0.00638	0.00638	0.00797	0.00638	0.00478	0.01594	0.01435	0.02551	0.02232	0.02551	0.01754	0.00797	0.00478	0.00159	0.00319	0.00638	0.79755	0.00638
23	0.01829	0.76368	0.03585	0.01171	0.01756	0.02707	0.01171	0.02049	0.01390	0.01610	0.00951	0.01097	0.00878	0.00585	0.00439	0.00146	0.00732	0.00366	0.00293	0.00878
24	0.80789	0.01323	0.01006	0.00900	0.01323	0.01535	0.00741	0.02011	0.01164	0.03070	0.00953	0.01111	0.00741	0.00635	0.00423	0.00212	0.00529	0.00370	0.00423	0.00741
25	0.01808	0.01358	0.04785	0.01131	0.01739	0.01038	0.00959	0.06339	0.01637	0.15784	0.01528	0.01609	0.01147	0.00599	0.00559	0.00134	0.00560	0.00478	0.00502	0.56306
26	0.02221	0.02690	0.01970	0.01759	0.02011	0.50225	0.01363	0.02453	0.04162	0.01709	0.01074	0.01357	0.00930	0.00854	0.01087	0.00214	0.22282	0.00498	0.00350	0.00791
27	0.01275	0.00638	0.00638	0.00638	0.00797	0.00638	0.00478	0.01594	0.01435	0.02551	0.02232	0.02551	0.01754	0.00797	0.00478	0.00159	0.00319	0.00638	0.79755	0.00638
28	0.01677	0.01609	0.02747	0.07079	0.68938	0.01621	0.02091	0.02085	0.01550	0.02215	0.01284	0.01699	0.01077	0.00613	0.00678	0.00204	0.00817	0.00610	0.00337	0.01070
29	0.00980	0.00721	0.01039	0.01039	0.01140	0.00822	0.00780	0.01183	0.01082	0.01543	0.01888	0.02994	0.01843	0.17264	0.61294	0.01025	0.01632	0.00778	0.00375	0.00577
30	0.01372	0.03539	0.72412	0.01950	0.02961	0.01589	0.02528	0.02167	0.01444	0.02167	0.01228	0.01444	0.00867	0.00650	0.00650	0.00217	0.01011	0.00506	0.00289	0.01011
31	0.01188	0.00594	0.00891	0.00891	0.00891	0.00594	0.00594	0.00891	0.00891	0.01188	0.01188	0.02080	0.01188	0.02377	0.02674	0.80095	0.00594	0.00594	0.00297	0.00297
32	0.00995	0.00663	0.00746	0.00746	0.00746	0.00663	0.00415	0.00995	0.00995	0.01327	0.02156	0.04477	0.02487	0.75957	0.03482	0.00663	0.00663	0.00995	0.00415	0.00415
33	0.01497	0.01497	0.02095	0.01796	0.01796	0.02095	0.01497	0.01646	0.01048	0.01646	0.00898	0.01497	0.00898	0.01197	0.02245	0.00299	0.74704	0.00599	0.00299	0.00748
34	0.00977	0.00733	0.01100	0.01100	0.01222	0.00855	0.00855	0.01222	0.01100	0.01588	0.01833	0.02688	0.01710	0.05131	0.73245	0.01100	0.01833	0.00733	0.00367	0.00611
35	0.27288	0.15568	0.05132	0.01217	0.01738	0.01825	0.01075	0.15914	0.10338	0.05083	0.01412	0.01477	0.01080	0.00696	0.00539	0.00191	0.00636	0.00489	0.00492	0.07809
36	0.01275	0.00638	0.00638	0.00638	0.00797	0.00638	0.00478	0.01594	0.01435	0.02551	0.02232	0.02551	0.01754	0.00797	0.00478	0.00159	0.00319	0.00638	0.79755	0.00638
37	0.00968	0.00699	0.00914	0.00861	0.01022	0.00646	0.00646	0.01291	0.01937	0.02743	0.71328	0.05110	0.06455	0.01399	0.00807	0.00215	0.00323	0.01237	0.00753	0.00646
38	0.02529	0.06047	0.02006	0.01733	0.02101	0.68053	0.01315	0.04981	0.01961	0.01762	0.01073	0.01242	0.00891	0.00704	0.00612	0.00176	0.01198	0.00444	0.00362	0.00809
39	0.00834	0.00595	0.00794	0.00953	0.00992	0.00556	0.00635	0.00953	0.01310	0.01746	0.03771	0.75510	0.04525	0.02143	0.00873	0.00278	0.00397	0.01945	0.00635	0.00556
40	0.01706	0.05721	0.04543	0.06183	0.49489	0.04279	0.03765	0.02320	0.10954	0.02245	0.01463	0.01764	0.01189	0.00658	0.00668	0.00205	0.00805	0.00615	0.00383	0.01043
41	0.01372	0.03539	0.72412	0.01950	0.02961	0.01589	0.02528	0.02167	0.01444	0.02167	0.01228	0.01444	0.00867	0.00650	0.00650	0.00217	0.01011	0.00506	0.00289	0.01011
42	0.01419	0.01216	0.01419	0.01013	0.01621	0.00912	0.00811	0.01723	0.01419	0.02229	0.01216	0.01419	0.01013	0.00507	0.00507	0.00101	0.00507	0.00405	0.00405	0.80139
43	0.01419	0.01216	0.01419	0.01013	0.01621	0.00912	0.00811	0.01723	0.01419	0.02229	0.01216	0.01419	0.01013	0.00507	0.00507	0.00101	0.00507	0.00405	0.00405	0.80139
44	0.01678	0.01621	0.02800	0.06345	0.67131	0.01626	0.04519	0.02092	0.01554	0.02218	0.01288	0.01703	0.01077	0.00611	0.00682	0.00205	0.00828	0.00617	0.00338	0.01068
45	0.80789	0.01323	0.01006	0.00900	0.01323	0.01535	0.00741	0.02011	0.01164	0.03070	0.00953	0.01111	0.00741	0.00635	0.00423	0.00212	0.00529	0.00370	0.00423	0.00741
46	0.02001	0.01546	0.02268	0.01774	0.02278	0.01604	0.19534	0.11323	0.29283	0.14897	0.02279	0.04523	0.01697	0.00844	0.00729	0.00226	0.00736	0.00785	0.00624	0.01047
47	0.01188	0.00594	0.00891	0.00891	0.00891	0.00594	0.00594	0.00891	0.00891	0.01188	0.01188	0.02080	0.01188	0.02377	0.02674	0.80095	0.00594	0.00594	0.00297	0.00297
48	0.00980	0.00722	0.01042	0.01042	0.01144	0.00824	0.00783	0.01185	0.01082	0.01545	0.01885	0.02980	0.01837	0.16721	0.61830	0.01028	0.01641	0.00776	0.00374	0.00579
49	0.01275	0.00638	0.00638	0.00638	0.00797	0.00638	0.00478	0.01594	0.01435	0.02551	0.02232	0.02551	0.01754	0.00797	0.00478	0.00159	0.00319	0.00638	0.79755	0.00638
50	0.01419	0.01216	0.01419	0.01013	0.01621	0.00912	0.00811	0.01723	0.01419	0.02229	0.01216	0.01419	0.01013	0.00507	0.00507	0.00101	0.00507	0.00405	0.00405	0.80139
51	0.04951	0.53981	0.21723	0.01366	0.02058	0.02363	0.01513	0.02078	0.01395	0.01817	0.01025	0.01190	0.00869	0.00604	0.00494	0.00168	0.00797	0.00403	0.00297	0.00908
52	0.01275	0.00638	0.00638	0.00638	0.00797	0.00638	0.00478	0.01594	0.01435	0.02551	0.02232	0.02551	0.01754	0.00797	0.00478	0.00159	0.00319	0.00638	0.79755	0.00638
53	0.01442	0.01359	0.02242	0.47942	0.25116	0.01564	0.01907	0.01981	0.05982	0.01971	0.01341	0.01832	0.01042	0.00677	0.00683	0.00221	0.00857	0.00619	0.00341	0.00881
54	0.01512	0.01659	0.05772	0.02386	0.02987	0.01481	0.51260	0.02011	0.01613	0.04723	0.04212	0.04980	0.10370	0.00813	0.00800	0.00231	0.00975	0.00924	0.00421	0.00870
55	0.01383	0.03460	0.69240	0.01993	0.02990	0.01595	0.05621	0.02168	0.01452	0.02168	0.01235	0.01463	0.00875	0.00647	0.00657	0.00217	0.01018	0.00520	0.00292	0.01007
56	0.01044	0.00760	0.01024	0.01164	0.01302	0.00754	0.00958	0.01365	0.04172	0.01992	0.03739	0.25573	0.06247	0.01915	0.00912	0.00299	0.00555	0.44966	0.00634	0.00626
57	0.02615	0.01736	0.15325	0.01392	0.01989	0.04504	0.01316	0.06057	0.01893	0.49655	0.02327	0.04698	0.01573	0.00847	0.00684	0.00213	0.00697	0.00683	0.00701	0.01096
58	0.02018	0.02102	0.02397	0.05699	0.41292	0.23380	0.01763	0.05125	0.03713	0.04148	0.01312	0.01599	0.01065	0.00666	0.00660	0.00197	0.00927	0.00565	0.00381	0.00989
59	0.06448	0.02249	0.04721	0.05341	0.07785	0.26882	0.11244	0.13532	0.06514	0.02413	0.01488	0.05533	0.01236	0.00783	0.00673	0.00206	0.00956	0.00645	0.00443	0.00906
60	0.01589	0.01538	0.02467	0.19237	0.43154	0.03834	0.05002	0.02104	0.06502	0.02130	0.01492	0.05199	0.01269	0.00722	0.00693	0.00215	0.00825	0.00687	0.00371	0.00971

[dist]
# distance from previous block
# <min> <max>
0	8

# created by:
# /home/berkeley/.conda/envs/busco_data_prod/bin/msa2prfl.pl pipeline/OGs_align_augustus/4893/39558.fs
