[name]
unknown

[dist]
# distance from previous block
# <min> <max>
0	17

[block]
# block no. 0 follows, 30 sequences, length 26
# corresponding to MSA columns:
# 17-42
name=unknown_A
#
# <colnr> <probs for GDERKNQSTAVLIFYWHMCP>
#	G	D	E	R	K	N	Q	S	T	A	V	L	I	F	Y	W	H	M	C	P
0	0.01188	0.00920	0.01286	0.01399	0.06196	0.00931	0.03550	0.04179	0.07426	0.02105	0.06429	0.29568	0.03495	0.06519	0.03531	0.03068	0.00616	0.16305	0.00592	0.00696
1	0.06292	0.01194	0.03692	0.16429	0.02060	0.04070	0.01072	0.07231	0.06193	0.02161	0.05235	0.14394	0.08538	0.06785	0.01135	0.08282	0.00651	0.00960	0.02917	0.00708
2	0.01313	0.00824	0.01069	0.01040	0.01214	0.00814	0.00773	0.01549	0.03988	0.12681	0.12303	0.31419	0.13549	0.01849	0.03957	0.03494	0.05435	0.01377	0.00651	0.00702
3	0.03271	0.00788	0.01002	0.01015	0.01150	0.00778	0.02524	0.03671	0.04561	0.02047	0.11455	0.39191	0.09557	0.10880	0.04483	0.00350	0.00537	0.01501	0.00613	0.00627
4	0.04618	0.01010	0.01247	0.09165	0.01680	0.01079	0.00924	0.08933	0.04758	0.06493	0.04435	0.18893	0.04676	0.05445	0.06130	0.00315	0.02947	0.01004	0.12449	0.03797
5	0.01053	0.00733	0.00936	0.00982	0.01082	0.00722	0.00703	0.01206	0.01412	0.05059	0.09963	0.35466	0.11867	0.14259	0.01396	0.00339	0.04379	0.07229	0.00613	0.00599
6	0.06257	0.00845	0.01072	0.01022	0.01225	0.00808	0.03613	0.03772	0.01523	0.09586	0.06114	0.33369	0.12310	0.07345	0.00994	0.00279	0.00484	0.01362	0.07334	0.00686
7	0.01775	0.01178	0.01450	0.07565	0.01811	0.01238	0.01024	0.20028	0.06384	0.11940	0.12901	0.20933	0.02985	0.01329	0.00848	0.03404	0.00580	0.01086	0.00669	0.00873
8	0.06138	0.00972	0.01171	0.01097	0.01337	0.00978	0.00819	0.07537	0.07026	0.15684	0.05823	0.28445	0.03053	0.10331	0.03973	0.00335	0.00586	0.03258	0.00654	0.00785
9	0.01936	0.00982	0.01333	0.01146	0.01467	0.00895	0.03441	0.05196	0.01763	0.31080	0.08856	0.22237	0.08440	0.06677	0.00981	0.00269	0.00539	0.01172	0.00722	0.00868
10	0.06199	0.01481	0.01836	0.07236	0.05285	0.04271	0.05833	0.19773	0.04084	0.09590	0.12028	0.05219	0.02123	0.00891	0.00693	0.00204	0.00683	0.00753	0.00587	0.11232
11	0.01310	0.00824	0.01051	0.01010	0.01184	0.00803	0.00753	0.04218	0.01657	0.10584	0.21307	0.23872	0.09704	0.06546	0.01122	0.02640	0.03644	0.04222	0.02859	0.00690
12	0.11442	0.01238	0.01388	0.01155	0.01552	0.04022	0.00923	0.09829	0.04442	0.29762	0.17717	0.05272	0.02733	0.01003	0.00691	0.00215	0.00554	0.00817	0.04293	0.00953
13	0.01325	0.00958	0.01079	0.01067	0.01238	0.03309	0.00766	0.08332	0.06150	0.06222	0.05564	0.35913	0.07701	0.13487	0.01260	0.00324	0.00537	0.03446	0.00628	0.00695
14	0.21311	0.01769	0.15105	0.01488	0.04935	0.01409	0.04849	0.09218	0.01710	0.17027	0.01667	0.01761	0.01188	0.00725	0.00601	0.00206	0.00689	0.00565	0.09764	0.04012
15	0.05887	0.01800	0.17342	0.09217	0.02442	0.01397	0.08461	0.09094	0.05566	0.11535	0.10768	0.05612	0.02177	0.00952	0.00730	0.00231	0.00761	0.04555	0.00544	0.00931
16	0.01649	0.13420	0.22459	0.10568	0.10465	0.01826	0.10649	0.06833	0.07876	0.02303	0.01410	0.01664	0.01080	0.00674	0.00659	0.00207	0.00889	0.00587	0.00381	0.04401
17	0.08337	0.00743	0.00827	0.00861	0.01013	0.00710	0.00617	0.01162	0.01448	0.02023	0.13060	0.23416	0.23929	0.13356	0.01243	0.00319	0.00449	0.05294	0.00608	0.00585
18	0.01719	0.08536	0.07825	0.01494	0.04108	0.01553	0.04240	0.19679	0.09084	0.02770	0.05001	0.15468	0.02072	0.01023	0.00693	0.00207	0.00663	0.00868	0.00553	0.12442
19	0.00928	0.00740	0.01113	0.03148	0.01332	0.00696	0.06352	0.01102	0.01385	0.01828	0.03846	0.61018	0.09883	0.01975	0.00874	0.00274	0.00480	0.01805	0.00614	0.00606
20	0.01145	0.00939	0.03364	0.01093	0.01238	0.00963	0.00833	0.05702	0.03606	0.01829	0.02369	0.13508	0.04577	0.22391	0.29223	0.00700	0.04427	0.00999	0.00462	0.00634
21	0.05264	0.01096	0.01382	0.01163	0.01550	0.01030	0.00929	0.09831	0.01970	0.36570	0.10961	0.14186	0.05927	0.01208	0.00751	0.00231	0.00542	0.03681	0.00765	0.00963
22	0.01552	0.04748	0.10397	0.17751	0.05603	0.04781	0.14010	0.04329	0.06515	0.04775	0.01891	0.05997	0.04192	0.01324	0.08750	0.00326	0.00999	0.00765	0.00422	0.00874
23	0.05012	0.16945	0.05288	0.01961	0.12162	0.10692	0.05898	0.12757	0.15506	0.02561	0.01565	0.01683	0.01228	0.00724	0.00632	0.00198	0.00811	0.00578	0.00469	0.03330
24	0.01252	0.10720	0.03085	0.05962	0.01591	0.04872	0.00913	0.01556	0.03818	0.02044	0.13001	0.21783	0.12722	0.01311	0.00722	0.00212	0.00547	0.01121	0.00542	0.12228
25	0.11074	0.26129	0.04069	0.01233	0.01692	0.04169	0.01076	0.11395	0.11715	0.04867	0.04673	0.05918	0.04410	0.03894	0.00718	0.00218	0.00662	0.00678	0.00507	0.00902

[dist]
# distance from previous block
# <min> <max>
1	5

[block]
# block no. 1 follows, 30 sequences, length 13
# corresponding to MSA columns:
# 48-60
name=unknown_B
#
# <colnr> <probs for GDERKNQSTAVLIFYWHMCP>
#	G	D	E	R	K	N	Q	S	T	A	V	L	I	F	Y	W	H	M	C	P
0	0.01750	0.16066	0.22138	0.03606	0.07056	0.06997	0.11576	0.05397	0.01644	0.05392	0.03333	0.01677	0.01185	0.00821	0.02993	0.00227	0.00940	0.00576	0.00383	0.06245
1	0.06036	0.03342	0.09677	0.23725	0.17246	0.01610	0.06980	0.10026	0.01720	0.05597	0.01759	0.02061	0.05678	0.00760	0.00691	0.00220	0.00840	0.00668	0.00420	0.00941
2	0.04619	0.01017	0.01376	0.04008	0.01545	0.01095	0.04630	0.03461	0.04578	0.07264	0.10819	0.16087	0.12732	0.06920	0.06800	0.00349	0.10303	0.01110	0.00561	0.00725
3	0.01614	0.01404	0.04896	0.01227	0.01719	0.03436	0.03271	0.11700	0.01772	0.05905	0.04574	0.11464	0.05382	0.03076	0.00737	0.00188	0.00604	0.00784	0.00524	0.35721
4	0.00872	0.00617	0.00803	0.00943	0.00978	0.00582	0.00617	0.00977	0.01293	0.01724	0.03624	0.65527	0.04335	0.12061	0.01249	0.00336	0.00441	0.01853	0.00617	0.00547
5	0.45461	0.01245	0.01202	0.01019	0.01460	0.01320	0.00832	0.02477	0.04864	0.23984	0.01953	0.01914	0.04420	0.00788	0.00549	0.00215	0.00538	0.00561	0.04303	0.00892
6	0.01781	0.01558	0.06482	0.01975	0.14789	0.01497	0.04666	0.09219	0.24455	0.08849	0.11506	0.05799	0.02390	0.00952	0.00730	0.00225	0.00654	0.00835	0.00615	0.01023
7	0.00943	0.00670	0.00789	0.00826	0.00887	0.00644	0.00527	0.01028	0.01237	0.01626	0.06793	0.21920	0.14004	0.39154	0.05492	0.00509	0.00597	0.01322	0.00528	0.00505
8	0.01652	0.16398	0.20534	0.01501	0.02062	0.06150	0.04514	0.08024	0.04110	0.04288	0.10549	0.02409	0.07279	0.00954	0.00804	0.03277	0.03449	0.00700	0.00458	0.00888
9	0.01183	0.00895	0.01180	0.01107	0.01292	0.00969	0.00866	0.04586	0.01434	0.04293	0.08421	0.06821	0.13976	0.05167	0.32029	0.00633	0.07717	0.02952	0.00502	0.03976
10	0.04472	0.46648	0.05269	0.04337	0.01937	0.09467	0.01246	0.02219	0.07372	0.01823	0.01219	0.01489	0.01078	0.04205	0.00747	0.00201	0.04574	0.00475	0.00351	0.00871
11	0.01482	0.07438	0.18112	0.03459	0.01949	0.04535	0.01353	0.10374	0.04221	0.02340	0.06913	0.06265	0.15470	0.01277	0.04338	0.00262	0.04220	0.00845	0.00491	0.04655
12	0.06287	0.11195	0.28233	0.01855	0.07932	0.01730	0.05043	0.05344	0.14224	0.02411	0.01671	0.05739	0.01360	0.00787	0.00652	0.00214	0.00807	0.00648	0.00429	0.03439

[dist]
# distance from previous block
# <min> <max>
7	18

[block]
# block no. 2 follows, 30 sequences, length 14
# corresponding to MSA columns:
# 79-92
name=unknown_C
#
# <colnr> <probs for GDERKNQSTAVLIFYWHMCP>
#	G	D	E	R	K	N	Q	S	T	A	V	L	I	F	Y	W	H	M	C	P
0	0.06433	0.16100	0.06458	0.01450	0.01944	0.15479	0.06453	0.03683	0.04410	0.10256	0.01688	0.02109	0.02685	0.06543	0.00845	0.00227	0.00820	0.03009	0.00455	0.08952
1	0.05217	0.19159	0.10102	0.01491	0.02009	0.13614	0.06233	0.05946	0.01759	0.13409	0.07075	0.07564	0.01788	0.00872	0.00648	0.00202	0.00805	0.00698	0.00495	0.00913
2	0.10034	0.02910	0.03839	0.05425	0.04634	0.03256	0.04245	0.16940	0.04212	0.04176	0.09575	0.09173	0.13049	0.04452	0.00845	0.00244	0.00640	0.00933	0.00574	0.00844
3	0.01390	0.01471	0.07083	0.01594	0.07915	0.07437	0.07183	0.04587	0.01612	0.02152	0.09487	0.13155	0.09450	0.06242	0.05398	0.00297	0.00764	0.00969	0.00492	0.11321
4	0.01622	0.04196	0.08377	0.01450	0.01883	0.09625	0.07978	0.10495	0.08148	0.02444	0.11869	0.05973	0.06078	0.08652	0.01004	0.00255	0.00738	0.00840	0.00524	0.07847
5	0.05590	0.17621	0.13435	0.01529	0.02100	0.05789	0.05674	0.09013	0.06992	0.08977	0.01719	0.01823	0.04181	0.00783	0.00739	0.00202	0.06028	0.00587	0.00461	0.06757
6	0.54929	0.10064	0.01464	0.01165	0.04697	0.04995	0.00901	0.02067	0.03354	0.02771	0.03875	0.04685	0.01235	0.00752	0.00499	0.00210	0.00597	0.00511	0.00440	0.00789
7	0.01741	0.01592	0.08315	0.04861	0.04547	0.05670	0.04082	0.08409	0.04748	0.11051	0.04518	0.09441	0.07660	0.00966	0.00726	0.00202	0.02288	0.00809	0.00537	0.17835
8	0.01084	0.00878	0.01348	0.01248	0.01391	0.01011	0.04677	0.01338	0.01228	0.01767	0.08828	0.02924	0.02164	0.07775	0.51105	0.00879	0.08495	0.00805	0.00409	0.00648
9	0.01326	0.00743	0.00862	0.05406	0.04989	0.00763	0.00670	0.01665	0.01466	0.02533	0.02158	0.02507	0.01697	0.00795	0.00512	0.00169	0.00391	0.00647	0.70017	0.00684
10	0.00913	0.00694	0.00823	0.00821	0.00982	0.00623	0.00594	0.01137	0.01684	0.02233	0.34203	0.14876	0.29079	0.06965	0.01028	0.00266	0.00373	0.01415	0.00684	0.00605
11	0.33285	0.13816	0.01720	0.01263	0.04455	0.11020	0.00992	0.08351	0.01572	0.02644	0.01266	0.01479	0.01025	0.00918	0.04179	0.00239	0.00744	0.00471	0.09739	0.00822
12	0.10644	0.01190	0.01471	0.01183	0.01641	0.01122	0.00965	0.08723	0.01954	0.46070	0.06455	0.02842	0.04541	0.04073	0.00816	0.00240	0.00586	0.03686	0.00763	0.01035
13	0.01781	0.10757	0.08288	0.04730	0.10594	0.06126	0.09152	0.08992	0.12211	0.05300	0.05812	0.04464	0.04933	0.00873	0.00739	0.00216	0.02835	0.00742	0.00495	0.00959

[dist]
# distance from previous block
# <min> <max>
0	10

[block]
# block no. 3 follows, 30 sequences, length 14
# corresponding to MSA columns:
# 103-116
name=unknown_D
#
# <colnr> <probs for GDERKNQSTAVLIFYWHMCP>
#	G	D	E	R	K	N	Q	S	T	A	V	L	I	F	Y	W	H	M	C	P
0	0.01857	0.08017	0.08698	0.04639	0.02133	0.16533	0.06055	0.08868	0.05519	0.06155	0.08096	0.02101	0.01713	0.01388	0.10352	0.00321	0.01001	0.00649	0.00471	0.05433
1	0.08736	0.10895	0.01886	0.01396	0.01721	0.10763	0.08166	0.05139	0.01543	0.02062	0.03779	0.06863	0.07852	0.04730	0.13507	0.00398	0.04112	0.05253	0.00448	0.00751
2	0.09316	0.12761	0.08966	0.08028	0.04474	0.01693	0.01312	0.12945	0.08238	0.06611	0.01487	0.01618	0.01133	0.00688	0.00593	0.00184	0.00701	0.00527	0.00474	0.18250
3	0.01301	0.00650	0.00650	0.00650	0.00813	0.00650	0.00488	0.01626	0.01463	0.02602	0.02276	0.02602	0.01789	0.00813	0.00488	0.00163	0.00325	0.00650	0.79350	0.00650
4	0.01071	0.00723	0.00830	0.00812	0.00828	0.00758	0.00493	0.01111	0.01060	0.01490	0.02132	0.04205	0.02372	0.64105	0.03188	0.00606	0.04883	0.00957	0.07909	0.00464
5	0.02477	0.01742	0.02013	0.01558	0.02081	0.01882	0.04974	0.48784	0.07645	0.10791	0.01897	0.01894	0.01347	0.00832	0.00690	0.00210	0.00724	0.00660	0.06673	0.01127
6	0.00976	0.00709	0.00983	0.00999	0.01095	0.00760	0.00728	0.01175	0.01264	0.01776	0.12613	0.14367	0.03047	0.16442	0.38950	0.00781	0.01208	0.01059	0.00483	0.00585
7	0.00993	0.00744	0.00945	0.01048	0.01181	0.00723	0.00796	0.01321	0.06344	0.02023	0.08253	0.38013	0.13259	0.01925	0.00885	0.00280	0.00469	0.19504	0.00658	0.00634
8	0.01819	0.05311	0.26002	0.04177	0.19345	0.10799	0.03572	0.05495	0.07126	0.05245	0.01438	0.01654	0.01097	0.00714	0.00721	0.00213	0.03284	0.00576	0.00394	0.01018
9	0.00875	0.00648	0.00810	0.00914	0.01009	0.00594	0.00636	0.01028	0.01436	0.01875	0.09527	0.49075	0.18562	0.05326	0.00995	0.00288	0.00412	0.04767	0.00647	0.00575
10	0.01584	0.10959	0.23056	0.07028	0.07294	0.04868	0.07448	0.02120	0.04675	0.04691	0.03882	0.06112	0.01550	0.00892	0.00844	0.00228	0.07830	0.03627	0.00400	0.00913
11	0.07771	0.04501	0.01846	0.01657	0.08122	0.08267	0.04802	0.12423	0.12637	0.04205	0.03709	0.08373	0.01749	0.01327	0.07813	0.00298	0.00828	0.00747	0.00523	0.08406
12	0.01503	0.04847	0.06899	0.01537	0.07225	0.01196	0.07500	0.01879	0.01477	0.02238	0.01251	0.01497	0.01025	0.00546	0.00566	0.00134	0.00650	0.00474	0.00389	0.57168
13	0.01072	0.01033	0.07758	0.01311	0.06540	0.00825	0.00941	0.03595	0.01412	0.01927	0.06038	0.45790	0.03591	0.10381	0.01223	0.03312	0.00545	0.01496	0.00559	0.00651

[dist]
# distance from previous block
# <min> <max>
0	1

[block]
# block no. 4 follows, 30 sequences, length 9
# corresponding to MSA columns:
# 118-126
name=unknown_E
#
# <colnr> <probs for GDERKNQSTAVLIFYWHMCP>
#	G	D	E	R	K	N	Q	S	T	A	V	L	I	F	Y	W	H	M	C	P
0	0.01886	0.04854	0.02171	0.09807	0.03811	0.05120	0.03322	0.10937	0.01598	0.09280	0.01290	0.01651	0.01049	0.00960	0.01420	0.00249	0.34947	0.00603	0.00425	0.04619
1	0.01044	0.00813	0.01192	0.01166	0.01273	0.00974	0.00907	0.01272	0.01111	0.01611	0.01802	0.02728	0.01712	0.08488	0.62956	0.01027	0.08179	0.00749	0.00370	0.00625
2	0.01817	0.32290	0.14156	0.01690	0.04944	0.09621	0.07434	0.07033	0.04757	0.02089	0.01439	0.07087	0.01281	0.00777	0.00610	0.00193	0.00855	0.00616	0.00386	0.00926
3	0.00859	0.00624	0.00810	0.00941	0.01008	0.00576	0.00638	0.01001	0.01408	0.01869	0.09286	0.63624	0.10600	0.02091	0.00880	0.00274	0.00395	0.01883	0.00657	0.00576
4	0.01267	0.06931	0.04491	0.01202	0.04271	0.04484	0.00948	0.05569	0.03476	0.02159	0.12714	0.06017	0.29106	0.03157	0.04744	0.00286	0.03839	0.04045	0.00565	0.00731
5	0.01013	0.00700	0.00876	0.00887	0.01043	0.00640	0.00645	0.01199	0.01582	0.05144	0.23553	0.23927	0.23451	0.01991	0.05318	0.04860	0.00478	0.01422	0.00655	0.00615
6	0.01808	0.39444	0.17590	0.01525	0.02132	0.09672	0.03647	0.04806	0.01572	0.01952	0.04184	0.01464	0.01165	0.00711	0.00673	0.00186	0.05725	0.00491	0.00343	0.00909
7	0.01121	0.00891	0.01112	0.05897	0.01482	0.00927	0.00878	0.01706	0.14587	0.02281	0.19499	0.17250	0.14077	0.01753	0.04951	0.00302	0.00556	0.09361	0.00649	0.00720
8	0.01625	0.17310	0.06173	0.01591	0.05432	0.11715	0.02687	0.03361	0.01470	0.01890	0.04298	0.06713	0.01550	0.01598	0.12279	0.00353	0.13300	0.00667	0.00383	0.05608

[dist]
# distance from previous block
# <min> <max>
0	6

[block]
# block no. 5 follows, 30 sequences, length 10
# corresponding to MSA columns:
# 133-142
name=unknown_F
#
# <colnr> <probs for GDERKNQSTAVLIFYWHMCP>
#	G	D	E	R	K	N	Q	S	T	A	V	L	I	F	Y	W	H	M	C	P
0	0.00986	0.00760	0.00893	0.00888	0.01079	0.00688	0.00649	0.04244	0.01678	0.02213	0.21265	0.27036	0.27977	0.01712	0.00825	0.00239	0.00390	0.01491	0.00669	0.04318
1	0.01638	0.06647	0.07519	0.04277	0.08111	0.10084	0.09575	0.10127	0.01759	0.02273	0.06780	0.05797	0.07392	0.01509	0.10183	0.00336	0.03890	0.00795	0.00454	0.00854
2	0.01757	0.01749	0.06014	0.14775	0.39912	0.01718	0.10339	0.10770	0.01780	0.02467	0.01358	0.01749	0.01072	0.00660	0.00708	0.00216	0.00890	0.00643	0.00384	0.01039
3	0.00942	0.00677	0.00894	0.00986	0.01077	0.00652	0.00716	0.01130	0.01456	0.01960	0.15141	0.38328	0.07111	0.08874	0.05873	0.00368	0.00550	0.12051	0.00629	0.00586
4	0.02434	0.01823	0.01957	0.01548	0.02057	0.02024	0.01261	0.56296	0.12475	0.04060	0.01947	0.05499	0.01491	0.00921	0.00709	0.00217	0.00720	0.00719	0.00697	0.01144
5	0.00902	0.00629	0.00820	0.00945	0.00997	0.00591	0.00639	0.00993	0.01306	0.01722	0.03721	0.55768	0.08750	0.08297	0.01254	0.06464	0.00450	0.04609	0.00602	0.00539
6	0.01695	0.01430	0.05839	0.03302	0.08657	0.01428	0.01282	0.15835	0.05119	0.07633	0.13381	0.08160	0.05798	0.01179	0.00972	0.00242	0.10593	0.05963	0.00591	0.00900
7	0.01378	0.01035	0.01477	0.01622	0.11953	0.01071	0.01090	0.01687	0.04550	0.06740	0.02293	0.06306	0.06370	0.02456	0.22635	0.06575	0.05704	0.05865	0.00465	0.08727
8	0.02384	0.10684	0.05846	0.06488	0.02340	0.52765	0.01435	0.06536	0.01932	0.01892	0.01123	0.01320	0.00917	0.00709	0.00621	0.00184	0.01142	0.00467	0.00367	0.00850
9	0.04127	0.14629	0.25350	0.03895	0.02252	0.01614	0.01545	0.07098	0.03313	0.02323	0.01439	0.01610	0.03089	0.00662	0.00585	0.00174	0.00757	0.00504	0.00388	0.24646

[dist]
# distance from previous block
# <min> <max>
0	23

[block]
# block no. 6 follows, 30 sequences, length 13
# corresponding to MSA columns:
# 166-178
name=unknown_G
#
# <colnr> <probs for GDERKNQSTAVLIFYWHMCP>
#	G	D	E	R	K	N	Q	S	T	A	V	L	I	F	Y	W	H	M	C	P
0	0.09977	0.11144	0.11280	0.04908	0.07293	0.12039	0.01430	0.04864	0.08422	0.06361	0.01571	0.05627	0.01320	0.01020	0.03674	0.00253	0.06846	0.00627	0.00438	0.00907
1	0.01951	0.05580	0.01655	0.01380	0.03686	0.12213	0.01058	0.07745	0.15420	0.14175	0.19659	0.02971	0.05435	0.01022	0.00757	0.00214	0.02679	0.00824	0.00650	0.00926
2	0.01947	0.24840	0.12101	0.04725	0.02164	0.16144	0.01419	0.12012	0.07713	0.02264	0.01536	0.07318	0.01341	0.00827	0.00619	0.00196	0.00855	0.00620	0.00432	0.00926
3	0.57381	0.01466	0.01235	0.01061	0.01500	0.05215	0.00865	0.08698	0.01550	0.10055	0.04420	0.01505	0.01170	0.00727	0.00513	0.00214	0.00595	0.00479	0.00513	0.00840
4	0.00918	0.00776	0.00804	0.00796	0.01033	0.00699	0.00596	0.01267	0.08056	0.02009	0.08718	0.10356	0.58110	0.01703	0.00818	0.00238	0.00375	0.01431	0.00658	0.00639
5	0.05666	0.01702	0.16227	0.05823	0.02168	0.03321	0.10109	0.01986	0.08016	0.04634	0.16724	0.03457	0.12269	0.01059	0.00747	0.00230	0.00707	0.03785	0.00533	0.00838
6	0.15905	0.01218	0.01338	0.01043	0.01550	0.01100	0.00840	0.05071	0.03726	0.13847	0.03931	0.02017	0.04692	0.00728	0.00568	0.00164	0.00522	0.00564	0.04824	0.36352
7	0.01461	0.01238	0.05668	0.01606	0.10519	0.01109	0.04180	0.04044	0.11421	0.08551	0.14042	0.11653	0.13690	0.01299	0.00862	0.03777	0.00577	0.02853	0.00608	0.00841
8	0.01085	0.00915	0.04304	0.00913	0.01177	0.00753	0.00740	0.01457	0.05768	0.05858	0.29747	0.08460	0.33192	0.01512	0.00806	0.00230	0.00403	0.01292	0.00690	0.00696
9	0.01419	0.01417	0.04541	0.47794	0.09487	0.03838	0.04331	0.03882	0.03778	0.02022	0.05072	0.06329	0.01505	0.00825	0.00717	0.00230	0.00866	0.00738	0.00384	0.00824
10	0.01475	0.14977	0.20898	0.07827	0.02344	0.06340	0.05557	0.04055	0.01467	0.01942	0.01550	0.07159	0.01389	0.01854	0.17717	0.00425	0.01140	0.00680	0.00362	0.00839
11	0.01604	0.01179	0.01391	0.01110	0.01577	0.01043	0.00888	0.07242	0.08051	0.09000	0.14031	0.02880	0.04822	0.00900	0.00657	0.00172	0.00516	0.04575	0.00589	0.37776
12	0.04610	0.01864	0.18761	0.05480	0.05720	0.01414	0.09561	0.02415	0.16356	0.08799	0.09166	0.02722	0.08256	0.00910	0.00721	0.00227	0.00739	0.00796	0.00532	0.00953

[dist]
# distance from previous block
# <min> <max>
0	4

[block]
# block no. 7 follows, 30 sequences, length 23
# corresponding to MSA columns:
# 183-205
name=unknown_H
#
# <colnr> <probs for GDERKNQSTAVLIFYWHMCP>
#	G	D	E	R	K	N	Q	S	T	A	V	L	I	F	Y	W	H	M	C	P
0	0.01781	0.05452	0.06983	0.03789	0.03899	0.07538	0.07754	0.06882	0.04634	0.11008	0.05765	0.07208	0.06265	0.04000	0.00855	0.00224	0.02809	0.00790	0.00520	0.11845
1	0.61883	0.01309	0.01137	0.00984	0.01415	0.01458	0.00806	0.04919	0.01431	0.11698	0.06213	0.01602	0.01311	0.00738	0.00504	0.00216	0.00541	0.00492	0.00521	0.00820
2	0.07131	0.04477	0.06113	0.01163	0.01713	0.01194	0.01010	0.01830	0.01436	0.03955	0.04913	0.01643	0.01299	0.00660	0.00700	0.00148	0.07273	0.00486	0.00422	0.52432
3	0.01595	0.06341	0.24125	0.01645	0.02229	0.03695	0.08967	0.06189	0.05848	0.07287	0.09151	0.07677	0.06970	0.00987	0.00791	0.00226	0.04033	0.00831	0.00494	0.00917
4	0.02575	0.01216	0.01566	0.01188	0.01734	0.01036	0.00971	0.05800	0.01908	0.47410	0.05164	0.02218	0.01724	0.00795	0.00658	0.00186	0.00570	0.00646	0.00733	0.21901
5	0.01719	0.04748	0.09070	0.01425	0.02039	0.04303	0.07122	0.04065	0.06009	0.07948	0.01467	0.01627	0.01137	0.00639	0.00654	0.00160	0.03206	0.00521	0.00449	0.41694
6	0.01960	0.01135	0.01388	0.01111	0.01548	0.01025	0.00888	0.08346	0.05566	0.25101	0.18688	0.03146	0.08328	0.00998	0.00701	0.00195	0.00509	0.00833	0.00704	0.17831
7	0.04063	0.01011	0.01154	0.01115	0.03888	0.00995	0.00819	0.07641	0.10174	0.08641	0.12588	0.08726	0.30260	0.02971	0.00835	0.00242	0.00475	0.02943	0.00670	0.00789
8	0.01783	0.01567	0.02601	0.03772	0.59911	0.01536	0.01938	0.02172	0.01602	0.07221	0.01493	0.04107	0.01258	0.00683	0.00688	0.00204	0.00781	0.00659	0.00396	0.05628
9	0.00877	0.00644	0.00883	0.05150	0.01230	0.00623	0.00722	0.01018	0.01339	0.01781	0.03697	0.70823	0.04404	0.02101	0.00880	0.00280	0.00435	0.01906	0.00628	0.00579
10	0.01623	0.01552	0.02644	0.21987	0.54233	0.01631	0.02090	0.02050	0.01540	0.02153	0.01294	0.01761	0.01061	0.00641	0.00693	0.00214	0.00855	0.00621	0.00336	0.01021
11	0.01653	0.01583	0.02699	0.16837	0.59147	0.01639	0.02105	0.02077	0.01554	0.02190	0.01300	0.01751	0.01074	0.00635	0.00692	0.00212	0.00847	0.00621	0.00339	0.01046
12	0.01253	0.01080	0.01433	0.18488	0.07662	0.01152	0.01135	0.04283	0.12307	0.02311	0.15784	0.04069	0.23891	0.01199	0.00761	0.00229	0.00570	0.01027	0.00577	0.00789
13	0.01683	0.01445	0.01545	0.01399	0.01774	0.01674	0.01088	0.03532	0.64946	0.02826	0.02771	0.02613	0.02103	0.01253	0.05859	0.00300	0.00646	0.00786	0.00686	0.01070
14	0.01652	0.01561	0.02642	0.03961	0.63968	0.01559	0.02014	0.02047	0.01577	0.02245	0.01564	0.05660	0.01433	0.00768	0.00715	0.00217	0.00798	0.04187	0.00376	0.01054
15	0.01736	0.01499	0.01578	0.01420	0.01815	0.01736	0.01105	0.03708	0.69862	0.02919	0.02840	0.02604	0.02130	0.00947	0.00710	0.00237	0.00552	0.00789	0.00710	0.01105
16	0.00997	0.00748	0.01121	0.01121	0.01246	0.00872	0.00872	0.01246	0.01121	0.01620	0.01869	0.02741	0.01745	0.05234	0.72710	0.01121	0.01869	0.00748	0.00374	0.00623
17	0.02065	0.04804	0.25512	0.04954	0.14811	0.05575	0.06163	0.02562	0.01683	0.22565	0.01695	0.01801	0.01186	0.00712	0.00682	0.00214	0.00875	0.00604	0.00479	0.01057
18	0.01876	0.61532	0.09142	0.01374	0.02011	0.02518	0.05668	0.02173	0.01466	0.05169	0.01110	0.01259	0.00946	0.00615	0.00502	0.00164	0.00790	0.00430	0.00330	0.00924
19	0.01661	0.01578	0.02677	0.07138	0.63645	0.01588	0.02036	0.02072	0.01605	0.02291	0.05812	0.01959	0.01453	0.00677	0.00700	0.00209	0.00801	0.00663	0.00371	0.01062
20	0.01635	0.01564	0.02666	0.19903	0.56222	0.01634	0.02096	0.02061	0.01545	0.02168	0.01296	0.01757	0.01066	0.00639	0.00692	0.00213	0.00852	0.00621	0.00337	0.01031
21	0.02276	0.06337	0.05724	0.02438	0.28331	0.01437	0.01533	0.05564	0.01812	0.30098	0.03593	0.04493	0.01581	0.00801	0.00688	0.00211	0.00711	0.00694	0.00583	0.01096
22	0.08126	0.08441	0.20949	0.01842	0.09254	0.11421	0.01630	0.09776	0.01842	0.17900	0.01571	0.01638	0.01121	0.00724	0.00638	0.00205	0.00855	0.00549	0.00490	0.01028

[dist]
# distance from previous block
# <min> <max>
11	25

[block]
# block no. 8 follows, 30 sequences, length 28
# corresponding to MSA columns:
# 231-258
name=unknown_I
#
# <colnr> <probs for GDERKNQSTAVLIFYWHMCP>
#	G	D	E	R	K	N	Q	S	T	A	V	L	I	F	Y	W	H	M	C	P
0	0.01759	0.15081	0.24172	0.02020	0.08659	0.14213	0.09063	0.02316	0.05281	0.02073	0.01360	0.01706	0.01104	0.00697	0.00644	0.00199	0.00951	0.02628	0.00358	0.05715
1	0.04361	0.01354	0.02262	0.37139	0.26515	0.01500	0.04610	0.01875	0.01509	0.02101	0.06978	0.03785	0.01535	0.00760	0.00706	0.00224	0.00831	0.00705	0.00373	0.00878
2	0.02401	0.01915	0.01949	0.01550	0.02066	0.06648	0.01256	0.47868	0.16243	0.03811	0.01842	0.01819	0.01346	0.00834	0.00686	0.00207	0.00744	0.00636	0.00662	0.05518
3	0.01132	0.00639	0.00874	0.00874	0.00882	0.00647	0.00563	0.00966	0.00958	0.01286	0.01583	0.02975	0.01688	0.26904	0.07604	0.48249	0.00713	0.00751	0.00348	0.00364
4	0.00931	0.00681	0.00830	0.00896	0.00992	0.00647	0.00627	0.01069	0.01350	0.01753	0.06376	0.27292	0.18861	0.21420	0.05577	0.00424	0.00569	0.08580	0.00577	0.00549
5	0.01525	0.01943	0.12224	0.02549	0.03224	0.01598	0.50950	0.02100	0.01639	0.02244	0.05567	0.02461	0.04139	0.00748	0.00809	0.00236	0.01056	0.03685	0.00393	0.00910
6	0.01704	0.01843	0.07396	0.08402	0.52931	0.04290	0.08917	0.02156	0.01589	0.02217	0.01305	0.01718	0.01067	0.00630	0.00701	0.00212	0.00900	0.00629	0.00341	0.01051
7	0.02607	0.03326	0.01978	0.01798	0.02157	0.72674	0.01348	0.02787	0.01978	0.01708	0.01079	0.01258	0.00899	0.00719	0.00629	0.00180	0.01258	0.00449	0.00360	0.00809
8	0.01212	0.00606	0.00909	0.00909	0.00909	0.00606	0.00606	0.00909	0.00909	0.01212	0.01212	0.02121	0.01212	0.02424	0.02727	0.79697	0.00606	0.00606	0.00303	0.00303
9	0.01687	0.01617	0.02760	0.11141	0.64581	0.01647	0.02122	0.02106	0.01570	0.02231	0.01305	0.01740	0.01088	0.00629	0.00692	0.00210	0.00839	0.00622	0.00342	0.01073
10	0.01326	0.01115	0.01717	0.01852	0.12897	0.01134	0.08154	0.05401	0.05720	0.02207	0.05475	0.13678	0.04969	0.04496	0.10399	0.00388	0.00839	0.16915	0.00534	0.00785
11	0.00899	0.00667	0.00845	0.00942	0.01055	0.00613	0.00683	0.01087	0.01516	0.01993	0.14587	0.42732	0.18119	0.01956	0.00876	0.00269	0.00412	0.09490	0.00665	0.00594
12	0.01064	0.00693	0.00905	0.00943	0.01075	0.00633	0.00672	0.01271	0.01618	0.07314	0.26604	0.41598	0.09352	0.01804	0.00850	0.00254	0.00390	0.01611	0.00705	0.00645
13	0.00885	0.00696	0.00788	0.00817	0.00991	0.00615	0.00601	0.01075	0.01575	0.01989	0.15791	0.17480	0.41831	0.06248	0.01009	0.00273	0.00396	0.05698	0.00652	0.00590
14	0.80405	0.01350	0.01026	0.00918	0.01350	0.01565	0.00756	0.02051	0.01188	0.03131	0.00972	0.01134	0.00756	0.00648	0.00432	0.00216	0.00540	0.00378	0.00432	0.00756
15	0.01018	0.00675	0.00845	0.00912	0.01034	0.00611	0.00635	0.01149	0.01438	0.06328	0.07119	0.45616	0.20349	0.04333	0.01022	0.03593	0.00419	0.01659	0.00645	0.00600
16	0.00920	0.00668	0.00868	0.00908	0.01024	0.00615	0.00647	0.01152	0.01681	0.02314	0.38660	0.35083	0.09321	0.01770	0.00852	0.00248	0.00363	0.01582	0.00710	0.00615
17	0.01202	0.00761	0.00913	0.00871	0.01100	0.00666	0.00654	0.01422	0.01708	0.12093	0.22498	0.16747	0.33516	0.01617	0.00817	0.00236	0.00390	0.01390	0.00710	0.00689
18	0.00997	0.00748	0.01121	0.01121	0.01246	0.00872	0.00872	0.01246	0.01121	0.01620	0.01869	0.02741	0.01745	0.05234	0.72710	0.01121	0.01869	0.00748	0.00374	0.00623
19	0.02537	0.02544	0.01804	0.01579	0.01965	0.46545	0.01210	0.07018	0.02065	0.15488	0.08929	0.01926	0.01688	0.00831	0.00669	0.00193	0.00999	0.00597	0.00523	0.00890
20	0.01131	0.00708	0.00899	0.00907	0.01021	0.00661	0.00622	0.01292	0.01491	0.08125	0.21481	0.29276	0.06369	0.20979	0.01548	0.00361	0.00470	0.01407	0.00641	0.00610
21	0.01057	0.00802	0.00947	0.00908	0.01107	0.00763	0.00686	0.06287	0.01784	0.02365	0.28739	0.10241	0.27307	0.05448	0.05304	0.00310	0.00500	0.04124	0.00667	0.00654
22	0.05687	0.01418	0.01572	0.01310	0.01736	0.04863	0.01059	0.17385	0.12283	0.24905	0.12733	0.02954	0.02478	0.01012	0.00723	0.00224	0.00620	0.05288	0.00731	0.01020
23	0.15935	0.01555	0.01592	0.04948	0.04664	0.08375	0.01094	0.19654	0.02060	0.16149	0.04509	0.04808	0.08164	0.02573	0.00730	0.00226	0.00685	0.00736	0.00607	0.00939
24	0.22909	0.01263	0.01396	0.05795	0.05100	0.01384	0.01011	0.14945	0.05415	0.05754	0.02220	0.09195	0.06245	0.06529	0.05522	0.00318	0.00700	0.02924	0.00543	0.00832
25	0.11340	0.04425	0.01564	0.01239	0.01642	0.05603	0.02761	0.15580	0.06048	0.10912	0.06670	0.09102	0.08181	0.03546	0.00781	0.00229	0.00625	0.02396	0.00604	0.06751
26	0.05675	0.01748	0.06014	0.12787	0.33539	0.04105	0.10458	0.05751	0.04202	0.06845	0.01456	0.01779	0.01123	0.00673	0.00694	0.00216	0.00870	0.00636	0.00409	0.01018
27	0.13372	0.01756	0.06109	0.05056	0.26399	0.01669	0.19033	0.08760	0.01692	0.02585	0.01314	0.01648	0.01029	0.00636	0.00675	0.00211	0.00863	0.00620	0.00396	0.06177

[dist]
# distance from previous block
# <min> <max>
0	16

# created by:
# /home/berkeley/.conda/envs/busco_data_prod/bin/msa2prfl.pl pipeline/OGs_align_augustus/4893/39592.fs
