[name]
unknown

[dist]
# distance from previous block
# <min> <max>
0	73

[block]
# block no. 0 follows, 34 sequences, length 127
# corresponding to MSA columns:
# 73-199
name=unknown_A
#
# <colnr> <probs for GDERKNQSTAVLIFYWHMCP>
#	G	D	E	R	K	N	Q	S	T	A	V	L	I	F	Y	W	H	M	C	P
0	0.03574	0.01189	0.01372	0.01051	0.01562	0.01011	0.00857	0.10635	0.01572	0.02362	0.01467	0.02073	0.01300	0.00677	0.00548	0.00135	0.00523	0.08627	0.00443	0.59022
1	0.01844	0.01142	0.01411	0.04017	0.05072	0.02998	0.00948	0.02380	0.17325	0.23186	0.04735	0.02097	0.01602	0.01002	0.00933	0.13484	0.00560	0.00617	0.00556	0.14093
2	0.00904	0.00719	0.00971	0.01213	0.09612	0.00671	0.00758	0.01078	0.01357	0.01778	0.07337	0.40704	0.20908	0.04021	0.00864	0.00253	0.00427	0.05268	0.00565	0.00594
3	0.01413	0.01345	0.02287	0.39195	0.39486	0.01486	0.01890	0.01820	0.01383	0.01885	0.01183	0.01660	0.00944	0.00610	0.00643	0.00203	0.00814	0.00575	0.00304	0.00873
4	0.00785	0.00571	0.00741	0.00878	0.00931	0.00527	0.00590	0.00902	0.01258	0.01658	0.03831	0.70479	0.10491	0.01989	0.00819	0.00258	0.00371	0.01794	0.00600	0.00527
5	0.01340	0.01148	0.01340	0.00957	0.01531	0.00861	0.00766	0.01627	0.01340	0.02105	0.01148	0.01340	0.00957	0.00479	0.00479	0.00096	0.00479	0.00383	0.00383	0.81242
6	0.10263	0.01755	0.01842	0.01424	0.01930	0.01949	0.01176	0.64302	0.02847	0.03957	0.01487	0.01502	0.01060	0.00758	0.00622	0.00195	0.00690	0.00559	0.00622	0.01060
7	0.01261	0.01167	0.01860	0.58300	0.07251	0.01333	0.01612	0.01663	0.01310	0.01758	0.01152	0.01645	0.00887	0.00611	0.00614	0.00192	0.00785	0.00539	0.00307	0.15753
8	0.08328	0.02695	0.01890	0.01969	0.13277	0.57487	0.01324	0.02433	0.01718	0.01766	0.01026	0.01225	0.00853	0.00646	0.00578	0.00173	0.01051	0.00436	0.00336	0.00789
9	0.01122	0.00561	0.00842	0.00842	0.00842	0.00561	0.00561	0.00842	0.00842	0.01122	0.01122	0.01964	0.01122	0.02245	0.02525	0.81201	0.00561	0.00561	0.00281	0.00281
10	0.01053	0.00764	0.00951	0.01033	0.01198	0.00770	0.00843	0.01481	0.09467	0.02009	0.03573	0.16552	0.11489	0.01586	0.00792	0.00258	0.00489	0.35606	0.09458	0.00628
11	0.01267	0.00754	0.00859	0.00785	0.01059	0.00639	0.00605	0.01448	0.01548	0.18663	0.05437	0.09261	0.52330	0.01462	0.00740	0.00216	0.00382	0.01222	0.00647	0.00675
12	0.00939	0.00628	0.00712	0.00709	0.00716	0.00626	0.00401	0.00952	0.00979	0.01312	0.05144	0.04255	0.02513	0.73961	0.03178	0.00608	0.00612	0.00950	0.00406	0.00401
13	0.14353	0.00681	0.00866	0.00855	0.00927	0.00718	0.00597	0.01033	0.00908	0.01452	0.01206	0.04629	0.01194	0.02093	0.05624	0.60995	0.00601	0.00580	0.00315	0.00373
14	0.01843	0.01409	0.01528	0.01301	0.01680	0.01562	0.01027	0.29493	0.31044	0.05319	0.02443	0.12515	0.03898	0.01015	0.00679	0.00215	0.00567	0.00841	0.00648	0.00973
15	0.03317	0.00726	0.00911	0.00840	0.01022	0.00685	0.00638	0.03506	0.01836	0.04583	0.64579	0.04586	0.07756	0.01279	0.00745	0.00203	0.00331	0.01118	0.00699	0.00639
16	0.00948	0.00690	0.00870	0.00906	0.01016	0.00670	0.00640	0.04517	0.04147	0.02105	0.26678	0.43007	0.04561	0.05013	0.00898	0.00254	0.00384	0.01470	0.00632	0.00594
17	0.08297	0.01444	0.01537	0.01300	0.01719	0.01615	0.01037	0.19135	0.42592	0.10831	0.02231	0.02078	0.01626	0.00823	0.00634	0.00210	0.00561	0.00657	0.00650	0.01023
18	0.07415	0.00902	0.01127	0.00978	0.01269	0.00854	0.00760	0.02078	0.05723	0.29212	0.23896	0.08418	0.03241	0.08123	0.00929	0.00249	0.00466	0.02882	0.00679	0.00798
19	0.27609	0.01400	0.01445	0.01171	0.01611	0.01516	0.00957	0.29614	0.04023	0.16099	0.03914	0.04968	0.01386	0.00800	0.00581	0.00201	0.00581	0.00599	0.00596	0.00929
20	0.07617	0.00705	0.00804	0.00792	0.00978	0.00655	0.00589	0.01190	0.01540	0.04799	0.29249	0.18474	0.27320	0.01479	0.00740	0.00219	0.00351	0.01272	0.00631	0.00598
21	0.28671	0.01578	0.01584	0.01254	0.01731	0.01751	0.01035	0.43758	0.02320	0.08323	0.01403	0.01429	0.01001	0.00719	0.00565	0.00196	0.00631	0.00510	0.00575	0.00967
22	0.81856	0.01250	0.00950	0.00850	0.01250	0.01449	0.00700	0.01899	0.01100	0.02899	0.00900	0.01050	0.00700	0.00600	0.00400	0.00200	0.00500	0.00350	0.00400	0.00700
23	0.00904	0.00667	0.00763	0.00741	0.00926	0.00585	0.00547	0.01106	0.01563	0.04671	0.28007	0.09036	0.40752	0.05760	0.00903	0.00238	0.00347	0.01272	0.00633	0.00578
24	0.03993	0.00879	0.01147	0.00974	0.01296	0.00784	0.00767	0.02121	0.01730	0.37105	0.24199	0.10998	0.08967	0.01146	0.00704	0.00209	0.00438	0.00979	0.00726	0.00837
25	0.00924	0.00690	0.01025	0.01025	0.01136	0.00800	0.00791	0.01145	0.01035	0.01490	0.01743	0.02605	0.01644	0.07718	0.71899	0.01022	0.01687	0.00702	0.00348	0.00570
26	0.01727	0.77681	0.03386	0.01106	0.01658	0.02557	0.01106	0.01935	0.01313	0.01520	0.00898	0.01036	0.00829	0.00553	0.00415	0.00138	0.00691	0.00345	0.00276	0.00829
27	0.01599	0.01535	0.02623	0.03966	0.73262	0.01535	0.01983	0.01983	0.01471	0.02111	0.01215	0.01599	0.01023	0.00576	0.00640	0.00192	0.00768	0.00576	0.00320	0.01023
28	0.01113	0.04342	0.01639	0.12507	0.01938	0.01184	0.07567	0.01392	0.01129	0.01583	0.01470	0.02152	0.01324	0.03218	0.45475	0.00716	0.09623	0.00652	0.00325	0.00651
29	0.01491	0.01973	0.19880	0.07105	0.15401	0.01495	0.32086	0.02020	0.01475	0.05161	0.01532	0.01844	0.04154	0.00632	0.00694	0.00209	0.00929	0.00672	0.00343	0.00904
30	0.01525	0.01743	0.03813	0.02723	0.03377	0.01634	0.70915	0.02070	0.01525	0.02070	0.01307	0.01743	0.00980	0.00545	0.00763	0.00218	0.01089	0.00763	0.00327	0.00871
31	0.01590	0.01476	0.02265	0.29822	0.37291	0.03896	0.01800	0.10171	0.01605	0.02161	0.01224	0.01625	0.00967	0.00628	0.00641	0.00200	0.00808	0.00571	0.00347	0.00912
32	0.01572	0.01693	0.05791	0.10661	0.20523	0.01611	0.38904	0.07150	0.01594	0.02184	0.01280	0.01677	0.00981	0.00583	0.00706	0.00209	0.00953	0.00673	0.00343	0.00913
33	0.00825	0.00699	0.00717	0.00705	0.00927	0.00613	0.00531	0.01097	0.05694	0.01863	0.11056	0.05893	0.63999	0.01569	0.00757	0.00217	0.00337	0.01312	0.00611	0.00578
34	0.01149	0.00995	0.01432	0.38463	0.02788	0.01140	0.01235	0.03780	0.08117	0.01897	0.04623	0.12444	0.14487	0.01050	0.00688	0.00219	0.00630	0.00912	0.03254	0.00696
35	0.02038	0.09978	0.06146	0.01862	0.11686	0.14702	0.06502	0.20719	0.05915	0.08452	0.01531	0.04871	0.01219	0.00742	0.00625	0.00190	0.00799	0.00604	0.00474	0.00943
36	0.01443	0.01502	0.04933	0.09682	0.27978	0.05135	0.01608	0.01727	0.01270	0.01793	0.01264	0.07273	0.01195	0.01021	0.03437	0.00256	0.26681	0.00660	0.00325	0.00817
37	0.01147	0.00717	0.01060	0.01025	0.01164	0.00791	0.00791	0.01315	0.01095	0.08722	0.01736	0.02431	0.01551	0.04109	0.58116	0.11121	0.01463	0.00671	0.00383	0.00592
38	0.01355	0.01033	0.01264	0.05928	0.05784	0.01087	0.02438	0.06304	0.19538	0.04607	0.05865	0.03515	0.16596	0.01053	0.00665	0.00208	0.00498	0.06346	0.15133	0.00782
39	0.12646	0.27204	0.06132	0.01479	0.06949	0.16425	0.01212	0.09824	0.03240	0.07645	0.01194	0.01299	0.00941	0.00637	0.00522	0.00172	0.00767	0.00442	0.00397	0.00872
40	0.01301	0.01121	0.06477	0.01399	0.06346	0.01012	0.04427	0.06187	0.01490	0.08167	0.04647	0.22285	0.09726	0.03116	0.04160	0.00283	0.06365	0.10241	0.00527	0.00721
41	0.00908	0.00660	0.00855	0.00806	0.00961	0.00607	0.00604	0.01207	0.01813	0.02554	0.70021	0.04887	0.09020	0.01335	0.00762	0.00204	0.00306	0.01177	0.00706	0.00607
42	0.01557	0.02033	0.22874	0.08711	0.37142	0.01527	0.07216	0.05050	0.01511	0.04417	0.01258	0.01570	0.00971	0.00606	0.00643	0.00200	0.00843	0.00564	0.00334	0.00974
43	0.04723	0.14016	0.05014	0.01250	0.04349	0.06502	0.03205	0.04855	0.01436	0.02063	0.01138	0.01380	0.00959	0.02684	0.00579	0.00143	0.00628	0.00425	0.00365	0.44283
44	0.07599	0.01053	0.04122	0.09882	0.06355	0.04166	0.05606	0.01337	0.01302	0.01816	0.02664	0.40564	0.06165	0.03376	0.00796	0.00245	0.00576	0.01255	0.00481	0.00641
45	0.07787	0.01497	0.01684	0.01323	0.01806	0.01580	0.01092	0.40154	0.05504	0.25031	0.01931	0.01976	0.01365	0.00815	0.00641	0.00201	0.00635	0.03255	0.00675	0.01050
46	0.01691	0.01994	0.16381	0.04343	0.09515	0.09870	0.16534	0.08889	0.04256	0.06929	0.01579	0.08771	0.01330	0.00797	0.00739	0.00210	0.04159	0.00709	0.00414	0.00887
47	0.08973	0.02260	0.33700	0.03686	0.04651	0.01465	0.11826	0.07438	0.04674	0.10776	0.01485	0.03680	0.01100	0.00688	0.00632	0.00207	0.00822	0.00590	0.00411	0.00934
48	0.01693	0.01426	0.01952	0.02097	0.21832	0.04256	0.04072	0.07466	0.07352	0.08849	0.04331	0.04123	0.01417	0.00786	0.00862	0.00197	0.12481	0.00628	0.00447	0.13733
49	0.00907	0.00676	0.00962	0.01044	0.01157	0.00644	0.03796	0.01103	0.01345	0.01781	0.03579	0.45690	0.08431	0.01827	0.00829	0.00265	0.00468	0.22226	0.02705	0.00565
50	0.04292	0.34267	0.17274	0.03658	0.01996	0.01892	0.01346	0.10000	0.01568	0.08884	0.01216	0.01325	0.00940	0.00612	0.00518	0.00165	0.00714	0.00440	0.00382	0.08512
51	0.01270	0.01062	0.01131	0.01034	0.01286	0.03783	0.00787	0.04643	0.27941	0.02493	0.30714	0.03797	0.11483	0.04688	0.00830	0.00229	0.00446	0.00967	0.00647	0.00769
52	0.01854	0.24964	0.02225	0.01507	0.05721	0.31274	0.02943	0.02019	0.01493	0.01601	0.04209	0.01473	0.01142	0.01002	0.04018	0.08171	0.02851	0.00476	0.00326	0.00731
53	0.01249	0.01430	0.11847	0.19094	0.18246	0.01241	0.04896	0.01748	0.06737	0.01953	0.04667	0.18011	0.02003	0.00995	0.00697	0.00221	0.00704	0.03043	0.00415	0.00800
54	0.01305	0.01184	0.01911	0.11775	0.35382	0.01200	0.03610	0.03438	0.01513	0.02082	0.11876	0.11441	0.08638	0.00961	0.00695	0.00208	0.00637	0.00885	0.00437	0.00822
55	0.01399	0.01186	0.01371	0.00993	0.01557	0.00939	0.00795	0.04730	0.04046	0.02214	0.01221	0.01389	0.01001	0.00506	0.00493	0.00105	0.00490	0.00404	0.00405	0.74756
56	0.01220	0.01148	0.01938	0.75739	0.04450	0.01436	0.01794	0.01651	0.01292	0.01651	0.01148	0.01723	0.00861	0.00646	0.00646	0.00215	0.00861	0.00574	0.00287	0.00718
57	0.01574	0.01509	0.02577	0.08746	0.68679	0.01529	0.01970	0.01961	0.01459	0.02080	0.01211	0.01607	0.01013	0.00580	0.00640	0.00193	0.00774	0.00576	0.00318	0.01003
58	0.00788	0.00634	0.00703	0.00731	0.00899	0.00549	0.00531	0.00958	0.01463	0.01830	0.14230	0.22309	0.48739	0.01686	0.00778	0.00226	0.00335	0.01448	0.00614	0.00549
59	0.01508	0.01300	0.01429	0.01385	0.05069	0.01475	0.01015	0.03060	0.60171	0.02551	0.02784	0.08678	0.04754	0.00985	0.00674	0.00221	0.00506	0.00838	0.00634	0.00964
60	0.00914	0.00660	0.00864	0.00813	0.00965	0.00610	0.00610	0.01219	0.01829	0.02591	0.72921	0.04827	0.06097	0.01321	0.00762	0.00203	0.00305	0.01169	0.00711	0.00610
61	0.00920	0.00623	0.00706	0.00717	0.00730	0.00615	0.00412	0.00936	0.00986	0.01305	0.02350	0.09843	0.05594	0.68248	0.02990	0.00581	0.00594	0.01026	0.00417	0.00408
62	0.00810	0.00656	0.00718	0.00703	0.00901	0.00565	0.00527	0.01016	0.01581	0.02003	0.26731	0.05795	0.52654	0.01540	0.00763	0.00214	0.00320	0.01304	0.00634	0.00565
63	0.02899	0.01100	0.01499	0.01150	0.01649	0.00950	0.00950	0.03149	0.01849	0.73709	0.02549	0.02199	0.01599	0.00800	0.00650	0.00200	0.00550	0.00650	0.00800	0.01100
64	0.01340	0.01148	0.01340	0.00957	0.01531	0.00861	0.00766	0.01627	0.01340	0.02105	0.01148	0.01340	0.00957	0.00479	0.00479	0.00096	0.00479	0.00383	0.00383	0.81242
65	0.01340	0.01148	0.01340	0.00957	0.01531	0.00861	0.00766	0.01627	0.01340	0.02105	0.01148	0.01340	0.00957	0.00479	0.00479	0.00096	0.00479	0.00383	0.00383	0.81242
66	0.01340	0.01148	0.01340	0.00957	0.01531	0.00861	0.00766	0.01627	0.01340	0.02105	0.01148	0.01340	0.00957	0.00479	0.00479	0.00096	0.00479	0.00383	0.00383	0.81242
67	0.06858	0.02355	0.01835	0.01532	0.01959	0.34976	0.01208	0.36142	0.02382	0.02876	0.01264	0.01348	0.00956	0.00716	0.00604	0.00182	0.00905	0.00494	0.00490	0.00918
68	0.01727	0.77681	0.03386	0.01106	0.01658	0.02557	0.01106	0.01935	0.01313	0.01520	0.00898	0.01036	0.00829	0.00553	0.00415	0.00138	0.00691	0.00345	0.00276	0.00829
69	0.00924	0.00689	0.01024	0.01024	0.01134	0.00800	0.00789	0.01144	0.01034	0.01489	0.01744	0.02612	0.01647	0.08011	0.71610	0.01020	0.01682	0.00703	0.00348	0.00569
70	0.00787	0.00562	0.00750	0.00900	0.00937	0.00525	0.00600	0.00900	0.01237	0.01649	0.03561	0.76871	0.04274	0.02024	0.00825	0.00262	0.00375	0.01837	0.00600	0.00525
71	0.01542	0.45686	0.33753	0.01422	0.02148	0.02102	0.01657	0.01983	0.01335	0.01747	0.01011	0.01178	0.00825	0.00579	0.00500	0.00167	0.00805	0.00402	0.00275	0.00883
72	0.01773	0.01510	0.01542	0.01341	0.01724	0.04832	0.01053	0.16187	0.52765	0.02910	0.05461	0.02299	0.01939	0.00868	0.00657	0.00211	0.00569	0.00708	0.00644	0.01007
73	0.02456	0.01810	0.01939	0.01487	0.02004	0.02004	0.01228	0.71107	0.03038	0.04072	0.01551	0.01551	0.01099	0.00776	0.00646	0.00194	0.00711	0.00582	0.00646	0.01099
74	0.00874	0.00625	0.00850	0.00999	0.01075	0.00600	0.00751	0.01050	0.01323	0.01747	0.03513	0.52975	0.04083	0.01942	0.00848	0.00274	0.00450	0.24872	0.00598	0.00549
75	0.03642	0.01483	0.02395	0.03500	0.61483	0.01512	0.01797	0.02102	0.08962	0.02167	0.01384	0.01755	0.01158	0.03049	0.00720	0.00209	0.00729	0.00598	0.00360	0.00995
76	0.00841	0.00641	0.00762	0.00764	0.00915	0.00574	0.00554	0.01049	0.01562	0.02070	0.34370	0.16799	0.29850	0.05241	0.00895	0.00239	0.00340	0.01335	0.00638	0.00562
77	0.01122	0.00561	0.00842	0.00842	0.00842	0.00561	0.00561	0.00842	0.00842	0.01122	0.01122	0.01964	0.01122	0.02245	0.02525	0.81201	0.00561	0.00561	0.00281	0.00281
78	0.01335	0.01237	0.02038	0.61682	0.14348	0.01478	0.01794	0.05076	0.01403	0.01836	0.01178	0.01696	0.00896	0.00642	0.00645	0.00211	0.00840	0.00575	0.00309	0.00781
79	0.01220	0.01148	0.01938	0.75739	0.04450	0.01436	0.01794	0.01651	0.01292	0.01651	0.01148	0.01723	0.00861	0.00646	0.00646	0.00215	0.00861	0.00574	0.00287	0.00718
80	0.00970	0.00701	0.01020	0.01008	0.01092	0.00810	0.00760	0.01111	0.01002	0.01431	0.01652	0.02602	0.01602	0.12157	0.55222	0.10576	0.04722	0.00698	0.00340	0.00527
81	0.00869	0.00656	0.00803	0.00773	0.00939	0.00590	0.00577	0.01130	0.01713	0.02331	0.52663	0.07491	0.24239	0.01429	0.00764	0.00209	0.00313	0.01243	0.00677	0.00590
82	0.01599	0.01535	0.02623	0.03966	0.73262	0.01535	0.01983	0.01983	0.01471	0.02111	0.01215	0.01599	0.01023	0.00576	0.00640	0.00192	0.00768	0.00576	0.00320	0.01023
83	0.01378	0.01190	0.01464	0.03406	0.01703	0.00943	0.03261	0.03848	0.01399	0.02152	0.01167	0.01373	0.00959	0.00496	0.00499	0.00107	0.00519	0.00408	0.00386	0.73342
84	0.00836	0.00654	0.00757	0.00738	0.00919	0.00575	0.00551	0.01065	0.01634	0.02144	0.37992	0.07818	0.39008	0.01499	0.00765	0.00212	0.00318	0.01286	0.00653	0.00575
85	0.00787	0.00562	0.00750	0.00900	0.00937	0.00525	0.00600	0.00900	0.01237	0.01649	0.03561	0.76871	0.04274	0.02024	0.00825	0.00262	0.00375	0.01837	0.00600	0.00525
86	0.00961	0.00726	0.01020	0.01000	0.01079	0.00844	0.00745	0.01128	0.01010	0.01442	0.01746	0.02884	0.01746	0.22776	0.51734	0.00882	0.06637	0.00746	0.00353	0.00539
87	0.01432	0.01236	0.06176	0.01242	0.01504	0.03520	0.01045	0.16365	0.01525	0.04369	0.01561	0.02084	0.01345	0.03022	0.39885	0.05775	0.06148	0.00628	0.00412	0.00726
88	0.07737	0.01370	0.01626	0.01254	0.01754	0.01369	0.01036	0.28049	0.02239	0.43628	0.02078	0.01888	0.01358	0.00778	0.00633	0.00198	0.00606	0.00606	0.00718	0.01074
89	0.81856	0.01250	0.00950	0.00850	0.01250	0.01449	0.00700	0.01899	0.01100	0.02899	0.00900	0.01050	0.00700	0.00600	0.00400	0.00200	0.00500	0.00350	0.00400	0.00700
90	0.00830	0.00596	0.00795	0.00881	0.00955	0.00562	0.00612	0.01003	0.01399	0.01914	0.23455	0.52836	0.04681	0.01947	0.04075	0.00280	0.00415	0.01594	0.00621	0.00552
91	0.01708	0.74394	0.06506	0.01138	0.01709	0.02510	0.01162	0.01940	0.01315	0.01543	0.00910	0.01051	0.00829	0.00555	0.00423	0.00141	0.00703	0.00351	0.00276	0.00835
92	0.00923	0.00692	0.01038	0.01038	0.01154	0.00808	0.00808	0.01154	0.01038	0.01500	0.01731	0.02538	0.01615	0.04846	0.74732	0.01038	0.01731	0.00692	0.00346	0.00577
93	0.01405	0.14420	0.60561	0.01725	0.02595	0.04560	0.02151	0.02051	0.01375	0.01949	0.01114	0.01307	0.00821	0.00607	0.00583	0.00193	0.00924	0.00455	0.00276	0.00928
94	0.00853	0.00641	0.00790	0.00790	0.00937	0.00578	0.00578	0.01087	0.01630	0.02204	0.43427	0.18641	0.22415	0.01531	0.00774	0.00218	0.00324	0.01342	0.00663	0.00578
95	0.00856	0.00650	0.00737	0.00720	0.00864	0.00586	0.00507	0.01029	0.01466	0.01914	0.27849	0.05277	0.33696	0.19470	0.01362	0.00310	0.00391	0.01197	0.00588	0.00531
96	0.01467	0.05289	0.33880	0.01634	0.02287	0.01567	0.07152	0.05179	0.26207	0.02362	0.05180	0.01923	0.01503	0.00739	0.00641	0.00208	0.00759	0.00621	0.00448	0.00956
97	0.11055	0.02956	0.60816	0.01681	0.02542	0.01461	0.02098	0.02095	0.01362	0.06475	0.01212	0.01377	0.00851	0.00623	0.00590	0.00204	0.00876	0.00473	0.00320	0.00933
98	0.01631	0.30510	0.29852	0.01498	0.02139	0.11431	0.01617	0.02171	0.07249	0.01828	0.01152	0.01306	0.00921	0.00639	0.00596	0.00179	0.03644	0.00445	0.00314	0.00878
99	0.01519	0.01400	0.02240	0.39582	0.27045	0.03746	0.05144	0.05611	0.01492	0.04259	0.01240	0.01671	0.00957	0.00630	0.00648	0.00204	0.00832	0.00582	0.00337	0.00861
100	0.01525	0.01743	0.03813	0.02723	0.03377	0.01634	0.70915	0.02070	0.01525	0.02070	0.01307	0.01743	0.00980	0.00545	0.00763	0.00218	0.01089	0.00763	0.00327	0.00871
101	0.81856	0.01250	0.00950	0.00850	0.01250	0.01449	0.00700	0.01899	0.01100	0.02899	0.00900	0.01050	0.00700	0.00600	0.00400	0.00200	0.00500	0.00350	0.00400	0.00700
102	0.00966	0.01007	0.09627	0.01006	0.01239	0.00762	0.00866	0.01348	0.05985	0.02115	0.27535	0.24349	0.10633	0.03047	0.00818	0.00239	0.00448	0.06771	0.00598	0.00642
103	0.00764	0.00655	0.00655	0.00655	0.00873	0.00545	0.00491	0.00927	0.01473	0.01745	0.06546	0.06218	0.73000	0.01636	0.00764	0.00218	0.00327	0.01364	0.00600	0.00545
104	0.01220	0.01148	0.01938	0.75739	0.04450	0.01436	0.01794	0.01651	0.01292	0.01651	0.01148	0.01723	0.00861	0.00646	0.00646	0.00215	0.00861	0.00574	0.00287	0.00718
105	0.01647	0.01346	0.01471	0.01296	0.01597	0.03825	0.01019	0.10372	0.38787	0.05846	0.05627	0.02547	0.01969	0.05957	0.04212	0.00283	0.08013	0.02696	0.00586	0.00903
106	0.01405	0.02868	0.52086	0.01849	0.06379	0.08827	0.02042	0.02047	0.03552	0.01961	0.01233	0.01494	0.00938	0.01013	0.07198	0.00276	0.03125	0.00506	0.00300	0.00900
107	0.00902	0.00660	0.00846	0.00800	0.00958	0.00604	0.00600	0.01195	0.01799	0.02521	0.67425	0.04942	0.11637	0.01347	0.00762	0.00204	0.00307	0.01185	0.00702	0.00604
108	0.02899	0.01100	0.01499	0.01150	0.01649	0.00950	0.00950	0.03149	0.01849	0.73709	0.02549	0.02199	0.01599	0.00800	0.00650	0.00200	0.00550	0.00650	0.00800	0.01100
109	0.02037	0.04401	0.19133	0.04062	0.02362	0.34145	0.06800	0.15353	0.01897	0.02201	0.01167	0.01344	0.00892	0.00662	0.00614	0.00185	0.01003	0.00492	0.00375	0.00874
110	0.01252	0.01441	0.10270	0.60860	0.04115	0.01471	0.05792	0.01717	0.01304	0.01717	0.01150	0.01673	0.00863	0.00651	0.00694	0.00216	0.03198	0.00574	0.00288	0.00753
111	0.00816	0.00656	0.00733	0.00750	0.00935	0.00572	0.00569	0.01011	0.01515	0.01899	0.17387	0.12130	0.49530	0.01629	0.00780	0.00226	0.00351	0.07333	0.00619	0.00559
112	0.01220	0.01148	0.01938	0.75739	0.04450	0.01436	0.01794	0.01651	0.01292	0.01651	0.01148	0.01723	0.00861	0.00646	0.00646	0.00215	0.00861	0.00574	0.00287	0.00718
113	0.01705	0.07972	0.23985	0.04458	0.07476	0.07169	0.23646	0.04914	0.01565	0.08987	0.01328	0.01559	0.00973	0.00614	0.00651	0.00199	0.00929	0.00583	0.00364	0.00920
114	0.00804	0.00586	0.00751	0.00857	0.00926	0.00540	0.00582	0.00941	0.01323	0.01758	0.11965	0.58400	0.11920	0.04308	0.00890	0.00262	0.00370	0.01678	0.00606	0.00533
115	0.01255	0.01167	0.01938	0.73627	0.04381	0.01452	0.01778	0.03627	0.01342	0.01720	0.01160	0.01718	0.00868	0.00650	0.00646	0.00215	0.00857	0.00574	0.00297	0.00729
116	0.01443	0.01352	0.02269	0.31452	0.36899	0.01465	0.04365	0.04829	0.01460	0.01992	0.01337	0.05788	0.01141	0.00690	0.00657	0.00206	0.00792	0.00652	0.00337	0.00875
117	0.01510	0.13564	0.31272	0.07848	0.02713	0.05823	0.16156	0.05343	0.01476	0.01987	0.01217	0.03507	0.00968	0.00659	0.00672	0.00200	0.03325	0.00567	0.00317	0.00875
118	0.00935	0.00647	0.00842	0.03850	0.01130	0.00608	0.00673	0.01091	0.01329	0.05718	0.03960	0.49623	0.17925	0.01888	0.02868	0.00272	0.00443	0.05033	0.00591	0.00574
119	0.01028	0.00803	0.01122	0.10068	0.04691	0.00788	0.02989	0.03021	0.01440	0.04351	0.07478	0.30932	0.22257	0.01518	0.00766	0.00235	0.00482	0.04847	0.00555	0.00629
120	0.04119	0.14284	0.28565	0.01716	0.07672	0.01571	0.06127	0.06891	0.01594	0.16146	0.04267	0.01658	0.01224	0.00672	0.00603	0.00192	0.00772	0.00547	0.00430	0.00952
121	0.01704	0.01492	0.06923	0.01812	0.05943	0.03054	0.20407	0.08120	0.06953	0.14153	0.03964	0.12624	0.01786	0.01040	0.03133	0.00245	0.04426	0.00842	0.00503	0.00877
122	0.04521	0.08238	0.21989	0.06662	0.07063	0.09049	0.10151	0.02101	0.07587	0.03426	0.02823	0.04908	0.01235	0.00716	0.00661	0.00197	0.02932	0.00601	0.00368	0.04772
123	0.01989	0.13596	0.05446	0.03825	0.06544	0.09219	0.11201	0.07305	0.03880	0.19662	0.03308	0.05376	0.01399	0.00768	0.00685	0.00196	0.03562	0.00643	0.00486	0.00909
124	0.09040	0.08167	0.22162	0.06535	0.08925	0.03560	0.09988	0.03467	0.05734	0.09155	0.04025	0.01672	0.01199	0.00678	0.00655	0.00201	0.02977	0.00565	0.00397	0.00898
125	0.04597	0.04125	0.13910	0.01906	0.09008	0.06407	0.19361	0.03624	0.03418	0.02053	0.03718	0.16849	0.01770	0.00902	0.00679	0.00207	0.00779	0.00846	0.00406	0.05436
126	0.04448	0.06075	0.07699	0.03757	0.13011	0.04597	0.11801	0.06882	0.06113	0.02180	0.04924	0.13351	0.03612	0.00887	0.00656	0.00199	0.00699	0.00800	0.00436	0.07874

[dist]
# distance from previous block
# <min> <max>
8	41

[block]
# block no. 1 follows, 34 sequences, length 26
# corresponding to MSA columns:
# 241-266
name=unknown_B
#
# <colnr> <probs for GDERKNQSTAVLIFYWHMCP>
#	G	D	E	R	K	N	Q	S	T	A	V	L	I	F	Y	W	H	M	C	P
0	0.01733	0.28759	0.33558	0.01500	0.02198	0.09590	0.01667	0.04585	0.01494	0.07665	0.01178	0.01304	0.00896	0.00619	0.00546	0.00177	0.00845	0.00443	0.00336	0.00906
1	0.03581	0.05924	0.07325	0.03302	0.08649	0.03248	0.01098	0.06536	0.04080	0.09076	0.09167	0.02442	0.08095	0.00807	0.00607	0.00173	0.00583	0.02598	0.00484	0.22226
2	0.01336	0.06344	0.32431	0.01357	0.01909	0.01233	0.01469	0.06379	0.01507	0.07005	0.05130	0.15946	0.11183	0.01065	0.00710	0.00214	0.02631	0.00881	0.00454	0.00816
3	0.05182	0.01410	0.04821	0.05482	0.11127	0.07784	0.09053	0.06952	0.06309	0.02108	0.02479	0.19236	0.10034	0.01087	0.00694	0.00215	0.00669	0.02028	0.00471	0.02859
4	0.18752	0.05210	0.15175	0.01557	0.10472	0.01303	0.01300	0.02485	0.01532	0.33526	0.01707	0.01677	0.01161	0.00685	0.00579	0.00197	0.00648	0.00532	0.00535	0.00968
5	0.01363	0.01765	0.17994	0.08439	0.26161	0.01333	0.10670	0.01819	0.01436	0.02049	0.05713	0.05738	0.03145	0.00720	0.00654	0.00195	0.00770	0.00678	0.00359	0.08998
6	0.01616	0.04280	0.13567	0.05017	0.34907	0.01592	0.11567	0.04735	0.05608	0.05242	0.01343	0.01631	0.01050	0.00639	0.00717	0.00203	0.04364	0.00591	0.00362	0.00967
7	0.01129	0.00918	0.01193	0.01114	0.04271	0.03562	0.05382	0.01254	0.01106	0.01517	0.01689	0.03031	0.01762	0.39669	0.13439	0.04405	0.00829	0.00753	0.00368	0.12610
8	0.01465	0.01444	0.06976	0.15625	0.39918	0.01335	0.01686	0.01860	0.01477	0.04801	0.09271	0.01968	0.01566	0.00675	0.00640	0.00191	0.00713	0.00622	0.00378	0.07390
9	0.01779	0.09106	0.08936	0.08114	0.17819	0.02950	0.01434	0.09563	0.06814	0.12814	0.01645	0.06730	0.01339	0.00782	0.00694	0.00198	0.04247	0.00641	0.00459	0.03936
10	0.01743	0.10253	0.21532	0.08408	0.09825	0.21128	0.01617	0.06508	0.01593	0.01975	0.01118	0.01343	0.00881	0.00617	0.00579	0.00175	0.00892	0.00463	0.00330	0.09020
11	0.01053	0.00657	0.00758	0.00742	0.00791	0.00638	0.00446	0.01086	0.01048	0.06195	0.02415	0.08117	0.06507	0.63680	0.02831	0.00554	0.00590	0.00993	0.00442	0.00455
12	0.01821	0.63552	0.03054	0.01143	0.01676	0.02362	0.01096	0.05436	0.07036	0.05930	0.01163	0.01238	0.00977	0.00603	0.00459	0.00151	0.00670	0.00405	0.00355	0.00873
13	0.01065	0.00804	0.01105	0.01154	0.05319	0.00851	0.00812	0.01347	0.06450	0.01631	0.02000	0.02949	0.04799	0.12123	0.36299	0.09370	0.01118	0.04384	0.00393	0.06028
14	0.01552	0.01412	0.02023	0.49302	0.12894	0.05060	0.01690	0.14365	0.01659	0.02148	0.01223	0.01649	0.00924	0.00661	0.00642	0.00206	0.00836	0.00568	0.00359	0.00829
15	0.01898	0.20478	0.07468	0.04422	0.13420	0.20558	0.10279	0.10329	0.01705	0.02041	0.01129	0.01353	0.00912	0.00618	0.00586	0.00178	0.00901	0.00497	0.00348	0.00881
16	0.01089	0.00687	0.00872	0.00841	0.00999	0.00635	0.00611	0.01291	0.01522	0.09776	0.30856	0.17284	0.14093	0.11167	0.05060	0.00314	0.00464	0.01204	0.00625	0.00609
17	0.00845	0.00623	0.00802	0.00915	0.01015	0.00581	0.00678	0.01016	0.01362	0.01773	0.07333	0.45520	0.16572	0.01869	0.00826	0.00259	0.00411	0.16448	0.00604	0.00548
18	0.81856	0.01250	0.00950	0.00850	0.01250	0.01449	0.00700	0.01899	0.01100	0.02899	0.00900	0.01050	0.00700	0.00600	0.00400	0.00200	0.00500	0.00350	0.00400	0.00700
19	0.00867	0.00686	0.00791	0.00746	0.00954	0.00594	0.00562	0.01103	0.01630	0.02159	0.37007	0.05289	0.37781	0.01423	0.00746	0.00204	0.00326	0.01216	0.00639	0.05278
20	0.00937	0.00638	0.00764	0.00764	0.00784	0.00659	0.00465	0.00978	0.00957	0.01297	0.01982	0.03928	0.02219	0.64430	0.15973	0.00700	0.00822	0.00896	0.00383	0.00424
21	0.01036	0.00820	0.01189	0.07345	0.01488	0.00970	0.00930	0.03535	0.03127	0.01645	0.01790	0.08130	0.01705	0.03808	0.53937	0.00813	0.05972	0.00761	0.00376	0.00622
22	0.04032	0.01775	0.06293	0.02770	0.35971	0.09289	0.05601	0.03881	0.09028	0.02105	0.01292	0.01591	0.01058	0.00704	0.00848	0.00208	0.11692	0.00573	0.00360	0.00929
23	0.01807	0.01899	0.01800	0.08141	0.14583	0.28627	0.01336	0.03667	0.06598	0.03486	0.03457	0.02162	0.01415	0.00916	0.00859	0.04753	0.06206	0.07107	0.00397	0.00782
24	0.01658	0.07774	0.15960	0.03681	0.06053	0.08372	0.05359	0.05449	0.04911	0.06925	0.01315	0.01473	0.01009	0.00598	0.00568	0.00161	0.00734	0.00484	0.00393	0.27124
25	0.01609	0.05403	0.02042	0.04170	0.33066	0.10646	0.01395	0.01913	0.01480	0.04000	0.03341	0.05613	0.01303	0.00669	0.00595	0.00167	0.00704	0.00582	0.00374	0.20927

[dist]
# distance from previous block
# <min> <max>
1	5

[block]
# block no. 2 follows, 34 sequences, length 8
# corresponding to MSA columns:
# 272-279
name=unknown_C
#
# <colnr> <probs for GDERKNQSTAVLIFYWHMCP>
#	G	D	E	R	K	N	Q	S	T	A	V	L	I	F	Y	W	H	M	C	P
0	0.01059	0.00771	0.00874	0.00813	0.01042	0.00710	0.00620	0.04989	0.04599	0.06263	0.27114	0.07298	0.38599	0.01422	0.00748	0.00212	0.00362	0.01207	0.00652	0.00646
1	0.01094	0.00783	0.00978	0.00991	0.04949	0.00730	0.00695	0.03130	0.04393	0.06255	0.35145	0.04596	0.26220	0.01375	0.00848	0.05053	0.00385	0.01101	0.00630	0.00648
2	0.01969	0.10241	0.01942	0.01383	0.01828	0.05743	0.03406	0.35505	0.11957	0.02970	0.01635	0.03507	0.01293	0.01179	0.08148	0.00273	0.00802	0.00604	0.00533	0.05080
3	0.01451	0.06635	0.51383	0.05964	0.02700	0.01535	0.06162	0.02207	0.07584	0.06343	0.01366	0.01532	0.00979	0.00643	0.00620	0.00204	0.00881	0.00526	0.00342	0.00945
4	0.01851	0.69627	0.03187	0.01110	0.01657	0.02388	0.01089	0.02062	0.01369	0.09112	0.01072	0.01159	0.00910	0.00579	0.00439	0.00145	0.00676	0.00377	0.00331	0.00858
5	0.02155	0.09279	0.01656	0.01170	0.01588	0.01399	0.00965	0.23751	0.05800	0.25030	0.03933	0.08475	0.01738	0.00885	0.00622	0.00193	0.00565	0.00713	0.09132	0.00952
6	0.01180	0.01114	0.07457	0.01355	0.05490	0.00955	0.04750	0.10692	0.01594	0.02164	0.08234	0.38681	0.03271	0.01493	0.00771	0.00241	0.00549	0.08752	0.00556	0.00700
7	0.01295	0.01025	0.01175	0.01149	0.05137	0.05268	0.00817	0.07599	0.05841	0.05228	0.37189	0.12761	0.06167	0.01200	0.00717	0.00202	0.00457	0.01042	0.00627	0.05106

[dist]
# distance from previous block
# <min> <max>
0	1

[block]
# block no. 3 follows, 34 sequences, length 38
# corresponding to MSA columns:
# 281-318
name=unknown_D
#
# <colnr> <probs for GDERKNQSTAVLIFYWHMCP>
#	G	D	E	R	K	N	Q	S	T	A	V	L	I	F	Y	W	H	M	C	P
0	0.01717	0.55033	0.09905	0.01234	0.01776	0.11437	0.01215	0.01970	0.01381	0.01604	0.01067	0.04576	0.00991	0.00638	0.00476	0.00153	0.00756	0.00437	0.00301	0.03333
1	0.01507	0.01183	0.01384	0.01000	0.01566	0.00932	0.00804	0.05659	0.01470	0.06976	0.01264	0.01409	0.01008	0.00517	0.00499	0.00108	0.00496	0.00412	0.00425	0.71381
2	0.01581	0.01476	0.10159	0.05485	0.06858	0.01304	0.03132	0.20741	0.06469	0.06205	0.14226	0.05637	0.11965	0.00992	0.00688	0.00206	0.00609	0.00839	0.00562	0.00866
3	0.00862	0.00707	0.03548	0.00971	0.01070	0.00615	0.00734	0.01042	0.01305	0.01759	0.08665	0.53264	0.04026	0.03878	0.04596	0.00309	0.00496	0.11018	0.00578	0.00557
4	0.04714	0.01327	0.01596	0.01247	0.01729	0.01321	0.01023	0.23406	0.07750	0.43495	0.04076	0.02061	0.01574	0.00807	0.00646	0.00200	0.00587	0.00642	0.00730	0.01070
5	0.81856	0.01250	0.00950	0.00850	0.01250	0.01449	0.00700	0.01899	0.01100	0.02899	0.00900	0.01050	0.00700	0.00600	0.00400	0.00200	0.00500	0.00350	0.00400	0.00700
6	0.81856	0.01250	0.00950	0.00850	0.01250	0.01449	0.00700	0.01899	0.01100	0.02899	0.00900	0.01050	0.00700	0.00600	0.00400	0.00200	0.00500	0.00350	0.00400	0.00700
7	0.00910	0.00660	0.00857	0.00808	0.00962	0.00608	0.00606	0.01210	0.01817	0.02563	0.70742	0.04872	0.08293	0.01331	0.00762	0.00204	0.00306	0.01175	0.00708	0.00608
8	0.00769	0.00655	0.00662	0.00660	0.00876	0.00548	0.00495	0.00938	0.01486	0.01776	0.08924	0.06168	0.70602	0.01625	0.00764	0.00218	0.00326	0.01357	0.00604	0.00548
9	0.01182	0.00605	0.00605	0.00605	0.00759	0.00599	0.00454	0.01477	0.01361	0.02376	0.02331	0.02600	0.05241	0.00797	0.00467	0.00154	0.00302	0.00640	0.76845	0.00599
10	0.00793	0.00607	0.00728	0.00801	0.00917	0.00542	0.00561	0.00945	0.01388	0.01789	0.12326	0.43180	0.29489	0.01805	0.00796	0.00240	0.00350	0.01591	0.00612	0.00542
11	0.81856	0.01250	0.00950	0.00850	0.01250	0.01449	0.00700	0.01899	0.01100	0.02899	0.00900	0.01050	0.00700	0.00600	0.00400	0.00200	0.00500	0.00350	0.00400	0.00700
12	0.01220	0.01148	0.01938	0.75739	0.04450	0.01436	0.01794	0.01651	0.01292	0.01651	0.01148	0.01723	0.00861	0.00646	0.00646	0.00215	0.00861	0.00574	0.00287	0.00718
13	0.81856	0.01250	0.00950	0.00850	0.01250	0.01449	0.00700	0.01899	0.01100	0.02899	0.00900	0.01050	0.00700	0.00600	0.00400	0.00200	0.00500	0.00350	0.00400	0.00700
14	0.02879	0.01132	0.01520	0.01165	0.01666	0.00998	0.00962	0.06269	0.01904	0.70512	0.02503	0.02169	0.01576	0.00799	0.00650	0.00200	0.00557	0.00647	0.00793	0.01100
15	0.00924	0.00690	0.01024	0.01024	0.01135	0.00800	0.00790	0.01145	0.01034	0.01490	0.01743	0.02609	0.01646	0.07878	0.71741	0.01021	0.01684	0.00703	0.00348	0.00569
16	0.01599	0.01535	0.02623	0.03966	0.73262	0.01535	0.01983	0.01983	0.01471	0.02111	0.01215	0.01599	0.01023	0.00576	0.00640	0.00192	0.00768	0.00576	0.00320	0.01023
17	0.01296	0.03342	0.73944	0.01842	0.02797	0.01501	0.02387	0.02046	0.01364	0.02046	0.01160	0.01364	0.00818	0.00614	0.00614	0.00205	0.00955	0.00477	0.00273	0.00955
18	0.00923	0.00692	0.01038	0.01038	0.01154	0.00808	0.00808	0.01154	0.01038	0.01500	0.01731	0.02538	0.01615	0.04846	0.74732	0.01038	0.01731	0.00692	0.00346	0.00577
19	0.00798	0.00653	0.00707	0.00726	0.00918	0.00563	0.00548	0.00979	0.01486	0.01827	0.12121	0.12306	0.56345	0.01651	0.00777	0.00226	0.00347	0.05861	0.00610	0.00553
20	0.02157	0.12543	0.01834	0.01301	0.01736	0.12108	0.01061	0.07681	0.27585	0.22143	0.02050	0.01916	0.01480	0.00771	0.00609	0.00193	0.00656	0.00597	0.00595	0.00982
21	0.81856	0.01250	0.00950	0.00850	0.01250	0.01449	0.00700	0.01899	0.01100	0.02899	0.00900	0.01050	0.00700	0.00600	0.00400	0.00200	0.00500	0.00350	0.00400	0.00700
22	0.00799	0.00603	0.00738	0.00817	0.00923	0.00543	0.00570	0.00953	0.01389	0.01811	0.14303	0.46211	0.24374	0.01812	0.00798	0.00241	0.00351	0.01605	0.00616	0.00543
23	0.01388	0.01346	0.01872	0.01621	0.01634	0.01860	0.01350	0.01544	0.01028	0.01613	0.01016	0.01703	0.01006	0.01139	0.01987	0.00277	0.69221	0.03354	0.04345	0.00697
24	0.01296	0.03342	0.73944	0.01842	0.02797	0.01501	0.02387	0.02046	0.01364	0.02046	0.01160	0.01364	0.00818	0.00614	0.00614	0.00205	0.00955	0.00477	0.00273	0.00955
25	0.81856	0.01250	0.00950	0.00850	0.01250	0.01449	0.00700	0.01899	0.01100	0.02899	0.00900	0.01050	0.00700	0.00600	0.00400	0.00200	0.00500	0.00350	0.00400	0.00700
26	0.00836	0.00630	0.00774	0.00862	0.00966	0.00585	0.00611	0.01033	0.03415	0.01776	0.08913	0.46031	0.20707	0.03956	0.00875	0.00259	0.00385	0.06231	0.00603	0.00551
27	0.00787	0.00562	0.00750	0.00900	0.00937	0.00525	0.00600	0.00900	0.01237	0.01649	0.03561	0.76871	0.04274	0.02024	0.00825	0.00262	0.00375	0.01837	0.00600	0.00525
28	0.81856	0.01250	0.00950	0.00850	0.01250	0.01449	0.00700	0.01899	0.01100	0.02899	0.00900	0.01050	0.00700	0.00600	0.00400	0.00200	0.00500	0.00350	0.00400	0.00700
29	0.01340	0.01148	0.01340	0.00957	0.01531	0.00861	0.00766	0.01627	0.01340	0.02105	0.01148	0.01340	0.00957	0.00479	0.00479	0.00096	0.00479	0.00383	0.00383	0.81242
30	0.00783	0.00578	0.00733	0.00857	0.00926	0.00528	0.00581	0.00905	0.01278	0.01666	0.04083	0.64513	0.16294	0.01956	0.00814	0.00255	0.00367	0.01754	0.00600	0.00528
31	0.01478	0.25677	0.47842	0.01631	0.02439	0.01843	0.03909	0.04702	0.01418	0.01967	0.01100	0.01283	0.00837	0.00600	0.00559	0.00185	0.00870	0.00450	0.00290	0.00920
32	0.01681	0.01473	0.10936	0.03867	0.09514	0.01085	0.04657	0.02048	0.01477	0.17070	0.01553	0.01831	0.01195	0.00637	0.00585	0.00160	0.00632	0.03365	0.00452	0.35782
33	0.01404	0.01181	0.03580	0.00997	0.01538	0.00885	0.00821	0.01736	0.03425	0.06588	0.01531	0.05021	0.03053	0.00616	0.00522	0.00120	0.00490	0.00505	0.00429	0.65560
34	0.01577	0.01964	0.26306	0.01874	0.13231	0.01301	0.05496	0.06911	0.03670	0.10599	0.07649	0.03835	0.03801	0.00758	0.00644	0.00194	0.00724	0.00654	0.00447	0.08366
35	0.01570	0.04104	0.24244	0.04045	0.16389	0.03437	0.01607	0.06170	0.06055	0.07146	0.01643	0.03929	0.03825	0.00706	0.00613	0.00186	0.00733	0.00588	0.00406	0.12604
36	0.01501	0.01485	0.11518	0.01345	0.03665	0.03980	0.05008	0.05672	0.08251	0.09212	0.23055	0.02611	0.02645	0.00866	0.00694	0.00187	0.02648	0.00734	0.00537	0.14387
37	0.03812	0.01969	0.23392	0.03999	0.07795	0.04098	0.05732	0.04855	0.13683	0.03922	0.05258	0.01980	0.04374	0.00725	0.00623	0.00191	0.00721	0.00610	0.00430	0.11832

[dist]
# distance from previous block
# <min> <max>
7	90

[block]
# block no. 4 follows, 34 sequences, length 35
# corresponding to MSA columns:
# 409-443
name=unknown_E
#
# <colnr> <probs for GDERKNQSTAVLIFYWHMCP>
#	G	D	E	R	K	N	Q	S	T	A	V	L	I	F	Y	W	H	M	C	P
0	0.06433	0.06913	0.13204	0.01511	0.06301	0.09923	0.01278	0.05718	0.11819	0.15213	0.01867	0.10501	0.01558	0.00880	0.00689	0.00205	0.03894	0.00697	0.00499	0.00894
1	0.01719	0.07929	0.29228	0.01816	0.10561	0.03815	0.01678	0.13713	0.09632	0.06462	0.01450	0.01555	0.01073	0.00665	0.00605	0.00190	0.00776	0.00527	0.00423	0.06185
2	0.03621	0.13526	0.24040	0.01600	0.09295	0.04204	0.01464	0.02035	0.01473	0.12344	0.06596	0.05611	0.01525	0.00739	0.00592	0.00182	0.00706	0.00597	0.00420	0.09429
3	0.08484	0.18678	0.18509	0.01492	0.04219	0.12448	0.03383	0.04798	0.10472	0.02120	0.03723	0.01512	0.01171	0.00659	0.00556	0.00179	0.00770	0.00494	0.00381	0.05951
4	0.03516	0.15283	0.34709	0.01928	0.12705	0.01701	0.03946	0.07494	0.05753	0.02157	0.01274	0.01532	0.01002	0.03499	0.00689	0.00208	0.00817	0.00516	0.00342	0.00929
5	0.07142	0.18630	0.27562	0.03959	0.08014	0.01784	0.03299	0.10986	0.06400	0.04544	0.01287	0.01433	0.00974	0.00640	0.00571	0.00189	0.00778	0.00494	0.00379	0.00934
6	0.04128	0.09962	0.30447	0.01950	0.14388	0.04869	0.01742	0.09691	0.03811	0.08954	0.01346	0.01483	0.00995	0.00643	0.00595	0.00190	0.00801	0.00507	0.00392	0.03106
7	0.01688	0.11751	0.17899	0.05878	0.09002	0.06004	0.03634	0.09921	0.10636	0.05635	0.03559	0.01659	0.01233	0.00674	0.00598	0.00184	0.00748	0.00544	0.00423	0.08330
8	0.01686	0.09175	0.22812	0.01800	0.12742	0.08032	0.01541	0.03687	0.07423	0.08568	0.01385	0.01514	0.01050	0.00625	0.00579	0.00174	0.00755	0.00496	0.00394	0.15563
9	0.01621	0.12893	0.30822	0.01983	0.14789	0.10651	0.01757	0.02219	0.07745	0.04693	0.03965	0.01589	0.01186	0.00662	0.00598	0.00190	0.00833	0.00524	0.00359	0.00923
10	0.06514	0.14763	0.15941	0.03839	0.09075	0.04303	0.03766	0.09792	0.03770	0.08539	0.03482	0.03516	0.03285	0.00716	0.00587	0.00185	0.00716	0.00573	0.00427	0.06211
11	0.03449	0.12918	0.06419	0.04746	0.18410	0.07731	0.03561	0.12088	0.07731	0.02299	0.01354	0.03157	0.01108	0.00658	0.00584	0.00176	0.00730	0.00539	0.00404	0.11939
12	0.01738	0.03975	0.07516	0.04769	0.16068	0.04440	0.09524	0.12529	0.08530	0.08731	0.07800	0.02087	0.03645	0.00748	0.00652	0.00194	0.00717	0.00662	0.00484	0.05190
13	0.03499	0.01269	0.01747	0.15075	0.19610	0.05078	0.03920	0.03734	0.01488	0.02050	0.07338	0.06323	0.09401	0.00830	0.00639	0.00185	0.00650	0.00731	0.00414	0.16019
14	0.01013	0.00747	0.00919	0.00890	0.03162	0.00672	0.00633	0.01247	0.01508	0.03694	0.29132	0.06023	0.19199	0.08608	0.05424	0.00282	0.00468	0.01023	0.05099	0.10258
15	0.01095	0.00861	0.01068	0.01020	0.02719	0.00760	0.00734	0.04449	0.03067	0.02029	0.08528	0.37622	0.03079	0.01346	0.00694	0.00199	0.00435	0.03201	0.00537	0.26554
16	0.01665	0.01439	0.02376	0.03035	0.47303	0.01362	0.07384	0.02032	0.01486	0.08782	0.01335	0.01618	0.01061	0.00576	0.00621	0.00177	0.00720	0.00562	0.00377	0.16089
17	0.01465	0.01204	0.01449	0.07685	0.01836	0.01014	0.00902	0.07678	0.01495	0.04026	0.01218	0.01414	0.00977	0.00527	0.00512	0.00117	0.00535	0.00424	0.00407	0.65114
18	0.00933	0.00654	0.00845	0.00845	0.00893	0.00702	0.00566	0.01029	0.00981	0.01356	0.01908	0.03520	0.02041	0.46908	0.33252	0.00799	0.01090	0.00836	0.00372	0.00469
19	0.00777	0.00642	0.00681	0.00699	0.00888	0.00547	0.00514	0.00942	0.01462	0.01785	0.10319	0.16099	0.59075	0.01671	0.00772	0.00223	0.00333	0.01418	0.00607	0.00547
20	0.01708	0.03536	0.01659	0.01584	0.10763	0.01456	0.01108	0.22067	0.19299	0.04864	0.04770	0.11874	0.01941	0.01150	0.04516	0.00246	0.00644	0.00795	0.00567	0.05456
21	0.01584	0.01354	0.05553	0.05205	0.01829	0.01104	0.00995	0.12119	0.01616	0.06875	0.01315	0.01484	0.01026	0.00691	0.02762	0.00158	0.00603	0.00455	0.00436	0.52837
22	0.01945	0.29501	0.12469	0.01586	0.08095	0.07106	0.01376	0.16046	0.05647	0.08457	0.01337	0.01419	0.01028	0.00655	0.00554	0.00175	0.00750	0.00483	0.00424	0.00946
23	0.01632	0.15795	0.34801	0.01867	0.04312	0.05375	0.15011	0.06007	0.01533	0.05984	0.01234	0.01431	0.00916	0.00611	0.00610	0.00192	0.00904	0.00523	0.00338	0.00924
24	0.00924	0.00689	0.01020	0.01020	0.01129	0.00798	0.00785	0.01142	0.01033	0.01486	0.01747	0.02631	0.01656	0.08822	0.70811	0.01016	0.01670	0.00706	0.00349	0.00567
25	0.04917	0.03865	0.06235	0.03380	0.01931	0.05682	0.01185	0.29907	0.02119	0.16574	0.01539	0.01577	0.01101	0.00725	0.00683	0.00184	0.04822	0.00535	0.00548	0.12491
26	0.01957	0.18299	0.18175	0.01661	0.06710	0.13537	0.03159	0.13432	0.05695	0.09408	0.01370	0.01459	0.01028	0.00664	0.00583	0.00183	0.00819	0.00501	0.00422	0.00939
27	0.01748	0.00954	0.01194	0.01052	0.01354	0.00918	0.00822	0.06225	0.10361	0.26984	0.16891	0.16618	0.07093	0.01217	0.00720	0.00219	0.00464	0.03627	0.00700	0.00839
28	0.01697	0.08601	0.18372	0.01808	0.09714	0.06209	0.07571	0.15667	0.05739	0.02442	0.03493	0.01579	0.01158	0.00650	0.00604	0.00179	0.00774	0.00540	0.00412	0.12791
29	0.00858	0.00663	0.00741	0.00758	0.00888	0.00624	0.00524	0.01037	0.03888	0.01615	0.04377	0.15717	0.35717	0.22319	0.07056	0.00397	0.00528	0.01245	0.00527	0.00521
30	0.01544	0.01146	0.01359	0.00997	0.01541	0.00902	0.00798	0.04378	0.01459	0.10573	0.01418	0.04262	0.01161	0.00585	0.00518	0.00118	0.00492	0.00476	0.00450	0.65824
31	0.01624	0.04202	0.01882	0.06522	0.03731	0.04066	0.10814	0.16022	0.01745	0.05677	0.03427	0.07878	0.05484	0.03442	0.00763	0.00198	0.02480	0.00718	0.00469	0.18856
32	0.01327	0.03019	0.64427	0.01730	0.02600	0.01400	0.02172	0.02005	0.01374	0.04690	0.01353	0.05866	0.01057	0.00700	0.00623	0.00204	0.00889	0.00561	0.00316	0.03687
33	0.00863	0.00940	0.10319	0.00999	0.01178	0.00661	0.00827	0.01079	0.01320	0.01788	0.09347	0.56132	0.08590	0.01754	0.00788	0.00247	0.00442	0.01571	0.00567	0.00590
34	0.01676	0.01695	0.10421	0.01587	0.02044	0.05564	0.13318	0.20405	0.10812	0.04366	0.04605	0.14465	0.01888	0.01071	0.02834	0.00237	0.00760	0.00848	0.00520	0.00883

[dist]
# distance from previous block
# <min> <max>
1	8

[block]
# block no. 5 follows, 34 sequences, length 58
# corresponding to MSA columns:
# 452-509
name=unknown_F
#
# <colnr> <probs for GDERKNQSTAVLIFYWHMCP>
#	G	D	E	R	K	N	Q	S	T	A	V	L	I	F	Y	W	H	M	C	P
0	0.01142	0.05549	0.01081	0.00914	0.01118	0.04356	0.00683	0.01526	0.10583	0.04353	0.15711	0.13075	0.20712	0.11787	0.04288	0.00304	0.00524	0.01088	0.00562	0.00642
