[name]
unknown

[dist]
# distance from previous block
# <min> <max>
0	41

[block]
# block no. 0 follows, 32 sequences, length 7
# corresponding to MSA columns:
# 53-59
name=unknown_A
#
# <colnr> <probs for GDERKNQSTAVLIFYWHMCP>
#	G	D	E	R	K	N	Q	S	T	A	V	L	I	F	Y	W	H	M	C	P
0	0.01771	0.04305	0.10431	0.03848	0.05054	0.10603	0.08174	0.09767	0.08890	0.06693	0.05232	0.02219	0.01587	0.02740	0.02111	0.00231	0.03788	0.04043	0.00473	0.08039
1	0.10190	0.05604	0.08310	0.07604	0.06334	0.07851	0.09559	0.10562	0.08172	0.02407	0.01585	0.04016	0.02928	0.02259	0.00720	0.00209	0.02445	0.00625	0.00431	0.08188
2	0.08944	0.06495	0.15454	0.10261	0.11195	0.05799	0.01503	0.05765	0.10949	0.04297	0.06013	0.01840	0.01438	0.00723	0.00618	0.00198	0.00741	0.00582	0.00435	0.06751
3	0.17429	0.01398	0.05957	0.05431	0.03120	0.06910	0.01054	0.01955	0.05492	0.08680	0.03362	0.04389	0.04069	0.03130	0.12736	0.00356	0.02835	0.02196	0.00458	0.09044
4	0.01132	0.01002	0.01220	0.03889	0.01437	0.05307	0.04838	0.01513	0.06135	0.02207	0.28953	0.09347	0.16533	0.01573	0.06528	0.00280	0.00594	0.01084	0.00588	0.05840
5	0.01410	0.07400	0.02969	0.09559	0.02897	0.01492	0.40224	0.01848	0.01500	0.01988	0.01874	0.11661	0.01776	0.00930	0.00776	0.00236	0.00918	0.09337	0.00401	0.00804
6	0.00940	0.00838	0.04544	0.01014	0.01176	0.00716	0.00796	0.01258	0.06480	0.01874	0.04029	0.44617	0.15975	0.01833	0.00831	0.00263	0.00455	0.11131	0.00609	0.00620

[dist]
# distance from previous block
# <min> <max>
9	16

[block]
# block no. 1 follows, 32 sequences, length 20
# corresponding to MSA columns:
# 76-95
name=unknown_B
#
# <colnr> <probs for GDERKNQSTAVLIFYWHMCP>
#	G	D	E	R	K	N	Q	S	T	A	V	L	I	F	Y	W	H	M	C	P
0	0.04386	0.09864	0.03962	0.01381	0.03390	0.19941	0.01112	0.06091	0.03388	0.12858	0.01660	0.05133	0.01399	0.01046	0.04921	0.00233	0.00830	0.03724	0.00475	0.14208
1	0.01630	0.01574	0.07308	0.01529	0.05118	0.03256	0.10467	0.08203	0.03352	0.05135	0.01380	0.01575	0.01075	0.00588	0.00585	0.00150	0.00675	0.00515	0.02965	0.42922
2	0.04886	0.00741	0.00935	0.00983	0.01154	0.00708	0.00778	0.01317	0.01570	0.05241	0.20017	0.20382	0.13992	0.01665	0.00826	0.00257	0.00453	0.22821	0.00648	0.00627
3	0.03869	0.07218	0.28241	0.07987	0.08542	0.01422	0.09903	0.01860	0.01527	0.02199	0.16312	0.04276	0.02154	0.00820	0.00679	0.00210	0.00789	0.00726	0.00406	0.00861
4	0.01649	0.01887	0.16000	0.06355	0.31686	0.01528	0.09402	0.08767	0.01693	0.05464	0.03798	0.02034	0.05239	0.00722	0.00686	0.00208	0.00820	0.00669	0.00406	0.00986
5	0.00816	0.00634	0.00743	0.00815	0.00946	0.00561	0.00573	0.00971	0.01438	0.01828	0.09991	0.40006	0.34543	0.01871	0.00824	0.00248	0.00362	0.01639	0.00631	0.00561
6	0.00860	0.00591	0.00781	0.00909	0.00941	0.00559	0.00597	0.00934	0.01221	0.01628	0.03340	0.62900	0.03981	0.09852	0.01257	0.06422	0.00431	0.01710	0.00575	0.00511
7	0.07802	0.01617	0.09492	0.04270	0.13178	0.03555	0.04581	0.10659	0.01815	0.27436	0.01947	0.07468	0.01481	0.00830	0.00667	0.00211	0.00711	0.00702	0.00573	0.01003
8	0.01616	0.01610	0.02909	0.07950	0.52095	0.01624	0.15675	0.02043	0.01512	0.02136	0.01265	0.01692	0.01038	0.00615	0.00741	0.00209	0.03304	0.00636	0.00330	0.01002
9	0.02729	0.01397	0.01691	0.01318	0.01828	0.01390	0.01082	0.23521	0.09593	0.44568	0.02342	0.02103	0.01544	0.00831	0.00675	0.00208	0.00617	0.00662	0.00767	0.01133
10	0.00880	0.00676	0.00806	0.00789	0.00964	0.00601	0.00586	0.01126	0.01712	0.02284	0.42030	0.10966	0.31050	0.01551	0.00797	0.00222	0.00331	0.01343	0.00686	0.00601
11	0.12819	0.01030	0.01297	0.01091	0.01483	0.00950	0.00866	0.02545	0.01667	0.46674	0.02670	0.19583	0.02195	0.01104	0.00683	0.00223	0.00521	0.00926	0.00726	0.00946
12	0.00850	0.00614	0.00774	0.00870	0.00937	0.00571	0.00583	0.00978	0.01335	0.01772	0.11006	0.51326	0.11828	0.11852	0.01182	0.00311	0.00411	0.01656	0.00606	0.00538
13	0.01575	0.01785	0.03820	0.02750	0.03379	0.01723	0.64795	0.02110	0.01543	0.02110	0.01323	0.01785	0.01008	0.00610	0.00895	0.00231	0.06552	0.00777	0.00336	0.00892
14	0.00830	0.00589	0.00775	0.00918	0.00954	0.00553	0.00606	0.00938	0.01260	0.01680	0.03573	0.70305	0.04279	0.07995	0.01059	0.00302	0.00410	0.01834	0.00606	0.00534
15	0.01754	0.01805	0.02660	0.06384	0.56319	0.11177	0.05945	0.02134	0.01574	0.02099	0.01235	0.01614	0.01027	0.00611	0.00664	0.00198	0.00875	0.00587	0.00333	0.01004
16	0.01854	0.01330	0.01501	0.01209	0.01670	0.01319	0.00962	0.17601	0.18525	0.10801	0.02051	0.07405	0.01644	0.00835	0.00626	0.00181	0.00552	0.00684	0.04107	0.25144
17	0.01025	0.00704	0.00917	0.01016	0.01153	0.00665	0.00796	0.01229	0.01444	0.04955	0.04033	0.30002	0.15210	0.05374	0.00987	0.00295	0.00494	0.28482	0.00620	0.00598
18	0.02144	0.09484	0.02089	0.10424	0.08707	0.48878	0.01389	0.02371	0.01725	0.01698	0.01184	0.04613	0.01044	0.00732	0.00613	0.00183	0.01054	0.00525	0.00346	0.00797
19	0.01839	0.05372	0.04486	0.04065	0.17935	0.04165	0.01263	0.12492	0.03632	0.14048	0.05735	0.04839	0.10972	0.00921	0.00670	0.00203	0.00643	0.00772	0.05020	0.00927

[dist]
# distance from previous block
# <min> <max>
1	5

[block]
# block no. 2 follows, 32 sequences, length 69
# corresponding to MSA columns:
# 105-140,142-174
name=unknown_C
#
# <colnr> <probs for GDERKNQSTAVLIFYWHMCP>
#	G	D	E	R	K	N	Q	S	T	A	V	L	I	F	Y	W	H	M	C	P
0	0.00862	0.00684	0.00760	0.00773	0.00956	0.00603	0.00580	0.01050	0.01528	0.01913	0.15516	0.08787	0.46884	0.08238	0.01039	0.00271	0.00393	0.07976	0.00621	0.00567
1	0.02209	0.01710	0.01821	0.01475	0.01951	0.01921	0.01193	0.44232	0.29475	0.03677	0.02045	0.01957	0.01493	0.00846	0.00676	0.00212	0.00658	0.00664	0.00676	0.01110
2	0.01655	0.01868	0.05359	0.11443	0.17521	0.09734	0.32567	0.02182	0.04475	0.02077	0.01329	0.01711	0.01032	0.00614	0.00711	0.00210	0.00992	0.00664	0.00348	0.03510
3	0.01072	0.00790	0.01050	0.01015	0.01122	0.00782	0.04489	0.06271	0.01356	0.01817	0.05624	0.31574	0.03252	0.31592	0.01862	0.00415	0.00569	0.04258	0.00529	0.00562
4	0.16017	0.01209	0.01488	0.01162	0.01664	0.01134	0.00959	0.06799	0.01860	0.57233	0.02303	0.02047	0.01476	0.00794	0.00631	0.00207	0.00572	0.00619	0.00752	0.01073
5	0.00963	0.00648	0.00753	0.00777	0.00788	0.00644	0.00461	0.00989	0.01036	0.01379	0.02356	0.12597	0.02728	0.64746	0.03017	0.00593	0.00620	0.04035	0.00440	0.00432
6	0.01760	0.30848	0.29788	0.01567	0.02248	0.16453	0.01686	0.02250	0.04281	0.01850	0.01130	0.01291	0.00905	0.00635	0.00555	0.00179	0.00914	0.00442	0.00313	0.00903
7	0.01662	0.10202	0.16795	0.09073	0.02408	0.20426	0.06727	0.02018	0.01467	0.01779	0.01320	0.07095	0.01188	0.01039	0.04462	0.00255	0.10318	0.00627	0.00336	0.00805
8	0.00836	0.00598	0.00799	0.00949	0.00998	0.00561	0.00649	0.00970	0.01318	0.01760	0.05796	0.69925	0.04464	0.02066	0.00858	0.00273	0.00400	0.05603	0.00626	0.00552
9	0.01188	0.00859	0.01016	0.00996	0.01194	0.00864	0.00769	0.09152	0.06717	0.02445	0.19726	0.19960	0.11490	0.01476	0.00770	0.00235	0.00441	0.10935	0.09076	0.00692
10	0.01390	0.01325	0.01628	0.01426	0.01696	0.11447	0.11838	0.06610	0.04556	0.02132	0.11595	0.22396	0.04572	0.01702	0.08499	0.00322	0.00807	0.04805	0.00531	0.00723
11	0.00853	0.00606	0.00775	0.00884	0.00931	0.00570	0.00582	0.00965	0.01283	0.01713	0.08184	0.56277	0.06776	0.14751	0.01287	0.00331	0.00427	0.01682	0.00594	0.00528
12	0.01309	0.00849	0.01043	0.00929	0.01175	0.00803	0.00717	0.06225	0.04544	0.11056	0.46437	0.04576	0.15090	0.01300	0.00765	0.00213	0.00387	0.01121	0.00726	0.00735
13	0.01562	0.21360	0.25017	0.01570	0.05947	0.04323	0.01542	0.02045	0.04521	0.06827	0.04051	0.09917	0.01760	0.00917	0.00639	0.00206	0.00755	0.05740	0.00421	0.00880
14	0.08586	0.14135	0.20838	0.01245	0.01701	0.01304	0.01261	0.01664	0.01405	0.04043	0.09851	0.20011	0.02493	0.01354	0.04768	0.00267	0.00702	0.03147	0.00460	0.00767
15	0.01686	0.01800	0.03647	0.02635	0.03280	0.03885	0.60613	0.02297	0.05371	0.05599	0.01485	0.01852	0.01100	0.00601	0.00774	0.00224	0.01074	0.00773	0.00382	0.00921
16	0.00899	0.00649	0.00867	0.01012	0.01099	0.00618	0.00759	0.01079	0.01382	0.01812	0.03854	0.50034	0.08646	0.01998	0.00874	0.00281	0.00458	0.22489	0.00621	0.00569
17	0.02153	0.36501	0.04876	0.01438	0.01941	0.26665	0.01262	0.14049	0.01859	0.02078	0.01095	0.01225	0.00910	0.00656	0.00538	0.00166	0.00897	0.00431	0.00374	0.00886
18	0.14469	0.46583	0.04711	0.01153	0.01684	0.02172	0.01090	0.08377	0.01528	0.08045	0.01193	0.01364	0.00992	0.03477	0.00589	0.00185	0.00681	0.00436	0.00393	0.00876
19	0.01009	0.00720	0.00998	0.01153	0.01275	0.00710	0.00955	0.01265	0.01473	0.01927	0.03593	0.26412	0.04020	0.01922	0.00907	0.00299	0.00555	0.49591	0.00619	0.00598
20	0.01046	0.00691	0.00847	0.00866	0.01006	0.00634	0.00621	0.01210	0.01448	0.07194	0.14242	0.24767	0.20312	0.15272	0.01288	0.00319	0.00446	0.06585	0.00616	0.00589
21	0.09799	0.04873	0.04054	0.10067	0.06376	0.04427	0.17202	0.11865	0.03920	0.04331	0.04805	0.04632	0.01586	0.01000	0.03747	0.00254	0.00848	0.04895	0.00457	0.00863
22	0.08227	0.08088	0.14707	0.01629	0.02146	0.15349	0.12734	0.08777	0.01666	0.02182	0.01941	0.02197	0.09998	0.04555	0.00825	0.00226	0.02855	0.00665	0.00404	0.00829
23	0.00828	0.00591	0.00791	0.00946	0.00990	0.00554	0.00641	0.00953	0.01295	0.01725	0.03692	0.73242	0.04415	0.02092	0.00859	0.00274	0.00398	0.04542	0.00623	0.00548
24	0.01601	0.01637	0.04933	0.04060	0.09363	0.05949	0.01552	0.01814	0.01191	0.04677	0.01026	0.01515	0.00931	0.01036	0.01780	0.00268	0.54965	0.00580	0.00323	0.00799
25	0.04391	0.01577	0.02238	0.36719	0.30266	0.09669	0.01835	0.01965	0.01469	0.01936	0.01193	0.01650	0.00950	0.00643	0.00652	0.00208	0.00879	0.00570	0.00321	0.00871
26	0.00957	0.00716	0.00852	0.00896	0.01035	0.00675	0.00655	0.04455	0.01493	0.01927	0.09166	0.29259	0.24535	0.10390	0.01127	0.00299	0.00446	0.09927	0.00608	0.00581
27	0.02411	0.01453	0.01680	0.01361	0.01831	0.01525	0.01111	0.26545	0.19351	0.27598	0.02357	0.02400	0.01698	0.00899	0.00690	0.00216	0.00622	0.04434	0.00727	0.01093
28	0.01824	0.01953	0.01716	0.01519	0.01828	0.31687	0.08293	0.04364	0.06965	0.04777	0.04837	0.20084	0.05068	0.01117	0.00712	0.00213	0.00839	0.00942	0.00495	0.00768
29	0.00868	0.00677	0.00793	0.00835	0.00985	0.00617	0.00599	0.01118	0.04416	0.01981	0.17667	0.32191	0.31307	0.01756	0.00812	0.00241	0.00362	0.01536	0.00647	0.00592
30	0.01584	0.01810	0.03959	0.02828	0.03507	0.01697	0.69796	0.02149	0.01584	0.02149	0.01357	0.01810	0.01018	0.00566	0.00792	0.00226	0.01131	0.00792	0.00339	0.00905
31	0.01267	0.01193	0.02013	0.74806	0.04621	0.01491	0.01863	0.01714	0.01342	0.01714	0.01193	0.01789	0.00894	0.00671	0.00671	0.00224	0.00894	0.00596	0.00298	0.00745
32	0.01267	0.01193	0.02013	0.74806	0.04621	0.01491	0.01863	0.01714	0.01342	0.01714	0.01193	0.01789	0.00894	0.00671	0.00671	0.00224	0.00894	0.00596	0.00298	0.00745
33	0.01777	0.02169	0.13442	0.03672	0.05008	0.18120	0.06935	0.09847	0.09036	0.02202	0.01584	0.08872	0.01392	0.00914	0.00906	0.00223	0.11897	0.00703	0.00425	0.00875
34	0.01780	0.01851	0.15361	0.08570	0.10330	0.03846	0.08268	0.12800	0.09202	0.09102	0.01774	0.05514	0.01384	0.00787	0.00670	0.00211	0.00776	0.00685	0.06131	0.00958
35	0.01227	0.00782	0.00919	0.00842	0.01113	0.00674	0.00658	0.01454	0.01662	0.13555	0.18711	0.05354	0.40444	0.01454	0.00770	0.00220	0.00396	0.05223	0.00671	0.03871
36	0.02743	0.01526	0.01789	0.01377	0.01901	0.01562	0.01136	0.37335	0.04257	0.36024	0.02120	0.01946	0.01405	0.00820	0.00673	0.00205	0.00655	0.00641	0.00746	0.01140
37	0.01587	0.01543	0.02432	0.05995	0.42723	0.05499	0.09358	0.04770	0.01631	0.02222	0.07227	0.06389	0.04029	0.00797	0.00701	0.00208	0.00782	0.00763	0.00406	0.00939
38	0.08466	0.01524	0.05842	0.02143	0.22888	0.04422	0.01401	0.05307	0.07007	0.16078	0.04022	0.04727	0.01603	0.00853	0.00766	0.00216	0.05922	0.03049	0.02810	0.00954
39	0.01794	0.76823	0.03516	0.01148	0.01722	0.02655	0.01148	0.02009	0.01363	0.01579	0.00933	0.01076	0.00861	0.00574	0.00431	0.00144	0.00718	0.00359	0.00287	0.00861
40	0.00843	0.00625	0.00789	0.00881	0.00980	0.00571	0.00619	0.01008	0.01438	0.01897	0.15021	0.48815	0.17904	0.01900	0.00836	0.00255	0.00376	0.04035	0.00641	0.00566
41	0.01640	0.07513	0.20799	0.06316	0.15070	0.04180	0.05113	0.14321	0.01763	0.02405	0.03702	0.09281	0.01493	0.00843	0.00706	0.00211	0.02581	0.00712	0.00418	0.00933
42	0.00851	0.00613	0.00813	0.00955	0.01019	0.00575	0.00671	0.00999	0.01346	0.01783	0.06049	0.62705	0.07422	0.02032	0.00860	0.00273	0.00411	0.09441	0.00626	0.00557
43	0.00962	0.00626	0.00825	0.00866	0.00915	0.00617	0.00580	0.00982	0.01150	0.01543	0.07539	0.24189	0.07252	0.19415	0.09586	0.20218	0.00638	0.01162	0.00472	0.00464
44	0.00884	0.00634	0.00803	0.00912	0.00979	0.00601	0.00635	0.01011	0.01286	0.01685	0.03685	0.44954	0.10902	0.16617	0.01362	0.00347	0.00468	0.11125	0.00580	0.00530
45	0.01428	0.03941	0.15520	0.30952	0.15145	0.01622	0.13646	0.01925	0.01411	0.01935	0.01209	0.01664	0.00934	0.00661	0.00766	0.00220	0.05236	0.00605	0.00308	0.00874
46	0.68875	0.01567	0.09136	0.01026	0.01511	0.01535	0.00947	0.04838	0.01257	0.02962	0.00993	0.01149	0.00758	0.00632	0.00451	0.00208	0.00581	0.00388	0.00411	0.00774
47	0.01075	0.00762	0.00918	0.00896	0.00995	0.00808	0.00616	0.03694	0.05796	0.01726	0.04922	0.06393	0.04816	0.37686	0.20816	0.00643	0.00888	0.00921	0.05070	0.00558
48	0.17620	0.07601	0.01989	0.01756	0.07394	0.42054	0.03981	0.02363	0.01623	0.01966	0.01031	0.01252	0.00860	0.00686	0.00662	0.00189	0.05372	0.00450	0.00351	0.00798
49	0.00856	0.00628	0.00810	0.00923	0.01012	0.00581	0.00657	0.01022	0.01411	0.01863	0.11453	0.51850	0.13547	0.01944	0.00848	0.00264	0.00399	0.08733	0.00635	0.00565
50	0.01996	0.19466	0.08732	0.01508	0.02005	0.18461	0.04026	0.12331	0.14486	0.04813	0.01609	0.04864	0.01311	0.00778	0.00613	0.00192	0.00822	0.00594	0.00464	0.00929
51	0.01466	0.01065	0.03104	0.01005	0.01396	0.00889	0.00810	0.06506	0.01611	0.08920	0.10411	0.10294	0.02320	0.03337	0.00709	0.00184	0.00487	0.03277	0.10848	0.31363
52	0.02437	0.04554	0.08453	0.01608	0.04574	0.05746	0.03617	0.34796	0.02406	0.20707	0.01746	0.01723	0.01209	0.00760	0.00657	0.00199	0.00755	0.00595	0.00615	0.02845
53	0.04509	0.46714	0.07521	0.01285	0.01869	0.02291	0.01240	0.17867	0.01816	0.07482	0.01233	0.01312	0.00980	0.00652	0.00517	0.00168	0.00724	0.00448	0.00420	0.00951
54	0.00817	0.00587	0.00775	0.00926	0.00971	0.00546	0.00619	0.00935	0.01293	0.01716	0.03798	0.73737	0.06618	0.02089	0.00854	0.00271	0.00388	0.01892	0.00623	0.00546
55	0.01493	0.12302	0.07796	0.01287	0.01603	0.11268	0.01119	0.01884	0.07068	0.04598	0.01858	0.05021	0.01748	0.08003	0.19986	0.00473	0.03842	0.07483	0.00422	0.00745
56	0.04007	0.04119	0.19039	0.01533	0.03577	0.01172	0.10524	0.01589	0.01434	0.02038	0.09977	0.17095	0.07741	0.01447	0.05844	0.00291	0.03409	0.03946	0.00459	0.00757
57	0.01620	0.02203	0.21303	0.02213	0.02890	0.05633	0.34539	0.02346	0.09578	0.05288	0.01534	0.01810	0.01141	0.00830	0.03779	0.00255	0.01033	0.00682	0.00387	0.00936
58	0.03557	0.00977	0.01238	0.01133	0.01298	0.03336	0.04087	0.05745	0.01436	0.05075	0.09843	0.20125	0.06671	0.13610	0.09588	0.02672	0.07361	0.01086	0.00516	0.00644
59	0.01465	0.05168	0.28606	0.02285	0.03021	0.01633	0.36718	0.02067	0.01516	0.02133	0.05357	0.01815	0.01255	0.00658	0.00767	0.00219	0.03378	0.00687	0.00339	0.00913
60	0.01318	0.01308	0.07863	0.18199	0.07057	0.01167	0.09183	0.05293	0.01599	0.05654	0.08526	0.09430	0.18440	0.01086	0.00736	0.00223	0.00679	0.00969	0.00490	0.00779
61	0.02515	0.01991	0.01985	0.01555	0.02068	0.08950	0.01270	0.61163	0.05450	0.03930	0.01596	0.01604	0.01147	0.00798	0.00665	0.00200	0.00776	0.00593	0.00640	0.01103
62	0.03846	0.02342	0.16160	0.08369	0.08331	0.17212	0.29763	0.02212	0.01585	0.02026	0.01227	0.01574	0.00939	0.00619	0.00693	0.00209	0.01061	0.00616	0.00328	0.00888
63	0.01037	0.00798	0.01070	0.01032	0.01081	0.00933	0.00746	0.01159	0.01035	0.01465	0.01859	0.05792	0.01973	0.34094	0.31106	0.00754	0.12303	0.00848	0.00379	0.00537
64	0.00935	0.00693	0.00837	0.00839	0.01019	0.00636	0.00632	0.01149	0.01537	0.04233	0.20320	0.14183	0.34503	0.02094	0.10463	0.00344	0.00551	0.03807	0.00621	0.00604
65	0.01674	0.01514	0.02321	0.23565	0.28659	0.01701	0.03911	0.13338	0.04472	0.02358	0.01322	0.01707	0.01046	0.00726	0.00835	0.00219	0.08689	0.00610	0.00389	0.00945
66	0.04701	0.06369	0.10785	0.02407	0.20094	0.01797	0.14025	0.24177	0.02025	0.02819	0.01426	0.03733	0.01129	0.00707	0.00669	0.00205	0.00835	0.00639	0.00447	0.01013
67	0.01620	0.01796	0.06405	0.08726	0.24788	0.10121	0.14356	0.02203	0.09997	0.02097	0.01765	0.04397	0.04746	0.00772	0.00744	0.00214	0.03230	0.00711	0.00395	0.00917
68	0.01208	0.00998	0.01259	0.05270	0.01411	0.03828	0.00912	0.03521	0.01184	0.01673	0.01712	0.05018	0.01708	0.21306	0.24935	0.00612	0.16039	0.00767	0.06030	0.00610

[dist]
# distance from previous block
# <min> <max>
1	2

[block]
# block no. 3 follows, 32 sequences, length 15
# corresponding to MSA columns:
# 177-191
name=unknown_D
#
# <colnr> <probs for GDERKNQSTAVLIFYWHMCP>
#	G	D	E	R	K	N	Q	S	T	A	V	L	I	F	Y	W	H	M	C	P
0	0.08950	0.18342	0.04140	0.02034	0.20046	0.09370	0.03344	0.06732	0.03803	0.06725	0.05929	0.01702	0.01377	0.00690	0.00590	0.00184	0.00742	0.00552	0.00425	0.04324
1	0.01625	0.18706	0.39596	0.01794	0.04626	0.06075	0.07242	0.02167	0.01486	0.06325	0.01416	0.01583	0.03173	0.00666	0.00611	0.00196	0.00905	0.00529	0.00338	0.00942
2	0.01316	0.01073	0.05800	0.01112	0.01367	0.01003	0.00911	0.07031	0.08980	0.06941	0.16983	0.06443	0.02824	0.10825	0.23757	0.00534	0.00935	0.00885	0.00543	0.00736
3	0.03829	0.17606	0.15915	0.08899	0.08852	0.09441	0.09918	0.08631	0.03578	0.05346	0.01292	0.01509	0.00992	0.00653	0.00616	0.00195	0.00881	0.00538	0.00379	0.00931
4	0.01879	0.01453	0.01934	0.02177	0.23132	0.03605	0.01372	0.13272	0.06789	0.12190	0.01993	0.06828	0.03915	0.00915	0.00827	0.00214	0.07730	0.03119	0.00521	0.06134
5	0.00936	0.00787	0.00842	0.00917	0.01032	0.05305	0.00641	0.01091	0.01450	0.01841	0.11889	0.47046	0.20084	0.01835	0.00818	0.00248	0.00423	0.01620	0.00618	0.00575
6	0.06601	0.01966	0.14557	0.03922	0.01878	0.17836	0.01319	0.01889	0.03651	0.01948	0.08049	0.07103	0.03911	0.05072	0.03660	0.00277	0.12398	0.02800	0.00414	0.00750
7	0.01742	0.09087	0.15577	0.12882	0.16461	0.01637	0.01654	0.16099	0.01802	0.06765	0.01602	0.08791	0.01357	0.00817	0.00658	0.00208	0.00775	0.00688	0.00443	0.00954
8	0.01477	0.12212	0.09607	0.01481	0.03995	0.05369	0.07409	0.10615	0.04109	0.02152	0.02306	0.25320	0.04422	0.01236	0.00771	0.02711	0.00688	0.02840	0.00486	0.00792
9	0.11664	0.01635	0.06411	0.01626	0.07245	0.03972	0.06618	0.23095	0.07347	0.07119	0.08295	0.04866	0.05418	0.00887	0.00669	0.00211	0.00682	0.00736	0.00564	0.00940
10	0.06900	0.08692	0.15209	0.06872	0.06415	0.05341	0.04344	0.12440	0.08064	0.06926	0.03996	0.06724	0.03542	0.00843	0.00648	0.00208	0.00748	0.00691	0.00478	0.00920
11	0.01594	0.18456	0.13808	0.01433	0.06076	0.01570	0.01252	0.08240	0.10299	0.06778	0.02268	0.10485	0.07383	0.06462	0.00844	0.00237	0.00665	0.00793	0.00483	0.00872
12	0.01421	0.05058	0.01354	0.01112	0.01383	0.07802	0.03164	0.03288	0.07490	0.08091	0.19433	0.13124	0.09466	0.05627	0.05476	0.00289	0.00630	0.01015	0.00583	0.04193
13	0.01828	0.01578	0.03897	0.01463	0.06181	0.15180	0.01089	0.07254	0.09836	0.12805	0.10926	0.11758	0.02499	0.03275	0.00785	0.00226	0.00679	0.04582	0.00581	0.03580
14	0.08612	0.07870	0.15972	0.06268	0.07476	0.08286	0.03854	0.05210	0.04004	0.02158	0.03622	0.06172	0.07388	0.00868	0.00727	0.00207	0.05230	0.00684	0.00407	0.04985

[dist]
# distance from previous block
# <min> <max>
3	31

[block]
# block no. 4 follows, 32 sequences, length 8
# corresponding to MSA columns:
# 232-239
name=unknown_E
#
# <colnr> <probs for GDERKNQSTAVLIFYWHMCP>
#	G	D	E	R	K	N	Q	S	T	A	V	L	I	F	Y	W	H	M	C	P
0	0.07435	0.13563	0.09284	0.04919	0.01948	0.05978	0.03875	0.09270	0.09265	0.06850	0.01665	0.06230	0.01427	0.07076	0.00837	0.00230	0.00713	0.00644	0.00462	0.08329
1	0.01678	0.14650	0.18509	0.04453	0.02308	0.18642	0.08971	0.02041	0.01474	0.01803	0.01341	0.08713	0.01232	0.00846	0.00836	0.00210	0.10483	0.00645	0.00340	0.00824
2	0.01236	0.10316	0.10163	0.01390	0.09178	0.05420	0.01063	0.01486	0.01407	0.01796	0.06286	0.09330	0.17515	0.16123	0.01237	0.00300	0.00643	0.03962	0.00455	0.00693
3	0.06404	0.10041	0.14103	0.01432	0.05914	0.04888	0.01231	0.15815	0.01735	0.06777	0.01975	0.02470	0.07208	0.15821	0.01176	0.00288	0.00732	0.00681	0.00464	0.00844
4	0.05193	0.13217	0.13459	0.01308	0.01749	0.01441	0.04476	0.08971	0.07828	0.02403	0.16553	0.06219	0.02625	0.05899	0.00853	0.00240	0.00648	0.05588	0.00512	0.00816
5	0.01832	0.04967	0.02504	0.02273	0.17761	0.01613	0.18387	0.20716	0.02029	0.06166	0.06989	0.02349	0.07685	0.00809	0.00708	0.00208	0.00775	0.00757	0.00504	0.00965
6	0.05847	0.13314	0.22249	0.01865	0.02515	0.10217	0.18496	0.02400	0.12572	0.02150	0.01412	0.01596	0.01079	0.00659	0.00637	0.00203	0.00914	0.00577	0.00376	0.00923
7	0.01972	0.13636	0.02201	0.01707	0.06759	0.25352	0.06909	0.07583	0.03504	0.06087	0.08818	0.05811	0.01753	0.00847	0.00713	0.00195	0.04187	0.00666	0.00451	0.00848

[dist]
# distance from previous block
# <min> <max>
0	4

[block]
# block no. 5 follows, 32 sequences, length 12
# corresponding to MSA columns:
# 247-258
name=unknown_F
#
# <colnr> <probs for GDERKNQSTAVLIFYWHMCP>
#	G	D	E	R	K	N	Q	S	T	A	V	L	I	F	Y	W	H	M	C	P
0	0.05264	0.19784	0.12117	0.01492	0.02036	0.01690	0.12185	0.07720	0.08615	0.02343	0.10986	0.02267	0.05777	0.00803	0.00633	0.00194	0.00712	0.00682	0.00456	0.04244
1	0.01545	0.01060	0.01178	0.01035	0.01352	0.01051	0.00806	0.18452	0.05969	0.10850	0.04288	0.15747	0.31177	0.01395	0.00753	0.00226	0.00485	0.01169	0.00663	0.00802
2	0.01789	0.01468	0.01364	0.01237	0.01500	0.15067	0.00920	0.16159	0.05415	0.09288	0.02386	0.25488	0.02397	0.11083	0.01077	0.00279	0.00680	0.01046	0.00575	0.00783
3	0.04610	0.01572	0.03618	0.05518	0.20169	0.12162	0.01292	0.04422	0.12491	0.02223	0.07042	0.09878	0.10206	0.01004	0.00691	0.00213	0.00688	0.00854	0.00491	0.00854
4	0.01062	0.00884	0.01250	0.01174	0.01386	0.00843	0.07631	0.01477	0.10451	0.01952	0.03237	0.48176	0.06690	0.01613	0.00788	0.00243	0.00491	0.01472	0.00580	0.08601
5	0.01176	0.10730	0.01305	0.00964	0.01190	0.01015	0.00753	0.08152	0.01774	0.02388	0.33542	0.21913	0.09733	0.01418	0.00748	0.00218	0.00431	0.01229	0.00635	0.00687
6	0.01470	0.01288	0.01611	0.06513	0.07322	0.01247	0.01077	0.05230	0.10555	0.02256	0.01706	0.01891	0.05147	0.00722	0.00743	0.00164	0.08049	0.00561	0.00438	0.42011
7	0.11892	0.01219	0.01325	0.01047	0.01523	0.01116	0.00829	0.10827	0.04969	0.02528	0.01866	0.09212	0.05492	0.00805	0.00572	0.00158	0.00514	0.00649	0.00486	0.42970
8	0.02130	0.01844	0.02112	0.11236	0.02498	0.09323	0.08192	0.35877	0.14286	0.03179	0.01664	0.01766	0.01224	0.00770	0.00678	0.00208	0.00811	0.00631	0.00557	0.01014
9	0.12559	0.02563	0.01754	0.01739	0.07963	0.50823	0.01223	0.02394	0.01770	0.01972	0.08019	0.01608	0.01402	0.00741	0.00604	0.00183	0.00996	0.00514	0.00392	0.00782
10	0.01619	0.01556	0.01809	0.16040	0.13213	0.10579	0.01305	0.05289	0.07970	0.02171	0.01476	0.01719	0.02729	0.00652	0.00603	0.00168	0.00723	0.00539	0.00406	0.29436
11	0.01393	0.03412	0.04618	0.04056	0.03330	0.15356	0.00961	0.07142	0.01591	0.01918	0.02987	0.28924	0.12841	0.07238	0.00948	0.00260	0.00660	0.01171	0.00511	0.00683

[dist]
# distance from previous block
# <min> <max>
0	2

[block]
# block no. 6 follows, 32 sequences, length 57
# corresponding to MSA columns:
# 261-317
name=unknown_G
#
# <colnr> <probs for GDERKNQSTAVLIFYWHMCP>
#	G	D	E	R	K	N	Q	S	T	A	V	L	I	F	Y	W	H	M	C	P
0	0.01555	0.01498	0.02174	0.13994	0.39353	0.06743	0.01664	0.04091	0.01505	0.02012	0.01665	0.02171	0.05701	0.06126	0.03584	0.00270	0.03974	0.00668	0.00362	0.00888
1	0.01445	0.01276	0.01486	0.01321	0.01543	0.08512	0.04169	0.12518	0.01580	0.02101	0.02139	0.09916	0.06858	0.02546	0.27182	0.00534	0.09962	0.00829	0.03357	0.00728
2	0.00963	0.00739	0.00917	0.01004	0.05587	0.00677	0.00688	0.01212	0.01627	0.02192	0.29097	0.07491	0.29875	0.04194	0.00868	0.00236	0.00390	0.05477	0.06141	0.00624
3	0.01505	0.01353	0.01446	0.01062	0.01639	0.05972	0.00845	0.03916	0.01482	0.02213	0.01195	0.01386	0.00990	0.00520	0.00510	0.00108	0.00554	0.00406	0.00403	0.72495
4	0.07001	0.07673	0.05058	0.04960	0.25482	0.04115	0.01510	0.20249	0.04193	0.02675	0.01712	0.01896	0.05956	0.00771	0.00701	0.00203	0.03800	0.00617	0.00452	0.00974
5	0.01200	0.00653	0.01002	0.01099	0.05812	0.00653	0.00685	0.00956	0.00919	0.01237	0.01172	0.02013	0.01158	0.02211	0.02487	0.74922	0.00598	0.00584	0.00294	0.00345
6	0.00844	0.00601	0.00801	0.00951	0.00997	0.00567	0.00651	0.00972	0.01294	0.01721	0.03629	0.68016	0.04320	0.04787	0.00955	0.00289	0.00417	0.07030	0.00615	0.00546
7	0.01391	0.01193	0.01391	0.00994	0.01590	0.00894	0.00795	0.01690	0.01391	0.02186	0.01193	0.01391	0.00994	0.00497	0.00497	0.00099	0.00497	0.00398	0.00398	0.80521
8	0.01944	0.13433	0.28209	0.01685	0.05129	0.12717	0.01673	0.10148	0.03574	0.11116	0.01554	0.01635	0.02859	0.00713	0.00617	0.00195	0.00866	0.00536	0.00428	0.00970
9	0.00931	0.00632	0.00745	0.00789	0.00801	0.00620	0.00468	0.00964	0.01064	0.01418	0.02565	0.24771	0.03008	0.55263	0.02687	0.00543	0.00576	0.01241	0.00468	0.00446
10	0.01391	0.01193	0.01391	0.00994	0.01590	0.00894	0.00795	0.01690	0.01391	0.02186	0.01193	0.01391	0.00994	0.00497	0.00497	0.00099	0.00497	0.00398	0.00398	0.80521
11	0.01391	0.01193	0.01391	0.00994	0.01590	0.00894	0.00795	0.01690	0.01391	0.02186	0.01193	0.01391	0.00994	0.00497	0.00497	0.00099	0.00497	0.00398	0.00398	0.80521
12	0.01794	0.76823	0.03516	0.01148	0.01722	0.02655	0.01148	0.02009	0.01363	0.01579	0.00933	0.01076	0.00861	0.00574	0.00431	0.00144	0.00718	0.00359	0.00287	0.00861
13	0.01433	0.01416	0.01987	0.01714	0.01722	0.01971	0.01424	0.01586	0.01031	0.01611	0.00944	0.01549	0.00936	0.01442	0.07173	0.00348	0.70093	0.00596	0.00298	0.00725
14	0.01669	0.01441	0.01517	0.01365	0.01745	0.01669	0.01062	0.03565	0.71021	0.02807	0.02731	0.02503	0.02048	0.00910	0.00683	0.00228	0.00531	0.00759	0.00683	0.01062
15	0.00959	0.00719	0.01078	0.01078	0.01198	0.00839	0.00839	0.01198	0.01078	0.01558	0.01797	0.02636	0.01677	0.05032	0.73760	0.01078	0.01797	0.00719	0.00359	0.00599
16	0.01521	0.01434	0.02424	0.20717	0.50537	0.01505	0.01935	0.01924	0.01485	0.02064	0.01427	0.02158	0.01244	0.00715	0.00687	0.00214	0.00806	0.05905	0.00347	0.00952
17	0.00975	0.00655	0.00754	0.00754	0.00762	0.00663	0.00435	0.00990	0.00982	0.01318	0.02094	0.04277	0.02390	0.71787	0.07980	0.00678	0.00725	0.00959	0.00404	0.00419
18	0.01669	0.01441	0.01517	0.01365	0.01745	0.01669	0.01062	0.03565	0.71021	0.02807	0.02731	0.02503	0.02048	0.00910	0.00683	0.00228	0.00531	0.00759	0.00683	0.01062
19	0.01879	0.01388	0.01588	0.01173	0.01745	0.01249	0.00953	0.21779	0.01955	0.09262	0.01448	0.01537	0.01098	0.00618	0.00564	0.00139	0.00574	0.00483	0.00517	0.50049
20	0.01352	0.01595	0.11125	0.01951	0.02450	0.01305	0.32580	0.06134	0.01586	0.02143	0.02414	0.20643	0.07269	0.01097	0.00786	0.00237	0.00829	0.03241	0.00455	0.00807
21	0.00964	0.00696	0.00962	0.00962	0.01042	0.00776	0.00694	0.01124	0.01044	0.01472	0.01903	0.03224	0.01933	0.28951	0.50191	0.00935	0.01413	0.00805	0.00375	0.00535
22	0.02335	0.02815	0.01915	0.01867	0.08097	0.58341	0.01318	0.06648	0.01945	0.01916	0.05688	0.01520	0.01253	0.00734	0.00626	0.00179	0.01087	0.00508	0.00390	0.00815
23	0.01733	0.01968	0.05094	0.15159	0.14822	0.19353	0.06312	0.02124	0.04877	0.01856	0.01178	0.01568	0.00977	0.00790	0.01037	0.00224	0.19180	0.00572	0.00336	0.00842
24	0.01366	0.01151	0.01358	0.01013	0.01512	0.00940	0.00799	0.03318	0.01424	0.02184	0.05840	0.01843	0.01439	0.05845	0.00796	0.00156	0.03715	0.00504	0.00423	0.64374
25	0.00942	0.00793	0.00831	0.00802	0.01042	0.00738	0.00607	0.01386	0.11879	0.02068	0.14200	0.05693	0.53521	0.01542	0.00776	0.00225	0.00365	0.01294	0.00646	0.00648
26	0.01697	0.01466	0.01612	0.01550	0.06330	0.01678	0.01134	0.05653	0.64280	0.02814	0.02599	0.02419	0.01954	0.00887	0.00681	0.00225	0.00555	0.00743	0.00660	0.01065
27	0.01824	0.66093	0.03251	0.01184	0.01741	0.08161	0.01137	0.02041	0.01408	0.01623	0.00958	0.01107	0.00870	0.00578	0.00449	0.00143	0.00742	0.00367	0.00299	0.06023
28	0.01361	0.02964	0.58801	0.01792	0.02637	0.01415	0.04397	0.02030	0.01428	0.05112	0.01576	0.10567	0.01328	0.00822	0.00671	0.00220	0.00905	0.00686	0.00350	0.00941
29	0.01407	0.01257	0.01801	0.29903	0.13568	0.01435	0.01459	0.02283	0.23348	0.02276	0.12167	0.02472	0.02089	0.00839	0.00691	0.00219	0.00680	0.00739	0.00490	0.00877
30	0.01182	0.01273	0.08502	0.01428	0.01787	0.01069	0.14448	0.01776	0.12143	0.02226	0.17037	0.17680	0.11666	0.01272	0.00778	0.00234	0.00602	0.03571	0.00567	0.00761
31	0.00895	0.00713	0.00822	0.00877	0.01078	0.00640	0.00713	0.01115	0.01535	0.01882	0.05645	0.06852	0.47782	0.01754	0.00841	0.00256	0.00439	0.24957	0.00621	0.00585
32	0.01495	0.01425	0.02424	0.33933	0.43716	0.01551	0.01977	0.01914	0.01449	0.01991	0.01233	0.01715	0.00992	0.00629	0.00667	0.00210	0.00838	0.00597	0.00318	0.00929
33	0.01413	0.01486	0.05131	0.30407	0.22840	0.01495	0.17118	0.01864	0.01466	0.01968	0.01693	0.02114	0.06587	0.00707	0.00705	0.00217	0.00880	0.00702	0.00342	0.00865
34	0.01599	0.01860	0.11136	0.07476	0.45463	0.06513	0.06204	0.02030	0.01533	0.02094	0.01540	0.02005	0.03966	0.00697	0.00679	0.00207	0.00852	0.02827	0.00347	0.00971
35	0.00993	0.00664	0.00819	0.00873	0.01014	0.00592	0.00619	0.01151	0.01451	0.07424	0.09274	0.44512	0.24465	0.01831	0.00819	0.00249	0.00384	0.01615	0.00647	0.00605
36	0.01319	0.00781	0.01000	0.00915	0.01119	0.00725	0.00681	0.01630	0.04363	0.14532	0.41792	0.10589	0.06935	0.09340	0.01053	0.00264	0.00411	0.01145	0.00703	0.00703
37	0.01557	0.12068	0.49973	0.02050	0.11137	0.04587	0.02154	0.02174	0.01465	0.05083	0.01233	0.01434	0.00913	0.00635	0.00616	0.00201	0.00925	0.00497	0.00316	0.00982
38	0.01346	0.03471	0.72942	0.01912	0.02904	0.01558	0.02479	0.02125	0.01417	0.02125	0.01204	0.01417	0.00850	0.00637	0.00637	0.00212	0.00992	0.00496	0.00283	0.00992
39	0.50933	0.01475	0.01353	0.01115	0.01576	0.01658	0.00920	0.23964	0.01839	0.07778	0.01260	0.01333	0.00919	0.00695	0.00514	0.00206	0.00593	0.00460	0.00524	0.00886
40	0.03816	0.03198	0.04199	0.21465	0.39183	0.04849	0.05665	0.03592	0.03716	0.02118	0.01277	0.01673	0.01023	0.00634	0.00659	0.00206	0.00845	0.00592	0.00343	0.00947
41	0.01266	0.03221	0.08805	0.04509	0.11648	0.03776	0.12326	0.03767	0.01484	0.01973	0.02629	0.31905	0.07285	0.01291	0.00761	0.00235	0.00689	0.01192	0.00475	0.00763
42	0.02508	0.01819	0.01961	0.01517	0.02043	0.02008	0.01249	0.62703	0.07802	0.06896	0.01730	0.01700	0.01225	0.00814	0.00672	0.00203	0.00717	0.00618	0.00678	0.01136
43	0.01346	0.03471	0.72942	0.01912	0.02904	0.01558	0.02479	0.02125	0.01417	0.02125	0.01204	0.01417	0.00850	0.00637	0.00637	0.00212	0.00992	0.00496	0.00283	0.00992
44	0.01579	0.01413	0.02226	0.05124	0.47884	0.01432	0.01667	0.09280	0.01690	0.02357	0.05462	0.11175	0.04000	0.00884	0.00700	0.00211	0.00703	0.00818	0.00435	0.00960
45	0.02866	0.01245	0.01605	0.01245	0.01756	0.01156	0.01024	0.10756	0.06841	0.60200	0.02537	0.02224	0.01630	0.00833	0.00675	0.00208	0.00587	0.00673	0.00802	0.01136
46	0.00818	0.00584	0.00779	0.00934	0.00973	0.00545	0.00623	0.00934	0.01285	0.01713	0.03698	0.75981	0.04438	0.02102	0.00856	0.00273	0.00389	0.01908	0.00623	0.00545
47	0.01031	0.00734	0.00892	0.00935	0.01075	0.00695	0.00665	0.06708	0.01548	0.04192	0.08549	0.48845	0.17947	0.01827	0.00818	0.00251	0.00409	0.01617	0.00641	0.00622
48	0.08252	0.02230	0.01998	0.02012	0.11852	0.33343	0.01418	0.02172	0.01490	0.01819	0.01008	0.01352	0.00887	0.00837	0.01143	0.00221	0.26331	0.00503	0.00332	0.00799
49	0.00894	0.00636	0.00853	0.00983	0.01046	0.00620	0.00705	0.01045	0.01290	0.01719	0.03384	0.50671	0.03940	0.09519	0.06165	0.00372	0.00556	0.14468	0.00583	0.00549
50	0.01310	0.01115	0.01123	0.01133	0.01294	0.09727	0.00826	0.11534	0.01667	0.02119	0.05216	0.46707	0.03469	0.04045	0.00881	0.00262	0.00562	0.05750	0.00593	0.00666
51	0.13577	0.04672	0.08144	0.12702	0.16748	0.11675	0.07951	0.12502	0.01735	0.02448	0.01218	0.01497	0.00944	0.00656	0.00622	0.00202	0.00863	0.00542	0.00388	0.00912
52	0.06425	0.04137	0.04392	0.11987	0.04355	0.13062	0.04685	0.10507	0.09493	0.08090	0.05466	0.10871	0.01821	0.00925	0.00673	0.00213	0.00753	0.00771	0.00509	0.00866
53	0.08170	0.01272	0.04522	0.04331	0.03856	0.01222	0.03634	0.15135	0.06160	0.12270	0.04523	0.16513	0.11480	0.01175	0.00715	0.00226	0.00587	0.02750	0.00603	0.00854
54	0.04677	0.06691	0.09225	0.03953	0.05113	0.08920	0.07943	0.14112	0.11397	0.04379	0.05861	0.03737	0.01610	0.03060	0.03737	0.00251	0.00815	0.00668	0.00486	0.03366
55	0.04243	0.09226	0.13488	0.03688	0.08559	0.05526	0.01414	0.06479	0.06214	0.07202	0.04405	0.02476	0.04582	0.00904	0.00799	0.00213	0.07745	0.06974	0.00457	0.05408
56	0.04107	0.14325	0.05483	0.01641	0.09331	0.07154	0.06867	0.07294	0.09370	0.04442	0.02372	0.04187	0.12728	0.00867	0.00637	0.00193	0.00695	0.00719	0.00467	0.07121

[dist]
# distance from previous block
# <min> <max>
8	97

[block]
# block no. 7 follows, 32 sequences, length 19
# corresponding to MSA columns:
# 415-433
name=unknown_H
#
# <colnr> <probs for GDERKNQSTAVLIFYWHMCP>
#	G	D	E	R	K	N	Q	S	T	A	V	L	I	F	Y	W	H	M	C	P
0	0.01518	0.33077	0.09215	0.04913	0.01928	0.06558	0.05035	0.01841	0.02838	0.01795	0.03970	0.08962	0.08047	0.00888	0.00642	0.00187	0.03015	0.00700	0.00384	0.04486
1	0.01328	0.15196	0.17460	0.01275	0.01719	0.01336	0.03317	0.05304	0.01506	0.03425	0.07009	0.08653	0.09555	0.07682	0.05329	0.00305	0.00747	0.07633	0.00458	0.00763
2	0.01683	0.05491	0.19423	0.07179	0.11455	0.04511	0.05018	0.05055	0.01586	0.11984	0.03204	0.08938	0.01656	0.00920	0.00766	0.00222	0.04442	0.05107	0.00453	0.00906
3	0.01372	0.09705	0.16108	0.01583	0.07966	0.01291	0.04672	0.04906	0.04843	0.04205	0.05576	0.25120	0.02380	0.01137	0.00697	0.00216	0.00650	0.01000	0.00481	0.06089
4	0.05966	0.08614	0.01941	0.01496	0.06443	0.01578	0.01165	0.21606	0.02095	0.32617	0.03565	0.01898	0.01418	0.00810	0.00741	0.00205	0.05530	0.00613	0.00645	0.01052
5	0.03358	0.09692	0.04295	0.09219	0.05805	0.02865	0.19108	0.02292	0.12704	0.09402	0.06474	0.04369	0.03443	0.00813	0.00735	0.00215	0.03095	0.00745	0.00476	0.00895
6	0.01353	0.04314	0.37706	0.05517	0.06028	0.01430	0.10900	0.05010	0.01494	0.02114	0.01724	0.16022	0.01597	0.00919	0.00700	0.00224	0.00860	0.00821	0.00378	0.00888
7	0.01570	0.05449	0.55413	0.01895	0.02785	0.01602	0.08028	0.06648	0.01576	0.06909	0.01330	0.01509	0.00937	0.00653	0.00649	0.00210	0.00950	0.00536	0.00350	0.01000
8	0.01609	0.01503	0.01684	0.04870	0.01966	0.08972	0.06991	0.04788	0.37109	0.02433	0.02708	0.03309	0.06237	0.01044	0.00729	0.00234	0.00679	0.11643	0.00586	0.00905
9	0.01285	0.09630	0.07470	0.02987	0.07717	0.03017	0.07313	0.01566	0.01423	0.05279	0.02825	0.26595	0.10430	0.01556	0.05524	0.00285	0.00711	0.03161	0.00486	0.00741
10	0.03959	0.01316	0.10716	0.01208	0.01615	0.01023	0.01069	0.08289	0.01696	0.27523	0.02756	0.22617	0.05723	0.01468	0.05546	0.00284	0.00660	0.01016	0.00634	0.00882
11	0.00921	0.00760	0.00839	0.00801	0.01046	0.00652	0.00596	0.01175	0.03993	0.01962	0.11352	0.16429	0.43549	0.01546	0.00760	0.00216	0.00373	0.01317	0.00606	0.11109
12	0.00982	0.00675	0.00945	0.00955	0.01024	0.00740	0.00682	0.01083	0.01038	0.01450	0.01908	0.07395	0.01969	0.22621	0.42150	0.11401	0.01262	0.00837	0.00378	0.00506
13	0.42305	0.03742	0.03722	0.01307	0.06511	0.01542	0.01004	0.12221	0.06095	0.05075	0.01427	0.05142	0.01177	0.01010	0.04918	0.00261	0.00666	0.00553	0.00477	0.00844
14	0.05658	0.03372	0.01892	0.06028	0.06665	0.19532	0.07343	0.04059	0.09515	0.06852	0.02969	0.03632	0.01364	0.02800	0.02727	0.00222	0.00832	0.00607	0.00448	0.13484
15	0.05559	0.09225	0.09724	0.05454	0.14661	0.01480	0.04570	0.03908	0.04781	0.14423	0.04916	0.02285	0.08129	0.00834	0.00744	0.00208	0.05315	0.00680	0.00480	0.02625
16	0.01578	0.01558	0.07894	0.11966	0.16668	0.04975	0.03122	0.11140	0.04158	0.04215	0.01911	0.13825	0.01800	0.01143	0.03019	0.00255	0.04239	0.05204	0.00461	0.00868
17	0.01535	0.01552	0.03999	0.05605	0.22843	0.05805	0.11748	0.02130	0.12116	0.02137	0.02005	0.04944	0.06043	0.00875	0.00842	0.00222	0.07863	0.02602	0.04247	0.00890
18	0.06881	0.05378	0.11374	0.15980	0.17468	0.05861	0.01578	0.10764	0.01690	0.02365	0.05441	0.01874	0.03454	0.00721	0.00631	0.00197	0.00773	0.00594	0.00404	0.06570

[dist]
# distance from previous block
# <min> <max>
3	26

[block]
# block no. 8 follows, 32 sequences, length 50
# corresponding to MSA columns:
# 460-509
name=unknown_I
#
# <colnr> <probs for GDERKNQSTAVLIFYWHMCP>
#	G	D	E	R	K	N	Q	S	T	A	V	L	I	F	Y	W	H	M	C	P
0	0.05046	0.01671	0.08813	0.11067	0.10624	0.08991	0.01354	0.08459	0.06504	0.02185	0.01810	0.06427	0.04689	0.07274	0.00998	0.00248	0.06218	0.00709	0.02207	0.04704
1	0.01674	0.01502	0.05425	0.01598	0.09761	0.04519	0.01164	0.09458	0.22170	0.05907	0.01967	0.05401	0.01627	0.05241	0.05674	0.00277	0.00718	0.00690	0.00524	0.14701
2	0.01538	0.01180	0.01572	0.01539	0.08016	0.01253	0.03650	0.17465	0.03608	0.05651	0.06133	0.26413	0.02557	0.01542	0.05741	0.00290	0.06871	0.01080	0.00562	0.03338
3	0.04568	0.01344	0.01455	0.01270	0.05003	0.05977	0.00954	0.10656	0.04703	0.02408	0.03814	0.02323	0.07602	0.01029	0.04655	0.00214	0.02411	0.03054	0.02303	0.34258
4	0.01477	0.04002	0.02154	0.01763	0.06696	0.01339	0.19632	0.09048	0.09066	0.02350	0.08003	0.13023	0.02192	0.06129	0.00902	0.00239	0.00705	0.00907	0.00496	0.09874
5	0.01883	0.06147	0.04992	0.06067	0.34012	0.15635	0.03352	0.08565	0.08655	0.02275	0.01376	0.01621	0.01102	0.00669	0.00645	0.00196	0.00860	0.00570	0.00395	0.00983
6	0.11729	0.06018	0.12192	0.01766	0.07585	0.25260	0.01444	0.09027	0.07717	0.02273	0.01250	0.01430	0.00992	0.00737	0.00745	0.00202	0.07846	0.00502	0.00398	0.00885
7	0.01128	0.00879	0.00931	0.00949	0.02792	0.05506	0.00582	0.02942	0.01128	0.01463	0.02026	0.06120	0.02251	0.57787	0.10259	0.00628	0.00803	0.00924	0.00410	0.00492
8	0.02355	0.19115	0.02261	0.01588	0.01998	0.52724	0.01263	0.07737	0.01881	0.01828	0.01059	0.01212	0.00885	0.00675	0.00572	0.00169	0.01066	0.00429	0.00358	0.00824
9	0.00891	0.00680	0.00818	0.00790	0.00968	0.00607	0.00590	0.01151	0.01752	0.02357	0.47263	0.07801	0.28874	0.01508	0.00794	0.00218	0.00327	0.01306	0.00695	0.00607
10	0.04544	0.02858	0.51653	0.01738	0.02542	0.04022	0.03644	0.05346	0.01532	0.06915	0.01524	0.07945	0.01229	0.00785	0.00655	0.00216	0.00892	0.00635	0.00376	0.00950
11	0.01565	0.04626	0.44155	0.02315	0.12998	0.04323	0.12664	0.02193	0.01500	0.05543	0.01294	0.01539	0.00947	0.00630	0.00661	0.00209	0.00966	0.00559	0.00328	0.00985
12	0.00959	0.00719	0.01078	0.01078	0.01198	0.00839	0.00839	0.01198	0.01078	0.01558	0.01797	0.02636	0.01677	0.05032	0.73760	0.01078	0.01797	0.00719	0.00359	0.00599
13	0.02637	0.01128	0.01450	0.01138	0.01594	0.01034	0.00931	0.09775	0.01977	0.53200	0.05507	0.02364	0.01820	0.00845	0.00652	0.00200	0.00542	0.00684	0.11473	0.01050
14	0.01386	0.01328	0.02112	0.35111	0.17432	0.01635	0.01727	0.01718	0.01284	0.01782	0.01234	0.05202	0.01094	0.00874	0.01133	0.00242	0.22934	0.00656	0.00319	0.00797
15	0.03805	0.01624	0.02042	0.06745	0.19566	0.09666	0.04741	0.14661	0.03924	0.02360	0.01420	0.01848	0.01187	0.04124	0.09530	0.00330	0.08545	0.00617	0.02379	0.00885
16	0.01285	0.01227	0.02119	0.70851	0.04560	0.01502	0.05596	0.01738	0.01355	0.01738	0.01202	0.01790	0.00901	0.00665	0.00677	0.00224	0.00907	0.00607	0.00300	0.00754
17	0.00995	0.07342	0.01191	0.00910	0.01150	0.00834	0.03930	0.01258	0.01693	0.02236	0.37833	0.06760	0.28613	0.01397	0.00762	0.00213	0.00400	0.01207	0.00637	0.00640
18	0.06404	0.09657	0.45806	0.01750	0.02555	0.04822	0.05716	0.05476	0.04453	0.05399	0.01312	0.01472	0.00954	0.00657	0.00617	0.00205	0.00905	0.00513	0.00357	0.00966
19	0.00856	0.00688	0.00842	0.00986	0.04858	0.00615	0.00648	0.01019	0.01432	0.01815	0.07017	0.36850	0.36342	0.01807	0.00814	0.00245	0.00386	0.01582	0.00610	0.00586
20	0.02275	0.01118	0.03618	0.01136	0.01560	0.00967	0.00940	0.02701	0.08307	0.45411	0.14010	0.06456	0.06417	0.01027	0.00708	0.00214	0.00518	0.00863	0.00763	0.00988
21	0.01320	0.01247	0.02108	0.65303	0.13711	0.01505	0.01890	0.01761	0.01367	0.01779	0.01202	0.01772	0.00917	0.00661	0.00670	0.00220	0.00881	0.00597	0.00303	0.00788
22	0.01546	0.01789	0.14467	0.34787	0.21366	0.04663	0.03631	0.02018	0.01467	0.06065	0.01295	0.01696	0.00977	0.00654	0.00664	0.00212	0.00887	0.00582	0.00339	0.00898
23	0.01470	0.01424	0.02489	0.37093	0.35112	0.01554	0.07371	0.01905	0.01445	0.01965	0.01237	0.01733	0.00980	0.00629	0.00678	0.00213	0.00869	0.00613	0.00317	0.00902
