[name]
unknown

[dist]
# distance from previous block
# <min> <max>
0	65

[block]
# block no. 0 follows, 34 sequences, length 9
# corresponding to MSA columns:
# 65-73
name=unknown_A
#
# <colnr> <probs for GDERKNQSTAVLIFYWHMCP>
#	G	D	E	R	K	N	Q	S	T	A	V	L	I	F	Y	W	H	M	C	P
0	0.16169	0.01125	0.01217	0.01097	0.01393	0.01210	0.00880	0.19386	0.05196	0.02617	0.04817	0.08169	0.04735	0.07995	0.05199	0.00305	0.00633	0.13559	0.00540	0.03759
1	0.15908	0.01772	0.01596	0.09632	0.02019	0.19777	0.01121	0.18319	0.04326	0.12101	0.06134	0.01719	0.01363	0.00746	0.00596	0.00193	0.00750	0.00552	0.00510	0.00865
2	0.01025	0.00743	0.01052	0.01027	0.01149	0.00846	0.00785	0.05118	0.01133	0.01604	0.01703	0.02568	0.01607	0.09770	0.60476	0.06249	0.01514	0.00696	0.00362	0.00574
3	0.03724	0.04589	0.10016	0.08857	0.20627	0.06321	0.17952	0.06545	0.01543	0.02096	0.01491	0.10450	0.01338	0.00769	0.00670	0.00206	0.00837	0.00734	0.00370	0.00866
4	0.01378	0.01372	0.02020	0.05031	0.01880	0.01855	0.05428	0.01562	0.01038	0.01585	0.00949	0.01523	0.00909	0.01328	0.06928	0.00327	0.63303	0.00586	0.00290	0.00708
5	0.00781	0.00586	0.00725	0.00837	0.00921	0.00530	0.00572	0.00907	0.01297	0.01674	0.04326	0.58755	0.21896	0.01925	0.00809	0.00251	0.00363	0.01716	0.00600	0.00530
6	0.02309	0.01737	0.01856	0.01457	0.01948	0.01935	0.01193	0.59407	0.14977	0.03835	0.01738	0.01700	0.01250	0.00793	0.00648	0.00198	0.00676	0.00607	0.00648	0.01086
7	0.01642	0.01644	0.02420	0.03508	0.60759	0.09370	0.01812	0.01997	0.01534	0.02086	0.05964	0.01767	0.01340	0.00635	0.00642	0.00190	0.00780	0.00598	0.00347	0.00966
8	0.02317	0.00973	0.01299	0.01039	0.01445	0.00847	0.00842	0.02570	0.01812	0.53243	0.16943	0.03074	0.08719	0.00977	0.00682	0.00202	0.00482	0.00816	0.00765	0.00954

[dist]
# distance from previous block
# <min> <max>
0	1

[block]
# block no. 1 follows, 34 sequences, length 9
# corresponding to MSA columns:
# 75-83
name=unknown_B
#
# <colnr> <probs for GDERKNQSTAVLIFYWHMCP>
#	G	D	E	R	K	N	Q	S	T	A	V	L	I	F	Y	W	H	M	C	P
0	0.11402	0.07006	0.08265	0.04495	0.01913	0.01439	0.01165	0.18591	0.01935	0.34660	0.01825	0.01738	0.01223	0.00730	0.00600	0.00195	0.00642	0.00559	0.00611	0.01005
1	0.01264	0.01193	0.02017	0.67488	0.12361	0.01447	0.01816	0.01689	0.01313	0.01704	0.01156	0.01708	0.00880	0.00638	0.00645	0.00213	0.00851	0.00574	0.00291	0.00753
2	0.00877	0.00636	0.00750	0.00751	0.00850	0.00593	0.00506	0.01022	0.01369	0.01829	0.25800	0.13186	0.18500	0.28590	0.01672	0.00364	0.00432	0.01204	0.00561	0.00509
3	0.01449	0.00792	0.01037	0.01026	0.01234	0.00743	0.00782	0.01739	0.06065	0.21282	0.03345	0.38322	0.06516	0.01565	0.00774	0.00246	0.00461	0.11242	0.00657	0.00724
4	0.01590	0.08430	0.21053	0.13935	0.26806	0.03476	0.04879	0.05137	0.01502	0.05393	0.01240	0.01531	0.00952	0.00615	0.00620	0.00195	0.00836	0.00538	0.00337	0.00935
5	0.01519	0.01475	0.02687	0.25931	0.06524	0.01565	0.30642	0.04868	0.09618	0.04403	0.01442	0.01805	0.01079	0.00650	0.00736	0.00216	0.02930	0.00674	0.00379	0.00858
6	0.01019	0.00683	0.00886	0.00936	0.01054	0.00656	0.00682	0.01285	0.05014	0.06063	0.19436	0.39241	0.04236	0.06606	0.00960	0.00271	0.00418	0.09326	0.00626	0.00602
7	0.07544	0.04278	0.16418	0.01641	0.06002	0.23125	0.03299	0.07595	0.06023	0.10585	0.01535	0.06392	0.01240	0.00765	0.00613	0.00194	0.00840	0.00593	0.00439	0.00879
8	0.07862	0.02221	0.01737	0.05382	0.05979	0.38870	0.01223	0.08651	0.04811	0.05253	0.01425	0.01674	0.03125	0.00758	0.00678	0.00188	0.04760	0.02349	0.00412	0.02641

[dist]
# distance from previous block
# <min> <max>
2	6

[block]
# block no. 2 follows, 34 sequences, length 25
# corresponding to MSA columns:
# 90-114
name=unknown_C
#
# <colnr> <probs for GDERKNQSTAVLIFYWHMCP>
#	G	D	E	R	K	N	Q	S	T	A	V	L	I	F	Y	W	H	M	C	P
0	0.06892	0.01598	0.01941	0.11236	0.12679	0.12416	0.04671	0.06288	0.01481	0.06677	0.01496	0.01909	0.04475	0.00857	0.01019	0.00221	0.20229	0.02719	0.00388	0.00808
1	0.05143	0.04153	0.03925	0.04530	0.01291	0.00812	0.00801	0.01248	0.01308	0.03871	0.06882	0.33162	0.06993	0.10107	0.01034	0.00282	0.00501	0.10320	0.00529	0.03109
2	0.01663	0.01311	0.04107	0.11486	0.12931	0.01237	0.14533	0.06669	0.01648	0.15365	0.10182	0.08458	0.01971	0.00841	0.00688	0.00205	0.00701	0.00790	0.00499	0.04717
3	0.05448	0.05990	0.01957	0.10426	0.17458	0.01328	0.05430	0.07687	0.01539	0.08275	0.01499	0.07807	0.01284	0.00714	0.00600	0.00176	0.00653	0.00626	0.00425	0.20678
4	0.03681	0.01205	0.01851	0.18210	0.04940	0.01448	0.07491	0.01726	0.04582	0.04921	0.04315	0.02371	0.01496	0.03333	0.07049	0.00317	0.23717	0.06227	0.00383	0.00735
5	0.01449	0.01185	0.01411	0.03997	0.03604	0.06867	0.04787	0.12352	0.01592	0.05698	0.04342	0.08956	0.09895	0.15461	0.08203	0.00371	0.04334	0.04310	0.00487	0.00700
6	0.01891	0.09751	0.28478	0.01882	0.10092	0.10247	0.05801	0.06366	0.01627	0.15708	0.01417	0.01527	0.01018	0.00651	0.00611	0.00191	0.00850	0.00524	0.00411	0.00957
7	0.01680	0.05083	0.02557	0.03420	0.57691	0.01503	0.05324	0.02042	0.01489	0.08021	0.01402	0.04388	0.01179	0.00645	0.00643	0.00194	0.00748	0.00627	0.00368	0.00995
8	0.01031	0.01038	0.07997	0.05001	0.04872	0.00875	0.05506	0.01274	0.01236	0.01679	0.05730	0.12615	0.07353	0.22958	0.11930	0.00457	0.00793	0.06620	0.00433	0.00603
9	0.05018	0.01426	0.12689	0.06822	0.02081	0.01151	0.13125	0.01865	0.08983	0.06658	0.04691	0.09541	0.11351	0.01084	0.00720	0.00229	0.00676	0.10620	0.00493	0.00777
10	0.04647	0.05366	0.10481	0.15816	0.14015	0.12415	0.01446	0.02050	0.07348	0.06029	0.04313	0.08160	0.03567	0.00824	0.00635	0.00202	0.00757	0.00688	0.00412	0.00828
11	0.01468	0.01523	0.06259	0.18694	0.35515	0.04112	0.05505	0.04336	0.03487	0.02025	0.01585	0.07891	0.03245	0.00758	0.00663	0.00205	0.00777	0.00703	0.00363	0.00884
12	0.09305	0.01544	0.01612	0.01331	0.01765	0.05036	0.01085	0.32615	0.16257	0.13469	0.01982	0.02231	0.01515	0.00862	0.00645	0.00208	0.00641	0.06278	0.00630	0.00990
13	0.01191	0.00888	0.01069	0.01058	0.01273	0.00927	0.00829	0.01865	0.21205	0.05503	0.11953	0.15387	0.11376	0.01701	0.06918	0.00307	0.00564	0.14648	0.00617	0.00722
14	0.01340	0.01148	0.01340	0.00957	0.01531	0.00861	0.00766	0.01627	0.01340	0.02105	0.01148	0.01340	0.00957	0.00479	0.00479	0.00096	0.00479	0.00383	0.00383	0.81242
15	0.01662	0.07022	0.42134	0.01697	0.02447	0.01556	0.07206	0.13324	0.01688	0.09375	0.01467	0.04966	0.01113	0.00714	0.00632	0.00202	0.00843	0.00588	0.00405	0.00959
16	0.00940	0.00626	0.00705	0.00705	0.00705	0.00626	0.00392	0.00940	0.00940	0.01253	0.02036	0.04228	0.02349	0.77292	0.03289	0.00626	0.00626	0.00940	0.00392	0.00392
17	0.00988	0.00679	0.00923	0.04099	0.01237	0.00655	0.00793	0.01190	0.01391	0.05236	0.07112	0.40618	0.08562	0.01774	0.00822	0.00262	0.00464	0.22008	0.00601	0.00587
18	0.01455	0.01340	0.02205	0.32822	0.30587	0.01463	0.04915	0.07255	0.01552	0.02114	0.06849	0.01906	0.01359	0.00677	0.00658	0.00204	0.00780	0.00631	0.00363	0.00865
19	0.04937	0.01289	0.01441	0.01081	0.01606	0.01164	0.00871	0.16958	0.05319	0.02621	0.04409	0.01580	0.01252	0.00605	0.00533	0.00133	0.00525	0.00477	0.00470	0.52731
20	0.09252	0.19954	0.11085	0.01329	0.01855	0.08545	0.01237	0.14897	0.05119	0.13132	0.01398	0.01450	0.01042	0.00687	0.00608	0.00182	0.03486	0.00486	0.00461	0.03795
21	0.00984	0.00817	0.00980	0.04587	0.04518	0.04453	0.00762	0.03310	0.01388	0.01795	0.06464	0.53033	0.11030	0.01712	0.00781	0.00243	0.00459	0.01528	0.00565	0.00592
22	0.01491	0.07119	0.07794	0.06773	0.11439	0.01273	0.01202	0.07944	0.01506	0.02202	0.01176	0.01400	0.00951	0.00547	0.00533	0.00138	0.00620	0.00445	0.00374	0.45075
23	0.01347	0.02926	0.12826	0.15575	0.05022	0.01347	0.07836	0.07200	0.05100	0.02077	0.02225	0.02417	0.14013	0.00843	0.00756	0.00200	0.06202	0.00700	0.00405	0.10982
24	0.01087	0.00695	0.00915	0.00848	0.01026	0.00636	0.00640	0.01376	0.01797	0.08989	0.62591	0.08687	0.05585	0.01314	0.00755	0.00206	0.00331	0.01159	0.00713	0.00649

[dist]
# distance from previous block
# <min> <max>
0	1

[block]
# block no. 3 follows, 34 sequences, length 23
# corresponding to MSA columns:
# 116-138
name=unknown_D
#
# <colnr> <probs for GDERKNQSTAVLIFYWHMCP>
#	G	D	E	R	K	N	Q	S	T	A	V	L	I	F	Y	W	H	M	C	P
0	0.01601	0.22387	0.17625	0.05428	0.09133	0.09873	0.01432	0.01955	0.01439	0.05751	0.01591	0.04703	0.04829	0.00744	0.00577	0.00179	0.00760	0.02646	0.00363	0.06984
1	0.01397	0.19380	0.40470	0.01645	0.05410	0.01621	0.04195	0.01926	0.01386	0.01970	0.05140	0.01506	0.01147	0.00621	0.00569	0.00178	0.00803	0.00491	0.00314	0.09830
2	0.01824	0.10050	0.28252	0.01815	0.08334	0.01752	0.03827	0.21803	0.01861	0.07558	0.01331	0.01477	0.00979	0.00694	0.00708	0.00199	0.05604	0.00528	0.00423	0.00981
3	0.01477	0.09268	0.42310	0.01959	0.09517	0.01623	0.07690	0.06304	0.07435	0.02196	0.01328	0.01519	0.00991	0.00635	0.00612	0.00198	0.00854	0.00530	0.02606	0.00948
4	0.01550	0.01366	0.02207	0.33779	0.22083	0.01504	0.07442	0.09951	0.03896	0.04491	0.01420	0.01954	0.01128	0.00696	0.00665	0.00210	0.00805	0.03596	0.00383	0.00873
5	0.00938	0.00634	0.00743	0.00743	0.00757	0.00647	0.00440	0.00964	0.00951	0.01282	0.02000	0.04032	0.02264	0.68881	0.11583	0.00674	0.00755	0.00911	0.00386	0.00413
6	0.01728	0.05581	0.04920	0.06291	0.38193	0.04001	0.11653	0.07787	0.05837	0.05682	0.01376	0.01648	0.01078	0.00623	0.00645	0.00196	0.00803	0.00595	0.00386	0.00976
7	0.09062	0.11075	0.01883	0.01422	0.04545	0.03725	0.01122	0.27509	0.27472	0.03017	0.01774	0.01745	0.01335	0.00758	0.00598	0.00196	0.00632	0.00581	0.00562	0.00991
8	0.01238	0.01933	0.32341	0.01291	0.01894	0.01062	0.01414	0.01722	0.01471	0.04219	0.17562	0.02367	0.04142	0.00894	0.02591	0.00200	0.00669	0.00652	0.03253	0.19084
9	0.01444	0.01508	0.06116	0.28571	0.34923	0.01513	0.09119	0.01950	0.04815	0.01972	0.01267	0.01684	0.00998	0.00613	0.00654	0.00205	0.00831	0.00597	0.00323	0.00898
10	0.01515	0.29864	0.28306	0.01815	0.04734	0.01935	0.15765	0.01985	0.01364	0.01838	0.01081	0.01332	0.00863	0.00601	0.00645	0.00187	0.04505	0.00495	0.00287	0.00883
11	0.01122	0.00561	0.00842	0.00842	0.00842	0.00561	0.00561	0.00842	0.00842	0.01122	0.01122	0.01964	0.01122	0.02245	0.02525	0.81201	0.00561	0.00561	0.00281	0.00281
12	0.01490	0.01417	0.02440	0.09069	0.55702	0.01431	0.05712	0.01868	0.01451	0.02040	0.01477	0.05468	0.01346	0.00730	0.00673	0.00206	0.00763	0.05428	0.00350	0.00939
13	0.00934	0.00649	0.00819	0.00819	0.00858	0.00688	0.00534	0.01013	0.00973	0.01337	0.01932	0.03651	0.02099	0.52553	0.27685	0.00767	0.01004	0.00855	0.00376	0.00455
14	0.00866	0.00622	0.00835	0.00963	0.01046	0.00592	0.00716	0.01046	0.01362	0.01808	0.09400	0.49794	0.06493	0.01889	0.00836	0.00266	0.00427	0.19882	0.00608	0.00552
15	0.01318	0.01123	0.01315	0.00950	0.01502	0.00848	0.00758	0.01606	0.01365	0.02131	0.04855	0.01520	0.01222	0.00522	0.00493	0.00101	0.00470	0.00423	0.00400	0.77078
16	0.81856	0.01250	0.00950	0.00850	0.01250	0.01449	0.00700	0.01899	0.01100	0.02899	0.00900	0.01050	0.00700	0.00600	0.00400	0.00200	0.00500	0.00350	0.00400	0.00700
17	0.01727	0.77681	0.03386	0.01106	0.01658	0.02557	0.01106	0.01935	0.01313	0.01520	0.00898	0.01036	0.00829	0.00553	0.00415	0.00138	0.00691	0.00345	0.00276	0.00829
18	0.01220	0.01148	0.01938	0.75739	0.04450	0.01436	0.01794	0.01651	0.01292	0.01651	0.01148	0.01723	0.00861	0.00646	0.00646	0.00215	0.00861	0.00574	0.00287	0.00718
19	0.00914	0.00660	0.00864	0.00813	0.00965	0.00610	0.00610	0.01219	0.01829	0.02591	0.72921	0.04827	0.06097	0.01321	0.00762	0.00203	0.00305	0.01169	0.00711	0.00610
20	0.00908	0.00655	0.00858	0.00817	0.00964	0.00605	0.00609	0.01203	0.01799	0.02543	0.69359	0.08526	0.06003	0.01357	0.00765	0.00206	0.00308	0.01203	0.00706	0.00605
21	0.00809	0.00649	0.00723	0.00721	0.00905	0.00562	0.00534	0.01009	0.01556	0.01982	0.25474	0.11659	0.47988	0.01577	0.00768	0.00218	0.00325	0.01346	0.00632	0.00562
22	0.01121	0.00863	0.01069	0.01106	0.01293	0.00904	0.00888	0.01779	0.19410	0.02205	0.16071	0.16513	0.03802	0.01507	0.00798	0.00255	0.00486	0.28603	0.00633	0.00695

[dist]
# distance from previous block
# <min> <max>
0	1

[block]
# block no. 4 follows, 34 sequences, length 24
# corresponding to MSA columns:
# 140-163
name=unknown_E
#
# <colnr> <probs for GDERKNQSTAVLIFYWHMCP>
#	G	D	E	R	K	N	Q	S	T	A	V	L	I	F	Y	W	H	M	C	P
0	0.01753	0.04360	0.04593	0.16243	0.29077	0.08413	0.04056	0.11348	0.04346	0.04829	0.01307	0.01599	0.01021	0.00664	0.00688	0.00198	0.03628	0.00565	0.00385	0.00928
1	0.81856	0.01250	0.00950	0.00850	0.01250	0.01449	0.00700	0.01899	0.01100	0.02899	0.00900	0.01050	0.00700	0.00600	0.00400	0.00200	0.00500	0.00350	0.00400	0.00700
2	0.01711	0.01842	0.16195	0.02612	0.34935	0.01476	0.01725	0.10269	0.05246	0.07612	0.01407	0.01607	0.01076	0.00629	0.00621	0.00187	0.00739	0.00551	0.00408	0.09153
3	0.01368	0.01032	0.01449	0.01607	0.14911	0.01111	0.02587	0.10011	0.01383	0.01984	0.01621	0.07213	0.01543	0.11368	0.05831	0.14782	0.07828	0.00720	0.10983	0.00668
4	0.01608	0.01397	0.02349	0.22582	0.49222	0.01460	0.01847	0.01993	0.01456	0.07956	0.01309	0.01682	0.01029	0.00613	0.00642	0.00199	0.00774	0.00581	0.00351	0.00950
5	0.81856	0.01250	0.00950	0.00850	0.01250	0.01449	0.00700	0.01899	0.01100	0.02899	0.00900	0.01050	0.00700	0.00600	0.00400	0.00200	0.00500	0.00350	0.00400	0.00700
6	0.02094	0.02421	0.02135	0.01891	0.05995	0.42375	0.11573	0.07270	0.10639	0.01994	0.01292	0.01469	0.01027	0.00699	0.00697	0.00189	0.04477	0.00534	0.00391	0.00839
7	0.00824	0.00657	0.00738	0.00718	0.00910	0.00571	0.00538	0.01044	0.01615	0.02084	0.33087	0.05662	0.46247	0.01510	0.00763	0.00212	0.00318	0.01286	0.00645	0.00571
8	0.02003	0.01029	0.01196	0.00988	0.01332	0.01024	0.00792	0.15101	0.05104	0.26185	0.04856	0.02272	0.01716	0.00800	0.00574	0.00180	0.00469	0.00641	0.32859	0.00878
9	0.01200	0.00914	0.01290	0.05340	0.08923	0.00968	0.00952	0.01551	0.04812	0.06643	0.36018	0.06813	0.05664	0.01451	0.06685	0.00280	0.08257	0.00958	0.00570	0.00710
10	0.00820	0.00657	0.00732	0.00714	0.00907	0.00569	0.00535	0.01036	0.01606	0.02061	0.31280	0.05700	0.48069	0.01519	0.00763	0.00213	0.00319	0.01291	0.00641	0.00569
11	0.01559	0.01529	0.02185	0.11274	0.34314	0.07191	0.05506	0.02140	0.13213	0.02019	0.01464	0.01888	0.01223	0.05814	0.00919	0.00234	0.05635	0.00623	0.00376	0.00895
12	0.04503	0.04668	0.08410	0.06794	0.05262	0.04796	0.22368	0.23839	0.04661	0.02678	0.01464	0.01851	0.01141	0.00708	0.00671	0.00206	0.00856	0.03752	0.00446	0.00926
13	0.01245	0.01168	0.01688	0.03960	0.01630	0.01486	0.05566	0.01458	0.03573	0.01611	0.01604	0.15921	0.01723	0.10702	0.01836	0.00313	0.42619	0.00868	0.00372	0.00656
14	0.01646	0.64174	0.12735	0.04700	0.01941	0.02363	0.01309	0.01936	0.01319	0.01597	0.00945	0.01112	0.00829	0.00565	0.00452	0.00151	0.00734	0.00374	0.00276	0.00841
15	0.01413	0.01512	0.10315	0.17042	0.20913	0.01367	0.06489	0.07954	0.05328	0.02314	0.16536	0.02331	0.02098	0.00784	0.00674	0.00204	0.00714	0.00712	0.00438	0.00862
16	0.05489	0.04572	0.09708	0.13947	0.07036	0.07524	0.01401	0.08178	0.06164	0.11126	0.01756	0.02000	0.05382	0.00825	0.00822	0.00212	0.10585	0.01976	0.00441	0.00858
17	0.01675	0.01422	0.01499	0.01329	0.01706	0.01639	0.01039	0.08872	0.66545	0.02813	0.02543	0.02342	0.01902	0.00869	0.00657	0.00217	0.00527	0.00719	0.00657	0.01029
18	0.02414	0.03079	0.01831	0.01665	0.01998	0.74698	0.01248	0.02580	0.01831	0.01581	0.00999	0.01165	0.00832	0.00666	0.00583	0.00166	0.01165	0.00416	0.00333	0.00749
19	0.65344	0.01295	0.01112	0.00949	0.01371	0.01459	0.00782	0.09508	0.01384	0.10135	0.01136	0.01219	0.00833	0.00639	0.00452	0.00199	0.00528	0.00405	0.00467	0.00783
20	0.00932	0.00656	0.00855	0.00855	0.00907	0.00708	0.00579	0.01036	0.00984	0.01364	0.01899	0.03468	0.02019	0.44704	0.35426	0.00812	0.01123	0.00828	0.00371	0.00475
21	0.00854	0.00684	0.00770	0.00776	0.00965	0.00616	0.00587	0.01123	0.04516	0.01979	0.20714	0.12233	0.44186	0.01579	0.00773	0.00224	0.00352	0.05861	0.00627	0.00581
22	0.00787	0.00562	0.00750	0.00900	0.00937	0.00525	0.00600	0.00900	0.01237	0.01649	0.03561	0.76871	0.04274	0.02024	0.00825	0.00262	0.00375	0.01837	0.00600	0.00525
23	0.08776	0.66923	0.06979	0.01123	0.01684	0.02402	0.01139	0.01938	0.01297	0.01670	0.00913	0.01055	0.00817	0.00560	0.00424	0.00147	0.00688	0.00353	0.00287	0.00825

[dist]
# distance from previous block
# <min> <max>
0	1

[block]
# block no. 5 follows, 34 sequences, length 44
# corresponding to MSA columns:
# 165-208
name=unknown_F
#
# <colnr> <probs for GDERKNQSTAVLIFYWHMCP>
#	G	D	E	R	K	N	Q	S	T	A	V	L	I	F	Y	W	H	M	C	P
0	0.05676	0.05859	0.04779	0.01686	0.02082	0.53847	0.06679	0.06549	0.01787	0.01840	0.01050	0.01237	0.00854	0.00666	0.00627	0.00177	0.03018	0.00453	0.00348	0.00788
1	0.81856	0.01250	0.00950	0.00850	0.01250	0.01449	0.00700	0.01899	0.01100	0.02899	0.00900	0.01050	0.00700	0.00600	0.00400	0.00200	0.00500	0.00350	0.00400	0.00700
2	0.01340	0.01148	0.01340	0.00957	0.01531	0.00861	0.00766	0.01627	0.01340	0.02105	0.01148	0.01340	0.00957	0.00479	0.00479	0.00096	0.00479	0.00383	0.00383	0.81242
3	0.01825	0.01516	0.01773	0.01553	0.04811	0.01694	0.05313	0.22284	0.43578	0.03005	0.02210	0.02229	0.01676	0.00841	0.00666	0.00213	0.00615	0.02554	0.00619	0.01023
4	0.01485	0.01416	0.02158	0.29136	0.35315	0.05044	0.01742	0.03847	0.04180	0.02005	0.03392	0.01984	0.01254	0.00695	0.00654	0.00205	0.00789	0.03472	0.00354	0.00873
5	0.01647	0.01548	0.03979	0.02030	0.17902	0.05578	0.06436	0.09358	0.29220	0.02431	0.01915	0.02212	0.01537	0.01006	0.03575	0.03576	0.00733	0.03885	0.00497	0.00934
6	0.00972	0.00691	0.00880	0.00823	0.00995	0.00641	0.00620	0.01306	0.03729	0.04340	0.64043	0.04801	0.11067	0.01320	0.00756	0.00205	0.00318	0.01158	0.00703	0.00628
7	0.01631	0.01096	0.01333	0.00985	0.01508	0.00858	0.00791	0.01912	0.01489	0.17187	0.07593	0.01819	0.01532	0.00618	0.00539	0.00127	0.00479	0.00506	0.00499	0.57499
8	0.00887	0.00655	0.00829	0.00794	0.00951	0.00597	0.00592	0.01163	0.01750	0.02426	0.60196	0.08442	0.15520	0.01399	0.00765	0.00208	0.00311	0.01228	0.00690	0.00597
9	0.01422	0.01146	0.01348	0.00967	0.01537	0.00866	0.00775	0.01707	0.01367	0.05893	0.01223	0.01385	0.00991	0.00496	0.00488	0.00101	0.00482	0.00397	0.00405	0.77003
10	0.01576	0.01512	0.02582	0.08272	0.69134	0.01529	0.01972	0.01963	0.01460	0.02083	0.01211	0.01607	0.01014	0.00580	0.00640	0.00193	0.00773	0.00576	0.00318	0.01005
11	0.01630	0.12266	0.14509	0.02059	0.02713	0.01748	0.35176	0.10970	0.04700	0.02278	0.01309	0.01572	0.00991	0.00598	0.00659	0.00196	0.00911	0.00618	0.00369	0.04728
12	0.00930	0.00643	0.00805	0.00831	0.00870	0.00664	0.00549	0.01012	0.01031	0.01395	0.02223	0.10949	0.02483	0.49130	0.17870	0.00653	0.00832	0.06254	0.00417	0.00459
13	0.01122	0.00561	0.00842	0.00842	0.00842	0.00561	0.00561	0.00842	0.00842	0.01122	0.01122	0.01964	0.01122	0.02245	0.02525	0.81201	0.00561	0.00561	0.00281	0.00281
14	0.01407	0.01127	0.01733	0.01452	0.01765	0.01125	0.16430	0.11519	0.08407	0.06318	0.07295	0.29759	0.02815	0.01280	0.00759	0.00233	0.00611	0.04623	0.00570	0.00772
15	0.01400	0.02982	0.60668	0.01927	0.06316	0.01458	0.05598	0.02080	0.01400	0.05440	0.01235	0.01433	0.00879	0.00612	0.00619	0.00200	0.00915	0.00501	0.00307	0.04031
16	0.70297	0.05319	0.01157	0.00939	0.01341	0.08396	0.00772	0.01965	0.01179	0.02705	0.00909	0.01060	0.00719	0.00604	0.00418	0.00194	0.00572	0.00356	0.00387	0.00711
17	0.01525	0.01743	0.03813	0.02723	0.03377	0.01634	0.70915	0.02070	0.01525	0.02070	0.01307	0.01743	0.00980	0.00545	0.00763	0.00218	0.01089	0.00763	0.00327	0.00871
18	0.01736	0.01750	0.06203	0.07317	0.21048	0.12233	0.01435	0.06169	0.23821	0.05049	0.05346	0.01970	0.01555	0.00748	0.00643	0.00200	0.00728	0.00628	0.00478	0.00943
19	0.02142	0.01653	0.01762	0.01423	0.01884	0.01857	0.01152	0.46027	0.28631	0.03565	0.01951	0.01870	0.01423	0.00813	0.00650	0.00203	0.00637	0.00637	0.00650	0.01071
20	0.01376	0.01358	0.01906	0.01645	0.01654	0.01888	0.01367	0.01524	0.00993	0.01551	0.00917	0.01501	0.00908	0.01420	0.07762	0.00341	0.70330	0.00575	0.00288	0.00697
21	0.00989	0.00713	0.00968	0.01046	0.01199	0.00692	0.00879	0.01283	0.01596	0.02136	0.25816	0.06454	0.07468	0.01630	0.00845	0.00264	0.00490	0.44301	0.00632	0.00598
22	0.01038	0.00702	0.00866	0.00853	0.01026	0.00647	0.00628	0.01328	0.04965	0.07803	0.30605	0.24484	0.19563	0.01519	0.00766	0.00223	0.00358	0.01331	0.00661	0.00631
23	0.02022	0.01804	0.04863	0.01481	0.01899	0.14131	0.04471	0.18369	0.23517	0.10785	0.01940	0.05434	0.01502	0.00847	0.00713	0.00206	0.03826	0.00670	0.00565	0.00955
24	0.00878	0.00650	0.00791	0.00825	0.00949	0.00602	0.00606	0.01063	0.01440	0.01896	0.22161	0.17104	0.22074	0.14399	0.01218	0.00302	0.00420	0.11488	0.00593	0.00540
25	0.01340	0.01148	0.01340	0.00957	0.01531	0.00861	0.00766	0.01627	0.01340	0.02105	0.01148	0.01340	0.00957	0.00479	0.00479	0.00096	0.00479	0.00383	0.00383	0.81242
26	0.01221	0.01064	0.01681	0.01627	0.10520	0.01031	0.13408	0.06884	0.03187	0.02303	0.23372	0.11029	0.12416	0.01183	0.00752	0.00219	0.00571	0.06243	0.00553	0.00737
27	0.02023	0.04810	0.01508	0.01131	0.01576	0.01190	0.00918	0.12331	0.11130	0.27510	0.05909	0.06435	0.04886	0.00870	0.00630	0.00185	0.00530	0.00713	0.00636	0.15078
28	0.00877	0.00645	0.00827	0.00859	0.00991	0.00595	0.00643	0.01112	0.01587	0.02154	0.37648	0.23754	0.14521	0.01600	0.00794	0.00232	0.00361	0.09569	0.00653	0.00577
29	0.01604	0.05008	0.03568	0.16354	0.14353	0.01490	0.05272	0.12286	0.13338	0.04969	0.01733	0.08593	0.01457	0.00800	0.00647	0.00201	0.00690	0.00704	0.00462	0.06471
30	0.08800	0.01578	0.03105	0.13965	0.07202	0.01597	0.46555	0.01960	0.01421	0.02058	0.01218	0.01653	0.00932	0.00595	0.00769	0.00217	0.04541	0.00676	0.00325	0.00833
31	0.01788	0.05903	0.12042	0.02753	0.32907	0.11871	0.10774	0.07224	0.01638	0.05163	0.01255	0.01519	0.00984	0.00612	0.00634	0.00191	0.00873	0.00557	0.00358	0.00955
32	0.01798	0.54599	0.10286	0.01256	0.01811	0.03881	0.01258	0.07377	0.01474	0.05457	0.01059	0.01192	0.00889	0.00622	0.00559	0.00161	0.04712	0.00406	0.00333	0.00869
33	0.00796	0.00602	0.00735	0.00816	0.00921	0.00541	0.00568	0.00947	0.01380	0.01794	0.12957	0.46857	0.25103	0.01822	0.00799	0.00242	0.00352	0.01613	0.00614	0.00541
34	0.01383	0.01315	0.02232	0.44905	0.34012	0.01478	0.01875	0.01794	0.01369	0.01849	0.01177	0.01670	0.00931	0.00616	0.00643	0.00205	0.00821	0.00575	0.00301	0.00849
35	0.00787	0.00562	0.00750	0.00900	0.00937	0.00525	0.00600	0.00900	0.01237	0.01649	0.03561	0.76871	0.04274	0.02024	0.00825	0.00262	0.00375	0.01837	0.00600	0.00525
36	0.00908	0.00655	0.00858	0.00817	0.00964	0.00605	0.00609	0.01202	0.01798	0.02541	0.69252	0.08637	0.06000	0.01358	0.00765	0.00206	0.00309	0.01204	0.00705	0.00605
37	0.02899	0.01100	0.01499	0.01150	0.01649	0.00950	0.00950	0.03149	0.01849	0.73709	0.02549	0.02199	0.01599	0.00800	0.00650	0.00200	0.00550	0.00650	0.00800	0.01100
38	0.01689	0.71127	0.09606	0.01170	0.01759	0.02464	0.01219	0.01945	0.01317	0.01567	0.00921	0.01065	0.00828	0.00558	0.00432	0.00144	0.00714	0.00357	0.00276	0.00840
39	0.00780	0.00641	0.00687	0.00705	0.00890	0.00548	0.00517	0.00949	0.01469	0.01805	0.11892	0.16554	0.56994	0.01666	0.00773	0.00223	0.00332	0.01417	0.00610	0.00548
40	0.01596	0.54210	0.19860	0.01268	0.01917	0.02176	0.01381	0.01937	0.01327	0.01690	0.00979	0.01137	0.00837	0.00561	0.00467	0.00151	0.00737	0.00380	0.00284	0.07107
41	0.01696	0.67144	0.03087	0.01093	0.01618	0.02367	0.01065	0.06006	0.01429	0.01691	0.01376	0.01470	0.06453	0.00650	0.00456	0.00148	0.00664	0.00439	0.00324	0.00823
42	0.01494	0.01563	0.13697	0.01404	0.07371	0.01068	0.02660	0.01917	0.03600	0.08038	0.01321	0.01477	0.01024	0.00549	0.00540	0.00137	0.00601	0.00455	0.00401	0.50684
43	0.01935	0.03786	0.15205	0.02089	0.16913	0.08377	0.09955	0.03761	0.01609	0.21762	0.01729	0.07041	0.01349	0.00756	0.00655	0.00201	0.00788	0.00670	0.00471	0.00948

[dist]
# distance from previous block
# <min> <max>
0	4

[block]
# block no. 6 follows, 34 sequences, length 15
# corresponding to MSA columns:
# 213-227
name=unknown_G
#
# <colnr> <probs for GDERKNQSTAVLIFYWHMCP>
#	G	D	E	R	K	N	Q	S	T	A	V	L	I	F	Y	W	H	M	C	P
0	0.01489	0.07056	0.05862	0.01213	0.01795	0.01184	0.06668	0.04431	0.06385	0.04392	0.01305	0.01461	0.01038	0.00546	0.00529	0.00131	0.00584	0.00456	0.00406	0.53068
1	0.75260	0.01421	0.06927	0.00931	0.01376	0.01454	0.00838	0.01911	0.01121	0.02829	0.00921	0.01075	0.00709	0.00601	0.00417	0.00200	0.00537	0.00360	0.00389	0.00721
2	0.01540	0.01436	0.03736	0.02434	0.26382	0.03661	0.15760	0.04202	0.05659	0.06149	0.14924	0.04093	0.02167	0.00820	0.00734	0.00207	0.02593	0.02161	0.00461	0.00883
3	0.01375	0.01060	0.01207	0.01119	0.01369	0.01155	0.00848	0.10262	0.28260	0.04137	0.09659	0.19663	0.04716	0.04941	0.06891	0.00309	0.00584	0.01029	0.00613	0.00802
4	0.01501	0.01435	0.02445	0.22561	0.55434	0.01509	0.01934	0.01897	0.01425	0.01992	0.01198	0.01631	0.00981	0.00594	0.00641	0.00198	0.00792	0.00575	0.00311	0.00944
5	0.01568	0.01347	0.01427	0.01286	0.01640	0.01550	0.00999	0.03307	0.68096	0.02697	0.06630	0.02548	0.02207	0.00902	0.00663	0.00218	0.00500	0.00755	0.00661	0.00999
6	0.00914	0.00660	0.00864	0.00813	0.00965	0.00610	0.00610	0.01219	0.01829	0.02591	0.72921	0.04827	0.06097	0.01321	0.00762	0.00203	0.00305	0.01169	0.00711	0.00610
7	0.02899	0.01100	0.01499	0.01150	0.01649	0.00950	0.00950	0.03149	0.01849	0.73709	0.02549	0.02199	0.01599	0.00800	0.00650	0.00200	0.00550	0.00650	0.00800	0.01100
8	0.00890	0.00660	0.00830	0.00787	0.00950	0.00599	0.00590	0.01172	0.01771	0.02453	0.62077	0.05054	0.17027	0.01372	0.00762	0.00206	0.00308	0.01200	0.00693	0.00599
9	0.01334	0.08017	0.06358	0.50352	0.12587	0.01581	0.03802	0.01748	0.01313	0.01728	0.01126	0.01613	0.00879	0.00647	0.00696	0.00208	0.04383	0.00554	0.00290	0.00784
10	0.04585	0.52034	0.10304	0.01288	0.01832	0.17205	0.01254	0.02077	0.01417	0.01635	0.00946	0.01097	0.00824	0.00584	0.00469	0.00153	0.00809	0.00374	0.00292	0.00821
11	0.00821	0.00643	0.00743	0.00748	0.00915	0.00565	0.00550	0.01027	0.01564	0.02032	0.29701	0.16454	0.38765	0.01583	0.00772	0.00220	0.00327	0.01366	0.00640	0.00565
12	0.01332	0.01614	0.21088	0.01262	0.01703	0.01131	0.01249	0.07903	0.10960	0.05215	0.27186	0.03374	0.03195	0.03084	0.00773	0.00224	0.00589	0.06743	0.00563	0.00813
13	0.00938	0.00633	0.00738	0.00738	0.00749	0.00644	0.00433	0.00961	0.00949	0.01277	0.02005	0.04060	0.02276	0.70079	0.10403	0.00667	0.00736	0.00915	0.00387	0.00410
14	0.05848	0.03799	0.05186	0.28929	0.27333	0.11697	0.01711	0.04476	0.01486	0.01967	0.01146	0.01527	0.00910	0.00623	0.00614	0.00196	0.00846	0.00531	0.00323	0.00853

[dist]
# distance from previous block
# <min> <max>
0	1

[block]
# block no. 7 follows, 34 sequences, length 34
# corresponding to MSA columns:
# 229-262
name=unknown_H
#
# <colnr> <probs for GDERKNQSTAVLIFYWHMCP>
#	G	D	E	R	K	N	Q	S	T	A	V	L	I	F	Y	W	H	M	C	P
0	0.78301	0.04641	0.01058	0.00861	0.01268	0.01499	0.00718	0.01901	0.01109	0.02838	0.00900	0.01049	0.00705	0.00598	0.00401	0.00197	0.00508	0.00350	0.00394	0.00705
1	0.05058	0.01764	0.05172	0.01489	0.01970	0.04649	0.04600	0.39441	0.20956	0.03306	0.01765	0.01773	0.01300	0.00886	0.02704	0.00225	0.00726	0.00613	0.00587	0.01018
2	0.00923	0.00692	0.01038	0.01038	0.01154	0.00808	0.00808	0.01154	0.01038	0.01500	0.01731	0.02538	0.01615	0.04846	0.74732	0.01038	0.01731	0.00692	0.00346	0.00577
3	0.00923	0.00692	0.01038	0.01038	0.01154	0.00808	0.00808	0.01154	0.01038	0.01500	0.01731	0.02538	0.01615	0.04846	0.74732	0.01038	0.01731	0.00692	0.00346	0.00577
4	0.01727	0.77681	0.03386	0.01106	0.01658	0.02557	0.01106	0.01935	0.01313	0.01520	0.00898	0.01036	0.00829	0.00553	0.00415	0.00138	0.00691	0.00345	0.00276	0.00829
5	0.01752	0.09149	0.41105	0.01847	0.09856	0.01542	0.01876	0.08144	0.01601	0.14991	0.01424	0.01525	0.01005	0.00652	0.00608	0.00196	0.00819	0.00516	0.00404	0.00989
6	0.04393	0.30424	0.04082	0.01368	0.01795	0.36042	0.01157	0.02263	0.01562	0.06084	0.01065	0.01221	0.00888	0.00702	0.00610	0.03912	0.00899	0.00411	0.00339	0.00783
7	0.00956	0.00742	0.01115	0.03979	0.01306	0.00884	0.00873	0.01191	0.01046	0.01508	0.01669	0.02457	0.01552	0.04517	0.68623	0.00973	0.04997	0.00682	0.00341	0.00588
8	0.01566	0.01501	0.02563	0.10265	0.67223	0.01526	0.01966	0.01954	0.01456	0.02071	0.01210	0.01610	0.01009	0.00582	0.00640	0.00194	0.00776	0.00576	0.00317	0.00997
9	0.01568	0.01503	0.02566	0.09858	0.67613	0.01527	0.01968	0.01956	0.01457	0.02073	0.01210	0.01609	0.01010	0.00581	0.00640	0.00194	0.00775	0.00576	0.00317	0.00998
10	0.01056	0.00767	0.01055	0.01185	0.06430	0.00730	0.00873	0.01341	0.01617	0.04451	0.29754	0.07997	0.11528	0.01482	0.00801	0.00242	0.00462	0.26961	0.00626	0.00641
11	0.01023	0.00731	0.01021	0.01170	0.01311	0.00728	0.01010	0.01308	0.01470	0.01914	0.03431	0.12161	0.03757	0.01802	0.00888	0.00295	0.00580	0.64216	0.00595	0.00590
12	0.01340	0.01148	0.01340	0.00957	0.01531	0.00861	0.00766	0.01627	0.01340	0.02105	0.01148	0.01340	0.00957	0.00479	0.00479	0.00096	0.00479	0.00383	0.00383	0.81242
13	0.00932	0.00703	0.01046	0.04110	0.01256	0.00813	0.00816	0.01153	0.01049	0.01496	0.01784	0.04977	0.01714	0.09099	0.64852	0.00954	0.01583	0.00739	0.00355	0.00570
14	0.01220	0.01148	0.01938	0.75739	0.04450	0.01436	0.01794	0.01651	0.01292	0.01651	0.01148	0.01723	0.00861	0.00646	0.00646	0.00215	0.00861	0.00574	0.00287	0.00718
15	0.01290	0.00842	0.01105	0.00957	0.01187	0.00860	0.07316	0.06992	0.03448	0.02437	0.08205	0.02505	0.01944	0.01209	0.08161	0.00258	0.00561	0.00679	0.49370	0.00676
16	0.00914	0.00660	0.00864	0.00813	0.00965	0.00610	0.00610	0.01219	0.01829	0.02591	0.72921	0.04827	0.06097	0.01321	0.00762	0.00203	0.00305	0.01169	0.00711	0.00610
17	0.01665	0.01159	0.01422	0.04462	0.09233	0.03691	0.00979	0.15993	0.01867	0.13244	0.19780	0.03091	0.06606	0.10686	0.03024	0.00276	0.00609	0.00824	0.00582	0.00806
18	0.81856	0.01250	0.00950	0.00850	0.01250	0.01449	0.00700	0.01899	0.01100	0.02899	0.00900	0.01050	0.00700	0.00600	0.00400	0.00200	0.00500	0.00350	0.00400	0.00700
19	0.01503	0.11167	0.17695	0.08110	0.02991	0.05235	0.36872	0.02011	0.01462	0.01936	0.01283	0.01768	0.01020	0.00622	0.00677	0.00206	0.00980	0.03290	0.00317	0.00854
20	0.01556	0.04343	0.20766	0.09652	0.04403	0.09681	0.04070	0.07216	0.03721	0.02130	0.01211	0.01431	0.00937	0.00596	0.00576	0.00165	0.00780	0.00477	0.00359	0.25931
21	0.04767	0.59154	0.06578	0.01346	0.05825	0.07203	0.01218	0.04417	0.01412	0.01725	0.00959	0.01112	0.00845	0.00574	0.00456	0.00151	0.00734	0.00378	0.00300	0.00846
22	0.00819	0.00585	0.00786	0.00935	0.00987	0.00552	0.00654	0.00954	0.01268	0.01684	0.03544	0.68291	0.04205	0.01995	0.00833	0.00267	0.00402	0.10108	0.00599	0.00533
23	0.00862	0.00658	0.00791	0.00758	0.00933	0.00587	0.00568	0.01118	0.01705	0.02298	0.49883	0.05310	0.29317	0.01430	0.00763	0.00208	0.00313	0.01236	0.00673	0.00587
24	0.00795	0.00656	0.00698	0.00687	0.00892	0.00559	0.00515	0.00987	0.01546	0.01920	0.20217	0.05932	0.59220	0.01571	0.00763	0.00215	0.00323	0.01323	0.00623	0.00559
25	0.01340	0.01148	0.01340	0.00957	0.01531	0.00861	0.00766	0.01627	0.01340	0.02105	0.01148	0.01340	0.00957	0.00479	0.00479	0.00096	0.00479	0.00383	0.00383	0.81242
26	0.01122	0.00561	0.00842	0.00842	0.00842	0.00561	0.00561	0.00842	0.00842	0.01122	0.01122	0.01964	0.01122	0.02245	0.02525	0.81201	0.00561	0.00561	0.00281	0.00281
27	0.01340	0.01148	0.01340	0.00957	0.01531	0.00861	0.00766	0.01627	0.01340	0.02105	0.01148	0.01340	0.00957	0.00479	0.00479	0.00096	0.00479	0.00383	0.00383	0.81242
28	0.01481	0.01418	0.02421	0.19030	0.47929	0.01479	0.06138	0.01938	0.04206	0.02056	0.04660	0.01819	0.01263	0.00636	0.00655	0.00200	0.00776	0.00621	0.00345	0.00929
29	0.01340	0.01148	0.01340	0.00957	0.01531	0.00861	0.00766	0.01627	0.01340	0.02105	0.01148	0.01340	0.00957	0.00479	0.00479	0.00096	0.00479	0.00383	0.00383	0.81242
30	0.01486	0.11083	0.57147	0.04343	0.02628	0.01562	0.02097	0.02121	0.01400	0.08510	0.01258	0.01418	0.00892	0.00625	0.00597	0.00197	0.00886	0.00482	0.00322	0.00946
31	0.01548	0.01438	0.11393	0.01302	0.04117	0.01068	0.04370	0.03515	0.03478	0.12164	0.04180	0.01971	0.01403	0.08875	0.00911	0.00207	0.02890	0.00567	0.00446	0.34156
32	0.01487	0.01369	0.04159	0.02259	0.25791	0.01345	0.08362	0.07174	0.11812	0.04117	0.09511	0.04405	0.08071	0.00913	0.00736	0.00212	0.02753	0.04145	0.00488	0.00889
33	0.01542	0.13431	0.29169	0.01535	0.06901	0.01410	0.01528	0.01995	0.01401	0.08566	0.01248	0.01400	0.00949	0.00577	0.00547	0.00159	0.00716	0.00451	0.00359	0.26115

[dist]
# distance from previous block
# <min> <max>
0	10

[block]
# block no. 8 follows, 34 sequences, length 63
# corresponding to MSA columns:
# 273-335
name=unknown_I
#
# <colnr> <probs for GDERKNQSTAVLIFYWHMCP>
#	G	D	E	R	K	N	Q	S	T	A	V	L	I	F	Y	W	H	M	C	P
0	0.01729	0.55070	0.08233	0.01416	0.03449	0.08395	0.07350	0.02064	0.03951	0.01667	0.01031	0.01194	0.00888	0.00578	0.00487	0.00156	0.00780	0.00416	0.00300	0.00846
1	0.62898	0.01223	0.01024	0.00919	0.01292	0.01411	0.00746	0.04015	0.08909	0.02814	0.01205	0.01353	0.00941	0.00875	0.04518	0.00246	0.00566	0.00428	0.03884	0.00736
2	0.01666	0.17805	0.22177	0.01356	0.01913	0.07754	0.01373	0.05672	0.07651	0.09426	0.08767	0.05827	0.01737	0.00798	0.00601	0.00187	0.00714	0.00629	0.00450	0.03496
3	0.00787	0.00562	0.00750	0.00900	0.00937	0.00525	0.00600	0.00900	0.01237	0.01649	0.03561	0.76871	0.04274	0.02024	0.00825	0.00262	0.00375	0.01837	0.00600	0.00525
4	0.22779	0.01129	0.01311	0.01055	0.01507	0.01090	0.00865	0.02725	0.05451	0.47907	0.02354	0.02139	0.05310	0.00799	0.00593	0.00202	0.00523	0.00617	0.00679	0.00963
5	0.01607	0.01388	0.01461	0.01315	0.01680	0.01607	0.01023	0.03433	0.72094	0.02703	0.02630	0.02411	0.01972	0.00877	0.00657	0.00219	0.00511	0.00731	0.00657	0.01023
6	0.01857	0.34625	0.11637	0.04905	0.01983	0.01941	0.01286	0.12213	0.04630	0.10622	0.01322	0.01411	0.01017	0.00651	0.00570	0.00170	0.02605	0.00468	0.00415	0.05671
7	0.03682	0.01261	0.01445	0.01059	0.01614	0.01079	0.00857	0.13701	0.01663	0.07592	0.01312	0.01430	0.01021	0.00556	0.00518	0.00123	0.00524	0.00435	0.00458	0.59671
8	0.04491	0.05224	0.32960	0.01683	0.04604	0.01415	0.08313	0.06313	0.05455	0.10313	0.07456	0.02150	0.01596	0.00769	0.00649	0.00207	0.00777	0.04267	0.00441	0.00916
9	0.01006	0.00804	0.00866	0.00829	0.01020	0.03787	0.00616	0.01311	0.05340	0.03951	0.34314	0.08994	0.28848	0.04407	0.00850	0.00228	0.00383	0.01198	0.00637	0.00614
10	0.02712	0.01104	0.01469	0.01148	0.01623	0.00987	0.00941	0.03090	0.07429	0.65052	0.05540	0.02327	0.01820	0.00828	0.00655	0.00202	0.00536	0.00678	0.00785	0.01073
11	0.01231	0.01159	0.01957	0.73729	0.06377	0.01438	0.01800	0.01660	0.01297	0.01664	0.01150	0.01719	0.00866	0.00644	0.00646	0.00215	0.00859	0.00574	0.00288	0.00726
12	0.01334	0.03085	0.63268	0.01913	0.02810	0.01520	0.09650	0.02110	0.04488	0.02078	0.01240	0.01451	0.00886	0.00618	0.00632	0.00207	0.00950	0.00519	0.00295	0.00949
13	0.01512	0.01717	0.03732	0.05882	0.03423	0.01625	0.67924	0.02052	0.01515	0.02052	0.01300	0.01742	0.00975	0.00549	0.00757	0.00218	0.01079	0.00754	0.00325	0.00865
14	0.01739	0.01453	0.01535	0.01342	0.01730	0.01669	0.01055	0.13938	0.61376	0.02915	0.02462	0.02277	0.01837	0.00861	0.00656	0.00215	0.00542	0.00707	0.00656	0.01035
15	0.00936	0.00640	0.00773	0.00773	0.00797	0.00664	0.00477	0.00984	0.00960	0.01304	0.01973	0.03880	0.02198	0.62373	0.18002	0.00711	0.00854	0.00889	0.00382	0.00430
16	0.01096	0.00572	0.00829	0.00827	0.00834	0.00570	0.00547	0.00868	0.00894	0.01198	0.04317	0.02307	0.01456	0.09457	0.02523	0.69910	0.00556	0.00624	0.00310	0.00306
17	0.00983	0.00678	0.00868	0.00810	0.00984	0.00617	0.00611	0.01270	0.01792	0.05518	0.62877	0.04863	0.13020	0.01332	0.00757	0.00205	0.00318	0.01167	0.00703	0.00624
18	0.01741	0.49503	0.18986	0.01328	0.01966	0.02236	0.01412	0.12454	0.01586	0.02025	0.01056	0.01188	0.00868	0.00600	0.00494	0.00162	0.00753	0.00411	0.00332	0.00898
19	0.02327	0.01746	0.01866	0.01460	0.01954	0.01943	0.01197	0.60795	0.13561	0.03863	0.01716	0.01682	0.01232	0.00791	0.00648	0.00198	0.00681	0.00604	0.00648	0.01087
20	0.01021	0.00689	0.00811	0.00788	0.00991	0.00607	0.00590	0.01217	0.01528	0.09246	0.18320	0.15616	0.39791	0.01682	0.03898	0.00255	0.00412	0.01293	0.00631	0.00613
21	0.01447	0.00846	0.01077	0.00938	0.01194	0.00796	0.00730	0.05548	0.04622	0.17888	0.49586	0.04024	0.06325	0.01170	0.00728	0.00203	0.00388	0.01013	0.00722	0.00756
22	0.01430	0.01375	0.02374	0.35396	0.40025	0.01496	0.04910	0.01841	0.01395	0.01907	0.01190	0.01660	0.00950	0.00605	0.00648	0.00203	0.00823	0.00583	0.00306	0.00883
23	0.09407	0.02314	0.01832	0.07534	0.02159	0.39074	0.04278	0.14818	0.08480	0.02280	0.01267	0.01411	0.00983	0.00692	0.00598	0.00186	0.00935	0.00497	0.00422	0.00836
24	0.01556	0.01237	0.01426	0.01043	0.01600	0.01031	0.00839	0.10506	0.03627	0.05469	0.01303	0.01435	0.01032	0.00541	0.00512	0.00116	0.00512	0.00430	0.00442	0.65344
25	0.00775	0.00655	0.00670	0.00666	0.00879	0.00550	0.00500	0.00949	0.01499	0.01807	0.11383	0.06117	0.68124	0.01613	0.00764	0.00217	0.00326	0.01349	0.00608	0.00550
26	0.01340	0.01148	0.01340	0.00957	0.01531	0.00861	0.00766	0.01627	0.01340	0.02105	0.01148	0.01340	0.00957	0.00479	0.00479	0.00096	0.00479	0.00383	0.00383	0.81242
27	0.01716	0.06074	0.10962	0.08326	0.26279	0.11512	0.12310	0.06827	0.01622	0.04135	0.03310	0.01621	0.01112	0.00634	0.00640	0.00194	0.00873	0.00578	0.00360	0.00916
28	0.14189	0.11252	0.05047	0.03168	0.07477	0.05999	0.04976	0.07981	0.01682	0.29622	0.01652	0.01644	0.01150	0.00685	0.00582	0.00190	0.00682	0.00537	0.00534	0.00950
29	0.02880	0.01130	0.01518	0.01164	0.01665	0.00995	0.00962	0.06064	0.01900	0.70722	0.02506	0.02171	0.01578	0.00799	0.00650	0.00200	0.00557	0.00647	0.00793	0.01100
30	0.00835	0.00599	0.00719	0.00794	0.00848	0.00562	0.00512	0.00918	0.01175	0.01531	0.03536	0.40765	0.14894	0.27366	0.01646	0.00378	0.00452	0.01456	0.00530	0.00483
31	0.01080	0.00839	0.02882	0.00990	0.01199	0.00726	0.00746	0.04856	0.01373	0.04486	0.02814	0.48529	0.03156	0.01736	0.04638	0.00266	0.00511	0.03244	0.00548	0.15380
32	0.01735	0.01508	0.01529	0.01349	0.01729	0.04860	0.01055	0.10779	0.61475	0.02803	0.02441	0.02262	0.01827	0.00856	0.00653	0.00214	0.00562	0.00700	0.00642	0.01019
33	0.00792	0.00648	0.00699	0.00702	0.00894	0.00555	0.00520	0.00976	0.01516	0.01885	0.17848	0.11673	0.55823	0.01613	0.00768	0.00219	0.00327	0.01368	0.00619	0.00555
34	0.01220	0.01148	0.01938	0.75739	0.04450	0.01436	0.01794	0.01651	0.01292	0.01651	0.01148	0.01723	0.00861	0.00646	0.00646	0.00215	0.00861	0.00574	0.00287	0.00718
35	0.02414	0.03079	0.01831	0.01665	0.01998	0.74698	0.01248	0.02580	0.01831	0.01581	0.00999	0.01165	0.00832	0.00666	0.00583	0.00166	0.01165	0.00416	0.00333	0.00749
36	0.01312	0.01135	0.01336	0.00979	0.01504	0.00903	0.00785	0.01585	0.01329	0.02057	0.01429	0.01612	0.04906	0.00576	0.00581	0.00112	0.04458	0.00446	0.00389	0.72567
37	0.01489	0.01493	0.02097	0.09259	0.24166	0.06852	0.01571	0.01741	0.01230	0.01735	0.01064	0.01563	0.00958	0.01147	0.06633	0.00294	0.35038	0.00568	0.00303	0.00800
38	0.02456	0.01810	0.01939	0.01487	0.02004	0.02004	0.01228	0.71107	0.03038	0.04072	0.01551	0.01551	0.01099	0.00776	0.00646	0.00194	0.00711	0.00582	0.00646	0.01099
39	0.01583	0.01518	0.02593	0.07118	0.70240	0.01531	0.01975	0.01968	0.01463	0.02091	0.01212	0.01605	0.01016	0.00579	0.00640	0.00193	0.00772	0.00576	0.00318	0.01010
40	0.00950	0.00700	0.00961	0.00949	0.01019	0.00794	0.00687	0.01095	0.01001	0.01415	0.01801	0.03087	0.01841	0.30263	0.46395	0.00861	0.04531	0.00774	0.00359	0.00517
41	0.01307	0.01237	0.02095	0.59268	0.20242	0.01458	0.01838	0.01727	0.01333	0.01756	0.01164	0.01694	0.00899	0.00630	0.00645	0.00210	0.00840	0.00575	0.00295	0.00788
42	0.01279	0.01205	0.02015	0.64486	0.13342	0.01453	0.01799	0.01740	0.03127	0.01738	0.01195	0.01724	0.00911	0.00643	0.00645	0.00212	0.00840	0.00578	0.00301	0.00765
43	0.71535	0.01271	0.01137	0.04162	0.07705	0.01456	0.00857	0.01897	0.01140	0.02779	0.00938	0.01125	0.00735	0.00600	0.00431	0.00200	0.00538	0.00379	0.00388	0.00729
44	0.01468	0.01280	0.01625	0.01867	0.18984	0.01395	0.01177	0.02643	0.41327	0.02506	0.13544	0.05052	0.02476	0.00912	0.00675	0.00211	0.00536	0.00799	0.00582	0.00941
45	0.00784	0.00574	0.00738	0.00869	0.00929	0.00527	0.00586	0.00903	0.01267	0.01661	0.03936	0.67988	0.12913	0.01976	0.00817	0.00257	0.00369	0.01777	0.00600	0.00527
46	0.06106	0.01440	0.01583	0.01529	0.07633	0.01637	0.01108	0.10762	0.54649	0.02817	0.02297	0.02173	0.01727	0.00825	0.00641	0.00213	0.00554	0.00680	0.00614	0.01014
47	0.02299	0.01168	0.01453	0.01135	0.01611	0.01064	0.00920	0.09791	0.07476	0.42022	0.02366	0.05288	0.03920	0.00823	0.00629	0.00185	0.00535	0.00673	0.00680	0.15961
