[name]
unknown

[dist]
# distance from previous block
# <min> <max>
0	1

[block]
# block no. 0 follows, 33 sequences, length 47
# corresponding to MSA columns:
# 1-47
name=unknown_A
#
# <colnr> <probs for GDERKNQSTAVLIFYWHMCP>
#	G	D	E	R	K	N	Q	S	T	A	V	L	I	F	Y	W	H	M	C	P
0	0.01172	0.00779	0.01088	0.01210	0.01383	0.00770	0.01055	0.01472	0.01537	0.06161	0.03433	0.07121	0.03662	0.01760	0.00895	0.00297	0.00603	0.64346	0.00618	0.00636
1	0.02548	0.01256	0.01545	0.01218	0.01685	0.01212	0.00993	0.19858	0.04536	0.45311	0.02662	0.05929	0.06304	0.00928	0.00678	0.00207	0.00577	0.00754	0.00747	0.01052
2	0.04595	0.01728	0.01772	0.01419	0.01878	0.05320	0.01150	0.52125	0.09233	0.03622	0.01957	0.06219	0.04172	0.00899	0.00664	0.00204	0.00686	0.00698	0.00632	0.01026
3	0.02131	0.01691	0.01755	0.01438	0.01886	0.04335	0.01155	0.41582	0.27849	0.03474	0.02027	0.04348	0.01540	0.00866	0.00666	0.00208	0.00655	0.00684	0.00650	0.01060
4	0.07296	0.01769	0.01610	0.01363	0.01760	0.14850	0.01076	0.29955	0.14684	0.04668	0.02140	0.08203	0.05884	0.00938	0.00655	0.00205	0.00702	0.00731	0.00583	0.00930
5	0.01588	0.01626	0.02243	0.01843	0.02005	0.07738	0.11480	0.06047	0.01289	0.01822	0.01020	0.01517	0.00925	0.01132	0.04175	0.00289	0.51569	0.00599	0.00324	0.00769
6	0.02459	0.03138	0.01866	0.01696	0.02035	0.74221	0.01272	0.02629	0.01866	0.01611	0.01018	0.01187	0.00848	0.00678	0.00594	0.00170	0.01187	0.00424	0.00339	0.00763
7	0.01541	0.01165	0.01383	0.00997	0.01573	0.00888	0.00801	0.01829	0.01423	0.10018	0.01328	0.01462	0.01048	0.00524	0.00507	0.00109	0.00496	0.00420	0.00437	0.72052
8	0.04367	0.01348	0.01598	0.01447	0.07365	0.01403	0.01069	0.24502	0.12216	0.19300	0.09753	0.02513	0.06227	0.00901	0.00668	0.00204	0.00577	0.00735	0.02816	0.00990
9	0.00892	0.00718	0.00801	0.00772	0.00979	0.00651	0.00581	0.01225	0.06243	0.02167	0.31173	0.05546	0.42888	0.01495	0.00770	0.00217	0.00337	0.01272	0.00658	0.00612
10	0.00801	0.00578	0.00758	0.00902	0.00951	0.00536	0.00605	0.00918	0.01275	0.01686	0.03807	0.72311	0.08362	0.02039	0.00837	0.00265	0.00379	0.01843	0.00611	0.00536
11	0.00811	0.00577	0.00761	0.00905	0.00941	0.00541	0.00599	0.00919	0.01243	0.01657	0.03537	0.72199	0.04239	0.06455	0.00988	0.00289	0.00397	0.01818	0.00599	0.00527
12	0.01572	0.01523	0.02649	0.13653	0.59404	0.01556	0.06015	0.01980	0.01477	0.02085	0.01235	0.01655	0.01018	0.00594	0.00660	0.00200	0.00814	0.00598	0.00322	0.00991
13	0.01243	0.01170	0.01975	0.75282	0.04534	0.01463	0.01828	0.01682	0.01316	0.01682	0.01170	0.01755	0.00878	0.00658	0.00658	0.00219	0.00878	0.00585	0.00293	0.00731
14	0.00973	0.00782	0.00882	0.00843	0.01056	0.00749	0.00636	0.01458	0.12483	0.02270	0.32196	0.07195	0.33167	0.01431	0.00762	0.00218	0.00355	0.01224	0.00666	0.00657
15	0.00838	0.00589	0.00757	0.00873	0.00906	0.00558	0.00567	0.00933	0.01212	0.01620	0.05004	0.59605	0.03991	0.17666	0.01363	0.00343	0.00434	0.01664	0.00570	0.00508
16	0.02446	0.01903	0.01899	0.01494	0.01987	0.09128	0.01218	0.57188	0.05934	0.05973	0.01618	0.01620	0.01161	0.00784	0.00648	0.00195	0.00747	0.00585	0.02401	0.01070
17	0.00802	0.00573	0.00764	0.00917	0.00955	0.00535	0.00611	0.00917	0.01260	0.01681	0.03628	0.76434	0.04354	0.02062	0.00840	0.00267	0.00382	0.01872	0.00611	0.00535
18	0.01984	0.01547	0.01972	0.10660	0.21830	0.06147	0.01436	0.12121	0.18301	0.14430	0.01832	0.01907	0.01349	0.00740	0.00656	0.00205	0.00712	0.00627	0.00533	0.01013
19	0.01404	0.17430	0.60159	0.01734	0.02629	0.01733	0.02184	0.02063	0.01380	0.01983	0.01131	0.01327	0.00836	0.00614	0.00587	0.00196	0.00922	0.00461	0.00279	0.00949
20	0.01739	0.01601	0.01939	0.01513	0.01957	0.11556	0.14717	0.15318	0.04155	0.04425	0.01831	0.02205	0.05918	0.08930	0.03354	0.00256	0.00807	0.00667	0.00460	0.16652
21	0.02398	0.01718	0.01862	0.01460	0.01960	0.01893	0.01195	0.54502	0.14055	0.09290	0.01837	0.01773	0.01303	0.00809	0.00661	0.00202	0.00679	0.00623	0.00673	0.01107
22	0.07672	0.01310	0.01476	0.01112	0.01626	0.01210	0.00897	0.17001	0.01741	0.07784	0.01373	0.01573	0.01088	0.03608	0.00693	0.00162	0.02743	0.00480	0.00479	0.45972
23	0.00883	0.00609	0.00750	0.00830	0.00854	0.00590	0.00523	0.00949	0.01123	0.01496	0.02885	0.40170	0.03405	0.37657	0.02037	0.00445	0.00510	0.03301	0.00510	0.00472
24	0.00846	0.00665	0.00768	0.00781	0.00959	0.00587	0.00589	0.01058	0.01579	0.02029	0.24947	0.13785	0.40824	0.01630	0.00794	0.00229	0.00353	0.06358	0.00643	0.00576
25	0.00807	0.00577	0.00768	0.00913	0.00956	0.00538	0.00611	0.00929	0.01283	0.01716	0.06170	0.73792	0.04423	0.02036	0.00838	0.00265	0.00379	0.01846	0.00615	0.00538
26	0.01237	0.00683	0.00736	0.00701	0.00882	0.00669	0.00532	0.03825	0.01546	0.04490	0.14835	0.03109	0.07119	0.00930	0.00549	0.00170	0.00330	0.00767	0.56246	0.00642
27	0.01110	0.00789	0.00947	0.00938	0.01126	0.00773	0.00693	0.03259	0.09876	0.06721	0.13574	0.28607	0.20105	0.01827	0.06233	0.00296	0.00500	0.01328	0.00629	0.00670
28	0.01760	0.77260	0.03450	0.01126	0.01690	0.02605	0.01126	0.01971	0.01338	0.01549	0.00915	0.01056	0.00845	0.00563	0.00422	0.00141	0.00704	0.00352	0.00282	0.00845
29	0.06021	0.01694	0.01771	0.04703	0.02010	0.04678	0.01184	0.40433	0.22389	0.05479	0.01851	0.01817	0.01347	0.00801	0.00647	0.00205	0.00676	0.00620	0.00625	0.01047
30	0.00862	0.00668	0.00796	0.00852	0.01014	0.00602	0.00655	0.01065	0.01503	0.01910	0.13872	0.20327	0.36018	0.01736	0.00818	0.00246	0.00397	0.15464	0.00625	0.00571
31	0.19423	0.01321	0.04636	0.01163	0.01675	0.01195	0.00999	0.08924	0.01795	0.46864	0.02045	0.01870	0.01335	0.00751	0.00601	0.00200	0.00580	0.00575	0.00678	0.03370
32	0.01507	0.01685	0.03597	0.13682	0.03605	0.01634	0.60056	0.02045	0.01518	0.02045	0.01308	0.01773	0.00981	0.00570	0.00759	0.00222	0.01075	0.00748	0.00327	0.00864
33	0.02047	0.01600	0.01714	0.01422	0.01862	0.01799	0.01149	0.37296	0.33577	0.03421	0.02163	0.02253	0.01645	0.00886	0.00676	0.00214	0.00628	0.03926	0.00661	0.01060
34	0.14497	0.01584	0.01717	0.01335	0.01839	0.01699	0.01102	0.44070	0.02507	0.20548	0.01725	0.01662	0.01181	0.00769	0.00622	0.00200	0.00653	0.00574	0.00658	0.01059
35	0.01652	0.01762	0.06438	0.14639	0.07143	0.14173	0.06278	0.09904	0.01576	0.02052	0.01276	0.01685	0.01046	0.01241	0.09302	0.00310	0.13547	0.00579	0.04592	0.00805
36	0.06681	0.01099	0.01458	0.07529	0.12817	0.03613	0.01093	0.01638	0.01273	0.05077	0.01604	0.04827	0.01429	0.05886	0.17060	0.00414	0.09697	0.00658	0.12432	0.03714
37	0.00895	0.00629	0.00799	0.00862	0.00973	0.00572	0.00606	0.01069	0.01462	0.04139	0.20362	0.45591	0.16021	0.01789	0.00809	0.00244	0.00363	0.01593	0.00644	0.00577
38	0.04385	0.00668	0.00733	0.00765	0.00936	0.00599	0.00555	0.01017	0.01461	0.01909	0.13600	0.25530	0.42151	0.01692	0.00779	0.00232	0.00352	0.01454	0.00616	0.00565
39	0.01650	0.18640	0.25742	0.03779	0.02512	0.11776	0.14630	0.04486	0.03426	0.01967	0.01248	0.03557	0.01014	0.00671	0.00643	0.00195	0.02290	0.00558	0.00331	0.00884
40	0.01320	0.03405	0.73453	0.01876	0.02849	0.01529	0.02432	0.02085	0.01390	0.02085	0.01181	0.01390	0.00834	0.00625	0.00625	0.00208	0.00973	0.00486	0.00278	0.00973
41	0.00900	0.00651	0.00767	0.00760	0.00863	0.00608	0.00512	0.01051	0.01406	0.01883	0.27538	0.10152	0.18374	0.29689	0.01744	0.00376	0.00443	0.01194	0.00571	0.00518
42	0.01375	0.03332	0.01086	0.00926	0.01176	0.00793	0.00728	0.01602	0.01626	0.17906	0.22095	0.11056	0.23814	0.01473	0.02862	0.00244	0.02897	0.03637	0.00657	0.00715
43	0.01265	0.03349	0.01640	0.11318	0.01843	0.03515	0.01189	0.01454	0.01089	0.01542	0.01293	0.02129	0.01261	0.12181	0.19519	0.00505	0.33287	0.00649	0.00321	0.00651
44	0.01950	0.02552	0.12809	0.01774	0.02214	0.36581	0.09967	0.04877	0.05041	0.01917	0.01237	0.01486	0.00992	0.00880	0.03650	0.00230	0.07428	0.00529	0.03064	0.00821
45	0.01849	0.01165	0.01348	0.06035	0.01665	0.04310	0.00944	0.13044	0.05658	0.22438	0.11478	0.07440	0.15267	0.01123	0.00712	0.00214	0.00553	0.03237	0.00660	0.00861
46	0.01850	0.07338	0.10955	0.04578	0.23290	0.07973	0.09124	0.18131	0.03778	0.02519	0.01315	0.01545	0.01020	0.00649	0.00639	0.00193	0.00843	0.00565	0.00407	0.03288

[dist]
# distance from previous block
# <min> <max>
0	7

[block]
# block no. 1 follows, 33 sequences, length 27
# corresponding to MSA columns:
# 55-81
name=unknown_B
#
# <colnr> <probs for GDERKNQSTAVLIFYWHMCP>
#	G	D	E	R	K	N	Q	S	T	A	V	L	I	F	Y	W	H	M	C	P
0	0.04325	0.26903	0.19273	0.01591	0.05588	0.05011	0.03747	0.16226	0.01761	0.04422	0.01210	0.01349	0.00939	0.00636	0.00559	0.00177	0.00789	0.00473	0.00389	0.04634
1	0.06793	0.01047	0.01061	0.01015	0.01238	0.06582	0.00770	0.01713	0.11172	0.04895	0.09225	0.16974	0.14373	0.03877	0.03594	0.00266	0.02870	0.04148	0.05183	0.03206
2	0.01582	0.01587	0.04722	0.05643	0.03779	0.10759	0.07126	0.07715	0.12690	0.02342	0.08709	0.02232	0.05346	0.00778	0.00632	0.00179	0.00678	0.00657	0.02811	0.20032
3	0.00861	0.00687	0.00775	0.00775	0.00960	0.00617	0.00573	0.01132	0.04524	0.02049	0.24602	0.15512	0.41377	0.01599	0.00782	0.00224	0.00342	0.01373	0.00646	0.00592
4	0.00897	0.00705	0.00816	0.00805	0.00987	0.00647	0.00597	0.01221	0.05993	0.02176	0.32672	0.14082	0.32925	0.01537	0.00778	0.00222	0.00342	0.01327	0.00661	0.00610
5	0.00944	0.00691	0.00984	0.00984	0.01075	0.00782	0.00730	0.01128	0.01036	0.01473	0.01831	0.02963	0.01810	0.20694	0.58723	0.00966	0.01517	0.00761	0.00363	0.00546
6	0.00884	0.00660	0.00822	0.00805	0.00961	0.00597	0.00595	0.01142	0.01716	0.02346	0.50514	0.13804	0.19732	0.01499	0.00784	0.00217	0.00324	0.01314	0.00688	0.00597
7	0.02591	0.01703	0.01888	0.01448	0.01971	0.01832	0.01196	0.57425	0.02859	0.17620	0.01779	0.01709	0.01219	0.00795	0.00659	0.00199	0.00692	0.00606	0.00689	0.01120
8	0.00956	0.00644	0.00748	0.00748	0.00758	0.00654	0.00436	0.00976	0.00966	0.01298	0.02047	0.04158	0.02328	0.70580	0.09546	0.00675	0.00737	0.00935	0.00395	0.00415
9	0.01376	0.03288	0.67073	0.01820	0.02730	0.05244	0.02300	0.02093	0.01414	0.02074	0.01209	0.01419	0.00866	0.00633	0.00618	0.00204	0.00959	0.00488	0.03242	0.00949
10	0.01772	0.01489	0.01607	0.01396	0.01769	0.01732	0.01105	0.14808	0.55121	0.02913	0.02369	0.02238	0.01780	0.00893	0.00769	0.00223	0.05632	0.00707	0.00642	0.01033
11	0.01300	0.00855	0.01010	0.00951	0.01174	0.03003	0.00710	0.01612	0.05604	0.13263	0.24253	0.24977	0.12164	0.01422	0.00752	0.00221	0.00421	0.01242	0.00662	0.04403
12	0.02188	0.08747	0.04678	0.07599	0.02257	0.50375	0.03194	0.05324	0.06219	0.01820	0.01165	0.01342	0.00938	0.00680	0.00599	0.00179	0.01052	0.00470	0.00363	0.00811
13	0.01530	0.01431	0.04575	0.12567	0.49363	0.01409	0.01779	0.01919	0.01460	0.04255	0.03007	0.01838	0.01227	0.00881	0.04843	0.00246	0.00809	0.00608	0.05312	0.00941
14	0.01365	0.01170	0.01365	0.00975	0.01560	0.00878	0.00780	0.01658	0.01365	0.02145	0.01170	0.01365	0.00975	0.00488	0.00488	0.00098	0.00488	0.00390	0.00390	0.80888
15	0.02113	0.11993	0.06826	0.05977	0.07536	0.07673	0.01344	0.32656	0.02226	0.08012	0.01658	0.01732	0.04192	0.00750	0.00621	0.00189	0.00755	0.00575	0.00514	0.02659
16	0.00953	0.00691	0.01009	0.01009	0.01107	0.00789	0.00762	0.01134	0.01036	0.01480	0.01767	0.02752	0.01705	0.13006	0.62470	0.05125	0.01574	0.00727	0.00355	0.00551
17	0.02574	0.01194	0.05518	0.01150	0.01634	0.00974	0.00991	0.02916	0.04044	0.57355	0.05240	0.02325	0.01783	0.00823	0.00645	0.00200	0.00548	0.00671	0.08372	0.01041
18	0.01759	0.10073	0.01778	0.04795	0.03997	0.04217	0.01109	0.09043	0.43357	0.04928	0.02176	0.02110	0.01644	0.00809	0.00625	0.00204	0.00597	0.00653	0.05146	0.00981
19	0.01491	0.05882	0.02310	0.01837	0.04350	0.09685	0.17418	0.01764	0.01344	0.01786	0.04986	0.02067	0.05849	0.01298	0.07979	0.00310	0.27848	0.00688	0.00353	0.00754
20	0.00957	0.00638	0.00718	0.00718	0.00718	0.00638	0.00399	0.00957	0.00957	0.01276	0.02074	0.04308	0.02393	0.76864	0.03351	0.00638	0.00638	0.00957	0.00399	0.00399
21	0.00802	0.00661	0.00705	0.00708	0.00907	0.00564	0.00525	0.00986	0.01536	0.01896	0.15969	0.11049	0.58118	0.01648	0.00782	0.00223	0.00334	0.01394	0.00628	0.00564
22	0.01709	0.51668	0.14066	0.03644	0.01933	0.05503	0.01317	0.02012	0.01406	0.05183	0.01381	0.01497	0.04971	0.00657	0.00502	0.00163	0.00746	0.00458	0.00329	0.00855
23	0.12675	0.00954	0.01152	0.00960	0.01317	0.00893	0.00770	0.02273	0.01700	0.35482	0.19134	0.02921	0.05594	0.00944	0.00636	0.00199	0.00454	0.00772	0.10307	0.00862
24	0.05907	0.06313	0.10692	0.01402	0.01871	0.15820	0.01234	0.17072	0.15745	0.06720	0.01723	0.03649	0.01328	0.00779	0.00608	0.00194	0.00744	0.00590	0.06683	0.00926
25	0.18054	0.04068	0.07100	0.01639	0.08244	0.08116	0.07774	0.13032	0.01773	0.14409	0.04445	0.03970	0.03036	0.00768	0.00616	0.00201	0.00720	0.00623	0.00504	0.00907
26	0.01139	0.00888	0.01146	0.01242	0.06663	0.00907	0.00862	0.06948	0.05244	0.02196	0.17920	0.22804	0.10557	0.05795	0.00987	0.00263	0.03451	0.09716	0.00595	0.00677

[dist]
# distance from previous block
# <min> <max>
0	3

[block]
# block no. 2 follows, 33 sequences, length 18
# corresponding to MSA columns:
# 85-102
name=unknown_C
#
# <colnr> <probs for GDERKNQSTAVLIFYWHMCP>
#	G	D	E	R	K	N	Q	S	T	A	V	L	I	F	Y	W	H	M	C	P
0	0.01270	0.00849	0.02557	0.00956	0.01151	0.00770	0.00720	0.04607	0.03400	0.10976	0.15849	0.21817	0.07608	0.16793	0.01290	0.00313	0.00489	0.05124	0.00605	0.02856
1	0.01710	0.06188	0.19439	0.01956	0.11879	0.01581	0.09413	0.14600	0.08764	0.06359	0.08456	0.01978	0.01622	0.00743	0.00659	0.00201	0.00761	0.00647	0.00473	0.02570
2	0.01504	0.03975	0.15925	0.10282	0.31233	0.01639	0.14579	0.01971	0.01418	0.02012	0.01193	0.01590	0.00956	0.00650	0.00812	0.00213	0.08210	0.00595	0.00310	0.00933
3	0.00931	0.00664	0.00834	0.00892	0.01010	0.00622	0.00630	0.01183	0.04808	0.04076	0.18911	0.45822	0.13624	0.01761	0.00805	0.00244	0.00372	0.01570	0.00645	0.00598
4	0.03447	0.00852	0.00985	0.00917	0.01159	0.00820	0.00706	0.05421	0.07697	0.06516	0.26259	0.11348	0.23351	0.01381	0.00749	0.00219	0.00404	0.04377	0.00656	0.02736
5	0.02013	0.11254	0.14165	0.06186	0.05068	0.01646	0.12771	0.14022	0.05173	0.18764	0.01640	0.01722	0.01161	0.00691	0.00644	0.00200	0.00790	0.00598	0.00497	0.00993
6	0.01719	0.01393	0.02099	0.03618	0.06347	0.03941	0.19167	0.04056	0.19122	0.13606	0.07917	0.06785	0.05382	0.00899	0.00716	0.00217	0.00701	0.00843	0.00561	0.00912
7	0.01097	0.00705	0.00840	0.00814	0.01011	0.00621	0.00599	0.01285	0.01545	0.10906	0.18475	0.19111	0.33171	0.05668	0.00915	0.00248	0.00384	0.01329	0.00648	0.00627
8	0.01547	0.01635	0.06264	0.08656	0.18925	0.01591	0.25588	0.07334	0.05807	0.02215	0.01746	0.02056	0.06296	0.00740	0.00820	0.00218	0.06553	0.00716	0.00388	0.00905
9	0.01980	0.01706	0.05544	0.07246	0.06084	0.01735	0.04773	0.35629	0.14786	0.03191	0.01653	0.01731	0.01221	0.00736	0.00647	0.00195	0.00710	0.00602	0.00552	0.09279
10	0.01108	0.00737	0.00997	0.00969	0.01069	0.00795	0.00703	0.01260	0.01148	0.06967	0.05606	0.10607	0.02337	0.25909	0.32495	0.00706	0.04654	0.00915	0.00444	0.00573
11	0.00801	0.00579	0.00758	0.00902	0.00951	0.00536	0.00604	0.00918	0.01275	0.01686	0.03810	0.72251	0.08420	0.02039	0.00837	0.00265	0.00379	0.01843	0.00611	0.00536
12	0.01486	0.01166	0.01377	0.00990	0.01569	0.00884	0.00794	0.01775	0.01405	0.07540	0.01278	0.01432	0.01025	0.00512	0.00501	0.00106	0.00493	0.00411	0.00422	0.74833
13	0.12242	0.01531	0.01915	0.01695	0.09328	0.01604	0.06666	0.29470	0.06586	0.15601	0.01732	0.03638	0.01277	0.00763	0.00637	0.00202	0.00677	0.00626	0.00586	0.03226
14	0.01969	0.01329	0.01733	0.01358	0.03742	0.01227	0.06922	0.14848	0.05754	0.18799	0.01725	0.01768	0.01252	0.00664	0.00597	0.00164	0.00601	0.00560	0.04909	0.30080
15	0.07875	0.04235	0.14664	0.06089	0.08026	0.07423	0.11226	0.13185	0.10350	0.06058	0.01484	0.01637	0.01102	0.00680	0.00634	0.00201	0.00816	0.00577	0.00444	0.03295
16	0.07519	0.08371	0.19369	0.03644	0.02282	0.01501	0.12874	0.05554	0.05084	0.16283	0.05516	0.01841	0.01390	0.00718	0.00676	0.00203	0.02818	0.00608	0.00469	0.03279
17	0.05688	0.08160	0.01800	0.01431	0.06997	0.01405	0.04633	0.08270	0.17201	0.08212	0.07656	0.02110	0.03427	0.00754	0.00606	0.00178	0.00578	0.00629	0.00526	0.19738

[dist]
# distance from previous block
# <min> <max>
0	5

[block]
# block no. 3 follows, 33 sequences, length 44
# corresponding to MSA columns:
# 108-151
name=unknown_D
#
# <colnr> <probs for GDERKNQSTAVLIFYWHMCP>
#	G	D	E	R	K	N	Q	S	T	A	V	L	I	F	Y	W	H	M	C	P
0	0.08733	0.04386	0.01999	0.06970	0.24328	0.03520	0.01376	0.22804	0.01917	0.04802	0.01414	0.01725	0.01128	0.04591	0.00747	0.00213	0.00708	0.00571	0.04109	0.03958
1	0.01536	0.01454	0.02470	0.09617	0.56049	0.01465	0.04205	0.01925	0.01483	0.02094	0.01432	0.02148	0.01268	0.00697	0.00674	0.00205	0.00776	0.06568	0.00350	0.03583
2	0.01517	0.01363	0.01467	0.03245	0.01526	0.10449	0.01018	0.09905	0.05241	0.01912	0.01593	0.02306	0.03063	0.14535	0.10052	0.05774	0.20225	0.00669	0.03457	0.00684
3	0.00846	0.00617	0.00805	0.00931	0.01013	0.00576	0.00669	0.01005	0.01355	0.01781	0.07084	0.54544	0.11969	0.01947	0.00841	0.00265	0.00408	0.12177	0.00616	0.00552
4	0.00894	0.00666	0.00831	0.00801	0.00963	0.00604	0.00597	0.01166	0.01759	0.02417	0.55651	0.08993	0.19332	0.01448	0.00780	0.00213	0.00319	0.01266	0.00696	0.00604
5	0.00870	0.00676	0.00799	0.00815	0.00993	0.00605	0.00628	0.01099	0.01603	0.02076	0.27051	0.10701	0.36721	0.01613	0.00801	0.00232	0.00369	0.11120	0.00647	0.00583
6	0.00831	0.00659	0.00726	0.00725	0.00898	0.00577	0.00525	0.01010	0.01512	0.01914	0.20603	0.10537	0.46337	0.08985	0.01034	0.00263	0.00361	0.01335	0.00616	0.00553
7	0.01760	0.77260	0.03450	0.01126	0.01690	0.02605	0.01126	0.01971	0.01338	0.01549	0.00915	0.01056	0.00845	0.00563	0.00422	0.00141	0.00704	0.00352	0.00282	0.00845
8	0.02358	0.01615	0.01756	0.01373	0.01849	0.01758	0.01126	0.52524	0.06836	0.10674	0.01807	0.01792	0.01284	0.00796	0.00638	0.00195	0.00651	0.00611	0.09298	0.01060
9	0.00848	0.00637	0.00789	0.00883	0.00996	0.00584	0.00646	0.01015	0.01392	0.01792	0.07962	0.39384	0.23738	0.04179	0.00908	0.00269	0.00409	0.12407	0.00610	0.00553
10	0.02459	0.03138	0.01866	0.01696	0.02035	0.74221	0.01272	0.02629	0.01866	0.01611	0.01018	0.01187	0.00848	0.00678	0.00594	0.00170	0.01187	0.00424	0.00339	0.00763
11	0.01154	0.00909	0.01245	0.01161	0.01279	0.01095	0.00907	0.06644	0.01204	0.01733	0.01639	0.02498	0.01555	0.11661	0.47257	0.00798	0.13971	0.00700	0.01958	0.00632
12	0.00840	0.00671	0.00755	0.00756	0.00948	0.00586	0.00574	0.01054	0.01595	0.02031	0.24977	0.08655	0.46858	0.01601	0.00788	0.00225	0.00346	0.05521	0.00643	0.00577
13	0.04219	0.01292	0.01470	0.01116	0.01634	0.01173	0.00895	0.16142	0.05725	0.09678	0.01566	0.03741	0.01250	0.02478	0.00627	0.00157	0.00547	0.00534	0.00511	0.45245
14	0.08092	0.01606	0.01683	0.11038	0.09503	0.12645	0.01227	0.13457	0.15045	0.06507	0.04318	0.06437	0.03903	0.00865	0.00649	0.00207	0.00709	0.00702	0.00517	0.00890
15	0.08140	0.15961	0.16443	0.01446	0.04145	0.08298	0.01342	0.07882	0.12213	0.05536	0.01421	0.01504	0.01091	0.00661	0.00561	0.00178	0.00728	0.00492	0.00426	0.11534
16	0.03592	0.03937	0.06967	0.02015	0.10993	0.09921	0.09203	0.11026	0.01575	0.02143	0.01344	0.06043	0.01223	0.00921	0.01127	0.00231	0.23773	0.02740	0.00384	0.00844
17	0.00851	0.00652	0.00787	0.00868	0.00982	0.00608	0.00607	0.01092	0.05340	0.01830	0.08897	0.48949	0.22429	0.01844	0.00810	0.00249	0.00372	0.01635	0.00622	0.00575
18	0.06917	0.01350	0.01491	0.01252	0.01653	0.01454	0.01009	0.22928	0.22602	0.13871	0.09653	0.02735	0.04823	0.00957	0.00677	0.00214	0.00562	0.04209	0.00673	0.00972
19	0.01601	0.01770	0.05763	0.14838	0.08646	0.05382	0.38666	0.06167	0.04137	0.02142	0.01325	0.01719	0.01007	0.00629	0.00764	0.00217	0.03307	0.00682	0.00354	0.00884
20	0.00935	0.00629	0.00725	0.00747	0.00753	0.00623	0.00430	0.00951	0.01001	0.01335	0.02301	0.14812	0.02679	0.65970	0.02985	0.00584	0.00601	0.01090	0.00430	0.00419
21	0.00854	0.00666	0.00779	0.00787	0.00961	0.00591	0.00592	0.01077	0.01607	0.02090	0.29698	0.13033	0.37222	0.01602	0.00793	0.00227	0.00348	0.05841	0.00652	0.00580
22	0.13145	0.01519	0.01624	0.01302	0.01768	0.01654	0.01062	0.35190	0.14531	0.15626	0.01880	0.01812	0.01330	0.00787	0.00619	0.00202	0.00615	0.00600	0.03702	0.01031
23	0.11775	0.01838	0.09350	0.01631	0.02195	0.01757	0.11989	0.34377	0.08411	0.07816	0.01584	0.01649	0.01134	0.00726	0.00644	0.00206	0.00755	0.00600	0.00550	0.01013
24	0.00795	0.00634	0.00713	0.00764	0.00917	0.00552	0.00546	0.00951	0.01436	0.01792	0.09258	0.30857	0.44893	0.01788	0.00800	0.00237	0.00349	0.01548	0.00618	0.00552
25	0.07989	0.01145	0.01451	0.01138	0.01603	0.01059	0.00933	0.09100	0.01933	0.53872	0.08880	0.02446	0.03681	0.00868	0.00658	0.00204	0.00543	0.00701	0.00760	0.01033
26	0.07730	0.01707	0.01821	0.01417	0.01918	0.01878	0.01167	0.56762	0.05963	0.08395	0.01667	0.01652	0.01181	0.00784	0.00637	0.00198	0.00679	0.00589	0.02778	0.01075
27	0.01362	0.01215	0.01459	0.09633	0.04550	0.03746	0.00952	0.01667	0.01411	0.02090	0.05518	0.03543	0.01363	0.00610	0.00544	0.00129	0.00557	0.00507	0.00400	0.58744
28	0.07057	0.01724	0.01708	0.01479	0.01679	0.17228	0.01176	0.09013	0.05055	0.01999	0.01221	0.01723	0.01105	0.07771	0.04294	0.00298	0.30853	0.00571	0.00381	0.03664
29	0.01493	0.00886	0.01074	0.00945	0.01208	0.00857	0.00734	0.07310	0.06546	0.15405	0.33594	0.06483	0.08305	0.01149	0.00701	0.00203	0.00407	0.00982	0.10948	0.00771
30	0.01816	0.01348	0.01474	0.01285	0.01672	0.01496	0.01010	0.07892	0.52222	0.12321	0.05278	0.02606	0.04762	0.00922	0.00676	0.00218	0.00525	0.00764	0.00688	0.01024
31	0.00848	0.00634	0.00784	0.00845	0.00964	0.00578	0.00607	0.01031	0.01473	0.01941	0.20773	0.35036	0.22056	0.03969	0.00887	0.00255	0.00374	0.05752	0.00632	0.00561
32	0.00840	0.00614	0.00789	0.00862	0.00957	0.00564	0.00602	0.01021	0.01474	0.01989	0.25328	0.46547	0.12388	0.01797	0.00814	0.00244	0.00354	0.01607	0.00646	0.00564
33	0.22551	0.01163	0.01357	0.01088	0.01544	0.01131	0.00892	0.05120	0.03898	0.46145	0.06853	0.02110	0.01702	0.00801	0.00606	0.00204	0.00535	0.00621	0.00696	0.00982
34	0.01404	0.01198	0.01275	0.01162	0.01457	0.03399	0.00894	0.02654	0.44460	0.02656	0.25917	0.03342	0.05277	0.01058	0.00706	0.00216	0.00466	0.00901	0.00677	0.00881
35	0.01052	0.00707	0.00992	0.00979	0.01087	0.00775	0.00723	0.01228	0.01091	0.05531	0.01968	0.06336	0.01943	0.21330	0.50225	0.00876	0.01370	0.00815	0.00401	0.00571
36	0.01440	0.01440	0.02016	0.01728	0.01728	0.02016	0.01440	0.01584	0.01008	0.01584	0.00864	0.01440	0.00864	0.01152	0.02160	0.00288	0.75659	0.00576	0.00288	0.00720
37	0.01670	0.01517	0.02487	0.16801	0.41262	0.01589	0.07864	0.08770	0.05462	0.04101	0.01381	0.01722	0.01083	0.00640	0.00666	0.00204	0.00803	0.00614	0.00384	0.00980
38	0.01933	0.49412	0.05650	0.01306	0.01835	0.06457	0.01229	0.17377	0.01747	0.02158	0.01078	0.01214	0.00907	0.00653	0.00582	0.00165	0.04601	0.00427	0.00370	0.00900
39	0.00989	0.00795	0.01092	0.01083	0.01249	0.00789	0.04359	0.01262	0.03314	0.01939	0.12301	0.19845	0.19451	0.03435	0.00965	0.00267	0.04733	0.20935	0.00587	0.00610
40	0.01397	0.01198	0.01454	0.01218	0.05644	0.01021	0.00899	0.04310	0.04519	0.02189	0.01423	0.06955	0.01273	0.00669	0.00614	0.00134	0.03936	0.00542	0.00420	0.60185
41	0.01561	0.13745	0.44529	0.06551	0.02572	0.01660	0.01930	0.07126	0.03512	0.06540	0.01372	0.03655	0.01045	0.00692	0.00610	0.00200	0.00853	0.00540	0.00361	0.00947
42	0.02759	0.04413	0.04065	0.01139	0.03485	0.03557	0.00868	0.08796	0.01484	0.03756	0.11675	0.09993	0.05056	0.11034	0.17502	0.07569	0.00846	0.00871	0.00476	0.00657
43	0.01554	0.09696	0.03711	0.28964	0.05017	0.06517	0.03159	0.06210	0.06184	0.04063	0.01545	0.03560	0.03590	0.00740	0.00678	0.00195	0.03645	0.00601	0.00389	0.09981

[dist]
# distance from previous block
# <min> <max>
1	8

[block]
# block no. 4 follows, 33 sequences, length 26
# corresponding to MSA columns:
# 160-185
name=unknown_E
#
# <colnr> <probs for GDERKNQSTAVLIFYWHMCP>
#	G	D	E	R	K	N	Q	S	T	A	V	L	I	F	Y	W	H	M	C	P
0	0.13494	0.01938	0.17387	0.01402	0.01916	0.07318	0.01325	0.15896	0.06745	0.13872	0.01624	0.04585	0.01240	0.00865	0.00766	0.04020	0.03592	0.00592	0.00505	0.00917
1	0.05027	0.01025	0.01003	0.01035	0.01172	0.09256	0.00730	0.04132	0.06362	0.01927	0.06940	0.45251	0.03413	0.08371	0.00993	0.00277	0.00523	0.01379	0.00563	0.00622
2	0.01704	0.15443	0.23404	0.01731	0.02379	0.05060	0.15146	0.13033	0.01729	0.05122	0.01639	0.04679	0.04536	0.00744	0.00641	0.00199	0.00852	0.00640	0.00404	0.00916
3	0.02038	0.02435	0.01928	0.01709	0.01908	0.44349	0.01342	0.02197	0.01511	0.01600	0.00954	0.01292	0.00855	0.00874	0.01242	0.00219	0.31997	0.00487	0.00318	0.00745
4	0.00940	0.00705	0.01058	0.01058	0.01176	0.00823	0.00823	0.01176	0.01058	0.01528	0.01763	0.02586	0.01646	0.04937	0.74255	0.01058	0.01763	0.00705	0.00353	0.00588
5	0.01365	0.01170	0.01365	0.00975	0.01560	0.00878	0.00780	0.01658	0.01365	0.02145	0.01170	0.01365	0.00975	0.00488	0.00488	0.00098	0.00488	0.00390	0.00390	0.80888
6	0.07048	0.13516	0.02135	0.01552	0.06054	0.05782	0.01224	0.41978	0.06866	0.05360	0.01488	0.01526	0.01105	0.00734	0.00604	0.00189	0.00718	0.00544	0.00554	0.01024
7	0.09919	0.01511	0.01770	0.01606	0.09985	0.01584	0.01170	0.35662	0.02322	0.17504	0.03878	0.01794	0.01345	0.00760	0.00625	0.00194	0.00643	0.00595	0.03199	0.03934
8	0.00929	0.00842	0.04710	0.00995	0.01166	0.00700	0.03367	0.03706	0.01404	0.01844	0.06060	0.46121	0.18424	0.05375	0.00925	0.00266	0.00454	0.01540	0.00578	0.00594
9	0.01511	0.06050	0.34469	0.01881	0.02597	0.01640	0.16587	0.06125	0.15766	0.02298	0.01544	0.01718	0.01148	0.00794	0.02772	0.00235	0.00907	0.00607	0.00393	0.00960
10	0.00802	0.00573	0.00764	0.00917	0.00955	0.00535	0.00611	0.00917	0.01260	0.01681	0.03628	0.76434	0.04354	0.02062	0.00840	0.00267	0.00382	0.01872	0.00611	0.00535
11	0.00801	0.00577	0.00760	0.00906	0.00952	0.00536	0.00606	0.00918	0.01271	0.01685	0.03757	0.73473	0.07232	0.02046	0.00838	0.00265	0.00380	0.01851	0.00611	0.00536
12	0.01566	0.01660	0.03028	0.07182	0.11497	0.04558	0.38462	0.04579	0.01495	0.02031	0.01271	0.01764	0.01030	0.02650	0.03279	0.00261	0.11801	0.00693	0.00338	0.00855
13	0.00957	0.00638	0.00718	0.00718	0.00718	0.00638	0.00399	0.00957	0.00957	0.01276	0.02074	0.04308	0.02393	0.76864	0.03351	0.00638	0.00638	0.00957	0.00399	0.00399
14	0.00996	0.00737	0.00970	0.01087	0.01255	0.00711	0.00932	0.01268	0.01512	0.01926	0.04217	0.07175	0.19577	0.01784	0.00879	0.00285	0.00544	0.52943	0.00607	0.00595
15	0.02878	0.01241	0.01603	0.01229	0.01741	0.01147	0.01015	0.14459	0.02087	0.61677	0.02427	0.02130	0.01544	0.00811	0.00661	0.00203	0.00588	0.00650	0.00789	0.01120
16	0.01832	0.01610	0.01540	0.01359	0.01732	0.10952	0.01058	0.08626	0.49276	0.06103	0.06794	0.02367	0.02036	0.00882	0.00665	0.00212	0.00612	0.00715	0.00637	0.00989
17	0.01869	0.01535	0.01660	0.01479	0.04222	0.01743	0.01132	0.21454	0.50795	0.03108	0.02335	0.02193	0.01738	0.00855	0.00666	0.00215	0.00585	0.00698	0.00655	0.01063
18	0.00881	0.00712	0.00769	0.00739	0.00956	0.00628	0.00558	0.03625	0.01651	0.02082	0.22847	0.05805	0.53317	0.01554	0.00773	0.00218	0.00342	0.01310	0.00641	0.00593
19	0.00847	0.00625	0.00771	0.00869	0.00958	0.00579	0.00612	0.00981	0.01307	0.01686	0.04108	0.43071	0.19597	0.11456	0.01154	0.00308	0.00430	0.09525	0.00584	0.00531
20	0.01572	0.23643	0.40542	0.01718	0.05187	0.08517	0.01878	0.02134	0.03676	0.01905	0.01135	0.01324	0.00885	0.00633	0.00608	0.00188	0.02781	0.00458	0.00299	0.00917
21	0.00947	0.00717	0.00854	0.00816	0.01000	0.00671	0.00613	0.01320	0.06511	0.02390	0.46079	0.07112	0.22926	0.01399	0.00760	0.00212	0.00333	0.01211	0.03499	0.00630
22	0.04336	0.12937	0.09803	0.10325	0.02329	0.15659	0.07517	0.04878	0.11028	0.04202	0.01415	0.01685	0.01130	0.03094	0.03857	0.00246	0.03759	0.00559	0.00393	0.00846
23	0.01391	0.01148	0.01424	0.01055	0.01579	0.00916	0.03566	0.04075	0.01488	0.04035	0.07768	0.04711	0.01605	0.00649	0.00550	0.00125	0.00502	0.00551	0.00447	0.62414
24	0.01312	0.00995	0.01341	0.01465	0.10939	0.03669	0.04244	0.01606	0.04138	0.09535	0.11690	0.21863	0.13128	0.05242	0.00894	0.00251	0.00539	0.05852	0.00575	0.00722
25	0.01198	0.00906	0.01048	0.01008	0.01225	0.00917	0.00741	0.04328	0.18818	0.03826	0.09765	0.30348	0.07835	0.05038	0.00858	0.00245	0.00441	0.01219	0.03515	0.06721

[dist]
# distance from previous block
# <min> <max>
4	7

[block]
# block no. 5 follows, 33 sequences, length 54
# corresponding to MSA columns:
# 193-211,213-247
name=unknown_F
#
# <colnr> <probs for GDERKNQSTAVLIFYWHMCP>
#	G	D	E	R	K	N	Q	S	T	A	V	L	I	F	Y	W	H	M	C	P
0	0.04376	0.16068	0.42664	0.01766	0.02545	0.04209	0.09880	0.02184	0.06549	0.02057	0.01246	0.01435	0.00937	0.00627	0.00601	0.00198	0.00899	0.00508	0.00320	0.00929
1	0.01459	0.18446	0.46528	0.01736	0.02538	0.01755	0.07485	0.04057	0.03321	0.02032	0.01212	0.01431	0.00920	0.00782	0.03391	0.00228	0.00939	0.00500	0.00308	0.00931
2	0.00928	0.00681	0.00942	0.00981	0.01081	0.00652	0.02970	0.01097	0.01380	0.03345	0.14317	0.48440	0.08104	0.05610	0.00988	0.00273	0.02499	0.04531	0.00604	0.00575
3	0.03518	0.12604	0.22311	0.09951	0.16484	0.06799	0.04129	0.06436	0.01506	0.02060	0.01140	0.01438	0.00906	0.00670	0.00739	0.00202	0.07359	0.00515	0.00324	0.00907
4	0.01816	0.12758	0.21701	0.01525	0.02111	0.07347	0.04146	0.20387	0.01872	0.05990	0.01552	0.01730	0.03254	0.01220	0.09430	0.00295	0.00945	0.00565	0.00433	0.00923
5	0.06644	0.16067	0.20503	0.01716	0.02307	0.04105	0.16525	0.09051	0.01565	0.02183	0.01442	0.09630	0.01281	0.00792	0.00685	0.00205	0.03376	0.00681	0.00377	0.00866
6	0.00800	0.00580	0.00757	0.00898	0.00950	0.00536	0.00603	0.00919	0.01278	0.01688	0.03856	0.71192	0.09449	0.02033	0.00836	0.00264	0.00378	0.01835	0.00611	0.00536
7	0.05950	0.12002	0.09618	0.01606	0.02131	0.14078	0.09319	0.21362	0.01988	0.08798	0.03222	0.01564	0.01143	0.00719	0.00675	0.00194	0.03678	0.00553	0.00467	0.00933
8	0.01481	0.01595	0.10033	0.26892	0.34207	0.01501	0.01866	0.04412	0.03858	0.02096	0.01315	0.01711	0.01032	0.00641	0.00643	0.00204	0.00800	0.00582	0.04217	0.00915
9	0.01001	0.00702	0.00837	0.00849	0.00903	0.00721	0.00545	0.03576	0.03605	0.01550	0.02394	0.20169	0.02695	0.46994	0.10118	0.00569	0.00699	0.01115	0.00461	0.00498
10	0.01388	0.06142	0.05429	0.14317	0.02094	0.05734	0.03836	0.10377	0.01678	0.02215	0.16351	0.15043	0.04939	0.01112	0.00811	0.00219	0.06143	0.00931	0.00495	0.00747
11	0.00810	0.00673	0.00711	0.00716	0.00928	0.00574	0.00547	0.00998	0.01534	0.01867	0.12308	0.06279	0.62204	0.01648	0.00786	0.00226	0.00349	0.05654	0.00621	0.00565
12	0.01335	0.01145	0.01330	0.00959	0.01526	0.00861	0.00766	0.01621	0.01372	0.02127	0.01449	0.01617	0.04603	0.00547	0.00502	0.00104	0.00480	0.00441	0.00401	0.76813
13	0.01323	0.01241	0.02042	0.60553	0.13971	0.01488	0.01806	0.01845	0.05796	0.01816	0.01275	0.01782	0.00973	0.00663	0.00658	0.00216	0.00842	0.00595	0.00321	0.00795
14	0.62489	0.01567	0.01193	0.05100	0.01593	0.12380	0.00877	0.04446	0.01312	0.02725	0.00969	0.01143	0.00757	0.00630	0.00458	0.00199	0.00639	0.00387	0.00400	0.00736
15	0.00927	0.00612	0.00821	0.00948	0.01017	0.00570	0.00657	0.01061	0.01308	0.05327	0.03567	0.68398	0.04181	0.01984	0.00836	0.00266	0.00405	0.05925	0.00621	0.00569
16	0.02459	0.03138	0.01866	0.01696	0.02035	0.74221	0.01272	0.02629	0.01866	0.01611	0.01018	0.01187	0.00848	0.00678	0.00594	0.00170	0.01187	0.00424	0.00339	0.00763
17	0.06648	0.08339	0.02034	0.06985	0.02191	0.39822	0.03747	0.16309	0.01983	0.04300	0.01187	0.01344	0.00926	0.00686	0.00596	0.00181	0.00974	0.00480	0.00414	0.00852
18	0.01747	0.12826	0.03755	0.01493	0.05393	0.04047	0.03036	0.14711	0.04384	0.04829	0.01364	0.04365	0.01154	0.00772	0.00841	0.00183	0.13295	0.00558	0.00432	0.20816
19	0.01170	0.01023	0.01355	0.08511	0.03571	0.01058	0.05965	0.01885	0.20349	0.02266	0.19888	0.04053	0.23903	0.01175	0.00733	0.00218	0.00501	0.01024	0.00594	0.00756
20	0.00951	0.00662	0.00838	0.00838	0.00879	0.00703	0.00548	0.01034	0.00993	0.01365	0.01965	0.03701	0.02130	0.51507	0.28347	0.00786	0.01035	0.00869	0.00383	0.00465
21	0.01620	0.01691	0.07530	0.02554	0.25835	0.08215	0.16277	0.03971	0.01548	0.05950	0.01641	0.08337	0.01459	0.01137	0.06779	0.00281	0.00931	0.02956	0.00398	0.00889
22	0.00814	0.00606	0.00758	0.00852	0.00945	0.00550	0.00589	0.00965	0.01389	0.01825	0.13153	0.52265	0.19115	0.01886	0.00819	0.00250	0.00362	0.01681	0.00626	0.00550
23	0.01545	0.01439	0.03697	0.09454	0.04004	0.06181	0.01131	0.08627	0.33766	0.02519	0.09590	0.05243	0.08030	0.00977	0.00686	0.00216	0.00602	0.00817	0.00582	0.00895
24	0.00843	0.00594	0.00765	0.00870	0.00911	0.00562	0.00570	0.00952	0.01251	0.01682	0.09074	0.56310	0.04125	0.16672	0.01327	0.00335	0.00426	0.01635	0.00579	0.00515
25	0.01389	0.01182	0.01295	0.03969	0.01588	0.01317	0.00929	0.02712	0.47969	0.02558	0.14262	0.03366	0.12551	0.01065	0.00702	0.00220	0.00475	0.00900	0.00656	0.00895
26	0.02292	0.02838	0.01815	0.01647	0.01964	0.62698	0.01246	0.02584	0.06772	0.01688	0.01158	0.01344	0.00963	0.00882	0.03526	0.00214	0.04769	0.00465	0.00361	0.00774
27	0.01345	0.01274	0.02159	0.56490	0.22530	0.01489	0.01879	0.01771	0.01365	0.01806	0.01188	0.01722	0.00921	0.00639	0.00656	0.00213	0.00852	0.00585	0.00301	0.00813
28	0.01243	0.01170	0.01975	0.75282	0.04534	0.01463	0.01828	0.01682	0.01316	0.01682	0.01170	0.01755	0.00878	0.00658	0.00658	0.00219	0.00878	0.00585	0.00293	0.00731
29	0.01552	0.01485	0.02533	0.18289	0.59112	0.01544	0.01982	0.01953	0.01462	0.02057	0.01225	0.01655	0.01010	0.00601	0.00653	0.00200	0.00801	0.00586	0.00319	0.00980
30	0.02503	0.01844	0.01976	0.01515	0.02042	0.02042	0.01251	0.70562	0.03095	0.04149	0.01581	0.01581	0.01120	0.00790	0.00659	0.00198	0.00724	0.00593	0.00659	0.01120
31	0.81514	0.01273	0.00968	0.00866	0.01273	0.01477	0.00713	0.01935	0.01120	0.02954	0.00917	0.01069	0.00713	0.00611	0.00407	0.00204	0.00509	0.00356	0.00407	0.00713
32	0.01243	0.01170	0.01975	0.75282	0.04534	0.01463	0.01828	0.01682	0.01316	0.01682	0.01170	0.01755	0.00878	0.00658	0.00658	0.00219	0.00878	0.00585	0.00293	0.00731
33	0.02496	0.01762	0.06964	0.01450	0.01998	0.01727	0.01258	0.46622	0.05275	0.20860	0.01843	0.01762	0.01258	0.00788	0.00657	0.00201	0.00694	0.00608	0.00670	0.01106
34	0.00828	0.00628	0.00841	0.00921	0.01014	0.00575	0.02493	0.00976	0.01348	0.01774	0.08793	0.58237	0.15313	0.01909	0.00824	0.00255	0.00389	0.01718	0.00611	0.00554
35	0.01716	0.01682	0.09501	0.03430	0.07744	0.03928	0.01276	0.21147	0.23249	0.02810	0.04942	0.05292	0.08516	0.00933	0.00678	0.00211	0.00648	0.00769	0.00569	0.00957
36	0.01131	0.01002	0.01249	0.01198	0.01318	0.07043	0.00940	0.01349	0.01118	0.01542	0.01585	0.02322	0.01479	0.04095	0.58828	0.00885	0.11289	0.00665	0.00343	0.00619
37	0.01833	0.21811	0.09999	0.06020	0.12217	0.08885	0.10625	0.10971	0.05382	0.04328	0.01296	0.01494	0.01014	0.00642	0.00602	0.00187	0.00841	0.00536	0.00385	0.00931
38	0.00936	0.00629	0.00724	0.00746	0.00751	0.00624	0.00428	0.00952	0.00999	0.01332	0.02289	0.14295	0.02665	0.66506	0.03003	0.00587	0.00603	0.01084	0.00428	0.00418
39	0.01336	0.01346	0.04634	0.09611	0.13279	0.03495	0.15533	0.03451	0.05441	0.02018	0.04516	0.15556	0.03839	0.01286	0.05308	0.00281	0.02853	0.04988	0.00439	0.00789
40	0.00894	0.00665	0.00758	0.00739	0.00923	0.00599	0.00555	0.01133	0.01598	0.02160	0.29927	0.05186	0.36628	0.01604	0.04299	0.00249	0.00391	0.01194	0.09912	0.00588
41	0.02035	0.48129	0.02827	0.01350	0.01825	0.30750	0.01184	0.02230	0.01545	0.01573	0.00955	0.01108	0.00846	0.00608	0.00490	0.00152	0.00894	0.00380	0.00304	0.00813
42	0.02267	0.01718	0.01797	0.01453	0.01893	0.06998	0.01178	0.40008	0.15659	0.10437	0.01821	0.01816	0.01327	0.00983	0.03581	0.00239	0.04544	0.00620	0.00623	0.01039
43	0.01727	0.14613	0.07820	0.02395	0.25261	0.12513	0.08348	0.04595	0.07045	0.02112	0.06213	0.01754	0.01397	0.00680	0.00625	0.00189	0.00821	0.00589	0.00384	0.00921
44	0.01914	0.03800	0.01864	0.01924	0.16713	0.07422	0.01275	0.07757	0.36533	0.10512	0.02105	0.02054	0.01574	0.00786	0.00651	0.00207	0.00653	0.00654	0.00575	0.01028
45	0.05318	0.01432	0.01966	0.01687	0.01706	0.01990	0.01405	0.01601	0.01014	0.01651	0.00867	0.01422	0.00857	0.01126	0.02076	0.00284	0.72019	0.00565	0.00294	0.00720
46	0.01674	0.10388	0.16282	0.01502	0.02022	0.07876	0.06485	0.13255	0.16879	0.02426	0.04492	0.04287	0.05135	0.03513	0.00742	0.00218	0.00749	0.00689	0.00481	0.00906
47	0.00955	0.00716	0.01043	0.01036	0.01137	0.00832	0.00789	0.01161	0.01045	0.01500	0.01777	0.02757	0.01713	0.13187	0.64195	0.00990	0.03512	0.00731	0.00356	0.00569
48	0.01600	0.15701	0.35721	0.04433	0.02448	0.01748	0.05109	0.10022	0.07785	0.04216	0.01381	0.01550	0.01036	0.00827	0.03457	0.00230	0.00879	0.00529	0.00378	0.00949
49	0.01076	0.00923	0.01133	0.01065	0.01270	0.04040	0.03431	0.01386	0.05765	0.01916	0.10973	0.29610	0.09583	0.01905	0.10420	0.00330	0.02824	0.01196	0.00534	0.10621
50	0.01088	0.00794	0.00913	0.00878	0.01075	0.00772	0.00650	0.04488	0.08513	0.04696	0.18395	0.15940	0.25481	0.06977	0.03486	0.00281	0.00451	0.01218	0.03254	0.00652
51	0.01374	0.05536	0.07190	0.03693	0.09777	0.01300	0.12568	0.08187	0.06536	0.02227	0.05779	0.09959	0.11899	0.01106	0.00734	0.00226	0.00682	0.09920	0.00496	0.00810
52	0.08590	0.18723	0.15936	0.04305	0.07062	0.17012	0.01464	0.09057	0.06126	0.04116	0.01244	0.01388	0.00970	0.00659	0.00566	0.00184	0.00839	0.00476	0.00384	0.00898
53	0.01734	0.05986	0.04438	0.05422	0.16214	0.08992	0.01304	0.08402	0.10693	0.08163	0.04626	0.02492	0.09090	0.00877	0.00713	0.00203	0.03534	0.02905	0.00491	0.03722

[dist]
# distance from previous block
# <min> <max>
2	8

[block]
# block no. 6 follows, 33 sequences, length 42
# corresponding to MSA columns:
# 256-297
name=unknown_G
#
# <colnr> <probs for GDERKNQSTAVLIFYWHMCP>
#	G	D	E	R	K	N	Q	S	T	A	V	L	I	F	Y	W	H	M	C	P
0	0.08674	0.10706	0.11369	0.13374	0.02321	0.14072	0.03420	0.05672	0.01580	0.07997	0.07097	0.03767	0.01456	0.00781	0.00696	0.00201	0.04985	0.00594	0.00415	0.00823
1	0.10863	0.16400	0.11924	0.01411	0.01942	0.03665	0.06949	0.10799	0.12419	0.08320	0.07617	0.01875	0.01579	0.00746	0.00600	0.00195	0.00694	0.00596	0.00489	0.00917
2	0.03315	0.05976	0.20382	0.01489	0.01998	0.13145	0.06727	0.02055	0.07315	0.05601	0.03954	0.14456	0.04109	0.00947	0.00660	0.00204	0.00767	0.00798	0.00442	0.05660
3	0.01373	0.12277	0.65044	0.01786	0.02710	0.01658	0.02275	0.02071	0.01384	0.02020	0.01149	0.01350	0.00835	0.00618	0.00601	0.00200	0.00941	0.00470	0.00278	0.00958
4	0.06852	0.09890	0.05174	0.01453	0.01893	0.09598	0.07223	0.06531	0.34267	0.02495	0.06369	0.02077	0.01748	0.00797	0.00632	0.00204	0.00683	0.00653	0.00530	0.00930
5	0.01492	0.01305	0.05034	0.01090	0.01635	0.01029	0.00913	0.06024	0.07612	0.05512	0.01548	0.06276	0.01311	0.00663	0.00551	0.00136	0.00526	0.00544	0.00458	0.56341
6	0.01443	0.08851	0.53716	0.01680	0.02494	0.05183	0.02025	0.02052	0.01419	0.04671	0.01360	0.06144	0.01095	0.00715	0.00617	0.00200	0.00888	0.00563	0.00328	0.04557
7	0.01531	0.00972	0.01405	0.05997	0.01752	0.00988	0.04243	0.04151	0.03227	0.15870	0.02891	0.07454	0.02835	0.01419	0.00870	0.00268	0.03456	0.39310	0.00606	0.00756
8	0.00845	0.00594	0.00761	0.00867	0.00904	0.00563	0.00564	0.00946	0.01231	0.01651	0.07645	0.55816	0.04035	0.18696	0.01396	0.00346	0.00435	0.01624	0.00571	0.00510
9	0.01598	0.04830	0.24833	0.02319	0.03036	0.10369	0.39164	0.02160	0.01534	0.02024	0.01235	0.01565	0.00926	0.00592	0.00697	0.00209	0.01065	0.00633	0.00315	0.00897
10	0.53510	0.23718	0.01757	0.00979	0.01440	0.01842	0.00865	0.05837	0.01296	0.02607	0.00954	0.01094	0.00775	0.00607	0.00426	0.00185	0.00579	0.00369	0.00385	0.00775
11	0.00802	0.00573	0.00764	0.00917	0.00955	0.00535	0.00611	0.00917	0.01260	0.01681	0.03628	0.76434	0.04354	0.02062	0.00840	0.00267	0.00382	0.01872	0.00611	0.00535
12	0.01735	0.01410	0.01505	0.01335	0.01720	0.01612	0.01044	0.05400	0.65752	0.06694	0.02643	0.02419	0.01963	0.00886	0.00669	0.00221	0.00529	0.00735	0.00678	0.01049
13	0.01637	0.01414	0.01489	0.01340	0.01712	0.01637	0.01042	0.03498	0.71568	0.02754	0.02679	0.02456	0.02010	0.00893	0.00670	0.00223	0.00521	0.00744	0.00670	0.01042
14	0.00957	0.00638	0.00718	0.00718	0.00718	0.00638	0.00399	0.00957	0.00957	0.01276	0.02074	0.04308	0.02393	0.76864	0.03351	0.00638	0.00638	0.00957	0.00399	0.00399
15	0.02459	0.03138	0.01866	0.01696	0.02035	0.74221	0.01272	0.02629	0.01866	0.01611	0.01018	0.01187	0.00848	0.00678	0.00594	0.00170	0.01187	0.00424	0.00339	0.00763
16	0.00802	0.00573	0.00764	0.00917	0.00955	0.00535	0.00611	0.00917	0.01260	0.01681	0.03628	0.76434	0.04354	0.02062	0.00840	0.00267	0.00382	0.01872	0.00611	0.00535
17	0.20702	0.01999	0.01692	0.01399	0.01846	0.19107	0.01121	0.35135	0.05786	0.03197	0.01348	0.01413	0.01006	0.00727	0.00586	0.00194	0.00775	0.00506	0.00525	0.00937
