[name]
unknown

[dist]
# distance from previous block
# <min> <max>
9	26

[block]
# block no. 0 follows, 33 sequences, length 16
# corresponding to MSA columns:
# 26-41
name=unknown_A
#
# <colnr> <probs for GDERKNQSTAVLIFYWHMCP>
#	G	D	E	R	K	N	Q	S	T	A	V	L	I	F	Y	W	H	M	C	P
0	0.09483	0.00999	0.01188	0.00999	0.01358	0.00959	0.00797	0.04907	0.05940	0.33859	0.08333	0.06625	0.05828	0.00948	0.00628	0.00200	0.00472	0.00775	0.14816	0.00885
1	0.01374	0.00943	0.01331	0.01207	0.01453	0.00921	0.07277	0.06254	0.07873	0.11528	0.09870	0.34224	0.05258	0.01470	0.00781	0.00242	0.00516	0.06105	0.00631	0.00743
2	0.11519	0.01229	0.03892	0.01173	0.01664	0.01093	0.00995	0.06565	0.01798	0.54913	0.02257	0.02066	0.01474	0.01032	0.05052	0.00255	0.00650	0.00621	0.00715	0.01038
3	0.01011	0.00660	0.00799	0.00816	0.00898	0.00635	0.00536	0.01098	0.01176	0.05791	0.03133	0.22523	0.12867	0.36719	0.07997	0.00493	0.00617	0.01212	0.00504	0.00515
4	0.01549	0.01431	0.03599	0.05938	0.04625	0.07017	0.06534	0.13839	0.15643	0.02589	0.17554	0.08922	0.05863	0.01030	0.00710	0.00213	0.00633	0.00893	0.00573	0.00844
5	0.05177	0.00882	0.01213	0.01043	0.01337	0.00800	0.06480	0.01683	0.01620	0.18928	0.18673	0.14967	0.21924	0.01314	0.00742	0.00220	0.00462	0.01148	0.00651	0.00735
6	0.01729	0.05244	0.06118	0.05085	0.29781	0.03666	0.07213	0.14581	0.06026	0.02471	0.01570	0.01791	0.03785	0.00679	0.00642	0.00191	0.00762	0.00606	0.00419	0.07642
7	0.01940	0.42891	0.06288	0.01570	0.05321	0.15349	0.08103	0.02216	0.01511	0.07636	0.01143	0.01293	0.00935	0.00608	0.00529	0.00165	0.00837	0.00450	0.00344	0.00872
8	0.04856	0.01047	0.01278	0.01053	0.01433	0.00986	0.00837	0.05526	0.09784	0.27735	0.21175	0.04422	0.02837	0.00945	0.00660	0.00194	0.00472	0.00792	0.03785	0.10182
9	0.01633	0.01651	0.02076	0.08636	0.18260	0.12097	0.04091	0.05190	0.05703	0.02031	0.07567	0.01866	0.01469	0.00874	0.01122	0.00226	0.23653	0.00631	0.00386	0.00837
10	0.01023	0.00673	0.00840	0.00847	0.00999	0.00607	0.00610	0.01215	0.01535	0.07932	0.25116	0.29809	0.19469	0.05115	0.00909	0.00251	0.00376	0.01416	0.00653	0.00608
11	0.02063	0.01580	0.05120	0.04434	0.01979	0.04206	0.05288	0.27223	0.11644	0.14971	0.02182	0.02324	0.05723	0.07164	0.00895	0.00242	0.00696	0.00703	0.00598	0.00965
12	0.01094	0.00866	0.00971	0.01085	0.06835	0.05182	0.00623	0.01156	0.01082	0.01409	0.02024	0.08438	0.02274	0.57285	0.06545	0.00571	0.00727	0.00940	0.00400	0.00493
13	0.06767	0.05859	0.01603	0.01378	0.07860	0.01250	0.02665	0.05714	0.13378	0.03878	0.07586	0.06902	0.01853	0.01048	0.05066	0.00227	0.00619	0.00673	0.00489	0.25183
14	0.10893	0.07101	0.09495	0.01558	0.05712	0.15375	0.01282	0.17915	0.09418	0.02586	0.04178	0.05567	0.01419	0.00819	0.00675	0.00201	0.03828	0.00612	0.00472	0.00893
15	0.09011	0.15544	0.07619	0.03342	0.01884	0.07119	0.01185	0.18665	0.07908	0.09643	0.01605	0.01682	0.02565	0.00948	0.04580	0.00233	0.00764	0.00539	0.00490	0.04676

[dist]
# distance from previous block
# <min> <max>
4	7

[block]
# block no. 1 follows, 33 sequences, length 8
# corresponding to MSA columns:
# 50-57
name=unknown_B
#
# <colnr> <probs for GDERKNQSTAVLIFYWHMCP>
#	G	D	E	R	K	N	Q	S	T	A	V	L	I	F	Y	W	H	M	C	P
0	0.01791	0.03559	0.07762	0.01568	0.06630	0.01261	0.06061	0.11055	0.07367	0.17193	0.02330	0.05850	0.02061	0.05866	0.00894	0.00257	0.00681	0.16355	0.00574	0.00887
1	0.00894	0.00674	0.00803	0.00870	0.00978	0.00643	0.00609	0.01134	0.05774	0.01764	0.06611	0.37281	0.19883	0.13274	0.01200	0.00311	0.00430	0.05720	0.00586	0.00559
2	0.41085	0.11923	0.06212	0.01281	0.05364	0.07152	0.01059	0.10400	0.01499	0.02664	0.01054	0.01206	0.00831	0.00624	0.00486	0.00186	0.00656	0.00412	0.00402	0.05503
3	0.01757	0.06285	0.08611	0.01982	0.16059	0.03965	0.07807	0.11424	0.07744	0.07391	0.01575	0.04973	0.01272	0.00706	0.00626	0.00183	0.00720	0.00616	0.00454	0.15850
4	0.00979	0.00685	0.00782	0.00767	0.00952	0.00602	0.00558	0.01154	0.01507	0.06898	0.17068	0.14241	0.40425	0.09165	0.01036	0.00266	0.00382	0.01319	0.00624	0.00589
5	0.11916	0.33318	0.09152	0.01355	0.01905	0.08545	0.03378	0.16499	0.04314	0.02388	0.01167	0.01284	0.00933	0.00645	0.00524	0.00175	0.00758	0.00450	0.00397	0.00899
6	0.07534	0.04770	0.06392	0.01373	0.01883	0.05611	0.05108	0.23371	0.04254	0.08232	0.01751	0.02006	0.03802	0.00897	0.02916	0.00212	0.00725	0.03594	0.00515	0.15053
7	0.03859	0.10827	0.13621	0.05836	0.18605	0.13009	0.05065	0.06148	0.09938	0.04858	0.01392	0.01574	0.01079	0.00663	0.00615	0.00194	0.00838	0.00544	0.00394	0.00941

[dist]
# distance from previous block
# <min> <max>
9	14

[block]
# block no. 2 follows, 33 sequences, length 13
# corresponding to MSA columns:
# 72-84
name=unknown_C
#
# <colnr> <probs for GDERKNQSTAVLIFYWHMCP>
#	G	D	E	R	K	N	Q	S	T	A	V	L	I	F	Y	W	H	M	C	P
0	0.02008	0.08323	0.07094	0.10162	0.12525	0.17848	0.01413	0.11052	0.03648	0.12325	0.01770	0.01880	0.05601	0.00751	0.00629	0.00193	0.00816	0.00590	0.00458	0.00913
1	0.01331	0.01137	0.06757	0.01144	0.01480	0.00945	0.03182	0.08146	0.04066	0.07747	0.07488	0.23645	0.09516	0.01458	0.04044	0.00254	0.00583	0.04884	0.00565	0.11628
2	0.01965	0.30969	0.09736	0.01589	0.05960	0.17663	0.01372	0.13703	0.04080	0.02129	0.01151	0.01302	0.00941	0.00671	0.00620	0.00176	0.04243	0.00458	0.00373	0.00899
3	0.10424	0.07173	0.43119	0.01718	0.02502	0.01560	0.08912	0.04961	0.01498	0.10228	0.01327	0.01477	0.00939	0.00641	0.00610	0.00204	0.00863	0.00518	0.00374	0.00950
4	0.03997	0.01555	0.14977	0.01426	0.05726	0.01247	0.03710	0.04378	0.22177	0.02438	0.16214	0.03226	0.14158	0.01016	0.00694	0.00214	0.00577	0.00863	0.00556	0.00853
5	0.00826	0.00638	0.00766	0.00808	0.00948	0.00578	0.00582	0.01007	0.01460	0.01895	0.17971	0.29781	0.31954	0.01948	0.05461	0.00288	0.00436	0.01472	0.00617	0.00563
6	0.04329	0.07833	0.31672	0.07540	0.08806	0.01611	0.06770	0.08988	0.06840	0.02286	0.01476	0.06292	0.01205	0.00742	0.00639	0.00208	0.00826	0.00627	0.00381	0.00928
7	0.00893	0.00631	0.00776	0.00806	0.00877	0.00598	0.00533	0.01029	0.01349	0.01831	0.23705	0.25736	0.08436	0.27880	0.01692	0.00376	0.00447	0.01321	0.00571	0.00514
8	0.07532	0.02218	0.10739	0.01913	0.11167	0.18339	0.04096	0.25034	0.07852	0.02785	0.01395	0.01518	0.01054	0.00706	0.00627	0.00196	0.00851	0.00544	0.00468	0.00967
9	0.00937	0.00638	0.00736	0.00748	0.00766	0.00636	0.00441	0.00964	0.01010	0.01342	0.02386	0.09852	0.05671	0.64207	0.06512	0.00612	0.00660	0.01035	0.00423	0.00426
10	0.02176	0.01498	0.07463	0.01920	0.17917	0.01340	0.01344	0.10789	0.10886	0.29818	0.06364	0.02149	0.01704	0.00788	0.00664	0.00204	0.00642	0.00666	0.00619	0.01050
11	0.01203	0.00859	0.01001	0.00929	0.01158	0.00834	0.00704	0.08956	0.06599	0.06408	0.26515	0.16596	0.22821	0.01431	0.00761	0.00221	0.00403	0.01233	0.00669	0.00701
12	0.01780	0.32900	0.17966	0.01493	0.04704	0.09358	0.01434	0.07723	0.04403	0.04583	0.01229	0.01386	0.00989	0.00827	0.03888	0.00211	0.00845	0.00462	0.00361	0.03459

[dist]
# distance from previous block
# <min> <max>
1	8

[block]
# block no. 3 follows, 33 sequences, length 25
# corresponding to MSA columns:
# 93-117
name=unknown_D
#
# <colnr> <probs for GDERKNQSTAVLIFYWHMCP>
#	G	D	E	R	K	N	Q	S	T	A	V	L	I	F	Y	W	H	M	C	P
0	0.05903	0.03938	0.07748	0.10659	0.10259	0.05183	0.03198	0.07198	0.06360	0.11430	0.04134	0.10705	0.04903	0.00908	0.00657	0.00206	0.00678	0.00771	0.00494	0.04669
1	0.01405	0.00989	0.01218	0.00990	0.01403	0.00800	0.00764	0.01645	0.01390	0.11116	0.02005	0.20540	0.01948	0.01152	0.04302	0.00202	0.00534	0.00816	0.00499	0.46283
2	0.01602	0.14038	0.23255	0.01455	0.02014	0.06982	0.05685	0.08487	0.03848	0.05822	0.08207	0.02273	0.05389	0.07139	0.00856	0.00231	0.00773	0.00658	0.00432	0.00853
3	0.01541	0.01731	0.03714	0.06880	0.07190	0.01648	0.62913	0.02080	0.01538	0.02087	0.01318	0.01767	0.00994	0.00562	0.00764	0.00220	0.01080	0.00756	0.00330	0.00887
4	0.02191	0.01227	0.01380	0.01161	0.01528	0.07765	0.00917	0.06108	0.05331	0.37796	0.10434	0.11567	0.06174	0.01066	0.00723	0.00212	0.01918	0.00882	0.00700	0.00920
5	0.04535	0.01729	0.04760	0.01391	0.01778	0.11731	0.01150	0.18971	0.17827	0.09287	0.04967	0.02253	0.07072	0.00916	0.00812	0.00212	0.08433	0.00682	0.00567	0.00927
6	0.00818	0.00589	0.00776	0.00896	0.00956	0.00547	0.00608	0.00960	0.01348	0.01810	0.12768	0.64485	0.07088	0.01954	0.00830	0.00258	0.00371	0.01765	0.00626	0.00547
7	0.00839	0.00599	0.00798	0.00925	0.00977	0.00572	0.00636	0.00974	0.01280	0.01718	0.07088	0.61171	0.04182	0.06312	0.04466	0.00324	0.00471	0.05536	0.00593	0.00538
8	0.00869	0.00629	0.00809	0.00848	0.00952	0.00582	0.00598	0.01073	0.01544	0.02115	0.35904	0.34597	0.09799	0.05440	0.00932	0.00255	0.00358	0.01475	0.00654	0.00570
9	0.72708	0.01289	0.01025	0.00918	0.01322	0.01495	0.00749	0.02107	0.08887	0.02932	0.01111	0.01222	0.00856	0.00642	0.00436	0.00206	0.00511	0.00399	0.00436	0.00749
10	0.01558	0.01167	0.01236	0.01135	0.01355	0.08234	0.00855	0.13170	0.01686	0.09992	0.05133	0.25826	0.05736	0.07023	0.06684	0.00320	0.04232	0.01079	0.02849	0.00730
11	0.01399	0.06888	0.01721	0.01399	0.09437	0.01085	0.04790	0.01695	0.01426	0.03942	0.04024	0.04075	0.07022	0.00684	0.00564	0.00140	0.00552	0.00586	0.00418	0.48154
12	0.07193	0.13623	0.22396	0.05803	0.07791	0.05494	0.11149	0.13125	0.01701	0.03968	0.01236	0.01448	0.00933	0.00638	0.00609	0.00196	0.00862	0.00528	0.00376	0.00933
13	0.01528	0.05667	0.11341	0.16543	0.19866	0.02763	0.03824	0.03087	0.06689	0.05555	0.01592	0.05929	0.02800	0.00811	0.00822	0.00217	0.09029	0.00668	0.00385	0.00883
14	0.18603	0.09020	0.07193	0.03831	0.04159	0.20774	0.01223	0.09768	0.01714	0.14092	0.01331	0.01422	0.00985	0.00692	0.00601	0.00191	0.02585	0.00480	0.00454	0.00881
15	0.00956	0.00689	0.00878	0.00944	0.01042	0.00665	0.00661	0.06214	0.01520	0.02059	0.17339	0.56396	0.04486	0.01822	0.00814	0.00250	0.00393	0.01638	0.00638	0.00596
16	0.01365	0.15457	0.56399	0.01690	0.02531	0.01654	0.02095	0.01998	0.01356	0.01954	0.01181	0.01424	0.00897	0.00939	0.06122	0.00261	0.00988	0.00481	0.00284	0.00923
17	0.01440	0.01045	0.01376	0.01201	0.01492	0.01065	0.06448	0.05473	0.19624	0.08863	0.14498	0.05995	0.11665	0.01296	0.00944	0.09114	0.00532	0.06550	0.00608	0.00773
18	0.09068	0.01197	0.01403	0.01171	0.01492	0.01289	0.00942	0.15621	0.06743	0.10809	0.22411	0.02649	0.02674	0.01101	0.03220	0.00234	0.09558	0.00751	0.00598	0.07070
19	0.00868	0.00653	0.00829	0.00873	0.00984	0.00644	0.00630	0.01027	0.01256	0.01651	0.05758	0.23489	0.21328	0.12354	0.21568	0.00523	0.00792	0.03715	0.00515	0.00543
20	0.01350	0.02042	0.29814	0.01562	0.04217	0.01276	0.05218	0.06079	0.07412	0.02245	0.05133	0.06378	0.05824	0.00965	0.02701	0.00223	0.00754	0.02879	0.00428	0.13502
21	0.07670	0.01093	0.01299	0.05225	0.01634	0.00921	0.00827	0.01752	0.01398	0.10090	0.01799	0.08637	0.04730	0.00745	0.00557	0.00146	0.00503	0.00613	0.00464	0.49896
22	0.01632	0.01598	0.11624	0.02132	0.21638	0.01356	0.05277	0.06647	0.13583	0.10130	0.02437	0.07665	0.09545	0.00908	0.00687	0.00213	0.00674	0.00801	0.00506	0.00947
23	0.01265	0.01013	0.04629	0.03734	0.10974	0.00872	0.00954	0.03730	0.01631	0.09961	0.18292	0.12522	0.25237	0.01295	0.00740	0.00217	0.00481	0.01120	0.00594	0.00739
24	0.03781	0.04157	0.10205	0.06080	0.30014	0.01594	0.08851	0.07348	0.12812	0.02347	0.01749	0.01955	0.04739	0.00710	0.00658	0.00205	0.00763	0.00648	0.00415	0.00970

[dist]
# distance from previous block
# <min> <max>
3	13

[block]
# block no. 4 follows, 33 sequences, length 18
# corresponding to MSA columns:
# 132-149
name=unknown_E
#
# <colnr> <probs for GDERKNQSTAVLIFYWHMCP>
#	G	D	E	R	K	N	Q	S	T	A	V	L	I	F	Y	W	H	M	C	P
0	0.01338	0.04262	0.04450	0.01818	0.18307	0.01215	0.01195	0.06102	0.13395	0.02219	0.05363	0.16506	0.10282	0.01218	0.00730	0.00228	0.00578	0.09437	0.00533	0.00821
1	0.01046	0.00756	0.01050	0.01014	0.01138	0.00852	0.00779	0.01254	0.01167	0.04135	0.06279	0.03079	0.07319	0.10947	0.46907	0.00784	0.06494	0.00796	0.03606	0.00598
2	0.01642	0.01381	0.01794	0.09076	0.20052	0.02915	0.01313	0.20151	0.09736	0.02641	0.06434	0.10875	0.07176	0.00980	0.00694	0.00212	0.00647	0.00847	0.00528	0.00907
3	0.01115	0.00684	0.00841	0.00823	0.00891	0.00680	0.00529	0.01187	0.01107	0.07718	0.04256	0.10988	0.02534	0.51655	0.11687	0.00604	0.00738	0.00996	0.00460	0.00506
4	0.01762	0.05089	0.09441	0.08694	0.29462	0.11611	0.03243	0.05564	0.05923	0.06083	0.04077	0.01872	0.01323	0.00706	0.00647	0.00199	0.00817	0.02144	0.00404	0.00941
5	0.00813	0.00652	0.00727	0.00743	0.00920	0.00565	0.00544	0.01000	0.01532	0.01935	0.19382	0.18183	0.47350	0.01671	0.00789	0.00227	0.00337	0.01433	0.00634	0.00565
6	0.01690	0.27826	0.06958	0.04051	0.07513	0.04743	0.01181	0.01990	0.01429	0.07592	0.01196	0.01357	0.00970	0.00571	0.00512	0.00144	0.00668	0.00429	0.00368	0.28812
7	0.00953	0.00701	0.00928	0.00920	0.01082	0.00635	0.03506	0.01147	0.01479	0.04783	0.16946	0.30944	0.24470	0.04411	0.00895	0.00254	0.00411	0.04323	0.00621	0.00593
8	0.04076	0.08850	0.04518	0.01693	0.07360	0.08475	0.06463	0.29229	0.02192	0.14110	0.01532	0.01588	0.01108	0.00703	0.00623	0.00187	0.00763	0.00559	0.00536	0.05435
9	0.01780	0.07529	0.09547	0.04624	0.26157	0.07163	0.09758	0.05294	0.12354	0.07054	0.01529	0.01716	0.01174	0.00665	0.00646	0.00199	0.00810	0.00599	0.00419	0.00981
10	0.00819	0.00600	0.00772	0.00881	0.00951	0.00563	0.00601	0.00951	0.01291	0.01707	0.06701	0.56937	0.12954	0.05337	0.05345	0.00322	0.00467	0.01672	0.00591	0.00538
11	0.01909	0.14357	0.01888	0.01232	0.04507	0.01371	0.00988	0.10948	0.01694	0.16551	0.01468	0.01526	0.01105	0.00609	0.00540	0.00143	0.00582	0.00472	0.00489	0.37622
12	0.12262	0.03396	0.07642	0.04801	0.16989	0.04364	0.09942	0.06359	0.01541	0.09023	0.01304	0.01536	0.01000	0.00646	0.00687	0.00191	0.04893	0.00539	0.00406	0.12478
13	0.02283	0.01489	0.06573	0.01350	0.03827	0.04364	0.01123	0.13652	0.06122	0.34320	0.02410	0.02274	0.07256	0.00845	0.00694	0.00198	0.02722	0.00668	0.00645	0.07185
14	0.00829	0.00595	0.00752	0.00860	0.00913	0.00556	0.00568	0.00937	0.01255	0.01659	0.06065	0.56428	0.10040	0.13817	0.01229	0.00320	0.00416	0.01661	0.00582	0.00518
15	0.00954	0.01018	0.08287	0.01037	0.01207	0.04719	0.00828	0.01156	0.01364	0.01791	0.08201	0.55245	0.08162	0.01764	0.00796	0.00249	0.00479	0.01572	0.00570	0.00600
16	0.06510	0.08926	0.04783	0.01468	0.01808	0.07539	0.07305	0.06948	0.04283	0.09999	0.01499	0.03362	0.01245	0.01656	0.15724	0.00386	0.14705	0.00614	0.00424	0.00817
17	0.01282	0.01277	0.09596	0.08231	0.07431	0.01124	0.05062	0.07140	0.01429	0.04021	0.04994	0.17009	0.02176	0.14045	0.08882	0.00383	0.03810	0.00940	0.00446	0.00721

[dist]
# distance from previous block
# <min> <max>
0	8

[block]
# block no. 5 follows, 33 sequences, length 13
# corresponding to MSA columns:
# 158-170
name=unknown_F
#
# <colnr> <probs for GDERKNQSTAVLIFYWHMCP>
#	G	D	E	R	K	N	Q	S	T	A	V	L	I	F	Y	W	H	M	C	P
0	0.01675	0.07469	0.28651	0.02120	0.15251	0.03956	0.07800	0.10115	0.01695	0.06911	0.05049	0.01823	0.03132	0.00705	0.00646	0.00200	0.00832	0.00602	0.00404	0.00961
1	0.01439	0.01430	0.08695	0.01474	0.06403	0.01105	0.08537	0.06509	0.01510	0.04155	0.03152	0.08165	0.01491	0.05297	0.00769	0.00188	0.00636	0.00655	0.00426	0.37966
2	0.00801	0.00599	0.00745	0.00854	0.00940	0.00543	0.00585	0.00936	0.01341	0.01741	0.07051	0.57005	0.20583	0.01941	0.00823	0.00254	0.00368	0.01730	0.00616	0.00543
3	0.01793	0.01404	0.03947	0.01643	0.08116	0.01413	0.07164	0.11733	0.26484	0.12666	0.07662	0.08933	0.02159	0.00943	0.00697	0.00217	0.00613	0.00828	0.00616	0.00970
4	0.09471	0.00945	0.01164	0.00988	0.01320	0.00884	0.00782	0.04631	0.01781	0.30761	0.25754	0.08077	0.08487	0.01113	0.00695	0.00210	0.00451	0.00937	0.00712	0.00837
5	0.02040	0.01707	0.01751	0.01461	0.01872	0.06528	0.01170	0.31383	0.33852	0.03188	0.01995	0.01942	0.01488	0.00853	0.00756	0.00213	0.05496	0.00649	0.00619	0.01036
6	0.00839	0.00601	0.00800	0.00911	0.00978	0.00562	0.00632	0.01002	0.01394	0.01888	0.17643	0.58978	0.04709	0.01906	0.00830	0.00257	0.00377	0.04505	0.00634	0.00555
7	0.00815	0.00644	0.00734	0.00762	0.00925	0.00564	0.00552	0.00998	0.01513	0.01927	0.19138	0.23699	0.41992	0.01702	0.00793	0.00231	0.00341	0.01471	0.00634	0.00564
8	0.01100	0.00701	0.00886	0.00910	0.01064	0.00647	0.00654	0.01343	0.04371	0.10048	0.15560	0.42114	0.14694	0.01691	0.00793	0.00241	0.00388	0.01498	0.00656	0.00640
9	0.02867	0.01259	0.01613	0.01237	0.01750	0.01173	0.01022	0.16095	0.02116	0.59999	0.02403	0.02114	0.01532	0.00810	0.00661	0.00203	0.00592	0.00649	0.00785	0.01120
10	0.06726	0.07117	0.06037	0.04305	0.06325	0.19183	0.01328	0.27770	0.10030	0.02817	0.01429	0.01519	0.01084	0.00723	0.00612	0.00192	0.00822	0.00533	0.00489	0.00957
11	0.06816	0.06582	0.30265	0.01592	0.04479	0.04181	0.01622	0.13475	0.01666	0.04632	0.01306	0.03462	0.01024	0.00701	0.00667	0.00191	0.04374	0.00524	0.00396	0.12048
12	0.09934	0.09062	0.22393	0.04586	0.06509	0.11862	0.01572	0.14082	0.09527	0.02478	0.01346	0.01480	0.01019	0.00683	0.00594	0.00196	0.00823	0.00509	0.00413	0.00933

[dist]
# distance from previous block
# <min> <max>
0	7

[block]
# block no. 6 follows, 33 sequences, length 16
# corresponding to MSA columns:
# 178-193
name=unknown_G
#
# <colnr> <probs for GDERKNQSTAVLIFYWHMCP>
#	G	D	E	R	K	N	Q	S	T	A	V	L	I	F	Y	W	H	M	C	P
0	0.07297	0.24498	0.16277	0.01713	0.09173	0.11957	0.04443	0.02164	0.06930	0.02002	0.05176	0.01563	0.01253	0.00679	0.00598	0.00185	0.02350	0.00513	0.00360	0.00871
1	0.11795	0.02666	0.01824	0.01731	0.06584	0.52622	0.01252	0.10222	0.01893	0.02094	0.01084	0.01247	0.00876	0.00677	0.00583	0.00179	0.01028	0.00446	0.00383	0.00816
2	0.00843	0.00625	0.00779	0.00844	0.00950	0.00571	0.00595	0.01017	0.01453	0.01929	0.21207	0.39612	0.18517	0.04912	0.00918	0.00260	0.00371	0.03410	0.00630	0.00557
3	0.00939	0.00681	0.00870	0.00981	0.04879	0.00663	0.00596	0.01047	0.01208	0.01629	0.10687	0.23590	0.07341	0.36534	0.05091	0.00459	0.00570	0.01222	0.00499	0.00514
4	0.04247	0.01267	0.01568	0.11562	0.14693	0.08121	0.01153	0.04030	0.01635	0.14218	0.16676	0.02861	0.05661	0.08370	0.00939	0.00245	0.00652	0.00777	0.00523	0.00804
5	0.04809	0.04395	0.30098	0.05326	0.06997	0.01478	0.03984	0.08513	0.06952	0.02349	0.01322	0.01508	0.00999	0.00626	0.00596	0.00183	0.00770	0.00507	0.00379	0.18208
6	0.00968	0.00669	0.00835	0.00861	0.01012	0.00596	0.00616	0.01150	0.01480	0.05934	0.18784	0.38913	0.19147	0.01691	0.00789	0.00234	0.00371	0.01495	0.00638	0.03817
7	0.00990	0.00684	0.00772	0.00774	0.00801	0.00696	0.00457	0.01121	0.05611	0.01403	0.02229	0.09535	0.02514	0.66334	0.02989	0.00584	0.00612	0.01011	0.00432	0.00451
8	0.01533	0.29120	0.07458	0.01811	0.08702	0.04318	0.14392	0.01851	0.01363	0.01764	0.01423	0.04888	0.03582	0.01071	0.06438	0.00260	0.08256	0.00617	0.00329	0.00822
9	0.00833	0.00610	0.00786	0.00895	0.00979	0.00564	0.00630	0.00991	0.01381	0.01827	0.12150	0.53896	0.13454	0.01909	0.00829	0.00257	0.00383	0.06450	0.00624	0.00553
10	0.01741	0.25636	0.11219	0.06237	0.08644	0.07093	0.13803	0.09958	0.03903	0.02110	0.01233	0.01508	0.00996	0.02411	0.00660	0.00196	0.00855	0.00538	0.00358	0.00900
11	0.00837	0.00609	0.00761	0.00844	0.00919	0.00563	0.00570	0.00972	0.01340	0.01779	0.13667	0.47275	0.13701	0.11593	0.01148	0.00301	0.00398	0.01590	0.00600	0.00532
12	0.06494	0.14662	0.05015	0.04443	0.01960	0.13562	0.05835	0.12302	0.10428	0.05915	0.08604	0.02062	0.04384	0.00797	0.00617	0.00192	0.00738	0.00630	0.00488	0.00873
13	0.01463	0.10584	0.04865	0.01299	0.05800	0.13758	0.00956	0.04504	0.03942	0.01833	0.06902	0.11984	0.02159	0.20727	0.01340	0.00305	0.00699	0.00824	0.00435	0.05620
14	0.04269	0.18185	0.08146	0.01349	0.04084	0.13826	0.01142	0.06456	0.05339	0.05121	0.04074	0.09337	0.08132	0.00915	0.00641	0.00189	0.02322	0.00712	0.00447	0.05314
15	0.01383	0.05713	0.13577	0.01280	0.03643	0.01135	0.01133	0.05718	0.09342	0.08347	0.15640	0.16582	0.05087	0.01342	0.03746	0.00255	0.00615	0.04093	0.00565	0.00803

[dist]
# distance from previous block
# <min> <max>
1	9

[block]
# block no. 7 follows, 33 sequences, length 55
# corresponding to MSA columns:
# 203-257
name=unknown_H
#
# <colnr> <probs for GDERKNQSTAVLIFYWHMCP>
#	G	D	E	R	K	N	Q	S	T	A	V	L	I	F	Y	W	H	M	C	P
0	0.01749	0.07403	0.17776	0.09652	0.05689	0.08827	0.01516	0.17895	0.08438	0.02501	0.03095	0.04226	0.01283	0.00748	0.00626	0.00194	0.00786	0.00592	0.00442	0.06563
1	0.01611	0.03649	0.07485	0.03433	0.12080	0.04731	0.01164	0.06978	0.01579	0.12832	0.04738	0.16115	0.05382	0.01206	0.00882	0.08246	0.00631	0.03174	0.00508	0.03576
2	0.01422	0.01321	0.04831	0.01106	0.01630	0.03907	0.03284	0.03812	0.01509	0.03893	0.10060	0.01917	0.01669	0.02611	0.00628	0.00143	0.00551	0.00536	0.00441	0.54731
3	0.05084	0.10851	0.06550	0.04109	0.09490	0.06597	0.01207	0.13476	0.01817	0.12996	0.09943	0.08920	0.01981	0.00887	0.00638	0.00196	0.00662	0.00727	0.00524	0.03345
4	0.01276	0.01368	0.07851	0.55528	0.12489	0.01424	0.01820	0.01727	0.01382	0.01837	0.05991	0.01923	0.01254	0.00693	0.00663	0.00215	0.00835	0.00618	0.00325	0.00782
5	0.06350	0.00681	0.00841	0.00895	0.00969	0.00705	0.00620	0.01081	0.01128	0.01622	0.02551	0.27952	0.02883	0.27525	0.16020	0.00544	0.00762	0.05879	0.00475	0.00517
6	0.43881	0.01768	0.14898	0.01400	0.07567	0.04841	0.01203	0.04928	0.01405	0.06422	0.05265	0.01489	0.01154	0.00676	0.00523	0.00202	0.00651	0.00478	0.00424	0.00825
7	0.01830	0.01070	0.01353	0.01210	0.06415	0.00936	0.00873	0.06000	0.01642	0.26073	0.02833	0.05219	0.14541	0.06419	0.00840	0.00213	0.00526	0.00779	0.00593	0.20636
8	0.01422	0.01341	0.02313	0.06592	0.46995	0.01338	0.07614	0.01771	0.01448	0.02025	0.01790	0.16773	0.01777	0.00920	0.00708	0.00217	0.00730	0.02936	0.00390	0.00900
9	0.01468	0.09120	0.15139	0.01710	0.13063	0.03102	0.01373	0.01842	0.01375	0.02024	0.01133	0.01382	0.00936	0.00588	0.00654	0.00153	0.06001	0.00449	0.00340	0.38146
10	0.01362	0.07578	0.64529	0.01896	0.02823	0.01601	0.07103	0.02080	0.01398	0.02055	0.01176	0.01397	0.00846	0.00617	0.00624	0.00205	0.00967	0.00499	0.00282	0.00960
11	0.00783	0.00649	0.00685	0.00714	0.00902	0.00552	0.00521	0.00940	0.01456	0.01760	0.06100	0.19464	0.59729	0.01741	0.00790	0.00231	0.00343	0.01480	0.00611	0.00552
12	0.01596	0.01309	0.01926	0.18640	0.09596	0.01514	0.05387	0.05344	0.11848	0.09502	0.01816	0.02096	0.04591	0.01121	0.05647	0.00282	0.15812	0.00672	0.00444	0.00858
13	0.01384	0.01353	0.01890	0.01635	0.01643	0.01871	0.01349	0.01527	0.01009	0.01566	0.00982	0.01655	0.00990	0.05093	0.06951	0.00356	0.67150	0.00603	0.00298	0.00696
14	0.01172	0.01062	0.04464	0.01001	0.01294	0.00993	0.00815	0.05190	0.21012	0.02445	0.25453	0.04360	0.25624	0.01262	0.00735	0.00216	0.00427	0.01068	0.00649	0.00757
15	0.00957	0.00638	0.00718	0.00718	0.00718	0.00638	0.00399	0.00957	0.00957	0.01276	0.02074	0.04308	0.02393	0.76864	0.03351	0.00638	0.00638	0.00957	0.00399	0.00399
16	0.05294	0.01894	0.02081	0.13393	0.07404	0.22943	0.10169	0.03717	0.01575	0.06613	0.01219	0.01500	0.00956	0.00671	0.00735	0.00189	0.06665	0.00529	0.00375	0.12076
17	0.11720	0.01833	0.13530	0.01764	0.08674	0.04583	0.10112	0.09391	0.08894	0.09387	0.01498	0.01622	0.01109	0.00656	0.00610	0.00190	0.00740	0.00554	0.00457	0.12674
18	0.01755	0.05313	0.17253	0.01344	0.01956	0.01276	0.03710	0.07969	0.06194	0.15149	0.01678	0.05279	0.01302	0.00712	0.00600	0.00172	0.00655	0.00585	0.00487	0.26613
19	0.01512	0.01309	0.04941	0.01085	0.01654	0.01005	0.00919	0.03895	0.01439	0.07143	0.01268	0.01438	0.01013	0.00558	0.00591	0.00122	0.04082	0.00429	0.00418	0.65178
20	0.01719	0.01663	0.02536	0.03561	0.58588	0.05812	0.03441	0.05505	0.06554	0.02259	0.01346	0.01663	0.01103	0.00623	0.00653	0.00197	0.00792	0.00593	0.00367	0.01027
21	0.01673	0.01372	0.01580	0.08751	0.01993	0.01603	0.01146	0.03153	0.54492	0.07354	0.02386	0.02295	0.01784	0.00884	0.00780	0.00226	0.06212	0.00710	0.00613	0.00992
22	0.01929	0.00894	0.01199	0.00997	0.01327	0.00792	0.00792	0.02212	0.01874	0.37432	0.37992	0.03598	0.03953	0.01084	0.00720	0.00205	0.00434	0.00930	0.00769	0.00867
23	0.02005	0.06828	0.01704	0.01196	0.01729	0.09180	0.00976	0.14390	0.01822	0.15399	0.01470	0.01523	0.01098	0.00628	0.00557	0.00146	0.00634	0.00477	0.00503	0.37736
24	0.01715	0.01261	0.05107	0.05914	0.14190	0.01088	0.01163	0.04391	0.03438	0.16216	0.04582	0.01892	0.01388	0.00906	0.00894	0.11869	0.00614	0.00572	0.00469	0.22332
25	0.01302	0.00928	0.01145	0.01122	0.04547	0.00942	0.00769	0.08588	0.07580	0.03576	0.04057	0.07822	0.04316	0.22407	0.07341	0.11963	0.00670	0.03202	0.00472	0.07251
26	0.00839	0.00640	0.00748	0.00784	0.00909	0.00585	0.00548	0.00987	0.01372	0.01764	0.12613	0.24625	0.31757	0.13065	0.05440	0.00343	0.00472	0.01393	0.00578	0.00536
27	0.02569	0.01185	0.01489	0.01173	0.01631	0.01125	0.00958	0.12678	0.06888	0.49603	0.05723	0.02304	0.01804	0.00838	0.00652	0.00200	0.00550	0.00679	0.06899	0.01052
28	0.01257	0.01236	0.02336	0.10359	0.05933	0.01222	0.29635	0.01702	0.04316	0.02036	0.10593	0.19434	0.02459	0.01160	0.03008	0.00255	0.00798	0.01045	0.00454	0.00761
29	0.01006	0.00760	0.00874	0.00856	0.01028	0.00721	0.00622	0.08001	0.01633	0.02137	0.19242	0.23554	0.27515	0.07804	0.00994	0.00262	0.00405	0.01356	0.00623	0.00608
30	0.01045	0.00741	0.00824	0.00803	0.00857	0.00768	0.00490	0.01298	0.10188	0.01517	0.04625	0.04088	0.02478	0.64312	0.02911	0.00569	0.00611	0.00938	0.00446	0.00490
31	0.01931	0.01202	0.01381	0.01144	0.01510	0.01234	0.00930	0.28280	0.02226	0.15618	0.13623	0.03151	0.07674	0.01026	0.00682	0.00205	0.00538	0.06034	0.10718	0.00895
32	0.09293	0.00799	0.00960	0.00925	0.01117	0.00778	0.00689	0.03862	0.01577	0.10504	0.25741	0.24519	0.05709	0.06685	0.00925	0.00257	0.00430	0.03927	0.00638	0.00664
33	0.01446	0.00789	0.00968	0.00874	0.01146	0.00685	0.00672	0.01656	0.01643	0.22895	0.16069	0.13889	0.31857	0.01414	0.00752	0.00220	0.00402	0.01204	0.00690	0.00730
34	0.00905	0.00730	0.00815	0.00795	0.01004	0.00668	0.00607	0.01252	0.06897	0.02134	0.26991	0.05648	0.42880	0.01515	0.00776	0.00221	0.00354	0.04542	0.00651	0.00616
35	0.01810	0.00961	0.01196	0.01031	0.01339	0.00909	0.00801	0.07673	0.05723	0.28088	0.15841	0.11501	0.09955	0.07426	0.00942	0.00252	0.00491	0.02535	0.00696	0.00832
36	0.07689	0.00895	0.01056	0.00971	0.01213	0.00884	0.00744	0.06103	0.05399	0.13641	0.20847	0.13361	0.09602	0.08745	0.00988	0.00265	0.00468	0.05767	0.00642	0.00723
37	0.01591	0.00982	0.01108	0.00976	0.01262	0.01010	0.00759	0.07358	0.17881	0.13269	0.14312	0.03082	0.07216	0.03226	0.00714	0.00208	0.00438	0.00808	0.22982	0.00818
38	0.03276	0.01141	0.01148	0.01041	0.01283	0.06163	0.00770	0.08370	0.16934	0.05711	0.12075	0.07188	0.12454	0.18029	0.01293	0.00308	0.00554	0.00947	0.00582	0.00734
39	0.01222	0.00798	0.00940	0.00945	0.01077	0.03811	0.00673	0.01381	0.01427	0.10914	0.15304	0.30722	0.03728	0.17691	0.01337	0.00326	0.00497	0.05996	0.00600	0.00611
40	0.18372	0.01014	0.01130	0.00969	0.01297	0.01015	0.00759	0.07220	0.01560	0.19547	0.07602	0.08192	0.02000	0.06454	0.05056	0.00275	0.00569	0.00731	0.10044	0.06195
41	0.00824	0.00596	0.00779	0.00886	0.00956	0.00552	0.00606	0.00977	0.01383	0.01859	0.16214	0.59464	0.08644	0.01910	0.00825	0.00254	0.00366	0.01721	0.00632	0.00552
42	0.00854	0.00631	0.00796	0.00845	0.00949	0.00590	0.00594	0.01032	0.01430	0.01919	0.22679	0.34299	0.16345	0.07483	0.06141	0.00326	0.00470	0.01453	0.00608	0.00556
43	0.08602	0.00792	0.00916	0.00869	0.01094	0.00750	0.00667	0.01475	0.03178	0.10406	0.24940	0.10519	0.22171	0.04957	0.00863	0.00243	0.00411	0.05844	0.00641	0.00661
44	0.04573	0.01329	0.01500	0.01263	0.01666	0.01439	0.01009	0.16186	0.30907	0.18783	0.04789	0.02289	0.01824	0.01142	0.05813	0.00269	0.00643	0.00693	0.02878	0.01006
45	0.01128	0.00574	0.00850	0.00853	0.00854	0.00574	0.00566	0.00863	0.00871	0.01162	0.01240	0.03868	0.01271	0.05303	0.02563	0.75676	0.00570	0.00618	0.00298	0.00296
46	0.01135	0.00842	0.01200	0.04301	0.01438	0.00829	0.05661	0.03490	0.03597	0.04900	0.14237	0.19998	0.08416	0.09777	0.01087	0.00292	0.00542	0.17033	0.00583	0.00642
47	0.04103	0.01749	0.01667	0.01401	0.01784	0.17289	0.01122	0.21599	0.07402	0.17085	0.04206	0.02069	0.01515	0.01143	0.05912	0.00265	0.05175	0.03010	0.00573	0.00931
48	0.01744	0.01169	0.01331	0.01151	0.01445	0.01235	0.00884	0.23455	0.10950	0.10657	0.06403	0.12504	0.02379	0.15559	0.01211	0.00299	0.00580	0.03804	0.02406	0.00834
49	0.50618	0.03825	0.01092	0.00906	0.01261	0.04760	0.00726	0.04284	0.01311	0.02682	0.05975	0.01692	0.01316	0.05105	0.00630	0.00216	0.00529	0.00486	0.08439	0.04147
50	0.12196	0.01096	0.01311	0.01067	0.01473	0.01053	0.00864	0.08635	0.03941	0.37372	0.16092	0.02844	0.07318	0.00952	0.00660	0.00206	0.00503	0.00773	0.00713	0.00931
51	0.14670	0.00814	0.00869	0.00831	0.01051	0.00792	0.00613	0.01427	0.03022	0.09157	0.11488	0.15718	0.24237	0.11210	0.01046	0.00277	0.00435	0.01126	0.00584	0.00633
52	0.02290	0.01908	0.01979	0.01768	0.08653	0.15320	0.04231	0.33780	0.08057	0.10136	0.04140	0.01776	0.01361	0.00771	0.00656	0.00196	0.00785	0.00609	0.00572	0.01012
53	0.01382	0.00960	0.01058	0.03140	0.01196	0.02767	0.00676	0.11511	0.04465	0.06867	0.02486	0.05698	0.08987	0.41712	0.02161	0.02286	0.00623	0.00909	0.00497	0.00619
54	0.08181	0.13904	0.13948	0.01388	0.01841	0.22144	0.03183	0.02073	0.04621	0.02082	0.16379	0.02214	0.02105	0.00823	0.00612	0.00190	0.00788	0.02307	0.00428	0.00789

[dist]
# distance from previous block
# <min> <max>
3	9

[block]
# block no. 8 follows, 33 sequences, length 50
# corresponding to MSA columns:
# 267-316
name=unknown_I
#
# <colnr> <probs for GDERKNQSTAVLIFYWHMCP>
#	G	D	E	R	K	N	Q	S	T	A	V	L	I	F	Y	W	H	M	C	P
0	0.03830	0.00657	0.00748	0.00786	0.00921	0.00602	0.00552	0.01020	0.01407	0.01871	0.15148	0.28542	0.30017	0.09604	0.01054	0.00278	0.00384	0.01432	0.00599	0.00548
1	0.01387	0.01246	0.01434	0.04861	0.01640	0.10445	0.03553	0.08538	0.01426	0.01901	0.01555	0.02157	0.01379	0.05015	0.39315	0.00654	0.03897	0.00633	0.02990	0.05973
2	0.01389	0.00969	0.01136	0.01101	0.04596	0.01005	0.00719	0.17085	0.01559	0.04241	0.03993	0.10989	0.02318	0.43547	0.02189	0.00452	0.00627	0.00948	0.00498	0.00638
3	0.00904	0.00641	0.00823	0.00885	0.00998	0.00609	0.00630	0.01063	0.01326	0.04168	0.07662	0.40869	0.18542	0.04195	0.13063	0.00392	0.00609	0.01473	0.00576	0.00570
4	0.27272	0.00989	0.01069	0.00935	0.01266	0.00987	0.00736	0.01993	0.01510	0.23910	0.13736	0.09675	0.08241	0.04018	0.00731	0.00229	0.00471	0.00835	0.00618	0.00779
5	0.00955	0.00645	0.00753	0.00767	0.00788	0.00640	0.00466	0.01000	0.01066	0.01429	0.06753	0.08064	0.02824	0.63515	0.02905	0.00571	0.00603	0.05379	0.00444	0.00433
6	0.00895	0.00699	0.00822	0.00823	0.00994	0.00653	0.00613	0.01184	0.04946	0.02041	0.24855	0.13573	0.31990	0.04568	0.05592	0.00295	0.00455	0.03784	0.00623	0.00594
7	0.44464	0.01120	0.01066	0.00931	0.01288	0.01207	0.00741	0.03935	0.03300	0.15836	0.06709	0.04861	0.01626	0.05671	0.00704	0.00232	0.00504	0.00601	0.04432	0.00770
8	0.02034	0.01337	0.01504	0.01252	0.01634	0.01424	0.00995	0.32769	0.11317	0.13908	0.02310	0.15902	0.01967	0.01044	0.00678	0.00211	0.00574	0.00864	0.07317	0.00958
9	0.00858	0.00705	0.00760	0.00740	0.00953	0.00625	0.00557	0.01144	0.05006	0.02041	0.22902	0.05792	0.52493	0.01549	0.00772	0.00219	0.00337	0.01308	0.00643	0.00596
10	0.07974	0.00841	0.00948	0.00882	0.01107	0.00828	0.00684	0.08297	0.01790	0.02553	0.36192	0.07085	0.19835	0.01331	0.00733	0.00215	0.00393	0.04603	0.03048	0.00661
11	0.58944	0.01246	0.01110	0.00961	0.01368	0.01380	0.00783	0.06940	0.01384	0.13488	0.01390	0.06115	0.01113	0.00747	0.00491	0.00207	0.00524	0.00516	0.00499	0.00791
12	0.01240	0.00745	0.00903	0.00892	0.01014	0.00732	0.00640	0.01426	0.03652	0.09687	0.02643	0.04660	0.05148	0.41163	0.02126	0.00453	0.00585	0.15934	0.05788	0.00568
13	0.01320	0.03405	0.73453	0.01876	0.02849	0.01529	0.02432	0.02085	0.01390	0.02085	0.01181	0.01390	0.00834	0.00625	0.00625	0.00208	0.00973	0.00486	0.00278	0.00973
14	0.00959	0.00710	0.00939	0.00923	0.01015	0.00772	0.00672	0.01128	0.01171	0.01641	0.10165	0.05708	0.08343	0.23233	0.32914	0.00692	0.04697	0.00910	0.02865	0.00544
15	0.00957	0.00730	0.00833	0.00792	0.01003	0.00664	0.00599	0.01296	0.06146	0.04154	0.34110	0.05376	0.38014	0.01459	0.00767	0.00215	0.00342	0.01244	0.00669	0.00630
16	0.00957	0.00638	0.00718	0.00718	0.00718	0.00638	0.00399	0.00957	0.00957	0.01276	0.02074	0.04308	0.02393	0.76864	0.03351	0.00638	0.00638	0.00957	0.00399	0.00399
17	0.01561	0.00981	0.01182	0.01048	0.01339	0.00994	0.00814	0.03870	0.19032	0.17608	0.19532	0.05122	0.11315	0.03984	0.08289	0.00314	0.00590	0.00933	0.00664	0.00825
18	0.01508	0.01469	0.02484	0.26380	0.27577	0.03512	0.14189	0.05359	0.01533	0.02055	0.01410	0.04637	0.01196	0.00713	0.00691	0.00214	0.00860	0.02983	0.00354	0.00877
19	0.00940	0.00705	0.01058	0.01058	0.01176	0.00823	0.00823	0.01176	0.01058	0.01528	0.01763	0.02586	0.01646	0.04937	0.74255	0.01058	0.01763	0.00705	0.00353	0.00588
20	0.00963	0.00741	0.01145	0.01106	0.01238	0.00846	0.03254	0.01200	0.01072	0.01539	0.01760	0.02621	0.01651	0.07440	0.69051	0.01013	0.01699	0.00717	0.00354	0.00591
21	0.01074	0.00745	0.00913	0.00958	0.01081	0.00727	0.00672	0.07660	0.02986	0.04736	0.03533	0.54037	0.09625	0.06760	0.00972	0.00278	0.00437	0.01577	0.00611	0.00617
22	0.78068	0.04556	0.01075	0.00877	0.01291	0.01526	0.00731	0.01937	0.01130	0.02893	0.00917	0.01069	0.00719	0.00609	0.00408	0.00201	0.00518	0.00356	0.00402	0.00719
23	0.01970	0.03565	0.01685	0.01465	0.05407	0.03851	0.01109	0.18450	0.34425	0.11539	0.07566	0.02297	0.01963	0.00863	0.00664	0.00208	0.00595	0.00705	0.00650	0.01023
24	0.10383	0.10291	0.02028	0.01401	0.01916	0.02038	0.01178	0.54234	0.04380	0.03700	0.01465	0.01491	0.01069	0.00749	0.00607	0.00192	0.00695	0.00545	0.00591	0.01046
25	0.00778	0.00667	0.00667	0.00667	0.00889	0.00556	0.00500	0.00945	0.01501	0.01778	0.06669	0.06336	0.72490	0.01667	0.00778	0.00222	0.00333	0.01389	0.00611	0.00556
26	0.00957	0.00638	0.00718	0.00718	0.00718	0.00638	0.00399	0.00957	0.00957	0.01276	0.02074	0.04308	0.02393	0.76864	0.03351	0.00638	0.00638	0.00957	0.00399	0.00399
27	0.04478	0.29170	0.26382	0.06140	0.02210	0.01872	0.01554	0.02172	0.11697	0.02030	0.05377	0.01641	0.01317	0.00685	0.00562	0.00187	0.00749	0.00518	0.00368	0.00892
28	0.01661	0.01426	0.01502	0.01345	0.01721	0.01649	0.01048	0.05346	0.69681	0.02792	0.02649	0.02432	0.01985	0.00890	0.00670	0.00223	0.00527	0.00740	0.00670	0.01044
29	0.00824	0.00605	0.00777	0.00895	0.00974	0.00558	0.00625	0.00971	0.01350	0.01777	0.08616	0.57442	0.13979	0.01944	0.00832	0.00259	0.00385	0.06021	0.00618	0.00548
30	0.04217	0.01469	0.07673	0.06123	0.05171	0.10899	0.01117	0.01755	0.04717	0.06283	0.01769	0.10883	0.01726	0.15890	0.05746	0.03350	0.09310	0.00787	0.00415	0.00698
31	0.01867	0.06111	0.01753	0.07581	0.03907	0.01477	0.01160	0.14549	0.01693	0.17371	0.03568	0.01968	0.01390	0.01435	0.11363	0.00334	0.15210	0.00622	0.05776	0.00868
32	0.07204	0.01226	0.01452	0.01189	0.01611	0.01226	0.00963	0.17466	0.08579	0.33536	0.05515	0.07422	0.05399	0.00985	0.00677	0.00213	0.00557	0.03090	0.00708	0.00983
33	0.07649	0.00907	0.01031	0.00968	0.01156	0.00925	0.00692	0.10826	0.03774	0.09393	0.02656	0.26915	0.05100	0.23275	0.01483	0.00351	0.00534	0.01135	0.00563	0.00667
34	0.00904	0.00663	0.00899	0.00929	0.01034	0.00701	0.00683	0.01090	0.01179	0.01634	0.05058	0.18670	0.10552	0.10312	0.38989	0.00699	0.01109	0.01063	0.03273	0.00558
35	0.01028	0.00655	0.00861	0.00900	0.01024	0.00599	0.00640	0.01216	0.01507	0.08217	0.24308	0.45101	0.07994	0.01719	0.00803	0.00242	0.00374	0.01538	0.00663	0.00613
36	0.27532	0.01290	0.01339	0.01100	0.01505	0.01372	0.00884	0.21624	0.01884	0.18359	0.04889	0.04221	0.03483	0.06783	0.00804	0.00238	0.00575	0.00646	0.00592	0.00879
37	0.01185	0.00753	0.00915	0.00866	0.01077	0.00669	0.00634	0.01402	0.02865	0.11860	0.15776	0.22613	0.21760	0.08156	0.00984	0.00257	0.00414	0.01259	0.00627	0.05929
38	0.11078	0.01019	0.01164	0.00937	0.01349	0.00871	0.00728	0.01620	0.01417	0.06780	0.12152	0.10718	0.02203	0.03321	0.00666	0.00171	0.00461	0.00713	0.00495	0.42137
39	0.35172	0.01246	0.01260	0.01075	0.01466	0.01341	0.00868	0.14036	0.04685	0.17398	0.01809	0.06747	0.01493	0.04564	0.00710	0.00234	0.00560	0.03918	0.00568	0.00850
40	0.00832	0.00615	0.00788	0.00891	0.00979	0.00557	0.00609	0.00968	0.01312	0.01748	0.06351	0.63164	0.11031	0.01920	0.00815	0.00252	0.00380	0.01726	0.00605	0.04458
41	0.00898	0.00610	0.00773	0.00834	0.00890	0.00585	0.00554	0.00937	0.01150	0.01508	0.03214	0.32908	0.13481	0.18905	0.06369	0.13559	0.00551	0.01308	0.00494	0.00470
42	0.01151	0.00739	0.00887	0.00871	0.01025	0.00703	0.00622	0.03399	0.03718	0.08494	0.13563	0.22768	0.14843	0.17376	0.01307	0.00316	0.00452	0.03092	0.04058	0.00615
43	0.64368	0.01321	0.01115	0.00962	0.01371	0.01508	0.00789	0.12294	0.01467	0.03115	0.05603	0.01394	0.01127	0.00685	0.00469	0.00203	0.00529	0.00446	0.00466	0.00769
44	0.04872	0.01494	0.01628	0.01350	0.01794	0.01646	0.01083	0.24153	0.36406	0.14866	0.02265	0.02102	0.01627	0.00839	0.00656	0.00211	0.00590	0.00670	0.00681	0.01068
45	0.01691	0.01446	0.02414	0.16285	0.51503	0.01498	0.01863	0.02070	0.01492	0.09288	0.01354	0.01709	0.01068	0.00638	0.00695	0.00203	0.02833	0.00594	0.00369	0.00987
46	0.01177	0.00794	0.00922	0.00891	0.01001	0.00818	0.00592	0.01539	0.12807	0.06259	0.05817	0.12620	0.02681	0.44264	0.04611	0.00489	0.00603	0.01018	0.00511	0.00585
47	0.00802	0.00573	0.00764	0.00917	0.00955	0.00535	0.00611	0.00917	0.01260	0.01681	0.03628	0.76434	0.04354	0.02062	0.00840	0.00267	0.00382	0.01872	0.00611	0.00535
48	0.01346	0.01268	0.02140	0.56442	0.13564	0.01482	0.05720	0.04291	0.01427	0.01865	0.01369	0.01870	0.03064	0.00678	0.00668	0.00216	0.00856	0.00621	0.00323	0.00792
49	0.05065	0.01908	0.01844	0.01511	0.01936	0.17617	0.05573	0.32642	0.09969	0.02971	0.01693	0.01798	0.02929	0.01059	0.05664	0.00254	0.00868	0.00603	0.03161	0.00936

[dist]
# distance from previous block
# <min> <max>
0	13

# created by:
# /home/berkeley/.conda/envs/busco_data_prod/bin/msa2prfl.pl pipeline/OGs_align_augustus/4893/39666.fs
