[name]
unknown

[dist]
# distance from previous block
# <min> <max>
0	50

[block]
# block no. 0 follows, 34 sequences, length 35
# corresponding to MSA columns:
# 57-91
name=unknown_A
#
# <colnr> <probs for GDERKNQSTAVLIFYWHMCP>
#	G	D	E	R	K	N	Q	S	T	A	V	L	I	F	Y	W	H	M	C	P
0	0.06205	0.01534	0.01882	0.07680	0.13839	0.11126	0.08173	0.11307	0.05497	0.07603	0.06393	0.04405	0.06481	0.00867	0.00667	0.00205	0.00730	0.04069	0.00486	0.00853
1	0.06910	0.03342	0.01790	0.12014	0.22320	0.01367	0.01313	0.07285	0.09280	0.07544	0.06736	0.05667	0.03119	0.00922	0.02548	0.00224	0.02394	0.00698	0.03657	0.00869
2	0.03743	0.03317	0.01393	0.08057	0.11648	0.05952	0.01019	0.05875	0.01529	0.03961	0.10945	0.17647	0.06363	0.01387	0.05821	0.00266	0.00647	0.02509	0.07205	0.00716
3	0.20532	0.05371	0.03844	0.06787	0.20040	0.06813	0.03370	0.05344	0.01459	0.07639	0.01370	0.01592	0.03053	0.00714	0.00646	0.03643	0.00691	0.00518	0.00397	0.06180
4	0.05615	0.03203	0.04514	0.05834	0.09342	0.03311	0.01042	0.08417	0.01647	0.12066	0.10798	0.13492	0.10946	0.01057	0.00668	0.00202	0.00559	0.00897	0.00542	0.05849
5	0.06776	0.07996	0.01936	0.19669	0.12815	0.03453	0.04840	0.04962	0.09334	0.07118	0.03608	0.06447	0.01554	0.03668	0.00735	0.00222	0.00701	0.02904	0.00438	0.00827
6	0.01889	0.08935	0.05490	0.03430	0.01970	0.03677	0.04692	0.25718	0.14640	0.05766	0.01651	0.03554	0.01274	0.00730	0.00606	0.00181	0.00668	0.00587	0.00522	0.14019
7	0.00923	0.00619	0.00710	0.00726	0.00731	0.00615	0.00415	0.00935	0.00973	0.01297	0.02205	0.12292	0.02563	0.68937	0.03015	0.00586	0.00598	0.01039	0.00415	0.00406
8	0.03746	0.19815	0.25011	0.01776	0.07205	0.08128	0.10096	0.03978	0.01479	0.05599	0.01271	0.04199	0.01035	0.00655	0.00586	0.00185	0.00839	0.00539	0.00345	0.03513
9	0.04581	0.18157	0.38287	0.01753	0.05982	0.01725	0.07524	0.05435	0.04096	0.02090	0.01374	0.01546	0.03431	0.00647	0.00587	0.00192	0.00834	0.00520	0.00330	0.00911
10	0.03680	0.04208	0.01865	0.06385	0.06621	0.04727	0.13634	0.08269	0.04720	0.06290	0.18677	0.07223	0.08985	0.00978	0.00697	0.00206	0.00641	0.00882	0.00525	0.00789
11	0.00798	0.00589	0.00747	0.00848	0.00930	0.00538	0.00583	0.00941	0.01345	0.01774	0.12052	0.56657	0.16076	0.01878	0.00807	0.00248	0.00359	0.01680	0.00613	0.00538
12	0.01663	0.11546	0.11519	0.08609	0.04434	0.06429	0.19787	0.03742	0.07790	0.09317	0.01747	0.05039	0.03996	0.00739	0.00652	0.00201	0.00822	0.00678	0.00417	0.00873
13	0.01762	0.03963	0.24360	0.07585	0.06958	0.01511	0.01581	0.17555	0.05393	0.10934	0.03662	0.01844	0.02865	0.00749	0.00677	0.00201	0.03200	0.00592	0.03659	0.00949
14	0.01395	0.05511	0.01278	0.07614	0.05088	0.07504	0.00875	0.01639	0.01322	0.07552	0.01816	0.05472	0.01595	0.08713	0.17169	0.00407	0.00842	0.00674	0.22862	0.00672
15	0.01221	0.01148	0.01920	0.69000	0.07800	0.01404	0.01750	0.01638	0.01309	0.01678	0.01374	0.01902	0.03840	0.00683	0.00651	0.00214	0.00835	0.00607	0.00302	0.00726
16	0.04063	0.26858	0.18112	0.01836	0.11326	0.07407	0.09067	0.02112	0.04846	0.03617	0.01220	0.01417	0.00972	0.00608	0.00556	0.00178	0.00804	0.00491	0.03627	0.00882
17	0.03536	0.03331	0.05141	0.04730	0.01361	0.02970	0.00819	0.01543	0.08382	0.04138	0.29230	0.06443	0.21568	0.03060	0.00771	0.00218	0.00454	0.01038	0.00589	0.00677
18	0.00805	0.00645	0.00719	0.00723	0.00904	0.00560	0.00534	0.00999	0.01537	0.01951	0.23223	0.13998	0.47928	0.01600	0.00770	0.00219	0.00327	0.01368	0.00629	0.00560
19	0.03586	0.01535	0.05212	0.34453	0.27105	0.05947	0.05848	0.01862	0.01383	0.01871	0.01151	0.01602	0.00914	0.00637	0.00706	0.00207	0.04269	0.00566	0.00305	0.00840
20	0.08290	0.07773	0.28604	0.08885	0.21144	0.05996	0.01821	0.02022	0.01402	0.04134	0.01192	0.01452	0.00916	0.00614	0.00585	0.00193	0.00821	0.00497	0.02757	0.00902
21	0.02456	0.01810	0.01939	0.01487	0.02004	0.02004	0.01228	0.71107	0.03038	0.04072	0.01551	0.01551	0.01099	0.00776	0.00646	0.00194	0.00711	0.00582	0.00646	0.01099
22	0.01448	0.08160	0.32709	0.07100	0.07954	0.01406	0.06432	0.03930	0.01479	0.07370	0.07136	0.04728	0.03511	0.00805	0.00693	0.02450	0.00783	0.00649	0.00388	0.00869
23	0.00997	0.00704	0.00951	0.01073	0.01183	0.00700	0.00879	0.01222	0.01363	0.01782	0.03187	0.13917	0.03530	0.15380	0.01316	0.00353	0.00578	0.49776	0.00559	0.00551
24	0.00897	0.00610	0.00723	0.00762	0.00779	0.00598	0.00457	0.00940	0.01056	0.01414	0.05263	0.24089	0.03023	0.53726	0.02516	0.00510	0.00545	0.01194	0.00461	0.00437
25	0.05620	0.01751	0.13969	0.07082	0.21656	0.01488	0.10246	0.12162	0.04399	0.06589	0.01596	0.04200	0.02726	0.00713	0.00645	0.00203	0.00765	0.00642	0.02613	0.00935
26	0.01692	0.20384	0.23339	0.04753	0.05673	0.07190	0.01552	0.11884	0.04510	0.03831	0.01372	0.01586	0.02620	0.03007	0.00720	0.00201	0.03902	0.00517	0.00374	0.00893
27	0.00831	0.00610	0.00785	0.00907	0.00972	0.00582	0.00616	0.01037	0.04762	0.01739	0.06077	0.67656	0.07156	0.01926	0.00812	0.00256	0.00377	0.01739	0.00607	0.00553
28	0.01358	0.01193	0.04631	0.08370	0.12113	0.01171	0.05463	0.09448	0.06051	0.02263	0.07795	0.06081	0.07487	0.07940	0.00931	0.00240	0.02666	0.00798	0.13235	0.00764
29	0.06948	0.07447	0.21156	0.05540	0.07401	0.05626	0.12104	0.06645	0.05151	0.08895	0.01404	0.01589	0.01039	0.00658	0.00642	0.00198	0.02387	0.00554	0.03710	0.00905
30	0.01844	0.05012	0.09813	0.01780	0.08888	0.06544	0.10584	0.20790	0.04150	0.07805	0.04619	0.02032	0.05563	0.00778	0.00688	0.00197	0.02887	0.00652	0.04453	0.00920
31	0.00786	0.00569	0.00743	0.00882	0.00932	0.00526	0.00592	0.00902	0.01254	0.01656	0.03778	0.71745	0.09259	0.01996	0.00820	0.00259	0.00371	0.01803	0.00600	0.00526
32	0.01570	0.07333	0.21154	0.04037	0.10482	0.05275	0.16558	0.04251	0.04994	0.06260	0.04320	0.04953	0.01379	0.00716	0.00648	0.00200	0.00824	0.00656	0.03499	0.00889
33	0.03642	0.01574	0.11447	0.04191	0.01949	0.01205	0.03311	0.12182	0.03612	0.04397	0.01289	0.01449	0.00996	0.00573	0.00545	0.00143	0.00616	0.00461	0.00421	0.45996
34	0.01122	0.00943	0.01373	0.04359	0.04162	0.01140	0.02770	0.01268	0.01048	0.01495	0.01628	0.02552	0.04109	0.16566	0.25765	0.06560	0.21504	0.00712	0.00338	0.00585

[dist]
# distance from previous block
# <min> <max>
0	2

[block]
# block no. 1 follows, 34 sequences, length 34
# corresponding to MSA columns:
# 94-127
name=unknown_B
#
# <colnr> <probs for GDERKNQSTAVLIFYWHMCP>
#	G	D	E	R	K	N	Q	S	T	A	V	L	I	F	Y	W	H	M	C	P
0	0.09280	0.12074	0.10549	0.03806	0.06303	0.15440	0.05929	0.07353	0.01525	0.02064	0.03825	0.03177	0.01143	0.00751	0.00801	0.00197	0.11722	0.00539	0.00361	0.03162
1	0.00796	0.00645	0.00707	0.00714	0.00898	0.00556	0.00527	0.00982	0.01517	0.01902	0.19337	0.13922	0.52004	0.01618	0.00770	0.00220	0.00328	0.01379	0.00622	0.00556
2	0.04113	0.20552	0.11828	0.04199	0.14962	0.01737	0.03435	0.05291	0.13078	0.02181	0.08477	0.01864	0.01588	0.00729	0.00642	0.00191	0.03239	0.00588	0.00413	0.00893
3	0.04135	0.01414	0.02246	0.25136	0.31500	0.03310	0.05937	0.04248	0.01453	0.05728	0.01300	0.03471	0.01057	0.00687	0.00740	0.00208	0.05588	0.00610	0.00354	0.00878
4	0.00819	0.00659	0.00731	0.00721	0.00917	0.00572	0.00546	0.01030	0.01581	0.02007	0.26435	0.05836	0.50424	0.01547	0.00768	0.00216	0.00330	0.03662	0.00633	0.00567
5	0.01220	0.01148	0.01938	0.75739	0.04450	0.01436	0.01794	0.01651	0.01292	0.01651	0.01148	0.01723	0.00861	0.00646	0.00646	0.00215	0.00861	0.00574	0.00287	0.00718
6	0.01204	0.00602	0.00602	0.00602	0.00753	0.00602	0.00452	0.01506	0.01355	0.02409	0.02108	0.02409	0.01656	0.00753	0.00452	0.00151	0.00301	0.00602	0.80879	0.00602
7	0.00801	0.00573	0.00762	0.00891	0.00940	0.00534	0.00601	0.00933	0.01299	0.01748	0.10827	0.69323	0.04464	0.01951	0.00818	0.00256	0.00368	0.01767	0.00611	0.00534
8	0.02899	0.01100	0.01499	0.01150	0.01649	0.00950	0.00950	0.03149	0.01849	0.73709	0.02549	0.02199	0.01599	0.00800	0.00650	0.00200	0.00550	0.00650	0.00800	0.01100
9	0.00771	0.00626	0.00684	0.00731	0.00893	0.00539	0.00525	0.00919	0.01399	0.01715	0.05612	0.28330	0.51491	0.01758	0.00783	0.00232	0.00342	0.01512	0.00600	0.00539
10	0.81856	0.01250	0.00950	0.00850	0.01250	0.01449	0.00700	0.01899	0.01100	0.02899	0.00900	0.01050	0.00700	0.00600	0.00400	0.00200	0.00500	0.00350	0.00400	0.00700
11	0.02345	0.05303	0.02006	0.01642	0.06020	0.16545	0.01264	0.48686	0.04474	0.03316	0.01422	0.01477	0.01053	0.00735	0.00624	0.00187	0.00799	0.00542	0.00549	0.01011
12	0.00940	0.00626	0.00705	0.00705	0.00705	0.00626	0.00392	0.00940	0.00940	0.01253	0.02036	0.04228	0.02349	0.77292	0.03289	0.00626	0.00626	0.00940	0.00392	0.00392
13	0.01708	0.01501	0.01960	0.05858	0.05704	0.05934	0.06123	0.10538	0.09738	0.07332	0.01407	0.01763	0.01154	0.03459	0.03474	0.00272	0.30200	0.00615	0.00423	0.00838
14	0.04329	0.15899	0.40784	0.01901	0.06464	0.03805	0.12175	0.02016	0.01381	0.01965	0.01138	0.01387	0.00871	0.00693	0.02360	0.00213	0.00926	0.00501	0.00292	0.00900
15	0.01554	0.47764	0.31781	0.01402	0.02116	0.02132	0.01621	0.01980	0.01334	0.01732	0.01003	0.01168	0.00825	0.00577	0.00495	0.00165	0.00797	0.00399	0.00275	0.00880
16	0.01238	0.00944	0.03750	0.00970	0.01127	0.00899	0.02906	0.07580	0.03178	0.05800	0.04075	0.07470	0.05602	0.46422	0.02292	0.00462	0.03319	0.00922	0.00464	0.00580
17	0.01661	0.01236	0.01690	0.01223	0.01793	0.01009	0.09398	0.04296	0.01505	0.14127	0.01415	0.01540	0.01072	0.00550	0.00548	0.00131	0.00573	0.00481	0.00455	0.55298
18	0.02899	0.01100	0.01499	0.01150	0.01649	0.00950	0.00950	0.03149	0.01849	0.73709	0.02549	0.02199	0.01599	0.00800	0.00650	0.00200	0.00550	0.00650	0.00800	0.01100
19	0.04169	0.01184	0.01823	0.44172	0.14320	0.01381	0.01558	0.01874	0.10820	0.01908	0.01598	0.09515	0.01382	0.00806	0.00656	0.00216	0.00737	0.00718	0.00378	0.00786
20	0.00943	0.00673	0.00982	0.00982	0.01073	0.00764	0.00737	0.01101	0.01009	0.01437	0.01711	0.02683	0.01656	0.13043	0.59869	0.08259	0.01496	0.00709	0.00345	0.00528
21	0.01525	0.01743	0.03813	0.02723	0.03377	0.01634	0.70915	0.02070	0.01525	0.02070	0.01307	0.01743	0.00980	0.00545	0.00763	0.00218	0.01089	0.00763	0.00327	0.00871
22	0.00824	0.00589	0.00744	0.00852	0.00902	0.00554	0.00567	0.00926	0.01209	0.01591	0.03509	0.54294	0.09608	0.16559	0.01299	0.00331	0.00428	0.04149	0.00559	0.00503
23	0.02798	0.01090	0.01465	0.01134	0.01617	0.00956	0.00933	0.03096	0.03910	0.68960	0.02535	0.02213	0.01613	0.00800	0.00643	0.00199	0.00539	0.00650	0.03768	0.01079
24	0.00801	0.00568	0.00746	0.00882	0.00916	0.00534	0.00581	0.00903	0.01210	0.01613	0.03420	0.70150	0.04095	0.08988	0.01053	0.00296	0.00398	0.01754	0.00581	0.00512
25	0.00787	0.00562	0.00750	0.00900	0.00937	0.00525	0.00600	0.00900	0.01237	0.01649	0.03561	0.76871	0.04274	0.02024	0.00825	0.00262	0.00375	0.01837	0.00600	0.00525
26	0.00843	0.03334	0.00841	0.00886	0.00964	0.00609	0.00618	0.00977	0.01272	0.01691	0.03650	0.63234	0.09634	0.01884	0.00793	0.00251	0.00387	0.03977	0.03611	0.00543
27	0.01311	0.03253	0.70416	0.01947	0.06283	0.01502	0.02367	0.02043	0.01369	0.02049	0.01162	0.01376	0.00829	0.00612	0.00615	0.00204	0.00946	0.00482	0.00275	0.00958
28	0.00804	0.00602	0.00718	0.00807	0.00918	0.00542	0.00567	0.00948	0.01334	0.01725	0.04567	0.46258	0.28836	0.01823	0.00789	0.00243	0.00361	0.03564	0.04055	0.00538
29	0.00926	0.00803	0.02824	0.03567	0.01213	0.00713	0.02666	0.02859	0.03797	0.02030	0.21394	0.22342	0.29422	0.01515	0.00764	0.00224	0.00405	0.01323	0.00603	0.00611
30	0.01778	0.38553	0.18168	0.01436	0.02039	0.09630	0.04826	0.08281	0.01554	0.04341	0.01124	0.01284	0.00908	0.00729	0.02657	0.00192	0.00844	0.00443	0.00337	0.00876
31	0.01089	0.00864	0.01101	0.01096	0.02812	0.02657	0.00782	0.03089	0.03647	0.01658	0.07199	0.12577	0.02328	0.20491	0.23165	0.04050	0.09492	0.00905	0.00425	0.00574
32	0.00806	0.00600	0.00722	0.00803	0.00889	0.00547	0.00542	0.00924	0.01283	0.01656	0.06656	0.45005	0.22956	0.12129	0.01141	0.00298	0.00394	0.01561	0.00576	0.00515
33	0.11178	0.02031	0.10578	0.07092	0.15791	0.17449	0.03815	0.12365	0.05522	0.04009	0.01305	0.01499	0.01000	0.00662	0.00598	0.00192	0.00823	0.00521	0.02676	0.00893

[dist]
# distance from previous block
# <min> <max>
0	12

[block]
# block no. 2 follows, 34 sequences, length 21
# corresponding to MSA columns:
# 140-160
name=unknown_C
#
# <colnr> <probs for GDERKNQSTAVLIFYWHMCP>
#	G	D	E	R	K	N	Q	S	T	A	V	L	I	F	Y	W	H	M	C	P
0	0.04170	0.19598	0.04526	0.01563	0.10823	0.01638	0.03051	0.07876	0.12511	0.04129	0.08284	0.02034	0.04491	0.00767	0.00647	0.00181	0.03765	0.00609	0.00455	0.08884
1	0.01044	0.00815	0.00969	0.00984	0.03972	0.00775	0.00691	0.07630	0.03703	0.02190	0.21449	0.19245	0.26322	0.03943	0.00831	0.00230	0.00404	0.01246	0.00609	0.02946
2	0.01334	0.01417	0.09579	0.14146	0.10984	0.01259	0.12791	0.04919	0.03497	0.04103	0.06660	0.13460	0.06663	0.00964	0.00750	0.00216	0.03273	0.00878	0.00436	0.02668
3	0.00960	0.00648	0.00789	0.00754	0.00912	0.00602	0.00566	0.01251	0.01697	0.02473	0.51880	0.04456	0.11533	0.01233	0.00698	0.00194	0.00306	0.01069	0.17378	0.00602
4	0.02456	0.01810	0.01939	0.01487	0.02004	0.02004	0.01228	0.71107	0.03038	0.04072	0.01551	0.01551	0.01099	0.00776	0.00646	0.00194	0.00711	0.00582	0.00646	0.01099
5	0.00796	0.00625	0.00713	0.00754	0.00899	0.00550	0.00537	0.00955	0.01421	0.01801	0.13567	0.28652	0.40170	0.04468	0.00875	0.00245	0.00351	0.01476	0.00606	0.00541
6	0.00987	0.00787	0.01048	0.01041	0.01157	0.03883	0.00797	0.01198	0.01065	0.01486	0.01722	0.02600	0.01634	0.09792	0.66583	0.00973	0.01629	0.00698	0.00349	0.00571
7	0.01727	0.77681	0.03386	0.01106	0.01658	0.02557	0.01106	0.01935	0.01313	0.01520	0.00898	0.01036	0.00829	0.00553	0.00415	0.00138	0.00691	0.00345	0.00276	0.00829
8	0.01340	0.01148	0.01340	0.00957	0.01531	0.00861	0.00766	0.01627	0.01340	0.02105	0.01148	0.01340	0.00957	0.00479	0.00479	0.00096	0.00479	0.00383	0.00383	0.81242
9	0.01183	0.00724	0.00909	0.00831	0.01049	0.00644	0.00634	0.01439	0.01726	0.13439	0.43752	0.07368	0.21133	0.01340	0.00747	0.00208	0.00351	0.01158	0.00695	0.00668
10	0.00940	0.00626	0.00705	0.00705	0.00705	0.00626	0.00392	0.00940	0.00940	0.01253	0.02036	0.04228	0.02349	0.77292	0.03289	0.00626	0.00626	0.00940	0.00392	0.00392
11	0.01816	0.10975	0.01777	0.01344	0.01735	0.14699	0.01073	0.09628	0.41607	0.02458	0.02171	0.02081	0.04213	0.00818	0.00618	0.00197	0.00662	0.00637	0.00550	0.00940
12	0.04255	0.17774	0.21416	0.02024	0.18184	0.03662	0.03976	0.06011	0.01524	0.08421	0.01255	0.01430	0.00963	0.00608	0.00572	0.00179	0.00774	0.00491	0.00367	0.06117
13	0.01651	0.13819	0.42342	0.01577	0.02310	0.06789	0.01802	0.06011	0.03680	0.08970	0.04205	0.01564	0.01159	0.00672	0.00595	0.00191	0.00839	0.00511	0.00378	0.00932
14	0.01661	0.58857	0.18489	0.01285	0.01916	0.05085	0.01386	0.01983	0.01344	0.01636	0.00958	0.01112	0.00827	0.00570	0.00464	0.00154	0.00766	0.00377	0.00278	0.00853
15	0.01010	0.00991	0.06281	0.03875	0.12286	0.00844	0.01001	0.01297	0.03521	0.01806	0.03436	0.30939	0.17457	0.03874	0.02957	0.00271	0.00550	0.06433	0.00511	0.00660
16	0.01764	0.04082	0.16469	0.02222	0.19530	0.07658	0.10295	0.04516	0.03588	0.12905	0.01688	0.04804	0.03416	0.00746	0.00703	0.00203	0.03406	0.00650	0.00423	0.00930
17	0.00930	0.00666	0.00906	0.00906	0.00976	0.00736	0.00643	0.01069	0.00999	0.01402	0.01852	0.03208	0.01906	0.33549	0.46426	0.00875	0.01293	0.00790	0.00364	0.00503
18	0.00787	0.00635	0.00700	0.00727	0.00898	0.00548	0.00529	0.00956	0.01463	0.01824	0.13680	0.21522	0.50105	0.01684	0.00777	0.00226	0.00335	0.01444	0.00613	0.00548
19	0.08551	0.02214	0.26074	0.02092	0.16870	0.06259	0.03711	0.11318	0.05179	0.02394	0.03523	0.01574	0.01121	0.00697	0.00711	0.00204	0.05654	0.00545	0.00383	0.00927
20	0.11834	0.11058	0.07602	0.01931	0.12593	0.06257	0.12088	0.14612	0.11373	0.02527	0.01388	0.01543	0.01069	0.00657	0.00599	0.00194	0.00768	0.00554	0.00428	0.00927

[dist]
# distance from previous block
# <min> <max>
1	7

[block]
# block no. 3 follows, 34 sequences, length 9
# corresponding to MSA columns:
# 170-178
name=unknown_D
#
# <colnr> <probs for GDERKNQSTAVLIFYWHMCP>
#	G	D	E	R	K	N	Q	S	T	A	V	L	I	F	Y	W	H	M	C	P
0	0.10935	0.05060	0.05005	0.06588	0.12782	0.20954	0.02581	0.08756	0.06469	0.02221	0.02636	0.03477	0.01173	0.00718	0.00631	0.00189	0.03019	0.00547	0.03179	0.03079
1	0.01100	0.00572	0.00844	0.00844	0.00851	0.00579	0.00564	0.00865	0.00858	0.01151	0.01211	0.02132	0.01223	0.06901	0.06535	0.71954	0.00629	0.00591	0.00291	0.00304
2	0.01646	0.01478	0.06474	0.01602	0.09142	0.01488	0.01219	0.21772	0.18665	0.02802	0.11710	0.06485	0.02258	0.00985	0.00778	0.00216	0.05379	0.04415	0.00571	0.00914
3	0.00956	0.00740	0.00846	0.00824	0.01018	0.00707	0.00623	0.01383	0.10164	0.02210	0.30104	0.09569	0.29109	0.01410	0.00742	0.00215	0.00352	0.03451	0.04948	0.00631
4	0.01597	0.35633	0.21606	0.01565	0.06804	0.01962	0.03681	0.07371	0.05358	0.02046	0.05705	0.01538	0.01261	0.00654	0.00546	0.00175	0.00746	0.00500	0.00357	0.00894
5	0.05624	0.02566	0.46126	0.01896	0.07996	0.01436	0.07407	0.04374	0.01420	0.04250	0.01254	0.01505	0.00934	0.00894	0.05588	0.00255	0.00936	0.00520	0.00326	0.04694
6	0.03697	0.08403	0.24595	0.06409	0.07404	0.08499	0.08227	0.10567	0.05451	0.02215	0.01399	0.06007	0.01156	0.00737	0.00659	0.00201	0.02497	0.00608	0.00378	0.00891
7	0.01221	0.01035	0.05644	0.00985	0.01254	0.00894	0.00797	0.10228	0.03519	0.02271	0.17119	0.13559	0.05158	0.11521	0.01081	0.02512	0.00496	0.03113	0.06779	0.10816
8	0.01553	0.10753	0.07711	0.01257	0.01800	0.01393	0.04340	0.12539	0.01587	0.02285	0.01251	0.03886	0.01057	0.00641	0.00637	0.00148	0.05392	0.00495	0.00400	0.40873

[dist]
# distance from previous block
# <min> <max>
4	11

[block]
# block no. 4 follows, 34 sequences, length 63
# corresponding to MSA columns:
# 192-254
name=unknown_E
#
# <colnr> <probs for GDERKNQSTAVLIFYWHMCP>
#	G	D	E	R	K	N	Q	S	T	A	V	L	I	F	Y	W	H	M	C	P
0	0.01885	0.03893	0.01598	0.01265	0.01670	0.06867	0.01018	0.28610	0.14557	0.04692	0.01731	0.01840	0.01330	0.01221	0.09262	0.00279	0.00764	0.00583	0.07287	0.09648
1	0.14331	0.14770	0.19594	0.05989	0.09092	0.08972	0.03722	0.09321	0.04602	0.02272	0.01173	0.01361	0.00910	0.00631	0.00558	0.00188	0.00796	0.00475	0.00362	0.00882
2	0.01926	0.06818	0.06011	0.07349	0.12265	0.16290	0.08844	0.21231	0.03661	0.02452	0.01338	0.03712	0.01080	0.00721	0.00686	0.00195	0.03503	0.00586	0.00421	0.00910
3	0.01255	0.00999	0.01113	0.01025	0.01292	0.01058	0.00786	0.02219	0.33598	0.04484	0.25855	0.05719	0.15610	0.01177	0.00713	0.00214	0.00411	0.01006	0.00667	0.00797
4	0.00800	0.00574	0.00755	0.00896	0.00942	0.00536	0.00605	0.00917	0.01245	0.01651	0.03612	0.69881	0.06534	0.04245	0.00898	0.00273	0.00388	0.04129	0.00593	0.00524
5	0.00935	0.00645	0.00800	0.00800	0.00833	0.00678	0.00511	0.01001	0.00968	0.01324	0.01949	0.03745	0.02139	0.56574	0.23720	0.00744	0.00942	0.00869	0.00379	0.00445
6	0.00933	0.00632	0.00745	0.00750	0.00764	0.00645	0.00447	0.00964	0.00960	0.01293	0.02043	0.06083	0.02317	0.66590	0.11674	0.00665	0.00750	0.00936	0.00392	0.00417
7	0.00799	0.00576	0.00761	0.00904	0.00955	0.00537	0.00618	0.00924	0.01260	0.01668	0.03683	0.70193	0.07213	0.01995	0.00826	0.00262	0.00384	0.05311	0.00600	0.00529
8	0.01340	0.01148	0.01340	0.00957	0.01531	0.00861	0.00766	0.01627	0.01340	0.02105	0.01148	0.01340	0.00957	0.00479	0.00479	0.00096	0.00479	0.00383	0.00383	0.81242
9	0.01414	0.01414	0.01979	0.01696	0.01696	0.01979	0.01414	0.01555	0.00990	0.01555	0.00848	0.01414	0.00848	0.01131	0.02120	0.00283	0.76110	0.00565	0.00283	0.00707
10	0.02880	0.01131	0.01519	0.01164	0.01665	0.00996	0.00962	0.06120	0.01901	0.70665	0.02505	0.02171	0.01578	0.00799	0.00650	0.00200	0.00557	0.00647	0.00793	0.01100
11	0.01340	0.01148	0.01340	0.00957	0.01531	0.00861	0.00766	0.01627	0.01340	0.02105	0.01148	0.01340	0.00957	0.00479	0.00479	0.00096	0.00479	0.00383	0.00383	0.81242
12	0.00787	0.00562	0.00750	0.00900	0.00937	0.00525	0.00600	0.00900	0.01237	0.01649	0.03561	0.76871	0.04274	0.02024	0.00825	0.00262	0.00375	0.01837	0.00600	0.00525
13	0.01872	0.59034	0.05090	0.01220	0.01766	0.06482	0.01170	0.13214	0.01624	0.01953	0.01018	0.01137	0.00873	0.00597	0.00467	0.00151	0.00728	0.00392	0.00340	0.00872
14	0.00787	0.00562	0.00750	0.00900	0.00937	0.00525	0.00600	0.00900	0.01237	0.01649	0.03561	0.76871	0.04274	0.02024	0.00825	0.00262	0.00375	0.01837	0.00600	0.00525
15	0.01657	0.01413	0.01489	0.01325	0.01699	0.01630	0.01035	0.07386	0.68061	0.02783	0.02567	0.02361	0.01921	0.00871	0.00657	0.00218	0.00523	0.00722	0.00657	0.01027
16	0.01305	0.03281	0.71247	0.01876	0.02819	0.01506	0.05023	0.02047	0.01370	0.02047	0.01165	0.01379	0.00825	0.00611	0.00620	0.00205	0.00960	0.00488	0.00275	0.00952
17	0.01734	0.04371	0.11488	0.05805	0.11007	0.14080	0.09380	0.11315	0.05519	0.04297	0.03865	0.04039	0.03386	0.02665	0.00779	0.00212	0.04123	0.00648	0.00419	0.00869
18	0.00857	0.00658	0.00785	0.00753	0.00930	0.00585	0.00565	0.01109	0.01694	0.02271	0.47814	0.05353	0.31403	0.01440	0.00763	0.00209	0.00313	0.01242	0.00669	0.00585
19	0.00795	0.00599	0.00737	0.00822	0.00923	0.00540	0.00571	0.00944	0.01370	0.01784	0.12369	0.49132	0.23397	0.01837	0.00801	0.00243	0.00354	0.01630	0.00613	0.00540
20	0.01733	0.01464	0.05567	0.06959	0.16149	0.03510	0.05897	0.16395	0.04117	0.10704	0.07915	0.02661	0.10362	0.00884	0.00680	0.00204	0.00676	0.02699	0.00523	0.00902
21	0.01857	0.04077	0.11271	0.10704	0.07975	0.03946	0.03081	0.15024	0.10788	0.14934	0.01956	0.06339	0.03517	0.00822	0.00651	0.00205	0.00705	0.00686	0.00521	0.00941
22	0.01326	0.05393	0.66532	0.01887	0.02808	0.01542	0.07577	0.02045	0.01375	0.02033	0.01163	0.01383	0.00831	0.00607	0.00619	0.00204	0.00957	0.00495	0.00277	0.00945
23	0.01524	0.01537	0.06452	0.14021	0.21138	0.01510	0.17822	0.08247	0.03597	0.02209	0.01414	0.01885	0.01134	0.00692	0.00748	0.00208	0.05220	0.02656	0.07111	0.00876
24	0.01340	0.01148	0.01340	0.00957	0.01531	0.00861	0.00766	0.01627	0.01340	0.02105	0.01148	0.01340	0.00957	0.00479	0.00479	0.00096	0.00479	0.00383	0.00383	0.81242
25	0.01408	0.01409	0.03948	0.30022	0.30289	0.01541	0.06220	0.01793	0.01342	0.01858	0.01206	0.01778	0.01006	0.00707	0.00852	0.00217	0.10813	0.02434	0.00310	0.00845
26	0.00826	0.00607	0.00762	0.00838	0.00916	0.00579	0.00572	0.00951	0.01233	0.01623	0.06083	0.41935	0.16336	0.13636	0.09629	0.00396	0.00557	0.01460	0.00543	0.00517
27	0.01029	0.00590	0.00811	0.00832	0.00863	0.00587	0.00562	0.00920	0.00979	0.01316	0.01943	0.10872	0.05519	0.13570	0.06189	0.46723	0.00596	0.02983	0.02743	0.00373
28	0.00787	0.00562	0.00750	0.00900	0.00937	0.00525	0.00600	0.00900	0.01237	0.01649	0.03561	0.76871	0.04274	0.02024	0.00825	0.00262	0.00375	0.01837	0.00600	0.00525
29	0.07013	0.01107	0.01471	0.01134	0.01629	0.00976	0.00937	0.03084	0.01810	0.70020	0.02463	0.02139	0.01553	0.00789	0.00637	0.00200	0.00547	0.00634	0.00779	0.01079
30	0.02414	0.03079	0.01831	0.01665	0.01998	0.74698	0.01248	0.02580	0.01831	0.01581	0.00999	0.01165	0.00832	0.00666	0.00583	0.00166	0.01165	0.00416	0.00333	0.00749
31	0.01881	0.02310	0.05754	0.01742	0.01981	0.35929	0.04964	0.02086	0.01430	0.01619	0.00958	0.01312	0.00846	0.00856	0.01253	0.00221	0.33300	0.00501	0.00308	0.00748
32	0.00924	0.00656	0.00799	0.00841	0.00991	0.00592	0.00626	0.01107	0.01453	0.04952	0.14280	0.27562	0.28886	0.03894	0.00867	0.00250	0.00390	0.09739	0.00618	0.00574
33	0.01115	0.00774	0.00912	0.00840	0.01061	0.00716	0.00640	0.06777	0.01761	0.07348	0.34298	0.09701	0.28810	0.01399	0.00750	0.00211	0.00367	0.01199	0.00666	0.00655
34	0.01669	0.01685	0.10515	0.04312	0.11684	0.01465	0.26351	0.10214	0.05761	0.09109	0.01823	0.07162	0.03617	0.00769	0.00701	0.00212	0.00823	0.00762	0.00448	0.00918
35	0.01414	0.01414	0.01979	0.01696	0.01696	0.01979	0.01414	0.01555	0.00990	0.01555	0.00848	0.01414	0.00848	0.01131	0.02120	0.00283	0.76110	0.00565	0.00283	0.00707
36	0.01547	0.01308	0.01400	0.01256	0.01599	0.01492	0.00976	0.05450	0.60681	0.02735	0.11661	0.02693	0.02475	0.00931	0.00671	0.00216	0.00492	0.00782	0.00664	0.00972
37	0.01692	0.74316	0.03283	0.01103	0.01636	0.02480	0.01093	0.01901	0.01301	0.01519	0.00935	0.01102	0.00864	0.00740	0.03663	0.00178	0.00736	0.00361	0.00279	0.00818
38	0.01220	0.01148	0.01938	0.75739	0.04450	0.01436	0.01794	0.01651	0.01292	0.01651	0.01148	0.01723	0.00861	0.00646	0.00646	0.00215	0.00861	0.00574	0.00287	0.00718
39	0.00919	0.00685	0.01017	0.01022	0.01131	0.00791	0.00786	0.01137	0.01042	0.01496	0.01805	0.05185	0.01734	0.07290	0.69652	0.00997	0.01645	0.00741	0.00357	0.00569
40	0.01663	0.01376	0.01463	0.01308	0.01679	0.01579	0.01020	0.03421	0.69060	0.05770	0.02626	0.02402	0.01956	0.00873	0.00657	0.00218	0.00513	0.00727	0.00664	0.01026
41	0.01571	0.01651	0.09305	0.06351	0.59676	0.01481	0.01943	0.01980	0.01459	0.04207	0.01315	0.03775	0.01109	0.00631	0.00643	0.00196	0.00771	0.00605	0.00336	0.00993
42	0.03740	0.01195	0.01562	0.01373	0.05331	0.01197	0.05246	0.18593	0.05256	0.21425	0.08967	0.13458	0.04309	0.04324	0.00804	0.00229	0.00578	0.00891	0.00632	0.00891
43	0.01480	0.01815	0.10417	0.06537	0.12051	0.01571	0.50064	0.02012	0.01498	0.02065	0.03174	0.01768	0.01099	0.00581	0.00726	0.00213	0.01003	0.00712	0.00329	0.00884
44	0.00787	0.00562	0.00750	0.00900	0.00937	0.00525	0.00600	0.00900	0.01237	0.01649	0.03561	0.76871	0.04274	0.02024	0.00825	0.00262	0.00375	0.01837	0.00600	0.00525
45	0.01174	0.00899	0.01069	0.01004	0.01082	0.04422	0.00730	0.01299	0.01083	0.04257	0.01745	0.02969	0.01763	0.33311	0.22173	0.00611	0.12590	0.00752	0.06515	0.00551
46	0.01362	0.15868	0.46683	0.01726	0.04681	0.01618	0.05974	0.01982	0.03850	0.01953	0.01504	0.04489	0.04165	0.00706	0.00605	0.00197	0.00845	0.00574	0.00318	0.00898
47	0.01663	0.01560	0.02531	0.03736	0.66942	0.03529	0.01902	0.02079	0.03548	0.04391	0.01293	0.01630	0.01064	0.00594	0.00639	0.00192	0.00764	0.00578	0.00345	0.01018
48	0.00923	0.00692	0.01038	0.01038	0.01154	0.00808	0.00808	0.01154	0.01038	0.01500	0.01731	0.02538	0.01615	0.04846	0.74732	0.01038	0.01731	0.00692	0.00346	0.00577
49	0.01340	0.01148	0.01340	0.00957	0.01531	0.00861	0.00766	0.01627	0.01340	0.02105	0.01148	0.01340	0.00957	0.00479	0.00479	0.00096	0.00479	0.00383	0.00383	0.81242
50	0.01048	0.00889	0.01091	0.01182	0.05375	0.04479	0.00818	0.01284	0.03167	0.01951	0.21702	0.31254	0.06896	0.03762	0.00979	0.00249	0.07715	0.04977	0.00564	0.00619
51	0.00825	0.00620	0.00773	0.00874	0.00983	0.00568	0.00639	0.00987	0.01363	0.01754	0.06806	0.43707	0.23440	0.01854	0.00816	0.00253	0.00394	0.12197	0.00603	0.00545
52	0.11729	0.01468	0.01599	0.01253	0.01719	0.01564	0.01031	0.40727	0.02380	0.20195	0.01760	0.01723	0.01220	0.00759	0.00601	0.00192	0.00611	0.00573	0.07889	0.01008
53	0.01599	0.01535	0.02623	0.03966	0.73262	0.01535	0.01983	0.01983	0.01471	0.02111	0.01215	0.01599	0.01023	0.00576	0.00640	0.00192	0.00768	0.00576	0.00320	0.01023
54	0.00787	0.00562	0.00750	0.00900	0.00937	0.00525	0.00600	0.00900	0.01237	0.01649	0.03561	0.76871	0.04274	0.02024	0.00825	0.00262	0.00375	0.01837	0.00600	0.00525
55	0.01112	0.00986	0.01025	0.01025	0.03185	0.10184	0.00731	0.01377	0.01745	0.02329	0.52889	0.13277	0.05043	0.01303	0.00743	0.00206	0.00438	0.01138	0.00637	0.00629
56	0.01594	0.01671	0.01825	0.04825	0.01852	0.17975	0.03457	0.05309	0.01322	0.01701	0.01110	0.01598	0.01005	0.01661	0.15113	0.00388	0.35988	0.00563	0.00326	0.00718
57	0.05266	0.00784	0.01003	0.00979	0.01130	0.00835	0.00739	0.05301	0.01385	0.04223	0.14240	0.21158	0.07102	0.04627	0.25020	0.00505	0.03499	0.01067	0.00517	0.00621
58	0.00940	0.00684	0.00828	0.00886	0.01000	0.00655	0.00622	0.06500	0.01445	0.01920	0.07420	0.51138	0.15331	0.03835	0.00853	0.00253	0.00394	0.01561	0.03158	0.00577
59	0.04417	0.10023	0.24407	0.01793	0.06011	0.12238	0.09929	0.08012	0.04048	0.11052	0.01377	0.01505	0.01007	0.00650	0.00610	0.00192	0.00865	0.00529	0.00404	0.00930
60	0.01823	0.04995	0.05898	0.05227	0.06293	0.05377	0.08434	0.24561	0.03886	0.04414	0.01479	0.05592	0.01205	0.00739	0.00670	0.00184	0.03100	0.00613	0.00468	0.15042
61	0.08755	0.04209	0.04980	0.01717	0.08208	0.31964	0.04970	0.06597	0.06035	0.08307	0.03175	0.01585	0.01174	0.00906	0.04461	0.00229	0.00934	0.00527	0.00423	0.00843
62	0.04354	0.09000	0.08111	0.01559	0.05764	0.01609	0.07503	0.20129	0.15042	0.06263	0.04030	0.05295	0.04805	0.00826	0.00638	0.00199	0.00665	0.00693	0.00525	0.02992

[dist]
# distance from previous block
# <min> <max>
0	42

[block]
# block no. 5 follows, 34 sequences, length 7
# corresponding to MSA columns:
# 297-303
name=unknown_F
#
# <colnr> <probs for GDERKNQSTAVLIFYWHMCP>
#	G	D	E	R	K	N	Q	S	T	A	V	L	I	F	Y	W	H	M	C	P
0	0.01844	0.04870	0.05705	0.01553	0.06975	0.03368	0.05291	0.15966	0.12879	0.13007	0.04453	0.08331	0.01696	0.00856	0.00688	0.00197	0.02828	0.00716	0.00547	0.08228
1	0.01892	0.12879	0.01992	0.01438	0.04162	0.05103	0.06279	0.08825	0.08927	0.18261	0.04971	0.02393	0.07515	0.00895	0.00808	0.00206	0.09191	0.02844	0.00532	0.00888
2	0.04325	0.20318	0.07870	0.03897	0.08183	0.06384	0.03267	0.08132	0.10741	0.05569	0.06326	0.04187	0.01533	0.00739	0.00582	0.00181	0.00682	0.00592	0.00442	0.06050
3	0.03964	0.20914	0.10225	0.01408	0.03636	0.14298	0.01252	0.08706	0.05302	0.08227	0.04483	0.01983	0.01426	0.00779	0.00627	0.00186	0.02860	0.05665	0.00436	0.03623
4	0.04740	0.40640	0.14910	0.01366	0.01966	0.07530	0.04082	0.10429	0.01572	0.02027	0.01058	0.01208	0.00868	0.00597	0.00506	0.00162	0.00772	0.00421	0.00337	0.04810
5	0.33798	0.18642	0.17032	0.01354	0.01923	0.07185	0.07972	0.02005	0.01297	0.02240	0.01000	0.01188	0.00790	0.00592	0.00496	0.00187	0.00743	0.00420	0.00334	0.00802
6	0.00940	0.00626	0.00705	0.00705	0.00705	0.00626	0.00392	0.00940	0.00940	0.01253	0.02036	0.04228	0.02349	0.77292	0.03289	0.00626	0.00626	0.00940	0.00392	0.00392

[dist]
# distance from previous block
# <min> <max>
0	1

[block]
# block no. 6 follows, 34 sequences, length 8
# corresponding to MSA columns:
# 305-312
name=unknown_G
#
# <colnr> <probs for GDERKNQSTAVLIFYWHMCP>
#	G	D	E	R	K	N	Q	S	T	A	V	L	I	F	Y	W	H	M	C	P
0	0.01610	0.01335	0.01854	0.13356	0.02330	0.01402	0.10956	0.06094	0.28479	0.07934	0.01948	0.04488	0.01502	0.00759	0.00647	0.00198	0.00653	0.00680	0.00518	0.13257
1	0.00958	0.00701	0.00911	0.00843	0.00913	0.00688	0.04667	0.01029	0.01064	0.01415	0.05479	0.04191	0.08389	0.59377	0.06305	0.00569	0.00669	0.00963	0.00417	0.00452
2	0.01049	0.01076	0.09061	0.00999	0.01284	0.00862	0.00873	0.01621	0.12802	0.02391	0.40704	0.04379	0.14982	0.01240	0.00735	0.00212	0.00426	0.03970	0.00632	0.00703
3	0.02116	0.01628	0.01854	0.01570	0.07936	0.01691	0.01181	0.48612	0.02499	0.03435	0.01426	0.01505	0.01058	0.00688	0.00606	0.00170	0.00660	0.00534	0.00556	0.20276
4	0.01638	0.01494	0.02391	0.18234	0.49654	0.01578	0.01843	0.11235	0.01646	0.02282	0.01247	0.01618	0.01001	0.00617	0.00642	0.00197	0.00779	0.00576	0.00357	0.00971
5	0.01395	0.01326	0.02253	0.42724	0.36103	0.01481	0.01881	0.01804	0.01374	0.01862	0.01179	0.01666	0.00936	0.00614	0.00643	0.00205	0.00818	0.00575	0.00302	0.00858
6	0.01961	0.01747	0.02265	0.06014	0.41450	0.11715	0.01649	0.14788	0.01832	0.08344	0.01355	0.01586	0.01052	0.00646	0.00634	0.00190	0.00798	0.00561	0.00420	0.00993
7	0.01282	0.01212	0.02050	0.63982	0.15723	0.01452	0.01825	0.01705	0.01321	0.01726	0.01159	0.01702	0.00888	0.00634	0.00645	0.00211	0.00846	0.00574	0.00292	0.00768

[dist]
# distance from previous block
# <min> <max>
3	10

[block]
# block no. 7 follows, 34 sequences, length 24
# corresponding to MSA columns:
# 323-346
name=unknown_H
#
# <colnr> <probs for GDERKNQSTAVLIFYWHMCP>
#	G	D	E	R	K	N	Q	S	T	A	V	L	I	F	Y	W	H	M	C	P
0	0.01412	0.01314	0.01440	0.01538	0.10352	0.15563	0.03099	0.01606	0.01375	0.05212	0.04044	0.14213	0.06823	0.02128	0.19723	0.04952	0.03247	0.00854	0.00424	0.00679
1	0.01358	0.01136	0.01758	0.05993	0.24643	0.01148	0.05175	0.04201	0.01593	0.06055	0.20334	0.03170	0.12358	0.03045	0.00851	0.00219	0.04809	0.00860	0.00495	0.00799
2	0.00997	0.00730	0.00894	0.00858	0.00990	0.00718	0.00602	0.04393	0.01308	0.01793	0.13596	0.13184	0.08914	0.27138	0.15156	0.00498	0.00715	0.01027	0.00489	0.05999
3	0.01559	0.01647	0.08903	0.09410	0.25978	0.01510	0.16357	0.11544	0.03804	0.02346	0.05002	0.02060	0.05476	0.00713	0.00679	0.00204	0.00798	0.00686	0.00404	0.00920
4	0.01352	0.02640	0.49735	0.01787	0.02584	0.01371	0.11607	0.01968	0.01398	0.04682	0.01477	0.05687	0.02603	0.00699	0.00639	0.00200	0.00873	0.00609	0.00334	0.07756
5	0.01515	0.06134	0.01620	0.01302	0.07598	0.01196	0.00957	0.05985	0.07149	0.04282	0.01359	0.01527	0.01096	0.00596	0.00594	0.00137	0.04115	0.00465	0.04778	0.47595
6	0.01590	0.07117	0.14004	0.05103	0.03706	0.07848	0.12221	0.10473	0.06375	0.04117	0.15777	0.02213	0.02049	0.00783	0.00655	0.00194	0.00750	0.00683	0.00465	0.03876
7	0.00895	0.00683	0.00748	0.00729	0.00938	0.00583	0.00537	0.01063	0.01452	0.04490	0.10510	0.13396	0.50528	0.05670	0.00889	0.00238	0.00363	0.01305	0.00594	0.04390
8	0.01709	0.67965	0.10142	0.01196	0.01780	0.04912	0.01234	0.01968	0.01335	0.01573	0.00927	0.01072	0.00828	0.00563	0.00440	0.00146	0.00733	0.00361	0.00278	0.00839
9	0.00925	0.00686	0.01006	0.01006	0.01110	0.00790	0.00767	0.01133	0.01029	0.01476	0.01760	0.02703	0.01687	0.11908	0.67768	0.00998	0.01623	0.00716	0.00351	0.00559
10	0.07540	0.41362	0.06051	0.01333	0.03313	0.03532	0.03516	0.17581	0.01723	0.04924	0.01162	0.01287	0.00938	0.00727	0.02351	0.00187	0.00739	0.00445	0.00393	0.00895
11	0.02218	0.01554	0.01903	0.01739	0.11214	0.01647	0.03085	0.41835	0.05527	0.13668	0.03559	0.05857	0.01492	0.00832	0.00662	0.00200	0.00668	0.00685	0.00617	0.01037
12	0.00814	0.00657	0.00725	0.00708	0.00904	0.00567	0.00531	0.01026	0.01593	0.02030	0.28903	0.05749	0.50464	0.01530	0.00763	0.00213	0.00320	0.01298	0.00637	0.00567
13	0.01640	0.10316	0.27909	0.03993	0.09320	0.06404	0.04228	0.02129	0.03198	0.09506	0.01302	0.01476	0.00979	0.00631	0.00637	0.00182	0.03366	0.00497	0.00365	0.11922
14	0.02100	0.01565	0.01680	0.01355	0.01804	0.01730	0.01096	0.41542	0.24512	0.05846	0.01944	0.01886	0.01418	0.00798	0.00634	0.00197	0.00613	0.00626	0.05266	0.03390
15	0.01180	0.01038	0.01410	0.01531	0.11042	0.04527	0.01049	0.01482	0.03793	0.01671	0.01545	0.02169	0.01403	0.03329	0.47466	0.00728	0.08334	0.00635	0.00350	0.05318
16	0.00939	0.00630	0.00724	0.00724	0.00731	0.00637	0.00415	0.00952	0.00945	0.01267	0.02018	0.04131	0.02307	0.73122	0.07402	0.00650	0.00690	0.00925	0.00389	0.00402
17	0.09392	0.03271	0.10214	0.05555	0.17428	0.10475	0.05634	0.05690	0.17408	0.06309	0.01557	0.01685	0.01181	0.00684	0.00615	0.00199	0.00762	0.00570	0.00440	0.00932
18	0.05860	0.18302	0.08510	0.01685	0.05450	0.14292	0.09812	0.16895	0.08913	0.02398	0.01315	0.01447	0.01022	0.00659	0.00586	0.00184	0.00823	0.00520	0.00417	0.00911
19	0.05744	0.00674	0.00693	0.00665	0.00849	0.00665	0.00503	0.01531	0.01390	0.06173	0.06462	0.02844	0.07940	0.03444	0.00600	0.00181	0.00339	0.00699	0.57981	0.00623
20	0.01591	0.01546	0.06072	0.14272	0.15583	0.03505	0.09400	0.09424	0.14625	0.04405	0.01763	0.06070	0.02836	0.00807	0.00754	0.00214	0.05088	0.00705	0.00443	0.00899
21	0.00824	0.00654	0.00731	0.00733	0.00911	0.00574	0.00546	0.01017	0.01520	0.01930	0.22207	0.09138	0.46333	0.05685	0.00909	0.00242	0.00353	0.04521	0.00616	0.00554
22	0.00936	0.00849	0.04872	0.01089	0.04508	0.00722	0.00799	0.01252	0.05780	0.01947	0.15491	0.38772	0.13491	0.01622	0.00779	0.00239	0.00427	0.05209	0.00591	0.00624
23	0.01622	0.01429	0.01547	0.01337	0.01695	0.06589	0.05656	0.08502	0.43903	0.02575	0.02478	0.02424	0.05686	0.00996	0.03132	0.00234	0.00624	0.00721	0.07931	0.00920

[dist]
# distance from previous block
# <min> <max>
3	15

[block]
# block no. 8 follows, 34 sequences, length 7
# corresponding to MSA columns:
# 362-368
name=unknown_I
#
# <colnr> <probs for GDERKNQSTAVLIFYWHMCP>
#	G	D	E	R	K	N	Q	S	T	A	V	L	I	F	Y	W	H	M	C	P
0	0.15620	0.09319	0.07756	0.03731	0.04813	0.21270	0.01231	0.06533	0.14386	0.05296	0.01390	0.01484	0.01073	0.00698	0.00604	0.00191	0.02823	0.00495	0.00428	0.00860
1	0.67169	0.01143	0.00934	0.00843	0.01198	0.01297	0.00683	0.01776	0.01232	0.02843	0.13968	0.01735	0.01679	0.00731	0.00466	0.00201	0.00464	0.00498	0.00456	0.00683
2	0.01689	0.17795	0.09121	0.05865	0.22319	0.01685	0.03815	0.06647	0.10480	0.07701	0.01577	0.05789	0.01303	0.00726	0.00608	0.00192	0.00710	0.00619	0.00421	0.00938
3	0.01069	0.00861	0.01227	0.01163	0.01341	0.00869	0.07596	0.06495	0.07615	0.01952	0.03047	0.46442	0.06249	0.01965	0.08550	0.00329	0.00622	0.01400	0.00555	0.00652
4	0.00783	0.00579	0.00732	0.00855	0.00925	0.00529	0.00580	0.00905	0.01280	0.01667	0.04103	0.64051	0.16744	0.01954	0.00814	0.00254	0.00366	0.01751	0.00600	0.00529
5	0.01609	0.01472	0.03961	0.17338	0.33860	0.03998	0.04660	0.04920	0.06354	0.06801	0.01673	0.02134	0.03464	0.00730	0.00662	0.00206	0.00762	0.04076	0.00404	0.00916
6	0.09044	0.21966	0.11377	0.01980	0.17789	0.23950	0.01468	0.02152	0.01492	0.01860	0.01032	0.01243	0.00860	0.00604	0.00539	0.00173	0.00868	0.00435	0.00314	0.00852

[dist]
# distance from previous block
# <min> <max>
0	2

[block]
# block no. 9 follows, 34 sequences, length 15
# corresponding to MSA columns:
# 371-385
name=unknown_J
#
# <colnr> <probs for GDERKNQSTAVLIFYWHMCP>
#	G	D	E	R	K	N	Q	S	T	A	V	L	I	F	Y	W	H	M	C	P
0	0.01597	0.01988	0.16417	0.08836	0.27412	0.04543	0.19509	0.07875	0.01597	0.02195	0.01242	0.01579	0.00959	0.00601	0.00665	0.00202	0.00904	0.00598	0.00338	0.00942
1	0.01317	0.01305	0.05916	0.01166	0.01732	0.00976	0.07443	0.01708	0.04230	0.02093	0.01675	0.01831	0.07018	0.00606	0.00544	0.00129	0.00553	0.00520	0.00400	0.58836
2	0.01122	0.00561	0.00842	0.00842	0.00842	0.00561	0.00561	0.00842	0.00842	0.01122	0.01122	0.01964	0.01122	0.02245	0.02525	0.81201	0.00561	0.00561	0.00281	0.00281
3	0.01040	0.00979	0.00895	0.00899	0.01072	0.11176	0.00655	0.01223	0.01543	0.01888	0.19976	0.23699	0.29522	0.01528	0.00753	0.00219	0.00455	0.01308	0.00587	0.00584
4	0.02270	0.02841	0.01852	0.01669	0.01954	0.64282	0.01272	0.02433	0.01711	0.01578	0.00977	0.01201	0.00835	0.00732	0.00803	0.00183	0.11900	0.00438	0.00326	0.00743
5	0.02543	0.01671	0.01853	0.01421	0.01935	0.01798	0.01174	0.57862	0.02806	0.17645	0.01746	0.01678	0.01196	0.00780	0.00647	0.00195	0.00680	0.00595	0.00676	0.01099
6	0.00940	0.00626	0.00705	0.00705	0.00705	0.00626	0.00392	0.00940	0.00940	0.01253	0.02036	0.04228	0.02349	0.77292	0.03289	0.00626	0.00626	0.00940	0.00392	0.00392
7	0.02456	0.01810	0.01939	0.01487	0.02004	0.02004	0.01228	0.71107	0.03038	0.04072	0.01551	0.01551	0.01099	0.00776	0.00646	0.00194	0.00711	0.00582	0.00646	0.01099
8	0.01727	0.77681	0.03386	0.01106	0.01658	0.02557	0.01106	0.01935	0.01313	0.01520	0.00898	0.01036	0.00829	0.00553	0.00415	0.00138	0.00691	0.00345	0.00276	0.00829
9	0.00801	0.00572	0.00765	0.00915	0.00958	0.00536	0.00623	0.00923	0.01250	0.01664	0.03554	0.73212	0.04244	0.02012	0.00828	0.00264	0.00386	0.05364	0.00600	0.00529
10	0.02229	0.01267	0.01484	0.01227	0.01656	0.01314	0.00985	0.09583	0.31981	0.33599	0.02470	0.02238	0.01714	0.00828	0.00644	0.00205	0.00537	0.00676	0.04317	0.01044
11	0.00831	0.00585	0.00759	0.00882	0.00919	0.00557	0.00588	0.00934	0.01198	0.01594	0.03271	0.59170	0.03884	0.15912	0.01284	0.00332	0.00435	0.05800	0.00561	0.00505
12	0.01379	0.01369	0.02024	0.01695	0.01754	0.01821	0.07550	0.01543	0.01033	0.01573	0.01001	0.01708	0.01001	0.08235	0.02108	0.00309	0.62289	0.00618	0.00297	0.00692
13	0.01332	0.01257	0.11851	0.06141	0.01674	0.01038	0.01105	0.06321	0.01504	0.09909	0.09720	0.22964	0.06221	0.01362	0.02999	0.00252	0.07621	0.02610	0.03382	0.00736
14	0.00777	0.00647	0.00671	0.00680	0.00874	0.00549	0.00499	0.00936	0.01447	0.01748	0.08411	0.11248	0.63017	0.04542	0.00864	0.00236	0.00341	0.01375	0.00596	0.00540

[dist]
# distance from previous block
# <min> <max>
0	21

# created by:
# /home/berkeley/.conda/envs/busco_data_prod/bin/msa2prfl.pl pipeline/OGs_align_augustus/4893/39670.fs
