[name]
unknown

[dist]
# distance from previous block
# <min> <max>
10	215

[block]
# block no. 0 follows, 31 sequences, length 95
# corresponding to MSA columns:
# 225-319
name=unknown_A
#
# <colnr> <probs for GDERKNQSTAVLIFYWHMCP>
#	G	D	E	R	K	N	Q	S	T	A	V	L	I	F	Y	W	H	M	C	P
0	0.03961	0.12107	0.14505	0.03861	0.08051	0.10822	0.07222	0.12665	0.04545	0.02398	0.04523	0.07220	0.03512	0.00848	0.00662	0.00206	0.00830	0.00702	0.00443	0.00916
1	0.04619	0.10738	0.04533	0.01745	0.04933	0.10490	0.14131	0.11548	0.03962	0.10538	0.03839	0.03944	0.01586	0.04086	0.00802	0.00228	0.00826	0.04456	0.00497	0.02501
2	0.06131	0.03381	0.03492	0.01128	0.01457	0.03754	0.00909	0.13758	0.04546	0.02561	0.13979	0.14799	0.07147	0.05478	0.00872	0.00240	0.00561	0.05098	0.00583	0.10126
3	0.09806	0.12332	0.04509	0.01695	0.05722	0.06527	0.11733	0.13354	0.01808	0.06898	0.06112	0.01810	0.01422	0.00758	0.00734	0.00201	0.05758	0.00607	0.03885	0.04330
4	0.02105	0.05917	0.08199	0.01451	0.01942	0.12247	0.04137	0.17100	0.04809	0.15372	0.11701	0.04458	0.02058	0.00882	0.00679	0.00201	0.00741	0.00713	0.00588	0.04700
5	0.07154	0.04619	0.20985	0.01873	0.05227	0.08631	0.12391	0.15540	0.01895	0.05484	0.04135	0.01684	0.01219	0.00702	0.00657	0.00203	0.00881	0.00591	0.00442	0.05688
6	0.00952	0.00713	0.00871	0.00928	0.01061	0.00662	0.00654	0.04633	0.01519	0.02006	0.10215	0.49542	0.17522	0.01876	0.00833	0.00254	0.00403	0.01666	0.00641	0.03049
7	0.04110	0.12637	0.14406	0.02087	0.14144	0.07539	0.08705	0.10261	0.05526	0.06486	0.04238	0.01736	0.01301	0.00703	0.00643	0.00198	0.00832	0.00591	0.00437	0.03418
8	0.01906	0.07939	0.04757	0.01680	0.08957	0.06397	0.03160	0.15497	0.12648	0.10038	0.04188	0.09849	0.03928	0.01018	0.00705	0.00219	0.00694	0.04886	0.00579	0.00956
9	0.01140	0.01099	0.01986	0.01622	0.01928	0.01045	0.25188	0.01431	0.01446	0.01908	0.03355	0.30883	0.15813	0.03738	0.00972	0.00265	0.03615	0.01360	0.00512	0.00695
10	0.02010	0.01742	0.06863	0.13288	0.16377	0.01735	0.07669	0.23331	0.05709	0.09334	0.01589	0.01792	0.01168	0.00747	0.00749	0.00217	0.03503	0.00638	0.00504	0.01036
11	0.07214	0.17323	0.05830	0.04000	0.14424	0.01915	0.03517	0.16558	0.05587	0.06931	0.01504	0.01827	0.01211	0.00778	0.00734	0.00208	0.05796	0.03196	0.00465	0.00981
12	0.08821	0.12901	0.21585	0.01458	0.02093	0.01524	0.05121	0.02503	0.06623	0.22296	0.04766	0.02043	0.03787	0.00779	0.00634	0.00207	0.00728	0.00623	0.00524	0.00983
13	0.00887	0.00687	0.00811	0.00825	0.01000	0.00612	0.00617	0.01114	0.01658	0.02162	0.28953	0.15859	0.34819	0.01683	0.00826	0.00237	0.00363	0.05608	0.00676	0.00602
14	0.08357	0.08751	0.09692	0.06862	0.02301	0.08840	0.09205	0.11121	0.04308	0.14897	0.01874	0.01973	0.04871	0.00906	0.02893	0.00234	0.00841	0.00631	0.00501	0.00941
15	0.01638	0.06963	0.17944	0.06201	0.09053	0.01398	0.01471	0.04823	0.08368	0.12212	0.04531	0.10872	0.07472	0.01007	0.00741	0.00222	0.02811	0.00839	0.00514	0.00921
16	0.00998	0.00761	0.00937	0.00998	0.01142	0.00748	0.00739	0.01414	0.10169	0.02120	0.16411	0.36247	0.12786	0.01771	0.00840	0.00260	0.00425	0.09919	0.00664	0.00651
17	0.08054	0.02082	0.06769	0.04523	0.08988	0.12601	0.04127	0.31624	0.07017	0.03119	0.01471	0.01606	0.01103	0.00762	0.00706	0.00209	0.03125	0.00581	0.00517	0.01016
18	0.01757	0.11756	0.24297	0.04772	0.19010	0.06856	0.06403	0.04371	0.06348	0.05992	0.01405	0.01615	0.01072	0.00667	0.00645	0.00203	0.00887	0.00563	0.00381	0.01000
19	0.01686	0.04064	0.06871	0.14427	0.33537	0.05431	0.17540	0.02140	0.01562	0.04256	0.01316	0.01712	0.01036	0.00628	0.00697	0.00211	0.00931	0.00635	0.00347	0.00972
20	0.00990	0.00694	0.00855	0.00875	0.00984	0.00698	0.00628	0.01184	0.01385	0.01972	0.13587	0.21739	0.13119	0.11231	0.10293	0.00394	0.03525	0.01220	0.14044	0.00583
21	0.04361	0.02236	0.09083	0.04717	0.17666	0.20847	0.14315	0.06771	0.03845	0.02241	0.04148	0.01718	0.01234	0.00710	0.00730	0.00208	0.03241	0.00615	0.00390	0.00925
22	0.01653	0.10701	0.28473	0.02352	0.13378	0.03891	0.16753	0.06194	0.05914	0.02275	0.01357	0.01607	0.01033	0.00650	0.00669	0.00209	0.00943	0.00594	0.00360	0.00995
23	0.00891	0.00653	0.00831	0.00920	0.01021	0.00606	0.00660	0.01069	0.01469	0.01944	0.15707	0.41494	0.15013	0.05828	0.00998	0.00284	0.00417	0.08976	0.00643	0.00575
24	0.01432	0.03098	0.56218	0.04004	0.12697	0.01602	0.07121	0.02149	0.01470	0.02168	0.01247	0.01516	0.00910	0.00640	0.00666	0.00216	0.00991	0.00544	0.00300	0.01009
25	0.04690	0.04146	0.02092	0.04309	0.15679	0.10141	0.01404	0.28314	0.11276	0.08632	0.01683	0.01751	0.01249	0.00765	0.00661	0.00205	0.00777	0.00605	0.00561	0.01060
26	0.01365	0.00895	0.01080	0.01041	0.01253	0.00878	0.00777	0.09393	0.05345	0.09989	0.09359	0.32001	0.12726	0.05671	0.00953	0.00271	0.00481	0.05126	0.00665	0.00729
27	0.01083	0.00704	0.00902	0.00965	0.01090	0.00663	0.00687	0.01291	0.03485	0.07904	0.06518	0.46709	0.11428	0.06210	0.03230	0.00312	0.00481	0.05071	0.00639	0.00628
28	0.04577	0.00989	0.03355	0.01049	0.01362	0.00841	0.04466	0.01498	0.03967	0.02208	0.10297	0.23960	0.08371	0.01241	0.00691	0.00202	0.00473	0.01091	0.09775	0.19584
29	0.08577	0.02063	0.12933	0.01537	0.02111	0.04726	0.01397	0.36039	0.14169	0.07009	0.01748	0.01743	0.01257	0.00794	0.00657	0.00211	0.00750	0.00602	0.00598	0.01077
30	0.01751	0.01634	0.02383	0.18434	0.27167	0.06495	0.08363	0.05120	0.14254	0.05145	0.01612	0.01887	0.01240	0.00706	0.00692	0.00215	0.00835	0.00651	0.00433	0.00984
31	0.01777	0.68856	0.05045	0.01190	0.01758	0.02562	0.01180	0.02076	0.04172	0.01678	0.01134	0.03869	0.01059	0.00657	0.00470	0.00156	0.00718	0.00443	0.00321	0.00878
32	0.01703	0.09528	0.20060	0.01767	0.06858	0.03835	0.05236	0.11396	0.20940	0.02601	0.05580	0.02129	0.03746	0.00812	0.00669	0.00211	0.00762	0.00670	0.00499	0.00999
33	0.14460	0.05986	0.05328	0.04184	0.01805	0.04139	0.01091	0.17325	0.12060	0.07835	0.09958	0.02556	0.08629	0.00929	0.00652	0.00211	0.00623	0.00727	0.00587	0.00915
34	0.01255	0.00979	0.01206	0.01123	0.01343	0.03507	0.04380	0.04342	0.09784	0.05001	0.18220	0.23372	0.12886	0.01549	0.00911	0.04984	0.00502	0.03320	0.00633	0.00704
35	0.01906	0.05090	0.01943	0.01575	0.01984	0.18278	0.08433	0.07383	0.29974	0.04622	0.02350	0.06116	0.05473	0.00922	0.00693	0.00215	0.00774	0.00767	0.00558	0.00942
36	0.12114	0.12850	0.08580	0.02046	0.12707	0.05709	0.12316	0.10480	0.03845	0.08705	0.01396	0.01580	0.01062	0.00687	0.00675	0.00205	0.03067	0.00569	0.00438	0.00968
37	0.02127	0.01630	0.01756	0.01448	0.01888	0.01814	0.01158	0.41868	0.22997	0.03582	0.02230	0.10517	0.01830	0.01007	0.00710	0.00222	0.00648	0.00818	0.00682	0.01069
38	0.00959	0.00713	0.00856	0.00906	0.01067	0.00657	0.00672	0.01221	0.04308	0.03667	0.13355	0.30136	0.28320	0.01796	0.00838	0.00254	0.00405	0.08595	0.00657	0.00619
39	0.13657	0.12457	0.34717	0.01901	0.05295	0.03805	0.11778	0.02123	0.01422	0.02202	0.01156	0.01412	0.00884	0.00650	0.00675	0.00210	0.03890	0.00517	0.00323	0.00925
40	0.01964	0.28129	0.15559	0.01589	0.02200	0.12605	0.05338	0.14154	0.08081	0.02343	0.01330	0.01452	0.01045	0.00687	0.00591	0.00187	0.00867	0.00509	0.00409	0.00961
41	0.00880	0.00628	0.00810	0.00919	0.00979	0.00590	0.00623	0.01016	0.01358	0.01816	0.10953	0.53072	0.07095	0.11598	0.01205	0.00321	0.00431	0.04536	0.00619	0.00551
42	0.01290	0.00911	0.01035	0.00967	0.01126	0.00946	0.00669	0.05620	0.14436	0.05089	0.12102	0.09403	0.04978	0.36131	0.02028	0.00432	0.00566	0.01036	0.00572	0.00664
43	0.05639	0.07018	0.01903	0.01694	0.10165	0.16770	0.01205	0.13371	0.06083	0.16911	0.08523	0.02116	0.01776	0.02948	0.00734	0.00212	0.00759	0.00646	0.00567	0.00960
44	0.02197	0.01673	0.01795	0.01473	0.01944	0.01876	0.01185	0.35571	0.34838	0.06556	0.02226	0.02101	0.01622	0.00873	0.00690	0.00218	0.00646	0.00693	0.00697	0.01126
45	0.01110	0.00757	0.00952	0.00990	0.01122	0.00741	0.00699	0.01483	0.09508	0.06437	0.16764	0.44392	0.04323	0.06168	0.00983	0.00279	0.00427	0.01535	0.00665	0.00664
46	0.01604	0.01550	0.02690	0.19018	0.53864	0.01609	0.05607	0.02030	0.01521	0.02129	0.01277	0.01729	0.01045	0.00624	0.00686	0.00210	0.00852	0.00620	0.00332	0.01006
47	0.01885	0.02006	0.01664	0.01645	0.07456	0.27921	0.01164	0.04542	0.24196	0.02314	0.09930	0.02595	0.07901	0.00937	0.00687	0.00206	0.00785	0.00741	0.00541	0.00887
48	0.00837	0.00620	0.00782	0.00898	0.00981	0.00565	0.00614	0.00978	0.01394	0.01825	0.08361	0.58289	0.17314	0.02022	0.00857	0.00265	0.00383	0.01808	0.00642	0.00565
49	0.02598	0.01655	0.01862	0.01446	0.01963	0.01760	0.01188	0.46677	0.06407	0.20919	0.04970	0.02010	0.01572	0.00858	0.00691	0.00209	0.00681	0.00669	0.00728	0.01137
50	0.01424	0.01390	0.01956	0.01699	0.01716	0.01922	0.01407	0.01587	0.01055	0.01638	0.01029	0.01664	0.01012	0.01749	0.12193	0.00411	0.64494	0.00618	0.00309	0.00729
51	0.02556	0.03261	0.01939	0.01763	0.02115	0.73210	0.01322	0.02732	0.01939	0.01674	0.01058	0.01234	0.00881	0.00705	0.00617	0.00176	0.01234	0.00441	0.00353	0.00793
52	0.01615	0.01845	0.04037	0.02884	0.03576	0.01730	0.69204	0.02191	0.01615	0.02191	0.01384	0.01845	0.01038	0.00577	0.00807	0.00231	0.01153	0.00807	0.00346	0.00923
53	0.01985	0.01702	0.02388	0.08700	0.11305	0.01838	0.13695	0.27669	0.17839	0.03104	0.01772	0.01909	0.01318	0.00762	0.00708	0.00218	0.00799	0.00685	0.00548	0.01055
54	0.01194	0.00787	0.01004	0.00928	0.01139	0.00737	0.00712	0.01590	0.05635	0.08966	0.54711	0.04913	0.09688	0.01363	0.00796	0.00221	0.00372	0.03788	0.00746	0.00712
55	0.00834	0.00595	0.00794	0.00953	0.00992	0.00556	0.00635	0.00953	0.01310	0.01746	0.03771	0.75510	0.04525	0.02143	0.00873	0.00278	0.00397	0.01945	0.00635	0.00556
56	0.01372	0.03539	0.72412	0.01950	0.02961	0.01589	0.02528	0.02167	0.01444	0.02167	0.01228	0.01444	0.00867	0.00650	0.00650	0.00217	0.01011	0.00506	0.00289	0.01011
57	0.02394	0.02699	0.01819	0.01625	0.01995	0.51391	0.01236	0.07285	0.12794	0.04955	0.01482	0.01566	0.01158	0.00757	0.00631	0.00188	0.01030	0.00523	0.03600	0.00872
58	0.01693	0.01626	0.02777	0.04199	0.71689	0.01626	0.02100	0.02100	0.01558	0.02235	0.01287	0.01693	0.01084	0.00610	0.00677	0.00203	0.00813	0.00610	0.00339	0.01084
59	0.00866	0.00612	0.00794	0.00916	0.00957	0.00577	0.00602	0.00978	0.01298	0.01740	0.07381	0.60783	0.04328	0.13231	0.01263	0.00332	0.00433	0.01761	0.00609	0.00540
60	0.01581	0.35686	0.38210	0.01597	0.02366	0.02111	0.01872	0.02087	0.01399	0.01892	0.01088	0.01294	0.00873	0.00650	0.00641	0.00190	0.04785	0.00449	0.00291	0.00938
61	0.01829	0.76368	0.03585	0.01171	0.01756	0.02707	0.01171	0.02049	0.01390	0.01610	0.00951	0.01097	0.00878	0.00585	0.00439	0.00146	0.00732	0.00366	0.00293	0.00878
62	0.01831	0.00860	0.01159	0.01054	0.01326	0.00766	0.00799	0.02045	0.01687	0.32679	0.13460	0.32933	0.03577	0.01465	0.00782	0.00240	0.00467	0.01289	0.00745	0.00835
63	0.00938	0.00699	0.01008	0.01106	0.01201	0.00667	0.03702	0.01122	0.01379	0.01827	0.03583	0.53471	0.04168	0.04231	0.00966	0.00297	0.00495	0.17939	0.00615	0.00586
64	0.01693	0.01666	0.02646	0.12314	0.60018	0.05514	0.02034	0.02093	0.01556	0.02147	0.01266	0.01684	0.01052	0.00624	0.00675	0.00205	0.00847	0.00600	0.00335	0.01030
65	0.02556	0.03261	0.01939	0.01763	0.02115	0.73210	0.01322	0.02732	0.01939	0.01674	0.01058	0.01234	0.00881	0.00705	0.00617	0.00176	0.01234	0.00441	0.00353	0.00793
66	0.01615	0.01845	0.04037	0.02884	0.03576	0.01730	0.69204	0.02191	0.01615	0.02191	0.01384	0.01845	0.01038	0.00577	0.00807	0.00231	0.01153	0.00807	0.00346	0.00923
67	0.01146	0.00818	0.01035	0.01044	0.01243	0.00801	0.00836	0.01600	0.08734	0.05215	0.28809	0.09750	0.12176	0.01565	0.00839	0.00254	0.00461	0.22287	0.00692	0.00694
68	0.02494	0.03158	0.01948	0.01764	0.02096	0.69064	0.01332	0.02669	0.01887	0.01673	0.01048	0.01249	0.00882	0.00734	0.00712	0.00183	0.05517	0.00450	0.00349	0.00791
69	0.01865	0.01551	0.01639	0.01425	0.01841	0.01778	0.01122	0.15575	0.58248	0.03125	0.02577	0.02387	0.01921	0.00909	0.00694	0.00227	0.00580	0.00745	0.00694	0.01098
70	0.01829	0.76368	0.03585	0.01171	0.01756	0.02707	0.01171	0.02049	0.01390	0.01610	0.00951	0.01097	0.00878	0.00585	0.00439	0.00146	0.00732	0.00366	0.00293	0.00878
71	0.01491	0.01088	0.01177	0.01073	0.01347	0.04774	0.00826	0.09639	0.08595	0.09998	0.19909	0.14848	0.17682	0.01385	0.00773	0.00229	0.00496	0.03202	0.00683	0.00784
72	0.01611	0.00919	0.01168	0.01104	0.01351	0.00879	0.00850	0.09571	0.01772	0.18916	0.07899	0.33161	0.07164	0.01579	0.00808	0.00251	0.00502	0.09010	0.00698	0.00787
73	0.00928	0.00698	0.00858	0.00818	0.00997	0.00628	0.00614	0.01213	0.01841	0.02517	0.55043	0.05483	0.22881	0.01483	0.00807	0.00219	0.00329	0.01290	0.00723	0.00628
74	0.02556	0.03261	0.01939	0.01763	0.02115	0.73210	0.01322	0.02732	0.01939	0.01674	0.01058	0.01234	0.00881	0.00705	0.00617	0.00176	0.01234	0.00441	0.00353	0.00793
75	0.02306	0.16151	0.08669	0.01660	0.05862	0.14620	0.01392	0.24869	0.04915	0.10874	0.01520	0.01569	0.01127	0.00737	0.00624	0.00192	0.00833	0.00542	0.00517	0.01023
76	0.00856	0.00650	0.00781	0.00874	0.00990	0.00589	0.00621	0.01004	0.01404	0.01785	0.04798	0.41383	0.28230	0.05998	0.00998	0.00285	0.00413	0.07157	0.00623	0.00562
77	0.02244	0.02426	0.01829	0.01721	0.05729	0.40789	0.01250	0.18287	0.02122	0.02344	0.01642	0.13212	0.01541	0.00957	0.00677	0.00201	0.00963	0.00732	0.00476	0.00859
78	0.14618	0.08693	0.32197	0.01671	0.05057	0.03743	0.04154	0.04267	0.03534	0.07132	0.03682	0.01665	0.01194	0.00928	0.04451	0.00255	0.00882	0.00545	0.00399	0.00933
79	0.01383	0.01548	0.09788	0.44782	0.18495	0.01511	0.04597	0.01844	0.01406	0.01891	0.01290	0.01901	0.01034	0.04762	0.00836	0.00245	0.00898	0.00626	0.00317	0.00843
80	0.00860	0.00627	0.00815	0.00947	0.01023	0.00582	0.00664	0.01011	0.01386	0.01825	0.06868	0.59096	0.11902	0.02045	0.00870	0.00273	0.00409	0.07588	0.00639	0.00568
81	0.02051	0.09061	0.16425	0.01771	0.02319	0.34288	0.08146	0.08644	0.01855	0.02078	0.01562	0.01720	0.05627	0.00751	0.00646	0.00194	0.01034	0.00567	0.00384	0.00877
82	0.08965	0.01738	0.02197	0.02388	0.23156	0.09704	0.08315	0.13431	0.08790	0.02577	0.01630	0.06657	0.01403	0.02925	0.00802	0.00228	0.02970	0.00706	0.00463	0.00953
83	0.00862	0.00640	0.00805	0.00889	0.00994	0.00583	0.00625	0.01037	0.01492	0.01973	0.17870	0.45909	0.18474	0.01906	0.00849	0.00257	0.00377	0.03221	0.00659	0.00580
84	0.02330	0.01782	0.01893	0.01659	0.06290	0.08035	0.01273	0.41742	0.06257	0.09032	0.04659	0.02402	0.01687	0.00925	0.00707	0.00215	0.00746	0.06670	0.00645	0.01053
85	0.08969	0.01770	0.04277	0.04440	0.09353	0.08264	0.17107	0.11038	0.16144	0.02649	0.05500	0.02175	0.01611	0.00793	0.00699	0.00219	0.00818	0.02730	0.00497	0.00948
86	0.01740	0.01238	0.01539	0.01425	0.05307	0.03428	0.04693	0.13992	0.08707	0.13120	0.05775	0.16697	0.10016	0.04475	0.00879	0.00252	0.00608	0.04606	0.00637	0.00868
87	0.00922	0.00655	0.00846	0.00941	0.01014	0.00624	0.00664	0.01080	0.01388	0.01858	0.12988	0.40212	0.06351	0.15519	0.01351	0.00344	0.00469	0.11609	0.00610	0.00554
88	0.11603	0.06960	0.04263	0.01759	0.07914	0.16274	0.08730	0.08577	0.01746	0.11008	0.01791	0.09041	0.03408	0.00880	0.00704	0.00211	0.03045	0.00714	0.00481	0.00889
89	0.01922	0.04768	0.09593	0.07482	0.15339	0.25194	0.03504	0.07400	0.03853	0.02106	0.01373	0.05418	0.01180	0.00785	0.00743	0.00204	0.04969	0.00610	0.00387	0.03169
90	0.06720	0.01428	0.01597	0.06377	0.07195	0.10488	0.03867	0.05861	0.09318	0.13418	0.04775	0.15663	0.08191	0.01112	0.00715	0.00224	0.00669	0.00946	0.00576	0.00860
91	0.09319	0.01843	0.01852	0.01581	0.04045	0.16950	0.06600	0.21700	0.04253	0.09883	0.05964	0.06746	0.04445	0.00913	0.00681	0.00209	0.00782	0.00737	0.00567	0.00929
92	0.03915	0.01646	0.05791	0.10929	0.25279	0.07540	0.04323	0.09201	0.03958	0.02270	0.01777	0.06750	0.03600	0.03935	0.00882	0.03139	0.00801	0.02950	0.00424	0.00890
93	0.07017	0.01677	0.01732	0.01708	0.10796	0.13300	0.01193	0.18455	0.04375	0.12324	0.08421	0.07522	0.02013	0.00946	0.00685	0.00209	0.00718	0.02941	0.00584	0.03383
94	0.01821	0.01708	0.01638	0.04418	0.04352	0.19042	0.03215	0.16504	0.01981	0.04573	0.08435	0.13889	0.08616	0.03434	0.00856	0.00231	0.03000	0.00929	0.00543	0.00816

[dist]
# distance from previous block
# <min> <max>
5	39

[block]
# block no. 1 follows, 31 sequences, length 19
# corresponding to MSA columns:
# 362-380
name=unknown_B
#
# <colnr> <probs for GDERKNQSTAVLIFYWHMCP>
#	G	D	E	R	K	N	Q	S	T	A	V	L	I	F	Y	W	H	M	C	P
0	0.05043	0.01691	0.01816	0.11948	0.02284	0.10476	0.01270	0.22206	0.06370	0.12967	0.04452	0.01870	0.01395	0.00825	0.00793	0.00209	0.07029	0.00614	0.00555	0.06187
1	0.01887	0.01431	0.01521	0.01236	0.01663	0.07520	0.00983	0.12173	0.10215	0.13257	0.13339	0.02491	0.04490	0.00890	0.00727	0.00187	0.03767	0.00706	0.00604	0.20913
2	0.01880	0.05069	0.02188	0.01623	0.02133	0.06390	0.12864	0.21646	0.07127	0.02758	0.01604	0.01996	0.01303	0.00931	0.03545	0.00226	0.02926	0.04073	0.00496	0.19220
3	0.04979	0.01624	0.01777	0.01402	0.01901	0.01739	0.01140	0.35528	0.15985	0.06680	0.01784	0.01789	0.01318	0.00794	0.00708	0.00196	0.03657	0.00602	0.00618	0.15778
4	0.07580	0.01289	0.01373	0.01148	0.01534	0.03861	0.00906	0.16525	0.09407	0.07657	0.18613	0.06211	0.07350	0.01028	0.00684	0.00200	0.00538	0.00845	0.00635	0.12617
5	0.01574	0.01452	0.02177	0.30561	0.16144	0.01766	0.01729	0.08627	0.04754	0.02120	0.01259	0.01726	0.01021	0.00836	0.01110	0.00241	0.21050	0.00614	0.00366	0.00873
6	0.01292	0.01216	0.02052	0.74312	0.04712	0.01520	0.01900	0.01748	0.01368	0.01748	0.01216	0.01824	0.00912	0.00684	0.00684	0.00228	0.00912	0.00608	0.00304	0.00760
7	0.80789	0.01323	0.01006	0.00900	0.01323	0.01535	0.00741	0.02011	0.01164	0.03070	0.00953	0.01111	0.00741	0.00635	0.00423	0.00212	0.00529	0.00370	0.00423	0.00741
8	0.01419	0.01216	0.01419	0.01013	0.01621	0.00912	0.00811	0.01723	0.01419	0.02229	0.01216	0.01419	0.01013	0.00507	0.00507	0.00101	0.00507	0.00405	0.00405	0.80139
9	0.80789	0.01323	0.01006	0.00900	0.01323	0.01535	0.00741	0.02011	0.01164	0.03070	0.00953	0.01111	0.00741	0.00635	0.00423	0.00212	0.00529	0.00370	0.00423	0.00741
10	0.01292	0.01216	0.02052	0.74312	0.04712	0.01520	0.01900	0.01748	0.01368	0.01748	0.01216	0.01824	0.00912	0.00684	0.00684	0.00228	0.00912	0.00608	0.00304	0.00760
11	0.01419	0.01216	0.01419	0.01013	0.01621	0.00912	0.00811	0.01723	0.01419	0.02229	0.01216	0.01419	0.01013	0.00507	0.00507	0.00101	0.00507	0.00405	0.00405	0.80139
12	0.01386	0.01276	0.01985	0.43959	0.13704	0.01369	0.01631	0.01793	0.01410	0.01951	0.01226	0.01694	0.00965	0.00625	0.00634	0.00190	0.00787	0.00553	0.00337	0.22526
13	0.01693	0.01626	0.02777	0.04199	0.71689	0.01626	0.02100	0.02100	0.01558	0.02235	0.01287	0.01693	0.01084	0.00610	0.00677	0.00203	0.00813	0.00610	0.00339	0.01084
14	0.01941	0.31485	0.10930	0.01719	0.09040	0.14644	0.01437	0.04586	0.11502	0.04614	0.01386	0.01494	0.01111	0.00683	0.00573	0.00182	0.00829	0.00498	0.00398	0.00949
15	0.14278	0.01687	0.05263	0.14201	0.02614	0.08080	0.13050	0.07016	0.09499	0.12220	0.01699	0.02016	0.01281	0.00765	0.00669	0.00221	0.00818	0.03215	0.00493	0.00915
16	0.02263	0.01979	0.01933	0.04000	0.02125	0.16029	0.04141	0.30819	0.17943	0.06021	0.01823	0.01915	0.01374	0.03565	0.00782	0.00225	0.00813	0.00642	0.00591	0.01020
17	0.13166	0.01356	0.01512	0.01405	0.06757	0.01451	0.01010	0.22737	0.10199	0.05554	0.08809	0.05084	0.02052	0.11138	0.01041	0.00271	0.00614	0.00754	0.00584	0.04504
18	0.09081	0.01132	0.01309	0.05901	0.01602	0.03678	0.03137	0.13282	0.01766	0.02488	0.14455	0.15897	0.09737	0.03725	0.00944	0.05593	0.00570	0.01020	0.00563	0.04121

[dist]
# distance from previous block
# <min> <max>
3	26

[block]
# block no. 2 follows, 31 sequences, length 34
# corresponding to MSA columns:
# 415-448
name=unknown_C
#
# <colnr> <probs for GDERKNQSTAVLIFYWHMCP>
#	G	D	E	R	K	N	Q	S	T	A	V	L	I	F	Y	W	H	M	C	P
0	0.11641	0.01749	0.01900	0.01547	0.02000	0.10744	0.08368	0.27729	0.04034	0.05773	0.05313	0.02512	0.01713	0.00913	0.00691	0.00217	0.00774	0.08748	0.00571	0.03061
1	0.01695	0.07431	0.04974	0.01407	0.01882	0.12231	0.06453	0.04857	0.10033	0.04566	0.05099	0.01927	0.01504	0.01258	0.09753	0.00287	0.00882	0.00590	0.00453	0.22718
2	0.05314	0.01326	0.01519	0.04609	0.07040	0.04081	0.01044	0.22904	0.02157	0.02990	0.24695	0.04922	0.05367	0.04017	0.00821	0.00224	0.00592	0.00868	0.00611	0.04899
3	0.01749	0.01748	0.02583	0.15698	0.47785	0.09205	0.04394	0.04713	0.01632	0.02172	0.01268	0.01670	0.01035	0.00639	0.00677	0.00206	0.00884	0.00599	0.00348	0.00995
4	0.01417	0.10305	0.05046	0.01138	0.04156	0.03263	0.00915	0.01779	0.04897	0.10688	0.25878	0.04110	0.21352	0.01208	0.00724	0.00210	0.00503	0.01010	0.00622	0.00780
5	0.02011	0.01643	0.02191	0.01958	0.10536	0.01747	0.09847	0.34745	0.06298	0.03240	0.04537	0.05826	0.01652	0.00898	0.00775	0.00216	0.03607	0.03021	0.00571	0.04679
6	0.00834	0.00595	0.00794	0.00953	0.00992	0.00556	0.00635	0.00953	0.01310	0.01746	0.03771	0.75510	0.04525	0.02143	0.00873	0.00278	0.00397	0.01945	0.00635	0.00556
7	0.01419	0.01216	0.01419	0.01013	0.01621	0.00912	0.00811	0.01723	0.01419	0.02229	0.01216	0.01419	0.01013	0.00507	0.00507	0.00101	0.00507	0.00405	0.00405	0.80139
8	0.01602	0.10518	0.01669	0.01279	0.01582	0.05206	0.01010	0.08183	0.28599	0.02348	0.02385	0.11413	0.02203	0.10157	0.01103	0.00282	0.03927	0.05109	0.00565	0.00863
9	0.40400	0.04619	0.01478	0.01158	0.01628	0.10570	0.00944	0.12172	0.01669	0.08432	0.01239	0.01339	0.00936	0.00671	0.00518	0.00190	0.00661	0.00445	0.00480	0.10451
10	0.04969	0.05670	0.04155	0.01485	0.01903	0.30767	0.01197	0.12103	0.10440	0.10031	0.08963	0.01979	0.01742	0.00828	0.00650	0.00196	0.00859	0.00614	0.00535	0.00915
11	0.01095	0.09860	0.01211	0.00874	0.01110	0.00891	0.00693	0.01374	0.01796	0.04234	0.48209	0.04846	0.18591	0.01352	0.00760	0.00210	0.00384	0.01159	0.00676	0.00674
12	0.15481	0.01900	0.02739	0.02263	0.07771	0.12896	0.30365	0.02238	0.04693	0.02231	0.01257	0.01602	0.00997	0.00701	0.00870	0.00225	0.09898	0.00633	0.00370	0.00869
13	0.01031	0.00847	0.00928	0.00903	0.01131	0.00826	0.00676	0.01599	0.16157	0.02225	0.18260	0.13227	0.36545	0.01544	0.00792	0.00233	0.00389	0.01319	0.00671	0.00695
14	0.02196	0.01589	0.01775	0.01333	0.01901	0.01571	0.01091	0.38304	0.02433	0.09328	0.01572	0.01617	0.01152	0.00705	0.00618	0.00167	0.00646	0.00543	0.00593	0.30866
15	0.01624	0.01555	0.02651	0.16353	0.60079	0.01607	0.02065	0.02039	0.01525	0.02151	0.01275	0.01716	0.01054	0.00622	0.00678	0.00207	0.00830	0.00609	0.00333	0.01028
16	0.02634	0.01863	0.02020	0.01549	0.02095	0.02042	0.01279	0.64719	0.03127	0.09127	0.01718	0.01691	0.01201	0.00823	0.00685	0.00206	0.00741	0.00621	0.00696	0.01164
17	0.01564	0.01493	0.02543	0.26869	0.50033	0.01591	0.02035	0.01986	0.01496	0.02078	0.01264	0.01736	0.01028	0.00634	0.00679	0.00211	0.00845	0.00609	0.00327	0.00979
18	0.01332	0.01257	0.02124	0.67354	0.11359	0.01530	0.01920	0.01783	0.01387	0.01796	0.01223	0.01811	0.00929	0.00677	0.00683	0.00226	0.00902	0.00608	0.00307	0.00792
19	0.01052	0.00835	0.01256	0.01219	0.01343	0.00958	0.03369	0.01288	0.01183	0.01672	0.02115	0.08848	0.02136	0.07102	0.46778	0.00818	0.08044	0.08945	0.00415	0.00624
20	0.00995	0.00663	0.00746	0.00746	0.00746	0.00663	0.00415	0.00995	0.00995	0.01327	0.02156	0.04477	0.02487	0.75957	0.03482	0.00663	0.00663	0.00995	0.00415	0.00415
21	0.01385	0.01357	0.01514	0.01317	0.01617	0.11414	0.09186	0.01993	0.15889	0.02242	0.17887	0.09328	0.17262	0.03492	0.00843	0.00237	0.00622	0.01064	0.00590	0.00763
22	0.01792	0.62691	0.10742	0.01302	0.01898	0.05101	0.01334	0.02068	0.01400	0.01673	0.00982	0.01157	0.00878	0.00624	0.00548	0.00162	0.04076	0.00394	0.00295	0.00883
23	0.01419	0.01216	0.01419	0.01013	0.01621	0.00912	0.00811	0.01723	0.01419	0.02229	0.01216	0.01419	0.01013	0.00507	0.00507	0.00101	0.00507	0.00405	0.00405	0.80139
24	0.04963	0.07630	0.11778	0.01517	0.03790	0.10735	0.01322	0.22684	0.04554	0.04541	0.02059	0.12377	0.04072	0.01022	0.00685	0.00216	0.00760	0.03840	0.00531	0.00922
25	0.04530	0.04088	0.05249	0.04699	0.10641	0.01549	0.09836	0.10948	0.16731	0.12381	0.07960	0.02224	0.01823	0.00804	0.00688	0.00212	0.00705	0.00709	0.00567	0.03656
26	0.01850	0.08593	0.20361	0.02143	0.17864	0.08632	0.01694	0.12603	0.01820	0.06608	0.01702	0.04248	0.04399	0.00774	0.00652	0.00200	0.00828	0.00627	0.00434	0.03969
27	0.01671	0.08489	0.08706	0.01667	0.07660	0.06077	0.07079	0.15198	0.01865	0.02504	0.06749	0.11007	0.04567	0.00928	0.00674	0.00196	0.00719	0.00794	0.00487	0.12962
28	0.01775	0.20386	0.13890	0.01545	0.03819	0.07438	0.03837	0.12681	0.10570	0.02377	0.01678	0.09154	0.01470	0.00842	0.00627	0.00196	0.00765	0.00673	0.00455	0.05823
29	0.05589	0.04076	0.07189	0.01785	0.10729	0.09885	0.03615	0.16317	0.01942	0.13109	0.03615	0.01811	0.01326	0.01051	0.06034	0.00258	0.00854	0.00589	0.00510	0.09716
30	0.01766	0.09931	0.08231	0.01738	0.10603	0.06678	0.01329	0.18722	0.07274	0.02640	0.08360	0.09929	0.04622	0.00998	0.00754	0.00213	0.03958	0.00806	0.00523	0.00924
31	0.05195	0.01624	0.11522	0.01484	0.05494	0.04009	0.03383	0.16302	0.01937	0.07211	0.12888	0.12697	0.05641	0.01061	0.00708	0.00213	0.00650	0.00898	0.00567	0.06517
32	0.06199	0.01657	0.08418	0.04894	0.04553	0.06746	0.05661	0.11971	0.10322	0.05931	0.06877	0.12649	0.02056	0.00974	0.00690	0.00213	0.00698	0.00831	0.00536	0.08125
33	0.04862	0.04855	0.05318	0.01467	0.05461	0.04298	0.01163	0.18482	0.10751	0.07802	0.08387	0.06394	0.04255	0.00937	0.00738	0.00205	0.03936	0.00745	0.00574	0.09371

[dist]
# distance from previous block
# <min> <max>
0	94

[block]
# block no. 3 follows, 31 sequences, length 21
# corresponding to MSA columns:
# 543-563
name=unknown_D
#
# <colnr> <probs for GDERKNQSTAVLIFYWHMCP>
#	G	D	E	R	K	N	Q	S	T	A	V	L	I	F	Y	W	H	M	C	P
0	0.05792	0.01693	0.06924	0.06103	0.06629	0.07813	0.01242	0.07839	0.20410	0.05350	0.01964	0.04130	0.03545	0.00799	0.00638	0.00194	0.00680	0.00646	0.00515	0.17093
1	0.04659	0.01471	0.06506	0.01567	0.09630	0.03420	0.01168	0.15318	0.07215	0.09185	0.20465	0.05194	0.04485	0.00986	0.00702	0.00207	0.00601	0.00829	0.00612	0.05780
2	0.06284	0.09546	0.06950	0.06333	0.11838	0.03771	0.01372	0.14400	0.10369	0.14623	0.06351	0.02008	0.01610	0.00788	0.00649	0.00206	0.00706	0.00635	0.00553	0.01008
3	0.01799	0.03583	0.02084	0.06134	0.02235	0.06953	0.15067	0.06169	0.03582	0.12534	0.03983	0.05663	0.03845	0.00836	0.00685	0.00195	0.00746	0.03842	0.00508	0.19558
4	0.11867	0.11217	0.06917	0.06441	0.02033	0.12702	0.04289	0.04379	0.04798	0.08502	0.05065	0.04517	0.01493	0.03044	0.00691	0.00205	0.00753	0.00608	0.00456	0.10024
5	0.08192	0.04482	0.06245	0.01507	0.06173	0.09990	0.01181	0.15794	0.07993	0.08021	0.05901	0.09426	0.01825	0.00907	0.00653	0.00200	0.00692	0.00729	0.00545	0.09547
6	0.01859	0.01357	0.04755	0.01263	0.01711	0.03258	0.03225	0.09507	0.10351	0.18430	0.06820	0.09612	0.06982	0.01025	0.00698	0.00205	0.00591	0.02951	0.00630	0.14769
7	0.04706	0.01268	0.01489	0.01220	0.01611	0.06477	0.06866	0.01866	0.06348	0.07758	0.07340	0.06595	0.18798	0.01055	0.00758	0.00197	0.04074	0.00878	0.00536	0.20160
8	0.05062	0.01628	0.11359	0.06664	0.06473	0.03530	0.08005	0.01915	0.05265	0.02249	0.08248	0.02225	0.05965	0.00765	0.00679	0.00183	0.02529	0.00653	0.00432	0.26169
9	0.01406	0.01150	0.01470	0.04387	0.10456	0.01016	0.00989	0.06359	0.01612	0.04246	0.05985	0.09851	0.12081	0.00949	0.00650	0.00172	0.00537	0.00812	0.00499	0.35372
10	0.01630	0.01494	0.02371	0.03310	0.51529	0.01477	0.01750	0.06173	0.01615	0.02302	0.01599	0.01954	0.04358	0.00979	0.05730	0.00256	0.00825	0.00635	0.00383	0.09628
11	0.01449	0.01376	0.02336	0.46879	0.30918	0.01561	0.01978	0.01886	0.01442	0.01939	0.01244	0.01773	0.00979	0.00655	0.00681	0.00218	0.00873	0.00609	0.00318	0.00887
12	0.14727	0.01373	0.02123	0.38214	0.26897	0.01558	0.01774	0.01911	0.01398	0.02135	0.01196	0.01660	0.00942	0.00651	0.00638	0.00217	0.00814	0.00569	0.00336	0.00867
13	0.01313	0.01216	0.01946	0.62050	0.04195	0.01418	0.01718	0.01744	0.01376	0.01829	0.01216	0.01756	0.00929	0.00654	0.00654	0.00207	0.00844	0.00574	0.00321	0.14039
14	0.80789	0.01323	0.01006	0.00900	0.01323	0.01535	0.00741	0.02011	0.01164	0.03070	0.00953	0.01111	0.00741	0.00635	0.00423	0.00212	0.00529	0.00370	0.00423	0.00741
15	0.01292	0.01216	0.02052	0.74312	0.04712	0.01520	0.01900	0.01748	0.01368	0.01748	0.01216	0.01824	0.00912	0.00684	0.00684	0.00228	0.00912	0.00608	0.00304	0.00760
16	0.01419	0.01216	0.01419	0.01013	0.01621	0.00912	0.00811	0.01723	0.01419	0.02229	0.01216	0.01419	0.01013	0.00507	0.00507	0.00101	0.00507	0.00405	0.00405	0.80139
17	0.01579	0.01311	0.01505	0.01089	0.01689	0.01076	0.00877	0.10897	0.01662	0.02512	0.01274	0.01449	0.01034	0.00549	0.00531	0.00115	0.00540	0.00434	0.00443	0.69434
18	0.01665	0.01597	0.02726	0.09093	0.67014	0.01618	0.02086	0.02075	0.01545	0.02201	0.01282	0.01702	0.01072	0.00615	0.00678	0.00205	0.00820	0.00609	0.00336	0.01061
19	0.01629	0.01659	0.02458	0.20601	0.39245	0.09324	0.06029	0.02019	0.01557	0.02029	0.01605	0.01992	0.05434	0.00706	0.00689	0.00210	0.00874	0.00655	0.00351	0.00932
20	0.01581	0.01434	0.02192	0.48312	0.19754	0.04929	0.01852	0.04781	0.01543	0.05238	0.01312	0.01782	0.00997	0.00681	0.00679	0.00218	0.00882	0.00605	0.00355	0.00872

[dist]
# distance from previous block
# <min> <max>
3	4

[block]
# block no. 4 follows, 31 sequences, length 15
# corresponding to MSA columns:
# 569-583
name=unknown_E
#
# <colnr> <probs for GDERKNQSTAVLIFYWHMCP>
#	G	D	E	R	K	N	Q	S	T	A	V	L	I	F	Y	W	H	M	C	P
0	0.01970	0.01797	0.10852	0.05776	0.02146	0.04914	0.01337	0.08982	0.37473	0.13802	0.02296	0.02189	0.01661	0.00845	0.00683	0.00222	0.00681	0.00686	0.00627	0.01061
1	0.01345	0.01031	0.01653	0.10940	0.06124	0.01006	0.09568	0.01701	0.01699	0.08623	0.27325	0.07326	0.05653	0.01180	0.00782	0.00229	0.00604	0.09067	0.00592	0.03552
2	0.03821	0.01048	0.01211	0.03675	0.05994	0.04229	0.00879	0.03987	0.01636	0.12515	0.06947	0.13196	0.31960	0.01392	0.00827	0.00231	0.03941	0.01155	0.00608	0.00748
3	0.01795	0.05638	0.01828	0.01463	0.05048	0.01245	0.09807	0.07764	0.08442	0.18701	0.10302	0.06575	0.16261	0.01086	0.00734	0.00219	0.00603	0.00950	0.00635	0.00904
4	0.04759	0.02125	0.02018	0.01809	0.08265	0.22864	0.03948	0.25252	0.04098	0.09424	0.01501	0.01588	0.01117	0.00731	0.00646	0.00190	0.00867	0.00557	0.00526	0.07713
5	0.07077	0.03835	0.05714	0.01482	0.04556	0.04780	0.03630	0.13694	0.08983	0.16676	0.05006	0.02521	0.04208	0.04447	0.00878	0.00236	0.04016	0.03697	0.00584	0.03981
6	0.05628	0.08471	0.04802	0.01699	0.04807	0.09036	0.09689	0.21349	0.10170	0.05985	0.01561	0.01660	0.01176	0.00711	0.00638	0.00192	0.00789	0.00581	0.00510	0.10547
7	0.07881	0.11761	0.10391	0.03910	0.05196	0.09019	0.01309	0.14054	0.01795	0.06570	0.03648	0.06944	0.01454	0.01008	0.03703	0.00234	0.02756	0.00638	0.00464	0.07265
8	0.01816	0.04992	0.05175	0.06251	0.07523	0.08126	0.05657	0.04490	0.06472	0.15070	0.17101	0.02659	0.04246	0.00889	0.00691	0.00202	0.00683	0.00761	0.00566	0.06630
9	0.07302	0.05265	0.06949	0.01536	0.06912	0.08038	0.01225	0.18232	0.04277	0.14946	0.02216	0.02287	0.08324	0.00855	0.00651	0.00199	0.00704	0.01995	0.00564	0.07524
10	0.01934	0.13733	0.14841	0.01859	0.05556	0.13401	0.13424	0.04801	0.04799	0.09415	0.01425	0.01585	0.01078	0.00659	0.00634	0.00189	0.00895	0.00557	0.00415	0.08800
11	0.04662	0.09356	0.11868	0.05100	0.10776	0.04319	0.01450	0.06775	0.05728	0.17758	0.01800	0.01887	0.03537	0.00783	0.00759	0.00206	0.06479	0.00598	0.00496	0.05663
12	0.05520	0.10819	0.12666	0.01442	0.04746	0.01508	0.01278	0.10865	0.06601	0.16638	0.08485	0.06629	0.05160	0.00949	0.00726	0.00213	0.03482	0.00756	0.00569	0.00950
13	0.07515	0.26268	0.07789	0.01643	0.07577	0.04431	0.05639	0.09213	0.01670	0.06704	0.04633	0.04542	0.01504	0.00823	0.00684	0.00201	0.04141	0.03682	0.00437	0.00904
14	0.16705	0.01818	0.13463	0.01597	0.07585	0.06298	0.04493	0.02320	0.08855	0.10388	0.01765	0.03254	0.03753	0.00741	0.00610	0.00196	0.00705	0.00593	0.00472	0.14389

[dist]
# distance from previous block
# <min> <max>
57	184

[block]
# block no. 5 follows, 31 sequences, length 63
# corresponding to MSA columns:
# 842-860,866-874,876-880,898-927
name=unknown_F
#
# <colnr> <probs for GDERKNQSTAVLIFYWHMCP>
#	G	D	E	R	K	N	Q	S	T	A	V	L	I	F	Y	W	H	M	C	P
0	0.02104	0.11380	0.03710	0.01579	0.06015	0.14100	0.04757	0.10702	0.01869	0.17190	0.05048	0.09274	0.01765	0.01029	0.02951	0.00227	0.00797	0.00733	0.00539	0.04231
1	0.05357	0.14271	0.13630	0.01505	0.06331	0.04937	0.01330	0.05487	0.01668	0.20937	0.01576	0.01619	0.01142	0.00670	0.00588	0.00177	0.00714	0.00514	0.00492	0.17054
2	0.08990	0.01299	0.01304	0.01196	0.01498	0.08248	0.00937	0.11426	0.08341	0.06711	0.11387	0.16711	0.04703	0.01268	0.00734	0.00230	0.00591	0.09350	0.00617	0.04461
3	0.01955	0.02011	0.09026	0.03943	0.04092	0.13117	0.01368	0.16018	0.21805	0.04545	0.03488	0.01906	0.01461	0.00829	0.00782	0.00211	0.06321	0.00625	0.00532	0.05965
4	0.01876	0.08538	0.04918	0.01574	0.06039	0.05336	0.04320	0.19583	0.09952	0.07434	0.04004	0.12200	0.03553	0.01010	0.00695	0.00212	0.00688	0.02757	0.00569	0.04743
5	0.01991	0.08066	0.21691	0.01702	0.02326	0.04843	0.09717	0.13335	0.01862	0.16079	0.03432	0.05652	0.01431	0.00825	0.00746	0.00215	0.03914	0.00679	0.00503	0.00991
6	0.06179	0.08258	0.01950	0.12831	0.08886	0.01363	0.08462	0.01928	0.08297	0.05070	0.04086	0.12168	0.05776	0.01116	0.00731	0.00236	0.00688	0.10666	0.00497	0.00810
7	0.02134	0.02089	0.06095	0.01686	0.06348	0.19454	0.01314	0.22369	0.14823	0.05768	0.04058	0.02243	0.05048	0.00881	0.00684	0.00208	0.00809	0.02442	0.00563	0.00983
8	0.01486	0.06128	0.02285	0.40250	0.24421	0.05341	0.01807	0.01877	0.01453	0.01883	0.01367	0.06175	0.01179	0.00745	0.00675	0.00216	0.00856	0.00666	0.00336	0.00855
9	0.01497	0.01543	0.03056	0.12983	0.14730	0.01526	0.37110	0.01984	0.01564	0.02112	0.01717	0.02795	0.01511	0.00816	0.00791	0.00240	0.00975	0.11787	0.00386	0.00878
10	0.01621	0.01966	0.07355	0.02666	0.03333	0.05955	0.58457	0.02167	0.01623	0.02143	0.01612	0.02006	0.04266	0.00642	0.00788	0.00227	0.01114	0.00799	0.00357	0.00904
11	0.01447	0.01532	0.06634	0.26574	0.23818	0.01507	0.12103	0.01988	0.05805	0.02058	0.01691	0.07052	0.03178	0.00788	0.00716	0.00224	0.00851	0.00758	0.00376	0.00897
12	0.01438	0.06760	0.58638	0.02174	0.09226	0.01654	0.06421	0.02156	0.01462	0.02148	0.01229	0.01475	0.00897	0.00639	0.00652	0.00213	0.00988	0.00526	0.00297	0.01006
13	0.00834	0.00595	0.00794	0.00953	0.00992	0.00556	0.00635	0.00953	0.01310	0.01746	0.03771	0.75510	0.04525	0.02143	0.00873	0.00278	0.00397	0.01945	0.00635	0.00556
14	0.01588	0.38012	0.39834	0.01581	0.02391	0.02118	0.01885	0.02111	0.01419	0.01903	0.01097	0.01280	0.00872	0.00619	0.00550	0.00183	0.00879	0.00439	0.00291	0.00948
15	0.01522	0.01433	0.02381	0.29211	0.41033	0.01554	0.01934	0.02016	0.04799	0.02081	0.01438	0.02052	0.01198	0.00709	0.00693	0.00219	0.00827	0.03597	0.00356	0.00947
16	0.01241	0.01144	0.01929	0.48080	0.10046	0.01324	0.04740	0.01623	0.01384	0.01813	0.01802	0.18313	0.01743	0.00999	0.00731	0.00237	0.00799	0.00917	0.00383	0.00752
17	0.01292	0.01216	0.02052	0.74312	0.04712	0.01520	0.01900	0.01748	0.01368	0.01748	0.01216	0.01824	0.00912	0.00684	0.00684	0.00228	0.00912	0.00608	0.00304	0.00760
18	0.01872	0.72019	0.03487	0.01206	0.01777	0.06902	0.01180	0.02089	0.01423	0.01613	0.00957	0.01106	0.00878	0.00592	0.00450	0.00148	0.00762	0.00370	0.00296	0.00873
19	0.02038	0.12380	0.14788	0.01386	0.02036	0.01624	0.01333	0.20134	0.01982	0.13493	0.01524	0.01578	0.01113	0.00680	0.00599	0.00173	0.00707	0.00518	0.00511	0.21403
20	0.01292	0.01216	0.02052	0.74312	0.04712	0.01520	0.01900	0.01748	0.01368	0.01748	0.01216	0.01824	0.00912	0.00684	0.00684	0.00228	0.00912	0.00608	0.00304	0.00760
21	0.01372	0.03539	0.72412	0.01950	0.02961	0.01589	0.02528	0.02167	0.01444	0.02167	0.01228	0.01444	0.00867	0.00650	0.00650	0.00217	0.01011	0.00506	0.00289	0.01011
22	0.01614	0.01591	0.02849	0.15684	0.50120	0.01624	0.12318	0.02055	0.01535	0.02147	0.01290	0.01738	0.01048	0.00617	0.00698	0.00212	0.00881	0.00640	0.00334	0.01005
23	0.01102	0.00787	0.01102	0.01260	0.01417	0.00787	0.01102	0.01417	0.01575	0.02047	0.03622	0.07717	0.03937	0.01890	0.00945	0.00315	0.00630	0.67084	0.00630	0.00630
24	0.00834	0.00595	0.00794	0.00953	0.00992	0.00556	0.00635	0.00953	0.01310	0.01746	0.03771	0.75510	0.04525	0.02143	0.00873	0.00278	0.00397	0.01945	0.00635	0.00556
25	0.00968	0.00699	0.00914	0.00861	0.01022	0.00646	0.00646	0.01291	0.01937	0.02743	0.71328	0.05110	0.06455	0.01399	0.00807	0.00215	0.00323	0.01237	0.00753	0.00646
26	0.02463	0.02344	0.01943	0.01618	0.02073	0.27856	0.01279	0.36328	0.11840	0.03159	0.01585	0.01617	0.01186	0.00794	0.00661	0.00198	0.00899	0.00574	0.00566	0.01018
27	0.01016	0.00725	0.01003	0.01161	0.01280	0.00713	0.00952	0.01267	0.01489	0.01950	0.03670	0.29601	0.04127	0.01972	0.00922	0.00303	0.00555	0.46057	0.00632	0.00606
28	0.01693	0.01626	0.02777	0.04199	0.71689	0.01626	0.02100	0.02100	0.01558	0.02235	0.01287	0.01693	0.01084	0.00610	0.00677	0.00203	0.00813	0.00610	0.00339	0.01084
29	0.00977	0.00733	0.01100	0.01100	0.01222	0.00855	0.00855	0.01222	0.01100	0.01588	0.01833	0.02688	0.01710	0.05131	0.73245	0.01100	0.01833	0.00733	0.00367	0.00611
30	0.02574	0.02715	0.01985	0.01686	0.02118	0.44368	0.01313	0.29784	0.02457	0.02744	0.01295	0.01400	0.00996	0.00752	0.00644	0.00188	0.01039	0.00512	0.00487	0.00943
31	0.01829	0.76368	0.03585	0.01171	0.01756	0.02707	0.01171	0.02049	0.01390	0.01610	0.00951	0.01097	0.00878	0.00585	0.00439	0.00146	0.00732	0.00366	0.00293	0.00878
32	0.01292	0.01216	0.02052	0.74312	0.04712	0.01520	0.01900	0.01748	0.01368	0.01748	0.01216	0.01824	0.00912	0.00684	0.00684	0.00228	0.00912	0.00608	0.00304	0.00760
33	0.01928	0.33407	0.18848	0.01629	0.02249	0.23418	0.05650	0.02288	0.01580	0.01791	0.01072	0.01263	0.00886	0.00635	0.00563	0.00176	0.00971	0.00447	0.00313	0.00886
34	0.01622	0.01470	0.02360	0.13211	0.46600	0.01523	0.01803	0.08010	0.01732	0.02424	0.10775	0.02169	0.01793	0.00746	0.00696	0.00208	0.00755	0.00695	0.00421	0.00987
35	0.02742	0.01237	0.01578	0.01259	0.01754	0.01172	0.01024	0.03406	0.18372	0.55556	0.02720	0.02382	0.01788	0.00866	0.00690	0.00217	0.00572	0.00708	0.00811	0.01145
36	0.01639	0.01570	0.02679	0.13675	0.62637	0.01611	0.02073	0.02052	0.01532	0.02169	0.01277	0.01711	0.01060	0.00620	0.00678	0.00207	0.00826	0.00609	0.00334	0.01040
37	0.02349	0.01948	0.01853	0.01493	0.01944	0.13647	0.01198	0.47948	0.02751	0.03538	0.07078	0.02008	0.03577	0.00945	0.00778	0.03887	0.00780	0.00658	0.00616	0.01005
38	0.00995	0.00663	0.00746	0.00746	0.00746	0.00663	0.00415	0.00995	0.00995	0.01327	0.02156	0.04477	0.02487	0.75957	0.03482	0.00663	0.00663	0.00995	0.00415	0.00415
39	0.01067	0.00776	0.01054	0.01192	0.01359	0.00762	0.01033	0.01365	0.01573	0.02024	0.04017	0.07582	0.11997	0.01871	0.00929	0.00305	0.00596	0.59244	0.00631	0.00624
40	0.01434	0.10197	0.61869	0.02011	0.06938	0.01695	0.02376	0.02152	0.01446	0.02119	0.01206	0.01427	0.00881	0.00642	0.00632	0.00209	0.00973	0.00499	0.00292	0.01003
41	0.02362	0.01738	0.01883	0.01490	0.01969	0.01910	0.01210	0.60156	0.02959	0.03965	0.01930	0.11626	0.01618	0.01000	0.00710	0.00215	0.00705	0.00796	0.00678	0.01081
42	0.02500	0.03168	0.01947	0.01764	0.02098	0.69467	0.01331	0.02675	0.01892	0.01673	0.01049	0.01248	0.00882	0.00731	0.00703	0.00183	0.05100	0.00449	0.00350	0.00791
43	0.01672	0.01622	0.02822	0.07045	0.64843	0.01627	0.06084	0.02090	0.01553	0.02212	0.01290	0.01708	0.01074	0.00611	0.00685	0.00206	0.00837	0.00621	0.00338	0.01061
44	0.01726	0.28019	0.14180	0.02566	0.27697	0.05535	0.07048	0.02131	0.01505	0.01976	0.01157	0.01436	0.00964	0.00610	0.00597	0.00186	0.00863	0.00515	0.00316	0.00974
45	0.00835	0.00609	0.00787	0.00921	0.00986	0.00561	0.00623	0.00967	0.01357	0.01789	0.06273	0.65755	0.11871	0.02075	0.00864	0.00271	0.00389	0.01868	0.00639	0.00561
46	0.00855	0.00605	0.00787	0.00925	0.00959	0.00570	0.00605	0.00958	0.01267	0.01690	0.03552	0.65910	0.04249	0.12119	0.01226	0.00330	0.00433	0.01817	0.00605	0.00537
47	0.01490	0.01460	0.02413	0.10395	0.26588	0.05144	0.15664	0.01890	0.01585	0.02121	0.06212	0.06399	0.02046	0.00962	0.00766	0.00234	0.00834	0.12499	0.00428	0.00868
48	0.03070	0.01164	0.01588	0.01217	0.01746	0.01006	0.01006	0.03334	0.01958	0.72163	0.02699	0.02329	0.01694	0.00847	0.00688	0.00212	0.00582	0.00688	0.00847	0.01164
49	0.01069	0.00764	0.01065	0.01222	0.01365	0.00759	0.01045	0.01360	0.01542	0.02010	0.03641	0.16038	0.04009	0.01921	0.00936	0.00310	0.00601	0.59089	0.00631	0.00621
50	0.01535	0.01464	0.02491	0.31817	0.45306	0.01584	0.02021	0.01961	0.01483	0.02043	0.01259	0.01745	0.01016	0.00639	0.00680	0.00213	0.00852	0.00609	0.00325	0.00956
51	0.01435	0.13360	0.49002	0.01904	0.02751	0.01700	0.11230	0.02077	0.01451	0.02065	0.01370	0.06100	0.01121	0.00725	0.00656	0.00213	0.00952	0.00617	0.00319	0.00952
