[name]
unknown

[dist]
# distance from previous block
# <min> <max>
0	9

[block]
# block no. 0 follows, 34 sequences, length 35
# corresponding to MSA columns:
# 9-43
name=unknown_A
#
# <colnr> <probs for GDERKNQSTAVLIFYWHMCP>
#	G	D	E	R	K	N	Q	S	T	A	V	L	I	F	Y	W	H	M	C	P
0	0.01122	0.00853	0.01101	0.01251	0.07949	0.00855	0.00817	0.09395	0.03342	0.02028	0.06183	0.38729	0.07109	0.10230	0.01061	0.00285	0.00493	0.05987	0.00561	0.00647
1	0.03529	0.09566	0.15772	0.06341	0.02030	0.13799	0.01317	0.11283	0.07190	0.07073	0.04539	0.04950	0.06190	0.02811	0.00689	0.00206	0.00756	0.00653	0.00457	0.00849
2	0.01024	0.00689	0.00776	0.00759	0.00818	0.00687	0.00465	0.01164	0.05341	0.03701	0.04083	0.06103	0.07812	0.60826	0.02733	0.00538	0.00580	0.00979	0.00449	0.00472
3	0.00923	0.00692	0.01038	0.01038	0.01154	0.00808	0.00808	0.01154	0.01038	0.01500	0.01731	0.02538	0.01615	0.04846	0.74732	0.01038	0.01731	0.00692	0.00346	0.00577
4	0.01582	0.01625	0.02833	0.15922	0.28325	0.05148	0.25965	0.05171	0.01538	0.02068	0.01232	0.01644	0.00970	0.00603	0.00714	0.00206	0.02591	0.00633	0.00331	0.00899
5	0.01594	0.01512	0.02095	0.29848	0.28631	0.09970	0.01675	0.02020	0.04890	0.05573	0.01362	0.03812	0.01106	0.00692	0.00676	0.00203	0.02520	0.00604	0.00358	0.00861
6	0.01398	0.01411	0.01829	0.01590	0.01660	0.07632	0.03338	0.01571	0.01084	0.01561	0.01054	0.01633	0.01008	0.01835	0.16803	0.00426	0.52592	0.00585	0.00301	0.00689
7	0.01220	0.01148	0.01938	0.75739	0.04450	0.01436	0.01794	0.01651	0.01292	0.01651	0.01148	0.01723	0.00861	0.00646	0.00646	0.00215	0.00861	0.00574	0.00287	0.00718
8	0.00917	0.00732	0.01089	0.01135	0.04640	0.00681	0.05736	0.01136	0.01467	0.01995	0.24492	0.40339	0.09936	0.01603	0.00787	0.00234	0.00421	0.01458	0.00600	0.00601
9	0.09453	0.01814	0.01759	0.26304	0.02706	0.22765	0.01339	0.12727	0.01769	0.11416	0.01324	0.01534	0.00969	0.00687	0.00605	0.00194	0.00853	0.00518	0.00432	0.00833
10	0.00767	0.00641	0.00669	0.00692	0.00882	0.00542	0.00507	0.00923	0.01437	0.01731	0.06095	0.16877	0.62631	0.01695	0.00773	0.00225	0.00334	0.01435	0.00600	0.00542
11	0.00787	0.00562	0.00750	0.00900	0.00937	0.00525	0.00600	0.00900	0.01237	0.01649	0.03561	0.76871	0.04274	0.02024	0.00825	0.00262	0.00375	0.01837	0.00600	0.00525
12	0.01362	0.01303	0.02239	0.48321	0.28383	0.01477	0.04150	0.01780	0.01362	0.01825	0.01177	0.01680	0.00922	0.00618	0.00648	0.00207	0.00836	0.00581	0.00300	0.00829
13	0.06200	0.01376	0.01512	0.01259	0.01666	0.01486	0.01006	0.26976	0.22725	0.14896	0.02383	0.09218	0.04499	0.00952	0.00659	0.00210	0.00568	0.00774	0.00656	0.00980
14	0.02332	0.01748	0.01869	0.01461	0.01956	0.01946	0.01198	0.61179	0.13169	0.03871	0.01710	0.01677	0.01227	0.00790	0.00648	0.00198	0.00682	0.00604	0.00648	0.01088
15	0.00986	0.00721	0.01020	0.01012	0.01144	0.00831	0.00785	0.01309	0.04864	0.01651	0.01815	0.02519	0.01638	0.04245	0.63722	0.00910	0.01530	0.00686	0.08010	0.00603
16	0.00820	0.00624	0.00755	0.00791	0.00925	0.00559	0.00567	0.01011	0.01504	0.01982	0.26723	0.30538	0.27518	0.01671	0.00785	0.00229	0.00337	0.01467	0.00636	0.00559
17	0.01067	0.00669	0.00846	0.00858	0.01016	0.00600	0.00621	0.01251	0.01496	0.10624	0.19788	0.36446	0.18996	0.01634	0.00776	0.00232	0.00370	0.01441	0.00649	0.00618
18	0.00794	0.00567	0.00756	0.00895	0.00939	0.00529	0.00600	0.00916	0.01267	0.01698	0.07108	0.73187	0.04367	0.01988	0.00822	0.00259	0.00371	0.01803	0.00605	0.00529
19	0.00784	0.00573	0.00738	0.00871	0.00930	0.00527	0.00587	0.00903	0.01265	0.01661	0.03914	0.68520	0.12397	0.01978	0.00817	0.00257	0.00369	0.01781	0.00600	0.00527
20	0.08738	0.00716	0.00859	0.00857	0.00986	0.00707	0.00599	0.01274	0.01306	0.08006	0.16377	0.26645	0.03432	0.20966	0.05332	0.00374	0.00524	0.01173	0.00553	0.00576
21	0.06912	0.01144	0.01357	0.01126	0.01511	0.01148	0.00903	0.11499	0.13705	0.31451	0.08345	0.02726	0.05715	0.03159	0.00807	0.03377	0.00534	0.02983	0.00675	0.00924
22	0.05622	0.01266	0.01361	0.01255	0.01585	0.01438	0.00996	0.05076	0.52662	0.02638	0.05894	0.03142	0.02328	0.01013	0.00683	0.00228	0.00520	0.10729	0.00637	0.00927
23	0.00848	0.00610	0.00766	0.00818	0.00899	0.00569	0.00557	0.01001	0.01378	0.01861	0.23473	0.37023	0.11006	0.14702	0.01224	0.00304	0.00393	0.01446	0.00596	0.00528
24	0.04483	0.01208	0.01835	0.04215	0.21673	0.04419	0.08435	0.01651	0.01358	0.04666	0.05424	0.10825	0.03546	0.01824	0.17726	0.00402	0.04331	0.00804	0.00406	0.00770
25	0.23585	0.01948	0.01612	0.01349	0.01777	0.20089	0.01077	0.30383	0.07347	0.03031	0.01319	0.01384	0.00990	0.00709	0.00565	0.00190	0.00754	0.00489	0.00503	0.00899
26	0.04589	0.01078	0.01213	0.01105	0.01357	0.01140	0.00835	0.23947	0.07201	0.04448	0.04335	0.34178	0.05494	0.04917	0.00844	0.00247	0.00512	0.01183	0.00610	0.00767
27	0.10775	0.01712	0.01877	0.01565	0.03980	0.14058	0.09348	0.18398	0.07428	0.17765	0.01743	0.01966	0.01308	0.00772	0.00637	0.00201	0.00757	0.04225	0.00550	0.00934
28	0.08162	0.01611	0.01859	0.03662	0.05304	0.04477	0.04757	0.35661	0.08292	0.14597	0.01681	0.01686	0.01193	0.00736	0.00627	0.00195	0.00689	0.00584	0.00591	0.03636
29	0.34867	0.05029	0.01523	0.09961	0.01908	0.05539	0.01038	0.21341	0.05350	0.02887	0.01308	0.04277	0.01047	0.00725	0.00538	0.00199	0.00642	0.00522	0.00467	0.00832
30	0.08738	0.05549	0.01856	0.06042	0.18815	0.05875	0.01250	0.14067	0.10045	0.02547	0.08180	0.01865	0.01563	0.00715	0.00599	0.00183	0.00651	0.00587	0.00465	0.10406
31	0.06316	0.14353	0.02178	0.04700	0.14112	0.10133	0.01304	0.26813	0.07122	0.02721	0.01339	0.01466	0.01040	0.00677	0.00582	0.00181	0.00742	0.00515	0.00460	0.03245
32	0.01933	0.05550	0.06554	0.01723	0.11670	0.17653	0.01267	0.12087	0.10529	0.10494	0.06373	0.02011	0.03513	0.00994	0.04587	0.00236	0.00809	0.00618	0.00495	0.00904
33	0.01923	0.01724	0.05341	0.14991	0.18531	0.09145	0.01501	0.20109	0.07470	0.08296	0.01483	0.01657	0.01105	0.00690	0.00633	0.00194	0.00773	0.00568	0.00465	0.03401
34	0.08847	0.08829	0.05862	0.14804	0.25918	0.11121	0.01562	0.02130	0.08651	0.02019	0.01248	0.01527	0.01005	0.00650	0.00640	0.00195	0.03244	0.00523	0.00350	0.00875

[dist]
# distance from previous block
# <min> <max>
19	101

[block]
# block no. 1 follows, 34 sequences, length 121
# corresponding to MSA columns:
# 149-269
name=unknown_B
#
# <colnr> <probs for GDERKNQSTAVLIFYWHMCP>
#	G	D	E	R	K	N	Q	S	T	A	V	L	I	F	Y	W	H	M	C	P
0	0.04030	0.08780	0.06736	0.03598	0.09208	0.05833	0.04942	0.08293	0.12673	0.02181	0.01979	0.05219	0.07877	0.00951	0.02469	0.00220	0.07756	0.00681	0.00437	0.06137
1	0.08239	0.06326	0.07126	0.05107	0.16382	0.04129	0.11960	0.06158	0.03605	0.04885	0.04964	0.06752	0.05573	0.00792	0.00637	0.00196	0.00715	0.00708	0.00424	0.05324
2	0.05679	0.06020	0.12734	0.04537	0.25084	0.05439	0.01506	0.04213	0.05642	0.06581	0.04984	0.03695	0.01377	0.00692	0.00604	0.00185	0.00709	0.00585	0.00407	0.09329
3	0.05248	0.08939	0.12652	0.10389	0.15701	0.03714	0.04586	0.07851	0.08085	0.06257	0.08844	0.01933	0.01587	0.00724	0.00624	0.00196	0.00724	0.00613	0.00435	0.00898
4	0.06109	0.03819	0.03727	0.11710	0.18901	0.04153	0.10195	0.07530	0.01570	0.04905	0.05692	0.01948	0.01385	0.00714	0.00693	0.00196	0.03927	0.02723	0.02532	0.07573
5	0.04046	0.03600	0.03822	0.10364	0.10734	0.10083	0.08296	0.07719	0.01620	0.09468	0.05113	0.16129	0.01877	0.00941	0.00670	0.00205	0.00721	0.00830	0.00469	0.03294
6	0.04174	0.01568	0.06724	0.11392	0.27185	0.01538	0.08550	0.10334	0.01578	0.04295	0.01321	0.04055	0.01089	0.00710	0.00782	0.00204	0.07937	0.00613	0.00379	0.05573
7	0.10349	0.04426	0.04425	0.16756	0.28740	0.04846	0.03313	0.10338	0.01597	0.04370	0.01314	0.04328	0.01080	0.00680	0.00614	0.00198	0.00758	0.00586	0.00384	0.00896
8	0.06795	0.01544	0.04278	0.28472	0.19710	0.03883	0.01619	0.18410	0.01746	0.02425	0.01228	0.01568	0.00943	0.00678	0.00688	0.00205	0.03976	0.00554	0.00389	0.00888
9	0.01690	0.01318	0.01685	0.06587	0.14475	0.04062	0.01205	0.12032	0.09214	0.10705	0.11373	0.05728	0.05030	0.00929	0.00806	0.00207	0.07769	0.00756	0.00532	0.03895
10	0.01994	0.36840	0.04792	0.04203	0.01952	0.28636	0.01243	0.07786	0.01633	0.01773	0.01004	0.01173	0.00854	0.00635	0.00562	0.00162	0.03203	0.00410	0.00328	0.00818
11	0.00983	0.00692	0.00846	0.00800	0.00836	0.00695	0.03078	0.01060	0.03177	0.01329	0.02027	0.04078	0.02286	0.72010	0.03111	0.00598	0.00640	0.00926	0.00397	0.00429
12	0.00793	0.00565	0.00748	0.00892	0.00928	0.00529	0.00592	0.00901	0.01226	0.01634	0.03504	0.74123	0.04201	0.04871	0.00918	0.00276	0.00384	0.01803	0.00592	0.00520
13	0.00865	0.00628	0.00744	0.00783	0.00876	0.00585	0.00536	0.00979	0.01279	0.01660	0.11234	0.22173	0.22034	0.24606	0.01594	0.02391	0.00449	0.05546	0.00540	0.00497
14	0.07003	0.01475	0.02353	0.23037	0.41268	0.03599	0.06037	0.03929	0.01457	0.02079	0.01185	0.01590	0.00952	0.00603	0.00631	0.00200	0.00804	0.00567	0.00327	0.00903
15	0.00783	0.00579	0.00733	0.00856	0.00926	0.00529	0.00580	0.00905	0.01279	0.01667	0.04095	0.64240	0.16560	0.01955	0.00814	0.00255	0.00366	0.01752	0.00600	0.00529
16	0.00779	0.00631	0.00692	0.00727	0.00895	0.00544	0.00526	0.00938	0.01434	0.01772	0.09819	0.24191	0.51367	0.01716	0.00779	0.00229	0.00338	0.01473	0.00607	0.00544
17	0.00820	0.00594	0.00773	0.00894	0.00962	0.00554	0.00624	0.00960	0.01302	0.01722	0.07522	0.58495	0.10042	0.04265	0.00899	0.00270	0.00395	0.07776	0.00599	0.00533
18	0.04078	0.01349	0.01950	0.29845	0.20177	0.03356	0.01570	0.02058	0.14360	0.01986	0.01468	0.04070	0.01204	0.00765	0.00802	0.00217	0.08894	0.00630	0.00377	0.00842
19	0.01749	0.75378	0.03338	0.01123	0.01669	0.04784	0.01110	0.01955	0.01329	0.01522	0.00901	0.01040	0.00829	0.00556	0.00420	0.00139	0.00706	0.00348	0.00278	0.00827
20	0.01449	0.01362	0.02240	0.21187	0.44952	0.01402	0.01746	0.01827	0.01395	0.01974	0.01210	0.01634	0.00998	0.00742	0.03401	0.00218	0.00792	0.00556	0.00320	0.10596
21	0.01512	0.01447	0.02466	0.20410	0.57496	0.01512	0.01940	0.01907	0.01430	0.02006	0.01200	0.01627	0.00986	0.00592	0.00641	0.00197	0.00789	0.00575	0.00312	0.00953
22	0.01184	0.00605	0.00615	0.00614	0.00758	0.00603	0.00454	0.01472	0.01353	0.02366	0.04438	0.02566	0.01832	0.04010	0.00582	0.00172	0.00315	0.00635	0.74833	0.00594
23	0.00894	0.00628	0.00817	0.00897	0.01003	0.00582	0.00652	0.01078	0.01429	0.03697	0.17915	0.44194	0.12012	0.01779	0.00809	0.00248	0.00387	0.09787	0.00627	0.00567
24	0.03280	0.00808	0.00995	0.00944	0.01167	0.00757	0.00721	0.04676	0.01519	0.18638	0.05613	0.21824	0.14693	0.09215	0.01002	0.00272	0.00473	0.09360	0.03350	0.00692
25	0.00834	0.00623	0.00781	0.00889	0.00971	0.00590	0.00610	0.01054	0.05186	0.01754	0.06452	0.61335	0.12744	0.01887	0.00806	0.00252	0.00374	0.01692	0.00607	0.00558
26	0.00919	0.00618	0.00711	0.00732	0.00737	0.00612	0.00420	0.00934	0.00981	0.01308	0.02246	0.14258	0.02615	0.66900	0.02949	0.00576	0.00592	0.01064	0.00420	0.00410
27	0.00953	0.00645	0.00784	0.00822	0.00960	0.00582	0.00589	0.01120	0.01416	0.06155	0.13251	0.33880	0.24290	0.05664	0.00909	0.00255	0.00381	0.03664	0.03104	0.00574
28	0.01388	0.01053	0.01162	0.01068	0.01324	0.01126	0.00805	0.08695	0.28502	0.05568	0.05723	0.12330	0.12217	0.12675	0.01099	0.00284	0.00503	0.03086	0.00608	0.00784
29	0.01525	0.01743	0.03813	0.02723	0.03377	0.01634	0.70915	0.02070	0.01525	0.02070	0.01307	0.01743	0.00980	0.00545	0.00763	0.00218	0.01089	0.00763	0.00327	0.00871
30	0.04943	0.01250	0.01554	0.01213	0.01700	0.01203	0.00996	0.14506	0.08750	0.53256	0.02343	0.02078	0.01526	0.00797	0.00643	0.00201	0.00572	0.00638	0.00749	0.01081
31	0.01156	0.00841	0.00939	0.00881	0.01101	0.00830	0.00655	0.03553	0.14831	0.06366	0.15702	0.09904	0.26917	0.09994	0.01017	0.00262	0.00419	0.01114	0.02840	0.00677
32	0.00787	0.00562	0.00750	0.00900	0.00937	0.00525	0.00600	0.00900	0.01237	0.01649	0.03561	0.76871	0.04274	0.02024	0.00825	0.00262	0.00375	0.01837	0.00600	0.00525
33	0.00787	0.00562	0.00750	0.00900	0.00937	0.00525	0.00600	0.00900	0.01237	0.01649	0.03561	0.76871	0.04274	0.02024	0.00825	0.00262	0.00375	0.01837	0.00600	0.00525
34	0.01054	0.00921	0.00937	0.00882	0.01063	0.08614	0.00661	0.01323	0.01777	0.02357	0.55354	0.04636	0.15392	0.01297	0.00743	0.00201	0.00401	0.01116	0.00654	0.00615
35	0.00875	0.00691	0.00739	0.00735	0.00940	0.00610	0.00548	0.01113	0.04455	0.03588	0.09778	0.10779	0.55205	0.04434	0.00858	0.00237	0.00360	0.02870	0.00606	0.00577
36	0.01220	0.01148	0.01938	0.75739	0.04450	0.01436	0.01794	0.01651	0.01292	0.01651	0.01148	0.01723	0.00861	0.00646	0.00646	0.00215	0.00861	0.00574	0.00287	0.00718
37	0.01607	0.01388	0.01461	0.01315	0.01680	0.01607	0.01023	0.03433	0.72094	0.02703	0.02630	0.02411	0.01972	0.00877	0.00657	0.00219	0.00511	0.00731	0.00657	0.01023
38	0.00916	0.00646	0.00819	0.00861	0.00945	0.00621	0.00616	0.01084	0.01366	0.01850	0.22908	0.19191	0.06066	0.25015	0.01578	0.00363	0.00471	0.13596	0.00566	0.00521
39	0.00787	0.00562	0.00750	0.00900	0.00937	0.00525	0.00600	0.00900	0.01237	0.01649	0.03561	0.76871	0.04274	0.02024	0.00825	0.00262	0.00375	0.01837	0.00600	0.00525
40	0.02331	0.01748	0.01868	0.01461	0.01956	0.01945	0.01198	0.61112	0.13238	0.03870	0.01711	0.01678	0.01228	0.00791	0.00648	0.00198	0.00682	0.00604	0.00648	0.01088
41	0.00786	0.00566	0.00746	0.00890	0.00935	0.00526	0.00596	0.00901	0.01246	0.01653	0.03673	0.74220	0.06852	0.02010	0.00822	0.00261	0.00373	0.01819	0.00600	0.00526
42	0.01328	0.01291	0.02087	0.42993	0.10136	0.01622	0.04287	0.01668	0.01223	0.01681	0.01067	0.01615	0.00877	0.00787	0.01110	0.00234	0.24374	0.00579	0.00290	0.00749
43	0.00914	0.00660	0.00864	0.00813	0.00965	0.00610	0.00610	0.01219	0.01829	0.02591	0.72921	0.04827	0.06097	0.01321	0.00762	0.00203	0.00305	0.01169	0.00711	0.00610
44	0.02899	0.01100	0.01499	0.01150	0.01649	0.00950	0.00950	0.03149	0.01849	0.73709	0.02549	0.02199	0.01599	0.00800	0.00650	0.00200	0.00550	0.00650	0.00800	0.01100
45	0.01606	0.01402	0.01572	0.01569	0.08532	0.01600	0.01115	0.03295	0.65335	0.02646	0.02494	0.02333	0.01882	0.00848	0.00656	0.00217	0.00536	0.00716	0.00625	0.01023
46	0.00787	0.00562	0.00750	0.00900	0.00937	0.00525	0.00600	0.00900	0.01237	0.01649	0.03561	0.76871	0.04274	0.02024	0.00825	0.00262	0.00375	0.01837	0.00600	0.00525
47	0.01727	0.77681	0.03386	0.01106	0.01658	0.02557	0.01106	0.01935	0.01313	0.01520	0.00898	0.01036	0.00829	0.00553	0.00415	0.00138	0.00691	0.00345	0.00276	0.00829
48	0.81856	0.01250	0.00950	0.00850	0.01250	0.01449	0.00700	0.01899	0.01100	0.02899	0.00900	0.01050	0.00700	0.00600	0.00400	0.00200	0.00500	0.00350	0.00400	0.00700
49	0.01270	0.01193	0.01999	0.09703	0.32420	0.01183	0.08911	0.01606	0.01465	0.01985	0.07389	0.09207	0.14422	0.00985	0.00709	0.00212	0.00662	0.03445	0.00428	0.00806
50	0.00785	0.00569	0.00742	0.00881	0.00932	0.00526	0.00591	0.00902	0.01255	0.01657	0.03792	0.71411	0.09584	0.01994	0.00820	0.00259	0.00371	0.01800	0.00600	0.00526
51	0.00914	0.00660	0.00864	0.00813	0.00965	0.00610	0.00610	0.01219	0.01829	0.02591	0.72921	0.04827	0.06097	0.01321	0.00762	0.00203	0.00305	0.01169	0.00711	0.00610
52	0.02456	0.01810	0.01939	0.01487	0.02004	0.02004	0.01228	0.71107	0.03038	0.04072	0.01551	0.01551	0.01099	0.00776	0.00646	0.00194	0.00711	0.00582	0.00646	0.01099
53	0.01867	0.01480	0.01918	0.13148	0.17660	0.01630	0.01398	0.21401	0.22495	0.07548	0.01799	0.01882	0.01335	0.00744	0.00648	0.00204	0.00677	0.00627	0.00535	0.01003
54	0.00787	0.00562	0.00750	0.00900	0.00937	0.00525	0.00600	0.00900	0.01237	0.01649	0.03561	0.76871	0.04274	0.02024	0.00825	0.00262	0.00375	0.01837	0.00600	0.00525
55	0.00914	0.00660	0.00864	0.00813	0.00965	0.00610	0.00610	0.01219	0.01829	0.02591	0.72921	0.04827	0.06097	0.01321	0.00762	0.00203	0.00305	0.01169	0.00711	0.00610
56	0.01574	0.01509	0.02577	0.08750	0.68675	0.01529	0.01970	0.01961	0.01459	0.02080	0.01211	0.01607	0.01013	0.00580	0.00640	0.00193	0.00774	0.00576	0.00318	0.01003
57	0.17229	0.01254	0.01478	0.01155	0.01640	0.01229	0.00954	0.15058	0.01925	0.48351	0.02070	0.01874	0.01346	0.00759	0.00604	0.00199	0.00569	0.00583	0.00699	0.01027
58	0.01562	0.02256	0.22007	0.07985	0.14715	0.10505	0.27492	0.02080	0.01493	0.01979	0.01203	0.01546	0.00917	0.00591	0.00672	0.00204	0.00992	0.00599	0.00309	0.00893
59	0.00924	0.00689	0.01020	0.01020	0.01129	0.00798	0.00785	0.01142	0.01033	0.01486	0.01747	0.02631	0.01656	0.08831	0.70802	0.01016	0.01670	0.00706	0.00349	0.00567
60	0.09040	0.01358	0.01620	0.09767	0.04418	0.01439	0.01121	0.28197	0.04238	0.17522	0.01860	0.09356	0.01481	0.00859	0.00635	0.00201	0.00626	0.00697	0.00587	0.04977
61	0.01749	0.04971	0.13104	0.02567	0.29514	0.18727	0.06354	0.06493	0.01623	0.02049	0.01317	0.06115	0.01144	0.00702	0.00634	0.00192	0.00880	0.00606	0.00353	0.00905
62	0.00940	0.00626	0.00705	0.00705	0.00705	0.00626	0.00392	0.00940	0.00940	0.01253	0.02036	0.04228	0.02349	0.77292	0.03289	0.00626	0.00626	0.00940	0.00392	0.00392
63	0.00985	0.00667	0.00841	0.00882	0.01013	0.00620	0.00628	0.01229	0.04472	0.06623	0.19061	0.43509	0.13641	0.01689	0.00784	0.00238	0.00370	0.01502	0.00640	0.00605
64	0.01534	0.01493	0.02635	0.10942	0.55990	0.01510	0.09742	0.01938	0.01460	0.02054	0.01294	0.01821	0.01094	0.00620	0.00663	0.00201	0.00808	0.02916	0.00327	0.00961
65	0.00817	0.00657	0.00729	0.00711	0.00906	0.00568	0.00533	0.01031	0.01600	0.02046	0.30173	0.05723	0.49185	0.01524	0.00763	0.00213	0.00319	0.01294	0.00640	0.00568
66	0.00787	0.00562	0.00750	0.00900	0.00937	0.00525	0.00600	0.00900	0.01237	0.01649	0.03561	0.76871	0.04274	0.02024	0.00825	0.00262	0.00375	0.01837	0.00600	0.00525
67	0.00795	0.00569	0.00744	0.00882	0.00923	0.00531	0.00585	0.00903	0.01228	0.01631	0.03568	0.70831	0.06218	0.06088	0.00956	0.00281	0.00387	0.01774	0.00589	0.00518
68	0.81856	0.01250	0.00950	0.00850	0.01250	0.01449	0.00700	0.01899	0.01100	0.02899	0.00900	0.01050	0.00700	0.00600	0.00400	0.00200	0.00500	0.00350	0.00400	0.00700
69	0.01605	0.01816	0.03486	0.02823	0.13452	0.07266	0.55489	0.02097	0.01541	0.02038	0.01270	0.01677	0.00975	0.00559	0.00731	0.00210	0.01048	0.00709	0.00326	0.00884
70	0.01122	0.00561	0.00842	0.00842	0.00842	0.00561	0.00561	0.00842	0.00842	0.01122	0.01122	0.01964	0.01122	0.02245	0.02525	0.81201	0.00561	0.00561	0.00281	0.00281
71	0.01041	0.00744	0.01041	0.01190	0.01339	0.00744	0.01041	0.01339	0.01487	0.01934	0.03421	0.07288	0.03719	0.01785	0.00892	0.00297	0.00595	0.68913	0.00595	0.00595
72	0.01068	0.00849	0.00987	0.00967	0.01164	0.00873	0.00723	0.01748	0.21889	0.02273	0.25665	0.20952	0.13469	0.01411	0.00750	0.00226	0.00392	0.03242	0.00652	0.00700
73	0.00787	0.00562	0.00750	0.00900	0.00937	0.00525	0.00600	0.00900	0.01237	0.01649	0.03561	0.76871	0.04274	0.02024	0.00825	0.00262	0.00375	0.01837	0.00600	0.00525
74	0.81856	0.01250	0.00950	0.00850	0.01250	0.01449	0.00700	0.01899	0.01100	0.02899	0.00900	0.01050	0.00700	0.00600	0.00400	0.00200	0.00500	0.00350	0.00400	0.00700
75	0.00796	0.00656	0.00700	0.00689	0.00893	0.00559	0.00516	0.00990	0.01549	0.01927	0.20821	0.05919	0.58610	0.01569	0.00763	0.00215	0.00322	0.01322	0.00624	0.00559
76	0.01340	0.01148	0.01340	0.00957	0.01531	0.00861	0.00766	0.01627	0.01340	0.02105	0.01148	0.01340	0.00957	0.00479	0.00479	0.00096	0.00479	0.00383	0.00383	0.81242
77	0.02899	0.01100	0.01499	0.01150	0.01649	0.00950	0.00950	0.03149	0.01849	0.73709	0.02549	0.02199	0.01599	0.00800	0.00650	0.00200	0.00550	0.00650	0.00800	0.01100
78	0.02456	0.01810	0.01939	0.01487	0.02004	0.02004	0.01228	0.71107	0.03038	0.04072	0.01551	0.01551	0.01099	0.00776	0.00646	0.00194	0.00711	0.00582	0.00646	0.01099
79	0.00884	0.00638	0.00716	0.00731	0.00810	0.00603	0.00475	0.00964	0.01170	0.01498	0.05597	0.09317	0.23386	0.44238	0.02195	0.00454	0.00513	0.04863	0.00486	0.00462
80	0.00808	0.00656	0.00716	0.00701	0.00900	0.00564	0.00526	0.01013	0.01577	0.01994	0.26025	0.05810	0.53366	0.01544	0.00763	0.00214	0.00321	0.01306	0.00633	0.00564
81	0.02414	0.03079	0.01831	0.01665	0.01998	0.74698	0.01248	0.02580	0.01831	0.01581	0.00999	0.01165	0.00832	0.00666	0.00583	0.00166	0.01165	0.00416	0.00333	0.00749
82	0.02518	0.01711	0.01878	0.01440	0.01954	0.01857	0.01189	0.61629	0.02872	0.13784	0.01690	0.01642	0.01169	0.00779	0.00647	0.00195	0.00689	0.00591	0.00668	0.01099
83	0.00854	0.00611	0.00793	0.00915	0.00970	0.00583	0.00617	0.03510	0.01295	0.01727	0.03440	0.71833	0.04096	0.04297	0.00894	0.00271	0.00395	0.01763	0.00595	0.00542
84	0.00769	0.00635	0.00675	0.00708	0.00887	0.00541	0.00514	0.00921	0.01422	0.01725	0.05900	0.21493	0.58141	0.01720	0.00777	0.00228	0.00338	0.01466	0.00600	0.00541
85	0.04840	0.01670	0.01826	0.08598	0.02113	0.11637	0.03812	0.19035	0.13386	0.12544	0.01615	0.01715	0.01196	0.00807	0.00858	0.00212	0.12110	0.00588	0.00517	0.00921
86	0.00924	0.00689	0.01023	0.01023	0.01134	0.00799	0.00789	0.01144	0.01034	0.01489	0.01744	0.02615	0.01648	0.08110	0.71513	0.01020	0.01681	0.00703	0.00348	0.00569
87	0.01457	0.01226	0.01287	0.01205	0.01489	0.05591	0.00940	0.02585	0.40860	0.04652	0.14076	0.08529	0.02933	0.01124	0.00710	0.00225	0.00519	0.09098	0.00640	0.00855
88	0.01607	0.01388	0.01461	0.01315	0.01680	0.01607	0.01023	0.03433	0.72094	0.02703	0.02630	0.02411	0.01972	0.00877	0.00657	0.00219	0.00511	0.00731	0.00657	0.01023
89	0.04437	0.01383	0.02311	0.30040	0.45483	0.01496	0.01867	0.01859	0.01392	0.01972	0.01179	0.01624	0.00952	0.00602	0.00633	0.00201	0.00792	0.00567	0.00311	0.00900
90	0.00840	0.00582	0.00753	0.00856	0.00913	0.00551	0.00578	0.00931	0.01205	0.01609	0.03432	0.53959	0.10283	0.06966	0.04428	0.06568	0.00460	0.01545	0.03039	0.00504
91	0.01305	0.00720	0.00738	0.00694	0.00869	0.00738	0.00522	0.08126	0.01486	0.02484	0.02049	0.02459	0.01653	0.06322	0.00677	0.00189	0.00364	0.00625	0.67346	0.00634
92	0.02690	0.01435	0.01707	0.01309	0.01817	0.01448	0.01081	0.35284	0.02411	0.40781	0.02077	0.01893	0.01363	0.00788	0.00648	0.00197	0.00626	0.00618	0.00727	0.01099
93	0.00872	0.00688	0.00883	0.00831	0.01015	0.00615	0.03025	0.01118	0.01641	0.02193	0.40969	0.11503	0.29332	0.01466	0.00768	0.00214	0.00346	0.01281	0.00649	0.00589
94	0.01961	0.01573	0.04870	0.01374	0.01822	0.01657	0.01137	0.23126	0.42205	0.09661	0.02241	0.02093	0.01630	0.00828	0.00652	0.00209	0.00593	0.00668	0.00650	0.01049
95	0.00802	0.00659	0.00708	0.00705	0.00908	0.00565	0.00534	0.00998	0.01540	0.01911	0.18899	0.05997	0.57809	0.01583	0.00768	0.00218	0.00333	0.03882	0.00621	0.00559
96	0.02414	0.03079	0.01831	0.01665	0.01998	0.74698	0.01248	0.02580	0.01831	0.01581	0.00999	0.01165	0.00832	0.00666	0.00583	0.00166	0.01165	0.00416	0.00333	0.00749
97	0.01284	0.01288	0.04567	0.61556	0.15513	0.01454	0.01846	0.01718	0.01323	0.01739	0.01160	0.01690	0.00886	0.00634	0.00644	0.00211	0.00849	0.00571	0.00292	0.00775
98	0.01251	0.01181	0.01962	0.13765	0.30964	0.01186	0.07965	0.01580	0.01438	0.01927	0.04845	0.09938	0.17325	0.00979	0.00701	0.00211	0.00663	0.00906	0.00416	0.00796
99	0.00855	0.00645	0.00790	0.00781	0.00936	0.00580	0.00576	0.01095	0.01649	0.02228	0.45077	0.15145	0.24270	0.01505	0.00771	0.00216	0.00321	0.01314	0.00665	0.00580
100	0.02363	0.01763	0.01886	0.01468	0.01968	0.01960	0.01205	0.63648	0.10650	0.03921	0.01670	0.01646	0.01195	0.00787	0.00648	0.00197	0.00689	0.00598	0.00648	0.01090
101	0.05328	0.16269	0.05953	0.01930	0.17306	0.20769	0.01351	0.02161	0.07969	0.01887	0.02874	0.01562	0.01157	0.01019	0.06808	0.00253	0.03695	0.00512	0.00357	0.00839
102	0.01196	0.00977	0.01323	0.01206	0.01255	0.01218	0.00936	0.01325	0.01061	0.03807	0.03383	0.02954	0.01778	0.25532	0.14455	0.00512	0.31158	0.04959	0.00374	0.00590
103	0.00828	0.00592	0.00795	0.00937	0.00995	0.00559	0.00663	0.00974	0.01295	0.01725	0.06164	0.64307	0.04264	0.01964	0.00832	0.00265	0.00403	0.11296	0.00603	0.00538
104	0.00794	0.00576	0.00751	0.00889	0.00945	0.00534	0.00605	0.00916	0.01265	0.01667	0.03803	0.68749	0.09925	0.01984	0.00822	0.00260	0.00378	0.04008	0.00600	0.00529
105	0.04544	0.49562	0.05226	0.01259	0.01778	0.12866	0.01170	0.11069	0.03811	0.01961	0.01061	0.01176	0.00896	0.00612	0.00483	0.00156	0.00760	0.00403	0.00349	0.00859
106	0.01556	0.01491	0.02545	0.12098	0.65466	0.01524	0.01962	0.01945	0.01451	0.02059	0.01208	0.01613	0.01005	0.00584	0.00640	0.00195	0.00778	0.00576	0.00316	0.00989
107	0.00923	0.00692	0.01038	0.01038	0.01154	0.00808	0.00808	0.01154	0.01038	0.01500	0.01731	0.02538	0.01615	0.04846	0.74732	0.01038	0.01731	0.00692	0.00346	0.00577
108	0.00850	0.00607	0.00822	0.00971	0.01036	0.00579	0.00709	0.01008	0.01299	0.01719	0.03527	0.59717	0.04137	0.01965	0.00841	0.00271	0.00429	0.18373	0.00599	0.00542
109	0.02200	0.01651	0.04410	0.01755	0.11777	0.01693	0.01292	0.46385	0.02514	0.10332	0.04698	0.05147	0.01482	0.00824	0.00658	0.00198	0.00679	0.00665	0.00604	0.01037
110	0.02403	0.05700	0.01942	0.01566	0.01986	0.40981	0.01234	0.31460	0.02318	0.02629	0.01228	0.01323	0.00945	0.00707	0.00602	0.00177	0.00954	0.00483	0.00463	0.00900
111	0.01482	0.01453	0.01924	0.01655	0.01688	0.05184	0.01371	0.01630	0.01053	0.03551	0.00935	0.01466	0.00897	0.01239	0.04709	0.00303	0.67878	0.00566	0.00302	0.00715
112	0.01455	0.01492	0.02183	0.12101	0.06803	0.05120	0.08147	0.01691	0.01151	0.01654	0.00963	0.01488	0.00873	0.00952	0.01625	0.00256	0.50428	0.00579	0.00292	0.00746
113	0.01448	0.01190	0.01280	0.01138	0.01460	0.01304	0.00887	0.10783	0.39778	0.02689	0.15370	0.03362	0.14437	0.01068	0.00692	0.00213	0.00469	0.00894	0.00656	0.00880
114	0.00940	0.00626	0.00705	0.00705	0.00705	0.00626	0.00392	0.00940	0.00940	0.01253	0.02036	0.04228	0.02349	0.77292	0.03289	0.00626	0.00626	0.00940	0.00392	0.00392
115	0.00923	0.00692	0.01038	0.01038	0.01154	0.00808	0.00808	0.01154	0.01038	0.01500	0.01731	0.02538	0.01615	0.04846	0.74732	0.01038	0.01731	0.00692	0.00346	0.00577
116	0.05427	0.01522	0.01710	0.01340	0.01828	0.01615	0.01099	0.39506	0.11321	0.24858	0.01964	0.01837	0.01345	0.00789	0.00640	0.00199	0.00629	0.00612	0.00685	0.01075
117	0.01079	0.00725	0.00918	0.00845	0.01040	0.00674	0.00642	0.01435	0.04963	0.07820	0.58151	0.04655	0.11979	0.01292	0.00749	0.00205	0.00335	0.01129	0.00705	0.00659
118	0.02444	0.01790	0.01541	0.01302	0.01700	0.28004	0.01020	0.02729	0.04796	0.36466	0.06642	0.02177	0.04837	0.00825	0.00638	0.00189	0.00748	0.00633	0.00608	0.00912
119	0.04892	0.01988	0.01703	0.01413	0.01847	0.27101	0.01119	0.19393	0.06663	0.24856	0.01720	0.01659	0.01207	0.00746	0.00618	0.00188	0.00800	0.00548	0.00578	0.00960
120	0.05062	0.01533	0.01698	0.01447	0.03902	0.13202	0.07693	0.15633	0.01901	0.19850	0.02450	0.08670	0.09657	0.00968	0.00676	0.00206	0.00700	0.03307	0.00572	0.00874

[dist]
# distance from previous block
# <min> <max>
0	58

[block]
# block no. 2 follows, 34 sequences, length 42
# corresponding to MSA columns:
# 335-376
name=unknown_C
#
# <colnr> <probs for GDERKNQSTAVLIFYWHMCP>
#	G	D	E	R	K	N	Q	S	T	A	V	L	I	F	Y	W	H	M	C	P
0	0.04177	0.01348	0.01502	0.01232	0.01617	0.01448	0.00988	0.33976	0.12462	0.09753	0.18474	0.05668	0.02557	0.00967	0.00676	0.00203	0.00553	0.00793	0.00668	0.00939
1	0.05895	0.30203	0.02261	0.01195	0.01703	0.01890	0.01055	0.21107	0.06063	0.06244	0.01411	0.01630	0.01146	0.00691	0.00534	0.00165	0.00635	0.03356	0.00464	0.12353
2	0.01302	0.06251	0.39782	0.01521	0.02161	0.01344	0.04597	0.08653	0.01523	0.02122	0.02135	0.15706	0.08220	0.00978	0.00666	0.00213	0.00757	0.00825	0.00403	0.00842
3	0.01160	0.00931	0.01023	0.00863	0.01190	0.00832	0.00668	0.10715	0.01676	0.02234	0.12653	0.04149	0.34508	0.04401	0.00786	0.00201	0.00426	0.00979	0.00559	0.20047
4	0.01295	0.01335	0.02700	0.02003	0.02467	0.01248	0.44392	0.01749	0.01640	0.02266	0.28324	0.02906	0.02910	0.00838	0.00762	0.00212	0.00793	0.00916	0.00472	0.00773
5	0.01573	0.39913	0.13169	0.01731	0.02356	0.02047	0.23987	0.01966	0.01379	0.01771	0.01098	0.01366	0.00906	0.00715	0.03265	0.00206	0.00895	0.00512	0.00295	0.00851
6	0.01689	0.01907	0.01486	0.01380	0.01584	0.36632	0.01050	0.01867	0.01412	0.01530	0.01316	0.01874	0.01211	0.06770	0.28173	0.00525	0.08035	0.00562	0.00337	0.00661
7	0.00787	0.00562	0.00750	0.00900	0.00937	0.00525	0.00600	0.00900	0.01237	0.01649	0.03561	0.76871	0.04274	0.02024	0.00825	0.00262	0.00375	0.01837	0.00600	0.00525
8	0.01607	0.01388	0.01461	0.01315	0.01680	0.01607	0.01023	0.03433	0.72094	0.02703	0.02630	0.02411	0.01972	0.00877	0.00657	0.00219	0.00511	0.00731	0.00657	0.01023
9	0.01335	0.01235	0.02039	0.50477	0.21471	0.01427	0.01750	0.04222	0.01397	0.01855	0.01325	0.06193	0.01115	0.00716	0.00655	0.00211	0.00803	0.00651	0.00327	0.00797
10	0.01727	0.77681	0.03386	0.01106	0.01658	0.02557	0.01106	0.01935	0.01313	0.01520	0.00898	0.01036	0.00829	0.00553	0.00415	0.00138	0.00691	0.00345	0.00276	0.00829
11	0.00821	0.00657	0.00733	0.00714	0.00908	0.00570	0.00536	0.01037	0.01607	0.02064	0.31586	0.05693	0.47760	0.01517	0.00763	0.00213	0.00319	0.01290	0.00642	0.00570
12	0.34501	0.01028	0.01092	0.01001	0.01280	0.01176	0.00803	0.07300	0.01256	0.04723	0.01401	0.01831	0.01194	0.02622	0.35461	0.00595	0.01099	0.00540	0.00408	0.00688
13	0.02161	0.05077	0.01713	0.01364	0.03885	0.01309	0.04890	0.03005	0.27342	0.34760	0.05705	0.02298	0.01857	0.00819	0.00652	0.00205	0.00568	0.00692	0.00677	0.01020
14	0.00933	0.00633	0.00716	0.00722	0.00741	0.00626	0.00424	0.00955	0.00994	0.01310	0.02360	0.04472	0.06590	0.69711	0.03041	0.00589	0.00607	0.03755	0.00412	0.00409
15	0.02518	0.01711	0.01878	0.01440	0.01955	0.01858	0.01189	0.61683	0.02873	0.13729	0.01690	0.01641	0.01168	0.00779	0.00647	0.00195	0.00689	0.00591	0.00668	0.01099
16	0.01544	0.01512	0.01436	0.01336	0.01574	0.17763	0.01052	0.05048	0.18850	0.01975	0.01893	0.02583	0.01673	0.02119	0.22702	0.00462	0.07188	0.08074	0.00455	0.00760
17	0.02343	0.02931	0.01799	0.01634	0.01970	0.68296	0.01229	0.02655	0.07986	0.01680	0.01142	0.01274	0.00932	0.00684	0.00589	0.00171	0.01108	0.00444	0.00361	0.00773
18	0.02093	0.01442	0.01604	0.01319	0.01733	0.01561	0.01055	0.36224	0.18701	0.13201	0.02217	0.12127	0.01806	0.00973	0.00674	0.00210	0.00596	0.00797	0.00664	0.01003
19	0.02456	0.01810	0.01939	0.01487	0.02004	0.02004	0.01228	0.71107	0.03038	0.04072	0.01551	0.01551	0.01099	0.00776	0.00646	0.00194	0.00711	0.00582	0.00646	0.01099
20	0.01002	0.00731	0.00914	0.00915	0.01063	0.00706	0.00679	0.07216	0.01680	0.02291	0.33415	0.30332	0.09304	0.01572	0.00782	0.00230	0.00384	0.05513	0.00652	0.00617
21	0.00787	0.00562	0.00750	0.00900	0.00937	0.00525	0.00600	0.00900	0.01237	0.01649	0.03561	0.76871	0.04274	0.02024	0.00825	0.00262	0.00375	0.01837	0.00600	0.00525
22	0.00787	0.00562	0.00750	0.00900	0.00937	0.00525	0.00600	0.00900	0.01237	0.01649	0.03561	0.76871	0.04274	0.02024	0.00825	0.00262	0.00375	0.01837	0.00600	0.00525
23	0.02387	0.02979	0.01822	0.01647	0.01987	0.69745	0.01240	0.04895	0.04302	0.01703	0.01074	0.01221	0.00881	0.00677	0.00587	0.00169	0.01127	0.00433	0.00355	0.00770
24	0.01525	0.01743	0.03813	0.02723	0.03377	0.01634	0.70915	0.02070	0.01525	0.02070	0.01307	0.01743	0.00980	0.00545	0.00763	0.00218	0.01089	0.00763	0.00327	0.00871
25	0.00787	0.00562	0.00750	0.00900	0.00937	0.00525	0.00600	0.00900	0.01237	0.01649	0.03561	0.76871	0.04274	0.02024	0.00825	0.00262	0.00375	0.01837	0.00600	0.00525
26	0.00787	0.00562	0.00750	0.00900	0.00937	0.00525	0.00600	0.00900	0.01237	0.01649	0.03561	0.76871	0.04274	0.02024	0.00825	0.00262	0.00375	0.01837	0.00600	0.00525
27	0.01599	0.01535	0.02623	0.03966	0.73262	0.01535	0.01983	0.01983	0.01471	0.02111	0.01215	0.01599	0.01023	0.00576	0.00640	0.00192	0.00768	0.00576	0.00320	0.01023
28	0.01340	0.01148	0.01340	0.00957	0.01531	0.00861	0.00766	0.01627	0.01340	0.02105	0.01148	0.01340	0.00957	0.00479	0.00479	0.00096	0.00479	0.00383	0.00383	0.81242
29	0.01393	0.01122	0.01296	0.01267	0.01543	0.01243	0.01039	0.05290	0.38189	0.02421	0.02934	0.04522	0.02705	0.01272	0.00760	0.00253	0.00556	0.30728	0.00630	0.00838
30	0.00787	0.00562	0.00750	0.00900	0.00937	0.00525	0.00600	0.00900	0.01237	0.01649	0.03561	0.76871	0.04274	0.02024	0.00825	0.00262	0.00375	0.01837	0.00600	0.00525
31	0.01727	0.77681	0.03386	0.01106	0.01658	0.02557	0.01106	0.01935	0.01313	0.01520	0.00898	0.01036	0.00829	0.00553	0.00415	0.00138	0.00691	0.00345	0.00276	0.00829
32	0.00787	0.00562	0.00750	0.00900	0.00937	0.00525	0.00600	0.00900	0.01237	0.01649	0.03561	0.76871	0.04274	0.02024	0.00825	0.00262	0.00375	0.01837	0.00600	0.00525
33	0.00786	0.00630	0.00692	0.00728	0.00886	0.00547	0.00520	0.00936	0.01406	0.01742	0.09040	0.24211	0.48501	0.05288	0.00898	0.00248	0.00352	0.01455	0.00596	0.00536
34	0.00808	0.00577	0.00773	0.00923	0.00970	0.00543	0.00636	0.00935	0.01257	0.01673	0.03550	0.71209	0.04228	0.02005	0.00830	0.00265	0.00393	0.07295	0.00599	0.00531
35	0.01204	0.00602	0.00602	0.00602	0.00753	0.00602	0.00452	0.01506	0.01355	0.02409	0.02108	0.02409	0.01656	0.00753	0.00452	0.00151	0.00301	0.00602	0.80879	0.00602
36	0.02456	0.01810	0.01939	0.01487	0.02004	0.02004	0.01228	0.71107	0.03038	0.04072	0.01551	0.01551	0.01099	0.00776	0.00646	0.00194	0.00711	0.00582	0.00646	0.01099
37	0.00940	0.00626	0.00705	0.00705	0.00705	0.00626	0.00392	0.00940	0.00940	0.01253	0.02036	0.04228	0.02349	0.77292	0.03289	0.00626	0.00626	0.00940	0.00392	0.00392
38	0.01567	0.01487	0.02446	0.09987	0.60055	0.01534	0.01870	0.02099	0.08538	0.02130	0.01351	0.01691	0.01104	0.00612	0.00642	0.00197	0.00750	0.00591	0.00351	0.00997
39	0.00787	0.00562	0.00750	0.00900	0.00937	0.00525	0.00600	0.00900	0.01237	0.01649	0.03561	0.76871	0.04274	0.02024	0.00825	0.00262	0.00375	0.01837	0.00600	0.00525
40	0.01077	0.00682	0.00888	0.00941	0.01057	0.00644	0.00663	0.04456	0.01445	0.08588	0.11088	0.58341	0.04077	0.01773	0.00793	0.00247	0.00399	0.01593	0.00633	0.00615
41	0.01694	0.01433	0.01793	0.01506	0.01890	0.05101	0.10881	0.23744	0.13259	0.02717	0.02502	0.03548	0.06818	0.01082	0.00735	0.00229	0.00698	0.18934	0.00571	0.00865

[dist]
# distance from previous block
# <min> <max>
0	1

[block]
# block no. 3 follows, 34 sequences, length 124
# corresponding to MSA columns:
# 378-501
name=unknown_D
#
# <colnr> <probs for GDERKNQSTAVLIFYWHMCP>
#	G	D	E	R	K	N	Q	S	T	A	V	L	I	F	Y	W	H	M	C	P
0	0.05485	0.01638	0.01797	0.01392	0.01894	0.01771	0.01147	0.52629	0.06325	0.16629	0.01764	0.01695	0.01220	0.00779	0.00638	0.00197	0.00663	0.00593	0.00666	0.01080
1	0.07038	0.05055	0.01955	0.01870	0.11363	0.45362	0.01304	0.14558	0.01936	0.02169	0.01116	0.01280	0.00897	0.00666	0.00585	0.00176	0.00977	0.00460	0.00389	0.00847
2	0.04405	0.01807	0.01809	0.01449	0.01919	0.07388	0.01175	0.50628	0.16638	0.03581	0.01707	0.01680	0.01242	0.00783	0.00637	0.00197	0.00700	0.00593	0.00618	0.01047
3	0.23901	0.01769	0.01576	0.01311	0.01745	0.12156	0.01054	0.31393	0.13687	0.03173	0.01473	0.01501	0.01096	0.00729	0.00572	0.00196	0.00686	0.00520	0.00536	0.00928
4	0.01033	0.00777	0.00963	0.01041	0.01174	0.02885	0.00848	0.01270	0.01453	0.01893	0.13213	0.06185	0.07247	0.14412	0.01262	0.00332	0.00562	0.42315	0.00570	0.00565
5	0.01041	0.00744	0.01041	0.01190	0.01339	0.00744	0.01041	0.01339	0.01487	0.01934	0.03421	0.07288	0.03719	0.01785	0.00892	0.00297	0.00595	0.68913	0.00595	0.00595
6	0.70101	0.01227	0.01032	0.00894	0.01309	0.01375	0.00737	0.02085	0.01211	0.13441	0.01145	0.01221	0.00834	0.00630	0.00437	0.00200	0.00507	0.00395	0.00459	0.00759
7	0.01296	0.03342	0.73944	0.01842	0.02797	0.01501	0.02387	0.02046	0.01364	0.02046	0.01160	0.01364	0.00818	0.00614	0.00614	0.00205	0.00955	0.00477	0.00273	0.00955
8	0.78865	0.01271	0.00987	0.00874	0.01278	0.01470	0.00720	0.04507	0.01173	0.02943	0.00924	0.01069	0.00715	0.00606	0.00409	0.00200	0.00508	0.00359	0.00409	0.00715
9	0.01607	0.01388	0.01461	0.01315	0.01680	0.01607	0.01023	0.03433	0.72094	0.02703	0.02630	0.02411	0.01972	0.00877	0.00657	0.00219	0.00511	0.00731	0.00657	0.01023
10	0.00787	0.00562	0.00750	0.00900	0.00937	0.00525	0.00600	0.00900	0.01237	0.01649	0.03561	0.76871	0.04274	0.02024	0.00825	0.00262	0.00375	0.01837	0.00600	0.00525
11	0.01973	0.00900	0.01172	0.00967	0.01322	0.00784	0.00773	0.02221	0.01772	0.41388	0.21714	0.03653	0.16391	0.01096	0.00701	0.00204	0.00443	0.00922	0.00739	0.00866
12	0.00787	0.00562	0.00750	0.00900	0.00937	0.00525	0.00600	0.00900	0.01237	0.01649	0.03561	0.76871	0.04274	0.02024	0.00825	0.00262	0.00375	0.01837	0.00600	0.00525
13	0.81856	0.01250	0.00950	0.00850	0.01250	0.01449	0.00700	0.01899	0.01100	0.02899	0.00900	0.01050	0.00700	0.00600	0.00400	0.00200	0.00500	0.00350	0.00400	0.00700
14	0.00781	0.00587	0.00724	0.00834	0.00920	0.00530	0.00571	0.00907	0.01300	0.01675	0.04357	0.58027	0.22603	0.01921	0.00808	0.00251	0.00362	0.01711	0.00600	0.00530
15	0.00784	0.00655	0.00683	0.00676	0.00885	0.00554	0.00507	0.00967	0.01521	0.01861	0.15591	0.06029	0.63882	0.01593	0.00763	0.00216	0.00324	0.01337	0.00615	0.00554
16	0.00914	0.00660	0.00864	0.00813	0.00965	0.00610	0.00610	0.01219	0.01829	0.02591	0.72921	0.04827	0.06097	0.01321	0.00762	0.00203	0.00305	0.01169	0.00711	0.00610
17	0.01195	0.01053	0.01379	0.01269	0.01370	0.04001	0.01008	0.03421	0.03143	0.01617	0.01468	0.02194	0.01382	0.06979	0.41705	0.00704	0.24471	0.00653	0.00346	0.00642
18	0.05863	0.00744	0.00868	0.00853	0.01022	0.00711	0.00619	0.01365	0.03734	0.09696	0.11052	0.19353	0.17759	0.17796	0.01290	0.00315	0.00456	0.05320	0.00579	0.00604
19	0.02456	0.01810	0.01939	0.01487	0.02004	0.02004	0.01228	0.71107	0.03038	0.04072	0.01551	0.01551	0.01099	0.00776	0.00646	0.00194	0.00711	0.00582	0.00646	0.01099
20	0.02414	0.03079	0.01831	0.01665	0.01998	0.74698	0.01248	0.02580	0.01831	0.01581	0.00999	0.01165	0.00832	0.00666	0.00583	0.00166	0.01165	0.00416	0.00333	0.00749
21	0.01699	0.01271	0.01443	0.04036	0.01659	0.01376	0.00999	0.35471	0.06933	0.02960	0.05702	0.20303	0.04952	0.02985	0.00776	0.00231	0.00581	0.05155	0.00615	0.00852
22	0.08808	0.00671	0.00764	0.00823	0.00926	0.00661	0.00573	0.01089	0.01237	0.01809	0.06699	0.34314	0.10457	0.17680	0.01277	0.00321	0.00441	0.05430	0.05488	0.00529
23	0.00787	0.00565	0.00747	0.00893	0.00935	0.00525	0.00597	0.00900	0.01244	0.01652	0.03643	0.74939	0.06153	0.02014	0.00823	0.00261	0.00374	0.01824	0.00600	0.00525
24	0.01505	0.01439	0.02452	0.21851	0.56115	0.01510	0.01936	0.01900	0.01427	0.01996	0.01199	0.01630	0.00983	0.00593	0.00641	0.00198	0.00791	0.00575	0.00312	0.00947
25	0.00917	0.00627	0.00833	0.00954	0.01039	0.00592	0.00698	0.01074	0.01315	0.04080	0.03599	0.53005	0.07477	0.04314	0.00910	0.00278	0.00435	0.16697	0.00599	0.00556
26	0.00790	0.00653	0.00690	0.00703	0.00899	0.00558	0.00527	0.00960	0.01465	0.01780	0.09476	0.10465	0.60636	0.03338	0.00830	0.00233	0.00348	0.04502	0.00601	0.00546
27	0.01505	0.01703	0.03686	0.07638	0.03449	0.01621	0.66263	0.02042	0.01509	0.02042	0.01297	0.01742	0.00972	0.00551	0.00755	0.00218	0.01074	0.00750	0.00324	0.00861
28	0.01340	0.01148	0.01340	0.00957	0.01531	0.00861	0.00766	0.01627	0.01340	0.02105	0.01148	0.01340	0.00957	0.00479	0.00479	0.00096	0.00479	0.00383	0.00383	0.81242
29	0.02367	0.08101	0.01936	0.01627	0.01975	0.69843	0.01239	0.02537	0.01796	0.01577	0.00992	0.01157	0.00832	0.00658	0.00571	0.00165	0.01133	0.00411	0.00329	0.00754
30	0.00940	0.00626	0.00705	0.00705	0.00705	0.00626	0.00392	0.00940	0.00940	0.01253	0.02036	0.04228	0.02349	0.77292	0.03289	0.00626	0.00626	0.00940	0.00392	0.00392
31	0.01493	0.01276	0.01359	0.01230	0.01566	0.01451	0.00953	0.03080	0.61315	0.02643	0.10037	0.02851	0.05989	0.00961	0.00674	0.00217	0.00481	0.00807	0.00660	0.00956
32	0.01628	0.08244	0.02673	0.11222	0.46862	0.05339	0.08671	0.04029	0.01508	0.02036	0.01189	0.01554	0.00977	0.00589	0.00630	0.00191	0.00822	0.00566	0.00324	0.00946
33	0.00810	0.00588	0.00770	0.00907	0.00971	0.00548	0.00634	0.00945	0.01281	0.01685	0.03799	0.64104	0.10005	0.01968	0.00826	0.00262	0.00392	0.08370	0.00599	0.00533
34	0.01705	0.01356	0.01661	0.01400	0.01800	0.01483	0.07837	0.05384	0.50705	0.09894	0.04920	0.02518	0.04621	0.00876	0.00674	0.00216	0.00565	0.00759	0.00639	0.00987
35	0.00952	0.00709	0.00917	0.00998	0.01165	0.00673	0.00837	0.01217	0.01535	0.01984	0.14561	0.06650	0.21646	0.01678	0.00840	0.00263	0.00484	0.41692	0.00614	0.00585
36	0.01520	0.01245	0.02087	0.07148	0.30698	0.01208	0.10819	0.01858	0.01516	0.11191	0.04072	0.05616	0.14100	0.00903	0.00698	0.00209	0.00681	0.03106	0.00458	0.00867
37	0.01419	0.01286	0.02053	0.55519	0.15779	0.01515	0.01764	0.09306	0.01513	0.01993	0.01204	0.01683	0.00915	0.00648	0.00645	0.00209	0.00829	0.00575	0.00332	0.00811
38	0.02228	0.01493	0.01660	0.01347	0.01802	0.01622	0.01089	0.30356	0.29201	0.18773	0.02182	0.02022	0.01543	0.00820	0.00651	0.00205	0.00599	0.00654	0.00684	0.01070
39	0.01936	0.01602	0.02097	0.01640	0.02037	0.01808	0.11259	0.38451	0.04858	0.03012	0.01678	0.01861	0.04724	0.01026	0.03993	0.00252	0.15663	0.00654	0.00514	0.00936
40	0.00803	0.00572	0.00759	0.00903	0.00943	0.00537	0.00608	0.00918	0.01234	0.01644	0.03494	0.71274	0.04174	0.05097	0.00928	0.00279	0.00393	0.04329	0.00591	0.00522
