[name]
unknown

[dist]
# distance from previous block
# <min> <max>
0	7

[block]
# block no. 0 follows, 33 sequences, length 43
# corresponding to MSA columns:
# 7-49
name=unknown_A
#
# <colnr> <probs for GDERKNQSTAVLIFYWHMCP>
#	G	D	E	R	K	N	Q	S	T	A	V	L	I	F	Y	W	H	M	C	P
0	0.01862	0.08132	0.05274	0.01290	0.01674	0.10154	0.01097	0.15184	0.04494	0.13306	0.06270	0.11729	0.02255	0.01094	0.00693	0.00215	0.00669	0.11254	0.00576	0.02776
1	0.06462	0.03032	0.03896	0.01183	0.01512	0.05494	0.03490	0.10550	0.13103	0.06522	0.05346	0.13485	0.03897	0.05073	0.03427	0.00258	0.00623	0.00852	0.08362	0.03433
2	0.00831	0.00607	0.00797	0.00901	0.00968	0.00589	0.00620	0.00963	0.01233	0.01640	0.03540	0.53163	0.10633	0.07305	0.12514	0.00411	0.00610	0.01581	0.00557	0.00536
3	0.01399	0.16611	0.60936	0.01742	0.02642	0.01721	0.02199	0.02065	0.01381	0.01989	0.01134	0.01330	0.00836	0.00614	0.00589	0.00196	0.00925	0.00462	0.00279	0.00950
4	0.04499	0.06189	0.16527	0.01933	0.13198	0.06463	0.03734	0.14063	0.17505	0.06909	0.01651	0.01721	0.01230	0.00716	0.00632	0.00202	0.00763	0.00582	0.00481	0.01001
5	0.01607	0.01267	0.01973	0.41019	0.18397	0.03401	0.01633	0.01990	0.01499	0.13071	0.06454	0.02013	0.01408	0.00717	0.00664	0.00210	0.00776	0.00636	0.00414	0.00852
6	0.01208	0.01117	0.01862	0.67949	0.04183	0.01377	0.01709	0.01627	0.01348	0.01741	0.05624	0.04734	0.01334	0.00753	0.00672	0.00220	0.00824	0.00670	0.00331	0.00717
7	0.10514	0.11143	0.04016	0.01472	0.04209	0.03401	0.06894	0.24595	0.02051	0.17621	0.01919	0.01916	0.05829	0.00772	0.00618	0.00196	0.00691	0.00613	0.00558	0.00971
8	0.01222	0.00858	0.01147	0.01144	0.03236	0.02946	0.04410	0.01408	0.01445	0.11210	0.07774	0.42216	0.12893	0.01611	0.00828	0.00242	0.02711	0.01429	0.00604	0.00665
9	0.00858	0.00626	0.00863	0.00949	0.01030	0.00589	0.02933	0.01007	0.01286	0.01746	0.03576	0.62249	0.08146	0.02006	0.03404	0.00284	0.00447	0.01683	0.05765	0.00555
10	0.01336	0.06610	0.65909	0.06337	0.02900	0.01574	0.02336	0.02055	0.01383	0.02036	0.01169	0.01397	0.00837	0.00625	0.00618	0.00206	0.00955	0.00486	0.00279	0.00952
11	0.01581	0.42564	0.28165	0.01580	0.02299	0.02118	0.09542	0.02027	0.01381	0.01802	0.01057	0.01256	0.00859	0.00584	0.00535	0.00174	0.00845	0.00448	0.00286	0.00895
12	0.00857	0.00656	0.00943	0.01017	0.01109	0.00611	0.04375	0.01011	0.01309	0.01729	0.03712	0.63142	0.08969	0.01938	0.00837	0.00264	0.00432	0.05935	0.00596	0.00560
13	0.01320	0.03405	0.73453	0.01876	0.02849	0.01529	0.02432	0.02085	0.01390	0.02085	0.01181	0.01390	0.00834	0.00625	0.00625	0.00208	0.00973	0.00486	0.00278	0.00973
14	0.00928	0.00752	0.00957	0.00889	0.01095	0.00690	0.03752	0.01261	0.05400	0.02210	0.34386	0.11272	0.31012	0.01470	0.00777	0.00220	0.00373	0.01282	0.00651	0.00623
15	0.00780	0.00661	0.00673	0.00682	0.00893	0.00554	0.00507	0.00943	0.01486	0.01772	0.06483	0.10628	0.68318	0.01691	0.00782	0.00225	0.00336	0.01419	0.00611	0.00554
16	0.01320	0.03405	0.73453	0.01876	0.02849	0.01529	0.02432	0.02085	0.01390	0.02085	0.01181	0.01390	0.00834	0.00625	0.00625	0.00208	0.00973	0.00486	0.00278	0.00973
17	0.03778	0.38041	0.06492	0.01599	0.06628	0.25552	0.03359	0.04358	0.01579	0.01768	0.01017	0.01192	0.00869	0.00613	0.00521	0.00163	0.00888	0.00418	0.00319	0.00845
18	0.02902	0.01203	0.01579	0.01210	0.01722	0.01090	0.01000	0.10894	0.02022	0.65332	0.02481	0.02165	0.01571	0.00812	0.00662	0.00203	0.00579	0.00654	0.00797	0.01120
19	0.00778	0.00667	0.00667	0.00667	0.00889	0.00556	0.00500	0.00945	0.01501	0.01778	0.06669	0.06336	0.72490	0.01667	0.00778	0.00222	0.00333	0.01389	0.00611	0.00556
20	0.02560	0.01503	0.01736	0.01352	0.01850	0.01564	0.01110	0.37489	0.08535	0.30188	0.03816	0.01989	0.01516	0.00822	0.00664	0.00202	0.00634	0.00647	0.00720	0.01101
21	0.02004	0.06229	0.10863	0.04620	0.13015	0.01557	0.05131	0.18690	0.03544	0.17288	0.05534	0.01982	0.02928	0.00773	0.00697	0.00203	0.02775	0.00640	0.00532	0.00995
22	0.01243	0.01170	0.01975	0.75282	0.04534	0.01463	0.01828	0.01682	0.01316	0.01682	0.01170	0.01755	0.00878	0.00658	0.00658	0.00219	0.00878	0.00585	0.00293	0.00731
23	0.00880	0.00631	0.00716	0.00749	0.00811	0.00596	0.00469	0.00946	0.01155	0.01486	0.03526	0.20384	0.19836	0.42445	0.02184	0.00457	0.00509	0.01260	0.00496	0.00466
24	0.04259	0.01895	0.14355	0.13141	0.10245	0.05420	0.26226	0.02114	0.01493	0.07921	0.01350	0.01682	0.01004	0.00641	0.00732	0.00212	0.03573	0.00628	0.02220	0.00889
25	0.01243	0.01170	0.01975	0.75282	0.04534	0.01463	0.01828	0.01682	0.01316	0.01682	0.01170	0.01755	0.00878	0.00658	0.00658	0.00219	0.00878	0.00585	0.00293	0.00731
26	0.02459	0.03138	0.01866	0.01696	0.02035	0.74221	0.01272	0.02629	0.01866	0.01611	0.01018	0.01187	0.00848	0.00678	0.00594	0.00170	0.01187	0.00424	0.00339	0.00763
27	0.01365	0.01170	0.01365	0.00975	0.01560	0.00878	0.00780	0.01658	0.01365	0.02145	0.01170	0.01365	0.00975	0.00488	0.00488	0.00098	0.00488	0.00390	0.00390	0.80888
28	0.06167	0.02909	0.56160	0.01753	0.02614	0.01482	0.04369	0.04497	0.01495	0.10549	0.01351	0.01490	0.00935	0.00650	0.00623	0.00208	0.00894	0.00513	0.00363	0.00977
29	0.00805	0.00600	0.00750	0.00855	0.00942	0.00545	0.00587	0.00943	0.01352	0.01763	0.08637	0.56304	0.19661	0.01929	0.00822	0.00254	0.00367	0.01721	0.00618	0.00545
30	0.00947	0.00681	0.00933	0.00933	0.01008	0.00755	0.00667	0.01095	0.01021	0.01436	0.01878	0.03219	0.01920	0.31358	0.48210	0.00904	0.01350	0.00798	0.00370	0.00518
31	0.00941	0.00702	0.01040	0.01040	0.01151	0.00813	0.00800	0.01164	0.01053	0.01515	0.01780	0.02679	0.01686	0.08798	0.70450	0.01035	0.01703	0.00719	0.00355	0.00578
32	0.04195	0.08586	0.02115	0.15710	0.09217	0.08211	0.03245	0.21670	0.01860	0.02457	0.01435	0.01713	0.03512	0.00925	0.03444	0.00237	0.09586	0.00582	0.00422	0.00878
33	0.04348	0.01389	0.01335	0.01222	0.01455	0.15079	0.00939	0.12124	0.04705	0.02024	0.01635	0.02274	0.01470	0.10181	0.36112	0.00648	0.01285	0.00648	0.00417	0.00709
34	0.01128	0.01006	0.01092	0.03627	0.01323	0.07928	0.02934	0.03834	0.04733	0.02022	0.17393	0.28289	0.16603	0.03974	0.00852	0.00242	0.00505	0.01297	0.00585	0.00636
35	0.01474	0.24209	0.20433	0.01671	0.05397	0.01737	0.11739	0.01965	0.04864	0.01929	0.01601	0.03735	0.05514	0.00713	0.00636	0.00185	0.02806	0.00594	0.00349	0.08448
36	0.04156	0.01983	0.17623	0.02421	0.22157	0.05357	0.11853	0.07439	0.03854	0.04576	0.01641	0.02107	0.03576	0.00760	0.00728	0.00213	0.03462	0.04760	0.00398	0.00934
37	0.01184	0.00913	0.03184	0.07248	0.05256	0.00876	0.02678	0.06990	0.01412	0.03793	0.04123	0.36910	0.02848	0.03279	0.01115	0.12899	0.00553	0.03603	0.00510	0.00626
38	0.04159	0.01588	0.04635	0.04580	0.22069	0.04093	0.07052	0.15732	0.01857	0.16326	0.01622	0.03621	0.01230	0.00732	0.00700	0.00201	0.03182	0.00628	0.02175	0.03818
39	0.04587	0.06668	0.05518	0.01829	0.16112	0.03755	0.03540	0.10178	0.07687	0.13616	0.02201	0.12111	0.05318	0.03022	0.00738	0.00220	0.00656	0.00809	0.00525	0.00910
40	0.00869	0.00647	0.00811	0.00879	0.01003	0.00596	0.00652	0.01064	0.01477	0.01941	0.18856	0.31811	0.20807	0.03831	0.00892	0.00260	0.00398	0.12014	0.00629	0.00566
41	0.13722	0.09915	0.07949	0.03893	0.04877	0.09232	0.01088	0.07552	0.07473	0.04047	0.03746	0.02052	0.01439	0.11003	0.03534	0.00280	0.00730	0.00590	0.06092	0.00787
42	0.07029	0.10690	0.06421	0.06698	0.03834	0.06923	0.02764	0.07069	0.01583	0.04109	0.04201	0.05056	0.04113	0.00943	0.00642	0.00199	0.00680	0.13325	0.00454	0.13269

[dist]
# distance from previous block
# <min> <max>
3	6

[block]
# block no. 1 follows, 33 sequences, length 49
# corresponding to MSA columns:
# 56-104
name=unknown_B
#
# <colnr> <probs for GDERKNQSTAVLIFYWHMCP>
#	G	D	E	R	K	N	Q	S	T	A	V	L	I	F	Y	W	H	M	C	P
0	0.01488	0.03468	0.08277	0.01583	0.07141	0.08512	0.07171	0.08278	0.03877	0.03919	0.06854	0.22239	0.02319	0.01111	0.00756	0.00214	0.03700	0.00962	0.03613	0.04517
1	0.05072	0.01227	0.07675	0.01029	0.01476	0.00953	0.00896	0.03695	0.04798	0.02191	0.09223	0.02710	0.13364	0.01288	0.08458	0.00255	0.00635	0.00697	0.00468	0.33890
2	0.01717	0.04393	0.01638	0.06018	0.04992	0.01405	0.01059	0.23381	0.09726	0.05040	0.05450	0.08775	0.05937	0.00908	0.00645	0.00188	0.00587	0.00751	0.00554	0.16837
3	0.01685	0.05405	0.09402	0.02135	0.18805	0.06234	0.07878	0.13421	0.07327	0.02437	0.05004	0.04540	0.03471	0.00778	0.00693	0.00197	0.02749	0.00669	0.00444	0.06726
4	0.04698	0.08480	0.01913	0.07493	0.04351	0.12145	0.02945	0.24678	0.04139	0.10043	0.05576	0.03838	0.05184	0.00836	0.00640	0.00196	0.00733	0.00659	0.00537	0.00917
5	0.01873	0.19337	0.05211	0.01471	0.01894	0.13361	0.09071	0.05843	0.01614	0.12673	0.03814	0.09823	0.03444	0.00895	0.00751	0.00200	0.06717	0.00712	0.00456	0.00841
6	0.01237	0.00969	0.01342	0.12515	0.10836	0.00981	0.01058	0.06022	0.01654	0.05472	0.16865	0.04261	0.22384	0.01333	0.02991	0.00247	0.00577	0.07977	0.00553	0.00727
7	0.02071	0.01688	0.04333	0.01678	0.08490	0.09559	0.03200	0.17498	0.20670	0.14587	0.04342	0.02275	0.01687	0.00846	0.00672	0.00209	0.00700	0.03898	0.00598	0.01000
8	0.07633	0.01887	0.13465	0.01659	0.07621	0.10607	0.04555	0.09589	0.03864	0.26188	0.05133	0.01885	0.01440	0.00748	0.00640	0.00200	0.00751	0.00602	0.00553	0.00980
9	0.02459	0.03138	0.01866	0.01696	0.02035	0.74221	0.01272	0.02629	0.01866	0.01611	0.01018	0.01187	0.00848	0.00678	0.00594	0.00170	0.01187	0.00424	0.00339	0.00763
10	0.01456	0.01353	0.02241	0.38228	0.34002	0.01502	0.01857	0.04662	0.01477	0.02000	0.01310	0.01922	0.01077	0.00679	0.00666	0.00211	0.00819	0.03324	0.00335	0.00878
11	0.00820	0.00661	0.00730	0.00730	0.00919	0.00571	0.00541	0.01020	0.01574	0.01994	0.23458	0.11900	0.49538	0.01617	0.00783	0.00222	0.00332	0.01379	0.00641	0.00571
12	0.00967	0.00720	0.01062	0.01053	0.01155	0.00841	0.00809	0.01163	0.01042	0.01499	0.01721	0.02614	0.01637	0.08554	0.64720	0.04722	0.04096	0.00708	0.00350	0.00568
13	0.04868	0.01419	0.02230	0.09598	0.47391	0.01469	0.01716	0.06507	0.03623	0.02284	0.03600	0.02317	0.03038	0.00764	0.00671	0.00209	0.00730	0.06220	0.00399	0.00948
14	0.01673	0.01360	0.01402	0.08465	0.01783	0.09605	0.00991	0.16080	0.09908	0.08059	0.12517	0.06298	0.13639	0.04284	0.00811	0.00227	0.00617	0.00878	0.00588	0.00815
15	0.01723	0.01788	0.08057	0.15055	0.39006	0.06432	0.01834	0.12062	0.03526	0.02340	0.01295	0.01616	0.01022	0.00645	0.00648	0.00200	0.00825	0.00572	0.00375	0.00978
16	0.01555	0.01488	0.02538	0.17750	0.59629	0.01545	0.01983	0.01955	0.01464	0.02061	0.01225	0.01654	0.01011	0.00600	0.00653	0.00200	0.00800	0.00586	0.00319	0.00983
17	0.01566	0.01194	0.01404	0.01172	0.01505	0.02696	0.00932	0.13439	0.04054	0.07973	0.11115	0.11741	0.05136	0.01058	0.00853	0.00199	0.09904	0.02742	0.00550	0.20766
18	0.01538	0.01403	0.02348	0.24966	0.45531	0.01500	0.01865	0.01924	0.01444	0.04756	0.01397	0.01804	0.02824	0.00663	0.00707	0.00207	0.03245	0.00609	0.00341	0.00930
19	0.01243	0.01170	0.01975	0.75282	0.04534	0.01463	0.01828	0.01682	0.01316	0.01682	0.01170	0.01755	0.00878	0.00658	0.00658	0.00219	0.00878	0.00585	0.00293	0.00731
20	0.02321	0.05629	0.02080	0.01801	0.09838	0.15203	0.01324	0.44050	0.05897	0.03272	0.01461	0.01531	0.01091	0.00741	0.00635	0.00191	0.00805	0.00557	0.00546	0.01029
21	0.01347	0.01217	0.01953	0.55224	0.11813	0.01440	0.01702	0.06770	0.01488	0.01956	0.04106	0.05436	0.01289	0.00754	0.00671	0.00217	0.00809	0.00671	0.00356	0.00782
22	0.01629	0.01564	0.02672	0.04041	0.72757	0.01564	0.02020	0.02020	0.01499	0.02151	0.01238	0.01629	0.01043	0.00587	0.00652	0.00196	0.00782	0.00587	0.00326	0.01043
23	0.01554	0.01776	0.03885	0.02775	0.03441	0.01665	0.70366	0.02109	0.01554	0.02109	0.01332	0.01776	0.00999	0.00555	0.00777	0.00222	0.01110	0.00777	0.00333	0.00888
24	0.00901	0.00698	0.00876	0.00961	0.04398	0.00639	0.00658	0.01114	0.01543	0.02042	0.27069	0.18262	0.26592	0.06316	0.00952	0.00255	0.00391	0.05121	0.00621	0.00590
25	0.01339	0.00937	0.01368	0.04857	0.07006	0.00886	0.06014	0.03740	0.01664	0.12209	0.21178	0.12905	0.17955	0.01277	0.00755	0.00222	0.00507	0.03829	0.00612	0.00740
26	0.01640	0.00906	0.01146	0.01067	0.01319	0.00876	0.00802	0.04458	0.11109	0.23781	0.07672	0.36373	0.03214	0.01431	0.00752	0.00235	0.00463	0.01259	0.00690	0.00809
27	0.01554	0.01776	0.03885	0.02775	0.03441	0.01665	0.70366	0.02109	0.01554	0.02109	0.01332	0.01776	0.00999	0.00555	0.00777	0.00222	0.01110	0.00777	0.00333	0.00888
28	0.01442	0.02076	0.20293	0.02422	0.03115	0.01549	0.48950	0.02015	0.01493	0.02071	0.01466	0.07215	0.01208	0.00683	0.00745	0.00222	0.01023	0.00789	0.00340	0.00882
29	0.01407	0.01411	0.01865	0.01621	0.01686	0.06542	0.03522	0.01581	0.01098	0.01596	0.01122	0.03685	0.01100	0.01788	0.14585	0.00412	0.53336	0.00631	0.00313	0.00700
30	0.01320	0.03405	0.73453	0.01876	0.02849	0.01529	0.02432	0.02085	0.01390	0.02085	0.01181	0.01390	0.00834	0.00625	0.00625	0.00208	0.00973	0.00486	0.00278	0.00973
31	0.00819	0.00703	0.00706	0.00699	0.00928	0.00607	0.00526	0.01067	0.04845	0.01825	0.06479	0.06150	0.69126	0.01630	0.00773	0.00222	0.00342	0.01359	0.00614	0.00579
32	0.02218	0.09416	0.02157	0.07026	0.15862	0.27199	0.01398	0.13251	0.01903	0.11432	0.01356	0.01499	0.01032	0.00684	0.00612	0.00184	0.00885	0.00517	0.00440	0.00926
33	0.01102	0.01003	0.06614	0.03294	0.05416	0.00845	0.00926	0.04555	0.04813	0.04466	0.03517	0.41738	0.13836	0.01600	0.00778	0.00244	0.00493	0.03507	0.00572	0.00681
34	0.00952	0.00636	0.00720	0.00725	0.00727	0.00634	0.00407	0.00956	0.00969	0.01292	0.02133	0.07021	0.02467	0.74050	0.03256	0.00624	0.00629	0.00992	0.00407	0.00404
35	0.00800	0.00582	0.00754	0.00891	0.00948	0.00537	0.00600	0.00920	0.01285	0.01690	0.03937	0.69328	0.11261	0.02022	0.00834	0.00263	0.00377	0.01823	0.00611	0.00537
36	0.07832	0.21452	0.13676	0.08987	0.12878	0.01879	0.12746	0.09255	0.01572	0.02207	0.01166	0.01431	0.00919	0.00612	0.00591	0.00191	0.00826	0.00524	0.00347	0.00909
37	0.01587	0.37535	0.13960	0.14342	0.02501	0.02013	0.07114	0.02061	0.05900	0.03616	0.01213	0.01447	0.00976	0.00721	0.02315	0.00201	0.00820	0.00490	0.00328	0.00862
38	0.01213	0.00869	0.01188	0.06951	0.01504	0.00962	0.00902	0.08017	0.01368	0.05702	0.02271	0.02976	0.08408	0.07824	0.44385	0.00740	0.01297	0.02321	0.00436	0.00666
39	0.01281	0.01213	0.03916	0.24225	0.04796	0.04583	0.04892	0.04406	0.05994	0.01838	0.01888	0.14313	0.01842	0.09163	0.06516	0.02607	0.02490	0.02922	0.00413	0.00702
40	0.01659	0.06867	0.15735	0.15913	0.29073	0.06530	0.03816	0.07137	0.01589	0.03763	0.01239	0.01555	0.00966	0.00631	0.00634	0.00198	0.00857	0.00549	0.00345	0.00945
41	0.01560	0.01586	0.02125	0.13501	0.35925	0.11963	0.03536	0.01960	0.04769	0.01964	0.01882	0.07780	0.06966	0.00824	0.00673	0.00205	0.00786	0.00738	0.00384	0.00874
42	0.01215	0.01136	0.03685	0.03743	0.01735	0.04463	0.15447	0.04665	0.01534	0.02085	0.08705	0.26626	0.08504	0.01276	0.00739	0.00225	0.00609	0.02684	0.10239	0.00687
43	0.01692	0.08836	0.02487	0.12562	0.37480	0.07975	0.04616	0.06384	0.01569	0.02095	0.01220	0.01577	0.01003	0.00646	0.00695	0.00195	0.04300	0.00559	0.03182	0.00927
44	0.03653	0.04085	0.17868	0.05587	0.11463	0.02907	0.07767	0.09609	0.03093	0.03825	0.03916	0.08468	0.01590	0.04660	0.06187	0.00290	0.00843	0.00730	0.02607	0.00854
45	0.00812	0.00594	0.00744	0.00859	0.00923	0.00547	0.00574	0.00925	0.01273	0.01661	0.03989	0.58699	0.15305	0.08524	0.01049	0.00292	0.00396	0.01713	0.00593	0.00526
46	0.06506	0.05551	0.09282	0.05252	0.07377	0.20826	0.06667	0.11046	0.03941	0.02234	0.03622	0.09651	0.01551	0.00867	0.00651	0.00203	0.00843	0.02663	0.00431	0.00837
47	0.07432	0.09416	0.11624	0.06383	0.13307	0.11683	0.07966	0.07832	0.05696	0.05839	0.01390	0.01685	0.01096	0.00681	0.00616	0.00195	0.00827	0.02365	0.00403	0.03563
48	0.01113	0.02901	0.01103	0.01012	0.01195	0.00852	0.02751	0.05134	0.04741	0.04740	0.08735	0.30271	0.17312	0.05583	0.04570	0.00300	0.02367	0.04089	0.00584	0.00646

[dist]
# distance from previous block
# <min> <max>
3	11

[block]
# block no. 2 follows, 33 sequences, length 19
# corresponding to MSA columns:
# 119-137
name=unknown_C
#
# <colnr> <probs for GDERKNQSTAVLIFYWHMCP>
#	G	D	E	R	K	N	Q	S	T	A	V	L	I	F	Y	W	H	M	C	P
0	0.04748	0.01092	0.04266	0.01341	0.08175	0.03021	0.00939	0.03983	0.08415	0.05567	0.09557	0.12411	0.02469	0.14380	0.16237	0.00460	0.00826	0.00905	0.00495	0.00714
1	0.01463	0.01977	0.21806	0.14676	0.15710	0.01514	0.12721	0.04968	0.08303	0.02171	0.01471	0.04607	0.01175	0.00697	0.00669	0.00209	0.00848	0.00648	0.00369	0.03999
2	0.01746	0.34519	0.14600	0.01391	0.01963	0.05618	0.04575	0.14634	0.01760	0.02254	0.07631	0.01749	0.03502	0.00723	0.00568	0.00176	0.00750	0.00548	0.00405	0.00887
3	0.01671	0.16533	0.08112	0.01410	0.03518	0.08124	0.04150	0.11921	0.09428	0.02260	0.01908	0.05631	0.07114	0.00822	0.00651	0.00183	0.03039	0.00646	0.00447	0.12434
4	0.10170	0.31096	0.13510	0.05124	0.04758	0.09352	0.01357	0.05186	0.01438	0.01946	0.01154	0.03936	0.01010	0.00868	0.03763	0.00219	0.03456	0.00490	0.00335	0.00831
5	0.11769	0.04500	0.01651	0.01663	0.14069	0.05326	0.03250	0.11212	0.01703	0.09950	0.04189	0.11340	0.07695	0.01010	0.00658	0.00211	0.00620	0.04755	0.03593	0.00837
6	0.01957	0.18392	0.04226	0.01849	0.12023	0.15524	0.04774	0.15164	0.12662	0.02381	0.01414	0.01532	0.01117	0.00680	0.00595	0.00182	0.00801	0.00531	0.00436	0.03760
7	0.00873	0.00625	0.00739	0.00784	0.00849	0.00589	0.00506	0.00968	0.01233	0.01619	0.09764	0.28194	0.15603	0.32550	0.01851	0.00406	0.00472	0.01351	0.00535	0.00491
8	0.05396	0.23126	0.27463	0.03006	0.02206	0.06849	0.05002	0.03784	0.04169	0.04540	0.02935	0.01490	0.01082	0.00647	0.00563	0.00183	0.00807	0.00492	0.03059	0.03200
9	0.01716	0.11888	0.09866	0.08266	0.11071	0.03336	0.08284	0.07820	0.06860	0.10298	0.04053	0.07067	0.02847	0.00822	0.00694	0.00205	0.02836	0.00704	0.00459	0.00907
10	0.00920	0.00627	0.00750	0.00785	0.00801	0.00625	0.00474	0.00961	0.01034	0.01386	0.02418	0.21037	0.02805	0.54984	0.07122	0.00577	0.00648	0.01155	0.00446	0.00442
11	0.01293	0.04373	0.22838	0.09007	0.24501	0.01313	0.01709	0.01735	0.01439	0.02010	0.06330	0.11024	0.07834	0.00919	0.00678	0.00211	0.00729	0.00808	0.00390	0.00859
12	0.04442	0.10679	0.16731	0.10266	0.06907	0.04453	0.10113	0.02271	0.11383	0.08183	0.01582	0.04824	0.01255	0.00745	0.00688	0.00208	0.03324	0.00631	0.00413	0.00902
13	0.01667	0.09151	0.08850	0.01875	0.13815	0.07133	0.07673	0.10204	0.03184	0.07198	0.04215	0.12836	0.06006	0.00965	0.00679	0.00208	0.00724	0.02271	0.00476	0.00871
14	0.00877	0.00692	0.00802	0.00857	0.01011	0.00644	0.00625	0.01167	0.06658	0.01873	0.08654	0.33278	0.32836	0.01755	0.00802	0.00244	0.00382	0.05631	0.00622	0.00591
15	0.12823	0.13792	0.16974	0.05603	0.05232	0.06840	0.11960	0.07665	0.06969	0.04280	0.01303	0.01488	0.00991	0.00646	0.00594	0.00197	0.00824	0.00530	0.00388	0.00901
16	0.05116	0.12014	0.26938	0.04089	0.02564	0.01725	0.15840	0.11818	0.04126	0.04679	0.01321	0.01515	0.00979	0.00637	0.00624	0.00197	0.00860	0.00552	0.00385	0.04020
17	0.00965	0.00959	0.03602	0.00877	0.01081	0.06896	0.00674	0.01146	0.01476	0.01796	0.09628	0.23232	0.39812	0.03791	0.00846	0.00240	0.00450	0.01368	0.00577	0.00584
18	0.06632	0.09816	0.13810	0.01986	0.13824	0.21370	0.07020	0.02162	0.04552	0.01971	0.01437	0.05283	0.02865	0.00724	0.00611	0.00189	0.00872	0.00587	0.00361	0.03928

[dist]
# distance from previous block
# <min> <max>
4	22

[block]
# block no. 3 follows, 33 sequences, length 12
# corresponding to MSA columns:
# 160-171
name=unknown_D
#
# <colnr> <probs for GDERKNQSTAVLIFYWHMCP>
#	G	D	E	R	K	N	Q	S	T	A	V	L	I	F	Y	W	H	M	C	P
0	0.04296	0.19013	0.23816	0.03064	0.08716	0.01666	0.02898	0.06347	0.05628	0.06345	0.01651	0.05814	0.03509	0.00919	0.03379	0.00228	0.00790	0.00615	0.00400	0.00906
1	0.01568	0.01538	0.05808	0.05348	0.33279	0.05414	0.01516	0.04718	0.12760	0.04138	0.07148	0.07127	0.05045	0.00862	0.00678	0.00207	0.00687	0.00765	0.00464	0.00930
2	0.06885	0.00983	0.01321	0.16453	0.11335	0.01009	0.01048	0.03647	0.01519	0.04731	0.09537	0.07747	0.28924	0.01175	0.00705	0.00216	0.00539	0.01000	0.00512	0.00712
3	0.03723	0.21660	0.06402	0.06339	0.07347	0.09673	0.01272	0.10033	0.06790	0.09559	0.01457	0.01703	0.01170	0.04809	0.03596	0.00242	0.02366	0.00540	0.00431	0.00887
4	0.02944	0.10207	0.18340	0.15021	0.13552	0.05615	0.14400	0.01934	0.01440	0.01930	0.01536	0.01848	0.05516	0.00757	0.02040	0.00218	0.00900	0.00614	0.00327	0.00861
5	0.00988	0.00771	0.01133	0.01106	0.01207	0.00927	0.00862	0.01204	0.01049	0.01522	0.01693	0.02556	0.01606	0.07800	0.64318	0.00967	0.08647	0.00704	0.00349	0.00592
6	0.05221	0.01555	0.06971	0.01320	0.01830	0.06951	0.02817	0.12118	0.04644	0.42523	0.02122	0.01972	0.01410	0.00774	0.00638	0.00199	0.00660	0.00614	0.04625	0.01034
7	0.01067	0.00774	0.01056	0.01193	0.01345	0.00782	0.01020	0.01430	0.04956	0.01983	0.03458	0.13275	0.03751	0.01794	0.00891	0.00296	0.00582	0.59116	0.00610	0.00621
8	0.01079	0.00864	0.00870	0.04627	0.01028	0.06455	0.00547	0.01125	0.01079	0.01353	0.02215	0.04051	0.06316	0.62540	0.02844	0.00555	0.00676	0.00922	0.00401	0.00454
9	0.02275	0.01691	0.01829	0.01432	0.01918	0.01845	0.01168	0.58805	0.05485	0.03794	0.01761	0.07481	0.01400	0.00878	0.00664	0.00199	0.00677	0.00688	0.00641	0.05370
10	0.15034	0.05739	0.01791	0.04829	0.06067	0.11540	0.01151	0.19929	0.01992	0.23254	0.01618	0.01619	0.01135	0.00723	0.00598	0.00194	0.00716	0.00538	0.00563	0.00969
11	0.06331	0.01710	0.01734	0.01372	0.01842	0.07393	0.01111	0.46062	0.02551	0.06684	0.05515	0.04597	0.01494	0.00827	0.00639	0.00190	0.00685	0.00635	0.00606	0.08020

[dist]
# distance from previous block
# <min> <max>
0	6

[block]
# block no. 4 follows, 33 sequences, length 60
# corresponding to MSA columns:
# 178-195,197-220,226-243
name=unknown_E
#
# <colnr> <probs for GDERKNQSTAVLIFYWHMCP>
#	G	D	E	R	K	N	Q	S	T	A	V	L	I	F	Y	W	H	M	C	P
0	0.06265	0.01734	0.02058	0.04073	0.25300	0.12119	0.04668	0.09013	0.18984	0.02455	0.03030	0.01801	0.01339	0.00709	0.00638	0.00198	0.00753	0.00604	0.00459	0.03799
1	0.02037	0.11293	0.02096	0.01703	0.05925	0.33750	0.04840	0.04894	0.22705	0.02083	0.01550	0.01620	0.01223	0.00721	0.00611	0.00187	0.00888	0.00544	0.00440	0.00890
2	0.00789	0.00654	0.00691	0.00710	0.00903	0.00556	0.00522	0.00955	0.01484	0.01806	0.09406	0.16299	0.59541	0.01708	0.00787	0.00228	0.00339	0.01449	0.00617	0.00556
3	0.00849	0.00640	0.00866	0.03626	0.03376	0.00607	0.00690	0.01000	0.01326	0.01758	0.07586	0.61039	0.10405	0.01890	0.00819	0.00256	0.00404	0.01703	0.00597	0.00565
4	0.02526	0.01806	0.01952	0.01497	0.02023	0.01985	0.01236	0.67040	0.03032	0.07761	0.01634	0.01615	0.01146	0.00792	0.00659	0.00198	0.00716	0.00596	0.00667	0.01120
5	0.01543	0.07944	0.15579	0.14504	0.06669	0.03280	0.06981	0.07757	0.03748	0.05965	0.01792	0.07419	0.03981	0.00830	0.00656	0.00204	0.00766	0.03275	0.00420	0.06688
6	0.01386	0.01380	0.04579	0.36047	0.17718	0.04858	0.01587	0.04957	0.03208	0.01945	0.03595	0.02345	0.07944	0.04769	0.00809	0.00233	0.00782	0.00689	0.00374	0.00796
7	0.19213	0.01182	0.01361	0.01086	0.01536	0.01162	0.00891	0.10706	0.01811	0.42446	0.02074	0.01940	0.01383	0.00764	0.00586	0.00197	0.00541	0.00584	0.09558	0.00978
8	0.01649	0.01602	0.06486	0.12042	0.06322	0.01516	0.33337	0.08075	0.01621	0.08558	0.01564	0.05874	0.01264	0.03165	0.00865	0.00234	0.03777	0.00757	0.00412	0.00879
9	0.06322	0.26935	0.05847	0.01140	0.01533	0.11128	0.00998	0.04426	0.01462	0.07060	0.01977	0.08344	0.07703	0.09355	0.02916	0.00257	0.00723	0.00695	0.00421	0.00757
10	0.00801	0.00598	0.00746	0.00857	0.00941	0.00543	0.00586	0.00935	0.01337	0.01737	0.06761	0.57918	0.19953	0.01947	0.00824	0.00255	0.00368	0.01737	0.00615	0.00543
11	0.01758	0.59865	0.07795	0.05087	0.01996	0.08511	0.03476	0.02024	0.01392	0.01614	0.00968	0.01148	0.00851	0.00582	0.00474	0.00154	0.00784	0.00392	0.00288	0.00842
12	0.00827	0.00646	0.00752	0.00783	0.00940	0.00571	0.00572	0.01017	0.01523	0.01957	0.20974	0.24195	0.37732	0.01699	0.00797	0.00233	0.00348	0.03230	0.00637	0.00567
13	0.02365	0.02888	0.01951	0.01722	0.02086	0.62554	0.04891	0.07499	0.01926	0.01835	0.01163	0.01468	0.00980	0.00720	0.00619	0.00179	0.01129	0.02863	0.00372	0.00790
14	0.03350	0.16472	0.07838	0.07936	0.18710	0.03697	0.05431	0.04608	0.11582	0.11749	0.01560	0.01694	0.01181	0.00673	0.00610	0.00194	0.00744	0.00568	0.00439	0.00964
15	0.01077	0.00916	0.01080	0.01202	0.08211	0.03417	0.00797	0.04899	0.03774	0.02032	0.12671	0.17552	0.30492	0.01756	0.06822	0.00292	0.00559	0.01220	0.00570	0.00663
16	0.00957	0.00638	0.00718	0.00718	0.00718	0.00638	0.00399	0.00957	0.00957	0.01276	0.02074	0.04308	0.02393	0.76864	0.03351	0.00638	0.00638	0.00957	0.00399	0.00399
17	0.02037	0.09245	0.01954	0.01447	0.01894	0.07894	0.04990	0.19345	0.27358	0.10268	0.02048	0.02168	0.01565	0.00833	0.00652	0.00206	0.00687	0.03819	0.00594	0.00996
18	0.01264	0.01132	0.01896	0.56261	0.12118	0.01347	0.01674	0.01607	0.01286	0.01679	0.01255	0.04193	0.01039	0.00874	0.00873	0.09041	0.00817	0.00626	0.00306	0.00713
19	0.01559	0.33453	0.41200	0.01562	0.02335	0.05784	0.01840	0.02067	0.01394	0.01842	0.01064	0.01243	0.00839	0.00603	0.00541	0.00179	0.00875	0.00428	0.00283	0.00910
20	0.01320	0.03405	0.73453	0.01876	0.02849	0.01529	0.02432	0.02085	0.01390	0.02085	0.01181	0.01390	0.00834	0.00625	0.00625	0.00208	0.00973	0.00486	0.00278	0.00973
21	0.01549	0.01740	0.03276	0.02427	0.02945	0.06898	0.51711	0.01999	0.01481	0.01970	0.01361	0.04345	0.01124	0.00912	0.04776	0.00271	0.09282	0.00764	0.00339	0.00832
22	0.00989	0.04975	0.01138	0.01009	0.01133	0.00894	0.00773	0.01186	0.01058	0.01490	0.01765	0.02771	0.01718	0.15973	0.59007	0.00941	0.01528	0.00725	0.00356	0.00573
23	0.81514	0.01273	0.00968	0.00866	0.01273	0.01477	0.00713	0.01935	0.01120	0.02954	0.00917	0.01069	0.00713	0.00611	0.00407	0.00204	0.00509	0.00356	0.00407	0.00713
24	0.01339	0.07311	0.50253	0.01683	0.02440	0.01489	0.03851	0.02078	0.07670	0.02057	0.01560	0.02180	0.01297	0.05013	0.00799	0.00239	0.00868	0.06619	0.00351	0.00904
25	0.00948	0.00713	0.00969	0.00966	0.01105	0.00775	0.00737	0.01233	0.03912	0.01741	0.09077	0.07028	0.11538	0.05604	0.47166	0.00759	0.01250	0.00903	0.02978	0.00597
26	0.00876	0.00636	0.00830	0.00958	0.01044	0.00602	0.00708	0.01041	0.01339	0.01747	0.03843	0.46575	0.11593	0.05866	0.00983	0.00291	0.00450	0.19470	0.00599	0.00549
27	0.01749	0.43758	0.14401	0.01396	0.01967	0.05894	0.05068	0.06249	0.01481	0.04147	0.01135	0.01395	0.00968	0.04219	0.00709	0.00192	0.03613	0.00462	0.00333	0.00864
28	0.00823	0.00584	0.00769	0.00903	0.00944	0.00550	0.00602	0.00937	0.01256	0.01677	0.05273	0.67265	0.04228	0.08270	0.01049	0.00297	0.00406	0.03044	0.00596	0.00527
29	0.04405	0.12288	0.45013	0.01661	0.02436	0.05822	0.01915	0.10755	0.05642	0.02318	0.01265	0.01410	0.00935	0.00656	0.00597	0.00197	0.00878	0.00490	0.00357	0.00958
30	0.05817	0.01784	0.07303	0.13640	0.07973	0.11920	0.13018	0.05638	0.05706	0.02151	0.01365	0.04174	0.01113	0.00673	0.00630	0.00188	0.00826	0.00595	0.00384	0.15104
31	0.00951	0.00714	0.01026	0.00991	0.01072	0.00716	0.05632	0.01070	0.01110	0.01505	0.02429	0.25452	0.02741	0.35458	0.15622	0.00575	0.00805	0.01172	0.00449	0.00510
32	0.01215	0.01098	0.01538	0.01381	0.01420	0.01451	0.01107	0.01371	0.01018	0.01527	0.01312	0.02177	0.01313	0.11882	0.26045	0.00585	0.41933	0.00666	0.00323	0.00636
33	0.06812	0.01573	0.02121	0.05895	0.06485	0.05850	0.16057	0.21062	0.06778	0.02697	0.01604	0.05545	0.01305	0.00927	0.03682	0.00236	0.00810	0.00677	0.04661	0.05224
34	0.01485	0.05739	0.21636	0.10338	0.07746	0.03518	0.13465	0.08790	0.03331	0.02210	0.03842	0.08119	0.01558	0.00841	0.00688	0.00216	0.00839	0.04366	0.00401	0.00873
35	0.01136	0.00577	0.00865	0.00865	0.00870	0.00581	0.00581	0.00870	0.00865	0.01158	0.01167	0.02023	0.01162	0.02387	0.05274	0.77840	0.00617	0.00577	0.00288	0.00297
36	0.00823	0.00592	0.00764	0.00893	0.00947	0.00553	0.00603	0.00939	0.01264	0.01667	0.03732	0.62627	0.09416	0.08006	0.01039	0.00295	0.00407	0.04310	0.00594	0.00528
37	0.14521	0.02619	0.05767	0.01711	0.04321	0.46080	0.05948	0.07842	0.01790	0.02097	0.01084	0.01265	0.00864	0.00663	0.00586	0.00184	0.01016	0.00459	0.00371	0.00813
38	0.00974	0.00707	0.00861	0.00821	0.01006	0.00648	0.00616	0.01292	0.04297	0.04557	0.47061	0.08974	0.22862	0.01434	0.00773	0.00215	0.00336	0.01246	0.00690	0.00631
39	0.00992	0.00723	0.00848	0.00816	0.01017	0.00653	0.00621	0.03322	0.01680	0.04912	0.30644	0.09190	0.34249	0.02739	0.00821	0.00229	0.00368	0.04898	0.00659	0.00619
40	0.01618	0.01539	0.02608	0.11705	0.60355	0.01575	0.04158	0.04615	0.01542	0.02175	0.01247	0.01646	0.01026	0.00601	0.00657	0.00199	0.00801	0.00593	0.00335	0.01007
41	0.01902	0.20477	0.06216	0.14893	0.08437	0.13041	0.01445	0.17768	0.05680	0.02322	0.01267	0.01465	0.00994	0.00673	0.00589	0.00185	0.00825	0.00508	0.00403	0.00909
42	0.21542	0.03833	0.03863	0.01205	0.01691	0.01485	0.01018	0.16312	0.13594	0.22028	0.01823	0.01748	0.01282	0.00742	0.00583	0.00198	0.00588	0.00558	0.00603	0.05306
43	0.01887	0.34545	0.17384	0.01434	0.02039	0.10337	0.01433	0.15579	0.05679	0.02243	0.01211	0.01321	0.00962	0.00652	0.00544	0.00174	0.00808	0.00457	0.00383	0.00927
44	0.01109	0.00690	0.00808	0.00803	0.00953	0.00695	0.00597	0.03106	0.04188	0.02351	0.19744	0.14975	0.03231	0.01475	0.06817	0.00265	0.00461	0.00971	0.36131	0.00629
45	0.01987	0.01636	0.01682	0.01417	0.01845	0.04451	0.01128	0.28233	0.43722	0.03227	0.02213	0.02086	0.01638	0.00847	0.00663	0.00212	0.00621	0.00677	0.00654	0.01060
46	0.00870	0.00630	0.00790	0.00868	0.00946	0.00601	0.00603	0.01002	0.01274	0.01678	0.07332	0.36849	0.13578	0.18056	0.05474	0.00384	0.00523	0.07464	0.00557	0.00523
47	0.00875	0.00659	0.00827	0.00920	0.01023	0.00614	0.00633	0.01096	0.04980	0.01772	0.03713	0.62082	0.10137	0.01878	0.00806	0.00252	0.00391	0.01686	0.00602	0.05056
48	0.03677	0.08098	0.06684	0.02516	0.10992	0.01700	0.42952	0.07023	0.01620	0.02228	0.01399	0.01944	0.01131	0.00648	0.00714	0.00213	0.00961	0.04228	0.00365	0.00904
49	0.00954	0.00651	0.00782	0.00782	0.00804	0.00673	0.00479	0.00998	0.00976	0.01324	0.02016	0.03984	0.02253	0.63333	0.16690	0.00717	0.00850	0.00910	0.00390	0.00434
50	0.00834	0.00628	0.00760	0.00829	0.00934	0.00582	0.00579	0.00972	0.01317	0.01698	0.06811	0.36206	0.25697	0.10723	0.06130	0.00349	0.00494	0.03349	0.00573	0.00535
51	0.08718	0.12986	0.05914	0.06739	0.09851	0.09085	0.01325	0.13022	0.11115	0.06661	0.01507	0.03627	0.01201	0.00759	0.00678	0.00199	0.04668	0.00571	0.00456	0.00917
52	0.01246	0.01221	0.05564	0.01240	0.01528	0.05084	0.07423	0.05361	0.09835	0.02101	0.09647	0.12176	0.14852	0.09570	0.01045	0.00277	0.00608	0.09971	0.00546	0.00704
53	0.00848	0.00605	0.00790	0.00901	0.00970	0.00565	0.00627	0.00979	0.01329	0.01764	0.10024	0.54370	0.09840	0.04274	0.00976	0.03230	0.00402	0.06370	0.00603	0.00536
54	0.04379	0.04714	0.52517	0.03990	0.05102	0.03576	0.10154	0.04273	0.01467	0.02151	0.01193	0.01433	0.00866	0.00622	0.00632	0.00207	0.00955	0.00520	0.00305	0.00945
55	0.01661	0.01444	0.01750	0.05973	0.21058	0.07944	0.01270	0.17501	0.04520	0.02546	0.08073	0.11823	0.04313	0.00962	0.00676	0.00204	0.00661	0.00826	0.05924	0.00871
56	0.00953	0.00649	0.00746	0.00754	0.00778	0.00647	0.00455	0.00986	0.01019	0.01349	0.02380	0.04523	0.06108	0.66365	0.05559	0.00613	0.00660	0.04612	0.00420	0.00425
57	0.01156	0.00965	0.03849	0.02992	0.08286	0.00875	0.05594	0.01477	0.05083	0.05283	0.08998	0.27779	0.09109	0.09417	0.01032	0.00276	0.00538	0.03053	0.03557	0.00682
58	0.05440	0.44741	0.02534	0.01152	0.01617	0.03386	0.01038	0.05589	0.15985	0.02014	0.01763	0.05725	0.05030	0.00786	0.00529	0.00175	0.00630	0.00583	0.00423	0.00860
59	0.01645	0.26168	0.07062	0.01666	0.09999	0.11107	0.03808	0.03926	0.06964	0.01867	0.03182	0.01734	0.01269	0.03871	0.09949	0.00306	0.03738	0.00546	0.00362	0.00832

[dist]
# distance from previous block
# <min> <max>
0	9

[block]
# block no. 5 follows, 33 sequences, length 51
# corresponding to MSA columns:
# 253-293,297-305,308
name=unknown_F
#
# <colnr> <probs for GDERKNQSTAVLIFYWHMCP>
#	G	D	E	R	K	N	Q	S	T	A	V	L	I	F	Y	W	H	M	C	P
0	0.08701	0.11802	0.12630	0.04591	0.18574	0.07751	0.08153	0.06603	0.05493	0.05259	0.01381	0.03761	0.01115	0.00683	0.00612	0.00196	0.00804	0.00577	0.00391	0.00923
1	0.00985	0.00745	0.01036	0.01013	0.01087	0.00865	0.00750	0.01145	0.01025	0.01460	0.01781	0.02992	0.01799	0.25419	0.48015	0.00875	0.07333	0.00768	0.00361	0.00544
2	0.00798	0.00589	0.00747	0.00874	0.00944	0.00538	0.00592	0.00921	0.01302	0.01697	0.04150	0.64408	0.16043	0.01995	0.00830	0.00260	0.00374	0.01789	0.00611	0.00538
3	0.01097	0.00882	0.01119	0.01283	0.07570	0.00908	0.00841	0.01671	0.18192	0.02038	0.07599	0.39662	0.06436	0.04492	0.00876	0.00260	0.00461	0.03310	0.00598	0.00705
4	0.01917	0.05432	0.04766	0.05894	0.12775	0.15555	0.06120	0.11156	0.11909	0.07055	0.01525	0.01710	0.01181	0.00923	0.04001	0.00241	0.05884	0.00587	0.00448	0.00923
5	0.01524	0.01223	0.01421	0.01027	0.01604	0.00976	0.00826	0.07297	0.01527	0.05298	0.01263	0.01419	0.01014	0.00526	0.00509	0.00110	0.00510	0.00418	0.00430	0.71079
6	0.08456	0.01213	0.01383	0.01052	0.01552	0.01073	0.00845	0.09578	0.01586	0.07309	0.04737	0.04515	0.01389	0.00675	0.00585	0.00142	0.02536	0.00529	0.00473	0.50372
7	0.01072	0.00792	0.01018	0.01071	0.01248	0.00785	0.00884	0.04283	0.04699	0.02200	0.18476	0.11210	0.11238	0.01635	0.00841	0.00264	0.00500	0.36508	0.00637	0.00640
8	0.01834	0.64875	0.05977	0.01221	0.01779	0.08698	0.01195	0.04885	0.01458	0.01683	0.00962	0.01102	0.00856	0.00585	0.00455	0.00148	0.00757	0.00373	0.00302	0.00854
9	0.01243	0.01170	0.01975	0.75282	0.04534	0.01463	0.01828	0.01682	0.01316	0.01682	0.01170	0.01755	0.00878	0.00658	0.00658	0.00219	0.00878	0.00585	0.00293	0.00731
10	0.01963	0.07527	0.02388	0.05224	0.36940	0.25931	0.01647	0.06912	0.01713	0.02049	0.01163	0.01441	0.00963	0.00632	0.00617	0.00184	0.00911	0.00516	0.00349	0.00930
11	0.02398	0.02360	0.01847	0.01563	0.01984	0.35331	0.01224	0.28211	0.10692	0.05764	0.01496	0.01532	0.01123	0.00752	0.00630	0.00188	0.00907	0.00536	0.00519	0.00945
12	0.12795	0.08679	0.13576	0.02392	0.27977	0.03364	0.05721	0.04856	0.01487	0.04168	0.01291	0.04241	0.01077	0.00659	0.00597	0.00192	0.00758	0.00564	0.00368	0.05238
13	0.05281	0.01448	0.09780	0.40795	0.08722	0.01369	0.04251	0.01947	0.01419	0.11018	0.01561	0.01896	0.03681	0.00695	0.00646	0.00210	0.00798	0.00605	0.00383	0.03495
14	0.00940	0.00705	0.01058	0.01058	0.01176	0.00823	0.00823	0.01176	0.01058	0.01528	0.01763	0.02586	0.01646	0.04937	0.74255	0.01058	0.01763	0.00705	0.00353	0.00588
15	0.05612	0.01174	0.04183	0.15625	0.02146	0.03610	0.06443	0.01671	0.03131	0.05109	0.07012	0.10602	0.05326	0.01166	0.00843	0.00239	0.06641	0.14503	0.04252	0.00711
16	0.04721	0.12234	0.15695	0.07293	0.08852	0.03405	0.07816	0.06337	0.01547	0.11009	0.03137	0.06708	0.01352	0.00796	0.00743	0.00207	0.06184	0.00650	0.00420	0.00892
17	0.00939	0.00636	0.00749	0.00766	0.00780	0.00641	0.00455	0.00970	0.00998	0.01340	0.02221	0.12101	0.02551	0.63068	0.08571	0.00630	0.00697	0.01038	0.00419	0.00428
18	0.00829	0.00620	0.00770	0.00836	0.00946	0.00561	0.00587	0.01004	0.01467	0.01942	0.21424	0.42075	0.20955	0.01791	0.00810	0.00242	0.00353	0.01588	0.00639	0.00561
19	0.03495	0.01681	0.13558	0.04409	0.08682	0.06398	0.07017	0.07837	0.06815	0.05340	0.14386	0.04423	0.08822	0.00957	0.00697	0.00212	0.00694	0.03227	0.00506	0.00844
20	0.01526	0.05102	0.13679	0.14342	0.18940	0.04330	0.03879	0.09417	0.06470	0.02212	0.01898	0.07257	0.06451	0.00832	0.00665	0.00208	0.00767	0.00720	0.00412	0.00892
21	0.00930	0.00628	0.00810	0.00899	0.00987	0.00585	0.00623	0.01067	0.01318	0.05074	0.06399	0.52744	0.11271	0.07463	0.03449	0.00312	0.00454	0.03823	0.00601	0.00562
22	0.04691	0.01211	0.03784	0.01094	0.01416	0.01210	0.00892	0.27322	0.02049	0.05092	0.08338	0.15364	0.02279	0.01047	0.00640	0.00200	0.00516	0.00867	0.21166	0.00821
23	0.05526	0.08343	0.03622	0.02148	0.22034	0.05146	0.05664	0.12477	0.09545	0.05423	0.01800	0.04694	0.04337	0.00788	0.00678	0.00201	0.02876	0.00662	0.03101	0.00936
24	0.00941	0.00702	0.01042	0.01042	0.01154	0.00814	0.00803	0.01165	0.01053	0.01516	0.01778	0.02667	0.01681	0.08327	0.70914	0.01038	0.01710	0.00717	0.00355	0.00579
25	0.00866	0.00634	0.00818	0.00862	0.00964	0.00603	0.00610	0.01054	0.01434	0.01949	0.25303	0.32668	0.12370	0.07355	0.09057	0.00356	0.00524	0.01409	0.00604	0.00561
26	0.03599	0.09185	0.43773	0.02147	0.15854	0.04376	0.02044	0.02190	0.06897	0.02109	0.01273	0.01474	0.00964	0.00635	0.00610	0.00200	0.00874	0.00508	0.00324	0.00966
27	0.17026	0.04903	0.03925	0.01486	0.03590	0.07197	0.04873	0.28121	0.14673	0.05505	0.01586	0.01620	0.01173	0.00736	0.00604	0.00201	0.00705	0.00562	0.00543	0.00973
28	0.01073	0.00729	0.00992	0.00928	0.01015	0.00743	0.03836	0.01174	0.01069	0.04950	0.02058	0.06821	0.02194	0.48810	0.20169	0.00683	0.00918	0.00913	0.00414	0.00509
29	0.01221	0.00749	0.00902	0.00852	0.00965	0.00743	0.00571	0.04176	0.01224	0.09571	0.02515	0.08747	0.07418	0.46095	0.10952	0.00565	0.00727	0.00972	0.00481	0.00553
30	0.01513	0.01556	0.12494	0.13295	0.12682	0.03706	0.03061	0.06790	0.01451	0.07280	0.01533	0.02196	0.01318	0.13964	0.08050	0.00361	0.04914	0.00650	0.02381	0.00803
31	0.01583	0.01541	0.02445	0.25464	0.42910	0.05147	0.04772	0.04535	0.01524	0.02055	0.01223	0.01650	0.00984	0.00619	0.00656	0.00203	0.00843	0.00586	0.00329	0.00931
32	0.02042	0.01281	0.01727	0.07941	0.14410	0.01309	0.01222	0.13562	0.09736	0.24336	0.11401	0.02372	0.02036	0.00836	0.00670	0.00204	0.00609	0.00710	0.02612	0.00986
33	0.01174	0.01065	0.01163	0.01129	0.01258	0.11119	0.00855	0.01366	0.01156	0.01510	0.01665	0.02567	0.01600	0.13361	0.52244	0.00852	0.04274	0.00693	0.00354	0.00593
34	0.01375	0.00998	0.01166	0.00917	0.01338	0.00825	0.00723	0.04468	0.01579	0.07924	0.13570	0.02807	0.12094	0.00854	0.00594	0.00150	0.00438	0.00708	0.06996	0.40476
35	0.00821	0.00584	0.00766	0.00893	0.00947	0.00541	0.00602	0.00930	0.01285	0.01705	0.06640	0.65414	0.08970	0.02015	0.00907	0.03711	0.00384	0.01754	0.00602	0.00529
36	0.00896	0.00726	0.00797	0.00848	0.00977	0.03311	0.00603	0.01056	0.01432	0.01821	0.13631	0.32303	0.27023	0.07402	0.00994	0.00270	0.00415	0.04342	0.00600	0.00555
37	0.02014	0.42815	0.07161	0.01402	0.01901	0.31385	0.01266	0.02243	0.01554	0.01607	0.00973	0.01130	0.00845	0.00613	0.00504	0.00157	0.00915	0.00389	0.00305	0.00820
38	0.01547	0.01431	0.05352	0.08729	0.21418	0.03259	0.04059	0.07650	0.01391	0.03027	0.01183	0.01676	0.01015	0.01115	0.01389	0.18531	0.15534	0.00581	0.00341	0.00771
39	0.01508	0.10056	0.26923	0.08954	0.07202	0.01610	0.01670	0.06671	0.10066	0.04313	0.04391	0.01999	0.05405	0.00790	0.00731	0.00208	0.05567	0.00617	0.00409	0.00909
40	0.01422	0.01212	0.04078	0.01382	0.03324	0.03779	0.09727	0.10412	0.04309	0.07055	0.12084	0.19247	0.09512	0.01475	0.05179	0.00276	0.00673	0.03518	0.00569	0.00768
41	0.00897	0.00755	0.03369	0.00876	0.01026	0.00646	0.00657	0.01156	0.03817	0.02026	0.26006	0.30235	0.16999	0.07273	0.00983	0.00264	0.00395	0.01411	0.00622	0.00588
42	0.01685	0.15823	0.21860	0.04175	0.08167	0.03691	0.04182	0.13256	0.03404	0.04785	0.03104	0.01647	0.01168	0.01045	0.06813	0.00267	0.03061	0.00551	0.00396	0.00921
43	0.07361	0.07896	0.04591	0.11738	0.12729	0.12257	0.02841	0.15398	0.09380	0.07381	0.01464	0.01615	0.01105	0.00698	0.00615	0.00196	0.00788	0.00552	0.00458	0.00936
44	0.01588	0.01732	0.10143	0.12439	0.23205	0.06859	0.03316	0.09559	0.05744	0.02230	0.03983	0.06196	0.01437	0.00956	0.03528	0.00243	0.04862	0.00679	0.00404	0.00897
45	0.00827	0.00653	0.00749	0.00800	0.00951	0.00584	0.00577	0.01029	0.03059	0.01844	0.11055	0.31483	0.38879	0.01768	0.00801	0.00239	0.00360	0.03154	0.00622	0.00566
46	0.01688	0.04919	0.09219	0.05754	0.21085	0.01654	0.15435	0.10200	0.06738	0.05411	0.01500	0.04510	0.01214	0.00744	0.00797	0.00214	0.06888	0.00669	0.00413	0.00950
47	0.04183	0.07426	0.04680	0.12199	0.07286	0.06822	0.06574	0.17919	0.08950	0.05484	0.01871	0.02056	0.06055	0.02156	0.03285	0.00239	0.00795	0.00647	0.00474	0.00900
48	0.07554	0.35231	0.14926	0.01370	0.01963	0.02059	0.03046	0.13546	0.01665	0.08343	0.01225	0.01336	0.00951	0.00659	0.00591	0.00179	0.03569	0.00461	0.00400	0.00924
49	0.00951	0.00645	0.00762	0.00763	0.00783	0.00655	0.00458	0.00991	0.01013	0.01370	0.05037	0.05813	0.02520	0.64353	0.10687	0.00656	0.00738	0.00962	0.00413	0.00431
50	0.03634	0.07402	0.24566	0.08073	0.08629	0.03896	0.04462	0.06636	0.05991	0.02205	0.04249	0.05877	0.03296	0.00769	0.00630	0.00197	0.00768	0.00643	0.00396	0.07681

[dist]
# distance from previous block
# <min> <max>
0	1

[block]
# block no. 6 follows, 33 sequences, length 9
# corresponding to MSA columns:
# 310-318
name=unknown_G
#
# <colnr> <probs for GDERKNQSTAVLIFYWHMCP>
#	G	D	E	R	K	N	Q	S	T	A	V	L	I	F	Y	W	H	M	C	P
