[name]
unknown

[dist]
# distance from previous block
# <min> <max>
4	8

[block]
# block no. 0 follows, 33 sequences, length 86
# corresponding to MSA columns:
# 10-95
name=unknown_A
#
# <colnr> <probs for GDERKNQSTAVLIFYWHMCP>
#	G	D	E	R	K	N	Q	S	T	A	V	L	I	F	Y	W	H	M	C	P
0	0.01332	0.01124	0.04144	0.01284	0.06114	0.00906	0.04160	0.01662	0.03747	0.07259	0.05417	0.19952	0.05513	0.01014	0.00648	0.00178	0.00520	0.00896	0.00498	0.33631
1	0.01665	0.01702	0.04780	0.03695	0.23429	0.11380	0.12356	0.04736	0.09139	0.04915	0.05872	0.02397	0.09371	0.00807	0.00686	0.00204	0.00784	0.00733	0.00448	0.00900
2	0.06552	0.00896	0.03697	0.03922	0.01243	0.00803	0.00718	0.01551	0.01331	0.15802	0.07908	0.13206	0.07809	0.29745	0.01699	0.00378	0.00555	0.00998	0.00541	0.00643
3	0.00899	0.00656	0.00749	0.00749	0.00834	0.00638	0.00489	0.00983	0.01140	0.01467	0.03464	0.04704	0.24141	0.43561	0.12272	0.00566	0.00698	0.01057	0.00459	0.00474
4	0.01500	0.01423	0.02409	0.22668	0.51862	0.01500	0.01904	0.01888	0.01429	0.01992	0.01254	0.01771	0.01054	0.03706	0.00763	0.00220	0.00801	0.00601	0.00320	0.00935
5	0.01288	0.00768	0.00937	0.00865	0.01074	0.00714	0.00640	0.02776	0.01472	0.15087	0.11143	0.08570	0.25231	0.16144	0.09958	0.00397	0.00611	0.01082	0.00591	0.00652
6	0.04933	0.01081	0.01310	0.01081	0.01473	0.01031	0.00866	0.09650	0.07513	0.35501	0.10418	0.06452	0.13696	0.01062	0.00692	0.00211	0.00502	0.00879	0.00720	0.00929
7	0.02093	0.05320	0.01698	0.01490	0.01782	0.52026	0.01128	0.02351	0.05048	0.01744	0.01431	0.08358	0.01305	0.00838	0.00658	0.00183	0.03672	0.00594	0.07537	0.00743
8	0.00809	0.00628	0.00737	0.00795	0.00930	0.00556	0.00564	0.00973	0.01447	0.01852	0.14154	0.36041	0.34579	0.01793	0.00804	0.00239	0.00351	0.01568	0.00626	0.00556
9	0.12817	0.01234	0.01348	0.01155	0.01525	0.01317	0.00916	0.13117	0.21864	0.16572	0.07943	0.05277	0.04797	0.04529	0.00781	0.00235	0.00538	0.02476	0.00646	0.00913
10	0.02703	0.00795	0.00898	0.00843	0.01044	0.00762	0.00613	0.01514	0.09431	0.08307	0.17268	0.07219	0.26689	0.17496	0.01300	0.00308	0.00441	0.01118	0.00608	0.00642
11	0.70680	0.01351	0.01106	0.00955	0.01379	0.01554	0.00787	0.11346	0.01391	0.03118	0.01008	0.01140	0.00769	0.00636	0.00442	0.00203	0.00539	0.00389	0.00442	0.00769
12	0.11980	0.01407	0.01510	0.01236	0.01660	0.01527	0.00997	0.27528	0.17588	0.14488	0.05322	0.02080	0.01649	0.02180	0.00672	0.00210	0.00579	0.00644	0.05759	0.00983
13	0.01015	0.00772	0.00933	0.00946	0.01103	0.00764	0.00692	0.04018	0.10355	0.02215	0.24327	0.33437	0.11989	0.01603	0.00788	0.00237	0.00391	0.03110	0.00654	0.00651
14	0.02228	0.07391	0.01588	0.01165	0.01580	0.01263	0.00950	0.15212	0.07201	0.33612	0.02475	0.12308	0.03340	0.00981	0.00657	0.00205	0.00555	0.00808	0.05512	0.00969
15	0.01579	0.01164	0.01291	0.01139	0.01454	0.01230	0.00884	0.19669	0.19133	0.06900	0.08775	0.16505	0.15014	0.01247	0.00725	0.00222	0.00501	0.01054	0.00659	0.00855
16	0.03195	0.00615	0.00748	0.00853	0.00940	0.00573	0.00584	0.00986	0.01308	0.01779	0.05270	0.56127	0.15770	0.03423	0.00851	0.00259	0.00378	0.01657	0.04139	0.00546
17	0.09710	0.01186	0.01422	0.01158	0.01571	0.01167	0.00932	0.17492	0.01993	0.36417	0.07521	0.12358	0.02144	0.01001	0.00671	0.00211	0.00549	0.00823	0.00708	0.00965
18	0.05227	0.01203	0.01398	0.01128	0.01484	0.01218	0.00872	0.23242	0.01947	0.27349	0.02060	0.02621	0.01669	0.23919	0.01469	0.00334	0.00633	0.00719	0.00625	0.00885
19	0.00825	0.00602	0.00766	0.00864	0.00939	0.00555	0.00588	0.00967	0.01357	0.01804	0.13442	0.54307	0.12734	0.05814	0.00955	0.00273	0.00380	0.01671	0.00616	0.00542
20	0.09118	0.01479	0.01588	0.01285	0.01729	0.01604	0.01042	0.35304	0.15183	0.11882	0.05467	0.02312	0.07299	0.00892	0.00654	0.00206	0.00598	0.00700	0.00657	0.01002
21	0.01554	0.01776	0.03885	0.02775	0.03441	0.01665	0.70366	0.02109	0.01554	0.02109	0.01332	0.01776	0.00999	0.00555	0.00777	0.00222	0.01110	0.00777	0.00333	0.00888
22	0.01061	0.00680	0.00862	0.00926	0.01025	0.00649	0.00632	0.01268	0.05094	0.08073	0.03364	0.53165	0.05968	0.12557	0.01172	0.00311	0.00440	0.01556	0.00602	0.00596
23	0.01817	0.01379	0.01520	0.03396	0.02981	0.01499	0.01026	0.29586	0.20671	0.05706	0.02838	0.05469	0.13437	0.04640	0.00817	0.00233	0.00588	0.00832	0.00629	0.00937
24	0.01045	0.04548	0.04628	0.01189	0.01392	0.00974	0.06594	0.01293	0.01121	0.01573	0.01771	0.05294	0.01718	0.13931	0.48955	0.00821	0.01419	0.00761	0.00360	0.00614
25	0.00997	0.00913	0.00895	0.00892	0.01064	0.07583	0.00658	0.01175	0.01522	0.01879	0.16378	0.20972	0.36273	0.01585	0.00833	0.00228	0.03635	0.01337	0.00591	0.00589
26	0.01226	0.00786	0.00931	0.00878	0.01043	0.00764	0.00621	0.05106	0.03464	0.09774	0.07364	0.13268	0.17096	0.27073	0.07309	0.00428	0.00603	0.01096	0.00554	0.00615
27	0.01788	0.01440	0.01764	0.01664	0.09610	0.01568	0.04386	0.26212	0.22264	0.02922	0.04675	0.05742	0.01837	0.07868	0.03015	0.00274	0.00680	0.00763	0.00578	0.00951
28	0.02074	0.16859	0.08911	0.05116	0.02209	0.34052	0.04605	0.11242	0.01818	0.02028	0.01116	0.01296	0.00896	0.00651	0.00579	0.00173	0.00964	0.00461	0.00364	0.04587
29	0.00923	0.00627	0.00743	0.00777	0.00790	0.00624	0.00464	0.00958	0.01028	0.01376	0.02401	0.20022	0.02790	0.57305	0.05939	0.00576	0.00632	0.01146	0.00443	0.00437
30	0.12173	0.05397	0.01596	0.01314	0.01687	0.24867	0.01032	0.12354	0.07213	0.05250	0.04153	0.08712	0.01617	0.00879	0.00612	0.00192	0.00754	0.02892	0.00489	0.06815
31	0.01940	0.01137	0.06071	0.01195	0.04211	0.00930	0.00966	0.02328	0.06199	0.35124	0.16299	0.06713	0.11884	0.01070	0.00705	0.00211	0.00508	0.00906	0.00698	0.00906
32	0.01211	0.00700	0.00832	0.00791	0.00865	0.00676	0.00492	0.01261	0.01126	0.10784	0.04720	0.07507	0.02523	0.60621	0.02786	0.00548	0.00604	0.00971	0.00475	0.00508
33	0.01145	0.00724	0.00920	0.00948	0.01111	0.00668	0.00685	0.01388	0.04767	0.10838	0.06911	0.47480	0.11504	0.01708	0.00789	0.00244	0.00413	0.03617	0.00637	0.03501
34	0.04781	0.00888	0.01382	0.20272	0.03580	0.00946	0.06289	0.01310	0.01301	0.01786	0.02566	0.38118	0.02837	0.04780	0.00881	0.00266	0.00607	0.06297	0.00483	0.00630
35	0.18727	0.01293	0.01503	0.01177	0.01669	0.01281	0.00972	0.16169	0.01968	0.45474	0.02058	0.01875	0.01344	0.00769	0.00610	0.00202	0.00582	0.00587	0.00702	0.01038
36	0.00870	0.00632	0.00757	0.00823	0.00952	0.00576	0.00599	0.01057	0.01439	0.01922	0.12784	0.33825	0.25384	0.01714	0.00783	0.00238	0.00369	0.06661	0.08050	0.00565
37	0.00979	0.00709	0.00889	0.00874	0.00967	0.00748	0.00610	0.03345	0.01137	0.01536	0.02517	0.03785	0.10951	0.35951	0.31375	0.00739	0.01054	0.00899	0.00416	0.00518
38	0.43761	0.01250	0.01268	0.01036	0.01494	0.01307	0.00855	0.07205	0.01571	0.31913	0.01653	0.01586	0.01118	0.00707	0.00529	0.00203	0.00545	0.00498	0.00592	0.00909
39	0.00902	0.00626	0.00780	0.00853	0.00953	0.00571	0.00587	0.01041	0.01362	0.04447	0.10194	0.47797	0.17778	0.07657	0.01010	0.00279	0.00393	0.01599	0.00613	0.00558
40	0.16278	0.01016	0.01168	0.00976	0.01351	0.00949	0.00770	0.01989	0.04411	0.19271	0.19218	0.08583	0.02687	0.00944	0.00622	0.00188	0.00458	0.00781	0.00606	0.17736
41	0.00816	0.00579	0.00760	0.00899	0.00933	0.00544	0.00592	0.00920	0.01233	0.01644	0.03487	0.69863	0.04175	0.08878	0.01069	0.00301	0.00405	0.01788	0.00592	0.00522
42	0.02479	0.01699	0.01858	0.01438	0.01945	0.01850	0.01184	0.57171	0.06120	0.12447	0.01773	0.01728	0.01240	0.00797	0.00654	0.00198	0.00683	0.00609	0.03025	0.01101
43	0.01225	0.00783	0.00921	0.00843	0.01088	0.00709	0.00642	0.01546	0.05921	0.13269	0.25740	0.06233	0.33215	0.03882	0.00839	0.00229	0.00384	0.01170	0.00674	0.00688
44	0.03978	0.00918	0.01099	0.00958	0.01302	0.00767	0.00732	0.01365	0.01327	0.01976	0.02348	0.25810	0.05297	0.01299	0.03471	0.00211	0.00505	0.05309	0.00483	0.40847
45	0.00821	0.00665	0.00733	0.00773	0.00942	0.00590	0.00558	0.01038	0.03934	0.01814	0.07976	0.27457	0.46875	0.01748	0.00793	0.00235	0.00354	0.01506	0.00617	0.00569
46	0.12026	0.00775	0.00851	0.00795	0.01024	0.00733	0.00609	0.01330	0.01639	0.05752	0.36972	0.04744	0.27731	0.01329	0.00721	0.00212	0.00357	0.01118	0.00647	0.00635
47	0.00978	0.00748	0.01130	0.01106	0.01228	0.00821	0.03417	0.01191	0.01202	0.01691	0.08758	0.14240	0.02550	0.03525	0.42506	0.04503	0.04090	0.05295	0.00437	0.00586
48	0.00820	0.00589	0.00771	0.00903	0.00957	0.00550	0.00612	0.00946	0.01291	0.01715	0.06298	0.65471	0.07576	0.04873	0.00933	0.00278	0.00394	0.03879	0.00607	0.00536
49	0.01329	0.03344	0.70834	0.01910	0.02872	0.01534	0.04990	0.02086	0.01396	0.02086	0.01187	0.01404	0.00840	0.00623	0.00631	0.00209	0.00978	0.00497	0.00280	0.00970
50	0.00957	0.00641	0.00733	0.00733	0.00738	0.00646	0.00418	0.00967	0.00962	0.01288	0.02061	0.04232	0.02360	0.73681	0.06488	0.00657	0.00688	0.00946	0.00397	0.00407
51	0.01513	0.01490	0.02542	0.27445	0.41786	0.03177	0.08640	0.01931	0.01452	0.01979	0.01220	0.01675	0.00979	0.00609	0.00665	0.00205	0.00855	0.00601	0.00316	0.00918
52	0.01085	0.01142	0.10890	0.00975	0.01337	0.00786	0.00883	0.01426	0.01646	0.04321	0.36134	0.04037	0.17209	0.01151	0.00705	0.00192	0.00442	0.00984	0.00588	0.14066
53	0.01290	0.01017	0.01202	0.00933	0.01389	0.00794	0.00730	0.01554	0.01441	0.05497	0.08660	0.08809	0.09254	0.00844	0.00584	0.00141	0.00449	0.00711	0.00484	0.54215
54	0.07975	0.01364	0.01448	0.01101	0.01618	0.03619	0.00878	0.15505	0.04388	0.02576	0.01325	0.01551	0.01081	0.03959	0.00653	0.00157	0.00568	0.00468	0.00454	0.49311
55	0.04424	0.04375	0.02051	0.01817	0.07950	0.25979	0.14195	0.02072	0.04509	0.03836	0.01560	0.08653	0.01443	0.06597	0.04190	0.03547	0.00940	0.00711	0.00393	0.00759
56	0.00810	0.00587	0.00768	0.00910	0.00966	0.00545	0.00620	0.00936	0.01287	0.01699	0.03841	0.68767	0.09217	0.02025	0.00838	0.00265	0.00387	0.04381	0.00611	0.00539
57	0.01253	0.11366	0.01621	0.01198	0.01414	0.01243	0.04058	0.04233	0.01218	0.04039	0.01597	0.02313	0.01473	0.08478	0.44662	0.00740	0.07392	0.00661	0.00368	0.00674
58	0.01534	0.04102	0.02513	0.35342	0.20582	0.09065	0.13668	0.01946	0.01459	0.01858	0.01191	0.01646	0.00935	0.00622	0.00663	0.00206	0.00921	0.00594	0.00312	0.00841
59	0.00947	0.00678	0.00919	0.00919	0.00989	0.00747	0.00650	0.01086	0.01017	0.01425	0.01890	0.03289	0.01951	0.34308	0.45302	0.00887	0.01304	0.00808	0.00372	0.00511
60	0.02763	0.01108	0.01474	0.01143	0.01621	0.00983	0.00940	0.06023	0.01910	0.63649	0.05201	0.02325	0.01786	0.00831	0.00655	0.00201	0.00544	0.00677	0.05091	0.01074
61	0.02503	0.01844	0.01976	0.01515	0.02042	0.02042	0.01251	0.70562	0.03095	0.04149	0.01581	0.01581	0.01120	0.00790	0.00659	0.00198	0.00724	0.00593	0.00659	0.01120
62	0.01034	0.00748	0.00788	0.00776	0.00804	0.02848	0.00455	0.01126	0.04307	0.01356	0.02072	0.04129	0.02330	0.71049	0.03144	0.00605	0.00649	0.00932	0.00410	0.00440
63	0.00940	0.00705	0.01058	0.01058	0.01176	0.00823	0.00823	0.01176	0.01058	0.01528	0.01763	0.02586	0.01646	0.04937	0.74255	0.01058	0.01763	0.00705	0.00353	0.00588
64	0.00952	0.00659	0.00821	0.00821	0.00857	0.00694	0.00528	0.01024	0.00988	0.01353	0.01980	0.03785	0.02166	0.54998	0.24906	0.00766	0.00980	0.00881	0.00385	0.00456
65	0.02383	0.01826	0.01905	0.01496	0.01996	0.04257	0.01223	0.59228	0.12446	0.03878	0.01714	0.01688	0.01233	0.00801	0.00658	0.00200	0.00711	0.00608	0.00650	0.01098
66	0.00952	0.00661	0.00833	0.00833	0.00872	0.00701	0.00542	0.01031	0.00991	0.01361	0.01969	0.03727	0.02141	0.52607	0.27263	0.00780	0.01018	0.00872	0.00383	0.00463
67	0.01030	0.00670	0.00862	0.00925	0.01059	0.00602	0.00658	0.01181	0.01362	0.08117	0.03789	0.54405	0.12367	0.01816	0.00803	0.00250	0.00407	0.04643	0.00619	0.04435
68	0.81514	0.01273	0.00968	0.00866	0.01273	0.01477	0.00713	0.01935	0.01120	0.02954	0.00917	0.01069	0.00713	0.00611	0.00407	0.00204	0.00509	0.00356	0.00407	0.00713
69	0.01243	0.01170	0.01975	0.75282	0.04534	0.01463	0.01828	0.01682	0.01316	0.01682	0.01170	0.01755	0.00878	0.00658	0.00658	0.00219	0.00878	0.00585	0.00293	0.00731
70	0.74258	0.01259	0.01019	0.00894	0.01311	0.01430	0.00736	0.02053	0.01191	0.09443	0.01072	0.01178	0.00798	0.00630	0.00431	0.00204	0.00514	0.00385	0.00445	0.00751
71	0.01287	0.00713	0.00925	0.00927	0.01097	0.00646	0.00673	0.01462	0.01473	0.16746	0.10358	0.41245	0.10257	0.03768	0.00850	0.00251	0.00416	0.02695	0.03544	0.00668
72	0.01137	0.00785	0.00948	0.00977	0.01120	0.00782	0.00697	0.08125	0.06058	0.04763	0.04893	0.50403	0.06823	0.03601	0.00842	0.00255	0.00430	0.01492	0.05216	0.00652
73	0.01130	0.01007	0.01582	0.01357	0.01554	0.03624	0.14334	0.01361	0.01172	0.01600	0.01802	0.07244	0.01795	0.19766	0.34050	0.00690	0.04117	0.00832	0.00372	0.00612
74	0.00987	0.00753	0.00826	0.00818	0.01043	0.00687	0.00624	0.01319	0.07770	0.05320	0.08292	0.12285	0.49128	0.01591	0.00777	0.00231	0.00383	0.05904	0.00631	0.00630
75	0.00807	0.00575	0.00762	0.00910	0.00947	0.00538	0.00604	0.00918	0.01250	0.01667	0.03577	0.74037	0.04289	0.04548	0.00924	0.00280	0.00390	0.01841	0.00604	0.00530
76	0.00799	0.00585	0.00752	0.00886	0.00947	0.00537	0.00597	0.00920	0.01290	0.01693	0.04004	0.67769	0.12776	0.02014	0.00833	0.00262	0.00376	0.01812	0.00611	0.00537
77	0.17346	0.01410	0.01527	0.01221	0.01654	0.01508	0.00988	0.32833	0.02160	0.19133	0.01738	0.01927	0.01298	0.07838	0.04288	0.00280	0.00687	0.00602	0.00609	0.00953
78	0.08745	0.00901	0.01021	0.00950	0.01179	0.00901	0.00703	0.06561	0.07013	0.11857	0.09600	0.21167	0.12555	0.12541	0.01107	0.00287	0.00478	0.01122	0.00607	0.00703
79	0.00848	0.00631	0.00800	0.00917	0.01020	0.00584	0.00674	0.01012	0.01367	0.01761	0.04311	0.46422	0.20164	0.01922	0.00839	0.00264	0.00415	0.14887	0.00610	0.00554
80	0.00859	0.00658	0.00795	0.00864	0.00989	0.00611	0.00616	0.01102	0.04722	0.01889	0.13102	0.41685	0.23868	0.01797	0.00809	0.00246	0.00373	0.03809	0.00628	0.00578
81	0.06728	0.05140	0.01561	0.01354	0.04874	0.13255	0.01017	0.19528	0.01927	0.07569	0.07052	0.09184	0.01977	0.04011	0.03406	0.00248	0.00716	0.03914	0.05712	0.00825
82	0.01180	0.00990	0.01172	0.01069	0.01185	0.03825	0.00781	0.01410	0.05721	0.01574	0.01712	0.02933	0.01754	0.33712	0.17113	0.00567	0.14137	0.00751	0.00385	0.08031
83	0.54433	0.08263	0.06753	0.01100	0.01581	0.01600	0.03445	0.05369	0.04660	0.05964	0.01143	0.01261	0.00867	0.00637	0.00474	0.00200	0.00596	0.00424	0.00427	0.00804
84	0.67404	0.04921	0.01174	0.00936	0.01352	0.01549	0.00778	0.08177	0.01340	0.02984	0.03725	0.01263	0.00968	0.00653	0.00445	0.00200	0.00531	0.00410	0.00437	0.00753
85	0.01492	0.00835	0.01022	0.00901	0.01148	0.00758	0.00669	0.04282	0.01586	0.20230	0.15917	0.09843	0.16493	0.17311	0.01284	0.00301	0.00477	0.01045	0.00632	0.03775

[dist]
# distance from previous block
# <min> <max>
0	1

[block]
# block no. 1 follows, 33 sequences, length 34
# corresponding to MSA columns:
# 97-130
name=unknown_B
#
# <colnr> <probs for GDERKNQSTAVLIFYWHMCP>
#	G	D	E	R	K	N	Q	S	T	A	V	L	I	F	Y	W	H	M	C	P
0	0.00906	0.00653	0.00824	0.00932	0.03419	0.00637	0.00575	0.00993	0.01144	0.01520	0.02988	0.32115	0.08605	0.34442	0.06870	0.00475	0.00596	0.01314	0.00492	0.00499
1	0.01910	0.01826	0.02419	0.08136	0.32751	0.13647	0.08947	0.12061	0.01797	0.05642	0.01318	0.01594	0.01030	0.00641	0.00652	0.00193	0.00863	0.00578	0.00400	0.03598
2	0.01068	0.00819	0.01063	0.01187	0.09071	0.00776	0.00780	0.01288	0.01527	0.05772	0.18973	0.09047	0.33165	0.04918	0.03257	0.00267	0.03343	0.02440	0.00584	0.00654
3	0.00874	0.00627	0.00725	0.00782	0.00897	0.00575	0.00546	0.01025	0.01343	0.01787	0.06890	0.30698	0.26237	0.11851	0.01118	0.00289	0.00398	0.03718	0.09082	0.00537
4	0.02021	0.01310	0.01360	0.01151	0.01520	0.09477	0.00909	0.07358	0.12720	0.27120	0.14272	0.03062	0.11214	0.01002	0.00684	0.00204	0.00564	0.00819	0.02330	0.00904
5	0.20284	0.03922	0.01359	0.01089	0.01457	0.01341	0.00873	0.15825	0.09206	0.14047	0.07682	0.02624	0.05035	0.08964	0.00904	0.00253	0.00562	0.03137	0.00587	0.00847
6	0.01084	0.00726	0.00892	0.00891	0.01057	0.00686	0.00655	0.01356	0.05180	0.08081	0.16417	0.23358	0.19678	0.08668	0.04465	0.00311	0.00480	0.04767	0.00621	0.00626
7	0.00884	0.00638	0.00812	0.00909	0.00981	0.00611	0.00633	0.01066	0.03175	0.01756	0.08730	0.46978	0.07603	0.13423	0.01221	0.00320	0.00441	0.08689	0.00588	0.00543
8	0.01098	0.00766	0.00949	0.01004	0.01145	0.00764	0.00720	0.01537	0.13426	0.06559	0.05772	0.51661	0.06242	0.01734	0.00797	0.00253	0.00421	0.03848	0.00638	0.00666
9	0.00974	0.00636	0.00774	0.00779	0.00813	0.00625	0.00491	0.00995	0.01111	0.01493	0.11371	0.06955	0.04832	0.48168	0.02634	0.12140	0.00566	0.03764	0.00448	0.00430
10	0.00964	0.00745	0.00880	0.00862	0.01049	0.00669	0.00626	0.01190	0.03686	0.01861	0.10586	0.22218	0.19842	0.13611	0.01171	0.00287	0.00442	0.06585	0.00558	0.12168
11	0.06259	0.01137	0.01264	0.01169	0.01449	0.03219	0.00916	0.12182	0.16427	0.08779	0.08987	0.19081	0.02831	0.01403	0.03397	0.00263	0.00579	0.09215	0.00629	0.00815
12	0.69935	0.01205	0.00962	0.00859	0.01252	0.01362	0.00703	0.01891	0.01192	0.05925	0.01569	0.01651	0.07976	0.00726	0.00456	0.00206	0.00494	0.00474	0.00446	0.00715
13	0.07154	0.00685	0.00788	0.00810	0.00949	0.00650	0.00575	0.01104	0.01451	0.02046	0.24558	0.25979	0.19432	0.09600	0.01041	0.00274	0.00387	0.01346	0.00607	0.00565
14	0.05346	0.00938	0.01151	0.00974	0.01295	0.00875	0.00767	0.05665	0.03622	0.27528	0.26904	0.03734	0.13223	0.04022	0.00809	0.00224	0.00451	0.00942	0.00709	0.00822
15	0.01097	0.00829	0.01081	0.01018	0.01073	0.00987	0.00753	0.01238	0.01058	0.01584	0.01734	0.02936	0.01750	0.29365	0.22337	0.00608	0.17297	0.00754	0.11949	0.00553
16	0.01165	0.00742	0.00866	0.00815	0.01035	0.00669	0.00612	0.01435	0.04105	0.11338	0.20711	0.10989	0.32004	0.04809	0.00861	0.00235	0.00381	0.01201	0.05372	0.00657
17	0.07084	0.00805	0.00960	0.00879	0.01096	0.00762	0.00651	0.02897	0.01560	0.15972	0.22855	0.12846	0.11037	0.13506	0.01139	0.00283	0.00445	0.01064	0.03480	0.00680
18	0.00932	0.00614	0.00736	0.00787	0.00833	0.00596	0.00502	0.01038	0.01196	0.01684	0.08598	0.30345	0.03342	0.33897	0.01864	0.00407	0.00476	0.01267	0.10391	0.00494
19	0.01476	0.02174	0.25597	0.02014	0.02510	0.01777	0.18018	0.04979	0.01355	0.01986	0.01110	0.01509	0.00898	0.00824	0.01269	0.00243	0.30497	0.00595	0.00312	0.00860
20	0.01059	0.00702	0.00835	0.00820	0.00890	0.00704	0.00526	0.01233	0.05064	0.04550	0.10866	0.11107	0.02962	0.49641	0.05856	0.00528	0.00616	0.01039	0.00489	0.00514
21	0.01638	0.01286	0.01395	0.08647	0.01790	0.07802	0.01012	0.17851	0.06744	0.07911	0.09352	0.20106	0.06745	0.01219	0.00724	0.00222	0.00607	0.03547	0.00596	0.00804
22	0.04190	0.01339	0.01714	0.01341	0.04978	0.01160	0.06909	0.11451	0.01624	0.02452	0.01237	0.01433	0.00992	0.00545	0.00541	0.00130	0.00589	0.00460	0.00421	0.56495
23	0.05312	0.13686	0.05863	0.01293	0.01681	0.01442	0.08742	0.11259	0.06205	0.05979	0.04618	0.02863	0.04702	0.18147	0.01258	0.00302	0.00688	0.04706	0.00475	0.00780
24	0.01076	0.00708	0.00858	0.00813	0.01020	0.00625	0.00612	0.01307	0.01669	0.09725	0.33513	0.12359	0.30291	0.01482	0.00771	0.00218	0.00353	0.01277	0.00681	0.00641
25	0.08563	0.05620	0.37703	0.01667	0.02405	0.06296	0.09817	0.01993	0.01416	0.02105	0.01409	0.01608	0.04222	0.00646	0.00601	0.00189	0.00853	0.00528	0.00331	0.12025
26	0.01333	0.03315	0.69587	0.01926	0.02882	0.01536	0.06207	0.02086	0.01399	0.02086	0.01190	0.01411	0.00843	0.00622	0.00634	0.00209	0.00981	0.00503	0.00281	0.00968
27	0.01305	0.01107	0.01301	0.00969	0.01496	0.00841	0.00762	0.01579	0.01354	0.02096	0.01431	0.09346	0.01334	0.00655	0.00525	0.00116	0.00476	0.00548	0.00414	0.72345
28	0.01927	0.21372	0.11787	0.03958	0.02005	0.04273	0.03093	0.08648	0.04743	0.16268	0.02817	0.01614	0.01201	0.00667	0.00571	0.00172	0.00700	0.00515	0.00468	0.13202
29	0.02104	0.02363	0.01683	0.01514	0.01827	0.45888	0.01156	0.12685	0.01870	0.01985	0.01338	0.03914	0.01163	0.01606	0.15609	0.00358	0.01208	0.00553	0.00399	0.00775
30	0.00956	0.00643	0.00743	0.00743	0.00752	0.00652	0.00430	0.00973	0.00965	0.01295	0.02051	0.04181	0.02338	0.71546	0.08593	0.00669	0.00721	0.00939	0.00395	0.00413
31	0.01395	0.01325	0.02250	0.47201	0.31425	0.01503	0.01904	0.01815	0.01388	0.01867	0.01197	0.01706	0.00943	0.00630	0.00656	0.00210	0.00840	0.00586	0.00306	0.00854
32	0.11062	0.04978	0.01406	0.01121	0.01505	0.12954	0.00883	0.04660	0.07831	0.16009	0.02491	0.06873	0.11562	0.03421	0.00706	0.00205	0.00616	0.00732	0.00541	0.10445
33	0.01849	0.10150	0.24100	0.01490	0.02133	0.07031	0.04317	0.02485	0.11010	0.16769	0.01640	0.01671	0.01184	0.00678	0.00604	0.00186	0.00760	0.00538	0.00463	0.10941

[dist]
# distance from previous block
# <min> <max>
0	1

[block]
# block no. 2 follows, 33 sequences, length 14
# corresponding to MSA columns:
# 132-145
name=unknown_C
#
# <colnr> <probs for GDERKNQSTAVLIFYWHMCP>
#	G	D	E	R	K	N	Q	S	T	A	V	L	I	F	Y	W	H	M	C	P
0	0.50085	0.05502	0.01395	0.01122	0.01540	0.16211	0.00909	0.08397	0.01503	0.06575	0.01090	0.01203	0.00834	0.00650	0.00483	0.00193	0.00678	0.00408	0.00433	0.00789
1	0.02072	0.01574	0.01601	0.06556	0.01908	0.11241	0.01084	0.28177	0.02177	0.13957	0.02377	0.08988	0.09500	0.00970	0.00672	0.00200	0.00685	0.00777	0.00591	0.04893
2	0.13868	0.01427	0.01577	0.01225	0.01720	0.01455	0.01005	0.30480	0.02198	0.21160	0.05034	0.01801	0.01410	0.00754	0.00604	0.00186	0.00598	0.00576	0.00627	0.12293
3	0.00953	0.00738	0.00834	0.00857	0.01028	0.00688	0.00620	0.07577	0.01548	0.01962	0.04860	0.36403	0.36011	0.01756	0.00794	0.00240	0.00392	0.01523	0.00616	0.00600
4	0.02398	0.01526	0.01728	0.01380	0.01856	0.01627	0.01131	0.37891	0.14583	0.21807	0.02132	0.02198	0.01541	0.00866	0.00674	0.00209	0.00640	0.04033	0.00699	0.01081
5	0.01038	0.00727	0.00863	0.00831	0.01037	0.00659	0.00630	0.01334	0.04531	0.07258	0.29904	0.11599	0.31784	0.01497	0.00775	0.00222	0.00363	0.03637	0.00670	0.00640
6	0.45564	0.06672	0.09650	0.01209	0.01690	0.14729	0.01087	0.08630	0.01488	0.02638	0.01028	0.01175	0.00798	0.00639	0.00491	0.00194	0.00717	0.00406	0.00396	0.00799
7	0.11339	0.44309	0.13198	0.01166	0.01735	0.01996	0.01200	0.01974	0.01374	0.06920	0.01624	0.01696	0.07721	0.00702	0.00502	0.00171	0.00675	0.00494	0.00366	0.00840
8	0.09376	0.61067	0.08115	0.01183	0.01750	0.05981	0.01187	0.02009	0.01347	0.01724	0.00939	0.01088	0.00832	0.00578	0.00444	0.00153	0.00729	0.00366	0.00296	0.00837
9	0.01690	0.35207	0.19550	0.01463	0.02072	0.08517	0.06948	0.02057	0.01447	0.06091	0.01470	0.01624	0.04847	0.00832	0.03399	0.00210	0.00856	0.00514	0.00343	0.00862
10	0.04971	0.43108	0.02493	0.01121	0.01538	0.03595	0.03439	0.01864	0.01332	0.08123	0.01583	0.02032	0.04964	0.13483	0.01033	0.00246	0.03368	0.00562	0.00376	0.00769
11	0.01678	0.55039	0.07246	0.01178	0.01692	0.09096	0.01145	0.01926	0.01447	0.01698	0.07725	0.01690	0.04721	0.00702	0.00500	0.00158	0.00713	0.00493	0.00343	0.00811
12	0.07447	0.26903	0.12838	0.01032	0.01495	0.01470	0.01032	0.01560	0.01421	0.01890	0.07315	0.03308	0.27906	0.01035	0.00606	0.00190	0.00569	0.00810	0.00440	0.00733
13	0.06942	0.17694	0.04378	0.01052	0.01417	0.09916	0.00913	0.01748	0.01556	0.08418	0.10984	0.03578	0.22012	0.01096	0.00647	0.00199	0.00589	0.05619	0.00512	0.00732

[dist]
# distance from previous block
# <min> <max>
0	11

# created by:
# /home/berkeley/.conda/envs/busco_data_prod/bin/msa2prfl.pl pipeline/OGs_align_augustus/4893/39751.fs
