[name]
unknown

[dist]
# distance from previous block
# <min> <max>
0	18

[block]
# block no. 0 follows, 33 sequences, length 100
# corresponding to MSA columns:
# 18-117
name=unknown_A
#
# <colnr> <probs for GDERKNQSTAVLIFYWHMCP>
#	G	D	E	R	K	N	Q	S	T	A	V	L	I	F	Y	W	H	M	C	P
0	0.07866	0.01317	0.03696	0.04607	0.05565	0.03433	0.14995	0.03736	0.03473	0.02118	0.03735	0.09168	0.04050	0.03266	0.00869	0.00235	0.05000	0.12153	0.00449	0.10269
1	0.06965	0.01465	0.01967	0.05524	0.08178	0.04600	0.05183	0.06139	0.03385	0.05979	0.01226	0.01735	0.01074	0.06073	0.01553	0.00274	0.36906	0.00605	0.00376	0.00795
2	0.03819	0.03889	0.11764	0.15087	0.11456	0.04354	0.11261	0.03846	0.07263	0.04405	0.03486	0.04562	0.01355	0.00722	0.00643	0.00200	0.00775	0.00650	0.05055	0.05407
3	0.00912	0.00672	0.00835	0.03153	0.01018	0.00644	0.00590	0.01101	0.01457	0.01971	0.31349	0.10506	0.15954	0.21502	0.05169	0.00371	0.00498	0.01174	0.00578	0.00546
4	0.01516	0.01188	0.01375	0.01024	0.01565	0.00980	0.00818	0.03945	0.08198	0.06628	0.01454	0.01573	0.01147	0.00567	0.00520	0.00121	0.00495	0.00456	0.03635	0.62796
5	0.01610	0.18788	0.13128	0.01573	0.02132	0.01700	0.13642	0.04165	0.10208	0.06082	0.01715	0.01852	0.05148	0.00728	0.00716	0.00191	0.05962	0.00600	0.00411	0.09649
6	0.00950	0.00635	0.00720	0.00728	0.00730	0.00633	0.00410	0.00955	0.00973	0.01297	0.02153	0.07953	0.02492	0.73084	0.03224	0.00619	0.00625	0.01004	0.00410	0.00406
7	0.00940	0.00705	0.01058	0.01058	0.01176	0.00823	0.00823	0.01176	0.01058	0.01528	0.01763	0.02586	0.01646	0.04937	0.74255	0.01058	0.01763	0.00705	0.00353	0.00588
8	0.06841	0.00660	0.00638	0.00631	0.00802	0.00674	0.00478	0.01562	0.01362	0.02489	0.02061	0.02358	0.01619	0.00756	0.00457	0.00157	0.00321	0.00596	0.74917	0.00621
9	0.01304	0.00688	0.00696	0.00668	0.00844	0.00700	0.00508	0.05690	0.01484	0.02556	0.02113	0.02402	0.01653	0.00768	0.00472	0.00156	0.00332	0.00612	0.75711	0.00644
10	0.00940	0.00705	0.01058	0.01058	0.01176	0.00823	0.00823	0.01176	0.01058	0.01528	0.01763	0.02586	0.01646	0.04937	0.74255	0.01058	0.01763	0.00705	0.00353	0.00588
11	0.00806	0.00579	0.00758	0.00899	0.00944	0.00539	0.00599	0.00919	0.01260	0.01671	0.03709	0.70796	0.07309	0.04666	0.00925	0.00278	0.00389	0.01818	0.00604	0.00531
12	0.00802	0.00573	0.00764	0.00917	0.00955	0.00535	0.00611	0.00917	0.01260	0.01681	0.03628	0.76434	0.04354	0.02062	0.00840	0.00267	0.00382	0.01872	0.00611	0.00535
13	0.01448	0.01566	0.03195	0.26592	0.03744	0.01610	0.45566	0.01951	0.01458	0.01951	0.01263	0.01758	0.00955	0.00608	0.00783	0.00223	0.03471	0.00707	0.00318	0.00831
14	0.02503	0.01844	0.01976	0.01515	0.02042	0.02042	0.01251	0.70562	0.03095	0.04149	0.01581	0.01581	0.01120	0.00790	0.00659	0.00198	0.00724	0.00593	0.00659	0.01120
15	0.00886	0.00722	0.00776	0.00754	0.00969	0.00644	0.00567	0.03186	0.03663	0.02039	0.18787	0.08918	0.52609	0.01574	0.00774	0.00221	0.00349	0.01330	0.00636	0.00599
16	0.01738	0.01756	0.06262	0.01247	0.01686	0.18885	0.01037	0.06175	0.01596	0.05705	0.01420	0.03818	0.01174	0.00807	0.02610	0.00180	0.04055	0.00518	0.09558	0.29774
17	0.01617	0.01556	0.02628	0.03886	0.68015	0.01594	0.01982	0.01991	0.01466	0.02113	0.01213	0.01617	0.01031	0.00624	0.00752	0.00202	0.05781	0.00586	0.00323	0.01021
18	0.01383	0.01266	0.02021	0.53926	0.14080	0.01458	0.01728	0.05675	0.01449	0.01934	0.01204	0.01691	0.00924	0.00640	0.00642	0.00204	0.00820	0.00568	0.00327	0.08060
19	0.01527	0.01719	0.03217	0.06109	0.03059	0.08087	0.51959	0.01986	0.01534	0.01989	0.01581	0.11016	0.01397	0.00759	0.00762	0.00223	0.01015	0.00872	0.00366	0.00825
20	0.02503	0.01844	0.01976	0.01515	0.02042	0.02042	0.01251	0.70562	0.03095	0.04149	0.01581	0.01581	0.01120	0.00790	0.00659	0.00198	0.00724	0.00593	0.00659	0.01120
21	0.00955	0.00647	0.00760	0.00760	0.00775	0.00661	0.00452	0.00985	0.00970	0.01308	0.02036	0.04094	0.02300	0.67909	0.12178	0.00691	0.00778	0.00926	0.00393	0.00422
22	0.00940	0.00705	0.01058	0.01058	0.01176	0.00823	0.00823	0.01176	0.01058	0.01528	0.01763	0.02586	0.01646	0.04937	0.74255	0.01058	0.01763	0.00705	0.00353	0.00588
23	0.00796	0.00668	0.00691	0.00685	0.00900	0.00563	0.00514	0.00979	0.01542	0.01877	0.14213	0.06173	0.64885	0.01630	0.00778	0.00221	0.00331	0.01367	0.00624	0.00563
24	0.81514	0.01273	0.00968	0.00866	0.01273	0.01477	0.00713	0.01935	0.01120	0.02954	0.00917	0.01069	0.00713	0.00611	0.00407	0.00204	0.00509	0.00356	0.00407	0.00713
25	0.02503	0.01844	0.01976	0.01515	0.02042	0.02042	0.01251	0.70562	0.03095	0.04149	0.01581	0.01581	0.01120	0.00790	0.00659	0.00198	0.00724	0.00593	0.00659	0.01120
26	0.01792	0.01491	0.01576	0.01371	0.01771	0.01710	0.01079	0.15493	0.59321	0.03003	0.02483	0.02300	0.01850	0.00875	0.00668	0.00219	0.00557	0.00717	0.00668	0.01056
27	0.01365	0.01170	0.01365	0.00975	0.01560	0.00878	0.00780	0.01658	0.01365	0.02145	0.01170	0.01365	0.00975	0.00488	0.00488	0.00098	0.00488	0.00390	0.00390	0.80888
28	0.02282	0.16489	0.02166	0.01587	0.01957	0.54630	0.01253	0.05195	0.01776	0.01701	0.01014	0.01192	0.00859	0.00686	0.00644	0.00171	0.04844	0.00425	0.00339	0.00790
29	0.01365	0.01170	0.01365	0.00975	0.01560	0.00878	0.00780	0.01658	0.01365	0.02145	0.01170	0.01365	0.00975	0.00488	0.00488	0.00098	0.00488	0.00390	0.00390	0.80888
30	0.01038	0.00821	0.03308	0.00887	0.01113	0.00690	0.00699	0.01332	0.01696	0.04475	0.50441	0.06190	0.07854	0.04749	0.03776	0.00251	0.00432	0.01070	0.00643	0.08537
31	0.01283	0.01211	0.02047	0.67860	0.11641	0.01473	0.01848	0.01717	0.01335	0.01731	0.01177	0.01742	0.00895	0.00651	0.00658	0.00217	0.00868	0.00585	0.00296	0.00764
32	0.01243	0.01170	0.01975	0.75282	0.04534	0.01463	0.01828	0.01682	0.01316	0.01682	0.01170	0.01755	0.00878	0.00658	0.00658	0.00219	0.00878	0.00585	0.00293	0.00731
33	0.00802	0.00573	0.00764	0.00917	0.00955	0.00535	0.00611	0.00917	0.01260	0.01681	0.03628	0.76434	0.04354	0.02062	0.00840	0.00267	0.00382	0.01872	0.00611	0.00535
34	0.01243	0.01170	0.01975	0.75282	0.04534	0.01463	0.01828	0.01682	0.01316	0.01682	0.01170	0.01755	0.00878	0.00658	0.00658	0.00219	0.00878	0.00585	0.00293	0.00731
35	0.01554	0.01776	0.03885	0.02775	0.03441	0.01665	0.70366	0.02109	0.01554	0.02109	0.01332	0.01776	0.00999	0.00555	0.00777	0.00222	0.01110	0.00777	0.00333	0.00888
36	0.01440	0.01440	0.02016	0.01728	0.01728	0.02016	0.01440	0.01584	0.01008	0.01584	0.00864	0.01440	0.00864	0.01152	0.02160	0.00288	0.75659	0.00576	0.00288	0.00720
37	0.02459	0.03138	0.01866	0.01696	0.02035	0.74221	0.01272	0.02629	0.01866	0.01611	0.01018	0.01187	0.00848	0.00678	0.00594	0.00170	0.01187	0.00424	0.00339	0.00763
38	0.81514	0.01273	0.00968	0.00866	0.01273	0.01477	0.00713	0.01935	0.01120	0.02954	0.00917	0.01069	0.00713	0.00611	0.00407	0.00204	0.00509	0.00356	0.00407	0.00713
39	0.01440	0.10047	0.03800	0.01354	0.09355	0.03317	0.00973	0.08587	0.01651	0.08573	0.05563	0.17393	0.22861	0.01253	0.00701	0.00212	0.00542	0.01059	0.00549	0.00771
40	0.00819	0.00586	0.00779	0.00905	0.00959	0.00546	0.00612	0.00958	0.01337	0.01803	0.12400	0.67314	0.04591	0.01971	0.00832	0.00260	0.00373	0.01785	0.00626	0.00546
41	0.01868	0.01535	0.01613	0.06010	0.04503	0.08794	0.01126	0.15945	0.29154	0.08326	0.11852	0.02410	0.02169	0.00883	0.00673	0.00208	0.00633	0.00723	0.00617	0.00957
42	0.01596	0.01684	0.01994	0.27434	0.19418	0.18302	0.01579	0.01924	0.01525	0.01876	0.09128	0.01925	0.01508	0.00761	0.00770	0.00206	0.06597	0.00615	0.00359	0.00799
43	0.81514	0.01273	0.00968	0.00866	0.01273	0.01477	0.00713	0.01935	0.01120	0.02954	0.00917	0.01069	0.00713	0.00611	0.00407	0.00204	0.00509	0.00356	0.00407	0.00713
44	0.69599	0.01359	0.01120	0.00964	0.01389	0.01562	0.00794	0.12284	0.01418	0.03134	0.01017	0.01147	0.00774	0.00638	0.00445	0.00203	0.00542	0.00392	0.00445	0.00774
45	0.02954	0.01120	0.01528	0.01171	0.01681	0.00968	0.00968	0.03208	0.01884	0.73213	0.02597	0.02241	0.01630	0.00815	0.00662	0.00204	0.00560	0.00662	0.00815	0.01120
46	0.00950	0.00697	0.01015	0.01015	0.01123	0.00800	0.00775	0.01167	0.01059	0.01534	0.01802	0.02734	0.01713	0.11149	0.65810	0.00994	0.01621	0.00725	0.02746	0.00572
47	0.01243	0.01170	0.01975	0.75282	0.04534	0.01463	0.01828	0.01682	0.01316	0.01682	0.01170	0.01755	0.00878	0.00658	0.00658	0.00219	0.00878	0.00585	0.00293	0.00731
48	0.01637	0.01414	0.01489	0.01340	0.01712	0.01637	0.01042	0.03498	0.71568	0.02754	0.02679	0.02456	0.02010	0.00893	0.00670	0.00223	0.00521	0.00744	0.00670	0.01042
49	0.01583	0.01520	0.02575	0.10938	0.62902	0.01574	0.01976	0.01968	0.01459	0.02080	0.01215	0.01633	0.01019	0.00619	0.00719	0.00202	0.04114	0.00586	0.00321	0.00998
50	0.01278	0.01214	0.02078	0.68389	0.09021	0.01475	0.03895	0.01717	0.01336	0.01726	0.01179	0.01747	0.00892	0.00650	0.00661	0.00218	0.00878	0.00591	0.00296	0.00757
51	0.03840	0.16520	0.17956	0.01641	0.04356	0.08276	0.10408	0.04483	0.03619	0.08005	0.03579	0.09372	0.01564	0.00837	0.00638	0.00201	0.00795	0.02617	0.00422	0.00868
52	0.74626	0.03643	0.01093	0.00921	0.01329	0.05662	0.00757	0.01976	0.01169	0.02835	0.00922	0.01076	0.00725	0.00614	0.00418	0.00200	0.00554	0.00360	0.00400	0.00720
53	0.01807	0.01340	0.01480	0.01300	0.01668	0.01482	0.01023	0.14882	0.41850	0.10018	0.02616	0.10888	0.02147	0.01034	0.00695	0.00225	0.00548	0.03333	0.00674	0.00990
54	0.01243	0.01170	0.01975	0.75282	0.04534	0.01463	0.01828	0.01682	0.01316	0.01682	0.01170	0.01755	0.00878	0.00658	0.00658	0.00219	0.00878	0.00585	0.00293	0.00731
55	0.01365	0.01170	0.01365	0.00975	0.01560	0.00878	0.00780	0.01658	0.01365	0.02145	0.01170	0.01365	0.00975	0.00488	0.00488	0.00098	0.00488	0.00390	0.00390	0.80888
56	0.01144	0.00572	0.00858	0.00858	0.00858	0.00572	0.00572	0.00858	0.00858	0.01144	0.01144	0.02001	0.01144	0.02287	0.02573	0.80846	0.00572	0.00572	0.00286	0.00286
57	0.01362	0.03145	0.63055	0.02124	0.09216	0.01540	0.06287	0.02080	0.01409	0.02092	0.01195	0.01434	0.00862	0.00618	0.00637	0.00208	0.00963	0.00512	0.00285	0.00974
58	0.01039	0.00742	0.01036	0.01187	0.01330	0.00739	0.01023	0.01326	0.01494	0.01946	0.03498	0.13236	0.03836	0.01839	0.00903	0.00300	0.00587	0.62731	0.00607	0.00600
59	0.00959	0.00692	0.00798	0.00762	0.00971	0.00603	0.00575	0.01183	0.01652	0.06131	0.30944	0.07370	0.41960	0.01509	0.00773	0.00217	0.00339	0.01286	0.00665	0.00612
60	0.04720	0.00815	0.01042	0.00993	0.01237	0.00764	0.00795	0.01803	0.01593	0.21339	0.12964	0.15228	0.06028	0.01335	0.00733	0.00232	0.00466	0.16728	0.10447	0.00739
61	0.01017	0.00711	0.00781	0.00761	0.00926	0.00672	0.00549	0.05038	0.01525	0.02102	0.15313	0.11011	0.27348	0.12562	0.01096	0.00271	0.00396	0.01139	0.16197	0.00584
62	0.00920	0.00672	0.00864	0.00816	0.00976	0.00616	0.00612	0.01219	0.01836	0.02574	0.67358	0.05027	0.11305	0.01371	0.00777	0.00208	0.00312	0.01206	0.00716	0.00616
63	0.01147	0.00949	0.01404	0.07890	0.01663	0.01153	0.02599	0.05223	0.01200	0.01712	0.01551	0.02259	0.01411	0.03634	0.50665	0.00796	0.13062	0.00670	0.00354	0.00658
64	0.78329	0.01296	0.01008	0.00892	0.01304	0.01500	0.00735	0.04702	0.01200	0.03002	0.00943	0.01090	0.00729	0.00618	0.00418	0.00203	0.00518	0.00366	0.00418	0.00729
65	0.00957	0.00638	0.00718	0.00718	0.00718	0.00638	0.00399	0.00957	0.00957	0.01276	0.02074	0.04308	0.02393	0.76864	0.03351	0.00638	0.00638	0.00957	0.00399	0.00399
66	0.01493	0.01216	0.01388	0.01081	0.01589	0.01077	0.00854	0.02203	0.20418	0.05450	0.01716	0.03936	0.01385	0.00659	0.00555	0.00141	0.00497	0.00542	0.00491	0.53308
67	0.02425	0.02051	0.01880	0.01505	0.01972	0.17198	0.01213	0.52545	0.02744	0.03523	0.01492	0.01544	0.01093	0.00765	0.00634	0.00189	0.00800	0.00558	0.04848	0.01017
68	0.01701	0.01734	0.02493	0.10998	0.56364	0.11243	0.01901	0.02067	0.01529	0.02031	0.01202	0.01583	0.01000	0.00606	0.00645	0.00195	0.00846	0.00565	0.00324	0.00974
69	0.00814	0.00688	0.00707	0.00699	0.00919	0.00590	0.00525	0.01039	0.03418	0.01877	0.12109	0.06111	0.64999	0.01619	0.00775	0.00221	0.00337	0.01355	0.00622	0.00574
70	0.02646	0.01114	0.01465	0.01151	0.01618	0.01003	0.00941	0.05148	0.06063	0.59472	0.07505	0.02560	0.04434	0.00885	0.00674	0.00206	0.00538	0.00727	0.00788	0.01062
71	0.02954	0.01120	0.01528	0.01171	0.01681	0.00968	0.00968	0.03208	0.01884	0.73213	0.02597	0.02241	0.01630	0.00815	0.00662	0.00204	0.00560	0.00662	0.00815	0.01120
72	0.00809	0.00580	0.00779	0.00924	0.00966	0.00549	0.00622	0.00930	0.01250	0.01673	0.03534	0.72703	0.04217	0.02208	0.04550	0.00307	0.00452	0.01813	0.00598	0.00537
73	0.01535	0.01740	0.03771	0.07101	0.03506	0.01653	0.66277	0.02083	0.01540	0.02083	0.01322	0.01775	0.00992	0.00561	0.00770	0.00222	0.01096	0.00765	0.00331	0.00879
74	0.00957	0.00642	0.00735	0.00735	0.00741	0.00648	0.00420	0.00968	0.00962	0.01289	0.02059	0.04221	0.02356	0.73229	0.06934	0.00659	0.00695	0.00945	0.00397	0.00408
75	0.01320	0.03405	0.73453	0.01876	0.02849	0.01529	0.02432	0.02085	0.01390	0.02085	0.01181	0.01390	0.00834	0.00625	0.00625	0.00208	0.00973	0.00486	0.00278	0.00973
76	0.01440	0.01440	0.02016	0.01728	0.01728	0.02016	0.01440	0.01584	0.01008	0.01584	0.00864	0.01440	0.00864	0.01152	0.02160	0.00288	0.75659	0.00576	0.00288	0.00720
77	0.02954	0.01120	0.01528	0.01171	0.01681	0.00968	0.00968	0.03208	0.01884	0.73213	0.02597	0.02241	0.01630	0.00815	0.00662	0.00204	0.00560	0.00662	0.00815	0.01120
78	0.01130	0.00572	0.00854	0.00860	0.00861	0.00570	0.00573	0.00860	0.00874	0.01165	0.01242	0.04959	0.01271	0.02278	0.02504	0.77644	0.00564	0.00623	0.00299	0.00296
79	0.01554	0.01776	0.03885	0.02775	0.03441	0.01665	0.70366	0.02109	0.01554	0.02109	0.01332	0.01776	0.00999	0.00555	0.00777	0.00222	0.01110	0.00777	0.00333	0.00888
80	0.01440	0.01440	0.02016	0.01728	0.01728	0.02016	0.01440	0.01584	0.01008	0.01584	0.00864	0.01440	0.00864	0.01152	0.02160	0.00288	0.75659	0.00576	0.00288	0.00720
81	0.43714	0.01397	0.01323	0.01078	0.01532	0.01523	0.00885	0.21811	0.01784	0.06759	0.04059	0.01458	0.01121	0.00691	0.00515	0.00192	0.00564	0.00477	0.00512	0.08606
82	0.00979	0.00762	0.01132	0.01110	0.01218	0.00915	0.00871	0.01207	0.01054	0.01533	0.01694	0.02498	0.01585	0.04645	0.68686	0.00999	0.07471	0.00695	0.00348	0.00598
83	0.01791	0.01694	0.02886	0.02816	0.25742	0.03640	0.26880	0.11916	0.01731	0.05510	0.01343	0.01674	0.01042	0.00667	0.00833	0.00213	0.07607	0.00655	0.00395	0.00964
84	0.01686	0.01403	0.01490	0.01334	0.01711	0.01613	0.01039	0.03487	0.68994	0.05356	0.02676	0.02448	0.01996	0.00890	0.00670	0.00223	0.00522	0.00741	0.00675	0.01045
85	0.01373	0.01348	0.02002	0.26794	0.02685	0.01828	0.01573	0.01618	0.01113	0.01618	0.00968	0.01548	0.00869	0.00984	0.01648	0.00265	0.50175	0.00579	0.00290	0.00724
86	0.00950	0.00669	0.00873	0.00873	0.00926	0.00722	0.00592	0.01057	0.01003	0.01391	0.01933	0.03525	0.02053	0.44152	0.35598	0.00829	0.01150	0.00843	0.00378	0.00485
87	0.00785	0.00667	0.00676	0.00674	0.00893	0.00559	0.00506	0.00958	0.01517	0.01817	0.09586	0.06273	0.69549	0.01653	0.00778	0.00222	0.00332	0.01381	0.00616	0.00559
88	0.02100	0.04091	0.14693	0.02024	0.18633	0.03784	0.01519	0.09227	0.01748	0.25444	0.01672	0.01725	0.01182	0.00700	0.00675	0.00194	0.02925	0.00568	0.00512	0.06585
89	0.04590	0.20238	0.21651	0.01672	0.08257	0.06099	0.01541	0.10848	0.05785	0.06493	0.01395	0.01624	0.01096	0.00689	0.00582	0.00187	0.00779	0.02507	0.00408	0.03561
90	0.01783	0.26434	0.17621	0.01836	0.11680	0.17378	0.03572	0.02144	0.01538	0.04110	0.05199	0.01513	0.01207	0.00657	0.00572	0.00177	0.00860	0.00498	0.00343	0.00879
91	0.01639	0.36717	0.24563	0.03438	0.07013	0.06319	0.03677	0.04070	0.01468	0.01884	0.03001	0.01364	0.01014	0.00621	0.00543	0.00175	0.00826	0.00462	0.00312	0.00893
92	0.01243	0.01170	0.01975	0.75282	0.04534	0.01463	0.01828	0.01682	0.01316	0.01682	0.01170	0.01755	0.00878	0.00658	0.00658	0.00219	0.00878	0.00585	0.00293	0.00731
93	0.00819	0.00650	0.00736	0.00753	0.00924	0.00567	0.00550	0.01010	0.01541	0.01966	0.21792	0.19380	0.43649	0.01666	0.00790	0.00227	0.00337	0.01434	0.00638	0.00567
94	0.00919	0.00675	0.00862	0.00822	0.00984	0.00618	0.00621	0.01213	0.01813	0.02524	0.63055	0.05150	0.13505	0.01396	0.00781	0.00212	0.00322	0.03208	0.00709	0.00613
95	0.01727	0.01676	0.02514	0.03472	0.55827	0.06449	0.04012	0.05661	0.07953	0.02269	0.01374	0.01677	0.01120	0.00630	0.00654	0.00197	0.00793	0.00596	0.00375	0.01023
96	0.02111	0.02466	0.02052	0.02186	0.17102	0.43917	0.01449	0.04397	0.03764	0.01832	0.01109	0.01368	0.00934	0.00737	0.00837	0.00195	0.11866	0.00495	0.00348	0.00836
97	0.01635	0.01517	0.02578	0.10118	0.64743	0.01538	0.01972	0.02026	0.01495	0.04222	0.01273	0.01658	0.01046	0.00600	0.00653	0.00198	0.00784	0.00589	0.00338	0.01018
98	0.06645	0.02110	0.01807	0.01690	0.06860	0.31081	0.03937	0.04583	0.22077	0.10084	0.01712	0.01731	0.01291	0.00744	0.00626	0.00196	0.00843	0.00569	0.00499	0.00915
99	0.58423	0.01364	0.01195	0.01022	0.01449	0.01551	0.00837	0.12464	0.07838	0.06666	0.01261	0.01331	0.00938	0.00674	0.00482	0.00205	0.00545	0.00443	0.00490	0.00825

[dist]
# distance from previous block
# <min> <max>
0	3

[block]
# block no. 1 follows, 33 sequences, length 51
# corresponding to MSA columns:
# 121-171
name=unknown_B
#
# <colnr> <probs for GDERKNQSTAVLIFYWHMCP>
#	G	D	E	R	K	N	Q	S	T	A	V	L	I	F	Y	W	H	M	C	P
0	0.73125	0.01262	0.01073	0.08643	0.01614	0.01475	0.00830	0.01909	0.01141	0.02821	0.00943	0.01141	0.00730	0.00616	0.00434	0.00205	0.00548	0.00380	0.00395	0.00715
1	0.01393	0.01399	0.02004	0.63412	0.08275	0.09073	0.01781	0.01801	0.01384	0.01702	0.01158	0.01688	0.00884	0.00656	0.00651	0.00213	0.00904	0.00568	0.00299	0.00753
2	0.10494	0.01739	0.01715	0.01406	0.01860	0.06648	0.01133	0.38448	0.23671	0.03431	0.01809	0.01768	0.01330	0.00795	0.00631	0.00204	0.00671	0.00603	0.00615	0.01030
3	0.00816	0.00652	0.00740	0.00780	0.00945	0.00563	0.00558	0.00973	0.01414	0.01783	0.07303	0.32909	0.41406	0.01760	0.00790	0.00234	0.00358	0.01526	0.00606	0.03886
4	0.01605	0.01407	0.02017	0.01748	0.04412	0.01811	0.03784	0.01793	0.01158	0.09143	0.01093	0.01538	0.00962	0.01036	0.01801	0.00262	0.58012	0.00582	0.00352	0.05482
5	0.01451	0.01458	0.02283	0.01859	0.02043	0.01825	0.15558	0.01865	0.08498	0.01811	0.01210	0.01692	0.01063	0.01253	0.06502	0.00319	0.47545	0.00644	0.00342	0.00780
6	0.01583	0.01517	0.02588	0.12584	0.64576	0.01552	0.01997	0.01980	0.01477	0.02095	0.01230	0.01644	0.01023	0.00595	0.00653	0.00198	0.00794	0.00586	0.00322	0.01005
7	0.00840	0.00614	0.00792	0.00901	0.00975	0.00577	0.00617	0.01029	0.03230	0.01840	0.12705	0.60888	0.08714	0.01914	0.00824	0.00256	0.00373	0.01724	0.00627	0.00561
8	0.35204	0.01212	0.01304	0.01055	0.01513	0.01230	0.00869	0.06577	0.01640	0.38147	0.03919	0.01799	0.01358	0.00745	0.00560	0.00203	0.00541	0.00548	0.00635	0.00938
9	0.01430	0.01387	0.01216	0.01181	0.01385	0.18636	0.00877	0.05778	0.09153	0.02128	0.16509	0.28531	0.03410	0.01373	0.00742	0.00224	0.00608	0.04155	0.00577	0.00699
10	0.01216	0.00740	0.00934	0.00905	0.01117	0.00665	0.00702	0.01448	0.01631	0.13620	0.23803	0.16176	0.22586	0.01518	0.00786	0.00233	0.00407	0.10167	0.00676	0.00669
11	0.01367	0.01273	0.02103	0.44799	0.25178	0.01452	0.01798	0.01845	0.04522	0.01895	0.01423	0.02150	0.01186	0.00729	0.00675	0.00218	0.00813	0.05403	0.00342	0.00832
12	0.01066	0.00930	0.01597	0.01407	0.01624	0.00884	0.18058	0.04322	0.01416	0.01898	0.02964	0.54451	0.03372	0.01629	0.00816	0.00253	0.00579	0.01541	0.00544	0.00649
13	0.00802	0.00573	0.00764	0.00917	0.00955	0.00535	0.00611	0.00917	0.01260	0.01681	0.03628	0.76434	0.04354	0.02062	0.00840	0.00267	0.00382	0.01872	0.00611	0.00535
14	0.00974	0.00645	0.00856	0.00967	0.01062	0.00604	0.00703	0.01132	0.01349	0.05765	0.03677	0.53559	0.07926	0.03853	0.00904	0.00277	0.00438	0.14115	0.00616	0.00579
15	0.03841	0.01815	0.04194	0.08863	0.36305	0.12395	0.01688	0.10117	0.03781	0.04458	0.01293	0.01581	0.01032	0.00680	0.00725	0.00201	0.05126	0.00561	0.00388	0.00958
16	0.01808	0.01905	0.01867	0.01629	0.01765	0.24281	0.01310	0.01975	0.01333	0.04699	0.01061	0.01455	0.00940	0.00968	0.01511	0.00240	0.44942	0.00535	0.05033	0.00744
17	0.01516	0.01585	0.15591	0.03381	0.01853	0.01184	0.01221	0.04784	0.05324	0.10033	0.11599	0.02217	0.04189	0.00814	0.00766	0.00183	0.07786	0.00636	0.00483	0.24855
18	0.00949	0.00673	0.00892	0.00892	0.00952	0.00733	0.00616	0.01069	0.01009	0.01405	0.01915	0.03427	0.02011	0.40056	0.39635	0.00853	0.01214	0.00828	0.00375	0.00496
19	0.00957	0.00638	0.00718	0.00718	0.00718	0.00638	0.00399	0.00957	0.00957	0.01276	0.02074	0.04308	0.02393	0.76864	0.03351	0.00638	0.00638	0.00957	0.00399	0.00399
20	0.01605	0.09491	0.02870	0.14123	0.18145	0.04138	0.24830	0.03850	0.01501	0.03941	0.01326	0.04244	0.01098	0.00685	0.00765	0.00210	0.05284	0.00667	0.00349	0.00878
21	0.01318	0.01150	0.01576	0.20277	0.04621	0.03776	0.01230	0.01688	0.06242	0.04350	0.09610	0.06735	0.01982	0.06897	0.08581	0.00348	0.17712	0.00775	0.00421	0.00714
22	0.01061	0.00758	0.01061	0.01212	0.01364	0.00758	0.01061	0.01364	0.01515	0.01970	0.03486	0.07426	0.03789	0.01819	0.00909	0.00303	0.00606	0.68326	0.00606	0.00606
23	0.11844	0.17007	0.02084	0.04032	0.01964	0.38491	0.01193	0.12291	0.01833	0.02134	0.01073	0.01225	0.00872	0.00664	0.00550	0.00174	0.00933	0.00432	0.00381	0.00824
24	0.00809	0.00582	0.00767	0.00903	0.00954	0.00540	0.00608	0.00937	0.01304	0.01740	0.07764	0.69901	0.06736	0.02007	0.00834	0.00262	0.00376	0.01815	0.00618	0.00540
25	0.06762	0.01323	0.01686	0.06749	0.17639	0.05891	0.03256	0.02033	0.13481	0.04144	0.14604	0.02814	0.09858	0.00946	0.00777	0.00213	0.05703	0.00789	0.00501	0.00831
26	0.00881	0.00667	0.00812	0.00785	0.00954	0.00598	0.00585	0.01140	0.01730	0.02343	0.49967	0.08527	0.25661	0.01473	0.00780	0.00214	0.00321	0.01280	0.00686	0.00598
27	0.01461	0.03997	0.14839	0.09587	0.02495	0.04360	0.12413	0.01811	0.01232	0.01764	0.01032	0.01497	0.00880	0.00882	0.01415	0.00248	0.38414	0.00581	0.00295	0.00797
28	0.00923	0.00643	0.00726	0.00737	0.00782	0.00622	0.00450	0.00971	0.01099	0.01434	0.04888	0.08860	0.13522	0.56863	0.02673	0.00532	0.00566	0.02808	0.00458	0.00443
29	0.00957	0.00641	0.00732	0.00732	0.00737	0.00646	0.00417	0.00966	0.00962	0.01287	0.02061	0.04237	0.02362	0.73877	0.06295	0.00656	0.00685	0.00947	0.00397	0.00407
30	0.02333	0.17261	0.02198	0.01545	0.01969	0.44443	0.01239	0.17426	0.02033	0.02157	0.01121	0.01248	0.00907	0.00681	0.00575	0.00170	0.00992	0.00447	0.00398	0.00857
31	0.01584	0.03796	0.07966	0.11257	0.07888	0.06056	0.07748	0.10206	0.04127	0.06380	0.04457	0.10624	0.05649	0.00973	0.00732	0.00216	0.02606	0.04237	0.00475	0.03022
32	0.01472	0.20821	0.21079	0.01911	0.13895	0.04255	0.05043	0.01867	0.01403	0.01900	0.04321	0.09351	0.01478	0.00809	0.00700	0.00196	0.05165	0.00658	0.00349	0.03328
33	0.03747	0.00984	0.01180	0.01022	0.01350	0.00953	0.00808	0.03771	0.14202	0.24015	0.22151	0.03802	0.15255	0.01140	0.00714	0.00214	0.00450	0.02681	0.00710	0.00850
34	0.01404	0.01331	0.08930	0.11057	0.06835	0.01220	0.07261	0.07412	0.03934	0.04195	0.06543	0.06770	0.01773	0.03781	0.01265	0.16514	0.05388	0.03246	0.00420	0.00720
35	0.03484	0.07513	0.31294	0.10478	0.07818	0.08380	0.05309	0.06876	0.04070	0.06753	0.01325	0.01527	0.00975	0.00656	0.00623	0.00201	0.00886	0.00530	0.00369	0.00933
36	0.01039	0.00752	0.00862	0.00819	0.01026	0.00697	0.00623	0.05874	0.01717	0.03891	0.28016	0.09673	0.31863	0.01442	0.00751	0.00215	0.00366	0.03182	0.06556	0.00633
37	0.01131	0.00576	0.00848	0.00848	0.00848	0.00576	0.00560	0.00864	0.00864	0.01152	0.01205	0.02154	0.01226	0.07235	0.02625	0.75525	0.00576	0.00597	0.00293	0.00293
38	0.01529	0.11222	0.28015	0.01943	0.13775	0.12251	0.01706	0.01966	0.01476	0.01918	0.03498	0.02350	0.01468	0.05159	0.00796	0.00229	0.00859	0.08634	0.00354	0.00851
39	0.01511	0.06102	0.08037	0.02090	0.05144	0.04706	0.35226	0.02044	0.06425	0.04128	0.01794	0.13115	0.01601	0.00837	0.00718	0.00217	0.00866	0.00862	0.03736	0.00844
40	0.02223	0.28199	0.02401	0.01503	0.01918	0.50007	0.01223	0.02406	0.01687	0.01590	0.00983	0.01143	0.00847	0.00639	0.00536	0.00160	0.01024	0.00400	0.00320	0.00791
41	0.01559	0.01573	0.05196	0.14775	0.59803	0.01547	0.02007	0.01971	0.01467	0.02077	0.01226	0.01640	0.01010	0.00599	0.00652	0.00200	0.00804	0.00583	0.00319	0.00993
42	0.00955	0.00646	0.00759	0.00759	0.00773	0.00660	0.00450	0.00984	0.00969	0.01307	0.02037	0.04102	0.02304	0.68243	0.11849	0.00689	0.00773	0.00927	0.00393	0.00422
43	0.06484	0.03861	0.02199	0.17188	0.31359	0.12858	0.03670	0.01956	0.01454	0.01941	0.01280	0.03263	0.01123	0.02844	0.00775	0.00216	0.03948	0.02389	0.00339	0.00853
44	0.00962	0.00706	0.00808	0.00783	0.00988	0.00627	0.00586	0.01223	0.03695	0.05658	0.26072	0.11657	0.40766	0.01538	0.00774	0.00221	0.00348	0.01315	0.00658	0.00617
45	0.06041	0.14991	0.24603	0.01799	0.06807	0.06319	0.09646	0.09886	0.03672	0.02290	0.02892	0.01536	0.01084	0.00665	0.00630	0.00194	0.02328	0.00535	0.03170	0.00911
46	0.07497	0.07818	0.03462	0.03412	0.04178	0.07056	0.04113	0.10807	0.03594	0.10486	0.03970	0.09505	0.06445	0.03802	0.05953	0.00279	0.00738	0.02850	0.00508	0.03526
47	0.08854	0.23663	0.10782	0.01307	0.04121	0.04311	0.01181	0.05156	0.06651	0.05832	0.01673	0.04064	0.04195	0.00881	0.02750	0.00204	0.00697	0.02806	0.00419	0.10450
48	0.06562	0.06624	0.01560	0.03317	0.04217	0.05507	0.04001	0.10660	0.05571	0.04334	0.12855	0.05299	0.09752	0.05297	0.00796	0.00215	0.00587	0.00788	0.02549	0.09509
49	0.03966	0.03338	0.04335	0.00983	0.01251	0.03236	0.00795	0.07943	0.04158	0.02263	0.15717	0.07420	0.13953	0.08856	0.03430	0.00271	0.02773	0.00914	0.09166	0.05231
50	0.01470	0.01584	0.12919	0.03423	0.05674	0.05339	0.04603	0.04941	0.06595	0.07672	0.05124	0.05486	0.12906	0.01319	0.05745	0.00281	0.08867	0.04762	0.00481	0.00810

[dist]
# distance from previous block
# <min> <max>
6	24

[block]
# block no. 2 follows, 33 sequences, length 57
# corresponding to MSA columns:
# 197-253
name=unknown_C
#
# <colnr> <probs for GDERKNQSTAVLIFYWHMCP>
#	G	D	E	R	K	N	Q	S	T	A	V	L	I	F	Y	W	H	M	C	P
0	0.01452	0.17274	0.09396	0.01121	0.01525	0.01370	0.01024	0.09983	0.05914	0.05970	0.19324	0.09069	0.11834	0.01083	0.00665	0.00200	0.00548	0.00894	0.00553	0.00801
1	0.04997	0.36098	0.15783	0.01473	0.02084	0.05027	0.06835	0.10911	0.07153	0.02178	0.01225	0.01358	0.00977	0.00636	0.00544	0.00177	0.00785	0.00475	0.00371	0.00914
2	0.08109	0.24596	0.06908	0.01341	0.01828	0.11014	0.04817	0.11005	0.06792	0.07100	0.03039	0.01821	0.04180	0.03948	0.00686	0.00202	0.00742	0.00560	0.00443	0.00868
3	0.04576	0.00786	0.00917	0.00877	0.01104	0.00723	0.00663	0.03959	0.01569	0.09731	0.13779	0.22030	0.24772	0.01470	0.00741	0.00223	0.00404	0.03845	0.03860	0.03974
4	0.01322	0.22955	0.05007	0.01176	0.03878	0.01385	0.01000	0.05718	0.03628	0.01989	0.05075	0.12845	0.13668	0.01220	0.00673	0.00213	0.00568	0.13226	0.03721	0.00734
5	0.01695	0.29604	0.22462	0.01383	0.01976	0.07920	0.01437	0.04874	0.04698	0.06754	0.06149	0.05411	0.01496	0.00760	0.00576	0.00183	0.00761	0.00578	0.00400	0.00882
6	0.01047	0.00886	0.01212	0.04121	0.01327	0.01059	0.00900	0.01208	0.01182	0.01652	0.06740	0.21473	0.08558	0.10027	0.14087	0.00439	0.21965	0.01073	0.00447	0.00597
7	0.02450	0.06965	0.06486	0.01389	0.01900	0.10128	0.01202	0.22336	0.02106	0.29418	0.01780	0.01720	0.01226	0.00762	0.00687	0.00193	0.03748	0.00566	0.00603	0.04331
8	0.01519	0.20402	0.21462	0.01600	0.06005	0.04513	0.06659	0.03367	0.01506	0.05202	0.06857	0.07975	0.01787	0.00860	0.00629	0.00198	0.00751	0.04689	0.03171	0.00845
9	0.03349	0.01617	0.13907	0.08113	0.17291	0.01330	0.05920	0.06744	0.07007	0.10291	0.01965	0.15921	0.01759	0.00941	0.00689	0.00218	0.00712	0.00842	0.00477	0.00906
10	0.02420	0.03072	0.01871	0.01697	0.02023	0.71427	0.01279	0.02588	0.01832	0.01610	0.01012	0.01197	0.00849	0.00697	0.00654	0.00174	0.04069	0.00430	0.00337	0.00762
11	0.00959	0.00777	0.01200	0.01299	0.05544	0.00759	0.06616	0.01135	0.01294	0.01743	0.03126	0.55924	0.03640	0.04894	0.00975	0.00277	0.02995	0.05692	0.00551	0.00600
12	0.01665	0.11854	0.18429	0.05856	0.23022	0.01628	0.08525	0.04793	0.04442	0.08199	0.01598	0.01796	0.03936	0.00676	0.00635	0.00198	0.00801	0.00598	0.00389	0.00961
13	0.00985	0.00782	0.01122	0.07563	0.06994	0.00827	0.00889	0.01173	0.01306	0.01804	0.07201	0.50172	0.03502	0.01648	0.00898	0.00250	0.06675	0.01454	0.04140	0.00616
14	0.00900	0.00672	0.00835	0.00794	0.00964	0.00607	0.00596	0.01180	0.01788	0.02460	0.58645	0.05214	0.20089	0.01413	0.00777	0.00210	0.00315	0.01232	0.00701	0.00607
15	0.07221	0.02446	0.34516	0.06419	0.10730	0.04660	0.08761	0.06675	0.08125	0.02310	0.01344	0.01559	0.00998	0.00653	0.00635	0.00208	0.00876	0.00552	0.00363	0.00947
16	0.06411	0.03365	0.11159	0.01913	0.15659	0.07235	0.03458	0.06200	0.07639	0.12072	0.04073	0.09107	0.01731	0.00903	0.00714	0.00214	0.03167	0.03581	0.00492	0.00908
17	0.00913	0.00650	0.00799	0.00839	0.00873	0.00650	0.00540	0.00994	0.01169	0.01578	0.09424	0.30549	0.05087	0.37703	0.02084	0.00439	0.03409	0.01308	0.00508	0.00486
18	0.01002	0.00700	0.00998	0.00996	0.01102	0.00778	0.00744	0.01191	0.01083	0.03933	0.01967	0.07780	0.01949	0.16506	0.55130	0.00907	0.01444	0.00823	0.00393	0.00571
19	0.07783	0.12803	0.14524	0.04407	0.02037	0.11806	0.03912	0.11550	0.08499	0.04755	0.01528	0.04747	0.01261	0.04174	0.00719	0.00214	0.00777	0.00592	0.03042	0.00869
20	0.05438	0.24924	0.04765	0.09209	0.10227	0.07810	0.05075	0.12339	0.05970	0.04191	0.01269	0.01460	0.01007	0.00667	0.00620	0.00186	0.03029	0.00510	0.00396	0.00906
21	0.01270	0.03534	0.01394	0.01150	0.01375	0.01130	0.04885	0.07586	0.08755	0.02380	0.27994	0.03337	0.05079	0.06324	0.08374	0.00324	0.07942	0.00887	0.05560	0.00720
22	0.04053	0.00854	0.01153	0.04241	0.06118	0.00825	0.03936	0.03631	0.01556	0.02094	0.16231	0.18542	0.24689	0.01466	0.00771	0.00233	0.00473	0.07906	0.00580	0.00649
23	0.03309	0.06111	0.12231	0.07987	0.15302	0.03654	0.10739	0.05674	0.04462	0.18264	0.01814	0.01933	0.04101	0.00714	0.00655	0.00203	0.00781	0.00632	0.00469	0.00963
24	0.01456	0.03195	0.21518	0.05386	0.13925	0.02779	0.06169	0.05198	0.02906	0.06178	0.06121	0.06797	0.08609	0.00973	0.02501	0.00227	0.00764	0.00759	0.00433	0.04107
25	0.01465	0.28760	0.22479	0.01540	0.06262	0.01810	0.01490	0.03524	0.03446	0.01832	0.01322	0.04732	0.01185	0.03716	0.08834	0.00299	0.05573	0.00559	0.00330	0.00842
26	0.05220	0.05922	0.12652	0.09624	0.11968	0.06831	0.07930	0.07516	0.05900	0.04239	0.05705	0.02102	0.01490	0.00781	0.00713	0.00209	0.03884	0.04079	0.02359	0.00876
27	0.03509	0.09942	0.11405	0.07932	0.15933	0.02883	0.01421	0.06835	0.03050	0.04612	0.09962	0.07536	0.02109	0.01042	0.02584	0.00232	0.00718	0.06996	0.00455	0.00844
28	0.01358	0.01217	0.01443	0.14720	0.07170	0.06933	0.01134	0.05576	0.13822	0.02099	0.04881	0.07704	0.11269	0.01514	0.08981	0.00315	0.00768	0.05719	0.02610	0.00765
29	0.01069	0.00808	0.01033	0.05631	0.05962	0.00819	0.00777	0.03666	0.04520	0.01880	0.06056	0.19105	0.13386	0.18871	0.03201	0.00345	0.00548	0.05192	0.06520	0.00611
30	0.01699	0.10932	0.23873	0.01971	0.09660	0.03980	0.12452	0.10266	0.01674	0.07525	0.01557	0.06322	0.01294	0.00768	0.00657	0.00205	0.00841	0.02979	0.00411	0.00934
31	0.01215	0.01284	0.07181	0.23678	0.05439	0.03637	0.04064	0.04620	0.02890	0.01899	0.02911	0.12179	0.18753	0.02582	0.00816	0.00234	0.03171	0.02284	0.00445	0.00719
32	0.01045	0.00850	0.01350	0.01204	0.01369	0.00928	0.09060	0.01276	0.01130	0.01609	0.01935	0.02860	0.04512	0.15499	0.44747	0.00784	0.04712	0.00772	0.03760	0.00599
33	0.01477	0.05271	0.17765	0.08760	0.16949	0.01510	0.20105	0.02046	0.05690	0.04183	0.01585	0.08771	0.01354	0.00757	0.00689	0.00214	0.00855	0.00739	0.00375	0.00905
34	0.04951	0.16911	0.26453	0.07318	0.17684	0.01741	0.04145	0.02090	0.03686	0.04882	0.01231	0.01472	0.00956	0.00638	0.00642	0.00196	0.03228	0.00512	0.00332	0.00932
35	0.01478	0.01312	0.03699	0.26527	0.21349	0.03360	0.03746	0.01896	0.04115	0.08140	0.02192	0.05528	0.09515	0.00876	0.00689	0.00216	0.00737	0.03363	0.00425	0.00838
36	0.00878	0.00602	0.00791	0.00918	0.00986	0.00556	0.00628	0.01006	0.01303	0.04037	0.03777	0.67800	0.08424	0.01991	0.00833	0.00264	0.00391	0.03642	0.00618	0.00557
37	0.01892	0.06056	0.03781	0.01547	0.07512	0.01504	0.02983	0.11874	0.27607	0.14948	0.05179	0.02601	0.03726	0.00899	0.00674	0.00213	0.00607	0.04785	0.00619	0.00992
38	0.01457	0.05975	0.02703	0.04416	0.01638	0.11226	0.01053	0.03885	0.15469	0.01874	0.01799	0.05335	0.01649	0.09794	0.17955	0.00456	0.09809	0.02338	0.00429	0.00740
39	0.76682	0.05876	0.01118	0.00882	0.01298	0.01545	0.00738	0.01937	0.01134	0.02869	0.00917	0.01069	0.00721	0.00608	0.00408	0.00200	0.00521	0.00356	0.00400	0.00721
40	0.01514	0.01649	0.17816	0.06551	0.02117	0.01242	0.08244	0.09153	0.06597	0.09172	0.12924	0.04258	0.06506	0.03458	0.00785	0.00228	0.00685	0.03121	0.03128	0.00851
41	0.01026	0.00914	0.01119	0.06069	0.05181	0.05235	0.03059	0.01240	0.01459	0.01832	0.08298	0.27944	0.24762	0.01568	0.00784	0.00239	0.00510	0.07589	0.00556	0.00619
42	0.01783	0.01600	0.01777	0.14626	0.04655	0.11685	0.02903	0.09738	0.18503	0.06689	0.01710	0.04219	0.01350	0.00796	0.00742	0.00201	0.05763	0.00630	0.00485	0.10146
43	0.01227	0.00614	0.00614	0.00614	0.00767	0.00614	0.00460	0.01534	0.01381	0.02454	0.02148	0.02454	0.01687	0.00767	0.00460	0.00153	0.00307	0.00614	0.80518	0.00614
44	0.24004	0.04080	0.06056	0.04399	0.04210	0.06636	0.07140	0.08402	0.03047	0.08437	0.01520	0.02070	0.01266	0.03696	0.00698	0.00219	0.00705	0.06309	0.00455	0.06650
45	0.00813	0.00645	0.00717	0.00744	0.00904	0.00564	0.00533	0.00975	0.01458	0.01829	0.13575	0.21363	0.45388	0.06322	0.00949	0.00256	0.00360	0.01445	0.00612	0.00549
46	0.01227	0.00614	0.00614	0.00614	0.00767	0.00614	0.00460	0.01534	0.01381	0.02454	0.02148	0.02454	0.01687	0.00767	0.00460	0.00153	0.00307	0.00614	0.80518	0.00614
47	0.10119	0.15177	0.13712	0.01662	0.02152	0.08373	0.14470	0.03785	0.01418	0.04997	0.01254	0.03941	0.01067	0.03237	0.00915	0.00222	0.11729	0.00582	0.00357	0.00828
48	0.07979	0.06623	0.07689	0.02186	0.23130	0.03864	0.06262	0.07945	0.07171	0.06058	0.06388	0.04709	0.03951	0.00810	0.00650	0.00204	0.00706	0.02299	0.00460	0.00917
49	0.04796	0.04092	0.13113	0.01933	0.19455	0.01393	0.01396	0.09394	0.11038	0.02394	0.02454	0.02658	0.13220	0.00882	0.00649	0.00203	0.00647	0.02923	0.03695	0.03665
50	0.00904	0.00654	0.00762	0.00760	0.00847	0.00631	0.00501	0.01012	0.01227	0.01614	0.12399	0.06980	0.19845	0.39309	0.09339	0.00511	0.00625	0.01096	0.00495	0.00489
51	0.01986	0.47912	0.02879	0.01488	0.06159	0.23647	0.01229	0.04754	0.01570	0.01702	0.00990	0.01150	0.00868	0.00607	0.00496	0.00155	0.00852	0.00397	0.00316	0.00843
52	0.01034	0.00763	0.01132	0.01103	0.01225	0.00901	0.00865	0.01265	0.01081	0.03790	0.01735	0.02505	0.01597	0.04576	0.67520	0.00984	0.06253	0.00696	0.00363	0.00613
53	0.01410	0.01255	0.01260	0.01164	0.01468	0.05712	0.00901	0.02581	0.42070	0.02450	0.12218	0.03647	0.15855	0.01125	0.00710	0.00221	0.00504	0.03946	0.00643	0.00860
54	0.01991	0.09892	0.09715	0.01519	0.03800	0.01855	0.01322	0.39904	0.02288	0.03102	0.01603	0.08590	0.01355	0.00893	0.00770	0.00206	0.07108	0.00675	0.02440	0.00971
55	0.04386	0.32152	0.30480	0.01481	0.02169	0.06891	0.01636	0.07901	0.01529	0.02032	0.01107	0.01284	0.00882	0.00739	0.02598	0.00202	0.00867	0.00440	0.00323	0.00901
56	0.06533	0.32815	0.17667	0.01525	0.02134	0.05374	0.11127	0.05717	0.01528	0.02057	0.06720	0.01568	0.01295	0.00658	0.00563	0.00180	0.00799	0.00523	0.00354	0.00863

[dist]
# distance from previous block
# <min> <max>
0	16

[block]
# block no. 3 follows, 33 sequences, length 8
# corresponding to MSA columns:
# 270-277
name=unknown_D
#
# <colnr> <probs for GDERKNQSTAVLIFYWHMCP>
#	G	D	E	R	K	N	Q	S	T	A	V	L	I	F	Y	W	H	M	C	P
0	0.01581	0.01640	0.08235	0.03190	0.49831	0.01520	0.01798	0.04603	0.11227	0.02269	0.01604	0.06687	0.01382	0.00737	0.00665	0.00205	0.00733	0.00686	0.00400	0.01006
1	0.01427	0.01453	0.05261	0.06227	0.02012	0.07128	0.07927	0.01839	0.04528	0.02091	0.04262	0.02251	0.01503	0.00722	0.00608	0.00161	0.00665	0.07748	0.00416	0.41770
2	0.00947	0.00713	0.00945	0.01005	0.01050	0.00765	0.00722	0.01071	0.01180	0.01602	0.02822	0.38049	0.03263	0.19188	0.07070	0.00418	0.08607	0.09538	0.00508	0.00536
3	0.00949	0.00672	0.00819	0.00799	0.00958	0.00607	0.00582	0.01171	0.01621	0.04683	0.38486	0.13586	0.23155	0.07768	0.00994	0.00254	0.00361	0.01286	0.00657	0.00593
4	0.11394	0.01042	0.01273	0.01057	0.01436	0.00994	0.00839	0.02574	0.06934	0.42210	0.04779	0.05184	0.01947	0.09002	0.00928	0.00254	0.00535	0.02519	0.04182	0.00917
5	0.00917	0.00632	0.00719	0.00740	0.00769	0.00615	0.00439	0.00950	0.01058	0.01386	0.02782	0.14593	0.10150	0.58395	0.02726	0.00542	0.00570	0.01131	0.00451	0.00435
6	0.01227	0.00614	0.00614	0.00614	0.00767	0.00614	0.00460	0.01534	0.01381	0.02454	0.02148	0.02454	0.01687	0.00767	0.00460	0.00153	0.00307	0.00614	0.80518	0.00614
7	0.03887	0.03280	0.01413	0.07282	0.03210	0.06909	0.00930	0.06525	0.07503	0.02136	0.02028	0.04966	0.08098	0.06028	0.04093	0.00236	0.00652	0.00662	0.02644	0.27519

[dist]
# distance from previous block
# <min> <max>
0	17

[block]
# block no. 4 follows, 33 sequences, length 18
# corresponding to MSA columns:
# 295-312
name=unknown_E
#
# <colnr> <probs for GDERKNQSTAVLIFYWHMCP>
#	G	D	E	R	K	N	Q	S	T	A	V	L	I	F	Y	W	H	M	C	P
0	0.03226	0.20305	0.09270	0.01402	0.03147	0.08372	0.03889	0.09446	0.07822	0.02246	0.11989	0.06523	0.02100	0.00912	0.00689	0.00199	0.03642	0.03521	0.00465	0.00835
1	0.01227	0.00614	0.00614	0.00614	0.00767	0.00614	0.00460	0.01534	0.01381	0.02454	0.02148	0.02454	0.01687	0.00767	0.00460	0.00153	0.00307	0.00614	0.80518	0.00614
2	0.12637	0.20617	0.06321	0.01655	0.09436	0.21592	0.01285	0.03623	0.05869	0.02005	0.01124	0.01308	0.00933	0.00665	0.00632	0.00181	0.05377	0.00450	0.00355	0.03936
3	0.04204	0.00743	0.00884	0.00843	0.00924	0.00764	0.02126	0.03989	0.01128	0.01604	0.02151	0.07389	0.03905	0.51887	0.09993	0.00581	0.00725	0.00926	0.04741	0.00494
4	0.01104	0.01032	0.07216	0.01058	0.01326	0.00841	0.04764	0.01407	0.02954	0.06168	0.24194	0.11077	0.22487	0.06587	0.01007	0.00252	0.04135	0.01140	0.00583	0.00667
5	0.02474	0.01669	0.01756	0.01376	0.01854	0.06190	0.01124	0.46644	0.02622	0.17617	0.01800	0.01767	0.01256	0.00786	0.00637	0.00193	0.00683	0.00598	0.07903	0.01052
6	0.01384	0.01381	0.06349	0.01485	0.01583	0.01667	0.01283	0.01605	0.01117	0.01814	0.01176	0.01667	0.01049	0.01031	0.01675	0.00252	0.53712	0.00579	0.18478	0.00712
7	0.00821	0.00587	0.00783	0.00923	0.00973	0.00549	0.00629	0.00955	0.01310	0.01754	0.08101	0.69062	0.04453	0.02006	0.00839	0.00265	0.00386	0.04443	0.00618	0.00543
8	0.04832	0.06118	0.05109	0.12089	0.14031	0.04542	0.02883	0.33578	0.02214	0.06206	0.01410	0.01576	0.01042	0.00704	0.00634	0.00197	0.00775	0.00565	0.00495	0.00999
9	0.01227	0.00614	0.00614	0.00614	0.00767	0.00614	0.00460	0.01534	0.01381	0.02454	0.02148	0.02454	0.01687	0.00767	0.00460	0.00153	0.00307	0.00614	0.80518	0.00614
10	0.00907	0.00604	0.00805	0.00923	0.00989	0.00559	0.00628	0.01039	0.01323	0.04989	0.07498	0.68988	0.04336	0.01965	0.00829	0.00261	0.00386	0.01778	0.00627	0.00566
11	0.01203	0.01023	0.01305	0.01214	0.01314	0.04805	0.00967	0.01420	0.01134	0.01690	0.01528	0.02168	0.01389	0.03002	0.38635	0.00655	0.22659	0.00640	0.12611	0.00638
12	0.01580	0.04611	0.08250	0.37561	0.14203	0.08121	0.01717	0.05839	0.01519	0.05265	0.01273	0.01672	0.00976	0.00834	0.03681	0.00240	0.00905	0.00562	0.00348	0.00842
13	0.01193	0.01082	0.03530	0.01875	0.21040	0.02830	0.02895	0.01480	0.01360	0.01921	0.09623	0.09941	0.04772	0.05374	0.23007	0.00482	0.00962	0.00858	0.05047	0.00728
14	0.01027	0.00694	0.00774	0.00759	0.00806	0.00695	0.00460	0.04370	0.01128	0.01521	0.02397	0.07814	0.06443	0.61510	0.02810	0.00551	0.00596	0.00994	0.04190	0.00460
15	0.01074	0.00809	0.01077	0.01043	0.01241	0.00775	0.04665	0.01462	0.09117	0.05479	0.11678	0.30503	0.19128	0.01598	0.00795	0.00243	0.00449	0.07581	0.00624	0.00660
16	0.01972	0.31645	0.09468	0.01823	0.14333	0.04899	0.01432	0.17963	0.01834	0.06975	0.01265	0.01392	0.00993	0.00647	0.00559	0.00175	0.00758	0.00485	0.00413	0.00970
17	0.05009	0.29314	0.27032	0.01610	0.02287	0.10975	0.07851	0.05318	0.01514	0.01970	0.01088	0.01277	0.00863	0.00611	0.00556	0.00180	0.00886	0.00457	0.00315	0.00890

[dist]
# distance from previous block
# <min> <max>
0	13

[block]
# block no. 5 follows, 33 sequences, length 32
# corresponding to MSA columns:
# 326-357
name=unknown_F
#
# <colnr> <probs for GDERKNQSTAVLIFYWHMCP>
#	G	D	E	R	K	N	Q	S	T	A	V	L	I	F	Y	W	H	M	C	P
0	0.01711	0.05063	0.16396	0.14582	0.13889	0.05303	0.01647	0.17085	0.09031	0.02524	0.03126	0.01734	0.01213	0.00710	0.00636	0.00201	0.00789	0.00581	0.02833	0.00947
1	0.01548	0.09455	0.07902	0.19889	0.10980	0.08967	0.08341	0.01913	0.01499	0.06484	0.05561	0.07768	0.03533	0.00841	0.00666	0.00207	0.00800	0.02429	0.00402	0.00814
