[name]
unknown

[dist]
# distance from previous block
# <min> <max>
4	36

[block]
# block no. 0 follows, 34 sequences, length 31
# corresponding to MSA columns:
# 43-73
name=unknown_A
#
# <colnr> <probs for GDERKNQSTAVLIFYWHMCP>
#	G	D	E	R	K	N	Q	S	T	A	V	L	I	F	Y	W	H	M	C	P
0	0.15588	0.06306	0.14291	0.01404	0.04073	0.06782	0.03181	0.08030	0.03171	0.07710	0.06752	0.06780	0.01559	0.00817	0.00692	0.00198	0.05728	0.00626	0.00446	0.05867
1	0.06099	0.09093	0.15380	0.05815	0.03500	0.12126	0.08140	0.02080	0.03935	0.10258	0.10649	0.02233	0.06385	0.00795	0.00629	0.00195	0.00755	0.00658	0.00446	0.00827
2	0.01539	0.15951	0.14742	0.01197	0.01643	0.03857	0.01133	0.03637	0.04420	0.12551	0.05172	0.20465	0.04513	0.01052	0.00639	0.00199	0.00609	0.00879	0.00496	0.05306
3	0.01474	0.13965	0.16020	0.01333	0.03860	0.07928	0.01218	0.09996	0.06002	0.02173	0.10367	0.08899	0.09564	0.03543	0.00728	0.00210	0.00666	0.00789	0.00466	0.00800
4	0.01381	0.14171	0.16194	0.01220	0.03652	0.03456	0.01089	0.06620	0.01346	0.04605	0.01735	0.09123	0.01752	0.29145	0.01594	0.00352	0.00705	0.00763	0.00398	0.00699
5	0.03343	0.35474	0.19875	0.01382	0.01959	0.04948	0.04134	0.05750	0.01470	0.04623	0.03764	0.05864	0.01264	0.00725	0.00590	0.00179	0.02903	0.00545	0.00357	0.00851
6	0.04328	0.08343	0.55509	0.01781	0.04352	0.06154	0.02087	0.04474	0.01431	0.02070	0.01128	0.01331	0.00832	0.00631	0.00634	0.00199	0.03027	0.00468	0.00296	0.00924
7	0.01635	0.36296	0.33282	0.01476	0.02188	0.05061	0.01669	0.08009	0.01506	0.01968	0.01071	0.01226	0.00848	0.00603	0.00527	0.00173	0.00825	0.00425	0.00309	0.00903
8	0.17555	0.16390	0.17280	0.01524	0.02107	0.05637	0.11190	0.13725	0.01629	0.02423	0.01233	0.04299	0.01005	0.00676	0.00567	0.00191	0.00781	0.00536	0.00386	0.00865
9	0.00923	0.00692	0.01038	0.01038	0.01154	0.00808	0.00808	0.01154	0.01038	0.01500	0.01731	0.02538	0.01615	0.04846	0.74732	0.01038	0.01731	0.00692	0.00346	0.00577
10	0.01842	0.07402	0.01708	0.03701	0.04572	0.41701	0.01115	0.02045	0.01677	0.01758	0.11587	0.02307	0.10105	0.00884	0.00704	0.00184	0.04933	0.00646	0.00408	0.00719
11	0.01296	0.03342	0.73944	0.01842	0.02797	0.01501	0.02387	0.02046	0.01364	0.02046	0.01160	0.01364	0.00818	0.00614	0.00614	0.00205	0.00955	0.00477	0.00273	0.00955
12	0.01586	0.07885	0.53059	0.01713	0.02543	0.01684	0.02041	0.17620	0.01738	0.02469	0.01231	0.01385	0.00882	0.00646	0.00608	0.00198	0.00883	0.00492	0.00357	0.00979
13	0.01345	0.13777	0.58407	0.01730	0.02580	0.01616	0.04582	0.01985	0.01357	0.01956	0.01225	0.04390	0.00966	0.00660	0.00599	0.00198	0.00899	0.00524	0.00289	0.00917
14	0.01727	0.77681	0.03386	0.01106	0.01658	0.02557	0.01106	0.01935	0.01313	0.01520	0.00898	0.01036	0.00829	0.00553	0.00415	0.00138	0.00691	0.00345	0.00276	0.00829
15	0.01294	0.05879	0.62219	0.01799	0.02662	0.01484	0.06205	0.01974	0.01378	0.02025	0.03121	0.04636	0.01110	0.00685	0.00628	0.00205	0.00911	0.00564	0.00301	0.00918
16	0.01727	0.77681	0.03386	0.01106	0.01658	0.02557	0.01106	0.01935	0.01313	0.01520	0.00898	0.01036	0.00829	0.00553	0.00415	0.00138	0.00691	0.00345	0.00276	0.00829
17	0.00938	0.00631	0.00730	0.00730	0.00738	0.00640	0.00423	0.00956	0.00947	0.01271	0.02013	0.04102	0.02294	0.71897	0.08610	0.00657	0.00709	0.00921	0.00388	0.00405
18	0.01639	0.47447	0.02928	0.01432	0.04646	0.05905	0.10307	0.04013	0.01501	0.01850	0.11205	0.01712	0.01612	0.00674	0.00535	0.00163	0.00718	0.00537	0.00361	0.00815
19	0.01308	0.01114	0.01306	0.00954	0.01497	0.00842	0.00756	0.01585	0.01334	0.02079	0.01289	0.05734	0.01150	0.00568	0.00499	0.00105	0.00472	0.00467	0.00395	0.76546
20	0.07443	0.09673	0.20124	0.01479	0.02035	0.08311	0.01435	0.18488	0.17385	0.02614	0.01507	0.01568	0.01134	0.00725	0.00644	0.00198	0.03298	0.00533	0.00460	0.00946
21	0.04656	0.08402	0.02507	0.06319	0.46189	0.04055	0.05998	0.04670	0.01500	0.02110	0.01253	0.03828	0.01077	0.00627	0.00615	0.00187	0.00762	0.00583	0.00343	0.04319
22	0.13378	0.08296	0.18984	0.04410	0.03937	0.04329	0.01250	0.03924	0.01477	0.06930	0.10166	0.07440	0.08080	0.00891	0.00609	0.00197	0.00640	0.00715	0.00450	0.03897
23	0.01521	0.06374	0.15467	0.06758	0.13152	0.07832	0.09776	0.04329	0.05671	0.04850	0.08728	0.09203	0.01845	0.00838	0.00663	0.00203	0.00768	0.00746	0.00424	0.00853
24	0.04996	0.09963	0.10789	0.01549	0.03734	0.11032	0.11577	0.04720	0.08976	0.06126	0.08471	0.07158	0.03923	0.00836	0.00639	0.00196	0.00737	0.00717	0.00457	0.03406
25	0.19270	0.06226	0.03626	0.01408	0.07937	0.04385	0.03251	0.10288	0.12274	0.05138	0.15409	0.02320	0.04214	0.00835	0.00605	0.00198	0.00580	0.00673	0.00524	0.00840
26	0.11456	0.16493	0.08536	0.04658	0.01926	0.08640	0.05465	0.07714	0.08640	0.04405	0.05989	0.03751	0.01505	0.00758	0.00581	0.00187	0.00701	0.02752	0.00436	0.05403
27	0.12450	0.07551	0.08904	0.04302	0.06686	0.18863	0.08499	0.06149	0.03581	0.07792	0.07905	0.01744	0.01436	0.00708	0.00601	0.00190	0.00806	0.00566	0.00427	0.00840
28	0.10149	0.13634	0.18469	0.01404	0.01972	0.07377	0.03781	0.16983	0.03657	0.07617	0.03638	0.01790	0.05357	0.00740	0.00588	0.00190	0.00740	0.00562	0.00453	0.00900
29	0.10379	0.22043	0.16645	0.01318	0.01867	0.06833	0.03207	0.05024	0.05777	0.09844	0.05553	0.03729	0.01388	0.00717	0.00558	0.00182	0.00706	0.00546	0.00427	0.03256
30	0.06288	0.28937	0.26599	0.01451	0.04022	0.03760	0.01510	0.05502	0.04850	0.05049	0.03430	0.03508	0.01178	0.00680	0.00547	0.00181	0.00750	0.00507	0.00366	0.00886

[dist]
# distance from previous block
# <min> <max>
2	27

[block]
# block no. 1 follows, 34 sequences, length 13
# corresponding to MSA columns:
# 101-113
name=unknown_B
#
# <colnr> <probs for GDERKNQSTAVLIFYWHMCP>
#	G	D	E	R	K	N	Q	S	T	A	V	L	I	F	Y	W	H	M	C	P
0	0.05625	0.11139	0.20470	0.03162	0.04479	0.10193	0.03070	0.06540	0.04818	0.02135	0.11004	0.02124	0.03373	0.03895	0.05061	0.00257	0.00814	0.00622	0.00408	0.00811
1	0.11180	0.34008	0.08855	0.01404	0.04320	0.10508	0.03890	0.10891	0.01604	0.02150	0.03097	0.01310	0.01014	0.00626	0.00513	0.00167	0.00751	0.00445	0.00363	0.02904
2	0.04478	0.19247	0.11714	0.07595	0.13534	0.04870	0.01427	0.03874	0.01447	0.07504	0.06636	0.01732	0.01365	0.00935	0.04583	0.00236	0.07045	0.00550	0.00379	0.00849
3	0.04869	0.26713	0.15808	0.07280	0.17388	0.06791	0.01580	0.03800	0.01406	0.01882	0.01079	0.01348	0.00897	0.00738	0.02748	0.00205	0.03823	0.00466	0.00307	0.00870
4	0.05790	0.12917	0.14161	0.04663	0.14214	0.05594	0.03983	0.02042	0.05431	0.08107	0.04989	0.01899	0.03645	0.01022	0.06018	0.00255	0.03422	0.00589	0.00398	0.00861
5	0.11878	0.06739	0.08906	0.06830	0.05923	0.07459	0.05546	0.11418	0.04878	0.02340	0.06317	0.04478	0.03942	0.01007	0.04532	0.00241	0.03070	0.00638	0.00430	0.03427
6	0.04829	0.04214	0.17888	0.12492	0.21500	0.03543	0.01690	0.10186	0.07817	0.05278	0.01537	0.01736	0.03100	0.00686	0.00623	0.00200	0.00769	0.00573	0.00403	0.00938
7	0.06253	0.10893	0.14113	0.04839	0.13703	0.05651	0.07172	0.08862	0.03544	0.02179	0.03722	0.05660	0.01452	0.03603	0.00756	0.00217	0.02352	0.03783	0.00395	0.00850
8	0.13750	0.04797	0.11007	0.04180	0.26490	0.09919	0.01537	0.07956	0.06610	0.05880	0.01318	0.01504	0.01019	0.00644	0.00588	0.00193	0.00762	0.00518	0.00400	0.00930
9	0.05045	0.03675	0.05269	0.07103	0.12637	0.06208	0.01130	0.01646	0.01474	0.04664	0.14269	0.02969	0.09094	0.01328	0.08186	0.00279	0.00725	0.04907	0.00457	0.08934
10	0.01808	0.50002	0.02884	0.01558	0.10649	0.10011	0.01237	0.07593	0.01537	0.01829	0.01134	0.01489	0.01027	0.00650	0.00505	0.00161	0.00748	0.03988	0.00335	0.00855
11	0.00923	0.00692	0.01038	0.01038	0.01154	0.00808	0.00808	0.01154	0.01038	0.01500	0.01731	0.02538	0.01615	0.04846	0.74732	0.01038	0.01731	0.00692	0.00346	0.00577
12	0.02511	0.01811	0.01874	0.01456	0.01957	0.07232	0.01193	0.57204	0.02794	0.12952	0.01640	0.01607	0.01144	0.00771	0.00642	0.00193	0.00724	0.00578	0.00643	0.01073

[dist]
# distance from previous block
# <min> <max>
0	1

[block]
# block no. 2 follows, 34 sequences, length 19
# corresponding to MSA columns:
# 115-133
name=unknown_C
#
# <colnr> <probs for GDERKNQSTAVLIFYWHMCP>
#	G	D	E	R	K	N	Q	S	T	A	V	L	I	F	Y	W	H	M	C	P
0	0.04078	0.12399	0.02285	0.13717	0.15079	0.08276	0.04410	0.12879	0.01651	0.06978	0.01228	0.01499	0.00969	0.00713	0.00805	0.00200	0.11027	0.00535	0.00391	0.00881
1	0.00884	0.00755	0.00773	0.00758	0.00990	0.00695	0.00571	0.01281	0.11470	0.01877	0.05866	0.08643	0.60052	0.01545	0.00751	0.00220	0.00355	0.01294	0.00608	0.00612
2	0.01304	0.02689	0.51199	0.01816	0.02600	0.01424	0.11810	0.02039	0.05751	0.02152	0.09509	0.01879	0.01518	0.00701	0.00655	0.00207	0.00872	0.00613	0.00354	0.00908
3	0.02351	0.12616	0.02139	0.01440	0.01955	0.05250	0.01212	0.58320	0.02741	0.03602	0.01435	0.01462	0.01049	0.00739	0.00611	0.00185	0.00728	0.00541	0.00580	0.01045
4	0.07555	0.14139	0.39609	0.01903	0.12372	0.04578	0.01862	0.04779	0.01451	0.02118	0.03254	0.01426	0.01009	0.00628	0.00575	0.00190	0.00833	0.00484	0.00320	0.00913
5	0.01851	0.01659	0.07735	0.01574	0.02062	0.01616	0.11559	0.30552	0.15531	0.04831	0.07612	0.02077	0.01682	0.01051	0.05362	0.00258	0.00776	0.00686	0.00561	0.00966
6	0.70600	0.01509	0.01075	0.00965	0.01356	0.11829	0.00778	0.01996	0.01203	0.02712	0.00914	0.01066	0.00719	0.00609	0.00426	0.00195	0.00594	0.00359	0.00390	0.00707
7	0.70366	0.01165	0.00908	0.00822	0.01196	0.01321	0.00670	0.01762	0.01152	0.02736	0.01700	0.01782	0.10944	0.00747	0.00451	0.00203	0.00475	0.00494	0.00428	0.00678
8	0.00797	0.00566	0.00747	0.00888	0.00923	0.00531	0.00587	0.00902	0.01219	0.01625	0.03468	0.72443	0.04156	0.06611	0.00975	0.00285	0.00390	0.01782	0.00587	0.00517
9	0.00814	0.00657	0.00725	0.00708	0.00904	0.00567	0.00531	0.01025	0.01592	0.02029	0.28809	0.05751	0.50559	0.01531	0.00763	0.00213	0.00320	0.01298	0.00637	0.00567
10	0.01754	0.01522	0.02266	0.20179	0.36727	0.01645	0.01723	0.21610	0.01876	0.02562	0.01295	0.01615	0.01007	0.00649	0.00643	0.00198	0.00774	0.00577	0.00405	0.00973
11	0.01607	0.01388	0.01461	0.01315	0.01680	0.01607	0.01023	0.03433	0.72094	0.02703	0.02630	0.02411	0.01972	0.00877	0.00657	0.00219	0.00511	0.00731	0.00657	0.01023
12	0.01220	0.01148	0.01938	0.75739	0.04450	0.01436	0.01794	0.01651	0.01292	0.01651	0.01148	0.01723	0.00861	0.00646	0.00646	0.00215	0.00861	0.00574	0.00287	0.00718
13	0.01650	0.01448	0.01948	0.34788	0.11401	0.07395	0.01555	0.11669	0.01595	0.06587	0.01283	0.01671	0.00990	0.00903	0.04029	0.00248	0.09061	0.00572	0.00380	0.00827
14	0.19179	0.01131	0.01386	0.01088	0.01567	0.01053	0.00898	0.02891	0.01695	0.59109	0.02209	0.01962	0.01414	0.00758	0.00598	0.00200	0.00540	0.00588	0.00717	0.01017
15	0.01309	0.01171	0.01964	0.68304	0.08697	0.01423	0.01774	0.01730	0.01325	0.04474	0.01207	0.01733	0.00900	0.00648	0.00646	0.00213	0.00843	0.00577	0.00309	0.00752
16	0.01376	0.01429	0.06196	0.08395	0.22889	0.01309	0.23356	0.01771	0.01431	0.03961	0.01942	0.13906	0.05339	0.00973	0.02571	0.00237	0.00819	0.00877	0.00390	0.00834
17	0.01419	0.01017	0.05759	0.05918	0.01675	0.00856	0.07616	0.01684	0.01479	0.18527	0.09989	0.35529	0.03099	0.01352	0.00748	0.00231	0.00543	0.01227	0.00592	0.00739
18	0.01367	0.02848	0.52287	0.02114	0.02976	0.01542	0.23550	0.02053	0.01414	0.02053	0.01205	0.01481	0.00868	0.00592	0.00660	0.00209	0.00996	0.00565	0.00289	0.00929

[dist]
# distance from previous block
# <min> <max>
0	1

[block]
# block no. 3 follows, 34 sequences, length 15
# corresponding to MSA columns:
# 135-149
name=unknown_D
#
# <colnr> <probs for GDERKNQSTAVLIFYWHMCP>
#	G	D	E	R	K	N	Q	S	T	A	V	L	I	F	Y	W	H	M	C	P
0	0.01463	0.10831	0.49620	0.04481	0.02685	0.01638	0.08622	0.04529	0.01436	0.04577	0.01198	0.01416	0.00875	0.00631	0.00660	0.00201	0.03390	0.00507	0.00311	0.00927
1	0.01323	0.08153	0.01609	0.08664	0.01749	0.05267	0.07172	0.03429	0.01355	0.06903	0.02222	0.29283	0.02338	0.06750	0.07394	0.00324	0.03863	0.01062	0.00465	0.00676
2	0.04547	0.03903	0.07747	0.09353	0.12630	0.10825	0.01331	0.07115	0.01671	0.17599	0.05243	0.07296	0.01724	0.00876	0.00654	0.00205	0.00722	0.05188	0.00499	0.00873
3	0.01460	0.03079	0.06216	0.26328	0.21625	0.01392	0.10757	0.03417	0.01443	0.06468	0.01562	0.10465	0.01368	0.00784	0.00674	0.00211	0.00788	0.00742	0.00377	0.00844
4	0.01516	0.01532	0.05662	0.15347	0.36096	0.04048	0.03590	0.04558	0.10210	0.02160	0.04937	0.04578	0.01461	0.00725	0.00656	0.00203	0.00746	0.00664	0.00395	0.00918
5	0.01762	0.02079	0.07908	0.12952	0.02351	0.25879	0.03764	0.07822	0.01541	0.01845	0.01108	0.01478	0.00924	0.01079	0.06338	0.00272	0.19263	0.00527	0.00336	0.00772
6	0.01577	0.01513	0.02583	0.08139	0.69261	0.01529	0.01972	0.01964	0.01461	0.02084	0.01211	0.01606	0.01014	0.00580	0.00640	0.00193	0.00773	0.00576	0.00318	0.01006
7	0.00923	0.00692	0.01038	0.01038	0.01154	0.00808	0.00808	0.01154	0.01038	0.01500	0.01731	0.02538	0.01615	0.04846	0.74732	0.01038	0.01731	0.00692	0.00346	0.00577
8	0.01336	0.09377	0.65133	0.01775	0.02657	0.01607	0.02241	0.02017	0.01344	0.01982	0.01125	0.01339	0.00821	0.00630	0.00660	0.00202	0.04074	0.00470	0.00274	0.00934
9	0.09492	0.01653	0.04696	0.04261	0.03682	0.08976	0.06196	0.12818	0.11413	0.02391	0.04819	0.01749	0.01321	0.00845	0.00999	0.00220	0.19907	0.00597	0.03129	0.00837
10	0.00863	0.00673	0.00799	0.00902	0.00990	0.02651	0.00638	0.01002	0.01296	0.01666	0.03853	0.50259	0.15821	0.05269	0.03877	0.00302	0.00473	0.07556	0.00573	0.00537
11	0.01508	0.10550	0.18888	0.12614	0.02724	0.04092	0.19366	0.02005	0.02886	0.06744	0.03848	0.02249	0.01405	0.00753	0.00669	0.00210	0.00860	0.07406	0.00381	0.00841
12	0.10239	0.04732	0.18629	0.01286	0.03824	0.03431	0.01212	0.04394	0.06950	0.06976	0.20559	0.02951	0.07395	0.00953	0.00650	0.00205	0.00598	0.03697	0.00518	0.00803
13	0.20317	0.01774	0.17159	0.01410	0.01959	0.01452	0.07055	0.08801	0.15329	0.12788	0.04556	0.01804	0.01381	0.00726	0.00599	0.00206	0.00668	0.00583	0.00509	0.00922
14	0.25459	0.01743	0.10488	0.01342	0.01853	0.04200	0.04525	0.19861	0.07266	0.05178	0.01333	0.01439	0.00994	0.00682	0.00610	0.00193	0.03345	0.00498	0.00469	0.08521

[dist]
# distance from previous block
# <min> <max>
0	3

[block]
# block no. 4 follows, 34 sequences, length 26
# corresponding to MSA columns:
# 153-178
name=unknown_E
#
# <colnr> <probs for GDERKNQSTAVLIFYWHMCP>
#	G	D	E	R	K	N	Q	S	T	A	V	L	I	F	Y	W	H	M	C	P
0	0.00963	0.00745	0.00826	0.00797	0.01013	0.00689	0.00599	0.01342	0.09346	0.04387	0.21209	0.10096	0.42662	0.01478	0.00752	0.00217	0.00353	0.01257	0.00639	0.00630
1	0.02241	0.01682	0.01823	0.01384	0.01913	0.01783	0.01139	0.57697	0.02710	0.03693	0.01474	0.01510	0.01071	0.00718	0.00614	0.00175	0.00666	0.00543	0.00595	0.16568
2	0.04444	0.18581	0.23836	0.01545	0.02206	0.04650	0.08865	0.09136	0.01611	0.11508	0.01324	0.01441	0.00975	0.00626	0.00576	0.00180	0.00793	0.00499	0.00401	0.06804
3	0.08517	0.01756	0.10248	0.10216	0.20701	0.03631	0.08078	0.14936	0.08407	0.05160	0.01423	0.01631	0.01071	0.00663	0.00630	0.00202	0.00775	0.00577	0.00429	0.00950
4	0.01425	0.00989	0.01126	0.00983	0.01278	0.00989	0.00769	0.12061	0.12673	0.10374	0.25375	0.04071	0.22865	0.01203	0.00717	0.00208	0.00430	0.01012	0.00672	0.00781
5	0.08779	0.05162	0.08969	0.06722	0.13666	0.24450	0.04177	0.03973	0.01591	0.06758	0.03234	0.05114	0.03192	0.00747	0.00610	0.00191	0.00846	0.00594	0.00394	0.00829
6	0.05016	0.23443	0.08912	0.01669	0.09574	0.08544	0.01362	0.29188	0.02051	0.02691	0.01222	0.01341	0.00950	0.00660	0.00562	0.00177	0.00766	0.00481	0.00436	0.00955
7	0.00909	0.00651	0.00764	0.00782	0.00949	0.00572	0.00568	0.01087	0.01485	0.05632	0.17131	0.26851	0.36971	0.01653	0.00776	0.00228	0.00349	0.01433	0.00630	0.00580
8	0.01122	0.00561	0.00842	0.00842	0.00842	0.00561	0.00561	0.00842	0.00842	0.01122	0.01122	0.01964	0.01122	0.02245	0.02525	0.81201	0.00561	0.00561	0.00281	0.00281
9	0.03703	0.15354	0.44449	0.06382	0.02557	0.03537	0.04087	0.02119	0.01408	0.08855	0.01243	0.01411	0.00901	0.00622	0.00584	0.00193	0.00863	0.00482	0.00332	0.00918
10	0.01448	0.22364	0.44325	0.01850	0.05830	0.01791	0.09862	0.02017	0.01374	0.01915	0.01111	0.01333	0.00849	0.00588	0.00580	0.00188	0.00893	0.00480	0.00282	0.00916
11	0.00811	0.00579	0.00777	0.00927	0.00975	0.00545	0.00641	0.00941	0.01261	0.01676	0.03548	0.70324	0.04221	0.02002	0.00831	0.00266	0.00396	0.08148	0.00599	0.00531
12	0.01664	0.01749	0.03041	0.03164	0.35329	0.07025	0.31183	0.04931	0.01586	0.02135	0.01252	0.01626	0.00994	0.00577	0.00688	0.00201	0.00931	0.00643	0.00337	0.00942
13	0.01464	0.04644	0.13683	0.17803	0.10200	0.07922	0.15742	0.04486	0.03449	0.01993	0.04355	0.08397	0.01447	0.00772	0.00671	0.00208	0.00852	0.00716	0.00369	0.00827
14	0.01458	0.03825	0.20021	0.12129	0.02477	0.01285	0.12631	0.02018	0.07263	0.10738	0.03426	0.11996	0.03516	0.00919	0.00690	0.00218	0.00752	0.03347	0.00452	0.00840
15	0.08440	0.01608	0.01746	0.01365	0.01857	0.01746	0.01122	0.48097	0.09001	0.15752	0.01771	0.01703	0.01234	0.00776	0.00629	0.00198	0.00649	0.00589	0.00655	0.01062
16	0.06937	0.09932	0.07463	0.09231	0.06949	0.12910	0.04700	0.04046	0.03638	0.01878	0.01724	0.12983	0.03444	0.05096	0.04233	0.00264	0.02687	0.00750	0.00390	0.00746
17	0.01802	0.07949	0.11417	0.07826	0.23893	0.10740	0.11353	0.08242	0.01650	0.07137	0.01287	0.01538	0.00988	0.00624	0.00631	0.00192	0.00866	0.00557	0.00373	0.00934
18	0.01248	0.01188	0.02042	0.69884	0.07174	0.01448	0.04612	0.01681	0.01309	0.01686	0.01158	0.01719	0.00873	0.00639	0.00650	0.00214	0.00867	0.00582	0.00290	0.00736
19	0.01083	0.00737	0.00920	0.00968	0.01087	0.00720	0.00681	0.09205	0.01474	0.05261	0.03322	0.60816	0.05601	0.03755	0.00858	0.00260	0.00427	0.01599	0.00609	0.00616
20	0.04657	0.04054	0.02112	0.19760	0.11774	0.03541	0.07126	0.18810	0.01745	0.02395	0.03370	0.04952	0.01241	0.00800	0.00842	0.00213	0.10698	0.00643	0.00413	0.00855
21	0.04683	0.14427	0.01934	0.07419	0.10609	0.08451	0.01192	0.10547	0.10215	0.02139	0.01732	0.02327	0.03658	0.07002	0.03181	0.00259	0.03521	0.05459	0.00430	0.00816
22	0.04157	0.04202	0.01954	0.15513	0.08521	0.14869	0.03938	0.15859	0.09800	0.05099	0.04378	0.01743	0.01286	0.00749	0.00714	0.00201	0.05102	0.00585	0.00452	0.00878
23	0.16465	0.04294	0.06287	0.04113	0.09130	0.01444	0.07969	0.12774	0.06402	0.07545	0.02103	0.06119	0.09254	0.00857	0.00657	0.00207	0.02331	0.00710	0.00483	0.00857
24	0.15042	0.01516	0.01534	0.03761	0.01733	0.05444	0.01014	0.37918	0.02200	0.07367	0.01611	0.04895	0.01309	0.07783	0.00845	0.00235	0.00659	0.00625	0.03615	0.00895
25	0.01465	0.03092	0.04392	0.01519	0.13638	0.05597	0.01034	0.07504	0.04384	0.07416	0.25352	0.03176	0.09516	0.00984	0.00666	0.00194	0.00534	0.00837	0.07908	0.00792

[dist]
# distance from previous block
# <min> <max>
9	34

[block]
# block no. 5 follows, 34 sequences, length 52
# corresponding to MSA columns:
# 218-269
name=unknown_F
#
# <colnr> <probs for GDERKNQSTAVLIFYWHMCP>
#	G	D	E	R	K	N	Q	S	T	A	V	L	I	F	Y	W	H	M	C	P
0	0.08372	0.17597	0.14145	0.01414	0.03756	0.16096	0.01281	0.06092	0.01570	0.12024	0.03038	0.03762	0.01230	0.03778	0.00720	0.00202	0.03120	0.00538	0.00417	0.00847
1	0.11230	0.11708	0.06528	0.05724	0.03858	0.07754	0.03083	0.15783	0.03406	0.09279	0.04975	0.08228	0.01534	0.00839	0.00654	0.00198	0.03225	0.00654	0.00481	0.00858
2	0.03914	0.06175	0.01601	0.01303	0.01575	0.03190	0.11349	0.03457	0.04922	0.06283	0.04527	0.24308	0.05045	0.01495	0.03661	0.02489	0.00649	0.12841	0.00523	0.00695
3	0.14274	0.06476	0.10001	0.05119	0.07608	0.05837	0.31063	0.02033	0.03353	0.02129	0.01264	0.03521	0.01014	0.00621	0.00636	0.00202	0.00879	0.00619	0.00346	0.03005
4	0.04080	0.05116	0.62207	0.01725	0.02596	0.01532	0.02154	0.06770	0.01473	0.02191	0.01345	0.01515	0.03177	0.00656	0.00608	0.00202	0.00895	0.00506	0.00314	0.00940
5	0.01444	0.11092	0.52202	0.03743	0.02636	0.06565	0.05604	0.02133	0.05054	0.01983	0.01204	0.01399	0.00890	0.00622	0.00601	0.00197	0.00922	0.00489	0.00300	0.00920
6	0.01432	0.01552	0.05551	0.07282	0.17403	0.04318	0.29373	0.01936	0.05597	0.02008	0.01745	0.11046	0.01600	0.00843	0.00726	0.00220	0.00853	0.05283	0.00390	0.00841
7	0.00798	0.00652	0.00705	0.00700	0.00896	0.00559	0.00522	0.00991	0.01543	0.01930	0.21212	0.08741	0.55341	0.01582	0.00766	0.00217	0.00324	0.01339	0.00625	0.00559
8	0.00905	0.00649	0.00836	0.00940	0.01011	0.00640	0.00648	0.01158	0.08106	0.01734	0.04855	0.59753	0.03801	0.01910	0.00958	0.07391	0.00408	0.03161	0.00580	0.00555
9	0.00764	0.00655	0.00655	0.00655	0.00873	0.00545	0.00491	0.00927	0.01473	0.01745	0.06546	0.06218	0.73000	0.01636	0.00764	0.00218	0.00327	0.01364	0.00600	0.00545
10	0.01449	0.19315	0.44784	0.02087	0.16054	0.01739	0.02028	0.02010	0.01373	0.01943	0.01113	0.01337	0.00860	0.00593	0.00575	0.00188	0.00861	0.00467	0.00283	0.00940
11	0.01220	0.01148	0.01938	0.75739	0.04450	0.01436	0.01794	0.01651	0.01292	0.01651	0.01148	0.01723	0.00861	0.00646	0.00646	0.00215	0.00861	0.00574	0.00287	0.00718
12	0.01889	0.11213	0.01968	0.06340	0.07486	0.07625	0.01222	0.18437	0.23328	0.05910	0.03937	0.01858	0.01457	0.00777	0.00676	0.00198	0.03599	0.00604	0.00524	0.00953
13	0.00924	0.00689	0.01021	0.01021	0.01130	0.00798	0.00786	0.01142	0.01033	0.01487	0.01747	0.02628	0.01654	0.08690	0.70941	0.01017	0.01672	0.00705	0.00349	0.00567
14	0.01478	0.01618	0.10588	0.03287	0.54912	0.01401	0.01847	0.01861	0.01439	0.02052	0.03231	0.02039	0.03366	0.00757	0.00741	0.03954	0.00748	0.03401	0.00342	0.00939
15	0.00940	0.00626	0.00705	0.00705	0.00705	0.00626	0.00392	0.00940	0.00940	0.01253	0.02036	0.04228	0.02349	0.77292	0.03289	0.00626	0.00626	0.00940	0.00392	0.00392
16	0.02899	0.01100	0.01499	0.01150	0.01649	0.00950	0.00950	0.03149	0.01849	0.73709	0.02549	0.02199	0.01599	0.00800	0.00650	0.00200	0.00550	0.00650	0.00800	0.01100
17	0.74874	0.03985	0.01081	0.00902	0.01303	0.05374	0.00743	0.01937	0.01146	0.02781	0.00905	0.01055	0.00711	0.00602	0.00410	0.00196	0.00542	0.00353	0.00392	0.00707
18	0.01311	0.03241	0.69490	0.01898	0.02833	0.01509	0.06740	0.02048	0.01374	0.02048	0.01169	0.01388	0.00829	0.00609	0.00623	0.00205	0.00963	0.00496	0.00276	0.00950
19	0.01140	0.00914	0.01084	0.03235	0.01345	0.00962	0.00832	0.01906	0.24188	0.02333	0.24796	0.09319	0.11821	0.01317	0.00751	0.00230	0.00442	0.12016	0.00642	0.00730
20	0.00872	0.00680	0.00837	0.00883	0.03720	0.00613	0.00611	0.01096	0.01586	0.02109	0.35456	0.13487	0.29996	0.04120	0.00853	0.00230	0.00350	0.01286	0.00632	0.00585
21	0.01512	0.01556	0.02009	0.13652	0.09574	0.09390	0.01504	0.01776	0.03246	0.01664	0.01001	0.01485	0.00900	0.00941	0.01531	0.00249	0.46396	0.00557	0.00303	0.00755
22	0.01342	0.03331	0.70990	0.01834	0.02764	0.04499	0.02341	0.02068	0.01383	0.02027	0.01153	0.01356	0.00819	0.00616	0.00613	0.00203	0.00964	0.00475	0.00275	0.00946
23	0.01512	0.01852	0.16241	0.09078	0.54463	0.01521	0.02046	0.01970	0.01437	0.02063	0.01200	0.01564	0.00972	0.00588	0.00635	0.00196	0.00811	0.00557	0.00308	0.00987
24	0.01569	0.01505	0.02569	0.09624	0.67837	0.01527	0.01968	0.01957	0.01457	0.02075	0.01210	0.01609	0.01011	0.00581	0.00640	0.00194	0.00775	0.00576	0.00317	0.00999
25	0.01134	0.00787	0.01171	0.01179	0.03312	0.00801	0.04935	0.01319	0.07289	0.01621	0.02208	0.08553	0.04473	0.02006	0.06497	0.33978	0.00660	0.17123	0.00430	0.00522
26	0.00908	0.00660	0.00855	0.00806	0.00962	0.00607	0.00605	0.01208	0.01815	0.02557	0.70238	0.04883	0.08801	0.01334	0.00762	0.00204	0.00306	0.01176	0.00707	0.00607
27	0.01466	0.01123	0.01316	0.01026	0.01486	0.00957	0.00806	0.11015	0.01590	0.05949	0.03363	0.14545	0.01702	0.00822	0.00576	0.00146	0.00492	0.00693	0.00485	0.50442
28	0.01311	0.01236	0.02014	0.27283	0.36307	0.01311	0.01632	0.01668	0.01412	0.01887	0.02223	0.02533	0.14877	0.00804	0.00666	0.00205	0.00714	0.00727	0.00363	0.00829
29	0.02200	0.01680	0.01840	0.01446	0.01875	0.04741	0.03189	0.52830	0.02565	0.05028	0.01562	0.01826	0.01215	0.07914	0.03362	0.00265	0.04288	0.00617	0.00578	0.00978
30	0.02456	0.01810	0.01939	0.01487	0.02004	0.02004	0.01228	0.71107	0.03038	0.04072	0.01551	0.01551	0.01099	0.00776	0.00646	0.00194	0.00711	0.00582	0.00646	0.01099
31	0.02797	0.01136	0.01509	0.01162	0.01651	0.01015	0.00958	0.08068	0.01936	0.66100	0.04949	0.02244	0.01721	0.00816	0.00653	0.00200	0.00553	0.00663	0.00785	0.01082
32	0.05633	0.02979	0.62581	0.01711	0.02571	0.01427	0.02144	0.02052	0.01389	0.05643	0.03034	0.01646	0.01064	0.00674	0.00616	0.00207	0.00884	0.02489	0.00326	0.00930
33	0.35202	0.01161	0.01275	0.01027	0.01486	0.01154	0.00847	0.02638	0.01543	0.44739	0.01874	0.01729	0.01231	0.00718	0.00548	0.00200	0.00529	0.00527	0.00636	0.00936
34	0.01467	0.01564	0.03160	0.07510	0.17879	0.01533	0.44467	0.01937	0.01470	0.02025	0.03514	0.01842	0.01171	0.00824	0.04686	0.00257	0.02776	0.00715	0.00335	0.00866
35	0.01296	0.03342	0.73944	0.01842	0.02797	0.01501	0.02387	0.02046	0.01364	0.02046	0.01160	0.01364	0.00818	0.00614	0.00614	0.00205	0.00955	0.00477	0.00273	0.00955
36	0.00938	0.00705	0.01027	0.01019	0.01118	0.00819	0.00777	0.01141	0.01026	0.01474	0.01741	0.02698	0.01677	0.12905	0.64691	0.00971	0.03647	0.00717	0.00350	0.00560
37	0.00826	0.00600	0.00814	0.00994	0.03143	0.00566	0.00646	0.00947	0.01240	0.01656	0.03424	0.69597	0.04080	0.05015	0.00921	0.00276	0.00403	0.03733	0.00583	0.00537
38	0.02162	0.02578	0.01985	0.08864	0.14825	0.52120	0.01428	0.05137	0.01766	0.01781	0.01073	0.01309	0.00879	0.00652	0.00601	0.00177	0.01049	0.00466	0.00339	0.00809
39	0.02418	0.02074	0.01869	0.01508	0.01971	0.19970	0.01211	0.47809	0.06355	0.06161	0.01511	0.01527	0.01099	0.00755	0.00631	0.00189	0.00807	0.00551	0.00575	0.01008
40	0.01137	0.00954	0.01303	0.01347	0.06339	0.03279	0.06219	0.03732	0.05658	0.03375	0.05875	0.41822	0.08356	0.01531	0.00825	0.00241	0.03440	0.03348	0.00552	0.00668
41	0.01630	0.01582	0.02575	0.08366	0.61073	0.04120	0.04670	0.04381	0.01529	0.02129	0.01219	0.01596	0.01007	0.00589	0.00643	0.00194	0.00798	0.00578	0.00330	0.00991
42	0.01179	0.00686	0.00809	0.00764	0.00831	0.00665	0.00469	0.01223	0.01088	0.10209	0.05003	0.04004	0.02411	0.64783	0.02861	0.00557	0.00604	0.00913	0.00455	0.00487
43	0.01592	0.07665	0.05350	0.05469	0.42739	0.04108	0.17264	0.01997	0.01458	0.02003	0.01188	0.01562	0.00974	0.00592	0.00695	0.00197	0.03301	0.00590	0.00315	0.00943
44	0.04119	0.04834	0.07226	0.04817	0.20263	0.10099	0.11542	0.07961	0.05528	0.06043	0.01344	0.01592	0.01050	0.00752	0.02378	0.00214	0.04638	0.00568	0.00392	0.04640
45	0.05720	0.10297	0.07777	0.02154	0.17544	0.08977	0.13044	0.12334	0.06873	0.04333	0.03863	0.01655	0.01219	0.00665	0.00623	0.00192	0.00804	0.00582	0.00417	0.00927
46	0.01769	0.04723	0.10097	0.06077	0.18813	0.03680	0.10412	0.06938	0.07259	0.12403	0.01607	0.01917	0.01239	0.00692	0.00643	0.00195	0.00759	0.03311	0.00446	0.07019
47	0.01647	0.17773	0.11625	0.01787	0.12087	0.03390	0.07245	0.07295	0.10569	0.05521	0.01567	0.06698	0.01318	0.00729	0.00599	0.00184	0.00712	0.00619	0.00420	0.08216
48	0.08769	0.06806	0.11188	0.01425	0.03619	0.01373	0.08411	0.08675	0.09277	0.15276	0.09601	0.02209	0.04597	0.00788	0.00626	0.00195	0.00641	0.00663	0.00529	0.05332
49	0.04157	0.05758	0.03377	0.06807	0.03509	0.06986	0.05521	0.05792	0.12054	0.15055	0.06318	0.04936	0.01660	0.00770	0.00615	0.00183	0.00643	0.00645	0.00517	0.14695
50	0.06622	0.05003	0.11997	0.04064	0.06544	0.15620	0.03164	0.09274	0.08352	0.06045	0.03870	0.07247	0.01454	0.00786	0.00613	0.00190	0.00755	0.00630	0.00448	0.07322
51	0.07355	0.01579	0.08861	0.01892	0.18543	0.05676	0.01310	0.07244	0.12406	0.14338	0.06760	0.05068	0.01747	0.03490	0.00731	0.00217	0.00659	0.00682	0.00518	0.00925

[dist]
# distance from previous block
# <min> <max>
0	23

[block]
# block no. 6 follows, 34 sequences, length 93
# corresponding to MSA columns:
# 293-385
name=unknown_G
#
# <colnr> <probs for GDERKNQSTAVLIFYWHMCP>
#	G	D	E	R	K	N	Q	S	T	A	V	L	I	F	Y	W	H	M	C	P
0	0.06756	0.06398	0.05238	0.01639	0.10237	0.05574	0.05272	0.08980	0.07865	0.09096	0.07578	0.02418	0.05591	0.00863	0.00734	0.00202	0.05547	0.04346	0.00492	0.05176
1	0.06838	0.10904	0.06880	0.05802	0.08426	0.03525	0.04968	0.07587	0.08306	0.11844	0.07943	0.04885	0.05640	0.00846	0.00667	0.00200	0.02680	0.00696	0.00495	0.00868
2	0.06466	0.10085	0.05666	0.03870	0.06780	0.05101	0.02779	0.12395	0.09862	0.04718	0.09919	0.04349	0.04031	0.03016	0.00696	0.00204	0.00633	0.02573	0.00495	0.06363
3	0.09750	0.04931	0.15583	0.03615	0.04338	0.19975	0.05492	0.08098	0.07648	0.04553	0.01541	0.01880	0.02846	0.00761	0.00650	0.00200	0.02642	0.04233	0.00413	0.00852
4	0.06591	0.17235	0.33449	0.04065	0.06355	0.01609	0.01659	0.04347	0.03360	0.04204	0.01617	0.01855	0.05889	0.00716	0.00581	0.00192	0.00763	0.02368	0.00358	0.02788
5	0.08728	0.18206	0.10411	0.05708	0.03941	0.03939	0.04878	0.11882	0.05211	0.08715	0.03842	0.06772	0.01425	0.00884	0.02574	0.00215	0.00727	0.00623	0.00450	0.00869
6	0.27989	0.01407	0.03982	0.25270	0.14072	0.05757	0.01375	0.01818	0.01286	0.02153	0.01209	0.03965	0.01032	0.00716	0.00622	0.00210	0.03243	0.02780	0.00352	0.00761
7	0.06819	0.01284	0.01664	0.08016	0.12941	0.05352	0.05528	0.11777	0.03315	0.06082	0.02102	0.19874	0.03629	0.03198	0.00754	0.00225	0.00652	0.02724	0.00490	0.03575
8	0.01727	0.01881	0.02089	0.13133	0.23225	0.23516	0.03765	0.02055	0.03377	0.01823	0.01206	0.03700	0.01039	0.00719	0.00790	0.00196	0.09306	0.00562	0.00336	0.05557
9	0.00787	0.00562	0.00750	0.00900	0.00937	0.00525	0.00600	0.00900	0.01237	0.01649	0.03561	0.76871	0.04274	0.02024	0.00825	0.00262	0.00375	0.01837	0.00600	0.00525
10	0.01264	0.01202	0.02059	0.67048	0.10493	0.01451	0.04038	0.01694	0.01315	0.01705	0.01159	0.01712	0.00879	0.00637	0.00649	0.00213	0.00860	0.00580	0.00291	0.00750
11	0.01242	0.01171	0.01978	0.71588	0.08430	0.01441	0.01805	0.01670	0.01302	0.01677	0.01152	0.01716	0.00871	0.00642	0.00646	0.00214	0.00856	0.00574	0.00289	0.00735
12	0.01322	0.01144	0.01369	0.01014	0.01513	0.00945	0.00814	0.01597	0.01337	0.02085	0.05272	0.01548	0.01245	0.00585	0.00640	0.00118	0.07148	0.00444	0.00393	0.69467
13	0.00787	0.00562	0.00750	0.00900	0.00937	0.00525	0.00600	0.00900	0.01237	0.01649	0.03561	0.76871	0.04274	0.02024	0.00825	0.00262	0.00375	0.01837	0.00600	0.00525
14	0.01584	0.01520	0.02595	0.06831	0.70515	0.01531	0.01975	0.01970	0.01464	0.02093	0.01213	0.01604	0.01017	0.00579	0.00640	0.00193	0.00771	0.00576	0.00319	0.01011
15	0.01220	0.01148	0.01938	0.75739	0.04450	0.01436	0.01794	0.01651	0.01292	0.01651	0.01148	0.01723	0.00861	0.00646	0.00646	0.00215	0.00861	0.00574	0.00287	0.00718
16	0.01388	0.01348	0.05970	0.01234	0.04324	0.01000	0.04876	0.03625	0.01404	0.02155	0.01172	0.01379	0.00956	0.00502	0.00513	0.00115	0.00559	0.00423	0.00378	0.66678
17	0.01416	0.01194	0.01381	0.00993	0.01564	0.00940	0.00797	0.06394	0.01456	0.02240	0.01176	0.01354	0.00967	0.00499	0.00490	0.00102	0.00494	0.00396	0.00401	0.75744
18	0.00790	0.00637	0.00711	0.00744	0.00905	0.00567	0.00539	0.00942	0.01362	0.01683	0.05291	0.21315	0.48876	0.04998	0.07355	0.00316	0.00472	0.01392	0.00569	0.00538
19	0.00787	0.00562	0.00750	0.00900	0.00937	0.00525	0.00600	0.00900	0.01237	0.01649	0.03561	0.76871	0.04274	0.02024	0.00825	0.00262	0.00375	0.01837	0.00600	0.00525
20	0.01296	0.03342	0.73944	0.01842	0.02797	0.01501	0.02387	0.02046	0.01364	0.02046	0.01160	0.01364	0.00818	0.00614	0.00614	0.00205	0.00955	0.00477	0.00273	0.00955
21	0.01506	0.07038	0.03534	0.04684	0.07451	0.01643	0.57004	0.01996	0.01489	0.02005	0.01358	0.04683	0.01100	0.00609	0.00730	0.00212	0.01007	0.00759	0.00333	0.00860
22	0.00764	0.00655	0.00655	0.00655	0.00873	0.00545	0.00491	0.00927	0.01473	0.01745	0.06546	0.06218	0.73000	0.01636	0.00764	0.00218	0.00327	0.01364	0.00600	0.00545
23	0.00764	0.00655	0.00655	0.00655	0.00873	0.00545	0.00491	0.00927	0.01473	0.01745	0.06546	0.06218	0.73000	0.01636	0.00764	0.00218	0.00327	0.01364	0.00600	0.00545
24	0.02706	0.01409	0.01691	0.01296	0.01804	0.01408	0.01071	0.32728	0.02367	0.43399	0.02115	0.01917	0.01382	0.00789	0.00648	0.00197	0.00620	0.00620	0.00733	0.01099
25	0.81856	0.01250	0.00950	0.00850	0.01250	0.01449	0.00700	0.01899	0.01100	0.02899	0.00900	0.01050	0.00700	0.00600	0.00400	0.00200	0.00500	0.00350	0.00400	0.00700
26	0.13638	0.01446	0.01585	0.01251	0.01730	0.03607	0.01026	0.26849	0.06418	0.32961	0.01928	0.01794	0.01298	0.00764	0.00612	0.00198	0.00615	0.00582	0.00668	0.01029
27	0.00784	0.00573	0.00738	0.00870	0.00929	0.00527	0.00587	0.00903	0.01266	0.01661	0.03922	0.68331	0.12581	0.01977	0.00817	0.00257	0.00369	0.01780	0.00600	0.00527
28	0.01546	0.01481	0.02527	0.13953	0.63687	0.01521	0.01957	0.01937	0.01446	0.02047	0.01206	0.01616	0.01001	0.00585	0.00641	0.00195	0.00781	0.00575	0.00315	0.00981
29	0.01340	0.01148	0.01340	0.00957	0.01531	0.00861	0.00766	0.01627	0.01340	0.02105	0.01148	0.01340	0.00957	0.00479	0.00479	0.00096	0.00479	0.00383	0.00383	0.81242
30	0.01632	0.01597	0.02591	0.03874	0.70417	0.04456	0.01954	0.02007	0.01486	0.02090	0.01207	0.01582	0.01016	0.00579	0.00637	0.00191	0.00783	0.00569	0.00320	0.01013
31	0.00787	0.00562	0.00750	0.00900	0.00937	0.00525	0.00600	0.00900	0.01237	0.01649	0.03561	0.76871	0.04274	0.02024	0.00825	0.00262	0.00375	0.01837	0.00600	0.00525
32	0.01670	0.01419	0.01496	0.01328	0.01704	0.01637	0.01038	0.08448	0.66977	0.02804	0.02550	0.02347	0.01908	0.00869	0.00657	0.00217	0.00526	0.00719	0.00657	0.01028
33	0.01607	0.01388	0.01461	0.01315	0.01680	0.01607	0.01023	0.03433	0.72094	0.02703	0.02630	0.02411	0.01972	0.00877	0.00657	0.00219	0.00511	0.00731	0.00657	0.01023
34	0.00787	0.00562	0.00750	0.00900	0.00937	0.00525	0.00600	0.00900	0.01237	0.01649	0.03561	0.76871	0.04274	0.02024	0.00825	0.00262	0.00375	0.01837	0.00600	0.00525
35	0.01296	0.03342	0.73944	0.01842	0.02797	0.01501	0.02387	0.02046	0.01364	0.02046	0.01160	0.01364	0.00818	0.00614	0.00614	0.00205	0.00955	0.00477	0.00273	0.00955
36	0.01599	0.01535	0.02623	0.03966	0.73262	0.01535	0.01983	0.01983	0.01471	0.02111	0.01215	0.01599	0.01023	0.00576	0.00640	0.00192	0.00768	0.00576	0.00320	0.01023
37	0.02456	0.01810	0.01939	0.01487	0.02004	0.02004	0.01228	0.71107	0.03038	0.04072	0.01551	0.01551	0.01099	0.00776	0.00646	0.00194	0.00711	0.00582	0.00646	0.01099
38	0.01713	0.01617	0.02761	0.05422	0.43335	0.01633	0.17655	0.13479	0.01739	0.02414	0.01290	0.01628	0.01021	0.00604	0.00669	0.00199	0.00835	0.00619	0.00375	0.00992
39	0.00803	0.00573	0.00767	0.00917	0.00961	0.00538	0.00626	0.00926	0.01252	0.01667	0.03553	0.72680	0.04240	0.02010	0.00829	0.00265	0.00388	0.05876	0.00599	0.00529
40	0.01727	0.77681	0.03386	0.01106	0.01658	0.02557	0.01106	0.01935	0.01313	0.01520	0.00898	0.01036	0.00829	0.00553	0.00415	0.00138	0.00691	0.00345	0.00276	0.00829
41	0.01122	0.00561	0.00842	0.00842	0.00842	0.00561	0.00561	0.00842	0.00842	0.01122	0.01122	0.01964	0.01122	0.02245	0.02525	0.81201	0.00561	0.00561	0.00281	0.00281
42	0.02408	0.01010	0.01355	0.01079	0.01496	0.00895	0.00875	0.02723	0.04197	0.55274	0.18441	0.02800	0.02627	0.00920	0.00675	0.00201	0.00493	0.00770	0.00775	0.00986
43	0.02011	0.01606	0.01749	0.01516	0.04443	0.06121	0.03536	0.22891	0.36705	0.09130	0.02114	0.02015	0.01549	0.00805	0.00652	0.00206	0.00642	0.00657	0.00623	0.01030
44	0.00924	0.00690	0.01029	0.01029	0.01141	0.00802	0.00796	0.01148	0.01036	0.01493	0.01739	0.02587	0.01636	0.06912	0.72694	0.01027	0.01699	0.00699	0.00347	0.00572
45	0.00914	0.00660	0.00864	0.00813	0.00965	0.00610	0.00610	0.01219	0.01829	0.02591	0.72921	0.04827	0.06097	0.01321	0.00762	0.00203	0.00305	0.01169	0.00711	0.00610
46	0.01768	0.73225	0.03293	0.01139	0.01679	0.06865	0.01114	0.01973	0.01344	0.01524	0.00904	0.01044	0.00829	0.00560	0.00425	0.00140	0.00719	0.00350	0.00280	0.00824
47	0.01546	0.01481	0.02527	0.13953	0.63687	0.01521	0.01957	0.01937	0.01446	0.02047	0.01206	0.01616	0.01001	0.00585	0.00641	0.00195	0.00781	0.00575	0.00315	0.00981
48	0.01577	0.02949	0.61239	0.01720	0.02595	0.01404	0.02135	0.02240	0.01449	0.14614	0.01403	0.01511	0.00955	0.00646	0.00620	0.00204	0.00884	0.00508	0.00365	0.00980
49	0.79365	0.01307	0.00977	0.00875	0.01273	0.03746	0.00717	0.01921	0.01123	0.02858	0.00903	0.01053	0.00704	0.00602	0.00406	0.00199	0.00521	0.00352	0.00398	0.00701
50	0.00769	0.00634	0.00676	0.00710	0.00887	0.00541	0.00516	0.00921	0.01419	0.01724	0.05869	0.22237	0.57418	0.01724	0.00777	0.00228	0.00338	0.01471	0.00600	0.00541
51	0.02147	0.02573	0.01784	0.01607	0.01904	0.52733	0.01229	0.02603	0.14136	0.01776	0.01268	0.01416	0.01036	0.00761	0.00787	0.00190	0.10384	0.00490	0.00384	0.00792
52	0.01678	0.51891	0.23226	0.01317	0.01980	0.02158	0.01458	0.02042	0.01361	0.06159	0.01075	0.01201	0.00874	0.00585	0.00486	0.00161	0.00757	0.00402	0.00308	0.00882
53	0.01338	0.10569	0.67085	0.01770	0.02686	0.01603	0.02263	0.02035	0.01359	0.01995	0.01134	0.01332	0.00820	0.00608	0.00595	0.00198	0.00929	0.00465	0.00273	0.00943
54	0.00787	0.00562	0.00750	0.00900	0.00937	0.00525	0.00600	0.00900	0.01237	0.01649	0.03561	0.76871	0.04274	0.02024	0.00825	0.00262	0.00375	0.01837	0.00600	0.00525
55	0.01743	0.01625	0.02121	0.03439	0.02164	0.11726	0.20234	0.09913	0.17673	0.06623	0.11643	0.02316	0.01980	0.02923	0.00762	0.00217	0.00769	0.00737	0.00519	0.00873
56	0.00977	0.00668	0.00860	0.00943	0.01036	0.00643	0.00656	0.05315	0.01373	0.04650	0.03429	0.64490	0.06048	0.01984	0.03355	0.00281	0.00448	0.01658	0.00602	0.00585
57	0.01355	0.01327	0.01767	0.01543	0.01567	0.04249	0.01259	0.01497	0.01020	0.01526	0.01047	0.01753	0.01052	0.07472	0.10471	0.00392	0.59130	0.00604	0.00300	0.00669
58	0.02414	0.03079	0.01831	0.01665	0.01998	0.74698	0.01248	0.02580	0.01831	0.01581	0.00999	0.01165	0.00832	0.00666	0.00583	0.00166	0.01165	0.00416	0.00333	0.00749
59	0.01563	0.01498	0.02557	0.10820	0.66691	0.01526	0.01965	0.01951	0.01454	0.02067	0.01209	0.01611	0.01008	0.00582	0.00640	0.00194	0.00777	0.00576	0.00317	0.00994
60	0.01727	0.77681	0.03386	0.01106	0.01658	0.02557	0.01106	0.01935	0.01313	0.01520	0.00898	0.01036	0.00829	0.00553	0.00415	0.00138	0.00691	0.00345	0.00276	0.00829
61	0.81856	0.01250	0.00950	0.00850	0.01250	0.01449	0.00700	0.01899	0.01100	0.02899	0.00900	0.01050	0.00700	0.00600	0.00400	0.00200	0.00500	0.00350	0.00400	0.00700
62	0.00926	0.00679	0.00973	0.00973	0.01065	0.00772	0.00726	0.01112	0.01019	0.01451	0.01791	0.02871	0.01760	0.19109	0.60666	0.00957	0.01513	0.00741	0.00355	0.00540
63	0.00787	0.00562	0.00750	0.00900	0.00937	0.00525	0.00600	0.00900	0.01237	0.01649	0.03561	0.76871	0.04274	0.02024	0.00825	0.00262	0.00375	0.01837	0.00600	0.00525
64	0.02689	0.01396	0.10459	0.01244	0.01801	0.01047	0.01135	0.04873	0.01822	0.62952	0.02350	0.02078	0.01489	0.00776	0.00645	0.00200	0.00604	0.00627	0.00730	0.01082
65	0.01521	0.01455	0.02481	0.18804	0.59036	0.01515	0.01944	0.01914	0.01434	0.02016	0.01202	0.01625	0.00990	0.00590	0.00641	0.00197	0.00787	0.00575	0.00313	0.00960
66	0.01525	0.01743	0.03813	0.02723	0.03377	0.01634	0.70915	0.02070	0.01525	0.02070	0.01307	0.01743	0.00980	0.00545	0.00763	0.00218	0.01089	0.00763	0.00327	0.00871
67	0.01680	0.69447	0.11201	0.01187	0.01784	0.02440	0.01248	0.01947	0.01319	0.01578	0.00927	0.01073	0.00828	0.00560	0.00437	0.00146	0.00720	0.00360	0.00276	0.00843
68	0.00940	0.00626	0.00705	0.00705	0.00705	0.00626	0.00392	0.00940	0.00940	0.01253	0.02036	0.04228	0.02349	0.77292	0.03289	0.00626	0.00626	0.00940	0.00392	0.00392
69	0.00787	0.00562	0.00750	0.00900	0.00937	0.00525	0.00600	0.00900	0.01237	0.01649	0.03561	0.76871	0.04274	0.02024	0.00825	0.00262	0.00375	0.01837	0.00600	0.00525
70	0.02151	0.09204	0.02202	0.05713	0.02224	0.42998	0.08980	0.08527	0.01782	0.04234	0.01124	0.01331	0.00900	0.00683	0.00689	0.00183	0.05413	0.00488	0.00365	0.00809
71	0.01301	0.01240	0.02125	0.59890	0.17512	0.01460	0.03905	0.01727	0.01333	0.01751	0.01166	0.01700	0.00896	0.00630	0.00648	0.00211	0.00850	0.00580	0.00295	0.00781
72	0.00914	0.00660	0.00864	0.00813	0.00965	0.00610	0.00610	0.01219	0.01829	0.02591	0.72921	0.04827	0.06097	0.01321	0.00762	0.00203	0.00305	0.01169	0.00711	0.00610
73	0.12561	0.09916	0.52601	0.01692	0.02512	0.01601	0.06499	0.02017	0.01333	0.02117	0.01109	0.01314	0.00814	0.00602	0.00575	0.00199	0.00876	0.00466	0.00294	0.00902
74	0.08820	0.01461	0.01653	0.01373	0.01768	0.01620	0.03611	0.35694	0.13968	0.03196	0.04783	0.04956	0.01816	0.00964	0.00717	0.00217	0.02996	0.08854	0.00599	0.00932
75	0.01664	0.01255	0.01444	0.01391	0.07892	0.08657	0.02982	0.07953	0.03926	0.13886	0.11245	0.02989	0.06008	0.19837	0.01406	0.00308	0.05088	0.00792	0.00522	0.00755
76	0.01546	0.04903	0.14992	0.03377	0.52120	0.01579	0.08129	0.02000	0.01451	0.02073	0.01201	0.01549	0.00977	0.00579	0.00637	0.00194	0.00825	0.00566	0.00311	0.00990
77	0.01760	0.65230	0.08396	0.01212	0.01773	0.09266	0.01213	0.02004	0.01365	0.01564	0.00927	0.01073	0.00829	0.00568	0.00445	0.00146	0.00755	0.00362	0.00281	0.00831
