[name]
unknown

[dist]
# distance from previous block
# <min> <max>
0	3

[block]
# block no. 0 follows, 34 sequences, length 43
# corresponding to MSA columns:
# 3-45
name=unknown_A
#
# <colnr> <probs for GDERKNQSTAVLIFYWHMCP>
#	G	D	E	R	K	N	Q	S	T	A	V	L	I	F	Y	W	H	M	C	P
0	0.05986	0.01297	0.01480	0.01371	0.06562	0.05163	0.03207	0.20040	0.04665	0.04986	0.13075	0.09612	0.09006	0.01038	0.00675	0.00201	0.00576	0.03476	0.00567	0.07018
1	0.04374	0.01473	0.03960	0.01488	0.04667	0.03672	0.11561	0.12173	0.05018	0.02391	0.01610	0.01777	0.05380	0.00663	0.00639	0.00161	0.03237	0.00562	0.00430	0.34765
2	0.01056	0.00731	0.00904	0.00893	0.01064	0.00662	0.00636	0.03617	0.01403	0.05300	0.10788	0.41234	0.07264	0.06934	0.00917	0.00248	0.00414	0.01339	0.03330	0.11268
3	0.04166	0.01545	0.01636	0.01579	0.09776	0.08396	0.01117	0.15581	0.26791	0.06508	0.04462	0.02162	0.05033	0.00809	0.00632	0.00194	0.00623	0.00656	0.00562	0.07776
4	0.01594	0.01413	0.02205	0.03084	0.51128	0.02981	0.01639	0.03974	0.03390	0.05237	0.10107	0.02050	0.01706	0.00716	0.00698	0.00196	0.03230	0.00653	0.03053	0.00948
5	0.00794	0.00568	0.00756	0.00895	0.00939	0.00529	0.00600	0.00917	0.01269	0.01700	0.07287	0.73000	0.04371	0.01987	0.00821	0.00259	0.00371	0.01801	0.00606	0.00529
6	0.01647	0.01261	0.01806	0.01684	0.14783	0.01063	0.06893	0.01967	0.01459	0.13308	0.01393	0.01555	0.01072	0.00552	0.00558	0.00140	0.00594	0.00492	0.00432	0.47342
7	0.01816	0.01374	0.03806	0.07725	0.07601	0.06614	0.01108	0.10420	0.09159	0.16399	0.06335	0.06778	0.01798	0.03063	0.00710	0.00203	0.00623	0.00701	0.04863	0.08901
8	0.06048	0.02750	0.01827	0.07206	0.04388	0.60594	0.01286	0.05187	0.01793	0.01764	0.01034	0.01230	0.00845	0.00663	0.00583	0.00174	0.01081	0.00436	0.00345	0.00767
9	0.09635	0.01329	0.01585	0.01226	0.01722	0.01314	0.01013	0.23716	0.02146	0.46361	0.02102	0.01902	0.01369	0.00775	0.00627	0.00198	0.00595	0.00603	0.00718	0.01065
10	0.01709	0.01649	0.02316	0.14237	0.42452	0.08631	0.01754	0.10225	0.01632	0.02186	0.01199	0.01558	0.00977	0.00657	0.00738	0.00200	0.06029	0.00560	0.00353	0.00938
11	0.00887	0.00659	0.00826	0.00784	0.00949	0.00598	0.00588	0.01166	0.01764	0.02438	0.60885	0.05079	0.18228	0.01378	0.00762	0.00206	0.00309	0.01204	0.00691	0.00598
12	0.24591	0.01059	0.01231	0.01028	0.01428	0.01024	0.00826	0.02454	0.01546	0.42877	0.02245	0.13368	0.01760	0.00932	0.00607	0.00210	0.00509	0.00749	0.00657	0.00900
13	0.00914	0.00660	0.00864	0.00813	0.00965	0.00610	0.00610	0.01219	0.01829	0.02591	0.72921	0.04827	0.06097	0.01321	0.00762	0.00203	0.00305	0.01169	0.00711	0.00610
14	0.04295	0.00684	0.00829	0.00785	0.00960	0.00633	0.00592	0.01194	0.01733	0.02448	0.57635	0.04924	0.18220	0.01349	0.00747	0.00206	0.00317	0.01170	0.00678	0.00602
15	0.81856	0.01250	0.00950	0.00850	0.01250	0.01449	0.00700	0.01899	0.01100	0.02899	0.00900	0.01050	0.00700	0.00600	0.00400	0.00200	0.00500	0.00350	0.00400	0.00700
16	0.43311	0.01361	0.01331	0.01083	0.01536	0.01479	0.00894	0.20110	0.01772	0.19327	0.01444	0.01441	0.01008	0.00691	0.00521	0.00198	0.00566	0.00478	0.00555	0.00894
17	0.81856	0.01250	0.00950	0.00850	0.01250	0.01449	0.00700	0.01899	0.01100	0.02899	0.00900	0.01050	0.00700	0.00600	0.00400	0.00200	0.00500	0.00350	0.00400	0.00700
18	0.00869	0.00660	0.00794	0.00769	0.00939	0.00593	0.00578	0.01115	0.01665	0.02234	0.45413	0.05371	0.28645	0.03986	0.00852	0.00226	0.00334	0.03719	0.00658	0.00580
19	0.17290	0.01579	0.01669	0.01309	0.01796	0.01720	0.01079	0.45167	0.04798	0.14858	0.01624	0.01589	0.01133	0.00750	0.00601	0.00197	0.00639	0.00554	0.00625	0.01022
20	0.81856	0.01250	0.00950	0.00850	0.01250	0.01449	0.00700	0.01899	0.01100	0.02899	0.00900	0.01050	0.00700	0.00600	0.00400	0.00200	0.00500	0.00350	0.00400	0.00700
21	0.00787	0.00562	0.00750	0.00900	0.00937	0.00525	0.00600	0.00900	0.01237	0.01649	0.03561	0.76871	0.04274	0.02024	0.00825	0.00262	0.00375	0.01837	0.00600	0.00525
22	0.01722	0.01309	0.01434	0.01260	0.01603	0.01452	0.01018	0.24903	0.27610	0.02936	0.02352	0.03075	0.01986	0.03447	0.00761	0.00232	0.00575	0.13076	0.08340	0.00909
23	0.00938	0.00634	0.00746	0.00746	0.00760	0.00649	0.00442	0.00966	0.00952	0.01283	0.01999	0.04021	0.02259	0.68425	0.12033	0.00677	0.00762	0.00909	0.00386	0.00414
24	0.02114	0.01389	0.01561	0.01303	0.01732	0.01504	0.01042	0.16029	0.40255	0.22073	0.02406	0.02193	0.01708	0.00837	0.00653	0.00209	0.00559	0.00681	0.00694	0.01058
25	0.00923	0.00692	0.01038	0.01038	0.01154	0.00808	0.00808	0.01154	0.01038	0.01500	0.01731	0.02538	0.01615	0.04846	0.74732	0.01038	0.01731	0.00692	0.00346	0.00577
26	0.00963	0.00659	0.00754	0.00749	0.00769	0.00674	0.00441	0.01045	0.03563	0.01322	0.02038	0.04053	0.02288	0.69835	0.07775	0.00638	0.00693	0.00916	0.00398	0.00427
27	0.00787	0.00562	0.00750	0.00900	0.00937	0.00525	0.00600	0.00900	0.01237	0.01649	0.03561	0.76871	0.04274	0.02024	0.00825	0.00262	0.00375	0.01837	0.00600	0.00525
28	0.19091	0.01656	0.01605	0.01298	0.01745	0.10333	0.01055	0.28757	0.03942	0.19715	0.01590	0.01570	0.01116	0.00744	0.00631	0.00197	0.02878	0.00533	0.00583	0.00960
29	0.01556	0.01491	0.02544	0.12237	0.65332	0.01524	0.01961	0.01945	0.01451	0.02058	0.01208	0.01613	0.01005	0.00584	0.00640	0.00195	0.00778	0.00576	0.00316	0.00988
30	0.00808	0.00574	0.00759	0.00899	0.00939	0.00541	0.00605	0.00921	0.01229	0.01636	0.03458	0.69308	0.04127	0.06814	0.00985	0.00287	0.00400	0.04604	0.00586	0.00519
31	0.01220	0.01148	0.01938	0.75739	0.04450	0.01436	0.01794	0.01651	0.01292	0.01651	0.01148	0.01723	0.00861	0.00646	0.00646	0.00215	0.00861	0.00574	0.00287	0.00718
32	0.01405	0.01187	0.01375	0.00988	0.01559	0.00928	0.00793	0.05680	0.01439	0.02220	0.01172	0.01352	0.00965	0.00496	0.00488	0.00101	0.00492	0.00394	0.00398	0.76568
33	0.01727	0.77681	0.03386	0.01106	0.01658	0.02557	0.01106	0.01935	0.01313	0.01520	0.00898	0.01036	0.00829	0.00553	0.00415	0.00138	0.00691	0.00345	0.00276	0.00829
34	0.00868	0.00648	0.00807	0.00791	0.00943	0.00586	0.00584	0.01121	0.01685	0.02304	0.50951	0.13728	0.19663	0.01470	0.00770	0.00213	0.00318	0.01289	0.00675	0.00586
35	0.04850	0.02010	0.08140	0.06495	0.26165	0.17708	0.09515	0.05065	0.05115	0.02066	0.01219	0.01513	0.00978	0.00659	0.00727	0.00199	0.05778	0.00552	0.00349	0.00894
36	0.00805	0.00653	0.00714	0.00705	0.00900	0.00562	0.00526	0.01004	0.01560	0.01968	0.24179	0.08231	0.52805	0.01565	0.00765	0.00216	0.00323	0.01327	0.00630	0.00562
37	0.01664	0.01529	0.01591	0.01554	0.07170	0.07210	0.01123	0.03211	0.59554	0.02543	0.02353	0.02229	0.01785	0.00844	0.00687	0.00215	0.02459	0.00691	0.00598	0.00994
38	0.00784	0.00596	0.00722	0.00815	0.00917	0.00534	0.00564	0.00919	0.01335	0.01712	0.06833	0.51023	0.27173	0.01872	0.00802	0.00246	0.00357	0.01658	0.00604	0.00534
39	0.00868	0.00628	0.00756	0.00796	0.00869	0.00611	0.00533	0.00966	0.01151	0.01501	0.03345	0.21982	0.17411	0.32484	0.10608	0.00493	0.00635	0.03393	0.00486	0.00484
40	0.01471	0.24092	0.50739	0.01627	0.02440	0.05348	0.01974	0.02041	0.01372	0.01877	0.01079	0.01263	0.00822	0.00599	0.00557	0.00184	0.00891	0.00438	0.00277	0.00910
41	0.11179	0.01545	0.04013	0.04202	0.06951	0.05377	0.01157	0.23058	0.05327	0.21801	0.01740	0.03533	0.01261	0.00751	0.00610	0.00193	0.00656	0.00588	0.00579	0.05479
42	0.04835	0.01792	0.07825	0.05628	0.08363	0.06587	0.27846	0.11771	0.01748	0.13076	0.01454	0.01671	0.01052	0.00652	0.00712	0.00206	0.02780	0.00632	0.00438	0.00929

[dist]
# distance from previous block
# <min> <max>
0	1

[block]
# block no. 1 follows, 34 sequences, length 14
# corresponding to MSA columns:
# 47-60
name=unknown_B
#
# <colnr> <probs for GDERKNQSTAVLIFYWHMCP>
#	G	D	E	R	K	N	Q	S	T	A	V	L	I	F	Y	W	H	M	C	P
0	0.07484	0.13835	0.06651	0.02094	0.16442	0.11647	0.11672	0.06009	0.01523	0.04565	0.01153	0.01410	0.00931	0.00651	0.00728	0.00190	0.07867	0.00517	0.00353	0.04278
1	0.04835	0.01364	0.01991	0.53131	0.14184	0.05851	0.01710	0.05905	0.01446	0.01912	0.01163	0.01632	0.00891	0.00643	0.00631	0.00207	0.00841	0.00556	0.00321	0.00787
2	0.01550	0.01316	0.01312	0.01300	0.06707	0.09296	0.00921	0.04328	0.28829	0.02448	0.05768	0.02255	0.01819	0.00793	0.00583	0.00183	0.00534	0.00646	0.24060	0.05354
3	0.62976	0.03178	0.01220	0.09851	0.01693	0.01524	0.00899	0.04280	0.01190	0.02682	0.00949	0.01167	0.00745	0.00640	0.00534	0.00205	0.04766	0.00397	0.00385	0.00720
4	0.81856	0.01250	0.00950	0.00850	0.01250	0.01449	0.00700	0.01899	0.01100	0.02899	0.00900	0.01050	0.00700	0.00600	0.00400	0.00200	0.00500	0.00350	0.00400	0.00700
5	0.01261	0.00723	0.00992	0.00938	0.01012	0.00758	0.00666	0.09248	0.01123	0.01512	0.01235	0.01973	0.01169	0.02333	0.09600	0.63444	0.00697	0.00577	0.00331	0.00408
6	0.00773	0.00648	0.00673	0.00681	0.00882	0.00547	0.00505	0.00941	0.01474	0.01783	0.09804	0.11469	0.64311	0.01649	0.00768	0.00221	0.00330	0.01389	0.00606	0.00547
7	0.01790	0.02134	0.04374	0.01609	0.05612	0.38053	0.01215	0.02013	0.01559	0.01732	0.09673	0.01867	0.01585	0.01408	0.11545	0.00316	0.11845	0.00578	0.00370	0.00724
8	0.02393	0.01779	0.01904	0.01474	0.01980	0.01974	0.01213	0.66097	0.08151	0.03971	0.01631	0.01615	0.01164	0.00783	0.00647	0.00196	0.00696	0.00593	0.00647	0.01093
9	0.01606	0.04671	0.03350	0.01496	0.12573	0.01143	0.01012	0.13727	0.01545	0.08763	0.01605	0.04614	0.01367	0.03298	0.06734	0.20554	0.00687	0.00632	0.09889	0.00731
10	0.01529	0.10972	0.01884	0.04289	0.07475	0.10566	0.06736	0.01982	0.09572	0.04959	0.12565	0.07985	0.03926	0.00880	0.00665	0.00187	0.02230	0.00747	0.00468	0.10384
11	0.01327	0.01076	0.01179	0.01087	0.01339	0.01184	0.00815	0.06122	0.36689	0.02338	0.09232	0.08422	0.08903	0.12656	0.04443	0.00317	0.00550	0.00926	0.00599	0.00797
12	0.01668	0.08338	0.08998	0.05172	0.19926	0.07539	0.12526	0.10241	0.03660	0.03502	0.09028	0.01894	0.01549	0.00711	0.00680	0.00196	0.02428	0.00634	0.00411	0.00901
13	0.01611	0.48666	0.02586	0.03549	0.01648	0.05325	0.01041	0.06927	0.03489	0.01815	0.04475	0.13189	0.01646	0.00850	0.00533	0.00171	0.00649	0.00653	0.00387	0.00790

[dist]
# distance from previous block
# <min> <max>
2	4

[block]
# block no. 2 follows, 34 sequences, length 36
# corresponding to MSA columns:
# 66-101
name=unknown_C
#
# <colnr> <probs for GDERKNQSTAVLIFYWHMCP>
#	G	D	E	R	K	N	Q	S	T	A	V	L	I	F	Y	W	H	M	C	P
0	0.47974	0.01787	0.04007	0.06024	0.05764	0.18980	0.03183	0.02062	0.01330	0.02406	0.00978	0.01183	0.00772	0.00616	0.00491	0.00193	0.00731	0.00410	0.00366	0.00745
1	0.01814	0.07929	0.05484	0.05904	0.23889	0.13192	0.08286	0.11373	0.04026	0.04167	0.01358	0.04247	0.01125	0.00707	0.00689	0.00195	0.03710	0.00599	0.00392	0.00914
2	0.01517	0.06684	0.04840	0.03625	0.06288	0.05709	0.02884	0.05916	0.03196	0.04566	0.10660	0.01872	0.01664	0.00662	0.00566	0.00147	0.00597	0.00546	0.00438	0.37622
3	0.00858	0.00658	0.00786	0.00754	0.00931	0.00586	0.00565	0.01111	0.01696	0.02276	0.48200	0.05345	0.31014	0.01438	0.00763	0.00209	0.00313	0.01241	0.00670	0.00586
4	0.01111	0.00919	0.01089	0.04814	0.01452	0.06813	0.00991	0.01373	0.01485	0.01884	0.07590	0.18350	0.03589	0.01649	0.00835	0.00271	0.00598	0.44018	0.00567	0.00603
5	0.00843	0.00619	0.00775	0.00829	0.00932	0.00570	0.00585	0.01019	0.01437	0.01924	0.24464	0.35425	0.16036	0.07693	0.00993	0.00268	0.00375	0.04052	0.00616	0.00546
6	0.01296	0.03342	0.73944	0.01842	0.02797	0.01501	0.02387	0.02046	0.01364	0.02046	0.01160	0.01364	0.00818	0.00614	0.00614	0.00205	0.00955	0.00477	0.00273	0.00955
7	0.01502	0.01469	0.02600	0.20640	0.49047	0.01523	0.09919	0.01915	0.01435	0.01998	0.01210	0.01645	0.00980	0.00589	0.00655	0.00200	0.00827	0.00597	0.00313	0.00934
8	0.81856	0.01250	0.00950	0.00850	0.01250	0.01449	0.00700	0.01899	0.01100	0.02899	0.00900	0.01050	0.00700	0.00600	0.00400	0.00200	0.00500	0.00350	0.00400	0.00700
9	0.01340	0.01148	0.01340	0.00957	0.01531	0.00861	0.00766	0.01627	0.01340	0.02105	0.01148	0.01340	0.00957	0.00479	0.00479	0.00096	0.00479	0.00383	0.00383	0.81242
10	0.01220	0.01148	0.01938	0.75739	0.04450	0.01436	0.01794	0.01651	0.01292	0.01651	0.01148	0.01723	0.00861	0.00646	0.00646	0.00215	0.00861	0.00574	0.00287	0.00718
11	0.01607	0.01388	0.01461	0.01315	0.01680	0.01607	0.01023	0.03433	0.72094	0.02703	0.02630	0.02411	0.01972	0.00877	0.00657	0.00219	0.00511	0.00731	0.00657	0.01023
12	0.00798	0.00567	0.00746	0.00885	0.00920	0.00532	0.00585	0.00903	0.01215	0.01620	0.03450	0.71557	0.04133	0.07530	0.01005	0.00289	0.00393	0.01771	0.00585	0.00515
13	0.01220	0.01148	0.01938	0.75739	0.04450	0.01436	0.01794	0.01651	0.01292	0.01651	0.01148	0.01723	0.00861	0.00646	0.00646	0.00215	0.00861	0.00574	0.00287	0.00718
14	0.81856	0.01250	0.00950	0.00850	0.01250	0.01449	0.00700	0.01899	0.01100	0.02899	0.00900	0.01050	0.00700	0.00600	0.00400	0.00200	0.00500	0.00350	0.00400	0.00700
15	0.01197	0.00860	0.01272	0.01358	0.11419	0.00806	0.03341	0.01517	0.01769	0.08337	0.54368	0.04041	0.04822	0.01144	0.00735	0.00202	0.00419	0.01027	0.00649	0.00718
16	0.02456	0.01810	0.01939	0.01487	0.02004	0.02004	0.01228	0.71107	0.03038	0.04072	0.01551	0.01551	0.01099	0.00776	0.00646	0.00194	0.00711	0.00582	0.00646	0.01099
17	0.01611	0.60769	0.12994	0.01193	0.01781	0.02251	0.01248	0.01893	0.01318	0.01624	0.01057	0.04267	0.00977	0.00620	0.00462	0.00151	0.00705	0.00428	0.00294	0.04358
18	0.75327	0.01296	0.01031	0.00902	0.01312	0.01495	0.00743	0.07591	0.01259	0.02995	0.00953	0.01091	0.00733	0.00614	0.00420	0.00199	0.00517	0.00369	0.00420	0.00733
19	0.01788	0.01401	0.01506	0.01316	0.01706	0.01588	0.01035	0.09327	0.60279	0.08662	0.02529	0.02318	0.01865	0.00861	0.00656	0.00215	0.00532	0.00711	0.00668	0.01036
20	0.01234	0.00838	0.01037	0.00939	0.01160	0.00826	0.00718	0.04347	0.11447	0.08724	0.52411	0.06394	0.04901	0.01217	0.00736	0.00207	0.00372	0.01063	0.00706	0.00724
21	0.00822	0.00612	0.00773	0.00879	0.00977	0.00563	0.00634	0.00981	0.01354	0.01757	0.07775	0.48006	0.19781	0.01869	0.00817	0.00254	0.00390	0.10608	0.00605	0.00543
22	0.00844	0.00680	0.00767	0.00810	0.01008	0.00603	0.00650	0.01047	0.01477	0.01800	0.05640	0.06528	0.52924	0.01679	0.00801	0.00241	0.00405	0.20938	0.00599	0.00560
23	0.01011	0.00708	0.00879	0.00890	0.01084	0.00647	0.00717	0.01260	0.01600	0.06086	0.24301	0.05920	0.28900	0.01544	0.00796	0.00237	0.00415	0.21754	0.00641	0.00610
24	0.01700	0.71644	0.06904	0.01192	0.01768	0.02476	0.03325	0.01944	0.01322	0.01563	0.00924	0.01075	0.00833	0.00556	0.00435	0.00144	0.00716	0.00365	0.00278	0.00837
25	0.01531	0.01206	0.01312	0.01193	0.01519	0.01329	0.00930	0.07022	0.45583	0.06556	0.03168	0.09189	0.11152	0.01101	0.00695	0.00224	0.00496	0.04235	0.00650	0.00910
26	0.00836	0.00603	0.00789	0.00906	0.00977	0.00566	0.00642	0.00986	0.01321	0.01753	0.09376	0.54097	0.08777	0.05208	0.00932	0.00275	0.00406	0.10415	0.00599	0.00536
27	0.01355	0.03921	0.10626	0.31393	0.18651	0.03408	0.01685	0.04228	0.01420	0.01895	0.01506	0.07485	0.01353	0.00931	0.02930	0.00238	0.00824	0.04995	0.00351	0.00806
28	0.01782	0.32389	0.13750	0.01756	0.08248	0.05889	0.11213	0.06836	0.03874	0.06730	0.01239	0.01398	0.00973	0.00611	0.00562	0.00176	0.00805	0.00497	0.00362	0.00909
29	0.00851	0.00636	0.00848	0.00966	0.01023	0.00633	0.00692	0.00989	0.01264	0.01682	0.03540	0.61047	0.07391	0.01927	0.00902	0.00265	0.04631	0.09589	0.00582	0.00544
30	0.40929	0.08306	0.04670	0.01578	0.12515	0.18611	0.01128	0.02080	0.01356	0.02319	0.00982	0.01172	0.00796	0.00608	0.00489	0.00186	0.00731	0.00405	0.00356	0.00782
31	0.03603	0.01722	0.07711	0.04903	0.32382	0.03857	0.21714	0.03975	0.01487	0.02095	0.01283	0.01788	0.01064	0.00665	0.00785	0.00211	0.06458	0.03048	0.00337	0.00913
32	0.13272	0.07202	0.10698	0.01829	0.09640	0.01550	0.15836	0.10729	0.03695	0.05778	0.01633	0.04023	0.04293	0.03934	0.00778	0.00222	0.02953	0.00649	0.00421	0.00865
33	0.01857	0.31844	0.13579	0.01486	0.04002	0.05527	0.04206	0.10830	0.07153	0.08586	0.01333	0.01431	0.01033	0.00667	0.00614	0.00179	0.03856	0.00489	0.00406	0.00920
34	0.01533	0.01204	0.05014	0.01632	0.16218	0.01094	0.01090	0.12701	0.01803	0.11286	0.16265	0.06069	0.16411	0.03816	0.00791	0.00220	0.00546	0.00909	0.00572	0.00827
35	0.00961	0.00677	0.00828	0.00798	0.00981	0.00606	0.00604	0.01207	0.01670	0.05734	0.41798	0.09493	0.26908	0.01454	0.00765	0.00215	0.00339	0.03685	0.00670	0.00608

[dist]
# distance from previous block
# <min> <max>
0	2

[block]
# block no. 3 follows, 34 sequences, length 31
# corresponding to MSA columns:
# 104-134
name=unknown_D
#
# <colnr> <probs for GDERKNQSTAVLIFYWHMCP>
#	G	D	E	R	K	N	Q	S	T	A	V	L	I	F	Y	W	H	M	C	P
0	0.01394	0.01458	0.02741	0.08311	0.11367	0.03891	0.36052	0.01808	0.01384	0.01879	0.01398	0.03636	0.01176	0.01506	0.16084	0.00386	0.03680	0.00717	0.00332	0.00799
1	0.07280	0.00923	0.01091	0.02769	0.02867	0.01038	0.00800	0.08025	0.07390	0.02254	0.01802	0.02255	0.01506	0.04574	0.22973	0.00455	0.03863	0.00628	0.26814	0.00693
2	0.00788	0.00651	0.00692	0.00691	0.00890	0.00555	0.00515	0.00972	0.01517	0.01873	0.16804	0.09422	0.59186	0.01606	0.00766	0.00218	0.00326	0.01356	0.00617	0.00555
3	0.01843	0.17360	0.25943	0.09718	0.02397	0.01688	0.01595	0.12716	0.03709	0.14872	0.01453	0.01544	0.01039	0.00670	0.00590	0.00190	0.00770	0.00515	0.00436	0.00953
4	0.04502	0.01483	0.02173	0.04893	0.40352	0.01506	0.01565	0.14204	0.01723	0.07177	0.01330	0.01578	0.01045	0.00636	0.00664	0.00185	0.03242	0.00550	0.00417	0.10775
5	0.10499	0.26746	0.05513	0.03010	0.05696	0.20128	0.01199	0.07095	0.06576	0.02013	0.01226	0.03535	0.01047	0.00774	0.02256	0.00194	0.00812	0.00483	0.00371	0.00827
6	0.02354	0.01593	0.01681	0.01321	0.01776	0.05165	0.01079	0.47456	0.02560	0.14824	0.01760	0.01753	0.01242	0.00771	0.00617	0.00188	0.00651	0.00587	0.11606	0.01014
7	0.01573	0.18991	0.21073	0.03302	0.08608	0.05200	0.01459	0.05907	0.08163	0.04849	0.05825	0.01972	0.06067	0.00744	0.00592	0.00184	0.00720	0.00588	0.00409	0.03775
8	0.02899	0.01100	0.01499	0.01150	0.01649	0.00950	0.00950	0.03149	0.01849	0.73709	0.02549	0.02199	0.01599	0.00800	0.00650	0.00200	0.00550	0.00650	0.00800	0.01100
9	0.02277	0.17931	0.02141	0.01553	0.01930	0.60337	0.01220	0.02452	0.01728	0.01569	0.00979	0.01140	0.00832	0.00643	0.00549	0.00161	0.01071	0.00402	0.00322	0.00765
10	0.01415	0.01347	0.02289	0.38894	0.39775	0.01487	0.01891	0.01821	0.01384	0.01887	0.01183	0.01659	0.00945	0.00610	0.00643	0.00203	0.00813	0.00575	0.00304	0.00875
11	0.01596	0.01544	0.02670	0.03916	0.70471	0.01539	0.04735	0.01986	0.01473	0.02109	0.01219	0.01605	0.01022	0.00574	0.00645	0.00193	0.00780	0.00583	0.00320	0.01017
12	0.00939	0.00629	0.00720	0.00720	0.00725	0.00635	0.00411	0.00949	0.00944	0.01264	0.02022	0.04151	0.02316	0.73983	0.06552	0.00645	0.00677	0.00928	0.00389	0.00400
13	0.00794	0.00581	0.00749	0.00880	0.00944	0.00536	0.00603	0.00920	0.01276	0.01672	0.03930	0.65377	0.12869	0.01967	0.00820	0.00258	0.00377	0.04318	0.00600	0.00530
14	0.00880	0.00591	0.00788	0.00902	0.00967	0.00548	0.00614	0.01014	0.01309	0.04554	0.09185	0.68057	0.04317	0.01919	0.00813	0.00255	0.00376	0.01736	0.00617	0.00554
15	0.11775	0.60345	0.02914	0.01098	0.01627	0.02314	0.01055	0.05947	0.01410	0.05135	0.01011	0.01121	0.00864	0.00583	0.00437	0.00152	0.00662	0.00373	0.00337	0.00841
16	0.01533	0.01236	0.01607	0.01524	0.11338	0.01182	0.02693	0.05335	0.10968	0.07710	0.05641	0.02122	0.06259	0.00757	0.00709	0.00169	0.06162	0.00616	0.00479	0.31961
17	0.02231	0.14143	0.02128	0.01686	0.06672	0.42586	0.01263	0.15058	0.04654	0.02108	0.01162	0.01293	0.00937	0.00671	0.00575	0.00171	0.00957	0.00458	0.00393	0.00854
18	0.07952	0.43589	0.02617	0.01293	0.01757	0.27589	0.01129	0.04360	0.01532	0.01725	0.00954	0.01099	0.00829	0.00603	0.00479	0.00154	0.00843	0.00378	0.00317	0.00800
19	0.01608	0.01732	0.07045	0.08923	0.28576	0.10020	0.09039	0.07558	0.01632	0.02173	0.08567	0.03381	0.01549	0.00741	0.00736	0.00202	0.04594	0.00656	0.00387	0.00882
20	0.00787	0.00562	0.00750	0.00900	0.00937	0.00525	0.00600	0.00900	0.01237	0.01649	0.03561	0.76871	0.04274	0.02024	0.00825	0.00262	0.00375	0.01837	0.00600	0.00525
21	0.01002	0.00733	0.00902	0.00864	0.01041	0.00702	0.00645	0.01420	0.08889	0.04174	0.47670	0.13333	0.13386	0.01385	0.00756	0.00214	0.00343	0.01214	0.00681	0.00646
22	0.01522	0.01689	0.03554	0.02750	0.10338	0.01581	0.60033	0.02036	0.01509	0.02076	0.01289	0.01706	0.00983	0.00544	0.00734	0.00208	0.01023	0.00722	0.00329	0.05371
23	0.01016	0.00706	0.00909	0.00857	0.01025	0.00665	0.00642	0.01378	0.05189	0.05317	0.61594	0.09967	0.05585	0.01331	0.00757	0.00208	0.00330	0.01177	0.00704	0.00643
24	0.01340	0.01148	0.01340	0.00957	0.01531	0.00861	0.00766	0.01627	0.01340	0.02105	0.01148	0.01340	0.00957	0.00479	0.00479	0.00096	0.00479	0.00383	0.00383	0.81242
25	0.02107	0.19974	0.07130	0.01588	0.02040	0.43357	0.05171	0.05578	0.04096	0.01779	0.01085	0.01241	0.00890	0.00642	0.00562	0.00168	0.00995	0.00442	0.00341	0.00814
26	0.04796	0.01753	0.01922	0.01602	0.06106	0.01937	0.01244	0.61188	0.06741	0.03846	0.01572	0.01587	0.01131	0.00764	0.00639	0.00195	0.00697	0.00583	0.00620	0.01078
27	0.00912	0.00660	0.00795	0.00800	0.00925	0.00593	0.00545	0.00998	0.01226	0.01627	0.07124	0.26560	0.18366	0.17704	0.01475	0.08910	0.00444	0.01225	0.00506	0.08605
28	0.14443	0.01299	0.01450	0.01522	0.12064	0.05322	0.01017	0.14059	0.06398	0.08071	0.03717	0.16152	0.05122	0.03192	0.00716	0.00219	0.00585	0.00840	0.00529	0.03283
29	0.06444	0.01559	0.01635	0.01362	0.01793	0.01766	0.01092	0.31978	0.38918	0.03293	0.02077	0.01971	0.01532	0.00818	0.00638	0.00207	0.00595	0.00646	0.00638	0.01037
30	0.08490	0.00821	0.00961	0.00946	0.01114	0.00830	0.00683	0.01623	0.08889	0.11772	0.02648	0.25604	0.02755	0.22408	0.01432	0.00347	0.00514	0.06962	0.00558	0.00643

[dist]
# distance from previous block
# <min> <max>
0	3

[block]
# block no. 4 follows, 34 sequences, length 26
# corresponding to MSA columns:
# 138-163
name=unknown_E
#
# <colnr> <probs for GDERKNQSTAVLIFYWHMCP>
#	G	D	E	R	K	N	Q	S	T	A	V	L	I	F	Y	W	H	M	C	P
0	0.07455	0.00988	0.01025	0.06188	0.03427	0.08239	0.00785	0.01327	0.01394	0.03305	0.08998	0.27537	0.16764	0.06276	0.00888	0.00252	0.00522	0.03497	0.00527	0.00606
1	0.01505	0.01561	0.06191	0.06137	0.55441	0.03576	0.01820	0.01869	0.01432	0.02012	0.01431	0.09200	0.01325	0.00745	0.00697	0.00202	0.02877	0.00693	0.00344	0.00941
2	0.00924	0.00620	0.00709	0.00724	0.00728	0.00616	0.00413	0.00936	0.00970	0.01293	0.02190	0.11589	0.02544	0.69666	0.03039	0.00590	0.00601	0.01031	0.00413	0.00405
3	0.01080	0.00727	0.00885	0.00912	0.01035	0.00719	0.00658	0.06610	0.01389	0.04217	0.03127	0.32035	0.09100	0.16118	0.04738	0.00352	0.00533	0.08606	0.06577	0.00581
4	0.01492	0.01066	0.01458	0.06462	0.10014	0.01096	0.03210	0.12648	0.03948	0.09030	0.02415	0.16815	0.03739	0.11372	0.01069	0.00282	0.00612	0.10301	0.02210	0.00763
5	0.08221	0.06803	0.01889	0.01517	0.01925	0.42364	0.01194	0.24024	0.02127	0.02457	0.01159	0.01271	0.00906	0.00689	0.00580	0.00176	0.00947	0.00459	0.00433	0.00860
6	0.01662	0.04854	0.01597	0.01114	0.01667	0.01263	0.00911	0.20227	0.03533	0.02618	0.01281	0.01409	0.01014	0.00571	0.00525	0.00127	0.00551	0.00443	0.00455	0.54180
7	0.00792	0.00571	0.00750	0.00884	0.00935	0.00530	0.00595	0.00915	0.01274	0.01696	0.06771	0.70344	0.07602	0.01975	0.00819	0.00258	0.00370	0.01785	0.00605	0.00530
8	0.44080	0.01516	0.01420	0.01153	0.01608	0.01713	0.00951	0.34827	0.02022	0.03457	0.01210	0.01288	0.00890	0.00683	0.00517	0.00197	0.00600	0.00460	0.00517	0.00890
9	0.01592	0.06211	0.04618	0.11565	0.56196	0.04768	0.01889	0.01971	0.01454	0.01999	0.01178	0.01553	0.00980	0.00587	0.00624	0.00191	0.00796	0.00552	0.00313	0.00964
10	0.70754	0.04347	0.01132	0.00942	0.01341	0.08913	0.00771	0.01970	0.01182	0.02713	0.00910	0.01061	0.00718	0.00605	0.00419	0.00194	0.00575	0.00356	0.00388	0.00710
11	0.00830	0.00596	0.00750	0.00831	0.00895	0.00557	0.00555	0.00955	0.01292	0.01725	0.13609	0.47416	0.10408	0.14987	0.01239	0.00313	0.00404	0.01541	0.00580	0.00516
12	0.00973	0.00690	0.00805	0.00798	0.00947	0.00647	0.00565	0.01197	0.04504	0.05194	0.15098	0.16197	0.27126	0.17638	0.04436	0.00343	0.00472	0.01228	0.00575	0.00569
13	0.04840	0.01462	0.01621	0.03724	0.04858	0.01589	0.01093	0.21852	0.34050	0.02942	0.01929	0.01899	0.01449	0.00757	0.00616	0.00191	0.00583	0.00610	0.00576	0.13359
14	0.60196	0.01344	0.01184	0.00996	0.01427	0.01514	0.00821	0.15224	0.01532	0.08944	0.01160	0.01240	0.00850	0.00650	0.00468	0.00199	0.00544	0.00419	0.00480	0.00809
15	0.00866	0.00656	0.00803	0.00871	0.01006	0.00611	0.00664	0.01050	0.01384	0.01770	0.08344	0.21812	0.28303	0.07687	0.04220	0.00314	0.00487	0.18027	0.00578	0.00546
16	0.03419	0.00626	0.00782	0.00879	0.00979	0.00583	0.00617	0.01037	0.01316	0.04105	0.05802	0.56233	0.14637	0.01850	0.00797	0.00251	0.00385	0.04542	0.00603	0.00558
17	0.57285	0.01118	0.00966	0.00879	0.01209	0.01253	0.00693	0.01850	0.03553	0.07335	0.01402	0.04551	0.01255	0.11127	0.00849	0.00264	0.00519	0.02757	0.00448	0.00686
18	0.01296	0.03342	0.73944	0.01842	0.02797	0.01501	0.02387	0.02046	0.01364	0.02046	0.01160	0.01364	0.00818	0.00614	0.00614	0.00205	0.00955	0.00477	0.00273	0.00955
19	0.01288	0.00902	0.01177	0.06202	0.01460	0.00791	0.00772	0.01382	0.01172	0.04854	0.01335	0.01975	0.01208	0.04800	0.03619	0.26836	0.00585	0.02750	0.00367	0.36525
20	0.01271	0.00782	0.00960	0.00966	0.04001	0.00777	0.00604	0.03620	0.03568	0.09780	0.02107	0.05968	0.02193	0.52319	0.02521	0.04220	0.00611	0.02721	0.00460	0.00549
21	0.01220	0.01148	0.01938	0.75739	0.04450	0.01436	0.01794	0.01651	0.01292	0.01651	0.01148	0.01723	0.00861	0.00646	0.00646	0.00215	0.00861	0.00574	0.00287	0.00718
22	0.05183	0.01498	0.02193	0.12124	0.42505	0.04578	0.01648	0.08382	0.01598	0.05619	0.01332	0.03424	0.01091	0.00648	0.00624	0.00191	0.00743	0.00583	0.00383	0.05653
23	0.08892	0.01398	0.01784	0.04657	0.18139	0.01419	0.01230	0.19028	0.06357	0.13749	0.01620	0.03771	0.01239	0.00709	0.00604	0.00184	0.00628	0.00584	0.00519	0.13488
24	0.05177	0.01391	0.01814	0.13668	0.20205	0.04140	0.01321	0.14567	0.01733	0.06124	0.03858	0.01848	0.03638	0.00690	0.00604	0.00179	0.00669	0.00579	0.03350	0.14443
25	0.03669	0.08774	0.04121	0.03496	0.03794	0.01197	0.00957	0.08528	0.07006	0.08559	0.06023	0.07690	0.12557	0.00960	0.00626	0.00184	0.00536	0.03359	0.00519	0.17445

[dist]
# distance from previous block
# <min> <max>
1	3

[block]
# block no. 5 follows, 34 sequences, length 16
# corresponding to MSA columns:
# 167-182
name=unknown_F
#
# <colnr> <probs for GDERKNQSTAVLIFYWHMCP>
#	G	D	E	R	K	N	Q	S	T	A	V	L	I	F	Y	W	H	M	C	P
0	0.28299	0.10280	0.05640	0.04597	0.03986	0.04145	0.03050	0.05978	0.09709	0.02401	0.01804	0.01964	0.07590	0.02991	0.00615	0.00206	0.00605	0.00570	0.04791	0.00780
1	0.03679	0.04672	0.17342	0.05134	0.17052	0.03906	0.12762	0.09631	0.03609	0.09121	0.03623	0.01870	0.01268	0.00694	0.00652	0.00202	0.00813	0.02610	0.00421	0.00939
2	0.01727	0.77681	0.03386	0.01106	0.01658	0.02557	0.01106	0.01935	0.01313	0.01520	0.00898	0.01036	0.00829	0.00553	0.00415	0.00138	0.00691	0.00345	0.00276	0.00829
3	0.01296	0.03342	0.73944	0.01842	0.02797	0.01501	0.02387	0.02046	0.01364	0.02046	0.01160	0.01364	0.00818	0.00614	0.00614	0.00205	0.00955	0.00477	0.00273	0.00955
4	0.02275	0.01720	0.01837	0.01450	0.01935	0.01919	0.01184	0.56646	0.17795	0.03780	0.01782	0.01735	0.01286	0.00797	0.00649	0.00199	0.00668	0.00614	0.00649	0.01083
5	0.01622	0.00814	0.01087	0.00938	0.01210	0.00728	0.00732	0.01898	0.01808	0.28131	0.44241	0.07374	0.04390	0.01168	0.00725	0.00205	0.00396	0.01014	0.00738	0.00782
6	0.01613	0.01612	0.15059	0.04554	0.04507	0.01409	0.03950	0.10505	0.01490	0.11609	0.01618	0.06898	0.01433	0.12269	0.01384	0.00287	0.17844	0.00709	0.00436	0.00814
7	0.02209	0.08298	0.09351	0.01535	0.02091	0.04700	0.03827	0.50607	0.05432	0.03435	0.01472	0.01517	0.01069	0.00733	0.00626	0.00191	0.00756	0.00558	0.00555	0.01038
8	0.00879	0.00621	0.00760	0.00829	0.00886	0.00595	0.00558	0.00979	0.01188	0.01561	0.05315	0.30819	0.10056	0.32042	0.01810	0.00406	0.00494	0.09199	0.00519	0.00484
9	0.00848	0.00627	0.00735	0.00789	0.00912	0.00571	0.00564	0.01008	0.01366	0.01786	0.10506	0.28066	0.28583	0.09936	0.01051	0.00278	0.00392	0.06504	0.04944	0.00535
10	0.04375	0.10631	0.04074	0.09988	0.11504	0.11018	0.01321	0.14599	0.12688	0.02386	0.05562	0.01793	0.01408	0.00860	0.02818	0.00218	0.02842	0.00580	0.00447	0.00887
11	0.01220	0.01148	0.01938	0.75739	0.04450	0.01436	0.01794	0.01651	0.01292	0.01651	0.01148	0.01723	0.00861	0.00646	0.00646	0.00215	0.00861	0.00574	0.00287	0.00718
12	0.01220	0.01148	0.01938	0.75739	0.04450	0.01436	0.01794	0.01651	0.01292	0.01651	0.01148	0.01723	0.00861	0.00646	0.00646	0.00215	0.00861	0.00574	0.00287	0.00718
13	0.00945	0.00650	0.00800	0.00813	0.00849	0.00673	0.00530	0.01016	0.01006	0.01360	0.02091	0.04145	0.02316	0.56330	0.17494	0.00682	0.00846	0.06610	0.00399	0.00446
14	0.81856	0.01250	0.00950	0.00850	0.01250	0.01449	0.00700	0.01899	0.01100	0.02899	0.00900	0.01050	0.00700	0.00600	0.00400	0.00200	0.00500	0.00350	0.00400	0.00700
15	0.02245	0.02507	0.01827	0.01718	0.07064	0.47919	0.01241	0.14829	0.04781	0.02163	0.01227	0.01370	0.00976	0.00684	0.00592	0.00172	0.00971	0.00476	0.03557	0.03679

[dist]
# distance from previous block
# <min> <max>
0	1

[block]
# block no. 6 follows, 34 sequences, length 51
# corresponding to MSA columns:
# 184-234
name=unknown_G
#
# <colnr> <probs for GDERKNQSTAVLIFYWHMCP>
#	G	D	E	R	K	N	Q	S	T	A	V	L	I	F	Y	W	H	M	C	P
0	0.01971	0.24090	0.14690	0.01688	0.08924	0.13331	0.03488	0.07921	0.03578	0.12503	0.01344	0.01438	0.01017	0.00646	0.00567	0.00177	0.00806	0.00488	0.00408	0.00925
1	0.03737	0.01280	0.03230	0.01458	0.04243	0.05677	0.06260	0.06760	0.03328	0.10790	0.01676	0.05758	0.01477	0.06943	0.21345	0.00473	0.13671	0.00701	0.00434	0.00759
2	0.00832	0.00648	0.00758	0.00760	0.00929	0.00573	0.00565	0.01048	0.01582	0.02066	0.31741	0.14384	0.36832	0.01566	0.00774	0.00220	0.00332	0.03179	0.00643	0.00569
3	0.25846	0.01505	0.01542	0.01211	0.01697	0.01618	0.00997	0.36737	0.02174	0.10724	0.01422	0.01449	0.01019	0.00697	0.00557	0.00187	0.00609	0.00501	0.00563	0.08947
4	0.04115	0.09375	0.05242	0.07808	0.19167	0.30322	0.03427	0.04611	0.06379	0.01936	0.01194	0.01417	0.00965	0.00643	0.00594	0.00182	0.00914	0.00497	0.00352	0.00861
5	0.02414	0.03079	0.01831	0.01665	0.01998	0.74698	0.01248	0.02580	0.01831	0.01581	0.00999	0.01165	0.00832	0.00666	0.00583	0.00166	0.01165	0.00416	0.00333	0.00749
6	0.00828	0.00631	0.00758	0.00824	0.00951	0.00571	0.00601	0.00997	0.01405	0.01804	0.12283	0.31678	0.29645	0.05181	0.00914	0.00260	0.00386	0.09137	0.00602	0.00544
7	0.00879	0.00628	0.00784	0.00869	0.00941	0.00599	0.00612	0.01006	0.01245	0.01631	0.05570	0.33190	0.11460	0.23080	0.01521	0.00365	0.00479	0.14091	0.00544	0.00505
8	0.05822	0.01786	0.01897	0.01460	0.01972	0.01980	0.01206	0.68173	0.02956	0.04022	0.01524	0.01530	0.01082	0.00768	0.00636	0.00194	0.00702	0.00572	0.00636	0.01082
9	0.02867	0.01151	0.01531	0.01174	0.01675	0.01026	0.00970	0.08041	0.01935	0.68696	0.02477	0.02153	0.01563	0.00798	0.00650	0.00199	0.00561	0.00645	0.00789	0.01100
10	0.00802	0.00623	0.00732	0.00794	0.00931	0.00554	0.00574	0.00966	0.01414	0.01798	0.11533	0.34040	0.35864	0.01767	0.00794	0.00238	0.00358	0.05059	0.00610	0.00546
11	0.00926	0.00644	0.00839	0.00856	0.00911	0.00686	0.00583	0.01041	0.01028	0.01438	0.02090	0.11709	0.02250	0.37177	0.31299	0.00732	0.01025	0.00930	0.03349	0.00488
12	0.01402	0.01409	0.01963	0.20472	0.02406	0.04564	0.01504	0.01618	0.01098	0.01580	0.00930	0.01483	0.00851	0.00991	0.01689	0.00261	0.54221	0.00562	0.00286	0.00711
13	0.81856	0.01250	0.00950	0.00850	0.01250	0.01449	0.00700	0.01899	0.01100	0.02899	0.00900	0.01050	0.00700	0.00600	0.00400	0.00200	0.00500	0.00350	0.00400	0.00700
14	0.00764	0.00655	0.00655	0.00655	0.00873	0.00545	0.00491	0.00927	0.01473	0.01745	0.06546	0.06218	0.73000	0.01636	0.00764	0.00218	0.00327	0.01364	0.00600	0.00545
15	0.00923	0.00692	0.01038	0.01038	0.01154	0.00808	0.00808	0.01154	0.01038	0.01500	0.01731	0.02538	0.01615	0.04846	0.74732	0.01038	0.01731	0.00692	0.00346	0.00577
16	0.23853	0.01139	0.01354	0.01070	0.01543	0.01082	0.00883	0.02817	0.01650	0.54918	0.02111	0.01894	0.01361	0.00747	0.00583	0.00200	0.00537	0.00570	0.00694	0.00994
17	0.17666	0.62478	0.02901	0.01055	0.01577	0.02336	0.01025	0.01928	0.01270	0.01794	0.00899	0.01039	0.00803	0.00562	0.00412	0.00150	0.00653	0.00346	0.00301	0.00803
18	0.01727	0.77681	0.03386	0.01106	0.01658	0.02557	0.01106	0.01935	0.01313	0.01520	0.00898	0.01036	0.00829	0.00553	0.00415	0.00138	0.00691	0.00345	0.00276	0.00829
19	0.00801	0.00649	0.00711	0.00711	0.00900	0.00559	0.00527	0.00994	0.01538	0.01936	0.21892	0.11467	0.51870	0.01593	0.00768	0.00218	0.00326	0.01355	0.00626	0.00559
20	0.05565	0.03897	0.02286	0.04562	0.30989	0.12738	0.06514	0.13774	0.01805	0.09695	0.01357	0.01560	0.01039	0.00646	0.00625	0.00191	0.00808	0.00557	0.00428	0.00963
21	0.01531	0.01478	0.03995	0.08299	0.16147	0.06682	0.12075	0.04315	0.14370	0.04904	0.01952	0.15695	0.01779	0.00937	0.00732	0.00217	0.02721	0.00855	0.00459	0.00857
22	0.00819	0.00590	0.00783	0.00926	0.00986	0.00554	0.00651	0.00957	0.01280	0.01690	0.03678	0.64778	0.07311	0.01976	0.00831	0.00265	0.00401	0.10392	0.00599	0.00535
23	0.02456	0.01810	0.01939	0.01487	0.02004	0.02004	0.01228	0.71107	0.03038	0.04072	0.01551	0.01551	0.01099	0.00776	0.00646	0.00194	0.00711	0.00582	0.00646	0.01099
24	0.02703	0.01050	0.01430	0.01126	0.01583	0.00910	0.00917	0.02940	0.01793	0.67018	0.02643	0.09133	0.01848	0.00913	0.00666	0.00206	0.00534	0.00760	0.00781	0.01046
25	0.01520	0.01640	0.06152	0.11351	0.40327	0.01554	0.23875	0.01977	0.01464	0.02044	0.01235	0.01648	0.00983	0.00575	0.00678	0.00203	0.00889	0.00630	0.00316	0.00939
26	0.01364	0.01298	0.02184	0.46950	0.28925	0.01494	0.01846	0.01766	0.01343	0.01811	0.01160	0.01665	0.00919	0.00641	0.00706	0.00210	0.04018	0.00574	0.00299	0.00827
27	0.01326	0.01130	0.01326	0.01176	0.01482	0.01225	0.04183	0.02503	0.42176	0.02545	0.22351	0.03432	0.10283	0.01061	0.00702	0.00215	0.00463	0.00917	0.00651	0.00853
28	0.01397	0.00941	0.01065	0.01018	0.01227	0.04161	0.00781	0.09351	0.01626	0.10992	0.08175	0.19931	0.10117	0.10003	0.01037	0.00277	0.00525	0.12946	0.03751	0.00680
29	0.20298	0.01345	0.01786	0.23258	0.11671	0.04263	0.04626	0.04218	0.01441	0.13680	0.01331	0.01576	0.00979	0.00656	0.00622	0.00200	0.02625	0.00529	0.00419	0.04477
30	0.01688	0.03529	0.02248	0.13308	0.41263	0.04203	0.01661	0.03556	0.01508	0.09189	0.03274	0.01711	0.01175	0.00657	0.00699	0.00194	0.04332	0.00577	0.00382	0.04846
31	0.00967	0.00694	0.00853	0.00919	0.01035	0.00677	0.00686	0.03207	0.03131	0.01838	0.05880	0.27656	0.13249	0.13773	0.01197	0.00313	0.00472	0.18500	0.04395	0.00560
32	0.01001	0.00714	0.00959	0.00934	0.01045	0.00764	0.00687	0.04430	0.01277	0.01789	0.16485	0.06858	0.02752	0.17094	0.35367	0.04898	0.01057	0.00880	0.00453	0.00556
33	0.01558	0.17055	0.16150	0.01452	0.06360	0.06991	0.01295	0.01884	0.01381	0.10604	0.01679	0.07344	0.01504	0.03328	0.15025	0.00366	0.00940	0.03881	0.00402	0.00802
34	0.01375	0.12129	0.01445	0.01155	0.01369	0.14114	0.00920	0.01607	0.03786	0.03489	0.02454	0.23487	0.02646	0.04296	0.03133	0.02481	0.00681	0.18296	0.00488	0.00647
35	0.01313	0.06258	0.71177	0.01813	0.02752	0.01542	0.02337	0.02042	0.01362	0.02026	0.01149	0.01351	0.00819	0.00611	0.00606	0.00202	0.00945	0.00472	0.00273	0.00950
36	0.01436	0.04114	0.04109	0.22669	0.12147	0.03201	0.14528	0.01836	0.03393	0.07536	0.01814	0.16881	0.01680	0.00910	0.00693	0.00217	0.00763	0.00860	0.00413	0.00799
37	0.01603	0.07093	0.11540	0.02838	0.37785	0.04312	0.09140	0.02164	0.08638	0.04038	0.01441	0.03984	0.01186	0.00661	0.00640	0.00197	0.00791	0.00618	0.00368	0.00961
38	0.01278	0.01117	0.01488	0.01339	0.01426	0.03694	0.01075	0.03221	0.01111	0.03608	0.01361	0.02067	0.01286	0.06875	0.33079	0.00616	0.33722	0.00638	0.00341	0.00656
39	0.76140	0.01290	0.01021	0.00896	0.01304	0.01489	0.00738	0.06882	0.01239	0.02983	0.00947	0.01086	0.00728	0.00612	0.00418	0.00199	0.00515	0.00367	0.00418	0.00728
40	0.02456	0.01810	0.01939	0.01487	0.02004	0.02004	0.01228	0.71107	0.03038	0.04072	0.01551	0.01551	0.01099	0.00776	0.00646	0.00194	0.00711	0.00582	0.00646	0.01099
41	0.01123	0.01035	0.00932	0.00921	0.01087	0.10929	0.00653	0.01396	0.07990	0.01716	0.06117	0.17639	0.26542	0.15374	0.01251	0.02505	0.00530	0.01154	0.00525	0.00581
42	0.01029	0.00813	0.00919	0.00922	0.01115	0.00818	0.00696	0.01587	0.17476	0.02048	0.11279	0.16696	0.24713	0.05791	0.00898	0.00254	0.00421	0.08744	0.03125	0.00656
43	0.01480	0.01446	0.02558	0.24737	0.45306	0.01517	0.09727	0.01896	0.01425	0.01972	0.01206	0.01651	0.00971	0.00593	0.00655	0.00202	0.00831	0.00596	0.00311	0.00917
44	0.30526	0.01266	0.01370	0.01099	0.01562	0.01301	0.00905	0.12691	0.04000	0.36356	0.01826	0.01707	0.01222	0.00728	0.00562	0.00200	0.00555	0.00537	0.00632	0.00957
45	0.07220	0.00931	0.01127	0.01085	0.01319	0.00947	0.00874	0.11390	0.01638	0.10845	0.04755	0.15319	0.05567	0.07605	0.03157	0.00301	0.00584	0.24039	0.00593	0.00706
46	0.00958	0.00710	0.00892	0.01008	0.05764	0.00680	0.00638	0.02814	0.01252	0.01622	0.03507	0.20900	0.22119	0.21510	0.03658	0.07589	0.00522	0.02839	0.00492	0.00526
47	0.03880	0.10586	0.07787	0.08745	0.08814	0.16217	0.06768	0.18007	0.01869	0.05041	0.03488	0.01548	0.01115	0.00691	0.00648	0.00190	0.02754	0.00542	0.00418	0.00893
48	0.07776	0.04822	0.04405	0.09451	0.14603	0.22137	0.01409	0.19522	0.05552	0.02471	0.01269	0.01452	0.00984	0.00676	0.00601	0.00188	0.00845	0.00512	0.00422	0.00902
49	0.01438	0.04771	0.01620	0.01820	0.19834	0.03169	0.01152	0.08907	0.03538	0.04021	0.04569	0.05946	0.08747	0.01371	0.03445	0.11439	0.00659	0.12337	0.00467	0.00749
50	0.01434	0.01165	0.01685	0.15394	0.13566	0.01200	0.05199	0.09455	0.04964	0.05315	0.02193	0.05719	0.09947	0.09409	0.01025	0.03280	0.00659	0.00770	0.00446	0.07174

[dist]
# distance from previous block
# <min> <max>
2	14

[block]
# block no. 7 follows, 34 sequences, length 52
# corresponding to MSA columns:
# 249-300
name=unknown_H
#
# <colnr> <probs for GDERKNQSTAVLIFYWHMCP>
#	G	D	E	R	K	N	Q	S	T	A	V	L	I	F	Y	W	H	M	C	P
0	0.12903	0.05182	0.13283	0.04859	0.08676	0.01437	0.09041	0.10815	0.04235	0.07134	0.04097	0.06692	0.03510	0.00782	0.00620	0.00199	0.00696	0.00666	0.00450	0.04724
1	0.00837	0.00729	0.04331	0.00936	0.01052	0.00589	0.00689	0.00991	0.01259	0.01695	0.03474	0.66253	0.07248	0.01864	0.00795	0.00250	0.00406	0.01680	0.00574	0.04347
2	0.01986	0.01696	0.01810	0.01460	0.01908	0.07785	0.04511	0.31056	0.24111	0.03040	0.01761	0.01769	0.01319	0.00768	0.00687	0.00194	0.03461	0.00601	0.00567	0.09511
3	0.09951	0.04955	0.16477	0.01391	0.03820	0.01257	0.06939	0.03688	0.04825	0.03595	0.01382	0.05908	0.01162	0.00656	0.00560	0.00164	0.00648	0.00547	0.00392	0.31681
4	0.01362	0.03853	0.04708	0.05862	0.01466	0.01012	0.00866	0.10672	0.04661	0.06025	0.10870	0.16651	0.04962	0.04675	0.00769	0.00218	0.00496	0.00926	0.16470	0.03475
5	0.00797	0.00579	0.00752	0.00871	0.00934	0.00534	0.00592	0.00932	0.01312	0.01745	0.10288	0.64274	0.10150	0.01926	0.00814	0.00253	0.00364	0.01735	0.00610	0.00534
6	0.01743	0.08041	0.04743	0.03785	0.14270	0.06860	0.04176	0.15269	0.05229	0.07938	0.07729	0.11764	0.01933	0.00920	0.00695	0.00202	0.02543	0.00778	0.00500	0.00882
7	0.01398	0.10038	0.09509	0.05891	0.25775	0.04134	0.07580	0.01776	0.03137	0.01890	0.01835	0.16041	0.04196	0.00919	0.00704	0.00207	0.02931	0.00823	0.00380	0.00835
8	0.00925	0.00685	0.01000	0.01000	0.01102	0.00787	0.00760	0.01129	0.01027	0.01471	0.01766	0.02733	0.01700	0.13206	0.66488	0.00991	0.01603	0.00721	0.00351	0.00556
9	0.04743	0.08832	0.05547	0.04712	0.08523	0.01551	0.28919	0.05720	0.05844	0.09507	0.04124	0.02027	0.01377	0.00693	0.00669	0.00205	0.00815	0.03174	0.02128	0.00890
10	0.01679	0.08460	0.14382	0.07529	0.26251	0.08317	0.08937	0.02124	0.03351	0.06775	0.01271	0.01547	0.00994	0.00644	0.00707	0.00198	0.05011	0.00553	0.00347	0.00921
11	0.02069	0.01182	0.03344	0.05026	0.01685	0.04124	0.01000	0.04127	0.06223	0.36877	0.14999	0.04758	0.02376	0.01122	0.04231	0.00246	0.04283	0.00762	0.00658	0.00907
12	0.01026	0.00735	0.00836	0.00838	0.00902	0.00762	0.00539	0.01310	0.10980	0.01534	0.02343	0.10760	0.02555	0.55108	0.02549	0.00516	0.00586	0.05160	0.00460	0.00505
13	0.38066	0.03207	0.04529	0.04441	0.01759	0.23297	0.01054	0.04944	0.01469	0.07559	0.01096	0.01243	0.00840	0.00662	0.00564	0.00193	0.03475	0.00424	0.00402	0.00774
14	0.01559	0.01508	0.02383	0.20050	0.44616	0.05058	0.05126	0.05154	0.01515	0.02053	0.01296	0.04387	0.01098	0.00658	0.00651	0.00200	0.00807	0.00623	0.00339	0.00918
15	0.01811	0.52975	0.08816	0.01440	0.06686	0.06896	0.01293	0.09970	0.01560	0.01902	0.01023	0.01169	0.00873	0.00592	0.00484	0.00155	0.00750	0.00404	0.00325	0.00879
