[name]
unknown

[dist]
# distance from previous block
# <min> <max>
0	77

[block]
# block no. 0 follows, 33 sequences, length 8
# corresponding to MSA columns:
# 104-111
name=unknown_A
#
# <colnr> <probs for GDERKNQSTAVLIFYWHMCP>
#	G	D	E	R	K	N	Q	S	T	A	V	L	I	F	Y	W	H	M	C	P
0	0.05279	0.06340	0.01162	0.01012	0.01231	0.00962	0.00821	0.07919	0.01586	0.02126	0.08301	0.16152	0.16748	0.05640	0.00912	0.00267	0.00513	0.21805	0.00576	0.00647
1	0.10054	0.01542	0.01684	0.01340	0.01823	0.01664	0.01095	0.35899	0.15405	0.19706	0.01956	0.01847	0.01364	0.00798	0.00637	0.00204	0.00628	0.00614	0.00673	0.01066
2	0.02166	0.02559	0.02021	0.02002	0.10939	0.49776	0.05663	0.05893	0.01830	0.01875	0.01332	0.01901	0.01179	0.00775	0.00646	0.00190	0.01052	0.07014	0.00379	0.00809
3	0.00900	0.00694	0.00855	0.05419	0.01141	0.00652	0.00629	0.01127	0.01577	0.02097	0.35497	0.07644	0.26689	0.10914	0.01095	0.00269	0.00397	0.01212	0.00616	0.00576
4	0.01182	0.01211	0.10177	0.05126	0.01575	0.00986	0.01016	0.09214	0.04594	0.02434	0.28341	0.04196	0.17335	0.01367	0.03466	0.00249	0.00559	0.05655	0.00591	0.00729
5	0.17552	0.01569	0.01886	0.06437	0.05976	0.06975	0.09364	0.15390	0.10989	0.05081	0.01489	0.01695	0.01147	0.01047	0.06279	0.00275	0.04912	0.00585	0.00468	0.00884
6	0.01289	0.01074	0.01255	0.00934	0.01421	0.00833	0.00723	0.01545	0.01343	0.02065	0.05457	0.01943	0.01460	0.10128	0.00864	0.00172	0.00496	0.00508	0.00411	0.66079
7	0.18504	0.01757	0.10805	0.06663	0.04262	0.05547	0.09168	0.18279	0.03331	0.02651	0.01524	0.04507	0.02611	0.03967	0.03438	0.00256	0.00802	0.00627	0.00444	0.00857

[dist]
# distance from previous block
# <min> <max>
2	20

[block]
# block no. 1 follows, 33 sequences, length 35
# corresponding to MSA columns:
# 132-166
name=unknown_B
#
# <colnr> <probs for GDERKNQSTAVLIFYWHMCP>
#	G	D	E	R	K	N	Q	S	T	A	V	L	I	F	Y	W	H	M	C	P
0	0.09554	0.01563	0.01741	0.01788	0.15363	0.09169	0.01197	0.19731	0.04496	0.12568	0.12467	0.02131	0.01920	0.00808	0.00642	0.00196	0.00665	0.00654	0.00563	0.02786
1	0.18320	0.01253	0.01437	0.06842	0.13745	0.07092	0.01100	0.01845	0.07431	0.03748	0.01873	0.13726	0.01804	0.03677	0.09820	0.00335	0.00783	0.03969	0.00446	0.00755
2	0.01691	0.01719	0.04281	0.12195	0.41936	0.12140	0.01733	0.02115	0.04317	0.04391	0.05992	0.01843	0.01386	0.00680	0.00653	0.00197	0.00810	0.00608	0.00378	0.00935
3	0.09148	0.01226	0.01496	0.09038	0.06207	0.01173	0.01018	0.08949	0.05269	0.07450	0.06257	0.04707	0.01544	0.00718	0.00581	0.00165	0.00564	0.00590	0.00481	0.33420
4	0.06469	0.12247	0.02477	0.02037	0.12215	0.16992	0.16127	0.04449	0.08215	0.02095	0.03923	0.04408	0.01341	0.00735	0.00687	0.00198	0.03497	0.00631	0.00396	0.00861
5	0.01277	0.04010	0.39457	0.01517	0.02165	0.05287	0.03506	0.01823	0.02891	0.01996	0.05285	0.07385	0.08005	0.01159	0.05895	0.00264	0.00866	0.00716	0.00379	0.06117
6	0.04209	0.01520	0.10726	0.17025	0.02505	0.04163	0.11990	0.03183	0.01524	0.05376	0.13853	0.02683	0.09531	0.00918	0.00835	0.00219	0.07744	0.00780	0.00442	0.00774
7	0.01149	0.00923	0.01083	0.00961	0.01245	0.00880	0.00734	0.01766	0.16691	0.02442	0.34178	0.08511	0.08916	0.01150	0.00701	0.00194	0.00397	0.00997	0.00632	0.16451
8	0.01055	0.00867	0.01220	0.07063	0.06784	0.00917	0.00912	0.01346	0.01647	0.02314	0.46344	0.06736	0.08754	0.01257	0.00924	0.00220	0.09315	0.01061	0.00597	0.00666
9	0.01649	0.01555	0.02601	0.07867	0.65698	0.01581	0.01974	0.05183	0.01563	0.02218	0.01250	0.01634	0.01037	0.00600	0.00652	0.00197	0.00785	0.00587	0.00339	0.01029
10	0.00940	0.00705	0.01058	0.01058	0.01176	0.00823	0.00823	0.01176	0.01058	0.01528	0.01763	0.02586	0.01646	0.04937	0.74255	0.01058	0.01763	0.00705	0.00353	0.00588
11	0.00969	0.00781	0.00924	0.00946	0.03678	0.00740	0.00672	0.01389	0.09508	0.02242	0.32213	0.09037	0.31580	0.01433	0.00764	0.00218	0.00365	0.01234	0.00653	0.00653
12	0.00829	0.00592	0.00794	0.00947	0.00997	0.00558	0.00657	0.00963	0.01287	0.01710	0.03614	0.69352	0.04296	0.02037	0.00847	0.00271	0.00405	0.08692	0.00611	0.00542
13	0.02084	0.02318	0.01919	0.01670	0.01919	0.37089	0.01319	0.11385	0.04233	0.01982	0.01100	0.01372	0.00932	0.00864	0.01145	0.00216	0.26760	0.00510	0.00376	0.00806
14	0.11156	0.00695	0.00657	0.00645	0.00830	0.00720	0.00491	0.01584	0.01348	0.02516	0.01995	0.02283	0.01567	0.00748	0.00454	0.00160	0.00332	0.00582	0.70612	0.00626
15	0.01211	0.01155	0.01517	0.12327	0.10644	0.08883	0.05640	0.01463	0.01428	0.01828	0.07588	0.32929	0.05282	0.01461	0.03349	0.00260	0.00681	0.01188	0.00481	0.00683
16	0.00957	0.00638	0.00718	0.00718	0.00718	0.00638	0.00399	0.00957	0.00957	0.01276	0.02074	0.04308	0.02393	0.76864	0.03351	0.00638	0.00638	0.00957	0.00399	0.00399
17	0.10532	0.01425	0.01556	0.04156	0.05158	0.01617	0.01099	0.09925	0.47543	0.06390	0.02248	0.02140	0.01671	0.00825	0.00638	0.00216	0.00568	0.00669	0.00617	0.01006
18	0.01609	0.01544	0.02636	0.07775	0.69182	0.01559	0.02010	0.02003	0.01489	0.02126	0.01235	0.01636	0.01034	0.00590	0.00652	0.00197	0.00787	0.00586	0.00324	0.01026
19	0.02459	0.03138	0.01866	0.01696	0.02035	0.74221	0.01272	0.02629	0.01866	0.01611	0.01018	0.01187	0.00848	0.00678	0.00594	0.00170	0.01187	0.00424	0.00339	0.00763
20	0.02459	0.03138	0.01866	0.01696	0.02035	0.74221	0.01272	0.02629	0.01866	0.01611	0.01018	0.01187	0.00848	0.00678	0.00594	0.00170	0.01187	0.00424	0.00339	0.00763
21	0.01711	0.01420	0.01507	0.01340	0.01723	0.01630	0.01047	0.05857	0.66875	0.05103	0.02638	0.02418	0.01966	0.00887	0.00669	0.00222	0.00529	0.00736	0.00674	0.01047
22	0.01440	0.01440	0.02016	0.01728	0.01728	0.02016	0.01440	0.01584	0.01008	0.01584	0.00864	0.01440	0.00864	0.01152	0.02160	0.00288	0.75659	0.00576	0.00288	0.00720
23	0.00906	0.00635	0.00715	0.00733	0.00778	0.00611	0.00443	0.00950	0.01091	0.01416	0.03083	0.13588	0.15098	0.54245	0.02583	0.00518	0.00552	0.01147	0.00463	0.00444
24	0.01637	0.01414	0.01489	0.01340	0.01712	0.01637	0.01042	0.03498	0.71568	0.02754	0.02679	0.02456	0.02010	0.00893	0.00670	0.00223	0.00521	0.00744	0.00670	0.01042
25	0.00947	0.00677	0.00940	0.00950	0.01036	0.00752	0.00693	0.01120	0.01060	0.01514	0.01976	0.07865	0.02005	0.21801	0.49557	0.00870	0.01346	0.00839	0.03513	0.00540
26	0.02301	0.01596	0.01717	0.01342	0.01802	0.01743	0.01100	0.55393	0.02740	0.07059	0.01727	0.01764	0.01242	0.00787	0.00624	0.00190	0.00644	0.00600	0.14598	0.01031
27	0.02868	0.01258	0.01613	0.01236	0.01749	0.01171	0.01021	0.15981	0.02114	0.60116	0.02404	0.02116	0.01533	0.00810	0.00661	0.00203	0.00591	0.00649	0.00785	0.01120
28	0.01002	0.00812	0.01090	0.00986	0.01178	0.00802	0.03984	0.01357	0.04945	0.02359	0.45879	0.04790	0.18212	0.01354	0.00868	0.00220	0.05344	0.03523	0.00649	0.00647
29	0.01020	0.00975	0.08154	0.01022	0.01258	0.00759	0.00899	0.01363	0.03357	0.02280	0.38968	0.04972	0.09207	0.01453	0.00907	0.05550	0.00467	0.16136	0.00616	0.00637
30	0.01320	0.03405	0.73453	0.01876	0.02849	0.01529	0.02432	0.02085	0.01390	0.02085	0.01181	0.01390	0.00834	0.00625	0.00625	0.00208	0.00973	0.00486	0.00278	0.00973
31	0.01760	0.77260	0.03450	0.01126	0.01690	0.02605	0.01126	0.01971	0.01338	0.01549	0.00915	0.01056	0.00845	0.00563	0.00422	0.00141	0.00704	0.00352	0.00282	0.00845
32	0.01209	0.00968	0.01370	0.08055	0.14441	0.00996	0.01061	0.01694	0.11364	0.04423	0.14058	0.26669	0.05750	0.01326	0.00750	0.00232	0.00519	0.03796	0.00565	0.00752
33	0.02376	0.02794	0.01937	0.01881	0.08483	0.58604	0.01332	0.06326	0.01876	0.04615	0.01127	0.01298	0.00912	0.00695	0.00651	0.00178	0.03261	0.00462	0.00373	0.00821
34	0.01086	0.00873	0.01002	0.01063	0.04723	0.05599	0.00674	0.01191	0.01077	0.01423	0.01864	0.03426	0.01988	0.45442	0.25107	0.00715	0.01032	0.00824	0.00377	0.00515

[dist]
# distance from previous block
# <min> <max>
2	7

[block]
# block no. 2 follows, 33 sequences, length 56
# corresponding to MSA columns:
# 174-229
name=unknown_C
#
# <colnr> <probs for GDERKNQSTAVLIFYWHMCP>
#	G	D	E	R	K	N	Q	S	T	A	V	L	I	F	Y	W	H	M	C	P
0	0.02392	0.02832	0.01962	0.01711	0.02076	0.58168	0.03826	0.12512	0.02001	0.02000	0.01106	0.01276	0.00894	0.00709	0.00671	0.00180	0.04015	0.00468	0.00384	0.00818
1	0.01884	0.04190	0.05308	0.01541	0.10660	0.01185	0.02842	0.07107	0.01638	0.19553	0.01551	0.01627	0.01142	0.00613	0.00575	0.00153	0.00607	0.00508	0.00494	0.36821
2	0.16578	0.15751	0.11080	0.01625	0.05373	0.05450	0.11075	0.01998	0.06112	0.02090	0.01410	0.08776	0.01276	0.00811	0.00737	0.00209	0.07812	0.00642	0.00377	0.00819
3	0.01342	0.00871	0.01120	0.01174	0.04653	0.00850	0.00818	0.10685	0.01629	0.10729	0.04999	0.46650	0.06485	0.01625	0.00783	0.00244	0.00472	0.03523	0.00631	0.00714
4	0.02238	0.01718	0.01871	0.01561	0.04563	0.01915	0.01224	0.50035	0.21412	0.03701	0.01863	0.01817	0.01356	0.00810	0.00661	0.00204	0.00672	0.00633	0.00649	0.01096
5	0.00940	0.00705	0.01058	0.01058	0.01176	0.00823	0.00823	0.01176	0.01058	0.01528	0.01763	0.02586	0.01646	0.04937	0.74255	0.01058	0.01763	0.00705	0.00353	0.00588
6	0.02390	0.10421	0.02021	0.01640	0.02001	0.67183	0.01258	0.02564	0.01814	0.01605	0.01008	0.01174	0.00848	0.00667	0.00577	0.00167	0.01140	0.00417	0.00334	0.00771
7	0.01605	0.34071	0.37597	0.01593	0.04295	0.03813	0.01789	0.02093	0.01403	0.04619	0.01123	0.01285	0.00876	0.00607	0.00542	0.00179	0.00845	0.00438	0.00303	0.00922
8	0.01756	0.01421	0.02240	0.03087	0.48939	0.01426	0.01664	0.02306	0.10348	0.11646	0.05086	0.02139	0.01569	0.00727	0.00669	0.00204	0.00692	0.02601	0.00461	0.01020
9	0.00951	0.00664	0.00849	0.00881	0.00936	0.00686	0.00607	0.01064	0.01106	0.01500	0.04357	0.11172	0.02690	0.41375	0.19287	0.00647	0.00863	0.09433	0.00444	0.00488
10	0.01074	0.00723	0.01090	0.01091	0.01226	0.00668	0.06249	0.01238	0.01345	0.08744	0.03343	0.63147	0.03817	0.01819	0.00818	0.00257	0.00458	0.01665	0.00609	0.00621
11	0.00940	0.00705	0.01058	0.01058	0.01176	0.00823	0.00823	0.01176	0.01058	0.01528	0.01763	0.02586	0.01646	0.04937	0.74255	0.01058	0.01763	0.00705	0.00353	0.00588
12	0.00960	0.00692	0.01038	0.01038	0.01144	0.00798	0.00798	0.01144	0.01038	0.01490	0.01702	0.02529	0.01596	0.04677	0.67211	0.08899	0.01646	0.00692	0.00346	0.00558
13	0.00948	0.00628	0.00836	0.00958	0.01036	0.00595	0.00686	0.01100	0.01319	0.04521	0.03460	0.57166	0.03998	0.04732	0.00927	0.00281	0.00433	0.12706	0.03101	0.00567
14	0.01778	0.01848	0.02539	0.05177	0.41136	0.14208	0.08764	0.05379	0.01591	0.02080	0.01187	0.01550	0.00986	0.00667	0.00803	0.00204	0.08244	0.00577	0.00340	0.00942
15	0.00802	0.00573	0.00764	0.00917	0.00955	0.00535	0.00611	0.00917	0.01260	0.01681	0.03628	0.76434	0.04354	0.02062	0.00840	0.00267	0.00382	0.01872	0.00611	0.00535
16	0.01365	0.01170	0.01365	0.00975	0.01560	0.00878	0.00780	0.01658	0.01365	0.02145	0.01170	0.01365	0.00975	0.00488	0.00488	0.00098	0.00488	0.00390	0.00390	0.80888
17	0.01716	0.01859	0.07866	0.04305	0.06437	0.01730	0.45345	0.15414	0.01818	0.02480	0.01347	0.01695	0.01007	0.00628	0.00778	0.00217	0.03328	0.00702	0.00390	0.00937
18	0.01524	0.01458	0.02513	0.11713	0.55897	0.01481	0.05423	0.01916	0.01492	0.02105	0.04731	0.04075	0.01371	0.00674	0.00671	0.00202	0.00775	0.00664	0.00350	0.00964
19	0.00926	0.00669	0.00875	0.00832	0.00982	0.00618	0.00621	0.01229	0.01839	0.02600	0.69562	0.07878	0.06135	0.01376	0.00779	0.00210	0.00314	0.01219	0.00720	0.00618
20	0.01516	0.01660	0.09478	0.19133	0.51231	0.01539	0.02020	0.01954	0.01449	0.02044	0.01218	0.01633	0.00987	0.00606	0.00651	0.00202	0.00821	0.00576	0.00314	0.00969
21	0.00904	0.00633	0.00717	0.00740	0.00782	0.00609	0.00448	0.00949	0.01093	0.01420	0.03065	0.15602	0.14202	0.53148	0.02547	0.00514	0.00549	0.01167	0.00466	0.00445
22	0.02069	0.01554	0.02092	0.09089	0.13241	0.04340	0.04735	0.19983	0.01888	0.16506	0.01508	0.01701	0.01117	0.00809	0.00969	0.00219	0.16113	0.00604	0.00499	0.00964
23	0.00848	0.00652	0.00783	0.00864	0.00983	0.00604	0.00610	0.01077	0.04751	0.01816	0.07831	0.46167	0.25139	0.01844	0.00812	0.00250	0.00376	0.03401	0.00619	0.00572
24	0.02503	0.01844	0.01976	0.01515	0.02042	0.02042	0.01251	0.70562	0.03095	0.04149	0.01581	0.01581	0.01120	0.00790	0.00659	0.00198	0.00724	0.00593	0.00659	0.01120
25	0.01637	0.01414	0.01489	0.01340	0.01712	0.01637	0.01042	0.03498	0.71568	0.02754	0.02679	0.02456	0.02010	0.00893	0.00670	0.00223	0.00521	0.00744	0.00670	0.01042
26	0.81514	0.01273	0.00968	0.00866	0.01273	0.01477	0.00713	0.01935	0.01120	0.02954	0.00917	0.01069	0.00713	0.00611	0.00407	0.00204	0.00509	0.00356	0.00407	0.00713
27	0.01489	0.01307	0.01304	0.04674	0.01508	0.14742	0.04509	0.01772	0.01458	0.02121	0.04752	0.02066	0.01514	0.00871	0.02548	0.00195	0.06962	0.00588	0.37062	0.08559
28	0.00828	0.00591	0.00793	0.00946	0.00995	0.00557	0.00655	0.00961	0.01285	0.01709	0.03614	0.69653	0.04299	0.02039	0.00847	0.00271	0.00404	0.08402	0.00611	0.00542
29	0.81514	0.01273	0.00968	0.00866	0.01273	0.01477	0.00713	0.01935	0.01120	0.02954	0.00917	0.01069	0.00713	0.00611	0.00407	0.00204	0.00509	0.00356	0.00407	0.00713
30	0.00957	0.00638	0.00718	0.00718	0.00718	0.00638	0.00399	0.00957	0.00957	0.01276	0.02074	0.04308	0.02393	0.76864	0.03351	0.00638	0.00638	0.00957	0.00399	0.00399
31	0.01243	0.01170	0.01975	0.75282	0.04534	0.01463	0.01828	0.01682	0.01316	0.01682	0.01170	0.01755	0.00878	0.00658	0.00658	0.00219	0.00878	0.00585	0.00293	0.00731
32	0.01629	0.01564	0.02672	0.04041	0.72757	0.01564	0.02020	0.02020	0.01499	0.02151	0.01238	0.01629	0.01043	0.00587	0.00652	0.00196	0.00782	0.00587	0.00326	0.01043
33	0.02954	0.01120	0.01528	0.01171	0.01681	0.00968	0.00968	0.03208	0.01884	0.73213	0.02597	0.02241	0.01630	0.00815	0.00662	0.00204	0.00560	0.00662	0.00815	0.01120
34	0.02795	0.01314	0.01538	0.01222	0.01696	0.08179	0.00990	0.03097	0.04472	0.61513	0.02474	0.04249	0.01644	0.00840	0.00661	0.00203	0.00615	0.00676	0.00757	0.01066
35	0.01243	0.01170	0.01975	0.75282	0.04534	0.01463	0.01828	0.01682	0.01316	0.01682	0.01170	0.01755	0.00878	0.00658	0.00658	0.00219	0.00878	0.00585	0.00293	0.00731
36	0.81514	0.01273	0.00968	0.00866	0.01273	0.01477	0.00713	0.01935	0.01120	0.02954	0.00917	0.01069	0.00713	0.00611	0.00407	0.00204	0.00509	0.00356	0.00407	0.00713
37	0.01320	0.03405	0.73453	0.01876	0.02849	0.01529	0.02432	0.02085	0.01390	0.02085	0.01181	0.01390	0.00834	0.00625	0.00625	0.00208	0.00973	0.00486	0.00278	0.00973
38	0.00940	0.00705	0.01058	0.01058	0.01176	0.00823	0.00823	0.01176	0.01058	0.01528	0.01763	0.02586	0.01646	0.04937	0.74255	0.01058	0.01763	0.00705	0.00353	0.00588
39	0.01320	0.03405	0.73453	0.01876	0.02849	0.01529	0.02432	0.02085	0.01390	0.02085	0.01181	0.01390	0.00834	0.00625	0.00625	0.00208	0.00973	0.00486	0.00278	0.00973
40	0.02954	0.01120	0.01528	0.01171	0.01681	0.00968	0.00968	0.03208	0.01884	0.73213	0.02597	0.02241	0.01630	0.00815	0.00662	0.00204	0.00560	0.00662	0.00815	0.01120
41	0.22616	0.01282	0.01429	0.01156	0.01622	0.01313	0.00945	0.10330	0.12093	0.37438	0.02072	0.01903	0.01397	0.00772	0.00598	0.00206	0.00560	0.00589	0.00673	0.01005
42	0.00957	0.00638	0.00718	0.00718	0.00718	0.00638	0.00399	0.00957	0.00957	0.01276	0.02074	0.04308	0.02393	0.76864	0.03351	0.00638	0.00638	0.00957	0.00399	0.00399
43	0.01554	0.01776	0.03885	0.02775	0.03441	0.01665	0.70366	0.02109	0.01554	0.02109	0.01332	0.01776	0.00999	0.00555	0.00777	0.00222	0.01110	0.00777	0.00333	0.00888
44	0.01680	0.01405	0.01490	0.01334	0.01711	0.01616	0.01040	0.03489	0.69295	0.05052	0.02677	0.02449	0.01997	0.00891	0.00670	0.00223	0.00522	0.00742	0.00675	0.01045
45	0.02593	0.01467	0.01714	0.01339	0.01839	0.01512	0.01098	0.32009	0.11280	0.34742	0.02174	0.01986	0.01460	0.00814	0.00662	0.00204	0.00625	0.00643	0.00730	0.01110
46	0.06453	0.01363	0.01508	0.01239	0.01673	0.05475	0.00995	0.10605	0.19022	0.34886	0.07827	0.02309	0.01934	0.00855	0.00655	0.00206	0.00583	0.00686	0.00706	0.01020
47	0.01541	0.01474	0.02512	0.20383	0.57107	0.01541	0.01976	0.01943	0.01457	0.02043	0.01223	0.01658	0.01005	0.00603	0.00653	0.00201	0.00804	0.00586	0.00318	0.00971
48	0.01253	0.00718	0.00935	0.00947	0.01121	0.00665	0.00723	0.01476	0.01532	0.13462	0.15259	0.29616	0.07809	0.01549	0.00771	0.00239	0.00425	0.12322	0.08515	0.00664
49	0.00938	0.00630	0.00724	0.00743	0.00748	0.00625	0.00425	0.00952	0.00995	0.01327	0.02268	0.13287	0.02637	0.67552	0.03038	0.00592	0.00606	0.01071	0.00425	0.00416
50	0.09375	0.07296	0.19545	0.02316	0.05668	0.01676	0.40442	0.02073	0.01456	0.02149	0.01224	0.01562	0.00924	0.00579	0.00676	0.00210	0.00979	0.00632	0.00324	0.00893
51	0.01191	0.00971	0.01379	0.01330	0.01564	0.01002	0.07776	0.01838	0.17211	0.02140	0.05970	0.16880	0.03308	0.01507	0.00826	0.00267	0.00588	0.32931	0.00599	0.00721
52	0.00867	0.00654	0.00750	0.00795	0.00959	0.00573	0.00581	0.01031	0.01447	0.03828	0.07871	0.29080	0.42527	0.01767	0.00801	0.00240	0.00368	0.04672	0.00621	0.00570
53	0.01439	0.01725	0.11540	0.06482	0.19813	0.01547	0.25613	0.01889	0.01387	0.01965	0.01284	0.01755	0.01048	0.01183	0.09952	0.00324	0.09208	0.00654	0.00320	0.00872
54	0.01462	0.14327	0.42862	0.01872	0.02666	0.01731	0.14495	0.02211	0.08308	0.02072	0.01315	0.01514	0.00981	0.00629	0.00626	0.00202	0.00912	0.00544	0.00327	0.00944
55	0.01563	0.01525	0.02684	0.14827	0.55497	0.01559	0.08707	0.01977	0.01476	0.02075	0.01237	0.01663	0.01013	0.00594	0.00665	0.00202	0.00829	0.00605	0.00321	0.00980

[dist]
# distance from previous block
# <min> <max>
0	11

[block]
# block no. 3 follows, 33 sequences, length 59
# corresponding to MSA columns:
# 241-299
name=unknown_D
#
# <colnr> <probs for GDERKNQSTAVLIFYWHMCP>
#	G	D	E	R	K	N	Q	S	T	A	V	L	I	F	Y	W	H	M	C	P
0	0.18712	0.02085	0.02063	0.04746	0.25304	0.28441	0.05440	0.02222	0.01552	0.02102	0.01092	0.01361	0.00893	0.00626	0.00586	0.00190	0.00897	0.00489	0.00347	0.00851
1	0.00961	0.00768	0.00900	0.01020	0.01101	0.04915	0.00741	0.01118	0.01323	0.01710	0.03292	0.52412	0.03823	0.04429	0.05172	0.00326	0.00560	0.14295	0.00573	0.00561
2	0.00915	0.00685	0.00941	0.01151	0.05242	0.00662	0.00768	0.01130	0.03515	0.01805	0.05184	0.58622	0.04058	0.01888	0.00832	0.00265	0.00438	0.10709	0.00598	0.00592
3	0.01988	0.46723	0.02812	0.01356	0.01814	0.25544	0.01195	0.04250	0.01541	0.01650	0.00965	0.01137	0.00855	0.00642	0.00586	0.00160	0.05252	0.00396	0.00312	0.00820
4	0.01593	0.01414	0.02360	0.15892	0.50423	0.01471	0.01826	0.01972	0.01496	0.06200	0.05464	0.01873	0.01346	0.00675	0.00709	0.00204	0.03130	0.00626	0.00371	0.00959
5	0.06568	0.34850	0.04528	0.01502	0.07032	0.20378	0.01218	0.06389	0.01584	0.01922	0.01037	0.01202	0.00881	0.00606	0.00508	0.00157	0.00810	0.00410	0.00340	0.08077
6	0.00805	0.00668	0.00704	0.00695	0.00905	0.00567	0.00521	0.00996	0.01563	0.01927	0.17988	0.06091	0.61078	0.01612	0.00778	0.00220	0.00330	0.01355	0.00631	0.00567
7	0.01390	0.15138	0.62332	0.01757	0.02665	0.01700	0.02225	0.02067	0.01382	0.02000	0.01139	0.01337	0.00836	0.00616	0.00593	0.00198	0.00930	0.00465	0.00279	0.00953
8	0.00804	0.00668	0.00703	0.00694	0.00905	0.00567	0.00520	0.00994	0.01561	0.01922	0.17652	0.06099	0.61417	0.01614	0.00778	0.00220	0.00330	0.01356	0.00630	0.00567
9	0.00912	0.00672	0.00853	0.00808	0.00971	0.00613	0.00606	0.01204	0.01817	0.02530	0.64012	0.05099	0.14678	0.01387	0.00777	0.00209	0.00314	0.01216	0.00710	0.00613
10	0.01023	0.00736	0.01013	0.01157	0.01302	0.00727	0.00991	0.01301	0.01492	0.01934	0.03667	0.13573	0.07486	0.01832	0.00896	0.00296	0.00572	0.58798	0.00607	0.00597
11	0.01554	0.13897	0.02625	0.21435	0.43969	0.01710	0.01825	0.01927	0.01427	0.01934	0.01168	0.01567	0.00969	0.00601	0.00616	0.00193	0.00793	0.00548	0.00310	0.00932
12	0.01724	0.68888	0.07263	0.01263	0.01854	0.02492	0.05211	0.01985	0.01353	0.01610	0.00954	0.01116	0.00853	0.00566	0.00454	0.00149	0.00742	0.00384	0.00284	0.00854
13	0.00957	0.00638	0.00718	0.00718	0.00718	0.00638	0.00399	0.00957	0.00957	0.01276	0.02074	0.04308	0.02393	0.76864	0.03351	0.00638	0.00638	0.00957	0.00399	0.00399
14	0.81514	0.01273	0.00968	0.00866	0.01273	0.01477	0.00713	0.01935	0.01120	0.02954	0.00917	0.01069	0.00713	0.00611	0.00407	0.00204	0.00509	0.00356	0.00407	0.00713
15	0.01629	0.01564	0.02672	0.04041	0.72757	0.01564	0.02020	0.02020	0.01499	0.02151	0.01238	0.01629	0.01043	0.00587	0.00652	0.00196	0.00782	0.00587	0.00326	0.01043
16	0.81514	0.01273	0.00968	0.00866	0.01273	0.01477	0.00713	0.01935	0.01120	0.02954	0.00917	0.01069	0.00713	0.00611	0.00407	0.00204	0.00509	0.00356	0.00407	0.00713
17	0.01243	0.01170	0.01975	0.75282	0.04534	0.01463	0.01828	0.01682	0.01316	0.01682	0.01170	0.01755	0.00878	0.00658	0.00658	0.00219	0.00878	0.00585	0.00293	0.00731
18	0.02249	0.08099	0.18502	0.01528	0.05043	0.01372	0.03518	0.04883	0.07701	0.37333	0.02007	0.01902	0.01352	0.00738	0.00637	0.00201	0.00696	0.00601	0.00593	0.01046
19	0.02954	0.01120	0.01528	0.01171	0.01681	0.00968	0.00968	0.03208	0.01884	0.73213	0.02597	0.02241	0.01630	0.00815	0.00662	0.00204	0.00560	0.00662	0.00815	0.01120
20	0.00957	0.00638	0.00718	0.00718	0.00718	0.00638	0.00399	0.00957	0.00957	0.01276	0.02074	0.04308	0.02393	0.76864	0.03351	0.00638	0.00638	0.00957	0.00399	0.00399
21	0.00884	0.00683	0.00743	0.00720	0.00936	0.00584	0.00543	0.01086	0.01596	0.04295	0.21484	0.05880	0.55119	0.01567	0.00774	0.00218	0.00336	0.01321	0.00644	0.00589
22	0.02695	0.01352	0.01649	0.01284	0.01784	0.01335	0.01054	0.22018	0.09268	0.46831	0.02322	0.02078	0.01526	0.00816	0.00662	0.00204	0.00602	0.00651	0.00757	0.01112
23	0.02954	0.01120	0.01528	0.01171	0.01681	0.00968	0.00968	0.03208	0.01884	0.73213	0.02597	0.02241	0.01630	0.00815	0.00662	0.00204	0.00560	0.00662	0.00815	0.01120
24	0.00828	0.00592	0.00794	0.00947	0.00996	0.00557	0.00657	0.00962	0.01286	0.01710	0.03614	0.69456	0.04297	0.02038	0.00847	0.00271	0.00405	0.08591	0.00611	0.00542
25	0.02230	0.02677	0.01726	0.01557	0.01882	0.57941	0.01175	0.06400	0.03854	0.01931	0.10892	0.01757	0.01632	0.00782	0.00625	0.00178	0.01022	0.00548	0.00420	0.00772
26	0.81514	0.01273	0.00968	0.00866	0.01273	0.01477	0.00713	0.01935	0.01120	0.02954	0.00917	0.01069	0.00713	0.00611	0.00407	0.00204	0.00509	0.00356	0.00407	0.00713
27	0.01629	0.01564	0.02672	0.04041	0.72757	0.01564	0.02020	0.02020	0.01499	0.02151	0.01238	0.01629	0.01043	0.00587	0.00652	0.00196	0.00782	0.00587	0.00326	0.01043
28	0.01320	0.03405	0.73453	0.01876	0.02849	0.01529	0.02432	0.02085	0.01390	0.02085	0.01181	0.01390	0.00834	0.00625	0.00625	0.00208	0.00973	0.00486	0.00278	0.00973
29	0.81514	0.01273	0.00968	0.00866	0.01273	0.01477	0.00713	0.01935	0.01120	0.02954	0.00917	0.01069	0.00713	0.00611	0.00407	0.00204	0.00509	0.00356	0.00407	0.00713
30	0.02093	0.01820	0.01690	0.01449	0.01842	0.22006	0.05077	0.03001	0.30324	0.15857	0.02084	0.02016	0.01530	0.00790	0.00641	0.00200	0.00739	0.00632	0.05263	0.00944
31	0.04185	0.01451	0.03583	0.01447	0.03917	0.11353	0.06731	0.05868	0.01669	0.24586	0.04343	0.08654	0.01901	0.05724	0.05157	0.00289	0.03009	0.04719	0.00560	0.00853
32	0.00863	0.00666	0.00780	0.00759	0.00934	0.00591	0.00562	0.01096	0.01662	0.02200	0.39983	0.07732	0.34439	0.03779	0.00857	0.00228	0.00332	0.01290	0.00663	0.00584
33	0.01200	0.01102	0.01824	0.65065	0.04047	0.01347	0.01663	0.01622	0.01391	0.01813	0.10946	0.02189	0.01610	0.00753	0.00674	0.00218	0.00800	0.00668	0.00352	0.00716
34	0.06226	0.01459	0.02068	0.16399	0.31844	0.03763	0.01546	0.07485	0.01555	0.02253	0.01212	0.01544	0.00977	0.00599	0.00601	0.00178	0.00727	0.00525	0.00366	0.18671
35	0.01721	0.01673	0.01926	0.04462	0.22080	0.17365	0.01409	0.04015	0.01479	0.05996	0.01405	0.04881	0.01244	0.01514	0.13231	0.00354	0.13413	0.00628	0.00377	0.00827
36	0.00892	0.00671	0.00824	0.00786	0.00959	0.00604	0.00590	0.01165	0.01769	0.02415	0.55249	0.05288	0.23512	0.01430	0.00777	0.00211	0.00317	0.01242	0.00695	0.00604
37	0.01501	0.01220	0.01448	0.08038	0.07246	0.04312	0.01045	0.12039	0.15414	0.04870	0.28050	0.03242	0.06759	0.01027	0.00707	0.00208	0.00546	0.00876	0.00615	0.00837
38	0.01402	0.01346	0.02182	0.53244	0.15341	0.03408	0.05821	0.03662	0.03647	0.01880	0.01245	0.01739	0.00953	0.00652	0.00663	0.00214	0.00868	0.00598	0.00323	0.00812
39	0.00844	0.00670	0.00759	0.00736	0.00930	0.00584	0.00552	0.01073	0.01657	0.02150	0.35015	0.05724	0.43913	0.01529	0.00777	0.00216	0.00324	0.01304	0.00660	0.00584
40	0.02499	0.01739	0.01900	0.01463	0.01972	0.01899	0.01204	0.62363	0.02916	0.10161	0.01656	0.01652	0.01165	0.00841	0.00720	0.02792	0.00705	0.00598	0.00660	0.01093
41	0.01760	0.77260	0.03450	0.01126	0.01690	0.02605	0.01126	0.01971	0.01338	0.01549	0.00915	0.01056	0.00845	0.00563	0.00422	0.00141	0.00704	0.00352	0.00282	0.00845
42	0.02538	0.01261	0.01834	0.05853	0.17911	0.01185	0.01267	0.06379	0.01830	0.49672	0.02160	0.02042	0.01430	0.00753	0.00659	0.00202	0.00636	0.00637	0.00668	0.01082
43	0.01637	0.01414	0.01489	0.01340	0.01712	0.01637	0.01042	0.03498	0.71568	0.02754	0.02679	0.02456	0.02010	0.00893	0.00670	0.00223	0.00521	0.00744	0.00670	0.01042
44	0.01692	0.01517	0.09989	0.01653	0.11614	0.01140	0.05217	0.02127	0.04472	0.14382	0.01500	0.01625	0.01126	0.00594	0.00580	0.00155	0.00634	0.00512	0.00450	0.39021
45	0.00814	0.00594	0.00771	0.00907	0.00971	0.00550	0.00625	0.00946	0.01301	0.01708	0.03952	0.64787	0.11754	0.02005	0.00837	0.00265	0.00390	0.05671	0.00611	0.00541
46	0.01629	0.01564	0.02672	0.04041	0.72757	0.01564	0.02020	0.02020	0.01499	0.02151	0.01238	0.01629	0.01043	0.00587	0.00652	0.00196	0.00782	0.00587	0.00326	0.01043
47	0.00957	0.00638	0.00718	0.00718	0.00718	0.00638	0.00399	0.00957	0.00957	0.01276	0.02074	0.04308	0.02393	0.76864	0.03351	0.00638	0.00638	0.00957	0.00399	0.00399
48	0.81514	0.01273	0.00968	0.00866	0.01273	0.01477	0.00713	0.01935	0.01120	0.02954	0.00917	0.01069	0.00713	0.00611	0.00407	0.00204	0.00509	0.00356	0.00407	0.00713
49	0.81514	0.01273	0.00968	0.00866	0.01273	0.01477	0.00713	0.01935	0.01120	0.02954	0.00917	0.01069	0.00713	0.00611	0.00407	0.00204	0.00509	0.00356	0.00407	0.00713
50	0.00932	0.00673	0.00880	0.00828	0.00984	0.00621	0.00621	0.01242	0.01863	0.02640	0.72410	0.04918	0.06212	0.01346	0.00776	0.00207	0.00311	0.01191	0.00725	0.00621
51	0.01292	0.01220	0.02062	0.66300	0.13135	0.01475	0.01853	0.01725	0.01339	0.01741	0.01179	0.01739	0.00898	0.00649	0.00657	0.00216	0.00866	0.00585	0.00297	0.00771
52	0.02726	0.01485	0.01754	0.01344	0.01863	0.01509	0.01111	0.37171	0.02495	0.38388	0.02085	0.01908	0.01372	0.00802	0.00660	0.00201	0.00643	0.00627	0.00736	0.01120
53	0.01365	0.01170	0.01365	0.00975	0.01560	0.00878	0.00780	0.01658	0.01365	0.02145	0.01170	0.01365	0.00975	0.00488	0.00488	0.00098	0.00488	0.00390	0.00390	0.80888
54	0.06107	0.01305	0.02074	0.50456	0.19702	0.01520	0.01773	0.05766	0.01449	0.02006	0.01195	0.01676	0.00920	0.00647	0.00642	0.00212	0.00825	0.00572	0.00328	0.00824
55	0.01193	0.00919	0.01245	0.05381	0.01558	0.00838	0.04727	0.01521	0.03499	0.06185	0.12791	0.06417	0.18996	0.01252	0.00736	0.00214	0.00514	0.15591	0.00563	0.15861
56	0.01243	0.01170	0.01975	0.75282	0.04534	0.01463	0.01828	0.01682	0.01316	0.01682	0.01170	0.01755	0.00878	0.00658	0.00658	0.00219	0.00878	0.00585	0.00293	0.00731
57	0.01243	0.01170	0.01975	0.75282	0.04534	0.01463	0.01828	0.01682	0.01316	0.01682	0.01170	0.01755	0.00878	0.00658	0.00658	0.00219	0.00878	0.00585	0.00293	0.00731
58	0.00802	0.00573	0.00764	0.00917	0.00955	0.00535	0.00611	0.00917	0.01260	0.01681	0.03628	0.76434	0.04354	0.02062	0.00840	0.00267	0.00382	0.01872	0.00611	0.00535

[dist]
# distance from previous block
# <min> <max>
0	0

# created by:
# /home/berkeley/.conda/envs/busco_data_prod/bin/msa2prfl.pl pipeline/OGs_align_augustus/4893/39858.fs
