[name]
unknown

[dist]
# distance from previous block
# <min> <max>
0	8

[block]
# block no. 0 follows, 31 sequences, length 23
# corresponding to MSA columns:
# 8-30
name=unknown_A
#
# <colnr> <probs for GDERKNQSTAVLIFYWHMCP>
#	G	D	E	R	K	N	Q	S	T	A	V	L	I	F	Y	W	H	M	C	P
0	0.06589	0.01440	0.03321	0.04375	0.01958	0.04192	0.08195	0.11650	0.10238	0.04466	0.05289	0.06524	0.07148	0.00965	0.00730	0.00209	0.02693	0.04558	0.00534	0.14925
1	0.01489	0.01532	0.05932	0.09886	0.10342	0.07781	0.09258	0.02061	0.11212	0.04214	0.09625	0.11920	0.06714	0.01052	0.00799	0.00228	0.03690	0.00927	0.00499	0.00841
2	0.01564	0.01472	0.02470	0.15428	0.45149	0.01516	0.05854	0.04563	0.01607	0.02221	0.04033	0.02296	0.05303	0.00757	0.00706	0.00214	0.00799	0.02696	0.00386	0.00966
3	0.08386	0.01554	0.01722	0.05544	0.02008	0.01697	0.01158	0.35161	0.13503	0.12921	0.02190	0.04987	0.04283	0.00909	0.00679	0.00216	0.00657	0.00718	0.00663	0.01047
4	0.04484	0.04327	0.06720	0.09552	0.35078	0.08964	0.01736	0.04368	0.06364	0.06618	0.01430	0.01689	0.01122	0.00668	0.00649	0.00200	0.00818	0.00577	0.00405	0.04231
5	0.06253	0.01590	0.05010	0.07562	0.08815	0.03818	0.09613	0.05417	0.01359	0.02018	0.01181	0.01688	0.01026	0.01370	0.09283	0.00347	0.31868	0.00619	0.00345	0.00820
6	0.01845	0.01228	0.01476	0.01088	0.01657	0.00998	0.00879	0.06310	0.01673	0.18075	0.04369	0.01784	0.01392	0.00638	0.00570	0.00137	0.00532	0.00515	0.00536	0.54298
7	0.01275	0.00638	0.00638	0.00638	0.00797	0.00638	0.00478	0.01594	0.01435	0.02551	0.02232	0.02551	0.01754	0.00797	0.00478	0.00159	0.00319	0.00638	0.79755	0.00638
8	0.04051	0.01511	0.01638	0.01336	0.01761	0.06130	0.01068	0.19647	0.12601	0.19741	0.04809	0.04342	0.01741	0.03873	0.00871	0.00226	0.04881	0.00699	0.00640	0.08433
9	0.01220	0.00974	0.00998	0.00927	0.01137	0.07696	0.00694	0.01475	0.01805	0.06718	0.42281	0.04852	0.19762	0.05349	0.00924	0.00239	0.00451	0.01158	0.00676	0.00665
10	0.01275	0.00638	0.00638	0.00638	0.00797	0.00638	0.00478	0.01594	0.01435	0.02551	0.02232	0.02551	0.01754	0.00797	0.00478	0.00159	0.00319	0.00638	0.79755	0.00638
11	0.01780	0.01298	0.01833	0.01702	0.09452	0.01311	0.09632	0.06706	0.19298	0.14928	0.10397	0.03058	0.08731	0.05660	0.00904	0.00248	0.00634	0.00863	0.00622	0.00944
12	0.01590	0.01419	0.02366	0.25933	0.42804	0.01499	0.01888	0.01991	0.01519	0.05790	0.01663	0.02048	0.05085	0.00710	0.00687	0.00213	0.00805	0.00661	0.00372	0.00957
13	0.01345	0.01270	0.02147	0.65092	0.13519	0.01534	0.01926	0.01794	0.01393	0.01812	0.01225	0.01807	0.00935	0.00674	0.00683	0.00225	0.00899	0.00608	0.00309	0.00803
14	0.01693	0.01626	0.02777	0.04199	0.71689	0.01626	0.02100	0.02100	0.01558	0.02235	0.01287	0.01693	0.01084	0.00610	0.00677	0.00203	0.00813	0.00610	0.00339	0.01084
15	0.01019	0.00752	0.00958	0.00897	0.01074	0.00718	0.00676	0.01452	0.06651	0.02752	0.66612	0.04934	0.06155	0.01366	0.00799	0.00216	0.00338	0.01205	0.00749	0.00676
16	0.01693	0.01626	0.02777	0.04199	0.71689	0.01626	0.02100	0.02100	0.01558	0.02235	0.01287	0.01693	0.01084	0.00610	0.00677	0.00203	0.00813	0.00610	0.00339	0.01084
17	0.01275	0.00638	0.00638	0.00638	0.00797	0.00638	0.00478	0.01594	0.01435	0.02551	0.02232	0.02551	0.01754	0.00797	0.00478	0.00159	0.00319	0.00638	0.79755	0.00638
18	0.01829	0.76368	0.03585	0.01171	0.01756	0.02707	0.01171	0.02049	0.01390	0.01610	0.00951	0.01097	0.00878	0.00585	0.00439	0.00146	0.00732	0.00366	0.00293	0.00878
19	0.01352	0.01277	0.02160	0.63843	0.14713	0.01536	0.01930	0.01800	0.01396	0.01821	0.01227	0.01804	0.00938	0.00673	0.00683	0.00224	0.00897	0.00608	0.00309	0.00808
20	0.03470	0.01201	0.07457	0.01424	0.05654	0.03753	0.04850	0.04998	0.01484	0.02016	0.02860	0.40605	0.03200	0.05861	0.00962	0.00282	0.00612	0.08074	0.00544	0.00694
21	0.00936	0.00770	0.01038	0.00946	0.01164	0.00688	0.05571	0.01196	0.01698	0.02238	0.33135	0.12060	0.32921	0.01548	0.00814	0.00229	0.00400	0.01358	0.00663	0.00629
22	0.01419	0.01216	0.01419	0.01013	0.01621	0.00912	0.00811	0.01723	0.01419	0.02229	0.01216	0.01419	0.01013	0.00507	0.00507	0.00101	0.00507	0.00405	0.00405	0.80139

[dist]
# distance from previous block
# <min> <max>
0	1

[block]
# block no. 1 follows, 31 sequences, length 20
# corresponding to MSA columns:
# 32-51
name=unknown_B
#
# <colnr> <probs for GDERKNQSTAVLIFYWHMCP>
#	G	D	E	R	K	N	Q	S	T	A	V	L	I	F	Y	W	H	M	C	P
0	0.01275	0.00638	0.00638	0.00638	0.00797	0.00638	0.00478	0.01594	0.01435	0.02551	0.02232	0.02551	0.01754	0.00797	0.00478	0.00159	0.00319	0.00638	0.79755	0.00638
1	0.25831	0.01456	0.01705	0.01414	0.01822	0.01632	0.08906	0.11702	0.21141	0.02900	0.04067	0.04459	0.03683	0.00880	0.00735	0.00227	0.05299	0.00695	0.00544	0.00904
2	0.02480	0.03013	0.01939	0.01735	0.02089	0.61970	0.01319	0.07789	0.04616	0.01919	0.01161	0.01327	0.00950	0.00744	0.00696	0.00186	0.04375	0.00474	0.00389	0.00830
3	0.01275	0.00638	0.00638	0.00638	0.00797	0.00638	0.00478	0.01594	0.01435	0.02551	0.02232	0.02551	0.01754	0.00797	0.00478	0.00159	0.00319	0.00638	0.79755	0.00638
4	0.01173	0.00857	0.01137	0.13532	0.01717	0.00852	0.00876	0.03734	0.01791	0.06784	0.36706	0.04613	0.20996	0.01303	0.00774	0.00221	0.00461	0.01124	0.00650	0.00699
5	0.01706	0.01805	0.10836	0.08943	0.49054	0.01582	0.07168	0.02166	0.01560	0.06598	0.01371	0.01726	0.01080	0.00632	0.00685	0.00209	0.00855	0.00617	0.00363	0.01044
6	0.01346	0.01274	0.02132	0.63108	0.11786	0.01560	0.01901	0.01781	0.01372	0.01795	0.01208	0.01793	0.00930	0.00702	0.00762	0.00229	0.04611	0.00608	0.00307	0.00794
7	0.66718	0.06152	0.01274	0.01018	0.01443	0.10063	0.00836	0.02098	0.01270	0.02815	0.00965	0.01125	0.00766	0.00640	0.00447	0.00204	0.00625	0.00378	0.00407	0.00755
8	0.03854	0.01924	0.21492	0.04316	0.06032	0.01374	0.22406	0.01919	0.04485	0.02148	0.05637	0.13799	0.01949	0.04505	0.00875	0.00252	0.00854	0.00908	0.00418	0.00853
9	0.01517	0.12053	0.38037	0.01750	0.02503	0.01601	0.10424	0.02174	0.05315	0.06166	0.06039	0.02111	0.05797	0.00773	0.00667	0.00211	0.00859	0.00655	0.00401	0.00946
10	0.02097	0.11316	0.15183	0.02023	0.15854	0.06063	0.01584	0.16068	0.01969	0.14991	0.05108	0.01822	0.01404	0.00745	0.00649	0.00199	0.00787	0.00597	0.00507	0.01035
11	0.01483	0.07996	0.44758	0.01987	0.09148	0.01601	0.03868	0.07708	0.01590	0.02267	0.01549	0.10079	0.01343	0.00828	0.00671	0.00217	0.00883	0.00690	0.00369	0.00966
12	0.01275	0.00638	0.00638	0.00638	0.00797	0.00638	0.00478	0.01594	0.01435	0.02551	0.02232	0.02551	0.01754	0.00797	0.00478	0.00159	0.00319	0.00638	0.79755	0.00638
13	0.01082	0.01197	0.08958	0.01074	0.01352	0.04507	0.00917	0.01498	0.08078	0.02017	0.08835	0.24044	0.26378	0.01582	0.00797	0.00244	0.00515	0.05642	0.00595	0.00687
14	0.01603	0.01723	0.13723	0.08629	0.15901	0.01442	0.09531	0.06251	0.06807	0.06972	0.01608	0.01951	0.01259	0.01478	0.13693	0.00369	0.01021	0.00645	0.00419	0.04973
15	0.06196	0.10478	0.06482	0.04984	0.04356	0.05451	0.01301	0.31038	0.03685	0.11695	0.01702	0.05078	0.01327	0.02344	0.00703	0.00213	0.00746	0.00639	0.00567	0.01014
16	0.05951	0.08238	0.07939	0.01383	0.01817	0.09893	0.01203	0.17081	0.06020	0.08328	0.08764	0.02116	0.01761	0.03519	0.05691	0.00278	0.05353	0.00643	0.00523	0.03499
17	0.01868	0.05497	0.02119	0.08432	0.18811	0.12169	0.03671	0.10166	0.15933	0.04738	0.05210	0.02179	0.04586	0.00812	0.00678	0.00208	0.00777	0.00682	0.00498	0.00966
18	0.15135	0.03474	0.06004	0.10524	0.05077	0.08429	0.03477	0.11445	0.05230	0.07043	0.07837	0.07691	0.04011	0.00915	0.00659	0.00215	0.00714	0.00743	0.00513	0.00864
19	0.11863	0.03410	0.01912	0.04485	0.19874	0.06648	0.01329	0.16881	0.01958	0.12178	0.04630	0.02272	0.06573	0.00840	0.00659	0.00208	0.00708	0.02067	0.00536	0.00969

[dist]
# distance from previous block
# <min> <max>
2	17

[block]
# block no. 2 follows, 31 sequences, length 14
# corresponding to MSA columns:
# 69-82
name=unknown_C
#
# <colnr> <probs for GDERKNQSTAVLIFYWHMCP>
#	G	D	E	R	K	N	Q	S	T	A	V	L	I	F	Y	W	H	M	C	P
0	0.01558	0.07901	0.01571	0.03411	0.01598	0.10282	0.00992	0.14289	0.01666	0.02138	0.01877	0.12225	0.01831	0.07991	0.24800	0.00533	0.01109	0.00815	0.00458	0.02953
1	0.05454	0.19488	0.07728	0.05952	0.12373	0.06551	0.01294	0.04381	0.01503	0.01997	0.04257	0.13660	0.05229	0.04553	0.00815	0.00229	0.02494	0.00812	0.00418	0.00812
2	0.01795	0.01418	0.02010	0.05714	0.13037	0.01404	0.07821	0.13336	0.06728	0.09258	0.05893	0.05599	0.01684	0.00808	0.00720	0.00195	0.02871	0.00707	0.00522	0.18479
3	0.08099	0.11129	0.20189	0.09268	0.07966	0.09261	0.05074	0.10926	0.03375	0.06535	0.01344	0.01538	0.01006	0.00684	0.00625	0.00203	0.00875	0.00537	0.00409	0.00957
4	0.00970	0.00708	0.00900	0.00930	0.01051	0.00697	0.00667	0.03696	0.01435	0.01918	0.12935	0.29110	0.15832	0.06919	0.14637	0.04396	0.00686	0.01356	0.00573	0.00584
5	0.00890	0.00650	0.00861	0.00965	0.01013	0.00644	0.00658	0.01021	0.01310	0.01775	0.08683	0.57479	0.04226	0.08936	0.04423	0.00346	0.03265	0.01698	0.00599	0.00559
6	0.01612	0.01392	0.03653	0.12110	0.12432	0.04997	0.10493	0.06749	0.01653	0.08968	0.05663	0.16524	0.02128	0.04790	0.00874	0.00245	0.00748	0.00940	0.00495	0.03534
7	0.00874	0.00625	0.00793	0.00910	0.00964	0.00588	0.00610	0.00985	0.01287	0.01694	0.03726	0.54048	0.09438	0.15254	0.01337	0.00345	0.00452	0.04941	0.00596	0.00536
8	0.01159	0.00602	0.00876	0.00876	0.00894	0.00593	0.00588	0.00898	0.00943	0.01240	0.01635	0.02430	0.06650	0.02327	0.02529	0.73883	0.00575	0.00660	0.00323	0.00319
9	0.01655	0.01824	0.03059	0.05943	0.02971	0.10105	0.41000	0.02198	0.05611	0.02093	0.01412	0.01813	0.01108	0.00909	0.05150	0.00267	0.03911	0.00704	0.00370	0.07898
10	0.02171	0.08053	0.19661	0.01788	0.05810	0.06734	0.05122	0.23386	0.04834	0.13387	0.01619	0.01675	0.01154	0.00737	0.00659	0.00205	0.00838	0.00584	0.00523	0.01058
11	0.00977	0.00733	0.01100	0.01100	0.01222	0.00855	0.00855	0.01222	0.01100	0.01588	0.01833	0.02688	0.01710	0.05131	0.73245	0.01100	0.01833	0.00733	0.00367	0.00611
12	0.01404	0.03131	0.57593	0.09002	0.02986	0.05318	0.02304	0.02100	0.01443	0.02066	0.01253	0.01544	0.00921	0.00919	0.04912	0.00267	0.01061	0.00526	0.00298	0.00951
13	0.01232	0.01068	0.01408	0.07987	0.05199	0.04390	0.01078	0.01667	0.08905	0.01770	0.01773	0.02501	0.01600	0.07804	0.42392	0.00754	0.06658	0.00713	0.00394	0.00707

[dist]
# distance from previous block
# <min> <max>
0	1

[block]
# block no. 3 follows, 31 sequences, length 14
# corresponding to MSA columns:
# 84-97
name=unknown_D
#
# <colnr> <probs for GDERKNQSTAVLIFYWHMCP>
#	G	D	E	R	K	N	Q	S	T	A	V	L	I	F	Y	W	H	M	C	P
0	0.01176	0.00603	0.00904	0.00904	0.00911	0.00610	0.00610	0.00911	0.00904	0.01213	0.01228	0.02117	0.01220	0.02544	0.06968	0.75289	0.00670	0.00603	0.00301	0.00316
1	0.00896	0.00690	0.00818	0.00800	0.00981	0.00612	0.00595	0.01145	0.01745	0.02320	0.41147	0.10314	0.32305	0.01581	0.00812	0.00226	0.00337	0.01366	0.00698	0.00612
2	0.04136	0.00979	0.01233	0.10054	0.01667	0.01066	0.00928	0.03477	0.10264	0.03761	0.13179	0.12641	0.05715	0.14676	0.01337	0.00316	0.05201	0.05719	0.00551	0.03099
3	0.02004	0.45079	0.05386	0.01753	0.12323	0.14211	0.01369	0.02267	0.01550	0.06765	0.01153	0.01309	0.00967	0.00630	0.00529	0.00167	0.00827	0.00443	0.00349	0.00919
4	0.00984	0.00774	0.00906	0.00899	0.01087	0.00753	0.00668	0.01380	0.09780	0.02079	0.18028	0.15089	0.30277	0.02021	0.08691	0.03493	0.00542	0.01284	0.00624	0.00641
5	0.60063	0.01194	0.01025	0.00939	0.01318	0.01329	0.00765	0.01948	0.01283	0.08112	0.01779	0.06606	0.05308	0.00891	0.00528	0.00224	0.00521	0.04927	0.00495	0.00745
6	0.15813	0.00785	0.00875	0.00923	0.01097	0.00773	0.00664	0.01323	0.01366	0.07029	0.03645	0.46181	0.13632	0.01710	0.00767	0.00254	0.00427	0.01488	0.00611	0.00637
7	0.01206	0.00983	0.01539	0.01339	0.01546	0.00989	0.13394	0.03930	0.06252	0.01855	0.02370	0.17778	0.02492	0.22371	0.08447	0.05786	0.00798	0.05810	0.00479	0.00638
8	0.01610	0.01668	0.07368	0.03422	0.48247	0.01521	0.12130	0.02057	0.01544	0.02262	0.01411	0.01802	0.01143	0.00630	0.00671	0.00203	0.00819	0.00636	0.09855	0.01001
9	0.01728	0.07497	0.02347	0.01835	0.05019	0.09585	0.18281	0.09015	0.17422	0.02419	0.06158	0.07532	0.01957	0.03669	0.00821	0.00235	0.00803	0.02264	0.00510	0.00903
10	0.05180	0.03800	0.09661	0.02402	0.19721	0.15139	0.12546	0.06374	0.01746	0.08630	0.01697	0.02046	0.03984	0.00755	0.00685	0.00209	0.00904	0.03141	0.00430	0.00951
11	0.09505	0.06751	0.04955	0.03344	0.06301	0.25352	0.03417	0.09445	0.06070	0.02325	0.05994	0.04680	0.01536	0.00963	0.03311	0.00229	0.00896	0.00619	0.00447	0.03859
12	0.01491	0.01311	0.01726	0.12247	0.02171	0.05296	0.09738	0.07278	0.14536	0.04144	0.09059	0.05293	0.09497	0.09226	0.03708	0.00304	0.00746	0.00893	0.00532	0.00806
13	0.06373	0.37970	0.05193	0.01424	0.05508	0.12082	0.01208	0.05567	0.03892	0.01999	0.01210	0.01411	0.01030	0.00922	0.05065	0.00224	0.00843	0.00457	0.03611	0.04010

[dist]
# distance from previous block
# <min> <max>
3	10

[block]
# block no. 4 follows, 31 sequences, length 15
# corresponding to MSA columns:
# 109-123
name=unknown_E
#
# <colnr> <probs for GDERKNQSTAVLIFYWHMCP>
#	G	D	E	R	K	N	Q	S	T	A	V	L	I	F	Y	W	H	M	C	P
0	0.06336	0.01245	0.01632	0.09047	0.10897	0.04874	0.05391	0.04268	0.02913	0.05550	0.06063	0.07670	0.06669	0.11687	0.04072	0.00306	0.00729	0.00827	0.00470	0.09354
1	0.01326	0.01365	0.13166	0.01207	0.01566	0.01036	0.01103	0.09135	0.04315	0.04273	0.22567	0.10882	0.05049	0.01539	0.04981	0.05909	0.00643	0.05472	0.00576	0.03888
2	0.01882	0.43886	0.07656	0.01384	0.01933	0.10505	0.03469	0.07748	0.07756	0.02065	0.04867	0.01543	0.01303	0.00695	0.00548	0.00173	0.00786	0.00500	0.00393	0.00908
3	0.01148	0.00974	0.00973	0.01017	0.01116	0.10013	0.00710	0.01245	0.01403	0.01760	0.11475	0.33532	0.06442	0.10590	0.01366	0.10289	0.00561	0.04287	0.00545	0.00553
4	0.05528	0.11454	0.13713	0.04995	0.13063	0.03432	0.03142	0.11272	0.01662	0.02306	0.01835	0.06580	0.05730	0.06049	0.02524	0.00254	0.00781	0.00704	0.00422	0.04552
5	0.01822	0.13197	0.14427	0.03032	0.01994	0.01600	0.02924	0.09657	0.08950	0.13945	0.05668	0.07552	0.01798	0.01140	0.04527	0.00261	0.05308	0.00730	0.00526	0.00942
6	0.01607	0.28927	0.16754	0.11143	0.06796	0.04962	0.07392	0.03850	0.01485	0.01911	0.01305	0.05309	0.01138	0.00891	0.03594	0.00231	0.00902	0.00585	0.00335	0.00882
7	0.01342	0.01195	0.01134	0.01093	0.01314	0.09932	0.00805	0.09294	0.08373	0.02200	0.07327	0.27915	0.19460	0.04314	0.00881	0.00252	0.00550	0.01299	0.00609	0.00711
8	0.01787	0.06399	0.27099	0.06631	0.07666	0.13222	0.03152	0.09604	0.01744	0.05023	0.04937	0.01727	0.01272	0.00865	0.02729	0.00233	0.03998	0.00576	0.00398	0.00938
9	0.01402	0.02540	0.43674	0.07564	0.02597	0.01416	0.01933	0.02167	0.08917	0.05586	0.02099	0.02251	0.08446	0.01081	0.05138	0.00275	0.00912	0.00664	0.00402	0.00936
10	0.01633	0.01022	0.01348	0.01239	0.04301	0.01016	0.05492	0.09100	0.04597	0.11626	0.07421	0.05057	0.04320	0.03455	0.00758	0.00223	0.00533	0.07927	0.28123	0.00807
11	0.01670	0.22485	0.20857	0.06296	0.10440	0.04527	0.08504	0.02235	0.06439	0.04780	0.01508	0.01809	0.02448	0.00705	0.00628	0.00200	0.00856	0.02298	0.00371	0.00944
12	0.01085	0.00719	0.00894	0.00881	0.00930	0.00750	0.00573	0.01156	0.01083	0.04512	0.02206	0.09504	0.02418	0.51441	0.16059	0.00683	0.03167	0.00995	0.00438	0.00505
13	0.01132	0.00620	0.00891	0.00895	0.00922	0.00628	0.00609	0.00979	0.01005	0.01383	0.04711	0.05494	0.01732	0.07562	0.09733	0.56699	0.00695	0.00723	0.03211	0.00376
14	0.10001	0.05776	0.05072	0.02832	0.01599	0.01185	0.03891	0.06564	0.06319	0.02344	0.03044	0.10118	0.11703	0.01298	0.00734	0.00243	0.00595	0.19234	0.06700	0.00749

[dist]
# distance from previous block
# <min> <max>
0	2

[block]
# block no. 5 follows, 31 sequences, length 47
# corresponding to MSA columns:
# 126-152,154-173
name=unknown_F
#
# <colnr> <probs for GDERKNQSTAVLIFYWHMCP>
#	G	D	E	R	K	N	Q	S	T	A	V	L	I	F	Y	W	H	M	C	P
0	0.04163	0.11599	0.12237	0.01794	0.09637	0.18377	0.03183	0.05853	0.07738	0.05041	0.06954	0.01870	0.01539	0.00767	0.00660	0.00196	0.02355	0.00591	0.04537	0.00908
1	0.01077	0.00779	0.01050	0.03193	0.03303	0.00833	0.00782	0.04741	0.01294	0.01820	0.02403	0.22816	0.02549	0.15843	0.28144	0.00634	0.01017	0.01090	0.06022	0.00611
2	0.00854	0.00617	0.00782	0.00897	0.00957	0.00574	0.00597	0.00973	0.01322	0.01744	0.06306	0.57363	0.11526	0.10670	0.01168	0.00316	0.00420	0.01756	0.00614	0.00545
3	0.03978	0.04198	0.03932	0.04873	0.03979	0.24634	0.12251	0.19146	0.11499	0.02629	0.01501	0.01647	0.01144	0.00735	0.00671	0.00204	0.00950	0.00597	0.00477	0.00956
4	0.01575	0.01695	0.13743	0.15495	0.20480	0.01440	0.01721	0.07777	0.05705	0.05272	0.04267	0.04471	0.01739	0.00901	0.00716	0.00226	0.00776	0.08976	0.00456	0.02569
5	0.04196	0.23766	0.42362	0.01630	0.02429	0.01916	0.01917	0.02299	0.09452	0.02121	0.01322	0.01464	0.01008	0.00664	0.00588	0.00198	0.00861	0.00493	0.00342	0.00973
6	0.06024	0.04467	0.03974	0.01675	0.02171	0.01463	0.18286	0.13386	0.06464	0.13812	0.02255	0.06723	0.04062	0.00963	0.00731	0.00227	0.00751	0.08411	0.00567	0.03587
7	0.02402	0.01774	0.01909	0.01482	0.01988	0.01946	0.01218	0.61458	0.03048	0.04083	0.06431	0.02123	0.05136	0.00906	0.00699	0.00207	0.00704	0.00699	0.00686	0.01100
8	0.00992	0.00676	0.00812	0.00812	0.00835	0.00699	0.00497	0.01037	0.01014	0.01375	0.02095	0.04144	0.02343	0.62772	0.16469	0.00744	0.00881	0.00946	0.00406	0.00451
9	0.01776	0.05049	0.11252	0.03236	0.39880	0.04096	0.13477	0.06889	0.01686	0.04159	0.01337	0.01663	0.01056	0.00632	0.00685	0.00207	0.00895	0.00618	0.00370	0.01037
10	0.00828	0.00615	0.00773	0.00899	0.00978	0.00560	0.00611	0.00959	0.01361	0.01767	0.04418	0.61391	0.18226	0.02059	0.00860	0.00268	0.00387	0.01842	0.00635	0.00560
11	0.00863	0.00616	0.00828	0.00986	0.01039	0.00581	0.00686	0.01004	0.01339	0.01779	0.03754	0.68067	0.04460	0.02116	0.00881	0.00282	0.00423	0.09096	0.00635	0.00564
12	0.02181	0.40932	0.02787	0.01458	0.01930	0.36881	0.01244	0.02380	0.01656	0.01641	0.01003	0.01164	0.00880	0.00643	0.00525	0.00161	0.00975	0.00402	0.00322	0.00837
13	0.01042	0.00797	0.01097	0.01063	0.01132	0.00933	0.00784	0.01196	0.01060	0.01510	0.01832	0.03135	0.01871	0.27702	0.42560	0.00867	0.09679	0.00803	0.00375	0.00563
14	0.02637	0.01551	0.01777	0.01382	0.01891	0.01617	0.01135	0.38633	0.06181	0.27937	0.02109	0.01986	0.01434	0.00834	0.00674	0.00206	0.00655	0.00651	0.05582	0.01127
15	0.00962	0.00704	0.00920	0.00980	0.01124	0.00662	0.00766	0.01223	0.01654	0.02221	0.29294	0.20496	0.13091	0.01740	0.00862	0.00260	0.00434	0.21315	0.00678	0.00614
16	0.01486	0.03216	0.60618	0.02027	0.02975	0.01577	0.10537	0.02227	0.01490	0.05632	0.01319	0.01537	0.00928	0.00651	0.00671	0.00218	0.01007	0.00551	0.00323	0.01008
17	0.01841	0.02169	0.05731	0.27452	0.17236	0.27029	0.04856	0.02210	0.01624	0.01862	0.01182	0.01570	0.00939	0.00670	0.00663	0.00204	0.01022	0.00553	0.00329	0.00857
18	0.00843	0.00604	0.00814	0.00962	0.01007	0.00575	0.00649	0.00970	0.01296	0.01736	0.03645	0.70792	0.04343	0.02337	0.05562	0.00331	0.00490	0.01866	0.00618	0.00559
19	0.80789	0.01323	0.01006	0.00900	0.01323	0.01535	0.00741	0.02011	0.01164	0.03070	0.00953	0.01111	0.00741	0.00635	0.00423	0.00212	0.00529	0.00370	0.00423	0.00741
20	0.17428	0.01105	0.01249	0.01038	0.01413	0.01084	0.00817	0.06380	0.05160	0.18101	0.06610	0.02079	0.01637	0.01051	0.00943	0.13883	0.00536	0.00600	0.05404	0.13482
21	0.00842	0.00599	0.00791	0.00942	0.00980	0.00561	0.00624	0.00955	0.01294	0.01726	0.03691	0.71996	0.04424	0.05795	0.01002	0.00297	0.00410	0.01898	0.00624	0.00549
22	0.01030	0.00772	0.01072	0.01048	0.01129	0.00896	0.00778	0.01203	0.01075	0.01545	0.01855	0.03073	0.01857	0.23808	0.47079	0.00896	0.07238	0.00791	0.02284	0.00569
23	0.00995	0.00663	0.00746	0.00746	0.00746	0.00663	0.00415	0.00995	0.00995	0.01327	0.02156	0.04477	0.02487	0.75957	0.03482	0.00663	0.00663	0.00995	0.00415	0.00415
24	0.77553	0.01348	0.01049	0.00928	0.01356	0.01559	0.00764	0.04801	0.01249	0.03121	0.00981	0.01133	0.00758	0.00643	0.00434	0.00211	0.00538	0.00381	0.00434	0.00758
25	0.01370	0.00838	0.00886	0.00821	0.01020	0.00856	0.00612	0.11680	0.01672	0.02576	0.04687	0.07066	0.07982	0.09726	0.00919	0.00239	0.00431	0.00834	0.45104	0.00682
26	0.00897	0.00668	0.00793	0.00848	0.00951	0.00622	0.00576	0.01078	0.03183	0.01836	0.12135	0.34377	0.20989	0.16243	0.01351	0.00332	0.00431	0.01522	0.00608	0.00558
27	0.41103	0.01518	0.01404	0.01177	0.01626	0.03759	0.00957	0.19460	0.09862	0.08512	0.03591	0.01630	0.01253	0.00758	0.00559	0.00211	0.00606	0.00532	0.00561	0.00919
28	0.01808	0.73025	0.06745	0.01206	0.01811	0.02656	0.01233	0.02054	0.01393	0.01635	0.00964	0.01113	0.00877	0.00588	0.00449	0.00150	0.00744	0.00372	0.00292	0.00884
29	0.00860	0.00688	0.00770	0.00765	0.00960	0.00597	0.00568	0.01076	0.01658	0.02120	0.26777	0.11255	0.46176	0.01659	0.00813	0.00230	0.00343	0.01417	0.00672	0.00597
30	0.26191	0.01859	0.01674	0.01370	0.01844	0.11356	0.01109	0.33678	0.05883	0.06624	0.01464	0.01507	0.01071	0.00756	0.00597	0.00205	0.00731	0.00530	0.00569	0.00982
31	0.01440	0.14355	0.62190	0.01834	0.02782	0.01755	0.02326	0.02149	0.01436	0.02084	0.01187	0.01393	0.00868	0.00640	0.00619	0.00206	0.00970	0.00485	0.00289	0.00991
32	0.00831	0.00604	0.00785	0.00929	0.00986	0.00558	0.00625	0.00955	0.01332	0.01756	0.04056	0.69291	0.10560	0.02106	0.00867	0.00274	0.00392	0.01900	0.00635	0.00558
33	0.01024	0.00771	0.01066	0.01027	0.01183	0.00816	0.00770	0.01230	0.01132	0.01631	0.01917	0.06814	0.01903	0.15286	0.50104	0.00871	0.01420	0.00802	0.00393	0.09840
34	0.01076	0.00829	0.01076	0.01148	0.04832	0.00802	0.00786	0.01441	0.07378	0.02138	0.20586	0.26618	0.03970	0.08468	0.04780	0.00318	0.00533	0.05137	0.00601	0.07481
35	0.01404	0.01747	0.14397	0.15811	0.13586	0.01435	0.19203	0.03779	0.01545	0.02102	0.02044	0.08527	0.06934	0.00896	0.00745	0.00230	0.00873	0.03478	0.00395	0.00869
36	0.00894	0.00640	0.00860	0.00995	0.01068	0.00605	0.00716	0.01069	0.01424	0.01907	0.11162	0.56162	0.04636	0.02018	0.00878	0.00277	0.00429	0.13032	0.00647	0.00578
37	0.01451	0.06370	0.66179	0.01900	0.02871	0.01660	0.02413	0.05488	0.01530	0.02250	0.01237	0.01440	0.00882	0.00656	0.00643	0.00213	0.00987	0.00505	0.00309	0.01013
38	0.01537	0.07006	0.23115	0.10909	0.06682	0.03365	0.15570	0.03844	0.06986	0.02140	0.01492	0.02030	0.01210	0.00775	0.00814	0.00228	0.06423	0.04583	0.00370	0.00920
39	0.00980	0.00722	0.01046	0.01046	0.01149	0.00826	0.00788	0.01187	0.01084	0.01548	0.01882	0.02961	0.01829	0.15954	0.62584	0.01033	0.01654	0.00773	0.00374	0.00581
40	0.01188	0.00594	0.00891	0.00891	0.00891	0.00594	0.00594	0.00891	0.00891	0.01188	0.01188	0.02080	0.01188	0.02377	0.02674	0.80095	0.00594	0.00594	0.00297	0.00297
41	0.01958	0.16919	0.02510	0.11663	0.02502	0.09169	0.12079	0.12466	0.07711	0.08824	0.04426	0.01859	0.01383	0.00852	0.02562	0.00224	0.00860	0.00625	0.00475	0.00931
42	0.01288	0.06151	0.05664	0.57964	0.04040	0.01515	0.01756	0.01720	0.01369	0.01757	0.01532	0.02054	0.04637	0.00975	0.04658	0.00270	0.00926	0.00638	0.00323	0.00763
43	0.01290	0.01172	0.01948	0.44393	0.07116	0.01357	0.06536	0.03643	0.01408	0.01849	0.01680	0.04368	0.03419	0.06133	0.08626	0.00351	0.00963	0.02638	0.00362	0.00748
44	0.01594	0.11639	0.36900	0.08839	0.08998	0.06543	0.05262	0.02154	0.01507	0.04962	0.02795	0.01611	0.01077	0.00771	0.02332	0.00226	0.00958	0.00547	0.00338	0.00948
45	0.04136	0.26040	0.09645	0.01522	0.04035	0.04698	0.04591	0.09367	0.09538	0.04166	0.05429	0.04822	0.01604	0.00843	0.00711	0.00202	0.05154	0.02129	0.00453	0.00915
46	0.09555	0.11902	0.07551	0.03964	0.14443	0.01678	0.04941	0.09459	0.01624	0.07862	0.01484	0.02005	0.01251	0.04410	0.00893	0.00230	0.06762	0.04003	0.00434	0.05549

[dist]
# distance from previous block
# <min> <max>
1	17

[block]
# block no. 6 follows, 31 sequences, length 42
# corresponding to MSA columns:
# 191-232
name=unknown_G
#
# <colnr> <probs for GDERKNQSTAVLIFYWHMCP>
#	G	D	E	R	K	N	Q	S	T	A	V	L	I	F	Y	W	H	M	C	P
0	0.01442	0.01241	0.04251	0.01448	0.05374	0.01219	0.07262	0.13341	0.03212	0.02212	0.01964	0.10372	0.01954	0.24420	0.06310	0.00414	0.04751	0.00886	0.03292	0.04634
1	0.05728	0.07105	0.01942	0.01464	0.01946	0.05487	0.01195	0.36569	0.25190	0.03455	0.01912	0.01861	0.01417	0.00826	0.00656	0.00209	0.00695	0.00631	0.00632	0.01079
2	0.01408	0.01027	0.01182	0.01001	0.01339	0.00957	0.00781	0.13779	0.01942	0.06421	0.21739	0.09009	0.20541	0.01245	0.00731	0.00202	0.00458	0.01052	0.00647	0.14541
3	0.01750	0.63742	0.15518	0.01306	0.01965	0.02513	0.01406	0.02069	0.01400	0.01706	0.00999	0.01158	0.00876	0.00597	0.00476	0.00159	0.00780	0.00390	0.00292	0.00901
4	0.03561	0.25807	0.15511	0.01777	0.05372	0.14012	0.08905	0.10175	0.01760	0.05313	0.01241	0.01411	0.00970	0.00658	0.00598	0.00187	0.00908	0.00507	0.00383	0.00946
5	0.01200	0.01017	0.01338	0.02739	0.03966	0.04732	0.03428	0.01435	0.01262	0.01795	0.02149	0.09688	0.05596	0.05604	0.30138	0.00597	0.10987	0.00849	0.10821	0.00659
6	0.00924	0.00675	0.00954	0.01014	0.01095	0.00725	0.00735	0.01101	0.01171	0.01627	0.02597	0.30551	0.02846	0.09837	0.39945	0.00751	0.01190	0.01216	0.00473	0.00574
7	0.01519	0.01046	0.04830	0.01101	0.01277	0.00992	0.00854	0.16520	0.01448	0.01948	0.01294	0.01948	0.01166	0.01935	0.02118	0.57844	0.00652	0.00595	0.00385	0.00531
8	0.04217	0.40039	0.05705	0.04648	0.02045	0.25650	0.01293	0.02345	0.05113	0.01766	0.01104	0.01264	0.00938	0.00651	0.00530	0.00169	0.00901	0.00428	0.00337	0.00857
9	0.05280	0.01202	0.01451	0.01211	0.01627	0.01186	0.00964	0.10843	0.13236	0.35836	0.02889	0.13518	0.05509	0.01089	0.00713	0.00225	0.00554	0.00909	0.00744	0.01014
10	0.00849	0.00628	0.00793	0.00893	0.00984	0.00573	0.00616	0.01007	0.01446	0.01910	0.14209	0.52858	0.16806	0.01961	0.00852	0.00260	0.00377	0.01752	0.00652	0.00573
11	0.00834	0.00623	0.00776	0.00888	0.00978	0.00565	0.00609	0.00975	0.01396	0.01815	0.07526	0.56308	0.20191	0.02014	0.00855	0.00264	0.00382	0.01797	0.00640	0.00565
12	0.01204	0.00688	0.01067	0.12000	0.01469	0.00734	0.00792	0.01021	0.00963	0.01273	0.01193	0.02041	0.01147	0.02121	0.02373	0.68011	0.00642	0.00596	0.00298	0.00367
13	0.02644	0.01754	0.01942	0.01499	0.02035	0.01893	0.01235	0.53868	0.06282	0.16883	0.01895	0.01815	0.01308	0.00831	0.00686	0.00208	0.00711	0.00637	0.00715	0.01160
14	0.00896	0.00682	0.00816	0.00811	0.00975	0.00611	0.00593	0.01129	0.01692	0.02254	0.37730	0.14851	0.28766	0.04014	0.00902	0.00243	0.00352	0.01395	0.00686	0.00603
15	0.00932	0.00647	0.00754	0.00798	0.00831	0.00625	0.00486	0.00982	0.01136	0.01493	0.03063	0.24286	0.09708	0.48413	0.02504	0.00515	0.00559	0.01300	0.00497	0.00469
16	0.01829	0.01383	0.01503	0.01321	0.01709	0.01548	0.01036	0.06847	0.53127	0.09975	0.06420	0.02621	0.02222	0.00934	0.00691	0.00224	0.00535	0.00776	0.04248	0.01052
17	0.01039	0.00794	0.01129	0.01201	0.01350	0.00780	0.04231	0.01369	0.05233	0.01967	0.03635	0.35345	0.06111	0.01873	0.00890	0.00288	0.00545	0.30962	0.00622	0.00636
18	0.05730	0.01301	0.01470	0.01221	0.01645	0.01364	0.00980	0.13483	0.23499	0.25559	0.02407	0.02272	0.01701	0.00851	0.00645	0.00209	0.00552	0.00681	0.13395	0.01036
19	0.00912	0.00693	0.00834	0.00807	0.00982	0.00621	0.00598	0.01171	0.01767	0.02380	0.46182	0.08079	0.27351	0.03528	0.00881	0.00235	0.00342	0.01323	0.00702	0.00614
20	0.01025	0.00795	0.01156	0.01129	0.01229	0.00948	0.00872	0.01239	0.01085	0.01569	0.01779	0.02747	0.01710	0.11343	0.60446	0.00988	0.08227	0.00745	0.00365	0.00605
21	0.01013	0.00781	0.01148	0.01127	0.01235	0.00929	0.00874	0.01238	0.01090	0.01578	0.01787	0.02705	0.01698	0.08738	0.64628	0.01022	0.06698	0.00738	0.00365	0.00609
22	0.01198	0.00810	0.01016	0.01062	0.01280	0.00769	0.00892	0.03412	0.01638	0.06891	0.04469	0.06587	0.24614	0.01689	0.00856	0.00272	0.00528	0.37190	0.04160	0.00666
23	0.01496	0.05114	0.01559	0.01060	0.01654	0.01086	0.00860	0.04244	0.04870	0.02303	0.01295	0.01466	0.01064	0.00543	0.00519	0.00114	0.00529	0.00429	0.00424	0.69373
24	0.01281	0.00897	0.01134	0.01151	0.04349	0.00861	0.00804	0.07354	0.04296	0.06158	0.17422	0.34098	0.03803	0.01478	0.00766	0.00229	0.00451	0.01310	0.04711	0.07449
25	0.04459	0.08563	0.29875	0.04876	0.11682	0.05705	0.06698	0.11841	0.01716	0.02402	0.01247	0.01500	0.00951	0.00693	0.00731	0.00211	0.04957	0.00546	0.00366	0.00980
26	0.04989	0.04163	0.19037	0.01965	0.11131	0.07091	0.07220	0.08497	0.13221	0.02462	0.04878	0.08862	0.01733	0.00878	0.00688	0.00218	0.00795	0.00754	0.00469	0.00948
27	0.00829	0.00612	0.00777	0.00909	0.00981	0.00559	0.00616	0.00958	0.01352	0.01764	0.04307	0.63817	0.15872	0.02074	0.00862	0.00270	0.00388	0.01860	0.00635	0.00559
28	0.01985	0.08982	0.13062	0.07538	0.04961	0.01703	0.05170	0.22202	0.02025	0.12186	0.01899	0.05901	0.04268	0.00870	0.00748	0.00215	0.04074	0.00701	0.00523	0.00987
29	0.07045	0.05470	0.15124	0.05798	0.09754	0.01759	0.01560	0.18512	0.11410	0.09472	0.01636	0.01743	0.01206	0.00778	0.00754	0.00217	0.05633	0.00594	0.00509	0.01025
30	0.04994	0.00724	0.00784	0.00809	0.00998	0.00662	0.00591	0.01138	0.03531	0.02010	0.12506	0.23826	0.41574	0.01723	0.00802	0.00240	0.00372	0.01476	0.00639	0.00602
31	0.00951	0.00673	0.00824	0.00882	0.00955	0.00646	0.00608	0.01078	0.01310	0.01730	0.09943	0.22371	0.10614	0.31877	0.01928	0.00429	0.00529	0.11577	0.00556	0.00521
32	0.01768	0.11512	0.07591	0.04362	0.08425	0.10183	0.01274	0.12962	0.03562	0.02342	0.01495	0.06611	0.01327	0.04102	0.00736	0.00197	0.00748	0.00613	0.00434	0.19755
33	0.01447	0.04940	0.12954	0.01477	0.08175	0.01212	0.01222	0.10062	0.01761	0.04090	0.12173	0.07257	0.12178	0.01026	0.00688	0.00198	0.00607	0.02702	0.00522	0.15310
34	0.01633	0.13239	0.21323	0.03642	0.10009	0.01670	0.08453	0.08368	0.04684	0.04902	0.01542	0.04996	0.01271	0.01144	0.07397	0.00287	0.00931	0.00640	0.00404	0.03466
35	0.01626	0.01515	0.08817	0.01676	0.08878	0.01184	0.08815	0.06023	0.01665	0.09127	0.07824	0.04459	0.01763	0.00761	0.00650	0.00176	0.00665	0.02501	0.00485	0.31390
36	0.01077	0.00874	0.01064	0.01002	0.01188	0.03048	0.03719	0.04738	0.01634	0.02159	0.22298	0.24337	0.17545	0.08959	0.01071	0.00276	0.00475	0.01353	0.00621	0.02562
37	0.01598	0.03814	0.05508	0.16436	0.02254	0.01443	0.02587	0.12550	0.05264	0.04876	0.04687	0.02126	0.01515	0.01086	0.04969	0.00263	0.09098	0.00651	0.18442	0.00833
38	0.01659	0.12807	0.25996	0.05934	0.11645	0.03473	0.13238	0.04529	0.04157	0.04458	0.01323	0.01590	0.01013	0.00677	0.00736	0.00211	0.04648	0.00579	0.00356	0.00969
39	0.01102	0.00814	0.01222	0.01130	0.01253	0.00835	0.05989	0.01180	0.01200	0.01640	0.05827	0.14881	0.06316	0.10802	0.12253	0.21332	0.05460	0.03270	0.00437	0.03060
40	0.01105	0.00893	0.01292	0.01176	0.01392	0.00854	0.08211	0.03103	0.04442	0.01942	0.02940	0.35037	0.06698	0.08469	0.08080	0.00358	0.00664	0.01302	0.03533	0.08506
41	0.18661	0.05558	0.07562	0.01697	0.09728	0.09949	0.05159	0.04185	0.04559	0.04118	0.01611	0.11114	0.01478	0.01041	0.03441	0.00245	0.03578	0.00705	0.00434	0.05179

[dist]
# distance from previous block
# <min> <max>
0	7

[block]
# block no. 7 follows, 31 sequences, length 7
# corresponding to MSA columns:
# 240-246
name=unknown_H
#
# <colnr> <probs for GDERKNQSTAVLIFYWHMCP>
#	G	D	E	R	K	N	Q	S	T	A	V	L	I	F	Y	W	H	M	C	P
0	0.01673	0.13225	0.12518	0.06888	0.18441	0.01642	0.03959	0.03789	0.04505	0.08230	0.06322	0.04886	0.01601	0.00809	0.00762	0.00208	0.05813	0.00668	0.00431	0.03629
1	0.07227	0.02079	0.19304	0.07019	0.05371	0.06689	0.06790	0.16437	0.01917	0.07233	0.06202	0.04541	0.04511	0.00842	0.00682	0.00215	0.00813	0.00698	0.00488	0.00940
2	0.01692	0.12272	0.07088	0.01726	0.06547	0.09817	0.07808	0.06746	0.05278	0.03897	0.01638	0.10192	0.01504	0.01200	0.05803	0.00271	0.09054	0.00727	0.00424	0.06318
3	0.08608	0.07015	0.14913	0.04010	0.03560	0.05509	0.04083	0.12539	0.07713	0.05344	0.05094	0.07066	0.01630	0.02555	0.00858	0.00231	0.07186	0.00703	0.00479	0.00906
4	0.05588	0.00765	0.01023	0.01122	0.05771	0.00778	0.00712	0.01206	0.04786	0.01567	0.02001	0.09872	0.06284	0.09527	0.02088	0.44644	0.00574	0.00824	0.00396	0.00474
5	0.06028	0.07422	0.12248	0.01481	0.02001	0.08015	0.01336	0.19518	0.25032	0.02933	0.05694	0.02008	0.01656	0.00827	0.00653	0.00210	0.00725	0.00641	0.00563	0.01010
6	0.01682	0.22936	0.43022	0.01695	0.02507	0.06802	0.01975	0.08021	0.01618	0.02170	0.01178	0.01354	0.00896	0.00651	0.00594	0.00194	0.00929	0.00473	0.00329	0.00974

[dist]
# distance from previous block
# <min> <max>
0	2

[block]
# block no. 8 follows, 31 sequences, length 127
# corresponding to MSA columns:
# 249-322,328-380
name=unknown_I
#
# <colnr> <probs for GDERKNQSTAVLIFYWHMCP>
#	G	D	E	R	K	N	Q	S	T	A	V	L	I	F	Y	W	H	M	C	P
0	0.08596	0.04882	0.09300	0.06296	0.10818	0.05670	0.17169	0.15987	0.07528	0.04945	0.01486	0.01695	0.01113	0.00693	0.00674	0.00212	0.00870	0.00623	0.00456	0.00987
1	0.01114	0.03063	0.01150	0.01236	0.06782	0.00849	0.00828	0.01463	0.07334	0.04241	0.14619	0.35276	0.10372	0.03682	0.00883	0.00260	0.00462	0.05073	0.00626	0.00688
2	0.01628	0.01640	0.03193	0.19503	0.11220	0.01677	0.38255	0.04661	0.01598	0.04417	0.01365	0.01816	0.01034	0.00651	0.00820	0.00228	0.04301	0.00718	0.00363	0.00912
3	0.01354	0.02889	0.01252	0.03132	0.01408	0.03113	0.00886	0.10069	0.03637	0.04719	0.02676	0.24817	0.05295	0.06201	0.14258	0.00423	0.03874	0.04074	0.05213	0.00711
4	0.03384	0.05108	0.20614	0.01905	0.06451	0.08495	0.12882	0.02463	0.14492	0.06988	0.05150	0.04499	0.02886	0.00809	0.00691	0.00216	0.00841	0.00710	0.00465	0.00952
5	0.00995	0.00725	0.00881	0.00933	0.01088	0.00680	0.00691	0.01276	0.05268	0.04109	0.11959	0.31512	0.23349	0.03923	0.00916	0.00269	0.00425	0.09726	0.00651	0.00624
6	0.01182	0.00812	0.01011	0.00956	0.01094	0.00851	0.00688	0.07226	0.01419	0.03849	0.11224	0.05742	0.05372	0.27759	0.24212	0.00641	0.00955	0.00935	0.03459	0.00611
7	0.04838	0.09001	0.11345	0.06960	0.09508	0.03934	0.21516	0.11722	0.01713	0.02368	0.01322	0.01673	0.01038	0.00970	0.05592	0.00273	0.04288	0.00626	0.00382	0.00929
8	0.28992	0.03482	0.03132	0.03613	0.02830	0.09351	0.00962	0.05931	0.01510	0.07369	0.05239	0.01931	0.01437	0.04852	0.03899	0.00266	0.03990	0.00567	0.09867	0.00779
9	0.01000	0.00663	0.00758	0.00767	0.00802	0.00662	0.00464	0.01058	0.01086	0.01500	0.02478	0.08187	0.06060	0.57215	0.07157	0.00602	0.00673	0.01023	0.07383	0.00462
10	0.01470	0.01100	0.03217	0.03374	0.01572	0.01076	0.02627	0.02239	0.23627	0.12006	0.03527	0.26393	0.12140	0.01392	0.00768	0.00243	0.00514	0.01217	0.00658	0.00841
11	0.06213	0.01819	0.04985	0.23461	0.28086	0.13246	0.01776	0.02175	0.05583	0.02067	0.01284	0.01658	0.01027	0.00687	0.00704	0.00212	0.03181	0.00573	0.00354	0.00910
12	0.01300	0.00862	0.00978	0.00932	0.01120	0.00916	0.00701	0.01898	0.15287	0.04218	0.15067	0.10817	0.02968	0.04442	0.00839	0.00226	0.03595	0.00929	0.32178	0.00727
13	0.01863	0.01298	0.01437	0.01244	0.01619	0.01403	0.00979	0.12991	0.33938	0.12695	0.07318	0.06009	0.05855	0.01017	0.00697	0.00220	0.00530	0.00844	0.07051	0.00992
14	0.00989	0.00771	0.00952	0.03687	0.01253	0.00761	0.00759	0.01383	0.09266	0.02054	0.12923	0.34003	0.18248	0.01744	0.00832	0.00257	0.00437	0.08392	0.00644	0.00647
15	0.01493	0.08422	0.02065	0.03722	0.05060	0.04548	0.12890	0.04759	0.15951	0.02239	0.08049	0.10114	0.06487	0.04636	0.00923	0.00248	0.03597	0.03444	0.00518	0.00836
16	0.01474	0.01405	0.02454	0.02235	0.12150	0.01434	0.24802	0.05871	0.06643	0.02204	0.02095	0.15691	0.02042	0.04012	0.01012	0.00263	0.06491	0.06408	0.00465	0.00848
17	0.00838	0.00604	0.00795	0.00937	0.00991	0.00561	0.00630	0.00968	0.01348	0.01794	0.06819	0.69411	0.07587	0.02093	0.00867	0.00273	0.00391	0.01892	0.00640	0.00561
18	0.01448	0.01496	0.03907	0.02130	0.18792	0.10802	0.05951	0.01736	0.01452	0.01915	0.04966	0.14667	0.02061	0.01827	0.13863	0.00389	0.08294	0.03096	0.00419	0.00790
19	0.01394	0.01542	0.09020	0.33395	0.15095	0.03477	0.08594	0.01841	0.01462	0.01966	0.01612	0.06923	0.01423	0.00839	0.00712	0.00228	0.00862	0.05291	0.03493	0.00830
20	0.02378	0.01149	0.01414	0.01159	0.01583	0.01115	0.00932	0.05233	0.16424	0.40894	0.06357	0.02539	0.02028	0.00886	0.00664	0.00208	0.00525	0.00726	0.12748	0.01039
21	0.01998	0.17778	0.04360	0.01842	0.11826	0.35927	0.01324	0.02235	0.01702	0.01781	0.01908	0.02038	0.10935	0.00811	0.00617	0.00183	0.00937	0.00594	0.00376	0.00828
22	0.01073	0.00782	0.00827	0.00813	0.00857	0.03517	0.00491	0.01115	0.01075	0.01435	0.02122	0.06316	0.02382	0.62596	0.06226	0.00617	0.00713	0.00960	0.03213	0.02870
23	0.01255	0.01053	0.01168	0.01241	0.01426	0.06292	0.00989	0.01822	0.14942	0.02097	0.03308	0.24431	0.03508	0.01683	0.00853	0.00279	0.00595	0.31725	0.00624	0.00710
24	0.02114	0.01493	0.08481	0.04224	0.01950	0.03623	0.03221	0.11843	0.05490	0.27854	0.03998	0.09230	0.05815	0.01068	0.00732	0.00228	0.00667	0.06340	0.00659	0.00970
25	0.01583	0.01614	0.01623	0.01419	0.01659	0.19247	0.05040	0.01874	0.04141	0.01847	0.04073	0.02192	0.01528	0.07940	0.16789	0.00435	0.12998	0.00649	0.05684	0.07667
26	0.01732	0.01371	0.01508	0.01114	0.01696	0.04951	0.00892	0.06617	0.01626	0.09510	0.01389	0.01517	0.01086	0.00574	0.00544	0.00124	0.00571	0.00451	0.00467	0.62260
27	0.01918	0.63927	0.05402	0.01277	0.01842	0.12582	0.01232	0.02148	0.01469	0.01635	0.00974	0.01127	0.00878	0.00604	0.00470	0.00153	0.00811	0.00380	0.00301	0.00870
28	0.00873	0.00687	0.00789	0.00781	0.00968	0.00602	0.00579	0.01100	0.01685	0.02190	0.31890	0.12002	0.40140	0.01637	0.00814	0.00229	0.00342	0.01406	0.00681	0.00602
29	0.01403	0.01330	0.02253	0.54878	0.23277	0.01549	0.01955	0.01845	0.01421	0.01883	0.01236	0.01788	0.00960	0.00663	0.00682	0.00221	0.00884	0.00608	0.00314	0.00850
30	0.01037	0.00791	0.00919	0.00942	0.01073	0.00798	0.00653	0.01484	0.13768	0.01973	0.10901	0.30140	0.12404	0.18274	0.01409	0.00343	0.00468	0.01382	0.00610	0.00631
31	0.00847	0.00673	0.00761	0.00784	0.00959	0.00587	0.00571	0.01039	0.01582	0.02009	0.19433	0.21380	0.43451	0.01754	0.00822	0.00238	0.00353	0.01511	0.00659	0.00587
32	0.01615	0.01845	0.04037	0.02884	0.03576	0.01730	0.69204	0.02191	0.01615	0.02191	0.01384	0.01845	0.01038	0.00577	0.00807	0.00231	0.01153	0.00807	0.00346	0.00923
33	0.01471	0.01115	0.01205	0.01068	0.01400	0.01150	0.00834	0.10314	0.23214	0.07272	0.10787	0.04306	0.30536	0.01281	0.00750	0.00225	0.00470	0.01065	0.00685	0.00852
34	0.01010	0.00751	0.01040	0.01024	0.01102	0.00859	0.00750	0.01172	0.01064	0.01509	0.01886	0.03190	0.01913	0.27256	0.47571	0.00920	0.05241	0.00809	0.00378	0.00556
35	0.00872	0.00676	0.00929	0.00987	0.01098	0.00618	0.03695	0.01034	0.01407	0.01846	0.08347	0.55414	0.16620	0.01953	0.00855	0.00263	0.00417	0.01760	0.00629	0.00582
36	0.00818	0.00693	0.00706	0.00703	0.00930	0.00581	0.00527	0.00999	0.01581	0.01899	0.10605	0.06500	0.67705	0.01714	0.00808	0.00230	0.00345	0.01432	0.00642	0.00581
37	0.00834	0.00595	0.00794	0.00953	0.00992	0.00556	0.00635	0.00953	0.01310	0.01746	0.03771	0.75510	0.04525	0.02143	0.00873	0.00278	0.00397	0.01945	0.00635	0.00556
38	0.02544	0.01585	0.01754	0.01388	0.01872	0.04332	0.01132	0.35561	0.06806	0.24913	0.02059	0.01992	0.01431	0.01024	0.03932	0.00246	0.00730	0.00648	0.04961	0.01091
39	0.02323	0.02149	0.01746	0.01507	0.01910	0.29225	0.01179	0.17157	0.15239	0.10483	0.03836	0.02053	0.01548	0.00848	0.00665	0.00202	0.00847	0.02622	0.03507	0.00955
40	0.01683	0.01448	0.01533	0.01388	0.01768	0.01673	0.01083	0.03566	0.68313	0.02837	0.02811	0.02713	0.02146	0.00958	0.00704	0.00235	0.00544	0.02834	0.00694	0.01069
41	0.06920	0.01775	0.01709	0.01425	0.01865	0.10123	0.01137	0.32771	0.16861	0.03249	0.02028	0.06354	0.02868	0.00926	0.00674	0.00210	0.00706	0.02519	0.00612	0.05267
42	0.00967	0.00667	0.00802	0.00820	0.00851	0.00676	0.00508	0.01023	0.01067	0.01432	0.02468	0.12361	0.05158	0.54395	0.13356	0.00668	0.00793	0.01081	0.00441	0.00466
43	0.01469	0.01248	0.01660	0.01307	0.01745	0.01168	0.08245	0.08934	0.06358	0.02418	0.05071	0.12219	0.03363	0.00920	0.00736	0.00181	0.04621	0.00790	0.03436	0.34114
44	0.01331	0.01216	0.01817	0.01521	0.01785	0.04383	0.16089	0.04129	0.04988	0.01927	0.02373	0.08535	0.07948	0.11479	0.12147	0.03578	0.07446	0.04688	0.01917	0.00702
45	0.01552	0.13356	0.08894	0.07865	0.02144	0.03956	0.07741	0.12248	0.07157	0.02303	0.02578	0.13632	0.11619	0.01068	0.00699	0.00217	0.00714	0.00911	0.00494	0.00850
46	0.01673	0.12585	0.23650	0.03553	0.02153	0.13878	0.01571	0.05045	0.01507	0.04004	0.01337	0.01766	0.01128	0.05784	0.11234	0.00358	0.07015	0.00557	0.00354	0.00847
47	0.01401	0.01261	0.01495	0.06621	0.05189	0.05449	0.01013	0.03594	0.01517	0.02158	0.09683	0.04933	0.04587	0.01151	0.06135	0.00236	0.05911	0.00671	0.00447	0.36546
48	0.01789	0.01280	0.01336	0.01154	0.01474	0.05811	0.00883	0.18230	0.08000	0.11447	0.05107	0.11866	0.11022	0.10831	0.01073	0.00273	0.00599	0.00958	0.03752	0.03117
