[name]
unknown

[dist]
# distance from previous block
# <min> <max>
0	40

[block]
# block no. 0 follows, 32 sequences, length 42
# corresponding to MSA columns:
# 45-86
name=unknown_A
#
# <colnr> <probs for GDERKNQSTAVLIFYWHMCP>
#	G	D	E	R	K	N	Q	S	T	A	V	L	I	F	Y	W	H	M	C	P
0	0.05993	0.10182	0.12374	0.01420	0.01912	0.01549	0.05997	0.18122	0.06269	0.02728	0.13036	0.04668	0.02277	0.00954	0.00678	0.00211	0.00680	0.07261	0.00531	0.03160
1	0.04208	0.01013	0.01254	0.01444	0.10258	0.03652	0.00939	0.06366	0.04545	0.05226	0.07193	0.36560	0.04918	0.03595	0.00848	0.00255	0.00533	0.05885	0.00584	0.00724
2	0.01251	0.00625	0.00625	0.00625	0.00782	0.00625	0.00469	0.01563	0.01407	0.02502	0.02189	0.02502	0.01720	0.00782	0.00469	0.00156	0.00313	0.00625	0.80144	0.00625
3	0.09692	0.08735	0.50721	0.01679	0.02507	0.01636	0.02022	0.07031	0.01529	0.04490	0.01297	0.01575	0.00971	0.00684	0.00610	0.00208	0.00880	0.02422	0.00352	0.00959
4	0.00912	0.00684	0.00845	0.00805	0.00979	0.00617	0.00604	0.01193	0.01811	0.02480	0.56266	0.05359	0.22075	0.01450	0.00792	0.00215	0.00322	0.01262	0.00711	0.00617
5	0.01251	0.00625	0.00625	0.00625	0.00782	0.00625	0.00469	0.01563	0.01407	0.02502	0.02189	0.02502	0.01720	0.00782	0.00469	0.00156	0.00313	0.00625	0.80144	0.00625
6	0.24944	0.01477	0.01920	0.01710	0.06922	0.05780	0.12880	0.04629	0.01420	0.05361	0.03586	0.09110	0.01443	0.00909	0.00925	0.00231	0.14821	0.00706	0.00428	0.00799
7	0.01397	0.05655	0.20131	0.01746	0.11326	0.06482	0.03603	0.03740	0.06566	0.02167	0.09109	0.11428	0.08983	0.01014	0.00688	0.00212	0.00704	0.00866	0.03341	0.00841
8	0.07418	0.05082	0.25204	0.03647	0.07221	0.15934	0.01593	0.05690	0.01607	0.04090	0.05630	0.01884	0.03242	0.03286	0.00770	0.00217	0.03492	0.00580	0.02549	0.00864
9	0.01616	0.07610	0.39035	0.01695	0.02479	0.01587	0.06440	0.09287	0.05769	0.05450	0.01391	0.01540	0.01019	0.00651	0.00623	0.00193	0.00843	0.00528	0.00391	0.11853
10	0.01400	0.00778	0.00982	0.04094	0.01140	0.00750	0.00618	0.01457	0.01187	0.14832	0.02110	0.06092	0.02126	0.46660	0.02508	0.07804	0.00625	0.00878	0.00479	0.03480
11	0.01584	0.01528	0.02644	0.17309	0.56552	0.01579	0.04990	0.01999	0.01495	0.02101	0.01253	0.01691	0.01029	0.00610	0.00671	0.00205	0.00830	0.00606	0.00326	0.00996
12	0.00959	0.00719	0.01078	0.01078	0.01198	0.00839	0.00839	0.01198	0.01078	0.01558	0.01797	0.02636	0.01677	0.05032	0.73760	0.01078	0.01797	0.00719	0.00359	0.00599
13	0.01617	0.01519	0.02416	0.11747	0.51234	0.01596	0.01850	0.02302	0.14529	0.02252	0.01529	0.01833	0.01228	0.00665	0.00668	0.00207	0.00758	0.00628	0.00394	0.01026
14	0.01251	0.00625	0.00625	0.00625	0.00782	0.00625	0.00469	0.01563	0.01407	0.02502	0.02189	0.02502	0.01720	0.00782	0.00469	0.00156	0.00313	0.00625	0.80144	0.00625
15	0.01391	0.01193	0.01391	0.00994	0.01590	0.00894	0.00795	0.01690	0.01391	0.02186	0.01193	0.01391	0.00994	0.00497	0.00497	0.00099	0.00497	0.00398	0.00398	0.80521
16	0.06551	0.01375	0.02258	0.39160	0.33980	0.01537	0.01876	0.01882	0.01410	0.02006	0.01206	0.01688	0.00957	0.00636	0.00652	0.00212	0.00828	0.00582	0.00321	0.00883
17	0.01251	0.00625	0.00625	0.00625	0.00782	0.00625	0.00469	0.01563	0.01407	0.02502	0.02189	0.02502	0.01720	0.00782	0.00469	0.00156	0.00313	0.00625	0.80144	0.00625
18	0.04213	0.00934	0.01108	0.01092	0.01252	0.03752	0.03154	0.06303	0.04443	0.05067	0.02920	0.40905	0.03238	0.12986	0.01191	0.00314	0.00545	0.05358	0.00576	0.00648
19	0.01592	0.01521	0.04341	0.11688	0.55763	0.01496	0.01916	0.01996	0.01541	0.04019	0.06434	0.01929	0.01438	0.00670	0.00674	0.00203	0.00772	0.00642	0.00370	0.00996
20	0.01508	0.01475	0.02620	0.29648	0.39032	0.01570	0.10492	0.01945	0.01467	0.02013	0.01249	0.01726	0.00996	0.00620	0.00683	0.00212	0.00874	0.00622	0.00321	0.00928
21	0.01836	0.01524	0.01611	0.01399	0.01808	0.01747	0.01102	0.16155	0.58159	0.03076	0.02519	0.02334	0.01876	0.00890	0.00681	0.00223	0.00570	0.00729	0.00681	0.01077
22	0.01251	0.00625	0.00625	0.00625	0.00782	0.00625	0.00469	0.01563	0.01407	0.02502	0.02189	0.02502	0.01720	0.00782	0.00469	0.00156	0.00313	0.00625	0.80144	0.00625
23	0.02494	0.01825	0.01954	0.01504	0.02025	0.02018	0.01240	0.67035	0.03079	0.04154	0.01636	0.01649	0.01166	0.00804	0.00662	0.00199	0.00720	0.00605	0.04110	0.01119
24	0.00833	0.00596	0.00792	0.00924	0.00977	0.00555	0.00624	0.00972	0.01355	0.01825	0.11518	0.67842	0.04655	0.02018	0.00849	0.00265	0.00381	0.01828	0.00636	0.00555
25	0.02252	0.04285	0.13859	0.01693	0.10554	0.01219	0.03550	0.02630	0.01704	0.38257	0.04189	0.02003	0.01485	0.00736	0.00649	0.00195	0.00677	0.00618	0.00597	0.08849
26	0.01251	0.00625	0.00625	0.00625	0.00782	0.00625	0.00469	0.01563	0.01407	0.02502	0.02189	0.02502	0.01720	0.00782	0.00469	0.00156	0.00313	0.00625	0.80144	0.00625
27	0.02241	0.01661	0.01786	0.01398	0.01873	0.01809	0.01144	0.57413	0.02885	0.03851	0.07272	0.02391	0.09318	0.00945	0.00693	0.00205	0.00664	0.00738	0.00671	0.01041
28	0.01611	0.01560	0.02709	0.12230	0.60627	0.01588	0.05762	0.02024	0.01509	0.02134	0.01259	0.01684	0.01041	0.00605	0.00672	0.00204	0.00827	0.00608	0.00329	0.01017
29	0.01701	0.03983	0.06905	0.09264	0.29948	0.01493	0.11771	0.04136	0.04570	0.09817	0.01703	0.06339	0.01427	0.00779	0.00697	0.00215	0.00797	0.03057	0.00432	0.00965
30	0.01468	0.01468	0.02055	0.01762	0.01762	0.02055	0.01468	0.01615	0.01028	0.01615	0.00881	0.01468	0.00881	0.01174	0.02202	0.00294	0.75191	0.00587	0.00294	0.00734
31	0.01661	0.01594	0.02724	0.04119	0.72233	0.01594	0.02059	0.02059	0.01528	0.02192	0.01262	0.01661	0.01063	0.00598	0.00664	0.00199	0.00797	0.00598	0.00332	0.01063
32	0.01707	0.01670	0.15062	0.01518	0.05629	0.03865	0.03698	0.08509	0.11225	0.13645	0.14822	0.07858	0.02514	0.04236	0.00822	0.00234	0.00660	0.00837	0.00580	0.00909
33	0.01666	0.11764	0.04789	0.11271	0.05132	0.05287	0.30346	0.04051	0.09597	0.04354	0.01660	0.01922	0.03678	0.00685	0.00692	0.00210	0.00910	0.00688	0.00400	0.00900
34	0.01694	0.56168	0.17618	0.01302	0.01937	0.02329	0.01396	0.04264	0.01419	0.01768	0.01059	0.01298	0.00932	0.03660	0.00602	0.00180	0.00772	0.00420	0.00304	0.00879
35	0.09458	0.13288	0.08346	0.01736	0.07732	0.24042	0.03830	0.12803	0.01863	0.08996	0.01298	0.01419	0.00990	0.00682	0.00593	0.00187	0.00886	0.00496	0.00433	0.00922
36	0.01251	0.00625	0.00625	0.00625	0.00782	0.00625	0.00469	0.01563	0.01407	0.02502	0.02189	0.02502	0.01720	0.00782	0.00469	0.00156	0.00313	0.00625	0.80144	0.00625
37	0.02361	0.09352	0.02100	0.01481	0.02001	0.02085	0.01235	0.54577	0.11749	0.03779	0.01688	0.01673	0.01230	0.00796	0.00649	0.00199	0.00709	0.00599	0.00634	0.01103
38	0.81159	0.01298	0.00986	0.00882	0.01298	0.01505	0.00727	0.01972	0.01142	0.03010	0.00934	0.01090	0.00727	0.00623	0.00415	0.00208	0.00519	0.00363	0.00415	0.00727
39	0.01305	0.01306	0.04754	0.01799	0.10367	0.01225	0.15313	0.02011	0.17333	0.02217	0.07271	0.09820	0.17729	0.01130	0.00756	0.00229	0.00642	0.03429	0.00535	0.00830
40	0.08358	0.01395	0.01650	0.04362	0.04908	0.03477	0.01109	0.15596	0.10729	0.35194	0.04758	0.02119	0.01636	0.00820	0.00657	0.00208	0.00626	0.00655	0.00690	0.01052
41	0.07433	0.10086	0.02042	0.01541	0.01779	0.10606	0.03040	0.08988	0.04250	0.02043	0.01171	0.01557	0.01029	0.01358	0.09098	0.00326	0.31929	0.00555	0.00371	0.00799

[dist]
# distance from previous block
# <min> <max>
0	1

[block]
# block no. 1 follows, 32 sequences, length 15
# corresponding to MSA columns:
# 88-102
name=unknown_B
#
# <colnr> <probs for GDERKNQSTAVLIFYWHMCP>
#	G	D	E	R	K	N	Q	S	T	A	V	L	I	F	Y	W	H	M	C	P
0	0.01662	0.01270	0.01456	0.01108	0.01638	0.01124	0.00887	0.10204	0.10568	0.08163	0.03668	0.01914	0.03936	0.00681	0.00575	0.00144	0.00526	0.00550	0.00519	0.49407
1	0.01812	0.01417	0.01799	0.01807	0.12622	0.01529	0.04273	0.06663	0.40711	0.10682	0.07373	0.02451	0.02067	0.00865	0.00691	0.00218	0.00599	0.00750	0.00634	0.01037
2	0.01711	0.09392	0.23176	0.01902	0.10802	0.05269	0.06055	0.08900	0.05857	0.07480	0.09360	0.02135	0.01736	0.00785	0.00662	0.00205	0.00794	0.02369	0.00458	0.00951
3	0.00959	0.00719	0.01078	0.01078	0.01198	0.00839	0.00839	0.01198	0.01078	0.01558	0.01797	0.02636	0.01677	0.05032	0.73760	0.01078	0.01797	0.00719	0.00359	0.00599
4	0.00859	0.00678	0.00777	0.00776	0.00962	0.00595	0.00582	0.01080	0.01637	0.02112	0.28660	0.11355	0.41800	0.01624	0.00802	0.00228	0.00346	0.03874	0.00662	0.00589
5	0.02294	0.05327	0.06426	0.01424	0.02000	0.01774	0.01239	0.44792	0.02551	0.10330	0.01586	0.01603	0.01136	0.00736	0.00630	0.00183	0.00698	0.00559	0.00599	0.14113
6	0.02101	0.01827	0.02082	0.18137	0.10487	0.10290	0.01507	0.35564	0.02306	0.02995	0.01372	0.01601	0.01031	0.00759	0.00747	0.00208	0.04935	0.00581	0.00491	0.00979
7	0.05994	0.18414	0.44252	0.04147	0.02628	0.01797	0.07162	0.02131	0.03832	0.02073	0.01197	0.01407	0.00901	0.00629	0.00596	0.00200	0.00899	0.00495	0.00310	0.00937
8	0.01868	0.12033	0.08007	0.03887	0.08327	0.03616	0.05497	0.08203	0.17707	0.13261	0.07076	0.02226	0.03732	0.00813	0.00655	0.00204	0.00688	0.00681	0.00545	0.00975
9	0.00832	0.00611	0.00754	0.00860	0.00931	0.00562	0.00575	0.00945	0.01295	0.01683	0.04113	0.53880	0.17361	0.10899	0.01150	0.00309	0.00411	0.01700	0.00597	0.00533
10	0.01635	0.01568	0.02677	0.08708	0.67844	0.01588	0.02047	0.02037	0.01516	0.02161	0.01258	0.01669	0.01052	0.00603	0.00665	0.00201	0.00803	0.00598	0.00330	0.01042
11	0.22614	0.04257	0.13774	0.01839	0.09044	0.07222	0.11319	0.07918	0.01610	0.10554	0.01332	0.01503	0.00983	0.00671	0.00641	0.00207	0.02626	0.00537	0.00431	0.00920
12	0.02694	0.01452	0.10366	0.01323	0.01863	0.01134	0.01205	0.03010	0.01794	0.58885	0.02342	0.02118	0.01505	0.00832	0.00781	0.00214	0.06018	0.00646	0.00724	0.01094
13	0.01830	0.73110	0.03435	0.01177	0.01740	0.06239	0.01156	0.02043	0.01391	0.01582	0.00938	0.01083	0.00861	0.00580	0.00439	0.00145	0.00742	0.00362	0.00290	0.00857
14	0.01750	0.50155	0.02809	0.01225	0.01730	0.02306	0.01118	0.02560	0.26007	0.02013	0.01569	0.01581	0.01281	0.00693	0.00520	0.00173	0.00652	0.00500	0.00427	0.00932

[dist]
# distance from previous block
# <min> <max>
0	1

[block]
# block no. 2 follows, 32 sequences, length 40
# corresponding to MSA columns:
# 104-143
name=unknown_C
#
# <colnr> <probs for GDERKNQSTAVLIFYWHMCP>
#	G	D	E	R	K	N	Q	S	T	A	V	L	I	F	Y	W	H	M	C	P
0	0.01765	0.01847	0.11810	0.07548	0.39420	0.05723	0.01824	0.05544	0.01637	0.07976	0.03019	0.01721	0.01184	0.00655	0.00652	0.00196	0.00803	0.00584	0.00395	0.05697
1	0.01578	0.22664	0.07525	0.04089	0.01922	0.06215	0.01425	0.01806	0.01213	0.01644	0.00983	0.01408	0.00911	0.01112	0.04943	0.00275	0.38691	0.00515	0.00297	0.00784
2	0.10279	0.03228	0.64889	0.01797	0.02724	0.01552	0.02283	0.02108	0.01386	0.02224	0.01174	0.01380	0.00836	0.00636	0.00613	0.00212	0.00939	0.00481	0.00298	0.00962
3	0.01889	0.01591	0.01683	0.10059	0.02136	0.09114	0.01240	0.27994	0.13049	0.02889	0.02152	0.07083	0.01912	0.01060	0.00723	0.00229	0.00731	0.12968	0.00583	0.00914
4	0.02506	0.03198	0.01901	0.01729	0.02074	0.73725	0.01296	0.02679	0.01901	0.01642	0.01037	0.01210	0.00864	0.00691	0.00605	0.00173	0.01210	0.00432	0.00346	0.00778
5	0.01482	0.01043	0.01400	0.01348	0.06136	0.01095	0.00981	0.01743	0.03261	0.13706	0.11399	0.13533	0.09097	0.04191	0.01146	0.00247	0.16254	0.02744	0.00554	0.08643
6	0.00912	0.00637	0.00843	0.00941	0.01031	0.00607	0.00665	0.01068	0.01339	0.03856	0.06705	0.52965	0.10600	0.02330	0.09418	0.00360	0.00560	0.03985	0.00603	0.00577
7	0.00940	0.00685	0.00883	0.00834	0.00996	0.00629	0.00625	0.01247	0.01876	0.02635	0.67742	0.05104	0.10503	0.01393	0.00791	0.00212	0.00318	0.01226	0.00731	0.00629
8	0.01584	0.01810	0.03959	0.02828	0.03507	0.01697	0.69796	0.02149	0.01584	0.02149	0.01357	0.01810	0.01018	0.00566	0.00792	0.00226	0.01131	0.00792	0.00339	0.00905
9	0.01267	0.01193	0.02013	0.74806	0.04621	0.01491	0.01863	0.01714	0.01342	0.01714	0.01193	0.01789	0.00894	0.00671	0.00671	0.00224	0.00894	0.00596	0.00298	0.00745
10	0.01794	0.76823	0.03516	0.01148	0.01722	0.02655	0.01148	0.02009	0.01363	0.01579	0.00933	0.01076	0.00861	0.00574	0.00431	0.00144	0.00718	0.00359	0.00287	0.00861
11	0.00962	0.00704	0.01002	0.01002	0.01095	0.00797	0.00743	0.01149	0.01056	0.01501	0.01867	0.03023	0.01845	0.20773	0.58249	0.00984	0.01544	0.00776	0.00370	0.00557
12	0.02367	0.02976	0.02060	0.01810	0.02155	0.63484	0.06210	0.02566	0.01817	0.01677	0.01049	0.01271	0.00876	0.00717	0.00732	0.00185	0.06456	0.00469	0.00342	0.00784
13	0.00972	0.00666	0.00812	0.00812	0.00839	0.00694	0.00506	0.01027	0.00999	0.01360	0.02041	0.03986	0.02264	0.59957	0.19637	0.00749	0.00915	0.00917	0.00396	0.00451
14	0.00818	0.00584	0.00779	0.00934	0.00973	0.00545	0.00623	0.00934	0.01285	0.01713	0.03698	0.75981	0.04438	0.02102	0.00856	0.00273	0.00389	0.01908	0.00623	0.00545
15	0.01495	0.01382	0.01305	0.01221	0.01522	0.10359	0.00948	0.04829	0.32445	0.02358	0.05513	0.07736	0.17003	0.01219	0.00733	0.00230	0.00578	0.07666	0.00619	0.00839
16	0.34987	0.01917	0.02010	0.01866	0.10465	0.19493	0.14050	0.04006	0.01514	0.02443	0.01097	0.01338	0.00867	0.00631	0.00570	0.00201	0.00845	0.00496	0.00381	0.00824
17	0.00918	0.00664	0.00862	0.00968	0.01068	0.00631	0.00725	0.01104	0.01415	0.01862	0.10141	0.35845	0.11395	0.08613	0.01095	0.00307	0.00467	0.20745	0.00613	0.00564
18	0.07219	0.02000	0.02322	0.08374	0.42636	0.22039	0.01739	0.02204	0.01594	0.02056	0.01171	0.01504	0.00972	0.00631	0.00631	0.00194	0.00903	0.00535	0.00339	0.00936
19	0.01267	0.01193	0.02013	0.74806	0.04621	0.01491	0.01863	0.01714	0.01342	0.01714	0.01193	0.01789	0.00894	0.00671	0.00671	0.00224	0.00894	0.00596	0.00298	0.00745
20	0.01534	0.05375	0.13738	0.08093	0.17437	0.01507	0.07581	0.06881	0.06785	0.03825	0.03474	0.02529	0.01592	0.01130	0.05652	0.00280	0.02738	0.08517	0.00426	0.00907
21	0.00877	0.00645	0.00826	0.00869	0.00982	0.00601	0.00618	0.01080	0.01530	0.02076	0.29765	0.33838	0.13842	0.03926	0.05070	0.00299	0.00443	0.01487	0.00646	0.00581
22	0.01527	0.02933	0.49759	0.02062	0.02914	0.03475	0.16513	0.05379	0.01550	0.03957	0.01280	0.01526	0.00920	0.00649	0.00709	0.00216	0.02762	0.00568	0.00329	0.00973
23	0.00864	0.00633	0.00811	0.00871	0.00976	0.00580	0.00614	0.01062	0.01543	0.02090	0.29577	0.41341	0.12992	0.01782	0.00825	0.00244	0.00356	0.01591	0.00666	0.00580
24	0.01425	0.06571	0.05125	0.01910	0.06506	0.05522	0.22406	0.05028	0.01521	0.02006	0.02098	0.25689	0.02175	0.01161	0.00851	0.00236	0.05522	0.03018	0.00446	0.00784
25	0.01619	0.01444	0.02400	0.05645	0.57256	0.01438	0.01834	0.01992	0.01543	0.05582	0.01838	0.02418	0.05727	0.00770	0.00692	0.00210	0.00748	0.05455	0.00394	0.00994
26	0.04213	0.04251	0.12506	0.21583	0.11609	0.06648	0.06235	0.02029	0.07152	0.02055	0.03426	0.02603	0.01567	0.00854	0.00693	0.00225	0.00832	0.10279	0.00399	0.00843
27	0.07774	0.71132	0.03325	0.01128	0.01690	0.02568	0.01116	0.02006	0.01347	0.01687	0.00933	0.01077	0.00851	0.00578	0.00429	0.00148	0.00703	0.00359	0.00297	0.00851
28	0.45064	0.01381	0.01345	0.01099	0.01566	0.01496	0.00907	0.16581	0.01760	0.20735	0.01506	0.01499	0.01048	0.00713	0.00534	0.00206	0.00578	0.00492	0.00573	0.00918
29	0.04485	0.01363	0.02238	0.18525	0.36011	0.01433	0.06235	0.04362	0.01465	0.02071	0.01485	0.06225	0.01354	0.08774	0.00969	0.00259	0.00789	0.00717	0.00366	0.00874
30	0.01643	0.01414	0.01925	0.04182	0.06743	0.05203	0.12297	0.14470	0.11662	0.04475	0.08147	0.12400	0.02423	0.01097	0.00753	0.00231	0.00707	0.08791	0.00564	0.00872
31	0.01560	0.01517	0.02401	0.12310	0.54126	0.04317	0.01851	0.01933	0.01520	0.02074	0.01795	0.02136	0.08087	0.00720	0.00676	0.00204	0.00780	0.00673	0.00357	0.00964
32	0.02327	0.02879	0.01823	0.01655	0.01980	0.62343	0.01248	0.02623	0.06522	0.01780	0.05206	0.01523	0.01258	0.00761	0.00673	0.00183	0.03535	0.00504	0.00389	0.00787
33	0.06989	0.01555	0.02572	0.07351	0.64162	0.01583	0.01960	0.02037	0.01493	0.02224	0.01237	0.01629	0.01032	0.00603	0.00648	0.00201	0.00783	0.00582	0.00336	0.01025
34	0.06040	0.01445	0.02068	0.46926	0.18018	0.06965	0.01757	0.01963	0.04811	0.01935	0.01255	0.01714	0.00974	0.00666	0.00650	0.00214	0.00859	0.00579	0.00334	0.00828
35	0.01544	0.01068	0.01159	0.01045	0.01334	0.05775	0.00820	0.03823	0.10087	0.15487	0.24834	0.04361	0.18362	0.01262	0.00752	0.00220	0.00489	0.06105	0.00687	0.00787
36	0.00843	0.00598	0.00783	0.00908	0.00952	0.00562	0.00603	0.00963	0.01301	0.01747	0.08683	0.63734	0.04388	0.09209	0.01098	0.00304	0.00409	0.01765	0.00611	0.00538
37	0.13279	0.01486	0.02278	0.11904	0.04969	0.06549	0.22397	0.01955	0.01458	0.05969	0.05105	0.04648	0.01484	0.01045	0.04990	0.00274	0.06509	0.02490	0.00408	0.00801
38	0.11509	0.03781	0.04313	0.01609	0.07022	0.03584	0.09087	0.14785	0.04416	0.07720	0.01670	0.01963	0.03127	0.00729	0.00618	0.00186	0.00692	0.03487	0.00488	0.19214
39	0.09562	0.01449	0.01730	0.03787	0.01890	0.08953	0.09351	0.10488	0.03847	0.20846	0.07201	0.02513	0.06124	0.05859	0.03203	0.00265	0.00744	0.00731	0.00576	0.00882

[dist]
# distance from previous block
# <min> <max>
6	35

[block]
# block no. 3 follows, 32 sequences, length 48
# corresponding to MSA columns:
# 179-226
name=unknown_D
#
# <colnr> <probs for GDERKNQSTAVLIFYWHMCP>
#	G	D	E	R	K	N	Q	S	T	A	V	L	I	F	Y	W	H	M	C	P
0	0.03796	0.07421	0.28051	0.02145	0.15605	0.06580	0.05191	0.11214	0.01751	0.06299	0.04671	0.01681	0.01241	0.00693	0.00642	0.00201	0.00857	0.00571	0.00407	0.00982
1	0.08992	0.01028	0.01216	0.00993	0.01352	0.00986	0.05344	0.08422	0.01606	0.06705	0.02290	0.02439	0.08717	0.00803	0.00556	0.00171	0.00480	0.00655	0.32431	0.14814
2	0.03956	0.01519	0.02389	0.12231	0.08684	0.03328	0.20358	0.06993	0.01570	0.02246	0.01249	0.01593	0.00987	0.00614	0.00713	0.00183	0.04389	0.00577	0.00376	0.26044
3	0.01463	0.01352	0.02162	0.41155	0.15925	0.01593	0.04205	0.07302	0.01519	0.02054	0.04558	0.01866	0.01205	0.00760	0.00868	0.00226	0.09965	0.00632	0.00356	0.00833
4	0.00918	0.00704	0.00845	0.00823	0.01000	0.00645	0.00612	0.01234	0.04409	0.02342	0.43375	0.11797	0.25792	0.01519	0.00794	0.00222	0.00339	0.01320	0.00691	0.00622
5	0.00930	0.00739	0.00823	0.00809	0.01013	0.00675	0.00613	0.04312	0.01600	0.02019	0.14711	0.09200	0.46155	0.04718	0.04931	0.00293	0.00465	0.04776	0.00618	0.00600
6	0.01267	0.01193	0.02013	0.74806	0.04621	0.01491	0.01863	0.01714	0.01342	0.01714	0.01193	0.01789	0.00894	0.00671	0.00671	0.00224	0.00894	0.00596	0.00298	0.00745
7	0.01267	0.01193	0.02013	0.74806	0.04621	0.01491	0.01863	0.01714	0.01342	0.01714	0.01193	0.01789	0.00894	0.00671	0.00671	0.00224	0.00894	0.00596	0.00298	0.00745
8	0.81159	0.01298	0.00986	0.00882	0.01298	0.01505	0.00727	0.01972	0.01142	0.03010	0.00934	0.01090	0.00727	0.00623	0.00415	0.00208	0.00519	0.00363	0.00415	0.00727
9	0.01071	0.00713	0.00936	0.00865	0.01044	0.00654	0.00654	0.01384	0.01901	0.06817	0.67799	0.04851	0.06056	0.01340	0.00785	0.00211	0.00332	0.01182	0.00744	0.00663
10	0.02102	0.02555	0.06101	0.08622	0.08868	0.44090	0.01442	0.05493	0.03539	0.01903	0.01215	0.01471	0.00987	0.00860	0.03307	0.00220	0.02810	0.00503	0.03084	0.00825
11	0.01251	0.00625	0.00625	0.00625	0.00782	0.00625	0.00469	0.01563	0.01407	0.02502	0.02189	0.02502	0.01720	0.00782	0.00469	0.00156	0.00313	0.00625	0.80144	0.00625
12	0.00985	0.00653	0.00841	0.00927	0.01040	0.00597	0.00658	0.01143	0.01415	0.06593	0.08094	0.52545	0.14287	0.01899	0.00835	0.00260	0.00403	0.05583	0.00643	0.00598
13	0.00909	0.00657	0.00875	0.01002	0.01086	0.00632	0.00734	0.01134	0.03227	0.01900	0.10246	0.52430	0.04434	0.01947	0.00861	0.00273	0.00435	0.16001	0.00635	0.00583
14	0.00831	0.00595	0.00791	0.00925	0.00976	0.00554	0.00624	0.00969	0.01349	0.01814	0.10781	0.68608	0.04635	0.02026	0.00850	0.00266	0.00382	0.01835	0.00635	0.00554
15	0.01391	0.01193	0.01391	0.00994	0.01590	0.00894	0.00795	0.01690	0.01391	0.02186	0.01193	0.01391	0.00994	0.00497	0.00497	0.00099	0.00497	0.00398	0.00398	0.80521
16	0.01579	0.01546	0.02465	0.25822	0.48039	0.04982	0.01963	0.01982	0.01488	0.02019	0.01230	0.01679	0.01001	0.00625	0.00663	0.00206	0.00847	0.00590	0.00322	0.00951
17	0.81159	0.01298	0.00986	0.00882	0.01298	0.01505	0.00727	0.01972	0.01142	0.03010	0.00934	0.01090	0.00727	0.00623	0.00415	0.00208	0.00519	0.00363	0.00415	0.00727
18	0.01081	0.00772	0.01081	0.01236	0.01390	0.00772	0.01081	0.01390	0.01545	0.02008	0.03553	0.07569	0.03862	0.01854	0.00927	0.00309	0.00618	0.67717	0.00618	0.00618
19	0.01732	0.01821	0.03662	0.02632	0.03289	0.01756	0.59318	0.12525	0.01824	0.02467	0.01396	0.01780	0.01037	0.00602	0.00773	0.00222	0.01071	0.00763	0.00390	0.00941
20	0.01302	0.01228	0.02075	0.68564	0.10592	0.01500	0.01881	0.01745	0.01358	0.01757	0.01199	0.01778	0.00909	0.00664	0.00670	0.00221	0.00886	0.00596	0.00301	0.00773
21	0.02598	0.01803	0.01966	0.01508	0.02043	0.01967	0.01245	0.63075	0.03027	0.11331	0.01718	0.01681	0.01195	0.00808	0.00672	0.00202	0.00721	0.00611	0.00688	0.01141
22	0.01317	0.00960	0.01227	0.01137	0.01357	0.00963	0.03986	0.16113	0.01817	0.04236	0.11219	0.38478	0.07652	0.01571	0.00790	0.00242	0.00497	0.03280	0.02436	0.00722
23	0.01557	0.01376	0.02585	0.03673	0.02504	0.01318	0.35395	0.06695	0.01640	0.07650	0.02243	0.09373	0.05661	0.01069	0.00902	0.04959	0.00848	0.09264	0.00473	0.00814
24	0.02506	0.03198	0.01901	0.01729	0.02074	0.73725	0.01296	0.02679	0.01901	0.01642	0.01037	0.01210	0.00864	0.00691	0.00605	0.00173	0.01210	0.00432	0.00346	0.00778
25	0.01519	0.01450	0.02468	0.29514	0.47943	0.01557	0.01989	0.01935	0.01461	0.02020	0.01237	0.01707	0.01002	0.00624	0.00667	0.00208	0.00832	0.00597	0.00320	0.00949
26	0.02551	0.01879	0.02014	0.01544	0.02081	0.02081	0.01275	0.69996	0.03155	0.04229	0.01611	0.01611	0.01141	0.00805	0.00671	0.00201	0.00738	0.00604	0.00671	0.01141
27	0.01611	0.01543	0.02634	0.13055	0.63685	0.01581	0.02034	0.02016	0.01504	0.02132	0.01253	0.01677	0.01042	0.00607	0.00665	0.00202	0.00809	0.00598	0.00328	0.01023
28	0.01166	0.00583	0.00874	0.00874	0.00874	0.00583	0.00583	0.00874	0.00874	0.01166	0.01166	0.02040	0.01166	0.02331	0.02622	0.80478	0.00583	0.00583	0.00291	0.00291
29	0.01732	0.66631	0.13162	0.01254	0.01886	0.02503	0.01333	0.02025	0.01371	0.01655	0.00971	0.01124	0.00860	0.00583	0.00459	0.00153	0.00756	0.00378	0.00287	0.00879
30	0.01700	0.01661	0.02632	0.03885	0.65846	0.04907	0.01979	0.02155	0.04669	0.02195	0.01318	0.01678	0.01098	0.00616	0.00662	0.00199	0.00804	0.00597	0.00349	0.01050
31	0.02215	0.01485	0.01615	0.01268	0.01779	0.06190	0.01021	0.15665	0.13136	0.23578	0.01942	0.01865	0.01381	0.00735	0.00620	0.00177	0.00619	0.00580	0.00621	0.23507
32	0.01159	0.00683	0.00921	0.01002	0.01122	0.00632	0.00722	0.01316	0.01403	0.11934	0.03532	0.58408	0.03980	0.01894	0.00838	0.00267	0.00439	0.08457	0.00652	0.00638
33	0.05457	0.63549	0.03186	0.01214	0.01750	0.12140	0.01149	0.02097	0.01426	0.01652	0.00947	0.01095	0.00855	0.00592	0.00453	0.00150	0.00775	0.00369	0.00301	0.00844
34	0.01099	0.00896	0.01290	0.03316	0.01493	0.00909	0.08004	0.01611	0.13630	0.02030	0.04913	0.44037	0.03446	0.01595	0.00798	0.00253	0.00514	0.05109	0.04367	0.00690
35	0.00975	0.00654	0.00751	0.00751	0.00758	0.00661	0.00430	0.00988	0.00981	0.01315	0.02097	0.04294	0.02397	0.72474	0.07302	0.00674	0.00714	0.00962	0.00404	0.00417
36	0.00985	0.00717	0.00911	0.00858	0.01013	0.00682	0.00633	0.01346	0.04989	0.02573	0.62546	0.04842	0.05791	0.07978	0.01018	0.00251	0.00356	0.01172	0.00707	0.00633
37	0.08230	0.00646	0.00884	0.00875	0.00912	0.00664	0.00595	0.00971	0.00898	0.01328	0.01145	0.01956	0.01127	0.02180	0.02427	0.73389	0.00577	0.00563	0.00302	0.00330
38	0.02133	0.01633	0.01755	0.01436	0.01882	0.01821	0.01154	0.43923	0.23396	0.03579	0.02132	0.08447	0.01705	0.00952	0.00691	0.00216	0.00645	0.00766	0.00670	0.01065
39	0.00823	0.00660	0.00736	0.00762	0.00936	0.00572	0.00554	0.01005	0.01534	0.01930	0.16454	0.21475	0.46729	0.01736	0.00807	0.00234	0.00347	0.01492	0.00641	0.00572
40	0.01448	0.03447	0.66669	0.01896	0.02831	0.07931	0.02375	0.02174	0.01459	0.02082	0.01189	0.01398	0.00851	0.00642	0.00635	0.00209	0.01011	0.00490	0.00289	0.00973
41	0.08219	0.00651	0.00885	0.00873	0.00918	0.00667	0.00598	0.00990	0.00946	0.01401	0.04497	0.02097	0.01372	0.02135	0.02341	0.69584	0.00565	0.00593	0.00324	0.00346
42	0.01116	0.00767	0.00888	0.00849	0.01059	0.00716	0.00637	0.03853	0.04699	0.06419	0.24326	0.14607	0.27443	0.01458	0.00756	0.00220	0.00374	0.01251	0.07899	0.00665
43	0.00848	0.00632	0.00807	0.00883	0.00985	0.00590	0.00622	0.01021	0.01420	0.01888	0.15960	0.43989	0.17332	0.02158	0.07271	0.00324	0.00492	0.01589	0.00620	0.00569
44	0.01284	0.00706	0.00837	0.00817	0.00973	0.00675	0.00594	0.01491	0.01408	0.10377	0.08084	0.12048	0.06829	0.17249	0.02939	0.00319	0.00478	0.04901	0.27362	0.00627
45	0.05406	0.11261	0.01892	0.05620	0.03420	0.01560	0.01101	0.14731	0.04214	0.06340	0.01364	0.01562	0.01085	0.00892	0.04172	0.00213	0.07265	0.00506	0.00451	0.26946
46	0.01626	0.09319	0.01955	0.03091	0.03274	0.01329	0.08669	0.09953	0.03509	0.06547	0.07975	0.02496	0.01845	0.00806	0.00637	0.00177	0.00637	0.07579	0.00495	0.28082
47	0.13822	0.11798	0.07463	0.05660	0.13344	0.05971	0.17051	0.05222	0.05376	0.02281	0.01423	0.01668	0.03019	0.00659	0.00621	0.00200	0.00826	0.00586	0.00381	0.02630

[dist]
# distance from previous block
# <min> <max>
0	20

[block]
# block no. 4 follows, 32 sequences, length 38
# corresponding to MSA columns:
# 247-284
name=unknown_E
#
# <colnr> <probs for GDERKNQSTAVLIFYWHMCP>
#	G	D	E	R	K	N	Q	S	T	A	V	L	I	F	Y	W	H	M	C	P
0	0.04448	0.13381	0.29259	0.01562	0.04937	0.06083	0.02991	0.04732	0.05050	0.02100	0.02320	0.05063	0.13587	0.00890	0.00640	0.00204	0.00771	0.00709	0.00404	0.00868
1	0.01538	0.01553	0.10681	0.01547	0.07120	0.03831	0.03740	0.04341	0.11538	0.07413	0.10595	0.06164	0.04111	0.03973	0.00902	0.00222	0.06451	0.00765	0.00508	0.13007
2	0.00992	0.00779	0.04441	0.00857	0.00943	0.00665	0.00605	0.01052	0.01173	0.01590	0.11945	0.14309	0.05374	0.37208	0.02328	0.13165	0.00563	0.01071	0.00466	0.00475
3	0.01756	0.01634	0.04473	0.03717	0.20719	0.05612	0.07765	0.13506	0.13124	0.04277	0.07857	0.02181	0.01740	0.03018	0.02877	0.00248	0.03343	0.00700	0.00494	0.00958
4	0.01408	0.01376	0.01925	0.01666	0.01676	0.01903	0.01376	0.01556	0.01029	0.01598	0.01003	0.01678	0.01006	0.04519	0.07861	0.00370	0.66423	0.00613	0.00303	0.00710
5	0.01042	0.00780	0.00930	0.00918	0.01091	0.00774	0.00677	0.01554	0.12946	0.02380	0.33275	0.21176	0.11384	0.01458	0.00766	0.00226	0.00371	0.01280	0.06296	0.00675
6	0.02462	0.01906	0.01959	0.01536	0.02048	0.05790	0.01256	0.59991	0.09712	0.03955	0.01690	0.01677	0.01215	0.00810	0.00669	0.00202	0.00743	0.00610	0.00655	0.01114
7	0.01468	0.01468	0.02055	0.01762	0.01762	0.02055	0.01468	0.01615	0.01028	0.01615	0.00881	0.01468	0.00881	0.01174	0.02202	0.00294	0.75191	0.00587	0.00294	0.00734
8	0.01287	0.01213	0.02049	0.71224	0.08047	0.01496	0.01873	0.01732	0.01351	0.01739	0.01196	0.01782	0.00903	0.00667	0.00671	0.00222	0.00890	0.00596	0.00300	0.00761
9	0.01610	0.01650	0.01242	0.01154	0.01412	0.27953	0.00867	0.01804	0.01714	0.05897	0.14721	0.03921	0.22920	0.06430	0.00904	0.00236	0.00707	0.03642	0.00535	0.00680
10	0.01627	0.01591	0.02808	0.08558	0.60578	0.01598	0.09220	0.02046	0.01522	0.02157	0.01268	0.01685	0.01047	0.00599	0.00678	0.00204	0.00839	0.00618	0.00331	0.01026
11	0.01346	0.03471	0.72942	0.01912	0.02904	0.01558	0.02479	0.02125	0.01417	0.02125	0.01204	0.01417	0.00850	0.00637	0.00637	0.00212	0.00992	0.00496	0.00283	0.00992
12	0.01684	0.04440	0.08160	0.01581	0.02051	0.05794	0.08482	0.03183	0.51129	0.02567	0.02291	0.02210	0.01724	0.00825	0.00677	0.00220	0.00680	0.00706	0.00578	0.01016
13	0.01971	0.47455	0.06895	0.01306	0.01861	0.07022	0.01237	0.16287	0.01789	0.04034	0.01240	0.03893	0.01067	0.00694	0.00526	0.00168	0.00754	0.00486	0.00397	0.00918
14	0.04483	0.01537	0.03654	0.06679	0.06259	0.01600	0.01194	0.27191	0.17515	0.02992	0.01806	0.03526	0.01447	0.06465	0.00853	0.00232	0.00663	0.00656	0.00553	0.10694
15	0.00836	0.00620	0.00781	0.00870	0.00966	0.00565	0.00603	0.00999	0.01440	0.01905	0.16392	0.50117	0.17660	0.01896	0.00833	0.00253	0.00367	0.01691	0.00643	0.00565
16	0.05493	0.00817	0.01001	0.00919	0.01145	0.00769	0.00695	0.04105	0.01749	0.13363	0.35683	0.14775	0.11271	0.04138	0.00856	0.00237	0.00408	0.01176	0.00693	0.00708
17	0.04769	0.24228	0.37712	0.01726	0.02464	0.01925	0.08394	0.02047	0.01375	0.01965	0.01104	0.01347	0.00867	0.00654	0.00708	0.00200	0.06818	0.00487	0.00296	0.00914
18	0.37697	0.01121	0.01013	0.00888	0.01227	0.01237	0.00715	0.11231	0.01546	0.05467	0.01557	0.01732	0.01188	0.00715	0.00480	0.00188	0.00474	0.00505	0.30257	0.00761
19	0.00959	0.00727	0.00913	0.00998	0.01175	0.00681	0.00829	0.01211	0.01553	0.01969	0.09021	0.09283	0.28946	0.01775	0.00867	0.00271	0.00490	0.37108	0.00627	0.00598
20	0.59393	0.01459	0.01271	0.01066	0.01514	0.01665	0.00879	0.20807	0.01699	0.03348	0.01122	0.01234	0.00841	0.00673	0.00486	0.00206	0.00580	0.00430	0.00486	0.00841
21	0.01826	0.01926	0.02505	0.07292	0.53258	0.17460	0.01881	0.02178	0.01600	0.02046	0.01209	0.01568	0.01010	0.00622	0.00652	0.00195	0.00893	0.00561	0.00333	0.00984
22	0.01440	0.01207	0.01363	0.01150	0.01474	0.07913	0.06845	0.10240	0.01882	0.07322	0.18543	0.04329	0.31084	0.01259	0.00751	0.00214	0.00555	0.01068	0.00617	0.00744
23	0.00895	0.00684	0.00820	0.00786	0.00969	0.00610	0.00590	0.01159	0.01769	0.02382	0.48969	0.05521	0.29434	0.01487	0.00792	0.00217	0.00325	0.01285	0.00698	0.00610
24	0.01053	0.00824	0.01276	0.01132	0.01270	0.00857	0.09415	0.01226	0.01104	0.01538	0.01895	0.03328	0.01942	0.36929	0.30646	0.00753	0.01154	0.00843	0.02261	0.00551
25	0.06955	0.32264	0.20753	0.01558	0.02210	0.07915	0.08047	0.04960	0.03459	0.04460	0.01188	0.01348	0.00937	0.00630	0.00556	0.00182	0.00845	0.00473	0.00350	0.00910
26	0.01661	0.01594	0.02724	0.04119	0.72233	0.01594	0.02059	0.02059	0.01528	0.02192	0.01262	0.01661	0.01063	0.00598	0.00664	0.00199	0.00797	0.00598	0.00332	0.01063
27	0.01214	0.00629	0.00632	0.00632	0.00787	0.00623	0.00469	0.01507	0.01398	0.02417	0.02448	0.02797	0.05741	0.03673	0.00598	0.00179	0.00327	0.00684	0.72629	0.00614
28	0.01481	0.01137	0.01333	0.03937	0.07649	0.08157	0.04792	0.04510	0.01617	0.04954	0.10613	0.05675	0.02237	0.01008	0.02342	0.00210	0.00588	0.03109	0.33913	0.00736
29	0.01500	0.09630	0.51016	0.05577	0.05562	0.04626	0.02144	0.04442	0.05448	0.02147	0.01275	0.01475	0.00940	0.00655	0.00624	0.00205	0.00929	0.00509	0.00324	0.00971
30	0.01141	0.00910	0.03881	0.03449	0.01211	0.03698	0.00753	0.01264	0.01240	0.05166	0.02717	0.19056	0.07481	0.27222	0.06374	0.06233	0.00679	0.06486	0.00483	0.00555
31	0.01039	0.00743	0.00969	0.00956	0.01044	0.00809	0.00676	0.04692	0.01161	0.01607	0.02047	0.08452	0.02145	0.32776	0.37029	0.00807	0.01190	0.00898	0.00413	0.00548
32	0.13073	0.07725	0.02024	0.06350	0.06066	0.17582	0.07436	0.06779	0.01633	0.08511	0.01312	0.01523	0.01018	0.00697	0.00689	0.00192	0.05666	0.00521	0.04725	0.06478
33	0.03305	0.03007	0.01072	0.03054	0.03579	0.03406	0.00757	0.05519	0.01491	0.01982	0.03668	0.29884	0.20059	0.06117	0.00910	0.00256	0.00490	0.03138	0.04722	0.03583
34	0.01995	0.01745	0.15372	0.04262	0.07669	0.01315	0.04963	0.10112	0.01767	0.22741	0.01832	0.01884	0.03220	0.00721	0.00672	0.00190	0.02193	0.00597	0.00525	0.16223
35	0.09377	0.03953	0.09974	0.05257	0.03748	0.12070	0.01262	0.08322	0.10954	0.04978	0.03558	0.01843	0.03769	0.00765	0.00688	0.00192	0.04623	0.00571	0.00459	0.13636
36	0.06394	0.05748	0.17655	0.01733	0.08803	0.03630	0.03725	0.12725	0.10753	0.11781	0.03088	0.04778	0.01432	0.00783	0.00643	0.00204	0.00732	0.00640	0.00509	0.04244
37	0.08665	0.15786	0.20657	0.01576	0.06904	0.05378	0.01458	0.07901	0.07048	0.04044	0.03779	0.04228	0.01332	0.00734	0.00587	0.00190	0.00738	0.00567	0.02022	0.06406

[dist]
# distance from previous block
# <min> <max>
0	55

[block]
# block no. 5 follows, 32 sequences, length 23
# corresponding to MSA columns:
# 346-368
name=unknown_F
#
# <colnr> <probs for GDERKNQSTAVLIFYWHMCP>
#	G	D	E	R	K	N	Q	S	T	A	V	L	I	F	Y	W	H	M	C	P
0	0.01594	0.08845	0.04992	0.04191	0.01814	0.01541	0.01100	0.11011	0.30059	0.02584	0.04672	0.02775	0.08925	0.00938	0.00661	0.00205	0.00586	0.03883	0.00572	0.09051
1	0.07081	0.04840	0.02460	0.06325	0.54218	0.01554	0.01802	0.01986	0.01479	0.02193	0.01321	0.01851	0.01146	0.00652	0.00639	0.00198	0.00753	0.03584	0.00351	0.05567
2	0.05580	0.04407	0.28409	0.03511	0.02433	0.01456	0.13243	0.03388	0.04075	0.10568	0.04863	0.04134	0.04206	0.00799	0.00743	0.00216	0.04289	0.00682	0.00433	0.02564
3	0.01665	0.33262	0.16857	0.01510	0.06895	0.01899	0.01402	0.06122	0.06114	0.05550	0.05330	0.04567	0.04628	0.00785	0.00583	0.00186	0.00711	0.00609	0.00416	0.00909
4	0.01434	0.01398	0.02205	0.51745	0.23299	0.04891	0.01891	0.01855	0.01420	0.01844	0.01205	0.01726	0.00940	0.00652	0.00666	0.00214	0.00882	0.00589	0.00310	0.00835
5	0.01791	0.01284	0.01490	0.01351	0.04202	0.01342	0.01021	0.20521	0.18219	0.09952	0.02653	0.16998	0.05052	0.01146	0.00716	0.00221	0.00567	0.04230	0.00644	0.06597
6	0.05452	0.11594	0.20083	0.05401	0.06528	0.09647	0.12482	0.04619	0.01601	0.12148	0.01377	0.01563	0.01015	0.00672	0.00678	0.00202	0.03047	0.00555	0.00401	0.00937
7	0.02927	0.00981	0.01381	0.03933	0.07207	0.03455	0.05658	0.01489	0.01395	0.08690	0.09180	0.17418	0.10430	0.01527	0.01215	0.18108	0.02838	0.01017	0.00502	0.00649
8	0.00925	0.00692	0.00848	0.00935	0.01058	0.00650	0.00680	0.04254	0.01466	0.01892	0.04368	0.46659	0.21337	0.01909	0.00840	0.00262	0.00421	0.09593	0.00625	0.00587
9	0.01436	0.01283	0.05248	0.01471	0.07549	0.04501	0.04955	0.10096	0.05776	0.05926	0.16239	0.19614	0.10584	0.01265	0.00752	0.00224	0.00578	0.01112	0.00593	0.00797
10	0.07917	0.13652	0.21110	0.01809	0.09734	0.17209	0.01583	0.08791	0.01685	0.04786	0.01329	0.05049	0.01103	0.00730	0.00601	0.00194	0.00871	0.00549	0.00387	0.00912
11	0.03349	0.01336	0.01480	0.05511	0.01723	0.06315	0.01048	0.22984	0.01912	0.05713	0.02197	0.22700	0.02183	0.03975	0.03911	0.00282	0.07140	0.03004	0.02429	0.00808
12	0.45535	0.03836	0.01497	0.10404	0.06635	0.10563	0.01083	0.02003	0.01301	0.02467	0.01011	0.01264	0.00813	0.00657	0.00585	0.00202	0.04581	0.00430	0.00375	0.04760
13	0.00854	0.00614	0.00777	0.00869	0.00945	0.00566	0.00590	0.00973	0.01345	0.01775	0.10936	0.49776	0.14714	0.07142	0.01096	0.03849	0.00401	0.01637	0.00605	0.00536
14	0.01536	0.01616	0.05392	0.19945	0.33927	0.04799	0.10844	0.01949	0.01468	0.02008	0.01331	0.04312	0.01123	0.00702	0.00759	0.00214	0.04593	0.00658	0.01913	0.00909
15	0.00958	0.00649	0.00763	0.00779	0.00792	0.00654	0.00462	0.00988	0.01015	0.01363	0.02253	0.11599	0.02586	0.63370	0.08501	0.00644	0.00711	0.01052	0.00425	0.00435
16	0.00953	0.00704	0.01024	0.01032	0.01134	0.00803	0.00779	0.01160	0.01077	0.01536	0.01929	0.06510	0.01902	0.13014	0.62098	0.00989	0.01596	0.00808	0.00378	0.00574
17	0.01327	0.01130	0.01200	0.01126	0.01429	0.01228	0.00869	0.02523	0.42701	0.02405	0.04063	0.08162	0.23583	0.01262	0.00737	0.00234	0.00468	0.04035	0.00658	0.00861
18	0.01661	0.01594	0.02724	0.04119	0.72233	0.01594	0.02059	0.02059	0.01528	0.02192	0.01262	0.01661	0.01063	0.00598	0.00664	0.00199	0.00797	0.00598	0.00332	0.01063
19	0.01223	0.00754	0.01159	0.01115	0.03165	0.00769	0.04790	0.02246	0.02204	0.01446	0.01506	0.02226	0.04032	0.02126	0.05409	0.58431	0.02411	0.00640	0.03922	0.00427
20	0.00973	0.00660	0.00778	0.00778	0.00794	0.00675	0.00464	0.01005	0.00989	0.01335	0.02072	0.04159	0.02339	0.66977	0.12719	0.00707	0.00802	0.00942	0.00400	0.00432
21	0.01493	0.01253	0.01446	0.01042	0.01633	0.00998	0.00837	0.07670	0.01546	0.02365	0.01229	0.01411	0.01007	0.00524	0.00512	0.00108	0.00518	0.00416	0.00421	0.73571
22	0.01462	0.01501	0.06949	0.12704	0.02383	0.08469	0.12669	0.01821	0.01399	0.06037	0.03612	0.02066	0.01373	0.02081	0.23935	0.00484	0.04666	0.00656	0.00379	0.05353

[dist]
# distance from previous block
# <min> <max>
4	6

[block]
# block no. 6 follows, 32 sequences, length 11
# corresponding to MSA columns:
# 375-385
name=unknown_G
#
# <colnr> <probs for GDERKNQSTAVLIFYWHMCP>
#	G	D	E	R	K	N	Q	S	T	A	V	L	I	F	Y	W	H	M	C	P
0	0.08088	0.01093	0.01252	0.01180	0.01464	0.01165	0.00956	0.12905	0.13461	0.05782	0.07099	0.11074	0.07381	0.01508	0.04134	0.00286	0.00608	0.19137	0.00626	0.00800
1	0.01794	0.76823	0.03516	0.01148	0.01722	0.02655	0.01148	0.02009	0.01363	0.01579	0.00933	0.01076	0.00861	0.00574	0.00431	0.00144	0.00718	0.00359	0.00287	0.00861
2	0.02299	0.01746	0.01874	0.01469	0.01981	0.01913	0.01199	0.52490	0.15512	0.03809	0.01785	0.01758	0.01297	0.00801	0.00660	0.00198	0.00682	0.00617	0.00652	0.07259
3	0.01591	0.01524	0.02598	0.16555	0.60338	0.01576	0.02025	0.01999	0.01495	0.02108	0.01250	0.01683	0.01033	0.00611	0.00665	0.00204	0.00814	0.00598	0.00326	0.01007
4	0.01614	0.02046	0.16476	0.09828	0.34907	0.06631	0.08200	0.02221	0.07486	0.02144	0.01363	0.01679	0.01072	0.00643	0.00669	0.00207	0.00881	0.00598	0.00351	0.00984
5	0.00843	0.00603	0.00801	0.00917	0.00979	0.00562	0.00625	0.00997	0.01401	0.01898	0.16640	0.62510	0.04797	0.01964	0.00844	0.00261	0.00375	0.01776	0.00645	0.00562
6	0.00865	0.00672	0.00787	0.00780	0.00956	0.00594	0.00577	0.01095	0.01668	0.02192	0.35364	0.13186	0.35664	0.01597	0.00799	0.00225	0.00335	0.01378	0.00674	0.00594
7	0.01464	0.02517	0.42403	0.10868	0.02860	0.01407	0.07471	0.02068	0.01450	0.07149	0.01396	0.03908	0.01058	0.00679	0.00647	0.00203	0.00881	0.00578	0.00354	0.10641
8	0.00825	0.00626	0.00760	0.00843	0.00955	0.00562	0.00588	0.00981	0.01431	0.01854	0.12312	0.45945	0.26109	0.01892	0.00829	0.00251	0.00365	0.01674	0.00636	0.00562
9	0.01800	0.48563	0.14579	0.01300	0.01924	0.05442	0.01336	0.02169	0.03632	0.06469	0.01171	0.01286	0.00959	0.00612	0.00502	0.00160	0.00754	0.00421	0.00345	0.06575
10	0.07254	0.01146	0.01289	0.00985	0.01477	0.00972	0.00783	0.06551	0.01547	0.08611	0.02187	0.02333	0.11397	0.04118	0.00692	0.00167	0.00506	0.00608	0.00490	0.46886

[dist]
# distance from previous block
# <min> <max>
0	1

[block]
# block no. 7 follows, 32 sequences, length 28
# corresponding to MSA columns:
# 387-414
name=unknown_H
#
# <colnr> <probs for GDERKNQSTAVLIFYWHMCP>
#	G	D	E	R	K	N	Q	S	T	A	V	L	I	F	Y	W	H	M	C	P
0	0.14905	0.03689	0.10588	0.06738	0.07484	0.09300	0.07569	0.07004	0.12236	0.02372	0.01461	0.01706	0.01148	0.01107	0.07412	0.00291	0.03116	0.00576	0.00418	0.00880
1	0.01596	0.01490	0.02468	0.09103	0.53915	0.01514	0.03787	0.05745	0.01608	0.02250	0.03491	0.04561	0.04018	0.00730	0.00684	0.00206	0.00766	0.00698	0.00381	0.00989
2	0.01733	0.01120	0.01277	0.07810	0.01644	0.01178	0.00895	0.19204	0.05785	0.07471	0.01934	0.02109	0.01455	0.00766	0.00567	0.00177	0.00518	0.00610	0.36745	0.07003
3	0.00820	0.00666	0.00727	0.00742	0.00931	0.00573	0.00545	0.01005	0.01549	0.01931	0.16219	0.16554	0.51977	0.01709	0.00802	0.00231	0.00344	0.01458	0.00641	0.00573
4	0.65737	0.01241	0.01050	0.00914	0.01331	0.01385	0.00751	0.02139	0.01268	0.13074	0.01247	0.01335	0.00913	0.00661	0.00456	0.00205	0.00516	0.00422	0.04573	0.00782
5	0.01357	0.07491	0.66549	0.01833	0.02772	0.01588	0.02340	0.02089	0.01430	0.02114	0.03638	0.01522	0.01041	0.00659	0.00631	0.00209	0.00953	0.00513	0.00299	0.00972
6	0.00856	0.00670	0.00915	0.00961	0.01081	0.00610	0.03905	0.01018	0.01390	0.01811	0.08123	0.52515	0.19859	0.01895	0.00835	0.00256	0.00409	0.01703	0.00616	0.00572
7	0.00922	0.00628	0.00748	0.00801	0.00814	0.00614	0.00480	0.00962	0.01081	0.01442	0.02655	0.28834	0.03122	0.51045	0.02542	0.00521	0.00561	0.01294	0.00480	0.00454
8	0.01415	0.01343	0.02279	0.48338	0.29938	0.01530	0.01937	0.01844	0.01411	0.01893	0.01219	0.01741	0.00958	0.00644	0.00668	0.00215	0.00858	0.00597	0.00311	0.00864
9	0.09514	0.23965	0.05097	0.01493	0.01936	0.43991	0.01249	0.02402	0.01659	0.01770	0.01005	0.01169	0.00850	0.00650	0.00539	0.00169	0.00998	0.00407	0.00333	0.00805
10	0.01513	0.01413	0.02316	0.22245	0.43540	0.01509	0.01855	0.02032	0.06819	0.02100	0.01535	0.02220	0.01313	0.00739	0.00688	0.00216	0.00788	0.05843	0.00372	0.00945
11	0.01569	0.01344	0.01427	0.01290	0.01645	0.01533	0.01001	0.03255	0.62150	0.02746	0.08211	0.02900	0.06001	0.00986	0.00697	0.00226	0.00505	0.00827	0.00684	0.01004
12	0.00935	0.00685	0.00877	0.00829	0.00994	0.00627	0.00622	0.01238	0.01865	0.02610	0.65875	0.05145	0.12386	0.01402	0.00792	0.00212	0.00319	0.01232	0.00728	0.00627
13	0.00820	0.00676	0.00720	0.00720	0.00925	0.00576	0.00536	0.01011	0.01577	0.01950	0.17228	0.09796	0.57811	0.01667	0.00796	0.00226	0.00339	0.01408	0.00642	0.00576
14	0.01346	0.03471	0.72942	0.01912	0.02904	0.01558	0.02479	0.02125	0.01417	0.02125	0.01204	0.01417	0.00850	0.00637	0.00637	0.00212	0.00992	0.00496	0.00283	0.00992
15	0.00973	0.00663	0.00794	0.00794	0.00815	0.00684	0.00484	0.01016	0.00994	0.01347	0.02058	0.04077	0.02303	0.63658	0.15990	0.00727	0.00856	0.00930	0.00398	0.00441
