[name]
unknown

[dist]
# distance from previous block
# <min> <max>
0	13

[block]
# block no. 0 follows, 30 sequences, length 16
# corresponding to MSA columns:
# 13-28
name=unknown_A
#
# <colnr> <probs for GDERKNQSTAVLIFYWHMCP>
#	G	D	E	R	K	N	Q	S	T	A	V	L	I	F	Y	W	H	M	C	P
0	0.01884	0.15922	0.08129	0.01523	0.01992	0.14400	0.03151	0.13863	0.04069	0.02386	0.01847	0.02911	0.01711	0.00991	0.00726	0.00217	0.02538	0.15553	0.00480	0.05708
1	0.00884	0.00667	0.00818	0.00870	0.01002	0.00601	0.00619	0.01084	0.01598	0.02116	0.24848	0.35180	0.23489	0.01842	0.00852	0.00251	0.00368	0.01626	0.00684	0.00601
2	0.01311	0.01096	0.01302	0.01019	0.01507	0.00847	0.00786	0.01578	0.01422	0.02161	0.01835	0.18240	0.01851	0.00898	0.00602	0.00144	0.00491	0.00772	0.00467	0.61671
3	0.01669	0.05049	0.16647	0.02125	0.09879	0.01607	0.17261	0.02531	0.17152	0.05328	0.01709	0.01874	0.01291	0.00691	0.00686	0.00206	0.00830	0.00649	0.00450	0.12366
4	0.05921	0.01301	0.01696	0.03240	0.01880	0.01197	0.08625	0.12058	0.01829	0.10360	0.02813	0.02833	0.17053	0.00910	0.00671	0.00187	0.00614	0.00771	0.00552	0.25489
5	0.00988	0.00713	0.00933	0.00878	0.01043	0.00658	0.00658	0.01317	0.01975	0.02798	0.70754	0.05213	0.06584	0.01427	0.00823	0.00219	0.00329	0.01262	0.00768	0.00658
6	0.01136	0.00972	0.01604	0.01356	0.01644	0.00890	0.16159	0.01437	0.01645	0.04220	0.19108	0.20654	0.20570	0.01496	0.00841	0.00246	0.00567	0.04138	0.00614	0.00700
7	0.01872	0.26722	0.09320	0.01905	0.08193	0.16673	0.05181	0.02162	0.01485	0.01806	0.01061	0.01369	0.00927	0.00772	0.00967	0.00208	0.17673	0.00503	0.00319	0.00881
8	0.01124	0.00629	0.00863	0.00863	0.00917	0.00602	0.00589	0.00930	0.01065	0.01366	0.02549	0.03170	0.17104	0.02274	0.02293	0.61560	0.00548	0.00804	0.00382	0.00368
9	0.00884	0.00639	0.00881	0.01006	0.01066	0.00637	0.00699	0.01034	0.01287	0.01745	0.03395	0.58523	0.03960	0.02882	0.17283	0.00475	0.00739	0.01702	0.00585	0.00580
10	0.00971	0.00687	0.00767	0.00767	0.00827	0.00666	0.00470	0.01023	0.01152	0.01488	0.03294	0.04965	0.18087	0.55106	0.06420	0.00598	0.00663	0.01106	0.00472	0.00471
11	0.03941	0.07381	0.02750	0.05859	0.31773	0.07316	0.10342	0.17396	0.01982	0.02667	0.01353	0.01645	0.01071	0.00676	0.00681	0.00206	0.00884	0.00611	0.00425	0.01042
12	0.01151	0.00847	0.00927	0.00878	0.01053	0.04728	0.00658	0.01471	0.01859	0.02692	0.51186	0.04393	0.05168	0.01247	0.00736	0.00204	0.00381	0.01076	0.18681	0.00665
13	0.00951	0.00740	0.00873	0.00913	0.01070	0.00699	0.00656	0.01300	0.07799	0.02123	0.18270	0.33489	0.24952	0.01792	0.00840	0.00252	0.00387	0.01573	0.00678	0.00641
14	0.01622	0.01812	0.03543	0.19054	0.03833	0.05449	0.49835	0.02161	0.01607	0.02104	0.01355	0.01845	0.01021	0.00620	0.00785	0.00232	0.01125	0.00757	0.00344	0.00896
15	0.01683	0.01490	0.02225	0.01739	0.06097	0.01324	0.16443	0.08847	0.01695	0.04443	0.01363	0.01614	0.01076	0.00601	0.00668	0.00159	0.02697	0.00554	0.00435	0.44845

[dist]
# distance from previous block
# <min> <max>
4	8

[block]
# block no. 1 follows, 30 sequences, length 14
# corresponding to MSA columns:
# 37-50
name=unknown_B
#
# <colnr> <probs for GDERKNQSTAVLIFYWHMCP>
#	G	D	E	R	K	N	Q	S	T	A	V	L	I	F	Y	W	H	M	C	P
0	0.01413	0.01338	0.02266	0.57575	0.20283	0.01576	0.01986	0.01867	0.01441	0.01899	0.01257	0.01829	0.00971	0.00680	0.00696	0.00227	0.00907	0.00621	0.00318	0.00852
1	0.06734	0.01430	0.01808	0.08785	0.13586	0.01553	0.01317	0.07204	0.29215	0.13980	0.02275	0.05499	0.01747	0.00886	0.00695	0.00227	0.00648	0.00750	0.00615	0.01046
2	0.01648	0.01296	0.01393	0.01255	0.01611	0.01443	0.00975	0.03136	0.50466	0.06544	0.08386	0.03134	0.08140	0.01038	0.00712	0.00229	0.00505	0.00868	0.06220	0.01000
3	0.01015	0.00677	0.00761	0.00761	0.00761	0.00677	0.00423	0.01015	0.01015	0.01353	0.02199	0.04567	0.02537	0.75476	0.03552	0.00677	0.00677	0.01015	0.00423	0.00423
4	0.01606	0.01678	0.02285	0.08997	0.02303	0.07913	0.07135	0.01828	0.01225	0.01738	0.01003	0.01567	0.00928	0.01075	0.01873	0.00282	0.54852	0.00616	0.00314	0.00783
5	0.01866	0.75896	0.03657	0.01194	0.01791	0.02761	0.01194	0.02090	0.01418	0.01642	0.00970	0.01119	0.00896	0.00597	0.00448	0.00149	0.00746	0.00373	0.00299	0.00896
6	0.01860	0.01221	0.01419	0.01186	0.01541	0.01264	0.00942	0.21349	0.10046	0.12575	0.30175	0.03370	0.03603	0.01093	0.00739	0.00215	0.00517	0.00916	0.05036	0.00933
7	0.01098	0.00803	0.01007	0.01000	0.01173	0.00775	0.00762	0.06844	0.01854	0.02524	0.35208	0.21793	0.10678	0.01650	0.00847	0.00248	0.00427	0.09929	0.00708	0.00673
8	0.01522	0.01289	0.09277	0.03254	0.01872	0.01018	0.10488	0.01888	0.01675	0.15676	0.19169	0.12135	0.07746	0.01589	0.07855	0.00319	0.00754	0.01046	0.00603	0.00825
9	0.01522	0.01020	0.01208	0.01112	0.01392	0.01041	0.00847	0.02324	0.23705	0.13171	0.21968	0.16298	0.08812	0.01344	0.00780	0.00237	0.00457	0.01166	0.00734	0.00862
10	0.00850	0.00607	0.00810	0.00972	0.01012	0.00567	0.00648	0.00972	0.01336	0.01781	0.03846	0.75020	0.04615	0.02186	0.00891	0.00283	0.00405	0.01984	0.00648	0.00567
11	0.02327	0.10208	0.02037	0.04067	0.02032	0.06716	0.01209	0.33796	0.09323	0.11897	0.02240	0.02191	0.07086	0.00889	0.00677	0.00207	0.00727	0.00682	0.00633	0.01055
12	0.08345	0.01996	0.15637	0.08576	0.04217	0.10666	0.07323	0.04195	0.03744	0.10477	0.01743	0.06054	0.01464	0.03260	0.03888	0.00279	0.03498	0.03293	0.00456	0.00889
13	0.01154	0.00911	0.00934	0.00916	0.00983	0.06706	0.00598	0.01242	0.01170	0.01539	0.04691	0.03889	0.02375	0.49988	0.16318	0.00682	0.00926	0.00912	0.03554	0.00511

[dist]
# distance from previous block
# <min> <max>
0	2

[block]
# block no. 2 follows, 30 sequences, length 27
# corresponding to MSA columns:
# 53-79
name=unknown_C
#
# <colnr> <probs for GDERKNQSTAVLIFYWHMCP>
#	G	D	E	R	K	N	Q	S	T	A	V	L	I	F	Y	W	H	M	C	P
0	0.02009	0.02358	0.08335	0.04304	0.09471	0.24817	0.19217	0.09717	0.01877	0.02279	0.01377	0.01740	0.01098	0.03414	0.00799	0.00223	0.01043	0.00626	0.04385	0.00911
1	0.00865	0.00622	0.00813	0.00947	0.01003	0.00578	0.00636	0.01001	0.01384	0.01849	0.09007	0.64609	0.07396	0.04528	0.00971	0.00290	0.00406	0.01876	0.00650	0.00570
2	0.01455	0.01265	0.02114	0.64779	0.09042	0.01526	0.01896	0.01905	0.01445	0.06038	0.01337	0.01883	0.00990	0.00703	0.00697	0.00230	0.00903	0.00625	0.00346	0.00822
3	0.01426	0.01216	0.01424	0.01027	0.01626	0.00918	0.00819	0.01737	0.01471	0.02298	0.04393	0.01618	0.01285	0.00558	0.00531	0.00109	0.00508	0.00452	0.00430	0.76155
4	0.01318	0.01240	0.02093	0.73798	0.04806	0.01550	0.01938	0.01783	0.01395	0.01783	0.01240	0.01860	0.00930	0.00698	0.00698	0.00233	0.00930	0.00620	0.00310	0.00775
5	0.01791	0.01527	0.01609	0.01431	0.01836	0.01762	0.01118	0.07644	0.65836	0.03009	0.02770	0.02547	0.02073	0.00940	0.00709	0.00235	0.00565	0.00779	0.00709	0.01110
6	0.01381	0.01305	0.02208	0.63006	0.15102	0.01567	0.01970	0.01839	0.01425	0.01860	0.01252	0.01840	0.00957	0.00686	0.00697	0.00229	0.00915	0.00620	0.00316	0.00826
7	0.01047	0.00776	0.00984	0.00921	0.01104	0.00744	0.00694	0.01506	0.07356	0.02808	0.65371	0.05006	0.06231	0.01389	0.00814	0.00221	0.00347	0.01225	0.00764	0.00694
8	0.01010	0.00696	0.00860	0.00860	0.00894	0.00730	0.00546	0.01078	0.01044	0.01426	0.02108	0.04066	0.02320	0.56224	0.22507	0.00798	0.01003	0.00942	0.00409	0.00478
9	0.01694	0.01463	0.01538	0.01387	0.01774	0.01683	0.01078	0.03583	0.66719	0.02872	0.03035	0.02793	0.05293	0.00985	0.00715	0.00237	0.00543	0.00820	0.00707	0.01081
10	0.06766	0.33965	0.05113	0.01399	0.01820	0.17419	0.01234	0.04816	0.01523	0.01861	0.01130	0.01532	0.01041	0.07087	0.01007	0.00230	0.10390	0.00491	0.00347	0.00828
11	0.01969	0.01784	0.08364	0.01822	0.11301	0.01673	0.01384	0.29302	0.06359	0.03127	0.01601	0.01838	0.01252	0.03879	0.00840	0.00215	0.03823	0.00606	0.04157	0.14707
12	0.01957	0.25102	0.04999	0.01934	0.10341	0.07848	0.11778	0.08453	0.06631	0.07430	0.01798	0.01922	0.05352	0.00749	0.00640	0.00196	0.00827	0.00627	0.00447	0.00970
13	0.80405	0.01350	0.01026	0.00918	0.01350	0.01565	0.00756	0.02051	0.01188	0.03131	0.00972	0.01134	0.00756	0.00648	0.00432	0.00216	0.00540	0.00378	0.00432	0.00756
14	0.06409	0.01498	0.04321	0.04259	0.20349	0.01498	0.04200	0.13738	0.12435	0.02680	0.02703	0.08322	0.12577	0.01017	0.00721	0.00226	0.00674	0.00880	0.00538	0.00955
15	0.02387	0.01728	0.01900	0.01449	0.02012	0.01800	0.01188	0.47040	0.05508	0.08564	0.01704	0.01713	0.01230	0.00774	0.00660	0.00188	0.00692	0.00593	0.00648	0.18223
16	0.01808	0.02098	0.18940	0.10211	0.11149	0.01636	0.23459	0.06888	0.04114	0.10442	0.01569	0.01836	0.01134	0.00683	0.00730	0.00224	0.00958	0.00678	0.00429	0.01014
17	0.00850	0.00607	0.00810	0.00972	0.01012	0.00567	0.00648	0.00972	0.01336	0.01781	0.03846	0.75020	0.04615	0.02186	0.00891	0.00283	0.00405	0.01984	0.00648	0.00567
18	0.00850	0.00607	0.00810	0.00972	0.01012	0.00567	0.00648	0.00972	0.01336	0.01781	0.03846	0.75020	0.04615	0.02186	0.00891	0.00283	0.00405	0.01984	0.00648	0.00567
19	0.00850	0.00607	0.00810	0.00972	0.01012	0.00567	0.00648	0.00972	0.01336	0.01781	0.03846	0.75020	0.04615	0.02186	0.00891	0.00283	0.00405	0.01984	0.00648	0.00567
20	0.01578	0.00942	0.00996	0.00903	0.01151	0.00987	0.00716	0.16049	0.01865	0.02949	0.02253	0.02797	0.01826	0.00902	0.00569	0.00185	0.00444	0.05567	0.56557	0.00765
21	0.00842	0.00641	0.00775	0.00883	0.00989	0.00574	0.00608	0.00982	0.01422	0.01816	0.04931	0.52021	0.26914	0.02045	0.00868	0.00267	0.00388	0.01812	0.00648	0.00574
22	0.00997	0.00748	0.01121	0.01121	0.01246	0.00872	0.00872	0.01246	0.01121	0.01620	0.01869	0.02741	0.01745	0.05234	0.72710	0.01121	0.01869	0.00748	0.00374	0.00623
23	0.80405	0.01350	0.01026	0.00918	0.01350	0.01565	0.00756	0.02051	0.01188	0.03131	0.00972	0.01134	0.00756	0.00648	0.00432	0.00216	0.00540	0.00378	0.00432	0.00756
24	0.04079	0.04237	0.04551	0.08077	0.27538	0.03770	0.07253	0.08334	0.14556	0.02570	0.06638	0.02102	0.01654	0.00767	0.00698	0.00216	0.00780	0.00693	0.00474	0.01013
25	0.00955	0.00719	0.00847	0.00848	0.00997	0.00643	0.00584	0.01112	0.01440	0.01918	0.15080	0.24375	0.20433	0.18594	0.01441	0.00336	0.00451	0.01385	0.00596	0.07245
26	0.15751	0.06868	0.15376	0.06800	0.02407	0.07193	0.12152	0.06474	0.01616	0.02442	0.05885	0.03808	0.01426	0.00771	0.00690	0.00213	0.03013	0.00634	0.02733	0.03748

[dist]
# distance from previous block
# <min> <max>
0	13

[block]
# block no. 3 follows, 30 sequences, length 27
# corresponding to MSA columns:
# 93-119
name=unknown_D
#
# <colnr> <probs for GDERKNQSTAVLIFYWHMCP>
#	G	D	E	R	K	N	Q	S	T	A	V	L	I	F	Y	W	H	M	C	P
0	0.21282	0.08207	0.06229	0.01456	0.04132	0.06434	0.03766	0.18444	0.01929	0.09458	0.01427	0.01531	0.01062	0.00703	0.00585	0.00194	0.00722	0.00518	0.02631	0.09290
1	0.00971	0.00726	0.00905	0.00888	0.01053	0.00676	0.00655	0.01309	0.04433	0.02511	0.48426	0.16123	0.15565	0.01576	0.00829	0.00232	0.00353	0.01386	0.00730	0.00651
2	0.01575	0.12242	0.01807	0.01089	0.01702	0.01267	0.00908	0.05514	0.01544	0.02299	0.01225	0.01412	0.01022	0.00546	0.00517	0.00116	0.00564	0.00419	0.00412	0.63819
3	0.00920	0.00699	0.00847	0.00834	0.01007	0.00626	0.00617	0.01178	0.01781	0.02393	0.42973	0.13608	0.26734	0.01621	0.00831	0.00232	0.00345	0.01411	0.00716	0.00626
4	0.00874	0.00670	0.00836	0.00930	0.01025	0.00632	0.00649	0.01019	0.01420	0.01849	0.07501	0.51880	0.21531	0.02012	0.00920	0.00269	0.02987	0.01773	0.00641	0.00583
5	0.00906	0.00711	0.00815	0.00842	0.01026	0.00633	0.00639	0.01114	0.01604	0.02030	0.16811	0.12694	0.41144	0.05679	0.00994	0.00272	0.00411	0.10422	0.00656	0.00597
6	0.01212	0.00606	0.00909	0.00909	0.00909	0.00606	0.00606	0.00909	0.00909	0.01212	0.01212	0.02121	0.01212	0.02424	0.02727	0.79697	0.00606	0.00606	0.00303	0.00303
7	0.00876	0.00702	0.00783	0.00777	0.00978	0.00609	0.00577	0.01096	0.01690	0.02157	0.26278	0.10997	0.46638	0.01692	0.00829	0.00234	0.00350	0.01444	0.00685	0.00609
8	0.01466	0.05834	0.01548	0.01026	0.01624	0.01031	0.00834	0.01772	0.01446	0.02249	0.01270	0.01479	0.01059	0.00535	0.00511	0.00109	0.00522	0.00422	0.03952	0.71309
9	0.01718	0.10223	0.06464	0.10782	0.17147	0.05557	0.04086	0.10850	0.06974	0.02346	0.01771	0.04002	0.03251	0.05797	0.00869	0.00241	0.00801	0.02976	0.00441	0.03706
10	0.01914	0.10548	0.18155	0.01764	0.02352	0.14954	0.08934	0.14650	0.06905	0.02484	0.01675	0.05931	0.01428	0.00863	0.00689	0.00215	0.00919	0.04210	0.00457	0.00953
11	0.00997	0.00748	0.01121	0.01121	0.01246	0.00872	0.00872	0.01246	0.01121	0.01620	0.01869	0.02741	0.01745	0.05234	0.72710	0.01121	0.01869	0.00748	0.00374	0.00623
12	0.01442	0.01240	0.01472	0.03853	0.01776	0.00954	0.00870	0.01758	0.01445	0.02255	0.01240	0.01463	0.01030	0.00524	0.00524	0.00108	0.00533	0.00421	0.00409	0.76682
13	0.01388	0.01147	0.04223	0.01162	0.03671	0.06600	0.00881	0.01694	0.03911	0.10871	0.17750	0.17905	0.20672	0.01577	0.03101	0.00261	0.00563	0.01232	0.00644	0.00747
14	0.05338	0.01815	0.17661	0.01945	0.14591	0.01414	0.01530	0.04545	0.17040	0.06651	0.08889	0.09214	0.02270	0.00994	0.00718	0.00230	0.00688	0.02955	0.00542	0.00970
15	0.02000	0.01406	0.01721	0.01447	0.03525	0.05151	0.01143	0.05378	0.01649	0.21190	0.06355	0.02208	0.04613	0.00956	0.01127	0.00217	0.21642	0.00668	0.00548	0.17055
16	0.01447	0.01240	0.01447	0.01034	0.01654	0.00930	0.00827	0.01757	0.01447	0.02274	0.01240	0.01447	0.01034	0.00517	0.00517	0.00103	0.00517	0.00413	0.00413	0.79742
17	0.01093	0.01023	0.04562	0.01199	0.01367	0.03622	0.05027	0.01306	0.01317	0.01770	0.05716	0.25124	0.04996	0.15283	0.18266	0.00536	0.03354	0.03323	0.00492	0.00623
18	0.01140	0.00736	0.00897	0.00864	0.01064	0.00659	0.00644	0.01388	0.01739	0.08791	0.31953	0.15951	0.23617	0.01549	0.00802	0.00230	0.00372	0.01342	0.05588	0.00674
19	0.01236	0.00879	0.01105	0.01048	0.01191	0.00962	0.00767	0.10499	0.01417	0.01980	0.02086	0.07715	0.02090	0.25387	0.33951	0.00763	0.01192	0.00885	0.04209	0.00638
20	0.00880	0.00691	0.00799	0.00836	0.01009	0.00611	0.00618	0.01082	0.01607	0.02049	0.18301	0.22104	0.39289	0.01808	0.00848	0.00249	0.00378	0.05569	0.00671	0.00601
21	0.01945	0.68165	0.03478	0.01258	0.01830	0.10209	0.01210	0.02164	0.01478	0.01649	0.00982	0.01134	0.00896	0.00610	0.00467	0.00153	0.00801	0.00381	0.00305	0.00886
22	0.00888	0.00645	0.00816	0.00930	0.01004	0.00600	0.00638	0.01025	0.01380	0.01814	0.07089	0.51218	0.13137	0.09929	0.01168	0.00319	0.00439	0.05769	0.00629	0.00563
23	0.01618	0.13670	0.52300	0.01798	0.02685	0.04061	0.02178	0.02356	0.05137	0.05940	0.01373	0.01525	0.00998	0.00681	0.00636	0.00210	0.00949	0.00518	0.00350	0.01017
24	0.02283	0.01760	0.01882	0.01793	0.10043	0.13725	0.03276	0.18109	0.08571	0.17114	0.02085	0.08543	0.01668	0.00921	0.00697	0.00213	0.00759	0.00757	0.04790	0.01012
25	0.05265	0.00822	0.00899	0.00953	0.01089	0.03091	0.00669	0.01294	0.03691	0.04303	0.03896	0.38958	0.16099	0.11995	0.01202	0.00319	0.00488	0.03751	0.00605	0.00612
26	0.15144	0.16583	0.04481	0.03547	0.10590	0.07423	0.08354	0.04437	0.03842	0.09722	0.05069	0.01748	0.01362	0.00710	0.00608	0.00197	0.00767	0.00574	0.00454	0.04388

[dist]
# distance from previous block
# <min> <max>
0	6

[block]
# block no. 4 follows, 30 sequences, length 7
# corresponding to MSA columns:
# 126-132
name=unknown_E
#
# <colnr> <probs for GDERKNQSTAVLIFYWHMCP>
#	G	D	E	R	K	N	Q	S	T	A	V	L	I	F	Y	W	H	M	C	P
0	0.01796	0.01735	0.08306	0.12422	0.17234	0.01632	0.05976	0.20072	0.04623	0.02815	0.05088	0.02179	0.01521	0.00794	0.00704	0.00212	0.00795	0.03579	0.00486	0.08029
1	0.01041	0.00889	0.01226	0.01124	0.01338	0.00855	0.05777	0.01268	0.01514	0.02018	0.12394	0.24330	0.23981	0.01613	0.00956	0.00247	0.07036	0.04763	0.00591	0.07038
2	0.01941	0.01475	0.02109	0.06476	0.11683	0.04518	0.11696	0.10806	0.01896	0.15161	0.05763	0.02462	0.07413	0.00834	0.00703	0.00204	0.00736	0.00745	0.03950	0.09429
3	0.01150	0.00930	0.01198	0.04213	0.04940	0.00887	0.00868	0.01585	0.07501	0.02348	0.26657	0.10372	0.11720	0.01576	0.06102	0.00280	0.00563	0.03201	0.00608	0.13301
4	0.37233	0.02081	0.08030	0.01511	0.02034	0.15068	0.08409	0.13416	0.01762	0.02897	0.01182	0.01359	0.00899	0.00688	0.00576	0.00211	0.00825	0.00493	0.00442	0.00883
5	0.16284	0.04762	0.12664	0.14350	0.08869	0.06011	0.14365	0.07138	0.01638	0.05665	0.01314	0.01608	0.00984	0.00672	0.00654	0.00217	0.00897	0.00584	0.00399	0.00926
6	0.01193	0.01100	0.04133	0.04727	0.01723	0.01144	0.06564	0.04290	0.01398	0.01938	0.06101	0.08519	0.08324	0.04885	0.28564	0.00600	0.09967	0.03676	0.00451	0.00702

[dist]
# distance from previous block
# <min> <max>
0	1

[block]
# block no. 5 follows, 30 sequences, length 11
# corresponding to MSA columns:
# 134-144
name=unknown_F
#
# <colnr> <probs for GDERKNQSTAVLIFYWHMCP>
#	G	D	E	R	K	N	Q	S	T	A	V	L	I	F	Y	W	H	M	C	P
0	0.01032	0.00718	0.00886	0.00882	0.01061	0.00644	0.00655	0.01271	0.01722	0.05985	0.32987	0.20187	0.23941	0.01668	0.00836	0.00241	0.00376	0.03552	0.00710	0.00647
1	0.01886	0.42268	0.08117	0.01448	0.02000	0.09861	0.05892	0.04813	0.04618	0.04610	0.01451	0.07476	0.01313	0.00781	0.00577	0.00184	0.00811	0.00598	0.00393	0.00904
2	0.05870	0.07840	0.01900	0.01335	0.01880	0.06532	0.01102	0.28876	0.02270	0.10823	0.01736	0.01767	0.03512	0.00753	0.00619	0.00177	0.00691	0.00565	0.00573	0.21177
3	0.02290	0.27063	0.07054	0.01591	0.02093	0.37621	0.01375	0.09518	0.01899	0.02004	0.01117	0.01271	0.00927	0.00688	0.00579	0.00176	0.01023	0.00448	0.00371	0.00892
4	0.80405	0.01350	0.01026	0.00918	0.01350	0.01565	0.00756	0.02051	0.01188	0.03131	0.00972	0.01134	0.00756	0.00648	0.00432	0.00216	0.00540	0.00378	0.00432	0.00756
5	0.01450	0.01460	0.07987	0.13517	0.09281	0.01315	0.16814	0.05512	0.01608	0.03965	0.07249	0.12986	0.02151	0.01142	0.00934	0.06503	0.00805	0.04049	0.00458	0.00817
6	0.00934	0.00688	0.00801	0.00823	0.00937	0.00637	0.00565	0.01080	0.01437	0.01874	0.16423	0.16160	0.23953	0.25500	0.01719	0.00386	0.00475	0.04465	0.00597	0.00547
7	0.01755	0.01472	0.01931	0.07532	0.02135	0.06396	0.08584	0.13458	0.04983	0.07254	0.03425	0.02271	0.01524	0.06991	0.16136	0.00451	0.11662	0.00715	0.00476	0.00851
8	0.00915	0.00679	0.00861	0.00990	0.01068	0.00655	0.00675	0.01177	0.06452	0.01872	0.03952	0.65805	0.08138	0.02070	0.00874	0.00277	0.00413	0.01866	0.00652	0.00608
9	0.01614	0.07517	0.01785	0.09690	0.02099	0.01306	0.01049	0.09977	0.01663	0.02423	0.01271	0.01496	0.01029	0.00584	0.00555	0.00135	0.00615	0.00461	0.00427	0.54305
10	0.04514	0.00822	0.00973	0.00971	0.01157	0.00813	0.00751	0.01299	0.01507	0.05684	0.07711	0.18315	0.32600	0.03849	0.01032	0.00272	0.06552	0.09914	0.00620	0.00644

[dist]
# distance from previous block
# <min> <max>
0	1

[block]
# block no. 6 follows, 30 sequences, length 9
# corresponding to MSA columns:
# 146-154
name=unknown_G
#
# <colnr> <probs for GDERKNQSTAVLIFYWHMCP>
#	G	D	E	R	K	N	Q	S	T	A	V	L	I	F	Y	W	H	M	C	P
0	0.00926	0.00650	0.00787	0.00855	0.00899	0.00621	0.00541	0.01010	0.01248	0.01654	0.06668	0.35633	0.09047	0.33908	0.02036	0.00447	0.00515	0.01488	0.00556	0.00511
1	0.11533	0.19466	0.07487	0.04834	0.05478	0.06833	0.10395	0.10270	0.01698	0.06679	0.01275	0.01502	0.01000	0.00727	0.00770	0.00209	0.07952	0.00546	0.00413	0.00933
2	0.01754	0.01762	0.07797	0.15667	0.08656	0.08250	0.07854	0.09340	0.06081	0.05317	0.03472	0.01972	0.01347	0.01003	0.04158	0.00264	0.07431	0.00655	0.06314	0.00906
3	0.01212	0.00606	0.00909	0.00909	0.00909	0.00606	0.00606	0.00909	0.00909	0.01212	0.01212	0.02121	0.01212	0.02424	0.02727	0.79697	0.00606	0.00606	0.00303	0.00303
4	0.02192	0.28475	0.05854	0.04194	0.06274	0.22031	0.01402	0.10686	0.01845	0.06547	0.01244	0.01401	0.01000	0.00708	0.00644	0.00185	0.03489	0.00486	0.00405	0.00936
5	0.09974	0.04921	0.01574	0.01122	0.01657	0.01233	0.00913	0.09892	0.01691	0.13431	0.01552	0.01747	0.01214	0.03775	0.03599	0.00211	0.00633	0.00516	0.00513	0.39832
6	0.01908	0.08971	0.14314	0.06942	0.09536	0.09053	0.18059	0.02458	0.05738	0.11260	0.01534	0.01758	0.01142	0.00707	0.00751	0.00216	0.03620	0.00633	0.00422	0.00979
7	0.01876	0.05267	0.06125	0.01401	0.01891	0.05796	0.03147	0.10540	0.23150	0.09189	0.05220	0.06573	0.01906	0.00892	0.00675	0.00203	0.00657	0.00737	0.00595	0.14160
8	0.10026	0.01581	0.05886	0.01256	0.01651	0.07925	0.01079	0.21406	0.02053	0.05936	0.01998	0.02670	0.01658	0.00934	0.00639	0.00210	0.00661	0.09260	0.22293	0.00878

[dist]
# distance from previous block
# <min> <max>
0	2

[block]
# block no. 7 follows, 30 sequences, length 16
# corresponding to MSA columns:
# 157-172
name=unknown_H
#
# <colnr> <probs for GDERKNQSTAVLIFYWHMCP>
#	G	D	E	R	K	N	Q	S	T	A	V	L	I	F	Y	W	H	M	C	P
0	0.06821	0.05062	0.01899	0.04714	0.02125	0.46584	0.01274	0.08529	0.09449	0.02193	0.01367	0.01508	0.01086	0.00749	0.00625	0.00191	0.01031	0.00511	0.03416	0.00867
1	0.00873	0.00660	0.00809	0.00898	0.01018	0.00597	0.00639	0.01045	0.01500	0.01943	0.12298	0.42783	0.24928	0.01960	0.00867	0.00264	0.00394	0.05274	0.00661	0.00588
2	0.01409	0.00959	0.01346	0.09583	0.01773	0.00942	0.04622	0.04659	0.03308	0.11766	0.08784	0.26408	0.10598	0.07030	0.01002	0.00275	0.00567	0.01255	0.00612	0.03102
3	0.01861	0.16398	0.02899	0.05461	0.16504	0.07339	0.16995	0.05938	0.04619	0.05709	0.01560	0.02103	0.01307	0.00766	0.00736	0.00214	0.03011	0.05206	0.00418	0.00955
4	0.01053	0.00733	0.00930	0.00956	0.01108	0.00688	0.00700	0.01356	0.04710	0.05358	0.28374	0.31892	0.12651	0.01735	0.00846	0.00252	0.00399	0.04896	0.00704	0.00658
5	0.01108	0.00776	0.00931	0.00887	0.01100	0.00711	0.00666	0.01455	0.05507	0.07066	0.35705	0.12204	0.26172	0.01545	0.00816	0.00232	0.00374	0.01336	0.00722	0.00688
6	0.01573	0.03867	0.08089	0.02379	0.10487	0.04125	0.31614	0.04824	0.01580	0.02124	0.01776	0.02385	0.05096	0.09934	0.03502	0.00311	0.04288	0.00790	0.00385	0.00871
7	0.01620	0.15737	0.35309	0.01807	0.02554	0.04902	0.11377	0.02170	0.01528	0.05679	0.01516	0.06527	0.01248	0.00763	0.00656	0.00210	0.00915	0.00646	0.03890	0.00944
8	0.00962	0.00645	0.00811	0.00914	0.00992	0.00600	0.00616	0.01093	0.01355	0.03994	0.03862	0.54677	0.10540	0.09643	0.01132	0.00311	0.00430	0.01717	0.05128	0.00578
9	0.01432	0.05280	0.10392	0.03041	0.01763	0.03292	0.04138	0.05062	0.08733	0.07039	0.08084	0.19395	0.12507	0.01344	0.00773	0.00240	0.00623	0.05460	0.00587	0.00815
10	0.09551	0.04422	0.12086	0.01821	0.06143	0.06664	0.08664	0.21569	0.03798	0.02823	0.01679	0.01895	0.04226	0.01136	0.06186	0.00286	0.04979	0.00638	0.00473	0.00961
11	0.01263	0.00997	0.04088	0.01064	0.01321	0.00888	0.00849	0.04530	0.09900	0.07739	0.09518	0.26018	0.21285	0.01620	0.00818	0.00252	0.00478	0.05957	0.00669	0.00746
12	0.01420	0.04453	0.04793	0.01004	0.01284	0.05597	0.00818	0.04432	0.01588	0.08133	0.05847	0.10237	0.24021	0.01474	0.01007	0.11541	0.00541	0.01019	0.10106	0.00685
13	0.01839	0.03771	0.02093	0.14466	0.06274	0.08478	0.08144	0.13913	0.01841	0.07729	0.01827	0.06368	0.01612	0.03419	0.04889	0.00295	0.05343	0.06334	0.00486	0.00880
14	0.01806	0.04716	0.17248	0.05639	0.05447	0.07897	0.06585	0.08046	0.10820	0.08503	0.04659	0.02023	0.01505	0.01162	0.07067	0.00291	0.00934	0.00649	0.00481	0.04523
15	0.01952	0.13143	0.05261	0.01496	0.01958	0.14770	0.06701	0.07705	0.05512	0.09120	0.01823	0.05141	0.03613	0.01033	0.03940	0.00237	0.04013	0.00657	0.03862	0.08061

[dist]
# distance from previous block
# <min> <max>
19	177

[block]
# block no. 8 follows, 30 sequences, length 10
# corresponding to MSA columns:
# 371-380
name=unknown_I
#
# <colnr> <probs for GDERKNQSTAVLIFYWHMCP>
#	G	D	E	R	K	N	Q	S	T	A	V	L	I	F	Y	W	H	M	C	P
0	0.16883	0.01602	0.06170	0.01653	0.10853	0.05535	0.01207	0.06425	0.10673	0.11901	0.01877	0.08637	0.01558	0.00857	0.00636	0.00207	0.00659	0.00692	0.00536	0.11439
1	0.01581	0.01390	0.01863	0.01340	0.01966	0.01152	0.09962	0.07769	0.01637	0.02457	0.01302	0.01526	0.01051	0.00555	0.00574	0.00130	0.00628	0.00488	0.00431	0.62200
2	0.03328	0.06300	0.03990	0.01582	0.02112	0.13283	0.12446	0.04205	0.02955	0.04008	0.04411	0.01810	0.01338	0.00703	0.00708	0.00174	0.04367	0.01814	0.00426	0.30041
3	0.08958	0.00719	0.00806	0.00881	0.01027	0.00680	0.00623	0.01108	0.01430	0.02000	0.07791	0.43246	0.24531	0.01865	0.00821	0.00259	0.00399	0.01629	0.00632	0.00597
4	0.01384	0.01186	0.01372	0.01000	0.01581	0.00895	0.00797	0.01680	0.01462	0.02234	0.01834	0.01984	0.08149	0.00644	0.00548	0.00117	0.00500	0.00521	0.00437	0.71674
5	0.01584	0.01316	0.01839	0.05021	0.08894	0.01101	0.07027	0.01929	0.01521	0.07152	0.01578	0.01788	0.03582	0.00612	0.00594	0.00144	0.00626	0.00539	0.00437	0.52719
6	0.01589	0.01508	0.02523	0.24144	0.47150	0.01577	0.01992	0.02011	0.01523	0.02136	0.01287	0.01746	0.01050	0.00636	0.00681	0.00207	0.00837	0.00607	0.00340	0.06455
7	0.01423	0.01075	0.01252	0.00984	0.01456	0.00868	0.00774	0.01765	0.04397	0.08385	0.07314	0.05338	0.16913	0.00952	0.00641	0.00161	0.00474	0.00792	0.00548	0.44488
8	0.04369	0.03222	0.01666	0.01361	0.06419	0.02408	0.03350	0.04668	0.03564	0.04614	0.03352	0.01874	0.02997	0.02713	0.02450	0.00180	0.00624	0.00542	0.00453	0.49174
9	0.01625	0.01605	0.09109	0.09406	0.10566	0.03151	0.09106	0.11636	0.03462	0.05689	0.04209	0.09966	0.06297	0.07925	0.01045	0.00272	0.02672	0.00889	0.00492	0.00879

[dist]
# distance from previous block
# <min> <max>
16	81

[block]
# block no. 9 follows, 30 sequences, length 11
# corresponding to MSA columns:
# 487-497
name=unknown_J
#
# <colnr> <probs for GDERKNQSTAVLIFYWHMCP>
#	G	D	E	R	K	N	Q	S	T	A	V	L	I	F	Y	W	H	M	C	P
0	0.01774	0.01398	0.04171	0.01361	0.01827	0.01296	0.06090	0.13688	0.08311	0.10960	0.07818	0.07266	0.07926	0.00983	0.00768	0.00203	0.03775	0.00824	0.00595	0.18965
1	0.01731	0.01580	0.06234	0.01480	0.04667	0.07303	0.04520	0.08466	0.07062	0.08533	0.02094	0.12696	0.03463	0.01114	0.03573	0.00230	0.00727	0.00799	0.00525	0.23204
2	0.01715	0.03711	0.01982	0.01534	0.01959	0.03879	0.13568	0.14040	0.08297	0.06489	0.08237	0.10442	0.05167	0.04778	0.00884	0.00241	0.00703	0.03237	0.00575	0.08561
3	0.01241	0.00950	0.01132	0.00976	0.01324	0.00800	0.00745	0.01550	0.04045	0.04977	0.12722	0.15410	0.12564	0.04332	0.00827	0.00211	0.00465	0.03724	0.00575	0.31429
4	0.02120	0.51153	0.03092	0.01389	0.01916	0.22937	0.01245	0.05691	0.01675	0.01801	0.01037	0.01188	0.00911	0.00645	0.00513	0.00161	0.00895	0.00408	0.00337	0.00885
5	0.00896	0.00625	0.00804	0.00915	0.00978	0.00580	0.00615	0.00971	0.01309	0.01710	0.03935	0.53209	0.13801	0.05831	0.01224	0.09331	0.00434	0.01704	0.00597	0.00533
6	0.00962	0.00703	0.00928	0.01067	0.01185	0.00669	0.00832	0.01175	0.01485	0.01925	0.04229	0.37345	0.13539	0.02020	0.00912	0.00293	0.00498	0.28987	0.00646	0.00602
7	0.01855	0.69872	0.03488	0.01212	0.01793	0.02678	0.01187	0.02221	0.06960	0.01745	0.01122	0.01240	0.00995	0.00625	0.00469	0.00156	0.00731	0.00407	0.00332	0.00912
8	0.01874	0.12497	0.04694	0.01306	0.01734	0.04547	0.01121	0.23394	0.06655	0.05826	0.07093	0.07665	0.08597	0.01097	0.00704	0.00217	0.00656	0.05907	0.03494	0.00923
9	0.01549	0.34123	0.12891	0.01247	0.01738	0.01802	0.01229	0.01926	0.04308	0.04748	0.05791	0.06056	0.04100	0.06472	0.06645	0.00302	0.00803	0.03014	0.00422	0.00832
10	0.01866	0.10161	0.04549	0.01239	0.01634	0.08467	0.01025	0.09914	0.11095	0.13373	0.02989	0.09506	0.13447	0.06532	0.00910	0.00250	0.00659	0.00903	0.00596	0.00885

[dist]
# distance from previous block
# <min> <max>
2	6

[block]
# block no. 10 follows, 30 sequences, length 76
# corresponding to MSA columns:
# 504-579
name=unknown_K
#
# <colnr> <probs for GDERKNQSTAVLIFYWHMCP>
#	G	D	E	R	K	N	Q	S	T	A	V	L	I	F	Y	W	H	M	C	P
0	0.14527	0.05979	0.07542	0.05134	0.05079	0.01639	0.07306	0.14085	0.04412	0.12017	0.04429	0.02095	0.01478	0.00829	0.00746	0.00220	0.04694	0.03476	0.00527	0.03786
1	0.01985	0.29530	0.06519	0.01413	0.01892	0.17292	0.01258	0.09142	0.04226	0.04627	0.03579	0.04860	0.03436	0.00854	0.00664	0.00191	0.03398	0.02343	0.00438	0.02356
2	0.01847	0.07815	0.06717	0.01530	0.05007	0.04309	0.01252	0.15445	0.17652	0.05033	0.01972	0.06409	0.01655	0.00904	0.00720	0.00205	0.03133	0.03537	0.00550	0.14307
3	0.01809	0.01598	0.01912	0.09259	0.04866	0.09077	0.07533	0.12658	0.17541	0.05340	0.02167	0.10890	0.01886	0.01131	0.02950	0.00255	0.00796	0.03513	0.00555	0.04267
4	0.01410	0.01355	0.01928	0.04817	0.01842	0.01854	0.01411	0.01595	0.01094	0.01672	0.01125	0.01789	0.01086	0.02017	0.16588	0.00469	0.56255	0.00639	0.00320	0.00735
5	0.01702	0.09494	0.07917	0.08859	0.17569	0.09244	0.04382	0.02277	0.10857	0.02100	0.04143	0.01836	0.01350	0.00825	0.00965	0.00225	0.14307	0.00624	0.00395	0.00929
6	0.03866	0.14933	0.20826	0.04419	0.12104	0.06438	0.12838	0.02331	0.04352	0.06949	0.01378	0.01615	0.01055	0.00682	0.00708	0.00210	0.03361	0.00579	0.00377	0.00979
7	0.01864	0.01007	0.01307	0.01191	0.01477	0.00980	0.00940	0.08582	0.01807	0.25564	0.05476	0.26190	0.05537	0.01493	0.00871	0.00256	0.03552	0.10333	0.00715	0.00859
8	0.00855	0.00636	0.00799	0.00927	0.01013	0.00580	0.00640	0.00995	0.01400	0.01815	0.04528	0.58020	0.18717	0.02088	0.00879	0.00275	0.00403	0.04209	0.00648	0.00574
9	0.07864	0.07909	0.14177	0.01888	0.02463	0.10047	0.19595	0.06087	0.04015	0.06321	0.01743	0.04730	0.04332	0.00815	0.00780	0.00221	0.04964	0.00702	0.00430	0.00917
10	0.01908	0.07110	0.10209	0.04241	0.17506	0.10950	0.04282	0.05562	0.05783	0.10207	0.03865	0.04141	0.04367	0.00855	0.00796	0.00216	0.05875	0.00691	0.00467	0.00967
11	0.00850	0.00607	0.00810	0.00972	0.01012	0.00567	0.00648	0.00972	0.01336	0.01781	0.03846	0.75020	0.04615	0.02186	0.00891	0.00283	0.00405	0.01984	0.00648	0.00567
12	0.01647	0.01848	0.06378	0.10789	0.06069	0.04121	0.40340	0.04908	0.04511	0.02223	0.01422	0.01861	0.01097	0.00843	0.03407	0.00266	0.06236	0.00739	0.00372	0.00922
13	0.04530	0.08669	0.15691	0.08372	0.05458	0.07291	0.10261	0.08475	0.07645	0.02304	0.01533	0.03393	0.01272	0.00879	0.00864	0.03340	0.05428	0.03274	0.00413	0.00911
14	0.01492	0.01059	0.01321	0.01368	0.07051	0.01074	0.00943	0.06909	0.15521	0.09692	0.15236	0.23601	0.09043	0.01404	0.00787	0.00240	0.00498	0.01230	0.00683	0.00847
15	0.00883	0.00663	0.00819	0.00878	0.01003	0.00599	0.00621	0.01078	0.01583	0.02098	0.23780	0.37881	0.21842	0.01864	0.00855	0.00253	0.00370	0.01649	0.00682	0.00599
16	0.02244	0.08067	0.09726	0.04585	0.02286	0.40079	0.04460	0.02541	0.01809	0.08588	0.05131	0.01662	0.01301	0.00771	0.00716	0.00197	0.04001	0.00551	0.00415	0.00870
17	0.04998	0.02451	0.30912	0.02352	0.14925	0.04140	0.11110	0.04888	0.01604	0.06287	0.01515	0.06083	0.01231	0.00779	0.00758	0.00225	0.03684	0.00677	0.00391	0.00990
18	0.00882	0.00634	0.00843	0.00998	0.01061	0.00596	0.00699	0.01029	0.01378	0.01822	0.03956	0.64368	0.07177	0.02139	0.00897	0.00286	0.00431	0.09581	0.00647	0.00577
19	0.02139	0.04414	0.04638	0.04266	0.01950	0.01426	0.03579	0.09987	0.13976	0.25430	0.04496	0.02318	0.01747	0.01339	0.08438	0.00316	0.04095	0.00707	0.03728	0.01011
20	0.04191	0.01434	0.10314	0.11628	0.10633	0.01236	0.04602	0.01940	0.09927	0.04531	0.10075	0.13329	0.07689	0.04343	0.00866	0.00253	0.00673	0.00983	0.00517	0.00836
21	0.01681	0.08213	0.22575	0.09173	0.05049	0.05139	0.12017	0.07110	0.07021	0.04826	0.04395	0.04796	0.01459	0.00800	0.00737	0.00221	0.02717	0.00691	0.00427	0.00955
22	0.01940	0.47359	0.08793	0.01433	0.04531	0.02348	0.01331	0.11121	0.06002	0.05004	0.01466	0.01551	0.03069	0.00702	0.00546	0.00176	0.00746	0.00500	0.00412	0.00970
23	0.01718	0.01681	0.07932	0.06002	0.07549	0.05634	0.10090	0.11422	0.04308	0.06893	0.08205	0.05355	0.08148	0.01026	0.00910	0.00234	0.08340	0.03132	0.00518	0.00902
24	0.03351	0.07541	0.04099	0.12324	0.08970	0.09177	0.05946	0.07844	0.04009	0.08897	0.04389	0.08483	0.04071	0.00925	0.00767	0.00217	0.04214	0.00769	0.00484	0.03521
25	0.01751	0.01768	0.08280	0.08773	0.02077	0.15809	0.01264	0.06791	0.06827	0.08267	0.06847	0.05190	0.01890	0.04521	0.16390	0.00427	0.01067	0.00738	0.00489	0.00834
26	0.01166	0.00840	0.01083	0.01111	0.03980	0.00822	0.00793	0.03979	0.04694	0.05129	0.30478	0.15280	0.12357	0.04342	0.07496	0.00333	0.00567	0.04182	0.00664	0.00703
27	0.01899	0.07909	0.16568	0.04904	0.15068	0.06990	0.10110	0.02372	0.03395	0.12546	0.01474	0.01714	0.01114	0.00754	0.00880	0.00222	0.10067	0.00608	0.00415	0.00989
28	0.05097	0.15412	0.20868	0.01821	0.05053	0.07420	0.09276	0.09731	0.08154	0.02402	0.01592	0.05090	0.01334	0.00802	0.00660	0.00212	0.00871	0.02816	0.00427	0.00961
29	0.01792	0.05510	0.17829	0.02068	0.09697	0.13860	0.09883	0.05041	0.09911	0.04228	0.04362	0.01910	0.01412	0.01067	0.05689	0.00277	0.03447	0.00640	0.00426	0.00951
30	0.01015	0.00738	0.00917	0.03883	0.01183	0.00708	0.00687	0.04331	0.01490	0.01933	0.09848	0.31062	0.22386	0.05008	0.01199	0.10540	0.00461	0.01439	0.00593	0.00579
31	0.07535	0.04706	0.13926	0.20168	0.05669	0.03520	0.03758	0.02009	0.07842	0.04107	0.02040	0.12425	0.04445	0.01139	0.03520	0.00265	0.00817	0.00827	0.00439	0.00843
32	0.05143	0.05066	0.01940	0.09293	0.04545	0.10787	0.04096	0.14589	0.20007	0.08322	0.04581	0.02254	0.04601	0.00864	0.00686	0.00216	0.00753	0.00699	0.00575	0.00984
33	0.01339	0.01263	0.02125	0.55167	0.08086	0.01543	0.04331	0.01763	0.01367	0.01806	0.01287	0.01912	0.01021	0.01151	0.07556	0.00320	0.06219	0.00639	0.00319	0.00786
34	0.01754	0.01608	0.06745	0.02388	0.22254	0.01499	0.08669	0.14394	0.05983	0.05991	0.02415	0.05945	0.07521	0.01006	0.00758	0.00233	0.00761	0.08567	0.00528	0.00982
35	0.01575	0.04142	0.01834	0.04239	0.08674	0.01267	0.08480	0.06700	0.08884	0.07911	0.02448	0.12193	0.05414	0.10573	0.02993	0.00304	0.00711	0.03875	0.00533	0.07249
36	0.05038	0.01513	0.01860	0.01778	0.11142	0.06291	0.03926	0.14452	0.04717	0.22615	0.08000	0.02684	0.06137	0.00951	0.00773	0.00221	0.03324	0.02934	0.00639	0.01008
37	0.00908	0.00717	0.00845	0.00875	0.01064	0.00654	0.00676	0.01129	0.01578	0.02001	0.14169	0.12038	0.40566	0.02106	0.07579	0.00333	0.00539	0.10977	0.00637	0.00607
38	0.01765	0.12463	0.15625	0.05483	0.17870	0.05277	0.22594	0.04288	0.01639	0.04498	0.01330	0.01648	0.01028	0.00638	0.00691	0.00210	0.00977	0.00625	0.00360	0.00990
39	0.04839	0.17445	0.09072	0.01670	0.05020	0.18303	0.04124	0.12445	0.04688	0.11363	0.03616	0.01674	0.01282	0.00744	0.00628	0.00195	0.00869	0.00558	0.00485	0.00977
40	0.02554	0.01243	0.01552	0.01230	0.01698	0.01181	0.01001	0.14729	0.04895	0.43104	0.11660	0.02924	0.07023	0.00997	0.00726	0.00217	0.00573	0.00817	0.00801	0.01075
41	0.00973	0.00800	0.00953	0.03235	0.03581	0.00761	0.00728	0.01318	0.07272	0.02021	0.10493	0.22720	0.36626	0.01818	0.03224	0.00275	0.00466	0.01445	0.00633	0.00657
42	0.08113	0.17143	0.04229	0.01627	0.09075	0.05111	0.03453	0.05512	0.10019	0.17525	0.04517	0.05043	0.04016	0.00857	0.00643	0.00206	0.00688	0.00692	0.00553	0.00978
43	0.01679	0.01746	0.03424	0.12909	0.19333	0.01734	0.40133	0.06034	0.01694	0.02310	0.01381	0.01831	0.01059	0.00626	0.00768	0.00227	0.01038	0.00738	0.00365	0.00971
44	0.01013	0.00684	0.00799	0.00799	0.00812	0.00697	0.00470	0.01039	0.01026	0.01381	0.02164	0.04376	0.02454	0.68134	0.10780	0.00723	0.00801	0.00987	0.00418	0.00444
45	0.06993	0.05235	0.16618	0.13047	0.05704	0.13947	0.06489	0.09086	0.01680	0.02251	0.01259	0.01601	0.00994	0.01004	0.05100	0.00272	0.06886	0.00566	0.00372	0.00897
46	0.04721	0.11387	0.16064	0.04515	0.05201	0.13729	0.01537	0.15081	0.01874	0.02429	0.01710	0.06177	0.03932	0.00910	0.00758	0.00216	0.05142	0.03260	0.00441	0.00916
47	0.01302	0.01121	0.01198	0.01192	0.01388	0.07646	0.00948	0.01630	0.06046	0.04727	0.04021	0.15550	0.21744	0.01628	0.00995	0.00267	0.08266	0.19039	0.00596	0.00697
48	0.01015	0.00752	0.01018	0.01106	0.03560	0.00794	0.00784	0.01227	0.01318	0.01870	0.04602	0.26032	0.10882	0.02916	0.25767	0.00551	0.04119	0.01214	0.09845	0.00628
49	0.04935	0.13442	0.15645	0.02162	0.17162	0.04589	0.04900	0.08682	0.01794	0.17777	0.01586	0.01692	0.01154	0.00703	0.00646	0.00204	0.00820	0.00576	0.00481	0.01053
50	0.01241	0.01083	0.01681	0.01451	0.01635	0.01249	0.09380	0.03883	0.01322	0.01879	0.06516	0.02810	0.04530	0.08766	0.33626	0.00680	0.16353	0.00808	0.00410	0.00697
51	0.01493	0.14296	0.55283	0.01959	0.02894	0.01805	0.08549	0.02194	0.01481	0.02127	0.01225	0.01458	0.00902	0.00646	0.00646	0.00212	0.01002	0.00523	0.00301	0.01002
52	0.01942	0.04008	0.07291	0.08001	0.17075	0.06027	0.01500	0.15387	0.07876	0.08957	0.01854	0.05616	0.01519	0.00918	0.00761	0.02861	0.00764	0.02946	0.03713	0.00984
53	0.02080	0.19831	0.05442	0.01766	0.04697	0.12700	0.13326	0.04987	0.06058	0.14048	0.01758	0.07197	0.01444	0.00814	0.00664	0.00204	0.00853	0.00694	0.00484	0.00953
54	0.01967	0.01596	0.01817	0.03261	0.07158	0.10864	0.04053	0.11475	0.10630	0.12510	0.11557	0.07058	0.02362	0.01044	0.00869	0.00229	0.06941	0.03073	0.00600	0.00935
55	0.00897	0.00679	0.00866	0.00944	0.01038	0.00649	0.00664	0.01066	0.01483	0.01977	0.16244	0.48133	0.15990	0.01942	0.00922	0.00265	0.03276	0.01715	0.00656	0.00595
56	0.04349	0.06318	0.14744	0.09496	0.16547	0.04590	0.21452	0.04501	0.01592	0.02212	0.01372	0.04284	0.01126	0.00716	0.00768	0.00223	0.03724	0.00682	0.00358	0.00947
57	0.01852	0.01648	0.04695	0.11462	0.05135	0.09283	0.13945	0.04889	0.06524	0.12512	0.01766	0.05070	0.01414	0.01311	0.07637	0.03512	0.05254	0.00729	0.00471	0.00891
58	0.01277	0.00966	0.01262	0.01396	0.09502	0.00949	0.00934	0.04345	0.08690	0.05480	0.26510	0.14009	0.14394	0.01424	0.00805	0.00238	0.00476	0.05895	0.00670	0.00777
59	0.04999	0.05313	0.21950	0.09939	0.17489	0.11334	0.04056	0.04707	0.01596	0.02146	0.01511	0.01923	0.03593	0.05541	0.00849	0.00240	0.00923	0.00611	0.00361	0.00920
60	0.02025	0.18852	0.13822	0.01889	0.04167	0.07177	0.15099	0.12053	0.04187	0.09391	0.01466	0.01628	0.01102	0.00711	0.00713	0.00206	0.03478	0.00592	0.00444	0.00999
61	0.02445	0.01759	0.03911	0.01614	0.02137	0.08211	0.09518	0.22145	0.08441	0.24318	0.02216	0.02215	0.03821	0.03010	0.00796	0.00229	0.00781	0.00710	0.00656	0.01067
62	0.00912	0.00704	0.00778	0.00789	0.00990	0.00606	0.00580	0.01101	0.01608	0.03843	0.14727	0.18067	0.49294	0.01770	0.00833	0.00241	0.00365	0.01512	0.00669	0.00610
63	0.01669	0.02063	0.22717	0.06560	0.07303	0.04302	0.06773	0.06439	0.08120	0.09154	0.08544	0.06714	0.04714	0.00924	0.00724	0.00225	0.00795	0.00799	0.00506	0.00955
64	0.01791	0.04797	0.20454	0.05298	0.06838	0.05858	0.17021	0.05527	0.03814	0.10742	0.04429	0.06997	0.01580	0.00824	0.00723	0.00222	0.00899	0.00756	0.00461	0.00967
65	0.02009	0.02050	0.02008	0.13149	0.05297	0.23737	0.04657	0.08231	0.18520	0.04146	0.01682	0.01872	0.01304	0.00988	0.03802	0.00255	0.04264	0.00626	0.00477	0.00926
66	0.01638	0.01433	0.01995	0.08429	0.21535	0.01606	0.01523	0.08677	0.17760	0.02473	0.02097	0.05764	0.01875	0.01046	0.00933	0.00248	0.09407	0.10093	0.00512	0.00957
67	0.01764	0.04179	0.22900	0.03609	0.10610	0.04224	0.10795	0.05189	0.08385	0.08588	0.01631	0.04227	0.01277	0.00813	0.00870	0.00230	0.08604	0.00674	0.00434	0.00995
68	0.01999	0.04440	0.01793	0.01445	0.04265	0.01524	0.04003	0.29095	0.06118	0.10669	0.11357	0.05462	0.12625	0.01078	0.00736	0.00218	0.00626	0.00896	0.00672	0.00979
69	0.00859	0.00632	0.00806	0.00924	0.01005	0.00579	0.00631	0.01008	0.01433	0.01892	0.10570	0.58464	0.14528	0.02054	0.00875	0.00270	0.00390	0.01841	0.00659	0.00579
70	0.04548	0.04785	0.07550	0.07577	0.05409	0.09242	0.10269	0.14880	0.08575	0.05974	0.04268	0.02346	0.04337	0.00874	0.00761	0.00223	0.03277	0.03645	0.00509	0.00951
71	0.04553	0.04606	0.07806	0.09466	0.10702	0.06172	0.09253	0.10770	0.08074	0.10008	0.01845	0.02021	0.04330	0.00816	0.00814	0.00223	0.06407	0.00670	0.00486	0.00978
72	0.14068	0.02673	0.35750	0.02182	0.06196	0.04743	0.20224	0.02213	0.01503	0.02345	0.01247	0.01534	0.00923	0.00641	0.00670	0.00222	0.00993	0.00580	0.00338	0.00957
73	0.00974	0.00880	0.03752	0.00968	0.01200	0.00746	0.00794	0.01313	0.05924	0.01992	0.05350	0.17023	0.39224	0.01769	0.00850	0.00261	0.00463	0.15233	0.00636	0.00648
74	0.01732	0.20215	0.19825	0.07217	0.12750	0.04776	0.05453	0.04495	0.06951	0.04868	0.01627	0.01810	0.03911	0.00722	0.00638	0.00203	0.00851	0.00590	0.00393	0.00976
75	0.01703	0.04546	0.08150	0.04849	0.10729	0.05886	0.05504	0.03368	0.03630	0.12680	0.09014	0.10216	0.06781	0.01209	0.03424	0.00260	0.05749	0.00888	0.00527	0.00885

[dist]
# distance from previous block
# <min> <max>
0	7

[block]
# block no. 11 follows, 30 sequences, length 8
# corresponding to MSA columns:
# 587-594
name=unknown_L
#
# <colnr> <probs for GDERKNQSTAVLIFYWHMCP>
#	G	D	E	R	K	N	Q	S	T	A	V	L	I	F	Y	W	H	M	C	P
0	0.01744	0.03937	0.01253	0.01035	0.01320	0.00896	0.00800	0.02014	0.05619	0.24305	0.16092	0.13345	0.11245	0.01464	0.01027	0.10877	0.00494	0.01056	0.00683	0.00795
1	0.01797	0.08024	0.13697	0.05729	0.09195	0.01795	0.25768	0.10109	0.01746	0.06386	0.01440	0.01811	0.01110	0.03072	0.00898	0.00237	0.05129	0.00675	0.00407	0.00976
2	0.05176	0.04870	0.13700	0.04146	0.12699	0.01481	0.12922	0.05337	0.01637	0.14348	0.01836	0.09349	0.01534	0.01099	0.04584	0.00274	0.02791	0.00778	0.00478	0.00961
