[name]
unknown

[dist]
# distance from previous block
# <min> <max>
0	44

[block]
# block no. 0 follows, 30 sequences, length 7
# corresponding to MSA columns:
# 47-53
name=unknown_A
#
# <colnr> <probs for GDERKNQSTAVLIFYWHMCP>
#	G	D	E	R	K	N	Q	S	T	A	V	L	I	F	Y	W	H	M	C	P
0	0.01033	0.00738	0.01019	0.01180	0.01301	0.00724	0.00965	0.01287	0.01516	0.01986	0.03745	0.30334	0.04217	0.02014	0.00939	0.00309	0.00563	0.44869	0.00644	0.00617
1	0.01599	0.01365	0.01329	0.01204	0.01414	0.11713	0.00885	0.16344	0.01705	0.02172	0.01937	0.07308	0.01927	0.26011	0.19418	0.00585	0.01061	0.00839	0.00476	0.00708
2	0.00995	0.01025	0.08547	0.00959	0.01234	0.00747	0.00837	0.01342	0.01834	0.02528	0.48822	0.05149	0.20518	0.01421	0.00806	0.00223	0.00411	0.01229	0.00690	0.00683
3	0.01447	0.01240	0.01447	0.01034	0.01654	0.00930	0.00827	0.01757	0.01447	0.02274	0.01240	0.01447	0.01034	0.00517	0.00517	0.00103	0.00517	0.00413	0.00413	0.79742
4	0.01046	0.00766	0.01015	0.01098	0.01270	0.00735	0.00920	0.01348	0.01696	0.02236	0.20964	0.07035	0.14557	0.01779	0.00908	0.00283	0.00521	0.40509	0.00675	0.00639
5	0.01155	0.00842	0.01141	0.01268	0.01444	0.00853	0.01094	0.01581	0.05953	0.02186	0.07888	0.07369	0.04059	0.01834	0.00939	0.00309	0.00617	0.58141	0.00655	0.00673
6	0.01339	0.01113	0.01223	0.01160	0.01435	0.01207	0.00876	0.02486	0.38052	0.02548	0.13241	0.16756	0.12984	0.01357	0.00775	0.00243	0.00466	0.01171	0.00698	0.00870

[dist]
# distance from previous block
# <min> <max>
0	1

[block]
# block no. 1 follows, 30 sequences, length 19
# corresponding to MSA columns:
# 55-73
name=unknown_B
#
# <colnr> <probs for GDERKNQSTAVLIFYWHMCP>
#	G	D	E	R	K	N	Q	S	T	A	V	L	I	F	Y	W	H	M	C	P
0	0.05526	0.01736	0.10397	0.01591	0.02190	0.01449	0.11943	0.13227	0.09075	0.06826	0.01749	0.06239	0.01410	0.00774	0.00664	0.00193	0.00728	0.00678	0.00510	0.23096
1	0.01301	0.00650	0.00650	0.00650	0.00813	0.00650	0.00488	0.01626	0.01463	0.02602	0.02276	0.02602	0.01789	0.00813	0.00488	0.00163	0.00325	0.00650	0.79350	0.00650
2	0.80405	0.01350	0.01026	0.00918	0.01350	0.01565	0.00756	0.02051	0.01188	0.03131	0.00972	0.01134	0.00756	0.00648	0.00432	0.00216	0.00540	0.00378	0.00432	0.00756
3	0.01527	0.01527	0.02137	0.01832	0.01832	0.02137	0.01527	0.01679	0.01069	0.01679	0.00916	0.01527	0.00916	0.01221	0.02290	0.00305	0.74198	0.00611	0.00305	0.00763
4	0.02571	0.03100	0.01971	0.01760	0.02142	0.62143	0.01335	0.09589	0.05279	0.02040	0.01222	0.01364	0.00986	0.00742	0.00640	0.00185	0.01175	0.00484	0.00411	0.00861
5	0.01000	0.00737	0.01066	0.01066	0.01171	0.00842	0.00803	0.01210	0.01105	0.01579	0.01920	0.03024	0.01867	0.16121	0.61991	0.01053	0.01684	0.00789	0.00381	0.00592
6	0.01301	0.00650	0.00650	0.00650	0.00813	0.00650	0.00488	0.01626	0.01463	0.02602	0.02276	0.02602	0.01789	0.00813	0.00488	0.00163	0.00325	0.00650	0.79350	0.00650
7	0.00997	0.00748	0.01121	0.01121	0.01246	0.00872	0.00872	0.01246	0.01121	0.01620	0.01869	0.02741	0.01745	0.05234	0.72710	0.01121	0.01869	0.00748	0.00374	0.00623
8	0.25200	0.14316	0.13364	0.01396	0.04189	0.04319	0.01272	0.06641	0.07196	0.02499	0.01452	0.01887	0.01229	0.04570	0.05084	0.00286	0.00799	0.03005	0.00426	0.00869
9	0.01301	0.00650	0.00650	0.00650	0.00813	0.00650	0.00488	0.01626	0.01463	0.02602	0.02276	0.02602	0.01789	0.00813	0.00488	0.00163	0.00325	0.00650	0.79350	0.00650
10	0.00844	0.00633	0.00783	0.00902	0.00994	0.00573	0.00617	0.00979	0.01403	0.01809	0.04692	0.57090	0.22000	0.02076	0.00873	0.00271	0.00391	0.01850	0.00648	0.00573
11	0.02118	0.01918	0.01945	0.02016	0.15106	0.16249	0.01345	0.26402	0.06858	0.02934	0.01849	0.10240	0.01609	0.00935	0.00694	0.00211	0.00798	0.00760	0.05027	0.00985
12	0.02396	0.02295	0.01895	0.01618	0.02039	0.28593	0.01269	0.21174	0.19075	0.07113	0.01777	0.01785	0.01335	0.00836	0.00736	0.00209	0.03676	0.00604	0.00569	0.01008
13	0.01212	0.00606	0.00909	0.00909	0.00909	0.00606	0.00606	0.00909	0.00909	0.01212	0.01212	0.02121	0.01212	0.02424	0.02727	0.79697	0.00606	0.00606	0.00303	0.00303
14	0.00940	0.00659	0.00769	0.00819	0.00862	0.00631	0.00506	0.01000	0.01187	0.01553	0.03328	0.26644	0.11865	0.43422	0.02382	0.00499	0.00551	0.01373	0.00521	0.00489
15	0.02104	0.04243	0.08924	0.01746	0.07829	0.16018	0.01377	0.15244	0.14737	0.09296	0.09560	0.02196	0.01917	0.00860	0.00689	0.00209	0.00792	0.00681	0.00573	0.01004
16	0.07138	0.02176	0.01969	0.01592	0.02089	0.17033	0.01281	0.46131	0.07758	0.03645	0.01593	0.01623	0.01170	0.00809	0.00669	0.00206	0.00843	0.00587	0.00612	0.01075
17	0.07099	0.06351	0.01986	0.01690	0.02077	0.57931	0.01294	0.06507	0.05212	0.01999	0.01185	0.01333	0.00965	0.00727	0.00617	0.00185	0.01131	0.00468	0.00397	0.00845
18	0.02095	0.02344	0.12471	0.05780	0.02379	0.19692	0.03926	0.16146	0.15892	0.05035	0.01673	0.01756	0.01250	0.00767	0.00671	0.00205	0.00890	0.00594	0.00507	0.05926

[dist]
# distance from previous block
# <min> <max>
0	3

[block]
# block no. 2 follows, 30 sequences, length 35
# corresponding to MSA columns:
# 78-112
name=unknown_C
#
# <colnr> <probs for GDERKNQSTAVLIFYWHMCP>
#	G	D	E	R	K	N	Q	S	T	A	V	L	I	F	Y	W	H	M	C	P
0	0.07409	0.07154	0.06157	0.14439	0.14634	0.10435	0.03522	0.12802	0.09327	0.02557	0.03958	0.01812	0.01320	0.00747	0.00659	0.00210	0.00836	0.00608	0.00452	0.00961
1	0.07995	0.06056	0.55470	0.01751	0.02615	0.01554	0.02161	0.02078	0.01469	0.02276	0.05300	0.05400	0.01388	0.00780	0.00656	0.00221	0.00907	0.00616	0.00351	0.00958
2	0.00860	0.00612	0.00807	0.00959	0.00997	0.00574	0.00634	0.00974	0.01316	0.01755	0.03745	0.70679	0.04487	0.06702	0.01055	0.00308	0.00422	0.01924	0.00634	0.00558
3	0.06427	0.01960	0.01883	0.01669	0.05913	0.14998	0.01259	0.26271	0.17223	0.12423	0.01907	0.01870	0.01385	0.00821	0.00674	0.00211	0.00781	0.00627	0.00626	0.01072
4	0.01301	0.00650	0.00650	0.00650	0.00813	0.00650	0.00488	0.01626	0.01463	0.02602	0.02276	0.02602	0.01789	0.00813	0.00488	0.00163	0.00325	0.00650	0.79350	0.00650
5	0.01447	0.01240	0.01447	0.01034	0.01654	0.00930	0.00827	0.01757	0.01447	0.02274	0.01240	0.01447	0.01034	0.00517	0.00517	0.00103	0.00517	0.00413	0.00413	0.79742
6	0.01705	0.13200	0.07107	0.02455	0.03084	0.01965	0.45230	0.05378	0.01626	0.02194	0.01301	0.01701	0.01017	0.00667	0.00896	0.00227	0.08251	0.00709	0.00354	0.00933
7	0.01301	0.00650	0.00650	0.00650	0.00813	0.00650	0.00488	0.01626	0.01463	0.02602	0.02276	0.02602	0.01789	0.00813	0.00488	0.00163	0.00325	0.00650	0.79350	0.00650
8	0.01318	0.01240	0.02093	0.73798	0.04806	0.01550	0.01938	0.01783	0.01395	0.01783	0.01240	0.01860	0.00930	0.00698	0.00698	0.00233	0.00930	0.00620	0.00310	0.00775
9	0.07264	0.01712	0.05358	0.01684	0.05594	0.03928	0.07301	0.23683	0.10676	0.16462	0.04980	0.02079	0.01602	0.00824	0.00688	0.00215	0.00726	0.00681	0.03482	0.01060
10	0.04681	0.11600	0.01865	0.01279	0.01751	0.08235	0.01048	0.19883	0.09015	0.02844	0.10265	0.02275	0.05279	0.00854	0.00636	0.00183	0.00657	0.00662	0.00555	0.16434
11	0.00892	0.00694	0.00810	0.00813	0.00992	0.00613	0.00598	0.01120	0.01702	0.02226	0.31421	0.16385	0.35839	0.01697	0.00834	0.00237	0.00352	0.01467	0.00695	0.00613
12	0.07052	0.07834	0.07143	0.04289	0.06007	0.08095	0.05425	0.11850	0.18396	0.02691	0.08700	0.02392	0.05405	0.00880	0.00680	0.00214	0.00733	0.00722	0.00539	0.00952
13	0.01856	0.10918	0.14296	0.05186	0.02265	0.14050	0.05467	0.06170	0.10598	0.06715	0.08257	0.02126	0.03190	0.00850	0.00765	0.00213	0.05013	0.00662	0.00477	0.00926
14	0.01721	0.01588	0.15045	0.01309	0.01836	0.01137	0.01250	0.02349	0.11843	0.17829	0.03037	0.03510	0.12249	0.01070	0.00723	0.00221	0.00632	0.09788	0.00603	0.12260
15	0.01447	0.01240	0.01447	0.01034	0.01654	0.00930	0.00827	0.01757	0.01447	0.02274	0.01240	0.01447	0.01034	0.00517	0.00517	0.00103	0.00517	0.00413	0.00413	0.79742
16	0.04898	0.01303	0.01415	0.04133	0.01661	0.07556	0.00970	0.09703	0.01903	0.24724	0.08985	0.02764	0.07480	0.01114	0.03209	0.00241	0.03304	0.00761	0.12972	0.00904
17	0.00902	0.00639	0.00835	0.00952	0.01008	0.00604	0.00647	0.01042	0.01380	0.01854	0.10935	0.54434	0.04527	0.11599	0.01233	0.00330	0.00445	0.05442	0.00631	0.00562
18	0.02607	0.03326	0.01978	0.01798	0.02157	0.72674	0.01348	0.02787	0.01978	0.01708	0.01079	0.01258	0.00899	0.00719	0.00629	0.00180	0.01258	0.00449	0.00360	0.00809
19	0.01690	0.01331	0.01440	0.01275	0.01592	0.03920	0.00989	0.22532	0.14383	0.02946	0.12058	0.17605	0.03007	0.04563	0.00889	0.00253	0.00593	0.04762	0.00663	0.03508
20	0.02056	0.01124	0.01360	0.01164	0.01515	0.01117	0.00904	0.04718	0.18379	0.29158	0.07187	0.03440	0.05203	0.14845	0.01258	0.00312	0.00580	0.04026	0.00714	0.00941
21	0.00848	0.00615	0.00801	0.00950	0.01006	0.00569	0.00638	0.00974	0.01357	0.01790	0.04109	0.69443	0.10023	0.02152	0.00885	0.00280	0.00401	0.01942	0.00648	0.00569
22	0.01621	0.09858	0.06991	0.05578	0.07617	0.01829	0.46092	0.02130	0.01565	0.02116	0.01396	0.04002	0.01133	0.00677	0.00829	0.00228	0.04299	0.00765	0.00349	0.00925
23	0.01601	0.06257	0.08098	0.02354	0.02907	0.01777	0.40321	0.05325	0.01577	0.02171	0.01456	0.05040	0.01223	0.01050	0.05416	0.00294	0.11083	0.00783	0.00371	0.00896
24	0.01313	0.01144	0.01426	0.01299	0.01505	0.07213	0.08105	0.01707	0.11827	0.01862	0.02632	0.20545	0.06856	0.06534	0.08583	0.14428	0.00782	0.01079	0.00498	0.00662
25	0.00878	0.00628	0.00837	0.00971	0.01032	0.00587	0.00667	0.01033	0.01427	0.01922	0.12359	0.63673	0.04844	0.02080	0.00885	0.00277	0.00404	0.04252	0.00663	0.00581
26	0.04722	0.13159	0.11573	0.06484	0.12849	0.09425	0.05630	0.12976	0.05118	0.04379	0.01411	0.01699	0.01123	0.03419	0.00797	0.00223	0.03037	0.00581	0.00425	0.00971
27	0.04477	0.01245	0.01273	0.01164	0.01419	0.06675	0.00863	0.11345	0.12012	0.07997	0.02746	0.17152	0.06680	0.16080	0.05385	0.00372	0.00698	0.01037	0.00592	0.00788
28	0.00949	0.00728	0.00856	0.00884	0.01039	0.00678	0.00642	0.01228	0.04939	0.02074	0.19300	0.21849	0.27178	0.08838	0.01105	0.00291	0.00420	0.05735	0.00655	0.00612
29	0.00948	0.00688	0.00818	0.00861	0.01008	0.00618	0.00615	0.01120	0.01520	0.03978	0.13675	0.29916	0.29764	0.07590	0.01061	0.00287	0.00411	0.03873	0.00652	0.00597
30	0.01783	0.41406	0.28220	0.01539	0.02279	0.05882	0.01712	0.06279	0.01581	0.02021	0.01122	0.01289	0.00909	0.00642	0.00551	0.00181	0.00877	0.00444	0.00325	0.00958
31	0.01384	0.01199	0.05678	0.08811	0.05789	0.01106	0.01106	0.07117	0.08814	0.06281	0.12820	0.11643	0.15992	0.04331	0.00891	0.00255	0.00581	0.04793	0.00604	0.00804
32	0.01204	0.03066	0.01226	0.01114	0.01307	0.00879	0.04688	0.07537	0.01640	0.04450	0.09189	0.44075	0.09025	0.01703	0.00816	0.00252	0.00485	0.01524	0.05131	0.00690
33	0.11497	0.14386	0.04655	0.05198	0.10921	0.11707	0.03299	0.08999	0.04019	0.06604	0.05399	0.03942	0.01503	0.00982	0.03816	0.00242	0.00838	0.00621	0.00460	0.00913
34	0.03604	0.12944	0.22333	0.01959	0.14211	0.01606	0.01665	0.06257	0.01698	0.14366	0.05014	0.03918	0.01484	0.00764	0.00646	0.00201	0.00770	0.00623	0.00470	0.05468

[dist]
# distance from previous block
# <min> <max>
5	33

[block]
# block no. 3 follows, 30 sequences, length 15
# corresponding to MSA columns:
# 146-160
name=unknown_D
#
# <colnr> <probs for GDERKNQSTAVLIFYWHMCP>
#	G	D	E	R	K	N	Q	S	T	A	V	L	I	F	Y	W	H	M	C	P
0	0.04483	0.09340	0.16436	0.13038	0.02512	0.01707	0.01550	0.12003	0.10657	0.09404	0.01876	0.05506	0.02975	0.00873	0.00752	0.00223	0.04517	0.00683	0.00498	0.00968
1	0.08101	0.07163	0.12658	0.01574	0.02149	0.01600	0.08778	0.08873	0.16386	0.18688	0.02083	0.05564	0.01569	0.00847	0.00681	0.00221	0.00730	0.00713	0.00588	0.01034
2	0.01529	0.01485	0.02641	0.29459	0.32879	0.01582	0.11495	0.01981	0.01527	0.02079	0.01445	0.02171	0.01211	0.00724	0.00729	0.00227	0.00905	0.04647	0.00352	0.00932
3	0.05440	0.06580	0.30799	0.03529	0.11356	0.01565	0.01778	0.06471	0.07346	0.04126	0.02093	0.02306	0.08603	0.04107	0.00795	0.00237	0.00805	0.00676	0.00428	0.00960
4	0.01799	0.05316	0.17933	0.05265	0.09791	0.05664	0.12656	0.06436	0.06651	0.09561	0.01824	0.06428	0.01488	0.00837	0.00710	0.00222	0.00862	0.02791	0.02793	0.00974
5	0.02152	0.14838	0.17911	0.01472	0.02099	0.01834	0.01458	0.26567	0.02190	0.11978	0.01663	0.01724	0.01203	0.00757	0.00625	0.00198	0.00754	0.00571	0.08963	0.01044
6	0.01215	0.06435	0.18240	0.01500	0.05946	0.01163	0.03152	0.01672	0.04530	0.02135	0.13260	0.17994	0.06394	0.03815	0.04122	0.00293	0.00709	0.06124	0.00516	0.00785
7	0.02069	0.07917	0.02047	0.05838	0.10758	0.13818	0.03588	0.06937	0.12668	0.14499	0.02144	0.04850	0.04644	0.01061	0.03855	0.00251	0.00833	0.00714	0.00541	0.00968
8	0.01635	0.11125	0.18979	0.06708	0.06759	0.01614	0.08706	0.07944	0.06266	0.06284	0.01945	0.10450	0.03316	0.01100	0.03870	0.00261	0.00858	0.00790	0.00456	0.00936
9	0.01022	0.00777	0.01141	0.01127	0.01237	0.00914	0.00869	0.01249	0.01111	0.01603	0.01851	0.02819	0.01765	0.10141	0.64567	0.01053	0.05004	0.00761	0.00374	0.00615
10	0.01698	0.01674	0.02619	0.21270	0.40221	0.05992	0.06293	0.04549	0.01607	0.02169	0.01282	0.01731	0.01040	0.00680	0.00770	0.00218	0.04232	0.00624	0.00349	0.00981
11	0.01657	0.14867	0.08758	0.06089	0.13720	0.10150	0.03721	0.06761	0.01627	0.02060	0.01789	0.11511	0.01766	0.07482	0.00936	0.00255	0.00820	0.04759	0.00421	0.00850
12	0.01902	0.72336	0.03574	0.01224	0.01809	0.06191	0.01202	0.02124	0.01445	0.01645	0.00975	0.01126	0.00896	0.00603	0.00457	0.00151	0.00771	0.00377	0.00302	0.00891
13	0.01508	0.01400	0.06268	0.02540	0.29701	0.01261	0.06335	0.03932	0.01608	0.06234	0.08430	0.17110	0.02423	0.03433	0.04387	0.00286	0.00765	0.00989	0.00488	0.00902
14	0.01852	0.08745	0.21431	0.06362	0.13138	0.08951	0.01701	0.02390	0.05600	0.12783	0.06648	0.04126	0.01648	0.00806	0.00674	0.00211	0.00828	0.00661	0.00466	0.00980

[dist]
# distance from previous block
# <min> <max>
0	1

[block]
# block no. 4 follows, 30 sequences, length 18
# corresponding to MSA columns:
# 162-179
name=unknown_E
#
# <colnr> <probs for GDERKNQSTAVLIFYWHMCP>
#	G	D	E	R	K	N	Q	S	T	A	V	L	I	F	Y	W	H	M	C	P
0	0.13319	0.33014	0.08581	0.01589	0.06171	0.23083	0.01353	0.02304	0.01565	0.01963	0.01048	0.01230	0.00888	0.00648	0.00532	0.00178	0.00897	0.00424	0.00338	0.00874
1	0.04345	0.08937	0.06371	0.07686	0.02343	0.20169	0.06368	0.06297	0.20898	0.02332	0.01808	0.02173	0.01467	0.00838	0.00676	0.00216	0.00878	0.04788	0.00482	0.00929
2	0.00864	0.00624	0.00821	0.00973	0.01032	0.00581	0.00667	0.00999	0.01366	0.01804	0.04032	0.67229	0.08563	0.02147	0.00891	0.00283	0.00415	0.05490	0.00648	0.00572
3	0.01010	0.00695	0.00855	0.00855	0.00887	0.00727	0.00540	0.01075	0.01043	0.01423	0.02113	0.04091	0.02331	0.57189	0.21556	0.00792	0.00987	0.00945	0.00410	0.00475
4	0.11484	0.17579	0.08863	0.08957	0.18555	0.12700	0.03636	0.02274	0.01563	0.06517	0.01246	0.01491	0.00989	0.00660	0.00602	0.00197	0.00866	0.00515	0.00373	0.00936
5	0.31563	0.04887	0.01838	0.01839	0.13284	0.24516	0.01250	0.09059	0.01728	0.02605	0.01134	0.01326	0.00909	0.00684	0.00566	0.00200	0.00849	0.00466	0.00416	0.00880
6	0.01133	0.00752	0.00927	0.00860	0.01071	0.00673	0.00648	0.01405	0.01841	0.08535	0.45448	0.05341	0.23090	0.04086	0.00909	0.00240	0.00371	0.01260	0.00732	0.00678
7	0.01015	0.00677	0.00761	0.00761	0.00761	0.00677	0.00423	0.01015	0.01015	0.01353	0.02199	0.04567	0.02537	0.75476	0.03552	0.00677	0.00677	0.01015	0.00423	0.00423
8	0.01768	0.06288	0.08229	0.05547	0.43532	0.04270	0.01850	0.04878	0.01692	0.06002	0.05781	0.02055	0.03576	0.00736	0.00685	0.00207	0.00800	0.00661	0.00415	0.01029
9	0.06639	0.03000	0.04773	0.01716	0.02122	0.55898	0.01346	0.06767	0.07566	0.02066	0.01261	0.01396	0.01009	0.00739	0.00631	0.00190	0.01123	0.00487	0.00410	0.00862
10	0.02307	0.01783	0.01900	0.01536	0.02032	0.02003	0.01243	0.44281	0.28358	0.03841	0.02114	0.02025	0.01542	0.00879	0.00703	0.00220	0.00687	0.00689	0.00703	0.01156
11	0.02957	0.01226	0.01614	0.01264	0.01786	0.01114	0.01035	0.03439	0.10455	0.63046	0.02764	0.02404	0.01778	0.00874	0.00703	0.00219	0.00589	0.00713	0.00845	0.01177
12	0.01052	0.00903	0.03455	0.01241	0.03674	0.00801	0.04912	0.01356	0.03524	0.02161	0.20716	0.28712	0.09973	0.01698	0.00917	0.02982	0.00505	0.10125	0.00628	0.00664
13	0.16400	0.01264	0.01547	0.01209	0.01731	0.01191	0.00998	0.07329	0.01940	0.55545	0.02378	0.02117	0.01526	0.00825	0.00655	0.00216	0.00596	0.00641	0.00779	0.01113
14	0.00943	0.00712	0.00871	0.00831	0.01015	0.00640	0.00624	0.01231	0.01871	0.02550	0.53451	0.05621	0.24042	0.01519	0.00824	0.00224	0.00336	0.01319	0.00736	0.00640
15	0.01609	0.01017	0.01156	0.01020	0.01311	0.04753	0.00790	0.01990	0.06058	0.19097	0.35789	0.04408	0.15618	0.01281	0.00777	0.00220	0.00461	0.01090	0.00745	0.00809
16	0.01866	0.75896	0.03657	0.01194	0.01791	0.02761	0.01194	0.02090	0.01418	0.01642	0.00970	0.01119	0.00896	0.00597	0.00448	0.00149	0.00746	0.00373	0.00299	0.00896
17	0.01562	0.27225	0.28248	0.01604	0.04378	0.05613	0.01692	0.02028	0.01544	0.02029	0.07281	0.02462	0.01764	0.00864	0.00641	0.00207	0.00834	0.08744	0.00384	0.00896

[dist]
# distance from previous block
# <min> <max>
0	2

[block]
# block no. 5 follows, 30 sequences, length 15
# corresponding to MSA columns:
# 182-196
name=unknown_F
#
# <colnr> <probs for GDERKNQSTAVLIFYWHMCP>
#	G	D	E	R	K	N	Q	S	T	A	V	L	I	F	Y	W	H	M	C	P
0	0.01830	0.70432	0.08812	0.01254	0.01884	0.02675	0.01299	0.02099	0.01422	0.01685	0.00991	0.01146	0.00895	0.00602	0.00464	0.00155	0.00768	0.00384	0.00298	0.00906
1	0.01835	0.71189	0.08097	0.01246	0.01871	0.02687	0.01284	0.02097	0.01422	0.01679	0.00989	0.01142	0.00895	0.00601	0.00462	0.00154	0.00765	0.00382	0.00298	0.00904
2	0.80405	0.01350	0.01026	0.00918	0.01350	0.01565	0.00756	0.02051	0.01188	0.03131	0.00972	0.01134	0.00756	0.00648	0.00432	0.00216	0.00540	0.00378	0.00432	0.00756
3	0.00878	0.00709	0.00780	0.00762	0.00975	0.00612	0.00572	0.01104	0.01715	0.02181	0.27704	0.06229	0.50020	0.01657	0.00824	0.00230	0.00346	0.01404	0.00687	0.00612
4	0.02099	0.01128	0.01405	0.01148	0.01597	0.01004	0.00908	0.02573	0.10559	0.32607	0.02806	0.13277	0.05690	0.01040	0.00695	0.00204	0.00530	0.00879	0.00696	0.19154
5	0.01318	0.01240	0.02093	0.73798	0.04806	0.01550	0.01938	0.01783	0.01395	0.01783	0.01240	0.01860	0.00930	0.00698	0.00698	0.00233	0.00930	0.00620	0.00310	0.00775
6	0.01301	0.00650	0.00650	0.00650	0.00813	0.00650	0.00488	0.01626	0.01463	0.02602	0.02276	0.02602	0.01789	0.00813	0.00488	0.00163	0.00325	0.00650	0.79350	0.00650
7	0.09027	0.01905	0.02007	0.01549	0.02097	0.02115	0.01280	0.63324	0.03109	0.04294	0.01618	0.01631	0.01151	0.00822	0.00676	0.00210	0.00749	0.00608	0.00676	0.01151
8	0.02548	0.03101	0.01994	0.05292	0.02287	0.62849	0.01375	0.08688	0.02067	0.01954	0.01140	0.01325	0.00926	0.00729	0.00639	0.00185	0.01198	0.00474	0.00388	0.00841
9	0.01301	0.00650	0.00650	0.00650	0.00813	0.00650	0.00488	0.01626	0.01463	0.02602	0.02276	0.02602	0.01789	0.00813	0.00488	0.00163	0.00325	0.00650	0.79350	0.00650
10	0.01581	0.01637	0.02184	0.01856	0.01931	0.07362	0.05815	0.01762	0.01189	0.01723	0.01115	0.05399	0.01119	0.01193	0.01996	0.00290	0.60065	0.00685	0.00331	0.00768
11	0.01212	0.00606	0.00909	0.00909	0.00909	0.00606	0.00606	0.00909	0.00909	0.01212	0.01212	0.02121	0.01212	0.02424	0.02727	0.79697	0.00606	0.00606	0.00303	0.00303
12	0.01400	0.03610	0.71860	0.01989	0.03020	0.01621	0.02578	0.02210	0.01473	0.02210	0.01252	0.01473	0.00884	0.00663	0.00663	0.00221	0.01031	0.00516	0.00295	0.01031
13	0.01014	0.00683	0.00884	0.00928	0.01056	0.00624	0.00660	0.01218	0.01611	0.05798	0.26611	0.41031	0.11618	0.01820	0.00852	0.00254	0.00384	0.01624	0.00700	0.00632
14	0.01603	0.35182	0.42071	0.01642	0.02483	0.02119	0.01974	0.02157	0.01449	0.01962	0.01129	0.01319	0.00889	0.00634	0.00569	0.00190	0.00907	0.00453	0.00296	0.00972

[dist]
# distance from previous block
# <min> <max>
0	9

[block]
# block no. 6 follows, 30 sequences, length 17
# corresponding to MSA columns:
# 206-222
name=unknown_G
#
# <colnr> <probs for GDERKNQSTAVLIFYWHMCP>
#	G	D	E	R	K	N	Q	S	T	A	V	L	I	F	Y	W	H	M	C	P
0	0.48566	0.17850	0.10800	0.01145	0.01689	0.01842	0.01107	0.02176	0.05241	0.02676	0.01116	0.01259	0.00882	0.00656	0.00481	0.00203	0.00649	0.00418	0.00401	0.00842
1	0.05710	0.25239	0.05450	0.01479	0.01990	0.30886	0.01268	0.08020	0.01800	0.02065	0.01117	0.01276	0.00930	0.00664	0.00559	0.00168	0.00934	0.00437	0.00376	0.09632
2	0.01114	0.01084	0.07482	0.01052	0.01332	0.00887	0.00901	0.01686	0.10732	0.02643	0.46586	0.04790	0.11405	0.01349	0.00800	0.00228	0.00439	0.04048	0.00700	0.00743
3	0.01301	0.00650	0.00650	0.00650	0.00813	0.00650	0.00488	0.01626	0.01463	0.02602	0.02276	0.02602	0.01789	0.00813	0.00488	0.00163	0.00325	0.00650	0.79350	0.00650
4	0.01447	0.01240	0.01447	0.01034	0.01654	0.00930	0.00827	0.01757	0.01447	0.02274	0.01240	0.01447	0.01034	0.00517	0.00517	0.00103	0.00517	0.00413	0.00413	0.79742
5	0.01682	0.01786	0.02114	0.01827	0.01879	0.12296	0.01501	0.01839	0.01200	0.01683	0.00939	0.01488	0.00914	0.01149	0.02051	0.00287	0.63694	0.00587	0.00313	0.00770
6	0.01301	0.00650	0.00650	0.00650	0.00813	0.00650	0.00488	0.01626	0.01463	0.02602	0.02276	0.02602	0.01789	0.00813	0.00488	0.00163	0.00325	0.00650	0.79350	0.00650
7	0.11787	0.11602	0.02211	0.01621	0.01991	0.22025	0.03660	0.15843	0.01857	0.02437	0.01148	0.01394	0.00949	0.00829	0.00981	0.00217	0.17627	0.00517	0.00417	0.00885
8	0.02456	0.01205	0.01513	0.01246	0.01671	0.01167	0.01007	0.13292	0.05956	0.39625	0.02657	0.07871	0.02053	0.03926	0.03083	0.00271	0.00640	0.05138	0.04190	0.01033
9	0.01375	0.01284	0.02087	0.63985	0.07954	0.01572	0.01877	0.01967	0.07312	0.01906	0.01382	0.01918	0.01043	0.00715	0.00698	0.00232	0.00892	0.00635	0.00346	0.00821
10	0.00878	0.00712	0.00788	0.00833	0.01034	0.00622	0.00643	0.01072	0.01565	0.01907	0.06144	0.14562	0.52251	0.01841	0.00855	0.00255	0.00408	0.12386	0.00647	0.00596
11	0.01318	0.01240	0.02093	0.73798	0.04806	0.01550	0.01938	0.01783	0.01395	0.01783	0.01240	0.01860	0.00930	0.00698	0.00698	0.00233	0.00930	0.00620	0.00310	0.00775
12	0.06501	0.02941	0.01954	0.01714	0.02118	0.54404	0.01314	0.16530	0.02210	0.02340	0.01198	0.01339	0.00952	0.00740	0.00634	0.00188	0.01120	0.00483	0.00434	0.00885
13	0.09943	0.01394	0.01701	0.34699	0.03033	0.09418	0.01422	0.03957	0.01468	0.02013	0.04089	0.02150	0.03731	0.01595	0.13634	0.00386	0.03584	0.00651	0.00381	0.00752
14	0.01691	0.01183	0.01321	0.04399	0.01612	0.07098	0.00937	0.03879	0.03843	0.16283	0.23212	0.03975	0.09784	0.01172	0.00750	0.00215	0.00564	0.07760	0.00663	0.09660
15	0.09231	0.01808	0.08979	0.16953	0.02673	0.08889	0.05871	0.09203	0.04123	0.11786	0.01721	0.01893	0.03562	0.00747	0.00656	0.00206	0.00813	0.00607	0.00480	0.09798
16	0.15898	0.10023	0.13234	0.05643	0.02213	0.08788	0.05436	0.07429	0.05161	0.04565	0.04410	0.01664	0.01263	0.00706	0.00601	0.00194	0.00783	0.00542	0.00437	0.11009

[dist]
# distance from previous block
# <min> <max>
52	213

[block]
# block no. 7 follows, 30 sequences, length 10
# corresponding to MSA columns:
# 481-490
name=unknown_H
#
# <colnr> <probs for GDERKNQSTAVLIFYWHMCP>
#	G	D	E	R	K	N	Q	S	T	A	V	L	I	F	Y	W	H	M	C	P
0	0.01614	0.26748	0.04730	0.01737	0.14639	0.04111	0.01218	0.01919	0.04060	0.04468	0.01550	0.02260	0.01454	0.16609	0.09752	0.00394	0.00894	0.00633	0.00382	0.00827
1	0.14224	0.11540	0.01914	0.01277	0.01822	0.08430	0.01060	0.21578	0.01990	0.02892	0.01275	0.01404	0.01004	0.00661	0.00558	0.00165	0.00695	0.00469	0.00479	0.26562
2	0.01058	0.00766	0.00922	0.00902	0.00906	0.00832	0.00569	0.01086	0.01051	0.01430	0.02206	0.10756	0.02546	0.60267	0.03162	0.00598	0.08980	0.01059	0.00430	0.00475
3	0.00852	0.00673	0.00768	0.00818	0.00978	0.00589	0.00585	0.01027	0.01546	0.01953	0.13170	0.30146	0.40679	0.01873	0.00847	0.00250	0.00368	0.01625	0.00662	0.00589
4	0.01387	0.04625	0.16201	0.01213	0.01637	0.01088	0.01165	0.01963	0.08280	0.09174	0.40183	0.03731	0.04253	0.01131	0.00751	0.00218	0.00542	0.00968	0.00652	0.00840
5	0.01790	0.31969	0.11311	0.08735	0.13007	0.07255	0.07983	0.04591	0.01569	0.01983	0.01155	0.01437	0.00956	0.00653	0.00644	0.00191	0.02984	0.00515	0.00331	0.00938
6	0.09034	0.38444	0.08477	0.16539	0.02394	0.02050	0.01351	0.01908	0.01416	0.01888	0.01742	0.01941	0.08812	0.00761	0.00560	0.00189	0.00745	0.00562	0.00353	0.00834
7	0.06166	0.16487	0.29662	0.01719	0.06538	0.01788	0.01726	0.02496	0.14303	0.06142	0.01567	0.01663	0.01181	0.00703	0.00614	0.00202	0.00795	0.00543	0.00422	0.05283
8	0.01797	0.18461	0.15723	0.04188	0.02215	0.01902	0.04288	0.17504	0.12729	0.02724	0.08059	0.03979	0.01791	0.00843	0.00660	0.00207	0.00752	0.00679	0.00510	0.00988
9	0.03931	0.19350	0.21746	0.01452	0.02111	0.03436	0.01498	0.08460	0.05978	0.15404	0.03550	0.01930	0.03990	0.00776	0.00625	0.00199	0.00761	0.00592	0.00499	0.03714

[dist]
# distance from previous block
# <min> <max>
15	127

[block]
# block no. 8 follows, 30 sequences, length 14
# corresponding to MSA columns:
# 621-634
name=unknown_I
#
# <colnr> <probs for GDERKNQSTAVLIFYWHMCP>
#	G	D	E	R	K	N	Q	S	T	A	V	L	I	F	Y	W	H	M	C	P
0	0.01928	0.19320	0.23903	0.05921	0.02556	0.04078	0.06360	0.15088	0.05134	0.07164	0.01451	0.01590	0.01076	0.00707	0.00637	0.00203	0.00874	0.00556	0.00438	0.01016
1	0.01835	0.30290	0.19138	0.06671	0.02423	0.03887	0.04582	0.11703	0.01739	0.04344	0.01359	0.01735	0.01115	0.00742	0.00650	0.00199	0.02666	0.03575	0.00393	0.00954
2	0.01808	0.19337	0.33348	0.01650	0.02400	0.01978	0.01816	0.18525	0.05168	0.02636	0.01464	0.04224	0.01159	0.00761	0.00634	0.00205	0.00856	0.00579	0.00427	0.01025
3	0.15059	0.12061	0.23682	0.01573	0.02245	0.07798	0.01603	0.23038	0.02026	0.02932	0.01287	0.01417	0.00960	0.00711	0.00605	0.00204	0.00849	0.00504	0.00449	0.00998
4	0.01425	0.01365	0.02109	0.16444	0.05739	0.01584	0.08241	0.01731	0.01301	0.01892	0.01303	0.04883	0.01181	0.01221	0.06327	0.00299	0.26972	0.00668	0.00352	0.14962
5	0.07238	0.62307	0.03281	0.01247	0.01805	0.10940	0.01183	0.02169	0.01469	0.01750	0.00983	0.01137	0.00887	0.00615	0.00468	0.00157	0.00793	0.00382	0.00315	0.00876
6	0.02653	0.01955	0.02094	0.01606	0.02164	0.02164	0.01326	0.68796	0.03281	0.04398	0.01675	0.01675	0.01187	0.00838	0.00698	0.00209	0.00768	0.00628	0.00698	0.01187
7	0.01807	0.66747	0.12289	0.01295	0.01947	0.02617	0.01369	0.02105	0.01425	0.01714	0.01006	0.01164	0.00894	0.00605	0.00475	0.00158	0.00782	0.00391	0.00298	0.00913
8	0.01007	0.00709	0.00925	0.00925	0.00982	0.00766	0.00627	0.01120	0.01063	0.01475	0.02049	0.03736	0.02176	0.43506	0.35028	0.00879	0.01219	0.00893	0.00401	0.00514
9	0.01081	0.06024	0.01252	0.01078	0.01214	0.00964	0.00834	0.01254	0.01113	0.01560	0.01763	0.02700	0.01689	0.09846	0.55328	0.09041	0.01572	0.00727	0.00365	0.00595
10	0.01400	0.03610	0.71860	0.01989	0.03020	0.01621	0.02578	0.02210	0.01473	0.02210	0.01252	0.01473	0.00884	0.00663	0.00663	0.00221	0.01031	0.00516	0.00295	0.01031
11	0.01614	0.01677	0.02372	0.09282	0.08051	0.07228	0.08146	0.01864	0.01268	0.01796	0.01041	0.01591	0.00946	0.01021	0.01734	0.00274	0.48343	0.00621	0.00318	0.00814
12	0.02365	0.02936	0.02178	0.01897	0.02231	0.56197	0.06929	0.02574	0.01813	0.01747	0.01082	0.01350	0.00915	0.00784	0.00895	0.00203	0.12234	0.00505	0.00351	0.00813
13	0.01724	0.43169	0.21353	0.01445	0.02124	0.02247	0.01554	0.05027	0.01498	0.01968	0.01095	0.01288	0.00918	0.00654	0.00625	0.00176	0.04923	0.00439	0.00325	0.07449

[dist]
# distance from previous block
# <min> <max>
0	2

[block]
# block no. 9 follows, 30 sequences, length 15
# corresponding to MSA columns:
# 637-651
name=unknown_J
#
# <colnr> <probs for GDERKNQSTAVLIFYWHMCP>
#	G	D	E	R	K	N	Q	S	T	A	V	L	I	F	Y	W	H	M	C	P
0	0.08568	0.34420	0.26483	0.01520	0.02225	0.09458	0.01650	0.04812	0.01548	0.02079	0.01105	0.01278	0.00891	0.00646	0.00548	0.00185	0.00880	0.00440	0.00331	0.00932
1	0.73186	0.01487	0.04572	0.01000	0.01467	0.01594	0.00870	0.04904	0.01291	0.03139	0.01016	0.01173	0.00780	0.00657	0.00455	0.00216	0.00574	0.00395	0.00436	0.00788
2	0.01066	0.00778	0.00965	0.00933	0.00953	0.00863	0.00612	0.01123	0.01038	0.01431	0.02010	0.03950	0.02237	0.56264	0.14591	0.00709	0.08656	0.00929	0.00402	0.00491
3	0.01337	0.00791	0.01045	0.00937	0.01163	0.00718	0.00718	0.01656	0.01979	0.14006	0.59678	0.04750	0.05793	0.01335	0.00803	0.00219	0.00372	0.01171	0.00784	0.00745
4	0.02598	0.01928	0.02064	0.01595	0.02143	0.02139	0.01313	0.64923	0.07242	0.04310	0.01745	0.01731	0.01243	0.00844	0.00699	0.00211	0.00755	0.00638	0.00699	0.01182
5	0.80405	0.01350	0.01026	0.00918	0.01350	0.01565	0.00756	0.02051	0.01188	0.03131	0.00972	0.01134	0.00756	0.00648	0.00432	0.00216	0.00540	0.00378	0.00432	0.00756
6	0.01866	0.75896	0.03657	0.01194	0.01791	0.02761	0.01194	0.02090	0.01418	0.01642	0.00970	0.01119	0.00896	0.00597	0.00448	0.00149	0.00746	0.00373	0.00299	0.00896
7	0.02653	0.01955	0.02094	0.01606	0.02164	0.02164	0.01326	0.68796	0.03281	0.04398	0.01675	0.01675	0.01187	0.00838	0.00698	0.00209	0.00768	0.00628	0.00698	0.01187
8	0.00850	0.00607	0.00810	0.00972	0.01012	0.00567	0.00648	0.00972	0.01336	0.01781	0.03846	0.75020	0.04615	0.02186	0.00891	0.00283	0.00405	0.01984	0.00648	0.00567
9	0.01886	0.61394	0.07999	0.01269	0.01864	0.06283	0.01269	0.02153	0.01495	0.04304	0.03820	0.01359	0.01150	0.00651	0.00496	0.00161	0.00771	0.00434	0.00341	0.00901
10	0.01719	0.45381	0.21287	0.01414	0.02088	0.02242	0.01536	0.06560	0.01574	0.02007	0.01475	0.01780	0.04130	0.00738	0.00560	0.00183	0.00801	0.03242	0.00354	0.00927
11	0.10954	0.10523	0.15106	0.01576	0.04369	0.01700	0.04709	0.17742	0.04338	0.11504	0.01939	0.06800	0.04035	0.00870	0.00657	0.00214	0.00741	0.00697	0.00533	0.00992
12	0.06673	0.07002	0.04554	0.08716	0.02344	0.13769	0.07100	0.15807	0.06330	0.05353	0.05925	0.01853	0.01457	0.00759	0.00652	0.00197	0.00821	0.00608	0.00495	0.09585
13	0.09459	0.10392	0.08495	0.01795	0.10422	0.10619	0.03592	0.09106	0.01697	0.02359	0.04105	0.03706	0.05810	0.00847	0.00785	0.00204	0.07633	0.00637	0.00428	0.07907
14	0.04687	0.15132	0.16062	0.03411	0.04548	0.14385	0.03142	0.04740	0.03846	0.09639	0.06481	0.03886	0.05473	0.00847	0.00649	0.00203	0.00826	0.00662	0.00465	0.00915

[dist]
# distance from previous block
# <min> <max>
5	90

[block]
# block no. 10 follows, 30 sequences, length 11
# corresponding to MSA columns:
# 748-758
name=unknown_K
#
# <colnr> <probs for GDERKNQSTAVLIFYWHMCP>
#	G	D	E	R	K	N	Q	S	T	A	V	L	I	F	Y	W	H	M	C	P
0	0.01599	0.01518	0.02538	0.22473	0.48608	0.01578	0.01994	0.02019	0.01528	0.02148	0.01288	0.01743	0.01054	0.00634	0.00680	0.00207	0.00834	0.00607	0.00341	0.06612
1	0.01366	0.01289	0.02180	0.65667	0.12564	0.01563	0.01962	0.01825	0.01418	0.01841	0.01249	0.01845	0.00951	0.00689	0.00697	0.00230	0.00918	0.00620	0.00314	0.00814
2	0.04254	0.01291	0.01436	0.16908	0.05815	0.10667	0.01087	0.03462	0.01508	0.03845	0.09840	0.03206	0.06779	0.19885	0.06797	0.00399	0.00841	0.00830	0.00456	0.00694
3	0.01589	0.01273	0.02034	0.19588	0.16319	0.01417	0.05590	0.01893	0.01414	0.10186	0.01722	0.07646	0.01555	0.09919	0.03307	0.00318	0.12172	0.00793	0.00426	0.00837
4	0.01311	0.00860	0.01204	0.01084	0.01344	0.00779	0.05135	0.01599	0.01782	0.12328	0.29393	0.10214	0.19139	0.01482	0.00828	0.00241	0.00472	0.09371	0.00705	0.00729
5	0.01056	0.00843	0.01217	0.01206	0.05908	0.00781	0.04640	0.01388	0.01885	0.02624	0.54606	0.04963	0.13451	0.01364	0.00814	0.00221	0.00414	0.01218	0.00702	0.00697
6	0.00961	0.04043	0.00986	0.00951	0.01079	0.00736	0.00681	0.01217	0.04287	0.02071	0.19772	0.45354	0.11587	0.01843	0.00841	0.00256	0.00403	0.01641	0.00663	0.00627
7	0.09911	0.33486	0.11204	0.01570	0.06651	0.02108	0.04097	0.11994	0.01711	0.02378	0.01510	0.01651	0.04961	0.00712	0.00565	0.00185	0.00756	0.00529	0.00401	0.03620
8	0.09395	0.24159	0.04805	0.01260	0.01739	0.01884	0.01113	0.20385	0.04998	0.05715	0.02144	0.11044	0.06661	0.00982	0.00629	0.00205	0.00657	0.00764	0.00534	0.00926
9	0.02262	0.33438	0.05881	0.01448	0.02044	0.02393	0.01326	0.37479	0.02409	0.03129	0.01357	0.01430	0.01049	0.00728	0.00590	0.00184	0.00770	0.00515	0.00510	0.01056
10	0.01773	0.51985	0.22763	0.01438	0.02155	0.02412	0.01590	0.05354	0.01524	0.01935	0.01084	0.01246	0.00906	0.00627	0.00520	0.00172	0.00827	0.00426	0.00317	0.00948

[dist]
# distance from previous block
# <min> <max>
0	4

# created by:
# /home/berkeley/.conda/envs/busco_data_prod/bin/msa2prfl.pl pipeline/OGs_align_augustus/4893/39933.fs
