[name]
unknown

[dist]
# distance from previous block
# <min> <max>
9	83

[block]
# block no. 0 follows, 33 sequences, length 17
# corresponding to MSA columns:
# 91-107
name=unknown_A
#
# <colnr> <probs for GDERKNQSTAVLIFYWHMCP>
#	G	D	E	R	K	N	Q	S	T	A	V	L	I	F	Y	W	H	M	C	P
0	0.03466	0.01761	0.10670	0.04447	0.11278	0.05245	0.10000	0.17955	0.06361	0.02598	0.05571	0.06194	0.04797	0.00829	0.00671	0.00202	0.00747	0.00725	0.00476	0.06007
1	0.07742	0.01151	0.01515	0.09905	0.01891	0.03780	0.06700	0.06222	0.03982	0.12189	0.07028	0.10456	0.05966	0.07113	0.03371	0.00286	0.04110	0.05309	0.00527	0.00758
2	0.12598	0.05060	0.01376	0.03517	0.05275	0.04472	0.00925	0.09224	0.01671	0.10541	0.14099	0.14261	0.05715	0.01173	0.00744	0.03129	0.00552	0.04345	0.00564	0.00761
3	0.05295	0.01438	0.02022	0.01626	0.02026	0.06093	0.19494	0.12949	0.09296	0.05791	0.04688	0.10977	0.04465	0.01287	0.06418	0.00286	0.00825	0.03667	0.00517	0.00839
4	0.09943	0.01211	0.01477	0.01369	0.08988	0.01127	0.00961	0.05721	0.07428	0.18289	0.01765	0.04465	0.01407	0.05691	0.00760	0.00200	0.00558	0.00597	0.00526	0.27516
5	0.07600	0.01113	0.01269	0.01179	0.04341	0.01148	0.00870	0.12585	0.14612	0.02725	0.23878	0.09551	0.06777	0.01086	0.00683	0.00204	0.00473	0.00920	0.00616	0.08372
6	0.07390	0.00922	0.01128	0.11229	0.01644	0.00990	0.00874	0.04486	0.12111	0.04275	0.06640	0.31747	0.08500	0.04019	0.00822	0.00250	0.00502	0.01208	0.00567	0.00697
7	0.01459	0.01334	0.01684	0.01405	0.01739	0.10111	0.13653	0.04166	0.10015	0.05679	0.24025	0.03702	0.10843	0.01093	0.00743	0.00216	0.00642	0.06145	0.00579	0.00769
8	0.01092	0.00824	0.01061	0.00941	0.01078	0.00799	0.05561	0.05443	0.01230	0.01642	0.02481	0.09204	0.08822	0.49850	0.02413	0.00484	0.00622	0.00996	0.00445	0.05012
9	0.01151	0.00786	0.00943	0.00870	0.01088	0.00749	0.00663	0.01606	0.09631	0.07773	0.43260	0.04563	0.17358	0.01282	0.00738	0.00208	0.00357	0.01105	0.05174	0.00694
10	0.01243	0.01170	0.01975	0.75282	0.04534	0.01463	0.01828	0.01682	0.01316	0.01682	0.01170	0.01755	0.00878	0.00658	0.00658	0.00219	0.00878	0.00585	0.00293	0.00731
11	0.42730	0.01547	0.01218	0.01101	0.01442	0.14497	0.00863	0.05074	0.07836	0.02489	0.01288	0.01596	0.01075	0.05421	0.09059	0.00321	0.00792	0.00488	0.00424	0.00738
12	0.01557	0.01472	0.02488	0.03710	0.65363	0.01467	0.01876	0.01940	0.01537	0.02201	0.08570	0.01968	0.01575	0.00665	0.00665	0.00197	0.00734	0.00649	0.00367	0.00999
13	0.01273	0.01201	0.02029	0.69762	0.09820	0.01470	0.01843	0.01708	0.01331	0.01718	0.01175	0.01745	0.00890	0.00653	0.00658	0.00218	0.00870	0.00585	0.00295	0.00755
14	0.01637	0.01414	0.01489	0.01340	0.01712	0.01637	0.01042	0.03498	0.71568	0.02754	0.02679	0.02456	0.02010	0.00893	0.00670	0.00223	0.00521	0.00744	0.00670	0.01042
15	0.01630	0.01547	0.02540	0.03738	0.64798	0.01572	0.01911	0.02186	0.09349	0.02218	0.01400	0.01722	0.01151	0.00621	0.00654	0.00199	0.00753	0.00604	0.00364	0.01043
16	0.02474	0.03914	0.01875	0.01423	0.01925	0.04275	0.01170	0.45749	0.10197	0.17363	0.01860	0.01776	0.01299	0.00796	0.00651	0.00199	0.00685	0.00610	0.00668	0.01091

[dist]
# distance from previous block
# <min> <max>
1	16

[block]
# block no. 1 follows, 33 sequences, length 85
# corresponding to MSA columns:
# 124-208
name=unknown_B
#
# <colnr> <probs for GDERKNQSTAVLIFYWHMCP>
#	G	D	E	R	K	N	Q	S	T	A	V	L	I	F	Y	W	H	M	C	P
0	0.37444	0.01438	0.01367	0.01145	0.01575	0.03535	0.00929	0.20065	0.08949	0.11768	0.01598	0.04819	0.01228	0.00777	0.00555	0.00206	0.00586	0.00564	0.00557	0.00896
1	0.00828	0.00600	0.00785	0.00895	0.00966	0.00556	0.00618	0.00983	0.01379	0.01848	0.14803	0.58799	0.08848	0.01917	0.00828	0.00256	0.00374	0.03538	0.00629	0.00552
2	0.02295	0.01754	0.01805	0.01412	0.01918	0.07112	0.01147	0.44931	0.08787	0.08597	0.01653	0.01648	0.01196	0.00750	0.00631	0.00184	0.00695	0.00570	0.00610	0.12305
3	0.01424	0.01168	0.01371	0.00982	0.01565	0.00881	0.00787	0.01715	0.01384	0.04787	0.01223	0.01398	0.00999	0.00500	0.00494	0.00101	0.00490	0.00400	0.00406	0.77923
4	0.01753	0.01304	0.05427	0.01636	0.02093	0.01121	0.22266	0.02155	0.04166	0.22714	0.02339	0.19284	0.02082	0.01034	0.00736	0.00223	0.00704	0.03337	0.00560	0.05067
5	0.01793	0.01047	0.03895	0.01102	0.01442	0.00933	0.00905	0.02296	0.12298	0.28891	0.13540	0.13572	0.08100	0.01208	0.00730	0.00225	0.00494	0.05959	0.00701	0.00868
6	0.01554	0.01776	0.03885	0.02775	0.03441	0.01665	0.70366	0.02109	0.01554	0.02109	0.01332	0.01776	0.00999	0.00555	0.00777	0.00222	0.01110	0.00777	0.00333	0.00888
7	0.01243	0.01170	0.01975	0.75282	0.04534	0.01463	0.01828	0.01682	0.01316	0.01682	0.01170	0.01755	0.00878	0.00658	0.00658	0.00219	0.00878	0.00585	0.00293	0.00731
8	0.01612	0.00827	0.01076	0.00925	0.01212	0.00732	0.00725	0.01884	0.01821	0.26993	0.39268	0.04182	0.13632	0.01205	0.00737	0.00208	0.00400	0.01034	0.00741	0.00785
9	0.01105	0.00740	0.00906	0.00836	0.01050	0.00673	0.00636	0.01429	0.04330	0.09001	0.45639	0.04959	0.23463	0.01366	0.00762	0.00211	0.00348	0.01178	0.00701	0.00666
10	0.01634	0.01431	0.01601	0.01407	0.01793	0.01639	0.04298	0.03433	0.68280	0.02724	0.02616	0.02424	0.01962	0.00877	0.00675	0.00223	0.00549	0.00746	0.00654	0.01035
11	0.01554	0.01776	0.03885	0.02775	0.03441	0.01665	0.70366	0.02109	0.01554	0.02109	0.01332	0.01776	0.00999	0.00555	0.00777	0.00222	0.01110	0.00777	0.00333	0.00888
12	0.00802	0.00573	0.00764	0.00917	0.00955	0.00535	0.00611	0.00917	0.01260	0.01681	0.03628	0.76434	0.04354	0.02062	0.00840	0.00267	0.00382	0.01872	0.00611	0.00535
13	0.02543	0.01831	0.01929	0.01490	0.02008	0.04963	0.01226	0.61430	0.02931	0.10491	0.01652	0.01626	0.01156	0.00788	0.00656	0.00197	0.00728	0.00592	0.00660	0.01105
14	0.00932	0.00673	0.00880	0.00828	0.00984	0.00621	0.00621	0.01242	0.01863	0.02640	0.72410	0.04918	0.06212	0.01346	0.00776	0.00207	0.00311	0.01191	0.00725	0.00621
15	0.00962	0.00690	0.00945	0.01093	0.01206	0.00673	0.00886	0.01194	0.01425	0.01862	0.03623	0.31838	0.05855	0.01901	0.00881	0.00288	0.00519	0.42970	0.00608	0.00580
16	0.02462	0.01824	0.01953	0.01506	0.02026	0.02023	0.01241	0.67407	0.06317	0.04083	0.01632	0.01622	0.01161	0.00795	0.00659	0.00199	0.00715	0.00600	0.00659	0.01116
17	0.02954	0.01120	0.01528	0.01171	0.01681	0.00968	0.00968	0.03208	0.01884	0.73213	0.02597	0.02241	0.01630	0.00815	0.00662	0.00204	0.00560	0.00662	0.00815	0.01120
18	0.13693	0.01486	0.01844	0.27371	0.06110	0.01697	0.01401	0.30835	0.02065	0.05321	0.01357	0.01591	0.00988	0.00709	0.00621	0.00206	0.00744	0.00557	0.00483	0.00920
19	0.01405	0.01335	0.02266	0.45509	0.33046	0.01505	0.01909	0.01823	0.01393	0.01878	0.01199	0.01703	0.00947	0.00628	0.00655	0.00209	0.00838	0.00586	0.00306	0.00861
20	0.01629	0.01564	0.02672	0.04041	0.72757	0.01564	0.02020	0.02020	0.01499	0.02151	0.01238	0.01629	0.01043	0.00587	0.00652	0.00196	0.00782	0.00587	0.00326	0.01043
21	0.01508	0.01687	0.03640	0.02630	0.03253	0.01584	0.64485	0.02042	0.01562	0.02119	0.03736	0.02173	0.01313	0.00647	0.00784	0.00226	0.01058	0.04331	0.00360	0.00865
22	0.01365	0.01170	0.01365	0.00975	0.01560	0.00878	0.00780	0.01658	0.01365	0.02145	0.01170	0.01365	0.00975	0.00488	0.00488	0.00098	0.00488	0.00390	0.00390	0.80888
23	0.01533	0.01459	0.02448	0.21724	0.52741	0.01542	0.01931	0.01998	0.04386	0.02059	0.01282	0.01695	0.01042	0.00617	0.00654	0.00203	0.00795	0.00593	0.00332	0.00965
24	0.00912	0.00663	0.00919	0.04134	0.01249	0.00652	0.00821	0.01106	0.01353	0.01783	0.03475	0.48984	0.04009	0.01918	0.00857	0.00278	0.00482	0.25241	0.00596	0.00568
25	0.00802	0.00573	0.00764	0.00917	0.00955	0.00535	0.00611	0.00917	0.01260	0.01681	0.03628	0.76434	0.04354	0.02062	0.00840	0.00267	0.00382	0.01872	0.00611	0.00535
26	0.01602	0.01540	0.02609	0.07285	0.66258	0.01580	0.01984	0.01984	0.01468	0.02102	0.01218	0.01627	0.01027	0.00616	0.00722	0.00201	0.04254	0.00586	0.00323	0.01013
27	0.00806	0.00576	0.00768	0.00914	0.00956	0.00538	0.00611	0.00928	0.01281	0.01713	0.05962	0.74007	0.04417	0.02038	0.00838	0.00265	0.00380	0.01848	0.00615	0.00538
28	0.02401	0.01671	0.01807	0.01400	0.01887	0.01825	0.01152	0.59093	0.02841	0.08488	0.01705	0.01713	0.01211	0.00789	0.00638	0.00193	0.00671	0.00599	0.08846	0.01068
29	0.01538	0.01519	0.02080	0.37358	0.18032	0.09642	0.03475	0.04751	0.01504	0.01947	0.01189	0.01607	0.00935	0.00626	0.00631	0.00192	0.00842	0.00547	0.00334	0.11251
30	0.01320	0.03405	0.73453	0.01876	0.02849	0.01529	0.02432	0.02085	0.01390	0.02085	0.01181	0.01390	0.00834	0.00625	0.00625	0.00208	0.00973	0.00486	0.00278	0.00973
31	0.01760	0.77260	0.03450	0.01126	0.01690	0.02605	0.01126	0.01971	0.01338	0.01549	0.00915	0.01056	0.00845	0.00563	0.00422	0.00141	0.00704	0.00352	0.00282	0.00845
32	0.00825	0.00588	0.00782	0.00910	0.00951	0.00565	0.00609	0.00939	0.01220	0.01635	0.03359	0.64877	0.03988	0.08619	0.06461	0.00357	0.00505	0.01708	0.00574	0.00527
33	0.00814	0.00668	0.00716	0.00704	0.00911	0.00571	0.00528	0.01013	0.01584	0.01977	0.21830	0.06009	0.57205	0.01593	0.00778	0.00219	0.00328	0.01344	0.00637	0.00571
34	0.01593	0.01527	0.02607	0.10692	0.66388	0.01555	0.02002	0.01989	0.01482	0.02107	0.01232	0.01641	0.01027	0.00593	0.00652	0.00198	0.00791	0.00586	0.00323	0.01014
35	0.01440	0.01440	0.02016	0.01728	0.01728	0.02016	0.01440	0.01584	0.01008	0.01584	0.00864	0.01440	0.00864	0.01152	0.02160	0.00288	0.75659	0.00576	0.00288	0.00720
36	0.01567	0.07394	0.05522	0.02562	0.03215	0.01730	0.60240	0.02163	0.04822	0.02097	0.01360	0.01745	0.01031	0.00573	0.00742	0.00216	0.01049	0.00736	0.00344	0.00894
37	0.01528	0.01299	0.01397	0.01286	0.01618	0.01483	0.00999	0.03139	0.60819	0.02646	0.05855	0.07173	0.02423	0.01029	0.00697	0.00229	0.00508	0.04235	0.00666	0.00972
38	0.00778	0.00667	0.00667	0.00667	0.00889	0.00556	0.00500	0.00945	0.01501	0.01778	0.06669	0.06336	0.72490	0.01667	0.00778	0.00222	0.00333	0.01389	0.00611	0.00556
39	0.01475	0.02242	0.25238	0.02365	0.03063	0.01650	0.41481	0.02104	0.03716	0.02080	0.01291	0.01651	0.00969	0.00636	0.00838	0.00223	0.07079	0.00670	0.00323	0.00906
40	0.01907	0.01515	0.01942	0.18201	0.18489	0.09137	0.01468	0.02500	0.13887	0.17302	0.01724	0.01876	0.01272	0.00747	0.00739	0.00210	0.05046	0.00612	0.00483	0.00943
41	0.01723	0.00886	0.00978	0.00846	0.01118	0.00888	0.00667	0.12023	0.01724	0.15326	0.02144	0.02287	0.01593	0.00779	0.00525	0.00169	0.00414	0.00619	0.54513	0.00779
42	0.01144	0.00572	0.00858	0.00858	0.00858	0.00572	0.00572	0.00858	0.00858	0.01144	0.01144	0.02001	0.01144	0.02287	0.02573	0.80846	0.00572	0.00572	0.00286	0.00286
43	0.02377	0.01645	0.01824	0.01732	0.11567	0.10545	0.01235	0.25806	0.02209	0.24545	0.02062	0.02222	0.03995	0.00842	0.00668	0.00202	0.00719	0.04171	0.00616	0.01017
44	0.01220	0.08169	0.01744	0.01318	0.01646	0.01190	0.13733	0.01827	0.16379	0.02073	0.08197	0.17129	0.18398	0.01248	0.00737	0.00224	0.00567	0.02904	0.00549	0.00750
45	0.00956	0.00719	0.01054	0.01046	0.01149	0.00839	0.00802	0.01167	0.01048	0.01507	0.01767	0.02711	0.01692	0.11341	0.65859	0.00999	0.03692	0.00725	0.00355	0.00574
46	0.01590	0.01813	0.03750	0.02803	0.07024	0.04212	0.64353	0.02122	0.01562	0.02093	0.01316	0.01747	0.00996	0.00561	0.00764	0.00219	0.01095	0.00755	0.00333	0.00892
47	0.01730	0.14201	0.02834	0.14166	0.25795	0.01675	0.17341	0.02120	0.01501	0.10386	0.01356	0.01659	0.01043	0.00614	0.00644	0.00197	0.00833	0.00599	0.00373	0.00934
48	0.01474	0.17417	0.28378	0.01796	0.04644	0.03759	0.14662	0.02105	0.07990	0.02004	0.01810	0.01962	0.07724	0.00723	0.00632	0.00199	0.00843	0.00625	0.00360	0.00895
49	0.01276	0.00948	0.01484	0.01550	0.09847	0.00905	0.08799	0.04504	0.01500	0.08622	0.05493	0.41688	0.04845	0.01498	0.00785	0.00243	0.00549	0.04171	0.00571	0.00722
50	0.01377	0.01218	0.02054	0.56757	0.08333	0.01426	0.06071	0.01853	0.03742	0.05563	0.04292	0.01930	0.01196	0.00692	0.00671	0.00217	0.00834	0.00632	0.00355	0.00787
51	0.04253	0.06176	0.36361	0.01600	0.02282	0.11471	0.03787	0.02320	0.06807	0.10848	0.03030	0.01857	0.04879	0.00739	0.00628	0.00201	0.00848	0.00577	0.00414	0.00922
52	0.01620	0.01836	0.16144	0.19327	0.31826	0.03058	0.05722	0.02085	0.01484	0.08653	0.01339	0.01667	0.01013	0.00632	0.00655	0.00205	0.00847	0.00581	0.00355	0.00952
53	0.01267	0.01217	0.02123	0.69658	0.04449	0.01478	0.07144	0.01715	0.01335	0.01715	0.01183	0.01757	0.00887	0.00650	0.00667	0.00220	0.00896	0.00600	0.00296	0.00743
54	0.02084	0.04936	0.06759	0.01866	0.05550	0.28293	0.12675	0.13617	0.07497	0.05571	0.01472	0.04041	0.01171	0.00734	0.00651	0.00195	0.00940	0.00604	0.00441	0.00902
55	0.01722	0.05102	0.16962	0.01442	0.04427	0.07275	0.01302	0.03739	0.13050	0.15672	0.04755	0.10902	0.05295	0.01008	0.00681	0.00215	0.00675	0.04336	0.00545	0.00894
56	0.01609	0.04300	0.03167	0.08506	0.03071	0.03924	0.46857	0.04180	0.04161	0.05081	0.01578	0.03890	0.01281	0.00705	0.00745	0.00221	0.00977	0.04487	0.00392	0.00867
57	0.00821	0.00586	0.00785	0.00938	0.00985	0.00551	0.00644	0.00949	0.01279	0.01702	0.03618	0.71423	0.04313	0.02045	0.00845	0.00270	0.00398	0.06697	0.00611	0.00540
58	0.01441	0.01780	0.15603	0.26931	0.30306	0.01533	0.05570	0.01995	0.04712	0.02010	0.01278	0.01673	0.00993	0.00630	0.00656	0.00208	0.00854	0.00585	0.00323	0.00919
59	0.01213	0.01142	0.05171	0.05690	0.12213	0.01021	0.14660	0.01508	0.01389	0.05011	0.02540	0.40174	0.02746	0.01356	0.00773	0.00240	0.00645	0.01284	0.00492	0.00735
60	0.01554	0.01776	0.03885	0.02775	0.03441	0.01665	0.70366	0.02109	0.01554	0.02109	0.01332	0.01776	0.00999	0.00555	0.00777	0.00222	0.01110	0.00777	0.00333	0.00888
61	0.00965	0.00735	0.01083	0.01069	0.01175	0.00867	0.00827	0.01182	0.01050	0.01516	0.01740	0.02633	0.01653	0.08944	0.66793	0.00998	0.05120	0.00714	0.00352	0.00583
62	0.01600	0.02008	0.19212	0.02654	0.32610	0.08238	0.05005	0.02030	0.01480	0.05367	0.01433	0.04220	0.01202	0.03285	0.03813	0.00249	0.00877	0.00621	0.03173	0.00925
63	0.04541	0.01844	0.01956	0.01643	0.06369	0.06360	0.01268	0.55960	0.02790	0.08348	0.01574	0.01589	0.01121	0.00768	0.00648	0.00196	0.00740	0.00580	0.00622	0.01082
64	0.01130	0.00833	0.00950	0.00922	0.01163	0.00801	0.00723	0.01620	0.13226	0.06900	0.13390	0.07862	0.35191	0.01477	0.00773	0.00233	0.00419	0.11050	0.00648	0.00690
65	0.01710	0.06969	0.26686	0.04865	0.15419	0.06980	0.13433	0.03944	0.01549	0.08701	0.01324	0.01561	0.00985	0.00641	0.00678	0.00203	0.02473	0.00565	0.00361	0.00952
66	0.05637	0.08665	0.19976	0.03739	0.17039	0.06867	0.06121	0.03789	0.06108	0.10665	0.01522	0.04380	0.01195	0.00708	0.00627	0.00200	0.00803	0.00598	0.00414	0.00947
67	0.02934	0.01153	0.01548	0.01187	0.01697	0.01015	0.00980	0.06209	0.01938	0.70137	0.02552	0.02211	0.01607	0.00814	0.00662	0.00203	0.00567	0.00659	0.00808	0.01120
68	0.01047	0.00748	0.01045	0.01197	0.01343	0.00746	0.01037	0.01341	0.01502	0.01955	0.03493	0.11043	0.03818	0.01831	0.00906	0.00301	0.00594	0.64843	0.00606	0.00602
69	0.02054	0.27524	0.10188	0.01461	0.01980	0.17384	0.04164	0.05645	0.05299	0.12990	0.01367	0.01450	0.01048	0.00687	0.00634	0.00181	0.04132	0.00490	0.00417	0.00904
70	0.01171	0.01057	0.04639	0.07747	0.01693	0.01014	0.04159	0.01821	0.18772	0.03712	0.05328	0.29997	0.10444	0.01406	0.00759	0.00241	0.00529	0.04196	0.00577	0.00737
71	0.00802	0.00573	0.00764	0.00917	0.00955	0.00535	0.00611	0.00917	0.01260	0.01681	0.03628	0.76434	0.04354	0.02062	0.00840	0.00267	0.00382	0.01872	0.00611	0.00535
72	0.01582	0.02232	0.26914	0.05796	0.18882	0.01604	0.19886	0.07046	0.01581	0.04179	0.01292	0.01600	0.00970	0.00631	0.00718	0.00211	0.02960	0.00604	0.00347	0.00964
73	0.01571	0.04920	0.36147	0.08883	0.04805	0.04350	0.15712	0.10181	0.03103	0.02277	0.01276	0.01534	0.00936	0.00638	0.00657	0.00207	0.00947	0.00568	0.00347	0.00942
74	0.00860	0.00643	0.00802	0.00871	0.00979	0.00599	0.00611	0.01094	0.04055	0.01962	0.20242	0.45438	0.15834	0.01786	0.00809	0.00244	0.00362	0.01591	0.00640	0.00577
75	0.02233	0.28762	0.02480	0.01406	0.01916	0.13724	0.01210	0.35460	0.02277	0.02824	0.01255	0.01332	0.00979	0.00692	0.00565	0.00173	0.00791	0.00481	0.00474	0.00966
76	0.03806	0.01179	0.01374	0.01006	0.01570	0.00937	0.00807	0.01892	0.04507	0.08830	0.01363	0.01487	0.01074	0.00540	0.00510	0.00116	0.00496	0.00430	0.00443	0.67633
77	0.09143	0.02057	0.23642	0.06968	0.10811	0.06978	0.01611	0.04124	0.05080	0.10765	0.04118	0.04977	0.01369	0.00784	0.00711	0.00211	0.04701	0.00617	0.00429	0.00904
78	0.00811	0.00579	0.00774	0.00927	0.00969	0.00542	0.00626	0.00932	0.01269	0.01690	0.03624	0.74092	0.04335	0.02054	0.00843	0.00269	0.00390	0.04127	0.00611	0.00537
79	0.00950	0.00668	0.00869	0.00869	0.00921	0.00720	0.00587	0.01054	0.01002	0.01388	0.01937	0.03545	0.02062	0.44995	0.34766	0.00824	0.01137	0.00846	0.00378	0.00483
80	0.01567	0.02445	0.34889	0.09211	0.19861	0.06989	0.04718	0.02110	0.01470	0.06163	0.01289	0.01570	0.00969	0.00769	0.02989	0.00231	0.00940	0.00544	0.00332	0.00944
81	0.02136	0.01210	0.06183	0.01245	0.01689	0.00991	0.05277	0.05611	0.01776	0.40355	0.06609	0.09538	0.08918	0.01057	0.00712	0.00218	0.00580	0.04269	0.00690	0.00937
82	0.02954	0.01120	0.01528	0.01171	0.01681	0.00968	0.00968	0.03208	0.01884	0.73213	0.02597	0.02241	0.01630	0.00815	0.00662	0.00204	0.00560	0.00662	0.00815	0.01120
83	0.02424	0.02744	0.01865	0.01689	0.03814	0.55723	0.01262	0.11526	0.05670	0.05378	0.01258	0.01366	0.00986	0.00708	0.00611	0.00178	0.01052	0.00478	0.00420	0.00848
84	0.02301	0.01266	0.04099	0.01264	0.04241	0.04449	0.01008	0.07869	0.01917	0.42553	0.14484	0.02807	0.06889	0.00937	0.00684	0.00203	0.00569	0.00773	0.00714	0.00974

[dist]
# distance from previous block
# <min> <max>
0	4

[block]
# block no. 2 follows, 33 sequences, length 20
# corresponding to MSA columns:
# 213-220,222-233
name=unknown_C
#
# <colnr> <probs for GDERKNQSTAVLIFYWHMCP>
#	G	D	E	R	K	N	Q	S	T	A	V	L	I	F	Y	W	H	M	C	P
0	0.07876	0.14275	0.10209	0.01366	0.03673	0.06243	0.01214	0.19119	0.01844	0.07074	0.01295	0.01400	0.00989	0.00636	0.00551	0.00164	0.00696	0.00467	0.00450	0.20459
1	0.01356	0.03184	0.65247	0.01954	0.06373	0.01538	0.02323	0.02171	0.05847	0.02131	0.01279	0.01470	0.00919	0.00640	0.00630	0.00209	0.00934	0.00508	0.00305	0.00981
2	0.07912	0.04679	0.15724	0.01718	0.08154	0.01616	0.04664	0.20801	0.03283	0.12107	0.03276	0.01669	0.01203	0.00735	0.00719	0.00201	0.05437	0.00570	0.00494	0.05038
3	0.64458	0.03977	0.05737	0.01014	0.01462	0.06931	0.00888	0.02054	0.01234	0.05887	0.01016	0.01150	0.00776	0.00625	0.00447	0.00199	0.00598	0.00383	0.00408	0.00756
4	0.07534	0.01490	0.02496	0.15119	0.52950	0.01547	0.05408	0.01965	0.01444	0.02134	0.01208	0.01615	0.00989	0.00598	0.00641	0.00201	0.00794	0.00579	0.00327	0.00960
5	0.01295	0.01215	0.02015	0.48163	0.12249	0.01402	0.06085	0.01812	0.06613	0.01873	0.03361	0.06504	0.03055	0.00787	0.00683	0.00220	0.00797	0.00722	0.00365	0.00784
6	0.00947	0.00641	0.00722	0.00720	0.00737	0.00633	0.00412	0.00967	0.01019	0.01353	0.04954	0.04434	0.06091	0.70210	0.03123	0.00601	0.00610	0.00988	0.00422	0.00415
7	0.01365	0.01170	0.01365	0.00975	0.01560	0.00878	0.00780	0.01658	0.01365	0.02145	0.01170	0.01365	0.00975	0.00488	0.00488	0.00098	0.00488	0.00390	0.00390	0.80888
8	0.00870	0.00628	0.00837	0.00980	0.01060	0.00596	0.00724	0.01038	0.01343	0.01764	0.03774	0.53777	0.08329	0.01973	0.00855	0.00274	0.00439	0.19574	0.00610	0.00555
9	0.01387	0.14630	0.62814	0.01762	0.02673	0.01692	0.02234	0.02068	0.01382	0.02003	0.01141	0.01339	0.00836	0.00616	0.00595	0.00198	0.00932	0.00466	0.00279	0.00953
10	0.00878	0.00637	0.00836	0.00952	0.01036	0.00613	0.00698	0.01039	0.01306	0.01715	0.03670	0.43798	0.10813	0.07741	0.05694	0.00349	0.00534	0.16567	0.00578	0.00546
11	0.01421	0.01351	0.02295	0.42528	0.35900	0.01509	0.01917	0.01838	0.01400	0.01898	0.01201	0.01697	0.00954	0.00625	0.00655	0.00208	0.00834	0.00586	0.00308	0.00875
12	0.00878	0.00664	0.00810	0.00788	0.00954	0.00596	0.00585	0.01132	0.01713	0.02319	0.48233	0.10673	0.25265	0.01492	0.00782	0.00216	0.00323	0.01299	0.00683	0.00596
13	0.01383	0.01186	0.01373	0.00999	0.01570	0.00927	0.00797	0.01777	0.05900	0.02185	0.01268	0.01436	0.01042	0.00514	0.00499	0.00106	0.00490	0.00413	0.00408	0.75730
14	0.01693	0.01442	0.01520	0.01351	0.01733	0.01663	0.01055	0.07808	0.67167	0.02844	0.02609	0.02400	0.01952	0.00887	0.00669	0.00222	0.00534	0.00735	0.00669	0.01047
15	0.01609	0.46217	0.22934	0.01565	0.02256	0.02175	0.11167	0.02022	0.01382	0.01776	0.01047	0.01249	0.00863	0.00579	0.00528	0.00171	0.00835	0.00449	0.00288	0.00886
16	0.01370	0.00895	0.01068	0.00991	0.01130	0.04534	0.00714	0.01503	0.01189	0.13081	0.01958	0.03139	0.01887	0.34065	0.26186	0.00670	0.03781	0.00785	0.00444	0.00609
17	0.01365	0.01170	0.01365	0.00975	0.01560	0.00878	0.00780	0.01658	0.01365	0.02145	0.01170	0.01365	0.00975	0.00488	0.00488	0.00098	0.00488	0.00390	0.00390	0.80888
18	0.01563	0.01164	0.01385	0.01000	0.01575	0.00889	0.00803	0.01851	0.01430	0.11015	0.01348	0.01474	0.01057	0.00528	0.00509	0.00111	0.00497	0.00424	0.00443	0.70932
19	0.02150	0.06809	0.03936	0.10432	0.08190	0.45704	0.01412	0.07375	0.04480	0.01901	0.01157	0.01365	0.00931	0.00677	0.00605	0.00181	0.01025	0.00478	0.00364	0.00829

[dist]
# distance from previous block
# <min> <max>
0	2

[block]
# block no. 3 follows, 33 sequences, length 9
# corresponding to MSA columns:
# 236-244
name=unknown_D
#
# <colnr> <probs for GDERKNQSTAVLIFYWHMCP>
#	G	D	E	R	K	N	Q	S	T	A	V	L	I	F	Y	W	H	M	C	P
0	0.01652	0.01738	0.06653	0.03250	0.49040	0.05384	0.05033	0.02323	0.13983	0.02224	0.01484	0.01746	0.01190	0.00647	0.00656	0.00201	0.00783	0.00609	0.00385	0.01017
1	0.00875	0.00696	0.00804	0.00790	0.00991	0.00597	0.00580	0.01072	0.01507	0.01973	0.19184	0.22060	0.35394	0.01575	0.00763	0.00217	0.00355	0.01361	0.00613	0.08592
2	0.01144	0.00572	0.00858	0.00858	0.00858	0.00572	0.00572	0.00858	0.00858	0.01144	0.01144	0.02001	0.01144	0.02287	0.02573	0.80846	0.00572	0.00572	0.00286	0.00286
3	0.01356	0.01294	0.01655	0.01433	0.01587	0.06945	0.03867	0.01569	0.01166	0.01695	0.01260	0.01820	0.01155	0.02117	0.22912	0.00476	0.33595	0.00594	0.04752	0.08752
4	0.04420	0.00958	0.01497	0.01333	0.01499	0.01132	0.07917	0.01368	0.01102	0.01655	0.01536	0.02253	0.01413	0.03692	0.51902	0.00811	0.13846	0.00677	0.00342	0.00645
5	0.01886	0.17627	0.14620	0.01752	0.04395	0.21788	0.08408	0.04231	0.05011	0.04915	0.01213	0.01412	0.00966	0.00698	0.00750	0.00193	0.08402	0.00507	0.00357	0.00872
6	0.00968	0.00704	0.00927	0.00919	0.00969	0.00780	0.00637	0.01077	0.01016	0.01415	0.01958	0.06888	0.02101	0.39826	0.32346	0.00775	0.04932	0.00878	0.00384	0.00500
7	0.01644	0.01500	0.02333	0.17141	0.44443	0.01601	0.01794	0.09021	0.09628	0.02331	0.01424	0.01743	0.01129	0.00656	0.00656	0.00203	0.00765	0.00605	0.00392	0.00991
8	0.01742	0.03595	0.05223	0.02670	0.36637	0.04700	0.01581	0.15421	0.05394	0.02515	0.03338	0.06101	0.01410	0.00747	0.00648	0.00193	0.00726	0.00657	0.00437	0.06264

[dist]
# distance from previous block
# <min> <max>
0	6

# created by:
# /home/berkeley/.conda/envs/busco_data_prod/bin/msa2prfl.pl pipeline/OGs_align_augustus/4893/39936.fs
