[name]
unknown

[dist]
# distance from previous block
# <min> <max>
3	30

[block]
# block no. 0 follows, 32 sequences, length 68
# corresponding to MSA columns:
# 30-97
name=unknown_A
#
# <colnr> <probs for GDERKNQSTAVLIFYWHMCP>
#	G	D	E	R	K	N	Q	S	T	A	V	L	I	F	Y	W	H	M	C	P
0	0.01874	0.11166	0.09157	0.01295	0.01794	0.03346	0.01164	0.15393	0.11373	0.12592	0.02402	0.04237	0.10031	0.00900	0.00686	0.00197	0.02830	0.00703	0.00555	0.08304
1	0.06529	0.03661	0.07845	0.05177	0.03878	0.11214	0.03131	0.07878	0.11654	0.04592	0.04478	0.04835	0.07596	0.05538	0.00921	0.00237	0.05430	0.00727	0.00481	0.04200
2	0.01439	0.10043	0.07490	0.03334	0.03948	0.07521	0.06810	0.07973	0.01515	0.01943	0.02210	0.06167	0.10073	0.11014	0.12743	0.00402	0.03421	0.00793	0.00417	0.00744
3	0.03612	0.04554	0.21556	0.03677	0.02260	0.12326	0.08563	0.07752	0.09919	0.02278	0.05048	0.02334	0.09992	0.00855	0.00703	0.00210	0.02340	0.00697	0.00443	0.00881
4	0.01697	0.01621	0.06530	0.07246	0.02094	0.05853	0.05399	0.19105	0.20811	0.02692	0.02448	0.13071	0.06404	0.01039	0.00711	0.00223	0.00687	0.00883	0.00568	0.00917
5	0.08332	0.07718	0.23700	0.04113	0.18119	0.03775	0.01674	0.04428	0.06991	0.02246	0.03177	0.06355	0.04966	0.00810	0.00638	0.00208	0.00761	0.00670	0.00401	0.00916
6	0.01687	0.09164	0.21154	0.04408	0.14853	0.10857	0.13697	0.02152	0.01563	0.05334	0.05583	0.01744	0.01296	0.00689	0.00703	0.00203	0.03025	0.00603	0.00364	0.00920
7	0.05834	0.18019	0.27025	0.01666	0.05190	0.08064	0.01663	0.17098	0.01844	0.05776	0.01279	0.01406	0.00958	0.00672	0.00591	0.00191	0.00847	0.00492	0.00409	0.00976
8	0.01635	0.04766	0.05184	0.08893	0.33887	0.08102	0.01623	0.06129	0.03288	0.02147	0.01859	0.02114	0.08743	0.00773	0.00720	0.00200	0.03914	0.00651	0.00389	0.04984
9	0.01507	0.02316	0.32187	0.10222	0.02791	0.01583	0.10897	0.08119	0.14889	0.02371	0.01677	0.05536	0.01315	0.00773	0.00685	0.00221	0.00859	0.00678	0.00419	0.00955
10	0.02406	0.01354	0.05252	0.01499	0.07783	0.01219	0.01144	0.05340	0.15404	0.42590	0.02403	0.02335	0.01674	0.05447	0.00841	0.00238	0.00615	0.00691	0.00699	0.01067
11	0.02103	0.03708	0.01666	0.01286	0.01677	0.01216	0.05182	0.07989	0.06281	0.32453	0.12401	0.05338	0.07202	0.01020	0.00836	0.00219	0.06965	0.00834	0.00679	0.00945
12	0.06561	0.01788	0.02994	0.13014	0.03166	0.08773	0.39541	0.07739	0.01656	0.02232	0.01303	0.01708	0.00997	0.00778	0.03191	0.00247	0.02402	0.00680	0.00366	0.00864
13	0.01095	0.00883	0.00934	0.00867	0.01117	0.00859	0.00657	0.09132	0.07605	0.02117	0.05156	0.05155	0.47727	0.07960	0.05459	0.00311	0.00517	0.01187	0.00600	0.00664
14	0.01179	0.00824	0.00939	0.00866	0.01114	0.00760	0.00662	0.06486	0.03507	0.08322	0.22623	0.09898	0.37334	0.01480	0.00775	0.00222	0.00392	0.01255	0.00676	0.00687
15	0.01034	0.00833	0.00910	0.00861	0.01067	0.00808	0.00645	0.08252	0.01610	0.02023	0.06849	0.12754	0.46120	0.08135	0.01088	0.00269	0.04227	0.01297	0.00595	0.00621
16	0.02264	0.01480	0.01704	0.05859	0.02001	0.01592	0.01147	0.27571	0.21788	0.20617	0.02378	0.02245	0.04501	0.00871	0.00680	0.00213	0.00631	0.00699	0.00689	0.01071
17	0.01542	0.01713	0.03547	0.08866	0.03378	0.01725	0.55173	0.02043	0.01491	0.02043	0.01282	0.01764	0.00990	0.00653	0.00963	0.00235	0.10643	0.00749	0.00330	0.00869
18	0.00817	0.00677	0.00715	0.00712	0.00923	0.00575	0.00532	0.01006	0.01575	0.01936	0.16122	0.08622	0.60145	0.01666	0.00795	0.00226	0.00338	0.01404	0.00640	0.00575
19	0.02221	0.01867	0.01902	0.12104	0.02355	0.12150	0.01308	0.44568	0.02605	0.03362	0.07497	0.01871	0.01511	0.00818	0.00672	0.00201	0.00792	0.00631	0.00576	0.00988
20	0.00917	0.00722	0.01077	0.01057	0.01194	0.00669	0.06554	0.01130	0.01491	0.02020	0.22076	0.46217	0.08792	0.01749	0.00829	0.00249	0.00430	0.01594	0.00630	0.00601
21	0.00842	0.00604	0.00788	0.00913	0.00979	0.00573	0.00625	0.00980	0.01294	0.01737	0.03760	0.61585	0.09916	0.02254	0.06631	0.00328	0.00494	0.01725	0.03417	0.00554
22	0.00830	0.00656	0.00730	0.00761	0.00917	0.00575	0.00540	0.00989	0.01464	0.01838	0.12418	0.22402	0.43584	0.07979	0.01026	0.00271	0.00375	0.01473	0.00617	0.00555
23	0.01872	0.01226	0.01394	0.01211	0.01593	0.01298	0.00953	0.03043	0.40517	0.20837	0.09031	0.03040	0.08999	0.01005	0.00701	0.00221	0.00505	0.00839	0.00720	0.00999
24	0.02156	0.01742	0.01888	0.01537	0.01977	0.10299	0.06647	0.31104	0.14367	0.09237	0.02048	0.10337	0.01680	0.00942	0.00697	0.00213	0.00736	0.00781	0.00616	0.00996
25	0.00965	0.00629	0.00838	0.00941	0.01022	0.00581	0.00646	0.01111	0.01387	0.06162	0.10624	0.64190	0.04462	0.01949	0.00839	0.00262	0.00393	0.01761	0.00647	0.00591
26	0.02152	0.04782	0.01878	0.01603	0.03906	0.24743	0.01229	0.19445	0.26381	0.02698	0.01771	0.01775	0.01353	0.00800	0.00680	0.00201	0.02493	0.00594	0.00540	0.00977
27	0.01659	0.07092	0.41103	0.04186	0.04545	0.11453	0.04241	0.02245	0.03180	0.06226	0.01279	0.01481	0.00949	0.00680	0.00707	0.00205	0.04732	0.00514	0.00342	0.03180
28	0.01770	0.13557	0.22663	0.02974	0.03941	0.09382	0.05384	0.14732	0.03754	0.04052	0.01808	0.01937	0.07104	0.00905	0.02981	0.00226	0.00875	0.00607	0.00423	0.00926
29	0.02414	0.02969	0.01896	0.01771	0.04604	0.64424	0.01296	0.06029	0.01952	0.01837	0.03987	0.01403	0.01110	0.00722	0.00618	0.00177	0.01134	0.00479	0.00378	0.00801
30	0.01051	0.00752	0.00973	0.01060	0.05047	0.00780	0.00664	0.03459	0.01165	0.01610	0.02211	0.14205	0.02412	0.39796	0.18762	0.00635	0.00875	0.01008	0.02991	0.00541
31	0.01628	0.01895	0.19937	0.04122	0.08820	0.03503	0.06520	0.10441	0.07763	0.07978	0.04501	0.07229	0.06096	0.05523	0.00862	0.00243	0.00757	0.00785	0.00488	0.00910
32	0.01705	0.10911	0.26187	0.01579	0.02221	0.01665	0.06467	0.17050	0.04250	0.06052	0.02155	0.02220	0.10736	0.00842	0.00703	0.00208	0.02969	0.00672	0.00462	0.00948
33	0.01239	0.00974	0.01094	0.00997	0.01255	0.00993	0.00765	0.09808	0.15940	0.02619	0.29133	0.08523	0.21344	0.01335	0.00759	0.00221	0.00420	0.01140	0.00683	0.00759
34	0.01588	0.02789	0.46196	0.02279	0.13278	0.01608	0.09143	0.08551	0.01631	0.04746	0.01316	0.01542	0.00954	0.00647	0.00662	0.00211	0.00938	0.00558	0.00352	0.01013
35	0.01670	0.01750	0.08138	0.25465	0.23825	0.07516	0.03981	0.06128	0.05284	0.04614	0.01352	0.01704	0.01045	0.00692	0.00730	0.00213	0.04004	0.00593	0.00373	0.00922
36	0.01545	0.08675	0.23852	0.06191	0.15856	0.03767	0.19562	0.02057	0.01450	0.02015	0.01196	0.01553	0.00940	0.00659	0.00810	0.00215	0.07828	0.00592	0.00311	0.00929
37	0.00808	0.00678	0.00690	0.00688	0.00901	0.00573	0.00509	0.00974	0.01514	0.01818	0.08863	0.06301	0.66095	0.05495	0.00927	0.00248	0.00355	0.01386	0.00616	0.00561
38	0.07254	0.10009	0.02213	0.06431	0.10761	0.14199	0.08761	0.06091	0.01496	0.01978	0.01256	0.01783	0.01113	0.07542	0.06592	0.00311	0.10462	0.00588	0.00358	0.00802
39	0.03280	0.04768	0.07568	0.01354	0.04429	0.01284	0.01081	0.06128	0.04849	0.01902	0.01870	0.12735	0.01890	0.14795	0.16603	0.00485	0.12995	0.00853	0.00422	0.00709
40	0.00839	0.00657	0.00772	0.00844	0.00978	0.00601	0.00597	0.01039	0.03543	0.01783	0.04920	0.40731	0.33274	0.02015	0.03892	0.00285	0.00432	0.01611	0.00614	0.00573
41	0.00822	0.00587	0.00783	0.00931	0.00974	0.00548	0.00623	0.00946	0.01306	0.01747	0.06063	0.73519	0.04504	0.02077	0.00854	0.00270	0.00387	0.01883	0.00627	0.00548
42	0.01695	0.26991	0.24521	0.01848	0.04449	0.05660	0.14727	0.06584	0.03742	0.02086	0.01212	0.01423	0.00949	0.00624	0.00602	0.00190	0.00903	0.00522	0.00338	0.00935
43	0.01416	0.01321	0.02218	0.31602	0.36456	0.01449	0.01808	0.01804	0.01393	0.01912	0.01316	0.01910	0.01107	0.04198	0.07054	0.00303	0.00915	0.00624	0.00324	0.00870
44	0.10676	0.01774	0.01872	0.01455	0.01973	0.01961	0.01199	0.57924	0.05167	0.06937	0.01622	0.01615	0.01150	0.00791	0.00645	0.00203	0.00702	0.00587	0.00652	0.01096
45	0.04298	0.01497	0.01639	0.01259	0.01786	0.03266	0.01020	0.28214	0.05066	0.11488	0.01656	0.03810	0.01266	0.00729	0.00604	0.00167	0.00616	0.00570	0.00573	0.30478
46	0.01457	0.01051	0.05936	0.01021	0.01307	0.00874	0.00825	0.05912	0.03848	0.13589	0.11579	0.11735	0.10964	0.12461	0.01316	0.08495	0.00536	0.00978	0.00574	0.05539
47	0.03404	0.09285	0.08005	0.01410	0.01881	0.05717	0.05110	0.22230	0.07289	0.07279	0.06137	0.04458	0.03479	0.04693	0.04202	0.00262	0.00768	0.00699	0.00534	0.03158
48	0.01026	0.00730	0.00917	0.00881	0.01055	0.00686	0.00656	0.01391	0.05760	0.04796	0.50056	0.14272	0.12308	0.01457	0.00790	0.00222	0.00349	0.01281	0.00712	0.00656
49	0.01045	0.01020	0.07317	0.03349	0.01484	0.00989	0.01037	0.01404	0.04057	0.01665	0.01742	0.02468	0.01577	0.04246	0.60257	0.00921	0.03703	0.00694	0.00363	0.00660
50	0.00866	0.00814	0.04116	0.00812	0.01036	0.00646	0.00643	0.01110	0.03187	0.01921	0.13214	0.16225	0.47529	0.03773	0.00867	0.00243	0.00388	0.01395	0.00616	0.00598
51	0.01769	0.06429	0.08542	0.08462	0.41401	0.05365	0.01830	0.11634	0.01739	0.02381	0.01296	0.01607	0.01039	0.00645	0.00641	0.00197	0.00815	0.00568	0.02635	0.01005
52	0.00959	0.00709	0.01028	0.01023	0.01136	0.00801	0.00778	0.01185	0.01152	0.01649	0.08903	0.03037	0.02217	0.11209	0.59941	0.00952	0.01543	0.00792	0.00402	0.00585
53	0.01125	0.00583	0.00863	0.00881	0.00886	0.00578	0.00587	0.00881	0.00922	0.01230	0.01462	0.10688	0.01548	0.02304	0.02416	0.71097	0.00560	0.00738	0.00330	0.00321
54	0.01651	0.04052	0.08334	0.13494	0.46869	0.01652	0.04555	0.07320	0.01617	0.02258	0.01268	0.01643	0.01020	0.00626	0.00661	0.00203	0.00832	0.00590	0.00349	0.01006
55	0.01381	0.01287	0.02158	0.31941	0.34877	0.01401	0.01773	0.01759	0.01418	0.01932	0.01587	0.12459	0.01483	0.00845	0.00695	0.00220	0.00777	0.00787	0.00361	0.00861
56	0.00855	0.00632	0.00847	0.00974	0.01014	0.00625	0.00666	0.00980	0.01291	0.01739	0.05743	0.69907	0.04317	0.02031	0.00923	0.00272	0.04198	0.01818	0.00610	0.00557
57	0.00826	0.00612	0.00771	0.00877	0.00963	0.00558	0.00602	0.00972	0.01391	0.01827	0.10887	0.55726	0.17630	0.01954	0.00838	0.00258	0.00373	0.01746	0.00634	0.00558
58	0.01420	0.01173	0.01686	0.09591	0.02049	0.01186	0.10665	0.04009	0.17094	0.06336	0.14682	0.09101	0.07852	0.01025	0.00719	0.00213	0.00597	0.00925	0.00570	0.09109
59	0.00934	0.00775	0.01245	0.01195	0.01345	0.00728	0.10553	0.01126	0.01334	0.01774	0.03485	0.56028	0.08801	0.02018	0.04969	0.00308	0.00572	0.01644	0.00567	0.00601
60	0.01876	0.01044	0.01192	0.01012	0.01318	0.01063	0.00783	0.12958	0.09499	0.19456	0.04493	0.02662	0.01902	0.11768	0.01011	0.00257	0.00515	0.00718	0.25625	0.00848
61	0.02212	0.01900	0.11929	0.01479	0.02031	0.01747	0.01341	0.45361	0.04931	0.08840	0.07541	0.01973	0.01619	0.00833	0.00671	0.00204	0.00707	0.00651	0.02971	0.01060
62	0.01958	0.01852	0.02181	0.14207	0.06875	0.19980	0.12544	0.09027	0.01830	0.10051	0.08720	0.01997	0.01592	0.00776	0.00739	0.00207	0.03473	0.00660	0.00461	0.00871
63	0.01467	0.37321	0.08370	0.01270	0.01667	0.01960	0.01208	0.01717	0.01272	0.01647	0.01599	0.01908	0.07106	0.01559	0.13546	0.00346	0.14364	0.00565	0.00329	0.00778
64	0.00966	0.07254	0.00987	0.00774	0.01015	0.00813	0.00595	0.03890	0.01526	0.01848	0.05554	0.09560	0.53908	0.07216	0.00958	0.00253	0.00415	0.01287	0.00580	0.00602
65	0.10932	0.01583	0.09450	0.05449	0.43050	0.01412	0.01708	0.01867	0.01432	0.02193	0.01678	0.11503	0.03256	0.00834	0.00661	0.00213	0.00722	0.00753	0.00382	0.00923
66	0.04371	0.02350	0.20389	0.02192	0.11139	0.13568	0.16336	0.08748	0.01745	0.08169	0.01367	0.01576	0.01011	0.00653	0.00663	0.00202	0.00944	0.00579	0.00402	0.03596
67	0.01708	0.04086	0.06077	0.01644	0.06566	0.08909	0.04141	0.03497	0.07885	0.10050	0.03624	0.06690	0.01556	0.01261	0.06976	0.00288	0.16201	0.00692	0.00456	0.07692

[dist]
# distance from previous block
# <min> <max>
0	17

[block]
# block no. 1 follows, 32 sequences, length 32
# corresponding to MSA columns:
# 115-146
name=unknown_B
#
# <colnr> <probs for GDERKNQSTAVLIFYWHMCP>
#	G	D	E	R	K	N	Q	S	T	A	V	L	I	F	Y	W	H	M	C	P
0	0.02184	0.08852	0.02232	0.02120	0.14660	0.48590	0.04632	0.02420	0.01760	0.01766	0.01311	0.01515	0.03709	0.00699	0.00617	0.00180	0.01057	0.00512	0.00349	0.00834
1	0.01012	0.00919	0.05008	0.01003	0.01255	0.00702	0.00776	0.01222	0.01341	0.01899	0.04999	0.48743	0.03334	0.01549	0.00742	0.00219	0.00451	0.01385	0.00545	0.22896
2	0.01067	0.00904	0.01031	0.01015	0.01197	0.03788	0.02737	0.01521	0.12712	0.02036	0.13271	0.30671	0.18774	0.04989	0.00909	0.00258	0.00459	0.01384	0.00619	0.00659
3	0.01384	0.01370	0.01955	0.01670	0.01724	0.01841	0.04078	0.01555	0.01097	0.01650	0.01474	0.01988	0.07215	0.01413	0.06042	0.00329	0.61490	0.00676	0.00328	0.00718
4	0.04481	0.04988	0.04927	0.54180	0.03845	0.05629	0.01722	0.01788	0.01340	0.01760	0.01158	0.01682	0.00904	0.00824	0.02850	0.00245	0.06049	0.00566	0.00306	0.00757
5	0.00818	0.00584	0.00779	0.00934	0.00973	0.00545	0.00623	0.00934	0.01285	0.01713	0.03698	0.75981	0.04438	0.02102	0.00856	0.00273	0.00389	0.01908	0.00623	0.00545
6	0.00835	0.00593	0.00780	0.00916	0.00956	0.00556	0.00607	0.00950	0.01285	0.01720	0.06242	0.67826	0.04362	0.07662	0.01046	0.00299	0.00406	0.01810	0.00611	0.00538
7	0.04339	0.03257	0.01227	0.03330	0.03881	0.00989	0.00861	0.07025	0.01376	0.05279	0.02343	0.17617	0.04972	0.10383	0.29361	0.00602	0.01043	0.00970	0.00474	0.00672
8	0.01830	0.10406	0.10610	0.09986	0.06293	0.22957	0.01485	0.06963	0.04946	0.01967	0.01440	0.01724	0.03912	0.02564	0.00879	0.00215	0.10049	0.00560	0.00371	0.00842
9	0.00992	0.00837	0.03838	0.01072	0.01202	0.00740	0.04010	0.04925	0.01370	0.01840	0.03172	0.56332	0.03697	0.11228	0.01156	0.00311	0.00501	0.01608	0.00571	0.00596
10	0.01315	0.00739	0.00891	0.00846	0.00989	0.00685	0.00570	0.01411	0.01296	0.15264	0.03208	0.16100	0.13456	0.37899	0.02055	0.00436	0.00544	0.01140	0.00558	0.00597
11	0.01447	0.02048	0.24120	0.08591	0.14641	0.01474	0.17646	0.05140	0.01513	0.02143	0.01476	0.05352	0.01236	0.03830	0.03799	0.00268	0.00941	0.00695	0.02743	0.00898
12	0.01754	0.29055	0.16662	0.09341	0.08513	0.04852	0.04697	0.11119	0.04172	0.02178	0.01220	0.01429	0.00967	0.00646	0.00581	0.00186	0.00831	0.00501	0.00361	0.00936
13	0.00814	0.00597	0.00765	0.00900	0.00964	0.00548	0.00608	0.00938	0.01317	0.01726	0.04112	0.66689	0.13462	0.02048	0.00848	0.00266	0.00383	0.01842	0.00623	0.00548
14	0.01504	0.01400	0.05513	0.01565	0.10709	0.01200	0.03772	0.11145	0.05617	0.02511	0.08829	0.02380	0.08443	0.00787	0.00629	0.00168	0.00589	0.00671	0.00489	0.32079
15	0.01414	0.13488	0.05128	0.01777	0.15987	0.01477	0.01205	0.03933	0.10609	0.01950	0.01862	0.11160	0.01813	0.12304	0.08346	0.00361	0.05152	0.00801	0.00426	0.00806
16	0.01546	0.01448	0.02445	0.15619	0.54807	0.01503	0.01907	0.01942	0.01471	0.02095	0.01312	0.01761	0.01090	0.00827	0.04117	0.00243	0.00842	0.00604	0.03450	0.00971
17	0.05081	0.16462	0.02092	0.01378	0.01846	0.13256	0.01146	0.27475	0.08311	0.08765	0.06439	0.01796	0.01512	0.00787	0.00614	0.00189	0.00739	0.00582	0.00555	0.00972
18	0.01708	0.01701	0.09277	0.03681	0.02162	0.03671	0.10326	0.13510	0.11129	0.04654	0.01565	0.01778	0.01214	0.03393	0.00724	0.00192	0.00720	0.00580	0.00471	0.27544
19	0.07862	0.24828	0.30607	0.01666	0.04817	0.04120	0.04178	0.10631	0.01623	0.02284	0.01156	0.01331	0.00895	0.00636	0.00568	0.00189	0.00846	0.00471	0.00349	0.00944
20	0.01229	0.00896	0.01056	0.01003	0.01191	0.00939	0.00730	0.01872	0.20389	0.05538	0.19083	0.12429	0.05894	0.17268	0.07128	0.00384	0.00584	0.01065	0.00610	0.00711
21	0.00947	0.00760	0.01006	0.04274	0.01263	0.00714	0.03957	0.01199	0.04229	0.01957	0.17000	0.21110	0.30230	0.01643	0.00925	0.05819	0.00434	0.01340	0.00595	0.00599
22	0.01601	0.13901	0.32431	0.01936	0.04093	0.06268	0.16261	0.05965	0.04089	0.02149	0.01488	0.01692	0.03794	0.00677	0.00647	0.00203	0.00932	0.00588	0.00350	0.00936
23	0.01391	0.01064	0.01498	0.04700	0.08488	0.01071	0.05870	0.10365	0.05007	0.06667	0.08561	0.24749	0.10649	0.03486	0.03033	0.00269	0.00605	0.01170	0.00578	0.00776
24	0.00845	0.00620	0.00794	0.00882	0.00972	0.00568	0.00611	0.01016	0.01459	0.01954	0.20039	0.50792	0.13212	0.01881	0.00833	0.00252	0.00366	0.01684	0.00650	0.00568
25	0.01585	0.01600	0.03676	0.29927	0.19494	0.11535	0.01629	0.07172	0.01639	0.02092	0.06703	0.04608	0.01514	0.00905	0.02916	0.00236	0.00871	0.00670	0.00389	0.00841
26	0.01829	0.04685	0.16627	0.09418	0.12314	0.03368	0.04370	0.17708	0.09172	0.06892	0.01627	0.04384	0.01264	0.00775	0.00702	0.00212	0.02547	0.00642	0.00472	0.00992
27	0.01754	0.05290	0.20306	0.07018	0.02480	0.03265	0.11408	0.11785	0.03822	0.10448	0.04383	0.04124	0.01413	0.00964	0.03656	0.00251	0.05577	0.00669	0.00456	0.00931
28	0.01121	0.00786	0.00913	0.00866	0.01093	0.00727	0.00653	0.01504	0.08320	0.08348	0.25823	0.12032	0.32309	0.01486	0.00778	0.00225	0.00376	0.01274	0.00683	0.00683
29	0.00950	0.00640	0.00739	0.00765	0.00771	0.00633	0.00442	0.00969	0.01026	0.01368	0.02370	0.15964	0.02762	0.64405	0.03002	0.00589	0.00608	0.01126	0.00442	0.00429
30	0.01619	0.07901	0.27041	0.01834	0.07800	0.10741	0.06736	0.07707	0.01618	0.02179	0.01452	0.06675	0.01233	0.00904	0.03266	0.00228	0.00900	0.00623	0.04145	0.05398
31	0.02237	0.10547	0.04857	0.01736	0.04896	0.53354	0.01334	0.02512	0.04470	0.01724	0.01185	0.03576	0.01028	0.00740	0.00650	0.00181	0.03309	0.00497	0.00357	0.00809

[dist]
# distance from previous block
# <min> <max>
2	5

[block]
# block no. 2 follows, 32 sequences, length 8
# corresponding to MSA columns:
# 152-159
name=unknown_C
#
# <colnr> <probs for GDERKNQSTAVLIFYWHMCP>
#	G	D	E	R	K	N	Q	S	T	A	V	L	I	F	Y	W	H	M	C	P
0	0.01569	0.08362	0.08222	0.02022	0.02572	0.01660	0.33165	0.07687	0.09488	0.02313	0.05141	0.04923	0.05251	0.00809	0.00782	0.00220	0.03684	0.00799	0.00439	0.00894
1	0.01519	0.01280	0.05155	0.08565	0.01870	0.01278	0.03076	0.10010	0.21233	0.06189	0.02653	0.06616	0.09106	0.07990	0.05088	0.00306	0.00677	0.00844	0.05701	0.00844
2	0.32873	0.09195	0.05948	0.01355	0.05628	0.06910	0.01102	0.08246	0.01456	0.02527	0.01143	0.01381	0.00931	0.00923	0.04636	0.00245	0.06595	0.00460	0.03407	0.05039
3	0.00956	0.00704	0.00865	0.00947	0.01054	0.00674	0.00660	0.06600	0.01474	0.01934	0.03979	0.59737	0.14023	0.01937	0.00832	0.00260	0.00411	0.01729	0.00627	0.00597
4	0.01673	0.01571	0.05296	0.01672	0.07916	0.04253	0.05858	0.12867	0.26972	0.02568	0.02063	0.06686	0.01745	0.08416	0.00995	0.00258	0.02660	0.00765	0.00538	0.05228
5	0.01277	0.03125	0.01315	0.01481	0.12519	0.00935	0.00925	0.03537	0.04908	0.07769	0.07504	0.34306	0.06888	0.06827	0.03256	0.00293	0.00552	0.01282	0.00572	0.00728
6	0.01853	0.08712	0.12481	0.02164	0.15083	0.01724	0.11875	0.19473	0.01909	0.06845	0.01589	0.07461	0.01323	0.00804	0.00734	0.00211	0.03617	0.00700	0.00461	0.00982
7	0.01512	0.43869	0.10595	0.04388	0.01807	0.02016	0.01226	0.01764	0.01295	0.01635	0.01374	0.09242	0.01390	0.08362	0.00946	0.00231	0.06607	0.00624	0.00334	0.00783

[dist]
# distance from previous block
# <min> <max>
0	2

[block]
# block no. 3 follows, 32 sequences, length 6
# corresponding to MSA columns:
# 162-167
name=unknown_D
#
# <colnr> <probs for GDERKNQSTAVLIFYWHMCP>
#	G	D	E	R	K	N	Q	S	T	A	V	L	I	F	Y	W	H	M	C	P
0	0.05435	0.04822	0.08568	0.03301	0.04331	0.05044	0.11193	0.04730	0.04803	0.10440	0.04355	0.18482	0.02161	0.08140	0.00963	0.00263	0.00711	0.00948	0.00504	0.00808
1	0.01161	0.05776	0.08083	0.01187	0.01476	0.04386	0.06209	0.01539	0.06476	0.01987	0.14497	0.22439	0.11640	0.08878	0.01019	0.00270	0.00580	0.01174	0.00538	0.00685
2	0.01257	0.06845	0.01256	0.01141	0.04477	0.05385	0.00777	0.04373	0.07934	0.01916	0.06038	0.26471	0.02870	0.20413	0.01401	0.00332	0.00570	0.01135	0.04754	0.00655
3	0.09257	0.28332	0.08612	0.04770	0.08351	0.13581	0.03998	0.02187	0.05744	0.01932	0.01137	0.01357	0.00949	0.00676	0.00672	0.00189	0.06581	0.00473	0.00340	0.00864
4	0.05825	0.08909	0.04823	0.01614	0.08875	0.19833	0.01200	0.03851	0.03184	0.04277	0.04556	0.07552	0.04799	0.00878	0.00748	0.00192	0.06982	0.00662	0.00425	0.10814
5	0.01712	0.03539	0.09490	0.10799	0.02246	0.10819	0.03900	0.09996	0.10845	0.06565	0.04607	0.07786	0.03218	0.00999	0.02887	0.00229	0.00781	0.00723	0.00491	0.08368

[dist]
# distance from previous block
# <min> <max>
16	30

[block]
# block no. 4 follows, 32 sequences, length 15
# corresponding to MSA columns:
# 201-215
name=unknown_E
#
# <colnr> <probs for GDERKNQSTAVLIFYWHMCP>
#	G	D	E	R	K	N	Q	S	T	A	V	L	I	F	Y	W	H	M	C	P
0	0.06488	0.02045	0.10798	0.05656	0.12857	0.18969	0.09436	0.03804	0.05221	0.03550	0.01805	0.04353	0.06045	0.05113	0.00820	0.00231	0.00877	0.00682	0.00404	0.00846
1	0.01365	0.01231	0.06010	0.01099	0.01384	0.05324	0.00888	0.09004	0.09041	0.06066	0.07475	0.22116	0.18367	0.06378	0.00930	0.00258	0.00544	0.01181	0.00598	0.00742
2	0.01703	0.01877	0.07377	0.06291	0.39229	0.09168	0.09798	0.02335	0.11307	0.02190	0.01449	0.01738	0.01153	0.00654	0.00674	0.00206	0.00860	0.00619	0.00379	0.00996
3	0.01081	0.00772	0.01081	0.01236	0.01390	0.00772	0.01081	0.01390	0.01545	0.02008	0.03553	0.07569	0.03862	0.01854	0.00927	0.00309	0.00618	0.67717	0.00618	0.00618
4	0.02513	0.02996	0.01919	0.01700	0.02075	0.62728	0.01293	0.13012	0.02094	0.02039	0.01125	0.01272	0.00907	0.00709	0.00615	0.00177	0.01138	0.00459	0.00396	0.00834
5	0.01913	0.01899	0.01610	0.01436	0.01709	0.28063	0.01117	0.02373	0.12264	0.08997	0.08790	0.02315	0.05619	0.01233	0.05898	0.00272	0.12505	0.00681	0.00492	0.00813
6	0.02031	0.01503	0.01895	0.01514	0.01936	0.01624	0.08404	0.28526	0.15839	0.11025	0.02162	0.06381	0.03421	0.05299	0.00945	0.00246	0.04870	0.00778	0.00616	0.00987
7	0.01776	0.02114	0.07153	0.12556	0.12891	0.23194	0.13230	0.02283	0.07950	0.01962	0.01445	0.05426	0.01215	0.00757	0.00726	0.00210	0.03221	0.00656	0.00375	0.00864
8	0.01387	0.00953	0.01157	0.01051	0.01292	0.00996	0.00810	0.12923	0.04103	0.08266	0.03090	0.07804	0.16936	0.09454	0.26048	0.00555	0.00965	0.00942	0.00541	0.00726
9	0.01033	0.00709	0.00888	0.00968	0.01061	0.00697	0.00660	0.01329	0.08586	0.05235	0.03354	0.56032	0.03810	0.10906	0.01139	0.00310	0.00445	0.01614	0.00613	0.00612
10	0.01553	0.01825	0.09017	0.09012	0.03308	0.01625	0.49569	0.06537	0.01649	0.02226	0.01673	0.02042	0.05252	0.00665	0.00761	0.00223	0.01025	0.00775	0.00370	0.00893
11	0.02118	0.06759	0.04142	0.05433	0.02232	0.36130	0.05851	0.09323	0.13738	0.02145	0.01405	0.01552	0.01107	0.00746	0.00709	0.00196	0.04570	0.00542	0.00425	0.00878
12	0.00963	0.00679	0.00809	0.00843	0.00894	0.00674	0.00535	0.01142	0.05178	0.01663	0.10074	0.26592	0.03453	0.41013	0.02184	0.00462	0.00527	0.01278	0.00525	0.00511
13	0.00883	0.00642	0.00781	0.00847	0.00933	0.00599	0.00580	0.01016	0.01339	0.01757	0.11266	0.33228	0.16851	0.20020	0.01465	0.00352	0.00451	0.05877	0.00582	0.00530
14	0.01994	0.01264	0.01561	0.01459	0.06298	0.05465	0.03637	0.11705	0.06017	0.24714	0.02604	0.25519	0.02383	0.01202	0.00732	0.00227	0.00609	0.01047	0.00652	0.00911

[dist]
# distance from previous block
# <min> <max>
0	1

[block]
# block no. 5 follows, 32 sequences, length 40
# corresponding to MSA columns:
# 217-256
name=unknown_F
#
# <colnr> <probs for GDERKNQSTAVLIFYWHMCP>
#	G	D	E	R	K	N	Q	S	T	A	V	L	I	F	Y	W	H	M	C	P
0	0.04275	0.17091	0.02906	0.02163	0.11610	0.07865	0.25099	0.02222	0.08686	0.02126	0.05815	0.01826	0.01411	0.00668	0.00652	0.00196	0.00855	0.00644	0.00393	0.03495
1	0.07335	0.02226	0.25173	0.01603	0.02227	0.05272	0.05704	0.18674	0.08392	0.07154	0.01592	0.01717	0.01165	0.00916	0.03894	0.00245	0.00851	0.00580	0.04306	0.00974
2	0.02213	0.05753	0.01849	0.01437	0.01887	0.14080	0.01153	0.31386	0.14530	0.07414	0.01845	0.06225	0.01464	0.00857	0.00652	0.00198	0.00737	0.00662	0.00591	0.05067
3	0.01432	0.01184	0.01432	0.01321	0.08248	0.03064	0.00920	0.05884	0.01629	0.04186	0.14787	0.08411	0.02319	0.00840	0.00617	0.00156	0.00520	0.00719	0.00501	0.41831
4	0.01854	0.25095	0.12238	0.01468	0.02037	0.06014	0.04821	0.11510	0.09996	0.05672	0.01410	0.01518	0.01100	0.00693	0.00651	0.00183	0.04212	0.00515	0.00429	0.08584
5	0.02052	0.01953	0.01709	0.01490	0.01890	0.19529	0.01167	0.17683	0.37482	0.02807	0.02091	0.02120	0.01605	0.00858	0.00667	0.00210	0.00746	0.02348	0.00595	0.00998
6	0.00904	0.00640	0.00815	0.00904	0.00963	0.00621	0.00622	0.01025	0.01245	0.01652	0.05030	0.37907	0.07200	0.23587	0.05319	0.00423	0.00560	0.09513	0.00549	0.00520
7	0.05310	0.02486	0.42524	0.01803	0.05003	0.01365	0.08440	0.02059	0.01467	0.09175	0.01877	0.08941	0.04924	0.00842	0.00675	0.00219	0.00842	0.00722	0.00401	0.00924
8	0.02124	0.02000	0.10753	0.01638	0.02195	0.08366	0.08366	0.29078	0.11022	0.09162	0.04256	0.01857	0.01410	0.00774	0.00673	0.00203	0.00788	0.00634	0.00566	0.04136
9	0.01984	0.05785	0.07551	0.05668	0.06843	0.37383	0.07002	0.04238	0.04136	0.01910	0.01550	0.02122	0.02960	0.00811	0.00662	0.00200	0.01007	0.06974	0.00388	0.00825
10	0.00830	0.00595	0.00769	0.00904	0.00949	0.00555	0.00598	0.00939	0.01270	0.01682	0.03720	0.66251	0.07713	0.08497	0.01074	0.00303	0.00409	0.01802	0.00604	0.00534
11	0.01988	0.06511	0.02042	0.12184	0.04623	0.03974	0.04841	0.27853	0.16119	0.06205	0.02007	0.02064	0.04948	0.00817	0.00668	0.00208	0.00726	0.00668	0.00561	0.00994
12	0.01951	0.40176	0.14253	0.01446	0.02070	0.05560	0.03891	0.16688	0.01808	0.04711	0.01201	0.01320	0.00953	0.00648	0.00545	0.00174	0.00799	0.00464	0.00392	0.00950
13	0.00919	0.00636	0.00811	0.00900	0.00988	0.00590	0.00624	0.01062	0.01370	0.03839	0.09886	0.49085	0.12155	0.09067	0.01087	0.00298	0.00419	0.05082	0.00618	0.00563
14	0.00839	0.00601	0.00775	0.00896	0.00947	0.00561	0.00596	0.00957	0.01298	0.01727	0.07182	0.61626	0.07836	0.09442	0.01105	0.00305	0.00409	0.01754	0.00607	0.00537
15	0.05486	0.01089	0.01480	0.01520	0.09923	0.01213	0.04279	0.06011	0.03397	0.02126	0.04274	0.10798	0.01970	0.13920	0.03746	0.00325	0.13416	0.00840	0.13470	0.00715
16	0.02394	0.01791	0.01928	0.01482	0.02016	0.01946	0.01218	0.59996	0.06511	0.03959	0.01629	0.01636	0.01174	0.00781	0.00655	0.00193	0.00704	0.00592	0.00646	0.08748
17	0.00818	0.00584	0.00779	0.00934	0.00973	0.00545	0.00623	0.00934	0.01285	0.01713	0.03698	0.75981	0.04438	0.02102	0.00856	0.00273	0.00389	0.01908	0.00623	0.00545
18	0.05319	0.02616	0.35058	0.05218	0.06588	0.06405	0.04137	0.19613	0.04142	0.02681	0.01343	0.01518	0.00979	0.00689	0.00644	0.00208	0.00894	0.00542	0.00411	0.00997
19	0.81159	0.01298	0.00986	0.00882	0.01298	0.01505	0.00727	0.01972	0.01142	0.03010	0.00934	0.01090	0.00727	0.00623	0.00415	0.00208	0.00519	0.00363	0.00415	0.00727
20	0.01346	0.03471	0.72942	0.01912	0.02904	0.01558	0.02479	0.02125	0.01417	0.02125	0.01204	0.01417	0.00850	0.00637	0.00637	0.00212	0.00992	0.00496	0.00283	0.00992
21	0.06465	0.01975	0.01814	0.01491	0.01952	0.15591	0.01193	0.36635	0.16817	0.06668	0.01748	0.01725	0.01280	0.00797	0.00648	0.00202	0.00766	0.00594	0.00606	0.01034
22	0.00859	0.00640	0.00893	0.07776	0.01311	0.00633	0.00738	0.01007	0.01290	0.01713	0.03466	0.69110	0.04110	0.01970	0.00839	0.00268	0.00436	0.01786	0.00593	0.00564
23	0.02506	0.03198	0.01901	0.01729	0.02074	0.73725	0.01296	0.02679	0.01901	0.01642	0.01037	0.01210	0.00864	0.00691	0.00605	0.00173	0.01210	0.00432	0.00346	0.00778
24	0.01757	0.70779	0.09237	0.01211	0.01820	0.02565	0.01258	0.02019	0.01368	0.01624	0.00955	0.01104	0.00860	0.00579	0.00448	0.00149	0.00740	0.00370	0.00287	0.00872
25	0.01052	0.00720	0.00928	0.01009	0.01119	0.00717	0.00786	0.01266	0.03582	0.01796	0.03165	0.12320	0.07647	0.16744	0.01541	0.08045	0.00563	0.31844	0.04608	0.00549
26	0.00878	0.00671	0.00806	0.00798	0.00965	0.00599	0.00589	0.01119	0.01693	0.02261	0.40590	0.14463	0.28977	0.01578	0.00800	0.00224	0.00334	0.01372	0.00684	0.00599
27	0.03010	0.01142	0.01557	0.01194	0.01713	0.00986	0.00986	0.03270	0.01920	0.72698	0.02647	0.02284	0.01661	0.00830	0.00675	0.00208	0.00571	0.00675	0.00830	0.01142
28	0.00818	0.00584	0.00779	0.00934	0.00973	0.00545	0.00623	0.00934	0.01285	0.01713	0.03698	0.75981	0.04438	0.02102	0.00856	0.00273	0.00389	0.01908	0.00623	0.00545
29	0.00868	0.00672	0.00802	0.00888	0.01026	0.00617	0.00654	0.01083	0.03386	0.01824	0.04869	0.37097	0.30837	0.01876	0.00836	0.00258	0.00406	0.10798	0.00624	0.00578
30	0.00842	0.00601	0.00807	0.00962	0.01012	0.00566	0.00665	0.00977	0.01309	0.01740	0.03685	0.69645	0.04384	0.02079	0.00863	0.00276	0.00410	0.08002	0.00622	0.00552
31	0.02579	0.01835	0.01986	0.01523	0.02058	0.02014	0.01258	0.65939	0.03080	0.08392	0.01674	0.01652	0.01173	0.00807	0.00671	0.00202	0.00728	0.00608	0.00681	0.01141
32	0.01346	0.03471	0.72942	0.01912	0.02904	0.01558	0.02479	0.02125	0.01417	0.02125	0.01204	0.01417	0.00850	0.00637	0.00637	0.00212	0.00992	0.00496	0.00283	0.00992
33	0.00878	0.00716	0.00782	0.00776	0.00980	0.00641	0.00577	0.01172	0.05554	0.02043	0.19829	0.12197	0.48224	0.01622	0.00792	0.00228	0.00350	0.01381	0.00651	0.00607
34	0.00821	0.00601	0.00773	0.00899	0.00967	0.00552	0.00610	0.00955	0.01346	0.01775	0.07607	0.64048	0.12545	0.02016	0.00846	0.00264	0.00380	0.01813	0.00629	0.00552
35	0.02642	0.01733	0.01923	0.01474	0.02008	0.01863	0.01218	0.56748	0.02910	0.17823	0.01817	0.01745	0.01244	0.00810	0.00672	0.00203	0.00705	0.00618	0.00703	0.01141
36	0.01391	0.01193	0.01391	0.00994	0.01590	0.00894	0.00795	0.01690	0.01391	0.02186	0.01193	0.01391	0.00994	0.00497	0.00497	0.00099	0.00497	0.00398	0.00398	0.80521
37	0.67349	0.01451	0.01130	0.01012	0.01388	0.07616	0.00822	0.01987	0.01197	0.02768	0.00966	0.01169	0.00776	0.00794	0.02747	0.00236	0.05069	0.00393	0.00400	0.00728
38	0.02492	0.01875	0.02132	0.01622	0.02168	0.02057	0.05442	0.65871	0.03059	0.04102	0.01596	0.01623	0.01134	0.00791	0.00679	0.00203	0.00762	0.00616	0.00651	0.01127
39	0.01640	0.01894	0.03834	0.02761	0.03420	0.06076	0.65631	0.02182	0.01603	0.02118	0.01338	0.01773	0.01009	0.00573	0.00780	0.00223	0.01136	0.00770	0.00340	0.00897

[dist]
# distance from previous block
# <min> <max>
4	14

[block]
# block no. 6 follows, 32 sequences, length 8
# corresponding to MSA columns:
# 272-279
name=unknown_G
#
# <colnr> <probs for GDERKNQSTAVLIFYWHMCP>
#	G	D	E	R	K	N	Q	S	T	A	V	L	I	F	Y	W	H	M	C	P
0	0.03698	0.03176	0.03554	0.03412	0.06298	0.04288	0.13742	0.12610	0.09009	0.09334	0.03454	0.01919	0.01377	0.01115	0.07347	0.00278	0.03397	0.00641	0.00490	0.10861
1	0.01842	0.05538	0.10711	0.12365	0.02880	0.12151	0.20228	0.16086	0.01861	0.02394	0.01279	0.01573	0.00971	0.00678	0.00734	0.00206	0.03875	0.00598	0.00394	0.03635
2	0.04628	0.01667	0.01993	0.07407	0.02263	0.04165	0.06873	0.37136	0.02365	0.08760	0.01523	0.01626	0.01104	0.00713	0.00640	0.00187	0.00737	0.00575	0.00559	0.15079
3	0.01147	0.00595	0.00893	0.00893	0.00904	0.00606	0.00606	0.00904	0.00893	0.01201	0.01223	0.02094	0.01212	0.02576	0.09079	0.73272	0.00693	0.00595	0.00298	0.00319
4	0.01168	0.00698	0.00853	0.00844	0.00946	0.00657	0.00557	0.01266	0.01280	0.10261	0.08189	0.22582	0.08285	0.37071	0.02037	0.00436	0.00526	0.01227	0.00554	0.00560
5	0.01569	0.01407	0.01404	0.01274	0.01599	0.07227	0.00981	0.02960	0.49415	0.02686	0.18645	0.02982	0.02947	0.01000	0.00702	0.00219	0.00536	0.00838	0.00669	0.00940
6	0.01436	0.01336	0.01987	0.01420	0.02035	0.01081	0.16811	0.01796	0.01436	0.02178	0.01231	0.01489	0.00999	0.00513	0.00565	0.00129	0.00644	0.00489	0.00384	0.62041
7	0.01604	0.06472	0.03541	0.01337	0.01725	0.03713	0.08983	0.12148	0.03424	0.08899	0.19608	0.04926	0.07974	0.01182	0.02715	0.00235	0.00654	0.06401	0.00589	0.03870

[dist]
# distance from previous block
# <min> <max>
0	6

[block]
# block no. 7 follows, 32 sequences, length 20
# corresponding to MSA columns:
# 286,288-306
name=unknown_H
#
# <colnr> <probs for GDERKNQSTAVLIFYWHMCP>
#	G	D	E	R	K	N	Q	S	T	A	V	L	I	F	Y	W	H	M	C	P
0	0.08203	0.04984	0.08003	0.01301	0.01779	0.08611	0.01137	0.11601	0.12221	0.21414	0.02515	0.02499	0.09382	0.00904	0.00654	0.00209	0.00667	0.02353	0.00605	0.00958
1	0.00950	0.00705	0.00814	0.00791	0.01000	0.00618	0.00606	0.01183	0.01676	0.04820	0.29526	0.05853	0.41967	0.01559	0.00796	0.00225	0.00357	0.05267	0.00672	0.00615
2	0.11331	0.08899	0.01553	0.05575	0.04721	0.01234	0.00962	0.05794	0.01595	0.15579	0.08514	0.12704	0.07961	0.01036	0.00688	0.00205	0.02527	0.00848	0.00555	0.07720
3	0.01711	0.18585	0.42618	0.01690	0.02497	0.01777	0.04919	0.07241	0.01593	0.09408	0.01332	0.01465	0.00964	0.00653	0.00607	0.00197	0.00878	0.00506	0.00371	0.00987
4	0.02961	0.01222	0.01607	0.01232	0.01753	0.01105	0.01018	0.10499	0.02054	0.65280	0.02535	0.02211	0.01605	0.00828	0.00674	0.00207	0.00589	0.00667	0.00813	0.01142
5	0.10572	0.01442	0.01487	0.01310	0.01702	0.01654	0.01031	0.10492	0.53113	0.02979	0.05199	0.02351	0.01976	0.00886	0.00656	0.00222	0.00544	0.00716	0.00654	0.01016
6	0.01694	0.02139	0.17107	0.04759	0.11951	0.13082	0.13021	0.04143	0.03879	0.05769	0.01932	0.02132	0.08707	0.00805	0.00790	0.00214	0.05901	0.00680	0.00401	0.00895
7	0.01060	0.00852	0.01186	0.25323	0.02181	0.00910	0.01025	0.01377	0.01514	0.02030	0.14761	0.04267	0.22506	0.01201	0.00723	0.00221	0.00541	0.06977	0.10694	0.00649
8	0.81159	0.01298	0.00986	0.00882	0.01298	0.01505	0.00727	0.01972	0.01142	0.03010	0.00934	0.01090	0.00727	0.00623	0.00415	0.00208	0.00519	0.00363	0.00415	0.00727
9	0.05017	0.04302	0.12211	0.01653	0.02116	0.13405	0.09893	0.06607	0.11170	0.07728	0.04368	0.02078	0.02814	0.00971	0.03094	0.00244	0.08558	0.02417	0.00464	0.00891
10	0.01557	0.03830	0.10505	0.02227	0.08839	0.05103	0.28610	0.05583	0.04255	0.02221	0.07653	0.02237	0.05688	0.00801	0.00864	0.00221	0.07759	0.00756	0.00409	0.00881
11	0.00834	0.00671	0.00743	0.00748	0.00937	0.00580	0.00552	0.01033	0.01591	0.02013	0.22143	0.13876	0.48594	0.01665	0.00800	0.00228	0.00340	0.01422	0.00651	0.00580
12	0.02334	0.01679	0.01764	0.01424	0.01813	0.09479	0.01147	0.32478	0.02264	0.17343	0.01728	0.01926	0.01302	0.06376	0.01053	0.00242	0.10240	0.00626	0.03807	0.00975
13	0.07138	0.02131	0.06792	0.12120	0.19373	0.24847	0.01563	0.04302	0.06555	0.06918	0.01363	0.01580	0.01052	0.00686	0.00630	0.00198	0.00903	0.00539	0.00402	0.00909
14	0.02170	0.01186	0.01392	0.01130	0.01530	0.01184	0.00912	0.19331	0.06768	0.27788	0.09293	0.02683	0.06236	0.00926	0.00658	0.00200	0.00527	0.00751	0.14371	0.00964
15	0.00847	0.00636	0.00731	0.00791	0.00890	0.00578	0.00529	0.00955	0.01301	0.01651	0.04470	0.32875	0.29075	0.19853	0.01449	0.00346	0.00434	0.01500	0.00571	0.00520
16	0.04654	0.13079	0.02519	0.02385	0.24752	0.04018	0.08859	0.13094	0.10177	0.02465	0.01474	0.01714	0.01183	0.00964	0.05557	0.00256	0.00850	0.00598	0.00428	0.00975
17	0.04550	0.04333	0.02292	0.09633	0.32910	0.04311	0.01631	0.17508	0.04526	0.07344	0.01441	0.01674	0.01111	0.00700	0.00697	0.00204	0.03079	0.00588	0.00453	0.01017
18	0.00977	0.00661	0.00844	0.00898	0.01006	0.00613	0.00636	0.01149	0.01454	0.05036	0.18800	0.37496	0.10948	0.10442	0.01129	0.00298	0.00422	0.05976	0.00632	0.00582
19	0.18621	0.01536	0.04622	0.01714	0.08775	0.02823	0.11443	0.06733	0.12129	0.10460	0.01605	0.01727	0.01200	0.00780	0.02337	0.00218	0.00718	0.00580	0.00489	0.11490

[dist]
# distance from previous block
# <min> <max>
0	3

[block]
# block no. 8 follows, 32 sequences, length 69
# corresponding to MSA columns:
# 310-330,332-379
name=unknown_I
#
# <colnr> <probs for GDERKNQSTAVLIFYWHMCP>
#	G	D	E	R	K	N	Q	S	T	A	V	L	I	F	Y	W	H	M	C	P
0	0.04058	0.07469	0.04225	0.03546	0.13614	0.06299	0.03316	0.07553	0.08894	0.05961	0.01440	0.01593	0.01128	0.00632	0.00584	0.00165	0.00684	0.00517	0.00441	0.27881
1	0.05440	0.17200	0.09240	0.01537	0.02046	0.28273	0.01347	0.20200	0.04494	0.02455	0.01240	0.01351	0.00971	0.00698	0.00586	0.00182	0.00915	0.00478	0.00428	0.00919
2	0.02356	0.01632	0.01836	0.01476	0.01934	0.12765	0.07768	0.12396	0.11052	0.29311	0.04679	0.04118	0.03818	0.00867	0.00688	0.00208	0.00725	0.00722	0.00649	0.01000
3	0.00903	0.00718	0.00816	0.00797	0.01000	0.00647	0.00606	0.01207	0.04577	0.02199	0.31372	0.05790	0.40829	0.01548	0.00794	0.00224	0.00352	0.04335	0.00670	0.00615
4	0.02398	0.14399	0.02147	0.01640	0.02021	0.62913	0.01274	0.02577	0.01820	0.01633	0.01021	0.01190	0.00864	0.00674	0.00578	0.00168	0.01135	0.00421	0.00337	0.00791
5	0.01166	0.00583	0.00874	0.00874	0.00874	0.00583	0.00583	0.00874	0.00874	0.01166	0.01166	0.02040	0.01166	0.02331	0.02622	0.80478	0.00583	0.00583	0.00291	0.00291
6	0.02506	0.03198	0.01901	0.01729	0.02074	0.73725	0.01296	0.02679	0.01901	0.01642	0.01037	0.01210	0.00864	0.00691	0.00605	0.00173	0.01210	0.00432	0.00346	0.00778
7	0.01267	0.01193	0.02013	0.74806	0.04621	0.01491	0.01863	0.01714	0.01342	0.01714	0.01193	0.01789	0.00894	0.00671	0.00671	0.00224	0.00894	0.00596	0.00298	0.00745
8	0.00910	0.00684	0.00841	0.00802	0.00978	0.00616	0.00602	0.01189	0.01805	0.02466	0.55240	0.05382	0.23111	0.01455	0.00792	0.00215	0.00323	0.01265	0.00709	0.00616
9	0.00976	0.00651	0.00732	0.00732	0.00732	0.00651	0.00407	0.00976	0.00976	0.01301	0.02114	0.04391	0.02439	0.76419	0.03415	0.00651	0.00651	0.00976	0.00407	0.00407
10	0.02506	0.03198	0.01901	0.01729	0.02074	0.73725	0.01296	0.02679	0.01901	0.01642	0.01037	0.01210	0.00864	0.00691	0.00605	0.00173	0.01210	0.00432	0.00346	0.00778
11	0.00818	0.00584	0.00779	0.00934	0.00973	0.00545	0.00623	0.00934	0.01285	0.01713	0.03698	0.75981	0.04438	0.02102	0.00856	0.00273	0.00389	0.01908	0.00623	0.00545
12	0.01066	0.00766	0.01060	0.01202	0.01359	0.00760	0.01045	0.01369	0.01554	0.02020	0.05672	0.07449	0.06710	0.01833	0.00917	0.00303	0.00598	0.63080	0.00622	0.00616
13	0.02515	0.01877	0.02086	0.01592	0.02134	0.02067	0.03830	0.67467	0.03096	0.04151	0.01602	0.01618	0.01137	0.00797	0.00676	0.00202	0.00753	0.00611	0.00659	0.01132
14	0.01669	0.01441	0.01517	0.01365	0.01745	0.01669	0.01062	0.03565	0.71021	0.02807	0.02731	0.02503	0.02048	0.00910	0.00683	0.00228	0.00531	0.00759	0.00683	0.01062
15	0.01661	0.01594	0.02724	0.04119	0.72233	0.01594	0.02059	0.02059	0.01528	0.02192	0.01262	0.01661	0.01063	0.00598	0.00664	0.00199	0.00797	0.00598	0.00332	0.01063
16	0.00959	0.00716	0.01065	0.01065	0.01180	0.00831	0.00822	0.01190	0.01074	0.01548	0.01809	0.02704	0.01707	0.07781	0.71051	0.01062	0.01753	0.00729	0.00361	0.00592
17	0.00976	0.00651	0.00732	0.00732	0.00732	0.00651	0.00407	0.00976	0.00976	0.01301	0.02114	0.04391	0.02439	0.76419	0.03415	0.00651	0.00651	0.00976	0.00407	0.00407
18	0.00850	0.00607	0.00816	0.00971	0.01024	0.00573	0.00679	0.00990	0.01317	0.01749	0.03680	0.67573	0.04367	0.02072	0.00865	0.00277	0.00417	0.09996	0.00622	0.00554
19	0.06381	0.10461	0.01987	0.01626	0.06529	0.22530	0.01229	0.16408	0.15355	0.05163	0.01654	0.01880	0.01321	0.00792	0.00625	0.00197	0.00812	0.03608	0.00504	0.00939
20	0.01519	0.01315	0.01632	0.14989	0.11536	0.04650	0.01246	0.02438	0.27862	0.05433	0.08775	0.06525	0.07276	0.00973	0.00701	0.00220	0.00625	0.00838	0.00555	0.00893
21	0.01722	0.01150	0.01444	0.01101	0.01605	0.00957	0.03079	0.04427	0.03578	0.17846	0.05339	0.06014	0.05392	0.00785	0.00606	0.00156	0.00521	0.00662	0.00549	0.43069
22	0.00854	0.00670	0.00774	0.00787	0.00961	0.00590	0.00583	0.01065	0.01605	0.02071	0.26074	0.16741	0.39406	0.01666	0.00806	0.00231	0.00349	0.03523	0.00658	0.00585
23	0.01939	0.05149	0.02292	0.02728	0.35456	0.09173	0.01611	0.12348	0.03806	0.07762	0.01581	0.02091	0.01323	0.00784	0.00734	0.00208	0.03900	0.05671	0.00450	0.00994
24	0.01659	0.01101	0.01339	0.01005	0.01519	0.00870	0.00804	0.01945	0.01567	0.17239	0.09696	0.02220	0.04991	0.00721	0.00581	0.00141	0.00485	0.00595	0.00538	0.50982
25	0.01796	0.01500	0.01648	0.07430	0.02042	0.01729	0.01167	0.15460	0.52991	0.02975	0.02402	0.02283	0.01789	0.00872	0.00680	0.00223	0.00598	0.00717	0.00649	0.01050
26	0.01164	0.00882	0.01031	0.01057	0.01237	0.00916	0.00764	0.01849	0.23208	0.04711	0.03625	0.44132	0.09459	0.01646	0.00790	0.00252	0.00436	0.01458	0.00649	0.00731
27	0.02808	0.01195	0.01569	0.01195	0.01723	0.01047	0.00984	0.07396	0.01943	0.60756	0.02425	0.02145	0.01556	0.00793	0.00656	0.00196	0.00574	0.00641	0.00774	0.09625
28	0.02551	0.01879	0.02014	0.01544	0.02081	0.02081	0.01275	0.69996	0.03155	0.04229	0.01611	0.01611	0.01141	0.00805	0.00671	0.00201	0.00738	0.00604	0.00671	0.01141
29	0.00830	0.00591	0.00782	0.00921	0.00964	0.00554	0.00614	0.00951	0.01300	0.01740	0.06758	0.69641	0.04439	0.05270	0.00964	0.00286	0.00397	0.01836	0.00619	0.00543
30	0.02534	0.02388	0.01970	0.01615	0.02078	0.29711	0.01283	0.44035	0.02671	0.03231	0.01390	0.01456	0.01034	0.00761	0.00646	0.00190	0.00920	0.00538	0.00546	0.01001
31	0.04180	0.01363	0.01640	0.01309	0.01730	0.01438	0.04569	0.30693	0.04473	0.16155	0.01932	0.02029	0.01410	0.01234	0.08281	0.00288	0.00750	0.00642	0.14918	0.00966
32	0.00905	0.00659	0.00828	0.00938	0.00997	0.00646	0.00625	0.01141	0.06553	0.01737	0.03397	0.60077	0.03968	0.12710	0.01212	0.00323	0.00438	0.01686	0.00596	0.00564
33	0.00929	0.00632	0.00751	0.00794	0.00810	0.00620	0.00476	0.00973	0.01094	0.01464	0.04800	0.25001	0.03139	0.52645	0.02595	0.00528	0.00565	0.01251	0.00479	0.00454
