[name]
unknown

[dist]
# distance from previous block
# <min> <max>
0	0

[block]
# block no. 0 follows, 32 sequences, length 50
# corresponding to MSA columns:
# 0-49
name=unknown_A
#
# <colnr> <probs for GDERKNQSTAVLIFYWHMCP>
#	G	D	E	R	K	N	Q	S	T	A	V	L	I	F	Y	W	H	M	C	P
0	0.01081	0.00772	0.01081	0.01236	0.01390	0.00772	0.01081	0.01390	0.01545	0.02008	0.03553	0.07569	0.03862	0.01854	0.00927	0.00309	0.00618	0.67717	0.00618	0.00618
1	0.27790	0.01370	0.01446	0.01184	0.01648	0.01458	0.00966	0.14389	0.13744	0.26544	0.01933	0.01822	0.01338	0.00773	0.00592	0.00210	0.00576	0.00577	0.00644	0.00995
2	0.00845	0.00682	0.00752	0.00735	0.00938	0.00589	0.00551	0.01064	0.01653	0.02106	0.28575	0.05974	0.50000	0.01590	0.00792	0.00221	0.00332	0.01348	0.00662	0.00589
3	0.02863	0.01231	0.01598	0.01231	0.01739	0.01132	0.01014	0.12899	0.02099	0.59992	0.05210	0.02293	0.01768	0.00848	0.00679	0.00207	0.00585	0.00686	0.00804	0.01122
4	0.00825	0.00589	0.00785	0.00929	0.00975	0.00550	0.00623	0.00952	0.01318	0.01766	0.07393	0.72135	0.04540	0.02063	0.00853	0.00269	0.00385	0.01870	0.00629	0.00550
5	0.01169	0.00584	0.00864	0.00864	0.00870	0.00584	0.00578	0.00902	0.00896	0.01220	0.01207	0.02058	0.01188	0.02268	0.02535	0.77209	0.00572	0.00584	0.03541	0.00305
6	0.00952	0.00678	0.00909	0.00924	0.00987	0.00734	0.00642	0.01083	0.01056	0.01468	0.02106	0.10293	0.02249	0.33839	0.38200	0.00828	0.01197	0.00936	0.00404	0.00516
7	0.01209	0.00739	0.03285	0.00715	0.00900	0.00669	0.00575	0.01536	0.01449	0.02471	0.09915	0.02748	0.02201	0.01015	0.03494	0.00202	0.00398	0.00690	0.65152	0.00638
8	0.01391	0.01193	0.01391	0.00994	0.01590	0.00894	0.00795	0.01690	0.01391	0.02186	0.01193	0.01391	0.00994	0.00497	0.00497	0.00099	0.00497	0.00398	0.00398	0.80521
9	0.01430	0.01235	0.01861	0.01447	0.01859	0.01183	0.13704	0.05156	0.01501	0.04780	0.07645	0.07807	0.01815	0.01245	0.07748	0.00270	0.09181	0.00733	0.00449	0.28950
10	0.06743	0.01408	0.02168	0.05885	0.02308	0.01373	0.19114	0.06244	0.07581	0.14563	0.01638	0.01816	0.01212	0.00829	0.03267	0.00224	0.03656	0.00620	0.00488	0.18861
11	0.54854	0.01646	0.01379	0.01184	0.01584	0.11569	0.03159	0.08902	0.01457	0.02830	0.01027	0.01206	0.00806	0.00683	0.00590	0.00208	0.05288	0.00425	0.00421	0.00782
12	0.02403	0.01806	0.01930	0.01514	0.02024	0.02012	0.01239	0.58833	0.14559	0.03990	0.01799	0.01761	0.01294	0.00823	0.00673	0.00206	0.00704	0.00630	0.00673	0.01128
13	0.01701	0.01279	0.01549	0.01248	0.01661	0.03678	0.04049	0.08582	0.10735	0.11853	0.11829	0.05226	0.02152	0.01045	0.03754	0.00222	0.04409	0.00720	0.00565	0.23743
14	0.01915	0.01541	0.15266	0.01327	0.01823	0.01140	0.04036	0.04533	0.09409	0.26803	0.10969	0.05471	0.02209	0.01039	0.02995	0.00238	0.00655	0.00767	0.06915	0.00948
15	0.01027	0.00819	0.01209	0.01170	0.01273	0.01001	0.00923	0.01254	0.01072	0.01565	0.01675	0.02480	0.01571	0.04517	0.64202	0.00974	0.11600	0.00701	0.00351	0.00617
16	0.01407	0.14164	0.57695	0.01796	0.02685	0.01694	0.04649	0.02079	0.01431	0.02065	0.03611	0.01505	0.01047	0.00651	0.00618	0.00203	0.00933	0.00511	0.00302	0.00957
17	0.01564	0.01255	0.01348	0.01208	0.01550	0.01378	0.00938	0.09273	0.42630	0.05111	0.06257	0.07790	0.14569	0.01130	0.00716	0.00226	0.00501	0.00947	0.00675	0.00935
18	0.00832	0.00600	0.00775	0.00899	0.00955	0.00558	0.00602	0.00956	0.01314	0.01745	0.07345	0.63024	0.09115	0.06646	0.01007	0.00290	0.00398	0.01780	0.00615	0.00542
19	0.01741	0.07512	0.11826	0.02543	0.19291	0.10087	0.21142	0.07011	0.04254	0.02221	0.01428	0.01905	0.01170	0.00693	0.00688	0.00208	0.00936	0.04023	0.00378	0.00944
20	0.01621	0.01355	0.01916	0.01590	0.01966	0.01419	0.14780	0.20183	0.14753	0.02708	0.02477	0.20046	0.02366	0.01200	0.00770	0.00240	0.00683	0.08459	0.00590	0.00880
21	0.00817	0.00588	0.00775	0.00924	0.00971	0.00546	0.00618	0.00935	0.01294	0.01717	0.03818	0.73289	0.07052	0.02087	0.00854	0.00271	0.00387	0.01888	0.00623	0.00546
22	0.00838	0.00718	0.00722	0.00715	0.00949	0.00623	0.00538	0.01095	0.05063	0.01863	0.06591	0.06256	0.68406	0.01659	0.00787	0.00227	0.00350	0.01383	0.00626	0.00592
23	0.06424	0.01231	0.07469	0.01313	0.01626	0.01089	0.09675	0.05785	0.03312	0.04925	0.07320	0.17134	0.09822	0.09773	0.03748	0.00314	0.04042	0.03761	0.00517	0.00720
24	0.02551	0.01879	0.02014	0.01544	0.02081	0.02081	0.01275	0.69996	0.03155	0.04229	0.01611	0.01611	0.01141	0.00805	0.00671	0.00201	0.00738	0.00604	0.00671	0.01141
25	0.00849	0.00612	0.00783	0.00908	0.00966	0.00573	0.00617	0.00970	0.01288	0.01694	0.03792	0.57475	0.10260	0.10335	0.01140	0.00313	0.00428	0.05863	0.00598	0.00536
26	0.01584	0.01810	0.03959	0.02828	0.03507	0.01697	0.69796	0.02149	0.01584	0.02149	0.01357	0.01810	0.01018	0.00566	0.00792	0.00226	0.01131	0.00792	0.00339	0.00905
27	0.01907	0.01560	0.01651	0.01414	0.01835	0.01780	0.01120	0.21492	0.52707	0.03191	0.02429	0.02263	0.01803	0.00882	0.00680	0.00221	0.00587	0.00717	0.00680	0.01083
28	0.00828	0.00603	0.00783	0.00916	0.00981	0.00557	0.00627	0.00963	0.01338	0.01766	0.06375	0.64725	0.10926	0.02030	0.00850	0.00267	0.00389	0.03896	0.00627	0.00552
29	0.00967	0.00652	0.00729	0.00729	0.00740	0.00647	0.00411	0.00975	0.01001	0.01324	0.02326	0.04485	0.05588	0.73035	0.03296	0.00631	0.00636	0.00996	0.00416	0.00414
30	0.01391	0.01193	0.01391	0.00994	0.01590	0.00894	0.00795	0.01690	0.01391	0.02186	0.01193	0.01391	0.00994	0.00497	0.00497	0.00099	0.00497	0.00398	0.00398	0.80521
31	0.05323	0.32013	0.02509	0.01417	0.01891	0.27026	0.01202	0.14320	0.04741	0.02177	0.01163	0.01277	0.00955	0.00671	0.00543	0.00170	0.00876	0.00444	0.00397	0.00885
32	0.02657	0.01709	0.01908	0.01463	0.01996	0.01828	0.01208	0.54561	0.02869	0.20067	0.01851	0.01767	0.01261	0.00811	0.00672	0.00203	0.00700	0.00620	0.00708	0.01141
33	0.01297	0.01100	0.01310	0.03540	0.01583	0.00864	0.00795	0.01594	0.01459	0.02207	0.10004	0.02155	0.06054	0.00683	0.00557	0.00125	0.00479	0.00566	0.00449	0.63180
34	0.01390	0.00924	0.01177	0.07003	0.01530	0.00917	0.00854	0.06820	0.06862	0.11536	0.24269	0.20557	0.08272	0.01333	0.00755	0.00224	0.00468	0.01164	0.00660	0.03285
35	0.00970	0.00651	0.00730	0.00730	0.00737	0.00648	0.00410	0.00975	0.00992	0.01316	0.02250	0.04451	0.04457	0.74251	0.03339	0.00638	0.00641	0.00989	0.00413	0.00411
36	0.01346	0.03471	0.72942	0.01912	0.02904	0.01558	0.02479	0.02125	0.01417	0.02125	0.01204	0.01417	0.00850	0.00637	0.00637	0.00212	0.00992	0.00496	0.00283	0.00992
37	0.01391	0.01193	0.01391	0.00994	0.01590	0.00894	0.00795	0.01690	0.01391	0.02186	0.01193	0.01391	0.00994	0.00497	0.00497	0.00099	0.00497	0.00398	0.00398	0.80521
38	0.01468	0.01468	0.02055	0.01762	0.01762	0.02055	0.01468	0.01615	0.01028	0.01615	0.00881	0.01468	0.00881	0.01174	0.02202	0.00294	0.75191	0.00587	0.00294	0.00734
39	0.00851	0.00660	0.00774	0.00792	0.00953	0.00584	0.00576	0.01058	0.01598	0.02084	0.27874	0.21506	0.34924	0.01680	0.00807	0.00232	0.00343	0.01458	0.00662	0.00584
40	0.01669	0.01441	0.01517	0.01365	0.01745	0.01669	0.01062	0.03565	0.71021	0.02807	0.02731	0.02503	0.02048	0.00910	0.00683	0.00228	0.00531	0.00759	0.00683	0.01062
41	0.00837	0.00665	0.00752	0.00765	0.00942	0.00580	0.00560	0.01035	0.01581	0.02018	0.22757	0.17993	0.43772	0.01685	0.00803	0.00231	0.00342	0.01449	0.00652	0.00580
42	0.01892	0.01425	0.01447	0.01276	0.01647	0.07107	0.00996	0.03172	0.44898	0.14328	0.05096	0.02458	0.02018	0.00885	0.00659	0.00213	0.00563	0.00723	0.08203	0.00996
43	0.02272	0.01813	0.01852	0.01498	0.01975	0.05819	0.01210	0.45549	0.24351	0.03644	0.01931	0.01869	0.01410	0.00832	0.00671	0.00208	0.00699	0.00643	0.00657	0.01097
44	0.12943	0.06870	0.02503	0.04881	0.05280	0.20603	0.19888	0.02136	0.01478	0.01988	0.01090	0.01436	0.00899	0.00723	0.00913	0.00215	0.14445	0.00557	0.00338	0.00813
45	0.00818	0.00584	0.00779	0.00934	0.00973	0.00545	0.00623	0.00934	0.01285	0.01713	0.03698	0.75981	0.04438	0.02102	0.00856	0.00273	0.00389	0.01908	0.00623	0.00545
46	0.01659	0.01467	0.04623	0.12516	0.12902	0.06483	0.04149	0.08826	0.08909	0.08473	0.16176	0.04911	0.04158	0.00921	0.00704	0.00212	0.00687	0.00801	0.00538	0.00885
47	0.01261	0.00647	0.00681	0.00673	0.00840	0.00632	0.00504	0.01556	0.01445	0.05040	0.05223	0.06507	0.05218	0.00915	0.00524	0.00169	0.00328	0.00751	0.66445	0.00638
48	0.01838	0.08599	0.23388	0.04688	0.06073	0.26000	0.01655	0.04938	0.04788	0.01993	0.01377	0.01563	0.03167	0.00716	0.00672	0.00193	0.03638	0.00518	0.00356	0.03838
49	0.04175	0.14156	0.02149	0.01549	0.03863	0.18438	0.01235	0.30065	0.12817	0.02910	0.01515	0.01558	0.01159	0.00748	0.00613	0.00190	0.00807	0.00543	0.00521	0.00989

[dist]
# distance from previous block
# <min> <max>
0	5

[block]
# block no. 1 follows, 32 sequences, length 20
# corresponding to MSA columns:
# 55-74
name=unknown_B
#
# <colnr> <probs for GDERKNQSTAVLIFYWHMCP>
#	G	D	E	R	K	N	Q	S	T	A	V	L	I	F	Y	W	H	M	C	P
0	0.05344	0.04465	0.04601	0.08897	0.19757	0.01318	0.05807	0.03317	0.03787	0.15695	0.05242	0.04314	0.05781	0.00897	0.00690	0.00216	0.00689	0.06361	0.00508	0.02313
1	0.01785	0.42723	0.25038	0.01438	0.02129	0.05164	0.01572	0.06297	0.01538	0.05144	0.01142	0.01276	0.00911	0.00625	0.00529	0.00173	0.00819	0.00434	0.00337	0.00928
2	0.01757	0.45389	0.18551	0.01596	0.05003	0.04835	0.07040	0.02132	0.01445	0.05099	0.01124	0.01295	0.00917	0.00605	0.00532	0.00172	0.00826	0.00451	0.00320	0.00911
3	0.01316	0.00790	0.01045	0.04350	0.01289	0.00730	0.00741	0.01614	0.01841	0.15014	0.49866	0.04518	0.11689	0.01275	0.00765	0.00213	0.00391	0.01109	0.00723	0.00722
4	0.02169	0.05338	0.02256	0.01799	0.02167	0.33920	0.11445	0.05315	0.04435	0.08911	0.01302	0.01515	0.01027	0.00784	0.00932	0.00209	0.14658	0.00555	0.00408	0.00855
5	0.01827	0.01895	0.11541	0.05232	0.31710	0.05676	0.17629	0.02281	0.01597	0.11881	0.01453	0.01729	0.01092	0.00635	0.00689	0.00208	0.00894	0.00631	0.00396	0.01002
6	0.00854	0.00682	0.00765	0.00744	0.00944	0.00592	0.00558	0.01081	0.01674	0.02155	0.32207	0.05893	0.46338	0.01571	0.00792	0.00221	0.00331	0.01337	0.00668	0.00592
7	0.00818	0.00584	0.00779	0.00934	0.00973	0.00545	0.00623	0.00934	0.01285	0.01713	0.03698	0.75981	0.04438	0.02102	0.00856	0.00273	0.00389	0.01908	0.00623	0.00545
8	0.01794	0.01666	0.11637	0.01415	0.01894	0.01529	0.01253	0.03251	0.49217	0.12544	0.02529	0.02478	0.01881	0.00890	0.00683	0.00225	0.00605	0.02817	0.00645	0.01049
9	0.02230	0.01427	0.01656	0.01369	0.01801	0.01518	0.01128	0.32732	0.10701	0.18795	0.02265	0.02783	0.01788	0.01259	0.05674	0.00281	0.00731	0.10163	0.00679	0.01021
10	0.01818	0.00792	0.00926	0.00809	0.01082	0.00742	0.00636	0.02114	0.01573	0.25133	0.02337	0.02431	0.01701	0.00797	0.00535	0.00173	0.00396	0.00641	0.54574	0.00792
11	0.01160	0.00903	0.01086	0.01002	0.01148	0.03926	0.00771	0.01435	0.01700	0.04018	0.47243	0.07261	0.04678	0.01277	0.00952	0.00218	0.10980	0.01053	0.08530	0.00660
12	0.02792	0.01188	0.01628	0.01274	0.01720	0.01138	0.01055	0.03035	0.01794	0.62618	0.02397	0.02168	0.01550	0.00879	0.00891	0.00220	0.11152	0.00662	0.00754	0.01084
13	0.02991	0.01172	0.01576	0.01208	0.01728	0.01032	0.00998	0.06034	0.01972	0.69861	0.02604	0.02256	0.01639	0.00829	0.00675	0.00207	0.00578	0.00672	0.00824	0.01142
14	0.00894	0.00684	0.00811	0.00838	0.01000	0.00620	0.00634	0.01104	0.01558	0.02013	0.21807	0.13013	0.32935	0.07307	0.01017	0.00272	0.00406	0.11874	0.00635	0.00577
15	0.13544	0.03906	0.05266	0.20067	0.05645	0.20159	0.15316	0.02123	0.01504	0.02005	0.01133	0.01490	0.00890	0.00660	0.00689	0.00208	0.03701	0.00549	0.00336	0.00809
16	0.02749	0.01561	0.01817	0.01393	0.01922	0.01609	0.01151	0.41221	0.02623	0.33756	0.02058	0.01901	0.01365	0.00816	0.00673	0.00204	0.00666	0.00635	0.00740	0.01141
17	0.00892	0.00676	0.00748	0.00730	0.00927	0.00595	0.00548	0.01126	0.01643	0.02180	0.28475	0.05574	0.42675	0.01497	0.00760	0.00214	0.00329	0.01269	0.08548	0.00595
18	0.01556	0.01607	0.05241	0.25875	0.42842	0.04913	0.01939	0.01972	0.01478	0.02014	0.01225	0.01661	0.00990	0.00623	0.00657	0.00203	0.00845	0.00579	0.00322	0.03454
19	0.08470	0.01509	0.01688	0.01527	0.09371	0.04269	0.01096	0.21759	0.04859	0.07157	0.01684	0.01767	0.04100	0.00704	0.00594	0.00169	0.00629	0.00553	0.00517	0.27576

[dist]
# distance from previous block
# <min> <max>
1	43

[block]
# block no. 2 follows, 32 sequences, length 44
# corresponding to MSA columns:
# 118-161
name=unknown_C
#
# <colnr> <probs for GDERKNQSTAVLIFYWHMCP>
#	G	D	E	R	K	N	Q	S	T	A	V	L	I	F	Y	W	H	M	C	P
0	0.03630	0.09348	0.11321	0.01679	0.07281	0.06922	0.05583	0.12122	0.07740	0.07690	0.01707	0.06393	0.01453	0.04417	0.00838	0.00225	0.03678	0.02159	0.00472	0.05342
1	0.01658	0.03873	0.05081	0.01244	0.01821	0.01216	0.04964	0.10562	0.05391	0.06940	0.04449	0.01705	0.01330	0.00630	0.00574	0.00145	0.00594	0.00522	0.00477	0.46826
2	0.00848	0.00613	0.00806	0.00937	0.01005	0.00572	0.00654	0.00999	0.01367	0.01817	0.09045	0.60753	0.08661	0.02002	0.00853	0.00268	0.00399	0.07210	0.00631	0.00559
3	0.00936	0.00685	0.00878	0.00830	0.00994	0.00627	0.00622	0.01239	0.01867	0.02613	0.66138	0.05140	0.12121	0.01401	0.00792	0.00212	0.00319	0.01231	0.00728	0.00627
4	0.02128	0.01915	0.10000	0.10486	0.05754	0.03946	0.01491	0.40223	0.06979	0.05581	0.01649	0.01867	0.01228	0.00797	0.00674	0.00210	0.00780	0.02691	0.00561	0.01041
5	0.00976	0.00654	0.00749	0.00759	0.00767	0.00653	0.00442	0.00993	0.01009	0.01343	0.02218	0.06335	0.02553	0.71238	0.03240	0.00626	0.00642	0.03961	0.00421	0.00419
6	0.01872	0.21782	0.05359	0.05324	0.19468	0.16463	0.06084	0.06510	0.05366	0.02066	0.02893	0.01543	0.01133	0.00661	0.00603	0.00185	0.00864	0.00534	0.00370	0.00920
7	0.35527	0.03515	0.05079	0.05921	0.04544	0.09717	0.01147	0.16988	0.01771	0.08218	0.01265	0.01388	0.00936	0.00688	0.00549	0.00202	0.00710	0.00477	0.00475	0.00884
8	0.01310	0.00691	0.00800	0.00765	0.00927	0.00663	0.00555	0.01552	0.01467	0.09813	0.14025	0.09255	0.02824	0.12917	0.01041	0.00258	0.00401	0.00890	0.39205	0.00641
9	0.16134	0.01535	0.01534	0.03611	0.03707	0.06884	0.01050	0.27255	0.07446	0.05737	0.04927	0.02042	0.04204	0.00974	0.03240	0.00232	0.00686	0.00627	0.07261	0.00912
10	0.00891	0.00718	0.00799	0.00780	0.00989	0.00643	0.00592	0.01189	0.04733	0.02146	0.27545	0.05849	0.45577	0.01563	0.00792	0.00224	0.00349	0.03344	0.00663	0.00612
11	0.71515	0.01413	0.01157	0.01159	0.06494	0.05059	0.00852	0.02013	0.01207	0.02884	0.00963	0.01137	0.00758	0.00624	0.00443	0.00205	0.00573	0.00384	0.00406	0.00754
12	0.01599	0.01532	0.02612	0.15157	0.61675	0.01578	0.02029	0.02005	0.01499	0.02118	0.01251	0.01681	0.01037	0.00609	0.00665	0.00203	0.00812	0.00598	0.00327	0.01013
13	0.10189	0.01554	0.02422	0.13624	0.24889	0.01696	0.12370	0.10802	0.04235	0.02430	0.01294	0.01649	0.01023	0.00702	0.00812	0.00219	0.08158	0.00609	0.00390	0.00931
14	0.00963	0.00702	0.00991	0.00991	0.01080	0.00791	0.00729	0.01142	0.01052	0.01493	0.01877	0.03080	0.01870	0.23076	0.55980	0.00970	0.01507	0.00784	0.00371	0.00550
15	0.00969	0.00648	0.00734	0.00740	0.00742	0.00646	0.00416	0.00974	0.00989	0.01319	0.02182	0.07457	0.02525	0.73236	0.03306	0.00634	0.00639	0.01016	0.00416	0.00412
16	0.01610	0.09298	0.12842	0.13570	0.23389	0.03416	0.11673	0.04577	0.08999	0.02168	0.01389	0.01687	0.01084	0.00651	0.00658	0.00206	0.00860	0.00601	0.00366	0.00958
17	0.01661	0.01594	0.02724	0.04119	0.72233	0.01594	0.02059	0.02059	0.01528	0.02192	0.01262	0.01661	0.01063	0.00598	0.00664	0.00199	0.00797	0.00598	0.00332	0.01063
18	0.00957	0.00678	0.00830	0.00792	0.00961	0.00621	0.00594	0.01249	0.01782	0.02522	0.53068	0.04970	0.16820	0.01360	0.00755	0.00207	0.00320	0.01181	0.09712	0.00621
19	0.01322	0.01039	0.01494	0.24212	0.05455	0.01163	0.01194	0.01759	0.06955	0.07605	0.17472	0.03201	0.10159	0.03860	0.04393	0.00280	0.06317	0.00858	0.00510	0.00752
20	0.00830	0.00593	0.00793	0.00949	0.00993	0.00556	0.00645	0.00956	0.01297	0.01727	0.03691	0.72733	0.04411	0.02090	0.00860	0.00274	0.00400	0.05032	0.00623	0.00548
21	0.01626	0.06536	0.37627	0.01629	0.02307	0.10230	0.04136	0.05117	0.01602	0.07469	0.03897	0.07485	0.03573	0.00832	0.00654	0.00207	0.00859	0.00672	0.02636	0.00905
22	0.01251	0.00625	0.00625	0.00625	0.00782	0.00625	0.00469	0.01563	0.01407	0.02502	0.02189	0.02502	0.01720	0.00782	0.00469	0.00156	0.00313	0.00625	0.80144	0.00625
23	0.01902	0.05532	0.07359	0.09103	0.15174	0.17460	0.04048	0.07453	0.05585	0.07512	0.03701	0.01737	0.01260	0.00814	0.02396	0.00215	0.02584	0.00577	0.00426	0.05162
24	0.01518	0.05564	0.24288	0.01908	0.11396	0.01405	0.06874	0.01968	0.01431	0.06974	0.01489	0.07628	0.01273	0.00769	0.00754	0.00196	0.06410	0.00641	0.00384	0.17129
25	0.02399	0.14344	0.02146	0.01641	0.02021	0.62966	0.01274	0.02578	0.01820	0.01633	0.01021	0.01190	0.00864	0.00674	0.00579	0.00168	0.01135	0.00421	0.00337	0.00790
26	0.01632	0.01521	0.02361	0.19810	0.43033	0.03151	0.01817	0.07173	0.01605	0.02226	0.01261	0.01651	0.01019	0.00623	0.00649	0.00195	0.00796	0.00575	0.00357	0.08545
27	0.00958	0.00715	0.01008	0.01024	0.01150	0.00784	0.00795	0.01184	0.01196	0.01656	0.05126	0.03775	0.08734	0.09635	0.50604	0.00846	0.01385	0.08409	0.00431	0.00585
28	0.00816	0.00588	0.00774	0.00924	0.00970	0.00546	0.00618	0.00935	0.01295	0.01717	0.03828	0.73071	0.07265	0.02085	0.00854	0.00271	0.00387	0.01887	0.00623	0.00546
29	0.00976	0.00741	0.01037	0.01073	0.01198	0.00802	0.00849	0.01213	0.01308	0.01791	0.08510	0.12774	0.08731	0.03246	0.34045	0.00639	0.04273	0.15694	0.00497	0.00603
30	0.34803	0.01641	0.01592	0.01272	0.01759	0.01845	0.01050	0.42086	0.02329	0.03729	0.01333	0.01397	0.00971	0.00731	0.00566	0.00204	0.00648	0.00505	0.00566	0.00971
31	0.00840	0.00668	0.00757	0.00784	0.00960	0.00585	0.00581	0.01033	0.01552	0.01962	0.17830	0.19179	0.44192	0.01723	0.00811	0.00236	0.00358	0.04728	0.00644	0.00577
32	0.02834	0.01323	0.06765	0.01266	0.01801	0.01066	0.01112	0.03127	0.01852	0.65013	0.02479	0.02191	0.01574	0.00829	0.00727	0.00211	0.03282	0.00659	0.00771	0.01116
33	0.01622	0.01725	0.03471	0.06658	0.21570	0.01673	0.46264	0.04477	0.01612	0.02212	0.01333	0.01763	0.01028	0.00588	0.00748	0.00218	0.01018	0.00725	0.00347	0.00947
34	0.00826	0.00667	0.00735	0.00748	0.00934	0.00576	0.00550	0.01016	0.01563	0.01964	0.18609	0.16321	0.49750	0.01696	0.00802	0.00230	0.00343	0.01450	0.00645	0.00576
35	0.00952	0.00729	0.00901	0.00982	0.01168	0.00679	0.00819	0.01201	0.01549	0.01944	0.07054	0.07008	0.33530	0.01772	0.00865	0.00270	0.00488	0.36870	0.00624	0.00596
36	0.01366	0.01331	0.02125	0.61195	0.04233	0.04115	0.07114	0.01918	0.06447	0.01825	0.01312	0.01822	0.00987	0.00681	0.00679	0.00222	0.00898	0.00618	0.00331	0.00782
37	0.01500	0.03262	0.64892	0.01857	0.02796	0.01575	0.02331	0.07192	0.01565	0.05050	0.01291	0.01465	0.00903	0.00657	0.00641	0.00211	0.00956	0.00511	0.00334	0.01009
38	0.00941	0.00672	0.00917	0.01058	0.01155	0.00649	0.00821	0.01155	0.01441	0.01911	0.08575	0.41385	0.04327	0.01942	0.00882	0.00284	0.00482	0.30191	0.00629	0.00583
39	0.00968	0.00681	0.00887	0.00887	0.00941	0.00735	0.00600	0.01075	0.01022	0.01416	0.01972	0.03605	0.02098	0.44468	0.34900	0.00842	0.01164	0.00861	0.00385	0.00493
40	0.01192	0.00866	0.01066	0.00950	0.01165	0.00852	0.00730	0.11655	0.02089	0.02923	0.61258	0.04498	0.05547	0.01286	0.00773	0.00210	0.00380	0.01121	0.00728	0.00710
41	0.10657	0.04545	0.35526	0.01616	0.02328	0.01464	0.06876	0.07074	0.01576	0.09937	0.01536	0.03818	0.01185	0.00740	0.00629	0.00208	0.00809	0.02663	0.03012	0.03799
42	0.05430	0.10219	0.21661	0.03256	0.02026	0.10165	0.03815	0.07468	0.03698	0.02206	0.06941	0.02679	0.15894	0.00922	0.00653	0.00203	0.00756	0.00732	0.00443	0.00833
43	0.05399	0.27660	0.07435	0.01321	0.04344	0.01786	0.01146	0.07796	0.11955	0.02221	0.01643	0.09912	0.01488	0.00814	0.00570	0.00179	0.00635	0.00640	0.00440	0.12617

[dist]
# distance from previous block
# <min> <max>
2	20

[block]
# block no. 3 follows, 32 sequences, length 40
# corresponding to MSA columns:
# 182-221
name=unknown_D
#
# <colnr> <probs for GDERKNQSTAVLIFYWHMCP>
#	G	D	E	R	K	N	Q	S	T	A	V	L	I	F	Y	W	H	M	C	P
0	0.01336	0.06311	0.01783	0.13119	0.06681	0.04282	0.03390	0.01682	0.06414	0.01804	0.04497	0.14507	0.04035	0.08423	0.01319	0.00280	0.18100	0.00891	0.00420	0.00726
1	0.04787	0.17494	0.32089	0.04393	0.04638	0.08118	0.03436	0.06497	0.06191	0.02192	0.03355	0.01540	0.01122	0.00678	0.00600	0.00196	0.00864	0.00518	0.00363	0.00931
2	0.01689	0.12350	0.38162	0.01785	0.04554	0.01716	0.06458	0.11092	0.04435	0.06868	0.01565	0.01691	0.03276	0.00702	0.00635	0.00203	0.00860	0.00566	0.00401	0.00989
3	0.00983	0.00648	0.00737	0.00737	0.00737	0.00648	0.00414	0.00972	0.00972	0.01296	0.02077	0.04298	0.02389	0.73494	0.03384	0.03802	0.00648	0.00960	0.00402	0.00402
4	0.01603	0.04018	0.08741	0.19823	0.14649	0.04672	0.04932	0.01956	0.01401	0.08489	0.01436	0.06600	0.01227	0.00864	0.00996	0.00230	0.16452	0.00675	0.00377	0.00857
5	0.01391	0.01193	0.01391	0.00994	0.01590	0.00894	0.00795	0.01690	0.01391	0.02186	0.01193	0.01391	0.00994	0.00497	0.00497	0.00099	0.00497	0.00398	0.00398	0.80521
6	0.01468	0.01468	0.02055	0.01762	0.01762	0.02055	0.01468	0.01615	0.01028	0.01615	0.00881	0.01468	0.00881	0.01174	0.02202	0.00294	0.75191	0.00587	0.00294	0.00734
7	0.00912	0.00662	0.00866	0.00903	0.01026	0.00615	0.00668	0.01157	0.01649	0.02265	0.39937	0.28012	0.08903	0.01670	0.00826	0.00241	0.00371	0.08034	0.00684	0.00600
8	0.02551	0.01879	0.02014	0.01544	0.02081	0.02081	0.01275	0.69996	0.03155	0.04229	0.01611	0.01611	0.01141	0.00805	0.00671	0.00201	0.00738	0.00604	0.00671	0.01141
9	0.00818	0.00584	0.00779	0.00934	0.00973	0.00545	0.00623	0.00934	0.01285	0.01713	0.03698	0.75981	0.04438	0.02102	0.00856	0.00273	0.00389	0.01908	0.00623	0.00545
10	0.01060	0.00665	0.00879	0.00930	0.01050	0.00609	0.00657	0.01239	0.01498	0.08821	0.19724	0.50000	0.06708	0.01795	0.00822	0.00250	0.00388	0.01610	0.00670	0.00624
11	0.00959	0.00719	0.01078	0.01078	0.01198	0.00839	0.00839	0.01198	0.01078	0.01558	0.01797	0.02636	0.01677	0.05032	0.73760	0.01078	0.01797	0.00719	0.00359	0.00599
12	0.02551	0.01879	0.02014	0.01544	0.02081	0.02081	0.01275	0.69996	0.03155	0.04229	0.01611	0.01611	0.01141	0.00805	0.00671	0.00201	0.00738	0.00604	0.00671	0.01141
13	0.01756	0.57842	0.16676	0.01333	0.01972	0.07235	0.01412	0.02076	0.01410	0.01687	0.00992	0.01150	0.00859	0.00594	0.00482	0.00159	0.00803	0.00390	0.00290	0.00880
14	0.01012	0.00770	0.00926	0.00913	0.01104	0.00732	0.00704	0.04221	0.04762	0.02342	0.32788	0.12421	0.22966	0.01550	0.00806	0.00234	0.00397	0.10031	0.00675	0.00645
15	0.01351	0.01097	0.01429	0.01358	0.04410	0.01253	0.01028	0.09274	0.12337	0.02122	0.01777	0.02272	0.01532	0.03078	0.39727	0.00674	0.08086	0.00674	0.00440	0.06080
16	0.01461	0.01314	0.01666	0.04449	0.01799	0.01357	0.01086	0.04599	0.01344	0.02064	0.01107	0.01443	0.00958	0.00743	0.01079	0.00174	0.25372	0.00478	0.00370	0.47137
17	0.00911	0.00689	0.00848	0.00854	0.01025	0.00626	0.00656	0.01168	0.01695	0.02261	0.37829	0.10532	0.26092	0.01588	0.00815	0.00233	0.00370	0.10525	0.00679	0.00605
18	0.02379	0.18435	0.02326	0.01484	0.02002	0.12568	0.01251	0.45414	0.02582	0.03276	0.01380	0.01436	0.01040	0.00738	0.00609	0.00185	0.00802	0.00526	0.00540	0.01027
19	0.01553	0.01654	0.03293	0.07687	0.15684	0.01567	0.44654	0.02048	0.01534	0.02132	0.01309	0.01731	0.01015	0.00570	0.00725	0.00206	0.00978	0.00696	0.00342	0.10622
20	0.02872	0.01111	0.01513	0.01170	0.01665	0.00962	0.00962	0.03135	0.01919	0.67980	0.07313	0.02468	0.01976	0.00867	0.00683	0.00208	0.00554	0.00711	0.00824	0.01108
21	0.01179	0.05890	0.01210	0.01039	0.01168	0.01016	0.00775	0.07484	0.01376	0.01850	0.04949	0.20281	0.02771	0.24976	0.09213	0.00460	0.05730	0.07535	0.00493	0.00607
22	0.01226	0.01370	0.13772	0.03992	0.01752	0.01030	0.05724	0.07295	0.04116	0.03969	0.12896	0.27555	0.09831	0.01363	0.00765	0.00235	0.00587	0.01209	0.00561	0.00753
23	0.01315	0.01242	0.02099	0.66195	0.12858	0.01503	0.01887	0.01756	0.01364	0.01773	0.01201	0.01773	0.00915	0.00662	0.00670	0.00221	0.00883	0.00596	0.00302	0.00784
24	0.01122	0.00777	0.00946	0.00914	0.01115	0.00729	0.00694	0.03749	0.04707	0.06992	0.30879	0.16766	0.20915	0.01524	0.00794	0.00231	0.00393	0.05396	0.00686	0.00672
25	0.00838	0.00672	0.00749	0.00750	0.00939	0.00582	0.00555	0.01043	0.01606	0.02042	0.24254	0.13030	0.47277	0.01650	0.00799	0.00227	0.00338	0.01410	0.00655	0.00582
26	0.01535	0.01652	0.10104	0.13913	0.07722	0.01440	0.30531	0.02071	0.03726	0.07557	0.08817	0.04515	0.01724	0.00756	0.00737	0.00221	0.00887	0.00786	0.00425	0.00883
27	0.01589	0.01785	0.03797	0.02731	0.03390	0.01695	0.65224	0.02244	0.06203	0.02193	0.01449	0.01856	0.01087	0.00589	0.00785	0.00226	0.01091	0.00790	0.00362	0.00915
28	0.01267	0.01193	0.02013	0.74806	0.04621	0.01491	0.01863	0.01714	0.01342	0.01714	0.01193	0.01789	0.00894	0.00671	0.00671	0.00224	0.00894	0.00596	0.00298	0.00745
29	0.00819	0.00681	0.00716	0.00707	0.00922	0.00578	0.00530	0.01013	0.01591	0.01958	0.17601	0.06218	0.61066	0.01645	0.00793	0.00224	0.00336	0.01382	0.00642	0.00578
30	0.06411	0.03264	0.65520	0.01885	0.02827	0.01561	0.05164	0.02116	0.01406	0.02182	0.01193	0.01412	0.00849	0.00634	0.00630	0.00213	0.00968	0.00500	0.00294	0.00971
31	0.01794	0.76823	0.03516	0.01148	0.01722	0.02655	0.01148	0.02009	0.01363	0.01579	0.00933	0.01076	0.00861	0.00574	0.00431	0.00144	0.00718	0.00359	0.00287	0.00861
32	0.02150	0.01123	0.01375	0.01157	0.01552	0.01093	0.00918	0.05658	0.18052	0.36270	0.06364	0.09983	0.09139	0.01082	0.00711	0.00220	0.00517	0.00909	0.00744	0.00985
33	0.00852	0.00602	0.00779	0.00895	0.00936	0.00568	0.00588	0.00963	0.01275	0.01710	0.07973	0.59502	0.04236	0.14260	0.01272	0.00331	0.00427	0.01708	0.00595	0.00528
34	0.11607	0.61362	0.03075	0.01157	0.01700	0.05966	0.01108	0.04381	0.01424	0.01849	0.00961	0.01103	0.00854	0.00594	0.00445	0.00155	0.00718	0.00371	0.00319	0.00850
35	0.04057	0.00780	0.00949	0.00907	0.01103	0.00749	0.00678	0.01516	0.07305	0.06885	0.40721	0.16667	0.12254	0.01432	0.00773	0.00224	0.00372	0.01251	0.00696	0.00681
36	0.04275	0.01736	0.10788	0.11614	0.09748	0.03774	0.12837	0.10963	0.03913	0.09266	0.03974	0.04117	0.01370	0.00734	0.00671	0.00204	0.00799	0.00662	0.00458	0.08096
37	0.00934	0.00684	0.00896	0.01024	0.01114	0.00670	0.00750	0.01215	0.05908	0.01882	0.06048	0.54044	0.04227	0.01945	0.00858	0.00275	0.00445	0.15855	0.00630	0.00597
38	0.01306	0.04427	0.08266	0.12104	0.01992	0.03491	0.03089	0.01682	0.04470	0.06291	0.12356	0.11211	0.13987	0.01308	0.03353	0.00257	0.08203	0.00960	0.00501	0.00743
39	0.01618	0.02139	0.27031	0.02005	0.15608	0.01428	0.01702	0.09829	0.05262	0.05438	0.01508	0.04783	0.01205	0.00706	0.00631	0.00189	0.00757	0.00590	0.00419	0.17152

[dist]
# distance from previous block
# <min> <max>
0	17

[block]
# block no. 4 follows, 32 sequences, length 11
# corresponding to MSA columns:
# 239-249
name=unknown_E
#
# <colnr> <probs for GDERKNQSTAVLIFYWHMCP>
#	G	D	E	R	K	N	Q	S	T	A	V	L	I	F	Y	W	H	M	C	P
0	0.11953	0.15067	0.13104	0.15352	0.02583	0.16736	0.05160	0.05616	0.01579	0.05315	0.01181	0.01415	0.00909	0.00656	0.00585	0.00194	0.00887	0.00491	0.00364	0.00854
1	0.01528	0.14744	0.06570	0.05218	0.03374	0.14072	0.04395	0.01976	0.09017	0.01935	0.07216	0.10764	0.09528	0.01044	0.00741	0.00210	0.04144	0.02285	0.00457	0.00783
2	0.01673	0.06741	0.03561	0.02485	0.03111	0.05323	0.55369	0.02163	0.01598	0.05314	0.01629	0.01972	0.04375	0.00638	0.00753	0.00217	0.01045	0.00769	0.00372	0.00891
3	0.01621	0.09203	0.01698	0.03560	0.06298	0.01201	0.04236	0.05093	0.06005	0.14230	0.09236	0.12773	0.02578	0.07014	0.00922	0.00252	0.00601	0.08053	0.00569	0.04857
4	0.01893	0.01494	0.05260	0.08717	0.14522	0.01461	0.06473	0.17723	0.06732	0.13415	0.06399	0.06621	0.01781	0.01005	0.03229	0.00244	0.00752	0.00756	0.00550	0.00973
5	0.01136	0.00602	0.00903	0.00903	0.00920	0.00619	0.00619	0.00920	0.00903	0.01221	0.01254	0.02124	0.01238	0.02712	0.12643	0.69294	0.00754	0.00602	0.00301	0.00335
6	0.01805	0.16979	0.10603	0.01789	0.10958	0.03563	0.04929	0.17056	0.01833	0.06730	0.01721	0.09675	0.01537	0.01072	0.04036	0.00244	0.00801	0.03275	0.00467	0.00927
7	0.00940	0.00633	0.00744	0.00786	0.00824	0.00614	0.00488	0.01016	0.01159	0.01585	0.06049	0.25000	0.05927	0.43507	0.02256	0.00471	0.00525	0.01250	0.05749	0.00478
8	0.06187	0.24587	0.05417	0.01606	0.02150	0.05314	0.15512	0.13899	0.04986	0.07043	0.03886	0.03765	0.01334	0.00726	0.00615	0.00192	0.00789	0.00614	0.00453	0.00923
9	0.01596	0.01642	0.04559	0.20092	0.04653	0.08207	0.14257	0.08609	0.05206	0.02206	0.06383	0.02014	0.02969	0.00792	0.00854	0.00216	0.08936	0.00672	0.00411	0.05726
10	0.01526	0.01633	0.11076	0.01665	0.06749	0.01396	0.10153	0.11802	0.16602	0.02513	0.02681	0.05757	0.13610	0.00938	0.00696	0.00209	0.00674	0.00821	0.00519	0.08980

[dist]
# distance from previous block
# <min> <max>
0	2

[block]
# block no. 5 follows, 32 sequences, length 30
# corresponding to MSA columns:
# 252-281
name=unknown_F
#
# <colnr> <probs for GDERKNQSTAVLIFYWHMCP>
#	G	D	E	R	K	N	Q	S	T	A	V	L	I	F	Y	W	H	M	C	P
0	0.01660	0.01330	0.01362	0.01208	0.01497	0.07823	0.00921	0.23336	0.06010	0.04338	0.12083	0.23983	0.04483	0.03835	0.00828	0.00236	0.00588	0.01089	0.00624	0.02767
1	0.01269	0.06984	0.04184	0.04676	0.05511	0.01103	0.03284	0.09409	0.01644	0.02222	0.09674	0.25539	0.11835	0.01311	0.00722	0.00218	0.00539	0.01145	0.04065	0.04667
2	0.36945	0.01642	0.01657	0.01326	0.01808	0.05687	0.05610	0.27352	0.02014	0.08113	0.01337	0.01420	0.00972	0.00705	0.00564	0.00205	0.00683	0.00507	0.00530	0.00924
3	0.01166	0.00583	0.00874	0.00874	0.00874	0.00583	0.00583	0.00874	0.00874	0.01166	0.01166	0.02040	0.01166	0.02331	0.02622	0.80478	0.00583	0.00583	0.00291	0.00291
4	0.21551	0.02163	0.01729	0.01443	0.01889	0.25020	0.01149	0.31857	0.02264	0.03101	0.01262	0.01356	0.00952	0.00725	0.00588	0.00194	0.00837	0.00490	0.00504	0.00924
5	0.00945	0.00733	0.00891	0.05800	0.01228	0.00704	0.00679	0.04201	0.01494	0.01924	0.11019	0.30304	0.27820	0.07897	0.01019	0.00275	0.00436	0.01442	0.00597	0.00590
6	0.01391	0.01193	0.01391	0.00994	0.01590	0.00894	0.00795	0.01690	0.01391	0.02186	0.01193	0.01391	0.00994	0.00497	0.00497	0.00099	0.00497	0.00398	0.00398	0.80521
7	0.66840	0.01273	0.01055	0.00941	0.01336	0.01448	0.00763	0.06487	0.01312	0.05111	0.01261	0.07372	0.01091	0.00764	0.00477	0.00213	0.00525	0.00517	0.00462	0.00752
8	0.01796	0.01461	0.01662	0.01421	0.01829	0.01639	0.04251	0.11613	0.52826	0.06007	0.06054	0.02479	0.02090	0.00901	0.00692	0.00223	0.00575	0.00761	0.00675	0.01046
9	0.00957	0.00643	0.00737	0.00755	0.00760	0.00638	0.00432	0.00971	0.01012	0.01349	0.02298	0.12700	0.02671	0.67793	0.03118	0.00607	0.00620	0.01084	0.00432	0.00423
10	0.01661	0.01594	0.02724	0.04119	0.72233	0.01594	0.02059	0.02059	0.01528	0.02192	0.01262	0.01661	0.01063	0.00598	0.00664	0.00199	0.00797	0.00598	0.00332	0.01063
11	0.00914	0.00684	0.00847	0.00806	0.00980	0.00618	0.00605	0.01196	0.01814	0.02488	0.56857	0.05346	0.21480	0.01447	0.00792	0.00215	0.00322	0.01260	0.00712	0.00618
12	0.00943	0.00686	0.00887	0.00837	0.00998	0.00630	0.00628	0.01253	0.01883	0.02652	0.69041	0.05075	0.09193	0.01386	0.00791	0.00212	0.00318	0.01222	0.00734	0.00630
13	0.01628	0.01741	0.02091	0.46499	0.14037	0.19114	0.01754	0.02001	0.01506	0.01768	0.01165	0.01629	0.00912	0.00665	0.00654	0.00208	0.00957	0.00557	0.00315	0.00800
14	0.01251	0.00625	0.00625	0.00625	0.00782	0.00625	0.00469	0.01563	0.01407	0.02502	0.02189	0.02502	0.01720	0.00782	0.00469	0.00156	0.00313	0.00625	0.80144	0.00625
15	0.01317	0.08289	0.56974	0.01695	0.02529	0.01495	0.02102	0.01985	0.01487	0.02172	0.11982	0.01942	0.01688	0.00745	0.00646	0.00207	0.00869	0.00596	0.00353	0.00928
16	0.81159	0.01298	0.00986	0.00882	0.01298	0.01505	0.00727	0.01972	0.01142	0.03010	0.00934	0.01090	0.00727	0.00623	0.00415	0.00208	0.00519	0.00363	0.00415	0.00727
17	0.05086	0.01197	0.01395	0.03689	0.01687	0.00945	0.00831	0.01704	0.01378	0.02207	0.01181	0.01392	0.00978	0.00509	0.00499	0.00109	0.00512	0.00403	0.00395	0.73902
18	0.01077	0.00739	0.00914	0.00856	0.01056	0.00678	0.00647	0.01409	0.04329	0.07170	0.48646	0.07741	0.19366	0.01414	0.00782	0.00217	0.00349	0.01229	0.00714	0.00666
19	0.09387	0.09087	0.28554	0.07450	0.02585	0.01668	0.10922	0.06595	0.01500	0.05486	0.01278	0.01556	0.00968	0.00907	0.04559	0.00258	0.05426	0.00551	0.00361	0.00904
20	0.01492	0.20439	0.40084	0.01843	0.04904	0.03611	0.09223	0.02050	0.01415	0.01950	0.01194	0.01463	0.00934	0.00909	0.05508	0.00254	0.00995	0.00512	0.00299	0.00922
21	0.01166	0.00583	0.00874	0.00874	0.00874	0.00583	0.00583	0.00874	0.00874	0.01166	0.01166	0.02040	0.01166	0.02331	0.02622	0.80478	0.00583	0.00583	0.00291	0.00291
22	0.01365	0.02520	0.40752	0.08681	0.02843	0.01579	0.11242	0.01953	0.01393	0.02021	0.03017	0.01939	0.01181	0.00796	0.00915	0.00233	0.12066	0.04291	0.00323	0.00889
23	0.00942	0.00686	0.00887	0.00837	0.00998	0.00630	0.00627	0.01252	0.01882	0.02650	0.68893	0.05078	0.09342	0.01387	0.00791	0.00212	0.00318	0.01223	0.00733	0.00630
24	0.00816	0.00589	0.00773	0.00920	0.00970	0.00546	0.00617	0.00936	0.01298	0.01718	0.03869	0.72139	0.08170	0.02080	0.00853	0.00270	0.00387	0.01880	0.00623	0.00546
25	0.64908	0.01326	0.01143	0.00976	0.01414	0.01488	0.00804	0.07775	0.01406	0.11789	0.01204	0.01282	0.00877	0.00664	0.00469	0.00207	0.00544	0.00422	0.00488	0.00813
26	0.07186	0.01620	0.07927	0.27430	0.10990	0.01610	0.03965	0.18888	0.01873	0.09951	0.01446	0.01705	0.01044	0.00703	0.00655	0.00212	0.00802	0.00589	0.00458	0.00946
27	0.01479	0.00987	0.01170	0.01043	0.01331	0.00997	0.00808	0.02253	0.22849	0.13704	0.34137	0.03949	0.10163	0.01176	0.00740	0.00217	0.00424	0.01008	0.00726	0.00838
28	0.01773	0.46869	0.14462	0.01347	0.01953	0.04285	0.01367	0.06829	0.11527	0.02024	0.01284	0.01377	0.01049	0.00652	0.00522	0.00172	0.00751	0.00457	0.00371	0.00928
29	0.00898	0.00676	0.00830	0.00807	0.00975	0.00608	0.00599	0.01160	0.01753	0.02381	0.49223	0.10943	0.23657	0.01516	0.00797	0.00220	0.00328	0.01322	0.00699	0.00608

[dist]
# distance from previous block
# <min> <max>
0	2

# created by:
# /home/berkeley/.conda/envs/busco_data_prod/bin/msa2prfl.pl pipeline/OGs_align_augustus/4893/39944.fs
