[name]
unknown

[dist]
# distance from previous block
# <min> <max>
0	42

[block]
# block no. 0 follows, 31 sequences, length 61
# corresponding to MSA columns:
# 48-108
name=unknown_A
#
# <colnr> <probs for GDERKNQSTAVLIFYWHMCP>
#	G	D	E	R	K	N	Q	S	T	A	V	L	I	F	Y	W	H	M	C	P
0	0.01102	0.00787	0.01102	0.01260	0.01417	0.00787	0.01102	0.01417	0.01575	0.02047	0.03622	0.07717	0.03937	0.01890	0.00945	0.00315	0.00630	0.67084	0.00630	0.00630
1	0.00809	0.00693	0.00693	0.00693	0.00924	0.00578	0.00520	0.00982	0.01559	0.01848	0.06931	0.06584	0.71411	0.01733	0.00809	0.00231	0.00347	0.01444	0.00635	0.00578
2	0.00814	0.00693	0.00701	0.00699	0.00927	0.00580	0.00524	0.00992	0.01572	0.01879	0.09130	0.06534	0.69193	0.01721	0.00809	0.00230	0.00346	0.01437	0.00639	0.00580
3	0.00984	0.00703	0.00945	0.00943	0.01016	0.00768	0.00664	0.01129	0.01085	0.01519	0.04415	0.03521	0.02202	0.34610	0.41528	0.00886	0.01291	0.00860	0.00400	0.00530
4	0.02156	0.32903	0.05299	0.01717	0.07707	0.25605	0.04161	0.02417	0.01653	0.08773	0.01216	0.01358	0.00984	0.00655	0.00565	0.00173	0.00917	0.00466	0.00374	0.00902
5	0.60363	0.04334	0.01321	0.01093	0.01504	0.10476	0.00892	0.06172	0.01388	0.02863	0.01005	0.01174	0.00795	0.00676	0.00536	0.00208	0.03599	0.00403	0.00421	0.00778
6	0.01785	0.24434	0.36226	0.01716	0.04384	0.11808	0.01859	0.02282	0.01533	0.06333	0.01218	0.01377	0.00930	0.00650	0.00587	0.00190	0.00928	0.00470	0.00335	0.00954
7	0.01693	0.01626	0.02777	0.04199	0.71689	0.01626	0.02100	0.02100	0.01558	0.02235	0.01287	0.01693	0.01084	0.00610	0.00677	0.00203	0.00813	0.00610	0.00339	0.01084
8	0.00977	0.00733	0.01100	0.01100	0.01222	0.00855	0.00855	0.01222	0.01100	0.01588	0.01833	0.02688	0.01710	0.05131	0.73245	0.01100	0.01833	0.00733	0.00367	0.00611
9	0.02898	0.01439	0.01758	0.01348	0.01883	0.01413	0.01113	0.27459	0.02418	0.47389	0.02313	0.02078	0.01500	0.00837	0.00687	0.00209	0.00644	0.00662	0.00787	0.01164
10	0.01275	0.00638	0.00638	0.00638	0.00797	0.00638	0.00478	0.01594	0.01435	0.02551	0.02232	0.02551	0.01754	0.00797	0.00478	0.00159	0.00319	0.00638	0.79755	0.00638
11	0.01811	0.00940	0.01223	0.01031	0.01346	0.00865	0.00813	0.06287	0.02025	0.27301	0.42772	0.03913	0.04445	0.01168	0.00757	0.00213	0.00441	0.01005	0.00782	0.00861
12	0.02581	0.01805	0.02058	0.01747	0.07762	0.01951	0.01331	0.56188	0.02934	0.12070	0.01737	0.01727	0.01219	0.00807	0.00684	0.00206	0.00738	0.00624	0.00675	0.01157
13	0.01275	0.00638	0.00638	0.00638	0.00797	0.00638	0.00478	0.01594	0.01435	0.02551	0.02232	0.02551	0.01754	0.00797	0.00478	0.00159	0.00319	0.00638	0.79755	0.00638
14	0.00809	0.00693	0.00693	0.00693	0.00924	0.00578	0.00520	0.00982	0.01559	0.01848	0.06931	0.06584	0.71411	0.01733	0.00809	0.00231	0.00347	0.01444	0.00635	0.00578
15	0.01292	0.01216	0.02052	0.74312	0.04712	0.01520	0.01900	0.01748	0.01368	0.01748	0.01216	0.01824	0.00912	0.00684	0.00684	0.00228	0.00912	0.00608	0.00304	0.00760
16	0.80789	0.01323	0.01006	0.00900	0.01323	0.01535	0.00741	0.02011	0.01164	0.03070	0.00953	0.01111	0.00741	0.00635	0.00423	0.00212	0.00529	0.00370	0.00423	0.00741
17	0.01497	0.01497	0.02095	0.01796	0.01796	0.02095	0.01497	0.01646	0.01048	0.01646	0.00898	0.01497	0.00898	0.01197	0.02245	0.00299	0.74704	0.00599	0.00299	0.00748
18	0.01292	0.01216	0.02052	0.74312	0.04712	0.01520	0.01900	0.01748	0.01368	0.01748	0.01216	0.01824	0.00912	0.00684	0.00684	0.00228	0.00912	0.00608	0.00304	0.00760
19	0.02601	0.01916	0.02053	0.01574	0.02122	0.02122	0.01300	0.69408	0.03217	0.04312	0.01643	0.01643	0.01163	0.00821	0.00684	0.00205	0.00753	0.00616	0.00684	0.01163
20	0.02405	0.01819	0.01943	0.01534	0.02047	0.02030	0.01253	0.55067	0.17876	0.03996	0.01892	0.01841	0.01365	0.00845	0.00687	0.00211	0.00707	0.00650	0.00687	0.01146
21	0.01651	0.01415	0.01587	0.01404	0.01779	0.01598	0.03753	0.07047	0.56070	0.02796	0.02873	0.08559	0.04345	0.01032	0.00718	0.00234	0.00560	0.00882	0.00675	0.01022
22	0.01275	0.00638	0.00638	0.00638	0.00797	0.00638	0.00478	0.01594	0.01435	0.02551	0.02232	0.02551	0.01754	0.00797	0.00478	0.00159	0.00319	0.00638	0.79755	0.00638
23	0.01413	0.01324	0.02226	0.42510	0.29057	0.01487	0.01871	0.01840	0.01484	0.02009	0.06971	0.02044	0.01428	0.00715	0.00692	0.00218	0.00827	0.00660	0.00353	0.00870
24	0.01497	0.01497	0.02095	0.01796	0.01796	0.02095	0.01497	0.01646	0.01048	0.01646	0.00898	0.01497	0.00898	0.01197	0.02245	0.00299	0.74704	0.00599	0.00299	0.00748
25	0.02091	0.01663	0.01766	0.01471	0.01927	0.01884	0.01177	0.32125	0.41330	0.03490	0.02290	0.02158	0.01688	0.00882	0.00691	0.00220	0.00633	0.00705	0.00691	0.01118
26	0.11741	0.17006	0.09191	0.01746	0.08499	0.15321	0.01421	0.10208	0.01679	0.05051	0.01175	0.01384	0.00949	0.00746	0.00803	0.00203	0.11088	0.00492	0.00394	0.00905
27	0.01292	0.01216	0.02052	0.74312	0.04712	0.01520	0.01900	0.01748	0.01368	0.01748	0.01216	0.01824	0.00912	0.00684	0.00684	0.00228	0.00912	0.00608	0.00304	0.00760
28	0.01102	0.00787	0.01102	0.01260	0.01417	0.00787	0.01102	0.01417	0.01575	0.02047	0.03622	0.07717	0.03937	0.01890	0.00945	0.00315	0.00630	0.67084	0.00630	0.00630
29	0.00834	0.00595	0.00794	0.00953	0.00992	0.00556	0.00635	0.00953	0.01310	0.01746	0.03771	0.75510	0.04525	0.02143	0.00873	0.00278	0.00397	0.01945	0.00635	0.00556
30	0.00946	0.00698	0.00884	0.00837	0.01008	0.00636	0.00628	0.01248	0.01884	0.02619	0.62399	0.05315	0.15461	0.01445	0.00807	0.00217	0.00326	0.01266	0.00737	0.00636
31	0.01693	0.01626	0.02777	0.04199	0.71689	0.01626	0.02100	0.02100	0.01558	0.02235	0.01287	0.01693	0.01084	0.00610	0.00677	0.00203	0.00813	0.00610	0.00339	0.01084
32	0.00968	0.00699	0.00914	0.00861	0.01022	0.00646	0.00646	0.01291	0.01937	0.02743	0.71328	0.05110	0.06455	0.01399	0.00807	0.00215	0.00323	0.01237	0.00753	0.00646
33	0.01292	0.01216	0.02052	0.74312	0.04712	0.01520	0.01900	0.01748	0.01368	0.01748	0.01216	0.01824	0.00912	0.00684	0.00684	0.00228	0.00912	0.00608	0.00304	0.00760
34	0.01918	0.01770	0.01656	0.01464	0.01863	0.11827	0.01140	0.10516	0.53630	0.02849	0.02419	0.02270	0.01820	0.00885	0.00684	0.00221	0.00662	0.00710	0.00646	0.01051
35	0.01343	0.01268	0.02145	0.65325	0.13297	0.01534	0.01926	0.01793	0.01392	0.01810	0.01225	0.01807	0.00934	0.00674	0.00683	0.00225	0.00899	0.00608	0.00308	0.00801
36	0.80789	0.01323	0.01006	0.00900	0.01323	0.01535	0.00741	0.02011	0.01164	0.03070	0.00953	0.01111	0.00741	0.00635	0.00423	0.00212	0.00529	0.00370	0.00423	0.00741
37	0.01292	0.01216	0.02052	0.74312	0.04712	0.01520	0.01900	0.01748	0.01368	0.01748	0.01216	0.01824	0.00912	0.00684	0.00684	0.00228	0.00912	0.00608	0.00304	0.00760
38	0.01454	0.01296	0.01642	0.01403	0.07376	0.01167	0.01030	0.01741	0.01369	0.02133	0.01169	0.01454	0.01000	0.00630	0.00809	0.00142	0.12834	0.00454	0.00382	0.60516
39	0.04949	0.01754	0.01996	0.01712	0.07717	0.01895	0.01300	0.50174	0.05647	0.13214	0.01783	0.01761	0.01254	0.00806	0.00677	0.00207	0.00719	0.00624	0.00671	0.01141
40	0.08466	0.01360	0.01549	0.01159	0.01725	0.01232	0.00944	0.16096	0.01874	0.16152	0.01568	0.01615	0.01153	0.00648	0.00572	0.00153	0.00574	0.00500	0.00549	0.42112
41	0.01176	0.00930	0.01298	0.01495	0.10312	0.00913	0.02864	0.04164	0.03865	0.02202	0.10318	0.17013	0.13894	0.01540	0.00823	0.00256	0.00544	0.21784	0.03897	0.00714
42	0.02010	0.45805	0.05119	0.01365	0.04708	0.02165	0.01210	0.02531	0.12243	0.14448	0.01571	0.01580	0.01220	0.00688	0.00540	0.00176	0.00688	0.00501	0.00456	0.00974
43	0.00979	0.00749	0.00823	0.00796	0.01030	0.00662	0.00608	0.01263	0.04517	0.04928	0.18884	0.06000	0.50713	0.01604	0.00804	0.00230	0.00370	0.03733	0.00669	0.00637
44	0.01292	0.01216	0.02052	0.74312	0.04712	0.01520	0.01900	0.01748	0.01368	0.01748	0.01216	0.01824	0.00912	0.00684	0.00684	0.00228	0.00912	0.00608	0.00304	0.00760
45	0.01748	0.33510	0.03173	0.02854	0.39096	0.02091	0.04430	0.02082	0.01489	0.01967	0.01148	0.01445	0.00994	0.00598	0.00581	0.00180	0.00792	0.00514	0.00319	0.00989
46	0.01444	0.00799	0.01052	0.00930	0.01173	0.00725	0.00718	0.01753	0.01921	0.18033	0.53455	0.04396	0.05219	0.01253	0.00768	0.00212	0.00380	0.01092	0.03918	0.00760
47	0.00809	0.00693	0.00693	0.00693	0.00924	0.00578	0.00520	0.00982	0.01559	0.01848	0.06931	0.06584	0.71411	0.01733	0.00809	0.00231	0.00347	0.01444	0.00635	0.00578
48	0.00931	0.00680	0.00884	0.00997	0.01108	0.00643	0.00757	0.01131	0.01465	0.01919	0.09613	0.36292	0.13593	0.04947	0.00987	0.00294	0.00467	0.22076	0.00634	0.00583
49	0.00968	0.00699	0.00914	0.00861	0.01022	0.00646	0.00646	0.01291	0.01937	0.02743	0.71328	0.05110	0.06455	0.01399	0.00807	0.00215	0.00323	0.01237	0.00753	0.00646
50	0.08281	0.70236	0.03374	0.01148	0.01721	0.02611	0.01136	0.02046	0.01372	0.01729	0.00951	0.01099	0.00867	0.00589	0.00438	0.00152	0.00715	0.00366	0.00303	0.00867
51	0.02246	0.07587	0.01934	0.03860	0.09468	0.03805	0.01230	0.14260	0.15928	0.23840	0.04904	0.02317	0.01761	0.00857	0.00678	0.00211	0.00662	0.02754	0.00646	0.01054
52	0.06171	0.18350	0.10435	0.01402	0.01927	0.10545	0.01278	0.15655	0.14166	0.04682	0.02002	0.02009	0.06930	0.00820	0.00617	0.00198	0.00749	0.00612	0.00501	0.00953
53	0.02480	0.04855	0.02118	0.01576	0.02080	0.02143	0.01311	0.61181	0.02966	0.03986	0.01554	0.01609	0.01130	0.00843	0.00802	0.00211	0.06795	0.00605	0.00637	0.01118
54	0.01523	0.01898	0.11601	0.17956	0.08058	0.01662	0.42863	0.02089	0.01539	0.02098	0.01324	0.01784	0.00994	0.00610	0.00754	0.00227	0.01064	0.00717	0.00330	0.00909
55	0.01278	0.03967	0.01319	0.01258	0.06993	0.01012	0.00893	0.10800	0.01983	0.02716	0.40789	0.06964	0.10598	0.01308	0.00776	0.00220	0.00463	0.05242	0.00669	0.00752
56	0.04951	0.13235	0.04361	0.09814	0.15496	0.03872	0.03473	0.04860	0.14412	0.08985	0.01732	0.04778	0.01390	0.00765	0.00636	0.00202	0.00721	0.00641	0.00474	0.05205
57	0.05046	0.02004	0.13715	0.01583	0.04215	0.10184	0.04107	0.16847	0.06338	0.06862	0.08190	0.02110	0.01701	0.00804	0.00660	0.00197	0.00763	0.02429	0.00520	0.11726
58	0.03977	0.09786	0.11818	0.01740	0.13118	0.01459	0.01349	0.10978	0.01711	0.08181	0.06221	0.02043	0.01578	0.01350	0.10686	0.00316	0.00848	0.00619	0.06941	0.05280
59	0.01627	0.19727	0.30198	0.01834	0.09108	0.01849	0.01779	0.09387	0.03754	0.02254	0.01409	0.06095	0.01196	0.00769	0.00682	0.00202	0.03763	0.00595	0.00376	0.03398
60	0.16882	0.06096	0.13176	0.01424	0.03949	0.15100	0.01252	0.06207	0.03736	0.04817	0.01662	0.06305	0.03414	0.00827	0.00637	0.00201	0.02777	0.00613	0.06915	0.04010

[dist]
# distance from previous block
# <min> <max>
2	63

[block]
# block no. 1 follows, 31 sequences, length 6
# corresponding to MSA columns:
# 172-177
name=unknown_B
#
# <colnr> <probs for GDERKNQSTAVLIFYWHMCP>
#	G	D	E	R	K	N	Q	S	T	A	V	L	I	F	Y	W	H	M	C	P
0	0.10542	0.25241	0.02134	0.05354	0.05097	0.06018	0.01082	0.11711	0.01726	0.02402	0.06514	0.02074	0.06700	0.00796	0.00568	0.00182	0.00657	0.00597	0.06714	0.03892
1	0.22356	0.08562	0.10912	0.01216	0.01713	0.01533	0.01121	0.13832	0.05182	0.06679	0.01675	0.08311	0.01408	0.00834	0.00580	0.00201	0.00624	0.00636	0.06766	0.05858
2	0.18051	0.06242	0.05139	0.07210	0.05625	0.06897	0.01085	0.06046	0.01554	0.04192	0.03343	0.01867	0.04535	0.00721	0.00559	0.00179	0.00641	0.00546	0.08947	0.16621
3	0.02071	0.03859	0.04477	0.07216	0.10784	0.11226	0.03784	0.18041	0.01979	0.11536	0.01645	0.02077	0.01308	0.00895	0.00802	0.05346	0.00802	0.04792	0.00503	0.06855
4	0.06754	0.01723	0.10753	0.01284	0.01692	0.09057	0.01130	0.16750	0.10388	0.02762	0.02019	0.10846	0.01728	0.00943	0.00632	0.00206	0.00654	0.00753	0.19057	0.00870
5	0.01600	0.01246	0.06582	0.00946	0.01236	0.08602	0.00805	0.05296	0.01612	0.06880	0.02026	0.02262	0.01556	0.00780	0.00530	0.00171	0.00510	0.00608	0.56006	0.00743

[dist]
# distance from previous block
# <min> <max>
0	1

[block]
# block no. 2 follows, 31 sequences, length 34
# corresponding to MSA columns:
# 179-212
name=unknown_C
#
# <colnr> <probs for GDERKNQSTAVLIFYWHMCP>
#	G	D	E	R	K	N	Q	S	T	A	V	L	I	F	Y	W	H	M	C	P
0	0.23309	0.04458	0.01991	0.07175	0.27305	0.07858	0.01448	0.05648	0.01573	0.05889	0.01410	0.01930	0.01187	0.00741	0.00614	0.00211	0.00749	0.05170	0.00422	0.00912
1	0.01102	0.00787	0.01102	0.01260	0.01417	0.00787	0.01102	0.01417	0.01575	0.02047	0.03622	0.07717	0.03937	0.01890	0.00945	0.00315	0.00630	0.67084	0.00630	0.00630
2	0.02208	0.17192	0.13145	0.01667	0.02167	0.46506	0.01472	0.02542	0.03842	0.01774	0.01116	0.01280	0.00915	0.00680	0.00590	0.00178	0.01082	0.00447	0.00342	0.00852
3	0.01949	0.01511	0.02354	0.17533	0.27901	0.05207	0.07893	0.02327	0.01636	0.18583	0.03438	0.01945	0.01314	0.00718	0.00732	0.00214	0.02642	0.00653	0.00463	0.00986
4	0.01672	0.01931	0.03910	0.02816	0.03487	0.06061	0.65091	0.02224	0.01634	0.02160	0.01364	0.01808	0.01029	0.00584	0.00796	0.00227	0.01158	0.00785	0.00346	0.00915
5	0.01419	0.01216	0.01419	0.01013	0.01621	0.00912	0.00811	0.01723	0.01419	0.02229	0.01216	0.01419	0.01013	0.00507	0.00507	0.00101	0.00507	0.00405	0.00405	0.80139
6	0.00868	0.00719	0.00763	0.00748	0.00970	0.00626	0.00562	0.01126	0.03820	0.02054	0.19307	0.06170	0.56594	0.01642	0.00805	0.00228	0.00348	0.01382	0.00660	0.00607
7	0.00842	0.00613	0.00795	0.00937	0.01002	0.00567	0.00641	0.00974	0.01347	0.01769	0.04097	0.65582	0.11541	0.02090	0.00869	0.00274	0.00401	0.04462	0.00635	0.00561
8	0.00994	0.00668	0.00770	0.00770	0.00778	0.00676	0.00444	0.01010	0.01002	0.01344	0.02134	0.04357	0.02435	0.71217	0.08151	0.00692	0.00742	0.00977	0.00411	0.00428
9	0.00896	0.00651	0.00848	0.00917	0.01021	0.00603	0.00656	0.01105	0.01574	0.02140	0.29119	0.41140	0.09688	0.01825	0.00848	0.00253	0.00378	0.05064	0.00679	0.00594
10	0.01449	0.01422	0.02190	0.55874	0.17969	0.05885	0.01905	0.01878	0.01441	0.01841	0.01221	0.01762	0.00945	0.00670	0.00679	0.00220	0.00912	0.00598	0.00314	0.00827
11	0.02551	0.01140	0.01472	0.01182	0.01639	0.01051	0.00958	0.03061	0.11931	0.51710	0.10027	0.02840	0.05352	0.00955	0.00707	0.00216	0.00539	0.00791	0.00806	0.01072
12	0.01613	0.01344	0.02053	0.04931	0.35524	0.01347	0.02994	0.09711	0.01752	0.06040	0.04922	0.11391	0.09850	0.01019	0.00731	0.00220	0.00679	0.02446	0.00496	0.00936
13	0.01992	0.04887	0.05528	0.11079	0.20059	0.01664	0.13467	0.12407	0.01830	0.14633	0.01561	0.01794	0.01147	0.00713	0.00762	0.00215	0.04132	0.00643	0.00471	0.01016
14	0.01633	0.01319	0.01574	0.01620	0.09932	0.01440	0.01130	0.05738	0.40317	0.05847	0.12986	0.03184	0.04492	0.01028	0.00727	0.00229	0.00552	0.04603	0.00663	0.00985
15	0.01515	0.01762	0.08914	0.14337	0.18761	0.01592	0.33931	0.02025	0.01531	0.02102	0.01464	0.06144	0.01221	0.00700	0.00750	0.00226	0.00982	0.00774	0.00350	0.00918
16	0.01760	0.01796	0.02646	0.10342	0.54803	0.10418	0.04095	0.02148	0.01589	0.02120	0.01255	0.01654	0.01041	0.00627	0.00675	0.00203	0.00884	0.00595	0.00337	0.01013
17	0.06338	0.01171	0.01563	0.01204	0.01729	0.01028	0.00994	0.03278	0.01925	0.69257	0.02626	0.02277	0.01653	0.00838	0.00677	0.00212	0.00580	0.00675	0.00829	0.01146
18	0.01079	0.00884	0.01323	0.16093	0.01972	0.00924	0.05016	0.01413	0.04105	0.01974	0.13425	0.22558	0.07048	0.08780	0.01076	0.00294	0.00597	0.10241	0.00548	0.00651
19	0.00885	0.00637	0.00834	0.00972	0.01041	0.00601	0.00689	0.01032	0.01350	0.01776	0.03860	0.55652	0.08782	0.06547	0.01039	0.00304	0.00447	0.12368	0.00621	0.00561
20	0.01069	0.00761	0.00897	0.00842	0.01059	0.00687	0.00637	0.03712	0.01805	0.06079	0.36442	0.08475	0.31970	0.01515	0.00800	0.00224	0.00365	0.01299	0.00703	0.00661
21	0.10839	0.45035	0.05316	0.01333	0.01851	0.22136	0.01213	0.02239	0.01519	0.01811	0.00991	0.01149	0.00863	0.00626	0.00494	0.00164	0.00859	0.00392	0.00324	0.00844
22	0.80789	0.01323	0.01006	0.00900	0.01323	0.01535	0.00741	0.02011	0.01164	0.03070	0.00953	0.01111	0.00741	0.00635	0.00423	0.00212	0.00529	0.00370	0.00423	0.00741
23	0.02026	0.04059	0.06513	0.05747	0.38348	0.07235	0.01735	0.02489	0.05557	0.17127	0.01639	0.01813	0.01229	0.00691	0.00667	0.00205	0.00795	0.00608	0.00463	0.01054
24	0.00834	0.00595	0.00794	0.00953	0.00992	0.00556	0.00635	0.00953	0.01310	0.01746	0.03771	0.75510	0.04525	0.02143	0.00873	0.00278	0.00397	0.01945	0.00635	0.00556
25	0.01780	0.01905	0.02748	0.06943	0.35802	0.13777	0.14166	0.02152	0.01563	0.02038	0.01217	0.01627	0.01010	0.00692	0.00874	0.00216	0.09586	0.00616	0.00336	0.00949
26	0.00842	0.00862	0.04947	0.00768	0.01045	0.00638	0.00639	0.01052	0.01553	0.01867	0.06592	0.06279	0.67227	0.01668	0.00799	0.00230	0.00386	0.01388	0.00615	0.00603
27	0.00907	0.00696	0.00846	0.00918	0.01079	0.00634	0.00712	0.01120	0.01543	0.01965	0.11652	0.22688	0.31846	0.01836	0.00859	0.00262	0.00430	0.18767	0.00645	0.00593
28	0.01091	0.00827	0.00998	0.00966	0.01178	0.00799	0.00763	0.05405	0.05449	0.02500	0.35668	0.05607	0.20863	0.01511	0.00820	0.00238	0.00423	0.13521	0.00695	0.00680
29	0.01616	0.10879	0.50700	0.01847	0.02696	0.09682	0.04722	0.02295	0.03650	0.03949	0.01274	0.01458	0.00936	0.00660	0.00633	0.00206	0.00986	0.00509	0.00326	0.00976
30	0.10621	0.34826	0.14834	0.01422	0.02013	0.10483	0.04214	0.05993	0.01586	0.02124	0.05245	0.01476	0.01215	0.00678	0.00546	0.00180	0.00811	0.00484	0.00366	0.00880
31	0.11206	0.11825	0.10029	0.05461	0.18362	0.11762	0.02990	0.09285	0.03887	0.07056	0.01342	0.01529	0.01036	0.00678	0.00610	0.00198	0.00831	0.00530	0.00419	0.00963
32	0.16360	0.03292	0.01578	0.01352	0.04424	0.09189	0.01048	0.18049	0.03684	0.15721	0.01822	0.02101	0.01397	0.00820	0.00611	0.00202	0.00664	0.04503	0.09838	0.03346
33	0.06837	0.14102	0.09127	0.01578	0.03993	0.09220	0.05824	0.12064	0.15234	0.05547	0.01720	0.05545	0.01395	0.00798	0.00631	0.00201	0.00762	0.00638	0.00493	0.04293

[dist]
# distance from previous block
# <min> <max>
2	42

[block]
# block no. 3 follows, 31 sequences, length 20
# corresponding to MSA columns:
# 255-274
name=unknown_D
#
# <colnr> <probs for GDERKNQSTAVLIFYWHMCP>
#	G	D	E	R	K	N	Q	S	T	A	V	L	I	F	Y	W	H	M	C	P
0	0.01662	0.26167	0.06307	0.03378	0.07011	0.05229	0.03429	0.03835	0.01594	0.07589	0.12366	0.10665	0.02260	0.00966	0.00724	0.00202	0.04523	0.00780	0.00467	0.00846
1	0.13220	0.16924	0.02182	0.01795	0.15441	0.08027	0.01237	0.06758	0.04367	0.10028	0.01378	0.01507	0.01076	0.00654	0.00563	0.00177	0.00706	0.00495	0.00446	0.13019
2	0.13003	0.06551	0.06075	0.05036	0.13435	0.08345	0.03376	0.11076	0.09344	0.08876	0.03396	0.01749	0.01298	0.00725	0.00622	0.00200	0.00746	0.00577	0.00489	0.05082
3	0.01387	0.01214	0.01263	0.01292	0.05305	0.09005	0.00903	0.05115	0.11815	0.02036	0.07107	0.03909	0.07565	0.22002	0.09213	0.00441	0.00796	0.08411	0.00517	0.00704
4	0.01714	0.01564	0.02311	0.10389	0.43425	0.05006	0.01747	0.04379	0.09231	0.04828	0.07187	0.02077	0.01628	0.00736	0.00688	0.00209	0.00763	0.00673	0.00438	0.01007
5	0.01056	0.00774	0.01000	0.01004	0.01116	0.00851	0.00725	0.01412	0.08743	0.01727	0.02292	0.12763	0.02320	0.21678	0.35112	0.00745	0.01143	0.00959	0.03974	0.00608
6	0.00936	0.00709	0.00870	0.00861	0.01043	0.00643	0.00666	0.01211	0.01771	0.02372	0.42273	0.05914	0.26443	0.01568	0.00826	0.00233	0.00371	0.09968	0.00700	0.00622
7	0.02114	0.01634	0.01771	0.01411	0.01905	0.01752	0.01138	0.39857	0.18494	0.03513	0.01948	0.05537	0.01524	0.00863	0.00668	0.00199	0.00646	0.00686	0.00640	0.13699
8	0.01407	0.03328	0.64754	0.02197	0.10519	0.01593	0.02481	0.02159	0.01457	0.02174	0.01234	0.01472	0.00891	0.00646	0.00653	0.00215	0.00989	0.00517	0.00294	0.01019
9	0.01603	0.01529	0.02061	0.09226	0.31263	0.08232	0.01567	0.04194	0.07428	0.02293	0.12690	0.02664	0.02170	0.00900	0.00796	0.00220	0.04696	0.05094	0.00461	0.00911
10	0.01493	0.22856	0.54156	0.01743	0.02641	0.01885	0.02168	0.02135	0.01430	0.02019	0.01154	0.01352	0.00870	0.00633	0.00594	0.00198	0.00937	0.00468	0.00290	0.00976
11	0.00968	0.00693	0.00873	0.00873	0.00945	0.00726	0.00592	0.01079	0.01096	0.01482	0.02559	0.04035	0.09774	0.41145	0.29438	0.00780	0.01068	0.00946	0.00421	0.00506
12	0.00844	0.00614	0.00799	0.00943	0.01006	0.00569	0.00647	0.00978	0.01346	0.01771	0.04062	0.65717	0.10812	0.02092	0.00871	0.00275	0.00403	0.05054	0.00635	0.00561
13	0.01440	0.09496	0.02160	0.23912	0.15459	0.01488	0.05710	0.07179	0.01564	0.02067	0.01906	0.18827	0.01891	0.01036	0.00715	0.00227	0.00749	0.02921	0.00429	0.00825
14	0.01796	0.01972	0.02721	0.09695	0.25530	0.18166	0.18880	0.02182	0.01623	0.02015	0.01358	0.01943	0.01150	0.00720	0.00773	0.00216	0.03927	0.04071	0.00354	0.00908
15	0.01529	0.01562	0.01758	0.01565	0.01654	0.13007	0.01260	0.01703	0.01244	0.01698	0.01446	0.05483	0.03457	0.01694	0.11364	0.00378	0.43635	0.00687	0.04160	0.00717
16	0.10649	0.01218	0.01347	0.01153	0.01484	0.01287	0.00904	0.24607	0.03957	0.08347	0.18556	0.14028	0.03010	0.03367	0.00791	0.00233	0.00538	0.00963	0.02698	0.00861
17	0.05534	0.08316	0.01881	0.01926	0.19653	0.07216	0.01212	0.05345	0.05513	0.04786	0.09259	0.10316	0.05372	0.00946	0.00662	0.00197	0.00645	0.00803	0.00493	0.09925
18	0.05573	0.13453	0.07687	0.06942	0.06480	0.14210	0.01307	0.06836	0.03698	0.03985	0.01795	0.06660	0.03751	0.01078	0.03862	0.00241	0.00838	0.05254	0.00434	0.05918
19	0.04074	0.01486	0.11484	0.07206	0.01970	0.01226	0.01208	0.10850	0.07259	0.10469	0.09668	0.12807	0.02297	0.01217	0.04208	0.00254	0.00684	0.00853	0.00561	0.10218

[dist]
# distance from previous block
# <min> <max>
20	175

[block]
# block no. 4 follows, 31 sequences, length 27
# corresponding to MSA columns:
# 453-479
name=unknown_E
#
# <colnr> <probs for GDERKNQSTAVLIFYWHMCP>
#	G	D	E	R	K	N	Q	S	T	A	V	L	I	F	Y	W	H	M	C	P
0	0.07235	0.03753	0.01502	0.01219	0.01568	0.06317	0.02650	0.08623	0.09858	0.07356	0.08336	0.06796	0.14997	0.01089	0.00823	0.00213	0.07224	0.00859	0.00565	0.09016
1	0.07023	0.01755	0.17778	0.04202	0.01866	0.04663	0.01269	0.09244	0.03450	0.05836	0.06478	0.05293	0.06117	0.13580	0.03538	0.00320	0.03543	0.00773	0.00475	0.02797
2	0.01707	0.12625	0.04198	0.01323	0.01713	0.06182	0.03257	0.11642	0.14942	0.04876	0.02408	0.06261	0.08259	0.07595	0.00988	0.00252	0.03963	0.03271	0.00528	0.04011
3	0.07045	0.19345	0.05936	0.04738	0.04068	0.05426	0.07720	0.06341	0.01529	0.02116	0.04122	0.02098	0.01426	0.07002	0.00955	0.00233	0.06041	0.03716	0.00395	0.09747
4	0.04311	0.09360	0.07891	0.01948	0.13298	0.10685	0.08596	0.10009	0.01751	0.04359	0.03470	0.06565	0.06388	0.03341	0.00759	0.00216	0.00797	0.00728	0.00446	0.05083
5	0.01978	0.16742	0.02374	0.06256	0.14335	0.17369	0.03923	0.02319	0.04074	0.09954	0.01394	0.01617	0.01113	0.00919	0.04441	0.00234	0.03833	0.00539	0.00406	0.06181
6	0.01967	0.10179	0.05467	0.01574	0.05076	0.01751	0.04828	0.27971	0.02114	0.04660	0.01488	0.03640	0.01188	0.00763	0.00727	0.00186	0.05624	0.00589	0.03488	0.16720
7	0.01398	0.01114	0.01348	0.01486	0.09425	0.04246	0.01020	0.04465	0.12503	0.04794	0.13139	0.08761	0.05460	0.11191	0.01147	0.00301	0.00601	0.16237	0.00595	0.00768
8	0.00966	0.00693	0.00875	0.00833	0.00969	0.00646	0.00599	0.01226	0.01754	0.02455	0.56374	0.05061	0.08505	0.14592	0.01280	0.00295	0.00384	0.01203	0.00688	0.00602
9	0.01530	0.23568	0.44667	0.01851	0.02704	0.01917	0.10552	0.02137	0.01451	0.02015	0.01171	0.01399	0.00891	0.00623	0.00611	0.00199	0.00951	0.00505	0.00297	0.00963
10	0.01011	0.00708	0.00912	0.00938	0.01089	0.00631	0.00665	0.01204	0.01502	0.04823	0.19367	0.46141	0.07080	0.01739	0.00811	0.00241	0.00396	0.01557	0.00648	0.08537
11	0.00913	0.00638	0.00809	0.00887	0.00920	0.00632	0.00572	0.00999	0.01162	0.01562	0.02915	0.39263	0.03405	0.31747	0.09935	0.00522	0.00662	0.01434	0.00518	0.00506
12	0.01702	0.01470	0.01547	0.01392	0.01779	0.01702	0.01083	0.03635	0.70453	0.02862	0.02785	0.02553	0.02088	0.00928	0.00696	0.00232	0.00541	0.00773	0.00696	0.01083
13	0.01440	0.01410	0.02114	0.01868	0.05481	0.01799	0.07017	0.01660	0.01150	0.01748	0.01107	0.01697	0.01039	0.01623	0.11837	0.00389	0.50277	0.00624	0.00321	0.05399
14	0.01618	0.01689	0.05852	0.21267	0.48774	0.04844	0.02035	0.02045	0.01523	0.02086	0.01256	0.01693	0.01022	0.00634	0.00675	0.00209	0.00866	0.00597	0.00328	0.00987
15	0.80789	0.01323	0.01006	0.00900	0.01323	0.01535	0.00741	0.02011	0.01164	0.03070	0.00953	0.01111	0.00741	0.00635	0.00423	0.00212	0.00529	0.00370	0.00423	0.00741
16	0.01055	0.00709	0.00866	0.00859	0.01042	0.00629	0.00631	0.01270	0.01649	0.07947	0.26649	0.23843	0.26991	0.01659	0.00815	0.00237	0.00372	0.01446	0.00691	0.00643
17	0.00981	0.00717	0.01020	0.01020	0.01114	0.00812	0.00756	0.01171	0.01076	0.01529	0.01905	0.03091	0.01885	0.21097	0.57519	0.01001	0.01569	0.00792	0.00377	0.00567
18	0.00834	0.00595	0.00794	0.00953	0.00992	0.00556	0.00635	0.00953	0.01310	0.01746	0.03771	0.75510	0.04525	0.02143	0.00873	0.00278	0.00397	0.01945	0.00635	0.00556
19	0.02601	0.01916	0.02053	0.01574	0.02122	0.02122	0.01300	0.69408	0.03217	0.04312	0.01643	0.01643	0.01163	0.00821	0.00684	0.00205	0.00753	0.00616	0.00684	0.01163
20	0.01999	0.01544	0.01660	0.01419	0.01851	0.01742	0.01125	0.17958	0.50708	0.08318	0.02529	0.02337	0.01857	0.00899	0.00693	0.00225	0.00591	0.00733	0.00705	0.01106
21	0.01738	0.10294	0.06467	0.02315	0.02942	0.05182	0.42801	0.02455	0.11833	0.04722	0.01568	0.01837	0.01185	0.00649	0.00729	0.00218	0.00992	0.00718	0.00408	0.00948
22	0.01275	0.00638	0.00638	0.00638	0.00797	0.00638	0.00478	0.01594	0.01435	0.02551	0.02232	0.02551	0.01754	0.00797	0.00478	0.00159	0.00319	0.00638	0.79755	0.00638
23	0.05379	0.02002	0.01964	0.01555	0.02066	0.09546	0.01266	0.54935	0.08120	0.03879	0.01643	0.01649	0.01189	0.00810	0.00669	0.00205	0.00779	0.00601	0.00641	0.01103
24	0.01275	0.00638	0.00638	0.00638	0.00797	0.00638	0.00478	0.01594	0.01435	0.02551	0.02232	0.02551	0.01754	0.00797	0.00478	0.00159	0.00319	0.00638	0.79755	0.00638
25	0.01712	0.15603	0.29847	0.01874	0.10840	0.04930	0.01765	0.05650	0.01588	0.06088	0.01280	0.01460	0.00980	0.00634	0.00596	0.00182	0.00832	0.00491	0.00368	0.13280
26	0.01880	0.58806	0.12190	0.01296	0.01931	0.02442	0.01343	0.06065	0.01533	0.05501	0.01118	0.01238	0.00936	0.00621	0.00493	0.00162	0.00761	0.00415	0.00344	0.00927

[dist]
# distance from previous block
# <min> <max>
0	1

[block]
# block no. 5 follows, 31 sequences, length 38
# corresponding to MSA columns:
# 481-518
name=unknown_F
#
# <colnr> <probs for GDERKNQSTAVLIFYWHMCP>
#	G	D	E	R	K	N	Q	S	T	A	V	L	I	F	Y	W	H	M	C	P
0	0.02280	0.06413	0.02254	0.01864	0.04762	0.38156	0.08541	0.13016	0.01983	0.04732	0.01336	0.04129	0.01113	0.00789	0.00757	0.00199	0.05785	0.00583	0.00425	0.00883
1	0.01275	0.00638	0.00638	0.00638	0.00797	0.00638	0.00478	0.01594	0.01435	0.02551	0.02232	0.02551	0.01754	0.00797	0.00478	0.00159	0.00319	0.00638	0.79755	0.00638
2	0.06371	0.01406	0.02454	0.05051	0.02476	0.01286	0.29848	0.01919	0.01517	0.05239	0.05617	0.05675	0.01582	0.03468	0.00790	0.00210	0.00793	0.00743	0.00428	0.23127
3	0.01275	0.00638	0.00638	0.00638	0.00797	0.00638	0.00478	0.01594	0.01435	0.02551	0.02232	0.02551	0.01754	0.00797	0.00478	0.00159	0.00319	0.00638	0.79755	0.00638
4	0.01870	0.06599	0.01485	0.01169	0.01493	0.10753	0.00918	0.08887	0.01915	0.18652	0.20090	0.15163	0.05778	0.01198	0.00726	0.00214	0.00592	0.01004	0.00657	0.00838
5	0.02526	0.03199	0.01925	0.01750	0.02103	0.70730	0.01314	0.02763	0.04315	0.01716	0.01117	0.01279	0.00923	0.00713	0.00620	0.00178	0.01210	0.00452	0.00364	0.00803
6	0.01275	0.00638	0.00638	0.00638	0.00797	0.00638	0.00478	0.01594	0.01435	0.02551	0.02232	0.02551	0.01754	0.00797	0.00478	0.00159	0.00319	0.00638	0.79755	0.00638
7	0.00834	0.00595	0.00794	0.00953	0.00992	0.00556	0.00635	0.00953	0.01310	0.01746	0.03771	0.75510	0.04525	0.02143	0.00873	0.00278	0.00397	0.01945	0.00635	0.00556
8	0.00821	0.00672	0.00725	0.00758	0.00944	0.00576	0.00551	0.00989	0.01521	0.01865	0.09096	0.21828	0.53663	0.01809	0.00823	0.00241	0.00357	0.01546	0.00640	0.00576
9	0.01497	0.01497	0.02095	0.01796	0.01796	0.02095	0.01497	0.01646	0.01048	0.01646	0.00898	0.01497	0.00898	0.01197	0.02245	0.00299	0.74704	0.00599	0.00299	0.00748
10	0.01292	0.01216	0.02052	0.74312	0.04712	0.01520	0.01900	0.01748	0.01368	0.01748	0.01216	0.01824	0.00912	0.00684	0.00684	0.00228	0.00912	0.00608	0.00304	0.00760
11	0.02113	0.02615	0.11642	0.02464	0.22494	0.32821	0.01698	0.08902	0.04845	0.02208	0.01278	0.01492	0.01018	0.00691	0.00649	0.00195	0.01005	0.00530	0.00387	0.00955
12	0.01389	0.06289	0.69812	0.01921	0.02916	0.01631	0.02476	0.02162	0.01442	0.02146	0.01217	0.01431	0.00867	0.00648	0.00642	0.00214	0.01001	0.00500	0.00289	0.01006
13	0.01670	0.19797	0.44236	0.01717	0.02538	0.04997	0.03803	0.02300	0.03818	0.07144	0.01321	0.01469	0.00976	0.00659	0.00609	0.00199	0.00914	0.00501	0.00348	0.00982
14	0.01372	0.03539	0.72412	0.01950	0.02961	0.01589	0.02528	0.02167	0.01444	0.02167	0.01228	0.01444	0.00867	0.00650	0.00650	0.00217	0.01011	0.00506	0.00289	0.01011
15	0.00829	0.00612	0.00777	0.00909	0.00981	0.00559	0.00615	0.00958	0.01352	0.01764	0.04308	0.63802	0.15887	0.02074	0.00862	0.00270	0.00388	0.01860	0.00635	0.00559
16	0.02077	0.08135	0.22151	0.01718	0.02295	0.33755	0.01628	0.08461	0.09386	0.02172	0.01339	0.01465	0.01034	0.00716	0.00629	0.00194	0.01017	0.00506	0.00397	0.00926
17	0.02223	0.04493	0.02211	0.09556	0.06703	0.04986	0.06128	0.40081	0.05816	0.05678	0.01671	0.01937	0.01267	0.00809	0.00691	0.00212	0.00801	0.03116	0.00574	0.01048
18	0.00980	0.00721	0.01037	0.01037	0.01137	0.00821	0.00777	0.01181	0.01081	0.01542	0.01890	0.03005	0.01848	0.17687	0.60878	0.01022	0.01625	0.00779	0.00375	0.00576
19	0.00830	0.00681	0.00732	0.00747	0.00944	0.00582	0.00550	0.01013	0.01569	0.01937	0.13891	0.15672	0.54979	0.01750	0.00817	0.00235	0.00351	0.01487	0.00649	0.00582
20	0.01565	0.01824	0.10095	0.12060	0.11091	0.01672	0.31941	0.04616	0.06598	0.02217	0.01603	0.01966	0.03442	0.00714	0.00836	0.00229	0.05499	0.00727	0.00379	0.00927
21	0.09513	0.01831	0.08149	0.11580	0.11296	0.04028	0.36071	0.02173	0.01546	0.05234	0.01343	0.01723	0.01009	0.00621	0.00716	0.00222	0.00989	0.00677	0.00365	0.00916
22	0.02363	0.01739	0.01884	0.01491	0.01970	0.01911	0.01211	0.60214	0.02961	0.03967	0.01928	0.11563	0.01615	0.00999	0.00710	0.00215	0.00705	0.00794	0.00678	0.01082
23	0.70224	0.01496	0.01260	0.01084	0.01519	0.06771	0.04988	0.02075	0.01248	0.02914	0.00987	0.01165	0.00769	0.00637	0.00461	0.00210	0.00619	0.00402	0.00413	0.00756
24	0.01034	0.00852	0.01305	0.01110	0.01352	0.00782	0.09837	0.01371	0.01844	0.02552	0.53463	0.04866	0.14272	0.01332	0.00807	0.00219	0.00437	0.01207	0.00683	0.00674
25	0.01419	0.01216	0.01419	0.01013	0.01621	0.00912	0.00811	0.01723	0.01419	0.02229	0.01216	0.01419	0.01013	0.00507	0.00507	0.00101	0.00507	0.00405	0.00405	0.80139
26	0.00853	0.00609	0.00816	0.00975	0.01023	0.00573	0.00669	0.00986	0.01329	0.01768	0.03760	0.70568	0.04482	0.02125	0.00878	0.00281	0.00414	0.06693	0.00635	0.00561
27	0.01748	0.01453	0.01567	0.01426	0.04072	0.01626	0.01082	0.15394	0.46452	0.02973	0.03080	0.02897	0.11194	0.01006	0.00708	0.00226	0.00563	0.00829	0.00674	0.01030
28	0.02447	0.02840	0.04327	0.01717	0.02118	0.49892	0.01357	0.16878	0.04667	0.02294	0.01244	0.01388	0.00986	0.00758	0.00708	0.00191	0.04370	0.00499	0.00431	0.00888
29	0.00908	0.00656	0.00854	0.00927	0.01027	0.00612	0.00666	0.01109	0.01537	0.02083	0.25622	0.39324	0.08897	0.05143	0.00971	0.00276	0.00404	0.07737	0.00663	0.00587
30	0.60493	0.09864	0.01504	0.01076	0.01515	0.01723	0.03300	0.04593	0.03628	0.02860	0.01054	0.01219	0.00834	0.00665	0.00525	0.00209	0.03310	0.00417	0.00420	0.00791
31	0.04785	0.02664	0.31529	0.01673	0.02348	0.12482	0.01736	0.21304	0.02004	0.02709	0.01487	0.06632	0.01210	0.00806	0.00657	0.00207	0.00893	0.00619	0.00445	0.03811
32	0.17311	0.06414	0.04211	0.01205	0.01722	0.01350	0.01035	0.10457	0.01854	0.38797	0.02063	0.04618	0.01449	0.00815	0.00620	0.00205	0.00608	0.00628	0.00667	0.03970
33	0.01651	0.09863	0.06828	0.10506	0.10195	0.01811	0.20065	0.06904	0.08870	0.02245	0.01404	0.01722	0.01105	0.00714	0.00845	0.00216	0.08698	0.00636	0.00390	0.05332
34	0.01110	0.00938	0.01133	0.08927	0.04166	0.03481	0.00885	0.04279	0.04067	0.02089	0.13604	0.23050	0.22511	0.01621	0.02564	0.00261	0.00537	0.03512	0.00593	0.00674
35	0.01828	0.04262	0.04361	0.01767	0.13136	0.03875	0.01222	0.13032	0.16574	0.10041	0.02217	0.13107	0.01954	0.05594	0.00867	0.00244	0.00656	0.00852	0.00573	0.03837
36	0.01836	0.14021	0.02024	0.01426	0.01800	0.14094	0.04046	0.04077	0.15727	0.07231	0.01769	0.05747	0.01507	0.02988	0.06250	0.00280	0.07626	0.00662	0.00474	0.06415
37	0.01788	0.04281	0.06296	0.01780	0.11233	0.03148	0.07270	0.04213	0.13596	0.13010	0.04575	0.04618	0.04136	0.00808	0.00665	0.00194	0.00671	0.00706	0.00532	0.16481

[dist]
# distance from previous block
# <min> <max>
3	48

[block]
# block no. 6 follows, 31 sequences, length 100
# corresponding to MSA columns:
# 571-670
name=unknown_G
#
# <colnr> <probs for GDERKNQSTAVLIFYWHMCP>
#	G	D	E	R	K	N	Q	S	T	A	V	L	I	F	Y	W	H	M	C	P
0	0.01831	0.10336	0.05905	0.03475	0.04798	0.01657	0.01216	0.22212	0.08218	0.04792	0.01940	0.02240	0.04113	0.01068	0.04221	0.00245	0.04495	0.03315	0.08729	0.05193
1	0.04808	0.06857	0.01719	0.07399	0.01975	0.12391	0.01117	0.10733	0.18119	0.07124	0.02105	0.05666	0.04139	0.00887	0.00647	0.00201	0.00697	0.02164	0.02929	0.08324
2	0.06126	0.04702	0.07054	0.01500	0.08112	0.06503	0.01149	0.06324	0.10145	0.12740	0.05277	0.05262	0.07874	0.03957	0.02955	0.00247	0.00688	0.00749	0.00544	0.08093
3	0.09140	0.10364	0.08145	0.01250	0.01676	0.08057	0.01097	0.14777	0.08015	0.02611	0.10887	0.07568	0.11621	0.01043	0.00667	0.00209	0.00646	0.00829	0.00547	0.00851
4	0.01261	0.00639	0.00643	0.00643	0.00794	0.00639	0.00475	0.01564	0.01412	0.02488	0.02228	0.02649	0.01791	0.04632	0.00632	0.00185	0.00336	0.00656	0.75706	0.00626
5	0.01639	0.01494	0.04036	0.04582	0.30222	0.06585	0.03522	0.06154	0.01701	0.06755	0.06369	0.11843	0.06562	0.01029	0.00733	0.00222	0.00722	0.04434	0.00489	0.00906
6	0.01508	0.03761	0.01115	0.03969	0.01268	0.00897	0.04146	0.04352	0.01549	0.08090	0.02111	0.02375	0.01620	0.00778	0.00527	0.00171	0.00440	0.00638	0.59958	0.00729
7	0.01876	0.05403	0.08295	0.01559	0.05686	0.04463	0.01277	0.21004	0.22255	0.02916	0.02022	0.02027	0.04325	0.00799	0.00647	0.00195	0.00680	0.00635	0.00556	0.13379
8	0.01796	0.03435	0.01583	0.01150	0.01680	0.01160	0.00933	0.09976	0.01690	0.13072	0.01601	0.05384	0.01306	0.00716	0.00656	0.00150	0.04129	0.00561	0.00509	0.48510
9	0.07828	0.11921	0.22903	0.01471	0.02008	0.05008	0.03965	0.02011	0.05034	0.04557	0.08358	0.02561	0.08336	0.00934	0.00796	0.00219	0.07317	0.03484	0.00437	0.00853
10	0.01932	0.20111	0.15826	0.01544	0.02056	0.23304	0.01442	0.08708	0.05019	0.02053	0.01374	0.05071	0.01204	0.03823	0.00781	0.00212	0.03707	0.00569	0.00389	0.00876
11	0.01275	0.00638	0.00638	0.00638	0.00797	0.00638	0.00478	0.01594	0.01435	0.02551	0.02232	0.02551	0.01754	0.00797	0.00478	0.00159	0.00319	0.00638	0.79755	0.00638
12	0.01597	0.08375	0.11975	0.01603	0.02076	0.08219	0.11492	0.04858	0.14454	0.04245	0.05136	0.09942	0.04398	0.01160	0.03414	0.00256	0.00814	0.04610	0.00500	0.00876
13	0.01468	0.00820	0.00854	0.00796	0.01017	0.00850	0.00612	0.05361	0.09409	0.05650	0.02285	0.02495	0.01759	0.00815	0.00523	0.00172	0.00378	0.00654	0.63344	0.00738
14	0.05188	0.28941	0.04580	0.01583	0.05920	0.06074	0.09142	0.02179	0.04786	0.08141	0.01446	0.04153	0.01236	0.03752	0.00742	0.00202	0.02886	0.00578	0.00406	0.08065
15	0.15712	0.34439	0.04539	0.04049	0.01971	0.10911	0.04644	0.09552	0.01630	0.02228	0.01190	0.04147	0.01037	0.00701	0.00536	0.00182	0.00783	0.00500	0.00383	0.00864
16	0.01285	0.00674	0.00699	0.00687	0.00839	0.00699	0.00521	0.01596	0.01418	0.02512	0.02175	0.02506	0.01717	0.00814	0.00553	0.00165	0.03463	0.00636	0.76396	0.00642
17	0.01284	0.07777	0.08209	0.01093	0.01392	0.01083	0.00916	0.05043	0.07316	0.04611	0.05706	0.24755	0.07717	0.14267	0.01206	0.00301	0.00569	0.01137	0.00541	0.05077
18	0.01376	0.13514	0.09075	0.01086	0.01463	0.01230	0.00978	0.06617	0.04233	0.06345	0.16637	0.10107	0.18515	0.04834	0.00845	0.00235	0.00547	0.01019	0.00573	0.00773
19	0.01497	0.01497	0.02095	0.01796	0.01796	0.02095	0.01497	0.01646	0.01048	0.01646	0.00898	0.01497	0.00898	0.01197	0.02245	0.00299	0.74704	0.00599	0.00299	0.00748
20	0.03945	0.01265	0.01441	0.01092	0.01638	0.01084	0.00869	0.06917	0.08422	0.04526	0.01562	0.05119	0.01312	0.00664	0.00559	0.00137	0.00526	0.00539	0.00479	0.57904
21	0.03941	0.04793	0.15566	0.01634	0.07538	0.01457	0.03998	0.02592	0.24160	0.08913	0.02368	0.02357	0.07281	0.00832	0.00658	0.00208	0.00665	0.00694	0.02591	0.07752
22	0.01518	0.09325	0.60431	0.01871	0.02787	0.08272	0.02308	0.02209	0.01486	0.02077	0.01190	0.01397	0.00869	0.00650	0.00630	0.00207	0.01009	0.00488	0.00295	0.00980
23	0.00986	0.00870	0.00901	0.00886	0.01079	0.04660	0.00672	0.01191	0.01614	0.02016	0.19378	0.11641	0.42014	0.01622	0.00878	0.00236	0.03995	0.04122	0.00628	0.00612
24	0.00886	0.00691	0.00797	0.00790	0.00972	0.00611	0.00586	0.01111	0.01670	0.02173	0.31307	0.10027	0.38126	0.04380	0.00914	0.00246	0.00359	0.03085	0.00672	0.00598
25	0.01989	0.01533	0.01703	0.01289	0.01850	0.01495	0.01047	0.30508	0.08320	0.05115	0.01577	0.01639	0.01191	0.00686	0.00604	0.00160	0.00616	0.00535	0.00561	0.37584
26	0.00993	0.00680	0.00810	0.00851	0.00890	0.00672	0.00557	0.01064	0.01143	0.01506	0.02719	0.11414	0.05320	0.54030	0.02719	0.00554	0.00623	0.12506	0.00479	0.00470
27	0.02135	0.11389	0.19656	0.01785	0.02362	0.37410	0.05245	0.08404	0.01851	0.02050	0.01157	0.01340	0.00911	0.00681	0.00621	0.00188	0.01075	0.00483	0.00359	0.00896
28	0.01686	0.05349	0.05320	0.23935	0.37017	0.08026	0.01911	0.04899	0.01594	0.02099	0.01242	0.01649	0.01001	0.00649	0.00662	0.00206	0.00880	0.00578	0.00340	0.00955
29	0.00865	0.00654	0.00739	0.00791	0.00899	0.00593	0.00529	0.00976	0.01331	0.01679	0.04661	0.28241	0.31801	0.21312	0.01530	0.00359	0.00446	0.01488	0.00577	0.00528
30	0.00891	0.00645	0.00809	0.00878	0.00953	0.00617	0.00593	0.01023	0.01316	0.01752	0.10295	0.37866	0.12574	0.18359	0.07823	0.00422	0.00568	0.01497	0.00575	0.00541
31	0.00903	0.00647	0.00795	0.00870	0.00931	0.00622	0.00578	0.01005	0.01234	0.01621	0.03520	0.35582	0.12449	0.26938	0.06263	0.00453	0.00578	0.03948	0.00544	0.00518
32	0.01455	0.01358	0.01710	0.04266	0.04329	0.08119	0.03535	0.06606	0.01374	0.01866	0.01492	0.02268	0.01388	0.05876	0.28123	0.00585	0.21960	0.02582	0.00376	0.00733
33	0.80789	0.01323	0.01006	0.00900	0.01323	0.01535	0.00741	0.02011	0.01164	0.03070	0.00953	0.01111	0.00741	0.00635	0.00423	0.00212	0.00529	0.00370	0.00423	0.00741
34	0.00836	0.00642	0.00766	0.00846	0.00969	0.00572	0.00592	0.00994	0.01460	0.01874	0.10967	0.43077	0.30106	0.01921	0.00843	0.00254	0.00371	0.01692	0.00646	0.00572
35	0.00862	0.00619	0.00799	0.00911	0.00972	0.00577	0.00612	0.00999	0.01375	0.01841	0.12135	0.57367	0.08189	0.08022	0.01073	0.00299	0.00407	0.01754	0.00632	0.00556
36	0.02385	0.02977	0.01964	0.01768	0.02064	0.61780	0.01350	0.02557	0.01796	0.01670	0.01032	0.01276	0.00884	0.00784	0.00879	0.00196	0.13042	0.00466	0.00344	0.00786
37	0.01357	0.00946	0.01131	0.01061	0.01295	0.00978	0.00811	0.03688	0.17836	0.08317	0.19408	0.10140	0.08567	0.07448	0.07410	0.00343	0.00595	0.05193	0.02704	0.00771
38	0.01646	0.01529	0.01880	0.12517	0.17328	0.07210	0.01344	0.07131	0.08632	0.02321	0.01632	0.01855	0.03863	0.00685	0.00623	0.00174	0.00707	0.00576	0.00431	0.27915
39	0.00878	0.00601	0.00799	0.00931	0.00964	0.00567	0.00614	0.00950	0.01248	0.01664	0.03416	0.63480	0.04071	0.07893	0.01236	0.07392	0.00435	0.01751	0.00588	0.00522
40	0.07978	0.01575	0.02231	0.17426	0.36778	0.05263	0.01733	0.02323	0.13592	0.02285	0.01497	0.01800	0.01188	0.00687	0.00659	0.00213	0.00784	0.00610	0.00402	0.00976
41	0.01400	0.01322	0.02184	0.46612	0.16183	0.01454	0.05200	0.01830	0.01423	0.01933	0.01237	0.01738	0.00965	0.00637	0.00661	0.00204	0.00843	0.00587	0.00328	0.13258
42	0.01766	0.01649	0.02719	0.03990	0.66131	0.01665	0.02036	0.07477	0.01690	0.02401	0.01315	0.01689	0.01090	0.00626	0.00678	0.00203	0.00808	0.00610	0.00366	0.01090
43	0.01791	0.01465	0.01575	0.01391	0.01782	0.01657	0.01109	0.16407	0.47993	0.03036	0.02782	0.03014	0.04469	0.01028	0.00722	0.00235	0.00585	0.07235	0.00685	0.01037
44	0.01210	0.01022	0.01350	0.01303	0.04760	0.04809	0.07098	0.03459	0.01716	0.04164	0.25341	0.19212	0.15002	0.01452	0.00806	0.00235	0.00530	0.05206	0.00624	0.00699
45	0.00809	0.00693	0.00693	0.00693	0.00924	0.00578	0.00520	0.00982	0.01559	0.01848	0.06931	0.06584	0.71411	0.01733	0.00809	0.00231	0.00347	0.01444	0.00635	0.00578
46	0.01709	0.01788	0.02659	0.03163	0.38880	0.11600	0.14037	0.02084	0.01606	0.02125	0.05219	0.05375	0.01498	0.00762	0.00785	0.00213	0.04453	0.00720	0.00377	0.00948
47	0.01004	0.00746	0.01046	0.01034	0.01118	0.00856	0.00763	0.01178	0.01069	0.01520	0.01880	0.03120	0.01886	0.24079	0.51416	0.00948	0.04597	0.00798	0.00377	0.00564
