[name]
unknown

[dist]
# distance from previous block
# <min> <max>
0	42

[block]
# block no. 0 follows, 34 sequences, length 34
# corresponding to MSA columns:
# 42-75
name=unknown_A
#
# <colnr> <probs for GDERKNQSTAVLIFYWHMCP>
#	G	D	E	R	K	N	Q	S	T	A	V	L	I	F	Y	W	H	M	C	P
0	0.03522	0.07474	0.06805	0.08270	0.02025	0.03342	0.01213	0.25874	0.10560	0.04736	0.04586	0.02433	0.04825	0.00873	0.00643	0.00200	0.00664	0.06478	0.00533	0.04943
1	0.01573	0.15112	0.20614	0.02021	0.16087	0.03451	0.06459	0.07307	0.10354	0.02154	0.01472	0.01878	0.01218	0.04034	0.00730	0.00214	0.00785	0.03239	0.00382	0.00916
2	0.03756	0.01560	0.11424	0.01307	0.05176	0.08967	0.01092	0.06652	0.07402	0.05934	0.21422	0.02954	0.10329	0.00950	0.00657	0.00191	0.00592	0.00784	0.00534	0.08315
3	0.00832	0.00650	0.00750	0.00772	0.00900	0.00601	0.00545	0.00978	0.01372	0.01756	0.13560	0.23037	0.35481	0.12289	0.01171	0.00286	0.02539	0.01373	0.00576	0.00532
4	0.01513	0.01447	0.03992	0.15910	0.34890	0.01501	0.05374	0.06779	0.07769	0.02230	0.07493	0.01960	0.01504	0.00716	0.00724	0.00205	0.04032	0.00648	0.00398	0.00915
5	0.00911	0.00626	0.00711	0.00719	0.00749	0.00611	0.00426	0.00949	0.01052	0.01390	0.05870	0.09661	0.09296	0.61244	0.02757	0.00542	0.00565	0.01055	0.00441	0.00426
6	0.01309	0.01271	0.02000	0.65491	0.11065	0.04646	0.01789	0.01724	0.01333	0.01693	0.01148	0.01686	0.00876	0.00640	0.00643	0.00211	0.00865	0.00567	0.00292	0.00749
7	0.02899	0.01100	0.01499	0.01150	0.01649	0.00950	0.00950	0.03149	0.01849	0.73709	0.02549	0.02199	0.01599	0.00800	0.00650	0.00200	0.00550	0.00650	0.00800	0.01100
8	0.81856	0.01250	0.00950	0.00850	0.01250	0.01449	0.00700	0.01899	0.01100	0.02899	0.00900	0.01050	0.00700	0.00600	0.00400	0.00200	0.00500	0.00350	0.00400	0.00700
9	0.00960	0.00781	0.00963	0.01051	0.06782	0.00732	0.00716	0.01308	0.06371	0.02140	0.29166	0.05113	0.33524	0.02925	0.00804	0.00223	0.00387	0.04800	0.00616	0.00638
10	0.02037	0.00920	0.01107	0.00922	0.01256	0.00874	0.00738	0.05847	0.04928	0.34094	0.02299	0.02273	0.01617	0.00780	0.00559	0.00178	0.00442	0.00628	0.37634	0.00867
11	0.01568	0.30398	0.25972	0.01811	0.08498	0.01935	0.09873	0.04305	0.06246	0.01969	0.01198	0.01385	0.00947	0.00603	0.00564	0.00181	0.00819	0.00491	0.00323	0.00914
12	0.00929	0.00667	0.00909	0.00909	0.00980	0.00738	0.00647	0.01071	0.01000	0.01404	0.01849	0.03192	0.01899	0.32848	0.47118	0.00879	0.01304	0.00788	0.00364	0.00505
13	0.01876	0.57279	0.05560	0.01261	0.01780	0.17946	0.01185	0.03681	0.01466	0.01611	0.00944	0.01088	0.00836	0.00584	0.00463	0.00148	0.00802	0.00371	0.00297	0.00823
14	0.01300	0.03136	0.67130	0.01759	0.02678	0.01441	0.02235	0.02007	0.01362	0.02052	0.01158	0.01362	0.00832	0.00601	0.00601	0.00194	0.00910	0.00469	0.00283	0.08491
15	0.01609	0.12221	0.36589	0.01516	0.02195	0.03688	0.01679	0.11084	0.07421	0.06174	0.08285	0.01804	0.01501	0.00728	0.00611	0.00194	0.00775	0.00569	0.00425	0.00931
16	0.02115	0.01641	0.01747	0.01418	0.01874	0.01845	0.01146	0.43948	0.30752	0.03523	0.01984	0.01896	0.01449	0.00816	0.00651	0.00204	0.00631	0.00641	0.00651	0.01068
17	0.05858	0.01498	0.02384	0.16744	0.54681	0.03813	0.01857	0.01937	0.01430	0.02053	0.01180	0.01578	0.00971	0.00593	0.00626	0.00196	0.00783	0.00558	0.00319	0.00942
18	0.00993	0.00994	0.04770	0.01094	0.01326	0.04156	0.07218	0.01267	0.03441	0.01849	0.09387	0.30687	0.24425	0.01539	0.00772	0.00233	0.00500	0.04173	0.00556	0.00619
19	0.01204	0.00602	0.00602	0.00602	0.00753	0.00602	0.00452	0.01506	0.01355	0.02409	0.02108	0.02409	0.01656	0.00753	0.00452	0.00151	0.00301	0.00602	0.80879	0.00602
20	0.01656	0.01444	0.01484	0.01310	0.01658	0.04970	0.01026	0.10535	0.51466	0.02700	0.05805	0.02519	0.05533	0.00925	0.00724	0.00216	0.03696	0.00745	0.00625	0.00962
21	0.01467	0.01144	0.01353	0.00973	0.01541	0.00869	0.00781	0.01751	0.01381	0.07924	0.01262	0.01410	0.01009	0.00505	0.00492	0.00104	0.00484	0.00405	0.00417	0.74730
22	0.01185	0.01163	0.04420	0.01802	0.20950	0.05150	0.01102	0.01535	0.05592	0.01989	0.12240	0.25043	0.12684	0.01276	0.00725	0.00219	0.00544	0.01134	0.00512	0.00736
23	0.01845	0.01181	0.01482	0.01086	0.01638	0.00961	0.02793	0.05288	0.01570	0.22796	0.01574	0.01608	0.01149	0.00586	0.00543	0.00134	0.00527	0.00479	0.00513	0.52244
24	0.03330	0.00732	0.00905	0.00861	0.01069	0.00682	0.00680	0.01481	0.01649	0.10793	0.33675	0.04658	0.13747	0.01278	0.00718	0.00212	0.00385	0.11217	0.11268	0.00658
25	0.06768	0.01648	0.03268	0.02976	0.24314	0.01592	0.45563	0.02032	0.01481	0.02136	0.01253	0.01655	0.00975	0.00558	0.00702	0.00209	0.00954	0.00679	0.00329	0.00906
26	0.81856	0.01250	0.00950	0.00850	0.01250	0.01449	0.00700	0.01899	0.01100	0.02899	0.00900	0.01050	0.00700	0.00600	0.00400	0.00200	0.00500	0.00350	0.00400	0.00700
27	0.01429	0.02479	0.44192	0.05709	0.04276	0.01433	0.04478	0.05354	0.09334	0.05160	0.01631	0.04871	0.01309	0.00780	0.00654	0.00214	0.00829	0.04554	0.00390	0.00923
28	0.00795	0.00656	0.00698	0.00687	0.00892	0.00559	0.00516	0.00988	0.01547	0.01921	0.20312	0.05930	0.59124	0.01571	0.00763	0.00215	0.00323	0.01323	0.00623	0.00559
29	0.01479	0.01681	0.13136	0.06072	0.09280	0.04619	0.05220	0.07481	0.19916	0.02391	0.13557	0.02435	0.04351	0.00866	0.00744	0.00210	0.04460	0.00726	0.00495	0.00880
30	0.00826	0.00662	0.00745	0.00763	0.00951	0.00581	0.00587	0.01029	0.01524	0.01911	0.17461	0.09662	0.49152	0.01620	0.00783	0.00228	0.00360	0.09974	0.00619	0.00562
31	0.01670	0.05360	0.02724	0.07247	0.49090	0.01588	0.12288	0.04912	0.01545	0.05466	0.01286	0.01625	0.01028	0.00592	0.00648	0.00195	0.00805	0.00596	0.00353	0.00981
32	0.01488	0.01159	0.01422	0.01121	0.04201	0.00945	0.00857	0.01768	0.01388	0.08814	0.03237	0.01530	0.01155	0.00569	0.00593	0.00122	0.04396	0.00446	0.00423	0.64365
33	0.02333	0.02262	0.01826	0.01531	0.01918	0.33564	0.01209	0.31215	0.02261	0.05336	0.01321	0.01431	0.01006	0.00752	0.00713	0.00187	0.06083	0.00512	0.03641	0.00900

[dist]
# distance from previous block
# <min> <max>
1	14

[block]
# block no. 1 follows, 34 sequences, length 16
# corresponding to MSA columns:
# 90-105
name=unknown_B
#
# <colnr> <probs for GDERKNQSTAVLIFYWHMCP>
#	G	D	E	R	K	N	Q	S	T	A	V	L	I	F	Y	W	H	M	C	P
0	0.01498	0.17972	0.45834	0.01643	0.02425	0.01666	0.06030	0.04361	0.01451	0.05840	0.01449	0.01593	0.04172	0.00659	0.00592	0.00192	0.00851	0.00521	0.00333	0.00918
1	0.01978	0.08334	0.34615	0.01490	0.02195	0.01429	0.01637	0.06636	0.05528	0.27238	0.01729	0.01699	0.01173	0.00698	0.00615	0.00198	0.00753	0.00547	0.00501	0.01008
2	0.01162	0.01460	0.20344	0.01375	0.01755	0.00947	0.06362	0.01532	0.01395	0.05835	0.02670	0.28147	0.02823	0.01411	0.00774	0.00250	0.00650	0.19891	0.00504	0.00714
3	0.71254	0.04081	0.01134	0.00921	0.01337	0.01543	0.00766	0.08605	0.01295	0.02963	0.00963	0.01098	0.00743	0.00615	0.00424	0.00197	0.00527	0.00372	0.00419	0.00743
4	0.00925	0.00620	0.00709	0.00724	0.00727	0.00617	0.00412	0.00936	0.00968	0.01291	0.02184	0.11265	0.02535	0.70001	0.03050	0.00591	0.00602	0.01027	0.00412	0.00404
5	0.01006	0.00634	0.00934	0.00934	0.00994	0.00694	0.00677	0.01011	0.00951	0.01328	0.01504	0.02427	0.01467	0.09055	0.40028	0.33764	0.01172	0.00657	0.00323	0.00442
6	0.01689	0.61876	0.15039	0.01245	0.01863	0.02356	0.01324	0.05106	0.01400	0.01724	0.00971	0.01114	0.00840	0.00573	0.00458	0.00152	0.00736	0.00378	0.00293	0.00862
7	0.00920	0.00618	0.00711	0.00730	0.00735	0.00613	0.00419	0.00934	0.00979	0.01305	0.02237	0.13789	0.02602	0.67386	0.02964	0.00579	0.00593	0.01058	0.00419	0.00409
8	0.01247	0.03982	0.33427	0.01797	0.04703	0.01338	0.16544	0.01762	0.01429	0.01997	0.06810	0.05016	0.12299	0.00868	0.00743	0.00213	0.03853	0.00769	0.00376	0.00826
9	0.01122	0.00561	0.00842	0.00842	0.00842	0.00561	0.00561	0.00842	0.00842	0.01122	0.01122	0.01964	0.01122	0.02245	0.02525	0.81201	0.00561	0.00561	0.00281	0.00281
10	0.01607	0.01448	0.02172	0.27722	0.25633	0.03254	0.04454	0.15107	0.01728	0.02328	0.05206	0.01801	0.01252	0.00695	0.00693	0.00204	0.02800	0.00613	0.00393	0.00889
11	0.01528	0.01179	0.01373	0.01028	0.01564	0.00979	0.00821	0.02037	0.11751	0.09036	0.01499	0.01579	0.01167	0.00568	0.00521	0.00124	0.00490	0.00459	0.00463	0.61835
12	0.01241	0.01154	0.06116	0.04544	0.12009	0.01066	0.01108	0.01888	0.17543	0.04186	0.11213	0.16359	0.09929	0.01222	0.00726	0.00227	0.00535	0.07597	0.00556	0.00783
13	0.06205	0.17746	0.55783	0.01638	0.02481	0.01704	0.02036	0.02016	0.01338	0.01995	0.01093	0.01281	0.00813	0.00601	0.00562	0.00191	0.00876	0.00444	0.00281	0.00915
14	0.01507	0.04120	0.07064	0.13938	0.45554	0.01532	0.01799	0.02080	0.09565	0.02102	0.03576	0.01776	0.01246	0.00646	0.00637	0.00198	0.00747	0.00597	0.00361	0.00954
15	0.04021	0.01075	0.01222	0.01044	0.01389	0.01071	0.00813	0.04919	0.23709	0.04911	0.25643	0.04683	0.03086	0.00948	0.00647	0.00185	0.00441	0.00804	0.00608	0.18781

[dist]
# distance from previous block
# <min> <max>
1	8

[block]
# block no. 2 follows, 34 sequences, length 17
# corresponding to MSA columns:
# 114-130
name=unknown_C
#
# <colnr> <probs for GDERKNQSTAVLIFYWHMCP>
#	G	D	E	R	K	N	Q	S	T	A	V	L	I	F	Y	W	H	M	C	P
0	0.01612	0.15707	0.32196	0.01787	0.04581	0.03601	0.11244	0.11366	0.04736	0.02251	0.01249	0.01431	0.00943	0.00622	0.00600	0.00188	0.00855	0.00516	0.00355	0.04159
1	0.01604	0.01552	0.11637	0.01186	0.01747	0.04189	0.01072	0.02184	0.12332	0.11340	0.04219	0.01740	0.01362	0.00639	0.00562	0.00150	0.00583	0.00514	0.00473	0.40914
2	0.00773	0.00642	0.00676	0.00696	0.00886	0.00545	0.00511	0.00935	0.01453	0.01765	0.08727	0.16276	0.60534	0.01680	0.00772	0.00224	0.00333	0.01424	0.00604	0.00545
3	0.01945	0.02546	0.25868	0.01796	0.05186	0.16804	0.05586	0.25432	0.02038	0.02639	0.01269	0.01416	0.00937	0.00670	0.00624	0.00190	0.00903	0.00517	0.00419	0.03214
4	0.00810	0.00572	0.00743	0.00870	0.00902	0.00540	0.00569	0.00906	0.01192	0.01590	0.03332	0.65970	0.03985	0.13319	0.01194	0.00317	0.00413	0.01702	0.00569	0.00505
5	0.00792	0.00664	0.00694	0.00709	0.00920	0.00566	0.00547	0.00969	0.01474	0.01765	0.06229	0.06327	0.65991	0.01651	0.00777	0.00226	0.00354	0.08197	0.00600	0.00550
6	0.00787	0.00562	0.00750	0.00900	0.00937	0.00525	0.00600	0.00900	0.01237	0.01649	0.03561	0.76871	0.04274	0.02024	0.00825	0.00262	0.00375	0.01837	0.00600	0.00525
7	0.00773	0.00655	0.00667	0.00664	0.00878	0.00549	0.00498	0.00945	0.01495	0.01798	0.10635	0.06133	0.68878	0.01617	0.00764	0.00217	0.00326	0.01352	0.00607	0.00549
8	0.01340	0.01148	0.01340	0.00957	0.01531	0.00861	0.00766	0.01627	0.01340	0.02105	0.01148	0.01340	0.00957	0.00479	0.00479	0.00096	0.00479	0.00383	0.00383	0.81242
9	0.68150	0.14323	0.01366	0.00893	0.01319	0.01639	0.00769	0.01905	0.01136	0.02663	0.00899	0.01047	0.00722	0.00592	0.00402	0.00189	0.00533	0.00349	0.00379	0.00722
10	0.01455	0.10603	0.55935	0.01702	0.02539	0.01655	0.02069	0.07700	0.06437	0.02202	0.01267	0.01419	0.00923	0.00639	0.00599	0.00198	0.00878	0.00490	0.00330	0.00959
11	0.01607	0.01388	0.01461	0.01315	0.01680	0.01607	0.01023	0.03433	0.72094	0.02703	0.02630	0.02411	0.01972	0.00877	0.00657	0.00219	0.00511	0.00731	0.00657	0.01023
12	0.01347	0.01168	0.01854	0.06480	0.24044	0.02589	0.08314	0.01710	0.03396	0.04625	0.10932	0.14044	0.02470	0.01051	0.00757	0.00220	0.02874	0.07643	0.03692	0.00791
13	0.01123	0.00568	0.00812	0.00812	0.00827	0.00568	0.00543	0.00913	0.00898	0.01257	0.01262	0.02109	0.01230	0.05404	0.02350	0.69496	0.00538	0.00582	0.08391	0.00318
14	0.00971	0.00697	0.00853	0.00813	0.00995	0.00640	0.00609	0.01287	0.04424	0.04977	0.47339	0.09600	0.21565	0.01405	0.00758	0.00211	0.00332	0.01222	0.00679	0.00623
15	0.01513	0.06659	0.01995	0.04308	0.01948	0.01470	0.08898	0.08711	0.01445	0.02111	0.01118	0.01418	0.00935	0.00683	0.00921	0.00171	0.18614	0.00494	0.00368	0.36219
16	0.00812	0.00647	0.00728	0.00727	0.00907	0.00563	0.00538	0.01014	0.01558	0.01994	0.26518	0.12773	0.45782	0.01578	0.00769	0.00218	0.00325	0.01351	0.00634	0.00563

[dist]
# distance from previous block
# <min> <max>
0	1

[block]
# block no. 3 follows, 34 sequences, length 28
# corresponding to MSA columns:
# 132-159
name=unknown_D
#
# <colnr> <probs for GDERKNQSTAVLIFYWHMCP>
#	G	D	E	R	K	N	Q	S	T	A	V	L	I	F	Y	W	H	M	C	P
0	0.02456	0.01810	0.01939	0.01487	0.02004	0.02004	0.01228	0.71107	0.03038	0.04072	0.01551	0.01551	0.01099	0.00776	0.00646	0.00194	0.00711	0.00582	0.00646	0.01099
1	0.04744	0.01140	0.01221	0.01012	0.01348	0.01209	0.00812	0.26962	0.04305	0.10491	0.01926	0.02028	0.01424	0.00764	0.00548	0.00175	0.00490	0.00595	0.37955	0.00851
2	0.01568	0.01555	0.04791	0.03525	0.61730	0.01481	0.01851	0.02022	0.04691	0.02135	0.01273	0.01607	0.01055	0.00583	0.00626	0.00186	0.00738	0.00564	0.00339	0.07679
3	0.07490	0.08527	0.01856	0.01455	0.01860	0.32757	0.01152	0.18676	0.15558	0.02463	0.01427	0.01477	0.01105	0.00718	0.00586	0.00183	0.00849	0.00505	0.00469	0.00887
4	0.78620	0.01243	0.00972	0.00862	0.01266	0.01429	0.00710	0.01951	0.01130	0.05802	0.00967	0.01097	0.00737	0.00608	0.00410	0.00200	0.00502	0.00362	0.00416	0.00716
5	0.01220	0.01148	0.01938	0.75739	0.04450	0.01436	0.01794	0.01651	0.01292	0.01651	0.01148	0.01723	0.00861	0.00646	0.00646	0.00215	0.00861	0.00574	0.00287	0.00718
6	0.00879	0.00660	0.00806	0.00778	0.00942	0.00597	0.00583	0.01132	0.01683	0.02283	0.49529	0.05263	0.24063	0.04614	0.00873	0.00228	0.00334	0.03505	0.00664	0.00583
7	0.00991	0.00636	0.00737	0.00740	0.00761	0.00627	0.00433	0.01011	0.01002	0.03770	0.02214	0.11809	0.02526	0.66753	0.02939	0.00574	0.00597	0.01024	0.00427	0.00430
8	0.07421	0.00969	0.01137	0.00937	0.01290	0.00933	0.00755	0.08275	0.01702	0.34071	0.02174	0.02152	0.01519	0.00765	0.00553	0.00179	0.00460	0.00605	0.33231	0.00871
9	0.00786	0.00567	0.00745	0.00888	0.00934	0.00526	0.00595	0.00901	0.01248	0.01654	0.03698	0.73635	0.07421	0.02007	0.00822	0.00260	0.00373	0.01815	0.00600	0.00526
10	0.00858	0.00640	0.00798	0.00796	0.00940	0.00580	0.00583	0.01096	0.01640	0.02232	0.45587	0.19038	0.19787	0.01523	0.00775	0.00218	0.00323	0.01339	0.00666	0.00580
11	0.00939	0.00629	0.00718	0.00718	0.00722	0.00633	0.00408	0.00948	0.00943	0.01262	0.02024	0.04163	0.02320	0.74471	0.06071	0.00642	0.00669	0.00930	0.00390	0.00399
12	0.02456	0.01810	0.01939	0.01487	0.02004	0.02004	0.01228	0.71107	0.03038	0.04072	0.01551	0.01551	0.01099	0.00776	0.00646	0.00194	0.00711	0.00582	0.00646	0.01099
13	0.02393	0.01779	0.01904	0.01474	0.01980	0.01974	0.01213	0.66101	0.08147	0.03971	0.01631	0.01615	0.01163	0.00783	0.00647	0.00196	0.00696	0.00593	0.00647	0.01093
14	0.24117	0.10604	0.03796	0.01386	0.01778	0.44764	0.01115	0.02309	0.01561	0.01950	0.00965	0.01125	0.00795	0.00634	0.00515	0.00174	0.00926	0.00392	0.00344	0.00750
15	0.01362	0.02881	0.53707	0.02096	0.02964	0.01539	0.22162	0.02053	0.01411	0.02053	0.01202	0.01473	0.00865	0.00594	0.00657	0.00208	0.00994	0.00560	0.00288	0.00931
16	0.01485	0.01425	0.02447	0.21041	0.47709	0.01494	0.06276	0.01931	0.03552	0.02009	0.01319	0.01847	0.01098	0.00639	0.00658	0.00203	0.00797	0.02812	0.00331	0.00926
17	0.00975	0.00724	0.01078	0.01060	0.01156	0.00856	0.00820	0.01147	0.01015	0.01464	0.01610	0.02406	0.01514	0.04335	0.62495	0.09432	0.06353	0.00670	0.00335	0.00554
18	0.00920	0.00624	0.00716	0.00736	0.00753	0.00616	0.00435	0.00946	0.01007	0.01333	0.02419	0.11795	0.05551	0.64364	0.02866	0.00563	0.00587	0.02924	0.00427	0.00417
19	0.00940	0.00626	0.00705	0.00705	0.00705	0.00626	0.00392	0.00940	0.00940	0.01253	0.02036	0.04228	0.02349	0.77292	0.03289	0.00626	0.00626	0.00940	0.00392	0.00392
20	0.01122	0.00561	0.00842	0.00842	0.00842	0.00561	0.00561	0.00842	0.00842	0.01122	0.01122	0.01964	0.01122	0.02245	0.02525	0.81201	0.00561	0.00561	0.00281	0.00281
21	0.00842	0.00599	0.00804	0.00948	0.01005	0.00571	0.00676	0.00985	0.01274	0.01689	0.03476	0.60797	0.04094	0.04850	0.00932	0.00283	0.00427	0.14625	0.00591	0.00533
22	0.01525	0.01743	0.03813	0.02723	0.03377	0.01634	0.70915	0.02070	0.01525	0.02070	0.01307	0.01743	0.00980	0.00545	0.00763	0.00218	0.01089	0.00763	0.00327	0.00871
23	0.01423	0.20396	0.50207	0.01811	0.05260	0.01756	0.06632	0.02020	0.01367	0.01928	0.01111	0.01322	0.00840	0.00594	0.00579	0.00190	0.00896	0.00470	0.00279	0.00923
24	0.01628	0.01494	0.02535	0.08322	0.66102	0.01506	0.01930	0.02009	0.01475	0.04956	0.01265	0.01631	0.01036	0.00589	0.00640	0.00194	0.00765	0.00579	0.00337	0.01007
25	0.04831	0.02348	0.01807	0.01593	0.01854	0.42428	0.01243	0.10170	0.01709	0.01911	0.01124	0.04307	0.01001	0.00848	0.00982	0.00204	0.19974	0.00528	0.00370	0.00768
26	0.06345	0.01467	0.05027	0.01911	0.13507	0.01289	0.16490	0.07383	0.01583	0.08717	0.03585	0.01657	0.01182	0.00600	0.00605	0.00169	0.00699	0.00563	0.00425	0.26797
27	0.31133	0.04126	0.09064	0.03244	0.08775	0.06320	0.01166	0.06721	0.04251	0.14966	0.01448	0.03723	0.01101	0.00703	0.00547	0.00198	0.00652	0.00522	0.00469	0.00869

[dist]
# distance from previous block
# <min> <max>
0	2

[block]
# block no. 4 follows, 34 sequences, length 28
# corresponding to MSA columns:
# 162-189
name=unknown_E
#
# <colnr> <probs for GDERKNQSTAVLIFYWHMCP>
#	G	D	E	R	K	N	Q	S	T	A	V	L	I	F	Y	W	H	M	C	P
0	0.03463	0.07137	0.04347	0.04253	0.12961	0.04276	0.09306	0.17114	0.01844	0.16550	0.01499	0.01623	0.01097	0.00681	0.00684	0.00189	0.04012	0.00566	0.00486	0.07911
1	0.01097	0.00697	0.00892	0.00920	0.01068	0.00637	0.00655	0.03289	0.01425	0.09663	0.08764	0.52202	0.09473	0.01705	0.00776	0.00239	0.00399	0.01521	0.00622	0.03954
2	0.13946	0.19228	0.02049	0.01414	0.01813	0.44839	0.01135	0.05316	0.01662	0.01870	0.00986	0.01137	0.00824	0.00636	0.00521	0.00166	0.00943	0.00398	0.00344	0.00775
3	0.01560	0.10124	0.52158	0.01809	0.05484	0.01541	0.04937	0.02172	0.01431	0.10960	0.01316	0.01462	0.00932	0.00627	0.00606	0.00198	0.00877	0.00502	0.00343	0.00960
4	0.00842	0.00574	0.00772	0.00887	0.00922	0.00551	0.00592	0.00910	0.01163	0.01556	0.03091	0.59662	0.03654	0.07480	0.05098	0.09161	0.00485	0.01574	0.00537	0.00492
5	0.05649	0.02039	0.01858	0.01492	0.01960	0.17263	0.01203	0.51359	0.05267	0.03449	0.01449	0.01482	0.01059	0.00749	0.00623	0.00189	0.00791	0.00543	0.00571	0.01006
6	0.01573	0.10660	0.38560	0.01522	0.02240	0.01489	0.03157	0.09043	0.01587	0.08348	0.04497	0.04291	0.01285	0.00707	0.00603	0.00188	0.00775	0.00564	0.00399	0.08512
7	0.01854	0.05687	0.06134	0.02786	0.38828	0.06871	0.06680	0.02261	0.03664	0.14590	0.03400	0.01752	0.01251	0.00649	0.00637	0.00192	0.00768	0.00594	0.00421	0.00980
8	0.01696	0.72281	0.08511	0.01159	0.01741	0.02480	0.01199	0.01943	0.01317	0.01558	0.00917	0.01060	0.00828	0.00557	0.00429	0.00143	0.00710	0.00355	0.00276	0.00838
9	0.01494	0.01524	0.06560	0.13683	0.36737	0.01432	0.15464	0.01909	0.01445	0.04701	0.01466	0.07924	0.01272	0.00711	0.00679	0.00207	0.00814	0.00715	0.00355	0.00906
10	0.01632	0.01986	0.24041	0.02366	0.23888	0.01407	0.09486	0.05527	0.03436	0.10429	0.01732	0.01907	0.04887	0.00690	0.00647	0.00200	0.00785	0.00622	0.03374	0.00957
11	0.01015	0.00737	0.00813	0.00821	0.00992	0.02691	0.00599	0.01176	0.01437	0.06998	0.10417	0.21824	0.34108	0.08734	0.01008	0.00267	0.00418	0.04769	0.00596	0.00580
12	0.00984	0.00722	0.00922	0.00939	0.01051	0.00770	0.00677	0.01344	0.09373	0.01793	0.09347	0.21901	0.02887	0.14309	0.25216	0.00555	0.00860	0.01068	0.04691	0.00591
13	0.01749	0.27789	0.19346	0.05206	0.07238	0.03543	0.09062	0.02208	0.04122	0.11945	0.01337	0.01480	0.01010	0.00622	0.00572	0.00182	0.00794	0.00507	0.00374	0.00915
14	0.01681	0.01581	0.02448	0.16550	0.44112	0.06923	0.07012	0.04299	0.01540	0.05784	0.01275	0.01630	0.01009	0.00611	0.00647	0.00197	0.00825	0.00582	0.00351	0.00942
15	0.00886	0.00668	0.00817	0.00898	0.01038	0.00622	0.00701	0.01074	0.01385	0.01749	0.04445	0.18641	0.28860	0.09176	0.01069	0.00295	0.00463	0.26089	0.00578	0.00545
16	0.01616	0.07009	0.16244	0.03843	0.08838	0.07229	0.08610	0.07198	0.12155	0.06508	0.03854	0.02301	0.10156	0.00809	0.00650	0.00200	0.00746	0.00687	0.00455	0.00892
17	0.08593	0.06287	0.10199	0.04911	0.19121	0.08143	0.04281	0.07781	0.04194	0.18057	0.01518	0.01623	0.01104	0.00666	0.00607	0.00193	0.00753	0.00548	0.00463	0.00957
18	0.00955	0.00671	0.00785	0.00782	0.00969	0.00592	0.00579	0.01140	0.01490	0.07094	0.15942	0.19952	0.40090	0.01744	0.03982	0.00259	0.00411	0.01348	0.00621	0.00593
19	0.00787	0.00562	0.00750	0.00900	0.00937	0.00525	0.00600	0.00900	0.01237	0.01649	0.03561	0.76871	0.04274	0.02024	0.00825	0.00262	0.00375	0.01837	0.00600	0.00525
20	0.02068	0.02250	0.06759	0.09572	0.07122	0.31419	0.01402	0.16030	0.04160	0.05199	0.03104	0.01534	0.01105	0.00729	0.00698	0.00191	0.04843	0.00528	0.00422	0.00866
21	0.04887	0.05496	0.10569	0.02903	0.01598	0.07508	0.01037	0.13040	0.04315	0.04629	0.17867	0.02744	0.02424	0.15028	0.01127	0.00272	0.00648	0.00736	0.00501	0.02670
22	0.12866	0.08854	0.19117	0.01433	0.03459	0.09052	0.03953	0.07541	0.01582	0.10431	0.07001	0.01766	0.01401	0.03153	0.00698	0.00203	0.02280	0.00550	0.00433	0.04226
23	0.09401	0.20344	0.34184	0.01384	0.02035	0.01601	0.01563	0.03573	0.01425	0.05722	0.07659	0.05549	0.01505	0.00748	0.00572	0.00191	0.00733	0.00577	0.00378	0.00857
24	0.04363	0.27886	0.38295	0.01446	0.02137	0.01741	0.01684	0.01886	0.01352	0.01897	0.03984	0.05586	0.01305	0.00736	0.00566	0.00188	0.00781	0.02988	0.00324	0.00854
25	0.04773	0.31333	0.21834	0.01353	0.01956	0.07450	0.01411	0.07973	0.01582	0.07232	0.06384	0.01539	0.01283	0.00672	0.00543	0.00175	0.00755	0.00489	0.00386	0.00879
26	0.10887	0.21519	0.32083	0.01388	0.02042	0.01670	0.01554	0.05578	0.01471	0.05947	0.06277	0.01761	0.01341	0.00708	0.00563	0.00190	0.00742	0.03031	0.00379	0.00871
27	0.01563	0.19184	0.30045	0.01516	0.02128	0.10722	0.04145	0.04588	0.01531	0.03641	0.06491	0.03780	0.01528	0.00784	0.00609	0.00193	0.00822	0.05512	0.00372	0.00846

[dist]
# distance from previous block
# <min> <max>
0	162

# created by:
# /home/berkeley/.conda/envs/busco_data_prod/bin/msa2prfl.pl pipeline/OGs_align_augustus/4893/39953.fs
