[name]
unknown

[dist]
# distance from previous block
# <min> <max>
0	6

[block]
# block no. 0 follows, 29 sequences, length 70
# corresponding to MSA columns:
# 6-75
name=unknown_A
#
# <colnr> <probs for GDERKNQSTAVLIFYWHMCP>
#	G	D	E	R	K	N	Q	S	T	A	V	L	I	F	Y	W	H	M	C	P
0	0.01232	0.00836	0.01168	0.01310	0.01489	0.00829	0.01143	0.01558	0.01656	0.04971	0.03731	0.07801	0.04002	0.01922	0.00973	0.00323	0.00654	0.63060	0.00665	0.00679
1	0.01759	0.01701	0.02944	0.04314	0.67779	0.01696	0.04896	0.02189	0.01624	0.02324	0.01344	0.01769	0.01126	0.00633	0.00711	0.00213	0.00861	0.00643	0.00353	0.01121
2	0.01036	0.00690	0.00777	0.00777	0.00777	0.00690	0.00431	0.01036	0.01036	0.01381	0.02244	0.04660	0.02589	0.74975	0.03624	0.00690	0.00690	0.01036	0.00431	0.00431
3	0.00842	0.00721	0.00721	0.00721	0.00962	0.00601	0.00541	0.01022	0.01623	0.01924	0.07213	0.06853	0.70244	0.01803	0.00842	0.00240	0.00361	0.01503	0.00661	0.00601
4	0.01904	0.75404	0.03731	0.01218	0.01828	0.02818	0.01218	0.02132	0.01447	0.01675	0.00990	0.01142	0.00914	0.00609	0.00457	0.00152	0.00761	0.00381	0.00305	0.00914
5	0.01428	0.03683	0.71286	0.02030	0.03082	0.01654	0.02631	0.02255	0.01503	0.02255	0.01278	0.01503	0.00902	0.00677	0.00677	0.00226	0.01052	0.00526	0.00301	0.01052
6	0.00884	0.00627	0.00821	0.00970	0.01007	0.00590	0.00638	0.00996	0.01330	0.01774	0.03755	0.67466	0.04496	0.09567	0.01183	0.00330	0.00441	0.01925	0.00638	0.00564
7	0.01904	0.75404	0.03731	0.01218	0.01828	0.02818	0.01218	0.02132	0.01447	0.01675	0.00990	0.01142	0.00914	0.00609	0.00457	0.00152	0.00761	0.00381	0.00305	0.00914
8	0.00898	0.00699	0.00817	0.00840	0.01010	0.00617	0.00610	0.01112	0.01679	0.02180	0.25500	0.22885	0.35000	0.01802	0.00857	0.00247	0.00366	0.01565	0.00698	0.00617
9	0.01428	0.03683	0.71286	0.02030	0.03082	0.01654	0.02631	0.02255	0.01503	0.02255	0.01278	0.01503	0.00902	0.00677	0.00677	0.00226	0.01052	0.00526	0.00301	0.01052
10	0.01203	0.01057	0.01697	0.44723	0.05460	0.01231	0.01503	0.01577	0.01501	0.01982	0.11693	0.18606	0.02618	0.01155	0.00774	0.00246	0.00739	0.01037	0.00461	0.00737
11	0.00995	0.00718	0.00940	0.00905	0.01061	0.00663	0.00671	0.01311	0.01956	0.02760	0.64081	0.11667	0.06534	0.01527	0.00846	0.00230	0.00343	0.01355	0.00773	0.00663
12	0.02660	0.03394	0.02018	0.01834	0.02201	0.72116	0.01376	0.02843	0.02018	0.01743	0.01101	0.01284	0.00917	0.00734	0.00642	0.00183	0.01284	0.00459	0.00367	0.00825
13	0.01681	0.01921	0.04202	0.03001	0.03721	0.01801	0.67947	0.02281	0.01681	0.02281	0.01441	0.01921	0.01080	0.00600	0.00840	0.00240	0.01200	0.00840	0.00360	0.00960
14	0.01995	0.01488	0.01626	0.01417	0.01841	0.01663	0.01114	0.08070	0.53205	0.12102	0.05408	0.02664	0.02229	0.00966	0.00727	0.00236	0.00575	0.00801	0.00747	0.01126
15	0.00868	0.00620	0.00826	0.00991	0.01033	0.00578	0.00661	0.00991	0.01363	0.01818	0.03925	0.74510	0.04710	0.02231	0.00909	0.00289	0.00413	0.02024	0.00661	0.00578
16	0.02660	0.03394	0.02018	0.01834	0.02201	0.72116	0.01376	0.02843	0.02018	0.01743	0.01101	0.01284	0.00917	0.00734	0.00642	0.00183	0.01284	0.00459	0.00367	0.00825
17	0.01036	0.00690	0.00777	0.00777	0.00777	0.00690	0.00431	0.01036	0.01036	0.01381	0.02244	0.04660	0.02589	0.74975	0.03624	0.00690	0.00690	0.01036	0.00431	0.00431
18	0.01458	0.08243	0.66991	0.01978	0.03002	0.01728	0.02541	0.02247	0.01500	0.02218	0.01260	0.01480	0.00903	0.00672	0.00663	0.00221	0.01034	0.00517	0.00301	0.01044
19	0.01827	0.01517	0.01612	0.01442	0.01850	0.01743	0.01124	0.03772	0.66629	0.05629	0.02895	0.02648	0.02158	0.00963	0.00724	0.00241	0.00565	0.00802	0.00731	0.01130
20	0.02641	0.02281	0.02032	0.01640	0.02143	0.20403	0.01316	0.45958	0.02882	0.06245	0.01806	0.01825	0.03827	0.00861	0.00699	0.00207	0.00891	0.00630	0.00626	0.01086
21	0.01837	0.65293	0.13255	0.01333	0.02004	0.02653	0.01418	0.02150	0.01455	0.01757	0.01031	0.01193	0.00912	0.00619	0.00488	0.00163	0.00803	0.00401	0.00304	0.00933
22	0.01443	0.00793	0.00807	0.00765	0.00969	0.00818	0.00584	0.06466	0.04388	0.02798	0.02303	0.02588	0.01796	0.00837	0.00522	0.00172	0.00373	0.00668	0.70188	0.00721
23	0.01877	0.01678	0.02586	0.05801	0.50807	0.01722	0.01915	0.15010	0.01953	0.02708	0.01770	0.02069	0.05384	0.00752	0.00715	0.00215	0.00807	0.00689	0.00441	0.01101
24	0.00867	0.00722	0.00757	0.00748	0.00977	0.00612	0.00561	0.01071	0.01683	0.02067	0.16877	0.06617	0.60491	0.01750	0.00841	0.00238	0.00357	0.01470	0.00680	0.00612
25	0.01949	0.01550	0.01573	0.01375	0.01757	0.07884	0.01073	0.10855	0.34166	0.10102	0.14587	0.05102	0.02789	0.01049	0.00741	0.00229	0.00614	0.00869	0.00716	0.01021
26	0.80005	0.01377	0.01047	0.00936	0.01377	0.01597	0.00771	0.02093	0.01212	0.03195	0.00991	0.01157	0.00771	0.00661	0.00441	0.00220	0.00551	0.00386	0.00441	0.00771
27	0.61923	0.01497	0.01287	0.01089	0.01560	0.01704	0.00898	0.15549	0.01671	0.05566	0.01194	0.01308	0.00891	0.00707	0.00504	0.00219	0.00600	0.00448	0.00510	0.00874
28	0.01327	0.00664	0.00664	0.00664	0.00830	0.00664	0.00498	0.01659	0.01493	0.02655	0.02323	0.02655	0.01825	0.00830	0.00498	0.00166	0.00332	0.00664	0.78928	0.00664
29	0.01904	0.75404	0.03731	0.01218	0.01828	0.02818	0.01218	0.02132	0.01447	0.01675	0.00990	0.01142	0.00914	0.00609	0.00457	0.00152	0.00761	0.00381	0.00305	0.00914
30	0.00856	0.00722	0.00741	0.00736	0.00971	0.00607	0.00552	0.01050	0.01657	0.02004	0.12643	0.06721	0.64765	0.01773	0.00841	0.00239	0.00359	0.01484	0.00672	0.00607
31	0.01035	0.00693	0.00791	0.00791	0.00796	0.00698	0.00449	0.01045	0.01040	0.01391	0.02231	0.04587	0.02557	0.72263	0.06294	0.00708	0.00738	0.01025	0.00430	0.00439
32	0.01771	0.01530	0.01610	0.01449	0.01852	0.01771	0.01127	0.03784	0.69247	0.02979	0.02898	0.02657	0.02174	0.00966	0.00725	0.00242	0.00564	0.00805	0.00725	0.01127
33	0.01771	0.01530	0.01610	0.01449	0.01852	0.01771	0.01127	0.03784	0.69247	0.02979	0.02898	0.02657	0.02174	0.00966	0.00725	0.00242	0.00564	0.00805	0.00725	0.01127
34	0.01762	0.01692	0.02890	0.04371	0.70533	0.01692	0.02185	0.02185	0.01621	0.02326	0.01339	0.01762	0.01128	0.00634	0.00705	0.00211	0.00846	0.00634	0.00352	0.01128
35	0.02252	0.01241	0.01556	0.01150	0.01746	0.00993	0.00935	0.02550	0.01730	0.33329	0.01962	0.01904	0.01374	0.00687	0.00613	0.00157	0.00563	0.00555	0.00629	0.44073
36	0.01008	0.00728	0.00952	0.00896	0.01064	0.00672	0.00672	0.01344	0.02016	0.02855	0.70158	0.05319	0.06719	0.01456	0.00840	0.00224	0.00336	0.01288	0.00784	0.00672
37	0.03195	0.01212	0.01652	0.01267	0.01818	0.01047	0.01047	0.03470	0.02038	0.71026	0.02809	0.02424	0.01763	0.00881	0.00716	0.00220	0.00606	0.00716	0.00881	0.01212
38	0.02707	0.01995	0.02137	0.01638	0.02208	0.02208	0.01353	0.68159	0.03348	0.04488	0.01710	0.01710	0.01211	0.00855	0.00712	0.00214	0.00784	0.00641	0.00712	0.01211
39	0.01904	0.75404	0.03731	0.01218	0.01828	0.02818	0.01218	0.02132	0.01447	0.01675	0.00990	0.01142	0.00914	0.00609	0.00457	0.00152	0.00761	0.00381	0.00305	0.00914
40	0.01662	0.01590	0.02710	0.20865	0.54820	0.01666	0.02136	0.02098	0.01574	0.02205	0.01322	0.01795	0.01085	0.00653	0.00707	0.00218	0.00871	0.00634	0.00344	0.01047
41	0.01762	0.01692	0.02890	0.04371	0.70533	0.01692	0.02185	0.02185	0.01621	0.02326	0.01339	0.01762	0.01128	0.00634	0.00705	0.00211	0.00846	0.00634	0.00352	0.01128
42	0.00868	0.00620	0.00826	0.00991	0.01033	0.00578	0.00661	0.00991	0.01363	0.01818	0.03925	0.74510	0.04710	0.02231	0.00909	0.00289	0.00413	0.02024	0.00661	0.00578
43	0.01017	0.00763	0.01144	0.01144	0.01272	0.00890	0.00890	0.01272	0.01144	0.01653	0.01907	0.02797	0.01780	0.05340	0.72153	0.01144	0.01907	0.00763	0.00381	0.00636
44	0.01748	0.01678	0.02865	0.06674	0.68339	0.01688	0.02178	0.02173	0.01615	0.02309	0.01337	0.01767	0.01122	0.00637	0.00705	0.00212	0.00849	0.00634	0.00351	0.01117
45	0.01827	0.01516	0.01675	0.07208	0.02110	0.01747	0.01202	0.06240	0.58666	0.05434	0.02716	0.02549	0.02021	0.00938	0.00723	0.00239	0.00605	0.00781	0.00697	0.01107
46	0.00842	0.00721	0.00721	0.00721	0.00962	0.00601	0.00541	0.01022	0.01623	0.01924	0.07213	0.06853	0.70244	0.01803	0.00842	0.00240	0.00361	0.01503	0.00661	0.00601
47	0.01855	0.67996	0.10709	0.01302	0.01957	0.02697	0.01364	0.02145	0.01453	0.01735	0.01020	0.01180	0.00913	0.00616	0.00480	0.00160	0.00792	0.00396	0.00304	0.00928
48	0.01652	0.06267	0.02600	0.28167	0.03346	0.10141	0.13479	0.02012	0.01448	0.01854	0.01169	0.01689	0.00963	0.00836	0.01161	0.00247	0.21180	0.00631	0.00328	0.00829
49	0.01558	0.01558	0.02181	0.01869	0.01869	0.02181	0.01558	0.01714	0.01091	0.01714	0.00935	0.01558	0.00935	0.01246	0.02337	0.00312	0.73672	0.00623	0.00312	0.00779
50	0.00868	0.00620	0.00826	0.00991	0.01033	0.00578	0.00661	0.00991	0.01363	0.01818	0.03925	0.74510	0.04710	0.02231	0.00909	0.00289	0.00413	0.02024	0.00661	0.00578
51	0.01748	0.37770	0.33884	0.01629	0.02418	0.07572	0.01864	0.02241	0.01516	0.01940	0.01127	0.01315	0.00909	0.00649	0.00569	0.00187	0.00932	0.00452	0.00308	0.00969
52	0.02103	0.01694	0.04449	0.01486	0.01958	0.01785	0.01234	0.30676	0.27364	0.05784	0.09011	0.02663	0.02223	0.00990	0.00738	0.00230	0.00658	0.03143	0.00711	0.01100
53	0.00869	0.00660	0.00804	0.00915	0.01026	0.00595	0.00639	0.01019	0.01459	0.01864	0.04997	0.49896	0.26176	0.02081	0.00890	0.00275	0.00405	0.04182	0.00661	0.00589
54	0.00866	0.00625	0.00820	0.00977	0.01029	0.00580	0.00654	0.00993	0.01378	0.01824	0.04106	0.70787	0.08316	0.02207	0.00905	0.00287	0.00410	0.01996	0.00661	0.00580
55	0.01590	0.01734	0.03639	0.05693	0.07549	0.01647	0.52989	0.02142	0.01708	0.02335	0.09832	0.02326	0.01768	0.00712	0.00827	0.00236	0.01063	0.00874	0.00410	0.00928
56	0.01447	0.06459	0.68671	0.01998	0.03033	0.01699	0.02576	0.02250	0.01501	0.02233	0.01267	0.01489	0.00902	0.00674	0.00668	0.00223	0.01041	0.00521	0.00301	0.01047
57	0.02665	0.03253	0.02030	0.01815	0.02202	0.65066	0.01374	0.09431	0.02152	0.02020	0.01162	0.01327	0.00947	0.00746	0.00649	0.00186	0.01234	0.00477	0.00402	0.00864
58	0.01448	0.06685	0.68458	0.01996	0.03029	0.01702	0.02572	0.02250	0.01501	0.02231	0.01266	0.01488	0.00903	0.00674	0.00667	0.00222	0.01040	0.00520	0.00301	0.01047
59	0.19902	0.02083	0.01979	0.01593	0.02101	0.14473	0.05309	0.35289	0.04998	0.03518	0.01468	0.01559	0.01088	0.00778	0.00647	0.00212	0.00838	0.00570	0.00569	0.01025
60	0.01005	0.00735	0.01018	0.01027	0.01124	0.00811	0.00750	0.01187	0.01152	0.01608	0.02343	0.07383	0.05275	0.21956	0.48286	0.00945	0.01458	0.00933	0.00422	0.00581
61	0.02514	0.03038	0.02098	0.02086	0.09765	0.57228	0.01451	0.05815	0.05735	0.02001	0.01254	0.01432	0.01023	0.00741	0.00657	0.00191	0.01173	0.00506	0.00401	0.00893
62	0.06262	0.01453	0.01730	0.01385	0.01869	0.05730	0.03509	0.14640	0.02141	0.40922	0.02503	0.10667	0.01888	0.01006	0.00725	0.00226	0.00677	0.00830	0.00753	0.01083
63	0.02754	0.01179	0.01549	0.01234	0.01704	0.01069	0.00995	0.06961	0.03900	0.53669	0.07367	0.07096	0.02290	0.03778	0.00845	0.00243	0.00588	0.00845	0.00830	0.01105
64	0.01137	0.00817	0.01115	0.01053	0.01226	0.00792	0.03242	0.01389	0.01701	0.06104	0.31329	0.24246	0.13056	0.01621	0.00935	0.00248	0.04913	0.01413	0.02978	0.00684
65	0.01721	0.01941	0.06496	0.02790	0.06161	0.01864	0.49920	0.06250	0.01698	0.02345	0.01381	0.01838	0.01064	0.00703	0.01012	0.00246	0.10455	0.00779	0.00373	0.00963
66	0.01636	0.01806	0.03778	0.12770	0.07937	0.01775	0.52896	0.02195	0.01625	0.02204	0.01396	0.01898	0.01061	0.00636	0.00857	0.00240	0.03205	0.00793	0.00352	0.00942
67	0.01693	0.06322	0.03807	0.12644	0.03712	0.01810	0.52614	0.02243	0.01641	0.04264	0.01430	0.01885	0.01073	0.00625	0.00795	0.00234	0.01120	0.00779	0.00366	0.00942
68	0.01499	0.01213	0.01775	0.01702	0.08649	0.03704	0.11402	0.03585	0.01675	0.09123	0.03496	0.18568	0.16433	0.01366	0.00813	0.00243	0.00663	0.07878	0.00581	0.05634
69	0.05341	0.04311	0.06773	0.05851	0.02123	0.04088	0.06665	0.11671	0.01945	0.23454	0.02787	0.09498	0.10282	0.01049	0.00733	0.00228	0.00713	0.00885	0.00630	0.00972

[dist]
# distance from previous block
# <min> <max>
10	55

[block]
# block no. 1 follows, 29 sequences, length 6
# corresponding to MSA columns:
# 131-136
name=unknown_B
#
# <colnr> <probs for GDERKNQSTAVLIFYWHMCP>
#	G	D	E	R	K	N	Q	S	T	A	V	L	I	F	Y	W	H	M	C	P
0	0.12979	0.11888	0.14362	0.01537	0.02096	0.07864	0.05939	0.09459	0.07000	0.06688	0.06223	0.01943	0.01548	0.01130	0.06122	0.00282	0.00895	0.00618	0.00482	0.00942
1	0.06171	0.04607	0.14946	0.01807	0.02379	0.08042	0.13863	0.11881	0.06421	0.02536	0.01620	0.05373	0.01343	0.01225	0.07347	0.00304	0.03021	0.00694	0.00449	0.05973
2	0.14682	0.02043	0.07352	0.01628	0.02136	0.10355	0.06398	0.24530	0.05477	0.03081	0.01643	0.01785	0.03690	0.00833	0.00802	0.00219	0.07057	0.00612	0.00517	0.05162
3	0.11477	0.01675	0.01901	0.18772	0.07334	0.08585	0.01399	0.15966	0.05570	0.12177	0.01612	0.01781	0.01176	0.00755	0.00659	0.00211	0.00793	0.00592	0.00528	0.07036
4	0.01952	0.01660	0.02262	0.25318	0.03166	0.07635	0.11163	0.16541	0.01955	0.07833	0.01492	0.01829	0.01112	0.00832	0.00834	0.04960	0.00897	0.00638	0.00466	0.07457
5	0.08196	0.30759	0.02555	0.01413	0.01932	0.24146	0.01202	0.09068	0.01806	0.02179	0.01131	0.01286	0.00951	0.00668	0.00548	0.00168	0.00883	0.00437	0.00390	0.10282

[dist]
# distance from previous block
# <min> <max>
0	1

[block]
# block no. 2 follows, 29 sequences, length 18
# corresponding to MSA columns:
# 138-155
name=unknown_C
#
# <colnr> <probs for GDERKNQSTAVLIFYWHMCP>
#	G	D	E	R	K	N	Q	S	T	A	V	L	I	F	Y	W	H	M	C	P
0	0.02296	0.05082	0.01878	0.01558	0.01959	0.32326	0.01215	0.20436	0.08752	0.02695	0.04434	0.04888	0.04447	0.00920	0.00683	0.00204	0.00912	0.00684	0.03702	0.00931
1	0.02707	0.01995	0.02137	0.01638	0.02208	0.02208	0.01353	0.68159	0.03348	0.04488	0.01710	0.01710	0.01211	0.00855	0.00712	0.00214	0.00784	0.00641	0.00712	0.01211
2	0.01036	0.00690	0.00777	0.00777	0.00777	0.00690	0.00431	0.01036	0.01036	0.01381	0.02244	0.04660	0.02589	0.74975	0.03624	0.00690	0.00690	0.01036	0.00431	0.00431
3	0.01237	0.00618	0.00928	0.00928	0.00928	0.00618	0.00618	0.00928	0.00928	0.01237	0.01237	0.02165	0.01237	0.02474	0.02783	0.79283	0.00618	0.00618	0.00309	0.00309
4	0.01392	0.03426	0.65155	0.01931	0.02906	0.01568	0.02460	0.02176	0.01548	0.02307	0.07282	0.01836	0.01409	0.00744	0.00691	0.00225	0.00990	0.00593	0.00343	0.01019
5	0.01681	0.01921	0.04202	0.03001	0.03721	0.01801	0.67947	0.02281	0.01681	0.02281	0.01441	0.01921	0.01080	0.00600	0.00840	0.00240	0.01200	0.00840	0.00360	0.00960
6	0.01762	0.01692	0.02890	0.04371	0.70533	0.01692	0.02185	0.02185	0.01621	0.02326	0.01339	0.01762	0.01128	0.00634	0.00705	0.00211	0.00846	0.00634	0.00352	0.01128
7	0.01345	0.01266	0.02136	0.73264	0.04904	0.01582	0.01978	0.01819	0.01424	0.01819	0.01266	0.01898	0.00949	0.00712	0.00712	0.00237	0.00949	0.00633	0.00316	0.00791
8	0.01345	0.01266	0.02136	0.73264	0.04904	0.01582	0.01978	0.01819	0.01424	0.01819	0.01266	0.01898	0.00949	0.00712	0.00712	0.00237	0.00949	0.00633	0.00316	0.00791
9	0.01027	0.00775	0.00983	0.01090	0.01274	0.00731	0.00912	0.01293	0.01619	0.02043	0.04969	0.11155	0.26996	0.01924	0.00930	0.00296	0.00541	0.40150	0.00658	0.00633
10	0.02707	0.01995	0.02137	0.01638	0.02208	0.02208	0.01353	0.68159	0.03348	0.04488	0.01710	0.01710	0.01211	0.00855	0.00712	0.00214	0.00784	0.00641	0.00712	0.01211
11	0.00966	0.00721	0.00867	0.00834	0.01001	0.00655	0.00607	0.01218	0.01788	0.02420	0.44643	0.05655	0.23486	0.10639	0.01185	0.00286	0.00386	0.01315	0.00707	0.00623
12	0.08520	0.02081	0.01938	0.01580	0.02078	0.13039	0.01271	0.41077	0.14976	0.03682	0.01775	0.01773	0.01306	0.00841	0.00682	0.00215	0.00804	0.00623	0.00639	0.01101
13	0.01645	0.31633	0.38709	0.01661	0.02483	0.02121	0.01946	0.02340	0.07386	0.02091	0.01306	0.01462	0.01017	0.00675	0.00595	0.00198	0.00896	0.00493	0.00339	0.01005
14	0.05294	0.08530	0.02012	0.01595	0.04300	0.23615	0.01234	0.17495	0.02018	0.02524	0.01347	0.01594	0.01107	0.01265	0.08947	0.00294	0.03569	0.00533	0.00452	0.12275
15	0.08686	0.07739	0.01873	0.01426	0.01805	0.18575	0.04986	0.06080	0.01659	0.02183	0.03814	0.06922	0.04279	0.06288	0.01003	0.00235	0.07155	0.00703	0.00443	0.14147
16	0.08440	0.06048	0.02103	0.03857	0.02133	0.24890	0.06757	0.12974	0.01893	0.02356	0.01682	0.01934	0.05898	0.01179	0.05699	0.00281	0.09941	0.00629	0.00439	0.00865
17	0.17448	0.01917	0.02034	0.01721	0.04626	0.16613	0.09241	0.09577	0.01800	0.11112	0.01434	0.01632	0.01095	0.00911	0.03139	0.00243	0.07245	0.00571	0.00482	0.07157

[dist]
# distance from previous block
# <min> <max>
1	50

[block]
# block no. 3 follows, 29 sequences, length 19
# corresponding to MSA columns:
# 206-224
name=unknown_D
#
# <colnr> <probs for GDERKNQSTAVLIFYWHMCP>
#	G	D	E	R	K	N	Q	S	T	A	V	L	I	F	Y	W	H	M	C	P
0	0.10340	0.01384	0.01794	0.01392	0.01874	0.01353	0.08678	0.06213	0.07722	0.06054	0.04376	0.02138	0.04140	0.03391	0.00885	0.00207	0.07072	0.00644	0.00500	0.29843
1	0.05528	0.01268	0.01253	0.01139	0.01368	0.09287	0.00853	0.10200	0.01791	0.04998	0.16844	0.07373	0.08257	0.16674	0.05918	0.00382	0.02799	0.02760	0.00582	0.00726
2	0.01271	0.01006	0.01312	0.01140	0.01392	0.00970	0.06626	0.09816	0.01680	0.02213	0.07758	0.10990	0.19319	0.21889	0.01596	0.00363	0.00609	0.04714	0.00572	0.04763
3	0.01628	0.01537	0.02596	0.15309	0.53696	0.01584	0.02018	0.02051	0.01624	0.02290	0.07395	0.02098	0.01592	0.00720	0.00718	0.00217	0.00818	0.00692	0.00385	0.01033
4	0.02451	0.01867	0.01993	0.01587	0.02111	0.02089	0.01291	0.50544	0.21380	0.04075	0.02035	0.01969	0.01474	0.00885	0.00716	0.00221	0.00723	0.00686	0.00716	0.01188
5	0.02229	0.02168	0.02080	0.01744	0.02076	0.24349	0.04725	0.15826	0.04030	0.07168	0.06391	0.01885	0.01507	0.00951	0.01119	0.00232	0.19450	0.00645	0.00499	0.00923
6	0.01762	0.01692	0.02890	0.04371	0.70533	0.01692	0.02185	0.02185	0.01621	0.02326	0.01339	0.01762	0.01128	0.00634	0.00705	0.00211	0.00846	0.00634	0.00352	0.01128
7	0.00868	0.00620	0.00826	0.00991	0.01033	0.00578	0.00661	0.00991	0.01363	0.01818	0.03925	0.74510	0.04710	0.02231	0.00909	0.00289	0.00413	0.02024	0.00661	0.00578
8	0.02660	0.03394	0.02018	0.01834	0.02201	0.72116	0.01376	0.02843	0.02018	0.01743	0.01101	0.01284	0.00917	0.00734	0.00642	0.00183	0.01284	0.00459	0.00367	0.00825
9	0.01855	0.64608	0.07838	0.01424	0.02070	0.02658	0.07187	0.02153	0.01471	0.01764	0.01047	0.01233	0.00928	0.00612	0.00504	0.00164	0.00818	0.00430	0.00309	0.00926
10	0.01675	0.01903	0.04103	0.02946	0.03631	0.01819	0.64694	0.02253	0.01652	0.02253	0.01416	0.01903	0.01073	0.00632	0.00914	0.00244	0.04751	0.00830	0.00358	0.00951
11	0.06079	0.03228	0.02085	0.01854	0.02242	0.65375	0.04737	0.02781	0.01965	0.01835	0.01113	0.01311	0.00919	0.00724	0.00643	0.00188	0.01247	0.00475	0.00370	0.00830
12	0.00866	0.00625	0.00821	0.00978	0.01029	0.00580	0.00655	0.00993	0.01377	0.01823	0.04092	0.71069	0.08043	0.02209	0.00905	0.00287	0.00410	0.01998	0.00661	0.00580
13	0.01762	0.01692	0.02890	0.04371	0.70533	0.01692	0.02185	0.02185	0.01621	0.02326	0.01339	0.01762	0.01128	0.00634	0.00705	0.00211	0.00846	0.00634	0.00352	0.01128
14	0.01522	0.17905	0.57890	0.01869	0.02833	0.01884	0.02351	0.02231	0.01492	0.02140	0.01221	0.01432	0.00904	0.00663	0.00633	0.00211	0.00995	0.00497	0.00301	0.01025
15	0.00879	0.00625	0.00823	0.00976	0.01015	0.00586	0.00645	0.00995	0.01340	0.01787	0.03807	0.69618	0.04561	0.07326	0.01099	0.00317	0.00433	0.01955	0.00645	0.00568
16	0.00999	0.00731	0.00939	0.00897	0.01071	0.00672	0.00679	0.01321	0.01966	0.02744	0.61933	0.05564	0.12214	0.01507	0.00846	0.00230	0.00351	0.03903	0.00768	0.00665
17	0.02027	0.08247	0.02066	0.01593	0.02000	0.10079	0.05254	0.26691	0.04912	0.02929	0.02169	0.08099	0.02029	0.01156	0.00823	0.00241	0.03584	0.14576	0.00584	0.00942
18	0.02488	0.02660	0.06425	0.01746	0.02191	0.35300	0.01435	0.20243	0.05275	0.06727	0.01443	0.01566	0.01103	0.00827	0.00822	0.00210	0.07508	0.00557	0.00497	0.00976

[dist]
# distance from previous block
# <min> <max>
6	39

[block]
# block no. 4 follows, 29 sequences, length 8
# corresponding to MSA columns:
# 264-271
name=unknown_E
#
# <colnr> <probs for GDERKNQSTAVLIFYWHMCP>
#	G	D	E	R	K	N	Q	S	T	A	V	L	I	F	Y	W	H	M	C	P
0	0.02484	0.01872	0.02015	0.01560	0.02118	0.02037	0.01279	0.54661	0.10262	0.04111	0.01794	0.01789	0.01299	0.00834	0.00695	0.00206	0.00735	0.00637	0.00685	0.08927
1	0.02707	0.01995	0.02137	0.01638	0.02208	0.02208	0.01353	0.68159	0.03348	0.04488	0.01710	0.01710	0.01211	0.00855	0.00712	0.00214	0.00784	0.00641	0.00712	0.01211
2	0.05480	0.01317	0.01307	0.01210	0.01504	0.08151	0.00939	0.10283	0.12394	0.05174	0.14925	0.13874	0.12208	0.01372	0.00784	0.00242	0.00584	0.06762	0.00666	0.00826
3	0.09137	0.16022	0.44948	0.01717	0.02561	0.01869	0.02037	0.02382	0.08763	0.02320	0.01373	0.01530	0.01028	0.00694	0.00620	0.00214	0.00899	0.00517	0.00361	0.01009
4	0.02444	0.02088	0.08735	0.01648	0.02240	0.02090	0.01443	0.52230	0.12962	0.04048	0.01845	0.01830	0.01324	0.00854	0.00711	0.00219	0.00777	0.00654	0.00674	0.01183
5	0.07731	0.01789	0.01860	0.01514	0.01945	0.06319	0.01226	0.39901	0.06092	0.05591	0.06290	0.06255	0.01774	0.00996	0.00854	0.00228	0.07207	0.00746	0.00643	0.01040
6	0.02264	0.01945	0.02043	0.01882	0.09432	0.15684	0.05080	0.20397	0.09975	0.09659	0.01850	0.04290	0.01436	0.00830	0.00690	0.00205	0.00819	0.00674	0.04253	0.06590
7	0.01754	0.01560	0.02107	0.22909	0.16266	0.05000	0.01638	0.15470	0.04204	0.02540	0.04102	0.06417	0.01629	0.00951	0.00886	0.00238	0.07581	0.03345	0.00471	0.00933

[dist]
# distance from previous block
# <min> <max>
17	64

[block]
# block no. 5 follows, 29 sequences, length 12
# corresponding to MSA columns:
# 345-356
name=unknown_F
#
# <colnr> <probs for GDERKNQSTAVLIFYWHMCP>
#	G	D	E	R	K	N	Q	S	T	A	V	L	I	F	Y	W	H	M	C	P
0	0.08599	0.01840	0.01941	0.04715	0.12236	0.11335	0.01341	0.22947	0.09408	0.10567	0.01949	0.02075	0.03676	0.03287	0.00782	0.00231	0.00788	0.00662	0.00583	0.01038
1	0.11252	0.01661	0.03940	0.01468	0.03340	0.10943	0.03855	0.12967	0.04564	0.02699	0.11366	0.08994	0.05023	0.01090	0.00815	0.00226	0.05255	0.03705	0.00553	0.06284
2	0.01782	0.09575	0.01899	0.01554	0.08428	0.07233	0.03777	0.05542	0.03648	0.10113	0.02370	0.09638	0.08103	0.05660	0.00861	0.00224	0.00682	0.00816	0.00519	0.17578
3	0.03540	0.01529	0.01977	0.01897	0.10573	0.08413	0.12278	0.06253	0.12726	0.02443	0.08454	0.10527	0.14060	0.01140	0.00774	0.00233	0.00722	0.01020	0.00560	0.00881
4	0.01344	0.01134	0.01717	0.42560	0.03406	0.01325	0.01516	0.01907	0.08958	0.04288	0.04387	0.12361	0.04767	0.01113	0.00770	0.00251	0.00759	0.06163	0.00481	0.00792
5	0.01549	0.01260	0.02082	0.65325	0.04564	0.01523	0.01875	0.02001	0.01492	0.09450	0.01436	0.01956	0.01039	0.00731	0.00712	0.00235	0.00911	0.00642	0.00379	0.00837
6	0.07896	0.01362	0.02181	0.52218	0.16079	0.01627	0.01898	0.01902	0.01428	0.02018	0.01243	0.01799	0.00966	0.00716	0.00755	0.00234	0.03885	0.00612	0.00333	0.00848
7	0.02423	0.01846	0.02038	0.01567	0.02100	0.02011	0.01291	0.52493	0.02875	0.03927	0.01578	0.01661	0.01164	0.00836	0.00815	0.00205	0.06644	0.00606	0.00635	0.13285
8	0.02560	0.01790	0.01966	0.01526	0.02050	0.01943	0.01253	0.55472	0.03093	0.09779	0.09347	0.02166	0.01864	0.00923	0.00727	0.00215	0.00720	0.00719	0.00734	0.01152
9	0.01470	0.00878	0.01068	0.01020	0.01262	0.00822	0.00756	0.01852	0.08867	0.16728	0.09152	0.27736	0.19251	0.04577	0.00937	0.00269	0.00463	0.01400	0.00714	0.00778
10	0.02117	0.02386	0.02059	0.01760	0.02106	0.36951	0.08949	0.07694	0.04324	0.02083	0.04457	0.02032	0.01468	0.07261	0.06567	0.00320	0.05561	0.00648	0.00429	0.00827
11	0.01820	0.26710	0.16195	0.05217	0.21517	0.05165	0.01802	0.02284	0.03770	0.04845	0.01295	0.01539	0.01050	0.00683	0.00671	0.00199	0.03345	0.00530	0.00358	0.01006

[dist]
# distance from previous block
# <min> <max>
0	3

[block]
# block no. 6 follows, 29 sequences, length 67
# corresponding to MSA columns:
# 360-426
name=unknown_G
#
# <colnr> <probs for GDERKNQSTAVLIFYWHMCP>
#	G	D	E	R	K	N	Q	S	T	A	V	L	I	F	Y	W	H	M	C	P
0	0.04365	0.04801	0.23041	0.04729	0.02377	0.01698	0.01625	0.22539	0.06666	0.02964	0.01726	0.05952	0.01413	0.00859	0.00682	0.00213	0.00794	0.02649	0.00508	0.10397
1	0.02397	0.02557	0.02096	0.01912	0.06347	0.36633	0.04130	0.18307	0.11132	0.02616	0.01607	0.04121	0.01301	0.00833	0.00691	0.00206	0.01011	0.00628	0.00505	0.00972
2	0.00892	0.00703	0.00806	0.00824	0.01004	0.00616	0.00601	0.01104	0.01678	0.02158	0.23807	0.20082	0.39607	0.01794	0.00855	0.00246	0.00364	0.01549	0.00695	0.00616
3	0.02570	0.02886	0.01998	0.01749	0.02164	0.49297	0.01343	0.16889	0.09851	0.02467	0.01432	0.01529	0.01121	0.00786	0.00666	0.00196	0.01096	0.00536	0.00481	0.00942
4	0.00849	0.00693	0.00750	0.00796	0.00981	0.00595	0.00574	0.01014	0.01552	0.01895	0.06310	0.25441	0.52239	0.01921	0.00860	0.00254	0.00375	0.01646	0.00661	0.00595
5	0.80005	0.01377	0.01047	0.00936	0.01377	0.01597	0.00771	0.02093	0.01212	0.03195	0.00991	0.01157	0.00771	0.00661	0.00441	0.00220	0.00551	0.00386	0.00441	0.00771
6	0.01477	0.01266	0.01477	0.01055	0.01687	0.00949	0.00844	0.01793	0.01477	0.02320	0.01266	0.01477	0.01055	0.00527	0.00527	0.00105	0.00527	0.00422	0.00422	0.79328
7	0.01036	0.00690	0.00777	0.00777	0.00777	0.00690	0.00431	0.01036	0.01036	0.01381	0.02244	0.04660	0.02589	0.74975	0.03624	0.00690	0.00690	0.01036	0.00431	0.00431
8	0.80005	0.01377	0.01047	0.00936	0.01377	0.01597	0.00771	0.02093	0.01212	0.03195	0.00991	0.01157	0.00771	0.00661	0.00441	0.00220	0.00551	0.00386	0.00441	0.00771
9	0.01477	0.01266	0.01477	0.01055	0.01687	0.00949	0.00844	0.01793	0.01477	0.02320	0.01266	0.01477	0.01055	0.00527	0.00527	0.00105	0.00527	0.00422	0.00422	0.79328
10	0.00842	0.00721	0.00721	0.00721	0.00962	0.00601	0.00541	0.01022	0.01623	0.01924	0.07213	0.06853	0.70244	0.01803	0.00842	0.00240	0.00361	0.01503	0.00661	0.00601
11	0.02547	0.03069	0.02074	0.06097	0.05404	0.58627	0.01445	0.08581	0.02084	0.02018	0.01175	0.01379	0.00955	0.00739	0.00655	0.00191	0.01200	0.00493	0.00394	0.00871
12	0.01428	0.03683	0.71286	0.02030	0.03082	0.01654	0.02631	0.02255	0.01503	0.02255	0.01278	0.01503	0.00902	0.00677	0.00677	0.00226	0.01052	0.00526	0.00301	0.01052
13	0.01757	0.01401	0.01560	0.01278	0.01784	0.01390	0.01008	0.02965	0.37250	0.07683	0.02239	0.02168	0.01696	0.00785	0.00645	0.00186	0.00552	0.00645	0.00615	0.32393
14	0.06506	0.01486	0.01790	0.01379	0.01931	0.01468	0.01139	0.25475	0.02447	0.45257	0.02352	0.02123	0.01530	0.00862	0.00702	0.00218	0.00664	0.00676	0.00804	0.01192
15	0.02673	0.01978	0.02118	0.01632	0.02195	0.02193	0.01345	0.65850	0.05712	0.04434	0.01752	0.01744	0.01245	0.00859	0.00713	0.00215	0.00776	0.00647	0.00713	0.01208
16	0.01345	0.01266	0.02136	0.73264	0.04904	0.01582	0.01978	0.01819	0.01424	0.01819	0.01266	0.01898	0.00949	0.00712	0.00712	0.00237	0.00949	0.00633	0.00316	0.00791
17	0.01441	0.01364	0.02310	0.57353	0.20061	0.01607	0.02026	0.01904	0.01469	0.01936	0.01283	0.01867	0.00990	0.00694	0.00710	0.00231	0.00925	0.00633	0.00325	0.00869
18	0.01740	0.01350	0.01451	0.01297	0.01685	0.01485	0.01011	0.03245	0.50220	0.09454	0.03683	0.03406	0.14655	0.01112	0.00745	0.00239	0.00530	0.00925	0.00728	0.01039
19	0.01036	0.00690	0.00777	0.00777	0.00777	0.00690	0.00431	0.01036	0.01036	0.01381	0.02244	0.04660	0.02589	0.74975	0.03624	0.00690	0.00690	0.01036	0.00431	0.00431
20	0.03143	0.01223	0.01651	0.01273	0.01819	0.01073	0.01049	0.03482	0.04464	0.68570	0.02812	0.02432	0.01777	0.00884	0.00716	0.00221	0.00604	0.00719	0.00876	0.01209
21	0.01017	0.00763	0.01144	0.01144	0.01272	0.00890	0.00890	0.01272	0.01144	0.01653	0.01907	0.02797	0.01780	0.05340	0.72153	0.01144	0.01907	0.00763	0.00381	0.00636
22	0.00868	0.00620	0.00826	0.00991	0.01033	0.00578	0.00661	0.00991	0.01363	0.01818	0.03925	0.74510	0.04710	0.02231	0.00909	0.00289	0.00413	0.02024	0.00661	0.00578
23	0.00842	0.00721	0.00721	0.00721	0.00962	0.00601	0.00541	0.01022	0.01623	0.01924	0.07213	0.06853	0.70244	0.01803	0.00842	0.00240	0.00361	0.01503	0.00661	0.00601
24	0.09276	0.01225	0.01605	0.01241	0.01783	0.01090	0.01025	0.03361	0.01973	0.65657	0.02665	0.02323	0.01684	0.00864	0.00694	0.00220	0.00602	0.00690	0.00846	0.01177
25	0.00842	0.00721	0.00721	0.00721	0.00962	0.00601	0.00541	0.01022	0.01623	0.01924	0.07213	0.06853	0.70244	0.01803	0.00842	0.00240	0.00361	0.01503	0.00661	0.00601
26	0.00868	0.00620	0.00826	0.00991	0.01033	0.00578	0.00661	0.00991	0.01363	0.01818	0.03925	0.74510	0.04710	0.02231	0.00909	0.00289	0.00413	0.02024	0.00661	0.00578
27	0.02660	0.03394	0.02018	0.01834	0.02201	0.72116	0.01376	0.02843	0.02018	0.01743	0.01101	0.01284	0.00917	0.00734	0.00642	0.00183	0.01284	0.00459	0.00367	0.00825
28	0.03195	0.01212	0.01652	0.01267	0.01818	0.01047	0.01047	0.03470	0.02038	0.71026	0.02809	0.02424	0.01763	0.00881	0.00716	0.00220	0.00606	0.00716	0.00881	0.01212
29	0.02707	0.01995	0.02137	0.01638	0.02208	0.02208	0.01353	0.68159	0.03348	0.04488	0.01710	0.01710	0.01211	0.00855	0.00712	0.00214	0.00784	0.00641	0.00712	0.01211
30	0.01040	0.00794	0.01176	0.01163	0.01280	0.00937	0.00903	0.01282	0.01139	0.01647	0.01878	0.02806	0.01771	0.07421	0.67036	0.01095	0.04851	0.00766	0.00380	0.00635
31	0.01477	0.01266	0.01477	0.01055	0.01687	0.00949	0.00844	0.01793	0.01477	0.02320	0.01266	0.01477	0.01055	0.00527	0.00527	0.00105	0.00527	0.00422	0.00422	0.79328
32	0.01904	0.75404	0.03731	0.01218	0.01828	0.02818	0.01218	0.02132	0.01447	0.01675	0.00990	0.01142	0.00914	0.00609	0.00457	0.00152	0.00761	0.00381	0.00305	0.00914
33	0.01539	0.01531	0.02146	0.01845	0.01849	0.02137	0.01535	0.01699	0.01092	0.01712	0.00968	0.01600	0.00964	0.01386	0.04718	0.00340	0.71224	0.00628	0.00314	0.00774
34	0.01882	0.72157	0.06790	0.01255	0.01884	0.02765	0.01282	0.02138	0.01449	0.01702	0.01003	0.01159	0.00913	0.00612	0.00467	0.00156	0.00775	0.00387	0.00304	0.00920
35	0.01036	0.00690	0.00777	0.00777	0.00777	0.00690	0.00431	0.01036	0.01036	0.01381	0.02244	0.04660	0.02589	0.74975	0.03624	0.00690	0.00690	0.01036	0.00431	0.00431
36	0.02647	0.01898	0.02002	0.01575	0.02112	0.05168	0.01286	0.48613	0.11616	0.12695	0.01976	0.01904	0.01392	0.00867	0.00711	0.00217	0.00755	0.00664	0.00720	0.01183
37	0.02272	0.01680	0.01834	0.01492	0.01941	0.01841	0.01196	0.50951	0.05860	0.03850	0.02235	0.17294	0.02001	0.01154	0.00755	0.00231	0.00695	0.00944	0.00702	0.01072
38	0.00888	0.00644	0.00838	0.00957	0.01033	0.00595	0.00654	0.01049	0.01485	0.01989	0.14625	0.58643	0.09811	0.02077	0.00893	0.00275	0.00397	0.01870	0.00680	0.00595
39	0.04199	0.03517	0.65900	0.02091	0.05903	0.01653	0.02547	0.02246	0.01498	0.02291	0.01270	0.01502	0.00907	0.00674	0.00669	0.00225	0.01026	0.00526	0.00308	0.01046
40	0.01477	0.01266	0.01477	0.01055	0.01687	0.00949	0.00844	0.01793	0.01477	0.02320	0.01266	0.01477	0.01055	0.00527	0.00527	0.00105	0.00527	0.00422	0.00422	0.79328
41	0.01853	0.01700	0.01647	0.01484	0.01884	0.08219	0.01150	0.03698	0.63085	0.02865	0.02733	0.02531	0.02058	0.00945	0.00717	0.00236	0.00630	0.00773	0.00692	0.01099
42	0.01939	0.72055	0.03652	0.01247	0.01845	0.06040	0.01226	0.02165	0.01473	0.01678	0.00995	0.01149	0.00914	0.00615	0.00466	0.00154	0.00786	0.00384	0.00307	0.00910
43	0.01036	0.00690	0.00777	0.00777	0.00777	0.00690	0.00431	0.01036	0.01036	0.01381	0.02244	0.04660	0.02589	0.74975	0.03624	0.00690	0.00690	0.01036	0.00431	0.00431
44	0.01102	0.00874	0.01070	0.01093	0.04193	0.00849	0.00772	0.01629	0.11261	0.02580	0.39772	0.09543	0.19588	0.01477	0.00823	0.00234	0.00400	0.01286	0.00722	0.00734
45	0.01632	0.01581	0.02761	0.24851	0.46050	0.01667	0.06924	0.02083	0.01567	0.02172	0.01325	0.01815	0.01071	0.00655	0.00717	0.00221	0.00903	0.00649	0.00342	0.01015
46	0.02216	0.01729	0.01755	0.01434	0.01875	0.06441	0.01151	0.38993	0.13319	0.03687	0.09757	0.02344	0.02039	0.00930	0.00702	0.00212	0.00683	0.00731	0.08950	0.01053
47	0.02660	0.02075	0.02104	0.01644	0.02191	0.07292	0.01345	0.60397	0.06315	0.04217	0.01720	0.01723	0.01234	0.00851	0.00708	0.00213	0.00810	0.00635	0.00688	0.01179
48	0.01008	0.00772	0.01080	0.04344	0.05737	0.00751	0.00917	0.01219	0.01470	0.01933	0.03907	0.45118	0.10096	0.01964	0.00899	0.00287	0.00516	0.16716	0.00625	0.00643
49	0.01695	0.01621	0.02732	0.04104	0.65454	0.01612	0.02065	0.02100	0.01621	0.02297	0.01768	0.02134	0.06174	0.00720	0.00715	0.00214	0.00811	0.00698	0.00375	0.01089
50	0.04749	0.01843	0.04086	0.01791	0.02347	0.01934	0.12676	0.32366	0.21315	0.06355	0.02007	0.02017	0.01459	0.00833	0.00728	0.00227	0.00785	0.00713	0.00643	0.01126
51	0.00990	0.00685	0.00855	0.00943	0.00985	0.00669	0.00633	0.01090	0.01256	0.01666	0.03120	0.31423	0.03628	0.35916	0.02180	0.00481	0.00581	0.11823	0.00554	0.00523
52	0.00943	0.00794	0.00927	0.01023	0.06062	0.00695	0.00688	0.01172	0.01703	0.02142	0.19574	0.06170	0.52291	0.01647	0.00831	0.00235	0.00391	0.01396	0.00664	0.00654
53	0.02728	0.01960	0.02116	0.01622	0.02191	0.02157	0.01340	0.65325	0.03291	0.07402	0.01758	0.01741	0.01235	0.00856	0.00712	0.00214	0.00776	0.00644	0.00720	0.01211
54	0.01762	0.01692	0.02890	0.04371	0.70533	0.01692	0.02185	0.02185	0.01621	0.02326	0.01339	0.01762	0.01128	0.00634	0.00705	0.00211	0.00846	0.00634	0.00352	0.01128
55	0.01020	0.00689	0.00776	0.00783	0.00796	0.00682	0.00446	0.01033	0.01076	0.01424	0.02545	0.07666	0.05823	0.68548	0.03382	0.00653	0.00663	0.01098	0.00452	0.00445
56	0.01428	0.03683	0.71286	0.02030	0.03082	0.01654	0.02631	0.02255	0.01503	0.02255	0.01278	0.01503	0.00902	0.00677	0.00677	0.00226	0.01052	0.00526	0.00301	0.01052
57	0.02662	0.03331	0.02023	0.01826	0.02202	0.69002	0.01375	0.05754	0.02077	0.01865	0.01128	0.01303	0.00930	0.00739	0.00645	0.00185	0.01262	0.00467	0.00382	0.00843
58	0.02404	0.01812	0.01943	0.01562	0.02075	0.02023	0.01267	0.44256	0.25690	0.06071	0.02148	0.02054	0.01555	0.00893	0.00717	0.00223	0.00703	0.00699	0.00722	0.01182
59	0.00883	0.00641	0.00836	0.00978	0.01047	0.00594	0.00672	0.01028	0.01422	0.01879	0.06622	0.63123	0.10522	0.02153	0.00904	0.00284	0.00416	0.04743	0.00665	0.00587
60	0.00945	0.00746	0.00970	0.00970	0.01144	0.00771	0.00746	0.01168	0.01342	0.01765	0.04100	0.04473	0.30074	0.03879	0.42682	0.00771	0.01268	0.01069	0.00497	0.00621
61	0.02768	0.01897	0.02077	0.01592	0.02160	0.02064	0.01315	0.60109	0.03185	0.12768	0.01846	0.01798	0.01280	0.00858	0.00713	0.00215	0.00761	0.00650	0.00733	0.01211
62	0.00923	0.00652	0.00853	0.00993	0.01041	0.00621	0.00678	0.01050	0.01343	0.01785	0.03653	0.56776	0.04322	0.13254	0.01329	0.00354	0.00481	0.08701	0.00626	0.00564
63	0.80005	0.01377	0.01047	0.00936	0.01377	0.01597	0.00771	0.02093	0.01212	0.03195	0.00991	0.01157	0.00771	0.00661	0.00441	0.00220	0.00551	0.00386	0.00441	0.00771
64	0.01744	0.01730	0.02674	0.18084	0.52305	0.06811	0.02084	0.02160	0.01610	0.02181	0.01307	0.01755	0.01076	0.00657	0.00702	0.00215	0.00899	0.00621	0.00346	0.01038
65	0.01756	0.01938	0.03589	0.03083	0.17676	0.06857	0.44826	0.02270	0.01680	0.02254	0.01383	0.01812	0.01077	0.00613	0.00777	0.00221	0.01088	0.00742	0.00363	0.05994
66	0.01532	0.01295	0.01494	0.01107	0.01700	0.01053	0.00881	0.04868	0.06504	0.02448	0.01495	0.04066	0.01268	0.00632	0.00563	0.00126	0.00538	0.00514	0.00465	0.67450

[dist]
# distance from previous block
# <min> <max>
0	8

[block]
# block no. 7 follows, 29 sequences, length 25
# corresponding to MSA columns:
# 435-459
name=unknown_H
#
# <colnr> <probs for GDERKNQSTAVLIFYWHMCP>
#	G	D	E	R	K	N	Q	S	T	A	V	L	I	F	Y	W	H	M	C	P
0	0.01653	0.08422	0.37794	0.02211	0.03056	0.08194	0.21811	0.02293	0.01598	0.02175	0.01288	0.01580	0.00962	0.00649	0.00701	0.00217	0.01080	0.00600	0.00328	0.03388
1	0.01569	0.05486	0.53793	0.01823	0.02724	0.01631	0.02222	0.08605	0.01709	0.04525	0.01899	0.02028	0.07288	0.00801	0.00689	0.00223	0.00940	0.00628	0.00392	0.01027
2	0.01464	0.00981	0.01119	0.01062	0.01147	0.07266	0.00746	0.06155	0.01270	0.01619	0.05201	0.02231	0.01519	0.02136	0.02322	0.61628	0.00675	0.00644	0.00372	0.00445
3	0.00950	0.00751	0.00872	0.00914	0.01124	0.00673	0.00733	0.01190	0.01671	0.02087	0.13169	0.07029	0.43836	0.01813	0.00883	0.00264	0.00444	0.20300	0.00673	0.00625
4	0.01237	0.00618	0.00928	0.00928	0.00928	0.00618	0.00618	0.00928	0.00928	0.01237	0.01237	0.02165	0.01237	0.02474	0.02783	0.79283	0.00618	0.00618	0.00309	0.00309
5	0.01477	0.10974	0.64419	0.01947	0.02954	0.01772	0.02487	0.02243	0.01498	0.02196	0.01249	0.01467	0.00903	0.00670	0.00654	0.00218	0.01023	0.00511	0.00301	0.01038
6	0.01286	0.01040	0.01147	0.01050	0.01335	0.01068	0.00807	0.06162	0.21667	0.02704	0.26539	0.04790	0.24837	0.01383	0.00799	0.00234	0.00438	0.01173	0.00724	0.00817
7	0.00844	0.00712	0.00731	0.00746	0.00968	0.00599	0.00552	0.01019	0.01599	0.01914	0.06913	0.13028	0.64263	0.01842	0.00848	0.00245	0.00365	0.01550	0.00661	0.00599
8	0.02663	0.03306	0.02025	0.01822	0.02202	0.67718	0.01374	0.06953	0.02102	0.01915	0.01139	0.01311	0.00936	0.00741	0.00646	0.00185	0.01253	0.00470	0.00389	0.00850
9	0.05464	0.02048	0.02013	0.01580	0.02122	0.10669	0.01287	0.49381	0.02915	0.09545	0.01680	0.01686	0.01198	0.00821	0.00686	0.00206	0.00811	0.00606	0.00661	0.04621
10	0.01558	0.01558	0.02181	0.01869	0.01869	0.02181	0.01558	0.01714	0.01091	0.01714	0.00935	0.01558	0.00935	0.01246	0.02337	0.00312	0.73672	0.00623	0.00312	0.00779
11	0.01147	0.00820	0.01147	0.01311	0.01475	0.00820	0.01147	0.01475	0.01639	0.02131	0.03770	0.08032	0.04098	0.01967	0.00984	0.00328	0.00656	0.65741	0.00656	0.00656
12	0.01849	0.45054	0.02860	0.01313	0.01837	0.02388	0.01181	0.02811	0.29301	0.02211	0.01774	0.01764	0.01431	0.00756	0.00567	0.00189	0.00680	0.00555	0.00477	0.01001
13	0.00918	0.00668	0.00852	0.00956	0.01046	0.00622	0.00671	0.01084	0.01479	0.01959	0.12774	0.46278	0.13010	0.07496	0.01101	0.00308	0.00437	0.07093	0.00659	0.00589
14	0.07745	0.02078	0.01964	0.01562	0.02088	0.14201	0.01265	0.42254	0.02755	0.12331	0.01683	0.01683	0.01197	0.00815	0.00677	0.00206	0.00826	0.00596	0.00647	0.03426
15	0.01881	0.71992	0.06945	0.01257	0.01887	0.02762	0.01286	0.02138	0.01450	0.01703	0.01004	0.01159	0.00913	0.00612	0.00467	0.00156	0.00775	0.00388	0.00304	0.00920
16	0.01431	0.00763	0.00774	0.00737	0.00933	0.00779	0.00562	0.06633	0.01632	0.02792	0.02277	0.02584	0.01779	0.00831	0.00514	0.00169	0.00366	0.00662	0.73078	0.00705
17	0.01426	0.00861	0.01181	0.01184	0.05181	0.00793	0.00841	0.01737	0.01923	0.14632	0.45872	0.11027	0.05249	0.01398	0.00822	0.00233	0.00432	0.03664	0.00760	0.00783
18	0.00921	0.00703	0.00806	0.00817	0.00968	0.00631	0.00575	0.01104	0.01589	0.02060	0.22323	0.16220	0.32565	0.13977	0.01315	0.00318	0.00417	0.01447	0.00655	0.00588
19	0.01019	0.00754	0.01099	0.01099	0.01211	0.00866	0.00834	0.01243	0.01131	0.01620	0.01948	0.03025	0.01879	0.13864	0.63765	0.01089	0.01758	0.00796	0.00388	0.00611
20	0.01642	0.02003	0.08514	0.08162	0.03355	0.08066	0.44940	0.02163	0.01646	0.02146	0.01636	0.09209	0.01411	0.00793	0.00807	0.00239	0.01097	0.00886	0.00383	0.00903
21	0.01019	0.00756	0.01109	0.01109	0.01223	0.00871	0.00845	0.01249	0.01134	0.01626	0.01940	0.02979	0.01859	0.12134	0.65468	0.01100	0.01789	0.00790	0.00386	0.00616
22	0.02304	0.10063	0.02222	0.01928	0.10877	0.26668	0.01374	0.22228	0.02293	0.02757	0.07103	0.01834	0.01542	0.00807	0.00664	0.00196	0.00916	0.00603	0.02648	0.00973
23	0.01477	0.01266	0.01477	0.01055	0.01687	0.00949	0.00844	0.01793	0.01477	0.02320	0.01266	0.01477	0.01055	0.00527	0.00527	0.00105	0.00527	0.00422	0.00422	0.79328
24	0.02344	0.01769	0.02354	0.02007	0.08537	0.03958	0.12423	0.28499	0.10813	0.13866	0.01952	0.02078	0.01431	0.03620	0.00843	0.00240	0.00816	0.00715	0.00627	0.01110

[dist]
# distance from previous block
# <min> <max>
0	1

[block]
# block no. 8 follows, 29 sequences, length 41
# corresponding to MSA columns:
# 461-501
name=unknown_I
#
# <colnr> <probs for GDERKNQSTAVLIFYWHMCP>
#	G	D	E	R	K	N	Q	S	T	A	V	L	I	F	Y	W	H	M	C	P
0	0.01829	0.01933	0.05249	0.13531	0.45256	0.10247	0.04875	0.04492	0.01699	0.02254	0.01315	0.01719	0.01070	0.00665	0.00703	0.00214	0.00934	0.00618	0.00360	0.01037
1	0.02598	0.01913	0.02060	0.01600	0.02139	0.02112	0.01313	0.64200	0.03231	0.04330	0.01840	0.06000	0.01417	0.00936	0.00724	0.00218	0.00762	0.00723	0.00709	0.01174
2	0.01026	0.00686	0.00780	0.00789	0.00792	0.00684	0.00445	0.01033	0.01055	0.01406	0.02343	0.08777	0.02714	0.70688	0.03464	0.00667	0.00674	0.01094	0.00445	0.00440
3	0.00896	0.00640	0.00859	0.01024	0.01078	0.00603	0.00710	0.01041	0.01391	0.01850	0.03909	0.67747	0.04647	0.02204	0.00916	0.00293	0.00438	0.08507	0.00660	0.00586
4	0.01706	0.45570	0.31832	0.01556	0.02349	0.02333	0.01806	0.02183	0.01470	0.01916	0.01110	0.01292	0.00909	0.00637	0.00548	0.00183	0.00882	0.00441	0.00303	0.00971
5	0.01904	0.75404	0.03731	0.01218	0.01828	0.02818	0.01218	0.02132	0.01447	0.01675	0.00990	0.01142	0.00914	0.00609	0.00457	0.00152	0.00761	0.00381	0.00305	0.00914
