[name]
unknown

[dist]
# distance from previous block
# <min> <max>
0	35

[block]
# block no. 0 follows, 33 sequences, length 19
# corresponding to MSA columns:
# 35-53
name=unknown_A
#
# <colnr> <probs for GDERKNQSTAVLIFYWHMCP>
#	G	D	E	R	K	N	Q	S	T	A	V	L	I	F	Y	W	H	M	C	P
0	0.01383	0.01033	0.01360	0.01397	0.08252	0.03857	0.00993	0.01735	0.05204	0.09363	0.01857	0.02551	0.01626	0.02891	0.37728	0.00625	0.01204	0.05085	0.00438	0.11417
1	0.10050	0.02021	0.01826	0.03520	0.04216	0.24233	0.03640	0.21667	0.05080	0.11271	0.01460	0.01528	0.01075	0.00712	0.00610	0.00188	0.00826	0.00528	0.00508	0.05042
2	0.01934	0.08675	0.06718	0.01603	0.02010	0.16418	0.08905	0.09814	0.10323	0.08925	0.01520	0.01795	0.01215	0.05779	0.01022	0.00235	0.11188	0.00598	0.00447	0.00875
3	0.12144	0.15371	0.27732	0.01490	0.02087	0.01726	0.03412	0.05552	0.06329	0.04478	0.01286	0.01495	0.01003	0.00973	0.05547	0.00259	0.07360	0.00505	0.00367	0.00884
4	0.01135	0.00744	0.00916	0.00910	0.01017	0.00757	0.00640	0.01360	0.05791	0.06596	0.02565	0.09171	0.05219	0.39362	0.12164	0.00555	0.00747	0.09305	0.00488	0.00559
5	0.01426	0.14380	0.06533	0.07062	0.06857	0.12588	0.04732	0.01725	0.01541	0.01875	0.09383	0.05605	0.13272	0.01050	0.00679	0.00207	0.00716	0.09185	0.00444	0.00741
6	0.07587	0.08008	0.01919	0.01567	0.01951	0.53122	0.01215	0.10888	0.04273	0.02044	0.01129	0.01261	0.00911	0.00687	0.00580	0.00175	0.01030	0.00446	0.00390	0.00819
7	0.00810	0.00609	0.00743	0.00831	0.00929	0.00551	0.00572	0.00949	0.01360	0.01761	0.09276	0.48643	0.23944	0.04668	0.00911	0.00264	0.00373	0.01652	0.00611	0.00542
8	0.00965	0.00639	0.00799	0.00809	0.00833	0.00658	0.00510	0.00984	0.00985	0.01334	0.02016	0.08480	0.02247	0.50512	0.16071	0.09589	0.00820	0.00929	0.00392	0.00430
9	0.77163	0.01376	0.01017	0.00911	0.01315	0.05480	0.00744	0.01973	0.01161	0.02880	0.00922	0.01076	0.00720	0.00615	0.00418	0.00202	0.00547	0.00360	0.00404	0.00716
10	0.13504	0.10021	0.08894	0.01813	0.14423	0.06862	0.01357	0.15293	0.06707	0.12773	0.01496	0.01568	0.01106	0.00691	0.00589	0.00194	0.00721	0.00530	0.00486	0.00973
11	0.08160	0.45175	0.10699	0.01247	0.01806	0.07170	0.01230	0.09580	0.01567	0.02027	0.01343	0.01452	0.04807	0.00668	0.00502	0.00166	0.00734	0.00456	0.00355	0.00858
12	0.06282	0.11932	0.09197	0.01779	0.14363	0.08446	0.01327	0.09497	0.07376	0.07918	0.03473	0.01781	0.03623	0.00708	0.00591	0.00181	0.00709	0.00557	0.00450	0.09809
13	0.20278	0.20534	0.09150	0.06552	0.04602	0.05155	0.03060	0.04380	0.03444	0.06639	0.01188	0.01357	0.00931	0.00633	0.00557	0.00181	0.02386	0.00453	0.00384	0.08136
14	0.11082	0.10675	0.03927	0.11152	0.01834	0.03268	0.01013	0.06113	0.08125	0.02207	0.07443	0.07052	0.05681	0.06338	0.00805	0.00229	0.00603	0.02910	0.03318	0.06225
15	0.09921	0.05621	0.03751	0.01953	0.18458	0.04091	0.01314	0.16153	0.04240	0.07485	0.03011	0.04191	0.01350	0.04149	0.02895	0.00250	0.09169	0.00627	0.00464	0.00907
16	0.05068	0.21152	0.07652	0.05889	0.14468	0.01852	0.01413	0.14038	0.06024	0.04680	0.02732	0.01787	0.01241	0.00741	0.00671	0.00194	0.04562	0.03206	0.00425	0.02206
17	0.13150	0.03972	0.14008	0.06210	0.08580	0.08591	0.01407	0.13216	0.01695	0.07410	0.01646	0.01796	0.05904	0.00770	0.00714	0.00202	0.06102	0.00569	0.00435	0.03622
18	0.07113	0.05370	0.05165	0.01416	0.04217	0.08628	0.01148	0.21967	0.09851	0.17170	0.03867	0.04582	0.03044	0.00831	0.00633	0.00198	0.00675	0.00650	0.00589	0.02885

[dist]
# distance from previous block
# <min> <max>
3	67

[block]
# block no. 1 follows, 33 sequences, length 23
# corresponding to MSA columns:
# 123-145
name=unknown_B
#
# <colnr> <probs for GDERKNQSTAVLIFYWHMCP>
#	G	D	E	R	K	N	Q	S	T	A	V	L	I	F	Y	W	H	M	C	P
0	0.01605	0.06237	0.01563	0.03595	0.01652	0.11661	0.02722	0.08010	0.08806	0.06864	0.02586	0.13368	0.09757	0.03454	0.00869	0.00231	0.05434	0.06641	0.00521	0.04424
1	0.15608	0.07887	0.06755	0.04088	0.01664	0.11706	0.01074	0.03870	0.01411	0.04212	0.06082	0.02260	0.04265	0.05853	0.09618	0.00330	0.07015	0.02850	0.00411	0.03044
2	0.14243	0.31602	0.09390	0.03586	0.01917	0.15571	0.03310	0.02184	0.06789	0.01938	0.01150	0.01359	0.00963	0.02808	0.00593	0.00188	0.00792	0.00447	0.00347	0.00822
3	0.02053	0.06490	0.11939	0.01511	0.01980	0.10700	0.01360	0.22184	0.09386	0.10914	0.01574	0.01672	0.01177	0.00981	0.04085	0.00245	0.09714	0.00570	0.00505	0.00959
4	0.02114	0.35421	0.05278	0.01358	0.01852	0.23214	0.01201	0.05465	0.06192	0.10287	0.01299	0.01362	0.01026	0.00661	0.00535	0.00167	0.00828	0.00451	0.00404	0.00884
5	0.01324	0.01030	0.04229	0.00968	0.01244	0.05113	0.00788	0.01645	0.04037	0.12784	0.30475	0.06779	0.22174	0.01303	0.00745	0.00214	0.00454	0.03324	0.00656	0.00713
6	0.01637	0.01414	0.01489	0.01340	0.01712	0.01637	0.01042	0.03498	0.71568	0.02754	0.02679	0.02456	0.02010	0.00893	0.00670	0.00223	0.00521	0.00744	0.00670	0.01042
7	0.01460	0.01167	0.01375	0.00987	0.01567	0.00883	0.00791	0.01750	0.01396	0.06376	0.01255	0.01417	0.01014	0.00507	0.00498	0.00104	0.00492	0.00406	0.00415	0.76140
8	0.02283	0.06064	0.10432	0.01545	0.02049	0.19977	0.01361	0.30594	0.02255	0.10181	0.01502	0.01682	0.01133	0.00777	0.00680	0.00196	0.03131	0.02670	0.00517	0.00970
9	0.00780	0.00660	0.00674	0.00685	0.00894	0.00554	0.00508	0.00943	0.01484	0.01771	0.06453	0.11308	0.67657	0.01695	0.00782	0.00225	0.00337	0.01424	0.00611	0.00554
10	0.00802	0.00573	0.00764	0.00917	0.00955	0.00535	0.00611	0.00917	0.01260	0.01681	0.03628	0.76434	0.04354	0.02062	0.00840	0.00267	0.00382	0.01872	0.00611	0.00535
11	0.00802	0.00573	0.00764	0.00917	0.00955	0.00535	0.00611	0.00917	0.01260	0.01681	0.03628	0.76434	0.04354	0.02062	0.00840	0.00267	0.00382	0.01872	0.00611	0.00535
12	0.01320	0.03405	0.73453	0.01876	0.02849	0.01529	0.02432	0.02085	0.01390	0.02085	0.01181	0.01390	0.00834	0.00625	0.00625	0.00208	0.00973	0.00486	0.00278	0.00973
13	0.01554	0.01776	0.03885	0.02775	0.03441	0.01665	0.70366	0.02109	0.01554	0.02109	0.01332	0.01776	0.00999	0.00555	0.00777	0.00222	0.01110	0.00777	0.00333	0.00888
14	0.00802	0.00573	0.00764	0.00917	0.00955	0.00535	0.00611	0.00917	0.01260	0.01681	0.03628	0.76434	0.04354	0.02062	0.00840	0.00267	0.00382	0.01872	0.00611	0.00535
15	0.02954	0.01120	0.01528	0.01171	0.01681	0.00968	0.00968	0.03208	0.01884	0.73213	0.02597	0.02241	0.01630	0.00815	0.00662	0.00204	0.00560	0.00662	0.00815	0.01120
16	0.00942	0.00699	0.01025	0.01025	0.01132	0.00805	0.00782	0.01155	0.01048	0.01504	0.01793	0.02752	0.01718	0.11852	0.67438	0.01018	0.01655	0.00730	0.00357	0.00570
17	0.00932	0.00673	0.00880	0.00828	0.00984	0.00621	0.00621	0.01242	0.01863	0.02640	0.72410	0.04918	0.06212	0.01346	0.00776	0.00207	0.00311	0.01191	0.00725	0.00621
18	0.01760	0.77260	0.03450	0.01126	0.01690	0.02605	0.01126	0.01971	0.01338	0.01549	0.00915	0.01056	0.00845	0.00563	0.00422	0.00141	0.00704	0.00352	0.00282	0.00845
19	0.02459	0.03138	0.01866	0.01696	0.02035	0.74221	0.01272	0.02629	0.01866	0.01611	0.01018	0.01187	0.00848	0.00678	0.00594	0.00170	0.01187	0.00424	0.00339	0.00763
20	0.00957	0.00638	0.00718	0.00718	0.00718	0.00638	0.00399	0.00957	0.00957	0.01276	0.02074	0.04308	0.02393	0.76864	0.03351	0.00638	0.00638	0.00957	0.00399	0.00399
21	0.00954	0.00710	0.00910	0.01015	0.01168	0.00675	0.00837	0.01189	0.01464	0.01862	0.04312	0.14035	0.22485	0.04716	0.00961	0.00290	0.00510	0.40731	0.00600	0.00577
22	0.01615	0.01321	0.01440	0.01130	0.01631	0.03960	0.00894	0.06295	0.17792	0.06601	0.01700	0.04016	0.01363	0.00676	0.00565	0.00147	0.00538	0.00548	0.00501	0.47267

[dist]
# distance from previous block
# <min> <max>
0	1

[block]
# block no. 2 follows, 33 sequences, length 8
# corresponding to MSA columns:
# 147-154
name=unknown_C
#
# <colnr> <probs for GDERKNQSTAVLIFYWHMCP>
#	G	D	E	R	K	N	Q	S	T	A	V	L	I	F	Y	W	H	M	C	P
0	0.02065	0.26001	0.09598	0.01423	0.01980	0.06638	0.01313	0.31453	0.08592	0.02828	0.01395	0.01451	0.01068	0.00704	0.00577	0.00181	0.00753	0.00509	0.00482	0.00988
1	0.01079	0.00779	0.00927	0.00934	0.01058	0.00774	0.00652	0.10668	0.01533	0.02043	0.09621	0.39914	0.09175	0.16165	0.01287	0.00320	0.00468	0.01416	0.00587	0.00600
2	0.01770	0.27337	0.27155	0.01641	0.02315	0.13254	0.07176	0.08438	0.01617	0.02027	0.01117	0.01297	0.00879	0.00623	0.00569	0.00180	0.00906	0.00466	0.00328	0.00905
3	0.07038	0.02136	0.02415	0.04668	0.02466	0.24941	0.21533	0.16576	0.01914	0.02397	0.01228	0.01473	0.00948	0.00670	0.00705	0.00196	0.03709	0.00569	0.00407	0.04012
4	0.01754	0.56123	0.16130	0.01303	0.01938	0.02351	0.01378	0.08906	0.01524	0.01909	0.01031	0.01170	0.00871	0.00598	0.00483	0.00159	0.00755	0.00401	0.00319	0.00896
5	0.00916	0.00632	0.00753	0.00784	0.00813	0.00629	0.00482	0.00967	0.01054	0.01404	0.02596	0.18680	0.06345	0.51995	0.08667	0.00578	0.00666	0.01141	0.00448	0.00450
6	0.09418	0.07392	0.01667	0.05864	0.01789	0.04151	0.01083	0.11088	0.04278	0.21446	0.07306	0.04141	0.01886	0.00955	0.00803	0.00218	0.08182	0.06877	0.00574	0.00881
7	0.02296	0.14843	0.02051	0.01424	0.01879	0.29084	0.01155	0.15604	0.06113	0.12026	0.01434	0.01472	0.01084	0.00699	0.00584	0.00173	0.00845	0.00494	0.00479	0.06260

[dist]
# distance from previous block
# <min> <max>
10	50

[block]
# block no. 3 follows, 33 sequences, length 42
# corresponding to MSA columns:
# 206-247
name=unknown_D
#
# <colnr> <probs for GDERKNQSTAVLIFYWHMCP>
#	G	D	E	R	K	N	Q	S	T	A	V	L	I	F	Y	W	H	M	C	P
0	0.10891	0.09000	0.01948	0.01422	0.01862	0.18292	0.06043	0.14146	0.01850	0.12595	0.05310	0.01655	0.01311	0.00735	0.00667	0.00186	0.04290	0.00546	0.00487	0.06763
1	0.15132	0.06865	0.10087	0.01226	0.01648	0.05632	0.01097	0.06925	0.05758	0.16212	0.05095	0.11765	0.04392	0.00970	0.00698	0.00212	0.04144	0.00759	0.00534	0.00851
2	0.07461	0.04964	0.01754	0.07384	0.02053	0.37430	0.01182	0.04817	0.07915	0.14295	0.01534	0.03710	0.01190	0.00754	0.00608	0.00189	0.00895	0.00547	0.00468	0.00852
3	0.21619	0.04667	0.01645	0.01244	0.01702	0.03365	0.06859	0.14304	0.07773	0.10207	0.04382	0.02090	0.07522	0.00788	0.00592	0.00193	0.00607	0.00624	0.00531	0.09285
4	0.00930	0.00624	0.00801	0.00881	0.00926	0.00605	0.00601	0.00989	0.01162	0.01534	0.02922	0.32044	0.05667	0.25623	0.01851	0.10198	0.00517	0.11149	0.00504	0.00473
5	0.47563	0.09291	0.01390	0.01003	0.01430	0.04151	0.00833	0.05837	0.01388	0.10537	0.01324	0.05824	0.01093	0.00722	0.00489	0.00193	0.00563	0.00500	0.00462	0.05405
6	0.00859	0.00608	0.00796	0.00905	0.00961	0.00577	0.00622	0.00996	0.01306	0.01754	0.10813	0.52996	0.04239	0.12142	0.01181	0.00314	0.00428	0.07376	0.00594	0.00532
7	0.01760	0.77260	0.03450	0.01126	0.01690	0.02605	0.01126	0.01971	0.01338	0.01549	0.00915	0.01056	0.00845	0.00563	0.00422	0.00141	0.00704	0.00352	0.00282	0.00845
8	0.01374	0.12367	0.64958	0.01785	0.02709	0.01659	0.02274	0.02071	0.01384	0.02020	0.01149	0.01349	0.00835	0.00618	0.00601	0.00200	0.00940	0.00470	0.00278	0.00957
9	0.01355	0.01387	0.02659	0.49284	0.04142	0.01535	0.26403	0.01835	0.01402	0.01835	0.01228	0.01763	0.00921	0.00621	0.00701	0.00220	0.00961	0.00654	0.00307	0.00787
10	0.00802	0.00573	0.00764	0.00917	0.00955	0.00535	0.00611	0.00917	0.01260	0.01681	0.03628	0.76434	0.04354	0.02062	0.00840	0.00267	0.00382	0.01872	0.00611	0.00535
11	0.02934	0.01152	0.01547	0.01186	0.01696	0.01014	0.00980	0.06123	0.01937	0.70224	0.02553	0.02212	0.01608	0.00814	0.00662	0.00203	0.00567	0.00659	0.00808	0.01120
12	0.02166	0.01016	0.01357	0.07553	0.01732	0.00942	0.00937	0.02510	0.05514	0.44171	0.08697	0.06482	0.11953	0.01025	0.00696	0.00212	0.00526	0.00860	0.00716	0.00936
13	0.01320	0.03405	0.73453	0.01876	0.02849	0.01529	0.02432	0.02085	0.01390	0.02085	0.01181	0.01390	0.00834	0.00625	0.00625	0.00208	0.00973	0.00486	0.00278	0.00973
14	0.00802	0.00573	0.00764	0.00917	0.00955	0.00535	0.00611	0.00917	0.01260	0.01681	0.03628	0.76434	0.04354	0.02062	0.00840	0.00267	0.00382	0.01872	0.00611	0.00535
15	0.05208	0.01885	0.01936	0.01501	0.02015	0.05414	0.01234	0.65018	0.02970	0.03989	0.01531	0.01545	0.01093	0.00779	0.00647	0.00196	0.00739	0.00577	0.00635	0.01089
16	0.02606	0.01043	0.01416	0.01112	0.01561	0.00908	0.00908	0.02870	0.01881	0.61062	0.14617	0.02702	0.02419	0.00906	0.00682	0.00204	0.00517	0.00753	0.00799	0.01034
17	0.00957	0.00638	0.00718	0.00718	0.00718	0.00638	0.00399	0.00957	0.00957	0.01276	0.02074	0.04308	0.02393	0.76864	0.03351	0.00638	0.00638	0.00957	0.00399	0.00399
18	0.02874	0.01138	0.01525	0.01182	0.01682	0.01008	0.00972	0.03226	0.06115	0.68935	0.02602	0.02254	0.01653	0.00820	0.00663	0.00205	0.00558	0.00667	0.00806	0.01116
19	0.01760	0.77260	0.03450	0.01126	0.01690	0.02605	0.01126	0.01971	0.01338	0.01549	0.00915	0.01056	0.00845	0.00563	0.00422	0.00141	0.00704	0.00352	0.00282	0.00845
20	0.01613	0.40532	0.30635	0.01449	0.02160	0.02101	0.01637	0.05064	0.05698	0.01944	0.01155	0.01294	0.00923	0.00617	0.00527	0.00175	0.00799	0.00439	0.00320	0.00919
21	0.02265	0.01713	0.01772	0.01425	0.01887	0.06180	0.01152	0.43269	0.17510	0.08848	0.05660	0.01973	0.01605	0.00837	0.00664	0.00202	0.00674	0.00652	0.00657	0.01055
22	0.00957	0.00638	0.00718	0.00718	0.00718	0.00638	0.00399	0.00957	0.00957	0.01276	0.02074	0.04308	0.02393	0.76864	0.03351	0.00638	0.00638	0.00957	0.00399	0.00399
23	0.00807	0.00673	0.00707	0.00712	0.00925	0.00573	0.00544	0.00993	0.01529	0.01856	0.11529	0.06293	0.63224	0.01652	0.00786	0.00226	0.00348	0.05438	0.00620	0.00564
24	0.00957	0.00638	0.00718	0.00718	0.00718	0.00638	0.00399	0.00957	0.00957	0.01276	0.02074	0.04308	0.02393	0.76864	0.03351	0.00638	0.00638	0.00957	0.00399	0.00399
25	0.01372	0.01194	0.01422	0.01041	0.01575	0.00977	0.00838	0.01651	0.01334	0.02096	0.01143	0.01372	0.00965	0.00546	0.00634	0.00114	0.07062	0.00406	0.00381	0.73876
26	0.01760	0.77260	0.03450	0.01126	0.01690	0.02605	0.01126	0.01971	0.01338	0.01549	0.00915	0.01056	0.00845	0.00563	0.00422	0.00141	0.00704	0.00352	0.00282	0.00845
27	0.01320	0.03405	0.73453	0.01876	0.02849	0.01529	0.02432	0.02085	0.01390	0.02085	0.01181	0.01390	0.00834	0.00625	0.00625	0.00208	0.00973	0.00486	0.00278	0.00973
28	0.01692	0.65904	0.14213	0.01242	0.01868	0.02439	0.01327	0.01989	0.01346	0.01631	0.00956	0.01107	0.00843	0.00573	0.00454	0.00151	0.00745	0.00373	0.00281	0.00865
29	0.01629	0.01564	0.02672	0.04041	0.72757	0.01564	0.02020	0.02020	0.01499	0.02151	0.01238	0.01629	0.01043	0.00587	0.00652	0.00196	0.00782	0.00587	0.00326	0.01043
30	0.01746	0.01280	0.01624	0.14109	0.02179	0.01234	0.01099	0.12282	0.01671	0.12453	0.01418	0.01595	0.01067	0.00648	0.00664	0.00160	0.04933	0.00504	0.00468	0.38865
31	0.03699	0.24306	0.04737	0.01678	0.05069	0.10768	0.13592	0.04799	0.01539	0.06393	0.04446	0.06642	0.01411	0.00792	0.00742	0.00195	0.07320	0.00639	0.00394	0.00838
32	0.09158	0.11716	0.02179	0.13838	0.08105	0.17176	0.09810	0.02044	0.01507	0.05921	0.01505	0.06446	0.01347	0.00806	0.00634	0.00203	0.00840	0.05574	0.00391	0.00797
33	0.01927	0.10196	0.07610	0.01564	0.05029	0.20615	0.03679	0.07659	0.01674	0.09943	0.01624	0.07044	0.03384	0.00827	0.00738	0.00190	0.06781	0.00624	0.00435	0.08458
34	0.28964	0.15291	0.03816	0.01256	0.01683	0.25438	0.01051	0.06082	0.01578	0.04407	0.04218	0.01350	0.01078	0.00674	0.00515	0.00181	0.00783	0.00441	0.00400	0.00791
35	0.07079	0.13926	0.04595	0.03686	0.03910	0.24623	0.01200	0.11645	0.01710	0.02106	0.03710	0.03644	0.01227	0.02831	0.00834	0.02963	0.06281	0.00541	0.00394	0.03094
36	0.21307	0.15445	0.05008	0.01384	0.03632	0.20599	0.01146	0.11809	0.01714	0.06469	0.03177	0.01384	0.01055	0.00691	0.00579	0.00185	0.02678	0.00465	0.00424	0.00848
37	0.08374	0.38652	0.04862	0.01403	0.05097	0.17271	0.01190	0.08119	0.01625	0.02012	0.05060	0.01387	0.01171	0.00659	0.00515	0.00165	0.00781	0.00451	0.00364	0.00842
38	0.14222	0.18862	0.05439	0.05632	0.06399	0.18148	0.01229	0.06164	0.03030	0.08196	0.01244	0.01464	0.01001	0.03281	0.00689	0.00200	0.03080	0.00480	0.00397	0.00843
39	0.17027	0.23045	0.05981	0.01411	0.04381	0.24937	0.01175	0.04439	0.01580	0.06136	0.03616	0.01361	0.01071	0.00663	0.00527	0.00175	0.00817	0.00447	0.00384	0.00825
40	0.17493	0.23641	0.02105	0.04565	0.01847	0.24708	0.01105	0.07217	0.01626	0.06269	0.01270	0.01389	0.02919	0.00676	0.00525	0.00176	0.00809	0.00451	0.00393	0.00817
41	0.08283	0.14209	0.17368	0.01545	0.02071	0.26376	0.01452	0.11446	0.01744	0.04053	0.01138	0.01295	0.00892	0.00688	0.00653	0.00187	0.04895	0.00458	0.00375	0.00872

[dist]
# distance from previous block
# <min> <max>
1	65

[block]
# block no. 4 follows, 33 sequences, length 25
# corresponding to MSA columns:
# 334-358
name=unknown_E
#
# <colnr> <probs for GDERKNQSTAVLIFYWHMCP>
#	G	D	E	R	K	N	Q	S	T	A	V	L	I	F	Y	W	H	M	C	P
0	0.07642	0.09214	0.12409	0.01521	0.05544	0.19058	0.02982	0.06098	0.05970	0.02111	0.03608	0.06044	0.03948	0.03314	0.00693	0.00201	0.00786	0.00623	0.00411	0.07823
1	0.09415	0.14706	0.07153	0.05625	0.06855	0.18942	0.01318	0.13977	0.01767	0.02283	0.01365	0.01756	0.02337	0.00749	0.00625	0.00189	0.02691	0.04330	0.00404	0.03513
2	0.13332	0.10022	0.06342	0.01389	0.01852	0.21348	0.04419	0.08549	0.01722	0.12349	0.01704	0.01965	0.04632	0.00778	0.00597	0.00191	0.00796	0.04039	0.00465	0.03510
3	0.04887	0.07802	0.06639	0.10153	0.09887	0.08355	0.01283	0.12462	0.03495	0.10439	0.05525	0.02045	0.03332	0.05090	0.00774	0.00215	0.00723	0.00614	0.00472	0.05810
4	0.11712	0.01661	0.03313	0.09039	0.03988	0.11346	0.08553	0.12482	0.01654	0.02360	0.03929	0.01630	0.01160	0.00922	0.04268	0.00237	0.08980	0.00556	0.00407	0.11805
5	0.11601	0.01750	0.02149	0.05631	0.15977	0.14089	0.12696	0.12110	0.01767	0.02439	0.05373	0.01983	0.01397	0.00737	0.00647	0.00200	0.00821	0.04096	0.00426	0.04110
6	0.04746	0.01530	0.01956	0.45866	0.08017	0.09488	0.01622	0.13109	0.03481	0.02184	0.01254	0.01648	0.00947	0.00682	0.00641	0.00208	0.00857	0.00564	0.00374	0.00825
7	0.03883	0.06985	0.12587	0.14038	0.12055	0.14172	0.01571	0.15288	0.04631	0.02361	0.01272	0.01496	0.00980	0.00665	0.00610	0.00190	0.00845	0.00519	0.00396	0.05455
8	0.02255	0.01664	0.01896	0.01759	0.12312	0.06551	0.01245	0.33177	0.03900	0.14483	0.01620	0.01655	0.01171	0.00714	0.00628	0.00182	0.00698	0.00565	0.00573	0.12950
9	0.01429	0.01447	0.02356	0.17389	0.06654	0.01817	0.13010	0.01717	0.01191	0.01724	0.01027	0.01573	0.00900	0.00918	0.01531	0.00257	0.43382	0.00612	0.00299	0.00769
10	0.01157	0.01009	0.00950	0.00952	0.01028	0.11482	0.00637	0.01240	0.01169	0.01442	0.02158	0.14313	0.02408	0.42776	0.11550	0.00556	0.00824	0.03421	0.00423	0.00504
11	0.00809	0.00580	0.00779	0.00924	0.00966	0.00550	0.00622	0.00930	0.01250	0.01673	0.03532	0.72610	0.04214	0.02211	0.04642	0.00308	0.00453	0.01811	0.00598	0.00537
12	0.01863	0.01462	0.01559	0.01314	0.01690	0.01643	0.01026	0.28398	0.35370	0.03062	0.02176	0.02399	0.01731	0.12037	0.01060	0.00275	0.00615	0.00719	0.00626	0.00977
13	0.01525	0.13150	0.16404	0.06339	0.03135	0.01767	0.44031	0.02061	0.01479	0.01999	0.01234	0.01598	0.00939	0.00575	0.00691	0.00207	0.01012	0.00651	0.00313	0.00888
14	0.01254	0.01185	0.01977	0.71253	0.04380	0.01493	0.01807	0.01677	0.01299	0.01677	0.01153	0.01738	0.00877	0.00685	0.00740	0.00223	0.04973	0.00585	0.00292	0.00731
15	0.01344	0.01273	0.02156	0.56710	0.22319	0.01489	0.01878	0.01770	0.01364	0.01804	0.01188	0.01722	0.00921	0.00640	0.00657	0.00213	0.00853	0.00585	0.00301	0.00813
16	0.02421	0.02853	0.01862	0.01650	0.02019	0.59622	0.01257	0.12745	0.05794	0.02049	0.01190	0.01314	0.00951	0.00707	0.00607	0.00177	0.01083	0.00466	0.00404	0.00831
17	0.01999	0.07807	0.01896	0.03764	0.06791	0.33870	0.01239	0.02847	0.28682	0.02086	0.01671	0.01713	0.01310	0.00746	0.00616	0.00191	0.00858	0.00558	0.00460	0.00895
18	0.00909	0.00623	0.00727	0.00766	0.00787	0.00608	0.00458	0.00946	0.01061	0.01404	0.02690	0.22846	0.06222	0.54169	0.02587	0.00524	0.00558	0.01212	0.00463	0.00441
19	0.00811	0.00577	0.00761	0.00905	0.00941	0.00541	0.00599	0.00919	0.01243	0.01658	0.03540	0.72344	0.04243	0.06305	0.00983	0.00288	0.00396	0.01820	0.00599	0.00527
20	0.13830	0.01345	0.01544	0.01435	0.06930	0.01435	0.01064	0.08988	0.28622	0.22779	0.02210	0.02164	0.01601	0.00818	0.00632	0.00212	0.00570	0.02163	0.00644	0.01013
21	0.02522	0.01993	0.01934	0.01522	0.02020	0.12604	0.01238	0.56676	0.02844	0.07761	0.01556	0.01561	0.01109	0.00775	0.00649	0.00194	0.00783	0.00572	0.00621	0.01067
22	0.01554	0.01776	0.03885	0.02775	0.03441	0.01665	0.70366	0.02109	0.01554	0.02109	0.01332	0.01776	0.00999	0.00555	0.00777	0.00222	0.01110	0.00777	0.00333	0.00888
23	0.00986	0.00772	0.01145	0.01119	0.01225	0.00931	0.00879	0.01212	0.01054	0.01533	0.01682	0.02483	0.01575	0.04596	0.67744	0.00988	0.08437	0.00694	0.00347	0.00600
24	0.01817	0.71366	0.03329	0.01164	0.01717	0.05482	0.01137	0.04630	0.01426	0.01651	0.00945	0.01081	0.00856	0.00577	0.00438	0.00144	0.00724	0.00364	0.00298	0.00852

[dist]
# distance from previous block
# <min> <max>
0	1

[block]
# block no. 5 follows, 33 sequences, length 10
# corresponding to MSA columns:
# 360-369
name=unknown_F
#
# <colnr> <probs for GDERKNQSTAVLIFYWHMCP>
#	G	D	E	R	K	N	Q	S	T	A	V	L	I	F	Y	W	H	M	C	P
0	0.02226	0.01594	0.01737	0.01407	0.01873	0.01760	0.01138	0.37004	0.29065	0.11802	0.02120	0.01993	0.01519	0.00832	0.00663	0.00208	0.00627	0.00659	0.00681	0.01090
1	0.01407	0.01337	0.02270	0.45059	0.33476	0.01506	0.01910	0.01826	0.01394	0.01881	0.01199	0.01702	0.00948	0.00628	0.00655	0.00209	0.00837	0.00586	0.00307	0.00863
2	0.07706	0.01666	0.02615	0.01955	0.02491	0.01713	0.30664	0.30473	0.02139	0.02983	0.01599	0.07935	0.01311	0.00784	0.00706	0.00214	0.00844	0.00762	0.00497	0.00942
3	0.01243	0.01170	0.01975	0.75282	0.04534	0.01463	0.01828	0.01682	0.01316	0.01682	0.01170	0.01755	0.00878	0.00658	0.00658	0.00219	0.00878	0.00585	0.00293	0.00731
4	0.00933	0.00635	0.00718	0.00729	0.00748	0.00625	0.00422	0.00953	0.01018	0.01342	0.02513	0.09838	0.07456	0.66003	0.02983	0.00581	0.00598	0.01056	0.00430	0.00420
5	0.02503	0.01844	0.01976	0.01515	0.02042	0.02042	0.01251	0.70562	0.03095	0.04149	0.01581	0.01581	0.01120	0.00790	0.00659	0.00198	0.00724	0.00593	0.00659	0.01120
6	0.02173	0.01603	0.01990	0.13152	0.14667	0.04207	0.01411	0.34656	0.02288	0.12292	0.01590	0.01717	0.01145	0.00733	0.00649	0.00199	0.00739	0.00594	0.03177	0.01018
7	0.01566	0.01605	0.02441	0.30364	0.32952	0.09305	0.08452	0.01967	0.01475	0.01913	0.01198	0.01643	0.00956	0.00620	0.00660	0.00204	0.00893	0.00587	0.00315	0.00881
8	0.07516	0.05305	0.02131	0.21920	0.11807	0.21068	0.06605	0.05246	0.01626	0.08838	0.01276	0.01547	0.00970	0.00660	0.00621	0.00196	0.00895	0.00537	0.00386	0.00850
9	0.01590	0.01754	0.08907	0.40126	0.11644	0.10763	0.01741	0.09304	0.01608	0.02048	0.01204	0.01601	0.00918	0.00658	0.00640	0.00203	0.00885	0.00550	0.00344	0.03512

[dist]
# distance from previous block
# <min> <max>
3	93

[block]
# block no. 6 follows, 33 sequences, length 20
# corresponding to MSA columns:
# 463-482
name=unknown_G
#
# <colnr> <probs for GDERKNQSTAVLIFYWHMCP>
#	G	D	E	R	K	N	Q	S	T	A	V	L	I	F	Y	W	H	M	C	P
0	0.02207	0.06633	0.01846	0.04382	0.01966	0.21495	0.01183	0.26774	0.04102	0.09450	0.01754	0.03641	0.02655	0.00851	0.00645	0.00195	0.00804	0.05342	0.00534	0.03541
1	0.09244	0.01434	0.01509	0.06621	0.01844	0.08687	0.03226	0.11603	0.05345	0.02381	0.01754	0.06109	0.05363	0.02601	0.00653	0.00179	0.00635	0.00621	0.00456	0.29735
2	0.08690	0.04637	0.05982	0.01309	0.01737	0.12544	0.01107	0.23080	0.02018	0.07257	0.07398	0.04862	0.06831	0.00892	0.00691	0.00195	0.03708	0.00676	0.00530	0.05855
3	0.01586	0.20662	0.07845	0.01401	0.01918	0.05708	0.10693	0.01963	0.04139	0.06408	0.01962	0.02229	0.09070	0.00780	0.00650	0.00178	0.03162	0.03287	0.00411	0.15950
4	0.01848	0.55045	0.02905	0.01201	0.01708	0.10956	0.01111	0.09009	0.01593	0.01840	0.01418	0.01513	0.06133	0.00681	0.00493	0.00156	0.00737	0.00461	0.00351	0.00842
5	0.01534	0.09485	0.07505	0.01735	0.01924	0.06512	0.05421	0.01756	0.01155	0.01649	0.00929	0.01401	0.00867	0.00989	0.01693	0.00256	0.53585	0.00549	0.00292	0.00764
6	0.52939	0.01701	0.06538	0.01134	0.01589	0.09022	0.00984	0.10795	0.05504	0.02892	0.01132	0.01249	0.00861	0.00658	0.00489	0.00201	0.00641	0.00425	0.00438	0.00808
7	0.43590	0.06347	0.04317	0.01147	0.01599	0.09055	0.00976	0.10881	0.06698	0.08036	0.01275	0.01347	0.00954	0.00674	0.00506	0.00197	0.00641	0.00449	0.00469	0.00842
8	0.01111	0.00895	0.00836	0.00818	0.00853	0.08185	0.00488	0.01129	0.01051	0.01311	0.01966	0.03988	0.02235	0.69051	0.03068	0.00590	0.00695	0.00903	0.00393	0.00436
9	0.01656	0.01436	0.01459	0.01296	0.01659	0.04711	0.01010	0.09540	0.53192	0.02761	0.06586	0.02729	0.07151	0.00954	0.00679	0.00218	0.00545	0.00786	0.00653	0.00979
10	0.02414	0.03063	0.01872	0.01697	0.02022	0.71031	0.01279	0.02583	0.01828	0.01610	0.01011	0.01198	0.00849	0.00699	0.00663	0.00175	0.04477	0.00431	0.00337	0.00761
11	0.00923	0.00655	0.00796	0.00787	0.00870	0.00638	0.00526	0.01061	0.01309	0.01781	0.23797	0.07683	0.10748	0.36229	0.08986	0.00490	0.00605	0.01088	0.00524	0.00506
12	0.01656	0.52136	0.24393	0.01374	0.02051	0.05143	0.01524	0.02032	0.01374	0.01712	0.00999	0.01161	0.00842	0.00586	0.00490	0.00162	0.00804	0.00395	0.00283	0.00880
13	0.00909	0.00725	0.00822	0.00794	0.00999	0.00665	0.00603	0.01258	0.06664	0.02198	0.32550	0.05521	0.39094	0.01488	0.00773	0.00218	0.00345	0.03095	0.00661	0.00618
14	0.09027	0.06178	0.03490	0.01262	0.01706	0.01324	0.07319	0.09187	0.12016	0.12919	0.05008	0.02514	0.10594	0.01113	0.05213	0.00249	0.00666	0.00713	0.00547	0.08957
15	0.04997	0.09676	0.08368	0.01305	0.01852	0.04672	0.03019	0.10949	0.15710	0.07676	0.01591	0.01636	0.01207	0.00667	0.00573	0.00169	0.00645	0.00522	0.00486	0.24280
16	0.08224	0.01555	0.01798	0.06657	0.02036	0.07654	0.07276	0.21896	0.05615	0.10050	0.01583	0.01907	0.01246	0.08527	0.00949	0.00240	0.02969	0.00608	0.00510	0.08702
17	0.04443	0.07365	0.10077	0.01328	0.01859	0.08253	0.01189	0.20126	0.04718	0.03983	0.05748	0.01660	0.01343	0.00707	0.00630	0.00170	0.02923	0.00529	0.00473	0.22475
18	0.07105	0.06617	0.01887	0.01496	0.03570	0.20115	0.03039	0.22822	0.04878	0.10796	0.01664	0.04096	0.02990	0.00799	0.00665	0.00193	0.03021	0.00595	0.00519	0.03134
19	0.03259	0.05532	0.09242	0.01537	0.01976	0.20334	0.08567	0.05244	0.07727	0.07189	0.06861	0.06189	0.03222	0.00848	0.00720	0.00197	0.04396	0.00681	0.00458	0.05820

[dist]
# distance from previous block
# <min> <max>
5	85

[block]
# block no. 7 follows, 33 sequences, length 71
# corresponding to MSA columns:
# 614-684
name=unknown_H
#
# <colnr> <probs for GDERKNQSTAVLIFYWHMCP>
#	G	D	E	R	K	N	Q	S	T	A	V	L	I	F	Y	W	H	M	C	P
0	0.04225	0.09035	0.01710	0.08282	0.01903	0.11238	0.03015	0.04324	0.07476	0.13605	0.06594	0.05588	0.05113	0.00966	0.02489	0.00211	0.00694	0.02253	0.00509	0.10771
1	0.07110	0.09059	0.01896	0.04013	0.01919	0.14945	0.05377	0.13604	0.07206	0.10254	0.05520	0.04067	0.01494	0.00763	0.00609	0.00183	0.00729	0.00603	0.00503	0.10146
2	0.04389	0.04260	0.07076	0.01510	0.03941	0.15554	0.05125	0.11260	0.06162	0.09419	0.05403	0.01874	0.01434	0.00748	0.00669	0.00183	0.03275	0.02208	0.00479	0.15032
3	0.07914	0.01590	0.03933	0.01570	0.06470	0.08516	0.05279	0.15412	0.12942	0.15784	0.05319	0.02031	0.01578	0.01156	0.07278	0.00280	0.00798	0.00643	0.00563	0.00947
4	0.04060	0.05439	0.04578	0.01505	0.04460	0.08498	0.05460	0.18294	0.11253	0.13489	0.03453	0.03503	0.01425	0.00757	0.00627	0.00188	0.00698	0.00615	0.00548	0.11152
5	0.08062	0.07600	0.03617	0.06146	0.04289	0.20447	0.06765	0.06994	0.12379	0.02246	0.04764	0.01690	0.01324	0.00699	0.00600	0.00182	0.00796	0.00551	0.00432	0.10418
6	0.05560	0.04044	0.06109	0.09591	0.09054	0.05054	0.03389	0.12199	0.06705	0.11388	0.06182	0.04345	0.03674	0.04960	0.02700	0.00252	0.02713	0.00701	0.00503	0.00876
7	0.01763	0.08162	0.12727	0.03239	0.04101	0.03640	0.01257	0.11128	0.04988	0.13093	0.04158	0.04043	0.01478	0.03530	0.05592	0.02979	0.04898	0.00625	0.00478	0.08121
8	0.01774	0.01349	0.01528	0.01168	0.01683	0.01261	0.00938	0.22770	0.06261	0.06451	0.01623	0.06455	0.01338	0.00725	0.00583	0.00152	0.00559	0.00585	0.00526	0.42271
9	0.01818	0.09043	0.07783	0.06171	0.05852	0.24298	0.18587	0.04161	0.04130	0.01952	0.04376	0.01629	0.01185	0.00698	0.00742	0.00199	0.05590	0.00587	0.00360	0.00840
10	0.00778	0.00667	0.00667	0.00667	0.00889	0.00556	0.00500	0.00945	0.01501	0.01778	0.06669	0.06336	0.72490	0.01667	0.00778	0.00222	0.00333	0.01389	0.00611	0.00556
11	0.01533	0.01892	0.12174	0.02245	0.06256	0.04038	0.29137	0.02117	0.08752	0.02014	0.01308	0.01677	0.01043	0.00772	0.01119	0.00236	0.21808	0.00658	0.00348	0.00873
12	0.01003	0.00764	0.01137	0.01181	0.01338	0.00738	0.05415	0.01270	0.01486	0.01968	0.10774	0.25296	0.05657	0.01748	0.00865	0.00276	0.00541	0.37335	0.00602	0.00606
13	0.01365	0.01170	0.01365	0.00975	0.01560	0.00878	0.00780	0.01658	0.01365	0.02145	0.01170	0.01365	0.00975	0.00488	0.00488	0.00098	0.00488	0.00390	0.00390	0.80888
14	0.01780	0.63319	0.10165	0.01251	0.01835	0.08978	0.01268	0.02042	0.01391	0.01607	0.00951	0.01101	0.00844	0.00580	0.00458	0.00150	0.00774	0.00372	0.00286	0.00850
15	0.00931	0.00697	0.01039	0.01049	0.01161	0.00804	0.00809	0.01159	0.01071	0.01538	0.01885	0.07418	0.01823	0.04749	0.69451	0.01006	0.01673	0.00782	0.00370	0.00584
16	0.02453	0.01831	0.04504	0.01488	0.02032	0.01916	0.01260	0.61491	0.02899	0.08530	0.01620	0.01610	0.01138	0.00776	0.00652	0.00195	0.00715	0.00587	0.00647	0.03655
17	0.01883	0.01639	0.01981	0.06733	0.16596	0.08107	0.04908	0.22006	0.13526	0.04924	0.03680	0.02209	0.07203	0.00820	0.00672	0.00204	0.00727	0.00692	0.00526	0.00964
18	0.00801	0.00673	0.00699	0.00708	0.00923	0.00571	0.00541	0.00982	0.01513	0.01818	0.08555	0.06362	0.65884	0.01667	0.00787	0.00227	0.00351	0.05763	0.00615	0.00561
19	0.01434	0.01250	0.01591	0.01142	0.01730	0.00995	0.06245	0.04980	0.01462	0.02238	0.01202	0.01408	0.00984	0.00507	0.00518	0.00112	0.00548	0.00430	0.00398	0.70826
20	0.01637	0.01414	0.01489	0.01340	0.01712	0.01637	0.01042	0.03498	0.71568	0.02754	0.02679	0.02456	0.02010	0.00893	0.00670	0.00223	0.00521	0.00744	0.00670	0.01042
21	0.02381	0.05755	0.05405	0.06029	0.02173	0.04598	0.01304	0.49040	0.02625	0.11761	0.01600	0.01618	0.01126	0.00761	0.00643	0.00196	0.00743	0.00576	0.00605	0.01061
22	0.01637	0.01373	0.01466	0.01301	0.01663	0.01565	0.01016	0.08980	0.58396	0.02861	0.09921	0.02640	0.02376	0.00932	0.00680	0.00219	0.00516	0.00778	0.00675	0.01004
23	0.00801	0.00579	0.00758	0.00900	0.00951	0.00536	0.00604	0.00918	0.01276	0.01687	0.03827	0.71851	0.08809	0.02037	0.00836	0.00264	0.00379	0.01840	0.00611	0.00536
24	0.00922	0.00683	0.00864	0.00845	0.00996	0.00638	0.00623	0.01244	0.04227	0.02414	0.53062	0.16060	0.12007	0.01471	0.00783	0.00218	0.00331	0.01299	0.00694	0.00617
25	0.02517	0.01408	0.01656	0.01314	0.01798	0.01448	0.01071	0.23862	0.18051	0.36130	0.02305	0.02088	0.01560	0.00825	0.00663	0.00206	0.00602	0.00659	0.00734	0.01102
26	0.00822	0.00584	0.00772	0.00915	0.00955	0.00550	0.00614	0.00936	0.01250	0.01665	0.03521	0.69121	0.04205	0.06948	0.01007	0.00293	0.00407	0.04309	0.00597	0.00529
27	0.00812	0.00577	0.00761	0.00904	0.00939	0.00541	0.00597	0.00919	0.01241	0.01654	0.03527	0.71715	0.04226	0.06957	0.01005	0.00292	0.00399	0.01812	0.00597	0.00526
28	0.01365	0.01170	0.01365	0.00975	0.01560	0.00878	0.00780	0.01658	0.01365	0.02145	0.01170	0.01365	0.00975	0.00488	0.00488	0.00098	0.00488	0.00390	0.00390	0.80888
29	0.01379	0.01299	0.02133	0.41684	0.28916	0.01461	0.01787	0.01860	0.05039	0.01913	0.01564	0.01988	0.04782	0.00698	0.00663	0.00211	0.00796	0.00636	0.00341	0.00851
30	0.01202	0.00733	0.00923	0.00850	0.01061	0.00656	0.00642	0.01453	0.01727	0.13174	0.41714	0.09460	0.18880	0.03534	0.00837	0.00226	0.00368	0.01188	0.00699	0.00672
31	0.01719	0.03713	0.12694	0.13781	0.24863	0.13184	0.01707	0.03946	0.08253	0.05268	0.03640	0.01738	0.01235	0.00686	0.00641	0.00199	0.00837	0.00578	0.00390	0.00927
32	0.00907	0.00672	0.00846	0.00802	0.00968	0.00611	0.00602	0.01194	0.01805	0.02501	0.61820	0.05146	0.16888	0.01398	0.00777	0.00210	0.00314	0.01223	0.00706	0.00611
33	0.01365	0.01170	0.01365	0.00975	0.01560	0.00878	0.00780	0.01658	0.01365	0.02145	0.01170	0.01365	0.00975	0.00488	0.00488	0.00098	0.00488	0.00390	0.00390	0.80888
34	0.01518	0.01497	0.03856	0.11449	0.13977	0.04964	0.07704	0.02187	0.15347	0.02175	0.01488	0.01706	0.01171	0.00626	0.00609	0.00173	0.00699	0.00558	0.00411	0.27883
35	0.72486	0.01352	0.01063	0.00933	0.01348	0.03718	0.00765	0.05276	0.01265	0.05503	0.01012	0.01140	0.00770	0.00629	0.00434	0.00202	0.00542	0.00381	0.00432	0.00749
36	0.02612	0.01046	0.01410	0.01106	0.01561	0.00907	0.00904	0.02868	0.01862	0.61521	0.10707	0.02756	0.05826	0.00919	0.00681	0.00205	0.00520	0.00760	0.00794	0.01035
37	0.01132	0.01019	0.01421	0.10232	0.01757	0.04562	0.04600	0.01366	0.01183	0.01600	0.01970	0.07318	0.06228	0.07427	0.34284	0.00634	0.11469	0.00798	0.00371	0.00630
38	0.01835	0.03749	0.07836	0.15428	0.04946	0.27137	0.14402	0.04703	0.05666	0.01924	0.01229	0.01530	0.00964	0.00686	0.00737	0.00203	0.05280	0.00561	0.00351	0.00833
39	0.02273	0.01581	0.01715	0.01388	0.01843	0.03883	0.01130	0.37713	0.16817	0.15106	0.04581	0.02256	0.01688	0.00881	0.00676	0.00208	0.00649	0.03883	0.00677	0.01051
40	0.00802	0.00573	0.00764	0.00917	0.00955	0.00535	0.00611	0.00917	0.01260	0.01681	0.03628	0.76434	0.04354	0.02062	0.00840	0.00267	0.00382	0.01872	0.00611	0.00535
41	0.01144	0.00973	0.01245	0.07234	0.04242	0.01024	0.03219	0.01844	0.21711	0.02112	0.08750	0.21576	0.17604	0.01439	0.02609	0.00252	0.00522	0.01173	0.00584	0.00741
42	0.07047	0.08102	0.04013	0.05913	0.11647	0.15002	0.10299	0.10626	0.04780	0.11768	0.01431	0.01591	0.01074	0.00690	0.00674	0.00197	0.03212	0.00562	0.00447	0.00925
43	0.03909	0.01195	0.04193	0.06127	0.01869	0.02812	0.07834	0.02245	0.01721	0.31308	0.21396	0.05079	0.02763	0.00960	0.00754	0.00212	0.03274	0.00828	0.00642	0.00878
44	0.81514	0.01273	0.00968	0.00866	0.01273	0.01477	0.00713	0.01935	0.01120	0.02954	0.00917	0.01069	0.00713	0.00611	0.00407	0.00204	0.00509	0.00356	0.00407	0.00713
45	0.00902	0.00615	0.00734	0.00789	0.00803	0.00601	0.00475	0.00943	0.01066	0.01421	0.02630	0.30083	0.03094	0.50133	0.02454	0.00506	0.00547	0.01284	0.00475	0.00447
46	0.05458	0.13768	0.04842	0.01820	0.07675	0.05580	0.14092	0.13984	0.17644	0.06206	0.01631	0.01720	0.01234	0.00700	0.00629	0.00198	0.00766	0.00603	0.00482	0.00968
47	0.01864	0.01773	0.08144	0.06425	0.07739	0.11644	0.04727	0.12498	0.01771	0.10794	0.01735	0.02134	0.03910	0.00809	0.00748	0.00198	0.05680	0.05009	0.00466	0.11930
48	0.01594	0.49422	0.29836	0.01409	0.02127	0.02199	0.01619	0.02014	0.01357	0.01751	0.01016	0.01182	0.00841	0.00587	0.00499	0.00166	0.00805	0.00403	0.00280	0.00893
49	0.01525	0.01974	0.12337	0.02666	0.03369	0.01648	0.62113	0.02106	0.01534	0.02106	0.01314	0.01729	0.00979	0.00564	0.00759	0.00220	0.01093	0.00742	0.00326	0.00898
50	0.00788	0.00667	0.00681	0.00677	0.00895	0.00560	0.00508	0.00964	0.01524	0.01834	0.10897	0.06244	0.68228	0.01647	0.00778	0.00221	0.00332	0.01377	0.00619	0.00560
51	0.01710	0.58194	0.05471	0.01252	0.01787	0.07234	0.04729	0.01997	0.03183	0.01671	0.03168	0.01503	0.04442	0.00655	0.00492	0.00157	0.00734	0.00465	0.00325	0.00831
52	0.02820	0.01192	0.01551	0.01195	0.01696	0.01083	0.00985	0.11310	0.02018	0.62246	0.02620	0.02308	0.04123	0.00843	0.00666	0.00204	0.00572	0.00680	0.00788	0.01100
53	0.00809	0.00655	0.00721	0.00744	0.00926	0.00566	0.00550	0.00989	0.01505	0.01872	0.14015	0.17767	0.51109	0.01698	0.00792	0.00230	0.00347	0.03515	0.00625	0.00562
54	0.02682	0.01364	0.01673	0.03664	0.01872	0.01355	0.01080	0.27123	0.02282	0.44010	0.02174	0.01997	0.01425	0.00799	0.00654	0.00200	0.00621	0.00633	0.03299	0.01091
55	0.02473	0.01014	0.01374	0.01090	0.01515	0.00885	0.00885	0.02741	0.01879	0.56437	0.19192	0.02877	0.02719	0.00941	0.00689	0.00204	0.00501	0.00788	0.00793	0.01002
56	0.00787	0.00655	0.00687	0.00704	0.00901	0.00555	0.00518	0.00952	0.01484	0.01797	0.08639	0.15045	0.61606	0.01705	0.00786	0.00227	0.00339	0.01443	0.00615	0.00555
57	0.00893	0.00698	0.00830	0.00899	0.01083	0.00636	0.00731	0.01111	0.01494	0.01850	0.05234	0.10411	0.41400	0.01748	0.00834	0.00257	0.00445	0.28261	0.00609	0.00575
58	0.02954	0.01120	0.01528	0.01171	0.01681	0.00968	0.00968	0.03208	0.01884	0.73213	0.02597	0.02241	0.01630	0.00815	0.00662	0.00204	0.00560	0.00662	0.00815	0.01120
59	0.01042	0.00854	0.01252	0.01194	0.01287	0.01064	0.00948	0.01258	0.01048	0.01540	0.01582	0.02355	0.01488	0.04172	0.59676	0.00902	0.16707	0.00679	0.00340	0.00615
60	0.01461	0.01493	0.01822	0.01601	0.01660	0.09835	0.01307	0.01625	0.01113	0.01577	0.01048	0.01624	0.01007	0.01799	0.15315	0.00417	0.53705	0.00583	0.00306	0.00700
61	0.01422	0.02581	0.39561	0.02201	0.02956	0.01632	0.28086	0.02041	0.01412	0.02041	0.01205	0.01542	0.00900	0.00654	0.00844	0.00222	0.08881	0.00606	0.00300	0.00914
62	0.01449	0.01484	0.02802	0.13012	0.06143	0.01502	0.37624	0.02149	0.12807	0.02118	0.01792	0.06820	0.01520	0.00795	0.00748	0.00228	0.00891	0.04842	0.00415	0.00858
63	0.05701	0.02472	0.30928	0.06933	0.12337	0.10419	0.11597	0.02070	0.01435	0.02017	0.01149	0.01464	0.00887	0.00662	0.00766	0.00211	0.07209	0.00541	0.00308	0.00895
64	0.11846	0.01573	0.02314	0.12759	0.50376	0.06022	0.01782	0.02003	0.01449	0.02159	0.01175	0.01547	0.00967	0.00605	0.00618	0.00198	0.00785	0.00547	0.00333	0.00943
65	0.01590	0.03428	0.05626	0.01684	0.08653	0.07613	0.09815	0.13068	0.03447	0.04717	0.06760	0.12626	0.06486	0.03779	0.00807	0.00229	0.00706	0.05097	0.00508	0.03362
66	0.01640	0.01707	0.06869	0.16182	0.30006	0.07307	0.09719	0.06214	0.01577	0.04140	0.01389	0.05511	0.01167	0.00718	0.00715	0.00208	0.02994	0.00658	0.00367	0.00912
67	0.05552	0.08289	0.08278	0.05155	0.07200	0.14832	0.06001	0.06514	0.07395	0.06367	0.01838	0.04566	0.05467	0.06736	0.00840	0.00230	0.00784	0.00662	0.00436	0.02858
68	0.04280	0.07684	0.01972	0.05197	0.09639	0.18539	0.04780	0.09412	0.01646	0.04110	0.01436	0.01786	0.03287	0.05534	0.03190	0.00236	0.05087	0.00561	0.00397	0.11227
69	0.03722	0.01841	0.03507	0.03868	0.04658	0.20616	0.07819	0.09257	0.07876	0.08262	0.01855	0.06395	0.04726	0.00948	0.02656	0.00220	0.03508	0.00679	0.00471	0.07117
70	0.07193	0.04381	0.01836	0.01570	0.05324	0.27110	0.03737	0.16695	0.03922	0.04444	0.01437	0.06432	0.01219	0.00763	0.00607	0.00180	0.00826	0.00583	0.00456	0.11284

[dist]
# distance from previous block
# <min> <max>
5	73

[block]
# block no. 8 follows, 33 sequences, length 20
# corresponding to MSA columns:
# 763-782
name=unknown_I
#
# <colnr> <probs for GDERKNQSTAVLIFYWHMCP>
#	G	D	E	R	K	N	Q	S	T	A	V	L	I	F	Y	W	H	M	C	P
0	0.03679	0.08589	0.02045	0.05153	0.07113	0.08028	0.06494	0.15889	0.04330	0.08832	0.01505	0.04700	0.01212	0.00723	0.00647	0.00179	0.02662	0.00587	0.00471	0.17161
1	0.05968	0.10280	0.04298	0.03275	0.01631	0.09953	0.03902	0.06989	0.03421	0.10794	0.09409	0.06533	0.14037	0.05693	0.00821	0.00227	0.00641	0.00827	0.00524	0.00776
2	0.04655	0.15499	0.15631	0.01750	0.09126	0.11271	0.06384	0.09285	0.01621	0.02139	0.01480	0.11135	0.01363	0.00809	0.00614	0.00191	0.00797	0.00667	0.00391	0.05192
3	0.01678	0.05838	0.05204	0.12603	0.12195	0.16374	0.03248	0.12088	0.01763	0.02175	0.05124	0.10449	0.06646	0.00924	0.00668	0.00203	0.00786	0.00772	0.00440	0.00822
4	0.15186	0.01982	0.01651	0.01376	0.01806	0.22822	0.01089	0.28069	0.02139	0.05409	0.01424	0.05436	0.01156	0.00775	0.00596	0.00187	0.00782	0.00561	0.00507	0.07048
5	0.02085	0.01155	0.05052	0.01118	0.01526	0.00983	0.00941	0.10017	0.01901	0.36895	0.14303	0.09177	0.09780	0.01081	0.00705	0.00211	0.00521	0.00907	0.00717	0.00924
6	0.05705	0.07073	0.06455	0.01723	0.07216	0.14541	0.04905	0.22883	0.05754	0.05629	0.01580	0.02026	0.01293	0.00818	0.00703	0.00205	0.03695	0.06377	0.00488	0.00929
7	0.01094	0.01043	0.08356	0.00995	0.01199	0.00859	0.00812	0.05556	0.04616	0.01901	0.10453	0.11944	0.08367	0.29898	0.04864	0.00420	0.00630	0.05881	0.00504	0.00607
8	0.00823	0.00596	0.00743	0.00850	0.00908	0.00554	0.00562	0.00927	0.01246	0.01630	0.03804	0.55206	0.13525	0.13905	0.01231	0.00320	0.00416	0.01659	0.00577	0.00516
9	0.00933	0.00668	0.00849	0.00932	0.01015	0.00645	0.00650	0.04593	0.01405	0.01880	0.09893	0.52867	0.05837	0.09122	0.01070	0.00295	0.00430	0.05747	0.00603	0.00565
10	0.09723	0.24755	0.11027	0.01820	0.09167	0.06413	0.13173	0.06180	0.04506	0.02145	0.01183	0.01390	0.00948	0.00607	0.00566	0.00181	0.00807	0.00501	0.00354	0.04551
11	0.00890	0.00638	0.00799	0.00860	0.00936	0.00613	0.00596	0.01026	0.01287	0.01712	0.11568	0.29917	0.11101	0.22864	0.05340	0.00403	0.00533	0.07846	0.00552	0.00519
12	0.00927	0.00617	0.00809	0.00922	0.00997	0.00573	0.00636	0.01055	0.01303	0.05192	0.03663	0.62140	0.07784	0.05421	0.00948	0.00281	0.00411	0.05147	0.00611	0.00562
