[name]
unknown

[dist]
# distance from previous block
# <min> <max>
31	86

[block]
# block no. 0 follows, 32 sequences, length 11
# corresponding to MSA columns:
# 100-110
name=unknown_A
#
# <colnr> <probs for GDERKNQSTAVLIFYWHMCP>
#	G	D	E	R	K	N	Q	S	T	A	V	L	I	F	Y	W	H	M	C	P
0	0.04551	0.06519	0.09378	0.06211	0.18387	0.04974	0.03466	0.04932	0.05438	0.07250	0.07210	0.02359	0.05486	0.04256	0.00769	0.00220	0.00701	0.00686	0.06327	0.00879
1	0.05105	0.05503	0.08643	0.11696	0.11775	0.11853	0.01397	0.09545	0.06921	0.02316	0.10298	0.02180	0.01800	0.04481	0.03463	0.00255	0.00815	0.00655	0.00446	0.00854
2	0.06430	0.12137	0.14653	0.01733	0.09208	0.07039	0.05211	0.13028	0.03660	0.02413	0.05881	0.12195	0.01795	0.00910	0.00652	0.00206	0.00750	0.00759	0.00454	0.00886
3	0.04469	0.01354	0.06762	0.04172	0.09690	0.06403	0.03434	0.04012	0.03956	0.08737	0.10016	0.16119	0.12286	0.01213	0.00733	0.00226	0.00620	0.04458	0.00550	0.00789
4	0.04379	0.02255	0.25009	0.04144	0.10381	0.08633	0.04853	0.08526	0.08684	0.05040	0.01683	0.01832	0.03703	0.00725	0.00640	0.00202	0.00821	0.00592	0.03717	0.04180
5	0.15832	0.12782	0.20876	0.04855	0.13904	0.05308	0.01612	0.06981	0.04513	0.05583	0.01279	0.01456	0.00977	0.00656	0.00579	0.00198	0.00787	0.00498	0.00389	0.00938
6	0.04433	0.01446	0.01862	0.17556	0.11965	0.07663	0.03718	0.05147	0.06437	0.04731	0.06196	0.05742	0.03962	0.00885	0.00852	0.00215	0.09614	0.00713	0.00439	0.06425
7	0.01519	0.10471	0.05165	0.07984	0.13938	0.04457	0.12863	0.04282	0.05722	0.03944	0.07509	0.10585	0.04365	0.00945	0.00702	0.00215	0.00748	0.03281	0.00454	0.00851
8	0.01326	0.03457	0.01276	0.05192	0.03305	0.13024	0.00908	0.04721	0.06997	0.01992	0.08134	0.34339	0.09777	0.01461	0.00754	0.00232	0.00590	0.01264	0.00557	0.00693
9	0.07534	0.01309	0.01677	0.04280	0.09119	0.05568	0.07174	0.10142	0.04294	0.10965	0.08140	0.13640	0.08280	0.01219	0.03399	0.00251	0.00687	0.00927	0.00556	0.00841
10	0.01763	0.08826	0.09275	0.07177	0.33766	0.07017	0.01725	0.07519	0.07988	0.04163	0.01473	0.03753	0.01206	0.00705	0.00644	0.00200	0.00799	0.00608	0.00402	0.00990

[dist]
# distance from previous block
# <min> <max>
0	16

[block]
# block no. 1 follows, 32 sequences, length 22
# corresponding to MSA columns:
# 127-148
name=unknown_B
#
# <colnr> <probs for GDERKNQSTAVLIFYWHMCP>
#	G	D	E	R	K	N	Q	S	T	A	V	L	I	F	Y	W	H	M	C	P
0	0.01585	0.05805	0.19703	0.04294	0.10842	0.05276	0.38381	0.02143	0.01538	0.02086	0.01271	0.01637	0.00966	0.00595	0.00712	0.00213	0.01040	0.00658	0.00322	0.00930
1	0.01049	0.00871	0.01078	0.01254	0.09772	0.00825	0.00811	0.04673	0.04894	0.02043	0.07237	0.20138	0.37556	0.01561	0.00784	0.00234	0.00443	0.03501	0.00597	0.00679
2	0.03882	0.04150	0.01905	0.30801	0.08965	0.08228	0.01460	0.05461	0.09400	0.12743	0.01705	0.05516	0.01334	0.00790	0.00660	0.00213	0.00777	0.00662	0.00465	0.00884
3	0.04744	0.03920	0.13998	0.07130	0.04898	0.01437	0.08974	0.16585	0.01800	0.09013	0.01994	0.10799	0.04185	0.06443	0.00889	0.00249	0.00752	0.00807	0.00494	0.00887
4	0.00956	0.00808	0.03765	0.06845	0.01430	0.00796	0.00884	0.01193	0.01230	0.01723	0.05133	0.29290	0.02769	0.03174	0.33465	0.00621	0.01077	0.01149	0.03085	0.00608
5	0.01801	0.01849	0.12240	0.15292	0.25664	0.04811	0.08004	0.08085	0.03742	0.09819	0.01462	0.01730	0.01091	0.00669	0.00673	0.00209	0.00853	0.00607	0.00414	0.00986
6	0.01557	0.01504	0.02568	0.16113	0.47553	0.01556	0.07960	0.02064	0.05806	0.02130	0.01530	0.01905	0.03400	0.00663	0.00682	0.00209	0.00813	0.00652	0.00358	0.00977
7	0.01503	0.12751	0.28389	0.02334	0.18698	0.01732	0.08715	0.02052	0.03908	0.02031	0.01338	0.04928	0.01128	0.00733	0.00769	0.00211	0.06898	0.00612	0.00332	0.00942
8	0.01613	0.02149	0.14379	0.01367	0.01785	0.25354	0.01228	0.05016	0.05009	0.01962	0.03203	0.03191	0.26040	0.01072	0.00745	0.00208	0.03629	0.00821	0.00461	0.00770
9	0.01789	0.10648	0.01784	0.04230	0.05129	0.15687	0.01101	0.07097	0.19867	0.05426	0.05275	0.05933	0.05014	0.03249	0.02649	0.00237	0.00735	0.00728	0.02554	0.00869
10	0.01748	0.01973	0.15509	0.01834	0.02328	0.07451	0.16562	0.08626	0.06524	0.08803	0.01720	0.09512	0.01458	0.00912	0.00931	0.00230	0.11758	0.00763	0.00454	0.00903
11	0.00816	0.00591	0.00771	0.00915	0.00968	0.00547	0.00614	0.00936	0.01303	0.01720	0.03934	0.70685	0.09581	0.02071	0.00852	0.00269	0.00386	0.01870	0.00623	0.00547
12	0.04537	0.04336	0.11840	0.07227	0.29692	0.05952	0.11095	0.05308	0.03257	0.04664	0.01580	0.01849	0.04287	0.00685	0.00666	0.00205	0.00849	0.00629	0.00382	0.00960
13	0.01671	0.07647	0.06291	0.19459	0.03304	0.01777	0.31425	0.12839	0.04619	0.02357	0.01375	0.01726	0.01031	0.00647	0.00704	0.00215	0.00949	0.00666	0.00390	0.00912
14	0.08172	0.01160	0.01510	0.01189	0.01681	0.01052	0.00985	0.05651	0.01895	0.61433	0.02541	0.02470	0.01699	0.00872	0.00671	0.00213	0.00576	0.04361	0.00784	0.01085
15	0.00943	0.00793	0.00923	0.00854	0.01084	0.02344	0.04382	0.01169	0.01579	0.02024	0.16154	0.08146	0.47131	0.01495	0.00762	0.00218	0.00400	0.01275	0.07719	0.00605
16	0.01681	0.01652	0.02636	0.05998	0.64031	0.04996	0.01993	0.02060	0.01519	0.02128	0.01234	0.01635	0.01041	0.00628	0.00725	0.00203	0.03893	0.00590	0.00330	0.01026
17	0.00836	0.00681	0.00736	0.00727	0.00925	0.00594	0.00539	0.01023	0.01537	0.01913	0.16722	0.05937	0.54390	0.05934	0.04284	0.00287	0.00420	0.01327	0.00618	0.00570
18	0.01037	0.00671	0.00875	0.00956	0.01080	0.00617	0.00696	0.01207	0.01432	0.07759	0.07380	0.48855	0.12886	0.01877	0.00839	0.00263	0.00423	0.09889	0.00645	0.00611
19	0.06347	0.09456	0.17628	0.04668	0.12234	0.13583	0.08098	0.10160	0.05570	0.04125	0.01326	0.01521	0.01015	0.00668	0.00627	0.00198	0.00891	0.00542	0.00395	0.00947
20	0.01936	0.05474	0.11173	0.05007	0.19495	0.11026	0.01590	0.16501	0.11830	0.05008	0.01553	0.01707	0.01188	0.00829	0.02568	0.00224	0.00844	0.00583	0.00463	0.01002
21	0.04012	0.11324	0.01544	0.01230	0.04038	0.05134	0.00938	0.01472	0.01185	0.01651	0.01544	0.02291	0.01461	0.09511	0.41783	0.00720	0.04693	0.00638	0.00353	0.04477

[dist]
# distance from previous block
# <min> <max>
0	5

[block]
# block no. 2 follows, 32 sequences, length 57
# corresponding to MSA columns:
# 154-210
name=unknown_C
#
# <colnr> <probs for GDERKNQSTAVLIFYWHMCP>
#	G	D	E	R	K	N	Q	S	T	A	V	L	I	F	Y	W	H	M	C	P
0	0.05067	0.01856	0.11637	0.04598	0.38292	0.03821	0.13829	0.02134	0.04956	0.02235	0.04153	0.01795	0.01263	0.00649	0.00677	0.00208	0.00851	0.00636	0.00364	0.00979
1	0.01209	0.02633	0.50577	0.01650	0.02396	0.01292	0.04664	0.01807	0.01420	0.02027	0.02294	0.12545	0.10689	0.00979	0.00695	0.00223	0.00827	0.00826	0.00378	0.00870
2	0.04888	0.04640	0.15486	0.05352	0.06287	0.01322	0.08340	0.04617	0.10285	0.05067	0.06859	0.17905	0.03984	0.01063	0.00708	0.00225	0.00683	0.00943	0.00497	0.00849
3	0.03720	0.02188	0.21807	0.08970	0.27969	0.06474	0.05777	0.05020	0.01528	0.02155	0.01205	0.01549	0.00953	0.00678	0.00784	0.00213	0.07160	0.00563	0.00331	0.00955
4	0.01481	0.01470	0.01266	0.01188	0.01451	0.17536	0.00893	0.02192	0.22407	0.02249	0.18006	0.11802	0.12926	0.01210	0.00724	0.00217	0.00595	0.01009	0.00603	0.00774
5	0.01280	0.10164	0.09019	0.12743	0.08283	0.03740	0.06450	0.01611	0.01425	0.01861	0.04101	0.19573	0.04479	0.03552	0.00812	0.00244	0.00716	0.08763	0.00440	0.00744
6	0.01707	0.10519	0.18583	0.05443	0.15023	0.03787	0.10249	0.11557	0.01716	0.05147	0.01525	0.07319	0.01281	0.00764	0.00658	0.00205	0.00832	0.00673	0.02065	0.00946
7	0.01045	0.00754	0.00941	0.01014	0.01119	0.00746	0.00708	0.09995	0.01530	0.02043	0.03424	0.66224	0.04005	0.01932	0.00832	0.00263	0.00435	0.01737	0.00629	0.00623
8	0.00863	0.00694	0.00712	0.00700	0.00933	0.00581	0.00528	0.01040	0.01552	0.03932	0.08617	0.06291	0.67927	0.01664	0.00789	0.00226	0.00346	0.01388	0.00633	0.00585
9	0.01596	0.19583	0.35411	0.01691	0.05336	0.07997	0.01784	0.05310	0.03859	0.02076	0.03732	0.01782	0.01246	0.02944	0.00688	0.00209	0.00868	0.02620	0.00353	0.00915
10	0.01661	0.01594	0.02724	0.04119	0.72233	0.01594	0.02059	0.02059	0.01528	0.02192	0.01262	0.01661	0.01063	0.00598	0.00664	0.00199	0.00797	0.00598	0.00332	0.01063
11	0.01166	0.00583	0.00874	0.00874	0.00874	0.00583	0.00583	0.00874	0.00874	0.01166	0.01166	0.02040	0.01166	0.02331	0.02622	0.80478	0.00583	0.00583	0.00291	0.00291
12	0.01289	0.01223	0.02092	0.70457	0.06719	0.01500	0.03872	0.01738	0.01355	0.01742	0.01200	0.01785	0.00903	0.00665	0.00674	0.00223	0.00898	0.00602	0.00300	0.00760
13	0.17276	0.08719	0.07759	0.05992	0.02004	0.03935	0.01220	0.17060	0.12814	0.11846	0.01712	0.01865	0.01285	0.00776	0.00605	0.00207	0.00682	0.02743	0.00540	0.00957
14	0.00863	0.00682	0.00777	0.00754	0.00950	0.00596	0.00565	0.01099	0.01696	0.02208	0.36078	0.05807	0.42434	0.01552	0.00792	0.00220	0.00329	0.01325	0.00675	0.00596
15	0.01772	0.01035	0.01108	0.00941	0.01238	0.01082	0.00747	0.21843	0.01962	0.08554	0.02055	0.02222	0.01545	0.00793	0.00545	0.00174	0.00458	0.00623	0.50486	0.00818
16	0.01565	0.01966	0.10959	0.02823	0.08162	0.01676	0.58233	0.02141	0.01563	0.02150	0.01335	0.01759	0.01004	0.00575	0.00767	0.00223	0.01094	0.00748	0.00333	0.00925
17	0.14531	0.01147	0.01465	0.01527	0.11742	0.01140	0.01071	0.06357	0.01685	0.26271	0.02215	0.02916	0.01788	0.00935	0.00651	0.00217	0.00582	0.12326	0.10524	0.00909
18	0.38155	0.01588	0.10670	0.01184	0.01697	0.01439	0.01085	0.04663	0.12362	0.18615	0.01659	0.01640	0.01174	0.00722	0.00553	0.00211	0.00601	0.00520	0.00541	0.00921
19	0.01002	0.00716	0.00989	0.01136	0.01258	0.00703	0.00935	0.01258	0.01486	0.01953	0.06333	0.26596	0.04122	0.01904	0.00902	0.00295	0.00542	0.46648	0.00624	0.00598
20	0.02659	0.01706	0.01906	0.01461	0.01994	0.01823	0.01207	0.54273	0.02864	0.20362	0.01855	0.01770	0.01264	0.00811	0.00672	0.00203	0.00699	0.00621	0.00709	0.01141
21	0.00962	0.00703	0.00999	0.00999	0.01092	0.00796	0.00740	0.01147	0.01055	0.01499	0.01870	0.03037	0.01852	0.21340	0.57690	0.00981	0.01535	0.00778	0.00370	0.00555
22	0.00893	0.00671	0.00845	0.00956	0.01085	0.00623	0.00735	0.01086	0.01437	0.01835	0.04547	0.34386	0.23741	0.01908	0.00860	0.00271	0.00447	0.22479	0.00621	0.00574
23	0.00960	0.00752	0.01127	0.01133	0.01236	0.00742	0.06507	0.01126	0.01283	0.01720	0.03115	0.47223	0.03605	0.12042	0.03676	0.00351	0.03010	0.09268	0.00550	0.00573
24	0.02376	0.02989	0.01832	0.01674	0.02001	0.67587	0.01258	0.02555	0.01832	0.01635	0.01101	0.01330	0.00933	0.01057	0.06766	0.00249	0.01259	0.00456	0.00347	0.00763
25	0.02539	0.01786	0.01942	0.01501	0.02027	0.01957	0.01236	0.59930	0.07165	0.10332	0.01773	0.01726	0.01243	0.00814	0.00672	0.00204	0.00711	0.00620	0.00686	0.01136
26	0.01527	0.01194	0.01305	0.01196	0.01525	0.01303	0.00933	0.02801	0.45253	0.07596	0.06245	0.06466	0.13779	0.01152	0.00725	0.00232	0.00493	0.04671	0.00680	0.00924
27	0.01037	0.00726	0.00963	0.03968	0.01260	0.00710	0.00784	0.04161	0.01492	0.04320	0.09296	0.47884	0.06448	0.01830	0.00839	0.00264	0.00460	0.12311	0.00628	0.00619
28	0.04134	0.00730	0.00803	0.00870	0.00986	0.02721	0.00608	0.01098	0.01369	0.01844	0.07901	0.38700	0.18871	0.09305	0.01057	0.00288	0.00433	0.03659	0.04062	0.00561
29	0.01645	0.01578	0.02695	0.06957	0.69518	0.01590	0.02051	0.02045	0.01520	0.02173	0.01259	0.01666	0.01056	0.00601	0.00665	0.00200	0.00801	0.00598	0.00331	0.01050
30	0.00793	0.00680	0.00680	0.00680	0.00906	0.00566	0.00510	0.00963	0.01529	0.01813	0.06797	0.06457	0.71961	0.01699	0.00793	0.00227	0.00340	0.01416	0.00623	0.00566
31	0.08922	0.43178	0.02649	0.01277	0.01755	0.19577	0.01125	0.03844	0.04237	0.03745	0.01181	0.03654	0.01041	0.00682	0.00507	0.00167	0.00798	0.00457	0.00363	0.00841
32	0.01492	0.01422	0.02419	0.34391	0.43278	0.01550	0.01975	0.01912	0.01448	0.01988	0.01232	0.01716	0.00991	0.00629	0.00667	0.00210	0.00839	0.00597	0.00318	0.00927
33	0.01054	0.00764	0.01041	0.01175	0.01326	0.00760	0.00997	0.01380	0.03393	0.02012	0.05811	0.14859	0.06176	0.01835	0.00904	0.00297	0.00572	0.54397	0.00624	0.00621
34	0.81159	0.01298	0.00986	0.00882	0.01298	0.01505	0.00727	0.01972	0.01142	0.03010	0.00934	0.01090	0.00727	0.00623	0.00415	0.00208	0.00519	0.00363	0.00415	0.00727
35	0.81159	0.01298	0.00986	0.00882	0.01298	0.01505	0.00727	0.01972	0.01142	0.03010	0.00934	0.01090	0.00727	0.00623	0.00415	0.00208	0.00519	0.00363	0.00415	0.00727
36	0.00961	0.00711	0.01038	0.01038	0.01143	0.00817	0.00788	0.01172	0.01066	0.01527	0.01835	0.02842	0.01767	0.13421	0.65493	0.01028	0.01663	0.00749	0.00365	0.00576
37	0.01453	0.02637	0.42373	0.02619	0.24054	0.01570	0.06581	0.02066	0.01452	0.02126	0.01295	0.01713	0.01022	0.00677	0.00718	0.00215	0.03457	0.02673	0.00313	0.00987
38	0.01418	0.12841	0.55467	0.01962	0.08523	0.01674	0.02206	0.02075	0.01435	0.02078	0.03581	0.01515	0.01056	0.00651	0.00618	0.00202	0.00916	0.00511	0.00303	0.00968
39	0.00922	0.00639	0.00798	0.00849	0.00879	0.00644	0.00540	0.00995	0.01091	0.01472	0.02579	0.27252	0.02972	0.41837	0.13015	0.00592	0.00736	0.01239	0.00469	0.00480
40	0.01123	0.00963	0.01480	0.20667	0.14829	0.01013	0.01232	0.01424	0.01469	0.01959	0.11579	0.21263	0.10151	0.01303	0.00765	0.00237	0.00599	0.06733	0.00500	0.00710
41	0.01391	0.01811	0.17570	0.39031	0.19032	0.01541	0.06331	0.01906	0.01414	0.01935	0.01221	0.01682	0.00930	0.00641	0.00670	0.00216	0.00909	0.00587	0.00305	0.00878
42	0.01597	0.01530	0.02609	0.15496	0.61351	0.01578	0.02028	0.02004	0.01498	0.02115	0.01251	0.01681	0.01036	0.00610	0.00665	0.00203	0.00813	0.00598	0.00327	0.01012
43	0.01346	0.03471	0.72942	0.01912	0.02904	0.01558	0.02479	0.02125	0.01417	0.02125	0.01204	0.01417	0.00850	0.00637	0.00637	0.00212	0.00992	0.00496	0.00283	0.00992
44	0.00959	0.00679	0.00828	0.00874	0.01019	0.00625	0.00654	0.01160	0.01497	0.03646	0.15531	0.23133	0.23471	0.06975	0.00997	0.00275	0.00420	0.12287	0.04385	0.00586
45	0.01432	0.07920	0.63317	0.01887	0.02815	0.04780	0.04542	0.02143	0.01440	0.02071	0.01185	0.01399	0.00857	0.00634	0.00628	0.00207	0.00989	0.00494	0.00288	0.00971
46	0.02557	0.01405	0.01714	0.10648	0.06932	0.09629	0.01210	0.02841	0.01803	0.47575	0.02221	0.02284	0.01527	0.00823	0.00676	0.00209	0.00704	0.03558	0.00664	0.01021
47	0.01483	0.02424	0.38852	0.04609	0.19468	0.01429	0.03721	0.02058	0.01482	0.06311	0.01605	0.04667	0.01350	0.00799	0.00685	0.00220	0.00866	0.06641	0.00371	0.00959
48	0.01563	0.01482	0.02512	0.08612	0.61678	0.01499	0.01925	0.01941	0.01495	0.02120	0.01463	0.07928	0.01336	0.00729	0.00681	0.00207	0.00769	0.00708	0.00354	0.00998
49	0.01374	0.01186	0.01976	0.56426	0.06332	0.01398	0.04655	0.01827	0.03394	0.06094	0.01546	0.08084	0.01284	0.00801	0.00692	0.00226	0.00829	0.00725	0.00372	0.00780
50	0.01543	0.01752	0.08906	0.15543	0.33227	0.01606	0.23423	0.02035	0.01504	0.02092	0.01275	0.01709	0.01002	0.00603	0.00703	0.00213	0.00935	0.00650	0.00325	0.00953
51	0.00829	0.00631	0.00756	0.00829	0.00946	0.00566	0.00578	0.00983	0.01430	0.01846	0.12478	0.41465	0.28086	0.04221	0.00908	0.00261	0.00372	0.01628	0.00629	0.00558
52	0.01363	0.06322	0.70243	0.01883	0.02858	0.01601	0.02427	0.02120	0.01415	0.02104	0.01194	0.01403	0.00850	0.00635	0.00629	0.00210	0.00981	0.00490	0.00283	0.00987
53	0.01029	0.07128	0.01284	0.01084	0.01242	0.00992	0.00865	0.01266	0.01102	0.01559	0.01724	0.02505	0.01609	0.04657	0.67585	0.01000	0.01706	0.00689	0.00353	0.00621
54	0.01523	0.01866	0.09468	0.05508	0.03307	0.01673	0.54538	0.02063	0.01506	0.02074	0.01320	0.01780	0.01011	0.00763	0.03258	0.00257	0.06126	0.00743	0.00331	0.00884
55	0.01065	0.00762	0.00928	0.00928	0.01074	0.00763	0.00671	0.03604	0.05263	0.04269	0.06633	0.20521	0.16981	0.16723	0.14052	0.00468	0.00706	0.03429	0.00552	0.00608
56	0.03675	0.45598	0.05049	0.01320	0.01853	0.11585	0.01212	0.12620	0.07570	0.02143	0.01210	0.01307	0.01001	0.00656	0.00517	0.00167	0.00773	0.00444	0.00389	0.00911

[dist]
# distance from previous block
# <min> <max>
0	1

[block]
# block no. 3 follows, 32 sequences, length 55
# corresponding to MSA columns:
# 212-266
name=unknown_D
#
# <colnr> <probs for GDERKNQSTAVLIFYWHMCP>
#	G	D	E	R	K	N	Q	S	T	A	V	L	I	F	Y	W	H	M	C	P
0	0.37982	0.06743	0.01902	0.07002	0.02086	0.07440	0.10286	0.14793	0.01669	0.02818	0.01146	0.01347	0.00876	0.00655	0.00550	0.00203	0.00739	0.00489	0.00430	0.00843
1	0.00861	0.00648	0.00777	0.00852	0.00967	0.00592	0.00607	0.01012	0.01391	0.01783	0.08291	0.34022	0.26759	0.10287	0.01127	0.00300	0.00421	0.08150	0.00604	0.00549
2	0.04466	0.07606	0.35641	0.07431	0.03104	0.01676	0.26419	0.02090	0.01457	0.02100	0.01230	0.01549	0.00910	0.00609	0.00673	0.00213	0.00998	0.00595	0.00310	0.00924
3	0.07140	0.27456	0.18442	0.01600	0.02194	0.16125	0.09321	0.02123	0.01480	0.01879	0.01172	0.03522	0.01000	0.00801	0.02907	0.00212	0.00935	0.00511	0.00325	0.00852
4	0.01557	0.10547	0.36536	0.02130	0.02937	0.01758	0.26032	0.06611	0.01585	0.02215	0.01256	0.01532	0.00930	0.00616	0.00672	0.00209	0.00995	0.00593	0.00329	0.00957
5	0.00926	0.00712	0.00879	0.00934	0.01108	0.00672	0.00751	0.01154	0.01487	0.01891	0.09048	0.08453	0.32683	0.04280	0.08562	0.00357	0.00598	0.24323	0.00595	0.00587
6	0.07701	0.24063	0.28786	0.01439	0.02092	0.03751	0.01573	0.06689	0.01502	0.05118	0.01271	0.01481	0.01000	0.01059	0.07488	0.00271	0.00905	0.00484	0.02429	0.00898
7	0.07205	0.14975	0.22723	0.01589	0.02208	0.15562	0.03420	0.14446	0.03670	0.04227	0.01328	0.01563	0.01038	0.00710	0.00602	0.00194	0.00881	0.02316	0.00410	0.00932
8	0.00889	0.00673	0.00804	0.00817	0.00969	0.00609	0.00600	0.01100	0.01585	0.02090	0.29560	0.15326	0.28229	0.07969	0.01032	0.00269	0.00383	0.05871	0.00647	0.00578
9	0.00940	0.00725	0.01003	0.03494	0.07479	0.00698	0.00794	0.01109	0.01348	0.01788	0.05998	0.47047	0.10632	0.07775	0.01034	0.00290	0.00471	0.06205	0.00573	0.00597
10	0.01403	0.12787	0.64125	0.01815	0.02754	0.01698	0.02310	0.02110	0.01410	0.02056	0.01170	0.01373	0.00851	0.00629	0.00611	0.00204	0.00957	0.00478	0.00284	0.00975
11	0.02491	0.01850	0.01980	0.01532	0.02058	0.02053	0.01261	0.65488	0.07760	0.04132	0.01687	0.01672	0.01203	0.00813	0.00672	0.00203	0.00724	0.00615	0.00672	0.01136
12	0.01489	0.26108	0.44954	0.01593	0.02419	0.01841	0.01915	0.02050	0.01398	0.01960	0.01119	0.01308	0.00866	0.00605	0.00561	0.00181	0.00862	0.00444	0.00295	0.08033
13	0.01485	0.26216	0.51415	0.01675	0.02538	0.01898	0.02066	0.02089	0.01400	0.01956	0.01120	0.01311	0.00853	0.00618	0.00573	0.00191	0.00907	0.00453	0.00284	0.00951
14	0.00976	0.00651	0.00732	0.00732	0.00732	0.00651	0.00407	0.00976	0.00976	0.01301	0.02114	0.04391	0.02439	0.76419	0.03415	0.00651	0.00651	0.00976	0.00407	0.00407
15	0.01486	0.01590	0.05740	0.07184	0.29067	0.06283	0.16270	0.01851	0.01466	0.01968	0.01671	0.12127	0.01606	0.07562	0.00958	0.00256	0.00843	0.00837	0.00377	0.00857
16	0.04790	0.01398	0.01896	0.10297	0.07312	0.08793	0.09553	0.02049	0.01555	0.13956	0.02096	0.05679	0.01916	0.01074	0.00877	0.00243	0.07408	0.17794	0.00497	0.00817
17	0.00862	0.00620	0.00827	0.00977	0.01043	0.00585	0.00698	0.01014	0.01338	0.01767	0.03783	0.61704	0.06738	0.02045	0.00866	0.00277	0.00427	0.13247	0.00622	0.00558
18	0.01881	0.01518	0.01622	0.01237	0.01770	0.04067	0.00998	0.27597	0.06430	0.02988	0.01481	0.01582	0.01140	0.00658	0.00577	0.00151	0.00609	0.00509	0.03763	0.39423
19	0.01355	0.04476	0.36858	0.01694	0.06222	0.01319	0.04491	0.03738	0.03331	0.04556	0.06668	0.10326	0.07790	0.00944	0.00686	0.00214	0.00764	0.00803	0.00428	0.03338
20	0.01385	0.27644	0.30990	0.01399	0.02027	0.01701	0.01567	0.01833	0.01417	0.01922	0.08413	0.06769	0.03259	0.01110	0.05618	0.00253	0.00833	0.00649	0.00365	0.00846
21	0.01437	0.28944	0.29581	0.01490	0.02135	0.01766	0.04804	0.01899	0.01457	0.01960	0.08130	0.05018	0.01763	0.00835	0.00617	0.00198	0.00783	0.05952	0.00370	0.00860
22	0.01601	0.01762	0.03686	0.03114	0.18722	0.01674	0.54800	0.02129	0.01571	0.02159	0.01336	0.01777	0.01028	0.00573	0.00764	0.00220	0.01057	0.00749	0.00338	0.00940
23	0.01548	0.07722	0.32086	0.01969	0.02685	0.06108	0.20968	0.06655	0.01624	0.02202	0.04015	0.04532	0.03349	0.00739	0.00685	0.00211	0.00943	0.00678	0.00368	0.00913
24	0.04618	0.05940	0.65398	0.01872	0.02815	0.01599	0.04454	0.02115	0.01409	0.02142	0.01188	0.01403	0.00851	0.00632	0.00626	0.00210	0.00967	0.00495	0.00291	0.00974
25	0.00949	0.00673	0.00926	0.00944	0.01059	0.00709	0.00704	0.01103	0.01199	0.01653	0.05637	0.13133	0.13329	0.03474	0.38048	0.10352	0.01114	0.00990	0.03453	0.00552
26	0.01549	0.01632	0.10875	0.32757	0.28659	0.01510	0.04456	0.02010	0.01466	0.06770	0.01324	0.01732	0.01007	0.00647	0.00669	0.00212	0.00858	0.00597	0.00346	0.00923
27	0.03290	0.13910	0.25560	0.09299	0.09777	0.01705	0.05981	0.08808	0.03664	0.04314	0.01681	0.01866	0.05845	0.00725	0.00633	0.00202	0.00822	0.00598	0.00387	0.00935
28	0.01513	0.01645	0.05166	0.17607	0.16062	0.01600	0.36735	0.02073	0.04191	0.02088	0.01428	0.01985	0.01130	0.00651	0.00740	0.00223	0.00978	0.02934	0.00350	0.00900
29	0.01058	0.00736	0.00975	0.01075	0.01220	0.00713	0.00881	0.01299	0.01483	0.03849	0.06540	0.14284	0.11314	0.09170	0.01137	0.00323	0.00552	0.42180	0.00609	0.00598
30	0.01676	0.18856	0.29760	0.01665	0.02303	0.17909	0.05363	0.02126	0.01507	0.01856	0.01279	0.01722	0.01078	0.00986	0.05432	0.00252	0.01022	0.04019	0.00324	0.00865
31	0.04630	0.07897	0.41018	0.04490	0.02540	0.06436	0.04171	0.05313	0.03537	0.03981	0.01337	0.04113	0.01054	0.00744	0.00737	0.00213	0.05947	0.00564	0.00352	0.00926
32	0.01553	0.01686	0.07579	0.16803	0.42702	0.01591	0.14203	0.02016	0.01496	0.02092	0.01262	0.01695	0.01009	0.00608	0.00687	0.00210	0.00888	0.00625	0.00324	0.00971
33	0.01178	0.00970	0.01493	0.22117	0.14296	0.01020	0.01221	0.01474	0.01473	0.04307	0.12623	0.23747	0.08884	0.01260	0.00751	0.00231	0.00592	0.01132	0.00506	0.00725
34	0.01470	0.07172	0.26459	0.08303	0.21085	0.01589	0.05689	0.04552	0.01495	0.02117	0.03915	0.03734	0.01271	0.00923	0.04150	0.00251	0.03928	0.00621	0.00346	0.00928
35	0.01395	0.06736	0.62879	0.02053	0.07571	0.01616	0.04379	0.02116	0.01427	0.02105	0.01200	0.01429	0.00870	0.00630	0.00634	0.00209	0.00970	0.00505	0.00288	0.00988
36	0.01821	0.00971	0.01210	0.01092	0.01374	0.03232	0.00855	0.04445	0.01747	0.28619	0.15993	0.18553	0.03372	0.04224	0.00868	0.00250	0.00521	0.09327	0.00706	0.00818
37	0.01509	0.10456	0.51134	0.01960	0.05211	0.06580	0.07587	0.02193	0.03514	0.02063	0.01225	0.01441	0.00908	0.00636	0.00629	0.00204	0.00970	0.00513	0.00306	0.00962
38	0.01720	0.06234	0.10407	0.09465	0.28963	0.06160	0.04313	0.06670	0.01663	0.07206	0.03644	0.02143	0.05194	0.00759	0.00668	0.00205	0.00800	0.02425	0.00415	0.00948
39	0.01386	0.01122	0.05230	0.07057	0.03403	0.05519	0.00981	0.03646	0.01413	0.08185	0.08113	0.11445	0.02416	0.11788	0.06378	0.13208	0.00730	0.06853	0.00482	0.00645
40	0.01628	0.01598	0.02839	0.08076	0.59591	0.01601	0.10624	0.02051	0.01524	0.02159	0.01270	0.01687	0.01047	0.00598	0.00681	0.00204	0.00845	0.00622	0.00331	0.01024
41	0.01397	0.04304	0.30153	0.04329	0.02661	0.03597	0.20590	0.02058	0.06737	0.02119	0.04860	0.07698	0.04796	0.00832	0.00709	0.00220	0.00886	0.00777	0.00393	0.00886
42	0.01757	0.01567	0.02393	0.08803	0.44420	0.05638	0.04941	0.04165	0.04000	0.07744	0.05222	0.02031	0.01458	0.00710	0.00681	0.00206	0.00786	0.02066	0.00419	0.00990
43	0.01647	0.02543	0.37703	0.02359	0.12901	0.01561	0.17616	0.04788	0.01583	0.08816	0.01398	0.01630	0.01006	0.00640	0.00681	0.00213	0.00947	0.00599	0.00369	0.01002
44	0.00919	0.00661	0.00833	0.00936	0.01000	0.00645	0.00643	0.01116	0.04525	0.01709	0.03380	0.47882	0.05673	0.18057	0.01407	0.00355	0.00475	0.08659	0.00578	0.00548
45	0.01939	0.02266	0.31417	0.02028	0.12504	0.01448	0.05408	0.09393	0.01746	0.20414	0.01706	0.03913	0.01233	0.00738	0.00669	0.00211	0.00819	0.00625	0.00484	0.01038
46	0.01609	0.01753	0.12410	0.07891	0.46659	0.01484	0.04551	0.02052	0.01536	0.06109	0.03713	0.01959	0.03890	0.00685	0.00675	0.00206	0.00799	0.00645	0.00375	0.00999
47	0.00832	0.00608	0.00770	0.00885	0.00951	0.00567	0.00595	0.00951	0.01286	0.01687	0.03942	0.57499	0.13807	0.08500	0.03492	0.00325	0.00451	0.01718	0.00596	0.00538
48	0.01691	0.36108	0.30480	0.01543	0.02230	0.10782	0.01701	0.02119	0.01436	0.01802	0.01050	0.01242	0.00858	0.00638	0.00605	0.00180	0.03916	0.00431	0.00293	0.00897
49	0.02086	0.04026	0.08500	0.02123	0.20186	0.07957	0.04009	0.08927	0.01794	0.21940	0.03724	0.05848	0.01559	0.03372	0.00765	0.00219	0.00754	0.00694	0.00529	0.00987
50	0.01512	0.02037	0.21855	0.07709	0.26163	0.03554	0.11548	0.02021	0.01559	0.04110	0.09813	0.02032	0.01633	0.00712	0.00689	0.00209	0.00852	0.00669	0.00381	0.00941
51	0.00914	0.00663	0.00861	0.00964	0.01046	0.00647	0.00689	0.01130	0.03812	0.01815	0.08015	0.46626	0.06482	0.09019	0.04513	0.00343	0.00510	0.10782	0.00599	0.00570
52	0.05766	0.09822	0.17575	0.06614	0.19012	0.01548	0.07377	0.02017	0.03916	0.05870	0.01719	0.08784	0.03528	0.00822	0.00695	0.00212	0.02709	0.00713	0.00395	0.00907
53	0.01964	0.18172	0.11268	0.01677	0.05783	0.09380	0.07587	0.15681	0.01863	0.09786	0.01638	0.09257	0.01397	0.00827	0.00638	0.00197	0.00800	0.00679	0.00469	0.00936
54	0.01879	0.01575	0.03473	0.01382	0.03624	0.10243	0.03053	0.23182	0.06895	0.07091	0.10386	0.02889	0.09366	0.00982	0.00685	0.00205	0.00657	0.03489	0.08054	0.00890

[dist]
# distance from previous block
# <min> <max>
0	5

[block]
# block no. 4 follows, 32 sequences, length 22
# corresponding to MSA columns:
# 272-293
name=unknown_E
#
# <colnr> <probs for GDERKNQSTAVLIFYWHMCP>
#	G	D	E	R	K	N	Q	S	T	A	V	L	I	F	Y	W	H	M	C	P
0	0.26731	0.06627	0.09342	0.01444	0.01931	0.18885	0.05610	0.10418	0.01696	0.05373	0.03832	0.01465	0.01101	0.00704	0.00600	0.00198	0.02264	0.00499	0.00430	0.00850
1	0.06787	0.10743	0.10016	0.02496	0.20934	0.07697	0.18548	0.06122	0.06168	0.02267	0.01318	0.01584	0.01038	0.00633	0.00647	0.00201	0.00886	0.00590	0.00372	0.00953
2	0.04591	0.04869	0.51263	0.01857	0.02692	0.01565	0.09732	0.04204	0.04108	0.02273	0.05547	0.01703	0.01249	0.00687	0.00652	0.00212	0.00915	0.00577	0.00349	0.00953
3	0.00983	0.00691	0.00884	0.00977	0.01060	0.00679	0.00734	0.01142	0.01297	0.01697	0.03235	0.18464	0.06897	0.28187	0.01785	0.00419	0.00575	0.29222	0.00544	0.00528
4	0.10338	0.12461	0.01783	0.01293	0.01715	0.01821	0.01052	0.07400	0.48969	0.02740	0.02203	0.02085	0.01674	0.00823	0.00616	0.00211	0.00570	0.00648	0.00595	0.01001
5	0.01029	0.00735	0.01021	0.01176	0.01307	0.00727	0.00990	0.01299	0.01493	0.01949	0.03582	0.21181	0.03976	0.01903	0.00913	0.00302	0.00572	0.54623	0.00619	0.00603
6	0.01636	0.01938	0.16321	0.08343	0.13469	0.01534	0.32591	0.02158	0.01534	0.08659	0.01449	0.01851	0.01095	0.03408	0.00820	0.00233	0.00966	0.00687	0.00373	0.00936
7	0.06006	0.03262	0.61467	0.01878	0.02782	0.06234	0.04985	0.02153	0.01439	0.02145	0.01184	0.01400	0.00851	0.00637	0.00629	0.00210	0.00984	0.00496	0.00297	0.00959
8	0.00832	0.00594	0.00795	0.00951	0.00996	0.00557	0.00648	0.00959	0.01299	0.01729	0.03690	0.72255	0.04406	0.02089	0.00860	0.00274	0.00402	0.05492	0.00623	0.00549
9	0.02451	0.01161	0.01418	0.01136	0.01567	0.01122	0.00922	0.12360	0.07973	0.41861	0.02409	0.02255	0.01634	0.00823	0.00631	0.00197	0.00536	0.00661	0.17858	0.01024
10	0.01806	0.03481	0.02232	0.12390	0.25727	0.04908	0.06250	0.10371	0.08873	0.08428	0.05732	0.02093	0.03185	0.00757	0.00679	0.00207	0.00759	0.00676	0.00477	0.00970
11	0.01285	0.01202	0.02019	0.62284	0.12106	0.01445	0.01811	0.01707	0.01359	0.01769	0.01352	0.06261	0.01128	0.00749	0.00681	0.00224	0.00853	0.00676	0.00322	0.00769
12	0.00832	0.00606	0.00788	0.00928	0.00993	0.00562	0.00641	0.00966	0.01326	0.01742	0.04002	0.64604	0.11216	0.02046	0.00855	0.00270	0.00399	0.06052	0.00623	0.00552
13	0.01756	0.01774	0.02631	0.03850	0.64354	0.09695	0.01974	0.02129	0.01570	0.02130	0.01237	0.01610	0.01041	0.00608	0.00658	0.00196	0.00844	0.00579	0.00334	0.01031
14	0.00927	0.00675	0.00877	0.00874	0.01017	0.00624	0.00653	0.01203	0.01755	0.02437	0.52606	0.16659	0.09837	0.01540	0.00811	0.00228	0.00349	0.05610	0.00705	0.00614
15	0.01774	0.50261	0.19951	0.01402	0.02048	0.11069	0.01485	0.02119	0.01442	0.01717	0.01011	0.01174	0.00859	0.00604	0.00501	0.00164	0.00843	0.00401	0.00293	0.00882
16	0.00990	0.00753	0.01088	0.01071	0.01168	0.00883	0.00817	0.01192	0.01062	0.01527	0.01787	0.02803	0.01733	0.14337	0.60270	0.00976	0.05852	0.00746	0.00362	0.00581
17	0.02023	0.20675	0.07377	0.01997	0.15563	0.14497	0.01482	0.19515	0.01947	0.02439	0.01287	0.01586	0.01065	0.00720	0.00649	0.00189	0.03028	0.02592	0.00415	0.00955
18	0.00921	0.00656	0.00889	0.01038	0.01119	0.00633	0.00784	0.01105	0.01369	0.01807	0.03585	0.47984	0.04150	0.04789	0.00978	0.00300	0.00484	0.26229	0.00613	0.00567
19	0.00877	0.00682	0.00799	0.00787	0.00972	0.00604	0.00593	0.01118	0.01691	0.02223	0.36748	0.08732	0.36180	0.01570	0.00800	0.00224	0.00341	0.03782	0.00677	0.00598
20	0.00972	0.00667	0.00814	0.00814	0.00842	0.00695	0.00509	0.01028	0.01000	0.01362	0.02039	0.03976	0.02259	0.59542	0.20046	0.00752	0.00922	0.00915	0.00395	0.00452
21	0.03351	0.09856	0.08310	0.01176	0.01751	0.01222	0.03119	0.03592	0.03651	0.03934	0.01458	0.07333	0.01287	0.00680	0.00553	0.00144	0.00588	0.00557	0.00418	0.47018

[dist]
# distance from previous block
# <min> <max>
0	11

# created by:
# /home/berkeley/.conda/envs/busco_data_prod/bin/msa2prfl.pl pipeline/OGs_align_augustus/4893/39995.fs
