[name]
unknown

[dist]
# distance from previous block
# <min> <max>
1	67

[block]
# block no. 0 follows, 33 sequences, length 225
# corresponding to MSA columns:
# 76-300
name=unknown_A
#
# <colnr> <probs for GDERKNQSTAVLIFYWHMCP>
#	G	D	E	R	K	N	Q	S	T	A	V	L	I	F	Y	W	H	M	C	P
0	0.03659	0.00936	0.01473	0.06587	0.06132	0.00958	0.10290	0.01412	0.02818	0.01862	0.06237	0.07710	0.12370	0.03840	0.18008	0.07241	0.00875	0.00879	0.06067	0.00647
1	0.04551	0.03340	0.03752	0.19232	0.25342	0.04346	0.01578	0.14557	0.03965	0.05787	0.01518	0.06383	0.01258	0.00759	0.00651	0.00205	0.00758	0.00655	0.00433	0.00928
2	0.01183	0.00764	0.01054	0.03945	0.04642	0.00768	0.00771	0.03689	0.01295	0.07856	0.04150	0.31589	0.02791	0.13058	0.10681	0.08797	0.00679	0.01178	0.00509	0.00601
3	0.01120	0.00696	0.01003	0.00964	0.01045	0.00689	0.04001	0.01151	0.03561	0.03546	0.03871	0.18119	0.02236	0.14831	0.04394	0.33851	0.00592	0.00951	0.02914	0.00466
4	0.01453	0.01478	0.02559	0.10764	0.22526	0.04346	0.24323	0.01942	0.05914	0.02024	0.01860	0.12055	0.04028	0.00846	0.00723	0.00218	0.00831	0.00856	0.00396	0.00859
5	0.01334	0.01182	0.01928	0.23905	0.14891	0.01384	0.04969	0.01659	0.01258	0.04244	0.01357	0.01933	0.01152	0.01922	0.21481	0.00460	0.13211	0.00630	0.00335	0.00765
6	0.01187	0.00992	0.01562	0.03627	0.05617	0.01110	0.08491	0.03907	0.03305	0.01863	0.03847	0.02358	0.01597	0.03137	0.42337	0.00691	0.06941	0.00699	0.06037	0.00695
7	0.06634	0.00692	0.00753	0.00752	0.00811	0.00700	0.00467	0.01046	0.01044	0.01475	0.02471	0.04329	0.08993	0.59420	0.05017	0.00569	0.00634	0.03320	0.00426	0.00449
8	0.01381	0.01126	0.01328	0.00978	0.01522	0.00857	0.00775	0.01660	0.01376	0.04614	0.01394	0.06699	0.01237	0.00610	0.00519	0.00113	0.00483	0.00504	0.00421	0.72405
9	0.01246	0.00826	0.00949	0.08095	0.01326	0.03351	0.03161	0.01601	0.03724	0.02261	0.02368	0.06650	0.06194	0.00878	0.00544	0.00176	0.00435	0.00733	0.54835	0.00646
10	0.01835	0.64262	0.03156	0.01194	0.01726	0.06865	0.01143	0.07251	0.01511	0.01767	0.01063	0.01328	0.00970	0.00632	0.00468	0.00153	0.00732	0.02767	0.00325	0.00853
11	0.01332	0.01242	0.02074	0.57662	0.17258	0.01471	0.01817	0.03168	0.01379	0.01817	0.01212	0.01757	0.00941	0.00798	0.03247	0.00244	0.00888	0.00590	0.00309	0.00793
12	0.00863	0.00683	0.00778	0.00760	0.00950	0.00607	0.00567	0.01126	0.03272	0.02154	0.33711	0.08485	0.40621	0.01532	0.00777	0.00218	0.00330	0.01311	0.00660	0.00593
13	0.00862	0.00618	0.00807	0.00938	0.00993	0.00588	0.00634	0.03368	0.01325	0.01767	0.03556	0.73800	0.04240	0.02018	0.00834	0.00265	0.00394	0.01827	0.00613	0.00555
14	0.02385	0.01061	0.01390	0.01146	0.01557	0.00977	0.00923	0.02827	0.10293	0.50534	0.07223	0.09900	0.02315	0.01017	0.00697	0.00216	0.00524	0.03252	0.00764	0.01003
15	0.01467	0.01551	0.03111	0.15634	0.17232	0.01538	0.40358	0.01941	0.01483	0.02015	0.01430	0.06468	0.01199	0.00675	0.00735	0.00219	0.00958	0.00775	0.00342	0.00869
16	0.01255	0.01182	0.01996	0.73064	0.06657	0.01466	0.01834	0.01693	0.01322	0.01697	0.01172	0.01751	0.00883	0.00656	0.00658	0.00219	0.00875	0.00585	0.00294	0.00741
17	0.00816	0.00674	0.00720	0.00723	0.00932	0.00577	0.00552	0.01010	0.01548	0.01900	0.14822	0.06226	0.59616	0.01636	0.00786	0.00226	0.00348	0.05697	0.00625	0.00567
18	0.02971	0.00746	0.00849	0.00819	0.00932	0.00745	0.00541	0.01434	0.06450	0.08280	0.02500	0.11822	0.05091	0.43244	0.02154	0.00449	0.00544	0.00983	0.08881	0.00565
19	0.01605	0.01539	0.02628	0.08549	0.68440	0.01558	0.02008	0.01999	0.01487	0.02121	0.01234	0.01637	0.01032	0.00591	0.00652	0.00197	0.00788	0.00586	0.00324	0.01023
20	0.02395	0.01546	0.01705	0.01328	0.01798	0.01656	0.01090	0.49354	0.02646	0.15505	0.01833	0.01817	0.01287	0.00791	0.00631	0.00192	0.00637	0.00607	0.12134	0.01047
21	0.01589	0.01368	0.01444	0.01303	0.01664	0.01573	0.01012	0.03350	0.67266	0.02719	0.04831	0.02654	0.04426	0.00931	0.00676	0.00223	0.00509	0.00778	0.00670	0.01014
22	0.00923	0.00670	0.00841	0.00798	0.00962	0.00612	0.00598	0.01214	0.01795	0.02516	0.60719	0.05009	0.14958	0.01366	0.00764	0.00207	0.00314	0.01194	0.03928	0.00612
23	0.02277	0.02794	0.01896	0.01697	0.01980	0.59100	0.01302	0.04434	0.01747	0.01681	0.01006	0.01244	0.00859	0.00767	0.00878	0.00192	0.14584	0.00456	0.00339	0.00766
24	0.02334	0.01630	0.01784	0.01421	0.01904	0.01786	0.01156	0.43425	0.21166	0.13287	0.02013	0.01905	0.01427	0.00821	0.00662	0.00205	0.00648	0.00643	0.00683	0.01099
25	0.01678	0.01405	0.01490	0.01334	0.01711	0.01617	0.01040	0.03489	0.69400	0.04945	0.02677	0.02449	0.01998	0.00891	0.00670	0.00223	0.00522	0.00742	0.00674	0.01044
26	0.00945	0.00688	0.00842	0.00817	0.00980	0.00643	0.00607	0.01277	0.04527	0.02406	0.47872	0.11692	0.15824	0.01405	0.00756	0.00212	0.00329	0.01228	0.06331	0.00619
27	0.02941	0.01141	0.01541	0.01181	0.01691	0.00998	0.00976	0.05143	0.01919	0.71230	0.02568	0.02222	0.01615	0.00814	0.00662	0.00204	0.00565	0.00660	0.00810	0.01120
28	0.00904	0.00616	0.00734	0.00786	0.00799	0.00603	0.00471	0.00943	0.01061	0.01414	0.02605	0.28944	0.03063	0.51314	0.02493	0.00512	0.00551	0.01270	0.00471	0.00445
29	0.00820	0.00703	0.00707	0.00700	0.00929	0.00609	0.00527	0.01070	0.04931	0.01826	0.06474	0.06146	0.69040	0.01629	0.00773	0.00222	0.00343	0.01358	0.00614	0.00580
30	0.00945	0.00633	0.00722	0.00734	0.00737	0.00630	0.00416	0.00954	0.00982	0.01309	0.02200	0.10122	0.02551	0.70834	0.03148	0.00608	0.00618	0.01031	0.00416	0.00410
31	0.01245	0.00774	0.00803	0.00771	0.00972	0.00804	0.00585	0.01835	0.14755	0.02465	0.07469	0.02964	0.08262	0.00910	0.00550	0.00176	0.00350	0.00746	0.52873	0.00690
32	0.00802	0.00573	0.00764	0.00917	0.00955	0.00535	0.00611	0.00917	0.01260	0.01681	0.03628	0.76434	0.04354	0.02062	0.00840	0.00267	0.00382	0.01872	0.00611	0.00535
33	0.00779	0.00662	0.00672	0.00681	0.00893	0.00555	0.00506	0.00943	0.01487	0.01773	0.06497	0.10296	0.68640	0.01690	0.00782	0.00225	0.00336	0.01417	0.00611	0.00555
34	0.01332	0.01142	0.01326	0.00958	0.01522	0.00859	0.00764	0.01617	0.01373	0.02124	0.01481	0.01646	0.05016	0.00554	0.00504	0.00105	0.00479	0.00447	0.00403	0.76349
35	0.01782	0.01622	0.06147	0.03386	0.50828	0.01496	0.10755	0.02194	0.01552	0.11659	0.01430	0.01718	0.01105	0.00615	0.00668	0.00201	0.00804	0.00616	0.00390	0.01030
36	0.00892	0.00671	0.00824	0.00786	0.00959	0.00604	0.00590	0.01165	0.01769	0.02415	0.55263	0.05287	0.23499	0.01430	0.00777	0.00211	0.00317	0.01242	0.00695	0.00604
37	0.01316	0.01212	0.01935	0.66857	0.04223	0.01496	0.01745	0.04072	0.07097	0.01850	0.01306	0.01807	0.00978	0.00682	0.00659	0.00219	0.00844	0.00598	0.00335	0.00769
38	0.06490	0.27691	0.13304	0.01522	0.04075	0.12142	0.06208	0.02361	0.03786	0.14582	0.01365	0.01450	0.01030	0.00647	0.00559	0.00180	0.00802	0.00488	0.00409	0.00909
39	0.01276	0.01218	0.01939	0.42370	0.03266	0.01545	0.04213	0.01606	0.01260	0.01723	0.05229	0.05495	0.01350	0.00911	0.01133	0.00242	0.23483	0.00687	0.00333	0.00718
40	0.00798	0.00588	0.00748	0.00877	0.00944	0.00538	0.00593	0.00921	0.01299	0.01696	0.04117	0.65172	0.15301	0.01999	0.00830	0.00260	0.00374	0.01794	0.00611	0.00538
41	0.75965	0.01262	0.01007	0.00887	0.01302	0.01441	0.00731	0.02025	0.01174	0.07917	0.01035	0.01152	0.00778	0.00625	0.00425	0.00204	0.00513	0.00378	0.00436	0.00742
42	0.02029	0.09556	0.01778	0.01328	0.01754	0.15066	0.01067	0.11630	0.25738	0.11936	0.02186	0.02099	0.05439	0.00819	0.00625	0.00193	0.00683	0.00633	0.00569	0.04872
43	0.01607	0.06820	0.40878	0.01924	0.02713	0.01557	0.17874	0.04940	0.01559	0.09609	0.03383	0.01657	0.01120	0.00652	0.00659	0.00207	0.00918	0.00589	0.00375	0.00957
44	0.01365	0.01170	0.01365	0.00975	0.01560	0.00878	0.00780	0.01658	0.01365	0.02145	0.01170	0.01365	0.00975	0.00488	0.00488	0.00098	0.00488	0.00390	0.00390	0.80888
45	0.02717	0.01311	0.01628	0.01251	0.01756	0.01256	0.01031	0.22042	0.02209	0.49507	0.04518	0.02116	0.01615	0.00816	0.00660	0.00199	0.00596	0.00652	0.00756	0.03364
46	0.01031	0.00734	0.01013	0.01155	0.01287	0.00730	0.00979	0.01298	0.01457	0.01900	0.03409	0.13391	0.03751	0.06590	0.01058	0.00321	0.00588	0.58129	0.00594	0.00587
47	0.00815	0.00582	0.00778	0.00931	0.00975	0.00546	0.00633	0.00939	0.01273	0.01695	0.03621	0.73056	0.04326	0.02051	0.00844	0.00269	0.00393	0.05125	0.00611	0.00538
48	0.01455	0.01167	0.01374	0.00986	0.01567	0.00883	0.00791	0.01745	0.01394	0.06161	0.01251	0.01415	0.01012	0.00506	0.00497	0.00104	0.00492	0.00405	0.00414	0.76381
49	0.00837	0.00598	0.00804	0.00956	0.01010	0.00565	0.00671	0.00976	0.01295	0.01719	0.03609	0.67206	0.04279	0.02030	0.00850	0.00272	0.00412	0.10759	0.00610	0.00544
50	0.00788	0.00667	0.00680	0.00677	0.00895	0.00560	0.00508	0.00964	0.01524	0.01833	0.10830	0.06246	0.68296	0.01647	0.00778	0.00221	0.00332	0.01377	0.00619	0.00560
51	0.02587	0.01709	0.01892	0.01451	0.01974	0.01841	0.01198	0.57990	0.02869	0.17040	0.01770	0.01704	0.01215	0.00795	0.00659	0.00199	0.00694	0.00606	0.00688	0.01120
52	0.00932	0.00673	0.00880	0.00828	0.00984	0.00621	0.00621	0.01242	0.01863	0.02640	0.72410	0.04918	0.06212	0.01346	0.00776	0.00207	0.00311	0.01191	0.00725	0.00621
53	0.00911	0.00710	0.00852	0.00924	0.01113	0.00651	0.00764	0.01142	0.01508	0.01869	0.05170	0.06849	0.40143	0.01739	0.00840	0.00260	0.00462	0.32906	0.00609	0.00580
54	0.00932	0.00673	0.00880	0.00828	0.00984	0.00621	0.00621	0.01242	0.01863	0.02640	0.72410	0.04918	0.06212	0.01346	0.00776	0.00207	0.00311	0.01191	0.00725	0.00621
55	0.01445	0.01453	0.02088	0.01769	0.01794	0.02003	0.04085	0.01604	0.01029	0.01604	0.00882	0.01453	0.00869	0.01129	0.02107	0.00286	0.72798	0.00584	0.00290	0.00727
56	0.01365	0.01170	0.01365	0.00975	0.01560	0.00878	0.00780	0.01658	0.01365	0.02145	0.01170	0.01365	0.00975	0.00488	0.00488	0.00098	0.00488	0.00390	0.00390	0.80888
57	0.81514	0.01273	0.00968	0.00866	0.01273	0.01477	0.00713	0.01935	0.01120	0.02954	0.00917	0.01069	0.00713	0.00611	0.00407	0.00204	0.00509	0.00356	0.00407	0.00713
58	0.01243	0.01170	0.01975	0.75282	0.04534	0.01463	0.01828	0.01682	0.01316	0.01682	0.01170	0.01755	0.00878	0.00658	0.00658	0.00219	0.00878	0.00585	0.00293	0.00731
59	0.01243	0.01170	0.01975	0.75282	0.04534	0.01463	0.01828	0.01682	0.01316	0.01682	0.01170	0.01755	0.00878	0.00658	0.00658	0.00219	0.00878	0.00585	0.00293	0.00731
60	0.00957	0.00709	0.00897	0.00844	0.01014	0.00667	0.00635	0.01335	0.05255	0.02595	0.65161	0.04880	0.09873	0.01342	0.00771	0.00209	0.00322	0.01180	0.00715	0.00638
61	0.24789	0.01683	0.01691	0.01332	0.01825	0.01882	0.01099	0.51204	0.02538	0.03812	0.01393	0.01436	0.01005	0.00740	0.00588	0.00199	0.00664	0.00526	0.00588	0.01005
62	0.58254	0.01279	0.01165	0.00980	0.01419	0.01402	0.00808	0.07069	0.01432	0.18849	0.01342	0.01369	0.00948	0.00670	0.00482	0.00203	0.00536	0.00442	0.00517	0.00833
63	0.01522	0.01326	0.01424	0.01284	0.01615	0.01532	0.01002	0.03072	0.58723	0.02563	0.03042	0.02856	0.10366	0.01002	0.00777	0.00227	0.05254	0.00811	0.00639	0.00963
64	0.00785	0.00666	0.00669	0.00669	0.00883	0.00559	0.00496	0.00945	0.01480	0.01759	0.06493	0.06258	0.69800	0.04553	0.00877	0.00238	0.00345	0.01373	0.00603	0.00550
65	0.01548	0.01686	0.03380	0.02818	0.14764	0.01705	0.47816	0.02009	0.01457	0.02031	0.01241	0.01697	0.00985	0.00657	0.00979	0.00228	0.13075	0.00713	0.00325	0.00887
66	0.66605	0.01331	0.01127	0.00965	0.01393	0.01509	0.00795	0.10231	0.01410	0.07980	0.01113	0.01212	0.00825	0.00647	0.00455	0.00203	0.00539	0.00406	0.00466	0.00790
67	0.02482	0.01117	0.01429	0.01139	0.01588	0.01029	0.00926	0.06212	0.08852	0.52086	0.07331	0.02758	0.08142	0.00930	0.00680	0.00207	0.00529	0.00764	0.00769	0.01031
68	0.00917	0.00740	0.00803	0.00809	0.01026	0.00667	0.00630	0.04937	0.01578	0.01934	0.05734	0.10659	0.54315	0.01664	0.00794	0.00235	0.00398	0.10952	0.00613	0.00593
69	0.01096	0.00949	0.01120	0.01102	0.01235	0.08274	0.00843	0.01310	0.01134	0.01522	0.01706	0.02548	0.01610	0.08829	0.62504	0.00942	0.01637	0.00692	0.00354	0.00594
70	0.01247	0.00637	0.00674	0.00657	0.00822	0.00626	0.00496	0.01552	0.01454	0.04716	0.10565	0.02742	0.02227	0.00838	0.00504	0.00161	0.00315	0.00684	0.68452	0.00631
71	0.01040	0.00850	0.00949	0.00960	0.01169	0.00856	0.00726	0.01655	0.19808	0.02050	0.06166	0.21940	0.29612	0.01565	0.00777	0.00241	0.00420	0.07902	0.00629	0.00685
72	0.01660	0.01426	0.01502	0.01344	0.01721	0.01648	0.01048	0.05278	0.69751	0.02791	0.02650	0.02433	0.01986	0.00890	0.00670	0.00223	0.00526	0.00740	0.00670	0.01044
73	0.81514	0.01273	0.00968	0.00866	0.01273	0.01477	0.00713	0.01935	0.01120	0.02954	0.00917	0.01069	0.00713	0.00611	0.00407	0.00204	0.00509	0.00356	0.00407	0.00713
74	0.00802	0.00573	0.00764	0.00917	0.00955	0.00535	0.00611	0.00917	0.01260	0.01681	0.03628	0.76434	0.04354	0.02062	0.00840	0.00267	0.00382	0.01872	0.00611	0.00535
75	0.00830	0.00649	0.00752	0.00768	0.00932	0.00571	0.00560	0.01030	0.01561	0.02021	0.26103	0.20507	0.38064	0.01651	0.00791	0.00227	0.00337	0.01429	0.00646	0.00571
76	0.00980	0.00693	0.00795	0.00806	0.00857	0.00698	0.00501	0.01171	0.06765	0.01552	0.06401	0.16156	0.04954	0.52015	0.02503	0.00508	0.00559	0.01117	0.00480	0.00490
77	0.81514	0.01273	0.00968	0.00866	0.01273	0.01477	0.00713	0.01935	0.01120	0.02954	0.00917	0.01069	0.00713	0.00611	0.00407	0.00204	0.00509	0.00356	0.00407	0.00713
78	0.00802	0.00573	0.00764	0.00917	0.00955	0.00535	0.00611	0.00917	0.01260	0.01681	0.03628	0.76434	0.04354	0.02062	0.00840	0.00267	0.00382	0.01872	0.00611	0.00535
79	0.06529	0.01083	0.01407	0.01111	0.01564	0.00976	0.00907	0.04986	0.01830	0.58126	0.04919	0.04931	0.01830	0.00864	0.00647	0.00203	0.00532	0.00704	0.05824	0.01030
80	0.00953	0.00693	0.01022	0.01022	0.01125	0.00795	0.00778	0.01142	0.01039	0.01488	0.01751	0.02677	0.01671	0.09947	0.65119	0.05536	0.01615	0.00716	0.00352	0.00557
81	0.02752	0.01444	0.01728	0.01325	0.01842	0.01448	0.01095	0.33351	0.02426	0.42305	0.02142	0.01945	0.01401	0.00804	0.00660	0.00201	0.00634	0.00631	0.00745	0.01120
82	0.00793	0.00610	0.00726	0.00819	0.00929	0.00543	0.00568	0.00928	0.01354	0.01719	0.04815	0.49079	0.30944	0.01908	0.00816	0.00250	0.00363	0.01683	0.00611	0.00543
83	0.00904	0.00616	0.00734	0.00786	0.00799	0.00603	0.00471	0.00943	0.01061	0.01414	0.02605	0.28921	0.03063	0.51338	0.02494	0.00512	0.00551	0.01269	0.00471	0.00445
84	0.69527	0.01250	0.01053	0.00912	0.01335	0.01399	0.00752	0.02129	0.01237	0.13674	0.01173	0.01248	0.00853	0.00642	0.00446	0.00204	0.00517	0.00403	0.00470	0.00775
85	0.01243	0.01170	0.01975	0.75282	0.04534	0.01463	0.01828	0.01682	0.01316	0.01682	0.01170	0.01755	0.00878	0.00658	0.00658	0.00219	0.00878	0.00585	0.00293	0.00731
86	0.00952	0.00649	0.00769	0.00761	0.00794	0.00649	0.00465	0.01018	0.01107	0.01509	0.13088	0.04275	0.02937	0.59639	0.08246	0.00602	0.00671	0.00975	0.00447	0.00448
87	0.00956	0.00622	0.00813	0.00911	0.01002	0.00570	0.00627	0.01090	0.01342	0.06770	0.05825	0.63303	0.09846	0.01921	0.00821	0.00257	0.00388	0.01726	0.00629	0.00580
88	0.05719	0.01126	0.01508	0.01161	0.01666	0.00986	0.00959	0.03163	0.01857	0.70740	0.02538	0.02199	0.01597	0.00808	0.00653	0.00204	0.00558	0.00651	0.00800	0.01106
89	0.01575	0.01688	0.03538	0.02564	0.03167	0.01618	0.60381	0.02143	0.04359	0.04456	0.01484	0.04208	0.01163	0.00649	0.00824	0.00225	0.03905	0.00799	0.00370	0.00884
90	0.01315	0.01471	0.08616	0.44484	0.11917	0.01453	0.12510	0.01775	0.01378	0.01839	0.01360	0.06438	0.01132	0.00720	0.00685	0.00219	0.00880	0.00688	0.00322	0.00801
91	0.01227	0.00614	0.00614	0.00614	0.00767	0.00614	0.00460	0.01534	0.01381	0.02454	0.02148	0.02454	0.01687	0.00767	0.00460	0.00153	0.00307	0.00614	0.80518	0.00614
92	0.00819	0.00592	0.00779	0.00922	0.00980	0.00552	0.00636	0.00950	0.01294	0.01707	0.03811	0.67103	0.08626	0.02020	0.00841	0.00267	0.00395	0.06554	0.00611	0.00541
93	0.81514	0.01273	0.00968	0.00866	0.01273	0.01477	0.00713	0.01935	0.01120	0.02954	0.00917	0.01069	0.00713	0.00611	0.00407	0.00204	0.00509	0.00356	0.00407	0.00713
94	0.02116	0.19340	0.02286	0.01418	0.01887	0.02096	0.01217	0.41032	0.02298	0.03075	0.01304	0.01426	0.01012	0.00766	0.00792	0.00190	0.10665	0.00522	0.00504	0.06051
95	0.02001	0.04753	0.01760	0.01413	0.01833	0.08507	0.01132	0.28191	0.32800	0.03049	0.01993	0.01963	0.01503	0.01050	0.04806	0.00253	0.00736	0.00640	0.00601	0.01011
96	0.01144	0.00572	0.00858	0.00858	0.00858	0.00572	0.00572	0.00858	0.00858	0.01144	0.01144	0.02001	0.01144	0.02287	0.02573	0.80846	0.00572	0.00572	0.00286	0.00286
97	0.01992	0.03896	0.02092	0.06703	0.13577	0.28865	0.01463	0.11504	0.01721	0.02043	0.01101	0.01407	0.00922	0.00789	0.00990	0.00209	0.18999	0.00519	0.00364	0.00847
98	0.01627	0.01549	0.07681	0.02118	0.22127	0.01499	0.01416	0.12826	0.17147	0.04219	0.05244	0.05882	0.05661	0.00991	0.02387	0.00233	0.05183	0.00753	0.00507	0.00950
99	0.00866	0.00609	0.00814	0.00920	0.00991	0.00577	0.00650	0.00997	0.01326	0.01772	0.10956	0.51209	0.07819	0.02052	0.03348	0.05979	0.00450	0.07536	0.00592	0.00536
100	0.03632	0.06000	0.07267	0.01483	0.03925	0.01777	0.01234	0.23128	0.36118	0.05303	0.02057	0.01975	0.01521	0.00806	0.00643	0.00208	0.00635	0.00642	0.00604	0.01044
101	0.01487	0.11931	0.60138	0.01738	0.02630	0.01616	0.02175	0.02151	0.01419	0.07046	0.01250	0.01411	0.00891	0.00632	0.00604	0.00200	0.00912	0.00483	0.00316	0.00968
102	0.01695	0.07957	0.05163	0.01420	0.06671	0.03373	0.01104	0.07836	0.08591	0.14223	0.13534	0.11263	0.02526	0.01056	0.00792	0.00214	0.06092	0.03260	0.00571	0.02658
103	0.01429	0.05391	0.51457	0.02072	0.02935	0.03859	0.19433	0.02104	0.01444	0.02059	0.01205	0.01470	0.00876	0.00607	0.00656	0.00208	0.01005	0.00553	0.00294	0.00941
104	0.01556	0.01743	0.03395	0.02504	0.03042	0.05209	0.54527	0.02027	0.01499	0.02012	0.01380	0.02025	0.01132	0.00706	0.00947	0.00232	0.10323	0.04552	0.00343	0.00845
105	0.00981	0.00755	0.01094	0.01085	0.01172	0.00885	0.00831	0.01165	0.01097	0.01569	0.04119	0.13239	0.02095	0.05595	0.49243	0.04045	0.09183	0.00876	0.00393	0.00578
106	0.01753	0.01236	0.03792	0.01405	0.06174	0.01218	0.02829	0.11064	0.08755	0.18255	0.13999	0.07015	0.10552	0.01076	0.00843	0.00219	0.07430	0.00882	0.00621	0.00882
107	0.01472	0.03792	0.06819	0.01618	0.06254	0.05436	0.07874	0.06510	0.06819	0.04941	0.05200	0.13804	0.02133	0.03758	0.05665	0.00299	0.09926	0.06417	0.00475	0.00788
108	0.02029	0.02382	0.01933	0.01704	0.01905	0.41572	0.01343	0.04137	0.01538	0.01673	0.00969	0.01306	0.00863	0.00882	0.01259	0.00221	0.32710	0.00493	0.00327	0.00755
109	0.00963	0.00701	0.00952	0.00936	0.01032	0.00761	0.00674	0.01119	0.01035	0.01465	0.01848	0.03136	0.01879	0.29797	0.46596	0.00873	0.01320	0.00780	0.00370	0.03761
110	0.03464	0.05251	0.03709	0.06322	0.30494	0.07353	0.03493	0.02079	0.10123	0.02114	0.04660	0.02364	0.05503	0.00810	0.00706	0.00205	0.03165	0.04385	0.00415	0.03386
111	0.07789	0.01354	0.01888	0.59068	0.03926	0.06113	0.01660	0.07037	0.01472	0.01967	0.01172	0.01651	0.00881	0.00666	0.00634	0.00213	0.00856	0.00557	0.00333	0.00762
112	0.00940	0.00691	0.00994	0.00998	0.01094	0.00785	0.00747	0.01133	0.01046	0.01489	0.01858	0.04534	0.01832	0.16969	0.60682	0.00970	0.01543	0.00774	0.00366	0.00555
113	0.01328	0.02756	0.50917	0.17794	0.03273	0.01529	0.09261	0.02000	0.01391	0.02000	0.01194	0.01508	0.00860	0.00625	0.00648	0.00212	0.00966	0.00537	0.00287	0.00912
114	0.02759	0.01433	0.01721	0.01320	0.01837	0.01432	0.01090	0.32333	0.02408	0.43349	0.02158	0.01955	0.01409	0.00804	0.00661	0.00201	0.00631	0.00632	0.00747	0.01120
115	0.28090	0.01169	0.01349	0.01074	0.01550	0.01131	0.00886	0.02801	0.01640	0.50732	0.02059	0.01866	0.01336	0.00750	0.00581	0.00204	0.00544	0.00564	0.00684	0.00990
116	0.00802	0.00573	0.00764	0.00917	0.00955	0.00535	0.00611	0.00917	0.01260	0.01681	0.03628	0.76434	0.04354	0.02062	0.00840	0.00267	0.00382	0.01872	0.00611	0.00535
117	0.13576	0.01141	0.01452	0.01130	0.01625	0.01036	0.00933	0.03036	0.01781	0.63713	0.02370	0.02082	0.01506	0.00787	0.00628	0.00204	0.00553	0.00621	0.00760	0.01065
118	0.00806	0.00663	0.00710	0.00709	0.00909	0.00566	0.00528	0.00995	0.01550	0.01923	0.17977	0.10005	0.57111	0.01633	0.00781	0.00222	0.00332	0.01382	0.00631	0.00566
119	0.00832	0.00594	0.00798	0.00951	0.01003	0.00561	0.00664	0.00969	0.01290	0.01714	0.03612	0.68394	0.04288	0.02034	0.00848	0.00272	0.00408	0.09614	0.00611	0.00543
120	0.02943	0.01138	0.01539	0.01180	0.01689	0.00994	0.00974	0.04847	0.01914	0.71533	0.02572	0.02225	0.01617	0.00814	0.00662	0.00204	0.00564	0.00660	0.00811	0.01120
121	0.00957	0.00678	0.00876	0.00871	0.01024	0.00635	0.00674	0.01250	0.01734	0.02435	0.50726	0.08130	0.09164	0.01433	0.00781	0.00222	0.00362	0.11876	0.05560	0.00611
122	0.00951	0.00636	0.00720	0.00726	0.00727	0.00634	0.00407	0.00956	0.00969	0.01292	0.02134	0.07076	0.02469	0.73993	0.03254	0.00624	0.00628	0.00992	0.00407	0.00404
123	0.01327	0.03294	0.69416	0.01868	0.02786	0.01556	0.02376	0.02057	0.01368	0.02057	0.01163	0.01393	0.00836	0.00655	0.00712	0.00213	0.05193	0.00492	0.00279	0.00959
124	0.01396	0.01167	0.01260	0.01143	0.01453	0.01284	0.00884	0.04846	0.44799	0.02636	0.17705	0.03496	0.12969	0.01095	0.00707	0.00219	0.00457	0.00925	0.00672	0.00887
125	0.00873	0.00638	0.00709	0.00735	0.00852	0.00582	0.00498	0.01003	0.01320	0.01722	0.08519	0.18787	0.31246	0.22265	0.01472	0.00339	0.00423	0.01296	0.06205	0.00517
126	0.01061	0.00758	0.01061	0.01212	0.01364	0.00758	0.01061	0.01364	0.01515	0.01970	0.03486	0.07426	0.03789	0.01819	0.00909	0.00303	0.00606	0.68326	0.00606	0.00606
127	0.00802	0.00573	0.00764	0.00917	0.00955	0.00535	0.00611	0.00917	0.01260	0.01681	0.03628	0.76434	0.04354	0.02062	0.00840	0.00267	0.00382	0.01872	0.00611	0.00535
128	0.00943	0.00632	0.00722	0.00736	0.00740	0.00629	0.00418	0.00954	0.00985	0.01314	0.02217	0.10939	0.02574	0.69987	0.03120	0.00604	0.00615	0.01041	0.00418	0.00411
129	0.06041	0.00687	0.00761	0.00745	0.00812	0.00683	0.00466	0.01072	0.01167	0.01665	0.15361	0.04331	0.06959	0.53723	0.02540	0.00507	0.00552	0.00987	0.00472	0.00469
130	0.01440	0.01440	0.02016	0.01728	0.01728	0.02016	0.01440	0.01584	0.01008	0.01584	0.00864	0.01440	0.00864	0.01152	0.02160	0.00288	0.75659	0.00576	0.00288	0.00720
131	0.81514	0.01273	0.00968	0.00866	0.01273	0.01477	0.00713	0.01935	0.01120	0.02954	0.00917	0.01069	0.00713	0.00611	0.00407	0.00204	0.00509	0.00356	0.00407	0.00713
132	0.01144	0.00572	0.00858	0.00858	0.00858	0.00572	0.00572	0.00858	0.00858	0.01144	0.01144	0.02001	0.01144	0.02287	0.02573	0.80846	0.00572	0.00572	0.00286	0.00286
133	0.01036	0.00736	0.01011	0.01148	0.01279	0.00734	0.00972	0.01299	0.01447	0.01887	0.03358	0.11025	0.03686	0.09068	0.01141	0.00333	0.00597	0.58076	0.00586	0.00582
134	0.01268	0.01195	0.02019	0.70773	0.08852	0.01469	0.01840	0.01703	0.01328	0.01712	0.01174	0.01747	0.00888	0.00654	0.00658	0.00218	0.00872	0.00585	0.00295	0.00751
135	0.02373	0.01671	0.01830	0.01419	0.01906	0.01817	0.01166	0.58531	0.02880	0.08995	0.08963	0.01973	0.01682	0.00849	0.00671	0.00199	0.00670	0.00659	0.00677	0.01068
136	0.00931	0.00675	0.00879	0.00835	0.00992	0.00623	0.00631	0.01236	0.01841	0.02591	0.68126	0.05042	0.08294	0.01371	0.00781	0.00211	0.00321	0.03285	0.00717	0.00619
137	0.02487	0.02314	0.01936	0.01581	0.02039	0.28253	0.01259	0.45892	0.02649	0.03227	0.01376	0.01438	0.01021	0.00750	0.00635	0.00187	0.00892	0.00531	0.00543	0.00990
138	0.01518	0.01547	0.06510	0.01706	0.01797	0.01926	0.01476	0.01708	0.01082	0.05663	0.00982	0.01482	0.00906	0.01100	0.01979	0.00278	0.66689	0.00575	0.00317	0.00759
139	0.01472	0.01419	0.01748	0.01531	0.01613	0.06831	0.01237	0.05523	0.04044	0.01756	0.01268	0.04658	0.01240	0.06492	0.09483	0.00375	0.47578	0.00661	0.00354	0.00717
140	0.01095	0.00953	0.01140	0.01123	0.01263	0.08285	0.00869	0.01323	0.01140	0.01537	0.01688	0.02444	0.01565	0.04504	0.66766	0.00968	0.01705	0.00677	0.00351	0.00606
141	0.00957	0.00638	0.00718	0.00718	0.00718	0.00638	0.00399	0.00957	0.00957	0.01276	0.02074	0.04308	0.02393	0.76864	0.03351	0.00638	0.00638	0.00957	0.00399	0.00399
142	0.54911	0.01276	0.01239	0.01063	0.01418	0.01485	0.00879	0.02085	0.01227	0.14311	0.01185	0.01326	0.00890	0.00737	0.00748	0.00218	0.13322	0.00444	0.00454	0.00781
143	0.00798	0.00670	0.00694	0.00695	0.00911	0.00567	0.00526	0.00979	0.01527	0.01845	0.11214	0.06269	0.65670	0.01649	0.00782	0.00224	0.00340	0.03459	0.00619	0.00562
144	0.01046	0.00698	0.00917	0.00848	0.01023	0.00641	0.00641	0.01353	0.01865	0.06628	0.68465	0.04766	0.05953	0.01316	0.00770	0.00207	0.00325	0.01161	0.00730	0.00649
145	0.00957	0.00638	0.00718	0.00718	0.00718	0.00638	0.00399	0.00957	0.00957	0.01276	0.02074	0.04308	0.02393	0.76864	0.03351	0.00638	0.00638	0.00957	0.00399	0.00399
146	0.01365	0.01170	0.01365	0.00975	0.01560	0.00878	0.00780	0.01658	0.01365	0.02145	0.01170	0.01365	0.00975	0.00488	0.00488	0.00098	0.00488	0.00390	0.00390	0.80888
147	0.00816	0.00581	0.00766	0.00902	0.00943	0.00544	0.00600	0.00932	0.01268	0.01696	0.06315	0.69474	0.04318	0.06260	0.00980	0.00286	0.00394	0.01792	0.00604	0.00531
148	0.00957	0.00638	0.00718	0.00718	0.00718	0.00638	0.00399	0.00957	0.00957	0.01276	0.02074	0.04308	0.02393	0.76864	0.03351	0.00638	0.00638	0.00957	0.00399	0.00399
149	0.00819	0.00600	0.00769	0.00871	0.00951	0.00551	0.00599	0.00970	0.01384	0.01840	0.14586	0.56530	0.13303	0.01902	0.00823	0.00252	0.00365	0.01706	0.00629	0.00551
150	0.00932	0.00673	0.00880	0.00828	0.00984	0.00621	0.00621	0.01242	0.01863	0.02640	0.72410	0.04918	0.06212	0.01346	0.00776	0.00207	0.00311	0.01191	0.00725	0.00621
151	0.00975	0.00718	0.00917	0.00859	0.01028	0.00683	0.00647	0.01380	0.06114	0.02647	0.68158	0.04767	0.05955	0.01318	0.00770	0.00208	0.00323	0.01163	0.00721	0.00647
152	0.01440	0.01440	0.02016	0.01728	0.01728	0.02016	0.01440	0.01584	0.01008	0.01584	0.00864	0.01440	0.00864	0.01152	0.02160	0.00288	0.75659	0.00576	0.00288	0.00720
153	0.00957	0.00638	0.00718	0.00718	0.00718	0.00638	0.00399	0.00957	0.00957	0.01276	0.02074	0.04308	0.02393	0.76864	0.03351	0.00638	0.00638	0.00957	0.00399	0.00399
154	0.05421	0.01242	0.01489	0.01216	0.01661	0.01248	0.00981	0.07895	0.23214	0.40139	0.06431	0.02366	0.01933	0.00859	0.00661	0.00209	0.00544	0.00700	0.00739	0.01053
155	0.00938	0.00630	0.00724	0.00743	0.00747	0.00625	0.00425	0.00952	0.00995	0.01327	0.02267	0.13270	0.02637	0.67569	0.03039	0.00592	0.00606	0.01071	0.00425	0.00416
156	0.00945	0.00675	0.00928	0.01080	0.01181	0.00658	0.00860	0.01164	0.01402	0.01841	0.03549	0.38251	0.04041	0.01928	0.00878	0.00287	0.00506	0.38642	0.00608	0.00574
157	0.02519	0.13916	0.06823	0.01255	0.01798	0.01420	0.01126	0.09284	0.06284	0.45556	0.02132	0.01939	0.01422	0.00763	0.00620	0.00194	0.00625	0.00598	0.00666	0.01060
158	0.01687	0.01361	0.01538	0.01128	0.01696	0.01207	0.00913	0.21131	0.01854	0.02712	0.01286	0.01426	0.01016	0.00573	0.00536	0.00126	0.00554	0.00447	0.00466	0.58344
159	0.00829	0.00600	0.00787	0.00930	0.00979	0.00570	0.00625	0.01000	0.03523	0.01715	0.03598	0.74053	0.04279	0.02025	0.00835	0.00266	0.00386	0.01835	0.00613	0.00551
160	0.01808	0.13106	0.04230	0.05140	0.05485	0.13182	0.01233	0.09091	0.31710	0.02371	0.01821	0.01861	0.01414	0.00928	0.03585	0.00232	0.00767	0.00596	0.00498	0.00940
161	0.01408	0.08718	0.36850	0.01744	0.02443	0.03297	0.12578	0.04156	0.05920	0.02101	0.03724	0.02008	0.06204	0.00970	0.04811	0.00254	0.00922	0.00635	0.00365	0.00891
162	0.07001	0.12718	0.01902	0.01330	0.01789	0.06270	0.01094	0.22894	0.28065	0.02898	0.01792	0.01761	0.01360	0.00759	0.00598	0.00192	0.00646	0.00577	0.00556	0.05799
163	0.02406	0.01266	0.01516	0.03315	0.01743	0.05157	0.00973	0.07140	0.01807	0.44227	0.02223	0.02092	0.03609	0.00897	0.02996	0.00209	0.00633	0.00613	0.00659	0.16518
164	0.51986	0.01263	0.01232	0.05691	0.01628	0.01382	0.00880	0.06364	0.01443	0.20562	0.01394	0.01437	0.00978	0.00676	0.00502	0.00204	0.00558	0.00462	0.00517	0.00841
165	0.01399	0.01178	0.04958	0.01248	0.01586	0.01105	0.07757	0.02203	0.22853	0.08696	0.29793	0.03474	0.05667	0.04105	0.00831	0.00231	0.00522	0.00931	0.00639	0.00825
166	0.00841	0.00710	0.00734	0.00726	0.00947	0.00625	0.00545	0.01119	0.05732	0.01896	0.11076	0.07986	0.61551	0.01609	0.00773	0.00223	0.00344	0.01350	0.00623	0.00589
167	0.02829	0.01201	0.01563	0.01212	0.01713	0.01103	0.00997	0.08941	0.06578	0.62712	0.02516	0.02199	0.01611	0.00818	0.00662	0.00204	0.00572	0.00662	0.00792	0.01115
168	0.01777	0.07971	0.04623	0.06703	0.44347	0.16376	0.04806	0.02129	0.01551	0.01967	0.01167	0.01500	0.00971	0.00607	0.00627	0.00189	0.00883	0.00540	0.00322	0.00946
169	0.02503	0.01498	0.01719	0.01356	0.01847	0.01572	0.01108	0.33169	0.15673	0.29150	0.02161	0.01989	0.01475	0.00819	0.00662	0.00205	0.00626	0.00647	0.00718	0.01105
170	0.00952	0.00659	0.00824	0.00824	0.00861	0.00696	0.00532	0.01026	0.00989	0.01355	0.01977	0.03769	0.02159	0.54353	0.25542	0.00770	0.00990	0.00878	0.00384	0.00458
171	0.02328	0.01646	0.01795	0.01428	0.01913	0.01809	0.01163	0.45031	0.20942	0.11896	0.01989	0.01888	0.01413	0.00820	0.00662	0.00205	0.00652	0.00641	0.00680	0.01099
172	0.01395	0.03582	0.01293	0.01102	0.01407	0.01235	0.00861	0.05407	0.35256	0.04265	0.24069	0.03573	0.11620	0.01105	0.00706	0.00214	0.00451	0.00935	0.00670	0.00856
173	0.01365	0.01170	0.01365	0.00975	0.01560	0.00878	0.00780	0.01658	0.01365	0.02145	0.01170	0.01365	0.00975	0.00488	0.00488	0.00098	0.00488	0.00390	0.00390	0.80888
174	0.00957	0.00638	0.00718	0.00718	0.00718	0.00638	0.00399	0.00957	0.00957	0.01276	0.02074	0.04308	0.02393	0.76864	0.03351	0.00638	0.00638	0.00957	0.00399	0.00399
175	0.00940	0.00705	0.01058	0.01058	0.01176	0.00823	0.00823	0.01176	0.01058	0.01528	0.01763	0.02586	0.01646	0.04937	0.74255	0.01058	0.01763	0.00705	0.00353	0.00588
176	0.00844	0.00600	0.00798	0.00941	0.00991	0.00569	0.00654	0.00975	0.01273	0.01691	0.03512	0.63264	0.04160	0.06766	0.01008	0.00295	0.00426	0.10100	0.00597	0.00535
177	0.81514	0.01273	0.00968	0.00866	0.01273	0.01477	0.00713	0.01935	0.01120	0.02954	0.00917	0.01069	0.00713	0.00611	0.00407	0.00204	0.00509	0.00356	0.00407	0.00713
178	0.00778	0.00667	0.00667	0.00667	0.00889	0.00556	0.00500	0.00945	0.01501	0.01778	0.06669	0.06336	0.72490	0.01667	0.00778	0.00222	0.00333	0.01389	0.00611	0.00556
179	0.11812	0.01189	0.01496	0.01161	0.01660	0.01101	0.00959	0.07822	0.01883	0.60384	0.02335	0.02062	0.01490	0.00790	0.00633	0.00203	0.00566	0.00623	0.00758	0.01074
180	0.01024	0.00731	0.01018	0.01170	0.01305	0.00726	0.00996	0.01300	0.01479	0.01929	0.03506	0.17312	0.03870	0.01854	0.00899	0.00298	0.00574	0.58806	0.00607	0.00596
181	0.02527	0.01804	0.01951	0.01496	0.02022	0.01982	0.01236	0.66841	0.03028	0.07965	0.01637	0.01617	0.01148	0.00792	0.00659	0.00198	0.00715	0.00597	0.00667	0.01120
182	0.00796	0.00627	0.00719	0.00781	0.00922	0.00550	0.00553	0.00947	0.01416	0.01779	0.08590	0.36170	0.40179	0.01820	0.00805	0.00241	0.00353	0.01585	0.00617	0.00550
183	0.00955	0.00642	0.00735	0.00729	0.00746	0.00636	0.00422	0.00987	0.01051	0.01418	0.09363	0.04371	0.02789	0.69038	0.03084	0.00594	0.00604	0.00982	0.00433	0.00422
184	0.01105	0.00580	0.00849	0.00854	0.00866	0.00575	0.00571	0.00889	0.00947	0.01273	0.05825	0.06468	0.01687	0.04685	0.02387	0.68533	0.00547	0.00697	0.00336	0.00325
185	0.02383	0.07762	0.01951	0.01646	0.02001	0.66903	0.01254	0.02621	0.04507	0.01651	0.01075	0.01228	0.00892	0.00679	0.00586	0.00170	0.01131	0.00432	0.00348	0.00779
186	0.00815	0.00583	0.00762	0.00893	0.00939	0.00545	0.00595	0.00931	0.01268	0.01689	0.05838	0.67388	0.06409	0.06761	0.00995	0.00287	0.00394	0.01777	0.00601	0.00530
187	0.01012	0.00781	0.00939	0.00904	0.01092	0.00767	0.00681	0.01526	0.12615	0.02429	0.43926	0.11181	0.14861	0.01399	0.00770	0.00220	0.00362	0.03180	0.00686	0.00669
188	0.00801	0.00578	0.00759	0.00904	0.00952	0.00536	0.00606	0.00918	0.01272	0.01685	0.03777	0.73002	0.07690	0.02043	0.00837	0.00265	0.00380	0.01848	0.00611	0.00536
189	0.00946	0.00639	0.00745	0.00755	0.00765	0.00645	0.00442	0.00970	0.00984	0.01320	0.02151	0.08751	0.02465	0.67049	0.08200	0.00644	0.00701	0.00997	0.00409	0.00421
190	0.01365	0.01170	0.01365	0.00975	0.01560	0.00878	0.00780	0.01658	0.01365	0.02145	0.01170	0.01365	0.00975	0.00488	0.00488	0.00098	0.00488	0.00390	0.00390	0.80888
191	0.01320	0.03405	0.73453	0.01876	0.02849	0.01529	0.02432	0.02085	0.01390	0.02085	0.01181	0.01390	0.00834	0.00625	0.00625	0.00208	0.00973	0.00486	0.00278	0.00973
192	0.00977	0.00631	0.00733	0.00733	0.00733	0.00631	0.00417	0.00947	0.00947	0.01263	0.01977	0.04066	0.02262	0.69053	0.03269	0.09039	0.00631	0.00917	0.00387	0.00387
193	0.81514	0.01273	0.00968	0.00866	0.01273	0.01477	0.00713	0.01935	0.01120	0.02954	0.00917	0.01069	0.00713	0.00611	0.00407	0.00204	0.00509	0.00356	0.00407	0.00713
194	0.02370	0.01778	0.01901	0.01488	0.01991	0.01979	0.01219	0.60255	0.13619	0.03935	0.01749	0.01715	0.01256	0.00806	0.00660	0.00202	0.00693	0.00616	0.00660	0.01108
195	0.01799	0.01494	0.01579	0.01372	0.01773	0.01713	0.01081	0.16005	0.58798	0.03014	0.02475	0.02293	0.01844	0.00874	0.00668	0.00218	0.00559	0.00716	0.00668	0.01056
196	0.00942	0.00699	0.01028	0.01028	0.01135	0.00806	0.00785	0.01156	0.01049	0.01506	0.01791	0.02740	0.01713	0.11365	0.67919	0.01021	0.01663	0.00728	0.00357	0.00571
197	0.00823	0.00575	0.00757	0.00902	0.00946	0.00539	0.00604	0.00947	0.01266	0.01718	0.03556	0.72812	0.04224	0.01999	0.00822	0.00262	0.00378	0.01810	0.04523	0.00539
198	0.81514	0.01273	0.00968	0.00866	0.01273	0.01477	0.00713	0.01935	0.01120	0.02954	0.00917	0.01069	0.00713	0.00611	0.00407	0.00204	0.00509	0.00356	0.00407	0.00713
199	0.02382	0.04647	0.01930	0.01789	0.05482	0.67217	0.01300	0.02607	0.03633	0.01666	0.01069	0.01239	0.00887	0.00677	0.00595	0.00172	0.01140	0.00439	0.00346	0.00786
200	0.02224	0.01363	0.01592	0.01301	0.01735	0.03488	0.02635	0.13997	0.24234	0.29176	0.08974	0.02413	0.02063	0.00876	0.00675	0.00209	0.00582	0.00723	0.00710	0.01032
201	0.01878	0.01321	0.01461	0.01271	0.01666	0.01447	0.01001	0.04739	0.51819	0.17203	0.02864	0.02612	0.05895	0.00919	0.00674	0.00219	0.00523	0.00761	0.00696	0.01032
202	0.00865	0.00673	0.00788	0.00766	0.00951	0.00595	0.00579	0.01109	0.01687	0.02225	0.40248	0.05641	0.36527	0.01507	0.00781	0.00217	0.00330	0.03252	0.00669	0.00591
203	0.06063	0.53891	0.08952	0.01380	0.06090	0.06831	0.01258	0.01987	0.01379	0.01737	0.02695	0.01258	0.00997	0.00705	0.02268	0.00179	0.00768	0.00411	0.00307	0.00844
204	0.02109	0.01254	0.01467	0.01243	0.01655	0.01314	0.00987	0.03247	0.40089	0.30277	0.06901	0.02522	0.02117	0.00890	0.00673	0.00215	0.00523	0.00739	0.00730	0.01047
205	0.00897	0.00628	0.00829	0.00942	0.01004	0.00603	0.00673	0.01035	0.01295	0.01726	0.07649	0.44600	0.03970	0.13149	0.01275	0.02609	0.00468	0.15544	0.00576	0.00528
206	0.02432	0.03085	0.01892	0.01774	0.04378	0.71814	0.01297	0.02609	0.01853	0.01629	0.01025	0.01202	0.00854	0.00675	0.00596	0.00170	0.01174	0.00429	0.00339	0.00772
207	0.01305	0.04794	0.61822	0.01778	0.02616	0.01508	0.02209	0.01978	0.01377	0.02040	0.02868	0.03973	0.01150	0.00749	0.00726	0.00216	0.05143	0.02514	0.00308	0.00924
208	0.00812	0.00642	0.00719	0.00752	0.00907	0.00563	0.00537	0.00973	0.01451	0.01825	0.13237	0.23795	0.43629	0.05979	0.00939	0.00255	0.00360	0.01464	0.00612	0.00549
209	0.01438	0.01445	0.02090	0.04207	0.01890	0.01984	0.04233	0.01609	0.01040	0.01609	0.00893	0.01464	0.00870	0.01112	0.02055	0.00283	0.70175	0.00585	0.00290	0.00727
210	0.01624	0.03825	0.02421	0.11429	0.43316	0.07854	0.01798	0.01949	0.01411	0.01926	0.01131	0.01553	0.00967	0.00710	0.00930	0.00212	0.15151	0.00564	0.00315	0.00916
211	0.02206	0.15538	0.01885	0.01195	0.01635	0.01551	0.00995	0.22419	0.04047	0.24821	0.05867	0.02229	0.01694	0.09888	0.00944	0.00243	0.00630	0.00651	0.00610	0.00952
212	0.00807	0.00648	0.00713	0.00737	0.00908	0.00562	0.00533	0.00975	0.01479	0.01846	0.13753	0.20049	0.48817	0.04088	0.00872	0.00243	0.00350	0.01448	0.00618	0.00554
213	0.01978	0.51189	0.02920	0.01404	0.04154	0.25337	0.01202	0.02182	0.01511	0.01589	0.00958	0.01117	0.00852	0.00601	0.00484	0.00152	0.00860	0.00383	0.00301	0.00825
214	0.01885	0.16137	0.12173	0.01531	0.01986	0.15690	0.03587	0.13904	0.01712	0.05530	0.01263	0.01507	0.01020	0.01177	0.08497	0.00286	0.10337	0.00520	0.00393	0.00867
215	0.02582	0.01467	0.01706	0.01318	0.01818	0.01499	0.01085	0.38018	0.02488	0.32852	0.02327	0.02157	0.05849	0.00856	0.00668	0.00202	0.00631	0.00672	0.00721	0.01084
216	0.00840	0.00664	0.00757	0.00745	0.00930	0.00581	0.00554	0.01061	0.01631	0.02115	0.32610	0.09646	0.42403	0.01561	0.00781	0.00219	0.00327	0.01337	0.00656	0.00581
217	0.02252	0.02731	0.04301	0.05123	0.08923	0.53243	0.01386	0.08723	0.01895	0.01919	0.01238	0.01421	0.02606	0.00701	0.00613	0.00179	0.01065	0.00487	0.00370	0.00823
218	0.00957	0.00640	0.00729	0.00729	0.00733	0.00644	0.00412	0.00964	0.00961	0.01284	0.02064	0.04254	0.02370	0.74587	0.05595	0.00652	0.00674	0.00949	0.00397	0.00405
219	0.00957	0.00638	0.00718	0.00718	0.00718	0.00638	0.00399	0.00957	0.00957	0.01276	0.02074	0.04308	0.02393	0.76864	0.03351	0.00638	0.00638	0.00957	0.00399	0.00399
220	0.00805	0.00652	0.00714	0.00732	0.00914	0.00562	0.00536	0.00984	0.01515	0.01890	0.15881	0.17576	0.51573	0.01684	0.00788	0.00227	0.00338	0.01439	0.00628	0.00562
221	0.02496	0.01785	0.01896	0.01474	0.01984	0.04296	0.01210	0.57235	0.07035	0.11214	0.01734	0.01689	0.01217	0.00795	0.00657	0.00199	0.00710	0.00603	0.00665	0.01103
222	0.01052	0.00779	0.00911	0.00901	0.01102	0.00740	0.00688	0.04684	0.06052	0.04491	0.17937	0.18820	0.29486	0.01575	0.00786	0.00234	0.00404	0.08065	0.00646	0.00647
223	0.01748	0.52068	0.09628	0.01229	0.01795	0.05965	0.01218	0.08294	0.01544	0.01878	0.01380	0.01487	0.05408	0.00663	0.00497	0.00158	0.00726	0.00458	0.00344	0.03511
224	0.01501	0.06503	0.10691	0.01268	0.01620	0.17094	0.01107	0.01784	0.01527	0.04192	0.11555	0.15711	0.02387	0.01057	0.00743	0.00199	0.05055	0.02787	0.04093	0.09123

[dist]
# distance from previous block
# <min> <max>
1	23

[block]
# block no. 1 follows, 33 sequences, length 82
# corresponding to MSA columns:
# 324-405
name=unknown_B
#
# <colnr> <probs for GDERKNQSTAVLIFYWHMCP>
#	G	D	E	R	K	N	Q	S	T	A	V	L	I	F	Y	W	H	M	C	P
0	0.00996	0.00702	0.00919	0.01050	0.03899	0.00662	0.00692	0.03681	0.01365	0.04416	0.03480	0.58637	0.08027	0.05326	0.00925	0.00270	0.00429	0.01624	0.00594	0.02308
1	0.01046	0.03532	0.01163	0.01065	0.01213	0.00894	0.00839	0.01281	0.01099	0.04222	0.01764	0.02517	0.01616	0.04622	0.68780	0.00992	0.01679	0.00691	0.00367	0.00617
2	0.10832	0.03685	0.09892	0.01492	0.04248	0.07257	0.01277	0.26998	0.09369	0.15951	0.01693	0.01674	0.01199	0.00747	0.00619	0.00200	0.00715	0.00565	0.00573	0.01015
3	0.04702	0.01640	0.08858	0.09485	0.31738	0.01531	0.08539	0.04661	0.08044	0.06047	0.01632	0.01889	0.03792	0.00706	0.00721	0.00210	0.03811	0.00636	0.00402	0.00955
4	0.04833	0.17360	0.13960	0.01699	0.12092	0.01516	0.04572	0.03715	0.01454	0.06825	0.01397	0.06448	0.01199	0.00684	0.00570	0.00170	0.00689	0.00566	0.00388	0.19863
5	0.01420	0.01161	0.01334	0.00993	0.01527	0.00938	0.00792	0.04530	0.05245	0.04480	0.01843	0.01939	0.07941	0.00646	0.00538	0.00124	0.00486	0.00522	0.00451	0.63090
6	0.01244	0.00927	0.02894	0.00962	0.01193	0.00896	0.00766	0.03750	0.09162	0.07390	0.24120	0.08782	0.17259	0.01246	0.00805	0.00214	0.05441	0.01036	0.11199	0.00713
7	0.02136	0.01651	0.01772	0.01410	0.01897	0.01808	0.01143	0.44010	0.23170	0.03541	0.01865	0.01818	0.01369	0.00791	0.00645	0.00195	0.00641	0.00618	0.00636	0.08882
8	0.00948	0.00682	0.00868	0.00968	0.01048	0.00664	0.00666	0.06878	0.01417	0.01892	0.03453	0.70027	0.04077	0.01954	0.00825	0.00261	0.00411	0.01762	0.00615	0.00585
9	0.18408	0.01444	0.01551	0.01219	0.01712	0.04133	0.01000	0.22747	0.02056	0.31563	0.01811	0.01716	0.01225	0.00741	0.00596	0.00194	0.00618	0.00554	0.00642	0.06070
10	0.01534	0.01479	0.02541	0.20647	0.49141	0.01550	0.06518	0.02006	0.04300	0.02062	0.01287	0.01702	0.01040	0.00614	0.00662	0.00204	0.00816	0.00605	0.00332	0.00959
11	0.00802	0.00573	0.00764	0.00917	0.00955	0.00535	0.00611	0.00917	0.01260	0.01681	0.03628	0.76434	0.04354	0.02062	0.00840	0.00267	0.00382	0.01872	0.00611	0.00535
12	0.00841	0.00586	0.00757	0.00879	0.00937	0.00548	0.00594	0.00981	0.01309	0.01789	0.08019	0.63174	0.06401	0.03461	0.00861	0.00262	0.00376	0.01709	0.05971	0.00543
13	0.07134	0.01819	0.02282	0.03106	0.47309	0.14978	0.01690	0.02285	0.09043	0.02170	0.01330	0.01599	0.01088	0.00638	0.00627	0.00194	0.00811	0.00558	0.00371	0.00969
14	0.01081	0.00766	0.01005	0.01075	0.01223	0.00776	0.00852	0.03141	0.05149	0.04096	0.03327	0.24473	0.07648	0.04895	0.10493	0.00389	0.00678	0.27728	0.00578	0.00626
15	0.01603	0.01538	0.02625	0.08817	0.68183	0.01557	0.02008	0.01998	0.01487	0.02119	0.01234	0.01638	0.01032	0.00591	0.00652	0.00197	0.00788	0.00586	0.00324	0.01022
