[name]
unknown

[dist]
# distance from previous block
# <min> <max>
0	21

[block]
# block no. 0 follows, 34 sequences, length 26
# corresponding to MSA columns:
# 21-46
name=unknown_A
#
# <colnr> <probs for GDERKNQSTAVLIFYWHMCP>
#	G	D	E	R	K	N	Q	S	T	A	V	L	I	F	Y	W	H	M	C	P
0	0.01408	0.06445	0.03483	0.03457	0.05968	0.02972	0.08613	0.07832	0.01645	0.05932	0.06518	0.07024	0.07610	0.01239	0.00756	0.00237	0.00660	0.26924	0.00528	0.00749
1	0.08613	0.01149	0.01602	0.06995	0.01861	0.01151	0.10401	0.01879	0.11252	0.04691	0.14113	0.06661	0.04446	0.00880	0.00710	0.00193	0.04189	0.00763	0.00493	0.17957
2	0.00953	0.00732	0.00862	0.00841	0.00925	0.02823	0.02581	0.01059	0.01218	0.01600	0.12750	0.15439	0.11209	0.39924	0.03962	0.00449	0.00566	0.01131	0.00488	0.00490
3	0.01874	0.04567	0.01844	0.08078	0.02015	0.35998	0.01277	0.04166	0.01496	0.01668	0.01067	0.01460	0.00939	0.03134	0.03223	0.00242	0.22915	0.00505	0.02802	0.00728
4	0.00885	0.00656	0.00825	0.00790	0.00949	0.00596	0.00590	0.01159	0.01747	0.02414	0.59241	0.07905	0.17048	0.01401	0.00765	0.00208	0.00311	0.01227	0.00689	0.00596
5	0.00787	0.00562	0.00750	0.00900	0.00937	0.00525	0.00600	0.00900	0.01237	0.01649	0.03561	0.76871	0.04274	0.02024	0.00825	0.00262	0.00375	0.01837	0.00600	0.00525
6	0.00940	0.00626	0.00705	0.00705	0.00705	0.00626	0.00392	0.00940	0.00940	0.01253	0.02036	0.04228	0.02349	0.77292	0.03289	0.00626	0.00626	0.00940	0.00392	0.00392
7	0.00786	0.00655	0.00686	0.00678	0.00887	0.00555	0.00509	0.00971	0.01526	0.01871	0.16428	0.06011	0.63039	0.01589	0.00763	0.00216	0.00324	0.01335	0.00617	0.00555
8	0.01757	0.74429	0.03318	0.01130	0.01673	0.05702	0.01112	0.01963	0.01335	0.01523	0.00903	0.01042	0.00829	0.00558	0.00422	0.00139	0.00712	0.00349	0.00279	0.00826
9	0.02456	0.01810	0.01939	0.01487	0.02004	0.02004	0.01228	0.71107	0.03038	0.04072	0.01551	0.01551	0.01099	0.00776	0.00646	0.00194	0.00711	0.00582	0.00646	0.01099
10	0.00923	0.00692	0.01038	0.01038	0.01154	0.00808	0.00808	0.01154	0.01038	0.01500	0.01731	0.02538	0.01615	0.04846	0.74732	0.01038	0.01731	0.00692	0.00346	0.00577
11	0.01727	0.77681	0.03386	0.01106	0.01658	0.02557	0.01106	0.01935	0.01313	0.01520	0.00898	0.01036	0.00829	0.00553	0.00415	0.00138	0.00691	0.00345	0.00276	0.00829
12	0.02456	0.01810	0.01939	0.01487	0.02004	0.02004	0.01228	0.71107	0.03038	0.04072	0.01551	0.01551	0.01099	0.00776	0.00646	0.00194	0.00711	0.00582	0.00646	0.01099
13	0.00940	0.00626	0.00705	0.00705	0.00705	0.00626	0.00392	0.00940	0.00940	0.01253	0.02036	0.04228	0.02349	0.77292	0.03289	0.00626	0.00626	0.00940	0.00392	0.00392
14	0.01771	0.01436	0.01517	0.01312	0.01698	0.01637	0.01035	0.18221	0.52842	0.02987	0.02363	0.02221	0.01762	0.00847	0.00643	0.00210	0.00543	0.00690	0.05248	0.01015
15	0.00925	0.00685	0.01001	0.01001	0.01104	0.00787	0.00761	0.01130	0.01027	0.01472	0.01765	0.02727	0.01697	0.12944	0.66746	0.00992	0.01607	0.00720	0.00351	0.00556
16	0.02414	0.03079	0.01831	0.01665	0.01998	0.74698	0.01248	0.02580	0.01831	0.01581	0.00999	0.01165	0.00832	0.00666	0.00583	0.00166	0.01165	0.00416	0.00333	0.00749
17	0.00881	0.00635	0.00834	0.00836	0.00958	0.00587	0.00607	0.01135	0.01673	0.02343	0.54616	0.23839	0.05615	0.01507	0.00779	0.00219	0.00323	0.01345	0.00682	0.00587
18	0.00943	0.00722	0.01023	0.00915	0.01099	0.00665	0.04629	0.01255	0.01796	0.02523	0.65846	0.04712	0.08802	0.01291	0.00762	0.00205	0.00351	0.01154	0.00684	0.00622
19	0.01456	0.01682	0.08614	0.49086	0.03785	0.10910	0.09259	0.04229	0.01453	0.01806	0.01161	0.01615	0.00875	0.00639	0.00648	0.00208	0.00928	0.00566	0.00308	0.00773
20	0.00787	0.00562	0.00750	0.00900	0.00937	0.00525	0.00600	0.00900	0.01237	0.01649	0.03561	0.76871	0.04274	0.02024	0.00825	0.00262	0.00375	0.01837	0.00600	0.00525
21	0.00773	0.00640	0.00677	0.00699	0.00886	0.00545	0.00512	0.00934	0.01449	0.01761	0.08497	0.17279	0.59751	0.01686	0.00773	0.00225	0.00334	0.01431	0.00604	0.00545
22	0.01343	0.02634	0.48092	0.13972	0.15043	0.01501	0.04474	0.01973	0.01376	0.01995	0.01172	0.01473	0.00865	0.00610	0.00628	0.00205	0.00913	0.00519	0.00285	0.00926
23	0.01772	0.10118	0.15142	0.04250	0.09590	0.01601	0.28434	0.05301	0.01583	0.13759	0.01437	0.01653	0.01043	0.00615	0.00661	0.00200	0.00881	0.00619	0.00402	0.00939
24	0.01525	0.01743	0.03813	0.02723	0.03377	0.01634	0.70915	0.02070	0.01525	0.02070	0.01307	0.01743	0.00980	0.00545	0.00763	0.00218	0.01089	0.00763	0.00327	0.00871
25	0.13884	0.05743	0.03574	0.05717	0.05456	0.13067	0.03324	0.11753	0.11803	0.02359	0.01799	0.11671	0.03273	0.00903	0.00658	0.00205	0.02807	0.00717	0.00466	0.00820

[dist]
# distance from previous block
# <min> <max>
0	9

[block]
# block no. 1 follows, 34 sequences, length 12
# corresponding to MSA columns:
# 56-67
name=unknown_B
#
# <colnr> <probs for GDERKNQSTAVLIFYWHMCP>
#	G	D	E	R	K	N	Q	S	T	A	V	L	I	F	Y	W	H	M	C	P
0	0.12143	0.17689	0.10486	0.05140	0.02055	0.01654	0.07765	0.11692	0.03991	0.10258	0.01417	0.03846	0.01108	0.00679	0.00565	0.00183	0.00696	0.00542	0.00439	0.07651
1	0.00885	0.00705	0.00800	0.00776	0.00970	0.00645	0.00581	0.01220	0.06621	0.02145	0.32518	0.08743	0.38094	0.01475	0.00758	0.00214	0.00334	0.01264	0.00648	0.00604
2	0.01494	0.01778	0.15744	0.09256	0.16667	0.01669	0.05292	0.01898	0.03139	0.05368	0.01164	0.01553	0.00953	0.00822	0.01216	0.00234	0.30002	0.00570	0.00326	0.00855
3	0.00895	0.00660	0.00837	0.00793	0.00954	0.00602	0.00595	0.01182	0.01784	0.02484	0.64505	0.05003	0.14580	0.01361	0.00762	0.00205	0.00308	0.01193	0.00697	0.00602
4	0.01369	0.01159	0.01234	0.01128	0.01430	0.01288	0.00864	0.02684	0.50164	0.02464	0.10190	0.03355	0.13831	0.04917	0.00818	0.00238	0.00467	0.00886	0.00640	0.00873
5	0.01331	0.01134	0.01205	0.01103	0.01410	0.01246	0.00851	0.02596	0.47624	0.02465	0.11416	0.03576	0.19137	0.01105	0.00694	0.00217	0.00445	0.00928	0.00650	0.00864
6	0.00776	0.00655	0.00671	0.00667	0.00880	0.00551	0.00501	0.00951	0.01502	0.01814	0.11907	0.06106	0.67596	0.01611	0.00764	0.00217	0.00325	0.01348	0.00609	0.00551
7	0.01383	0.01371	0.01972	0.13549	0.02137	0.01892	0.01475	0.01570	0.01038	0.01570	0.00896	0.01463	0.00850	0.01053	0.01884	0.00272	0.64064	0.00567	0.00283	0.00709
8	0.02418	0.02958	0.01841	0.01648	0.01998	0.67735	0.01246	0.09144	0.01947	0.01820	0.01052	0.01202	0.00858	0.00676	0.00589	0.00169	0.01122	0.00432	0.00363	0.00783
9	0.01828	0.66777	0.03159	0.01187	0.01708	0.13101	0.01126	0.02029	0.01389	0.01529	0.00913	0.01055	0.00830	0.00569	0.00439	0.00142	0.00760	0.00356	0.00285	0.00817
10	0.01724	0.01456	0.01608	0.01522	0.06681	0.01657	0.01118	0.12689	0.57657	0.02851	0.02383	0.02236	0.01786	0.00842	0.00655	0.00214	0.00557	0.00699	0.00633	0.01033
11	0.00925	0.00629	0.00701	0.00701	0.00718	0.00620	0.00400	0.00939	0.00983	0.01293	0.02403	0.04391	0.08108	0.71125	0.03083	0.00593	0.00602	0.00974	0.00409	0.00404

[dist]
# distance from previous block
# <min> <max>
0	1

[block]
# block no. 2 follows, 34 sequences, length 40
# corresponding to MSA columns:
# 69-108
name=unknown_C
#
# <colnr> <probs for GDERKNQSTAVLIFYWHMCP>
#	G	D	E	R	K	N	Q	S	T	A	V	L	I	F	Y	W	H	M	C	P
0	0.01868	0.32570	0.02523	0.01459	0.04622	0.05104	0.03237	0.18197	0.14166	0.02363	0.01378	0.01474	0.01106	0.00711	0.00668	0.00182	0.06504	0.00509	0.00435	0.00922
1	0.01015	0.00724	0.00946	0.01043	0.05198	0.00700	0.00712	0.01197	0.01352	0.04152	0.14428	0.10934	0.13969	0.22034	0.06680	0.00398	0.00586	0.12827	0.00533	0.00570
2	0.06118	0.16885	0.12815	0.01810	0.11408	0.10449	0.03987	0.15050	0.01745	0.07778	0.01251	0.01407	0.00963	0.00673	0.00661	0.00188	0.04984	0.00499	0.00406	0.00923
3	0.03751	0.10318	0.31817	0.02128	0.06642	0.01653	0.25985	0.03876	0.01474	0.04519	0.01237	0.01499	0.00918	0.00591	0.00642	0.00201	0.00931	0.00573	0.00326	0.00918
4	0.00799	0.00573	0.00753	0.00881	0.00931	0.00534	0.00592	0.00923	0.01276	0.01705	0.08293	0.67889	0.06461	0.03980	0.00885	0.00267	0.00375	0.01753	0.00602	0.00528
5	0.01357	0.03714	0.05193	0.12671	0.22554	0.06035	0.04623	0.01672	0.01459	0.04414	0.06517	0.14369	0.10728	0.01006	0.00687	0.00209	0.00676	0.00899	0.00432	0.00784
6	0.07766	0.03283	0.10816	0.03895	0.14064	0.03576	0.09650	0.04261	0.01483	0.08967	0.01379	0.04071	0.01104	0.00634	0.00590	0.00173	0.00708	0.00557	0.00403	0.22620
7	0.00960	0.00891	0.05783	0.01069	0.01228	0.00835	0.02882	0.01179	0.01126	0.01580	0.04487	0.12281	0.05043	0.15197	0.39124	0.00710	0.03743	0.00903	0.00400	0.00578
8	0.00870	0.00596	0.00776	0.00883	0.00959	0.00547	0.00604	0.01003	0.01314	0.04349	0.07781	0.63908	0.10190	0.01906	0.00809	0.00253	0.00373	0.01714	0.00614	0.00553
9	0.10740	0.05974	0.01634	0.06685	0.10494	0.06164	0.01055	0.07587	0.03687	0.02300	0.07489	0.03339	0.03445	0.00705	0.00563	0.00163	0.00602	0.00567	0.00429	0.26381
10	0.01068	0.00695	0.00932	0.00948	0.01067	0.00713	0.00698	0.01244	0.01264	0.07878	0.05767	0.32575	0.07638	0.04987	0.20522	0.00463	0.04079	0.01208	0.05653	0.00601
11	0.00932	0.00628	0.00703	0.00703	0.00712	0.00623	0.00396	0.00939	0.00961	0.01273	0.02221	0.04310	0.05242	0.74194	0.03185	0.00610	0.00614	0.00957	0.00400	0.00398
12	0.01688	0.70063	0.07718	0.01175	0.01731	0.02468	0.01197	0.01927	0.01303	0.01554	0.00913	0.01072	0.00829	0.00579	0.00494	0.00148	0.03670	0.00362	0.00276	0.00832
13	0.08844	0.00834	0.00949	0.00817	0.01112	0.00799	0.00649	0.02120	0.01507	0.27602	0.02158	0.02216	0.01553	0.00756	0.00517	0.00172	0.00406	0.00597	0.45605	0.00786
14	0.00788	0.00649	0.00694	0.00697	0.00892	0.00554	0.00517	0.00970	0.01510	0.01868	0.16473	0.11289	0.57629	0.01617	0.00768	0.00219	0.00327	0.01369	0.00617	0.00554
15	0.00895	0.00656	0.00839	0.00800	0.00955	0.00600	0.00598	0.01179	0.01772	0.02473	0.63826	0.07580	0.12659	0.01378	0.00765	0.00207	0.00310	0.01212	0.00696	0.00600
16	0.00878	0.00652	0.00817	0.00792	0.00947	0.00591	0.00588	0.01142	0.01718	0.02366	0.55587	0.10858	0.17808	0.01433	0.00767	0.00211	0.00314	0.01257	0.00683	0.00591
17	0.81856	0.01250	0.00950	0.00850	0.01250	0.01449	0.00700	0.01899	0.01100	0.02899	0.00900	0.01050	0.00700	0.00600	0.00400	0.00200	0.00500	0.00350	0.00400	0.00700
18	0.01340	0.01148	0.01340	0.00957	0.01531	0.00861	0.00766	0.01627	0.01340	0.02105	0.01148	0.01340	0.00957	0.00479	0.00479	0.00096	0.00479	0.00383	0.00383	0.81242
19	0.81856	0.01250	0.00950	0.00850	0.01250	0.01449	0.00700	0.01899	0.01100	0.02899	0.00900	0.01050	0.00700	0.00600	0.00400	0.00200	0.00500	0.00350	0.00400	0.00700
20	0.01340	0.01148	0.01340	0.00957	0.01531	0.00861	0.00766	0.01627	0.01340	0.02105	0.01148	0.01340	0.00957	0.00479	0.00479	0.00096	0.00479	0.00383	0.00383	0.81242
21	0.81856	0.01250	0.00950	0.00850	0.01250	0.01449	0.00700	0.01899	0.01100	0.02899	0.00900	0.01050	0.00700	0.00600	0.00400	0.00200	0.00500	0.00350	0.00400	0.00700
22	0.02416	0.03024	0.01836	0.01657	0.01998	0.71500	0.01248	0.05595	0.01884	0.01691	0.01023	0.01182	0.00844	0.00671	0.00585	0.00168	0.01145	0.00423	0.00347	0.00764
23	0.01340	0.01148	0.01340	0.00957	0.01531	0.00861	0.00766	0.01627	0.01340	0.02105	0.01148	0.01340	0.00957	0.00479	0.00479	0.00096	0.00479	0.00383	0.00383	0.81242
24	0.01287	0.03606	0.07318	0.03221	0.03800	0.11017	0.00953	0.01573	0.01613	0.05427	0.27676	0.13112	0.09471	0.01193	0.00703	0.00206	0.00552	0.03113	0.03472	0.00687
25	0.02326	0.02934	0.01844	0.01667	0.01971	0.68349	0.01263	0.02491	0.01758	0.01579	0.00986	0.01187	0.00834	0.00706	0.00717	0.00177	0.07709	0.00429	0.00329	0.00745
26	0.81856	0.01250	0.00950	0.00850	0.01250	0.01449	0.00700	0.01899	0.01100	0.02899	0.00900	0.01050	0.00700	0.00600	0.00400	0.00200	0.00500	0.00350	0.00400	0.00700
27	0.01889	0.01159	0.01372	0.01126	0.01485	0.01178	0.00895	0.22706	0.04541	0.18537	0.09281	0.04729	0.02018	0.06284	0.09010	0.00311	0.00681	0.00724	0.05520	0.06554
28	0.04559	0.08635	0.11143	0.07017	0.21690	0.04251	0.12225	0.06965	0.03209	0.09401	0.03802	0.01700	0.01203	0.00651	0.00631	0.00195	0.00796	0.00589	0.00405	0.00932
29	0.01703	0.73551	0.07306	0.01146	0.01722	0.02498	0.01177	0.01941	0.01316	0.01549	0.00913	0.01055	0.00829	0.00556	0.00426	0.00142	0.00706	0.00353	0.00276	0.00836
30	0.00893	0.00671	0.00834	0.00824	0.00993	0.00612	0.00639	0.01159	0.01688	0.02278	0.45836	0.05535	0.23288	0.01468	0.00781	0.00220	0.00351	0.10674	0.00666	0.00591
31	0.81856	0.01250	0.00950	0.00850	0.01250	0.01449	0.00700	0.01899	0.01100	0.02899	0.00900	0.01050	0.00700	0.00600	0.00400	0.00200	0.00500	0.00350	0.00400	0.00700
32	0.00795	0.00636	0.00693	0.00716	0.00878	0.00554	0.00512	0.00948	0.01417	0.01758	0.11139	0.18597	0.49412	0.07825	0.00980	0.00258	0.00358	0.01398	0.00592	0.00535
33	0.00787	0.00631	0.00704	0.00738	0.00900	0.00547	0.00533	0.00954	0.01452	0.01818	0.13426	0.24715	0.47121	0.01702	0.00780	0.00228	0.00337	0.01466	0.00613	0.00547
34	0.05103	0.05875	0.11692	0.01473	0.01963	0.21797	0.01308	0.21761	0.02030	0.13077	0.04217	0.01596	0.01221	0.00743	0.00658	0.00190	0.03343	0.00534	0.00495	0.00923
35	0.01904	0.17108	0.22204	0.01428	0.02045	0.01809	0.01455	0.27543	0.04331	0.06785	0.01441	0.01518	0.01061	0.00690	0.00579	0.00184	0.00733	0.00516	0.05696	0.00971
36	0.00825	0.00595	0.00789	0.00931	0.00995	0.00560	0.00662	0.00969	0.01289	0.01699	0.03705	0.62233	0.08006	0.01966	0.00832	0.00265	0.00406	0.12137	0.00599	0.00537
37	0.00940	0.00626	0.00705	0.00705	0.00705	0.00626	0.00392	0.00940	0.00940	0.01253	0.02036	0.04228	0.02349	0.77292	0.03289	0.00626	0.00626	0.00940	0.00392	0.00392
38	0.01778	0.08959	0.14790	0.04037	0.14383	0.12105	0.06746	0.15170	0.01760	0.02337	0.01286	0.01519	0.01002	0.00666	0.00649	0.00188	0.03320	0.00532	0.07874	0.00899
39	0.13613	0.26774	0.04483	0.01318	0.01790	0.15684	0.03444	0.15689	0.01741	0.04465	0.01242	0.04771	0.01053	0.00703	0.00534	0.00176	0.00759	0.00503	0.00410	0.00848

[dist]
# distance from previous block
# <min> <max>
0	5

[block]
# block no. 3 follows, 34 sequences, length 21
# corresponding to MSA columns:
# 114-134
name=unknown_D
#
# <colnr> <probs for GDERKNQSTAVLIFYWHMCP>
#	G	D	E	R	K	N	Q	S	T	A	V	L	I	F	Y	W	H	M	C	P
0	0.01262	0.11706	0.07684	0.01289	0.04810	0.01162	0.04689	0.05474	0.03930	0.04324	0.02494	0.27117	0.05912	0.08660	0.04246	0.00295	0.00643	0.03112	0.00480	0.00708
1	0.01545	0.10691	0.01790	0.05889	0.07238	0.04864	0.06656	0.07074	0.01629	0.11060	0.09381	0.14707	0.10487	0.01089	0.00685	0.00207	0.00613	0.03090	0.00523	0.00781
2	0.01726	0.22317	0.19250	0.01659	0.05871	0.06888	0.09627	0.04620	0.03694	0.09755	0.07318	0.01738	0.01423	0.00684	0.00596	0.00184	0.00785	0.00564	0.00405	0.00894
3	0.00864	0.00657	0.00787	0.00755	0.00924	0.00588	0.00561	0.01110	0.01675	0.02254	0.47694	0.05279	0.28758	0.04223	0.00856	0.00224	0.00324	0.01227	0.00662	0.00580
4	0.01340	0.01148	0.01340	0.00957	0.01531	0.00861	0.00766	0.01627	0.01340	0.02105	0.01148	0.01340	0.00957	0.00479	0.00479	0.00096	0.00479	0.00383	0.00383	0.81242
5	0.00813	0.00655	0.00726	0.00728	0.00919	0.00568	0.00549	0.01013	0.01546	0.01949	0.21912	0.09442	0.50723	0.01588	0.00772	0.00220	0.00336	0.04354	0.00626	0.00562
6	0.00796	0.00566	0.00747	0.00888	0.00923	0.00531	0.00587	0.00902	0.01219	0.01626	0.03470	0.72510	0.04158	0.06543	0.00973	0.00284	0.00390	0.01783	0.00587	0.00517
7	0.81856	0.01250	0.00950	0.00850	0.01250	0.01449	0.00700	0.01899	0.01100	0.02899	0.00900	0.01050	0.00700	0.00600	0.00400	0.00200	0.00500	0.00350	0.00400	0.00700
8	0.00791	0.00656	0.00692	0.00683	0.00889	0.00557	0.00512	0.00979	0.01536	0.01896	0.18393	0.05970	0.61057	0.01580	0.00763	0.00216	0.00323	0.01329	0.00620	0.00557
9	0.01204	0.00602	0.00602	0.00602	0.00753	0.00602	0.00452	0.01506	0.01355	0.02409	0.02108	0.02409	0.01656	0.00753	0.00452	0.00151	0.00301	0.00602	0.80879	0.00602
10	0.00787	0.00562	0.00750	0.00900	0.00937	0.00525	0.00600	0.00900	0.01237	0.01649	0.03561	0.76871	0.04274	0.02024	0.00825	0.00262	0.00375	0.01837	0.00600	0.00525
11	0.81856	0.01250	0.00950	0.00850	0.01250	0.01449	0.00700	0.01899	0.01100	0.02899	0.00900	0.01050	0.00700	0.00600	0.00400	0.00200	0.00500	0.00350	0.00400	0.00700
12	0.00944	0.00637	0.00746	0.00771	0.00790	0.00635	0.00477	0.00984	0.01018	0.01351	0.02269	0.07979	0.02599	0.64949	0.02893	0.00571	0.00611	0.08929	0.00425	0.00422
13	0.01525	0.01743	0.03813	0.02723	0.03377	0.01634	0.70915	0.02070	0.01525	0.02070	0.01307	0.01743	0.00980	0.00545	0.00763	0.00218	0.01089	0.00763	0.00327	0.00871
14	0.02326	0.01052	0.01367	0.01088	0.01499	0.00959	0.00883	0.09185	0.01946	0.48151	0.18794	0.02879	0.05031	0.00946	0.00679	0.00201	0.00501	0.00787	0.00758	0.00968
15	0.01012	0.00723	0.01008	0.01157	0.01293	0.00719	0.00991	0.01289	0.01459	0.01901	0.03437	0.15172	0.03781	0.01812	0.00885	0.00294	0.00570	0.61313	0.00596	0.00587
16	0.01204	0.00602	0.00602	0.00602	0.00753	0.00602	0.00452	0.01506	0.01355	0.02409	0.02108	0.02409	0.01656	0.00753	0.00452	0.00151	0.00301	0.00602	0.80879	0.00602
17	0.00993	0.00815	0.01193	0.11090	0.01590	0.00967	0.00947	0.01194	0.01119	0.01561	0.02077	0.24103	0.02215	0.06070	0.29780	0.00576	0.11710	0.01004	0.00405	0.00591
18	0.02314	0.01451	0.05013	0.01317	0.01773	0.01421	0.01122	0.30149	0.02203	0.29371	0.06039	0.02038	0.01587	0.01120	0.06067	0.00262	0.04452	0.00643	0.00650	0.01007
19	0.01512	0.01575	0.06012	0.08184	0.02518	0.05687	0.27058	0.01918	0.03173	0.06091	0.04812	0.02087	0.01383	0.03818	0.03799	0.00273	0.16375	0.02558	0.00377	0.00790
20	0.67908	0.04664	0.01131	0.00912	0.01317	0.01483	0.00755	0.06066	0.01257	0.05402	0.01089	0.03719	0.00884	0.00664	0.00439	0.00199	0.00519	0.00425	0.00430	0.00738

[dist]
# distance from previous block
# <min> <max>
0	2

[block]
# block no. 4 follows, 34 sequences, length 21
# corresponding to MSA columns:
# 137-157
name=unknown_E
#
# <colnr> <probs for GDERKNQSTAVLIFYWHMCP>
#	G	D	E	R	K	N	Q	S	T	A	V	L	I	F	Y	W	H	M	C	P
0	0.05114	0.01107	0.03852	0.01040	0.01457	0.00980	0.00877	0.08376	0.01769	0.42907	0.02234	0.02132	0.01513	0.00771	0.00584	0.00186	0.00507	0.00614	0.23039	0.00942
1	0.07029	0.06738	0.05994	0.06357	0.09715	0.01542	0.08899	0.15593	0.12131	0.04415	0.05985	0.07362	0.01674	0.00817	0.00641	0.00202	0.00677	0.00709	0.00490	0.03030
2	0.00833	0.00657	0.00751	0.00727	0.00915	0.00575	0.00545	0.01061	0.01636	0.02134	0.37035	0.05579	0.42268	0.01491	0.00763	0.00211	0.00317	0.01274	0.00651	0.00575
3	0.01622	0.08912	0.34575	0.02049	0.14898	0.05960	0.04309	0.09100	0.01604	0.04835	0.01406	0.01589	0.02911	0.00657	0.00609	0.00193	0.00843	0.00534	0.02454	0.00941
4	0.01388	0.02459	0.36891	0.02229	0.03009	0.01530	0.35847	0.02016	0.01447	0.02046	0.01433	0.01731	0.03594	0.00618	0.00692	0.00212	0.00997	0.00650	0.00311	0.00899
5	0.00787	0.00562	0.00750	0.00900	0.00937	0.00525	0.00600	0.00900	0.01237	0.01649	0.03561	0.76871	0.04274	0.02024	0.00825	0.00262	0.00375	0.01837	0.00600	0.00525
6	0.05968	0.21673	0.09779	0.01872	0.13604	0.08093	0.06962	0.03687	0.03903	0.01927	0.01358	0.06640	0.01246	0.00784	0.00723	0.00197	0.07434	0.02956	0.00355	0.00838
7	0.01652	0.01862	0.12893	0.01583	0.05862	0.10385	0.03414	0.02828	0.39460	0.05084	0.02319	0.02254	0.05877	0.00826	0.00650	0.00208	0.00682	0.00681	0.00531	0.00948
8	0.00783	0.00655	0.00681	0.00675	0.00885	0.00554	0.00506	0.00965	0.01518	0.01854	0.15045	0.06040	0.64432	0.01596	0.00763	0.00216	0.00324	0.01339	0.00614	0.00554
9	0.01542	0.01476	0.02519	0.14884	0.62795	0.01520	0.01954	0.01932	0.01444	0.02041	0.01205	0.01618	0.00999	0.00586	0.00641	0.00195	0.00782	0.00575	0.00315	0.00977
10	0.01414	0.01414	0.01979	0.01696	0.01696	0.01979	0.01414	0.01555	0.00990	0.01555	0.00848	0.01414	0.00848	0.01131	0.02120	0.00283	0.76110	0.00565	0.00283	0.00707
11	0.81856	0.01250	0.00950	0.00850	0.01250	0.01449	0.00700	0.01899	0.01100	0.02899	0.00900	0.01050	0.00700	0.00600	0.00400	0.00200	0.00500	0.00350	0.00400	0.00700
12	0.01525	0.01743	0.03813	0.02723	0.03377	0.01634	0.70915	0.02070	0.01525	0.02070	0.01307	0.01743	0.00980	0.00545	0.00763	0.00218	0.01089	0.00763	0.00327	0.00871
13	0.01010	0.00684	0.00879	0.00817	0.00995	0.00623	0.00617	0.01299	0.01797	0.06454	0.62807	0.04811	0.12109	0.01322	0.00756	0.00204	0.00321	0.01158	0.00706	0.00631
14	0.00963	0.00775	0.03595	0.01009	0.01151	0.00804	0.00809	0.01207	0.01074	0.01590	0.01762	0.02576	0.01630	0.08262	0.61328	0.00904	0.01511	0.00690	0.07778	0.00583
15	0.01484	0.15296	0.19379	0.06405	0.02193	0.04296	0.05147	0.03970	0.04077	0.02016	0.01178	0.01380	0.00934	0.00570	0.00542	0.00154	0.00724	0.00453	0.00344	0.29458
16	0.00864	0.00679	0.00794	0.00825	0.01013	0.00610	0.00658	0.01088	0.01540	0.01945	0.17483	0.06256	0.42726	0.01620	0.00798	0.00237	0.00394	0.19281	0.00618	0.00570
17	0.01584	0.04531	0.21846	0.04513	0.04818	0.17844	0.01519	0.02064	0.06713	0.03463	0.01401	0.04855	0.01185	0.01170	0.07648	0.00283	0.10717	0.00584	0.02453	0.00812
18	0.00859	0.00635	0.00806	0.00863	0.00969	0.00596	0.00609	0.01106	0.04125	0.02018	0.27353	0.42913	0.11327	0.01706	0.00791	0.00236	0.00352	0.01523	0.00640	0.00574
19	0.01684	0.04180	0.03560	0.03515	0.08883	0.08692	0.01124	0.10318	0.14914	0.08065	0.08962	0.05897	0.04713	0.01026	0.02749	0.00226	0.04836	0.00738	0.05062	0.00857
20	0.20133	0.25134	0.04134	0.03266	0.03670	0.05743	0.02812	0.10746	0.05847	0.02336	0.01341	0.01460	0.03429	0.00654	0.00508	0.00173	0.00659	0.00468	0.00400	0.07089

[dist]
# distance from previous block
# <min> <max>
1	13

[block]
# block no. 5 follows, 34 sequences, length 6
# corresponding to MSA columns:
# 171-176
name=unknown_F
#
# <colnr> <probs for GDERKNQSTAVLIFYWHMCP>
#	G	D	E	R	K	N	Q	S	T	A	V	L	I	F	Y	W	H	M	C	P
0	0.04875	0.09664	0.04582	0.01220	0.01588	0.21255	0.01002	0.13347	0.04468	0.02256	0.04235	0.04980	0.06102	0.03760	0.00684	0.00194	0.00712	0.00632	0.09809	0.04635
1	0.28122	0.06697	0.13729	0.05469	0.01996	0.01448	0.07442	0.06902	0.01433	0.06250	0.01429	0.01581	0.04337	0.00656	0.00541	0.00187	0.00669	0.00506	0.00404	0.10202
2	0.00782	0.00583	0.00728	0.00844	0.00923	0.00529	0.00575	0.00906	0.01290	0.01671	0.04236	0.60903	0.19806	0.01937	0.00811	0.00252	0.00364	0.01730	0.00600	0.00529
3	0.00938	0.00635	0.00747	0.00747	0.00762	0.00650	0.00445	0.00967	0.00952	0.01284	0.01997	0.04013	0.02255	0.68050	0.12403	0.00679	0.00767	0.00908	0.00386	0.00415
4	0.01865	0.10050	0.15589	0.03750	0.12616	0.13719	0.01483	0.09669	0.01679	0.10692	0.01502	0.04145	0.01221	0.00760	0.00661	0.00194	0.03303	0.02933	0.03274	0.00897
5	0.35770	0.09523	0.07812	0.01460	0.05492	0.09625	0.07926	0.08192	0.01489	0.05723	0.01120	0.01279	0.00857	0.00621	0.00520	0.00191	0.00722	0.00453	0.00398	0.00826

[dist]
# distance from previous block
# <min> <max>
0	2

[block]
# block no. 6 follows, 34 sequences, length 17
# corresponding to MSA columns:
# 179-195
name=unknown_G
#
# <colnr> <probs for GDERKNQSTAVLIFYWHMCP>
#	G	D	E	R	K	N	Q	S	T	A	V	L	I	F	Y	W	H	M	C	P
0	0.00992	0.00766	0.01111	0.09134	0.01458	0.00896	0.00869	0.01213	0.01082	0.01543	0.01835	0.02708	0.03935	0.12549	0.48205	0.00789	0.05244	0.00720	0.04374	0.00577
1	0.01563	0.01293	0.06372	0.01046	0.01636	0.00918	0.00904	0.01876	0.01415	0.12480	0.01352	0.01466	0.01041	0.00534	0.00513	0.00118	0.00522	0.00428	0.00436	0.64087
2	0.01885	0.10491	0.12632	0.09638	0.04238	0.04264	0.06125	0.20149	0.03913	0.10618	0.01568	0.01682	0.02819	0.00693	0.00612	0.00187	0.00754	0.00562	0.00466	0.06704
3	0.10315	0.03770	0.05018	0.01377	0.01806	0.05454	0.05556	0.16841	0.20754	0.10439	0.05164	0.02018	0.01578	0.03658	0.00773	0.00221	0.03139	0.00636	0.00557	0.00926
4	0.00938	0.00634	0.00742	0.00742	0.00754	0.00646	0.00438	0.00963	0.00951	0.01280	0.02002	0.04041	0.02268	0.69274	0.11196	0.00672	0.00749	0.00912	0.00386	0.00412
5	0.01755	0.05798	0.02419	0.03042	0.46048	0.11953	0.03821	0.08010	0.01652	0.02161	0.01352	0.01900	0.01177	0.00687	0.00641	0.00194	0.00813	0.05262	0.00367	0.00946
6	0.02504	0.01732	0.01891	0.01450	0.01965	0.01889	0.01198	0.63706	0.02908	0.11657	0.01660	0.01622	0.01153	0.00778	0.00647	0.00195	0.00693	0.00589	0.00663	0.01099
7	0.01243	0.01005	0.01147	0.01051	0.01304	0.01082	0.00805	0.02268	0.35114	0.02644	0.39624	0.03682	0.04143	0.01110	0.00713	0.00211	0.00403	0.00961	0.00686	0.00805
8	0.01220	0.01148	0.01938	0.75739	0.04450	0.01436	0.01794	0.01651	0.01292	0.01651	0.01148	0.01723	0.00861	0.00646	0.00646	0.00215	0.00861	0.00574	0.00287	0.00718
9	0.00923	0.00692	0.01038	0.01038	0.01154	0.00808	0.00808	0.01154	0.01038	0.01500	0.01731	0.02538	0.01615	0.04846	0.74732	0.01038	0.01731	0.00692	0.00346	0.00577
10	0.01414	0.01414	0.01979	0.01696	0.01696	0.01979	0.01414	0.01555	0.00990	0.01555	0.00848	0.01414	0.00848	0.01131	0.02120	0.00283	0.76110	0.00565	0.00283	0.00707
11	0.02456	0.01810	0.01939	0.01487	0.02004	0.02004	0.01228	0.71107	0.03038	0.04072	0.01551	0.01551	0.01099	0.00776	0.00646	0.00194	0.00711	0.00582	0.00646	0.01099
12	0.00787	0.00562	0.00750	0.00900	0.00937	0.00525	0.00600	0.00900	0.01237	0.01649	0.03561	0.76871	0.04274	0.02024	0.00825	0.00262	0.00375	0.01837	0.00600	0.00525
13	0.01581	0.01395	0.02011	0.01684	0.01768	0.01851	0.04547	0.01752	0.01108	0.09437	0.01054	0.01514	0.00936	0.01068	0.01898	0.00271	0.64444	0.00584	0.00341	0.00757
14	0.01031	0.00689	0.00883	0.00818	0.01001	0.00625	0.00619	0.01317	0.01792	0.07259	0.60981	0.04802	0.13082	0.01320	0.00755	0.00205	0.00324	0.01155	0.00705	0.00635
15	0.01581	0.03015	0.04401	0.01307	0.06336	0.06496	0.00986	0.13673	0.06830	0.09199	0.13302	0.09110	0.13722	0.01226	0.03458	0.00235	0.00605	0.00897	0.02814	0.00808
16	0.06216	0.07292	0.05989	0.03034	0.04952	0.18068	0.01167	0.07193	0.08838	0.17332	0.03332	0.01996	0.01421	0.00770	0.00605	0.00189	0.00732	0.03983	0.02650	0.04243

[dist]
# distance from previous block
# <min> <max>
1	6

[block]
# block no. 7 follows, 34 sequences, length 22
# corresponding to MSA columns:
# 202-223
name=unknown_H
#
# <colnr> <probs for GDERKNQSTAVLIFYWHMCP>
#	G	D	E	R	K	N	Q	S	T	A	V	L	I	F	Y	W	H	M	C	P
0	0.01710	0.19724	0.19616	0.01569	0.05645	0.09775	0.03152	0.12279	0.04346	0.02195	0.01288	0.04113	0.01065	0.00671	0.00567	0.00173	0.00780	0.00516	0.00379	0.10436
1	0.09215	0.07865	0.05645	0.01878	0.15023	0.13272	0.02956	0.13912	0.14126	0.05779	0.01545	0.01726	0.01207	0.00717	0.00603	0.00194	0.00749	0.02189	0.00466	0.00934
2	0.00809	0.00629	0.00735	0.00765	0.00915	0.00556	0.00552	0.00993	0.01495	0.01932	0.22482	0.26210	0.36281	0.01668	0.00781	0.00227	0.00335	0.01451	0.00628	0.00556
3	0.00895	0.00819	0.04473	0.00839	0.01051	0.00674	0.00667	0.01220	0.06098	0.01998	0.18829	0.19776	0.34675	0.01522	0.00751	0.00221	0.00375	0.01310	0.03199	0.00608
4	0.01390	0.01178	0.01367	0.00981	0.01552	0.00913	0.00786	0.04746	0.01416	0.02194	0.01167	0.01349	0.00963	0.00492	0.00486	0.00100	0.00489	0.00392	0.00395	0.77644
5	0.00787	0.00562	0.00750	0.00900	0.00937	0.00525	0.00600	0.00900	0.01237	0.01649	0.03561	0.76871	0.04274	0.02024	0.00825	0.00262	0.00375	0.01837	0.00600	0.00525
6	0.02335	0.01025	0.01285	0.01028	0.01425	0.00953	0.00835	0.09566	0.01840	0.45266	0.05011	0.02288	0.01734	0.00805	0.00602	0.00187	0.00492	0.00650	0.21722	0.00951
7	0.01304	0.01342	0.11302	0.03412	0.01654	0.01221	0.01133	0.11452	0.10796	0.02099	0.01867	0.02360	0.03769	0.06465	0.33451	0.00597	0.03911	0.00678	0.00426	0.00760
8	0.01581	0.01337	0.01405	0.01268	0.01620	0.01542	0.00985	0.03308	0.67477	0.02684	0.02596	0.02411	0.01952	0.00869	0.00644	0.00215	0.00498	0.00722	0.05894	0.00995
9	0.01680	0.05452	0.11963	0.01870	0.12755	0.17559	0.03902	0.08474	0.08657	0.02094	0.01784	0.08111	0.04995	0.00964	0.02634	0.00224	0.04928	0.00688	0.00415	0.00851
10	0.01727	0.77681	0.03386	0.01106	0.01658	0.02557	0.01106	0.01935	0.01313	0.01520	0.00898	0.01036	0.00829	0.00553	0.00415	0.00138	0.00691	0.00345	0.00276	0.00829
11	0.01340	0.10912	0.66760	0.01767	0.02681	0.01608	0.02257	0.02035	0.01359	0.01993	0.01133	0.01331	0.00820	0.00608	0.00594	0.00198	0.00928	0.00464	0.00273	0.00942
12	0.13072	0.11487	0.01892	0.01490	0.01857	0.56428	0.01158	0.02413	0.01672	0.01752	0.00974	0.01135	0.00814	0.00644	0.00538	0.00168	0.01020	0.00399	0.00335	0.00752
13	0.61643	0.01256	0.01182	0.01282	0.10980	0.01410	0.00876	0.01925	0.04777	0.02707	0.01399	0.01530	0.05527	0.00678	0.00469	0.00201	0.00525	0.00466	0.00415	0.00750
14	0.01571	0.03400	0.14471	0.03734	0.15928	0.01524	0.11703	0.14129	0.06967	0.02421	0.03845	0.02110	0.07644	0.00768	0.00712	0.00202	0.03467	0.00673	0.00431	0.04300
15	0.00838	0.00612	0.00788	0.00839	0.00943	0.00562	0.00593	0.01036	0.01507	0.02052	0.32826	0.39866	0.11757	0.01693	0.00793	0.00233	0.00341	0.01511	0.00646	0.00562
16	0.00787	0.00562	0.00750	0.00900	0.00937	0.00525	0.00600	0.00900	0.01237	0.01649	0.03561	0.76871	0.04274	0.02024	0.00825	0.00262	0.00375	0.01837	0.00600	0.00525
17	0.01041	0.00744	0.01041	0.01190	0.01339	0.00744	0.01041	0.01339	0.01487	0.01934	0.03421	0.07288	0.03719	0.01785	0.00892	0.00297	0.00595	0.68913	0.00595	0.00595
18	0.23351	0.01257	0.01430	0.01128	0.01604	0.01255	0.00931	0.14136	0.01852	0.43710	0.01954	0.01793	0.01282	0.00744	0.00584	0.00199	0.00564	0.00560	0.00670	0.00996
19	0.13281	0.01072	0.01336	0.01065	0.01506	0.00989	0.00870	0.02733	0.03559	0.53264	0.08805	0.02433	0.04502	0.00852	0.00630	0.00201	0.00512	0.00684	0.00727	0.00979
20	0.03817	0.01496	0.02794	0.13070	0.19142	0.01511	0.32223	0.03661	0.05082	0.02113	0.01503	0.02183	0.01249	0.00695	0.00710	0.00217	0.00886	0.06410	0.00369	0.00869
21	0.00927	0.00711	0.00801	0.00767	0.00978	0.00644	0.00581	0.01227	0.05353	0.04294	0.26083	0.05336	0.44192	0.01590	0.03418	0.00243	0.00388	0.01224	0.00634	0.00609

[dist]
# distance from previous block
# <min> <max>
0	1

[block]
# block no. 8 follows, 34 sequences, length 37
# corresponding to MSA columns:
# 225-261
name=unknown_I
#
# <colnr> <probs for GDERKNQSTAVLIFYWHMCP>
#	G	D	E	R	K	N	Q	S	T	A	V	L	I	F	Y	W	H	M	C	P
0	0.04537	0.01553	0.05646	0.09706	0.35838	0.04884	0.03684	0.05990	0.01623	0.13798	0.05306	0.01834	0.01349	0.00676	0.00640	0.00197	0.00742	0.00606	0.00435	0.00956
1	0.29377	0.13974	0.08861	0.01442	0.04597	0.17546	0.04553	0.07234	0.01494	0.02298	0.01025	0.01204	0.00820	0.00630	0.00550	0.00186	0.02613	0.00427	0.00363	0.00806
2	0.01433	0.01355	0.01988	0.19394	0.33358	0.04849	0.01563	0.01978	0.10993	0.02027	0.04441	0.10498	0.01677	0.00832	0.00667	0.00208	0.00710	0.00757	0.00406	0.00867
3	0.01459	0.01315	0.03857	0.01037	0.01611	0.03593	0.00860	0.04222	0.01433	0.04056	0.01195	0.01365	0.00970	0.00509	0.00497	0.00108	0.00530	0.00402	0.00398	0.70583
4	0.01108	0.00569	0.00847	0.00847	0.00852	0.00574	0.00567	0.00859	0.00854	0.01143	0.01178	0.02059	0.01182	0.04633	0.05832	0.75118	0.00616	0.00579	0.00287	0.00297
5	0.00928	0.00671	0.00929	0.00929	0.01007	0.00748	0.00671	0.01084	0.01006	0.01419	0.01831	0.03092	0.01856	0.28594	0.51313	0.00903	0.01369	0.00773	0.00361	0.00516
6	0.78039	0.01242	0.00976	0.00864	0.01269	0.01425	0.00712	0.01960	0.01136	0.06322	0.00979	0.01105	0.00743	0.00609	0.00412	0.00200	0.00502	0.00364	0.00419	0.00719
7	0.00914	0.00660	0.00864	0.00813	0.00965	0.00610	0.00610	0.01219	0.01829	0.02591	0.72921	0.04827	0.06097	0.01321	0.00762	0.00203	0.00305	0.01169	0.00711	0.00610
8	0.01525	0.01743	0.03813	0.02723	0.03377	0.01634	0.70915	0.02070	0.01525	0.02070	0.01307	0.01743	0.00980	0.00545	0.00763	0.00218	0.01089	0.00763	0.00327	0.00871
9	0.00923	0.00692	0.01038	0.01038	0.01154	0.00808	0.00808	0.01154	0.01038	0.01500	0.01731	0.02538	0.01615	0.04846	0.74732	0.01038	0.01731	0.00692	0.00346	0.00577
10	0.01414	0.01414	0.01979	0.01696	0.01696	0.01979	0.01414	0.01555	0.00990	0.01555	0.00848	0.01414	0.00848	0.01131	0.02120	0.00283	0.76110	0.00565	0.00283	0.00707
11	0.01340	0.01148	0.01340	0.00957	0.01531	0.00861	0.00766	0.01627	0.01340	0.02105	0.01148	0.01340	0.00957	0.00479	0.00479	0.00096	0.00479	0.00383	0.00383	0.81242
12	0.01296	0.03342	0.73944	0.01842	0.02797	0.01501	0.02387	0.02046	0.01364	0.02046	0.01160	0.01364	0.00818	0.00614	0.00614	0.00205	0.00955	0.00477	0.00273	0.00955
13	0.02456	0.01810	0.01939	0.01487	0.02004	0.02004	0.01228	0.71107	0.03038	0.04072	0.01551	0.01551	0.01099	0.00776	0.00646	0.00194	0.00711	0.00582	0.00646	0.01099
14	0.01212	0.00632	0.00653	0.00643	0.00788	0.00653	0.00487	0.01507	0.01342	0.02377	0.02061	0.02372	0.01626	0.00767	0.00513	0.00155	0.03094	0.00601	0.77910	0.00606
15	0.01255	0.00651	0.00657	0.00638	0.00804	0.00659	0.00483	0.04336	0.01423	0.02477	0.02085	0.02374	0.01633	0.00754	0.00460	0.00152	0.00318	0.00601	0.77616	0.00622
16	0.02456	0.01810	0.01939	0.01487	0.02004	0.02004	0.01228	0.71107	0.03038	0.04072	0.01551	0.01551	0.01099	0.00776	0.00646	0.00194	0.00711	0.00582	0.00646	0.01099
17	0.01328	0.10416	0.59204	0.01798	0.04465	0.01564	0.04491	0.01980	0.01373	0.01983	0.01401	0.01586	0.04320	0.00654	0.00607	0.00199	0.00898	0.00520	0.00292	0.00922
18	0.01020	0.00832	0.00952	0.01085	0.04501	0.05571	0.00698	0.03183	0.01275	0.01657	0.02841	0.48600	0.03302	0.16436	0.04630	0.00356	0.00566	0.01419	0.00518	0.00558
19	0.81856	0.01250	0.00950	0.00850	0.01250	0.01449	0.00700	0.01899	0.01100	0.02899	0.00900	0.01050	0.00700	0.00600	0.00400	0.00200	0.00500	0.00350	0.00400	0.00700
20	0.34645	0.21855	0.04805	0.01109	0.01590	0.04311	0.03331	0.04137	0.01354	0.10238	0.01147	0.01267	0.00888	0.00654	0.00527	0.02342	0.00626	0.00418	0.00405	0.04352
21	0.01091	0.00961	0.01555	0.07944	0.13316	0.00972	0.08881	0.01380	0.03466	0.01823	0.05163	0.37508	0.05250	0.04468	0.00899	0.00252	0.02648	0.01259	0.00486	0.00680
22	0.00787	0.00562	0.00750	0.00900	0.00937	0.00525	0.00600	0.00900	0.01237	0.01649	0.03561	0.76871	0.04274	0.02024	0.00825	0.00262	0.00375	0.01837	0.00600	0.00525
23	0.00796	0.00656	0.00699	0.00688	0.00892	0.00559	0.00516	0.00990	0.01549	0.01926	0.20690	0.05922	0.58742	0.01569	0.00763	0.00215	0.00322	0.01322	0.00624	0.00559
24	0.04995	0.04534	0.07885	0.11964	0.07939	0.04396	0.18230	0.24065	0.01961	0.05761	0.01358	0.01586	0.00998	0.00657	0.00651	0.00201	0.00846	0.00595	0.00441	0.00938
25	0.02414	0.03079	0.01831	0.01665	0.01998	0.74698	0.01248	0.02580	0.01831	0.01581	0.00999	0.01165	0.00832	0.00666	0.00583	0.00166	0.01165	0.00416	0.00333	0.00749
26	0.00940	0.00626	0.00705	0.00705	0.00705	0.00626	0.00392	0.00940	0.00940	0.01253	0.02036	0.04228	0.02349	0.77292	0.03289	0.00626	0.00626	0.00940	0.00392	0.00392
27	0.00791	0.00586	0.00741	0.00863	0.00938	0.00536	0.00594	0.00920	0.01290	0.01677	0.04124	0.61098	0.17323	0.01942	0.00815	0.00255	0.00373	0.04001	0.00600	0.00531
28	0.04453	0.04511	0.08395	0.10514	0.30029	0.13287	0.08381	0.06970	0.03510	0.02129	0.01218	0.01518	0.00968	0.00620	0.00626	0.00193	0.00865	0.00549	0.00349	0.00914
29	0.00804	0.00616	0.00733	0.00808	0.00927	0.00554	0.00575	0.00953	0.01361	0.01733	0.07969	0.38767	0.31353	0.04753	0.00897	0.00258	0.00375	0.05431	0.00597	0.00536
30	0.02566	0.01174	0.01481	0.01164	0.01632	0.01099	0.00952	0.11278	0.07692	0.53587	0.02758	0.02464	0.07364	0.00871	0.00659	0.00202	0.00548	0.00706	0.00753	0.01048
31	0.01433	0.01426	0.04518	0.01774	0.08773	0.07840	0.13956	0.01771	0.04710	0.04921	0.01807	0.07059	0.04405	0.11523	0.08741	0.00360	0.13075	0.00774	0.00393	0.00740
32	0.01694	0.12429	0.14067	0.07149	0.14957	0.05134	0.02992	0.12424	0.03626	0.06013	0.05294	0.01881	0.04391	0.00750	0.00690	0.00195	0.04392	0.00598	0.00419	0.00905
33	0.01416	0.01503	0.08922	0.01312	0.01572	0.11147	0.01121	0.07241	0.07098	0.01853	0.01559	0.02206	0.01394	0.05084	0.26112	0.07181	0.09119	0.03075	0.00384	0.00701
34	0.02330	0.02923	0.01820	0.01649	0.01969	0.67915	0.01245	0.02574	0.05134	0.01633	0.01069	0.01236	0.00887	0.00697	0.00656	0.00174	0.04543	0.00438	0.00346	0.00760
35	0.01360	0.05144	0.11723	0.04657	0.18036	0.01280	0.08487	0.04399	0.01546	0.04272	0.11452	0.04881	0.10001	0.00964	0.00744	0.00213	0.03247	0.06327	0.00449	0.00818
36	0.08344	0.05373	0.09359	0.05430	0.13430	0.05737	0.05560	0.10844	0.14936	0.02408	0.01749	0.04586	0.03717	0.00778	0.00661	0.00203	0.02753	0.00641	0.02595	0.00895

[dist]
# distance from previous block
# <min> <max>
4	23

[block]
# block no. 9 follows, 34 sequences, length 23
# corresponding to MSA columns:
# 290-312
name=unknown_J
#
# <colnr> <probs for GDERKNQSTAVLIFYWHMCP>
#	G	D	E	R	K	N	Q	S	T	A	V	L	I	F	Y	W	H	M	C	P
0	0.06417	0.01773	0.12912	0.14529	0.10865	0.09517	0.06750	0.04466	0.05912	0.04578	0.01437	0.04236	0.01169	0.01017	0.05950	0.00264	0.03901	0.00608	0.02871	0.00830
1	0.03746	0.16931	0.01663	0.01212	0.05528	0.04175	0.00891	0.09748	0.06607	0.01937	0.01895	0.07671	0.03411	0.21949	0.07315	0.00378	0.00731	0.03073	0.00433	0.00705
2	0.03283	0.06185	0.12740	0.03740	0.11915	0.08195	0.05406	0.09121	0.01629	0.04596	0.04424	0.10839	0.08182	0.00940	0.00659	0.00202	0.00714	0.02888	0.00445	0.03897
3	0.01704	0.10791	0.16001	0.12740	0.05951	0.13918	0.10860	0.08822	0.06730	0.02084	0.01258	0.01504	0.00971	0.00661	0.00668	0.00196	0.03369	0.00540	0.00359	0.00874
4	0.02856	0.01072	0.01358	0.04840	0.12309	0.05611	0.03357	0.01575	0.05879	0.03426	0.13945	0.08110	0.16393	0.06419	0.03419	0.00273	0.00609	0.07337	0.00515	0.00698
5	0.00817	0.00611	0.00768	0.00858	0.00955	0.00570	0.00609	0.00965	0.01306	0.01699	0.06504	0.44974	0.20724	0.04756	0.06149	0.00320	0.00480	0.05820	0.00578	0.00536
6	0.03824	0.04047	0.09718	0.06926	0.17017	0.01441	0.05459	0.13827	0.06038	0.07874	0.01657	0.06273	0.01389	0.04550	0.06835	0.00291	0.00810	0.00679	0.00450	0.00896
7	0.01525	0.04949	0.12461	0.05639	0.05720	0.03249	0.06852	0.08500	0.05348	0.09585	0.03587	0.08654	0.06550	0.05794	0.08391	0.00317	0.00809	0.00785	0.00468	0.00817
8	0.00786	0.00568	0.00743	0.00883	0.00933	0.00526	0.00592	0.00902	0.01253	0.01656	0.03761	0.72131	0.08884	0.01998	0.00821	0.00259	0.00372	0.01805	0.00600	0.00526
9	0.04847	0.40803	0.07233	0.01469	0.05078	0.08087	0.05664	0.06374	0.01478	0.04329	0.01095	0.01278	0.00912	0.00636	0.00611	0.00170	0.05812	0.00445	0.02831	0.00848
10	0.06094	0.03602	0.07430	0.14843	0.31664	0.06068	0.05776	0.01874	0.01374	0.01947	0.01238	0.05034	0.01078	0.00719	0.00782	0.00208	0.08473	0.00609	0.00325	0.00863
11	0.01654	0.01262	0.01532	0.01637	0.14354	0.01356	0.01083	0.11237	0.29191	0.06639	0.05016	0.02414	0.05092	0.00838	0.00628	0.00198	0.00534	0.00705	0.13700	0.00930
12	0.00820	0.00703	0.00708	0.00699	0.00927	0.00616	0.00526	0.01094	0.06179	0.01809	0.06285	0.05965	0.68266	0.01586	0.00757	0.00218	0.00340	0.01321	0.00604	0.00577
13	0.01807	0.69259	0.03219	0.01156	0.01697	0.05775	0.01120	0.06574	0.01451	0.01693	0.00946	0.01077	0.00847	0.00573	0.00438	0.00143	0.00714	0.00364	0.00304	0.00844
14	0.01256	0.01179	0.01852	0.24190	0.25518	0.01315	0.01489	0.01564	0.01339	0.01804	0.02266	0.07730	0.14054	0.00960	0.00868	0.00220	0.10443	0.00804	0.00375	0.00771
15	0.01987	0.09174	0.06849	0.08324	0.07467	0.01789	0.03558	0.30030	0.14219	0.07666	0.01644	0.01704	0.01206	0.00728	0.00627	0.00196	0.00710	0.00586	0.00531	0.01003
16	0.01608	0.01242	0.01413	0.01052	0.01577	0.01087	0.00847	0.14734	0.04183	0.05217	0.01394	0.01522	0.01091	0.00579	0.00521	0.00126	0.00514	0.00457	0.05868	0.54968
17	0.00891	0.00737	0.00793	0.00786	0.00994	0.00685	0.00586	0.01276	0.10385	0.01959	0.13923	0.13929	0.47629	0.01548	0.00757	0.00222	0.00353	0.01316	0.00621	0.00611
18	0.01079	0.04346	0.01115	0.00974	0.01130	0.00914	0.00750	0.05995	0.01256	0.01771	0.06105	0.02889	0.04426	0.13752	0.45013	0.00751	0.01243	0.00749	0.05142	0.00601
19	0.01381	0.12478	0.13431	0.08869	0.12140	0.06030	0.02845	0.01737	0.01434	0.01931	0.11553	0.07164	0.01960	0.00870	0.00731	0.00198	0.05731	0.03256	0.00390	0.05870
20	0.01525	0.05018	0.02126	0.02713	0.42130	0.06301	0.01498	0.04263	0.01528	0.02061	0.04024	0.02266	0.11372	0.00771	0.00683	0.00187	0.03165	0.00668	0.00385	0.07316
21	0.03732	0.09246	0.04702	0.01767	0.13562	0.03966	0.06947	0.12133	0.09688	0.06189	0.04082	0.08378	0.02974	0.06002	0.00817	0.00225	0.00675	0.00733	0.00477	0.03706
22	0.01704	0.03793	0.13998	0.04055	0.06169	0.03341	0.03918	0.12218	0.10482	0.11230	0.08673	0.02102	0.01725	0.01040	0.05605	0.00250	0.00745	0.00641	0.03249	0.05063

[dist]
# distance from previous block
# <min> <max>
2	15

[block]
# block no. 10 follows, 34 sequences, length 10
# corresponding to MSA columns:
# 328-337
name=unknown_K
#
# <colnr> <probs for GDERKNQSTAVLIFYWHMCP>
#	G	D	E	R	K	N	Q	S	T	A	V	L	I	F	Y	W	H	M	C	P
0	0.01720	0.14961	0.19159	0.02022	0.16652	0.04077	0.04366	0.16328	0.05463	0.02401	0.01346	0.03372	0.01080	0.00673	0.00600	0.00186	0.00778	0.00550	0.00397	0.03869
1	0.01558	0.11970	0.07987	0.01766	0.14454	0.03216	0.05427	0.10115	0.01648	0.05917	0.04698	0.08600	0.07606	0.00930	0.00652	0.00197	0.00666	0.05855	0.00460	0.06277
2	0.04242	0.10672	0.10010	0.04225	0.08586	0.04164	0.04900	0.07346	0.13619	0.06397	0.03497	0.06523	0.03928	0.00796	0.00614	0.00190	0.00667	0.00666	0.00464	0.08493
