[name]
unknown

[dist]
# distance from previous block
# <min> <max>
0	0

[block]
# block no. 0 follows, 31 sequences, length 10
# corresponding to MSA columns:
# 0-9
name=unknown_A
#
# <colnr> <probs for GDERKNQSTAVLIFYWHMCP>
#	G	D	E	R	K	N	Q	S	T	A	V	L	I	F	Y	W	H	M	C	P
0	0.01102	0.00787	0.01102	0.01260	0.01417	0.00787	0.01102	0.01417	0.01575	0.02047	0.03622	0.07717	0.03937	0.01890	0.00945	0.00315	0.00630	0.67084	0.00630	0.00630
1	0.02918	0.01169	0.01572	0.01199	0.01735	0.00997	0.00988	0.03187	0.01909	0.65757	0.02563	0.02245	0.01631	0.00816	0.00671	0.00202	0.00575	0.00662	0.00806	0.08398
2	0.01292	0.01216	0.02052	0.74312	0.04712	0.01520	0.01900	0.01748	0.01368	0.01748	0.01216	0.01824	0.00912	0.00684	0.00684	0.00228	0.00912	0.00608	0.00304	0.00760
3	0.02601	0.01916	0.02053	0.01574	0.02122	0.02122	0.01300	0.69408	0.03217	0.04312	0.01643	0.01643	0.01163	0.00821	0.00684	0.00205	0.00753	0.00616	0.00684	0.01163
4	0.01292	0.01216	0.02052	0.74312	0.04712	0.01520	0.01900	0.01748	0.01368	0.01748	0.01216	0.01824	0.00912	0.00684	0.00684	0.00228	0.00912	0.00608	0.00304	0.00760
5	0.75167	0.01315	0.01035	0.00908	0.01344	0.01491	0.00746	0.01991	0.01182	0.03010	0.00971	0.01133	0.00760	0.00626	0.00429	0.00204	0.00528	0.00373	0.00422	0.06365
6	0.30049	0.01622	0.01602	0.01276	0.01778	0.01784	0.01048	0.36325	0.05537	0.03615	0.01415	0.01478	0.01045	0.00732	0.00577	0.00199	0.00641	0.00518	0.00567	0.08191
7	0.09346	0.01391	0.01635	0.09173	0.02032	0.01483	0.01123	0.29056	0.02321	0.17024	0.15876	0.02453	0.02276	0.00912	0.00686	0.00212	0.00629	0.00733	0.00665	0.00976
8	0.07979	0.01255	0.01882	0.53021	0.03825	0.01463	0.01620	0.05334	0.01502	0.08467	0.01352	0.01776	0.00989	0.00690	0.00651	0.00215	0.00815	0.00583	0.00389	0.06190
9	0.01589	0.01345	0.01823	0.24376	0.02757	0.01358	0.04013	0.14553	0.01762	0.02458	0.01466	0.02033	0.01209	0.00719	0.00638	0.00181	0.00716	0.05040	0.00439	0.31526

[dist]
# distance from previous block
# <min> <max>
2	15

[block]
# block no. 1 follows, 31 sequences, length 15
# corresponding to MSA columns:
# 26-40
name=unknown_B
#
# <colnr> <probs for GDERKNQSTAVLIFYWHMCP>
#	G	D	E	R	K	N	Q	S	T	A	V	L	I	F	Y	W	H	M	C	P
0	0.04062	0.01375	0.01572	0.10214	0.02071	0.03741	0.01026	0.08409	0.05981	0.02417	0.01343	0.01546	0.01070	0.00597	0.00559	0.00141	0.00609	0.00474	0.00437	0.52353
1	0.09908	0.01264	0.01704	0.01441	0.01841	0.01302	0.10598	0.02518	0.22888	0.11288	0.08291	0.03403	0.02415	0.01037	0.00729	0.00235	0.00628	0.13148	0.00616	0.04745
2	0.08087	0.01803	0.03789	0.02721	0.03391	0.01714	0.63608	0.02177	0.01578	0.02263	0.01349	0.01785	0.01014	0.00581	0.00776	0.00229	0.01102	0.00772	0.00352	0.00908
3	0.01889	0.01575	0.01855	0.08744	0.09573	0.01783	0.01325	0.19975	0.39441	0.03056	0.02185	0.02160	0.01634	0.00844	0.00690	0.00222	0.00659	0.00700	0.00618	0.01072
4	0.01292	0.01216	0.02052	0.74312	0.04712	0.01520	0.01900	0.01748	0.01368	0.01748	0.01216	0.01824	0.00912	0.00684	0.00684	0.00228	0.00912	0.00608	0.00304	0.00760
5	0.02570	0.01831	0.02166	0.01643	0.02201	0.01971	0.06820	0.56896	0.02952	0.11345	0.01734	0.01732	0.01210	0.00804	0.00695	0.00208	0.00767	0.00639	0.00674	0.01144
6	0.02865	0.01292	0.01642	0.01281	0.01797	0.01220	0.01051	0.11713	0.09392	0.56231	0.02575	0.02266	0.01669	0.00852	0.00688	0.00213	0.00599	0.00688	0.00810	0.01156
7	0.02601	0.01916	0.02053	0.01574	0.02122	0.02122	0.01300	0.69408	0.03217	0.04312	0.01643	0.01643	0.01163	0.00821	0.00684	0.00205	0.00753	0.00616	0.00684	0.01163
8	0.01786	0.01512	0.01595	0.01409	0.01811	0.01741	0.01103	0.09828	0.64123	0.02998	0.02677	0.02467	0.02001	0.00918	0.00695	0.00230	0.00561	0.00759	0.00695	0.01090
9	0.01333	0.00809	0.01115	0.01172	0.01370	0.00776	0.00983	0.01621	0.01645	0.11936	0.11805	0.13842	0.03994	0.01710	0.00884	0.00284	0.00561	0.42784	0.00676	0.00699
10	0.03070	0.01164	0.01588	0.01217	0.01746	0.01006	0.01006	0.03334	0.01958	0.72163	0.02699	0.02329	0.01694	0.00847	0.00688	0.00212	0.00582	0.00688	0.00847	0.01164
11	0.02767	0.01102	0.01507	0.01199	0.01672	0.00970	0.00989	0.03036	0.01898	0.61773	0.05781	0.02804	0.02047	0.01113	0.03703	0.00255	0.00625	0.04865	0.00809	0.01085
12	0.01504	0.01270	0.01641	0.01186	0.01776	0.01017	0.05856	0.01821	0.01443	0.05117	0.01279	0.01491	0.01039	0.00550	0.00596	0.00122	0.03122	0.00453	0.00416	0.68301
13	0.04919	0.01179	0.01436	0.01147	0.01615	0.01069	0.00916	0.06682	0.07893	0.30483	0.05071	0.09906	0.01974	0.00915	0.00656	0.00191	0.00537	0.00761	0.00665	0.21985
14	0.01699	0.01398	0.01800	0.11580	0.02212	0.04058	0.03528	0.05073	0.08833	0.09398	0.01636	0.02118	0.01344	0.00871	0.00996	0.00212	0.16692	0.04736	0.00467	0.21351

[dist]
# distance from previous block
# <min> <max>
14	27

[block]
# block no. 2 follows, 31 sequences, length 32
# corresponding to MSA columns:
# 73-104
name=unknown_C
#
# <colnr> <probs for GDERKNQSTAVLIFYWHMCP>
#	G	D	E	R	K	N	Q	S	T	A	V	L	I	F	Y	W	H	M	C	P
0	0.04874	0.01311	0.01897	0.01444	0.01976	0.01207	0.10818	0.05672	0.07466	0.42071	0.04872	0.02228	0.01694	0.00795	0.00685	0.00205	0.00650	0.00693	0.00696	0.08746
1	0.01782	0.01882	0.03357	0.02466	0.03084	0.08471	0.49675	0.02425	0.08329	0.05937	0.01552	0.01864	0.01159	0.00635	0.00760	0.00219	0.01045	0.00746	0.00410	0.04204
2	0.10285	0.01391	0.01540	0.01198	0.01728	0.01344	0.00968	0.14964	0.12859	0.13512	0.01746	0.01749	0.01289	0.00699	0.00589	0.00170	0.00572	0.00543	0.00574	0.32279
3	0.01525	0.01584	0.03062	0.26741	0.15372	0.01642	0.32713	0.02089	0.04391	0.02080	0.01370	0.01842	0.01048	0.00632	0.00740	0.00225	0.00990	0.00706	0.00345	0.00903
4	0.16422	0.01748	0.03470	0.02512	0.03154	0.01694	0.56400	0.02158	0.01531	0.02356	0.01303	0.01708	0.00982	0.00588	0.00736	0.00227	0.01037	0.00726	0.00360	0.00889
5	0.05297	0.01221	0.01398	0.01008	0.01607	0.00942	0.00807	0.01737	0.01406	0.02270	0.01203	0.01404	0.01000	0.00513	0.00503	0.00107	0.00508	0.00404	0.00406	0.76260
6	0.80789	0.01323	0.01006	0.00900	0.01323	0.01535	0.00741	0.02011	0.01164	0.03070	0.00953	0.01111	0.00741	0.00635	0.00423	0.00212	0.00529	0.00370	0.00423	0.00741
7	0.00929	0.00663	0.00903	0.01062	0.01143	0.00638	0.00801	0.01117	0.01404	0.01853	0.03718	0.51489	0.04317	0.02054	0.00899	0.00291	0.00479	0.25026	0.00633	0.00582
8	0.00995	0.00663	0.00746	0.00746	0.00746	0.00663	0.00415	0.00995	0.00995	0.01327	0.02156	0.04477	0.02487	0.75957	0.03482	0.00663	0.00663	0.00995	0.00415	0.00415
9	0.13548	0.01242	0.01520	0.01208	0.01686	0.01208	0.00993	0.11438	0.01928	0.47171	0.02239	0.02107	0.01495	0.01223	0.07569	0.00296	0.00716	0.00639	0.00722	0.01053
10	0.09164	0.01796	0.03748	0.02694	0.03361	0.01711	0.62676	0.02174	0.01572	0.02275	0.01343	0.01775	0.01010	0.00582	0.00771	0.00229	0.01094	0.00766	0.00353	0.00905
11	0.01102	0.00787	0.01102	0.01260	0.01417	0.00787	0.01102	0.01417	0.01575	0.02047	0.03622	0.07717	0.03937	0.01890	0.00945	0.00315	0.00630	0.67084	0.00630	0.00630
12	0.02856	0.01110	0.01512	0.01192	0.01675	0.00963	0.00970	0.03107	0.01896	0.65449	0.02801	0.09306	0.01963	0.00970	0.00706	0.00218	0.00564	0.00808	0.00827	0.01106
13	0.02601	0.01916	0.02053	0.01574	0.02122	0.02122	0.01300	0.69408	0.03217	0.04312	0.01643	0.01643	0.01163	0.00821	0.00684	0.00205	0.00753	0.00616	0.00684	0.01163
14	0.01702	0.01470	0.01547	0.01392	0.01779	0.01702	0.01083	0.03635	0.70453	0.02862	0.02785	0.02553	0.02088	0.00928	0.00696	0.00232	0.00541	0.00773	0.00696	0.01083
15	0.03070	0.01164	0.01588	0.01217	0.01746	0.01006	0.01006	0.03334	0.01958	0.72163	0.02699	0.02329	0.01694	0.00847	0.00688	0.00212	0.00582	0.00688	0.00847	0.01164
16	0.03070	0.01164	0.01588	0.01217	0.01746	0.01006	0.01006	0.03334	0.01958	0.72163	0.02699	0.02329	0.01694	0.00847	0.00688	0.00212	0.00582	0.00688	0.00847	0.01164
17	0.80789	0.01323	0.01006	0.00900	0.01323	0.01535	0.00741	0.02011	0.01164	0.03070	0.00953	0.01111	0.00741	0.00635	0.00423	0.00212	0.00529	0.00370	0.00423	0.00741
18	0.00968	0.00699	0.00914	0.00861	0.01022	0.00646	0.00646	0.01291	0.01937	0.02743	0.71328	0.05110	0.06455	0.01399	0.00807	0.00215	0.00323	0.01237	0.00753	0.00646
19	0.03070	0.01164	0.01588	0.01217	0.01746	0.01006	0.01006	0.03334	0.01958	0.72163	0.02699	0.02329	0.01694	0.00847	0.00688	0.00212	0.00582	0.00688	0.00847	0.01164
20	0.00968	0.00699	0.00914	0.00861	0.01022	0.00646	0.00646	0.01291	0.01937	0.02743	0.71328	0.05110	0.06455	0.01399	0.00807	0.00215	0.00323	0.01237	0.00753	0.00646
21	0.80789	0.01323	0.01006	0.00900	0.01323	0.01535	0.00741	0.02011	0.01164	0.03070	0.00953	0.01111	0.00741	0.00635	0.00423	0.00212	0.00529	0.00370	0.00423	0.00741
22	0.02601	0.01916	0.02053	0.01574	0.02122	0.02122	0.01300	0.69408	0.03217	0.04312	0.01643	0.01643	0.01163	0.00821	0.00684	0.00205	0.00753	0.00616	0.00684	0.01163
23	0.02584	0.01335	0.01620	0.01308	0.01793	0.01338	0.01059	0.09836	0.24104	0.43302	0.02624	0.02334	0.01769	0.00870	0.00690	0.00218	0.00586	0.00708	0.00783	0.01138
24	0.00901	0.00697	0.00822	0.00791	0.00981	0.00617	0.00593	0.01162	0.01779	0.02369	0.44378	0.05727	0.33639	0.01538	0.00808	0.00222	0.00333	0.01324	0.00704	0.00617
25	0.80789	0.01323	0.01006	0.00900	0.01323	0.01535	0.00741	0.02011	0.01164	0.03070	0.00953	0.01111	0.00741	0.00635	0.00423	0.00212	0.00529	0.00370	0.00423	0.00741
26	0.01497	0.01497	0.02095	0.01796	0.01796	0.02095	0.01497	0.01646	0.01048	0.01646	0.00898	0.01497	0.00898	0.01197	0.02245	0.00299	0.74704	0.00599	0.00299	0.00748
27	0.01834	0.01440	0.01551	0.01375	0.01776	0.01634	0.01075	0.03606	0.63813	0.09580	0.02776	0.02531	0.02050	0.00920	0.00695	0.00230	0.00545	0.00765	0.00711	0.01091
28	0.00842	0.00649	0.00770	0.00835	0.00969	0.00577	0.00590	0.01011	0.01498	0.01926	0.14417	0.37777	0.31940	0.01873	0.00838	0.00250	0.00366	0.01643	0.00652	0.00577
29	0.73334	0.01380	0.01105	0.00964	0.01399	0.01591	0.00794	0.08437	0.01360	0.03188	0.01018	0.01162	0.00781	0.00653	0.00448	0.00211	0.00551	0.00394	0.00448	0.00781
30	0.10508	0.01263	0.01574	0.01227	0.01742	0.01190	0.01011	0.09517	0.04593	0.56373	0.02432	0.02154	0.01566	0.00827	0.00662	0.00212	0.00592	0.00654	0.00785	0.01120
31	0.73038	0.01253	0.00985	0.00905	0.01291	0.01440	0.00731	0.01908	0.01178	0.02941	0.01226	0.08324	0.01108	0.00781	0.00467	0.00218	0.00516	0.00523	0.00444	0.00723

[dist]
# distance from previous block
# <min> <max>
0	3

[block]
# block no. 3 follows, 31 sequences, length 11
# corresponding to MSA columns:
# 108-118
name=unknown_D
#
# <colnr> <probs for GDERKNQSTAVLIFYWHMCP>
#	G	D	E	R	K	N	Q	S	T	A	V	L	I	F	Y	W	H	M	C	P
0	0.01032	0.00734	0.01001	0.01126	0.01251	0.00722	0.00921	0.01288	0.01519	0.02007	0.10185	0.19785	0.04187	0.07291	0.01103	0.00324	0.00559	0.43736	0.00627	0.00602
1	0.00995	0.00663	0.00746	0.00746	0.00746	0.00663	0.00415	0.00995	0.00995	0.01327	0.02156	0.04477	0.02487	0.75957	0.03482	0.00663	0.00663	0.00995	0.00415	0.00415
2	0.22419	0.01766	0.01788	0.01403	0.01919	0.01973	0.01159	0.52325	0.02696	0.03997	0.01468	0.01508	0.01056	0.00774	0.00618	0.00207	0.00696	0.00554	0.00618	0.01056
3	0.76260	0.01357	0.01066	0.00939	0.01369	0.01569	0.00773	0.05915	0.01283	0.03141	0.00993	0.01142	0.00765	0.00646	0.00438	0.00211	0.00542	0.00385	0.00438	0.00765
4	0.15968	0.01815	0.01874	0.01459	0.01985	0.02021	0.01205	0.57885	0.02866	0.04099	0.01525	0.01552	0.01091	0.00789	0.00640	0.00206	0.00715	0.00574	0.00640	0.01091
5	0.48034	0.05145	0.01572	0.01360	0.06891	0.01771	0.01029	0.21819	0.01808	0.03301	0.01180	0.01311	0.00898	0.00685	0.00520	0.00206	0.00626	0.00460	0.00487	0.00898
6	0.02318	0.02288	0.14220	0.01643	0.02242	0.08474	0.01500	0.46864	0.07696	0.03593	0.01601	0.01637	0.01154	0.00789	0.00673	0.00207	0.00826	0.00592	0.00586	0.01097
7	0.02322	0.09439	0.08193	0.07256	0.02206	0.16179	0.01314	0.11795	0.01925	0.22685	0.01649	0.01679	0.01171	0.00724	0.00627	0.00188	0.00811	0.00545	0.00532	0.08761
8	0.01825	0.08679	0.12980	0.01551	0.02182	0.04854	0.09762	0.08615	0.08713	0.09153	0.01550	0.01662	0.01165	0.00659	0.00619	0.00177	0.00753	0.00553	0.00466	0.24083
9	0.02531	0.01441	0.01826	0.01400	0.01927	0.07671	0.07693	0.05519	0.01893	0.42942	0.04935	0.02131	0.01626	0.00778	0.00671	0.00194	0.00683	0.00655	0.00677	0.12808
10	0.01551	0.07951	0.22594	0.01558	0.02226	0.01404	0.09897	0.06452	0.01659	0.05283	0.10534	0.01992	0.01717	0.00716	0.00639	0.00181	0.00748	0.00617	0.00438	0.21843

[dist]
# distance from previous block
# <min> <max>
3	15

[block]
# block no. 4 follows, 31 sequences, length 49
# corresponding to MSA columns:
# 134-182
name=unknown_E
#
# <colnr> <probs for GDERKNQSTAVLIFYWHMCP>
#	G	D	E	R	K	N	Q	S	T	A	V	L	I	F	Y	W	H	M	C	P
0	0.01955	0.13319	0.03065	0.02041	0.02636	0.01953	0.30530	0.19369	0.10897	0.04974	0.01606	0.01785	0.01202	0.00694	0.00701	0.00211	0.00889	0.00683	0.00485	0.01005
1	0.10748	0.05579	0.02493	0.07636	0.02564	0.01671	0.23729	0.08759	0.15681	0.09356	0.01802	0.03961	0.01373	0.00757	0.00691	0.00221	0.00803	0.00714	0.00508	0.00955
2	0.01346	0.01242	0.03645	0.01441	0.01730	0.03127	0.13249	0.03914	0.16030	0.02112	0.04982	0.13241	0.02580	0.19768	0.01458	0.00350	0.00703	0.07807	0.00529	0.00747
3	0.01970	0.11557	0.07965	0.01666	0.02163	0.13167	0.14381	0.09366	0.03849	0.11614	0.03709	0.04026	0.01500	0.06808	0.03036	0.00265	0.00899	0.00686	0.00475	0.00898
4	0.06291	0.01958	0.03149	0.02357	0.02920	0.14683	0.44744	0.02248	0.01621	0.04871	0.01388	0.01778	0.01072	0.00978	0.06536	0.00288	0.01164	0.00705	0.00373	0.00873
5	0.04887	0.07037	0.25586	0.02015	0.02713	0.10479	0.20503	0.07741	0.08136	0.02352	0.01402	0.01615	0.01050	0.00672	0.00675	0.00212	0.00977	0.00601	0.00388	0.00960
6	0.01592	0.01664	0.03304	0.02619	0.08552	0.01607	0.47792	0.04830	0.06248	0.02297	0.01773	0.04497	0.01508	0.00789	0.00801	0.00237	0.00995	0.07560	0.00419	0.00916
7	0.26396	0.03399	0.01379	0.01095	0.01531	0.01222	0.00901	0.04457	0.03674	0.31476	0.05728	0.02446	0.01776	0.03277	0.00706	0.00227	0.00563	0.05034	0.00641	0.04072
8	0.13153	0.01414	0.02031	0.35942	0.18501	0.01623	0.01662	0.09545	0.05456	0.02397	0.01329	0.01712	0.01019	0.00690	0.00645	0.00218	0.00796	0.00584	0.00394	0.00892
9	0.06590	0.01296	0.01591	0.01363	0.01694	0.01433	0.01118	0.08234	0.14533	0.21898	0.02241	0.02859	0.01824	0.03043	0.01084	0.00255	0.15137	0.09910	0.00618	0.03279
10	0.01275	0.00638	0.00638	0.00638	0.00797	0.00638	0.00478	0.01594	0.01435	0.02551	0.02232	0.02551	0.01754	0.00797	0.00478	0.00159	0.00319	0.00638	0.79755	0.00638
11	0.01721	0.59206	0.19804	0.01354	0.02040	0.02444	0.01490	0.02076	0.01403	0.01741	0.01016	0.01179	0.00875	0.00601	0.00489	0.00163	0.00797	0.00399	0.00292	0.00909
12	0.04866	0.00911	0.01090	0.01023	0.01259	0.00913	0.00808	0.07007	0.07360	0.04924	0.37846	0.06730	0.09912	0.01382	0.00790	0.00233	0.00443	0.11070	0.00700	0.00733
13	0.01985	0.66930	0.03334	0.01176	0.01755	0.02494	0.01150	0.02210	0.01461	0.10464	0.01170	0.01252	0.00980	0.00618	0.00470	0.00155	0.00713	0.00406	0.00362	0.00914
14	0.03070	0.01164	0.01588	0.01217	0.01746	0.01006	0.01006	0.03334	0.01958	0.72163	0.02699	0.02329	0.01694	0.00847	0.00688	0.00212	0.00582	0.00688	0.00847	0.01164
15	0.01297	0.01209	0.02026	0.61231	0.11309	0.01454	0.01819	0.01721	0.01383	0.01798	0.01428	0.07701	0.01218	0.00793	0.00698	0.00229	0.00861	0.00715	0.00334	0.00777
16	0.02512	0.02988	0.01930	0.01717	0.02096	0.60122	0.01305	0.11175	0.06069	0.02075	0.01231	0.01362	0.00987	0.00733	0.00630	0.00183	0.01133	0.00482	0.00414	0.00857
17	0.00995	0.00663	0.00746	0.00746	0.00746	0.00663	0.00415	0.00995	0.00995	0.01327	0.02156	0.04477	0.02487	0.75957	0.03482	0.00663	0.00663	0.00995	0.00415	0.00415
18	0.01702	0.01470	0.01547	0.01392	0.01779	0.01702	0.01083	0.03635	0.70453	0.02862	0.02785	0.02553	0.02088	0.00928	0.00696	0.00232	0.00541	0.00773	0.00696	0.01083
19	0.01310	0.01235	0.02085	0.71117	0.07764	0.01525	0.01909	0.01764	0.01377	0.01770	0.01219	0.01818	0.00920	0.00681	0.00684	0.00227	0.00907	0.00608	0.00306	0.00775
20	0.01275	0.00638	0.00638	0.00638	0.00797	0.00638	0.00478	0.01594	0.01435	0.02551	0.02232	0.02551	0.01754	0.00797	0.00478	0.00159	0.00319	0.00638	0.79755	0.00638
21	0.00834	0.00595	0.00794	0.00953	0.00992	0.00556	0.00635	0.00953	0.01310	0.01746	0.03771	0.75510	0.04525	0.02143	0.00873	0.00278	0.00397	0.01945	0.00635	0.00556
22	0.01669	0.43639	0.31879	0.01506	0.02266	0.02225	0.01734	0.04567	0.01479	0.01938	0.01090	0.01260	0.00884	0.00621	0.00535	0.00177	0.00848	0.00433	0.00305	0.00943
23	0.01672	0.27762	0.40925	0.01644	0.02457	0.02027	0.01926	0.10166	0.01638	0.02236	0.01185	0.01352	0.00906	0.00649	0.00583	0.00192	0.00887	0.00472	0.00337	0.00985
24	0.02487	0.03117	0.01907	0.01733	0.02088	0.67494	0.01303	0.02804	0.07415	0.01769	0.01196	0.01339	0.00978	0.00723	0.00623	0.00181	0.01178	0.00467	0.00380	0.00816
25	0.06825	0.14980	0.02179	0.01582	0.02013	0.44676	0.01260	0.14658	0.02036	0.02220	0.01140	0.01278	0.00924	0.00702	0.00589	0.00179	0.01024	0.00456	0.00407	0.00871
26	0.80789	0.01323	0.01006	0.00900	0.01323	0.01535	0.00741	0.02011	0.01164	0.03070	0.00953	0.01111	0.00741	0.00635	0.00423	0.00212	0.00529	0.00370	0.00423	0.00741
27	0.02507	0.08132	0.02048	0.01723	0.02091	0.68512	0.01312	0.02686	0.01902	0.01670	0.01050	0.01225	0.00881	0.00697	0.00605	0.00174	0.01200	0.00436	0.00349	0.00799
28	0.01015	0.00702	0.00886	0.00944	0.01004	0.00709	0.00673	0.01138	0.01200	0.01594	0.02682	0.10050	0.03001	0.42913	0.08115	0.00567	0.00729	0.21081	0.00491	0.00505
29	0.06891	0.01811	0.03835	0.02751	0.03425	0.01717	0.64642	0.02179	0.01585	0.02250	0.01355	0.01797	0.01018	0.00581	0.00782	0.00229	0.01112	0.00778	0.00351	0.00911
30	0.01004	0.00809	0.00867	0.00788	0.01084	0.00680	0.00603	0.01265	0.03780	0.04106	0.09681	0.05482	0.52893	0.01481	0.00757	0.00211	0.00382	0.01235	0.00617	0.12277
31	0.01275	0.00638	0.00638	0.00638	0.00797	0.00638	0.00478	0.01594	0.01435	0.02551	0.02232	0.02551	0.01754	0.00797	0.00478	0.00159	0.00319	0.00638	0.79755	0.00638
32	0.01813	0.61212	0.13195	0.01320	0.01950	0.07247	0.01372	0.02111	0.01434	0.01693	0.00997	0.01156	0.00877	0.00602	0.00481	0.00158	0.00805	0.00391	0.00296	0.00891
33	0.00982	0.00713	0.00996	0.00996	0.01082	0.00799	0.00726	0.01155	0.01069	0.01511	0.01927	0.03213	0.01939	0.25931	0.52757	0.00971	0.01489	0.00810	0.00381	0.00553
34	0.00977	0.00733	0.01100	0.01100	0.01222	0.00855	0.00855	0.01222	0.01100	0.01588	0.01833	0.02688	0.01710	0.05131	0.73245	0.01100	0.01833	0.00733	0.00367	0.00611
35	0.00834	0.00595	0.00794	0.00953	0.00992	0.00556	0.00635	0.00953	0.01310	0.01746	0.03771	0.75510	0.04525	0.02143	0.00873	0.00278	0.00397	0.01945	0.00635	0.00556
36	0.01615	0.01845	0.04037	0.02884	0.03576	0.01730	0.69204	0.02191	0.01615	0.02191	0.01384	0.01845	0.01038	0.00577	0.00807	0.00231	0.01153	0.00807	0.00346	0.00923
37	0.01615	0.01845	0.04037	0.02884	0.03576	0.01730	0.69204	0.02191	0.01615	0.02191	0.01384	0.01845	0.01038	0.00577	0.00807	0.00231	0.01153	0.00807	0.00346	0.00923
38	0.00834	0.00595	0.00794	0.00953	0.00992	0.00556	0.00635	0.00953	0.01310	0.01746	0.03771	0.75510	0.04525	0.02143	0.00873	0.00278	0.00397	0.01945	0.00635	0.00556
39	0.01693	0.01626	0.02777	0.04199	0.71689	0.01626	0.02100	0.02100	0.01558	0.02235	0.01287	0.01693	0.01084	0.00610	0.00677	0.00203	0.00813	0.00610	0.00339	0.01084
40	0.03070	0.01164	0.01588	0.01217	0.01746	0.01006	0.01006	0.03334	0.01958	0.72163	0.02699	0.02329	0.01694	0.00847	0.00688	0.00212	0.00582	0.00688	0.00847	0.01164
41	0.01275	0.00638	0.00638	0.00638	0.00797	0.00638	0.00478	0.01594	0.01435	0.02551	0.02232	0.02551	0.01754	0.00797	0.00478	0.00159	0.00319	0.00638	0.79755	0.00638
42	0.01615	0.01845	0.04037	0.02884	0.03576	0.01730	0.69204	0.02191	0.01615	0.02191	0.01384	0.01845	0.01038	0.00577	0.00807	0.00231	0.01153	0.00807	0.00346	0.00923
43	0.01372	0.03539	0.72412	0.01950	0.02961	0.01589	0.02528	0.02167	0.01444	0.02167	0.01228	0.01444	0.00867	0.00650	0.00650	0.00217	0.01011	0.00506	0.00289	0.01011
44	0.03070	0.01164	0.01588	0.01217	0.01746	0.01006	0.01006	0.03334	0.01958	0.72163	0.02699	0.02329	0.01694	0.00847	0.00688	0.00212	0.00582	0.00688	0.00847	0.01164
45	0.03014	0.01253	0.01643	0.01259	0.01791	0.01138	0.01040	0.11155	0.02107	0.64132	0.02574	0.02247	0.01631	0.00844	0.00688	0.00211	0.00602	0.00679	0.00828	0.01164
46	0.01292	0.01216	0.02052	0.74312	0.04712	0.01520	0.01900	0.01748	0.01368	0.01748	0.01216	0.01824	0.00912	0.00684	0.00684	0.00228	0.00912	0.00608	0.00304	0.00760
47	0.01575	0.01758	0.03690	0.02671	0.03285	0.01695	0.59259	0.02094	0.01553	0.02136	0.01410	0.03978	0.01129	0.00670	0.00913	0.00233	0.06987	0.00810	0.00353	0.03802
48	0.00978	0.00730	0.01085	0.01085	0.01203	0.00848	0.00838	0.01213	0.01095	0.01578	0.01845	0.02759	0.01741	0.07943	0.70475	0.01082	0.01786	0.00743	0.00368	0.00603

[dist]
# distance from previous block
# <min> <max>
0	4

# created by:
# /home/berkeley/.conda/envs/busco_data_prod/bin/msa2prfl.pl pipeline/OGs_align_augustus/4893/40026.fs
