[name]
unknown

[dist]
# distance from previous block
# <min> <max>
0	64

[block]
# block no. 0 follows, 34 sequences, length 8
# corresponding to MSA columns:
# 73-80
name=unknown_A
#
# <colnr> <probs for GDERKNQSTAVLIFYWHMCP>
#	G	D	E	R	K	N	Q	S	T	A	V	L	I	F	Y	W	H	M	C	P
0	0.01041	0.00744	0.01041	0.01190	0.01339	0.00744	0.01041	0.01339	0.01487	0.01934	0.03421	0.07288	0.03719	0.01785	0.00892	0.00297	0.00595	0.68913	0.00595	0.00595
1	0.02143	0.01054	0.01342	0.01091	0.01474	0.00997	0.00877	0.09081	0.07418	0.39562	0.24189	0.02965	0.02969	0.00964	0.00685	0.00202	0.00487	0.00810	0.00747	0.00942
2	0.01576	0.01529	0.02330	0.15815	0.49517	0.05207	0.01801	0.02126	0.09737	0.02075	0.01359	0.01694	0.01097	0.00628	0.00640	0.00198	0.00774	0.00586	0.00354	0.00957
3	0.02026	0.01502	0.01850	0.05952	0.13935	0.01623	0.01280	0.32045	0.14847	0.09979	0.06756	0.02015	0.01627	0.00793	0.00656	0.00201	0.00649	0.00655	0.00593	0.01017
4	0.01535	0.06004	0.01571	0.12357	0.01947	0.01308	0.02918	0.08533	0.20774	0.09310	0.16259	0.06800	0.05993	0.00983	0.00676	0.00208	0.00556	0.00839	0.00586	0.00843
5	0.07928	0.03575	0.11521	0.08041	0.22635	0.04008	0.01547	0.14889	0.10309	0.05162	0.01577	0.01733	0.02855	0.00698	0.00618	0.00199	0.00730	0.00576	0.00442	0.00956
6	0.07971	0.01663	0.05557	0.06727	0.31911	0.08353	0.01555	0.08462	0.01584	0.06395	0.01537	0.01783	0.05018	0.00736	0.00763	0.00203	0.07896	0.00586	0.00394	0.00907
7	0.01637	0.01426	0.02138	0.07066	0.26573	0.03945	0.10114	0.08821	0.08971	0.06794	0.11346	0.02324	0.04363	0.00782	0.00678	0.00202	0.00704	0.00722	0.00478	0.00915

[dist]
# distance from previous block
# <min> <max>
8	47

[block]
# block no. 1 follows, 34 sequences, length 19
# corresponding to MSA columns:
# 128-146
name=unknown_B
#
# <colnr> <probs for GDERKNQSTAVLIFYWHMCP>
#	G	D	E	R	K	N	Q	S	T	A	V	L	I	F	Y	W	H	M	C	P
0	0.01901	0.18118	0.10339	0.01432	0.01939	0.05317	0.05633	0.27244	0.02008	0.06588	0.01658	0.11859	0.01455	0.00863	0.00622	0.00193	0.00725	0.00700	0.00491	0.00914
1	0.04487	0.10224	0.15618	0.01603	0.07121	0.03464	0.05787	0.18906	0.01851	0.05158	0.09854	0.09510	0.01903	0.00873	0.00643	0.00199	0.00701	0.00733	0.00482	0.00883
2	0.01480	0.18880	0.26440	0.01429	0.01990	0.05778	0.03027	0.08627	0.01513	0.02016	0.01600	0.16207	0.01541	0.00904	0.00648	0.00196	0.02621	0.00728	0.00384	0.03989
3	0.04705	0.08126	0.17832	0.01472	0.02028	0.03595	0.06400	0.22146	0.01934	0.12350	0.05292	0.06097	0.01524	0.02759	0.00703	0.00209	0.00732	0.00660	0.00508	0.00928
4	0.01998	0.08439	0.14874	0.01416	0.01957	0.08534	0.01323	0.23127	0.05920	0.11716	0.05156	0.01715	0.01350	0.00743	0.00654	0.00187	0.03015	0.00559	0.00511	0.06808
5	0.03993	0.11021	0.19503	0.01495	0.02092	0.05366	0.03823	0.27796	0.02065	0.10473	0.03470	0.03318	0.01238	0.00739	0.00614	0.00192	0.00762	0.00573	0.00497	0.00970
6	0.06428	0.17661	0.12829	0.01543	0.06588	0.04075	0.01353	0.29138	0.02029	0.04835	0.01283	0.01384	0.00970	0.00659	0.00565	0.00176	0.00727	0.00487	0.00455	0.06816
7	0.01711	0.06640	0.19748	0.01846	0.13836	0.01595	0.01523	0.26417	0.02020	0.02774	0.08690	0.04498	0.04235	0.00816	0.00645	0.00197	0.00714	0.00669	0.00480	0.00946
8	0.01873	0.25292	0.13133	0.01328	0.01876	0.01891	0.01276	0.28792	0.02016	0.05031	0.01744	0.05846	0.05615	0.00806	0.00587	0.00184	0.00694	0.00613	0.00475	0.00928
9	0.04511	0.27298	0.42062	0.01521	0.02281	0.03959	0.01793	0.02084	0.01379	0.06002	0.01140	0.01288	0.00863	0.00606	0.00542	0.00181	0.00835	0.00438	0.00311	0.00907
10	0.09661	0.30707	0.04837	0.01284	0.01802	0.07985	0.01153	0.25372	0.01957	0.07786	0.01256	0.01317	0.00964	0.00662	0.00529	0.00172	0.00717	0.00458	0.00455	0.00925
11	0.01467	0.34433	0.37791	0.01545	0.04564	0.01897	0.01735	0.01951	0.01372	0.01857	0.05046	0.01427	0.01124	0.00626	0.00539	0.00176	0.00801	0.00464	0.00300	0.00885
12	0.00809	0.00642	0.00731	0.00773	0.00938	0.00565	0.00576	0.00987	0.01457	0.01826	0.12290	0.21947	0.44751	0.01704	0.00789	0.00234	0.00359	0.07459	0.00611	0.00552
13	0.01446	0.12211	0.56115	0.01896	0.08440	0.01608	0.02132	0.02077	0.01389	0.05219	0.01195	0.01381	0.00872	0.00612	0.00593	0.00195	0.00889	0.00477	0.00301	0.00952
14	0.81856	0.01250	0.00950	0.00850	0.01250	0.01449	0.00700	0.01899	0.01100	0.02899	0.00900	0.01050	0.00700	0.00600	0.00400	0.00200	0.00500	0.00350	0.00400	0.00700
15	0.00843	0.00590	0.00752	0.00860	0.00893	0.00564	0.00564	0.00933	0.01167	0.01554	0.03129	0.53046	0.03709	0.22986	0.01515	0.00366	0.00456	0.05040	0.00542	0.00491
16	0.02248	0.06096	0.05737	0.01490	0.02010	0.01810	0.04794	0.46352	0.02473	0.11202	0.01560	0.01608	0.01119	0.00856	0.02614	0.00216	0.03391	0.00576	0.00579	0.03270
17	0.05479	0.26861	0.12664	0.01288	0.01833	0.01860	0.01244	0.20077	0.05492	0.08050	0.07853	0.01723	0.01488	0.00727	0.00565	0.00180	0.00671	0.00544	0.00477	0.00923
18	0.04096	0.10372	0.13122	0.01359	0.01905	0.03792	0.01267	0.25472	0.02055	0.22605	0.01788	0.06329	0.01345	0.00802	0.00619	0.00195	0.00690	0.00626	0.00571	0.00990

[dist]
# distance from previous block
# <min> <max>
0	37

[block]
# block no. 2 follows, 34 sequences, length 16
# corresponding to MSA columns:
# 184-199
name=unknown_C
#
# <colnr> <probs for GDERKNQSTAVLIFYWHMCP>
#	G	D	E	R	K	N	Q	S	T	A	V	L	I	F	Y	W	H	M	C	P
0	0.11523	0.12392	0.05730	0.01442	0.03820	0.03736	0.06766	0.15563	0.11997	0.15311	0.01723	0.04393	0.01310	0.00752	0.00599	0.00196	0.00671	0.00604	0.00529	0.00943
1	0.23152	0.03259	0.01707	0.03704	0.06418	0.04716	0.03508	0.21151	0.06775	0.13116	0.01486	0.01550	0.01082	0.00709	0.00620	0.00197	0.02996	0.00529	0.00522	0.02802
2	0.18834	0.01575	0.08747	0.04379	0.10711	0.01502	0.03155	0.13411	0.15968	0.04738	0.04196	0.01911	0.01407	0.00744	0.00599	0.00202	0.00640	0.02534	0.00491	0.04255
3	0.01414	0.01414	0.01979	0.01696	0.01696	0.01979	0.01414	0.01555	0.00990	0.01555	0.00848	0.01414	0.00848	0.01131	0.02120	0.00283	0.76110	0.00565	0.00283	0.00707
4	0.01636	0.01584	0.01999	0.02379	0.28643	0.08379	0.03935	0.02601	0.31455	0.02280	0.02010	0.02095	0.04403	0.00771	0.00694	0.00206	0.02826	0.00666	0.00475	0.00963
5	0.00793	0.00648	0.00700	0.00703	0.00895	0.00556	0.00521	0.00979	0.01520	0.01894	0.18521	0.11484	0.55323	0.01609	0.00768	0.00219	0.00327	0.01365	0.00620	0.00556
6	0.01514	0.01438	0.02439	0.08902	0.63121	0.01455	0.01870	0.01881	0.01442	0.02045	0.01379	0.07016	0.01245	0.00685	0.00653	0.00199	0.00746	0.00666	0.00338	0.00966
7	0.01535	0.01447	0.02349	0.08632	0.55498	0.01434	0.01761	0.01958	0.03886	0.02097	0.01250	0.01599	0.01035	0.00577	0.00618	0.00181	0.00724	0.00553	0.00338	0.12528
8	0.00893	0.00732	0.01190	0.01162	0.01288	0.00684	0.10704	0.01068	0.01278	0.01710	0.03237	0.66075	0.03800	0.01812	0.00816	0.00256	0.00478	0.01682	0.00561	0.00575
9	0.03573	0.27641	0.04084	0.01726	0.07804	0.14868	0.11243	0.11783	0.04232	0.02143	0.04243	0.01497	0.01168	0.00651	0.00572	0.00175	0.00819	0.00521	0.00384	0.00872
10	0.01571	0.01352	0.01723	0.01508	0.08728	0.03895	0.06889	0.07844	0.09559	0.04909	0.03251	0.03186	0.01339	0.02688	0.00652	0.00164	0.00608	0.00563	0.00451	0.39121
11	0.01931	0.01566	0.02314	0.04948	0.48184	0.04558	0.01692	0.11932	0.01757	0.12643	0.01444	0.01664	0.01105	0.00642	0.00640	0.00193	0.00747	0.00581	0.00435	0.01026
12	0.01522	0.01417	0.02304	0.16395	0.46185	0.01462	0.03355	0.04883	0.04032	0.02152	0.04248	0.01770	0.01237	0.00632	0.00640	0.00192	0.00743	0.00598	0.00360	0.05873
13	0.03776	0.01532	0.05061	0.18747	0.24241	0.03604	0.18023	0.02018	0.07878	0.02033	0.01470	0.06050	0.01230	0.00700	0.00673	0.00210	0.00829	0.00692	0.00362	0.00872
14	0.08347	0.09483	0.03524	0.01778	0.11599	0.09377	0.07327	0.21173	0.04474	0.07412	0.07909	0.01810	0.01505	0.00732	0.00616	0.00190	0.00731	0.00598	0.00493	0.00922
15	0.15663	0.12503	0.07891	0.01984	0.15247	0.06279	0.11720	0.11467	0.04252	0.05299	0.01264	0.01449	0.00975	0.00628	0.00581	0.00191	0.00772	0.00524	0.00402	0.00908

[dist]
# distance from previous block
# <min> <max>
0	10

[block]
# block no. 3 follows, 34 sequences, length 107
# corresponding to MSA columns:
# 210-316
name=unknown_D
#
# <colnr> <probs for GDERKNQSTAVLIFYWHMCP>
#	G	D	E	R	K	N	Q	S	T	A	V	L	I	F	Y	W	H	M	C	P
0	0.08040	0.09749	0.04579	0.02739	0.39637	0.05760	0.04095	0.07373	0.01585	0.06701	0.01254	0.01497	0.00999	0.00607	0.00595	0.00185	0.00753	0.00529	0.00378	0.02945
1	0.04418	0.11506	0.07372	0.02415	0.25806	0.08707	0.10555	0.11380	0.01714	0.08152	0.01307	0.01514	0.01008	0.00626	0.00614	0.00188	0.00817	0.00549	0.00399	0.00954
2	0.06649	0.14177	0.04185	0.02092	0.21628	0.07754	0.04646	0.11162	0.08078	0.09009	0.01423	0.01554	0.01097	0.00651	0.00587	0.00184	0.00733	0.00533	0.00437	0.03420
3	0.04002	0.04235	0.02154	0.02535	0.35067	0.04177	0.01490	0.11117	0.04979	0.16984	0.01555	0.01691	0.01165	0.00679	0.00670	0.00193	0.03117	0.00574	0.00477	0.03140
4	0.04295	0.09727	0.04353	0.08341	0.01967	0.19522	0.01155	0.12456	0.10133	0.06059	0.01791	0.14043	0.01619	0.00923	0.00629	0.00199	0.00749	0.00735	0.00478	0.00827
5	0.01921	0.30119	0.09433	0.03994	0.01910	0.03798	0.01227	0.11834	0.11825	0.13169	0.03738	0.01659	0.01310	0.00704	0.00561	0.00179	0.00679	0.00528	0.00477	0.00935
6	0.05704	0.23469	0.31467	0.01668	0.04552	0.06939	0.07741	0.02048	0.01408	0.04172	0.01224	0.01579	0.00994	0.00652	0.00573	0.00188	0.00850	0.03576	0.00322	0.00875
7	0.00903	0.00693	0.00980	0.01012	0.01097	0.00771	0.00757	0.01087	0.01151	0.01608	0.05276	0.28542	0.05323	0.03356	0.38462	0.00654	0.06182	0.01125	0.00454	0.00568
8	0.02456	0.01810	0.01939	0.01487	0.02004	0.02004	0.01228	0.71107	0.03038	0.04072	0.01551	0.01551	0.01099	0.00776	0.00646	0.00194	0.00711	0.00582	0.00646	0.01099
9	0.52881	0.01451	0.01272	0.01060	0.01497	0.04177	0.00869	0.19898	0.01668	0.06324	0.01152	0.01243	0.00855	0.00654	0.00483	0.00195	0.00580	0.00427	0.00479	0.02836
10	0.00769	0.00655	0.00662	0.00660	0.00876	0.00548	0.00495	0.00938	0.01486	0.01776	0.08965	0.06168	0.70561	0.01625	0.00764	0.00218	0.00326	0.01357	0.00604	0.00548
11	0.00779	0.00634	0.00691	0.00721	0.00894	0.00545	0.00524	0.00941	0.01443	0.01781	0.10411	0.22290	0.52689	0.01704	0.00778	0.00227	0.00337	0.01459	0.00608	0.00545
12	0.00924	0.00687	0.01014	0.01014	0.01121	0.00794	0.00777	0.01138	0.01031	0.01482	0.01753	0.02662	0.01669	0.10157	0.69494	0.01008	0.01650	0.00710	0.00349	0.00563
13	0.00875	0.00659	0.00808	0.00771	0.00941	0.00593	0.00578	0.01142	0.01735	0.02368	0.55401	0.05194	0.23756	0.01404	0.00762	0.00207	0.00311	0.01220	0.00682	0.00593
14	0.05415	0.01789	0.01902	0.01463	0.01976	0.01983	0.01208	0.68528	0.02966	0.04028	0.01527	0.01533	0.01084	0.00769	0.00637	0.00194	0.00703	0.00573	0.00637	0.01084
15	0.01220	0.01148	0.01938	0.75739	0.04450	0.01436	0.01794	0.01651	0.01292	0.01651	0.01148	0.01723	0.00861	0.00646	0.00646	0.00215	0.00861	0.00574	0.00287	0.00718
16	0.00787	0.00562	0.00750	0.00900	0.00937	0.00525	0.00600	0.00900	0.01237	0.01649	0.03561	0.76871	0.04274	0.02024	0.00825	0.00262	0.00375	0.01837	0.00600	0.00525
17	0.01340	0.01148	0.01340	0.00957	0.01531	0.00861	0.00766	0.01627	0.01340	0.02105	0.01148	0.01340	0.00957	0.00479	0.00479	0.00096	0.00479	0.00383	0.00383	0.81242
18	0.01515	0.01554	0.02460	0.02507	0.22227	0.04031	0.13073	0.01793	0.01240	0.01798	0.01033	0.01513	0.00919	0.00863	0.01430	0.00243	0.40079	0.00596	0.00302	0.00825
19	0.81856	0.01250	0.00950	0.00850	0.01250	0.01449	0.00700	0.01899	0.01100	0.02899	0.00900	0.01050	0.00700	0.00600	0.00400	0.00200	0.00500	0.00350	0.00400	0.00700
20	0.00940	0.00626	0.00705	0.00705	0.00705	0.00626	0.00392	0.00940	0.00940	0.01253	0.02036	0.04228	0.02349	0.77292	0.03289	0.00626	0.00626	0.00940	0.00392	0.00392
21	0.01441	0.01450	0.02180	0.02006	0.09206	0.01908	0.06567	0.01637	0.01079	0.01650	0.00920	0.01457	0.00876	0.01031	0.01868	0.00269	0.62834	0.00581	0.00290	0.00752
22	0.01296	0.03342	0.73944	0.01842	0.02797	0.01501	0.02387	0.02046	0.01364	0.02046	0.01160	0.01364	0.00818	0.00614	0.00614	0.00205	0.00955	0.00477	0.00273	0.00955
23	0.01337	0.01268	0.02150	0.53563	0.25711	0.01466	0.01853	0.01753	0.01347	0.01793	0.01169	0.01685	0.00911	0.00624	0.00644	0.00208	0.00832	0.00575	0.00297	0.00812
24	0.01306	0.03269	0.70755	0.01882	0.02823	0.01507	0.05504	0.02047	0.01371	0.02047	0.01166	0.01381	0.00826	0.00611	0.00621	0.00205	0.00961	0.00490	0.00275	0.00951
25	0.00797	0.00569	0.00761	0.00911	0.00953	0.00533	0.00617	0.00917	0.01247	0.01661	0.03556	0.74145	0.04252	0.02015	0.00827	0.00264	0.00383	0.04464	0.00600	0.00528
26	0.02503	0.01777	0.01887	0.01456	0.01965	0.04490	0.01198	0.61180	0.02864	0.11642	0.01641	0.01609	0.01144	0.00774	0.00644	0.00194	0.00710	0.00583	0.00652	0.01086
27	0.01570	0.01496	0.02496	0.09422	0.63360	0.01532	0.01908	0.02048	0.05907	0.02112	0.01299	0.01660	0.01071	0.00600	0.00641	0.00195	0.00759	0.00585	0.00339	0.00999
28	0.00923	0.00692	0.01038	0.01038	0.01154	0.00808	0.00808	0.01154	0.01038	0.01500	0.01731	0.02538	0.01615	0.04846	0.74732	0.01038	0.01731	0.00692	0.00346	0.00577
29	0.00940	0.00626	0.00705	0.00705	0.00705	0.00626	0.00392	0.00940	0.00940	0.01253	0.02036	0.04228	0.02349	0.77292	0.03289	0.00626	0.00626	0.00940	0.00392	0.00392
30	0.02568	0.01630	0.01828	0.01401	0.01914	0.01737	0.01158	0.53912	0.02737	0.21692	0.01804	0.01715	0.01225	0.00782	0.00647	0.00195	0.00670	0.00599	0.00685	0.01099
31	0.01525	0.01743	0.03813	0.02723	0.03377	0.01634	0.70915	0.02070	0.01525	0.02070	0.01307	0.01743	0.00980	0.00545	0.00763	0.00218	0.01089	0.00763	0.00327	0.00871
32	0.00940	0.00626	0.00705	0.00705	0.00705	0.00626	0.00392	0.00940	0.00940	0.01253	0.02036	0.04228	0.02349	0.77292	0.03289	0.00626	0.00626	0.00940	0.00392	0.00392
33	0.81856	0.01250	0.00950	0.00850	0.01250	0.01449	0.00700	0.01899	0.01100	0.02899	0.00900	0.01050	0.00700	0.00600	0.00400	0.00200	0.00500	0.00350	0.00400	0.00700
34	0.01750	0.75207	0.03334	0.01124	0.01670	0.04949	0.01110	0.01956	0.01330	0.01522	0.00902	0.01041	0.00829	0.00557	0.00420	0.00139	0.00707	0.00348	0.00278	0.00827
35	0.00786	0.00565	0.00747	0.00891	0.00935	0.00526	0.00596	0.00901	0.01245	0.01653	0.03662	0.74485	0.06594	0.02011	0.00823	0.00261	0.00373	0.01821	0.00600	0.00526
36	0.01515	0.01449	0.02455	0.14042	0.60897	0.01486	0.01903	0.01898	0.01446	0.02032	0.01397	0.01782	0.03577	0.00624	0.00645	0.00196	0.00765	0.00604	0.00325	0.00963
37	0.01389	0.08206	0.44748	0.02066	0.04980	0.01588	0.21307	0.02017	0.01423	0.02033	0.03448	0.01562	0.01037	0.00611	0.00646	0.00203	0.00947	0.00572	0.00303	0.00914
38	0.01176	0.00747	0.00968	0.00872	0.01074	0.00695	0.00667	0.03921	0.01874	0.10043	0.63045	0.04436	0.05450	0.01247	0.00746	0.00203	0.00345	0.01094	0.00718	0.00678
39	0.03713	0.01169	0.01939	0.70176	0.07481	0.01441	0.01769	0.01674	0.01294	0.01710	0.01144	0.01696	0.00864	0.00641	0.00638	0.00214	0.00846	0.00567	0.00292	0.00731
40	0.00787	0.00562	0.00750	0.00900	0.00937	0.00525	0.00600	0.00900	0.01237	0.01649	0.03561	0.76871	0.04274	0.02024	0.00825	0.00262	0.00375	0.01837	0.00600	0.00525
41	0.02899	0.01100	0.01499	0.01150	0.01649	0.00950	0.00950	0.03149	0.01849	0.73709	0.02549	0.02199	0.01599	0.00800	0.00650	0.00200	0.00550	0.00650	0.00800	0.01100
42	0.01220	0.01148	0.01938	0.75739	0.04450	0.01436	0.01794	0.01651	0.01292	0.01651	0.01148	0.01723	0.00861	0.00646	0.00646	0.00215	0.00861	0.00574	0.00287	0.00718
43	0.02414	0.03079	0.01831	0.01665	0.01998	0.74698	0.01248	0.02580	0.01831	0.01581	0.00999	0.01165	0.00832	0.00666	0.00583	0.00166	0.01165	0.00416	0.00333	0.00749
44	0.01578	0.01513	0.02584	0.08039	0.69357	0.01530	0.01972	0.01964	0.01461	0.02085	0.01212	0.01606	0.01014	0.00580	0.00640	0.00193	0.00773	0.00576	0.00318	0.01006
45	0.01589	0.01524	0.02603	0.05975	0.71336	0.01532	0.01978	0.01974	0.01466	0.02098	0.01214	0.01603	0.01019	0.00578	0.00640	0.00193	0.00770	0.00576	0.00319	0.01015
46	0.01780	0.01508	0.01556	0.01355	0.01746	0.03607	0.01065	0.15464	0.57940	0.02917	0.02395	0.02225	0.01787	0.00853	0.00654	0.00213	0.00564	0.00696	0.00647	0.01029
47	0.81856	0.01250	0.00950	0.00850	0.01250	0.01449	0.00700	0.01899	0.01100	0.02899	0.00900	0.01050	0.00700	0.00600	0.00400	0.00200	0.00500	0.00350	0.00400	0.00700
48	0.02388	0.03031	0.01856	0.01737	0.04246	0.72390	0.01272	0.02561	0.01820	0.01598	0.01006	0.01179	0.00838	0.00663	0.00584	0.00167	0.01153	0.00421	0.00333	0.00758
49	0.02425	0.01794	0.01921	0.01480	0.01992	0.01989	0.01220	0.68588	0.05609	0.04021	0.01591	0.01583	0.01131	0.00779	0.00647	0.00195	0.00704	0.00587	0.00647	0.01096
50	0.01220	0.01148	0.01938	0.75739	0.04450	0.01436	0.01794	0.01651	0.01292	0.01651	0.01148	0.01723	0.00861	0.00646	0.00646	0.00215	0.00861	0.00574	0.00287	0.00718
51	0.01414	0.01414	0.01979	0.01696	0.01696	0.01979	0.01414	0.01555	0.00990	0.01555	0.00848	0.01414	0.00848	0.01131	0.02120	0.00283	0.76110	0.00565	0.00283	0.00707
52	0.00923	0.00692	0.01038	0.01038	0.01154	0.00808	0.00808	0.01154	0.01038	0.01500	0.01731	0.02538	0.01615	0.04846	0.74732	0.01038	0.01731	0.00692	0.00346	0.00577
53	0.71826	0.01231	0.01020	0.00888	0.01300	0.01386	0.00732	0.02058	0.01195	0.11895	0.01109	0.01196	0.00814	0.00625	0.00432	0.00200	0.00506	0.00388	0.00451	0.00751
54	0.00940	0.00626	0.00705	0.00705	0.00705	0.00626	0.00392	0.00940	0.00940	0.01253	0.02036	0.04228	0.02349	0.77292	0.03289	0.00626	0.00626	0.00940	0.00392	0.00392
55	0.00817	0.00641	0.00739	0.00748	0.00914	0.00563	0.00548	0.01018	0.01549	0.02006	0.27755	0.17805	0.39395	0.01599	0.00774	0.00221	0.00328	0.01380	0.00636	0.00563
56	0.01312	0.03231	0.69083	0.01903	0.02837	0.01510	0.07138	0.02048	0.01375	0.02048	0.01170	0.01390	0.00830	0.00609	0.00624	0.00206	0.00964	0.00497	0.00277	0.00949
57	0.00938	0.00633	0.00739	0.00739	0.00751	0.00645	0.00434	0.00962	0.00950	0.01278	0.02004	0.04054	0.02273	0.69815	0.10662	0.00669	0.00740	0.00914	0.00387	0.00411
58	0.01595	0.00833	0.01078	0.00927	0.01211	0.00751	0.00726	0.01917	0.04130	0.26623	0.39877	0.03999	0.11340	0.01162	0.00721	0.00204	0.00397	0.00998	0.00728	0.00783
59	0.02381	0.03010	0.04086	0.01659	0.02023	0.67970	0.01283	0.06754	0.01890	0.01748	0.01038	0.01195	0.00848	0.00671	0.00587	0.00169	0.01131	0.00428	0.00350	0.00777
60	0.01550	0.01466	0.02423	0.05755	0.61735	0.01464	0.01822	0.01981	0.04100	0.02134	0.03498	0.01717	0.01208	0.00606	0.00634	0.00188	0.00728	0.00588	0.00348	0.06055
61	0.04082	0.50439	0.26905	0.01344	0.02026	0.02169	0.01522	0.01971	0.01323	0.01739	0.00986	0.01146	0.00822	0.00575	0.00481	0.00162	0.00773	0.00390	0.00279	0.00867
62	0.01727	0.77681	0.03386	0.01106	0.01658	0.02557	0.01106	0.01935	0.01313	0.01520	0.00898	0.01036	0.00829	0.00553	0.00415	0.00138	0.00691	0.00345	0.00276	0.00829
63	0.02869	0.01148	0.01529	0.01172	0.01673	0.01021	0.00969	0.07749	0.01930	0.68995	0.02482	0.02155	0.01566	0.00798	0.00650	0.00200	0.00561	0.00645	0.00789	0.01100
64	0.01265	0.01141	0.01765	0.06800	0.31238	0.03034	0.03472	0.01582	0.01528	0.02113	0.21296	0.12446	0.02959	0.02736	0.00769	0.00220	0.00606	0.03771	0.00475	0.00783
65	0.00859	0.00658	0.00787	0.00755	0.00931	0.00586	0.00566	0.01112	0.01698	0.02281	0.48587	0.05337	0.30623	0.01437	0.00763	0.00209	0.00313	0.01240	0.00670	0.00586
66	0.02899	0.01100	0.01499	0.01150	0.01649	0.00950	0.00950	0.03149	0.01849	0.73709	0.02549	0.02199	0.01599	0.00800	0.00650	0.00200	0.00550	0.00650	0.00800	0.01100
67	0.01486	0.01768	0.07548	0.02596	0.05685	0.01612	0.57891	0.02001	0.01465	0.02019	0.01285	0.01727	0.00989	0.00744	0.03585	0.00251	0.05442	0.00726	0.00322	0.00861
68	0.01388	0.19284	0.58813	0.01684	0.02552	0.01727	0.02112	0.02022	0.01353	0.01933	0.01104	0.01294	0.00821	0.00601	0.00571	0.00190	0.00898	0.00449	0.00274	0.00928
69	0.01900	0.01473	0.01581	0.01346	0.01758	0.01661	0.01068	0.20028	0.50528	0.07703	0.02360	0.02186	0.01733	0.00847	0.00654	0.00212	0.00563	0.00689	0.00664	0.01046
70	0.01041	0.00744	0.01041	0.01190	0.01339	0.00744	0.01041	0.01339	0.01487	0.01934	0.03421	0.07288	0.03719	0.01785	0.00892	0.00297	0.00595	0.68913	0.00595	0.00595
71	0.02151	0.10121	0.02013	0.01616	0.01905	0.53395	0.01267	0.02316	0.01616	0.01570	0.00959	0.01201	0.00835	0.00745	0.00866	0.00186	0.15732	0.00438	0.00318	0.00749
72	0.02414	0.03079	0.01831	0.01665	0.01998	0.74698	0.01248	0.02580	0.01831	0.01581	0.00999	0.01165	0.00832	0.00666	0.00583	0.00166	0.01165	0.00416	0.00333	0.00749
73	0.00923	0.00692	0.01038	0.01038	0.01154	0.00808	0.00808	0.01154	0.01038	0.01500	0.01731	0.02538	0.01615	0.04846	0.74732	0.01038	0.01731	0.00692	0.00346	0.00577
74	0.00787	0.00562	0.00750	0.00900	0.00937	0.00525	0.00600	0.00900	0.01237	0.01649	0.03561	0.76871	0.04274	0.02024	0.00825	0.00262	0.00375	0.01837	0.00600	0.00525
75	0.00793	0.00583	0.00744	0.00857	0.00930	0.00534	0.00585	0.00927	0.01314	0.01731	0.08992	0.61318	0.14488	0.01917	0.00811	0.00252	0.00363	0.01719	0.00608	0.00534
76	0.01014	0.00724	0.01010	0.01159	0.01296	0.00720	0.00994	0.01292	0.01461	0.01903	0.03436	0.14758	0.03778	0.01811	0.00885	0.00294	0.00571	0.61713	0.00595	0.00587
77	0.81856	0.01250	0.00950	0.00850	0.01250	0.01449	0.00700	0.01899	0.01100	0.02899	0.00900	0.01050	0.00700	0.00600	0.00400	0.00200	0.00500	0.00350	0.00400	0.00700
78	0.01414	0.01414	0.01979	0.01696	0.01696	0.01979	0.01414	0.01555	0.00990	0.01555	0.00848	0.01414	0.00848	0.01131	0.02120	0.00283	0.76110	0.00565	0.00283	0.00707
79	0.00786	0.00566	0.00746	0.00891	0.00935	0.00526	0.00596	0.00901	0.01246	0.01653	0.03670	0.74295	0.06779	0.02010	0.00822	0.00261	0.00373	0.01820	0.00600	0.00526
80	0.00785	0.00569	0.00743	0.00882	0.00932	0.00526	0.00592	0.00902	0.01254	0.01656	0.03780	0.71691	0.09312	0.01996	0.00820	0.00259	0.00371	0.01802	0.00600	0.00526
81	0.01534	0.01675	0.03468	0.05267	0.20270	0.01604	0.52161	0.02036	0.01505	0.02067	0.01280	0.01708	0.00987	0.00555	0.00729	0.00212	0.01005	0.00712	0.00324	0.00903
82	0.00914	0.00660	0.00864	0.00813	0.00965	0.00610	0.00610	0.01219	0.01829	0.02591	0.72921	0.04827	0.06097	0.01321	0.00762	0.00203	0.00305	0.01169	0.00711	0.00610
83	0.01298	0.01149	0.01792	0.43434	0.12757	0.01319	0.01513	0.06039	0.03808	0.02095	0.16143	0.02362	0.02022	0.00792	0.00670	0.00208	0.00712	0.00703	0.00414	0.00770
84	0.01149	0.00734	0.00910	0.00935	0.01071	0.02850	0.00669	0.01329	0.01482	0.11487	0.20318	0.46992	0.04259	0.01648	0.00779	0.00237	0.00405	0.01472	0.00646	0.00629
85	0.00813	0.00581	0.00779	0.00929	0.00978	0.00547	0.00644	0.00944	0.01262	0.01678	0.03547	0.69829	0.04217	0.02000	0.00832	0.00266	0.00397	0.08625	0.00599	0.00532
86	0.12558	0.01161	0.01291	0.00949	0.01496	0.00946	0.00763	0.01719	0.01325	0.04778	0.01164	0.01330	0.00944	0.00507	0.00474	0.00114	0.00484	0.00388	0.00400	0.67208
87	0.01678	0.01626	0.02514	0.03655	0.64205	0.05586	0.01882	0.04771	0.03861	0.02178	0.01263	0.01600	0.01047	0.00598	0.00637	0.00191	0.00779	0.00572	0.00344	0.01011
88	0.71011	0.11594	0.01279	0.00884	0.01305	0.01599	0.00755	0.01904	0.01128	0.02712	0.00899	0.01048	0.00717	0.00593	0.00402	0.00192	0.00526	0.00349	0.00383	0.00717
89	0.02280	0.01466	0.01901	0.06531	0.15875	0.01525	0.01310	0.27312	0.07693	0.24602	0.01849	0.01836	0.01290	0.00744	0.00647	0.00199	0.00667	0.00612	0.00608	0.01054
90	0.01688	0.01554	0.02479	0.03543	0.61397	0.01588	0.01845	0.09209	0.06082	0.02351	0.01339	0.01645	0.01091	0.00615	0.00641	0.00194	0.00746	0.00586	0.00375	0.01031
91	0.00769	0.00655	0.00662	0.00660	0.00876	0.00548	0.00495	0.00938	0.01486	0.01776	0.08941	0.06168	0.70585	0.01625	0.00764	0.00218	0.00326	0.01357	0.00604	0.00548
92	0.01352	0.12977	0.64800	0.01746	0.02649	0.01637	0.02221	0.02032	0.01358	0.01978	0.01126	0.01322	0.00820	0.00606	0.00588	0.00196	0.00921	0.00460	0.00273	0.00939
93	0.01599	0.01535	0.02623	0.03966	0.73262	0.01535	0.01983	0.01983	0.01471	0.02111	0.01215	0.01599	0.01023	0.00576	0.00640	0.00192	0.00768	0.00576	0.00320	0.01023
94	0.00787	0.00562	0.00750	0.00900	0.00937	0.00525	0.00600	0.00900	0.01237	0.01649	0.03561	0.76871	0.04274	0.02024	0.00825	0.00262	0.00375	0.01837	0.00600	0.00525
95	0.00937	0.00686	0.00940	0.00938	0.01007	0.00769	0.00675	0.01081	0.01012	0.01424	0.01891	0.06461	0.01963	0.29312	0.44796	0.00840	0.03556	0.00825	0.00371	0.00515
96	0.01498	0.01443	0.02474	0.21508	0.51842	0.01527	0.04206	0.01891	0.01414	0.01979	0.01191	0.01629	0.00977	0.00609	0.00690	0.00201	0.03094	0.00581	0.00311	0.00934
97	0.00987	0.00786	0.01160	0.01124	0.01224	0.00960	0.00886	0.01206	0.01032	0.01507	0.01616	0.02392	0.01516	0.04364	0.65309	0.00940	0.11383	0.00676	0.00338	0.00594
98	0.01506	0.01440	0.02454	0.21600	0.56356	0.01511	0.01937	0.01901	0.01427	0.01998	0.01199	0.01630	0.00984	0.00593	0.00641	0.00198	0.00791	0.00575	0.00312	0.00948
99	0.07067	0.01530	0.02634	0.03314	0.50197	0.01532	0.13857	0.01960	0.01431	0.02137	0.01193	0.01568	0.00984	0.00588	0.00692	0.00196	0.03597	0.00584	0.00328	0.04611
100	0.01316	0.01218	0.02009	0.64955	0.11441	0.01472	0.01788	0.04844	0.01390	0.01808	0.01174	0.01702	0.00889	0.00645	0.00645	0.00212	0.00845	0.00575	0.00307	0.00767
101	0.01845	0.00970	0.01289	0.01132	0.04625	0.00866	0.00848	0.04674	0.01815	0.31179	0.31291	0.03141	0.03341	0.00970	0.00678	0.00190	0.00457	0.00830	0.00693	0.09166
102	0.00960	0.00694	0.00849	0.00846	0.00858	0.00747	0.00542	0.01003	0.00995	0.01355	0.02142	0.15029	0.02464	0.54681	0.06662	0.00561	0.07721	0.01029	0.00411	0.00452
103	0.01576	0.01411	0.02078	0.01866	0.10815	0.05561	0.18486	0.13466	0.03725	0.05026	0.15940	0.02975	0.09801	0.00925	0.00715	0.00207	0.00704	0.03366	0.00519	0.00838
104	0.01438	0.06883	0.42550	0.01762	0.02482	0.01514	0.11126	0.04642	0.05974	0.04899	0.01519	0.07748	0.01242	0.00760	0.00681	0.00210	0.02644	0.00649	0.00367	0.00910
105	0.01916	0.01608	0.01670	0.01619	0.09349	0.11623	0.01159	0.11761	0.29214	0.10189	0.02049	0.02234	0.01594	0.00821	0.00645	0.00200	0.00662	0.04687	0.00568	0.06432
106	0.08446	0.03319	0.06244	0.01700	0.13439	0.03363	0.05424	0.07778	0.06476	0.04032	0.01327	0.01521	0.01051	0.00719	0.02836	0.00186	0.00680	0.00497	0.00410	0.30553

[dist]
# distance from previous block
# <min> <max>
2	4

[block]
# block no. 4 follows, 34 sequences, length 29
# corresponding to MSA columns:
# 321-349
name=unknown_E
#
# <colnr> <probs for GDERKNQSTAVLIFYWHMCP>
#	G	D	E	R	K	N	Q	S	T	A	V	L	I	F	Y	W	H	M	C	P
0	0.02002	0.12832	0.01956	0.01334	0.01816	0.05050	0.01106	0.32627	0.20351	0.03012	0.01664	0.01656	0.01257	0.00731	0.00593	0.00180	0.00650	0.00556	0.00551	0.10075
1	0.04512	0.01237	0.03180	0.02893	0.04307	0.01184	0.01002	0.16582	0.06573	0.26441	0.16315	0.02651	0.05345	0.00904	0.00661	0.00197	0.00543	0.00746	0.00662	0.04066
2	0.01918	0.08281	0.14293	0.02395	0.28249	0.05983	0.03718	0.05045	0.04210	0.17403	0.01519	0.01646	0.01121	0.00652	0.00620	0.00192	0.00768	0.00557	0.00437	0.00993
3	0.01439	0.08331	0.38888	0.08422	0.05320	0.04726	0.19813	0.02030	0.01419	0.01961	0.01172	0.01467	0.00872	0.00595	0.00639	0.00202	0.00964	0.00550	0.00292	0.00897
4	0.00933	0.00659	0.00837	0.00929	0.01023	0.00636	0.00643	0.01207	0.07378	0.04191	0.06531	0.61809	0.07086	0.01838	0.00799	0.00252	0.00387	0.01653	0.00616	0.00591
5	0.01566	0.01706	0.08462	0.03639	0.58790	0.01545	0.10747	0.01999	0.01470	0.02101	0.01223	0.01599	0.01002	0.00575	0.00653	0.00196	0.00823	0.00592	0.00317	0.00999
6	0.01526	0.07260	0.29746	0.08752	0.19620	0.04560	0.12826	0.02053	0.01441	0.04440	0.01219	0.01509	0.00924	0.00601	0.00633	0.00199	0.00901	0.00549	0.00314	0.00926
7	0.04944	0.04334	0.02088	0.26024	0.20678	0.13695	0.03928	0.04808	0.02904	0.05103	0.01340	0.04888	0.01108	0.00700	0.00628	0.00199	0.00827	0.00600	0.00367	0.00838
8	0.02689	0.01059	0.01448	0.01154	0.01614	0.00926	0.00960	0.02944	0.01808	0.65604	0.02648	0.02774	0.01839	0.00911	0.00677	0.00211	0.00555	0.08359	0.00777	0.01043
9	0.01666	0.09716	0.09566	0.05589	0.24199	0.07045	0.05980	0.04580	0.03082	0.07873	0.04543	0.02171	0.03955	0.00767	0.00680	0.00199	0.02686	0.04399	0.00409	0.00895
10	0.01932	0.08410	0.18462	0.01625	0.06511	0.03889	0.07725	0.05308	0.05226	0.24551	0.02093	0.03671	0.06132	0.00780	0.00640	0.00199	0.00725	0.00657	0.00513	0.00951
11	0.01692	0.01498	0.02431	0.11421	0.57746	0.03452	0.01854	0.02063	0.01494	0.08196	0.01317	0.01652	0.01050	0.00605	0.00640	0.00194	0.00770	0.00578	0.00358	0.00990
12	0.01426	0.01451	0.02188	0.01813	0.01888	0.01940	0.09335	0.01614	0.01051	0.01614	0.00900	0.01451	0.00863	0.01064	0.01966	0.00275	0.67559	0.00588	0.00288	0.00726
13	0.03737	0.11177	0.35413	0.01797	0.08004	0.01548	0.06789	0.04772	0.03710	0.12236	0.01572	0.01682	0.03382	0.00673	0.00611	0.00197	0.00806	0.00553	0.00395	0.00948
14	0.01574	0.12408	0.38621	0.01877	0.09140	0.01528	0.07553	0.02100	0.01435	0.11039	0.01458	0.05873	0.01153	0.00702	0.00619	0.00199	0.00828	0.00594	0.00368	0.00931
15	0.01220	0.01148	0.01938	0.75739	0.04450	0.01436	0.01794	0.01651	0.01292	0.01651	0.01148	0.01723	0.00861	0.00646	0.00646	0.00215	0.00861	0.00574	0.00287	0.00718
16	0.00950	0.00996	0.09598	0.01034	0.01278	0.00737	0.00933	0.01234	0.01454	0.01908	0.11444	0.14564	0.21692	0.04411	0.00893	0.00263	0.00511	0.24927	0.00563	0.00610
17	0.01879	0.03963	0.13437	0.04053	0.09084	0.11756	0.17308	0.05178	0.11208	0.13266	0.01599	0.01725	0.01167	0.00672	0.00654	0.00201	0.00855	0.00608	0.00447	0.00941
18	0.01592	0.01557	0.02745	0.03838	0.66050	0.01545	0.09097	0.01992	0.01477	0.02107	0.01225	0.01614	0.01019	0.00573	0.00652	0.00195	0.00801	0.00595	0.00321	0.01008
19	0.00787	0.00562	0.00750	0.00900	0.00937	0.00525	0.00600	0.00900	0.01237	0.01649	0.03561	0.76871	0.04274	0.02024	0.00825	0.00262	0.00375	0.01837	0.00600	0.00525
20	0.01910	0.05720	0.06714	0.08389	0.15888	0.06685	0.08667	0.13052	0.07924	0.13246	0.04276	0.01826	0.01342	0.00706	0.00644	0.00197	0.00763	0.00614	0.00481	0.00955
21	0.01730	0.13473	0.24528	0.02359	0.25572	0.03653	0.04175	0.04434	0.01524	0.10651	0.01319	0.01506	0.00996	0.00619	0.00602	0.00189	0.00808	0.00522	0.00368	0.00972
22	0.02581	0.01350	0.01832	0.01631	0.10375	0.01304	0.03888	0.19555	0.02081	0.45329	0.02097	0.01951	0.01384	0.00757	0.00652	0.00198	0.00636	0.00629	0.00686	0.01081
23	0.81856	0.01250	0.00950	0.00850	0.01250	0.01449	0.00700	0.01899	0.01100	0.02899	0.00900	0.01050	0.00700	0.00600	0.00400	0.00200	0.00500	0.00350	0.00400	0.00700
24	0.00764	0.00655	0.00655	0.00655	0.00873	0.00545	0.00491	0.00927	0.01473	0.01745	0.06546	0.06218	0.73000	0.01636	0.00764	0.00218	0.00327	0.01364	0.00600	0.00545
25	0.01773	0.27220	0.23697	0.01616	0.05061	0.08245	0.05232	0.07221	0.05271	0.07063	0.01273	0.01396	0.00976	0.00632	0.00562	0.00179	0.00816	0.00481	0.00368	0.00918
26	0.00932	0.00626	0.00722	0.00729	0.00735	0.00630	0.00420	0.00947	0.00958	0.01282	0.02094	0.07565	0.02407	0.70564	0.06323	0.00627	0.00663	0.00971	0.00399	0.00406
27	0.01708	0.01566	0.02580	0.03223	0.47872	0.01587	0.11322	0.09003	0.08399	0.04183	0.01431	0.01707	0.01130	0.00626	0.00659	0.00199	0.00776	0.00619	0.00398	0.01012
28	0.01107	0.00569	0.00845	0.00845	0.00850	0.00574	0.00566	0.00859	0.00854	0.01144	0.01183	0.02073	0.01189	0.05127	0.05737	0.74696	0.00615	0.00581	0.00288	0.00298

[dist]
# distance from previous block
# <min> <max>
0	1

# created by:
# /home/berkeley/.conda/envs/busco_data_prod/bin/msa2prfl.pl pipeline/OGs_align_augustus/4893/40024.fs
