[name]
unknown

[dist]
# distance from previous block
# <min> <max>
0	13

[block]
# block no. 0 follows, 32 sequences, length 37
# corresponding to MSA columns:
# 13-49
name=unknown_A
#
# <colnr> <probs for GDERKNQSTAVLIFYWHMCP>
#	G	D	E	R	K	N	Q	S	T	A	V	L	I	F	Y	W	H	M	C	P
0	0.04286	0.00793	0.01077	0.01222	0.01386	0.00802	0.01067	0.01413	0.01529	0.02048	0.03448	0.07309	0.03736	0.01804	0.00906	0.00305	0.00614	0.65022	0.00610	0.00622
1	0.02551	0.01879	0.02014	0.01544	0.02081	0.02081	0.01275	0.69996	0.03155	0.04229	0.01611	0.01611	0.01141	0.00805	0.00671	0.00201	0.00738	0.00604	0.00671	0.01141
2	0.01329	0.01287	0.01994	0.61464	0.10037	0.04645	0.01780	0.01745	0.01393	0.01757	0.01503	0.02011	0.04850	0.00723	0.00674	0.00219	0.00869	0.00635	0.00321	0.00764
3	0.02790	0.01296	0.01635	0.01256	0.01778	0.01214	0.01034	0.16067	0.04277	0.53402	0.02369	0.02111	0.01536	0.00810	0.00664	0.00201	0.00598	0.00648	0.00771	0.05543
4	0.01645	0.01656	0.02793	0.11562	0.51312	0.04908	0.12148	0.02063	0.01533	0.02108	0.01258	0.01676	0.01029	0.00605	0.00681	0.00205	0.00877	0.00619	0.00330	0.00991
5	0.01400	0.12365	0.64524	0.01820	0.02761	0.01691	0.02318	0.02111	0.01410	0.02059	0.01171	0.01375	0.00851	0.00630	0.00612	0.00204	0.00958	0.00479	0.00284	0.00976
6	0.00818	0.00668	0.00731	0.00768	0.00953	0.00581	0.00571	0.00988	0.01473	0.01798	0.05913	0.19222	0.53865	0.01871	0.02765	0.00262	0.00403	0.05166	0.00616	0.00566
7	0.01665	0.01833	0.05962	0.05923	0.22224	0.03772	0.40139	0.05957	0.01651	0.02246	0.01324	0.01725	0.01022	0.00599	0.00734	0.00215	0.01005	0.00699	0.00353	0.00955
8	0.01401	0.10710	0.62854	0.01878	0.02814	0.01674	0.05435	0.02115	0.01419	0.02072	0.01184	0.01401	0.00859	0.00628	0.00624	0.00206	0.00971	0.00496	0.00286	0.00975
9	0.01572	0.01504	0.02564	0.19976	0.57066	0.01571	0.02015	0.01982	0.01486	0.02085	0.01247	0.01689	0.01025	0.00614	0.00666	0.00205	0.00819	0.00598	0.00325	0.00992
10	0.01070	0.00976	0.01599	0.01432	0.01640	0.03277	0.17450	0.01305	0.01388	0.01828	0.03036	0.52916	0.03467	0.01673	0.00835	0.00259	0.00605	0.04058	0.00545	0.00643
11	0.04662	0.17024	0.09457	0.04837	0.05994	0.18856	0.01369	0.10421	0.01827	0.17241	0.01461	0.01528	0.01073	0.00697	0.00597	0.00187	0.00840	0.00510	0.00469	0.00950
12	0.00825	0.00590	0.00786	0.00929	0.00975	0.00550	0.00623	0.00954	0.01321	0.01771	0.07727	0.71787	0.04550	0.02059	0.00853	0.00269	0.00385	0.01866	0.00630	0.00550
13	0.01542	0.01860	0.07649	0.02550	0.03173	0.04924	0.56310	0.02061	0.01561	0.02084	0.01548	0.08548	0.01314	0.00716	0.00780	0.00227	0.01059	0.00860	0.00362	0.00871
14	0.02834	0.01130	0.01518	0.01182	0.01674	0.00997	0.00970	0.03170	0.05015	0.65610	0.06564	0.02448	0.01942	0.00865	0.00682	0.00209	0.00555	0.00709	0.00819	0.01110
15	0.01751	0.01700	0.07780	0.09116	0.39031	0.01652	0.01807	0.10396	0.08617	0.05081	0.01471	0.01743	0.01152	0.00705	0.00753	0.00211	0.04983	0.00609	0.00418	0.01024
16	0.00829	0.00602	0.00762	0.00885	0.00943	0.00557	0.00589	0.00942	0.01286	0.01687	0.03929	0.61002	0.12439	0.08855	0.01083	0.00302	0.00407	0.01763	0.00603	0.00535
17	0.01565	0.01773	0.03844	0.07082	0.03573	0.01685	0.65782	0.02124	0.01569	0.02124	0.01348	0.01809	0.01011	0.00572	0.00785	0.00226	0.01117	0.00780	0.00337	0.00896
18	0.02013	0.01581	0.06931	0.05272	0.07761	0.09863	0.01229	0.09186	0.03926	0.22437	0.06463	0.11071	0.03601	0.02315	0.00790	0.00223	0.03021	0.00818	0.00583	0.00916
19	0.09634	0.01510	0.01607	0.01313	0.01764	0.05561	0.01057	0.23527	0.13167	0.25413	0.02164	0.06852	0.01617	0.00893	0.00659	0.00211	0.00635	0.00706	0.00679	0.01031
20	0.00952	0.00641	0.00739	0.00762	0.00768	0.00635	0.00439	0.00970	0.01022	0.01363	0.02352	0.15155	0.02740	0.65245	0.03030	0.00594	0.00611	0.01116	0.00439	0.00427
21	0.08901	0.02178	0.02067	0.01653	0.02138	0.22319	0.07687	0.36919	0.02449	0.05233	0.01399	0.01493	0.01032	0.00736	0.00643	0.00196	0.00886	0.00555	0.00531	0.00982
22	0.05728	0.06431	0.09141	0.06585	0.07298	0.29745	0.04020	0.12521	0.04515	0.03908	0.01338	0.03346	0.01074	0.00728	0.00627	0.00194	0.00945	0.00549	0.00415	0.00892
23	0.02091	0.08458	0.02175	0.02099	0.16276	0.32517	0.03224	0.10669	0.07305	0.02174	0.01443	0.05876	0.01246	0.00774	0.00637	0.00191	0.00924	0.00603	0.00420	0.00899
24	0.02051	0.01562	0.01945	0.02028	0.17736	0.05795	0.03900	0.11941	0.23458	0.15673	0.02052	0.02133	0.01540	0.04168	0.00798	0.00230	0.00695	0.00678	0.00584	0.01036
25	0.04526	0.01378	0.01658	0.04800	0.05414	0.01443	0.01122	0.29613	0.04876	0.19613	0.07176	0.11313	0.02056	0.00996	0.00696	0.00214	0.00621	0.00825	0.00666	0.00993
26	0.01707	0.01497	0.02386	0.08378	0.51600	0.01532	0.01801	0.04039	0.08560	0.06524	0.01708	0.01973	0.03884	0.00696	0.00672	0.00205	0.00745	0.00650	0.00415	0.01029
27	0.01192	0.00741	0.00968	0.00880	0.01084	0.00673	0.00671	0.01496	0.01888	0.11097	0.61058	0.04738	0.08264	0.01319	0.00777	0.00211	0.00348	0.01156	0.00745	0.00692
28	0.01317	0.01114	0.10115	0.01138	0.01399	0.00838	0.00962	0.05350	0.01502	0.12202	0.03057	0.46318	0.03307	0.03919	0.00873	0.00265	0.00530	0.04467	0.00606	0.00721
29	0.15423	0.10793	0.16058	0.01672	0.04390	0.04562	0.09088	0.21922	0.01934	0.06149	0.01326	0.01463	0.00980	0.00678	0.00604	0.00200	0.00804	0.00531	0.00455	0.00967
30	0.01166	0.00583	0.00874	0.00874	0.00874	0.00583	0.00583	0.00874	0.00874	0.01166	0.01166	0.02040	0.01166	0.02331	0.02622	0.80478	0.00583	0.00583	0.00291	0.00291
31	0.00836	0.00603	0.00783	0.00901	0.00961	0.00560	0.00608	0.00971	0.01347	0.01798	0.10627	0.61634	0.08463	0.05335	0.00961	0.00281	0.00391	0.01768	0.00625	0.00549
32	0.19587	0.17549	0.13051	0.01609	0.07589	0.06297	0.05881	0.06173	0.04177	0.05944	0.05241	0.01605	0.01267	0.00688	0.00569	0.00194	0.00744	0.00527	0.00417	0.00890
33	0.06224	0.24262	0.08102	0.01683	0.09319	0.15914	0.03448	0.08270	0.01670	0.04210	0.01307	0.01464	0.02736	0.00657	0.00560	0.00172	0.00814	0.00485	0.00381	0.08322
34	0.01924	0.19023	0.13838	0.03307	0.05891	0.05117	0.03143	0.14936	0.09681	0.09515	0.01633	0.03703	0.01291	0.03274	0.00709	0.00210	0.00761	0.00599	0.00477	0.00967
35	0.04867	0.12663	0.12923	0.01631	0.05818	0.06784	0.06780	0.11181	0.08462	0.10158	0.04413	0.04174	0.03548	0.00794	0.00637	0.00199	0.00750	0.00650	0.00491	0.03079
36	0.07786	0.19291	0.09138	0.05294	0.04394	0.06545	0.01253	0.08061	0.12097	0.06270	0.01674	0.03688	0.03130	0.00747	0.00582	0.00186	0.00701	0.00571	0.00454	0.08136

[dist]
# distance from previous block
# <min> <max>
1	18

[block]
# block no. 1 follows, 32 sequences, length 28
# corresponding to MSA columns:
# 68-95
name=unknown_B
#
# <colnr> <probs for GDERKNQSTAVLIFYWHMCP>
#	G	D	E	R	K	N	Q	S	T	A	V	L	I	F	Y	W	H	M	C	P
0	0.01942	0.01780	0.03878	0.01690	0.05753	0.15241	0.07505	0.14920	0.05559	0.09427	0.03789	0.03983	0.05061	0.04319	0.04474	0.00274	0.08312	0.00710	0.00500	0.00882
1	0.01686	0.10450	0.18202	0.08039	0.16592	0.04366	0.01649	0.04400	0.14434	0.07054	0.05371	0.01910	0.01479	0.00735	0.00641	0.00203	0.00764	0.00610	0.00444	0.00971
2	0.07098	0.21706	0.36405	0.01669	0.04334	0.04545	0.04077	0.02038	0.01421	0.02042	0.04903	0.01515	0.01152	0.00680	0.00645	0.00196	0.03844	0.00504	0.00324	0.00901
3	0.00955	0.00825	0.03319	0.03966	0.01257	0.02712	0.00782	0.02908	0.01381	0.01808	0.03545	0.60110	0.07596	0.01891	0.00829	0.00263	0.00468	0.04199	0.00592	0.00594
4	0.01937	0.06499	0.17744	0.04688	0.04969	0.22783	0.03222	0.13136	0.11055	0.02348	0.01509	0.04427	0.01212	0.00767	0.00643	0.00200	0.00909	0.00591	0.00433	0.00928
5	0.04980	0.26666	0.17118	0.01631	0.04512	0.05876	0.05486	0.16291	0.01795	0.05052	0.01234	0.01388	0.00959	0.00676	0.00638	0.00189	0.03660	0.00496	0.00400	0.00952
6	0.08353	0.05865	0.02018	0.01473	0.02003	0.02069	0.01228	0.61285	0.02909	0.03996	0.01524	0.01543	0.01095	0.00779	0.00639	0.00199	0.00721	0.00573	0.00632	0.01095
7	0.01580	0.01535	0.02686	0.17413	0.54041	0.01583	0.07324	0.02001	0.01497	0.02098	0.01256	0.01697	0.01027	0.00609	0.00676	0.00206	0.00842	0.00613	0.00326	0.00990
8	0.01916	0.10680	0.09233	0.02381	0.23328	0.10049	0.07691	0.08555	0.05537	0.08950	0.01538	0.04467	0.01239	0.00723	0.00649	0.00199	0.00827	0.00625	0.00433	0.00980
9	0.02201	0.08913	0.05939	0.01484	0.01992	0.01383	0.10820	0.10629	0.03822	0.31384	0.02238	0.09105	0.01766	0.00927	0.00695	0.00215	0.00692	0.04184	0.00624	0.00988
10	0.00976	0.00651	0.00732	0.00732	0.00732	0.00651	0.00407	0.00976	0.00976	0.01301	0.02114	0.04391	0.02439	0.76419	0.03415	0.00651	0.00651	0.00976	0.00407	0.00407
11	0.00979	0.00690	0.00851	0.00852	0.00877	0.00732	0.00544	0.01038	0.01021	0.01393	0.02135	0.09685	0.02399	0.54501	0.15985	0.00684	0.03770	0.00988	0.00411	0.00466
12	0.01706	0.04888	0.09711	0.05361	0.18122	0.05785	0.22984	0.02264	0.07105	0.06212	0.01421	0.01725	0.01099	0.00692	0.00836	0.00218	0.07902	0.00646	0.00381	0.00944
13	0.00818	0.00584	0.00779	0.00934	0.00973	0.00545	0.00623	0.00934	0.01285	0.01713	0.03698	0.75981	0.04438	0.02102	0.00856	0.00273	0.00389	0.01908	0.00623	0.00545
14	0.01391	0.01193	0.01391	0.00994	0.01590	0.00894	0.00795	0.01690	0.01391	0.02186	0.01193	0.01391	0.00994	0.00497	0.00497	0.00099	0.00497	0.00398	0.00398	0.80521
15	0.00942	0.00680	0.00890	0.00849	0.01001	0.00628	0.00633	0.01247	0.01863	0.02634	0.67896	0.09158	0.06221	0.01414	0.00795	0.00215	0.00321	0.01254	0.00732	0.00628
16	0.00926	0.00696	0.00869	0.00893	0.01061	0.00639	0.00699	0.01185	0.01671	0.02220	0.33350	0.11264	0.23903	0.01625	0.00827	0.00242	0.00396	0.16258	0.00671	0.00605
17	0.08018	0.01699	0.03316	0.02417	0.03020	0.01662	0.51846	0.04298	0.05652	0.06423	0.01470	0.01803	0.01092	0.00634	0.00794	0.00225	0.03577	0.00736	0.00403	0.00915
18	0.01121	0.00913	0.01004	0.00957	0.01205	0.00924	0.00742	0.01726	0.18455	0.04017	0.08234	0.07898	0.40204	0.01470	0.00833	0.00235	0.03609	0.05102	0.00634	0.00715
19	0.81159	0.01298	0.00986	0.00882	0.01298	0.01505	0.00727	0.01972	0.01142	0.03010	0.00934	0.01090	0.00727	0.00623	0.00415	0.00208	0.00519	0.00363	0.00415	0.00727
20	0.09813	0.01653	0.01803	0.01402	0.01918	0.01781	0.01155	0.46959	0.05613	0.18385	0.01814	0.01742	0.01251	0.00798	0.00649	0.00204	0.00674	0.00603	0.00682	0.01100
21	0.81159	0.01298	0.00986	0.00882	0.01298	0.01505	0.00727	0.01972	0.01142	0.03010	0.00934	0.01090	0.00727	0.00623	0.00415	0.00208	0.00519	0.00363	0.00415	0.00727
22	0.00818	0.00584	0.00779	0.00934	0.00973	0.00545	0.00623	0.00934	0.01285	0.01713	0.03698	0.75981	0.04438	0.02102	0.00856	0.00273	0.00389	0.01908	0.00623	0.00545
23	0.08632	0.04803	0.01989	0.05891	0.06202	0.27951	0.01339	0.20564	0.01987	0.02483	0.01181	0.01398	0.00943	0.00772	0.00826	0.00203	0.11014	0.00511	0.00427	0.00884
24	0.00937	0.00649	0.00792	0.00846	0.00892	0.00631	0.00556	0.01030	0.01208	0.01612	0.08494	0.24272	0.05316	0.40464	0.02181	0.00466	0.00541	0.08105	0.00520	0.00489
25	0.08717	0.16531	0.08821	0.08815	0.06284	0.14058	0.03264	0.10104	0.04528	0.07483	0.04342	0.01633	0.01241	0.00708	0.00597	0.00192	0.00811	0.00538	0.00433	0.00901
26	0.01728	0.16105	0.02152	0.01555	0.05866	0.06236	0.08514	0.02325	0.15082	0.09230	0.01923	0.07793	0.01642	0.00959	0.02318	0.00220	0.03530	0.02556	0.05140	0.05129
27	0.05149	0.03808	0.07135	0.04592	0.02220	0.17314	0.09596	0.12906	0.06939	0.12337	0.05292	0.01840	0.01411	0.00787	0.00760	0.00208	0.05661	0.00619	0.00501	0.00925

[dist]
# distance from previous block
# <min> <max>
0	7

[block]
# block no. 2 follows, 32 sequences, length 28
# corresponding to MSA columns:
# 103-130
name=unknown_C
#
# <colnr> <probs for GDERKNQSTAVLIFYWHMCP>
#	G	D	E	R	K	N	Q	S	T	A	V	L	I	F	Y	W	H	M	C	P
0	0.09299	0.08125	0.13693	0.01656	0.02261	0.04286	0.13499	0.19120	0.06319	0.05374	0.01588	0.01712	0.03068	0.00707	0.00633	0.00198	0.00796	0.00592	0.00469	0.06608
1	0.04052	0.30688	0.02401	0.01366	0.01807	0.19732	0.01166	0.09189	0.08901	0.05176	0.03153	0.01725	0.01297	0.00763	0.00624	0.00183	0.03390	0.03075	0.00432	0.00879
2	0.04939	0.07264	0.04608	0.04785	0.21716	0.06134	0.05794	0.13177	0.12416	0.05603	0.01531	0.01711	0.01186	0.00732	0.00741	0.00208	0.05409	0.00598	0.00458	0.00990
3	0.05769	0.15815	0.16451	0.01533	0.02063	0.21262	0.03982	0.04638	0.10282	0.04110	0.04152	0.04266	0.01377	0.00763	0.00608	0.00193	0.00858	0.00578	0.00417	0.00882
4	0.01883	0.68028	0.03340	0.01195	0.01764	0.02588	0.01163	0.09987	0.01574	0.01890	0.01012	0.01139	0.00894	0.00601	0.00459	0.00150	0.00720	0.00388	0.00332	0.00894
5	0.00793	0.00680	0.00680	0.00680	0.00906	0.00566	0.00510	0.00963	0.01529	0.01813	0.06797	0.06457	0.71961	0.01699	0.00793	0.00227	0.00340	0.01416	0.00623	0.00566
6	0.01760	0.01618	0.02074	0.05369	0.02022	0.07462	0.04004	0.08647	0.01407	0.06943	0.01124	0.01549	0.00967	0.01028	0.01689	0.00263	0.50294	0.00591	0.00375	0.00814
7	0.01669	0.01441	0.01517	0.01365	0.01745	0.01669	0.01062	0.03565	0.71021	0.02807	0.02731	0.02503	0.02048	0.00910	0.00683	0.00228	0.00531	0.00759	0.00683	0.01062
8	0.00846	0.00670	0.00761	0.00763	0.00945	0.00585	0.00563	0.01057	0.01620	0.02084	0.27391	0.14150	0.42903	0.01641	0.00800	0.00227	0.00338	0.01409	0.00660	0.00585
9	0.81159	0.01298	0.00986	0.00882	0.01298	0.01505	0.00727	0.01972	0.01142	0.03010	0.00934	0.01090	0.00727	0.00623	0.00415	0.00208	0.00519	0.00363	0.00415	0.00727
10	0.01434	0.17919	0.59267	0.01762	0.02671	0.01774	0.02217	0.02102	0.01406	0.02017	0.01151	0.01350	0.00852	0.00625	0.00597	0.00199	0.00938	0.00469	0.00284	0.00966
11	0.00976	0.00651	0.00732	0.00732	0.00732	0.00651	0.00407	0.00976	0.00976	0.01301	0.02114	0.04391	0.02439	0.76419	0.03415	0.00651	0.00651	0.00976	0.00407	0.00407
12	0.00839	0.00687	0.00743	0.00744	0.00954	0.00591	0.00568	0.01043	0.01595	0.01979	0.17995	0.06275	0.56141	0.01652	0.00801	0.00229	0.00353	0.05586	0.00643	0.00581
13	0.01804	0.13444	0.13922	0.04838	0.20104	0.12518	0.06564	0.04783	0.09761	0.03925	0.01394	0.01594	0.01093	0.00665	0.00628	0.00195	0.00866	0.00556	0.00385	0.00961
14	0.22438	0.01732	0.01754	0.01376	0.01883	0.01935	0.01137	0.52787	0.02646	0.03921	0.01440	0.01479	0.01036	0.00759	0.00606	0.00203	0.00683	0.00543	0.00606	0.01036
15	0.05905	0.50007	0.07988	0.01330	0.01871	0.19668	0.01258	0.02177	0.01486	0.01705	0.00978	0.01134	0.00854	0.00609	0.00487	0.00159	0.00846	0.00387	0.00307	0.00844
16	0.01661	0.01594	0.02724	0.04119	0.72233	0.01594	0.02059	0.02059	0.01528	0.02192	0.01262	0.01661	0.01063	0.00598	0.00664	0.00199	0.00797	0.00598	0.00332	0.01063
17	0.01795	0.01684	0.02612	0.03733	0.61557	0.04165	0.01941	0.10053	0.01732	0.02412	0.01295	0.01639	0.01065	0.00625	0.00663	0.00199	0.00805	0.00593	0.00372	0.01062
18	0.00909	0.00667	0.00853	0.00842	0.00987	0.00610	0.00618	0.01175	0.01751	0.02423	0.52816	0.17673	0.13107	0.01536	0.00803	0.00224	0.00332	0.01358	0.00706	0.00610
19	0.02492	0.02005	0.01970	0.01554	0.02060	0.10319	0.01265	0.58184	0.07146	0.03844	0.01613	0.01619	0.01164	0.00799	0.00664	0.00200	0.00780	0.00594	0.00634	0.01094
20	0.02262	0.01736	0.01851	0.01485	0.01971	0.01946	0.01206	0.48244	0.25377	0.03763	0.01978	0.01903	0.01438	0.00840	0.00675	0.00210	0.00670	0.00655	0.00675	0.01115
21	0.00818	0.00584	0.00779	0.00934	0.00973	0.00545	0.00623	0.00934	0.01285	0.01713	0.03698	0.75981	0.04438	0.02102	0.00856	0.00273	0.00389	0.01908	0.00623	0.00545
22	0.05095	0.01419	0.01698	0.01316	0.01831	0.01419	0.01083	0.26587	0.05787	0.43188	0.02238	0.02024	0.01471	0.00820	0.00666	0.00206	0.00626	0.00645	0.00755	0.01125
23	0.01661	0.01594	0.02724	0.04119	0.72233	0.01594	0.02059	0.02059	0.01528	0.02192	0.01262	0.01661	0.01063	0.00598	0.00664	0.00199	0.00797	0.00598	0.00332	0.01063
24	0.01658	0.01593	0.02692	0.03867	0.64217	0.01604	0.04963	0.02170	0.06458	0.02234	0.01370	0.01727	0.01131	0.00619	0.00671	0.00202	0.00793	0.00618	0.00357	0.01056
25	0.01606	0.01538	0.02624	0.14007	0.62775	0.01580	0.02032	0.02011	0.01502	0.02125	0.01252	0.01679	0.01039	0.00608	0.00665	0.00203	0.00811	0.00598	0.00327	0.01018
26	0.01492	0.01486	0.02732	0.24180	0.31988	0.01541	0.18715	0.01942	0.01506	0.02068	0.04799	0.01903	0.01266	0.00650	0.00704	0.00214	0.00884	0.00676	0.00344	0.00910
27	0.01748	0.01276	0.01958	0.34769	0.10275	0.01395	0.03380	0.05521	0.03526	0.16245	0.01571	0.01876	0.01147	0.00856	0.03143	0.00239	0.03396	0.00612	0.00448	0.06618

[dist]
# distance from previous block
# <min> <max>
3	13

[block]
# block no. 3 follows, 32 sequences, length 39
# corresponding to MSA columns:
# 144-182
name=unknown_D
#
# <colnr> <probs for GDERKNQSTAVLIFYWHMCP>
#	G	D	E	R	K	N	Q	S	T	A	V	L	I	F	Y	W	H	M	C	P
0	0.04298	0.01845	0.12872	0.04913	0.06704	0.04042	0.21770	0.09908	0.03827	0.04369	0.07307	0.02126	0.04421	0.00767	0.00756	0.00212	0.03718	0.00708	0.00440	0.04998
1	0.10759	0.01266	0.01914	0.34636	0.06496	0.01419	0.07580	0.06448	0.04019	0.06898	0.10361	0.02160	0.01694	0.00769	0.00668	0.00217	0.00750	0.00677	0.00446	0.00822
2	0.02446	0.05001	0.01964	0.04387	0.02159	0.60235	0.01311	0.10945	0.02021	0.01963	0.01111	0.01277	0.00900	0.00702	0.00611	0.00177	0.01126	0.00457	0.00383	0.00824
3	0.13512	0.07786	0.01924	0.01442	0.01916	0.17850	0.01175	0.35340	0.05120	0.05624	0.01418	0.01467	0.01055	0.00742	0.00603	0.00193	0.00796	0.00522	0.00540	0.00978
4	0.00858	0.00690	0.00774	0.00795	0.00993	0.00605	0.00615	0.01067	0.01574	0.01963	0.15567	0.09560	0.49582	0.01693	0.00815	0.00238	0.00379	0.11009	0.00639	0.00583
5	0.01194	0.01065	0.01529	0.01394	0.01458	0.01400	0.01129	0.01390	0.01055	0.01584	0.01374	0.02097	0.01310	0.03252	0.40738	0.00716	0.35666	0.00658	0.00329	0.00661
6	0.01298	0.01325	0.05084	0.63610	0.07240	0.01491	0.05177	0.01760	0.01369	0.01779	0.01259	0.01903	0.00974	0.00689	0.00681	0.00224	0.00900	0.02156	0.00308	0.00774
7	0.00976	0.00836	0.00862	0.00826	0.01037	0.04191	0.00621	0.01277	0.04595	0.02201	0.32654	0.05454	0.39068	0.01485	0.00779	0.00218	0.00381	0.01259	0.00659	0.00624
8	0.02237	0.09635	0.02067	0.11599	0.04363	0.01682	0.03447	0.21807	0.11642	0.21813	0.01897	0.01891	0.01336	0.00769	0.00651	0.00204	0.00698	0.00623	0.00602	0.01036
9	0.01854	0.01629	0.02556	0.03651	0.60135	0.04436	0.01899	0.05026	0.01646	0.08629	0.01393	0.01697	0.01112	0.00631	0.00663	0.00199	0.00791	0.00598	0.00392	0.01062
10	0.05057	0.54723	0.15151	0.01371	0.02005	0.05124	0.04694	0.02060	0.01395	0.01761	0.01004	0.01175	0.00861	0.00591	0.00489	0.00163	0.00795	0.00406	0.00297	0.00877
11	0.01794	0.76823	0.03516	0.01148	0.01722	0.02655	0.01148	0.02009	0.01363	0.01579	0.00933	0.01076	0.00861	0.00574	0.00431	0.00144	0.00718	0.00359	0.00287	0.00861
12	0.01863	0.01538	0.01626	0.01405	0.01819	0.01759	0.01109	0.18149	0.56122	0.03119	0.02485	0.02307	0.01849	0.00887	0.00680	0.00222	0.00577	0.00725	0.00680	0.01079
13	0.04190	0.01462	0.02482	0.27448	0.38879	0.01568	0.07456	0.02007	0.04146	0.02080	0.01293	0.01729	0.01030	0.00633	0.00669	0.00211	0.00837	0.00612	0.00338	0.00932
14	0.02990	0.01175	0.01578	0.01210	0.01730	0.01036	0.00999	0.06293	0.01976	0.69596	0.02600	0.02253	0.01637	0.00829	0.00675	0.00207	0.00579	0.00672	0.00823	0.01142
15	0.01066	0.00768	0.01061	0.01207	0.01365	0.00762	0.01052	0.01368	0.01544	0.01998	0.03719	0.07512	0.07361	0.01846	0.00920	0.00305	0.00604	0.64310	0.00618	0.00615
16	0.00895	0.00679	0.00825	0.00799	0.00972	0.00608	0.00595	0.01157	0.01755	0.02373	0.48582	0.09099	0.26194	0.01509	0.00795	0.00219	0.00327	0.01311	0.00698	0.00608
17	0.02917	0.01293	0.01650	0.01265	0.01788	0.01210	0.01045	0.16901	0.02173	0.58710	0.02435	0.02146	0.01555	0.00825	0.00674	0.00206	0.00605	0.00660	0.00798	0.01142
18	0.00818	0.00584	0.00779	0.00934	0.00973	0.00545	0.00623	0.00934	0.01285	0.01713	0.03698	0.75981	0.04438	0.02102	0.00856	0.00273	0.00389	0.01908	0.00623	0.00545
19	0.01661	0.01594	0.02724	0.04119	0.72233	0.01594	0.02059	0.02059	0.01528	0.02192	0.01262	0.01661	0.01063	0.00598	0.00664	0.00199	0.00797	0.00598	0.00332	0.01063
20	0.01459	0.01501	0.02028	0.49826	0.03721	0.11375	0.04009	0.01825	0.01374	0.01700	0.01164	0.01707	0.00927	0.00926	0.04064	0.00263	0.10490	0.00585	0.00308	0.00747
21	0.01661	0.01594	0.02724	0.04119	0.72233	0.01594	0.02059	0.02059	0.01528	0.02192	0.01262	0.01661	0.01063	0.00598	0.00664	0.00199	0.00797	0.00598	0.00332	0.01063
22	0.01000	0.00744	0.00968	0.01073	0.01246	0.00712	0.00912	0.01273	0.01556	0.01987	0.07397	0.07165	0.21831	0.01792	0.00886	0.00283	0.00532	0.47414	0.00625	0.00605
23	0.01331	0.01258	0.02128	0.63340	0.15589	0.01508	0.01895	0.01770	0.01372	0.01792	0.01204	0.01768	0.00922	0.00659	0.00670	0.00220	0.00879	0.00597	0.00304	0.00797
24	0.06739	0.02078	0.02382	0.02637	0.27235	0.23348	0.10545	0.04347	0.08252	0.02173	0.01327	0.01584	0.01068	0.00674	0.00690	0.00201	0.02834	0.00575	0.00384	0.00930
25	0.26452	0.09221	0.01985	0.01438	0.01905	0.08841	0.10741	0.11465	0.11965	0.05069	0.03839	0.01656	0.01269	0.00716	0.00584	0.00203	0.00720	0.00561	0.00484	0.00887
26	0.01516	0.02022	0.16077	0.08412	0.10746	0.06587	0.27729	0.01996	0.01483	0.02000	0.01513	0.05149	0.03298	0.00760	0.00856	0.00225	0.07690	0.00725	0.00343	0.00875
27	0.01347	0.01223	0.01977	0.53495	0.12678	0.01439	0.01746	0.05018	0.01477	0.01925	0.01623	0.02411	0.03794	0.00803	0.00696	0.00227	0.00831	0.06144	0.00359	0.00788
28	0.06413	0.07337	0.22820	0.01686	0.02289	0.01642	0.10960	0.11319	0.07730	0.07057	0.01799	0.02143	0.03983	0.00822	0.00759	0.00220	0.05308	0.04322	0.00454	0.00938
29	0.07985	0.06611	0.22962	0.02079	0.10347	0.11442	0.13455	0.05025	0.03718	0.08142	0.01362	0.01553	0.01012	0.00654	0.00640	0.00203	0.00912	0.00559	0.00391	0.00948
30	0.03859	0.00817	0.00985	0.01034	0.03731	0.00778	0.00731	0.06009	0.01591	0.06104	0.10888	0.28543	0.23520	0.03779	0.00864	0.00252	0.00441	0.04790	0.00625	0.00660
31	0.01394	0.01349	0.02108	0.53658	0.16682	0.04669	0.01834	0.01805	0.01396	0.01805	0.01268	0.01926	0.01025	0.00716	0.00728	0.00222	0.03417	0.02879	0.00317	0.00800
32	0.01740	0.04220	0.06497	0.09494	0.17441	0.11052	0.08146	0.05100	0.10717	0.04470	0.01471	0.01828	0.01192	0.04175	0.00963	0.00235	0.09328	0.00621	0.00403	0.00907
33	0.03768	0.09391	0.08174	0.12645	0.24121	0.12581	0.03994	0.07560	0.05236	0.04357	0.01322	0.01583	0.01037	0.00662	0.00631	0.00197	0.00860	0.00553	0.00383	0.00944
34	0.05239	0.03742	0.01352	0.03403	0.01466	0.01025	0.05746	0.04001	0.03153	0.02002	0.05989	0.27573	0.16234	0.01594	0.04055	0.00271	0.06126	0.01210	0.00528	0.05290
35	0.06343	0.07049	0.17939	0.06986	0.03986	0.01474	0.07474	0.12256	0.01715	0.06289	0.05771	0.08315	0.01615	0.00822	0.00648	0.00201	0.00738	0.00698	0.00457	0.09225
36	0.01589	0.03704	0.10025	0.08066	0.04127	0.09957	0.06393	0.06620	0.11255	0.02233	0.07941	0.06221	0.01779	0.00886	0.00840	0.00211	0.09034	0.00709	0.00451	0.07960
37	0.08812	0.08056	0.08001	0.04511	0.09664	0.03643	0.04155	0.09714	0.13331	0.11039	0.03441	0.04187	0.01461	0.00768	0.00627	0.00199	0.00688	0.00631	0.00510	0.06562
38	0.04227	0.04871	0.04557	0.10196	0.19030	0.05401	0.03531	0.06926	0.12280	0.13043	0.03546	0.02075	0.01463	0.00783	0.00712	0.00212	0.03116	0.02565	0.00497	0.00969

[dist]
# distance from previous block
# <min> <max>
0	23

[block]
# block no. 4 follows, 32 sequences, length 23
# corresponding to MSA columns:
# 208-230
name=unknown_E
#
# <colnr> <probs for GDERKNQSTAVLIFYWHMCP>
#	G	D	E	R	K	N	Q	S	T	A	V	L	I	F	Y	W	H	M	C	P
0	0.02093	0.15434	0.04458	0.03992	0.03943	0.12778	0.08114	0.11575	0.03012	0.15694	0.01578	0.01817	0.01224	0.05762	0.02575	0.00239	0.00837	0.00584	0.00480	0.03810
1	0.06906	0.17174	0.09273	0.05687	0.04246	0.01961	0.06922	0.23518	0.07361	0.02720	0.01402	0.01615	0.01097	0.02766	0.00762	0.00213	0.04405	0.00564	0.00457	0.00954
2	0.01954	0.28632	0.07050	0.01492	0.05423	0.07035	0.01275	0.24550	0.02001	0.02557	0.01506	0.05091	0.02886	0.00892	0.02699	0.00206	0.00781	0.00578	0.00450	0.02944
3	0.01888	0.32841	0.23464	0.01498	0.02177	0.04762	0.01578	0.19987	0.01871	0.02440	0.01195	0.01322	0.00932	0.00658	0.00561	0.00180	0.00821	0.00466	0.00389	0.00970
4	0.04453	0.23910	0.11007	0.01464	0.02053	0.05779	0.01369	0.36651	0.02302	0.03038	0.01316	0.01397	0.00999	0.00707	0.00586	0.00185	0.00780	0.00504	0.00489	0.01011
5	0.01857	0.48321	0.16272	0.01376	0.02015	0.04789	0.01424	0.13110	0.01683	0.02115	0.01098	0.01232	0.00905	0.00628	0.00515	0.00167	0.00789	0.00427	0.00351	0.00928
6	0.07038	0.37107	0.19846	0.01471	0.03855	0.02171	0.01492	0.15707	0.01726	0.02353	0.01143	0.01282	0.00911	0.00640	0.00534	0.00177	0.00777	0.00448	0.00373	0.00945
7	0.04230	0.50874	0.16399	0.04906	0.02103	0.04529	0.01433	0.05407	0.01471	0.01867	0.01034	0.01207	0.00870	0.00607	0.00498	0.00166	0.00788	0.00411	0.00312	0.00887
8	0.01732	0.38527	0.10528	0.01280	0.01773	0.05228	0.01241	0.03758	0.03674	0.07177	0.05548	0.02109	0.01560	0.04205	0.00770	0.00207	0.04345	0.05081	0.00407	0.00850
9	0.19661	0.19904	0.29439	0.05885	0.02275	0.01800	0.01608	0.05390	0.01444	0.05352	0.01161	0.01333	0.00877	0.00638	0.00544	0.00195	0.00784	0.00453	0.00358	0.00900
10	0.03791	0.01381	0.05181	0.13694	0.08137	0.01242	0.05048	0.07501	0.03165	0.10370	0.01906	0.02155	0.06430	0.00740	0.00631	0.00181	0.00667	0.02092	0.00467	0.25221
11	0.01368	0.01168	0.01733	0.22356	0.09947	0.01207	0.03291	0.04034	0.01505	0.03605	0.07375	0.06564	0.01927	0.00919	0.00757	0.00206	0.04297	0.08199	0.00439	0.19105
12	0.01396	0.01261	0.03501	0.01310	0.07648	0.08557	0.00938	0.01790	0.06077	0.06579	0.27541	0.03606	0.14056	0.01077	0.00702	0.00194	0.00532	0.00912	0.00584	0.11738
13	0.01442	0.02200	0.25023	0.02331	0.04858	0.01526	0.38516	0.02032	0.01535	0.02154	0.04719	0.02016	0.04299	0.00672	0.00730	0.00216	0.00986	0.00727	0.00354	0.03663
14	0.01555	0.01453	0.02306	0.11635	0.48015	0.01516	0.01768	0.02178	0.12162	0.02241	0.04847	0.02115	0.03790	0.00726	0.00678	0.00208	0.00731	0.00677	0.00410	0.00990
15	0.01909	0.01475	0.01827	0.01509	0.01892	0.01655	0.05330	0.15948	0.27604	0.10476	0.02082	0.02290	0.01613	0.00929	0.00935	0.00228	0.12701	0.03995	0.00595	0.05007
16	0.06774	0.01468	0.01807	0.01680	0.09485	0.01561	0.04735	0.16254	0.26869	0.10900	0.05884	0.02168	0.01764	0.00815	0.00664	0.00208	0.00623	0.00685	0.00614	0.05040
17	0.01648	0.01575	0.02660	0.03969	0.68845	0.01561	0.01999	0.02042	0.01521	0.02192	0.01259	0.01648	0.01060	0.00593	0.00656	0.00194	0.00783	0.00588	0.00335	0.04874
18	0.01661	0.01594	0.02724	0.04119	0.72233	0.01594	0.02059	0.02059	0.01528	0.02192	0.01262	0.01661	0.01063	0.00598	0.00664	0.00199	0.00797	0.00598	0.00332	0.01063
19	0.01999	0.01659	0.02068	0.02023	0.14781	0.01842	0.04261	0.29290	0.24435	0.03155	0.01852	0.01906	0.01397	0.00814	0.00772	0.00216	0.05228	0.00659	0.00576	0.01067
20	0.01070	0.00760	0.00886	0.00861	0.00962	0.00758	0.00582	0.05332	0.03548	0.01913	0.17233	0.09875	0.07557	0.40100	0.02145	0.00448	0.00542	0.04339	0.00540	0.00549
21	0.60992	0.05296	0.01408	0.01107	0.01545	0.07952	0.05015	0.02120	0.01291	0.06642	0.01064	0.01210	0.00815	0.00635	0.00470	0.00202	0.00630	0.00413	0.00421	0.00772
22	0.00842	0.00586	0.00770	0.00917	0.00963	0.00549	0.00614	0.00969	0.01291	0.01757	0.03614	0.71892	0.04287	0.02029	0.00835	0.00266	0.00385	0.01836	0.05048	0.00549

[dist]
# distance from previous block
# <min> <max>
0	1

[block]
# block no. 5 follows, 32 sequences, length 8
# corresponding to MSA columns:
# 232-239
name=unknown_F
#
# <colnr> <probs for GDERKNQSTAVLIFYWHMCP>
#	G	D	E	R	K	N	Q	S	T	A	V	L	I	F	Y	W	H	M	C	P
0	0.00847	0.00605	0.00810	0.00935	0.00980	0.00588	0.00630	0.00968	0.01235	0.01661	0.03347	0.61574	0.03953	0.08518	0.09569	0.00397	0.00575	0.01693	0.00574	0.00540
1	0.00976	0.00651	0.00732	0.00732	0.00732	0.00651	0.00407	0.00976	0.00976	0.01301	0.02114	0.04391	0.02439	0.76419	0.03415	0.00651	0.00651	0.00976	0.00407	0.00407
2	0.01990	0.12608	0.02355	0.01637	0.02098	0.11702	0.14793	0.17642	0.05130	0.09170	0.01841	0.12611	0.01616	0.00907	0.00679	0.00206	0.00802	0.00789	0.00513	0.00911
3	0.35064	0.05641	0.01543	0.01390	0.08855	0.04468	0.01007	0.14160	0.01698	0.08914	0.01926	0.01976	0.09239	0.00797	0.00562	0.00203	0.00610	0.00583	0.00503	0.00863
4	0.04413	0.01632	0.02435	0.11818	0.49972	0.06223	0.01851	0.04359	0.01549	0.02177	0.01223	0.01609	0.01012	0.00639	0.00707	0.00201	0.03700	0.00572	0.00344	0.03562
5	0.08099	0.01517	0.02483	0.13637	0.50115	0.01581	0.05197	0.02081	0.04829	0.02219	0.01301	0.01680	0.01057	0.00624	0.00652	0.00206	0.00792	0.00596	0.00351	0.00983
6	0.04834	0.01512	0.02421	0.18936	0.46798	0.01623	0.01882	0.06972	0.01572	0.02249	0.01244	0.01654	0.01011	0.00653	0.00718	0.00209	0.03798	0.00588	0.00352	0.00973
7	0.09041	0.01597	0.02267	0.11985	0.33883	0.04784	0.04262	0.12715	0.01779	0.09233	0.01404	0.01663	0.01070	0.00667	0.00647	0.00204	0.00785	0.00585	0.00436	0.00993

[dist]
# distance from previous block
# <min> <max>
0	18

# created by:
# /home/berkeley/.conda/envs/busco_data_prod/bin/msa2prfl.pl pipeline/OGs_align_augustus/4893/40072.fs
