[name]
unknown

[dist]
# distance from previous block
# <min> <max>
0	27

[block]
# block no. 0 follows, 34 sequences, length 114
# corresponding to MSA columns:
# 29-142
name=unknown_A
#
# <colnr> <probs for GDERKNQSTAVLIFYWHMCP>
#	G	D	E	R	K	N	Q	S	T	A	V	L	I	F	Y	W	H	M	C	P
0	0.01593	0.15544	0.17637	0.01421	0.01935	0.01487	0.07641	0.07343	0.05198	0.10299	0.13487	0.05244	0.02121	0.00873	0.00685	0.00201	0.02807	0.03140	0.00484	0.00861
1	0.03954	0.26353	0.09648	0.01460	0.05654	0.11042	0.05146	0.03565	0.05455	0.04500	0.08403	0.04757	0.03602	0.00767	0.00576	0.00178	0.00719	0.00609	0.00407	0.03204
2	0.01724	0.08075	0.13633	0.01797	0.12184	0.05116	0.07088	0.06040	0.07185	0.13143	0.03940	0.08038	0.03258	0.00813	0.00640	0.00195	0.00709	0.00701	0.00473	0.05248
3	0.02064	0.04330	0.09011	0.01719	0.11506	0.09902	0.01315	0.21235	0.05763	0.15285	0.05644	0.01944	0.03475	0.00768	0.00633	0.00190	0.00715	0.00612	0.00539	0.03349
4	0.01583	0.01560	0.06472	0.04775	0.26318	0.09483	0.05428	0.03903	0.01576	0.07231	0.09287	0.11392	0.01975	0.00868	0.00667	0.00197	0.00713	0.00779	0.00442	0.05350
5	0.04418	0.01233	0.05717	0.01118	0.01514	0.01121	0.00943	0.10112	0.15136	0.20307	0.14526	0.04798	0.11916	0.01012	0.00673	0.00205	0.00507	0.00839	0.00651	0.03253
6	0.01534	0.01480	0.02557	0.15648	0.59298	0.01523	0.04632	0.01932	0.01444	0.02034	0.01208	0.01625	0.00995	0.00586	0.00645	0.00197	0.00795	0.00583	0.00315	0.00968
7	0.81856	0.01250	0.00950	0.00850	0.01250	0.01449	0.00700	0.01899	0.01100	0.02899	0.00900	0.01050	0.00700	0.00600	0.00400	0.00200	0.00500	0.00350	0.00400	0.00700
8	0.01973	0.01233	0.01570	0.03623	0.10364	0.01266	0.01091	0.09111	0.22130	0.25319	0.06425	0.06702	0.04437	0.00917	0.00671	0.00209	0.00558	0.00778	0.00648	0.00978
9	0.01690	0.01764	0.01482	0.03608	0.01735	0.25473	0.00969	0.05132	0.04805	0.01983	0.01560	0.08324	0.03360	0.00751	0.00574	0.00152	0.00717	0.00585	0.00414	0.34922
10	0.00914	0.00660	0.00864	0.00813	0.00965	0.00610	0.00610	0.01219	0.01829	0.02591	0.72921	0.04827	0.06097	0.01321	0.00762	0.00203	0.00305	0.01169	0.00711	0.00610
11	0.02456	0.01810	0.01939	0.01487	0.02004	0.02004	0.01228	0.71107	0.03038	0.04072	0.01551	0.01551	0.01099	0.00776	0.00646	0.00194	0.00711	0.00582	0.00646	0.01099
12	0.73821	0.01328	0.01069	0.02934	0.03939	0.04285	0.00795	0.01922	0.01146	0.02787	0.00921	0.01091	0.00721	0.00603	0.00422	0.00199	0.00545	0.00366	0.00391	0.00714
13	0.01269	0.01198	0.02026	0.66534	0.13276	0.01448	0.01819	0.01693	0.01315	0.01710	0.01157	0.01707	0.00882	0.00637	0.00645	0.00212	0.00849	0.00574	0.00291	0.00757
14	0.05789	0.01209	0.01318	0.01129	0.01481	0.01293	0.00892	0.15590	0.26502	0.06728	0.18134	0.03002	0.09090	0.00991	0.00667	0.00204	0.00488	0.00819	0.00646	0.04028
15	0.01122	0.00561	0.00842	0.00842	0.00842	0.00561	0.00561	0.00842	0.00842	0.01122	0.01122	0.01964	0.01122	0.02245	0.02525	0.81201	0.00561	0.00561	0.00281	0.00281
16	0.01599	0.01535	0.02623	0.03966	0.73262	0.01535	0.01983	0.01983	0.01471	0.02111	0.01215	0.01599	0.01023	0.00576	0.00640	0.00192	0.00768	0.00576	0.00320	0.01023
17	0.01467	0.01107	0.03581	0.01097	0.01383	0.04695	0.03349	0.08097	0.01873	0.12771	0.42623	0.03653	0.06439	0.01115	0.00774	0.00204	0.03419	0.00948	0.00650	0.00754
18	0.01670	0.18828	0.37461	0.01544	0.02260	0.03793	0.03423	0.05624	0.04277	0.10420	0.03886	0.01567	0.01162	0.00665	0.00586	0.00189	0.00808	0.00514	0.00387	0.00934
19	0.01587	0.01523	0.02601	0.06259	0.71063	0.01532	0.01977	0.01972	0.01466	0.02096	0.01213	0.01603	0.01018	0.00578	0.00640	0.00193	0.00771	0.00576	0.00319	0.01014
20	0.20866	0.15019	0.13788	0.01462	0.02026	0.03604	0.12184	0.02307	0.09159	0.11661	0.01416	0.01511	0.01048	0.00644	0.00560	0.00194	0.00725	0.00518	0.00425	0.00880
21	0.01547	0.01356	0.02235	0.01603	0.02199	0.01144	0.25754	0.01922	0.01452	0.08558	0.01331	0.01561	0.01023	0.00531	0.00595	0.00149	0.00702	0.00542	0.00401	0.45396
22	0.00881	0.00606	0.00743	0.00815	0.00839	0.00590	0.00516	0.00945	0.01096	0.01459	0.02759	0.35101	0.03240	0.41218	0.02112	0.00454	0.00518	0.05158	0.00491	0.00459
23	0.01267	0.01224	0.01934	0.72841	0.04354	0.04302	0.01773	0.01687	0.01313	0.01648	0.01143	0.01701	0.00860	0.00647	0.00644	0.00213	0.00873	0.00568	0.00289	0.00719
24	0.01749	0.00906	0.01173	0.00971	0.01311	0.00800	0.00768	0.02080	0.04268	0.30200	0.33584	0.03416	0.05960	0.01029	0.00686	0.00192	0.00426	0.00879	0.00707	0.08896
25	0.14283	0.01614	0.02028	0.05464	0.36035	0.08710	0.01497	0.07270	0.10201	0.04759	0.01384	0.01591	0.01089	0.00650	0.00600	0.00195	0.00726	0.00547	0.00413	0.00942
26	0.05561	0.01824	0.01897	0.01467	0.01974	0.04054	0.01208	0.66446	0.02928	0.03955	0.01510	0.01521	0.01076	0.00766	0.00635	0.00193	0.00716	0.00568	0.00628	0.01073
27	0.01438	0.03991	0.02071	0.55246	0.12225	0.01558	0.01721	0.10413	0.01533	0.02005	0.01198	0.01662	0.00909	0.00651	0.00637	0.00207	0.00825	0.00567	0.00336	0.00806
28	0.01167	0.00896	0.01467	0.01199	0.01470	0.00828	0.13985	0.01513	0.01773	0.07378	0.54486	0.04060	0.04816	0.01138	0.00754	0.00206	0.00471	0.01056	0.00644	0.00693
29	0.00896	0.00663	0.00837	0.00802	0.00964	0.00604	0.00607	0.01178	0.01761	0.02436	0.60136	0.05130	0.16414	0.01386	0.00767	0.00209	0.00319	0.03601	0.00690	0.00599
30	0.01568	0.01503	0.02566	0.09922	0.67551	0.01527	0.01967	0.01955	0.01456	0.02073	0.01210	0.01609	0.01010	0.00582	0.00640	0.00194	0.00775	0.00576	0.00317	0.00998
31	0.02414	0.03079	0.01831	0.01665	0.01998	0.74698	0.01248	0.02580	0.01831	0.01581	0.00999	0.01165	0.00832	0.00666	0.00583	0.00166	0.01165	0.00416	0.00333	0.00749
32	0.01639	0.01611	0.02584	0.03853	0.69772	0.05118	0.01947	0.02012	0.01489	0.02085	0.01205	0.01578	0.01014	0.00580	0.00637	0.00191	0.00787	0.00568	0.00320	0.01010
33	0.01628	0.01567	0.05240	0.05649	0.60978	0.01513	0.01889	0.02119	0.06202	0.04936	0.01358	0.01671	0.01097	0.00608	0.00640	0.00195	0.00752	0.00585	0.00358	0.01015
34	0.00798	0.00567	0.00747	0.00886	0.00921	0.00532	0.00585	0.00903	0.01216	0.01621	0.03454	0.71741	0.04138	0.07340	0.00999	0.00288	0.00393	0.01773	0.00585	0.00515
35	0.01758	0.01455	0.01627	0.01556	0.07666	0.01644	0.01130	0.13057	0.54713	0.04440	0.02355	0.02215	0.01759	0.00835	0.00654	0.00213	0.00562	0.00694	0.00631	0.01035
36	0.02456	0.01810	0.01939	0.01487	0.02004	0.02004	0.01228	0.71107	0.03038	0.04072	0.01551	0.01551	0.01099	0.00776	0.00646	0.00194	0.00711	0.00582	0.00646	0.01099
37	0.01122	0.00561	0.00842	0.00842	0.00842	0.00561	0.00561	0.00842	0.00842	0.01122	0.01122	0.01964	0.01122	0.02245	0.02525	0.81201	0.00561	0.00561	0.00281	0.00281
38	0.01358	0.11874	0.62179	0.01801	0.02694	0.01630	0.05746	0.02035	0.01366	0.01986	0.01137	0.01346	0.00828	0.00603	0.00598	0.00198	0.00931	0.00477	0.00276	0.00936
39	0.00995	0.00659	0.00888	0.01028	0.03801	0.00610	0.00690	0.01146	0.01339	0.07339	0.05611	0.57877	0.09280	0.01813	0.00800	0.00251	0.00407	0.04264	0.00608	0.00596
40	0.01562	0.01498	0.02556	0.10929	0.66586	0.01526	0.01965	0.01951	0.01454	0.02066	0.01209	0.01611	0.01008	0.00583	0.00640	0.00194	0.00777	0.00576	0.00317	0.00994
41	0.01461	0.01902	0.17672	0.07429	0.32441	0.01529	0.18482	0.01944	0.01424	0.02023	0.01285	0.04087	0.01062	0.00650	0.00727	0.00208	0.03790	0.00641	0.00318	0.00925
42	0.01507	0.01880	0.10133	0.02692	0.06042	0.01618	0.62013	0.02064	0.01508	0.02069	0.01290	0.01703	0.00967	0.00552	0.00744	0.00216	0.01065	0.00729	0.00322	0.00885
43	0.01563	0.01510	0.02623	0.03771	0.66187	0.01502	0.06149	0.01946	0.01465	0.02091	0.01312	0.04519	0.01147	0.00630	0.00654	0.00196	0.00772	0.00636	0.00331	0.00995
44	0.01204	0.01103	0.01833	0.63297	0.06215	0.01341	0.01686	0.01616	0.01334	0.01723	0.03458	0.02405	0.01323	0.00785	0.00676	0.00223	0.00814	0.07920	0.00333	0.00711
45	0.00813	0.00603	0.00855	0.00963	0.01021	0.00563	0.03023	0.00940	0.01247	0.01664	0.03484	0.74281	0.04160	0.01973	0.00823	0.00261	0.00399	0.01800	0.00590	0.00537
46	0.01286	0.05299	0.64674	0.01796	0.02672	0.01477	0.04890	0.01974	0.01361	0.02007	0.01305	0.05991	0.01037	0.00696	0.00627	0.00207	0.00917	0.00568	0.00295	0.00922
47	0.01693	0.70065	0.07829	0.01215	0.01797	0.02455	0.03900	0.01947	0.01324	0.01575	0.00931	0.01085	0.00834	0.00556	0.00441	0.00145	0.00723	0.00370	0.00278	0.00839
48	0.01519	0.01518	0.02799	0.03407	0.49294	0.01486	0.20200	0.01925	0.01468	0.02066	0.01415	0.07252	0.01254	0.00675	0.00686	0.00204	0.00824	0.00719	0.00343	0.00946
49	0.01525	0.01743	0.03813	0.02723	0.03377	0.01634	0.70915	0.02070	0.01525	0.02070	0.01307	0.01743	0.00980	0.00545	0.00763	0.00218	0.01089	0.00763	0.00327	0.00871
50	0.00939	0.00629	0.00717	0.00717	0.00721	0.00633	0.00406	0.00947	0.00943	0.01262	0.02025	0.04168	0.02323	0.74699	0.05846	0.00641	0.00666	0.00931	0.00390	0.00398
51	0.01599	0.01535	0.02623	0.03966	0.73262	0.01535	0.01983	0.01983	0.01471	0.02111	0.01215	0.01599	0.01023	0.00576	0.00640	0.00192	0.00768	0.00576	0.00320	0.01023
52	0.01499	0.10976	0.44203	0.01722	0.02462	0.06243	0.08873	0.02050	0.01425	0.06401	0.01410	0.07308	0.01156	0.00725	0.00624	0.00200	0.00882	0.00605	0.00341	0.00895
53	0.01363	0.01294	0.02196	0.48706	0.30368	0.01473	0.01865	0.01776	0.01360	0.01824	0.01174	0.01676	0.00922	0.00620	0.00644	0.00207	0.00826	0.00575	0.00299	0.00833
54	0.00861	0.00633	0.00820	0.00923	0.01029	0.00592	0.00693	0.01048	0.01403	0.01841	0.11841	0.40538	0.15060	0.01825	0.00825	0.00257	0.00414	0.18232	0.00611	0.00555
55	0.01548	0.01512	0.02488	0.15265	0.55044	0.04022	0.04581	0.01936	0.01457	0.02012	0.01263	0.01769	0.01065	0.00623	0.00651	0.00199	0.00804	0.02492	0.00323	0.00947
56	0.04219	0.03982	0.21230	0.01495	0.02114	0.01219	0.09193	0.02559	0.01637	0.38458	0.03988	0.02075	0.01462	0.00751	0.00649	0.00204	0.00716	0.02490	0.00571	0.00989
57	0.00787	0.00562	0.00750	0.00900	0.00937	0.00525	0.00600	0.00900	0.01237	0.01649	0.03561	0.76871	0.04274	0.02024	0.00825	0.00262	0.00375	0.01837	0.00600	0.00525
58	0.01590	0.01526	0.02606	0.05732	0.71568	0.01533	0.01978	0.01975	0.01467	0.02100	0.01214	0.01602	0.01019	0.00577	0.00640	0.00192	0.00770	0.00576	0.00319	0.01016
59	0.04031	0.49157	0.14048	0.01359	0.01961	0.04682	0.06053	0.03948	0.03321	0.04574	0.01098	0.01236	0.00902	0.00591	0.00496	0.00163	0.00760	0.00425	0.00325	0.00868
60	0.01317	0.06983	0.70489	0.01806	0.02741	0.01552	0.02325	0.02041	0.01362	0.02020	0.01147	0.01348	0.00819	0.00611	0.00604	0.00201	0.00942	0.00471	0.00273	0.00949
61	0.01599	0.01535	0.02623	0.03966	0.73262	0.01535	0.01983	0.01983	0.01471	0.02111	0.01215	0.01599	0.01023	0.00576	0.00640	0.00192	0.00768	0.00576	0.00320	0.01023
62	0.01479	0.06893	0.50622	0.01820	0.06506	0.03642	0.04012	0.03679	0.01456	0.06869	0.01487	0.04264	0.03031	0.00703	0.00623	0.00201	0.00869	0.00570	0.00344	0.00930
63	0.01622	0.09783	0.43008	0.01835	0.02626	0.01544	0.15063	0.02206	0.01463	0.12778	0.01372	0.01530	0.00968	0.00623	0.00629	0.00200	0.00894	0.00545	0.00363	0.00949
64	0.01728	0.02176	0.35013	0.01650	0.04616	0.01293	0.06479	0.02366	0.07474	0.20861	0.06247	0.02061	0.03589	0.00752	0.00652	0.00205	0.00756	0.00636	0.00485	0.00962
65	0.01327	0.01267	0.02091	0.50454	0.18863	0.01529	0.01784	0.01709	0.01290	0.01737	0.01123	0.01655	0.00894	0.00696	0.00841	0.00219	0.10871	0.00573	0.00294	0.00782
66	0.01527	0.06112	0.07325	0.07266	0.23298	0.01640	0.39182	0.02011	0.01474	0.02024	0.01240	0.01638	0.00968	0.00564	0.00692	0.00205	0.00953	0.00658	0.00316	0.00908
67	0.04795	0.07881	0.06556	0.05762	0.15398	0.10536	0.10821	0.04372	0.05843	0.17501	0.01665	0.01777	0.02822	0.00685	0.00628	0.00194	0.00786	0.00593	0.00457	0.00929
68	0.01323	0.01224	0.02082	0.40083	0.26082	0.01363	0.04170	0.01697	0.01381	0.01867	0.07192	0.01956	0.01369	0.00755	0.00750	0.04173	0.00778	0.00631	0.00334	0.00791
69	0.00890	0.00739	0.00739	0.00724	0.00947	0.02688	0.00550	0.01070	0.01521	0.03817	0.11311	0.05884	0.61880	0.01565	0.00759	0.00217	0.00363	0.03157	0.00606	0.00573
70	0.01651	0.03996	0.12430	0.02433	0.11944	0.06572	0.35888	0.02275	0.08326	0.05867	0.01437	0.01704	0.01079	0.00612	0.00689	0.00206	0.00940	0.00657	0.00375	0.00919
71	0.02588	0.01270	0.01553	0.01239	0.01702	0.03078	0.01024	0.16699	0.04023	0.49112	0.02391	0.02520	0.01686	0.00885	0.00670	0.00207	0.00601	0.06974	0.00734	0.01041
72	0.00803	0.00577	0.00765	0.00910	0.00961	0.00540	0.00625	0.00929	0.01262	0.01671	0.03658	0.69825	0.06674	0.01995	0.00827	0.00263	0.00388	0.06196	0.00599	0.00530
73	0.01457	0.01390	0.02366	0.30872	0.47466	0.01498	0.01912	0.01858	0.01404	0.01938	0.01190	0.01645	0.00963	0.00602	0.00642	0.00201	0.00803	0.00575	0.00308	0.00909
74	0.01290	0.08163	0.64134	0.01727	0.02591	0.01504	0.02177	0.01960	0.01352	0.01983	0.01308	0.06555	0.01058	0.00707	0.00615	0.00204	0.00897	0.00562	0.00296	0.00917
75	0.01220	0.01148	0.01938	0.75739	0.04450	0.01436	0.01794	0.01651	0.01292	0.01651	0.01148	0.01723	0.00861	0.00646	0.00646	0.00215	0.00861	0.00574	0.00287	0.00718
76	0.01220	0.01148	0.01938	0.75739	0.04450	0.01436	0.01794	0.01651	0.01292	0.01651	0.01148	0.01723	0.00861	0.00646	0.00646	0.00215	0.00861	0.00574	0.00287	0.00718
77	0.01392	0.03172	0.67901	0.01828	0.02749	0.01474	0.04273	0.02108	0.01396	0.06035	0.01241	0.01422	0.00867	0.00622	0.00620	0.00205	0.00936	0.00495	0.00304	0.00961
78	0.01626	0.01587	0.02596	0.03889	0.70893	0.03967	0.01959	0.02003	0.01483	0.02093	0.01208	0.01585	0.01017	0.00579	0.00638	0.00191	0.00781	0.00570	0.00320	0.01014
79	0.01577	0.01526	0.02643	0.07424	0.66700	0.01535	0.05122	0.01971	0.01465	0.02087	0.01216	0.01612	0.01014	0.00578	0.00646	0.00194	0.00787	0.00584	0.00319	0.01002
80	0.01630	0.02875	0.58867	0.01698	0.02558	0.01386	0.02088	0.02276	0.01465	0.16961	0.01449	0.01538	0.00981	0.00653	0.00621	0.00204	0.00871	0.00513	0.00382	0.00985
81	0.01296	0.03342	0.73944	0.01842	0.02797	0.01501	0.02387	0.02046	0.01364	0.02046	0.01160	0.01364	0.00818	0.00614	0.00614	0.00205	0.00955	0.00477	0.00273	0.00955
82	0.01778	0.02022	0.10649	0.02910	0.35628	0.13483	0.13422	0.05578	0.01619	0.04892	0.01258	0.01547	0.00988	0.00608	0.00649	0.00194	0.00896	0.00573	0.00353	0.00952
83	0.01325	0.08346	0.69195	0.01792	0.02720	0.01572	0.02301	0.02039	0.01361	0.02011	0.01142	0.01342	0.00819	0.00610	0.00600	0.00200	0.00937	0.00469	0.00273	0.00946
84	0.01220	0.01148	0.01938	0.75739	0.04450	0.01436	0.01794	0.01651	0.01292	0.01651	0.01148	0.01723	0.00861	0.00646	0.00646	0.00215	0.00861	0.00574	0.00287	0.00718
85	0.00923	0.00692	0.01038	0.01038	0.01154	0.00808	0.00808	0.01154	0.01038	0.01500	0.01731	0.02538	0.01615	0.04846	0.74732	0.01038	0.01731	0.00692	0.00346	0.00577
86	0.01365	0.07425	0.64051	0.01840	0.02743	0.01582	0.06131	0.03916	0.01416	0.02073	0.01164	0.01372	0.00836	0.00611	0.00612	0.00201	0.00941	0.00489	0.00286	0.00947
87	0.01196	0.01096	0.01806	0.52438	0.12340	0.01284	0.01606	0.01570	0.01324	0.01725	0.01715	0.10347	0.03848	0.00877	0.00681	0.00222	0.00765	0.04086	0.00351	0.00723
88	0.00839	0.00599	0.00809	0.00958	0.01019	0.00569	0.00689	0.00989	0.01288	0.01707	0.03533	0.62773	0.04161	0.01976	0.00838	0.00270	0.00419	0.15426	0.00599	0.00539
89	0.02865	0.01154	0.01533	0.01176	0.01677	0.01031	0.00971	0.08381	0.01941	0.68348	0.02472	0.02149	0.01561	0.00798	0.00650	0.00199	0.00562	0.00645	0.00788	0.01100
90	0.02425	0.01217	0.05955	0.01169	0.01642	0.01011	0.01006	0.02876	0.09102	0.53266	0.10972	0.02486	0.02133	0.00859	0.00662	0.00203	0.00542	0.00710	0.00741	0.01023
91	0.01548	0.01483	0.02529	0.13735	0.63896	0.01522	0.01957	0.01938	0.01447	0.02048	0.01206	0.01616	0.01001	0.00585	0.00641	0.00195	0.00780	0.00576	0.00315	0.00982
92	0.01029	0.00735	0.01027	0.01176	0.01319	0.00733	0.01020	0.01317	0.01475	0.01920	0.03428	0.10696	0.03746	0.01797	0.00889	0.00296	0.00584	0.65628	0.00595	0.00592
93	0.01414	0.01414	0.01979	0.01696	0.01696	0.01979	0.01414	0.01555	0.00990	0.01555	0.00848	0.01414	0.00848	0.01131	0.02120	0.00283	0.76110	0.00565	0.00283	0.00707
94	0.02899	0.01100	0.01499	0.01150	0.01649	0.00950	0.00950	0.03149	0.01849	0.73709	0.02549	0.02199	0.01599	0.00800	0.00650	0.00200	0.00550	0.00650	0.00800	0.01100
95	0.01599	0.01535	0.02623	0.03966	0.73262	0.01535	0.01983	0.01983	0.01471	0.02111	0.01215	0.01599	0.01023	0.00576	0.00640	0.00192	0.00768	0.00576	0.00320	0.01023
96	0.01588	0.01524	0.02602	0.06089	0.71227	0.01532	0.01977	0.01973	0.01466	0.02097	0.01213	0.01603	0.01019	0.00578	0.00640	0.00193	0.00770	0.00576	0.00319	0.01014
97	0.00914	0.00660	0.00864	0.00813	0.00965	0.00610	0.00610	0.01219	0.01829	0.02591	0.72921	0.04827	0.06097	0.01321	0.00762	0.00203	0.00305	0.01169	0.00711	0.00610
98	0.01450	0.29861	0.48774	0.01579	0.02391	0.01877	0.01930	0.02006	0.01346	0.01859	0.01066	0.01247	0.00822	0.00592	0.00543	0.00181	0.00861	0.00430	0.00274	0.00910
99	0.01220	0.01148	0.01938	0.75739	0.04450	0.01436	0.01794	0.01651	0.01292	0.01651	0.01148	0.01723	0.00861	0.00646	0.00646	0.00215	0.00861	0.00574	0.00287	0.00718
100	0.00922	0.00662	0.00903	0.01048	0.01150	0.00642	0.00833	0.01135	0.01377	0.01804	0.03567	0.37741	0.05828	0.01886	0.00859	0.00280	0.00491	0.37709	0.00597	0.00563
101	0.01220	0.01148	0.01938	0.75739	0.04450	0.01436	0.01794	0.01651	0.01292	0.01651	0.01148	0.01723	0.00861	0.00646	0.00646	0.00215	0.00861	0.00574	0.00287	0.00718
102	0.01244	0.01173	0.01981	0.71253	0.08752	0.01442	0.01806	0.01672	0.01303	0.01680	0.01153	0.01715	0.00871	0.00642	0.00646	0.00214	0.00855	0.00574	0.00289	0.00737
103	0.01220	0.01148	0.01938	0.75739	0.04450	0.01436	0.01794	0.01651	0.01292	0.01651	0.01148	0.01723	0.00861	0.00646	0.00646	0.00215	0.00861	0.00574	0.00287	0.00718
104	0.01296	0.03342	0.73944	0.01842	0.02797	0.01501	0.02387	0.02046	0.01364	0.02046	0.01160	0.01364	0.00818	0.00614	0.00614	0.00205	0.00955	0.00477	0.00273	0.00955
105	0.01599	0.01535	0.02623	0.03966	0.73262	0.01535	0.01983	0.01983	0.01471	0.02111	0.01215	0.01599	0.01023	0.00576	0.00640	0.00192	0.00768	0.00576	0.00320	0.01023
106	0.01220	0.01148	0.01938	0.75739	0.04450	0.01436	0.01794	0.01651	0.01292	0.01651	0.01148	0.01723	0.00861	0.00646	0.00646	0.00215	0.00861	0.00574	0.00287	0.00718
107	0.02414	0.03079	0.01831	0.01665	0.01998	0.74698	0.01248	0.02580	0.01831	0.01581	0.00999	0.01165	0.00832	0.00666	0.00583	0.00166	0.01165	0.00416	0.00333	0.00749
108	0.01599	0.01535	0.02623	0.03966	0.73262	0.01535	0.01983	0.01983	0.01471	0.02111	0.01215	0.01599	0.01023	0.00576	0.00640	0.00192	0.00768	0.00576	0.00320	0.01023
109	0.02794	0.01080	0.01474	0.01152	0.01632	0.00938	0.00955	0.03047	0.01829	0.69656	0.02598	0.02487	0.01719	0.00855	0.00663	0.00205	0.00552	0.04505	0.00788	0.01071
110	0.00787	0.00562	0.00750	0.00900	0.00937	0.00525	0.00600	0.00900	0.01237	0.01649	0.03561	0.76871	0.04274	0.02024	0.00825	0.00262	0.00375	0.01837	0.00600	0.00525
111	0.01586	0.01522	0.02599	0.06407	0.70921	0.01532	0.01977	0.01972	0.01465	0.02095	0.01213	0.01603	0.01018	0.00578	0.00640	0.00193	0.00771	0.00576	0.00319	0.01013
112	0.01296	0.03342	0.73944	0.01842	0.02797	0.01501	0.02387	0.02046	0.01364	0.02046	0.01160	0.01364	0.00818	0.00614	0.00614	0.00205	0.00955	0.00477	0.00273	0.00955
113	0.01220	0.01148	0.01938	0.75739	0.04450	0.01436	0.01794	0.01651	0.01292	0.01651	0.01148	0.01723	0.00861	0.00646	0.00646	0.00215	0.00861	0.00574	0.00287	0.00718

[dist]
# distance from previous block
# <min> <max>
0	0

# created by:
# /home/berkeley/.conda/envs/busco_data_prod/bin/msa2prfl.pl pipeline/OGs_align_augustus/4893/40084.fs
