[name]
unknown

[dist]
# distance from previous block
# <min> <max>
8	82

[block]
# block no. 0 follows, 34 sequences, length 6
# corresponding to MSA columns:
# 84-89
name=unknown_A
#
# <colnr> <probs for GDERKNQSTAVLIFYWHMCP>
#	G	D	E	R	K	N	Q	S	T	A	V	L	I	F	Y	W	H	M	C	P
0	0.01261	0.01059	0.03949	0.10618	0.01909	0.00995	0.10037	0.07066	0.01568	0.06826	0.08640	0.19193	0.14060	0.03580	0.00826	0.00241	0.00599	0.06333	0.00533	0.00705
1	0.01274	0.00966	0.01030	0.01015	0.01166	0.05629	0.00715	0.07037	0.09654	0.05934	0.02731	0.36981	0.02952	0.18292	0.01311	0.00323	0.00534	0.01250	0.00558	0.00646
2	0.01584	0.01444	0.02314	0.27017	0.41898	0.01562	0.01827	0.10571	0.01610	0.02208	0.01236	0.01633	0.00980	0.00624	0.00643	0.00200	0.00791	0.00576	0.00350	0.00933
3	0.01220	0.01148	0.01938	0.75739	0.04450	0.01436	0.01794	0.01651	0.01292	0.01651	0.01148	0.01723	0.00861	0.00646	0.00646	0.00215	0.00861	0.00574	0.00287	0.00718
4	0.14292	0.01265	0.01304	0.01108	0.01444	0.01398	0.00862	0.22061	0.18678	0.05973	0.01891	0.02251	0.01537	0.13814	0.01041	0.00270	0.00567	0.00647	0.08748	0.00847
5	0.00842	0.00628	0.00776	0.00854	0.00956	0.00593	0.00614	0.00986	0.01279	0.01648	0.04027	0.33831	0.22684	0.11585	0.07090	0.00363	0.00530	0.09635	0.00553	0.00526

[dist]
# distance from previous block
# <min> <max>
2	9

[block]
# block no. 1 follows, 34 sequences, length 20
# corresponding to MSA columns:
# 99-118
name=unknown_B
#
# <colnr> <probs for GDERKNQSTAVLIFYWHMCP>
#	G	D	E	R	K	N	Q	S	T	A	V	L	I	F	Y	W	H	M	C	P
0	0.01732	0.01617	0.02570	0.06441	0.45349	0.04928	0.10590	0.08335	0.01622	0.05109	0.01282	0.01614	0.01024	0.00632	0.00722	0.00200	0.04296	0.00595	0.00367	0.00973
1	0.01661	0.00980	0.01192	0.00966	0.01364	0.00842	0.00765	0.03513	0.04876	0.23762	0.11106	0.06569	0.15854	0.00995	0.00646	0.00179	0.00453	0.00833	0.00617	0.22827
2	0.01522	0.04462	0.33577	0.02191	0.11681	0.01465	0.20033	0.02077	0.01469	0.08560	0.01637	0.01842	0.05150	0.00665	0.00662	0.00205	0.00885	0.00628	0.00360	0.00928
3	0.01112	0.00788	0.00990	0.00910	0.01077	0.00794	0.00696	0.01323	0.01538	0.08574	0.30812	0.08343	0.23241	0.06092	0.01086	0.00247	0.10019	0.01120	0.00608	0.00631
4	0.01750	0.01459	0.01541	0.01344	0.01735	0.01674	0.01057	0.14795	0.60501	0.02933	0.02449	0.02266	0.01826	0.00860	0.00656	0.00215	0.00545	0.00706	0.00656	0.01035
5	0.01474	0.06241	0.44220	0.02321	0.17137	0.03505	0.10145	0.02072	0.01427	0.03775	0.01205	0.01456	0.00899	0.00601	0.00627	0.00199	0.00916	0.00527	0.00303	0.00951
6	0.00787	0.00562	0.00750	0.00900	0.00937	0.00525	0.00600	0.00900	0.01237	0.01649	0.03561	0.76871	0.04274	0.02024	0.00825	0.00262	0.00375	0.01837	0.00600	0.00525
7	0.02361	0.01922	0.01876	0.01477	0.01966	0.11199	0.01200	0.56071	0.05995	0.03602	0.01512	0.01532	0.01099	0.00753	0.00631	0.00187	0.00749	0.00558	0.00595	0.04715
8	0.02418	0.02964	0.01841	0.01648	0.01998	0.68072	0.01247	0.08827	0.01941	0.01808	0.01049	0.01200	0.00857	0.00676	0.00588	0.00169	0.01124	0.00431	0.00361	0.00781
9	0.81856	0.01250	0.00950	0.00850	0.01250	0.01449	0.00700	0.01899	0.01100	0.02899	0.00900	0.01050	0.00700	0.00600	0.00400	0.00200	0.00500	0.00350	0.00400	0.00700
10	0.00825	0.00649	0.00748	0.00780	0.00935	0.00583	0.00563	0.01049	0.03611	0.01902	0.17861	0.27849	0.36974	0.01675	0.00779	0.00229	0.00344	0.01455	0.00622	0.00565
11	0.01429	0.01159	0.01404	0.08678	0.06162	0.01251	0.01017	0.14705	0.19774	0.02667	0.22348	0.03269	0.11365	0.01032	0.00695	0.00208	0.00519	0.00877	0.00606	0.00833
12	0.00895	0.00660	0.00837	0.00793	0.00954	0.00601	0.00595	0.01182	0.01784	0.02483	0.64461	0.05004	0.14624	0.01361	0.00762	0.00205	0.00308	0.01193	0.00697	0.00601
13	0.02354	0.00983	0.01347	0.01086	0.01485	0.00881	0.00881	0.02609	0.01743	0.53992	0.12847	0.02631	0.02266	0.01393	0.10109	0.00307	0.00664	0.00732	0.00729	0.00961
14	0.01731	0.01449	0.01531	0.01340	0.01727	0.01665	0.01053	0.13296	0.62030	0.02902	0.02473	0.02285	0.01845	0.00862	0.00656	0.00215	0.00540	0.00709	0.00656	0.01034
15	0.01534	0.02574	0.37708	0.12866	0.08551	0.10878	0.01950	0.05777	0.04838	0.02050	0.01218	0.01473	0.00914	0.00667	0.00690	0.00204	0.04370	0.00514	0.00325	0.00899
16	0.03084	0.01232	0.01438	0.01200	0.01485	0.04711	0.00963	0.06978	0.03367	0.03810	0.01366	0.01752	0.01168	0.02916	0.12507	0.00323	0.19179	0.00539	0.07727	0.24255
17	0.01982	0.07925	0.02019	0.01607	0.01971	0.47519	0.10005	0.02208	0.01695	0.01698	0.04849	0.01903	0.07696	0.00900	0.03098	0.00207	0.01024	0.00585	0.00370	0.00740
18	0.04673	0.08855	0.01626	0.01088	0.01606	0.01287	0.00895	0.15027	0.04527	0.05209	0.01419	0.04987	0.01184	0.00649	0.00531	0.00139	0.00544	0.00509	0.00461	0.44783
19	0.02030	0.04447	0.02279	0.01748	0.02191	0.17189	0.17077	0.18871	0.10913	0.07483	0.01524	0.01694	0.01160	0.02234	0.00809	0.00210	0.06142	0.00610	0.00476	0.00913

[dist]
# distance from previous block
# <min> <max>
0	3

[block]
# block no. 2 follows, 34 sequences, length 10
# corresponding to MSA columns:
# 122-131
name=unknown_C
#
# <colnr> <probs for GDERKNQSTAVLIFYWHMCP>
#	G	D	E	R	K	N	Q	S	T	A	V	L	I	F	Y	W	H	M	C	P
0	0.06984	0.06535	0.01717	0.01672	0.13916	0.03111	0.01131	0.07428	0.15283	0.14013	0.02080	0.15055	0.01833	0.00977	0.00734	0.00213	0.05081	0.00806	0.00539	0.00894
1	0.01688	0.01342	0.01493	0.01240	0.01651	0.01428	0.00985	0.13262	0.35487	0.06034	0.06671	0.02156	0.01826	0.00812	0.00684	0.00190	0.03639	0.00651	0.00592	0.18171
2	0.06088	0.01971	0.09351	0.01391	0.01888	0.18336	0.01205	0.17645	0.06582	0.19348	0.03375	0.01692	0.01276	0.00730	0.00609	0.00186	0.00755	0.00548	0.00542	0.06483
3	0.02134	0.01869	0.12247	0.01467	0.02012	0.01741	0.01323	0.39207	0.18551	0.09941	0.01835	0.01782	0.01305	0.00778	0.00645	0.00202	0.00686	0.00607	0.00609	0.01061
4	0.00936	0.00738	0.00862	0.00827	0.01015	0.00715	0.00620	0.01328	0.09065	0.02109	0.29981	0.04801	0.29358	0.05688	0.08779	0.00321	0.00504	0.01130	0.00610	0.00616
5	0.61634	0.01284	0.01079	0.00967	0.01358	0.01489	0.00781	0.02286	0.18990	0.02850	0.01336	0.01393	0.01020	0.00670	0.00465	0.00205	0.00503	0.00446	0.00465	0.00781
6	0.00820	0.00609	0.00765	0.00831	0.00930	0.00564	0.00581	0.00981	0.01374	0.01822	0.17123	0.41613	0.18557	0.05318	0.04727	0.00298	0.00433	0.01514	0.00599	0.00542
7	0.01009	0.00812	0.01203	0.01064	0.01268	0.00775	0.08142	0.01416	0.06547	0.02406	0.50364	0.14795	0.05002	0.01310	0.00764	0.00214	0.00413	0.01192	0.00650	0.00654
8	0.00935	0.00636	0.00754	0.00746	0.00777	0.00638	0.00456	0.00997	0.01076	0.01466	0.12308	0.04184	0.02836	0.60628	0.08474	0.00597	0.00666	0.00954	0.00434	0.00438
9	0.47861	0.04049	0.11820	0.01145	0.01643	0.09314	0.01061	0.07355	0.01389	0.02633	0.01015	0.01165	0.00783	0.00613	0.00475	0.00188	0.00658	0.00396	0.00389	0.06050

[dist]
# distance from previous block
# <min> <max>
0	1

[block]
# block no. 3 follows, 34 sequences, length 22
# corresponding to MSA columns:
# 133-154
name=unknown_D
#
# <colnr> <probs for GDERKNQSTAVLIFYWHMCP>
#	G	D	E	R	K	N	Q	S	T	A	V	L	I	F	Y	W	H	M	C	P
0	0.02528	0.01695	0.01868	0.01432	0.01947	0.01834	0.01183	0.60150	0.02846	0.15300	0.01712	0.01656	0.01180	0.00780	0.00647	0.00195	0.00685	0.00593	0.00671	0.01099
1	0.81856	0.01250	0.00950	0.00850	0.01250	0.01449	0.00700	0.01899	0.01100	0.02899	0.00900	0.01050	0.00700	0.00600	0.00400	0.00200	0.00500	0.00350	0.00400	0.00700
2	0.02398	0.01549	0.01740	0.01354	0.01832	0.01649	0.01111	0.48299	0.05240	0.19007	0.07490	0.01984	0.01638	0.00828	0.00657	0.00197	0.00636	0.00649	0.00685	0.01057
3	0.02109	0.01373	0.01552	0.01285	0.01710	0.01475	0.01030	0.19308	0.33525	0.21581	0.06166	0.02282	0.01891	0.00857	0.00658	0.00207	0.00558	0.00698	0.00695	0.01038
4	0.02581	0.05783	0.01698	0.01254	0.01723	0.09370	0.01030	0.16770	0.02058	0.43603	0.05899	0.02030	0.01613	0.00794	0.00634	0.00192	0.00645	0.00621	0.00682	0.01019
5	0.01296	0.03342	0.73944	0.01842	0.02797	0.01501	0.02387	0.02046	0.01364	0.02046	0.01160	0.01364	0.00818	0.00614	0.00614	0.00205	0.00955	0.00477	0.00273	0.00955
6	0.02260	0.06398	0.01850	0.01585	0.01934	0.60298	0.01208	0.02677	0.12329	0.01746	0.01238	0.01346	0.01003	0.00692	0.00586	0.00173	0.01045	0.00460	0.00379	0.00794
7	0.01340	0.01148	0.01340	0.00957	0.01531	0.00861	0.00766	0.01627	0.01340	0.02105	0.01148	0.01340	0.00957	0.00479	0.00479	0.00096	0.00479	0.00383	0.00383	0.81242
8	0.00923	0.00692	0.01038	0.01038	0.01154	0.00808	0.00808	0.01154	0.01038	0.01500	0.01731	0.02538	0.01615	0.04846	0.74732	0.01038	0.01731	0.00692	0.00346	0.00577
9	0.02414	0.03079	0.01831	0.01665	0.01998	0.74698	0.01248	0.02580	0.01831	0.01581	0.00999	0.01165	0.00832	0.00666	0.00583	0.00166	0.01165	0.00416	0.00333	0.00749
10	0.02414	0.03079	0.01831	0.01665	0.01998	0.74698	0.01248	0.02580	0.01831	0.01581	0.00999	0.01165	0.00832	0.00666	0.00583	0.00166	0.01165	0.00416	0.00333	0.00749
11	0.81856	0.01250	0.00950	0.00850	0.01250	0.01449	0.00700	0.01899	0.01100	0.02899	0.00900	0.01050	0.00700	0.00600	0.00400	0.00200	0.00500	0.00350	0.00400	0.00700
12	0.00901	0.00660	0.00844	0.00798	0.00957	0.00604	0.00599	0.01192	0.01796	0.02513	0.66792	0.04955	0.12274	0.01350	0.00762	0.00205	0.00307	0.01187	0.00701	0.00604
13	0.02524	0.01701	0.01872	0.01435	0.01949	0.01842	0.01185	0.60694	0.02856	0.14742	0.01704	0.01651	0.01176	0.00779	0.00647	0.00195	0.00686	0.00592	0.00670	0.01099
14	0.02242	0.02626	0.01908	0.01778	0.06002	0.52563	0.01309	0.10453	0.01843	0.01900	0.01056	0.01267	0.00876	0.00734	0.00793	0.00186	0.10835	0.00464	0.00362	0.00800
15	0.00872	0.00621	0.00754	0.00812	0.00926	0.00561	0.00564	0.01015	0.01362	0.04049	0.11174	0.41119	0.24408	0.07460	0.00980	0.00269	0.00378	0.01526	0.00602	0.00548
16	0.01169	0.00802	0.00921	0.00926	0.01021	0.04856	0.00645	0.02978	0.04352	0.03707	0.04587	0.24763	0.06221	0.06206	0.01553	0.30350	0.00516	0.01030	0.02896	0.00499
17	0.06743	0.01571	0.01912	0.01718	0.09787	0.01691	0.05158	0.33419	0.16874	0.11707	0.01806	0.01795	0.01302	0.00754	0.00641	0.00201	0.00666	0.00617	0.00599	0.01039
18	0.02073	0.06601	0.02058	0.01928	0.11911	0.36594	0.01362	0.11079	0.03845	0.02000	0.01117	0.01347	0.00929	0.00746	0.00851	0.00193	0.13669	0.00490	0.00369	0.00838
19	0.01460	0.00973	0.01109	0.01033	0.01277	0.04391	0.00784	0.04395	0.10593	0.15802	0.09334	0.22776	0.12319	0.01719	0.08645	0.00310	0.00609	0.01108	0.00617	0.00747
20	0.00937	0.00632	0.00734	0.00730	0.00748	0.00634	0.00430	0.00974	0.01020	0.01379	0.08068	0.04198	0.02634	0.67340	0.06497	0.00610	0.00652	0.00947	0.00417	0.00419
21	0.01458	0.01338	0.01960	0.06286	0.24884	0.03566	0.07965	0.05898	0.15497	0.02260	0.08059	0.13946	0.02147	0.00943	0.00694	0.00213	0.00660	0.00870	0.00482	0.00873

[dist]
# distance from previous block
# <min> <max>
3	12

[block]
# block no. 4 follows, 34 sequences, length 22
# corresponding to MSA columns:
# 167-188
name=unknown_E
#
# <colnr> <probs for GDERKNQSTAVLIFYWHMCP>
#	G	D	E	R	K	N	Q	S	T	A	V	L	I	F	Y	W	H	M	C	P
0	0.01693	0.04621	0.16913	0.01861	0.10089	0.10959	0.10484	0.05548	0.01583	0.09643	0.03801	0.09311	0.01489	0.00804	0.00689	0.00197	0.02863	0.00693	0.00423	0.06337
1	0.73033	0.04586	0.06012	0.00928	0.01372	0.01499	0.00831	0.01911	0.01127	0.02783	0.00917	0.01070	0.00713	0.00599	0.00415	0.00198	0.00539	0.00358	0.00386	0.00723
2	0.01106	0.00713	0.00866	0.00860	0.00957	0.00707	0.00575	0.01335	0.06686	0.07399	0.09891	0.22435	0.03116	0.35741	0.04391	0.00438	0.00551	0.01144	0.00530	0.00560
3	0.01881	0.01512	0.05160	0.01852	0.07662	0.01444	0.18749	0.19278	0.07372	0.14264	0.03555	0.10774	0.01691	0.00867	0.00699	0.00212	0.00730	0.00807	0.00547	0.00945
4	0.00791	0.00571	0.00750	0.00884	0.00935	0.00529	0.00595	0.00914	0.01273	0.01693	0.06567	0.70467	0.07687	0.01976	0.00819	0.00258	0.00370	0.01786	0.00604	0.00529
5	0.02056	0.07999	0.08151	0.06500	0.02117	0.13954	0.01302	0.35916	0.04660	0.02927	0.04501	0.01770	0.03751	0.00773	0.00624	0.00189	0.00779	0.00583	0.00510	0.00939
6	0.02303	0.01702	0.01830	0.01441	0.01928	0.01890	0.01178	0.55402	0.16693	0.06142	0.01799	0.01744	0.01289	0.00796	0.00649	0.00199	0.00666	0.00614	0.00654	0.01084
7	0.01764	0.01567	0.01816	0.09230	0.15315	0.14271	0.03248	0.06515	0.07242	0.10405	0.06423	0.06017	0.05389	0.00885	0.00782	0.00207	0.06883	0.00718	0.00474	0.00851
8	0.00892	0.00649	0.00840	0.00814	0.00957	0.00597	0.00602	0.01167	0.01743	0.02439	0.61486	0.13106	0.09452	0.01418	0.00769	0.00211	0.00314	0.01255	0.00693	0.00597
9	0.16269	0.13857	0.08263	0.01507	0.04535	0.11096	0.06594	0.19996	0.01839	0.05594	0.01258	0.01390	0.00956	0.00656	0.00557	0.00184	0.00759	0.00490	0.03310	0.00890
10	0.01256	0.01185	0.02003	0.68887	0.11020	0.01445	0.01812	0.01683	0.01309	0.01695	0.01155	0.01711	0.00877	0.00639	0.00645	0.00213	0.00852	0.00574	0.00290	0.00747
11	0.01535	0.44460	0.34917	0.01435	0.02167	0.02085	0.01678	0.01985	0.01336	0.01755	0.01015	0.01183	0.00824	0.00580	0.00504	0.00168	0.00809	0.00404	0.00275	0.00885
12	0.01347	0.01052	0.01248	0.01130	0.01324	0.03270	0.00866	0.15503	0.06275	0.02061	0.01756	0.02563	0.01620	0.17143	0.36126	0.00678	0.04212	0.00706	0.00434	0.00688
13	0.01525	0.01743	0.03813	0.02723	0.03377	0.01634	0.70915	0.02070	0.01525	0.02070	0.01307	0.01743	0.00980	0.00545	0.00763	0.00218	0.01089	0.00763	0.00327	0.00871
14	0.02298	0.01759	0.01822	0.01439	0.01899	0.05703	0.01168	0.57491	0.08165	0.03635	0.01576	0.01625	0.01154	0.00877	0.00772	0.05699	0.00709	0.00583	0.00606	0.01019
15	0.00930	0.00663	0.00892	0.00892	0.00957	0.00728	0.00625	0.01060	0.00995	0.01392	0.01864	0.03279	0.01937	0.36602	0.43415	0.00858	0.01247	0.00801	0.00366	0.00496
16	0.01112	0.00865	0.00982	0.00957	0.01164	0.00869	0.00718	0.09757	0.10886	0.02211	0.10793	0.27366	0.23936	0.01531	0.00760	0.00231	0.00422	0.04140	0.00624	0.00677
17	0.01309	0.00748	0.00974	0.00872	0.01098	0.00672	0.00670	0.01584	0.01783	0.17251	0.50289	0.06793	0.10867	0.01263	0.00741	0.00206	0.00360	0.01100	0.00716	0.00703
18	0.02124	0.15959	0.02156	0.01637	0.07403	0.23486	0.01241	0.23270	0.12058	0.02524	0.01396	0.01469	0.01089	0.00701	0.00586	0.00179	0.00818	0.00510	0.00463	0.00930
19	0.08122	0.01455	0.01561	0.01292	0.01682	0.01625	0.01033	0.38682	0.16149	0.03204	0.01860	0.05871	0.01517	0.04949	0.07752	0.00304	0.00730	0.00687	0.00586	0.00939
20	0.07703	0.01330	0.06319	0.03573	0.07801	0.05001	0.05109	0.07675	0.07280	0.08485	0.08942	0.23316	0.02507	0.01128	0.00691	0.00218	0.00602	0.00988	0.00536	0.00794
21	0.15382	0.07318	0.01635	0.01148	0.01655	0.07807	0.03351	0.07245	0.01560	0.14357	0.01345	0.01427	0.01012	0.00600	0.00521	0.00152	0.00611	0.00451	0.00461	0.31963

[dist]
# distance from previous block
# <min> <max>
0	4

[block]
# block no. 5 follows, 34 sequences, length 14
# corresponding to MSA columns:
# 193-206
name=unknown_F
#
# <colnr> <probs for GDERKNQSTAVLIFYWHMCP>
#	G	D	E	R	K	N	Q	S	T	A	V	L	I	F	Y	W	H	M	C	P
0	0.12757	0.10871	0.02511	0.01889	0.07247	0.13034	0.19881	0.19683	0.01871	0.02554	0.01212	0.01418	0.00935	0.00633	0.00607	0.00190	0.00855	0.00545	0.00413	0.00893
1	0.01544	0.00998	0.01326	0.01143	0.01450	0.00976	0.04767	0.04795	0.13754	0.17076	0.17011	0.17447	0.03022	0.01350	0.04799	0.00257	0.00556	0.00994	0.00632	0.06104
2	0.11031	0.03668	0.01860	0.01652	0.08422	0.17940	0.05755	0.18546	0.01936	0.14084	0.03195	0.06153	0.01360	0.00784	0.00620	0.00194	0.00764	0.00625	0.00512	0.00902
3	0.06582	0.04220	0.02430	0.08863	0.44341	0.04853	0.05470	0.11396	0.01661	0.02343	0.01221	0.01539	0.00984	0.00611	0.00623	0.00193	0.00783	0.00558	0.00366	0.00963
4	0.02436	0.01387	0.01565	0.01241	0.01691	0.05515	0.01009	0.23499	0.05069	0.36777	0.08367	0.02323	0.04389	0.00863	0.00659	0.00198	0.00604	0.00689	0.00706	0.01014
5	0.00804	0.00569	0.00745	0.00878	0.00912	0.00536	0.00577	0.00904	0.01204	0.01606	0.03393	0.68870	0.04062	0.10315	0.01096	0.00303	0.00403	0.01738	0.00577	0.00510
6	0.05041	0.33905	0.15511	0.01572	0.06331	0.09017	0.05323	0.06133	0.01533	0.08387	0.01184	0.01317	0.00928	0.00613	0.00534	0.00172	0.00792	0.00455	0.00360	0.00893
7	0.00956	0.00692	0.00824	0.00816	0.00850	0.00727	0.00529	0.01019	0.01076	0.01465	0.05400	0.13432	0.08400	0.48875	0.02461	0.00482	0.07340	0.01054	0.03135	0.00466
8	0.00787	0.00562	0.00750	0.00900	0.00937	0.00525	0.00600	0.00900	0.01237	0.01649	0.03561	0.76871	0.04274	0.02024	0.00825	0.00262	0.00375	0.01837	0.00600	0.00525
9	0.01725	0.02219	0.09633	0.02381	0.02982	0.19768	0.47445	0.02194	0.01587	0.01946	0.01217	0.01565	0.00929	0.00581	0.00704	0.00204	0.01096	0.00651	0.00323	0.00849
10	0.01936	0.03829	0.10870	0.02136	0.13188	0.06192	0.14945	0.29075	0.06481	0.02850	0.01424	0.01591	0.01063	0.00676	0.00655	0.00198	0.00836	0.00597	0.00464	0.00994
11	0.01904	0.01739	0.02196	0.02381	0.25828	0.12952	0.09083	0.15787	0.05605	0.06503	0.01485	0.01853	0.01207	0.07560	0.00886	0.00232	0.00815	0.00618	0.00439	0.00926
12	0.00882	0.00612	0.00734	0.00770	0.00832	0.00578	0.00499	0.00943	0.01184	0.01554	0.09524	0.23757	0.15583	0.30307	0.01891	0.07672	0.00472	0.01240	0.00503	0.00464
13	0.06440	0.01032	0.01252	0.01257	0.07756	0.01023	0.00869	0.12566	0.03676	0.15131	0.04911	0.17565	0.16992	0.05527	0.00844	0.00239	0.00508	0.01026	0.00598	0.00786

[dist]
# distance from previous block
# <min> <max>
0	9

[block]
# block no. 6 follows, 34 sequences, length 23
# corresponding to MSA columns:
# 216-238
name=unknown_G
#
# <colnr> <probs for GDERKNQSTAVLIFYWHMCP>
#	G	D	E	R	K	N	Q	S	T	A	V	L	I	F	Y	W	H	M	C	P
0	0.02009	0.08791	0.04006	0.01599	0.03415	0.15369	0.06893	0.29646	0.02107	0.02674	0.01461	0.04749	0.01238	0.00818	0.00732	0.00196	0.05796	0.03867	0.00473	0.04162
1	0.07387	0.29695	0.23877	0.01415	0.02050	0.01852	0.05258	0.08744	0.01553	0.05595	0.05910	0.01531	0.01237	0.00658	0.00549	0.00180	0.00747	0.00500	0.00377	0.00885
2	0.10796	0.01836	0.08453	0.01594	0.08373	0.10431	0.01253	0.25989	0.04056	0.08434	0.01529	0.05443	0.01210	0.00757	0.00605	0.00189	0.00717	0.00586	0.00506	0.07246
3	0.01762	0.05503	0.01475	0.01158	0.01503	0.08951	0.00924	0.09256	0.12974	0.14841	0.19373	0.02835	0.07519	0.00963	0.00716	0.00195	0.03611	0.00773	0.00605	0.05062
4	0.00913	0.00621	0.00714	0.00730	0.00749	0.00610	0.00428	0.00945	0.01030	0.01370	0.05033	0.12947	0.05582	0.62474	0.02800	0.00551	0.00573	0.01072	0.00437	0.00422
5	0.01926	0.09565	0.25185	0.01560	0.02149	0.13718	0.03188	0.11253	0.04249	0.13085	0.01477	0.03544	0.01117	0.00737	0.00683	0.00196	0.04455	0.00551	0.00436	0.00926
6	0.07092	0.01662	0.08409	0.05468	0.02204	0.04245	0.12475	0.14705	0.19155	0.10166	0.01776	0.01870	0.01307	0.00986	0.05334	0.00260	0.00803	0.00631	0.00515	0.00938
7	0.01836	0.01275	0.05915	0.01166	0.01569	0.01173	0.00982	0.11451	0.19080	0.22513	0.07758	0.07825	0.12544	0.01043	0.00685	0.00211	0.00526	0.00868	0.00663	0.00919
8	0.01536	0.01415	0.02384	0.13324	0.51175	0.01442	0.05108	0.01955	0.03433	0.04609	0.01648	0.01971	0.05774	0.00670	0.00655	0.00199	0.00752	0.00643	0.00361	0.00946
9	0.01897	0.15748	0.02629	0.06671	0.10641	0.05827	0.16744	0.17049	0.07370	0.07062	0.01431	0.01603	0.01085	0.00655	0.00626	0.00191	0.00806	0.00584	0.00440	0.00940
10	0.01840	0.09272	0.05425	0.01978	0.15226	0.05019	0.11902	0.14274	0.01779	0.12425	0.01879	0.10645	0.03742	0.00847	0.00660	0.00200	0.00735	0.00754	0.00483	0.00914
11	0.01354	0.01004	0.01135	0.01014	0.01286	0.01052	0.00786	0.08504	0.23344	0.05545	0.30874	0.03660	0.10524	0.01108	0.00695	0.00205	0.00418	0.00942	0.05754	0.00795
12	0.00911	0.00848	0.05447	0.00946	0.01120	0.00707	0.00736	0.01265	0.08366	0.01905	0.11841	0.43587	0.16537	0.01670	0.00777	0.00240	0.00408	0.01478	0.00598	0.00615
13	0.01858	0.08344	0.06563	0.04827	0.23062	0.14329	0.16094	0.10361	0.01721	0.04883	0.01256	0.01515	0.00979	0.00619	0.00637	0.00190	0.00896	0.00566	0.00373	0.00926
14	0.01537	0.01971	0.17330	0.05579	0.09247	0.03840	0.35029	0.04662	0.03388	0.04023	0.01399	0.02978	0.01103	0.04003	0.00813	0.00228	0.00950	0.00683	0.00355	0.00883
15	0.01259	0.00784	0.00983	0.00931	0.01134	0.00743	0.00696	0.04037	0.06116	0.12912	0.29292	0.25529	0.10159	0.01430	0.00753	0.00222	0.00392	0.01256	0.00676	0.00696
16	0.04336	0.03575	0.22414	0.01506	0.02088	0.03264	0.09468	0.04066	0.06652	0.21403	0.04112	0.02176	0.06110	0.00999	0.04710	0.00250	0.00791	0.00660	0.00502	0.00918
17	0.01731	0.07982	0.04095	0.04056	0.13083	0.12290	0.08874	0.02165	0.08576	0.10288	0.01884	0.04737	0.05835	0.03915	0.00881	0.00221	0.07424	0.00684	0.00434	0.00846
18	0.00962	0.00693	0.00915	0.00859	0.00907	0.00682	0.05083	0.01010	0.01010	0.01349	0.02151	0.11853	0.02465	0.64140	0.02857	0.00560	0.00630	0.01024	0.00410	0.00438
19	0.01296	0.03342	0.73944	0.01842	0.02797	0.01501	0.02387	0.02046	0.01364	0.02046	0.01160	0.01364	0.00818	0.00614	0.00614	0.00205	0.00955	0.00477	0.00273	0.00955
20	0.03814	0.02484	0.32391	0.01560	0.02131	0.17107	0.01607	0.05483	0.07994	0.04725	0.01626	0.11227	0.01414	0.00859	0.00674	0.00206	0.02760	0.00674	0.00404	0.00860
21	0.01938	0.05562	0.02029	0.01930	0.12143	0.36724	0.05899	0.02405	0.11971	0.01878	0.03979	0.01682	0.01278	0.02976	0.00773	0.00201	0.04866	0.00556	0.00389	0.00822
22	0.01853	0.33021	0.12411	0.01779	0.10493	0.18991	0.05826	0.02168	0.01497	0.04894	0.01093	0.01274	0.00895	0.00601	0.00540	0.00168	0.00865	0.00447	0.00321	0.00865

[dist]
# distance from previous block
# <min> <max>
0	2

[block]
# block no. 7 follows, 34 sequences, length 58
# corresponding to MSA columns:
# 241-298
name=unknown_H
#
# <colnr> <probs for GDERKNQSTAVLIFYWHMCP>
#	G	D	E	R	K	N	Q	S	T	A	V	L	I	F	Y	W	H	M	C	P
0	0.01450	0.01520	0.02569	0.02027	0.02237	0.01868	0.23793	0.01721	0.01162	0.01721	0.00996	0.01520	0.00891	0.00942	0.01683	0.00262	0.51953	0.00629	0.00297	0.00760
1	0.02079	0.08891	0.07307	0.01678	0.09740	0.04659	0.06872	0.04279	0.01602	0.28574	0.01648	0.01695	0.01173	0.00693	0.00710	0.00186	0.05959	0.00557	0.00506	0.11194
2	0.27148	0.01886	0.14488	0.01656	0.10458	0.11566	0.04923	0.05060	0.03256	0.02325	0.01485	0.08724	0.02912	0.00783	0.00579	0.00203	0.00730	0.00619	0.00396	0.00806
3	0.01509	0.01150	0.01882	0.61588	0.05657	0.01357	0.01658	0.01908	0.01389	0.13648	0.01383	0.01799	0.00988	0.00670	0.00646	0.00212	0.00807	0.00587	0.00373	0.00789
4	0.01073	0.00697	0.00907	0.00834	0.01018	0.00635	0.00633	0.01367	0.01815	0.08464	0.64097	0.04670	0.08721	0.01292	0.00753	0.00204	0.00326	0.01134	0.00714	0.00648
5	0.01008	0.00772	0.01097	0.01233	0.06189	0.00750	0.03061	0.03068	0.01441	0.01928	0.11637	0.30727	0.06862	0.07154	0.00993	0.00281	0.00503	0.20118	0.00570	0.00607
6	0.01296	0.03342	0.73944	0.01842	0.02797	0.01501	0.02387	0.02046	0.01364	0.02046	0.01160	0.01364	0.00818	0.00614	0.00614	0.00205	0.00955	0.00477	0.00273	0.00955
7	0.01414	0.01414	0.01979	0.01696	0.01696	0.01979	0.01414	0.01555	0.00990	0.01555	0.00848	0.01414	0.00848	0.01131	0.02120	0.00283	0.76110	0.00565	0.00283	0.00707
8	0.00787	0.00562	0.00750	0.00900	0.00937	0.00525	0.00600	0.00900	0.01237	0.01649	0.03561	0.76871	0.04274	0.02024	0.00825	0.00262	0.00375	0.01837	0.00600	0.00525
9	0.01340	0.01305	0.01838	0.01597	0.01615	0.01803	0.01322	0.01495	0.00997	0.01547	0.00981	0.01583	0.00964	0.01690	0.13044	0.00396	0.64920	0.00585	0.00292	0.00687
10	0.02581	0.01609	0.01815	0.01391	0.01904	0.01706	0.01149	0.51890	0.02702	0.23765	0.01833	0.01735	0.01240	0.00782	0.00647	0.00196	0.00665	0.00601	0.00690	0.01099
11	0.01585	0.01365	0.01442	0.01299	0.01657	0.01575	0.01010	0.03363	0.69852	0.02699	0.04873	0.02488	0.02104	0.00891	0.00661	0.00219	0.00505	0.00744	0.00659	0.01010
12	0.02899	0.01100	0.01499	0.01150	0.01649	0.00950	0.00950	0.03149	0.01849	0.73709	0.02549	0.02199	0.01599	0.00800	0.00650	0.00200	0.00550	0.00650	0.00800	0.01100
13	0.00937	0.00636	0.00754	0.00754	0.00771	0.00653	0.00453	0.00971	0.00954	0.01289	0.01991	0.03979	0.02241	0.66595	0.13838	0.00687	0.00789	0.00903	0.00385	0.00419
14	0.01525	0.01743	0.03813	0.02723	0.03377	0.01634	0.70915	0.02070	0.01525	0.02070	0.01307	0.01743	0.00980	0.00545	0.00763	0.00218	0.01089	0.00763	0.00327	0.00871
15	0.02414	0.03079	0.01831	0.01665	0.01998	0.74698	0.01248	0.02580	0.01831	0.01581	0.00999	0.01165	0.00832	0.00666	0.00583	0.00166	0.01165	0.00416	0.00333	0.00749
16	0.01607	0.01388	0.01461	0.01315	0.01680	0.01607	0.01023	0.03433	0.72094	0.02703	0.02630	0.02411	0.01972	0.00877	0.00657	0.00219	0.00511	0.00731	0.00657	0.01023
17	0.01340	0.01148	0.01340	0.00957	0.01531	0.00861	0.00766	0.01627	0.01340	0.02105	0.01148	0.01340	0.00957	0.00479	0.00479	0.00096	0.00479	0.00383	0.00383	0.81242
18	0.00794	0.00569	0.00765	0.00907	0.00948	0.00539	0.00610	0.00913	0.01227	0.01642	0.03468	0.73069	0.04138	0.02169	0.04605	0.00302	0.00444	0.01778	0.00587	0.00527
19	0.02576	0.01537	0.01756	0.01350	0.01852	0.01609	0.01114	0.46185	0.02590	0.27780	0.01906	0.01794	0.01284	0.00783	0.00643	0.00195	0.00646	0.00605	0.02710	0.01087
20	0.00787	0.00562	0.00750	0.00900	0.00937	0.00525	0.00600	0.00900	0.01237	0.01649	0.03561	0.76871	0.04274	0.02024	0.00825	0.00262	0.00375	0.01837	0.00600	0.00525
21	0.01340	0.01148	0.01340	0.00957	0.01531	0.00861	0.00766	0.01627	0.01340	0.02105	0.01148	0.01340	0.00957	0.00479	0.00479	0.00096	0.00479	0.00383	0.00383	0.81242
22	0.01325	0.01144	0.01535	0.06946	0.17693	0.01226	0.01156	0.02179	0.26820	0.02325	0.16180	0.10079	0.04767	0.01037	0.00699	0.00216	0.00537	0.02731	0.00557	0.00848
23	0.01164	0.01065	0.01760	0.64678	0.03920	0.01306	0.01607	0.01542	0.01269	0.01630	0.01427	0.09104	0.01267	0.04699	0.00798	0.00241	0.00802	0.00715	0.00323	0.00682
24	0.81856	0.01250	0.00950	0.00850	0.01250	0.01449	0.00700	0.01899	0.01100	0.02899	0.00900	0.01050	0.00700	0.00600	0.00400	0.00200	0.00500	0.00350	0.00400	0.00700
25	0.01548	0.01337	0.01405	0.01269	0.01624	0.01533	0.00986	0.03258	0.67163	0.02636	0.02903	0.02677	0.06932	0.00930	0.00665	0.00219	0.00499	0.00775	0.00653	0.00989
26	0.01301	0.00948	0.03179	0.02829	0.01352	0.00877	0.02207	0.07659	0.05473	0.09782	0.36255	0.10137	0.10204	0.01249	0.00739	0.00214	0.00443	0.03765	0.00658	0.00729
27	0.01296	0.03342	0.73944	0.01842	0.02797	0.01501	0.02387	0.02046	0.01364	0.02046	0.01160	0.01364	0.00818	0.00614	0.00614	0.00205	0.00955	0.00477	0.00273	0.00955
28	0.02275	0.01700	0.01750	0.01413	0.01874	0.06848	0.01141	0.39944	0.21563	0.11729	0.01923	0.01834	0.01376	0.00798	0.00645	0.00200	0.00670	0.00619	0.00646	0.01054
29	0.00832	0.00620	0.00774	0.00814	0.00935	0.00562	0.00581	0.01031	0.01519	0.02039	0.31406	0.33619	0.19566	0.01666	0.00787	0.00230	0.00337	0.01474	0.00644	0.00562
30	0.01515	0.04737	0.39813	0.04084	0.11720	0.05306	0.15881	0.04029	0.01488	0.03629	0.01222	0.01483	0.00904	0.00606	0.00642	0.00202	0.00943	0.00549	0.00315	0.00934
31	0.11897	0.09036	0.10428	0.01462	0.01930	0.16120	0.06073	0.05291	0.24556	0.02298	0.01644	0.03759	0.01303	0.00744	0.00594	0.00197	0.00753	0.00582	0.00454	0.00880
32	0.00793	0.00567	0.00755	0.00896	0.00938	0.00529	0.00600	0.00914	0.01264	0.01692	0.06669	0.73642	0.04355	0.01993	0.00822	0.00260	0.00372	0.01807	0.00605	0.00529
33	0.01157	0.01742	0.26795	0.01259	0.01738	0.01104	0.01303	0.01883	0.15088	0.02263	0.21963	0.07521	0.11406	0.01065	0.00693	0.00212	0.00581	0.00903	0.00526	0.00798
34	0.01488	0.01347	0.01645	0.08990	0.18280	0.08598	0.01210	0.03608	0.12223	0.04411	0.08803	0.13326	0.02130	0.00929	0.00659	0.00196	0.00632	0.00811	0.00480	0.10237
35	0.06392	0.15059	0.06257	0.01371	0.01881	0.01654	0.08035	0.24626	0.02005	0.13148	0.05111	0.02112	0.07960	0.00801	0.00618	0.00191	0.00670	0.00647	0.00535	0.00925
36	0.01727	0.77681	0.03386	0.01106	0.01658	0.02557	0.01106	0.01935	0.01313	0.01520	0.00898	0.01036	0.00829	0.00553	0.00415	0.00138	0.00691	0.00345	0.00276	0.00829
37	0.00866	0.00654	0.00807	0.00881	0.00991	0.00622	0.00622	0.01140	0.06320	0.01891	0.14726	0.47353	0.15770	0.01766	0.00795	0.00244	0.00370	0.02984	0.00621	0.00578
38	0.01554	0.02260	0.29248	0.02300	0.10538	0.01575	0.25731	0.05761	0.05114	0.05132	0.01359	0.01619	0.01003	0.00632	0.00721	0.00210	0.03328	0.00615	0.00358	0.00943
39	0.02134	0.02078	0.11840	0.01768	0.08909	0.13970	0.01432	0.29547	0.03715	0.09788	0.01460	0.01566	0.01076	0.00845	0.02624	0.00218	0.05006	0.00551	0.00498	0.00976
40	0.00940	0.00626	0.00705	0.00705	0.00705	0.00626	0.00392	0.00940	0.00940	0.01253	0.02036	0.04228	0.02349	0.77292	0.03289	0.00626	0.00626	0.00940	0.00392	0.00392
41	0.02621	0.01158	0.01443	0.01146	0.01593	0.04699	0.00930	0.02908	0.03642	0.60423	0.08173	0.04469	0.02008	0.00871	0.00661	0.00201	0.00556	0.00715	0.00759	0.01024
42	0.01868	0.01870	0.02567	0.02507	0.21497	0.14768	0.20143	0.13751	0.01787	0.04031	0.01330	0.03582	0.01081	0.00696	0.00761	0.00202	0.05611	0.00633	0.00396	0.00915
43	0.01995	0.04520	0.06215	0.01982	0.13126	0.31612	0.05010	0.11334	0.08632	0.02186	0.04140	0.01594	0.01223	0.00713	0.00664	0.00188	0.03030	0.00547	0.00411	0.00878
44	0.01578	0.01669	0.01935	0.01828	0.08642	0.15931	0.04941	0.01842	0.04208	0.01743	0.06111	0.01842	0.01368	0.05360	0.01519	0.00260	0.37512	0.00618	0.00350	0.00742
45	0.00948	0.00635	0.00747	0.00747	0.00769	0.00651	0.00452	0.00993	0.00971	0.01335	0.01996	0.03917	0.02218	0.64016	0.13160	0.00664	0.00767	0.00891	0.03695	0.00426
46	0.01431	0.01414	0.01555	0.10793	0.12543	0.14199	0.01175	0.03484	0.09601	0.01970	0.08562	0.18182	0.05825	0.01101	0.00775	0.00216	0.05025	0.00926	0.00472	0.00753
47	0.02417	0.02014	0.01783	0.01661	0.08729	0.29379	0.01197	0.15517	0.02014	0.23163	0.01804	0.01789	0.04093	0.00757	0.00627	0.00186	0.00827	0.00570	0.00538	0.00935
48	0.02308	0.01704	0.01882	0.01676	0.08964	0.05577	0.01242	0.43087	0.12084	0.12143	0.01759	0.01733	0.01258	0.00767	0.00644	0.00196	0.00693	0.00601	0.00618	0.01063
49	0.02319	0.13348	0.02045	0.01588	0.01951	0.64768	0.01229	0.02491	0.01760	0.01573	0.00985	0.01147	0.00832	0.00650	0.00559	0.00163	0.01100	0.00406	0.00325	0.00760
50	0.02457	0.01291	0.01465	0.01184	0.01611	0.08129	0.00953	0.06410	0.07476	0.47823	0.11904	0.02439	0.02139	0.00862	0.00659	0.00198	0.00581	0.00700	0.00723	0.00993
51	0.00988	0.00746	0.00926	0.00890	0.01061	0.00730	0.00669	0.01463	0.10714	0.02461	0.52561	0.11600	0.07984	0.01358	0.00759	0.00214	0.00347	0.03189	0.00686	0.00651
52	0.00972	0.00768	0.00841	0.00782	0.01009	0.00705	0.00597	0.07788	0.01729	0.02221	0.25731	0.05355	0.46236	0.01460	0.00752	0.00211	0.00358	0.01230	0.00637	0.00618
53	0.00901	0.00662	0.00856	0.00813	0.00970	0.00617	0.00612	0.01187	0.01739	0.02433	0.61544	0.04801	0.12241	0.01598	0.05927	0.00263	0.00407	0.01154	0.00675	0.00601
54	0.51628	0.01290	0.01071	0.00962	0.01316	0.07900	0.00764	0.01968	0.01321	0.11184	0.06393	0.08781	0.01542	0.00818	0.00513	0.00203	0.00541	0.00593	0.00483	0.00729
55	0.01883	0.05432	0.04552	0.01329	0.01766	0.01665	0.01110	0.26603	0.31923	0.06063	0.08889	0.02224	0.01947	0.00854	0.00649	0.00203	0.00589	0.00688	0.00630	0.01000
56	0.74193	0.01304	0.01045	0.00911	0.01322	0.01503	0.00751	0.08579	0.01287	0.03012	0.00963	0.01098	0.00738	0.00617	0.00424	0.00199	0.00520	0.00372	0.00424	0.00738
57	0.09912	0.02613	0.01664	0.03229	0.01892	0.57437	0.01136	0.02353	0.01674	0.01732	0.01050	0.01317	0.00897	0.04080	0.00680	0.00187	0.01022	0.00435	0.00344	0.06348

[dist]
# distance from previous block
# <min> <max>
0	3

[block]
# block no. 8 follows, 34 sequences, length 12
# corresponding to MSA columns:
# 302-313
name=unknown_I
#
# <colnr> <probs for GDERKNQSTAVLIFYWHMCP>
#	G	D	E	R	K	N	Q	S	T	A	V	L	I	F	Y	W	H	M	C	P
0	0.01002	0.00896	0.01274	0.01092	0.01367	0.00838	0.11414	0.01428	0.09147	0.02054	0.17872	0.09807	0.36574	0.01353	0.00756	0.00218	0.00463	0.01199	0.00586	0.00658
1	0.02023	0.01724	0.04511	0.01940	0.11622	0.05519	0.12614	0.28139	0.04768	0.08919	0.01502	0.01624	0.01105	0.00671	0.00640	0.00186	0.00763	0.00586	0.00504	0.10640
2	0.01414	0.01414	0.01979	0.01696	0.01696	0.01979	0.01414	0.01555	0.00990	0.01555	0.00848	0.01414	0.00848	0.01131	0.02120	0.00283	0.76110	0.00565	0.00283	0.00707
3	0.01556	0.17691	0.42410	0.01837	0.05830	0.07383	0.08066	0.02102	0.01426	0.04322	0.01158	0.01357	0.00872	0.00604	0.00588	0.00189	0.00909	0.00482	0.00303	0.00915
4	0.01550	0.23126	0.36346	0.01531	0.02229	0.01742	0.04071	0.08850	0.01529	0.04551	0.01385	0.07758	0.01176	0.00737	0.00587	0.00191	0.00800	0.00583	0.00359	0.00900
5	0.00833	0.00590	0.00764	0.00855	0.00908	0.00555	0.00571	0.00964	0.01301	0.01763	0.16021	0.52921	0.04322	0.13057	0.01179	0.00306	0.00399	0.01582	0.00589	0.00521
6	0.00898	0.00646	0.00814	0.00793	0.00941	0.00593	0.00587	0.01166	0.01699	0.02382	0.54126	0.12733	0.13295	0.01404	0.00753	0.00209	0.00315	0.01235	0.04818	0.00593
7	0.01588	0.02304	0.25172	0.06576	0.34493	0.11246	0.05397	0.02070	0.01479	0.01995	0.01170	0.01480	0.00923	0.00602	0.00630	0.00195	0.00900	0.00532	0.00305	0.00942
8	0.02288	0.01245	0.01864	0.01443	0.01895	0.01187	0.12594	0.11957	0.01851	0.40553	0.02280	0.11650	0.01748	0.00923	0.00739	0.00213	0.03128	0.00810	0.00657	0.00974
9	0.00951	0.00668	0.00840	0.00803	0.00972	0.00604	0.00600	0.01213	0.01719	0.05016	0.52749	0.10573	0.18050	0.01414	0.00763	0.00210	0.00324	0.01237	0.00686	0.00610
10	0.01445	0.12192	0.54472	0.01815	0.02653	0.06676	0.07983	0.02071	0.01404	0.01953	0.01129	0.01343	0.00835	0.00604	0.00600	0.00195	0.00949	0.00482	0.00282	0.00918
11	0.02147	0.05512	0.02047	0.08074	0.10525	0.06899	0.01345	0.43818	0.07800	0.03235	0.01490	0.01585	0.01105	0.00730	0.00631	0.00193	0.00745	0.00569	0.00539	0.01014

[dist]
# distance from previous block
# <min> <max>
0	1

[block]
# block no. 9 follows, 34 sequences, length 9
# corresponding to MSA columns:
# 315-323
name=unknown_J
#
# <colnr> <probs for GDERKNQSTAVLIFYWHMCP>
#	G	D	E	R	K	N	Q	S	T	A	V	L	I	F	Y	W	H	M	C	P
0	0.01656	0.02112	0.12819	0.02177	0.10024	0.17529	0.24215	0.05496	0.01599	0.02002	0.01636	0.04829	0.05828	0.00755	0.00749	0.00206	0.04474	0.00690	0.00363	0.00841
1	0.00810	0.00600	0.00740	0.00820	0.00909	0.00548	0.00561	0.00949	0.01342	0.01760	0.12924	0.46642	0.19486	0.07564	0.00990	0.00273	0.00375	0.01580	0.00598	0.00530
2	0.02162	0.05726	0.02111	0.04780	0.11089	0.03948	0.03990	0.42602	0.08857	0.05913	0.01569	0.01636	0.01152	0.00732	0.00637	0.00194	0.00726	0.00587	0.00557	0.01034
3	0.00875	0.00682	0.01033	0.01045	0.01142	0.00640	0.07013	0.01029	0.01273	0.01709	0.07307	0.59529	0.03915	0.08303	0.01027	0.00286	0.00458	0.01622	0.00564	0.00550
4	0.06315	0.01801	0.03200	0.01625	0.06469	0.20403	0.08517	0.08553	0.01717	0.14991	0.01571	0.06881	0.01277	0.00756	0.00646	0.00184	0.02189	0.00617	0.00471	0.11817
5	0.04162	0.01818	0.01802	0.01465	0.01917	0.15696	0.04798	0.25255	0.17842	0.12872	0.01781	0.01749	0.01291	0.00752	0.00631	0.00193	0.00737	0.00589	0.00577	0.04074
6	0.43768	0.01646	0.06869	0.01388	0.08094	0.08188	0.01075	0.06781	0.08708	0.06179	0.01260	0.01364	0.00952	0.00655	0.00510	0.00198	0.00637	0.00455	0.00439	0.00832
7	0.05697	0.06321	0.20533	0.01457	0.01985	0.04379	0.01422	0.21387	0.10787	0.04460	0.07994	0.01848	0.01542	0.00798	0.00734	0.00204	0.06438	0.00597	0.00488	0.00929
8	0.01351	0.01249	0.02034	0.06381	0.48500	0.01241	0.01550	0.01683	0.01486	0.02066	0.09771	0.07506	0.10665	0.00886	0.00681	0.00202	0.00642	0.00820	0.00414	0.00872

[dist]
# distance from previous block
# <min> <max>
3	9

[block]
# block no. 10 follows, 34 sequences, length 140
# corresponding to MSA columns:
# 333-472
name=unknown_K
#
# <colnr> <probs for GDERKNQSTAVLIFYWHMCP>
#	G	D	E	R	K	N	Q	S	T	A	V	L	I	F	Y	W	H	M	C	P
0	0.01720	0.01486	0.05628	0.02942	0.46956	0.01364	0.01647	0.03925	0.03327	0.11712	0.05634	0.01856	0.01408	0.00656	0.00635	0.00188	0.00690	0.00605	0.00426	0.07196
1	0.01609	0.01458	0.02481	0.03218	0.50505	0.01421	0.09575	0.02035	0.03564	0.06081	0.05021	0.01820	0.01334	0.00625	0.00650	0.00190	0.00740	0.00622	0.00381	0.06672
2	0.02497	0.01744	0.01899	0.01456	0.01971	0.01906	0.01202	0.64836	0.02928	0.10498	0.01643	0.01611	0.01145	0.00778	0.00647	0.00194	0.00696	0.00588	0.00661	0.01099
3	0.02176	0.01605	0.01733	0.01400	0.01860	0.01784	0.01133	0.41512	0.28262	0.08483	0.02017	0.01912	0.01454	0.00814	0.00651	0.00204	0.00626	0.00641	0.00661	0.01071
4	0.00940	0.00626	0.00705	0.00705	0.00705	0.00626	0.00392	0.00940	0.00940	0.01253	0.02036	0.04228	0.02349	0.77292	0.03289	0.00626	0.00626	0.00940	0.00392	0.00392
5	0.00787	0.00562	0.00750	0.00900	0.00937	0.00525	0.00600	0.00900	0.01237	0.01649	0.03561	0.76871	0.04274	0.02024	0.00825	0.00262	0.00375	0.01837	0.00600	0.00525
6	0.81856	0.01250	0.00950	0.00850	0.01250	0.01449	0.00700	0.01899	0.01100	0.02899	0.00900	0.01050	0.00700	0.00600	0.00400	0.00200	0.00500	0.00350	0.00400	0.00700
7	0.02456	0.01810	0.01939	0.01487	0.02004	0.02004	0.01228	0.71107	0.03038	0.04072	0.01551	0.01551	0.01099	0.00776	0.00646	0.00194	0.00711	0.00582	0.00646	0.01099
8	0.01296	0.03342	0.73944	0.01842	0.02797	0.01501	0.02387	0.02046	0.01364	0.02046	0.01160	0.01364	0.00818	0.00614	0.00614	0.00205	0.00955	0.00477	0.00273	0.00955
9	0.00896	0.00660	0.00838	0.00794	0.00954	0.00602	0.00595	0.01184	0.01786	0.02488	0.64828	0.04996	0.14254	0.01359	0.00762	0.00205	0.00308	0.01192	0.00698	0.00602
10	0.01220	0.01148	0.01938	0.75739	0.04450	0.01436	0.01794	0.01651	0.01292	0.01651	0.01148	0.01723	0.00861	0.00646	0.00646	0.00215	0.00861	0.00574	0.00287	0.00718
11	0.00810	0.00579	0.00776	0.00926	0.00973	0.00544	0.00639	0.00939	0.01259	0.01675	0.03549	0.70645	0.04224	0.02003	0.00831	0.00266	0.00395	0.07838	0.00599	0.00531
12	0.01220	0.01148	0.01938	0.75739	0.04450	0.01436	0.01794	0.01651	0.01292	0.01651	0.01148	0.01723	0.00861	0.00646	0.00646	0.00215	0.00861	0.00574	0.00287	0.00718
13	0.01727	0.77681	0.03386	0.01106	0.01658	0.02557	0.01106	0.01935	0.01313	0.01520	0.00898	0.01036	0.00829	0.00553	0.00415	0.00138	0.00691	0.00345	0.00276	0.00829
14	0.01727	0.77681	0.03386	0.01106	0.01658	0.02557	0.01106	0.01935	0.01313	0.01520	0.00898	0.01036	0.00829	0.00553	0.00415	0.00138	0.00691	0.00345	0.00276	0.00829
15	0.01607	0.01388	0.01461	0.01315	0.01680	0.01607	0.01023	0.03433	0.72094	0.02703	0.02630	0.02411	0.01972	0.00877	0.00657	0.00219	0.00511	0.00731	0.00657	0.01023
16	0.00787	0.00562	0.00750	0.00900	0.00937	0.00525	0.00600	0.00900	0.01237	0.01649	0.03561	0.76871	0.04274	0.02024	0.00825	0.00262	0.00375	0.01837	0.00600	0.00525
17	0.01401	0.01185	0.01373	0.00986	0.01557	0.00924	0.00791	0.05443	0.01433	0.02213	0.01171	0.01351	0.00965	0.00495	0.00488	0.00101	0.00491	0.00394	0.00397	0.76840
18	0.01605	0.01482	0.02515	0.03745	0.67747	0.01484	0.01897	0.01977	0.01462	0.04155	0.01279	0.01661	0.01068	0.00786	0.04176	0.00233	0.00807	0.00583	0.00335	0.01004
19	0.02899	0.01100	0.01499	0.01150	0.01649	0.00950	0.00950	0.03149	0.01849	0.73709	0.02549	0.02199	0.01599	0.00800	0.00650	0.00200	0.00550	0.00650	0.00800	0.01100
20	0.01103	0.00574	0.00861	0.00861	0.00872	0.00585	0.00585	0.00872	0.00861	0.01158	0.01180	0.02019	0.01169	0.02493	0.09416	0.73551	0.00673	0.00574	0.00287	0.00309
21	0.00791	0.00654	0.00685	0.00678	0.00878	0.00557	0.00503	0.00967	0.01499	0.01839	0.15296	0.05950	0.61134	0.04658	0.00866	0.00233	0.00336	0.01320	0.00607	0.00548
22	0.02542	0.01613	0.01810	0.01394	0.01902	0.01719	0.01150	0.51374	0.05028	0.21942	0.01844	0.01747	0.01257	0.00785	0.00648	0.00196	0.00663	0.00604	0.00686	0.01097
23	0.00768	0.00636	0.00673	0.00703	0.00886	0.00541	0.00513	0.00922	0.01426	0.01726	0.05953	0.20252	0.59349	0.01713	0.00776	0.00227	0.00337	0.01458	0.00600	0.00541
24	0.02899	0.01100	0.01499	0.01150	0.01649	0.00950	0.00950	0.03149	0.01849	0.73709	0.02549	0.02199	0.01599	0.00800	0.00650	0.00200	0.00550	0.00650	0.00800	0.01100
25	0.01954	0.00891	0.01197	0.00989	0.01324	0.00788	0.00788	0.02231	0.01840	0.39861	0.36043	0.03450	0.03740	0.01048	0.00703	0.00201	0.00433	0.00897	0.00758	0.00866
26	0.01296	0.03342	0.73944	0.01842	0.02797	0.01501	0.02387	0.02046	0.01364	0.02046	0.01160	0.01364	0.00818	0.00614	0.00614	0.00205	0.00955	0.00477	0.00273	0.00955
27	0.72004	0.01319	0.01072	0.00929	0.01343	0.01518	0.00765	0.10487	0.01340	0.03045	0.00981	0.01112	0.00749	0.00622	0.00430	0.00199	0.00526	0.00379	0.00430	0.00749
28	0.01296	0.03342	0.73944	0.01842	0.02797	0.01501	0.02387	0.02046	0.01364	0.02046	0.01160	0.01364	0.00818	0.00614	0.00614	0.00205	0.00955	0.00477	0.00273	0.00955
29	0.01974	0.01383	0.01662	0.01402	0.07538	0.01295	0.01042	0.24050	0.01976	0.14536	0.01513	0.01570	0.01114	0.00634	0.00573	0.00152	0.00588	0.00506	0.00530	0.35962
30	0.01039	0.00751	0.00891	0.00848	0.01042	0.00706	0.00638	0.05005	0.04039	0.04873	0.33226	0.13010	0.24666	0.03629	0.00832	0.00229	0.00374	0.02915	0.00652	0.00633
31	0.05328	0.01784	0.01743	0.04731	0.10756	0.16071	0.01233	0.12462	0.33829	0.02566	0.01846	0.01857	0.01407	0.00762	0.00627	0.00201	0.00714	0.00606	0.00524	0.00953
