[name]
unknown

[dist]
# distance from previous block
# <min> <max>
0	8

[block]
# block no. 0 follows, 33 sequences, length 63
# corresponding to MSA columns:
# 8-70
name=unknown_A
#
# <colnr> <probs for GDERKNQSTAVLIFYWHMCP>
#	G	D	E	R	K	N	Q	S	T	A	V	L	I	F	Y	W	H	M	C	P
0	0.00941	0.00686	0.00881	0.00959	0.01086	0.00654	0.00752	0.01156	0.01456	0.01907	0.14043	0.17704	0.15207	0.10834	0.01152	0.00311	0.00486	0.28620	0.00600	0.00564
1	0.06454	0.13735	0.36642	0.01590	0.02306	0.10404	0.01750	0.10435	0.04050	0.02276	0.01207	0.01357	0.00910	0.00646	0.00580	0.00189	0.00869	0.00470	0.00357	0.03775
2	0.00894	0.00727	0.00817	0.00773	0.01011	0.00615	0.00587	0.01109	0.01551	0.02012	0.20091	0.09387	0.43103	0.01482	0.00751	0.00209	0.00359	0.03632	0.00609	0.10280
3	0.01365	0.01170	0.01365	0.00975	0.01560	0.00878	0.00780	0.01658	0.01365	0.02145	0.01170	0.01365	0.00975	0.00488	0.00488	0.00098	0.00488	0.00390	0.00390	0.80888
4	0.01583	0.07474	0.03335	0.11353	0.06696	0.06049	0.45434	0.02044	0.01494	0.01958	0.01231	0.01657	0.00958	0.00611	0.00797	0.00215	0.05254	0.00680	0.00322	0.00856
5	0.01291	0.01218	0.02060	0.66537	0.12908	0.01475	0.01852	0.01724	0.01339	0.01740	0.01178	0.01740	0.00898	0.00649	0.00657	0.00216	0.00866	0.00585	0.00297	0.00770
6	0.01468	0.01800	0.13359	0.02220	0.02848	0.01431	0.44898	0.01990	0.01568	0.04912	0.09332	0.02255	0.04518	0.00705	0.00740	0.00213	0.00928	0.00787	0.00400	0.03627
7	0.00894	0.00620	0.00777	0.00838	0.00867	0.00619	0.00534	0.00968	0.01090	0.01467	0.02654	0.32730	0.03081	0.38478	0.10924	0.00542	0.00672	0.01290	0.00478	0.00476
8	0.01911	0.01550	0.01643	0.01395	0.01816	0.01765	0.01108	0.24702	0.49919	0.03195	0.02332	0.02179	0.01728	0.00861	0.00666	0.00215	0.00585	0.00696	0.00666	0.01067
9	0.01617	0.01621	0.02432	0.20515	0.50069	0.08423	0.01904	0.01999	0.01491	0.01990	0.01201	0.01617	0.00986	0.00612	0.00648	0.00199	0.00843	0.00571	0.00319	0.00943
10	0.01320	0.03405	0.73453	0.01876	0.02849	0.01529	0.02432	0.02085	0.01390	0.02085	0.01181	0.01390	0.00834	0.00625	0.00625	0.00208	0.00973	0.00486	0.00278	0.00973
11	0.01320	0.03405	0.73453	0.01876	0.02849	0.01529	0.02432	0.02085	0.01390	0.02085	0.01181	0.01390	0.00834	0.00625	0.00625	0.00208	0.00973	0.00486	0.00278	0.00973
12	0.00814	0.00668	0.00716	0.00704	0.00911	0.00571	0.00528	0.01014	0.01584	0.01978	0.21871	0.06008	0.57164	0.01593	0.00778	0.00219	0.00328	0.01343	0.00638	0.00571
13	0.02462	0.03061	0.01872	0.01685	0.02036	0.69920	0.01271	0.06676	0.01939	0.01762	0.01051	0.01211	0.00864	0.00685	0.00597	0.00171	0.01160	0.00434	0.00358	0.00784
14	0.01243	0.01170	0.01975	0.75282	0.04534	0.01463	0.01828	0.01682	0.01316	0.01682	0.01170	0.01755	0.00878	0.00658	0.00658	0.00219	0.00878	0.00585	0.00293	0.00731
15	0.01227	0.00614	0.00614	0.00614	0.00767	0.00614	0.00460	0.01534	0.01381	0.02454	0.02148	0.02454	0.01687	0.00767	0.00460	0.00153	0.00307	0.00614	0.80518	0.00614
16	0.00940	0.00705	0.01058	0.01058	0.01176	0.00823	0.00823	0.01176	0.01058	0.01528	0.01763	0.02586	0.01646	0.04937	0.74255	0.01058	0.01763	0.00705	0.00353	0.00588
17	0.00800	0.00581	0.00755	0.00894	0.00949	0.00537	0.00601	0.00919	0.01282	0.01689	0.03906	0.70035	0.10575	0.02026	0.00835	0.00263	0.00378	0.01827	0.00611	0.00537
18	0.01296	0.01224	0.02070	0.65564	0.13840	0.01476	0.01854	0.01728	0.01341	0.01746	0.01179	0.01738	0.00900	0.00648	0.00657	0.00216	0.00865	0.00585	0.00297	0.00774
19	0.01144	0.00572	0.00858	0.00858	0.00858	0.00572	0.00572	0.00858	0.00858	0.01144	0.01144	0.02001	0.01144	0.02287	0.02573	0.80846	0.00572	0.00572	0.00286	0.00286
20	0.01554	0.01776	0.03885	0.02775	0.03441	0.01665	0.70366	0.02109	0.01554	0.02109	0.01332	0.01776	0.00999	0.00555	0.00777	0.00222	0.01110	0.00777	0.00333	0.00888
21	0.01543	0.01744	0.03708	0.02676	0.03278	0.01698	0.63837	0.02059	0.01502	0.02059	0.01288	0.01744	0.00986	0.00612	0.00908	0.00228	0.08172	0.00758	0.00329	0.00872
22	0.00802	0.00573	0.00764	0.00917	0.00955	0.00535	0.00611	0.00917	0.01260	0.01681	0.03628	0.76434	0.04354	0.02062	0.00840	0.00267	0.00382	0.01872	0.00611	0.00535
23	0.01292	0.01210	0.02032	0.70765	0.04423	0.01487	0.03886	0.03861	0.01380	0.01773	0.01188	0.01750	0.00889	0.00659	0.00662	0.00219	0.00880	0.00591	0.00305	0.00748
24	0.02367	0.02978	0.01910	0.04882	0.05646	0.67583	0.01332	0.02559	0.01825	0.01641	0.01035	0.01233	0.00859	0.00673	0.00599	0.00173	0.01154	0.00439	0.00337	0.00776
25	0.01290	0.02964	0.59482	0.01865	0.02715	0.01442	0.08733	0.01969	0.01392	0.02046	0.01443	0.08995	0.01205	0.00764	0.00662	0.00216	0.00926	0.00654	0.00317	0.00921
26	0.01411	0.01397	0.01959	0.01688	0.01695	0.01945	0.01404	0.01560	0.01011	0.01581	0.00918	0.01509	0.00911	0.01378	0.06456	0.00334	0.71256	0.00584	0.00292	0.00712
27	0.81514	0.01273	0.00968	0.00866	0.01273	0.01477	0.00713	0.01935	0.01120	0.02954	0.00917	0.01069	0.00713	0.00611	0.00407	0.00204	0.00509	0.00356	0.00407	0.00713
28	0.01557	0.07005	0.48048	0.01731	0.04924	0.01421	0.01971	0.02149	0.01476	0.12097	0.01643	0.02220	0.01307	0.00790	0.00654	0.00215	0.00848	0.08605	0.00395	0.00945
29	0.02460	0.03104	0.01868	0.01691	0.02035	0.72327	0.01271	0.04412	0.01898	0.01678	0.01032	0.01198	0.00855	0.00681	0.00595	0.00170	0.01175	0.00428	0.00348	0.00773
30	0.02671	0.01058	0.01437	0.01123	0.01583	0.00919	0.00919	0.02933	0.01881	0.63331	0.12373	0.02616	0.02271	0.00889	0.00678	0.00204	0.00525	0.00736	0.00802	0.01050
31	0.01658	0.01572	0.10294	0.06507	0.02060	0.01230	0.02577	0.14297	0.01714	0.06795	0.01336	0.01497	0.01018	0.00592	0.00564	0.00147	0.00634	0.00477	0.00443	0.44591
32	0.02245	0.02332	0.02031	0.01843	0.07565	0.33771	0.05410	0.22354	0.11366	0.02569	0.01436	0.01538	0.01104	0.00725	0.00638	0.00190	0.00929	0.00549	0.00474	0.00932
33	0.00907	0.00686	0.00846	0.00847	0.01023	0.00625	0.00663	0.01172	0.01688	0.02251	0.39494	0.05812	0.26420	0.01531	0.00801	0.00229	0.00371	0.13367	0.00668	0.00598
34	0.01380	0.01200	0.01492	0.04474	0.07170	0.00956	0.00922	0.01687	0.01373	0.02125	0.01175	0.01403	0.00976	0.00503	0.00508	0.00110	0.00527	0.00414	0.00381	0.71224
35	0.01338	0.06306	0.70703	0.01847	0.02804	0.01571	0.02381	0.02080	0.01388	0.02064	0.01171	0.01377	0.00834	0.00623	0.00617	0.00206	0.00962	0.00481	0.00278	0.00968
36	0.00955	0.00649	0.00772	0.00772	0.00791	0.00668	0.00467	0.00992	0.00973	0.01317	0.02024	0.04032	0.02274	0.65345	0.14706	0.00705	0.00818	0.00917	0.00391	0.00429
37	0.00924	0.00935	0.04700	0.01013	0.01311	0.00748	0.09062	0.01189	0.01553	0.01968	0.16104	0.06979	0.48169	0.01440	0.00772	0.00220	0.00457	0.01251	0.00579	0.00626
38	0.01006	0.00770	0.01087	0.01074	0.01193	0.00894	0.00829	0.01316	0.05267	0.01599	0.01885	0.02895	0.01796	0.11000	0.57808	0.00911	0.04166	0.03517	0.00384	0.00603
39	0.00944	0.00628	0.00760	0.00797	0.00837	0.00633	0.00509	0.01032	0.01087	0.01525	0.02427	0.21672	0.02715	0.42078	0.11011	0.00549	0.00678	0.01117	0.08526	0.00477
40	0.01637	0.01414	0.01489	0.01340	0.01712	0.01637	0.01042	0.03498	0.71568	0.02754	0.02679	0.02456	0.02010	0.00893	0.00670	0.00223	0.00521	0.00744	0.00670	0.01042
41	0.01695	0.01414	0.02363	0.21117	0.47481	0.01467	0.01846	0.02081	0.01501	0.10625	0.01386	0.01734	0.01073	0.00632	0.00655	0.00202	0.00779	0.00595	0.00377	0.00976
42	0.00970	0.00740	0.00899	0.00847	0.01034	0.00703	0.00639	0.01397	0.08165	0.02503	0.54808	0.04935	0.17155	0.01359	0.00767	0.00211	0.00334	0.01184	0.00700	0.00648
43	0.00802	0.00573	0.00764	0.00917	0.00955	0.00535	0.00611	0.00917	0.01260	0.01681	0.03628	0.76434	0.04354	0.02062	0.00840	0.00267	0.00382	0.01872	0.00611	0.00535
44	0.01418	0.01477	0.02770	0.29859	0.06045	0.01652	0.29125	0.01846	0.01360	0.01851	0.01179	0.01699	0.00929	0.00708	0.00989	0.00233	0.15087	0.00660	0.00309	0.00803
45	0.01268	0.00917	0.01328	0.05644	0.04450	0.00928	0.04819	0.01642	0.05720	0.08554	0.29350	0.08006	0.03765	0.08397	0.01065	0.00268	0.03440	0.09138	0.00597	0.00706
46	0.02954	0.01120	0.01528	0.01171	0.01681	0.00968	0.00968	0.03208	0.01884	0.73213	0.02597	0.02241	0.01630	0.00815	0.00662	0.00204	0.00560	0.00662	0.00815	0.01120
47	0.02902	0.01132	0.01526	0.01178	0.01682	0.00994	0.00971	0.03220	0.04621	0.70446	0.02600	0.02249	0.01645	0.00818	0.00662	0.00204	0.00559	0.00665	0.00809	0.01117
48	0.01579	0.01484	0.02479	0.11305	0.59438	0.01520	0.01902	0.04418	0.01526	0.02151	0.01362	0.05349	0.01192	0.00675	0.00662	0.00202	0.00770	0.00650	0.00349	0.00988
49	0.01554	0.01776	0.03885	0.02775	0.03441	0.01665	0.70366	0.02109	0.01554	0.02109	0.01332	0.01776	0.00999	0.00555	0.00777	0.00222	0.01110	0.00777	0.00333	0.00888
50	0.01516	0.01778	0.06229	0.09611	0.03523	0.01641	0.61407	0.02067	0.01525	0.02067	0.01311	0.01760	0.00981	0.00567	0.00760	0.00221	0.01083	0.00748	0.00327	0.00876
51	0.01549	0.01739	0.03701	0.02759	0.06775	0.01652	0.63007	0.02076	0.01529	0.02095	0.01308	0.01747	0.00996	0.00574	0.00809	0.00220	0.03518	0.00751	0.00333	0.02862
52	0.01468	0.11815	0.32748	0.02138	0.04955	0.01692	0.27204	0.02094	0.03741	0.02041	0.01316	0.03435	0.01030	0.00636	0.00664	0.00207	0.00954	0.00623	0.00321	0.00919
53	0.04495	0.01166	0.02094	0.10685	0.05838	0.01145	0.23113	0.01729	0.01438	0.09113	0.02267	0.27326	0.02266	0.01149	0.00756	0.00236	0.00724	0.03213	0.00482	0.00764
54	0.01601	0.01722	0.05850	0.02806	0.14964	0.01569	0.50434	0.02112	0.01567	0.05538	0.04131	0.01882	0.01233	0.00606	0.00745	0.00216	0.00992	0.00745	0.00368	0.00918
55	0.04574	0.01512	0.04722	0.02272	0.05271	0.01392	0.44853	0.01927	0.01508	0.05002	0.01864	0.10432	0.01704	0.00883	0.00772	0.00234	0.00910	0.08923	0.00416	0.00827
56	0.01522	0.01771	0.06342	0.05302	0.09204	0.01617	0.57930	0.02057	0.01528	0.02086	0.01369	0.03573	0.01074	0.00601	0.00758	0.00220	0.01051	0.00770	0.00336	0.00890
57	0.01510	0.03563	0.08780	0.15371	0.04934	0.04529	0.36689	0.01978	0.01490	0.04878	0.01535	0.08816	0.01300	0.00739	0.00725	0.00219	0.00950	0.00788	0.00366	0.00841
58	0.01515	0.01595	0.03295	0.08573	0.06134	0.01520	0.52080	0.02010	0.01521	0.03847	0.01498	0.04424	0.01224	0.00667	0.00754	0.00219	0.00992	0.03392	0.00364	0.04378
59	0.01645	0.01808	0.05935	0.06985	0.03060	0.07204	0.46279	0.04331	0.01587	0.04998	0.01429	0.04821	0.01138	0.00672	0.00778	0.00217	0.03274	0.00746	0.00371	0.02721
60	0.06560	0.01586	0.04694	0.06660	0.05827	0.01501	0.42673	0.04323	0.03318	0.07272	0.01613	0.07970	0.01325	0.00728	0.00728	0.00221	0.00914	0.00800	0.00410	0.00875
61	0.16323	0.04184	0.04322	0.01949	0.02479	0.07240	0.33892	0.04475	0.01547	0.06844	0.04213	0.01696	0.01179	0.00659	0.00722	0.00209	0.04166	0.00637	0.00402	0.02865
62	0.03484	0.01673	0.04348	0.02011	0.02519	0.08733	0.35905	0.02088	0.03849	0.07397	0.03610	0.03995	0.06352	0.00787	0.00784	0.00213	0.04176	0.02429	0.00425	0.05222

[dist]
# distance from previous block
# <min> <max>
22	247

[block]
# block no. 1 follows, 33 sequences, length 80
# corresponding to MSA columns:
# 390-469
name=unknown_B
#
# <colnr> <probs for GDERKNQSTAVLIFYWHMCP>
#	G	D	E	R	K	N	Q	S	T	A	V	L	I	F	Y	W	H	M	C	P
0	0.07724	0.01688	0.04604	0.06115	0.02170	0.13766	0.13524	0.07007	0.02935	0.05905	0.02939	0.05185	0.01441	0.02088	0.00689	0.00199	0.00787	0.04981	0.00439	0.15813
1	0.06973	0.01747	0.03672	0.03925	0.08393	0.13733	0.14328	0.09162	0.04066	0.06563	0.03382	0.03810	0.03289	0.00736	0.00678	0.00191	0.02621	0.00635	0.00442	0.11656
2	0.03846	0.04014	0.05505	0.01632	0.02131	0.14953	0.13670	0.15825	0.04261	0.14342	0.03005	0.04341	0.01402	0.00781	0.00661	0.00197	0.00816	0.02564	0.00515	0.05540
3	0.07063	0.06882	0.04457	0.06760	0.02330	0.04462	0.15027	0.23825	0.04427	0.06016	0.03487	0.03337	0.01270	0.00745	0.00697	0.00201	0.03307	0.00631	0.00486	0.04590
4	0.11915	0.01556	0.04187	0.01405	0.01888	0.07692	0.09790	0.09237	0.05840	0.09216	0.01489	0.02972	0.01169	0.00944	0.05200	0.00233	0.02897	0.00561	0.00461	0.21346
5	0.09525	0.01717	0.02411	0.04082	0.02431	0.09715	0.25796	0.13284	0.04149	0.10474	0.03197	0.01731	0.01200	0.00670	0.00661	0.00199	0.00846	0.00629	0.00471	0.06814
6	0.11145	0.01557	0.02206	0.06260	0.02340	0.08283	0.22720	0.07038	0.04108	0.11477	0.05124	0.03728	0.03204	0.00739	0.00660	0.00201	0.00788	0.00684	0.00474	0.07263
7	0.14881	0.01703	0.02032	0.03619	0.02117	0.13817	0.15730	0.07569	0.03957	0.06450	0.01421	0.03513	0.01174	0.00765	0.00768	0.00205	0.07783	0.03122	0.00429	0.08944
8	0.15163	0.03299	0.01883	0.12190	0.05438	0.06911	0.08375	0.11571	0.03388	0.11277	0.01484	0.04106	0.01151	0.00706	0.00605	0.00192	0.00722	0.00584	0.00468	0.10487
9	0.16691	0.01769	0.06315	0.07993	0.02237	0.10854	0.10166	0.14356	0.03445	0.07659	0.03268	0.01600	0.01135	0.00678	0.00603	0.00192	0.00770	0.00547	0.00458	0.09263
10	0.08792	0.01277	0.01694	0.01448	0.04101	0.01354	0.07035	0.10437	0.04300	0.04835	0.05106	0.08606	0.01727	0.01050	0.02793	0.00231	0.13836	0.04009	0.00472	0.16898
11	0.19942	0.01315	0.01467	0.01192	0.01587	0.02957	0.02814	0.09406	0.03515	0.04854	0.05270	0.03754	0.01428	0.00799	0.00777	0.00188	0.10870	0.02625	0.00460	0.24779
12	0.01642	0.01340	0.01776	0.09735	0.06466	0.06095	0.08079	0.11680	0.04067	0.07973	0.02042	0.12905	0.01888	0.01026	0.00763	0.00219	0.03874	0.08253	0.04425	0.05753
13	0.14112	0.01938	0.01701	0.01517	0.04606	0.19283	0.01162	0.26917	0.13410	0.02945	0.01602	0.01838	0.01264	0.00795	0.00619	0.00201	0.00768	0.03860	0.00530	0.00932
14	0.03744	0.00825	0.01015	0.08913	0.01483	0.00809	0.00803	0.01418	0.06249	0.05413	0.06206	0.21529	0.26391	0.01467	0.00752	0.00232	0.00464	0.07139	0.00576	0.04572
15	0.00930	0.00638	0.00715	0.00722	0.00748	0.00624	0.00420	0.00954	0.01031	0.01350	0.02645	0.08054	0.10044	0.65101	0.02951	0.00575	0.00593	0.01049	0.00432	0.00422
16	0.01731	0.01468	0.03899	0.01337	0.01754	0.01573	0.01080	0.05975	0.59020	0.07190	0.02514	0.02324	0.01865	0.00857	0.00659	0.00215	0.00545	0.00709	0.00653	0.04632
17	0.01690	0.09662	0.01929	0.01356	0.01790	0.03159	0.10085	0.07967	0.04973	0.11389	0.04686	0.02686	0.03587	0.05632	0.00865	0.00219	0.03011	0.08053	0.00501	0.16757
18	0.04200	0.11482	0.48366	0.01866	0.05360	0.01621	0.08146	0.02154	0.01432	0.07604	0.01268	0.01451	0.00916	0.00625	0.00612	0.00201	0.00899	0.00510	0.00331	0.00956
19	0.01554	0.01776	0.03885	0.02775	0.03441	0.01665	0.70366	0.02109	0.01554	0.02109	0.01332	0.01776	0.00999	0.00555	0.00777	0.00222	0.01110	0.00777	0.00333	0.00888
20	0.02551	0.01766	0.01927	0.01478	0.02003	0.01926	0.01221	0.63303	0.02965	0.11592	0.01690	0.01652	0.01175	0.00793	0.00659	0.00198	0.00707	0.00600	0.00675	0.01120
21	0.01397	0.05156	0.42796	0.01625	0.02279	0.08160	0.01820	0.02050	0.07567	0.01994	0.01754	0.09936	0.04134	0.00884	0.00746	0.00216	0.05550	0.00693	0.00369	0.00875
22	0.00810	0.00579	0.00771	0.00911	0.00957	0.00540	0.00612	0.00937	0.01298	0.01741	0.07954	0.71937	0.04471	0.02017	0.00836	0.00264	0.00377	0.01829	0.00618	0.00540
23	0.00802	0.00573	0.00764	0.00917	0.00955	0.00535	0.00611	0.00917	0.01260	0.01681	0.03628	0.76434	0.04354	0.02062	0.00840	0.00267	0.00382	0.01872	0.00611	0.00535
24	0.01593	0.01527	0.02606	0.10788	0.66296	0.01555	0.02002	0.01988	0.01482	0.02106	0.01232	0.01641	0.01027	0.00593	0.00652	0.00198	0.00791	0.00586	0.00323	0.01013
25	0.02954	0.01120	0.01528	0.01171	0.01681	0.00968	0.00968	0.03208	0.01884	0.73213	0.02597	0.02241	0.01630	0.00815	0.00662	0.00204	0.00560	0.00662	0.00815	0.01120
26	0.01554	0.01776	0.03885	0.02775	0.03441	0.01665	0.70366	0.02109	0.01554	0.02109	0.01332	0.01776	0.00999	0.00555	0.00777	0.00222	0.01110	0.00777	0.00333	0.00888
27	0.00795	0.00668	0.00690	0.00684	0.00899	0.00563	0.00513	0.00977	0.01540	0.01871	0.13754	0.06183	0.65347	0.01633	0.00778	0.00221	0.00331	0.01368	0.00624	0.00563
28	0.04495	0.01571	0.01878	0.01556	0.01989	0.05194	0.11007	0.09166	0.46678	0.05723	0.02244	0.02163	0.01669	0.00812	0.00671	0.00217	0.00657	0.00703	0.00602	0.01005
29	0.02726	0.01486	0.01754	0.01345	0.01863	0.01511	0.01111	0.37260	0.02496	0.38296	0.02083	0.01907	0.01372	0.00802	0.00660	0.00201	0.00643	0.00627	0.00736	0.01120
30	0.00802	0.00573	0.00764	0.00917	0.00955	0.00535	0.00611	0.00917	0.01260	0.01681	0.03628	0.76434	0.04354	0.02062	0.00840	0.00267	0.00382	0.01872	0.00611	0.00535
31	0.01591	0.01525	0.02602	0.11169	0.65931	0.01554	0.02001	0.01987	0.01481	0.02104	0.01231	0.01642	0.01026	0.00594	0.00652	0.00198	0.00792	0.00586	0.00323	0.01012
32	0.01261	0.00781	0.00794	0.00770	0.00946	0.03148	0.00588	0.05106	0.01457	0.02324	0.02419	0.02902	0.06854	0.03448	0.07818	0.00269	0.00523	0.03253	0.54706	0.00632
33	0.00831	0.00593	0.00797	0.00949	0.01000	0.00559	0.00661	0.00966	0.01289	0.01713	0.03613	0.68815	0.04292	0.02036	0.00848	0.00271	0.00407	0.09209	0.00611	0.00543
34	0.01501	0.00790	0.01053	0.00939	0.01182	0.00711	0.00720	0.01771	0.01793	0.22974	0.43484	0.13178	0.04649	0.01282	0.00751	0.00214	0.00392	0.01123	0.00736	0.00755
35	0.02373	0.02776	0.01897	0.01670	0.02008	0.56113	0.01284	0.13366	0.01983	0.02013	0.01093	0.01273	0.00893	0.00740	0.00747	0.00185	0.07919	0.00465	0.00385	0.00816
36	0.01500	0.01609	0.05000	0.18380	0.21999	0.03631	0.18473	0.01896	0.01376	0.01903	0.01159	0.01632	0.00947	0.00718	0.01001	0.00226	0.16757	0.00623	0.00311	0.00860
37	0.01482	0.01603	0.03330	0.02674	0.10914	0.01516	0.52711	0.01978	0.01542	0.02087	0.01737	0.02535	0.03690	0.00735	0.00778	0.00228	0.00992	0.08234	0.00372	0.00863
38	0.01703	0.01364	0.01538	0.01168	0.01694	0.05406	0.03069	0.08386	0.07368	0.09383	0.04174	0.01698	0.01330	0.00627	0.00562	0.00140	0.00573	0.00509	0.00488	0.48822
39	0.00876	0.00671	0.00803	0.00770	0.00949	0.00597	0.00577	0.01135	0.01732	0.02328	0.48586	0.05431	0.30230	0.01462	0.00777	0.00213	0.00319	0.01263	0.00684	0.00597
40	0.01451	0.03715	0.01454	0.01028	0.01572	0.01024	0.00826	0.08153	0.01522	0.02286	0.01355	0.06096	0.01197	0.00618	0.00524	0.00119	0.00511	0.00501	0.00426	0.65624
41	0.04775	0.01427	0.07943	0.03986	0.11711	0.04986	0.05339	0.01907	0.07729	0.06402	0.05796	0.09501	0.01987	0.09764	0.01017	0.00257	0.02461	0.03809	0.00462	0.08741
42	0.01420	0.07413	0.55560	0.01799	0.02662	0.01597	0.05937	0.04417	0.05865	0.02167	0.01281	0.01464	0.00933	0.00634	0.00620	0.00201	0.00908	0.00510	0.00323	0.04287
43	0.01295	0.00849	0.00988	0.00909	0.01113	0.00870	0.00680	0.06566	0.08163	0.07331	0.10831	0.03550	0.12149	0.15211	0.12681	0.00411	0.00668	0.00878	0.14179	0.00678
44	0.01394	0.01495	0.03135	0.02342	0.02863	0.01406	0.52928	0.01859	0.01508	0.02033	0.01892	0.12874	0.01778	0.00906	0.00800	0.00237	0.00952	0.08389	0.00402	0.00807
45	0.01890	0.03732	0.13756	0.01561	0.03887	0.14729	0.04718	0.10149	0.04571	0.13372	0.08523	0.02765	0.01984	0.00927	0.00689	0.00212	0.00782	0.10341	0.00526	0.00886
46	0.01044	0.00791	0.03297	0.00856	0.01072	0.00661	0.00681	0.01340	0.01784	0.06904	0.53792	0.04888	0.17699	0.01346	0.00765	0.00210	0.00352	0.01170	0.00695	0.00652
47	0.00817	0.00667	0.00723	0.00724	0.00924	0.00574	0.00545	0.01013	0.01560	0.01942	0.18791	0.08847	0.55229	0.01627	0.00784	0.00224	0.00340	0.03469	0.00632	0.00569
48	0.01628	0.10181	0.03626	0.02478	0.03082	0.06347	0.55282	0.02103	0.01525	0.01992	0.01245	0.01644	0.00966	0.00590	0.00788	0.00213	0.04416	0.00699	0.00326	0.00868
49	0.03563	0.01585	0.02667	0.16141	0.13221	0.06087	0.28594	0.05092	0.05006	0.02156	0.04915	0.05039	0.01418	0.00718	0.00708	0.00214	0.00892	0.00737	0.00389	0.00859
50	0.02503	0.01844	0.01976	0.01515	0.02042	0.02042	0.01251	0.70562	0.03095	0.04149	0.01581	0.01581	0.01120	0.00790	0.00659	0.00198	0.00724	0.00593	0.00659	0.01120
51	0.00818	0.00640	0.00747	0.00817	0.00962	0.00569	0.00599	0.00982	0.01421	0.01782	0.06899	0.32835	0.38526	0.01823	0.00814	0.00247	0.00377	0.07975	0.00614	0.00554
52	0.02199	0.06235	0.04185	0.01739	0.06436	0.43169	0.01306	0.10265	0.14085	0.02139	0.01384	0.01480	0.01092	0.00715	0.00610	0.00184	0.00964	0.00507	0.00427	0.00880
53	0.02234	0.02658	0.01906	0.03995	0.02057	0.52836	0.01319	0.07669	0.01783	0.01805	0.01037	0.01283	0.00873	0.00775	0.00894	0.00195	0.15075	0.00471	0.00353	0.00782
54	0.01379	0.01181	0.01589	0.01188	0.01718	0.00955	0.08289	0.01726	0.03192	0.03845	0.01527	0.07159	0.01372	0.00678	0.00569	0.00137	0.00554	0.03104	0.00426	0.59414
55	0.01323	0.01125	0.01320	0.00971	0.01514	0.00852	0.00767	0.01602	0.01357	0.02110	0.01356	0.07031	0.01230	0.00606	0.00514	0.00110	0.00480	0.00502	0.00407	0.74823
56	0.01951	0.56978	0.03016	0.01282	0.01784	0.22201	0.01166	0.02151	0.01482	0.01566	0.00943	0.01092	0.00846	0.00595	0.00469	0.00149	0.00836	0.00372	0.00297	0.00822
57	0.00936	0.00629	0.00724	0.00746	0.00751	0.00624	0.00429	0.00952	0.01000	0.01333	0.02292	0.14427	0.02668	0.66369	0.02999	0.00586	0.00602	0.01086	0.00429	0.00418
58	0.01463	0.01394	0.02372	0.34716	0.43381	0.01520	0.01938	0.01875	0.01420	0.01949	0.01209	0.01684	0.00972	0.00617	0.00655	0.00206	0.00823	0.00586	0.00312	0.00909
59	0.01612	0.01567	0.02802	0.20155	0.27684	0.01624	0.22790	0.09536	0.01649	0.02248	0.01289	0.01698	0.00999	0.00616	0.00692	0.00209	0.00898	0.00645	0.00357	0.00931
60	0.00991	0.00724	0.00970	0.01099	0.01249	0.00704	0.00929	0.01253	0.01486	0.01910	0.03977	0.14700	0.14124	0.01822	0.00882	0.00287	0.00541	0.51154	0.00607	0.00591
61	0.00820	0.00587	0.00780	0.00904	0.00959	0.00547	0.00613	0.00962	0.01345	0.01815	0.13278	0.66401	0.04615	0.01962	0.00831	0.00259	0.00372	0.01776	0.00627	0.00547
62	0.01168	0.00925	0.01192	0.04607	0.05906	0.00969	0.00953	0.05008	0.14555	0.02119	0.04990	0.32360	0.05996	0.01543	0.00789	0.00253	0.00514	0.14845	0.00594	0.00716
63	0.02378	0.01438	0.05041	0.03742	0.01876	0.01365	0.01132	0.26176	0.04563	0.32443	0.02356	0.02390	0.04962	0.00877	0.00669	0.00207	0.00629	0.03532	0.03192	0.01032
64	0.00820	0.00587	0.00780	0.00904	0.00959	0.00547	0.00613	0.00962	0.01345	0.01815	0.13278	0.66401	0.04615	0.01962	0.00831	0.00259	0.00372	0.01776	0.00627	0.00547
65	0.07473	0.01727	0.01825	0.01425	0.01911	0.01917	0.01165	0.59452	0.06219	0.03863	0.01616	0.01724	0.01199	0.04505	0.00775	0.00221	0.00696	0.00603	0.00630	0.01054
66	0.05643	0.21788	0.37537	0.01524	0.02273	0.01786	0.01745	0.08431	0.01574	0.10032	0.01293	0.01400	0.00945	0.00645	0.00570	0.00189	0.00813	0.00475	0.00379	0.00957
67	0.01240	0.09328	0.01337	0.01010	0.01192	0.01167	0.00766	0.06380	0.08346	0.01870	0.08490	0.03255	0.05655	0.28017	0.14025	0.00499	0.05502	0.00819	0.00457	0.00644
68	0.01069	0.00681	0.00901	0.00886	0.01036	0.00625	0.00649	0.01313	0.01676	0.08551	0.44695	0.27109	0.05226	0.01524	0.00786	0.00226	0.00355	0.01358	0.00697	0.00638
69	0.01673	0.01505	0.02527	0.20091	0.39310	0.01573	0.09402	0.08713	0.01635	0.05245	0.01324	0.01696	0.01032	0.00629	0.00668	0.00205	0.00825	0.00611	0.00372	0.00964
70	0.03760	0.01230	0.02052	0.22009	0.11324	0.01273	0.12625	0.02084	0.03888	0.16640	0.06222	0.05594	0.01710	0.00978	0.03575	0.00250	0.00786	0.02661	0.00479	0.00860
71	0.01407	0.01354	0.02296	0.34754	0.28179	0.01545	0.05689	0.01794	0.01350	0.01855	0.01194	0.01712	0.00973	0.00859	0.03883	0.00253	0.09150	0.00600	0.00309	0.00843
72	0.01831	0.01986	0.02959	0.02363	0.07250	0.15488	0.37546	0.09303	0.07918	0.02266	0.01396	0.01684	0.01070	0.00653	0.00756	0.00210	0.03350	0.00670	0.00395	0.00906
73	0.01677	0.01558	0.09014	0.01816	0.09201	0.05573	0.15593	0.02107	0.04885	0.14780	0.02204	0.09786	0.06078	0.03272	0.00777	0.00220	0.00738	0.02315	0.00489	0.07917
74	0.10460	0.03237	0.04217	0.05006	0.06514	0.08499	0.13875	0.05016	0.09339	0.06874	0.05598	0.08154	0.03857	0.00991	0.02810	0.00238	0.03249	0.00760	0.00471	0.00835
75	0.08478	0.09211	0.02939	0.04427	0.05056	0.06361	0.36197	0.05499	0.05912	0.02219	0.01372	0.01764	0.01088	0.00636	0.00669	0.00204	0.00910	0.02413	0.00380	0.04265
76	0.05641	0.01616	0.02888	0.02192	0.04681	0.04526	0.41249	0.06161	0.01651	0.09315	0.04700	0.04788	0.01411	0.00710	0.00756	0.00213	0.02725	0.00757	0.00433	0.03587
77	0.13457	0.02997	0.01998	0.03553	0.05501	0.09855	0.12823	0.14568	0.05752	0.04908	0.01776	0.04145	0.04898	0.00826	0.00717	0.00208	0.04336	0.03217	0.00470	0.03995
78	0.11204	0.01616	0.03627	0.01623	0.02086	0.09483	0.19717	0.06694	0.11936	0.04553	0.05189	0.06670	0.03819	0.00812	0.00660	0.00202	0.00750	0.00733	0.00477	0.08149
79	0.13656	0.01452	0.03712	0.01600	0.04848	0.03648	0.14724	0.12022	0.06954	0.11507	0.06529	0.09862	0.01826	0.00873	0.00663	0.00210	0.00683	0.00774	0.00533	0.03923

[dist]
# distance from previous block
# <min> <max>
39	236

[block]
# block no. 2 follows, 33 sequences, length 25
# corresponding to MSA columns:
# 756-780
name=unknown_C
#
# <colnr> <probs for GDERKNQSTAVLIFYWHMCP>
#	G	D	E	R	K	N	Q	S	T	A	V	L	I	F	Y	W	H	M	C	P
0	0.05285	0.05300	0.08189	0.04132	0.11405	0.09049	0.12927	0.07087	0.01612	0.02229	0.07637	0.04824	0.01552	0.00747	0.00697	0.00190	0.03704	0.00649	0.00405	0.12378
1	0.04216	0.15652	0.12446	0.01722	0.06726	0.14736	0.10088	0.07287	0.01634	0.04753	0.01374	0.01547	0.03202	0.00646	0.00588	0.00175	0.00835	0.00521	0.00378	0.11473
2	0.01725	0.04533	0.01911	0.01917	0.18347	0.07415	0.04886	0.07536	0.06792	0.09187	0.07860	0.05021	0.04804	0.00804	0.00642	0.00184	0.00660	0.00695	0.00493	0.14586
3	0.01372	0.01199	0.05807	0.03360	0.08443	0.02612	0.01022	0.01817	0.07784	0.08405	0.14918	0.08898	0.10559	0.01047	0.00681	0.00195	0.00530	0.03847	0.00546	0.16959
4	0.03611	0.01454	0.04953	0.01595	0.11696	0.09624	0.04122	0.04332	0.01505	0.02055	0.07821	0.04299	0.06653	0.10454	0.01018	0.00239	0.02638	0.02749	0.00432	0.18749
5	0.08748	0.12819	0.06521	0.01103	0.01510	0.01290	0.03547	0.04007	0.09329	0.11685	0.09491	0.03191	0.18470	0.04575	0.00770	0.00222	0.00554	0.00821	0.00545	0.00801
6	0.23510	0.01849	0.21847	0.01661	0.10690	0.01367	0.04151	0.05942	0.01438	0.02414	0.03795	0.05263	0.05877	0.00965	0.03848	0.00243	0.00743	0.00631	0.00402	0.03364
7	0.05550	0.21407	0.14803	0.01532	0.02126	0.03883	0.11098	0.12883	0.01697	0.07489	0.01522	0.01671	0.03798	0.00851	0.03586	0.00220	0.00826	0.00555	0.00415	0.04091
8	0.01614	0.01955	0.13655	0.07519	0.16455	0.08880	0.16758	0.06700	0.08693	0.02241	0.04837	0.04744	0.01444	0.00738	0.00685	0.00209	0.00864	0.00691	0.00406	0.00913
9	0.01512	0.04708	0.34555	0.02186	0.18140	0.03357	0.04477	0.02128	0.05961	0.06519	0.01706	0.06884	0.03420	0.00773	0.00654	0.00208	0.00818	0.00664	0.00384	0.00947
10	0.01383	0.04786	0.11130	0.01161	0.01799	0.01065	0.03304	0.01743	0.01373	0.02110	0.01166	0.01369	0.00951	0.00511	0.00513	0.00118	0.00582	0.00414	0.00369	0.64153
11	0.01517	0.04251	0.01454	0.01024	0.01567	0.04117	0.00821	0.01790	0.01418	0.07190	0.01370	0.04874	0.01168	0.00595	0.00518	0.00118	0.00527	0.00478	0.00424	0.64781
12	0.01586	0.01648	0.06988	0.03392	0.53099	0.01550	0.05979	0.02195	0.10408	0.02235	0.03491	0.01824	0.01300	0.00648	0.00664	0.00202	0.00767	0.00629	0.00379	0.01017
13	0.01344	0.01328	0.02255	0.01764	0.05425	0.01190	0.26334	0.01706	0.01440	0.02036	0.02111	0.04955	0.11566	0.00776	0.00733	0.00181	0.04133	0.00749	0.00402	0.29573
14	0.06645	0.01593	0.11796	0.04944	0.15703	0.03202	0.14020	0.02014	0.01513	0.11415	0.04474	0.08169	0.01722	0.00859	0.00683	0.00215	0.00753	0.05187	0.04223	0.00869
15	0.01798	0.01115	0.01544	0.01450	0.10648	0.00957	0.03065	0.02088	0.01609	0.24386	0.10261	0.05790	0.05216	0.00831	0.00635	0.00173	0.00534	0.00719	0.00572	0.26608
16	0.01388	0.01190	0.01375	0.01005	0.01573	0.00940	0.00802	0.01810	0.07177	0.02196	0.01295	0.01455	0.01061	0.00521	0.00503	0.00108	0.00490	0.00419	0.00413	0.74278
17	0.01001	0.00788	0.01065	0.03896	0.04154	0.00726	0.03794	0.01257	0.01605	0.04330	0.25572	0.09538	0.32474	0.01444	0.00777	0.00224	0.00428	0.05674	0.00616	0.00637
18	0.01506	0.01119	0.01322	0.01039	0.01499	0.00952	0.00815	0.07699	0.04416	0.08504	0.04352	0.13901	0.01827	0.00847	0.00593	0.00152	0.00492	0.00717	0.00510	0.47739
19	0.00812	0.00588	0.00758	0.00883	0.00939	0.00545	0.00592	0.00933	0.01290	0.01707	0.06425	0.64394	0.10205	0.05415	0.00947	0.00278	0.00387	0.01762	0.00606	0.00534
20	0.01799	0.14423	0.25852	0.01768	0.05058	0.13850	0.05841	0.10208	0.06730	0.03439	0.01290	0.01452	0.00989	0.00682	0.00668	0.00195	0.03935	0.00514	0.00376	0.00930
21	0.01366	0.11726	0.30375	0.01777	0.07045	0.01513	0.09098	0.01975	0.06317	0.02123	0.11423	0.02379	0.03759	0.00820	0.00692	0.00208	0.02384	0.03745	0.00401	0.00875
22	0.00933	0.00650	0.00824	0.00843	0.00883	0.00679	0.00550	0.01016	0.01026	0.01402	0.02182	0.13041	0.02425	0.46188	0.23825	0.00714	0.00935	0.01001	0.00413	0.00472
23	0.01395	0.01395	0.02590	0.23168	0.23078	0.01434	0.22400	0.01826	0.01481	0.02010	0.06198	0.04341	0.04214	0.00733	0.00710	0.00214	0.00847	0.00753	0.00365	0.00847
24	0.01634	0.05583	0.15022	0.06999	0.29218	0.06467	0.04921	0.02197	0.08022	0.06021	0.04809	0.03372	0.01405	0.00709	0.00650	0.00201	0.00794	0.00629	0.00398	0.00949

[dist]
# distance from previous block
# <min> <max>
0	1

[block]
# block no. 3 follows, 33 sequences, length 15
# corresponding to MSA columns:
# 782-796
name=unknown_D
#
# <colnr> <probs for GDERKNQSTAVLIFYWHMCP>
#	G	D	E	R	K	N	Q	S	T	A	V	L	I	F	Y	W	H	M	C	P
0	0.01366	0.01259	0.03731	0.04720	0.07877	0.03774	0.20310	0.02946	0.03159	0.06496	0.02411	0.31939	0.02491	0.01242	0.00769	0.00237	0.00709	0.03306	0.00495	0.00764
1	0.01747	0.01894	0.01819	0.01604	0.01759	0.25042	0.01282	0.05463	0.01401	0.01718	0.01089	0.01542	0.00992	0.01561	0.12616	0.00363	0.36493	0.00548	0.00334	0.00735
2	0.01480	0.01574	0.09822	0.04773	0.22575	0.01237	0.03465	0.04341	0.01474	0.02195	0.01211	0.01479	0.00982	0.00551	0.00572	0.00150	0.00668	0.00484	0.00364	0.40603
3	0.05554	0.21077	0.27703	0.01467	0.02096	0.05603	0.01554	0.05066	0.15718	0.02162	0.01442	0.01562	0.01121	0.00881	0.04115	0.00233	0.00830	0.00511	0.00387	0.00919
4	0.06960	0.00782	0.00887	0.00822	0.01078	0.00704	0.00630	0.01464	0.01587	0.14463	0.17700	0.11258	0.36382	0.01418	0.00737	0.00219	0.00386	0.01194	0.00654	0.00676
5	0.13713	0.02039	0.30274	0.01631	0.07814	0.01299	0.03856	0.01896	0.05425	0.02233	0.04276	0.07087	0.06577	0.00871	0.00636	0.00211	0.00714	0.03660	0.00408	0.05381
6	0.01738	0.01894	0.04749	0.13561	0.43451	0.16766	0.01817	0.02151	0.03908	0.01989	0.01229	0.01575	0.01004	0.00628	0.00640	0.00195	0.00878	0.00554	0.00334	0.00937
7	0.00884	0.00669	0.00803	0.00778	0.00936	0.00616	0.00570	0.01106	0.01584	0.02121	0.37587	0.05158	0.27602	0.10139	0.06275	0.00321	0.00458	0.01197	0.00624	0.00572
8	0.00943	0.00909	0.05836	0.01055	0.05738	0.00717	0.00792	0.01229	0.01650	0.02219	0.36337	0.08507	0.28824	0.01397	0.00762	0.00215	0.00398	0.01208	0.00623	0.00645
9	0.01861	0.53792	0.10645	0.01317	0.01887	0.13964	0.01296	0.05389	0.01513	0.01742	0.00992	0.01138	0.00857	0.00599	0.00483	0.00155	0.00811	0.00390	0.00309	0.00859
10	0.00953	0.00755	0.00880	0.00848	0.01051	0.00723	0.00647	0.01369	0.09160	0.02223	0.32496	0.05136	0.31102	0.01671	0.05544	0.00273	0.00446	0.03437	0.00647	0.00638
11	0.01848	0.22523	0.12702	0.01579	0.05657	0.14816	0.01379	0.05363	0.18465	0.04705	0.01502	0.01574	0.01176	0.00712	0.00631	0.00188	0.03312	0.00520	0.00423	0.00924
12	0.02056	0.37354	0.02580	0.01431	0.04411	0.21881	0.01190	0.09622	0.01728	0.06124	0.02746	0.01536	0.01143	0.00694	0.00541	0.00167	0.00821	0.02720	0.00392	0.00863
13	0.01525	0.01215	0.01403	0.01035	0.01577	0.01006	0.00824	0.08003	0.04292	0.05161	0.01364	0.01592	0.01118	0.03907	0.00643	0.00140	0.00520	0.00458	0.00443	0.63774
14	0.01862	0.41832	0.02611	0.01275	0.01720	0.10815	0.01126	0.06855	0.11354	0.04339	0.01322	0.01505	0.01120	0.03862	0.00740	0.00192	0.05733	0.00483	0.00392	0.00864

[dist]
# distance from previous block
# <min> <max>
0	1

[block]
# block no. 4 follows, 33 sequences, length 10
# corresponding to MSA columns:
# 798-807
name=unknown_E
#
# <colnr> <probs for GDERKNQSTAVLIFYWHMCP>
#	G	D	E	R	K	N	Q	S	T	A	V	L	I	F	Y	W	H	M	C	P
0	0.00965	0.00724	0.00928	0.01018	0.01191	0.00686	0.00857	0.01228	0.01538	0.01963	0.09714	0.06904	0.24781	0.01737	0.00859	0.00271	0.00501	0.42926	0.00617	0.00592
1	0.01079	0.00705	0.00927	0.00853	0.01034	0.00646	0.00646	0.01385	0.01865	0.07766	0.67339	0.04723	0.05879	0.01307	0.00768	0.00207	0.00329	0.01152	0.00731	0.00657
2	0.01760	0.77260	0.03450	0.01126	0.01690	0.02605	0.01126	0.01971	0.01338	0.01549	0.00915	0.01056	0.00845	0.00563	0.00422	0.00141	0.00704	0.00352	0.00282	0.00845
3	0.02050	0.01400	0.01499	0.01214	0.01612	0.01526	0.00982	0.39617	0.10203	0.06645	0.01917	0.01966	0.01410	0.00796	0.00601	0.00188	0.00571	0.00619	0.24223	0.00962
4	0.00950	0.00666	0.00857	0.00857	0.00905	0.00714	0.00572	0.01046	0.00998	0.01379	0.01948	0.03606	0.02089	0.47549	0.32249	0.00809	0.01097	0.00855	0.00380	0.00476
5	0.02048	0.01658	0.01708	0.01431	0.01860	0.05384	0.01154	0.35076	0.30739	0.03303	0.02133	0.02327	0.01655	0.00899	0.00678	0.00214	0.00657	0.05400	0.00644	0.01034
6	0.01205	0.00840	0.03657	0.01025	0.01237	0.00721	0.00810	0.01425	0.01405	0.11515	0.07232	0.34138	0.06169	0.02012	0.10198	0.00344	0.00630	0.08558	0.00584	0.06291
7	0.01374	0.01337	0.05738	0.01134	0.01746	0.00962	0.04968	0.01709	0.01378	0.02140	0.01180	0.01391	0.00968	0.00500	0.00513	0.00111	0.00553	0.00418	0.00380	0.71502
8	0.01796	0.13641	0.07775	0.01570	0.07286	0.13761	0.03334	0.08419	0.05832	0.04949	0.01345	0.01617	0.01109	0.05114	0.00783	0.00195	0.03159	0.00514	0.00405	0.17395
9	0.01164	0.01024	0.03932	0.01175	0.01438	0.02642	0.07629	0.01455	0.03675	0.05456	0.08096	0.26739	0.13902	0.04309	0.00902	0.00245	0.02778	0.05520	0.00548	0.07371

[dist]
# distance from previous block
# <min> <max>
1	10

[block]
# block no. 5 follows, 33 sequences, length 11
# corresponding to MSA columns:
# 818-828
name=unknown_F
#
# <colnr> <probs for GDERKNQSTAVLIFYWHMCP>
#	G	D	E	R	K	N	Q	S	T	A	V	L	I	F	Y	W	H	M	C	P
0	0.06051	0.06825	0.23364	0.04356	0.05932	0.06125	0.04235	0.14885	0.06261	0.02519	0.04494	0.01639	0.01230	0.00687	0.00610	0.00190	0.00783	0.00546	0.00422	0.08847
1	0.01685	0.01638	0.07937	0.01642	0.10886	0.05804	0.01246	0.17791	0.05110	0.02619	0.06230	0.02211	0.01617	0.00776	0.00628	0.00177	0.00665	0.05987	0.00484	0.24868
2	0.00867	0.00695	0.00779	0.00767	0.00961	0.00623	0.00571	0.01152	0.04726	0.02090	0.27299	0.10980	0.43011	0.01560	0.00777	0.00221	0.00338	0.01333	0.00650	0.00597
3	0.01851	0.38273	0.02657	0.01334	0.01830	0.09575	0.03831	0.11646	0.04364	0.02066	0.01133	0.01291	0.00953	0.00651	0.00625	0.00163	0.05916	0.00445	0.00372	0.11024
4	0.00940	0.00705	0.01058	0.01058	0.01176	0.00823	0.00823	0.01176	0.01058	0.01528	0.01763	0.02586	0.01646	0.04937	0.74255	0.01058	0.01763	0.00705	0.00353	0.00588
5	0.04879	0.14731	0.13906	0.01636	0.02159	0.06785	0.15349	0.04038	0.07995	0.05756	0.04227	0.04415	0.04319	0.00883	0.02381	0.00223	0.04373	0.00667	0.00417	0.00861
6	0.01906	0.12749	0.06919	0.01886	0.11139	0.03801	0.09309	0.13166	0.18409	0.09449	0.01711	0.01779	0.01284	0.00727	0.00677	0.00201	0.02788	0.00609	0.00498	0.00994
7	0.00802	0.00573	0.00764	0.00917	0.00955	0.00535	0.00611	0.00917	0.01260	0.01681	0.03628	0.76434	0.04354	0.02062	0.00840	0.00267	0.00382	0.01872	0.00611	0.00535
8	0.00915	0.00620	0.00731	0.00772	0.00783	0.00610	0.00457	0.00946	0.01040	0.01387	0.02498	0.23982	0.02928	0.56460	0.02666	0.00537	0.00568	0.01207	0.00457	0.00436
9	0.01843	0.07282	0.01662	0.01169	0.01691	0.09252	0.00948	0.07752	0.08056	0.11677	0.01494	0.01555	0.01144	0.00619	0.00548	0.00142	0.00613	0.00476	0.00480	0.41595
10	0.02083	0.02095	0.02013	0.01725	0.04640	0.25602	0.08803	0.20940	0.13433	0.02585	0.01606	0.04943	0.01296	0.00780	0.00652	0.00194	0.00862	0.00629	0.00493	0.04627

[dist]
# distance from previous block
# <min> <max>
0	3

[block]
# block no. 6 follows, 33 sequences, length 45
# corresponding to MSA columns:
# 832-876
name=unknown_G
#
# <colnr> <probs for GDERKNQSTAVLIFYWHMCP>
#	G	D	E	R	K	N	Q	S	T	A	V	L	I	F	Y	W	H	M	C	P
0	0.03523	0.01332	0.01799	0.01431	0.05149	0.01195	0.09403	0.09929	0.05533	0.09602	0.04187	0.01730	0.01315	0.00626	0.00587	0.00153	0.00607	0.00547	0.00483	0.40868
1	0.01677	0.04177	0.02230	0.09890	0.37606	0.11788	0.03353	0.02061	0.04402	0.04684	0.01523	0.05843	0.01356	0.03941	0.00771	0.00220	0.00804	0.02393	0.00381	0.00900
2	0.01052	0.00809	0.01087	0.01045	0.01200	0.00776	0.05063	0.07337	0.01421	0.01900	0.03154	0.45908	0.07980	0.12881	0.01172	0.00302	0.00499	0.01447	0.00556	0.04411
3	0.01444	0.01375	0.05895	0.01280	0.01576	0.05895	0.01064	0.09242	0.22376	0.02347	0.05872	0.13537	0.04876	0.03075	0.04080	0.00282	0.03750	0.10653	0.00570	0.00810
4	0.00795	0.00658	0.00699	0.00727	0.00920	0.00562	0.00541	0.00960	0.01468	0.01774	0.06105	0.15971	0.59969	0.01728	0.00793	0.00232	0.00353	0.04577	0.00611	0.00555
5	0.01449	0.01965	0.20624	0.07746	0.06477	0.01518	0.23720	0.04568	0.12304	0.02192	0.01744	0.02009	0.04155	0.00968	0.05363	0.00269	0.00944	0.00688	0.00392	0.00905
6	0.01405	0.01194	0.01386	0.00994	0.01577	0.00918	0.00797	0.04070	0.01426	0.02215	0.01184	0.01373	0.00980	0.00498	0.00494	0.00101	0.00496	0.00397	0.00399	0.78096
7	0.66660	0.01380	0.01157	0.00988	0.01418	0.01583	0.00814	0.14837	0.01492	0.03178	0.01041	0.01166	0.00789	0.00645	0.00455	0.00203	0.00550	0.00401	0.00455	0.00789
8	0.00926	0.00722	0.00844	0.00870	0.01028	0.00688	0.00635	0.01283	0.08773	0.02015	0.18401	0.25956	0.25807	0.04748	0.00897	0.00253	0.00388	0.04526	0.00631	0.00609
9	0.00802	0.00573	0.00764	0.00917	0.00955	0.00535	0.00611	0.00917	0.01260	0.01681	0.03628	0.76434	0.04354	0.02062	0.00840	0.00267	0.00382	0.01872	0.00611	0.00535
10	0.01365	0.01170	0.01365	0.00975	0.01560	0.00878	0.00780	0.01658	0.01365	0.02145	0.01170	0.01365	0.00975	0.00488	0.00488	0.00098	0.00488	0.00390	0.00390	0.80888
11	0.01436	0.07288	0.05748	0.01119	0.01519	0.01193	0.00959	0.06187	0.15720	0.05780	0.22692	0.03090	0.04451	0.00966	0.00659	0.00190	0.00509	0.04381	0.00581	0.15531
12	0.81514	0.01273	0.00968	0.00866	0.01273	0.01477	0.00713	0.01935	0.01120	0.02954	0.00917	0.01069	0.00713	0.00611	0.00407	0.00204	0.00509	0.00356	0.00407	0.00713
13	0.00824	0.00655	0.00744	0.00778	0.00948	0.00574	0.00578	0.01010	0.01504	0.01893	0.15149	0.20658	0.44390	0.01713	0.00800	0.00235	0.00359	0.05997	0.00627	0.00564
14	0.01760	0.77260	0.03450	0.01126	0.01690	0.02605	0.01126	0.01971	0.01338	0.01549	0.00915	0.01056	0.00845	0.00563	0.00422	0.00141	0.00704	0.00352	0.00282	0.00845
15	0.01162	0.00888	0.01019	0.00915	0.01199	0.00835	0.00707	0.01702	0.14206	0.05603	0.26056	0.04418	0.24717	0.01246	0.00721	0.00204	0.00397	0.02878	0.00640	0.10487
16	0.01401	0.01381	0.01969	0.10665	0.02038	0.01904	0.01454	0.01576	0.01044	0.01586	0.00941	0.01571	0.00915	0.03536	0.02016	0.00291	0.64119	0.00590	0.00292	0.00711
17	0.05101	0.01619	0.01638	0.01367	0.01794	0.05509	0.01092	0.29974	0.32178	0.05462	0.02058	0.01981	0.01517	0.00821	0.00640	0.00205	0.00627	0.00643	0.04747	0.01026
18	0.02788	0.01140	0.01506	0.01171	0.01663	0.01019	0.00962	0.05156	0.05545	0.64731	0.02727	0.02389	0.04345	0.00851	0.00667	0.00205	0.00554	0.00692	0.00795	0.01095
19	0.01457	0.01271	0.04239	0.01315	0.01625	0.03431	0.01110	0.02540	0.36009	0.04595	0.02894	0.04385	0.02637	0.01249	0.00763	0.00253	0.00595	0.28153	0.00623	0.00856
20	0.01391	0.15345	0.62136	0.01755	0.02662	0.01703	0.02221	0.02066	0.01381	0.01998	0.01138	0.01336	0.00836	0.00615	0.00593	0.00198	0.00929	0.00465	0.00279	0.00952
21	0.00880	0.00714	0.00788	0.00788	0.00983	0.00652	0.00583	0.01203	0.07138	0.02012	0.18849	0.15769	0.44076	0.01599	0.00778	0.00226	0.00351	0.01368	0.00638	0.00604
22	0.00940	0.00705	0.01058	0.01058	0.01176	0.00823	0.00823	0.01176	0.01058	0.01528	0.01763	0.02586	0.01646	0.04937	0.74255	0.01058	0.01763	0.00705	0.00353	0.00588
23	0.01542	0.01741	0.03689	0.02665	0.03261	0.01702	0.63148	0.02054	0.01497	0.02054	0.01283	0.01741	0.00985	0.00617	0.00922	0.00229	0.08917	0.00756	0.00328	0.00870
24	0.01637	0.01414	0.01489	0.01340	0.01712	0.01637	0.01042	0.03498	0.71568	0.02754	0.02679	0.02456	0.02010	0.00893	0.00670	0.00223	0.00521	0.00744	0.00670	0.01042
25	0.00830	0.00611	0.00819	0.00952	0.00989	0.00600	0.00648	0.00946	0.01249	0.01676	0.03507	0.73142	0.04201	0.02023	0.00898	0.00268	0.03687	0.01815	0.00597	0.00543
26	0.00885	0.00737	0.00781	0.00764	0.00985	0.00669	0.00574	0.01234	0.08287	0.01999	0.16120	0.07910	0.53600	0.01556	0.00769	0.00221	0.00350	0.01312	0.00634	0.00612
27	0.02954	0.01120	0.01528	0.01171	0.01681	0.00968	0.00968	0.03208	0.01884	0.73213	0.02597	0.02241	0.01630	0.00815	0.00662	0.00204	0.00560	0.00662	0.00815	0.01120
28	0.00802	0.00573	0.00764	0.00917	0.00955	0.00535	0.00611	0.00917	0.01260	0.01681	0.03628	0.76434	0.04354	0.02062	0.00840	0.00267	0.00382	0.01872	0.00611	0.00535
29	0.02212	0.29353	0.02426	0.01495	0.01913	0.48892	0.01221	0.02396	0.01679	0.01589	0.00981	0.01141	0.00847	0.00638	0.00533	0.00159	0.01016	0.00399	0.00319	0.00792
