[name]
unknown

[dist]
# distance from previous block
# <min> <max>
0	48

[block]
# block no. 0 follows, 33 sequences, length 22
# corresponding to MSA columns:
# 48-69
name=unknown_A
#
# <colnr> <probs for GDERKNQSTAVLIFYWHMCP>
#	G	D	E	R	K	N	Q	S	T	A	V	L	I	F	Y	W	H	M	C	P
0	0.14693	0.01745	0.08599	0.01624	0.02132	0.06124	0.15119	0.09558	0.14633	0.09880	0.01685	0.01896	0.01275	0.00748	0.00688	0.00212	0.03115	0.02694	0.00495	0.03087
1	0.05234	0.05261	0.21499	0.02097	0.15673	0.06819	0.05297	0.07856	0.08901	0.02284	0.01328	0.01544	0.01036	0.00693	0.00746	0.00202	0.07099	0.00543	0.00380	0.05506
2	0.01062	0.00881	0.01357	0.09010	0.01639	0.01036	0.04674	0.01289	0.01091	0.01542	0.01630	0.02605	0.01564	0.15319	0.43397	0.00774	0.09459	0.00723	0.00346	0.00603
3	0.01544	0.01468	0.02080	0.15894	0.33254	0.07341	0.01642	0.04739	0.04307	0.02053	0.01598	0.02473	0.01435	0.01045	0.04696	0.00263	0.03207	0.09701	0.00386	0.00874
4	0.00891	0.00671	0.00824	0.00786	0.00959	0.00604	0.00589	0.01164	0.01768	0.02414	0.55174	0.05289	0.23588	0.01430	0.00777	0.00211	0.00317	0.01243	0.00695	0.00604
5	0.02072	0.01560	0.01699	0.01371	0.01798	0.01732	0.01108	0.47443	0.12921	0.03446	0.02005	0.02135	0.04463	0.04405	0.08458	0.00310	0.00782	0.00677	0.00616	0.00998
6	0.01548	0.01325	0.01396	0.01264	0.01605	0.01516	0.00972	0.03200	0.63338	0.02608	0.02856	0.02782	0.05830	0.05729	0.00845	0.00249	0.00518	0.00792	0.00650	0.00975
7	0.81514	0.01273	0.00968	0.00866	0.01273	0.01477	0.00713	0.01935	0.01120	0.02954	0.00917	0.01069	0.00713	0.00611	0.00407	0.00204	0.00509	0.00356	0.00407	0.00713
8	0.01243	0.01170	0.01975	0.75282	0.04534	0.01463	0.01828	0.01682	0.01316	0.01682	0.01170	0.01755	0.00878	0.00658	0.00658	0.00219	0.00878	0.00585	0.00293	0.00731
9	0.81514	0.01273	0.00968	0.00866	0.01273	0.01477	0.00713	0.01935	0.01120	0.02954	0.00917	0.01069	0.00713	0.00611	0.00407	0.00204	0.00509	0.00356	0.00407	0.00713
10	0.81514	0.01273	0.00968	0.00866	0.01273	0.01477	0.00713	0.01935	0.01120	0.02954	0.00917	0.01069	0.00713	0.00611	0.00407	0.00204	0.00509	0.00356	0.00407	0.00713
11	0.02786	0.01172	0.01528	0.01180	0.01675	0.01058	0.00972	0.10199	0.01991	0.61978	0.02714	0.02397	0.05483	0.00859	0.00668	0.00204	0.00565	0.00695	0.00787	0.01089
12	0.81514	0.01273	0.00968	0.00866	0.01273	0.01477	0.00713	0.01935	0.01120	0.02954	0.00917	0.01069	0.00713	0.00611	0.00407	0.00204	0.00509	0.00356	0.00407	0.00713
13	0.02459	0.03138	0.01866	0.01696	0.02035	0.74221	0.01272	0.02629	0.01866	0.01611	0.01018	0.01187	0.00848	0.00678	0.00594	0.00170	0.01187	0.00424	0.00339	0.00763
14	0.00854	0.00677	0.00762	0.00766	0.00953	0.00597	0.00584	0.01059	0.01555	0.01969	0.21104	0.06019	0.45943	0.05756	0.00934	0.00251	0.00375	0.08649	0.00625	0.00568
15	0.01477	0.01198	0.01909	0.05454	0.01945	0.01325	0.14390	0.01757	0.01434	0.11410	0.10878	0.05671	0.10662	0.01078	0.01169	0.00237	0.23434	0.00855	0.02954	0.00763
16	0.01798	0.03298	0.01817	0.03374	0.15694	0.03364	0.01231	0.16838	0.20843	0.06250	0.03763	0.02135	0.04582	0.00899	0.02600	0.00216	0.00662	0.00657	0.00542	0.09436
17	0.02104	0.01523	0.01647	0.01335	0.01770	0.01666	0.01077	0.42105	0.16766	0.07460	0.02310	0.05403	0.06125	0.00924	0.00667	0.00206	0.00613	0.00736	0.04546	0.01017
18	0.06339	0.09574	0.04133	0.01945	0.16982	0.11261	0.01351	0.18970	0.04214	0.05455	0.03117	0.01969	0.04127	0.00800	0.00701	0.00199	0.04496	0.02973	0.00467	0.00927
19	0.01994	0.09051	0.25231	0.01572	0.02233	0.01859	0.01597	0.34500	0.08103	0.05255	0.01515	0.01566	0.01093	0.00726	0.00628	0.00198	0.00781	0.00552	0.00507	0.01041
20	0.01776	0.05912	0.02537	0.09020	0.45319	0.05130	0.05667	0.04886	0.03943	0.07459	0.01373	0.01665	0.01086	0.00629	0.00645	0.00196	0.00796	0.00587	0.00383	0.00993
21	0.01421	0.01007	0.01207	0.00941	0.01389	0.00799	0.00741	0.01684	0.01503	0.11698	0.10212	0.06816	0.11241	0.00873	0.00602	0.00150	0.00451	0.00732	0.00526	0.46005

[dist]
# distance from previous block
# <min> <max>
0	1

[block]
# block no. 1 follows, 33 sequences, length 12
# corresponding to MSA columns:
# 71-82
name=unknown_B
#
# <colnr> <probs for GDERKNQSTAVLIFYWHMCP>
#	G	D	E	R	K	N	Q	S	T	A	V	L	I	F	Y	W	H	M	C	P
0	0.02397	0.01656	0.01903	0.01631	0.07496	0.01781	0.01238	0.49962	0.05955	0.13545	0.04443	0.01845	0.01420	0.00804	0.00664	0.00200	0.00681	0.00632	0.00657	0.01091
1	0.01365	0.01170	0.01365	0.00975	0.01560	0.00878	0.00780	0.01658	0.01365	0.02145	0.01170	0.01365	0.00975	0.00488	0.00488	0.00098	0.00488	0.00390	0.00390	0.80888
2	0.01504	0.01448	0.02156	0.05294	0.48282	0.06651	0.01624	0.01849	0.01573	0.02158	0.14289	0.06531	0.02154	0.00819	0.00681	0.00201	0.00706	0.00759	0.00415	0.00907
3	0.00852	0.00633	0.00812	0.00884	0.00994	0.00593	0.00640	0.01038	0.01429	0.01899	0.17724	0.38777	0.17228	0.02039	0.06198	0.00307	0.00476	0.06300	0.00614	0.00565
4	0.00860	0.00647	0.00796	0.00807	0.00952	0.00583	0.00587	0.01086	0.01624	0.02185	0.38737	0.22424	0.23100	0.01602	0.00792	0.00225	0.00334	0.01406	0.00668	0.00583
5	0.01578	0.01243	0.01611	0.07707	0.10342	0.01086	0.01060	0.03951	0.04675	0.08716	0.01390	0.01566	0.01086	0.00571	0.00551	0.00138	0.00571	0.00477	0.00434	0.51246
6	0.01394	0.01514	0.05292	0.06047	0.02817	0.01396	0.44533	0.05001	0.01538	0.02078	0.01880	0.19641	0.01797	0.00935	0.00775	0.00231	0.00901	0.01011	0.00411	0.00809
7	0.62374	0.01343	0.01376	0.01626	0.18401	0.01498	0.01026	0.01956	0.01211	0.02761	0.00994	0.01204	0.00792	0.00605	0.00466	0.00202	0.00575	0.00412	0.00388	0.00792
8	0.02503	0.01844	0.01976	0.01515	0.02042	0.02042	0.01251	0.70562	0.03095	0.04149	0.01581	0.01581	0.01120	0.00790	0.00659	0.00198	0.00724	0.00593	0.00659	0.01120
9	0.01746	0.02145	0.06830	0.02348	0.02946	0.18989	0.45581	0.02202	0.01607	0.01991	0.01238	0.01587	0.00953	0.00584	0.00706	0.00200	0.01079	0.00651	0.00335	0.06284
10	0.01866	0.01451	0.01566	0.01338	0.01740	0.01630	0.01060	0.19399	0.46779	0.06780	0.07137	0.02402	0.02061	0.00895	0.00674	0.00215	0.00558	0.00734	0.00678	0.01036
11	0.01428	0.01265	0.01678	0.01710	0.18619	0.01042	0.01077	0.01745	0.01397	0.02147	0.01186	0.01428	0.00991	0.00511	0.00527	0.00121	0.00558	0.00437	0.00375	0.61757

[dist]
# distance from previous block
# <min> <max>
0	11

[block]
# block no. 2 follows, 33 sequences, length 18
# corresponding to MSA columns:
# 94-111
name=unknown_C
#
# <colnr> <probs for GDERKNQSTAVLIFYWHMCP>
#	G	D	E	R	K	N	Q	S	T	A	V	L	I	F	Y	W	H	M	C	P
0	0.02070	0.02111	0.02231	0.01778	0.02220	0.28036	0.17870	0.16932	0.02055	0.05725	0.10754	0.01957	0.01690	0.00767	0.00679	0.00195	0.00924	0.00658	0.00479	0.00868
1	0.00929	0.01210	0.14346	0.01081	0.01415	0.00793	0.04849	0.01214	0.01415	0.01826	0.04488	0.25060	0.35837	0.01524	0.00767	0.00233	0.00510	0.01324	0.00534	0.00646
2	0.00997	0.00832	0.01205	0.01619	0.18298	0.00788	0.00928	0.01189	0.01369	0.01815	0.03695	0.43501	0.17989	0.01622	0.00782	0.00240	0.00468	0.01459	0.00542	0.00662
3	0.01499	0.01505	0.02894	0.02136	0.02642	0.01464	0.43907	0.09070	0.01772	0.02434	0.18524	0.02503	0.02267	0.00791	0.00811	0.00218	0.03409	0.00851	0.00460	0.00842
4	0.01445	0.01168	0.01373	0.00985	0.01566	0.00882	0.00789	0.01735	0.01391	0.05705	0.01242	0.01409	0.01008	0.00504	0.00496	0.00103	0.00491	0.00404	0.00411	0.76893
5	0.00981	0.00792	0.01108	0.18798	0.01826	0.00813	0.00892	0.01298	0.01669	0.02261	0.43960	0.04395	0.16243	0.01235	0.00748	0.00213	0.00452	0.01078	0.00601	0.00637
6	0.00949	0.00673	0.00893	0.00893	0.00954	0.00733	0.00617	0.01070	0.01009	0.01406	0.01914	0.03421	0.02008	0.39823	0.39866	0.00854	0.01218	0.00828	0.00375	0.00496
7	0.02612	0.01669	0.01867	0.01432	0.01954	0.01782	0.01183	0.54280	0.02803	0.20844	0.01826	0.01740	0.01243	0.00796	0.00659	0.00199	0.00685	0.00609	0.00696	0.01120
8	0.01430	0.01234	0.01290	0.01177	0.01513	0.01376	0.00911	0.02881	0.54630	0.02518	0.03644	0.03394	0.19047	0.01080	0.00696	0.00223	0.00476	0.00900	0.00656	0.00924
9	0.81514	0.01273	0.00968	0.00866	0.01273	0.01477	0.00713	0.01935	0.01120	0.02954	0.00917	0.01069	0.00713	0.00611	0.00407	0.00204	0.00509	0.00356	0.00407	0.00713
10	0.01243	0.01170	0.01975	0.75282	0.04534	0.01463	0.01828	0.01682	0.01316	0.01682	0.01170	0.01755	0.00878	0.00658	0.00658	0.00219	0.00878	0.00585	0.00293	0.00731
11	0.81514	0.01273	0.00968	0.00866	0.01273	0.01477	0.00713	0.01935	0.01120	0.02954	0.00917	0.01069	0.00713	0.00611	0.00407	0.00204	0.00509	0.00356	0.00407	0.00713
12	0.81514	0.01273	0.00968	0.00866	0.01273	0.01477	0.00713	0.01935	0.01120	0.02954	0.00917	0.01069	0.00713	0.00611	0.00407	0.00204	0.00509	0.00356	0.00407	0.00713
13	0.02787	0.01083	0.01474	0.01143	0.01623	0.00939	0.00939	0.03046	0.01883	0.67396	0.08352	0.02461	0.02007	0.00859	0.00671	0.00204	0.00540	0.00706	0.00807	0.01079
14	0.81514	0.01273	0.00968	0.00866	0.01273	0.01477	0.00713	0.01935	0.01120	0.02954	0.00917	0.01069	0.00713	0.00611	0.00407	0.00204	0.00509	0.00356	0.00407	0.00713
15	0.02459	0.03138	0.01866	0.01696	0.02035	0.74221	0.01272	0.02629	0.01866	0.01611	0.01018	0.01187	0.00848	0.00678	0.00594	0.00170	0.01187	0.00424	0.00339	0.00763
16	0.00974	0.00723	0.00945	0.01060	0.01220	0.00693	0.00894	0.01231	0.01494	0.01903	0.04265	0.12042	0.20436	0.01799	0.00873	0.00281	0.00524	0.47446	0.00608	0.00589
17	0.01182	0.01015	0.01600	0.43564	0.08043	0.01186	0.01381	0.01493	0.01248	0.01652	0.01570	0.02724	0.01465	0.19274	0.03582	0.00347	0.00808	0.04434	0.02774	0.00658

[dist]
# distance from previous block
# <min> <max>
0	2

[block]
# block no. 3 follows, 33 sequences, length 16
# corresponding to MSA columns:
# 114-129
name=unknown_D
#
# <colnr> <probs for GDERKNQSTAVLIFYWHMCP>
#	G	D	E	R	K	N	Q	S	T	A	V	L	I	F	Y	W	H	M	C	P
0	0.01021	0.00820	0.01067	0.00983	0.01126	0.00879	0.00762	0.01342	0.04113	0.02333	0.48390	0.04310	0.11741	0.01519	0.04812	0.00266	0.12176	0.01074	0.00624	0.00643
1	0.01760	0.77260	0.03450	0.01126	0.01690	0.02605	0.01126	0.01971	0.01338	0.01549	0.00915	0.01056	0.00845	0.00563	0.00422	0.00141	0.00704	0.00352	0.00282	0.00845
2	0.01639	0.01202	0.01505	0.03742	0.06021	0.01001	0.00940	0.04901	0.01511	0.12283	0.01414	0.01567	0.01097	0.00701	0.02896	0.00158	0.00580	0.00466	0.00454	0.55922
3	0.01577	0.01598	0.02352	0.09773	0.34325	0.08435	0.08431	0.01995	0.04800	0.02025	0.05389	0.01950	0.03395	0.00759	0.00860	0.00212	0.10210	0.00653	0.00367	0.00893
4	0.00843	0.00615	0.00801	0.00922	0.01004	0.00573	0.00659	0.01002	0.01363	0.01798	0.08880	0.54596	0.11805	0.01936	0.00838	0.00263	0.00401	0.10530	0.00619	0.00553
5	0.01637	0.01414	0.01489	0.01340	0.01712	0.01637	0.01042	0.03498	0.71568	0.02754	0.02679	0.02456	0.02010	0.00893	0.00670	0.00223	0.00521	0.00744	0.00670	0.01042
6	0.01243	0.01170	0.01975	0.75282	0.04534	0.01463	0.01828	0.01682	0.01316	0.01682	0.01170	0.01755	0.00878	0.00658	0.00658	0.00219	0.00878	0.00585	0.00293	0.00731
7	0.01585	0.01406	0.02121	0.19252	0.29355	0.01511	0.03847	0.12672	0.07668	0.02365	0.01857	0.04432	0.05435	0.00804	0.00681	0.00211	0.00740	0.02703	0.00433	0.00922
8	0.02954	0.01120	0.01528	0.01171	0.01681	0.00968	0.00968	0.03208	0.01884	0.73213	0.02597	0.02241	0.01630	0.00815	0.00662	0.00204	0.00560	0.00662	0.00815	0.01120
9	0.01554	0.01776	0.03885	0.02775	0.03441	0.01665	0.70366	0.02109	0.01554	0.02109	0.01332	0.01776	0.00999	0.00555	0.00777	0.00222	0.01110	0.00777	0.00333	0.00888
10	0.01728	0.65459	0.03518	0.01384	0.01963	0.02458	0.11951	0.01993	0.01371	0.01636	0.00980	0.01169	0.00869	0.00562	0.00478	0.00153	0.00767	0.00418	0.00290	0.00852
11	0.00905	0.00657	0.00852	0.00835	0.00975	0.00605	0.00614	0.01178	0.01753	0.02451	0.58698	0.16162	0.08904	0.01472	0.00787	0.00217	0.00323	0.01306	0.00702	0.00605
12	0.11843	0.53047	0.16900	0.01241	0.01865	0.02249	0.01331	0.01989	0.01320	0.01833	0.00968	0.01123	0.00826	0.00582	0.00460	0.00162	0.00732	0.00379	0.00297	0.00853
13	0.10252	0.27691	0.15864	0.01408	0.01997	0.01888	0.06240	0.12881	0.01655	0.06313	0.03692	0.01521	0.01147	0.00848	0.03779	0.00221	0.00791	0.00508	0.00406	0.00898
14	0.04206	0.26456	0.07144	0.04021	0.01779	0.13096	0.01147	0.07321	0.03283	0.04423	0.01622	0.02081	0.04590	0.07971	0.00876	0.00226	0.03300	0.02944	0.02722	0.00793
15	0.03908	0.29661	0.07019	0.01274	0.04951	0.03325	0.01090	0.08698	0.05222	0.04469	0.04657	0.08439	0.10417	0.03352	0.00680	0.00201	0.00630	0.00733	0.00452	0.00820

[dist]
# distance from previous block
# <min> <max>
18	167

[block]
# block no. 4 follows, 33 sequences, length 29
# corresponding to MSA columns:
# 349-377
name=unknown_E
#
# <colnr> <probs for GDERKNQSTAVLIFYWHMCP>
#	G	D	E	R	K	N	Q	S	T	A	V	L	I	F	Y	W	H	M	C	P
0	0.11232	0.04035	0.11733	0.05938	0.14647	0.03322	0.04747	0.08996	0.04108	0.02340	0.03409	0.05042	0.03198	0.00789	0.00754	0.00205	0.07357	0.00628	0.00407	0.07115
1	0.04440	0.21738	0.10950	0.01746	0.12696	0.05263	0.03391	0.08194	0.08489	0.02150	0.01483	0.06073	0.01310	0.04673	0.00726	0.00208	0.00728	0.00605	0.00400	0.04739
2	0.01481	0.01352	0.04945	0.12607	0.10751	0.01233	0.04804	0.08005	0.05805	0.04037	0.11374	0.02083	0.01791	0.00714	0.00625	0.00173	0.00635	0.00626	0.00458	0.26499
3	0.01471	0.01266	0.01741	0.04531	0.01954	0.01041	0.09868	0.03673	0.01453	0.04648	0.01252	0.01472	0.01001	0.00524	0.00543	0.00126	0.00595	0.00464	0.00400	0.61978
4	0.01441	0.01671	0.12064	0.10863	0.20156	0.01381	0.13950	0.01972	0.05245	0.02100	0.01438	0.01975	0.01190	0.00665	0.00654	0.00193	0.00793	0.04624	0.00365	0.17260
5	0.02017	0.01432	0.01694	0.01624	0.11435	0.04868	0.01132	0.08476	0.21030	0.19962	0.01974	0.01927	0.01437	0.00728	0.00623	0.00184	0.00609	0.00600	0.00583	0.17664
6	0.00881	0.00656	0.00749	0.00745	0.00898	0.00597	0.00535	0.01073	0.01487	0.01975	0.23511	0.09820	0.33073	0.12041	0.03686	0.00303	0.00421	0.01232	0.05760	0.00556
7	0.01869	0.01139	0.01391	0.04962	0.01639	0.01149	0.00951	0.21308	0.02148	0.19849	0.24474	0.03365	0.08474	0.01067	0.00714	0.00209	0.00529	0.03188	0.00692	0.00882
8	0.00796	0.00659	0.00698	0.00706	0.00905	0.00561	0.00523	0.00973	0.01517	0.01859	0.13247	0.12445	0.59502	0.01669	0.00783	0.00225	0.00335	0.01412	0.00623	0.00561
9	0.81514	0.01273	0.00968	0.00866	0.01273	0.01477	0.00713	0.01935	0.01120	0.02954	0.00917	0.01069	0.00713	0.00611	0.00407	0.00204	0.00509	0.00356	0.00407	0.00713
10	0.01243	0.01170	0.01975	0.75282	0.04534	0.01463	0.01828	0.01682	0.01316	0.01682	0.01170	0.01755	0.00878	0.00658	0.00658	0.00219	0.00878	0.00585	0.00293	0.00731
11	0.81514	0.01273	0.00968	0.00866	0.01273	0.01477	0.00713	0.01935	0.01120	0.02954	0.00917	0.01069	0.00713	0.00611	0.00407	0.00204	0.00509	0.00356	0.00407	0.00713
12	0.81514	0.01273	0.00968	0.00866	0.01273	0.01477	0.00713	0.01935	0.01120	0.02954	0.00917	0.01069	0.00713	0.00611	0.00407	0.00204	0.00509	0.00356	0.00407	0.00713
13	0.02954	0.01120	0.01528	0.01171	0.01681	0.00968	0.00968	0.03208	0.01884	0.73213	0.02597	0.02241	0.01630	0.00815	0.00662	0.00204	0.00560	0.00662	0.00815	0.01120
14	0.81514	0.01273	0.00968	0.00866	0.01273	0.01477	0.00713	0.01935	0.01120	0.02954	0.00917	0.01069	0.00713	0.00611	0.00407	0.00204	0.00509	0.00356	0.00407	0.00713
15	0.02459	0.03138	0.01866	0.01696	0.02035	0.74221	0.01272	0.02629	0.01866	0.01611	0.01018	0.01187	0.00848	0.00678	0.00594	0.00170	0.01187	0.00424	0.00339	0.00763
16	0.00807	0.00671	0.00710	0.00733	0.00939	0.00574	0.00560	0.00984	0.01490	0.01792	0.06202	0.10073	0.62284	0.01702	0.00794	0.00232	0.00362	0.07919	0.00611	0.00560
17	0.00822	0.00625	0.00757	0.00816	0.00940	0.00560	0.00577	0.00997	0.01470	0.01921	0.19575	0.37964	0.27039	0.01777	0.00806	0.00240	0.00351	0.01566	0.00636	0.00560
18	0.02426	0.01945	0.06602	0.01538	0.02094	0.02008	0.01328	0.66130	0.02985	0.04015	0.01555	0.01568	0.01101	0.00780	0.00656	0.00198	0.00741	0.00586	0.00634	0.01110
19	0.01503	0.01212	0.01411	0.01018	0.01596	0.00957	0.00818	0.06180	0.01498	0.05143	0.01254	0.01414	0.01011	0.00520	0.00506	0.00108	0.00506	0.00414	0.00425	0.72506
20	0.01783	0.01554	0.04581	0.02292	0.27132	0.01567	0.01435	0.19753	0.16335	0.04638	0.05221	0.02290	0.06814	0.00823	0.00671	0.00205	0.00661	0.00705	0.00532	0.01007
21	0.02183	0.01844	0.01808	0.01600	0.06476	0.14286	0.01197	0.28492	0.17862	0.08257	0.01748	0.01742	0.01292	0.00757	0.00635	0.00190	0.00731	0.00585	0.00573	0.07741
22	0.02461	0.01823	0.01952	0.01506	0.02026	0.02022	0.01241	0.67334	0.06392	0.04082	0.01633	0.01623	0.01162	0.00795	0.00659	0.00199	0.00715	0.00600	0.00659	0.01116
23	0.08706	0.01661	0.01903	0.21370	0.08541	0.13906	0.05818	0.12573	0.06952	0.02346	0.03583	0.02069	0.03871	0.00779	0.00650	0.00207	0.00810	0.02978	0.00435	0.00840
24	0.01799	0.02038	0.08263	0.08776	0.27891	0.19015	0.01629	0.06321	0.07036	0.02140	0.01300	0.01551	0.01037	0.00645	0.00623	0.00186	0.00855	0.00534	0.00374	0.07986
25	0.12419	0.04334	0.03840	0.06697	0.18102	0.01690	0.01345	0.25024	0.09884	0.02958	0.01514	0.01667	0.01152	0.00709	0.00603	0.00198	0.00675	0.00566	0.05656	0.00968
26	0.08102	0.03131	0.08002	0.08975	0.08177	0.01411	0.06260	0.08050	0.03997	0.12748	0.04016	0.04552	0.09404	0.00910	0.00831	0.00219	0.09137	0.00730	0.00485	0.00864
27	0.07095	0.08086	0.08916	0.08510	0.17742	0.09362	0.03135	0.14256	0.04867	0.02431	0.04953	0.01680	0.01265	0.00720	0.00689	0.00199	0.04197	0.00569	0.00415	0.00915
28	0.05700	0.04689	0.05392	0.05076	0.31892	0.03569	0.01601	0.09969	0.05224	0.04469	0.01299	0.01578	0.01047	0.00712	0.00828	0.00204	0.10990	0.00557	0.00394	0.04808

[dist]
# distance from previous block
# <min> <max>
1	37

[block]
# block no. 5 follows, 33 sequences, length 6
# corresponding to MSA columns:
# 415-420
name=unknown_F
#
# <colnr> <probs for GDERKNQSTAVLIFYWHMCP>
#	G	D	E	R	K	N	Q	S	T	A	V	L	I	F	Y	W	H	M	C	P
0	0.01863	0.01803	0.06346	0.10088	0.19389	0.11499	0.05443	0.09404	0.08141	0.08624	0.01470	0.01676	0.01120	0.00698	0.00716	0.00199	0.04439	0.00578	0.00434	0.06070
1	0.04914	0.01517	0.06759	0.08986	0.21179	0.03439	0.08491	0.07414	0.01555	0.06719	0.01689	0.13561	0.01549	0.00894	0.00771	0.00215	0.05397	0.00788	0.00428	0.03734
2	0.01584	0.01677	0.06219	0.12641	0.47226	0.07426	0.01815	0.01959	0.01466	0.01998	0.01247	0.01719	0.01059	0.04450	0.00775	0.00215	0.00817	0.00577	0.00327	0.04807
3	0.06998	0.01755	0.02360	0.02833	0.37352	0.08355	0.06741	0.16455	0.06200	0.02603	0.01365	0.01605	0.01077	0.00656	0.00643	0.00198	0.00798	0.00582	0.00424	0.01000
4	0.44939	0.01418	0.01575	0.08172	0.16505	0.01586	0.01170	0.13185	0.01540	0.02871	0.01114	0.01330	0.00862	0.00640	0.00521	0.00202	0.00633	0.00463	0.00422	0.00850
5	0.01147	0.00891	0.00966	0.00928	0.01081	0.03967	0.00659	0.07525	0.01463	0.01922	0.10163	0.17219	0.10044	0.27655	0.01658	0.00368	0.00548	0.06310	0.00529	0.04956

[dist]
# distance from previous block
# <min> <max>
2	24

# created by:
# /home/berkeley/.conda/envs/busco_data_prod/bin/msa2prfl.pl pipeline/OGs_align_augustus/4893/40125.fs
