[name]
unknown

[dist]
# distance from previous block
# <min> <max>
2	39

[block]
# block no. 0 follows, 33 sequences, length 9
# corresponding to MSA columns:
# 39-47
name=unknown_A
#
# <colnr> <probs for GDERKNQSTAVLIFYWHMCP>
#	G	D	E	R	K	N	Q	S	T	A	V	L	I	F	Y	W	H	M	C	P
0	0.06494	0.01319	0.02870	0.15190	0.06867	0.04867	0.01182	0.15513	0.06016	0.06176	0.04737	0.13376	0.03357	0.01206	0.04321	0.01768	0.00711	0.00820	0.02393	0.00818
1	0.03028	0.00972	0.01332	0.01217	0.01419	0.04802	0.11078	0.01380	0.03957	0.01901	0.08347	0.33889	0.09316	0.06882	0.00963	0.00269	0.00562	0.05308	0.02750	0.00628
2	0.12280	0.01002	0.01118	0.00980	0.01230	0.01039	0.00733	0.12672	0.03307	0.12605	0.05684	0.06430	0.04730	0.19804	0.04129	0.06713	0.00603	0.00792	0.03444	0.00707
3	0.01121	0.00875	0.01112	0.01041	0.01240	0.00877	0.03611	0.06941	0.10765	0.02338	0.25532	0.26706	0.09960	0.03729	0.00851	0.00242	0.00438	0.01291	0.00641	0.00687
4	0.01360	0.01346	0.02007	0.65402	0.08311	0.07137	0.01796	0.01775	0.01370	0.01704	0.01162	0.01704	0.00885	0.00656	0.00653	0.00214	0.00896	0.00573	0.00298	0.00752
5	0.11695	0.01357	0.04611	0.03457	0.01681	0.03823	0.03920	0.18103	0.01768	0.08103	0.04483	0.09462	0.01744	0.07360	0.05653	0.00290	0.00707	0.00738	0.03996	0.07049
6	0.01059	0.00864	0.01188	0.01110	0.01276	0.03624	0.04537	0.01252	0.01147	0.01590	0.01904	0.11896	0.01921	0.10658	0.42283	0.04280	0.01268	0.00840	0.00388	0.06916
7	0.02284	0.01241	0.01577	0.01370	0.05490	0.01235	0.01042	0.19074	0.02047	0.35041	0.07292	0.08173	0.05445	0.00989	0.00761	0.00212	0.04241	0.00803	0.00692	0.00989
8	0.09738	0.01299	0.01706	0.18030	0.13256	0.01403	0.01285	0.15171	0.05998	0.06634	0.07513	0.05400	0.04238	0.00837	0.00646	0.00204	0.00649	0.00703	0.00498	0.04789

[dist]
# distance from previous block
# <min> <max>
18	68

[block]
# block no. 1 follows, 33 sequences, length 22
# corresponding to MSA columns:
# 139-160
name=unknown_B
#
# <colnr> <probs for GDERKNQSTAVLIFYWHMCP>
#	G	D	E	R	K	N	Q	S	T	A	V	L	I	F	Y	W	H	M	C	P
0	0.01879	0.04953	0.04201	0.12267	0.30546	0.05403	0.03880	0.17600	0.04800	0.06012	0.01410	0.01651	0.01082	0.00670	0.00646	0.00198	0.00793	0.00583	0.00433	0.00993
1	0.05539	0.05938	0.06737	0.01837	0.10803	0.10904	0.06275	0.20062	0.08393	0.05773	0.03492	0.01754	0.01286	0.02755	0.00755	0.00209	0.03347	0.00591	0.00480	0.03071
2	0.03550	0.09894	0.06790	0.05927	0.16770	0.01406	0.13962	0.03274	0.01463	0.05489	0.01907	0.10868	0.05719	0.03027	0.00737	0.00212	0.00730	0.00784	0.00409	0.07081
3	0.03749	0.06511	0.11328	0.05834	0.10923	0.03996	0.05646	0.11639	0.05604	0.05434	0.05022	0.06217	0.01505	0.00790	0.00698	0.00196	0.03858	0.00656	0.00448	0.09947
4	0.01739	0.08307	0.03931	0.06555	0.11626	0.07444	0.11496	0.09684	0.01692	0.06122	0.04491	0.01676	0.01243	0.00638	0.00611	0.00171	0.00755	0.00561	0.00419	0.20839
5	0.05128	0.07123	0.04335	0.02199	0.16483	0.03453	0.18618	0.08579	0.10632	0.04372	0.01772	0.09229	0.01545	0.00827	0.00683	0.00212	0.00772	0.02673	0.00453	0.00913
6	0.01595	0.01303	0.01627	0.04288	0.03814	0.05505	0.07351	0.07350	0.09989	0.08646	0.14363	0.02590	0.05343	0.03439	0.00745	0.00197	0.00607	0.00729	0.00537	0.19983
7	0.00956	0.00642	0.00738	0.00738	0.00745	0.00649	0.00424	0.00970	0.00963	0.01292	0.02056	0.04205	0.02349	0.72557	0.07596	0.00663	0.00706	0.00942	0.00396	0.00410
8	0.01581	0.01773	0.05091	0.12542	0.11988	0.14471	0.11969	0.01908	0.01452	0.01883	0.08111	0.01857	0.01433	0.00829	0.01059	0.00224	0.20038	0.00639	0.00352	0.00799
9	0.00947	0.00679	0.00925	0.00925	0.00997	0.00751	0.00658	0.01090	0.01019	0.01430	0.01885	0.03258	0.01937	0.32988	0.46603	0.00894	0.01325	0.00804	0.00371	0.00514
10	0.81514	0.01273	0.00968	0.00866	0.01273	0.01477	0.00713	0.01935	0.01120	0.02954	0.00917	0.01069	0.00713	0.00611	0.00407	0.00204	0.00509	0.00356	0.00407	0.00713
11	0.01764	0.02435	0.22238	0.09338	0.11788	0.18996	0.07798	0.09178	0.04104	0.02165	0.01319	0.03492	0.01046	0.00694	0.00648	0.00201	0.00946	0.00576	0.00366	0.00906
12	0.01018	0.00779	0.01042	0.01002	0.01051	0.00909	0.00722	0.01136	0.01007	0.01425	0.01775	0.03186	0.01867	0.36194	0.32802	0.00764	0.11636	0.00799	0.00364	0.00523
13	0.60679	0.01396	0.03702	0.01265	0.08415	0.01496	0.00941	0.07652	0.01365	0.02931	0.04223	0.01351	0.01030	0.00657	0.00476	0.00203	0.00561	0.00441	0.00430	0.00784
14	0.62634	0.01425	0.01441	0.01332	0.06706	0.03953	0.07700	0.04231	0.01280	0.02807	0.01006	0.01200	0.00783	0.00612	0.00476	0.00204	0.00618	0.00425	0.00400	0.00769
15	0.00802	0.00573	0.00764	0.00917	0.00955	0.00535	0.00611	0.00917	0.01260	0.01681	0.03628	0.76434	0.04354	0.02062	0.00840	0.00267	0.00382	0.01872	0.00611	0.00535
16	0.01751	0.01523	0.02314	0.03155	0.49773	0.01565	0.01704	0.09490	0.11517	0.05504	0.01722	0.01928	0.03664	0.00698	0.00660	0.00201	0.00714	0.00640	0.00440	0.01037
17	0.09333	0.11094	0.38119	0.03710	0.12905	0.03394	0.01873	0.02074	0.04344	0.02150	0.04269	0.01557	0.01137	0.00656	0.00593	0.00198	0.00823	0.00515	0.00336	0.00920
18	0.13500	0.11938	0.01654	0.04507	0.01694	0.20727	0.00983	0.06500	0.03566	0.02108	0.03642	0.06520	0.10574	0.00874	0.00585	0.00183	0.00709	0.00659	0.00436	0.08640
19	0.06669	0.18118	0.20045	0.01553	0.08323	0.03623	0.01408	0.07610	0.01611	0.04315	0.12524	0.04042	0.01853	0.00776	0.00596	0.00186	0.00695	0.00616	0.00426	0.05012
20	0.03413	0.16803	0.15139	0.01254	0.01752	0.05110	0.01190	0.07017	0.07004	0.08337	0.01650	0.06357	0.01451	0.10855	0.00947	0.00241	0.00696	0.00632	0.00439	0.09712
21	0.05351	0.01572	0.08479	0.06069	0.08616	0.04310	0.04191	0.09684	0.14390	0.12021	0.08305	0.02474	0.03361	0.00882	0.00739	0.00216	0.03914	0.03967	0.00542	0.00920

[dist]
# distance from previous block
# <min> <max>
1	6

[block]
# block no. 2 follows, 33 sequences, length 37
# corresponding to MSA columns:
# 167-203
name=unknown_C
#
# <colnr> <probs for GDERKNQSTAVLIFYWHMCP>
#	G	D	E	R	K	N	Q	S	T	A	V	L	I	F	Y	W	H	M	C	P
0	0.07148	0.07562	0.01651	0.01241	0.01657	0.06619	0.01007	0.16225	0.19299	0.16489	0.10065	0.02344	0.04107	0.00872	0.00639	0.00201	0.00601	0.00689	0.00629	0.00954
1	0.10974	0.01524	0.05502	0.01814	0.15057	0.03115	0.02865	0.16931	0.07607	0.15931	0.02053	0.05911	0.04532	0.00856	0.00651	0.00209	0.00659	0.02287	0.00558	0.00965
2	0.11514	0.04274	0.07921	0.16365	0.15107	0.08855	0.01506	0.09811	0.01645	0.11358	0.01343	0.01567	0.01002	0.00694	0.00680	0.00203	0.04291	0.00536	0.00423	0.00905
3	0.00812	0.00591	0.00766	0.00885	0.00951	0.00545	0.00602	0.00951	0.01342	0.01783	0.10587	0.62893	0.10953	0.01956	0.00828	0.00257	0.00370	0.01760	0.00622	0.00545
4	0.00938	0.00717	0.00838	0.00837	0.01008	0.00663	0.00613	0.05466	0.01637	0.02144	0.23959	0.25429	0.30066	0.01633	0.00788	0.00229	0.00366	0.01419	0.00646	0.00604
5	0.01896	0.16323	0.16063	0.02071	0.13816	0.09342	0.08683	0.19589	0.01899	0.02476	0.01241	0.01434	0.00961	0.00648	0.00613	0.00188	0.00864	0.00528	0.00396	0.00968
6	0.01661	0.01625	0.02641	0.03951	0.70034	0.04362	0.01992	0.02044	0.01513	0.02130	0.01230	0.01612	0.01035	0.00590	0.00650	0.00195	0.00798	0.00580	0.00326	0.01032
7	0.00794	0.00664	0.00691	0.00692	0.00901	0.00561	0.00516	0.00972	0.01526	0.01857	0.12822	0.08854	0.63592	0.01652	0.00780	0.00223	0.00333	0.01389	0.00622	0.00561
8	0.01939	0.04878	0.01732	0.01399	0.01803	0.05304	0.01121	0.18888	0.42500	0.06335	0.02177	0.02072	0.01623	0.00853	0.00722	0.00213	0.04127	0.00664	0.00623	0.01027
9	0.01913	0.30062	0.13932	0.01604	0.06531	0.12660	0.01431	0.15028	0.06970	0.02258	0.01249	0.01367	0.00994	0.00658	0.00557	0.00176	0.00813	0.00473	0.00392	0.00932
10	0.00966	0.00635	0.00724	0.00724	0.00724	0.00635	0.00407	0.00953	0.00953	0.01270	0.02032	0.04203	0.02336	0.73466	0.03315	0.04292	0.00635	0.00940	0.00394	0.00394
11	0.01613	0.41703	0.30031	0.01461	0.02151	0.02138	0.01646	0.05346	0.01427	0.01882	0.01047	0.01228	0.00855	0.00627	0.00596	0.00177	0.04446	0.00426	0.00299	0.00901
12	0.01720	0.10220	0.09163	0.02234	0.02848	0.01794	0.41551	0.10020	0.01673	0.05333	0.01326	0.01640	0.01001	0.00639	0.00797	0.00213	0.05868	0.00666	0.00378	0.00916
13	0.00802	0.00573	0.00764	0.00917	0.00955	0.00535	0.00611	0.00917	0.01260	0.01681	0.03628	0.76434	0.04354	0.02062	0.00840	0.00267	0.00382	0.01872	0.00611	0.00535
14	0.01544	0.01462	0.02476	0.03720	0.65376	0.01458	0.01876	0.01907	0.01474	0.02102	0.01484	0.09319	0.01383	0.00738	0.00671	0.00203	0.00741	0.00719	0.00355	0.00991
15	0.00796	0.00628	0.00719	0.00780	0.00922	0.00550	0.00553	0.00949	0.01419	0.01783	0.08890	0.35655	0.40394	0.01816	0.00804	0.00240	0.00353	0.01581	0.00617	0.00550
16	0.00802	0.00573	0.00764	0.00917	0.00955	0.00535	0.00611	0.00917	0.01260	0.01681	0.03628	0.76434	0.04354	0.02062	0.00840	0.00267	0.00382	0.01872	0.00611	0.00535
17	0.01365	0.01170	0.01365	0.00975	0.01560	0.00878	0.00780	0.01658	0.01365	0.02145	0.01170	0.01365	0.00975	0.00488	0.00488	0.00098	0.00488	0.00390	0.00390	0.80888
18	0.01578	0.11517	0.23144	0.01516	0.03696	0.05487	0.05305	0.10970	0.03381	0.04950	0.09622	0.04403	0.08099	0.00861	0.00647	0.00197	0.00737	0.00707	0.00456	0.02727
19	0.00965	0.00708	0.00908	0.00852	0.01018	0.00669	0.00641	0.01348	0.05126	0.02645	0.69146	0.04802	0.06015	0.01325	0.00771	0.00208	0.00320	0.01170	0.00722	0.00641
20	0.01243	0.01170	0.01975	0.75282	0.04534	0.01463	0.01828	0.01682	0.01316	0.01682	0.01170	0.01755	0.00878	0.00658	0.00658	0.00219	0.00878	0.00585	0.00293	0.00731
21	0.01777	0.23013	0.11671	0.01569	0.05137	0.08016	0.05438	0.07568	0.19383	0.04857	0.01764	0.01807	0.03774	0.00731	0.00597	0.00190	0.00744	0.00578	0.00449	0.00936
22	0.02405	0.01207	0.01624	0.01474	0.08578	0.01164	0.01079	0.10141	0.03912	0.44253	0.11454	0.02431	0.02095	0.00877	0.00743	0.00207	0.03904	0.00715	0.00711	0.01027
23	0.01053	0.00704	0.00874	0.00876	0.01062	0.00635	0.00672	0.01279	0.01600	0.08162	0.24509	0.17766	0.25854	0.01589	0.00797	0.00235	0.00392	0.10653	0.00661	0.00627
24	0.01450	0.01381	0.02393	0.13329	0.31175	0.01400	0.14844	0.04930	0.01558	0.02109	0.02053	0.02793	0.08401	0.00846	0.00719	0.00219	0.00792	0.08337	0.00397	0.00874
25	0.01830	0.11350	0.13933	0.04128	0.13869	0.11132	0.15399	0.11152	0.04781	0.04266	0.01324	0.01544	0.01016	0.00644	0.00639	0.00195	0.00898	0.00569	0.00387	0.00944
26	0.00919	0.00676	0.00802	0.00797	0.00978	0.00599	0.00598	0.01141	0.01618	0.04330	0.30254	0.14288	0.34399	0.01577	0.00787	0.00225	0.00350	0.04402	0.00659	0.00597
27	0.00786	0.00663	0.00681	0.00686	0.00896	0.00558	0.00511	0.00956	0.01505	0.01811	0.09380	0.09676	0.66301	0.01672	0.00781	0.00224	0.00335	0.01404	0.00616	0.00558
28	0.02380	0.01578	0.08278	0.01645	0.09925	0.01406	0.01281	0.24273	0.02154	0.32042	0.04572	0.02042	0.01520	0.02937	0.00737	0.00214	0.00668	0.00643	0.00646	0.01059
29	0.03958	0.09034	0.07756	0.02390	0.24855	0.09647	0.06848	0.17349	0.03709	0.04340	0.01384	0.03301	0.01111	0.00690	0.00632	0.00194	0.00817	0.00586	0.00425	0.00975
30	0.01375	0.12546	0.64789	0.01784	0.02706	0.01662	0.02271	0.02071	0.01383	0.02019	0.01148	0.01349	0.00835	0.00618	0.00600	0.00200	0.00940	0.00470	0.00278	0.00957
31	0.02326	0.01756	0.01876	0.01479	0.01974	0.01959	0.01208	0.56845	0.17101	0.03864	0.01805	0.01760	0.01302	0.00811	0.00661	0.00203	0.00683	0.00624	0.00661	0.01104
32	0.00944	0.00727	0.00854	0.00901	0.01046	0.00699	0.00643	0.04174	0.07021	0.01961	0.08700	0.43301	0.23051	0.01759	0.00798	0.00244	0.00390	0.01549	0.00625	0.00612
33	0.01446	0.00988	0.01253	0.01332	0.08574	0.04126	0.00893	0.04231	0.01588	0.14066	0.16985	0.23664	0.05864	0.04801	0.04737	0.00286	0.02702	0.01128	0.00597	0.00739
34	0.01541	0.01572	0.01683	0.06090	0.17684	0.18526	0.03006	0.04278	0.04674	0.01917	0.02297	0.18569	0.07063	0.04555	0.00826	0.00235	0.00746	0.03523	0.00451	0.00765
35	0.13748	0.08034	0.02397	0.02270	0.21183	0.09562	0.12634	0.12728	0.04836	0.02491	0.01270	0.01496	0.01002	0.00635	0.00608	0.00193	0.00804	0.00549	0.00405	0.03156
36	0.01827	0.11647	0.06732	0.08054	0.09566	0.10257	0.01318	0.17659	0.04214	0.05102	0.01783	0.04667	0.04392	0.00820	0.00625	0.00193	0.00740	0.03134	0.04110	0.03159

[dist]
# distance from previous block
# <min> <max>
0	22

[block]
# block no. 3 follows, 33 sequences, length 58
# corresponding to MSA columns:
# 226-283
name=unknown_D
#
# <colnr> <probs for GDERKNQSTAVLIFYWHMCP>
#	G	D	E	R	K	N	Q	S	T	A	V	L	I	F	Y	W	H	M	C	P
0	0.01917	0.12400	0.10566	0.02092	0.15660	0.14886	0.06007	0.15334	0.08177	0.02380	0.01338	0.01514	0.01051	0.00687	0.00666	0.00192	0.03229	0.00542	0.00411	0.00952
1	0.00825	0.00663	0.00735	0.00729	0.00921	0.00574	0.00542	0.01031	0.01593	0.02026	0.25860	0.10095	0.48899	0.01596	0.00781	0.00220	0.00330	0.01360	0.00645	0.00574
2	0.01581	0.01431	0.02029	0.07494	0.25021	0.03512	0.06473	0.11678	0.11197	0.02451	0.08488	0.02563	0.09678	0.00865	0.00724	0.00209	0.02447	0.00763	0.00485	0.00912
3	0.01365	0.01170	0.01365	0.00975	0.01560	0.00878	0.00780	0.01658	0.01365	0.02145	0.01170	0.01365	0.00975	0.00488	0.00488	0.00098	0.00488	0.00390	0.00390	0.80888
4	0.02294	0.01740	0.01858	0.01472	0.01962	0.01944	0.01201	0.54376	0.19621	0.03812	0.01846	0.01792	0.01334	0.00815	0.00661	0.00204	0.00675	0.00629	0.00661	0.01101
5	0.01365	0.01170	0.01365	0.00975	0.01560	0.00878	0.00780	0.01658	0.01365	0.02145	0.01170	0.01365	0.00975	0.00488	0.00488	0.00098	0.00488	0.00390	0.00390	0.80888
6	0.00789	0.00667	0.00682	0.00678	0.00896	0.00560	0.00509	0.00966	0.01526	0.01839	0.11322	0.06235	0.67799	0.01645	0.00778	0.00221	0.00332	0.01375	0.00619	0.00560
7	0.01554	0.01776	0.03885	0.02775	0.03441	0.01665	0.70366	0.02109	0.01554	0.02109	0.01332	0.01776	0.00999	0.00555	0.00777	0.00222	0.01110	0.00777	0.00333	0.00888
8	0.01237	0.00933	0.01051	0.00970	0.01232	0.00946	0.00743	0.01992	0.24003	0.06831	0.25096	0.06496	0.23298	0.01280	0.00738	0.00218	0.00402	0.01092	0.00677	0.00766
9	0.01378	0.00861	0.01063	0.01003	0.01238	0.00839	0.00764	0.01886	0.13687	0.14995	0.22242	0.21107	0.10155	0.01394	0.00759	0.00230	0.00425	0.04528	0.00688	0.00756
10	0.02275	0.01182	0.01454	0.01183	0.01604	0.01163	0.00953	0.10257	0.16524	0.38596	0.14793	0.02685	0.02460	0.00922	0.00683	0.00208	0.00526	0.00765	0.00752	0.01016
11	0.00879	0.00729	0.00778	0.00763	0.00983	0.00657	0.00579	0.01206	0.06994	0.02006	0.17391	0.05827	0.53763	0.01557	0.00773	0.00222	0.00352	0.03300	0.00635	0.00606
12	0.01537	0.01511	0.02729	0.06801	0.50149	0.01513	0.14903	0.01947	0.01462	0.02066	0.01299	0.01747	0.01080	0.00967	0.07155	0.00278	0.00935	0.00633	0.00328	0.00959
13	0.01492	0.01531	0.05252	0.25783	0.42994	0.01540	0.07993	0.01926	0.01443	0.02000	0.01223	0.01672	0.00980	0.00607	0.00664	0.00206	0.00848	0.00599	0.00314	0.00931
14	0.00892	0.00674	0.00832	0.00930	0.01044	0.00643	0.00678	0.01148	0.05533	0.01800	0.04152	0.44296	0.18538	0.03945	0.00897	0.00271	0.00422	0.12121	0.00608	0.00577
15	0.02665	0.01583	0.01814	0.01391	0.01911	0.01654	0.01149	0.46262	0.02658	0.29066	0.01947	0.01819	0.01304	0.00799	0.00660	0.00200	0.00665	0.00618	0.00715	0.01120
16	0.01781	0.01648	0.02494	0.08986	0.44678	0.05351	0.05965	0.11507	0.01714	0.04065	0.01290	0.01625	0.01034	0.00655	0.00729	0.00203	0.04313	0.00592	0.00380	0.00992
17	0.01873	0.04282	0.01945	0.03883	0.17240	0.13629	0.01340	0.11350	0.32261	0.02544	0.01860	0.01895	0.01431	0.00762	0.00644	0.00202	0.00728	0.00622	0.00517	0.00992
18	0.00802	0.00573	0.00764	0.00917	0.00955	0.00535	0.00611	0.00917	0.01260	0.01681	0.03628	0.76434	0.04354	0.02062	0.00840	0.00267	0.00382	0.01872	0.00611	0.00535
19	0.01176	0.00780	0.01089	0.01210	0.01383	0.00771	0.01055	0.01476	0.01538	0.06303	0.03432	0.07111	0.03657	0.01758	0.00894	0.00297	0.00603	0.64211	0.00619	0.00637
20	0.01718	0.49735	0.17646	0.01386	0.03945	0.05187	0.01406	0.03489	0.01450	0.04142	0.03768	0.01344	0.01084	0.00624	0.00504	0.00163	0.00763	0.00437	0.00327	0.00880
21	0.01431	0.01308	0.01623	0.01406	0.09208	0.04026	0.04173	0.01737	0.01413	0.02111	0.01334	0.01546	0.03005	0.00543	0.00531	0.00120	0.00573	0.00459	0.00385	0.63071
22	0.01663	0.06304	0.04882	0.05473	0.46803	0.03743	0.14433	0.04891	0.01568	0.02158	0.01240	0.01603	0.01010	0.00594	0.00659	0.00197	0.00855	0.00600	0.00336	0.00987
23	0.00854	0.00636	0.00905	0.00982	0.01046	0.00599	0.03845	0.00977	0.01242	0.01657	0.03355	0.65224	0.03988	0.10003	0.01106	0.00305	0.00443	0.01723	0.00575	0.00537
24	0.01544	0.01733	0.03644	0.02704	0.05545	0.01699	0.60700	0.02049	0.01493	0.02054	0.01278	0.01735	0.00986	0.00620	0.00922	0.00228	0.09113	0.00749	0.00328	0.00875
25	0.01064	0.00815	0.00999	0.00949	0.01125	0.00823	0.00712	0.04327	0.09998	0.02472	0.43604	0.16364	0.09129	0.01403	0.00811	0.00222	0.02610	0.01220	0.00677	0.00676
26	0.01454	0.01475	0.01881	0.08113	0.01920	0.07810	0.01374	0.01625	0.01107	0.01577	0.01015	0.01651	0.00983	0.04834	0.06339	0.00335	0.54913	0.00590	0.00302	0.00702
27	0.02244	0.01041	0.01350	0.01147	0.01535	0.00969	0.00926	0.02700	0.11131	0.45245	0.02987	0.11652	0.05161	0.01108	0.00714	0.00225	0.00529	0.07628	0.00742	0.00966
28	0.00795	0.00662	0.00694	0.00698	0.00902	0.00561	0.00519	0.00972	0.01522	0.01857	0.12964	0.10368	0.61906	0.01659	0.00782	0.00223	0.00334	0.01398	0.00622	0.00561
29	0.02954	0.01120	0.01528	0.01171	0.01681	0.00968	0.00968	0.03208	0.01884	0.73213	0.02597	0.02241	0.01630	0.00815	0.00662	0.00204	0.00560	0.00662	0.00815	0.01120
30	0.02954	0.01120	0.01528	0.01171	0.01681	0.00968	0.00968	0.03208	0.01884	0.73213	0.02597	0.02241	0.01630	0.00815	0.00662	0.00204	0.00560	0.00662	0.00815	0.01120
31	0.01425	0.21039	0.56738	0.01697	0.02572	0.01786	0.02121	0.02058	0.01377	0.01957	0.01118	0.01310	0.00837	0.00611	0.00577	0.00192	0.00909	0.00454	0.00279	0.00942
32	0.01637	0.01414	0.01489	0.01340	0.01712	0.01637	0.01042	0.03498	0.71568	0.02754	0.02679	0.02456	0.02010	0.00893	0.00670	0.00223	0.00521	0.00744	0.00670	0.01042
33	0.81514	0.01273	0.00968	0.00866	0.01273	0.01477	0.00713	0.01935	0.01120	0.02954	0.00917	0.01069	0.00713	0.00611	0.00407	0.00204	0.00509	0.00356	0.00407	0.00713
34	0.02458	0.01822	0.01951	0.01506	0.02025	0.02021	0.01241	0.67132	0.06598	0.04078	0.01637	0.01625	0.01165	0.00796	0.00659	0.00199	0.00714	0.00600	0.00659	0.01116
35	0.81514	0.01273	0.00968	0.00866	0.01273	0.01477	0.00713	0.01935	0.01120	0.02954	0.00917	0.01069	0.00713	0.00611	0.00407	0.00204	0.00509	0.00356	0.00407	0.00713
36	0.01629	0.01564	0.02672	0.04041	0.72757	0.01564	0.02020	0.02020	0.01499	0.02151	0.01238	0.01629	0.01043	0.00587	0.00652	0.00196	0.00782	0.00587	0.00326	0.01043
37	0.01637	0.01414	0.01489	0.01340	0.01712	0.01637	0.01042	0.03498	0.71568	0.02754	0.02679	0.02456	0.02010	0.00893	0.00670	0.00223	0.00521	0.00744	0.00670	0.01042
38	0.00994	0.00730	0.00970	0.01089	0.01248	0.00707	0.00926	0.01263	0.01510	0.01941	0.06037	0.10583	0.16180	0.01790	0.00879	0.00284	0.00538	0.51127	0.00611	0.00594
39	0.02868	0.01258	0.01613	0.01237	0.01749	0.01172	0.01022	0.16052	0.02115	0.60044	0.02403	0.02115	0.01532	0.00810	0.00661	0.00203	0.00591	0.00649	0.00785	0.01120
40	0.00940	0.00705	0.01058	0.01058	0.01176	0.00823	0.00823	0.01176	0.01058	0.01528	0.01763	0.02586	0.01646	0.04937	0.74255	0.01058	0.01763	0.00705	0.00353	0.00588
41	0.00828	0.00589	0.00758	0.00878	0.00932	0.00549	0.00588	0.00952	0.01287	0.01726	0.07177	0.62290	0.08047	0.07001	0.00993	0.00284	0.00391	0.01719	0.02479	0.00533
42	0.01239	0.00824	0.00957	0.00906	0.01146	0.00778	0.00694	0.01651	0.10578	0.11803	0.12999	0.10681	0.31045	0.05639	0.00906	0.00251	0.00427	0.06131	0.00649	0.00697
43	0.01423	0.01205	0.01396	0.01003	0.01585	0.00937	0.00804	0.05182	0.01454	0.02248	0.01191	0.01376	0.00982	0.00503	0.00496	0.00103	0.00500	0.00400	0.00404	0.76808
44	0.00811	0.00584	0.00771	0.00916	0.00967	0.00544	0.00623	0.00935	0.01281	0.01696	0.03764	0.70570	0.07486	0.02035	0.00840	0.00267	0.00388	0.04373	0.00611	0.00538
45	0.00864	0.00633	0.00788	0.00834	0.00939	0.00584	0.00586	0.01041	0.01460	0.01955	0.25110	0.32002	0.16254	0.10332	0.01100	0.00285	0.00389	0.03670	0.00622	0.00552
46	0.01760	0.77260	0.03450	0.01126	0.01690	0.02605	0.01126	0.01971	0.01338	0.01549	0.00915	0.01056	0.00845	0.00563	0.00422	0.00141	0.00704	0.00352	0.00282	0.00845
47	0.00942	0.00699	0.01028	0.01028	0.01135	0.00807	0.00785	0.01156	0.01049	0.01506	0.01791	0.02738	0.01712	0.11284	0.67999	0.01021	0.01664	0.00728	0.00357	0.00571
48	0.00823	0.00588	0.00788	0.00940	0.00988	0.00553	0.00647	0.00952	0.01281	0.01704	0.03617	0.70906	0.04309	0.02043	0.00846	0.00270	0.00400	0.07195	0.00611	0.00540
49	0.01494	0.01390	0.02273	0.03329	0.55682	0.01394	0.01737	0.01926	0.05070	0.02121	0.01891	0.06905	0.04849	0.00841	0.00691	0.00211	0.00709	0.06137	0.00397	0.00954
50	0.01256	0.01195	0.02052	0.72328	0.04490	0.01471	0.04620	0.01699	0.01326	0.01699	0.01177	0.01756	0.00883	0.00654	0.00663	0.00219	0.00887	0.00593	0.00294	0.00738
51	0.01456	0.01787	0.16417	0.01924	0.02482	0.01387	0.30075	0.06141	0.05829	0.04239	0.10891	0.06118	0.01986	0.05184	0.00882	0.00242	0.00840	0.00824	0.00445	0.00853
52	0.01384	0.02971	0.56587	0.02256	0.13930	0.01557	0.05477	0.02059	0.01402	0.02079	0.01187	0.01447	0.00876	0.00634	0.00689	0.00210	0.03476	0.00519	0.00288	0.00972
53	0.01279	0.02976	0.04008	0.01128	0.01406	0.02847	0.05924	0.03532	0.06563	0.08484	0.12469	0.23394	0.16151	0.01378	0.00748	0.00227	0.00510	0.03330	0.02929	0.00716
54	0.01474	0.07681	0.61859	0.01805	0.02710	0.01557	0.04231	0.02161	0.01428	0.07297	0.01274	0.01444	0.00898	0.00634	0.00620	0.00204	0.00930	0.00500	0.00319	0.00974
55	0.01784	0.06786	0.06044	0.04530	0.05148	0.13644	0.01174	0.02652	0.28155	0.09028	0.02016	0.02356	0.01636	0.08865	0.00928	0.00251	0.00718	0.02879	0.00516	0.00890
56	0.07376	0.01271	0.03473	0.01028	0.01595	0.01008	0.00854	0.05915	0.01480	0.04351	0.02954	0.01469	0.01107	0.00549	0.00508	0.00120	0.00515	0.00430	0.00425	0.63573
57	0.01608	0.13410	0.41788	0.01580	0.02332	0.01585	0.03156	0.04404	0.06359	0.10524	0.01764	0.01831	0.05381	0.00725	0.00617	0.00200	0.00810	0.00570	0.00403	0.00954

[dist]
# distance from previous block
# <min> <max>
0	5

[block]
# block no. 4 follows, 33 sequences, length 190
# corresponding to MSA columns:
# 289-330,332-479
name=unknown_E
#
# <colnr> <probs for GDERKNQSTAVLIFYWHMCP>
#	G	D	E	R	K	N	Q	S	T	A	V	L	I	F	Y	W	H	M	C	P
0	0.00892	0.00713	0.00896	0.07140	0.01310	0.00667	0.00732	0.01090	0.01411	0.01804	0.06553	0.29168	0.30215	0.01664	0.00790	0.00240	0.00434	0.09233	0.00576	0.04472
1	0.01652	0.01478	0.02414	0.16468	0.38305	0.03831	0.07874	0.02030	0.01488	0.08009	0.01430	0.01974	0.01175	0.00711	0.00760	0.00213	0.04993	0.03893	0.00374	0.00930
2	0.01895	0.41502	0.06121	0.04615	0.08835	0.10987	0.01328	0.07357	0.03074	0.05350	0.01151	0.01308	0.00950	0.00636	0.00559	0.00168	0.02471	0.00446	0.00356	0.00891
3	0.01637	0.01540	0.02415	0.05338	0.58534	0.04836	0.01821	0.03519	0.01536	0.03690	0.01466	0.07947	0.01324	0.00727	0.00666	0.00201	0.00763	0.00689	0.00368	0.00983
4	0.09375	0.01129	0.01438	0.01126	0.01604	0.01024	0.00924	0.04621	0.03259	0.57496	0.05596	0.02318	0.03332	0.00833	0.00644	0.00202	0.00541	0.00669	0.00754	0.03115
5	0.08969	0.00869	0.00938	0.00862	0.01126	0.00831	0.00663	0.08015	0.01680	0.08279	0.14894	0.12275	0.35358	0.01402	0.00727	0.00219	0.00409	0.01172	0.00630	0.00681
6	0.00805	0.00660	0.00710	0.00714	0.00910	0.00565	0.00529	0.00991	0.01540	0.01911	0.17148	0.12029	0.55908	0.01648	0.00783	0.00224	0.00334	0.01398	0.00630	0.00565
7	0.01265	0.01207	0.02052	0.68848	0.04355	0.01497	0.04515	0.01694	0.01311	0.01694	0.01162	0.01741	0.00882	0.00678	0.00736	0.00223	0.04518	0.00592	0.00294	0.00737
8	0.02556	0.01758	0.01923	0.01474	0.01999	0.01914	0.01218	0.62589	0.02952	0.12324	0.01701	0.01659	0.01180	0.00793	0.00659	0.00198	0.00705	0.00601	0.00677	0.01120
9	0.00949	0.00681	0.00821	0.00793	0.00976	0.00605	0.00592	0.01190	0.01685	0.05143	0.40417	0.11356	0.29378	0.01499	0.00778	0.00217	0.00335	0.01297	0.00679	0.00611
10	0.00790	0.00667	0.00683	0.00679	0.00896	0.00561	0.00509	0.00968	0.01528	0.01845	0.11715	0.06227	0.67403	0.01643	0.00778	0.00221	0.00332	0.01374	0.00620	0.00561
11	0.00812	0.00577	0.00761	0.00904	0.00940	0.00541	0.00597	0.00919	0.01241	0.01655	0.03528	0.71786	0.04228	0.06883	0.01002	0.00291	0.00398	0.01813	0.00597	0.00526
12	0.00917	0.00661	0.00867	0.00838	0.00980	0.00611	0.00620	0.01205	0.01794	0.02529	0.64487	0.13156	0.05998	0.01428	0.00784	0.00214	0.00319	0.01269	0.00712	0.00611
13	0.01365	0.01170	0.01365	0.00975	0.01560	0.00878	0.00780	0.01658	0.01365	0.02145	0.01170	0.01365	0.00975	0.00488	0.00488	0.00098	0.00488	0.00390	0.00390	0.80888
14	0.01637	0.01414	0.01489	0.01340	0.01712	0.01637	0.01042	0.03498	0.71568	0.02754	0.02679	0.02456	0.02010	0.00893	0.00670	0.00223	0.00521	0.00744	0.00670	0.01042
15	0.01363	0.01331	0.01868	0.01628	0.01640	0.01835	0.01343	0.01514	0.01026	0.01584	0.01085	0.05396	0.01112	0.01532	0.08439	0.00355	0.65285	0.00654	0.00310	0.00699
16	0.01320	0.03405	0.73453	0.01876	0.02849	0.01529	0.02432	0.02085	0.01390	0.02085	0.01181	0.01390	0.00834	0.00625	0.00625	0.00208	0.00973	0.00486	0.00278	0.00973
17	0.00802	0.00573	0.00764	0.00917	0.00955	0.00535	0.00611	0.00917	0.01260	0.01681	0.03628	0.76434	0.04354	0.02062	0.00840	0.00267	0.00382	0.01872	0.00611	0.00535
18	0.00999	0.00693	0.00885	0.00833	0.01011	0.00631	0.00633	0.01288	0.01807	0.05398	0.58972	0.05067	0.14501	0.01380	0.00776	0.00212	0.00333	0.03238	0.00710	0.00633
19	0.01543	0.27987	0.34914	0.01691	0.02422	0.03807	0.09558	0.02118	0.04736	0.01914	0.01168	0.01368	0.00913	0.00624	0.00613	0.00189	0.02730	0.00487	0.00306	0.00912
20	0.01554	0.01776	0.03885	0.02775	0.03441	0.01665	0.70366	0.02109	0.01554	0.02109	0.01332	0.01776	0.00999	0.00555	0.00777	0.00222	0.01110	0.00777	0.00333	0.00888
21	0.00924	0.00673	0.00869	0.00820	0.00979	0.00618	0.00615	0.01227	0.01845	0.02596	0.69031	0.04990	0.09618	0.01362	0.00777	0.00208	0.00312	0.01201	0.00719	0.00618
22	0.00964	0.00740	0.01104	0.01090	0.01202	0.00880	0.00852	0.01195	0.01056	0.01531	0.01721	0.02532	0.01609	0.04757	0.70821	0.01021	0.05283	0.00699	0.00350	0.00594
23	0.04505	0.10044	0.14946	0.09308	0.04463	0.10993	0.09243	0.14035	0.05365	0.02345	0.01482	0.02003	0.01222	0.00763	0.00646	0.00205	0.00859	0.06271	0.00414	0.00889
24	0.01637	0.01414	0.01489	0.01340	0.01712	0.01637	0.01042	0.03498	0.71568	0.02754	0.02679	0.02456	0.02010	0.00893	0.00670	0.00223	0.00521	0.00744	0.00670	0.01042
25	0.00871	0.00653	0.00808	0.00806	0.00956	0.00590	0.00591	0.01112	0.01666	0.02259	0.44129	0.18447	0.21589	0.01554	0.00789	0.00222	0.00329	0.01363	0.00677	0.00590
26	0.01964	0.02046	0.16131	0.01843	0.11067	0.08108	0.01507	0.27691	0.05711	0.06790	0.01729	0.07266	0.01421	0.00853	0.00667	0.00207	0.00774	0.02723	0.00516	0.00986
27	0.01545	0.01610	0.06020	0.09645	0.41448	0.03293	0.13158	0.02028	0.04352	0.02113	0.01412	0.03803	0.01171	0.00655	0.00666	0.00203	0.00818	0.00653	0.04466	0.00943
28	0.01449	0.01141	0.01269	0.01171	0.01449	0.01236	0.00899	0.15883	0.26063	0.02616	0.06453	0.23567	0.08653	0.01323	0.00739	0.00233	0.00501	0.03871	0.00646	0.00837
29	0.05610	0.04899	0.35260	0.01878	0.07016	0.07014	0.09524	0.02261	0.01510	0.12809	0.01381	0.01534	0.00989	0.00638	0.00623	0.00197	0.00874	0.00532	0.00385	0.05065
30	0.03737	0.12842	0.22573	0.01823	0.11906	0.04017	0.03304	0.06550	0.05506	0.10723	0.01421	0.01541	0.01061	0.00644	0.00591	0.00183	0.00763	0.00515	0.00414	0.09887
31	0.01728	0.03914	0.04992	0.01302	0.03814	0.04760	0.01035	0.15172	0.09432	0.11200	0.07547	0.15433	0.02219	0.01176	0.03574	0.00234	0.00637	0.00852	0.00575	0.10403
32	0.00907	0.00599	0.00801	0.00929	0.00990	0.00556	0.00628	0.01028	0.01291	0.05154	0.03578	0.72832	0.04222	0.02002	0.00832	0.00264	0.00391	0.01813	0.00621	0.00563
33	0.51717	0.08991	0.03968	0.01287	0.04033	0.07324	0.06809	0.05326	0.01353	0.02643	0.01011	0.01191	0.00795	0.00615	0.00482	0.00196	0.00667	0.00420	0.00389	0.00784
34	0.00850	0.00610	0.00801	0.00928	0.00994	0.00575	0.00654	0.00993	0.01313	0.01739	0.06390	0.56567	0.07740	0.06331	0.00990	0.00289	0.00422	0.10671	0.00603	0.00541
35	0.01776	0.01989	0.02112	0.01979	0.08497	0.24178	0.04432	0.01969	0.01341	0.01668	0.00966	0.01395	0.00882	0.00928	0.01478	0.00240	0.42552	0.00539	0.00309	0.00771
36	0.01861	0.01284	0.01440	0.01238	0.01615	0.01393	0.00977	0.10232	0.40263	0.15594	0.11831	0.02652	0.02397	0.00925	0.00675	0.00213	0.00515	0.00769	0.03133	0.00995
37	0.01004	0.00700	0.00892	0.00877	0.00934	0.00771	0.00606	0.01125	0.01039	0.01502	0.01911	0.03369	0.01981	0.40058	0.27665	0.00716	0.04851	0.00814	0.08678	0.00503
38	0.01603	0.01519	0.02556	0.13666	0.61370	0.01565	0.01971	0.04008	0.01522	0.02146	0.01239	0.01645	0.01023	0.00602	0.00653	0.00199	0.00793	0.00587	0.00331	0.01003
39	0.01106	0.00577	0.00858	0.00871	0.00879	0.00579	0.00585	0.00876	0.00900	0.01205	0.01379	0.08316	0.01435	0.02377	0.05362	0.70769	0.00605	0.00687	0.00316	0.00319
40	0.17213	0.46671	0.02620	0.03111	0.01732	0.10160	0.01080	0.03831	0.05007	0.01957	0.01041	0.01177	0.00887	0.00610	0.00463	0.00164	0.00715	0.00393	0.00342	0.00824
41	0.01916	0.01445	0.01641	0.10864	0.06577	0.07767	0.01200	0.20861	0.05607	0.13268	0.02563	0.02998	0.11129	0.00991	0.00697	0.00215	0.00687	0.08103	0.00575	0.00898
42	0.34869	0.07015	0.07234	0.01228	0.01660	0.12750	0.01073	0.07058	0.03026	0.08448	0.01228	0.01383	0.00949	0.00930	0.04821	0.00248	0.04381	0.00459	0.00427	0.00815
43	0.01681	0.01369	0.01478	0.01304	0.01662	0.01544	0.01023	0.15965	0.46803	0.02925	0.07939	0.07245	0.02357	0.01006	0.00693	0.00222	0.00537	0.02599	0.00667	0.00981
44	0.05078	0.05433	0.02001	0.01716	0.11736	0.01598	0.04540	0.27955	0.04925	0.04799	0.01419	0.01543	0.01083	0.00653	0.00595	0.00169	0.00664	0.00531	0.00498	0.23064
45	0.00979	0.00761	0.01131	0.01109	0.01218	0.00914	0.00870	0.01207	0.01054	0.01533	0.01695	0.02499	0.01586	0.04649	0.68762	0.00999	0.07394	0.00695	0.00348	0.00598
46	0.08108	0.04006	0.05635	0.08265	0.13992	0.06528	0.06966	0.14056	0.10095	0.02519	0.01402	0.01601	0.01086	0.00671	0.00645	0.00191	0.02290	0.00555	0.00433	0.10956
47	0.11375	0.40142	0.21019	0.01364	0.01993	0.02018	0.04951	0.01960	0.01359	0.01938	0.03546	0.01503	0.01106	0.00649	0.00518	0.00177	0.00754	0.02455	0.00324	0.00849
48	0.00869	0.00615	0.00739	0.00802	0.00852	0.00584	0.00512	0.00952	0.01194	0.01574	0.06672	0.35360	0.11681	0.32428	0.01852	0.00410	0.00477	0.01410	0.00530	0.00486
49	0.00823	0.00614	0.00766	0.00843	0.00946	0.00557	0.00588	0.00988	0.01434	0.01894	0.18042	0.46562	0.19878	0.01831	0.00814	0.00245	0.00357	0.01628	0.00634	0.00557
50	0.03910	0.25340	0.41784	0.01568	0.02323	0.05714	0.01836	0.02075	0.01409	0.03707	0.01211	0.01529	0.00971	0.00661	0.00568	0.00190	0.00865	0.03121	0.00313	0.00905
51	0.02400	0.01526	0.01929	0.01882	0.14465	0.09777	0.03499	0.05441	0.01739	0.37815	0.01864	0.01864	0.01294	0.00793	0.00851	0.00210	0.10456	0.00611	0.00582	0.01006
52	0.00894	0.00651	0.00773	0.00794	0.00937	0.00584	0.00565	0.01070	0.01487	0.03770	0.21502	0.25381	0.29298	0.08033	0.01010	0.00266	0.00373	0.01420	0.00626	0.00567
53	0.01629	0.01564	0.02672	0.04041	0.72757	0.01564	0.02020	0.02020	0.01499	0.02151	0.01238	0.01629	0.01043	0.00587	0.00652	0.00196	0.00782	0.00587	0.00326	0.01043
54	0.14356	0.09772	0.05331	0.01529	0.03756	0.30459	0.01239	0.15258	0.01859	0.05258	0.01170	0.01307	0.00916	0.00702	0.00642	0.00187	0.04517	0.00463	0.00418	0.00861
55	0.04784	0.01270	0.01926	0.68481	0.04271	0.04996	0.01753	0.01739	0.01335	0.01734	0.01152	0.01698	0.00869	0.00657	0.00644	0.00216	0.00877	0.00567	0.00300	0.00732
56	0.00861	0.00709	0.00763	0.00748	0.00962	0.00630	0.00566	0.01149	0.05180	0.02017	0.20414	0.05858	0.53214	0.01562	0.00775	0.00221	0.00344	0.02793	0.00638	0.00596
57	0.01760	0.77260	0.03450	0.01126	0.01690	0.02605	0.01126	0.01971	0.01338	0.01549	0.00915	0.01056	0.00845	0.00563	0.00422	0.00141	0.00704	0.00352	0.00282	0.00845
58	0.00813	0.00672	0.00716	0.00716	0.00925	0.00575	0.00544	0.01007	0.01552	0.01908	0.15688	0.06190	0.59929	0.01630	0.00784	0.00224	0.00343	0.04591	0.00627	0.00567
59	0.00895	0.00639	0.00870	0.01022	0.01101	0.00614	0.00772	0.01077	0.01352	0.01784	0.03577	0.51773	0.04152	0.01975	0.00865	0.00280	0.00462	0.25620	0.00609	0.00560
60	0.00914	0.00672	0.00855	0.00810	0.00973	0.00614	0.00607	0.01208	0.01822	0.02541	0.64833	0.05081	0.13850	0.01383	0.00777	0.00209	0.00313	0.01213	0.00712	0.00614
61	0.01637	0.01414	0.01489	0.01340	0.01712	0.01637	0.01042	0.03498	0.71568	0.02754	0.02679	0.02456	0.02010	0.00893	0.00670	0.00223	0.00521	0.00744	0.00670	0.01042
62	0.01637	0.01414	0.01489	0.01340	0.01712	0.01637	0.01042	0.03498	0.71568	0.02754	0.02679	0.02456	0.02010	0.00893	0.00670	0.00223	0.00521	0.00744	0.00670	0.01042
63	0.01365	0.01170	0.01365	0.00975	0.01560	0.00878	0.00780	0.01658	0.01365	0.02145	0.01170	0.01365	0.00975	0.00488	0.00488	0.00098	0.00488	0.00390	0.00390	0.80888
64	0.37820	0.01481	0.01373	0.01129	0.01583	0.07809	0.00920	0.13117	0.01716	0.22576	0.01506	0.01495	0.01052	0.00698	0.00537	0.00197	0.00616	0.00486	0.00554	0.03335
65	0.01629	0.01564	0.02672	0.04041	0.72757	0.01564	0.02020	0.02020	0.01499	0.02151	0.01238	0.01629	0.01043	0.00587	0.00652	0.00196	0.00782	0.00587	0.00326	0.01043
66	0.00811	0.00608	0.00755	0.00862	0.00956	0.00552	0.00602	0.00952	0.01351	0.01747	0.06533	0.53501	0.21776	0.01929	0.00825	0.00255	0.00377	0.04448	0.00614	0.00546
67	0.00907	0.00698	0.01001	0.07291	0.01384	0.00697	0.02740	0.01130	0.03434	0.01749	0.03315	0.60181	0.03848	0.01846	0.00823	0.00264	0.00467	0.07065	0.00578	0.00583
68	0.09041	0.02149	0.01784	0.01493	0.01927	0.25120	0.01182	0.33212	0.12467	0.03030	0.01503	0.01538	0.01127	0.00754	0.00618	0.00193	0.00825	0.00541	0.00536	0.00959
69	0.00858	0.00631	0.00813	0.00943	0.01014	0.00605	0.00654	0.01075	0.04837	0.01757	0.03720	0.65199	0.07510	0.01970	0.00833	0.00265	0.00400	0.05736	0.00614	0.00566
70	0.00987	0.00700	0.00897	0.00840	0.00880	0.00700	0.04016	0.01027	0.00993	0.01331	0.02021	0.04094	0.02285	0.69449	0.06661	0.00637	0.00717	0.00936	0.00393	0.00433
71	0.02049	0.05252	0.02204	0.08362	0.24477	0.34466	0.01550	0.08200	0.01769	0.02004	0.01140	0.01408	0.00936	0.00665	0.00657	0.00186	0.02935	0.00504	0.00355	0.00882
72	0.00809	0.00668	0.00710	0.00700	0.00908	0.00569	0.00525	0.01005	0.01574	0.01953	0.19961	0.06049	0.59089	0.01602	0.00778	0.00219	0.00329	0.01349	0.00634	0.00569
73	0.01444	0.01366	0.02023	0.59569	0.09515	0.05591	0.01765	0.07395	0.01507	0.01916	0.01200	0.01699	0.00909	0.00665	0.00654	0.00213	0.00875	0.00577	0.00328	0.00789
74	0.01032	0.00766	0.01046	0.01207	0.03456	0.00748	0.00995	0.01318	0.01521	0.01963	0.05603	0.07023	0.14125	0.01747	0.00878	0.00285	0.00563	0.54509	0.00601	0.00612
75	0.00793	0.00659	0.00693	0.00701	0.00902	0.00559	0.00519	0.00967	0.01510	0.01841	0.11789	0.12144	0.61311	0.01674	0.00783	0.00225	0.00336	0.01414	0.00621	0.00559
76	0.02148	0.02031	0.04786	0.01554	0.01971	0.16277	0.01283	0.32745	0.16467	0.02984	0.01594	0.01657	0.01206	0.00824	0.00818	0.00208	0.09342	0.00584	0.00540	0.00981
77	0.01322	0.01296	0.01970	0.67512	0.04255	0.05663	0.01778	0.01732	0.01333	0.01673	0.01147	0.01707	0.00875	0.00683	0.00727	0.00220	0.04503	0.00575	0.00295	0.00733
78	0.01609	0.01162	0.01390	0.01005	0.01579	0.00891	0.00809	0.01896	0.01445	0.13077	0.01390	0.01500	0.01076	0.00538	0.00514	0.00114	0.00499	0.00432	0.00455	0.68619
79	0.01664	0.61196	0.18676	0.01290	0.01942	0.02371	0.01410	0.01996	0.01349	0.01665	0.00973	0.01129	0.00842	0.00577	0.00467	0.00156	0.00763	0.00381	0.00281	0.00873
80	0.01393	0.01286	0.02114	0.47348	0.23912	0.01472	0.01793	0.05063	0.01452	0.01936	0.01336	0.05549	0.01116	0.00716	0.00666	0.00214	0.00817	0.00652	0.00336	0.00830
81	0.00804	0.00633	0.00708	0.00759	0.00899	0.00557	0.00532	0.00943	0.01383	0.01723	0.06682	0.29723	0.42338	0.08013	0.01012	0.00272	0.00374	0.01512	0.00596	0.00537
82	0.00816	0.00579	0.00760	0.00898	0.00933	0.00544	0.00592	0.00920	0.01233	0.01644	0.03486	0.69839	0.04175	0.08902	0.01070	0.00301	0.00405	0.01788	0.00592	0.00522
83	0.02443	0.01746	0.01954	0.01607	0.05626	0.01907	0.01259	0.60358	0.02870	0.08722	0.01638	0.01658	0.01166	0.00904	0.02829	0.00223	0.00747	0.00600	0.00643	0.01100
84	0.10344	0.01720	0.05100	0.09100	0.10287	0.07265	0.31108	0.01992	0.01440	0.02067	0.01288	0.01860	0.01065	0.00708	0.00839	0.00223	0.08523	0.03894	0.00344	0.00833
85	0.01007	0.00712	0.00899	0.00850	0.01026	0.00663	0.00638	0.01352	0.04644	0.04931	0.56267	0.09347	0.12390	0.01386	0.00772	0.00213	0.00335	0.01217	0.00707	0.00644
86	0.10103	0.01593	0.06058	0.13677	0.45491	0.01563	0.05140	0.04777	0.01495	0.02245	0.01210	0.01581	0.00974	0.00608	0.00632	0.00202	0.00790	0.00566	0.00341	0.00955
87	0.01043	0.00785	0.00800	0.00791	0.00816	0.04868	0.00469	0.01064	0.01014	0.01308	0.01999	0.04046	0.02269	0.69024	0.06613	0.00632	0.00724	0.00915	0.00393	0.00429
88	0.01367	0.00760	0.01013	0.00938	0.01152	0.00690	0.00718	0.01631	0.01750	0.18175	0.41956	0.16514	0.04761	0.01371	0.00768	0.00221	0.00392	0.04385	0.00720	0.00717
89	0.01079	0.00706	0.00927	0.00853	0.01034	0.00646	0.00646	0.01386	0.01865	0.07782	0.67323	0.04723	0.05878	0.01307	0.00768	0.00207	0.00329	0.01152	0.00731	0.00658
90	0.00860	0.00623	0.00819	0.00927	0.01015	0.00583	0.00670	0.01038	0.01415	0.01889	0.15233	0.49398	0.09545	0.01879	0.00835	0.00259	0.00399	0.11421	0.00629	0.00561
91	0.01760	0.77260	0.03450	0.01126	0.01690	0.02605	0.01126	0.01971	0.01338	0.01549	0.00915	0.01056	0.00845	0.00563	0.00422	0.00141	0.00704	0.00352	0.00282	0.00845
92	0.01320	0.03405	0.73453	0.01876	0.02849	0.01529	0.02432	0.02085	0.01390	0.02085	0.01181	0.01390	0.00834	0.00625	0.00625	0.00208	0.00973	0.00486	0.00278	0.00973
93	0.02954	0.01120	0.01528	0.01171	0.01681	0.00968	0.00968	0.03208	0.01884	0.73213	0.02597	0.02241	0.01630	0.00815	0.00662	0.00204	0.00560	0.00662	0.00815	0.01120
94	0.01760	0.77260	0.03450	0.01126	0.01690	0.02605	0.01126	0.01971	0.01338	0.01549	0.00915	0.01056	0.00845	0.00563	0.00422	0.00141	0.00704	0.00352	0.00282	0.00845
95	0.01637	0.01414	0.01489	0.01340	0.01712	0.01637	0.01042	0.03498	0.71568	0.02754	0.02679	0.02456	0.02010	0.00893	0.00670	0.00223	0.00521	0.00744	0.00670	0.01042
96	0.00802	0.00573	0.00764	0.00917	0.00955	0.00535	0.00611	0.00917	0.01260	0.01681	0.03628	0.76434	0.04354	0.02062	0.00840	0.00267	0.00382	0.01872	0.00611	0.00535
97	0.00948	0.00677	0.00931	0.01083	0.01185	0.00660	0.00864	0.01168	0.01404	0.01843	0.03548	0.37645	0.04036	0.01925	0.00879	0.00287	0.00508	0.39225	0.00608	0.00575
98	0.01760	0.77260	0.03450	0.01126	0.01690	0.02605	0.01126	0.01971	0.01338	0.01549	0.00915	0.01056	0.00845	0.00563	0.00422	0.00141	0.00704	0.00352	0.00282	0.00845
99	0.01476	0.01480	0.02666	0.18475	0.23316	0.01495	0.22418	0.01900	0.01433	0.02009	0.01224	0.01653	0.00975	0.00605	0.00740	0.00199	0.04471	0.00615	0.00328	0.12522
100	0.02503	0.01844	0.01976	0.01515	0.02042	0.02042	0.01251	0.70562	0.03095	0.04149	0.01581	0.01581	0.01120	0.00790	0.00659	0.00198	0.00724	0.00593	0.00659	0.01120
101	0.01144	0.00572	0.00858	0.00858	0.00858	0.00572	0.00572	0.00858	0.00858	0.01144	0.01144	0.02001	0.01144	0.02287	0.02573	0.80846	0.00572	0.00572	0.00286	0.00286
102	0.00861	0.00633	0.00806	0.00841	0.00960	0.00579	0.00601	0.01076	0.01581	0.02151	0.36843	0.32840	0.14461	0.01667	0.00801	0.00233	0.00341	0.01482	0.00665	0.00579
103	0.01500	0.09595	0.53824	0.01832	0.02685	0.03755	0.07916	0.02187	0.03393	0.05475	0.01276	0.01458	0.00920	0.00632	0.00622	0.00203	0.00935	0.00513	0.00322	0.00957
104	0.01480	0.35939	0.35999	0.01471	0.02184	0.01928	0.01710	0.01949	0.01365	0.01823	0.01273	0.05124	0.01126	0.00715	0.00557	0.00185	0.00810	0.03172	0.00309	0.00880
105	0.01715	0.01441	0.01529	0.01355	0.01737	0.01654	0.01066	0.10904	0.61679	0.02884	0.02583	0.02519	0.01968	0.00912	0.00676	0.00223	0.00546	0.02905	0.00667	0.01037
106	0.01219	0.01119	0.01607	0.04994	0.01626	0.01486	0.01195	0.01409	0.01053	0.01573	0.01339	0.05511	0.01317	0.02543	0.28117	0.00562	0.41652	0.00686	0.00327	0.00664
107	0.04304	0.01757	0.06215	0.04566	0.14062	0.01763	0.11414	0.31797	0.04351	0.07458	0.01498	0.01660	0.01102	0.00725	0.00735	0.00208	0.04242	0.00614	0.00509	0.01020
108	0.02104	0.01026	0.01275	0.01062	0.01435	0.00981	0.00848	0.02673	0.14831	0.37691	0.13673	0.02835	0.04213	0.00928	0.00658	0.00202	0.00474	0.00773	0.11375	0.00945
109	0.00821	0.00698	0.00712	0.00712	0.00933	0.00607	0.00532	0.01067	0.04890	0.01821	0.06319	0.09750	0.65566	0.01650	0.00776	0.00225	0.00345	0.01383	0.00614	0.00578
110	0.01609	0.01660	0.02607	0.20625	0.38911	0.08853	0.12205	0.02014	0.01500	0.01978	0.01214	0.01637	0.00977	0.00608	0.00666	0.00203	0.00895	0.00599	0.00320	0.00917
