[name]
unknown

[dist]
# distance from previous block
# <min> <max>
0	12

[block]
# block no. 0 follows, 31 sequences, length 18
# corresponding to MSA columns:
# 12-29
name=unknown_A
#
# <colnr> <probs for GDERKNQSTAVLIFYWHMCP>
#	G	D	E	R	K	N	Q	S	T	A	V	L	I	F	Y	W	H	M	C	P
0	0.02023	0.01517	0.01698	0.01398	0.01845	0.01602	0.01152	0.40849	0.05321	0.03400	0.02123	0.06658	0.01889	0.01057	0.00721	0.00217	0.00668	0.13444	0.00634	0.11785
1	0.00940	0.00645	0.00758	0.00804	0.00825	0.00629	0.00483	0.00982	0.01110	0.01470	0.02828	0.25088	0.06042	0.51440	0.02613	0.00533	0.00573	0.01289	0.00488	0.00462
2	0.02458	0.01845	0.01973	0.01545	0.02067	0.02055	0.01266	0.58966	0.13891	0.04082	0.01824	0.01787	0.01310	0.00838	0.00686	0.00210	0.00719	0.00641	0.00686	0.01151
3	0.02591	0.01833	0.01951	0.01521	0.02047	0.04408	0.01247	0.53667	0.08125	0.12768	0.01844	0.01785	0.01292	0.00829	0.00683	0.00207	0.00732	0.00631	0.00695	0.01145
4	0.00937	0.00745	0.01130	0.11825	0.01659	0.00752	0.04017	0.01127	0.01333	0.01767	0.03284	0.61246	0.03831	0.01856	0.00842	0.00268	0.00508	0.01695	0.00573	0.00603
5	0.00834	0.00595	0.00794	0.00953	0.00992	0.00556	0.00635	0.00953	0.01310	0.01746	0.03771	0.75510	0.04525	0.02143	0.00873	0.00278	0.00397	0.01945	0.00635	0.00556
6	0.01419	0.01216	0.01419	0.01013	0.01621	0.00912	0.00811	0.01723	0.01419	0.02229	0.01216	0.01419	0.01013	0.00507	0.00507	0.00101	0.00507	0.00405	0.00405	0.80139
7	0.01695	0.03950	0.11150	0.04350	0.05911	0.01287	0.01243	0.10808	0.01697	0.06871	0.01363	0.01531	0.01052	0.00604	0.00575	0.00149	0.00651	0.00483	0.00443	0.44189
8	0.01419	0.01216	0.01419	0.01013	0.01621	0.00912	0.00811	0.01723	0.01419	0.02229	0.01216	0.01419	0.01013	0.00507	0.00507	0.00101	0.00507	0.00405	0.00405	0.80139
9	0.01569	0.01572	0.04684	0.10786	0.51704	0.01532	0.06901	0.01990	0.01550	0.02190	0.05016	0.04546	0.01460	0.00712	0.00701	0.00211	0.00813	0.00702	0.00366	0.00995
10	0.01773	0.01957	0.02144	0.06323	0.07429	0.21599	0.04581	0.01992	0.01380	0.01727	0.01056	0.01530	0.00953	0.01141	0.04826	0.00288	0.37618	0.00572	0.00323	0.00788
11	0.06272	0.04873	0.09585	0.01583	0.05189	0.01835	0.01344	0.40805	0.06253	0.05496	0.03867	0.01949	0.03842	0.00829	0.00659	0.00206	0.00714	0.00640	0.03004	0.01053
12	0.04698	0.04003	0.07478	0.02331	0.16086	0.05837	0.18802	0.08878	0.04891	0.08192	0.01597	0.01989	0.01258	0.00833	0.02660	0.00233	0.00891	0.03302	0.00448	0.05593
13	0.08334	0.06313	0.04161	0.07152	0.07458	0.07295	0.01212	0.11223	0.10680	0.11220	0.06587	0.02172	0.04603	0.00816	0.00640	0.00198	0.00681	0.00649	0.00541	0.08065
14	0.01785	0.10049	0.08165	0.09158	0.04563	0.11588	0.07096	0.10855	0.05882	0.04434	0.07362	0.02131	0.03420	0.03623	0.00830	0.00220	0.03784	0.00660	0.00456	0.03939
15	0.01890	0.13178	0.05065	0.01836	0.13634	0.05904	0.03270	0.14968	0.06691	0.07694	0.08318	0.04318	0.03551	0.00834	0.00653	0.00195	0.00706	0.00689	0.00518	0.06087
16	0.02036	0.02104	0.15147	0.01861	0.08215	0.07090	0.06007	0.29206	0.02291	0.06260	0.08864	0.01983	0.01650	0.00798	0.00688	0.00205	0.00808	0.00656	0.00539	0.03593
17	0.01875	0.03697	0.06223	0.04014	0.05642	0.10653	0.03667	0.15646	0.10332	0.07919	0.07957	0.08608	0.04477	0.00958	0.00694	0.00208	0.00719	0.00797	0.00561	0.05351

[dist]
# distance from previous block
# <min> <max>
10	36

[block]
# block no. 1 follows, 31 sequences, length 23
# corresponding to MSA columns:
# 70-92
name=unknown_B
#
# <colnr> <probs for GDERKNQSTAVLIFYWHMCP>
#	G	D	E	R	K	N	Q	S	T	A	V	L	I	F	Y	W	H	M	C	P
0	0.07063	0.07295	0.05326	0.01376	0.04287	0.04110	0.07138	0.09416	0.01807	0.08024	0.14599	0.06279	0.16547	0.01113	0.00714	0.00216	0.00619	0.02683	0.00570	0.00819
1	0.04965	0.01103	0.06743	0.01080	0.01348	0.00924	0.00869	0.09491	0.01565	0.04145	0.03064	0.38177	0.08368	0.07494	0.00981	0.00272	0.00526	0.01323	0.00574	0.06988
2	0.01925	0.24704	0.12047	0.08500	0.02370	0.03503	0.05810	0.09705	0.09333	0.10671	0.01531	0.01649	0.01154	0.00723	0.00671	0.00199	0.03526	0.00558	0.00452	0.00969
3	0.12088	0.04519	0.04321	0.03952	0.01800	0.06468	0.02940	0.13541	0.07868	0.04415	0.02122	0.08025	0.07067	0.04427	0.00767	0.00219	0.00656	0.00734	0.00512	0.13558
4	0.01491	0.04887	0.09854	0.01599	0.02033	0.10550	0.16122	0.01962	0.06390	0.03762	0.11320	0.03352	0.10510	0.07744	0.00989	0.00261	0.00793	0.05108	0.00486	0.00789
5	0.08573	0.01425	0.05641	0.01295	0.06294	0.10680	0.00974	0.01849	0.05156	0.07776	0.13411	0.05246	0.21712	0.03961	0.00808	0.00229	0.00598	0.00938	0.00559	0.02874
6	0.05394	0.05337	0.01756	0.15068	0.02291	0.11250	0.01198	0.08847	0.01842	0.28579	0.02185	0.07026	0.04462	0.00897	0.00671	0.00211	0.00734	0.00720	0.00592	0.00939
7	0.04853	0.01865	0.09043	0.05933	0.16418	0.03373	0.10761	0.21843	0.02005	0.02825	0.01366	0.01605	0.01042	0.00662	0.00656	0.00193	0.00816	0.00583	0.00449	0.13708
8	0.12821	0.01789	0.03790	0.07593	0.10940	0.16691	0.04029	0.06321	0.06519	0.06011	0.12906	0.02171	0.01957	0.00832	0.00699	0.00209	0.02703	0.00664	0.00489	0.00868
9	0.01253	0.00780	0.00984	0.00920	0.01136	0.00715	0.00693	0.01578	0.04489	0.12372	0.39110	0.15075	0.15311	0.01461	0.00795	0.00227	0.00383	0.01275	0.00729	0.00713
10	0.02209	0.02102	0.02040	0.04036	0.13972	0.20364	0.01413	0.24960	0.16688	0.02899	0.01659	0.01742	0.01264	0.00774	0.00668	0.00204	0.00848	0.00602	0.00531	0.01026
11	0.00948	0.00654	0.00750	0.00778	0.00808	0.00636	0.00464	0.00986	0.01106	0.01452	0.02904	0.17483	0.09454	0.55544	0.02756	0.00552	0.00585	0.01209	0.00475	0.00456
12	0.01806	0.10536	0.17469	0.02179	0.05528	0.07117	0.24104	0.12719	0.01782	0.02375	0.01278	0.01569	0.00984	0.00692	0.00810	0.00215	0.06888	0.00614	0.00378	0.00957
13	0.01981	0.51232	0.11481	0.01346	0.01947	0.11673	0.01339	0.02268	0.01520	0.08034	0.01156	0.01268	0.00950	0.00632	0.00510	0.00165	0.00818	0.00421	0.00350	0.00909
14	0.00986	0.00666	0.00752	0.00749	0.00766	0.00659	0.00430	0.01008	0.01061	0.01414	0.05593	0.04590	0.05404	0.69515	0.03251	0.00625	0.00635	0.01024	0.00439	0.00432
15	0.00891	0.00677	0.00825	0.00861	0.01013	0.00611	0.00638	0.01111	0.01620	0.02133	0.27062	0.24033	0.27301	0.01742	0.00836	0.00245	0.00374	0.06755	0.00674	0.00598
16	0.01419	0.01216	0.01419	0.01013	0.01621	0.00912	0.00811	0.01723	0.01419	0.02229	0.01216	0.01419	0.01013	0.00507	0.00507	0.00101	0.00507	0.00405	0.00405	0.80139
17	0.00946	0.00740	0.01021	0.01287	0.08846	0.00695	0.00808	0.01125	0.01416	0.01872	0.06523	0.49850	0.14615	0.01866	0.00843	0.00262	0.00446	0.05606	0.00606	0.00625
18	0.01292	0.01216	0.02052	0.74312	0.04712	0.01520	0.01900	0.01748	0.01368	0.01748	0.01216	0.01824	0.00912	0.00684	0.00684	0.00228	0.00912	0.00608	0.00304	0.00760
19	0.01665	0.01909	0.03772	0.02739	0.03362	0.06177	0.60307	0.02187	0.01595	0.02122	0.01330	0.01783	0.01019	0.00628	0.00895	0.00232	0.06262	0.00770	0.00343	0.00903
20	0.01591	0.01478	0.02223	0.33873	0.19400	0.04420	0.04494	0.09355	0.01646	0.02178	0.01453	0.02202	0.01225	0.00807	0.00802	0.00229	0.05436	0.05926	0.00384	0.00877
21	0.01988	0.21080	0.02168	0.01448	0.01792	0.33721	0.01161	0.02303	0.07081	0.01714	0.01311	0.01714	0.01180	0.07802	0.05977	0.00289	0.05586	0.00528	0.00368	0.00788
22	0.01201	0.00883	0.01000	0.00882	0.01071	0.00825	0.00590	0.06624	0.01306	0.01809	0.02179	0.07799	0.04750	0.46173	0.02348	0.00464	0.00608	0.00906	0.00455	0.18127

[dist]
# distance from previous block
# <min> <max>
0	1

[block]
# block no. 2 follows, 31 sequences, length 35
# corresponding to MSA columns:
# 94-128
name=unknown_C
#
# <colnr> <probs for GDERKNQSTAVLIFYWHMCP>
#	G	D	E	R	K	N	Q	S	T	A	V	L	I	F	Y	W	H	M	C	P
0	0.09274	0.14692	0.11452	0.01631	0.04351	0.29251	0.01405	0.11188	0.01870	0.07079	0.01250	0.01372	0.00966	0.00694	0.00591	0.00187	0.00938	0.00476	0.00418	0.00914
1	0.00899	0.00653	0.00858	0.00975	0.01069	0.00612	0.00714	0.01086	0.01463	0.01941	0.12835	0.47740	0.10444	0.01963	0.00872	0.00273	0.00426	0.13942	0.00650	0.00583
2	0.01715	0.05274	0.35937	0.04404	0.06715	0.04407	0.07832	0.15233	0.01808	0.02520	0.01295	0.01526	0.00961	0.00692	0.00724	0.00210	0.03919	0.00555	0.00381	0.03890
3	0.01127	0.00736	0.00866	0.00837	0.01058	0.00641	0.00626	0.01331	0.01639	0.10790	0.18522	0.17902	0.38135	0.01629	0.00805	0.00234	0.00380	0.01397	0.00685	0.00660
4	0.01419	0.01216	0.01419	0.01013	0.01621	0.00912	0.00811	0.01723	0.01419	0.02229	0.01216	0.01419	0.01013	0.00507	0.00507	0.00101	0.00507	0.00405	0.00405	0.80139
5	0.00992	0.00767	0.01111	0.01446	0.11243	0.00738	0.00887	0.01168	0.01361	0.01832	0.03335	0.55120	0.03890	0.04689	0.00951	0.00285	0.00491	0.08475	0.00583	0.00634
6	0.01419	0.01216	0.01419	0.01013	0.01621	0.00912	0.00811	0.01723	0.01419	0.02229	0.01216	0.01419	0.01013	0.00507	0.00507	0.00101	0.00507	0.00405	0.00405	0.80139
7	0.02156	0.01659	0.01776	0.01468	0.01932	0.01865	0.01178	0.33197	0.37725	0.06040	0.02268	0.02135	0.01658	0.00877	0.00691	0.00219	0.00638	0.00700	0.00696	0.01122
8	0.04342	0.10780	0.14646	0.02247	0.12357	0.01702	0.21556	0.04948	0.07930	0.04378	0.03645	0.05429	0.01439	0.00748	0.00690	0.00214	0.00858	0.00715	0.00419	0.00954
9	0.01767	0.09776	0.17717	0.01839	0.05333	0.03935	0.13918	0.04860	0.08114	0.11625	0.01966	0.07683	0.03839	0.00863	0.00751	0.00219	0.03623	0.00751	0.00472	0.00950
10	0.01652	0.19500	0.36877	0.04315	0.02625	0.01844	0.08169	0.07943	0.01614	0.04961	0.01352	0.03761	0.01058	0.00698	0.00629	0.00203	0.00899	0.00567	0.00362	0.00969
11	0.00830	0.00694	0.00722	0.00715	0.00937	0.00586	0.00536	0.01022	0.01609	0.01966	0.15384	0.06391	0.62884	0.01689	0.00808	0.00229	0.00343	0.01417	0.00651	0.00586
12	0.01699	0.13543	0.21263	0.14359	0.07121	0.14410	0.14065	0.02178	0.01548	0.01934	0.01186	0.01507	0.00923	0.00640	0.00649	0.00203	0.01006	0.00551	0.00317	0.00899
13	0.01530	0.09356	0.41310	0.04138	0.05756	0.03778	0.10754	0.02189	0.04109	0.04392	0.01465	0.05554	0.01172	0.00733	0.00668	0.00214	0.00935	0.00632	0.00354	0.00960
14	0.01730	0.01310	0.01389	0.01235	0.01590	0.01474	0.00965	0.07922	0.47927	0.05702	0.02579	0.02477	0.01933	0.00889	0.00648	0.00214	0.00510	0.00729	0.17782	0.00996
15	0.01343	0.01024	0.01468	0.03864	0.08060	0.02878	0.04333	0.03215	0.04349	0.06283	0.01830	0.02660	0.01661	0.13522	0.36192	0.04176	0.01277	0.00741	0.00417	0.00708
16	0.01777	0.01890	0.11515	0.07015	0.07570	0.12623	0.09139	0.05510	0.05413	0.09829	0.10721	0.07809	0.02080	0.00922	0.00761	0.00218	0.03024	0.00792	0.00499	0.00892
17	0.01410	0.04584	0.02271	0.52408	0.18295	0.01627	0.01886	0.01828	0.01390	0.01837	0.01201	0.01746	0.00945	0.00694	0.00762	0.00223	0.05153	0.00597	0.00310	0.00832
18	0.01702	0.01470	0.01547	0.01392	0.01779	0.01702	0.01083	0.03635	0.70453	0.02862	0.02785	0.02553	0.02088	0.00928	0.00696	0.00232	0.00541	0.00773	0.00696	0.01083
19	0.01587	0.01520	0.02622	0.08380	0.57410	0.01530	0.05583	0.01980	0.01527	0.02158	0.01508	0.08249	0.01375	0.00748	0.00702	0.00213	0.00801	0.00738	0.00363	0.01007
20	0.04859	0.04038	0.10346	0.04612	0.07272	0.04586	0.03405	0.13721	0.01930	0.26762	0.03942	0.04546	0.01520	0.00845	0.00753	0.00215	0.04368	0.00674	0.00588	0.01020
21	0.01169	0.00766	0.01014	0.01013	0.03550	0.00750	0.00695	0.01380	0.01496	0.07737	0.29149	0.04198	0.06033	0.23065	0.14532	0.00500	0.00729	0.01018	0.00577	0.00630
22	0.00919	0.00646	0.00771	0.00820	0.00871	0.00617	0.00519	0.01003	0.01237	0.01639	0.08857	0.28760	0.10693	0.37163	0.02102	0.00451	0.00512	0.01383	0.00540	0.00498
23	0.01829	0.41178	0.13203	0.01687	0.02329	0.08922	0.14502	0.05466	0.01582	0.01940	0.01118	0.01330	0.00922	0.00616	0.00569	0.00178	0.00901	0.00490	0.00327	0.00912
24	0.05113	0.01563	0.04793	0.20884	0.31730	0.01602	0.04071	0.08674	0.06179	0.04162	0.01599	0.01916	0.03283	0.00712	0.00678	0.00214	0.00800	0.00641	0.00411	0.00974
25	0.00836	0.00633	0.00773	0.00866	0.00974	0.00569	0.00601	0.00988	0.01435	0.01856	0.10033	0.48949	0.25094	0.01960	0.00848	0.00259	0.00376	0.01736	0.00644	0.00569
26	0.00937	0.00740	0.01109	0.01099	0.01237	0.00687	0.06719	0.01147	0.01486	0.01999	0.17064	0.48208	0.09048	0.01822	0.00852	0.00259	0.00454	0.03891	0.00633	0.00610
27	0.04218	0.02028	0.01975	0.06769	0.06225	0.21370	0.03544	0.23271	0.04755	0.08186	0.01616	0.05925	0.01308	0.00858	0.00759	0.00211	0.04860	0.00655	0.00519	0.00950
28	0.04593	0.04907	0.08790	0.06166	0.28831	0.12210	0.04254	0.04139	0.05873	0.11451	0.01510	0.01707	0.01148	0.00686	0.00656	0.00204	0.00850	0.00585	0.00433	0.01005
29	0.01675	0.07188	0.02396	0.02898	0.39021	0.07061	0.03829	0.04096	0.06575	0.02137	0.01612	0.08169	0.01491	0.04870	0.00893	0.00235	0.03773	0.00732	0.00401	0.00948
30	0.01528	0.01312	0.04870	0.01289	0.01613	0.03742	0.03389	0.12599	0.15071	0.05944	0.03046	0.28225	0.07581	0.01381	0.00767	0.00240	0.00584	0.03586	0.00623	0.02610
31	0.01995	0.05946	0.04745	0.07270	0.08841	0.09862	0.17597	0.17072	0.09851	0.05753	0.01570	0.01756	0.01178	0.00709	0.00688	0.00207	0.00888	0.00640	0.00476	0.02956
32	0.01807	0.01616	0.01748	0.01717	0.12962	0.11141	0.01157	0.11712	0.05063	0.05075	0.04157	0.04646	0.03525	0.00758	0.00624	0.00168	0.00680	0.00620	0.00485	0.30339
33	0.06228	0.06062	0.03977	0.11118	0.07263	0.07597	0.12173	0.15438	0.03933	0.08998	0.01711	0.01896	0.04153	0.00761	0.00720	0.00209	0.03248	0.00640	0.00477	0.03398
34	0.26749	0.08544	0.01670	0.01374	0.05401	0.11060	0.01037	0.12829	0.05417	0.07433	0.01630	0.09124	0.01427	0.02720	0.00660	0.00219	0.00686	0.00652	0.00504	0.00866

[dist]
# distance from previous block
# <min> <max>
3	27

[block]
# block no. 3 follows, 31 sequences, length 22
# corresponding to MSA columns:
# 157-178
name=unknown_D
#
# <colnr> <probs for GDERKNQSTAVLIFYWHMCP>
#	G	D	E	R	K	N	Q	S	T	A	V	L	I	F	Y	W	H	M	C	P
0	0.11419	0.04340	0.06308	0.05149	0.11104	0.06795	0.08354	0.11005	0.04994	0.10814	0.01838	0.11546	0.01584	0.00897	0.00675	0.00218	0.00755	0.00770	0.00507	0.00927
1	0.14443	0.07338	0.08184	0.03529	0.01936	0.13619	0.04051	0.15134	0.05119	0.02618	0.06342	0.02364	0.10798	0.00888	0.00640	0.00205	0.00751	0.00684	0.00495	0.00863
2	0.14815	0.05200	0.03846	0.08829	0.12164	0.16788	0.01299	0.02401	0.12418	0.05218	0.03806	0.01834	0.01358	0.03186	0.00704	0.00215	0.00781	0.00574	0.00445	0.04118
3	0.10733	0.04123	0.06368	0.04770	0.06940	0.15573	0.03156	0.20926	0.08608	0.02793	0.01512	0.04019	0.01207	0.00769	0.00633	0.00200	0.00812	0.00592	0.00489	0.05778
4	0.01371	0.01317	0.02229	0.56518	0.12010	0.01594	0.04966	0.01799	0.01372	0.01814	0.01203	0.01781	0.00936	0.00717	0.00830	0.00232	0.07582	0.00616	0.00309	0.00803
5	0.01509	0.01450	0.07925	0.06716	0.04180	0.03348	0.03032	0.12925	0.04959	0.04937	0.10184	0.10555	0.14603	0.01165	0.00855	0.00226	0.06458	0.00958	0.00551	0.03463
6	0.00860	0.00673	0.00780	0.00800	0.00968	0.00592	0.00582	0.01064	0.01612	0.02083	0.24752	0.21721	0.37615	0.01729	0.00823	0.00237	0.00351	0.01498	0.00669	0.00592
7	0.01546	0.01901	0.15137	0.17278	0.28963	0.01621	0.11577	0.02217	0.08801	0.02186	0.01435	0.01787	0.01111	0.00661	0.00694	0.00218	0.00888	0.00636	0.00362	0.00983
8	0.00904	0.00702	0.00826	0.00809	0.01002	0.00623	0.00617	0.01158	0.01743	0.02294	0.37896	0.05941	0.35797	0.01581	0.00816	0.00229	0.00353	0.05404	0.00692	0.00614
9	0.01144	0.00997	0.04379	0.00986	0.01251	0.00892	0.00802	0.05762	0.09969	0.02656	0.43383	0.04704	0.17746	0.01336	0.00779	0.00220	0.00412	0.01149	0.00698	0.00733
10	0.01797	0.23769	0.23579	0.01728	0.05145	0.02032	0.05537	0.14474	0.11040	0.02491	0.01444	0.01562	0.01106	0.00694	0.00612	0.00197	0.00821	0.00543	0.00421	0.01008
11	0.01517	0.01497	0.02393	0.13156	0.18587	0.01758	0.08813	0.01831	0.01306	0.01907	0.01115	0.01621	0.00968	0.00858	0.01344	0.00242	0.32271	0.00608	0.00323	0.07885
12	0.01924	0.01323	0.02319	0.07512	0.11595	0.01253	0.19960	0.02320	0.01761	0.24147	0.16011	0.02639	0.02343	0.00841	0.00743	0.00218	0.00742	0.00816	0.00581	0.00951
13	0.01763	0.01436	0.02484	0.02317	0.15725	0.01392	0.22843	0.09023	0.01817	0.11468	0.06496	0.05241	0.04106	0.00953	0.00775	0.00232	0.00803	0.09670	0.00525	0.00932
14	0.01829	0.76368	0.03585	0.01171	0.01756	0.02707	0.01171	0.02049	0.01390	0.01610	0.00951	0.01097	0.00878	0.00585	0.00439	0.00146	0.00732	0.00366	0.00293	0.00878
15	0.01419	0.01216	0.01419	0.01013	0.01621	0.00912	0.00811	0.01723	0.01419	0.02229	0.01216	0.01419	0.01013	0.00507	0.00507	0.00101	0.00507	0.00405	0.00405	0.80139
16	0.00834	0.00595	0.00794	0.00953	0.00992	0.00556	0.00635	0.00953	0.01310	0.01746	0.03771	0.75510	0.04525	0.02143	0.00873	0.00278	0.00397	0.01945	0.00635	0.00556
17	0.01503	0.01657	0.03485	0.02559	0.03122	0.01595	0.55922	0.01993	0.01540	0.02099	0.01673	0.11666	0.01495	0.00824	0.00904	0.00241	0.05529	0.00947	0.00382	0.00863
18	0.01347	0.01140	0.01342	0.01006	0.01544	0.00868	0.00789	0.01628	0.01405	0.02170	0.01530	0.10511	0.01444	0.00708	0.00552	0.00123	0.00493	0.00594	0.00434	0.70372
19	0.02034	0.01889	0.01990	0.11742	0.13692	0.16480	0.01429	0.24486	0.05325	0.02831	0.09678	0.02041	0.01724	0.00817	0.00684	0.00204	0.00823	0.00658	0.00517	0.00955
20	0.01437	0.01261	0.01628	0.14565	0.02192	0.05623	0.06639	0.02094	0.17081	0.04358	0.05362	0.06053	0.05396	0.11094	0.01170	0.00298	0.03200	0.09252	0.00519	0.00778
21	0.01142	0.00992	0.01211	0.01095	0.01221	0.04221	0.03954	0.01302	0.01366	0.01806	0.14869	0.04327	0.15877	0.26977	0.01962	0.00388	0.12957	0.03244	0.00497	0.00590

[dist]
# distance from previous block
# <min> <max>
0	2

[block]
# block no. 4 follows, 31 sequences, length 10
# corresponding to MSA columns:
# 181-190
name=unknown_E
#
# <colnr> <probs for GDERKNQSTAVLIFYWHMCP>
#	G	D	E	R	K	N	Q	S	T	A	V	L	I	F	Y	W	H	M	C	P
0	0.01621	0.01538	0.02537	0.16634	0.53404	0.01613	0.01974	0.02172	0.07604	0.02202	0.01406	0.01793	0.01141	0.00651	0.00680	0.00210	0.00807	0.00624	0.00364	0.01025
1	0.01784	0.01235	0.01736	0.03962	0.07890	0.01219	0.08331	0.11464	0.07116	0.16568	0.08372	0.05745	0.15692	0.04688	0.00874	0.00242	0.00626	0.00936	0.00620	0.00900
2	0.11058	0.01493	0.02238	0.19458	0.36096	0.01605	0.01735	0.08060	0.03809	0.05991	0.01382	0.01710	0.01074	0.00671	0.00651	0.00211	0.00777	0.00591	0.00408	0.00980
3	0.01762	0.01648	0.02722	0.04001	0.66423	0.01663	0.02039	0.07195	0.01683	0.02392	0.01314	0.01689	0.01090	0.00626	0.00678	0.00203	0.00808	0.00610	0.00365	0.01090
4	0.01156	0.01031	0.01050	0.03071	0.01289	0.08503	0.00781	0.01510	0.05119	0.02344	0.38254	0.05021	0.20438	0.01397	0.00789	0.00224	0.00477	0.06220	0.00658	0.00669
5	0.01030	0.00822	0.01278	0.01133	0.01334	0.00798	0.08044	0.01349	0.01687	0.02377	0.44812	0.09382	0.04771	0.02122	0.15513	0.00401	0.00724	0.01140	0.00622	0.00662
6	0.02271	0.01102	0.01461	0.01335	0.05304	0.01036	0.00987	0.02760	0.11754	0.41658	0.05754	0.16757	0.02474	0.01123	0.00730	0.00227	0.00541	0.00965	0.00752	0.01007
7	0.01376	0.01179	0.01450	0.01238	0.06643	0.00926	0.00885	0.01667	0.01417	0.02178	0.01495	0.09389	0.01395	0.00690	0.00558	0.00128	0.00517	0.00585	0.00425	0.65857
8	0.01684	0.01727	0.08153	0.01533	0.02087	0.08278	0.11887	0.06552	0.07472	0.05687	0.04987	0.05755	0.01575	0.00753	0.00648	0.00177	0.00732	0.00662	0.00473	0.29180
9	0.01650	0.10587	0.11638	0.01281	0.01736	0.05228	0.01166	0.08637	0.12463	0.08230	0.12807	0.09337	0.07675	0.01047	0.00688	0.00210	0.00629	0.00862	0.00572	0.03557

[dist]
# distance from previous block
# <min> <max>
0	3

[block]
# block no. 5 follows, 31 sequences, length 11
# corresponding to MSA columns:
# 194-204
name=unknown_F
#
# <colnr> <probs for GDERKNQSTAVLIFYWHMCP>
#	G	D	E	R	K	N	Q	S	T	A	V	L	I	F	Y	W	H	M	C	P
0	0.01677	0.20517	0.40277	0.01921	0.08345	0.09022	0.01999	0.05010	0.01565	0.02081	0.01168	0.01371	0.00902	0.00644	0.00600	0.00194	0.00940	0.00479	0.00317	0.00970
1	0.08329	0.04579	0.14857	0.01272	0.01843	0.03593	0.01204	0.04720	0.10217	0.09393	0.06570	0.02142	0.05250	0.00777	0.00612	0.00182	0.00636	0.00614	0.00505	0.22705
2	0.01353	0.06440	0.06442	0.01246	0.01689	0.01071	0.09533	0.01670	0.01536	0.06010	0.14266	0.05675	0.10296	0.07853	0.00934	0.00227	0.00603	0.00848	0.00502	0.21806
3	0.01779	0.01089	0.01285	0.01117	0.01466	0.01094	0.00876	0.02610	0.25104	0.21942	0.20230	0.03673	0.12544	0.01132	0.00737	0.00222	0.00472	0.00956	0.00744	0.00928
4	0.01457	0.01250	0.01436	0.01065	0.01643	0.01019	0.00847	0.01981	0.10748	0.02315	0.01428	0.01572	0.01159	0.00564	0.00532	0.00119	0.00511	0.00455	0.00445	0.69455
5	0.00930	0.00767	0.00827	0.00809	0.01032	0.00702	0.00607	0.01306	0.08492	0.02120	0.18986	0.09435	0.48320	0.01608	0.00800	0.00230	0.00364	0.01362	0.00664	0.00640
6	0.00873	0.00612	0.00782	0.00903	0.00933	0.00582	0.00582	0.00963	0.01233	0.01645	0.03379	0.58269	0.04030	0.20059	0.01506	0.00371	0.00462	0.01714	0.00582	0.00521
7	0.01497	0.01497	0.02095	0.01796	0.01796	0.02095	0.01497	0.01646	0.01048	0.01646	0.00898	0.01497	0.00898	0.01197	0.02245	0.00299	0.74704	0.00599	0.00299	0.00748
8	0.01739	0.11626	0.02527	0.04589	0.32409	0.01710	0.06165	0.06733	0.10695	0.04590	0.01759	0.02394	0.01507	0.00805	0.00686	0.00214	0.00761	0.07647	0.00449	0.00996
9	0.10294	0.06097	0.08664	0.01335	0.01789	0.01615	0.01164	0.14493	0.27127	0.05377	0.06820	0.08348	0.02070	0.00960	0.00667	0.00220	0.00610	0.00778	0.00604	0.00970
10	0.17027	0.27968	0.10622	0.01277	0.01837	0.01953	0.01225	0.11351	0.06244	0.09445	0.01481	0.04266	0.01190	0.00743	0.00553	0.00192	0.00689	0.00536	0.00465	0.00936

[dist]
# distance from previous block
# <min> <max>
3	9

[block]
# block no. 6 follows, 31 sequences, length 26
# corresponding to MSA columns:
# 214-239
name=unknown_G
#
# <colnr> <probs for GDERKNQSTAVLIFYWHMCP>
#	G	D	E	R	K	N	Q	S	T	A	V	L	I	F	Y	W	H	M	C	P
0	0.07641	0.01914	0.09218	0.01513	0.02053	0.01901	0.01326	0.38254	0.22729	0.03572	0.01888	0.01853	0.01376	0.00822	0.00666	0.00215	0.00702	0.00634	0.00628	0.01094
1	0.01755	0.04225	0.14894	0.03419	0.49428	0.01604	0.04246	0.02217	0.01568	0.08094	0.01388	0.01690	0.01089	0.00635	0.00670	0.00205	0.00837	0.00597	0.00372	0.01066
2	0.01668	0.03124	0.60053	0.01822	0.02749	0.01487	0.02262	0.02370	0.01534	0.14381	0.01484	0.01599	0.01011	0.00684	0.00657	0.00216	0.00936	0.00537	0.00386	0.01038
3	0.01533	0.17578	0.50149	0.01826	0.02691	0.04708	0.05936	0.02212	0.03539	0.02060	0.01223	0.01424	0.00916	0.00644	0.00618	0.00203	0.00959	0.00501	0.00308	0.00973
4	0.01326	0.01212	0.01918	0.45924	0.12144	0.01340	0.01616	0.01725	0.01417	0.01928	0.03873	0.06143	0.01359	0.00754	0.00668	0.00205	0.00778	0.00673	0.00361	0.14636
5	0.02078	0.26125	0.20913	0.01548	0.02204	0.11500	0.03640	0.07838	0.01731	0.14249	0.01411	0.01487	0.01045	0.00682	0.00593	0.00187	0.00861	0.00502	0.00429	0.00976
6	0.01650	0.14551	0.09288	0.06557	0.32232	0.01726	0.11185	0.02074	0.01531	0.04340	0.01477	0.02125	0.01274	0.00724	0.00675	0.00209	0.00847	0.06200	0.00366	0.00967
7	0.01188	0.00594	0.00891	0.00891	0.00891	0.00594	0.00594	0.00891	0.00891	0.01188	0.01188	0.02080	0.01188	0.02377	0.02674	0.80095	0.00594	0.00594	0.00297	0.00297
8	0.01987	0.06426	0.06317	0.11484	0.29282	0.25253	0.01736	0.02328	0.01664	0.05434	0.01251	0.01542	0.01003	0.00663	0.00644	0.00195	0.00959	0.00538	0.00359	0.00937
9	0.00809	0.00693	0.00693	0.00693	0.00924	0.00578	0.00520	0.00982	0.01559	0.01848	0.06931	0.06584	0.71411	0.01733	0.00809	0.00231	0.00347	0.01444	0.00635	0.00578
10	0.01419	0.01216	0.01419	0.01013	0.01621	0.00912	0.00811	0.01723	0.01419	0.02229	0.01216	0.01419	0.01013	0.00507	0.00507	0.00101	0.00507	0.00405	0.00405	0.80139
11	0.02620	0.01470	0.01733	0.01353	0.01873	0.01483	0.01107	0.26162	0.11858	0.34923	0.02257	0.02068	0.01524	0.00829	0.00677	0.00206	0.00631	0.00658	0.00744	0.05823
12	0.02775	0.01092	0.01473	0.01161	0.01619	0.00953	0.00933	0.03008	0.01838	0.62361	0.02695	0.05741	0.01893	0.08024	0.00961	0.00257	0.00582	0.00772	0.00797	0.01067
13	0.00891	0.00696	0.00807	0.00780	0.00975	0.00613	0.00585	0.01141	0.01754	0.02310	0.40169	0.05823	0.37884	0.01560	0.00808	0.00223	0.00334	0.01337	0.00696	0.00613
14	0.02601	0.01916	0.02053	0.01574	0.02122	0.02122	0.01300	0.69408	0.03217	0.04312	0.01643	0.01643	0.01163	0.00821	0.00684	0.00205	0.00753	0.00616	0.00684	0.01163
15	0.02439	0.02651	0.02265	0.01860	0.02320	0.41413	0.10726	0.23186	0.02287	0.02558	0.01283	0.01444	0.00990	0.00723	0.00664	0.00193	0.01075	0.00545	0.00454	0.00925
16	0.01188	0.00594	0.00891	0.00891	0.00891	0.00594	0.00594	0.00891	0.00891	0.01188	0.01188	0.02080	0.01188	0.02377	0.02674	0.80095	0.00594	0.00594	0.00297	0.00297
17	0.01693	0.01626	0.02777	0.04199	0.71689	0.01626	0.02100	0.02100	0.01558	0.02235	0.01287	0.01693	0.01084	0.00610	0.00677	0.00203	0.00813	0.00610	0.00339	0.01084
18	0.02556	0.03261	0.01939	0.01763	0.02115	0.73210	0.01322	0.02732	0.01939	0.01674	0.01058	0.01234	0.00881	0.00705	0.00617	0.00176	0.01234	0.00441	0.00353	0.00793
19	0.01429	0.01250	0.01561	0.01115	0.01728	0.00956	0.04530	0.01748	0.01429	0.02227	0.01225	0.01442	0.01015	0.00510	0.00523	0.00108	0.00542	0.00427	0.00402	0.75831
20	0.02284	0.02755	0.02121	0.02363	0.19769	0.52383	0.01512	0.02523	0.01829	0.01830	0.01209	0.01587	0.01044	0.00724	0.00644	0.00188	0.01105	0.02910	0.00359	0.00861
21	0.80789	0.01323	0.01006	0.00900	0.01323	0.01535	0.00741	0.02011	0.01164	0.03070	0.00953	0.01111	0.00741	0.00635	0.00423	0.00212	0.00529	0.00370	0.00423	0.00741
22	0.01009	0.00767	0.01111	0.01094	0.01194	0.00901	0.00836	0.01217	0.01083	0.01558	0.01820	0.02846	0.01763	0.13851	0.60423	0.00999	0.05805	0.00758	0.00369	0.00594
23	0.02188	0.01361	0.01561	0.01330	0.01767	0.01454	0.01055	0.03528	0.46079	0.27523	0.02754	0.02473	0.01948	0.00899	0.00693	0.00225	0.00556	0.00743	0.00750	0.01112
24	0.00875	0.00690	0.00789	0.00776	0.00968	0.00604	0.00577	0.01106	0.01698	0.02205	0.32855	0.09884	0.41300	0.01620	0.00812	0.00227	0.00340	0.01388	0.00683	0.00604
25	0.14431	0.17721	0.04164	0.01272	0.01816	0.01756	0.01122	0.19677	0.02020	0.27010	0.01742	0.01676	0.01213	0.00746	0.00592	0.00196	0.00663	0.00546	0.00605	0.01033

[dist]
# distance from previous block
# <min> <max>
0	3

[block]
# block no. 7 follows, 31 sequences, length 8
# corresponding to MSA columns:
# 243-250
name=unknown_H
#
# <colnr> <probs for GDERKNQSTAVLIFYWHMCP>
#	G	D	E	R	K	N	Q	S	T	A	V	L	I	F	Y	W	H	M	C	P
0	0.01292	0.01216	0.02052	0.74312	0.04712	0.01520	0.01900	0.01748	0.01368	0.01748	0.01216	0.01824	0.00912	0.00684	0.00684	0.00228	0.00912	0.00608	0.00304	0.00760
1	0.01269	0.00751	0.00984	0.00930	0.01127	0.00680	0.00694	0.01528	0.01779	0.13683	0.41508	0.20525	0.08874	0.01495	0.00803	0.00230	0.00383	0.01319	0.00735	0.00705
2	0.22947	0.05040	0.03637	0.03614	0.01781	0.04910	0.03003	0.02634	0.10424	0.26150	0.04672	0.02156	0.04579	0.00822	0.00616	0.00212	0.00623	0.00636	0.00603	0.00940
3	0.07632	0.01166	0.01508	0.01733	0.15643	0.01219	0.01131	0.11606	0.01726	0.02429	0.07070	0.07748	0.14540	0.05741	0.00996	0.00265	0.04510	0.12004	0.00541	0.00791
4	0.14929	0.30087	0.10868	0.01317	0.01891	0.09484	0.01261	0.06651	0.01632	0.14139	0.01339	0.01401	0.01012	0.00674	0.00539	0.00184	0.00761	0.00462	0.00439	0.00930
5	0.28020	0.01404	0.01527	0.01431	0.07896	0.01490	0.01044	0.17616	0.05995	0.14617	0.01924	0.05271	0.04144	0.00837	0.00606	0.00210	0.00601	0.00643	0.00580	0.04145
6	0.05283	0.07742	0.07743	0.28704	0.15164	0.07459	0.04054	0.04980	0.04959	0.02097	0.01537	0.01871	0.04112	0.00720	0.00653	0.00211	0.00854	0.00608	0.00369	0.00879
7	0.10047	0.04795	0.01518	0.01360	0.04627	0.15410	0.01003	0.06058	0.09335	0.02204	0.07232	0.02312	0.01798	0.07480	0.17631	0.00438	0.00998	0.00658	0.00458	0.04637

[dist]
# distance from previous block
# <min> <max>
3	10

[block]
# block no. 8 follows, 31 sequences, length 55
# corresponding to MSA columns:
# 261-315
name=unknown_I
#
# <colnr> <probs for GDERKNQSTAVLIFYWHMCP>
#	G	D	E	R	K	N	Q	S	T	A	V	L	I	F	Y	W	H	M	C	P
0	0.01079	0.00822	0.01024	0.04336	0.06989	0.00745	0.00768	0.01313	0.01632	0.06654	0.16520	0.07665	0.44949	0.01493	0.00786	0.00226	0.00423	0.01270	0.00630	0.00677
1	0.02499	0.02691	0.02045	0.01902	0.07843	0.44291	0.01379	0.24278	0.02321	0.02575	0.01266	0.01404	0.00989	0.00735	0.00644	0.00188	0.01043	0.00511	0.00459	0.00937
2	0.05882	0.27403	0.23015	0.01596	0.04023	0.09143	0.01605	0.13993	0.01779	0.02354	0.01230	0.01465	0.00989	0.00688	0.00578	0.00189	0.00856	0.01882	0.00381	0.00952
3	0.36880	0.01536	0.01916	0.06385	0.33945	0.04529	0.01453	0.02067	0.01388	0.02557	0.01125	0.01423	0.00914	0.00629	0.00562	0.00207	0.00709	0.00496	0.00375	0.00902
4	0.01080	0.00773	0.00919	0.00893	0.00934	0.00816	0.00576	0.04110	0.01207	0.01640	0.07373	0.13128	0.02865	0.52449	0.02742	0.00535	0.05894	0.01087	0.00471	0.00507
5	0.01641	0.01274	0.06365	0.01255	0.01597	0.01162	0.01062	0.16244	0.08171	0.10891	0.07469	0.20801	0.06414	0.01383	0.00782	0.00245	0.00580	0.11148	0.00659	0.00856
6	0.01605	0.14895	0.28816	0.04602	0.17031	0.04348	0.04546	0.03528	0.01526	0.04362	0.01459	0.07587	0.01258	0.00764	0.00647	0.00206	0.00863	0.00644	0.00360	0.00955
7	0.00831	0.00607	0.00782	0.00921	0.00984	0.00558	0.00621	0.00956	0.01340	0.01759	0.04150	0.67230	0.12560	0.02094	0.00865	0.00272	0.00391	0.01885	0.00635	0.00558
8	0.02466	0.01747	0.01908	0.01485	0.01994	0.01908	0.01219	0.55989	0.06635	0.09091	0.06946	0.01999	0.01644	0.00872	0.00694	0.00208	0.00697	0.00676	0.00702	0.01121
9	0.01933	0.08140	0.35853	0.01762	0.03879	0.15018	0.01853	0.06751	0.05701	0.10586	0.01470	0.01568	0.01063	0.00705	0.00639	0.00203	0.00934	0.00530	0.00417	0.00995
10	0.03070	0.01164	0.01588	0.01217	0.01746	0.01006	0.01006	0.03334	0.01958	0.72163	0.02699	0.02329	0.01694	0.00847	0.00688	0.00212	0.00582	0.00688	0.00847	0.01164
11	0.00832	0.00600	0.00789	0.00939	0.00989	0.00557	0.00629	0.00954	0.01322	0.01752	0.03931	0.72021	0.07911	0.02123	0.00870	0.00275	0.00394	0.01920	0.00635	0.00557
12	0.04181	0.32220	0.42874	0.01607	0.02431	0.02029	0.01933	0.02115	0.01414	0.01977	0.01109	0.01296	0.00867	0.00624	0.00559	0.00189	0.00885	0.00446	0.00295	0.00950
13	0.03237	0.10881	0.23224	0.01946	0.15142	0.06923	0.01614	0.03778	0.02938	0.02175	0.10064	0.05560	0.05454	0.03287	0.00753	0.00220	0.00776	0.00725	0.00418	0.00887
14	0.02712	0.01130	0.01503	0.01187	0.01660	0.01013	0.00967	0.03107	0.07032	0.58556	0.11079	0.02685	0.02304	0.00920	0.00703	0.00214	0.00547	0.00761	0.00824	0.01095
15	0.01692	0.54445	0.24303	0.01405	0.02119	0.02370	0.01579	0.02084	0.01406	0.01777	0.01034	0.01202	0.00875	0.00605	0.00502	0.00167	0.00816	0.00408	0.00292	0.00918
16	0.01582	0.01468	0.02419	0.29496	0.28662	0.01620	0.06848	0.08022	0.01619	0.02202	0.01400	0.02044	0.01160	0.00747	0.00779	0.00225	0.04429	0.03988	0.00371	0.00920
17	0.01539	0.08877	0.29577	0.04819	0.32302	0.01673	0.04777	0.02078	0.01497	0.02126	0.01422	0.01715	0.03281	0.00661	0.00656	0.00206	0.00883	0.00583	0.00325	0.01006
18	0.02832	0.01153	0.01582	0.01329	0.05226	0.01005	0.01025	0.03097	0.01908	0.63411	0.02941	0.02612	0.06830	0.00900	0.00696	0.00213	0.00576	0.00740	0.00805	0.01117
19	0.01326	0.01251	0.02114	0.68325	0.10431	0.01529	0.01917	0.01778	0.01384	0.01790	0.01222	0.01813	0.00927	0.00678	0.00683	0.00226	0.00904	0.00608	0.00307	0.00788
20	0.01449	0.04711	0.27217	0.13963	0.05552	0.01620	0.27509	0.02045	0.01504	0.02077	0.01553	0.01902	0.04354	0.00677	0.00717	0.00222	0.01001	0.00680	0.00331	0.00914
21	0.07342	0.05690	0.44039	0.11288	0.02913	0.04479	0.04577	0.02167	0.04598	0.02151	0.01253	0.01515	0.00928	0.00683	0.00695	0.00218	0.03677	0.00528	0.00325	0.00935
22	0.00857	0.00661	0.00785	0.00840	0.00985	0.00589	0.00606	0.01042	0.01535	0.01977	0.17083	0.31912	0.32575	0.01831	0.00837	0.00249	0.00371	0.04024	0.00656	0.00583
23	0.01831	0.01695	0.02718	0.09684	0.33733	0.07355	0.15957	0.02231	0.01602	0.09351	0.01462	0.01887	0.01158	0.00696	0.00777	0.00217	0.04196	0.02077	0.00395	0.00980
24	0.01299	0.01402	0.09991	0.01508	0.01867	0.02991	0.13205	0.08606	0.01671	0.02243	0.08109	0.29208	0.05831	0.01481	0.02311	0.00265	0.00702	0.06008	0.00544	0.00759
25	0.01517	0.01611	0.07662	0.30744	0.41078	0.01583	0.02055	0.01971	0.01477	0.02044	0.01255	0.01725	0.01002	0.00641	0.00678	0.00214	0.00865	0.00601	0.00322	0.00955
26	0.03910	0.01441	0.01866	0.01501	0.01946	0.09157	0.09368	0.02726	0.01774	0.40641	0.02284	0.02633	0.01689	0.01130	0.04463	0.00269	0.04372	0.07193	0.00651	0.00985
27	0.01350	0.07851	0.59625	0.01797	0.02673	0.01550	0.02240	0.02038	0.01437	0.02096	0.01502	0.06998	0.01270	0.00810	0.00666	0.00221	0.00932	0.03663	0.00330	0.00953
28	0.02126	0.01149	0.05079	0.01268	0.01681	0.00939	0.05821	0.02401	0.01725	0.39786	0.05811	0.21104	0.05628	0.01208	0.00752	0.00231	0.00577	0.01062	0.00716	0.00938
29	0.01584	0.01520	0.02622	0.17361	0.53240	0.01578	0.04767	0.02000	0.01505	0.02114	0.01300	0.01765	0.01075	0.00809	0.03674	0.00246	0.00888	0.00622	0.00334	0.00996
30	0.01473	0.01401	0.02379	0.42639	0.34969	0.01568	0.01990	0.01907	0.01454	0.01968	0.01248	0.01765	0.00990	0.00650	0.00681	0.00217	0.00867	0.00609	0.00320	0.00906
31	0.01421	0.04680	0.08103	0.04801	0.09805	0.05042	0.21920	0.01808	0.01506	0.02001	0.03566	0.13897	0.05719	0.01068	0.00875	0.00239	0.06114	0.06192	0.00425	0.00816
32	0.01548	0.01231	0.08836	0.01461	0.04901	0.00962	0.07946	0.01872	0.03038	0.18310	0.03016	0.35309	0.05823	0.01412	0.00785	0.00245	0.00601	0.01278	0.00607	0.00819
33	0.02079	0.01281	0.09990	0.01266	0.01695	0.00968	0.01141	0.02393	0.01675	0.37324	0.02733	0.13286	0.02324	0.01525	0.06943	0.00313	0.00722	0.10732	0.00676	0.00934
34	0.01432	0.09041	0.57107	0.02122	0.10742	0.01656	0.02323	0.02119	0.01450	0.02120	0.01276	0.03303	0.00984	0.00678	0.00642	0.00211	0.00951	0.00543	0.00304	0.00997
35	0.01555	0.04037	0.19883	0.09373	0.14963	0.04296	0.29047	0.02105	0.01538	0.02104	0.01368	0.04053	0.01095	0.00665	0.00722	0.00220	0.01007	0.00695	0.00335	0.00939
36	0.01416	0.12100	0.57250	0.01862	0.02761	0.01685	0.05855	0.02100	0.01441	0.02082	0.01316	0.04728	0.01040	0.00705	0.00643	0.00212	0.00958	0.00569	0.00308	0.00970
37	0.01804	0.01476	0.09914	0.01287	0.01708	0.02541	0.01134	0.13561	0.11170	0.15974	0.15630	0.10926	0.05123	0.01141	0.00739	0.00226	0.00594	0.03462	0.00667	0.00924
38	0.01384	0.01366	0.05205	0.31367	0.11030	0.06368	0.03302	0.01739	0.01465	0.04459	0.02101	0.18386	0.03810	0.01084	0.00737	0.00235	0.00781	0.03975	0.00429	0.00776
39	0.01690	0.06346	0.22214	0.07564	0.07082	0.06494	0.04458	0.04300	0.01630	0.12336	0.02366	0.06430	0.10122	0.00938	0.00695	0.00218	0.00796	0.02949	0.00469	0.00905
40	0.01628	0.01559	0.02659	0.15558	0.60838	0.01608	0.02067	0.02043	0.01527	0.02156	0.01275	0.01714	0.01056	0.00622	0.00678	0.00207	0.00829	0.00609	0.00333	0.01031
41	0.01390	0.03418	0.67531	0.02017	0.03005	0.01599	0.07288	0.02168	0.01457	0.02168	0.01239	0.01473	0.00879	0.00645	0.00661	0.00218	0.01021	0.00527	0.00293	0.01005
42	0.01592	0.08205	0.35820	0.01792	0.02513	0.01629	0.10064	0.08765	0.05015	0.04985	0.06511	0.03574	0.01566	0.00803	0.00718	0.00218	0.02442	0.02403	0.00425	0.00963
43	0.01598	0.01532	0.02634	0.14303	0.56825	0.01571	0.04233	0.02006	0.01522	0.02143	0.01378	0.04634	0.01193	0.00680	0.00690	0.00211	0.00822	0.00669	0.00346	0.01010
44	0.00843	0.00602	0.00805	0.00964	0.01008	0.00564	0.00652	0.00970	0.01320	0.01758	0.03765	0.72999	0.04503	0.02134	0.00876	0.00279	0.00406	0.04357	0.00635	0.00558
45	0.01428	0.01520	0.07349	0.42953	0.24882	0.01545	0.04643	0.01894	0.01447	0.01952	0.01310	0.01918	0.01048	0.00687	0.00691	0.00222	0.00891	0.02416	0.00324	0.00880
46	0.01641	0.04823	0.15126	0.01598	0.04203	0.07713	0.07709	0.03793	0.01587	0.12198	0.02429	0.21404	0.05233	0.01180	0.00802	0.00233	0.03791	0.03181	0.00511	0.00844
47	0.00844	0.00611	0.00800	0.00947	0.01006	0.00568	0.00647	0.00976	0.01340	0.01767	0.03998	0.67377	0.09456	0.02102	0.00872	0.00276	0.00404	0.04813	0.00635	0.00561
48	0.02897	0.01316	0.01746	0.01486	0.06799	0.01226	0.01130	0.13649	0.02128	0.56488	0.02432	0.02175	0.01567	0.00826	0.00687	0.00210	0.00625	0.00671	0.00785	0.01158
49	0.01530	0.07507	0.23351	0.03969	0.02705	0.06069	0.24650	0.02038	0.01551	0.04361	0.04839	0.10944	0.01666	0.00851	0.00723	0.00222	0.00929	0.00815	0.00396	0.00883
50	0.01510	0.01475	0.02330	0.43426	0.30743	0.05024	0.01950	0.01933	0.01470	0.01935	0.01236	0.01744	0.00978	0.00656	0.00678	0.00216	0.00889	0.00601	0.00320	0.00888
51	0.02573	0.01253	0.01619	0.07471	0.01977	0.01209	0.01085	0.15150	0.02111	0.45394	0.05837	0.02590	0.06725	0.00917	0.00701	0.00213	0.00613	0.00747	0.00751	0.01064
52	0.01353	0.01284	0.02133	0.60479	0.11639	0.01581	0.01886	0.01777	0.01360	0.01791	0.01196	0.01781	0.00929	0.00721	0.00819	0.00232	0.07328	0.00607	0.00307	0.00794
53	0.06976	0.02443	0.39916	0.01847	0.05790	0.01406	0.08794	0.01912	0.01399	0.02118	0.01749	0.02059	0.06253	0.01455	0.12580	0.00363	0.01067	0.00639	0.00345	0.00888
54	0.01571	0.10577	0.30044	0.08568	0.02677	0.04493	0.06879	0.04805	0.06387	0.02090	0.01269	0.01560	0.00990	0.00769	0.00935	0.00225	0.14335	0.00560	0.00344	0.00922

[dist]
# distance from previous block
# <min> <max>
0	41

[block]
# block no. 9 follows, 31 sequences, length 38
# corresponding to MSA columns:
# 357-394
name=unknown_J
#
# <colnr> <probs for GDERKNQSTAVLIFYWHMCP>
#	G	D	E	R	K	N	Q	S	T	A	V	L	I	F	Y	W	H	M	C	P
0	0.09481	0.25336	0.11130	0.01877	0.16821	0.06192	0.01413	0.01998	0.01518	0.03588	0.08903	0.03832	0.03723	0.00778	0.00593	0.00190	0.00728	0.00614	0.00399	0.00884
1	0.06238	0.06110	0.08260	0.01595	0.09150	0.08315	0.04422	0.03015	0.01620	0.04383	0.13323	0.14470	0.07523	0.01197	0.00731	0.00227	0.00667	0.07454	0.00521	0.00781
2	0.01652	0.01750	0.05195	0.32848	0.19234	0.12193	0.01742	0.05228	0.01594	0.02042	0.01230	0.01637	0.00968	0.00656	0.00652	0.00199	0.00890	0.00558	0.00348	0.09385
3	0.01754	0.01677	0.02152	0.07438	0.19658	0.11278	0.08638	0.12700	0.04577	0.02477	0.08563	0.08909	0.01943	0.00888	0.00709	0.00209	0.00793	0.00793	0.00479	0.04362
4	0.07122	0.01860	0.02033	0.05281	0.09638	0.05920	0.01361	0.48202	0.02676	0.03653	0.01491	0.01592	0.01095	0.00761	0.00656	0.00200	0.00769	0.00581	0.00583	0.04525
5	0.05482	0.01988	0.10351	0.06380	0.38745	0.10329	0.09108	0.02125	0.01570	0.02155	0.01489	0.01817	0.04065	0.00676	0.00675	0.00207	0.00893	0.00623	0.00351	0.00970
6	0.06233	0.01194	0.01716	0.01890	0.13806	0.04544	0.08745	0.01727	0.04381	0.02126	0.04612	0.14555	0.02772	0.01385	0.00865	0.02774	0.00695	0.24709	0.00518	0.00754
7	0.13083	0.01694	0.01672	0.01341	0.01807	0.05330	0.01091	0.45137	0.02588	0.03589	0.02418	0.02389	0.13040	0.00945	0.00666	0.00209	0.00677	0.00714	0.00623	0.00987
8	0.01512	0.01201	0.01333	0.01236	0.01539	0.01331	0.00943	0.02842	0.46255	0.05670	0.12410	0.15306	0.03088	0.01196	0.00741	0.00237	0.00488	0.01033	0.00700	0.00936
9	0.01998	0.00956	0.01239	0.01048	0.01395	0.00856	0.00826	0.04861	0.01881	0.35619	0.20544	0.11665	0.11708	0.01237	0.00753	0.00222	0.00474	0.01056	0.00767	0.00894
10	0.01860	0.35605	0.17629	0.01551	0.02147	0.06430	0.05681	0.02217	0.01471	0.09339	0.01224	0.01401	0.00975	0.00702	0.00745	0.00192	0.09063	0.00487	0.00359	0.00920
11	0.01554	0.01412	0.02262	0.45944	0.23790	0.01617	0.01891	0.09379	0.01629	0.02174	0.01284	0.01766	0.00990	0.00678	0.00682	0.00218	0.00866	0.00609	0.00356	0.00898
12	0.00851	0.00603	0.00789	0.00930	0.00965	0.00568	0.00611	0.00957	0.01275	0.01700	0.03591	0.67605	0.04298	0.10358	0.01164	0.00321	0.00427	0.01839	0.00611	0.00540
13	0.01410	0.01337	0.02266	0.53639	0.24460	0.01551	0.01959	0.01852	0.01424	0.01892	0.01237	0.01785	0.00963	0.00662	0.00682	0.00221	0.00883	0.00608	0.00314	0.00855
14	0.01812	0.06696	0.24820	0.07702	0.10011	0.05939	0.03649	0.02459	0.09248	0.14059	0.03349	0.01937	0.01363	0.03099	0.00750	0.00225	0.00830	0.00615	0.00457	0.00981
15	0.00830	0.00607	0.00782	0.00921	0.00984	0.00558	0.00621	0.00956	0.01340	0.01759	0.04157	0.67084	0.12702	0.02093	0.00865	0.00272	0.00391	0.01884	0.00635	0.00558
16	0.03017	0.01248	0.01639	0.01257	0.01788	0.01130	0.01038	0.10687	0.02098	0.64612	0.02581	0.02252	0.01635	0.00844	0.00688	0.00211	0.00601	0.00680	0.00829	0.01164
17	0.01397	0.01312	0.09438	0.01689	0.10169	0.01231	0.01304	0.01710	0.01273	0.08855	0.01646	0.02214	0.01417	0.03061	0.38389	0.00683	0.12360	0.00668	0.00393	0.00790
18	0.02165	0.01641	0.02276	0.09838	0.09525	0.01746	0.11000	0.28001	0.11737	0.12239	0.01820	0.01912	0.01308	0.00768	0.00703	0.00216	0.00781	0.00673	0.00583	0.01067
19	0.01575	0.10383	0.15479	0.07497	0.03347	0.01800	0.45615	0.02141	0.01544	0.02092	0.01298	0.01692	0.00982	0.00598	0.00731	0.00219	0.01065	0.00693	0.00327	0.00921
20	0.69798	0.01530	0.01169	0.01116	0.04164	0.08764	0.00853	0.02087	0.01258	0.02896	0.00976	0.01147	0.00769	0.00641	0.00453	0.00208	0.00611	0.00387	0.00413	0.00760
21	0.01298	0.01377	0.06941	0.69284	0.04590	0.01525	0.01944	0.01777	0.01373	0.01777	0.01217	0.01798	0.00909	0.00682	0.00682	0.00227	0.00919	0.00601	0.00303	0.00777
