[name]
unknown

[dist]
# distance from previous block
# <min> <max>
0	17

[block]
# block no. 0 follows, 32 sequences, length 24
# corresponding to MSA columns:
# 17-40
name=unknown_A
#
# <colnr> <probs for GDERKNQSTAVLIFYWHMCP>
#	G	D	E	R	K	N	Q	S	T	A	V	L	I	F	Y	W	H	M	C	P
0	0.16587	0.08782	0.09127	0.03543	0.13887	0.06853	0.01364	0.06862	0.05891	0.10154	0.01554	0.01954	0.01256	0.00807	0.00688	0.02091	0.02317	0.04921	0.00455	0.00906
1	0.00972	0.00698	0.00998	0.00998	0.01088	0.00788	0.00738	0.01137	0.01048	0.01486	0.01831	0.02963	0.01807	0.19394	0.55991	0.04883	0.01505	0.00764	0.00366	0.00545
2	0.01315	0.01039	0.01256	0.01347	0.09460	0.04239	0.00899	0.01833	0.11800	0.06956	0.34970	0.07446	0.12300	0.01223	0.00748	0.00215	0.00467	0.01063	0.00652	0.00772
3	0.01891	0.05333	0.02300	0.11018	0.26457	0.18847	0.04129	0.04521	0.01631	0.05736	0.01249	0.01547	0.01004	0.00666	0.00708	0.00191	0.04524	0.00542	0.00371	0.07334
4	0.01582	0.01611	0.02135	0.03723	0.01956	0.06870	0.04808	0.04452	0.01207	0.01750	0.00952	0.01481	0.00897	0.01084	0.01923	0.00277	0.61626	0.00588	0.00315	0.00762
5	0.00907	0.00684	0.00838	0.00799	0.00976	0.00615	0.00599	0.01183	0.01798	0.02451	0.54124	0.05406	0.24236	0.01461	0.00792	0.00215	0.00323	0.01269	0.00707	0.00615
6	0.02551	0.01879	0.02014	0.01544	0.02081	0.02081	0.01275	0.69996	0.03155	0.04229	0.01611	0.01611	0.01141	0.00805	0.00671	0.00201	0.00738	0.00604	0.00671	0.01141
7	0.00976	0.00651	0.00732	0.00732	0.00732	0.00651	0.00407	0.00976	0.00976	0.01301	0.02114	0.04391	0.02439	0.76419	0.03415	0.00651	0.00651	0.00976	0.00407	0.00407
8	0.01737	0.60562	0.06881	0.01471	0.02082	0.02440	0.12912	0.02039	0.01403	0.01702	0.01018	0.01218	0.00887	0.00576	0.00502	0.00161	0.00801	0.00439	0.00296	0.00875
9	0.01857	0.70309	0.03373	0.01199	0.01753	0.08943	0.01161	0.02068	0.01411	0.01584	0.00942	0.01088	0.00861	0.00584	0.00446	0.00146	0.00761	0.00365	0.00292	0.00854
10	0.00818	0.00584	0.00779	0.00934	0.00973	0.00545	0.00623	0.00934	0.01285	0.01713	0.03698	0.75981	0.04438	0.02102	0.00856	0.00273	0.00389	0.01908	0.00623	0.00545
11	0.02402	0.01423	0.01642	0.01302	0.01774	0.01466	0.01061	0.30186	0.10711	0.27944	0.05648	0.02474	0.07014	0.00920	0.00688	0.00209	0.00605	0.00736	0.00728	0.01066
12	0.01514	0.01189	0.01404	0.01009	0.01599	0.00901	0.00810	0.01809	0.01431	0.07523	0.01303	0.01459	0.01044	0.00522	0.00510	0.00108	0.00503	0.00419	0.00430	0.74513
13	0.12588	0.01674	0.01773	0.01400	0.01901	0.01842	0.01149	0.46184	0.11011	0.11088	0.01769	0.01723	0.01253	0.00797	0.00640	0.00206	0.00667	0.00599	0.00656	0.01078
14	0.00898	0.00631	0.00812	0.00902	0.00952	0.00611	0.00610	0.01020	0.01266	0.01702	0.08961	0.42226	0.03901	0.22249	0.04466	0.00405	0.00528	0.06774	0.00563	0.00523
15	0.00923	0.00688	0.00788	0.00779	0.00945	0.00634	0.00567	0.01176	0.03358	0.02103	0.25868	0.10563	0.30929	0.08638	0.02861	0.00281	0.00405	0.01254	0.06652	0.00589
16	0.01810	0.58668	0.15142	0.01281	0.01922	0.02343	0.01362	0.02124	0.01414	0.07042	0.01108	0.01225	0.00920	0.00604	0.00484	0.00160	0.00753	0.00406	0.00327	0.00904
17	0.01654	0.43467	0.23913	0.01383	0.02048	0.02131	0.01516	0.07182	0.01557	0.02028	0.06423	0.01516	0.01292	0.00671	0.00538	0.00174	0.00771	0.00483	0.00349	0.00904
18	0.07568	0.02132	0.18246	0.06128	0.03065	0.04951	0.37953	0.02184	0.04838	0.02178	0.01321	0.01665	0.00992	0.00632	0.00753	0.00221	0.03267	0.00661	0.00346	0.00898
19	0.07449	0.04342	0.01162	0.00950	0.01218	0.00912	0.00751	0.01693	0.01660	0.16618	0.27688	0.09467	0.17322	0.01279	0.00796	0.00219	0.04013	0.01063	0.00659	0.00739
20	0.01537	0.03264	0.10675	0.21105	0.09368	0.01604	0.08796	0.04976	0.23211	0.02309	0.01708	0.01917	0.01291	0.00718	0.00669	0.00213	0.00780	0.00641	0.00442	0.04774
21	0.01357	0.01120	0.04692	0.01586	0.12214	0.00990	0.06194	0.04686	0.01524	0.09447	0.03366	0.14452	0.20422	0.08571	0.06019	0.00324	0.00678	0.01072	0.00528	0.00758
22	0.01080	0.00804	0.01016	0.06505	0.01410	0.00724	0.00773	0.01291	0.01429	0.05590	0.03855	0.29223	0.21669	0.01525	0.00761	0.00227	0.00461	0.06932	0.00571	0.14153
23	0.01440	0.01327	0.02236	0.12865	0.41976	0.01351	0.05275	0.01774	0.01458	0.01998	0.01944	0.02612	0.07915	0.00935	0.00852	0.06277	0.00755	0.05763	0.00374	0.00873

[dist]
# distance from previous block
# <min> <max>
1	4

[block]
# block no. 1 follows, 32 sequences, length 26
# corresponding to MSA columns:
# 45-52,55-72
name=unknown_B
#
# <colnr> <probs for GDERKNQSTAVLIFYWHMCP>
#	G	D	E	R	K	N	Q	S	T	A	V	L	I	F	Y	W	H	M	C	P
0	0.10938	0.07185	0.08892	0.01341	0.01759	0.11992	0.03791	0.15452	0.04531	0.02488	0.02133	0.14867	0.06405	0.01015	0.00648	0.00209	0.00706	0.00820	0.04000	0.00826
1	0.13850	0.06454	0.07219	0.06704	0.05463	0.12829	0.06821	0.16330	0.01796	0.02505	0.01471	0.09337	0.01304	0.00850	0.00704	0.00210	0.04180	0.00670	0.00439	0.00862
2	0.07058	0.01624	0.07552	0.08531	0.16619	0.01573	0.14922	0.09086	0.01572	0.02293	0.01519	0.01874	0.04234	0.00979	0.04891	0.00264	0.09183	0.00645	0.00383	0.05197
3	0.07688	0.08789	0.01775	0.01307	0.01621	0.01548	0.01082	0.05117	0.06234	0.17061	0.01657	0.05155	0.01375	0.03218	0.04239	0.00269	0.22031	0.00637	0.00491	0.08706
4	0.01052	0.00867	0.00899	0.00844	0.01066	0.03988	0.00622	0.01323	0.04622	0.03432	0.20698	0.07763	0.33797	0.09384	0.01037	0.00258	0.00433	0.01182	0.00606	0.06128
5	0.29112	0.04553	0.07884	0.01247	0.01731	0.01627	0.01100	0.20647	0.09994	0.08229	0.01665	0.06557	0.01329	0.00820	0.00585	0.00211	0.00625	0.00614	0.00544	0.00926
6	0.01135	0.00811	0.00971	0.00935	0.01013	0.00864	0.00630	0.08345	0.01271	0.01722	0.02222	0.15033	0.02457	0.44492	0.11839	0.00585	0.03638	0.01035	0.00458	0.00544
7	0.02289	0.02312	0.02189	0.02038	0.10910	0.33145	0.08613	0.17301	0.02065	0.07564	0.01374	0.01553	0.01057	0.00873	0.03534	0.00226	0.01023	0.00558	0.00451	0.00926
8	0.02470	0.07815	0.02039	0.01642	0.02052	0.50444	0.01281	0.20013	0.02189	0.02306	0.01178	0.01305	0.00936	0.00713	0.00610	0.00178	0.01055	0.00472	0.00426	0.00877
9	0.01628	0.01424	0.05111	0.05296	0.10329	0.01284	0.05783	0.01996	0.03038	0.10064	0.01368	0.01609	0.01076	0.00672	0.00819	0.00174	0.11266	0.00528	0.00417	0.36119
10	0.00988	0.00703	0.00888	0.08628	0.01192	0.00736	0.00604	0.01059	0.01054	0.01403	0.02182	0.12132	0.02468	0.56869	0.05901	0.00581	0.00697	0.01030	0.00417	0.00467
11	0.00880	0.00659	0.00801	0.00879	0.00993	0.00608	0.00621	0.02656	0.01438	0.01866	0.09129	0.44710	0.22679	0.04732	0.00931	0.00270	0.00399	0.04556	0.00624	0.00569
12	0.01411	0.01428	0.02360	0.01992	0.04848	0.01735	0.17816	0.01670	0.01211	0.01774	0.01351	0.09516	0.01335	0.01279	0.04904	0.00307	0.43174	0.00783	0.00344	0.00762
13	0.01059	0.00810	0.00931	0.00855	0.01080	0.00761	0.00654	0.08440	0.01889	0.02514	0.39230	0.05211	0.31187	0.01438	0.00779	0.00216	0.00370	0.01227	0.00687	0.00661
14	0.01391	0.01193	0.01391	0.00994	0.01590	0.00894	0.00795	0.01690	0.01391	0.02186	0.01193	0.01391	0.00994	0.00497	0.00497	0.00099	0.00497	0.00398	0.00398	0.80521
15	0.12709	0.08769	0.01559	0.01033	0.01578	0.01238	0.00849	0.01960	0.08740	0.02308	0.01294	0.01435	0.01055	0.00566	0.00499	0.00133	0.00526	0.00427	0.00419	0.52902
16	0.01587	0.01644	0.05741	0.02232	0.02779	0.01536	0.43653	0.06573	0.01691	0.05504	0.09170	0.02370	0.05440	0.00785	0.00870	0.00226	0.06059	0.00827	0.00436	0.00876
17	0.01432	0.00997	0.01279	0.01277	0.06046	0.01064	0.00882	0.11893	0.05256	0.07258	0.02060	0.07904	0.01963	0.21971	0.25042	0.00609	0.01014	0.00841	0.00488	0.00724
18	0.02416	0.02887	0.02005	0.01978	0.09945	0.58495	0.01380	0.09317	0.01984	0.01962	0.01120	0.01301	0.00914	0.00692	0.00618	0.00179	0.01117	0.00468	0.00377	0.00846
19	0.01421	0.01172	0.01396	0.06039	0.01745	0.01053	0.00906	0.08937	0.06685	0.02330	0.01810	0.15210	0.01712	0.00866	0.00607	0.00160	0.00532	0.00736	0.00482	0.46199
20	0.13310	0.13018	0.01438	0.01200	0.06429	0.01143	0.00851	0.01479	0.01354	0.04770	0.06369	0.33118	0.04063	0.04685	0.00811	0.00248	0.00515	0.03989	0.00521	0.00687
21	0.09660	0.01091	0.06032	0.08456	0.01691	0.01096	0.01037	0.06479	0.01304	0.02013	0.01625	0.02271	0.01427	0.05265	0.41895	0.00709	0.01316	0.00647	0.05296	0.00690
22	0.03623	0.01568	0.06993	0.05607	0.07155	0.09542	0.05156	0.03151	0.01578	0.09650	0.11275	0.05599	0.02185	0.01023	0.00935	0.00227	0.11975	0.07830	0.00484	0.04444
23	0.11372	0.16404	0.07358	0.01664	0.08019	0.16304	0.04198	0.08623	0.04164	0.02249	0.02847	0.03950	0.01450	0.00833	0.00617	0.00201	0.00807	0.07662	0.00423	0.00853
24	0.17204	0.03036	0.05543	0.06562	0.04350	0.04752	0.02683	0.13739	0.09352	0.05432	0.04405	0.08268	0.01597	0.00861	0.00660	0.00206	0.02516	0.00682	0.00505	0.07646
25	0.03797	0.05634	0.01984	0.01476	0.01934	0.01810	0.04862	0.43351	0.04424	0.04744	0.04469	0.07116	0.01579	0.00972	0.01972	0.00221	0.04239	0.00713	0.00596	0.04107

[dist]
# distance from previous block
# <min> <max>
20	107

[block]
# block no. 2 follows, 32 sequences, length 19
# corresponding to MSA columns:
# 219-237
name=unknown_C
#
# <colnr> <probs for GDERKNQSTAVLIFYWHMCP>
#	G	D	E	R	K	N	Q	S	T	A	V	L	I	F	Y	W	H	M	C	P
0	0.11525	0.01540	0.01448	0.01242	0.01612	0.11921	0.00972	0.14561	0.11271	0.04260	0.09000	0.09111	0.02026	0.01050	0.02747	0.00222	0.02361	0.00734	0.00544	0.11853
1	0.09779	0.07621	0.08645	0.05691	0.01986	0.03746	0.01218	0.23048	0.07520	0.05737	0.01688	0.03240	0.02839	0.02437	0.00702	0.00205	0.02355	0.00597	0.03816	0.07130
2	0.13075	0.01198	0.01429	0.09332	0.01865	0.01195	0.00984	0.10202	0.01660	0.11265	0.08906	0.05704	0.01791	0.00925	0.02554	0.00207	0.02908	0.00650	0.00519	0.23632
3	0.01551	0.01257	0.02043	0.36110	0.23553	0.01359	0.01660	0.01898	0.01419	0.08714	0.01352	0.01792	0.01046	0.00784	0.00811	0.06532	0.00783	0.00589	0.00366	0.06383
4	0.01011	0.00746	0.00921	0.01000	0.01108	0.00744	0.00711	0.04831	0.06891	0.01931	0.03514	0.51425	0.06886	0.07684	0.01036	0.00296	0.00458	0.07580	0.00613	0.00614
5	0.01654	0.01348	0.01532	0.01118	0.01701	0.01163	0.00904	0.17136	0.01790	0.02648	0.01287	0.01441	0.01027	0.00567	0.00536	0.00122	0.00552	0.00444	0.00459	0.62570
6	0.01480	0.01362	0.05203	0.01105	0.01683	0.01065	0.00933	0.07209	0.06392	0.02409	0.04445	0.01647	0.01306	0.00596	0.00544	0.00127	0.00536	0.00480	0.00448	0.61030
7	0.05311	0.01292	0.01534	0.06912	0.01903	0.01155	0.00970	0.11956	0.01700	0.10939	0.01417	0.01549	0.01076	0.00602	0.00554	0.00142	0.00574	0.00475	0.00483	0.49458
8	0.07081	0.01220	0.01415	0.04176	0.01723	0.01044	0.00876	0.02015	0.08153	0.07772	0.01437	0.01564	0.01125	0.00579	0.00530	0.00133	0.00524	0.00460	0.00456	0.57716
9	0.11309	0.06256	0.11276	0.15423	0.17768	0.03937	0.06349	0.07065	0.01604	0.08498	0.03440	0.01696	0.01159	0.00677	0.00630	0.00205	0.00800	0.00576	0.00409	0.00923
10	0.01361	0.01119	0.01634	0.19465	0.08781	0.03246	0.05670	0.01749	0.03647	0.07646	0.21828	0.05159	0.10525	0.01018	0.00722	0.00212	0.00621	0.00905	0.00530	0.04162
11	0.02302	0.01742	0.01929	0.01550	0.04899	0.01843	0.01220	0.54673	0.02764	0.03770	0.01520	0.01573	0.01111	0.00740	0.00639	0.00183	0.00697	0.00566	0.00607	0.15672
12	0.01303	0.01007	0.01087	0.00948	0.01245	0.00992	0.00743	0.19799	0.02047	0.02649	0.18640	0.04845	0.39335	0.01390	0.00760	0.00217	0.00443	0.01154	0.00660	0.00736
13	0.00814	0.00597	0.00765	0.00900	0.00964	0.00548	0.00608	0.00938	0.01318	0.01726	0.04119	0.66546	0.13601	0.02047	0.00848	0.00266	0.00383	0.01841	0.00623	0.00548
14	0.01650	0.01441	0.02424	0.24637	0.46901	0.01517	0.01918	0.02052	0.01504	0.07540	0.01350	0.01747	0.01060	0.00637	0.00667	0.00207	0.00808	0.00603	0.00361	0.00976
15	0.01594	0.03773	0.02299	0.09725	0.32726	0.06785	0.06044	0.02057	0.06948	0.02049	0.01439	0.01958	0.01227	0.00899	0.03172	0.02574	0.04157	0.03375	0.00371	0.06830
16	0.07827	0.05090	0.03472	0.14463	0.12327	0.01536	0.01333	0.07562	0.12829	0.02364	0.03176	0.02039	0.01397	0.02089	0.00791	0.00214	0.06467	0.02674	0.03870	0.08482
17	0.05217	0.26161	0.11033	0.03621	0.05172	0.03517	0.03956	0.12436	0.06870	0.05956	0.01405	0.03190	0.01131	0.00714	0.00628	0.00187	0.03170	0.00539	0.00426	0.04670
18	0.07614	0.01306	0.04889	0.17463	0.14734	0.01372	0.01374	0.01734	0.04725	0.01984	0.03617	0.03979	0.05969	0.08203	0.01151	0.00265	0.11665	0.02335	0.00394	0.05228

[dist]
# distance from previous block
# <min> <max>
2	11

[block]
# block no. 3 follows, 32 sequences, length 33
# corresponding to MSA columns:
# 250-282
name=unknown_D
#
# <colnr> <probs for GDERKNQSTAVLIFYWHMCP>
#	G	D	E	R	K	N	Q	S	T	A	V	L	I	F	Y	W	H	M	C	P
0	0.01744	0.19146	0.13970	0.05599	0.02259	0.07299	0.07765	0.09685	0.06425	0.04474	0.03928	0.01674	0.01250	0.00842	0.03014	0.00218	0.03277	0.00558	0.00410	0.06463
1	0.01238	0.00827	0.00926	0.00829	0.01130	0.00715	0.00642	0.01528	0.05020	0.13055	0.10658	0.05134	0.47288	0.01413	0.00748	0.00213	0.00395	0.01179	0.00651	0.06411
2	0.01598	0.21218	0.24306	0.02053	0.14023	0.01794	0.09184	0.02185	0.06706	0.04315	0.01505	0.01693	0.03007	0.00667	0.00610	0.00194	0.00819	0.00565	0.02609	0.00949
3	0.07436	0.61449	0.03044	0.01114	0.01660	0.02368	0.01075	0.04371	0.01421	0.01817	0.01245	0.01365	0.04208	0.00635	0.00458	0.00152	0.00676	0.00419	0.00331	0.04757
4	0.01004	0.00696	0.00803	0.00782	0.00938	0.00649	0.00555	0.01143	0.01350	0.05185	0.08707	0.04914	0.33418	0.21684	0.10446	0.02650	0.00616	0.01120	0.02786	0.00555
5	0.01836	0.72492	0.03421	0.01182	0.01743	0.06835	0.01157	0.02049	0.01395	0.01582	0.00939	0.01084	0.00861	0.00581	0.00441	0.00145	0.00747	0.00363	0.00290	0.00856
6	0.00880	0.00707	0.00793	0.00829	0.01000	0.00649	0.00599	0.01175	0.06790	0.01922	0.10366	0.29070	0.39307	0.01748	0.00805	0.00241	0.00369	0.01513	0.00636	0.00602
7	0.13598	0.03472	0.01572	0.01276	0.01703	0.01545	0.01041	0.18868	0.21857	0.16148	0.02132	0.02303	0.01617	0.01103	0.04722	0.00264	0.00667	0.04483	0.00636	0.00990
8	0.01768	0.36137	0.06373	0.01725	0.12210	0.11839	0.01337	0.05193	0.01567	0.01918	0.06228	0.04481	0.01438	0.00755	0.00641	0.00179	0.04425	0.00556	0.00365	0.00865
9	0.01029	0.00910	0.03480	0.01030	0.01213	0.03589	0.00825	0.03644	0.01526	0.01943	0.06200	0.30803	0.21107	0.01762	0.00832	0.00260	0.00498	0.18127	0.00604	0.00618
10	0.04869	0.60546	0.03105	0.04633	0.01857	0.02442	0.01162	0.04561	0.07998	0.01851	0.01139	0.01264	0.00980	0.00620	0.00474	0.00160	0.00701	0.00417	0.00344	0.00879
11	0.01295	0.03411	0.01222	0.00991	0.01287	0.00976	0.00741	0.03449	0.08873	0.03931	0.04596	0.10667	0.07403	0.17011	0.01356	0.03399	0.03181	0.00851	0.00491	0.24869
12	0.01668	0.11784	0.21674	0.02280	0.14822	0.06216	0.16127	0.02186	0.03568	0.05969	0.01515	0.01748	0.03538	0.00685	0.00708	0.00205	0.03392	0.00608	0.00363	0.00942
13	0.01363	0.04839	0.06182	0.01563	0.05803	0.03311	0.09932	0.01929	0.12107	0.04860	0.07017	0.15824	0.07718	0.01263	0.00767	0.00240	0.00648	0.13294	0.00548	0.00793
14	0.01450	0.08730	0.63690	0.01835	0.02769	0.01669	0.02311	0.06121	0.01515	0.02209	0.01208	0.01403	0.00868	0.00643	0.00624	0.00207	0.00957	0.00492	0.00306	0.00991
15	0.01509	0.03884	0.02268	0.20542	0.34903	0.05091	0.01743	0.01851	0.01422	0.01924	0.01431	0.07476	0.01321	0.00833	0.00846	0.00221	0.08970	0.02539	0.00349	0.00877
16	0.01480	0.01634	0.07828	0.12417	0.18656	0.04325	0.14546	0.01993	0.06017	0.02113	0.09304	0.02269	0.01731	0.00824	0.00891	0.00226	0.09618	0.02860	0.00399	0.00871
17	0.00907	0.00697	0.00849	0.00924	0.01091	0.00638	0.00734	0.01126	0.01519	0.01921	0.09405	0.18087	0.33125	0.01797	0.00850	0.00262	0.00443	0.24412	0.00629	0.00585
18	0.04520	0.12671	0.14847	0.01673	0.07492	0.11693	0.01429	0.02574	0.24179	0.02238	0.03690	0.02091	0.01550	0.00812	0.00668	0.00207	0.02541	0.03736	0.00460	0.00929
19	0.01667	0.01605	0.04730	0.07026	0.36043	0.01625	0.08811	0.10961	0.05923	0.02393	0.01544	0.06797	0.01331	0.00787	0.00792	0.00217	0.05641	0.00714	0.00413	0.00980
20	0.01060	0.07163	0.12883	0.03741	0.01536	0.00965	0.01065	0.01382	0.01515	0.02035	0.17997	0.21204	0.12479	0.01447	0.00768	0.00237	0.00543	0.10745	0.00553	0.00682
21	0.01669	0.01441	0.01517	0.01365	0.01745	0.01669	0.01062	0.03565	0.71021	0.02807	0.02731	0.02503	0.02048	0.00910	0.00683	0.00228	0.00531	0.00759	0.00683	0.01062
22	0.03825	0.04134	0.20266	0.02166	0.14290	0.12512	0.11058	0.02310	0.09291	0.04686	0.04976	0.04515	0.01471	0.00754	0.00669	0.00208	0.00870	0.00660	0.00411	0.00928
23	0.01772	0.06477	0.08258	0.18426	0.21078	0.13345	0.09954	0.08789	0.01696	0.02152	0.01232	0.01574	0.00967	0.00647	0.00656	0.00202	0.00931	0.00572	0.00355	0.00918
24	0.02506	0.03198	0.01901	0.01729	0.02074	0.73725	0.01296	0.02679	0.01901	0.01642	0.01037	0.01210	0.00864	0.00691	0.00605	0.00173	0.01210	0.00432	0.00346	0.00778
25	0.01669	0.01441	0.01517	0.01365	0.01745	0.01669	0.01062	0.03565	0.71021	0.02807	0.02731	0.02503	0.02048	0.00910	0.00683	0.00228	0.00531	0.00759	0.00683	0.01062
26	0.01509	0.01932	0.17180	0.02278	0.02923	0.01467	0.42541	0.02042	0.01546	0.06015	0.03995	0.10101	0.01576	0.00792	0.00762	0.00227	0.00963	0.00864	0.00400	0.00886
27	0.01709	0.04633	0.22702	0.05435	0.14470	0.07199	0.01681	0.13509	0.03853	0.05004	0.05054	0.08523	0.01601	0.00847	0.00670	0.00209	0.00801	0.00705	0.00448	0.00946
28	0.02506	0.03198	0.01901	0.01729	0.02074	0.73725	0.01296	0.02679	0.01901	0.01642	0.01037	0.01210	0.00864	0.00691	0.00605	0.00173	0.01210	0.00432	0.00346	0.00778
29	0.02588	0.01820	0.01977	0.01516	0.02051	0.01993	0.01252	0.64650	0.03056	0.09714	0.01694	0.01665	0.01183	0.00807	0.00672	0.00202	0.00725	0.00610	0.00684	0.01141
30	0.74306	0.01389	0.04168	0.00932	0.01381	0.01482	0.00807	0.01967	0.01164	0.02937	0.00957	0.01117	0.00743	0.00618	0.00428	0.00203	0.00539	0.00371	0.00409	0.04082
31	0.02438	0.01789	0.01785	0.01417	0.01880	0.09734	0.01145	0.46349	0.02646	0.11944	0.01738	0.01815	0.01265	0.03270	0.00737	0.00210	0.00731	0.00608	0.07467	0.01033
32	0.01769	0.01516	0.02108	0.26107	0.21895	0.03749	0.01629	0.14899	0.09581	0.05253	0.01515	0.01790	0.01148	0.00704	0.00663	0.00207	0.00781	0.00608	0.00446	0.03632

[dist]
# distance from previous block
# <min> <max>
0	3

[block]
# block no. 4 follows, 32 sequences, length 21
# corresponding to MSA columns:
# 286,287,289-307
name=unknown_E
#
# <colnr> <probs for GDERKNQSTAVLIFYWHMCP>
#	G	D	E	R	K	N	Q	S	T	A	V	L	I	F	Y	W	H	M	C	P
0	0.75567	0.01318	0.01108	0.01110	0.06287	0.01512	0.00820	0.01978	0.01169	0.02953	0.00957	0.01130	0.00750	0.00621	0.00433	0.00207	0.00539	0.00380	0.00409	0.00750
1	0.00959	0.00712	0.01044	0.01040	0.01156	0.00813	0.00797	0.01189	0.01130	0.01621	0.06746	0.02912	0.02052	0.09196	0.64271	0.00991	0.01622	0.00770	0.00389	0.00590
2	0.01790	0.01501	0.01585	0.01390	0.01791	0.01725	0.01091	0.12684	0.61705	0.03002	0.02577	0.02381	0.01924	0.00896	0.00681	0.00224	0.00559	0.00737	0.00681	0.01073
3	0.01620	0.01651	0.02908	0.02198	0.02748	0.01685	0.40193	0.02759	0.31489	0.02433	0.01949	0.02109	0.01462	0.00714	0.00745	0.00227	0.00873	0.00778	0.00487	0.00973
4	0.07857	0.07470	0.03945	0.01379	0.01912	0.03955	0.01176	0.35920	0.02419	0.24603	0.01799	0.01721	0.01233	0.00775	0.00634	0.00199	0.00693	0.00582	0.00652	0.01077
5	0.12184	0.01052	0.01335	0.01105	0.01518	0.00964	0.00883	0.02655	0.01701	0.50297	0.02642	0.16505	0.02088	0.01053	0.00678	0.00220	0.00529	0.00877	0.00739	0.00975
6	0.00976	0.00651	0.00732	0.00732	0.00732	0.00651	0.00407	0.00976	0.00976	0.01301	0.02114	0.04391	0.02439	0.76419	0.03415	0.00651	0.00651	0.00976	0.00407	0.00407
7	0.02748	0.01655	0.01806	0.01405	0.01920	0.06894	0.01151	0.35952	0.02524	0.33870	0.02020	0.01875	0.01347	0.00808	0.00668	0.00202	0.00700	0.00622	0.00717	0.01115
8	0.02300	0.02858	0.01927	0.06623	0.02208	0.60362	0.01355	0.02488	0.01760	0.01644	0.01029	0.01279	0.00868	0.00748	0.00799	0.00191	0.09993	0.00462	0.00336	0.00770
9	0.00816	0.00591	0.00771	0.00915	0.00968	0.00547	0.00615	0.00936	0.01303	0.01720	0.03927	0.70847	0.09424	0.02072	0.00852	0.00269	0.00386	0.01871	0.00623	0.00547
10	0.02268	0.02812	0.02063	0.04726	0.02234	0.57213	0.05925	0.02475	0.01750	0.01676	0.01046	0.01305	0.00878	0.00742	0.00816	0.00193	0.10282	0.00482	0.00337	0.00780
11	0.01346	0.03471	0.72942	0.01912	0.02904	0.01558	0.02479	0.02125	0.01417	0.02125	0.01204	0.01417	0.00850	0.00637	0.00637	0.00212	0.00992	0.00496	0.00283	0.00992
12	0.00949	0.00707	0.00898	0.00884	0.01047	0.00630	0.00635	0.01172	0.01563	0.02183	0.33170	0.30562	0.07423	0.04543	0.00885	0.00238	0.00379	0.01368	0.00638	0.10126
13	0.01346	0.03471	0.72942	0.01912	0.02904	0.01558	0.02479	0.02125	0.01417	0.02125	0.01204	0.01417	0.00850	0.00637	0.00637	0.00212	0.00992	0.00496	0.00283	0.00992
14	0.01794	0.76823	0.03516	0.01148	0.01722	0.02655	0.01148	0.02009	0.01363	0.01579	0.00933	0.01076	0.00861	0.00574	0.00431	0.00144	0.00718	0.00359	0.00287	0.00861
15	0.01428	0.01384	0.02124	0.53233	0.17935	0.05062	0.01834	0.01926	0.04999	0.01863	0.01278	0.01772	0.00986	0.00670	0.00667	0.00216	0.00872	0.00597	0.00327	0.00827
16	0.00991	0.00683	0.00808	0.00828	0.01003	0.00599	0.00601	0.01167	0.01518	0.07347	0.13085	0.30249	0.35200	0.01734	0.00806	0.00239	0.00372	0.01507	0.00653	0.00611
17	0.07338	0.07827	0.11872	0.01368	0.01799	0.03668	0.02940	0.11178	0.01743	0.07707	0.02493	0.04056	0.05521	0.01185	0.00733	0.00241	0.00704	0.26270	0.00536	0.00821
18	0.05992	0.01748	0.01891	0.10323	0.09769	0.16019	0.04019	0.10187	0.08865	0.15312	0.03819	0.01846	0.01362	0.00741	0.00645	0.00198	0.00785	0.00600	0.00517	0.05361
19	0.09748	0.12817	0.02465	0.12032	0.31526	0.01757	0.04313	0.10319	0.01657	0.02389	0.03990	0.01663	0.01191	0.00661	0.00616	0.00197	0.00757	0.00571	0.00387	0.00944
20	0.16604	0.06907	0.05549	0.08967	0.07195	0.09996	0.08311	0.17778	0.01808	0.02591	0.01293	0.03438	0.01044	0.00795	0.00715	0.04341	0.00806	0.00569	0.00425	0.00868

[dist]
# distance from previous block
# <min> <max>
0	13

[block]
# block no. 5 follows, 32 sequences, length 30
# corresponding to MSA columns:
# 321-350
name=unknown_F
#
# <colnr> <probs for GDERKNQSTAVLIFYWHMCP>
#	G	D	E	R	K	N	Q	S	T	A	V	L	I	F	Y	W	H	M	C	P
0	0.05824	0.09367	0.18819	0.01778	0.08112	0.08396	0.06097	0.10993	0.03698	0.10215	0.01491	0.03681	0.01151	0.00710	0.00621	0.00193	0.00808	0.00573	0.00444	0.07029
1	0.08094	0.07811	0.18021	0.01481	0.06254	0.03732	0.01344	0.03481	0.04966	0.10601	0.01798	0.05066	0.03387	0.00796	0.00611	0.00189	0.00685	0.04085	0.00457	0.17141
2	0.08094	0.05821	0.13148	0.11714	0.06515	0.05474	0.01429	0.13908	0.01740	0.05425	0.01368	0.01696	0.01074	0.00687	0.00601	0.00185	0.00751	0.02724	0.00428	0.17218
3	0.07808	0.09401	0.04918	0.02658	0.34008	0.08104	0.04183	0.05200	0.09110	0.02294	0.01356	0.01590	0.01096	0.00643	0.00614	0.00191	0.00777	0.00552	0.00390	0.05105
4	0.07410	0.03720	0.02051	0.02170	0.23336	0.01412	0.05902	0.10538	0.01713	0.09843	0.05272	0.07489	0.01621	0.00805	0.00692	0.00196	0.02800	0.00700	0.00483	0.11845
5	0.01383	0.01301	0.02182	0.58031	0.13029	0.01537	0.05099	0.03904	0.03420	0.01904	0.01266	0.01789	0.00962	0.00667	0.00676	0.00220	0.00878	0.00611	0.00327	0.00815
6	0.01587	0.01398	0.02201	0.41552	0.24316	0.01583	0.01812	0.09896	0.03364	0.03905	0.01336	0.01760	0.01021	0.00675	0.00669	0.00213	0.00830	0.00604	0.00375	0.00904
7	0.01661	0.01594	0.02724	0.04119	0.72233	0.01594	0.02059	0.02059	0.01528	0.02192	0.01262	0.01661	0.01063	0.00598	0.00664	0.00199	0.00797	0.00598	0.00332	0.01063
8	0.02491	0.01850	0.01980	0.01532	0.02058	0.02053	0.01261	0.65533	0.07714	0.04133	0.01686	0.01671	0.01202	0.00813	0.00672	0.00203	0.00724	0.00614	0.00672	0.01136
9	0.00960	0.00665	0.00832	0.00842	0.00878	0.00696	0.00542	0.01035	0.01025	0.01400	0.02132	0.08710	0.02361	0.51480	0.22899	0.00745	0.00953	0.00967	0.00408	0.00470
10	0.02738	0.01116	0.01498	0.01177	0.01651	0.00988	0.00969	0.05562	0.01952	0.61238	0.08904	0.02693	0.02142	0.00915	0.00694	0.00211	0.00556	0.03110	0.00809	0.01077
11	0.43727	0.15826	0.13540	0.01289	0.04212	0.07854	0.01191	0.02068	0.01307	0.02453	0.00999	0.01172	0.00796	0.00621	0.00480	0.00193	0.00703	0.00399	0.00361	0.00812
12	0.01081	0.00772	0.01081	0.01236	0.01390	0.00772	0.01081	0.01390	0.01545	0.02008	0.03553	0.07569	0.03862	0.01854	0.00927	0.00309	0.00618	0.67717	0.00618	0.00618
13	0.02108	0.01659	0.01764	0.01454	0.01912	0.01874	0.01168	0.36627	0.37245	0.03515	0.02174	0.02059	0.01597	0.00858	0.00677	0.00215	0.00634	0.00682	0.00677	0.01101
14	0.01862	0.60593	0.03105	0.01234	0.01742	0.14397	0.01146	0.02065	0.01449	0.01596	0.01094	0.04982	0.01047	0.00673	0.00482	0.00155	0.00783	0.00451	0.00314	0.00831
15	0.02043	0.02316	0.34041	0.01891	0.09464	0.01410	0.03920	0.07584	0.01735	0.26379	0.01738	0.01764	0.01175	0.00710	0.00660	0.00209	0.00814	0.00584	0.00506	0.01059
16	0.01346	0.03471	0.72942	0.01912	0.02904	0.01558	0.02479	0.02125	0.01417	0.02125	0.01204	0.01417	0.00850	0.00637	0.00637	0.00212	0.00992	0.00496	0.00283	0.00992
17	0.00825	0.00595	0.00782	0.00917	0.00972	0.00552	0.00619	0.00958	0.01337	0.01783	0.08413	0.68197	0.07495	0.02036	0.00849	0.00266	0.00382	0.01840	0.00631	0.00552
18	0.02539	0.01279	0.05246	0.01353	0.04628	0.01093	0.01090	0.05176	0.07597	0.51500	0.02585	0.09026	0.01866	0.00934	0.00690	0.00215	0.00588	0.00781	0.00745	0.01069
19	0.01961	0.06564	0.21274	0.02135	0.14839	0.01442	0.11841	0.02429	0.01631	0.23778	0.04320	0.01899	0.01368	0.00703	0.00670	0.00206	0.00807	0.00632	0.00486	0.01016
20	0.00818	0.00584	0.00779	0.00934	0.00973	0.00545	0.00623	0.00934	0.01285	0.01713	0.03698	0.75981	0.04438	0.02102	0.00856	0.00273	0.00389	0.01908	0.00623	0.00545
21	0.01346	0.03471	0.72942	0.01912	0.02904	0.01558	0.02479	0.02125	0.01417	0.02125	0.01204	0.01417	0.00850	0.00637	0.00637	0.00212	0.00992	0.00496	0.00283	0.00992
22	0.01773	0.18437	0.17369	0.04946	0.16352	0.12513	0.08330	0.05737	0.04623	0.02075	0.01234	0.01471	0.00982	0.00639	0.00613	0.00191	0.00903	0.00527	0.00347	0.00939
23	0.01717	0.01382	0.01915	0.01870	0.14187	0.01448	0.08753	0.25549	0.01913	0.02597	0.01683	0.02537	0.01535	0.23646	0.05981	0.00392	0.00831	0.00742	0.00476	0.00848
24	0.00938	0.00692	0.01004	0.01040	0.01139	0.00771	0.00786	0.01145	0.01130	0.01591	0.02240	0.16648	0.02321	0.08079	0.53526	0.00874	0.01427	0.03646	0.00422	0.00580
25	0.01523	0.01781	0.17859	0.09971	0.02241	0.06621	0.05667	0.05478	0.05267	0.09366	0.04844	0.06774	0.17731	0.01025	0.00708	0.00218	0.00725	0.00865	0.00499	0.00837
26	0.02439	0.01674	0.01820	0.01393	0.01930	0.04206	0.01142	0.43768	0.02585	0.16487	0.01712	0.01685	0.01203	0.00754	0.00640	0.00184	0.00683	0.00576	0.00643	0.14474
27	0.12384	0.01281	0.02108	0.11380	0.17898	0.01314	0.14745	0.01880	0.01423	0.08057	0.01772	0.13582	0.01620	0.01195	0.06152	0.00287	0.00828	0.00828	0.00431	0.00835
28	0.40446	0.01513	0.01455	0.01172	0.01653	0.01667	0.00966	0.29112	0.02008	0.08156	0.01333	0.01394	0.00969	0.00703	0.00539	0.00199	0.00609	0.00482	0.00544	0.05081
29	0.01516	0.01215	0.02005	0.60430	0.09068	0.01434	0.01766	0.01936	0.01428	0.10756	0.01382	0.01843	0.01004	0.00686	0.00671	0.00220	0.00846	0.00606	0.00368	0.00818

[dist]
# distance from previous block
# <min> <max>
1	5

[block]
# block no. 6 follows, 32 sequences, length 21
# corresponding to MSA columns:
# 357-377
name=unknown_G
#
# <colnr> <probs for GDERKNQSTAVLIFYWHMCP>
#	G	D	E	R	K	N	Q	S	T	A	V	L	I	F	Y	W	H	M	C	P
0	0.04034	0.01404	0.01542	0.01290	0.01682	0.04099	0.01032	0.20884	0.15571	0.07492	0.01898	0.02231	0.01528	0.03786	0.12425	0.00351	0.02760	0.03053	0.00556	0.12380
1	0.01992	0.26192	0.02535	0.01862	0.13465	0.16675	0.03837	0.02555	0.14400	0.08050	0.01503	0.01594	0.01188	0.00686	0.00586	0.00183	0.00800	0.00530	0.00428	0.00940
2	0.00883	0.00682	0.00808	0.00863	0.01024	0.00617	0.00660	0.01081	0.01503	0.01903	0.11976	0.18639	0.35717	0.05126	0.00950	0.00270	0.00420	0.15680	0.00624	0.00573
3	0.05047	0.32508	0.15284	0.01534	0.03939	0.13443	0.03648	0.05357	0.05604	0.06045	0.01253	0.01374	0.00992	0.00651	0.00552	0.00178	0.00834	0.00468	0.00375	0.00913
4	0.01836	0.08605	0.02753	0.02439	0.17490	0.19553	0.22276	0.04457	0.01651	0.02045	0.01332	0.03833	0.01118	0.00686	0.00703	0.00198	0.02862	0.00636	0.04645	0.00881
5	0.00971	0.00668	0.00821	0.00821	0.00852	0.00699	0.00518	0.01033	0.01002	0.01367	0.02032	0.03937	0.02242	0.57962	0.21602	0.00761	0.00947	0.00909	0.00394	0.00456
6	0.01794	0.76823	0.03516	0.01148	0.01722	0.02655	0.01148	0.02009	0.01363	0.01579	0.00933	0.01076	0.00861	0.00574	0.00431	0.00144	0.00718	0.00359	0.00287	0.00861
7	0.00976	0.00651	0.00732	0.00732	0.00732	0.00651	0.00407	0.00976	0.00976	0.01301	0.02114	0.04391	0.02439	0.76419	0.03415	0.00651	0.00651	0.00976	0.00407	0.00407
8	0.35823	0.01586	0.01621	0.03356	0.09782	0.04329	0.01139	0.22324	0.06439	0.03135	0.01300	0.01438	0.00990	0.00717	0.00614	0.00208	0.03291	0.00504	0.00490	0.00913
9	0.01476	0.02618	0.38890	0.02587	0.15215	0.01608	0.23656	0.02121	0.01489	0.02144	0.01263	0.01583	0.00940	0.00608	0.00691	0.00215	0.01002	0.00607	0.00310	0.00977
10	0.01563	0.01769	0.03830	0.07593	0.03581	0.01683	0.65300	0.02121	0.01568	0.02121	0.01347	0.01809	0.01010	0.00573	0.00784	0.00226	0.01116	0.00779	0.00337	0.00894
11	0.02157	0.12437	0.06126	0.01455	0.04343	0.21121	0.01185	0.07623	0.01818	0.19271	0.05876	0.05163	0.04207	0.00994	0.03104	0.00222	0.00822	0.00658	0.00522	0.00897
12	0.01689	0.03947	0.01988	0.05015	0.11468	0.01388	0.07088	0.10180	0.10700	0.05249	0.01514	0.01677	0.01177	0.00630	0.00602	0.00164	0.00653	0.00548	0.00462	0.33860
13	0.01129	0.00840	0.01018	0.03865	0.01255	0.00838	0.00735	0.11040	0.01718	0.02299	0.20548	0.28960	0.13530	0.07858	0.01012	0.00270	0.00457	0.01348	0.00628	0.00652
14	0.01153	0.00830	0.00980	0.00962	0.01060	0.04432	0.00673	0.01280	0.01140	0.05581	0.02077	0.08511	0.02153	0.34453	0.30984	0.00744	0.01113	0.00895	0.00425	0.00555
15	0.01027	0.00848	0.01065	0.00985	0.01184	0.00832	0.04155	0.05655	0.01514	0.01935	0.06607	0.15960	0.36270	0.08921	0.03886	0.00310	0.04835	0.02828	0.00565	0.00617
16	0.27040	0.28337	0.13575	0.01183	0.01699	0.05948	0.01167	0.01937	0.01284	0.02090	0.01056	0.01367	0.00914	0.04542	0.00747	0.04851	0.00716	0.00431	0.00337	0.00779
17	0.01769	0.10742	0.05163	0.01563	0.07454	0.11462	0.03078	0.11224	0.10812	0.02433	0.07630	0.01856	0.01587	0.00721	0.00605	0.00171	0.00706	0.00575	0.00469	0.19981
18	0.06287	0.12226	0.08568	0.01454	0.05002	0.06370	0.03465	0.08584	0.18292	0.04250	0.02025	0.04418	0.05038	0.07167	0.00857	0.00237	0.00692	0.00683	0.00488	0.03897
19	0.03796	0.10022	0.06064	0.09958	0.13766	0.08285	0.01387	0.02225	0.12356	0.05270	0.05505	0.01910	0.01479	0.00970	0.04411	0.00243	0.05214	0.00599	0.00428	0.06110
20	0.01892	0.01602	0.02071	0.04861	0.24479	0.06328	0.03984	0.20364	0.04238	0.05877	0.04039	0.02090	0.03311	0.05751	0.00847	0.00226	0.00748	0.00660	0.00489	0.06145

[dist]
# distance from previous block
# <min> <max>
6	18

[block]
# block no. 7 follows, 32 sequences, length 29
# corresponding to MSA columns:
# 396-424
name=unknown_H
#
# <colnr> <probs for GDERKNQSTAVLIFYWHMCP>
#	G	D	E	R	K	N	Q	S	T	A	V	L	I	F	Y	W	H	M	C	P
0	0.01888	0.38262	0.08316	0.01521	0.02078	0.10749	0.10482	0.08977	0.01639	0.04183	0.01209	0.01487	0.01020	0.04688	0.00708	0.00198	0.00847	0.00504	0.00363	0.00880
1	0.01724	0.08705	0.01745	0.01295	0.04506	0.01398	0.01009	0.20515	0.03817	0.02566	0.01451	0.01875	0.01229	0.00916	0.00850	0.10596	0.00616	0.04057	0.00466	0.30665
2	0.01199	0.00864	0.01059	0.01003	0.01246	0.00777	0.00736	0.04678	0.03844	0.05791	0.02954	0.41225	0.05359	0.03725	0.00821	0.00233	0.00460	0.03550	0.00578	0.19897
3	0.02233	0.01244	0.01745	0.01376	0.01841	0.01187	0.08283	0.02845	0.15507	0.37367	0.04675	0.05817	0.01876	0.00878	0.00729	0.00210	0.02719	0.00754	0.00683	0.08032
4	0.01896	0.01117	0.01321	0.01113	0.01479	0.01098	0.00876	0.12979	0.10892	0.21586	0.07907	0.12914	0.04832	0.01056	0.00677	0.00205	0.00506	0.00888	0.09059	0.07600
5	0.01080	0.00911	0.00977	0.00978	0.01201	0.03273	0.00764	0.01596	0.13851	0.02118	0.12819	0.10157	0.32107	0.01542	0.00796	0.00242	0.00456	0.13817	0.00637	0.00677
6	0.00959	0.00719	0.01078	0.01078	0.01198	0.00839	0.00839	0.01198	0.01078	0.01558	0.01797	0.02636	0.01677	0.05032	0.73760	0.01078	0.01797	0.00719	0.00359	0.00599
7	0.01385	0.01193	0.01425	0.04950	0.01753	0.00926	0.00852	0.01691	0.01389	0.02161	0.01193	0.01413	0.00989	0.00506	0.00506	0.00106	0.00518	0.00408	0.00392	0.76245
8	0.02483	0.01846	0.01976	0.01530	0.02055	0.02049	0.01259	0.64928	0.08333	0.04120	0.01696	0.01679	0.01210	0.00813	0.00672	0.00203	0.00723	0.00616	0.00672	0.01135
9	0.01338	0.01240	0.02046	0.68461	0.07744	0.01520	0.01849	0.04502	0.01424	0.01839	0.01213	0.01776	0.00912	0.00673	0.00671	0.00222	0.00883	0.00597	0.00315	0.00777
10	0.01391	0.01193	0.01391	0.00994	0.01590	0.00894	0.00795	0.01690	0.01391	0.02186	0.01193	0.01391	0.00994	0.00497	0.00497	0.00099	0.00497	0.00398	0.00398	0.80521
11	0.01810	0.01227	0.01358	0.01141	0.01487	0.01311	0.00907	0.24261	0.14446	0.08120	0.16627	0.02719	0.02545	0.00938	0.00654	0.00199	0.00509	0.00768	0.18064	0.00909
12	0.00908	0.00684	0.00839	0.00801	0.00977	0.00615	0.00600	0.01186	0.01801	0.02458	0.54641	0.05395	0.23715	0.01459	0.00792	0.00215	0.00323	0.01267	0.00708	0.00615
13	0.01769	0.12056	0.01823	0.04847	0.01844	0.17094	0.01081	0.08002	0.18224	0.02306	0.08785	0.05924	0.01926	0.00855	0.00627	0.00187	0.00704	0.00674	0.00503	0.10770
14	0.01288	0.01204	0.01711	0.01521	0.01563	0.01626	0.01246	0.01468	0.01046	0.01595	0.01204	0.01880	0.01162	0.02535	0.27442	0.00570	0.49303	0.00634	0.00317	0.00686
15	0.01601	0.01649	0.02350	0.29706	0.28068	0.10823	0.05096	0.01972	0.01461	0.01887	0.01175	0.01639	0.00955	0.00691	0.00815	0.00215	0.08126	0.00584	0.00318	0.00869
16	0.02975	0.01198	0.01592	0.01221	0.01741	0.01070	0.01008	0.08361	0.02015	0.67474	0.02568	0.02232	0.01621	0.00829	0.00674	0.00207	0.00584	0.00669	0.00818	0.01142
17	0.00851	0.00666	0.00776	0.00814	0.00978	0.00590	0.00604	0.01048	0.01545	0.01976	0.18528	0.22571	0.38111	0.01742	0.00818	0.00241	0.00368	0.06550	0.00645	0.00578
18	0.02340	0.01771	0.01833	0.01461	0.01939	0.05668	0.01186	0.48315	0.14076	0.07064	0.04249	0.01907	0.01493	0.00837	0.00669	0.00204	0.00697	0.00645	0.02568	0.01079
19	0.00977	0.00689	0.00881	0.04806	0.01214	0.00669	0.00741	0.01216	0.01477	0.02041	0.12590	0.26735	0.14174	0.01609	0.00781	0.00244	0.00433	0.14792	0.13335	0.00598
20	0.01799	0.01587	0.01572	0.01387	0.01770	0.07160	0.01082	0.11242	0.54053	0.02880	0.06129	0.02432	0.02077	0.00906	0.00681	0.00219	0.00596	0.00739	0.00659	0.01027
21	0.01460	0.01379	0.03962	0.07280	0.30193	0.03885	0.01447	0.08296	0.01707	0.02275	0.07756	0.04804	0.15084	0.01028	0.00722	0.00217	0.00674	0.06491	0.00476	0.00863
22	0.01402	0.09389	0.20069	0.01811	0.05594	0.01387	0.17060	0.01882	0.01592	0.04700	0.16794	0.03035	0.02476	0.00925	0.00723	0.00219	0.00781	0.08859	0.00457	0.00845
23	0.01777	0.01983	0.02009	0.01752	0.01855	0.23399	0.01417	0.01932	0.01288	0.01623	0.00927	0.01391	0.00876	0.01031	0.01726	0.00258	0.53159	0.00541	0.00309	0.00747
24	0.01674	0.03924	0.08117	0.13374	0.10909	0.01457	0.01391	0.16279	0.04137	0.04205	0.03717	0.01755	0.01255	0.00852	0.03586	0.00215	0.00748	0.00563	0.00448	0.21395
25	0.01848	0.24432	0.16141	0.03960	0.07382	0.08623	0.03440	0.02269	0.04454	0.11926	0.01490	0.05066	0.01215	0.00753	0.00670	0.00194	0.04232	0.00576	0.00407	0.00919
26	0.00966	0.00689	0.00928	0.00928	0.00995	0.00757	0.00651	0.01101	0.01034	0.01446	0.01935	0.03400	0.02009	0.36099	0.43147	0.00892	0.01298	0.00831	0.00380	0.00515
27	0.01615	0.14695	0.15670	0.13487	0.04562	0.04187	0.05052	0.04644	0.10977	0.05784	0.01603	0.05811	0.01333	0.02833	0.00795	0.00222	0.04778	0.00649	0.00413	0.00889
28	0.02057	0.05353	0.10614	0.02166	0.17913	0.03209	0.07426	0.13448	0.11598	0.16730	0.01783	0.01843	0.01291	0.00725	0.00666	0.00206	0.00762	0.00627	0.00529	0.01053

[dist]
# distance from previous block
# <min> <max>
0	23

[block]
# block no. 8 follows, 32 sequences, length 51
# corresponding to MSA columns:
# 449-499
name=unknown_I
#
# <colnr> <probs for GDERKNQSTAVLIFYWHMCP>
#	G	D	E	R	K	N	Q	S	T	A	V	L	I	F	Y	W	H	M	C	P
0	0.04884	0.10978	0.07753	0.01643	0.08701	0.04513	0.01316	0.19335	0.07992	0.20350	0.01853	0.01994	0.01372	0.00792	0.00639	0.00202	0.00708	0.03368	0.00577	0.01030
1	0.03916	0.00803	0.00989	0.04227	0.01295	0.00776	0.00739	0.01350	0.07209	0.01958	0.06150	0.43930	0.08357	0.01701	0.02875	0.00259	0.00476	0.01401	0.00574	0.11013
2	0.01267	0.01193	0.02013	0.74806	0.04621	0.01491	0.01863	0.01714	0.01342	0.01714	0.01193	0.01789	0.00894	0.00671	0.00671	0.00224	0.00894	0.00596	0.00298	0.00745
3	0.01529	0.01295	0.01358	0.01224	0.01548	0.03510	0.00947	0.05707	0.46378	0.02765	0.18206	0.03124	0.05334	0.01026	0.00702	0.00219	0.00499	0.00863	0.02833	0.00932
4	0.01007	0.00705	0.00878	0.00823	0.01013	0.00634	0.00621	0.01288	0.01817	0.05623	0.54195	0.05214	0.20835	0.01421	0.00787	0.00214	0.00333	0.01235	0.00717	0.00641
5	0.03990	0.01336	0.01375	0.01213	0.01525	0.08938	0.00951	0.19914	0.02050	0.12408	0.13273	0.17558	0.02861	0.01215	0.00725	0.00221	0.00601	0.05748	0.03259	0.00837
6	0.01251	0.00625	0.00625	0.00625	0.00782	0.00625	0.00469	0.01563	0.01407	0.02502	0.02189	0.02502	0.01720	0.00782	0.00469	0.00156	0.00313	0.00625	0.80144	0.00625
7	0.01164	0.00778	0.01113	0.01067	0.01204	0.00872	0.00818	0.01376	0.01169	0.07909	0.04410	0.02854	0.01903	0.12979	0.53150	0.00885	0.04540	0.00758	0.00418	0.00631
8	0.00797	0.00662	0.00698	0.00726	0.00918	0.00563	0.00530	0.00958	0.01485	0.01795	0.06237	0.19029	0.59752	0.01772	0.00804	0.00235	0.00349	0.01505	0.00623	0.00563
9	0.02545	0.02039	0.02000	0.01566	0.02080	0.10725	0.01278	0.61874	0.03004	0.03917	0.01542	0.01563	0.01108	0.00792	0.00663	0.00198	0.00795	0.00583	0.00632	0.01097
10	0.81159	0.01298	0.00986	0.00882	0.01298	0.01505	0.00727	0.01972	0.01142	0.03010	0.00934	0.01090	0.00727	0.00623	0.00415	0.00208	0.00519	0.00363	0.00415	0.00727
11	0.01303	0.01230	0.02078	0.68291	0.10853	0.01500	0.01881	0.01746	0.01359	0.01758	0.01199	0.01777	0.00910	0.00664	0.00670	0.00221	0.00885	0.00596	0.00301	0.00775
12	0.01332	0.01364	0.05200	0.60041	0.12801	0.01515	0.04732	0.01792	0.01378	0.01809	0.01208	0.01758	0.00918	0.00656	0.00674	0.00220	0.00896	0.00600	0.00303	0.00801
13	0.01222	0.01093	0.01529	0.01378	0.01420	0.01435	0.01099	0.01380	0.01038	0.01550	0.01373	0.02291	0.01379	0.13364	0.26940	0.00615	0.39235	0.00689	0.00333	0.00640
14	0.01754	0.01484	0.01565	0.01383	0.01777	0.01709	0.01083	0.09980	0.64468	0.02944	0.02623	0.02417	0.01961	0.00900	0.00682	0.00225	0.00551	0.00744	0.00682	0.01070
15	0.01166	0.00583	0.00874	0.00874	0.00874	0.00583	0.00583	0.00874	0.00874	0.01166	0.01166	0.02040	0.01166	0.02331	0.02622	0.80478	0.00583	0.00583	0.00291	0.00291
16	0.02621	0.01767	0.01944	0.01490	0.02025	0.01913	0.01231	0.59784	0.02966	0.14708	0.01770	0.01714	0.01221	0.00809	0.00672	0.00202	0.00713	0.00615	0.00696	0.01141
17	0.02518	0.01491	0.01719	0.01366	0.01859	0.01561	0.01113	0.28453	0.18830	0.30296	0.02277	0.02083	0.01557	0.00840	0.00675	0.00210	0.00624	0.00668	0.00735	0.01123
18	0.01269	0.00755	0.00991	0.00897	0.01112	0.00684	0.00685	0.01565	0.01870	0.13818	0.56325	0.06957	0.07790	0.01321	0.00775	0.00213	0.00360	0.01157	0.00746	0.00709
19	0.01794	0.76823	0.03516	0.01148	0.01722	0.02655	0.01148	0.02009	0.01363	0.01579	0.00933	0.01076	0.00861	0.00574	0.00431	0.00144	0.00718	0.00359	0.00287	0.00861
20	0.01344	0.00637	0.00940	0.00905	0.00955	0.00622	0.00622	0.01105	0.00975	0.08073	0.01309	0.02063	0.01213	0.02186	0.02434	0.72727	0.00582	0.00592	0.00343	0.00374
21	0.00963	0.00701	0.00986	0.00986	0.01074	0.00789	0.00724	0.01139	0.01051	0.01489	0.01882	0.03103	0.01880	0.24028	0.55041	0.00965	0.01492	0.00787	0.00372	0.00548
22	0.00925	0.00694	0.00811	0.00775	0.00974	0.00610	0.00584	0.01171	0.01726	0.03924	0.39709	0.05626	0.37021	0.01513	0.00789	0.00218	0.00333	0.01296	0.00687	0.00614
23	0.01578	0.02905	0.43028	0.02226	0.11782	0.11808	0.06887	0.02154	0.01479	0.02025	0.01172	0.01451	0.00894	0.00679	0.00777	0.00213	0.07166	0.00528	0.00303	0.00943
24	0.02137	0.02773	0.07386	0.04807	0.02280	0.51981	0.07273	0.02405	0.01767	0.01747	0.01334	0.05197	0.01195	0.00800	0.00654	0.00194	0.01105	0.03816	0.00365	0.00785
25	0.01251	0.00969	0.06628	0.01085	0.01312	0.00779	0.03354	0.01491	0.01432	0.10434	0.07835	0.26027	0.05448	0.12633	0.01171	0.00305	0.00543	0.10326	0.06310	0.00667
26	0.02520	0.01066	0.01410	0.01116	0.01560	0.00942	0.00909	0.05215	0.01934	0.54449	0.13521	0.02974	0.07351	0.00974	0.00701	0.00209	0.00522	0.00807	0.00796	0.01023
27	0.01463	0.01372	0.04719	0.35522	0.15871	0.01414	0.11733	0.01895	0.01465	0.06337	0.01614	0.04969	0.01372	0.00804	0.00715	0.00227	0.00853	0.06431	0.00382	0.00841
