[name]
unknown

[dist]
# distance from previous block
# <min> <max>
0	69

[block]
# block no. 0 follows, 34 sequences, length 52
# corresponding to MSA columns:
# 69-120
name=unknown_A
#
# <colnr> <probs for GDERKNQSTAVLIFYWHMCP>
#	G	D	E	R	K	N	Q	S	T	A	V	L	I	F	Y	W	H	M	C	P
0	0.07468	0.12907	0.10181	0.01360	0.01811	0.20576	0.01213	0.09845	0.07527	0.02216	0.05703	0.02120	0.01540	0.00803	0.00596	0.00187	0.00774	0.07035	0.00435	0.05703
1	0.10664	0.13496	0.18176	0.01456	0.04225	0.06421	0.04755	0.07635	0.03071	0.08412	0.08214	0.03749	0.01571	0.00953	0.04309	0.00234	0.00776	0.00597	0.00434	0.00854
2	0.14433	0.19215	0.18822	0.01375	0.01954	0.03797	0.06201	0.07740	0.01517	0.07411	0.03506	0.05171	0.01232	0.00706	0.00558	0.00185	0.00718	0.00550	0.00403	0.04504
3	0.01814	0.29339	0.13106	0.01345	0.01886	0.09657	0.01288	0.17215	0.08428	0.02291	0.01661	0.01714	0.06193	0.00731	0.00561	0.00177	0.00742	0.00534	0.00422	0.00896
4	0.01920	0.47002	0.04882	0.01250	0.01794	0.04562	0.01166	0.21161	0.03645	0.02300	0.01145	0.01241	0.00939	0.00625	0.00499	0.00157	0.00706	0.00429	0.00395	0.04183
5	0.01153	0.01056	0.06493	0.01014	0.01307	0.00918	0.00862	0.01806	0.18090	0.05058	0.23583	0.04513	0.22596	0.01274	0.00735	0.00220	0.00445	0.07515	0.00628	0.00732
6	0.02354	0.02896	0.01847	0.01655	0.01979	0.65600	0.01257	0.06812	0.01854	0.01736	0.01024	0.01205	0.00850	0.00702	0.00683	0.00175	0.05817	0.00436	0.00349	0.00768
7	0.01811	0.01686	0.02123	0.04721	0.02222	0.10510	0.16277	0.14739	0.21775	0.04793	0.04531	0.02063	0.01531	0.00804	0.00776	0.00213	0.05811	0.02191	0.00509	0.00913
8	0.01483	0.01452	0.02301	0.33510	0.41308	0.05108	0.01869	0.01875	0.01415	0.01895	0.01177	0.01629	0.00947	0.00609	0.00639	0.00200	0.00826	0.00567	0.00307	0.00884
9	0.00782	0.00652	0.00683	0.00683	0.00886	0.00552	0.00509	0.00960	0.01505	0.01840	0.14162	0.08813	0.62524	0.01615	0.00766	0.00218	0.00327	0.01359	0.00613	0.00552
10	0.00922	0.00615	0.00709	0.00735	0.00745	0.00609	0.00428	0.00950	0.01002	0.01354	0.02295	0.16431	0.02653	0.62337	0.02789	0.00551	0.00574	0.01081	0.02799	0.00420
11	0.03771	0.01733	0.01902	0.33883	0.06575	0.21360	0.01528	0.01895	0.01377	0.01667	0.01062	0.01509	0.00874	0.00848	0.02826	0.00235	0.15389	0.00527	0.00305	0.00736
12	0.02682	0.01447	0.01715	0.01315	0.01823	0.01465	0.01086	0.36400	0.02431	0.39637	0.02061	0.01882	0.01354	0.00788	0.00648	0.00197	0.00629	0.00616	0.00725	0.01099
13	0.00813	0.00648	0.00729	0.00726	0.00908	0.00564	0.00538	0.01017	0.01564	0.02003	0.27204	0.12080	0.45780	0.01572	0.00769	0.00217	0.00324	0.01344	0.00635	0.00564
14	0.02899	0.01100	0.01499	0.01150	0.01649	0.00950	0.00950	0.03149	0.01849	0.73709	0.02549	0.02199	0.01599	0.00800	0.00650	0.00200	0.00550	0.00650	0.00800	0.01100
15	0.01560	0.43023	0.32119	0.01439	0.02134	0.04058	0.01642	0.01986	0.01338	0.01738	0.01006	0.01185	0.00825	0.00598	0.00552	0.00170	0.03067	0.00408	0.00277	0.00875
16	0.00914	0.00660	0.00864	0.00813	0.00965	0.00610	0.00610	0.01219	0.01829	0.02591	0.72921	0.04827	0.06097	0.01321	0.00762	0.00203	0.00305	0.01169	0.00711	0.00610
17	0.00940	0.00626	0.00705	0.00705	0.00705	0.00626	0.00392	0.00940	0.00940	0.01253	0.02036	0.04228	0.02349	0.77292	0.03289	0.00626	0.00626	0.00940	0.00392	0.00392
18	0.01525	0.01743	0.03813	0.02723	0.03377	0.01634	0.70915	0.02070	0.01525	0.02070	0.01307	0.01743	0.00980	0.00545	0.00763	0.00218	0.01089	0.00763	0.00327	0.00871
19	0.01803	0.01522	0.02456	0.02584	0.28284	0.03245	0.17661	0.09763	0.06708	0.11084	0.06905	0.01989	0.01534	0.00697	0.00679	0.00201	0.00767	0.00680	0.00469	0.00968
20	0.12341	0.01118	0.01434	0.01114	0.01602	0.01009	0.00920	0.02999	0.01760	0.65241	0.02352	0.02062	0.01492	0.00776	0.00620	0.00200	0.00544	0.00614	0.00752	0.01052
21	0.01525	0.01743	0.03813	0.02723	0.03377	0.01634	0.70915	0.02070	0.01525	0.02070	0.01307	0.01743	0.00980	0.00545	0.00763	0.00218	0.01089	0.00763	0.00327	0.00871
22	0.07911	0.01460	0.03368	0.04572	0.07154	0.01542	0.01145	0.37815	0.04475	0.03133	0.05488	0.15238	0.01899	0.00993	0.00665	0.00209	0.00624	0.00821	0.00575	0.00913
23	0.09620	0.01509	0.01580	0.01323	0.01750	0.01701	0.01060	0.26790	0.38267	0.06284	0.02086	0.01973	0.01531	0.00812	0.00629	0.00208	0.00581	0.00639	0.00635	0.01022
24	0.00923	0.00692	0.01038	0.01038	0.01154	0.00808	0.00808	0.01154	0.01038	0.01500	0.01731	0.02538	0.01615	0.04846	0.74732	0.01038	0.01731	0.00692	0.00346	0.00577
25	0.02719	0.01060	0.01442	0.01119	0.01587	0.00919	0.00919	0.02973	0.01848	0.67242	0.08949	0.02438	0.02008	0.00847	0.00660	0.00200	0.00528	0.00697	0.00792	0.01055
26	0.81856	0.01250	0.00950	0.00850	0.01250	0.01449	0.00700	0.01899	0.01100	0.02899	0.00900	0.01050	0.00700	0.00600	0.00400	0.00200	0.00500	0.00350	0.00400	0.00700
27	0.01414	0.01414	0.01979	0.01696	0.01696	0.01979	0.01414	0.01555	0.00990	0.01555	0.00848	0.01414	0.00848	0.01131	0.02120	0.00283	0.76110	0.00565	0.00283	0.00707
28	0.01220	0.01148	0.01938	0.75739	0.04450	0.01436	0.01794	0.01651	0.01292	0.01651	0.01148	0.01723	0.00861	0.00646	0.00646	0.00215	0.00861	0.00574	0.00287	0.00718
29	0.01436	0.01369	0.02328	0.34830	0.43672	0.01492	0.01902	0.01840	0.01394	0.01913	0.01187	0.01652	0.00954	0.00606	0.00642	0.00202	0.00808	0.00575	0.00306	0.00892
30	0.01414	0.01414	0.01979	0.01696	0.01696	0.01979	0.01414	0.01555	0.00990	0.01555	0.00848	0.01414	0.00848	0.01131	0.02120	0.00283	0.76110	0.00565	0.00283	0.00707
31	0.00890	0.00703	0.00808	0.00773	0.00969	0.00643	0.00582	0.01227	0.06074	0.02220	0.38798	0.05298	0.35791	0.01434	0.00756	0.00211	0.00328	0.01228	0.00658	0.00607
32	0.02692	0.01085	0.01456	0.01131	0.01598	0.00958	0.00928	0.05616	0.01894	0.64202	0.09229	0.02425	0.02009	0.00849	0.00660	0.00200	0.00533	0.00697	0.00785	0.01053
33	0.00892	0.00659	0.00826	0.00785	0.00943	0.00600	0.00584	0.01165	0.01746	0.02418	0.60345	0.05027	0.16478	0.03689	0.00839	0.00218	0.00318	0.01192	0.00684	0.00593
34	0.00787	0.00562	0.00750	0.00900	0.00937	0.00525	0.00600	0.00900	0.01237	0.01649	0.03561	0.76871	0.04274	0.02024	0.00825	0.00262	0.00375	0.01837	0.00600	0.00525
35	0.01612	0.01620	0.02316	0.05619	0.53641	0.10717	0.01747	0.01951	0.01461	0.01958	0.01246	0.01658	0.01063	0.01087	0.09264	0.00288	0.00933	0.00569	0.00324	0.00927
36	0.01495	0.01429	0.02435	0.23602	0.54436	0.01508	0.01931	0.01892	0.01422	0.01985	0.01197	0.01633	0.00979	0.00595	0.00641	0.00198	0.00793	0.00575	0.00311	0.00940
37	0.00930	0.00765	0.00784	0.00739	0.00984	0.00687	0.00565	0.07637	0.01633	0.01994	0.08157	0.05729	0.64030	0.01544	0.00752	0.00215	0.00363	0.01283	0.00608	0.00600
38	0.01477	0.01497	0.02875	0.02153	0.02618	0.01528	0.42897	0.08419	0.01516	0.02092	0.01376	0.01861	0.01113	0.01528	0.16462	0.00395	0.08309	0.00712	0.00357	0.00815
39	0.12142	0.03488	0.03411	0.01370	0.05206	0.01476	0.01072	0.28357	0.05806	0.17709	0.01959	0.11751	0.01606	0.00911	0.00633	0.00205	0.00604	0.00734	0.00606	0.00953
40	0.01681	0.01561	0.02557	0.03729	0.66459	0.01580	0.01911	0.08582	0.01621	0.02298	0.01247	0.01595	0.01031	0.00595	0.00640	0.00192	0.00762	0.00576	0.00351	0.01031
41	0.02327	0.00983	0.01323	0.08138	0.01699	0.00912	0.00909	0.02606	0.01676	0.49489	0.02308	0.02205	0.01543	0.00774	0.00601	0.00189	0.00519	0.00631	0.20226	0.00942
42	0.01134	0.00920	0.00986	0.00917	0.01139	0.04439	0.00696	0.03390	0.11861	0.04025	0.37645	0.06642	0.21120	0.01296	0.00735	0.00209	0.00401	0.01108	0.00655	0.00682
43	0.09439	0.14715	0.29199	0.01494	0.02160	0.03848	0.05356	0.08951	0.01593	0.12799	0.01510	0.01591	0.03260	0.00676	0.00581	0.00191	0.00778	0.00521	0.00415	0.00921
44	0.01519	0.01687	0.03395	0.11265	0.05404	0.03590	0.55667	0.02095	0.04762	0.02038	0.01339	0.01752	0.01009	0.00576	0.00736	0.00215	0.01029	0.00724	0.00337	0.00861
45	0.68212	0.01492	0.06403	0.01071	0.01525	0.03850	0.05453	0.01943	0.01170	0.02740	0.00948	0.01122	0.00731	0.00599	0.00445	0.00200	0.00593	0.00388	0.00384	0.00731
46	0.00916	0.00690	0.00960	0.00976	0.01057	0.00770	0.00719	0.01080	0.01079	0.01505	0.02301	0.17944	0.05134	0.15055	0.42227	0.00747	0.04904	0.00983	0.00412	0.00543
47	0.05414	0.02687	0.49171	0.01691	0.02404	0.01581	0.01961	0.10569	0.01508	0.02263	0.01256	0.04515	0.00995	0.00758	0.00807	0.00215	0.10400	0.00552	0.00341	0.00911
48	0.09333	0.32042	0.29053	0.01399	0.02081	0.01955	0.01552	0.10129	0.01528	0.03950	0.01113	0.01249	0.00864	0.00612	0.00520	0.00177	0.00769	0.00430	0.00343	0.00902
49	0.02029	0.01140	0.04892	0.01114	0.01505	0.00990	0.00933	0.10631	0.03355	0.35285	0.18411	0.09920	0.04835	0.01048	0.00693	0.00207	0.00510	0.00885	0.00707	0.00910
50	0.00978	0.00676	0.00765	0.00729	0.00784	0.00649	0.00427	0.01005	0.00978	0.01334	0.01951	0.03953	0.02216	0.69959	0.03020	0.00576	0.00612	0.00886	0.00391	0.08110
51	0.02045	0.02494	0.01734	0.01548	0.01829	0.53906	0.04020	0.02209	0.01645	0.01580	0.01491	0.01857	0.06079	0.08080	0.00976	0.00225	0.06669	0.00559	0.00353	0.00702

[dist]
# distance from previous block
# <min> <max>
0	2

[block]
# block no. 1 follows, 34 sequences, length 44
# corresponding to MSA columns:
# 123-166
name=unknown_B
#
# <colnr> <probs for GDERKNQSTAVLIFYWHMCP>
#	G	D	E	R	K	N	Q	S	T	A	V	L	I	F	Y	W	H	M	C	P
0	0.00937	0.00704	0.01013	0.01004	0.01102	0.00805	0.00762	0.01140	0.01092	0.01562	0.07093	0.05656	0.02101	0.12262	0.55966	0.00874	0.04185	0.00793	0.00385	0.00562
1	0.07109	0.00622	0.00864	0.00857	0.00895	0.00646	0.00590	0.00944	0.00876	0.01283	0.01151	0.01939	0.01128	0.02316	0.07744	0.69211	0.00644	0.00555	0.00294	0.00334
2	0.01038	0.00717	0.00792	0.00759	0.00815	0.00722	0.00462	0.06155	0.01140	0.01504	0.02378	0.04196	0.08176	0.65265	0.02881	0.00560	0.00608	0.00949	0.00428	0.00457
3	0.02219	0.07408	0.01828	0.01524	0.01871	0.57850	0.01168	0.07253	0.01861	0.01797	0.03654	0.01631	0.05748	0.00751	0.00594	0.00171	0.01021	0.00509	0.00381	0.00761
4	0.01618	0.01465	0.02412	0.06718	0.59810	0.01488	0.01833	0.02102	0.06713	0.05002	0.01440	0.01867	0.01194	0.00648	0.00650	0.00199	0.00739	0.02733	0.00371	0.01000
5	0.00903	0.00636	0.00846	0.00973	0.01064	0.00611	0.00741	0.01096	0.01355	0.01816	0.06289	0.42586	0.06080	0.03361	0.00877	0.00273	0.00450	0.25252	0.04237	0.00554
6	0.00965	0.00730	0.00898	0.00844	0.01024	0.00699	0.00636	0.01401	0.08603	0.02507	0.58673	0.04748	0.13188	0.01313	0.00752	0.00206	0.00327	0.01148	0.00694	0.00643
7	0.01595	0.01155	0.01306	0.01169	0.01483	0.01250	0.00904	0.07124	0.38471	0.11027	0.14797	0.11882	0.02866	0.01078	0.00694	0.00218	0.00477	0.00923	0.00676	0.00904
8	0.01504	0.01354	0.02243	0.09365	0.53257	0.01373	0.01718	0.03401	0.01468	0.04067	0.01600	0.12685	0.01505	0.00805	0.00668	0.00204	0.00710	0.00763	0.00379	0.00929
9	0.00836	0.00657	0.00755	0.00731	0.00917	0.00576	0.00548	0.01068	0.01644	0.02153	0.38505	0.05548	0.40786	0.01485	0.00763	0.00211	0.00316	0.01270	0.00654	0.00576
10	0.00787	0.00562	0.00750	0.00900	0.00937	0.00525	0.00600	0.00900	0.01237	0.01649	0.03561	0.76871	0.04274	0.02024	0.00825	0.00262	0.00375	0.01837	0.00600	0.00525
11	0.01378	0.01171	0.01360	0.00975	0.01547	0.00900	0.00781	0.03971	0.01397	0.02172	0.01162	0.01347	0.00962	0.00489	0.00484	0.00099	0.00486	0.00390	0.00392	0.78538
12	0.00805	0.00564	0.00743	0.00887	0.00929	0.00528	0.00593	0.00926	0.01242	0.01683	0.03498	0.73624	0.04159	0.01969	0.00808	0.00258	0.00372	0.01783	0.04100	0.00528
13	0.01534	0.01459	0.02438	0.11852	0.59450	0.01467	0.01860	0.01915	0.01440	0.02058	0.01202	0.01591	0.01000	0.00576	0.00627	0.00186	0.00754	0.00559	0.00321	0.07710
14	0.01543	0.01478	0.02522	0.14512	0.63151	0.01521	0.01955	0.01934	0.01445	0.02043	0.01206	0.01617	0.01000	0.00586	0.00641	0.00195	0.00781	0.00575	0.00315	0.00979
15	0.02065	0.02240	0.02250	0.01826	0.02267	0.33598	0.18523	0.08424	0.15022	0.05146	0.01493	0.01618	0.01137	0.00690	0.00650	0.00193	0.00960	0.00585	0.00438	0.00875
16	0.01364	0.11903	0.57798	0.01796	0.04343	0.01666	0.02144	0.01990	0.01329	0.01945	0.01104	0.01336	0.00827	0.00649	0.00717	0.00203	0.07216	0.00472	0.00275	0.00921
17	0.01037	0.00850	0.00974	0.00841	0.01147	0.00737	0.00646	0.01412	0.07152	0.02190	0.25908	0.04131	0.26228	0.01157	0.00676	0.00180	0.00376	0.00982	0.00580	0.22795
18	0.01039	0.00742	0.00931	0.00877	0.01053	0.00726	0.00671	0.01260	0.01541	0.07279	0.29493	0.10001	0.26830	0.01720	0.07058	0.00288	0.06099	0.01160	0.00610	0.00623
19	0.75241	0.01237	0.00996	0.00875	0.01283	0.01408	0.00721	0.02004	0.01162	0.08832	0.01038	0.01146	0.00775	0.00617	0.00421	0.00200	0.00504	0.00375	0.00433	0.00733
20	0.01761	0.63289	0.03108	0.07405	0.01929	0.04684	0.01177	0.07073	0.01456	0.01723	0.00971	0.01136	0.00852	0.00581	0.00456	0.00150	0.00722	0.00384	0.00307	0.00837
21	0.01252	0.01181	0.01995	0.69726	0.10216	0.01444	0.01810	0.01679	0.01307	0.01689	0.01154	0.01712	0.00875	0.00640	0.00645	0.00213	0.00853	0.00574	0.00290	0.00743
22	0.00781	0.00644	0.00686	0.00700	0.00890	0.00549	0.00516	0.00951	0.01477	0.01813	0.12441	0.14899	0.58110	0.01655	0.00771	0.00222	0.00331	0.01404	0.00610	0.00549
23	0.00946	0.00709	0.00862	0.00805	0.00989	0.00655	0.00609	0.04199	0.01799	0.02458	0.54306	0.05009	0.21505	0.01371	0.00757	0.00206	0.00328	0.01189	0.00682	0.00616
24	0.01522	0.01516	0.02294	0.31289	0.40910	0.07627	0.01849	0.01906	0.01433	0.01890	0.01172	0.01610	0.00945	0.00610	0.00637	0.00199	0.00837	0.00562	0.00308	0.00883
25	0.00786	0.00565	0.00747	0.00892	0.00935	0.00525	0.00596	0.00901	0.01244	0.01652	0.03655	0.74661	0.06423	0.02012	0.00823	0.00261	0.00373	0.01822	0.00600	0.00525
26	0.00886	0.00681	0.00813	0.00776	0.00957	0.00619	0.00583	0.01191	0.03845	0.02318	0.49084	0.05208	0.27847	0.01411	0.00759	0.00209	0.00318	0.01219	0.00673	0.00601
27	0.05960	0.01220	0.01513	0.01196	0.01672	0.01177	0.00978	0.09731	0.13041	0.52761	0.02396	0.02122	0.01572	0.00801	0.00640	0.00202	0.00557	0.00643	0.00746	0.01071
28	0.28515	0.01204	0.01315	0.01069	0.01505	0.01229	0.00875	0.09586	0.05259	0.34498	0.07142	0.01962	0.01606	0.00774	0.00576	0.00201	0.00530	0.00587	0.00639	0.00928
29	0.00932	0.00623	0.00707	0.00715	0.00717	0.00621	0.00402	0.00938	0.00955	0.01273	0.02114	0.07966	0.02448	0.73419	0.03162	0.00608	0.00613	0.00986	0.00402	0.00398
30	0.00830	0.00657	0.00747	0.00724	0.00913	0.00574	0.00543	0.01056	0.01629	0.02117	0.35743	0.05606	0.43570	0.01498	0.00763	0.00212	0.00317	0.01278	0.00649	0.00574
31	0.02668	0.01201	0.01535	0.01188	0.01665	0.01123	0.00977	0.15842	0.02072	0.55269	0.07592	0.02272	0.01839	0.00834	0.00657	0.00199	0.00562	0.00675	0.00764	0.01063
32	0.02453	0.01893	0.01932	0.01498	0.02003	0.06770	0.01229	0.66614	0.02959	0.03909	0.01515	0.01526	0.01081	0.00768	0.00642	0.00192	0.00741	0.00571	0.00626	0.01076
33	0.01128	0.01032	0.01013	0.04022	0.01282	0.11890	0.00766	0.04149	0.01458	0.01807	0.07653	0.50101	0.07936	0.01641	0.00765	0.00236	0.00521	0.01445	0.00556	0.00597
34	0.01559	0.34331	0.39152	0.01521	0.02262	0.07383	0.01768	0.02039	0.01377	0.01792	0.01039	0.01213	0.00824	0.00592	0.00528	0.00174	0.00860	0.00418	0.00279	0.00887
35	0.01550	0.01318	0.02006	0.34535	0.14742	0.03134	0.04468	0.08525	0.01525	0.07335	0.01468	0.07496	0.01233	0.00801	0.00784	0.00216	0.06965	0.00682	0.00392	0.00825
36	0.04166	0.21151	0.36416	0.01516	0.02220	0.08801	0.01696	0.02246	0.04525	0.09681	0.01286	0.01391	0.00954	0.00635	0.00561	0.00185	0.00833	0.00465	0.00357	0.00915
37	0.00949	0.00813	0.00852	0.00917	0.01026	0.07024	0.00643	0.01108	0.01428	0.01827	0.16278	0.47582	0.13695	0.01725	0.00784	0.00237	0.00425	0.01527	0.00597	0.00563
38	0.01532	0.05770	0.28902	0.07302	0.02600	0.09282	0.14187	0.07181	0.05208	0.02099	0.01676	0.01871	0.06569	0.00722	0.00677	0.00203	0.02369	0.00615	0.00363	0.00872
39	0.01272	0.01356	0.09921	0.04883	0.19496	0.02928	0.04198	0.03382	0.03058	0.03792	0.02569	0.25073	0.09289	0.01169	0.00710	0.00219	0.00628	0.02350	0.00463	0.03244
40	0.01755	0.04114	0.01737	0.01426	0.04122	0.01011	0.12905	0.02032	0.01568	0.27230	0.02902	0.16311	0.09107	0.01162	0.00732	0.00226	0.00609	0.09625	0.00601	0.00827
41	0.01414	0.03747	0.04995	0.43919	0.20980	0.03217	0.01754	0.04740	0.03644	0.01912	0.01336	0.01757	0.02528	0.00659	0.00638	0.00205	0.00815	0.00583	0.00329	0.00829
42	0.03346	0.10099	0.16651	0.02101	0.17863	0.09862	0.06465	0.06780	0.06083	0.12457	0.01450	0.01578	0.01079	0.00653	0.00611	0.00191	0.00808	0.00543	0.00421	0.00957
43	0.07100	0.05118	0.12380	0.02014	0.12512	0.14821	0.11928	0.10352	0.06326	0.09198	0.01409	0.01556	0.01051	0.00658	0.00623	0.00194	0.00850	0.00555	0.00426	0.00929

[dist]
# distance from previous block
# <min> <max>
0	23

[block]
# block no. 2 follows, 34 sequences, length 87
# corresponding to MSA columns:
# 190-276
name=unknown_C
#
# <colnr> <probs for GDERKNQSTAVLIFYWHMCP>
#	G	D	E	R	K	N	Q	S	T	A	V	L	I	F	Y	W	H	M	C	P
0	0.06955	0.09698	0.23823	0.05826	0.09453	0.05727	0.11357	0.01991	0.01419	0.06457	0.03032	0.06568	0.01260	0.00735	0.00666	0.00202	0.02979	0.00627	0.00363	0.00861
1	0.01486	0.01605	0.11341	0.04522	0.17903	0.03004	0.14521	0.01970	0.06342	0.06950	0.04204	0.12529	0.01710	0.00900	0.00831	0.00220	0.07871	0.00810	0.00421	0.00860
2	0.01359	0.07176	0.60317	0.01802	0.02678	0.01542	0.06773	0.03520	0.01408	0.02072	0.01183	0.01397	0.00858	0.00609	0.00606	0.00198	0.00917	0.00492	0.02006	0.03087
3	0.09608	0.05353	0.27283	0.02091	0.09886	0.03649	0.19884	0.06378	0.03413	0.02271	0.03359	0.01580	0.01076	0.00627	0.00632	0.00202	0.00874	0.00576	0.00353	0.00904
4	0.01113	0.00832	0.01130	0.01029	0.01247	0.00811	0.04624	0.01432	0.04059	0.06856	0.29019	0.04946	0.22448	0.01373	0.00854	0.00228	0.05029	0.11694	0.00620	0.00657
5	0.00963	0.00675	0.00769	0.00760	0.00809	0.00680	0.00467	0.01113	0.05207	0.01497	0.08682	0.06168	0.06078	0.58819	0.04275	0.00544	0.00594	0.00987	0.00450	0.00463
6	0.19923	0.01658	0.01571	0.01304	0.01737	0.08798	0.01057	0.31577	0.13411	0.07120	0.01658	0.01812	0.01260	0.00785	0.00597	0.00201	0.00663	0.03357	0.00569	0.00943
7	0.03926	0.01323	0.02203	0.41255	0.18511	0.01468	0.08464	0.05587	0.01484	0.07678	0.01303	0.01707	0.00974	0.00639	0.00649	0.00208	0.00820	0.00593	0.00361	0.00848
8	0.00940	0.00626	0.00705	0.00705	0.00705	0.00626	0.00392	0.00940	0.00940	0.01253	0.02036	0.04228	0.02349	0.77292	0.03289	0.00626	0.00626	0.00940	0.00392	0.00392
9	0.00868	0.00659	0.00801	0.00781	0.00950	0.00592	0.00589	0.01121	0.01682	0.02264	0.46664	0.07648	0.27313	0.01463	0.00770	0.00214	0.00326	0.04043	0.00667	0.00586
10	0.01845	0.55952	0.08259	0.01282	0.01816	0.18181	0.01231	0.02083	0.01429	0.01572	0.00939	0.01089	0.00829	0.00582	0.00466	0.00149	0.00814	0.00371	0.00288	0.00821
11	0.15843	0.01439	0.02562	0.04753	0.02467	0.01511	0.36756	0.01860	0.01338	0.02149	0.01304	0.03787	0.01067	0.00706	0.00861	0.00219	0.11736	0.00668	0.08198	0.00775
12	0.00924	0.00620	0.00709	0.00724	0.00728	0.00616	0.00413	0.00936	0.00970	0.01293	0.02190	0.11570	0.02544	0.69685	0.03040	0.00590	0.00601	0.01030	0.00413	0.00405
13	0.00811	0.00652	0.00725	0.00727	0.00914	0.00566	0.00544	0.01010	0.01546	0.01956	0.22857	0.10801	0.49509	0.01589	0.00771	0.00220	0.00333	0.03283	0.00628	0.00562
14	0.01308	0.01291	0.01930	0.70268	0.04269	0.06847	0.01754	0.01720	0.01332	0.01646	0.01137	0.01681	0.00859	0.00647	0.00641	0.00212	0.00884	0.00563	0.00290	0.00720
15	0.01388	0.01380	0.01703	0.01496	0.01536	0.07957	0.01203	0.01521	0.01060	0.01512	0.01108	0.01879	0.01123	0.11568	0.09456	0.00394	0.52137	0.00615	0.00308	0.00656
16	0.00780	0.00639	0.00687	0.00709	0.00891	0.00547	0.00519	0.00946	0.01462	0.01797	0.11368	0.18042	0.56021	0.01677	0.00774	0.00224	0.00334	0.01428	0.00609	0.00547
17	0.00787	0.00562	0.00750	0.00900	0.00937	0.00525	0.00600	0.00900	0.01237	0.01649	0.03561	0.76871	0.04274	0.02024	0.00825	0.00262	0.00375	0.01837	0.00600	0.00525
18	0.01226	0.01157	0.01939	0.73401	0.04363	0.01453	0.01782	0.01648	0.01282	0.01648	0.01139	0.01713	0.00861	0.00661	0.00693	0.00217	0.03237	0.00574	0.00287	0.00717
19	0.79110	0.01244	0.00969	0.00860	0.01263	0.01432	0.00708	0.01943	0.01126	0.05362	0.00957	0.01090	0.00731	0.00607	0.00409	0.00200	0.00502	0.00360	0.00414	0.00714
20	0.01309	0.00766	0.00940	0.00848	0.01098	0.00680	0.00653	0.01577	0.03182	0.17917	0.30144	0.08114	0.27580	0.01337	0.00739	0.00211	0.00374	0.01143	0.00687	0.00701
21	0.01296	0.03342	0.73944	0.01842	0.02797	0.01501	0.02387	0.02046	0.01364	0.02046	0.01160	0.01364	0.00818	0.00614	0.00614	0.00205	0.00955	0.00477	0.00273	0.00955
22	0.02386	0.01754	0.01877	0.01450	0.01950	0.01942	0.01195	0.66528	0.05182	0.03971	0.01605	0.01609	0.01146	0.00778	0.00640	0.00193	0.00690	0.00587	0.03438	0.01079
23	0.01495	0.01405	0.02329	0.21017	0.49418	0.01461	0.01822	0.03370	0.01450	0.02033	0.01250	0.03143	0.01048	0.00621	0.00636	0.00193	0.00764	0.00590	0.00328	0.05626
24	0.01725	0.60023	0.13668	0.01264	0.01857	0.08859	0.01308	0.02009	0.01367	0.01603	0.00946	0.01096	0.00828	0.00572	0.00459	0.00151	0.00772	0.00371	0.00281	0.00841
25	0.01546	0.01481	0.02526	0.14050	0.63594	0.01521	0.01956	0.01936	0.01446	0.02046	0.01206	0.01617	0.01001	0.00586	0.00641	0.00195	0.00781	0.00575	0.00315	0.00981
26	0.02306	0.02875	0.01811	0.01640	0.01960	0.65821	0.01240	0.02594	0.06981	0.01663	0.01112	0.01269	0.00917	0.00704	0.00662	0.00176	0.04702	0.00447	0.00354	0.00767
27	0.00914	0.00660	0.00864	0.00813	0.00965	0.00610	0.00610	0.01219	0.01829	0.02591	0.72921	0.04827	0.06097	0.01321	0.00762	0.00203	0.00305	0.01169	0.00711	0.00610
28	0.01220	0.01148	0.01938	0.75739	0.04450	0.01436	0.01794	0.01651	0.01292	0.01651	0.01148	0.01723	0.00861	0.00646	0.00646	0.00215	0.00861	0.00574	0.00287	0.00718
29	0.00925	0.00660	0.00887	0.00893	0.00957	0.00721	0.00625	0.01054	0.01004	0.01402	0.01928	0.06072	0.02025	0.35186	0.41899	0.00836	0.01215	0.00840	0.00375	0.00497
30	0.06813	0.01155	0.01869	0.70545	0.04228	0.01437	0.01719	0.01668	0.01279	0.01737	0.01131	0.01676	0.00850	0.00643	0.00629	0.00214	0.00836	0.00559	0.00295	0.00717
31	0.01047	0.00759	0.00956	0.00871	0.01054	0.00729	0.00663	0.07217	0.01933	0.02718	0.66796	0.04545	0.05668	0.01274	0.00752	0.00202	0.00340	0.01118	0.00706	0.00652
32	0.01203	0.00832	0.01011	0.01000	0.01196	0.00845	0.00769	0.01781	0.16660	0.07065	0.20420	0.20702	0.05627	0.01388	0.00744	0.00231	0.00425	0.11175	0.06220	0.00708
33	0.01520	0.01729	0.03737	0.02681	0.03308	0.01648	0.68052	0.02049	0.01503	0.02049	0.01288	0.01729	0.00975	0.00569	0.00818	0.00221	0.04180	0.00754	0.00325	0.00865
34	0.00794	0.00579	0.00734	0.00854	0.00914	0.00534	0.00572	0.00906	0.01250	0.01637	0.03865	0.62788	0.13368	0.06747	0.00973	0.00280	0.00384	0.01716	0.00587	0.00519
35	0.00786	0.00569	0.00743	0.00883	0.00933	0.00526	0.00592	0.00902	0.01253	0.01656	0.03768	0.71970	0.09040	0.01997	0.00820	0.00259	0.00372	0.01804	0.00600	0.00526
36	0.02543	0.01021	0.01385	0.01089	0.01527	0.00889	0.00889	0.02803	0.01846	0.60946	0.15178	0.02671	0.02407	0.00893	0.00670	0.00201	0.00506	0.00743	0.00784	0.01012
37	0.01120	0.00708	0.00918	0.00869	0.01057	0.00645	0.00666	0.01391	0.01728	0.10304	0.48450	0.10170	0.11815	0.01379	0.00764	0.00216	0.00361	0.06095	0.00694	0.00651
38	0.00856	0.00713	0.00757	0.00761	0.00968	0.00646	0.00569	0.01174	0.07789	0.01870	0.09336	0.13412	0.54098	0.01597	0.00764	0.00224	0.00354	0.02911	0.00611	0.00591
39	0.01017	0.00735	0.01007	0.01139	0.01293	0.00725	0.00987	0.01305	0.01497	0.01940	0.05809	0.07133	0.08910	0.01760	0.00879	0.00289	0.00566	0.61820	0.00599	0.00592
40	0.01689	0.66890	0.08137	0.01172	0.01739	0.02413	0.01188	0.02053	0.06545	0.01644	0.01044	0.01161	0.00913	0.00581	0.00446	0.00149	0.00696	0.00383	0.00304	0.00852
41	0.02377	0.02931	0.01819	0.01638	0.01983	0.67332	0.01237	0.06269	0.05256	0.01768	0.01106	0.01245	0.00901	0.00682	0.00590	0.00170	0.01110	0.00440	0.00365	0.00781
42	0.00829	0.00660	0.00755	0.00812	0.00986	0.00586	0.00630	0.01014	0.01439	0.01772	0.05387	0.17445	0.46918	0.01730	0.00802	0.00243	0.00394	0.16445	0.00599	0.00553
43	0.73236	0.06547	0.01156	0.03712	0.01399	0.01526	0.00769	0.01892	0.01122	0.02756	0.00909	0.01074	0.00715	0.00598	0.00410	0.00196	0.00527	0.00358	0.00387	0.00709
44	0.01296	0.03342	0.73944	0.01842	0.02797	0.01501	0.02387	0.02046	0.01364	0.02046	0.01160	0.01364	0.00818	0.00614	0.00614	0.00205	0.00955	0.00477	0.00273	0.00955
45	0.00767	0.00643	0.00666	0.00685	0.00881	0.00543	0.00504	0.00924	0.01444	0.01734	0.06175	0.14986	0.64471	0.01685	0.00771	0.00224	0.00333	0.01422	0.00600	0.00543
46	0.01726	0.72106	0.06722	0.01151	0.01722	0.02491	0.01170	0.03781	0.01361	0.01613	0.00928	0.01066	0.00836	0.00562	0.00430	0.00143	0.00704	0.00358	0.00286	0.00842
47	0.01301	0.08677	0.64462	0.01722	0.02603	0.01525	0.02185	0.01980	0.01376	0.02012	0.03211	0.01586	0.03261	0.00661	0.00608	0.00200	0.00898	0.00514	0.00295	0.00923
48	0.01820	0.22956	0.25470	0.01495	0.02141	0.06204	0.01554	0.21088	0.07061	0.02480	0.01295	0.01392	0.00984	0.00664	0.00570	0.00182	0.00796	0.00485	0.00408	0.00953
49	0.00787	0.00562	0.00750	0.00900	0.00937	0.00525	0.00600	0.00900	0.01237	0.01649	0.03561	0.76871	0.04274	0.02024	0.00825	0.00262	0.00375	0.01837	0.00600	0.00525
50	0.00926	0.00681	0.00982	0.00982	0.01077	0.00777	0.00737	0.01117	0.01022	0.01458	0.01783	0.02826	0.01740	0.17156	0.62592	0.00968	0.01543	0.00734	0.00354	0.00545
51	0.02033	0.08203	0.19265	0.01760	0.05375	0.46268	0.01537	0.02410	0.04111	0.01752	0.01097	0.01267	0.00877	0.00649	0.00584	0.00177	0.01041	0.00444	0.00325	0.00826
52	0.00882	0.00657	0.00832	0.00947	0.01023	0.00649	0.00648	0.01191	0.09390	0.01771	0.03454	0.68303	0.04009	0.01892	0.00805	0.00257	0.00391	0.01710	0.00606	0.00582
53	0.00785	0.00601	0.00720	0.00805	0.00915	0.00537	0.00560	0.00925	0.01352	0.01730	0.07981	0.47323	0.29751	0.01847	0.00799	0.00243	0.00354	0.01630	0.00605	0.00537
54	0.01063	0.00870	0.01166	0.01137	0.01360	0.00864	0.05682	0.01568	0.12704	0.02014	0.06788	0.13675	0.20283	0.01526	0.00802	0.00252	0.00514	0.26476	0.00593	0.00663
55	0.06688	0.00609	0.00840	0.00848	0.00880	0.00619	0.00575	0.00921	0.00899	0.01299	0.01352	0.09434	0.01410	0.02108	0.02207	0.67443	0.00538	0.00675	0.00321	0.00334
56	0.02254	0.01688	0.01884	0.01593	0.06850	0.01844	0.01221	0.60047	0.02810	0.03777	0.05857	0.01891	0.03618	0.00820	0.00656	0.00195	0.00679	0.00640	0.00626	0.01048
57	0.00834	0.00592	0.00784	0.00921	0.00970	0.00563	0.00640	0.00961	0.01244	0.01652	0.03409	0.61272	0.04031	0.08592	0.01050	0.00299	0.00426	0.10656	0.00581	0.00522
58	0.04929	0.02193	0.07590	0.04717	0.25876	0.25509	0.13768	0.04134	0.01616	0.01998	0.01152	0.01446	0.00924	0.00611	0.00632	0.00190	0.00958	0.00541	0.00333	0.00883
59	0.01572	0.01513	0.02546	0.05786	0.64915	0.01572	0.01927	0.01935	0.01423	0.02048	0.01181	0.01586	0.01003	0.00627	0.00772	0.00201	0.07515	0.00575	0.00316	0.00987
60	0.01220	0.01148	0.01938	0.75739	0.04450	0.01436	0.01794	0.01651	0.01292	0.01651	0.01148	0.01723	0.00861	0.00646	0.00646	0.00215	0.00861	0.00574	0.00287	0.00718
61	0.00836	0.00657	0.00757	0.00752	0.00933	0.00578	0.00567	0.01057	0.01599	0.02073	0.31572	0.08932	0.41069	0.01541	0.00772	0.00218	0.00334	0.04542	0.00642	0.00571
62	0.00989	0.00756	0.01074	0.01056	0.01146	0.00889	0.00815	0.01183	0.01057	0.01520	0.01813	0.03001	0.01793	0.14834	0.50084	0.00830	0.08921	0.05445	0.02228	0.00564
63	0.01727	0.77681	0.03386	0.01106	0.01658	0.02557	0.01106	0.01935	0.01313	0.01520	0.00898	0.01036	0.00829	0.00553	0.00415	0.00138	0.00691	0.00345	0.00276	0.00829
64	0.01517	0.01451	0.02474	0.19595	0.58278	0.01514	0.01942	0.01911	0.01432	0.02011	0.01201	0.01626	0.00988	0.00591	0.00641	0.00197	0.00788	0.00575	0.00313	0.00957
65	0.01308	0.05410	0.71981	0.01821	0.02765	0.01530	0.02352	0.02043	0.01363	0.02032	0.01152	0.01355	0.00819	0.00612	0.00608	0.00203	0.00948	0.00474	0.00273	0.00951
66	0.01756	0.01101	0.01352	0.01002	0.01526	0.00869	0.00807	0.02033	0.01519	0.22583	0.06526	0.01827	0.01497	0.00629	0.00547	0.00133	0.00487	0.00514	0.00525	0.52768
67	0.01854	0.01862	0.01641	0.01419	0.01740	0.28598	0.05208	0.05979	0.08786	0.07289	0.06832	0.04364	0.05867	0.04148	0.00854	0.00215	0.05399	0.03053	0.00477	0.04416
68	0.00910	0.00660	0.00857	0.00808	0.00962	0.00608	0.00606	0.01210	0.01818	0.02565	0.70839	0.04870	0.08195	0.01331	0.00762	0.00204	0.00306	0.01175	0.00708	0.00608
69	0.01220	0.01148	0.01938	0.75739	0.04450	0.01436	0.01794	0.01651	0.01292	0.01651	0.01148	0.01723	0.00861	0.00646	0.00646	0.00215	0.00861	0.00574	0.00287	0.00718
70	0.00968	0.00805	0.00867	0.00842	0.01075	0.00775	0.00649	0.01484	0.15291	0.02059	0.14487	0.05364	0.45319	0.01456	0.00752	0.00222	0.00379	0.05932	0.00626	0.00651
71	0.01525	0.01743	0.03813	0.02723	0.03377	0.01634	0.70915	0.02070	0.01525	0.02070	0.01307	0.01743	0.00980	0.00545	0.00763	0.00218	0.01089	0.00763	0.00327	0.00871
72	0.02703	0.01133	0.01489	0.01162	0.01639	0.01029	0.00953	0.05978	0.07080	0.62583	0.05412	0.02296	0.01791	0.00826	0.00655	0.00201	0.00544	0.00674	0.00779	0.01074
73	0.00849	0.00658	0.00772	0.00744	0.00925	0.00582	0.00558	0.01092	0.01673	0.02221	0.43909	0.05435	0.35339	0.01459	0.00763	0.00210	0.00315	0.01254	0.00663	0.00582
74	0.00940	0.00626	0.00705	0.00705	0.00705	0.00626	0.00392	0.00940	0.00940	0.01253	0.02036	0.04228	0.02349	0.77292	0.03289	0.00626	0.00626	0.00940	0.00392	0.00392
75	0.01322	0.00637	0.00664	0.00640	0.00815	0.00626	0.00486	0.01620	0.01389	0.07354	0.02138	0.02394	0.01652	0.00756	0.00465	0.00154	0.00318	0.00606	0.75325	0.00637
76	0.00787	0.00562	0.00750	0.00900	0.00937	0.00525	0.00600	0.00900	0.01237	0.01649	0.03561	0.76871	0.04274	0.02024	0.00825	0.00262	0.00375	0.01837	0.00600	0.00525
77	0.01703	0.01367	0.01464	0.01303	0.01678	0.01559	0.01017	0.03412	0.66906	0.07948	0.02624	0.02395	0.01945	0.00871	0.00657	0.00218	0.00514	0.00725	0.00668	0.01028
78	0.01594	0.01551	0.02711	0.03874	0.68100	0.01543	0.07075	0.01989	0.01475	0.02108	0.01222	0.01610	0.01020	0.00573	0.00649	0.00194	0.00791	0.00590	0.00320	0.01012
79	0.00911	0.00615	0.00713	0.00741	0.00748	0.00608	0.00430	0.00932	0.00995	0.01326	0.02319	0.17700	0.02706	0.63333	0.02832	0.00559	0.00580	0.01106	0.00430	0.00416
80	0.01481	0.01665	0.03608	0.02599	0.03213	0.01573	0.65737	0.02002	0.01489	0.02028	0.01338	0.01802	0.01027	0.00862	0.06226	0.00278	0.01137	0.00757	0.00328	0.00850
81	0.01800	0.58100	0.09104	0.01236	0.01795	0.08835	0.01224	0.03914	0.03682	0.03684	0.01048	0.01166	0.00894	0.00591	0.00467	0.00152	0.00747	0.00390	0.00318	0.00854
82	0.01458	0.35947	0.37412	0.01441	0.02159	0.01901	0.01690	0.01936	0.01376	0.01854	0.06345	0.01475	0.01213	0.00639	0.00537	0.00175	0.00790	0.00470	0.00307	0.00874
83	0.01663	0.25025	0.32790	0.01514	0.02190	0.10891	0.01655	0.08545	0.03785	0.02033	0.01317	0.01448	0.03188	0.00658	0.00560	0.00180	0.00846	0.00477	0.00339	0.00895
84	0.03568	0.03750	0.11543	0.01474	0.03388	0.06177	0.09978	0.07316	0.04558	0.03578	0.16862	0.03080	0.04489	0.02733	0.00794	0.00220	0.03061	0.08365	0.02131	0.02934
85	0.13878	0.11433	0.08834	0.01334	0.03304	0.09998	0.01152	0.12950	0.15054	0.05617	0.03942	0.01829	0.04247	0.00752	0.00575	0.00189	0.00674	0.00564	0.00484	0.03192
86	0.01689	0.06068	0.18875	0.03529	0.03430	0.04294	0.01388	0.18019	0.13953	0.05959	0.03835	0.06757	0.03510	0.00985	0.02610	0.00228	0.00730	0.02714	0.00506	0.00919

[dist]
# distance from previous block
# <min> <max>
1	21

[block]
# block no. 3 follows, 34 sequences, length 66
# corresponding to MSA columns:
# 298-363
name=unknown_D
#
# <colnr> <probs for GDERKNQSTAVLIFYWHMCP>
#	G	D	E	R	K	N	Q	S	T	A	V	L	I	F	Y	W	H	M	C	P
0	0.01667	0.40739	0.10090	0.01311	0.03729	0.06074	0.01217	0.09226	0.05216	0.01929	0.01439	0.01630	0.04253	0.02478	0.06259	0.00240	0.00802	0.00499	0.00361	0.00841
1	0.05786	0.13731	0.31791	0.01571	0.05841	0.05151	0.01604	0.08317	0.01554	0.02224	0.05983	0.01549	0.01224	0.00651	0.00569	0.00178	0.00767	0.00498	0.00363	0.10649
2	0.02782	0.01124	0.01502	0.01147	0.01652	0.00975	0.00946	0.05056	0.01851	0.66902	0.02427	0.02123	0.01542	0.00778	0.00638	0.00193	0.00550	0.00630	0.00768	0.06415
3	0.01600	0.01294	0.01389	0.01247	0.01601	0.01453	0.00980	0.06593	0.55006	0.05832	0.02986	0.02968	0.08820	0.00987	0.00679	0.00221	0.00510	0.04218	0.00655	0.00963
4	0.03376	0.05493	0.05554	0.13582	0.17224	0.01556	0.18789	0.04286	0.05130	0.04717	0.01609	0.03851	0.04339	0.00741	0.00783	0.00212	0.06838	0.00679	0.00378	0.00864
5	0.01675	0.01503	0.01936	0.02120	0.21713	0.05503	0.05912	0.15179	0.19464	0.02536	0.02240	0.06440	0.07234	0.00889	0.00677	0.00208	0.00675	0.02647	0.00512	0.00935
6	0.00804	0.00575	0.00769	0.00919	0.00964	0.00540	0.00630	0.00929	0.01254	0.01669	0.03552	0.72171	0.04236	0.02008	0.00829	0.00265	0.00390	0.06367	0.00599	0.00530
7	0.00971	0.00840	0.04938	0.01064	0.01253	0.00713	0.00924	0.01258	0.01510	0.02001	0.15925	0.14633	0.11899	0.01650	0.00832	0.00263	0.00507	0.37617	0.00599	0.00603
8	0.04437	0.01481	0.01832	0.03699	0.10761	0.05617	0.02977	0.16170	0.07866	0.07795	0.02952	0.03886	0.01372	0.05950	0.01193	0.00249	0.19781	0.00652	0.00466	0.00863
9	0.01652	0.00956	0.01147	0.01013	0.01307	0.00921	0.00783	0.11787	0.05514	0.21477	0.08860	0.21238	0.16152	0.01297	0.00718	0.00218	0.00461	0.01108	0.02593	0.00800
10	0.00788	0.00652	0.00692	0.00690	0.00890	0.00555	0.00514	0.00972	0.01519	0.01875	0.16900	0.09023	0.59491	0.01603	0.00766	0.00218	0.00326	0.01353	0.00618	0.00555
11	0.01489	0.01673	0.03593	0.11292	0.03503	0.01611	0.62803	0.02021	0.01498	0.02021	0.01289	0.01741	0.00966	0.00557	0.00749	0.00218	0.01063	0.00740	0.00322	0.00853
12	0.02376	0.03017	0.01837	0.01666	0.01986	0.71977	0.01255	0.02542	0.01800	0.01580	0.00993	0.01175	0.00833	0.00683	0.00640	0.00171	0.03969	0.00422	0.00331	0.00747
13	0.01727	0.77681	0.03386	0.01106	0.01658	0.02557	0.01106	0.01935	0.01313	0.01520	0.00898	0.01036	0.00829	0.00553	0.00415	0.00138	0.00691	0.00345	0.00276	0.00829
14	0.01587	0.01222	0.01422	0.01033	0.01595	0.01001	0.00833	0.09846	0.01576	0.07722	0.01301	0.01429	0.01022	0.00537	0.00511	0.00115	0.00511	0.00426	0.00445	0.65865
15	0.02481	0.01771	0.01915	0.01468	0.01984	0.01946	0.01213	0.67373	0.02973	0.07899	0.01606	0.01587	0.01126	0.00777	0.00647	0.00194	0.00702	0.00585	0.00655	0.01099
16	0.02580	0.01110	0.01467	0.01110	0.01625	0.00932	0.00912	0.02838	0.01745	0.59078	0.02263	0.02024	0.01468	0.00734	0.00615	0.00179	0.00535	0.00595	0.00715	0.17475
17	0.01339	0.10765	0.66899	0.01768	0.02683	0.01606	0.02259	0.02035	0.01359	0.01994	0.01133	0.01331	0.00820	0.00608	0.00594	0.00198	0.00929	0.00464	0.00273	0.00942
18	0.00945	0.00699	0.00886	0.00833	0.00999	0.00660	0.00626	0.01324	0.05536	0.02561	0.66356	0.04758	0.08742	0.01311	0.00757	0.00205	0.00317	0.01154	0.00704	0.00629
19	0.01220	0.01148	0.01938	0.75739	0.04450	0.01436	0.01794	0.01651	0.01292	0.01651	0.01148	0.01723	0.00861	0.00646	0.00646	0.00215	0.00861	0.00574	0.00287	0.00718
20	0.01220	0.01148	0.01938	0.75739	0.04450	0.01436	0.01794	0.01651	0.01292	0.01651	0.01148	0.01723	0.00861	0.00646	0.00646	0.00215	0.00861	0.00574	0.00287	0.00718
21	0.02899	0.01100	0.01499	0.01150	0.01649	0.00950	0.00950	0.03149	0.01849	0.73709	0.02549	0.02199	0.01599	0.00800	0.00650	0.00200	0.00550	0.00650	0.00800	0.01100
22	0.02659	0.01187	0.01512	0.01186	0.01663	0.01117	0.00971	0.09502	0.10282	0.56876	0.02454	0.02169	0.01598	0.00805	0.00645	0.00200	0.00554	0.00652	0.02889	0.01077
23	0.01012	0.00723	0.01007	0.01156	0.01292	0.00718	0.00990	0.01287	0.01458	0.01901	0.03437	0.15406	0.03783	0.01813	0.00885	0.00293	0.00569	0.61088	0.00596	0.00587
24	0.00927	0.00598	0.00799	0.00916	0.00984	0.00553	0.00623	0.01049	0.01278	0.06429	0.03494	0.71918	0.04096	0.01943	0.00813	0.00258	0.00386	0.01758	0.00613	0.00563
25	0.02414	0.03079	0.01831	0.01665	0.01998	0.74698	0.01248	0.02580	0.01831	0.01581	0.00999	0.01165	0.00832	0.00666	0.00583	0.00166	0.01165	0.00416	0.00333	0.00749
26	0.00797	0.00588	0.00750	0.00874	0.00948	0.00540	0.00606	0.00928	0.01291	0.01681	0.04057	0.61118	0.15847	0.01946	0.00818	0.00257	0.00379	0.05443	0.00600	0.00532
27	0.00993	0.00710	0.00875	0.00801	0.01011	0.00626	0.00607	0.01262	0.01716	0.05410	0.49960	0.04801	0.20872	0.01315	0.00739	0.00199	0.00332	0.01139	0.00668	0.05964
28	0.02036	0.11317	0.02020	0.08309	0.05295	0.36036	0.01278	0.12888	0.01823	0.02020	0.03179	0.04227	0.01160	0.00758	0.00679	0.00184	0.05057	0.00537	0.00388	0.00808
29	0.01884	0.09314	0.01718	0.01376	0.01705	0.32044	0.01073	0.08569	0.15594	0.02105	0.06467	0.09731	0.01872	0.00924	0.00633	0.00193	0.00794	0.02719	0.00480	0.00805
30	0.08806	0.09035	0.06464	0.08246	0.23058	0.11712	0.01456	0.10321	0.01625	0.02245	0.01151	0.01396	0.00925	0.00609	0.00570	0.00175	0.00769	0.00483	0.00366	0.10589
31	0.07140	0.04121	0.01745	0.03380	0.11063	0.15325	0.03751	0.03995	0.07090	0.12738	0.07373	0.07508	0.01823	0.00885	0.00721	0.00202	0.04845	0.02716	0.00491	0.03088
32	0.01645	0.01407	0.01482	0.01323	0.01695	0.01625	0.01032	0.06473	0.68993	0.02764	0.02581	0.02372	0.01933	0.00872	0.00657	0.00218	0.00520	0.00724	0.00657	0.01026
33	0.01280	0.01285	0.02417	0.38050	0.07337	0.01382	0.24019	0.01703	0.01378	0.01814	0.01632	0.09555	0.03684	0.00784	0.00706	0.00220	0.00862	0.00791	0.00344	0.00759
34	0.07138	0.03833	0.06000	0.01374	0.04216	0.16630	0.01106	0.11908	0.01683	0.06127	0.01350	0.05517	0.01137	0.00712	0.00630	0.00165	0.03937	0.00530	0.00430	0.25578
35	0.00957	0.00754	0.01033	0.01011	0.01098	0.00859	0.00762	0.01132	0.01152	0.01613	0.08705	0.13027	0.07999	0.12671	0.33873	0.00645	0.10758	0.00956	0.00431	0.00564
36	0.00765	0.00648	0.00661	0.00671	0.00877	0.00544	0.00498	0.00925	0.01457	0.01739	0.06348	0.10904	0.68441	0.01662	0.00768	0.00221	0.00330	0.01395	0.00600	0.00544
37	0.00841	0.00594	0.00776	0.00896	0.00942	0.00566	0.00612	0.00961	0.01236	0.01648	0.05639	0.55901	0.03975	0.13841	0.01218	0.00321	0.00435	0.08513	0.00570	0.00514
38	0.01296	0.03342	0.73944	0.01842	0.02797	0.01501	0.02387	0.02046	0.01364	0.02046	0.01160	0.01364	0.00818	0.00614	0.00614	0.00205	0.00955	0.00477	0.00273	0.00955
39	0.01220	0.01148	0.01938	0.75739	0.04450	0.01436	0.01794	0.01651	0.01292	0.01651	0.01148	0.01723	0.00861	0.00646	0.00646	0.00215	0.00861	0.00574	0.00287	0.00718
40	0.02666	0.01128	0.01487	0.01158	0.01625	0.01027	0.00951	0.09599	0.01937	0.60049	0.06808	0.02311	0.01831	0.00966	0.03148	0.00228	0.00590	0.00677	0.00764	0.01051
41	0.01220	0.01148	0.01938	0.75739	0.04450	0.01436	0.01794	0.01651	0.01292	0.01651	0.01148	0.01723	0.00861	0.00646	0.00646	0.00215	0.00861	0.00574	0.00287	0.00718
42	0.01727	0.77681	0.03386	0.01106	0.01658	0.02557	0.01106	0.01935	0.01313	0.01520	0.00898	0.01036	0.00829	0.00553	0.00415	0.00138	0.00691	0.00345	0.00276	0.00829
43	0.01031	0.00825	0.00947	0.00885	0.01064	0.04011	0.00667	0.01442	0.07191	0.02531	0.62494	0.04516	0.07382	0.01266	0.00746	0.00203	0.00360	0.01107	0.00687	0.00646
44	0.02437	0.02909	0.01824	0.01631	0.01983	0.66631	0.01234	0.07233	0.01913	0.04837	0.01102	0.01236	0.00883	0.00679	0.00590	0.00170	0.01108	0.00437	0.00374	0.00788
45	0.09802	0.01151	0.01608	0.01265	0.01682	0.01084	0.11694	0.06534	0.03308	0.17808	0.03630	0.08248	0.07058	0.05364	0.03241	0.00244	0.00634	0.00767	0.00531	0.14348
46	0.00838	0.00657	0.00757	0.00732	0.00918	0.00577	0.00549	0.01071	0.01648	0.02161	0.39173	0.05534	0.40113	0.01481	0.00763	0.00211	0.00316	0.01268	0.00655	0.00577
47	0.02359	0.02965	0.01806	0.01641	0.01976	0.69762	0.01233	0.02638	0.06577	0.01657	0.01109	0.01249	0.00909	0.00680	0.00588	0.00170	0.01121	0.00437	0.00355	0.00768
48	0.01220	0.01148	0.01938	0.75739	0.04450	0.01436	0.01794	0.01651	0.01292	0.01651	0.01148	0.01723	0.00861	0.00646	0.00646	0.00215	0.00861	0.00574	0.00287	0.00718
49	0.01220	0.01148	0.01938	0.75739	0.04450	0.01436	0.01794	0.01651	0.01292	0.01651	0.01148	0.01723	0.00861	0.00646	0.00646	0.00215	0.00861	0.00574	0.00287	0.00718
50	0.00911	0.00605	0.00778	0.00875	0.00954	0.00557	0.00594	0.01029	0.01275	0.05593	0.03709	0.60745	0.11007	0.06910	0.00972	0.00279	0.00396	0.01664	0.00597	0.00550
51	0.00865	0.00659	0.00795	0.00761	0.00935	0.00589	0.00571	0.01123	0.01712	0.02314	0.51140	0.05283	0.28050	0.01424	0.00763	0.00208	0.00312	0.01233	0.00675	0.00589
52	0.00925	0.00686	0.01005	0.01005	0.01109	0.00790	0.00766	0.01132	0.01029	0.01475	0.01761	0.02707	0.01688	0.12069	0.67608	0.00997	0.01621	0.00717	0.00351	0.00558
53	0.02263	0.01714	0.01830	0.01448	0.01930	0.01914	0.01181	0.55733	0.18727	0.03761	0.01796	0.01747	0.01297	0.00799	0.00649	0.00200	0.00666	0.00616	0.00649	0.01082
54	0.01295	0.01224	0.02072	0.61650	0.17958	0.01455	0.01831	0.01716	0.01327	0.01741	0.01162	0.01698	0.00893	0.00632	0.00645	0.00211	0.00843	0.00575	0.00294	0.00778
55	0.00885	0.00698	0.00803	0.00770	0.00963	0.00636	0.00579	0.01210	0.05530	0.02218	0.39307	0.05318	0.35858	0.01438	0.00757	0.00211	0.00326	0.01232	0.00658	0.00604
