[name]
unknown

[dist]
# distance from previous block
# <min> <max>
0	37

[block]
# block no. 0 follows, 32 sequences, length 40
# corresponding to MSA columns:
# 37-76
name=unknown_A
#
# <colnr> <probs for GDERKNQSTAVLIFYWHMCP>
#	G	D	E	R	K	N	Q	S	T	A	V	L	I	F	Y	W	H	M	C	P
0	0.00879	0.00685	0.00808	0.00841	0.01018	0.00614	0.00648	0.01099	0.01584	0.02026	0.20099	0.14655	0.37912	0.01702	0.00823	0.00243	0.00388	0.12742	0.00647	0.00587
1	0.00947	0.00685	0.00949	0.00967	0.01045	0.00754	0.00696	0.01107	0.01074	0.01505	0.02100	0.11452	0.02200	0.24259	0.46201	0.00870	0.01323	0.00924	0.00402	0.00540
2	0.01584	0.01810	0.03959	0.02828	0.03507	0.01697	0.69796	0.02149	0.01584	0.02149	0.01357	0.01810	0.01018	0.00566	0.00792	0.00226	0.01131	0.00792	0.00339	0.00905
3	0.01391	0.01193	0.01391	0.00994	0.01590	0.00894	0.00795	0.01690	0.01391	0.02186	0.01193	0.01391	0.00994	0.00497	0.00497	0.00099	0.00497	0.00398	0.00398	0.80521
4	0.01669	0.01441	0.01517	0.01365	0.01745	0.01669	0.01062	0.03565	0.71021	0.02807	0.02731	0.02503	0.02048	0.00910	0.00683	0.00228	0.00531	0.00759	0.00683	0.01062
5	0.01766	0.70470	0.06351	0.01255	0.01850	0.02567	0.04294	0.02020	0.01375	0.01626	0.00963	0.01123	0.00868	0.00576	0.00455	0.00150	0.00747	0.00384	0.00289	0.00868
6	0.00827	0.00674	0.00731	0.00732	0.00931	0.00578	0.00543	0.01022	0.01586	0.01984	0.19791	0.11313	0.53626	0.01663	0.00797	0.00227	0.00339	0.01411	0.00647	0.00578
7	0.00950	0.00686	0.00897	0.00844	0.01002	0.00633	0.00633	0.01266	0.01899	0.02691	0.71879	0.05012	0.06331	0.01372	0.00791	0.00211	0.00317	0.01213	0.00739	0.00633
8	0.00815	0.00595	0.00767	0.00905	0.00966	0.00547	0.00610	0.00938	0.01312	0.01724	0.04050	0.68080	0.12112	0.02056	0.00849	0.00267	0.00384	0.01852	0.00623	0.00547
9	0.02914	0.01121	0.01526	0.01177	0.01680	0.00970	0.00970	0.03176	0.01919	0.69426	0.05883	0.02411	0.01879	0.00856	0.00680	0.00208	0.00559	0.00700	0.00826	0.01118
10	0.01661	0.01594	0.02724	0.04119	0.72233	0.01594	0.02059	0.02059	0.01528	0.02192	0.01262	0.01661	0.01063	0.00598	0.00664	0.00199	0.00797	0.00598	0.00332	0.01063
11	0.00955	0.00689	0.00904	0.00859	0.01018	0.00639	0.00651	0.01271	0.01886	0.02664	0.69217	0.05112	0.06235	0.01391	0.00797	0.00215	0.00328	0.03804	0.00734	0.00633
12	0.01661	0.01594	0.02724	0.04119	0.72233	0.01594	0.02059	0.02059	0.01528	0.02192	0.01262	0.01661	0.01063	0.00598	0.00664	0.00199	0.00797	0.00598	0.00332	0.01063
13	0.81159	0.01298	0.00986	0.00882	0.01298	0.01505	0.00727	0.01972	0.01142	0.03010	0.00934	0.01090	0.00727	0.00623	0.00415	0.00208	0.00519	0.00363	0.00415	0.00727
14	0.00966	0.00687	0.00919	0.00919	0.00984	0.00752	0.00640	0.01096	0.01031	0.01440	0.01943	0.03442	0.02028	0.37835	0.41436	0.00882	0.01270	0.00837	0.00381	0.00511
15	0.01802	0.01436	0.01612	0.01189	0.01764	0.01315	0.00965	0.25900	0.02016	0.02910	0.01341	0.01469	0.01046	0.00606	0.00559	0.00136	0.00582	0.00471	0.00495	0.52385
16	0.02696	0.01242	0.01588	0.01206	0.01739	0.01108	0.00992	0.11302	0.01990	0.53009	0.02288	0.02059	0.01491	0.00774	0.00646	0.00190	0.00580	0.00622	0.00742	0.13738
17	0.01166	0.00583	0.00874	0.00874	0.00874	0.00583	0.00583	0.00874	0.00874	0.01166	0.01166	0.02040	0.01166	0.02331	0.02622	0.80478	0.00583	0.00583	0.00291	0.00291
18	0.01391	0.01193	0.01391	0.00994	0.01590	0.00894	0.00795	0.01690	0.01391	0.02186	0.01193	0.01391	0.00994	0.00497	0.00497	0.00099	0.00497	0.00398	0.00398	0.80521
19	0.02950	0.01239	0.01618	0.01240	0.01762	0.01131	0.01024	0.12099	0.02084	0.63638	0.02510	0.02195	0.01592	0.00827	0.00674	0.00207	0.00593	0.00665	0.00809	0.01142
20	0.01063	0.00759	0.01060	0.01215	0.01361	0.00756	0.01049	0.01358	0.01527	0.01987	0.03563	0.12340	0.03902	0.01871	0.00922	0.00306	0.00602	0.63127	0.00618	0.00613
21	0.00834	0.00681	0.00736	0.00722	0.00931	0.00584	0.00542	0.01041	0.01625	0.02040	0.23632	0.06084	0.54985	0.01615	0.00793	0.00223	0.00334	0.01364	0.00653	0.00584
22	0.00840	0.00682	0.00744	0.00729	0.00935	0.00586	0.00547	0.01053	0.01640	0.02074	0.26185	0.06027	0.52410	0.01602	0.00793	0.00222	0.00333	0.01356	0.00658	0.00586
23	0.01391	0.01193	0.01391	0.00994	0.01590	0.00894	0.00795	0.01690	0.01391	0.02186	0.01193	0.01391	0.00994	0.00497	0.00497	0.00099	0.00497	0.00398	0.00398	0.80521
24	0.03812	0.06996	0.15565	0.03647	0.04461	0.20134	0.03297	0.04188	0.11195	0.02048	0.04364	0.02227	0.04747	0.09376	0.00952	0.00250	0.00847	0.00646	0.00420	0.00828
25	0.01346	0.03471	0.72942	0.01912	0.02904	0.01558	0.02479	0.02125	0.01417	0.02125	0.01204	0.01417	0.00850	0.00637	0.00637	0.00212	0.00992	0.00496	0.00283	0.00992
26	0.00805	0.00632	0.00729	0.00807	0.00940	0.00556	0.00566	0.00949	0.01407	0.01763	0.05244	0.41310	0.38111	0.01901	0.00825	0.00250	0.00365	0.01662	0.00623	0.00556
27	0.00793	0.00680	0.00680	0.00680	0.00906	0.00566	0.00510	0.00963	0.01529	0.01813	0.06797	0.06457	0.71961	0.01699	0.00793	0.00227	0.00340	0.01416	0.00623	0.00566
28	0.01391	0.01193	0.01391	0.00994	0.01590	0.00894	0.00795	0.01690	0.01391	0.02186	0.01193	0.01391	0.00994	0.00497	0.00497	0.00099	0.00497	0.00398	0.00398	0.80521
29	0.03974	0.14044	0.18004	0.01640	0.02292	0.01593	0.14848	0.04236	0.06523	0.10238	0.03448	0.01709	0.01243	0.00658	0.00620	0.00187	0.00780	0.00576	0.00431	0.12955
30	0.02299	0.02770	0.02141	0.01839	0.02189	0.54759	0.09090	0.02517	0.01765	0.04151	0.01111	0.01345	0.00911	0.00738	0.00813	0.00194	0.09713	0.00499	0.00356	0.00800
31	0.00906	0.00684	0.00836	0.00798	0.00975	0.00614	0.00598	0.01181	0.01795	0.02444	0.53569	0.05419	0.24796	0.01464	0.00792	0.00215	0.00323	0.01270	0.00706	0.00614
32	0.00858	0.00618	0.00805	0.00936	0.01011	0.00576	0.00662	0.00990	0.01331	0.01741	0.03977	0.56692	0.12638	0.02031	0.00919	0.03070	0.00417	0.09571	0.00611	0.00547
33	0.01562	0.01475	0.02406	0.21763	0.47046	0.01576	0.01896	0.02143	0.09378	0.02141	0.01411	0.01789	0.01132	0.00652	0.00668	0.00209	0.00792	0.00616	0.00363	0.00982
34	0.10432	0.07266	0.05668	0.01614	0.09693	0.11773	0.01187	0.11125	0.12675	0.02422	0.02075	0.15116	0.04218	0.01000	0.00653	0.00212	0.00691	0.00815	0.00500	0.00866
35	0.01638	0.01874	0.08206	0.27772	0.16183	0.13811	0.01768	0.04473	0.01491	0.01903	0.01143	0.01574	0.00924	0.00749	0.00917	0.00221	0.13627	0.00559	0.00324	0.00844
36	0.01476	0.01274	0.01746	0.20976	0.02467	0.01437	0.03170	0.11274	0.05466	0.02195	0.01575	0.06137	0.01405	0.03889	0.04303	0.00270	0.12694	0.02986	0.00426	0.14833
37	0.10122	0.01499	0.07345	0.13065	0.12059	0.01500	0.07132	0.09526	0.01616	0.02387	0.08099	0.02578	0.01784	0.00922	0.00873	0.00232	0.09618	0.08366	0.00438	0.00838
38	0.08795	0.05251	0.04020	0.05807	0.13950	0.11703	0.07012	0.12665	0.04901	0.02424	0.03835	0.04098	0.05913	0.00858	0.00718	0.00210	0.03522	0.02987	0.00452	0.00879
39	0.01430	0.01274	0.03926	0.01554	0.03690	0.01203	0.14831	0.08811	0.05956	0.04302	0.10662	0.14965	0.02496	0.04704	0.03025	0.00262	0.03433	0.02790	0.00521	0.10165

[dist]
# distance from previous block
# <min> <max>
1	39

[block]
# block no. 1 follows, 32 sequences, length 59
# corresponding to MSA columns:
# 116-174
name=unknown_B
#
# <colnr> <probs for GDERKNQSTAVLIFYWHMCP>
#	G	D	E	R	K	N	Q	S	T	A	V	L	I	F	Y	W	H	M	C	P
0	0.01821	0.26905	0.15440	0.01752	0.06746	0.01989	0.09335	0.14793	0.04658	0.04834	0.01353	0.01533	0.01057	0.00856	0.03935	0.00228	0.00860	0.00539	0.00406	0.00961
1	0.01772	0.34165	0.18410	0.01480	0.02095	0.07861	0.04045	0.08313	0.09643	0.02137	0.03332	0.01517	0.01185	0.00680	0.00565	0.00181	0.00803	0.00504	0.00386	0.00927
2	0.05073	0.08386	0.14224	0.01534	0.03971	0.11456	0.01376	0.22750	0.03893	0.09989	0.05044	0.01878	0.03191	0.00932	0.03179	0.00228	0.00821	0.00598	0.00516	0.00964
3	0.02066	0.48890	0.02912	0.01357	0.01856	0.25230	0.01203	0.06314	0.01642	0.01758	0.01007	0.01151	0.00879	0.00625	0.00501	0.00156	0.00875	0.00397	0.00329	0.00851
4	0.05003	0.13425	0.12625	0.01281	0.01880	0.06181	0.01202	0.11421	0.03507	0.02401	0.03693	0.01508	0.01166	0.00632	0.00551	0.00154	0.00681	0.00474	0.00418	0.31797
5	0.02058	0.22151	0.18139	0.01471	0.02085	0.08200	0.01453	0.18793	0.04411	0.10870	0.03286	0.01591	0.01207	0.00718	0.00598	0.00188	0.00792	0.00529	0.00475	0.00986
6	0.01827	0.07781	0.19395	0.02723	0.31337	0.21508	0.01886	0.02242	0.01592	0.01981	0.01163	0.01437	0.00943	0.00631	0.00625	0.00191	0.00952	0.00511	0.00321	0.00953
7	0.01243	0.01044	0.01158	0.01104	0.01253	0.08214	0.00824	0.06722	0.01302	0.01720	0.01776	0.02799	0.01722	0.20007	0.45138	0.00824	0.01402	0.00738	0.00393	0.00617
8	0.00802	0.00680	0.00692	0.00689	0.00912	0.00570	0.00517	0.00981	0.01551	0.01863	0.10567	0.06374	0.68160	0.01680	0.00793	0.00226	0.00339	0.01404	0.00630	0.00570
9	0.01002	0.01278	0.14969	0.03732	0.04130	0.00854	0.01034	0.01349	0.01597	0.02134	0.24655	0.04642	0.31446	0.03266	0.00821	0.00229	0.00505	0.01105	0.00563	0.00690
10	0.00967	0.00755	0.01086	0.01071	0.01196	0.00874	0.00836	0.01194	0.01125	0.01589	0.02300	0.02995	0.09390	0.04459	0.61890	0.00942	0.05553	0.00789	0.00385	0.00603
11	0.02348	0.01867	0.01973	0.01692	0.06566	0.06132	0.01293	0.50958	0.13952	0.03717	0.01736	0.01735	0.01267	0.00802	0.00669	0.00204	0.00736	0.00619	0.00632	0.01102
12	0.01740	0.21094	0.12942	0.01854	0.14745	0.08288	0.01454	0.08077	0.01616	0.02156	0.01164	0.01367	0.00953	0.00601	0.00557	0.00161	0.00768	0.00460	0.00360	0.19643
13	0.06256	0.00835	0.01012	0.00998	0.01160	0.00864	0.00770	0.03383	0.01511	0.04135	0.16407	0.20294	0.17298	0.04985	0.01044	0.00268	0.07421	0.10128	0.00597	0.00634
14	0.00867	0.00663	0.00984	0.01057	0.01137	0.00620	0.05099	0.01013	0.01304	0.01741	0.03547	0.71181	0.04217	0.02003	0.00852	0.00270	0.00437	0.01835	0.00605	0.00568
15	0.01792	0.01566	0.02442	0.09005	0.50221	0.01625	0.01829	0.10287	0.07107	0.05357	0.01469	0.01756	0.01160	0.00662	0.00667	0.00204	0.00768	0.00614	0.00418	0.01051
16	0.00976	0.00651	0.00732	0.00732	0.00732	0.00651	0.00407	0.00976	0.00976	0.01301	0.02114	0.04391	0.02439	0.76419	0.03415	0.00651	0.00651	0.00976	0.00407	0.00407
17	0.01453	0.01392	0.02396	0.40963	0.34501	0.01544	0.04369	0.01882	0.01433	0.01941	0.01229	0.01733	0.00973	0.00635	0.00672	0.00213	0.00860	0.00604	0.00315	0.00892
18	0.01647	0.01580	0.02698	0.06611	0.69850	0.01591	0.02052	0.02047	0.01521	0.02175	0.01260	0.01665	0.01057	0.00600	0.00665	0.00200	0.00801	0.00598	0.00331	0.01052
19	0.01448	0.01446	0.01184	0.01116	0.01228	0.21959	0.00770	0.01530	0.01257	0.01443	0.01697	0.03125	0.01816	0.43121	0.09217	0.00531	0.05413	0.00770	0.00378	0.00552
20	0.01588	0.30647	0.10640	0.01675	0.12558	0.01879	0.01324	0.03705	0.13458	0.01988	0.01695	0.02037	0.03973	0.09124	0.00885	0.00235	0.00708	0.00595	0.00397	0.00887
21	0.07716	0.04129	0.04570	0.08787	0.21167	0.01591	0.05876	0.05680	0.17379	0.05839	0.06041	0.02031	0.01583	0.00770	0.00722	0.00214	0.03813	0.00659	0.00477	0.00956
22	0.01363	0.01419	0.12048	0.01355	0.04887	0.01061	0.03489	0.07697	0.03770	0.04823	0.11049	0.17677	0.06644	0.01090	0.00692	0.00199	0.00577	0.00949	0.00527	0.18684
23	0.01498	0.01463	0.02449	0.06341	0.31725	0.03360	0.14597	0.01856	0.01444	0.02040	0.01561	0.10521	0.01451	0.00846	0.00866	0.00219	0.09065	0.00779	0.04264	0.03655
24	0.02004	0.10066	0.06799	0.01590	0.04528	0.06171	0.04621	0.25098	0.13954	0.04890	0.01603	0.01669	0.01212	0.00735	0.00665	0.00190	0.02660	0.00572	0.00520	0.10452
25	0.01904	0.01650	0.02179	0.01715	0.02149	0.10044	0.18800	0.19899	0.03461	0.08680	0.07945	0.10742	0.03945	0.00967	0.00768	0.00218	0.02623	0.00867	0.00550	0.00897
26	0.00959	0.00719	0.01078	0.01078	0.01198	0.00839	0.00839	0.01198	0.01078	0.01558	0.01797	0.02636	0.01677	0.05032	0.73760	0.01078	0.01797	0.00719	0.00359	0.00599
27	0.01251	0.00625	0.00625	0.00625	0.00782	0.00625	0.00469	0.01563	0.01407	0.02502	0.02189	0.02502	0.01720	0.00782	0.00469	0.00156	0.00313	0.00625	0.80144	0.00625
28	0.00909	0.00672	0.00849	0.00831	0.00984	0.00612	0.00613	0.01179	0.01766	0.02435	0.53483	0.14119	0.16034	0.01513	0.00800	0.00221	0.00329	0.01331	0.00707	0.00612
29	0.01661	0.01594	0.02724	0.04119	0.72233	0.01594	0.02059	0.02059	0.01528	0.02192	0.01262	0.01661	0.01063	0.00598	0.00664	0.00199	0.00797	0.00598	0.00332	0.01063
30	0.00976	0.00651	0.00732	0.00732	0.00732	0.00651	0.00407	0.00976	0.00976	0.01301	0.02114	0.04391	0.02439	0.76419	0.03415	0.00651	0.00651	0.00976	0.00407	0.00407
31	0.00934	0.00636	0.00757	0.00808	0.00824	0.00624	0.00492	0.00978	0.01084	0.01444	0.02620	0.25098	0.03064	0.52444	0.02592	0.00530	0.00574	0.03566	0.00476	0.00454
32	0.01473	0.00947	0.01087	0.01126	0.06413	0.04225	0.00786	0.01726	0.01394	0.06794	0.01878	0.02214	0.01494	0.00908	0.00841	0.05087	0.09317	0.00611	0.50987	0.00691
33	0.01794	0.76823	0.03516	0.01148	0.01722	0.02655	0.01148	0.02009	0.01363	0.01579	0.00933	0.01076	0.00861	0.00574	0.00431	0.00144	0.00718	0.00359	0.00287	0.00861
34	0.01794	0.76823	0.03516	0.01148	0.01722	0.02655	0.01148	0.02009	0.01363	0.01579	0.00933	0.01076	0.00861	0.00574	0.00431	0.00144	0.00718	0.00359	0.00287	0.00861
35	0.02409	0.01809	0.01934	0.01515	0.02027	0.02015	0.01241	0.59311	0.14070	0.04000	0.01791	0.01754	0.01287	0.00822	0.00673	0.00206	0.00705	0.00629	0.00673	0.01128
36	0.00959	0.00719	0.01078	0.01078	0.01198	0.00839	0.00839	0.01198	0.01078	0.01558	0.01797	0.02636	0.01677	0.05032	0.73760	0.01078	0.01797	0.00719	0.00359	0.00599
37	0.01053	0.00888	0.00973	0.05698	0.01341	0.00873	0.00729	0.05814	0.10309	0.02078	0.05407	0.05206	0.51459	0.01594	0.03361	0.00255	0.00478	0.01203	0.00603	0.00679
38	0.01166	0.00583	0.00874	0.00874	0.00874	0.00583	0.00583	0.00874	0.00874	0.01166	0.01166	0.02040	0.01166	0.02331	0.02622	0.80478	0.00583	0.00583	0.00291	0.00291
39	0.01003	0.00699	0.00894	0.00892	0.01040	0.00652	0.00651	0.01303	0.04145	0.04971	0.42032	0.26338	0.09679	0.01577	0.00803	0.00231	0.00357	0.01400	0.00698	0.00637
40	0.01747	0.01771	0.02601	0.06296	0.61546	0.10158	0.01962	0.02121	0.01566	0.02110	0.01233	0.01612	0.01033	0.00612	0.00657	0.00197	0.00850	0.00578	0.00333	0.01018
41	0.01791	0.01344	0.01659	0.01332	0.03865	0.03706	0.03384	0.07952	0.01602	0.13720	0.01483	0.01702	0.01164	0.02723	0.03580	0.00206	0.08107	0.00527	0.00475	0.39678
42	0.01705	0.04346	0.01962	0.12302	0.02309	0.09464	0.09793	0.07737	0.09864	0.07893	0.12084	0.02779	0.02185	0.00949	0.00810	0.00223	0.05504	0.06726	0.00519	0.00846
43	0.01862	0.65325	0.05930	0.01246	0.01808	0.11055	0.01216	0.02093	0.01429	0.01607	0.00955	0.01105	0.00861	0.00590	0.00459	0.00150	0.00786	0.00373	0.00294	0.00856
44	0.00909	0.00662	0.00837	0.00936	0.01035	0.00626	0.00690	0.01074	0.01369	0.01779	0.06328	0.33569	0.15519	0.12853	0.01237	0.00327	0.00476	0.18629	0.00594	0.00550
45	0.01744	0.01698	0.02706	0.06461	0.34621	0.04699	0.15078	0.09954	0.03633	0.02327	0.01307	0.01673	0.01054	0.00697	0.00862	0.00216	0.09282	0.00633	0.00377	0.00977
46	0.01091	0.01173	0.09593	0.03831	0.01541	0.00825	0.00933	0.01374	0.01390	0.01962	0.04638	0.27160	0.12553	0.01253	0.00691	0.00197	0.00507	0.01090	0.00497	0.27703
47	0.00818	0.00584	0.00779	0.00934	0.00973	0.00545	0.00623	0.00934	0.01285	0.01713	0.03698	0.75981	0.04438	0.02102	0.00856	0.00273	0.00389	0.01908	0.00623	0.00545
48	0.04374	0.07282	0.01928	0.01463	0.01920	0.01809	0.05553	0.18784	0.40408	0.05895	0.02186	0.02089	0.01623	0.00826	0.00659	0.00214	0.00634	0.00679	0.00626	0.01048
49	0.03259	0.06091	0.03891	0.01185	0.03284	0.03007	0.00932	0.09595	0.10199	0.06534	0.13895	0.16084	0.09959	0.01175	0.00698	0.00209	0.00526	0.00995	0.00594	0.07886
50	0.01427	0.09878	0.49943	0.01944	0.08447	0.01590	0.04186	0.02058	0.01423	0.02087	0.01187	0.01414	0.00891	0.00609	0.00608	0.00192	0.00895	0.00489	0.00303	0.10429
51	0.01633	0.22412	0.24057	0.05934	0.02808	0.01862	0.23792	0.02144	0.01481	0.05934	0.01261	0.01521	0.00955	0.00610	0.00636	0.00199	0.00934	0.00570	0.00334	0.00924
52	0.01173	0.00636	0.00644	0.00642	0.00809	0.00617	0.00482	0.01466	0.01445	0.02412	0.05752	0.03167	0.11867	0.00936	0.00528	0.00169	0.00317	0.00762	0.65558	0.00617
53	0.01627	0.04778	0.18887	0.14852	0.12075	0.10156	0.13623	0.04173	0.07284	0.02117	0.01370	0.01668	0.01046	0.00661	0.00663	0.00207	0.00927	0.00594	0.02380	0.00914
54	0.03979	0.12382	0.15753	0.01905	0.08162	0.10794	0.09472	0.16784	0.01899	0.08743	0.01370	0.01523	0.01023	0.00690	0.00669	0.00198	0.02691	0.00550	0.00437	0.00976
55	0.01143	0.00591	0.00857	0.00857	0.00857	0.00591	0.00562	0.00886	0.00886	0.01182	0.01278	0.02319	0.01317	0.11131	0.02717	0.70997	0.00591	0.00629	0.00305	0.00305
56	0.00816	0.00588	0.00774	0.00923	0.00970	0.00546	0.00618	0.00936	0.01296	0.01717	0.03840	0.72808	0.07519	0.02084	0.00854	0.00270	0.00387	0.01885	0.00623	0.00546
57	0.02116	0.12910	0.04895	0.04159	0.13297	0.14218	0.06949	0.16122	0.01961	0.11280	0.04646	0.01726	0.01314	0.00718	0.00638	0.00192	0.00832	0.00585	0.00476	0.00965
58	0.12032	0.02008	0.07920	0.06169	0.20625	0.14767	0.01523	0.14361	0.07710	0.04555	0.01396	0.01573	0.01071	0.00695	0.00623	0.00201	0.00819	0.00546	0.00443	0.00961

[dist]
# distance from previous block
# <min> <max>
1	10

[block]
# block no. 2 follows, 32 sequences, length 15
# corresponding to MSA columns:
# 185-199
name=unknown_C
#
# <colnr> <probs for GDERKNQSTAVLIFYWHMCP>
#	G	D	E	R	K	N	Q	S	T	A	V	L	I	F	Y	W	H	M	C	P
0	0.01572	0.01506	0.02476	0.09514	0.43412	0.01576	0.07931	0.02179	0.11205	0.02209	0.03374	0.02000	0.03096	0.00719	0.00756	0.00213	0.04212	0.00673	0.00395	0.00982
1	0.02318	0.02565	0.02085	0.01759	0.02161	0.42553	0.07302	0.17389	0.07414	0.02341	0.01313	0.01463	0.01030	0.00747	0.00723	0.00194	0.04781	0.00534	0.00440	0.00888
2	0.01661	0.01594	0.02724	0.04119	0.72233	0.01594	0.02059	0.02059	0.01528	0.02192	0.01262	0.01661	0.01063	0.00598	0.00664	0.00199	0.00797	0.00598	0.00332	0.01063
3	0.01678	0.01686	0.02519	0.16007	0.53623	0.08785	0.01949	0.02062	0.01533	0.02055	0.01228	0.01638	0.01014	0.00620	0.00659	0.00201	0.00855	0.00581	0.00328	0.00980
4	0.00818	0.00584	0.00779	0.00934	0.00973	0.00545	0.00623	0.00934	0.01285	0.01713	0.03698	0.75981	0.04438	0.02102	0.00856	0.00273	0.00389	0.01908	0.00623	0.00545
5	0.00908	0.00748	0.00807	0.00780	0.01004	0.00680	0.00589	0.01266	0.07727	0.02116	0.22418	0.05755	0.49705	0.01550	0.00783	0.00223	0.00351	0.01309	0.00657	0.00626
6	0.01495	0.01353	0.03935	0.04238	0.02015	0.01106	0.09961	0.01839	0.01424	0.05656	0.01272	0.01511	0.01016	0.00568	0.00641	0.00139	0.04346	0.00483	0.00399	0.56604
7	0.03010	0.01142	0.01557	0.01194	0.01713	0.00986	0.00986	0.03270	0.01920	0.72698	0.02647	0.02284	0.01661	0.00830	0.00675	0.00208	0.00571	0.00675	0.00830	0.01142
8	0.00960	0.00714	0.01054	0.01054	0.01165	0.00825	0.00808	0.01182	0.01071	0.01539	0.01820	0.02760	0.01731	0.10083	0.68783	0.01048	0.01716	0.00737	0.00363	0.00585
9	0.01385	0.02989	0.55888	0.08608	0.11061	0.01562	0.05048	0.02082	0.01429	0.02098	0.01216	0.01493	0.00885	0.00633	0.00650	0.00212	0.00966	0.00528	0.00292	0.00975
10	0.01073	0.00762	0.01053	0.01194	0.01336	0.00762	0.01026	0.01356	0.01498	0.01950	0.03435	0.07308	0.03745	0.07961	0.01131	0.00337	0.00621	0.62250	0.00601	0.00601
11	0.03010	0.01142	0.01557	0.01194	0.01713	0.00986	0.00986	0.03270	0.01920	0.72698	0.02647	0.02284	0.01661	0.00830	0.00675	0.00208	0.00571	0.00675	0.00830	0.01142
12	0.01635	0.01271	0.03490	0.03222	0.08774	0.01247	0.05585	0.19839	0.01935	0.07180	0.02734	0.16596	0.08366	0.01218	0.00746	0.00231	0.00632	0.09851	0.04598	0.00850
13	0.01703	0.05355	0.02506	0.13523	0.32341	0.06361	0.11168	0.02077	0.01560	0.08212	0.01809	0.02088	0.06868	0.00720	0.00679	0.00205	0.00825	0.00675	0.00394	0.00931
14	0.67830	0.01287	0.01137	0.01150	0.07107	0.01449	0.00836	0.01984	0.01222	0.05656	0.01300	0.01432	0.04082	0.00679	0.00463	0.00208	0.00536	0.00444	0.00435	0.00763

[dist]
# distance from previous block
# <min> <max>
0	8

[block]
# block no. 3 follows, 32 sequences, length 16
# corresponding to MSA columns:
# 208-223
name=unknown_D
#
# <colnr> <probs for GDERKNQSTAVLIFYWHMCP>
#	G	D	E	R	K	N	Q	S	T	A	V	L	I	F	Y	W	H	M	C	P
0	0.48523	0.18020	0.05287	0.01071	0.01558	0.04886	0.00967	0.04182	0.01353	0.07460	0.01091	0.01207	0.00846	0.00636	0.00464	0.00192	0.00627	0.00401	0.00414	0.00813
1	0.00801	0.00680	0.00691	0.00688	0.00911	0.00570	0.00516	0.00978	0.01548	0.01857	0.10074	0.06385	0.68656	0.01683	0.00793	0.00226	0.00339	0.01406	0.00629	0.00570
2	0.01914	0.64379	0.03243	0.01246	0.01782	0.14666	0.01173	0.02122	0.01454	0.01589	0.00950	0.01099	0.00862	0.00594	0.00460	0.00148	0.00801	0.00371	0.00297	0.00847
3	0.00896	0.00684	0.00823	0.00788	0.00970	0.00610	0.00591	0.01163	0.01773	0.02391	0.49630	0.05506	0.28768	0.01484	0.00792	0.00216	0.00325	0.01283	0.00699	0.00610
4	0.01380	0.01039	0.01065	0.01043	0.01113	0.12963	0.00736	0.01215	0.01085	0.01299	0.01274	0.02165	0.01253	0.02144	0.05118	0.60165	0.00740	0.03487	0.00318	0.00400
5	0.01438	0.18486	0.58731	0.01756	0.02662	0.01783	0.02207	0.02101	0.01406	0.02013	0.01149	0.01347	0.00852	0.00624	0.00595	0.00198	0.00936	0.00468	0.00284	0.00965
6	0.00976	0.00651	0.00732	0.00732	0.00732	0.00651	0.00407	0.00976	0.00976	0.01301	0.02114	0.04391	0.02439	0.76419	0.03415	0.00651	0.00651	0.00976	0.00407	0.00407
7	0.00908	0.00684	0.00840	0.00801	0.00977	0.00616	0.00601	0.01186	0.01802	0.02459	0.54726	0.05393	0.23629	0.01458	0.00792	0.00215	0.00323	0.01267	0.00708	0.00616
8	0.01346	0.03471	0.72942	0.01912	0.02904	0.01558	0.02479	0.02125	0.01417	0.02125	0.01204	0.01417	0.00850	0.00637	0.00637	0.00212	0.00992	0.00496	0.00283	0.00992
9	0.00961	0.00707	0.01020	0.01020	0.01119	0.00807	0.00766	0.01161	0.01061	0.01514	0.01851	0.02933	0.01806	0.17097	0.61871	0.01006	0.01603	0.00762	0.00367	0.00567
10	0.81159	0.01298	0.00986	0.00882	0.01298	0.01505	0.00727	0.01972	0.01142	0.03010	0.00934	0.01090	0.00727	0.00623	0.00415	0.00208	0.00519	0.00363	0.00415	0.00727
11	0.02551	0.01879	0.02014	0.01544	0.02081	0.02081	0.01275	0.69996	0.03155	0.04229	0.01611	0.01611	0.01141	0.00805	0.00671	0.00201	0.00738	0.00604	0.00671	0.01141
12	0.01983	0.01636	0.03600	0.01829	0.11470	0.15253	0.06151	0.05296	0.03377	0.18513	0.01839	0.02274	0.01468	0.01714	0.16497	0.00395	0.01051	0.04266	0.00496	0.00892
13	0.63385	0.01302	0.01051	0.00961	0.01322	0.05266	0.00776	0.01879	0.01172	0.02692	0.01086	0.01358	0.00895	0.01372	0.12821	0.00353	0.00772	0.00427	0.00402	0.00708
14	0.01432	0.01356	0.02230	0.18215	0.46139	0.01399	0.01757	0.01802	0.01489	0.02029	0.02183	0.02498	0.13010	0.00799	0.00687	0.00209	0.00740	0.00736	0.00374	0.00913
15	0.01390	0.07152	0.01517	0.01127	0.05278	0.01020	0.00849	0.01664	0.01437	0.04411	0.02171	0.02266	0.13003	0.00723	0.00557	0.00133	0.00507	0.00587	0.00438	0.53769

[dist]
# distance from previous block
# <min> <max>
3	29

[block]
# block no. 4 follows, 32 sequences, length 8
# corresponding to MSA columns:
# 253-260
name=unknown_E
#
# <colnr> <probs for GDERKNQSTAVLIFYWHMCP>
#	G	D	E	R	K	N	Q	S	T	A	V	L	I	F	Y	W	H	M	C	P
0	0.01454	0.08653	0.48152	0.01659	0.02428	0.01534	0.01960	0.02192	0.07613	0.05977	0.01473	0.01686	0.01106	0.01214	0.09725	0.00316	0.01006	0.00546	0.00359	0.00947
1	0.01100	0.00818	0.01139	0.01091	0.01253	0.00924	0.00852	0.07349	0.01366	0.01937	0.10500	0.02840	0.02209	0.04200	0.58156	0.00892	0.01518	0.00770	0.00434	0.00652
2	0.01197	0.01173	0.09361	0.01116	0.01458	0.00913	0.04628	0.01704	0.09359	0.06905	0.27764	0.07650	0.21545	0.01276	0.00758	0.00221	0.00488	0.01108	0.00629	0.00748
3	0.01426	0.12547	0.57365	0.01907	0.02815	0.01710	0.08977	0.02113	0.01426	0.02059	0.01185	0.01413	0.00868	0.00622	0.00627	0.00205	0.00971	0.00508	0.00289	0.00967
4	0.10419	0.08918	0.38878	0.01516	0.02268	0.01507	0.01733	0.04418	0.01474	0.09205	0.01329	0.01488	0.00975	0.00811	0.03442	0.00227	0.00843	0.00489	0.00381	0.09680
5	0.04951	0.08735	0.21794	0.01480	0.04808	0.01455	0.01414	0.08809	0.07761	0.02335	0.03703	0.05337	0.01446	0.01222	0.08615	0.00285	0.00829	0.00615	0.00424	0.13982
6	0.01796	0.16219	0.19147	0.01385	0.01952	0.11178	0.01364	0.04334	0.04847	0.10852	0.07467	0.01907	0.01566	0.02923	0.02551	0.00217	0.00794	0.00570	0.00446	0.08483
7	0.01699	0.23090	0.24369	0.01446	0.02081	0.05693	0.01515	0.06326	0.04291	0.05938	0.05095	0.01606	0.01276	0.00701	0.00641	0.00182	0.03803	0.00513	0.00394	0.09342

[dist]
# distance from previous block
# <min> <max>
0	39

[block]
# block no. 5 follows, 32 sequences, length 21
# corresponding to MSA columns:
# 311-331
name=unknown_F
#
# <colnr> <probs for GDERKNQSTAVLIFYWHMCP>
#	G	D	E	R	K	N	Q	S	T	A	V	L	I	F	Y	W	H	M	C	P
0	0.21127	0.10353	0.12733	0.01773	0.12804	0.01655	0.04373	0.10211	0.04562	0.08939	0.01601	0.01713	0.04007	0.00711	0.00587	0.00201	0.00707	0.00556	0.00452	0.00936
1	0.07910	0.11973	0.07632	0.13448	0.14621	0.04564	0.01455	0.07118	0.06182	0.13068	0.01605	0.04838	0.01264	0.00750	0.00621	0.00202	0.00739	0.00611	0.00460	0.00938
2	0.01648	0.01829	0.16849	0.05900	0.16344	0.01475	0.03287	0.13145	0.07043	0.05429	0.08464	0.04103	0.01775	0.00828	0.00718	0.00209	0.02640	0.02140	0.00479	0.05696
3	0.01615	0.01550	0.12228	0.07430	0.14647	0.01246	0.04098	0.02168	0.08299	0.12565	0.07016	0.02419	0.03976	0.00995	0.03990	0.00240	0.00737	0.02916	0.00488	0.11376
4	0.01362	0.01558	0.12370	0.17909	0.15099	0.01322	0.08944	0.03622	0.04604	0.03539	0.03876	0.04324	0.13373	0.04206	0.00826	0.00237	0.00762	0.00810	0.00421	0.00836
5	0.01501	0.01577	0.07709	0.42480	0.24458	0.04741	0.01917	0.01941	0.01446	0.04113	0.01253	0.01711	0.00964	0.00652	0.00663	0.00213	0.00877	0.00584	0.00326	0.00873
6	0.15740	0.01319	0.01613	0.01199	0.01759	0.01180	0.06949	0.07592	0.01556	0.08552	0.01321	0.01470	0.01018	0.00580	0.00538	0.00148	0.00583	0.00467	0.00455	0.45960
7	0.01792	0.01492	0.01668	0.04851	0.05020	0.01698	0.01183	0.15821	0.49199	0.02965	0.02420	0.02473	0.01856	0.00905	0.00689	0.00225	0.00602	0.03452	0.00645	0.01044
8	0.01267	0.01193	0.02013	0.74806	0.04621	0.01491	0.01863	0.01714	0.01342	0.01714	0.01193	0.01789	0.00894	0.00671	0.00671	0.00224	0.00894	0.00596	0.00298	0.00745
9	0.02049	0.01581	0.01886	0.01854	0.14021	0.01708	0.01280	0.35556	0.15141	0.05591	0.07507	0.02278	0.04739	0.00872	0.00687	0.00208	0.00655	0.00716	0.00623	0.01049
10	0.02437	0.01819	0.02014	0.08031	0.02306	0.02029	0.01327	0.63950	0.02994	0.04006	0.01574	0.01627	0.01119	0.00794	0.00671	0.00203	0.00752	0.00603	0.00638	0.01106
11	0.09103	0.01509	0.01968	0.03927	0.19238	0.01583	0.03561	0.23153	0.07498	0.13241	0.01970	0.02155	0.04331	0.00811	0.00666	0.00210	0.00688	0.02803	0.00565	0.01020
12	0.01267	0.01193	0.02013	0.74806	0.04621	0.01491	0.01863	0.01714	0.01342	0.01714	0.01193	0.01789	0.00894	0.00671	0.00671	0.00224	0.00894	0.00596	0.00298	0.00745
13	0.01535	0.01673	0.03439	0.08986	0.03341	0.01629	0.54759	0.02194	0.07567	0.02192	0.04614	0.02011	0.01334	0.00641	0.00772	0.00225	0.01022	0.00791	0.00383	0.00892
14	0.01874	0.01404	0.02089	0.34200	0.17679	0.01550	0.01651	0.15522	0.01829	0.13379	0.01516	0.01804	0.01098	0.00707	0.00670	0.00212	0.00793	0.00610	0.00462	0.00951
15	0.04529	0.01640	0.07147	0.02343	0.16087	0.01526	0.20917	0.04221	0.03418	0.20568	0.01641	0.01831	0.01189	0.00730	0.00863	0.00221	0.09001	0.00662	0.00477	0.00989
16	0.01824	0.04545	0.02162	0.02778	0.40478	0.03794	0.01533	0.02131	0.01572	0.16324	0.01936	0.14411	0.01744	0.00903	0.00687	0.00210	0.00693	0.00821	0.00481	0.00972
17	0.01384	0.07969	0.02335	0.41485	0.18685	0.01551	0.06605	0.01781	0.01397	0.01837	0.01409	0.07990	0.01237	0.00760	0.00673	0.00216	0.00832	0.00701	0.00335	0.00819
18	0.01727	0.05214	0.22866	0.02239	0.19153	0.01455	0.08443	0.04419	0.03210	0.13084	0.05789	0.02039	0.03748	0.00733	0.00669	0.00204	0.00789	0.00650	0.00447	0.03123
19	0.05052	0.01640	0.02333	0.10750	0.30629	0.07943	0.09323	0.09650	0.04401	0.02312	0.01487	0.05553	0.01282	0.03792	0.00786	0.00226	0.00827	0.00684	0.00403	0.00926
20	0.01454	0.08932	0.34115	0.03911	0.12209	0.01543	0.04924	0.04777	0.03851	0.02193	0.06618	0.01899	0.01435	0.04188	0.00766	0.00220	0.00825	0.00598	0.00369	0.05173

[dist]
# distance from previous block
# <min> <max>
32	159

[block]
# block no. 6 follows, 32 sequences, length 31
# corresponding to MSA columns:
# 502-532
name=unknown_G
#
# <colnr> <probs for GDERKNQSTAVLIFYWHMCP>
#	G	D	E	R	K	N	Q	S	T	A	V	L	I	F	Y	W	H	M	C	P
0	0.01900	0.01698	0.06743	0.04078	0.28742	0.08560	0.01517	0.08612	0.01742	0.13087	0.01830	0.06344	0.03992	0.00791	0.00662	0.00197	0.00746	0.00680	0.00472	0.07606
1	0.01644	0.01756	0.06423	0.02876	0.38563	0.08497	0.05432	0.02156	0.07619	0.02162	0.01482	0.05332	0.01273	0.00696	0.00653	0.00192	0.00784	0.00639	0.00385	0.11436
2	0.03496	0.01423	0.06547	0.02189	0.26609	0.01261	0.01371	0.05650	0.06174	0.08046	0.15123	0.02501	0.04598	0.00823	0.00665	0.00193	0.00618	0.00721	0.00508	0.11482
3	0.01579	0.03702	0.07362	0.02554	0.31333	0.01389	0.07411	0.01985	0.03112	0.07643	0.04081	0.03672	0.08768	0.00809	0.00751	0.00203	0.04433	0.00720	0.00427	0.08065
4	0.01627	0.01242	0.01663	0.06279	0.01930	0.01160	0.05538	0.02045	0.06722	0.12503	0.01841	0.01976	0.05445	0.00736	0.00761	0.00170	0.08218	0.00586	0.00475	0.39083
5	0.01485	0.02190	0.28909	0.02559	0.28159	0.01470	0.03786	0.07308	0.01600	0.02264	0.01871	0.07027	0.06783	0.00818	0.00681	0.00212	0.00811	0.00719	0.00383	0.00963
6	0.01113	0.01066	0.04815	0.01134	0.04114	0.00830	0.04619	0.01415	0.01565	0.02178	0.19797	0.06460	0.22629	0.01122	0.00695	0.00185	0.00476	0.00973	0.00540	0.24273
7	0.01301	0.07780	0.22491	0.01672	0.07098	0.01294	0.10449	0.01762	0.01542	0.02164	0.14941	0.02727	0.10477	0.00866	0.00673	0.00195	0.00710	0.00763	0.00434	0.10661
8	0.01443	0.04319	0.08222	0.15260	0.37503	0.01465	0.01752	0.01915	0.04898	0.02040	0.01873	0.04748	0.07102	0.00943	0.03477	0.00242	0.00800	0.00707	0.00373	0.00918
9	0.00962	0.00707	0.01017	0.01017	0.01115	0.00805	0.00762	0.01159	0.01060	0.01512	0.01854	0.02948	0.01813	0.17719	0.61259	0.01002	0.01593	0.00765	0.00368	0.00565
10	0.01773	0.01981	0.04244	0.06504	0.25305	0.19169	0.04243	0.02058	0.01452	0.01851	0.01088	0.01498	0.00942	0.00803	0.01131	0.00225	0.23987	0.00559	0.00321	0.00867
11	0.00965	0.00692	0.00940	0.00940	0.01013	0.00764	0.00667	0.01110	0.01038	0.01455	0.01923	0.03335	0.01981	0.33453	0.45754	0.00908	0.01341	0.00821	0.00378	0.00522
12	0.01400	0.12379	0.64511	0.01820	0.02761	0.01691	0.02317	0.02111	0.01410	0.02059	0.01171	0.01375	0.00851	0.00630	0.00612	0.00204	0.00958	0.00479	0.00284	0.00976
13	0.01836	0.69212	0.03337	0.01194	0.01746	0.07308	0.01155	0.02110	0.03942	0.01628	0.01005	0.01137	0.00905	0.00594	0.00451	0.00149	0.00743	0.00378	0.00305	0.00863
14	0.01794	0.76823	0.03516	0.01148	0.01722	0.02655	0.01148	0.02009	0.01363	0.01579	0.00933	0.01076	0.00861	0.00574	0.00431	0.00144	0.00718	0.00359	0.00287	0.00861
15	0.06232	0.05722	0.53322	0.01737	0.02561	0.01491	0.05818	0.02001	0.01455	0.02205	0.07988	0.01879	0.03271	0.00728	0.00643	0.00211	0.00879	0.00591	0.00347	0.00920
16	0.01922	0.65756	0.03260	0.01211	0.01759	0.10049	0.01157	0.02135	0.01444	0.04715	0.01019	0.01144	0.00897	0.00598	0.00460	0.00149	0.00763	0.00380	0.00317	0.00865
17	0.01143	0.00593	0.00881	0.00897	0.00908	0.00591	0.00612	0.00906	0.00932	0.01239	0.01424	0.06039	0.01478	0.02293	0.02440	0.72036	0.00575	0.04363	0.00326	0.00322
18	0.01942	0.01684	0.04048	0.06760	0.09736	0.04430	0.05013	0.29768	0.15596	0.02999	0.01750	0.01987	0.01361	0.04783	0.04856	0.00279	0.00816	0.00658	0.00540	0.00993
19	0.00841	0.00668	0.00800	0.00904	0.03133	0.00594	0.00614	0.01007	0.01454	0.01847	0.10079	0.35396	0.36639	0.01811	0.00816	0.00244	0.00373	0.01582	0.00622	0.00578
20	0.00943	0.00686	0.00888	0.00837	0.00998	0.00630	0.00628	0.01253	0.01883	0.02653	0.69067	0.05075	0.09167	0.01386	0.00791	0.00212	0.00318	0.01222	0.00734	0.00630
21	0.81159	0.01298	0.00986	0.00882	0.01298	0.01505	0.00727	0.01972	0.01142	0.03010	0.00934	0.01090	0.00727	0.00623	0.00415	0.00208	0.00519	0.00363	0.00415	0.00727
22	0.00960	0.00736	0.01064	0.08344	0.05246	0.00739	0.00913	0.01163	0.01356	0.01799	0.03294	0.50923	0.03795	0.01832	0.00842	0.00271	0.00507	0.15034	0.00575	0.00607
23	0.81159	0.01298	0.00986	0.00882	0.01298	0.01505	0.00727	0.01972	0.01142	0.03010	0.00934	0.01090	0.00727	0.00623	0.00415	0.00208	0.00519	0.00363	0.00415	0.00727
24	0.01402	0.01202	0.01396	0.01008	0.01596	0.00924	0.00805	0.01761	0.04048	0.02210	0.01251	0.01434	0.01034	0.00513	0.00504	0.00104	0.00498	0.00411	0.00408	0.77489
25	0.01584	0.01810	0.03959	0.02828	0.03507	0.01697	0.69796	0.02149	0.01584	0.02149	0.01357	0.01810	0.01018	0.00566	0.00792	0.00226	0.01131	0.00792	0.00339	0.00905
26	0.01773	0.58457	0.15314	0.01325	0.01953	0.08034	0.01388	0.02082	0.01415	0.01677	0.00988	0.01145	0.00859	0.00594	0.00480	0.00158	0.00803	0.00388	0.00291	0.00877
27	0.00977	0.00741	0.00953	0.01020	0.01124	0.00748	0.00722	0.03042	0.05705	0.01855	0.03225	0.57749	0.03708	0.02119	0.06582	0.00324	0.03104	0.01595	0.00586	0.04124
28	0.02262	0.06149	0.06620	0.01549	0.02095	0.01901	0.04680	0.41268	0.14792	0.09058	0.01815	0.01790	0.01303	0.00790	0.00664	0.00205	0.00723	0.00625	0.00623	0.01090
29	0.00916	0.00717	0.00813	0.00807	0.00995	0.00647	0.00596	0.04075	0.01653	0.02130	0.22985	0.18474	0.39479	0.01648	0.00799	0.00230	0.00360	0.01417	0.00655	0.00605
30	0.04798	0.10287	0.09061	0.01904	0.06626	0.06427	0.15925	0.11765	0.09588	0.02393	0.01501	0.04828	0.01237	0.00772	0.00779	0.00209	0.06861	0.00650	0.00428	0.03963

[dist]
# distance from previous block
# <min> <max>
0	2

[block]
# block no. 7 follows, 32 sequences, length 42
# corresponding to MSA columns:
# 535-576
name=unknown_H
#
# <colnr> <probs for GDERKNQSTAVLIFYWHMCP>
#	G	D	E	R	K	N	Q	S	T	A	V	L	I	F	Y	W	H	M	C	P
0	0.01556	0.01211	0.04534	0.01233	0.01522	0.01204	0.01034	0.16102	0.04329	0.08417	0.22978	0.08551	0.05661	0.01259	0.00916	0.00235	0.08398	0.09409	0.00636	0.00813
1	0.02341	0.09276	0.02045	0.01519	0.01993	0.29095	0.01221	0.31025	0.02329	0.02789	0.01287	0.01387	0.00995	0.00708	0.00605	0.00174	0.00889	0.00495	0.00484	0.09343
2	0.01884	0.01431	0.01685	0.03860	0.04995	0.01338	0.01057	0.24037	0.02005	0.07532	0.01429	0.01548	0.01086	0.00630	0.00579	0.00148	0.00607	0.00499	0.00509	0.43141
3	0.00859	0.00627	0.00774	0.00851	0.00928	0.00588	0.00572	0.00982	0.01301	0.01710	0.08401	0.41839	0.16057	0.16308	0.04696	0.00370	0.00491	0.01541	0.00577	0.00531
4	0.01370	0.00777	0.01029	0.00919	0.01148	0.00703	0.00705	0.01668	0.01885	0.17070	0.55534	0.06632	0.05312	0.01283	0.00769	0.00212	0.00371	0.01124	0.00754	0.00735
5	0.02210	0.02410	0.02105	0.02329	0.21297	0.38680	0.01484	0.07907	0.06101	0.04715	0.01303	0.01494	0.01044	0.00710	0.00688	0.00191	0.03488	0.00526	0.00405	0.00915
6	0.01598	0.01523	0.02553	0.15378	0.58088	0.01581	0.01982	0.02073	0.04707	0.02144	0.01319	0.01720	0.01081	0.00624	0.00666	0.00205	0.00801	0.00605	0.00343	0.01012
7	0.00933	0.00670	0.00861	0.00975	0.01047	0.00647	0.00666	0.05535	0.01409	0.01880	0.03559	0.71027	0.04218	0.02016	0.00844	0.00268	0.00413	0.01821	0.00626	0.00585
8	0.02172	0.01567	0.01730	0.03626	0.01924	0.01704	0.01150	0.46028	0.08703	0.07904	0.02424	0.05062	0.08512	0.00986	0.00701	0.00214	0.00658	0.03247	0.00662	0.01024
9	0.01701	0.01833	0.03372	0.02479	0.03067	0.05568	0.51090	0.06821	0.08996	0.02305	0.01479	0.01822	0.01120	0.00654	0.00830	0.00225	0.04574	0.00747	0.00396	0.00922
10	0.01725	0.01573	0.02668	0.03979	0.68874	0.01565	0.02008	0.02117	0.01547	0.05551	0.01328	0.01690	0.01091	0.00609	0.00665	0.00200	0.00786	0.00602	0.00356	0.01067
11	0.01574	0.01506	0.02567	0.19699	0.57331	0.01571	0.02016	0.01983	0.01487	0.02087	0.01247	0.01689	0.01026	0.00614	0.00666	0.00205	0.00819	0.00598	0.00325	0.00993
12	0.02422	0.02971	0.02011	0.01768	0.02127	0.62532	0.04465	0.07093	0.01933	0.01837	0.01083	0.01276	0.00891	0.00714	0.00687	0.00182	0.04369	0.00467	0.00365	0.00806
13	0.06288	0.00788	0.01135	0.01108	0.01262	0.00765	0.07470	0.01188	0.01335	0.01873	0.06134	0.41960	0.08269	0.08076	0.03620	0.00321	0.00554	0.06702	0.00558	0.00594
14	0.01508	0.20403	0.50916	0.01827	0.05902	0.01834	0.02107	0.04503	0.01471	0.02076	0.01158	0.01356	0.00873	0.00627	0.00592	0.00195	0.00910	0.00473	0.00300	0.00970
15	0.01279	0.04537	0.01660	0.14987	0.19530	0.01139	0.01236	0.01596	0.03832	0.04304	0.06802	0.16069	0.13914	0.01215	0.00817	0.04241	0.00605	0.01002	0.00475	0.00759
16	0.01468	0.01468	0.02055	0.01762	0.01762	0.02055	0.01468	0.01615	0.01028	0.01615	0.00881	0.01468	0.00881	0.01174	0.02202	0.00294	0.75191	0.00587	0.00294	0.00734
17	0.02040	0.02114	0.01646	0.01552	0.04879	0.35333	0.01131	0.09196	0.08367	0.05997	0.11927	0.08871	0.02179	0.00955	0.00676	0.00199	0.00841	0.00750	0.00518	0.00831
18	0.01443	0.19313	0.57948	0.01747	0.02649	0.01795	0.02192	0.02100	0.01405	0.02007	0.01146	0.01343	0.00852	0.00624	0.00593	0.00198	0.00932	0.00466	0.00284	0.00963
19	0.01152	0.00961	0.01221	0.01252	0.04486	0.00983	0.03726	0.01832	0.20644	0.02154	0.07137	0.24539	0.16945	0.01500	0.00789	0.00247	0.00489	0.08580	0.00620	0.00742
20	0.01598	0.01506	0.02550	0.11954	0.61422	0.01540	0.01967	0.01998	0.01501	0.02152	0.01295	0.01712	0.01073	0.00614	0.00656	0.00200	0.00787	0.00599	0.03868	0.01008
21	0.01098	0.00737	0.01033	0.01068	0.01195	0.00696	0.03675	0.03957	0.01428	0.07396	0.03428	0.62447	0.03927	0.01878	0.00834	0.00263	0.00455	0.03223	0.00629	0.00633
22	0.01714	0.55789	0.20445	0.01359	0.02026	0.05356	0.01480	0.02066	0.01399	0.01715	0.01004	0.01165	0.00858	0.00594	0.00488	0.00162	0.00805	0.00395	0.00289	0.00890
23	0.00812	0.00607	0.00755	0.00873	0.00957	0.00550	0.00595	0.00941	0.01344	0.01737	0.04450	0.59123	0.20811	0.02004	0.00841	0.00261	0.00377	0.01788	0.00623	0.00550
24	0.01521	0.01613	0.13367	0.06041	0.09667	0.01296	0.14266	0.05242	0.05987	0.08632	0.07848	0.06021	0.08935	0.00974	0.00736	0.00225	0.00744	0.05507	0.00500	0.00879
25	0.01775	0.73656	0.06514	0.01181	0.01773	0.02608	0.01206	0.02014	0.01366	0.01602	0.00945	0.01091	0.00861	0.00577	0.00439	0.00146	0.00729	0.00365	0.00287	0.00867
26	0.01493	0.01414	0.02397	0.29914	0.44601	0.01523	0.01948	0.01906	0.01460	0.02010	0.01329	0.01945	0.01114	0.00675	0.00677	0.00213	0.00826	0.03296	0.00331	0.00929
27	0.00818	0.00614	0.00759	0.00865	0.00958	0.00555	0.00594	0.00958	0.01378	0.01787	0.07904	0.54671	0.21778	0.01963	0.00837	0.00258	0.00373	0.01747	0.00629	0.00555
28	0.07779	0.01398	0.01466	0.01261	0.01593	0.07157	0.00986	0.22003	0.04377	0.14560	0.04698	0.19485	0.02200	0.03459	0.00851	0.00237	0.04062	0.00931	0.00619	0.00878
29	0.29620	0.01325	0.01356	0.01161	0.01551	0.01452	0.00948	0.21145	0.04924	0.10404	0.01806	0.02473	0.01522	0.06123	0.03265	0.00278	0.00651	0.08570	0.00565	0.00863
30	0.01041	0.00747	0.00860	0.00808	0.01035	0.00670	0.00614	0.01352	0.04852	0.06920	0.31386	0.05444	0.38842	0.01480	0.00780	0.00219	0.00355	0.01259	0.00684	0.00653
31	0.02506	0.03198	0.01901	0.01729	0.02074	0.73725	0.01296	0.02679	0.01901	0.01642	0.01037	0.01210	0.00864	0.00691	0.00605	0.00173	0.01210	0.00432	0.00346	0.00778
32	0.08624	0.01525	0.02431	0.11871	0.54003	0.01591	0.01867	0.04001	0.03642	0.02286	0.01280	0.01650	0.01046	0.00624	0.00644	0.00204	0.00774	0.00582	0.00356	0.00999
33	0.00862	0.00616	0.00829	0.00985	0.01043	0.00583	0.00700	0.01011	0.01328	0.01762	0.03674	0.64494	0.04341	0.02060	0.00868	0.00279	0.00428	0.12957	0.00622	0.00557
34	0.00864	0.00630	0.00810	0.00936	0.01017	0.00589	0.00668	0.01012	0.01342	0.01751	0.04011	0.52022	0.13385	0.05962	0.00995	0.00292	0.00432	0.12118	0.00611	0.00552
35	0.03078	0.01279	0.08423	0.01118	0.01417	0.03490	0.00943	0.11697	0.07671	0.02385	0.07903	0.21114	0.10746	0.05724	0.00878	0.00250	0.00548	0.02615	0.07978	0.00745
36	0.04386	0.34673	0.23356	0.01414	0.02045	0.09484	0.01498	0.02163	0.04389	0.03932	0.05873	0.01547	0.01290	0.00681	0.00551	0.00179	0.00804	0.00489	0.00358	0.00887
37	0.03621	0.00836	0.00998	0.00963	0.01169	0.00824	0.00731	0.08768	0.01671	0.05447	0.16234	0.22718	0.19480	0.01930	0.08473	0.00324	0.00573	0.03942	0.00624	0.00673
38	0.00878	0.00668	0.00792	0.00855	0.00977	0.00619	0.00603	0.01087	0.03850	0.01832	0.09677	0.35363	0.26062	0.09080	0.01077	0.00290	0.00409	0.04700	0.00613	0.00567
39	0.01004	0.00745	0.00869	0.00888	0.01038	0.00733	0.00637	0.03576	0.06918	0.02009	0.09970	0.28119	0.20021	0.08204	0.05860	0.00327	0.00504	0.01338	0.06622	0.00617
40	0.04224	0.09648	0.02121	0.01890	0.16043	0.07882	0.01292	0.23953	0.04491	0.02780	0.01348	0.01499	0.01060	0.00660	0.00593	0.00171	0.00721	0.00515	0.00467	0.18642
41	0.05008	0.09684	0.08690	0.01719	0.10814	0.14553	0.01329	0.11948	0.01831	0.09405	0.03928	0.02236	0.04765	0.00823	0.00636	0.00194	0.00772	0.05049	0.00477	0.06140

[dist]
# distance from previous block
# <min> <max>
0	10

[block]
# block no. 8 follows, 32 sequences, length 95
# corresponding to MSA columns:
# 587-681
name=unknown_I
#
