[name]
unknown

[dist]
# distance from previous block
# <min> <max>
1	9

[block]
# block no. 0 follows, 33 sequences, length 16
# corresponding to MSA columns:
# 10-25
name=unknown_A
#
# <colnr> <probs for GDERKNQSTAVLIFYWHMCP>
#	G	D	E	R	K	N	Q	S	T	A	V	L	I	F	Y	W	H	M	C	P
0	0.01719	0.01840	0.21615	0.01345	0.01936	0.01272	0.01339	0.16583	0.01831	0.12171	0.05504	0.05611	0.05324	0.00940	0.02675	0.00211	0.00697	0.00671	0.00512	0.16204
1	0.10316	0.01721	0.01826	0.01420	0.01928	0.01896	0.01170	0.56493	0.05575	0.08670	0.01628	0.01610	0.01150	0.00778	0.00634	0.00200	0.00684	0.00580	0.00645	0.01076
2	0.00963	0.00703	0.00868	0.00870	0.00963	0.00722	0.00599	0.01209	0.05906	0.01714	0.12791	0.13563	0.07788	0.30576	0.17326	0.00560	0.00767	0.01074	0.00497	0.00543
3	0.00966	0.00659	0.00784	0.00752	0.00920	0.00607	0.00564	0.01249	0.01693	0.02440	0.45214	0.04655	0.17551	0.01282	0.00709	0.00198	0.00314	0.01104	0.17728	0.00607
4	0.34026	0.14413	0.15525	0.01311	0.01863	0.03755	0.05334	0.09574	0.01463	0.02528	0.01077	0.01267	0.00841	0.00691	0.00592	0.03385	0.00711	0.00442	0.00379	0.00825
5	0.01452	0.01221	0.01412	0.01016	0.01597	0.00966	0.00816	0.06903	0.01497	0.02298	0.01201	0.01382	0.00986	0.00511	0.00501	0.00105	0.00506	0.00405	0.00410	0.74816
6	0.07096	0.01268	0.01466	0.01159	0.01600	0.01279	0.00948	0.24731	0.02137	0.33099	0.02082	0.01998	0.01421	0.00786	0.00607	0.00192	0.00562	0.00612	0.15957	0.00999
7	0.01435	0.01380	0.02340	0.36589	0.33751	0.01555	0.04079	0.01834	0.01379	0.01891	0.01181	0.01678	0.00952	0.00662	0.00774	0.00214	0.06536	0.00591	0.00308	0.00870
8	0.00837	0.00669	0.00748	0.00728	0.00925	0.00581	0.00546	0.01058	0.01639	0.02107	0.31706	0.05796	0.47248	0.01545	0.00777	0.00216	0.00325	0.01314	0.00655	0.00581
9	0.01328	0.01262	0.02103	0.56765	0.16540	0.01524	0.01832	0.01735	0.01325	0.01758	0.01158	0.01708	0.00906	0.00684	0.00774	0.00220	0.06708	0.00585	0.00298	0.00786
10	0.01454	0.01158	0.01287	0.01173	0.01474	0.01278	0.00903	0.02740	0.46295	0.05448	0.21062	0.07506	0.03239	0.01079	0.00708	0.00221	0.00459	0.00926	0.00687	0.00904
11	0.00801	0.00578	0.00759	0.00904	0.00951	0.00536	0.00605	0.00918	0.01273	0.01686	0.03788	0.72760	0.07925	0.02042	0.00837	0.00265	0.00379	0.01846	0.00611	0.00536
12	0.00908	0.00664	0.00852	0.00821	0.00973	0.00608	0.00610	0.01190	0.01783	0.02486	0.60995	0.10779	0.12011	0.01432	0.00782	0.00213	0.00318	0.01263	0.00705	0.00608
13	0.00894	0.00666	0.00832	0.00802	0.00963	0.00603	0.00597	0.01165	0.01757	0.02415	0.55523	0.09399	0.19051	0.01451	0.00781	0.00214	0.00319	0.01269	0.00696	0.00603
14	0.01365	0.01170	0.01365	0.00975	0.01560	0.00878	0.00780	0.01658	0.01365	0.02145	0.01170	0.01365	0.00975	0.00488	0.00488	0.00098	0.00488	0.00390	0.00390	0.80888
15	0.06607	0.00775	0.00846	0.00779	0.01045	0.00688	0.00601	0.01387	0.01587	0.12377	0.15923	0.05162	0.46989	0.01422	0.00736	0.00216	0.00375	0.01182	0.00645	0.00659

[dist]
# distance from previous block
# <min> <max>
0	1

[block]
# block no. 1 follows, 33 sequences, length 51
# corresponding to MSA columns:
# 27-77
name=unknown_B
#
# <colnr> <probs for GDERKNQSTAVLIFYWHMCP>
#	G	D	E	R	K	N	Q	S	T	A	V	L	I	F	Y	W	H	M	C	P
0	0.69283	0.12927	0.01348	0.00906	0.01337	0.01650	0.00776	0.01941	0.01154	0.02738	0.00916	0.01067	0.00733	0.00604	0.00410	0.00194	0.00539	0.00356	0.00388	0.00733
1	0.06604	0.01846	0.04137	0.05569	0.34367	0.14674	0.04822	0.02187	0.07093	0.02066	0.01253	0.01566	0.01031	0.00695	0.00803	0.00206	0.09252	0.00561	0.00354	0.00915
2	0.01144	0.00572	0.00858	0.00858	0.00858	0.00572	0.00572	0.00858	0.00858	0.01144	0.01144	0.02001	0.01144	0.02287	0.02573	0.80846	0.00572	0.00572	0.00286	0.00286
3	0.01502	0.01621	0.09056	0.14297	0.34998	0.03102	0.01724	0.02161	0.13283	0.02134	0.01591	0.05925	0.01338	0.00734	0.00657	0.00205	0.00748	0.00664	0.00393	0.03867
4	0.01342	0.01252	0.04008	0.53828	0.12584	0.01395	0.03560	0.01748	0.01373	0.04193	0.04318	0.01893	0.01167	0.00743	0.00738	0.03310	0.00827	0.00616	0.00333	0.00772
5	0.10804	0.12859	0.11003	0.05148	0.12020	0.06249	0.05973	0.16921	0.01783	0.05144	0.01252	0.01441	0.00962	0.00659	0.00622	0.00191	0.02412	0.00514	0.00414	0.03629
6	0.01775	0.18243	0.21410	0.03972	0.13541	0.01763	0.09873	0.07244	0.01590	0.10622	0.01342	0.01529	0.01007	0.00647	0.00650	0.00194	0.02708	0.00542	0.00386	0.00962
7	0.00965	0.00646	0.00760	0.00760	0.00782	0.00662	0.00459	0.01009	0.00987	0.01356	0.02035	0.04003	0.02265	0.64162	0.12882	0.00677	0.00779	0.00910	0.03468	0.00433
8	0.01293	0.01330	0.04086	0.01569	0.12172	0.12538	0.01045	0.01645	0.07007	0.01911	0.06236	0.30125	0.10281	0.01383	0.00745	0.00229	0.00607	0.04562	0.00522	0.00715
9	0.06128	0.16182	0.19807	0.03319	0.04132	0.04992	0.03794	0.16595	0.03493	0.10276	0.01487	0.04370	0.01154	0.00730	0.00601	0.00194	0.00773	0.00568	0.00453	0.00951
10	0.02285	0.01182	0.01708	0.01619	0.11483	0.01121	0.04180	0.06250	0.04095	0.41504	0.03795	0.02318	0.01655	0.05436	0.07994	0.00311	0.00739	0.00689	0.00642	0.00993
11	0.00906	0.00660	0.00843	0.00820	0.00961	0.00607	0.00600	0.01170	0.01728	0.02404	0.56388	0.12812	0.11251	0.04827	0.00899	0.00234	0.00335	0.01271	0.00688	0.00596
12	0.09303	0.15755	0.20375	0.01675	0.06768	0.06864	0.06094	0.08903	0.05985	0.03864	0.04022	0.03379	0.01314	0.00732	0.00601	0.00196	0.00784	0.02078	0.00408	0.00900
13	0.01581	0.01738	0.12440	0.16634	0.19641	0.07485	0.05463	0.03544	0.04660	0.07339	0.01861	0.07941	0.05151	0.00824	0.00675	0.00211	0.00795	0.00728	0.00411	0.00880
14	0.00814	0.00590	0.00772	0.00913	0.00972	0.00548	0.00627	0.00943	0.01293	0.01704	0.03859	0.67228	0.09672	0.02018	0.00839	0.00266	0.00390	0.05400	0.00611	0.00540
15	0.01596	0.05123	0.07898	0.25181	0.19530	0.03450	0.15669	0.09650	0.01627	0.02176	0.01250	0.01638	0.00962	0.00629	0.00666	0.00206	0.00892	0.00603	0.00349	0.00903
16	0.05271	0.09542	0.23620	0.12462	0.10559	0.07324	0.03318	0.06192	0.01585	0.12068	0.01361	0.01546	0.00993	0.00658	0.00612	0.00198	0.00839	0.00526	0.00395	0.00933
17	0.01248	0.01056	0.01317	0.11365	0.01699	0.04395	0.00973	0.05673	0.05227	0.01815	0.07298	0.02814	0.01948	0.20672	0.20217	0.00540	0.09929	0.00757	0.00414	0.00645
18	0.06684	0.02072	0.01553	0.01344	0.01695	0.33622	0.01021	0.15067	0.01853	0.02238	0.01398	0.04422	0.01242	0.09066	0.00887	0.00223	0.00849	0.00568	0.04061	0.10136
19	0.01345	0.07531	0.69542	0.01834	0.02785	0.01589	0.02359	0.02079	0.01387	0.02055	0.01167	0.01371	0.00835	0.00622	0.00614	0.00205	0.00958	0.00479	0.00278	0.00966
20	0.01047	0.00710	0.00825	0.00781	0.01002	0.00616	0.00591	0.01264	0.01638	0.09260	0.26306	0.09248	0.41292	0.01503	0.00769	0.00218	0.00352	0.01281	0.00667	0.00632
21	0.01275	0.01205	0.01995	0.63023	0.08017	0.01501	0.01780	0.01680	0.01293	0.01696	0.01161	0.01741	0.00904	0.00802	0.02580	0.00244	0.07475	0.00587	0.00295	0.00744
22	0.00802	0.00573	0.00764	0.00917	0.00955	0.00535	0.00611	0.00917	0.01260	0.01681	0.03628	0.76434	0.04354	0.02062	0.00840	0.00267	0.00382	0.01872	0.00611	0.00535
23	0.01050	0.00759	0.00951	0.00945	0.01089	0.00742	0.00687	0.08882	0.01730	0.02376	0.33408	0.36823	0.04801	0.01607	0.00792	0.00233	0.00389	0.01431	0.00666	0.00638
24	0.01760	0.77260	0.03450	0.01126	0.01690	0.02605	0.01126	0.01971	0.01338	0.01549	0.00915	0.01056	0.00845	0.00563	0.00422	0.00141	0.00704	0.00352	0.00282	0.00845
25	0.00819	0.00669	0.00724	0.00710	0.00915	0.00573	0.00533	0.01025	0.01598	0.02010	0.24356	0.05954	0.54658	0.01581	0.00778	0.00218	0.00327	0.01336	0.00642	0.00573
26	0.01721	0.01456	0.01536	0.01357	0.01744	0.01677	0.01062	0.10004	0.64925	0.02889	0.02573	0.02371	0.01923	0.00883	0.00669	0.00221	0.00541	0.00730	0.00669	0.01050
27	0.01434	0.01168	0.01372	0.00984	0.01565	0.00881	0.00788	0.01725	0.01388	0.05225	0.01232	0.01403	0.01003	0.00502	0.00495	0.00102	0.00491	0.00402	0.00408	0.77431
28	0.00828	0.00678	0.00729	0.00747	0.00933	0.00598	0.00545	0.01054	0.04067	0.01840	0.10051	0.18209	0.52119	0.03548	0.00848	0.00239	0.00355	0.01426	0.00615	0.00570
29	0.01782	0.39844	0.20798	0.01341	0.01997	0.04069	0.01424	0.04825	0.01491	0.08825	0.01197	0.01306	0.00940	0.00610	0.00517	0.00164	0.00756	0.00431	0.00358	0.07326
30	0.02172	0.29439	0.02449	0.01341	0.01856	0.05456	0.01171	0.39302	0.02320	0.03007	0.01337	0.01410	0.01032	0.00701	0.00560	0.00174	0.00719	0.00498	0.04077	0.00980
31	0.01575	0.01178	0.01341	0.01046	0.01506	0.01057	0.00829	0.14658	0.03720	0.05168	0.01699	0.08882	0.01469	0.00755	0.00562	0.00147	0.00504	0.00619	0.10072	0.43214
32	0.01173	0.01066	0.01112	0.01127	0.01272	0.08310	0.00837	0.01586	0.12359	0.01862	0.03293	0.38223	0.10929	0.01596	0.00908	0.00250	0.07447	0.05428	0.00563	0.00661
33	0.00957	0.00638	0.00718	0.00718	0.00718	0.00638	0.00399	0.00957	0.00957	0.01276	0.02074	0.04308	0.02393	0.76864	0.03351	0.00638	0.00638	0.00957	0.00399	0.00399
34	0.02035	0.02247	0.01671	0.01512	0.01868	0.36713	0.01153	0.03078	0.37885	0.02202	0.01876	0.01843	0.01448	0.00789	0.00633	0.00197	0.00843	0.00590	0.00510	0.00907
35	0.01365	0.01170	0.01365	0.00975	0.01560	0.00878	0.00780	0.01658	0.01365	0.02145	0.01170	0.01365	0.00975	0.00488	0.00488	0.00098	0.00488	0.00390	0.00390	0.80888
36	0.01554	0.01776	0.03885	0.02775	0.03441	0.01665	0.70366	0.02109	0.01554	0.02109	0.01332	0.01776	0.00999	0.00555	0.00777	0.00222	0.01110	0.00777	0.00333	0.00888
37	0.65420	0.01183	0.01010	0.03599	0.01374	0.01345	0.00753	0.01876	0.01206	0.05940	0.04443	0.06921	0.01280	0.00763	0.00477	0.00209	0.00507	0.00529	0.00451	0.00714
38	0.00957	0.00638	0.00718	0.00718	0.00718	0.00638	0.00399	0.00957	0.00957	0.01276	0.02074	0.04308	0.02393	0.76864	0.03351	0.00638	0.00638	0.00957	0.00399	0.00399
39	0.01365	0.01170	0.01365	0.00975	0.01560	0.00878	0.00780	0.01658	0.01365	0.02145	0.01170	0.01365	0.00975	0.00488	0.00488	0.00098	0.00488	0.00390	0.00390	0.80888
40	0.01817	0.02035	0.02728	0.02128	0.02518	0.20268	0.29174	0.06670	0.01586	0.01974	0.01140	0.01520	0.00931	0.00767	0.01103	0.00225	0.21627	0.00619	0.00344	0.00825
41	0.81514	0.01273	0.00968	0.00866	0.01273	0.01477	0.00713	0.01935	0.01120	0.02954	0.00917	0.01069	0.00713	0.00611	0.00407	0.00204	0.00509	0.00356	0.00407	0.00713
42	0.01384	0.01354	0.02099	0.57798	0.17201	0.05546	0.01833	0.01798	0.01381	0.01766	0.01174	0.01700	0.00907	0.00646	0.00653	0.00212	0.00877	0.00576	0.00301	0.00792
43	0.00819	0.00606	0.00766	0.00859	0.00948	0.00553	0.00594	0.00975	0.01401	0.01855	0.15456	0.52625	0.16377	0.01877	0.00819	0.00250	0.00362	0.01677	0.00630	0.00553
44	0.00899	0.00623	0.00756	0.00815	0.00847	0.00609	0.00516	0.00965	0.01109	0.01472	0.02842	0.29691	0.05876	0.42506	0.04668	0.00494	0.00573	0.03784	0.00488	0.00467
45	0.00934	0.00641	0.00780	0.00800	0.00824	0.00655	0.00496	0.00988	0.01014	0.01371	0.02226	0.13451	0.02527	0.55267	0.14676	0.00659	0.00790	0.01035	0.00419	0.00448
46	0.01715	0.41378	0.16982	0.01470	0.03667	0.06003	0.04058	0.07559	0.04737	0.01963	0.01238	0.04255	0.01067	0.00675	0.00538	0.00174	0.00781	0.00502	0.00348	0.00891
47	0.00912	0.00650	0.00728	0.00726	0.00792	0.00627	0.00452	0.00973	0.01120	0.01448	0.04960	0.04732	0.19770	0.52525	0.06456	0.00547	0.00615	0.01056	0.00457	0.00453
48	0.01492	0.07129	0.08983	0.01662	0.05701	0.08030	0.10733	0.06437	0.04669	0.03520	0.02229	0.17395	0.06703	0.01106	0.00856	0.00226	0.08308	0.03573	0.00453	0.00795
49	0.01598	0.01321	0.01410	0.01248	0.01602	0.01481	0.00976	0.13118	0.46567	0.02778	0.05157	0.05100	0.10623	0.01128	0.02644	0.00242	0.00551	0.00846	0.00653	0.00954
50	0.01582	0.01572	0.09949	0.12288	0.02162	0.04044	0.02949	0.21758	0.07079	0.02572	0.04133	0.05515	0.13142	0.03866	0.02381	0.00245	0.00710	0.00799	0.02410	0.00843

[dist]
# distance from previous block
# <min> <max>
0	2

[block]
# block no. 2 follows, 33 sequences, length 30
# corresponding to MSA columns:
# 80-109
name=unknown_C
#
# <colnr> <probs for GDERKNQSTAVLIFYWHMCP>
#	G	D	E	R	K	N	Q	S	T	A	V	L	I	F	Y	W	H	M	C	P
0	0.21208	0.13102	0.07991	0.01197	0.01621	0.01386	0.05723	0.04045	0.03656	0.10082	0.04292	0.16755	0.04435	0.00991	0.00611	0.00210	0.00596	0.00818	0.00491	0.00792
1	0.01344	0.01256	0.01699	0.01627	0.07842	0.05237	0.05520	0.04890	0.01362	0.01882	0.08606	0.06024	0.06036	0.07359	0.11920	0.00389	0.25089	0.00799	0.00409	0.00710
2	0.01998	0.25999	0.11169	0.01465	0.01948	0.29566	0.01323	0.02380	0.06659	0.05826	0.01282	0.03319	0.01067	0.00708	0.00600	0.00177	0.02808	0.00488	0.00371	0.00848
3	0.01727	0.37192	0.28690	0.01484	0.02174	0.08457	0.01626	0.08111	0.01558	0.01979	0.01080	0.01235	0.00865	0.00616	0.00532	0.00173	0.00846	0.00429	0.00319	0.00909
4	0.05003	0.05795	0.23368	0.01501	0.02143	0.07978	0.01502	0.21416	0.01989	0.16326	0.01528	0.01560	0.01072	0.00701	0.00614	0.00191	0.00786	0.00528	0.00504	0.05495
5	0.01558	0.04782	0.01796	0.01426	0.01758	0.01265	0.12660	0.18265	0.04668	0.06783	0.02511	0.32956	0.02562	0.01299	0.00750	0.00232	0.00625	0.02721	0.00575	0.00809
6	0.01689	0.24855	0.13673	0.01370	0.01855	0.09197	0.01333	0.07292	0.04670	0.05522	0.01850	0.02946	0.01722	0.00957	0.00641	0.00208	0.00758	0.18178	0.00444	0.00838
7	0.00848	0.00607	0.00803	0.00943	0.01003	0.00574	0.00665	0.00987	0.01292	0.01708	0.03629	0.60223	0.06370	0.05685	0.00972	0.00290	0.00427	0.11835	0.00600	0.00540
8	0.00957	0.00638	0.00718	0.00718	0.00718	0.00638	0.00399	0.00957	0.00957	0.01276	0.02074	0.04308	0.02393	0.76864	0.03351	0.00638	0.00638	0.00957	0.00399	0.00399
9	0.00802	0.00573	0.00764	0.00917	0.00955	0.00535	0.00611	0.00917	0.01260	0.01681	0.03628	0.76434	0.04354	0.02062	0.00840	0.00267	0.00382	0.01872	0.00611	0.00535
10	0.01123	0.00952	0.01367	0.01269	0.01347	0.01222	0.01019	0.01330	0.01054	0.01585	0.01472	0.02190	0.01381	0.03476	0.46652	0.00758	0.26913	0.00658	0.03599	0.00634
11	0.01760	0.77260	0.03450	0.01126	0.01690	0.02605	0.01126	0.01971	0.01338	0.01549	0.00915	0.01056	0.00845	0.00563	0.00422	0.00141	0.00704	0.00352	0.00282	0.00845
12	0.00957	0.00638	0.00718	0.00718	0.00718	0.00638	0.00399	0.00957	0.00957	0.01276	0.02074	0.04308	0.02393	0.76864	0.03351	0.00638	0.00638	0.00957	0.00399	0.00399
13	0.01335	0.03303	0.69101	0.01933	0.02886	0.01537	0.06682	0.02086	0.01400	0.02086	0.01191	0.01414	0.00844	0.00621	0.00635	0.00209	0.00981	0.00505	0.00281	0.00968
14	0.01280	0.01077	0.01272	0.00958	0.01460	0.00826	0.00752	0.01557	0.01394	0.02140	0.06867	0.08596	0.01690	0.00699	0.00542	0.00122	0.00464	0.00589	0.00436	0.67279
15	0.00950	0.00667	0.00864	0.00864	0.00915	0.00718	0.00581	0.01051	0.01001	0.01385	0.01940	0.03567	0.02072	0.45898	0.33876	0.00819	0.01123	0.00849	0.00379	0.00480
16	0.01243	0.01170	0.01975	0.75282	0.04534	0.01463	0.01828	0.01682	0.01316	0.01682	0.01170	0.01755	0.00878	0.00658	0.00658	0.00219	0.00878	0.00585	0.00293	0.00731
17	0.01629	0.01564	0.02672	0.04041	0.72757	0.01564	0.02020	0.02020	0.01499	0.02151	0.01238	0.01629	0.01043	0.00587	0.00652	0.00196	0.00782	0.00587	0.00326	0.01043
18	0.01429	0.01222	0.01377	0.01230	0.01562	0.01337	0.03728	0.06443	0.43971	0.02507	0.03484	0.09708	0.16919	0.01139	0.00711	0.00225	0.00505	0.00972	0.00638	0.00893
19	0.00957	0.00638	0.00718	0.00718	0.00718	0.00638	0.00399	0.00957	0.00957	0.01276	0.02074	0.04308	0.02393	0.76864	0.03351	0.00638	0.00638	0.00957	0.00399	0.00399
20	0.00898	0.00672	0.00833	0.00793	0.00963	0.00607	0.00595	0.01177	0.01784	0.02451	0.57995	0.05228	0.20744	0.01416	0.00777	0.00210	0.00316	0.01234	0.00700	0.00607
21	0.00894	0.00661	0.00835	0.00813	0.00966	0.00602	0.00601	0.01162	0.01744	0.02405	0.54981	0.12663	0.16290	0.01471	0.00783	0.00216	0.00322	0.01293	0.00695	0.00602
22	0.00803	0.00668	0.00701	0.00693	0.00904	0.00566	0.00520	0.00992	0.01559	0.01916	0.17194	0.06109	0.61879	0.01616	0.00778	0.00220	0.00330	0.01358	0.00629	0.00566
23	0.77104	0.01265	0.00999	0.00883	0.01296	0.01448	0.00727	0.02007	0.01163	0.06898	0.01011	0.01135	0.00764	0.00623	0.00422	0.00204	0.00512	0.00374	0.00430	0.00736
24	0.00802	0.00573	0.00764	0.00917	0.00955	0.00535	0.00611	0.00917	0.01260	0.01681	0.03628	0.76434	0.04354	0.02062	0.00840	0.00267	0.00382	0.01872	0.00611	0.00535
25	0.01054	0.00674	0.00837	0.00789	0.00956	0.00629	0.00594	0.01358	0.01751	0.04788	0.53373	0.04346	0.06943	0.01214	0.00705	0.00196	0.00318	0.01056	0.17784	0.00633
26	0.02318	0.02906	0.06567	0.01852	0.05240	0.58459	0.05654	0.02563	0.01801	0.05081	0.01132	0.01306	0.00902	0.00670	0.00613	0.00178	0.01121	0.00468	0.00357	0.00813
27	0.11807	0.44792	0.06900	0.01608	0.10932	0.04391	0.04535	0.02057	0.01383	0.04792	0.01064	0.01237	0.00893	0.00589	0.00493	0.00167	0.00733	0.00425	0.00329	0.00872
28	0.11673	0.23832	0.17951	0.01401	0.03654	0.03678	0.01364	0.09085	0.05870	0.04531	0.01302	0.01475	0.01032	0.00965	0.05758	0.00247	0.02707	0.00485	0.02109	0.00883
29	0.06694	0.05016	0.04701	0.01366	0.01851	0.06299	0.01149	0.37394	0.05631	0.09634	0.01741	0.07454	0.01389	0.00844	0.00633	0.00195	0.00684	0.00655	0.00586	0.06084

[dist]
# distance from previous block
# <min> <max>
0	3

[block]
# block no. 3 follows, 33 sequences, length 27
# corresponding to MSA columns:
# 113-139
name=unknown_D
#
# <colnr> <probs for GDERKNQSTAVLIFYWHMCP>
#	G	D	E	R	K	N	Q	S	T	A	V	L	I	F	Y	W	H	M	C	P
0	0.01849	0.40975	0.09543	0.01371	0.03876	0.07997	0.01261	0.12801	0.01700	0.04388	0.03855	0.05107	0.01287	0.00726	0.00541	0.00171	0.00740	0.00531	0.00396	0.00885
1	0.06355	0.01217	0.04875	0.01050	0.01561	0.00959	0.00886	0.02071	0.04479	0.19530	0.05469	0.03789	0.05724	0.00747	0.00579	0.00157	0.00512	0.00607	0.00536	0.38898
2	0.03937	0.04960	0.21623	0.01798	0.06874	0.03491	0.12317	0.06542	0.08674	0.05424	0.05503	0.09662	0.03019	0.00886	0.00682	0.00215	0.00769	0.02280	0.00454	0.00890
3	0.07812	0.10622	0.09611	0.01753	0.10909	0.03562	0.05411	0.11878	0.05970	0.12529	0.01742	0.07019	0.01451	0.00841	0.00687	0.00207	0.03227	0.03351	0.00490	0.00929
4	0.01923	0.05813	0.01643	0.09052	0.01963	0.35515	0.01118	0.04053	0.07706	0.04239	0.03621	0.06380	0.01475	0.00814	0.00604	0.00185	0.00842	0.00616	0.11667	0.00769
5	0.00826	0.00608	0.00777	0.00887	0.00967	0.00566	0.00618	0.00968	0.01322	0.01735	0.06908	0.53991	0.15153	0.04265	0.03399	0.00297	0.00437	0.05131	0.00601	0.00543
6	0.04055	0.07030	0.20498	0.04393	0.14219	0.16160	0.08823	0.04066	0.01589	0.06818	0.03191	0.01571	0.01097	0.00671	0.00674	0.00198	0.03123	0.00548	0.00367	0.00908
7	0.01256	0.01522	0.15149	0.01777	0.15511	0.01179	0.03252	0.01898	0.14466	0.02109	0.07488	0.09561	0.13608	0.07203	0.00919	0.00251	0.00627	0.00918	0.00486	0.00820
8	0.00830	0.00593	0.00796	0.00949	0.00999	0.00559	0.00660	0.00965	0.01288	0.01712	0.03613	0.68949	0.04293	0.02036	0.00848	0.00271	0.00406	0.09080	0.00611	0.00542
9	0.01517	0.01898	0.16196	0.10324	0.41422	0.01577	0.10743	0.01995	0.01450	0.02067	0.01219	0.01608	0.00975	0.00618	0.00718	0.00207	0.03596	0.00591	0.00313	0.00968
10	0.01611	0.08280	0.42158	0.04591	0.08698	0.01583	0.04000	0.03745	0.04952	0.10003	0.01401	0.01563	0.01013	0.00669	0.00668	0.00205	0.02977	0.00534	0.00372	0.00974
11	0.01430	0.01426	0.04883	0.24272	0.43860	0.01439	0.01850	0.01823	0.01420	0.01969	0.01437	0.08549	0.01292	0.00745	0.00670	0.00210	0.00780	0.00701	0.00341	0.00903
12	0.00945	0.00688	0.00972	0.00972	0.01059	0.00776	0.00715	0.01120	0.01032	0.01464	0.01842	0.03023	0.01836	0.23191	0.56261	0.00951	0.01478	0.00769	0.00364	0.00540
13	0.12765	0.01233	0.01471	0.01084	0.01641	0.01044	0.04474	0.03860	0.01426	0.07028	0.01250	0.01410	0.00987	0.00539	0.00508	0.00129	0.00535	0.00430	0.00426	0.57758
14	0.01922	0.13564	0.01955	0.01386	0.01792	0.07598	0.01137	0.14900	0.34332	0.05954	0.01936	0.01894	0.01473	0.00822	0.00734	0.00205	0.06241	0.00614	0.00559	0.00982
15	0.01563	0.00926	0.01114	0.00962	0.01262	0.00862	0.00743	0.08003	0.04035	0.17853	0.18200	0.11395	0.12546	0.03932	0.00791	0.00217	0.00447	0.00988	0.06616	0.07544
16	0.00819	0.00702	0.00706	0.00699	0.00928	0.00607	0.00526	0.01065	0.04802	0.01824	0.06481	0.06153	0.69169	0.01631	0.00773	0.00222	0.00342	0.01359	0.00614	0.00579
17	0.05863	0.01699	0.01798	0.01407	0.01890	0.01883	0.01154	0.58313	0.06859	0.03885	0.01659	0.01676	0.01197	0.00787	0.00633	0.00196	0.00671	0.00593	0.06781	0.01058
18	0.01392	0.01320	0.01871	0.01590	0.01715	0.01691	0.04520	0.03485	0.03143	0.01762	0.01189	0.01828	0.01119	0.01605	0.11958	0.00374	0.49181	0.02682	0.00338	0.07237
19	0.06926	0.02466	0.01613	0.01446	0.01783	0.51248	0.01100	0.04705	0.01796	0.07778	0.01319	0.01458	0.01031	0.00702	0.00572	0.00173	0.00957	0.00472	0.11674	0.00780
20	0.00825	0.00590	0.00786	0.00917	0.00972	0.00552	0.00627	0.00967	0.01334	0.01794	0.11063	0.66381	0.04536	0.01977	0.00836	0.00262	0.00382	0.04029	0.00623	0.00546
21	0.00813	0.00663	0.00720	0.00730	0.00925	0.00571	0.00547	0.01002	0.01537	0.01908	0.16280	0.11863	0.54563	0.01656	0.00787	0.00226	0.00343	0.03672	0.00628	0.00566
22	0.00955	0.00694	0.01003	0.00999	0.01114	0.00786	0.00765	0.01186	0.01129	0.01644	0.07173	0.02857	0.02039	0.08642	0.60891	0.00924	0.01515	0.00752	0.04350	0.00581
23	0.01500	0.01481	0.08319	0.01274	0.01611	0.07207	0.04079	0.05384	0.23052	0.05152	0.12346	0.02915	0.02383	0.16652	0.03499	0.00324	0.00688	0.00792	0.00538	0.00804
24	0.06716	0.19667	0.07400	0.01608	0.07189	0.12843	0.01314	0.23173	0.09421	0.02646	0.01364	0.01452	0.01059	0.00694	0.00577	0.00184	0.00777	0.00505	0.00457	0.00954
25	0.06297	0.10919	0.09850	0.07946	0.14802	0.07176	0.01470	0.14461	0.08010	0.10608	0.01498	0.01616	0.01117	0.00692	0.00608	0.00195	0.00758	0.00546	0.00464	0.00969
26	0.07637	0.09378	0.05800	0.01542	0.09987	0.07551	0.01146	0.15236	0.05535	0.02414	0.01814	0.07813	0.05055	0.05232	0.00763	0.00211	0.00672	0.00676	0.00459	0.11077

[dist]
# distance from previous block
# <min> <max>
8	32

[block]
# block no. 4 follows, 33 sequences, length 55
# corresponding to MSA columns:
# 174-228
name=unknown_E
#
# <colnr> <probs for GDERKNQSTAVLIFYWHMCP>
#	G	D	E	R	K	N	Q	S	T	A	V	L	I	F	Y	W	H	M	C	P
0	0.01387	0.01116	0.03233	0.01484	0.08593	0.01102	0.04096	0.10461	0.03679	0.04784	0.02384	0.11419	0.04162	0.17194	0.03260	0.00344	0.03717	0.13924	0.00505	0.03157
1	0.09551	0.06183	0.20726	0.01731	0.06916	0.09043	0.09410	0.06289	0.05261	0.02267	0.04709	0.04463	0.03969	0.00753	0.00624	0.00196	0.00792	0.00628	0.00403	0.06086
2	0.04210	0.10442	0.12861	0.01873	0.15122	0.07101	0.01433	0.13554	0.09758	0.07276	0.01919	0.03869	0.06171	0.00795	0.00628	0.00197	0.00729	0.00639	0.00472	0.00950
3	0.05162	0.02304	0.01908	0.04617	0.03820	0.35666	0.04303	0.21165	0.02093	0.02473	0.03347	0.01477	0.01101	0.00703	0.00614	0.00179	0.00927	0.00515	0.00443	0.07182
4	0.01067	0.00797	0.00952	0.00970	0.01125	0.00792	0.00701	0.10454	0.03787	0.02117	0.07940	0.45540	0.14991	0.01848	0.03415	0.00274	0.00470	0.01501	0.00617	0.00640
5	0.01341	0.03271	0.68012	0.01993	0.05456	0.01536	0.05176	0.02083	0.01401	0.02088	0.01190	0.01414	0.00848	0.00621	0.00633	0.00209	0.00971	0.00502	0.00282	0.00972
6	0.01685	0.01391	0.01485	0.01318	0.01704	0.01577	0.01028	0.03412	0.65678	0.05866	0.02616	0.02403	0.01952	0.00874	0.00662	0.00217	0.00521	0.00727	0.00665	0.04216
7	0.00843	0.00699	0.00742	0.00738	0.00947	0.00617	0.00550	0.01110	0.05087	0.01929	0.14473	0.10754	0.55972	0.01615	0.00777	0.00224	0.00343	0.01365	0.00628	0.00587
8	0.00987	0.00700	0.00890	0.00958	0.01120	0.00650	0.00764	0.01215	0.01515	0.04582	0.12400	0.20314	0.22897	0.01733	0.00835	0.00259	0.00451	0.26500	0.00630	0.00599
9	0.01227	0.00614	0.00614	0.00614	0.00767	0.00614	0.00460	0.01534	0.01381	0.02454	0.02148	0.02454	0.01687	0.00767	0.00460	0.00153	0.00307	0.00614	0.80518	0.00614
10	0.01760	0.77260	0.03450	0.01126	0.01690	0.02605	0.01126	0.01971	0.01338	0.01549	0.00915	0.01056	0.00845	0.00563	0.00422	0.00141	0.00704	0.00352	0.00282	0.00845
11	0.00803	0.00668	0.00702	0.00693	0.00905	0.00566	0.00520	0.00993	0.01559	0.01918	0.17342	0.06105	0.61730	0.01615	0.00778	0.00220	0.00330	0.01357	0.00630	0.00566
12	0.56575	0.01291	0.01160	0.00997	0.01421	0.01441	0.00814	0.05368	0.09393	0.13964	0.01411	0.01434	0.01023	0.00683	0.00488	0.00206	0.00528	0.00459	0.00512	0.00832
13	0.01381	0.01315	0.02202	0.47513	0.26354	0.01531	0.01865	0.01785	0.01355	0.01827	0.01172	0.01694	0.00930	0.00667	0.00754	0.00216	0.05719	0.00585	0.00303	0.00831
14	0.04567	0.02546	0.01693	0.01573	0.03979	0.52303	0.01161	0.07754	0.03651	0.01989	0.01404	0.01556	0.03241	0.00728	0.00589	0.00175	0.00982	0.00499	0.08827	0.00783
15	0.00957	0.00638	0.00718	0.00718	0.00718	0.00638	0.00399	0.00957	0.00957	0.01276	0.02074	0.04308	0.02393	0.76864	0.03351	0.00638	0.00638	0.00957	0.00399	0.00399
16	0.00802	0.00573	0.00764	0.00917	0.00955	0.00535	0.00611	0.00917	0.01260	0.01681	0.03628	0.76434	0.04354	0.02062	0.00840	0.00267	0.00382	0.01872	0.00611	0.00535
17	0.01326	0.01961	0.25061	0.06837	0.05303	0.03202	0.14547	0.03928	0.06039	0.02092	0.04559	0.14918	0.05399	0.00964	0.00711	0.00222	0.00795	0.00881	0.00420	0.00837
18	0.02807	0.01283	0.01620	0.01250	0.01757	0.01218	0.01030	0.17256	0.04904	0.56023	0.02389	0.02112	0.01538	0.00813	0.00662	0.00203	0.00593	0.00651	0.00776	0.01117
19	0.00802	0.00573	0.00764	0.00917	0.00955	0.00535	0.00611	0.00917	0.01260	0.01681	0.03628	0.76434	0.04354	0.02062	0.00840	0.00267	0.00382	0.01872	0.00611	0.00535
20	0.10989	0.12631	0.02025	0.01459	0.01867	0.23981	0.01192	0.24353	0.04117	0.02603	0.01210	0.01345	0.00957	0.00742	0.00718	0.00191	0.07801	0.00485	0.00447	0.00889
21	0.01523	0.01549	0.01875	0.07452	0.01983	0.11155	0.05091	0.03369	0.07958	0.01855	0.05133	0.08336	0.01573	0.01076	0.01397	0.00249	0.36548	0.00731	0.00393	0.00754
22	0.00940	0.00705	0.01058	0.01058	0.01176	0.00823	0.00823	0.01176	0.01058	0.01528	0.01763	0.02586	0.01646	0.04937	0.74255	0.01058	0.01763	0.00705	0.00353	0.00588
23	0.00960	0.00735	0.01096	0.01085	0.01198	0.00870	0.00847	0.01192	0.01056	0.01530	0.01728	0.02541	0.01615	0.04787	0.71392	0.01027	0.04698	0.00700	0.00350	0.00593
24	0.02372	0.01646	0.01839	0.04166	0.02023	0.01794	0.01206	0.53824	0.04828	0.11486	0.01846	0.04492	0.01396	0.00870	0.00674	0.00206	0.00690	0.02918	0.00659	0.01065
25	0.02503	0.01844	0.01976	0.01515	0.02042	0.02042	0.01251	0.70562	0.03095	0.04149	0.01581	0.01581	0.01120	0.00790	0.00659	0.00198	0.00724	0.00593	0.00659	0.01120
26	0.00940	0.00705	0.01058	0.01058	0.01176	0.00823	0.00823	0.01176	0.01058	0.01528	0.01763	0.02586	0.01646	0.04937	0.74255	0.01058	0.01763	0.00705	0.00353	0.00588
27	0.01629	0.01564	0.02672	0.04041	0.72757	0.01564	0.02020	0.02020	0.01499	0.02151	0.01238	0.01629	0.01043	0.00587	0.00652	0.00196	0.00782	0.00587	0.00326	0.01043
28	0.01440	0.01440	0.02016	0.01728	0.01728	0.02016	0.01440	0.01584	0.01008	0.01584	0.00864	0.01440	0.00864	0.01152	0.02160	0.00288	0.75659	0.00576	0.00288	0.00720
29	0.00937	0.00676	0.00887	0.00842	0.00998	0.00626	0.00637	0.01247	0.01851	0.02615	0.69853	0.05011	0.06122	0.01363	0.00781	0.00211	0.00322	0.03681	0.00720	0.00621
30	0.01637	0.01414	0.01489	0.01340	0.01712	0.01637	0.01042	0.03498	0.71568	0.02754	0.02679	0.02456	0.02010	0.00893	0.00670	0.00223	0.00521	0.00744	0.00670	0.01042
31	0.00802	0.00573	0.00764	0.00917	0.00955	0.00535	0.00611	0.00917	0.01260	0.01681	0.03628	0.76434	0.04354	0.02062	0.00840	0.00267	0.00382	0.01872	0.00611	0.00535
32	0.01243	0.01170	0.01975	0.75282	0.04534	0.01463	0.01828	0.01682	0.01316	0.01682	0.01170	0.01755	0.00878	0.00658	0.00658	0.00219	0.00878	0.00585	0.00293	0.00731
33	0.02503	0.01844	0.01976	0.01515	0.02042	0.02042	0.01251	0.70562	0.03095	0.04149	0.01581	0.01581	0.01120	0.00790	0.00659	0.00198	0.00724	0.00593	0.00659	0.01120
34	0.01365	0.01170	0.01365	0.00975	0.01560	0.00878	0.00780	0.01658	0.01365	0.02145	0.01170	0.01365	0.00975	0.00488	0.00488	0.00098	0.00488	0.00390	0.00390	0.80888
35	0.81514	0.01273	0.00968	0.00866	0.01273	0.01477	0.00713	0.01935	0.01120	0.02954	0.00917	0.01069	0.00713	0.00611	0.00407	0.00204	0.00509	0.00356	0.00407	0.00713
36	0.02809	0.01138	0.01509	0.01169	0.01663	0.01011	0.00962	0.05663	0.03999	0.65611	0.02726	0.02388	0.04491	0.00851	0.00667	0.00205	0.00556	0.00691	0.00796	0.01095
37	0.00804	0.00671	0.00703	0.00702	0.00915	0.00569	0.00532	0.00990	0.01540	0.01876	0.13534	0.06222	0.63167	0.01638	0.00782	0.00223	0.00340	0.03604	0.00623	0.00564
38	0.79112	0.01268	0.00985	0.00875	0.01286	0.01461	0.00721	0.01974	0.01144	0.05102	0.00968	0.01105	0.00741	0.00617	0.00415	0.00204	0.00511	0.00366	0.00420	0.00725
39	0.81514	0.01273	0.00968	0.00866	0.01273	0.01477	0.00713	0.01935	0.01120	0.02954	0.00917	0.01069	0.00713	0.00611	0.00407	0.00204	0.00509	0.00356	0.00407	0.00713
40	0.02322	0.02547	0.01799	0.01560	0.01958	0.47598	0.01199	0.13761	0.08356	0.04564	0.01325	0.01416	0.01034	0.00706	0.00605	0.00175	0.00975	0.00486	0.00441	0.07174
41	0.04600	0.01605	0.01828	0.01502	0.04778	0.01712	0.01182	0.44001	0.08309	0.20786	0.01888	0.01802	0.01303	0.00792	0.00653	0.00201	0.00664	0.00616	0.00677	0.01099
42	0.00884	0.00671	0.00814	0.00778	0.00954	0.00601	0.00584	0.01150	0.01751	0.02374	0.52100	0.05356	0.26687	0.01445	0.00777	0.00212	0.00318	0.01252	0.00690	0.00601
43	0.01155	0.00857	0.01062	0.03704	0.01324	0.00884	0.00810	0.12251	0.05299	0.02181	0.05316	0.51096	0.03611	0.01709	0.00798	0.00253	0.00474	0.05933	0.00614	0.00669
44	0.01629	0.01564	0.02672	0.04041	0.72757	0.01564	0.02020	0.02020	0.01499	0.02151	0.01238	0.01629	0.01043	0.00587	0.00652	0.00196	0.00782	0.00587	0.00326	0.01043
45	0.01684	0.01341	0.01452	0.01310	0.01673	0.01520	0.01024	0.03313	0.61552	0.07793	0.02735	0.04885	0.02125	0.00960	0.00684	0.00226	0.00523	0.03509	0.00676	0.01015
46	0.01868	0.01492	0.01563	0.01377	0.03479	0.04511	0.01061	0.20248	0.37110	0.07112	0.02761	0.02605	0.09997	0.00937	0.00676	0.00213	0.00587	0.00760	0.00647	0.00998
47	0.00826	0.00590	0.00750	0.00868	0.00912	0.00553	0.00569	0.00925	0.01227	0.01621	0.03574	0.60137	0.08475	0.14202	0.01244	0.00325	0.00420	0.01691	0.00577	0.00514
48	0.01428	0.01163	0.01255	0.01178	0.01466	0.03412	0.00926	0.05183	0.34580	0.04572	0.10052	0.08664	0.10910	0.01229	0.00737	0.00233	0.00512	0.11009	0.00649	0.00843
49	0.03550	0.01146	0.01763	0.42650	0.12286	0.01302	0.01505	0.01769	0.04498	0.01981	0.04062	0.02113	0.01334	0.00724	0.00632	0.00203	0.00724	0.03014	0.08357	0.06386
50	0.01603	0.01648	0.02831	0.10154	0.11396	0.05693	0.32703	0.07260	0.04699	0.02146	0.01365	0.01776	0.01077	0.00980	0.06349	0.00281	0.06118	0.00679	0.00366	0.00874
51	0.10116	0.01346	0.01483	0.01236	0.03223	0.07866	0.04641	0.06234	0.04201	0.10652	0.07560	0.07032	0.05339	0.00830	0.00608	0.00174	0.00591	0.00686	0.00512	0.25669
52	0.05489	0.04455	0.01717	0.01331	0.01741	0.05025	0.06674	0.17445	0.10415	0.15828	0.06217	0.10105	0.03934	0.02936	0.00740	0.00217	0.00632	0.00805	0.00601	0.03692
53	0.09376	0.04575	0.01684	0.04122	0.01814	0.11726	0.04787	0.09402	0.09819	0.12018	0.05513	0.04448	0.01618	0.01300	0.09195	0.00300	0.03433	0.00654	0.00510	0.03707
54	0.04752	0.01384	0.01594	0.01326	0.01714	0.03937	0.04085	0.16500	0.21157	0.14243	0.07240	0.07955	0.03633	0.00961	0.00732	0.00212	0.03418	0.00790	0.00629	0.03735

[dist]
# distance from previous block
# <min> <max>
13	38

[block]
# block no. 5 follows, 33 sequences, length 12
# corresponding to MSA columns:
# 268-279
name=unknown_F
#
# <colnr> <probs for GDERKNQSTAVLIFYWHMCP>
#	G	D	E	R	K	N	Q	S	T	A	V	L	I	F	Y	W	H	M	C	P
0	0.13582	0.01850	0.01534	0.01318	0.01712	0.21831	0.01051	0.22702	0.02021	0.02666	0.01981	0.02424	0.08200	0.00898	0.00628	0.00196	0.00755	0.07302	0.00503	0.06847
1	0.16163	0.01591	0.01432	0.01205	0.01599	0.12672	0.00954	0.20303	0.08413	0.02851	0.12403	0.02267	0.06001	0.00856	0.00612	0.00190	0.00630	0.00655	0.00546	0.08657
2	0.01247	0.01135	0.01770	0.02527	0.39542	0.01098	0.01340	0.01533	0.01481	0.02006	0.06524	0.14362	0.20486	0.01130	0.00719	0.00214	0.00581	0.01021	0.00463	0.00818
3	0.01614	0.13487	0.08088	0.05736	0.54217	0.01720	0.01906	0.02007	0.01460	0.02037	0.01181	0.01526	0.00991	0.00588	0.00614	0.00189	0.00787	0.00542	0.00314	0.00997
4	0.12141	0.01403	0.02021	0.34304	0.21165	0.01592	0.01630	0.13848	0.01648	0.02401	0.01226	0.01602	0.00941	0.00657	0.00624	0.00207	0.00778	0.00557	0.00380	0.00877
5	0.02413	0.01745	0.01895	0.01446	0.01978	0.01878	0.01192	0.60720	0.02870	0.07154	0.01588	0.01590	0.01129	0.00762	0.00642	0.00188	0.00694	0.00576	0.00640	0.08900
6	0.01944	0.01166	0.01638	0.01834	0.17975	0.01146	0.01186	0.02500	0.13961	0.27875	0.02522	0.12431	0.02135	0.01040	0.00709	0.00224	0.00586	0.07540	0.00629	0.00960
7	0.01945	0.01591	0.02100	0.19123	0.18936	0.01767	0.01546	0.33745	0.07488	0.03012	0.01490	0.01698	0.01113	0.00720	0.00658	0.00204	0.00758	0.00601	0.00498	0.01006
8	0.11781	0.01160	0.01067	0.01086	0.01255	0.13629	0.00809	0.01441	0.01315	0.01811	0.02408	0.28061	0.04282	0.04367	0.17770	0.00436	0.00879	0.05363	0.00471	0.00612
9	0.15972	0.01529	0.02119	0.02465	0.31338	0.01585	0.04648	0.17997	0.01855	0.12116	0.01445	0.01608	0.01078	0.00667	0.00618	0.00200	0.00707	0.00567	0.00482	0.01006
10	0.01854	0.01308	0.01607	0.01598	0.10953	0.01361	0.01101	0.31192	0.02154	0.09913	0.02486	0.23511	0.05717	0.01178	0.00717	0.00219	0.00597	0.01009	0.00614	0.00912
11	0.03272	0.00827	0.01057	0.00996	0.01235	0.00765	0.00762	0.04390	0.01626	0.21875	0.12558	0.29589	0.10359	0.01481	0.00765	0.00236	0.00451	0.06334	0.00680	0.00743

[dist]
# distance from previous block
# <min> <max>
2	7

[block]
# block no. 6 follows, 33 sequences, length 86
# corresponding to MSA columns:
# 287-372
name=unknown_G
#
# <colnr> <probs for GDERKNQSTAVLIFYWHMCP>
#	G	D	E	R	K	N	Q	S	T	A	V	L	I	F	Y	W	H	M	C	P
0	0.07394	0.22863	0.23762	0.01384	0.02025	0.01791	0.01454	0.10045	0.07796	0.06785	0.03306	0.01540	0.01170	0.00673	0.00560	0.00183	0.00725	0.00500	0.00419	0.05624
1	0.04485	0.22078	0.02243	0.01454	0.01888	0.33621	0.01193	0.17131	0.03573	0.02207	0.01173	0.01311	0.00956	0.00817	0.03005	0.00200	0.00945	0.00457	0.00403	0.00861
2	0.01570	0.01421	0.02246	0.33612	0.32613	0.01560	0.01800	0.10642	0.01622	0.02209	0.01251	0.01667	0.00981	0.00640	0.00650	0.00203	0.00805	0.00580	0.00357	0.03572
3	0.02275	0.13765	0.01979	0.01310	0.01793	0.04110	0.01100	0.31933	0.08085	0.18049	0.04696	0.02016	0.04324	0.00821	0.00629	0.00192	0.00653	0.00631	0.00622	0.01015
4	0.01488	0.01637	0.03475	0.02548	0.03131	0.01557	0.59723	0.02000	0.01535	0.02078	0.01596	0.02492	0.01353	0.00732	0.00829	0.00234	0.02943	0.09436	0.00367	0.00848
5	0.01547	0.01680	0.03200	0.02375	0.02898	0.04502	0.50043	0.03791	0.04379	0.02116	0.03525	0.04374	0.01384	0.00751	0.00894	0.00229	0.07742	0.03339	0.00381	0.00851
6	0.01336	0.01265	0.02142	0.58133	0.20957	0.01487	0.01875	0.01763	0.01360	0.01795	0.01187	0.01725	0.00917	0.00641	0.00657	0.00214	0.00855	0.00585	0.00301	0.00806
7	0.02659	0.01593	0.01820	0.01396	0.01916	0.01669	0.01153	0.47204	0.02675	0.28100	0.01933	0.01810	0.01296	0.00799	0.00660	0.00200	0.00667	0.00617	0.00713	0.01120
8	0.01447	0.01427	0.02602	0.16389	0.36385	0.01451	0.17320	0.01852	0.01451	0.02002	0.01521	0.10243	0.01382	0.00761	0.00703	0.00214	0.00828	0.00776	0.00354	0.00893
9	0.53861	0.01242	0.01179	0.00984	0.01428	0.01332	0.00812	0.04526	0.01428	0.25475	0.01476	0.01461	0.01019	0.00682	0.00497	0.00204	0.00532	0.00462	0.00546	0.00856
10	0.01243	0.01170	0.01975	0.75282	0.04534	0.01463	0.01828	0.01682	0.01316	0.01682	0.01170	0.01755	0.00878	0.00658	0.00658	0.00219	0.00878	0.00585	0.00293	0.00731
11	0.01554	0.01776	0.03885	0.02775	0.03441	0.01665	0.70366	0.02109	0.01554	0.02109	0.01332	0.01776	0.00999	0.00555	0.00777	0.00222	0.01110	0.00777	0.00333	0.00888
12	0.00917	0.00647	0.00862	0.03394	0.01105	0.00659	0.00691	0.01081	0.01254	0.01757	0.03072	0.50691	0.03496	0.04927	0.06668	0.00331	0.02864	0.04965	0.10060	0.00559
13	0.01629	0.01564	0.02672	0.04041	0.72757	0.01564	0.02020	0.02020	0.01499	0.02151	0.01238	0.01629	0.01043	0.00587	0.00652	0.00196	0.00782	0.00587	0.00326	0.01043
14	0.00786	0.00655	0.00686	0.00704	0.00901	0.00555	0.00518	0.00951	0.01482	0.01795	0.08467	0.15279	0.61545	0.01707	0.00786	0.00228	0.00339	0.01445	0.00615	0.00555
15	0.00807	0.00578	0.00759	0.00901	0.00944	0.00539	0.00599	0.00919	0.01257	0.01668	0.03669	0.71426	0.06497	0.04878	0.00933	0.00280	0.00390	0.01821	0.00603	0.00530
16	0.60958	0.01233	0.01114	0.00946	0.01380	0.01344	0.00780	0.02268	0.01320	0.21338	0.01356	0.01376	0.00953	0.00664	0.00474	0.00204	0.00523	0.00436	0.00514	0.00820
17	0.02414	0.03062	0.01872	0.01697	0.02022	0.71020	0.01279	0.02582	0.01828	0.01610	0.01011	0.01198	0.00849	0.00699	0.00663	0.00175	0.04488	0.00431	0.00337	0.00761
18	0.00937	0.00630	0.00724	0.00743	0.00748	0.00625	0.00426	0.00952	0.00996	0.01328	0.02274	0.13559	0.02645	0.67270	0.03029	0.00591	0.00605	0.01075	0.00426	0.00416
19	0.01563	0.01749	0.03729	0.02937	0.12316	0.01652	0.61615	0.02097	0.01547	0.02114	0.01320	0.01757	0.01005	0.00559	0.00761	0.00219	0.01068	0.00753	0.00332	0.00908
20	0.00802	0.00573	0.00764	0.00917	0.00955	0.00535	0.00611	0.00917	0.01260	0.01681	0.03628	0.76434	0.04354	0.02062	0.00840	0.00267	0.00382	0.01872	0.00611	0.00535
21	0.00801	0.00576	0.00761	0.00910	0.00953	0.00535	0.00608	0.00917	0.01267	0.01683	0.03715	0.74448	0.06284	0.02051	0.00839	0.00266	0.00381	0.01858	0.00611	0.00535
22	0.02824	0.01251	0.01599	0.01234	0.01740	0.01171	0.01017	0.14152	0.05092	0.58959	0.02436	0.02143	0.01563	0.00814	0.00662	0.00204	0.00585	0.00654	0.00783	0.01117
23	0.81514	0.01273	0.00968	0.00866	0.01273	0.01477	0.00713	0.01935	0.01120	0.02954	0.00917	0.01069	0.00713	0.00611	0.00407	0.00204	0.00509	0.00356	0.00407	0.00713
24	0.01357	0.01367	0.02559	0.49964	0.09017	0.01526	0.21046	0.01825	0.01396	0.01835	0.01220	0.01752	0.00923	0.00624	0.00691	0.00218	0.00936	0.00639	0.00306	0.00797
25	0.00940	0.00704	0.01051	0.01049	0.01168	0.00815	0.00815	0.01178	0.01091	0.01573	0.04613	0.02680	0.01830	0.04793	0.71291	0.01024	0.01705	0.00725	0.00368	0.00589
26	0.01283	0.01023	0.01296	0.01242	0.03730	0.01051	0.03937	0.10593	0.13654	0.02456	0.16686	0.15960	0.12250	0.01361	0.00768	0.00234	0.00507	0.10583	0.00627	0.00758
27	0.01792	0.63098	0.03104	0.01167	0.01697	0.02420	0.01114	0.09034	0.04550	0.01873	0.01171	0.04261	0.01067	0.00662	0.00474	0.00155	0.00685	0.00456	0.00351	0.00869
28	0.02854	0.01281	0.01627	0.01247	0.01761	0.01206	0.01030	0.18135	0.02153	0.57908	0.02372	0.02094	0.01517	0.00809	0.00661	0.00202	0.00597	0.00647	0.00780	0.01120
29	0.00861	0.00615	0.00832	0.00984	0.01049	0.00586	0.00714	0.01019	0.01319	0.01747	0.03596	0.60615	0.04225	0.02007	0.00856	0.00276	0.00433	0.17106	0.00610	0.00551
30	0.02230	0.02130	0.03993	0.03847	0.02057	0.32030	0.06052	0.04323	0.12811	0.17793	0.01924	0.01922	0.04377	0.00778	0.00646	0.00195	0.00873	0.00605	0.00512	0.00900
31	0.02463	0.02218	0.01928	0.01564	0.02030	0.23645	0.01251	0.48189	0.04799	0.03347	0.01445	0.01489	0.01065	0.00760	0.00639	0.00190	0.00857	0.00547	0.00563	0.01010
32	0.00957	0.00638	0.00718	0.00718	0.00718	0.00638	0.00399	0.00957	0.00957	0.01276	0.02074	0.04308	0.02393	0.76864	0.03351	0.00638	0.00638	0.00957	0.00399	0.00399
33	0.03811	0.01464	0.01544	0.01294	0.01711	0.06222	0.01030	0.15563	0.28821	0.20971	0.06886	0.02375	0.03559	0.00881	0.00665	0.00208	0.00594	0.00710	0.00680	0.01013
34	0.01358	0.09762	0.67428	0.01812	0.02749	0.01622	0.02320	0.02075	0.01385	0.02039	0.01159	0.01361	0.00835	0.00620	0.00608	0.00203	0.00950	0.00475	0.00278	0.00962
35	0.02879	0.01240	0.01602	0.01228	0.01740	0.01146	0.01015	0.14369	0.02085	0.61769	0.02429	0.02131	0.01545	0.00811	0.00661	0.00203	0.00587	0.00651	0.00789	0.01120
36	0.01807	0.00872	0.01126	0.00948	0.01276	0.00763	0.00751	0.02062	0.01796	0.34130	0.27176	0.04016	0.18172	0.01176	0.00725	0.00209	0.00427	0.00995	0.00741	0.00831
37	0.01687	0.01357	0.03409	0.10780	0.02030	0.01467	0.01158	0.15071	0.25586	0.08085	0.06620	0.02770	0.08743	0.00976	0.00776	0.00221	0.04993	0.02761	0.00594	0.00917
38	0.03715	0.00976	0.01141	0.01086	0.01315	0.01031	0.02937	0.04068	0.22736	0.02161	0.03742	0.28389	0.19017	0.01455	0.00790	0.00238	0.02606	0.01256	0.00606	0.00735
39	0.01089	0.00646	0.00866	0.00951	0.01052	0.00592	0.00659	0.01222	0.01344	0.11223	0.03491	0.66537	0.03991	0.01896	0.00816	0.00259	0.00406	0.01710	0.00638	0.00613
40	0.01281	0.01206	0.01711	0.01515	0.01552	0.01636	0.01243	0.01454	0.01024	0.01566	0.01151	0.01806	0.01113	0.02360	0.25156	0.00534	0.52089	0.00617	0.00309	0.00678
41	0.01539	0.01460	0.02465	0.06612	0.63255	0.01466	0.01877	0.01913	0.01492	0.02117	0.03422	0.04739	0.03319	0.00697	0.00666	0.00200	0.00745	0.00675	0.00354	0.00985
42	0.00988	0.00709	0.00862	0.00830	0.01012	0.00660	0.00620	0.01266	0.03689	0.05288	0.33172	0.09320	0.26196	0.04634	0.07500	0.00309	0.00483	0.01206	0.00638	0.00618
