[name]
unknown

[dist]
# distance from previous block
# <min> <max>
12	71

[block]
# block no. 0 follows, 33 sequences, length 185
# corresponding to MSA columns:
# 76-260
name=unknown_A
#
# <colnr> <probs for GDERKNQSTAVLIFYWHMCP>
#	G	D	E	R	K	N	Q	S	T	A	V	L	I	F	Y	W	H	M	C	P
0	0.01883	0.03935	0.15462	0.01487	0.04135	0.10978	0.01327	0.20369	0.01983	0.10591	0.04510	0.09487	0.06771	0.00974	0.00676	0.00208	0.00737	0.03052	0.00533	0.00903
1	0.04670	0.10075	0.33374	0.03888	0.04997	0.03915	0.07378	0.10869	0.01658	0.04647	0.04614	0.04314	0.01291	0.00727	0.00630	0.00202	0.00839	0.00598	0.00391	0.00924
2	0.01894	0.36562	0.12546	0.01467	0.02014	0.22404	0.03660	0.04626	0.01557	0.01775	0.01027	0.01202	0.00864	0.00623	0.00561	0.00165	0.02594	0.00420	0.00317	0.03723
3	0.01629	0.11079	0.23603	0.02234	0.20377	0.01644	0.05781	0.08508	0.01603	0.04795	0.03849	0.01612	0.01161	0.00663	0.00673	0.00192	0.03504	0.00552	0.00373	0.06167
4	0.00843	0.00614	0.00787	0.00904	0.00975	0.00574	0.00616	0.02520	0.01346	0.01780	0.06344	0.65735	0.10576	0.01971	0.00828	0.00259	0.00383	0.01774	0.00616	0.00553
5	0.04281	0.04056	0.02224	0.01844	0.08692	0.01618	0.15039	0.25093	0.06683	0.10388	0.01866	0.04494	0.03460	0.04507	0.00843	0.00230	0.02474	0.00715	0.00536	0.00959
6	0.01780	0.03903	0.05119	0.07889	0.47292	0.04967	0.04305	0.10130	0.01698	0.04722	0.01302	0.01612	0.01037	0.00627	0.00648	0.00196	0.00809	0.00579	0.00377	0.01008
7	0.01119	0.00737	0.00932	0.00856	0.01059	0.00678	0.00651	0.01458	0.04150	0.08906	0.55546	0.04771	0.13956	0.01323	0.00763	0.00209	0.00343	0.01153	0.00717	0.00672
8	0.12946	0.03994	0.13283	0.09634	0.06578	0.01554	0.28793	0.02179	0.03994	0.08722	0.01382	0.01655	0.01014	0.00622	0.00658	0.00212	0.00880	0.00620	0.00386	0.00894
9	0.00810	0.00674	0.00710	0.00733	0.00927	0.00586	0.00537	0.01020	0.03672	0.01792	0.05996	0.18813	0.58015	0.01714	0.00786	0.00230	0.00348	0.01456	0.00613	0.00567
10	0.00940	0.00705	0.01058	0.01058	0.01176	0.00823	0.00823	0.01176	0.01058	0.01528	0.01763	0.02586	0.01646	0.04937	0.74255	0.01058	0.01763	0.00705	0.00353	0.00588
11	0.09941	0.06792	0.11769	0.02059	0.13336	0.22777	0.08775	0.12776	0.01795	0.02334	0.01178	0.01387	0.00921	0.00648	0.00608	0.00190	0.00919	0.00510	0.00381	0.00903
12	0.04411	0.64097	0.03082	0.01146	0.01663	0.09174	0.01094	0.02010	0.01382	0.01645	0.00985	0.01137	0.00882	0.00586	0.00440	0.00146	0.00724	0.00372	0.04204	0.00822
13	0.00801	0.00609	0.00738	0.00830	0.00935	0.00546	0.00575	0.00942	0.01369	0.01759	0.07979	0.49971	0.26777	0.01898	0.00817	0.00250	0.00363	0.01680	0.00617	0.00546
14	0.01426	0.01229	0.08713	0.01138	0.04613	0.01081	0.00934	0.09526	0.13459	0.02599	0.04639	0.02553	0.06529	0.00848	0.00576	0.00184	0.00483	0.00690	0.37983	0.00796
15	0.01530	0.04491	0.23326	0.17839	0.03111	0.07541	0.19241	0.05858	0.04104	0.02074	0.01354	0.04097	0.01063	0.00684	0.00673	0.00211	0.00946	0.00634	0.00347	0.00874
16	0.00942	0.00700	0.01029	0.01029	0.01137	0.00807	0.00787	0.01157	0.01049	0.01507	0.01790	0.02732	0.01709	0.11043	0.68236	0.01022	0.01668	0.00727	0.00357	0.00572
17	0.01320	0.03405	0.73453	0.01876	0.02849	0.01529	0.02432	0.02085	0.01390	0.02085	0.01181	0.01390	0.00834	0.00625	0.00625	0.00208	0.00973	0.00486	0.00278	0.00973
18	0.03360	0.26878	0.43098	0.01711	0.04988	0.03756	0.03727	0.02057	0.01388	0.01924	0.01092	0.01289	0.00847	0.00603	0.00560	0.00186	0.00878	0.00450	0.00287	0.00921
19	0.01568	0.03961	0.01494	0.01386	0.07027	0.01355	0.01001	0.05746	0.36442	0.07560	0.16865	0.03063	0.07722	0.00994	0.00688	0.00212	0.00504	0.00842	0.00646	0.00924
20	0.00803	0.00585	0.00757	0.00888	0.00949	0.00539	0.00600	0.00928	0.01301	0.01716	0.05736	0.67172	0.11600	0.02002	0.00832	0.00261	0.00375	0.01803	0.00614	0.00539
21	0.13622	0.01531	0.02070	0.01632	0.03722	0.03625	0.16529	0.20853	0.04306	0.17191	0.01895	0.01993	0.04472	0.02719	0.00723	0.00218	0.00734	0.00660	0.00556	0.00950
22	0.01616	0.01667	0.09700	0.23202	0.32271	0.03414	0.08364	0.02057	0.01484	0.07953	0.01330	0.01693	0.01015	0.00629	0.00662	0.00206	0.00851	0.00596	0.00354	0.00934
23	0.00802	0.00573	0.00764	0.00917	0.00955	0.00535	0.00611	0.00917	0.01260	0.01681	0.03628	0.76434	0.04354	0.02062	0.00840	0.00267	0.00382	0.01872	0.00611	0.00535
24	0.01225	0.00855	0.01033	0.00917	0.01150	0.00824	0.00708	0.10811	0.01984	0.06170	0.50282	0.04523	0.14366	0.01288	0.00755	0.00208	0.00383	0.01110	0.00704	0.00705
25	0.01786	0.11358	0.23575	0.01737	0.08659	0.03497	0.04031	0.07673	0.10330	0.12823	0.06719	0.01906	0.01534	0.00739	0.00632	0.00199	0.00749	0.00605	0.00476	0.00971
26	0.04632	0.01818	0.01936	0.01493	0.02012	0.02016	0.01231	0.67009	0.04762	0.04081	0.01590	0.01589	0.01131	0.00788	0.00652	0.00198	0.00713	0.00590	0.00652	0.01107
27	0.00919	0.00672	0.00863	0.00815	0.00976	0.00616	0.00611	0.01218	0.01834	0.02569	0.67026	0.05034	0.11639	0.01372	0.00777	0.00208	0.00312	0.01207	0.00715	0.00616
28	0.01760	0.77260	0.03450	0.01126	0.01690	0.02605	0.01126	0.01971	0.01338	0.01549	0.00915	0.01056	0.00845	0.00563	0.00422	0.00141	0.00704	0.00352	0.00282	0.00845
29	0.01768	0.01746	0.02204	0.16663	0.32463	0.13078	0.01674	0.08928	0.08901	0.02220	0.01363	0.01659	0.01083	0.00681	0.00686	0.00201	0.02776	0.00577	0.00389	0.00938
30	0.00955	0.00647	0.00762	0.00762	0.00777	0.00662	0.00454	0.00986	0.00970	0.01309	0.02034	0.04085	0.02297	0.67563	0.12519	0.00693	0.00784	0.00925	0.00393	0.00423
31	0.01639	0.01564	0.02584	0.06676	0.48025	0.01672	0.07287	0.06889	0.01534	0.02182	0.01209	0.01614	0.01010	0.00690	0.00896	0.00213	0.12400	0.00600	0.00343	0.00972
32	0.01365	0.01170	0.01365	0.00975	0.01560	0.00878	0.00780	0.01658	0.01365	0.02145	0.01170	0.01365	0.00975	0.00488	0.00488	0.00098	0.00488	0.00390	0.00390	0.80888
33	0.01853	0.60014	0.05580	0.01301	0.01844	0.14340	0.03508	0.02088	0.01434	0.01596	0.00955	0.01113	0.00850	0.00584	0.00469	0.00151	0.00806	0.00383	0.00293	0.00837
34	0.00887	0.00668	0.00877	0.01004	0.03579	0.00621	0.00701	0.01086	0.01470	0.01954	0.18723	0.38156	0.16052	0.01760	0.00818	0.00249	0.00401	0.09786	0.00625	0.00584
35	0.04483	0.08664	0.15104	0.02366	0.19543	0.08074	0.14822	0.10359	0.01694	0.04613	0.01338	0.03558	0.01071	0.00666	0.00644	0.00199	0.00873	0.00601	0.00383	0.00946
36	0.01347	0.00849	0.01079	0.01072	0.04653	0.00797	0.00768	0.05541	0.01636	0.14607	0.14446	0.15783	0.24493	0.01742	0.07819	0.00302	0.00560	0.01157	0.00628	0.00722
37	0.05113	0.01025	0.01343	0.01068	0.01502	0.00901	0.00869	0.02697	0.01816	0.55084	0.11118	0.02947	0.09619	0.00960	0.00679	0.00206	0.00505	0.00790	0.00769	0.00989
38	0.01500	0.06609	0.02837	0.17368	0.20972	0.01661	0.24322	0.01975	0.04101	0.01962	0.01277	0.01712	0.01024	0.00782	0.03122	0.00241	0.06687	0.00642	0.00330	0.00877
39	0.01576	0.31423	0.23337	0.08155	0.09890	0.03935	0.05762	0.02081	0.04624	0.01869	0.01157	0.01384	0.00928	0.00610	0.00563	0.00182	0.00834	0.00481	0.00309	0.00902
40	0.00805	0.00583	0.00761	0.00896	0.00951	0.00539	0.00603	0.00930	0.01298	0.01720	0.06145	0.68982	0.09338	0.02010	0.00834	0.00262	0.00376	0.01814	0.00615	0.00539
41	0.00800	0.00670	0.00697	0.00698	0.00913	0.00568	0.00529	0.00983	0.01531	0.01855	0.11921	0.06256	0.64792	0.01646	0.00782	0.00224	0.00341	0.03611	0.00620	0.00563
42	0.01584	0.14037	0.35513	0.05235	0.08113	0.06316	0.12523	0.03693	0.01494	0.03799	0.01202	0.01446	0.00906	0.00615	0.00621	0.00197	0.00932	0.00526	0.00317	0.00929
43	0.01692	0.00888	0.01098	0.00940	0.01245	0.00820	0.00740	0.04476	0.04850	0.25785	0.26082	0.03770	0.14254	0.01120	0.00697	0.00203	0.00420	0.00946	0.09160	0.00811
44	0.01760	0.77260	0.03450	0.01126	0.01690	0.02605	0.01126	0.01971	0.01338	0.01549	0.00915	0.01056	0.00845	0.00563	0.00422	0.00141	0.00704	0.00352	0.00282	0.00845
45	0.01602	0.01748	0.12059	0.14273	0.31265	0.01559	0.07446	0.12314	0.01677	0.02324	0.01391	0.04405	0.01157	0.03017	0.00750	0.00220	0.00822	0.00647	0.00378	0.00945
46	0.01756	0.10078	0.06795	0.10015	0.38699	0.04511	0.01761	0.10993	0.01675	0.03741	0.01247	0.01548	0.01002	0.00643	0.00664	0.00194	0.02778	0.00550	0.00368	0.00979
47	0.00830	0.00601	0.00788	0.00931	0.00981	0.00572	0.00626	0.01004	0.03648	0.01717	0.03596	0.73922	0.04275	0.02023	0.00834	0.00266	0.00387	0.01833	0.00613	0.00552
48	0.01216	0.00878	0.01094	0.01015	0.01160	0.00967	0.00744	0.13063	0.01373	0.01890	0.01844	0.03032	0.01824	0.30075	0.36078	0.00759	0.01180	0.00777	0.00422	0.00612
49	0.01926	0.09458	0.19037	0.02070	0.13681	0.10866	0.06825	0.19063	0.04056	0.04844	0.01346	0.01508	0.01015	0.00670	0.00628	0.00194	0.00865	0.00544	0.00421	0.00982
50	0.02175	0.04663	0.01806	0.01462	0.01891	0.18263	0.01162	0.25110	0.27465	0.06342	0.01876	0.01821	0.01395	0.00795	0.00640	0.00199	0.00747	0.00604	0.00584	0.01001
51	0.00834	0.00597	0.00792	0.00895	0.00962	0.00556	0.00614	0.00997	0.01409	0.01916	0.20529	0.58862	0.04811	0.01886	0.00825	0.00253	0.00364	0.01704	0.00639	0.00556
52	0.08157	0.21646	0.16687	0.03999	0.16735	0.04449	0.03565	0.05513	0.03600	0.07946	0.01281	0.01451	0.00991	0.00632	0.00571	0.00187	0.00776	0.00498	0.00378	0.00938
53	0.04957	0.01603	0.06787	0.01819	0.10315	0.01541	0.08941	0.25751	0.08375	0.09012	0.01942	0.12463	0.01652	0.00916	0.00686	0.00214	0.00701	0.00800	0.00556	0.00968
54	0.00903	0.00615	0.00734	0.00787	0.00801	0.00602	0.00473	0.00943	0.01063	0.01418	0.02617	0.29504	0.03078	0.50734	0.02474	0.00509	0.00549	0.01277	0.00473	0.00446
55	0.01826	0.06433	0.03799	0.03999	0.07470	0.01307	0.07173	0.07114	0.05414	0.18601	0.08452	0.02206	0.04277	0.00783	0.00695	0.00186	0.03498	0.00660	0.00534	0.15574
56	0.01472	0.05918	0.36571	0.02354	0.16955	0.01591	0.12931	0.04083	0.04903	0.02155	0.01378	0.04253	0.01096	0.00673	0.00656	0.00207	0.00893	0.00613	0.00339	0.00960
57	0.00941	0.00703	0.01046	0.01046	0.01159	0.00816	0.00808	0.01168	0.01054	0.01519	0.01775	0.02648	0.01673	0.07528	0.71702	0.01043	0.01723	0.00714	0.00354	0.00581
58	0.01673	0.69173	0.03197	0.01119	0.01635	0.02417	0.01094	0.01887	0.01308	0.01547	0.01005	0.01218	0.00929	0.01025	0.08221	0.00238	0.00816	0.00389	0.00289	0.00818
59	0.01663	0.04842	0.26716	0.08671	0.17329	0.07916	0.03602	0.09328	0.03464	0.04598	0.01414	0.04973	0.01136	0.00718	0.00644	0.00203	0.00859	0.00601	0.00380	0.00943
60	0.00783	0.00667	0.00674	0.00672	0.00892	0.00558	0.00504	0.00955	0.01513	0.01807	0.08865	0.06288	0.70276	0.01657	0.00778	0.00222	0.00333	0.01383	0.00615	0.00558
61	0.01830	0.51916	0.05252	0.01293	0.04435	0.02214	0.01173	0.10629	0.01580	0.05441	0.01190	0.01344	0.00997	0.00854	0.04526	0.00206	0.00756	0.00439	0.03041	0.00883
62	0.04509	0.01619	0.06457	0.11754	0.02184	0.05681	0.01243	0.23578	0.15898	0.06857	0.02219	0.06558	0.06746	0.00911	0.00666	0.00211	0.00683	0.00736	0.00560	0.00929
63	0.01536	0.02121	0.21784	0.23504	0.16011	0.08119	0.07558	0.05178	0.01510	0.02018	0.01193	0.01563	0.00914	0.00654	0.00707	0.00209	0.03655	0.00560	0.00319	0.00888
64	0.01003	0.00631	0.00833	0.00926	0.01020	0.00578	0.00639	0.01139	0.01348	0.08301	0.05849	0.64118	0.07295	0.01907	0.00819	0.00258	0.00394	0.01716	0.00633	0.00592
65	0.04336	0.04612	0.04269	0.16835	0.34027	0.08155	0.06141	0.09781	0.01660	0.02238	0.01226	0.01571	0.00976	0.00630	0.00639	0.00198	0.00844	0.00565	0.00359	0.00937
66	0.01599	0.07984	0.06643	0.19393	0.30925	0.01645	0.06234	0.04174	0.06210	0.04665	0.01344	0.01676	0.01057	0.00653	0.00687	0.00204	0.03021	0.00586	0.00362	0.00936
67	0.00815	0.00591	0.00743	0.00863	0.00931	0.00544	0.00582	0.00938	0.01290	0.01701	0.04009	0.60982	0.14857	0.04653	0.00911	0.00271	0.00382	0.01731	0.02670	0.00535
68	0.01639	0.42116	0.27065	0.01642	0.07697	0.06132	0.01648	0.02050	0.01397	0.01782	0.01037	0.01222	0.00857	0.00593	0.00519	0.00170	0.00828	0.00420	0.00287	0.00899
69	0.04288	0.10212	0.17141	0.04333	0.28061	0.04180	0.03874	0.02143	0.04043	0.08730	0.01590	0.03763	0.03393	0.00704	0.00626	0.00198	0.00776	0.00606	0.00389	0.00951
70	0.01464	0.16891	0.44946	0.02101	0.12034	0.01747	0.07884	0.02057	0.01409	0.01995	0.01152	0.01392	0.00878	0.00603	0.00604	0.00195	0.00908	0.00499	0.00290	0.00951
71	0.02029	0.01669	0.04662	0.09990	0.02391	0.01785	0.08634	0.35890	0.04447	0.07445	0.01673	0.01824	0.03482	0.00823	0.00860	0.00216	0.10031	0.00641	0.00532	0.00975
72	0.01792	0.04011	0.15635	0.04711	0.20305	0.05233	0.07985	0.11017	0.06172	0.09496	0.01814	0.01956	0.05425	0.00731	0.00660	0.00203	0.00796	0.00637	0.00447	0.00973
73	0.01687	0.12571	0.38312	0.02081	0.14733	0.04037	0.03724	0.02222	0.01486	0.11178	0.01337	0.01500	0.00979	0.00635	0.00611	0.00196	0.00861	0.00514	0.00359	0.00978
74	0.01049	0.00791	0.00909	0.00919	0.01104	0.00770	0.00671	0.03883	0.11363	0.04275	0.08672	0.33754	0.26061	0.01640	0.00780	0.00238	0.00399	0.01430	0.00635	0.00658
75	0.07204	0.61773	0.10346	0.01193	0.01780	0.02383	0.01228	0.02035	0.03850	0.01744	0.01006	0.01141	0.00876	0.00585	0.00451	0.00155	0.00711	0.00380	0.00304	0.00856
76	0.01653	0.06484	0.21542	0.06568	0.07132	0.03991	0.13274	0.09713	0.07788	0.06532	0.01649	0.07779	0.01350	0.00782	0.00669	0.00210	0.00829	0.00697	0.00429	0.00928
77	0.01498	0.01481	0.02680	0.19623	0.41514	0.01523	0.15096	0.01921	0.01460	0.02021	0.01328	0.04416	0.01118	0.00650	0.00684	0.00209	0.00852	0.00670	0.00330	0.00925
78	0.01607	0.01380	0.01452	0.01304	0.01671	0.01583	0.01015	0.04897	0.65878	0.02729	0.02888	0.02663	0.06122	0.00936	0.00676	0.00223	0.00515	0.00779	0.00666	0.01015
79	0.04614	0.01334	0.02133	0.23180	0.30342	0.01404	0.04131	0.02181	0.04914	0.14137	0.01544	0.01824	0.01153	0.00667	0.00645	0.00205	0.00744	0.00606	0.03307	0.00935
80	0.01622	0.09686	0.18790	0.10594	0.19322	0.08083	0.05102	0.06698	0.03469	0.02065	0.01248	0.01612	0.01012	0.03577	0.00798	0.00217	0.04307	0.00553	0.00341	0.00905
81	0.00838	0.00698	0.00737	0.00731	0.00948	0.00611	0.00555	0.01089	0.04100	0.01921	0.14036	0.06071	0.59590	0.01607	0.00779	0.00224	0.00348	0.03906	0.00626	0.00583
82	0.00802	0.00573	0.00764	0.00917	0.00955	0.00535	0.00611	0.00917	0.01260	0.01681	0.03628	0.76434	0.04354	0.02062	0.00840	0.00267	0.00382	0.01872	0.00611	0.00535
83	0.13140	0.12390	0.42268	0.01693	0.02470	0.01709	0.08394	0.06812	0.01478	0.02288	0.01151	0.01350	0.00853	0.00620	0.00584	0.00200	0.00866	0.00485	0.00329	0.00921
84	0.01282	0.01124	0.01169	0.01128	0.03658	0.03892	0.00831	0.04288	0.29317	0.02342	0.11950	0.04140	0.29803	0.01224	0.00720	0.00217	0.00465	0.01023	0.00629	0.00797
85	0.00808	0.00577	0.00771	0.00924	0.00964	0.00540	0.00622	0.00927	0.01266	0.01687	0.03625	0.74823	0.04341	0.02057	0.00842	0.00268	0.00387	0.03423	0.00611	0.00536
86	0.05879	0.05363	0.01779	0.01539	0.01892	0.53912	0.01174	0.04306	0.10447	0.01884	0.01505	0.01595	0.04486	0.00749	0.00599	0.00180	0.01003	0.00509	0.00402	0.00797
87	0.01615	0.17299	0.43941	0.01702	0.04948	0.01721	0.01907	0.04868	0.06214	0.07826	0.01362	0.01481	0.00998	0.00652	0.00594	0.00195	0.00841	0.00500	0.00365	0.00973
88	0.01286	0.00670	0.00676	0.00655	0.00826	0.00679	0.00497	0.04708	0.01459	0.02532	0.02121	0.02414	0.01661	0.00768	0.00469	0.00155	0.00326	0.00613	0.76846	0.00637
89	0.01254	0.01164	0.01661	0.04859	0.01643	0.01560	0.01223	0.01435	0.01036	0.01559	0.01210	0.01928	0.01171	0.05229	0.24990	0.00542	0.45923	0.00632	0.00313	0.00666
90	0.04021	0.36016	0.06698	0.05782	0.02108	0.27304	0.03936	0.03975	0.01571	0.01734	0.01014	0.01203	0.00857	0.00619	0.00527	0.00165	0.00909	0.00421	0.00317	0.00822
91	0.01680	0.17649	0.22772	0.01621	0.04061	0.08630	0.05711	0.09289	0.03575	0.04689	0.01620	0.06310	0.01434	0.00842	0.00637	0.00203	0.00818	0.07163	0.00411	0.00885
92	0.00802	0.00573	0.00764	0.00917	0.00955	0.00535	0.00611	0.00917	0.01260	0.01681	0.03628	0.76434	0.04354	0.02062	0.00840	0.00267	0.00382	0.01872	0.00611	0.00535
93	0.04265	0.02962	0.01869	0.03197	0.03542	0.66231	0.01285	0.05700	0.01886	0.01772	0.01049	0.01223	0.00862	0.00680	0.00595	0.00173	0.01135	0.00437	0.00354	0.00784
94	0.04074	0.01690	0.06908	0.01665	0.09348	0.05848	0.01277	0.22481	0.12664	0.21426	0.01973	0.04531	0.01450	0.00814	0.00655	0.00205	0.00685	0.00656	0.00612	0.01038
95	0.00801	0.00577	0.00759	0.00904	0.00952	0.00536	0.00606	0.00918	0.01272	0.01685	0.03777	0.73016	0.07677	0.02043	0.00837	0.00265	0.00380	0.01848	0.00611	0.00536
96	0.01365	0.01170	0.01365	0.00975	0.01560	0.00878	0.00780	0.01658	0.01365	0.02145	0.01170	0.01365	0.00975	0.00488	0.00488	0.00098	0.00488	0.00390	0.00390	0.80888
97	0.01244	0.00937	0.01186	0.01240	0.01450	0.00992	0.01047	0.06189	0.14054	0.02226	0.03168	0.08312	0.03249	0.01698	0.03250	0.00306	0.00629	0.47500	0.00613	0.00714
98	0.00820	0.00596	0.00774	0.00884	0.00954	0.00550	0.00604	0.00969	0.01372	0.01836	0.14453	0.59971	0.09942	0.01921	0.00826	0.00255	0.00367	0.01729	0.00629	0.00550
99	0.01361	0.08436	0.64058	0.01848	0.04570	0.01581	0.02270	0.02060	0.01388	0.02051	0.01164	0.01372	0.00845	0.00615	0.00607	0.00199	0.00931	0.00476	0.00284	0.03882
100	0.01535	0.01905	0.09408	0.02703	0.03394	0.01654	0.64973	0.02107	0.01541	0.02107	0.01320	0.01745	0.00986	0.00561	0.00765	0.00221	0.01099	0.00754	0.00329	0.00895
101	0.00909	0.00672	0.00848	0.00804	0.00970	0.00611	0.00603	0.01198	0.01810	0.02512	0.62677	0.05128	0.16024	0.01393	0.00777	0.00209	0.00314	0.01220	0.00708	0.00611
102	0.01326	0.03051	0.60711	0.01814	0.02659	0.03462	0.04446	0.02000	0.01383	0.02018	0.01395	0.01632	0.03459	0.00879	0.04076	0.00250	0.03679	0.00540	0.00297	0.00923
103	0.00952	0.00639	0.00717	0.00717	0.00723	0.00636	0.00402	0.00957	0.00972	0.01290	0.02199	0.04363	0.04301	0.74817	0.03281	0.00627	0.00630	0.00969	0.00405	0.00403
104	0.01320	0.03405	0.73453	0.01876	0.02849	0.01529	0.02432	0.02085	0.01390	0.02085	0.01181	0.01390	0.00834	0.00625	0.00625	0.00208	0.00973	0.00486	0.00278	0.00973
105	0.01335	0.01235	0.02127	0.24887	0.24669	0.01311	0.08897	0.01727	0.01444	0.01942	0.01859	0.05817	0.01773	0.00957	0.00736	0.00234	0.00789	0.17058	0.00395	0.00807
106	0.02055	0.12731	0.09625	0.02120	0.15328	0.25312	0.08688	0.04686	0.01688	0.09833	0.01288	0.01463	0.00994	0.00646	0.00613	0.00185	0.00930	0.00520	0.00386	0.00912
107	0.01533	0.01257	0.01370	0.01251	0.01583	0.01414	0.00979	0.03020	0.54962	0.04708	0.10738	0.03175	0.04421	0.01027	0.00701	0.00226	0.00499	0.05508	0.00674	0.00954
108	0.00939	0.00719	0.00891	0.00977	0.01159	0.00671	0.00819	0.01183	0.01509	0.01888	0.04857	0.06956	0.33383	0.01753	0.00853	0.00268	0.00489	0.39492	0.00608	0.00584
109	0.00929	0.00730	0.01047	0.01323	0.09465	0.00724	0.00816	0.01078	0.01277	0.01732	0.03219	0.64157	0.03803	0.01846	0.00879	0.00260	0.03890	0.01660	0.00563	0.00603
110	0.01664	0.02131	0.18838	0.03078	0.38931	0.07744	0.11355	0.02139	0.01526	0.04498	0.01265	0.01578	0.00993	0.00607	0.00658	0.00200	0.00897	0.00579	0.00334	0.00985
111	0.01546	0.01846	0.07221	0.02789	0.06599	0.01654	0.63911	0.02104	0.01543	0.02110	0.01320	0.01750	0.00993	0.00560	0.00764	0.00220	0.01088	0.00754	0.00330	0.00899
112	0.01303	0.01244	0.02145	0.63540	0.12536	0.01484	0.05002	0.01742	0.01349	0.01757	0.01186	0.01741	0.00903	0.00645	0.00663	0.00217	0.00877	0.00594	0.00298	0.00775
113	0.01718	0.05894	0.33242	0.02153	0.14080	0.01693	0.07352	0.16782	0.04357	0.04475	0.01369	0.01547	0.01007	0.00661	0.00642	0.00202	0.00859	0.00557	0.00401	0.01010
114	0.01629	0.01564	0.02672	0.04041	0.72757	0.01564	0.02020	0.02020	0.01499	0.02151	0.01238	0.01629	0.01043	0.00587	0.00652	0.00196	0.00782	0.00587	0.00326	0.01043
115	0.00822	0.00669	0.00728	0.00713	0.00916	0.00574	0.00535	0.01030	0.01604	0.02024	0.25421	0.05931	0.53585	0.01576	0.00778	0.00218	0.00327	0.01333	0.00644	0.00574
116	0.02059	0.02415	0.01817	0.01747	0.06756	0.46473	0.01254	0.04532	0.01640	0.01697	0.01150	0.01605	0.01042	0.08042	0.03283	0.00261	0.12607	0.00523	0.00347	0.00749
117	0.02396	0.01791	0.01915	0.01493	0.02001	0.01992	0.01225	0.62267	0.11565	0.03976	0.01716	0.01689	0.01230	0.00803	0.00660	0.00201	0.00699	0.00611	0.00660	0.01110
118	0.04861	0.06257	0.02084	0.02146	0.21299	0.12454	0.01389	0.19277	0.18631	0.02699	0.01603	0.01696	0.01240	0.00723	0.00627	0.00196	0.00751	0.00580	0.00492	0.00997
119	0.01127	0.01034	0.08808	0.00981	0.01261	0.00786	0.00850	0.01538	0.05505	0.07317	0.44380	0.08801	0.12461	0.01287	0.00750	0.00213	0.00418	0.01118	0.00660	0.00704
120	0.00816	0.00583	0.00776	0.00907	0.00958	0.00544	0.00612	0.00951	0.01324	0.01782	0.10894	0.68880	0.04550	0.01987	0.00834	0.00261	0.00374	0.01800	0.00623	0.00544
121	0.00802	0.00573	0.00764	0.00917	0.00955	0.00535	0.00611	0.00917	0.01260	0.01681	0.03628	0.76434	0.04354	0.02062	0.00840	0.00267	0.00382	0.01872	0.00611	0.00535
122	0.01694	0.56341	0.19607	0.01330	0.01976	0.06015	0.01437	0.02031	0.01377	0.01676	0.00982	0.01140	0.00842	0.00584	0.00478	0.00158	0.00791	0.00387	0.00284	0.00870
123	0.00940	0.00705	0.01058	0.01058	0.01176	0.00823	0.00823	0.01176	0.01058	0.01528	0.01763	0.02586	0.01646	0.04937	0.74255	0.01058	0.01763	0.00705	0.00353	0.00588
124	0.07142	0.01129	0.01498	0.01155	0.01659	0.00995	0.00954	0.03140	0.01844	0.69468	0.02508	0.02178	0.01581	0.00804	0.00648	0.00204	0.00557	0.00646	0.00793	0.01099
125	0.01409	0.01154	0.01319	0.01289	0.01574	0.01289	0.01049	0.02653	0.43819	0.02443	0.02999	0.04425	0.02714	0.01260	0.00765	0.00255	0.00555	0.27514	0.00645	0.00869
126	0.01629	0.01564	0.02672	0.04041	0.72757	0.01564	0.02020	0.02020	0.01499	0.02151	0.01238	0.01629	0.01043	0.00587	0.00652	0.00196	0.00782	0.00587	0.00326	0.01043
127	0.00801	0.00577	0.00759	0.00905	0.00952	0.00536	0.00606	0.00918	0.01271	0.01685	0.03768	0.73211	0.07487	0.02044	0.00837	0.00265	0.00380	0.01849	0.00611	0.00536
128	0.02690	0.01544	0.01790	0.01372	0.01892	0.01596	0.01133	0.42594	0.02592	0.32827	0.02003	0.01855	0.01331	0.00800	0.00660	0.00200	0.00656	0.00621	0.00723	0.01120
129	0.01629	0.01564	0.02672	0.04041	0.72757	0.01564	0.02020	0.02020	0.01499	0.02151	0.01238	0.01629	0.01043	0.00587	0.00652	0.00196	0.00782	0.00587	0.00326	0.01043
130	0.00957	0.00638	0.00718	0.00718	0.00718	0.00638	0.00399	0.00957	0.00957	0.01276	0.02074	0.04308	0.02393	0.76864	0.03351	0.00638	0.00638	0.00957	0.00399	0.00399
131	0.01637	0.01414	0.01489	0.01340	0.01712	0.01637	0.01042	0.03498	0.71568	0.02754	0.02679	0.02456	0.02010	0.00893	0.00670	0.00223	0.00521	0.00744	0.00670	0.01042
132	0.01480	0.01424	0.02348	0.25196	0.39867	0.01611	0.01862	0.01843	0.01359	0.01911	0.01153	0.01635	0.00962	0.00706	0.00914	0.00219	0.13724	0.00584	0.00309	0.00893
133	0.00841	0.00666	0.00733	0.00718	0.00898	0.00583	0.00524	0.01030	0.01546	0.01970	0.24822	0.05719	0.46295	0.09519	0.01049	0.00262	0.00359	0.01287	0.00621	0.00558
134	0.01365	0.01170	0.01365	0.00975	0.01560	0.00878	0.00780	0.01658	0.01365	0.02145	0.01170	0.01365	0.00975	0.00488	0.00488	0.00098	0.00488	0.00390	0.00390	0.80888
135	0.01365	0.01170	0.01365	0.00975	0.01560	0.00878	0.00780	0.01658	0.01365	0.02145	0.01170	0.01365	0.00975	0.00488	0.00488	0.00098	0.00488	0.00390	0.00390	0.80888
136	0.01685	0.01404	0.01490	0.01334	0.01711	0.01613	0.01039	0.03488	0.69058	0.05291	0.02677	0.02448	0.01996	0.00890	0.00670	0.00223	0.00522	0.00741	0.00675	0.01045
137	0.00949	0.00635	0.00720	0.00729	0.00731	0.00633	0.00410	0.00955	0.00974	0.01298	0.02157	0.08153	0.02498	0.72876	0.03217	0.00618	0.00625	0.01006	0.00410	0.00406
138	0.01915	0.60844	0.03099	0.01253	0.01766	0.18466	0.01159	0.02117	0.01455	0.01563	0.00938	0.01085	0.00846	0.00589	0.00460	0.00147	0.00811	0.00368	0.00294	0.00827
139	0.01609	0.01543	0.02635	0.07839	0.69120	0.01559	0.02010	0.02002	0.01489	0.02126	0.01235	0.01636	0.01034	0.00590	0.00652	0.00197	0.00787	0.00586	0.00324	0.01026
140	0.55196	0.10363	0.01436	0.01023	0.01460	0.03963	0.00859	0.09322	0.04835	0.04799	0.01122	0.01225	0.00864	0.00646	0.00461	0.00196	0.00578	0.00410	0.00441	0.00800
141	0.02122	0.01408	0.01599	0.01334	0.01757	0.01511	0.01087	0.26499	0.23521	0.17592	0.04876	0.02721	0.01961	0.00955	0.00693	0.00218	0.00601	0.07829	0.00691	0.01024
142	0.00870	0.00706	0.00777	0.00759	0.00963	0.00632	0.00569	0.01169	0.05336	0.02084	0.25926	0.07922	0.46853	0.01543	0.00774	0.00219	0.00338	0.01311	0.00648	0.00600
143	0.78623	0.01269	0.01004	0.03546	0.01391	0.01476	0.00753	0.01926	0.01127	0.02908	0.00926	0.01094	0.00719	0.00613	0.00416	0.00204	0.00523	0.00365	0.00403	0.00714
144	0.01365	0.01170	0.01365	0.00975	0.01560	0.00878	0.00780	0.01658	0.01365	0.02145	0.01170	0.01365	0.00975	0.00488	0.00488	0.00098	0.00488	0.00390	0.00390	0.80888
145	0.02459	0.03138	0.01866	0.01696	0.02035	0.74221	0.01272	0.02629	0.01866	0.01611	0.01018	0.01187	0.00848	0.00678	0.00594	0.00170	0.01187	0.00424	0.00339	0.00763
146	0.02459	0.03138	0.01866	0.01696	0.02035	0.74221	0.01272	0.02629	0.01866	0.01611	0.01018	0.01187	0.00848	0.00678	0.00594	0.00170	0.01187	0.00424	0.00339	0.00763
147	0.00957	0.00638	0.00718	0.00718	0.00718	0.00638	0.00399	0.00957	0.00957	0.01276	0.02074	0.04308	0.02393	0.76864	0.03351	0.00638	0.00638	0.00957	0.00399	0.00399
148	0.00823	0.00669	0.00730	0.00715	0.00917	0.00575	0.00536	0.01033	0.01608	0.02033	0.26087	0.05917	0.52914	0.01572	0.00778	0.00218	0.00327	0.01331	0.00645	0.00575
149	0.01144	0.00572	0.00858	0.00858	0.00858	0.00572	0.00572	0.00858	0.00858	0.01144	0.01144	0.02001	0.01144	0.02287	0.02573	0.80846	0.00572	0.00572	0.00286	0.00286
150	0.01365	0.01170	0.01365	0.00975	0.01560	0.00878	0.00780	0.01658	0.01365	0.02145	0.01170	0.01365	0.00975	0.00488	0.00488	0.00098	0.00488	0.00390	0.00390	0.80888
151	0.08024	0.01130	0.01492	0.01152	0.01654	0.01000	0.00951	0.03126	0.01835	0.68678	0.02489	0.02165	0.01570	0.00802	0.00646	0.00204	0.00557	0.00642	0.00789	0.01094
152	0.01349	0.08172	0.68935	0.01828	0.02774	0.01598	0.02348	0.02078	0.01387	0.02050	0.01164	0.01368	0.00835	0.00621	0.00612	0.00204	0.00956	0.00478	0.00278	0.00965
153	0.01760	0.77260	0.03450	0.01126	0.01690	0.02605	0.01126	0.01971	0.01338	0.01549	0.00915	0.01056	0.00845	0.00563	0.00422	0.00141	0.00704	0.00352	0.00282	0.00845
154	0.02876	0.01244	0.01604	0.01230	0.01742	0.01151	0.01016	0.14737	0.02092	0.61391	0.02423	0.02128	0.01542	0.00811	0.00661	0.00203	0.00588	0.00650	0.00788	0.01120
155	0.00844	0.00616	0.00804	0.00938	0.01018	0.00576	0.00676	0.00997	0.01333	0.01742	0.03963	0.56260	0.12298	0.01974	0.00845	0.00268	0.00415	0.13275	0.00610	0.00550
156	0.01243	0.01170	0.01975	0.75282	0.04534	0.01463	0.01828	0.01682	0.01316	0.01682	0.01170	0.01755	0.00878	0.00658	0.00658	0.00219	0.00878	0.00585	0.00293	0.00731
157	0.01310	0.01238	0.02094	0.63044	0.16253	0.01480	0.01861	0.01740	0.01348	0.01763	0.01182	0.01734	0.00906	0.00646	0.00657	0.00215	0.00861	0.00585	0.00298	0.00785
158	0.81514	0.01273	0.00968	0.00866	0.01273	0.01477	0.00713	0.01935	0.01120	0.02954	0.00917	0.01069	0.00713	0.00611	0.00407	0.00204	0.00509	0.00356	0.00407	0.00713
159	0.01061	0.00758	0.01061	0.01212	0.01364	0.00758	0.01061	0.01364	0.01515	0.01970	0.03486	0.07426	0.03789	0.01819	0.00909	0.00303	0.00606	0.68326	0.00606	0.00606
160	0.00802	0.00573	0.00764	0.00917	0.00955	0.00535	0.00611	0.00917	0.01260	0.01681	0.03628	0.76434	0.04354	0.02062	0.00840	0.00267	0.00382	0.01872	0.00611	0.00535
161	0.02954	0.01120	0.01528	0.01171	0.01681	0.00968	0.00968	0.03208	0.01884	0.73213	0.02597	0.02241	0.01630	0.00815	0.00662	0.00204	0.00560	0.00662	0.00815	0.01120
162	0.00949	0.00702	0.00914	0.01011	0.01161	0.00667	0.00827	0.01196	0.01514	0.01963	0.11998	0.17241	0.18406	0.01770	0.00857	0.00270	0.00482	0.36864	0.00621	0.00587
163	0.02954	0.01120	0.01528	0.01171	0.01681	0.00968	0.00968	0.03208	0.01884	0.73213	0.02597	0.02241	0.01630	0.00815	0.00662	0.00204	0.00560	0.00662	0.00815	0.01120
164	0.02532	0.01832	0.01942	0.01496	0.02017	0.04065	0.01232	0.63965	0.02976	0.08817	0.01634	0.01614	0.01147	0.00789	0.00657	0.00197	0.00727	0.00593	0.00660	0.01109
165	0.00929	0.00645	0.00822	0.00923	0.01011	0.00605	0.00635	0.03493	0.01369	0.04039	0.03810	0.64760	0.10607	0.01940	0.00822	0.00259	0.00395	0.01742	0.00619	0.00576
166	0.01524	0.01527	0.02146	0.09290	0.22577	0.06432	0.01616	0.01777	0.01259	0.01778	0.01139	0.01800	0.01059	0.00944	0.01420	0.00248	0.38461	0.03874	0.00318	0.00812
167	0.05016	0.01519	0.01827	0.07463	0.07157	0.01620	0.01240	0.33685	0.08940	0.21901	0.01874	0.01838	0.01300	0.00775	0.00652	0.00203	0.00671	0.00616	0.00639	0.01062
168	0.01878	0.14099	0.07359	0.05028	0.34262	0.01827	0.01670	0.19044	0.01868	0.04903	0.01310	0.01532	0.01030	0.00646	0.00615	0.00189	0.00764	0.00545	0.00413	0.01017
169	0.03965	0.03048	0.60545	0.01982	0.07276	0.01507	0.04759	0.02132	0.01419	0.05586	0.01251	0.01451	0.00888	0.00629	0.00628	0.00208	0.00931	0.00508	0.00313	0.00973
170	0.01006	0.01052	0.06848	0.01068	0.01225	0.07280	0.00838	0.01192	0.01352	0.01728	0.03346	0.56211	0.07352	0.01786	0.00801	0.00253	0.00512	0.04997	0.00559	0.00596
171	0.06200	0.03680	0.01417	0.01226	0.01574	0.01471	0.00953	0.02920	0.52036	0.02581	0.04878	0.10174	0.02234	0.00985	0.00659	0.00218	0.00503	0.00826	0.00624	0.04842
172	0.07330	0.01336	0.01985	0.29566	0.20496	0.03525	0.03849	0.05083	0.03578	0.06763	0.03684	0.04327	0.01317	0.00882	0.03337	0.00241	0.00803	0.00647	0.00401	0.00851
173	0.03482	0.03483	0.05522	0.00905	0.01188	0.00805	0.00752	0.03616	0.01562	0.06653	0.14756	0.17706	0.31734	0.01435	0.00736	0.00218	0.00429	0.01220	0.00598	0.03199
174	0.01745	0.01182	0.01551	0.01274	0.05817	0.00960	0.03274	0.02044	0.01508	0.18808	0.01627	0.01896	0.01271	0.00637	0.00569	0.00142	0.00549	0.03791	0.00495	0.50861
175	0.52348	0.01414	0.03357	0.01008	0.01373	0.08545	0.00825	0.01948	0.03647	0.04717	0.06326	0.09030	0.01553	0.00831	0.00519	0.00208	0.00566	0.00600	0.00460	0.00725
176	0.01615	0.13686	0.28767	0.01915	0.07039	0.01668	0.14265	0.07608	0.03632	0.06193	0.03962	0.04020	0.01285	0.00704	0.00642	0.00201	0.00846	0.00621	0.00390	0.00938
177	0.05546	0.08907	0.17881	0.01326	0.01874	0.01483	0.01291	0.11695	0.11383	0.07434	0.05948	0.04650	0.03817	0.00815	0.00653	0.00192	0.02631	0.00640	0.00493	0.11342
178	0.04267	0.22760	0.17165	0.01631	0.06343	0.06856	0.05947	0.05388	0.08238	0.07243	0.04365	0.01847	0.01366	0.00724	0.00597	0.00191	0.00772	0.02973	0.00417	0.00910
179	0.09105	0.08833	0.28668	0.01664	0.02311	0.06817	0.10103	0.09531	0.03742	0.04622	0.01391	0.04203	0.01102	0.00896	0.04003	0.00241	0.00899	0.00579	0.00388	0.00901
180	0.03327	0.13233	0.32005	0.01561	0.04497	0.06529	0.01621	0.04041	0.06096	0.03985	0.09731	0.04751	0.01806	0.00824	0.00630	0.00201	0.00773	0.03095	0.00414	0.00879
181	0.01964	0.12165	0.17823	0.03390	0.04343	0.04142	0.01448	0.19883	0.11435	0.11662	0.04192	0.01783	0.01371	0.00747	0.00623	0.00196	0.00734	0.00582	0.00517	0.00998
182	0.04481	0.16307	0.23345	0.01656	0.08820	0.08619	0.01514	0.05770	0.03712	0.03793	0.06997	0.04348	0.03545	0.00766	0.00601	0.00189	0.00763	0.00603	0.00399	0.03772
183	0.06235	0.16101	0.11596	0.01703	0.09851	0.05987	0.08819	0.06019	0.01570	0.03960	0.07085	0.08432	0.06174	0.00859	0.00630	0.00195	0.00722	0.00730	0.00425	0.02907
184	0.04859	0.10308	0.13821	0.01800	0.11497	0.11241	0.05577	0.06253	0.05214	0.09640	0.04963	0.01962	0.05302	0.00745	0.00621	0.00190	0.00770	0.00606	0.00444	0.04186

[dist]
# distance from previous block
# <min> <max>
1	25

[block]
# block no. 1 follows, 33 sequences, length 23
# corresponding to MSA columns:
# 287-309
name=unknown_B
#
# <colnr> <probs for GDERKNQSTAVLIFYWHMCP>
#	G	D	E	R	K	N	Q	S	T	A	V	L	I	F	Y	W	H	M	C	P
0	0.09169	0.07172	0.19041	0.04356	0.07908	0.03538	0.04140	0.14210	0.06592	0.08918	0.01541	0.01814	0.01181	0.00725	0.00618	0.00200	0.00756	0.03364	0.00459	0.04298
1	0.06058	0.07626	0.14721	0.01750	0.09862	0.03839	0.07914	0.06488	0.07321	0.10428	0.06385	0.01839	0.01461	0.00697	0.00617	0.00187	0.00720	0.00590	0.00460	0.11038
2	0.07355	0.05359	0.08899	0.01310	0.01732	0.03513	0.10510	0.03710	0.03772	0.02109	0.06609	0.12457	0.15475	0.01053	0.00710	0.00203	0.02625	0.00905	0.00470	0.11223
3	0.04565	0.05850	0.18604	0.06978	0.10962	0.01541	0.12025	0.04755	0.12793	0.06817	0.01716	0.01965	0.02878	0.00718	0.00652	0.00207	0.00785	0.02242	0.00429	0.03518
4	0.04592	0.03346	0.15718	0.03018	0.02031	0.06124	0.06080	0.09426	0.08222	0.12568	0.08643	0.02161	0.04378	0.00786	0.00640	0.00193	0.00701	0.00649	0.00513	0.10210
5	0.06272	0.09238	0.20992	0.04638	0.06387	0.04241	0.13545	0.06471	0.01615	0.12841	0.03800	0.01684	0.01194	0.00665	0.00630	0.00197	0.00822	0.00577	0.00424	0.03766
6	0.05146	0.10431	0.10457	0.04450	0.09582	0.15711	0.05239	0.04275	0.04581	0.08401	0.03931	0.01782	0.03778	0.00703	0.00603	0.00182	0.00791	0.00561	0.00419	0.08977
7	0.04488	0.09907	0.25488	0.06811	0.05877	0.03081	0.07041	0.04438	0.01521	0.02182	0.12087	0.01954	0.01706	0.00735	0.00670	0.00194	0.03026	0.00607	0.00385	0.07803
8	0.11291	0.12822	0.12693	0.03948	0.01838	0.03879	0.01222	0.09358	0.05342	0.07469	0.10118	0.06281	0.01841	0.00866	0.00708	0.00202	0.05710	0.00660	0.00475	0.03274
9	0.03934	0.11134	0.06646	0.06284	0.06242	0.04162	0.07065	0.06443	0.12507	0.03720	0.06525	0.09910	0.05185	0.00954	0.00771	0.00213	0.06204	0.00791	0.00471	0.00839
10	0.01628	0.06867	0.18006	0.04335	0.04856	0.04242	0.06035	0.12066	0.05647	0.04729	0.01698	0.01915	0.05022	0.03874	0.00727	0.00200	0.00743	0.00589	0.00428	0.16395
11	0.01508	0.05074	0.04954	0.42692	0.16381	0.04049	0.04007	0.07507	0.03782	0.02024	0.01253	0.01675	0.00964	0.00655	0.00647	0.00208	0.00850	0.00577	0.00342	0.00851
12	0.04234	0.04274	0.04315	0.44795	0.11671	0.03940	0.01658	0.03939	0.04999	0.01955	0.03030	0.02074	0.01236	0.00740	0.00653	0.00215	0.00809	0.04305	0.00359	0.00799
13	0.22919	0.19183	0.12665	0.01266	0.01828	0.06610	0.02899	0.06822	0.03960	0.04971	0.01175	0.01304	0.00918	0.00620	0.00511	0.00175	0.00698	0.00435	0.00392	0.10649
14	0.02417	0.01882	0.04635	0.01520	0.02056	0.02003	0.01286	0.64822	0.06268	0.04006	0.01618	0.01615	0.01151	0.00789	0.00658	0.00199	0.00724	0.00596	0.00645	0.01110
15	0.00944	0.00655	0.00790	0.00790	0.00829	0.00675	0.00498	0.01005	0.01009	0.01360	0.02258	0.04039	0.06080	0.56822	0.18893	0.00708	0.00870	0.00925	0.00400	0.00449
16	0.01084	0.01653	0.25610	0.01190	0.01651	0.00988	0.01245	0.01628	0.06391	0.02299	0.31172	0.03811	0.16402	0.01129	0.00718	0.00211	0.00555	0.00957	0.00548	0.00758
17	0.00993	0.00701	0.00837	0.00824	0.00836	0.00746	0.00517	0.01027	0.00987	0.01337	0.02029	0.04138	0.02302	0.64972	0.07075	0.00625	0.05762	0.03458	0.00397	0.00439
18	0.14279	0.12792	0.01926	0.01451	0.05126	0.13035	0.01131	0.18628	0.16560	0.06545	0.01564	0.01587	0.01186	0.00726	0.00578	0.00192	0.00711	0.00531	0.00511	0.00942
19	0.52825	0.03893	0.08714	0.01074	0.01569	0.01483	0.00983	0.07328	0.01420	0.13570	0.01249	0.01319	0.00899	0.00656	0.00488	0.00202	0.00587	0.00434	0.00471	0.00837
20	0.04818	0.06201	0.04449	0.01743	0.09521	0.20080	0.05887	0.06207	0.16986	0.05920	0.02052	0.05133	0.06491	0.00838	0.00644	0.00200	0.00779	0.00683	0.00480	0.00887
21	0.10340	0.06305	0.01719	0.06624	0.01896	0.08291	0.01105	0.06762	0.10768	0.18396	0.01624	0.01691	0.01200	0.00764	0.00778	0.00197	0.09888	0.00545	0.00511	0.10596
22	0.04421	0.03692	0.05156	0.04891	0.23165	0.12005	0.01420	0.02369	0.10911	0.12567	0.05467	0.02048	0.03877	0.00782	0.00714	0.00203	0.04274	0.00635	0.00472	0.00929

[dist]
# distance from previous block
# <min> <max>
0	40

[block]
# block no. 2 follows, 33 sequences, length 19
# corresponding to MSA columns:
# 350-368
name=unknown_C
#
# <colnr> <probs for GDERKNQSTAVLIFYWHMCP>
#	G	D	E	R	K	N	Q	S	T	A	V	L	I	F	Y	W	H	M	C	P
0	0.04669	0.12153	0.31600	0.03625	0.08867	0.05642	0.01754	0.05918	0.03990	0.06659	0.03639	0.01577	0.01140	0.00703	0.00696	0.00201	0.05337	0.00527	0.00376	0.00929
1	0.05382	0.17703	0.40400	0.01651	0.02390	0.09035	0.03828	0.05162	0.01499	0.03863	0.01151	0.01331	0.00870	0.00640	0.00613	0.00193	0.02583	0.00467	0.00323	0.00916
2	0.05494	0.14976	0.07213	0.04311	0.14994	0.18615	0.06086	0.05857	0.01641	0.08326	0.01252	0.01436	0.00978	0.00633	0.00586	0.00179	0.00849	0.00500	0.00386	0.05688
3	0.08924	0.16604	0.16066	0.01459	0.02030	0.14385	0.05117	0.04346	0.01529	0.08485	0.01214	0.01365	0.00938	0.00642	0.00614	0.00176	0.03670	0.00464	0.00380	0.11592
4	0.01781	0.53108	0.17002	0.01329	0.01950	0.09071	0.01391	0.02099	0.01417	0.04160	0.01036	0.01175	0.00870	0.00595	0.00487	0.00159	0.00797	0.00396	0.00305	0.00872
5	0.04006	0.38465	0.19048	0.01310	0.01903	0.04807	0.01365	0.04416	0.01483	0.08198	0.03269	0.06436	0.01299	0.00736	0.00543	0.00177	0.00736	0.00547	0.00381	0.00875
6	0.05049	0.21625	0.11808	0.01324	0.01896	0.07187	0.01255	0.10538	0.01788	0.28852	0.01668	0.01617	0.01166	0.00703	0.00580	0.00185	0.00719	0.00520	0.00534	0.00987
7	0.00900	0.00678	0.00852	0.00948	0.01093	0.00631	0.00750	0.01112	0.01460	0.01862	0.07275	0.24475	0.26018	0.01813	0.00845	0.00264	0.00450	0.27389	0.00614	0.00573
8	0.01760	0.77260	0.03450	0.01126	0.01690	0.02605	0.01126	0.01971	0.01338	0.01549	0.00915	0.01056	0.00845	0.00563	0.00422	0.00141	0.00704	0.00352	0.00282	0.00845
9	0.00865	0.00625	0.00805	0.00928	0.00993	0.00593	0.00630	0.03548	0.01340	0.01778	0.03686	0.70502	0.07251	0.01997	0.00831	0.00263	0.00393	0.01802	0.00613	0.00558
10	0.01760	0.77260	0.03450	0.01126	0.01690	0.02605	0.01126	0.01971	0.01338	0.01549	0.00915	0.01056	0.00845	0.00563	0.00422	0.00141	0.00704	0.00352	0.00282	0.00845
11	0.00802	0.00573	0.00764	0.00917	0.00955	0.00535	0.00611	0.00917	0.01260	0.01681	0.03628	0.76434	0.04354	0.02062	0.00840	0.00267	0.00382	0.01872	0.00611	0.00535
12	0.01787	0.69485	0.06230	0.01194	0.01759	0.07135	0.01190	0.02018	0.01374	0.01575	0.00933	0.01078	0.00845	0.00573	0.00442	0.00145	0.00746	0.00362	0.00285	0.00845
13	0.00800	0.00579	0.00757	0.00900	0.00950	0.00536	0.00604	0.00919	0.01277	0.01687	0.03835	0.71678	0.08978	0.02036	0.00836	0.00264	0.00379	0.01839	0.00611	0.00536
14	0.00944	0.00632	0.00722	0.00736	0.00739	0.00629	0.00418	0.00954	0.00984	0.01312	0.02213	0.10738	0.02568	0.70196	0.03127	0.00605	0.00615	0.01039	0.00418	0.00411
15	0.09391	0.12334	0.02013	0.01626	0.04239	0.56262	0.01228	0.02464	0.01720	0.01741	0.01003	0.01175	0.00842	0.00655	0.00557	0.00170	0.01052	0.00414	0.00338	0.00778
16	0.01542	0.01391	0.07829	0.01093	0.01704	0.00988	0.00962	0.04464	0.01478	0.08365	0.01310	0.01451	0.01025	0.00540	0.00521	0.00120	0.00546	0.00430	0.00427	0.63814
17	0.01647	0.58295	0.21426	0.01319	0.01987	0.02329	0.01462	0.02000	0.01351	0.01686	0.00984	0.01142	0.00842	0.00579	0.00475	0.00158	0.00773	0.00387	0.00281	0.00878
18	0.01362	0.15529	0.55244	0.01647	0.02465	0.01630	0.02032	0.01965	0.01343	0.01923	0.01216	0.01594	0.00975	0.07411	0.00834	0.00235	0.00898	0.00506	0.00289	0.00900

[dist]
# distance from previous block
# <min> <max>
0	6

# created by:
# /home/berkeley/.conda/envs/busco_data_prod/bin/msa2prfl.pl pipeline/OGs_align_augustus/4893/40237.fs
