[name]
unknown

[dist]
# distance from previous block
# <min> <max>
0	2

[block]
# block no. 0 follows, 33 sequences, length 32
# corresponding to MSA columns:
# 2-33
name=unknown_A
#
# <colnr> <probs for GDERKNQSTAVLIFYWHMCP>
#	G	D	E	R	K	N	Q	S	T	A	V	L	I	F	Y	W	H	M	C	P
0	0.01043	0.00752	0.01036	0.01178	0.01334	0.00745	0.01026	0.01338	0.01515	0.01958	0.03686	0.07357	0.08107	0.01809	0.00901	0.00298	0.00589	0.64119	0.00607	0.00603
1	0.01581	0.01650	0.07068	0.09312	0.63186	0.01554	0.02032	0.01999	0.01478	0.02111	0.01230	0.01624	0.01017	0.00594	0.00651	0.00198	0.00801	0.00580	0.00320	0.01015
2	0.01793	0.01253	0.01445	0.01154	0.01643	0.01186	0.00918	0.02677	0.28269	0.16879	0.02037	0.01960	0.01504	0.00709	0.00593	0.00167	0.00515	0.00581	0.00584	0.34133
3	0.01245	0.00838	0.01049	0.00985	0.01165	0.00879	0.00740	0.07629	0.05921	0.06164	0.16670	0.11477	0.02956	0.10940	0.21376	0.00495	0.00823	0.00948	0.07026	0.00675
4	0.00828	0.00605	0.00757	0.00849	0.00925	0.00558	0.00575	0.00961	0.01334	0.01761	0.11494	0.50836	0.14762	0.09235	0.01069	0.00290	0.00392	0.01634	0.00603	0.00534
5	0.00919	0.00673	0.00769	0.00796	0.00957	0.00609	0.00572	0.01141	0.03732	0.03989	0.11311	0.27310	0.34977	0.04595	0.00876	0.00247	0.00370	0.01426	0.04148	0.00584
6	0.16223	0.11650	0.24863	0.01350	0.01959	0.01583	0.01405	0.07411	0.10384	0.02402	0.01473	0.06153	0.01220	0.00738	0.00568	0.00193	0.00692	0.00564	0.00414	0.08756
7	0.00815	0.00582	0.00777	0.00916	0.00957	0.00554	0.00613	0.00932	0.01238	0.01656	0.03470	0.69710	0.04135	0.05255	0.04708	0.00323	0.00463	0.01774	0.00589	0.00532
8	0.01546	0.01471	0.02484	0.08130	0.61579	0.01506	0.01898	0.01914	0.01456	0.02073	0.01378	0.06504	0.01243	0.00706	0.00714	0.00205	0.03205	0.00670	0.00341	0.00980
9	0.00972	0.00816	0.03485	0.00893	0.01092	0.00688	0.00684	0.04602	0.01500	0.02020	0.11406	0.34873	0.22104	0.01596	0.00757	0.00226	0.00403	0.01395	0.04839	0.05650
10	0.01612	0.01547	0.02641	0.07185	0.69746	0.01560	0.02012	0.02005	0.01491	0.02130	0.01235	0.01635	0.01035	0.00590	0.00652	0.00197	0.00786	0.00587	0.00324	0.01029
11	0.01760	0.77260	0.03450	0.01126	0.01690	0.02605	0.01126	0.01971	0.01338	0.01549	0.00915	0.01056	0.00845	0.00563	0.00422	0.00141	0.00704	0.00352	0.00282	0.00845
12	0.01637	0.01414	0.01489	0.01340	0.01712	0.01637	0.01042	0.03498	0.71568	0.02754	0.02679	0.02456	0.02010	0.00893	0.00670	0.00223	0.00521	0.00744	0.00670	0.01042
13	0.01344	0.07324	0.69739	0.01837	0.02788	0.01586	0.02363	0.02079	0.01387	0.02056	0.01167	0.01372	0.00835	0.00622	0.00615	0.00205	0.00959	0.00479	0.00278	0.00966
14	0.01813	0.03910	0.04413	0.06966	0.27571	0.04099	0.01483	0.14907	0.04380	0.06384	0.01393	0.01599	0.01082	0.00637	0.00612	0.00177	0.00715	0.00542	0.00436	0.16880
15	0.00831	0.00629	0.00758	0.00808	0.00931	0.00566	0.00569	0.01004	0.01467	0.01921	0.20722	0.34143	0.26583	0.04841	0.00908	0.00254	0.00360	0.01519	0.00629	0.00556
16	0.01918	0.39067	0.02741	0.01729	0.13280	0.14593	0.01287	0.11175	0.01695	0.02012	0.01310	0.01458	0.03858	0.00662	0.00535	0.00166	0.00787	0.00477	0.00362	0.00888
17	0.01144	0.00572	0.00858	0.00858	0.00858	0.00572	0.00572	0.00858	0.00858	0.01144	0.01144	0.02001	0.01144	0.02287	0.02573	0.80846	0.00572	0.00572	0.00286	0.00286
18	0.05078	0.01561	0.02304	0.07453	0.44336	0.01638	0.01701	0.16075	0.06476	0.04853	0.01430	0.01679	0.01118	0.00661	0.00645	0.00200	0.00741	0.00591	0.00433	0.01028
19	0.01614	0.01523	0.02536	0.07599	0.63738	0.01542	0.01925	0.04717	0.01553	0.02193	0.01442	0.01802	0.03582	0.00637	0.00657	0.00198	0.00769	0.00615	0.00348	0.01012
20	0.42844	0.01195	0.01189	0.00991	0.01410	0.01261	0.00811	0.06896	0.01555	0.24721	0.06777	0.01803	0.01465	0.00746	0.00532	0.00202	0.00517	0.00538	0.03691	0.00856
21	0.00801	0.00577	0.00760	0.00907	0.00952	0.00536	0.00607	0.00918	0.01270	0.01684	0.03751	0.73619	0.07090	0.02047	0.00838	0.00266	0.00380	0.01852	0.00611	0.00536
22	0.02344	0.01451	0.01656	0.01300	0.01763	0.01512	0.01063	0.39078	0.05091	0.22644	0.09051	0.02384	0.05805	0.00904	0.00678	0.00203	0.00610	0.00720	0.00705	0.01037
23	0.02417	0.01937	0.01879	0.01498	0.01973	0.12243	0.01211	0.53447	0.04921	0.06200	0.01655	0.04623	0.01259	0.00830	0.00657	0.00197	0.00764	0.00628	0.00617	0.01042
24	0.00940	0.00705	0.01058	0.01058	0.01176	0.00823	0.00823	0.01176	0.01058	0.01528	0.01763	0.02586	0.01646	0.04937	0.74255	0.01058	0.01763	0.00705	0.00353	0.00588
25	0.00802	0.00573	0.00764	0.00917	0.00955	0.00535	0.00611	0.00917	0.01260	0.01681	0.03628	0.76434	0.04354	0.02062	0.00840	0.00267	0.00382	0.01872	0.00611	0.00535
26	0.01588	0.01551	0.02731	0.10155	0.59905	0.01565	0.08784	0.02000	0.01488	0.02106	0.01242	0.01655	0.01024	0.00590	0.00665	0.00200	0.00823	0.00605	0.00324	0.01000
27	0.01425	0.01356	0.02303	0.41694	0.36699	0.01511	0.01919	0.01842	0.01402	0.01903	0.01202	0.01696	0.00955	0.00624	0.00655	0.00208	0.00833	0.00586	0.00308	0.00878
28	0.02091	0.01630	0.01697	0.01377	0.01808	0.05039	0.01117	0.45930	0.11192	0.03501	0.09060	0.02481	0.05612	0.00939	0.00685	0.00206	0.00654	0.03341	0.00647	0.00994
29	0.00940	0.00705	0.01058	0.01058	0.01176	0.00823	0.00823	0.01176	0.01058	0.01528	0.01763	0.02586	0.01646	0.04937	0.74255	0.01058	0.01763	0.00705	0.00353	0.00588
30	0.81514	0.01273	0.00968	0.00866	0.01273	0.01477	0.00713	0.01935	0.01120	0.02954	0.00917	0.01069	0.00713	0.00611	0.00407	0.00204	0.00509	0.00356	0.00407	0.00713
31	0.02288	0.01730	0.02084	0.01584	0.02113	0.01851	0.08710	0.53366	0.04848	0.06413	0.01774	0.01799	0.03454	0.00785	0.00669	0.00198	0.00731	0.00637	0.00617	0.04351

[dist]
# distance from previous block
# <min> <max>
0	1

[block]
# block no. 1 follows, 33 sequences, length 68
# corresponding to MSA columns:
# 35-102
name=unknown_B
#
# <colnr> <probs for GDERKNQSTAVLIFYWHMCP>
#	G	D	E	R	K	N	Q	S	T	A	V	L	I	F	Y	W	H	M	C	P
0	0.01724	0.01822	0.03199	0.02361	0.02947	0.06636	0.48377	0.09319	0.12086	0.02378	0.01535	0.01816	0.01150	0.00637	0.00737	0.00216	0.00989	0.00729	0.00416	0.00926
1	0.01144	0.00572	0.00858	0.00858	0.00858	0.00572	0.00572	0.00858	0.00858	0.01144	0.01144	0.02001	0.01144	0.02287	0.02573	0.80846	0.00572	0.00572	0.00286	0.00286
2	0.02165	0.01765	0.04138	0.06295	0.13279	0.01893	0.01436	0.47136	0.06613	0.03448	0.01527	0.01639	0.01127	0.00766	0.00715	0.00204	0.03638	0.00596	0.00560	0.01060
3	0.01467	0.01681	0.08277	0.04408	0.02810	0.01530	0.41863	0.04072	0.08573	0.02206	0.06780	0.02206	0.03948	0.00863	0.03152	0.00249	0.03862	0.00782	0.00408	0.00865
4	0.00957	0.00638	0.00718	0.00718	0.00718	0.00638	0.00399	0.00957	0.00957	0.01276	0.02074	0.04308	0.02393	0.76864	0.03351	0.00638	0.00638	0.00957	0.00399	0.00399
5	0.00944	0.00693	0.00994	0.00994	0.01089	0.00788	0.00743	0.01135	0.01039	0.01481	0.01822	0.02910	0.01786	0.18474	0.60911	0.00979	0.01552	0.00753	0.00361	0.00552
6	0.01901	0.62364	0.03131	0.01241	0.01759	0.16998	0.01156	0.02103	0.01444	0.01561	0.00936	0.01082	0.00845	0.00586	0.00457	0.00147	0.00801	0.00366	0.00293	0.00828
7	0.04506	0.08576	0.44132	0.01609	0.02371	0.01449	0.04494	0.02208	0.01507	0.14844	0.06845	0.01788	0.01390	0.00706	0.00625	0.00202	0.00816	0.00567	0.00415	0.00950
8	0.01623	0.08769	0.07539	0.03198	0.45932	0.01647	0.10828	0.04203	0.01527	0.02148	0.01224	0.01562	0.01003	0.00584	0.00636	0.00189	0.00811	0.00572	0.00334	0.05671
9	0.01242	0.00949	0.01450	0.01752	0.17476	0.00917	0.04524	0.01543	0.04903	0.07629	0.02957	0.43251	0.05748	0.01476	0.00769	0.00240	0.00529	0.01352	0.00552	0.00741
10	0.02453	0.01349	0.01530	0.01252	0.01699	0.05498	0.01006	0.07350	0.22111	0.41783	0.02450	0.02209	0.01665	0.00826	0.00653	0.00205	0.00586	0.00666	0.03651	0.01058
11	0.05928	0.05252	0.12580	0.04285	0.19588	0.01579	0.01510	0.19881	0.03463	0.11238	0.04296	0.01926	0.04064	0.00752	0.00638	0.00200	0.00714	0.00617	0.00498	0.00992
12	0.01673	0.20857	0.36597	0.01880	0.09957	0.11824	0.01863	0.02165	0.01472	0.04353	0.01150	0.01337	0.00888	0.00620	0.00576	0.00185	0.00903	0.00462	0.00311	0.00926
13	0.00828	0.00598	0.00759	0.00877	0.00934	0.00558	0.00590	0.00941	0.01259	0.01653	0.03759	0.57655	0.11377	0.11099	0.01141	0.00309	0.00416	0.04140	0.00585	0.00523
14	0.01849	0.67799	0.03248	0.01199	0.01734	0.11746	0.01145	0.02055	0.01405	0.01557	0.00928	0.01073	0.00845	0.00578	0.00444	0.00144	0.00766	0.00361	0.00289	0.00834
15	0.03774	0.05762	0.02178	0.08772	0.02154	0.06101	0.07223	0.04321	0.01293	0.06851	0.01095	0.01515	0.00934	0.00942	0.01504	0.00249	0.43622	0.00573	0.00349	0.00787
16	0.00872	0.00592	0.00751	0.00852	0.00925	0.00553	0.00583	0.01003	0.01312	0.01803	0.07958	0.53196	0.10487	0.01854	0.00886	0.04746	0.00375	0.01576	0.09140	0.00537
17	0.01243	0.01170	0.01975	0.75282	0.04534	0.01463	0.01828	0.01682	0.01316	0.01682	0.01170	0.01755	0.00878	0.00658	0.00658	0.00219	0.00878	0.00585	0.00293	0.00731
18	0.01922	0.07784	0.01710	0.01373	0.01703	0.31973	0.01077	0.08184	0.09277	0.04337	0.07259	0.02409	0.11742	0.00927	0.00733	0.00194	0.05442	0.00679	0.00477	0.00799
19	0.02305	0.02652	0.01806	0.01606	0.01973	0.51698	0.01225	0.10779	0.15495	0.02130	0.01405	0.01479	0.01105	0.00733	0.00616	0.00183	0.01004	0.00506	0.00441	0.00859
20	0.02878	0.01241	0.01602	0.01229	0.01741	0.01147	0.01015	0.14439	0.02086	0.61697	0.02428	0.02131	0.01545	0.00811	0.00661	0.00203	0.00588	0.00650	0.00789	0.01120
21	0.02459	0.03138	0.01866	0.01696	0.02035	0.74221	0.01272	0.02629	0.01866	0.01611	0.01018	0.01187	0.00848	0.00678	0.00594	0.00170	0.01187	0.00424	0.00339	0.00763
22	0.56735	0.01452	0.01284	0.01069	0.01514	0.01654	0.00882	0.23457	0.01740	0.03329	0.01125	0.01230	0.00840	0.00667	0.00486	0.00202	0.00577	0.00431	0.00486	0.00840
23	0.01595	0.27992	0.42219	0.01592	0.02373	0.04318	0.01867	0.07290	0.01518	0.02047	0.01117	0.01286	0.00860	0.00619	0.00559	0.00184	0.00871	0.00448	0.00310	0.00934
24	0.00802	0.00573	0.00764	0.00917	0.00955	0.00535	0.00611	0.00917	0.01260	0.01681	0.03628	0.76434	0.04354	0.02062	0.00840	0.00267	0.00382	0.01872	0.00611	0.00535
25	0.10537	0.01201	0.01499	0.01167	0.01654	0.01129	0.00962	0.10848	0.01949	0.55401	0.05149	0.02157	0.01666	0.00814	0.00641	0.00203	0.00564	0.00645	0.00753	0.01060
26	0.06203	0.04184	0.01368	0.01005	0.01481	0.00972	0.00799	0.03711	0.01445	0.10768	0.01721	0.13387	0.01575	0.00797	0.00562	0.00148	0.00496	0.00661	0.00481	0.48235
27	0.01442	0.12358	0.53373	0.01739	0.02583	0.01652	0.04855	0.06093	0.01508	0.02163	0.03783	0.01504	0.01059	0.00648	0.00611	0.00197	0.00895	0.00511	0.00322	0.02704
28	0.02567	0.01495	0.01732	0.01348	0.01846	0.01551	0.01107	0.36796	0.08314	0.31059	0.03874	0.01997	0.01524	0.00823	0.00664	0.00202	0.00633	0.00648	0.00722	0.01101
29	0.00836	0.00610	0.00819	0.00958	0.01002	0.00593	0.00662	0.00963	0.01268	0.01695	0.03537	0.70133	0.04216	0.02021	0.00884	0.00270	0.02669	0.05718	0.00601	0.00545
30	0.00949	0.00687	0.00869	0.00948	0.01042	0.00664	0.00660	0.06474	0.01474	0.01976	0.10530	0.61255	0.06218	0.01878	0.00818	0.00254	0.00400	0.01687	0.00626	0.00590
31	0.01467	0.08154	0.63166	0.01783	0.02689	0.03238	0.02238	0.02153	0.01425	0.06010	0.01239	0.01411	0.00879	0.00633	0.00613	0.00203	0.00937	0.00486	0.00310	0.00968
32	0.01601	0.01690	0.03626	0.02610	0.03241	0.01580	0.63659	0.02122	0.01560	0.06061	0.01496	0.04834	0.01170	0.00631	0.00773	0.00223	0.01050	0.00815	0.00371	0.00887
33	0.02406	0.03003	0.01834	0.01663	0.02000	0.69005	0.01249	0.05201	0.01893	0.01712	0.01125	0.03676	0.00974	0.00728	0.00604	0.00174	0.01143	0.00478	0.00360	0.00769
34	0.00901	0.00611	0.00802	0.00892	0.00961	0.00614	0.00622	0.01062	0.01216	0.01734	0.02926	0.45778	0.03278	0.07045	0.16589	0.00442	0.00681	0.01388	0.11909	0.00549
35	0.01315	0.01189	0.01850	0.11475	0.34362	0.01223	0.01444	0.01759	0.07190	0.02047	0.05649	0.14098	0.09548	0.01036	0.00710	0.00218	0.00636	0.02958	0.00451	0.00842
36	0.00940	0.00705	0.01058	0.01058	0.01176	0.00823	0.00823	0.01176	0.01058	0.01528	0.01763	0.02586	0.01646	0.04937	0.74255	0.01058	0.01763	0.00705	0.00353	0.00588
37	0.01156	0.00750	0.01108	0.01070	0.01230	0.00838	0.00838	0.01393	0.01146	0.09190	0.01852	0.02549	0.01644	0.04497	0.66390	0.00967	0.01635	0.00701	0.00402	0.00645
38	0.07600	0.01207	0.01501	0.01172	0.01653	0.01143	0.00964	0.12003	0.04199	0.53491	0.02336	0.02100	0.01521	0.00799	0.00635	0.00201	0.00563	0.00634	0.05214	0.01064
39	0.00927	0.00667	0.00852	0.00857	0.00930	0.00702	0.00589	0.01044	0.01065	0.01444	0.02484	0.05922	0.09638	0.37352	0.31885	0.00754	0.01057	0.00927	0.00409	0.00497
40	0.00800	0.00583	0.00754	0.00891	0.00948	0.00537	0.00600	0.00920	0.01285	0.01691	0.03942	0.69213	0.11373	0.02022	0.00834	0.00263	0.00377	0.01822	0.00611	0.00537
41	0.01320	0.03405	0.73453	0.01876	0.02849	0.01529	0.02432	0.02085	0.01390	0.02085	0.01181	0.01390	0.00834	0.00625	0.00625	0.00208	0.00973	0.00486	0.00278	0.00973
42	0.01542	0.01705	0.03238	0.02414	0.02860	0.03697	0.46671	0.01956	0.01389	0.01929	0.01175	0.01654	0.00952	0.00748	0.01211	0.00242	0.24762	0.00704	0.00319	0.00831
43	0.00820	0.00594	0.00779	0.00913	0.00975	0.00552	0.00630	0.00957	0.01314	0.01739	0.06342	0.64855	0.09187	0.01994	0.00838	0.00264	0.00389	0.05699	0.00615	0.00544
44	0.03758	0.04228	0.01445	0.01274	0.01434	0.13149	0.01011	0.01538	0.01195	0.01596	0.01428	0.02055	0.01322	0.03289	0.44717	0.00719	0.14238	0.00613	0.00338	0.00653
45	0.00901	0.00703	0.01064	0.01100	0.01211	0.00662	0.06654	0.01075	0.01318	0.01747	0.03479	0.57862	0.06136	0.03447	0.00893	0.00274	0.00476	0.09843	0.00582	0.00572
46	0.01243	0.01170	0.01975	0.75282	0.04534	0.01463	0.01828	0.01682	0.01316	0.01682	0.01170	0.01755	0.00878	0.00658	0.00658	0.00219	0.00878	0.00585	0.00293	0.00731
47	0.00915	0.00741	0.00837	0.00933	0.01027	0.03973	0.00645	0.01117	0.04073	0.01786	0.07769	0.57515	0.12482	0.01865	0.00811	0.00252	0.00414	0.01664	0.00607	0.00572
48	0.73761	0.01261	0.01048	0.05229	0.01480	0.01456	0.00788	0.01970	0.01162	0.05615	0.00997	0.01155	0.00758	0.00622	0.00432	0.00205	0.00533	0.00382	0.00417	0.00730
49	0.05042	0.02220	0.01908	0.01865	0.11914	0.33556	0.01298	0.16097	0.02037	0.15648	0.01453	0.01521	0.01071	0.00711	0.00621	0.00186	0.00899	0.00523	0.00492	0.00939
50	0.02114	0.02280	0.02270	0.02224	0.15322	0.33810	0.09714	0.09034	0.01790	0.05310	0.01208	0.01454	0.00967	0.00714	0.00803	0.00198	0.08988	0.00540	0.00384	0.00877
51	0.13296	0.01605	0.01613	0.01301	0.01748	0.05014	0.01056	0.39945	0.07736	0.03352	0.01737	0.01804	0.03768	0.01013	0.04718	0.00241	0.00716	0.00588	0.03111	0.05638
52	0.28016	0.01452	0.01511	0.01338	0.05593	0.01578	0.01026	0.29241	0.04155	0.03249	0.05800	0.01900	0.01434	0.00781	0.00581	0.00198	0.00601	0.03655	0.00538	0.07353
53	0.01615	0.01584	0.03020	0.09787	0.09100	0.01595	0.40192	0.08259	0.01643	0.04815	0.03285	0.04711	0.01282	0.00713	0.00823	0.00222	0.05313	0.00762	0.00394	0.00885
54	0.00826	0.00592	0.00773	0.00908	0.00959	0.00555	0.00617	0.00946	0.01265	0.01674	0.03656	0.64541	0.07324	0.07027	0.01009	0.00292	0.00409	0.05498	0.00597	0.00531
55	0.01725	0.01825	0.02491	0.14775	0.43089	0.15780	0.06789	0.02092	0.01546	0.01968	0.01191	0.01573	0.00975	0.00614	0.00650	0.00196	0.00900	0.00568	0.00324	0.00928
56	0.00934	0.00694	0.00866	0.00956	0.01083	0.00659	0.00718	0.04227	0.01456	0.01881	0.04175	0.41824	0.19152	0.01861	0.00834	0.00262	0.00438	0.16786	0.00612	0.00582
57	0.01777	0.56733	0.12292	0.01308	0.01882	0.10983	0.01322	0.02054	0.01398	0.01627	0.00960	0.01126	0.00844	0.00602	0.00518	0.00157	0.02896	0.00384	0.00288	0.00848
58	0.00945	0.00649	0.00762	0.00762	0.00791	0.00659	0.00463	0.00987	0.01002	0.01339	0.02288	0.04184	0.06204	0.62741	0.12990	0.00673	0.00776	0.00947	0.00404	0.00434
59	0.01520	0.01334	0.01369	0.01242	0.01574	0.04241	0.00960	0.03000	0.55080	0.02631	0.12077	0.02986	0.07140	0.00995	0.00688	0.00219	0.00507	0.00833	0.00660	0.00944
60	0.01144	0.00572	0.00858	0.00858	0.00858	0.00572	0.00572	0.00858	0.00858	0.01144	0.01144	0.02001	0.01144	0.02287	0.02573	0.80846	0.00572	0.00572	0.00286	0.00286
61	0.00940	0.00705	0.01058	0.01058	0.01176	0.00823	0.00823	0.01176	0.01058	0.01528	0.01763	0.02586	0.01646	0.04937	0.74255	0.01058	0.01763	0.00705	0.00353	0.00588
62	0.01631	0.55567	0.24011	0.01347	0.02030	0.02289	0.01510	0.02005	0.01353	0.01706	0.00993	0.01154	0.00842	0.00582	0.00482	0.00161	0.00783	0.00392	0.00281	0.00882
63	0.02835	0.01094	0.01490	0.01151	0.01640	0.00947	0.00947	0.03093	0.01883	0.69086	0.06680	0.02397	0.01898	0.00846	0.00669	0.00204	0.00546	0.00693	0.00810	0.01091
64	0.05317	0.06985	0.50559	0.01710	0.02539	0.01534	0.04673	0.05010	0.01519	0.12109	0.01374	0.01498	0.00958	0.00652	0.00616	0.00204	0.00874	0.00513	0.00377	0.00977
65	0.00971	0.00751	0.01117	0.01099	0.01210	0.00896	0.00861	0.01201	0.01055	0.01532	0.01708	0.02516	0.01598	0.04704	0.69809	0.01011	0.06320	0.00697	0.00349	0.00596
66	0.11709	0.06841	0.06038	0.03957	0.01971	0.06774	0.01233	0.29898	0.09757	0.04793	0.01458	0.01546	0.01095	0.00758	0.00709	0.00200	0.06135	0.00539	0.00514	0.04074
67	0.05308	0.01225	0.01366	0.01191	0.01530	0.01300	0.00941	0.23433	0.13309	0.04108	0.04127	0.16084	0.06130	0.01375	0.04997	0.00266	0.00620	0.05066	0.00600	0.07024

[dist]
# distance from previous block
# <min> <max>
0	9

[block]
# block no. 2 follows, 33 sequences, length 35
# corresponding to MSA columns:
# 112-146
name=unknown_C
#
# <colnr> <probs for GDERKNQSTAVLIFYWHMCP>
#	G	D	E	R	K	N	Q	S	T	A	V	L	I	F	Y	W	H	M	C	P
0	0.23081	0.01645	0.05633	0.08297	0.19085	0.05917	0.01369	0.15888	0.01756	0.06474	0.04002	0.01601	0.01163	0.00689	0.00589	0.00200	0.00711	0.00539	0.00451	0.00911
1	0.15527	0.12148	0.03865	0.01395	0.05700	0.04299	0.01119	0.23378	0.04412	0.10946	0.04809	0.01654	0.01312	0.00721	0.00575	0.00185	0.00651	0.00538	0.00527	0.06242
2	0.01451	0.01705	0.10605	0.02292	0.09805	0.01466	0.34628	0.03456	0.09923	0.02219	0.05725	0.06484	0.03988	0.00804	0.00739	0.00221	0.00862	0.02318	0.00425	0.00884
3	0.01677	0.01579	0.02634	0.03903	0.68902	0.01590	0.01978	0.05757	0.01586	0.02260	0.01257	0.01627	0.01047	0.00598	0.00652	0.00196	0.00779	0.00587	0.00344	0.01047
4	0.01010	0.00748	0.01044	0.01020	0.01111	0.00874	0.00773	0.01204	0.01065	0.01570	0.01773	0.02765	0.01708	0.16187	0.50164	0.00847	0.07623	0.00728	0.07217	0.00570
5	0.01917	0.01536	0.01883	0.02000	0.18288	0.01680	0.01315	0.19236	0.34969	0.06884	0.02076	0.02042	0.01550	0.00793	0.00663	0.00210	0.00633	0.00667	0.00595	0.01065
6	0.01554	0.01776	0.03885	0.02775	0.03441	0.01665	0.70366	0.02109	0.01554	0.02109	0.01332	0.01776	0.00999	0.00555	0.00777	0.00222	0.01110	0.00777	0.00333	0.00888
7	0.01460	0.01409	0.02063	0.13820	0.04809	0.01858	0.03895	0.05405	0.01211	0.01778	0.01014	0.01557	0.00918	0.01141	0.04215	0.00293	0.51491	0.00590	0.00314	0.00757
8	0.01897	0.01783	0.01619	0.01427	0.01813	0.14904	0.01111	0.11893	0.50145	0.02724	0.02237	0.02113	0.01685	0.00841	0.00655	0.00210	0.00668	0.00667	0.00608	0.01001
9	0.00839	0.00617	0.00786	0.00854	0.00954	0.00564	0.00599	0.01021	0.01481	0.01991	0.25317	0.44448	0.14533	0.01785	0.00812	0.00242	0.00353	0.01593	0.00646	0.00564
10	0.01741	0.00909	0.01152	0.00983	0.01301	0.00837	0.00775	0.02153	0.08213	0.29244	0.30742	0.03870	0.13017	0.01147	0.00724	0.00209	0.00427	0.00976	0.00739	0.00840
11	0.00930	0.00627	0.00726	0.00753	0.00759	0.00620	0.00436	0.00950	0.01010	0.01347	0.02345	0.16869	0.02735	0.63837	0.02914	0.00574	0.00594	0.01117	0.00436	0.00423
12	0.01320	0.03405	0.73453	0.01876	0.02849	0.01529	0.02432	0.02085	0.01390	0.02085	0.01181	0.01390	0.00834	0.00625	0.00625	0.00208	0.00973	0.00486	0.00278	0.00973
13	0.01608	0.01542	0.02633	0.08020	0.68947	0.01559	0.02010	0.02002	0.01489	0.02125	0.01234	0.01636	0.01034	0.00591	0.00652	0.00197	0.00787	0.00586	0.00324	0.01025
14	0.02573	0.01731	0.01905	0.01461	0.01985	0.01873	0.01207	0.60002	0.02905	0.14977	0.01740	0.01684	0.01200	0.00794	0.00659	0.00199	0.00699	0.00604	0.00683	0.01120
15	0.01947	0.01204	0.01299	0.01063	0.01414	0.01278	0.00856	0.32272	0.02185	0.09541	0.01937	0.02048	0.01431	0.00782	0.00566	0.00177	0.00515	0.00609	0.37994	0.00883
16	0.01265	0.01049	0.01157	0.01077	0.01353	0.01127	0.00835	0.02327	0.36760	0.02503	0.21627	0.04080	0.16004	0.01203	0.00731	0.00223	0.00437	0.04752	0.00670	0.00820
17	0.00821	0.00594	0.00781	0.00924	0.00983	0.00554	0.00640	0.00955	0.01297	0.01710	0.03820	0.66181	0.08865	0.02016	0.00842	0.00267	0.00397	0.07199	0.00611	0.00542
18	0.00947	0.00680	0.00932	0.00932	0.01006	0.00754	0.00666	0.01095	0.01021	0.01435	0.01879	0.03225	0.01923	0.31608	0.47963	0.00902	0.01346	0.00799	0.00370	0.00518
19	0.02459	0.03138	0.01866	0.01696	0.02035	0.74221	0.01272	0.02629	0.01866	0.01611	0.01018	0.01187	0.00848	0.00678	0.00594	0.00170	0.01187	0.00424	0.00339	0.00763
20	0.00792	0.00660	0.00693	0.00716	0.00915	0.00561	0.00534	0.00958	0.01474	0.01775	0.06199	0.14397	0.62060	0.01718	0.00790	0.00231	0.00349	0.04012	0.00611	0.00555
21	0.48444	0.01209	0.01203	0.00994	0.01445	0.01262	0.00820	0.02471	0.01442	0.32530	0.01624	0.01562	0.01099	0.00697	0.00515	0.00204	0.00531	0.00485	0.00579	0.00884
22	0.01431	0.00823	0.01068	0.00945	0.01195	0.00773	0.00733	0.01821	0.06294	0.18544	0.46967	0.04082	0.06521	0.01376	0.04226	0.00248	0.00450	0.01025	0.00721	0.00758
23	0.00926	0.00688	0.00799	0.00838	0.00999	0.00629	0.00602	0.01181	0.05538	0.04423	0.08713	0.35309	0.33467	0.01739	0.00794	0.00240	0.00372	0.01517	0.00628	0.00599
24	0.00880	0.00621	0.00833	0.00937	0.00999	0.00619	0.00661	0.01026	0.01218	0.01660	0.03071	0.46990	0.03529	0.10728	0.13996	0.00447	0.00671	0.07563	0.03012	0.00538
25	0.01943	0.01566	0.01570	0.01339	0.01739	0.07709	0.01058	0.19582	0.36286	0.08486	0.06279	0.02436	0.05234	0.00905	0.00671	0.00210	0.00610	0.00729	0.00651	0.00997
26	0.01488	0.02000	0.16291	0.05046	0.10650	0.05406	0.37772	0.01999	0.01499	0.02028	0.01480	0.08436	0.01265	0.00719	0.00727	0.00218	0.00978	0.00776	0.00346	0.00877
27	0.01292	0.00742	0.00929	0.00880	0.01100	0.00655	0.00659	0.01498	0.01606	0.17431	0.20493	0.23668	0.23467	0.01511	0.00769	0.00227	0.00390	0.01313	0.00682	0.00688
28	0.02929	0.01160	0.01552	0.01190	0.01700	0.01027	0.00983	0.06904	0.01951	0.69424	0.02541	0.02205	0.01602	0.00813	0.00662	0.00203	0.00569	0.00658	0.00806	0.01120
29	0.09005	0.05721	0.02477	0.19317	0.30477	0.06637	0.10626	0.04349	0.01501	0.02112	0.01184	0.01562	0.00948	0.00613	0.00631	0.00200	0.00843	0.00566	0.00337	0.00894
30	0.01499	0.12559	0.54483	0.01913	0.08269	0.01636	0.02144	0.02133	0.01422	0.06288	0.01237	0.01418	0.00900	0.00626	0.00604	0.00199	0.00898	0.00488	0.00315	0.00971
31	0.01627	0.01624	0.02550	0.03206	0.46032	0.06440	0.10877	0.04430	0.01574	0.02145	0.03869	0.01972	0.05082	0.00711	0.00758	0.00204	0.04920	0.00664	0.00366	0.00948
32	0.00876	0.00651	0.00802	0.00869	0.01005	0.00597	0.00653	0.01079	0.01483	0.01952	0.16444	0.29268	0.24345	0.01738	0.00810	0.00246	0.00391	0.12958	0.03263	0.00571
33	0.02085	0.18388	0.04104	0.04522	0.01955	0.25480	0.01200	0.12881	0.06522	0.08070	0.01630	0.01715	0.04456	0.00889	0.03157	0.00211	0.00875	0.00540	0.00448	0.00873
34	0.06613	0.30931	0.11897	0.01738	0.10777	0.04078	0.05257	0.10506	0.05379	0.05221	0.01263	0.01404	0.00998	0.00636	0.00553	0.00179	0.00760	0.00488	0.00388	0.00934

[dist]
# distance from previous block
# <min> <max>
0	1

[block]
# block no. 3 follows, 33 sequences, length 58
# corresponding to MSA columns:
# 148-205
name=unknown_D
#
# <colnr> <probs for GDERKNQSTAVLIFYWHMCP>
#	G	D	E	R	K	N	Q	S	T	A	V	L	I	F	Y	W	H	M	C	P
0	0.03977	0.67446	0.03224	0.01169	0.01715	0.06300	0.01129	0.05540	0.01450	0.01724	0.00955	0.01090	0.00856	0.00582	0.00443	0.00147	0.00725	0.00368	0.00307	0.00851
1	0.03076	0.05922	0.01221	0.01014	0.01224	0.00970	0.00796	0.04768	0.01293	0.01836	0.07004	0.07510	0.05522	0.06585	0.41150	0.00684	0.01194	0.00797	0.00426	0.07006
2	0.01684	0.01582	0.02629	0.03884	0.68354	0.01594	0.01973	0.06288	0.01598	0.02275	0.01260	0.01626	0.01048	0.00599	0.00652	0.00196	0.00778	0.00587	0.00347	0.01048
3	0.03782	0.08755	0.09456	0.01426	0.07564	0.04685	0.01149	0.09575	0.11028	0.04742	0.09884	0.05423	0.14097	0.01006	0.00664	0.00203	0.00606	0.02470	0.00527	0.02960
4	0.02708	0.01514	0.01771	0.01358	0.01877	0.01552	0.01122	0.39848	0.02543	0.35643	0.02044	0.01882	0.01352	0.00801	0.00660	0.00200	0.00650	0.00624	0.00730	0.01120
5	0.00818	0.00666	0.00727	0.00734	0.00931	0.00575	0.00553	0.01012	0.01548	0.01928	0.17538	0.10460	0.53935	0.01644	0.00787	0.00226	0.00345	0.04375	0.00630	0.00568
6	0.28094	0.01568	0.05985	0.01352	0.05301	0.05860	0.03367	0.10837	0.03447	0.11867	0.04545	0.01613	0.01240	0.00685	0.00556	0.00187	0.00636	0.00516	0.00492	0.11851
7	0.01294	0.02856	0.01373	0.01232	0.01420	0.11666	0.04467	0.01524	0.01269	0.03605	0.01809	0.09758	0.01721	0.03156	0.40728	0.00670	0.04658	0.00766	0.05376	0.00651
8	0.00860	0.00621	0.00826	0.00969	0.01044	0.00587	0.00707	0.01021	0.01334	0.01753	0.03785	0.56263	0.08467	0.01982	0.00852	0.00273	0.00430	0.17063	0.00610	0.00552
9	0.02270	0.01594	0.01719	0.01391	0.01844	0.03735	0.01122	0.38849	0.18241	0.14214	0.02095	0.06478	0.01591	0.00892	0.00671	0.00208	0.00645	0.00712	0.00673	0.01056
10	0.01549	0.01541	0.02453	0.27407	0.42314	0.06010	0.05374	0.01950	0.01464	0.01960	0.01207	0.01651	0.00974	0.00614	0.00657	0.00203	0.00855	0.00586	0.00316	0.00915
11	0.02936	0.01149	0.01545	0.01185	0.01695	0.01010	0.00979	0.05869	0.01932	0.70485	0.02557	0.02215	0.01609	0.00814	0.00662	0.00203	0.00567	0.00659	0.00809	0.01120
12	0.01340	0.00892	0.01106	0.01067	0.01276	0.00917	0.00836	0.01899	0.15732	0.10029	0.15713	0.04574	0.03282	0.14799	0.05031	0.00356	0.00594	0.19227	0.00615	0.00717
13	0.09152	0.01362	0.04716	0.01252	0.01722	0.01283	0.01075	0.17630	0.06382	0.35220	0.02253	0.02513	0.01653	0.00891	0.00659	0.00213	0.00606	0.07615	0.02797	0.01007
14	0.01305	0.00692	0.00709	0.00682	0.00865	0.00699	0.00518	0.03383	0.04339	0.04278	0.02319	0.02557	0.04065	0.00804	0.00490	0.00161	0.00334	0.00646	0.70498	0.00655
15	0.00957	0.00638	0.00718	0.00718	0.00718	0.00638	0.00399	0.00957	0.00957	0.01276	0.02074	0.04308	0.02393	0.76864	0.03351	0.00638	0.00638	0.00957	0.00399	0.00399
16	0.01509	0.06098	0.33241	0.11699	0.04754	0.04088	0.12628	0.06135	0.05770	0.02132	0.01285	0.01560	0.00962	0.00669	0.00726	0.00211	0.04713	0.00565	0.00339	0.00916
17	0.00946	0.00683	0.00947	0.00947	0.01026	0.00762	0.00684	0.01104	0.01025	0.01446	0.01865	0.03150	0.01891	0.28499	0.51028	0.00921	0.01395	0.00788	0.00368	0.00526
18	0.00890	0.00657	0.00831	0.00938	0.01043	0.00619	0.00686	0.02954	0.01399	0.01817	0.04100	0.49808	0.16567	0.01913	0.00836	0.00263	0.00421	0.13079	0.00612	0.00567
19	0.02503	0.01844	0.01976	0.01515	0.02042	0.02042	0.01251	0.70562	0.03095	0.04149	0.01581	0.01581	0.01120	0.00790	0.00659	0.00198	0.00724	0.00593	0.00659	0.01120
20	0.01463	0.03323	0.64603	0.01847	0.02749	0.07764	0.02288	0.04746	0.01496	0.02123	0.01183	0.01380	0.00846	0.00636	0.00624	0.00205	0.00982	0.00485	0.00298	0.00961
21	0.02358	0.02939	0.01838	0.01667	0.01998	0.65846	0.01258	0.02671	0.07765	0.01708	0.01154	0.01303	0.00947	0.00711	0.00648	0.00178	0.03404	0.00456	0.00366	0.00786
22	0.00957	0.00638	0.00718	0.00718	0.00718	0.00638	0.00399	0.00957	0.00957	0.01276	0.02074	0.04308	0.02393	0.76864	0.03351	0.00638	0.00638	0.00957	0.00399	0.00399
23	0.00813	0.00578	0.00761	0.00902	0.00938	0.00542	0.00596	0.00920	0.01239	0.01651	0.03517	0.71242	0.04213	0.07447	0.01021	0.00294	0.00400	0.01806	0.00596	0.00525
24	0.05582	0.03064	0.01830	0.01663	0.02005	0.71347	0.01250	0.02601	0.01836	0.01664	0.01014	0.01183	0.00843	0.00676	0.00586	0.00171	0.01160	0.00421	0.00342	0.00761
25	0.02445	0.01810	0.01945	0.01487	0.02017	0.01983	0.01227	0.67071	0.03008	0.04047	0.01560	0.01570	0.01112	0.00775	0.00650	0.00192	0.00712	0.00582	0.00645	0.05161
26	0.01365	0.01170	0.01365	0.00975	0.01560	0.00878	0.00780	0.01658	0.01365	0.02145	0.01170	0.01365	0.00975	0.00488	0.00488	0.00098	0.00488	0.00390	0.00390	0.80888
27	0.02503	0.01844	0.01976	0.01515	0.02042	0.02042	0.01251	0.70562	0.03095	0.04149	0.01581	0.01581	0.01120	0.00790	0.00659	0.00198	0.00724	0.00593	0.00659	0.01120
28	0.03342	0.00781	0.00969	0.04627	0.01252	0.00737	0.00708	0.01485	0.03996	0.10745	0.32191	0.11691	0.22229	0.01367	0.00750	0.00218	0.00395	0.01178	0.00662	0.00678
29	0.01760	0.77260	0.03450	0.01126	0.01690	0.02605	0.01126	0.01971	0.01338	0.01549	0.00915	0.01056	0.00845	0.00563	0.00422	0.00141	0.00704	0.00352	0.00282	0.00845
30	0.00840	0.00589	0.00745	0.00862	0.00933	0.00547	0.00587	0.00983	0.01316	0.01789	0.06129	0.60454	0.11236	0.01887	0.00799	0.00251	0.00368	0.01691	0.07447	0.00547
31	0.01659	0.01657	0.03204	0.04491	0.05867	0.04321	0.48949	0.02107	0.01518	0.08079	0.01440	0.01926	0.01125	0.05370	0.00987	0.00247	0.05072	0.00741	0.00375	0.00865
32	0.02734	0.01299	0.01618	0.01259	0.01759	0.01256	0.01034	0.17290	0.08780	0.52084	0.02393	0.02124	0.01559	0.00817	0.00662	0.00204	0.00591	0.00655	0.00768	0.01113
33	0.04082	0.16291	0.58745	0.01711	0.02593	0.01716	0.02146	0.02060	0.01372	0.02020	0.01126	0.01321	0.00832	0.00614	0.00583	0.00196	0.00910	0.00459	0.00283	0.00942
34	0.02334	0.02841	0.01791	0.01612	0.01956	0.62430	0.01218	0.07053	0.04266	0.01848	0.03047	0.01542	0.03769	0.00747	0.00612	0.00176	0.01081	0.00501	0.00391	0.00785
35	0.01771	0.01413	0.01514	0.01336	0.01725	0.01609	0.01046	0.06586	0.63464	0.07803	0.02623	0.02400	0.01941	0.00883	0.00669	0.00221	0.00533	0.00731	0.00680	0.01051
36	0.07897	0.01678	0.06128	0.12621	0.34229	0.04276	0.13309	0.05813	0.01562	0.04400	0.01269	0.01614	0.00992	0.00616	0.00652	0.00204	0.00843	0.00592	0.00360	0.00942
37	0.00947	0.00634	0.00721	0.00731	0.00734	0.00631	0.00413	0.00955	0.00977	0.01303	0.02177	0.09095	0.02524	0.71899	0.03184	0.00614	0.00621	0.01018	0.00413	0.00408
38	0.00801	0.00576	0.00760	0.00907	0.00952	0.00536	0.00607	0.00918	0.01269	0.01684	0.03742	0.73820	0.06895	0.02048	0.00838	0.00266	0.00380	0.01854	0.00611	0.00536
39	0.06964	0.01331	0.01769	0.01475	0.05429	0.01298	0.05390	0.16048	0.04901	0.42275	0.02195	0.02189	0.01507	0.00812	0.00663	0.00208	0.00635	0.03161	0.00693	0.01057
40	0.02029	0.19743	0.06588	0.01614	0.06312	0.29896	0.01287	0.04048	0.12658	0.05588	0.01442	0.03447	0.01180	0.00723	0.00583	0.00180	0.00868	0.00526	0.00412	0.00877
41	0.00833	0.00606	0.00786	0.00885	0.00966	0.00560	0.00615	0.00996	0.01409	0.01888	0.17581	0.54047	0.10823	0.01878	0.00824	0.00252	0.00369	0.03492	0.00634	0.00556
42	0.01577	0.00875	0.00961	0.00861	0.01103	0.00890	0.00667	0.13696	0.01718	0.09829	0.02259	0.10543	0.01880	0.00921	0.00558	0.00179	0.00414	0.00755	0.49568	0.00745
43	0.01433	0.01430	0.02015	0.04527	0.01835	0.01995	0.01455	0.01588	0.01020	0.01588	0.00876	0.01452	0.00865	0.01133	0.02103	0.00285	0.72813	0.00576	0.00288	0.00721
44	0.02869	0.01133	0.01523	0.01173	0.01671	0.00997	0.00967	0.05705	0.01930	0.68224	0.04894	0.02305	0.01764	0.00832	0.00666	0.00204	0.00558	0.00677	0.00806	0.01104
45	0.01353	0.03179	0.63806	0.02001	0.02931	0.01548	0.11853	0.02088	0.01413	0.02088	0.01202	0.01443	0.00857	0.00616	0.00646	0.00210	0.00992	0.00527	0.00286	0.00961
46	0.07846	0.01130	0.01493	0.01152	0.01655	0.00999	0.00952	0.03129	0.01837	0.68838	0.02493	0.02168	0.01573	0.00802	0.00646	0.00204	0.00557	0.00643	0.00789	0.01095
47	0.01515	0.01707	0.03697	0.02653	0.03288	0.01600	0.66023	0.02055	0.01573	0.02142	0.05758	0.01971	0.01323	0.00604	0.00777	0.00221	0.01060	0.00803	0.00357	0.00871
48	0.01320	0.03405	0.73453	0.01876	0.02849	0.01529	0.02432	0.02085	0.01390	0.02085	0.01181	0.01390	0.00834	0.00625	0.00625	0.00208	0.00973	0.00486	0.00278	0.00973
49	0.00870	0.00622	0.00841	0.00985	0.01055	0.00592	0.00720	0.01038	0.01347	0.01790	0.06434	0.56788	0.04294	0.01974	0.00854	0.00274	0.00433	0.17918	0.00615	0.00556
50	0.00957	0.00638	0.00718	0.00718	0.00718	0.00638	0.00399	0.00957	0.00957	0.01276	0.02074	0.04308	0.02393	0.76864	0.03351	0.00638	0.00638	0.00957	0.00399	0.00399
51	0.00881	0.00647	0.00833	0.00928	0.01010	0.00624	0.00641	0.01147	0.06021	0.01928	0.16192	0.58413	0.04540	0.01854	0.00817	0.00253	0.00378	0.01672	0.00636	0.00584
52	0.00946	0.00710	0.00956	0.01017	0.01133	0.00680	0.03024	0.03913	0.01399	0.01836	0.03689	0.48082	0.11200	0.05666	0.00963	0.00283	0.00466	0.12867	0.00592	0.00578
53	0.01675	0.01630	0.02373	0.15560	0.45081	0.08531	0.03270	0.02179	0.07505	0.03821	0.01364	0.01697	0.01092	0.00639	0.00652	0.00200	0.00816	0.00590	0.00363	0.00962
54	0.00912	0.00622	0.00801	0.00887	0.00983	0.00568	0.00615	0.01064	0.01395	0.05011	0.12776	0.55488	0.12688	0.01867	0.00817	0.00251	0.00375	0.01672	0.00635	0.00575
55	0.00815	0.00637	0.00739	0.00780	0.00928	0.00561	0.00559	0.00991	0.01488	0.01906	0.17842	0.29362	0.37570	0.01739	0.00798	0.00234	0.00345	0.01513	0.00632	0.00561
56	0.02429	0.03024	0.01901	0.01778	0.04736	0.68466	0.01300	0.05411	0.01902	0.01737	0.01049	0.01220	0.00867	0.00680	0.00599	0.00172	0.01153	0.00437	0.00352	0.00789
57	0.56236	0.06597	0.03213	0.01079	0.01515	0.10534	0.00909	0.09226	0.01440	0.02800	0.01005	0.01145	0.00784	0.00635	0.00463	0.00195	0.00640	0.00393	0.00414	0.00777

[dist]
# distance from previous block
# <min> <max>
0	2

[block]
# block no. 4 follows, 33 sequences, length 32
# corresponding to MSA columns:
# 208-239
name=unknown_E
#
# <colnr> <probs for GDERKNQSTAVLIFYWHMCP>
#	G	D	E	R	K	N	Q	S	T	A	V	L	I	F	Y	W	H	M	C	P
0	0.15925	0.07012	0.03964	0.01305	0.01846	0.01317	0.11660	0.02038	0.07574	0.06177	0.01521	0.01659	0.03367	0.00622	0.00552	0.00163	0.00620	0.00523	0.00428	0.31726
1	0.01702	0.39416	0.07524	0.01226	0.01702	0.12276	0.01137	0.02112	0.08506	0.03860	0.05171	0.04211	0.07105	0.00797	0.00552	0.00173	0.00711	0.00591	0.00402	0.00826
2	0.02010	0.01287	0.03804	0.01151	0.01665	0.01104	0.00959	0.11811	0.05361	0.25548	0.06313	0.03810	0.01669	0.00754	0.00609	0.00167	0.00548	0.00615	0.00602	0.30216
3	0.01859	0.01763	0.16314	0.01650	0.09692	0.03690	0.01374	0.14055	0.06381	0.15581	0.05699	0.04288	0.01705	0.03748	0.00758	0.00218	0.00690	0.02693	0.03095	0.04747
4	0.04638	0.01555	0.02523	0.07194	0.61533	0.01592	0.01905	0.07100	0.01595	0.02306	0.01249	0.01611	0.01028	0.00606	0.00644	0.00197	0.00772	0.00578	0.00352	0.01021
5	0.01485	0.01589	0.03141	0.17757	0.11294	0.01652	0.40683	0.01951	0.01437	0.01966	0.01235	0.01717	0.00964	0.00648	0.00895	0.00226	0.09495	0.00693	0.00319	0.00854
6	0.02649	0.01118	0.01498	0.01182	0.01639	0.01028	0.00969	0.07946	0.01863	0.58424	0.02409	0.02238	0.01594	0.01368	0.10569	0.00318	0.00734	0.00663	0.00741	0.01049
7	0.02386	0.01786	0.01910	0.01491	0.01997	0.01987	0.01223	0.61534	0.12313	0.03961	0.01728	0.01698	0.01239	0.00804	0.00660	0.00201	0.00697	0.00613	0.00660	0.01109
8	0.00802	0.00573	0.00764	0.00917	0.00955	0.00535	0.00611	0.00917	0.01260	0.01681	0.03628	0.76434	0.04354	0.02062	0.00840	0.00267	0.00382	0.01872	0.00611	0.00535
9	0.00820	0.00682	0.00720	0.00724	0.00929	0.00593	0.00537	0.01047	0.03675	0.01876	0.12065	0.12299	0.58445	0.01650	0.00780	0.00225	0.00342	0.01395	0.00623	0.00575
10	0.02441	0.01653	0.01804	0.01396	0.01888	0.01793	0.01149	0.56796	0.02806	0.11846	0.01746	0.01733	0.01228	0.00791	0.00641	0.00194	0.00669	0.00602	0.07748	0.01075
11	0.01595	0.01529	0.02610	0.10350	0.66716	0.01555	0.02003	0.01990	0.01483	0.02109	0.01232	0.01640	0.01028	0.00593	0.00652	0.00198	0.00791	0.00586	0.00323	0.01015
12	0.00802	0.00573	0.00764	0.00917	0.00955	0.00535	0.00611	0.00917	0.01260	0.01681	0.03628	0.76434	0.04354	0.02062	0.00840	0.00267	0.00382	0.01872	0.00611	0.00535
13	0.02843	0.01298	0.01638	0.01255	0.01769	0.01231	0.01037	0.19716	0.02181	0.56286	0.02348	0.02079	0.01505	0.00809	0.00661	0.00202	0.00600	0.00645	0.00777	0.01120
14	0.01204	0.00974	0.01330	0.11136	0.01726	0.01136	0.01021	0.09017	0.01412	0.01939	0.05470	0.16279	0.04171	0.06959	0.19423	0.00473	0.11857	0.03354	0.00454	0.00666
15	0.06919	0.01208	0.01384	0.01199	0.01576	0.01269	0.00968	0.10854	0.23499	0.22640	0.02504	0.05614	0.01984	0.00982	0.00668	0.00219	0.00544	0.08391	0.06625	0.00952
16	0.04233	0.01150	0.01309	0.01130	0.01494	0.01210	0.00892	0.02905	0.33631	0.23078	0.07870	0.02542	0.02136	0.00878	0.00637	0.00205	0.00484	0.00724	0.12531	0.00959
17	0.02127	0.01227	0.01467	0.01200	0.01568	0.01279	0.00973	0.25057	0.02071	0.24021	0.04471	0.03776	0.01733	0.03302	0.06266	0.00279	0.03999	0.02845	0.11410	0.00930
18	0.04380	0.02266	0.01992	0.10333	0.04879	0.35942	0.06651	0.11862	0.06931	0.02176	0.01293	0.01503	0.01014	0.00708	0.00666	0.00192	0.03034	0.00530	0.02807	0.00842
19	0.04276	0.00663	0.00897	0.00982	0.01063	0.00639	0.03008	0.01037	0.01257	0.01735	0.03287	0.59179	0.03870	0.08556	0.01047	0.00299	0.00452	0.06634	0.00574	0.00548
20	0.01057	0.00889	0.01104	0.01090	0.01222	0.06437	0.00838	0.01282	0.01140	0.01559	0.03745	0.02599	0.01739	0.06725	0.64314	0.00953	0.01643	0.00705	0.00364	0.00596
21	0.07440	0.06835	0.37672	0.08392	0.02838	0.03264	0.15479	0.02131	0.03698	0.04373	0.01265	0.01513	0.00926	0.00626	0.00632	0.00207	0.00919	0.00548	0.00331	0.00910
22	0.01730	0.03972	0.07408	0.07077	0.43044	0.09150	0.05099	0.06633	0.05483	0.02210	0.01305	0.01607	0.01050	0.00631	0.00645	0.00196	0.00838	0.00574	0.00362	0.00984
23	0.01402	0.00777	0.00819	0.00764	0.00974	0.00792	0.00586	0.06824	0.05583	0.06130	0.02370	0.05355	0.04178	0.00859	0.00523	0.00170	0.00367	0.00697	0.60133	0.00697
24	0.01536	0.05569	0.04105	0.01446	0.01710	0.05945	0.06985	0.10909	0.03660	0.03918	0.09756	0.10331	0.05021	0.03231	0.01207	0.02593	0.20011	0.00833	0.00469	0.00765
25	0.04152	0.21024	0.18717	0.04825	0.06987	0.10976	0.04087	0.10284	0.01692	0.09491	0.01289	0.01428	0.00973	0.00651	0.00581	0.00185	0.00836	0.00494	0.00396	0.00931
26	0.00984	0.00696	0.00898	0.00869	0.00918	0.00706	0.03007	0.01055	0.01032	0.01388	0.02115	0.04243	0.02358	0.59931	0.11569	0.00649	0.00788	0.05933	0.00406	0.00454
27	0.00991	0.00760	0.01104	0.01092	0.01240	0.00798	0.03727	0.03251	0.01300	0.01773	0.05239	0.17958	0.07872	0.05082	0.34888	0.00638	0.01093	0.10110	0.00479	0.00603
28	0.06402	0.08809	0.19221	0.04932	0.38502	0.01575	0.01855	0.01951	0.01432	0.02112	0.03366	0.04463	0.01230	0.00676	0.00621	0.00198	0.00777	0.00595	0.00337	0.00947
29	0.06340	0.20737	0.14718	0.04616	0.03844	0.10582	0.03578	0.04224	0.13223	0.07608	0.03512	0.01648	0.01264	0.00698	0.00581	0.00189	0.00769	0.00534	0.00427	0.00906
30	0.03856	0.12236	0.12333	0.01330	0.03615	0.04183	0.01194	0.05779	0.17313	0.05298	0.01879	0.01912	0.05509	0.00723	0.00579	0.00174	0.00637	0.00566	0.00464	0.20421
31	0.13534	0.21026	0.22958	0.01385	0.02005	0.01836	0.01443	0.13119	0.07120	0.04867	0.01327	0.01446	0.01014	0.00821	0.03282	0.00222	0.00777	0.00485	0.00411	0.00922

[dist]
# distance from previous block
# <min> <max>
1	5

[block]
# block no. 5 follows, 33 sequences, length 60
# corresponding to MSA columns:
# 245-304
name=unknown_F
#
# <colnr> <probs for GDERKNQSTAVLIFYWHMCP>
#	G	D	E	R	K	N	Q	S	T	A	V	L	I	F	Y	W	H	M	C	P
0	0.29141	0.06872	0.07363	0.03770	0.10389	0.06166	0.01175	0.05285	0.05096	0.09892	0.01549	0.01683	0.03716	0.00911	0.04209	0.00241	0.00720	0.00525	0.00443	0.00854
1	0.04517	0.01233	0.08226	0.01114	0.01476	0.01045	0.00956	0.08378	0.10863	0.13096	0.14757	0.15552	0.11511	0.01194	0.00709	0.00217	0.00507	0.01014	0.00627	0.03009
2	0.01516	0.01101	0.01411	0.09003	0.07332	0.01155	0.01031	0.06798	0.18477	0.10796	0.22777	0.05269	0.08459	0.01051	0.00709	0.00213	0.00518	0.00905	0.00629	0.00851
3	0.04857	0.09119	0.03534	0.03914	0.01720	0.01240	0.03321	0.04644	0.09583	0.04738	0.06006	0.05665	0.04575	0.00763	0.00578	0.00161	0.00553	0.00630	0.00469	0.33932
4	0.00941	0.00703	0.01045	0.01045	0.01158	0.00816	0.00807	0.01167	0.01054	0.01519	0.01775	0.02651	0.01674	0.07644	0.71587	0.01042	0.01721	0.00715	0.00354	0.00581
5	0.81514	0.01273	0.00968	0.00866	0.01273	0.01477	0.00713	0.01935	0.01120	0.02954	0.00917	0.01069	0.00713	0.00611	0.00407	0.00204	0.00509	0.00356	0.00407	0.00713
6	0.05340	0.16586	0.51003	0.01609	0.02401	0.01641	0.01957	0.01960	0.01356	0.01996	0.01323	0.07542	0.01122	0.00733	0.00595	0.00201	0.00852	0.00570	0.00313	0.00900
7	0.01553	0.06423	0.03890	0.01052	0.01489	0.01096	0.00878	0.07407	0.07344	0.11138	0.09123	0.07314	0.10268	0.00923	0.00622	0.00173	0.00504	0.00763	0.02310	0.25726
8	0.05521	0.01435	0.02249	0.17744	0.44364	0.01525	0.01751	0.04745	0.06953	0.02208	0.01547	0.01873	0.03867	0.00676	0.00648	0.00204	0.00748	0.00619	0.00374	0.00948
9	0.01144	0.00572	0.00858	0.00858	0.00858	0.00572	0.00572	0.00858	0.00858	0.01144	0.01144	0.02001	0.01144	0.02287	0.02573	0.80846	0.00572	0.00572	0.00286	0.00286
10	0.04248	0.05339	0.02222	0.21146	0.27386	0.06737	0.01634	0.12061	0.03836	0.05107	0.01317	0.01622	0.01026	0.00675	0.00674	0.00201	0.02879	0.00564	0.00396	0.00929
