[name]
unknown

[dist]
# distance from previous block
# <min> <max>
0	22

[block]
# block no. 0 follows, 32 sequences, length 45
# corresponding to MSA columns:
# 22-66
name=unknown_A
#
# <colnr> <probs for GDERKNQSTAVLIFYWHMCP>
#	G	D	E	R	K	N	Q	S	T	A	V	L	I	F	Y	W	H	M	C	P
0	0.01339	0.01028	0.01252	0.12598	0.01801	0.04951	0.00963	0.06648	0.03465	0.06908	0.04982	0.33785	0.02889	0.04716	0.03347	0.00283	0.00625	0.03520	0.00552	0.04350
1	0.04063	0.03773	0.04065	0.00989	0.01197	0.00835	0.00757	0.01512	0.01313	0.13426	0.02614	0.27623	0.02761	0.21848	0.04801	0.00386	0.00608	0.03462	0.00545	0.03422
2	0.10935	0.38508	0.05225	0.05533	0.04458	0.13489	0.06478	0.02162	0.01469	0.04718	0.01086	0.01275	0.00899	0.00616	0.00522	0.00173	0.00820	0.00443	0.00339	0.00852
3	0.00818	0.00584	0.00779	0.00934	0.00973	0.00545	0.00623	0.00934	0.01285	0.01713	0.03698	0.75981	0.04438	0.02102	0.00856	0.00273	0.00389	0.01908	0.00623	0.00545
4	0.01364	0.01339	0.05301	0.44777	0.14316	0.01447	0.01702	0.01973	0.09416	0.02018	0.04388	0.02008	0.01324	0.00721	0.00664	0.00216	0.00786	0.00638	0.04773	0.00831
5	0.02060	0.07346	0.02182	0.07934	0.19403	0.01800	0.01446	0.26043	0.13843	0.08622	0.01713	0.01802	0.01276	0.00746	0.00653	0.00203	0.00715	0.00615	0.00544	0.01056
6	0.01621	0.13763	0.11671	0.02423	0.03110	0.04328	0.49037	0.02143	0.01541	0.02040	0.01263	0.01630	0.00969	0.00579	0.00711	0.00210	0.01053	0.00678	0.00325	0.00904
7	0.00818	0.00584	0.00779	0.00934	0.00973	0.00545	0.00623	0.00934	0.01285	0.01713	0.03698	0.75981	0.04438	0.02102	0.00856	0.00273	0.00389	0.01908	0.00623	0.00545
8	0.20209	0.01030	0.01270	0.14994	0.01928	0.01094	0.00977	0.03821	0.01520	0.16734	0.10499	0.18646	0.02463	0.01099	0.00668	0.00225	0.00554	0.00925	0.00571	0.00775
9	0.01009	0.00715	0.00910	0.00848	0.00885	0.00708	0.04237	0.01041	0.01009	0.01348	0.02072	0.04248	0.02361	0.72232	0.03270	0.00627	0.00677	0.00966	0.00403	0.00434
10	0.00959	0.00719	0.01078	0.01078	0.01198	0.00839	0.00839	0.01198	0.01078	0.01558	0.01797	0.02636	0.01677	0.05032	0.73760	0.01078	0.01797	0.00719	0.00359	0.00599
11	0.01627	0.01573	0.02721	0.09464	0.64163	0.01591	0.04908	0.02037	0.01516	0.02154	0.01261	0.01677	0.01048	0.00602	0.00670	0.00202	0.00819	0.00606	0.00330	0.01032
12	0.01657	0.01067	0.01381	0.09683	0.03342	0.01139	0.00979	0.12688	0.07138	0.13140	0.02007	0.07520	0.01776	0.14390	0.10124	0.09109	0.00786	0.00790	0.00519	0.00765
13	0.00959	0.00719	0.01078	0.01078	0.01198	0.00839	0.00839	0.01198	0.01078	0.01558	0.01797	0.02636	0.01677	0.05032	0.73760	0.01078	0.01797	0.00719	0.00359	0.00599
14	0.01468	0.01468	0.02055	0.01762	0.01762	0.02055	0.01468	0.01615	0.01028	0.01615	0.00881	0.01468	0.00881	0.01174	0.02202	0.00294	0.75191	0.00587	0.00294	0.00734
15	0.01766	0.01780	0.02236	0.03549	0.02151	0.12336	0.11697	0.11732	0.04385	0.02122	0.01215	0.01619	0.01030	0.01158	0.05540	0.00293	0.33564	0.00613	0.00382	0.00831
16	0.02248	0.08233	0.05779	0.01781	0.02211	0.52943	0.08130	0.02611	0.06503	0.01791	0.01185	0.01358	0.00959	0.00683	0.00618	0.00182	0.01110	0.00488	0.00361	0.00827
17	0.01705	0.05418	0.02076	0.08471	0.13440	0.01503	0.06619	0.08480	0.11757	0.07509	0.05580	0.01944	0.01503	0.00743	0.00737	0.00193	0.05278	0.00626	0.00479	0.15938
18	0.08562	0.01038	0.01279	0.02743	0.07089	0.01082	0.00930	0.02082	0.16916	0.09720	0.22181	0.06333	0.07484	0.01412	0.06289	0.00285	0.00583	0.02554	0.00622	0.00815
19	0.02506	0.03198	0.01901	0.01729	0.02074	0.73725	0.01296	0.02679	0.01901	0.01642	0.01037	0.01210	0.00864	0.00691	0.00605	0.00173	0.01210	0.00432	0.00346	0.00778
20	0.01044	0.00707	0.00927	0.00860	0.01035	0.00649	0.00649	0.01358	0.01900	0.05893	0.68712	0.04887	0.06117	0.01347	0.00786	0.00211	0.00328	0.01189	0.00743	0.00656
21	0.06198	0.00882	0.01189	0.05196	0.03256	0.00860	0.02742	0.01705	0.03690	0.16982	0.03035	0.34821	0.06096	0.06852	0.00952	0.00274	0.00523	0.03413	0.00608	0.00728
22	0.00801	0.00673	0.00696	0.00706	0.00915	0.00568	0.00523	0.00973	0.01526	0.01841	0.09192	0.11710	0.64149	0.01717	0.00798	0.00229	0.00343	0.01445	0.00628	0.00568
23	0.01468	0.01468	0.02055	0.01762	0.01762	0.02055	0.01468	0.01615	0.01028	0.01615	0.00881	0.01468	0.00881	0.01174	0.02202	0.00294	0.75191	0.00587	0.00294	0.00734
24	0.02361	0.01418	0.01655	0.01348	0.01797	0.01476	0.01118	0.33989	0.05336	0.23756	0.02294	0.02831	0.01788	0.00983	0.00705	0.00220	0.00644	0.11325	0.03923	0.01034
25	0.00927	0.00691	0.00804	0.00790	0.00978	0.00611	0.00591	0.01150	0.01646	0.03979	0.30320	0.09626	0.37439	0.04008	0.00883	0.00240	0.00360	0.03693	0.00664	0.00602
26	0.01006	0.00648	0.00720	0.00720	0.00737	0.00648	0.00413	0.01041	0.01023	0.01434	0.02122	0.04182	0.02360	0.68057	0.03089	0.00596	0.00613	0.00937	0.09222	0.00431
27	0.00936	0.00685	0.00877	0.00829	0.00994	0.00627	0.00622	0.01239	0.01866	0.02612	0.66025	0.05142	0.12235	0.01401	0.00792	0.00212	0.00319	0.01232	0.00728	0.00627
28	0.01391	0.01193	0.01391	0.00994	0.01590	0.00894	0.00795	0.01690	0.01391	0.02186	0.01193	0.01391	0.00994	0.00497	0.00497	0.00099	0.00497	0.00398	0.00398	0.80521
29	0.07759	0.01158	0.01239	0.01148	0.01443	0.01278	0.00879	0.05566	0.36975	0.02638	0.13067	0.14391	0.07332	0.01185	0.00711	0.00229	0.00474	0.01007	0.00656	0.00864
30	0.00805	0.00680	0.00696	0.00692	0.00914	0.00572	0.00519	0.00986	0.01558	0.01880	0.11769	0.06347	0.66948	0.01674	0.00793	0.00225	0.00338	0.01401	0.00632	0.00572
31	0.00828	0.00588	0.00776	0.00921	0.00958	0.00552	0.00609	0.00937	0.01265	0.01686	0.03596	0.71347	0.04309	0.06913	0.01022	0.00297	0.00406	0.01847	0.00609	0.00536
32	0.00971	0.00666	0.00818	0.00816	0.00882	0.00675	0.00540	0.01093	0.01192	0.01663	0.12914	0.07105	0.05341	0.41406	0.16165	0.00608	0.00780	0.00997	0.04866	0.00501
33	0.02269	0.01660	0.01962	0.01542	0.02036	0.01802	0.06406	0.39965	0.19430	0.10723	0.01985	0.01983	0.01440	0.02709	0.00752	0.00222	0.00698	0.00673	0.00659	0.01085
34	0.07597	0.01639	0.01746	0.01414	0.01889	0.01823	0.01146	0.38398	0.25325	0.08894	0.02014	0.01922	0.01452	0.00830	0.00658	0.00211	0.00642	0.00644	0.00670	0.01087
35	0.01225	0.00754	0.00945	0.00982	0.01145	0.00734	0.00763	0.04604	0.01547	0.07246	0.07014	0.26074	0.05747	0.03381	0.00833	0.00255	0.00465	0.19078	0.16552	0.00654
36	0.01533	0.00973	0.01235	0.15965	0.01888	0.01046	0.00967	0.09541	0.04170	0.08773	0.08777	0.02806	0.02075	0.00897	0.00620	0.00197	0.00530	0.05026	0.32209	0.00770
37	0.00879	0.00678	0.00809	0.00888	0.01041	0.00617	0.00681	0.01066	0.01453	0.01820	0.05026	0.24158	0.35135	0.04374	0.00932	0.00274	0.00434	0.18549	0.00614	0.00569
38	0.00818	0.00584	0.00779	0.00934	0.00973	0.00545	0.00623	0.00934	0.01285	0.01713	0.03698	0.75981	0.04438	0.02102	0.00856	0.00273	0.00389	0.01908	0.00623	0.00545
39	0.01832	0.04283	0.02131	0.01733	0.01940	0.15550	0.04938	0.12569	0.01568	0.02055	0.01084	0.01488	0.00953	0.01111	0.04075	0.00276	0.40662	0.00569	0.00367	0.00814
40	0.03241	0.13321	0.07791	0.39507	0.05197	0.01636	0.01600	0.01817	0.01328	0.04976	0.01263	0.01826	0.01039	0.06479	0.00943	0.00246	0.06098	0.00577	0.00331	0.00783
41	0.00920	0.00679	0.00847	0.00813	0.00969	0.00620	0.00599	0.01187	0.01761	0.02428	0.54499	0.07740	0.16943	0.05901	0.00950	0.00242	0.00343	0.01258	0.00696	0.00605
42	0.01470	0.01873	0.18510	0.07211	0.18816	0.03156	0.04233	0.04280	0.04542	0.02261	0.10057	0.02008	0.01676	0.00738	0.00718	0.00196	0.03897	0.00629	0.00405	0.13325
43	0.01131	0.00858	0.00921	0.00957	0.01107	0.06184	0.00683	0.01296	0.01497	0.07498	0.11513	0.43262	0.17080	0.01735	0.00803	0.00244	0.00449	0.01526	0.00631	0.00624
44	0.13697	0.00857	0.01034	0.00977	0.01157	0.00932	0.00734	0.04425	0.01174	0.01886	0.01633	0.04333	0.01564	0.12330	0.32409	0.11554	0.01090	0.00682	0.02421	0.05111

[dist]
# distance from previous block
# <min> <max>
2	8

[block]
# block no. 1 follows, 32 sequences, length 41
# corresponding to MSA columns:
# 75-115
name=unknown_B
#
# <colnr> <probs for GDERKNQSTAVLIFYWHMCP>
#	G	D	E	R	K	N	Q	S	T	A	V	L	I	F	Y	W	H	M	C	P
0	0.06493	0.01708	0.01739	0.01624	0.07179	0.07940	0.01193	0.20339	0.38421	0.03037	0.02084	0.02019	0.01564	0.00825	0.00656	0.00213	0.00662	0.00656	0.00609	0.01039
1	0.04660	0.00684	0.00857	0.00915	0.01026	0.00646	0.00633	0.01216	0.01365	0.07864	0.09747	0.49688	0.06430	0.09692	0.01083	0.00297	0.00430	0.01552	0.00619	0.00598
2	0.08047	0.01465	0.01524	0.01329	0.01733	0.04788	0.01059	0.10295	0.39910	0.13744	0.02440	0.02547	0.01858	0.00918	0.00673	0.00223	0.00595	0.05173	0.00664	0.01015
3	0.01754	0.14385	0.08945	0.01663	0.02005	0.06603	0.06148	0.03862	0.06619	0.07601	0.01264	0.01552	0.01041	0.00893	0.01282	0.00234	0.32341	0.00565	0.00380	0.00862
4	0.03629	0.00671	0.00843	0.00881	0.01001	0.00628	0.00622	0.01157	0.01479	0.04700	0.23950	0.36981	0.10895	0.04619	0.00988	0.03881	0.00393	0.01461	0.00635	0.00585
5	0.00932	0.00669	0.00836	0.00905	0.00990	0.00649	0.00622	0.01181	0.05338	0.01925	0.15787	0.42981	0.05910	0.12665	0.01196	0.00310	0.00424	0.03146	0.02958	0.00575
6	0.04534	0.01365	0.01600	0.01297	0.01754	0.01405	0.01057	0.21328	0.15919	0.31175	0.06316	0.02497	0.01932	0.00909	0.00686	0.00214	0.00595	0.03621	0.00732	0.01063
7	0.05814	0.00789	0.00947	0.00896	0.01115	0.00734	0.00670	0.01540	0.03387	0.13383	0.24804	0.19438	0.18213	0.04155	0.00857	0.00243	0.00406	0.01247	0.00673	0.00690
8	0.07860	0.00978	0.01145	0.03413	0.01394	0.00975	0.00801	0.08527	0.04700	0.13934	0.09856	0.15263	0.09787	0.02785	0.03545	0.00253	0.00531	0.00973	0.08594	0.04686
9	0.00955	0.00676	0.00895	0.00908	0.00967	0.00728	0.00624	0.01075	0.01049	0.01454	0.02100	0.09562	0.02255	0.37304	0.35628	0.00816	0.01157	0.00935	0.00403	0.00507
10	0.10742	0.01359	0.01528	0.01228	0.01667	0.01411	0.00989	0.24420	0.08918	0.26280	0.04839	0.02343	0.03737	0.06463	0.00858	0.00241	0.00605	0.00692	0.00679	0.00999
11	0.03576	0.00997	0.01148	0.01023	0.01313	0.00986	0.00785	0.11213	0.08486	0.14461	0.12025	0.15862	0.19343	0.04612	0.00861	0.00244	0.00476	0.01125	0.00670	0.00794
12	0.01023	0.00747	0.00961	0.00949	0.01037	0.00822	0.00666	0.01290	0.06635	0.01545	0.02012	0.03398	0.02043	0.36126	0.36942	0.00822	0.01191	0.00835	0.00406	0.00551
13	0.00959	0.00719	0.01078	0.01078	0.01198	0.00839	0.00839	0.01198	0.01078	0.01558	0.01797	0.02636	0.01677	0.05032	0.73760	0.01078	0.01797	0.00719	0.00359	0.00599
14	0.00948	0.00653	0.00749	0.00774	0.00922	0.00600	0.00564	0.01166	0.01508	0.02109	0.18318	0.18729	0.24586	0.04778	0.00854	0.00239	0.00362	0.03666	0.17892	0.00584
15	0.01369	0.00868	0.01203	0.08791	0.04114	0.00882	0.00918	0.03680	0.01463	0.13990	0.03049	0.32873	0.08661	0.01839	0.08258	0.00327	0.02778	0.01232	0.02984	0.00721
16	0.00818	0.00584	0.00779	0.00934	0.00973	0.00545	0.00623	0.00934	0.01285	0.01713	0.03698	0.75981	0.04438	0.02102	0.00856	0.00273	0.00389	0.01908	0.00623	0.00545
17	0.01558	0.15517	0.02006	0.03198	0.03827	0.03586	0.01186	0.10134	0.01441	0.02009	0.01316	0.01766	0.01162	0.01826	0.17804	0.00415	0.23355	0.00576	0.06535	0.00781
18	0.01223	0.00800	0.01091	0.07882	0.04141	0.00766	0.00815	0.01431	0.01477	0.10969	0.14416	0.30036	0.09704	0.08628	0.01026	0.00274	0.00487	0.01288	0.00600	0.02945
19	0.08985	0.01183	0.01480	0.03680	0.10756	0.01026	0.00971	0.01733	0.01416	0.04252	0.04873	0.07197	0.01513	0.00700	0.00563	0.00148	0.00536	0.00587	0.00434	0.47970
20	0.01630	0.01068	0.01271	0.01105	0.01427	0.01088	0.00863	0.04376	0.24541	0.15845	0.32090	0.03471	0.03741	0.01076	0.00721	0.00212	0.00452	0.00921	0.00725	0.03377
21	0.81159	0.01298	0.00986	0.00882	0.01298	0.01505	0.00727	0.01972	0.01142	0.03010	0.00934	0.01090	0.00727	0.00623	0.00415	0.00208	0.00519	0.00363	0.00415	0.00727
22	0.01174	0.00744	0.00929	0.00947	0.01113	0.00693	0.00683	0.03465	0.03686	0.10642	0.09979	0.44257	0.15625	0.01736	0.00806	0.00248	0.00412	0.01535	0.00662	0.00664
23	0.00939	0.00629	0.00818	0.00923	0.01006	0.00585	0.00642	0.01089	0.01368	0.04492	0.07951	0.56969	0.08119	0.04119	0.00908	0.00273	0.00405	0.04948	0.03239	0.00576
24	0.02892	0.01162	0.01546	0.01193	0.01690	0.01033	0.00976	0.06966	0.01948	0.65575	0.02564	0.02341	0.01667	0.04242	0.00798	0.00227	0.00584	0.00684	0.00802	0.01109
25	0.21856	0.01515	0.01578	0.01282	0.01753	0.01660	0.01045	0.27776	0.16246	0.15863	0.01857	0.01784	0.01316	0.00786	0.00611	0.00209	0.00612	0.00589	0.00639	0.01023
26	0.15819	0.01108	0.01214	0.01045	0.01381	0.01140	0.00815	0.11928	0.06519	0.19434	0.05024	0.10525	0.06000	0.07855	0.00892	0.00252	0.00528	0.00835	0.06843	0.00840
27	0.00838	0.00645	0.00757	0.00821	0.00953	0.00577	0.00585	0.00996	0.01432	0.01822	0.10175	0.33564	0.33400	0.05926	0.00968	0.00270	0.00388	0.04705	0.00620	0.00557
28	0.00836	0.00608	0.00757	0.00866	0.00929	0.00563	0.00575	0.00945	0.01279	0.01670	0.03958	0.55040	0.14690	0.12519	0.01207	0.00319	0.00418	0.01699	0.00592	0.00529
29	0.12653	0.00869	0.00987	0.00946	0.01188	0.00854	0.00724	0.01673	0.05800	0.12361	0.13725	0.18613	0.15722	0.04678	0.00853	0.00253	0.00452	0.06311	0.00634	0.00705
30	0.13822	0.00876	0.00993	0.00972	0.01190	0.00882	0.00727	0.05016	0.04158	0.09656	0.11080	0.33462	0.07459	0.01468	0.00730	0.00237	0.00443	0.02889	0.03238	0.00702
31	0.01233	0.00874	0.01054	0.01041	0.01248	0.00875	0.00802	0.05510	0.11333	0.06450	0.14476	0.22424	0.13281	0.03702	0.00877	0.00259	0.00468	0.12722	0.00658	0.00712
32	0.01925	0.06401	0.01610	0.01370	0.01663	0.38773	0.01042	0.04675	0.06386	0.02018	0.09626	0.10311	0.02059	0.00949	0.00639	0.00190	0.00840	0.00730	0.08036	0.00757
33	0.01246	0.00902	0.01291	0.03685	0.09184	0.00958	0.00970	0.01575	0.07158	0.05835	0.10817	0.10672	0.04483	0.02390	0.20455	0.10772	0.03132	0.03300	0.00489	0.00687
34	0.13926	0.01097	0.01343	0.01166	0.03666	0.01059	0.00893	0.06360	0.01702	0.37981	0.04536	0.05944	0.04509	0.06219	0.04417	0.00282	0.00614	0.00747	0.02618	0.00923
35	0.00814	0.00629	0.00743	0.00824	0.00947	0.00558	0.00576	0.00962	0.01416	0.01802	0.08329	0.43621	0.32580	0.01899	0.00827	0.00250	0.00365	0.01669	0.00629	0.00558
36	0.03645	0.23999	0.07141	0.09331	0.10111	0.05737	0.04357	0.01991	0.06467	0.01938	0.04780	0.02195	0.06109	0.00825	0.00724	0.00201	0.06034	0.03188	0.00386	0.00841
37	0.02132	0.12060	0.04549	0.03418	0.09905	0.14901	0.09167	0.11822	0.03840	0.15094	0.01656	0.05607	0.01312	0.00771	0.00649	0.00197	0.00830	0.00643	0.00490	0.00954
38	0.36493	0.03900	0.01672	0.10712	0.09071	0.12037	0.01218	0.01994	0.01303	0.02299	0.01006	0.01313	0.00830	0.00724	0.00790	0.00216	0.12825	0.00462	0.00359	0.00776
39	0.01619	0.01161	0.01456	0.09608	0.07224	0.04658	0.01049	0.09334	0.07224	0.09351	0.08896	0.08870	0.02043	0.01309	0.01160	0.19490	0.00629	0.00780	0.00506	0.03633
40	0.00933	0.00808	0.03621	0.00908	0.01098	0.00687	0.00711	0.01256	0.05006	0.02170	0.28605	0.22542	0.22805	0.01609	0.00803	0.00236	0.00391	0.04532	0.00654	0.00628

[dist]
# distance from previous block
# <min> <max>
0	2

[block]
# block no. 2 follows, 32 sequences, length 69
# corresponding to MSA columns:
# 118-186
name=unknown_C
#
# <colnr> <probs for GDERKNQSTAVLIFYWHMCP>
#	G	D	E	R	K	N	Q	S	T	A	V	L	I	F	Y	W	H	M	C	P
0	0.04947	0.04302	0.01860	0.05467	0.02053	0.05801	0.01193	0.36017	0.13946	0.03242	0.01623	0.01679	0.01214	0.00765	0.00670	0.00193	0.02666	0.00576	0.00567	0.11219
1	0.03522	0.00831	0.01145	0.01044	0.01235	0.00792	0.06271	0.01479	0.03913	0.09341	0.12147	0.24639	0.08924	0.17439	0.01332	0.00323	0.00517	0.01228	0.03231	0.00647
2	0.11964	0.01505	0.01990	0.04541	0.33438	0.05777	0.01457	0.04230	0.09052	0.05894	0.01450	0.01717	0.01161	0.00872	0.02745	0.04654	0.00744	0.00569	0.00419	0.05821
3	0.01375	0.01406	0.06412	0.03738	0.02096	0.03281	0.20964	0.03583	0.13117	0.02098	0.06893	0.07182	0.09647	0.03749	0.01081	0.10520	0.00736	0.00891	0.00471	0.00762
4	0.02085	0.08523	0.29622	0.01625	0.04740	0.05479	0.01650	0.04410	0.06181	0.26455	0.01781	0.01760	0.01224	0.00722	0.00636	0.00203	0.00793	0.00566	0.00513	0.01032
5	0.01232	0.00714	0.00943	0.00945	0.01079	0.00671	0.00680	0.03353	0.01409	0.10133	0.10067	0.31363	0.09667	0.01850	0.01248	0.19756	0.00463	0.03262	0.00580	0.00585
6	0.19859	0.01133	0.01198	0.01024	0.01390	0.01166	0.00818	0.12288	0.06106	0.16198	0.10826	0.05768	0.15458	0.01058	0.00653	0.00213	0.00496	0.00846	0.02664	0.00839
7	0.00960	0.00729	0.00863	0.00908	0.01052	0.00692	0.00648	0.05532	0.03620	0.02017	0.09969	0.43643	0.23254	0.01810	0.00816	0.00249	0.00396	0.01594	0.00637	0.00612
8	0.01001	0.00641	0.00751	0.00751	0.00751	0.00641	0.00430	0.00962	0.00962	0.01283	0.01987	0.04075	0.02268	0.66466	0.03309	0.11374	0.00641	0.00923	0.00391	0.00391
9	0.05771	0.00914	0.01051	0.00957	0.01189	0.00929	0.00721	0.05640	0.11278	0.08265	0.29680	0.08045	0.06037	0.09010	0.00990	0.00258	0.00442	0.01001	0.07086	0.00736
10	0.04561	0.00818	0.00965	0.00939	0.01155	0.00784	0.00700	0.01619	0.08624	0.11316	0.13867	0.25477	0.19890	0.03417	0.00838	0.00247	0.00423	0.03000	0.00659	0.00699
11	0.48947	0.01485	0.01360	0.01131	0.01585	0.01681	0.00929	0.23459	0.06334	0.05507	0.01316	0.01382	0.00971	0.00705	0.00521	0.00207	0.00590	0.00474	0.00526	0.00891
12	0.01166	0.00583	0.00874	0.00874	0.00874	0.00583	0.00583	0.00874	0.00874	0.01166	0.01166	0.02040	0.01166	0.02331	0.02622	0.80478	0.00583	0.00583	0.00291	0.00291
13	0.04138	0.00724	0.00829	0.00805	0.01014	0.00649	0.00602	0.01245	0.01619	0.06907	0.25335	0.14779	0.35811	0.01554	0.00778	0.00226	0.00362	0.01329	0.00664	0.00629
14	0.01387	0.00766	0.00913	0.00858	0.01007	0.00744	0.00604	0.03775	0.01385	0.12666	0.06519	0.08481	0.02582	0.33874	0.01860	0.00400	0.00536	0.04887	0.16136	0.00621
15	0.01584	0.01810	0.03959	0.02828	0.03507	0.01697	0.69796	0.02149	0.01584	0.02149	0.01357	0.01810	0.01018	0.00566	0.00792	0.00226	0.01131	0.00792	0.00339	0.00905
16	0.00976	0.00651	0.00732	0.00732	0.00732	0.00651	0.00407	0.00976	0.00976	0.01301	0.02114	0.04391	0.02439	0.76419	0.03415	0.00651	0.00651	0.00976	0.00407	0.00407
17	0.00896	0.00710	0.00815	0.00836	0.01017	0.00649	0.00625	0.01187	0.05227	0.02039	0.19005	0.18741	0.37733	0.01676	0.00808	0.00238	0.00374	0.06169	0.00649	0.00606
18	0.76055	0.01335	0.01053	0.00925	0.01348	0.01543	0.00762	0.06389	0.01273	0.03090	0.00978	0.01124	0.00754	0.00635	0.00432	0.00207	0.00533	0.00379	0.00432	0.00754
19	0.01464	0.01453	0.02018	0.01719	0.01752	0.01991	0.01431	0.01619	0.01048	0.01647	0.00898	0.01464	0.00887	0.01137	0.02107	0.00283	0.71047	0.00577	0.00299	0.05161
20	0.64702	0.01304	0.01104	0.00958	0.01374	0.01475	0.00781	0.06501	0.03304	0.08577	0.01208	0.01377	0.00927	0.03379	0.00568	0.00224	0.00542	0.00437	0.00472	0.00785
21	0.01025	0.00726	0.00958	0.00966	0.03554	0.00685	0.00674	0.01291	0.01704	0.04405	0.50457	0.06702	0.08921	0.09618	0.05096	0.00308	0.00462	0.01154	0.00660	0.00631
22	0.00975	0.00654	0.00751	0.00751	0.00758	0.00661	0.00430	0.00988	0.00981	0.01315	0.02097	0.04294	0.02397	0.72477	0.07299	0.00674	0.00714	0.00962	0.00404	0.00417
23	0.01346	0.03471	0.72942	0.01912	0.02904	0.01558	0.02479	0.02125	0.01417	0.02125	0.01204	0.01417	0.00850	0.00637	0.00637	0.00212	0.00992	0.00496	0.00283	0.00992
24	0.15407	0.01439	0.02151	0.17093	0.32844	0.01647	0.01674	0.01890	0.01327	0.02129	0.01117	0.01549	0.00936	0.00728	0.00920	0.00224	0.15162	0.00555	0.00332	0.00878
25	0.01473	0.04154	0.02307	0.47433	0.21037	0.06096	0.04367	0.01887	0.01433	0.01839	0.01197	0.01696	0.00938	0.00647	0.00661	0.00212	0.00893	0.00585	0.00311	0.00836
26	0.01473	0.01403	0.02384	0.37857	0.39963	0.01545	0.01966	0.01895	0.01439	0.01964	0.01229	0.01722	0.00982	0.00633	0.00667	0.00211	0.00844	0.00597	0.00316	0.00911
27	0.01391	0.01193	0.01391	0.00994	0.01590	0.00894	0.00795	0.01690	0.01391	0.02186	0.01193	0.01391	0.00994	0.00497	0.00497	0.00099	0.00497	0.00398	0.00398	0.80521
28	0.03010	0.01142	0.01557	0.01194	0.01713	0.00986	0.00986	0.03270	0.01920	0.72698	0.02647	0.02284	0.01661	0.00830	0.00675	0.00208	0.00571	0.00675	0.00830	0.01142
29	0.00843	0.00603	0.00801	0.00917	0.00979	0.00562	0.00625	0.00998	0.01402	0.01900	0.16712	0.62435	0.04799	0.01963	0.00844	0.00261	0.00375	0.01775	0.00645	0.00562
30	0.00961	0.00645	0.00825	0.00890	0.00977	0.00602	0.00610	0.01106	0.01384	0.04779	0.14893	0.43879	0.08233	0.13820	0.01247	0.00318	0.00430	0.03218	0.00616	0.00565
31	0.01794	0.76823	0.03516	0.01148	0.01722	0.02655	0.01148	0.02009	0.01363	0.01579	0.00933	0.01076	0.00861	0.00574	0.00431	0.00144	0.00718	0.00359	0.00287	0.00861
32	0.02512	0.03029	0.01916	0.01705	0.02075	0.64552	0.01294	0.11298	0.02062	0.01973	0.01111	0.01261	0.00900	0.00706	0.00613	0.00177	0.01150	0.00454	0.00387	0.00824
33	0.00843	0.00600	0.00789	0.00911	0.00961	0.00562	0.00610	0.00976	0.01337	0.01801	0.11598	0.63003	0.04530	0.06841	0.01015	0.00290	0.00398	0.01766	0.00622	0.00546
34	0.07423	0.00811	0.03062	0.00859	0.01048	0.00723	0.00663	0.01277	0.01668	0.02434	0.47827	0.08397	0.11045	0.08674	0.01016	0.00258	0.00392	0.01154	0.00650	0.00619
35	0.08012	0.01769	0.03719	0.02671	0.03328	0.01681	0.64217	0.02135	0.01548	0.02219	0.01323	0.01752	0.00995	0.00570	0.00761	0.00225	0.01082	0.00757	0.00345	0.00891
36	0.05499	0.01798	0.01939	0.01491	0.02022	0.01971	0.01232	0.62086	0.02981	0.09715	0.01670	0.01646	0.01168	0.00801	0.00662	0.00202	0.00717	0.00601	0.00675	0.01126
37	0.00818	0.00584	0.00779	0.00934	0.00973	0.00545	0.00623	0.00934	0.01285	0.01713	0.03698	0.75981	0.04438	0.02102	0.00856	0.00273	0.00389	0.01908	0.00623	0.00545
38	0.01125	0.00725	0.00950	0.00887	0.01064	0.00670	0.00672	0.01416	0.01821	0.08218	0.57985	0.04893	0.05565	0.06227	0.00960	0.00245	0.00375	0.04827	0.00718	0.00659
39	0.01196	0.00920	0.01078	0.01104	0.01291	0.00973	0.00812	0.01967	0.26281	0.04081	0.03416	0.41594	0.05674	0.01614	0.00791	0.00255	0.00456	0.05097	0.00650	0.00751
40	0.03010	0.01142	0.01557	0.01194	0.01713	0.00986	0.00986	0.03270	0.01920	0.72698	0.02647	0.02284	0.01661	0.00830	0.00675	0.00208	0.00571	0.00675	0.00830	0.01142
41	0.01391	0.01193	0.01391	0.00994	0.01590	0.00894	0.00795	0.01690	0.01391	0.02186	0.01193	0.01391	0.00994	0.00497	0.00497	0.00099	0.00497	0.00398	0.00398	0.80521
42	0.00965	0.00694	0.00953	0.00953	0.01030	0.00771	0.00682	0.01118	0.01041	0.01465	0.01912	0.03271	0.01953	0.30845	0.48324	0.00924	0.01383	0.00812	0.00376	0.00529
43	0.00955	0.00642	0.00738	0.00758	0.00763	0.00637	0.00434	0.00970	0.01015	0.01354	0.02317	0.13561	0.02695	0.66899	0.03087	0.00602	0.00617	0.01095	0.00434	0.00424
44	0.00833	0.00681	0.00735	0.00722	0.00931	0.00583	0.00541	0.01040	0.01624	0.02036	0.23387	0.06089	0.55232	0.01616	0.00793	0.00223	0.00334	0.01364	0.00653	0.00583
45	0.00850	0.00605	0.00808	0.00958	0.01007	0.00572	0.00662	0.00982	0.01300	0.01729	0.03628	0.66500	0.04309	0.04676	0.00953	0.00289	0.00422	0.08586	0.00615	0.00548
46	0.00991	0.00647	0.00752	0.00752	0.00754	0.00649	0.00431	0.00973	0.00970	0.01296	0.02030	0.04160	0.02318	0.68746	0.05014	0.07109	0.00672	0.00938	0.00396	0.00402
47	0.01346	0.03471	0.72942	0.01912	0.02904	0.01558	0.02479	0.02125	0.01417	0.02125	0.01204	0.01417	0.00850	0.00637	0.00637	0.00212	0.00992	0.00496	0.00283	0.00992
48	0.01005	0.00654	0.00848	0.00902	0.00976	0.00633	0.00608	0.01128	0.01269	0.05608	0.08607	0.40246	0.03647	0.21672	0.08618	0.00441	0.00599	0.01423	0.00562	0.00554
49	0.00825	0.00593	0.00770	0.00908	0.00956	0.00552	0.00604	0.00938	0.01280	0.01695	0.03779	0.67983	0.08068	0.06378	0.01001	0.00292	0.00402	0.01826	0.00610	0.00538
50	0.00976	0.00651	0.00732	0.00732	0.00732	0.00651	0.00407	0.00976	0.00976	0.01301	0.02114	0.04391	0.02439	0.76419	0.03415	0.00651	0.00651	0.00976	0.00407	0.00407
51	0.01636	0.01190	0.01822	0.04043	0.32466	0.01153	0.01342	0.03543	0.01609	0.14515	0.07364	0.11869	0.09916	0.03530	0.00805	0.00229	0.00618	0.00921	0.00526	0.00900
52	0.00840	0.00591	0.00765	0.00905	0.00959	0.00551	0.00609	0.00971	0.01303	0.01762	0.03767	0.68486	0.07607	0.02009	0.00832	0.00264	0.00383	0.01812	0.05035	0.00551
53	0.76816	0.01403	0.01037	0.00929	0.01341	0.05493	0.00758	0.02011	0.01184	0.02935	0.00940	0.01097	0.00734	0.00627	0.00426	0.00206	0.00557	0.00367	0.00411	0.00729
54	0.05393	0.00674	0.00775	0.00813	0.00858	0.00679	0.00512	0.01053	0.01094	0.01559	0.02489	0.22517	0.02859	0.47256	0.04307	0.00518	0.00597	0.03099	0.02472	0.00476
55	0.01012	0.00709	0.00980	0.01033	0.01147	0.00760	0.00810	0.01242	0.01241	0.01750	0.02486	0.09024	0.02562	0.11655	0.33994	0.00678	0.01111	0.19618	0.07608	0.00581
56	0.01571	0.01535	0.05653	0.06616	0.14446	0.03747	0.07355	0.04284	0.01514	0.04130	0.01260	0.01531	0.01010	0.00586	0.00635	0.00157	0.02857	0.00507	0.00385	0.40220
57	0.03563	0.10878	0.26264	0.08627	0.04832	0.01722	0.11538	0.10562	0.05511	0.08046	0.01440	0.01622	0.01050	0.00673	0.00644	0.00206	0.00864	0.00574	0.00411	0.00972
58	0.00821	0.00591	0.00779	0.00922	0.00972	0.00549	0.00619	0.00946	0.01314	0.01749	0.06063	0.71201	0.06862	0.02064	0.00852	0.00269	0.00385	0.01867	0.00627	0.00549
59	0.01600	0.06464	0.02591	0.20860	0.19571	0.09125	0.14498	0.02016	0.03207	0.01906	0.01239	0.01675	0.01008	0.00839	0.03436	0.00245	0.07919	0.00609	0.00330	0.00863
60	0.01916	0.05800	0.01832	0.07831	0.11907	0.01220	0.04476	0.04423	0.01674	0.26531	0.06394	0.10031	0.08530	0.01007	0.00750	0.00216	0.03099	0.00863	0.00589	0.00912
61	0.01650	0.09974	0.24589	0.02238	0.06890	0.05248	0.27396	0.03891	0.05582	0.04108	0.01367	0.01625	0.01026	0.00630	0.00679	0.00208	0.00971	0.00619	0.00358	0.00951
62	0.00825	0.00605	0.00775	0.00894	0.00967	0.00555	0.00609	0.00965	0.01366	0.01805	0.09611	0.61166	0.13412	0.01991	0.00843	0.00262	0.00377	0.01787	0.00632	0.00555
63	0.01449	0.12010	0.30950	0.01960	0.07352	0.01588	0.14721	0.03836	0.01494	0.02086	0.01601	0.06803	0.03065	0.00775	0.00663	0.00206	0.00865	0.02892	0.00357	0.05326
64	0.01869	0.03661	0.09253	0.08326	0.05001	0.03638	0.15751	0.09709	0.03485	0.15008	0.05512	0.02136	0.01510	0.00823	0.00868	0.00223	0.08953	0.02855	0.00489	0.00930
65	0.01713	0.39717	0.12738	0.11540	0.02326	0.02039	0.03935	0.02159	0.05931	0.07511	0.01317	0.01549	0.01063	0.03110	0.00640	0.00195	0.00770	0.00499	0.00363	0.00886
66	0.00921	0.00706	0.00883	0.00885	0.01013	0.00684	0.00651	0.01132	0.01563	0.02111	0.31882	0.20773	0.19610	0.06482	0.01059	0.00264	0.04504	0.03650	0.00638	0.00590
67	0.01756	0.18354	0.15619	0.03845	0.20105	0.01713	0.05384	0.03905	0.05945	0.10433	0.03463	0.03818	0.01348	0.00716	0.00627	0.00197	0.00767	0.00611	0.00421	0.00974
68	0.04271	0.03418	0.14405	0.10791	0.12349	0.03733	0.05107	0.02178	0.07822	0.11481	0.05132	0.05009	0.05678	0.00860	0.00678	0.00213	0.00734	0.02658	0.00475	0.03008

[dist]
# distance from previous block
# <min> <max>
0	17

# created by:
# /home/berkeley/.conda/envs/busco_data_prod/bin/msa2prfl.pl pipeline/OGs_align_augustus/4893/40299.fs
