[name]
unknown

[dist]
# distance from previous block
# <min> <max>
0	63

[block]
# block no. 0 follows, 27 sequences, length 26
# corresponding to MSA columns:
# 74-99
name=unknown_A
#
# <colnr> <probs for GDERKNQSTAVLIFYWHMCP>
#	G	D	E	R	K	N	Q	S	T	A	V	L	I	F	Y	W	H	M	C	P
0	0.07264	0.01401	0.01702	0.05899	0.01985	0.08606	0.06308	0.01957	0.01541	0.07604	0.02086	0.03434	0.01967	0.09454	0.12692	0.00453	0.05462	0.12016	0.00493	0.07675
1	0.01599	0.08618	0.06856	0.01433	0.01788	0.06682	0.03222	0.07490	0.05806	0.02355	0.09351	0.05667	0.04839	0.09327	0.04764	0.00345	0.05856	0.09878	0.00539	0.03585
2	0.16938	0.18076	0.11432	0.01394	0.01919	0.04495	0.01308	0.02521	0.15380	0.04766	0.01861	0.04706	0.01572	0.01294	0.06796	0.00309	0.00852	0.02938	0.00493	0.00949
3	0.04834	0.13764	0.03897	0.01373	0.01851	0.09270	0.04210	0.05521	0.07017	0.08595	0.06848	0.08772	0.08443	0.01036	0.00699	0.00208	0.00712	0.00845	0.00562	0.11544
4	0.06118	0.11160	0.06734	0.01329	0.01743	0.01272	0.07151	0.01810	0.01632	0.07116	0.07590	0.17268	0.11711	0.01332	0.00769	0.00239	0.00638	0.05826	0.03435	0.05124
5	0.17388	0.07316	0.11084	0.01579	0.02099	0.06094	0.06003	0.05515	0.05851	0.10845	0.05051	0.04644	0.01604	0.00909	0.00853	0.00234	0.08271	0.00682	0.00519	0.03459
6	0.08844	0.06519	0.08024	0.01436	0.01978	0.10201	0.01264	0.07377	0.04126	0.12013	0.01836	0.04172	0.01526	0.00891	0.00731	0.00206	0.03364	0.05318	0.00538	0.19638
7	0.15231	0.01937	0.02256	0.02281	0.16986	0.09653	0.06286	0.20337	0.04768	0.08221	0.03899	0.01886	0.01399	0.00801	0.00700	0.00224	0.00843	0.00652	0.00561	0.01079
8	0.01954	0.01718	0.02595	0.27955	0.07810	0.01909	0.12980	0.21359	0.08872	0.02957	0.01665	0.01996	0.01235	0.00788	0.00766	0.00239	0.00937	0.00718	0.00505	0.01042
9	0.02644	0.01912	0.02069	0.01636	0.02190	0.02112	0.01335	0.48197	0.17670	0.09152	0.02142	0.02056	0.01527	0.00919	0.00746	0.00230	0.00752	0.00712	0.00759	0.01243
10	0.00923	0.00750	0.00796	0.00786	0.01003	0.00647	0.00576	0.01121	0.01705	0.02113	0.16984	0.06686	0.53153	0.08135	0.01131	0.00289	0.00402	0.01488	0.00689	0.00623
11	0.00917	0.00652	0.00858	0.01017	0.01057	0.00612	0.00671	0.01037	0.01396	0.01861	0.03962	0.68335	0.04746	0.07641	0.01158	0.00333	0.00452	0.02034	0.00671	0.00592
12	0.01912	0.63968	0.13639	0.01395	0.02098	0.02759	0.01487	0.02242	0.01517	0.01836	0.01076	0.01246	0.00951	0.00645	0.00510	0.00170	0.00839	0.00419	0.00317	0.00974
13	0.01702	0.01862	0.03901	0.03127	0.12354	0.01759	0.52237	0.02279	0.01775	0.02437	0.07395	0.02291	0.01648	0.00709	0.00857	0.00245	0.01123	0.00888	0.00413	0.00998
14	0.01051	0.00759	0.00992	0.00934	0.01109	0.00700	0.00700	0.01401	0.02101	0.02977	0.68888	0.05545	0.07005	0.01518	0.00876	0.00233	0.00350	0.01343	0.00817	0.00700
15	0.23630	0.44653	0.08828	0.01290	0.01905	0.05412	0.01276	0.02255	0.01471	0.02247	0.01064	0.01234	0.00910	0.00662	0.00500	0.00187	0.00782	0.00415	0.00360	0.00920
16	0.01938	0.24162	0.22437	0.02132	0.08478	0.07230	0.10496	0.02420	0.01645	0.06993	0.01355	0.01592	0.01057	0.00718	0.00745	0.00214	0.04411	0.00571	0.00377	0.01029
17	0.01064	0.00780	0.01116	0.01116	0.01222	0.00886	0.00832	0.01276	0.01170	0.01666	0.02059	0.03307	0.02026	0.19324	0.57444	0.01098	0.01733	0.00853	0.00408	0.00620
18	0.00912	0.00677	0.00851	0.00970	0.01065	0.00616	0.00666	0.01072	0.01534	0.02012	0.10444	0.54482	0.17654	0.02168	0.00927	0.00286	0.00413	0.01937	0.00700	0.00616
19	0.02182	0.02215	0.02305	0.02116	0.08129	0.19577	0.06197	0.12797	0.17088	0.02645	0.01687	0.01884	0.01338	0.00928	0.01077	0.00244	0.15389	0.00670	0.00510	0.01023
20	0.01755	0.24893	0.26677	0.01569	0.02267	0.01912	0.01716	0.06961	0.01801	0.05813	0.10550	0.02550	0.02069	0.00916	0.00685	0.00218	0.00828	0.05358	0.00472	0.00989
21	0.05304	0.05957	0.02491	0.05688	0.14287	0.14190	0.08019	0.02277	0.01646	0.06429	0.06322	0.01972	0.01517	0.00925	0.01164	0.00245	0.19529	0.00677	0.00428	0.00933
22	0.20856	0.05383	0.01962	0.06952	0.06942	0.16395	0.03516	0.02397	0.08546	0.02450	0.04990	0.02020	0.03940	0.00897	0.00870	0.00235	0.09664	0.00639	0.00458	0.00886
23	0.07647	0.06288	0.04514	0.10734	0.09435	0.04142	0.04754	0.14333	0.04029	0.04806	0.04219	0.02406	0.01610	0.06942	0.01148	0.00280	0.08180	0.03083	0.00498	0.00953
24	0.12530	0.01767	0.06841	0.13387	0.05033	0.01796	0.07183	0.15806	0.09810	0.05529	0.01673	0.01925	0.01265	0.01044	0.04163	0.00283	0.04966	0.00660	0.00518	0.03821
25	0.14342	0.01409	0.01923	0.13581	0.02441	0.01559	0.06777	0.04375	0.01520	0.05599	0.01786	0.07252	0.04266	0.00984	0.01039	0.00239	0.15297	0.00747	0.00459	0.14405

[dist]
# distance from previous block
# <min> <max>
37	202

[block]
# block no. 1 follows, 27 sequences, length 23
# corresponding to MSA columns:
# 339-361
name=unknown_B
#
# <colnr> <probs for GDERKNQSTAVLIFYWHMCP>
#	G	D	E	R	K	N	Q	S	T	A	V	L	I	F	Y	W	H	M	C	P
0	0.04464	0.07758	0.07213	0.01561	0.02073	0.11559	0.04193	0.13207	0.16517	0.04620	0.08743	0.02358	0.02011	0.03442	0.00813	0.00232	0.00795	0.00717	0.00581	0.07143
1	0.15380	0.01891	0.04630	0.13768	0.02718	0.10434	0.08387	0.09109	0.06040	0.09972	0.01582	0.01798	0.01173	0.00790	0.00774	0.00229	0.04550	0.00620	0.00503	0.05653
2	0.05460	0.07164	0.01936	0.01659	0.06308	0.03975	0.04198	0.02209	0.11571	0.06525	0.06030	0.14750	0.02331	0.01433	0.04792	0.00299	0.12293	0.00950	0.00544	0.05574
3	0.01322	0.01166	0.01193	0.06446	0.01565	0.07567	0.00866	0.06634	0.01954	0.02474	0.25767	0.05104	0.27470	0.06015	0.01018	0.00266	0.00563	0.01219	0.00664	0.00728
4	0.06474	0.06413	0.02554	0.28250	0.18762	0.01711	0.08979	0.02147	0.05122	0.02249	0.01540	0.05170	0.01290	0.00776	0.00718	0.00229	0.00881	0.00714	0.00397	0.05625
5	0.01870	0.01722	0.05250	0.07303	0.12200	0.05117	0.05314	0.07611	0.01803	0.06764	0.01473	0.01718	0.01149	0.00656	0.00654	0.00172	0.00770	0.00561	0.00464	0.37430
6	0.06805	0.44041	0.05237	0.14198	0.07033	0.02369	0.01483	0.02276	0.01550	0.07128	0.01262	0.01490	0.01032	0.00683	0.00568	0.00191	0.00818	0.00494	0.00378	0.00964
7	0.01423	0.04284	0.01289	0.01196	0.01408	0.00954	0.00959	0.04805	0.01781	0.08926	0.13468	0.21949	0.04207	0.06137	0.01084	0.00313	0.00581	0.23785	0.00700	0.00751
8	0.01284	0.00900	0.01155	0.06647	0.01533	0.00877	0.00857	0.05862	0.01946	0.06831	0.32044	0.18670	0.15335	0.01596	0.00863	0.00250	0.00470	0.01395	0.00734	0.00752
9	0.01192	0.00759	0.00914	0.00894	0.00943	0.00770	0.00555	0.01247	0.01150	0.04982	0.02316	0.04445	0.02527	0.59837	0.13785	0.00766	0.00907	0.01020	0.00466	0.00524
10	0.02822	0.02079	0.02228	0.01708	0.02302	0.02302	0.01411	0.66804	0.03490	0.04679	0.01782	0.01782	0.01262	0.00891	0.00743	0.00223	0.00817	0.00668	0.00743	0.01262
11	0.01539	0.01319	0.01539	0.01100	0.01759	0.00990	0.00880	0.01869	0.01539	0.02419	0.01319	0.01539	0.01100	0.00550	0.00550	0.00110	0.00550	0.00440	0.00440	0.78449
12	0.01316	0.00896	0.01216	0.05974	0.01631	0.00895	0.01036	0.03841	0.01776	0.06568	0.15000	0.16479	0.06331	0.05317	0.01071	0.00315	0.00601	0.28320	0.00689	0.00727
13	0.03191	0.04499	0.01227	0.01052	0.01332	0.00925	0.00831	0.03631	0.01806	0.08258	0.18642	0.16257	0.18947	0.01600	0.00840	0.00250	0.00492	0.09530	0.00698	0.05989
14	0.02526	0.06236	0.02216	0.01636	0.02123	0.02150	0.01364	0.44529	0.02810	0.09084	0.02014	0.02070	0.04886	0.00993	0.00990	0.00236	0.11627	0.00704	0.00665	0.01142
15	0.01728	0.01357	0.01575	0.01179	0.01796	0.01127	0.00941	0.02322	0.11628	0.07866	0.01705	0.01804	0.01335	0.00648	0.00596	0.00141	0.00562	0.00525	0.00526	0.60640
16	0.01435	0.07102	0.01890	0.01557	0.01846	0.09091	0.10939	0.01744	0.01721	0.02170	0.10601	0.21443	0.03627	0.01581	0.00882	0.00274	0.00753	0.19997	0.00590	0.00756
17	0.01392	0.01284	0.01367	0.01245	0.01487	0.11076	0.04379	0.03807	0.04202	0.02617	0.37793	0.15170	0.08310	0.01467	0.00849	0.00240	0.00580	0.01284	0.00699	0.00755
18	0.02281	0.01480	0.05364	0.01583	0.02010	0.01427	0.05525	0.06998	0.05325	0.28874	0.09549	0.03162	0.02382	0.01132	0.01078	0.00259	0.12718	0.07115	0.00699	0.01039
19	0.01940	0.05123	0.01697	0.01281	0.01782	0.09654	0.01034	0.09066	0.01966	0.10109	0.10116	0.02799	0.04754	0.00928	0.00688	0.00184	0.00673	0.04955	0.00585	0.30669
20	0.08760	0.01646	0.01522	0.01329	0.01699	0.14101	0.01022	0.02487	0.14868	0.08239	0.05232	0.02488	0.03337	0.06246	0.06396	0.03936	0.02834	0.00705	0.00548	0.12606
21	0.09746	0.06090	0.05495	0.06065	0.05284	0.07837	0.07913	0.02400	0.14449	0.02534	0.11891	0.02607	0.02257	0.05465	0.00901	0.00252	0.00769	0.00765	0.00525	0.06757
22	0.10294	0.01843	0.07205	0.01491	0.02055	0.01790	0.01290	0.25645	0.15681	0.07992	0.01934	0.01949	0.01422	0.00844	0.00722	0.00217	0.02463	0.00641	0.03032	0.11490

[dist]
# distance from previous block
# <min> <max>
12	147

[block]
# block no. 2 follows, 27 sequences, length 6
# corresponding to MSA columns:
# 581-586
name=unknown_C
#
# <colnr> <probs for GDERKNQSTAVLIFYWHMCP>
#	G	D	E	R	K	N	Q	S	T	A	V	L	I	F	Y	W	H	M	C	P
0	0.12703	0.01769	0.01773	0.01448	0.01967	0.08282	0.01165	0.18122	0.16289	0.20545	0.02151	0.02050	0.01524	0.00861	0.00689	0.00221	0.00720	0.00656	0.00699	0.06366
1	0.17275	0.02242	0.01934	0.01713	0.05194	0.20783	0.01300	0.24508	0.07285	0.08430	0.01629	0.01684	0.01206	0.00818	0.00670	0.00218	0.00885	0.00584	0.00587	0.01055
2	0.01793	0.01718	0.02932	0.11505	0.62681	0.01752	0.02256	0.02239	0.01669	0.02371	0.01388	0.01852	0.01157	0.00670	0.00736	0.00223	0.00893	0.00661	0.00364	0.01140
3	0.01009	0.00757	0.00934	0.00890	0.01083	0.00683	0.00667	0.01319	0.02002	0.02741	0.53964	0.05934	0.22076	0.01606	0.00876	0.00238	0.00357	0.01397	0.00786	0.00683
4	0.01569	0.01137	0.01373	0.06419	0.01735	0.01179	0.00980	0.09358	0.14106	0.07959	0.32258	0.04320	0.11986	0.01296	0.00820	0.00238	0.00517	0.01107	0.00754	0.00892
5	0.01837	0.01764	0.03013	0.04557	0.69279	0.01764	0.02278	0.02278	0.01690	0.02425	0.01396	0.01837	0.01176	0.00661	0.00735	0.00220	0.00882	0.00661	0.00367	0.01176

[dist]
# distance from previous block
# <min> <max>
0	4

[block]
# block no. 3 follows, 27 sequences, length 6
# corresponding to MSA columns:
# 591-596
name=unknown_D
#
# <colnr> <probs for GDERKNQSTAVLIFYWHMCP>
#	G	D	E	R	K	N	Q	S	T	A	V	L	I	F	Y	W	H	M	C	P
0	0.02658	0.02206	0.02362	0.01888	0.02369	0.21396	0.10501	0.14759	0.02205	0.21035	0.01782	0.01873	0.01280	0.00873	0.00939	0.00231	0.09332	0.00663	0.00588	0.01059
1	0.02555	0.01947	0.02078	0.01654	0.02200	0.02177	0.01346	0.49593	0.21137	0.04248	0.02122	0.02053	0.01537	0.00923	0.00746	0.00231	0.00754	0.00715	0.00746	0.01239
2	0.01623	0.01395	0.01578	0.01212	0.01806	0.01224	0.00961	0.02438	0.19720	0.02607	0.01786	0.01876	0.01419	0.00675	0.00606	0.00149	0.00560	0.00549	0.00526	0.57290
3	0.01367	0.01263	0.01839	0.10877	0.02289	0.05882	0.09776	0.01697	0.01537	0.02005	0.02555	0.14697	0.02646	0.02184	0.12840	0.00444	0.06511	0.18339	0.00502	0.00750
4	0.01087	0.00885	0.01269	0.20470	0.02219	0.00933	0.01095	0.01380	0.01615	0.02110	0.13750	0.26207	0.14733	0.01668	0.00876	0.00272	0.00587	0.07542	0.00610	0.00690
5	0.08181	0.07291	0.02058	0.01573	0.04557	0.11304	0.03271	0.16692	0.04813	0.07525	0.03823	0.01793	0.01383	0.00756	0.00647	0.00186	0.00774	0.00580	0.00545	0.22248

[dist]
# distance from previous block
# <min> <max>
15	49

[block]
# block no. 4 follows, 27 sequences, length 11
# corresponding to MSA columns:
# 657-667
name=unknown_E
#
# <colnr> <probs for GDERKNQSTAVLIFYWHMCP>
#	G	D	E	R	K	N	Q	S	T	A	V	L	I	F	Y	W	H	M	C	P
0	0.01753	0.01696	0.09683	0.14971	0.27916	0.01489	0.01805	0.04895	0.01733	0.07813	0.02095	0.02379	0.06769	0.00821	0.00719	0.00221	0.00800	0.00721	0.06743	0.04978
1	0.00904	0.00646	0.00861	0.01034	0.01077	0.00603	0.00689	0.01034	0.01421	0.01895	0.04092	0.73426	0.04910	0.02326	0.00948	0.00301	0.00431	0.02110	0.00689	0.00603
2	0.01539	0.01319	0.01539	0.01100	0.01759	0.00990	0.00880	0.01869	0.01539	0.02419	0.01319	0.01539	0.01100	0.00550	0.00550	0.00110	0.00550	0.00440	0.00440	0.78449
3	0.06281	0.21552	0.29568	0.01657	0.02413	0.04526	0.01809	0.07732	0.07139	0.05114	0.04490	0.01770	0.01376	0.00772	0.00646	0.00213	0.00881	0.00575	0.00442	0.01043
4	0.02520	0.07624	0.02277	0.01640	0.02185	0.02238	0.01365	0.48364	0.08325	0.03989	0.01742	0.01792	0.01291	0.00890	0.00830	0.00221	0.05798	0.00647	0.00664	0.05599
5	0.02558	0.02015	0.07368	0.01628	0.02213	0.01996	0.01415	0.50127	0.03091	0.08863	0.09227	0.02232	0.01911	0.00948	0.00755	0.00225	0.00774	0.00739	0.00730	0.01188
6	0.01078	0.00862	0.00985	0.00995	0.01218	0.00823	0.00763	0.01554	0.10281	0.02341	0.17418	0.14511	0.32969	0.01776	0.00888	0.00265	0.00444	0.09391	0.00721	0.00715
7	0.13074	0.05360	0.04261	0.01612	0.07876	0.01634	0.01228	0.14082	0.10474	0.08296	0.01700	0.01781	0.01289	0.00739	0.00632	0.00192	0.00674	0.00572	0.00558	0.23965
8	0.01757	0.07106	0.01665	0.01276	0.01706	0.12924	0.01001	0.02326	0.12835	0.05560	0.10375	0.08273	0.07566	0.01044	0.00703	0.00197	0.00664	0.00850	0.00580	0.21593
9	0.13490	0.09010	0.08324	0.04512	0.07697	0.01744	0.05110	0.10106	0.04182	0.02723	0.01491	0.01927	0.01236	0.00782	0.00734	0.00208	0.04429	0.03563	0.00460	0.18273
10	0.08237	0.01697	0.02117	0.04731	0.10489	0.06799	0.05959	0.15558	0.01968	0.05384	0.01873	0.08505	0.01709	0.01069	0.00983	0.00248	0.10603	0.05956	0.00527	0.05588

[dist]
# distance from previous block
# <min> <max>
1	88

[block]
# block no. 5 follows, 27 sequences, length 7
# corresponding to MSA columns:
# 756-762
name=unknown_F
#
# <colnr> <probs for GDERKNQSTAVLIFYWHMCP>
#	G	D	E	R	K	N	Q	S	T	A	V	L	I	F	Y	W	H	M	C	P
0	0.02097	0.01752	0.05354	0.01742	0.08595	0.05345	0.01307	0.19663	0.08090	0.09428	0.06035	0.07595	0.01957	0.00943	0.00721	0.00208	0.00716	0.00778	0.00620	0.17054
1	0.01691	0.01252	0.02011	0.01644	0.02059	0.01182	0.15734	0.04054	0.05451	0.12423	0.11092	0.12537	0.03015	0.01478	0.04436	0.00299	0.00782	0.10137	0.00635	0.08086
2	0.01755	0.01399	0.01593	0.01613	0.08250	0.07454	0.01136	0.06832	0.05831	0.08551	0.08610	0.04005	0.06474	0.12116	0.01335	0.00315	0.04666	0.10873	0.00595	0.06596
3	0.18076	0.04903	0.02139	0.01755	0.04219	0.19641	0.07671	0.08567	0.08184	0.12771	0.01658	0.01751	0.01233	0.00805	0.00733	0.00224	0.03527	0.00602	0.00540	0.01001
4	0.01061	0.00769	0.01068	0.01085	0.01196	0.00826	0.00808	0.01286	0.01364	0.01909	0.12389	0.09287	0.03188	0.17022	0.37751	0.00833	0.01298	0.05723	0.00513	0.00626
5	0.01854	0.01352	0.01588	0.01194	0.01805	0.01132	0.00955	0.02440	0.11502	0.12629	0.01814	0.01871	0.01384	0.00673	0.00610	0.00149	0.00568	0.00545	0.00559	0.55377
6	0.01902	0.01756	0.02884	0.15628	0.42280	0.01835	0.07921	0.11902	0.01931	0.02668	0.01451	0.01868	0.01152	0.00707	0.00750	0.00228	0.00924	0.00682	0.00418	0.01113

[dist]
# distance from previous block
# <min> <max>
0	2

[block]
# block no. 6 follows, 27 sequences, length 8
# corresponding to MSA columns:
# 765-772
name=unknown_G
#
# <colnr> <probs for GDERKNQSTAVLIFYWHMCP>
#	G	D	E	R	K	N	Q	S	T	A	V	L	I	F	Y	W	H	M	C	P
0	0.00932	0.00667	0.00886	0.01015	0.01083	0.00621	0.00691	0.01102	0.01547	0.02096	0.16099	0.60847	0.05298	0.02176	0.00934	0.00289	0.00416	0.01968	0.00713	0.00621
1	0.01539	0.01319	0.01539	0.01100	0.01759	0.00990	0.00880	0.01869	0.01539	0.02419	0.01319	0.01539	0.01100	0.00550	0.00550	0.00110	0.00550	0.00440	0.00440	0.78449
2	0.02916	0.01928	0.02134	0.01636	0.02227	0.02078	0.01352	0.55095	0.03237	0.16745	0.01995	0.01920	0.01369	0.00896	0.00743	0.00224	0.00783	0.00683	0.00775	0.01263
3	0.02103	0.02715	0.14592	0.01817	0.02283	0.27332	0.01616	0.06506	0.14132	0.02380	0.05175	0.01940	0.01541	0.00926	0.00970	0.00235	0.11652	0.00641	0.00475	0.00970
4	0.02372	0.02334	0.14633	0.04608	0.05142	0.10579	0.01614	0.24546	0.08296	0.11990	0.01873	0.02025	0.01382	0.04216	0.00868	0.00248	0.00895	0.00666	0.00597	0.01115
5	0.16309	0.01735	0.01710	0.06752	0.05963	0.11916	0.01217	0.08340	0.12138	0.06506	0.01950	0.02222	0.03829	0.04831	0.04988	0.00306	0.03109	0.00669	0.00530	0.04981
6	0.02072	0.01960	0.06061	0.12772	0.02752	0.07451	0.06613	0.23536	0.11325	0.03139	0.04720	0.02056	0.01540	0.00830	0.00730	0.00218	0.00854	0.00688	0.00565	0.10120
7	0.06585	0.18104	0.04714	0.12527	0.05591	0.05969	0.01486	0.10373	0.07479	0.08940	0.01683	0.02063	0.01349	0.00871	0.00802	0.00227	0.06217	0.03524	0.00498	0.00998

[dist]
# distance from previous block
# <min> <max>
1	87

[block]
# block no. 7 follows, 27 sequences, length 23
# corresponding to MSA columns:
# 862-884
name=unknown_H
#
# <colnr> <probs for GDERKNQSTAVLIFYWHMCP>
#	G	D	E	R	K	N	Q	S	T	A	V	L	I	F	Y	W	H	M	C	P
0	0.04541	0.04366	0.01969	0.01765	0.10010	0.04557	0.01259	0.18976	0.11625	0.08907	0.05951	0.02277	0.03841	0.00863	0.00696	0.00203	0.00696	0.00695	0.00618	0.16184
1	0.12679	0.04566	0.04004	0.01496	0.01999	0.19277	0.01224	0.14422	0.03898	0.05996	0.01524	0.04126	0.01243	0.00820	0.00714	0.00199	0.03829	0.00583	0.00512	0.16888
2	0.21156	0.04547	0.07276	0.01788	0.09193	0.07765	0.01386	0.23158	0.03898	0.03298	0.01636	0.01761	0.03367	0.00796	0.00646	0.00214	0.00791	0.00587	0.00532	0.06205
3	0.09509	0.16069	0.02465	0.02034	0.13073	0.16141	0.01444	0.14987	0.04478	0.04221	0.01423	0.01635	0.01150	0.01006	0.04093	0.00256	0.03968	0.00565	0.00469	0.01013
4	0.15817	0.16473	0.13348	0.04536	0.02312	0.10306	0.04227	0.10668	0.01845	0.05035	0.04548	0.01693	0.01297	0.00792	0.00715	0.00217	0.04182	0.00568	0.00454	0.00968
5	0.20286	0.04978	0.02164	0.04842	0.19354	0.11009	0.01505	0.14925	0.04028	0.02941	0.01461	0.01843	0.01196	0.00811	0.00724	0.00227	0.03396	0.02816	0.00483	0.01011
6	0.01229	0.00833	0.01037	0.00964	0.01177	0.00784	0.00722	0.01605	0.05087	0.07490	0.43689	0.05273	0.15394	0.06988	0.04172	0.00315	0.00485	0.01266	0.00756	0.00733
7	0.01185	0.01063	0.01018	0.01036	0.01221	0.09102	0.00762	0.01361	0.01698	0.02078	0.15103	0.21286	0.27928	0.01847	0.01009	0.05339	0.00536	0.05136	0.00649	0.00645
8	0.01434	0.01383	0.01735	0.32063	0.03044	0.09653	0.01441	0.01793	0.01701	0.02180	0.20364	0.10029	0.03052	0.01157	0.00904	0.00247	0.05568	0.00973	0.00508	0.00771
9	0.03057	0.01203	0.01635	0.01274	0.01801	0.01044	0.01044	0.03351	0.02122	0.61759	0.10861	0.02890	0.02459	0.00991	0.00762	0.00230	0.00598	0.00818	0.00907	0.01196
10	0.11537	0.01771	0.01830	0.01526	0.02021	0.02009	0.01226	0.29101	0.33910	0.03767	0.02282	0.02183	0.01685	0.00922	0.00715	0.00237	0.00678	0.00718	0.00715	0.01166
11	0.06014	0.06051	0.47592	0.02025	0.05754	0.01651	0.06541	0.02180	0.01580	0.02347	0.02061	0.02242	0.09138	0.00835	0.00715	0.00234	0.00968	0.00683	0.00374	0.01014
12	0.02822	0.02079	0.02228	0.01708	0.02302	0.02302	0.01411	0.66804	0.03490	0.04679	0.01782	0.01782	0.01262	0.00891	0.00743	0.00223	0.00817	0.00668	0.00743	0.01262
13	0.01669	0.01315	0.01553	0.01116	0.01769	0.00997	0.00895	0.01996	0.01582	0.07284	0.01436	0.01611	0.01153	0.00576	0.00564	0.00119	0.00556	0.00462	0.00474	0.72875
14	0.01033	0.00745	0.00977	0.00946	0.01105	0.00689	0.00699	0.01357	0.02020	0.02847	0.61096	0.13708	0.06753	0.01615	0.00884	0.00242	0.00360	0.01435	0.00802	0.00689
15	0.00932	0.00756	0.00816	0.00847	0.01057	0.00659	0.00639	0.01121	0.01634	0.01984	0.06514	0.11006	0.52662	0.07128	0.01109	0.00298	0.00441	0.09105	0.00671	0.00619
16	0.02027	0.01784	0.02710	0.11708	0.49382	0.06668	0.02056	0.02438	0.01747	0.10054	0.01546	0.01897	0.01215	0.00708	0.00732	0.00223	0.00898	0.00658	0.00428	0.01123
17	0.02098	0.01302	0.01597	0.01169	0.01802	0.01021	0.00946	0.02415	0.01722	0.23430	0.01821	0.01847	0.01330	0.00665	0.00611	0.00147	0.00575	0.00535	0.00589	0.54378
18	0.01746	0.01772	0.02473	0.23509	0.22802	0.09720	0.05650	0.02266	0.06688	0.02151	0.01547	0.05044	0.01318	0.00869	0.00944	0.00245	0.09173	0.00729	0.00398	0.00958
19	0.10748	0.01803	0.02066	0.02424	0.22456	0.13897	0.01512	0.02179	0.01625	0.04791	0.04772	0.04631	0.01655	0.01256	0.05634	0.00300	0.11107	0.03011	0.00444	0.03689
20	0.02171	0.01605	0.01868	0.01492	0.01990	0.04089	0.03470	0.28033	0.02358	0.09574	0.01954	0.04032	0.01593	0.01621	0.11550	0.00357	0.00944	0.03739	0.00614	0.16946
21	0.07192	0.01907	0.02219	0.01829	0.05189	0.04451	0.05791	0.40604	0.02742	0.08279	0.02032	0.02100	0.05172	0.00935	0.00861	0.00233	0.05971	0.00715	0.00650	0.01129
22	0.08343	0.03658	0.03473	0.04336	0.12324	0.11506	0.04458	0.05984	0.01803	0.07394	0.06614	0.03817	0.04182	0.01041	0.03322	0.00245	0.03329	0.00707	0.00499	0.12964

[dist]
# distance from previous block
# <min> <max>
11	151

[block]
# block no. 8 follows, 27 sequences, length 40
# corresponding to MSA columns:
# 1045-1084
name=unknown_I
#
# <colnr> <probs for GDERKNQSTAVLIFYWHMCP>
#	G	D	E	R	K	N	Q	S	T	A	V	L	I	F	Y	W	H	M	C	P
0	0.12378	0.17012	0.11566	0.01526	0.02062	0.20127	0.01387	0.05341	0.05419	0.06602	0.03877	0.06468	0.01544	0.00879	0.00646	0.00212	0.00891	0.00645	0.00475	0.00942
1	0.17502	0.23424	0.11468	0.01421	0.04258	0.04033	0.01287	0.02105	0.01506	0.06414	0.01753	0.13276	0.01670	0.01132	0.03176	0.00251	0.00777	0.00749	0.00455	0.03344
2	0.16446	0.21241	0.07016	0.01595	0.09760	0.01767	0.01249	0.02077	0.04360	0.02517	0.14811	0.02332	0.02264	0.01057	0.03711	0.00246	0.00724	0.00668	0.00480	0.05680
3	0.01786	0.32260	0.24596	0.01806	0.07888	0.02127	0.01768	0.02367	0.05707	0.05012	0.06781	0.01866	0.01569	0.00765	0.00632	0.00203	0.00844	0.00585	0.00412	0.01024
4	0.01585	0.15964	0.02581	0.01965	0.09676	0.01741	0.12778	0.04006	0.04919	0.02207	0.07596	0.08675	0.04775	0.05342	0.05833	0.00328	0.07772	0.00904	0.00471	0.00883
5	0.01919	0.13809	0.07897	0.04840	0.07332	0.08621	0.01443	0.09824	0.08969	0.05788	0.02431	0.05032	0.09943	0.01027	0.00878	0.00231	0.07743	0.00781	0.00516	0.00975
6	0.01802	0.01753	0.03068	0.08857	0.60014	0.01765	0.07256	0.02261	0.01682	0.02387	0.01400	0.01859	0.01160	0.00664	0.00746	0.00225	0.00918	0.00678	0.00366	0.01139
7	0.01717	0.01641	0.02796	0.23233	0.51544	0.01732	0.02218	0.02173	0.01633	0.02279	0.01375	0.01877	0.01124	0.00684	0.00737	0.00228	0.00912	0.00661	0.00357	0.01079
8	0.01705	0.10696	0.46411	0.02039	0.02942	0.08057	0.07300	0.02528	0.07165	0.02307	0.01439	0.01643	0.01068	0.00722	0.00696	0.00226	0.01057	0.00576	0.00362	0.01060
9	0.01388	0.01044	0.01224	0.01088	0.01361	0.01050	0.00841	0.12301	0.07779	0.03154	0.45258	0.04882	0.12862	0.01414	0.00844	0.00235	0.00450	0.01216	0.00785	0.00824
10	0.01624	0.01624	0.02274	0.01949	0.01949	0.02274	0.01624	0.01787	0.01137	0.01787	0.00975	0.01624	0.00975	0.01299	0.02436	0.00325	0.72552	0.00650	0.00325	0.00812
11	0.01801	0.01727	0.02948	0.10198	0.63922	0.01754	0.02260	0.02246	0.01673	0.02381	0.01390	0.01849	0.01160	0.00668	0.00736	0.00223	0.00891	0.00661	0.00364	0.01147
12	0.01826	0.01278	0.07154	0.01297	0.01639	0.01122	0.01122	0.02169	0.01867	0.22100	0.30028	0.03621	0.03811	0.01563	0.06487	0.00319	0.10009	0.00970	0.00708	0.00909
13	0.03331	0.01263	0.01723	0.01321	0.01895	0.01091	0.01091	0.03618	0.02125	0.69794	0.02929	0.02527	0.01838	0.00919	0.00747	0.00230	0.00632	0.00747	0.00919	0.01263
14	0.01489	0.03840	0.70064	0.02116	0.03213	0.01724	0.02743	0.02351	0.01567	0.02351	0.01332	0.01567	0.00940	0.00705	0.00705	0.00235	0.01097	0.00549	0.00313	0.01097
15	0.01884	0.01941	0.04159	0.02978	0.03714	0.01812	0.61115	0.02482	0.01783	0.08007	0.01621	0.02046	0.01186	0.00650	0.00865	0.00249	0.01200	0.00865	0.00421	0.01023
16	0.47269	0.01895	0.15888	0.01267	0.01874	0.01545	0.01256	0.02412	0.01485	0.13973	0.01648	0.01719	0.03521	0.00774	0.00574	0.00232	0.00688	0.00533	0.00512	0.00935
17	0.01402	0.01319	0.02227	0.72126	0.05113	0.01649	0.02062	0.01897	0.01484	0.01897	0.01319	0.01979	0.00990	0.00742	0.00742	0.00247	0.00990	0.00660	0.00330	0.00825
18	0.01402	0.01319	0.02227	0.72126	0.05113	0.01649	0.02062	0.01897	0.01484	0.01897	0.01319	0.01979	0.00990	0.00742	0.00742	0.00247	0.00990	0.00660	0.00330	0.00825
19	0.02725	0.07900	0.02214	0.01873	0.02271	0.66742	0.01424	0.02919	0.02067	0.01813	0.01140	0.01330	0.00956	0.00757	0.00657	0.00189	0.01305	0.00473	0.00379	0.00866
20	0.01402	0.01319	0.02227	0.72126	0.05113	0.01649	0.02062	0.01897	0.01484	0.01897	0.01319	0.01979	0.00990	0.00742	0.00742	0.00247	0.00990	0.00660	0.00330	0.00825
21	0.00922	0.00659	0.00882	0.01054	0.01105	0.00618	0.00720	0.01065	0.01439	0.01915	0.04082	0.69419	0.04871	0.02309	0.00952	0.00304	0.00446	0.05940	0.00689	0.00608
22	0.02865	0.03165	0.02041	0.01815	0.02229	0.59476	0.01378	0.03072	0.02107	0.12965	0.01440	0.01534	0.01101	0.00790	0.00682	0.00198	0.01223	0.00522	0.00470	0.00927
23	0.02120	0.02273	0.01706	0.01542	0.01873	0.33924	0.01176	0.10194	0.06342	0.02569	0.19567	0.06419	0.02984	0.01114	0.00764	0.00220	0.00900	0.02856	0.00590	0.00868
24	0.03331	0.01263	0.01723	0.01321	0.01895	0.01091	0.01091	0.03618	0.02125	0.69794	0.02929	0.02527	0.01838	0.00919	0.00747	0.00230	0.00632	0.00747	0.00919	0.01263
25	0.00904	0.00646	0.00861	0.01034	0.01077	0.00603	0.00689	0.01034	0.01421	0.01895	0.04092	0.73426	0.04910	0.02326	0.00948	0.00301	0.00431	0.02110	0.00689	0.00603
26	0.04264	0.01818	0.01963	0.01989	0.11279	0.12854	0.01384	0.05580	0.17472	0.10750	0.04236	0.07250	0.01895	0.01054	0.01022	0.00248	0.12549	0.00801	0.00579	0.01013
27	0.01664	0.29263	0.42704	0.05303	0.02834	0.02160	0.02175	0.02282	0.01542	0.02109	0.01223	0.01451	0.00947	0.00682	0.00624	0.00208	0.00982	0.00499	0.00316	0.01031
28	0.00904	0.00646	0.00861	0.01034	0.01077	0.00603	0.00689	0.01034	0.01421	0.01895	0.04092	0.73426	0.04910	0.02326	0.00948	0.00301	0.00431	0.02110	0.00689	0.00603
29	0.02447	0.05204	0.07514	0.02050	0.08230	0.29762	0.01590	0.08665	0.01973	0.11169	0.01446	0.01642	0.01123	0.00868	0.00985	0.00227	0.13065	0.00579	0.00468	0.00993
30	0.10546	0.05692	0.01957	0.01468	0.01973	0.01919	0.01200	0.39570	0.04813	0.10927	0.02051	0.08312	0.01667	0.03524	0.00823	0.00246	0.00725	0.00783	0.00694	0.01108
31	0.00904	0.00646	0.00861	0.01034	0.01077	0.00603	0.00689	0.01034	0.01421	0.01895	0.04092	0.73426	0.04910	0.02326	0.00948	0.00301	0.00431	0.02110	0.00689	0.00603
32	0.00889	0.00707	0.00799	0.00873	0.01034	0.00617	0.00618	0.01052	0.01576	0.01958	0.06052	0.35537	0.41534	0.02071	0.00907	0.00272	0.00399	0.01800	0.00689	0.00617
33	0.01539	0.01319	0.01539	0.01100	0.01759	0.00990	0.00880	0.01869	0.01539	0.02419	0.01319	0.01539	0.01100	0.00550	0.00550	0.00110	0.00550	0.00440	0.00440	0.78449
34	0.02057	0.02121	0.17929	0.02094	0.10290	0.03891	0.09002	0.08697	0.01902	0.15689	0.01905	0.07051	0.01506	0.00848	0.00734	0.00219	0.00855	0.00745	0.00534	0.11933
35	0.08084	0.12775	0.53265	0.01904	0.02862	0.04377	0.02343	0.02342	0.01554	0.02335	0.01262	0.01480	0.00931	0.00697	0.00654	0.00223	0.01023	0.00514	0.00329	0.01045
36	0.01001	0.00659	0.00891	0.01016	0.01059	0.00626	0.00686	0.01041	0.01334	0.01769	0.03548	0.51811	0.06031	0.04833	0.01452	0.16553	0.00493	0.04050	0.00604	0.00543
37	0.01804	0.01730	0.02954	0.09679	0.64415	0.01755	0.02262	0.02249	0.01675	0.02385	0.01391	0.01848	0.01162	0.00668	0.00735	0.00223	0.00890	0.00661	0.00365	0.01149
38	0.06801	0.25486	0.24921	0.02194	0.08341	0.02141	0.15767	0.02299	0.01579	0.02235	0.01259	0.01540	0.00995	0.00661	0.00656	0.00213	0.00982	0.00570	0.00342	0.01018
39	0.02285	0.01941	0.06545	0.01856	0.02439	0.01918	0.12079	0.35279	0.09822	0.06626	0.07179	0.02473	0.01908	0.00940	0.00784	0.00237	0.00832	0.03053	0.00669	0.01136

[dist]
# distance from previous block
# <min> <max>
0	2

[block]
# block no. 9 follows, 27 sequences, length 25
# corresponding to MSA columns:
# 1087-1111
name=unknown_J
#
# <colnr> <probs for GDERKNQSTAVLIFYWHMCP>
#	G	D	E	R	K	N	Q	S	T	A	V	L	I	F	Y	W	H	M	C	P
0	0.01622	0.01079	0.01267	0.01101	0.01423	0.01057	0.00861	0.11662	0.06905	0.11369	0.32653	0.04747	0.18481	0.01390	0.00831	0.00236	0.00478	0.01179	0.00787	0.00873
1	0.02137	0.01748	0.07019	0.01663	0.02195	0.04445	0.09667	0.15470	0.10389	0.15582	0.02575	0.11891	0.04708	0.01069	0.00777	0.00235	0.00764	0.00931	0.00654	0.06080
2	0.01302	0.00831	0.00974	0.00895	0.01171	0.00720	0.00686	0.01556	0.01886	0.12546	0.26049	0.05946	0.39428	0.01621	0.00857	0.00242	0.00407	0.01373	0.00764	0.00746
3	0.01559	0.01381	0.01795	0.01282	0.01950	0.01070	0.06795	0.01915	0.01559	0.02415	0.01336	0.01581	0.01102	0.00557	0.00579	0.00123	0.00613	0.00479	0.00434	0.71476
4	0.02822	0.02079	0.02228	0.01708	0.02302	0.02302	0.01411	0.66804	0.03490	0.04679	0.01782	0.01782	0.01262	0.00891	0.00743	0.00223	0.00817	0.00668	0.00743	0.01262
5	0.01837	0.01764	0.03013	0.04557	0.69279	0.01764	0.02278	0.02278	0.01690	0.02425	0.01396	0.01837	0.01176	0.00661	0.00735	0.00220	0.00882	0.00661	0.00367	0.01176
6	0.03331	0.01263	0.01723	0.01321	0.01895	0.01091	0.01091	0.03618	0.02125	0.69794	0.02929	0.02527	0.01838	0.00919	0.00747	0.00230	0.00632	0.00747	0.00919	0.01263
7	0.01723	0.01474	0.01567	0.01418	0.01806	0.01678	0.01099	0.03561	0.58441	0.03035	0.09194	0.03255	0.06288	0.01100	0.00773	0.00250	0.00555	0.00924	0.00757	0.01103
8	0.01759	0.01519	0.01595	0.01442	0.01847	0.01737	0.01120	0.03686	0.61974	0.03006	0.03427	0.03164	0.08272	0.01086	0.00766	0.00252	0.00568	0.00905	0.00749	0.01126
9	0.01280	0.00810	0.01066	0.00973	0.01188	0.00740	0.00740	0.01624	0.02104	0.09692	0.62259	0.05242	0.06485	0.01457	0.00863	0.00233	0.00379	0.01283	0.00827	0.00757
10	0.01489	0.03840	0.70064	0.02116	0.03213	0.01724	0.02743	0.02351	0.01567	0.02351	0.01332	0.01567	0.00940	0.00705	0.00705	0.00235	0.01097	0.00549	0.00313	0.01097
11	0.01284	0.00748	0.01006	0.01092	0.01221	0.00688	0.00772	0.01446	0.01540	0.12162	0.03909	0.59863	0.04418	0.02101	0.00921	0.00292	0.00472	0.04635	0.00724	0.00706
12	0.03331	0.01263	0.01723	0.01321	0.01895	0.01091	0.01091	0.03618	0.02125	0.69794	0.02929	0.02527	0.01838	0.00919	0.00747	0.00230	0.00632	0.00747	0.00919	0.01263
13	0.01648	0.00856	0.00902	0.00827	0.01066	0.00865	0.00639	0.07719	0.01770	0.07592	0.02399	0.02662	0.01841	0.00871	0.00555	0.00181	0.00408	0.00694	0.65721	0.00783
14	0.01623	0.04133	0.07900	0.13180	0.21954	0.01624	0.09274	0.04800	0.08447	0.02479	0.07632	0.02859	0.06418	0.00926	0.00777	0.00238	0.00837	0.03420	0.00483	0.00996
15	0.01062	0.00789	0.01162	0.01162	0.01283	0.00911	0.00889	0.01305	0.01184	0.01700	0.02017	0.03076	0.01925	0.11197	0.65434	0.01154	0.01884	0.00819	0.00402	0.00645
16	0.00877	0.00752	0.00752	0.00752	0.01003	0.00627	0.00564	0.01065	0.01692	0.02005	0.07520	0.07144	0.68978	0.01880	0.00877	0.00251	0.00376	0.01567	0.00689	0.00627
17	0.01471	0.01503	0.05506	0.58836	0.14545	0.01670	0.02126	0.01975	0.01519	0.01996	0.01331	0.01939	0.01015	0.00729	0.00739	0.00243	0.00979	0.00655	0.00335	0.00889
18	0.01752	0.04503	0.10295	0.05099	0.03260	0.01980	0.37182	0.05331	0.05252	0.02375	0.01461	0.01892	0.01137	0.00794	0.01113	0.00258	0.14166	0.00766	0.00394	0.00990
19	0.00904	0.00646	0.00861	0.01034	0.01077	0.00603	0.00689	0.01034	0.01421	0.01895	0.04092	0.73426	0.04910	0.02326	0.00948	0.00301	0.00431	0.02110	0.00689	0.00603
20	0.01297	0.01158	0.01850	0.04595	0.05113	0.01159	0.13914	0.01888	0.12241	0.02291	0.07955	0.34462	0.05818	0.01561	0.00877	0.00271	0.00654	0.01461	0.00617	0.00817
21	0.14396	0.01970	0.13248	0.08452	0.08139	0.01668	0.11337	0.11135	0.01931	0.18037	0.01735	0.01881	0.01216	0.00764	0.00712	0.00234	0.00868	0.00654	0.00546	0.01078
22	0.01920	0.07162	0.15357	0.12547	0.09534	0.08025	0.13412	0.04747	0.06031	0.07321	0.01552	0.01845	0.01172	0.00771	0.00840	0.00235	0.05416	0.00661	0.00428	0.01023
23	0.18912	0.01662	0.06481	0.09078	0.07063	0.08268	0.04890	0.02158	0.03740	0.07479	0.05107	0.15539	0.02098	0.01071	0.00717	0.00239	0.00756	0.00902	0.00520	0.03318
24	0.02154	0.04613	0.14118	0.06692	0.13019	0.08324	0.07858	0.21022	0.02208	0.05336	0.01507	0.01739	0.01132	0.00770	0.00775	0.00222	0.03110	0.00632	0.00486	0.04283

[dist]
# distance from previous block
# <min> <max>
0	122

# created by:
# /home/berkeley/.conda/envs/busco_data_prod/bin/msa2prfl.pl pipeline/OGs_align_augustus/4893/40307.fs
