[name]
unknown

[dist]
# distance from previous block
# <min> <max>
4	22

[block]
# block no. 0 follows, 28 sequences, length 16
# corresponding to MSA columns:
# 25-40
name=unknown_A
#
# <colnr> <probs for GDERKNQSTAVLIFYWHMCP>
#	G	D	E	R	K	N	Q	S	T	A	V	L	I	F	Y	W	H	M	C	P
0	0.03979	0.04088	0.11660	0.13279	0.12845	0.04688	0.04669	0.11236	0.03198	0.07472	0.02089	0.02304	0.08039	0.00893	0.00847	0.00233	0.06302	0.00719	0.00476	0.00986
1	0.12711	0.01530	0.02167	0.12943	0.24044	0.04333	0.05452	0.05590	0.04494	0.06550	0.01549	0.03968	0.01271	0.00956	0.00924	0.08668	0.00808	0.00670	0.00441	0.00930
2	0.06665	0.01777	0.02241	0.07782	0.11109	0.08922	0.09913	0.09207	0.15921	0.06733	0.05262	0.02136	0.01640	0.00830	0.00776	0.00226	0.03255	0.00707	0.00538	0.04362
3	0.10687	0.02247	0.09734	0.05402	0.13093	0.16583	0.11669	0.05255	0.05944	0.03970	0.02981	0.01766	0.01232	0.00746	0.00742	0.00220	0.03085	0.00622	0.00430	0.03594
4	0.01820	0.01686	0.01997	0.02023	0.14542	0.12018	0.06528	0.07898	0.03861	0.05601	0.05412	0.02817	0.10116	0.06445	0.03111	0.00276	0.03264	0.00798	0.00505	0.09281
5	0.18239	0.01513	0.01998	0.04062	0.03681	0.05059	0.13781	0.08717	0.01858	0.09061	0.13613	0.05396	0.02272	0.00909	0.00707	0.00221	0.00733	0.00795	0.00563	0.06822
6	0.38939	0.01721	0.05975	0.01925	0.13921	0.01728	0.06569	0.12849	0.01760	0.03174	0.04265	0.01653	0.01226	0.00734	0.00608	0.00224	0.00728	0.00567	0.00480	0.00953
7	0.09185	0.02068	0.02703	0.03501	0.44573	0.15867	0.07135	0.02366	0.01703	0.02333	0.01293	0.01656	0.01070	0.00668	0.00693	0.00213	0.00955	0.00605	0.00372	0.01041
8	0.02156	0.02024	0.09642	0.08953	0.06511	0.01947	0.06851	0.33143	0.11978	0.03445	0.01762	0.01889	0.01293	0.00807	0.00727	0.00223	0.00840	0.00671	0.00581	0.04557
9	0.01023	0.01082	0.08626	0.01283	0.01501	0.00815	0.06222	0.01281	0.01479	0.02015	0.08047	0.55696	0.04236	0.01919	0.00892	0.00280	0.00551	0.01754	0.00619	0.00680
10	0.01278	0.01205	0.05853	0.01144	0.03628	0.06448	0.00858	0.01480	0.01554	0.05961	0.06985	0.15755	0.25898	0.17036	0.01432	0.00342	0.00603	0.01275	0.00584	0.00682
11	0.32012	0.22684	0.20241	0.01394	0.02051	0.06830	0.01457	0.02244	0.01439	0.02473	0.01096	0.01279	0.00873	0.00669	0.00532	0.00204	0.00809	0.00435	0.00368	0.00907
12	0.01382	0.01557	0.09535	0.65124	0.04807	0.01623	0.02090	0.01905	0.01462	0.01905	0.01293	0.01895	0.00964	0.00723	0.00723	0.00241	0.00980	0.00634	0.00321	0.00836
13	0.00933	0.00735	0.00847	0.00859	0.01057	0.00648	0.00648	0.01169	0.01748	0.02245	0.24864	0.13429	0.40130	0.01794	0.00876	0.00252	0.00388	0.06034	0.00711	0.00636
14	0.27177	0.01601	0.07970	0.01419	0.01953	0.01439	0.09458	0.06080	0.05208	0.07589	0.11135	0.02302	0.03769	0.00842	0.00652	0.00217	0.00673	0.00691	0.00542	0.09281
15	0.01466	0.01311	0.01791	0.09344	0.10391	0.03155	0.05218	0.04064	0.03752	0.02276	0.02411	0.12721	0.06909	0.01068	0.00733	0.00209	0.00680	0.06190	0.00497	0.25817

[dist]
# distance from previous block
# <min> <max>
5	69

[block]
# block no. 1 follows, 28 sequences, length 41
# corresponding to MSA columns:
# 123-163
name=unknown_B
#
# <colnr> <probs for GDERKNQSTAVLIFYWHMCP>
#	G	D	E	R	K	N	Q	S	T	A	V	L	I	F	Y	W	H	M	C	P
0	0.02108	0.02168	0.15893	0.04123	0.16486	0.04283	0.06562	0.17232	0.03781	0.10629	0.01642	0.01805	0.01203	0.00738	0.00708	0.00213	0.00871	0.00630	0.00511	0.08414
1	0.09328	0.01834	0.04458	0.06388	0.21254	0.09737	0.01548	0.08754	0.03731	0.10196	0.03849	0.01866	0.01362	0.00781	0.00769	0.00214	0.04778	0.00617	0.00492	0.08044
2	0.14929	0.05346	0.05640	0.04300	0.11862	0.01530	0.06510	0.04890	0.06540	0.14892	0.04126	0.01940	0.01448	0.00745	0.00653	0.00207	0.00718	0.00623	0.00534	0.12567
3	0.01978	0.03888	0.04792	0.07875	0.39254	0.06872	0.04232	0.08967	0.01860	0.06996	0.01610	0.05493	0.01348	0.00783	0.00725	0.00220	0.00875	0.00710	0.00445	0.01077
4	0.01842	0.05113	0.21979	0.06366	0.02489	0.08950	0.04632	0.02674	0.15421	0.10191	0.08496	0.02514	0.01996	0.00903	0.00731	0.00231	0.00848	0.03087	0.00535	0.01004
5	0.71489	0.01429	0.01159	0.01011	0.01474	0.01632	0.00833	0.05565	0.01395	0.06990	0.01151	0.01280	0.00865	0.00697	0.00479	0.00225	0.00578	0.00425	0.00489	0.00835
6	0.00964	0.00684	0.00870	0.00948	0.01000	0.00677	0.00626	0.01072	0.01260	0.01687	0.03299	0.36854	0.06963	0.26751	0.12428	0.00560	0.00742	0.01510	0.00554	0.00550
7	0.01910	0.01621	0.02156	0.24795	0.13577	0.01847	0.01655	0.19120	0.20131	0.02949	0.01869	0.02077	0.01403	0.00822	0.00729	0.00233	0.00803	0.00696	0.00544	0.01063
8	0.01063	0.00764	0.00957	0.00908	0.01051	0.00730	0.00649	0.01392	0.04226	0.02590	0.52424	0.05185	0.05769	0.17445	0.01475	0.00334	0.00430	0.01241	0.00719	0.00649
9	0.01174	0.00835	0.01062	0.00992	0.01180	0.00815	0.00756	0.01447	0.01842	0.06977	0.40992	0.10884	0.19123	0.01570	0.00981	0.00245	0.06360	0.01328	0.00730	0.00708
10	0.17416	0.08188	0.02035	0.01773	0.05751	0.46938	0.01308	0.02685	0.01837	0.04277	0.01163	0.01339	0.00947	0.00725	0.00608	0.00195	0.01081	0.00466	0.00400	0.00868
11	0.79588	0.01406	0.01068	0.00956	0.01406	0.01631	0.00787	0.02137	0.01237	0.03261	0.01012	0.01181	0.00787	0.00675	0.00450	0.00225	0.00562	0.00394	0.00450	0.00787
12	0.01671	0.01614	0.02755	0.22082	0.45824	0.01735	0.04735	0.02105	0.01569	0.02196	0.01325	0.01828	0.01089	0.00708	0.00837	0.00231	0.05664	0.00655	0.00348	0.01031
13	0.00895	0.00637	0.00841	0.01000	0.01040	0.00597	0.00662	0.01015	0.01373	0.01831	0.03913	0.70207	0.04690	0.06211	0.01079	0.00318	0.00437	0.02011	0.00662	0.00582
14	0.01008	0.00727	0.00953	0.00928	0.01081	0.00672	0.00684	0.01320	0.01962	0.02764	0.60175	0.15222	0.06566	0.01599	0.00867	0.00238	0.00354	0.01422	0.00782	0.00672
15	0.04279	0.04416	0.02017	0.04094	0.05333	0.01928	0.01309	0.43026	0.04361	0.03650	0.02038	0.13616	0.01802	0.01091	0.00805	0.00234	0.03410	0.00873	0.00650	0.01070
16	0.02801	0.06393	0.03892	0.01419	0.01981	0.01582	0.01207	0.22157	0.06374	0.37902	0.05043	0.02279	0.01779	0.00896	0.00717	0.00220	0.00682	0.00709	0.00780	0.01185
17	0.02461	0.24113	0.02520	0.01592	0.02073	0.34664	0.01307	0.07546	0.07463	0.07709	0.01430	0.01511	0.01134	0.00752	0.00618	0.00188	0.00999	0.00509	0.00455	0.00956
18	0.01994	0.70188	0.03694	0.01285	0.01891	0.07398	0.01254	0.02224	0.01515	0.01715	0.01018	0.01176	0.00933	0.00630	0.00479	0.00158	0.00812	0.00394	0.00315	0.00927
19	0.00970	0.00723	0.00902	0.00894	0.01059	0.00655	0.00656	0.01244	0.01865	0.02543	0.45852	0.17028	0.19552	0.01690	0.00869	0.00243	0.00361	0.01484	0.00754	0.00655
20	0.66782	0.01497	0.01598	0.01303	0.01799	0.01665	0.11722	0.02168	0.01316	0.03108	0.01088	0.01309	0.00839	0.00665	0.00517	0.00228	0.00671	0.00470	0.00436	0.00819
21	0.07989	0.00963	0.01151	0.01026	0.01325	0.00923	0.00796	0.02039	0.07396	0.16849	0.34723	0.07091	0.12197	0.01329	0.00791	0.00234	0.00443	0.01132	0.00768	0.00835
22	0.01205	0.01135	0.01644	0.01500	0.01710	0.06675	0.14271	0.01435	0.01512	0.01945	0.03254	0.53371	0.03737	0.01813	0.00891	0.00276	0.00658	0.01689	0.00588	0.00690
23	0.01036	0.00813	0.01190	0.01579	0.12379	0.00777	0.00931	0.01213	0.01435	0.01941	0.03572	0.62109	0.04206	0.02009	0.00894	0.00282	0.00494	0.01833	0.00623	0.00683
24	0.01328	0.01209	0.01998	0.60935	0.04396	0.01475	0.01839	0.01788	0.01521	0.01970	0.07116	0.02740	0.01718	0.00895	0.00760	0.00249	0.00893	0.05992	0.00391	0.00786
25	0.01675	0.05551	0.40298	0.02422	0.11943	0.01740	0.11989	0.02480	0.07119	0.05617	0.01538	0.01762	0.01128	0.00705	0.00717	0.00229	0.00995	0.00627	0.00387	0.01079
26	0.02734	0.01247	0.01579	0.01259	0.01729	0.01169	0.01005	0.08433	0.07848	0.48124	0.02888	0.02887	0.04529	0.09839	0.01096	0.00285	0.00630	0.00803	0.00807	0.01109
27	0.06343	0.02121	0.06705	0.01753	0.02326	0.15808	0.09812	0.15349	0.04489	0.25107	0.01930	0.01917	0.01335	0.00805	0.00715	0.00220	0.00898	0.00653	0.00625	0.01088
28	0.09164	0.03773	0.04829	0.10112	0.15041	0.08836	0.01516	0.16577	0.03631	0.11879	0.01784	0.06535	0.01432	0.00868	0.00699	0.00223	0.00818	0.00705	0.00544	0.01032
29	0.02000	0.07737	0.05771	0.19000	0.11953	0.05573	0.01640	0.05713	0.11788	0.12947	0.01761	0.01963	0.01316	0.00825	0.00838	0.00231	0.06776	0.00649	0.00501	0.01018
30	0.01316	0.01157	0.01434	0.07284	0.07288	0.03852	0.01063	0.01849	0.10680	0.02440	0.25334	0.10050	0.12162	0.01314	0.00904	0.00238	0.05362	0.01112	0.00624	0.04538
31	0.02124	0.11531	0.18158	0.05251	0.06889	0.13203	0.03514	0.05957	0.05851	0.13951	0.05353	0.01954	0.01515	0.00794	0.00686	0.00213	0.00900	0.00627	0.00500	0.01028
32	0.11564	0.05129	0.04069	0.09615	0.14805	0.03409	0.06857	0.07302	0.01802	0.18474	0.01672	0.01828	0.01212	0.00724	0.00670	0.00211	0.00787	0.00613	0.00525	0.08734
33	0.01687	0.01533	0.02316	0.27322	0.17868	0.05338	0.07091	0.02159	0.03924	0.06297	0.06894	0.02164	0.01588	0.00786	0.00789	0.00224	0.03536	0.00700	0.00433	0.07350
34	0.08857	0.02093	0.05794	0.09867	0.17734	0.17630	0.07012	0.04067	0.05298	0.04549	0.04669	0.01875	0.01379	0.00770	0.00748	0.00219	0.03233	0.00633	0.00434	0.03138
35	0.09655	0.02118	0.02069	0.06562	0.19064	0.24724	0.03204	0.04522	0.04933	0.04913	0.01920	0.02185	0.06789	0.03349	0.00791	0.00231	0.00927	0.00667	0.00451	0.00926
36	0.05388	0.01533	0.04507	0.14600	0.08843	0.05427	0.06820	0.09570	0.01892	0.04493	0.14659	0.05874	0.02578	0.01050	0.00809	0.00238	0.02484	0.06116	0.00537	0.02581
37	0.03777	0.01658	0.05519	0.11996	0.09914	0.03421	0.03695	0.17839	0.06998	0.13206	0.01982	0.05733	0.01593	0.06680	0.00963	0.00265	0.00792	0.00764	0.00576	0.02628
38	0.12083	0.01791	0.02124	0.12349	0.12539	0.13080	0.07332	0.04712	0.06142	0.10891	0.01758	0.01981	0.02955	0.00957	0.03522	0.00257	0.00915	0.00647	0.00486	0.03479
39	0.12995	0.01881	0.05565	0.14933	0.22657	0.08124	0.04142	0.11677	0.01876	0.07311	0.01439	0.01723	0.01092	0.00725	0.00683	0.00222	0.00878	0.00604	0.00455	0.01019
40	0.04350	0.01613	0.02170	0.16475	0.19116	0.05226	0.04002	0.09270	0.10924	0.06717	0.05061	0.02209	0.02963	0.00811	0.00716	0.00220	0.00794	0.00703	0.00511	0.06149

[dist]
# distance from previous block
# <min> <max>
15	126

[block]
# block no. 2 follows, 28 sequences, length 12
# corresponding to MSA columns:
# 313-324
name=unknown_C
#
# <colnr> <probs for GDERKNQSTAVLIFYWHMCP>
#	G	D	E	R	K	N	Q	S	T	A	V	L	I	F	Y	W	H	M	C	P
0	0.27099	0.01724	0.03476	0.08718	0.06569	0.07593	0.07373	0.09240	0.05124	0.11292	0.01755	0.01893	0.03601	0.00786	0.00648	0.00226	0.00784	0.00619	0.00522	0.00956
1	0.11477	0.01665	0.03886	0.15537	0.20074	0.04389	0.01570	0.12027	0.03511	0.04900	0.01471	0.01839	0.01167	0.03536	0.00779	0.00229	0.00801	0.00605	0.00457	0.10083
2	0.11686	0.13005	0.04722	0.06333	0.06622	0.07904	0.03770	0.17099	0.04737	0.05541	0.01443	0.01649	0.01126	0.00910	0.02736	0.00241	0.05877	0.00573	0.00482	0.03543
3	0.01959	0.02103	0.01947	0.06532	0.09509	0.28066	0.04623	0.07884	0.04925	0.02197	0.02076	0.20706	0.02076	0.01154	0.00759	0.00231	0.00924	0.00972	0.00496	0.00862
4	0.01548	0.01531	0.02344	0.14845	0.11578	0.06628	0.14263	0.02043	0.05546	0.02064	0.01585	0.02128	0.01322	0.01967	0.19486	0.00475	0.03989	0.00707	0.00389	0.05561
5	0.00902	0.00645	0.00858	0.01001	0.01058	0.00601	0.00676	0.01052	0.01466	0.01974	0.11327	0.66321	0.05037	0.02189	0.00920	0.00288	0.00413	0.01982	0.00689	0.00601
6	0.01415	0.01052	0.01245	0.01094	0.01365	0.01066	0.00848	0.14493	0.06812	0.03211	0.49155	0.04588	0.08049	0.01347	0.00824	0.00228	0.00449	0.01161	0.00777	0.00822
7	0.00907	0.00717	0.00802	0.00822	0.01003	0.00628	0.00592	0.01099	0.01647	0.02087	0.17946	0.18610	0.42350	0.06218	0.01042	0.00279	0.00393	0.01561	0.00684	0.00612
8	0.06677	0.05771	0.02194	0.01649	0.02169	0.09581	0.01359	0.50014	0.02924	0.03902	0.01557	0.01631	0.01149	0.00861	0.00792	0.00218	0.05187	0.00607	0.00630	0.01129
9	0.01739	0.01437	0.01551	0.01412	0.01772	0.01626	0.01086	0.10428	0.48514	0.02987	0.03023	0.16186	0.02602	0.01220	0.00774	0.00253	0.00571	0.01040	0.00726	0.01053
10	0.02237	0.05065	0.05089	0.09637	0.08459	0.29011	0.08931	0.12657	0.05557	0.02417	0.01392	0.01643	0.01090	0.00762	0.00750	0.00214	0.03088	0.00598	0.00435	0.00968
11	0.02120	0.05201	0.06961	0.09475	0.02412	0.04680	0.01401	0.29224	0.11029	0.05154	0.04564	0.02174	0.04109	0.00874	0.00705	0.00214	0.00768	0.00689	0.00601	0.07644

[dist]
# distance from previous block
# <min> <max>
0	2

[block]
# block no. 3 follows, 28 sequences, length 52
# corresponding to MSA columns:
# 327-378
name=unknown_D
#
# <colnr> <probs for GDERKNQSTAVLIFYWHMCP>
#	G	D	E	R	K	N	Q	S	T	A	V	L	I	F	Y	W	H	M	C	P
0	0.13126	0.10169	0.13075	0.01751	0.07255	0.01978	0.01507	0.24125	0.10231	0.07451	0.01678	0.01734	0.01236	0.00786	0.00655	0.00218	0.00774	0.00594	0.00560	0.01097
1	0.02299	0.23078	0.02364	0.03508	0.01989	0.18745	0.01213	0.10527	0.04763	0.12877	0.04128	0.04897	0.01607	0.04027	0.00777	0.00220	0.00848	0.00651	0.00526	0.00957
2	0.01740	0.02031	0.10331	0.14179	0.35906	0.06616	0.11314	0.02223	0.01626	0.02214	0.01330	0.01772	0.01068	0.00692	0.00800	0.00228	0.03900	0.00652	0.00349	0.01030
3	0.01069	0.00726	0.00864	0.00895	0.00972	0.00708	0.00587	0.03184	0.01430	0.01979	0.11917	0.27015	0.05958	0.30612	0.01974	0.00434	0.00526	0.01388	0.07190	0.00572
4	0.00886	0.00633	0.00843	0.01012	0.01054	0.00590	0.00675	0.01012	0.01392	0.01856	0.04006	0.73979	0.04808	0.02277	0.00928	0.00295	0.00422	0.02066	0.00675	0.00590
5	0.05219	0.01116	0.01572	0.16848	0.08003	0.01184	0.01271	0.02065	0.07978	0.10360	0.16538	0.09314	0.03221	0.01240	0.00801	0.00253	0.00643	0.10900	0.00620	0.00854
6	0.00896	0.00687	0.00791	0.00864	0.00989	0.00615	0.00591	0.01031	0.01463	0.01844	0.05235	0.35996	0.32559	0.11486	0.01259	0.00327	0.00435	0.01705	0.00644	0.00581
7	0.01440	0.01291	0.01864	0.32840	0.03131	0.04854	0.05095	0.06694	0.01527	0.01989	0.01617	0.02469	0.01415	0.10817	0.19329	0.00532	0.01207	0.00733	0.00390	0.00767
8	0.02715	0.03464	0.02060	0.01873	0.02247	0.71536	0.01404	0.02903	0.02060	0.01779	0.01124	0.01311	0.00936	0.00749	0.00655	0.00187	0.01311	0.00468	0.00375	0.00843
9	0.00886	0.00633	0.00843	0.01012	0.01054	0.00590	0.00675	0.01012	0.01392	0.01856	0.04006	0.73979	0.04808	0.02277	0.00928	0.00295	0.00422	0.02066	0.00675	0.00590
10	0.01919	0.01555	0.07030	0.01314	0.01909	0.01291	0.01129	0.02784	0.21321	0.15269	0.02077	0.02044	0.01535	0.00749	0.00645	0.00180	0.00606	0.00610	0.00599	0.35435
11	0.00889	0.00679	0.00816	0.00905	0.01031	0.00607	0.00632	0.01055	0.01545	0.01987	0.10940	0.44049	0.28144	0.02052	0.00897	0.00272	0.00396	0.01810	0.00686	0.00607
12	0.79588	0.01406	0.01068	0.00956	0.01406	0.01631	0.00787	0.02137	0.01237	0.03261	0.01012	0.01181	0.00787	0.00675	0.00450	0.00225	0.00562	0.00394	0.00450	0.00787
13	0.01563	0.01182	0.01358	0.01176	0.01488	0.01234	0.00920	0.18047	0.12143	0.03300	0.40103	0.04195	0.07740	0.01278	0.00808	0.00229	0.00491	0.01090	0.00767	0.00887
14	0.02234	0.26291	0.02742	0.08597	0.10123	0.34673	0.01504	0.02492	0.01767	0.01832	0.01130	0.01378	0.00963	0.00694	0.00608	0.00185	0.01054	0.00480	0.00347	0.00904
15	0.02073	0.01768	0.02714	0.05660	0.11503	0.03649	0.19270	0.16346	0.02031	0.09250	0.01567	0.01833	0.01178	0.00751	0.00864	0.00219	0.06554	0.00679	0.00498	0.11592
16	0.01786	0.09229	0.32973	0.04258	0.04703	0.09630	0.10994	0.07754	0.04656	0.02388	0.01487	0.04204	0.01177	0.00765	0.00705	0.00223	0.01019	0.00643	0.00392	0.01016
17	0.02596	0.02572	0.02068	0.08387	0.02467	0.34989	0.01422	0.23712	0.05581	0.07012	0.01535	0.01648	0.01150	0.00807	0.00694	0.00208	0.01036	0.00578	0.00533	0.01005
18	0.00886	0.00633	0.00843	0.01012	0.01054	0.00590	0.00675	0.01012	0.01392	0.01856	0.04006	0.73979	0.04808	0.02277	0.00928	0.00295	0.00422	0.02066	0.00675	0.00590
19	0.01844	0.01642	0.02771	0.03598	0.47574	0.01627	0.09467	0.02394	0.06828	0.07606	0.01989	0.02262	0.05530	0.00763	0.00747	0.00224	0.00834	0.00747	0.00451	0.01105
20	0.01776	0.03855	0.05776	0.16623	0.17050	0.08194	0.12461	0.07440	0.07961	0.02444	0.05909	0.02227	0.03427	0.00802	0.00744	0.00227	0.00916	0.00735	0.00451	0.00979
21	0.01269	0.00831	0.00995	0.00916	0.01158	0.00755	0.00691	0.01603	0.04656	0.10442	0.34220	0.05444	0.26523	0.06045	0.01015	0.00264	0.00416	0.01282	0.00746	0.00731
22	0.00912	0.00673	0.00854	0.00946	0.01049	0.00615	0.00657	0.01095	0.01578	0.02101	0.18667	0.48267	0.15845	0.02036	0.00901	0.00273	0.00396	0.01818	0.00702	0.00615
23	0.01552	0.03102	0.46387	0.02435	0.03385	0.01743	0.26326	0.02312	0.01601	0.02312	0.01365	0.01691	0.00987	0.00662	0.00752	0.00236	0.01130	0.00655	0.00329	0.01040
24	0.02010	0.04195	0.11403	0.07252	0.28035	0.11261	0.12054	0.04229	0.01776	0.08660	0.01479	0.01777	0.01131	0.00695	0.00723	0.00219	0.00986	0.00642	0.00413	0.01057
25	0.01028	0.00851	0.01248	0.01207	0.01377	0.00819	0.06972	0.01250	0.01547	0.02038	0.10090	0.38102	0.18062	0.01890	0.00976	0.00279	0.03929	0.07039	0.00640	0.00657
26	0.29188	0.01620	0.01677	0.01332	0.01864	0.01744	0.01100	0.29124	0.02337	0.20598	0.01775	0.01734	0.01223	0.00812	0.00633	0.00222	0.00673	0.00584	0.00675	0.01083
27	0.13802	0.04095	0.04569	0.04878	0.10165	0.19242	0.09290	0.02297	0.04780	0.02263	0.01545	0.08353	0.01392	0.00871	0.00765	0.00221	0.04612	0.00705	0.00423	0.05732
28	0.08967	0.01017	0.01161	0.01026	0.01335	0.01020	0.00802	0.04296	0.09868	0.14451	0.27431	0.03653	0.05988	0.01129	0.00717	0.00219	0.00453	0.00942	0.14667	0.00859
29	0.02005	0.01596	0.02575	0.18320	0.25699	0.01658	0.09662	0.11733	0.01948	0.11983	0.04423	0.02083	0.01441	0.00763	0.00746	0.00227	0.00866	0.00712	0.00498	0.01060
30	0.00934	0.00739	0.00840	0.00815	0.01028	0.00645	0.00611	0.01188	0.01834	0.02383	0.34772	0.06305	0.41954	0.01684	0.00858	0.00238	0.00357	0.01437	0.00730	0.00645
31	0.04871	0.01467	0.02121	0.01820	0.06943	0.01445	0.11295	0.13363	0.07729	0.27462	0.02461	0.11640	0.01954	0.01015	0.00767	0.00237	0.00727	0.00905	0.00694	0.01084
32	0.01782	0.08141	0.07501	0.18033	0.20137	0.08012	0.08336	0.05219	0.01635	0.02159	0.01265	0.01698	0.01030	0.00770	0.00941	0.00232	0.11168	0.00621	0.00357	0.00962
33	0.01142	0.00832	0.01002	0.01002	0.01202	0.00796	0.00750	0.01583	0.09243	0.05170	0.24503	0.22551	0.20080	0.01717	0.00866	0.00258	0.00426	0.05430	0.00729	0.00719
34	0.01848	0.01743	0.02609	0.23322	0.27653	0.06085	0.08037	0.12146	0.01899	0.02514	0.01498	0.02074	0.01216	0.00763	0.00743	0.00230	0.00938	0.03254	0.00420	0.01010
35	0.01054	0.00806	0.00976	0.00945	0.01138	0.00767	0.00703	0.01504	0.08142	0.02633	0.44496	0.12949	0.17966	0.01592	0.00854	0.00241	0.00378	0.01392	0.00757	0.00705
36	0.01275	0.01106	0.01683	0.31931	0.09514	0.01222	0.01431	0.03883	0.01648	0.02169	0.11606	0.13422	0.11141	0.01237	0.00800	0.00249	0.00705	0.03690	0.00512	0.00779
37	0.01943	0.74891	0.03809	0.01244	0.01866	0.02876	0.01244	0.02177	0.01477	0.01710	0.01011	0.01166	0.00933	0.00622	0.00466	0.00155	0.00777	0.00389	0.00311	0.00933
38	0.00886	0.00633	0.00843	0.01012	0.01054	0.00590	0.00675	0.01012	0.01392	0.01856	0.04006	0.73979	0.04808	0.02277	0.00928	0.00295	0.00422	0.02066	0.00675	0.00590
39	0.01628	0.01241	0.01478	0.01092	0.01688	0.00952	0.00868	0.01934	0.01553	0.08706	0.01629	0.06658	0.01405	0.00694	0.00584	0.00132	0.00538	0.00573	0.00492	0.66157
40	0.02554	0.01932	0.02064	0.01630	0.02174	0.02156	0.01331	0.53547	0.17708	0.04243	0.02011	0.01957	0.01452	0.00898	0.00730	0.00224	0.00751	0.00691	0.00730	0.01217
41	0.79588	0.01406	0.01068	0.00956	0.01406	0.01631	0.00787	0.02137	0.01237	0.03261	0.01012	0.01181	0.00787	0.00675	0.00450	0.00225	0.00562	0.00394	0.00450	0.00787
42	0.02763	0.02036	0.02182	0.01672	0.02254	0.02254	0.01382	0.67496	0.03418	0.04581	0.01745	0.01745	0.01236	0.00873	0.00727	0.00218	0.00800	0.00654	0.00727	0.01236
43	0.07610	0.01251	0.01588	0.01252	0.01749	0.01162	0.01023	0.09452	0.02157	0.49390	0.12858	0.02775	0.02456	0.00973	0.00733	0.00225	0.00591	0.00792	0.00839	0.01125
44	0.01569	0.01350	0.01495	0.01365	0.01678	0.01548	0.01059	0.03004	0.46084	0.02742	0.09483	0.08224	0.08648	0.01222	0.00914	0.00254	0.06669	0.01002	0.00699	0.00991
45	0.08591	0.01249	0.01644	0.01270	0.01824	0.01108	0.01049	0.03444	0.02022	0.65733	0.02738	0.02384	0.01729	0.00884	0.00711	0.00225	0.00615	0.00707	0.00868	0.01206
46	0.01802	0.02869	0.32331	0.02172	0.10642	0.15389	0.02016	0.06193	0.01707	0.02273	0.01358	0.01673	0.01069	0.01091	0.05764	0.00290	0.06721	0.00573	0.03086	0.00983
47	0.01153	0.00758	0.00989	0.00950	0.01130	0.00693	0.00705	0.01447	0.01927	0.07405	0.50910	0.17178	0.08781	0.01597	0.00861	0.00241	0.00377	0.01413	0.00780	0.00705
48	0.01342	0.00972	0.01428	0.10180	0.01762	0.01121	0.02821	0.01465	0.05832	0.01631	0.01583	0.02640	0.01521	0.08149	0.05070	0.36864	0.10955	0.03723	0.00378	0.00562
49	0.04425	0.00725	0.00904	0.00986	0.01089	0.00692	0.00684	0.01230	0.01458	0.04828	0.09891	0.46064	0.07444	0.11566	0.01258	0.00337	0.00475	0.04670	0.00655	0.00620
50	0.02237	0.01766	0.11282	0.01839	0.04441	0.01442	0.14121	0.10097	0.05860	0.25894	0.07098	0.04809	0.03837	0.00923	0.00769	0.00233	0.00789	0.00831	0.00652	0.01081
51	0.09342	0.02074	0.02020	0.12579	0.11097	0.22387	0.01491	0.12629	0.01899	0.02440	0.01358	0.01725	0.01109	0.01339	0.09289	0.00333	0.04967	0.00587	0.00427	0.00909

[dist]
# distance from previous block
# <min> <max>
0	4

[block]
# block no. 4 follows, 28 sequences, length 26
# corresponding to MSA columns:
# 383-408
name=unknown_E
#
# <colnr> <probs for GDERKNQSTAVLIFYWHMCP>
#	G	D	E	R	K	N	Q	S	T	A	V	L	I	F	Y	W	H	M	C	P
0	0.04128	0.01998	0.14324	0.17386	0.05769	0.04376	0.14899	0.09909	0.01830	0.05564	0.01874	0.02345	0.04805	0.00826	0.00747	0.00232	0.00938	0.03536	0.00449	0.04064
1	0.01716	0.12662	0.28982	0.01562	0.02231	0.01635	0.01674	0.08076	0.06788	0.08563	0.05294	0.10197	0.05551	0.01013	0.00712	0.00227	0.00785	0.00825	0.00514	0.00993
2	0.00886	0.00633	0.00843	0.01012	0.01054	0.00590	0.00675	0.01012	0.01392	0.01856	0.04006	0.73979	0.04808	0.02277	0.00928	0.00295	0.00422	0.02066	0.00675	0.00590
3	0.01622	0.02826	0.39953	0.06680	0.03102	0.04869	0.15144	0.02292	0.01666	0.05999	0.07445	0.02030	0.01533	0.00762	0.00741	0.00231	0.01019	0.00684	0.00399	0.01002
4	0.01577	0.01824	0.11673	0.28187	0.16181	0.01740	0.06871	0.02338	0.12320	0.02233	0.01564	0.01957	0.01207	0.00782	0.00858	0.00242	0.06394	0.00675	0.00398	0.00976
5	0.01328	0.00824	0.01049	0.01004	0.01205	0.00771	0.00740	0.01674	0.05427	0.11661	0.33324	0.22147	0.09268	0.04994	0.00984	0.00269	0.00431	0.01400	0.00754	0.00746
6	0.01526	0.01518	0.02732	0.25839	0.11396	0.01655	0.20992	0.02067	0.04713	0.02222	0.09211	0.02331	0.01761	0.00836	0.00940	0.00246	0.07909	0.00792	0.00414	0.00900
7	0.01723	0.04623	0.05958	0.13403	0.34948	0.04863	0.10332	0.04067	0.01708	0.02314	0.04196	0.02260	0.01479	0.00772	0.00745	0.00227	0.00919	0.04056	0.00396	0.01012
8	0.01191	0.01025	0.01628	0.27203	0.07063	0.01120	0.03915	0.01509	0.01478	0.01949	0.05287	0.24457	0.05888	0.05241	0.03131	0.00314	0.00752	0.05625	0.00499	0.00725
9	0.01023	0.00694	0.00814	0.00842	0.00861	0.00682	0.00501	0.01069	0.01185	0.01591	0.06961	0.17920	0.03325	0.56059	0.02991	0.00596	0.00628	0.01265	0.00508	0.00485
10	0.01916	0.34682	0.02849	0.01565	0.01916	0.14581	0.01367	0.02119	0.01445	0.01734	0.01062	0.01419	0.00987	0.01111	0.04893	0.00267	0.24398	0.00504	0.00329	0.00857
11	0.52202	0.01447	0.01664	0.15559	0.02384	0.01680	0.07497	0.02078	0.01320	0.02809	0.01109	0.01430	0.00863	0.00712	0.00649	0.00235	0.04639	0.00502	0.00409	0.00810
12	0.03239	0.01273	0.01709	0.01311	0.01874	0.01122	0.01083	0.06444	0.02141	0.67435	0.02817	0.02441	0.01774	0.00898	0.00731	0.00225	0.00627	0.00728	0.00892	0.01237
13	0.01604	0.02140	0.16100	0.01571	0.01972	0.18991	0.03973	0.05343	0.01712	0.02094	0.02483	0.33525	0.02667	0.01413	0.00795	0.00248	0.00837	0.01215	0.00511	0.00806
14	0.00993	0.00742	0.00922	0.00877	0.01064	0.00671	0.00658	0.01302	0.01973	0.02714	0.56415	0.05760	0.20105	0.01561	0.00858	0.00232	0.00348	0.01361	0.00774	0.00671
15	0.02048	0.65224	0.03572	0.01329	0.01917	0.12169	0.01266	0.02275	0.01556	0.01720	0.01026	0.01186	0.00933	0.00639	0.00492	0.00160	0.00850	0.00399	0.00320	0.00921
16	0.65019	0.01796	0.01256	0.01130	0.01565	0.14879	0.00904	0.02282	0.01393	0.02980	0.01033	0.01205	0.00815	0.00689	0.00489	0.00218	0.00704	0.00408	0.00436	0.00798
17	0.01373	0.01292	0.02180	0.72707	0.05006	0.01615	0.02019	0.01857	0.01453	0.01857	0.01292	0.01938	0.00969	0.00727	0.00727	0.00242	0.00969	0.00646	0.00323	0.00807
18	0.01403	0.01191	0.01530	0.19841	0.02405	0.01344	0.01202	0.02416	0.26701	0.02655	0.24868	0.03557	0.05660	0.01113	0.00779	0.00239	0.00594	0.00964	0.00649	0.00888
19	0.00891	0.00738	0.00780	0.00770	0.01001	0.00627	0.00577	0.01104	0.01731	0.02141	0.18935	0.06704	0.57943	0.01775	0.00859	0.00242	0.00363	0.01493	0.00698	0.00627
20	0.01847	0.01675	0.02730	0.04363	0.15971	0.01710	0.21903	0.17126	0.07029	0.02790	0.01918	0.09070	0.01681	0.05643	0.00979	0.00268	0.00890	0.00891	0.00510	0.01009
21	0.01927	0.01004	0.01300	0.01109	0.01447	0.00935	0.00872	0.02412	0.08492	0.27812	0.38531	0.04078	0.04546	0.01222	0.00799	0.00229	0.00467	0.01052	0.00831	0.00934
22	0.01739	0.08325	0.31197	0.01688	0.02371	0.08177	0.01794	0.10598	0.08856	0.02632	0.09960	0.04379	0.02006	0.00916	0.00713	0.00224	0.00869	0.02063	0.00490	0.01000
23	0.01077	0.00868	0.00906	0.00868	0.01142	0.00799	0.00659	0.01535	0.11071	0.04329	0.09902	0.06170	0.54708	0.01673	0.00838	0.00244	0.00404	0.01397	0.00698	0.00712
24	0.02257	0.01337	0.01621	0.04128	0.01862	0.01367	0.01089	0.19950	0.08531	0.23598	0.17670	0.03229	0.02916	0.03911	0.00883	0.00249	0.00619	0.02978	0.00768	0.01037
25	0.02610	0.01899	0.02058	0.01596	0.02163	0.02067	0.01309	0.53457	0.10109	0.07627	0.01902	0.01869	0.01359	0.00865	0.00717	0.00215	0.00751	0.00662	0.00719	0.06047

[dist]
# distance from previous block
# <min> <max>
0	10

# created by:
# /home/berkeley/.conda/envs/busco_data_prod/bin/msa2prfl.pl pipeline/OGs_align_augustus/4893/40348.fs
