[name]
unknown

[dist]
# distance from previous block
# <min> <max>
0	9

[block]
# block no. 0 follows, 34 sequences, length 10
# corresponding to MSA columns:
# 9-18
name=unknown_A
#
# <colnr> <probs for GDERKNQSTAVLIFYWHMCP>
#	G	D	E	R	K	N	Q	S	T	A	V	L	I	F	Y	W	H	M	C	P
0	0.10177	0.08591	0.02996	0.00958	0.01191	0.01011	0.00762	0.03845	0.01282	0.01894	0.06123	0.18503	0.04806	0.12816	0.13236	0.00405	0.00719	0.03998	0.00457	0.06231
1	0.06694	0.16827	0.14374	0.01452	0.04495	0.11645	0.03066	0.10426	0.06214	0.02140	0.01477	0.07701	0.01329	0.06124	0.00769	0.00217	0.00757	0.00616	0.00402	0.03276
2	0.16855	0.19898	0.26374	0.01341	0.01943	0.05378	0.01428	0.05637	0.01430	0.05926	0.01329	0.07359	0.01134	0.00732	0.00546	0.00190	0.00736	0.00543	0.00375	0.00847
3	0.01730	0.09272	0.10065	0.01547	0.02036	0.01526	0.13535	0.09731	0.07925	0.12884	0.04255	0.02164	0.07426	0.00822	0.00801	0.00204	0.08547	0.00677	0.00484	0.04367
4	0.01722	0.54789	0.10595	0.01302	0.01869	0.07445	0.04392	0.05009	0.01460	0.01758	0.03740	0.01280	0.01049	0.00606	0.00487	0.00156	0.00757	0.00425	0.00315	0.00842
5	0.06971	0.01039	0.01196	0.00927	0.01385	0.00840	0.00726	0.01524	0.01367	0.02168	0.09413	0.09696	0.01864	0.00745	0.00541	0.00133	0.00450	0.00622	0.00444	0.57950
6	0.01122	0.00561	0.00842	0.00842	0.00842	0.00561	0.00561	0.00842	0.00842	0.01122	0.01122	0.01964	0.01122	0.02245	0.02525	0.81201	0.00561	0.00561	0.00281	0.00281
7	0.20075	0.01597	0.01722	0.21138	0.13042	0.15637	0.01327	0.02189	0.01473	0.14056	0.01307	0.01523	0.00967	0.00655	0.00578	0.00196	0.00772	0.00505	0.00412	0.00829
8	0.05932	0.08978	0.01785	0.11679	0.02076	0.01632	0.01137	0.23401	0.16990	0.08203	0.05085	0.04595	0.01586	0.00811	0.00620	0.00197	0.00626	0.00649	0.00554	0.03463
9	0.24444	0.09233	0.04245	0.03662	0.03958	0.09687	0.01066	0.11829	0.08620	0.04191	0.03349	0.05323	0.01294	0.00765	0.00597	0.00194	0.02948	0.00559	0.00454	0.03583

[dist]
# distance from previous block
# <min> <max>
37	79

[block]
# block no. 1 follows, 34 sequences, length 12
# corresponding to MSA columns:
# 136-147
name=unknown_B
#
# <colnr> <probs for GDERKNQSTAVLIFYWHMCP>
#	G	D	E	R	K	N	Q	S	T	A	V	L	I	F	Y	W	H	M	C	P
0	0.04998	0.04233	0.04254	0.03836	0.04165	0.04605	0.05741	0.04073	0.03262	0.06245	0.04758	0.32142	0.02756	0.01326	0.00722	0.00229	0.00584	0.07885	0.00522	0.03662
1	0.09831	0.05141	0.31854	0.04587	0.04603	0.07654	0.01629	0.09358	0.05643	0.02338	0.03871	0.01530	0.01118	0.00661	0.00584	0.00189	0.00790	0.00504	0.00380	0.07733
2	0.04418	0.11812	0.15867	0.05886	0.02451	0.01690	0.21118	0.04195	0.04279	0.02015	0.03807	0.01844	0.04630	0.00756	0.00869	0.00213	0.12332	0.00635	0.00354	0.00831
3	0.04911	0.08170	0.01956	0.03240	0.01942	0.08034	0.03672	0.39847	0.05265	0.08422	0.06820	0.01794	0.01473	0.00776	0.00626	0.00191	0.00708	0.00601	0.00576	0.00975
4	0.07132	0.00974	0.03638	0.03665	0.01323	0.00896	0.00789	0.08026	0.03757	0.06976	0.21611	0.07053	0.27106	0.01268	0.00711	0.00213	0.00443	0.03114	0.00609	0.00697
5	0.01117	0.00574	0.00856	0.00866	0.00877	0.00574	0.00595	0.00877	0.00887	0.01180	0.01285	0.02341	0.01306	0.02212	0.02410	0.75474	0.00564	0.05400	0.00303	0.00303
6	0.40532	0.12646	0.09980	0.01220	0.01699	0.07913	0.05976	0.01997	0.03848	0.02381	0.03903	0.03137	0.01105	0.00668	0.00502	0.00192	0.00669	0.00480	0.00383	0.00768
7	0.04440	0.31615	0.16083	0.06441	0.02100	0.07356	0.03358	0.03850	0.03221	0.07625	0.04491	0.01501	0.01173	0.00647	0.00540	0.00172	0.00753	0.00483	0.00371	0.03781
8	0.08661	0.01629	0.07142	0.01266	0.01775	0.05695	0.01084	0.16622	0.18349	0.08285	0.01660	0.01669	0.01235	0.00690	0.00578	0.00175	0.00619	0.00533	0.00524	0.21809
9	0.12967	0.05016	0.01555	0.12612	0.01986	0.06582	0.04228	0.05489	0.12129	0.04865	0.05631	0.13613	0.01932	0.00946	0.00631	0.00206	0.00625	0.02463	0.00486	0.06040
10	0.13543	0.12388	0.04339	0.01203	0.01609	0.07551	0.03554	0.05965	0.07812	0.05692	0.05393	0.03928	0.05927	0.02849	0.00737	0.00197	0.05423	0.00615	0.00450	0.10826
11	0.12252	0.11721	0.06348	0.09592	0.10011	0.03041	0.04065	0.04148	0.11328	0.09122	0.04437	0.02056	0.06387	0.00756	0.00595	0.00195	0.00654	0.00616	0.00457	0.02220

[dist]
# distance from previous block
# <min> <max>
20	64

[block]
# block no. 2 follows, 34 sequences, length 55
# corresponding to MSA columns:
# 214-268
name=unknown_C
#
# <colnr> <probs for GDERKNQSTAVLIFYWHMCP>
#	G	D	E	R	K	N	Q	S	T	A	V	L	I	F	Y	W	H	M	C	P
0	0.03443	0.07299	0.21002	0.01703	0.02282	0.04048	0.15463	0.07519	0.10217	0.04365	0.01601	0.04952	0.02586	0.00752	0.00728	0.00203	0.05345	0.00641	0.00409	0.05440
1	0.14986	0.06883	0.12362	0.04376	0.01873	0.05458	0.03365	0.09935	0.03632	0.02272	0.04438	0.05344	0.01354	0.01161	0.07240	0.00277	0.09621	0.00598	0.00403	0.04420
2	0.04210	0.10379	0.19946	0.01403	0.01937	0.09531	0.01372	0.10786	0.05909	0.14256	0.01880	0.05181	0.05367	0.00825	0.00681	0.00199	0.04136	0.00625	0.00475	0.00903
3	0.04833	0.05978	0.08696	0.03100	0.04215	0.08040	0.02982	0.06903	0.15697	0.12325	0.05214	0.08355	0.01788	0.03164	0.02300	0.00236	0.04061	0.00723	0.00516	0.00870
4	0.04964	0.10859	0.14946	0.01785	0.09410	0.20509	0.04468	0.14540	0.03822	0.02273	0.01514	0.01648	0.05088	0.00708	0.00600	0.00186	0.00856	0.00541	0.00398	0.00886
5	0.01586	0.09092	0.38765	0.01550	0.02242	0.06994	0.03623	0.02169	0.05246	0.09634	0.04311	0.01726	0.01252	0.03620	0.00706	0.00206	0.00818	0.00542	0.00385	0.05534
6	0.01676	0.49269	0.17417	0.01284	0.01877	0.04388	0.01344	0.05957	0.01448	0.03610	0.01194	0.05711	0.01069	0.00676	0.00504	0.00165	0.00738	0.00485	0.00331	0.00857
7	0.00853	0.00609	0.00807	0.00880	0.00949	0.00604	0.00611	0.00968	0.01178	0.01578	0.04870	0.39861	0.10106	0.10739	0.17483	0.04826	0.00705	0.01356	0.00507	0.00513
8	0.06485	0.07920	0.14459	0.03730	0.06289	0.11989	0.06862	0.12991	0.01702	0.08348	0.01520	0.07109	0.01284	0.04001	0.02326	0.00232	0.00822	0.00636	0.00431	0.00864
9	0.01863	0.28989	0.15938	0.01432	0.01988	0.12721	0.03179	0.11421	0.03950	0.06113	0.03982	0.01469	0.01151	0.00678	0.00592	0.00176	0.02585	0.00490	0.00394	0.00888
10	0.01122	0.00561	0.00842	0.00842	0.00842	0.00561	0.00561	0.00842	0.00842	0.01122	0.01122	0.01964	0.01122	0.02245	0.02525	0.81201	0.00561	0.00561	0.00281	0.00281
11	0.01381	0.00886	0.01041	0.00965	0.01215	0.00866	0.00742	0.08261	0.08805	0.12750	0.11733	0.19456	0.19468	0.01362	0.00728	0.00221	0.00433	0.04179	0.04772	0.00736
12	0.01756	0.09705	0.19516	0.02145	0.18057	0.15969	0.04326	0.09012	0.05461	0.02162	0.03434	0.01542	0.01127	0.00670	0.00642	0.00190	0.02470	0.00533	0.00369	0.00916
13	0.02053	0.04617	0.11766	0.01939	0.13141	0.17097	0.03282	0.25951	0.04285	0.05243	0.03521	0.01589	0.01177	0.00707	0.00627	0.00189	0.00833	0.00554	0.00467	0.00962
14	0.00977	0.00763	0.00913	0.04173	0.01167	0.00738	0.00668	0.03950	0.06082	0.02247	0.35185	0.09587	0.25948	0.03717	0.00828	0.00226	0.00380	0.01190	0.00635	0.00627
15	0.01252	0.01181	0.01996	0.69667	0.10272	0.01444	0.01810	0.01679	0.01307	0.01690	0.01154	0.01712	0.00875	0.00640	0.00645	0.00213	0.00853	0.00574	0.00290	0.00744
16	0.04110	0.03842	0.04813	0.06918	0.59888	0.03359	0.01884	0.03775	0.01493	0.02133	0.01195	0.01552	0.00991	0.00588	0.00624	0.00192	0.00776	0.00555	0.00327	0.00987
17	0.01768	0.05918	0.01637	0.01376	0.03382	0.08350	0.01058	0.11767	0.42530	0.04763	0.04088	0.06812	0.01906	0.00899	0.00648	0.00207	0.00601	0.00735	0.00598	0.00957
18	0.00925	0.00685	0.01003	0.01003	0.01106	0.00789	0.00764	0.01131	0.01028	0.01474	0.01763	0.02716	0.01693	0.12479	0.67205	0.00995	0.01614	0.00718	0.00351	0.00557
19	0.01848	0.04361	0.01961	0.11797	0.14509	0.33305	0.01403	0.04018	0.01575	0.01771	0.03540	0.01593	0.01120	0.02664	0.03491	0.00233	0.09160	0.00531	0.00341	0.00781
20	0.01320	0.01127	0.01319	0.00955	0.01510	0.00849	0.00760	0.01601	0.01336	0.02089	0.01235	0.04046	0.01076	0.00534	0.00491	0.00102	0.00475	0.00435	0.00391	0.78350
21	0.00870	0.00642	0.00889	0.00986	0.01062	0.00611	0.02662	0.02910	0.01311	0.01746	0.03432	0.68323	0.04057	0.01932	0.00822	0.00261	0.00418	0.05917	0.00593	0.00555
22	0.15536	0.08254	0.01822	0.01365	0.03739	0.03300	0.03066	0.31753	0.05740	0.11891	0.03771	0.04076	0.01358	0.00777	0.00597	0.00195	0.00643	0.00598	0.00567	0.00955
23	0.01737	0.03427	0.05807	0.05566	0.04981	0.01143	0.01078	0.08198	0.05688	0.18374	0.02003	0.04298	0.04526	0.01105	0.06476	0.00245	0.00679	0.02721	0.00518	0.21429
24	0.01826	0.66935	0.03162	0.01186	0.01707	0.12949	0.01126	0.02028	0.01388	0.01529	0.00913	0.01055	0.00830	0.00569	0.00439	0.00142	0.00759	0.00356	0.00285	0.00818
25	0.00914	0.00823	0.00787	0.00781	0.00991	0.04873	0.00580	0.01167	0.05108	0.01831	0.10080	0.12520	0.54137	0.01559	0.00754	0.00219	0.00388	0.01310	0.00595	0.00584
26	0.00850	0.00658	0.00775	0.00745	0.00926	0.00582	0.00559	0.01095	0.01677	0.02231	0.44625	0.05420	0.34618	0.01455	0.00763	0.00210	0.00314	0.01252	0.00664	0.00582
27	0.01376	0.01184	0.05204	0.01172	0.01490	0.01128	0.03610	0.12320	0.17515	0.04426	0.25510	0.10905	0.07525	0.01160	0.00720	0.00215	0.00499	0.02604	0.00633	0.00804
28	0.00827	0.00657	0.00742	0.00721	0.00911	0.00572	0.00540	0.01049	0.01621	0.02098	0.34209	0.05638	0.45116	0.01505	0.00763	0.00212	0.00318	0.01282	0.00646	0.00572
29	0.01296	0.03342	0.73944	0.01842	0.02797	0.01501	0.02387	0.02046	0.01364	0.02046	0.01160	0.01364	0.00818	0.00614	0.00614	0.00205	0.00955	0.00477	0.00273	0.00955
30	0.01339	0.03053	0.61540	0.02039	0.05267	0.01521	0.12133	0.02047	0.01391	0.02052	0.01182	0.01426	0.00848	0.00603	0.00636	0.00206	0.00968	0.00521	0.00282	0.00945
31	0.00777	0.00639	0.00686	0.00721	0.00900	0.00547	0.00530	0.00934	0.01425	0.01732	0.05842	0.20636	0.56881	0.01720	0.00780	0.00230	0.00345	0.03533	0.00600	0.00543
32	0.01455	0.01171	0.01368	0.00994	0.01550	0.00923	0.00796	0.05675	0.01456	0.05125	0.01283	0.03095	0.01066	0.00544	0.00503	0.00109	0.00492	0.00438	0.00420	0.71537
33	0.01408	0.11847	0.62999	0.01730	0.02621	0.01601	0.02184	0.02076	0.01377	0.04746	0.01183	0.01358	0.00850	0.00614	0.00592	0.00197	0.00909	0.00469	0.00294	0.00946
34	0.01255	0.01184	0.02000	0.69201	0.10719	0.01445	0.01812	0.01681	0.01308	0.01693	0.01155	0.01711	0.00876	0.00640	0.00645	0.00213	0.00853	0.00574	0.00290	0.00746
35	0.01296	0.03342	0.73944	0.01842	0.02797	0.01501	0.02387	0.02046	0.01364	0.02046	0.01160	0.01364	0.00818	0.00614	0.00614	0.00205	0.00955	0.00477	0.00273	0.00955
36	0.81856	0.01250	0.00950	0.00850	0.01250	0.01449	0.00700	0.01899	0.01100	0.02899	0.00900	0.01050	0.00700	0.00600	0.00400	0.00200	0.00500	0.00350	0.00400	0.00700
37	0.00816	0.00600	0.00771	0.00888	0.00970	0.00555	0.00629	0.00965	0.01329	0.01743	0.07723	0.55508	0.14478	0.01905	0.00819	0.00256	0.00386	0.08513	0.00605	0.00540
38	0.00798	0.00571	0.00760	0.00892	0.00940	0.00532	0.00601	0.00928	0.01289	0.01732	0.09624	0.70573	0.04433	0.01963	0.00819	0.00257	0.00369	0.01778	0.00610	0.00532
39	0.00940	0.00626	0.00705	0.00705	0.00705	0.00626	0.00392	0.00940	0.00940	0.01253	0.02036	0.04228	0.02349	0.77292	0.03289	0.00626	0.00626	0.00940	0.00392	0.00392
40	0.01599	0.01535	0.02623	0.03966	0.73262	0.01535	0.01983	0.01983	0.01471	0.02111	0.01215	0.01599	0.01023	0.00576	0.00640	0.00192	0.00768	0.00576	0.00320	0.01023
41	0.01414	0.01414	0.01979	0.01696	0.01696	0.01979	0.01414	0.01555	0.00990	0.01555	0.00848	0.01414	0.00848	0.01131	0.02120	0.00283	0.76110	0.00565	0.00283	0.00707
42	0.01700	0.01242	0.01358	0.01199	0.01566	0.01358	0.00939	0.03048	0.51238	0.13980	0.03148	0.02893	0.11539	0.00967	0.00671	0.00216	0.00493	0.00803	0.00673	0.00970
43	0.02414	0.03079	0.01831	0.01665	0.01998	0.74698	0.01248	0.02580	0.01831	0.01581	0.00999	0.01165	0.00832	0.00666	0.00583	0.00166	0.01165	0.00416	0.00333	0.00749
44	0.00923	0.00692	0.01038	0.01038	0.01154	0.00808	0.00808	0.01154	0.01038	0.01500	0.01731	0.02538	0.01615	0.04846	0.74732	0.01038	0.01731	0.00692	0.00346	0.00577
45	0.01210	0.01045	0.01288	0.05652	0.07950	0.06267	0.03067	0.08804	0.01532	0.01988	0.04549	0.45275	0.05780	0.01502	0.00755	0.00234	0.00551	0.01343	0.00536	0.00673
46	0.00887	0.00648	0.00833	0.00810	0.00954	0.00594	0.00599	0.01157	0.01729	0.02408	0.59131	0.13609	0.11365	0.01431	0.00770	0.00212	0.00315	0.01265	0.00689	0.00594
47	0.01554	0.01440	0.02269	0.13097	0.48110	0.01518	0.01739	0.04359	0.12563	0.02220	0.03754	0.01846	0.01316	0.00663	0.00647	0.00200	0.00723	0.00619	0.00391	0.00971
48	0.01386	0.01399	0.01742	0.04560	0.01705	0.08574	0.01269	0.01549	0.01110	0.01564	0.01230	0.08682	0.01257	0.01566	0.09885	0.00351	0.50479	0.00686	0.00325	0.00680
49	0.01114	0.00713	0.00921	0.00981	0.01102	0.00684	0.00701	0.06316	0.01439	0.08322	0.03314	0.60842	0.03769	0.01809	0.00799	0.00254	0.00427	0.05249	0.00621	0.00623
50	0.01186	0.00975	0.01109	0.00992	0.01238	0.04801	0.03558	0.05520	0.08181	0.04502	0.32265	0.07530	0.23046	0.01283	0.00736	0.00209	0.00442	0.01104	0.00634	0.00687
51	0.01621	0.19837	0.14047	0.04305	0.04138	0.01446	0.01217	0.04315	0.03087	0.12271	0.08627	0.02069	0.05670	0.00742	0.00576	0.00171	0.00628	0.00589	0.00452	0.14194
52	0.00889	0.00665	0.00839	0.00951	0.01036	0.00656	0.00663	0.01202	0.09152	0.01782	0.03541	0.63417	0.06062	0.01874	0.00807	0.00258	0.00398	0.04618	0.00606	0.00584
53	0.06050	0.01200	0.01355	0.00995	0.01547	0.00989	0.00798	0.05463	0.04496	0.02283	0.01220	0.01381	0.00994	0.00519	0.00491	0.00112	0.00494	0.00407	0.00410	0.68797
54	0.10020	0.11921	0.01971	0.01488	0.01857	0.40308	0.01188	0.13596	0.01821	0.02109	0.01054	0.01222	0.00864	0.00703	0.00686	0.00181	0.07383	0.00441	0.00380	0.00808

[dist]
# distance from previous block
# <min> <max>
2	12

[block]
# block no. 3 follows, 34 sequences, length 35
# corresponding to MSA columns:
# 281-315
name=unknown_D
#
# <colnr> <probs for GDERKNQSTAVLIFYWHMCP>
#	G	D	E	R	K	N	Q	S	T	A	V	L	I	F	Y	W	H	M	C	P
0	0.04187	0.01476	0.02041	0.43142	0.13442	0.09485	0.05089	0.05176	0.03936	0.01930	0.01276	0.01795	0.01012	0.00678	0.00643	0.00208	0.00854	0.02492	0.00341	0.00797
1	0.01979	0.01565	0.01585	0.01324	0.01732	0.05976	0.01056	0.30199	0.30404	0.05507	0.02198	0.02119	0.03994	0.00839	0.00637	0.00200	0.00610	0.00662	0.06419	0.00993
2	0.00914	0.00660	0.00864	0.00813	0.00965	0.00610	0.00610	0.01219	0.01829	0.02591	0.72921	0.04827	0.06097	0.01321	0.00762	0.00203	0.00305	0.01169	0.00711	0.00610
3	0.00832	0.00657	0.00750	0.00727	0.00915	0.00575	0.00545	0.01060	0.01635	0.02130	0.36750	0.05585	0.42555	0.01493	0.00763	0.00211	0.00317	0.01275	0.00651	0.00575
4	0.01220	0.01148	0.01938	0.75739	0.04450	0.01436	0.01794	0.01651	0.01292	0.01651	0.01148	0.01723	0.00861	0.00646	0.00646	0.00215	0.00861	0.00574	0.00287	0.00718
5	0.01220	0.01148	0.01938	0.75739	0.04450	0.01436	0.01794	0.01651	0.01292	0.01651	0.01148	0.01723	0.00861	0.00646	0.00646	0.00215	0.00861	0.00574	0.00287	0.00718
6	0.00923	0.00692	0.01038	0.01038	0.01154	0.00808	0.00808	0.01154	0.01038	0.01500	0.01731	0.02538	0.01615	0.04846	0.74732	0.01038	0.01731	0.00692	0.00346	0.00577
7	0.02456	0.01810	0.01939	0.01487	0.02004	0.02004	0.01228	0.71107	0.03038	0.04072	0.01551	0.01551	0.01099	0.00776	0.00646	0.00194	0.00711	0.00582	0.00646	0.01099
8	0.01727	0.77681	0.03386	0.01106	0.01658	0.02557	0.01106	0.01935	0.01313	0.01520	0.00898	0.01036	0.00829	0.00553	0.00415	0.00138	0.00691	0.00345	0.00276	0.00829
9	0.00940	0.00626	0.00705	0.00705	0.00705	0.00626	0.00392	0.00940	0.00940	0.01253	0.02036	0.04228	0.02349	0.77292	0.03289	0.00626	0.00626	0.00940	0.00392	0.00392
10	0.01252	0.11860	0.01322	0.00961	0.01195	0.06341	0.00753	0.03853	0.01649	0.05629	0.31868	0.18364	0.09931	0.01287	0.00703	0.00204	0.00465	0.01101	0.00592	0.00670
11	0.01122	0.00561	0.00842	0.00842	0.00842	0.00561	0.00561	0.00842	0.00842	0.01122	0.01122	0.01964	0.01122	0.02245	0.02525	0.81201	0.00561	0.00561	0.00281	0.00281
12	0.00786	0.00566	0.00746	0.00891	0.00935	0.00526	0.00596	0.00901	0.01246	0.01653	0.03672	0.74255	0.06818	0.02010	0.00822	0.00261	0.00373	0.01819	0.00600	0.00526
13	0.01496	0.01675	0.03582	0.10257	0.05730	0.01610	0.61609	0.02024	0.01499	0.02028	0.01288	0.01736	0.00970	0.00556	0.00747	0.00217	0.01056	0.00737	0.00323	0.00861
14	0.01356	0.13659	0.64152	0.01739	0.02639	0.01647	0.02209	0.02031	0.01357	0.01973	0.01123	0.01319	0.00820	0.00605	0.00586	0.00195	0.00918	0.00459	0.00273	0.00937
15	0.00905	0.00690	0.00835	0.00793	0.00972	0.00635	0.00596	0.01238	0.04718	0.02377	0.52739	0.05085	0.23258	0.01384	0.00758	0.00208	0.00319	0.01200	0.00680	0.00611
16	0.00787	0.00562	0.00750	0.00900	0.00937	0.00525	0.00600	0.00900	0.01237	0.01649	0.03561	0.76871	0.04274	0.02024	0.00825	0.00262	0.00375	0.01837	0.00600	0.00525
17	0.00784	0.00577	0.00735	0.00862	0.00927	0.00528	0.00583	0.00904	0.01273	0.01664	0.04021	0.65993	0.14855	0.01965	0.00815	0.00256	0.00368	0.01764	0.00600	0.00528
18	0.01526	0.01470	0.02536	0.17378	0.57934	0.01520	0.04342	0.01924	0.01440	0.02023	0.01206	0.01627	0.00992	0.00588	0.00645	0.00197	0.00796	0.00582	0.00314	0.00961
19	0.01328	0.01258	0.02116	0.49097	0.27105	0.01435	0.01807	0.01733	0.01358	0.01807	0.01377	0.01854	0.03672	0.00661	0.00648	0.00208	0.00810	0.00605	0.00310	0.00812
20	0.00923	0.00692	0.01038	0.01038	0.01154	0.00808	0.00808	0.01154	0.01038	0.01500	0.01731	0.02538	0.01615	0.04846	0.74732	0.01038	0.01731	0.00692	0.00346	0.00577
21	0.01340	0.01148	0.01340	0.00957	0.01531	0.00861	0.00766	0.01627	0.01340	0.02105	0.01148	0.01340	0.00957	0.00479	0.00479	0.00096	0.00479	0.00383	0.00383	0.81242
22	0.00940	0.00626	0.00705	0.00705	0.00705	0.00626	0.00392	0.00940	0.00940	0.01253	0.02036	0.04228	0.02349	0.77292	0.03289	0.00626	0.00626	0.00940	0.00392	0.00392
23	0.01220	0.01148	0.01938	0.75739	0.04450	0.01436	0.01794	0.01651	0.01292	0.01651	0.01148	0.01723	0.00861	0.00646	0.00646	0.00215	0.00861	0.00574	0.00287	0.00718
24	0.00985	0.00712	0.00968	0.01107	0.01230	0.00708	0.00909	0.01279	0.03829	0.01875	0.03436	0.27913	0.03825	0.01825	0.00864	0.00284	0.00526	0.46537	0.00599	0.00589
25	0.00787	0.00655	0.00687	0.00679	0.00887	0.00556	0.00510	0.00973	0.01529	0.01879	0.16997	0.05999	0.62465	0.01587	0.00763	0.00216	0.00324	0.01333	0.00618	0.00556
26	0.01353	0.01160	0.01346	0.00975	0.01539	0.00898	0.00778	0.01715	0.04796	0.02135	0.01221	0.01392	0.01007	0.00498	0.00487	0.00102	0.00480	0.00400	0.00396	0.77323
27	0.01385	0.18702	0.59366	0.01690	0.02561	0.01719	0.02122	0.02023	0.01354	0.01938	0.01106	0.01296	0.00821	0.00601	0.00573	0.00191	0.00900	0.00450	0.00274	0.00929
28	0.00787	0.00562	0.00750	0.00900	0.00937	0.00525	0.00600	0.00900	0.01237	0.01649	0.03561	0.76871	0.04274	0.02024	0.00825	0.00262	0.00375	0.01837	0.00600	0.00525
29	0.01340	0.01148	0.01340	0.00957	0.01531	0.00861	0.00766	0.01627	0.01340	0.02105	0.01148	0.01340	0.00957	0.00479	0.00479	0.00096	0.00479	0.00383	0.00383	0.81242
30	0.01340	0.01148	0.01340	0.00957	0.01531	0.00861	0.00766	0.01627	0.01340	0.02105	0.01148	0.01340	0.00957	0.00479	0.00479	0.00096	0.00479	0.00383	0.00383	0.81242
31	0.01599	0.01535	0.02623	0.03966	0.73262	0.01535	0.01983	0.01983	0.01471	0.02111	0.01215	0.01599	0.01023	0.00576	0.00640	0.00192	0.00768	0.00576	0.00320	0.01023
32	0.01489	0.01423	0.02423	0.24863	0.53227	0.01506	0.01928	0.01886	0.01419	0.01977	0.01196	0.01635	0.00976	0.00596	0.00642	0.00199	0.00795	0.00575	0.00310	0.00934
33	0.00779	0.00652	0.00680	0.00698	0.00899	0.00553	0.00525	0.00945	0.01456	0.01747	0.06182	0.11362	0.64760	0.01671	0.00774	0.00225	0.00343	0.04601	0.00600	0.00546
34	0.69371	0.01208	0.01031	0.05311	0.01446	0.01384	0.00773	0.01913	0.01182	0.06269	0.04410	0.01325	0.01009	0.00647	0.00444	0.00201	0.00514	0.00417	0.00427	0.00716

[dist]
# distance from previous block
# <min> <max>
0	2

[block]
# block no. 4 follows, 34 sequences, length 52
# corresponding to MSA columns:
# 318-369
name=unknown_E
#
# <colnr> <probs for GDERKNQSTAVLIFYWHMCP>
#	G	D	E	R	K	N	Q	S	T	A	V	L	I	F	Y	W	H	M	C	P
0	0.02379	0.01854	0.01841	0.01453	0.01939	0.10186	0.01181	0.51296	0.07918	0.08233	0.01621	0.01607	0.01162	0.00762	0.00634	0.00190	0.00729	0.00572	0.00612	0.03832
1	0.01647	0.01704	0.03263	0.02386	0.02937	0.01724	0.50914	0.11853	0.03993	0.02317	0.01334	0.01701	0.01015	0.00654	0.00895	0.00222	0.09458	0.00714	0.00378	0.00890
2	0.05055	0.02793	0.01782	0.01680	0.04799	0.62993	0.01225	0.03954	0.03732	0.01738	0.01260	0.01402	0.03462	0.00703	0.00588	0.00173	0.01068	0.00466	0.00360	0.00766
3	0.02163	0.01402	0.01393	0.01213	0.01553	0.15310	0.00937	0.07281	0.04202	0.32934	0.02450	0.21956	0.02143	0.01103	0.00684	0.00210	0.00633	0.00920	0.00639	0.00875
4	0.01727	0.77681	0.03386	0.01106	0.01658	0.02557	0.01106	0.01935	0.01313	0.01520	0.00898	0.01036	0.00829	0.00553	0.00415	0.00138	0.00691	0.00345	0.00276	0.00829
5	0.01432	0.01292	0.05623	0.07677	0.06588	0.01067	0.11713	0.01795	0.01482	0.08245	0.11281	0.04078	0.01806	0.00702	0.00617	0.00165	0.00626	0.00645	0.00444	0.32722
6	0.01181	0.00937	0.02726	0.00939	0.01196	0.00880	0.00740	0.09416	0.09384	0.04847	0.23803	0.12626	0.26097	0.01357	0.00738	0.00215	0.00413	0.01158	0.00642	0.00705
7	0.00940	0.00626	0.00705	0.00705	0.00705	0.00626	0.00392	0.00940	0.00940	0.01253	0.02036	0.04228	0.02349	0.77292	0.03289	0.00626	0.00626	0.00940	0.00392	0.00392
8	0.00837	0.00598	0.00807	0.00957	0.01017	0.00568	0.00687	0.00986	0.01287	0.01706	0.03534	0.63120	0.04164	0.01977	0.00838	0.00269	0.00418	0.15092	0.00599	0.00539
9	0.01450	0.01763	0.21593	0.01707	0.12209	0.05723	0.03677	0.01850	0.01548	0.10828	0.13729	0.09872	0.09339	0.00985	0.00684	0.00207	0.00671	0.00851	0.00485	0.00828
10	0.01441	0.01384	0.02383	0.33440	0.42480	0.01498	0.04353	0.01849	0.01399	0.01920	0.01191	0.01655	0.00955	0.00604	0.00647	0.00202	0.00818	0.00582	0.00307	0.00892
11	0.01220	0.01148	0.01938	0.75739	0.04450	0.01436	0.01794	0.01651	0.01292	0.01651	0.01148	0.01723	0.00861	0.00646	0.00646	0.00215	0.00861	0.00574	0.00287	0.00718
12	0.01294	0.01237	0.02156	0.47889	0.18907	0.01402	0.07822	0.01700	0.01347	0.01787	0.01369	0.07678	0.01178	0.00732	0.00669	0.00214	0.00822	0.00692	0.00323	0.00782
13	0.01544	0.01601	0.02092	0.12804	0.34799	0.13724	0.03474	0.01852	0.01474	0.01867	0.01860	0.05105	0.09358	0.00810	0.00735	0.00202	0.04807	0.00695	0.00359	0.00839
14	0.72767	0.01314	0.01063	0.00923	0.01336	0.01513	0.00760	0.09822	0.01321	0.03033	0.00974	0.01107	0.00745	0.00620	0.00428	0.00199	0.00524	0.00376	0.00428	0.00745
15	0.00787	0.00562	0.00750	0.00900	0.00937	0.00525	0.00600	0.00900	0.01237	0.01649	0.03561	0.76871	0.04274	0.02024	0.00825	0.00262	0.00375	0.01837	0.00600	0.00525
16	0.01835	0.01417	0.01640	0.03496	0.07687	0.01554	0.01121	0.34377	0.15583	0.03105	0.06092	0.04893	0.04605	0.01101	0.04607	0.00246	0.00667	0.00726	0.04302	0.00946
17	0.05554	0.01230	0.01869	0.63546	0.05604	0.03466	0.01678	0.01806	0.05641	0.01790	0.01223	0.01711	0.00924	0.00657	0.00632	0.00213	0.00827	0.00568	0.00318	0.00743
18	0.00940	0.00626	0.00705	0.00705	0.00705	0.00626	0.00392	0.00940	0.00940	0.01253	0.02036	0.04228	0.02349	0.77292	0.03289	0.00626	0.00626	0.00940	0.00392	0.00392
19	0.00766	0.00644	0.00665	0.00683	0.00880	0.00543	0.00503	0.00924	0.01446	0.01734	0.06204	0.14306	0.65132	0.01681	0.00771	0.00223	0.00333	0.01418	0.00600	0.00543
20	0.02414	0.03079	0.01831	0.01665	0.01998	0.74698	0.01248	0.02580	0.01831	0.01581	0.00999	0.01165	0.00832	0.00666	0.00583	0.00166	0.01165	0.00416	0.00333	0.00749
21	0.00812	0.00600	0.00796	0.00924	0.00966	0.00584	0.00629	0.00927	0.01234	0.01649	0.03544	0.71632	0.06269	0.01976	0.00875	0.00262	0.03430	0.01771	0.00587	0.00533
22	0.00851	0.00640	0.00788	0.00789	0.00936	0.00577	0.00577	0.01083	0.01623	0.02192	0.42477	0.19040	0.22987	0.01537	0.00775	0.00218	0.00324	0.01347	0.00661	0.00577
23	0.01024	0.00768	0.00984	0.01045	0.01209	0.00769	0.00846	0.01464	0.09610	0.02114	0.18808	0.15584	0.08967	0.01601	0.00819	0.00258	0.00473	0.32396	0.00629	0.00634
24	0.01587	0.01538	0.02494	0.06653	0.64632	0.04093	0.01906	0.01961	0.01478	0.02065	0.01307	0.01852	0.01135	0.00638	0.00650	0.00197	0.00778	0.03726	0.00332	0.00982
25	0.01414	0.01414	0.01979	0.01696	0.01696	0.01979	0.01414	0.01555	0.00990	0.01555	0.00848	0.01414	0.00848	0.01131	0.02120	0.00283	0.76110	0.00565	0.00283	0.00707
26	0.01340	0.01148	0.01340	0.00957	0.01531	0.00861	0.00766	0.01627	0.01340	0.02105	0.01148	0.01340	0.00957	0.00479	0.00479	0.00096	0.00479	0.00383	0.00383	0.81242
27	0.00998	0.00773	0.01032	0.01162	0.09248	0.00732	0.00738	0.02731	0.01613	0.02218	0.39905	0.10502	0.14239	0.10023	0.01040	0.00257	0.00413	0.01144	0.00603	0.00627
28	0.00826	0.00587	0.00780	0.00921	0.00969	0.00556	0.00637	0.00952	0.01247	0.01657	0.03450	0.64348	0.04089	0.06719	0.00987	0.00289	0.00416	0.09459	0.00586	0.00524
29	0.01851	0.01628	0.02324	0.10162	0.35184	0.05894	0.06389	0.19123	0.01876	0.05067	0.01357	0.01628	0.01049	0.00648	0.00642	0.00194	0.00788	0.00584	0.02634	0.00976
30	0.01757	0.12036	0.06243	0.02435	0.27706	0.17482	0.07002	0.03493	0.08588	0.01982	0.01402	0.01655	0.02510	0.02189	0.00663	0.00194	0.00841	0.00559	0.00362	0.00902
31	0.01727	0.77681	0.03386	0.01106	0.01658	0.02557	0.01106	0.01935	0.01313	0.01520	0.00898	0.01036	0.00829	0.00553	0.00415	0.00138	0.00691	0.00345	0.00276	0.00829
32	0.01624	0.62533	0.03034	0.01310	0.07533	0.02249	0.01122	0.01857	0.01385	0.01692	0.09169	0.01517	0.01448	0.00643	0.00473	0.00150	0.00653	0.00459	0.00330	0.00820
33	0.00814	0.00587	0.00774	0.00886	0.00939	0.00567	0.00601	0.00934	0.01202	0.01604	0.03383	0.58582	0.07447	0.08585	0.09486	0.00379	0.00548	0.01606	0.00553	0.00521
34	0.00873	0.00630	0.00826	0.00847	0.00963	0.00584	0.00614	0.01112	0.01620	0.02250	0.47212	0.28429	0.06881	0.01568	0.00786	0.00225	0.00335	0.02997	0.00670	0.00580
35	0.01142	0.01105	0.01028	0.01093	0.01187	0.15260	0.00771	0.01266	0.01341	0.01631	0.02911	0.57916	0.03412	0.01709	0.00845	0.00245	0.04540	0.01489	0.00530	0.00579
36	0.01536	0.01344	0.01527	0.01563	0.09807	0.01511	0.01088	0.03059	0.58138	0.02556	0.02794	0.02634	0.07769	0.00905	0.00664	0.00216	0.00525	0.00765	0.00614	0.00983
37	0.00940	0.00626	0.00705	0.00705	0.00705	0.00626	0.00392	0.00940	0.00940	0.01253	0.02036	0.04228	0.02349	0.77292	0.03289	0.00626	0.00626	0.00940	0.00392	0.00392
38	0.00787	0.00562	0.00750	0.00900	0.00937	0.00525	0.00600	0.00900	0.01237	0.01649	0.03561	0.76871	0.04274	0.02024	0.00825	0.00262	0.00375	0.01837	0.00600	0.00525
39	0.01704	0.01436	0.01516	0.01335	0.01717	0.01653	0.01046	0.11180	0.64190	0.02860	0.02506	0.02312	0.01872	0.00865	0.00656	0.00216	0.00534	0.00713	0.00656	0.01031
40	0.00949	0.00653	0.00848	0.00827	0.00957	0.00606	0.00599	0.01194	0.01656	0.04232	0.53527	0.16767	0.05359	0.07741	0.00980	0.00248	0.00350	0.01247	0.00668	0.00590
41	0.01496	0.01558	0.09755	0.08022	0.01990	0.07131	0.01096	0.01837	0.01406	0.05803	0.01211	0.01409	0.00956	0.00542	0.00527	0.00131	0.00629	0.00428	0.00379	0.53693
42	0.01755	0.01522	0.01654	0.01647	0.09917	0.05483	0.01160	0.08841	0.52615	0.04645	0.02290	0.02175	0.01721	0.00821	0.00650	0.00211	0.00593	0.00682	0.00605	0.01017
43	0.01712	0.75013	0.05918	0.01132	0.01699	0.02519	0.01152	0.01939	0.01315	0.01539	0.00908	0.01048	0.00829	0.00555	0.00422	0.00141	0.00700	0.00350	0.00276	0.00834
44	0.00780	0.00592	0.00719	0.00820	0.00916	0.00532	0.00565	0.00909	0.01313	0.01681	0.04527	0.54001	0.26520	0.01899	0.00805	0.00248	0.00359	0.01684	0.00600	0.00532
45	0.07335	0.01778	0.01605	0.01369	0.01749	0.16059	0.01075	0.31795	0.14007	0.02933	0.01861	0.12127	0.01611	0.00934	0.00644	0.00203	0.00706	0.00734	0.00563	0.00910
46	0.13913	0.01823	0.01793	0.01436	0.01904	0.09993	0.03417	0.43899	0.09908	0.03412	0.01501	0.01533	0.01100	0.00741	0.00608	0.00195	0.00722	0.00551	0.00566	0.00986
47	0.01106	0.00572	0.00858	0.00858	0.00868	0.00582	0.00582	0.00868	0.00858	0.01154	0.01173	0.02012	0.01163	0.02461	0.08529	0.74536	0.00658	0.00572	0.00286	0.00305
48	0.01295	0.01225	0.02073	0.61556	0.18048	0.01455	0.01832	0.01717	0.01327	0.01742	0.01162	0.01698	0.00893	0.00632	0.00645	0.00211	0.00843	0.00575	0.00294	0.00778
49	0.01599	0.01535	0.02623	0.03966	0.73262	0.01535	0.01983	0.01983	0.01471	0.02111	0.01215	0.01599	0.01023	0.00576	0.00640	0.00192	0.00768	0.00576	0.00320	0.01023
50	0.01659	0.01941	0.03434	0.04819	0.03187	0.13452	0.57494	0.02139	0.01567	0.01978	0.01252	0.01649	0.00953	0.00567	0.00730	0.00209	0.01095	0.00701	0.00327	0.00847
51	0.03960	0.01198	0.01358	0.01139	0.01518	0.07094	0.00902	0.02653	0.10823	0.41063	0.12134	0.08906	0.02411	0.00971	0.00670	0.00205	0.00546	0.00808	0.00705	0.00935

[dist]
# distance from previous block
# <min> <max>
2	26

[block]
# block no. 5 follows, 34 sequences, length 17
# corresponding to MSA columns:
# 397-413
name=unknown_F
#
# <colnr> <probs for GDERKNQSTAVLIFYWHMCP>
#	G	D	E	R	K	N	Q	S	T	A	V	L	I	F	Y	W	H	M	C	P
0	0.01786	0.56673	0.03101	0.01318	0.01850	0.12458	0.07234	0.02021	0.01405	0.01607	0.00961	0.01132	0.00849	0.00564	0.00472	0.00147	0.00781	0.00394	0.00294	0.04953
1	0.01713	0.01283	0.01396	0.01234	0.01605	0.01422	0.00966	0.03174	0.56093	0.12530	0.02962	0.02715	0.08153	0.00933	0.00666	0.00216	0.00501	0.00775	0.00672	0.00992
2	0.01700	0.01648	0.11599	0.01318	0.01807	0.01477	0.01179	0.20690	0.26458	0.04935	0.05274	0.02374	0.07944	0.00862	0.00646	0.00198	0.00600	0.00697	0.00578	0.08016
3	0.01660	0.47838	0.24884	0.01384	0.02040	0.09039	0.01512	0.02030	0.01377	0.01687	0.00988	0.01149	0.00826	0.00582	0.00492	0.00161	0.00817	0.00393	0.00281	0.00860
4	0.01296	0.03342	0.73944	0.01842	0.02797	0.01501	0.02387	0.02046	0.01364	0.02046	0.01160	0.01364	0.00818	0.00614	0.00614	0.00205	0.00955	0.00477	0.00273	0.00955
5	0.00918	0.00617	0.00711	0.00732	0.00737	0.00612	0.00421	0.00934	0.00981	0.01308	0.02249	0.14367	0.02618	0.66787	0.02945	0.00576	0.00591	0.01065	0.00421	0.00410
6	0.01634	0.01328	0.01720	0.01463	0.01848	0.01435	0.10120	0.08918	0.38883	0.06889	0.02606	0.03136	0.04270	0.00989	0.00711	0.00228	0.00614	0.11668	0.00610	0.00931
7	0.01723	0.61086	0.03001	0.01180	0.01676	0.05085	0.01112	0.02152	0.11198	0.01689	0.01142	0.01249	0.00990	0.00626	0.00526	0.00157	0.03818	0.00411	0.00332	0.00848
8	0.01561	0.01526	0.02696	0.09630	0.60171	0.01538	0.09397	0.01966	0.01463	0.02069	0.01220	0.01625	0.01006	0.00578	0.00653	0.00197	0.00810	0.00596	0.00318	0.00982
9	0.01461	0.01707	0.12486	0.12798	0.42779	0.01489	0.07979	0.01906	0.01444	0.02049	0.04882	0.01757	0.01226	0.00639	0.00690	0.00202	0.02638	0.00608	0.00329	0.00931
10	0.00781	0.00645	0.00702	0.00722	0.00906	0.00566	0.00534	0.00943	0.01402	0.01711	0.05707	0.15757	0.57143	0.01972	0.07263	0.00296	0.00457	0.01371	0.00578	0.00545
11	0.05303	0.09895	0.03882	0.01382	0.01884	0.01902	0.01175	0.43851	0.14324	0.07405	0.01684	0.01653	0.01223	0.00759	0.00613	0.00193	0.00664	0.00573	0.00597	0.01038
12	0.07123	0.01467	0.02254	0.02133	0.17496	0.01465	0.16842	0.15011	0.01741	0.05825	0.03713	0.03598	0.01316	0.00712	0.00702	0.00194	0.03697	0.02133	0.00443	0.12135
13	0.03571	0.04093	0.13779	0.01368	0.01854	0.06242	0.01243	0.30508	0.03672	0.10461	0.01624	0.01968	0.01286	0.11563	0.03662	0.00284	0.00779	0.00607	0.00518	0.00917
14	0.00940	0.00626	0.00705	0.00705	0.00705	0.00626	0.00392	0.00940	0.00940	0.01253	0.02036	0.04228	0.02349	0.77292	0.03289	0.00626	0.00626	0.00940	0.00392	0.00392
15	0.01075	0.00908	0.01285	0.03983	0.17593	0.00880	0.01041	0.01383	0.03167	0.01978	0.10851	0.07348	0.25983	0.01364	0.00764	0.00232	0.00517	0.18419	0.00538	0.00689
16	0.06211	0.01643	0.02359	0.05278	0.53563	0.08052	0.01766	0.04001	0.03219	0.02138	0.01202	0.01542	0.01000	0.00629	0.00698	0.00196	0.04653	0.00552	0.00340	0.00958

[dist]
# distance from previous block
# <min> <max>
0	1

[block]
# block no. 6 follows, 34 sequences, length 39
# corresponding to MSA columns:
# 415-453
name=unknown_G
#
# <colnr> <probs for GDERKNQSTAVLIFYWHMCP>
#	G	D	E	R	K	N	Q	S	T	A	V	L	I	F	Y	W	H	M	C	P
0	0.00921	0.00674	0.00892	0.01004	0.01131	0.00644	0.00806	0.01149	0.01444	0.01883	0.09626	0.26334	0.13693	0.01793	0.00845	0.00269	0.00472	0.35243	0.00607	0.00570
1	0.01122	0.00561	0.00842	0.00842	0.00842	0.00561	0.00561	0.00842	0.00842	0.01122	0.01122	0.01964	0.01122	0.02245	0.02525	0.81201	0.00561	0.00561	0.00281	0.00281
2	0.01612	0.01557	0.02648	0.10465	0.28082	0.01682	0.18600	0.10151	0.01569	0.02191	0.01207	0.01609	0.00975	0.00696	0.00928	0.00217	0.13932	0.00620	0.00351	0.00908
3	0.01546	0.01456	0.02360	0.03349	0.58560	0.01397	0.01733	0.01910	0.01444	0.02110	0.01202	0.01546	0.01010	0.00556	0.00607	0.00172	0.00708	0.00536	0.00333	0.17464
4	0.03746	0.12483	0.51516	0.01791	0.04085	0.08481	0.05213	0.02078	0.01404	0.01963	0.01112	0.01318	0.00830	0.00607	0.00587	0.00193	0.00931	0.00467	0.00286	0.00910
5	0.00850	0.00629	0.00745	0.00802	0.00896	0.00590	0.00555	0.00967	0.01238	0.01585	0.03941	0.26453	0.24139	0.23013	0.04561	0.00386	0.00506	0.07111	0.00531	0.00502
6	0.05251	0.01511	0.01733	0.01333	0.01839	0.01569	0.01101	0.41985	0.02505	0.31535	0.01924	0.01791	0.01283	0.00779	0.00640	0.00196	0.00640	0.00601	0.00699	0.01086
7	0.01374	0.08095	0.41073	0.01584	0.02249	0.07551	0.04483	0.02019	0.07265	0.02020	0.06436	0.07591	0.03873	0.00821	0.00637	0.00203	0.00813	0.00674	0.00377	0.00861
8	0.01652	0.01806	0.02947	0.08535	0.02919	0.13126	0.41499	0.02059	0.01506	0.04533	0.01423	0.01786	0.03449	0.00683	0.00867	0.00216	0.09143	0.00687	0.00347	0.00818
9	0.01094	0.00561	0.00834	0.00847	0.00850	0.00558	0.00564	0.00847	0.00876	0.01167	0.01331	0.08375	0.01392	0.02226	0.02380	0.74274	0.00545	0.00670	0.00308	0.00301
10	0.02414	0.03079	0.01831	0.01665	0.01998	0.74698	0.01248	0.02580	0.01831	0.01581	0.00999	0.01165	0.00832	0.00666	0.00583	0.00166	0.01165	0.00416	0.00333	0.00749
11	0.01593	0.09529	0.25312	0.02234	0.19509	0.06246	0.07058	0.07353	0.06421	0.02161	0.01456	0.01658	0.03436	0.00674	0.00657	0.00196	0.02649	0.00564	0.00359	0.00936
12	0.02428	0.01063	0.01384	0.01102	0.01516	0.00974	0.00884	0.05961	0.05868	0.52716	0.10053	0.02632	0.02144	0.07168	0.00880	0.00236	0.00535	0.00731	0.00741	0.00984
13	0.02061	0.30357	0.08116	0.01221	0.01727	0.09184	0.01132	0.02394	0.04387	0.24512	0.07460	0.01811	0.01552	0.00724	0.00561	0.00175	0.00678	0.00543	0.00498	0.00906
14	0.05961	0.02156	0.11334	0.01454	0.01948	0.23359	0.01275	0.18284	0.04211	0.18786	0.03919	0.01670	0.01270	0.00740	0.00617	0.00190	0.00813	0.00547	0.00529	0.00938
15	0.02001	0.01599	0.01766	0.03548	0.11393	0.05906	0.01207	0.35762	0.13654	0.03157	0.01714	0.01794	0.01284	0.00752	0.00617	0.00191	0.00661	0.00598	0.11416	0.00979
16	0.00794	0.00677	0.00686	0.00685	0.00903	0.00582	0.00513	0.01014	0.03931	0.01776	0.06316	0.08293	0.68372	0.01622	0.00762	0.00220	0.00335	0.01356	0.00602	0.00561
17	0.01626	0.57536	0.17527	0.01264	0.01872	0.04438	0.01351	0.01938	0.01336	0.01633	0.01053	0.03910	0.00954	0.00623	0.00475	0.00157	0.00747	0.00429	0.00289	0.00841
18	0.05958	0.09955	0.08252	0.08873	0.17840	0.01611	0.04184	0.09166	0.14048	0.09385	0.01705	0.01819	0.02991	0.00705	0.00614	0.00197	0.00699	0.00592	0.00459	0.00948
19	0.01676	0.01160	0.01317	0.01148	0.01469	0.01214	0.00901	0.23273	0.13136	0.10507	0.07495	0.18365	0.10945	0.01224	0.00715	0.00220	0.00516	0.03212	0.00652	0.00854
20	0.00811	0.00635	0.00741	0.00802	0.00951	0.00565	0.00594	0.00982	0.01421	0.01787	0.09305	0.28855	0.39210	0.01758	0.00797	0.00240	0.00371	0.09019	0.00606	0.00548
21	0.01416	0.24442	0.45205	0.01547	0.02289	0.04210	0.01833	0.01938	0.01355	0.01847	0.01277	0.07491	0.01107	0.00714	0.00573	0.00189	0.00838	0.00550	0.00303	0.00876
22	0.01379	0.01093	0.01309	0.01236	0.03910	0.01150	0.03308	0.09322	0.25874	0.05028	0.07568	0.18915	0.14719	0.01243	0.00719	0.00223	0.00490	0.01078	0.00619	0.00815
23	0.01122	0.00561	0.00842	0.00842	0.00842	0.00561	0.00561	0.00842	0.00842	0.01122	0.01122	0.01964	0.01122	0.02245	0.02525	0.81201	0.00561	0.00561	0.00281	0.00281
24	0.01690	0.01437	0.01363	0.01214	0.01486	0.16484	0.00949	0.08867	0.06566	0.10892	0.13487	0.05964	0.09736	0.01452	0.08221	0.00291	0.05809	0.02777	0.00548	0.00769
25	0.01499	0.01433	0.02442	0.22928	0.55082	0.01509	0.01933	0.01895	0.01424	0.01989	0.01198	0.01632	0.00981	0.00594	0.00641	0.00198	0.00792	0.00575	0.00311	0.00943
26	0.00850	0.00685	0.00712	0.00696	0.00920	0.00587	0.00525	0.01069	0.03298	0.03657	0.11355	0.05915	0.64341	0.01572	0.00758	0.00217	0.00336	0.01315	0.00615	0.00576
27	0.07859	0.01507	0.01482	0.01272	0.01664	0.07773	0.01006	0.14563	0.36154	0.11102	0.02135	0.02033	0.01568	0.00804	0.00615	0.00202	0.00591	0.00632	0.06069	0.00969
28	0.00931	0.00671	0.00817	0.00819	0.00987	0.00607	0.00622	0.01153	0.01572	0.04373	0.29961	0.12721	0.28013	0.04659	0.00885	0.00243	0.00375	0.09367	0.00638	0.00584
29	0.00895	0.00657	0.00817	0.00881	0.00987	0.00621	0.00622	0.04259	0.01442	0.01913	0.14135	0.47404	0.14376	0.04424	0.00886	0.00258	0.00390	0.03857	0.00611	0.00565
30	0.00871	0.00648	0.00806	0.00819	0.00960	0.00593	0.00608	0.01098	0.01584	0.02133	0.37729	0.17593	0.20302	0.04695	0.00888	0.00242	0.00359	0.06857	0.00645	0.00571
31	0.01379	0.07993	0.52686	0.01999	0.02856	0.01603	0.18412	0.02044	0.01399	0.02016	0.01177	0.01431	0.00857	0.00593	0.00635	0.00203	0.00969	0.00536	0.00286	0.00927
32	0.01251	0.01180	0.01994	0.69820	0.10126	0.01444	0.01810	0.01678	0.01307	0.01689	0.01154	0.01712	0.00875	0.00640	0.00645	0.00213	0.00854	0.00574	0.00290	0.00743
33	0.01341	0.01234	0.01775	0.01516	0.01680	0.03464	0.08357	0.07419	0.01270	0.01808	0.01381	0.04645	0.01288	0.02409	0.28134	0.00539	0.30006	0.00676	0.00355	0.00705
34	0.01368	0.03098	0.63062	0.01928	0.02832	0.01536	0.10187	0.04786	0.01449	0.02129	0.01192	0.01415	0.00848	0.00612	0.00632	0.00206	0.00961	0.00514	0.00294	0.00951
35	0.01384	0.01313	0.02196	0.31413	0.40715	0.01415	0.01787	0.01768	0.01402	0.01903	0.01629	0.02028	0.06897	0.00690	0.00652	0.00203	0.00767	0.00640	0.00330	0.00866
36	0.01364	0.01245	0.02013	0.61772	0.11768	0.01493	0.01768	0.07416	0.01456	0.01901	0.01189	0.01695	0.00899	0.00649	0.00645	0.00211	0.00839	0.00575	0.00320	0.00783
37	0.00895	0.00690	0.00934	0.00986	0.01122	0.00650	0.03279	0.01130	0.03102	0.01846	0.09658	0.38204	0.17032	0.01760	0.00816	0.00254	0.00437	0.16030	0.00599	0.00575
38	0.01563	0.01580	0.02382	0.11193	0.39349	0.09242	0.10018	0.01971	0.03100	0.02017	0.04369	0.02180	0.01421	0.00721	0.00674	0.00204	0.00821	0.05938	0.00364	0.00891

[dist]
# distance from previous block
# <min> <max>
0	1

[block]
# block no. 7 follows, 34 sequences, length 28
# corresponding to MSA columns:
# 455-482
name=unknown_H
#
# <colnr> <probs for GDERKNQSTAVLIFYWHMCP>
#	G	D	E	R	K	N	Q	S	T	A	V	L	I	F	Y	W	H	M	C	P
0	0.01300	0.01338	0.02660	0.01987	0.02402	0.01282	0.43899	0.01653	0.01341	0.01807	0.01836	0.05962	0.04961	0.20533	0.01462	0.00328	0.03291	0.00879	0.00368	0.00711
1	0.00937	0.00769	0.00985	0.01160	0.08935	0.00705	0.00790	0.01173	0.01524	0.01950	0.15256	0.07331	0.38932	0.01512	0.00778	0.00231	0.00429	0.15399	0.00585	0.00618
2	0.10833	0.01310	0.01528	0.02994	0.01705	0.04522	0.04423	0.18004	0.01966	0.26916	0.09087	0.02536	0.09572	0.00891	0.00647	0.00201	0.00595	0.00723	0.00634	0.00912
3	0.01589	0.04082	0.08440	0.04359	0.05028	0.12281	0.21110	0.01918	0.01329	0.01767	0.01049	0.01472	0.00887	0.00804	0.01243	0.00232	0.30726	0.00587	0.00303	0.00795
4	0.01411	0.14303	0.60243	0.01725	0.02592	0.04992	0.02146	0.02054	0.01378	0.01947	0.01114	0.01307	0.00821	0.00607	0.00583	0.00193	0.00926	0.00455	0.00276	0.00927
5	0.01444	0.03531	0.02025	0.53908	0.08247	0.11284	0.03232	0.01902	0.04909	0.01729	0.01203	0.01656	0.00925	0.00651	0.00634	0.00205	0.00879	0.00559	0.00314	0.00763
6	0.01851	0.01492	0.01810	0.12584	0.10221	0.10622	0.04437	0.12720	0.04368	0.13868	0.01972	0.09526	0.04035	0.00920	0.00746	0.00212	0.04487	0.02761	0.00502	0.00866
7	0.01097	0.00742	0.00872	0.00876	0.01043	0.00700	0.00627	0.04718	0.04602	0.08039	0.04102	0.34783	0.24660	0.08821	0.01008	0.00273	0.00422	0.01392	0.00602	0.00619
8	0.00879	0.00620	0.00817	0.00941	0.01001	0.00599	0.00678	0.01020	0.01251	0.01655	0.03264	0.46480	0.03800	0.14871	0.01265	0.00334	0.00475	0.18970	0.00563	0.00520
9	0.23102	0.01746	0.08351	0.04366	0.01863	0.12416	0.01145	0.09987	0.03914	0.22866	0.01545	0.01560	0.01082	0.00712	0.00608	0.00198	0.02609	0.00510	0.00519	0.00900
10	0.05456	0.07192	0.01946	0.08496	0.02144	0.06838	0.03496	0.36123	0.14681	0.03077	0.01626	0.03264	0.01240	0.00769	0.00624	0.00197	0.00716	0.00602	0.00544	0.00969
11	0.00830	0.00615	0.00776	0.00874	0.00973	0.00568	0.00631	0.00990	0.01358	0.01771	0.09591	0.44995	0.18786	0.03964	0.00885	0.00263	0.00396	0.10590	0.00602	0.00541
12	0.00828	0.00634	0.00765	0.00815	0.00954	0.00570	0.00600	0.01018	0.01476	0.01916	0.19851	0.28819	0.30158	0.01705	0.00794	0.00236	0.00361	0.07319	0.00624	0.00557
