[name]
unknown

[dist]
# distance from previous block
# <min> <max>
20	47

[block]
# block no. 0 follows, 33 sequences, length 7
# corresponding to MSA columns:
# 49-55
name=unknown_A
#
# <colnr> <probs for GDERKNQSTAVLIFYWHMCP>
#	G	D	E	R	K	N	Q	S	T	A	V	L	I	F	Y	W	H	M	C	P
0	0.10049	0.01501	0.01757	0.10740	0.04344	0.03615	0.02978	0.29227	0.07536	0.13830	0.01805	0.06625	0.01394	0.00835	0.00648	0.00208	0.00684	0.00674	0.00582	0.00968
1	0.01710	0.06845	0.01989	0.03192	0.06672	0.10427	0.08519	0.13613	0.09468	0.02374	0.03635	0.05970	0.01483	0.01056	0.05810	0.00243	0.00806	0.00652	0.00459	0.15076
2	0.09019	0.01131	0.01300	0.01079	0.01457	0.01138	0.00866	0.12903	0.09942	0.25421	0.14962	0.02859	0.07683	0.00957	0.00655	0.00204	0.00498	0.00779	0.06239	0.00909
3	0.02078	0.01562	0.01867	0.01479	0.01928	0.05630	0.07888	0.28071	0.10156	0.13082	0.04756	0.07083	0.01680	0.00877	0.00720	0.00203	0.03005	0.00727	0.00601	0.06608
4	0.01784	0.01341	0.01531	0.01144	0.01694	0.01212	0.00925	0.18093	0.06755	0.08610	0.01492	0.01566	0.01137	0.00615	0.00555	0.00139	0.00552	0.00485	0.00508	0.49863
5	0.01058	0.00750	0.01096	0.01055	0.01223	0.00684	0.06997	0.01229	0.01370	0.07862	0.03803	0.47546	0.15870	0.05056	0.00919	0.00266	0.00467	0.01541	0.00594	0.00615
6	0.61413	0.01295	0.01238	0.01208	0.06749	0.01483	0.00897	0.02028	0.01209	0.09206	0.01090	0.01251	0.00835	0.00674	0.00600	0.00210	0.06988	0.00421	0.00428	0.00776

[dist]
# distance from previous block
# <min> <max>
1	4

[block]
# block no. 1 follows, 33 sequences, length 28
# corresponding to MSA columns:
# 62-89
name=unknown_B
#
# <colnr> <probs for GDERKNQSTAVLIFYWHMCP>
#	G	D	E	R	K	N	Q	S	T	A	V	L	I	F	Y	W	H	M	C	P
0	0.01304	0.01156	0.01180	0.09675	0.01620	0.10264	0.00879	0.04779	0.06627	0.04016	0.24455	0.07195	0.19413	0.01199	0.00717	0.00209	0.00538	0.01009	0.03068	0.00698
1	0.01296	0.02697	0.51920	0.01961	0.11444	0.01380	0.02043	0.01899	0.01379	0.02029	0.05196	0.01955	0.01338	0.09569	0.00956	0.00257	0.00873	0.00593	0.00323	0.00896
2	0.02299	0.08924	0.02109	0.01933	0.11057	0.52471	0.01354	0.08665	0.01887	0.01906	0.01089	0.01269	0.00897	0.00667	0.00593	0.00173	0.01054	0.00454	0.00362	0.00838
3	0.02256	0.02605	0.01881	0.01776	0.07800	0.50416	0.01268	0.10393	0.01915	0.02021	0.01121	0.01292	0.00912	0.00659	0.00592	0.00166	0.01010	0.00453	0.00382	0.11081
4	0.01276	0.01145	0.01146	0.01188	0.03209	0.10258	0.00842	0.05705	0.12079	0.02064	0.07475	0.39743	0.06668	0.01524	0.00762	0.00237	0.00535	0.02859	0.00587	0.00697
5	0.01711	0.01522	0.02404	0.02546	0.27728	0.01525	0.14824	0.18680	0.01935	0.02685	0.10366	0.03409	0.01762	0.00748	0.00688	0.00199	0.00749	0.00714	0.00468	0.05340
6	0.01659	0.01368	0.01456	0.01274	0.01645	0.01540	0.01002	0.15553	0.46862	0.02837	0.02947	0.02795	0.10848	0.01145	0.03809	0.00254	0.00588	0.00797	0.00647	0.00975
7	0.01493	0.03181	0.56163	0.01958	0.02814	0.10847	0.10222	0.02157	0.01470	0.02027	0.01178	0.01409	0.00855	0.00624	0.00639	0.00205	0.01016	0.00512	0.00292	0.00936
8	0.01673	0.01536	0.01472	0.01322	0.01668	0.10003	0.01022	0.05422	0.52141	0.02654	0.11371	0.02593	0.02381	0.00922	0.00674	0.00214	0.00579	0.00759	0.00638	0.00958
9	0.02216	0.02988	0.11121	0.01993	0.10403	0.56429	0.01508	0.02488	0.01762	0.01735	0.01064	0.01265	0.00869	0.00661	0.00604	0.00178	0.01112	0.00451	0.00330	0.00823
10	0.01294	0.10862	0.02034	0.48852	0.09270	0.01493	0.01546	0.01640	0.01298	0.01659	0.01420	0.02096	0.03289	0.09576	0.00946	0.00256	0.00803	0.00624	0.00316	0.00727
11	0.00920	0.00709	0.01019	0.01308	0.10146	0.00674	0.00792	0.01088	0.01347	0.01830	0.09715	0.60215	0.04103	0.01807	0.00810	0.00253	0.00427	0.01644	0.00585	0.00608
12	0.02218	0.11803	0.01913	0.01310	0.01764	0.01701	0.01087	0.38839	0.02364	0.15363	0.01981	0.13146	0.01668	0.00959	0.00655	0.00202	0.00641	0.00769	0.00627	0.00992
13	0.01607	0.01557	0.02705	0.07412	0.65665	0.01565	0.05756	0.02009	0.01493	0.02126	0.01240	0.01643	0.01032	0.00588	0.00659	0.00198	0.00805	0.00597	0.00325	0.01019
14	0.05448	0.01422	0.01574	0.01610	0.10734	0.04552	0.01105	0.02831	0.43937	0.02504	0.02218	0.06412	0.01790	0.00852	0.00640	0.00204	0.00570	0.00716	0.00563	0.10315
15	0.38262	0.01134	0.01147	0.01165	0.05453	0.01244	0.00843	0.07737	0.05242	0.04543	0.01940	0.20161	0.01930	0.02861	0.00662	0.00234	0.00522	0.03671	0.00508	0.00741
16	0.01467	0.01561	0.06248	0.10855	0.16601	0.03946	0.19574	0.02161	0.13683	0.02245	0.12812	0.02320	0.01983	0.00766	0.00705	0.00212	0.00784	0.00749	0.00445	0.00885
17	0.01560	0.01493	0.02546	0.16902	0.60441	0.01546	0.01986	0.01959	0.01466	0.02066	0.01226	0.01652	0.01013	0.00599	0.00653	0.00200	0.00799	0.00586	0.00320	0.00987
18	0.00939	0.00631	0.00723	0.00741	0.00746	0.00626	0.00424	0.00953	0.00993	0.01324	0.02256	0.12736	0.02623	0.68123	0.03057	0.00595	0.00608	0.01064	0.00424	0.00415
19	0.01144	0.00572	0.00858	0.00858	0.00858	0.00572	0.00572	0.00858	0.00858	0.01144	0.01144	0.02001	0.01144	0.02287	0.02573	0.80846	0.00572	0.00572	0.00286	0.00286
20	0.01615	0.19979	0.32944	0.02117	0.14818	0.09790	0.05890	0.02109	0.01459	0.01922	0.01121	0.01355	0.00884	0.00606	0.00589	0.00187	0.00909	0.00483	0.00297	0.00928
21	0.01700	0.05079	0.02346	0.02463	0.25776	0.09339	0.10385	0.02266	0.12268	0.05142	0.06435	0.01936	0.01522	0.00767	0.00840	0.00210	0.09531	0.00652	0.00423	0.00920
22	0.00923	0.00673	0.00868	0.00819	0.00978	0.00617	0.00614	0.01225	0.01842	0.02590	0.68579	0.05000	0.10074	0.01365	0.00777	0.00208	0.00312	0.01202	0.00718	0.00617
23	0.06154	0.05215	0.01866	0.01491	0.03729	0.06117	0.01180	0.39179	0.22271	0.03374	0.01788	0.01758	0.01322	0.00788	0.00634	0.00201	0.00683	0.00603	0.00605	0.01042
24	0.00928	0.00651	0.00826	0.00891	0.00991	0.00612	0.00620	0.02804	0.01414	0.03684	0.13685	0.48642	0.11814	0.06027	0.02926	0.00292	0.00431	0.01575	0.00615	0.00573
25	0.02003	0.15609	0.14439	0.03749	0.10618	0.23077	0.03283	0.08494	0.01717	0.07243	0.01229	0.01401	0.00955	0.00667	0.00635	0.00185	0.02922	0.00491	0.00378	0.00906
26	0.01490	0.29316	0.19891	0.08599	0.04410	0.03222	0.03848	0.03424	0.03225	0.01931	0.07660	0.01799	0.01457	0.02680	0.02619	0.00217	0.00791	0.00552	0.02031	0.00839
27	0.03715	0.14585	0.05414	0.01923	0.16834	0.08990	0.01350	0.07225	0.20248	0.02303	0.03374	0.01779	0.01376	0.00746	0.00685	0.00196	0.04813	0.00578	0.02934	0.00933

[dist]
# distance from previous block
# <min> <max>
1	3

[block]
# block no. 2 follows, 33 sequences, length 47
# corresponding to MSA columns:
# 93-139
name=unknown_C
#
# <colnr> <probs for GDERKNQSTAVLIFYWHMCP>
#	G	D	E	R	K	N	Q	S	T	A	V	L	I	F	Y	W	H	M	C	P
0	0.37516	0.11474	0.06525	0.03298	0.06440	0.14047	0.01143	0.08759	0.01515	0.02519	0.01044	0.01214	0.00826	0.00634	0.00503	0.00189	0.00729	0.00420	0.00387	0.00818
1	0.03678	0.04078	0.04317	0.02837	0.35734	0.07344	0.11360	0.03882	0.04742	0.02121	0.01491	0.04613	0.01315	0.00876	0.02999	0.00235	0.03102	0.03982	0.00376	0.00920
2	0.00869	0.00678	0.00786	0.00796	0.00952	0.00629	0.00575	0.01103	0.03801	0.01901	0.18200	0.16971	0.34392	0.08603	0.06457	0.00326	0.00476	0.01318	0.00597	0.00570
3	0.01584	0.01226	0.01618	0.01491	0.05314	0.01347	0.05607	0.05342	0.26178	0.10072	0.08931	0.14727	0.02461	0.01110	0.00890	0.00232	0.09461	0.00932	0.00595	0.00882
4	0.00839	0.00646	0.00769	0.00799	0.00950	0.00576	0.00583	0.01038	0.01544	0.02014	0.25287	0.24976	0.32191	0.01684	0.00798	0.00232	0.00348	0.03510	0.00645	0.00571
5	0.01633	0.01877	0.10964	0.02658	0.13929	0.01641	0.41110	0.05714	0.04998	0.04439	0.01404	0.01738	0.01058	0.00622	0.00768	0.00217	0.03220	0.00695	0.00373	0.00943
6	0.00811	0.00598	0.00762	0.00888	0.00964	0.00549	0.00614	0.00944	0.01315	0.01712	0.04148	0.60883	0.16135	0.01982	0.00833	0.00261	0.00385	0.05065	0.00611	0.00542
7	0.01722	0.73746	0.03340	0.01123	0.01666	0.02523	0.01113	0.01935	0.01325	0.01548	0.00954	0.01126	0.00882	0.00764	0.03812	0.00183	0.00753	0.00368	0.00285	0.00833
8	0.31254	0.01791	0.01579	0.01383	0.04276	0.12838	0.01070	0.27550	0.07321	0.03146	0.01323	0.01402	0.00994	0.00708	0.00558	0.00197	0.00703	0.00492	0.00507	0.00908
9	0.01629	0.01593	0.02532	0.11015	0.60683	0.04891	0.01940	0.02055	0.03445	0.02096	0.01261	0.01645	0.01044	0.00606	0.00650	0.00198	0.00803	0.00583	0.00333	0.00999
10	0.01581	0.01288	0.01449	0.01132	0.01643	0.01195	0.00900	0.06713	0.23611	0.05022	0.01723	0.01754	0.01334	0.00647	0.00562	0.00147	0.00516	0.00524	0.00511	0.47748
11	0.00815	0.00653	0.00728	0.00743	0.00920	0.00566	0.00544	0.01003	0.01537	0.01945	0.20095	0.17713	0.47092	0.01665	0.00788	0.00227	0.00337	0.01428	0.00635	0.00566
12	0.01402	0.01357	0.02096	0.39001	0.28024	0.05357	0.01747	0.01778	0.01405	0.01843	0.01426	0.08962	0.01273	0.00771	0.00670	0.00213	0.00812	0.00702	0.00338	0.00823
13	0.01637	0.01414	0.01489	0.01340	0.01712	0.01637	0.01042	0.03498	0.71568	0.02754	0.02679	0.02456	0.02010	0.00893	0.00670	0.00223	0.00521	0.00744	0.00670	0.01042
14	0.01365	0.01170	0.01365	0.00975	0.01560	0.00878	0.00780	0.01658	0.01365	0.02145	0.01170	0.01365	0.00975	0.00488	0.00488	0.00098	0.00488	0.00390	0.00390	0.80888
15	0.00899	0.00644	0.00845	0.00973	0.01044	0.00620	0.00687	0.03744	0.01362	0.01811	0.03531	0.65783	0.04162	0.01985	0.00841	0.00269	0.00421	0.09202	0.00612	0.00566
16	0.77433	0.01303	0.01020	0.00899	0.01313	0.01506	0.00741	0.05480	0.01222	0.03015	0.00951	0.01096	0.00734	0.00620	0.00420	0.00203	0.00520	0.00369	0.00420	0.00734
17	0.02239	0.02693	0.01790	0.01611	0.01910	0.57321	0.01222	0.06551	0.01795	0.01746	0.01127	0.01436	0.00974	0.04008	0.05139	0.00251	0.06590	0.00483	0.00358	0.00757
18	0.08147	0.04665	0.07482	0.01566	0.08352	0.07805	0.04577	0.08927	0.01593	0.05613	0.01415	0.06803	0.01217	0.00724	0.00639	0.00172	0.03378	0.00580	0.00424	0.25919
19	0.00806	0.00595	0.00756	0.00882	0.00956	0.00546	0.00606	0.00936	0.01311	0.01707	0.04157	0.61938	0.16279	0.01985	0.00832	0.00261	0.00381	0.03914	0.00611	0.00541
20	0.02075	0.01202	0.01480	0.07394	0.01828	0.01222	0.01015	0.15486	0.11628	0.28412	0.12024	0.02833	0.08549	0.00956	0.00688	0.00209	0.00559	0.00790	0.00691	0.00959
21	0.00887	0.00661	0.00810	0.00791	0.00942	0.00600	0.00577	0.01127	0.01668	0.02268	0.46621	0.11231	0.21282	0.06468	0.00952	0.00244	0.00344	0.01279	0.00667	0.00584
22	0.04644	0.38727	0.05137	0.01325	0.05256	0.02010	0.01152	0.14070	0.01657	0.02235	0.01113	0.01255	0.00926	0.00593	0.00496	0.00149	0.00669	0.00419	0.00378	0.17791
23	0.01647	0.06935	0.12872	0.10281	0.29384	0.04729	0.07486	0.08492	0.01593	0.02183	0.01209	0.01540	0.00966	0.00648	0.00723	0.00200	0.05107	0.00560	0.00345	0.03102
24	0.02009	0.24268	0.07221	0.05294	0.04265	0.20264	0.01323	0.13551	0.10092	0.03794	0.01337	0.01443	0.01053	0.00684	0.00572	0.00179	0.00834	0.00491	0.00417	0.00908
25	0.01377	0.01360	0.02275	0.54095	0.15255	0.03940	0.08760	0.01811	0.01388	0.01798	0.01192	0.01718	0.00915	0.00637	0.00667	0.00214	0.00896	0.00599	0.00304	0.00798
26	0.09176	0.04186	0.04605	0.12145	0.18902	0.01497	0.05298	0.13972	0.01739	0.06170	0.04693	0.02011	0.01383	0.00732	0.00634	0.00198	0.00716	0.03920	0.00447	0.07578
27	0.00950	0.00674	0.00841	0.00902	0.01029	0.00617	0.00638	0.01137	0.02952	0.04330	0.05937	0.47243	0.14594	0.06024	0.00945	0.00269	0.00414	0.05185	0.00600	0.04720
28	0.00802	0.00573	0.00764	0.00917	0.00955	0.00535	0.00611	0.00917	0.01260	0.01681	0.03628	0.76434	0.04354	0.02062	0.00840	0.00267	0.00382	0.01872	0.00611	0.00535
29	0.09896	0.01195	0.01516	0.01173	0.01675	0.01103	0.00969	0.08767	0.01918	0.61155	0.02362	0.02081	0.01505	0.00795	0.00639	0.00203	0.00569	0.00629	0.00765	0.01084
30	0.01096	0.00838	0.01182	0.03799	0.01350	0.00970	0.00921	0.01310	0.01255	0.04072	0.08167	0.20106	0.02698	0.02550	0.23315	0.00502	0.14505	0.07578	0.03158	0.00627
31	0.01012	0.00663	0.00893	0.00998	0.01098	0.00630	0.00744	0.01190	0.01380	0.05943	0.06786	0.46082	0.04030	0.05752	0.00975	0.00290	0.00463	0.19868	0.00616	0.00585
32	0.00805	0.00580	0.00763	0.00903	0.00953	0.00538	0.00607	0.00928	0.01290	0.01715	0.05899	0.71167	0.07370	0.02023	0.00836	0.00264	0.00378	0.01829	0.00615	0.00538
33	0.01436	0.01511	0.06246	0.17390	0.24558	0.01446	0.19956	0.03781	0.01497	0.02048	0.01596	0.08337	0.01438	0.00801	0.00717	0.00221	0.00852	0.04932	0.00369	0.00868
34	0.01688	0.07140	0.06678	0.06254	0.25653	0.18720	0.07303	0.02009	0.01509	0.01866	0.01403	0.09611	0.01308	0.00803	0.00740	0.00203	0.05225	0.00681	0.00351	0.00856
35	0.01320	0.03405	0.73453	0.01876	0.02849	0.01529	0.02432	0.02085	0.01390	0.02085	0.01181	0.01390	0.00834	0.00625	0.00625	0.00208	0.00973	0.00486	0.00278	0.00973
36	0.01144	0.00572	0.00858	0.00858	0.00858	0.00572	0.00572	0.00858	0.00858	0.01144	0.01144	0.02001	0.01144	0.02287	0.02573	0.80846	0.00572	0.00572	0.00286	0.00286
37	0.02357	0.04553	0.08834	0.01592	0.05841	0.05275	0.01325	0.34668	0.07027	0.19179	0.01776	0.01735	0.01240	0.00762	0.00645	0.00198	0.00723	0.00591	0.00611	0.01069
38	0.07158	0.02539	0.01728	0.01538	0.01904	0.48821	0.01176	0.08688	0.12365	0.04258	0.01381	0.01463	0.01079	0.00722	0.00599	0.00183	0.00968	0.00494	0.02098	0.00841
39	0.00810	0.00590	0.00763	0.00885	0.00951	0.00544	0.00601	0.00945	0.01331	0.01765	0.09315	0.63956	0.11183	0.01968	0.00829	0.00258	0.00372	0.01771	0.00620	0.00544
40	0.01813	0.01488	0.05202	0.01386	0.04369	0.01352	0.03209	0.15181	0.17128	0.09905	0.01731	0.01757	0.01292	0.00679	0.00599	0.00167	0.00600	0.00557	0.00535	0.31049
41	0.02133	0.13018	0.09622	0.01637	0.05288	0.13202	0.01389	0.33196	0.06615	0.02895	0.01383	0.01476	0.01051	0.00733	0.00665	0.00191	0.03502	0.00529	0.00487	0.00987
42	0.06466	0.00745	0.00922	0.01035	0.03246	0.00737	0.00701	0.05642	0.01429	0.02015	0.08176	0.57052	0.05815	0.01772	0.00787	0.00251	0.00419	0.01583	0.00600	0.00608
43	0.04418	0.01663	0.01811	0.01424	0.01920	0.01818	0.01166	0.48878	0.14076	0.13108	0.01879	0.01799	0.01323	0.00806	0.00655	0.00203	0.00664	0.00621	0.00675	0.01097
44	0.01059	0.00769	0.00882	0.00830	0.01056	0.00702	0.00637	0.05797	0.01727	0.05725	0.25984	0.08470	0.38269	0.01492	0.00772	0.00220	0.00377	0.03930	0.00659	0.00642
45	0.01623	0.01589	0.02560	0.11785	0.62174	0.04707	0.01967	0.02010	0.01495	0.02076	0.01221	0.01624	0.01016	0.00598	0.00650	0.00197	0.00810	0.00579	0.00323	0.00996
46	0.01575	0.01434	0.01783	0.04149	0.06126	0.04223	0.07419	0.05711	0.22615	0.02386	0.01657	0.01764	0.01291	0.00650	0.00598	0.00165	0.00626	0.00562	0.00473	0.34790

[dist]
# distance from previous block
# <min> <max>
0	1

[block]
# block no. 3 follows, 33 sequences, length 18
# corresponding to MSA columns:
# 151-168
name=unknown_D
#
# <colnr> <probs for GDERKNQSTAVLIFYWHMCP>
#	G	D	E	R	K	N	Q	S	T	A	V	L	I	F	Y	W	H	M	C	P
0	0.01367	0.09739	0.01889	0.01460	0.01563	0.04048	0.01212	0.01538	0.01083	0.01558	0.01139	0.01767	0.01106	0.04349	0.20196	0.00473	0.43920	0.00591	0.00309	0.00692
1	0.02351	0.01598	0.01798	0.01414	0.01871	0.01743	0.01158	0.48446	0.05409	0.14342	0.05383	0.04152	0.01575	0.00884	0.00749	0.00207	0.04526	0.00678	0.00666	0.01053
2	0.00818	0.00584	0.00782	0.00934	0.00979	0.00548	0.00638	0.00943	0.01276	0.01698	0.03620	0.72299	0.04320	0.02048	0.00844	0.00270	0.00395	0.05854	0.00611	0.00539
3	0.01365	0.01170	0.01365	0.00975	0.01560	0.00878	0.00780	0.01658	0.01365	0.02145	0.01170	0.01365	0.00975	0.00488	0.00488	0.00098	0.00488	0.00390	0.00390	0.80888
4	0.00818	0.00585	0.00778	0.00906	0.00958	0.00545	0.00612	0.00957	0.01335	0.01799	0.12105	0.67621	0.04583	0.01974	0.00832	0.00260	0.00373	0.01788	0.00625	0.00545
5	0.01637	0.01414	0.01489	0.01340	0.01712	0.01637	0.01042	0.03498	0.71568	0.02754	0.02679	0.02456	0.02010	0.00893	0.00670	0.00223	0.00521	0.00744	0.00670	0.01042
6	0.02503	0.01844	0.01976	0.01515	0.02042	0.02042	0.01251	0.70562	0.03095	0.04149	0.01581	0.01581	0.01120	0.00790	0.00659	0.00198	0.00724	0.00593	0.00659	0.01120
7	0.00798	0.00589	0.00747	0.00873	0.00943	0.00538	0.00592	0.00922	0.01302	0.01698	0.04158	0.64215	0.16231	0.01994	0.00829	0.00260	0.00373	0.01787	0.00611	0.00538
8	0.00967	0.00716	0.00908	0.00852	0.01023	0.00679	0.00641	0.01364	0.05965	0.02613	0.65707	0.04828	0.08571	0.01332	0.00770	0.00209	0.00324	0.01172	0.00717	0.00643
9	0.02486	0.01680	0.01848	0.01425	0.01923	0.01818	0.01167	0.57518	0.02815	0.13694	0.01749	0.01814	0.01257	0.04718	0.00798	0.00221	0.00697	0.00621	0.00667	0.01082
10	0.01243	0.01170	0.01975	0.75282	0.04534	0.01463	0.01828	0.01682	0.01316	0.01682	0.01170	0.01755	0.00878	0.00658	0.00658	0.00219	0.00878	0.00585	0.00293	0.00731
11	0.01306	0.00689	0.00697	0.00669	0.00845	0.00701	0.00509	0.05775	0.01486	0.02558	0.02113	0.02401	0.01652	0.00768	0.00472	0.00156	0.00332	0.00612	0.75612	0.00645
12	0.00778	0.00667	0.00667	0.00667	0.00889	0.00556	0.00500	0.00945	0.01501	0.01778	0.06669	0.06336	0.72490	0.01667	0.00778	0.00222	0.00333	0.01389	0.00611	0.00556
13	0.01760	0.77260	0.03450	0.01126	0.01690	0.02605	0.01126	0.01971	0.01338	0.01549	0.00915	0.01056	0.00845	0.00563	0.00422	0.00141	0.00704	0.00352	0.00282	0.00845
14	0.00802	0.00573	0.00764	0.00917	0.00955	0.00535	0.00611	0.00917	0.01260	0.01681	0.03628	0.76434	0.04354	0.02062	0.00840	0.00267	0.00382	0.01872	0.00611	0.00535
15	0.01527	0.02834	0.51993	0.01943	0.02796	0.01503	0.13857	0.02249	0.04152	0.08847	0.01399	0.01577	0.00982	0.00642	0.00657	0.00211	0.00940	0.00563	0.00353	0.00975
16	0.01628	0.01203	0.01492	0.01429	0.05601	0.04484	0.03447	0.08294	0.13673	0.11997	0.06908	0.05695	0.05427	0.01604	0.09832	0.00333	0.02624	0.12911	0.00581	0.00836
17	0.01841	0.01050	0.01276	0.01092	0.01436	0.01039	0.00860	0.04579	0.19881	0.26821	0.22177	0.05525	0.07416	0.01072	0.00708	0.00213	0.00467	0.00909	0.00729	0.00910

[dist]
# distance from previous block
# <min> <max>
1	3

[block]
# block no. 4 follows, 33 sequences, length 64
# corresponding to MSA columns:
# 172-235
name=unknown_E
#
# <colnr> <probs for GDERKNQSTAVLIFYWHMCP>
#	G	D	E	R	K	N	Q	S	T	A	V	L	I	F	Y	W	H	M	C	P
0	0.04633	0.03077	0.08432	0.01283	0.06531	0.01028	0.01034	0.01850	0.01446	0.09939	0.05477	0.05560	0.01496	0.00680	0.00561	0.00147	0.00553	0.00563	0.00450	0.45261
1	0.34691	0.13696	0.05496	0.01361	0.04394	0.22018	0.01113	0.04413	0.01453	0.02281	0.00991	0.01167	0.00808	0.00646	0.00547	0.00187	0.03183	0.00405	0.00364	0.00787
2	0.21874	0.01080	0.01121	0.00959	0.01303	0.01137	0.00768	0.09758	0.07042	0.16391	0.08201	0.02189	0.01799	0.00801	0.00552	0.00191	0.00470	0.00618	0.22920	0.00826
3	0.04491	0.60816	0.03078	0.01205	0.01712	0.07017	0.01141	0.04306	0.01418	0.03662	0.00987	0.01138	0.00873	0.00622	0.00553	0.00157	0.05277	0.00387	0.00317	0.00844
4	0.03854	0.01104	0.01357	0.01117	0.04208	0.00894	0.00838	0.01864	0.01443	0.14851	0.01732	0.10997	0.01514	0.00752	0.00567	0.00145	0.00499	0.00632	0.00492	0.51141
5	0.01587	0.35595	0.31245	0.01652	0.02382	0.04893	0.10272	0.02060	0.01406	0.01834	0.01077	0.01283	0.00860	0.00591	0.00554	0.00179	0.00880	0.00461	0.00289	0.00898
6	0.01251	0.03506	0.01076	0.01015	0.01185	0.00820	0.00746	0.05667	0.05080	0.10325	0.07770	0.50059	0.03699	0.01671	0.00782	0.00246	0.00444	0.03338	0.00636	0.00684
7	0.01121	0.00847	0.01172	0.07250	0.10150	0.00810	0.00894	0.01402	0.01641	0.06424	0.30698	0.07251	0.22861	0.01296	0.00752	0.00216	0.00449	0.03468	0.00606	0.00690
8	0.02492	0.01211	0.05175	0.01181	0.01657	0.01017	0.01007	0.02931	0.08434	0.54042	0.11265	0.02552	0.02197	0.00879	0.00675	0.00206	0.00547	0.00727	0.00762	0.01043
9	0.01629	0.01564	0.02672	0.04041	0.72757	0.01564	0.02020	0.02020	0.01499	0.02151	0.01238	0.01629	0.01043	0.00587	0.00652	0.00196	0.00782	0.00587	0.00326	0.01043
10	0.00824	0.00666	0.00706	0.00702	0.00902	0.00581	0.00523	0.01007	0.01486	0.01852	0.12017	0.05789	0.57560	0.04456	0.04670	0.00276	0.00415	0.01290	0.03716	0.00560
11	0.68498	0.01580	0.01115	0.01002	0.01399	0.13454	0.00805	0.02049	0.01243	0.02733	0.00933	0.01089	0.00735	0.00622	0.00438	0.00198	0.00621	0.00368	0.00396	0.00721
12	0.71542	0.01254	0.01039	0.00905	0.01325	0.01412	0.00745	0.02097	0.01217	0.11872	0.01130	0.01218	0.00829	0.00637	0.00440	0.00204	0.00516	0.00395	0.00459	0.00765
13	0.07591	0.48247	0.02758	0.01277	0.01759	0.22897	0.01136	0.02207	0.03811	0.01706	0.01003	0.01141	0.00875	0.00610	0.00478	0.00156	0.00822	0.00386	0.00320	0.00819
14	0.01414	0.01267	0.01991	0.54794	0.06172	0.01503	0.04242	0.10304	0.03793	0.02055	0.01405	0.05628	0.01134	0.00749	0.00672	0.00219	0.00827	0.00665	0.00369	0.00796
15	0.01743	0.21866	0.26217	0.04183	0.05979	0.09661	0.01659	0.08307	0.06592	0.03955	0.01268	0.01424	0.00982	0.00667	0.00621	0.00189	0.02905	0.00489	0.00365	0.00928
16	0.03663	0.01401	0.09732	0.06405	0.15822	0.01232	0.06011	0.01896	0.05743	0.07940	0.22184	0.05495	0.02719	0.00945	0.00797	0.00215	0.05635	0.00821	0.00505	0.00839
17	0.00809	0.00664	0.00717	0.00744	0.00938	0.00572	0.00562	0.00987	0.01490	0.01817	0.08673	0.14044	0.56926	0.01710	0.00795	0.00233	0.00360	0.06782	0.00615	0.00560
18	0.01983	0.01647	0.01726	0.04178	0.12886	0.12967	0.01201	0.21832	0.07337	0.09113	0.02284	0.02322	0.10244	0.00856	0.00649	0.00196	0.00702	0.00685	0.06265	0.00925
19	0.01883	0.08976	0.14039	0.05708	0.10178	0.20116	0.13532	0.11171	0.04224	0.02202	0.01253	0.01482	0.00970	0.00649	0.00636	0.00193	0.00954	0.00548	0.00373	0.00911
20	0.10186	0.36178	0.02828	0.01484	0.02011	0.02074	0.14553	0.08941	0.08814	0.02206	0.01347	0.01646	0.01125	0.00673	0.00558	0.00184	0.00742	0.03179	0.00395	0.00878
21	0.00845	0.00617	0.00801	0.00939	0.00994	0.00592	0.00633	0.01051	0.04909	0.01736	0.03579	0.72595	0.04232	0.02002	0.00831	0.00265	0.00389	0.01813	0.00614	0.00561
22	0.00802	0.00573	0.00764	0.00917	0.00955	0.00535	0.00611	0.00917	0.01260	0.01681	0.03628	0.76434	0.04354	0.02062	0.00840	0.00267	0.00382	0.01872	0.00611	0.00535
23	0.01243	0.01170	0.01975	0.75282	0.04534	0.01463	0.01828	0.01682	0.01316	0.01682	0.01170	0.01755	0.00878	0.00658	0.00658	0.00219	0.00878	0.00585	0.00293	0.00731
24	0.00940	0.00705	0.01058	0.01058	0.01176	0.00823	0.00823	0.01176	0.01058	0.01528	0.01763	0.02586	0.01646	0.04937	0.74255	0.01058	0.01763	0.00705	0.00353	0.00588
25	0.00810	0.00579	0.00773	0.00926	0.00968	0.00542	0.00625	0.00931	0.01269	0.01690	0.03624	0.74231	0.04336	0.02055	0.00842	0.00269	0.00389	0.03993	0.00611	0.00537
26	0.01760	0.77260	0.03450	0.01126	0.01690	0.02605	0.01126	0.01971	0.01338	0.01549	0.00915	0.01056	0.00845	0.00563	0.00422	0.00141	0.00704	0.00352	0.00282	0.00845
27	0.01637	0.01414	0.01489	0.01340	0.01712	0.01637	0.01042	0.03498	0.71568	0.02754	0.02679	0.02456	0.02010	0.00893	0.00670	0.00223	0.00521	0.00744	0.00670	0.01042
28	0.01760	0.77260	0.03450	0.01126	0.01690	0.02605	0.01126	0.01971	0.01338	0.01549	0.00915	0.01056	0.00845	0.00563	0.00422	0.00141	0.00704	0.00352	0.00282	0.00845
29	0.01637	0.01414	0.01489	0.01340	0.01712	0.01637	0.01042	0.03498	0.71568	0.02754	0.02679	0.02456	0.02010	0.00893	0.00670	0.00223	0.00521	0.00744	0.00670	0.01042
30	0.00806	0.00579	0.00764	0.00905	0.00954	0.00538	0.00608	0.00928	0.01288	0.01715	0.05996	0.71695	0.06734	0.02025	0.00836	0.00264	0.00378	0.01833	0.00615	0.00538
31	0.00802	0.00573	0.00764	0.00917	0.00955	0.00535	0.00611	0.00917	0.01260	0.01681	0.03628	0.76434	0.04354	0.02062	0.00840	0.00267	0.00382	0.01872	0.00611	0.00535
32	0.00996	0.00657	0.00791	0.00758	0.00918	0.00613	0.00568	0.01293	0.01705	0.02516	0.48177	0.04392	0.10781	0.01221	0.00693	0.00194	0.00312	0.01056	0.21745	0.00613
33	0.00943	0.00632	0.00722	0.00737	0.00740	0.00629	0.00419	0.00954	0.00986	0.01314	0.02220	0.11068	0.02577	0.69853	0.03115	0.00603	0.00614	0.01043	0.00419	0.00412
34	0.02406	0.01706	0.01837	0.01421	0.01914	0.01872	0.01170	0.61779	0.02895	0.06691	0.01671	0.01684	0.01190	0.00789	0.00641	0.00194	0.00681	0.00597	0.07787	0.01074
35	0.01435	0.01212	0.01403	0.01008	0.01590	0.00949	0.00809	0.05892	0.01471	0.02268	0.01195	0.01378	0.00984	0.00506	0.00498	0.00104	0.00502	0.00402	0.00407	0.75987
36	0.01652	0.01345	0.02054	0.21860	0.25276	0.03498	0.03502	0.05661	0.01588	0.10280	0.03651	0.02529	0.01544	0.00839	0.00745	0.00220	0.03388	0.09047	0.00437	0.00883
37	0.02286	0.10712	0.02137	0.01860	0.14333	0.13093	0.01306	0.24539	0.02113	0.16129	0.01553	0.01626	0.01146	0.00860	0.03199	0.00217	0.00810	0.00554	0.00525	0.00999
38	0.01320	0.03405	0.73453	0.01876	0.02849	0.01529	0.02432	0.02085	0.01390	0.02085	0.01181	0.01390	0.00834	0.00625	0.00625	0.00208	0.00973	0.00486	0.00278	0.00973
39	0.00929	0.00655	0.00855	0.00877	0.00927	0.00695	0.00592	0.01036	0.01039	0.01430	0.02173	0.13773	0.02381	0.38677	0.30289	0.00748	0.01035	0.00989	0.00411	0.00491
40	0.01320	0.03405	0.73453	0.01876	0.02849	0.01529	0.02432	0.02085	0.01390	0.02085	0.01181	0.01390	0.00834	0.00625	0.00625	0.00208	0.00973	0.00486	0.00278	0.00973
41	0.81514	0.01273	0.00968	0.00866	0.01273	0.01477	0.00713	0.01935	0.01120	0.02954	0.00917	0.01069	0.00713	0.00611	0.00407	0.00204	0.00509	0.00356	0.00407	0.00713
42	0.04349	0.01335	0.01732	0.07998	0.13195	0.06416	0.01213	0.02746	0.03604	0.44265	0.04868	0.02109	0.01585	0.00773	0.00654	0.00202	0.00656	0.00642	0.00641	0.01017
43	0.00802	0.00573	0.00764	0.00917	0.00955	0.00535	0.00611	0.00917	0.01260	0.01681	0.03628	0.76434	0.04354	0.02062	0.00840	0.00267	0.00382	0.01872	0.00611	0.00535
44	0.01243	0.01170	0.01975	0.75282	0.04534	0.01463	0.01828	0.01682	0.01316	0.01682	0.01170	0.01755	0.00878	0.00658	0.00658	0.00219	0.00878	0.00585	0.00293	0.00731
45	0.01799	0.01869	0.16532	0.10156	0.21173	0.06358	0.01649	0.04905	0.06854	0.14844	0.01900	0.02021	0.05517	0.00746	0.00654	0.00204	0.00770	0.00629	0.00457	0.00963
46	0.04698	0.04654	0.17402	0.01425	0.04632	0.01192	0.01328	0.02832	0.01718	0.50110	0.02121	0.01951	0.01376	0.00749	0.00637	0.00202	0.00663	0.00600	0.00646	0.01063
47	0.01554	0.01776	0.03885	0.02775	0.03441	0.01665	0.70366	0.02109	0.01554	0.02109	0.01332	0.01776	0.00999	0.00555	0.00777	0.00222	0.01110	0.00777	0.00333	0.00888
48	0.01957	0.47804	0.07940	0.01366	0.01885	0.25884	0.01267	0.02194	0.01514	0.01608	0.00968	0.01123	0.00845	0.00605	0.00493	0.00155	0.00881	0.00385	0.00300	0.00827
49	0.01562	0.07056	0.28212	0.02677	0.30195	0.04164	0.06198	0.04365	0.03458	0.02163	0.03036	0.01604	0.01105	0.00635	0.00637	0.00199	0.00859	0.00561	0.00337	0.00978
50	0.00993	0.00804	0.03271	0.03098	0.01270	0.00734	0.00841	0.04950	0.01473	0.01960	0.07675	0.44627	0.06500	0.01791	0.00828	0.00263	0.00480	0.17233	0.00600	0.00609
51	0.00940	0.00705	0.01058	0.01058	0.01176	0.00823	0.00823	0.01176	0.01058	0.01528	0.01763	0.02586	0.01646	0.04937	0.74255	0.01058	0.01763	0.00705	0.00353	0.00588
52	0.00886	0.00685	0.00977	0.01136	0.04721	0.00643	0.03028	0.01047	0.01322	0.01748	0.03692	0.58951	0.10136	0.01884	0.00828	0.00261	0.00438	0.06451	0.00587	0.00579
53	0.01365	0.01170	0.01365	0.00975	0.01560	0.00878	0.00780	0.01658	0.01365	0.02145	0.01170	0.01365	0.00975	0.00488	0.00488	0.00098	0.00488	0.00390	0.00390	0.80888
54	0.00798	0.00644	0.00705	0.00739	0.00907	0.00557	0.00532	0.00957	0.01452	0.01797	0.10017	0.23285	0.49887	0.03623	0.00857	0.00243	0.00351	0.01483	0.00613	0.00551
55	0.00779	0.00663	0.00671	0.00676	0.00892	0.00555	0.00504	0.00944	0.01492	0.01775	0.06555	0.08962	0.69938	0.01682	0.00780	0.00224	0.00335	0.01407	0.00611	0.00555
56	0.04759	0.04420	0.06013	0.04795	0.26785	0.05558	0.06958	0.15650	0.01871	0.14550	0.01503	0.01663	0.01109	0.00672	0.00644	0.00198	0.00782	0.00585	0.00473	0.01012
57	0.30961	0.01417	0.01674	0.04439	0.09149	0.01514	0.04680	0.16414	0.04220	0.17232	0.01520	0.01582	0.01083	0.00696	0.00574	0.00204	0.00638	0.00535	0.00534	0.00935
58	0.01202	0.00758	0.00952	0.00889	0.01112	0.00691	0.00695	0.01506	0.03351	0.12010	0.39135	0.05077	0.20511	0.01385	0.00772	0.00220	0.00385	0.07969	0.00698	0.00682
59	0.01333	0.03332	0.70653	0.01962	0.05615	0.01530	0.02416	0.02082	0.01394	0.02087	0.01184	0.01399	0.00842	0.00624	0.00626	0.00208	0.00965	0.00490	0.00280	0.00976
60	0.01576	0.02125	0.22474	0.10974	0.14443	0.04198	0.13751	0.07108	0.12413	0.02285	0.01470	0.01711	0.01105	0.00666	0.00668	0.00210	0.00874	0.00610	0.00387	0.00955
61	0.00937	0.00632	0.00734	0.00754	0.00762	0.00630	0.00439	0.00958	0.00999	0.01336	0.02266	0.13590	0.02625	0.65095	0.05087	0.00602	0.00638	0.01068	0.00425	0.00422
62	0.00802	0.00573	0.00764	0.00917	0.00955	0.00535	0.00611	0.00917	0.01260	0.01681	0.03628	0.76434	0.04354	0.02062	0.00840	0.00267	0.00382	0.01872	0.00611	0.00535
63	0.13013	0.03748	0.01756	0.03296	0.04350	0.04545	0.01140	0.36681	0.14121	0.05180	0.01660	0.01760	0.01251	0.03729	0.00722	0.00218	0.00676	0.00589	0.00577	0.00989

[dist]
# distance from previous block
# <min> <max>
4	11

[block]
# block no. 5 follows, 33 sequences, length 66
# corresponding to MSA columns:
# 248-313
name=unknown_F
#
# <colnr> <probs for GDERKNQSTAVLIFYWHMCP>
#	G	D	E	R	K	N	Q	S	T	A	V	L	I	F	Y	W	H	M	C	P
0	0.01803	0.10307	0.11795	0.02102	0.20475	0.03672	0.01517	0.20760	0.08123	0.02652	0.01585	0.04261	0.01300	0.00761	0.00628	0.00196	0.00732	0.02210	0.04144	0.00977
1	0.06293	0.07127	0.06129	0.01243	0.01776	0.08794	0.03037	0.04216	0.06515	0.07114	0.01337	0.01469	0.01050	0.00613	0.00592	0.00150	0.03116	0.00463	0.00424	0.38541
2	0.00851	0.00662	0.00773	0.00763	0.00938	0.00584	0.00565	0.01079	0.01647	0.02166	0.36647	0.11750	0.36105	0.01554	0.00783	0.00219	0.00327	0.01340	0.00663	0.00584
3	0.01731	0.03980	0.02099	0.10662	0.21743	0.04358	0.04048	0.11404	0.09488	0.06765	0.05754	0.02069	0.03890	0.00809	0.00812	0.00211	0.08124	0.00664	0.00464	0.00926
4	0.00803	0.00585	0.00752	0.00883	0.00941	0.00540	0.00593	0.00921	0.01280	0.01682	0.03938	0.66588	0.12122	0.03888	0.00896	0.00271	0.00383	0.01793	0.00606	0.00534
5	0.01567	0.01629	0.02793	0.26152	0.10099	0.08277	0.30937	0.02010	0.01503	0.04207	0.01352	0.03977	0.01072	0.00657	0.00708	0.00215	0.00971	0.00693	0.00344	0.00837
6	0.00982	0.00786	0.00930	0.00990	0.05137	0.00743	0.00683	0.01377	0.08687	0.02167	0.23853	0.10266	0.34003	0.01419	0.00748	0.00216	0.00374	0.01218	0.04768	0.00653
7	0.00802	0.00573	0.00764	0.00917	0.00955	0.00535	0.00611	0.00917	0.01260	0.01681	0.03628	0.76434	0.04354	0.02062	0.00840	0.00267	0.00382	0.01872	0.00611	0.00535
8	0.01760	0.77260	0.03450	0.01126	0.01690	0.02605	0.01126	0.01971	0.01338	0.01549	0.00915	0.01056	0.00845	0.00563	0.00422	0.00141	0.00704	0.00352	0.00282	0.00845
9	0.08878	0.01248	0.01557	0.01203	0.01707	0.01179	0.00994	0.13913	0.02020	0.56775	0.02306	0.02045	0.01478	0.00795	0.00642	0.00203	0.00583	0.00628	0.00759	0.01089
10	0.01740	0.73860	0.06672	0.01161	0.01743	0.02555	0.01187	0.01977	0.01340	0.01574	0.00927	0.01071	0.00844	0.00566	0.00432	0.00144	0.00716	0.00358	0.00281	0.00851
11	0.00985	0.00792	0.00933	0.03727	0.01214	0.00785	0.00709	0.01466	0.13202	0.02099	0.18722	0.22298	0.25614	0.01533	0.00774	0.00232	0.00400	0.03227	0.00632	0.00654
12	0.01501	0.15809	0.02288	0.01614	0.01721	0.02128	0.01381	0.01658	0.01071	0.01578	0.00874	0.01367	0.00861	0.01041	0.01831	0.00260	0.61454	0.00534	0.00287	0.00744
13	0.81514	0.01273	0.00968	0.00866	0.01273	0.01477	0.00713	0.01935	0.01120	0.02954	0.00917	0.01069	0.00713	0.00611	0.00407	0.00204	0.00509	0.00356	0.00407	0.00713
14	0.00809	0.00588	0.00765	0.00903	0.00962	0.00544	0.00616	0.00934	0.01292	0.01699	0.03908	0.67541	0.10717	0.02017	0.00837	0.00264	0.00385	0.04067	0.00611	0.00539
15	0.01341	0.01178	0.01934	0.68750	0.04284	0.01446	0.01755	0.01828	0.04195	0.05133	0.01299	0.01807	0.00959	0.00675	0.00659	0.00219	0.00848	0.00595	0.00333	0.00762
16	0.73199	0.01333	0.01074	0.00934	0.01354	0.01536	0.00770	0.09157	0.01328	0.03079	0.00987	0.01123	0.00756	0.00630	0.00434	0.00203	0.00532	0.00381	0.00434	0.00756
17	0.02459	0.03138	0.01866	0.01696	0.02035	0.74221	0.01272	0.02629	0.01866	0.01611	0.01018	0.01187	0.00848	0.00678	0.00594	0.00170	0.01187	0.00424	0.00339	0.00763
18	0.01776	0.01299	0.03747	0.06003	0.08252	0.01214	0.15638	0.08549	0.01796	0.19156	0.12984	0.03032	0.06810	0.00934	0.00727	0.00216	0.00689	0.05717	0.00571	0.00888
19	0.01554	0.01776	0.03885	0.02775	0.03441	0.01665	0.70366	0.02109	0.01554	0.02109	0.01332	0.01776	0.00999	0.00555	0.00777	0.00222	0.01110	0.00777	0.00333	0.00888
20	0.02096	0.08820	0.01990	0.01520	0.03656	0.12043	0.02839	0.31280	0.08498	0.05566	0.01672	0.07479	0.01387	0.00866	0.00727	0.00199	0.05056	0.00662	0.00537	0.03106
21	0.08147	0.14848	0.20513	0.01775	0.06603	0.05198	0.13547	0.02104	0.01455	0.08150	0.01325	0.03521	0.01047	0.00644	0.00596	0.00187	0.00814	0.00551	0.00371	0.08605
22	0.01682	0.19481	0.22680	0.01430	0.03959	0.06092	0.01421	0.06973	0.03906	0.09027	0.03831	0.02114	0.08553	0.02627	0.00666	0.00197	0.00737	0.00608	0.00430	0.03588
23	0.01482	0.01175	0.01292	0.01168	0.01479	0.01304	0.00904	0.02815	0.47917	0.05124	0.20578	0.03082	0.03062	0.01001	0.00687	0.00215	0.00458	0.00850	0.04493	0.00916
24	0.01369	0.01241	0.02063	0.42530	0.26111	0.01390	0.01736	0.01765	0.01421	0.03678	0.04869	0.03827	0.03741	0.00740	0.00670	0.00212	0.00781	0.00675	0.00356	0.00826
25	0.01980	0.10244	0.23597	0.03542	0.06516	0.12341	0.03657	0.03824	0.04470	0.19253	0.01682	0.01733	0.02843	0.00708	0.00621	0.00195	0.00828	0.00557	0.00454	0.00955
26	0.02819	0.01131	0.01508	0.01164	0.01657	0.00998	0.00959	0.06302	0.01930	0.66098	0.04315	0.02396	0.03860	0.00852	0.00668	0.00204	0.00555	0.00693	0.00799	0.01091
27	0.02954	0.01120	0.01528	0.01171	0.01681	0.00968	0.00968	0.03208	0.01884	0.73213	0.02597	0.02241	0.01630	0.00815	0.00662	0.00204	0.00560	0.00662	0.00815	0.01120
28	0.05554	0.01162	0.01590	0.08847	0.18593	0.01230	0.01242	0.05874	0.12968	0.04449	0.02579	0.14026	0.07164	0.01138	0.00718	0.00231	0.00607	0.10679	0.00521	0.00830
29	0.01829	0.01906	0.02482	0.07461	0.46931	0.18379	0.05488	0.02176	0.01586	0.03780	0.01222	0.01557	0.01001	0.00616	0.00646	0.00193	0.00893	0.00561	0.00340	0.00954
30	0.00942	0.00698	0.01020	0.01020	0.01124	0.00802	0.00775	0.01151	0.01047	0.01500	0.01798	0.02779	0.01729	0.12979	0.66327	0.01011	0.01638	0.00734	0.00358	0.00567
31	0.00868	0.00624	0.00837	0.00984	0.01058	0.00593	0.00723	0.01032	0.01334	0.01758	0.03694	0.56357	0.06506	0.01987	0.00856	0.00275	0.00438	0.18914	0.00610	0.00554
32	0.04417	0.32003	0.06201	0.10119	0.12397	0.16133	0.01424	0.06744	0.01576	0.01912	0.01069	0.01296	0.00892	0.00620	0.00541	0.00172	0.00838	0.00450	0.00330	0.00866
33	0.05378	0.01825	0.01977	0.01534	0.02045	0.03998	0.04022	0.58458	0.07862	0.03849	0.01609	0.01621	0.01156	0.00778	0.00653	0.00200	0.00730	0.00597	0.00628	0.01079
34	0.00802	0.00573	0.00764	0.00917	0.00955	0.00535	0.00611	0.00917	0.01260	0.01681	0.03628	0.76434	0.04354	0.02062	0.00840	0.00267	0.00382	0.01872	0.00611	0.00535
35	0.02404	0.04869	0.01953	0.01457	0.01959	0.04387	0.01203	0.58982	0.05235	0.05486	0.01618	0.01625	0.01164	0.00781	0.00640	0.00194	0.00712	0.00585	0.03674	0.01075
36	0.01142	0.00830	0.01136	0.01062	0.01294	0.00768	0.03379	0.01431	0.03766	0.06124	0.12169	0.28151	0.03288	0.01834	0.09297	0.00319	0.00618	0.08425	0.00561	0.14407
37	0.01144	0.00572	0.00858	0.00858	0.00858	0.00572	0.00572	0.00858	0.00858	0.01144	0.01144	0.02001	0.01144	0.02287	0.02573	0.80846	0.00572	0.00572	0.00286	0.00286
38	0.01902	0.62203	0.03128	0.01242	0.01760	0.17153	0.01156	0.02105	0.01445	0.01562	0.00936	0.01083	0.00845	0.00587	0.00457	0.00147	0.00802	0.00367	0.00293	0.00828
39	0.00812	0.00579	0.00767	0.00908	0.00949	0.00541	0.00606	0.00931	0.01276	0.01708	0.06376	0.71511	0.04375	0.04129	0.00908	0.00275	0.00386	0.01818	0.00610	0.00534
40	0.02860	0.01131	0.01520	0.01171	0.01668	0.00995	0.00965	0.05672	0.01929	0.67926	0.05214	0.02318	0.01785	0.00834	0.00666	0.00204	0.00557	0.00680	0.00805	0.01101
41	0.00879	0.00666	0.00809	0.00783	0.00953	0.00597	0.00584	0.01136	0.01724	0.02331	0.49017	0.08758	0.26404	0.01478	0.00780	0.00215	0.00321	0.01284	0.00685	0.00597
42	0.00937	0.00630	0.00724	0.00744	0.00749	0.00625	0.00426	0.00952	0.00997	0.01329	0.02276	0.13682	0.02648	0.67143	0.03024	0.00590	0.00605	0.01076	0.00426	0.00417
43	0.01320	0.03405	0.73453	0.01876	0.02849	0.01529	0.02432	0.02085	0.01390	0.02085	0.01181	0.01390	0.00834	0.00625	0.00625	0.00208	0.00973	0.00486	0.00278	0.00973
44	0.01702	0.01717	0.02553	0.07066	0.61946	0.09440	0.01930	0.02071	0.01530	0.02071	0.01211	0.01587	0.01014	0.00600	0.00646	0.00194	0.00830	0.00569	0.00326	0.00998
45	0.01528	0.01263	0.01365	0.01232	0.01567	0.01422	0.00955	0.03044	0.56308	0.04418	0.14426	0.02969	0.04647	0.00988	0.00690	0.00220	0.00482	0.00835	0.00681	0.00960
46	0.00926	0.00673	0.00872	0.00822	0.00980	0.00619	0.00617	0.01231	0.01850	0.02607	0.69932	0.04971	0.08710	0.01358	0.00777	0.00208	0.00311	0.01198	0.00720	0.00619
47	0.00817	0.00584	0.00781	0.00934	0.00978	0.00548	0.00637	0.00942	0.01275	0.01697	0.03620	0.72460	0.04322	0.02048	0.00844	0.00269	0.00395	0.05699	0.00611	0.00539
48	0.01572	0.01323	0.01418	0.01281	0.01630	0.01500	0.01005	0.06962	0.56249	0.02737	0.06988	0.03017	0.05555	0.01003	0.00694	0.00225	0.00516	0.04684	0.00666	0.00974
49	0.01735	0.01416	0.01509	0.01338	0.01723	0.01620	0.01046	0.06046	0.65552	0.06245	0.02633	0.02412	0.01957	0.00885	0.00669	0.00221	0.00531	0.00734	0.00677	0.01049
50	0.01629	0.01564	0.02672	0.04041	0.72757	0.01564	0.02020	0.02020	0.01499	0.02151	0.01238	0.01629	0.01043	0.00587	0.00652	0.00196	0.00782	0.00587	0.00326	0.01043
51	0.02503	0.01844	0.01976	0.01515	0.02042	0.02042	0.01251	0.70562	0.03095	0.04149	0.01581	0.01581	0.01120	0.00790	0.00659	0.00198	0.00724	0.00593	0.00659	0.01120
52	0.00957	0.00638	0.00718	0.00718	0.00718	0.00638	0.00399	0.00957	0.00957	0.01276	0.02074	0.04308	0.02393	0.76864	0.03351	0.00638	0.00638	0.00957	0.00399	0.00399
53	0.00791	0.00670	0.00685	0.00689	0.00907	0.00564	0.00521	0.00966	0.01510	0.01806	0.08219	0.06335	0.68610	0.01664	0.00782	0.00225	0.00342	0.03541	0.00614	0.00559
54	0.01227	0.00614	0.00614	0.00614	0.00767	0.00614	0.00460	0.01534	0.01381	0.02454	0.02148	0.02454	0.01687	0.00767	0.00460	0.00153	0.00307	0.00614	0.80518	0.00614
55	0.78926	0.01268	0.00986	0.00876	0.01287	0.01460	0.00721	0.01977	0.01146	0.05268	0.00972	0.01108	0.00743	0.00618	0.00416	0.00204	0.00511	0.00367	0.00421	0.00726
56	0.00827	0.00642	0.00755	0.00799	0.00948	0.00570	0.00582	0.01012	0.01498	0.01926	0.18595	0.28001	0.35302	0.01733	0.00803	0.00237	0.00355	0.04217	0.00633	0.00564
57	0.00801	0.00576	0.00761	0.00908	0.00953	0.00535	0.00607	0.00918	0.01268	0.01684	0.03730	0.74088	0.06635	0.02049	0.00838	0.00266	0.00380	0.01855	0.00611	0.00535
58	0.00816	0.00583	0.00779	0.00925	0.00971	0.00546	0.00629	0.00944	0.01289	0.01721	0.05762	0.71574	0.04390	0.02031	0.00841	0.00267	0.00388	0.04389	0.00614	0.00540
59	0.00862	0.00642	0.00812	0.00931	0.01014	0.00613	0.00649	0.01093	0.05349	0.01769	0.03887	0.60913	0.11387	0.01940	0.00828	0.00262	0.00397	0.05467	0.00614	0.00570
60	0.01408	0.02123	0.26818	0.04223	0.02875	0.01436	0.33692	0.01961	0.01462	0.04321	0.01632	0.11884	0.01420	0.00797	0.00727	0.00223	0.00940	0.00820	0.00367	0.00871
61	0.04560	0.05734	0.01867	0.01604	0.01962	0.62118	0.01223	0.07089	0.01895	0.01822	0.01242	0.01382	0.03317	0.00714	0.00593	0.00173	0.01090	0.00464	0.00370	0.00782
62	0.01558	0.01475	0.02496	0.06484	0.63962	0.01483	0.01905	0.01944	0.01514	0.02156	0.05400	0.01991	0.01414	0.00669	0.00667	0.00200	0.00753	0.02582	0.00356	0.00994
63	0.02089	0.01336	0.01640	0.01583	0.10886	0.01374	0.01115	0.17509	0.17832	0.22745	0.02648	0.02521	0.09278	0.00889	0.00668	0.00206	0.00583	0.00734	0.03349	0.01014
64	0.09585	0.05049	0.01829	0.01663	0.09602	0.15824	0.05721	0.12105	0.01709	0.06083	0.01730	0.10274	0.03362	0.03874	0.02761	0.00238	0.02909	0.00715	0.00456	0.04510
65	0.04241	0.05690	0.01700	0.04011	0.07561	0.05522	0.01104	0.17001	0.16538	0.05719	0.04394	0.08354	0.03663	0.03411	0.00772	0.00216	0.02450	0.00744	0.00542	0.06367

[dist]
# distance from previous block
# <min> <max>
0	6

[block]
# block no. 6 follows, 33 sequences, length 54
# corresponding to MSA columns:
# 320-373
name=unknown_G
#
# <colnr> <probs for GDERKNQSTAVLIFYWHMCP>
#	G	D	E	R	K	N	Q	S	T	A	V	L	I	F	Y	W	H	M	C	P
0	0.01715	0.02990	0.01522	0.01290	0.03722	0.08133	0.00979	0.13689	0.08364	0.07586	0.04756	0.13472	0.01884	0.00940	0.00700	0.00185	0.03864	0.00763	0.02200	0.21245
1	0.01590	0.01378	0.06114	0.03482	0.05961	0.01287	0.05574	0.16901	0.03990	0.07157	0.02458	0.15629	0.09702	0.01071	0.00788	0.00211	0.05440	0.00902	0.00527	0.09836
2	0.01580	0.03650	0.08825	0.03762	0.14401	0.06447	0.01270	0.04037	0.03785	0.05643	0.01453	0.06395	0.01247	0.00693	0.00615	0.00163	0.02076	0.00573	0.00409	0.32976
3	0.16047	0.14588	0.12926	0.01392	0.01912	0.11766	0.04385	0.06406	0.03584	0.12427	0.01554	0.01747	0.03019	0.00740	0.00619	0.00196	0.02828	0.02547	0.00443	0.00875
