[name]
unknown

[dist]
# distance from previous block
# <min> <max>
4	17

[block]
# block no. 0 follows, 34 sequences, length 211
# corresponding to MSA columns:
# 22-232
name=unknown_A
#
# <colnr> <probs for GDERKNQSTAVLIFYWHMCP>
#	G	D	E	R	K	N	Q	S	T	A	V	L	I	F	Y	W	H	M	C	P
0	0.07399	0.00744	0.00896	0.03900	0.01146	0.00760	0.00672	0.05267	0.01363	0.01955	0.09379	0.37096	0.07965	0.08877	0.04771	0.02206	0.00509	0.01286	0.03232	0.00577
1	0.04236	0.00743	0.00846	0.00838	0.01002	0.00721	0.00612	0.04702	0.04196	0.02053	0.17995	0.19114	0.22953	0.08637	0.01050	0.03298	0.00410	0.03287	0.02720	0.00586
2	0.01359	0.00943	0.01080	0.01015	0.01209	0.03192	0.00745	0.10208	0.06546	0.09179	0.07275	0.25571	0.06386	0.13815	0.08101	0.00366	0.00629	0.01121	0.00571	0.00686
3	0.07413	0.01184	0.09036	0.03365	0.01398	0.03267	0.00893	0.06031	0.04466	0.01980	0.04740	0.22854	0.11369	0.11074	0.03295	0.02470	0.00590	0.01050	0.00490	0.03036
4	0.06850	0.00870	0.01096	0.01245	0.09415	0.00877	0.00797	0.06400	0.01386	0.02046	0.04978	0.25954	0.04830	0.11779	0.05343	0.00319	0.00565	0.02841	0.08676	0.03733
5	0.01225	0.00964	0.04168	0.03191	0.01294	0.03039	0.00790	0.04208	0.01554	0.09505	0.14617	0.14808	0.21760	0.07140	0.00931	0.00249	0.00486	0.05902	0.00584	0.03585
6	0.04555	0.01217	0.03578	0.12050	0.13872	0.01225	0.03378	0.10898	0.05702	0.08877	0.08535	0.13501	0.02128	0.02985	0.00739	0.00221	0.00616	0.00844	0.04250	0.00828
7	0.01145	0.01087	0.04403	0.03259	0.03999	0.05639	0.03710	0.03150	0.03532	0.01804	0.09959	0.21206	0.02691	0.13596	0.13651	0.00426	0.04620	0.01028	0.00463	0.00632
8	0.04804	0.00986	0.01183	0.00998	0.01314	0.00967	0.00791	0.11960	0.04085	0.23316	0.24900	0.05654	0.03053	0.00996	0.00655	0.00196	0.00450	0.00834	0.12025	0.00834
9	0.01434	0.04354	0.07112	0.13450	0.05287	0.01262	0.08700	0.06522	0.03698	0.07496	0.01917	0.15719	0.01788	0.01165	0.03056	0.03186	0.04998	0.03311	0.04777	0.00768
10	0.17980	0.01122	0.01355	0.04062	0.01629	0.01074	0.00902	0.04939	0.01664	0.46617	0.02047	0.01912	0.01354	0.00737	0.00580	0.00192	0.00538	0.00571	0.06259	0.04466
11	0.08463	0.10637	0.01656	0.01235	0.03541	0.01487	0.00967	0.23234	0.01761	0.07452	0.01625	0.04912	0.01437	0.11925	0.13753	0.00398	0.03576	0.00653	0.00480	0.00808
12	0.00821	0.00653	0.00736	0.00723	0.00910	0.00569	0.00539	0.01035	0.01597	0.02057	0.31176	0.08349	0.45483	0.01533	0.00765	0.00214	0.00321	0.01309	0.00641	0.00569
13	0.01960	0.07321	0.01990	0.01593	0.01818	0.27539	0.01290	0.06961	0.01510	0.06532	0.01067	0.01362	0.00909	0.00880	0.01259	0.00220	0.34140	0.00504	0.00360	0.00784
14	0.01413	0.01206	0.01396	0.01033	0.01570	0.01009	0.00828	0.04806	0.07355	0.02224	0.01281	0.01441	0.01045	0.00545	0.00552	0.00116	0.02859	0.00426	0.00414	0.68478
15	0.00768	0.00655	0.00661	0.00659	0.00875	0.00547	0.00494	0.00936	0.01483	0.01771	0.08514	0.06177	0.71015	0.01627	0.00764	0.00218	0.00327	0.01358	0.00603	0.00547
16	0.03522	0.05345	0.47083	0.01767	0.04709	0.01460	0.07737	0.04092	0.04112	0.04077	0.04184	0.01889	0.05766	0.00715	0.00633	0.00204	0.00840	0.00596	0.00359	0.00911
17	0.00848	0.00686	0.00757	0.00734	0.00936	0.00610	0.00552	0.01125	0.04437	0.02065	0.28434	0.05603	0.47915	0.01501	0.00759	0.00213	0.00327	0.01273	0.00639	0.00586
18	0.01583	0.04524	0.05552	0.12338	0.17775	0.08280	0.10285	0.05882	0.01554	0.04639	0.06409	0.02148	0.04301	0.00802	0.00821	0.00210	0.08854	0.02811	0.00393	0.00838
19	0.61022	0.12377	0.07162	0.00996	0.01459	0.04359	0.00913	0.01942	0.01179	0.02585	0.00924	0.01077	0.00733	0.00597	0.00426	0.00190	0.00588	0.00362	0.00370	0.00740
20	0.01664	0.01662	0.02615	0.06107	0.53173	0.06957	0.09594	0.04230	0.03784	0.02131	0.01263	0.01612	0.01031	0.00597	0.00650	0.00195	0.00827	0.00590	0.00341	0.00977
21	0.01388	0.01406	0.02289	0.08676	0.04446	0.01763	0.15125	0.01649	0.01141	0.01678	0.01041	0.01594	0.00936	0.01222	0.06914	0.00316	0.46762	0.00615	0.00298	0.00741
22	0.00940	0.00626	0.00705	0.00705	0.00705	0.00626	0.00392	0.00940	0.00940	0.01253	0.02036	0.04228	0.02349	0.77292	0.03289	0.00626	0.00626	0.00940	0.00392	0.00392
23	0.00898	0.00669	0.00871	0.00852	0.00997	0.00657	0.00644	0.01140	0.01496	0.02058	0.36324	0.04516	0.15848	0.06943	0.20245	0.00453	0.00711	0.03528	0.00573	0.00576
24	0.01815	0.61853	0.03027	0.01199	0.01698	0.14939	0.01119	0.02016	0.01392	0.01530	0.00948	0.01116	0.00860	0.00737	0.03295	0.00178	0.00813	0.00371	0.00289	0.00806
25	0.02311	0.01679	0.01814	0.01430	0.01915	0.01856	0.01169	0.53008	0.17037	0.08207	0.01834	0.01768	0.01309	0.00798	0.00649	0.00199	0.00660	0.00616	0.00658	0.01083
26	0.01024	0.00946	0.06010	0.03314	0.01315	0.00790	0.03829	0.03959	0.01711	0.02375	0.48209	0.04317	0.11115	0.07142	0.00941	0.00238	0.00443	0.01063	0.00614	0.00644
27	0.01656	0.01451	0.01486	0.01330	0.01699	0.03814	0.01035	0.05348	0.68004	0.02708	0.02550	0.02349	0.01913	0.00867	0.00655	0.00217	0.00537	0.00717	0.00647	0.01017
28	0.41330	0.03620	0.05839	0.03945	0.15226	0.10345	0.04829	0.01997	0.01303	0.02384	0.01013	0.01253	0.00811	0.00618	0.00561	0.00197	0.03137	0.00443	0.00355	0.00794
29	0.01445	0.05569	0.52242	0.02126	0.11045	0.03457	0.08885	0.02083	0.01417	0.04080	0.01207	0.01436	0.00881	0.00607	0.00624	0.00201	0.00930	0.00515	0.00300	0.00949
30	0.01320	0.01135	0.01367	0.06004	0.01715	0.00893	0.00831	0.01612	0.01334	0.02065	0.01202	0.03037	0.01024	0.00524	0.00497	0.00107	0.00502	0.00428	0.00381	0.74019
31	0.00940	0.00626	0.00705	0.00705	0.00705	0.00626	0.00392	0.00940	0.00940	0.01253	0.02036	0.04228	0.02349	0.77292	0.03289	0.00626	0.00626	0.00940	0.00392	0.00392
32	0.00929	0.00638	0.00780	0.00786	0.00813	0.00662	0.00491	0.00985	0.00974	0.01324	0.02036	0.07027	0.02273	0.58188	0.18784	0.00701	0.00857	0.00925	0.00391	0.00438
33	0.00769	0.00652	0.00664	0.00667	0.00878	0.00547	0.00498	0.00936	0.01478	0.01771	0.08678	0.08294	0.68696	0.01637	0.00765	0.00219	0.00328	0.01371	0.00604	0.00547
34	0.01514	0.01448	0.02468	0.20178	0.57719	0.01513	0.01940	0.01908	0.01431	0.02007	0.01200	0.01627	0.00987	0.00592	0.00641	0.00197	0.00789	0.00575	0.00312	0.00954
35	0.81856	0.01250	0.00950	0.00850	0.01250	0.01449	0.00700	0.01899	0.01100	0.02899	0.00900	0.01050	0.00700	0.00600	0.00400	0.00200	0.00500	0.00350	0.00400	0.00700
36	0.00879	0.00649	0.00823	0.00812	0.00958	0.00593	0.00603	0.01138	0.01689	0.02326	0.52224	0.14791	0.15334	0.01473	0.00774	0.00216	0.00325	0.03126	0.00677	0.00589
37	0.01826	0.71255	0.03228	0.01109	0.01658	0.02422	0.01093	0.02037	0.01358	0.07577	0.01037	0.01134	0.00894	0.00574	0.00434	0.00143	0.00679	0.00371	0.00320	0.00852
38	0.00923	0.00692	0.01038	0.01038	0.01154	0.00808	0.00808	0.01154	0.01038	0.01500	0.01731	0.02538	0.01615	0.04846	0.74732	0.01038	0.01731	0.00692	0.00346	0.00577
39	0.01525	0.01743	0.03813	0.02723	0.03377	0.01634	0.70915	0.02070	0.01525	0.02070	0.01307	0.01743	0.00980	0.00545	0.00763	0.00218	0.01089	0.00763	0.00327	0.00871
40	0.01340	0.01148	0.01340	0.00957	0.01531	0.00861	0.00766	0.01627	0.01340	0.02105	0.01148	0.01340	0.00957	0.00479	0.00479	0.00096	0.00479	0.00383	0.00383	0.81242
41	0.76800	0.03704	0.03339	0.00889	0.01311	0.01486	0.00766	0.01905	0.01115	0.02829	0.00908	0.01059	0.00708	0.00599	0.00407	0.00198	0.00520	0.00354	0.00392	0.00712
42	0.78781	0.04183	0.01043	0.00860	0.01265	0.01492	0.00715	0.01901	0.01108	0.02846	0.00900	0.01049	0.00705	0.00598	0.00400	0.00198	0.00507	0.00350	0.00395	0.00705
43	0.02473	0.01783	0.01923	0.01474	0.01990	0.01964	0.01218	0.68558	0.02993	0.06684	0.01589	0.01576	0.01118	0.00777	0.00646	0.00194	0.00705	0.00584	0.00652	0.01099
44	0.02510	0.01724	0.01886	0.01446	0.01961	0.01876	0.01194	0.62856	0.02894	0.12527	0.01672	0.01630	0.01160	0.00779	0.00647	0.00195	0.00691	0.00590	0.00665	0.01099
45	0.12214	0.33476	0.25056	0.03489	0.08379	0.01944	0.01553	0.03817	0.01360	0.01992	0.01032	0.01222	0.00834	0.00589	0.00507	0.00175	0.00760	0.00420	0.00306	0.00873
46	0.00917	0.00750	0.03479	0.00828	0.00991	0.00637	0.00638	0.01183	0.01654	0.02310	0.54335	0.07042	0.10117	0.11024	0.01081	0.00260	0.00373	0.01150	0.00643	0.00587
47	0.02057	0.05862	0.01712	0.01409	0.01786	0.28240	0.01101	0.12440	0.23597	0.07111	0.01947	0.04576	0.03684	0.00830	0.00625	0.00193	0.00779	0.00630	0.00524	0.00896
48	0.21469	0.08393	0.25861	0.04366	0.02089	0.01596	0.01459	0.13543	0.03214	0.07344	0.01287	0.01430	0.00948	0.00814	0.03399	0.00229	0.00769	0.00482	0.00414	0.00893
49	0.01698	0.21957	0.20992	0.02293	0.25267	0.09108	0.01734	0.04268	0.01498	0.03852	0.01143	0.01364	0.00919	0.00601	0.00569	0.00179	0.00828	0.00477	0.00321	0.00932
50	0.04581	0.01616	0.02628	0.15464	0.17048	0.03638	0.23407	0.16318	0.01760	0.02417	0.01271	0.01618	0.00973	0.00645	0.00728	0.00208	0.03766	0.00623	0.00386	0.00906
51	0.01727	0.77681	0.03386	0.01106	0.01658	0.02557	0.01106	0.01935	0.01313	0.01520	0.00898	0.01036	0.00829	0.00553	0.00415	0.00138	0.00691	0.00345	0.00276	0.00829
52	0.01340	0.01148	0.01340	0.00957	0.01531	0.00861	0.00766	0.01627	0.01340	0.02105	0.01148	0.01340	0.00957	0.00479	0.00479	0.00096	0.00479	0.00383	0.00383	0.81242
53	0.00787	0.00562	0.00750	0.00900	0.00937	0.00525	0.00600	0.00900	0.01237	0.01649	0.03561	0.76871	0.04274	0.02024	0.00825	0.00262	0.00375	0.01837	0.00600	0.00525
54	0.02424	0.01794	0.01921	0.01480	0.01991	0.01989	0.01220	0.68510	0.05688	0.04020	0.01593	0.01584	0.01132	0.00780	0.00647	0.00195	0.00703	0.00587	0.00647	0.01096
55	0.01862	0.57768	0.06115	0.01263	0.01784	0.18633	0.01193	0.02084	0.01431	0.01557	0.00932	0.01080	0.00829	0.00581	0.00461	0.00147	0.00808	0.00367	0.00289	0.00817
56	0.01573	0.01160	0.01368	0.01016	0.01545	0.00952	0.00815	0.05350	0.04991	0.10910	0.05432	0.01702	0.01380	0.00599	0.00532	0.00125	0.00491	0.00486	0.00478	0.59095
57	0.03795	0.09913	0.26621	0.02076	0.14155	0.04455	0.09604	0.10078	0.04692	0.04199	0.01365	0.03755	0.01077	0.00673	0.00621	0.00197	0.00832	0.00576	0.00377	0.00940
58	0.01402	0.00959	0.01288	0.01452	0.14038	0.00915	0.00925	0.01821	0.08965	0.14443	0.18917	0.09051	0.20826	0.01182	0.00715	0.00210	0.00462	0.01025	0.00615	0.00788
59	0.01204	0.00602	0.00602	0.00602	0.00753	0.00602	0.00452	0.01506	0.01355	0.02409	0.02108	0.02409	0.01656	0.00753	0.00452	0.00151	0.00301	0.00602	0.80879	0.00602
60	0.02819	0.01142	0.01517	0.01167	0.01660	0.01020	0.00962	0.08142	0.01937	0.66872	0.04132	0.02213	0.01668	0.00810	0.00652	0.00200	0.00556	0.00657	0.00786	0.01088
61	0.01220	0.01148	0.01938	0.75739	0.04450	0.01436	0.01794	0.01651	0.01292	0.01651	0.01148	0.01723	0.00861	0.00646	0.00646	0.00215	0.00861	0.00574	0.00287	0.00718
62	0.01727	0.77681	0.03386	0.01106	0.01658	0.02557	0.01106	0.01935	0.01313	0.01520	0.00898	0.01036	0.00829	0.00553	0.00415	0.00138	0.00691	0.00345	0.00276	0.00829
63	0.00768	0.00655	0.00660	0.00659	0.00875	0.00547	0.00494	0.00935	0.01482	0.01768	0.08327	0.06181	0.71204	0.01628	0.00764	0.00218	0.00327	0.01358	0.00603	0.00547
64	0.01012	0.00768	0.00959	0.00910	0.01111	0.00709	0.00683	0.03517	0.01454	0.02019	0.19725	0.19082	0.09389	0.07804	0.08561	0.00326	0.00561	0.06687	0.00548	0.14176
65	0.00803	0.00574	0.00768	0.00918	0.00962	0.00538	0.00627	0.00927	0.01253	0.01667	0.03553	0.72552	0.04239	0.02009	0.00829	0.00265	0.00389	0.06000	0.00599	0.00529
66	0.00934	0.00624	0.00706	0.00712	0.00713	0.00623	0.00399	0.00938	0.00950	0.01267	0.02091	0.06834	0.02418	0.74593	0.03200	0.00613	0.00617	0.00972	0.00399	0.00396
67	0.01525	0.01743	0.03813	0.02723	0.03377	0.01634	0.70915	0.02070	0.01525	0.02070	0.01307	0.01743	0.00980	0.00545	0.00763	0.00218	0.01089	0.00763	0.00327	0.00871
68	0.01529	0.18306	0.32339	0.04448	0.10850	0.06469	0.13318	0.02041	0.01420	0.01905	0.01125	0.01384	0.00874	0.00590	0.00599	0.00189	0.00911	0.00508	0.00292	0.00902
69	0.00845	0.00577	0.00770	0.00906	0.00957	0.00536	0.00609	0.00961	0.01254	0.03606	0.03534	0.74843	0.04201	0.01991	0.00820	0.00261	0.00380	0.01805	0.00605	0.00540
70	0.81856	0.01250	0.00950	0.00850	0.01250	0.01449	0.00700	0.01899	0.01100	0.02899	0.00900	0.01050	0.00700	0.00600	0.00400	0.00200	0.00500	0.00350	0.00400	0.00700
71	0.00787	0.00655	0.00687	0.00679	0.00887	0.00555	0.00509	0.00973	0.01528	0.01878	0.16911	0.06001	0.62552	0.01587	0.00763	0.00216	0.00324	0.01333	0.00617	0.00555
72	0.02414	0.03079	0.01831	0.01665	0.01998	0.74698	0.01248	0.02580	0.01831	0.01581	0.00999	0.01165	0.00832	0.00666	0.00583	0.00166	0.01165	0.00416	0.00333	0.00749
73	0.01717	0.01364	0.01464	0.01301	0.01678	0.01551	0.01017	0.03409	0.66145	0.08717	0.02623	0.02393	0.01941	0.00870	0.00657	0.00218	0.00515	0.00724	0.00670	0.01029
74	0.00823	0.00657	0.00736	0.00717	0.00909	0.00571	0.00537	0.01042	0.01612	0.02076	0.32528	0.05673	0.46811	0.01513	0.00763	0.00212	0.00318	0.01287	0.00644	0.00571
75	0.01220	0.01148	0.01938	0.75739	0.04450	0.01436	0.01794	0.01651	0.01292	0.01651	0.01148	0.01723	0.00861	0.00646	0.00646	0.00215	0.00861	0.00574	0.00287	0.00718
76	0.00815	0.00657	0.00726	0.00708	0.00904	0.00567	0.00531	0.01027	0.01594	0.02033	0.29116	0.05745	0.50249	0.01529	0.00763	0.00213	0.00320	0.01297	0.00638	0.00567
77	0.00923	0.00692	0.01038	0.01038	0.01154	0.00808	0.00808	0.01154	0.01038	0.01500	0.01731	0.02538	0.01615	0.04846	0.74732	0.01038	0.01731	0.00692	0.00346	0.00577
78	0.02456	0.01810	0.01939	0.01487	0.02004	0.02004	0.01228	0.71107	0.03038	0.04072	0.01551	0.01551	0.01099	0.00776	0.00646	0.00194	0.00711	0.00582	0.00646	0.01099
79	0.00800	0.00637	0.00718	0.00738	0.00905	0.00555	0.00538	0.00984	0.01501	0.01906	0.20052	0.20248	0.44841	0.01648	0.00776	0.00224	0.00332	0.01418	0.00624	0.00555
80	0.02420	0.02891	0.01847	0.01638	0.01998	0.63905	0.01245	0.12754	0.02010	0.01951	0.01081	0.01223	0.00872	0.00682	0.00592	0.00171	0.01098	0.00441	0.00379	0.00801
81	0.01340	0.01148	0.01340	0.00957	0.01531	0.00861	0.00766	0.01627	0.01340	0.02105	0.01148	0.01340	0.00957	0.00479	0.00479	0.00096	0.00479	0.00383	0.00383	0.81242
82	0.01675	0.67822	0.09769	0.01197	0.01764	0.02437	0.01235	0.01930	0.01305	0.01570	0.00920	0.01082	0.00829	0.00582	0.00502	0.00150	0.03755	0.00366	0.00276	0.00836
83	0.00787	0.00562	0.00750	0.00900	0.00937	0.00525	0.00600	0.00900	0.01237	0.01649	0.03561	0.76871	0.04274	0.02024	0.00825	0.00262	0.00375	0.01837	0.00600	0.00525
84	0.02225	0.23539	0.02257	0.01511	0.01904	0.54914	0.01209	0.02403	0.01689	0.01565	0.00971	0.01130	0.00831	0.00635	0.00537	0.00159	0.01035	0.00397	0.00317	0.00771
85	0.01414	0.01414	0.01979	0.01696	0.01696	0.01979	0.01414	0.01555	0.00990	0.01555	0.00848	0.01414	0.00848	0.01131	0.02120	0.00283	0.76110	0.00565	0.00283	0.00707
86	0.01817	0.68108	0.03195	0.01166	0.01702	0.07162	0.01122	0.06329	0.01455	0.01685	0.00946	0.01077	0.00846	0.00574	0.00440	0.00144	0.00723	0.00365	0.00303	0.00841
87	0.01755	0.01408	0.07504	0.02547	0.37280	0.01227	0.01516	0.02111	0.01572	0.19255	0.09260	0.02277	0.04402	0.00936	0.03888	0.00234	0.00707	0.00683	0.00484	0.00956
88	0.01204	0.00602	0.00602	0.00602	0.00753	0.00602	0.00452	0.01506	0.01355	0.02409	0.02108	0.02409	0.01656	0.00753	0.00452	0.00151	0.00301	0.00602	0.80879	0.00602
89	0.01041	0.00744	0.01041	0.01190	0.01339	0.00744	0.01041	0.01339	0.01487	0.01934	0.03421	0.07288	0.03719	0.01785	0.00892	0.00297	0.00595	0.68913	0.00595	0.00595
90	0.01831	0.01499	0.01587	0.01360	0.01765	0.01712	0.01077	0.21255	0.53908	0.03063	0.02346	0.02184	0.01742	0.00850	0.00655	0.00213	0.00564	0.00691	0.00655	0.01043
91	0.00993	0.00712	0.00983	0.01128	0.01261	0.00703	0.00955	0.01257	0.01448	0.01883	0.03541	0.18190	0.05975	0.01818	0.00878	0.00289	0.00552	0.56257	0.00596	0.00582
92	0.00821	0.00587	0.00789	0.00938	0.00991	0.00554	0.00659	0.00958	0.01271	0.01687	0.03543	0.67569	0.04199	0.01992	0.00834	0.00267	0.00404	0.10803	0.00599	0.00534
93	0.04980	0.01130	0.01501	0.01154	0.01652	0.01002	0.00953	0.05664	0.01874	0.69217	0.02468	0.02144	0.01557	0.00794	0.00643	0.00200	0.00555	0.00639	0.00783	0.01089
94	0.01907	0.01043	0.01316	0.01165	0.01507	0.01026	0.00962	0.08182	0.11440	0.28887	0.09659	0.03978	0.04784	0.01161	0.00733	0.00230	0.00540	0.19903	0.00695	0.00883
95	0.02899	0.01100	0.01499	0.01150	0.01649	0.00950	0.00950	0.03149	0.01849	0.73709	0.02549	0.02199	0.01599	0.00800	0.00650	0.00200	0.00550	0.00650	0.00800	0.01100
96	0.81856	0.01250	0.00950	0.00850	0.01250	0.01449	0.00700	0.01899	0.01100	0.02899	0.00900	0.01050	0.00700	0.00600	0.00400	0.00200	0.00500	0.00350	0.00400	0.00700
97	0.00774	0.00658	0.00669	0.00675	0.00891	0.00553	0.00512	0.00943	0.01473	0.01753	0.06426	0.06259	0.70341	0.01642	0.00769	0.00221	0.00338	0.03956	0.00600	0.00547
98	0.00923	0.00692	0.01038	0.01038	0.01154	0.00808	0.00808	0.01154	0.01038	0.01500	0.01731	0.02538	0.01615	0.04846	0.74732	0.01038	0.01731	0.00692	0.00346	0.00577
99	0.00794	0.00571	0.00753	0.00886	0.00936	0.00530	0.00596	0.00919	0.01279	0.01707	0.07627	0.70225	0.06843	0.01970	0.00819	0.00257	0.00369	0.01782	0.00606	0.00530
100	0.00787	0.00635	0.00697	0.00735	0.00901	0.00551	0.00535	0.00944	0.01417	0.01745	0.07861	0.22524	0.50821	0.03670	0.00847	0.00241	0.00354	0.03596	0.00598	0.00540
101	0.00787	0.00562	0.00750	0.00900	0.00937	0.00525	0.00600	0.00900	0.01237	0.01649	0.03561	0.76871	0.04274	0.02024	0.00825	0.00262	0.00375	0.01837	0.00600	0.00525
102	0.01727	0.77681	0.03386	0.01106	0.01658	0.02557	0.01106	0.01935	0.01313	0.01520	0.00898	0.01036	0.00829	0.00553	0.00415	0.00138	0.00691	0.00345	0.00276	0.00829
103	0.00914	0.00660	0.00864	0.00813	0.00965	0.00610	0.00610	0.01219	0.01829	0.02591	0.72921	0.04827	0.06097	0.01321	0.00762	0.00203	0.00305	0.01169	0.00711	0.00610
104	0.02414	0.03079	0.01831	0.01665	0.01998	0.74698	0.01248	0.02580	0.01831	0.01581	0.00999	0.01165	0.00832	0.00666	0.00583	0.00166	0.01165	0.00416	0.00333	0.00749
105	0.02456	0.01810	0.01939	0.01487	0.02004	0.02004	0.01228	0.71107	0.03038	0.04072	0.01551	0.01551	0.01099	0.00776	0.00646	0.00194	0.00711	0.00582	0.00646	0.01099
106	0.01340	0.01148	0.01340	0.00957	0.01531	0.00861	0.00766	0.01627	0.01340	0.02105	0.01148	0.01340	0.00957	0.00479	0.00479	0.00096	0.00479	0.00383	0.00383	0.81242
107	0.00826	0.00590	0.00793	0.00935	0.00992	0.00557	0.00659	0.00970	0.01292	0.01722	0.06062	0.64968	0.04266	0.01967	0.00831	0.00265	0.00402	0.10764	0.00603	0.00537
108	0.01429	0.07259	0.20024	0.01882	0.02557	0.01471	0.28478	0.02011	0.05609	0.02063	0.01421	0.01669	0.02820	0.00595	0.00635	0.00183	0.00844	0.00596	0.00349	0.18103
109	0.05245	0.05319	0.01836	0.01599	0.01947	0.65201	0.01214	0.04048	0.04646	0.01726	0.01070	0.01215	0.00879	0.00671	0.00575	0.00169	0.01090	0.00428	0.00353	0.00768
110	0.01525	0.01743	0.03813	0.02723	0.03377	0.01634	0.70915	0.02070	0.01525	0.02070	0.01307	0.01743	0.00980	0.00545	0.00763	0.00218	0.01089	0.00763	0.00327	0.00871
111	0.01414	0.01414	0.01979	0.01696	0.01696	0.01979	0.01414	0.01555	0.00990	0.01555	0.00848	0.01414	0.00848	0.01131	0.02120	0.00283	0.76110	0.00565	0.00283	0.00707
112	0.00786	0.00568	0.00744	0.00884	0.00933	0.00526	0.00593	0.00901	0.01252	0.01655	0.03749	0.72425	0.08598	0.02000	0.00821	0.00260	0.00372	0.01807	0.00600	0.00526
113	0.02414	0.03079	0.01831	0.01665	0.01998	0.74698	0.01248	0.02580	0.01831	0.01581	0.00999	0.01165	0.00832	0.00666	0.00583	0.00166	0.01165	0.00416	0.00333	0.00749
114	0.01220	0.01148	0.01938	0.75739	0.04450	0.01436	0.01794	0.01651	0.01292	0.01651	0.01148	0.01723	0.00861	0.00646	0.00646	0.00215	0.00861	0.00574	0.00287	0.00718
115	0.00923	0.00692	0.01038	0.01038	0.01154	0.00808	0.00808	0.01154	0.01038	0.01500	0.01731	0.02538	0.01615	0.04846	0.74732	0.01038	0.01731	0.00692	0.00346	0.00577
116	0.01303	0.03292	0.71749	0.01869	0.02815	0.01505	0.04532	0.02047	0.01369	0.02047	0.01164	0.01376	0.00824	0.00612	0.00619	0.00205	0.00959	0.00486	0.00275	0.00952
117	0.01340	0.01148	0.01340	0.00957	0.01531	0.00861	0.00766	0.01627	0.01340	0.02105	0.01148	0.01340	0.00957	0.00479	0.00479	0.00096	0.00479	0.00383	0.00383	0.81242
118	0.01122	0.00561	0.00842	0.00842	0.00842	0.00561	0.00561	0.00842	0.00842	0.01122	0.01122	0.01964	0.01122	0.02245	0.02525	0.81201	0.00561	0.00561	0.00281	0.00281
119	0.01670	0.01406	0.01572	0.01512	0.07476	0.01583	0.01095	0.12645	0.51582	0.02809	0.05062	0.02449	0.04470	0.00881	0.00662	0.00213	0.00546	0.00736	0.00628	0.01001
120	0.01833	0.01500	0.01588	0.01361	0.01766	0.01713	0.01077	0.21420	0.53740	0.03067	0.02343	0.02182	0.01740	0.00850	0.00655	0.00212	0.00564	0.00691	0.00655	0.01043
121	0.00923	0.00691	0.01030	0.01030	0.01142	0.00803	0.00797	0.01148	0.01036	0.01493	0.01739	0.02583	0.01635	0.06743	0.72861	0.01028	0.01702	0.00699	0.00347	0.00572
122	0.02354	0.02863	0.01831	0.01639	0.01976	0.63949	0.01244	0.07913	0.04449	0.01815	0.01096	0.01249	0.00895	0.00698	0.00642	0.00174	0.03615	0.00445	0.00367	0.00785
123	0.01426	0.02186	0.34141	0.01501	0.02181	0.01318	0.03445	0.04067	0.05826	0.04739	0.01377	0.01687	0.01080	0.00674	0.00686	0.00181	0.05403	0.02973	0.00374	0.24733
124	0.05896	0.10742	0.01402	0.01013	0.01303	0.05633	0.03264	0.05878	0.03726	0.02123	0.17519	0.12514	0.16723	0.04485	0.00779	0.00216	0.00514	0.00977	0.00529	0.04761
125	0.00923	0.00692	0.01038	0.01038	0.01154	0.00808	0.00808	0.01154	0.01038	0.01500	0.01731	0.02538	0.01615	0.04846	0.74732	0.01038	0.01731	0.00692	0.00346	0.00577
126	0.00811	0.00583	0.00774	0.00912	0.00968	0.00546	0.00632	0.00947	0.01286	0.01709	0.06161	0.66510	0.06414	0.01968	0.00826	0.00262	0.00388	0.07163	0.00603	0.00534
127	0.01421	0.04918	0.52246	0.06331	0.05072	0.03819	0.10220	0.04821	0.01462	0.02081	0.01182	0.01429	0.00858	0.00613	0.00629	0.00203	0.00949	0.00518	0.00298	0.00929
128	0.01414	0.01414	0.01979	0.01696	0.01696	0.01979	0.01414	0.01555	0.00990	0.01555	0.00848	0.01414	0.00848	0.01131	0.02120	0.00283	0.76110	0.00565	0.00283	0.00707
129	0.00880	0.00659	0.00816	0.00777	0.00944	0.00595	0.00582	0.01152	0.01747	0.02397	0.57720	0.05145	0.21418	0.01393	0.00762	0.00207	0.00310	0.01213	0.00686	0.00595
130	0.00930	0.00622	0.00708	0.00717	0.00719	0.00620	0.00404	0.00937	0.00958	0.01277	0.02131	0.08741	0.02469	0.72616	0.03136	0.00604	0.00611	0.00995	0.00404	0.00400
131	0.01628	0.01647	0.04713	0.05738	0.57588	0.04004	0.06520	0.04202	0.03733	0.02154	0.01265	0.01615	0.01035	0.00596	0.00646	0.00195	0.00801	0.00585	0.00339	0.00995
132	0.00873	0.00640	0.00820	0.00815	0.00950	0.00586	0.00596	0.01125	0.01672	0.02314	0.52084	0.19757	0.12371	0.01497	0.00775	0.00217	0.00321	0.01325	0.00677	0.00586
133	0.00896	0.00687	0.00826	0.00802	0.00982	0.00629	0.00613	0.01201	0.03857	0.02278	0.44692	0.05365	0.27429	0.01440	0.00768	0.00215	0.00338	0.05716	0.00666	0.00601
134	0.03975	0.07790	0.47004	0.01933	0.08484	0.01580	0.06362	0.04676	0.01454	0.06681	0.01242	0.01438	0.00904	0.00636	0.00655	0.00201	0.03197	0.00508	0.00332	0.00946
135	0.01479	0.02008	0.16886	0.02566	0.07838	0.01627	0.48283	0.02022	0.01452	0.02031	0.01240	0.01638	0.00943	0.00602	0.00824	0.00218	0.06463	0.00682	0.00313	0.00886
136	0.00940	0.00626	0.00705	0.00705	0.00705	0.00626	0.00392	0.00940	0.00940	0.01253	0.02036	0.04228	0.02349	0.77292	0.03289	0.00626	0.00626	0.00940	0.00392	0.00392
137	0.12273	0.01639	0.01718	0.01358	0.01827	0.01812	0.01118	0.56320	0.02651	0.03725	0.01717	0.04132	0.03060	0.00845	0.00632	0.00201	0.00661	0.02698	0.00611	0.01001
138	0.06649	0.01463	0.01943	0.01611	0.01822	0.06786	0.10274	0.06501	0.03452	0.01916	0.01186	0.01690	0.01057	0.03779	0.11207	0.00359	0.34564	0.00597	0.00350	0.02793
139	0.00923	0.00692	0.01038	0.01038	0.01154	0.00808	0.00808	0.01154	0.01038	0.01500	0.01731	0.02538	0.01615	0.04846	0.74732	0.01038	0.01731	0.00692	0.00346	0.00577
140	0.02329	0.05241	0.01885	0.01671	0.03835	0.64378	0.01243	0.05494	0.01838	0.01723	0.01031	0.01196	0.00854	0.00657	0.00577	0.00165	0.01092	0.00424	0.00346	0.04018
141	0.02414	0.03079	0.01831	0.01665	0.01998	0.74698	0.01248	0.02580	0.01831	0.01581	0.00999	0.01165	0.00832	0.00666	0.00583	0.00166	0.01165	0.00416	0.00333	0.00749
142	0.01607	0.01388	0.01461	0.01315	0.01680	0.01607	0.01023	0.03433	0.72094	0.02703	0.02630	0.02411	0.01972	0.00877	0.00657	0.00219	0.00511	0.00731	0.00657	0.01023
143	0.00792	0.00564	0.00748	0.00894	0.00930	0.00528	0.00593	0.00901	0.01228	0.01637	0.03515	0.74652	0.04215	0.04323	0.00900	0.00274	0.00383	0.01809	0.00593	0.00521
144	0.78414	0.01243	0.00974	0.00863	0.01267	0.01428	0.00711	0.01954	0.01132	0.05986	0.00972	0.01100	0.00739	0.00609	0.00411	0.00200	0.00502	0.00363	0.00417	0.00717
145	0.00938	0.00630	0.00723	0.00721	0.00731	0.00632	0.00415	0.00959	0.00979	0.01316	0.04882	0.04192	0.02474	0.71632	0.05749	0.00624	0.00653	0.00940	0.00403	0.00407
146	0.00925	0.00629	0.00700	0.00700	0.00719	0.00620	0.00400	0.00939	0.00985	0.01295	0.02418	0.04397	0.08333	0.70884	0.03075	0.00592	0.00601	0.00976	0.00409	0.00405
147	0.02899	0.01100	0.01499	0.01150	0.01649	0.00950	0.00950	0.03149	0.01849	0.73709	0.02549	0.02199	0.01599	0.00800	0.00650	0.00200	0.00550	0.00650	0.00800	0.01100
148	0.81856	0.01250	0.00950	0.00850	0.01250	0.01449	0.00700	0.01899	0.01100	0.02899	0.00900	0.01050	0.00700	0.00600	0.00400	0.00200	0.00500	0.00350	0.00400	0.00700
149	0.02414	0.03079	0.01831	0.01665	0.01998	0.74698	0.01248	0.02580	0.01831	0.01581	0.00999	0.01165	0.00832	0.00666	0.00583	0.00166	0.01165	0.00416	0.00333	0.00749
150	0.01296	0.03342	0.73944	0.01842	0.02797	0.01501	0.02387	0.02046	0.01364	0.02046	0.01160	0.01364	0.00818	0.00614	0.00614	0.00205	0.00955	0.00477	0.00273	0.00955
151	0.00826	0.00657	0.00742	0.00721	0.00911	0.00572	0.00540	0.01049	0.01621	0.02098	0.34198	0.05638	0.45127	0.01505	0.00763	0.00212	0.00318	0.01282	0.00646	0.00572
152	0.00838	0.00657	0.00757	0.00732	0.00918	0.00577	0.00549	0.01071	0.01648	0.02160	0.39111	0.05535	0.40175	0.01482	0.00763	0.00211	0.00316	0.01268	0.00655	0.00577
153	0.02414	0.03079	0.01831	0.01665	0.01998	0.74698	0.01248	0.02580	0.01831	0.01581	0.00999	0.01165	0.00832	0.00666	0.00583	0.00166	0.01165	0.00416	0.00333	0.00749
154	0.01727	0.77681	0.03386	0.01106	0.01658	0.02557	0.01106	0.01935	0.01313	0.01520	0.00898	0.01036	0.00829	0.00553	0.00415	0.00138	0.00691	0.00345	0.00276	0.00829
155	0.14887	0.01601	0.10963	0.11553	0.34145	0.01462	0.01654	0.03708	0.01378	0.02170	0.01261	0.01807	0.01076	0.04005	0.00768	0.00223	0.03097	0.03023	0.00344	0.00873
156	0.01296	0.01417	0.08157	0.34033	0.20889	0.01385	0.07360	0.01706	0.01359	0.01836	0.01644	0.07064	0.05258	0.00783	0.00714	0.00214	0.03032	0.00713	0.00336	0.00803
157	0.02456	0.01810	0.01939	0.01487	0.02004	0.02004	0.01228	0.71107	0.03038	0.04072	0.01551	0.01551	0.01099	0.00776	0.00646	0.00194	0.00711	0.00582	0.00646	0.01099
158	0.02820	0.01226	0.01578	0.01209	0.01712	0.01137	0.00999	0.15222	0.02061	0.61338	0.02372	0.02084	0.01511	0.00795	0.00649	0.00199	0.00578	0.00638	0.00772	0.01099
159	0.01482	0.01889	0.14677	0.09142	0.19606	0.01571	0.35102	0.02061	0.04113	0.02063	0.01298	0.01671	0.00991	0.00584	0.00696	0.00209	0.00951	0.00655	0.00325	0.00913
160	0.01238	0.01231	0.03772	0.18037	0.04955	0.08445	0.01179	0.01590	0.04878	0.01732	0.06547	0.07834	0.03729	0.04773	0.20641	0.00452	0.07134	0.00762	0.00391	0.00680
161	0.02433	0.01634	0.01794	0.01388	0.01880	0.01769	0.01143	0.55791	0.04761	0.14073	0.01755	0.01713	0.01225	0.00781	0.00637	0.00193	0.00661	0.00597	0.04700	0.01072
162	0.01340	0.01148	0.01340	0.00957	0.01531	0.00861	0.00766	0.01627	0.01340	0.02105	0.01148	0.01340	0.00957	0.00479	0.00479	0.00096	0.00479	0.00383	0.00383	0.81242
163	0.01541	0.01118	0.01409	0.07372	0.04337	0.00972	0.00920	0.03922	0.04232	0.12387	0.08712	0.02079	0.04296	0.00693	0.00573	0.00147	0.00517	0.00578	0.00491	0.43703
164	0.00924	0.00690	0.01028	0.01028	0.01139	0.00802	0.00794	0.01147	0.01035	0.01492	0.01741	0.02593	0.01639	0.07178	0.72432	0.01025	0.01695	0.00700	0.00348	0.00571
165	0.00818	0.00647	0.00737	0.00735	0.00912	0.00566	0.00543	0.01026	0.01572	0.02029	0.29242	0.13132	0.42612	0.01568	0.00769	0.00218	0.00324	0.01346	0.00639	0.00566
166	0.01531	0.01466	0.02500	0.16814	0.60944	0.01517	0.01949	0.01924	0.01439	0.02029	0.01203	0.01621	0.00994	0.00588	0.00641	0.00196	0.00784	0.00575	0.00314	0.00969
167	0.02074	0.01718	0.10221	0.04553	0.07273	0.05797	0.19300	0.09119	0.01780	0.26091	0.04298	0.01901	0.01356	0.00701	0.00674	0.00203	0.00804	0.00650	0.00522	0.00967
168	0.00834	0.00607	0.00786	0.00849	0.00943	0.00559	0.00596	0.01024	0.01481	0.02017	0.30329	0.44156	0.09968	0.01727	0.00796	0.00237	0.00345	0.01547	0.00642	0.00559
169	0.00848	0.00658	0.00771	0.00743	0.00924	0.00581	0.00557	0.01090	0.01671	0.02217	0.43534	0.05443	0.35717	0.01461	0.00763	0.00210	0.00315	0.01255	0.00662	0.00581
170	0.44025	0.01538	0.01475	0.04884	0.08924	0.09790	0.03520	0.07897	0.05886	0.02636	0.01295	0.01451	0.02952	0.00667	0.00517	0.00198	0.00654	0.00478	0.00419	0.00795
171	0.01736	0.69276	0.03186	0.01133	0.01669	0.02462	0.01102	0.03872	0.07313	0.01687	0.01061	0.01166	0.00932	0.00586	0.00441	0.00146	0.00676	0.00384	0.00318	0.00853
172	0.00966	0.00712	0.00942	0.01061	0.01215	0.00687	0.00898	0.01223	0.01465	0.01874	0.04055	0.12406	0.17586	0.01774	0.00862	0.00279	0.00525	0.50294	0.00596	0.00580
173	0.01587	0.01523	0.02601	0.06205	0.71115	0.01532	0.01977	0.01973	0.01466	0.02097	0.01213	0.01603	0.01018	0.00578	0.00640	0.00193	0.00771	0.00576	0.00319	0.01014
174	0.08533	0.07730	0.04867	0.06282	0.16225	0.12350	0.08986	0.04328	0.12174	0.04893	0.01497	0.01846	0.01212	0.00718	0.00657	0.00201	0.02669	0.03537	0.00412	0.00882
175	0.00925	0.00683	0.00989	0.00989	0.01087	0.00781	0.00746	0.01122	0.01024	0.01463	0.01776	0.02788	0.01724	0.15562	0.64164	0.00977	0.01567	0.00729	0.00353	0.00549
176	0.00986	0.00824	0.00926	0.00832	0.01097	0.00751	0.03279	0.08723	0.01662	0.02049	0.08469	0.05476	0.59609	0.01487	0.00751	0.00215	0.00398	0.01246	0.00599	0.00622
177	0.01797	0.07391	0.09898	0.08607	0.25686	0.03529	0.05092	0.10458	0.04187	0.10734	0.01433	0.01653	0.01089	0.00777	0.02679	0.00219	0.02821	0.00571	0.00418	0.00958
178	0.01881	0.01443	0.06582	0.09911	0.16636	0.03884	0.05728	0.07159	0.03607	0.22341	0.07210	0.04709	0.04359	0.00816	0.00668	0.00203	0.00688	0.00716	0.00530	0.00928
179	0.01589	0.01690	0.01929	0.01732	0.04038	0.14693	0.01372	0.01809	0.03821	0.01619	0.00977	0.01444	0.00914	0.01122	0.03697	0.00277	0.55688	0.00549	0.00308	0.00733
180	0.01993	0.01368	0.01482	0.01207	0.01587	0.01482	0.00978	0.44714	0.02410	0.05286	0.01919	0.07014	0.01558	0.00891	0.00619	0.00192	0.00578	0.03159	0.20646	0.00918
181	0.01644	0.06304	0.06621	0.01117	0.01676	0.03763	0.00972	0.06446	0.03748	0.10297	0.03601	0.01569	0.01209	0.00594	0.00532	0.00134	0.00569	0.00467	0.00450	0.48287
182	0.01220	0.01148	0.01938	0.75739	0.04450	0.01436	0.01794	0.01651	0.01292	0.01651	0.01148	0.01723	0.00861	0.00646	0.00646	0.00215	0.00861	0.00574	0.00287	0.00718
183	0.03951	0.05712	0.01521	0.05596	0.04423	0.06506	0.00994	0.08455	0.18211	0.06095	0.10779	0.05274	0.06862	0.01028	0.02982	0.00218	0.00611	0.00741	0.00538	0.09503
184	0.00774	0.00655	0.00668	0.00665	0.00879	0.00550	0.00499	0.00946	0.01496	0.01801	0.10887	0.06127	0.68624	0.01616	0.00764	0.00217	0.00326	0.01351	0.00607	0.00550
185	0.01340	0.01148	0.01340	0.00957	0.01531	0.00861	0.00766	0.01627	0.01340	0.02105	0.01148	0.01340	0.00957	0.00479	0.00479	0.00096	0.00479	0.00383	0.00383	0.81242
186	0.00892	0.00660	0.00832	0.00789	0.00951	0.00600	0.00592	0.01176	0.01776	0.02465	0.63018	0.05034	0.16078	0.01368	0.00762	0.00205	0.00308	0.01198	0.00695	0.00600
187	0.81856	0.01250	0.00950	0.00850	0.01250	0.01449	0.00700	0.01899	0.01100	0.02899	0.00900	0.01050	0.00700	0.00600	0.00400	0.00200	0.00500	0.00350	0.00400	0.00700
188	0.00923	0.00692	0.01038	0.01038	0.01154	0.00808	0.00808	0.01154	0.01038	0.01500	0.01731	0.02538	0.01615	0.04846	0.74732	0.01038	0.01731	0.00692	0.00346	0.00577
189	0.02456	0.01810	0.01939	0.01487	0.02004	0.02004	0.01228	0.71107	0.03038	0.04072	0.01551	0.01551	0.01099	0.00776	0.00646	0.00194	0.00711	0.00582	0.00646	0.01099
190	0.02899	0.01100	0.01499	0.01150	0.01649	0.00950	0.00950	0.03149	0.01849	0.73709	0.02549	0.02199	0.01599	0.00800	0.00650	0.00200	0.00550	0.00650	0.00800	0.01100
191	0.02691	0.01054	0.01433	0.01114	0.01578	0.00914	0.00914	0.02947	0.01847	0.66264	0.09916	0.02474	0.02070	0.00854	0.00662	0.00200	0.00524	0.00704	0.00790	0.01048
192	0.01727	0.77681	0.03386	0.01106	0.01658	0.02557	0.01106	0.01935	0.01313	0.01520	0.00898	0.01036	0.00829	0.00553	0.00415	0.00138	0.00691	0.00345	0.00276	0.00829
193	0.01701	0.75104	0.03307	0.01103	0.01641	0.02498	0.01096	0.01909	0.01304	0.01519	0.00926	0.01087	0.00856	0.00696	0.02902	0.00168	0.00726	0.00357	0.00279	0.00821
194	0.00787	0.00562	0.00750	0.00900	0.00937	0.00525	0.00600	0.00900	0.01237	0.01649	0.03561	0.76871	0.04274	0.02024	0.00825	0.00262	0.00375	0.01837	0.00600	0.00525
195	0.01812	0.11232	0.02242	0.15662	0.22561	0.22444	0.01515	0.06875	0.01601	0.01900	0.01142	0.01503	0.00958	0.03042	0.00720	0.00199	0.02900	0.00513	0.00336	0.00843
196	0.00925	0.00685	0.01000	0.01000	0.01103	0.00787	0.00760	0.01129	0.01027	0.01472	0.01765	0.02731	0.01699	0.13100	0.66592	0.00991	0.01605	0.00720	0.00351	0.00556
197	0.01220	0.01148	0.01938	0.75739	0.04450	0.01436	0.01794	0.01651	0.01292	0.01651	0.01148	0.01723	0.00861	0.00646	0.00646	0.00215	0.00861	0.00574	0.00287	0.00718
198	0.00952	0.00672	0.00841	0.00796	0.00971	0.00606	0.00598	0.01219	0.01737	0.04970	0.54491	0.07633	0.19323	0.01391	0.00761	0.00208	0.00321	0.01213	0.00688	0.00611
199	0.02043	0.01565	0.01717	0.01291	0.01829	0.01581	0.01057	0.45383	0.02409	0.03344	0.01402	0.01473	0.01046	0.00666	0.00584	0.00158	0.00625	0.00508	0.00549	0.30771
200	0.00787	0.00562	0.00750	0.00900	0.00937	0.00525	0.00600	0.00900	0.01237	0.01649	0.03561	0.76871	0.04274	0.02024	0.00825	0.00262	0.00375	0.01837	0.00600	0.00525
201	0.02541	0.01673	0.01855	0.01422	0.01936	0.01801	0.01175	0.58052	0.02810	0.17450	0.01743	0.01676	0.01195	0.00780	0.00647	0.00195	0.00680	0.00595	0.00676	0.01099
202	0.01733	0.04571	0.08861	0.08327	0.26460	0.04846	0.13579	0.16777	0.01789	0.02419	0.01288	0.01593	0.01005	0.00759	0.02969	0.00223	0.00879	0.00589	0.00384	0.00951
203	0.00923	0.00692	0.01038	0.01038	0.01154	0.00808	0.00808	0.01154	0.01038	0.01500	0.01731	0.02538	0.01615	0.04846	0.74732	0.01038	0.01731	0.00692	0.00346	0.00577
204	0.00787	0.00562	0.00750	0.00900	0.00937	0.00525	0.00600	0.00900	0.01237	0.01649	0.03561	0.76871	0.04274	0.02024	0.00825	0.00262	0.00375	0.01837	0.00600	0.00525
205	0.01374	0.03186	0.68234	0.01844	0.02768	0.01481	0.04818	0.02095	0.01391	0.05172	0.01225	0.01414	0.00858	0.00619	0.00621	0.00205	0.00942	0.00495	0.00298	0.00958
206	0.01204	0.00602	0.00602	0.00602	0.00753	0.00602	0.00452	0.01506	0.01355	0.02409	0.02108	0.02409	0.01656	0.00753	0.00452	0.00151	0.00301	0.00602	0.80879	0.00602
207	0.01683	0.01621	0.14494	0.01562	0.07766	0.03268	0.01317	0.11629	0.06318	0.11529	0.01655	0.01890	0.01275	0.01415	0.12470	0.00335	0.08899	0.00595	0.09406	0.00873
208	0.01538	0.35744	0.25065	0.03568	0.02054	0.05084	0.01485	0.04124	0.04093	0.01895	0.06197	0.03901	0.01356	0.00699	0.00545	0.00176	0.00757	0.00523	0.00345	0.00853
209	0.04998	0.21296	0.17518	0.01623	0.07887	0.07875	0.03420	0.06733	0.03734	0.07639	0.01247	0.01392	0.00968	0.00636	0.00603	0.00176	0.03287	0.00473	0.00377	0.08119
210	0.11466	0.18426	0.03776	0.03765	0.06190	0.16868	0.05271	0.14316	0.01764	0.04552	0.04499	0.01481	0.01156	0.00667	0.00559	0.00177	0.00780	0.00499	0.00414	0.03374

[dist]
# distance from previous block
# <min> <max>
1	3

[block]
# block no. 1 follows, 34 sequences, length 92
# corresponding to MSA columns:
# 236-327
name=unknown_B
#
# <colnr> <probs for GDERKNQSTAVLIFYWHMCP>
#	G	D	E	R	K	N	Q	S	T	A	V	L	I	F	Y	W	H	M	C	P
0	0.01519	0.36189	0.11179	0.01182	0.01643	0.03753	0.01153	0.05356	0.01412	0.04083	0.01730	0.02284	0.05920	0.05140	0.09599	0.00302	0.00824	0.05584	0.00372	0.00777
1	0.01879	0.04238	0.01765	0.01576	0.06919	0.20671	0.03872	0.22471	0.03869	0.02455	0.01970	0.06036	0.07064	0.01190	0.06257	0.00257	0.00855	0.02704	0.03113	0.00837
2	0.02206	0.07512	0.06867	0.01445	0.01969	0.03875	0.01258	0.52769	0.06682	0.03507	0.01720	0.01724	0.03938	0.00785	0.00631	0.00192	0.00712	0.00592	0.00584	0.01033
3	0.00897	0.00660	0.00839	0.00794	0.00954	0.00602	0.00596	0.01185	0.01787	0.02490	0.65009	0.04992	0.14071	0.01359	0.00762	0.00205	0.00308	0.01192	0.00698	0.00602
4	0.01727	0.77681	0.03386	0.01106	0.01658	0.02557	0.01106	0.01935	0.01313	0.01520	0.00898	0.01036	0.00829	0.00553	0.00415	0.00138	0.00691	0.00345	0.00276	0.00829
5	0.00940	0.00626	0.00705	0.00705	0.00705	0.00626	0.00392	0.00940	0.00940	0.01253	0.02036	0.04228	0.02349	0.77292	0.03289	0.00626	0.00626	0.00940	0.00392	0.00392
6	0.00923	0.00692	0.01038	0.01038	0.01154	0.00808	0.00808	0.01154	0.01038	0.01500	0.01731	0.02538	0.01615	0.04846	0.74732	0.01038	0.01731	0.00692	0.00346	0.00577
7	0.81856	0.01250	0.00950	0.00850	0.01250	0.01449	0.00700	0.01899	0.01100	0.02899	0.00900	0.01050	0.00700	0.00600	0.00400	0.00200	0.00500	0.00350	0.00400	0.00700
8	0.00905	0.00660	0.00850	0.00802	0.00959	0.00605	0.00602	0.01200	0.01806	0.02536	0.68561	0.04918	0.10491	0.01342	0.00762	0.00204	0.00306	0.01181	0.00704	0.00605
9	0.02414	0.03079	0.01831	0.01665	0.01998	0.74698	0.01248	0.02580	0.01831	0.01581	0.00999	0.01165	0.00832	0.00666	0.00583	0.00166	0.01165	0.00416	0.00333	0.00749
10	0.02456	0.01810	0.01939	0.01487	0.02004	0.02004	0.01228	0.71107	0.03038	0.04072	0.01551	0.01551	0.01099	0.00776	0.00646	0.00194	0.00711	0.00582	0.00646	0.01099
11	0.00923	0.00692	0.01038	0.01038	0.01154	0.00808	0.00808	0.01154	0.01038	0.01500	0.01731	0.02538	0.01615	0.04846	0.74732	0.01038	0.01731	0.00692	0.00346	0.00577
12	0.01525	0.01743	0.03813	0.02723	0.03377	0.01634	0.70915	0.02070	0.01525	0.02070	0.01307	0.01743	0.00980	0.00545	0.00763	0.00218	0.01089	0.00763	0.00327	0.00871
13	0.01122	0.00561	0.00842	0.00842	0.00842	0.00561	0.00561	0.00842	0.00842	0.01122	0.01122	0.01964	0.01122	0.02245	0.02525	0.81201	0.00561	0.00561	0.00281	0.00281
14	0.01204	0.00602	0.00602	0.00602	0.00753	0.00602	0.00452	0.01506	0.01355	0.02409	0.02108	0.02409	0.01656	0.00753	0.00452	0.00151	0.00301	0.00602	0.80879	0.00602
15	0.81856	0.01250	0.00950	0.00850	0.01250	0.01449	0.00700	0.01899	0.01100	0.02899	0.00900	0.01050	0.00700	0.00600	0.00400	0.00200	0.00500	0.00350	0.00400	0.00700
16	0.01520	0.10118	0.07605	0.08052	0.08875	0.01613	0.31009	0.05777	0.05447	0.02133	0.03934	0.03440	0.01266	0.00649	0.00666	0.00197	0.00856	0.00670	0.00373	0.05801
17	0.01525	0.01743	0.03813	0.02723	0.03377	0.01634	0.70915	0.02070	0.01525	0.02070	0.01307	0.01743	0.00980	0.00545	0.00763	0.00218	0.01089	0.00763	0.00327	0.00871
18	0.01640	0.07056	0.01614	0.01310	0.01688	0.03827	0.01035	0.03298	0.64815	0.02583	0.02454	0.02273	0.01855	0.00847	0.00637	0.00212	0.00544	0.00693	0.00620	0.01000
19	0.00940	0.00668	0.00852	0.00941	0.01032	0.00651	0.00715	0.01102	0.01277	0.01660	0.03332	0.18173	0.10184	0.24672	0.01594	0.00383	0.00541	0.30232	0.00535	0.00517
20	0.01410	0.02326	0.32354	0.04786	0.10572	0.01531	0.31023	0.02011	0.01455	0.02067	0.03409	0.01665	0.01070	0.00603	0.00685	0.00209	0.00969	0.00632	0.00314	0.00909
21	0.02009	0.01588	0.01687	0.01396	0.01833	0.01795	0.01120	0.35473	0.39401	0.03351	0.02119	0.02004	0.01559	0.00829	0.00652	0.00207	0.00606	0.00660	0.00652	0.01059
22	0.02456	0.01810	0.01939	0.01487	0.02004	0.02004	0.01228	0.71107	0.03038	0.04072	0.01551	0.01551	0.01099	0.00776	0.00646	0.00194	0.00711	0.00582	0.00646	0.01099
23	0.81856	0.01250	0.00950	0.00850	0.01250	0.01449	0.00700	0.01899	0.01100	0.02899	0.00900	0.01050	0.00700	0.00600	0.00400	0.00200	0.00500	0.00350	0.00400	0.00700
24	0.00923	0.00692	0.01038	0.01038	0.01154	0.00808	0.00808	0.01154	0.01038	0.01500	0.01731	0.02538	0.01615	0.04846	0.74732	0.01038	0.01731	0.00692	0.00346	0.00577
25	0.01829	0.66727	0.03161	0.01183	0.01708	0.11254	0.01126	0.03787	0.01420	0.01593	0.00927	0.01065	0.00836	0.00572	0.00441	0.00143	0.00749	0.00360	0.00293	0.00826
26	0.01468	0.01734	0.12953	0.05176	0.32041	0.01476	0.15518	0.02103	0.10213	0.02154	0.04530	0.04802	0.01440	0.00703	0.00675	0.00206	0.00795	0.00693	0.00383	0.00936
27	0.00787	0.00562	0.00750	0.00900	0.00937	0.00525	0.00600	0.00900	0.01237	0.01649	0.03561	0.76871	0.04274	0.02024	0.00825	0.00262	0.00375	0.01837	0.00600	0.00525
28	0.01021	0.00721	0.00882	0.00815	0.01011	0.00661	0.00619	0.03864	0.01791	0.05460	0.51525	0.04922	0.21568	0.01353	0.00753	0.00206	0.00336	0.01171	0.00686	0.00634
29	0.01613	0.34922	0.26971	0.04238	0.10044	0.04210	0.01670	0.05995	0.01463	0.01917	0.01071	0.01266	0.00864	0.00595	0.00533	0.00173	0.00810	0.00439	0.00303	0.00902
