[name]
unknown

[dist]
# distance from previous block
# <min> <max>
0	5

[block]
# block no. 0 follows, 31 sequences, length 6
# corresponding to MSA columns:
# 7-12
name=unknown_A
#
# <colnr> <probs for GDERKNQSTAVLIFYWHMCP>
#	G	D	E	R	K	N	Q	S	T	A	V	L	I	F	Y	W	H	M	C	P
0	0.01631	0.07641	0.02441	0.03099	0.43988	0.05587	0.01754	0.01972	0.01528	0.02073	0.01637	0.02688	0.01555	0.00890	0.00826	0.00225	0.06592	0.12547	0.00385	0.00943
1	0.11770	0.01551	0.01731	0.06403	0.02050	0.01684	0.01174	0.35320	0.07674	0.15937	0.02041	0.02142	0.03571	0.00866	0.00667	0.00215	0.00673	0.02833	0.00654	0.01043
2	0.01890	0.01309	0.01527	0.01167	0.01715	0.01171	0.00938	0.07894	0.14099	0.16247	0.01824	0.01820	0.01353	0.00675	0.00591	0.00155	0.00548	0.00544	0.00567	0.43967
3	0.01547	0.01605	0.02107	0.33996	0.12902	0.14318	0.06926	0.01919	0.01543	0.01887	0.03745	0.07261	0.01551	0.00867	0.00714	0.00224	0.00903	0.04810	0.00378	0.00798
4	0.01610	0.01553	0.02568	0.12151	0.51097	0.01698	0.01967	0.01976	0.01443	0.02071	0.01208	0.01674	0.01030	0.00724	0.00960	0.00223	0.14127	0.00607	0.00327	0.00985
5	0.11381	0.01645	0.01769	0.06675	0.07510	0.09157	0.03296	0.12926	0.23877	0.06630	0.01998	0.04841	0.01592	0.00871	0.00668	0.00220	0.00710	0.02701	0.00564	0.00968

[dist]
# distance from previous block
# <min> <max>
12	47

[block]
# block no. 1 follows, 31 sequences, length 15
# corresponding to MSA columns:
# 66-80
name=unknown_B
#
# <colnr> <probs for GDERKNQSTAVLIFYWHMCP>
#	G	D	E	R	K	N	Q	S	T	A	V	L	I	F	Y	W	H	M	C	P
0	0.13053	0.01056	0.01326	0.04044	0.05023	0.01110	0.03076	0.05852	0.04095	0.04439	0.05804	0.23540	0.09194	0.01363	0.00826	0.00244	0.04777	0.06973	0.00556	0.03651
1	0.05447	0.01675	0.01568	0.01354	0.01727	0.14438	0.01063	0.13326	0.20408	0.11923	0.09247	0.04889	0.05556	0.00983	0.00740	0.00216	0.03098	0.00772	0.00628	0.00942
2	0.04655	0.01503	0.04676	0.01337	0.01823	0.05718	0.03634	0.08453	0.14209	0.21910	0.07851	0.02431	0.01947	0.00855	0.00669	0.00200	0.00636	0.03145	0.00631	0.13715
3	0.01292	0.01216	0.02052	0.74312	0.04712	0.01520	0.01900	0.01748	0.01368	0.01748	0.01216	0.01824	0.00912	0.00684	0.00684	0.00228	0.00912	0.00608	0.00304	0.00760
4	0.01419	0.01216	0.01419	0.01013	0.01621	0.00912	0.00811	0.01723	0.01419	0.02229	0.01216	0.01419	0.01013	0.00507	0.00507	0.00101	0.00507	0.00405	0.00405	0.80139
5	0.01292	0.01216	0.02052	0.74312	0.04712	0.01520	0.01900	0.01748	0.01368	0.01748	0.01216	0.01824	0.00912	0.00684	0.00684	0.00228	0.00912	0.00608	0.00304	0.00760
6	0.01292	0.01216	0.02052	0.74312	0.04712	0.01520	0.01900	0.01748	0.01368	0.01748	0.01216	0.01824	0.00912	0.00684	0.00684	0.00228	0.00912	0.00608	0.00304	0.00760
7	0.00995	0.00663	0.00746	0.00746	0.00746	0.00663	0.00415	0.00995	0.00995	0.01327	0.02156	0.04477	0.02487	0.75957	0.03482	0.00663	0.00663	0.00995	0.00415	0.00415
8	0.02601	0.01916	0.02053	0.01574	0.02122	0.02122	0.01300	0.69408	0.03217	0.04312	0.01643	0.01643	0.01163	0.00821	0.00684	0.00205	0.00753	0.00616	0.00684	0.01163
9	0.00834	0.00595	0.00794	0.00953	0.00992	0.00556	0.00635	0.00953	0.01310	0.01746	0.03771	0.75510	0.04525	0.02143	0.00873	0.00278	0.00397	0.01945	0.00635	0.00556
10	0.00816	0.00665	0.00722	0.00768	0.00944	0.00571	0.00553	0.00973	0.01488	0.01819	0.06023	0.26381	0.52200	0.01851	0.00827	0.00244	0.00361	0.01588	0.00635	0.00571
11	0.00977	0.00733	0.01100	0.01100	0.01222	0.00855	0.00855	0.01222	0.01100	0.01588	0.01833	0.02688	0.01710	0.05131	0.73245	0.01100	0.01833	0.00733	0.00367	0.00611
12	0.02601	0.01916	0.02053	0.01574	0.02122	0.02122	0.01300	0.69408	0.03217	0.04312	0.01643	0.01643	0.01163	0.00821	0.00684	0.00205	0.00753	0.00616	0.00684	0.01163
13	0.02601	0.01916	0.02053	0.01574	0.02122	0.02122	0.01300	0.69408	0.03217	0.04312	0.01643	0.01643	0.01163	0.00821	0.00684	0.00205	0.00753	0.00616	0.00684	0.01163
14	0.01797	0.54044	0.18408	0.01375	0.02050	0.02413	0.01477	0.07953	0.01561	0.01966	0.01072	0.01220	0.00900	0.00620	0.00506	0.00167	0.00794	0.00418	0.00326	0.00932

[dist]
# distance from previous block
# <min> <max>
4	19

[block]
# block no. 2 follows, 31 sequences, length 8
# corresponding to MSA columns:
# 100-107
name=unknown_C
#
# <colnr> <probs for GDERKNQSTAVLIFYWHMCP>
#	G	D	E	R	K	N	Q	S	T	A	V	L	I	F	Y	W	H	M	C	P
0	0.01969	0.53979	0.11300	0.01310	0.01922	0.07524	0.01322	0.02258	0.01501	0.09680	0.01189	0.01288	0.00969	0.00631	0.00505	0.00164	0.00784	0.00424	0.00359	0.00920
1	0.06027	0.00872	0.04672	0.00904	0.01121	0.00725	0.00726	0.01268	0.01685	0.02397	0.39553	0.16426	0.18117	0.01496	0.00785	0.00228	0.00389	0.01299	0.00665	0.00643
2	0.02274	0.10795	0.02114	0.01415	0.01979	0.01954	0.01188	0.47921	0.02641	0.03574	0.01475	0.01532	0.01099	0.00731	0.00620	0.00178	0.00702	0.00544	0.00582	0.16681
3	0.01717	0.45533	0.12887	0.01575	0.02211	0.02277	0.12060	0.02280	0.09797	0.01930	0.01279	0.01439	0.01048	0.00634	0.00557	0.00180	0.00813	0.00504	0.00349	0.00928
4	0.09183	0.12558	0.14663	0.01248	0.01710	0.01444	0.01190	0.06778	0.10017	0.05103	0.18641	0.09934	0.02778	0.01025	0.00667	0.00213	0.00604	0.00842	0.00548	0.00856
5	0.13103	0.23793	0.24843	0.01532	0.04455	0.01883	0.01575	0.08953	0.01608	0.06248	0.01368	0.01724	0.01107	0.00725	0.00579	0.00199	0.00783	0.04181	0.00401	0.00939
6	0.12026	0.04312	0.11812	0.01938	0.09145	0.18838	0.09649	0.10846	0.05640	0.02506	0.05778	0.01735	0.01359	0.00732	0.00646	0.00204	0.00890	0.00591	0.00436	0.00917
7	0.07030	0.01861	0.02137	0.06781	0.16481	0.16548	0.08891	0.11543	0.05642	0.02397	0.02028	0.02211	0.09582	0.00833	0.00728	0.00211	0.03056	0.00691	0.00449	0.00902

[dist]
# distance from previous block
# <min> <max>
8	49

[block]
# block no. 3 follows, 31 sequences, length 17
# corresponding to MSA columns:
# 166-182
name=unknown_D
#
# <colnr> <probs for GDERKNQSTAVLIFYWHMCP>
#	G	D	E	R	K	N	Q	S	T	A	V	L	I	F	Y	W	H	M	C	P
0	0.01792	0.01418	0.01673	0.08043	0.08234	0.04092	0.01179	0.29783	0.02232	0.02998	0.11411	0.10315	0.04151	0.03426	0.03764	0.00265	0.00712	0.00874	0.02742	0.00897
1	0.02365	0.13055	0.02160	0.01556	0.02022	0.35689	0.01248	0.22311	0.02193	0.02496	0.01230	0.01352	0.00976	0.00705	0.00602	0.00174	0.00955	0.00479	0.00447	0.07984
2	0.02417	0.02958	0.01854	0.01672	0.02018	0.62783	0.01260	0.06319	0.02010	0.01917	0.07351	0.01602	0.01394	0.00773	0.00638	0.00181	0.01126	0.00521	0.00407	0.00801
3	0.09474	0.01861	0.11353	0.01461	0.02047	0.01680	0.01327	0.33245	0.06210	0.21668	0.01866	0.01799	0.01276	0.00794	0.00658	0.00211	0.00711	0.00607	0.00651	0.01101
4	0.06743	0.01487	0.07368	0.08075	0.04282	0.03368	0.08264	0.09127	0.10937	0.04737	0.04970	0.07152	0.02112	0.01340	0.05798	0.00299	0.00813	0.11750	0.00523	0.00857
5	0.80789	0.01323	0.01006	0.00900	0.01323	0.01535	0.00741	0.02011	0.01164	0.03070	0.00953	0.01111	0.00741	0.00635	0.00423	0.00212	0.00529	0.00370	0.00423	0.00741
6	0.01693	0.01626	0.02777	0.04199	0.71689	0.01626	0.02100	0.02100	0.01558	0.02235	0.01287	0.01693	0.01084	0.00610	0.00677	0.00203	0.00813	0.00610	0.00339	0.01084
7	0.01873	0.01965	0.02286	0.15853	0.16038	0.20105	0.08099	0.08235	0.06101	0.02191	0.03756	0.01767	0.01238	0.00758	0.00806	0.00214	0.06799	0.00617	0.00401	0.00898
8	0.36802	0.01657	0.01595	0.01279	0.01772	0.01865	0.01056	0.39927	0.02319	0.03768	0.01341	0.01410	0.00979	0.00740	0.00570	0.00208	0.00655	0.00509	0.00570	0.00979
9	0.01554	0.01482	0.02505	0.22315	0.51431	0.01556	0.01985	0.01964	0.01508	0.02093	0.01493	0.01922	0.03840	0.00674	0.00684	0.00211	0.00820	0.00642	0.00341	0.00979
10	0.00834	0.00595	0.00794	0.00953	0.00992	0.00556	0.00635	0.00953	0.01310	0.01746	0.03771	0.75510	0.04525	0.02143	0.00873	0.00278	0.00397	0.01945	0.00635	0.00556
11	0.00809	0.00693	0.00693	0.00693	0.00924	0.00578	0.00520	0.00982	0.01559	0.01848	0.06931	0.06584	0.71411	0.01733	0.00809	0.00231	0.00347	0.01444	0.00635	0.00578
12	0.04652	0.01669	0.05698	0.15423	0.03192	0.01582	0.33349	0.06749	0.01608	0.02282	0.01306	0.01701	0.00997	0.00626	0.00749	0.00208	0.03195	0.00655	0.00371	0.13988
13	0.07552	0.17674	0.12017	0.12986	0.02619	0.13209	0.09276	0.03955	0.03580	0.02043	0.01186	0.01457	0.00944	0.00660	0.00647	0.00194	0.03052	0.00514	0.00349	0.06088
14	0.07797	0.01975	0.04420	0.04293	0.06736	0.14907	0.13765	0.16632	0.10074	0.02649	0.01513	0.01765	0.01182	0.03436	0.00765	0.00219	0.00872	0.00616	0.00469	0.05916
15	0.02251	0.01639	0.01995	0.04722	0.08085	0.10357	0.07895	0.11088	0.09066	0.23810	0.02089	0.03886	0.03116	0.00812	0.00686	0.00205	0.00755	0.00690	0.00594	0.06258
16	0.01566	0.19906	0.14958	0.04048	0.04484	0.05694	0.03532	0.01929	0.01610	0.08269	0.13482	0.02869	0.13066	0.00945	0.00658	0.00199	0.00695	0.00768	0.00477	0.00843

[dist]
# distance from previous block
# <min> <max>
21	63

[block]
# block no. 4 follows, 31 sequences, length 54
# corresponding to MSA columns:
# 292-345
name=unknown_E
#
# <colnr> <probs for GDERKNQSTAVLIFYWHMCP>
#	G	D	E	R	K	N	Q	S	T	A	V	L	I	F	Y	W	H	M	C	P
0	0.07240	0.54064	0.11648	0.01392	0.04137	0.08131	0.01349	0.02117	0.01431	0.01803	0.01004	0.01171	0.00874	0.00607	0.00486	0.00164	0.00795	0.00397	0.00307	0.00885
1	0.12418	0.46182	0.06248	0.01263	0.01839	0.02366	0.01209	0.17179	0.01773	0.02437	0.01120	0.01239	0.00923	0.00648	0.00502	0.00172	0.00723	0.00429	0.00398	0.00930
2	0.15894	0.42730	0.14378	0.01309	0.01919	0.06749	0.01335	0.05321	0.01481	0.02095	0.01037	0.01192	0.00866	0.00624	0.00494	0.00174	0.00775	0.00407	0.00338	0.00884
3	0.10678	0.34237	0.11576	0.01401	0.01983	0.12206	0.01343	0.15132	0.01801	0.02371	0.01135	0.01267	0.00917	0.00661	0.00536	0.00178	0.00820	0.00443	0.00390	0.00923
4	0.09868	0.27748	0.11615	0.01428	0.02023	0.02081	0.04082	0.20963	0.04765	0.04942	0.03541	0.01552	0.01200	0.00712	0.00578	0.00190	0.00745	0.00527	0.00466	0.00973
5	0.11818	0.44847	0.02780	0.01235	0.01788	0.02317	0.01138	0.17969	0.01828	0.06892	0.01225	0.01305	0.00980	0.00663	0.00511	0.00172	0.00702	0.00446	0.00436	0.00946
6	0.08000	0.21633	0.12767	0.01445	0.02052	0.02103	0.01381	0.34504	0.02267	0.03112	0.01518	0.01589	0.03272	0.00749	0.00599	0.00193	0.00756	0.00542	0.00502	0.01015
7	0.07324	0.28979	0.04479	0.01369	0.01913	0.02218	0.01226	0.33045	0.05566	0.03023	0.01396	0.01483	0.01087	0.00869	0.03020	0.00216	0.00764	0.00517	0.00503	0.01005
8	0.05085	0.07185	0.09514	0.01562	0.02141	0.05130	0.01392	0.49304	0.06050	0.03674	0.01558	0.01593	0.01131	0.00781	0.00653	0.00203	0.00781	0.00579	0.00593	0.01093
9	0.02006	0.22795	0.10979	0.01398	0.01955	0.01939	0.01315	0.23734	0.08500	0.08111	0.01923	0.04457	0.04008	0.00861	0.00633	0.00200	0.00715	0.02943	0.00534	0.00996
10	0.01962	0.01530	0.01674	0.01443	0.01854	0.01709	0.01175	0.30170	0.30509	0.03309	0.02468	0.03110	0.02043	0.01058	0.00736	0.00236	0.00644	0.12657	0.00679	0.01034
11	0.02481	0.05497	0.02081	0.01538	0.02072	0.02112	0.01274	0.60099	0.09293	0.04047	0.01714	0.01699	0.01234	0.00820	0.00674	0.00205	0.00732	0.00618	0.00666	0.01142
12	0.02601	0.01916	0.02053	0.01574	0.02122	0.02122	0.01300	0.69408	0.03217	0.04312	0.01643	0.01643	0.01163	0.00821	0.00684	0.00205	0.00753	0.00616	0.00684	0.01163
13	0.02067	0.44834	0.08086	0.01370	0.01973	0.02419	0.01316	0.25763	0.02037	0.02601	0.01215	0.01315	0.00978	0.00673	0.00541	0.00172	0.00760	0.00464	0.00430	0.00988
14	0.01792	0.70463	0.09165	0.01234	0.01854	0.02616	0.01281	0.02058	0.01395	0.01655	0.00974	0.01126	0.00877	0.00591	0.00456	0.00152	0.00754	0.00377	0.00292	0.00889
15	0.01582	0.37018	0.40773	0.01592	0.02407	0.02103	0.01904	0.02112	0.01419	0.01911	0.01101	0.01285	0.00872	0.00620	0.00553	0.00184	0.00883	0.00441	0.00291	0.00950
16	0.02172	0.39105	0.02742	0.01449	0.01927	0.32249	0.01238	0.06071	0.04018	0.01826	0.01095	0.01233	0.00935	0.00660	0.00536	0.00165	0.00937	0.00424	0.00353	0.00865
17	0.00863	0.00695	0.00769	0.00751	0.00958	0.00601	0.00563	0.01088	0.01689	0.02156	0.29062	0.06078	0.49088	0.01618	0.00808	0.00226	0.00338	0.01373	0.00676	0.00601
18	0.01829	0.76368	0.03585	0.01171	0.01756	0.02707	0.01171	0.02049	0.01390	0.01610	0.00951	0.01097	0.00878	0.00585	0.00439	0.00146	0.00732	0.00366	0.00293	0.00878
19	0.00995	0.00663	0.00746	0.00746	0.00746	0.00663	0.00415	0.00995	0.00995	0.01327	0.02156	0.04477	0.02487	0.75957	0.03482	0.00663	0.00663	0.00995	0.00415	0.00415
20	0.00968	0.00699	0.00914	0.00861	0.01022	0.00646	0.00646	0.01291	0.01937	0.02743	0.71328	0.05110	0.06455	0.01399	0.00807	0.00215	0.00323	0.01237	0.00753	0.00646
21	0.01589	0.01519	0.02588	0.22487	0.54219	0.01598	0.02048	0.02008	0.01508	0.02108	0.01268	0.01727	0.01039	0.00629	0.00679	0.00210	0.00839	0.00609	0.00330	0.00999
22	0.00834	0.00595	0.00794	0.00953	0.00992	0.00556	0.00635	0.00953	0.01310	0.01746	0.03771	0.75510	0.04525	0.02143	0.00873	0.00278	0.00397	0.01945	0.00635	0.00556
23	0.01993	0.01604	0.01799	0.01503	0.01953	0.01802	0.04080	0.22245	0.46375	0.05282	0.02397	0.02257	0.01769	0.00880	0.00697	0.00224	0.00629	0.00728	0.00682	0.01101
24	0.02969	0.01139	0.01552	0.01205	0.01713	0.00985	0.00989	0.03227	0.01929	0.69000	0.02747	0.05615	0.01821	0.00905	0.00696	0.00215	0.00574	0.00744	0.00837	0.01137
25	0.01515	0.02541	0.32142	0.02500	0.03323	0.01672	0.41798	0.02181	0.01545	0.02181	0.01320	0.01681	0.00968	0.00607	0.00743	0.00225	0.01095	0.00683	0.00323	0.00959
26	0.01292	0.01216	0.02052	0.74312	0.04712	0.01520	0.01900	0.01748	0.01368	0.01748	0.01216	0.01824	0.00912	0.00684	0.00684	0.00228	0.00912	0.00608	0.00304	0.00760
27	0.01693	0.01626	0.02777	0.04199	0.71689	0.01626	0.02100	0.02100	0.01558	0.02235	0.01287	0.01693	0.01084	0.00610	0.00677	0.00203	0.00813	0.00610	0.00339	0.01084
28	0.01693	0.01626	0.02777	0.04199	0.71689	0.01626	0.02100	0.02100	0.01558	0.02235	0.01287	0.01693	0.01084	0.00610	0.00677	0.00203	0.00813	0.00610	0.00339	0.01084
29	0.01507	0.01504	0.02220	0.50368	0.20992	0.08120	0.01896	0.01925	0.01467	0.01861	0.01219	0.01738	0.00952	0.00668	0.00676	0.00217	0.00917	0.00593	0.00317	0.00843
30	0.02787	0.01212	0.01574	0.01232	0.01727	0.01117	0.01009	0.08564	0.06709	0.56943	0.07575	0.02489	0.02021	0.00890	0.00697	0.00213	0.00574	0.00728	0.00817	0.01121
31	0.01055	0.00753	0.01048	0.01205	0.01342	0.00746	0.01019	0.01335	0.01528	0.01994	0.03649	0.19761	0.04042	0.01935	0.00932	0.00308	0.00589	0.55512	0.00631	0.00617
32	0.01619	0.01729	0.05934	0.10403	0.42629	0.01644	0.21661	0.02096	0.01552	0.02173	0.01306	0.01740	0.01045	0.00609	0.00715	0.00214	0.00930	0.00663	0.00335	0.01003
33	0.02708	0.01176	0.01739	0.01331	0.01836	0.01033	0.07220	0.03008	0.01924	0.58209	0.10030	0.02586	0.02150	0.00882	0.00712	0.00214	0.00606	0.00759	0.00791	0.01086
34	0.00892	0.00634	0.00844	0.00991	0.01048	0.00604	0.00700	0.01036	0.01333	0.01768	0.03628	0.58595	0.04276	0.07430	0.01074	0.00312	0.00457	0.13200	0.00618	0.00558
35	0.10950	0.02108	0.01879	0.01538	0.01998	0.18028	0.01236	0.40005	0.07487	0.03386	0.01493	0.01554	0.01112	0.00796	0.00696	0.00205	0.03387	0.00561	0.00569	0.01014
36	0.02949	0.01283	0.01688	0.01455	0.06813	0.03988	0.01097	0.03220	0.01928	0.64245	0.02530	0.02238	0.01616	0.00824	0.00684	0.00210	0.00625	0.00672	0.00790	0.01143
37	0.00908	0.00668	0.00867	0.00999	0.01105	0.00627	0.00752	0.01093	0.01429	0.01851	0.04260	0.44102	0.15636	0.02000	0.00883	0.00281	0.00456	0.20868	0.00634	0.00581
38	0.01800	0.01828	0.02673	0.03898	0.63081	0.10482	0.02003	0.02178	0.01605	0.02166	0.01258	0.01636	0.01059	0.00621	0.00670	0.00200	0.00865	0.00589	0.00340	0.01048
39	0.01327	0.01200	0.01880	0.50818	0.07515	0.01433	0.01677	0.01935	0.09946	0.01945	0.01770	0.05267	0.01529	0.00895	0.00720	0.00238	0.00811	0.07896	0.00402	0.00796
40	0.42765	0.05180	0.04281	0.01493	0.07398	0.19602	0.01130	0.04435	0.01475	0.02543	0.01038	0.01234	0.00835	0.00676	0.00578	0.00203	0.03502	0.00429	0.00392	0.00813
41	0.11771	0.01742	0.04384	0.13244	0.32152	0.06854	0.03428	0.11042	0.04554	0.02526	0.01327	0.01631	0.01045	0.00672	0.00646	0.00208	0.00818	0.00576	0.00404	0.00977
42	0.09477	0.01825	0.06406	0.01433	0.01902	0.08819	0.01211	0.22038	0.22796	0.08361	0.04843	0.02211	0.01705	0.00874	0.00669	0.00216	0.00699	0.02884	0.00617	0.01013
43	0.01911	0.01547	0.01688	0.01519	0.08291	0.08158	0.01091	0.14263	0.06729	0.09670	0.01823	0.04838	0.03456	0.00760	0.00621	0.00168	0.00650	0.00615	0.00526	0.31673
44	0.02006	0.01473	0.05073	0.01656	0.10706	0.05296	0.01187	0.12702	0.09570	0.20034	0.04510	0.13054	0.04648	0.03893	0.00822	0.00238	0.00651	0.00893	0.00627	0.00962
45	0.07017	0.11807	0.06376	0.02518	0.30356	0.01610	0.04836	0.04456	0.01499	0.02176	0.01515	0.06449	0.01404	0.02774	0.04092	0.00257	0.02617	0.03381	0.00384	0.04477
46	0.04589	0.01800	0.10428	0.01678	0.07228	0.03436	0.03533	0.28607	0.07516	0.05647	0.04354	0.02736	0.09037	0.00963	0.00709	0.00220	0.00720	0.05229	0.00582	0.00987
47	0.01882	0.11718	0.07403	0.01570	0.07853	0.07362	0.01250	0.20335	0.01999	0.04960	0.03834	0.04969	0.06423	0.00830	0.00632	0.00183	0.00709	0.00656	0.00498	0.14935
48	0.09140	0.01443	0.01707	0.14794	0.11518	0.08614	0.01281	0.10378	0.01821	0.06341	0.18499	0.04282	0.02433	0.00929	0.00751	0.00215	0.03730	0.00760	0.00520	0.00844
49	0.07313	0.15187	0.14333	0.04465	0.10023	0.09215	0.01511	0.14782	0.06201	0.05909	0.01588	0.01704	0.03435	0.00735	0.00615	0.00198	0.00805	0.00559	0.00450	0.00972
50	0.01894	0.04216	0.01942	0.04045	0.12187	0.14239	0.03448	0.15424	0.07210	0.04962	0.13519	0.04599	0.02167	0.00900	0.00738	0.00205	0.03111	0.00736	0.00533	0.03927
51	0.05586	0.01989	0.09437	0.02009	0.14341	0.13182	0.04733	0.15238	0.03521	0.09936	0.05987	0.03597	0.01531	0.00782	0.00666	0.00201	0.00807	0.00643	0.00505	0.05311
52	0.07722	0.02188	0.05994	0.01983	0.14611	0.27661	0.01380	0.07827	0.04604	0.06586	0.03324	0.04967	0.01371	0.00924	0.02963	0.00225	0.00918	0.00610	0.00448	0.03694
53	0.06673	0.08690	0.03911	0.07993	0.26794	0.05837	0.01471	0.05301	0.05799	0.04328	0.01912	0.12795	0.03818	0.00922	0.00670	0.00213	0.00722	0.00796	0.00444	0.00909

[dist]
# distance from previous block
# <min> <max>
7	83

[block]
# block no. 5 follows, 31 sequences, length 16
# corresponding to MSA columns:
# 435-450
name=unknown_F
#
# <colnr> <probs for GDERKNQSTAVLIFYWHMCP>
#	G	D	E	R	K	N	Q	S	T	A	V	L	I	F	Y	W	H	M	C	P
0	0.19922	0.08655	0.11078	0.01643	0.06264	0.03918	0.08446	0.09041	0.04404	0.08159	0.01530	0.06233	0.01256	0.00780	0.00654	0.00209	0.02645	0.00625	0.00460	0.04078
1	0.02032	0.04544	0.04451	0.01376	0.01806	0.06958	0.01147	0.28701	0.09701	0.08921	0.09343	0.02389	0.04059	0.01434	0.09686	0.00317	0.00837	0.00718	0.00610	0.00969
2	0.01711	0.22831	0.27949	0.06282	0.04501	0.08646	0.01735	0.07527	0.05438	0.02176	0.04203	0.01592	0.01206	0.00699	0.00604	0.00194	0.00868	0.00525	0.00372	0.00941
3	0.01372	0.03539	0.72412	0.01950	0.02961	0.01589	0.02528	0.02167	0.01444	0.02167	0.01228	0.01444	0.00867	0.00650	0.00650	0.00217	0.01011	0.00506	0.00289	0.01011
4	0.01829	0.76368	0.03585	0.01171	0.01756	0.02707	0.01171	0.02049	0.01390	0.01610	0.00951	0.01097	0.00878	0.00585	0.00439	0.00146	0.00732	0.00366	0.00293	0.00878
5	0.00829	0.00655	0.00747	0.00806	0.00957	0.00573	0.00573	0.00990	0.01485	0.01865	0.09780	0.33665	0.40911	0.01873	0.00834	0.00248	0.00365	0.01628	0.00643	0.00573
6	0.80789	0.01323	0.01006	0.00900	0.01323	0.01535	0.00741	0.02011	0.01164	0.03070	0.00953	0.01111	0.00741	0.00635	0.00423	0.00212	0.00529	0.00370	0.00423	0.00741
7	0.01372	0.03539	0.72412	0.01950	0.02961	0.01589	0.02528	0.02167	0.01444	0.02167	0.01228	0.01444	0.00867	0.00650	0.00650	0.00217	0.01011	0.00506	0.00289	0.01011
8	0.01372	0.03539	0.72412	0.01950	0.02961	0.01589	0.02528	0.02167	0.01444	0.02167	0.01228	0.01444	0.00867	0.00650	0.00650	0.00217	0.01011	0.00506	0.00289	0.01011
9	0.00932	0.00698	0.00864	0.00823	0.01000	0.00630	0.00617	0.01221	0.01851	0.02540	0.56667	0.05446	0.21243	0.01475	0.00807	0.00219	0.00328	0.01284	0.00726	0.00630
10	0.07123	0.01573	0.02171	0.02483	0.27260	0.09784	0.09467	0.02093	0.01596	0.09081	0.05656	0.09229	0.01761	0.01008	0.03452	0.00243	0.00819	0.00770	0.00454	0.03978
11	0.01706	0.39700	0.26710	0.01461	0.02164	0.02152	0.01617	0.09019	0.01628	0.02141	0.04995	0.01493	0.01211	0.00677	0.00556	0.00180	0.00806	0.00487	0.00357	0.00940
12	0.09329	0.07542	0.09147	0.01534	0.06508	0.01617	0.01253	0.19481	0.10359	0.06334	0.02141	0.13280	0.04186	0.01016	0.00721	0.00221	0.03021	0.00818	0.00552	0.00942
13	0.01937	0.11148	0.08926	0.08665	0.22697	0.12043	0.01657	0.11106	0.08379	0.04868	0.01441	0.01641	0.01123	0.00697	0.00641	0.00199	0.00848	0.00565	0.00425	0.00995
14	0.05913	0.04504	0.12267	0.04639	0.09934	0.18339	0.04326	0.15104	0.01949	0.02546	0.08072	0.01820	0.01506	0.00751	0.00649	0.00195	0.00864	0.00594	0.00447	0.05580
15	0.04323	0.01439	0.01870	0.02025	0.19536	0.03911	0.03882	0.14445	0.07438	0.09372	0.06924	0.05603	0.07287	0.03942	0.00808	0.00227	0.00668	0.00795	0.00554	0.04949

[dist]
# distance from previous block
# <min> <max>
3	25

[block]
# block no. 6 follows, 31 sequences, length 17
# corresponding to MSA columns:
# 476-492
name=unknown_G
#
# <colnr> <probs for GDERKNQSTAVLIFYWHMCP>
#	G	D	E	R	K	N	Q	S	T	A	V	L	I	F	Y	W	H	M	C	P
0	0.01888	0.06712	0.01783	0.01630	0.11403	0.04914	0.01119	0.14595	0.06797	0.12454	0.02215	0.12387	0.04179	0.05910	0.00861	0.00233	0.00650	0.00827	0.00562	0.08882
1	0.01875	0.04108	0.01694	0.01489	0.05984	0.06080	0.03367	0.15745	0.06467	0.12930	0.05757	0.17860	0.02365	0.01132	0.00722	0.00218	0.00641	0.04190	0.00610	0.06767
2	0.09217	0.01450	0.08802	0.01501	0.10234	0.05846	0.01121	0.01865	0.07857	0.04638	0.07215	0.03653	0.17765	0.07551	0.00940	0.00258	0.00628	0.05474	0.00515	0.03470
3	0.01905	0.07737	0.08936	0.01680	0.06840	0.27349	0.01310	0.09213	0.07308	0.02121	0.01766	0.13232	0.01676	0.04941	0.00817	0.00229	0.00877	0.00764	0.00450	0.00846
4	0.08250	0.21952	0.04900	0.01660	0.09621	0.18091	0.01266	0.04122	0.06728	0.05822	0.03065	0.01561	0.01201	0.00801	0.02478	0.00202	0.00831	0.00504	0.00413	0.06531
5	0.04784	0.02047	0.01900	0.06460	0.04551	0.27580	0.06106	0.05244	0.11122	0.06502	0.01669	0.07200	0.01409	0.00842	0.00714	0.00203	0.03364	0.00665	0.00466	0.07172
6	0.01118	0.03358	0.01057	0.00971	0.01146	0.08517	0.00719	0.01357	0.01730	0.02259	0.38518	0.21277	0.12386	0.01510	0.00790	0.00225	0.00454	0.01313	0.00654	0.00640
7	0.07643	0.44184	0.10465	0.01389	0.01949	0.20693	0.01326	0.02235	0.01521	0.01792	0.01009	0.01171	0.00868	0.00627	0.00507	0.00166	0.00877	0.00401	0.00317	0.00861
8	0.01450	0.02303	0.29028	0.15290	0.05827	0.01596	0.22263	0.02045	0.01468	0.02084	0.01260	0.01643	0.00945	0.00646	0.00761	0.00218	0.04037	0.00616	0.00319	0.06201
9	0.00877	0.00622	0.00817	0.00948	0.00998	0.00588	0.00646	0.01008	0.01329	0.01777	0.07183	0.59402	0.04370	0.09869	0.01150	0.00318	0.00438	0.06490	0.00618	0.00551
10	0.05147	0.01897	0.01937	0.11824	0.02265	0.20911	0.01418	0.02192	0.05091	0.06800	0.01216	0.01571	0.01009	0.00932	0.01323	0.00243	0.32471	0.00564	0.00379	0.00809
11	0.01203	0.00748	0.00952	0.00873	0.01060	0.00685	0.00645	0.01463	0.01779	0.10517	0.48870	0.04811	0.10232	0.11782	0.01167	0.00279	0.00402	0.01155	0.00708	0.00668
12	0.01419	0.01216	0.01419	0.01013	0.01621	0.00912	0.00811	0.01723	0.01419	0.02229	0.01216	0.01419	0.01013	0.00507	0.00507	0.00101	0.00507	0.00405	0.00405	0.80139
13	0.01657	0.02033	0.10824	0.07039	0.11128	0.13294	0.18696	0.02197	0.07152	0.02074	0.04089	0.05738	0.01448	0.00825	0.00879	0.00226	0.08698	0.00726	0.00391	0.00886
14	0.00942	0.00702	0.00778	0.00768	0.00891	0.00639	0.00501	0.01034	0.01249	0.01609	0.03892	0.12772	0.26014	0.37705	0.02093	0.00437	0.00516	0.01213	0.00513	0.05733
15	0.02498	0.05548	0.02092	0.01541	0.02079	0.02120	0.01278	0.61365	0.07960	0.04074	0.01691	0.01681	0.01216	0.00817	0.00673	0.00204	0.00737	0.00615	0.00666	0.01144
16	0.01641	0.17045	0.45669	0.01669	0.02488	0.01756	0.01980	0.07229	0.01626	0.06776	0.04940	0.01640	0.01235	0.00702	0.00623	0.00202	0.00875	0.00537	0.00379	0.00988

[dist]
# distance from previous block
# <min> <max>
0	34

[block]
# block no. 7 follows, 31 sequences, length 20
# corresponding to MSA columns:
# 535-554
name=unknown_H
#
# <colnr> <probs for GDERKNQSTAVLIFYWHMCP>
#	G	D	E	R	K	N	Q	S	T	A	V	L	I	F	Y	W	H	M	C	P
0	0.10481	0.01817	0.01903	0.01490	0.02011	0.02026	0.01225	0.56857	0.08825	0.04060	0.01671	0.01667	0.01200	0.00812	0.00659	0.00208	0.00712	0.00605	0.00659	0.01113
1	0.01488	0.16450	0.52798	0.01753	0.02624	0.01802	0.02136	0.02295	0.08459	0.02137	0.01336	0.01495	0.00993	0.00667	0.00617	0.00206	0.00913	0.00508	0.00331	0.00994
2	0.01451	0.16110	0.60531	0.01815	0.02753	0.01782	0.02293	0.02146	0.01435	0.02070	0.01180	0.01385	0.00869	0.00639	0.00614	0.00205	0.00963	0.00481	0.00290	0.00988
3	0.02601	0.01916	0.02053	0.01574	0.02122	0.02122	0.01300	0.69408	0.03217	0.04312	0.01643	0.01643	0.01163	0.00821	0.00684	0.00205	0.00753	0.00616	0.00684	0.01163
4	0.01591	0.38446	0.39423	0.01576	0.02383	0.02125	0.01877	0.02110	0.01418	0.01900	0.01095	0.01278	0.00872	0.00619	0.00549	0.00183	0.00877	0.00439	0.00291	0.00947
5	0.00977	0.00733	0.01100	0.01100	0.01222	0.00855	0.00855	0.01222	0.01100	0.01588	0.01833	0.02688	0.01710	0.05131	0.73245	0.01100	0.01833	0.00733	0.00367	0.00611
6	0.01838	0.44683	0.21161	0.01476	0.02131	0.14744	0.01549	0.02199	0.01500	0.01765	0.01042	0.01211	0.00876	0.00623	0.00525	0.00170	0.00892	0.00415	0.00302	0.00898
7	0.00836	0.00689	0.00701	0.00701	0.00898	0.00590	0.00504	0.00984	0.01477	0.01772	0.06232	0.06276	0.61328	0.12591	0.01200	0.00294	0.00393	0.01378	0.00603	0.00554
8	0.01829	0.76368	0.03585	0.01171	0.01756	0.02707	0.01171	0.02049	0.01390	0.01610	0.00951	0.01097	0.00878	0.00585	0.00439	0.00146	0.00732	0.00366	0.00293	0.00878
9	0.01558	0.01693	0.03340	0.06843	0.03145	0.01736	0.46576	0.02021	0.01470	0.02056	0.01263	0.01743	0.01000	0.00706	0.01074	0.00236	0.16181	0.00725	0.00338	0.06297
10	0.01774	0.67621	0.11851	0.01264	0.01901	0.02573	0.01334	0.02063	0.01397	0.01676	0.00984	0.01139	0.00877	0.00593	0.00464	0.00155	0.00765	0.00383	0.00292	0.00894
11	0.02547	0.01377	0.08715	0.01275	0.01795	0.01082	0.01129	0.03005	0.07850	0.51590	0.05730	0.06800	0.02030	0.00937	0.00701	0.00218	0.00599	0.00778	0.00760	0.01081
12	0.00979	0.00726	0.01064	0.01064	0.01173	0.00836	0.00810	0.01199	0.01089	0.01562	0.01865	0.02870	0.01789	0.12340	0.66145	0.01055	0.01713	0.00760	0.00371	0.00591
13	0.00965	0.00651	0.00755	0.00785	0.00792	0.00643	0.00456	0.00987	0.01054	0.01405	0.02457	0.17710	0.02867	0.62205	0.02996	0.00591	0.00614	0.01172	0.00456	0.00441
14	0.01935	0.10177	0.02472	0.10313	0.31696	0.18147	0.01679	0.07596	0.05561	0.02186	0.01301	0.01580	0.01059	0.00671	0.00640	0.00195	0.00891	0.00554	0.00380	0.00967
15	0.01905	0.01207	0.01405	0.01186	0.01561	0.01241	0.00941	0.13257	0.20309	0.19252	0.20799	0.03340	0.08456	0.01078	0.00730	0.00219	0.00512	0.00902	0.00740	0.00961
16	0.00812	0.00678	0.00709	0.00733	0.00935	0.00574	0.00538	0.00977	0.01521	0.01833	0.06445	0.17174	0.61135	0.01796	0.00819	0.00238	0.00354	0.01521	0.00635	0.00574
17	0.09861	0.15399	0.16040	0.01890	0.05045	0.18477	0.14140	0.02216	0.01551	0.02032	0.01233	0.01651	0.01030	0.00704	0.00676	0.00203	0.03317	0.03318	0.00345	0.00871
18	0.01930	0.35189	0.07844	0.01755	0.09059	0.16305	0.01441	0.06211	0.01586	0.01894	0.01061	0.01293	0.00918	0.00707	0.00756	0.00186	0.10177	0.00460	0.00333	0.00893
19	0.04939	0.52987	0.19737	0.01369	0.02039	0.05362	0.01482	0.02104	0.01417	0.01803	0.01021	0.01186	0.00870	0.00608	0.00496	0.00167	0.00811	0.00402	0.00300	0.00900

[dist]
# distance from previous block
# <min> <max>
3	11

[block]
# block no. 8 follows, 31 sequences, length 48
# corresponding to MSA columns:
# 566-575,579-616
name=unknown_I
#
# <colnr> <probs for GDERKNQSTAVLIFYWHMCP>
#	G	D	E	R	K	N	Q	S	T	A	V	L	I	F	Y	W	H	M	C	P
0	0.39146	0.12375	0.25892	0.01328	0.01981	0.01741	0.01438	0.05183	0.01386	0.02618	0.01079	0.01248	0.00822	0.00642	0.00515	0.00204	0.00732	0.00427	0.00371	0.00872
1	0.00999	0.00770	0.00911	0.00936	0.01137	0.00716	0.00746	0.04309	0.01680	0.02146	0.15345	0.11456	0.34625	0.01713	0.00845	0.00254	0.00444	0.19687	0.00654	0.00628
2	0.07362	0.55978	0.14349	0.01295	0.01935	0.02418	0.01364	0.05176	0.01467	0.01927	0.01027	0.01179	0.00880	0.00610	0.00483	0.00165	0.00763	0.00400	0.00319	0.00903
3	0.11391	0.01859	0.01583	0.01390	0.01801	0.18987	0.01082	0.04404	0.34811	0.07519	0.02015	0.01952	0.01518	0.00804	0.00631	0.00206	0.00713	0.00611	0.00572	0.06153
4	0.67629	0.11446	0.01372	0.00946	0.01395	0.01676	0.00807	0.02059	0.01220	0.05098	0.01009	0.01149	0.00790	0.00635	0.00434	0.00203	0.00558	0.00380	0.00419	0.00773
5	0.00840	0.00623	0.00779	0.00900	0.00982	0.00569	0.00616	0.00972	0.01360	0.01764	0.04386	0.57306	0.18512	0.04137	0.00935	0.00280	0.00400	0.03455	0.00629	0.00558
6	0.01632	0.25557	0.46403	0.01660	0.02507	0.01888	0.02006	0.02214	0.01464	0.06979	0.01248	0.01402	0.00929	0.00644	0.00588	0.00195	0.00895	0.00476	0.00330	0.00981
7	0.01781	0.01432	0.01542	0.01356	0.01767	0.01602	0.01060	0.03492	0.61184	0.07755	0.02679	0.02464	0.01992	0.00896	0.00683	0.00222	0.00542	0.00744	0.00688	0.06120
8	0.65274	0.01447	0.01140	0.01010	0.01433	0.06075	0.00819	0.02256	0.06196	0.07328	0.01200	0.01299	0.00906	0.00674	0.00472	0.00211	0.00578	0.00424	0.00465	0.00795
9	0.01586	0.37689	0.40139	0.01585	0.02396	0.02113	0.01891	0.02111	0.01419	0.01905	0.01098	0.01282	0.00872	0.00620	0.00551	0.00184	0.00880	0.00440	0.00291	0.00949
10	0.01830	0.67713	0.08497	0.01254	0.01860	0.05882	0.01276	0.02089	0.01419	0.01653	0.00976	0.01129	0.00877	0.00596	0.00462	0.00153	0.00775	0.00379	0.00295	0.00884
11	0.01718	0.58735	0.20249	0.01359	0.02048	0.02436	0.01499	0.02077	0.01403	0.01744	0.01018	0.01181	0.00875	0.00601	0.00490	0.00163	0.00799	0.00400	0.00292	0.00910
12	0.01083	0.10911	0.01310	0.03120	0.01330	0.00961	0.00881	0.01313	0.01491	0.01937	0.11084	0.27269	0.08948	0.03041	0.00868	0.00267	0.00524	0.22437	0.00587	0.00638
13	0.06857	0.01160	0.01384	0.01054	0.01573	0.00972	0.00847	0.02173	0.03824	0.20508	0.09459	0.02084	0.01814	0.00716	0.00588	0.00154	0.00508	0.00581	0.00569	0.43174
14	0.00976	0.05550	0.01019	0.00879	0.01120	0.00772	0.00697	0.01185	0.01530	0.01926	0.08520	0.14434	0.39427	0.01631	0.00794	0.00235	0.00433	0.12000	0.00602	0.06269
15	0.00852	0.00609	0.00810	0.00940	0.00996	0.00568	0.00636	0.00998	0.01394	0.01881	0.12879	0.66019	0.04785	0.02043	0.00864	0.00269	0.00387	0.01849	0.00651	0.00568
16	0.01519	0.31122	0.19780	0.01589	0.02140	0.01965	0.08563	0.01893	0.01372	0.01829	0.01437	0.11343	0.01386	0.00888	0.00818	0.00210	0.10257	0.00688	0.00344	0.00855
17	0.01713	0.02443	0.39344	0.11538	0.02855	0.01405	0.05960	0.02306	0.01584	0.17072	0.05885	0.01935	0.01405	0.00738	0.00682	0.00218	0.00872	0.00621	0.00442	0.00982
18	0.01372	0.03539	0.72412	0.01950	0.02961	0.01589	0.02528	0.02167	0.01444	0.02167	0.01228	0.01444	0.00867	0.00650	0.00650	0.00217	0.01011	0.00506	0.00289	0.01011
19	0.01372	0.03539	0.72412	0.01950	0.02961	0.01589	0.02528	0.02167	0.01444	0.02167	0.01228	0.01444	0.00867	0.00650	0.00650	0.00217	0.01011	0.00506	0.00289	0.01011
20	0.01697	0.02257	0.18090	0.04208	0.08378	0.08078	0.36073	0.02234	0.01582	0.04864	0.01337	0.01694	0.01007	0.00651	0.00813	0.00223	0.04847	0.00675	0.00350	0.00939
21	0.02292	0.05779	0.02003	0.01709	0.02042	0.57239	0.03380	0.02480	0.01803	0.01696	0.01422	0.01611	0.05367	0.00806	0.00774	0.00191	0.07734	0.00527	0.00363	0.00783
22	0.00918	0.00710	0.00856	0.00939	0.01112	0.00649	0.00747	0.01132	0.01522	0.01902	0.05213	0.18745	0.35959	0.01859	0.00868	0.00269	0.00456	0.24919	0.00633	0.00593
23	0.00992	0.00721	0.00948	0.00951	0.01116	0.00677	0.00753	0.01303	0.01821	0.02510	0.50047	0.05866	0.09950	0.01545	0.00842	0.00242	0.00402	0.17961	0.00714	0.00637
24	0.02049	0.01696	0.04883	0.02284	0.16866	0.01673	0.12690	0.26838	0.03580	0.08914	0.01856	0.02472	0.01506	0.00860	0.00733	0.00223	0.00808	0.08482	0.00549	0.01037
25	0.01524	0.05027	0.44109	0.02028	0.02857	0.01553	0.18420	0.02181	0.01552	0.06651	0.06341	0.01848	0.01359	0.00696	0.00695	0.00217	0.00961	0.00638	0.00371	0.00969
26	0.00834	0.00595	0.00794	0.00953	0.00992	0.00556	0.00635	0.00953	0.01310	0.01746	0.03771	0.75510	0.04525	0.02143	0.00873	0.00278	0.00397	0.01945	0.00635	0.00556
27	0.01615	0.02399	0.29309	0.05713	0.03266	0.01615	0.36235	0.02245	0.01565	0.07244	0.01413	0.01730	0.01016	0.00629	0.00734	0.00224	0.01048	0.00677	0.00359	0.00966
28	0.02223	0.08813	0.03773	0.06270	0.03920	0.49799	0.01417	0.02437	0.01715	0.01695	0.01046	0.01312	0.00890	0.00758	0.00833	0.00196	0.11290	0.00472	0.00335	0.00804
29	0.01909	0.65272	0.03463	0.01296	0.01885	0.02506	0.06001	0.02158	0.01450	0.07084	0.01117	0.01246	0.00952	0.00605	0.00484	0.00157	0.00750	0.00422	0.00339	0.00903
30	0.06958	0.60539	0.08252	0.01221	0.01807	0.02455	0.01233	0.04426	0.01433	0.01841	0.01031	0.01206	0.00911	0.00781	0.03333	0.00195	0.00783	0.00400	0.00318	0.00878
31	0.01790	0.21574	0.22790	0.01871	0.02524	0.12517	0.14666	0.06172	0.01616	0.02051	0.01166	0.01417	0.00924	0.00671	0.00722	0.00200	0.05542	0.00530	0.00334	0.00921
32	0.01182	0.00878	0.01026	0.01026	0.01205	0.00873	0.00746	0.14633	0.01739	0.02279	0.03960	0.47344	0.16866	0.01799	0.00823	0.00254	0.00458	0.01582	0.00645	0.00681
33	0.02601	0.01916	0.02053	0.01574	0.02122	0.02122	0.01300	0.69408	0.03217	0.04312	0.01643	0.01643	0.01163	0.00821	0.00684	0.00205	0.00753	0.00616	0.00684	0.01163
34	0.00965	0.00656	0.00749	0.00770	0.00786	0.00645	0.00448	0.00989	0.01064	0.01406	0.02605	0.13567	0.06279	0.62817	0.03015	0.00592	0.00613	0.01138	0.00454	0.00441
35	0.01873	0.61440	0.03198	0.01247	0.01770	0.12208	0.01171	0.02088	0.01446	0.01617	0.01023	0.01220	0.00933	0.00899	0.05228	0.00213	0.00872	0.00400	0.00306	0.00849
36	0.60938	0.15395	0.06158	0.01019	0.01511	0.01756	0.00938	0.02028	0.01225	0.02739	0.00970	0.01131	0.00775	0.00627	0.00441	0.00200	0.00598	0.00378	0.00390	0.00784
37	0.02601	0.01916	0.02053	0.01574	0.02122	0.02122	0.01300	0.69408	0.03217	0.04312	0.01643	0.01643	0.01163	0.00821	0.00684	0.00205	0.00753	0.00616	0.00684	0.01163
38	0.01110	0.00948	0.01441	0.01183	0.01511	0.00840	0.14285	0.01392	0.01649	0.05659	0.15503	0.05193	0.43795	0.01405	0.00802	0.00228	0.00516	0.01246	0.00606	0.00687
39	0.01601	0.06348	0.02318	0.06404	0.02145	0.01885	0.09704	0.01846	0.01281	0.06896	0.05468	0.01818	0.01316	0.01036	0.01650	0.00265	0.46188	0.00656	0.00373	0.00803
40	0.01519	0.17232	0.56863	0.01776	0.02690	0.01780	0.02217	0.02186	0.01452	0.04559	0.01228	0.01410	0.00898	0.00645	0.00611	0.00203	0.00943	0.00486	0.00310	0.00991
41	0.01860	0.16819	0.34089	0.01655	0.02382	0.01910	0.01821	0.16924	0.01834	0.07569	0.01351	0.01489	0.00996	0.00725	0.00724	0.00206	0.05693	0.00522	0.00417	0.01013
42	0.61051	0.06424	0.01405	0.01219	0.05802	0.06842	0.00924	0.05527	0.01365	0.02885	0.01016	0.01183	0.00803	0.00645	0.00468	0.00204	0.00623	0.00403	0.00418	0.00797
43	0.07660	0.06943	0.15117	0.01700	0.06667	0.01784	0.03123	0.28887	0.05657	0.03053	0.01553	0.01829	0.01211	0.01032	0.05134	0.00260	0.00838	0.02627	0.00502	0.04422
44	0.01849	0.66422	0.03371	0.05737	0.01965	0.07743	0.01227	0.02080	0.01429	0.01623	0.00975	0.01152	0.00880	0.00600	0.00467	0.00154	0.00779	0.00386	0.00298	0.00865
45	0.01574	0.06017	0.01601	0.01110	0.01666	0.05824	0.00893	0.06675	0.01576	0.02281	0.01351	0.05202	0.01187	0.00631	0.00541	0.00126	0.00580	0.00499	0.00427	0.60240
46	0.06558	0.05893	0.04328	0.01487	0.11094	0.01093	0.01064	0.01999	0.01769	0.18275	0.31078	0.03496	0.03580	0.01062	0.00716	0.00213	0.00531	0.04264	0.00643	0.00858
47	0.01744	0.39671	0.28551	0.01646	0.06521	0.02108	0.01712	0.02188	0.01461	0.06965	0.01200	0.01350	0.00946	0.00629	0.00549	0.00180	0.00828	0.00455	0.00334	0.00960

[dist]
# distance from previous block
# <min> <max>
12	26

[block]
# block no. 9 follows, 31 sequences, length 27
# corresponding to MSA columns:
# 671-677,681-700
name=unknown_J
#
# <colnr> <probs for GDERKNQSTAVLIFYWHMCP>
#	G	D	E	R	K	N	Q	S	T	A	V	L	I	F	Y	W	H	M	C	P
0	0.12446	0.42361	0.25702	0.01388	0.02090	0.02182	0.01555	0.02082	0.01377	0.01990	0.01042	0.01213	0.00856	0.00613	0.00506	0.00178	0.00795	0.00412	0.00309	0.00903
1	0.01533	0.35968	0.33333	0.01503	0.02221	0.02008	0.01727	0.02006	0.01381	0.01850	0.01172	0.01430	0.00968	0.01132	0.08831	0.00286	0.00979	0.00469	0.00299	0.00906
2	0.01511	0.34076	0.33439	0.01471	0.02185	0.01935	0.01695	0.01997	0.01488	0.02009	0.10668	0.01797	0.01633	0.00725	0.00582	0.00187	0.00799	0.00546	0.00354	0.00905
3	0.01752	0.64097	0.15181	0.01302	0.01959	0.02519	0.01399	0.02068	0.01399	0.01703	0.00998	0.01156	0.00876	0.00596	0.00475	0.00158	0.00779	0.00389	0.00292	0.00900
4	0.05993	0.02890	0.54667	0.01685	0.02498	0.01428	0.02054	0.02061	0.01395	0.05914	0.01418	0.01887	0.01125	0.10928	0.01025	0.00277	0.00913	0.00574	0.00344	0.00923
5	0.01093	0.11261	0.03922	0.00934	0.01232	0.04772	0.00791	0.01309	0.01520	0.01816	0.04973	0.07273	0.44651	0.01692	0.04737	0.00271	0.00575	0.05982	0.00545	0.00651
6	0.01179	0.05318	0.10962	0.01349	0.01647	0.01002	0.01301	0.01554	0.01547	0.02040	0.03149	0.06498	0.03350	0.01649	0.00877	0.00292	0.00688	0.54338	0.00565	0.00696
7	0.02232	0.16051	0.02222	0.01452	0.01967	0.02130	0.01222	0.40342	0.19405	0.03438	0.01791	0.01762	0.01336	0.00802	0.00640	0.00201	0.00697	0.00607	0.00612	0.01089
8	0.01633	0.57826	0.06848	0.01148	0.01677	0.02247	0.01140	0.01898	0.01484	0.01824	0.12051	0.01943	0.04407	0.00758	0.00521	0.00164	0.00669	0.00549	0.00376	0.00838
9	0.00995	0.00663	0.00746	0.00746	0.00746	0.00663	0.00415	0.00995	0.00995	0.01327	0.02156	0.04477	0.02487	0.75957	0.03482	0.00663	0.00663	0.00995	0.00415	0.00415
10	0.01767	0.66438	0.12969	0.01277	0.01920	0.02555	0.01356	0.02065	0.01398	0.01686	0.00989	0.01145	0.00876	0.00594	0.00468	0.00156	0.00770	0.00385	0.00292	0.00896
11	0.01122	0.01070	0.08796	0.01218	0.01484	0.00831	0.01126	0.01452	0.01553	0.04046	0.03910	0.10860	0.15126	0.01713	0.00878	0.00285	0.00607	0.42649	0.00600	0.00673
12	0.01419	0.01216	0.01419	0.01013	0.01621	0.00912	0.00811	0.01723	0.01419	0.02229	0.01216	0.01419	0.01013	0.00507	0.00507	0.00101	0.00507	0.00405	0.00405	0.80139
13	0.00995	0.00663	0.00746	0.00746	0.00746	0.00663	0.00415	0.00995	0.00995	0.01327	0.02156	0.04477	0.02487	0.75957	0.03482	0.00663	0.00663	0.00995	0.00415	0.00415
14	0.00978	0.00730	0.01084	0.01084	0.01200	0.00846	0.00835	0.01211	0.01095	0.01576	0.01847	0.02769	0.01745	0.08332	0.70092	0.01080	0.01780	0.00745	0.00369	0.00602
15	0.01372	0.03539	0.72412	0.01950	0.02961	0.01589	0.02528	0.02167	0.01444	0.02167	0.01228	0.01444	0.00867	0.00650	0.00650	0.00217	0.01011	0.00506	0.00289	0.01011
16	0.01829	0.76368	0.03585	0.01171	0.01756	0.02707	0.01171	0.02049	0.01390	0.01610	0.00951	0.01097	0.00878	0.00585	0.00439	0.00146	0.00732	0.00366	0.00293	0.00878
17	0.01419	0.01216	0.01419	0.01013	0.01621	0.00912	0.00811	0.01723	0.01419	0.02229	0.01216	0.01419	0.01013	0.00507	0.00507	0.00101	0.00507	0.00405	0.00405	0.80139
18	0.01693	0.01626	0.02777	0.04199	0.71689	0.01626	0.02100	0.02100	0.01558	0.02235	0.01287	0.01693	0.01084	0.00610	0.00677	0.00203	0.00813	0.00610	0.00339	0.01084
19	0.00995	0.00663	0.00746	0.00746	0.00746	0.00663	0.00415	0.00995	0.00995	0.01327	0.02156	0.04477	0.02487	0.75957	0.03482	0.00663	0.00663	0.00995	0.00415	0.00415
20	0.02698	0.01238	0.01561	0.01220	0.01681	0.01170	0.00981	0.15492	0.02064	0.49692	0.02425	0.02492	0.01702	0.11083	0.01068	0.00272	0.00625	0.00716	0.00757	0.01062
21	0.02568	0.02890	0.01970	0.01711	0.02117	0.53636	0.01316	0.21091	0.02291	0.02401	0.01219	0.01346	0.00959	0.00737	0.00635	0.00184	0.01101	0.00489	0.00444	0.00895
22	0.00834	0.00595	0.00794	0.00953	0.00992	0.00556	0.00635	0.00953	0.01310	0.01746	0.03771	0.75510	0.04525	0.02143	0.00873	0.00278	0.00397	0.01945	0.00635	0.00556
23	0.01081	0.00899	0.01155	0.01143	0.01280	0.05605	0.00886	0.01321	0.01155	0.01594	0.01782	0.02592	0.01656	0.04840	0.68477	0.01039	0.01793	0.00714	0.00366	0.00623
24	0.01199	0.00894	0.01230	0.01164	0.01344	0.01028	0.00916	0.10519	0.01388	0.01960	0.01807	0.02545	0.01636	0.04543	0.63352	0.00978	0.01685	0.00717	0.00410	0.00686
25	0.01142	0.00741	0.00967	0.00950	0.01101	0.00822	0.00735	0.03781	0.01295	0.02031	0.01969	0.02601	0.01706	0.03418	0.44482	0.00729	0.01249	0.00695	0.28943	0.00640
26	0.21320	0.16807	0.27279	0.01448	0.02140	0.01702	0.03794	0.02300	0.01456	0.13917	0.01356	0.01455	0.00981	0.00664	0.00564	0.00201	0.00771	0.00485	0.00417	0.00941

[dist]
# distance from previous block
# <min> <max>
0	1

[block]
# block no. 10 follows, 31 sequences, length 8
# corresponding to MSA columns:
# 707-714
name=unknown_K
#
# <colnr> <probs for GDERKNQSTAVLIFYWHMCP>
#	G	D	E	R	K	N	Q	S	T	A	V	L	I	F	Y	W	H	M	C	P
