[name]
unknown

[dist]
# distance from previous block
# <min> <max>
0	5

[block]
# block no. 0 follows, 33 sequences, length 62
# corresponding to MSA columns:
# 5-66
name=unknown_A
#
# <colnr> <probs for GDERKNQSTAVLIFYWHMCP>
#	G	D	E	R	K	N	Q	S	T	A	V	L	I	F	Y	W	H	M	C	P
0	0.06945	0.00807	0.01070	0.01186	0.01368	0.00817	0.01033	0.01467	0.01499	0.04442	0.03270	0.06791	0.03493	0.01697	0.00865	0.00293	0.00598	0.61129	0.00599	0.00631
1	0.02466	0.01828	0.01928	0.01490	0.02000	0.04116	0.01225	0.64677	0.02990	0.05863	0.03714	0.01686	0.01278	0.00804	0.00660	0.00197	0.00721	0.00607	0.00655	0.01094
2	0.02307	0.06013	0.02185	0.01849	0.03948	0.59305	0.09144	0.04267	0.01830	0.01744	0.01069	0.01270	0.00877	0.00660	0.00610	0.00176	0.01136	0.00470	0.00344	0.00797
3	0.02273	0.01688	0.01822	0.01443	0.01911	0.01864	0.01173	0.58908	0.07817	0.03806	0.01861	0.09008	0.01502	0.00923	0.00677	0.00206	0.00676	0.00729	0.00655	0.01056
4	0.00805	0.00580	0.00764	0.00903	0.00953	0.00538	0.00607	0.00929	0.01291	0.01717	0.06047	0.71067	0.07320	0.02022	0.00835	0.00263	0.00378	0.01828	0.00615	0.00538
5	0.01320	0.03405	0.73453	0.01876	0.02849	0.01529	0.02432	0.02085	0.01390	0.02085	0.01181	0.01390	0.00834	0.00625	0.00625	0.00208	0.00973	0.00486	0.00278	0.00973
6	0.01352	0.05210	0.65527	0.01935	0.02870	0.01569	0.08335	0.02084	0.01403	0.02073	0.01188	0.01415	0.00849	0.00618	0.00633	0.00208	0.00978	0.00508	0.00283	0.00962
7	0.01243	0.01170	0.01975	0.75282	0.04534	0.01463	0.01828	0.01682	0.01316	0.01682	0.01170	0.01755	0.00878	0.00658	0.00658	0.00219	0.00878	0.00585	0.00293	0.00731
8	0.00808	0.00577	0.00769	0.00913	0.00956	0.00538	0.00612	0.00931	0.01286	0.01722	0.06590	0.73355	0.04434	0.02032	0.00838	0.00265	0.00379	0.01842	0.00616	0.00538
9	0.01351	0.01280	0.02169	0.55461	0.23516	0.01491	0.01882	0.01776	0.01367	0.01812	0.01189	0.01720	0.00924	0.00638	0.00656	0.00213	0.00851	0.00585	0.00302	0.00818
10	0.02290	0.01539	0.07832	0.01296	0.01789	0.03765	0.01129	0.21570	0.06080	0.31311	0.02581	0.05550	0.08400	0.00928	0.00675	0.00207	0.00631	0.00747	0.00672	0.01011
11	0.02411	0.03060	0.01840	0.01676	0.02008	0.71875	0.01258	0.02582	0.01840	0.01609	0.01041	0.01232	0.00873	0.00815	0.02948	0.00198	0.01206	0.00433	0.00340	0.00758
12	0.02542	0.01781	0.01937	0.01485	0.02010	0.01948	0.01226	0.64676	0.02989	0.10185	0.01669	0.01638	0.01164	0.00792	0.00659	0.00198	0.00710	0.00599	0.00672	0.01120
13	0.02343	0.05541	0.01992	0.08021	0.02242	0.32234	0.01305	0.33178	0.02350	0.02760	0.01281	0.01409	0.00973	0.00722	0.00621	0.00185	0.00931	0.00511	0.00477	0.00925
14	0.02954	0.01120	0.01528	0.01171	0.01681	0.00968	0.00968	0.03208	0.01884	0.73213	0.02597	0.02241	0.01630	0.00815	0.00662	0.00204	0.00560	0.00662	0.00815	0.01120
15	0.00957	0.00638	0.00718	0.00718	0.00718	0.00638	0.00399	0.00957	0.00957	0.01276	0.02074	0.04308	0.02393	0.76864	0.03351	0.00638	0.00638	0.00957	0.00399	0.00399
16	0.01693	0.52097	0.22175	0.01361	0.02026	0.04302	0.01487	0.04944	0.01441	0.01806	0.01018	0.01172	0.00854	0.00593	0.00492	0.00162	0.00791	0.00400	0.00298	0.00889
17	0.81514	0.01273	0.00968	0.00866	0.01273	0.01477	0.00713	0.01935	0.01120	0.02954	0.00917	0.01069	0.00713	0.00611	0.00407	0.00204	0.00509	0.00356	0.00407	0.00713
18	0.00802	0.00573	0.00764	0.00917	0.00955	0.00535	0.00611	0.00917	0.01260	0.01681	0.03628	0.76434	0.04354	0.02062	0.00840	0.00267	0.00382	0.01872	0.00611	0.00535
19	0.00813	0.00581	0.00776	0.00929	0.00972	0.00544	0.00630	0.00935	0.01271	0.01693	0.03622	0.73546	0.04330	0.02052	0.00843	0.00269	0.00391	0.04653	0.00611	0.00538
20	0.02624	0.01517	0.01749	0.01347	0.01852	0.01572	0.01111	0.41950	0.02562	0.30577	0.01993	0.01869	0.01338	0.00799	0.00652	0.00198	0.00645	0.00620	0.03926	0.01100
21	0.00802	0.00573	0.00764	0.00917	0.00955	0.00535	0.00611	0.00917	0.01260	0.01681	0.03628	0.76434	0.04354	0.02062	0.00840	0.00267	0.00382	0.01872	0.00611	0.00535
22	0.00778	0.00667	0.00667	0.00667	0.00889	0.00556	0.00500	0.00945	0.01501	0.01778	0.06669	0.06336	0.72490	0.01667	0.00778	0.00222	0.00333	0.01389	0.00611	0.00556
23	0.01365	0.01170	0.01365	0.00975	0.01560	0.00878	0.00780	0.01658	0.01365	0.02145	0.01170	0.01365	0.00975	0.00488	0.00488	0.00098	0.00488	0.00390	0.00390	0.80888
24	0.02954	0.01120	0.01528	0.01171	0.01681	0.00968	0.00968	0.03208	0.01884	0.73213	0.02597	0.02241	0.01630	0.00815	0.00662	0.00204	0.00560	0.00662	0.00815	0.01120
25	0.01629	0.01564	0.02672	0.04041	0.72757	0.01564	0.02020	0.02020	0.01499	0.02151	0.01238	0.01629	0.01043	0.00587	0.00652	0.00196	0.00782	0.00587	0.00326	0.01043
26	0.00928	0.00694	0.01032	0.01046	0.01156	0.00798	0.00804	0.01153	0.01076	0.01542	0.01926	0.09040	0.01883	0.04686	0.67839	0.00989	0.01643	0.00807	0.00375	0.00583
27	0.00940	0.00705	0.01058	0.01058	0.01176	0.00823	0.00823	0.01176	0.01058	0.01528	0.01763	0.02586	0.01646	0.04937	0.74255	0.01058	0.01763	0.00705	0.00353	0.00588
28	0.00940	0.00705	0.01058	0.01058	0.01176	0.00823	0.00823	0.01176	0.01058	0.01528	0.01763	0.02586	0.01646	0.04937	0.74255	0.01058	0.01763	0.00705	0.00353	0.00588
29	0.01760	0.77260	0.03450	0.01126	0.01690	0.02605	0.01126	0.01971	0.01338	0.01549	0.00915	0.01056	0.00845	0.00563	0.00422	0.00141	0.00704	0.00352	0.00282	0.00845
30	0.01516	0.36256	0.42316	0.01543	0.02333	0.02007	0.01851	0.02034	0.01367	0.01846	0.01063	0.01241	0.00839	0.00598	0.00535	0.00178	0.00853	0.00427	0.00280	0.00916
31	0.01733	0.10269	0.07795	0.03075	0.43697	0.01701	0.07964	0.07161	0.03336	0.05091	0.01321	0.01602	0.01055	0.00616	0.00637	0.00194	0.00797	0.00577	0.00371	0.01010
32	0.01731	0.01461	0.01542	0.01359	0.01748	0.01681	0.01065	0.10782	0.64131	0.02905	0.02560	0.02361	0.01913	0.00882	0.00669	0.00220	0.00543	0.00728	0.00669	0.01050
33	0.01677	0.01669	0.03446	0.05164	0.13082	0.01583	0.52455	0.02179	0.01567	0.08315	0.01424	0.01795	0.01056	0.00585	0.00745	0.00217	0.01008	0.00734	0.00373	0.00925
34	0.01539	0.32650	0.42936	0.01572	0.02358	0.04786	0.01870	0.02061	0.01388	0.01854	0.01070	0.01250	0.00839	0.00603	0.00544	0.00180	0.00875	0.00431	0.00282	0.00914
35	0.01554	0.01776	0.03885	0.02775	0.03441	0.01665	0.70366	0.02109	0.01554	0.02109	0.01332	0.01776	0.00999	0.00555	0.00777	0.00222	0.01110	0.00777	0.00333	0.00888
36	0.01144	0.00572	0.00858	0.00858	0.00858	0.00572	0.00572	0.00858	0.00858	0.01144	0.01144	0.02001	0.01144	0.02287	0.02573	0.80846	0.00572	0.00572	0.00286	0.00286
37	0.01648	0.01619	0.02594	0.07911	0.65503	0.05091	0.01973	0.02031	0.01507	0.02098	0.01224	0.01615	0.01024	0.00595	0.00649	0.00196	0.00807	0.00579	0.00325	0.01012
38	0.02704	0.01157	0.01663	0.01287	0.01779	0.01028	0.05750	0.05082	0.01866	0.61181	0.02545	0.04488	0.01737	0.00873	0.00685	0.00211	0.00600	0.03534	0.00762	0.01066
39	0.01660	0.01563	0.02595	0.06847	0.61821	0.01591	0.03653	0.05889	0.03854	0.02261	0.01304	0.01663	0.01070	0.00610	0.00656	0.00198	0.00783	0.00597	0.00354	0.01030
40	0.01596	0.01530	0.02611	0.10267	0.66795	0.01555	0.02004	0.01991	0.01483	0.02110	0.01232	0.01640	0.01028	0.00593	0.00652	0.00198	0.00790	0.00586	0.00323	0.01016
41	0.01629	0.01564	0.02672	0.04041	0.72757	0.01564	0.02020	0.02020	0.01499	0.02151	0.01238	0.01629	0.01043	0.00587	0.00652	0.00196	0.00782	0.00587	0.00326	0.01043
42	0.02197	0.04865	0.01883	0.01443	0.01922	0.01937	0.01180	0.46415	0.24744	0.03598	0.01901	0.01836	0.01390	0.00813	0.00652	0.00203	0.00659	0.00631	0.00646	0.01083
43	0.01596	0.01530	0.02611	0.10267	0.66795	0.01555	0.02004	0.01991	0.01483	0.02110	0.01232	0.01640	0.01028	0.00593	0.00652	0.00198	0.00790	0.00586	0.00323	0.01016
44	0.10239	0.08489	0.17553	0.01554	0.04433	0.01607	0.06515	0.15631	0.09038	0.09870	0.03576	0.01957	0.05166	0.00766	0.00624	0.00202	0.00715	0.00618	0.00497	0.00950
45	0.01542	0.05168	0.09946	0.02625	0.03314	0.01693	0.61448	0.02101	0.01530	0.02083	0.01301	0.01711	0.00978	0.00561	0.00748	0.00217	0.01080	0.00733	0.00326	0.00893
46	0.02139	0.01341	0.01640	0.01325	0.01741	0.01389	0.03800	0.28814	0.08221	0.21475	0.07243	0.10711	0.02081	0.01143	0.03560	0.00245	0.00651	0.00825	0.00675	0.00980
47	0.01498	0.01435	0.02413	0.25616	0.46970	0.01565	0.01921	0.01887	0.01409	0.01968	0.01191	0.01655	0.00980	0.00648	0.00759	0.00209	0.06052	0.00585	0.00313	0.00925
48	0.08529	0.06563	0.23424	0.04651	0.02117	0.12307	0.05118	0.04665	0.01515	0.04810	0.01942	0.13725	0.06057	0.00937	0.00646	0.00209	0.00790	0.00769	0.00413	0.00811
49	0.01760	0.77260	0.03450	0.01126	0.01690	0.02605	0.01126	0.01971	0.01338	0.01549	0.00915	0.01056	0.00845	0.00563	0.00422	0.00141	0.00704	0.00352	0.00282	0.00845
50	0.01596	0.01530	0.02611	0.10267	0.66795	0.01555	0.02004	0.01991	0.01483	0.02110	0.01232	0.01640	0.01028	0.00593	0.00652	0.00198	0.00790	0.00586	0.00323	0.01016
51	0.01195	0.00978	0.01546	0.16047	0.11687	0.01022	0.04763	0.01505	0.01502	0.04405	0.19707	0.16155	0.03207	0.03065	0.00862	0.00242	0.02846	0.08040	0.00515	0.00712
52	0.01829	0.01724	0.02394	0.10538	0.47089	0.09569	0.01792	0.11175	0.01742	0.03987	0.01285	0.01601	0.01029	0.00636	0.00647	0.00196	0.00823	0.00571	0.00380	0.00993
53	0.01629	0.01564	0.02672	0.04041	0.72757	0.01564	0.02020	0.02020	0.01499	0.02151	0.01238	0.01629	0.01043	0.00587	0.00652	0.00196	0.00782	0.00587	0.00326	0.01043
54	0.00802	0.00573	0.00764	0.00917	0.00955	0.00535	0.00611	0.00917	0.01260	0.01681	0.03628	0.76434	0.04354	0.02062	0.00840	0.00267	0.00382	0.01872	0.00611	0.00535
55	0.01872	0.65432	0.03197	0.01217	0.01745	0.14033	0.01150	0.02076	0.01422	0.01559	0.00932	0.01077	0.00845	0.00582	0.00450	0.00145	0.00781	0.00364	0.00291	0.00832
56	0.01365	0.01170	0.01365	0.00975	0.01560	0.00878	0.00780	0.01658	0.01365	0.02145	0.01170	0.01365	0.00975	0.00488	0.00488	0.00098	0.00488	0.00390	0.00390	0.80888
57	0.01510	0.22684	0.38878	0.01557	0.02273	0.04117	0.03502	0.02023	0.01437	0.04998	0.05243	0.01763	0.01294	0.00832	0.02946	0.00219	0.00871	0.02616	0.00343	0.00893
58	0.01478	0.07846	0.13499	0.01984	0.02528	0.07030	0.32100	0.04166	0.01542	0.02028	0.03796	0.15465	0.01728	0.00885	0.00720	0.00217	0.00892	0.00880	0.00395	0.00823
59	0.01475	0.01644	0.05781	0.10260	0.05122	0.04303	0.41240	0.04228	0.01576	0.02074	0.01904	0.02609	0.06516	0.00787	0.00756	0.00225	0.00953	0.07330	0.00384	0.00830
60	0.12565	0.30319	0.08588	0.01356	0.01864	0.23460	0.01232	0.07257	0.01620	0.04781	0.01083	0.01210	0.00878	0.00636	0.00516	0.00170	0.00841	0.00415	0.00363	0.00845
61	0.05031	0.35959	0.20749	0.01631	0.02300	0.02056	0.14333	0.04397	0.04262	0.01983	0.01153	0.01348	0.00921	0.00600	0.00556	0.00181	0.00832	0.00489	0.00324	0.00896

[dist]
# distance from previous block
# <min> <max>
0	7

[block]
# block no. 1 follows, 33 sequences, length 31
# corresponding to MSA columns:
# 74-104
name=unknown_B
#
# <colnr> <probs for GDERKNQSTAVLIFYWHMCP>
#	G	D	E	R	K	N	Q	S	T	A	V	L	I	F	Y	W	H	M	C	P
0	0.09381	0.01282	0.01453	0.01212	0.01592	0.01339	0.00972	0.29507	0.02152	0.18119	0.05736	0.13811	0.02137	0.03561	0.00773	0.00231	0.00587	0.04589	0.00653	0.00915
1	0.02367	0.01790	0.01865	0.01476	0.01967	0.04954	0.01202	0.52807	0.15173	0.06839	0.01797	0.01749	0.01289	0.00805	0.00658	0.00201	0.00700	0.00616	0.00654	0.01091
2	0.02716	0.01217	0.01553	0.01222	0.01711	0.01147	0.00999	0.07965	0.12866	0.57363	0.02539	0.02228	0.01653	0.00825	0.00663	0.00206	0.00566	0.00670	0.00781	0.01108
3	0.00802	0.00573	0.00764	0.00917	0.00955	0.00535	0.00611	0.00917	0.01260	0.01681	0.03628	0.76434	0.04354	0.02062	0.00840	0.00267	0.00382	0.01872	0.00611	0.00535
4	0.01461	0.23098	0.46380	0.01735	0.02534	0.01849	0.07129	0.02035	0.01372	0.01921	0.01108	0.01331	0.00851	0.00626	0.00647	0.00195	0.04048	0.00476	0.00284	0.00921
5	0.01018	0.00695	0.00891	0.00829	0.01009	0.00632	0.00627	0.01312	0.01828	0.06102	0.62352	0.04924	0.12583	0.01351	0.00771	0.00208	0.00325	0.01184	0.00718	0.00640
6	0.01161	0.00925	0.01406	0.01849	0.18430	0.00920	0.01228	0.01459	0.01476	0.01973	0.02967	0.15730	0.03210	0.01557	0.00838	0.00272	0.00617	0.42743	0.00540	0.00701
7	0.01756	0.01615	0.06964	0.09523	0.45289	0.04735	0.01772	0.02135	0.01547	0.12054	0.01683	0.01927	0.04680	0.00686	0.00656	0.00200	0.00768	0.00623	0.00403	0.00984
8	0.01495	0.01706	0.10996	0.05636	0.44834	0.01475	0.11978	0.01935	0.01473	0.02084	0.01480	0.06672	0.01321	0.00729	0.00689	0.00210	0.00824	0.03161	0.00349	0.00953
9	0.01334	0.01261	0.02118	0.51489	0.24008	0.01452	0.01825	0.01747	0.01377	0.01821	0.01432	0.01921	0.04082	0.00682	0.00662	0.00213	0.00826	0.00621	0.00316	0.00813
10	0.01390	0.06786	0.55758	0.02022	0.02911	0.01611	0.16209	0.02084	0.01421	0.02063	0.01199	0.01452	0.00868	0.00608	0.00646	0.00208	0.00987	0.00539	0.00289	0.00949
11	0.04710	0.01525	0.05574	0.08386	0.34430	0.03376	0.03675	0.07420	0.01664	0.12091	0.04717	0.04355	0.01507	0.00763	0.00666	0.00206	0.00736	0.02791	0.00453	0.00959
12	0.01881	0.22000	0.07316	0.01473	0.01934	0.26906	0.05602	0.06215	0.07338	0.01956	0.04621	0.01881	0.06678	0.00764	0.00594	0.00180	0.00858	0.00574	0.00402	0.00829
13	0.13985	0.01166	0.01464	0.01140	0.01635	0.01075	0.00941	0.05300	0.01818	0.61006	0.02327	0.02054	0.01484	0.00785	0.00626	0.00203	0.00559	0.00617	0.00752	0.01063
14	0.01597	0.01556	0.02505	0.03620	0.61368	0.04683	0.03706	0.01968	0.01527	0.02134	0.05072	0.04513	0.01426	0.00684	0.00666	0.00198	0.00769	0.00663	0.00358	0.00986
15	0.01428	0.01168	0.01372	0.00983	0.01565	0.00881	0.00787	0.01719	0.01386	0.04952	0.01226	0.01400	0.01001	0.00500	0.00494	0.00102	0.00490	0.00401	0.00407	0.77738
16	0.00954	0.00700	0.00898	0.00843	0.01008	0.00657	0.00634	0.01319	0.04451	0.02623	0.68227	0.04860	0.07654	0.01337	0.00773	0.00208	0.00319	0.01179	0.00720	0.00635
17	0.01085	0.00947	0.03243	0.03753	0.04138	0.03910	0.00817	0.03240	0.01835	0.02534	0.57404	0.04365	0.07709	0.01237	0.00752	0.00206	0.00420	0.01081	0.00657	0.00670
18	0.00808	0.00580	0.00758	0.00897	0.00941	0.00540	0.00597	0.00920	0.01256	0.01666	0.03680	0.70308	0.07019	0.05461	0.00952	0.00282	0.00392	0.01810	0.00601	0.00529
19	0.01365	0.01170	0.01365	0.00975	0.01560	0.00878	0.00780	0.01658	0.01365	0.02145	0.01170	0.01365	0.00975	0.00488	0.00488	0.00098	0.00488	0.00390	0.00390	0.80888
20	0.81514	0.01273	0.00968	0.00866	0.01273	0.01477	0.00713	0.01935	0.01120	0.02954	0.00917	0.01069	0.00713	0.00611	0.00407	0.00204	0.00509	0.00356	0.00407	0.00713
21	0.01608	0.02517	0.40005	0.04973	0.05790	0.01528	0.14065	0.05403	0.06376	0.09190	0.01470	0.01648	0.01046	0.00657	0.00663	0.00211	0.00902	0.00586	0.00387	0.00977
22	0.01633	0.01454	0.02309	0.12718	0.50420	0.03811	0.01772	0.01992	0.01505	0.07224	0.01643	0.05074	0.04085	0.00722	0.00665	0.00203	0.00756	0.00674	0.00381	0.00957
23	0.01290	0.00898	0.01294	0.04213	0.13974	0.00899	0.00953	0.01480	0.01350	0.09682	0.07448	0.22652	0.02830	0.19697	0.01438	0.00334	0.03322	0.05049	0.00516	0.00682
24	0.01674	0.01591	0.04973	0.02580	0.34184	0.08358	0.04818	0.04912	0.01603	0.07342	0.02017	0.02520	0.08074	0.03874	0.00781	0.00218	0.00753	0.04742	0.00426	0.04561
25	0.01506	0.01465	0.03726	0.07138	0.12342	0.04324	0.16745	0.04736	0.07722	0.03722	0.01922	0.07877	0.04157	0.00902	0.00816	0.00217	0.06426	0.05629	0.00435	0.08194
26	0.01466	0.01169	0.02000	0.04743	0.09441	0.01134	0.18811	0.03389	0.04126	0.10314	0.06363	0.15610	0.04506	0.02853	0.00828	0.00245	0.00697	0.10981	0.00525	0.00799
27	0.01664	0.04719	0.17068	0.11197	0.22502	0.05282	0.10486	0.02276	0.08525	0.07725	0.01459	0.01701	0.01101	0.00652	0.00654	0.00204	0.00848	0.00595	0.00385	0.00956
28	0.05205	0.03065	0.10173	0.04246	0.11400	0.07709	0.04411	0.09122	0.01682	0.12771	0.02030	0.07085	0.05095	0.00922	0.00720	0.00212	0.03192	0.06358	0.00488	0.04114
29	0.01733	0.09306	0.08291	0.04624	0.13506	0.01385	0.13013	0.04591	0.01630	0.15890	0.09313	0.06815	0.01926	0.00834	0.00676	0.00204	0.00718	0.02221	0.00492	0.02832
30	0.01896	0.07574	0.10877	0.03097	0.10903	0.04755	0.09759	0.15329	0.04666	0.12236	0.03734	0.01978	0.03043	0.03923	0.00762	0.00215	0.00767	0.00637	0.00486	0.03363

[dist]
# distance from previous block
# <min> <max>
3	56

[block]
# block no. 2 follows, 33 sequences, length 30
# corresponding to MSA columns:
# 162-191
name=unknown_C
#
# <colnr> <probs for GDERKNQSTAVLIFYWHMCP>
#	G	D	E	R	K	N	Q	S	T	A	V	L	I	F	Y	W	H	M	C	P
0	0.05911	0.12832	0.25137	0.01408	0.01981	0.01438	0.05199	0.01941	0.04008	0.07002	0.10738	0.05002	0.04774	0.00840	0.00687	0.00198	0.03896	0.00677	0.00432	0.05900
1	0.04697	0.07170	0.33431	0.01611	0.04133	0.01594	0.01684	0.13156	0.05783	0.10250	0.01488	0.01674	0.01107	0.03896	0.00791	0.00221	0.03831	0.00549	0.00435	0.02500
2	0.06444	0.09857	0.19257	0.01464	0.01990	0.01454	0.07791	0.10862	0.01652	0.08432	0.04394	0.10235	0.05924	0.00964	0.00710	0.00214	0.02992	0.04032	0.00474	0.00858
3	0.08736	0.17998	0.44655	0.01513	0.02264	0.01644	0.01809	0.01949	0.01395	0.02091	0.06941	0.01713	0.03269	0.00698	0.00580	0.00194	0.00805	0.00529	0.00336	0.00883
4	0.04635	0.17767	0.48178	0.01681	0.02502	0.01707	0.05288	0.02139	0.01413	0.07143	0.01228	0.01391	0.00897	0.00623	0.00587	0.00195	0.00878	0.00481	0.00325	0.00944
5	0.01558	0.13149	0.38038	0.06677	0.02492	0.01735	0.01832	0.12044	0.06302	0.02334	0.04333	0.01619	0.01189	0.00709	0.00663	0.00202	0.03265	0.00540	0.00380	0.00941
6	0.03808	0.07810	0.57988	0.01795	0.02668	0.04258	0.04945	0.02149	0.01427	0.05502	0.01226	0.01409	0.00877	0.00629	0.00613	0.00203	0.00936	0.00492	0.00312	0.00953
7	0.03860	0.18952	0.10722	0.01695	0.07590	0.07191	0.04726	0.17709	0.05944	0.09299	0.01412	0.01520	0.01071	0.00708	0.00677	0.00192	0.04785	0.00531	0.00454	0.00962
8	0.00788	0.00651	0.00691	0.00716	0.00904	0.00555	0.00524	0.00951	0.01473	0.01793	0.08550	0.18315	0.58373	0.01723	0.00789	0.00229	0.00341	0.01465	0.00615	0.00555
9	0.08292	0.22870	0.02385	0.03777	0.15559	0.11347	0.01317	0.16005	0.04149	0.06548	0.01289	0.01425	0.01014	0.00660	0.00564	0.00180	0.00761	0.00493	0.00428	0.00937
10	0.00916	0.00669	0.00853	0.00825	0.00974	0.00616	0.00614	0.01189	0.01748	0.02429	0.57415	0.08720	0.12201	0.04654	0.00894	0.00233	0.00340	0.03419	0.00690	0.00601
11	0.00850	0.00666	0.00760	0.00758	0.00935	0.00588	0.00564	0.01058	0.01580	0.02037	0.27526	0.09575	0.41021	0.05229	0.00911	0.00243	0.00355	0.04134	0.00638	0.00570
12	0.00957	0.00638	0.00718	0.00718	0.00718	0.00638	0.00399	0.00957	0.00957	0.01276	0.02074	0.04308	0.02393	0.76864	0.03351	0.00638	0.00638	0.00957	0.00399	0.00399
13	0.01760	0.77260	0.03450	0.01126	0.01690	0.02605	0.01126	0.01971	0.01338	0.01549	0.00915	0.01056	0.00845	0.00563	0.00422	0.00141	0.00704	0.00352	0.00282	0.00845
14	0.01760	0.77260	0.03450	0.01126	0.01690	0.02605	0.01126	0.01971	0.01338	0.01549	0.00915	0.01056	0.00845	0.00563	0.00422	0.00141	0.00704	0.00352	0.00282	0.00845
15	0.01454	0.12769	0.55902	0.01831	0.02697	0.05568	0.06815	0.02101	0.01420	0.01992	0.01149	0.01362	0.00847	0.00616	0.00608	0.00199	0.00959	0.00486	0.00285	0.00939
16	0.81514	0.01273	0.00968	0.00866	0.01273	0.01477	0.00713	0.01935	0.01120	0.02954	0.00917	0.01069	0.00713	0.00611	0.00407	0.00204	0.00509	0.00356	0.00407	0.00713
17	0.02459	0.03138	0.01866	0.01696	0.02035	0.74221	0.01272	0.02629	0.01866	0.01611	0.01018	0.01187	0.00848	0.00678	0.00594	0.00170	0.01187	0.00424	0.00339	0.00763
18	0.01438	0.02870	0.55611	0.04458	0.07132	0.01436	0.02147	0.02094	0.01421	0.06280	0.01267	0.01466	0.00909	0.00623	0.00618	0.00198	0.00889	0.00498	0.00324	0.08324
19	0.00904	0.00678	0.00841	0.00819	0.00991	0.00616	0.00627	0.01178	0.01744	0.02369	0.50301	0.05478	0.22643	0.01465	0.00788	0.00219	0.00340	0.06710	0.00687	0.00604
20	0.09347	0.14893	0.04742	0.04854	0.14138	0.03791	0.03888	0.04514	0.01518	0.09260	0.04257	0.01600	0.01216	0.00630	0.00559	0.00167	0.00668	0.00510	0.00415	0.19032
21	0.08958	0.11671	0.05644	0.05254	0.01860	0.04873	0.07639	0.03583	0.07279	0.09398	0.06100	0.15065	0.03966	0.00975	0.00644	0.00204	0.00642	0.00832	0.00495	0.04920
22	0.03854	0.19807	0.18776	0.01865	0.09101	0.08584	0.08056	0.16036	0.03794	0.02385	0.01241	0.01414	0.00962	0.00646	0.00595	0.00187	0.00849	0.00512	0.00386	0.00948
23	0.05154	0.12268	0.11301	0.04263	0.08607	0.05604	0.03001	0.17655	0.04408	0.09655	0.06090	0.01766	0.01399	0.00760	0.00707	0.00199	0.05162	0.00581	0.00478	0.00942
24	0.05162	0.19208	0.11559	0.04806	0.13019	0.03617	0.05009	0.08277	0.04195	0.09706	0.01360	0.01510	0.01041	0.00635	0.00577	0.00179	0.00743	0.00511	0.00412	0.08472
25	0.04316	0.01607	0.11160	0.06173	0.14292	0.03673	0.04928	0.09101	0.04047	0.16019	0.05724	0.07879	0.03670	0.00856	0.00668	0.00206	0.00697	0.00740	0.00515	0.03730
26	0.03929	0.06727	0.16140	0.03330	0.02071	0.01458	0.08229	0.11477	0.12035	0.06682	0.09174	0.04810	0.04415	0.00842	0.00655	0.00201	0.00685	0.00717	0.00506	0.05916
27	0.04036	0.10776	0.26512	0.04535	0.02280	0.03562	0.06496	0.04721	0.09607	0.07809	0.03785	0.04584	0.01370	0.00736	0.00619	0.00196	0.00768	0.00607	0.00425	0.06575
28	0.04219	0.08541	0.08563	0.01960	0.15516	0.06462	0.07578	0.07582	0.09698	0.11377	0.07222	0.01942	0.01579	0.00728	0.00636	0.00194	0.00728	0.00624	0.00483	0.04369
29	0.01591	0.06126	0.24296	0.05898	0.10615	0.04161	0.03251	0.07326	0.04275	0.05250	0.04823	0.01689	0.01254	0.00704	0.00720	0.00193	0.05759	0.00555	0.00393	0.11123

[dist]
# distance from previous block
# <min> <max>
2	37

[block]
# block no. 3 follows, 33 sequences, length 36
# corresponding to MSA columns:
# 229-264
name=unknown_D
#
# <colnr> <probs for GDERKNQSTAVLIFYWHMCP>
#	G	D	E	R	K	N	Q	S	T	A	V	L	I	F	Y	W	H	M	C	P
0	0.04356	0.09802	0.15707	0.01977	0.13524	0.01621	0.09094	0.09045	0.11602	0.11958	0.01686	0.03934	0.01289	0.00727	0.00639	0.00203	0.00753	0.00628	0.00471	0.00984
1	0.01680	0.04035	0.11028	0.03876	0.14649	0.06587	0.05618	0.04225	0.04092	0.13141	0.05443	0.05971	0.10568	0.00886	0.00669	0.00200	0.00698	0.00762	0.00489	0.05386
2	0.05173	0.05624	0.05693	0.01904	0.14004	0.03771	0.09763	0.07142	0.16051	0.04380	0.03508	0.04775	0.01610	0.03900	0.00761	0.00219	0.00702	0.03117	0.00473	0.07429
3	0.01643	0.08445	0.31873	0.02038	0.14270	0.05159	0.03733	0.04684	0.07173	0.07686	0.01557	0.03908	0.01241	0.00737	0.00639	0.00205	0.00827	0.02824	0.00398	0.00959
4	0.01898	0.08048	0.20052	0.01857	0.10369	0.12164	0.05532	0.09769	0.01763	0.12561	0.05957	0.04135	0.01468	0.00756	0.00642	0.00197	0.00821	0.00621	0.00455	0.00937
5	0.05484	0.15372	0.23216	0.01542	0.04616	0.01549	0.06071	0.06043	0.03755	0.08023	0.09703	0.02045	0.01687	0.00751	0.00614	0.00192	0.00726	0.02518	0.00437	0.05656
6	0.01694	0.05517	0.08712	0.03246	0.47272	0.01690	0.07446	0.09621	0.01646	0.02313	0.01250	0.01580	0.01014	0.00629	0.00704	0.00200	0.03518	0.00582	0.00356	0.01011
7	0.03816	0.01313	0.07131	0.01411	0.04091	0.01120	0.09027	0.10171	0.03882	0.11514	0.04528	0.20163	0.07956	0.01105	0.00701	0.00211	0.00604	0.00981	0.00551	0.09725
8	0.03879	0.10554	0.13667	0.02431	0.19053	0.05120	0.21995	0.02121	0.04016	0.04075	0.01357	0.03711	0.01101	0.00642	0.00650	0.00198	0.00874	0.00625	0.00355	0.03575
9	0.03880	0.01658	0.04731	0.18377	0.45357	0.06485	0.01862	0.05986	0.01565	0.02154	0.01218	0.01599	0.00984	0.00622	0.00642	0.00200	0.00825	0.00566	0.00340	0.00952
10	0.01545	0.01588	0.03045	0.07916	0.38179	0.01561	0.29279	0.01995	0.01501	0.02088	0.01357	0.04370	0.01133	0.00631	0.00709	0.00210	0.00905	0.00708	0.00337	0.00943
11	0.01569	0.01611	0.04964	0.07182	0.50255	0.01529	0.13794	0.01996	0.01487	0.02117	0.01245	0.01636	0.01016	0.00579	0.00662	0.00195	0.00830	0.00603	0.00328	0.06402
12	0.02238	0.02733	0.02127	0.02259	0.17753	0.55164	0.04265	0.02473	0.01772	0.01751	0.01079	0.01309	0.00897	0.00653	0.00614	0.00177	0.01094	0.00474	0.00336	0.00830
13	0.00859	0.00622	0.00823	0.00957	0.01037	0.00586	0.00698	0.01024	0.01353	0.01783	0.06278	0.54282	0.09255	0.01957	0.00848	0.00269	0.00423	0.15776	0.00614	0.00554
14	0.01575	0.19254	0.48214	0.01647	0.02453	0.05339	0.01962	0.02198	0.03785	0.05977	0.01246	0.01391	0.00921	0.00634	0.00583	0.00192	0.00887	0.00473	0.00325	0.00945
15	0.02082	0.01835	0.20045	0.05245	0.10203	0.04473	0.01500	0.02577	0.05595	0.32084	0.04441	0.03808	0.01539	0.00781	0.00657	0.00206	0.00719	0.00647	0.00559	0.01003
16	0.00802	0.00573	0.00764	0.00917	0.00955	0.00535	0.00611	0.00917	0.01260	0.01681	0.03628	0.76434	0.04354	0.02062	0.00840	0.00267	0.00382	0.01872	0.00611	0.00535
17	0.01243	0.01170	0.01975	0.75282	0.04534	0.01463	0.01828	0.01682	0.01316	0.01682	0.01170	0.01755	0.00878	0.00658	0.00658	0.00219	0.00878	0.00585	0.00293	0.00731
18	0.02355	0.01709	0.07316	0.01414	0.01932	0.01659	0.01226	0.44279	0.04703	0.17654	0.01905	0.05461	0.01404	0.00848	0.00661	0.00203	0.00676	0.00667	0.02865	0.01063
19	0.01592	0.01524	0.02583	0.03891	0.69564	0.01519	0.01953	0.01973	0.01499	0.02134	0.01480	0.01838	0.04217	0.00635	0.00657	0.00197	0.00762	0.00622	0.00339	0.01021
20	0.00802	0.00573	0.00764	0.00917	0.00955	0.00535	0.00611	0.00917	0.01260	0.01681	0.03628	0.76434	0.04354	0.02062	0.00840	0.00267	0.00382	0.01872	0.00611	0.00535
21	0.01554	0.01776	0.03885	0.02775	0.03441	0.01665	0.70366	0.02109	0.01554	0.02109	0.01332	0.01776	0.00999	0.00555	0.00777	0.00222	0.01110	0.00777	0.00333	0.00888
22	0.02173	0.02200	0.27168	0.01617	0.02297	0.04428	0.06092	0.16521	0.01936	0.26380	0.01742	0.01732	0.01171	0.00720	0.00653	0.00204	0.00801	0.00584	0.00542	0.01038
23	0.01538	0.01471	0.02507	0.20861	0.56650	0.01540	0.01975	0.01941	0.01456	0.02040	0.01222	0.01659	0.01004	0.00603	0.00653	0.00201	0.00805	0.00586	0.00318	0.00969
24	0.00779	0.00662	0.00672	0.00679	0.00892	0.00555	0.00505	0.00943	0.01489	0.01774	0.06523	0.09695	0.69225	0.01686	0.00781	0.00224	0.00336	0.01412	0.00611	0.00555
25	0.01615	0.01663	0.03235	0.09725	0.11593	0.01645	0.45286	0.08808	0.03333	0.02285	0.01419	0.01904	0.01103	0.00634	0.00740	0.00218	0.00983	0.02524	0.00376	0.00910
26	0.01899	0.22287	0.11729	0.01517	0.02074	0.03834	0.09787	0.11244	0.07862	0.12886	0.01705	0.04202	0.01368	0.00776	0.00622	0.00196	0.00753	0.03841	0.00478	0.00938
27	0.00936	0.00669	0.00918	0.01070	0.01167	0.00650	0.00844	0.01149	0.01393	0.01831	0.03554	0.40663	0.04061	0.01936	0.00876	0.00286	0.00498	0.36319	0.00609	0.00572
28	0.01588	0.01522	0.02598	0.11627	0.65492	0.01553	0.02000	0.01984	0.01480	0.02101	0.01231	0.01643	0.01025	0.00594	0.00652	0.00198	0.00792	0.00586	0.00322	0.01010
29	0.01537	0.02833	0.47952	0.01973	0.06153	0.05800	0.08587	0.03759	0.08562	0.04561	0.01396	0.01567	0.01012	0.00657	0.00646	0.00208	0.00924	0.00550	0.00355	0.00971
30	0.01595	0.01529	0.02610	0.10340	0.66725	0.01555	0.02003	0.01990	0.01483	0.02109	0.01232	0.01640	0.01028	0.00593	0.00652	0.00198	0.00791	0.00586	0.00323	0.01015
31	0.01243	0.01170	0.01975	0.75282	0.04534	0.01463	0.01828	0.01682	0.01316	0.01682	0.01170	0.01755	0.00878	0.00658	0.00658	0.00219	0.00878	0.00585	0.00293	0.00731
32	0.01566	0.01499	0.02558	0.15742	0.61552	0.01548	0.01989	0.01965	0.01469	0.02074	0.01227	0.01650	0.01016	0.00598	0.00653	0.00199	0.00798	0.00586	0.00320	0.00992
33	0.02954	0.01120	0.01528	0.01171	0.01681	0.00968	0.00968	0.03208	0.01884	0.73213	0.02597	0.02241	0.01630	0.00815	0.00662	0.00204	0.00560	0.00662	0.00815	0.01120
34	0.01393	0.01144	0.01346	0.00974	0.01535	0.00868	0.00778	0.01686	0.01406	0.04393	0.04746	0.01569	0.01255	0.00540	0.00507	0.00106	0.00481	0.00438	0.00420	0.74414
35	0.81514	0.01273	0.00968	0.00866	0.01273	0.01477	0.00713	0.01935	0.01120	0.02954	0.00917	0.01069	0.00713	0.00611	0.00407	0.00204	0.00509	0.00356	0.00407	0.00713

[dist]
# distance from previous block
# <min> <max>
0	8

[block]
# block no. 4 follows, 33 sequences, length 24
# corresponding to MSA columns:
# 273-296
name=unknown_E
#
# <colnr> <probs for GDERKNQSTAVLIFYWHMCP>
#	G	D	E	R	K	N	Q	S	T	A	V	L	I	F	Y	W	H	M	C	P
0	0.02503	0.01844	0.01976	0.01515	0.02042	0.02042	0.01251	0.70562	0.03095	0.04149	0.01581	0.01581	0.01120	0.00790	0.00659	0.00198	0.00724	0.00593	0.00659	0.01120
1	0.01243	0.01170	0.01975	0.75282	0.04534	0.01463	0.01828	0.01682	0.01316	0.01682	0.01170	0.01755	0.00878	0.00658	0.00658	0.00219	0.00878	0.00585	0.00293	0.00731
2	0.01383	0.13954	0.63454	0.01769	0.02684	0.01683	0.02246	0.02069	0.01382	0.02008	0.01143	0.01342	0.00835	0.00617	0.00596	0.00199	0.00935	0.00467	0.00278	0.00955
3	0.02815	0.04841	0.01758	0.01262	0.01783	0.01087	0.05011	0.03085	0.01839	0.65612	0.02442	0.02156	0.01555	0.00788	0.00657	0.00202	0.00599	0.00654	0.00761	0.01094
4	0.00778	0.00667	0.00667	0.00667	0.00889	0.00556	0.00500	0.00945	0.01501	0.01778	0.06669	0.06336	0.72490	0.01667	0.00778	0.00222	0.00333	0.01389	0.00611	0.00556
5	0.00801	0.00577	0.00759	0.00905	0.00952	0.00536	0.00606	0.00918	0.01271	0.01685	0.03767	0.73242	0.07457	0.02044	0.00837	0.00265	0.00380	0.01850	0.00611	0.00536
6	0.02379	0.01677	0.14057	0.01538	0.06931	0.04722	0.01314	0.08969	0.01844	0.41618	0.02150	0.06527	0.01534	0.00834	0.00662	0.00206	0.00682	0.00683	0.00637	0.01036
7	0.01453	0.02104	0.20708	0.02447	0.03152	0.01566	0.49704	0.02034	0.01497	0.02078	0.01429	0.06023	0.01154	0.00660	0.00744	0.00221	0.01034	0.00770	0.00336	0.00888
8	0.01243	0.01170	0.01975	0.75282	0.04534	0.01463	0.01828	0.01682	0.01316	0.01682	0.01170	0.01755	0.00878	0.00658	0.00658	0.00219	0.00878	0.00585	0.00293	0.00731
9	0.01602	0.01548	0.02681	0.08505	0.65414	0.01562	0.04981	0.02003	0.01490	0.02119	0.01238	0.01644	0.01030	0.00590	0.00658	0.00198	0.00802	0.00595	0.00324	0.01016
10	0.01298	0.01220	0.02016	0.50849	0.10801	0.01483	0.03871	0.01680	0.01303	0.01755	0.01280	0.04973	0.01073	0.00775	0.00854	0.00226	0.10346	0.00647	0.02796	0.00754
11	0.01504	0.01436	0.02446	0.27174	0.50604	0.01531	0.01958	0.01911	0.01440	0.01999	0.01216	0.01670	0.00989	0.00610	0.00654	0.00203	0.00813	0.00586	0.00315	0.00942
12	0.01407	0.03782	0.22837	0.01756	0.02318	0.01250	0.21627	0.01857	0.01459	0.08936	0.02231	0.20070	0.05458	0.01024	0.00728	0.00225	0.00790	0.00968	0.00445	0.00831
13	0.01487	0.19279	0.52796	0.01667	0.02510	0.01747	0.02041	0.02157	0.04193	0.04555	0.01234	0.01391	0.00912	0.00629	0.00584	0.00194	0.00882	0.00474	0.00314	0.00953
14	0.01381	0.01039	0.01229	0.01166	0.01370	0.06766	0.04633	0.06524	0.03543	0.09822	0.03029	0.42040	0.05306	0.04412	0.00876	0.00258	0.00556	0.04763	0.00593	0.00694
15	0.01486	0.01417	0.02412	0.30575	0.47347	0.01526	0.01949	0.01894	0.01431	0.01976	0.01213	0.01676	0.00981	0.00613	0.00654	0.00204	0.00818	0.00586	0.00313	0.00927
16	0.01665	0.01489	0.02422	0.14080	0.50049	0.03522	0.04156	0.02043	0.01515	0.07621	0.01537	0.01867	0.03764	0.00657	0.00661	0.00201	0.00784	0.00625	0.00371	0.00971
17	0.01645	0.01597	0.07650	0.24649	0.20153	0.01544	0.13865	0.07379	0.05317	0.07592	0.01436	0.01762	0.01072	0.00655	0.00676	0.00211	0.00848	0.00627	0.00395	0.00928
18	0.01406	0.01328	0.02232	0.31982	0.39697	0.01438	0.01822	0.01794	0.01415	0.01929	0.01514	0.05638	0.03525	0.00726	0.00668	0.00210	0.00785	0.00678	0.00337	0.00877
19	0.01615	0.01409	0.02470	0.11714	0.26399	0.01405	0.18722	0.05800	0.01595	0.08623	0.01910	0.08193	0.05498	0.00805	0.00708	0.00213	0.00793	0.00794	0.00427	0.00906
20	0.01329	0.18656	0.26419	0.07628	0.02331	0.01534	0.08348	0.01764	0.01360	0.01855	0.01645	0.17001	0.01596	0.00900	0.00636	0.00202	0.00772	0.00777	0.00360	0.04887
21	0.01482	0.06672	0.22575	0.01774	0.02386	0.03950	0.19877	0.07311	0.04770	0.02190	0.03896	0.06096	0.04241	0.03652	0.00774	0.00219	0.00837	0.00720	0.00400	0.06178
22	0.01505	0.08522	0.29679	0.01937	0.06070	0.03083	0.15955	0.07318	0.02954	0.02215	0.05475	0.04535	0.01377	0.00732	0.00706	0.00205	0.03275	0.00646	0.00373	0.03439
23	0.01787	0.02066	0.20464	0.04118	0.19348	0.06348	0.13137	0.06048	0.01635	0.12515	0.01556	0.05270	0.01215	0.00715	0.00673	0.00207	0.00860	0.00655	0.00419	0.00964

[dist]
# distance from previous block
# <min> <max>
13	38

[block]
# block no. 5 follows, 33 sequences, length 36
# corresponding to MSA columns:
# 338-373
name=unknown_F
#
# <colnr> <probs for GDERKNQSTAVLIFYWHMCP>
#	G	D	E	R	K	N	Q	S	T	A	V	L	I	F	Y	W	H	M	C	P
0	0.06689	0.04804	0.02341	0.21458	0.25407	0.04857	0.09448	0.06212	0.01553	0.05905	0.01374	0.04574	0.01123	0.00689	0.00648	0.00205	0.00811	0.00631	0.00380	0.00891
1	0.10412	0.01447	0.02121	0.16335	0.27970	0.03405	0.04788	0.04886	0.05159	0.11824	0.01445	0.01704	0.01094	0.00682	0.00697	0.00208	0.03880	0.00584	0.00424	0.00934
2	0.09515	0.06920	0.04526	0.09127	0.32328	0.06170	0.03340	0.04822	0.06281	0.05954	0.01345	0.01591	0.01059	0.00637	0.00607	0.00193	0.00756	0.00547	0.00391	0.03891
3	0.09493	0.07916	0.02045	0.05526	0.17787	0.06233	0.05149	0.09084	0.04981	0.13828	0.04233	0.05685	0.01482	0.00769	0.00626	0.00197	0.00699	0.00649	0.00490	0.03132
4	0.01871	0.27527	0.05425	0.02045	0.19490	0.11458	0.04419	0.03789	0.03888	0.08230	0.01395	0.03380	0.01178	0.00694	0.00584	0.00181	0.00787	0.02357	0.00388	0.00914
5	0.08842	0.31070	0.08723	0.01221	0.01726	0.05660	0.01148	0.09020	0.05226	0.09380	0.06410	0.01791	0.03229	0.00867	0.02904	0.00206	0.00712	0.00540	0.00449	0.00875
6	0.10806	0.34465	0.33109	0.01436	0.02150	0.04304	0.01643	0.02037	0.01352	0.01943	0.01033	0.01205	0.00825	0.00599	0.00513	0.00178	0.00812	0.00412	0.00296	0.00882
7	0.01231	0.15976	0.01451	0.00962	0.01234	0.09906	0.00777	0.01439	0.01578	0.01918	0.20958	0.07609	0.28029	0.01257	0.00726	0.00200	0.02535	0.01022	0.00533	0.00657
8	0.01846	0.10137	0.01666	0.01270	0.01603	0.19137	0.00998	0.18863	0.01926	0.06024	0.02395	0.20944	0.08210	0.01141	0.00673	0.00205	0.00704	0.00925	0.00530	0.00803
9	0.02399	0.01186	0.01476	0.01196	0.01649	0.01144	0.00964	0.03133	0.22442	0.46039	0.06231	0.02412	0.01958	0.00854	0.00664	0.00206	0.00533	0.00704	0.00751	0.04060
10	0.04890	0.19072	0.02491	0.05112	0.30485	0.07338	0.01502	0.08290	0.04707	0.08120	0.01339	0.01530	0.01062	0.00642	0.00588	0.00184	0.00753	0.00525	0.00404	0.00965
11	0.27361	0.38628	0.02596	0.01281	0.01792	0.07104	0.09364	0.02022	0.01331	0.02071	0.00973	0.01156	0.00821	0.00586	0.00472	0.00173	0.00724	0.00410	0.00332	0.00802
12	0.00887	0.00659	0.00830	0.00833	0.00981	0.00601	0.00620	0.01137	0.01674	0.02279	0.44669	0.17629	0.18146	0.01554	0.00795	0.00225	0.00343	0.04868	0.00678	0.00593
13	0.01016	0.00743	0.00999	0.01126	0.01289	0.00726	0.00972	0.01298	0.01513	0.01940	0.03988	0.07254	0.14635	0.01795	0.00889	0.00290	0.00563	0.57759	0.00607	0.00598
14	0.00957	0.00641	0.00734	0.00734	0.00739	0.00647	0.00418	0.00967	0.00962	0.01288	0.02060	0.04230	0.02359	0.73587	0.06581	0.00657	0.00689	0.00946	0.00397	0.00408
15	0.01554	0.01776	0.03885	0.02775	0.03441	0.01665	0.70366	0.02109	0.01554	0.02109	0.01332	0.01776	0.00999	0.00555	0.00777	0.00222	0.01110	0.00777	0.00333	0.00888
16	0.02467	0.02908	0.01885	0.01664	0.02036	0.61412	0.01268	0.14684	0.02084	0.02062	0.01117	0.01257	0.00896	0.00698	0.00605	0.00175	0.01105	0.00454	0.00396	0.00826
17	0.00778	0.00667	0.00667	0.00667	0.00889	0.00556	0.00500	0.00945	0.01501	0.01778	0.06669	0.06336	0.72490	0.01667	0.00778	0.00222	0.00333	0.01389	0.00611	0.00556
18	0.01099	0.01411	0.16334	0.01321	0.01729	0.00979	0.09076	0.01558	0.04326	0.02144	0.18715	0.04513	0.19522	0.01249	0.00765	0.00231	0.00607	0.13160	0.00536	0.00723
19	0.00957	0.00638	0.00718	0.00718	0.00718	0.00638	0.00399	0.00957	0.00957	0.01276	0.02074	0.04308	0.02393	0.76864	0.03351	0.00638	0.00638	0.00957	0.00399	0.00399
20	0.01876	0.60794	0.05741	0.01248	0.01796	0.11221	0.01200	0.06377	0.01514	0.01740	0.00979	0.01117	0.00862	0.00594	0.00466	0.00150	0.00774	0.00381	0.00312	0.00857
21	0.01760	0.77260	0.03450	0.01126	0.01690	0.02605	0.01126	0.01971	0.01338	0.01549	0.00915	0.01056	0.00845	0.00563	0.00422	0.00141	0.00704	0.00352	0.00282	0.00845
22	0.81514	0.01273	0.00968	0.00866	0.01273	0.01477	0.00713	0.01935	0.01120	0.02954	0.00917	0.01069	0.00713	0.00611	0.00407	0.00204	0.00509	0.00356	0.00407	0.00713
23	0.02095	0.30211	0.05457	0.01302	0.01802	0.12004	0.01159	0.07884	0.11752	0.16070	0.03178	0.01650	0.01308	0.00714	0.00564	0.00178	0.00721	0.00523	0.00489	0.00938
24	0.01558	0.01331	0.02176	0.42392	0.27149	0.01487	0.01802	0.05146	0.01503	0.07231	0.01318	0.01740	0.01000	0.00652	0.00656	0.00209	0.00815	0.00592	0.00359	0.00883
25	0.02155	0.01039	0.01324	0.01095	0.01477	0.00969	0.00873	0.06115	0.08546	0.40750	0.14782	0.08733	0.07076	0.01062	0.00703	0.00212	0.00494	0.00896	0.00749	0.00947
26	0.01754	0.01388	0.01492	0.01325	0.01709	0.01578	0.01035	0.03472	0.65380	0.09010	0.02672	0.02437	0.01976	0.00886	0.00669	0.00222	0.00524	0.00737	0.00683	0.01049
27	0.02503	0.01844	0.01976	0.01515	0.02042	0.02042	0.01251	0.70562	0.03095	0.04149	0.01581	0.01581	0.01120	0.00790	0.00659	0.00198	0.00724	0.00593	0.00659	0.01120
28	0.01919	0.60384	0.03089	0.01256	0.01768	0.18910	0.01160	0.02121	0.01458	0.01563	0.00939	0.01086	0.00846	0.00589	0.00461	0.00147	0.00814	0.00368	0.00295	0.00826
29	0.00802	0.00573	0.00764	0.00917	0.00955	0.00535	0.00611	0.00917	0.01260	0.01681	0.03628	0.76434	0.04354	0.02062	0.00840	0.00267	0.00382	0.01872	0.00611	0.00535
30	0.01632	0.01759	0.03629	0.05461	0.03350	0.01693	0.61142	0.08601	0.01691	0.02286	0.01349	0.01756	0.01006	0.00581	0.00761	0.00220	0.01064	0.00752	0.00362	0.00904
31	0.01577	0.01634	0.02008	0.43694	0.08316	0.15405	0.01662	0.04586	0.01463	0.01785	0.01121	0.01590	0.00891	0.00728	0.00845	0.00217	0.10837	0.00554	0.00318	0.00773
32	0.00814	0.00600	0.00752	0.00856	0.00933	0.00549	0.00581	0.00945	0.01326	0.01738	0.08499	0.55554	0.16531	0.05871	0.00957	0.00275	0.00382	0.01694	0.00607	0.00537
33	0.01243	0.01170	0.01975	0.75282	0.04534	0.01463	0.01828	0.01682	0.01316	0.01682	0.01170	0.01755	0.00878	0.00658	0.00658	0.00219	0.00878	0.00585	0.00293	0.00731
34	0.01573	0.01530	0.02493	0.19543	0.55484	0.03959	0.01953	0.01967	0.01471	0.02030	0.01216	0.01642	0.01000	0.00605	0.00651	0.00200	0.00816	0.00581	0.00319	0.00965
35	0.18285	0.01470	0.01552	0.01375	0.04780	0.07560	0.02797	0.12627	0.13209	0.20316	0.03876	0.06055	0.01602	0.00839	0.00621	0.00207	0.00628	0.00665	0.00598	0.00939

[dist]
# distance from previous block
# <min> <max>
0	5

[block]
# block no. 6 follows, 33 sequences, length 126
# corresponding to MSA columns:
# 379-504
name=unknown_G
#
# <colnr> <probs for GDERKNQSTAVLIFYWHMCP>
#	G	D	E	R	K	N	Q	S	T	A	V	L	I	F	Y	W	H	M	C	P
0	0.26967	0.07490	0.09709	0.04195	0.06237	0.03250	0.04949	0.02138	0.07132	0.07806	0.01374	0.03520	0.01090	0.00688	0.00590	0.00194	0.02642	0.00524	0.00422	0.09082
1	0.01623	0.01611	0.02464	0.20993	0.46035	0.07433	0.04440	0.03825	0.01529	0.02045	0.01217	0.01628	0.00987	0.00616	0.00653	0.00200	0.00849	0.00580	0.00328	0.00941
2	0.07590	0.01518	0.02209	0.07046	0.47256	0.05250	0.01670	0.02127	0.08234	0.03702	0.01514	0.06265	0.01309	0.00722	0.00644	0.00203	0.00733	0.00657	0.00392	0.00957
3	0.01686	0.01609	0.02528	0.10425	0.58763	0.04463	0.01920	0.06692	0.01605	0.02222	0.01247	0.01620	0.01025	0.00611	0.00651	0.00197	0.00803	0.00580	0.00346	0.01008
4	0.81514	0.01273	0.00968	0.00866	0.01273	0.01477	0.00713	0.01935	0.01120	0.02954	0.00917	0.01069	0.00713	0.00611	0.00407	0.00204	0.00509	0.00356	0.00407	0.00713
5	0.01365	0.01170	0.01365	0.00975	0.01560	0.00878	0.00780	0.01658	0.01365	0.02145	0.01170	0.01365	0.00975	0.00488	0.00488	0.00098	0.00488	0.00390	0.00390	0.80888
6	0.02812	0.01348	0.01669	0.01279	0.01794	0.01305	0.01057	0.24379	0.02265	0.51505	0.02278	0.02033	0.01469	0.00807	0.00661	0.00202	0.00612	0.00640	0.00766	0.01120
7	0.01727	0.01791	0.02443	0.12576	0.51757	0.14323	0.01865	0.02085	0.01541	0.01997	0.01191	0.01567	0.00988	0.00612	0.00642	0.00194	0.00865	0.00558	0.00324	0.00955
8	0.02342	0.02929	0.01934	0.01872	0.07261	0.64904	0.01337	0.02527	0.01792	0.01650	0.01026	0.01234	0.00863	0.00697	0.00683	0.00178	0.05211	0.00444	0.00335	0.00782
9	0.01760	0.77260	0.03450	0.01126	0.01690	0.02605	0.01126	0.01971	0.01338	0.01549	0.00915	0.01056	0.00845	0.00563	0.00422	0.00141	0.00704	0.00352	0.00282	0.00845
10	0.00911	0.00702	0.00804	0.00779	0.00968	0.00641	0.00584	0.01107	0.01524	0.04024	0.20179	0.07704	0.45092	0.04724	0.04918	0.00284	0.02597	0.01262	0.00610	0.00586
11	0.01540	0.01473	0.02511	0.20518	0.56978	0.01541	0.01976	0.01942	0.01457	0.02042	0.01223	0.01658	0.01005	0.00603	0.00653	0.00201	0.00804	0.00586	0.00318	0.00971
12	0.07122	0.01303	0.01605	0.01237	0.01745	0.01254	0.01022	0.19360	0.02134	0.52756	0.02261	0.02018	0.01457	0.00798	0.00647	0.00202	0.00597	0.00629	0.00755	0.01098
13	0.01450	0.01468	0.02173	0.01816	0.01872	0.01987	0.07218	0.01628	0.01054	0.01628	0.00903	0.01468	0.00875	0.01102	0.02044	0.00283	0.69410	0.00593	0.00292	0.00734
14	0.00802	0.00573	0.00764	0.00917	0.00955	0.00535	0.00611	0.00917	0.01260	0.01681	0.03628	0.76434	0.04354	0.02062	0.00840	0.00267	0.00382	0.01872	0.00611	0.00535
