[name]
unknown

[dist]
# distance from previous block
# <min> <max>
0	20

[block]
# block no. 0 follows, 33 sequences, length 26
# corresponding to MSA columns:
# 20-45
name=unknown_A
#
# <colnr> <probs for GDERKNQSTAVLIFYWHMCP>
#	G	D	E	R	K	N	Q	S	T	A	V	L	I	F	Y	W	H	M	C	P
0	0.04354	0.01064	0.01304	0.03396	0.04009	0.01107	0.00971	0.12082	0.07477	0.10559	0.12001	0.06585	0.13301	0.01333	0.02562	0.00252	0.02992	0.13241	0.00617	0.00795
1	0.01715	0.01582	0.02237	0.25451	0.17211	0.07742	0.09145	0.11980	0.01711	0.04706	0.01298	0.01634	0.00993	0.00641	0.00647	0.00194	0.00836	0.00576	0.00389	0.09312
2	0.07294	0.01975	0.02215	0.04719	0.37763	0.21638	0.01624	0.06201	0.03912	0.02160	0.01208	0.01490	0.00992	0.00657	0.00673	0.00194	0.03461	0.00531	0.00363	0.00929
3	0.00809	0.00589	0.00756	0.00880	0.00941	0.00544	0.00592	0.00932	0.01297	0.01711	0.06318	0.63991	0.11633	0.04526	0.00916	0.00273	0.00383	0.01765	0.00608	0.00535
4	0.00866	0.00637	0.00811	0.00837	0.00961	0.00582	0.00601	0.01089	0.01604	0.02190	0.39602	0.30045	0.14460	0.01639	0.00799	0.00230	0.00339	0.01455	0.00670	0.00582
5	0.00921	0.00673	0.00866	0.00817	0.00977	0.00617	0.00613	0.01222	0.01839	0.02582	0.67965	0.05013	0.10693	0.01368	0.00777	0.00208	0.00312	0.01204	0.00717	0.00617
6	0.00934	0.00629	0.00725	0.00747	0.00753	0.00623	0.00430	0.00951	0.01002	0.01336	0.02305	0.15000	0.02684	0.65776	0.02979	0.00583	0.00600	0.01093	0.00430	0.00419
7	0.81514	0.01273	0.00968	0.00866	0.01273	0.01477	0.00713	0.01935	0.01120	0.02954	0.00917	0.01069	0.00713	0.00611	0.00407	0.00204	0.00509	0.00356	0.00407	0.00713
8	0.81514	0.01273	0.00968	0.00866	0.01273	0.01477	0.00713	0.01935	0.01120	0.02954	0.00917	0.01069	0.00713	0.00611	0.00407	0.00204	0.00509	0.00356	0.00407	0.00713
9	0.02288	0.02731	0.01790	0.01615	0.01968	0.56487	0.01223	0.05166	0.16535	0.01939	0.01386	0.01467	0.01101	0.00727	0.00612	0.00182	0.01031	0.00497	0.00420	0.00834
10	0.81514	0.01273	0.00968	0.00866	0.01273	0.01477	0.00713	0.01935	0.01120	0.02954	0.00917	0.01069	0.00713	0.00611	0.00407	0.00204	0.00509	0.00356	0.00407	0.00713
11	0.00947	0.00634	0.00721	0.00731	0.00734	0.00631	0.00413	0.00955	0.00978	0.01304	0.02179	0.09185	0.02526	0.71806	0.03181	0.00613	0.00621	0.01019	0.00413	0.00408
12	0.00802	0.00573	0.00764	0.00917	0.00955	0.00535	0.00611	0.00917	0.01260	0.01681	0.03628	0.76434	0.04354	0.02062	0.00840	0.00267	0.00382	0.01872	0.00611	0.00535
13	0.81514	0.01273	0.00968	0.00866	0.01273	0.01477	0.00713	0.01935	0.01120	0.02954	0.00917	0.01069	0.00713	0.00611	0.00407	0.00204	0.00509	0.00356	0.00407	0.00713
14	0.01525	0.01458	0.02484	0.23232	0.54379	0.01537	0.01969	0.01929	0.01450	0.02024	0.01220	0.01663	0.00998	0.00606	0.00653	0.00202	0.00808	0.00586	0.00317	0.00959
15	0.01243	0.01170	0.01975	0.75282	0.04534	0.01463	0.01828	0.01682	0.01316	0.01682	0.01170	0.01755	0.00878	0.00658	0.00658	0.00219	0.00878	0.00585	0.00293	0.00731
16	0.00785	0.00667	0.00677	0.00675	0.00894	0.00559	0.00506	0.00959	0.01518	0.01819	0.09779	0.06269	0.69355	0.01652	0.00778	0.00222	0.00332	0.01380	0.00617	0.00559
17	0.01227	0.00614	0.00614	0.00614	0.00767	0.00614	0.00460	0.01534	0.01381	0.02454	0.02148	0.02454	0.01687	0.00767	0.00460	0.00153	0.00307	0.00614	0.80518	0.00614
18	0.01512	0.02070	0.16449	0.02612	0.03334	0.01640	0.58097	0.02104	0.01524	0.02104	0.01305	0.01706	0.00969	0.00568	0.00750	0.00220	0.01085	0.00724	0.00323	0.00903
19	0.01618	0.01968	0.23493	0.01668	0.02249	0.03794	0.13973	0.04473	0.11031	0.11932	0.05413	0.09338	0.04273	0.00892	0.00697	0.00217	0.00768	0.00799	0.00494	0.00911
20	0.02954	0.01120	0.01528	0.01171	0.01681	0.00968	0.00968	0.03208	0.01884	0.73213	0.02597	0.02241	0.01630	0.00815	0.00662	0.00204	0.00560	0.00662	0.00815	0.01120
21	0.01102	0.00710	0.00888	0.00837	0.01034	0.00634	0.00629	0.01352	0.01717	0.10030	0.42059	0.12491	0.21140	0.01439	0.00771	0.00217	0.00351	0.01252	0.00696	0.00651
22	0.04828	0.02089	0.22503	0.04066	0.07850	0.08902	0.03991	0.04490	0.14176	0.04479	0.01754	0.10198	0.01506	0.00881	0.00749	0.00218	0.05278	0.00716	0.00435	0.00893
23	0.02260	0.01680	0.01927	0.07295	0.09855	0.10472	0.03443	0.27019	0.02168	0.18010	0.01706	0.03652	0.01260	0.00784	0.00693	0.00200	0.02779	0.00625	0.03184	0.00989
24	0.72582	0.01484	0.01069	0.00960	0.01359	0.09696	0.00776	0.02014	0.01205	0.02802	0.00928	0.01083	0.00728	0.00619	0.00428	0.00200	0.00586	0.00364	0.00400	0.00719
25	0.00976	0.00705	0.00930	0.00991	0.03469	0.00735	0.00654	0.01089	0.01130	0.01544	0.06644	0.11383	0.05080	0.34789	0.18931	0.03243	0.02632	0.04125	0.00439	0.00512

[dist]
# distance from previous block
# <min> <max>
0	2

[block]
# block no. 1 follows, 33 sequences, length 13
# corresponding to MSA columns:
# 48-60
name=unknown_B
#
# <colnr> <probs for GDERKNQSTAVLIFYWHMCP>
#	G	D	E	R	K	N	Q	S	T	A	V	L	I	F	Y	W	H	M	C	P
0	0.01654	0.02069	0.14408	0.04947	0.17843	0.07302	0.30038	0.06258	0.04832	0.02213	0.01335	0.01655	0.01020	0.00615	0.00696	0.00209	0.00967	0.00644	0.00357	0.00941
1	0.00916	0.00672	0.00858	0.00812	0.00974	0.00614	0.00609	0.01212	0.01826	0.02551	0.65606	0.05064	0.13071	0.01379	0.00777	0.00209	0.00313	0.01211	0.00713	0.00614
2	0.01252	0.01031	0.01148	0.01077	0.01341	0.01108	0.00829	0.02285	0.35635	0.02491	0.22297	0.07817	0.13330	0.01232	0.00735	0.00225	0.00434	0.04252	0.00670	0.00811
3	0.08849	0.01662	0.01811	0.01398	0.01913	0.01794	0.01155	0.52415	0.02710	0.17085	0.01720	0.01665	0.01184	0.00781	0.00639	0.00199	0.00676	0.00587	0.00668	0.01087
4	0.00833	0.00604	0.00789	0.00895	0.00971	0.00560	0.00622	0.00994	0.01394	0.01870	0.16167	0.56277	0.09283	0.01898	0.00827	0.00255	0.00374	0.04200	0.00631	0.00554
5	0.02418	0.01802	0.01928	0.01498	0.02010	0.02002	0.01231	0.64043	0.09751	0.04013	0.01687	0.01666	0.01206	0.00800	0.00660	0.00200	0.00705	0.00607	0.00660	0.01112
6	0.01243	0.01170	0.01975	0.75282	0.04534	0.01463	0.01828	0.01682	0.01316	0.01682	0.01170	0.01755	0.00878	0.00658	0.00658	0.00219	0.00878	0.00585	0.00293	0.00731
7	0.02503	0.01844	0.01976	0.01515	0.02042	0.02042	0.01251	0.70562	0.03095	0.04149	0.01581	0.01581	0.01120	0.00790	0.00659	0.00198	0.00724	0.00593	0.00659	0.01120
8	0.81514	0.01273	0.00968	0.00866	0.01273	0.01477	0.00713	0.01935	0.01120	0.02954	0.00917	0.01069	0.00713	0.00611	0.00407	0.00204	0.00509	0.00356	0.00407	0.00713
9	0.01526	0.01381	0.02210	0.18461	0.37964	0.01454	0.04070	0.04401	0.07898	0.03955	0.01849	0.04305	0.06112	0.00760	0.00674	0.00208	0.00740	0.00703	0.00403	0.00927
10	0.02016	0.01224	0.01675	0.01238	0.01785	0.01033	0.07396	0.05632	0.01678	0.28742	0.04181	0.01862	0.01408	0.00660	0.00598	0.00157	0.00579	0.00565	0.00568	0.37002
11	0.01438	0.01164	0.01362	0.00999	0.01554	0.00915	0.00798	0.01817	0.05347	0.05453	0.03861	0.01593	0.01250	0.00556	0.00516	0.00113	0.00486	0.00451	0.00437	0.69889
12	0.01807	0.06961	0.07264	0.11357	0.07092	0.01546	0.04956	0.17871	0.01851	0.11253	0.06173	0.03723	0.03959	0.00828	0.00764	0.00204	0.06277	0.00668	0.00495	0.04953

[dist]
# distance from previous block
# <min> <max>
3	14

[block]
# block no. 2 follows, 33 sequences, length 22
# corresponding to MSA columns:
# 75-96
name=unknown_C
#
# <colnr> <probs for GDERKNQSTAVLIFYWHMCP>
#	G	D	E	R	K	N	Q	S	T	A	V	L	I	F	Y	W	H	M	C	P
0	0.01144	0.00572	0.00858	0.00858	0.00858	0.00572	0.00572	0.00858	0.00858	0.01144	0.01144	0.02001	0.01144	0.02287	0.02573	0.80846	0.00572	0.00572	0.00286	0.00286
1	0.01201	0.00834	0.00949	0.00903	0.01164	0.00776	0.00718	0.04219	0.06869	0.09786	0.08924	0.05508	0.41894	0.01488	0.00774	0.00232	0.00430	0.11999	0.00645	0.00688
2	0.08149	0.12846	0.04600	0.07294	0.09892	0.08097	0.15178	0.16055	0.04645	0.05124	0.01337	0.01541	0.01021	0.00655	0.00621	0.00195	0.00832	0.00566	0.00424	0.00927
3	0.01557	0.02597	0.40490	0.06270	0.15729	0.04484	0.07311	0.04767	0.03730	0.04970	0.01314	0.01550	0.00967	0.00639	0.00646	0.00206	0.00912	0.00549	0.00342	0.00971
4	0.00948	0.00705	0.00886	0.00835	0.01006	0.00660	0.00628	0.01313	0.04895	0.02562	0.63020	0.04946	0.12400	0.01357	0.00772	0.00209	0.00322	0.01190	0.00711	0.00633
5	0.01869	0.02381	0.12318	0.05118	0.12617	0.29522	0.11952	0.05897	0.01696	0.01999	0.01331	0.05540	0.01127	0.00722	0.00650	0.00195	0.00980	0.00609	0.02621	0.00854
6	0.01144	0.00572	0.00858	0.00858	0.00858	0.00572	0.00572	0.00858	0.00858	0.01144	0.01144	0.02001	0.01144	0.02287	0.02573	0.80846	0.00572	0.00572	0.00286	0.00286
7	0.01530	0.02028	0.23268	0.16372	0.14985	0.05479	0.05832	0.02145	0.07460	0.06449	0.04703	0.01962	0.03440	0.00721	0.00661	0.00208	0.00829	0.00628	0.00392	0.00908
8	0.02256	0.01614	0.02242	0.07280	0.11267	0.01686	0.10839	0.34848	0.02325	0.16432	0.01665	0.01750	0.01172	0.00727	0.00675	0.00203	0.00765	0.00630	0.00575	0.01050
9	0.05092	0.00891	0.01082	0.00901	0.01241	0.00822	0.00722	0.02382	0.01622	0.37691	0.02325	0.02296	0.01622	0.00785	0.00559	0.00180	0.00440	0.00628	0.37850	0.00870
10	0.01862	0.66451	0.03219	0.01209	0.01740	0.13048	0.01148	0.02067	0.01415	0.01558	0.00930	0.01075	0.00845	0.00580	0.00447	0.00145	0.00774	0.00363	0.00290	0.00833
11	0.00851	0.00670	0.00768	0.00744	0.00934	0.00587	0.00558	0.01086	0.01673	0.02189	0.37978	0.05660	0.40925	0.01514	0.00777	0.00215	0.00323	0.01295	0.00665	0.00587
12	0.00919	0.00622	0.00729	0.00767	0.00776	0.00613	0.00451	0.00947	0.01032	0.01375	0.02455	0.21973	0.02874	0.58544	0.02736	0.00547	0.00575	0.01181	0.00451	0.00432
13	0.01887	0.36349	0.08625	0.03766	0.13148	0.20152	0.01434	0.04334	0.01554	0.01790	0.01042	0.01242	0.00886	0.00611	0.00532	0.00166	0.00864	0.00432	0.00315	0.00872
14	0.01340	0.01141	0.01337	0.00966	0.01526	0.00862	0.00771	0.01633	0.01394	0.02174	0.05369	0.01575	0.01284	0.00538	0.00505	0.00104	0.00477	0.00437	0.00410	0.76157
15	0.01938	0.27103	0.08057	0.04336	0.14215	0.08339	0.01397	0.11591	0.01715	0.09882	0.01404	0.04731	0.01157	0.00710	0.00578	0.00181	0.00761	0.00551	0.00419	0.00932
16	0.06811	0.01637	0.01720	0.01406	0.01864	0.01846	0.01135	0.39516	0.30547	0.03517	0.01984	0.01903	0.01454	0.00821	0.00648	0.00208	0.00630	0.00640	0.00648	0.01064
17	0.00940	0.00705	0.01058	0.01058	0.01176	0.00823	0.00823	0.01176	0.01058	0.01528	0.01763	0.02586	0.01646	0.04937	0.74255	0.01058	0.01763	0.00705	0.00353	0.00588
18	0.01757	0.01713	0.08784	0.06174	0.08741	0.08942	0.06643	0.10835	0.03718	0.09814	0.08253	0.02216	0.05439	0.00965	0.02529	0.00234	0.11207	0.00688	0.00473	0.00875
19	0.04120	0.08787	0.12782	0.07373	0.14323	0.01715	0.08787	0.10776	0.04437	0.05387	0.01307	0.01566	0.01017	0.00706	0.00813	0.00205	0.10021	0.00562	0.00392	0.04925
20	0.01146	0.01054	0.03317	0.01273	0.01370	0.01235	0.01027	0.03302	0.01210	0.01733	0.05588	0.17515	0.05970	0.04413	0.18493	0.00461	0.28870	0.00954	0.00422	0.00647
21	0.00807	0.00580	0.00757	0.00896	0.00943	0.00540	0.00597	0.00920	0.01262	0.01671	0.03736	0.69956	0.07987	0.04807	0.00930	0.00279	0.00389	0.01811	0.00603	0.00531

[dist]
# distance from previous block
# <min> <max>
2	4

[block]
# block no. 3 follows, 33 sequences, length 25
# corresponding to MSA columns:
# 101-125
name=unknown_D
#
# <colnr> <probs for GDERKNQSTAVLIFYWHMCP>
#	G	D	E	R	K	N	Q	S	T	A	V	L	I	F	Y	W	H	M	C	P
0	0.02358	0.01274	0.01534	0.06235	0.03708	0.05991	0.01044	0.05225	0.09412	0.42988	0.07716	0.02514	0.05234	0.00877	0.00672	0.00205	0.00602	0.00719	0.00697	0.00996
1	0.01865	0.07469	0.01725	0.01299	0.01748	0.10206	0.01043	0.09907	0.28010	0.07553	0.01838	0.01817	0.01398	0.00740	0.00634	0.00179	0.02423	0.00570	0.00537	0.19039
2	0.07126	0.30878	0.02428	0.01431	0.01815	0.32965	0.01203	0.02198	0.01505	0.01670	0.00952	0.01163	0.00840	0.00693	0.00722	0.00176	0.10720	0.00412	0.00315	0.00785
3	0.00911	0.00672	0.00851	0.00807	0.00971	0.00612	0.00605	0.01202	0.01815	0.02525	0.63608	0.05107	0.15085	0.01389	0.00777	0.00209	0.00314	0.01217	0.00710	0.00612
4	0.00932	0.00673	0.00880	0.00828	0.00984	0.00621	0.00621	0.01242	0.01863	0.02640	0.72410	0.04918	0.06212	0.01346	0.00776	0.00207	0.00311	0.01191	0.00725	0.00621
5	0.01462	0.06526	0.02113	0.01688	0.01726	0.02056	0.01419	0.01610	0.01030	0.01582	0.00868	0.01415	0.00863	0.01113	0.02044	0.00278	0.70631	0.00561	0.00288	0.00729
6	0.02445	0.01815	0.01943	0.01503	0.02019	0.02014	0.01237	0.66064	0.07688	0.04055	0.01654	0.01639	0.01179	0.00797	0.00659	0.00199	0.00711	0.00603	0.00659	0.01114
7	0.00829	0.00639	0.00760	0.00817	0.00957	0.00571	0.00594	0.01007	0.01471	0.01892	0.15925	0.31939	0.32672	0.01770	0.00809	0.00241	0.00364	0.05551	0.00629	0.00562
8	0.81514	0.01273	0.00968	0.00866	0.01273	0.01477	0.00713	0.01935	0.01120	0.02954	0.00917	0.01069	0.00713	0.00611	0.00407	0.00204	0.00509	0.00356	0.00407	0.00713
9	0.00791	0.00667	0.00685	0.00681	0.00897	0.00561	0.00510	0.00970	0.01531	0.01852	0.12265	0.06215	0.66849	0.01640	0.00778	0.00221	0.00332	0.01372	0.00621	0.00561
10	0.00801	0.00577	0.00759	0.00905	0.00952	0.00536	0.00606	0.00918	0.01271	0.01685	0.03766	0.73258	0.07442	0.02045	0.00837	0.00265	0.00380	0.01850	0.00611	0.00536
11	0.00812	0.00577	0.00761	0.00903	0.00939	0.00542	0.00597	0.00919	0.01240	0.01653	0.03524	0.71601	0.04223	0.07075	0.01008	0.00292	0.00399	0.01810	0.00597	0.00526
12	0.01320	0.03405	0.73453	0.01876	0.02849	0.01529	0.02432	0.02085	0.01390	0.02085	0.01181	0.01390	0.00834	0.00625	0.00625	0.00208	0.00973	0.00486	0.00278	0.00973
13	0.02202	0.23549	0.04899	0.01604	0.04100	0.45031	0.01294	0.06701	0.01769	0.01787	0.01037	0.01196	0.00870	0.00649	0.00553	0.00166	0.01004	0.00422	0.00341	0.00824
14	0.01641	0.07622	0.39536	0.01657	0.02434	0.01638	0.04644	0.17964	0.01787	0.02539	0.01261	0.01424	0.00927	0.00638	0.00607	0.00187	0.00837	0.00501	0.00384	0.11770
15	0.02285	0.06325	0.04587	0.01531	0.01973	0.33647	0.01248	0.29931	0.02293	0.02663	0.01625	0.01692	0.05758	0.00782	0.00624	0.00184	0.00910	0.00555	0.00481	0.00905
16	0.00940	0.00705	0.01058	0.01058	0.01176	0.00823	0.00823	0.01176	0.01058	0.01528	0.01763	0.02586	0.01646	0.04937	0.74255	0.01058	0.01763	0.00705	0.00353	0.00588
17	0.01629	0.01564	0.02672	0.04041	0.72757	0.01564	0.02020	0.02020	0.01499	0.02151	0.01238	0.01629	0.01043	0.00587	0.00652	0.00196	0.00782	0.00587	0.00326	0.01043
18	0.01912	0.01562	0.02221	0.04971	0.31078	0.04818	0.06116	0.14936	0.06787	0.10549	0.04739	0.02076	0.01491	0.00750	0.00675	0.00204	0.00745	0.02875	0.00494	0.01000
19	0.01469	0.06547	0.02250	0.04381	0.11955	0.07276	0.19125	0.04384	0.08884	0.02064	0.02675	0.08212	0.15998	0.00957	0.00706	0.00211	0.00747	0.00884	0.00452	0.00821
20	0.00833	0.00623	0.00776	0.00854	0.00964	0.00566	0.00607	0.01005	0.01443	0.01896	0.17110	0.42908	0.21193	0.01822	0.00817	0.00247	0.00368	0.04778	0.00632	0.00559
21	0.02078	0.02009	0.02026	0.18929	0.15847	0.26329	0.01508	0.12361	0.01854	0.08890	0.01327	0.01558	0.01005	0.00686	0.00635	0.00193	0.00913	0.00539	0.00418	0.00895
22	0.27107	0.04940	0.01938	0.01823	0.13550	0.14090	0.05636	0.18871	0.01830	0.02773	0.01176	0.01352	0.00914	0.00657	0.00565	0.00194	0.00769	0.00491	0.00434	0.00892
23	0.20300	0.01653	0.06191	0.01412	0.05439	0.06421	0.03028	0.16974	0.07591	0.04607	0.04294	0.01617	0.01250	0.00688	0.00570	0.00182	0.00653	0.00525	0.00485	0.16120
24	0.03630	0.01093	0.03059	0.01163	0.04038	0.01016	0.00855	0.10110	0.03452	0.02179	0.04279	0.22623	0.02302	0.11762	0.01099	0.00257	0.03624	0.00955	0.00495	0.22008

[dist]
# distance from previous block
# <min> <max>
4	36

[block]
# block no. 4 follows, 33 sequences, length 25
# corresponding to MSA columns:
# 165-189
name=unknown_E
#
# <colnr> <probs for GDERKNQSTAVLIFYWHMCP>
#	G	D	E	R	K	N	Q	S	T	A	V	L	I	F	Y	W	H	M	C	P
0	0.02169	0.24813	0.02343	0.03825	0.04023	0.34447	0.01242	0.09456	0.05500	0.04661	0.01204	0.01326	0.00973	0.00669	0.00560	0.00170	0.00915	0.00456	0.00389	0.00860
1	0.05833	0.01395	0.01541	0.01279	0.05411	0.03925	0.00962	0.16451	0.04449	0.02645	0.05155	0.01637	0.01314	0.00633	0.00555	0.00143	0.00572	0.00500	0.00472	0.45130
2	0.07177	0.08678	0.04769	0.04178	0.10435	0.32078	0.07137	0.02321	0.07311	0.01907	0.01259	0.01506	0.01031	0.00985	0.06253	0.00252	0.01019	0.00517	0.00361	0.00826
3	0.01041	0.00771	0.01051	0.00935	0.01031	0.00745	0.06741	0.01108	0.01047	0.01415	0.01977	0.03956	0.02201	0.61850	0.02874	0.02521	0.00670	0.02868	0.00396	0.04801
4	0.01718	0.01454	0.01534	0.01356	0.01742	0.01675	0.01061	0.09726	0.65209	0.02883	0.02577	0.02375	0.01927	0.00884	0.00669	0.00221	0.00540	0.00730	0.00669	0.01049
5	0.00940	0.00705	0.01058	0.01058	0.01176	0.00823	0.00823	0.01176	0.01058	0.01528	0.01763	0.02586	0.01646	0.04937	0.74255	0.01058	0.01763	0.00705	0.00353	0.00588
6	0.01508	0.29066	0.40784	0.01831	0.08715	0.01912	0.03710	0.02040	0.01386	0.01904	0.01097	0.01304	0.00861	0.00598	0.00561	0.00184	0.00865	0.00456	0.00285	0.00932
7	0.01418	0.01050	0.01435	0.19741	0.06008	0.04546	0.01209	0.01749	0.03079	0.10423	0.10377	0.07822	0.02680	0.01245	0.00830	0.03457	0.00657	0.21024	0.00527	0.00725
8	0.00960	0.00721	0.00921	0.01003	0.01177	0.00681	0.00841	0.01223	0.01550	0.01988	0.12270	0.06810	0.24937	0.01719	0.00854	0.00268	0.00490	0.40374	0.00621	0.00593
9	0.02459	0.03138	0.01866	0.01696	0.02035	0.74221	0.01272	0.02629	0.01866	0.01611	0.01018	0.01187	0.00848	0.00678	0.00594	0.00170	0.01187	0.00424	0.00339	0.00763
10	0.01504	0.01413	0.02274	0.27073	0.40215	0.01541	0.01818	0.02120	0.11417	0.02083	0.01421	0.01788	0.01126	0.00654	0.00656	0.00207	0.00776	0.00609	0.00364	0.00940
11	0.01390	0.01771	0.14586	0.15080	0.12592	0.01482	0.28760	0.01895	0.01412	0.01960	0.01324	0.01796	0.01042	0.01172	0.10487	0.00327	0.01090	0.00660	0.00319	0.00856
12	0.02430	0.01808	0.01935	0.01500	0.02014	0.02008	0.01234	0.64914	0.08862	0.04031	0.01673	0.01654	0.01195	0.00799	0.00660	0.00200	0.00707	0.00605	0.00660	0.01113
13	0.02848	0.01097	0.01494	0.01153	0.01644	0.00950	0.00950	0.03106	0.01883	0.69529	0.06242	0.02380	0.01869	0.00843	0.00668	0.00204	0.00547	0.00690	0.00810	0.01094
14	0.01003	0.00763	0.00929	0.00975	0.01132	0.00751	0.00737	0.03730	0.08393	0.02073	0.13437	0.32046	0.16286	0.01691	0.00810	0.00251	0.00429	0.13301	0.00633	0.00633
15	0.00955	0.00776	0.00922	0.01027	0.04152	0.00751	0.00704	0.01356	0.11446	0.01898	0.04512	0.34846	0.29114	0.01678	0.00786	0.00242	0.00407	0.03179	0.00607	0.00639
16	0.00805	0.00580	0.00763	0.00903	0.00953	0.00538	0.00607	0.00927	0.01288	0.01713	0.05763	0.71323	0.07352	0.02025	0.00836	0.00264	0.00378	0.01831	0.00614	0.00538
17	0.07069	0.01192	0.01483	0.01166	0.01645	0.03595	0.00954	0.03053	0.04034	0.61971	0.05114	0.02249	0.01739	0.00822	0.00650	0.00203	0.00569	0.00660	0.00768	0.01064
18	0.01721	0.27598	0.15649	0.08863	0.06215	0.09741	0.12257	0.07026	0.01571	0.01971	0.01128	0.01377	0.00901	0.00612	0.00584	0.00183	0.00889	0.00502	0.00326	0.00885
19	0.02003	0.01629	0.11495	0.01376	0.01877	0.01455	0.01224	0.06471	0.39090	0.22382	0.02396	0.02206	0.01698	0.00829	0.00661	0.00215	0.00604	0.00678	0.00655	0.01058
20	0.00920	0.00642	0.00788	0.00810	0.00853	0.00648	0.00519	0.01000	0.01090	0.01469	0.05677	0.15570	0.06147	0.45759	0.14727	0.00611	0.00759	0.01091	0.00450	0.00470
21	0.02025	0.05425	0.02015	0.04273	0.10138	0.09104	0.08620	0.06117	0.03528	0.22844	0.05378	0.02659	0.01794	0.00894	0.00746	0.00214	0.03513	0.09251	0.00548	0.00914
22	0.01829	0.07486	0.12168	0.02367	0.19045	0.10412	0.15825	0.05107	0.08989	0.08152	0.01479	0.01669	0.01122	0.00654	0.00653	0.00199	0.00870	0.00599	0.00410	0.00963
23	0.01126	0.01046	0.06440	0.01014	0.02558	0.00886	0.00829	0.05583	0.08679	0.02344	0.25399	0.04386	0.22628	0.04819	0.00848	0.00231	0.00451	0.03385	0.04843	0.02506
24	0.01438	0.01188	0.01424	0.01399	0.06996	0.08113	0.05725	0.07647	0.01638	0.08052	0.05544	0.28102	0.13927	0.01332	0.00738	0.00221	0.00582	0.01173	0.00559	0.04201

[dist]
# distance from previous block
# <min> <max>
1	16

[block]
# block no. 5 follows, 33 sequences, length 36
# corresponding to MSA columns:
# 206-241
name=unknown_F
#
# <colnr> <probs for GDERKNQSTAVLIFYWHMCP>
#	G	D	E	R	K	N	Q	S	T	A	V	L	I	F	Y	W	H	M	C	P
0	0.17247	0.01666	0.08350	0.04505	0.06603	0.09658	0.01161	0.11923	0.01712	0.09194	0.05021	0.04997	0.06486	0.00822	0.00605	0.00194	0.00672	0.00641	0.00487	0.08055
1	0.01627	0.13270	0.05953	0.06673	0.06488	0.09967	0.10348	0.06820	0.01664	0.05349	0.10070	0.05716	0.04494	0.00868	0.00657	0.00196	0.00750	0.03738	0.00449	0.04904
2	0.01673	0.01581	0.08052	0.16105	0.17161	0.06082	0.02981	0.10741	0.01693	0.08384	0.01825	0.08334	0.03060	0.00873	0.00678	0.00210	0.00756	0.04887	0.00452	0.04469
3	0.01406	0.01238	0.01742	0.15826	0.08536	0.01206	0.05061	0.04887	0.05061	0.02200	0.06932	0.01868	0.01453	0.00670	0.00658	0.00166	0.03664	0.00572	0.02674	0.34179
4	0.01987	0.01588	0.01685	0.01410	0.01845	0.01801	0.01127	0.30576	0.43921	0.03317	0.02236	0.02103	0.01650	0.00852	0.00665	0.00213	0.00603	0.00683	0.00665	0.01073
5	0.00930	0.00643	0.00761	0.00804	0.00843	0.00628	0.00516	0.00995	0.01110	0.01458	0.02819	0.17036	0.07811	0.50475	0.02470	0.00509	0.00570	0.08695	0.00473	0.00456
6	0.01935	0.01562	0.01656	0.01400	0.01825	0.01776	0.01114	0.26568	0.48014	0.03234	0.02301	0.02155	0.01703	0.00858	0.00666	0.00214	0.00591	0.00692	0.00666	0.01069
7	0.00940	0.00705	0.01058	0.01058	0.01176	0.00823	0.00823	0.01176	0.01058	0.01528	0.01763	0.02586	0.01646	0.04937	0.74255	0.01058	0.01763	0.00705	0.00353	0.00588
8	0.00795	0.00668	0.00690	0.00684	0.00899	0.00563	0.00513	0.00977	0.01540	0.01871	0.13757	0.06183	0.65344	0.01633	0.00778	0.00221	0.00331	0.01368	0.00624	0.00563
9	0.02503	0.01844	0.01976	0.01515	0.02042	0.02042	0.01251	0.70562	0.03095	0.04149	0.01581	0.01581	0.01120	0.00790	0.00659	0.00198	0.00724	0.00593	0.00659	0.01120
10	0.02954	0.01120	0.01528	0.01171	0.01681	0.00968	0.00968	0.03208	0.01884	0.73213	0.02597	0.02241	0.01630	0.00815	0.00662	0.00204	0.00560	0.00662	0.00815	0.01120
11	0.01760	0.77260	0.03450	0.01126	0.01690	0.02605	0.01126	0.01971	0.01338	0.01549	0.00915	0.01056	0.00845	0.00563	0.00422	0.00141	0.00704	0.00352	0.00282	0.00845
12	0.01584	0.01582	0.02327	0.26855	0.41333	0.08521	0.01852	0.02020	0.03911	0.01968	0.01245	0.01656	0.01004	0.00629	0.00649	0.00202	0.00843	0.00576	0.00328	0.00915
13	0.52894	0.01237	0.01165	0.01070	0.03815	0.01379	0.00817	0.09571	0.01373	0.07864	0.01155	0.01362	0.00897	0.00881	0.00768	0.11570	0.00555	0.00443	0.00445	0.00739
14	0.01167	0.00872	0.00891	0.00847	0.00913	0.04513	0.00528	0.07303	0.01207	0.01566	0.02031	0.06451	0.02269	0.63493	0.02879	0.00562	0.00665	0.00930	0.00427	0.00487
15	0.01409	0.01137	0.01342	0.00981	0.01535	0.00864	0.00780	0.01691	0.01383	0.05365	0.01360	0.05224	0.01177	0.00583	0.00513	0.00111	0.00485	0.00478	0.00421	0.73160
16	0.09963	0.00747	0.00882	0.00944	0.01095	0.00740	0.00713	0.03237	0.01452	0.02087	0.12606	0.35995	0.11454	0.01680	0.00784	0.00252	0.00433	0.13734	0.00604	0.00599
17	0.00798	0.00664	0.00697	0.00697	0.00904	0.00563	0.00520	0.00980	0.01536	0.01881	0.14655	0.09001	0.61553	0.01644	0.00780	0.00222	0.00333	0.01384	0.00625	0.00563
18	0.01365	0.01167	0.01361	0.00996	0.01555	0.00915	0.00795	0.01736	0.04934	0.02156	0.01267	0.01461	0.01050	0.00655	0.02932	0.00136	0.00531	0.00419	0.00403	0.74166
19	0.03984	0.12749	0.12475	0.04195	0.15465	0.08017	0.01529	0.22536	0.01986	0.08903	0.01377	0.01506	0.01030	0.00680	0.00608	0.00190	0.00792	0.00528	0.00457	0.00993
20	0.73856	0.01375	0.04681	0.00931	0.01372	0.01456	0.00812	0.02001	0.01169	0.06110	0.01007	0.01139	0.00761	0.00621	0.00430	0.00204	0.00535	0.00377	0.00419	0.00745
21	0.00940	0.00705	0.01058	0.01058	0.01176	0.00823	0.00823	0.01176	0.01058	0.01528	0.01763	0.02586	0.01646	0.04937	0.74255	0.01058	0.01763	0.00705	0.00353	0.00588
22	0.00789	0.00670	0.00682	0.00688	0.00907	0.00563	0.00521	0.00961	0.01501	0.01786	0.06549	0.06377	0.69894	0.01673	0.00783	0.00225	0.00344	0.03918	0.00611	0.00558
23	0.01945	0.12536	0.13889	0.01596	0.02027	0.36621	0.01419	0.02354	0.07390	0.01776	0.01249	0.04095	0.01072	0.00772	0.00752	0.00192	0.08621	0.00520	0.00354	0.00819
24	0.02503	0.01844	0.01976	0.01515	0.02042	0.02042	0.01251	0.70562	0.03095	0.04149	0.01581	0.01581	0.01120	0.00790	0.00659	0.00198	0.00724	0.00593	0.00659	0.01120
25	0.01629	0.01564	0.02672	0.04041	0.72757	0.01564	0.02020	0.02020	0.01499	0.02151	0.01238	0.01629	0.01043	0.00587	0.00652	0.00196	0.00782	0.00587	0.00326	0.01043
26	0.01243	0.01170	0.01975	0.75282	0.04534	0.01463	0.01828	0.01682	0.01316	0.01682	0.01170	0.01755	0.00878	0.00658	0.00658	0.00219	0.00878	0.00585	0.00293	0.00731
27	0.03970	0.05566	0.28204	0.05645	0.05217	0.01450	0.16809	0.02263	0.01527	0.17139	0.01602	0.01934	0.01181	0.00702	0.00667	0.00212	0.00862	0.03682	0.00425	0.00946
28	0.02743	0.01167	0.01522	0.01198	0.01686	0.01075	0.00979	0.03255	0.13031	0.61943	0.02610	0.02275	0.01690	0.00827	0.00663	0.00207	0.00554	0.00675	0.00792	0.01108
29	0.01320	0.03405	0.73453	0.01876	0.02849	0.01529	0.02432	0.02085	0.01390	0.02085	0.01181	0.01390	0.00834	0.00625	0.00625	0.00208	0.00973	0.00486	0.00278	0.00973
30	0.01455	0.01479	0.16790	0.05074	0.03770	0.01072	0.01230	0.06762	0.04745	0.11603	0.10309	0.10275	0.09916	0.03315	0.00875	0.03876	0.00618	0.05498	0.00540	0.00798
31	0.15127	0.02202	0.35878	0.01546	0.02134	0.01403	0.04760	0.01808	0.01255	0.02079	0.01324	0.04923	0.01120	0.01471	0.13387	0.00364	0.07490	0.00585	0.00331	0.00816
32	0.00795	0.00600	0.00736	0.00844	0.00936	0.00541	0.00579	0.00925	0.01330	0.01709	0.04514	0.56009	0.24208	0.01947	0.00822	0.00254	0.00368	0.01731	0.00611	0.00541
33	0.01155	0.01123	0.08897	0.01334	0.04693	0.00932	0.01102	0.06596	0.04665	0.02084	0.03008	0.30890	0.03271	0.01604	0.00812	0.00264	0.00577	0.25727	0.00567	0.00698
34	0.01681	0.08958	0.02495	0.23872	0.16291	0.10463	0.11364	0.04521	0.01512	0.04419	0.01202	0.01582	0.00954	0.00676	0.00771	0.00206	0.07266	0.00573	0.00341	0.00854
35	0.01078	0.04038	0.04625	0.03476	0.08497	0.00960	0.02725	0.01319	0.01264	0.01723	0.02408	0.23132	0.02602	0.09440	0.16947	0.00463	0.02489	0.11713	0.00454	0.00646

[dist]
# distance from previous block
# <min> <max>
1	13

[block]
# block no. 6 follows, 33 sequences, length 17
# corresponding to MSA columns:
# 255-271
name=unknown_G
#
# <colnr> <probs for GDERKNQSTAVLIFYWHMCP>
#	G	D	E	R	K	N	Q	S	T	A	V	L	I	F	Y	W	H	M	C	P
0	0.01377	0.01382	0.07419	0.01581	0.05700	0.03150	0.13040	0.11842	0.01690	0.02297	0.10730	0.12724	0.07393	0.03324	0.09292	0.00320	0.00808	0.00929	0.00489	0.04511
1	0.01039	0.00660	0.00782	0.00796	0.00871	0.00625	0.00508	0.01109	0.01173	0.06671	0.03106	0.23044	0.11881	0.42329	0.02175	0.00457	0.00527	0.01228	0.00511	0.00507
2	0.01271	0.01199	0.02025	0.70106	0.09490	0.01470	0.01842	0.01707	0.01330	0.01716	0.01175	0.01746	0.00890	0.00653	0.00658	0.00218	0.00871	0.00585	0.00295	0.00754
3	0.01555	0.01288	0.01466	0.01080	0.01643	0.01102	0.00868	0.12234	0.06036	0.02488	0.01327	0.01466	0.01062	0.00559	0.00525	0.00121	0.00526	0.00443	0.00448	0.63765
4	0.00786	0.00659	0.00683	0.00695	0.00899	0.00556	0.00515	0.00953	0.01493	0.01802	0.08854	0.12516	0.63956	0.01690	0.00784	0.00226	0.00337	0.01425	0.00616	0.00556
5	0.00814	0.00631	0.00720	0.00772	0.00902	0.00560	0.00538	0.00955	0.01383	0.01748	0.09251	0.31207	0.36946	0.09219	0.01054	0.00279	0.00380	0.01507	0.00597	0.00537
6	0.01149	0.00738	0.00967	0.01006	0.01176	0.00697	0.00808	0.01386	0.01529	0.08705	0.14849	0.13314	0.12105	0.08328	0.01059	0.00295	0.00501	0.30136	0.00628	0.00625
7	0.01243	0.01170	0.01975	0.75282	0.04534	0.01463	0.01828	0.01682	0.01316	0.01682	0.01170	0.01755	0.00878	0.00658	0.00658	0.00219	0.00878	0.00585	0.00293	0.00731
8	0.01365	0.01170	0.01365	0.00975	0.01560	0.00878	0.00780	0.01658	0.01365	0.02145	0.01170	0.01365	0.00975	0.00488	0.00488	0.00098	0.00488	0.00390	0.00390	0.80888
9	0.81514	0.01273	0.00968	0.00866	0.01273	0.01477	0.00713	0.01935	0.01120	0.02954	0.00917	0.01069	0.00713	0.00611	0.00407	0.00204	0.00509	0.00356	0.00407	0.00713
10	0.00945	0.00640	0.00715	0.00715	0.00729	0.00633	0.00406	0.00957	0.00993	0.01310	0.02379	0.04443	0.07047	0.71872	0.03180	0.00611	0.00618	0.00986	0.00413	0.00409
11	0.01043	0.00745	0.01040	0.01191	0.01335	0.00742	0.01029	0.01332	0.01497	0.01950	0.03496	0.12308	0.03829	0.01836	0.00904	0.00301	0.00590	0.63625	0.00607	0.00601
12	0.00954	0.00651	0.00783	0.00783	0.00806	0.00674	0.00480	0.00999	0.00977	0.01325	0.02015	0.03978	0.02250	0.63086	0.16933	0.00719	0.00854	0.00909	0.00390	0.00435
13	0.01760	0.77260	0.03450	0.01126	0.01690	0.02605	0.01126	0.01971	0.01338	0.01549	0.00915	0.01056	0.00845	0.00563	0.00422	0.00141	0.00704	0.00352	0.00282	0.00845
14	0.01379	0.03328	0.69913	0.01858	0.02809	0.01554	0.02374	0.05476	0.01474	0.02187	0.01201	0.01399	0.00848	0.00634	0.00627	0.00208	0.00961	0.00492	0.00297	0.00980
15	0.01621	0.01451	0.01647	0.12177	0.02100	0.14225	0.06141	0.05360	0.07317	0.08479	0.06347	0.11229	0.03987	0.01402	0.07764	0.00299	0.03901	0.03289	0.00490	0.00775
16	0.01761	0.08886	0.02158	0.19933	0.18885	0.10210	0.01503	0.15796	0.04075	0.02329	0.03456	0.05356	0.01320	0.00758	0.00639	0.00198	0.00792	0.00632	0.00419	0.00894

[dist]
# distance from previous block
# <min> <max>
0	5

[block]
# block no. 7 follows, 33 sequences, length 29
# corresponding to MSA columns:
# 277-305
name=unknown_H
#
# <colnr> <probs for GDERKNQSTAVLIFYWHMCP>
#	G	D	E	R	K	N	Q	S	T	A	V	L	I	F	Y	W	H	M	C	P
0	0.05263	0.01624	0.04098	0.03333	0.07170	0.11674	0.01138	0.14212	0.12218	0.14402	0.08869	0.02233	0.01840	0.05290	0.00804	0.00223	0.00686	0.00663	0.00565	0.03696
1	0.06661	0.01285	0.04238	0.02831	0.07025	0.05415	0.03402	0.08471	0.07625	0.11142	0.02578	0.16919	0.09106	0.04280	0.00918	0.05235	0.00611	0.00935	0.00538	0.00787
2	0.10364	0.48453	0.06095	0.01246	0.01766	0.16197	0.01166	0.02148	0.01440	0.04543	0.01014	0.01145	0.00862	0.00603	0.00473	0.00159	0.00784	0.00385	0.00327	0.00832
3	0.11284	0.01084	0.01241	0.01133	0.04411	0.01055	0.00825	0.07305	0.08367	0.10017	0.07069	0.11731	0.06469	0.07838	0.00876	0.00232	0.00512	0.00827	0.00549	0.17176
4	0.01328	0.01215	0.01975	0.70343	0.04367	0.01501	0.01790	0.06294	0.01435	0.01847	0.01198	0.01743	0.00894	0.00667	0.00658	0.00218	0.00867	0.00586	0.00317	0.00757
5	0.02058	0.01597	0.01702	0.01414	0.01824	0.04680	0.01136	0.30947	0.28198	0.07663	0.02013	0.01994	0.01496	0.01119	0.05652	0.00268	0.03939	0.00653	0.00623	0.01024
6	0.04614	0.01042	0.01621	0.07849	0.01855	0.01082	0.12663	0.05838	0.01460	0.07585	0.07290	0.16178	0.02282	0.08558	0.10325	0.00369	0.03392	0.00949	0.04335	0.00712
7	0.00833	0.00649	0.00750	0.00789	0.00942	0.00577	0.00577	0.01011	0.01477	0.01880	0.15781	0.23178	0.38428	0.04812	0.00907	0.00253	0.00371	0.05608	0.00620	0.00558
8	0.01651	0.01629	0.02209	0.16062	0.20504	0.11541	0.06150	0.01956	0.01421	0.05274	0.04067	0.01715	0.01174	0.00803	0.01060	0.00224	0.20769	0.00602	0.00352	0.00837
9	0.01987	0.17718	0.02181	0.06397	0.02041	0.15410	0.01250	0.19645	0.14408	0.02446	0.01430	0.01551	0.01128	0.00770	0.00759	0.00196	0.08775	0.00536	0.00458	0.00914
10	0.16092	0.00902	0.01016	0.00940	0.01186	0.00909	0.00717	0.04111	0.04568	0.12165	0.22390	0.15210	0.06734	0.06823	0.00889	0.00252	0.00452	0.03313	0.00622	0.00709
11	0.00895	0.00654	0.00816	0.00901	0.00991	0.00619	0.00620	0.04292	0.01403	0.01854	0.08100	0.56902	0.12529	0.04982	0.00923	0.00270	0.00399	0.01672	0.00612	0.00565
12	0.01693	0.21939	0.31609	0.01745	0.02483	0.01924	0.11809	0.15080	0.01725	0.02342	0.01211	0.01396	0.00915	0.00630	0.00601	0.00191	0.00876	0.00514	0.00359	0.00955
13	0.01268	0.00786	0.00962	0.00935	0.01093	0.00768	0.00664	0.01600	0.09279	0.11960	0.11528	0.23818	0.06044	0.22203	0.01478	0.00347	0.00490	0.03523	0.00602	0.00651
14	0.01081	0.00658	0.00873	0.00943	0.01045	0.00612	0.00664	0.01226	0.01360	0.09712	0.07728	0.52948	0.03965	0.08141	0.01032	0.00290	0.00434	0.06066	0.00623	0.00599
15	0.02259	0.10440	0.01957	0.01584	0.01927	0.60721	0.01219	0.02439	0.01743	0.01598	0.01071	0.01293	0.00916	0.01029	0.06843	0.00242	0.01187	0.00441	0.00335	0.00757
16	0.01263	0.00763	0.00778	0.00767	0.00907	0.03572	0.00562	0.01547	0.05644	0.02135	0.02022	0.02641	0.01714	0.06557	0.01030	0.12666	0.00430	0.02982	0.51440	0.00580
17	0.30766	0.01299	0.01335	0.01121	0.01543	0.01400	0.00906	0.12194	0.14644	0.20386	0.04091	0.04479	0.01538	0.00813	0.00581	0.00209	0.00544	0.00617	0.00609	0.00923
18	0.02407	0.03038	0.01917	0.01844	0.06513	0.69620	0.01319	0.02590	0.01842	0.01645	0.01032	0.01215	0.00860	0.00673	0.00597	0.00171	0.01162	0.00434	0.00338	0.00781
19	0.01589	0.01856	0.13673	0.09946	0.35343	0.01631	0.11661	0.07298	0.01563	0.02207	0.01238	0.01608	0.00982	0.00649	0.00768	0.00210	0.05876	0.00598	0.00340	0.00965
20	0.06189	0.00917	0.01069	0.03192	0.03048	0.03356	0.00795	0.04211	0.06941	0.05675	0.11001	0.32255	0.03321	0.07913	0.01017	0.02221	0.00506	0.05133	0.00577	0.00661
21	0.00867	0.00666	0.00792	0.00856	0.00979	0.00623	0.00600	0.01123	0.05832	0.01860	0.11380	0.41865	0.23923	0.04350	0.00891	0.00258	0.00378	0.01561	0.00619	0.00577
22	0.00848	0.00592	0.00750	0.00858	0.00885	0.00565	0.00548	0.00929	0.01171	0.01561	0.03169	0.55100	0.03774	0.24188	0.01583	0.00377	0.00458	0.01601	0.00548	0.00495
23	0.27937	0.01510	0.01982	0.26414	0.09718	0.08082	0.11552	0.01947	0.01354	0.02204	0.01103	0.01468	0.00855	0.00622	0.00586	0.00208	0.00809	0.00524	0.00344	0.00782
24	0.09631	0.07017	0.05566	0.13013	0.16193	0.31661	0.03889	0.02217	0.01573	0.01893	0.01086	0.01368	0.00882	0.00637	0.00594	0.00187	0.00953	0.00484	0.00329	0.00828
25	0.01676	0.01696	0.02443	0.20629	0.40242	0.10865	0.05873	0.04961	0.01574	0.02053	0.01214	0.01609	0.00979	0.00622	0.00654	0.00200	0.00874	0.00577	0.00334	0.00927
26	0.00866	0.00630	0.00743	0.00782	0.00866	0.00586	0.00518	0.00982	0.01299	0.01703	0.13390	0.26840	0.19427	0.26479	0.01643	0.00371	0.00445	0.01367	0.00557	0.00507
27	0.09927	0.10841	0.11272	0.07387	0.02387	0.08630	0.14878	0.04759	0.01516	0.06623	0.01233	0.01460	0.00945	0.00617	0.00618	0.00183	0.02202	0.00517	0.00377	0.13628
28	0.01186	0.00730	0.00808	0.00786	0.00902	0.00740	0.00528	0.01491	0.08415	0.05273	0.02418	0.08589	0.04180	0.35979	0.01859	0.00396	0.00500	0.00897	0.23747	0.00576

[dist]
# distance from previous block
# <min> <max>
0	5

[block]
# block no. 8 follows, 33 sequences, length 33
# corresponding to MSA columns:
# 311-343
name=unknown_I
#
# <colnr> <probs for GDERKNQSTAVLIFYWHMCP>
#	G	D	E	R	K	N	Q	S	T	A	V	L	I	F	Y	W	H	M	C	P
0	0.01243	0.01170	0.01975	0.75282	0.04534	0.01463	0.01828	0.01682	0.01316	0.01682	0.01170	0.01755	0.00878	0.00658	0.00658	0.00219	0.00878	0.00585	0.00293	0.00731
1	0.01449	0.01167	0.01374	0.00985	0.01566	0.00882	0.00790	0.01739	0.01393	0.05897	0.01245	0.01411	0.01010	0.00505	0.00497	0.00103	0.00491	0.00404	0.00412	0.76678
2	0.01645	0.01271	0.01400	0.01244	0.01592	0.01401	0.00966	0.08153	0.46246	0.07739	0.08846	0.09813	0.02488	0.01023	0.00689	0.00219	0.00506	0.00867	0.00671	0.03220
3	0.00882	0.00671	0.00811	0.00776	0.00953	0.00600	0.00582	0.01145	0.01745	0.02359	0.50993	0.05380	0.27804	0.01451	0.00777	0.00212	0.00318	0.01255	0.00688	0.00600
4	0.02526	0.01806	0.01952	0.01497	0.02022	0.01985	0.01236	0.67007	0.03031	0.07795	0.01634	0.01615	0.01146	0.00792	0.00659	0.00198	0.00716	0.00596	0.00667	0.01120
5	0.01673	0.01344	0.01437	0.01283	0.01655	0.01518	0.01001	0.03308	0.62005	0.07646	0.02939	0.02699	0.06671	0.00939	0.00677	0.00222	0.00511	0.00781	0.00676	0.01015
6	0.01554	0.01776	0.03885	0.02775	0.03441	0.01665	0.70366	0.02109	0.01554	0.02109	0.01332	0.01776	0.00999	0.00555	0.00777	0.00222	0.01110	0.00777	0.00333	0.00888
7	0.01623	0.01722	0.03625	0.06557	0.03383	0.01643	0.61578	0.04713	0.01611	0.04726	0.01378	0.01784	0.01020	0.00579	0.00762	0.00220	0.01063	0.00756	0.00360	0.00897
8	0.00932	0.00673	0.00880	0.00828	0.00984	0.00621	0.00621	0.01242	0.01863	0.02640	0.72410	0.04918	0.06212	0.01346	0.00776	0.00207	0.00311	0.01191	0.00725	0.00621
9	0.07960	0.01545	0.01747	0.01348	0.01860	0.01617	0.01113	0.41706	0.02527	0.28942	0.01902	0.01784	0.01276	0.00787	0.00643	0.00200	0.00651	0.00602	0.00698	0.01093
10	0.01451	0.01388	0.02090	0.44245	0.14774	0.04231	0.01740	0.05446	0.01406	0.01870	0.01144	0.01650	0.00914	0.00742	0.00920	0.00225	0.14067	0.00578	0.00318	0.00801
11	0.02426	0.01474	0.01558	0.01244	0.01680	0.07625	0.01008	0.28163	0.02246	0.28170	0.01997	0.01941	0.01381	0.00785	0.00618	0.00189	0.00630	0.00607	0.15262	0.00997
12	0.00911	0.00636	0.00799	0.00856	0.00976	0.00575	0.00604	0.01084	0.01464	0.04792	0.18801	0.43503	0.19008	0.01777	0.00806	0.00243	0.00364	0.01577	0.00643	0.00581
13	0.00841	0.00649	0.00776	0.00838	0.00982	0.00583	0.00622	0.01027	0.01472	0.01884	0.13926	0.29056	0.33044	0.01772	0.00814	0.00245	0.00380	0.09899	0.00626	0.00564
14	0.01916	0.07506	0.09767	0.01909	0.12788	0.01624	0.07504	0.16989	0.10104	0.12736	0.01895	0.04361	0.03627	0.00802	0.00711	0.00206	0.03373	0.00673	0.00517	0.00990
15	0.01624	0.01523	0.04864	0.05626	0.47754	0.03159	0.01746	0.01971	0.01455	0.06672	0.03658	0.01871	0.01284	0.03528	0.03316	0.00250	0.07765	0.00620	0.00368	0.00947
16	0.00794	0.00657	0.00697	0.00721	0.00915	0.00561	0.00535	0.00962	0.01479	0.01795	0.07967	0.15681	0.59552	0.01716	0.00790	0.00230	0.00347	0.03431	0.00614	0.00556
17	0.01566	0.02229	0.23897	0.06505	0.16311	0.10006	0.10793	0.04390	0.06468	0.02129	0.04109	0.01767	0.01245	0.00900	0.04606	0.00250	0.00950	0.00603	0.00364	0.00912
18	0.01852	0.67462	0.03240	0.01202	0.01735	0.12071	0.01146	0.02058	0.01407	0.01557	0.00929	0.01073	0.00845	0.00578	0.00445	0.00145	0.00768	0.00362	0.00289	0.00834
19	0.01602	0.01667	0.10706	0.01633	0.07363	0.04142	0.10808	0.05303	0.01541	0.06540	0.01300	0.01502	0.01008	0.00564	0.00580	0.00150	0.00700	0.00498	0.00401	0.41993
20	0.01984	0.12527	0.08626	0.03888	0.14951	0.16377	0.03846	0.18680	0.08455	0.02475	0.01362	0.01514	0.01061	0.00683	0.00614	0.00189	0.00845	0.00535	0.00429	0.00958
21	0.01075	0.00754	0.00896	0.03276	0.00988	0.00804	0.00564	0.04810	0.01109	0.01515	0.01953	0.03781	0.02140	0.59516	0.08425	0.00604	0.03382	0.00881	0.03045	0.00482
22	0.01771	0.02196	0.21296	0.04034	0.15385	0.10380	0.04275	0.13980	0.06292	0.04934	0.03771	0.01747	0.01256	0.00933	0.04637	0.00247	0.00901	0.00587	0.00425	0.00953
23	0.81514	0.01273	0.00968	0.00866	0.01273	0.01477	0.00713	0.01935	0.01120	0.02954	0.00917	0.01069	0.00713	0.00611	0.00407	0.00204	0.00509	0.00356	0.00407	0.00713
24	0.00882	0.00671	0.00811	0.00776	0.00953	0.00600	0.00582	0.01146	0.01746	0.02362	0.51189	0.05375	0.27606	0.01450	0.00777	0.00212	0.00318	0.01255	0.00688	0.00600
25	0.00905	0.00647	0.00839	0.00839	0.00968	0.00599	0.00611	0.01165	0.01697	0.02383	0.52325	0.21812	0.07556	0.01509	0.00783	0.00220	0.00328	0.01342	0.02875	0.00599
26	0.01841	0.01573	0.03550	0.05257	0.01954	0.04084	0.01147	0.25587	0.25553	0.02939	0.01854	0.01908	0.01407	0.01065	0.05925	0.00255	0.00728	0.00614	0.00562	0.12199
27	0.00802	0.00573	0.00764	0.00917	0.00955	0.00535	0.00611	0.00917	0.01260	0.01681	0.03628	0.76434	0.04354	0.02062	0.00840	0.00267	0.00382	0.01872	0.00611	0.00535
28	0.01421	0.17352	0.56274	0.01705	0.02568	0.01739	0.02109	0.02139	0.05143	0.02019	0.01211	0.01384	0.00899	0.00628	0.00589	0.00196	0.00898	0.00475	0.00300	0.00952
29	0.01647	0.24540	0.30277	0.01590	0.02265	0.03504	0.06316	0.08970	0.01597	0.04437	0.05105	0.01556	0.01200	0.00686	0.00646	0.00190	0.03668	0.00524	0.00365	0.00915
30	0.00855	0.00684	0.00778	0.00829	0.01020	0.00608	0.00656	0.01054	0.01487	0.01822	0.05608	0.11662	0.49420	0.01736	0.00817	0.00247	0.00409	0.19131	0.00610	0.00568
31	0.00985	0.00771	0.00964	0.01104	0.05007	0.00754	0.00732	0.03854	0.07889	0.01917	0.03902	0.49503	0.16608	0.01751	0.00796	0.00248	0.00421	0.01558	0.00603	0.00636
32	0.01755	0.08343	0.10808	0.03023	0.43649	0.05296	0.01836	0.11102	0.01687	0.02313	0.01227	0.01519	0.00997	0.00637	0.00672	0.00194	0.03028	0.00547	0.00360	0.01005

[dist]
# distance from previous block
# <min> <max>
0	3

# created by:
# /home/berkeley/.conda/envs/busco_data_prod/bin/msa2prfl.pl pipeline/OGs_align_augustus/4893/40531.fs
