[name]
unknown

[dist]
# distance from previous block
# <min> <max>
3	9

[block]
# block no. 0 follows, 33 sequences, length 7
# corresponding to MSA columns:
# 12-18
name=unknown_A
#
# <colnr> <probs for GDERKNQSTAVLIFYWHMCP>
#	G	D	E	R	K	N	Q	S	T	A	V	L	I	F	Y	W	H	M	C	P
0	0.01850	0.04950	0.01855	0.01710	0.11786	0.01564	0.03589	0.18567	0.23971	0.08913	0.09681	0.02425	0.04457	0.00867	0.00671	0.00206	0.00609	0.00733	0.00605	0.00990
1	0.01609	0.01530	0.02278	0.03211	0.52307	0.06208	0.01694	0.05363	0.01665	0.02299	0.13391	0.02159	0.01916	0.00732	0.00670	0.00196	0.00725	0.00679	0.00412	0.00956
2	0.01629	0.01564	0.02672	0.04041	0.72757	0.01564	0.02020	0.02020	0.01499	0.02151	0.01238	0.01629	0.01043	0.00587	0.00652	0.00196	0.00782	0.00587	0.00326	0.01043
3	0.15667	0.17647	0.10984	0.01151	0.01615	0.01536	0.01088	0.11846	0.01741	0.06186	0.21544	0.02340	0.02432	0.00849	0.00594	0.00191	0.00588	0.00660	0.00512	0.00828
4	0.02351	0.01862	0.01896	0.01681	0.07675	0.12032	0.01255	0.38233	0.12538	0.11116	0.01745	0.01729	0.01260	0.00776	0.00651	0.00198	0.00747	0.00598	0.00606	0.01052
5	0.01629	0.01564	0.02672	0.04041	0.72757	0.01564	0.02020	0.02020	0.01499	0.02151	0.01238	0.01629	0.01043	0.00587	0.00652	0.00196	0.00782	0.00587	0.00326	0.01043
6	0.01557	0.01609	0.06250	0.03500	0.55566	0.01512	0.07437	0.02039	0.05048	0.02146	0.01461	0.06210	0.01279	0.00691	0.00673	0.00204	0.00781	0.00683	0.00359	0.00996

[dist]
# distance from previous block
# <min> <max>
84	253

[block]
# block no. 1 follows, 33 sequences, length 15
# corresponding to MSA columns:
# 325-339
name=unknown_B
#
# <colnr> <probs for GDERKNQSTAVLIFYWHMCP>
#	G	D	E	R	K	N	Q	S	T	A	V	L	I	F	Y	W	H	M	C	P
0	0.01781	0.10552	0.37203	0.01709	0.05432	0.01693	0.01807	0.18316	0.01827	0.07694	0.01352	0.01470	0.00977	0.00663	0.00609	0.00192	0.00823	0.00510	0.00415	0.04974
1	0.05933	0.09895	0.32698	0.01889	0.11551	0.05697	0.01776	0.09518	0.01639	0.08748	0.01311	0.01457	0.00965	0.00646	0.00598	0.00192	0.00828	0.00500	0.00388	0.03771
2	0.01724	0.09198	0.43521	0.01868	0.08330	0.01650	0.01961	0.12761	0.01706	0.09207	0.01361	0.01492	0.00973	0.00661	0.00619	0.00199	0.00856	0.00516	0.00393	0.01004
3	0.10052	0.14339	0.39458	0.01865	0.11295	0.01647	0.01864	0.02142	0.01411	0.08363	0.01244	0.01409	0.00919	0.00626	0.00577	0.00195	0.00821	0.00480	0.00346	0.00947
4	0.05958	0.05086	0.14166	0.02076	0.18881	0.01685	0.01553	0.23124	0.08148	0.10545	0.01578	0.01661	0.01155	0.00707	0.00630	0.00200	0.00733	0.00572	0.00505	0.01038
5	0.04691	0.09549	0.13431	0.01766	0.09303	0.23620	0.01438	0.14817	0.03731	0.02352	0.04228	0.01522	0.01175	0.00692	0.00598	0.00181	0.00865	0.00512	0.00411	0.05119
6	0.02046	0.20754	0.08159	0.01366	0.01947	0.01964	0.01246	0.37277	0.02252	0.03023	0.01319	0.01401	0.01005	0.00674	0.00571	0.00169	0.00704	0.00493	0.00492	0.13139
7	0.01743	0.01705	0.02623	0.03513	0.55146	0.06642	0.07215	0.06990	0.03888	0.02271	0.01301	0.01633	0.01062	0.00615	0.00659	0.00197	0.00823	0.00596	0.00362	0.01017
8	0.01605	0.01708	0.08194	0.03872	0.67303	0.01561	0.02053	0.02025	0.01490	0.02146	0.01234	0.01611	0.01026	0.00590	0.00650	0.00197	0.00797	0.00579	0.00322	0.01037
9	0.01243	0.01170	0.01975	0.75282	0.04534	0.01463	0.01828	0.01682	0.01316	0.01682	0.01170	0.01755	0.00878	0.00658	0.00658	0.00219	0.00878	0.00585	0.00293	0.00731
10	0.01724	0.01594	0.02597	0.03767	0.65096	0.01616	0.01937	0.09446	0.01672	0.02367	0.01275	0.01624	0.01051	0.00609	0.00652	0.00196	0.00776	0.00587	0.00362	0.01051
11	0.02648	0.01278	0.01575	0.01241	0.01699	0.03479	0.01013	0.14432	0.02033	0.51278	0.04807	0.05395	0.01772	0.00890	0.00720	0.00207	0.03024	0.00711	0.00744	0.01053
12	0.01550	0.22109	0.42887	0.01588	0.02358	0.01828	0.01859	0.09060	0.03967	0.02201	0.03924	0.01494	0.01111	0.00663	0.00584	0.00190	0.00838	0.00498	0.00348	0.00944
13	0.01762	0.46966	0.21017	0.01376	0.02038	0.02245	0.01477	0.12480	0.01619	0.02082	0.01085	0.01221	0.00884	0.00614	0.00510	0.00167	0.00775	0.00423	0.00338	0.00919
14	0.02000	0.12454	0.18839	0.01450	0.02048	0.01772	0.01426	0.32728	0.02233	0.08583	0.08590	0.01850	0.01566	0.00778	0.00630	0.00194	0.00726	0.00600	0.00536	0.00997

[dist]
# distance from previous block
# <min> <max>
2	18

[block]
# block no. 2 follows, 33 sequences, length 96
# corresponding to MSA columns:
# 358-453
name=unknown_C
#
# <colnr> <probs for GDERKNQSTAVLIFYWHMCP>
#	G	D	E	R	K	N	Q	S	T	A	V	L	I	F	Y	W	H	M	C	P
0	0.01858	0.04658	0.19537	0.01689	0.06041	0.14609	0.03678	0.17216	0.05605	0.04793	0.03271	0.03645	0.03368	0.00760	0.00634	0.00191	0.00821	0.00601	0.00452	0.06573
1	0.01716	0.01722	0.09880	0.02684	0.36616	0.01528	0.01660	0.17319	0.01855	0.02624	0.06052	0.01783	0.01375	0.00676	0.00640	0.00187	0.00725	0.00596	0.00429	0.09932
2	0.01805	0.01705	0.08380	0.03004	0.44774	0.01544	0.01758	0.13280	0.01763	0.06844	0.01367	0.01616	0.01068	0.00629	0.00637	0.00189	0.00750	0.00567	0.00412	0.07909
3	0.01866	0.01531	0.02593	0.02591	0.24799	0.01521	0.21115	0.05874	0.09939	0.14412	0.01671	0.01858	0.01241	0.00679	0.00735	0.00208	0.03180	0.00667	0.00469	0.03049
4	0.01615	0.01733	0.10261	0.07576	0.57322	0.01539	0.03898	0.02049	0.01491	0.04382	0.01274	0.01634	0.01029	0.00601	0.00653	0.00199	0.00810	0.00583	0.00335	0.01016
5	0.05882	0.05752	0.02070	0.01918	0.14351	0.10420	0.11126	0.04048	0.11808	0.06612	0.14413	0.02278	0.02098	0.00791	0.00657	0.00197	0.00712	0.00699	0.00493	0.03673
6	0.01660	0.11352	0.32495	0.02247	0.20589	0.01690	0.01908	0.08328	0.05755	0.05868	0.01361	0.01536	0.01025	0.00648	0.00616	0.00197	0.00822	0.00530	0.00375	0.01000
7	0.01603	0.01740	0.15216	0.01603	0.07833	0.05385	0.01323	0.11125	0.18981	0.06126	0.02260	0.19738	0.02066	0.01067	0.00695	0.00221	0.00661	0.00911	0.00540	0.00906
8	0.04161	0.19146	0.08130	0.01368	0.01900	0.01946	0.01232	0.26340	0.19670	0.04697	0.01666	0.01661	0.01254	0.00736	0.00592	0.00189	0.00672	0.00556	0.00531	0.03553
9	0.57376	0.01670	0.12473	0.01193	0.01710	0.01531	0.05498	0.05498	0.03533	0.02819	0.01074	0.01235	0.00812	0.00628	0.00486	0.00206	0.00631	0.00428	0.00404	0.00796
10	0.01335	0.03305	0.69172	0.01932	0.02886	0.01537	0.06612	0.02086	0.01400	0.02086	0.01191	0.01414	0.00844	0.00621	0.00635	0.00209	0.00981	0.00504	0.00281	0.00968
11	0.01380	0.01184	0.01372	0.00995	0.01569	0.00920	0.00795	0.01760	0.05255	0.02179	0.01254	0.01426	0.01032	0.00510	0.00498	0.00104	0.00489	0.00410	0.00406	0.76464
12	0.09591	0.01133	0.01480	0.01145	0.01646	0.01011	0.00946	0.03101	0.01820	0.67277	0.02455	0.02142	0.01552	0.00798	0.00641	0.00204	0.00556	0.00636	0.00780	0.01086
13	0.01637	0.01414	0.01489	0.01340	0.01712	0.01637	0.01042	0.03498	0.71568	0.02754	0.02679	0.02456	0.02010	0.00893	0.00670	0.00223	0.00521	0.00744	0.00670	0.01042
14	0.00786	0.00657	0.00684	0.00699	0.00899	0.00556	0.00516	0.00952	0.01487	0.01797	0.08546	0.13736	0.63033	0.01699	0.00785	0.00227	0.00338	0.01434	0.00615	0.00556
15	0.00957	0.00638	0.00718	0.00718	0.00718	0.00638	0.00399	0.00957	0.00957	0.01276	0.02074	0.04308	0.02393	0.76864	0.03351	0.00638	0.00638	0.00957	0.00399	0.00399
16	0.00932	0.00673	0.00880	0.00828	0.00984	0.00621	0.00621	0.01242	0.01863	0.02640	0.72410	0.04918	0.06212	0.01346	0.00776	0.00207	0.00311	0.01191	0.00725	0.00621
17	0.81514	0.01273	0.00968	0.00866	0.01273	0.01477	0.00713	0.01935	0.01120	0.02954	0.00917	0.01069	0.00713	0.00611	0.00407	0.00204	0.00509	0.00356	0.00407	0.00713
18	0.01243	0.01170	0.01975	0.75282	0.04534	0.01463	0.01828	0.01682	0.01316	0.01682	0.01170	0.01755	0.00878	0.00658	0.00658	0.00219	0.00878	0.00585	0.00293	0.00731
19	0.00802	0.00573	0.00764	0.00917	0.00955	0.00535	0.00611	0.00917	0.01260	0.01681	0.03628	0.76434	0.04354	0.02062	0.00840	0.00267	0.00382	0.01872	0.00611	0.00535
20	0.02503	0.01844	0.01976	0.01515	0.02042	0.02042	0.01251	0.70562	0.03095	0.04149	0.01581	0.01581	0.01120	0.00790	0.00659	0.00198	0.00724	0.00593	0.00659	0.01120
21	0.01144	0.00572	0.00858	0.00858	0.00858	0.00572	0.00572	0.00858	0.00858	0.01144	0.01144	0.02001	0.01144	0.02287	0.02573	0.80846	0.00572	0.00572	0.00286	0.00286
22	0.04632	0.01938	0.01939	0.01512	0.02020	0.08125	0.01238	0.62970	0.02938	0.03902	0.01515	0.01534	0.01086	0.00776	0.00646	0.00195	0.00758	0.00572	0.00625	0.01078
23	0.00822	0.00669	0.00728	0.00713	0.00916	0.00574	0.00535	0.01030	0.01604	0.02025	0.25485	0.05930	0.53520	0.01575	0.00778	0.00218	0.00327	0.01332	0.00644	0.00574
24	0.01760	0.77260	0.03450	0.01126	0.01690	0.02605	0.01126	0.01971	0.01338	0.01549	0.00915	0.01056	0.00845	0.00563	0.00422	0.00141	0.00704	0.00352	0.00282	0.00845
25	0.05938	0.73279	0.03320	0.01113	0.01668	0.02546	0.01105	0.01969	0.01326	0.01622	0.00915	0.01057	0.00838	0.00566	0.00422	0.00144	0.00694	0.00352	0.00288	0.00838
26	0.01363	0.07137	0.63908	0.01913	0.02839	0.01597	0.08103	0.02081	0.01401	0.02059	0.01180	0.01405	0.00848	0.00616	0.00628	0.00206	0.00970	0.00504	0.00283	0.00959
27	0.01144	0.00572	0.00858	0.00858	0.00858	0.00572	0.00572	0.00858	0.00858	0.01144	0.01144	0.02001	0.01144	0.02287	0.02573	0.80846	0.00572	0.00572	0.00286	0.00286
28	0.00802	0.00573	0.00764	0.00917	0.00955	0.00535	0.00611	0.00917	0.01260	0.01681	0.03628	0.76434	0.04354	0.02062	0.00840	0.00267	0.00382	0.01872	0.00611	0.00535
29	0.01629	0.01564	0.02672	0.04041	0.72757	0.01564	0.02020	0.02020	0.01499	0.02151	0.01238	0.01629	0.01043	0.00587	0.00652	0.00196	0.00782	0.00587	0.00326	0.01043
30	0.01956	0.01989	0.01996	0.02122	0.18101	0.21990	0.03672	0.10051	0.26394	0.02424	0.01723	0.01796	0.01335	0.00741	0.00647	0.00199	0.00809	0.00603	0.00486	0.00967
31	0.01320	0.03405	0.73453	0.01876	0.02849	0.01529	0.02432	0.02085	0.01390	0.02085	0.01181	0.01390	0.00834	0.00625	0.00625	0.00208	0.00973	0.00486	0.00278	0.00973
32	0.00957	0.00638	0.00718	0.00718	0.00718	0.00638	0.00399	0.00957	0.00957	0.01276	0.02074	0.04308	0.02393	0.76864	0.03351	0.00638	0.00638	0.00957	0.00399	0.00399
33	0.01450	0.15679	0.59289	0.01727	0.02615	0.01690	0.02164	0.02104	0.01398	0.04424	0.01185	0.01363	0.00863	0.00622	0.00593	0.00197	0.00914	0.00470	0.00297	0.00957
34	0.01425	0.01386	0.01886	0.01577	0.01695	0.01788	0.01308	0.01599	0.01080	0.01697	0.00926	0.01425	0.00886	0.01019	0.01825	0.00250	0.60589	0.00539	0.00309	0.16792
35	0.00778	0.00667	0.00667	0.00667	0.00889	0.00556	0.00500	0.00945	0.01501	0.01778	0.06669	0.06336	0.72490	0.01667	0.00778	0.00222	0.00333	0.01389	0.00611	0.00556
36	0.81514	0.01273	0.00968	0.00866	0.01273	0.01477	0.00713	0.01935	0.01120	0.02954	0.00917	0.01069	0.00713	0.00611	0.00407	0.00204	0.00509	0.00356	0.00407	0.00713
37	0.77095	0.05484	0.01105	0.00880	0.01296	0.01539	0.00736	0.01937	0.01132	0.02876	0.00917	0.01069	0.00720	0.00608	0.00408	0.00200	0.00520	0.00356	0.00400	0.00720
38	0.00932	0.00673	0.00880	0.00828	0.00984	0.00621	0.00621	0.01242	0.01863	0.02640	0.72410	0.04918	0.06212	0.01346	0.00776	0.00207	0.00311	0.01191	0.00725	0.00621
39	0.00892	0.00727	0.00944	0.00865	0.01074	0.00646	0.04379	0.01144	0.01662	0.02189	0.36516	0.07879	0.35713	0.01472	0.00779	0.00217	0.00367	0.01281	0.00648	0.00603
40	0.29915	0.01566	0.01577	0.01252	0.01736	0.01727	0.01033	0.39346	0.02277	0.11375	0.01463	0.01477	0.01035	0.00731	0.00572	0.00200	0.00632	0.00519	0.00589	0.00979
41	0.02954	0.01120	0.01528	0.01171	0.01681	0.00968	0.00968	0.03208	0.01884	0.73213	0.02597	0.02241	0.01630	0.00815	0.00662	0.00204	0.00560	0.00662	0.00815	0.01120
42	0.01243	0.01170	0.01975	0.75282	0.04534	0.01463	0.01828	0.01682	0.01316	0.01682	0.01170	0.01755	0.00878	0.00658	0.00658	0.00219	0.00878	0.00585	0.00293	0.00731
43	0.00932	0.00673	0.00880	0.00828	0.00984	0.00621	0.00621	0.01242	0.01863	0.02640	0.72410	0.04918	0.06212	0.01346	0.00776	0.00207	0.00311	0.01191	0.00725	0.00621
44	0.00819	0.00680	0.00723	0.00745	0.00957	0.00585	0.00580	0.01005	0.01503	0.01806	0.06213	0.06492	0.62651	0.01689	0.00797	0.00234	0.00373	0.10976	0.00611	0.00563
45	0.00984	0.00765	0.01061	0.01083	0.01205	0.02685	0.00848	0.01218	0.01142	0.01589	0.02050	0.07667	0.02030	0.04305	0.59710	0.00903	0.01535	0.08234	0.00396	0.00591
46	0.01320	0.03405	0.73453	0.01876	0.02849	0.01529	0.02432	0.02085	0.01390	0.02085	0.01181	0.01390	0.00834	0.00625	0.00625	0.00208	0.00973	0.00486	0.00278	0.00973
47	0.01257	0.01184	0.01999	0.72796	0.06914	0.01466	0.01835	0.01694	0.01323	0.01698	0.01172	0.01751	0.00883	0.00656	0.00658	0.00219	0.00874	0.00585	0.00294	0.00742
48	0.79213	0.03466	0.01039	0.00873	0.01285	0.01509	0.00725	0.01936	0.01127	0.02913	0.00917	0.01069	0.00717	0.00610	0.00408	0.00202	0.00515	0.00356	0.00404	0.00717
49	0.01733	0.01462	0.01542	0.01359	0.01748	0.01682	0.01065	0.10915	0.63995	0.02908	0.02558	0.02359	0.01911	0.00882	0.00669	0.00220	0.00544	0.00728	0.00669	0.01051
50	0.01820	0.67100	0.05512	0.01210	0.01763	0.10116	0.01183	0.02044	0.01395	0.01572	0.00934	0.01080	0.00845	0.00577	0.00447	0.00146	0.00763	0.00364	0.00288	0.00840
51	0.01299	0.01227	0.02074	0.65075	0.14308	0.01477	0.01856	0.01731	0.01343	0.01749	0.01180	0.01737	0.00901	0.00648	0.00657	0.00216	0.00864	0.00585	0.00297	0.00776
52	0.02503	0.01844	0.01976	0.01515	0.02042	0.02042	0.01251	0.70562	0.03095	0.04149	0.01581	0.01581	0.01120	0.00790	0.00659	0.00198	0.00724	0.00593	0.00659	0.01120
53	0.01263	0.01191	0.02011	0.71550	0.08108	0.01468	0.01838	0.01700	0.01326	0.01707	0.01174	0.01749	0.00886	0.00654	0.00658	0.00218	0.00873	0.00585	0.00294	0.00748
54	0.81514	0.01273	0.00968	0.00866	0.01273	0.01477	0.00713	0.01935	0.01120	0.02954	0.00917	0.01069	0.00713	0.00611	0.00407	0.00204	0.00509	0.00356	0.00407	0.00713
55	0.00940	0.00705	0.01058	0.01058	0.01176	0.00823	0.00823	0.01176	0.01058	0.01528	0.01763	0.02586	0.01646	0.04937	0.74255	0.01058	0.01763	0.00705	0.00353	0.00588
56	0.81514	0.01273	0.00968	0.00866	0.01273	0.01477	0.00713	0.01935	0.01120	0.02954	0.00917	0.01069	0.00713	0.00611	0.00407	0.00204	0.00509	0.00356	0.00407	0.00713
57	0.00940	0.00705	0.01058	0.01058	0.01176	0.00823	0.00823	0.01176	0.01058	0.01528	0.01763	0.02586	0.01646	0.04937	0.74255	0.01058	0.01763	0.00705	0.00353	0.00588
58	0.00932	0.00673	0.00880	0.00828	0.00984	0.00621	0.00621	0.01242	0.01863	0.02640	0.72410	0.04918	0.06212	0.01346	0.00776	0.00207	0.00311	0.01191	0.00725	0.00621
59	0.01760	0.77260	0.03450	0.01126	0.01690	0.02605	0.01126	0.01971	0.01338	0.01549	0.00915	0.01056	0.00845	0.00563	0.00422	0.00141	0.00704	0.00352	0.00282	0.00845
60	0.00957	0.00638	0.00718	0.00718	0.00718	0.00638	0.00399	0.00957	0.00957	0.01276	0.02074	0.04308	0.02393	0.76864	0.03351	0.00638	0.00638	0.00957	0.00399	0.00399
61	0.01451	0.03108	0.61037	0.02034	0.08880	0.01577	0.02293	0.08056	0.01548	0.02271	0.01221	0.01427	0.00877	0.00636	0.00631	0.00206	0.00935	0.00504	0.00315	0.00992
62	0.01967	0.55472	0.02992	0.01283	0.01791	0.19588	0.01168	0.05928	0.01560	0.01708	0.00976	0.01116	0.00861	0.00603	0.00476	0.00151	0.00820	0.00382	0.00316	0.00841
63	0.01507	0.01439	0.02422	0.03514	0.60150	0.01422	0.03865	0.01875	0.01513	0.02123	0.04179	0.02276	0.09338	0.00733	0.00674	0.00200	0.00726	0.00703	0.00372	0.00969
64	0.02262	0.01844	0.07369	0.01476	0.01994	0.01864	0.01271	0.53998	0.08793	0.05374	0.01697	0.01807	0.01257	0.04946	0.00804	0.00225	0.00717	0.00619	0.00620	0.01062
65	0.01079	0.00758	0.01095	0.01060	0.01180	0.00871	0.00815	0.01284	0.01090	0.05475	0.01799	0.02702	0.01689	0.12576	0.58579	0.00925	0.05316	0.00725	0.00380	0.00603
66	0.02954	0.01120	0.01528	0.01171	0.01681	0.00968	0.00968	0.03208	0.01884	0.73213	0.02597	0.02241	0.01630	0.00815	0.00662	0.00204	0.00560	0.00662	0.00815	0.01120
67	0.01332	0.03323	0.69927	0.01922	0.02879	0.01536	0.05876	0.02086	0.01398	0.02086	0.01189	0.01409	0.00842	0.00622	0.00633	0.00209	0.00980	0.00501	0.00281	0.00969
68	0.01608	0.01542	0.02633	0.07988	0.68977	0.01559	0.02010	0.02002	0.01489	0.02125	0.01235	0.01636	0.01034	0.00591	0.00652	0.00197	0.00787	0.00586	0.00324	0.01026
69	0.02954	0.01120	0.01528	0.01171	0.01681	0.00968	0.00968	0.03208	0.01884	0.73213	0.02597	0.02241	0.01630	0.00815	0.00662	0.00204	0.00560	0.00662	0.00815	0.01120
70	0.00856	0.00660	0.00782	0.00772	0.00942	0.00586	0.00571	0.01088	0.01653	0.02190	0.38542	0.13089	0.32792	0.01552	0.00784	0.00220	0.00327	0.01343	0.00667	0.00586
71	0.01663	0.01611	0.02820	0.03720	0.58646	0.01604	0.12322	0.05546	0.01589	0.02247	0.01270	0.01649	0.01040	0.00592	0.00671	0.00200	0.00829	0.00616	0.00344	0.01023
72	0.01320	0.03405	0.73453	0.01876	0.02849	0.01529	0.02432	0.02085	0.01390	0.02085	0.01181	0.01390	0.00834	0.00625	0.00625	0.00208	0.00973	0.00486	0.00278	0.00973
73	0.01061	0.00758	0.01061	0.01212	0.01364	0.00758	0.01061	0.01364	0.01515	0.01970	0.03486	0.07426	0.03789	0.01819	0.00909	0.00303	0.00606	0.68326	0.00606	0.00606
74	0.01488	0.01583	0.02809	0.02172	0.02455	0.01867	0.30677	0.01807	0.01240	0.01807	0.01063	0.01583	0.00921	0.00899	0.01574	0.00260	0.44037	0.00661	0.00307	0.00791
75	0.77449	0.01381	0.04642	0.00917	0.01353	0.01479	0.00800	0.01943	0.01134	0.02910	0.00930	0.01086	0.00719	0.00612	0.00418	0.00204	0.00533	0.00363	0.00401	0.00726
76	0.01629	0.01564	0.02672	0.04041	0.72757	0.01564	0.02020	0.02020	0.01499	0.02151	0.01238	0.01629	0.01043	0.00587	0.00652	0.00196	0.00782	0.00587	0.00326	0.01043
77	0.01333	0.03315	0.69598	0.01926	0.02882	0.01536	0.06197	0.02086	0.01399	0.02086	0.01190	0.01411	0.00843	0.00622	0.00634	0.00209	0.00981	0.00503	0.00281	0.00968
78	0.00779	0.00662	0.00672	0.00681	0.00893	0.00555	0.00506	0.00943	0.01487	0.01773	0.06503	0.10168	0.68765	0.01689	0.00781	0.00225	0.00336	0.01416	0.00611	0.00555
79	0.01760	0.77260	0.03450	0.01126	0.01690	0.02605	0.01126	0.01971	0.01338	0.01549	0.00915	0.01056	0.00845	0.00563	0.00422	0.00141	0.00704	0.00352	0.00282	0.00845
80	0.81514	0.01273	0.00968	0.00866	0.01273	0.01477	0.00713	0.01935	0.01120	0.02954	0.00917	0.01069	0.00713	0.00611	0.00407	0.00204	0.00509	0.00356	0.00407	0.00713
81	0.01243	0.01170	0.01975	0.75282	0.04534	0.01463	0.01828	0.01682	0.01316	0.01682	0.01170	0.01755	0.00878	0.00658	0.00658	0.00219	0.00878	0.00585	0.00293	0.00731
82	0.01528	0.01658	0.17287	0.01195	0.01858	0.01031	0.01165	0.01920	0.01427	0.09849	0.01328	0.01466	0.01015	0.00554	0.00537	0.00134	0.00603	0.00441	0.00411	0.54595
83	0.00778	0.00667	0.00667	0.00667	0.00889	0.00556	0.00500	0.00945	0.01501	0.01778	0.06669	0.06336	0.72490	0.01667	0.00778	0.00222	0.00333	0.01389	0.00611	0.00556
84	0.02459	0.03138	0.01866	0.01696	0.02035	0.74221	0.01272	0.02629	0.01866	0.01611	0.01018	0.01187	0.00848	0.00678	0.00594	0.00170	0.01187	0.00424	0.00339	0.00763
85	0.01182	0.00623	0.00654	0.00646	0.00800	0.00615	0.00485	0.01490	0.01454	0.02483	0.12860	0.02830	0.02377	0.00855	0.00508	0.00162	0.00307	0.00702	0.68353	0.00615
86	0.01760	0.77260	0.03450	0.01126	0.01690	0.02605	0.01126	0.01971	0.01338	0.01549	0.00915	0.01056	0.00845	0.00563	0.00422	0.00141	0.00704	0.00352	0.00282	0.00845
87	0.01027	0.00737	0.01020	0.01167	0.01309	0.00730	0.00999	0.01307	0.01490	0.01936	0.03596	0.14235	0.05918	0.01838	0.00898	0.00297	0.00576	0.59717	0.00607	0.00598
88	0.02503	0.01844	0.01976	0.01515	0.02042	0.02042	0.01251	0.70562	0.03095	0.04149	0.01581	0.01581	0.01120	0.00790	0.00659	0.00198	0.00724	0.00593	0.00659	0.01120
89	0.01681	0.01504	0.01508	0.01358	0.01729	0.05440	0.01054	0.03453	0.67916	0.02694	0.02592	0.02390	0.01949	0.00882	0.00666	0.00220	0.00556	0.00728	0.00653	0.01027
90	0.08848	0.01798	0.01895	0.01463	0.01980	0.01996	0.01208	0.65051	0.02937	0.04053	0.01527	0.01540	0.01087	0.00776	0.00638	0.00198	0.00707	0.00574	0.00638	0.01087
91	0.01608	0.01543	0.02634	0.07935	0.69028	0.01559	0.02010	0.02002	0.01489	0.02125	0.01235	0.01636	0.01034	0.00590	0.00652	0.00197	0.00787	0.00586	0.00324	0.01026
92	0.01365	0.01170	0.01365	0.00975	0.01560	0.00878	0.00780	0.01658	0.01365	0.02145	0.01170	0.01365	0.00975	0.00488	0.00488	0.00098	0.00488	0.00390	0.00390	0.80888
93	0.02767	0.01179	0.01644	0.01267	0.01773	0.01062	0.04492	0.03178	0.08008	0.63400	0.02540	0.02236	0.01631	0.00809	0.00669	0.00206	0.00585	0.00675	0.00778	0.01102
94	0.48044	0.01339	0.01234	0.01047	0.01459	0.01502	0.00853	0.15905	0.07221	0.06807	0.07578	0.01683	0.01430	0.00745	0.00525	0.00204	0.00539	0.00524	0.00528	0.00834
95	0.19867	0.04250	0.01652	0.01401	0.01797	0.41894	0.01089	0.04682	0.01717	0.12109	0.01238	0.01324	0.00940	0.00679	0.00557	0.00180	0.00905	0.00445	0.00431	0.02843

[dist]
# distance from previous block
# <min> <max>
0	5

[block]
# block no. 3 follows, 33 sequences, length 98
# corresponding to MSA columns:
# 459-556
name=unknown_D
#
# <colnr> <probs for GDERKNQSTAVLIFYWHMCP>
#	G	D	E	R	K	N	Q	S	T	A	V	L	I	F	Y	W	H	M	C	P
0	0.11765	0.16127	0.15008	0.01429	0.01964	0.25857	0.01334	0.02431	0.01596	0.14827	0.01303	0.01377	0.00970	0.00664	0.00558	0.00182	0.00864	0.00457	0.00412	0.00875
1	0.01785	0.74659	0.03394	0.01146	0.01702	0.05118	0.01132	0.01994	0.01356	0.01551	0.00919	0.01061	0.00845	0.00567	0.00428	0.00142	0.00721	0.00355	0.00284	0.00842
2	0.01243	0.01170	0.01975	0.75282	0.04534	0.01463	0.01828	0.01682	0.01316	0.01682	0.01170	0.01755	0.00878	0.00658	0.00658	0.00219	0.00878	0.00585	0.00293	0.00731
3	0.02911	0.01140	0.01600	0.01220	0.01734	0.00989	0.03087	0.03175	0.01874	0.71042	0.02559	0.02227	0.01610	0.00807	0.00666	0.00204	0.00577	0.00666	0.00800	0.01113
4	0.01643	0.01574	0.02697	0.06208	0.63919	0.01584	0.06056	0.04418	0.01552	0.02203	0.01254	0.01640	0.01037	0.00594	0.00660	0.00198	0.00803	0.00598	0.00337	0.01026
5	0.01583	0.01517	0.02588	0.12591	0.64569	0.01552	0.01997	0.01980	0.01477	0.02094	0.01230	0.01644	0.01023	0.00595	0.00653	0.00198	0.00794	0.00586	0.00322	0.01005
6	0.00952	0.00658	0.00820	0.00820	0.00855	0.00694	0.00526	0.01023	0.00988	0.01352	0.01981	0.03792	0.02169	0.55289	0.24619	0.00764	0.00976	0.00882	0.00385	0.00456
7	0.81514	0.01273	0.00968	0.00866	0.01273	0.01477	0.00713	0.01935	0.01120	0.02954	0.00917	0.01069	0.00713	0.00611	0.00407	0.00204	0.00509	0.00356	0.00407	0.00713
8	0.01760	0.77260	0.03450	0.01126	0.01690	0.02605	0.01126	0.01971	0.01338	0.01549	0.00915	0.01056	0.00845	0.00563	0.00422	0.00141	0.00704	0.00352	0.00282	0.00845
9	0.01238	0.00985	0.01134	0.01052	0.01300	0.01042	0.00813	0.04474	0.27203	0.02624	0.35253	0.05873	0.08242	0.01224	0.00742	0.00220	0.00421	0.04687	0.00687	0.00785
10	0.01372	0.01192	0.01457	0.01041	0.01629	0.00906	0.03313	0.01674	0.01372	0.02144	0.01176	0.01380	0.00976	0.00490	0.00498	0.00102	0.00510	0.00404	0.00388	0.77976
11	0.02503	0.01844	0.01976	0.01515	0.02042	0.02042	0.01251	0.70562	0.03095	0.04149	0.01581	0.01581	0.01120	0.00790	0.00659	0.00198	0.00724	0.00593	0.00659	0.01120
12	0.01467	0.06888	0.47730	0.02061	0.02910	0.01606	0.21248	0.02125	0.01450	0.04556	0.01259	0.01509	0.00908	0.00609	0.00658	0.00208	0.00982	0.00566	0.00312	0.00947
13	0.01423	0.01168	0.01371	0.00982	0.01565	0.00881	0.00787	0.01714	0.01384	0.04732	0.01222	0.01397	0.00999	0.00499	0.00494	0.00101	0.00490	0.00400	0.00405	0.77985
14	0.02503	0.01844	0.01976	0.01515	0.02042	0.02042	0.01251	0.70562	0.03095	0.04149	0.01581	0.01581	0.01120	0.00790	0.00659	0.00198	0.00724	0.00593	0.00659	0.01120
15	0.01667	0.61653	0.18243	0.01285	0.01935	0.02378	0.01402	0.01995	0.01349	0.01662	0.00971	0.01127	0.00843	0.00576	0.00465	0.00155	0.00761	0.00380	0.00281	0.00872
16	0.01637	0.01414	0.01489	0.01340	0.01712	0.01637	0.01042	0.03498	0.71568	0.02754	0.02679	0.02456	0.02010	0.00893	0.00670	0.00223	0.00521	0.00744	0.00670	0.01042
17	0.00802	0.00573	0.00764	0.00917	0.00955	0.00535	0.00611	0.00917	0.01260	0.01681	0.03628	0.76434	0.04354	0.02062	0.00840	0.00267	0.00382	0.01872	0.00611	0.00535
18	0.00957	0.00638	0.00718	0.00718	0.00718	0.00638	0.00399	0.00957	0.00957	0.01276	0.02074	0.04308	0.02393	0.76864	0.03351	0.00638	0.00638	0.00957	0.00399	0.00399
19	0.00802	0.00573	0.00764	0.00917	0.00955	0.00535	0.00611	0.00917	0.01260	0.01681	0.03628	0.76434	0.04354	0.02062	0.00840	0.00267	0.00382	0.01872	0.00611	0.00535
20	0.81514	0.01273	0.00968	0.00866	0.01273	0.01477	0.00713	0.01935	0.01120	0.02954	0.00917	0.01069	0.00713	0.00611	0.00407	0.00204	0.00509	0.00356	0.00407	0.00713
21	0.02459	0.03138	0.01866	0.01696	0.02035	0.74221	0.01272	0.02629	0.01866	0.01611	0.01018	0.01187	0.00848	0.00678	0.00594	0.00170	0.01187	0.00424	0.00339	0.00763
22	0.00802	0.00573	0.00764	0.00917	0.00955	0.00535	0.00611	0.00917	0.01260	0.01681	0.03628	0.76434	0.04354	0.02062	0.00840	0.00267	0.00382	0.01872	0.00611	0.00535
23	0.02503	0.01844	0.01976	0.01515	0.02042	0.02042	0.01251	0.70562	0.03095	0.04149	0.01581	0.01581	0.01120	0.00790	0.00659	0.00198	0.00724	0.00593	0.00659	0.01120
24	0.00957	0.00638	0.00718	0.00718	0.00718	0.00638	0.00399	0.00957	0.00957	0.01276	0.02074	0.04308	0.02393	0.76864	0.03351	0.00638	0.00638	0.00957	0.00399	0.00399
25	0.04900	0.07920	0.08231	0.01648	0.02059	0.60795	0.01346	0.02516	0.01765	0.01693	0.01022	0.01193	0.00842	0.00664	0.00579	0.00172	0.01115	0.00423	0.00332	0.00785
26	0.02799	0.01155	0.01523	0.01191	0.01684	0.01046	0.00976	0.03242	0.10084	0.64922	0.02607	0.02266	0.01674	0.00824	0.00663	0.00206	0.00556	0.00672	0.00798	0.01111
27	0.01794	0.59513	0.11494	0.01284	0.01868	0.11228	0.01298	0.02065	0.01408	0.01620	0.00959	0.01111	0.00844	0.00585	0.00467	0.00152	0.00795	0.00377	0.00288	0.00850
28	0.01277	0.01204	0.02035	0.69097	0.10457	0.01471	0.01845	0.01711	0.01332	0.01723	0.01176	0.01744	0.00892	0.00652	0.00658	0.00217	0.00869	0.00585	0.00295	0.00758
29	0.01760	0.77260	0.03450	0.01126	0.01690	0.02605	0.01126	0.01971	0.01338	0.01549	0.00915	0.01056	0.00845	0.00563	0.00422	0.00141	0.00704	0.00352	0.00282	0.00845
30	0.02199	0.02440	0.06860	0.01706	0.02156	0.38214	0.09459	0.06981	0.09787	0.09648	0.03251	0.01646	0.01232	0.00723	0.00642	0.00191	0.00970	0.00562	0.00453	0.00881
31	0.00802	0.00644	0.00717	0.00749	0.00917	0.00558	0.00543	0.00973	0.01482	0.01855	0.13632	0.23998	0.47361	0.01730	0.00794	0.00232	0.00343	0.01489	0.00625	0.00558
32	0.01108	0.00808	0.01040	0.00986	0.01078	0.00906	0.00710	0.06716	0.01173	0.01628	0.01808	0.03138	0.01855	0.34186	0.32665	0.03045	0.05417	0.00790	0.00391	0.00551
33	0.01359	0.09839	0.67355	0.01811	0.02748	0.01623	0.02319	0.02075	0.01385	0.02038	0.01158	0.01361	0.00835	0.00620	0.00608	0.00203	0.00950	0.00475	0.00278	0.00962
34	0.00907	0.00699	0.00846	0.00925	0.01069	0.00663	0.00696	0.01200	0.06220	0.01869	0.06431	0.34066	0.25099	0.01792	0.00821	0.00256	0.00419	0.14812	0.00617	0.00593
35	0.00957	0.00638	0.00718	0.00718	0.00718	0.00638	0.00399	0.00957	0.00957	0.01276	0.02074	0.04308	0.02393	0.76864	0.03351	0.00638	0.00638	0.00957	0.00399	0.00399
36	0.18043	0.01587	0.01717	0.01406	0.04137	0.01714	0.01118	0.42252	0.02429	0.16787	0.01630	0.01606	0.01133	0.00753	0.00610	0.00200	0.00653	0.00559	0.00628	0.01038
37	0.01649	0.04298	0.13468	0.03256	0.50809	0.01551	0.01923	0.04456	0.01539	0.04688	0.01275	0.01579	0.01024	0.00602	0.00632	0.00191	0.00783	0.00556	0.00349	0.05374
38	0.01165	0.01020	0.01452	0.01306	0.01364	0.01296	0.02773	0.01321	0.01029	0.01513	0.01449	0.02459	0.01466	0.18465	0.27784	0.00632	0.31853	0.00707	0.00335	0.00610
39	0.81514	0.01273	0.00968	0.00866	0.01273	0.01477	0.00713	0.01935	0.01120	0.02954	0.00917	0.01069	0.00713	0.00611	0.00407	0.00204	0.00509	0.00356	0.00407	0.00713
40	0.01487	0.05547	0.61859	0.01818	0.02707	0.06480	0.02238	0.06563	0.01531	0.02171	0.01188	0.01378	0.00854	0.00638	0.00619	0.00203	0.00963	0.00485	0.00307	0.00964
41	0.00836	0.00669	0.00747	0.00728	0.00925	0.00580	0.00546	0.01057	0.01638	0.02104	0.31488	0.05800	0.47469	0.01546	0.00777	0.00217	0.00325	0.01314	0.00654	0.00580
42	0.00864	0.00670	0.00786	0.00757	0.00942	0.00592	0.00568	0.01112	0.01704	0.02261	0.43521	0.05541	0.35337	0.01487	0.00777	0.00214	0.00321	0.01278	0.00675	0.00592
43	0.02503	0.01844	0.01976	0.01515	0.02042	0.02042	0.01251	0.70562	0.03095	0.04149	0.01581	0.01581	0.01120	0.00790	0.00659	0.00198	0.00724	0.00593	0.00659	0.01120
44	0.00932	0.00673	0.00880	0.00828	0.00984	0.00621	0.00621	0.01242	0.01863	0.02640	0.72410	0.04918	0.06212	0.01346	0.00776	0.00207	0.00311	0.01191	0.00725	0.00621
45	0.01243	0.01170	0.01975	0.75282	0.04534	0.01463	0.01828	0.01682	0.01316	0.01682	0.01170	0.01755	0.00878	0.00658	0.00658	0.00219	0.00878	0.00585	0.00293	0.00731
46	0.00788	0.00644	0.00696	0.00732	0.00908	0.00552	0.00531	0.00946	0.01452	0.01778	0.07697	0.23422	0.54060	0.01755	0.00793	0.00233	0.00345	0.01502	0.00614	0.00552
47	0.01365	0.01170	0.01365	0.00975	0.01560	0.00878	0.00780	0.01658	0.01365	0.02145	0.01170	0.01365	0.00975	0.00488	0.00488	0.00098	0.00488	0.00390	0.00390	0.80888
48	0.01637	0.01414	0.01489	0.01340	0.01712	0.01637	0.01042	0.03498	0.71568	0.02754	0.02679	0.02456	0.02010	0.00893	0.00670	0.00223	0.00521	0.00744	0.00670	0.01042
49	0.01476	0.01500	0.02011	0.01727	0.01739	0.04554	0.01434	0.01621	0.01038	0.01585	0.00870	0.01431	0.00864	0.01136	0.02105	0.00284	0.73042	0.00571	0.00290	0.00722
50	0.01365	0.01170	0.01365	0.00975	0.01560	0.00878	0.00780	0.01658	0.01365	0.02145	0.01170	0.01365	0.00975	0.00488	0.00488	0.00098	0.00488	0.00390	0.00390	0.80888
51	0.01320	0.03405	0.73453	0.01876	0.02849	0.01529	0.02432	0.02085	0.01390	0.02085	0.01181	0.01390	0.00834	0.00625	0.00625	0.00208	0.00973	0.00486	0.00278	0.00973
52	0.01693	0.01442	0.01520	0.01351	0.01733	0.01663	0.01055	0.07808	0.67168	0.02844	0.02609	0.02400	0.01952	0.00887	0.00669	0.00222	0.00534	0.00735	0.00669	0.01047
53	0.01534	0.03171	0.55272	0.01919	0.02764	0.11255	0.08213	0.04566	0.01528	0.02096	0.01187	0.01404	0.00860	0.00632	0.00636	0.00204	0.01005	0.00507	0.00304	0.00943
54	0.01554	0.01776	0.03885	0.02775	0.03441	0.01665	0.70366	0.02109	0.01554	0.02109	0.01332	0.01776	0.00999	0.00555	0.00777	0.00222	0.01110	0.00777	0.00333	0.00888
55	0.01365	0.01170	0.01365	0.00975	0.01560	0.00878	0.00780	0.01658	0.01365	0.02145	0.01170	0.01365	0.00975	0.00488	0.00488	0.00098	0.00488	0.00390	0.00390	0.80888
56	0.01629	0.01564	0.02672	0.04041	0.72757	0.01564	0.02020	0.02020	0.01499	0.02151	0.01238	0.01629	0.01043	0.00587	0.00652	0.00196	0.00782	0.00587	0.00326	0.01043
57	0.81514	0.01273	0.00968	0.00866	0.01273	0.01477	0.00713	0.01935	0.01120	0.02954	0.00917	0.01069	0.00713	0.00611	0.00407	0.00204	0.00509	0.00356	0.00407	0.00713
58	0.00957	0.00638	0.00718	0.00718	0.00718	0.00638	0.00399	0.00957	0.00957	0.01276	0.02074	0.04308	0.02393	0.76864	0.03351	0.00638	0.00638	0.00957	0.00399	0.00399
59	0.81514	0.01273	0.00968	0.00866	0.01273	0.01477	0.00713	0.01935	0.01120	0.02954	0.00917	0.01069	0.00713	0.00611	0.00407	0.00204	0.00509	0.00356	0.00407	0.00713
60	0.00940	0.00705	0.01058	0.01058	0.01176	0.00823	0.00823	0.01176	0.01058	0.01528	0.01763	0.02586	0.01646	0.04937	0.74255	0.01058	0.01763	0.00705	0.00353	0.00588
61	0.00932	0.00673	0.00880	0.00828	0.00984	0.00621	0.00621	0.01242	0.01863	0.02640	0.72410	0.04918	0.06212	0.01346	0.00776	0.00207	0.00311	0.01191	0.00725	0.00621
62	0.01554	0.01776	0.03885	0.02775	0.03441	0.01665	0.70366	0.02109	0.01554	0.02109	0.01332	0.01776	0.00999	0.00555	0.00777	0.00222	0.01110	0.00777	0.00333	0.00888
63	0.00944	0.00692	0.00991	0.00991	0.01086	0.00787	0.00739	0.01133	0.01038	0.01479	0.01825	0.02925	0.01793	0.19090	0.60303	0.00975	0.01542	0.00755	0.00362	0.00551
64	0.37722	0.01451	0.01401	0.01164	0.01609	0.01625	0.00949	0.22311	0.14049	0.09388	0.01564	0.01562	0.01137	0.00730	0.00549	0.00205	0.00578	0.00520	0.00562	0.00924
65	0.02436	0.07227	0.02020	0.01572	0.02016	0.34806	0.01253	0.35396	0.02426	0.02833	0.01283	0.01369	0.00979	0.00725	0.00614	0.00181	0.00933	0.00501	0.00490	0.00940
66	0.00922	0.00735	0.00931	0.00879	0.01078	0.00673	0.03058	0.01233	0.04214	0.02222	0.35914	0.09254	0.30187	0.01483	0.00783	0.00222	0.00373	0.04568	0.00655	0.00616
67	0.01512	0.29975	0.46187	0.01601	0.02408	0.04022	0.01929	0.02060	0.01385	0.01878	0.01081	0.01264	0.00838	0.00605	0.00551	0.00183	0.00882	0.00436	0.00281	0.00921
68	0.01876	0.49767	0.12348	0.01322	0.01926	0.04473	0.01329	0.16134	0.01722	0.02157	0.01090	0.01212	0.00900	0.00622	0.00503	0.00162	0.00758	0.00421	0.00360	0.00916
69	0.02940	0.01142	0.01541	0.01182	0.01691	0.01000	0.00976	0.05250	0.01921	0.71120	0.02566	0.02221	0.01614	0.00814	0.00662	0.00204	0.00565	0.00660	0.00810	0.01120
70	0.01598	0.01644	0.03109	0.03347	0.39422	0.01611	0.30614	0.02146	0.05739	0.02169	0.01364	0.01741	0.01083	0.00592	0.00705	0.00208	0.00904	0.00676	0.00350	0.00978
71	0.01785	0.01629	0.02535	0.03656	0.62295	0.05492	0.01890	0.04116	0.01590	0.06746	0.01324	0.01643	0.01072	0.00612	0.00649	0.00195	0.00788	0.00583	0.00368	0.01035
72	0.02954	0.01120	0.01528	0.01171	0.01681	0.00968	0.00968	0.03208	0.01884	0.73213	0.02597	0.02241	0.01630	0.00815	0.00662	0.00204	0.00560	0.00662	0.00815	0.01120
73	0.00821	0.00581	0.00758	0.00892	0.00926	0.00547	0.00585	0.00922	0.01223	0.01631	0.03437	0.67560	0.04113	0.11265	0.01149	0.00313	0.00413	0.01759	0.00585	0.00518
74	0.01553	0.40234	0.34676	0.01550	0.02302	0.02074	0.05475	0.02029	0.01373	0.01818	0.01057	0.01244	0.00848	0.00591	0.00532	0.00175	0.00846	0.00435	0.00283	0.00904
75	0.12079	0.01200	0.01529	0.01252	0.03982	0.01117	0.00991	0.07424	0.01861	0.58147	0.02290	0.02040	0.01470	0.00782	0.00632	0.00203	0.00572	0.00619	0.00741	0.01070
76	0.00802	0.00573	0.00764	0.00917	0.00955	0.00535	0.00611	0.00917	0.01260	0.01681	0.03628	0.76434	0.04354	0.02062	0.00840	0.00267	0.00382	0.01872	0.00611	0.00535
77	0.01554	0.01776	0.03885	0.02775	0.03441	0.01665	0.70366	0.02109	0.01554	0.02109	0.01332	0.01776	0.00999	0.00555	0.00777	0.00222	0.01110	0.00777	0.00333	0.00888
78	0.81514	0.01273	0.00968	0.00866	0.01273	0.01477	0.00713	0.01935	0.01120	0.02954	0.00917	0.01069	0.00713	0.00611	0.00407	0.00204	0.00509	0.00356	0.00407	0.00713
79	0.01339	0.03103	0.62446	0.01854	0.02677	0.01604	0.02279	0.02008	0.01331	0.02008	0.01133	0.01398	0.00839	0.00707	0.00862	0.00221	0.12481	0.00500	0.00280	0.00934
80	0.00997	0.00747	0.01092	0.01075	0.01207	0.00867	0.00839	0.03709	0.01132	0.01624	0.01757	0.02550	0.01627	0.04786	0.71568	0.01027	0.01725	0.00701	0.00364	0.00607
81	0.00784	0.00662	0.00679	0.00685	0.00896	0.00557	0.00510	0.00952	0.01499	0.01799	0.08516	0.10105	0.66755	0.01679	0.00781	0.00224	0.00335	0.01410	0.00615	0.00557
82	0.01843	0.61909	0.07015	0.01254	0.01806	0.13497	0.01220	0.02078	0.01421	0.01588	0.00945	0.01094	0.00845	0.00584	0.00460	0.00149	0.00793	0.00370	0.00290	0.00839
83	0.02434	0.05844	0.01923	0.01675	0.02023	0.71606	0.01267	0.02605	0.01846	0.01609	0.01014	0.01182	0.00848	0.00674	0.00587	0.00169	0.01170	0.00421	0.00337	0.00766
84	0.01243	0.01170	0.01975	0.75282	0.04534	0.01463	0.01828	0.01682	0.01316	0.01682	0.01170	0.01755	0.00878	0.00658	0.00658	0.00219	0.00878	0.00585	0.00293	0.00731
85	0.01416	0.01169	0.01370	0.00981	0.01564	0.00880	0.00786	0.01707	0.01382	0.04428	0.01216	0.01393	0.00996	0.00498	0.00493	0.00101	0.00490	0.00399	0.00404	0.78326
86	0.00923	0.00673	0.00868	0.00819	0.00978	0.00618	0.00615	0.01226	0.01844	0.02593	0.68834	0.04995	0.09817	0.01363	0.00777	0.00208	0.00312	0.01201	0.00719	0.00618
87	0.01243	0.01170	0.01975	0.75282	0.04534	0.01463	0.01828	0.01682	0.01316	0.01682	0.01170	0.01755	0.00878	0.00658	0.00658	0.00219	0.00878	0.00585	0.00293	0.00731
88	0.00801	0.00579	0.00758	0.00901	0.00951	0.00536	0.00604	0.00918	0.01276	0.01687	0.03824	0.71930	0.08732	0.02037	0.00836	0.00264	0.00379	0.01841	0.00611	0.00536
89	0.01760	0.77260	0.03450	0.01126	0.01690	0.02605	0.01126	0.01971	0.01338	0.01549	0.00915	0.01056	0.00845	0.00563	0.00422	0.00141	0.00704	0.00352	0.00282	0.00845
90	0.00951	0.00664	0.00848	0.00848	0.00892	0.00709	0.00560	0.01041	0.00996	0.01372	0.01956	0.03652	0.02109	0.49454	0.30371	0.00798	0.01067	0.00861	0.00381	0.00471
91	0.02503	0.01844	0.01976	0.01515	0.02042	0.02042	0.01251	0.70562	0.03095	0.04149	0.01581	0.01581	0.01120	0.00790	0.00659	0.00198	0.00724	0.00593	0.00659	0.01120
92	0.01758	0.01446	0.01527	0.01320	0.01714	0.01634	0.01042	0.18441	0.49924	0.02984	0.02782	0.02599	0.08003	0.00938	0.00677	0.00217	0.00551	0.00767	0.00662	0.01017
93	0.01365	0.01170	0.01365	0.00975	0.01560	0.00878	0.00780	0.01658	0.01365	0.02145	0.01170	0.01365	0.00975	0.00488	0.00488	0.00098	0.00488	0.00390	0.00390	0.80888
94	0.01394	0.01324	0.02246	0.47513	0.31127	0.01502	0.01903	0.01814	0.01388	0.01865	0.01197	0.01706	0.00942	0.00630	0.00656	0.00210	0.00840	0.00586	0.00306	0.00853
95	0.01413	0.01267	0.01689	0.01231	0.01807	0.01043	0.09452	0.01878	0.07670	0.02195	0.01325	0.01514	0.01071	0.00532	0.00540	0.00124	0.00568	0.00470	0.00408	0.63800
96	0.09086	0.06117	0.01902	0.01458	0.01928	0.31837	0.07806	0.02200	0.01587	0.04241	0.01132	0.01316	0.00915	0.00600	0.00555	0.00155	0.00857	0.00446	0.00373	0.25491
97	0.02034	0.02469	0.02252	0.06545	0.02413	0.45851	0.17683	0.02298	0.01677	0.01705	0.01195	0.01638	0.01022	0.07344	0.00884	0.00226	0.01101	0.00565	0.00340	0.00759

[dist]
# distance from previous block
# <min> <max>
18	52

[block]
# block no. 4 follows, 33 sequences, length 12
# corresponding to MSA columns:
# 620-631
name=unknown_E
#
# <colnr> <probs for GDERKNQSTAVLIFYWHMCP>
#	G	D	E	R	K	N	Q	S	T	A	V	L	I	F	Y	W	H	M	C	P
0	0.01868	0.01456	0.01660	0.09398	0.02039	0.01601	0.01128	0.33317	0.16385	0.03022	0.01775	0.02060	0.01404	0.08235	0.03933	0.00273	0.00712	0.00643	0.00558	0.08531
1	0.66344	0.01348	0.01140	0.00974	0.01404	0.01534	0.00803	0.11911	0.01442	0.06485	0.01093	0.01199	0.00816	0.00647	0.00456	0.00203	0.00543	0.00405	0.00463	0.00791
2	0.02431	0.01809	0.01936	0.01500	0.02014	0.02008	0.01234	0.65032	0.08742	0.04034	0.01671	0.01653	0.01193	0.00799	0.00659	0.00200	0.00708	0.00605	0.00659	0.01113
3	0.81514	0.01273	0.00968	0.00866	0.01273	0.01477	0.00713	0.01935	0.01120	0.02954	0.00917	0.01069	0.00713	0.00611	0.00407	0.00204	0.00509	0.00356	0.00407	0.00713
4	0.02784	0.01392	0.01696	0.01300	0.01816	0.01370	0.01074	0.28468	0.02338	0.47312	0.02216	0.01993	0.01438	0.00806	0.00661	0.00201	0.00622	0.00636	0.00756	0.01120
5	0.02459	0.03138	0.01866	0.01696	0.02035	0.74221	0.01272	0.02629	0.01866	0.01611	0.01018	0.01187	0.00848	0.00678	0.00594	0.00170	0.01187	0.00424	0.00339	0.00763
6	0.02266	0.02127	0.01857	0.01556	0.01985	0.26260	0.03666	0.24218	0.19650	0.07152	0.01719	0.01714	0.01277	0.00771	0.00644	0.00196	0.00834	0.00584	0.00551	0.00971
7	0.02804	0.01360	0.01676	0.01285	0.01800	0.01323	0.01061	0.25492	0.02285	0.50364	0.02261	0.02022	0.01461	0.00807	0.00661	0.00202	0.00615	0.00639	0.00763	0.01120
8	0.01365	0.01170	0.01365	0.00975	0.01560	0.00878	0.00780	0.01658	0.01365	0.02145	0.01170	0.01365	0.00975	0.00488	0.00488	0.00098	0.00488	0.00390	0.00390	0.80888
9	0.00811	0.00580	0.00772	0.00911	0.00957	0.00541	0.00612	0.00939	0.01301	0.01745	0.08276	0.71602	0.04480	0.02014	0.00836	0.00263	0.00377	0.01826	0.00619	0.00541
10	0.81514	0.01273	0.00968	0.00866	0.01273	0.01477	0.00713	0.01935	0.01120	0.02954	0.00917	0.01069	0.00713	0.00611	0.00407	0.00204	0.00509	0.00356	0.00407	0.00713
11	0.01756	0.01421	0.02242	0.30019	0.26597	0.03952	0.05689	0.04632	0.01568	0.13572	0.01444	0.01767	0.01070	0.00659	0.00661	0.00207	0.00813	0.00604	0.00406	0.00923

[dist]
# distance from previous block
# <min> <max>
2	4

[block]
# block no. 5 follows, 33 sequences, length 11
# corresponding to MSA columns:
# 636-646
name=unknown_F
#
# <colnr> <probs for GDERKNQSTAVLIFYWHMCP>
#	G	D	E	R	K	N	Q	S	T	A	V	L	I	F	Y	W	H	M	C	P
0	0.02861	0.01141	0.01525	0.01183	0.01683	0.01015	0.00973	0.03229	0.06788	0.68255	0.02603	0.02256	0.01656	0.00820	0.00663	0.00205	0.00557	0.00668	0.00805	0.01115
1	0.02329	0.04753	0.04843	0.01366	0.01878	0.01610	0.01167	0.31468	0.08406	0.22677	0.01849	0.01786	0.01293	0.00779	0.00697	0.00195	0.03786	0.00593	0.00633	0.07892
2	0.00957	0.00638	0.00718	0.00718	0.00718	0.00638	0.00399	0.00957	0.00957	0.01276	0.02074	0.04308	0.02393	0.76864	0.03351	0.00638	0.00638	0.00957	0.00399	0.00399
3	0.02098	0.01653	0.07575	0.02064	0.08552	0.01477	0.24541	0.11074	0.07048	0.24247	0.01833	0.01905	0.01275	0.00697	0.00697	0.00210	0.00811	0.00679	0.00542	0.01019
4	0.81514	0.01273	0.00968	0.00866	0.01273	0.01477	0.00713	0.01935	0.01120	0.02954	0.00917	0.01069	0.00713	0.00611	0.00407	0.00204	0.00509	0.00356	0.00407	0.00713
5	0.02034	0.01862	0.02216	0.01832	0.05105	0.11008	0.14423	0.27002	0.22033	0.02959	0.01760	0.01819	0.01312	0.00752	0.00676	0.00206	0.00801	0.00649	0.00545	0.01005
6	0.01629	0.01564	0.02672	0.04041	0.72757	0.01564	0.02020	0.02020	0.01499	0.02151	0.01238	0.01629	0.01043	0.00587	0.00652	0.00196	0.00782	0.00587	0.00326	0.01043
7	0.01629	0.01564	0.02672	0.04041	0.72757	0.01564	0.02020	0.02020	0.01499	0.02151	0.01238	0.01629	0.01043	0.00587	0.00652	0.00196	0.00782	0.00587	0.00326	0.01043
