[name]
unknown

[dist]
# distance from previous block
# <min> <max>
0	0

[block]
# block no. 0 follows, 28 sequences, length 25
# corresponding to MSA columns:
# 0-24
name=unknown_A
#
# <colnr> <probs for GDERKNQSTAVLIFYWHMCP>
#	G	D	E	R	K	N	Q	S	T	A	V	L	I	F	Y	W	H	M	C	P
0	0.01171	0.00837	0.01171	0.01339	0.01506	0.00837	0.01171	0.01506	0.01673	0.02175	0.03849	0.08199	0.04183	0.02008	0.01004	0.00335	0.00669	0.65027	0.00669	0.00669
1	0.01364	0.01263	0.02104	0.60414	0.09515	0.01527	0.01891	0.01804	0.01448	0.01877	0.01494	0.06117	0.01271	0.03965	0.00865	0.00263	0.00919	0.00744	0.00351	0.00806
2	0.02598	0.01954	0.02089	0.01639	0.02191	0.02177	0.01342	0.56501	0.14681	0.04315	0.01955	0.01912	0.01406	0.00892	0.00729	0.00223	0.00761	0.00683	0.00729	0.01221
3	0.01047	0.00701	0.00796	0.00805	0.00808	0.00698	0.00454	0.01055	0.01076	0.01435	0.02387	0.08667	0.02765	0.70377	0.03543	0.00682	0.00689	0.01114	0.00454	0.00449
4	0.00872	0.00740	0.00754	0.00761	0.01003	0.00623	0.00578	0.01062	0.01658	0.01972	0.07220	0.07045	0.66940	0.01848	0.00865	0.00249	0.00381	0.04138	0.00675	0.00616
5	0.01738	0.01669	0.02820	0.12084	0.58502	0.01744	0.02169	0.02160	0.01600	0.02279	0.01334	0.01803	0.01119	0.00694	0.00819	0.00225	0.05151	0.00647	0.00353	0.01091
6	0.02778	0.01882	0.02070	0.01601	0.02169	0.02042	0.01318	0.53455	0.07483	0.14643	0.01998	0.01921	0.01388	0.00884	0.00729	0.00221	0.00757	0.00677	0.00755	0.01231
7	0.01569	0.01558	0.02185	0.01879	0.01884	0.02175	0.01564	0.01732	0.01115	0.01747	0.00993	0.01640	0.00988	0.01437	0.05107	0.00352	0.70323	0.00642	0.00321	0.00789
8	0.01597	0.01510	0.02506	0.36773	0.34993	0.01679	0.02066	0.02150	0.05520	0.02168	0.01426	0.01919	0.01128	0.00705	0.00724	0.00230	0.00897	0.00657	0.00365	0.00988
9	0.01761	0.01712	0.02804	0.20590	0.44190	0.04125	0.07039	0.04843	0.01697	0.02316	0.01364	0.01826	0.01100	0.00677	0.00730	0.00224	0.00929	0.00657	0.00367	0.01049
10	0.02744	0.01860	0.02047	0.01592	0.02153	0.02019	0.01308	0.50746	0.09920	0.14918	0.02049	0.01961	0.01427	0.00889	0.00729	0.00222	0.00748	0.00684	0.00756	0.01228
11	0.06094	0.05594	0.02078	0.01700	0.02137	0.33914	0.01340	0.21681	0.10413	0.02811	0.01509	0.01607	0.01173	0.00827	0.00743	0.00209	0.04091	0.00566	0.00520	0.00993
12	0.02763	0.02036	0.02182	0.01672	0.02254	0.02254	0.01382	0.67496	0.03418	0.04581	0.01745	0.01745	0.01236	0.00873	0.00727	0.00218	0.00800	0.00654	0.00727	0.01236
13	0.01094	0.00693	0.00908	0.01002	0.01085	0.00646	0.00677	0.01228	0.01439	0.07047	0.07247	0.56485	0.04428	0.10874	0.01245	0.00336	0.00467	0.01803	0.00670	0.00626
14	0.05026	0.53674	0.20791	0.01444	0.02174	0.02521	0.01593	0.02207	0.01482	0.01926	0.01086	0.01261	0.00924	0.00642	0.00523	0.00177	0.00844	0.00427	0.00316	0.00963
15	0.07873	0.08120	0.18306	0.07247	0.02441	0.06369	0.01602	0.20715	0.02068	0.06902	0.01628	0.04813	0.01293	0.01183	0.06042	0.00292	0.00952	0.00647	0.00500	0.01008
16	0.05632	0.05564	0.02134	0.01756	0.07205	0.08219	0.01334	0.43112	0.02753	0.03727	0.01606	0.01703	0.01198	0.00803	0.00672	0.00203	0.00796	0.00602	0.05259	0.05723
17	0.01724	0.01589	0.01835	0.01577	0.07303	0.06596	0.03373	0.05383	0.08362	0.02474	0.01467	0.01667	0.01190	0.00656	0.00676	0.00155	0.03554	0.00524	0.00460	0.49436
18	0.05358	0.05357	0.02118	0.04231	0.14128	0.07051	0.01374	0.20752	0.06044	0.08275	0.01681	0.03508	0.01316	0.00780	0.00668	0.00197	0.00761	0.00625	0.00549	0.15226
19	0.07827	0.01735	0.02199	0.24599	0.24352	0.11266	0.01726	0.04079	0.01658	0.02246	0.01582	0.01958	0.04393	0.00746	0.00685	0.00214	0.00884	0.00630	0.00389	0.06832
20	0.07766	0.05176	0.04074	0.01525	0.04911	0.04513	0.01197	0.14372	0.07467	0.06964	0.02301	0.05299	0.08441	0.04098	0.01135	0.02949	0.11169	0.00776	0.00543	0.05324
21	0.02101	0.01744	0.01654	0.01406	0.01798	0.14977	0.01100	0.14018	0.10924	0.10842	0.05267	0.02499	0.04367	0.04960	0.07647	0.00324	0.03060	0.00725	0.02434	0.08152
22	0.05038	0.06626	0.05032	0.01560	0.05178	0.14671	0.01218	0.16037	0.03682	0.02701	0.10126	0.04569	0.04275	0.05096	0.00916	0.00234	0.03217	0.00744	0.00533	0.08547
23	0.02043	0.08971	0.06844	0.05912	0.07990	0.10111	0.07278	0.20910	0.05195	0.02748	0.01596	0.02060	0.01327	0.09678	0.01056	0.00269	0.00897	0.00664	0.00487	0.03965
24	0.04637	0.03715	0.08263	0.06005	0.06294	0.11597	0.04145	0.15998	0.02010	0.08150	0.01807	0.05427	0.03234	0.01087	0.04042	0.00259	0.03785	0.00694	0.00509	0.08343

[dist]
# distance from previous block
# <min> <max>
14	66

[block]
# block no. 1 follows, 28 sequences, length 13
# corresponding to MSA columns:
# 116-128
name=unknown_B
#
# <colnr> <probs for GDERKNQSTAVLIFYWHMCP>
#	G	D	E	R	K	N	Q	S	T	A	V	L	I	F	Y	W	H	M	C	P
0	0.04948	0.07701	0.01710	0.06399	0.04414	0.11651	0.01116	0.09609	0.01823	0.02314	0.03129	0.09612	0.18379	0.01213	0.00798	0.00225	0.03628	0.03925	0.00527	0.06880
1	0.09959	0.08587	0.10947	0.01807	0.09893	0.13214	0.01424	0.07708	0.05827	0.04261	0.01548	0.03811	0.01300	0.03496	0.04481	0.00268	0.00900	0.00605	0.00449	0.09515
2	0.01894	0.10382	0.06060	0.02168	0.14164	0.08255	0.08356	0.13927	0.05480	0.02591	0.01987	0.04730	0.04013	0.01095	0.03394	0.00257	0.00899	0.06079	0.00490	0.03776
3	0.19809	0.01318	0.01613	0.01300	0.01770	0.01293	0.06797	0.07469	0.05284	0.15183	0.06680	0.08655	0.05539	0.00976	0.00679	0.00216	0.00610	0.00813	0.00614	0.13381
4	0.01950	0.01391	0.01665	0.01310	0.01806	0.01321	0.03067	0.19252	0.05617	0.10910	0.04442	0.09963	0.03862	0.03446	0.00800	0.00210	0.00622	0.00817	0.00624	0.26926
5	0.01768	0.01563	0.02338	0.21140	0.30552	0.01650	0.01793	0.13559	0.01902	0.02601	0.01830	0.02167	0.05932	0.00783	0.00717	0.00216	0.00818	0.00693	0.00443	0.07534
6	0.01660	0.01580	0.02668	0.08001	0.02689	0.01764	0.22066	0.05416	0.01533	0.04438	0.01474	0.05217	0.01282	0.01197	0.05125	0.00308	0.25024	0.00768	0.00405	0.07384
7	0.02471	0.01749	0.01919	0.01541	0.02037	0.01908	0.01245	0.46708	0.10969	0.09579	0.02249	0.10326	0.01818	0.01052	0.00752	0.00231	0.00714	0.00845	0.00737	0.01151
8	0.10844	0.01335	0.01504	0.01158	0.01718	0.01178	0.00935	0.09429	0.01745	0.08681	0.01684	0.05228	0.01430	0.00767	0.00604	0.00163	0.00578	0.03297	0.00529	0.47195
9	0.20824	0.02094	0.01932	0.01647	0.04783	0.12705	0.01279	0.39558	0.02625	0.03752	0.01462	0.01548	0.01081	0.00798	0.00651	0.00215	0.00825	0.00564	0.00593	0.01067
10	0.01100	0.00768	0.00870	0.00876	0.00915	0.00784	0.00527	0.01286	0.06739	0.01598	0.02546	0.12638	0.02859	0.59921	0.03130	0.00619	0.00661	0.01155	0.00493	0.00517
11	0.01605	0.25290	0.50444	0.01821	0.02759	0.02048	0.02249	0.02264	0.01517	0.02123	0.01216	0.01423	0.00924	0.00670	0.00623	0.00208	0.00984	0.00492	0.00308	0.01031
12	0.02461	0.01886	0.02098	0.01621	0.02144	0.02081	0.01337	0.51166	0.02897	0.03959	0.01593	0.01696	0.01182	0.00875	0.00895	0.00215	0.09178	0.00623	0.00640	0.11453

[dist]
# distance from previous block
# <min> <max>
7	17

[block]
# block no. 2 follows, 28 sequences, length 12
# corresponding to MSA columns:
# 146-157
name=unknown_C
#
# <colnr> <probs for GDERKNQSTAVLIFYWHMCP>
#	G	D	E	R	K	N	Q	S	T	A	V	L	I	F	Y	W	H	M	C	P
0	0.01731	0.01740	0.02519	0.19666	0.42796	0.09040	0.01973	0.02131	0.01652	0.02163	0.01755	0.02153	0.06006	0.00762	0.00724	0.00221	0.00900	0.00692	0.00376	0.01001
1	0.00881	0.00651	0.00825	0.00963	0.01042	0.00595	0.00653	0.01018	0.01439	0.01875	0.04600	0.62138	0.16266	0.02200	0.00916	0.00286	0.00412	0.01972	0.00675	0.00595
2	0.01057	0.00705	0.00793	0.00793	0.00793	0.00705	0.00440	0.01057	0.01057	0.01409	0.02290	0.04757	0.02643	0.74454	0.03700	0.00705	0.00705	0.01057	0.00440	0.00440
3	0.01798	0.01804	0.02698	0.18846	0.49350	0.08558	0.02104	0.02217	0.01652	0.02205	0.01327	0.01781	0.01091	0.00675	0.00715	0.00219	0.00930	0.00630	0.00353	0.01047
4	0.01824	0.01838	0.02725	0.15800	0.51681	0.09126	0.02107	0.02239	0.01664	0.02223	0.01329	0.01771	0.01098	0.00672	0.00714	0.00217	0.00929	0.00628	0.00355	0.01060
5	0.05622	0.02103	0.01890	0.01538	0.02054	0.17930	0.01223	0.26339	0.11160	0.06901	0.01712	0.01746	0.01280	0.00793	0.00667	0.00196	0.00823	0.00587	0.00593	0.14844
6	0.16170	0.01878	0.01791	0.06219	0.02125	0.12302	0.01219	0.28715	0.02424	0.09716	0.08799	0.02052	0.01743	0.00877	0.00681	0.00218	0.00781	0.00657	0.00621	0.01010
7	0.02570	0.06028	0.02033	0.01561	0.02062	0.17959	0.01259	0.26886	0.07243	0.14488	0.01824	0.01850	0.01337	0.01058	0.04289	0.00253	0.00915	0.00617	0.00620	0.05148
8	0.07674	0.09799	0.02304	0.01662	0.02186	0.10657	0.05765	0.34558	0.08432	0.03423	0.01742	0.02040	0.01373	0.00871	0.00697	0.00219	0.00846	0.04088	0.00594	0.01069
9	0.07656	0.02092	0.01886	0.04758	0.08478	0.24511	0.01321	0.07299	0.07851	0.04089	0.01503	0.01763	0.01219	0.01266	0.08266	0.00304	0.04354	0.00576	0.00455	0.10354
10	0.01701	0.01347	0.01521	0.01483	0.06132	0.05912	0.01052	0.13330	0.06773	0.06838	0.10212	0.20471	0.06440	0.04756	0.01013	0.00263	0.04531	0.01134	0.00634	0.04455
11	0.01750	0.01658	0.01777	0.07173	0.07455	0.11711	0.02853	0.07052	0.13656	0.02405	0.02051	0.08295	0.03334	0.05831	0.00895	0.00234	0.00752	0.00775	0.00511	0.19833

[dist]
# distance from previous block
# <min> <max>
9	66

[block]
# block no. 3 follows, 28 sequences, length 25
# corresponding to MSA columns:
# 224-248
name=unknown_D
#
# <colnr> <probs for GDERKNQSTAVLIFYWHMCP>
#	G	D	E	R	K	N	Q	S	T	A	V	L	I	F	Y	W	H	M	C	P
0	0.11096	0.01403	0.01637	0.04492	0.04713	0.01517	0.01123	0.15493	0.11843	0.12175	0.10520	0.02693	0.03765	0.05806	0.01004	0.00261	0.04998	0.00778	0.00640	0.04043
1	0.01971	0.01657	0.04729	0.15467	0.11047	0.03687	0.01507	0.20631	0.08711	0.07325	0.04825	0.08680	0.01846	0.00961	0.00741	0.00229	0.00769	0.00813	0.00577	0.03828
2	0.09694	0.16408	0.02615	0.11121	0.07344	0.08492	0.12592	0.04117	0.01636	0.06255	0.01551	0.06804	0.01340	0.00966	0.03218	0.00247	0.00914	0.00692	0.00426	0.03568
3	0.06451	0.01627	0.01604	0.01444	0.04193	0.10386	0.01074	0.14079	0.10418	0.02668	0.02369	0.10544	0.07022	0.04975	0.00937	0.00240	0.03978	0.00847	0.00558	0.14587
4	0.05263	0.04067	0.04255	0.08396	0.05232	0.16353	0.11393	0.10224	0.04742	0.09969	0.01636	0.04227	0.01291	0.00835	0.00825	0.00224	0.05855	0.00678	0.00492	0.04043
5	0.08255	0.06403	0.09146	0.03538	0.07312	0.10083	0.01451	0.23107	0.02205	0.06072	0.05414	0.07033	0.01683	0.00942	0.00774	0.00224	0.04083	0.00724	0.00547	0.01005
6	0.03925	0.20071	0.12514	0.01605	0.02194	0.09169	0.05724	0.10763	0.05661	0.11413	0.01764	0.02183	0.01427	0.03769	0.00789	0.00232	0.00862	0.04430	0.00505	0.01000
7	0.04542	0.13424	0.08610	0.01483	0.04862	0.07269	0.01225	0.07002	0.12344	0.02420	0.08751	0.09241	0.02294	0.06400	0.03986	0.00292	0.00775	0.00829	0.00523	0.03729
8	0.01954	0.12568	0.24098	0.04028	0.05314	0.10122	0.01735	0.13967	0.01955	0.06277	0.01861	0.07018	0.04226	0.00895	0.00691	0.00217	0.00898	0.00701	0.00469	0.01006
9	0.06923	0.05956	0.12446	0.12281	0.09268	0.06787	0.01560	0.08769	0.07953	0.02533	0.06873	0.02557	0.03911	0.03539	0.00812	0.00242	0.00810	0.03491	0.00484	0.02805
10	0.01208	0.04278	0.01161	0.01016	0.01248	0.00993	0.00745	0.04190	0.11706	0.02166	0.06451	0.22631	0.20331	0.12486	0.01241	0.00313	0.00509	0.01334	0.00625	0.05368
11	0.01442	0.01220	0.01427	0.01092	0.01643	0.00968	0.00854	0.01842	0.05489	0.02340	0.01753	0.11249	0.01643	0.00797	0.00602	0.00141	0.00525	0.00672	0.00482	0.63817
12	0.02657	0.01374	0.01676	0.01358	0.01854	0.01368	0.01097	0.09733	0.20962	0.40597	0.07135	0.02663	0.02193	0.00960	0.00741	0.00231	0.00606	0.00787	0.00831	0.01177
13	0.00884	0.00737	0.00771	0.00763	0.00997	0.00624	0.00572	0.01092	0.01716	0.02104	0.16543	0.06764	0.60357	0.01789	0.00859	0.00243	0.00364	0.01502	0.00693	0.00624
14	0.01743	0.01673	0.02836	0.11961	0.60018	0.01734	0.02182	0.02170	0.01611	0.02293	0.01343	0.01806	0.01123	0.00681	0.00786	0.00223	0.03716	0.00647	0.00354	0.01099
15	0.79588	0.01406	0.01068	0.00956	0.01406	0.01631	0.00787	0.02137	0.01237	0.03261	0.01012	0.01181	0.00787	0.00675	0.00450	0.00225	0.00562	0.00394	0.00450	0.00787
16	0.01757	0.01508	0.01600	0.01442	0.01838	0.01735	0.01120	0.03700	0.64262	0.03033	0.07304	0.02889	0.02522	0.01019	0.00747	0.00245	0.00560	0.00854	0.00744	0.01120
17	0.01087	0.00961	0.01331	0.24741	0.05082	0.00998	0.01121	0.01399	0.01637	0.02057	0.12427	0.04929	0.36767	0.01382	0.00809	0.00241	0.00584	0.01179	0.00561	0.00708
18	0.01699	0.01454	0.01643	0.01637	0.06220	0.01645	0.01202	0.03378	0.54118	0.02853	0.02997	0.06346	0.02475	0.01131	0.00775	0.00256	0.00597	0.07797	0.00705	0.01074
19	0.01590	0.01590	0.02226	0.01908	0.01908	0.02226	0.01590	0.01749	0.01113	0.01749	0.00954	0.01590	0.00954	0.01272	0.02385	0.00318	0.73123	0.00636	0.00318	0.00795
20	0.02156	0.05804	0.24589	0.01750	0.02439	0.08025	0.01747	0.30520	0.06747	0.03222	0.01619	0.01812	0.01221	0.04121	0.00833	0.00241	0.00914	0.00617	0.00529	0.01094
21	0.01263	0.00631	0.00947	0.00947	0.00947	0.00631	0.00631	0.00947	0.00947	0.01263	0.01263	0.02210	0.01263	0.02525	0.02841	0.78851	0.00631	0.00631	0.00316	0.00316
22	0.79588	0.01406	0.01068	0.00956	0.01406	0.01631	0.00787	0.02137	0.01237	0.03261	0.01012	0.01181	0.00787	0.00675	0.00450	0.00225	0.00562	0.00394	0.00450	0.00787
23	0.01973	0.34277	0.06412	0.01355	0.01894	0.06639	0.01242	0.07130	0.10275	0.07264	0.08056	0.02002	0.01780	0.00950	0.02845	0.00220	0.00780	0.00603	0.00496	0.03806
24	0.02378	0.02432	0.02251	0.04969	0.05434	0.30767	0.05493	0.14202	0.02068	0.06707	0.01362	0.01603	0.01073	0.00847	0.00973	0.00222	0.12937	0.00584	0.00460	0.03238

[dist]
# distance from previous block
# <min> <max>
21	76

[block]
# block no. 4 follows, 28 sequences, length 8
# corresponding to MSA columns:
# 341-348
name=unknown_E
#
# <colnr> <probs for GDERKNQSTAVLIFYWHMCP>
#	G	D	E	R	K	N	Q	S	T	A	V	L	I	F	Y	W	H	M	C	P
0	0.10448	0.18831	0.11455	0.01784	0.07320	0.05865	0.08679	0.06656	0.01686	0.02373	0.05146	0.13033	0.01881	0.00967	0.00679	0.00220	0.00803	0.00814	0.00451	0.00907
1	0.05573	0.05401	0.07542	0.01171	0.01458	0.07778	0.00992	0.01532	0.01615	0.02127	0.11099	0.26236	0.15593	0.01611	0.00814	0.00254	0.00599	0.07298	0.00593	0.00711
2	0.11709	0.20146	0.12067	0.08332	0.04099	0.12350	0.04532	0.03765	0.09017	0.02265	0.01353	0.01567	0.01079	0.00742	0.00695	0.00212	0.04193	0.00538	0.00398	0.00941
3	0.06629	0.08321	0.01924	0.01455	0.07059	0.01440	0.01095	0.11445	0.01836	0.10314	0.01496	0.01621	0.01155	0.00651	0.00589	0.00156	0.00633	0.00507	0.00510	0.41165
4	0.14405	0.14956	0.08410	0.01301	0.01879	0.01672	0.01192	0.09780	0.05172	0.16954	0.06917	0.01987	0.01661	0.00798	0.00622	0.00200	0.00669	0.00603	0.00576	0.10248
5	0.10046	0.01013	0.01065	0.01045	0.01233	0.04789	0.00768	0.01586	0.05219	0.03492	0.14878	0.15089	0.06589	0.13224	0.01443	0.07500	0.00573	0.07090	0.00586	0.02771
6	0.10516	0.02001	0.09591	0.20660	0.07103	0.10578	0.01645	0.15539	0.01912	0.02640	0.01515	0.06769	0.01277	0.00880	0.00775	0.00233	0.04296	0.00685	0.00452	0.00933
7	0.12905	0.01185	0.01126	0.01056	0.01335	0.06016	0.00802	0.10470	0.01853	0.02585	0.11480	0.19043	0.24434	0.01511	0.00781	0.00243	0.00531	0.01258	0.00642	0.00744

[dist]
# distance from previous block
# <min> <max>
0	4

[block]
# block no. 5 follows, 28 sequences, length 7
# corresponding to MSA columns:
# 353-359
name=unknown_F
#
# <colnr> <probs for GDERKNQSTAVLIFYWHMCP>
#	G	D	E	R	K	N	Q	S	T	A	V	L	I	F	Y	W	H	M	C	P
0	0.02109	0.06142	0.02108	0.07653	0.02305	0.12766	0.07491	0.14703	0.06859	0.10913	0.08324	0.08155	0.02092	0.00972	0.00735	0.00220	0.00812	0.00818	0.00589	0.04235
1	0.06816	0.01554	0.01850	0.16751	0.02532	0.08577	0.06862	0.13251	0.06312	0.02574	0.06065	0.07189	0.07378	0.06133	0.00958	0.00269	0.00800	0.02740	0.00532	0.00856
2	0.01550	0.01441	0.01897	0.06455	0.19554	0.07226	0.04450	0.06334	0.01763	0.02287	0.02968	0.12607	0.12548	0.01246	0.00798	0.00241	0.00742	0.09780	0.00520	0.05594
3	0.01907	0.01910	0.06746	0.13364	0.11504	0.12346	0.08225	0.07311	0.04436	0.08084	0.02025	0.05550	0.05443	0.01066	0.03196	0.00264	0.04429	0.00771	0.00475	0.00948
4	0.01546	0.08190	0.02355	0.18751	0.17693	0.04703	0.07147	0.01972	0.04202	0.02075	0.02293	0.06809	0.10223	0.00956	0.00807	0.00227	0.04150	0.00830	0.00424	0.04647
5	0.08414	0.07343	0.05999	0.14620	0.02443	0.08309	0.01371	0.09826	0.07635	0.02438	0.01952	0.05115	0.05817	0.01136	0.04066	0.00267	0.05860	0.00707	0.00469	0.06214
6	0.12708	0.01873	0.06027	0.04883	0.04787	0.06608	0.01352	0.24417	0.06620	0.08978	0.03754	0.03787	0.01474	0.00886	0.00783	0.00225	0.05080	0.00663	0.00586	0.04510

[dist]
# distance from previous block
# <min> <max>
10	45

[block]
# block no. 6 follows, 28 sequences, length 8
# corresponding to MSA columns:
# 412-419
name=unknown_G
#
# <colnr> <probs for GDERKNQSTAVLIFYWHMCP>
#	G	D	E	R	K	N	Q	S	T	A	V	L	I	F	Y	W	H	M	C	P
0	0.02000	0.01687	0.04520	0.10755	0.11220	0.03700	0.05274	0.14144	0.01899	0.11053	0.01884	0.02131	0.05288	0.00926	0.01067	0.00238	0.15578	0.00701	0.00504	0.05430
1	0.01843	0.08600	0.15193	0.04751	0.14963	0.06016	0.07664	0.09689	0.06278	0.02511	0.01438	0.01691	0.01128	0.00720	0.00751	0.00207	0.04032	0.00595	0.00421	0.11508
2	0.01542	0.01317	0.01858	0.16396	0.05552	0.01392	0.04220	0.10467	0.01715	0.02413	0.05497	0.07134	0.01760	0.01521	0.10350	0.00340	0.06311	0.00761	0.00466	0.18991
3	0.01731	0.01469	0.01887	0.10576	0.02168	0.01803	0.01352	0.18924	0.01805	0.02490	0.01896	0.06538	0.05376	0.09157	0.01709	0.00319	0.28646	0.00823	0.00481	0.00852
4	0.06072	0.05766	0.10157	0.01464	0.06243	0.04160	0.01202	0.07463	0.05838	0.06375	0.12387	0.08064	0.15072	0.01438	0.04864	0.00284	0.00717	0.00973	0.00584	0.00876
5	0.01610	0.01486	0.05544	0.08054	0.05693	0.08067	0.01238	0.04763	0.04257	0.06792	0.01936	0.07908	0.01786	0.10558	0.17837	0.00505	0.05177	0.00810	0.00466	0.05513
6	0.02006	0.01859	0.02025	0.19403	0.09015	0.13445	0.01516	0.20252	0.08229	0.02749	0.02014	0.02247	0.06089	0.01126	0.04616	0.00275	0.00945	0.00705	0.00513	0.00972
7	0.02192	0.15788	0.14581	0.01689	0.06010	0.01888	0.01516	0.22613	0.02182	0.12443	0.01789	0.06526	0.01427	0.00859	0.00674	0.00208	0.00782	0.00675	0.00556	0.05600

[dist]
# distance from previous block
# <min> <max>
0	1

[block]
# block no. 7 follows, 28 sequences, length 7
# corresponding to MSA columns:
# 421-427
name=unknown_H
#
# <colnr> <probs for GDERKNQSTAVLIFYWHMCP>
#	G	D	E	R	K	N	Q	S	T	A	V	L	I	F	Y	W	H	M	C	P
0	0.13170	0.05566	0.04724	0.05141	0.08793	0.18143	0.01331	0.13679	0.01938	0.08950	0.01503	0.01845	0.01207	0.06043	0.00970	0.04109	0.00879	0.00590	0.00488	0.00929
1	0.05513	0.01347	0.03760	0.03764	0.13499	0.04066	0.01198	0.08186	0.06511	0.06035	0.12185	0.21513	0.06799	0.01326	0.00787	0.00243	0.00621	0.01155	0.00614	0.00879
2	0.01678	0.01753	0.11681	0.02363	0.22887	0.04870	0.04432	0.02196	0.05511	0.08830	0.16238	0.03131	0.09313	0.00993	0.00763	0.00226	0.00735	0.00877	0.00548	0.00975
3	0.01667	0.01588	0.02639	0.03937	0.60210	0.01570	0.01994	0.02064	0.01655	0.02317	0.02212	0.02531	0.10795	0.00816	0.00739	0.00220	0.00794	0.00773	0.00404	0.01076
4	0.02213	0.02164	0.01856	0.06747	0.05796	0.29096	0.01331	0.08336	0.08917	0.08951	0.02075	0.02430	0.04748	0.01351	0.07432	0.00308	0.01057	0.03746	0.00521	0.00924
5	0.01776	0.12033	0.05994	0.19302	0.25101	0.05330	0.06914	0.02154	0.01573	0.05335	0.01357	0.01779	0.01091	0.00812	0.00842	0.05765	0.00909	0.00616	0.00366	0.00952
6	0.02715	0.03464	0.02060	0.01873	0.02247	0.71536	0.01404	0.02903	0.02060	0.01779	0.01124	0.01311	0.00936	0.00749	0.00655	0.00187	0.01311	0.00468	0.00375	0.00843

[dist]
# distance from previous block
# <min> <max>
0	5

[block]
# block no. 8 follows, 28 sequences, length 9
# corresponding to MSA columns:
# 433-441
name=unknown_I
#
# <colnr> <probs for GDERKNQSTAVLIFYWHMCP>
#	G	D	E	R	K	N	Q	S	T	A	V	L	I	F	Y	W	H	M	C	P
0	0.01391	0.01807	0.16487	0.57955	0.04618	0.01630	0.02158	0.01950	0.01470	0.01950	0.01295	0.01854	0.00959	0.00719	0.00719	0.00240	0.00991	0.00623	0.00320	0.00863
1	0.01717	0.01772	0.03370	0.03070	0.19908	0.01795	0.35297	0.05320	0.01688	0.02348	0.01563	0.06637	0.01349	0.00825	0.01008	0.00249	0.09851	0.00848	0.00397	0.00987
2	0.11890	0.01668	0.01527	0.01305	0.01734	0.15858	0.01029	0.02839	0.09338	0.27916	0.07541	0.02815	0.09470	0.00997	0.00705	0.00222	0.00704	0.00776	0.00685	0.00981
3	0.01801	0.01652	0.02673	0.31699	0.03768	0.01828	0.18868	0.15912	0.09424	0.02681	0.01619	0.01990	0.01199	0.00756	0.00763	0.00238	0.00957	0.00723	0.00466	0.00981
4	0.00859	0.00736	0.00736	0.00736	0.00982	0.00614	0.00552	0.01043	0.01657	0.01964	0.07364	0.06996	0.69624	0.01841	0.00859	0.00245	0.00368	0.01534	0.00675	0.00614
5	0.01658	0.01769	0.01857	0.01661	0.01771	0.16321	0.01324	0.01821	0.01406	0.01792	0.02077	0.10985	0.09075	0.01349	0.01676	0.00280	0.41129	0.00876	0.00413	0.00760
6	0.10963	0.01696	0.01805	0.01434	0.01916	0.01857	0.01170	0.46402	0.02891	0.04086	0.15821	0.02452	0.02360	0.00979	0.00723	0.00221	0.00678	0.00763	0.00712	0.01071
7	0.01974	0.01937	0.02058	0.01948	0.09007	0.13978	0.01420	0.09786	0.15734	0.02480	0.01574	0.01805	0.01282	0.00923	0.01158	0.00233	0.21086	0.00624	0.00480	0.10513
8	0.10575	0.21974	0.18144	0.01423	0.02127	0.01890	0.01453	0.10190	0.01740	0.06261	0.01329	0.01466	0.01028	0.00672	0.00578	0.00182	0.00766	0.00483	0.00434	0.17285

[dist]
# distance from previous block
# <min> <max>
0	2

[block]
# block no. 9 follows, 28 sequences, length 14
# corresponding to MSA columns:
# 444-457
name=unknown_J
#
# <colnr> <probs for GDERKNQSTAVLIFYWHMCP>
#	G	D	E	R	K	N	Q	S	T	A	V	L	I	F	Y	W	H	M	C	P
0	0.01988	0.60745	0.09400	0.01386	0.02019	0.10456	0.01387	0.02269	0.01547	0.01769	0.01049	0.01214	0.00932	0.00642	0.00507	0.00165	0.00863	0.00410	0.00318	0.00935
1	0.01179	0.00829	0.01070	0.01236	0.07056	0.00757	0.00805	0.01365	0.01553	0.07604	0.04727	0.30036	0.26791	0.07212	0.01079	0.00297	0.00490	0.04572	0.00649	0.00693
2	0.01147	0.00787	0.00984	0.01001	0.01142	0.00770	0.00725	0.01305	0.01446	0.07132	0.04229	0.28322	0.21076	0.12544	0.07479	0.00413	0.04315	0.03922	0.00616	0.00644
3	0.08797	0.09153	0.02223	0.09879	0.11027	0.12142	0.01471	0.08215	0.11106	0.07455	0.01570	0.01773	0.01225	0.00835	0.00877	0.00227	0.09958	0.00603	0.00480	0.00983
4	0.01049	0.00788	0.00983	0.01092	0.01215	0.00781	0.00800	0.01429	0.08973	0.02037	0.04068	0.44466	0.09905	0.05484	0.01047	0.00312	0.00495	0.13744	0.00670	0.00663
5	0.15784	0.08249	0.17539	0.15129	0.02892	0.05449	0.06920	0.11583	0.01752	0.02617	0.01275	0.01572	0.00969	0.00742	0.00740	0.00227	0.04640	0.00564	0.00405	0.00950
6	0.08110	0.02034	0.02461	0.06192	0.30903	0.14285	0.05079	0.11684	0.07487	0.02677	0.01483	0.01747	0.01174	0.00730	0.00697	0.00217	0.00911	0.00622	0.00451	0.01055
7	0.04607	0.04197	0.04211	0.01644	0.02075	0.21000	0.05676	0.16406	0.03357	0.09764	0.04579	0.10220	0.01937	0.01053	0.00786	0.00229	0.02881	0.03858	0.00572	0.00948
8	0.02274	0.01748	0.02157	0.01684	0.02173	0.01890	0.08606	0.46133	0.02753	0.03703	0.01890	0.05822	0.01563	0.07003	0.06855	0.00342	0.00916	0.00792	0.00634	0.01064
9	0.02111	0.02122	0.10460	0.01832	0.05028	0.11423	0.06192	0.20013	0.10612	0.06740	0.02057	0.06051	0.01718	0.00973	0.00749	0.00230	0.00859	0.06053	0.00577	0.04200
10	0.01293	0.03574	0.01378	0.01435	0.08949	0.01029	0.00980	0.07531	0.01871	0.02518	0.23833	0.12176	0.13004	0.06402	0.01036	0.00281	0.00543	0.10755	0.00654	0.00759
11	0.01748	0.18271	0.11548	0.01322	0.01872	0.01718	0.01245	0.12930	0.07652	0.02685	0.09215	0.02249	0.01924	0.03827	0.00754	0.00209	0.00681	0.00652	0.06974	0.12522
12	0.01337	0.07805	0.04479	0.09451	0.07798	0.01235	0.01207	0.04185	0.03538	0.02214	0.08080	0.17012	0.09415	0.01479	0.03071	0.00270	0.00677	0.08937	0.00544	0.07267
13	0.02052	0.10890	0.10999	0.02139	0.13295	0.13925	0.04978	0.11187	0.10937	0.04510	0.01816	0.01940	0.03865	0.00790	0.00685	0.00209	0.00891	0.00636	0.00480	0.03775

[dist]
# distance from previous block
# <min> <max>
36	227

[block]
# block no. 10 follows, 28 sequences, length 18
# corresponding to MSA columns:
# 692-709
name=unknown_K
#
# <colnr> <probs for GDERKNQSTAVLIFYWHMCP>
#	G	D	E	R	K	N	Q	S	T	A	V	L	I	F	Y	W	H	M	C	P
0	0.04898	0.25034	0.11734	0.03839	0.02063	0.04564	0.01347	0.09303	0.06397	0.02353	0.01828	0.04054	0.05216	0.01124	0.05287	0.00257	0.00843	0.00626	0.00444	0.08789
1	0.05595	0.30529	0.11421	0.06206	0.02269	0.02251	0.01451	0.17995	0.07763	0.02662	0.01466	0.01686	0.01182	0.03749	0.00730	0.00219	0.00803	0.00554	0.00460	0.01008
2	0.09577	0.34110	0.08748	0.01292	0.01841	0.02070	0.01236	0.07398	0.06125	0.05479	0.04059	0.02070	0.05989	0.01155	0.05778	0.00266	0.00807	0.00605	0.00460	0.00933
3	0.02000	0.40469	0.09197	0.01392	0.01971	0.05266	0.01331	0.11451	0.04571	0.05662	0.04217	0.06438	0.01562	0.00842	0.00602	0.00192	0.00774	0.00626	0.00462	0.00976
4	0.07329	0.28430	0.22355	0.01498	0.02155	0.02048	0.01583	0.10540	0.01695	0.02372	0.01451	0.05722	0.01264	0.01220	0.07150	0.00292	0.00938	0.00600	0.00402	0.00957
5	0.04355	0.25000	0.18514	0.01526	0.02172	0.02127	0.01535	0.22839	0.02070	0.02795	0.01523	0.04801	0.01297	0.05452	0.00825	0.00236	0.00827	0.00622	0.00470	0.01012
6	0.08158	0.32170	0.05290	0.01463	0.02063	0.04704	0.01329	0.31105	0.02339	0.03121	0.01350	0.01442	0.01056	0.00743	0.00595	0.00192	0.00799	0.00515	0.00508	0.01058
7	0.02049	0.54640	0.09855	0.01402	0.02059	0.02648	0.01406	0.14292	0.01842	0.02298	0.01175	0.01308	0.00988	0.00675	0.00536	0.00174	0.00810	0.00452	0.00388	0.01002
8	0.02252	0.28547	0.05993	0.01476	0.02025	0.12389	0.03870	0.13278	0.02002	0.11063	0.04269	0.01774	0.01400	0.00770	0.00616	0.00190	0.00826	0.00570	0.05698	0.00990
9	0.06912	0.02165	0.16149	0.01626	0.02279	0.01847	0.01537	0.31784	0.10506	0.14956	0.01947	0.01908	0.01358	0.00842	0.00706	0.00226	0.00785	0.00648	0.00655	0.01167
10	0.02763	0.02036	0.02182	0.01672	0.02254	0.02254	0.01382	0.67496	0.03418	0.04581	0.01745	0.01745	0.01236	0.00873	0.00727	0.00218	0.00800	0.00654	0.00727	0.01236
11	0.01695	0.02260	0.19008	0.16308	0.34153	0.06356	0.05443	0.02228	0.01619	0.02219	0.01327	0.01737	0.01046	0.00678	0.00717	0.00224	0.00981	0.00619	0.00342	0.01040
12	0.01057	0.00705	0.00793	0.00793	0.00793	0.00705	0.00440	0.01057	0.01057	0.01409	0.02290	0.04757	0.02643	0.74454	0.03700	0.00705	0.00705	0.01057	0.00440	0.00440
13	0.02763	0.02036	0.02182	0.01672	0.02254	0.02254	0.01382	0.67496	0.03418	0.04581	0.01745	0.01745	0.01236	0.00873	0.00727	0.00218	0.00800	0.00654	0.00727	0.01236
14	0.01057	0.00705	0.00793	0.00793	0.00793	0.00705	0.00440	0.01057	0.01057	0.01409	0.02290	0.04757	0.02643	0.74454	0.03700	0.00705	0.00705	0.01057	0.00440	0.00440
15	0.01458	0.03760	0.70688	0.02072	0.03146	0.01688	0.02686	0.02302	0.01535	0.02302	0.01304	0.01535	0.00921	0.00691	0.00691	0.00230	0.01074	0.00537	0.00307	0.01074
16	0.01285	0.00974	0.01171	0.01152	0.01341	0.05441	0.00881	0.01532	0.01507	0.06522	0.11412	0.16636	0.05664	0.03211	0.30317	0.00633	0.01136	0.05180	0.00559	0.03448
17	0.25657	0.01845	0.01694	0.01385	0.01890	0.12425	0.01121	0.20197	0.02186	0.22258	0.01748	0.01716	0.01215	0.00803	0.00635	0.00217	0.00757	0.00570	0.00639	0.01043

[dist]
# distance from previous block
# <min> <max>
0	1

[block]
# block no. 11 follows, 28 sequences, length 16
# corresponding to MSA columns:
# 711-726
name=unknown_L
#
# <colnr> <probs for GDERKNQSTAVLIFYWHMCP>
#	G	D	E	R	K	N	Q	S	T	A	V	L	I	F	Y	W	H	M	C	P
0	0.47161	0.06087	0.01525	0.04450	0.01793	0.08399	0.01010	0.04443	0.08838	0.08229	0.01415	0.01512	0.01068	0.00739	0.00545	0.00220	0.00679	0.00493	0.00504	0.00891
1	0.01014	0.00746	0.00874	0.00882	0.01069	0.00655	0.00632	0.01202	0.01606	0.04304	0.14960	0.26035	0.31166	0.06671	0.01050	0.00281	0.00419	0.01550	0.00674	0.04209
2	0.07664	0.02894	0.01900	0.04499	0.02197	0.52344	0.01319	0.06374	0.05476	0.02159	0.01328	0.01509	0.01067	0.00768	0.00644	0.00196	0.01122	0.00512	0.05164	0.00865
3	0.69305	0.01319	0.01056	0.00950	0.01364	0.01507	0.00774	0.02037	0.01344	0.03216	0.09982	0.01737	0.01582	0.00781	0.00503	0.00225	0.00534	0.00514	0.00496	0.00774
4	0.01373	0.01292	0.02180	0.72707	0.05006	0.01615	0.02019	0.01857	0.01453	0.01857	0.01292	0.01938	0.00969	0.00727	0.00727	0.00242	0.00969	0.00646	0.00323	0.00807
5	0.01808	0.01561	0.01644	0.01479	0.01890	0.01808	0.01151	0.03863	0.68606	0.03041	0.02959	0.02712	0.02219	0.00986	0.00740	0.00247	0.00575	0.00822	0.00740	0.01151
6	0.02840	0.01759	0.01998	0.01528	0.02107	0.01833	0.01260	0.45000	0.02917	0.23864	0.02051	0.01947	0.01393	0.00862	0.00718	0.00214	0.00732	0.00665	0.00762	0.05550
7	0.02763	0.02036	0.02182	0.01672	0.02254	0.02254	0.01382	0.67496	0.03418	0.04581	0.01745	0.01745	0.01236	0.00873	0.00727	0.00218	0.00800	0.00654	0.00727	0.01236
8	0.01023	0.00745	0.00972	0.00980	0.01141	0.00694	0.00751	0.01330	0.01895	0.02615	0.47621	0.13693	0.10499	0.01681	0.00888	0.00254	0.00405	0.11387	0.00757	0.00668
9	0.01799	0.01727	0.02950	0.04462	0.69919	0.01727	0.02231	0.02231	0.01655	0.02375	0.01367	0.01799	0.01151	0.00648	0.00720	0.00216	0.00864	0.00648	0.00360	0.01151
10	0.01038	0.00779	0.01168	0.01168	0.01298	0.00909	0.00909	0.01298	0.01168	0.01687	0.01947	0.02856	0.01817	0.05452	0.71573	0.01168	0.01947	0.00779	0.00389	0.00649
11	0.01038	0.00779	0.01168	0.01168	0.01298	0.00909	0.00909	0.01298	0.01168	0.01687	0.01947	0.02856	0.01817	0.05452	0.71573	0.01168	0.01947	0.00779	0.00389	0.00649
12	0.02675	0.02008	0.02252	0.01929	0.08467	0.02206	0.01460	0.61503	0.03256	0.04379	0.01711	0.01750	0.01228	0.00852	0.00726	0.00218	0.00806	0.00654	0.00693	0.01228
13	0.01700	0.01867	0.10686	0.06151	0.44217	0.01672	0.01996	0.02425	0.12590	0.02399	0.01671	0.02094	0.01378	0.04980	0.00892	0.00252	0.00836	0.00687	0.00419	0.01087
14	0.01497	0.05818	0.09537	0.01299	0.01957	0.01181	0.04593	0.01875	0.01512	0.02287	0.01468	0.06350	0.01301	0.00680	0.00594	0.00144	0.00641	0.00572	0.00423	0.56271
15	0.05769	0.17049	0.28977	0.01852	0.06895	0.09226	0.01826	0.02531	0.12161	0.02290	0.01679	0.01805	0.03424	0.00764	0.00646	0.00213	0.00898	0.00579	0.00406	0.01009

[dist]
# distance from previous block
# <min> <max>
2	14

[block]
# block no. 12 follows, 28 sequences, length 26
# corresponding to MSA columns:
# 741-766
name=unknown_M
#
# <colnr> <probs for GDERKNQSTAVLIFYWHMCP>
#	G	D	E	R	K	N	Q	S	T	A	V	L	I	F	Y	W	H	M	C	P
0	0.05786	0.02047	0.02106	0.06576	0.07150	0.19595	0.06399	0.10804	0.11811	0.11685	0.01846	0.02070	0.01408	0.00826	0.00707	0.00217	0.00895	0.02639	0.00552	0.04880
1	0.01157	0.00865	0.00991	0.00968	0.01155	0.03075	0.00736	0.03584	0.01900	0.02636	0.38521	0.11855	0.12808	0.01529	0.00826	0.00237	0.00427	0.06519	0.09520	0.00689
2	0.01038	0.00779	0.01168	0.01168	0.01298	0.00909	0.00909	0.01298	0.01168	0.01687	0.01947	0.02856	0.01817	0.05452	0.71573	0.01168	0.01947	0.00779	0.00389	0.00649
3	0.00916	0.00731	0.00824	0.00837	0.01039	0.00638	0.00626	0.01138	0.01722	0.02184	0.21387	0.14249	0.44585	0.01815	0.00873	0.00251	0.00382	0.04469	0.00704	0.00631
4	0.02043	0.65633	0.03582	0.01325	0.01915	0.11776	0.01265	0.02271	0.01553	0.01719	0.01025	0.01185	0.00933	0.00638	0.00491	0.00160	0.00847	0.00399	0.00319	0.00921
5	0.10712	0.66592	0.03500	0.01211	0.01814	0.02736	0.01192	0.02172	0.01450	0.01885	0.01011	0.01168	0.00916	0.00628	0.00465	0.00163	0.00753	0.00389	0.00327	0.00916
6	0.00926	0.00698	0.00863	0.00955	0.01085	0.00635	0.00693	0.01118	0.01581	0.02053	0.13144	0.39241	0.23660	0.02025	0.00907	0.00277	0.00422	0.08413	0.00690	0.00617
7	0.01234	0.00916	0.01258	0.01200	0.01373	0.01047	0.00931	0.08758	0.01415	0.01996	0.01947	0.02856	0.01806	0.09500	0.59082	0.01030	0.01735	0.00783	0.00431	0.00702
8	0.12262	0.13028	0.48065	0.01796	0.02682	0.06001	0.02156	0.02298	0.01518	0.02322	0.01214	0.01423	0.00905	0.00683	0.00625	0.00217	0.00978	0.00493	0.00331	0.01002
9	0.01944	0.51341	0.11471	0.01766	0.09739	0.09197	0.01542	0.02267	0.01560	0.01862	0.01097	0.01295	0.00956	0.00645	0.00540	0.00174	0.00874	0.00443	0.00322	0.00966
10	0.01541	0.15944	0.59232	0.01930	0.02927	0.01892	0.02439	0.02281	0.01525	0.02201	0.01254	0.01472	0.00923	0.00679	0.00652	0.00217	0.01023	0.00512	0.00308	0.01050
11	0.05687	0.36249	0.08395	0.01488	0.02031	0.26595	0.01356	0.02371	0.01685	0.01870	0.01453	0.01595	0.05022	0.00747	0.00574	0.00181	0.00954	0.00497	0.00361	0.00887
12	0.01014	0.00687	0.00806	0.00848	0.00859	0.00676	0.00499	0.01046	0.01141	0.01522	0.02722	0.22156	0.03187	0.56313	0.03003	0.00602	0.00634	0.01311	0.00499	0.00478
13	0.01943	0.74891	0.03809	0.01244	0.01866	0.02876	0.01244	0.02177	0.01477	0.01710	0.01011	0.01166	0.00933	0.00622	0.00466	0.00155	0.00777	0.00389	0.00311	0.00933
14	0.01623	0.27878	0.48012	0.01791	0.02712	0.02091	0.02197	0.02260	0.01515	0.02101	0.01205	0.01410	0.00925	0.00667	0.00615	0.00205	0.00974	0.00487	0.00308	0.01026
15	0.01895	0.50655	0.20220	0.01507	0.02218	0.08935	0.01616	0.02275	0.01545	0.01863	0.01094	0.01271	0.00930	0.00651	0.00539	0.00177	0.00900	0.00433	0.00316	0.00960
16	0.01108	0.00792	0.01097	0.01253	0.01396	0.00781	0.01049	0.01402	0.01638	0.02151	0.07311	0.20930	0.04445	0.02033	0.00981	0.00321	0.00604	0.49376	0.00677	0.00655
17	0.02623	0.03311	0.02074	0.01876	0.02219	0.65848	0.01420	0.02808	0.01982	0.01777	0.01110	0.01334	0.00938	0.00792	0.00797	0.00198	0.07204	0.00482	0.00370	0.00839
18	0.01134	0.00728	0.00954	0.00961	0.01074	0.00790	0.00708	0.01347	0.01250	0.01921	0.02164	0.05824	0.02040	0.13837	0.36106	0.04288	0.01200	0.00834	0.22230	0.00610
19	0.01065	0.05782	0.01160	0.01008	0.01160	0.00913	0.00759	0.01246	0.01302	0.01721	0.03245	0.10041	0.15074	0.18706	0.29476	0.00712	0.01114	0.04415	0.00487	0.00613
20	0.06372	0.40130	0.24420	0.01535	0.02284	0.02362	0.01685	0.09590	0.01700	0.02310	0.01186	0.01348	0.00955	0.00675	0.00565	0.00190	0.00860	0.00465	0.00365	0.01003
21	0.01963	0.53162	0.09476	0.01387	0.02022	0.02588	0.01377	0.08649	0.09250	0.02190	0.01328	0.01430	0.01106	0.00693	0.00543	0.00179	0.00784	0.00477	0.00399	0.00999
22	0.07572	0.29215	0.10416	0.01542	0.02123	0.12637	0.03791	0.14649	0.01906	0.02455	0.01294	0.01548	0.01074	0.03162	0.03533	0.00246	0.00941	0.00521	0.00418	0.00958
23	0.03118	0.15086	0.16499	0.01438	0.01928	0.03378	0.05674	0.01813	0.01489	0.04109	0.04318	0.08800	0.09450	0.03805	0.15506	0.00430	0.01027	0.00861	0.00443	0.00826
24	0.05127	0.24728	0.12163	0.01407	0.01926	0.01811	0.05082	0.08794	0.01698	0.02311	0.07525	0.05023	0.05949	0.04372	0.08781	0.00334	0.00894	0.00744	0.00454	0.00877
25	0.05562	0.28389	0.17281	0.04405	0.02242	0.11105	0.01571	0.04185	0.01561	0.02023	0.01289	0.04109	0.01136	0.01097	0.05425	0.00269	0.06529	0.00556	0.00357	0.00907

[dist]
# distance from previous block
# <min> <max>
11	113

[block]
# block no. 13 follows, 28 sequences, length 33
# corresponding to MSA columns:
# 882-914
name=unknown_N
#
# <colnr> <probs for GDERKNQSTAVLIFYWHMCP>
#	G	D	E	R	K	N	Q	S	T	A	V	L	I	F	Y	W	H	M	C	P
0	0.07559	0.12288	0.09709	0.03239	0.02065	0.10651	0.01341	0.11812	0.07385	0.05263	0.04394	0.04144	0.03822	0.00888	0.00759	0.00210	0.05238	0.00655	0.00502	0.08078
1	0.10528	0.04889	0.10076	0.01569	0.04276	0.11992	0.01312	0.16878	0.10297	0.02801	0.01946	0.06182	0.03428	0.07202	0.00936	0.00260	0.00806	0.00726	0.00529	0.03367
2	0.06559	0.15377	0.14405	0.01788	0.09057	0.07494	0.05503	0.05255	0.01722	0.04986	0.04010	0.02723	0.12464	0.00936	0.00683	0.00215	0.00800	0.02469	0.02634	0.00921
3	0.01790	0.07984	0.12130	0.01879	0.08670	0.04972	0.07815	0.09639	0.06881	0.04858	0.01953	0.08972	0.03434	0.00886	0.00699	0.00206	0.00790	0.00763	0.00491	0.15188
4	0.04605	0.16484	0.10525	0.06105	0.05949	0.01820	0.03865	0.12466	0.07589	0.06510	0.04592	0.02379	0.04858	0.01029	0.03121	0.00247	0.00808	0.02873	0.00512	0.03661
5	0.08875	0.04388	0.02049	0.08883	0.08889	0.03754	0.05393	0.14352	0.04521	0.05866	0.01990	0.04157	0.05865	0.01130	0.04546	0.00270	0.05004	0.00717	0.00509	0.08844
6	0.06439	0.05734	0.07449	0.02015	0.15266	0.10207	0.01424	0.10245	0.03924	0.11134	0.06601	0.09874	0.01991	0.00965	0.00710	0.00219	0.00771	0.00799	0.00551	0.03681
7	0.02161	0.08262	0.09360	0.04593	0.14217	0.15937	0.03964	0.04406	0.01844	0.15123	0.04213	0.02132	0.04901	0.00811	0.00692	0.00206	0.00878	0.00658	0.00500	0.05140
8	0.13669	0.01470	0.01571	0.01549	0.08581	0.06987	0.01081	0.12037	0.01775	0.04573	0.02267	0.07280	0.08440	0.05918	0.07308	0.00330	0.03355	0.00793	0.00516	0.10500
9	0.01859	0.02160	0.12455	0.11683	0.28150	0.10189	0.01950	0.08902	0.01815	0.02430	0.03401	0.01800	0.01236	0.00760	0.00812	0.00221	0.05460	0.00622	0.00400	0.03695
10	0.01796	0.08365	0.06555	0.02250	0.18579	0.06268	0.05620	0.02277	0.05977	0.06156	0.06799	0.02011	0.01622	0.00785	0.00816	0.00202	0.06801	0.00644	0.00453	0.16024
11	0.01303	0.01062	0.01174	0.01162	0.03978	0.04870	0.00827	0.07374	0.01910	0.02575	0.26230	0.17251	0.15582	0.01470	0.00804	0.00229	0.00490	0.01268	0.04804	0.05637
12	0.01834	0.01884	0.02483	0.06803	0.34148	0.13188	0.06210	0.02397	0.09665	0.02257	0.01744	0.08343	0.01553	0.00875	0.00797	0.00229	0.03368	0.00780	0.00433	0.01008
13	0.16140	0.01767	0.02143	0.08948	0.25043	0.06384	0.01582	0.13201	0.12627	0.02919	0.01597	0.01805	0.01240	0.00758	0.00671	0.00223	0.00791	0.00619	0.00495	0.01047
14	0.01195	0.00888	0.01240	0.01194	0.01358	0.01019	0.00927	0.07251	0.01365	0.01934	0.01947	0.02855	0.01808	0.08665	0.61622	0.01058	0.01778	0.00782	0.00423	0.00691
15	0.02584	0.05544	0.02184	0.01953	0.06383	0.46751	0.01440	0.10422	0.02103	0.06447	0.01304	0.01482	0.01040	0.00802	0.00798	0.00204	0.06657	0.00528	0.00442	0.00933
16	0.01900	0.68481	0.09836	0.01318	0.01981	0.02769	0.01374	0.02188	0.01482	0.01764	0.01037	0.01199	0.00932	0.00628	0.00487	0.00162	0.00804	0.00402	0.00311	0.00946
17	0.00939	0.00667	0.00828	0.00952	0.01048	0.00616	0.00666	0.01107	0.01467	0.01970	0.04445	0.51954	0.15998	0.02056	0.00882	0.00277	0.00419	0.05414	0.07687	0.00607
18	0.01095	0.00792	0.00978	0.00952	0.00979	0.00860	0.00621	0.01163	0.01145	0.01575	0.06008	0.07023	0.02719	0.52889	0.11166	0.00680	0.07343	0.01041	0.00453	0.00516
19	0.13951	0.31882	0.04934	0.01370	0.01886	0.17469	0.01212	0.02475	0.03941	0.08998	0.01447	0.04926	0.01231	0.00781	0.00572	0.00193	0.00833	0.00543	0.00438	0.00918
20	0.00928	0.04265	0.00951	0.00931	0.01069	0.00709	0.00661	0.01079	0.01485	0.01885	0.04989	0.47949	0.26395	0.02051	0.00882	0.00272	0.00421	0.01806	0.00657	0.00615
21	0.02585	0.01948	0.02081	0.01636	0.02186	0.02171	0.01339	0.55633	0.15571	0.04294	0.01971	0.01925	0.01419	0.00894	0.00729	0.00223	0.00758	0.00686	0.00729	0.01220
22	0.01943	0.74891	0.03809	0.01244	0.01866	0.02876	0.01244	0.02177	0.01477	0.01710	0.01011	0.01166	0.00933	0.00622	0.00466	0.00155	0.00777	0.00389	0.00311	0.00933
23	0.01941	0.38630	0.27153	0.01567	0.02341	0.02255	0.01746	0.06365	0.01671	0.08288	0.01327	0.01450	0.01025	0.00687	0.00586	0.00192	0.00869	0.00488	0.00388	0.01029
24	0.06067	0.27573	0.23915	0.01518	0.02180	0.01929	0.04010	0.03899	0.01549	0.04136	0.04165	0.01969	0.03375	0.03453	0.07100	0.00304	0.00945	0.00596	0.00389	0.00928
25	0.06587	0.23209	0.34385	0.01637	0.02399	0.07419	0.01849	0.02310	0.04206	0.02221	0.03629	0.01617	0.01208	0.00720	0.00611	0.00204	0.00904	0.00524	0.03388	0.00973
26	0.01924	0.36778	0.09839	0.01486	0.02115	0.05510	0.05847	0.06303	0.01665	0.05719	0.01318	0.01523	0.01084	0.00970	0.05216	0.00239	0.00904	0.00505	0.00395	0.10659
27	0.06843	0.15980	0.05831	0.01474	0.01997	0.08106	0.04715	0.18662	0.06177	0.02792	0.04636	0.02255	0.07314	0.01093	0.04096	0.00250	0.00834	0.00679	0.00521	0.05744
28	0.05906	0.28134	0.09890	0.05498	0.04426	0.06282	0.01364	0.02319	0.05130	0.09554	0.01795	0.02142	0.03834	0.03446	0.02638	0.00243	0.00820	0.02781	0.00447	0.03350
29	0.09388	0.08059	0.14615	0.01800	0.08193	0.14088	0.03727	0.07901	0.01822	0.04772	0.06615	0.02347	0.07526	0.01139	0.04727	0.00269	0.00927	0.00692	0.00468	0.00925
30	0.06973	0.13435	0.07640	0.02003	0.08636	0.14652	0.09962	0.15952	0.04335	0.02666	0.01762	0.01920	0.05355	0.00795	0.00679	0.00210	0.00921	0.00641	0.00467	0.00995
31	0.04293	0.15786	0.10705	0.01851	0.09932	0.06945	0.01499	0.15085	0.06284	0.10844	0.01919	0.04029	0.03976	0.00863	0.00718	0.00214	0.02817	0.00663	0.00529	0.01048
32	0.07736	0.13645	0.03869	0.01672	0.05566	0.12805	0.06059	0.08600	0.01851	0.10868	0.06872	0.06520	0.01835	0.01196	0.05088	0.00274	0.03368	0.00730	0.00517	0.00931

[dist]
# distance from previous block
# <min> <max>
9	159

[block]
# block no. 14 follows, 28 sequences, length 24
# corresponding to MSA columns:
# 1140-1163
name=unknown_O
#
# <colnr> <probs for GDERKNQSTAVLIFYWHMCP>
#	G	D	E	R	K	N	Q	S	T	A	V	L	I	F	Y	W	H	M	C	P
0	0.04316	0.01569	0.06424	0.01855	0.11590	0.02892	0.04753	0.07869	0.11834	0.12438	0.07161	0.04725	0.04018	0.04010	0.04906	0.00293	0.00777	0.00802	0.00587	0.07181
