[name]
unknown

[dist]
# distance from previous block
# <min> <max>
0	4

[block]
# block no. 0 follows, 34 sequences, length 20
# corresponding to MSA columns:
# 4-23
name=unknown_A
#
# <colnr> <probs for GDERKNQSTAVLIFYWHMCP>
#	G	D	E	R	K	N	Q	S	T	A	V	L	I	F	Y	W	H	M	C	P
0	0.09030	0.04285	0.02099	0.09436	0.20400	0.09278	0.10803	0.01983	0.03145	0.05987	0.05150	0.02550	0.01641	0.00821	0.00664	0.00211	0.00770	0.10503	0.00418	0.00827
1	0.05006	0.17606	0.20807	0.02510	0.31699	0.05128	0.01790	0.04608	0.01471	0.02056	0.01126	0.01379	0.00912	0.00593	0.00575	0.00183	0.00805	0.00487	0.00315	0.00943
2	0.02006	0.42140	0.02640	0.01326	0.01799	0.23196	0.01156	0.10598	0.06193	0.01923	0.01117	0.01224	0.00936	0.00633	0.00507	0.00158	0.00818	0.00419	0.00362	0.00851
3	0.00787	0.00562	0.00750	0.00900	0.00937	0.00525	0.00600	0.00900	0.01237	0.01649	0.03561	0.76871	0.04274	0.02024	0.00825	0.00262	0.00375	0.01837	0.00600	0.00525
4	0.01697	0.01317	0.01498	0.01442	0.06818	0.01463	0.01047	0.05641	0.51413	0.08914	0.06307	0.02433	0.02051	0.00863	0.00652	0.00211	0.00521	0.00725	0.03994	0.00992
5	0.02076	0.10548	0.10761	0.01715	0.02294	0.08652	0.13394	0.37138	0.02279	0.02977	0.01340	0.01470	0.00991	0.00682	0.00631	0.00191	0.00844	0.00559	0.00478	0.00981
6	0.00827	0.00626	0.00914	0.00997	0.01068	0.00584	0.04371	0.00962	0.01253	0.01672	0.03440	0.72842	0.04097	0.01945	0.00821	0.00260	0.00413	0.01779	0.00585	0.00543
7	0.00812	0.00591	0.00737	0.00832	0.00899	0.00547	0.00557	0.00930	0.01272	0.01674	0.08429	0.52039	0.14338	0.11811	0.01135	0.00300	0.00396	0.01604	0.00580	0.00516
8	0.05248	0.01712	0.09207	0.08663	0.09726	0.01643	0.01399	0.31059	0.09787	0.12568	0.01663	0.01713	0.01186	0.00733	0.00634	0.00201	0.00704	0.00586	0.00552	0.01016
9	0.01529	0.15785	0.03194	0.07951	0.19471	0.01724	0.33828	0.01947	0.01444	0.01930	0.01288	0.04581	0.01085	0.00620	0.00663	0.00198	0.00894	0.00670	0.00324	0.00874
10	0.00802	0.00568	0.00746	0.00881	0.00915	0.00534	0.00580	0.00903	0.01209	0.01612	0.03418	0.70054	0.04093	0.09087	0.01056	0.00297	0.00398	0.01753	0.00580	0.00512
11	0.02141	0.28270	0.02377	0.04182	0.01973	0.39064	0.01218	0.10212	0.01774	0.01850	0.01034	0.01186	0.00863	0.00639	0.00535	0.00162	0.00940	0.00417	0.00348	0.00815
12	0.00894	0.00650	0.00822	0.00795	0.00931	0.00599	0.00578	0.01144	0.01671	0.02322	0.55359	0.10133	0.11525	0.08528	0.01004	0.00249	0.00342	0.01213	0.00663	0.00577
13	0.01519	0.01551	0.04292	0.02495	0.16626	0.01518	0.33903	0.08899	0.01581	0.02181	0.01541	0.09750	0.01369	0.00950	0.03900	0.00253	0.05621	0.00801	0.00384	0.00867
14	0.01901	0.09610	0.08611	0.01363	0.01825	0.01710	0.01208	0.41048	0.02251	0.03028	0.01650	0.08279	0.01400	0.01438	0.11380	0.00318	0.00850	0.00674	0.00525	0.00931
15	0.02008	0.08265	0.12523	0.01785	0.11523	0.09957	0.01418	0.17281	0.14764	0.11588	0.01656	0.01683	0.01218	0.00716	0.00617	0.00193	0.00747	0.00563	0.00503	0.00992
16	0.01846	0.04861	0.02561	0.02488	0.21743	0.20079	0.16409	0.08339	0.01645	0.02050	0.01150	0.01471	0.00942	0.00682	0.00840	0.00201	0.10898	0.00566	0.00348	0.00879
17	0.05278	0.25966	0.06883	0.01307	0.01759	0.26345	0.01142	0.04933	0.01581	0.01861	0.05076	0.05132	0.01307	0.00715	0.00539	0.00163	0.00804	0.00511	0.00366	0.08334
18	0.01430	0.04453	0.42514	0.08917	0.15205	0.01556	0.02069	0.01989	0.01355	0.04824	0.01185	0.01469	0.00893	0.00670	0.00775	0.00210	0.08744	0.00516	0.00305	0.00922
19	0.01330	0.01235	0.01717	0.01483	0.01570	0.01580	0.04065	0.06205	0.01252	0.01813	0.05211	0.11833	0.05586	0.04054	0.01694	0.00276	0.47181	0.00828	0.00394	0.00692

[dist]
# distance from previous block
# <min> <max>
0	2

[block]
# block no. 1 follows, 34 sequences, length 10
# corresponding to MSA columns:
# 26-35
name=unknown_B
#
# <colnr> <probs for GDERKNQSTAVLIFYWHMCP>
#	G	D	E	R	K	N	Q	S	T	A	V	L	I	F	Y	W	H	M	C	P
0	0.01565	0.10490	0.20748	0.04436	0.23849	0.01702	0.17130	0.06716	0.01529	0.02129	0.01199	0.01505	0.00938	0.00605	0.00673	0.00198	0.02756	0.00567	0.00325	0.00941
1	0.01234	0.00819	0.01003	0.00908	0.01141	0.00790	0.00697	0.01740	0.12160	0.10942	0.46372	0.04323	0.12846	0.01231	0.00734	0.00207	0.00367	0.01065	0.00701	0.00721
2	0.01707	0.01898	0.28223	0.01416	0.02009	0.01167	0.04901	0.07016	0.01644	0.21624	0.05049	0.08326	0.10296	0.00934	0.00674	0.00209	0.00688	0.00787	0.00527	0.00904
3	0.01708	0.01674	0.08316	0.02331	0.18852	0.04686	0.19656	0.03745	0.11790	0.10541	0.01624	0.01851	0.01234	0.00977	0.06181	0.00268	0.02548	0.00649	0.00432	0.00936
4	0.01928	0.01472	0.01505	0.01303	0.01696	0.06892	0.01025	0.08600	0.46895	0.14936	0.02544	0.02345	0.04191	0.00866	0.00653	0.00210	0.00576	0.00703	0.00655	0.01005
5	0.01325	0.00814	0.00987	0.01134	0.10466	0.00834	0.00729	0.06292	0.01466	0.02428	0.01929	0.02251	0.01532	0.00977	0.04950	0.00212	0.00477	0.00603	0.59904	0.00690
6	0.00993	0.00832	0.01316	0.01393	0.08222	0.00815	0.07882	0.01234	0.01343	0.01819	0.09185	0.28549	0.10559	0.02182	0.15632	0.00399	0.00760	0.05747	0.00504	0.00633
7	0.01667	0.11805	0.17758	0.08393	0.19066	0.12453	0.11274	0.02143	0.03774	0.03931	0.01222	0.01487	0.00955	0.00612	0.00615	0.00191	0.00894	0.00535	0.00329	0.00900
8	0.00974	0.00758	0.00994	0.01175	0.06005	0.00757	0.00780	0.01354	0.10685	0.01877	0.05728	0.51955	0.06017	0.01719	0.00791	0.00251	0.00432	0.06525	0.00592	0.00634
9	0.00795	0.00584	0.00746	0.00856	0.00930	0.00535	0.00585	0.00932	0.01324	0.01748	0.10236	0.60172	0.14372	0.01905	0.00810	0.00251	0.00362	0.01708	0.00610	0.00535

[dist]
# distance from previous block
# <min> <max>
0	3

[block]
# block no. 2 follows, 34 sequences, length 37
# corresponding to MSA columns:
# 39-75
name=unknown_C
#
# <colnr> <probs for GDERKNQSTAVLIFYWHMCP>
#	G	D	E	R	K	N	Q	S	T	A	V	L	I	F	Y	W	H	M	C	P
0	0.12846	0.04347	0.01713	0.03774	0.01876	0.17632	0.01115	0.26147	0.02108	0.17200	0.01579	0.01727	0.01167	0.00758	0.00602	0.00192	0.00750	0.02988	0.00550	0.00930
1	0.46744	0.01768	0.08764	0.01558	0.11445	0.10563	0.02969	0.05586	0.01379	0.02581	0.01026	0.01215	0.00800	0.00614	0.00499	0.00195	0.00691	0.00425	0.00379	0.00801
2	0.07611	0.00873	0.00977	0.01007	0.05680	0.00920	0.00709	0.06849	0.06608	0.02505	0.08277	0.02526	0.04123	0.01105	0.05749	0.00234	0.00494	0.00668	0.42382	0.00702
3	0.01709	0.06825	0.13243	0.01549	0.04064	0.07177	0.08794	0.14792	0.07744	0.07928	0.07574	0.07606	0.06370	0.00895	0.00664	0.00202	0.00716	0.00761	0.00506	0.00882
4	0.12763	0.31834	0.06831	0.03497	0.05371	0.20808	0.01196	0.02048	0.01465	0.01866	0.06028	0.01406	0.01193	0.00650	0.00511	0.00168	0.00786	0.00449	0.00341	0.00790
5	0.01456	0.01500	0.13253	0.03608	0.08198	0.01060	0.01191	0.01817	0.01401	0.08540	0.03749	0.05005	0.01313	0.00660	0.00609	0.00152	0.02814	0.00543	0.00412	0.42722
6	0.23549	0.01691	0.16108	0.03732	0.06264	0.03050	0.01281	0.04442	0.05234	0.13352	0.03602	0.01765	0.03216	0.00752	0.00688	0.00206	0.06556	0.00550	0.03105	0.00856
7	0.06988	0.14867	0.15620	0.01506	0.07448	0.01450	0.04424	0.03767	0.04708	0.12503	0.04868	0.03773	0.01449	0.02398	0.00642	0.00192	0.00669	0.01848	0.00442	0.10437
8	0.01390	0.00814	0.01014	0.00903	0.01163	0.00750	0.00704	0.01764	0.06836	0.18618	0.36893	0.04390	0.18065	0.01244	0.00732	0.00209	0.00387	0.02684	0.00703	0.00738
9	0.01035	0.00786	0.01074	0.07010	0.05969	0.00801	0.00850	0.06154	0.01380	0.01841	0.02901	0.46137	0.03309	0.09653	0.01053	0.00291	0.00511	0.08102	0.00538	0.00606
10	0.01439	0.06879	0.07244	0.30675	0.32049	0.01575	0.07276	0.01865	0.01389	0.01888	0.01171	0.01602	0.00932	0.00601	0.00634	0.00200	0.00835	0.00567	0.00302	0.00878
11	0.01837	0.01492	0.02205	0.06784	0.16224	0.08544	0.15211	0.02158	0.01534	0.18646	0.01921	0.02111	0.06763	0.00924	0.03466	0.00239	0.07929	0.00679	0.00452	0.00881
12	0.01030	0.00616	0.00732	0.00743	0.00867	0.00607	0.00544	0.01200	0.01277	0.01944	0.07296	0.10413	0.12866	0.01787	0.10357	0.11989	0.00533	0.00880	0.33783	0.00537
13	0.00824	0.00587	0.00755	0.00864	0.00913	0.00552	0.00577	0.00940	0.01247	0.01664	0.08042	0.56860	0.06576	0.13145	0.01186	0.00312	0.00412	0.03455	0.00576	0.00513
14	0.07442	0.01033	0.01208	0.06273	0.01493	0.06212	0.05287	0.01550	0.06313	0.02296	0.35680	0.03941	0.16485	0.01147	0.00706	0.00206	0.00490	0.00988	0.00581	0.00667
15	0.02440	0.07457	0.11620	0.06508	0.02028	0.01257	0.01237	0.07441	0.01783	0.48425	0.02063	0.01916	0.01346	0.00742	0.00626	0.00196	0.00649	0.00592	0.00640	0.01032
16	0.00960	0.00664	0.00844	0.00914	0.01018	0.00632	0.00646	0.04708	0.01438	0.03773	0.11450	0.54966	0.07956	0.01786	0.00793	0.00246	0.00391	0.03521	0.02710	0.00585
17	0.00793	0.00643	0.00704	0.00716	0.00898	0.00554	0.00527	0.00975	0.01503	0.01880	0.17753	0.15641	0.51888	0.01634	0.00772	0.00222	0.00330	0.01394	0.00619	0.00554
18	0.01583	0.11952	0.02786	0.03131	0.46825	0.01653	0.11383	0.01952	0.01435	0.02010	0.01171	0.01519	0.00982	0.00576	0.00653	0.00184	0.02722	0.00556	0.00318	0.06608
19	0.01701	0.01984	0.13742	0.02271	0.02929	0.01696	0.42909	0.17505	0.04142	0.02533	0.01383	0.01666	0.01015	0.00617	0.00711	0.00211	0.00966	0.00679	0.00401	0.00940
20	0.07268	0.56313	0.18395	0.01246	0.01875	0.02252	0.01353	0.01956	0.01309	0.01730	0.00955	0.01108	0.00818	0.00569	0.00456	0.00157	0.00734	0.00374	0.00284	0.00847
21	0.01586	0.01548	0.02731	0.07119	0.38464	0.03398	0.21906	0.03829	0.01501	0.03801	0.01332	0.01835	0.01106	0.05978	0.00861	0.00231	0.00860	0.00654	0.00346	0.00915
22	0.00923	0.00692	0.01038	0.01038	0.01154	0.00808	0.00808	0.01154	0.01038	0.01500	0.01731	0.02538	0.01615	0.04846	0.74732	0.01038	0.01731	0.00692	0.00346	0.00577
23	0.01731	0.11417	0.17175	0.02099	0.10650	0.04297	0.20732	0.11529	0.01679	0.06397	0.01317	0.01552	0.00996	0.00722	0.02533	0.00214	0.00895	0.00576	0.00382	0.03105
24	0.01682	0.01378	0.02257	0.07297	0.20379	0.03952	0.17676	0.03558	0.03525	0.13618	0.01780	0.09660	0.01541	0.06179	0.00904	0.00240	0.02270	0.00785	0.00448	0.00869
25	0.12091	0.01093	0.01261	0.01043	0.01435	0.01065	0.00839	0.11959	0.03695	0.33027	0.02963	0.08520	0.13985	0.01013	0.00646	0.00206	0.00506	0.00820	0.02942	0.00892
26	0.00985	0.00854	0.05956	0.00922	0.01097	0.00693	0.00732	0.03082	0.01293	0.01766	0.03171	0.29086	0.13801	0.09235	0.03446	0.07400	0.00514	0.05697	0.06802	0.03467
27	0.01554	0.12173	0.10390	0.07542	0.18038	0.07303	0.03779	0.05997	0.02852	0.03126	0.01358	0.03876	0.01198	0.06414	0.06695	0.00292	0.05623	0.00601	0.00354	0.00832
28	0.01167	0.00742	0.01003	0.00952	0.01140	0.00692	0.02651	0.01433	0.03552	0.11850	0.25520	0.27187	0.11650	0.01695	0.05431	0.00277	0.00481	0.01277	0.00640	0.00660
29	0.00869	0.00642	0.00825	0.00903	0.00933	0.00655	0.00605	0.00958	0.01152	0.01548	0.03067	0.51787	0.05311	0.20414	0.01521	0.00352	0.05913	0.01513	0.00526	0.00506
30	0.04121	0.01601	0.05994	0.07619	0.21660	0.06953	0.11151	0.05512	0.06004	0.06172	0.06481	0.04095	0.01521	0.00762	0.00752	0.00206	0.05625	0.00670	0.02220	0.00880
31	0.01549	0.04188	0.15600	0.05815	0.28733	0.07269	0.14234	0.03918	0.01494	0.02025	0.01344	0.06386	0.01158	0.00700	0.00696	0.00203	0.02792	0.00653	0.00337	0.00905
32	0.01006	0.00804	0.01091	0.01203	0.06483	0.02436	0.00827	0.01197	0.01147	0.01566	0.02307	0.09085	0.07163	0.15592	0.38271	0.00703	0.02881	0.05253	0.00404	0.00581
33	0.04146	0.05301	0.05015	0.02487	0.34060	0.01483	0.03437	0.12746	0.01678	0.09118	0.01429	0.01786	0.01160	0.06630	0.00822	0.00219	0.00711	0.00581	0.00425	0.06768
34	0.01750	0.14501	0.10105	0.01695	0.08710	0.12185	0.01382	0.09099	0.01587	0.05720	0.07965	0.01707	0.01420	0.00822	0.00951	0.00204	0.18397	0.00562	0.00396	0.00843
35	0.03265	0.11343	0.05539	0.00865	0.01132	0.00920	0.00735	0.01229	0.01473	0.01944	0.21075	0.13392	0.29232	0.04100	0.00795	0.00222	0.00431	0.01138	0.00550	0.00621
36	0.01767	0.28291	0.01962	0.01046	0.01414	0.03594	0.00889	0.07311	0.01515	0.15703	0.01996	0.06735	0.05674	0.11299	0.00963	0.00238	0.02324	0.00678	0.05812	0.00788

[dist]
# distance from previous block
# <min> <max>
1	10

[block]
# block no. 3 follows, 34 sequences, length 26
# corresponding to MSA columns:
# 86-111
name=unknown_D
#
# <colnr> <probs for GDERKNQSTAVLIFYWHMCP>
#	G	D	E	R	K	N	Q	S	T	A	V	L	I	F	Y	W	H	M	C	P
0	0.06197	0.13194	0.10194	0.10500	0.05621	0.16177	0.01334	0.13873	0.01748	0.04623	0.01773	0.01899	0.08706	0.00761	0.00595	0.00187	0.00789	0.00575	0.00414	0.00841
1	0.04647	0.03509	0.19058	0.08456	0.11987	0.01457	0.10160	0.12965	0.01695	0.02384	0.05974	0.02464	0.03455	0.00824	0.00674	0.00212	0.00780	0.08004	0.00422	0.00873
2	0.00900	0.00622	0.00735	0.00776	0.00810	0.00605	0.00487	0.00960	0.01094	0.01446	0.04615	0.20659	0.07325	0.49571	0.02381	0.00490	0.00542	0.05064	0.00471	0.00448
3	0.10313	0.01007	0.01228	0.06176	0.03099	0.01013	0.00878	0.09534	0.01709	0.19214	0.14567	0.05928	0.14671	0.01295	0.05069	0.00258	0.00574	0.02072	0.00606	0.00790
4	0.05859	0.00652	0.00825	0.00923	0.01024	0.00622	0.00651	0.01134	0.01290	0.06444	0.03413	0.61264	0.05863	0.01833	0.00790	0.00255	0.00405	0.05574	0.00600	0.00578
5	0.01140	0.02320	0.46248	0.01510	0.02134	0.01200	0.01751	0.01672	0.01259	0.01847	0.01590	0.10148	0.01442	0.04361	0.18070	0.00420	0.01061	0.00695	0.00330	0.00799
6	0.01582	0.01660	0.13663	0.11174	0.40413	0.01374	0.01793	0.02001	0.01484	0.09777	0.03546	0.01990	0.05291	0.00694	0.00648	0.00199	0.00747	0.00629	0.00387	0.00948
7	0.05536	0.00761	0.01159	0.01117	0.01265	0.00727	0.09460	0.01139	0.01329	0.01876	0.10620	0.55284	0.03851	0.01680	0.00786	0.00247	0.00464	0.01544	0.00566	0.00588
8	0.00923	0.00692	0.01038	0.01038	0.01154	0.00808	0.00808	0.01154	0.01038	0.01500	0.01731	0.02538	0.01615	0.04846	0.74732	0.01038	0.01731	0.00692	0.00346	0.00577
9	0.01243	0.00889	0.01100	0.01176	0.08899	0.00833	0.00790	0.01652	0.09451	0.11102	0.16769	0.04543	0.36486	0.01276	0.00724	0.00211	0.00419	0.01084	0.00621	0.00731
10	0.01141	0.00830	0.01092	0.01137	0.05460	0.00897	0.00774	0.08709	0.01292	0.01821	0.01934	0.08870	0.01936	0.22767	0.32509	0.00666	0.01067	0.00826	0.05662	0.00609
11	0.00996	0.00783	0.01210	0.01355	0.08946	0.00886	0.00935	0.01243	0.01085	0.01566	0.01675	0.02437	0.01551	0.04385	0.66725	0.00947	0.01627	0.00680	0.00343	0.00625
12	0.01578	0.01513	0.02584	0.08031	0.69365	0.01530	0.01972	0.01964	0.01461	0.02085	0.01212	0.01606	0.01014	0.00580	0.00640	0.00193	0.00773	0.00576	0.00318	0.01006
13	0.00896	0.00651	0.00826	0.00908	0.00997	0.00620	0.00630	0.04918	0.01427	0.01911	0.12352	0.59488	0.08259	0.01843	0.00803	0.00249	0.00382	0.01655	0.00616	0.00569
14	0.31805	0.04816	0.01555	0.01345	0.01710	0.45243	0.01041	0.02307	0.01543	0.02067	0.00959	0.01118	0.00783	0.00638	0.00510	0.00178	0.00904	0.00389	0.00356	0.00733
15	0.01694	0.04405	0.06393	0.10010	0.17092	0.07088	0.08341	0.15718	0.01756	0.04624	0.01563	0.04486	0.01337	0.01112	0.06701	0.00273	0.00884	0.05218	0.00424	0.00880
16	0.01433	0.09712	0.12752	0.06020	0.04196	0.01336	0.03549	0.07137	0.10920	0.05234	0.18117	0.04095	0.02428	0.05237	0.00795	0.00219	0.00620	0.00740	0.00499	0.04961
17	0.01697	0.11225	0.08503	0.07472	0.26062	0.03932	0.03375	0.02125	0.04973	0.10097	0.01357	0.01577	0.01059	0.00641	0.00670	0.00184	0.04513	0.00533	0.00385	0.09620
18	0.01555	0.07938	0.29160	0.04307	0.26833	0.01491	0.04141	0.02042	0.01437	0.08482	0.01425	0.05793	0.01163	0.00691	0.00628	0.00199	0.00803	0.00606	0.00358	0.00949
19	0.01012	0.00709	0.00786	0.00771	0.00810	0.00732	0.00460	0.01209	0.08629	0.01410	0.02100	0.04032	0.02308	0.69035	0.03004	0.00582	0.00614	0.00917	0.00420	0.00460
20	0.01602	0.08268	0.39570	0.01747	0.04386	0.07781	0.05787	0.02389	0.13380	0.06755	0.01475	0.01582	0.01081	0.00665	0.00615	0.00199	0.00854	0.00535	0.00382	0.00946
21	0.01705	0.03732	0.13272	0.06738	0.34314	0.01592	0.05020	0.10877	0.08363	0.05931	0.01443	0.01664	0.01105	0.00648	0.00639	0.00198	0.00772	0.00583	0.00407	0.00997
22	0.01031	0.05800	0.04993	0.00950	0.01125	0.00755	0.00744	0.01226	0.01393	0.06198	0.15736	0.45687	0.06479	0.03743	0.00831	0.00245	0.00431	0.01430	0.00587	0.00615
23	0.01323	0.00793	0.01087	0.01004	0.01177	0.00834	0.00765	0.05935	0.01329	0.11618	0.09459	0.02721	0.02049	0.08842	0.35753	0.12395	0.01093	0.00731	0.00461	0.00629
24	0.01692	0.21575	0.08821	0.04910	0.12694	0.04795	0.02753	0.09062	0.04361	0.06994	0.01685	0.04517	0.05271	0.00897	0.02849	0.00215	0.05016	0.00609	0.00408	0.00875
25	0.05752	0.02822	0.10768	0.01731	0.12647	0.01349	0.06267	0.13707	0.07170	0.03778	0.10581	0.03920	0.01955	0.09300	0.05180	0.00296	0.00739	0.00722	0.00474	0.00841

[dist]
# distance from previous block
# <min> <max>
10	20

[block]
# block no. 4 follows, 34 sequences, length 18
# corresponding to MSA columns:
# 132-149
name=unknown_E
#
# <colnr> <probs for GDERKNQSTAVLIFYWHMCP>
#	G	D	E	R	K	N	Q	S	T	A	V	L	I	F	Y	W	H	M	C	P
0	0.01553	0.01538	0.08126	0.05696	0.07385	0.04817	0.08155	0.17835	0.05258	0.02411	0.01910	0.17212	0.01806	0.01138	0.03647	0.00241	0.00744	0.02694	0.00479	0.07358
1	0.04441	0.04555	0.10401	0.01567	0.06724	0.09742	0.11182	0.04538	0.01490	0.01954	0.05005	0.18862	0.10821	0.04818	0.00820	0.00233	0.00703	0.00969	0.00446	0.00730
2	0.01220	0.01148	0.01938	0.75739	0.04450	0.01436	0.01794	0.01651	0.01292	0.01651	0.01148	0.01723	0.00861	0.00646	0.00646	0.00215	0.00861	0.00574	0.00287	0.00718
3	0.54401	0.01311	0.01523	0.01209	0.01674	0.01389	0.12743	0.02040	0.01267	0.10090	0.01158	0.01308	0.00859	0.00603	0.00493	0.00196	0.00604	0.00454	0.00428	0.06248
4	0.00807	0.00616	0.00733	0.00787	0.00909	0.00551	0.00553	0.00967	0.01413	0.01831	0.16616	0.35435	0.29655	0.04963	0.00896	0.00251	0.00356	0.01510	0.00610	0.00541
5	0.00923	0.00664	0.00846	0.00947	0.01024	0.00645	0.00651	0.06598	0.01383	0.01846	0.03398	0.70758	0.04016	0.01923	0.00810	0.00257	0.00402	0.01735	0.00604	0.00571
6	0.01414	0.01414	0.01979	0.01696	0.01696	0.01979	0.01414	0.01555	0.00990	0.01555	0.00848	0.01414	0.00848	0.01131	0.02120	0.00283	0.76110	0.00565	0.00283	0.00707
7	0.00951	0.00668	0.00838	0.00802	0.00971	0.00603	0.00598	0.01210	0.01711	0.05099	0.51407	0.10848	0.19042	0.01420	0.00763	0.00211	0.00324	0.01241	0.00684	0.00609
8	0.01147	0.01027	0.01683	0.51117	0.06118	0.01235	0.01492	0.01525	0.01309	0.01741	0.08904	0.02200	0.01565	0.01495	0.14420	0.00366	0.00960	0.00660	0.00345	0.00692
9	0.02899	0.01100	0.01499	0.01150	0.01649	0.00950	0.00950	0.03149	0.01849	0.73709	0.02549	0.02199	0.01599	0.00800	0.00650	0.00200	0.00550	0.00650	0.00800	0.01100
10	0.01525	0.01743	0.03813	0.02723	0.03377	0.01634	0.70915	0.02070	0.01525	0.02070	0.01307	0.01743	0.00980	0.00545	0.00763	0.00218	0.01089	0.00763	0.00327	0.00871
11	0.01144	0.06017	0.01054	0.00885	0.00975	0.08531	0.00595	0.01212	0.01073	0.01344	0.01803	0.03426	0.01972	0.52610	0.14220	0.00612	0.00863	0.00806	0.00370	0.00488
12	0.01459	0.05944	0.01005	0.00800	0.01005	0.00833	0.00627	0.01690	0.01371	0.12704	0.02107	0.08522	0.01750	0.00954	0.00696	0.04821	0.03419	0.00692	0.48930	0.00670
13	0.00903	0.00651	0.00927	0.00956	0.01045	0.00707	0.00706	0.01061	0.01096	0.01526	0.04030	0.18087	0.04957	0.08384	0.45694	0.06132	0.01218	0.00971	0.00415	0.00535
14	0.01614	0.01585	0.02538	0.08624	0.65208	0.05101	0.01935	0.01990	0.01477	0.02054	0.01200	0.01586	0.01003	0.00585	0.00637	0.00192	0.00793	0.00568	0.00318	0.00990
15	0.01986	0.02351	0.01927	0.01872	0.09428	0.45082	0.07342	0.02344	0.07107	0.01800	0.01707	0.02109	0.05952	0.00803	0.00643	0.00190	0.00972	0.05208	0.00391	0.00785
16	0.54660	0.01333	0.01382	0.04390	0.13777	0.01484	0.01017	0.07582	0.01365	0.06268	0.01097	0.01267	0.00838	0.00622	0.00483	0.00199	0.00579	0.00431	0.00421	0.00808
17	0.01492	0.03182	0.06223	0.08611	0.16741	0.15013	0.12401	0.01805	0.01436	0.01797	0.01720	0.13608	0.03482	0.04176	0.02450	0.00245	0.03671	0.00802	0.00371	0.00774

[dist]
# distance from previous block
# <min> <max>
0	1

[block]
# block no. 5 follows, 34 sequences, length 17
# corresponding to MSA columns:
# 151-167
name=unknown_F
#
# <colnr> <probs for GDERKNQSTAVLIFYWHMCP>
#	G	D	E	R	K	N	Q	S	T	A	V	L	I	F	Y	W	H	M	C	P
0	0.01218	0.02961	0.01271	0.01133	0.01354	0.07679	0.00899	0.04331	0.01268	0.01723	0.01646	0.02456	0.01533	0.03331	0.46789	0.00712	0.03399	0.05003	0.00375	0.10919
1	0.01701	0.24209	0.18351	0.05552	0.13542	0.01893	0.05675	0.15041	0.01688	0.02270	0.01174	0.01380	0.00923	0.00614	0.00572	0.00179	0.00790	0.00493	0.00360	0.03594
2	0.01453	0.09567	0.51365	0.02121	0.14436	0.06103	0.02137	0.02059	0.01406	0.01982	0.01136	0.01362	0.00855	0.00605	0.00599	0.00194	0.00913	0.00479	0.00285	0.00943
3	0.02598	0.01202	0.01531	0.01218	0.01683	0.01140	0.01008	0.14416	0.05430	0.52248	0.02462	0.02549	0.01720	0.00886	0.00671	0.00208	0.00579	0.06651	0.00749	0.01051
4	0.01155	0.00827	0.01093	0.01014	0.01142	0.00894	0.02519	0.04270	0.05012	0.05125	0.06376	0.08642	0.02287	0.29114	0.23087	0.00603	0.04912	0.00884	0.00451	0.00595
5	0.04846	0.01873	0.20258	0.16522	0.30280	0.01461	0.05896	0.01979	0.01417	0.05555	0.01303	0.01724	0.01023	0.00640	0.00638	0.00204	0.00824	0.02301	0.00336	0.00919
6	0.00908	0.00695	0.00748	0.00740	0.00954	0.00609	0.00552	0.01145	0.04370	0.05202	0.08911	0.13884	0.55796	0.01596	0.00761	0.00222	0.00350	0.01349	0.00617	0.00592
7	0.00923	0.00692	0.01038	0.01038	0.01154	0.00808	0.00808	0.01154	0.01038	0.01500	0.01731	0.02538	0.01615	0.04846	0.74732	0.01038	0.01731	0.00692	0.00346	0.00577
8	0.01609	0.01831	0.09159	0.09323	0.15419	0.08421	0.23424	0.02009	0.01421	0.04909	0.01200	0.01585	0.00950	0.00698	0.00950	0.00218	0.15076	0.00612	0.00329	0.00859
9	0.01202	0.03969	0.01429	0.01461	0.10405	0.01098	0.00995	0.01410	0.01235	0.05249	0.09012	0.12609	0.02254	0.08382	0.23381	0.00505	0.13438	0.00864	0.00427	0.00673
10	0.00797	0.00566	0.00747	0.00887	0.00922	0.00531	0.00586	0.00902	0.01218	0.01624	0.03463	0.72194	0.04150	0.06870	0.00983	0.00286	0.00391	0.01779	0.00586	0.00516
11	0.04989	0.01196	0.01480	0.01185	0.01623	0.01154	0.00959	0.17457	0.03744	0.45535	0.02414	0.11557	0.01814	0.00946	0.00664	0.00207	0.00560	0.00779	0.00725	0.01012
12	0.04608	0.01536	0.07091	0.05195	0.03641	0.01440	0.10553	0.19646	0.10275	0.19488	0.02171	0.03776	0.05957	0.00817	0.00665	0.00207	0.00687	0.00702	0.00577	0.00967
13	0.01564	0.04071	0.01724	0.01556	0.05903	0.14622	0.01179	0.05315	0.09677	0.01886	0.02219	0.02400	0.14645	0.01044	0.01202	0.00228	0.28883	0.00703	0.00415	0.00763
14	0.02208	0.02849	0.06205	0.01585	0.01987	0.60773	0.01257	0.02426	0.01740	0.01677	0.01028	0.01200	0.00847	0.00639	0.00571	0.00160	0.01065	0.00416	0.00336	0.11033
15	0.04614	0.08475	0.18011	0.01701	0.05827	0.11061	0.07169	0.10354	0.05982	0.02255	0.05903	0.01787	0.01358	0.00753	0.00745	0.00198	0.07274	0.02072	0.00402	0.04062
16	0.01759	0.17938	0.18778	0.06418	0.06229	0.10571	0.07887	0.10223	0.04206	0.05484	0.01346	0.03938	0.01077	0.00685	0.00600	0.00188	0.00839	0.00555	0.00383	0.00897

[dist]
# distance from previous block
# <min> <max>
0	2

[block]
# block no. 6 follows, 34 sequences, length 22
# corresponding to MSA columns:
# 170-191
name=unknown_G
#
# <colnr> <probs for GDERKNQSTAVLIFYWHMCP>
#	G	D	E	R	K	N	Q	S	T	A	V	L	I	F	Y	W	H	M	C	P
0	0.01337	0.01244	0.07548	0.01385	0.03894	0.03580	0.09941	0.01757	0.07711	0.08854	0.05559	0.23773	0.05319	0.05276	0.04887	0.00283	0.00673	0.01040	0.00511	0.05427
1	0.01727	0.77681	0.03386	0.01106	0.01658	0.02557	0.01106	0.01935	0.01313	0.01520	0.00898	0.01036	0.00829	0.00553	0.00415	0.00138	0.00691	0.00345	0.00276	0.00829
2	0.02188	0.17847	0.02094	0.01472	0.01867	0.46324	0.01175	0.11460	0.01867	0.01909	0.01362	0.01473	0.04900	0.00712	0.00567	0.00167	0.00962	0.00477	0.00378	0.00800
3	0.06131	0.10599	0.24617	0.01580	0.03695	0.06908	0.07071	0.02341	0.13541	0.08847	0.03203	0.04049	0.01334	0.00723	0.00608	0.00196	0.00764	0.00592	0.00428	0.02772
4	0.01280	0.00896	0.01047	0.00999	0.01223	0.00906	0.00759	0.05058	0.16672	0.08681	0.11694	0.18405	0.15134	0.06976	0.00934	0.00260	0.00458	0.07266	0.00630	0.00721
5	0.01296	0.03342	0.73944	0.01842	0.02797	0.01501	0.02387	0.02046	0.01364	0.02046	0.01160	0.01364	0.00818	0.00614	0.00614	0.00205	0.00955	0.00477	0.00273	0.00955
6	0.00784	0.00576	0.00735	0.00863	0.00927	0.00528	0.00583	0.00904	0.01273	0.01664	0.04010	0.66239	0.14615	0.01966	0.00816	0.00256	0.00368	0.01766	0.00600	0.00528
7	0.06911	0.01112	0.01505	0.01200	0.01640	0.01027	0.04368	0.04560	0.05768	0.51881	0.02492	0.10852	0.01840	0.00923	0.00662	0.00209	0.00555	0.00780	0.00718	0.00994
8	0.01204	0.00602	0.00602	0.00602	0.00753	0.00602	0.00452	0.01506	0.01355	0.02409	0.02108	0.02409	0.01656	0.00753	0.00452	0.00151	0.00301	0.00602	0.80879	0.00602
9	0.02414	0.03079	0.01831	0.01665	0.01998	0.74698	0.01248	0.02580	0.01831	0.01581	0.00999	0.01165	0.00832	0.00666	0.00583	0.00166	0.01165	0.00416	0.00333	0.00749
10	0.01281	0.02756	0.54985	0.01989	0.12053	0.01388	0.02100	0.01918	0.01421	0.02085	0.07193	0.01904	0.04690	0.00714	0.00636	0.00203	0.00848	0.00588	0.00330	0.00917
11	0.01169	0.01267	0.08337	0.57881	0.03786	0.01318	0.01680	0.01586	0.01282	0.01680	0.01428	0.09624	0.01249	0.00971	0.03892	0.00255	0.00857	0.00703	0.00321	0.00713
12	0.01829	0.00863	0.01157	0.00968	0.01280	0.00766	0.00766	0.02108	0.01838	0.35352	0.40504	0.03616	0.04025	0.01081	0.00710	0.00202	0.00418	0.00930	0.00752	0.00835
13	0.02014	0.01153	0.01427	0.01055	0.01597	0.00939	0.00857	0.04796	0.01609	0.31275	0.01732	0.01697	0.01223	0.00620	0.00554	0.00142	0.00516	0.00499	0.00562	0.45733
14	0.00910	0.00598	0.00790	0.00898	0.00962	0.00556	0.00606	0.01031	0.01276	0.05369	0.06258	0.65933	0.04101	0.06237	0.00954	0.00278	0.00395	0.01697	0.00603	0.00550
15	0.06603	0.01439	0.01569	0.01290	0.01726	0.01572	0.01039	0.25812	0.29409	0.16479	0.02140	0.02008	0.01529	0.00809	0.00631	0.00204	0.00577	0.00640	0.03496	0.01030
16	0.04092	0.01145	0.07767	0.01052	0.01367	0.00968	0.00883	0.08069	0.03327	0.19605	0.15951	0.03085	0.02539	0.20344	0.06655	0.00368	0.00655	0.00799	0.00570	0.00761
17	0.01759	0.04979	0.05833	0.01330	0.05910	0.06513	0.01032	0.15137	0.01770	0.14794	0.02422	0.14349	0.07384	0.05052	0.02478	0.00245	0.00642	0.02397	0.05147	0.00825
18	0.01815	0.01334	0.01504	0.01143	0.01654	0.01259	0.00924	0.22605	0.07928	0.08560	0.01558	0.01619	0.01174	0.00641	0.00556	0.00147	0.00547	0.00505	0.04656	0.39870
19	0.01642	0.15089	0.21792	0.01512	0.05314	0.06362	0.01431	0.11414	0.01589	0.05948	0.01436	0.05962	0.01234	0.04128	0.05397	0.00258	0.03151	0.00588	0.00394	0.05358
20	0.05218	0.00968	0.04822	0.00997	0.01173	0.04852	0.00771	0.03443	0.01415	0.04106	0.09987	0.42815	0.07587	0.04903	0.00868	0.00256	0.00483	0.04158	0.00566	0.00612
21	0.03403	0.01354	0.03045	0.08699	0.08217	0.08853	0.04074	0.09691	0.01619	0.05776	0.04589	0.11078	0.06550	0.05407	0.00883	0.00237	0.03059	0.07872	0.00479	0.05112

[dist]
# distance from previous block
# <min> <max>
2	12

[block]
# block no. 7 follows, 34 sequences, length 42
# corresponding to MSA columns:
# 204-245
name=unknown_H
#
# <colnr> <probs for GDERKNQSTAVLIFYWHMCP>
#	G	D	E	R	K	N	Q	S	T	A	V	L	I	F	Y	W	H	M	C	P
0	0.05678	0.01432	0.01445	0.01271	0.01615	0.06593	0.01003	0.20773	0.28075	0.02851	0.09035	0.08814	0.02297	0.01018	0.00676	0.00215	0.00584	0.05111	0.00615	0.00899
1	0.05594	0.10654	0.08932	0.01619	0.10432	0.03640	0.04418	0.08828	0.06013	0.07043	0.05189	0.04891	0.03260	0.00762	0.00651	0.00183	0.03431	0.00618	0.00447	0.13396
2	0.05213	0.03579	0.06486	0.01136	0.04653	0.00982	0.00884	0.08535	0.04700	0.02190	0.12367	0.22880	0.16965	0.03973	0.00806	0.00235	0.00489	0.02677	0.00556	0.00692
3	0.01732	0.15202	0.14178	0.01579	0.04264	0.15444	0.05250	0.11930	0.03424	0.02100	0.03337	0.01852	0.05495	0.03787	0.00842	0.00210	0.07567	0.00581	0.00389	0.00836
4	0.02845	0.13957	0.34388	0.01464	0.02098	0.05190	0.03809	0.04297	0.03544	0.04653	0.04860	0.01832	0.01321	0.07340	0.00818	0.00225	0.00790	0.00554	0.03001	0.03013
5	0.01628	0.35553	0.21216	0.01473	0.04909	0.03614	0.01463	0.08267	0.03595	0.01985	0.01193	0.03818	0.01016	0.00667	0.00580	0.00173	0.03186	0.00483	0.00340	0.04844
6	0.02341	0.01704	0.01845	0.01442	0.01930	0.01884	0.01183	0.59495	0.09657	0.06642	0.01702	0.01693	0.01221	0.00920	0.03076	0.00224	0.00719	0.00603	0.00644	0.01074
7	0.00941	0.00719	0.01073	0.01063	0.01174	0.00851	0.00830	0.01169	0.01037	0.01502	0.01698	0.02497	0.01587	0.04709	0.72060	0.01011	0.04468	0.00688	0.00344	0.00582
8	0.01706	0.74021	0.06860	0.01142	0.01714	0.02505	0.01169	0.01940	0.01315	0.01546	0.00911	0.01053	0.00829	0.00556	0.00424	0.00141	0.00704	0.00352	0.00276	0.00835
9	0.00805	0.00597	0.00747	0.00853	0.00937	0.00547	0.00592	0.00942	0.01312	0.01708	0.06974	0.53295	0.18530	0.04498	0.00898	0.00265	0.00382	0.04989	0.00597	0.00531
10	0.00873	0.00630	0.00812	0.00928	0.00998	0.00602	0.00640	0.04220	0.01338	0.01776	0.03563	0.68705	0.06422	0.01945	0.00816	0.00259	0.00396	0.03921	0.00602	0.00555
11	0.00903	0.00624	0.00750	0.00777	0.00806	0.00626	0.00482	0.00957	0.01026	0.01372	0.02451	0.17138	0.05394	0.52312	0.11126	0.00593	0.00699	0.01088	0.00432	0.00443
12	0.02414	0.03079	0.01831	0.01665	0.01998	0.74698	0.01248	0.02580	0.01831	0.01581	0.00999	0.01165	0.00832	0.00666	0.00583	0.00166	0.01165	0.00416	0.00333	0.00749
13	0.01440	0.11529	0.44311	0.02074	0.12296	0.04901	0.07290	0.02014	0.01393	0.01952	0.01164	0.01426	0.00894	0.00773	0.03653	0.00229	0.00950	0.00503	0.00290	0.00919
14	0.02576	0.01618	0.01821	0.01396	0.01908	0.01719	0.01153	0.52777	0.02717	0.22855	0.01820	0.01726	0.01234	0.00782	0.00647	0.00196	0.00668	0.00600	0.00688	0.01099
15	0.00966	0.00746	0.00846	0.00924	0.01040	0.03582	0.00695	0.01136	0.01340	0.01723	0.03694	0.24753	0.16960	0.13478	0.01189	0.00312	0.00498	0.21241	0.04334	0.00541
16	0.05040	0.00783	0.00945	0.00864	0.01097	0.00726	0.03898	0.01199	0.01483	0.05452	0.13544	0.10013	0.46639	0.01459	0.00798	0.00220	0.03417	0.01225	0.00588	0.00609
17	0.01247	0.00936	0.04030	0.01330	0.08139	0.00876	0.00931	0.03277	0.01371	0.09663	0.02743	0.40860	0.02967	0.03941	0.00937	0.00254	0.06194	0.05104	0.04513	0.00685
18	0.01771	0.01181	0.01311	0.01111	0.01429	0.01255	0.00872	0.29564	0.07301	0.08185	0.07359	0.12807	0.02172	0.03753	0.00737	0.00213	0.00522	0.00835	0.16772	0.00851
19	0.02437	0.01314	0.01683	0.01325	0.01792	0.01302	0.04546	0.21725	0.07914	0.39142	0.02295	0.05855	0.01661	0.00879	0.00672	0.00207	0.00611	0.02899	0.00705	0.01037
20	0.01382	0.01336	0.03947	0.13762	0.19951	0.05213	0.12509	0.01718	0.01454	0.05418	0.03859	0.15538	0.09152	0.00982	0.00705	0.00215	0.00724	0.00916	0.00426	0.00791
21	0.43180	0.10551	0.07116	0.13901	0.04980	0.07159	0.01157	0.01928	0.01249	0.02326	0.00982	0.01218	0.00775	0.00607	0.00484	0.00193	0.00680	0.00412	0.00348	0.00755
22	0.01683	0.14852	0.17048	0.04673	0.13851	0.16736	0.12229	0.02078	0.01470	0.01844	0.01118	0.01403	0.00903	0.00631	0.00683	0.00189	0.05136	0.00513	0.02099	0.00860
23	0.01019	0.00806	0.01096	0.01060	0.01199	0.00901	0.00808	0.01326	0.06093	0.01644	0.02001	0.14659	0.02012	0.07744	0.42068	0.00701	0.06978	0.00865	0.00410	0.06611
24	0.01558	0.19357	0.26709	0.01698	0.06395	0.12006	0.05540	0.02015	0.03035	0.01873	0.03691	0.01780	0.03091	0.00714	0.00642	0.00188	0.03380	0.02979	0.00335	0.03015
25	0.06310	0.02167	0.29929	0.01830	0.05863	0.04017	0.14387	0.06342	0.01543	0.09154	0.01708	0.09037	0.03222	0.00794	0.00659	0.00210	0.00823	0.00705	0.00410	0.00890
26	0.02784	0.01284	0.01614	0.01237	0.01741	0.01223	0.01022	0.20789	0.02158	0.55634	0.02290	0.02031	0.01469	0.00793	0.00649	0.00198	0.00592	0.00632	0.00760	0.01099
27	0.00823	0.00749	0.04329	0.00838	0.00998	0.00596	0.00641	0.00990	0.01342	0.01714	0.06414	0.35484	0.32190	0.06888	0.00957	0.00266	0.00405	0.03255	0.00572	0.00550
28	0.04385	0.06210	0.29395	0.01871	0.07071	0.03920	0.12445	0.11291	0.04191	0.05933	0.03246	0.01705	0.01167	0.03479	0.00730	0.00215	0.00843	0.00582	0.00397	0.00924
29	0.00859	0.00638	0.00855	0.00916	0.00993	0.00641	0.00652	0.01027	0.01311	0.01795	0.16611	0.42894	0.07069	0.04729	0.12881	0.00387	0.03198	0.01429	0.00563	0.00552
30	0.01060	0.00676	0.00880	0.00948	0.01054	0.00640	0.00662	0.04648	0.01405	0.08086	0.06106	0.63728	0.03952	0.01827	0.00798	0.00251	0.00404	0.01644	0.00624	0.00607
31	0.01470	0.05669	0.39458	0.02044	0.10923	0.05700	0.08953	0.02238	0.11241	0.02113	0.03185	0.01639	0.01154	0.00657	0.00632	0.00202	0.00869	0.00562	0.00352	0.00938
32	0.01545	0.01522	0.02442	0.21587	0.50957	0.05202	0.03554	0.01933	0.01446	0.01969	0.01190	0.01611	0.00973	0.00597	0.00641	0.00197	0.00819	0.00572	0.00313	0.00930
33	0.02872	0.01143	0.01526	0.01170	0.01671	0.01014	0.00967	0.07299	0.01922	0.69457	0.02488	0.02160	0.01569	0.00798	0.00650	0.00200	0.00560	0.00646	0.00790	0.01100
34	0.02886	0.00969	0.01174	0.04944	0.01395	0.03876	0.00860	0.08166	0.01404	0.06164	0.02433	0.35382	0.02640	0.08395	0.07911	0.00350	0.08719	0.01172	0.00510	0.00651
35	0.08374	0.06312	0.27591	0.04780	0.07009	0.10159	0.10554	0.07659	0.03158	0.06597	0.01277	0.01465	0.00942	0.00636	0.00610	0.00197	0.00875	0.00524	0.00372	0.00909
36	0.05370	0.00753	0.03314	0.00967	0.01107	0.00664	0.00746	0.01151	0.01320	0.04284	0.03536	0.49161	0.09812	0.01780	0.00795	0.00257	0.00442	0.13377	0.00584	0.00583
37	0.02739	0.01064	0.01448	0.01122	0.01594	0.00922	0.00922	0.02993	0.01848	0.67962	0.08236	0.02412	0.01963	0.00842	0.00659	0.00200	0.00530	0.00692	0.00793	0.01060
38	0.01627	0.03346	0.04967	0.05852	0.22232	0.01385	0.10935	0.05568	0.11304	0.10156	0.08513	0.02305	0.04732	0.00906	0.03100	0.00230	0.00730	0.00714	0.00481	0.00918
39	0.03730	0.03537	0.12721	0.03753	0.12448	0.05572	0.11678	0.10581	0.04257	0.17249	0.01548	0.01672	0.01116	0.00679	0.00686	0.00198	0.03256	0.00583	0.00468	0.04271
40	0.01506	0.25307	0.47941	0.01598	0.02403	0.01849	0.01925	0.06860	0.01466	0.02032	0.01109	0.01280	0.00841	0.00607	0.00557	0.00184	0.00859	0.00446	0.00300	0.00928
41	0.52046	0.17879	0.10692	0.01056	0.01556	0.04059	0.01017	0.01947	0.01202	0.02455	0.00935	0.01090	0.00747	0.00594	0.00436	0.00186	0.00619	0.00367	0.00355	0.00761

[dist]
# distance from previous block
# <min> <max>
0	1

[block]
# block no. 8 follows, 34 sequences, length 22
# corresponding to MSA columns:
# 247-268
name=unknown_I
#
# <colnr> <probs for GDERKNQSTAVLIFYWHMCP>
#	G	D	E	R	K	N	Q	S	T	A	V	L	I	F	Y	W	H	M	C	P
0	0.01263	0.08890	0.01327	0.01035	0.01249	0.05882	0.00806	0.05457	0.01339	0.04222	0.06240	0.07099	0.04858	0.12228	0.31952	0.00597	0.01081	0.00775	0.00426	0.03277
1	0.01373	0.09099	0.33811	0.01919	0.06138	0.03876	0.17599	0.01911	0.01470	0.02045	0.10113	0.04663	0.01647	0.00732	0.00656	0.00202	0.00857	0.00670	0.00356	0.00863
2	0.05420	0.26653	0.11426	0.03621	0.01961	0.16621	0.01298	0.13675	0.04436	0.02156	0.01309	0.04096	0.01125	0.00729	0.00558	0.00179	0.00799	0.02689	0.00391	0.00855
3	0.01773	0.72737	0.03283	0.01143	0.01681	0.07337	0.01115	0.01978	0.01347	0.01524	0.00905	0.01045	0.00829	0.00560	0.00426	0.00140	0.00722	0.00350	0.00280	0.00824
4	0.00984	0.00896	0.01430	0.01339	0.05690	0.00819	0.14224	0.01233	0.01444	0.01862	0.08371	0.23126	0.31103	0.01447	0.00775	0.00229	0.00519	0.03334	0.00537	0.00637
5	0.01808	0.13855	0.04192	0.08788	0.02047	0.27285	0.05781	0.02034	0.01486	0.06058	0.03591	0.01875	0.01277	0.11511	0.01060	0.00247	0.05436	0.00567	0.00364	0.00737
6	0.02107	0.01282	0.01487	0.01247	0.01650	0.01346	0.00991	0.16088	0.27734	0.26321	0.02499	0.10420	0.01936	0.00959	0.00671	0.00213	0.00547	0.00798	0.00696	0.01008
7	0.00897	0.00677	0.00712	0.00699	0.00924	0.00569	0.00525	0.01063	0.01483	0.06178	0.06132	0.09919	0.64756	0.01606	0.00760	0.00220	0.00344	0.01346	0.00612	0.00578
8	0.08591	0.04044	0.28019	0.03668	0.16276	0.02951	0.13002	0.01909	0.01409	0.02082	0.01643	0.02130	0.05519	0.00735	0.00646	0.00209	0.00833	0.05118	0.00345	0.00871
9	0.00798	0.00568	0.00752	0.00889	0.00929	0.00532	0.00592	0.00912	0.01244	0.01664	0.05741	0.71584	0.04254	0.05066	0.00923	0.00275	0.00383	0.01779	0.00595	0.00522
10	0.01525	0.01743	0.03813	0.02723	0.03377	0.01634	0.70915	0.02070	0.01525	0.02070	0.01307	0.01743	0.00980	0.00545	0.00763	0.00218	0.01089	0.00763	0.00327	0.00871
11	0.00933	0.00771	0.01160	0.07957	0.05915	0.00753	0.05128	0.01130	0.01312	0.01721	0.03451	0.46036	0.13474	0.03318	0.00842	0.00254	0.00495	0.04220	0.00532	0.00598
12	0.02659	0.01485	0.01738	0.01332	0.01842	0.01522	0.01101	0.40023	0.02494	0.35924	0.02008	0.01848	0.01328	0.00787	0.00648	0.00197	0.00637	0.00613	0.00717	0.01099
13	0.00928	0.00672	0.00933	0.00933	0.01012	0.00751	0.00676	0.01086	0.01007	0.01422	0.01827	0.03071	0.01847	0.27690	0.52204	0.00909	0.01383	0.00770	0.00360	0.00518
14	0.00888	0.00651	0.00833	0.00805	0.00954	0.00596	0.00597	0.01161	0.01740	0.02421	0.60023	0.11540	0.12549	0.01416	0.00768	0.00210	0.00313	0.01249	0.00690	0.00596
15	0.01115	0.00945	0.01336	0.01466	0.09201	0.01099	0.01002	0.01397	0.05455	0.01744	0.02218	0.29902	0.02385	0.02048	0.14506	0.00393	0.18501	0.01076	0.03548	0.00665
16	0.01525	0.01743	0.03813	0.02723	0.03377	0.01634	0.70915	0.02070	0.01525	0.02070	0.01307	0.01743	0.00980	0.00545	0.00763	0.00218	0.01089	0.00763	0.00327	0.00871
17	0.00987	0.00721	0.01006	0.06046	0.04502	0.00705	0.00850	0.01200	0.01393	0.04063	0.08128	0.37659	0.10249	0.01688	0.00806	0.00255	0.00475	0.18086	0.00579	0.00603
18	0.01310	0.01093	0.01525	0.01556	0.09468	0.03566	0.08370	0.07955	0.04948	0.04273	0.06430	0.24790	0.09422	0.01347	0.00761	0.00234	0.00589	0.11080	0.00548	0.00735
19	0.73421	0.01296	0.01005	0.00897	0.01288	0.04236	0.00733	0.01940	0.01150	0.05098	0.00986	0.01143	0.00766	0.00756	0.02994	0.00228	0.00570	0.00374	0.00408	0.00710
20	0.01628	0.15074	0.10961	0.10945	0.09702	0.17270	0.10728	0.01972	0.01453	0.01760	0.01365	0.04899	0.03342	0.00733	0.00706	0.00195	0.05536	0.00596	0.00326	0.00809
21	0.01647	0.04243	0.08775	0.02324	0.28083	0.13065	0.01492	0.02283	0.15204	0.03930	0.05903	0.02034	0.03752	0.00893	0.03392	0.00226	0.00785	0.00630	0.00427	0.00913

[dist]
# distance from previous block
# <min> <max>
0	1

[block]
# block no. 9 follows, 34 sequences, length 8
# corresponding to MSA columns:
# 270-277
name=unknown_J
#
# <colnr> <probs for GDERKNQSTAVLIFYWHMCP>
#	G	D	E	R	K	N	Q	S	T	A	V	L	I	F	Y	W	H	M	C	P
0	0.04210	0.09378	0.09569	0.06280	0.26273	0.05527	0.01534	0.09475	0.06876	0.07763	0.01535	0.06047	0.01269	0.00734	0.00618	0.00195	0.00732	0.00619	0.00425	0.00940
1	0.04451	0.13231	0.25646	0.04120	0.12745	0.01651	0.06814	0.07717	0.05380	0.10156	0.01396	0.01543	0.01031	0.00642	0.00602	0.00194	0.00792	0.00533	0.00398	0.00956
2	0.02295	0.01509	0.01650	0.01290	0.01741	0.01625	0.01057	0.50295	0.02593	0.12701	0.01776	0.01783	0.01260	0.00775	0.00613	0.00187	0.00619	0.00594	0.14625	0.01013
3	0.01540	0.01500	0.02585	0.11295	0.55510	0.01566	0.06791	0.01921	0.01419	0.02016	0.01186	0.01608	0.00990	0.00624	0.00764	0.00203	0.06625	0.00588	0.00314	0.00956
4	0.01604	0.07386	0.22202	0.09637	0.15304	0.01502	0.04129	0.07311	0.07294	0.08869	0.01850	0.01986	0.06635	0.00733	0.00634	0.00200	0.00756	0.00619	0.00419	0.00929
5	0.00991	0.00901	0.00966	0.00982	0.01102	0.06640	0.00723	0.01134	0.01322	0.01656	0.03916	0.34598	0.26023	0.01840	0.05041	0.00286	0.09424	0.01355	0.00527	0.00574
6	0.00787	0.00562	0.00750	0.00900	0.00937	0.00525	0.00600	0.00900	0.01237	0.01649	0.03561	0.76871	0.04274	0.02024	0.00825	0.00262	0.00375	0.01837	0.00600	0.00525
7	0.01824	0.04941	0.06907	0.07805	0.19844	0.16337	0.09205	0.05973	0.06994	0.07781	0.01508	0.05312	0.01229	0.00720	0.00643	0.00196	0.00841	0.00628	0.00411	0.00901

[dist]
# distance from previous block
# <min> <max>
5	8

[block]
# block no. 10 follows, 34 sequences, length 25
# corresponding to MSA columns:
# 287-311
name=unknown_K
#
# <colnr> <probs for GDERKNQSTAVLIFYWHMCP>
#	G	D	E	R	K	N	Q	S	T	A	V	L	I	F	Y	W	H	M	C	P
0	0.04503	0.01029	0.04705	0.01022	0.01270	0.02551	0.00813	0.10996	0.01665	0.08074	0.13295	0.32885	0.11753	0.01444	0.00736	0.00226	0.00472	0.01253	0.00608	0.00700
1	0.07686	0.19893	0.16175	0.01744	0.13081	0.04680	0.03138	0.06591	0.03803	0.03563	0.03564	0.01475	0.01112	0.00623	0.00550	0.00172	0.00723	0.00487	0.00370	0.10569
2	0.01903	0.01338	0.01914	0.04745	0.13784	0.01285	0.07886	0.10705	0.07992	0.19233	0.04993	0.01920	0.01462	0.00694	0.00629	0.00181	0.00641	0.00613	0.00533	0.17551
3	0.29598	0.07194	0.04930	0.01491	0.08809	0.14732	0.01127	0.11761	0.05117	0.05107	0.03707	0.01448	0.01109	0.00677	0.00536	0.00189	0.00705	0.00480	0.00437	0.00844
4	0.02253	0.14419	0.02129	0.01415	0.01916	0.05347	0.01189	0.50163	0.09191	0.03407	0.01519	0.01529	0.01124	0.00743	0.00606	0.00186	0.00709	0.00549	0.00572	0.01031
5	0.01369	0.01208	0.04362	0.01150	0.03116	0.00969	0.02835	0.05371	0.04709	0.03977	0.05936	0.09134	0.01748	0.00774	0.00581	0.00149	0.00520	0.02953	0.00460	0.48677
