[name]
unknown

[dist]
# distance from previous block
# <min> <max>
0	16

[block]
# block no. 0 follows, 32 sequences, length 17
# corresponding to MSA columns:
# 16-32
name=unknown_A
#
# <colnr> <probs for GDERKNQSTAVLIFYWHMCP>
#	G	D	E	R	K	N	Q	S	T	A	V	L	I	F	Y	W	H	M	C	P
0	0.04637	0.06074	0.01824	0.01433	0.03539	0.09286	0.01136	0.29649	0.11078	0.03005	0.01702	0.03692	0.01390	0.00815	0.00631	0.00188	0.00699	0.04033	0.00549	0.14641
1	0.01277	0.01233	0.04961	0.03892	0.08423	0.05337	0.01004	0.06043	0.08590	0.02395	0.26267	0.05695	0.19808	0.01206	0.00739	0.00214	0.00527	0.01029	0.00597	0.00763
2	0.06928	0.26875	0.18534	0.04844	0.02252	0.08991	0.05459	0.07010	0.01590	0.06448	0.01207	0.01370	0.00936	0.00636	0.00561	0.00181	0.00830	0.00472	0.00370	0.04506
3	0.04039	0.06190	0.10526	0.04097	0.08457	0.01423	0.06748	0.08798	0.11994	0.08066	0.07463	0.11273	0.02070	0.01162	0.04449	0.00261	0.00737	0.00826	0.00520	0.00901
4	0.01227	0.05736	0.01252	0.01187	0.04555	0.00990	0.00836	0.03865	0.09492	0.06175	0.03352	0.43459	0.09556	0.01608	0.00821	0.00246	0.02924	0.01408	0.00598	0.00713
5	0.00922	0.00727	0.00973	0.00992	0.01133	0.00687	0.03848	0.01211	0.05900	0.01957	0.13547	0.45613	0.16384	0.01781	0.00822	0.00251	0.00414	0.01598	0.00630	0.00611
6	0.01602	0.05968	0.16886	0.13074	0.06712	0.01558	0.14591	0.10917	0.04330	0.05578	0.01892	0.06754	0.05492	0.00822	0.00693	0.00216	0.00829	0.00744	0.00433	0.00910
7	0.05893	0.04190	0.07973	0.03769	0.05559	0.03820	0.03083	0.19587	0.16237	0.06080	0.05010	0.06106	0.04307	0.01094	0.04067	0.00253	0.00729	0.00739	0.00557	0.00948
8	0.00809	0.00656	0.00718	0.00755	0.00929	0.00565	0.00546	0.00974	0.01489	0.01841	0.10022	0.24193	0.50596	0.01782	0.00809	0.00237	0.00351	0.01530	0.00630	0.00565
9	0.03829	0.13972	0.10777	0.11054	0.12320	0.01725	0.11506	0.06244	0.08246	0.02188	0.03210	0.06478	0.01405	0.00782	0.00706	0.00210	0.03367	0.00683	0.00400	0.00899
10	0.01789	0.25358	0.05624	0.06506	0.05599	0.12716	0.01284	0.10113	0.05715	0.02094	0.05416	0.01790	0.01394	0.04411	0.02780	0.00233	0.05363	0.00560	0.00402	0.00853
11	0.47623	0.08441	0.01521	0.01253	0.05723	0.10648	0.00955	0.02263	0.01397	0.13018	0.01221	0.01315	0.00915	0.00656	0.00494	0.00197	0.00649	0.00432	0.00452	0.00827
12	0.00886	0.00657	0.00797	0.00846	0.00987	0.00597	0.00623	0.01095	0.01541	0.02050	0.21589	0.27775	0.25261	0.01714	0.00809	0.00241	0.00372	0.07196	0.04382	0.00584
13	0.04595	0.07108	0.04095	0.08981	0.08348	0.03941	0.14139	0.07929	0.07935	0.06115	0.02023	0.02226	0.07657	0.00849	0.00769	0.02862	0.02868	0.00695	0.06003	0.00863
14	0.04454	0.18118	0.13169	0.03295	0.04496	0.07224	0.05606	0.12079	0.15759	0.02468	0.05713	0.01820	0.01478	0.00745	0.00617	0.00197	0.00764	0.00592	0.00462	0.00944
15	0.05984	0.00823	0.00912	0.00929	0.01084	0.03133	0.00666	0.03700	0.01457	0.02013	0.12937	0.34629	0.13663	0.06560	0.05621	0.00317	0.00530	0.01365	0.00581	0.03098
16	0.01910	0.04059	0.05673	0.01443	0.03749	0.10960	0.01169	0.19798	0.18979	0.04509	0.02127	0.02149	0.05859	0.00853	0.00695	0.00200	0.03435	0.00654	0.08150	0.03628

[dist]
# distance from previous block
# <min> <max>
0	17

[block]
# block no. 1 follows, 32 sequences, length 20
# corresponding to MSA columns:
# 50-69
name=unknown_B
#
# <colnr> <probs for GDERKNQSTAVLIFYWHMCP>
#	G	D	E	R	K	N	Q	S	T	A	V	L	I	F	Y	W	H	M	C	P
0	0.07921	0.20379	0.02092	0.01438	0.05111	0.15716	0.01127	0.11552	0.13192	0.04220	0.04475	0.04806	0.03635	0.00822	0.00597	0.00190	0.00729	0.00620	0.00483	0.00892
1	0.05697	0.01097	0.05389	0.01227	0.05066	0.01041	0.00930	0.03362	0.08999	0.04185	0.22663	0.13818	0.06959	0.06717	0.01037	0.00258	0.06369	0.01035	0.03422	0.00730
2	0.06447	0.11599	0.21326	0.01853	0.02542	0.05998	0.20332	0.09002	0.01642	0.02309	0.01226	0.01467	0.00937	0.00613	0.00626	0.00191	0.00898	0.00548	0.00363	0.10080
3	0.01609	0.04449	0.27906	0.06057	0.10641	0.01591	0.08789	0.11110	0.08064	0.04097	0.01571	0.03970	0.01256	0.04960	0.00823	0.00237	0.00847	0.00650	0.00414	0.00958
4	0.01240	0.00978	0.01091	0.01026	0.01284	0.01016	0.00778	0.02104	0.28261	0.04669	0.20015	0.12069	0.20117	0.01336	0.00753	0.00228	0.00421	0.01146	0.00680	0.00788
5	0.00999	0.00835	0.00881	0.00889	0.01083	0.03620	0.00668	0.03686	0.03552	0.02034	0.14118	0.19934	0.36835	0.01654	0.00801	0.00237	0.00423	0.06502	0.00630	0.00618
6	0.04646	0.08424	0.05096	0.10149	0.20676	0.01582	0.05861	0.04695	0.07688	0.11368	0.07064	0.02004	0.01572	0.00766	0.00751	0.00210	0.05396	0.00647	0.00463	0.00943
7	0.02324	0.01423	0.01559	0.04855	0.04102	0.10771	0.01054	0.10226	0.01979	0.35235	0.10345	0.02716	0.08540	0.00936	0.00689	0.00205	0.00648	0.00758	0.00676	0.00961
8	0.00806	0.00668	0.00706	0.00723	0.00921	0.00568	0.00532	0.00978	0.01521	0.01855	0.10485	0.15268	0.59197	0.01730	0.00801	0.00231	0.00345	0.01466	0.00630	0.00568
9	0.02097	0.34732	0.02826	0.01601	0.02082	0.35115	0.08861	0.02332	0.01634	0.01671	0.01028	0.01219	0.00880	0.00627	0.00551	0.00166	0.00989	0.00441	0.00320	0.00828
10	0.06315	0.01656	0.13882	0.06624	0.18246	0.01392	0.06709	0.05610	0.01537	0.07356	0.06050	0.09751	0.01767	0.03858	0.00901	0.00239	0.06012	0.00777	0.00438	0.00879
11	0.00976	0.00651	0.00732	0.00732	0.00732	0.00651	0.00407	0.00976	0.00976	0.01301	0.02114	0.04391	0.02439	0.76419	0.03415	0.00651	0.00651	0.00976	0.00407	0.00407
12	0.01468	0.02208	0.23492	0.02447	0.03175	0.01585	0.46199	0.02066	0.01517	0.02115	0.01461	0.06353	0.01185	0.00683	0.00752	0.00225	0.01045	0.00777	0.00341	0.00907
13	0.01842	0.11725	0.04231	0.01914	0.02446	0.10586	0.29488	0.05683	0.01717	0.10306	0.06962	0.02108	0.04012	0.00864	0.02915	0.00230	0.00929	0.00712	0.00447	0.00883
14	0.01767	0.72427	0.07676	0.01194	0.01793	0.02589	0.01228	0.02016	0.01367	0.01611	0.00949	0.01097	0.00860	0.00578	0.00443	0.00148	0.00734	0.00367	0.00287	0.00869
15	0.01450	0.01227	0.01423	0.01022	0.01615	0.00954	0.00819	0.05145	0.01481	0.02290	0.01214	0.01402	0.01001	0.00513	0.00506	0.00105	0.00509	0.00408	0.00411	0.76505
16	0.01955	0.03752	0.03885	0.01266	0.01656	0.01387	0.01035	0.29688	0.04805	0.14129	0.02645	0.22353	0.06105	0.01205	0.00721	0.00223	0.00594	0.01012	0.00656	0.00929
17	0.01042	0.00812	0.01106	0.01115	0.04602	0.00729	0.04386	0.01281	0.01568	0.04709	0.17776	0.18871	0.28226	0.01530	0.00792	0.00231	0.00445	0.06300	0.00615	0.03864
18	0.00816	0.00589	0.00773	0.00920	0.00969	0.00546	0.00617	0.00936	0.01298	0.01718	0.03872	0.72091	0.08216	0.02080	0.00853	0.00270	0.00387	0.01880	0.00623	0.00546
19	0.01474	0.30071	0.18867	0.01386	0.03889	0.03498	0.01360	0.02009	0.09482	0.01902	0.02057	0.08480	0.08196	0.01042	0.03362	0.00226	0.00750	0.00697	0.00399	0.00853

[dist]
# distance from previous block
# <min> <max>
0	6

[block]
# block no. 2 follows, 32 sequences, length 17
# corresponding to MSA columns:
# 76-92
name=unknown_C
#
# <colnr> <probs for GDERKNQSTAVLIFYWHMCP>
#	G	D	E	R	K	N	Q	S	T	A	V	L	I	F	Y	W	H	M	C	P
0	0.06333	0.08139	0.05314	0.13280	0.18098	0.11004	0.01438	0.03923	0.04097	0.06062	0.04982	0.04516	0.01449	0.00937	0.03833	0.00235	0.00819	0.00622	0.00413	0.04507
1	0.01458	0.01506	0.06222	0.14969	0.08822	0.06828	0.07127	0.04049	0.01484	0.04290	0.05348	0.02551	0.11434	0.01268	0.06592	0.00294	0.13810	0.00751	0.00409	0.00788
2	0.00818	0.00584	0.00779	0.00934	0.00973	0.00545	0.00623	0.00934	0.01285	0.01713	0.03698	0.75981	0.04438	0.02102	0.00856	0.00273	0.00389	0.01908	0.00623	0.00545
3	0.04439	0.01439	0.03858	0.01445	0.07524	0.03277	0.01089	0.10091	0.07245	0.10442	0.01541	0.01678	0.01189	0.00868	0.04136	0.00205	0.03312	0.00524	0.00486	0.35211
4	0.07889	0.08535	0.04424	0.10120	0.09029	0.05213	0.06931	0.06453	0.04111	0.04475	0.04898	0.06763	0.06376	0.00926	0.00866	0.00220	0.10775	0.00735	0.00434	0.00829
5	0.00996	0.00668	0.00853	0.00889	0.00973	0.00685	0.00621	0.01158	0.03723	0.01670	0.02709	0.22436	0.07587	0.15143	0.17747	0.10791	0.00766	0.01100	0.08955	0.00530
6	0.00925	0.00735	0.00838	0.00811	0.01013	0.00676	0.00608	0.01284	0.06900	0.02250	0.33577	0.08603	0.36292	0.01521	0.00787	0.00222	0.00347	0.01303	0.00676	0.00631
7	0.10372	0.01821	0.10225	0.04343	0.17366	0.05512	0.06788	0.11681	0.03939	0.04658	0.01332	0.01550	0.01028	0.00650	0.00645	0.00189	0.02244	0.00540	0.00421	0.14696
8	0.01743	0.08245	0.04196	0.05266	0.08339	0.06818	0.03682	0.09187	0.10220	0.09804	0.04480	0.11973	0.01905	0.01122	0.03868	0.00244	0.00722	0.00796	0.04332	0.03057
9	0.00820	0.00608	0.00766	0.00880	0.00962	0.00554	0.00602	0.00959	0.01368	0.01789	0.08271	0.58415	0.17591	0.01982	0.00840	0.00260	0.00376	0.01772	0.00630	0.00554
10	0.05658	0.01242	0.01289	0.01154	0.01480	0.04534	0.00894	0.07663	0.27839	0.10000	0.09564	0.10102	0.09881	0.01108	0.00693	0.00219	0.00517	0.00922	0.04359	0.00882
11	0.10865	0.16500	0.13785	0.06180	0.11419	0.04809	0.01484	0.09391	0.05131	0.04571	0.01390	0.05033	0.01161	0.00760	0.00677	0.00202	0.04751	0.00574	0.00406	0.00911
12	0.16944	0.21859	0.04803	0.01457	0.04049	0.04294	0.06750	0.12470	0.06318	0.05059	0.01387	0.04195	0.01144	0.00730	0.00616	0.00193	0.03156	0.00552	0.00440	0.03584
13	0.00987	0.00697	0.00883	0.00950	0.03795	0.00709	0.00575	0.01071	0.01102	0.01505	0.06862	0.09893	0.02689	0.50989	0.13923	0.00638	0.00792	0.01012	0.00436	0.00490
14	0.01044	0.00837	0.04267	0.00870	0.00958	0.00747	0.00598	0.04515	0.01203	0.01624	0.05506	0.16694	0.02826	0.52523	0.02575	0.00521	0.00610	0.01108	0.00467	0.00506
15	0.04478	0.13181	0.12188	0.01280	0.01728	0.01484	0.03068	0.09384	0.07637	0.04633	0.07372	0.08621	0.01907	0.03066	0.00776	0.00211	0.04358	0.00725	0.07408	0.06496
16	0.01613	0.05889	0.07834	0.05662	0.09662	0.01285	0.03362	0.09248	0.06364	0.11210	0.06916	0.14720	0.05589	0.01125	0.00723	0.00225	0.00639	0.06509	0.00557	0.00869

[dist]
# distance from previous block
# <min> <max>
2	12

[block]
# block no. 3 follows, 32 sequences, length 18
# corresponding to MSA columns:
# 105-122
name=unknown_D
#
# <colnr> <probs for GDERKNQSTAVLIFYWHMCP>
#	G	D	E	R	K	N	Q	S	T	A	V	L	I	F	Y	W	H	M	C	P
0	0.04797	0.19487	0.15038	0.07341	0.07460	0.01745	0.05091	0.04570	0.06524	0.05344	0.03702	0.04663	0.01343	0.00761	0.00701	0.00199	0.05272	0.00602	0.00401	0.04959
1	0.05930	0.14834	0.10669	0.01329	0.03615	0.08979	0.01154	0.04085	0.04174	0.08195	0.02243	0.14032	0.07699	0.04209	0.02847	0.00251	0.03661	0.00825	0.00466	0.00802
2	0.01371	0.01412	0.02717	0.07835	0.10281	0.01381	0.35892	0.01763	0.01451	0.01941	0.02182	0.02782	0.11104	0.11101	0.01172	0.00283	0.03298	0.00861	0.00383	0.00789
3	0.01215	0.00991	0.01358	0.09516	0.08793	0.01026	0.02852	0.07226	0.07067	0.02206	0.09797	0.25004	0.12679	0.01435	0.02414	0.00250	0.00562	0.01186	0.03686	0.00736
4	0.01633	0.08057	0.01794	0.09057	0.09423	0.05076	0.03650	0.05235	0.06544	0.11769	0.02416	0.15394	0.07145	0.03718	0.03793	0.00268	0.02780	0.00907	0.00512	0.00828
5	0.01082	0.00896	0.01281	0.12696	0.06309	0.00889	0.04074	0.01412	0.04086	0.03862	0.16560	0.16050	0.25468	0.01369	0.00768	0.00229	0.00509	0.01206	0.00569	0.00684
6	0.18761	0.01283	0.01402	0.01126	0.01566	0.01325	0.00922	0.20586	0.02002	0.27926	0.01937	0.01894	0.01338	0.00772	0.00585	0.00197	0.00561	0.00583	0.14266	0.00967
7	0.01654	0.02173	0.21873	0.10979	0.19367	0.06751	0.09818	0.07523	0.04385	0.04055	0.01444	0.04361	0.01149	0.00710	0.00677	0.00211	0.00895	0.00637	0.00381	0.00956
8	0.00845	0.00654	0.00779	0.00813	0.00962	0.00588	0.00588	0.01037	0.01522	0.01978	0.20958	0.26773	0.33057	0.01896	0.04159	0.00276	0.00416	0.01484	0.00638	0.00577
9	0.00973	0.00662	0.00792	0.00792	0.00813	0.00683	0.00482	0.01015	0.00994	0.01346	0.02059	0.04084	0.02306	0.63938	0.15714	0.00725	0.00851	0.00931	0.00398	0.00440
10	0.00959	0.00719	0.01078	0.01078	0.01198	0.00839	0.00839	0.01198	0.01078	0.01558	0.01797	0.02636	0.01677	0.05032	0.73760	0.01078	0.01797	0.00719	0.00359	0.00599
11	0.01964	0.02452	0.10490	0.01712	0.02142	0.32896	0.06477	0.04592	0.17786	0.02077	0.01520	0.01679	0.01199	0.00980	0.04468	0.00248	0.05445	0.00571	0.00423	0.00878
12	0.00909	0.00634	0.00780	0.00852	0.00889	0.00618	0.00550	0.00989	0.01158	0.01536	0.03010	0.33564	0.06083	0.36713	0.04684	0.00477	0.00572	0.04982	0.00513	0.00487
13	0.02369	0.09352	0.01870	0.01314	0.01782	0.05331	0.01092	0.33778	0.02343	0.19416	0.01821	0.01831	0.01303	0.00968	0.03891	0.00230	0.00724	0.00594	0.08977	0.01015
14	0.01640	0.01573	0.02686	0.07803	0.68709	0.01589	0.02049	0.02041	0.01518	0.02167	0.01258	0.01667	0.01054	0.00602	0.00665	0.00201	0.00802	0.00598	0.00330	0.01046
15	0.00871	0.00678	0.00792	0.00774	0.00957	0.00598	0.00577	0.01110	0.01698	0.02239	0.38608	0.09519	0.36049	0.01560	0.00796	0.00221	0.00331	0.01343	0.00680	0.00598
16	0.01291	0.00823	0.00905	0.00841	0.01022	0.00847	0.00619	0.08599	0.06122	0.02510	0.16213	0.05874	0.02826	0.13537	0.01072	0.00263	0.00431	0.00854	0.34683	0.00669
17	0.12359	0.01818	0.01923	0.04573	0.13506	0.15651	0.04024	0.10721	0.13412	0.02452	0.01522	0.04489	0.01259	0.00817	0.00796	0.00215	0.08492	0.00620	0.00453	0.00901

[dist]
# distance from previous block
# <min> <max>
0	1

[block]
# block no. 4 follows, 32 sequences, length 24
# corresponding to MSA columns:
# 124-147
name=unknown_E
#
# <colnr> <probs for GDERKNQSTAVLIFYWHMCP>
#	G	D	E	R	K	N	Q	S	T	A	V	L	I	F	Y	W	H	M	C	P
0	0.01801	0.01586	0.02512	0.10328	0.52981	0.01640	0.01888	0.12403	0.01770	0.04632	0.01351	0.01684	0.01077	0.00644	0.00666	0.00202	0.00790	0.00601	0.00396	0.01047
1	0.01611	0.01519	0.02327	0.21626	0.38945	0.05873	0.03898	0.02054	0.04118	0.04523	0.01587	0.02060	0.03443	0.00715	0.00680	0.00210	0.00819	0.02685	0.00373	0.00932
2	0.01192	0.00900	0.01040	0.00978	0.01208	0.00904	0.00738	0.05754	0.15277	0.04499	0.28292	0.15485	0.18276	0.01413	0.00770	0.00226	0.00407	0.01222	0.00685	0.00734
3	0.06228	0.01113	0.01338	0.12414	0.03524	0.05252	0.01060	0.08757	0.01691	0.04916	0.15655	0.12182	0.03008	0.03590	0.04400	0.00289	0.00677	0.12626	0.00553	0.00726
4	0.01431	0.01265	0.01739	0.19813	0.20578	0.05604	0.01368	0.03774	0.03682	0.04538	0.12512	0.05607	0.10827	0.00958	0.00699	0.00211	0.00670	0.00837	0.03073	0.00814
5	0.01446	0.01290	0.01866	0.01554	0.01764	0.03233	0.11346	0.09584	0.01421	0.02020	0.01536	0.04872	0.01428	0.08656	0.17280	0.00463	0.23530	0.00731	0.05244	0.00736
6	0.00824	0.00599	0.00780	0.00921	0.00981	0.00554	0.00628	0.00952	0.01315	0.01731	0.03971	0.67536	0.10471	0.02058	0.00853	0.00270	0.00392	0.03994	0.00623	0.00549
7	0.01649	0.18703	0.06352	0.01500	0.09326	0.03991	0.01176	0.07401	0.04012	0.02212	0.01224	0.01401	0.01007	0.00580	0.00532	0.00142	0.00653	0.00446	0.00389	0.37303
8	0.01749	0.01273	0.01408	0.01225	0.01601	0.01376	0.00962	0.06809	0.42555	0.11925	0.09980	0.02866	0.06236	0.00968	0.00685	0.00215	0.00507	0.00806	0.03180	0.03674
9	0.02011	0.39869	0.07073	0.01549	0.05845	0.19084	0.01327	0.10215	0.03792	0.02009	0.01125	0.01266	0.00941	0.00644	0.00533	0.00167	0.00851	0.00438	0.00360	0.00900
10	0.00839	0.00676	0.00748	0.00742	0.00938	0.00584	0.00552	0.01047	0.01620	0.02056	0.25123	0.10279	0.49180	0.01631	0.00796	0.00225	0.00336	0.01388	0.00656	0.00584
11	0.01222	0.00922	0.01192	0.05544	0.01383	0.01050	0.00838	0.09918	0.01316	0.01814	0.01792	0.03033	0.01793	0.30820	0.28566	0.00699	0.06292	0.00784	0.00408	0.00614
12	0.01197	0.07849	0.01701	0.09964	0.01908	0.05507	0.09546	0.01440	0.01382	0.01764	0.02652	0.35210	0.05316	0.01553	0.03178	0.00271	0.03204	0.05206	0.00482	0.00669
13	0.00816	0.00591	0.00772	0.00916	0.00969	0.00547	0.00615	0.00936	0.01302	0.01720	0.03915	0.71115	0.09164	0.02074	0.00852	0.00269	0.00386	0.01873	0.00623	0.00547
14	0.01840	0.13328	0.05483	0.03550	0.04301	0.08302	0.01187	0.11823	0.03969	0.06581	0.01319	0.01475	0.01042	0.00666	0.00670	0.00164	0.05663	0.00483	0.00433	0.27721
15	0.05347	0.14390	0.09932	0.06049	0.09951	0.01694	0.07104	0.02184	0.08316	0.08749	0.01498	0.04247	0.01222	0.00774	0.00818	0.00207	0.10310	0.00606	0.00413	0.06187
16	0.00835	0.00652	0.00757	0.00792	0.00947	0.00575	0.00571	0.01021	0.01536	0.01974	0.20087	0.27095	0.37267	0.01749	0.00812	0.00237	0.00350	0.01520	0.00648	0.00575
17	0.00894	0.00794	0.04404	0.05462	0.01311	0.00676	0.00807	0.01096	0.01383	0.01829	0.08217	0.49766	0.12707	0.01828	0.00827	0.00259	0.00454	0.06099	0.00594	0.00592
18	0.04739	0.08698	0.05901	0.06091	0.07079	0.17023	0.05627	0.11651	0.07820	0.10403	0.03015	0.01693	0.01237	0.00734	0.00678	0.00197	0.03109	0.00570	0.00473	0.03264
19	0.01125	0.05243	0.04554	0.01151	0.01352	0.00962	0.04469	0.01339	0.01350	0.05255	0.07221	0.32610	0.10105	0.04126	0.09554	0.00356	0.06777	0.01269	0.00527	0.00657
20	0.00831	0.00603	0.00797	0.00924	0.00985	0.00568	0.00630	0.00968	0.01316	0.01757	0.07097	0.64131	0.08171	0.02222	0.05276	0.00316	0.00468	0.01774	0.00613	0.00554
21	0.06578	0.07075	0.04396	0.07995	0.12567	0.06125	0.20821	0.06335	0.10191	0.04349	0.01463	0.01705	0.01123	0.00653	0.00657	0.00202	0.00846	0.00619	0.00415	0.05886
22	0.01650	0.13223	0.10282	0.08822	0.05284	0.05687	0.01318	0.14361	0.11568	0.02394	0.04202	0.02410	0.09866	0.02786	0.03096	0.00241	0.00753	0.00693	0.00477	0.00887
23	0.01593	0.03897	0.08468	0.08674	0.07632	0.15042	0.02676	0.10073	0.01698	0.02116	0.04307	0.08187	0.10703	0.01248	0.04362	0.04469	0.00821	0.00788	0.02469	0.00779

[dist]
# distance from previous block
# <min> <max>
0	13

[block]
# block no. 5 follows, 32 sequences, length 24
# corresponding to MSA columns:
# 161-184
name=unknown_F
#
# <colnr> <probs for GDERKNQSTAVLIFYWHMCP>
#	G	D	E	R	K	N	Q	S	T	A	V	L	I	F	Y	W	H	M	C	P
0	0.08025	0.15736	0.05879	0.08504	0.14211	0.04702	0.06697	0.10132	0.01629	0.03951	0.02863	0.06194	0.01343	0.01071	0.06023	0.00263	0.00848	0.00641	0.00407	0.00878
1	0.06155	0.27161	0.05870	0.01604	0.08755	0.10253	0.04149	0.09368	0.01646	0.02114	0.03587	0.02004	0.08273	0.02719	0.00715	0.00198	0.03583	0.00597	0.00399	0.00851
2	0.01222	0.00672	0.00944	0.00910	0.00961	0.00678	0.00630	0.05024	0.01131	0.01528	0.09553	0.02366	0.01775	0.02127	0.02290	0.66221	0.00561	0.00659	0.00367	0.00382
3	0.06016	0.01244	0.03776	0.01990	0.15485	0.01322	0.09570	0.01584	0.01259	0.01881	0.01692	0.12768	0.01678	0.04087	0.18736	0.00456	0.14484	0.00834	0.00381	0.00756
4	0.01162	0.00839	0.01109	0.05086	0.01371	0.00843	0.04099	0.05499	0.03098	0.03672	0.06676	0.20067	0.12556	0.09919	0.05500	0.00327	0.00586	0.04389	0.12556	0.00647
5	0.05439	0.04278	0.04183	0.01576	0.04481	0.11859	0.11388	0.03700	0.01564	0.05076	0.08610	0.15096	0.05196	0.01050	0.00823	0.00214	0.07066	0.00890	0.00471	0.07040
6	0.01045	0.00756	0.01019	0.01001	0.01106	0.00840	0.00736	0.04484	0.01162	0.01623	0.01937	0.03267	0.01948	0.26361	0.46690	0.00883	0.01363	0.02814	0.00397	0.00568
7	0.00919	0.00643	0.00830	0.00940	0.00993	0.00624	0.00658	0.01044	0.01251	0.01657	0.03210	0.40717	0.03738	0.23499	0.01610	0.00389	0.00513	0.15684	0.00559	0.00521
8	0.01170	0.00938	0.00951	0.01014	0.01138	0.09232	0.00712	0.01319	0.01435	0.06114	0.05537	0.53310	0.08038	0.01760	0.00795	0.00248	0.00489	0.01557	0.03627	0.00616
9	0.00838	0.00602	0.00778	0.00911	0.00962	0.00563	0.00612	0.00954	0.01281	0.01692	0.03743	0.63268	0.08340	0.08578	0.01079	0.00304	0.00417	0.03937	0.00604	0.00537
10	0.02258	0.01543	0.01701	0.01338	0.01811	0.01643	0.01091	0.43348	0.07973	0.12014	0.05398	0.02152	0.04241	0.00861	0.00662	0.00198	0.00629	0.00676	0.05542	0.04919
11	0.01231	0.00644	0.00928	0.00906	0.00931	0.00654	0.00615	0.04140	0.00982	0.01310	0.01187	0.02019	0.01164	0.02259	0.02530	0.76685	0.00590	0.00584	0.00309	0.00332
12	0.00885	0.00719	0.03502	0.00941	0.01052	0.00608	0.00698	0.01067	0.01376	0.01874	0.09100	0.54649	0.09358	0.01869	0.00819	0.00257	0.00409	0.04899	0.05340	0.00579
13	0.01866	0.01643	0.01741	0.03770	0.04855	0.16599	0.05203	0.14461	0.04054	0.07773	0.01684	0.04271	0.01392	0.01809	0.17949	0.00408	0.03679	0.00658	0.05344	0.00840
14	0.01056	0.00851	0.00977	0.01000	0.01182	0.03014	0.00775	0.01487	0.09663	0.02182	0.22258	0.17500	0.17821	0.01591	0.00814	0.00247	0.00452	0.15821	0.00651	0.00656
15	0.00833	0.00642	0.00762	0.00815	0.00952	0.00571	0.00580	0.01010	0.01501	0.01942	0.18108	0.34434	0.31842	0.01800	0.00818	0.00242	0.00355	0.01577	0.00645	0.00571
16	0.01068	0.00769	0.00929	0.00927	0.01096	0.00745	0.00678	0.03976	0.07600	0.04218	0.25207	0.30311	0.14320	0.01588	0.00788	0.00235	0.00388	0.01398	0.03098	0.00662
17	0.01119	0.01016	0.04040	0.01571	0.08047	0.00924	0.08367	0.01471	0.04074	0.01969	0.03235	0.27578	0.07437	0.01590	0.00838	0.00267	0.00610	0.24598	0.00554	0.00694
18	0.02567	0.01711	0.01883	0.01450	0.01968	0.01848	0.01196	0.56692	0.02888	0.14817	0.01797	0.01754	0.01247	0.00808	0.00663	0.00200	0.00694	0.00616	0.04080	0.01119
19	0.01391	0.01193	0.01391	0.00994	0.01590	0.00894	0.00795	0.01690	0.01391	0.02186	0.01193	0.01391	0.00994	0.00497	0.00497	0.00099	0.00497	0.00398	0.00398	0.80521
20	0.00963	0.00656	0.00784	0.00791	0.00815	0.00665	0.00482	0.01014	0.01052	0.01424	0.05579	0.08594	0.02662	0.59768	0.11448	0.00657	0.00754	0.01014	0.00430	0.00449
21	0.01735	0.07586	0.02542	0.05905	0.49553	0.08247	0.01794	0.02277	0.09759	0.02149	0.01387	0.01678	0.01139	0.00644	0.00643	0.00197	0.00801	0.00583	0.00370	0.01010
22	0.00883	0.00611	0.00759	0.00850	0.00873	0.00589	0.00533	0.00951	0.01157	0.01542	0.03043	0.46348	0.03611	0.32864	0.01916	0.00429	0.00497	0.01522	0.00533	0.00488
23	0.04556	0.19157	0.17907	0.02065	0.14328	0.07521	0.07667	0.08220	0.08274	0.02258	0.01325	0.01510	0.01041	0.00654	0.00606	0.00193	0.00843	0.00534	0.00379	0.00961

[dist]
# distance from previous block
# <min> <max>
17	24

[block]
# block no. 6 follows, 32 sequences, length 22
# corresponding to MSA columns:
# 218-239
name=unknown_G
#
# <colnr> <probs for GDERKNQSTAVLIFYWHMCP>
#	G	D	E	R	K	N	Q	S	T	A	V	L	I	F	Y	W	H	M	C	P
0	0.00926	0.00634	0.00783	0.00847	0.00937	0.00606	0.00589	0.01096	0.01357	0.01895	0.12018	0.34669	0.10579	0.11915	0.05202	0.00341	0.00485	0.03380	0.11184	0.00556
1	0.01548	0.06487	0.04156	0.07410	0.18376	0.03099	0.13758	0.04559	0.03437	0.06863	0.06194	0.02761	0.13840	0.01026	0.03337	0.00240	0.00780	0.00801	0.00457	0.00870
2	0.01532	0.01351	0.01448	0.01101	0.01637	0.05193	0.00873	0.05744	0.09201	0.02359	0.04360	0.01668	0.01336	0.00608	0.00546	0.00128	0.00547	0.00485	0.00456	0.59427
3	0.00915	0.00743	0.00847	0.00819	0.01052	0.00622	0.00600	0.01102	0.01460	0.01908	0.09256	0.25407	0.35788	0.01582	0.00759	0.00216	0.00380	0.01365	0.00591	0.14587
4	0.00952	0.00773	0.01038	0.01060	0.05129	0.00703	0.03581	0.01204	0.01650	0.02198	0.33704	0.10956	0.28752	0.04227	0.00886	0.00238	0.00405	0.01280	0.00636	0.00630
5	0.02292	0.01436	0.01482	0.01207	0.01616	0.08950	0.00969	0.21911	0.02161	0.25854	0.05301	0.02408	0.06356	0.00881	0.00645	0.00195	0.00618	0.00693	0.14073	0.00956
6	0.11938	0.04685	0.04842	0.06970	0.22112	0.10069	0.07773	0.07211	0.03573	0.02290	0.01372	0.01913	0.01168	0.00761	0.00756	0.00214	0.06171	0.04895	0.00391	0.00895
7	0.00830	0.00681	0.00730	0.00718	0.00929	0.00582	0.00539	0.01034	0.01616	0.02018	0.22010	0.06120	0.56620	0.01623	0.00793	0.00223	0.00334	0.01369	0.00650	0.00582
8	0.01483	0.01422	0.02194	0.05295	0.23934	0.01662	0.06122	0.01892	0.07098	0.01937	0.01548	0.02188	0.03448	0.05149	0.01417	0.00270	0.28635	0.03088	0.00370	0.00848
9	0.02889	0.01337	0.01678	0.01287	0.01810	0.01276	0.01063	0.20940	0.02247	0.54566	0.02373	0.02106	0.01523	0.00824	0.00674	0.00206	0.00615	0.00656	0.00788	0.01142
10	0.01394	0.02553	0.38937	0.01940	0.02676	0.05550	0.19203	0.01995	0.01545	0.02143	0.09081	0.02219	0.06184	0.00770	0.00701	0.00215	0.00925	0.00704	0.00372	0.00891
11	0.00818	0.00584	0.00779	0.00934	0.00973	0.00545	0.00623	0.00934	0.01285	0.01713	0.03698	0.75981	0.04438	0.02102	0.00856	0.00273	0.00389	0.01908	0.00623	0.00545
12	0.00936	0.00648	0.00859	0.00902	0.00961	0.00666	0.00618	0.01020	0.01112	0.01505	0.02622	0.23204	0.06596	0.23217	0.23464	0.08685	0.00897	0.01138	0.00452	0.00499
13	0.01278	0.00940	0.01210	0.01073	0.01302	0.00931	0.05200	0.11317	0.01615	0.05359	0.05941	0.12782	0.19520	0.18044	0.07690	0.00396	0.00670	0.03508	0.00555	0.00669
14	0.01662	0.01645	0.02568	0.13969	0.57945	0.06425	0.01980	0.02052	0.01527	0.02088	0.01237	0.01649	0.01026	0.00614	0.00661	0.00201	0.00839	0.00586	0.00328	0.00999
15	0.02364	0.07998	0.01947	0.01645	0.01989	0.64869	0.01249	0.02537	0.01831	0.01642	0.01179	0.05371	0.01063	0.00762	0.00607	0.00176	0.01131	0.00510	0.00357	0.00770
16	0.01300	0.01290	0.06519	0.15392	0.10656	0.03757	0.05406	0.03102	0.03502	0.03634	0.07311	0.09512	0.07587	0.07752	0.09992	0.00363	0.00852	0.00880	0.00442	0.00752
17	0.01693	0.12503	0.20444	0.04823	0.04393	0.03943	0.10422	0.06880	0.15127	0.06085	0.01789	0.01892	0.03794	0.00732	0.00646	0.00203	0.00805	0.00620	0.00443	0.02762
18	0.01066	0.02898	0.01205	0.07011	0.08097	0.00850	0.00912	0.01244	0.01318	0.03834	0.02973	0.48754	0.03400	0.06723	0.01019	0.00284	0.02587	0.04647	0.00543	0.00636
19	0.03648	0.04897	0.01270	0.01110	0.01272	0.01060	0.00758	0.04172	0.01462	0.05897	0.02912	0.12203	0.09186	0.37742	0.08601	0.00564	0.00803	0.01104	0.00590	0.00749
20	0.01531	0.10691	0.08124	0.06126	0.10044	0.10051	0.07800	0.01815	0.01424	0.03719	0.04584	0.05920	0.03202	0.10938	0.01166	0.02485	0.05411	0.00721	0.03483	0.00765
21	0.01475	0.15091	0.14117	0.03691	0.13370	0.03132	0.04076	0.06579	0.01495	0.02016	0.01734	0.17198	0.01731	0.03349	0.00848	0.02034	0.03653	0.00822	0.00403	0.03187

[dist]
# distance from previous block
# <min> <max>
4	72

[block]
# block no. 7 follows, 32 sequences, length 12
# corresponding to MSA columns:
# 324-335
name=unknown_H
#
# <colnr> <probs for GDERKNQSTAVLIFYWHMCP>
#	G	D	E	R	K	N	Q	S	T	A	V	L	I	F	Y	W	H	M	C	P
0	0.03047	0.04546	0.01260	0.03222	0.01442	0.02693	0.00867	0.04962	0.16186	0.08176	0.09857	0.14278	0.18516	0.01335	0.00742	0.00231	0.00502	0.06731	0.00630	0.00779
1	0.01119	0.00793	0.00899	0.00926	0.01085	0.02493	0.00659	0.01417	0.07313	0.07176	0.05859	0.37571	0.19076	0.06303	0.00950	0.00268	0.00435	0.01446	0.03570	0.00641
2	0.01652	0.01617	0.02855	0.03981	0.64895	0.01605	0.09292	0.02069	0.01534	0.02188	0.01272	0.01677	0.01058	0.00594	0.00678	0.00202	0.00833	0.00619	0.00333	0.01046
3	0.00918	0.00721	0.00825	0.00863	0.01033	0.00667	0.00634	0.03456	0.04092	0.01954	0.08571	0.30415	0.36184	0.01772	0.00814	0.00246	0.00392	0.05209	0.00633	0.00603
4	0.00859	0.00607	0.00795	0.00929	0.00971	0.00577	0.00627	0.00974	0.01262	0.01678	0.03469	0.61007	0.04120	0.12306	0.01214	0.00327	0.00442	0.06711	0.00593	0.00531
5	0.01466	0.01240	0.01430	0.01040	0.01623	0.00993	0.00833	0.05386	0.04718	0.02323	0.01286	0.01455	0.01051	0.00532	0.00515	0.00111	0.00511	0.00425	0.00425	0.72637
6	0.01670	0.01645	0.02593	0.03680	0.59181	0.04766	0.01942	0.02023	0.01473	0.02086	0.01198	0.01614	0.01028	0.00684	0.00881	0.00212	0.11404	0.00589	0.00327	0.01004
7	0.00846	0.00596	0.00770	0.00897	0.00929	0.00564	0.00584	0.00942	0.01229	0.01638	0.03410	0.62972	0.04075	0.15606	0.01321	0.00341	0.00437	0.01738	0.00584	0.00520
8	0.01028	0.00670	0.00765	0.00766	0.00831	0.00667	0.00488	0.01196	0.03395	0.01789	0.12211	0.10158	0.03026	0.43976	0.02229	0.00457	0.00519	0.01021	0.14298	0.00509
9	0.01427	0.01263	0.01977	0.11436	0.18523	0.01294	0.09553	0.01912	0.08845	0.04647	0.02182	0.06882	0.07962	0.08006	0.01019	0.00254	0.03981	0.00812	0.00439	0.07584
10	0.00891	0.00679	0.00840	0.00897	0.01008	0.00649	0.00651	0.01057	0.01418	0.01854	0.12948	0.32786	0.22545	0.08138	0.01105	0.00289	0.03199	0.07877	0.00607	0.00564
11	0.01595	0.01749	0.08379	0.01493	0.01801	0.16680	0.07479	0.08056	0.01568	0.03438	0.01881	0.18060	0.01896	0.07787	0.05829	0.03069	0.07165	0.00897	0.00440	0.00737

[dist]
# distance from previous block
# <min> <max>
3	5

[block]
# block no. 8 follows, 32 sequences, length 14
# corresponding to MSA columns:
# 342-355
name=unknown_I
#
# <colnr> <probs for GDERKNQSTAVLIFYWHMCP>
#	G	D	E	R	K	N	Q	S	T	A	V	L	I	F	Y	W	H	M	C	P
0	0.14748	0.17177	0.29466	0.01511	0.02174	0.07184	0.03044	0.02259	0.04499	0.07859	0.01271	0.01409	0.00956	0.00670	0.00616	0.00198	0.03196	0.00478	0.00374	0.00912
1	0.02201	0.08517	0.08359	0.01563	0.02025	0.33234	0.01321	0.18311	0.09917	0.02455	0.01423	0.01518	0.01101	0.00733	0.00612	0.00186	0.00922	0.00518	0.04171	0.00914
2	0.07294	0.06906	0.03884	0.01047	0.01195	0.01070	0.00827	0.03592	0.01088	0.01579	0.01390	0.02094	0.03428	0.05473	0.07423	0.42237	0.08032	0.00602	0.00335	0.00505
3	0.08241	0.31793	0.21746	0.01486	0.02142	0.07047	0.04118	0.10105	0.01633	0.04375	0.01162	0.01307	0.00911	0.00638	0.00547	0.00181	0.00824	0.00456	0.00364	0.00923
4	0.05775	0.01145	0.04552	0.01084	0.01441	0.01035	0.02552	0.10540	0.05633	0.11114	0.08007	0.11005	0.14791	0.01140	0.00684	0.00209	0.00509	0.03069	0.09629	0.06085
5	0.00993	0.00773	0.00849	0.00894	0.01038	0.03937	0.00640	0.01160	0.01483	0.04321	0.12698	0.35742	0.25039	0.04079	0.00893	0.00257	0.00424	0.03566	0.00625	0.00592
6	0.01412	0.12406	0.42324	0.01631	0.02357	0.03509	0.04839	0.04761	0.01469	0.02031	0.01689	0.01980	0.06357	0.04053	0.06118	0.00285	0.00954	0.00599	0.00340	0.00887
7	0.01880	0.36974	0.12620	0.10261	0.02296	0.04644	0.02716	0.06330	0.01570	0.11316	0.01302	0.01456	0.01008	0.00741	0.02099	0.00197	0.00808	0.00482	0.00388	0.00912
8	0.00803	0.00676	0.00696	0.00699	0.00914	0.00569	0.00521	0.00979	0.01540	0.01858	0.10319	0.09186	0.65555	0.01697	0.00795	0.00228	0.00341	0.01425	0.00630	0.00569
9	0.00913	0.00733	0.00827	0.00857	0.01037	0.00685	0.00631	0.01259	0.08434	0.01967	0.10927	0.25647	0.37441	0.01713	0.00805	0.00242	0.00383	0.04243	0.00639	0.00618
10	0.01955	0.02002	0.14236	0.01678	0.07287	0.06628	0.01403	0.32673	0.07165	0.03026	0.04826	0.02087	0.01514	0.09355	0.00978	0.00254	0.00776	0.00654	0.00529	0.00972
11	0.01141	0.00683	0.00979	0.01085	0.06224	0.00687	0.00652	0.01004	0.00960	0.01295	0.01469	0.02711	0.01544	0.23711	0.05131	0.48640	0.00660	0.00702	0.00330	0.00393
12	0.00954	0.00677	0.00852	0.00870	0.00941	0.00693	0.00599	0.01075	0.01156	0.01558	0.06327	0.08714	0.08274	0.38453	0.20338	0.00652	0.00877	0.06028	0.00459	0.00504
13	0.01157	0.04270	0.06750	0.01238	0.01460	0.01066	0.05927	0.03213	0.09206	0.01886	0.02646	0.36011	0.02891	0.13171	0.01273	0.00313	0.05056	0.01268	0.00517	0.00681

[dist]
# distance from previous block
# <min> <max>
0	4

[block]
# block no. 9 follows, 32 sequences, length 27
# corresponding to MSA columns:
# 360-386
name=unknown_J
#
# <colnr> <probs for GDERKNQSTAVLIFYWHMCP>
#	G	D	E	R	K	N	Q	S	T	A	V	L	I	F	Y	W	H	M	C	P
0	0.01977	0.16551	0.02062	0.04974	0.01933	0.12293	0.01178	0.27384	0.04664	0.02660	0.01707	0.08873	0.01529	0.01162	0.05030	0.00252	0.00828	0.03539	0.00505	0.00899
1	0.01917	0.02064	0.01853	0.03846	0.01914	0.29894	0.01307	0.04375	0.03587	0.04517	0.01329	0.07532	0.01239	0.01013	0.01266	0.00234	0.30308	0.00644	0.00386	0.00775
2	0.00937	0.00722	0.00974	0.01192	0.06849	0.00680	0.00793	0.01121	0.01400	0.01833	0.05649	0.40927	0.16477	0.04301	0.00925	0.00276	0.00461	0.13288	0.00594	0.00602
3	0.11760	0.13625	0.01903	0.01376	0.01781	0.27038	0.01103	0.11189	0.07621	0.07802	0.01568	0.07528	0.01336	0.00824	0.00596	0.00192	0.00815	0.00602	0.00476	0.00865
4	0.01704	0.03391	0.01503	0.04424	0.01707	0.11036	0.01015	0.23837	0.04558	0.02576	0.02361	0.31333	0.02434	0.01290	0.00725	0.00223	0.00652	0.01094	0.00573	0.03564
5	0.04886	0.03782	0.04150	0.07186	0.04520	0.22071	0.03596	0.26075	0.03933	0.02722	0.01317	0.01485	0.01011	0.00725	0.00685	0.00191	0.03621	0.00532	0.00466	0.07045
6	0.01544	0.01099	0.01215	0.01048	0.01250	0.01176	0.00748	0.26165	0.01785	0.02393	0.01970	0.05676	0.02002	0.43548	0.05113	0.00491	0.00719	0.00861	0.00508	0.00687
7	0.08206	0.01435	0.01489	0.01320	0.01706	0.01647	0.01035	0.08741	0.57021	0.02934	0.05270	0.02416	0.02039	0.00897	0.00664	0.00223	0.00538	0.00732	0.00662	0.01024
8	0.01639	0.40107	0.29132	0.04382	0.04892	0.05842	0.01711	0.02077	0.01416	0.01813	0.01061	0.01258	0.00866	0.00608	0.00534	0.00176	0.00855	0.00431	0.00291	0.00908
9	0.01148	0.00815	0.00970	0.00965	0.01092	0.00844	0.00668	0.03856	0.11696	0.04306	0.05555	0.26027	0.04835	0.26180	0.07586	0.00446	0.00624	0.01208	0.00553	0.00627
10	0.01267	0.01193	0.02013	0.74806	0.04621	0.01491	0.01863	0.01714	0.01342	0.01714	0.01193	0.01789	0.00894	0.00671	0.00671	0.00224	0.00894	0.00596	0.00298	0.00745
11	0.00961	0.00661	0.00771	0.00771	0.00802	0.00668	0.00468	0.01003	0.01027	0.01368	0.02399	0.04316	0.07157	0.62359	0.11991	0.00674	0.00772	0.00974	0.00416	0.00442
12	0.01921	0.01595	0.02426	0.02355	0.19389	0.04425	0.17916	0.10975	0.10894	0.12627	0.02114	0.02221	0.06419	0.00774	0.00707	0.00212	0.00787	0.00730	0.00516	0.00998
13	0.00853	0.00642	0.00826	0.00931	0.01008	0.00614	0.00654	0.00997	0.01354	0.01785	0.07407	0.56413	0.14836	0.01962	0.00893	0.00265	0.02986	0.04395	0.00617	0.00562
14	0.02917	0.01229	0.01603	0.01236	0.01752	0.01123	0.01019	0.10196	0.04392	0.63231	0.02543	0.02222	0.01620	0.00831	0.00675	0.00208	0.00587	0.00670	0.00809	0.01139
15	0.01626	0.01810	0.04819	0.08613	0.06559	0.13634	0.01553	0.01845	0.01245	0.01685	0.00971	0.01466	0.00890	0.00992	0.01644	0.00258	0.48752	0.00560	0.00305	0.00773
16	0.02467	0.01926	0.02023	0.01748	0.07783	0.08547	0.01320	0.52797	0.05104	0.07125	0.01618	0.01641	0.01165	0.00783	0.00665	0.00200	0.00771	0.00596	0.00622	0.01099
17	0.00964	0.00660	0.00825	0.00838	0.00893	0.00676	0.00553	0.01077	0.01151	0.01607	0.09343	0.12650	0.02877	0.40534	0.18012	0.00629	0.00818	0.01040	0.04355	0.00499
18	0.12312	0.01490	0.01819	0.03581	0.11147	0.04357	0.03230	0.19948	0.02014	0.26231	0.01801	0.01868	0.01278	0.02610	0.03121	0.00243	0.00730	0.00607	0.00599	0.01013
19	0.01718	0.01797	0.05336	0.03839	0.63856	0.07486	0.02013	0.02112	0.01554	0.02145	0.01242	0.01615	0.01038	0.00607	0.00658	0.00198	0.00838	0.00580	0.00331	0.01037
20	0.00842	0.00681	0.00750	0.00744	0.00945	0.00588	0.00559	0.01054	0.01622	0.02051	0.24218	0.08156	0.50710	0.01626	0.00797	0.00226	0.00341	0.02849	0.00654	0.00585
21	0.01132	0.00752	0.00878	0.00837	0.01059	0.00673	0.00626	0.01400	0.04305	0.10410	0.19821	0.14367	0.35876	0.03740	0.00860	0.00239	0.00385	0.01309	0.00669	0.00661
22	0.01749	0.06596	0.06622	0.07304	0.12268	0.13969	0.09177	0.09250	0.07865	0.02188	0.01590	0.09179	0.01411	0.00866	0.00800	0.00215	0.06926	0.00718	0.00420	0.00885
23	0.01279	0.00901	0.01216	0.03969	0.01383	0.00889	0.06284	0.04423	0.05488	0.07955	0.04357	0.15363	0.12287	0.26297	0.01637	0.00369	0.00584	0.01094	0.03575	0.00651
24	0.00838	0.00630	0.00781	0.00880	0.00986	0.00573	0.00625	0.00997	0.01412	0.01828	0.09207	0.47373	0.22951	0.01925	0.00840	0.00258	0.00387	0.06318	0.00631	0.00562
25	0.01683	0.01427	0.01496	0.01294	0.01564	0.10330	0.02093	0.08918	0.10161	0.08844	0.04628	0.03041	0.19023	0.01159	0.01064	0.02583	0.15894	0.00825	0.03171	0.00801
26	0.04183	0.03818	0.06052	0.01971	0.12689	0.14888	0.09861	0.09232	0.08251	0.07005	0.01971	0.02135	0.06945	0.01132	0.06640	0.00275	0.00914	0.00670	0.00461	0.00906

[dist]
# distance from previous block
# <min> <max>
1	4

[block]
# block no. 10 follows, 32 sequences, length 15
# corresponding to MSA columns:
# 391-405
name=unknown_K
#
# <colnr> <probs for GDERKNQSTAVLIFYWHMCP>
#	G	D	E	R	K	N	Q	S	T	A	V	L	I	F	Y	W	H	M	C	P
0	0.06219	0.46423	0.15560	0.01349	0.01957	0.11649	0.01376	0.02173	0.01456	0.04959	0.01072	0.01210	0.00888	0.00615	0.00501	0.00166	0.00814	0.00407	0.00326	0.00879
1	0.01363	0.06554	0.10288	0.10233	0.05328	0.01260	0.01219	0.01953	0.11516	0.02159	0.06342	0.06959	0.04178	0.00810	0.00619	0.00178	0.00615	0.00681	0.00447	0.27298
2	0.07683	0.18857	0.20840	0.01620	0.05052	0.03431	0.05014	0.11093	0.07058	0.09589	0.01448	0.01540	0.01077	0.00678	0.00592	0.00193	0.00779	0.00524	0.00439	0.02493
3	0.01671	0.01244	0.01526	0.01331	0.01669	0.01303	0.04779	0.25143	0.08376	0.05659	0.03022	0.15630	0.09844	0.01320	0.00773	0.00241	0.00611	0.14362	0.00637	0.00858
4	0.04493	0.01163	0.01439	0.01175	0.01570	0.01141	0.00942	0.17239	0.02041	0.34344	0.11855	0.08362	0.02399	0.03168	0.05251	0.00276	0.00634	0.00832	0.00715	0.00961
5	0.05987	0.07387	0.05149	0.03568	0.07051	0.04280	0.05810	0.06259	0.03704	0.02155	0.06090	0.14918	0.12310	0.01148	0.00784	0.00220	0.04910	0.03308	0.00487	0.04475
6	0.04127	0.21354	0.22815	0.01597	0.02238	0.04963	0.09770	0.05076	0.01568	0.06155	0.03914	0.02013	0.01360	0.00746	0.00620	0.00196	0.00823	0.05673	0.00394	0.04599
7	0.00893	0.00655	0.00784	0.00871	0.00969	0.00620	0.00596	0.01113	0.04892	0.01798	0.04061	0.48132	0.17669	0.08086	0.01027	0.00286	0.00404	0.01601	0.04974	0.00569
8	0.01019	0.00759	0.00879	0.00850	0.01054	0.00704	0.00635	0.02965	0.05912	0.04581	0.27516	0.15170	0.32372	0.01548	0.00788	0.00227	0.00368	0.01333	0.00673	0.00649
9	0.03678	0.07568	0.36098	0.05395	0.02440	0.10362	0.01802	0.08998	0.03428	0.02214	0.01589	0.05115	0.04203	0.00799	0.00693	0.00209	0.03519	0.00608	0.00376	0.00906
10	0.07624	0.13660	0.18507	0.01512	0.04434	0.06704	0.01413	0.13140	0.08129	0.05260	0.01495	0.01748	0.01191	0.04455	0.07643	0.00299	0.00883	0.00555	0.00434	0.00913
11	0.01215	0.06688	0.01329	0.10158	0.06232	0.01064	0.00932	0.01687	0.09827	0.02141	0.08558	0.11164	0.14425	0.01150	0.00673	0.00211	0.00500	0.03949	0.17377	0.00721
12	0.00879	0.00716	0.00893	0.00852	0.01043	0.00634	0.03612	0.01084	0.01554	0.01993	0.21342	0.15384	0.39900	0.05920	0.00952	0.00254	0.00394	0.01383	0.00626	0.00585
13	0.01809	0.09332	0.20107	0.01600	0.02166	0.18438	0.05135	0.10720	0.11641	0.02289	0.01980	0.02045	0.08246	0.00807	0.00645	0.00200	0.00862	0.00628	0.00440	0.00911
14	0.01834	0.25436	0.11437	0.05305	0.07551	0.20801	0.04726	0.03819	0.01553	0.01819	0.01187	0.04595	0.01050	0.00729	0.00684	0.00188	0.05564	0.00534	0.00333	0.00853

[dist]
# distance from previous block
# <min> <max>
3	11

[block]
# block no. 11 follows, 32 sequences, length 27
# corresponding to MSA columns:
# 417-443
name=unknown_L
#
# <colnr> <probs for GDERKNQSTAVLIFYWHMCP>
#	G	D	E	R	K	N	Q	S	T	A	V	L	I	F	Y	W	H	M	C	P
0	0.01953	0.10479	0.01821	0.01249	0.01735	0.06778	0.01021	0.20736	0.09228	0.08279	0.03514	0.01921	0.03071	0.03745	0.00709	0.00188	0.00648	0.00580	0.00534	0.21810
1	0.01478	0.01159	0.01282	0.01281	0.05259	0.07557	0.00907	0.09482	0.05571	0.04190	0.05179	0.14746	0.07794	0.01494	0.01200	0.18256	0.03025	0.04158	0.03271	0.02710
2	0.01872	0.44685	0.16313	0.01449	0.02076	0.10269	0.04532	0.04225	0.01530	0.05889	0.01134	0.01275	0.00921	0.00621	0.00527	0.00169	0.00836	0.00438	0.00338	0.00903
3	0.01766	0.04586	0.01429	0.01168	0.01484	0.01246	0.00917	0.22195	0.05469	0.12636	0.02824	0.20379	0.07472	0.07958	0.00974	0.00266	0.00576	0.05177	0.00635	0.00843
4	0.04527	0.00742	0.00836	0.00892	0.03311	0.00671	0.00648	0.01130	0.01558	0.02030	0.16178	0.09854	0.46065	0.01599	0.00787	0.00232	0.00387	0.07328	0.00622	0.00604
5	0.01834	0.72728	0.03426	0.01180	0.01742	0.06607	0.01156	0.02046	0.01393	0.01582	0.00939	0.01084	0.00861	0.00581	0.00440	0.00145	0.00745	0.00363	0.00290	0.00856
6	0.01706	0.01220	0.01456	0.06557	0.01750	0.01327	0.01026	0.15462	0.11452	0.12841	0.03364	0.05838	0.21762	0.01161	0.00900	0.00228	0.09562	0.00913	0.00608	0.00866
7	0.01966	0.50965	0.05359	0.01359	0.01862	0.22439	0.01247	0.02185	0.01503	0.01616	0.00969	0.01140	0.00862	0.00631	0.00553	0.00160	0.03651	0.00392	0.00304	0.00838
8	0.01339	0.04260	0.10394	0.13934	0.14290	0.01315	0.05218	0.05102	0.04866	0.02055	0.05203	0.08589	0.05795	0.07274	0.05727	0.00310	0.00805	0.02293	0.00426	0.00806
9	0.00830	0.00591	0.00781	0.00921	0.00963	0.00554	0.00613	0.00950	0.01294	0.01732	0.06341	0.69667	0.04416	0.05689	0.00978	0.00288	0.00399	0.01834	0.00617	0.00542
10	0.01468	0.01468	0.02055	0.01762	0.01762	0.02055	0.01468	0.01615	0.01028	0.01615	0.00881	0.01468	0.00881	0.01174	0.02202	0.00294	0.75191	0.00587	0.00294	0.00734
11	0.01877	0.01520	0.01620	0.01393	0.01799	0.01725	0.01099	0.22738	0.47332	0.03158	0.02460	0.06405	0.01920	0.00947	0.00689	0.00223	0.00583	0.00779	0.00676	0.01056
12	0.01711	0.01897	0.05999	0.01678	0.02027	0.19391	0.12507	0.08199	0.07638	0.02068	0.01715	0.10713	0.01592	0.05508	0.06241	0.00308	0.08791	0.00783	0.00432	0.00802
13	0.00818	0.00584	0.00779	0.00934	0.00973	0.00545	0.00623	0.00934	0.01285	0.01713	0.03698	0.75981	0.04438	0.02102	0.00856	0.00273	0.00389	0.01908	0.00623	0.00545
14	0.00815	0.00593	0.00769	0.00910	0.00967	0.00547	0.00612	0.00937	0.01308	0.01722	0.03994	0.69350	0.10878	0.02064	0.00850	0.00268	0.00385	0.01861	0.00623	0.00547
15	0.00851	0.00673	0.00735	0.00745	0.00914	0.00593	0.00538	0.01015	0.01477	0.01846	0.13817	0.10865	0.46555	0.12650	0.01186	0.00293	0.00396	0.03693	0.00605	0.00552
16	0.00953	0.00759	0.00913	0.00883	0.01076	0.00696	0.02766	0.04533	0.01569	0.01997	0.12801	0.19237	0.37915	0.07127	0.00996	0.00266	0.00425	0.03876	0.00614	0.00600
