[name]
unknown

[dist]
# distance from previous block
# <min> <max>
0	90

[block]
# block no. 0 follows, 30 sequences, length 51
# corresponding to MSA columns:
# 98-148
name=unknown_A
#
# <colnr> <probs for GDERKNQSTAVLIFYWHMCP>
#	G	D	E	R	K	N	Q	S	T	A	V	L	I	F	Y	W	H	M	C	P
0	0.01014	0.00695	0.00849	0.00865	0.00899	0.00715	0.00555	0.01083	0.01085	0.01464	0.02305	0.06799	0.02579	0.56162	0.14768	0.00712	0.00863	0.05675	0.00438	0.00476
1	0.01298	0.01048	0.01120	0.01034	0.01333	0.01075	0.00794	0.05463	0.24928	0.04064	0.11146	0.07546	0.33602	0.01404	0.00779	0.00235	0.00448	0.01180	0.00688	0.00814
2	0.01701	0.01373	0.01481	0.01280	0.01645	0.01496	0.00978	0.13787	0.37145	0.02786	0.02403	0.05339	0.02019	0.13748	0.01183	0.00295	0.00600	0.00805	0.00625	0.09308
3	0.05726	0.00913	0.01109	0.00989	0.01194	0.00915	0.00725	0.03996	0.01428	0.19690	0.02250	0.06094	0.02060	0.27081	0.01897	0.06468	0.03844	0.02842	0.10073	0.00706
4	0.02080	0.01380	0.01526	0.01271	0.01686	0.01474	0.01016	0.22089	0.22540	0.14594	0.05751	0.02705	0.06852	0.00964	0.00690	0.00215	0.00569	0.00780	0.10788	0.01027
5	0.00862	0.00710	0.00750	0.00750	0.00966	0.00609	0.00563	0.01053	0.01609	0.01969	0.13483	0.06517	0.58627	0.04694	0.00939	0.00255	0.00375	0.04027	0.00651	0.00592
6	0.00856	0.00615	0.00812	0.00959	0.01011	0.00572	0.00644	0.00988	0.01373	0.01830	0.06940	0.69721	0.06816	0.02139	0.00886	0.00279	0.00400	0.01935	0.00653	0.00572
7	0.80405	0.01350	0.01026	0.00918	0.01350	0.01565	0.00756	0.02051	0.01188	0.03131	0.00972	0.01134	0.00756	0.00648	0.00432	0.00216	0.00540	0.00378	0.00432	0.00756
8	0.02213	0.02551	0.01875	0.01673	0.02049	0.43246	0.03590	0.03021	0.25001	0.02181	0.04471	0.01895	0.01549	0.00820	0.00671	0.00203	0.00979	0.00610	0.00495	0.00908
9	0.01036	0.01014	0.07825	0.01166	0.01370	0.00919	0.00992	0.01325	0.01189	0.01715	0.05228	0.02874	0.01958	0.09661	0.57333	0.00959	0.01628	0.00770	0.00389	0.00649
10	0.07706	0.01404	0.01539	0.01309	0.01735	0.01527	0.01041	0.11598	0.35854	0.17412	0.05978	0.02466	0.02040	0.00913	0.00683	0.00223	0.00566	0.00739	0.04203	0.01065
11	0.01318	0.01240	0.02093	0.73798	0.04806	0.01550	0.01938	0.01783	0.01395	0.01783	0.01240	0.01860	0.00930	0.00698	0.00698	0.00233	0.00930	0.00620	0.00310	0.00775
12	0.01338	0.01521	0.15568	0.01485	0.01901	0.01094	0.10098	0.03829	0.05007	0.06575	0.15179	0.25533	0.03342	0.01339	0.00800	0.00245	0.00655	0.03100	0.00578	0.00812
13	0.55868	0.01298	0.01214	0.01021	0.01487	0.01394	0.00841	0.02480	0.01445	0.24874	0.01537	0.01528	0.01064	0.00716	0.00518	0.00216	0.00557	0.00481	0.00569	0.00893
14	0.00907	0.00716	0.00824	0.00875	0.01034	0.00657	0.00626	0.01187	0.05728	0.01997	0.11764	0.33929	0.33523	0.01853	0.00844	0.00253	0.00384	0.01617	0.00664	0.00619
15	0.01687	0.01615	0.07726	0.01404	0.01819	0.04529	0.03211	0.11530	0.29924	0.04684	0.02839	0.06411	0.09279	0.05161	0.04732	0.00301	0.00723	0.00869	0.00608	0.00951
16	0.04511	0.01686	0.11294	0.11785	0.09612	0.01440	0.05617	0.09464	0.04303	0.27401	0.01922	0.02001	0.01332	0.00928	0.03355	0.00253	0.00820	0.00653	0.00574	0.01050
17	0.00850	0.00607	0.00810	0.00972	0.01012	0.00567	0.00648	0.00972	0.01336	0.01781	0.03846	0.75020	0.04615	0.02186	0.00891	0.00283	0.00405	0.01984	0.00648	0.00567
18	0.02483	0.01749	0.01909	0.01516	0.02031	0.01921	0.01235	0.44796	0.19631	0.12115	0.02094	0.01990	0.01486	0.00868	0.00701	0.00217	0.00694	0.00677	0.00721	0.01166
19	0.02148	0.12919	0.06598	0.01853	0.09278	0.24508	0.01417	0.14918	0.12279	0.02478	0.01684	0.01772	0.03605	0.00781	0.00644	0.00197	0.00897	0.00581	0.00471	0.00973
20	0.00997	0.00748	0.01121	0.01121	0.01246	0.00872	0.00872	0.01246	0.01121	0.01620	0.01869	0.02741	0.01745	0.05234	0.72710	0.01121	0.01869	0.00748	0.00374	0.00623
21	0.06198	0.05648	0.25640	0.01919	0.07943	0.01777	0.05723	0.17847	0.07204	0.02799	0.01449	0.01618	0.01086	0.00720	0.00703	0.00209	0.03136	0.00571	0.00447	0.07363
22	0.15912	0.04752	0.01524	0.01140	0.01626	0.07242	0.00919	0.01915	0.03116	0.02287	0.01242	0.01500	0.01046	0.00998	0.06588	0.00230	0.04337	0.00455	0.00406	0.42764
23	0.02730	0.01753	0.01960	0.01511	0.02059	0.01875	0.01246	0.50594	0.05645	0.20362	0.01979	0.01879	0.01353	0.00848	0.00699	0.00212	0.00718	0.00652	0.00738	0.01184
24	0.01000	0.00735	0.01055	0.01055	0.01157	0.00836	0.00790	0.01204	0.01102	0.01571	0.01930	0.03077	0.01890	0.18166	0.59977	0.01040	0.01650	0.00797	0.00383	0.00586
25	0.00956	0.00751	0.00869	0.00833	0.01039	0.00684	0.00627	0.01304	0.05273	0.02415	0.40148	0.05720	0.33744	0.01547	0.00818	0.00227	0.00351	0.01328	0.00714	0.00652
26	0.02164	0.01585	0.06355	0.12075	0.05564	0.01531	0.05973	0.13513	0.15694	0.22279	0.04508	0.02214	0.01650	0.00830	0.00712	0.00223	0.00731	0.00708	0.00629	0.01063
27	0.12515	0.01540	0.05182	0.01256	0.01839	0.01376	0.01076	0.18799	0.01994	0.18778	0.01660	0.01676	0.01186	0.00700	0.00600	0.00176	0.00626	0.00533	0.00583	0.27903
28	0.35637	0.01390	0.01471	0.04421	0.01808	0.01463	0.04252	0.04416	0.14200	0.02809	0.01446	0.01575	0.01120	0.00676	0.00545	0.00193	0.00592	0.00505	0.00478	0.21003
29	0.02206	0.01801	0.01838	0.01525	0.01994	0.05430	0.01220	0.34013	0.35471	0.03549	0.02210	0.02104	0.01630	0.00885	0.00700	0.00221	0.00688	0.00697	0.00687	0.01128
30	0.01268	0.00919	0.01101	0.00999	0.01243	0.00912	0.00766	0.05190	0.12539	0.05855	0.47564	0.04646	0.11581	0.01330	0.00794	0.00223	0.00400	0.01152	0.00748	0.00771
31	0.00855	0.00631	0.00803	0.00937	0.01015	0.00579	0.00644	0.00993	0.01388	0.01809	0.04388	0.61157	0.15837	0.02106	0.00882	0.00277	0.00404	0.04074	0.00648	0.00573
32	0.01212	0.00606	0.00909	0.00909	0.00909	0.00606	0.00606	0.00909	0.00909	0.01212	0.01212	0.02121	0.01212	0.02424	0.02727	0.79697	0.00606	0.00606	0.00303	0.00303
33	0.02473	0.01667	0.01872	0.01419	0.01987	0.01700	0.01166	0.42960	0.02661	0.15527	0.01767	0.01746	0.01247	0.00772	0.00659	0.00188	0.00683	0.00594	0.00665	0.18246
34	0.02607	0.03326	0.01978	0.01798	0.02157	0.72674	0.01348	0.02787	0.01978	0.01708	0.01079	0.01258	0.00899	0.00719	0.00629	0.00180	0.01258	0.00449	0.00360	0.00809
35	0.00993	0.00664	0.00779	0.00834	0.00934	0.00629	0.00577	0.01162	0.01393	0.01956	0.08888	0.26715	0.13724	0.17682	0.01380	0.00335	0.00447	0.04757	0.15585	0.00566
36	0.12426	0.01084	0.01225	0.01077	0.01395	0.01124	0.00844	0.05629	0.15475	0.12115	0.35021	0.03572	0.03971	0.01119	0.00724	0.00221	0.00460	0.00939	0.00719	0.00858
37	0.13497	0.01341	0.01620	0.01260	0.01788	0.01293	0.01041	0.14408	0.02107	0.50848	0.02328	0.02088	0.01504	0.00830	0.00665	0.00215	0.00616	0.00645	0.00777	0.01129
38	0.01413	0.00759	0.00770	0.00730	0.00925	0.00776	0.00557	0.07201	0.01614	0.02751	0.02227	0.02525	0.01739	0.00815	0.00505	0.00166	0.00362	0.00649	0.72822	0.00695
39	0.00937	0.00705	0.00825	0.00885	0.01019	0.00652	0.00651	0.01095	0.01420	0.01789	0.04707	0.17073	0.30259	0.19056	0.01501	0.00364	0.00499	0.15409	0.00594	0.00558
40	0.00886	0.00674	0.00808	0.00870	0.01006	0.00608	0.00625	0.01066	0.01530	0.01977	0.15436	0.32365	0.28699	0.05177	0.00979	0.00276	0.00400	0.05375	0.00656	0.00587
41	0.01104	0.00786	0.01089	0.01241	0.01387	0.00784	0.01062	0.01398	0.01561	0.02033	0.03625	0.11297	0.03971	0.05788	0.01095	0.00338	0.00632	0.59551	0.00631	0.00627
42	0.80405	0.01350	0.01026	0.00918	0.01350	0.01565	0.00756	0.02051	0.01188	0.03131	0.00972	0.01134	0.00756	0.00648	0.00432	0.00216	0.00540	0.00378	0.00432	0.00756
43	0.01264	0.00769	0.00982	0.01017	0.01214	0.00699	0.00785	0.01469	0.01568	0.12833	0.04477	0.30568	0.21217	0.01811	0.00861	0.00269	0.00475	0.16356	0.00681	0.00687
44	0.01022	0.00726	0.00913	0.01009	0.01118	0.00713	0.00749	0.01305	0.05088	0.01975	0.06576	0.34064	0.07436	0.10751	0.01186	0.00324	0.00494	0.17891	0.06051	0.00608
45	0.01657	0.01818	0.03814	0.10385	0.03704	0.01760	0.58555	0.05132	0.01693	0.02283	0.01405	0.01871	0.01051	0.00611	0.00805	0.00234	0.01132	0.00793	0.00364	0.00934
46	0.11166	0.11768	0.23191	0.01382	0.01987	0.01576	0.01439	0.08457	0.05826	0.07396	0.03997	0.02413	0.10757	0.01110	0.04410	0.00259	0.00783	0.00682	0.00480	0.00920
47	0.01088	0.00738	0.00961	0.01063	0.01182	0.00715	0.00788	0.01359	0.05099	0.05549	0.03735	0.45739	0.06475	0.05586	0.01017	0.00304	0.00490	0.16824	0.00650	0.00639
48	0.02142	0.06371	0.02164	0.04822	0.14804	0.40947	0.01473	0.02421	0.03542	0.01829	0.01216	0.01565	0.01049	0.03028	0.03454	0.00245	0.07181	0.00533	0.00359	0.00853
49	0.10149	0.06347	0.04465	0.04367	0.13372	0.01513	0.01282	0.10389	0.07371	0.18321	0.06447	0.02409	0.06722	0.00885	0.00716	0.00216	0.02740	0.00710	0.00585	0.00994
50	0.08592	0.01240	0.08370	0.04479	0.03878	0.01025	0.01070	0.01895	0.01501	0.16627	0.05649	0.08168	0.09326	0.06342	0.12380	0.00394	0.00812	0.02874	0.00549	0.04833

[dist]
# distance from previous block
# <min> <max>
2	7

[block]
# block no. 1 follows, 30 sequences, length 36
# corresponding to MSA columns:
# 157-192
name=unknown_B
#
# <colnr> <probs for GDERKNQSTAVLIFYWHMCP>
#	G	D	E	R	K	N	Q	S	T	A	V	L	I	F	Y	W	H	M	C	P
0	0.01495	0.18203	0.22560	0.01398	0.01949	0.10785	0.03216	0.01860	0.01506	0.01855	0.02556	0.02878	0.16436	0.09303	0.00976	0.00255	0.00814	0.00751	0.00397	0.00805
1	0.01562	0.07874	0.03332	0.01333	0.01572	0.08429	0.01084	0.11448	0.01654	0.02191	0.04260	0.16294	0.03996	0.03891	0.09274	0.00352	0.13746	0.02479	0.04461	0.00768
2	0.01878	0.01448	0.01972	0.01615	0.06437	0.01348	0.09253	0.14075	0.04005	0.10961	0.01948	0.02053	0.05751	0.00746	0.00696	0.00177	0.02721	0.00636	0.00528	0.31751
3	0.01462	0.08184	0.08761	0.01435	0.04711	0.08261	0.01181	0.06001	0.01633	0.02188	0.14329	0.12720	0.02609	0.01653	0.10176	0.00333	0.06419	0.00882	0.00486	0.06576
4	0.01018	0.00763	0.00931	0.01016	0.01123	0.00765	0.00717	0.01396	0.10604	0.01912	0.03675	0.44331	0.08263	0.12255	0.01243	0.00333	0.00483	0.07921	0.00624	0.00628
5	0.00998	0.00680	0.00811	0.00825	0.00844	0.00692	0.00499	0.01040	0.01056	0.01424	0.02300	0.10453	0.02617	0.60231	0.12065	0.00699	0.00804	0.01065	0.00436	0.00461
6	0.01531	0.01102	0.01288	0.01151	0.01467	0.01126	0.00883	0.04372	0.25542	0.09497	0.23135	0.13115	0.03640	0.01211	0.00751	0.00223	0.00473	0.01048	0.00708	0.07736
7	0.20358	0.01175	0.01272	0.01063	0.01454	0.01209	0.00857	0.11381	0.04122	0.21994	0.11924	0.02449	0.02153	0.00885	0.00618	0.00207	0.00517	0.00691	0.14758	0.00912
8	0.00883	0.00644	0.00821	0.00912	0.01000	0.00593	0.00626	0.01049	0.01486	0.01988	0.18091	0.49348	0.12896	0.05032	0.00980	0.00281	0.00394	0.01732	0.00663	0.00583
9	0.01687	0.01448	0.01536	0.01385	0.01764	0.01665	0.01075	0.03552	0.65419	0.02911	0.07285	0.02774	0.02422	0.00978	0.00717	0.00236	0.00538	0.00820	0.00714	0.01075
10	0.01711	0.01439	0.01538	0.01371	0.01750	0.01641	0.01068	0.07695	0.57773	0.03002	0.10498	0.02840	0.02576	0.00994	0.00722	0.00233	0.00541	0.00832	0.00716	0.01059
11	0.74256	0.01337	0.01073	0.00943	0.01384	0.01522	0.00777	0.02159	0.01252	0.08580	0.01113	0.01232	0.00833	0.00665	0.00453	0.00216	0.00544	0.00404	0.00466	0.00790
12	0.00993	0.00707	0.00947	0.00959	0.01025	0.00767	0.00667	0.01129	0.01093	0.01521	0.02157	0.09000	0.02294	0.34379	0.38326	0.00872	0.01259	0.00953	0.00415	0.00535
13	0.01440	0.00691	0.00724	0.00695	0.00887	0.00679	0.00529	0.01761	0.01504	0.07848	0.02313	0.02584	0.01784	0.00817	0.00504	0.00167	0.00346	0.00654	0.73382	0.00691
14	0.80405	0.01350	0.01026	0.00918	0.01350	0.01565	0.00756	0.02051	0.01188	0.03131	0.00972	0.01134	0.00756	0.00648	0.00432	0.00216	0.00540	0.00378	0.00432	0.00756
15	0.02439	0.01480	0.01758	0.01392	0.01873	0.01542	0.03637	0.27843	0.12732	0.24018	0.02246	0.02157	0.01568	0.00849	0.00678	0.00210	0.00640	0.00685	0.11158	0.01094
16	0.01121	0.00751	0.00941	0.00957	0.01082	0.00741	0.00673	0.01437	0.06666	0.05518	0.18673	0.30002	0.04071	0.13957	0.05889	0.00374	0.00543	0.01358	0.04604	0.00644
17	0.02614	0.01935	0.02072	0.01598	0.02149	0.02146	0.01317	0.66049	0.06090	0.04336	0.01725	0.01715	0.01227	0.00842	0.00699	0.00211	0.00759	0.00635	0.00699	0.01183
18	0.02653	0.01955	0.02094	0.01606	0.02164	0.02164	0.01326	0.68796	0.03281	0.04398	0.01675	0.01675	0.01187	0.00838	0.00698	0.00209	0.00768	0.00628	0.00698	0.01187
19	0.01006	0.00710	0.00931	0.00931	0.00990	0.00769	0.00635	0.01124	0.01065	0.01479	0.02043	0.03704	0.02163	0.42295	0.36221	0.00887	0.01240	0.00889	0.00400	0.00517
20	0.02673	0.01923	0.02074	0.01590	0.02148	0.02117	0.01314	0.66071	0.03227	0.07199	0.01720	0.01705	0.01209	0.00839	0.00698	0.00210	0.00761	0.00631	0.00705	0.01187
21	0.02287	0.01773	0.01889	0.01532	0.02025	0.01993	0.01238	0.42863	0.29809	0.03809	0.02140	0.02045	0.01563	0.00881	0.00703	0.00220	0.00682	0.00692	0.00703	0.01154
22	0.01025	0.00728	0.00991	0.01139	0.01247	0.00715	0.00910	0.01254	0.01470	0.01928	0.03627	0.29966	0.04099	0.07814	0.01144	0.00337	0.00566	0.39813	0.00627	0.00600
23	0.01005	0.00750	0.00964	0.01063	0.01232	0.00709	0.00876	0.01268	0.01607	0.02065	0.10525	0.14252	0.22040	0.01868	0.00907	0.00286	0.00514	0.36793	0.00656	0.00622
24	0.00878	0.00650	0.00824	0.00933	0.01031	0.00596	0.00658	0.01044	0.01468	0.01927	0.11412	0.50507	0.17238	0.02011	0.00876	0.00270	0.00403	0.06030	0.00660	0.00585
25	0.01400	0.03610	0.71860	0.01989	0.03020	0.01621	0.02578	0.02210	0.01473	0.02210	0.01252	0.01473	0.00884	0.00663	0.00663	0.00221	0.01031	0.00516	0.00295	0.01031
26	0.01129	0.00822	0.01020	0.01055	0.01237	0.00809	0.00814	0.01591	0.10433	0.04550	0.18390	0.24246	0.13055	0.01707	0.00855	0.00264	0.00461	0.16179	0.00688	0.00697
27	0.01020	0.00683	0.00779	0.00788	0.00796	0.00683	0.00458	0.01037	0.01045	0.01390	0.02274	0.04733	0.02612	0.71768	0.03421	0.00659	0.00675	0.04312	0.00434	0.00434
28	0.01472	0.07720	0.23155	0.01848	0.05207	0.03746	0.11725	0.04787	0.06030	0.02169	0.02088	0.17095	0.04089	0.01054	0.00810	0.00234	0.04523	0.00919	0.00438	0.00890
29	0.01530	0.01560	0.02078	0.01779	0.01875	0.07510	0.05717	0.01729	0.01187	0.01707	0.01124	0.01736	0.01066	0.01827	0.14106	0.00430	0.51326	0.00635	0.00324	0.00754
30	0.02725	0.01839	0.02023	0.01551	0.02107	0.01993	0.01281	0.58972	0.03088	0.14494	0.01837	0.01781	0.01268	0.00842	0.00699	0.00210	0.00742	0.00639	0.00723	0.01187
31	0.02174	0.01360	0.01574	0.01358	0.01787	0.01448	0.01088	0.05600	0.40362	0.25270	0.02838	0.02899	0.02111	0.00991	0.00726	0.00235	0.00580	0.05746	0.00755	0.01099
32	0.02455	0.06842	0.02294	0.01773	0.02236	0.31280	0.06451	0.29239	0.02400	0.02826	0.01330	0.01479	0.01028	0.00775	0.00743	0.00200	0.04633	0.00553	0.00489	0.00974
33	0.01132	0.00931	0.01430	0.01394	0.04068	0.00906	0.09806	0.04683	0.04416	0.02106	0.08550	0.48100	0.03828	0.04018	0.00935	0.00276	0.00550	0.01573	0.00605	0.00693
34	0.10519	0.06425	0.01687	0.01355	0.01770	0.07335	0.01095	0.10260	0.28900	0.11255	0.02337	0.04690	0.01882	0.00972	0.00681	0.00227	0.00653	0.06329	0.00635	0.00993
35	0.03656	0.01580	0.01860	0.06677	0.04213	0.08953	0.07509	0.10823	0.06287	0.05095	0.01944	0.04920	0.04841	0.00832	0.00666	0.00188	0.00729	0.03437	0.00497	0.25293

[dist]
# distance from previous block
# <min> <max>
2	6

[block]
# block no. 2 follows, 30 sequences, length 46
# corresponding to MSA columns:
# 199-244
name=unknown_C
#
# <colnr> <probs for GDERKNQSTAVLIFYWHMCP>
#	G	D	E	R	K	N	Q	S	T	A	V	L	I	F	Y	W	H	M	C	P
0	0.04479	0.01544	0.05391	0.01778	0.11416	0.01569	0.01294	0.13501	0.25534	0.06099	0.06993	0.02765	0.05367	0.01113	0.03096	0.00258	0.02825	0.03359	0.00609	0.01007
1	0.07333	0.01558	0.02412	0.09789	0.34606	0.01696	0.04885	0.05668	0.03535	0.08153	0.01409	0.01751	0.01118	0.00763	0.00928	0.00228	0.12129	0.00624	0.00415	0.01000
2	0.00945	0.00638	0.00865	0.00958	0.01000	0.00634	0.00646	0.01011	0.01201	0.01621	0.02958	0.44360	0.03426	0.12624	0.12568	0.11330	0.00695	0.01474	0.00528	0.00520
3	0.01464	0.01266	0.01533	0.01235	0.05953	0.00975	0.00908	0.01781	0.01456	0.02274	0.01245	0.01464	0.01038	0.00523	0.00528	0.00110	0.00536	0.00426	0.00409	0.74875
4	0.02607	0.03326	0.01978	0.01798	0.02157	0.72674	0.01348	0.02787	0.01978	0.01708	0.01079	0.01258	0.00899	0.00719	0.00629	0.00180	0.01258	0.00449	0.00360	0.00809
5	0.01656	0.01461	0.02094	0.50593	0.09116	0.07564	0.01785	0.02053	0.01500	0.08916	0.01366	0.01831	0.01021	0.00743	0.00790	0.00229	0.05450	0.00614	0.00373	0.00844
6	0.20751	0.01225	0.01484	0.01168	0.01683	0.01149	0.00964	0.03093	0.01813	0.55992	0.02347	0.02092	0.01506	0.00814	0.00640	0.00216	0.00581	0.00628	0.00765	0.01089
7	0.00998	0.00745	0.01106	0.01106	0.01225	0.00864	0.00853	0.01236	0.01117	0.01608	0.01884	0.02822	0.01779	0.08321	0.69670	0.01102	0.01817	0.00759	0.00376	0.00614
8	0.71554	0.01379	0.01123	0.00977	0.01423	0.01574	0.00805	0.06252	0.01359	0.06788	0.01108	0.01232	0.00833	0.00671	0.00462	0.00216	0.00557	0.00410	0.00471	0.00805
9	0.00879	0.00720	0.00783	0.00798	0.01017	0.00623	0.00619	0.01090	0.01632	0.02004	0.13125	0.06709	0.55826	0.01753	0.00842	0.00245	0.00388	0.09686	0.00660	0.00603
10	0.01134	0.00829	0.01180	0.01398	0.04482	0.00826	0.01140	0.01447	0.01589	0.02078	0.03599	0.11757	0.03925	0.01886	0.00947	0.00314	0.00636	0.59545	0.00630	0.00658
11	0.01417	0.03489	0.67113	0.02056	0.03064	0.01631	0.07204	0.02212	0.01485	0.02212	0.01263	0.01502	0.00896	0.00658	0.00674	0.00222	0.01041	0.00537	0.00299	0.01025
12	0.01035	0.00678	0.00790	0.00798	0.00806	0.00678	0.00471	0.01029	0.01037	0.01380	0.02202	0.04555	0.02515	0.66507	0.03363	0.06385	0.00670	0.04254	0.00425	0.00425
13	0.00866	0.00625	0.00824	0.00977	0.01035	0.00583	0.00671	0.01003	0.01367	0.01806	0.04014	0.67118	0.08210	0.02147	0.00892	0.00283	0.00417	0.05944	0.00647	0.00573
14	0.02801	0.01717	0.01947	0.01493	0.02045	0.01811	0.01233	0.48531	0.02883	0.25224	0.02009	0.01892	0.01354	0.00846	0.00699	0.00211	0.00714	0.00651	0.00749	0.01187
15	0.00988	0.00713	0.00933	0.00878	0.01043	0.00658	0.00658	0.01317	0.01975	0.02798	0.70754	0.05213	0.06584	0.01427	0.00823	0.00219	0.00329	0.01262	0.00768	0.00658
16	0.00885	0.00637	0.00843	0.00979	0.01048	0.00596	0.00684	0.01044	0.01428	0.01907	0.10293	0.60412	0.07156	0.02078	0.00888	0.00279	0.00415	0.07188	0.00659	0.00583
17	0.00914	0.00682	0.00809	0.00888	0.00981	0.00643	0.00596	0.01103	0.04244	0.01770	0.04226	0.42281	0.19435	0.16440	0.01391	0.00348	0.00453	0.01624	0.00606	0.00567
18	0.01306	0.00962	0.01137	0.01039	0.01288	0.00974	0.00794	0.06344	0.15341	0.05401	0.40659	0.09002	0.10269	0.01348	0.00792	0.00228	0.00419	0.01169	0.00738	0.00790
19	0.01587	0.01988	0.11389	0.02543	0.03102	0.01845	0.43518	0.02087	0.01476	0.02087	0.01264	0.01743	0.01001	0.00762	0.01187	0.00252	0.20195	0.00733	0.00334	0.00905
20	0.00872	0.00633	0.00818	0.00956	0.01023	0.00589	0.00657	0.01007	0.01366	0.01794	0.04096	0.60797	0.11223	0.05171	0.00999	0.00297	0.00426	0.06068	0.00638	0.00568
21	0.03744	0.00805	0.00964	0.00973	0.01096	0.00799	0.00679	0.06121	0.01457	0.05774	0.06195	0.29963	0.05038	0.26379	0.01741	0.00402	0.00549	0.06121	0.00586	0.00614
22	0.01444	0.00870	0.01106	0.00998	0.01257	0.00817	0.00778	0.01883	0.07424	0.15580	0.44105	0.04726	0.10095	0.01335	0.00799	0.00227	0.00415	0.04587	0.00766	0.00787
23	0.02582	0.01886	0.02019	0.01556	0.02093	0.02085	0.01283	0.65285	0.03186	0.04304	0.01707	0.01724	0.01218	0.00836	0.00687	0.00207	0.00745	0.00629	0.04809	0.01159
24	0.04807	0.00788	0.01009	0.01117	0.01275	0.00787	0.00928	0.01383	0.01518	0.02085	0.05243	0.10901	0.08392	0.08308	0.01124	0.00328	0.00581	0.43871	0.04934	0.00621
25	0.37527	0.04048	0.01341	0.01061	0.01481	0.01533	0.00872	0.18333	0.01814	0.07515	0.01522	0.01644	0.01139	0.00740	0.00526	0.00201	0.00562	0.00515	0.16757	0.00871
26	0.19053	0.01639	0.01754	0.01372	0.01899	0.01758	0.01133	0.38716	0.02527	0.20681	0.01793	0.01734	0.01230	0.00804	0.00643	0.00212	0.00677	0.00594	0.00683	0.01097
27	0.01001	0.00787	0.01087	0.01127	0.01180	0.00890	0.00824	0.01152	0.01220	0.01697	0.02793	0.40950	0.03190	0.07484	0.19602	0.00526	0.11978	0.01399	0.00512	0.00602
28	0.00848	0.00685	0.00755	0.00787	0.00969	0.00591	0.00571	0.01029	0.01573	0.01960	0.13208	0.22319	0.48610	0.01827	0.00840	0.00245	0.00363	0.01568	0.00661	0.00591
29	0.01008	0.00668	0.00771	0.00785	0.00789	0.00664	0.00449	0.01007	0.01039	0.01385	0.02304	0.10601	0.02667	0.66285	0.03289	0.03688	0.00650	0.01083	0.00438	0.00431
30	0.80405	0.01350	0.01026	0.00918	0.01350	0.01565	0.00756	0.02051	0.01188	0.03131	0.00972	0.01134	0.00756	0.00648	0.00432	0.00216	0.00540	0.00378	0.00432	0.00756
31	0.01268	0.01179	0.02036	0.47044	0.05575	0.01361	0.08449	0.01677	0.01416	0.01851	0.01803	0.13283	0.01694	0.01160	0.03744	0.00281	0.00898	0.04141	0.00386	0.00756
32	0.06902	0.01472	0.02060	0.02155	0.18100	0.03413	0.08409	0.13420	0.04949	0.05166	0.01777	0.07233	0.01588	0.08039	0.08242	0.00356	0.04552	0.00777	0.00479	0.00910
33	0.00909	0.00657	0.00825	0.00900	0.00985	0.00612	0.00617	0.01066	0.01452	0.01939	0.17242	0.40204	0.12341	0.13282	0.01282	0.00327	0.00433	0.03721	0.00637	0.00568
34	0.20746	0.01261	0.01461	0.01192	0.01664	0.01250	0.00981	0.08155	0.05281	0.40161	0.05199	0.02464	0.01811	0.00898	0.00659	0.00222	0.00585	0.04254	0.00726	0.01031
35	0.01666	0.01714	0.07918	0.17713	0.29687	0.01682	0.04125	0.06088	0.17486	0.02434	0.01671	0.01941	0.01292	0.00727	0.00699	0.00222	0.00811	0.00659	0.00438	0.01029
36	0.01752	0.18251	0.35332	0.01787	0.02514	0.10548	0.04492	0.06618	0.03293	0.02155	0.01221	0.01434	0.00948	0.00711	0.00739	0.00207	0.06179	0.00511	0.00343	0.00966
37	0.00901	0.00677	0.00796	0.00826	0.00954	0.00614	0.00573	0.01069	0.01518	0.01983	0.20282	0.24075	0.27032	0.13981	0.01293	0.00317	0.00415	0.01483	0.00639	0.00572
38	0.05340	0.00913	0.00994	0.00947	0.01190	0.03718	0.00705	0.01600	0.01602	0.15209	0.09276	0.22728	0.26728	0.04711	0.00906	0.00258	0.00471	0.01326	0.00665	0.00713
39	0.01452	0.01207	0.01209	0.04705	0.01513	0.11095	0.00864	0.01744	0.03690	0.09033	0.18432	0.13856	0.17031	0.01492	0.03817	0.00257	0.00619	0.01107	0.00612	0.06265
40	0.01616	0.01231	0.01714	0.11490	0.11383	0.01308	0.01251	0.07987	0.03084	0.08430	0.01764	0.06468	0.01538	0.05221	0.11283	0.00363	0.07426	0.00722	0.03326	0.12396
41	0.01174	0.00796	0.01091	0.01066	0.01211	0.00833	0.00801	0.01378	0.01310	0.06829	0.07853	0.15310	0.02771	0.13385	0.30980	0.00670	0.03750	0.04290	0.00506	0.03998
42	0.19143	0.04585	0.09257	0.01317	0.05183	0.01333	0.01076	0.02179	0.13538	0.07408	0.02129	0.08034	0.03705	0.08811	0.04876	0.00317	0.00684	0.00760	0.04826	0.00837
43	0.02053	0.12598	0.02162	0.06669	0.02177	0.13514	0.03546	0.23039	0.09682	0.02730	0.01723	0.01869	0.03446	0.01081	0.05471	0.00257	0.00891	0.00607	0.00505	0.05979
44	0.04435	0.04317	0.07636	0.05169	0.04163	0.01294	0.02734	0.11014	0.07555	0.06871	0.08900	0.06014	0.08638	0.07274	0.04309	0.00295	0.00690	0.00851	0.04876	0.02963
45	0.04281	0.04552	0.14772	0.07220	0.15703	0.01583	0.03983	0.04711	0.04401	0.08038	0.01817	0.02410	0.03620	0.00902	0.00906	0.00233	0.10359	0.06424	0.00440	0.03645

[dist]
# distance from previous block
# <min> <max>
0	43

[block]
# block no. 3 follows, 30 sequences, length 28
# corresponding to MSA columns:
# 288-315
name=unknown_D
#
# <colnr> <probs for GDERKNQSTAVLIFYWHMCP>
#	G	D	E	R	K	N	Q	S	T	A	V	L	I	F	Y	W	H	M	C	P
0	0.03993	0.01451	0.01772	0.13584	0.07772	0.07266	0.03479	0.07411	0.01665	0.03938	0.04803	0.07785	0.03795	0.00853	0.00715	0.00190	0.03356	0.00709	0.00457	0.25004
1	0.01258	0.00915	0.01311	0.14237	0.05070	0.01001	0.01020	0.03334	0.06354	0.01825	0.06659	0.05424	0.02105	0.10245	0.08515	0.23581	0.00780	0.05321	0.00435	0.00610
2	0.01079	0.00831	0.01003	0.04189	0.01291	0.00837	0.00755	0.01569	0.11264	0.02302	0.24292	0.14722	0.17632	0.04856	0.03595	0.00289	0.00486	0.03391	0.04931	0.00687
3	0.01553	0.09869	0.02192	0.15757	0.08069	0.04724	0.08470	0.09528	0.01699	0.02231	0.08111	0.08095	0.03994	0.01393	0.08227	0.00314	0.03676	0.00814	0.00449	0.00834
4	0.04184	0.01514	0.02252	0.15733	0.36981	0.04367	0.01750	0.02140	0.08742	0.02181	0.01588	0.05638	0.01372	0.01028	0.04662	0.00271	0.03542	0.00701	0.00397	0.00957
5	0.04145	0.00908	0.01032	0.00995	0.01208	0.00917	0.00738	0.06089	0.09103	0.05759	0.06151	0.18901	0.19143	0.11756	0.05571	0.00357	0.00579	0.03695	0.02249	0.00704
6	0.00981	0.00717	0.00853	0.00878	0.00986	0.00687	0.00607	0.01202	0.04131	0.01933	0.17392	0.18599	0.15792	0.25626	0.01725	0.00390	0.00491	0.05839	0.00601	0.00569
7	0.01719	0.20028	0.02443	0.16262	0.15931	0.05215	0.01481	0.06741	0.11055	0.02152	0.01549	0.03891	0.01328	0.04816	0.00827	0.00230	0.02366	0.00634	0.00414	0.00920
8	0.08498	0.00896	0.01083	0.01127	0.04767	0.00914	0.00780	0.01570	0.06823	0.06371	0.05325	0.11215	0.17412	0.10783	0.13905	0.05527	0.00752	0.01035	0.00538	0.00678
9	0.04751	0.04142	0.01003	0.00915	0.01102	0.00838	0.00685	0.01370	0.05803	0.02113	0.15231	0.19945	0.21526	0.08811	0.01061	0.00285	0.00451	0.06190	0.03140	0.00640
10	0.11412	0.20226	0.04926	0.01518	0.01965	0.09797	0.09501	0.04360	0.04214	0.04687	0.01589	0.01848	0.04229	0.01312	0.09436	0.00316	0.06814	0.00594	0.00404	0.00851
11	0.04241	0.01110	0.01412	0.01747	0.16924	0.05046	0.01063	0.01552	0.03709	0.02005	0.06693	0.14978	0.14704	0.05261	0.11831	0.02270	0.00793	0.03424	0.00504	0.00734
12	0.01053	0.00746	0.00910	0.00942	0.01095	0.00704	0.00678	0.01360	0.06266	0.05195	0.17096	0.33268	0.18128	0.05781	0.00990	0.00278	0.00421	0.03765	0.00672	0.00649
13	0.01646	0.01093	0.01275	0.01147	0.01415	0.01129	0.00868	0.14178	0.11944	0.11030	0.10609	0.16790	0.05343	0.13753	0.01245	0.00313	0.00563	0.04163	0.00668	0.00827
14	0.01756	0.01033	0.01394	0.04591	0.01646	0.01035	0.03472	0.07354	0.05398	0.20007	0.05354	0.11098	0.07026	0.04589	0.11541	0.02888	0.00775	0.03333	0.04875	0.00835
15	0.03305	0.00806	0.00997	0.00955	0.01158	0.00760	0.00702	0.01591	0.04131	0.13224	0.18826	0.21577	0.14430	0.09041	0.04978	0.00332	0.00525	0.01289	0.00669	0.00704
16	0.01549	0.00822	0.01089	0.01079	0.01288	0.00755	0.00806	0.03396	0.01601	0.21180	0.03598	0.44739	0.06183	0.01749	0.00837	0.00264	0.00485	0.07109	0.00708	0.00761
17	0.02683	0.01232	0.01528	0.01205	0.01677	0.01174	0.00985	0.13910	0.04566	0.46008	0.02495	0.02307	0.01663	0.00854	0.00664	0.00206	0.00574	0.00684	0.14493	0.01091
18	0.00879	0.00687	0.00781	0.00799	0.00966	0.00606	0.00574	0.01067	0.01590	0.02034	0.20355	0.19255	0.39314	0.06683	0.01019	0.00271	0.00379	0.01493	0.00660	0.00589
19	0.01447	0.01240	0.01447	0.01034	0.01654	0.00930	0.00827	0.01757	0.01447	0.02274	0.01240	0.01447	0.01034	0.00517	0.00517	0.00103	0.00517	0.00413	0.00413	0.79742
20	0.00871	0.00651	0.00793	0.00876	0.00979	0.00591	0.00602	0.01022	0.01453	0.01894	0.12195	0.44057	0.22128	0.07222	0.01056	0.00292	0.00402	0.01698	0.00645	0.00573
21	0.00888	0.00698	0.00806	0.00854	0.01012	0.00630	0.00611	0.01126	0.03896	0.02006	0.14397	0.31914	0.34953	0.01849	0.00845	0.00251	0.00376	0.01612	0.00666	0.00608
22	0.05434	0.00953	0.01167	0.00984	0.01354	0.00840	0.00783	0.02177	0.01817	0.33407	0.15099	0.04275	0.26337	0.01257	0.00752	0.00223	0.00466	0.01044	0.00755	0.00877
23	0.01097	0.00810	0.01006	0.01062	0.01209	0.00802	0.00790	0.06947	0.04704	0.02219	0.11178	0.42630	0.09352	0.01863	0.00865	0.00270	0.00466	0.11396	0.00667	0.00667
24	0.01161	0.01122	0.01640	0.01372	0.01656	0.04642	0.16415	0.01409	0.01515	0.01906	0.06366	0.15673	0.28420	0.09774	0.01179	0.00292	0.02996	0.01264	0.00532	0.00668
25	0.00882	0.00710	0.00789	0.00790	0.00996	0.00617	0.00597	0.01102	0.01678	0.02120	0.22725	0.08986	0.48786	0.01706	0.00834	0.00238	0.00364	0.04793	0.00678	0.00608
26	0.01222	0.00815	0.01023	0.00937	0.01159	0.00767	0.00714	0.01658	0.07131	0.08875	0.53804	0.04894	0.11544	0.01370	0.00804	0.00222	0.00372	0.01195	0.00762	0.00734
27	0.00850	0.00607	0.00810	0.00972	0.01012	0.00567	0.00648	0.00972	0.01336	0.01781	0.03846	0.75020	0.04615	0.02186	0.00891	0.00283	0.00405	0.01984	0.00648	0.00567

[dist]
# distance from previous block
# <min> <max>
0	2

[block]
# block no. 4 follows, 30 sequences, length 7
# corresponding to MSA columns:
# 318-324
name=unknown_E
#
# <colnr> <probs for GDERKNQSTAVLIFYWHMCP>
#	G	D	E	R	K	N	Q	S	T	A	V	L	I	F	Y	W	H	M	C	P
0	0.01004	0.00710	0.00903	0.00870	0.01030	0.00685	0.00652	0.01290	0.01706	0.02430	0.42999	0.04694	0.12283	0.04976	0.12437	0.00379	0.00593	0.01131	0.08595	0.00635
1	0.00965	0.00725	0.00963	0.00963	0.01086	0.00774	0.00711	0.01149	0.01198	0.01622	0.03018	0.03935	0.16289	0.18616	0.43858	0.00848	0.01314	0.00952	0.00441	0.00576
2	0.13914	0.14916	0.05156	0.01650	0.09412	0.16613	0.01226	0.08385	0.01683	0.02273	0.01710	0.16673	0.01700	0.00990	0.00636	0.00209	0.00775	0.00784	0.00448	0.00845
3	0.15902	0.02802	0.01774	0.01608	0.01984	0.53294	0.01222	0.02753	0.08681	0.02075	0.01238	0.01372	0.00998	0.00730	0.00603	0.00192	0.01064	0.00471	0.00407	0.00830
4	0.01320	0.09372	0.01529	0.01245	0.03416	0.07014	0.00946	0.03578	0.01471	0.01961	0.16009	0.02987	0.02581	0.08811	0.30767	0.00622	0.04423	0.00797	0.00456	0.00697
5	0.02565	0.17227	0.02344	0.01462	0.02026	0.02107	0.01251	0.44508	0.02689	0.14512	0.01700	0.01671	0.01212	0.00792	0.00647	0.00198	0.00736	0.00587	0.00641	0.01126
6	0.01596	0.01389	0.02093	0.58768	0.04256	0.01678	0.01811	0.15735	0.01788	0.02327	0.01331	0.01822	0.00984	0.00727	0.00698	0.00228	0.00896	0.00622	0.00391	0.00861

[dist]
# distance from previous block
# <min> <max>
0	1

[block]
# block no. 5 follows, 30 sequences, length 27
# corresponding to MSA columns:
# 326-350,352,353
name=unknown_F
#
# <colnr> <probs for GDERKNQSTAVLIFYWHMCP>
#	G	D	E	R	K	N	Q	S	T	A	V	L	I	F	Y	W	H	M	C	P
0	0.01558	0.06662	0.01945	0.07796	0.22542	0.07014	0.01331	0.05878	0.04906	0.02105	0.05813	0.07409	0.01962	0.13840	0.05975	0.00351	0.00833	0.00804	0.00440	0.00835
1	0.01202	0.00613	0.00919	0.00919	0.00925	0.00618	0.00618	0.00925	0.00919	0.01231	0.01242	0.02150	0.01237	0.02553	0.05935	0.76095	0.00664	0.00613	0.00306	0.00318
2	0.01706	0.01465	0.01556	0.01414	0.01797	0.01690	0.01106	0.03598	0.66528	0.02879	0.02882	0.02861	0.02222	0.00995	0.00722	0.00241	0.00557	0.03995	0.00707	0.01082
3	0.00859	0.00614	0.00817	0.00966	0.01014	0.00573	0.00648	0.00993	0.01376	0.01845	0.08035	0.70650	0.04739	0.02139	0.00886	0.00279	0.00400	0.01939	0.00655	0.00573
4	0.13310	0.04155	0.01568	0.01124	0.01682	0.01309	0.00914	0.13890	0.01742	0.05030	0.01350	0.01560	0.01086	0.02986	0.00637	0.00163	0.00581	0.00474	0.00478	0.45963
5	0.02068	0.01436	0.08594	0.01261	0.01810	0.01110	0.03314	0.06589	0.03527	0.26512	0.06950	0.02215	0.01772	0.00780	0.00641	0.00183	0.00601	0.00645	0.08461	0.21531
6	0.00858	0.00632	0.00794	0.00911	0.00990	0.00579	0.00617	0.00992	0.01392	0.01820	0.06843	0.57086	0.16580	0.05189	0.00989	0.00289	0.00404	0.01823	0.00643	0.00568
7	0.00998	0.00670	0.00766	0.00782	0.00786	0.00666	0.00445	0.01010	0.01047	0.01396	0.02364	0.11641	0.02746	0.68116	0.03285	0.00637	0.00649	0.01112	0.00445	0.00437
8	0.52082	0.01296	0.01223	0.01027	0.01485	0.01392	0.00845	0.04622	0.01506	0.23478	0.01570	0.01573	0.01095	0.00724	0.00523	0.00214	0.00556	0.00492	0.03403	0.00894
9	0.00864	0.00704	0.00734	0.00729	0.00928	0.00607	0.00528	0.01032	0.01550	0.01898	0.12183	0.06299	0.56101	0.11380	0.01181	0.00292	0.00394	0.01394	0.00629	0.00574
10	0.01142	0.00875	0.01019	0.00870	0.01125	0.00752	0.00609	0.01318	0.01375	0.01963	0.14617	0.03789	0.07703	0.31540	0.01840	0.00369	0.00537	0.00890	0.00498	0.27168
11	0.65556	0.01318	0.01140	0.00980	0.01433	0.01462	0.00808	0.02311	0.01343	0.16289	0.01314	0.01372	0.00942	0.00689	0.00484	0.00216	0.00550	0.00440	0.00515	0.00839
12	0.28844	0.01432	0.01522	0.01225	0.01723	0.01505	0.01007	0.17400	0.06529	0.29239	0.01924	0.01820	0.01309	0.00791	0.00611	0.00216	0.00611	0.00583	0.00672	0.01037
13	0.01201	0.00807	0.01057	0.00996	0.01123	0.00805	0.02956	0.03800	0.01342	0.06124	0.07000	0.12819	0.05731	0.36304	0.12252	0.00570	0.00790	0.03212	0.00518	0.00592
14	0.07891	0.00862	0.03009	0.01014	0.01172	0.00805	0.00751	0.03863	0.04387	0.02155	0.07651	0.51205	0.06437	0.01794	0.00809	0.00261	0.00446	0.01590	0.03244	0.00653
15	0.01318	0.01240	0.02093	0.73798	0.04806	0.01550	0.01938	0.01783	0.01395	0.01783	0.01240	0.01860	0.00930	0.00698	0.00698	0.00233	0.00930	0.00620	0.00310	0.00775
16	0.01018	0.00743	0.01032	0.01043	0.01122	0.00829	0.00764	0.01176	0.01128	0.01579	0.02166	0.10282	0.02271	0.22245	0.40923	0.03060	0.03928	0.03709	0.00419	0.00564
17	0.03828	0.01171	0.10161	0.01285	0.04340	0.00991	0.01053	0.01372	0.01209	0.01758	0.04529	0.02894	0.05916	0.11130	0.32400	0.10332	0.03826	0.00770	0.00390	0.00644
18	0.00853	0.00624	0.00803	0.00937	0.01005	0.00573	0.00634	0.00990	0.01393	0.01837	0.07088	0.63999	0.12489	0.02104	0.00880	0.00275	0.00396	0.01893	0.00653	0.00573
19	0.02773	0.01814	0.01968	0.01520	0.02066	0.04735	0.01250	0.49423	0.02900	0.21445	0.01926	0.01837	0.01313	0.00840	0.00696	0.00210	0.00743	0.00640	0.00727	0.01172
20	0.01669	0.07325	0.06901	0.08468	0.29905	0.12564	0.01650	0.02084	0.04228	0.02102	0.06358	0.10181	0.01842	0.00889	0.00694	0.00212	0.00818	0.00774	0.00415	0.00920
21	0.01377	0.00981	0.01592	0.07608	0.03724	0.01034	0.08982	0.03841	0.01301	0.04736	0.01711	0.06654	0.01599	0.02185	0.12636	0.29180	0.03639	0.03618	0.02983	0.00619
22	0.01083	0.00687	0.00861	0.00894	0.00956	0.00675	0.00589	0.01169	0.01227	0.04830	0.05317	0.24681	0.03171	0.35263	0.07242	0.03735	0.00650	0.03415	0.03024	0.00532
23	0.02607	0.03326	0.01978	0.01798	0.02157	0.72674	0.01348	0.02787	0.01978	0.01708	0.01079	0.01258	0.00899	0.00719	0.00629	0.00180	0.01258	0.00449	0.00360	0.00809
24	0.08381	0.01670	0.01858	0.04050	0.08846	0.10212	0.03338	0.13245	0.01833	0.08455	0.01519	0.05170	0.01251	0.00781	0.00735	0.00190	0.05451	0.00605	0.00487	0.21924
25	0.04364	0.01331	0.01888	0.18010	0.20681	0.01453	0.01465	0.08742	0.11997	0.02440	0.05981	0.09938	0.04219	0.01016	0.00784	0.02749	0.00697	0.00846	0.00496	0.00903
26	0.01482	0.01410	0.01218	0.01193	0.02951	0.17109	0.00847	0.07489	0.01657	0.01982	0.03257	0.15040	0.18497	0.11767	0.05209	0.02683	0.00750	0.01066	0.03718	0.00674

[dist]
# distance from previous block
# <min> <max>
0	2

[block]
# block no. 6 follows, 30 sequences, length 31
# corresponding to MSA columns:
# 356-386
name=unknown_G
#
# <colnr> <probs for GDERKNQSTAVLIFYWHMCP>
#	G	D	E	R	K	N	Q	S	T	A	V	L	I	F	Y	W	H	M	C	P
0	0.06009	0.01805	0.09908	0.05063	0.35276	0.05365	0.04675	0.04431	0.01692	0.07698	0.07116	0.02168	0.04197	0.00767	0.00693	0.00213	0.00799	0.00686	0.00441	0.00999
1	0.01566	0.03633	0.01880	0.12528	0.09463	0.08813	0.03381	0.04812	0.05803	0.01908	0.01519	0.02291	0.01379	0.07691	0.08005	0.08963	0.12320	0.02897	0.00388	0.00761
2	0.01007	0.00673	0.00763	0.00770	0.00772	0.00672	0.00433	0.01013	0.01029	0.01372	0.02272	0.07697	0.02629	0.72220	0.03434	0.00659	0.00664	0.01058	0.00433	0.00429
3	0.01387	0.01175	0.01404	0.01045	0.01600	0.00923	0.00833	0.01689	0.01404	0.02187	0.01324	0.01619	0.01128	0.01143	0.10101	0.00239	0.00696	0.00458	0.00408	0.69238
4	0.00956	0.00708	0.00933	0.01016	0.01122	0.00696	0.00760	0.01137	0.01447	0.01920	0.10908	0.35461	0.13867	0.02197	0.06169	0.03377	0.02948	0.13168	0.00615	0.00593
5	0.80405	0.01350	0.01026	0.00918	0.01350	0.01565	0.00756	0.02051	0.01188	0.03131	0.00972	0.01134	0.00756	0.00648	0.00432	0.00216	0.00540	0.00378	0.00432	0.00756
6	0.01736	0.01499	0.01578	0.01420	0.01815	0.01736	0.01105	0.03708	0.69862	0.02919	0.02840	0.02604	0.02130	0.00947	0.00710	0.00237	0.00552	0.00789	0.00710	0.01105
7	0.01015	0.00677	0.00761	0.00761	0.00761	0.00677	0.00423	0.01015	0.01015	0.01353	0.02199	0.04567	0.02537	0.75476	0.03552	0.00677	0.00677	0.01015	0.00423	0.00423
8	0.01199	0.00826	0.00971	0.00954	0.01155	0.00794	0.00704	0.01586	0.09518	0.08170	0.10654	0.18668	0.24061	0.10653	0.03094	0.00324	0.00501	0.04829	0.00651	0.00688
9	0.05611	0.01061	0.01365	0.01090	0.01530	0.00952	0.00887	0.02886	0.01855	0.51533	0.05728	0.02506	0.01927	0.00871	0.00653	0.00205	0.00524	0.00705	0.17078	0.01035
10	0.02607	0.03326	0.01978	0.01798	0.02157	0.72674	0.01348	0.02787	0.01978	0.01708	0.01079	0.01258	0.00899	0.00719	0.00629	0.00180	0.01258	0.00449	0.00360	0.00809
11	0.01171	0.01301	0.08558	0.01493	0.01891	0.01039	0.18044	0.01610	0.03454	0.02348	0.27272	0.08788	0.17617	0.01248	0.00810	0.00232	0.00627	0.01157	0.00583	0.00757
12	0.01069	0.00779	0.00884	0.00884	0.00993	0.00769	0.00588	0.05222	0.04294	0.01854	0.05851	0.21405	0.15749	0.34217	0.02028	0.00439	0.00541	0.01305	0.00559	0.00571
13	0.14253	0.01357	0.01624	0.01264	0.01792	0.01321	0.01044	0.15648	0.02124	0.48882	0.02289	0.02062	0.01484	0.00827	0.00662	0.00215	0.00619	0.00641	0.00770	0.01125
14	0.01518	0.01215	0.01350	0.01208	0.01522	0.01333	0.00936	0.08240	0.36558	0.02989	0.28290	0.03507	0.03717	0.01114	0.00745	0.00226	0.00479	0.00949	0.03175	0.00929
15	0.01077	0.00765	0.00921	0.00971	0.01129	0.00729	0.00693	0.01430	0.08884	0.05983	0.07384	0.44274	0.19420	0.01846	0.00842	0.00261	0.00417	0.01632	0.00672	0.00670
16	0.00969	0.00752	0.00883	0.00925	0.01075	0.00721	0.00657	0.01335	0.09027	0.02070	0.14747	0.34651	0.22472	0.05206	0.00966	0.00274	0.00408	0.01559	0.00663	0.00639
17	0.01164	0.00765	0.00914	0.00929	0.01118	0.00693	0.00674	0.04129	0.01586	0.09496	0.04841	0.38488	0.28924	0.01829	0.00837	0.00255	0.00422	0.01596	0.00673	0.00669
18	0.12491	0.01321	0.01499	0.01201	0.01663	0.01341	0.00980	0.18744	0.05253	0.32304	0.02193	0.02095	0.01502	0.00826	0.00632	0.00207	0.00583	0.00638	0.13485	0.01041
19	0.00984	0.00721	0.00822	0.00790	0.00994	0.00635	0.00588	0.01219	0.01720	0.04356	0.31148	0.05756	0.38268	0.05007	0.00935	0.00247	0.00365	0.01317	0.03499	0.00629
20	0.00920	0.00647	0.00779	0.00855	0.00896	0.00617	0.00538	0.00993	0.01219	0.01603	0.03422	0.37889	0.09806	0.34228	0.02049	0.00451	0.00519	0.01513	0.00549	0.00506
21	0.01596	0.03949	0.04916	0.01424	0.01819	0.03733	0.05517	0.02959	0.45129	0.02513	0.02817	0.02947	0.07310	0.09029	0.01021	0.00279	0.00642	0.00832	0.00607	0.00961
22	0.00976	0.00720	0.00940	0.01070	0.01206	0.00684	0.00852	0.01204	0.01514	0.01948	0.04399	0.29741	0.17166	0.01982	0.00913	0.00292	0.00508	0.32633	0.00645	0.00607
23	0.00980	0.00687	0.00855	0.00850	0.01001	0.00634	0.00623	0.01255	0.01764	0.02496	0.44315	0.17315	0.12969	0.01531	0.00798	0.00226	0.00345	0.01345	0.09379	0.00634
24	0.01471	0.01645	0.08893	0.06083	0.06394	0.01459	0.28723	0.04095	0.09572	0.02318	0.06513	0.13468	0.02159	0.00991	0.00793	0.00241	0.00857	0.02957	0.00478	0.00891
25	0.01413	0.01373	0.02101	0.57342	0.10272	0.05376	0.01852	0.01836	0.01418	0.01811	0.01261	0.01853	0.00988	0.00957	0.04668	0.00278	0.03466	0.00618	0.00319	0.00798
26	0.80405	0.01350	0.01026	0.00918	0.01350	0.01565	0.00756	0.02051	0.01188	0.03131	0.00972	0.01134	0.00756	0.00648	0.00432	0.00216	0.00540	0.00378	0.00432	0.00756
27	0.01507	0.01436	0.02323	0.18862	0.38830	0.03622	0.04064	0.01889	0.01524	0.02084	0.03986	0.09855	0.01658	0.01052	0.04075	0.00264	0.00862	0.00798	0.00387	0.00922
28	0.01714	0.01572	0.02333	0.16994	0.27794	0.04884	0.06861	0.13316	0.01826	0.02442	0.01715	0.12091	0.01567	0.00897	0.00729	0.00224	0.00826	0.00823	0.00443	0.00951
29	0.06746	0.13134	0.02352	0.05733	0.02167	0.11232	0.05000	0.15770	0.01765	0.02382	0.01161	0.01472	0.00969	0.00859	0.01123	0.00225	0.23345	0.00548	0.00406	0.03608
30	0.13913	0.15622	0.05940	0.01368	0.01821	0.01926	0.01205	0.22525	0.04894	0.05466	0.01472	0.01755	0.01194	0.05064	0.05666	0.00295	0.07874	0.00573	0.00493	0.00936

[dist]
# distance from previous block
# <min> <max>
6	12

[block]
# block no. 7 follows, 30 sequences, length 65
# corresponding to MSA columns:
# 400-464
name=unknown_H
#
# <colnr> <probs for GDERKNQSTAVLIFYWHMCP>
#	G	D	E	R	K	N	Q	S	T	A	V	L	I	F	Y	W	H	M	C	P
0	0.01578	0.01326	0.01583	0.07055	0.13725	0.08533	0.01164	0.08359	0.01846	0.06907	0.17880	0.13437	0.09120	0.01313	0.02818	0.00249	0.00674	0.01027	0.00579	0.00826
1	0.02095	0.02559	0.11338	0.01773	0.05091	0.31206	0.01452	0.07787	0.22272	0.02397	0.03993	0.01871	0.01483	0.00808	0.00672	0.00207	0.00931	0.00607	0.00493	0.00963
2	0.02572	0.06958	0.02217	0.01573	0.02128	0.01506	0.11624	0.11773	0.10408	0.38323	0.02281	0.02141	0.01540	0.00808	0.00703	0.00216	0.00714	0.00697	0.00702	0.01117
3	0.01344	0.03078	0.03175	0.00985	0.03450	0.00881	0.03142	0.01787	0.05928	0.02501	0.02290	0.07556	0.01906	0.00893	0.00554	0.00181	0.00427	0.00746	0.58459	0.00719
4	0.01696	0.01538	0.02202	0.16131	0.02651	0.03822	0.10521	0.11096	0.08476	0.04328	0.01650	0.08020	0.01433	0.01009	0.01187	0.00253	0.21878	0.00776	0.00453	0.00878
5	0.01039	0.00742	0.00916	0.00895	0.01095	0.00671	0.00697	0.01318	0.01809	0.05061	0.39683	0.05922	0.25602	0.01577	0.00838	0.00238	0.00389	0.10135	0.00718	0.00655
6	0.01094	0.00804	0.00996	0.00982	0.01165	0.00783	0.00739	0.01566	0.09930	0.04019	0.38275	0.18212	0.11053	0.01564	0.00830	0.00242	0.00400	0.05924	0.00721	0.00699
