[name]
unknown

[dist]
# distance from previous block
# <min> <max>
3	549

[block]
# block no. 0 follows, 32 sequences, length 26
# corresponding to MSA columns:
# 561-586
name=unknown_A
#
# <colnr> <probs for GDERKNQSTAVLIFYWHMCP>
#	G	D	E	R	K	N	Q	S	T	A	V	L	I	F	Y	W	H	M	C	P
0	0.01560	0.01090	0.01258	0.01029	0.01432	0.00980	0.00806	0.13193	0.01754	0.10025	0.02826	0.14959	0.13590	0.01069	0.00654	0.00181	0.00493	0.00897	0.04206	0.27998
1	0.01290	0.00898	0.01032	0.03477	0.01288	0.00850	0.00718	0.06117	0.06337	0.09726	0.09396	0.09063	0.32529	0.08929	0.01013	0.00261	0.00465	0.01127	0.00616	0.04868
2	0.04848	0.08832	0.03754	0.09455	0.02035	0.08827	0.03527	0.19445	0.01990	0.05741	0.12379	0.07585	0.06854	0.00973	0.00674	0.00205	0.00692	0.00796	0.00538	0.00849
3	0.01116	0.00974	0.01099	0.01057	0.01246	0.05549	0.03848	0.01493	0.09983	0.01905	0.07169	0.28695	0.16160	0.10882	0.01108	0.00288	0.00523	0.02903	0.00570	0.03430
4	0.01971	0.11627	0.06969	0.01776	0.12298	0.09570	0.01322	0.17131	0.08042	0.09609	0.03840	0.06938	0.04278	0.00869	0.00651	0.00200	0.00728	0.00701	0.00522	0.00959
5	0.05610	0.04587	0.01854	0.01427	0.01898	0.01901	0.01164	0.47448	0.15647	0.03642	0.01903	0.06586	0.01498	0.00893	0.00665	0.00209	0.00666	0.00698	0.00644	0.01059
6	0.04058	0.07523	0.05832	0.04232	0.14816	0.02856	0.05110	0.08854	0.07097	0.09405	0.06594	0.07318	0.05971	0.01098	0.03454	0.00245	0.00721	0.03403	0.00513	0.00898
7	0.01870	0.19703	0.10104	0.07618	0.07035	0.08941	0.07267	0.15154	0.01781	0.04192	0.01255	0.01497	0.00991	0.00764	0.00735	0.05422	0.00834	0.00525	0.00394	0.03918
8	0.04126	0.03619	0.01556	0.01310	0.04296	0.01239	0.03359	0.13932	0.05758	0.19722	0.07859	0.10242	0.14426	0.01130	0.00780	0.00220	0.03959	0.00935	0.00641	0.00891
9	0.01322	0.00858	0.01278	0.03879	0.01374	0.00837	0.08274	0.01444	0.01216	0.11104	0.02167	0.11049	0.02222	0.39659	0.05597	0.04974	0.00724	0.00965	0.00466	0.00591
10	0.04075	0.01478	0.04975	0.06775	0.09182	0.07210	0.11951	0.04414	0.06117	0.10181	0.04035	0.18000	0.02108	0.01067	0.00770	0.00229	0.02766	0.03318	0.00507	0.00844
11	0.04429	0.08942	0.17652	0.08126	0.06411	0.03680	0.13452	0.03913	0.01475	0.08609	0.01449	0.05081	0.01198	0.03414	0.00925	0.00234	0.09089	0.00653	0.00387	0.00881
12	0.10090	0.01812	0.01894	0.04644	0.02068	0.06144	0.01260	0.47189	0.04860	0.03534	0.01455	0.01559	0.01077	0.00817	0.00800	0.00212	0.08421	0.00574	0.00573	0.01018
13	0.07708	0.00958	0.01142	0.01214	0.05138	0.00989	0.00843	0.10443	0.06869	0.04221	0.03032	0.41233	0.05803	0.01537	0.00755	0.00244	0.00486	0.03375	0.03282	0.00728
14	0.01842	0.01659	0.07804	0.12897	0.14333	0.05434	0.07787	0.14569	0.01905	0.11027	0.09382	0.02318	0.01785	0.00815	0.00698	0.00212	0.00782	0.03309	0.00503	0.00939
15	0.02169	0.17058	0.02320	0.01837	0.12288	0.15663	0.03076	0.17162	0.06000	0.10727	0.01574	0.04447	0.01258	0.00759	0.00620	0.00190	0.00798	0.00593	0.00490	0.00970
16	0.02229	0.02578	0.01795	0.01700	0.05147	0.49548	0.01239	0.02794	0.17086	0.03960	0.01698	0.01757	0.04018	0.00780	0.00634	0.00189	0.00988	0.00558	0.00444	0.00855
17	0.04915	0.04037	0.09588	0.05896	0.20328	0.01319	0.01413	0.05678	0.03605	0.12998	0.06290	0.07815	0.01737	0.00819	0.00649	0.00197	0.00663	0.00705	0.00488	0.10861
18	0.01152	0.00872	0.01189	0.03526	0.01421	0.00879	0.05261	0.01651	0.13891	0.05200	0.05753	0.44413	0.06239	0.01597	0.00789	0.00249	0.00481	0.01443	0.03294	0.00701
19	0.01027	0.00660	0.00862	0.00913	0.00988	0.00645	0.00618	0.01146	0.01240	0.06250	0.05623	0.39333	0.03423	0.22260	0.11381	0.00476	0.00658	0.01390	0.00547	0.00558
20	0.04051	0.04671	0.13087	0.06629	0.21319	0.09878	0.06728	0.10344	0.03452	0.06719	0.01351	0.01597	0.01038	0.00700	0.00747	0.00207	0.05540	0.00572	0.00404	0.00967
21	0.01755	0.01590	0.04705	0.17525	0.22244	0.06479	0.14554	0.02157	0.01563	0.12482	0.01673	0.01979	0.03645	0.00867	0.03633	0.00246	0.00906	0.00665	0.00411	0.00921
22	0.00818	0.00584	0.00779	0.00934	0.00973	0.00545	0.00623	0.00934	0.01285	0.01713	0.03698	0.75981	0.04438	0.02102	0.00856	0.00273	0.00389	0.01908	0.00623	0.00545
23	0.09048	0.04477	0.01840	0.05294	0.14444	0.12395	0.01261	0.13857	0.01806	0.07941	0.06679	0.02191	0.01619	0.05832	0.02357	0.00252	0.04571	0.02785	0.00479	0.00872
24	0.04220	0.15631	0.12833	0.01728	0.05792	0.10761	0.09315	0.13438	0.03187	0.03950	0.03664	0.03902	0.01297	0.00752	0.00673	0.00196	0.03316	0.00601	0.03836	0.00907
25	0.01743	0.01113	0.01634	0.13146	0.16111	0.01124	0.01245	0.02163	0.07158	0.21276	0.02513	0.16902	0.04438	0.01077	0.00715	0.00225	0.00614	0.03101	0.02814	0.00890

[dist]
# distance from previous block
# <min> <max>
0	2

[block]
# block no. 1 follows, 32 sequences, length 10
# corresponding to MSA columns:
# 589-598
name=unknown_B
#
# <colnr> <probs for GDERKNQSTAVLIFYWHMCP>
#	G	D	E	R	K	N	Q	S	T	A	V	L	I	F	Y	W	H	M	C	P
0	0.02078	0.04477	0.05605	0.04627	0.10824	0.18823	0.05325	0.17142	0.04541	0.09580	0.01837	0.06348	0.04128	0.00839	0.00669	0.00202	0.00837	0.00684	0.00498	0.00937
1	0.38242	0.04534	0.01690	0.01460	0.05086	0.18057	0.05578	0.07494	0.07811	0.02627	0.01215	0.01358	0.00949	0.00672	0.00539	0.00200	0.00755	0.00472	0.00430	0.00833
2	0.01672	0.01753	0.06612	0.10643	0.32338	0.06370	0.14669	0.03545	0.03163	0.04535	0.01481	0.01902	0.02470	0.00697	0.00754	0.00213	0.03872	0.01991	0.00370	0.00949
3	0.00993	0.00747	0.00846	0.00862	0.01005	0.00710	0.00602	0.07166	0.01484	0.01900	0.04326	0.31618	0.27785	0.15291	0.01280	0.00318	0.00450	0.01447	0.00588	0.00581
4	0.01625	0.08223	0.02749	0.07654	0.17254	0.01517	0.25594	0.02079	0.04070	0.08630	0.04462	0.07654	0.03799	0.00800	0.00714	0.00214	0.00821	0.00806	0.00434	0.00902
5	0.00937	0.00751	0.00938	0.01064	0.07335	0.00685	0.00681	0.01142	0.01540	0.02013	0.22977	0.12114	0.33131	0.10409	0.01098	0.00275	0.00416	0.01283	0.00602	0.00608
6	0.01335	0.03533	0.06202	0.01540	0.10165	0.01120	0.06068	0.06100	0.06758	0.04783	0.31180	0.03717	0.12530	0.01102	0.00736	0.00211	0.00545	0.00972	0.00596	0.00807
7	0.01811	0.16938	0.09794	0.01788	0.07492	0.08487	0.10128	0.13912	0.03439	0.02372	0.03886	0.01591	0.01194	0.00683	0.00669	0.00183	0.03612	0.00551	0.00410	0.11060
8	0.09044	0.32424	0.09609	0.01275	0.01767	0.01961	0.01208	0.11772	0.04210	0.04630	0.01480	0.08571	0.01335	0.00981	0.03360	0.00224	0.04244	0.00608	0.00423	0.00873
9	0.04151	0.09939	0.06236	0.01181	0.01541	0.03968	0.01012	0.08858	0.06538	0.06287	0.13053	0.11512	0.06588	0.01358	0.05876	0.00267	0.04057	0.00864	0.00535	0.06177

[dist]
# distance from previous block
# <min> <max>
0	15

[block]
# block no. 2 follows, 32 sequences, length 18
# corresponding to MSA columns:
# 614-631
name=unknown_C
#
# <colnr> <probs for GDERKNQSTAVLIFYWHMCP>
#	G	D	E	R	K	N	Q	S	T	A	V	L	I	F	Y	W	H	M	C	P
0	0.06655	0.22391	0.08218	0.01409	0.01962	0.02008	0.03150	0.23783	0.14464	0.07213	0.01611	0.01626	0.01208	0.00731	0.00593	0.00193	0.00704	0.00551	0.00522	0.01007
1	0.03596	0.12978	0.06839	0.04162	0.02056	0.13861	0.04400	0.12548	0.13991	0.08299	0.03111	0.01845	0.03094	0.00756	0.00620	0.00191	0.00768	0.00588	0.00498	0.05800
2	0.09314	0.17644	0.17920	0.05678	0.02099	0.07769	0.01426	0.07037	0.07851	0.02220	0.05330	0.01716	0.01341	0.01011	0.05289	0.00254	0.04288	0.00546	0.00399	0.00867
3	0.00839	0.00633	0.00741	0.00807	0.00913	0.00573	0.00549	0.00965	0.01350	0.01725	0.07362	0.36885	0.28557	0.13467	0.01228	0.00312	0.00409	0.01557	0.00594	0.00535
4	0.02453	0.03087	0.01877	0.01706	0.02053	0.69163	0.01282	0.02735	0.06278	0.01716	0.01144	0.01292	0.00939	0.00705	0.00610	0.00176	0.01167	0.00453	0.00367	0.00796
5	0.02357	0.01722	0.01856	0.01443	0.01931	0.01893	0.01184	0.61096	0.02969	0.04021	0.07499	0.01936	0.01601	0.00852	0.00672	0.00200	0.00683	0.00656	0.04355	0.01075
6	0.01740	0.13115	0.06024	0.01341	0.01796	0.08324	0.03874	0.09790	0.14849	0.06327	0.02061	0.12518	0.03383	0.00930	0.00641	0.00195	0.00671	0.00766	0.00514	0.11142
7	0.04787	0.04305	0.06600	0.40643	0.06714	0.04639	0.05629	0.03778	0.04598	0.07862	0.01372	0.01742	0.01019	0.00696	0.00696	0.00216	0.02889	0.00590	0.00378	0.00847
8	0.02050	0.01596	0.01694	0.01405	0.01844	0.01799	0.01126	0.33967	0.35874	0.03443	0.02186	0.02093	0.01613	0.00855	0.00665	0.00211	0.00614	0.00680	0.05211	0.01073
9	0.00818	0.00584	0.00779	0.00934	0.00973	0.00545	0.00623	0.00934	0.01285	0.01713	0.03698	0.75981	0.04438	0.02102	0.00856	0.00273	0.00389	0.01908	0.00623	0.00545
10	0.01391	0.01193	0.01391	0.00994	0.01590	0.00894	0.00795	0.01690	0.01391	0.02186	0.01193	0.01391	0.00994	0.00497	0.00497	0.00099	0.00497	0.00398	0.00398	0.80521
11	0.04637	0.00847	0.01153	0.15363	0.01855	0.00894	0.01023	0.01406	0.03466	0.02037	0.11957	0.15432	0.12000	0.01498	0.00803	0.00258	0.00559	0.23601	0.00565	0.00645
12	0.01594	0.01338	0.01424	0.01274	0.01634	0.01512	0.00990	0.05144	0.57337	0.02783	0.07718	0.02736	0.04229	0.00946	0.00679	0.00219	0.00506	0.00790	0.03931	0.03216
13	0.01296	0.01324	0.06463	0.06592	0.13636	0.01256	0.09310	0.01825	0.09500	0.02161	0.11610	0.09314	0.11293	0.01067	0.00851	0.00226	0.06853	0.00933	0.03682	0.00809
14	0.01296	0.05311	0.01148	0.00940	0.01103	0.01025	0.00666	0.14013	0.01501	0.01971	0.02524	0.09632	0.08117	0.42713	0.02206	0.00458	0.00623	0.03657	0.00493	0.00604
15	0.01368	0.01193	0.01288	0.01014	0.01466	0.05017	0.00781	0.04097	0.01478	0.02135	0.04786	0.09722	0.04848	0.05191	0.00742	0.00168	0.00529	0.00679	0.00453	0.53044
16	0.01472	0.01385	0.02220	0.17523	0.43783	0.01449	0.01739	0.01976	0.07287	0.02100	0.02078	0.02369	0.10167	0.00779	0.00684	0.00210	0.00736	0.00715	0.00392	0.00936
17	0.01874	0.10845	0.06125	0.02206	0.12515	0.08806	0.20334	0.10620	0.10692	0.05400	0.03050	0.01778	0.01273	0.00689	0.00671	0.00203	0.00868	0.00640	0.00444	0.00967

[dist]
# distance from previous block
# <min> <max>
9	14

[block]
# block no. 3 follows, 32 sequences, length 38
# corresponding to MSA columns:
# 646-683
name=unknown_D
#
# <colnr> <probs for GDERKNQSTAVLIFYWHMCP>
#	G	D	E	R	K	N	Q	S	T	A	V	L	I	F	Y	W	H	M	C	P
0	0.01293	0.00702	0.00979	0.00936	0.00985	0.00720	0.00646	0.07219	0.01083	0.01447	0.01206	0.02000	0.01163	0.02191	0.02443	0.73109	0.00597	0.00585	0.00326	0.00369
1	0.01383	0.01247	0.01991	0.62181	0.06990	0.01510	0.01767	0.07964	0.01513	0.01965	0.01336	0.04804	0.01069	0.00739	0.00678	0.00223	0.00855	0.00651	0.00347	0.00786
2	0.01588	0.01526	0.02563	0.13812	0.56286	0.01622	0.01978	0.01970	0.01456	0.02072	0.01217	0.01661	0.01023	0.00661	0.00806	0.00211	0.07640	0.00597	0.00324	0.00988
3	0.03191	0.01108	0.01249	0.01005	0.01402	0.00997	0.00756	0.05139	0.10642	0.02164	0.01748	0.05975	0.01638	0.17932	0.01211	0.00258	0.00544	0.00663	0.00463	0.41916
4	0.01347	0.00860	0.01058	0.00945	0.01231	0.00741	0.00721	0.01557	0.01488	0.13071	0.09351	0.13919	0.13638	0.11236	0.01078	0.00265	0.00486	0.07976	0.00587	0.18445
5	0.01423	0.01204	0.01468	0.01573	0.10862	0.01309	0.01065	0.02576	0.38366	0.02614	0.20186	0.06793	0.03187	0.01078	0.00725	0.00225	0.00508	0.03282	0.00645	0.00912
6	0.07442	0.01267	0.01983	0.02776	0.41469	0.01269	0.02867	0.03104	0.01466	0.02148	0.02143	0.22266	0.04869	0.01062	0.00706	0.00222	0.00651	0.00978	0.00438	0.00873
7	0.05171	0.00622	0.00883	0.00882	0.00907	0.00635	0.00598	0.00940	0.00905	0.01285	0.01244	0.04133	0.01252	0.02313	0.04417	0.71955	0.00607	0.00614	0.00309	0.00329
8	0.00971	0.00657	0.00815	0.00819	0.00874	0.00664	0.00537	0.01003	0.01064	0.01412	0.02587	0.05666	0.11579	0.39736	0.16851	0.12128	0.00820	0.00950	0.00415	0.00453
9	0.01306	0.01233	0.02084	0.67749	0.11372	0.01501	0.01883	0.01749	0.01360	0.01762	0.01200	0.01776	0.00911	0.00664	0.00670	0.00221	0.00885	0.00596	0.00302	0.00777
10	0.00855	0.00660	0.00776	0.00842	0.00969	0.00603	0.00589	0.01065	0.03880	0.01846	0.09893	0.39834	0.29047	0.04776	0.00923	0.00264	0.00381	0.01598	0.00625	0.00572
11	0.63101	0.01208	0.00991	0.00902	0.01273	0.01365	0.00725	0.05109	0.01286	0.02849	0.01721	0.08447	0.07157	0.00859	0.00500	0.00215	0.00503	0.00607	0.00464	0.00717
12	0.01353	0.01219	0.01909	0.12303	0.34187	0.01259	0.01480	0.01822	0.07278	0.02170	0.12226	0.12376	0.05597	0.00997	0.00717	0.00218	0.00643	0.00913	0.00468	0.00866
13	0.01540	0.01231	0.04511	0.03352	0.10122	0.01264	0.01115	0.08106	0.08467	0.08879	0.01839	0.02618	0.01643	0.20103	0.14447	0.00480	0.08299	0.00731	0.00463	0.00791
14	0.01025	0.00852	0.01402	0.01287	0.01486	0.00802	0.12934	0.01290	0.01489	0.02014	0.14222	0.36379	0.06536	0.01630	0.00835	0.00256	0.00542	0.12045	0.02338	0.00637
15	0.00957	0.00722	0.00914	0.01009	0.01133	0.00714	0.00755	0.01294	0.07774	0.01900	0.05346	0.41296	0.12444	0.02018	0.04402	0.00308	0.00510	0.15272	0.00617	0.00615
16	0.03671	0.01659	0.02318	0.12408	0.38823	0.08220	0.03434	0.07287	0.05127	0.02246	0.01537	0.01852	0.03947	0.00716	0.00726	0.00207	0.03858	0.00623	0.00385	0.00955
17	0.01376	0.01239	0.01324	0.07971	0.01728	0.10773	0.01041	0.06996	0.06865	0.01995	0.02553	0.07093	0.08037	0.04344	0.20576	0.00477	0.01011	0.13408	0.00486	0.00707
18	0.00946	0.00703	0.01034	0.01048	0.01155	0.00803	0.00798	0.01163	0.01092	0.01559	0.01987	0.09454	0.01968	0.08246	0.63636	0.00984	0.01612	0.00841	0.00386	0.00585
19	0.01409	0.01314	0.02174	0.36267	0.31568	0.01457	0.01805	0.01872	0.04169	0.01982	0.03183	0.05456	0.01377	0.00763	0.00686	0.00218	0.00796	0.02272	0.00361	0.00871
20	0.01794	0.17430	0.08764	0.01705	0.10735	0.11117	0.01327	0.08124	0.13501	0.05149	0.06863	0.02049	0.03624	0.00971	0.03813	0.00231	0.00788	0.00622	0.00468	0.00921
21	0.56400	0.01378	0.01225	0.01044	0.01482	0.01555	0.00855	0.11578	0.07899	0.09097	0.01338	0.01393	0.00985	0.00692	0.00497	0.00209	0.00555	0.00459	0.00510	0.00850
22	0.00845	0.00666	0.00742	0.00765	0.00930	0.00587	0.00554	0.01014	0.01488	0.01870	0.14245	0.16731	0.44094	0.08805	0.01056	0.00275	0.00384	0.03773	0.00617	0.00559
23	0.01579	0.01521	0.02633	0.10568	0.28381	0.01572	0.19101	0.05743	0.07456	0.02286	0.04902	0.02223	0.01503	0.00754	0.00773	0.00221	0.03473	0.03964	0.00410	0.00939
24	0.02125	0.15496	0.02061	0.01484	0.01860	0.34760	0.01184	0.07258	0.11613	0.04649	0.01420	0.01606	0.01165	0.03048	0.04240	0.00240	0.03993	0.00522	0.00425	0.00851
25	0.01608	0.01289	0.01385	0.01249	0.01585	0.01443	0.00965	0.05894	0.50573	0.05558	0.02974	0.03138	0.07588	0.07933	0.00951	0.00268	0.00541	0.03449	0.00656	0.00952
26	0.00984	0.00669	0.00941	0.00950	0.01037	0.00716	0.00693	0.01062	0.01080	0.01478	0.02309	0.07230	0.09167	0.10117	0.38924	0.19723	0.01176	0.00850	0.00390	0.00503
27	0.04639	0.01357	0.02072	0.30934	0.20932	0.03134	0.04761	0.05486	0.04185	0.04085	0.04467	0.03846	0.02854	0.00797	0.00686	0.00218	0.00785	0.03493	0.00408	0.00860
28	0.01161	0.00762	0.00970	0.00929	0.01114	0.00721	0.00691	0.01540	0.06895	0.09035	0.42373	0.20279	0.07989	0.01462	0.00787	0.00226	0.00374	0.01291	0.00713	0.00691
29	0.01346	0.00987	0.01495	0.01296	0.01453	0.01114	0.07197	0.01519	0.01171	0.09058	0.01708	0.02660	0.01606	0.19302	0.26091	0.04651	0.15547	0.00746	0.00402	0.00652
30	0.01398	0.01225	0.02029	0.24726	0.33803	0.01316	0.01612	0.01667	0.01318	0.01803	0.01312	0.02031	0.01166	0.08511	0.01238	0.12325	0.00780	0.00633	0.00323	0.00785
31	0.03651	0.36937	0.13232	0.03080	0.05196	0.05067	0.07730	0.07430	0.07947	0.02093	0.01253	0.01411	0.01011	0.00640	0.00557	0.00180	0.00803	0.00493	0.00365	0.00924
32	0.01920	0.01458	0.01588	0.01350	0.01751	0.01639	0.01075	0.23492	0.37572	0.06466	0.02279	0.02232	0.01705	0.01219	0.06895	0.00288	0.00693	0.00697	0.04653	0.01029
33	0.01507	0.01526	0.05897	0.31586	0.31133	0.01543	0.04641	0.04524	0.03518	0.02093	0.01288	0.01715	0.01012	0.00639	0.00663	0.00207	0.00835	0.00595	0.00343	0.04736
34	0.05549	0.01706	0.05021	0.13009	0.12141	0.11508	0.01354	0.11106	0.07487	0.02410	0.04162	0.01767	0.01298	0.00797	0.02293	0.00205	0.00777	0.00565	0.02087	0.14756
35	0.00944	0.00845	0.04982	0.00965	0.01117	0.00716	0.00737	0.01237	0.05911	0.01877	0.10834	0.38384	0.12219	0.10859	0.03240	0.00324	0.00497	0.03123	0.00586	0.00603
36	0.03000	0.07407	0.07430	0.04526	0.14727	0.01383	0.01284	0.11211	0.01658	0.02329	0.04850	0.12476	0.04867	0.00959	0.00716	0.00198	0.03564	0.02370	0.00460	0.14584
37	0.01661	0.03381	0.05458	0.09236	0.11132	0.09660	0.07202	0.08336	0.09601	0.05264	0.01891	0.13633	0.01715	0.01174	0.04589	0.00266	0.03644	0.00822	0.00467	0.00868

[dist]
# distance from previous block
# <min> <max>
2	13

[block]
# block no. 4 follows, 32 sequences, length 10
# corresponding to MSA columns:
# 703-712
name=unknown_E
#
# <colnr> <probs for GDERKNQSTAVLIFYWHMCP>
#	G	D	E	R	K	N	Q	S	T	A	V	L	I	F	Y	W	H	M	C	P
0	0.00966	0.00734	0.00897	0.00978	0.01100	0.00726	0.00705	0.01344	0.10457	0.01920	0.06632	0.44639	0.12315	0.05171	0.00945	0.00279	0.00434	0.08511	0.00625	0.00620
1	0.01069	0.00731	0.00915	0.00926	0.01038	0.00742	0.00656	0.03989	0.03063	0.03621	0.09704	0.24313	0.05264	0.19559	0.14564	0.00486	0.00718	0.02653	0.05398	0.00590
2	0.01463	0.01456	0.02633	0.34807	0.25371	0.01590	0.15754	0.01906	0.01435	0.01948	0.01234	0.01739	0.00972	0.00649	0.00762	0.00220	0.04231	0.00636	0.00317	0.00876
3	0.01664	0.10979	0.15373	0.01616	0.06402	0.05168	0.07918	0.02086	0.04339	0.13999	0.02348	0.13753	0.07399	0.01101	0.02647	0.00236	0.00755	0.00854	0.00488	0.00874
4	0.00818	0.00641	0.00741	0.00800	0.00943	0.00564	0.00568	0.00981	0.01465	0.01857	0.11864	0.34694	0.38016	0.01832	0.00819	0.00244	0.00358	0.01597	0.00634	0.00564
5	0.01401	0.12446	0.64448	0.01819	0.02759	0.01692	0.02316	0.02111	0.01410	0.02058	0.01171	0.01375	0.00851	0.00630	0.00612	0.00204	0.00958	0.00479	0.00284	0.00976
6	0.01074	0.00723	0.00896	0.00917	0.01018	0.00719	0.00644	0.03624	0.01287	0.04655	0.03016	0.21449	0.08943	0.30304	0.10215	0.00503	0.00690	0.08247	0.00521	0.00555
7	0.12748	0.05044	0.01981	0.06195	0.05951	0.20853	0.08277	0.05509	0.01614	0.05001	0.01360	0.03411	0.01162	0.00757	0.00691	0.00195	0.04491	0.03776	0.00407	0.10576
8	0.01546	0.06923	0.45310	0.01804	0.02581	0.07610	0.06563	0.04437	0.10052	0.02225	0.03723	0.01665	0.01200	0.00697	0.00646	0.00208	0.00918	0.00562	0.00369	0.00962
9	0.01095	0.00836	0.00976	0.03984	0.01288	0.00758	0.00717	0.01429	0.06549	0.05810	0.08142	0.14913	0.35194	0.01452	0.00753	0.00220	0.00428	0.04425	0.00603	0.10427

[dist]
# distance from previous block
# <min> <max>
0	22

[block]
# block no. 5 follows, 32 sequences, length 12
# corresponding to MSA columns:
# 738-749
name=unknown_F
#
# <colnr> <probs for GDERKNQSTAVLIFYWHMCP>
#	G	D	E	R	K	N	Q	S	T	A	V	L	I	F	Y	W	H	M	C	P
0	0.14593	0.09664	0.01877	0.03465	0.06519	0.04012	0.04864	0.09308	0.01654	0.14287	0.01601	0.06904	0.01311	0.00752	0.00587	0.00183	0.00647	0.00607	0.00494	0.16669
1	0.00870	0.00694	0.00793	0.00801	0.00984	0.00611	0.00578	0.01036	0.01408	0.01798	0.07335	0.22752	0.38917	0.06516	0.05835	0.00311	0.00479	0.01383	0.00580	0.06319
2	0.02052	0.02018	0.06714	0.01758	0.06401	0.13040	0.04774	0.24184	0.26337	0.02958	0.01851	0.01860	0.01384	0.00788	0.00668	0.00208	0.00780	0.00633	0.00561	0.01030
3	0.01267	0.01193	0.02013	0.74806	0.04621	0.01491	0.01863	0.01714	0.01342	0.01714	0.01193	0.01789	0.00894	0.00671	0.00671	0.00224	0.00894	0.00596	0.00298	0.00745
4	0.01616	0.01409	0.02313	0.21545	0.43518	0.01475	0.01814	0.04086	0.01570	0.06475	0.04252	0.02015	0.03555	0.00703	0.00676	0.00207	0.00773	0.00653	0.00390	0.00957
5	0.01720	0.11015	0.19562	0.02264	0.07628	0.01777	0.29513	0.08981	0.03624	0.05402	0.01385	0.01641	0.01033	0.00631	0.00684	0.00208	0.00946	0.00633	0.00384	0.00969
6	0.01030	0.00718	0.00866	0.00864	0.00929	0.00730	0.00564	0.04905	0.01252	0.01698	0.08653	0.17836	0.03018	0.43371	0.10176	0.00560	0.00700	0.01127	0.00488	0.00516
7	0.01089	0.00969	0.01662	0.01351	0.01642	0.00896	0.18586	0.01440	0.01733	0.02389	0.41966	0.10004	0.10982	0.01252	0.00797	0.00221	0.00536	0.01179	0.00615	0.00690
8	0.01366	0.03071	0.58607	0.02011	0.02909	0.01535	0.12441	0.02087	0.01449	0.02122	0.01359	0.01822	0.01045	0.00695	0.00677	0.00220	0.00991	0.04326	0.00311	0.00958
9	0.01365	0.06243	0.01297	0.01098	0.01289	0.06239	0.00854	0.09452	0.01502	0.01953	0.05564	0.10854	0.04800	0.03754	0.12339	0.18160	0.00797	0.09179	0.02644	0.00620
10	0.01298	0.01018	0.01438	0.12280	0.03565	0.01181	0.01124	0.02896	0.01390	0.06951	0.07299	0.11231	0.09661	0.03797	0.08008	0.00343	0.17713	0.07617	0.00485	0.00703
11	0.01222	0.01135	0.01842	0.60692	0.03961	0.01393	0.01661	0.01625	0.01379	0.01787	0.06659	0.02327	0.06190	0.00818	0.00765	0.00226	0.04545	0.00697	0.00352	0.00724

[dist]
# distance from previous block
# <min> <max>
0	1

[block]
# block no. 6 follows, 32 sequences, length 53
# corresponding to MSA columns:
# 751-803
name=unknown_G
#
# <colnr> <probs for GDERKNQSTAVLIFYWHMCP>
#	G	D	E	R	K	N	Q	S	T	A	V	L	I	F	Y	W	H	M	C	P
0	0.01263	0.01165	0.01939	0.60950	0.09183	0.01402	0.01746	0.01691	0.01411	0.01845	0.07588	0.02228	0.01475	0.00761	0.00688	0.00223	0.00828	0.02510	0.00349	0.00755
1	0.06521	0.13645	0.06366	0.08416	0.16751	0.15266	0.04832	0.05124	0.01628	0.06715	0.01711	0.01893	0.06880	0.00736	0.00619	0.00193	0.00827	0.00592	0.00399	0.00885
2	0.01372	0.02591	0.42135	0.02068	0.02851	0.01483	0.22806	0.02023	0.01514	0.02173	0.07248	0.02157	0.01514	0.00740	0.00713	0.00222	0.00959	0.04161	0.00356	0.00916
3	0.00977	0.00745	0.00923	0.01027	0.06788	0.00702	0.00627	0.01133	0.01396	0.01851	0.20259	0.04874	0.22076	0.31674	0.01840	0.00392	0.00498	0.01121	0.00540	0.00559
4	0.01320	0.00830	0.01221	0.04628	0.08329	0.00869	0.00866	0.06800	0.01166	0.01577	0.01260	0.01999	0.01179	0.02154	0.07416	0.56255	0.00721	0.00597	0.00332	0.00483
5	0.01661	0.01594	0.02724	0.04119	0.72233	0.01594	0.02059	0.02059	0.01528	0.02192	0.01262	0.01661	0.01063	0.00598	0.00664	0.00199	0.00797	0.00598	0.00332	0.01063
6	0.00816	0.00613	0.00757	0.00865	0.00957	0.00554	0.00594	0.00954	0.01371	0.01775	0.07025	0.55305	0.22039	0.01971	0.00838	0.00258	0.00374	0.01754	0.00627	0.00554
7	0.01391	0.01193	0.01391	0.00994	0.01590	0.00894	0.00795	0.01690	0.01391	0.02186	0.01193	0.01391	0.00994	0.00497	0.00497	0.00099	0.00497	0.00398	0.00398	0.80521
8	0.01491	0.01359	0.01654	0.11082	0.04357	0.07982	0.06789	0.09626	0.12720	0.02434	0.17463	0.06873	0.07904	0.02584	0.00784	0.00227	0.00660	0.02647	0.00557	0.00808
9	0.00957	0.00643	0.00737	0.00756	0.00761	0.00638	0.00432	0.00971	0.01013	0.01350	0.02303	0.12905	0.02677	0.67580	0.03111	0.00606	0.00619	0.01087	0.00432	0.00423
10	0.11806	0.00744	0.00794	0.00807	0.00937	0.00733	0.00544	0.01173	0.01222	0.04084	0.03345	0.22099	0.17218	0.29596	0.01735	0.00394	0.00500	0.01207	0.00521	0.00542
11	0.00994	0.00729	0.00877	0.00928	0.01071	0.00696	0.00660	0.02749	0.07274	0.04004	0.09481	0.45367	0.19055	0.01793	0.00814	0.00251	0.00397	0.01586	0.00644	0.00630
12	0.01007	0.00693	0.00855	0.00933	0.01057	0.00666	0.00671	0.01295	0.06170	0.04244	0.05925	0.46280	0.12170	0.01771	0.00799	0.00252	0.00407	0.06435	0.07752	0.00618
13	0.01465	0.00869	0.01067	0.00983	0.01193	0.00849	0.00722	0.05581	0.07401	0.15202	0.19366	0.19719	0.03545	0.14599	0.01220	0.00301	0.00480	0.01133	0.03575	0.00731
14	0.00854	0.00615	0.00759	0.00852	0.00911	0.00575	0.00560	0.00959	0.01271	0.01670	0.06204	0.48124	0.13150	0.18586	0.01416	0.00348	0.00438	0.01609	0.00579	0.00520
15	0.00919	0.00682	0.00808	0.00819	0.00995	0.00605	0.00611	0.01134	0.01610	0.03924	0.25793	0.18258	0.34456	0.01656	0.00808	0.00234	0.00363	0.05060	0.00663	0.00601
16	0.00960	0.00644	0.00737	0.00752	0.00756	0.00640	0.00428	0.00972	0.01007	0.01342	0.02273	0.11570	0.02640	0.68967	0.03159	0.00613	0.00624	0.01069	0.00428	0.00420
17	0.01346	0.03471	0.72942	0.01912	0.02904	0.01558	0.02479	0.02125	0.01417	0.02125	0.01204	0.01417	0.00850	0.00637	0.00637	0.00212	0.00992	0.00496	0.00283	0.00992
18	0.01346	0.03471	0.72942	0.01912	0.02904	0.01558	0.02479	0.02125	0.01417	0.02125	0.01204	0.01417	0.00850	0.00637	0.00637	0.00212	0.00992	0.00496	0.00283	0.00992
19	0.01060	0.00706	0.00889	0.00947	0.01061	0.00680	0.00683	0.01294	0.04428	0.05678	0.08345	0.34547	0.08306	0.14569	0.01269	0.00327	0.00474	0.11442	0.02699	0.00597
20	0.01609	0.01236	0.01352	0.01201	0.01525	0.01353	0.00924	0.11425	0.36816	0.06366	0.08849	0.08227	0.08283	0.06637	0.00913	0.00256	0.00525	0.00924	0.00664	0.00914
21	0.01844	0.00961	0.01217	0.00998	0.01382	0.00812	0.00782	0.02080	0.01655	0.30821	0.10893	0.10351	0.11887	0.04399	0.00807	0.00215	0.00481	0.00916	0.00666	0.16834
22	0.07669	0.00766	0.00917	0.00882	0.01075	0.00713	0.00646	0.01312	0.01562	0.04881	0.31881	0.23579	0.08383	0.05083	0.00877	0.00240	0.00395	0.01244	0.00633	0.07261
23	0.00838	0.00649	0.00756	0.00824	0.00961	0.00580	0.00593	0.00994	0.01422	0.01792	0.07327	0.32350	0.35906	0.05757	0.00964	0.00271	0.00394	0.06448	0.00615	0.00556
24	0.01100	0.00654	0.00732	0.00743	0.00865	0.00640	0.00537	0.01330	0.01391	0.02157	0.11725	0.05764	0.06419	0.17993	0.01239	0.00295	0.00420	0.06858	0.38565	0.00572
25	0.01081	0.00878	0.01236	0.01184	0.01311	0.01064	0.00934	0.01440	0.06727	0.01672	0.01871	0.02561	0.03324	0.04096	0.56382	0.00883	0.11597	0.00721	0.00383	0.00654
26	0.00907	0.00636	0.00769	0.00815	0.00863	0.00613	0.00519	0.00995	0.01209	0.01612	0.09443	0.27978	0.08862	0.37185	0.04240	0.00466	0.00544	0.01329	0.00524	0.00491
27	0.01046	0.00651	0.00846	0.04055	0.00977	0.00658	0.00552	0.00983	0.01020	0.01357	0.04965	0.05506	0.03987	0.39458	0.02758	0.28922	0.00607	0.00867	0.00387	0.00399
28	0.01391	0.01193	0.01391	0.00994	0.01590	0.00894	0.00795	0.01690	0.01391	0.02186	0.01193	0.01391	0.00994	0.00497	0.00497	0.00099	0.00497	0.00398	0.00398	0.80521
29	0.06388	0.01674	0.02462	0.14542	0.28981	0.05466	0.10285	0.15133	0.01799	0.02502	0.01287	0.01628	0.01009	0.00671	0.00716	0.00209	0.03290	0.00601	0.00397	0.00961
30	0.00875	0.00643	0.00812	0.00874	0.00982	0.00593	0.00623	0.01063	0.01501	0.02007	0.23770	0.36464	0.15844	0.05697	0.00965	0.00269	0.00387	0.05415	0.00645	0.00571
31	0.17930	0.01051	0.01178	0.00986	0.01348	0.01047	0.00793	0.07972	0.01768	0.26146	0.15513	0.02555	0.02343	0.00882	0.00606	0.00198	0.00477	0.00701	0.15639	0.00863
32	0.01215	0.01021	0.01193	0.00943	0.01395	0.00792	0.00728	0.01465	0.01391	0.02056	0.02349	0.15016	0.10715	0.00931	0.00598	0.00146	0.00458	0.00791	0.00466	0.56334
33	0.01205	0.00910	0.01372	0.15387	0.01837	0.01111	0.01055	0.01251	0.01036	0.01439	0.01252	0.02045	0.01181	0.04298	0.14988	0.31866	0.16307	0.00622	0.00309	0.00529
34	0.02306	0.02755	0.01877	0.08193	0.02262	0.55937	0.01304	0.07464	0.01901	0.01884	0.01106	0.01306	0.00898	0.00682	0.00607	0.00173	0.01088	0.00457	0.00370	0.07430
35	0.01344	0.00660	0.00707	0.00693	0.00866	0.00645	0.00520	0.01637	0.01435	0.07601	0.02348	0.08593	0.01941	0.00895	0.00516	0.00170	0.00338	0.00736	0.67699	0.00657
36	0.00827	0.00591	0.00790	0.00945	0.00989	0.00553	0.00640	0.00951	0.01294	0.01724	0.03693	0.73472	0.04417	0.02093	0.00859	0.00274	0.00398	0.04321	0.00623	0.00548
37	0.08755	0.01427	0.01404	0.01272	0.01625	0.05559	0.00992	0.07830	0.44037	0.02695	0.02800	0.06963	0.07575	0.01027	0.00680	0.00226	0.00563	0.03002	0.00629	0.00938
38	0.01404	0.01241	0.01356	0.01032	0.01550	0.04133	0.00814	0.01825	0.07245	0.02234	0.06769	0.01972	0.04692	0.00659	0.00552	0.00127	0.00511	0.00535	0.00454	0.60894
39	0.59347	0.01464	0.01295	0.07282	0.04911	0.05730	0.00964	0.08069	0.01400	0.02895	0.01037	0.01227	0.00801	0.00646	0.00482	0.00206	0.00622	0.00419	0.00421	0.00783
40	0.34636	0.01145	0.01239	0.01031	0.01458	0.01151	0.00838	0.02483	0.01560	0.35961	0.05637	0.06767	0.01706	0.00857	0.00587	0.00212	0.00525	0.00657	0.00643	0.00907
41	0.00953	0.00683	0.00929	0.00942	0.01012	0.00747	0.00666	0.01097	0.01059	0.01479	0.02069	0.09361	0.02180	0.30361	0.42501	0.00858	0.01269	0.00910	0.00398	0.00526
42	0.01567	0.01493	0.02420	0.14832	0.41897	0.04632	0.07864	0.01933	0.01476	0.03568	0.01459	0.05453	0.01298	0.06185	0.00883	0.00241	0.00826	0.00700	0.00358	0.00914
43	0.01603	0.01562	0.02723	0.12111	0.56537	0.01605	0.07648	0.02013	0.01496	0.02116	0.01250	0.01682	0.01034	0.00621	0.00723	0.00207	0.03124	0.00613	0.00328	0.01003
44	0.00827	0.00639	0.00756	0.00816	0.00950	0.00567	0.00578	0.00996	0.01478	0.01901	0.15229	0.36611	0.32596	0.01826	0.00820	0.00244	0.00358	0.01600	0.00640	0.00567
45	0.02336	0.01752	0.01871	0.01479	0.01972	0.01952	0.01207	0.54797	0.16292	0.03895	0.01848	0.01814	0.01337	0.00825	0.00667	0.00205	0.00684	0.00635	0.03324	0.01109
46	0.03557	0.18180	0.12237	0.08107	0.17950	0.13221	0.05948	0.04650	0.01582	0.04314	0.01274	0.03742	0.01061	0.00679	0.00611	0.00191	0.00873	0.00556	0.00355	0.00911
47	0.01908	0.01530	0.02033	0.12988	0.15735	0.01671	0.03321	0.30740	0.04508	0.04530	0.03716	0.03674	0.04679	0.00868	0.00738	0.00215	0.02881	0.02756	0.00531	0.00978
48	0.04237	0.01204	0.01622	0.21778	0.04905	0.05557	0.01307	0.01563	0.01239	0.01717	0.01556	0.06860	0.01500	0.05295	0.16672	0.00443	0.17323	0.04173	0.00360	0.00690
49	0.01887	0.01116	0.01293	0.03717	0.01551	0.03388	0.00885	0.10002	0.06185	0.26198	0.08017	0.09413	0.21122	0.01194	0.00726	0.00218	0.00527	0.00995	0.00689	0.00875
50	0.03655	0.01865	0.12386	0.10692	0.19047	0.11256	0.05009	0.05647	0.01553	0.05122	0.01591	0.02168	0.03346	0.12559	0.01089	0.00274	0.00854	0.00651	0.00386	0.00850
51	0.04777	0.08004	0.09539	0.16833	0.12256	0.10733	0.04014	0.08619	0.01663	0.03896	0.04222	0.04587	0.04703	0.00887	0.02276	0.00223	0.00842	0.00658	0.00407	0.00860
52	0.01552	0.10466	0.05597	0.01737	0.07785	0.04174	0.12424	0.08599	0.12279	0.02278	0.04343	0.14556	0.02040	0.03754	0.00797	0.00230	0.00716	0.02712	0.00488	0.03475

[dist]
# distance from previous block
# <min> <max>
2	16

[block]
# block no. 7 follows, 32 sequences, length 24
# corresponding to MSA columns:
# 820-843
name=unknown_H
#
# <colnr> <probs for GDERKNQSTAVLIFYWHMCP>
#	G	D	E	R	K	N	Q	S	T	A	V	L	I	F	Y	W	H	M	C	P
0	0.17343	0.05915	0.05318	0.01871	0.13506	0.08759	0.08208	0.06006	0.11017	0.05824	0.04100	0.01905	0.03680	0.00786	0.00674	0.02392	0.00734	0.00611	0.00459	0.00893
1	0.14147	0.08672	0.06204	0.03647	0.14566	0.13891	0.03699	0.07070	0.03622	0.04256	0.01541	0.01707	0.04835	0.00699	0.00589	0.00186	0.00769	0.00544	0.00411	0.08945
2	0.01802	0.15032	0.07748	0.01416	0.04466	0.08108	0.01195	0.06605	0.10063	0.10965	0.06567	0.04310	0.06234	0.00889	0.00750	0.00198	0.06457	0.00679	0.00503	0.06012
3	0.01548	0.01530	0.08773	0.03878	0.05646	0.07097	0.04952	0.08488	0.01704	0.07210	0.07869	0.08585	0.12325	0.03026	0.00756	0.00208	0.00658	0.00841	0.00507	0.14400
4	0.01650	0.03729	0.04526	0.08046	0.24553	0.05769	0.10864	0.08609	0.04349	0.02270	0.01477	0.04002	0.01251	0.04570	0.00797	0.00217	0.00797	0.00651	0.03092	0.08782
5	0.01053	0.00738	0.01077	0.01058	0.01206	0.00829	0.00825	0.01289	0.01151	0.05226	0.02167	0.02867	0.06257	0.04599	0.65253	0.00978	0.01639	0.00762	0.00401	0.00625
6	0.01474	0.01406	0.08687	0.01963	0.18132	0.01212	0.06421	0.06327	0.07020	0.06477	0.06548	0.10542	0.10967	0.01063	0.00719	0.00220	0.00640	0.04340	0.04975	0.00866
7	0.02303	0.01717	0.01857	0.01447	0.01966	0.01859	0.01183	0.50499	0.13455	0.05731	0.01769	0.01745	0.01281	0.00789	0.00654	0.00195	0.00676	0.00608	0.00648	0.09616
8	0.01423	0.01118	0.01327	0.00992	0.01503	0.00886	0.00789	0.03714	0.01562	0.05736	0.14223	0.02104	0.02008	0.00682	0.00565	0.00128	0.00475	0.00566	0.00489	0.59709
9	0.00960	0.00712	0.01043	0.01043	0.01150	0.00819	0.00794	0.01175	0.01068	0.01531	0.01830	0.02816	0.01756	0.12372	0.66527	0.01034	0.01679	0.00745	0.00364	0.00579
10	0.09783	0.06485	0.05555	0.01315	0.01767	0.06419	0.01129	0.12661	0.11638	0.22370	0.04085	0.02243	0.04014	0.00876	0.00721	0.00211	0.04478	0.02679	0.00604	0.00968
11	0.00937	0.00657	0.00827	0.00891	0.01019	0.00597	0.00643	0.01118	0.01488	0.04691	0.16248	0.40939	0.19641	0.01820	0.00828	0.00251	0.00387	0.05775	0.00651	0.00593
12	0.01821	0.13156	0.05235	0.01495	0.05550	0.05030	0.05857	0.15402	0.01801	0.05072	0.01297	0.01454	0.01020	0.00607	0.00568	0.00153	0.00696	0.00486	0.00436	0.32862
13	0.01439	0.01359	0.03881	0.10008	0.15596	0.03727	0.03419	0.07471	0.11015	0.02212	0.02748	0.07050	0.15464	0.03553	0.00882	0.00235	0.05067	0.00867	0.03176	0.00833
14	0.05907	0.10992	0.15719	0.04383	0.16359	0.04318	0.03913	0.13751	0.07444	0.05198	0.01403	0.01584	0.01076	0.00706	0.00698	0.00204	0.04382	0.00555	0.00425	0.00983
15	0.01737	0.05647	0.14492	0.01755	0.06638	0.13634	0.08204	0.07033	0.08663	0.05862	0.05938	0.06426	0.01726	0.00990	0.03145	0.00234	0.00852	0.02531	0.00462	0.04031
16	0.01171	0.00804	0.01074	0.01207	0.06636	0.00771	0.00797	0.01501	0.06889	0.08443	0.16343	0.40519	0.07968	0.01618	0.00796	0.00243	0.00432	0.01447	0.00645	0.00697
17	0.01242	0.01098	0.04966	0.01405	0.07983	0.01074	0.01008	0.09305	0.03438	0.02076	0.06565	0.17616	0.05475	0.10852	0.18354	0.00482	0.04855	0.01007	0.00488	0.00713
18	0.09124	0.12580	0.13998	0.04085	0.02428	0.03874	0.18555	0.09916	0.03659	0.08116	0.01411	0.01651	0.01069	0.02235	0.00731	0.00214	0.02873	0.00589	0.01974	0.00918
19	0.01003	0.00813	0.00975	0.01047	0.03214	0.03197	0.00711	0.01187	0.03177	0.01654	0.03200	0.27544	0.13425	0.17778	0.14612	0.00484	0.03650	0.01252	0.00501	0.00575
20	0.00946	0.00624	0.00818	0.00931	0.01012	0.00573	0.00636	0.01075	0.01340	0.05923	0.03858	0.66632	0.09115	0.01998	0.00841	0.00265	0.00396	0.01799	0.00635	0.00582
21	0.01669	0.01476	0.02267	0.21472	0.21583	0.04952	0.10321	0.02287	0.11498	0.08529	0.05870	0.02072	0.01518	0.00730	0.00691	0.00213	0.00798	0.00682	0.00445	0.00927
22	0.07211	0.01771	0.02041	0.12847	0.07048	0.10695	0.07696	0.23018	0.13908	0.02834	0.01591	0.01750	0.01195	0.00740	0.00654	0.00207	0.00801	0.00610	0.02428	0.00956
23	0.01406	0.01055	0.01398	0.03345	0.06417	0.01082	0.04622	0.14199	0.03528	0.04405	0.02549	0.19701	0.05159	0.22368	0.01509	0.00353	0.00632	0.05022	0.00535	0.00717

[dist]
# distance from previous block
# <min> <max>
0	3

[block]
# block no. 8 follows, 32 sequences, length 15
# corresponding to MSA columns:
# 847-860,862
name=unknown_I
#
# <colnr> <probs for GDERKNQSTAVLIFYWHMCP>
#	G	D	E	R	K	N	Q	S	T	A	V	L	I	F	Y	W	H	M	C	P
0	0.10888	0.01609	0.05665	0.09526	0.08639	0.12150	0.01260	0.10530	0.01721	0.04894	0.02129	0.04850	0.06532	0.00977	0.00668	0.00218	0.00732	0.10602	0.05598	0.00812
1	0.01173	0.02925	0.05928	0.10927	0.06666	0.01078	0.06008	0.01504	0.01447	0.01979	0.09979	0.13598	0.06919	0.01485	0.05880	0.00291	0.03399	0.11379	0.00477	0.06957
2	0.01157	0.00869	0.01077	0.01038	0.01269	0.00850	0.02912	0.01674	0.13732	0.06036	0.13020	0.18272	0.23533	0.01531	0.00797	0.00243	0.00454	0.10176	0.00650	0.00707
3	0.06124	0.01606	0.01696	0.01301	0.01817	0.05190	0.01058	0.30682	0.02131	0.03035	0.01331	0.01464	0.01029	0.00682	0.00666	0.00163	0.04765	0.00495	0.00506	0.34260
4	0.03249	0.01451	0.01979	0.24676	0.17566	0.05107	0.01531	0.14060	0.01712	0.04504	0.03503	0.01955	0.01276	0.04811	0.04721	0.00282	0.05701	0.00631	0.00415	0.00868
5	0.04909	0.00728	0.00958	0.00915	0.00989	0.00748	0.00630	0.04027	0.03486	0.04064	0.01393	0.02276	0.01341	0.10672	0.02393	0.58472	0.00592	0.00629	0.00360	0.00418
6	0.01594	0.01553	0.02726	0.14712	0.55870	0.01588	0.08061	0.02015	0.01505	0.02116	0.01260	0.01693	0.01033	0.00606	0.00677	0.00205	0.00842	0.00615	0.00328	0.01001
7	0.01224	0.00874	0.01186	0.01126	0.01326	0.00850	0.05237	0.06458	0.05274	0.07129	0.07274	0.38927	0.10304	0.04289	0.00901	0.00265	0.00498	0.05544	0.00624	0.00689
8	0.05946	0.01364	0.05695	0.10194	0.20514	0.03807	0.03381	0.03813	0.03806	0.05131	0.08145	0.09696	0.03598	0.01381	0.08812	0.00310	0.00815	0.00808	0.01951	0.00833
9	0.00851	0.00632	0.00770	0.00835	0.00937	0.00577	0.00574	0.01004	0.01421	0.01867	0.16347	0.38846	0.21208	0.09614	0.01096	0.00290	0.00391	0.01567	0.00621	0.00551
10	0.01091	0.00759	0.01082	0.04358	0.01290	0.00858	0.00818	0.04079	0.01162	0.01664	0.01707	0.02547	0.01584	0.07715	0.48156	0.13024	0.01372	0.00695	0.05465	0.00573
11	0.01841	0.08639	0.11527	0.15122	0.15472	0.12019	0.03801	0.08811	0.03770	0.06569	0.01328	0.01589	0.01022	0.00702	0.00724	0.00204	0.04986	0.00555	0.00391	0.00928
12	0.01151	0.00825	0.01183	0.01464	0.13158	0.00802	0.00886	0.01300	0.03787	0.03791	0.02931	0.27986	0.10633	0.04126	0.01299	0.18848	0.00527	0.04194	0.00498	0.00612
13	0.01562	0.01095	0.01245	0.01116	0.01365	0.01150	0.00841	0.20997	0.08054	0.06269	0.04501	0.17087	0.06244	0.19234	0.01389	0.00333	0.00584	0.05562	0.00604	0.00768
14	0.23842	0.11463	0.02123	0.01831	0.11671	0.24922	0.07118	0.02315	0.05168	0.02192	0.01143	0.01342	0.00929	0.00645	0.00559	0.00190	0.00858	0.00475	0.00373	0.00840

[dist]
# distance from previous block
# <min> <max>
0	1

[block]
# block no. 9 follows, 32 sequences, length 29
# corresponding to MSA columns:
# 864-892
name=unknown_J
#
# <colnr> <probs for GDERKNQSTAVLIFYWHMCP>
#	G	D	E	R	K	N	Q	S	T	A	V	L	I	F	Y	W	H	M	C	P
0	0.01606	0.05296	0.02373	0.10631	0.27935	0.05265	0.10951	0.02086	0.06663	0.05349	0.06785	0.02148	0.01602	0.04235	0.03967	0.00263	0.00842	0.00687	0.00412	0.00903
1	0.01789	0.11731	0.02176	0.10397	0.20477	0.08346	0.01418	0.10408	0.06543	0.05814	0.04817	0.01884	0.01408	0.01094	0.06195	0.02712	0.00844	0.00604	0.00435	0.00907
2	0.01290	0.01198	0.03539	0.12017	0.19836	0.03001	0.03541	0.02947	0.01491	0.03830	0.03063	0.14957	0.18896	0.03934	0.00827	0.00236	0.00639	0.01018	0.00470	0.03271
3	0.01234	0.00944	0.01128	0.00969	0.01321	0.00783	0.00730	0.03936	0.01454	0.04995	0.02738	0.28961	0.09391	0.01224	0.00671	0.00183	0.00454	0.01066	0.00530	0.37287
4	0.01855	0.01167	0.04617	0.02682	0.01555	0.01067	0.02580	0.14454	0.01873	0.20699	0.05546	0.09084	0.08133	0.01143	0.03026	0.00232	0.00578	0.00841	0.18002	0.00866
5	0.01532	0.08493	0.43677	0.01836	0.02584	0.12401	0.08964	0.02098	0.01491	0.01978	0.01393	0.07922	0.01184	0.00762	0.00652	0.00208	0.00966	0.00630	0.00328	0.00902
6	0.01571	0.05800	0.13690	0.09076	0.05175	0.01297	0.02950	0.06787	0.08745	0.11792	0.04882	0.10346	0.12986	0.01043	0.00698	0.00218	0.00652	0.00884	0.00534	0.00873
7	0.00840	0.00613	0.00791	0.00892	0.00972	0.00564	0.00614	0.01001	0.01427	0.01910	0.17037	0.55461	0.11558	0.01922	0.00838	0.00256	0.00370	0.01726	0.00645	0.00564
8	0.01745	0.01410	0.08441	0.06772	0.01975	0.04792	0.06300	0.02309	0.10297	0.19261	0.17791	0.03089	0.02687	0.00973	0.00711	0.00217	0.00639	0.05423	0.04290	0.00878
9	0.01596	0.07097	0.08550	0.12898	0.25815	0.06425	0.07958	0.02054	0.04488	0.04943	0.01736	0.03954	0.05183	0.00901	0.03339	0.00238	0.00860	0.00674	0.00382	0.00907
10	0.01092	0.00789	0.00989	0.04025	0.03761	0.00777	0.00716	0.01343	0.07633	0.03510	0.10121	0.07255	0.25995	0.08754	0.03756	0.16805	0.00529	0.01042	0.00523	0.00585
11	0.01386	0.01348	0.01680	0.01483	0.01624	0.10029	0.06257	0.01602	0.01244	0.01726	0.01559	0.09078	0.01514	0.02146	0.20513	0.00468	0.27924	0.00750	0.06981	0.00689
12	0.01553	0.01903	0.09125	0.02642	0.03272	0.01725	0.57211	0.02090	0.01511	0.02090	0.01294	0.01743	0.00990	0.00637	0.00931	0.00232	0.09080	0.00747	0.00330	0.00893
13	0.01061	0.00851	0.01281	0.01380	0.07430	0.00991	0.00972	0.01294	0.01108	0.01604	0.01695	0.02554	0.01602	0.08238	0.57835	0.00916	0.07482	0.00712	0.00354	0.00640
14	0.00950	0.00729	0.00890	0.00964	0.01084	0.00728	0.00686	0.01314	0.10228	0.01849	0.03828	0.44613	0.14162	0.05319	0.06614	0.00340	0.00529	0.03958	0.00601	0.00615
15	0.00923	0.00664	0.00782	0.00796	0.00882	0.00637	0.00532	0.01038	0.01273	0.01675	0.12392	0.11618	0.17895	0.36540	0.06153	0.00477	0.00580	0.04118	0.00523	0.00503
16	0.00872	0.00674	0.00795	0.00784	0.00959	0.00597	0.00581	0.01108	0.01687	0.02231	0.38244	0.12270	0.33626	0.01577	0.00798	0.00223	0.00333	0.01363	0.00679	0.00597
17	0.01794	0.76823	0.03516	0.01148	0.01722	0.02655	0.01148	0.02009	0.01363	0.01579	0.00933	0.01076	0.00861	0.00574	0.00431	0.00144	0.00718	0.00359	0.00287	0.00861
18	0.01900	0.65844	0.03275	0.01235	0.01775	0.13253	0.01170	0.02109	0.01444	0.01588	0.00948	0.01096	0.00862	0.00592	0.00457	0.00148	0.00791	0.00370	0.00296	0.00849
19	0.01236	0.00664	0.00952	0.03213	0.01044	0.00682	0.00650	0.04125	0.01016	0.01380	0.01230	0.02031	0.01179	0.02144	0.02381	0.70899	0.00588	0.00586	0.03640	0.00359
20	0.00865	0.00618	0.00809	0.00929	0.00983	0.00593	0.00637	0.00990	0.01261	0.01676	0.03487	0.54781	0.06469	0.11924	0.05322	0.00368	0.00518	0.06651	0.00579	0.00536
21	0.00818	0.00607	0.00764	0.00880	0.00961	0.00553	0.00601	0.00954	0.01360	0.01775	0.07245	0.59043	0.18010	0.01990	0.00841	0.00261	0.00376	0.01780	0.00628	0.00553
22	0.00824	0.00594	0.00781	0.00918	0.00972	0.00551	0.00618	0.00954	0.01330	0.01773	0.07696	0.68898	0.07521	0.02043	0.00850	0.00267	0.00383	0.01847	0.00629	0.00551
23	0.01571	0.01625	0.02878	0.20028	0.21788	0.04251	0.27141	0.02168	0.07703	0.02098	0.01404	0.01805	0.01087	0.00634	0.00713	0.00217	0.00936	0.00678	0.00358	0.00918
