[name]
unknown

[dist]
# distance from previous block
# <min> <max>
0	55

[block]
# block no. 0 follows, 34 sequences, length 66
# corresponding to MSA columns:
# 58-123
name=unknown_A
#
# <colnr> <probs for GDERKNQSTAVLIFYWHMCP>
#	G	D	E	R	K	N	Q	S	T	A	V	L	I	F	Y	W	H	M	C	P
0	0.01013	0.00730	0.01004	0.01144	0.01292	0.00722	0.00987	0.01294	0.01475	0.01909	0.03618	0.10394	0.07976	0.01787	0.00882	0.00291	0.00569	0.61729	0.00595	0.00589
1	0.01797	0.70125	0.03228	0.01162	0.01693	0.09863	0.01120	0.02000	0.01365	0.01526	0.00908	0.01050	0.00830	0.00564	0.00432	0.00141	0.00739	0.00353	0.00282	0.00821
2	0.18866	0.01694	0.01735	0.01355	0.01848	0.01889	0.01119	0.56804	0.02637	0.03830	0.01417	0.01448	0.01016	0.00739	0.00595	0.00195	0.00667	0.00534	0.00595	0.01016
3	0.01603	0.01474	0.02388	0.20527	0.49439	0.01562	0.01857	0.09364	0.01598	0.02215	0.01236	0.01623	0.00994	0.00614	0.00642	0.00198	0.00783	0.00576	0.00347	0.00960
4	0.20902	0.04855	0.40638	0.01641	0.04474	0.03771	0.04852	0.06205	0.01435	0.04002	0.01148	0.01327	0.00839	0.00620	0.00565	0.00200	0.00820	0.00467	0.00344	0.00894
5	0.00923	0.00692	0.01038	0.01038	0.01154	0.00808	0.00808	0.01154	0.01038	0.01500	0.01731	0.02538	0.01615	0.04846	0.74732	0.01038	0.01731	0.00692	0.00346	0.00577
6	0.00787	0.00562	0.00750	0.00900	0.00937	0.00525	0.00600	0.00900	0.01237	0.01649	0.03561	0.76871	0.04274	0.02024	0.00825	0.00262	0.00375	0.01837	0.00600	0.00525
7	0.01417	0.01339	0.02198	0.05982	0.55768	0.01330	0.01672	0.01762	0.01476	0.02044	0.04335	0.02513	0.13807	0.00787	0.00665	0.00198	0.00680	0.00732	0.00380	0.00915
8	0.02447	0.01696	0.01845	0.01420	0.01921	0.01850	0.01171	0.62036	0.02861	0.10447	0.01666	0.01646	0.01167	0.00777	0.00639	0.00193	0.00680	0.00589	0.03871	0.01079
9	0.00924	0.00687	0.01013	0.01013	0.01119	0.00794	0.00775	0.01137	0.01031	0.01481	0.01754	0.02669	0.01672	0.10463	0.69192	0.01006	0.01645	0.00711	0.00350	0.00563
10	0.81856	0.01250	0.00950	0.00850	0.01250	0.01449	0.00700	0.01899	0.01100	0.02899	0.00900	0.01050	0.00700	0.00600	0.00400	0.00200	0.00500	0.00350	0.00400	0.00700
11	0.01122	0.00561	0.00842	0.00842	0.00842	0.00561	0.00561	0.00842	0.00842	0.01122	0.01122	0.01964	0.01122	0.02245	0.02525	0.81201	0.00561	0.00561	0.00281	0.00281
12	0.01455	0.01758	0.13399	0.05187	0.39069	0.03323	0.12002	0.01895	0.01489	0.02074	0.06030	0.02076	0.05934	0.00696	0.00668	0.00200	0.00800	0.00672	0.00356	0.00917
13	0.01296	0.03342	0.73944	0.01842	0.02797	0.01501	0.02387	0.02046	0.01364	0.02046	0.01160	0.01364	0.00818	0.00614	0.00614	0.00205	0.00955	0.00477	0.00273	0.00955
14	0.81856	0.01250	0.00950	0.00850	0.01250	0.01449	0.00700	0.01899	0.01100	0.02899	0.00900	0.01050	0.00700	0.00600	0.00400	0.00200	0.00500	0.00350	0.00400	0.00700
15	0.01324	0.03159	0.66285	0.01994	0.06044	0.01511	0.06677	0.02045	0.01379	0.02051	0.01171	0.01399	0.00838	0.00608	0.00624	0.00205	0.00955	0.00500	0.00278	0.00953
16	0.14738	0.01124	0.01410	0.01096	0.01584	0.01021	0.00904	0.02897	0.01715	0.60050	0.02242	0.01990	0.01437	0.00756	0.00605	0.00196	0.00539	0.00593	0.00722	0.04379
17	0.00809	0.00571	0.00743	0.00872	0.00904	0.00539	0.00570	0.00905	0.01195	0.01593	0.03344	0.66526	0.03999	0.12743	0.01176	0.00314	0.00411	0.01709	0.00570	0.00506
18	0.01445	0.01374	0.02341	0.36682	0.37019	0.01506	0.04750	0.03632	0.01432	0.01950	0.01197	0.01660	0.00949	0.00612	0.00648	0.00204	0.00822	0.00583	0.00314	0.00879
19	0.01560	0.06472	0.16625	0.02382	0.28393	0.03454	0.03375	0.02069	0.06504	0.06118	0.03618	0.01861	0.04196	0.00709	0.00706	0.00194	0.04956	0.00595	0.00384	0.05828
20	0.79387	0.03605	0.01025	0.00858	0.01262	0.01484	0.00712	0.01900	0.01106	0.02857	0.00900	0.01049	0.00704	0.00598	0.00400	0.00198	0.00506	0.00350	0.00396	0.00704
21	0.67944	0.01287	0.01086	0.00933	0.01352	0.01456	0.00769	0.08225	0.01338	0.09084	0.01100	0.01193	0.00813	0.00633	0.00443	0.00199	0.00523	0.00396	0.00456	0.00770
22	0.00787	0.00562	0.00750	0.00900	0.00937	0.00525	0.00600	0.00900	0.01237	0.01649	0.03561	0.76871	0.04274	0.02024	0.00825	0.00262	0.00375	0.01837	0.00600	0.00525
23	0.01570	0.01506	0.02570	0.09435	0.68018	0.01528	0.01969	0.01958	0.01458	0.02076	0.01210	0.01609	0.01011	0.00581	0.00640	0.00194	0.00775	0.00576	0.00317	0.01000
24	0.01508	0.01442	0.02458	0.21242	0.56699	0.01511	0.01938	0.01903	0.01428	0.02000	0.01199	0.01629	0.00984	0.00593	0.00641	0.00198	0.00790	0.00575	0.00312	0.00950
25	0.01340	0.01148	0.01340	0.00957	0.01531	0.00861	0.00766	0.01627	0.01340	0.02105	0.01148	0.01340	0.00957	0.00479	0.00479	0.00096	0.00479	0.00383	0.00383	0.81242
26	0.00770	0.00655	0.00664	0.00662	0.00877	0.00548	0.00496	0.00940	0.01489	0.01783	0.09511	0.06156	0.70010	0.01622	0.00764	0.00218	0.00326	0.01355	0.00605	0.00548
27	0.00787	0.00562	0.00750	0.00900	0.00937	0.00525	0.00600	0.00900	0.01237	0.01649	0.03561	0.76871	0.04274	0.02024	0.00825	0.00262	0.00375	0.01837	0.00600	0.00525
28	0.01005	0.00680	0.00893	0.00828	0.00996	0.00625	0.00625	0.01307	0.01830	0.05832	0.69714	0.04707	0.05892	0.01297	0.00757	0.00203	0.00316	0.01145	0.00715	0.00632
29	0.01599	0.01535	0.02623	0.03966	0.73262	0.01535	0.01983	0.01983	0.01471	0.02111	0.01215	0.01599	0.01023	0.00576	0.00640	0.00192	0.00768	0.00576	0.00320	0.01023
30	0.01364	0.01340	0.01883	0.01629	0.01641	0.01860	0.01352	0.01514	0.00995	0.01549	0.00938	0.01528	0.00926	0.01510	0.09527	0.00360	0.68522	0.00578	0.00289	0.00694
31	0.01599	0.01535	0.02623	0.03966	0.73262	0.01535	0.01983	0.01983	0.01471	0.02111	0.01215	0.01599	0.01023	0.00576	0.00640	0.00192	0.00768	0.00576	0.00320	0.01023
32	0.01465	0.01371	0.02075	0.40944	0.25299	0.05890	0.01724	0.01891	0.03477	0.04237	0.01277	0.01723	0.01001	0.00825	0.03951	0.00241	0.00869	0.00577	0.00331	0.00830
33	0.01727	0.77681	0.03386	0.01106	0.01658	0.02557	0.01106	0.01935	0.01313	0.01520	0.00898	0.01036	0.00829	0.00553	0.00415	0.00138	0.00691	0.00345	0.00276	0.00829
34	0.01573	0.01499	0.02500	0.08819	0.63829	0.01533	0.01908	0.02053	0.06013	0.02117	0.01302	0.01660	0.01073	0.00600	0.00641	0.00195	0.00758	0.00586	0.00339	0.01002
35	0.01599	0.01535	0.02623	0.03966	0.73262	0.01535	0.01983	0.01983	0.01471	0.02111	0.01215	0.01599	0.01023	0.00576	0.00640	0.00192	0.00768	0.00576	0.00320	0.01023
36	0.81856	0.01250	0.00950	0.00850	0.01250	0.01449	0.00700	0.01899	0.01100	0.02899	0.00900	0.01050	0.00700	0.00600	0.00400	0.00200	0.00500	0.00350	0.00400	0.00700
37	0.00786	0.00566	0.00745	0.00889	0.00934	0.00526	0.00595	0.00901	0.01248	0.01654	0.03695	0.73714	0.07344	0.02007	0.00822	0.00260	0.00373	0.01816	0.00600	0.00526
38	0.81856	0.01250	0.00950	0.00850	0.01250	0.01449	0.00700	0.01899	0.01100	0.02899	0.00900	0.01050	0.00700	0.00600	0.00400	0.00200	0.00500	0.00350	0.00400	0.00700
39	0.20538	0.01705	0.01364	0.01190	0.01526	0.20245	0.00936	0.15490	0.06620	0.02624	0.01428	0.01574	0.01109	0.00721	0.00581	0.00184	0.03210	0.00499	0.17666	0.00791
40	0.02845	0.01130	0.01512	0.01165	0.01661	0.01003	0.00960	0.05230	0.04104	0.69344	0.02521	0.02186	0.01596	0.00801	0.00650	0.00200	0.00554	0.00650	0.00791	0.01097
41	0.01442	0.01093	0.01305	0.00960	0.01484	0.00843	0.00767	0.01727	0.01438	0.08851	0.08723	0.01782	0.01550	0.00596	0.00524	0.00117	0.00467	0.00489	0.00456	0.65386
42	0.81856	0.01250	0.00950	0.00850	0.01250	0.01449	0.00700	0.01899	0.01100	0.02899	0.00900	0.01050	0.00700	0.00600	0.00400	0.00200	0.00500	0.00350	0.00400	0.00700
43	0.32789	0.01647	0.01792	0.01495	0.01785	0.12856	0.10023	0.01911	0.01230	0.02146	0.00950	0.01277	0.00805	0.00779	0.01044	0.00224	0.25690	0.00484	0.00341	0.00732
44	0.01822	0.67432	0.03172	0.01182	0.01705	0.12468	0.01125	0.02023	0.01384	0.01529	0.00912	0.01054	0.00830	0.00568	0.00438	0.00142	0.00756	0.00355	0.00284	0.00818
45	0.01709	0.74583	0.06326	0.01136	0.01706	0.02513	0.01159	0.01939	0.01315	0.01542	0.00909	0.01050	0.00829	0.00555	0.00423	0.00141	0.00702	0.00351	0.00276	0.00834
46	0.46739	0.01476	0.01374	0.01122	0.01573	0.01664	0.00925	0.30514	0.01922	0.05473	0.01217	0.01291	0.00891	0.00678	0.00509	0.00197	0.00589	0.00454	0.00513	0.00876
47	0.01337	0.10477	0.67172	0.01771	0.02687	0.01602	0.02264	0.02036	0.01359	0.01996	0.01134	0.01333	0.00820	0.00608	0.00595	0.00198	0.00930	0.00465	0.00273	0.00943
48	0.02536	0.01028	0.01405	0.01145	0.01577	0.00906	0.00953	0.02795	0.01790	0.59856	0.04974	0.03103	0.02086	0.00975	0.00692	0.00216	0.00549	0.11646	0.00764	0.01003
49	0.01122	0.00561	0.00842	0.00842	0.00842	0.00561	0.00561	0.00842	0.00842	0.01122	0.01122	0.01964	0.01122	0.02245	0.02525	0.81201	0.00561	0.00561	0.00281	0.00281
50	0.01122	0.00561	0.00842	0.00842	0.00842	0.00561	0.00561	0.00842	0.00842	0.01122	0.01122	0.01964	0.01122	0.02245	0.02525	0.81201	0.00561	0.00561	0.00281	0.00281
51	0.01296	0.03342	0.73944	0.01842	0.02797	0.01501	0.02387	0.02046	0.01364	0.02046	0.01160	0.01364	0.00818	0.00614	0.00614	0.00205	0.00955	0.00477	0.00273	0.00955
52	0.01287	0.01215	0.01997	0.61971	0.04041	0.01469	0.06045	0.01897	0.10037	0.01807	0.01341	0.01809	0.01006	0.00668	0.00655	0.00216	0.00833	0.00605	0.00335	0.00765
53	0.00786	0.00566	0.00746	0.00890	0.00935	0.00526	0.00595	0.00901	0.01246	0.01653	0.03681	0.74044	0.07023	0.02009	0.00822	0.00261	0.00373	0.01818	0.00600	0.00526
54	0.00940	0.00626	0.00705	0.00705	0.00705	0.00626	0.00392	0.00940	0.00940	0.01253	0.02036	0.04228	0.02349	0.77292	0.03289	0.00626	0.00626	0.00940	0.00392	0.00392
55	0.01727	0.77681	0.03386	0.01106	0.01658	0.02557	0.01106	0.01935	0.01313	0.01520	0.00898	0.01036	0.00829	0.00553	0.00415	0.00138	0.00691	0.00345	0.00276	0.00829
56	0.76864	0.01285	0.01012	0.00890	0.01297	0.01484	0.00733	0.06251	0.01221	0.02973	0.00941	0.01081	0.00725	0.00611	0.00415	0.00200	0.00513	0.00364	0.00415	0.00725
57	0.01466	0.01568	0.02841	0.02179	0.02486	0.01817	0.34086	0.01797	0.01241	0.01797	0.01064	0.01568	0.00910	0.00855	0.01482	0.00252	0.40843	0.00658	0.00303	0.00784
58	0.00787	0.00562	0.00750	0.00900	0.00937	0.00525	0.00600	0.00900	0.01237	0.01649	0.03561	0.76871	0.04274	0.02024	0.00825	0.00262	0.00375	0.01837	0.00600	0.00525
59	0.01579	0.01515	0.02586	0.07800	0.69585	0.01530	0.01973	0.01965	0.01462	0.02086	0.01212	0.01606	0.01015	0.00579	0.00640	0.00193	0.00773	0.00576	0.00318	0.01007
60	0.12660	0.02629	0.01763	0.01634	0.04871	0.53602	0.01206	0.10549	0.01864	0.02068	0.01060	0.01214	0.00855	0.00666	0.00569	0.00175	0.01009	0.00434	0.00378	0.00795
61	0.00787	0.00562	0.00750	0.00900	0.00937	0.00525	0.00600	0.00900	0.01237	0.01649	0.03561	0.76871	0.04274	0.02024	0.00825	0.00262	0.00375	0.01837	0.00600	0.00525
62	0.01748	0.53382	0.15971	0.01320	0.01914	0.12811	0.01359	0.02048	0.01397	0.01625	0.00960	0.01115	0.00828	0.00580	0.00475	0.00154	0.00808	0.00380	0.00284	0.00840
63	0.00884	0.00659	0.00821	0.00781	0.00947	0.00597	0.00586	0.01160	0.01757	0.02420	0.59466	0.05109	0.19658	0.01385	0.00762	0.00206	0.00309	0.01208	0.00689	0.00597
64	0.07867	0.01904	0.01885	0.01641	0.06047	0.16177	0.04774	0.31033	0.14500	0.05381	0.01586	0.01624	0.01177	0.00736	0.00624	0.00195	0.00768	0.00570	0.00539	0.00972
65	0.05966	0.06268	0.01689	0.01389	0.04100	0.11839	0.01071	0.20527	0.20472	0.07778	0.05670	0.05273	0.01709	0.00844	0.00624	0.00197	0.00655	0.00664	0.02337	0.00928

[dist]
# distance from previous block
# <min> <max>
2	6

[block]
# block no. 1 follows, 34 sequences, length 9
# corresponding to MSA columns:
# 130-138
name=unknown_B
#
# <colnr> <probs for GDERKNQSTAVLIFYWHMCP>
#	G	D	E	R	K	N	Q	S	T	A	V	L	I	F	Y	W	H	M	C	P
0	0.40492	0.08344	0.05162	0.01263	0.04021	0.05018	0.01053	0.20254	0.01686	0.02909	0.01098	0.01234	0.00845	0.00665	0.00558	0.00194	0.03486	0.00436	0.00438	0.00843
1	0.38667	0.07871	0.09254	0.01225	0.03842	0.09976	0.01061	0.08820	0.01477	0.05190	0.01158	0.01300	0.00888	0.00640	0.00490	0.00187	0.00658	0.00429	0.06066	0.00800
2	0.00776	0.00647	0.00678	0.00688	0.00885	0.00548	0.00509	0.00945	0.01477	0.01796	0.10948	0.12425	0.62161	0.01649	0.00769	0.00221	0.00330	0.01392	0.00608	0.00548
3	0.01620	0.01548	0.05433	0.01819	0.16671	0.07481	0.01237	0.14555	0.17063	0.02614	0.15955	0.02642	0.06764	0.00899	0.00670	0.00201	0.00627	0.00758	0.00544	0.00899
4	0.00940	0.00626	0.00705	0.00705	0.00705	0.00626	0.00392	0.00940	0.00940	0.01253	0.02036	0.04228	0.02349	0.77292	0.03289	0.00626	0.00626	0.00940	0.00392	0.00392
5	0.01671	0.01865	0.08703	0.03210	0.50603	0.10342	0.01825	0.02220	0.09257	0.02106	0.01340	0.01615	0.01087	0.00623	0.00632	0.00193	0.00804	0.00565	0.00354	0.00984
6	0.01524	0.01705	0.03598	0.02762	0.09090	0.01648	0.60778	0.02030	0.01487	0.02041	0.01271	0.01710	0.00976	0.00584	0.00838	0.00220	0.05809	0.00735	0.00323	0.00874
7	0.02097	0.05554	0.02040	0.02087	0.16898	0.43153	0.01383	0.05542	0.08019	0.01901	0.01203	0.01391	0.00987	0.00688	0.00669	0.00182	0.04500	0.00489	0.00369	0.00848
8	0.01377	0.10859	0.37192	0.01708	0.09029	0.01485	0.01718	0.06292	0.04852	0.02186	0.09351	0.02185	0.07486	0.00787	0.00626	0.00197	0.00749	0.00638	0.00394	0.00889

[dist]
# distance from previous block
# <min> <max>
0	1

[block]
# block no. 2 follows, 34 sequences, length 41
# corresponding to MSA columns:
# 140-180
name=unknown_C
#
# <colnr> <probs for GDERKNQSTAVLIFYWHMCP>
#	G	D	E	R	K	N	Q	S	T	A	V	L	I	F	Y	W	H	M	C	P
0	0.01624	0.00914	0.01153	0.00981	0.01282	0.00860	0.00771	0.05598	0.07157	0.23107	0.39415	0.03677	0.06489	0.01098	0.00709	0.00201	0.00417	0.00942	0.00717	0.02889
1	0.01268	0.00994	0.01298	0.01179	0.03881	0.04062	0.05925	0.01724	0.08638	0.07587	0.44017	0.05675	0.05999	0.01124	0.00723	0.00202	0.00463	0.00999	0.00636	0.03604
2	0.05444	0.04097	0.01584	0.01180	0.01663	0.03756	0.00974	0.08412	0.03628	0.57193	0.03792	0.02089	0.01577	0.00790	0.00632	0.00196	0.00582	0.00627	0.00732	0.01051
3	0.05159	0.01608	0.01718	0.01380	0.01837	0.01788	0.01120	0.45375	0.21399	0.06016	0.04545	0.01909	0.01524	0.00818	0.00645	0.00201	0.00629	0.00637	0.00648	0.01045
4	0.22322	0.01303	0.01443	0.01150	0.01611	0.01342	0.00945	0.19020	0.04996	0.33788	0.04446	0.01862	0.01434	0.00766	0.00591	0.00199	0.00565	0.00581	0.00654	0.00979
5	0.00980	0.00704	0.00894	0.00840	0.01011	0.00662	0.00643	0.01252	0.01725	0.04950	0.53638	0.04944	0.17743	0.01367	0.00810	0.00212	0.02969	0.03362	0.00676	0.00619
6	0.02228	0.01565	0.01711	0.01332	0.01798	0.01683	0.01092	0.53728	0.02691	0.08791	0.07071	0.02063	0.04637	0.00845	0.00649	0.00192	0.00633	0.00659	0.03325	0.03307
7	0.01580	0.01543	0.02496	0.11554	0.60605	0.04129	0.01915	0.01952	0.01446	0.02021	0.01187	0.01590	0.00993	0.00607	0.00694	0.00197	0.03636	0.00570	0.00315	0.00969
8	0.04578	0.10794	0.09503	0.01633	0.02162	0.08607	0.12031	0.25365	0.06132	0.06085	0.01486	0.01735	0.01146	0.00734	0.00667	0.00198	0.02701	0.03028	0.00476	0.00940
9	0.02007	0.03773	0.11644	0.01723	0.10259	0.06153	0.01377	0.34897	0.02273	0.07267	0.08607	0.03845	0.01638	0.00807	0.00648	0.00195	0.00720	0.00646	0.00543	0.00978
10	0.02456	0.01810	0.01939	0.01487	0.02004	0.02004	0.01228	0.71107	0.03038	0.04072	0.01551	0.01551	0.01099	0.00776	0.00646	0.00194	0.00711	0.00582	0.00646	0.01099
11	0.01340	0.01148	0.01340	0.00957	0.01531	0.00861	0.00766	0.01627	0.01340	0.02105	0.01148	0.01340	0.00957	0.00479	0.00479	0.00096	0.00479	0.00383	0.00383	0.81242
12	0.00787	0.00562	0.00750	0.00900	0.00937	0.00525	0.00600	0.00900	0.01237	0.01649	0.03561	0.76871	0.04274	0.02024	0.00825	0.00262	0.00375	0.01837	0.00600	0.00525
13	0.00923	0.00692	0.01038	0.01038	0.01154	0.00808	0.00808	0.01154	0.01038	0.01500	0.01731	0.02538	0.01615	0.04846	0.74732	0.01038	0.01731	0.00692	0.00346	0.00577
14	0.01502	0.01470	0.02369	0.36340	0.15502	0.04720	0.14740	0.06453	0.06627	0.02038	0.01317	0.01720	0.01006	0.00641	0.00665	0.00209	0.00866	0.00615	0.00352	0.00847
15	0.01199	0.00693	0.01011	0.07383	0.01252	0.00729	0.00738	0.04815	0.01046	0.01386	0.01306	0.02286	0.01277	0.01994	0.02147	0.64183	0.00598	0.05252	0.00323	0.00385
16	0.00940	0.00626	0.00705	0.00705	0.00705	0.00626	0.00392	0.00940	0.00940	0.01253	0.02036	0.04228	0.02349	0.77292	0.03289	0.00626	0.00626	0.00940	0.00392	0.00392
17	0.00907	0.00660	0.00854	0.00805	0.00961	0.00607	0.00604	0.01205	0.01812	0.02551	0.69763	0.04893	0.09280	0.01336	0.00762	0.00204	0.00306	0.01178	0.00706	0.00607
18	0.01466	0.01409	0.02428	0.28642	0.47160	0.01504	0.04289	0.01872	0.01411	0.01951	0.01195	0.01647	0.00966	0.00599	0.00646	0.00201	0.00811	0.00582	0.00309	0.00913
19	0.81856	0.01250	0.00950	0.00850	0.01250	0.01449	0.00700	0.01899	0.01100	0.02899	0.00900	0.01050	0.00700	0.00600	0.00400	0.00200	0.00500	0.00350	0.00400	0.00700
20	0.01293	0.03101	0.66254	0.01828	0.04495	0.01458	0.02246	0.02041	0.03407	0.02095	0.04912	0.01579	0.01130	0.00657	0.00623	0.00205	0.00904	0.00523	0.00308	0.00941
21	0.55933	0.01174	0.01028	0.00905	0.01268	0.01306	0.00730	0.07779	0.01400	0.02875	0.12631	0.04660	0.01749	0.00782	0.00499	0.00199	0.00481	0.00561	0.00479	0.03562
22	0.00787	0.00562	0.00750	0.00900	0.00937	0.00525	0.00600	0.00900	0.01237	0.01649	0.03561	0.76871	0.04274	0.02024	0.00825	0.00262	0.00375	0.01837	0.00600	0.00525
23	0.01612	0.01603	0.04549	0.06062	0.58919	0.01563	0.08675	0.05271	0.01542	0.02183	0.01237	0.01609	0.01012	0.00586	0.00652	0.00196	0.00804	0.00592	0.00334	0.01000
24	0.81856	0.01250	0.00950	0.00850	0.01250	0.01449	0.00700	0.01899	0.01100	0.02899	0.00900	0.01050	0.00700	0.00600	0.00400	0.00200	0.00500	0.00350	0.00400	0.00700
25	0.01607	0.01388	0.01461	0.01315	0.01680	0.01607	0.01023	0.03433	0.72094	0.02703	0.02630	0.02411	0.01972	0.00877	0.00657	0.00219	0.00511	0.00731	0.00657	0.01023
26	0.00779	0.00671	0.00697	0.03108	0.00990	0.00575	0.00534	0.00951	0.01467	0.01742	0.06369	0.06071	0.70642	0.01604	0.00760	0.00218	0.00345	0.01338	0.00590	0.00551
27	0.20590	0.25523	0.11807	0.01682	0.14328	0.01840	0.01337	0.08209	0.01481	0.06183	0.01137	0.01291	0.00898	0.00609	0.00511	0.00179	0.00689	0.00442	0.00374	0.00889
28	0.01686	0.09710	0.07912	0.01734	0.08996	0.15234	0.07090	0.02358	0.18364	0.04820	0.04019	0.04579	0.05077	0.00826	0.00712	0.00200	0.04699	0.00670	0.00447	0.00866
29	0.01548	0.08257	0.10450	0.02551	0.33839	0.04689	0.04013	0.04222	0.05161	0.02063	0.01401	0.05838	0.01234	0.02675	0.00716	0.00199	0.02296	0.00616	0.00362	0.07871
30	0.09931	0.07682	0.13238	0.03769	0.04407	0.01177	0.01084	0.03089	0.05420	0.02089	0.04147	0.15542	0.05570	0.03653	0.00697	0.00206	0.00573	0.00797	0.03856	0.13074
31	0.03376	0.09115	0.07167	0.01341	0.07352	0.05675	0.01033	0.04033	0.10394	0.02115	0.10663	0.16310	0.07499	0.01051	0.00647	0.00195	0.00564	0.00889	0.00494	0.10088
32	0.01675	0.06310	0.10911	0.03834	0.15465	0.05086	0.04678	0.16338	0.05687	0.05221	0.06870	0.04359	0.06522	0.03307	0.00737	0.00212	0.00711	0.00707	0.00474	0.00896
33	0.01756	0.04256	0.19958	0.06625	0.13203	0.06737	0.03961	0.11054	0.01701	0.11018	0.04295	0.01834	0.02723	0.02356	0.00684	0.00200	0.00776	0.00584	0.00433	0.05846
34	0.04743	0.05877	0.23830	0.01583	0.07874	0.07571	0.01448	0.07098	0.04037	0.08737	0.07527	0.04607	0.04959	0.00795	0.00619	0.00191	0.00718	0.00640	0.00446	0.06701
35	0.10686	0.01444	0.04092	0.03492	0.08197	0.04000	0.08778	0.09445	0.14605	0.04020	0.11671	0.02110	0.01869	0.00754	0.00622	0.00189	0.00632	0.00649	0.00499	0.12245
36	0.01855	0.03941	0.01957	0.07716	0.13723	0.08037	0.07232	0.10799	0.08604	0.14397	0.03829	0.05111	0.04084	0.00942	0.02638	0.00226	0.00745	0.02747	0.00512	0.00905
37	0.03941	0.03829	0.07660	0.01081	0.01394	0.03669	0.02330	0.03459	0.11769	0.05017	0.23041	0.08504	0.11239	0.06046	0.00862	0.00235	0.00517	0.02672	0.00570	0.02165
38	0.01309	0.03925	0.03751	0.00981	0.01261	0.03815	0.00800	0.10739	0.01801	0.06608	0.27847	0.06438	0.21980	0.03262	0.00814	0.00217	0.02105	0.01028	0.00610	0.00707
39	0.04426	0.01145	0.03826	0.09552	0.01698	0.03264	0.00947	0.10215	0.07669	0.08597	0.23493	0.03543	0.16850	0.01086	0.00692	0.00206	0.00517	0.00908	0.00597	0.00766
40	0.01688	0.03345	0.01809	0.01901	0.20009	0.01383	0.03013	0.21641	0.05064	0.06148	0.17926	0.02697	0.06013	0.03552	0.00766	0.00212	0.00604	0.00774	0.00555	0.00899

[dist]
# distance from previous block
# <min> <max>
17	51

[block]
# block no. 3 follows, 34 sequences, length 6
# corresponding to MSA columns:
# 244-249
name=unknown_D
#
# <colnr> <probs for GDERKNQSTAVLIFYWHMCP>
#	G	D	E	R	K	N	Q	S	T	A	V	L	I	F	Y	W	H	M	C	P
0	0.05007	0.01595	0.05942	0.06348	0.55705	0.01548	0.01838	0.04509	0.07131	0.02238	0.01321	0.01632	0.01071	0.00612	0.00630	0.00196	0.00747	0.00574	0.00358	0.00996
1	0.01647	0.04703	0.05324	0.12398	0.50400	0.04126	0.01850	0.07934	0.01586	0.02179	0.01214	0.01563	0.00987	0.00605	0.00629	0.00192	0.00792	0.00557	0.00341	0.00972
2	0.01838	0.22351	0.11371	0.04290	0.15538	0.01934	0.01490	0.20317	0.05378	0.04374	0.01301	0.01459	0.01016	0.00674	0.00642	0.00186	0.03951	0.00512	0.00416	0.00961
3	0.07093	0.01851	0.12546	0.05907	0.42257	0.04989	0.01798	0.08636	0.04680	0.02324	0.01267	0.01544	0.01005	0.00622	0.00619	0.00195	0.00782	0.00546	0.00364	0.00974
4	0.01693	0.12453	0.02457	0.09923	0.41114	0.08624	0.01651	0.07472	0.01591	0.02074	0.01383	0.01670	0.03838	0.00646	0.00608	0.00185	0.00781	0.00560	0.00349	0.00927
5	0.01660	0.27845	0.12479	0.02151	0.23328	0.08249	0.01567	0.04481	0.01478	0.01897	0.01231	0.01715	0.01092	0.00687	0.00616	0.00183	0.03027	0.05096	0.00329	0.00888

[dist]
# distance from previous block
# <min> <max>
27	62

# created by:
# /home/berkeley/.conda/envs/busco_data_prod/bin/msa2prfl.pl pipeline/OGs_align_augustus/4893/40673.fs
