[name]
unknown

[dist]
# distance from previous block
# <min> <max>
0	23

[block]
# block no. 0 follows, 34 sequences, length 77
# corresponding to MSA columns:
# 23-99
name=unknown_A
#
# <colnr> <probs for GDERKNQSTAVLIFYWHMCP>
#	G	D	E	R	K	N	Q	S	T	A	V	L	I	F	Y	W	H	M	C	P
0	0.05236	0.04054	0.08770	0.03677	0.04105	0.10814	0.03050	0.10774	0.17617	0.02325	0.02214	0.05777	0.08701	0.00922	0.00721	0.00207	0.04593	0.02686	0.00485	0.03273
1	0.01457	0.21546	0.13446	0.05541	0.09188	0.04808	0.01290	0.01872	0.05495	0.04980	0.07963	0.09674	0.06275	0.00885	0.00609	0.00189	0.00661	0.00728	0.00421	0.02973
2	0.08690	0.07588	0.15220	0.01474	0.02009	0.04929	0.08580	0.13163	0.06915	0.10949	0.04246	0.01736	0.01299	0.00717	0.00649	0.00194	0.03131	0.00572	0.04612	0.03329
3	0.01591	0.11123	0.03785	0.01155	0.01519	0.01454	0.00962	0.22626	0.13682	0.02682	0.09218	0.12746	0.08961	0.01063	0.00655	0.00202	0.00542	0.00876	0.04312	0.00846
4	0.01746	0.04641	0.03616	0.01218	0.01651	0.01400	0.01017	0.19102	0.17832	0.08794	0.04987	0.02517	0.07613	0.00886	0.00679	0.00191	0.02836	0.03860	0.00575	0.14838
5	0.00949	0.00675	0.00954	0.00954	0.01057	0.00765	0.00719	0.01154	0.01052	0.01543	0.01806	0.02764	0.01721	0.14622	0.58381	0.00905	0.01454	0.00719	0.07252	0.00553
6	0.01348	0.04594	0.01985	0.61531	0.05996	0.06961	0.01683	0.01741	0.01341	0.01674	0.01128	0.01630	0.00867	0.00634	0.00624	0.00202	0.00857	0.00544	0.00295	0.04365
7	0.00801	0.00572	0.00764	0.00908	0.00953	0.00536	0.00617	0.00926	0.01264	0.01687	0.05541	0.72146	0.04304	0.01995	0.00826	0.00262	0.00381	0.04385	0.00603	0.00530
8	0.01394	0.09766	0.62296	0.01831	0.04972	0.01616	0.02211	0.05003	0.01435	0.02089	0.01155	0.01351	0.00838	0.00614	0.00599	0.00198	0.00915	0.00474	0.00291	0.00952
9	0.03909	0.35131	0.29438	0.01550	0.05170	0.08633	0.01622	0.02018	0.01386	0.01801	0.01099	0.01395	0.00923	0.00628	0.00529	0.00175	0.00828	0.02604	0.00296	0.00866
10	0.00847	0.00636	0.00788	0.00841	0.00957	0.00589	0.00596	0.01081	0.03777	0.01977	0.24318	0.40004	0.17787	0.01708	0.00789	0.00235	0.00350	0.01516	0.00634	0.00570
11	0.01045	0.00688	0.00879	0.00903	0.01032	0.00656	0.00645	0.03828	0.01435	0.07209	0.14420	0.40573	0.10437	0.06240	0.06569	0.00322	0.00503	0.01412	0.00603	0.00601
12	0.02089	0.01608	0.01721	0.01401	0.01844	0.01800	0.01129	0.44733	0.26539	0.03492	0.02013	0.05344	0.01545	0.00868	0.00658	0.00206	0.00627	0.00691	0.00648	0.01046
13	0.02444	0.02169	0.01909	0.01537	0.02002	0.22548	0.01234	0.51741	0.02697	0.03368	0.01395	0.01442	0.01024	0.00745	0.00628	0.00186	0.00839	0.00535	0.00558	0.01000
14	0.00911	0.00625	0.00743	0.00764	0.00788	0.00628	0.00466	0.00955	0.01007	0.01348	0.02354	0.14217	0.04690	0.57173	0.10122	0.00605	0.00694	0.01052	0.00422	0.00434
15	0.00924	0.00687	0.01013	0.01013	0.01120	0.00794	0.00776	0.01137	0.01031	0.01481	0.01754	0.02667	0.01671	0.10374	0.69281	0.01007	0.01646	0.00711	0.00350	0.00563
16	0.01379	0.01332	0.02326	0.44533	0.28945	0.01486	0.07136	0.01801	0.01374	0.01847	0.01184	0.01680	0.00928	0.00613	0.00653	0.00207	0.00845	0.00589	0.00302	0.00839
17	0.00801	0.00626	0.00726	0.00764	0.00911	0.00551	0.00549	0.00976	0.01467	0.01880	0.18583	0.28566	0.37900	0.01699	0.00783	0.00229	0.00338	0.01477	0.00622	0.00551
18	0.05194	0.07730	0.52865	0.01686	0.02506	0.03708	0.04120	0.02185	0.01427	0.10835	0.01301	0.01437	0.00915	0.00632	0.00599	0.00199	0.00878	0.00491	0.00347	0.00944
19	0.01717	0.04015	0.02111	0.06665	0.29791	0.11136	0.01513	0.05749	0.20469	0.02209	0.01541	0.01734	0.01228	0.00723	0.00744	0.00203	0.06499	0.00589	0.00422	0.00944
20	0.00816	0.00651	0.00730	0.00722	0.00908	0.00566	0.00537	0.01024	0.01579	0.02025	0.28711	0.09806	0.46540	0.01553	0.00767	0.00216	0.00322	0.01325	0.00637	0.00566
21	0.01534	0.10246	0.30642	0.02013	0.11327	0.01620	0.11525	0.06462	0.08584	0.03913	0.04907	0.01719	0.01280	0.00668	0.00632	0.00198	0.00821	0.00586	0.00382	0.00941
22	0.01526	0.01493	0.02622	0.15113	0.52902	0.01543	0.09240	0.01927	0.01435	0.02018	0.01204	0.01629	0.00988	0.00600	0.00697	0.00201	0.03005	0.00595	0.00314	0.00950
23	0.00796	0.00656	0.00699	0.00688	0.00892	0.00559	0.00516	0.00989	0.01549	0.01926	0.20678	0.05922	0.58755	0.01569	0.00763	0.00215	0.00322	0.01322	0.00624	0.00559
24	0.02414	0.03079	0.01831	0.01665	0.01998	0.74698	0.01248	0.02580	0.01831	0.01581	0.00999	0.01165	0.00832	0.00666	0.00583	0.00166	0.01165	0.00416	0.00333	0.00749
25	0.00924	0.00688	0.01019	0.01019	0.01128	0.00797	0.00784	0.01142	0.01033	0.01486	0.01748	0.02635	0.01657	0.09005	0.70630	0.01015	0.01667	0.00706	0.00349	0.00566
26	0.01748	0.01492	0.06508	0.04452	0.02017	0.04876	0.10456	0.02035	0.01423	0.18373	0.09146	0.02005	0.01605	0.00925	0.01233	0.00234	0.29527	0.00664	0.00456	0.00826
27	0.01525	0.01743	0.03813	0.02723	0.03377	0.01634	0.70915	0.02070	0.01525	0.02070	0.01307	0.01743	0.00980	0.00545	0.00763	0.00218	0.01089	0.00763	0.00327	0.00871
28	0.00919	0.00680	0.00992	0.00998	0.01098	0.00777	0.00756	0.01121	0.01037	0.01482	0.01844	0.06062	0.01810	0.12073	0.64146	0.00962	0.01557	0.00769	0.00362	0.00556
29	0.00952	0.00797	0.00852	0.00830	0.01013	0.04070	0.00617	0.01256	0.05173	0.02148	0.34978	0.12644	0.29379	0.01455	0.00756	0.00214	0.00371	0.01252	0.00639	0.00605
30	0.01444	0.01187	0.01438	0.01063	0.01569	0.01002	0.03940	0.09906	0.01522	0.02289	0.01320	0.01657	0.01116	0.06392	0.00724	0.00156	0.00536	0.00477	0.04461	0.57799
31	0.10286	0.01540	0.05395	0.10169	0.37213	0.01513	0.03608	0.11255	0.01610	0.02418	0.01240	0.01545	0.00985	0.00612	0.00603	0.00190	0.00727	0.00542	0.02572	0.05976
32	0.01844	0.01924	0.02155	0.02727	0.36965	0.21808	0.01571	0.02407	0.13826	0.03442	0.01413	0.01625	0.01140	0.00679	0.00684	0.00193	0.03713	0.00559	0.00390	0.00937
33	0.01778	0.01706	0.02574	0.05686	0.02571	0.10077	0.30157	0.08993	0.06036	0.07600	0.01477	0.01837	0.01145	0.00702	0.00795	0.00206	0.06636	0.02620	0.00422	0.06983
34	0.01768	0.58522	0.11805	0.01267	0.01843	0.10710	0.01281	0.03385	0.01413	0.01642	0.00955	0.01101	0.00834	0.00578	0.00463	0.00151	0.00778	0.00374	0.00290	0.00841
35	0.03965	0.45773	0.16068	0.01304	0.01903	0.08356	0.01338	0.05229	0.01483	0.07677	0.01120	0.01227	0.00899	0.00605	0.00495	0.00162	0.00765	0.00412	0.00343	0.00876
36	0.01512	0.01690	0.03604	0.07411	0.08777	0.01614	0.61308	0.02037	0.01506	0.02047	0.01290	0.01731	0.00976	0.00553	0.00746	0.00216	0.01050	0.00736	0.00324	0.00873
37	0.01097	0.00561	0.00835	0.00846	0.00849	0.00558	0.00564	0.00846	0.00872	0.01163	0.01308	0.07680	0.01363	0.02228	0.02395	0.75025	0.00547	0.00659	0.00305	0.00299
38	0.05593	0.01436	0.01556	0.01230	0.01671	0.01529	0.01004	0.42215	0.04411	0.12316	0.02116	0.02087	0.06718	0.00829	0.00618	0.00190	0.00592	0.00641	0.10119	0.03130
39	0.00769	0.00650	0.00666	0.00672	0.00879	0.00546	0.00500	0.00935	0.01472	0.01767	0.08432	0.09729	0.67490	0.01646	0.00767	0.00220	0.00329	0.01381	0.00603	0.00546
40	0.01539	0.07511	0.03635	0.02615	0.06682	0.01715	0.58893	0.02031	0.01481	0.02006	0.01250	0.01666	0.00965	0.00574	0.00793	0.00213	0.04528	0.00712	0.00321	0.00868
41	0.01659	0.00984	0.01253	0.01190	0.01474	0.00984	0.00993	0.09015	0.08543	0.19362	0.03014	0.10307	0.04095	0.01375	0.00779	0.00252	0.00566	0.32695	0.00656	0.00802
42	0.01296	0.03342	0.73944	0.01842	0.02797	0.01501	0.02387	0.02046	0.01364	0.02046	0.01160	0.01364	0.00818	0.00614	0.00614	0.00205	0.00955	0.00477	0.00273	0.00955
43	0.00825	0.00586	0.00753	0.00871	0.00916	0.00554	0.00582	0.00930	0.01210	0.01601	0.03426	0.58133	0.06876	0.14639	0.01239	0.00323	0.00426	0.05039	0.00565	0.00507
44	0.01272	0.00959	0.01344	0.01418	0.09015	0.03273	0.05985	0.01540	0.03650	0.09566	0.03047	0.26420	0.11360	0.05873	0.06953	0.00321	0.00653	0.06124	0.00532	0.00694
45	0.00796	0.00580	0.00752	0.00886	0.00948	0.00536	0.00607	0.00921	0.01273	0.01672	0.03869	0.66446	0.11481	0.01973	0.00821	0.00259	0.00379	0.04670	0.00600	0.00530
46	0.01220	0.01148	0.01938	0.75739	0.04450	0.01436	0.01794	0.01651	0.01292	0.01651	0.01148	0.01723	0.00861	0.00646	0.00646	0.00215	0.00861	0.00574	0.00287	0.00718
47	0.01548	0.01483	0.02531	0.13580	0.64045	0.01522	0.01958	0.01938	0.01447	0.02049	0.01206	0.01616	0.01002	0.00585	0.00641	0.00195	0.00780	0.00576	0.00315	0.00983
48	0.01629	0.04101	0.06178	0.08803	0.22719	0.05325	0.29807	0.07284	0.01592	0.02142	0.01239	0.01609	0.00968	0.00606	0.00724	0.00205	0.03186	0.00632	0.00341	0.00910
49	0.02066	0.32554	0.02462	0.01441	0.01840	0.39047	0.01204	0.03615	0.01585	0.01605	0.00958	0.01141	0.00838	0.00659	0.00634	0.00165	0.06686	0.00403	0.00313	0.00785
50	0.01467	0.01269	0.01481	0.09497	0.01922	0.03145	0.00941	0.08489	0.01515	0.02232	0.01184	0.01399	0.00957	0.00532	0.00517	0.00121	0.00564	0.00425	0.00396	0.61947
51	0.01581	0.01465	0.02361	0.19424	0.45102	0.01558	0.03659	0.07445	0.06945	0.02207	0.01337	0.01689	0.01065	0.00629	0.00646	0.00200	0.00773	0.00593	0.00364	0.00958
52	0.01702	0.01549	0.01305	0.01175	0.01452	0.22792	0.00895	0.05298	0.09889	0.09017	0.25026	0.06080	0.05109	0.01012	0.00668	0.00194	0.00629	0.00825	0.04622	0.00761
53	0.00792	0.00564	0.00748	0.00894	0.00930	0.00528	0.00593	0.00901	0.01228	0.01637	0.03513	0.74582	0.04213	0.04396	0.00902	0.00274	0.00383	0.01809	0.00593	0.00521
54	0.01172	0.00749	0.00958	0.00870	0.01077	0.00697	0.00664	0.01542	0.05452	0.10779	0.57804	0.04468	0.08727	0.01254	0.00744	0.00204	0.00345	0.01096	0.00713	0.00684
55	0.02851	0.01177	0.01547	0.01186	0.01688	0.01064	0.00980	0.10511	0.01978	0.66165	0.02441	0.02129	0.01545	0.00797	0.00649	0.00199	0.00567	0.00642	0.00783	0.01100
56	0.00947	0.00690	0.00858	0.00938	0.01035	0.00669	0.00652	0.07694	0.01429	0.01891	0.03595	0.64193	0.09210	0.01874	0.00803	0.00252	0.00404	0.01679	0.00604	0.00582
57	0.00851	0.00589	0.00731	0.00818	0.00840	0.00567	0.00513	0.00916	0.01113	0.01484	0.02925	0.46584	0.03471	0.33405	0.01852	0.00414	0.00480	0.01463	0.00513	0.00469
58	0.02456	0.01810	0.01939	0.01487	0.02004	0.02004	0.01228	0.71107	0.03038	0.04072	0.01551	0.01551	0.01099	0.00776	0.00646	0.00194	0.00711	0.00582	0.00646	0.01099
59	0.01278	0.01207	0.02042	0.64805	0.14933	0.01451	0.01823	0.01701	0.01319	0.01721	0.01159	0.01704	0.00886	0.00635	0.00645	0.00212	0.00847	0.00574	0.00292	0.00764
60	0.01383	0.13389	0.60231	0.01695	0.02560	0.01632	0.02125	0.03869	0.01402	0.02039	0.01162	0.01355	0.00852	0.00614	0.00583	0.00194	0.00893	0.00466	0.02625	0.00931
61	0.00787	0.00562	0.00750	0.00900	0.00937	0.00525	0.00600	0.00900	0.01237	0.01649	0.03561	0.76871	0.04274	0.02024	0.00825	0.00262	0.00375	0.01837	0.00600	0.00525
62	0.01122	0.00561	0.00842	0.00842	0.00842	0.00561	0.00561	0.00842	0.00842	0.01122	0.01122	0.01964	0.01122	0.02245	0.02525	0.81201	0.00561	0.00561	0.00281	0.00281
63	0.01185	0.00638	0.00700	0.05343	0.00998	0.00653	0.00546	0.01490	0.01366	0.02351	0.04791	0.04175	0.01836	0.00797	0.00484	0.00159	0.00338	0.00651	0.70891	0.00608
64	0.00940	0.00626	0.00705	0.00705	0.00705	0.00626	0.00392	0.00940	0.00940	0.01253	0.02036	0.04228	0.02349	0.77292	0.03289	0.00626	0.00626	0.00940	0.00392	0.00392
65	0.02456	0.01810	0.01939	0.01487	0.02004	0.02004	0.01228	0.71107	0.03038	0.04072	0.01551	0.01551	0.01099	0.00776	0.00646	0.00194	0.00711	0.00582	0.00646	0.01099
66	0.00823	0.00672	0.00734	0.00758	0.00944	0.00597	0.00564	0.01057	0.04159	0.01827	0.09788	0.17901	0.51178	0.01661	0.00776	0.00229	0.00354	0.04804	0.00609	0.00567
67	0.02414	0.03079	0.01831	0.01665	0.01998	0.74698	0.01248	0.02580	0.01831	0.01581	0.00999	0.01165	0.00832	0.00666	0.00583	0.00166	0.01165	0.00416	0.00333	0.00749
68	0.01766	0.67740	0.06690	0.01178	0.01742	0.04444	0.01179	0.05870	0.01427	0.01692	0.00951	0.01085	0.00844	0.00571	0.00442	0.00145	0.00718	0.00367	0.00299	0.00848
69	0.01787	0.48255	0.06339	0.03185	0.02090	0.09214	0.11658	0.07293	0.01528	0.01830	0.01037	0.01224	0.00873	0.00584	0.00515	0.00162	0.00813	0.00444	0.00318	0.00852
70	0.01414	0.09490	0.05616	0.01483	0.08892	0.01236	0.06956	0.03840	0.03583	0.02138	0.06707	0.03865	0.01465	0.00638	0.00561	0.00145	0.00598	0.00553	0.00402	0.40417
71	0.00807	0.00607	0.00750	0.00831	0.00936	0.00549	0.00586	0.00967	0.01394	0.01823	0.14614	0.45517	0.22619	0.01811	0.00801	0.00243	0.00359	0.03624	0.00616	0.00545
72	0.01336	0.01316	0.06880	0.01025	0.01628	0.00910	0.00889	0.01659	0.01342	0.02101	0.01149	0.01342	0.00946	0.00489	0.00489	0.00104	0.00515	0.00390	0.00374	0.75116
73	0.01651	0.05178	0.10622	0.01513	0.07460	0.03442	0.01234	0.19546	0.15478	0.02630	0.05730	0.02458	0.05260	0.04295	0.00761	0.00215	0.00650	0.04026	0.00517	0.07335
74	0.01043	0.00845	0.01016	0.00903	0.01208	0.00684	0.00667	0.01242	0.01308	0.01871	0.02725	0.34804	0.09376	0.01266	0.00657	0.00180	0.00419	0.01113	0.00499	0.38178
75	0.07385	0.03926	0.07733	0.01294	0.01804	0.08442	0.06354	0.04977	0.03708	0.02154	0.02953	0.01540	0.01111	0.02795	0.00697	0.00166	0.04455	0.00484	0.00386	0.37635
76	0.01407	0.04439	0.03314	0.05835	0.12321	0.03133	0.01110	0.05156	0.04820	0.07345	0.05549	0.21971	0.02350	0.05873	0.00967	0.00246	0.06469	0.03368	0.00490	0.03838

[dist]
# distance from previous block
# <min> <max>
2	38

[block]
# block no. 1 follows, 34 sequences, length 60
# corresponding to MSA columns:
# 138-197
name=unknown_B
#
# <colnr> <probs for GDERKNQSTAVLIFYWHMCP>
#	G	D	E	R	K	N	Q	S	T	A	V	L	I	F	Y	W	H	M	C	P
0	0.15082	0.11112	0.09119	0.01599	0.05364	0.24981	0.03551	0.09732	0.04143	0.02188	0.01114	0.01296	0.00894	0.00683	0.00672	0.00189	0.06613	0.00463	0.00372	0.00833
1	0.01692	0.10936	0.25191	0.03266	0.10114	0.11589	0.01602	0.07960	0.07469	0.05633	0.01613	0.05387	0.03271	0.00755	0.00613	0.00194	0.00806	0.00599	0.00402	0.00907
2	0.05666	0.01242	0.01272	0.04721	0.01536	0.09060	0.00872	0.05392	0.05939	0.05855	0.15987	0.05207	0.12474	0.00980	0.00711	0.00186	0.04299	0.00787	0.00522	0.17289
3	0.01193	0.00914	0.01078	0.00919	0.01247	0.00801	0.00705	0.03140	0.07329	0.05180	0.20988	0.12131	0.13136	0.01101	0.00660	0.00178	0.00410	0.00946	0.00571	0.27374
4	0.04019	0.01610	0.05370	0.01579	0.05337	0.09546	0.07776	0.09538	0.14890	0.06988	0.06240	0.04157	0.07228	0.00903	0.00829	0.00210	0.09382	0.00721	0.00501	0.03175
5	0.01482	0.01101	0.01299	0.01001	0.01465	0.00916	0.00783	0.07912	0.01504	0.08302	0.01665	0.11469	0.01528	0.04560	0.00694	0.00162	0.00499	0.00642	0.00471	0.52544
6	0.01592	0.41871	0.32720	0.01449	0.02155	0.06757	0.01649	0.02023	0.01368	0.01744	0.01014	0.01181	0.00825	0.00586	0.00509	0.00168	0.00832	0.00405	0.00279	0.00876
7	0.01563	0.01498	0.02558	0.10790	0.66719	0.01526	0.01965	0.01951	0.01454	0.02067	0.01209	0.01611	0.01008	0.00582	0.00640	0.00194	0.00777	0.00576	0.00317	0.00994
8	0.01802	0.01628	0.04200	0.02172	0.24176	0.05232	0.01391	0.21977	0.17488	0.02788	0.06242	0.02111	0.04299	0.00791	0.00654	0.00199	0.00675	0.00667	0.00521	0.00985
9	0.77234	0.05659	0.01090	0.00864	0.01273	0.01513	0.00723	0.01901	0.01112	0.02819	0.00900	0.01049	0.00707	0.00597	0.00401	0.00196	0.00511	0.00350	0.00393	0.00707
10	0.01591	0.01845	0.12856	0.01678	0.02029	0.07861	0.08707	0.11713	0.05523	0.02164	0.05372	0.01766	0.01308	0.01141	0.05993	0.00283	0.26340	0.00615	0.00392	0.00825
11	0.00940	0.00626	0.00705	0.00705	0.00705	0.00626	0.00392	0.00940	0.00940	0.01253	0.02036	0.04228	0.02349	0.77292	0.03289	0.00626	0.00626	0.00940	0.00392	0.00392
12	0.01727	0.09743	0.01704	0.01322	0.01707	0.08654	0.01051	0.03185	0.56177	0.04105	0.02287	0.02140	0.01732	0.00820	0.00624	0.00205	0.00594	0.00657	0.00589	0.00978
13	0.02193	0.01184	0.01455	0.01099	0.01605	0.01038	0.00893	0.11362	0.01787	0.35475	0.01898	0.01868	0.01327	0.02621	0.00650	0.00172	0.00541	0.00552	0.02816	0.29464
14	0.05287	0.46493	0.13465	0.01382	0.01943	0.12522	0.04777	0.02036	0.01385	0.01696	0.00970	0.01151	0.00830	0.00598	0.00539	0.00163	0.03238	0.00403	0.00292	0.00829
15	0.00911	0.00672	0.00934	0.00936	0.01037	0.00739	0.00694	0.01095	0.01093	0.01528	0.05647	0.05363	0.06712	0.17822	0.50871	0.00845	0.01325	0.00839	0.00396	0.00541
16	0.02401	0.01777	0.01910	0.01461	0.01981	0.01948	0.01205	0.67699	0.02955	0.03976	0.01532	0.01541	0.01092	0.00761	0.00638	0.00189	0.00700	0.00572	0.00633	0.05031
17	0.01599	0.01535	0.02623	0.03966	0.73262	0.01535	0.01983	0.01983	0.01471	0.02111	0.01215	0.01599	0.01023	0.00576	0.00640	0.00192	0.00768	0.00576	0.00320	0.01023
18	0.01340	0.01148	0.01340	0.00957	0.01531	0.00861	0.00766	0.01627	0.01340	0.02105	0.01148	0.01340	0.00957	0.00479	0.00479	0.00096	0.00479	0.00383	0.00383	0.81242
19	0.02351	0.02975	0.01840	0.01667	0.01979	0.70136	0.01259	0.02516	0.01778	0.01580	0.00989	0.01181	0.00833	0.00695	0.00679	0.00174	0.05867	0.00426	0.00330	0.00746
20	0.00787	0.00562	0.00750	0.00900	0.00937	0.00525	0.00600	0.00900	0.01237	0.01649	0.03561	0.76871	0.04274	0.02024	0.00825	0.00262	0.00375	0.01837	0.00600	0.00525
21	0.01340	0.01148	0.01340	0.00957	0.01531	0.00861	0.00766	0.01627	0.01340	0.02105	0.01148	0.01340	0.00957	0.00479	0.00479	0.00096	0.00479	0.00383	0.00383	0.81242
22	0.01406	0.01209	0.01349	0.01069	0.01551	0.01110	0.00843	0.02232	0.26416	0.02299	0.01942	0.01962	0.04904	0.00677	0.00556	0.00146	0.00483	0.00555	0.00491	0.48800
23	0.01583	0.01261	0.01671	0.01376	0.01613	0.01472	0.01132	0.05733	0.01298	0.10463	0.01255	0.01616	0.01059	0.01307	0.09082	0.00303	0.37178	0.00547	0.00396	0.19655
24	0.00923	0.00692	0.01038	0.01038	0.01154	0.00808	0.00808	0.01154	0.01038	0.01500	0.01731	0.02538	0.01615	0.04846	0.74732	0.01038	0.01731	0.00692	0.00346	0.00577
25	0.02899	0.01100	0.01499	0.01150	0.01649	0.00950	0.00950	0.03149	0.01849	0.73709	0.02549	0.02199	0.01599	0.00800	0.00650	0.00200	0.00550	0.00650	0.00800	0.01100
26	0.00801	0.00609	0.00738	0.00805	0.00921	0.00546	0.00566	0.00963	0.01414	0.01840	0.16246	0.41578	0.27082	0.01779	0.00794	0.00238	0.00347	0.01569	0.00619	0.00546
27	0.00940	0.00626	0.00705	0.00705	0.00705	0.00626	0.00392	0.00940	0.00940	0.01253	0.02036	0.04228	0.02349	0.77292	0.03289	0.00626	0.00626	0.00940	0.00392	0.00392
28	0.00811	0.00580	0.00777	0.00927	0.00975	0.00546	0.00642	0.00941	0.01261	0.01676	0.03548	0.70255	0.04221	0.02002	0.00831	0.00266	0.00396	0.08214	0.00599	0.00531
29	0.01599	0.01535	0.02623	0.03966	0.73262	0.01535	0.01983	0.01983	0.01471	0.02111	0.01215	0.01599	0.01023	0.00576	0.00640	0.00192	0.00768	0.00576	0.00320	0.01023
30	0.02877	0.01135	0.01521	0.01166	0.01667	0.01002	0.00964	0.06542	0.01909	0.70233	0.02499	0.02167	0.01574	0.00799	0.00650	0.00200	0.00558	0.00646	0.00792	0.01100
31	0.00787	0.00562	0.00750	0.00900	0.00937	0.00525	0.00600	0.00900	0.01237	0.01649	0.03561	0.76871	0.04274	0.02024	0.00825	0.00262	0.00375	0.01837	0.00600	0.00525
32	0.01239	0.01168	0.01972	0.72156	0.07886	0.01441	0.01804	0.01667	0.01301	0.01674	0.01152	0.01716	0.00869	0.00642	0.00646	0.00214	0.00857	0.00574	0.00289	0.00733
33	0.01273	0.01203	0.02034	0.65667	0.14107	0.01450	0.01821	0.01697	0.01317	0.01715	0.01158	0.01705	0.00884	0.00636	0.00645	0.00212	0.00848	0.00574	0.00292	0.00761
34	0.01329	0.00949	0.01277	0.01416	0.06914	0.00972	0.01101	0.05550	0.09065	0.06499	0.05485	0.05628	0.03141	0.01465	0.00816	0.00266	0.00593	0.46203	0.00600	0.00732
35	0.00788	0.00656	0.00690	0.00697	0.00901	0.00558	0.00526	0.00967	0.01495	0.01819	0.11728	0.08423	0.62585	0.01629	0.00771	0.00222	0.00338	0.04050	0.00609	0.00552
36	0.01033	0.00842	0.01226	0.01166	0.01258	0.01049	0.00927	0.01246	0.01036	0.01533	0.01554	0.02299	0.01455	0.03969	0.57724	0.00859	0.17330	0.00664	0.02226	0.00605
37	0.00791	0.00646	0.00699	0.00707	0.00895	0.00554	0.00522	0.00972	0.01506	0.01874	0.17124	0.13593	0.54618	0.01626	0.00770	0.00220	0.00329	0.01383	0.00618	0.00554
38	0.02415	0.03029	0.01835	0.01658	0.01998	0.71807	0.01248	0.05305	0.01879	0.01680	0.01021	0.01181	0.00843	0.00670	0.00585	0.00168	0.01147	0.00423	0.00345	0.00763
39	0.00819	0.00596	0.00779	0.00910	0.00981	0.00556	0.00644	0.00964	0.01304	0.01716	0.05464	0.59962	0.10749	0.01942	0.00826	0.00261	0.00396	0.09994	0.00602	0.00537
40	0.04088	0.01050	0.01207	0.01038	0.01382	0.01078	0.00821	0.02688	0.25411	0.25765	0.05930	0.02425	0.01940	0.00834	0.00600	0.00194	0.00459	0.00682	0.21496	0.00909
41	0.01396	0.00987	0.04759	0.01213	0.05576	0.00867	0.00885	0.05641	0.05685	0.14969	0.05042	0.38445	0.06517	0.03842	0.00824	0.00245	0.00490	0.01270	0.00606	0.00742
42	0.09982	0.02243	0.12834	0.09080	0.08742	0.23902	0.04945	0.12755	0.01772	0.06048	0.01229	0.01420	0.00926	0.00659	0.00603	0.00191	0.00896	0.00504	0.00397	0.00875
43	0.02437	0.01754	0.01889	0.01452	0.01959	0.01932	0.01198	0.67044	0.02954	0.06271	0.01598	0.01595	0.01130	0.00776	0.00641	0.00193	0.00695	0.00584	0.02812	0.01085
44	0.05005	0.03761	0.02031	0.05800	0.12725	0.28894	0.07836	0.04258	0.01546	0.01855	0.01336	0.01705	0.03461	0.04306	0.00918	0.00216	0.10068	0.00563	0.02940	0.00778
45	0.02088	0.02747	0.10166	0.06153	0.04698	0.48879	0.09772	0.04550	0.01738	0.01792	0.01087	0.01315	0.00865	0.00645	0.00615	0.00181	0.01088	0.00484	0.00332	0.00805
46	0.04253	0.01623	0.02254	0.09226	0.26256	0.07948	0.09949	0.05691	0.16883	0.02232	0.01492	0.01735	0.01175	0.00698	0.00743	0.00207	0.05691	0.00610	0.00408	0.00926
47	0.00802	0.00589	0.00755	0.00877	0.00950	0.00542	0.00608	0.00938	0.01303	0.01708	0.06175	0.60600	0.14252	0.01933	0.00818	0.00256	0.00378	0.05379	0.00603	0.00534
48	0.00835	0.00653	0.00763	0.00750	0.00926	0.00581	0.00559	0.01058	0.01597	0.02093	0.34595	0.09572	0.37968	0.01634	0.03310	0.00243	0.00369	0.01284	0.00639	0.00573
49	0.01405	0.01359	0.02214	0.01581	0.02184	0.01134	0.25563	0.01783	0.01405	0.02093	0.01205	0.01482	0.00965	0.00502	0.00579	0.00139	0.00694	0.00517	0.00363	0.52832
50	0.00926	0.00640	0.00763	0.00763	0.00796	0.00655	0.00473	0.00978	0.00988	0.01326	0.02240	0.04035	0.06291	0.59712	0.16176	0.00678	0.00811	0.00919	0.00395	0.00434
51	0.75378	0.01260	0.01009	0.00885	0.01294	0.01442	0.00729	0.04181	0.01199	0.06463	0.01003	0.01123	0.00757	0.00615	0.00420	0.00200	0.00509	0.00372	0.00428	0.00732
52	0.02414	0.03079	0.01831	0.01665	0.01998	0.74698	0.01248	0.02580	0.01831	0.01581	0.00999	0.01165	0.00832	0.00666	0.00583	0.00166	0.01165	0.00416	0.00333	0.00749
53	0.09778	0.01339	0.01543	0.01233	0.01690	0.01376	0.01004	0.23841	0.10354	0.33926	0.02150	0.05582	0.01538	0.00843	0.00635	0.00203	0.00582	0.00669	0.00689	0.01025
54	0.05196	0.00683	0.00687	0.00674	0.00849	0.00699	0.00520	0.03910	0.01407	0.02466	0.02095	0.02556	0.01693	0.00797	0.00478	0.00162	0.00340	0.03991	0.70174	0.00624
55	0.00774	0.00637	0.00680	0.00708	0.00888	0.00544	0.00516	0.00932	0.01440	0.01757	0.08330	0.19809	0.57352	0.01700	0.00775	0.00226	0.00336	0.01448	0.00604	0.00544
56	0.03724	0.01179	0.01224	0.01061	0.01309	0.04806	0.00790	0.23779	0.01755	0.02351	0.02126	0.07067	0.05945	0.28492	0.05233	0.00393	0.00692	0.02996	0.00498	0.04580
57	0.01188	0.01073	0.03271	0.04479	0.07420	0.01014	0.12280	0.08753	0.01552	0.02066	0.04595	0.32894	0.11651	0.01374	0.00762	0.00233	0.00591	0.03577	0.00520	0.00707
58	0.08594	0.04511	0.16256	0.12249	0.06555	0.08960	0.04671	0.11034	0.05133	0.04078	0.01554	0.04379	0.03195	0.00978	0.04893	0.00249	0.00851	0.00605	0.00404	0.00851
59	0.20001	0.11577	0.10411	0.01639	0.08888	0.08703	0.07818	0.10639	0.01546	0.02336	0.01183	0.01503	0.00975	0.05129	0.02319	0.00229	0.00784	0.00503	0.00377	0.03440

[dist]
# distance from previous block
# <min> <max>
1	35

[block]
# block no. 2 follows, 34 sequences, length 37
# corresponding to MSA columns:
# 233-269
name=unknown_C
#
# <colnr> <probs for GDERKNQSTAVLIFYWHMCP>
#	G	D	E	R	K	N	Q	S	T	A	V	L	I	F	Y	W	H	M	C	P
0	0.02184	0.01758	0.08268	0.01643	0.08353	0.05653	0.02799	0.29291	0.04714	0.17268	0.01643	0.01659	0.01166	0.00706	0.00624	0.00184	0.00705	0.00563	0.00560	0.10259
1	0.02122	0.01948	0.01676	0.01417	0.01810	0.22157	0.01117	0.30215	0.16796	0.02879	0.01669	0.01719	0.01265	0.00892	0.02952	0.00215	0.00797	0.00571	0.06852	0.00930
2	0.01506	0.03897	0.04203	0.07279	0.21397	0.07038	0.11149	0.05760	0.01456	0.01986	0.01352	0.01860	0.01157	0.05698	0.10179	0.00324	0.04365	0.00608	0.04274	0.04512
3	0.00814	0.00629	0.00744	0.00785	0.00928	0.00559	0.00569	0.00997	0.01479	0.01913	0.20618	0.28672	0.33583	0.01694	0.00787	0.00231	0.00345	0.03471	0.00625	0.00555
4	0.00829	0.00612	0.00749	0.00805	0.00902	0.00560	0.00554	0.00981	0.01383	0.01831	0.19395	0.37025	0.19134	0.10873	0.01095	0.00284	0.00380	0.01479	0.00599	0.00532
5	0.01515	0.01575	0.02882	0.02184	0.02564	0.01733	0.37824	0.06568	0.01422	0.02002	0.01261	0.05039	0.01091	0.00840	0.01248	0.00242	0.28124	0.00728	0.00345	0.00812
6	0.00861	0.00617	0.00706	0.00746	0.00831	0.00574	0.00491	0.00967	0.01234	0.01622	0.07275	0.24885	0.22475	0.28032	0.01645	0.00369	0.00442	0.01301	0.04436	0.00492
7	0.01440	0.17451	0.56665	0.01682	0.02537	0.01729	0.02081	0.05680	0.01443	0.02053	0.01130	0.01312	0.00835	0.00611	0.00578	0.00191	0.00892	0.00458	0.00293	0.00939
8	0.01477	0.01230	0.01414	0.01022	0.01589	0.01002	0.00823	0.10186	0.01549	0.02348	0.01198	0.01366	0.00974	0.00515	0.00499	0.00108	0.00507	0.00407	0.00415	0.71369
9	0.01429	0.01459	0.02231	0.01837	0.01927	0.01932	0.10961	0.01626	0.01063	0.01626	0.00911	0.01459	0.00866	0.01050	0.01934	0.00274	0.65804	0.00593	0.00289	0.00729
10	0.00787	0.00562	0.00750	0.00900	0.00937	0.00525	0.00600	0.00900	0.01237	0.01649	0.03561	0.76871	0.04274	0.02024	0.00825	0.00262	0.00375	0.01837	0.00600	0.00525
11	0.00928	0.00628	0.00701	0.00701	0.00716	0.00621	0.00398	0.00939	0.00976	0.01287	0.02345	0.04365	0.07197	0.72101	0.03115	0.00598	0.00606	0.00969	0.00406	0.00402
12	0.01607	0.10872	0.44319	0.01560	0.02305	0.01536	0.01814	0.09641	0.01633	0.09854	0.07517	0.01736	0.01389	0.00706	0.00612	0.00196	0.00800	0.00552	0.00408	0.00942
13	0.02303	0.07066	0.01872	0.01575	0.01928	0.62280	0.01204	0.07171	0.01868	0.01756	0.01284	0.01415	0.04144	0.00711	0.00586	0.00169	0.01069	0.00467	0.00363	0.00768
14	0.75244	0.01296	0.01032	0.00903	0.01312	0.01496	0.00744	0.07663	0.01261	0.02997	0.00954	0.01091	0.00733	0.00614	0.00420	0.00199	0.00517	0.00369	0.00420	0.00733
15	0.01626	0.56660	0.12051	0.01280	0.01854	0.04394	0.04930	0.01925	0.01382	0.01693	0.06035	0.01386	0.01207	0.00618	0.00488	0.00156	0.00732	0.00444	0.00311	0.00829
16	0.00787	0.00562	0.00750	0.00900	0.00937	0.00525	0.00600	0.00900	0.01237	0.01649	0.03561	0.76871	0.04274	0.02024	0.00825	0.00262	0.00375	0.01837	0.00600	0.00525
17	0.01951	0.01137	0.01304	0.01111	0.01475	0.01187	0.00881	0.06675	0.29649	0.24736	0.04654	0.02373	0.01873	0.00836	0.00615	0.00197	0.00485	0.00685	0.17227	0.00951
18	0.00916	0.00693	0.00854	0.00863	0.01011	0.00660	0.00634	0.01267	0.07125	0.02201	0.36799	0.24175	0.15304	0.01535	0.00775	0.00225	0.00352	0.03345	0.00657	0.00609
19	0.02119	0.01540	0.01671	0.01349	0.01790	0.01686	0.01090	0.44207	0.17721	0.08231	0.02239	0.06029	0.05523	0.00913	0.00665	0.00205	0.00618	0.00729	0.00654	0.01021
20	0.00831	0.00632	0.00744	0.00790	0.00917	0.00571	0.00566	0.00990	0.01394	0.01793	0.14251	0.26379	0.30833	0.10373	0.01079	0.00281	0.00391	0.06060	0.00591	0.00534
21	0.01601	0.06270	0.01212	0.00925	0.01216	0.01183	0.00745	0.19960	0.07349	0.02808	0.01920	0.02090	0.01478	0.00755	0.00516	0.00166	0.00452	0.00589	0.47984	0.00781
22	0.01547	0.01134	0.01290	0.01207	0.03481	0.01215	0.00916	0.11589	0.28021	0.07598	0.08264	0.09370	0.08387	0.01096	0.00686	0.00216	0.00494	0.05549	0.07077	0.00861
23	0.01534	0.01467	0.02480	0.07817	0.65570	0.01477	0.01893	0.01908	0.01461	0.02066	0.01494	0.01851	0.04824	0.00636	0.00647	0.00195	0.00750	0.00617	0.00333	0.00981
24	0.01900	0.28054	0.13808	0.01525	0.02059	0.24799	0.05055	0.07572	0.01621	0.01870	0.01050	0.01227	0.00862	0.00630	0.00589	0.00169	0.03198	0.00437	0.00329	0.03247
25	0.00978	0.00728	0.00934	0.01000	0.01160	0.00683	0.00785	0.03275	0.01438	0.01902	0.05429	0.32249	0.11888	0.01711	0.00809	0.00254	0.00468	0.26813	0.00585	0.06912
26	0.35499	0.07884	0.03594	0.13092	0.04235	0.10906	0.02593	0.01904	0.01328	0.02277	0.05035	0.01444	0.01093	0.00642	0.00511	0.00186	0.00681	0.00462	0.00372	0.06262
27	0.00873	0.00668	0.00778	0.00884	0.00931	0.03230	0.00582	0.00969	0.01211	0.01577	0.03283	0.58570	0.05967	0.15772	0.01266	0.00324	0.00448	0.01606	0.00552	0.00509
28	0.01152	0.01052	0.05995	0.01098	0.01382	0.00917	0.06753	0.04952	0.06122	0.03907	0.21395	0.10696	0.19176	0.02909	0.00818	0.00222	0.02848	0.01058	0.06857	0.00692
29	0.01511	0.01418	0.01988	0.12925	0.17640	0.04818	0.07595	0.05782	0.01499	0.02123	0.01193	0.01493	0.00961	0.00556	0.00579	0.00154	0.00700	0.00500	0.00363	0.36202
30	0.00824	0.00586	0.00781	0.00924	0.00972	0.00555	0.00640	0.00952	0.01251	0.01663	0.03471	0.65344	0.04116	0.05657	0.00952	0.00284	0.00412	0.09499	0.00589	0.00526
31	0.01734	0.19634	0.02256	0.03922	0.20491	0.07904	0.01320	0.06674	0.18637	0.04197	0.01656	0.05962	0.01394	0.00755	0.00597	0.00189	0.00691	0.00620	0.00442	0.00924
32	0.03600	0.03912	0.19117	0.01182	0.01654	0.01061	0.01164	0.03865	0.04985	0.10272	0.15346	0.09162	0.08824	0.01019	0.00663	0.00200	0.00570	0.03294	0.00527	0.09586
33	0.18764	0.24587	0.21485	0.01476	0.05418	0.10386	0.01430	0.06128	0.01452	0.02141	0.01034	0.01200	0.00825	0.00607	0.00509	0.00178	0.00781	0.00415	0.00332	0.00851
34	0.01785	0.03264	0.01805	0.09581	0.09956	0.15943	0.01299	0.15646	0.04988	0.04368	0.01695	0.09503	0.01555	0.00962	0.00833	0.00216	0.09295	0.06018	0.00458	0.00831
35	0.00814	0.00624	0.00723	0.00783	0.00904	0.00561	0.00552	0.00951	0.01336	0.01688	0.06837	0.31019	0.33947	0.11093	0.01104	0.00288	0.00395	0.05281	0.00577	0.00524
36	0.01736	0.15898	0.19195	0.08252	0.03894	0.20388	0.03245	0.03929	0.11322	0.01941	0.01289	0.01450	0.01007	0.00653	0.00580	0.00182	0.00871	0.00491	0.00358	0.03320

[dist]
# distance from previous block
# <min> <max>
0	14

[block]
# block no. 3 follows, 34 sequences, length 19
# corresponding to MSA columns:
# 284-302
name=unknown_D
#
# <colnr> <probs for GDERKNQSTAVLIFYWHMCP>
#	G	D	E	R	K	N	Q	S	T	A	V	L	I	F	Y	W	H	M	C	P
0	0.01523	0.01331	0.02059	0.19658	0.21343	0.01429	0.07348	0.09691	0.07740	0.04177	0.05157	0.07949	0.01597	0.00812	0.00713	0.00209	0.02898	0.00733	0.00435	0.03199
1	0.01823	0.04622	0.10729	0.03952	0.18322	0.11504	0.11210	0.15723	0.09702	0.02433	0.01396	0.01595	0.01075	0.00673	0.00673	0.00198	0.02426	0.00579	0.00416	0.00952
2	0.01697	0.01766	0.01911	0.05436	0.05767	0.17909	0.01364	0.07836	0.01443	0.01874	0.05146	0.01594	0.01180	0.00954	0.01420	0.00236	0.40781	0.00570	0.00352	0.00762
3	0.02806	0.01103	0.01490	0.01138	0.01642	0.00944	0.00939	0.03058	0.01819	0.69444	0.02466	0.02148	0.01561	0.00781	0.00640	0.00194	0.00546	0.00634	0.00775	0.05873
4	0.00804	0.00599	0.00749	0.00832	0.00928	0.00544	0.00578	0.00961	0.01390	0.01832	0.16123	0.49222	0.19442	0.01820	0.00801	0.00243	0.00353	0.01620	0.00619	0.00544
5	0.00923	0.00692	0.01038	0.01038	0.01154	0.00808	0.00808	0.01154	0.01038	0.01500	0.01731	0.02538	0.01615	0.04846	0.74732	0.01038	0.01731	0.00692	0.00346	0.00577
6	0.00828	0.00597	0.00783	0.00916	0.00981	0.00562	0.00647	0.00966	0.01277	0.01681	0.03687	0.59001	0.08908	0.05006	0.00930	0.00279	0.00413	0.11413	0.00591	0.00531
7	0.02595	0.01065	0.01423	0.01129	0.01571	0.00947	0.00916	0.06229	0.01846	0.60496	0.05021	0.09832	0.02000	0.00941	0.00671	0.00206	0.00532	0.00785	0.00769	0.01024
8	0.01340	0.01148	0.01340	0.00957	0.01531	0.00861	0.00766	0.01627	0.01340	0.02105	0.01148	0.01340	0.00957	0.00479	0.00479	0.00096	0.00479	0.00383	0.00383	0.81242
9	0.02358	0.01736	0.01869	0.01452	0.01941	0.01917	0.01191	0.66971	0.02932	0.03929	0.01670	0.05989	0.01286	0.00849	0.00657	0.00198	0.00691	0.00656	0.00644	0.01065
10	0.81856	0.01250	0.00950	0.00850	0.01250	0.01449	0.00700	0.01899	0.01100	0.02899	0.00900	0.01050	0.00700	0.00600	0.00400	0.00200	0.00500	0.00350	0.00400	0.00700
11	0.00856	0.00729	0.00746	0.00729	0.00959	0.00656	0.00551	0.01195	0.08653	0.01883	0.09325	0.05765	0.62593	0.01544	0.00753	0.00218	0.00345	0.01290	0.00611	0.00597
12	0.01220	0.01148	0.01938	0.75739	0.04450	0.01436	0.01794	0.01651	0.01292	0.01651	0.01148	0.01723	0.00861	0.00646	0.00646	0.00215	0.00861	0.00574	0.00287	0.00718
13	0.01819	0.00895	0.01190	0.01073	0.01386	0.00819	0.00889	0.02124	0.03563	0.33177	0.13048	0.04505	0.09608	0.01254	0.00751	0.00232	0.00507	0.21635	0.00702	0.00823
14	0.01160	0.04295	0.01306	0.01132	0.01290	0.01109	0.00900	0.08211	0.01241	0.01750	0.01606	0.02353	0.01493	0.07699	0.53244	0.00819	0.08712	0.00667	0.00369	0.00643
15	0.00806	0.00590	0.00756	0.00870	0.00938	0.00553	0.00597	0.00931	0.01254	0.01645	0.03817	0.57525	0.13748	0.06046	0.04235	0.00311	0.00449	0.03827	0.00577	0.00525
16	0.01599	0.01081	0.01384	0.04499	0.05983	0.00957	0.00905	0.05785	0.01558	0.15775	0.08170	0.02332	0.05926	0.04068	0.04928	0.00224	0.00593	0.00633	0.00509	0.33089
17	0.02045	0.04322	0.05236	0.01349	0.01860	0.01707	0.01144	0.44878	0.07986	0.03307	0.01552	0.01691	0.01184	0.04535	0.00741	0.00200	0.00663	0.00565	0.00560	0.14475
18	0.07050	0.04109	0.05927	0.01424	0.05486	0.10579	0.01127	0.12648	0.15193	0.09374	0.01716	0.04873	0.01355	0.00768	0.00631	0.00186	0.02536	0.00595	0.03267	0.11154

[dist]
# distance from previous block
# <min> <max>
0	13

[block]
# block no. 4 follows, 34 sequences, length 29
# corresponding to MSA columns:
# 316-344
name=unknown_E
#
# <colnr> <probs for GDERKNQSTAVLIFYWHMCP>
#	G	D	E	R	K	N	Q	S	T	A	V	L	I	F	Y	W	H	M	C	P
0	0.05308	0.03398	0.01670	0.09872	0.24604	0.07028	0.01235	0.01596	0.01424	0.01927	0.05312	0.16034	0.11716	0.01028	0.00665	0.00203	0.00627	0.00899	0.00430	0.05026
1	0.04098	0.01832	0.05926	0.02403	0.17352	0.09486	0.24184	0.10498	0.04619	0.08045	0.01401	0.01642	0.01058	0.00654	0.00727	0.00204	0.03901	0.00621	0.00414	0.00934
2	0.09852	0.08331	0.02299	0.06264	0.23365	0.10361	0.11272	0.03577	0.03321	0.04037	0.03251	0.01631	0.01146	0.00834	0.04284	0.00229	0.00842	0.00560	0.00369	0.04175
3	0.01354	0.00739	0.00960	0.00868	0.01076	0.00737	0.03501	0.01628	0.01347	0.11630	0.02214	0.02583	0.04360	0.03982	0.17760	0.00382	0.00708	0.00675	0.42832	0.00665
4	0.00828	0.00612	0.00779	0.00872	0.00960	0.00579	0.00618	0.00972	0.01279	0.01672	0.05430	0.44698	0.17181	0.07362	0.07245	0.00346	0.00514	0.06957	0.00566	0.00532
5	0.01479	0.01017	0.01150	0.01004	0.01291	0.01053	0.00785	0.13059	0.16013	0.08298	0.25710	0.03432	0.10348	0.01060	0.00673	0.00199	0.00432	0.00891	0.11302	0.00802
6	0.03676	0.01352	0.01772	0.03799	0.11725	0.03270	0.05859	0.08290	0.05525	0.10222	0.01495	0.03535	0.01182	0.00634	0.00579	0.00157	0.00620	0.00546	0.00457	0.35304
7	0.01650	0.01160	0.01525	0.01113	0.01661	0.00923	0.05679	0.01948	0.01475	0.16547	0.04318	0.01681	0.01294	0.00582	0.00544	0.00130	0.00528	0.00495	0.00476	0.56272
8	0.01340	0.01148	0.01340	0.00957	0.01531	0.00861	0.00766	0.01627	0.01340	0.02105	0.01148	0.01340	0.00957	0.00479	0.00479	0.00096	0.00479	0.00383	0.00383	0.81242
9	0.01537	0.01728	0.09747	0.09723	0.36046	0.05738	0.09573	0.04028	0.01496	0.02062	0.01322	0.05294	0.01130	0.00658	0.00645	0.00193	0.00811	0.00625	0.00342	0.07302
10	0.02257	0.08899	0.01971	0.01623	0.01940	0.61492	0.01254	0.02424	0.01704	0.01574	0.00975	0.01180	0.00834	0.00704	0.00726	0.00176	0.08768	0.00426	0.00323	0.00751
11	0.08423	0.01207	0.01479	0.01183	0.01633	0.01191	0.00966	0.12467	0.09057	0.45624	0.02229	0.02071	0.01501	0.01114	0.06579	0.00268	0.00660	0.00630	0.00698	0.01020
12	0.05018	0.18034	0.25451	0.01798	0.06089	0.05866	0.11253	0.07845	0.03393	0.04861	0.01222	0.01414	0.00934	0.00638	0.00644	0.00192	0.03576	0.00511	0.00354	0.00909
13	0.01130	0.00771	0.00939	0.00917	0.01108	0.00742	0.00692	0.01535	0.09916	0.08385	0.24314	0.18384	0.16797	0.04581	0.00867	0.00244	0.00406	0.06959	0.00648	0.00663
14	0.00800	0.00568	0.00746	0.00883	0.00917	0.00533	0.00582	0.00903	0.01212	0.01616	0.03432	0.70721	0.04111	0.08397	0.01033	0.00293	0.00396	0.01761	0.00582	0.00514
15	0.00795	0.00566	0.00747	0.00889	0.00925	0.00530	0.00589	0.00902	0.01222	0.01629	0.03481	0.73072	0.04173	0.05960	0.00954	0.00281	0.00388	0.01790	0.00589	0.00518
16	0.01461	0.03791	0.04469	0.02001	0.22331	0.09137	0.01293	0.04068	0.11680	0.02126	0.06621	0.03400	0.11663	0.01023	0.00694	0.00214	0.00661	0.12054	0.00483	0.00828
17	0.01510	0.01304	0.01369	0.01239	0.01588	0.01485	0.00962	0.03146	0.63999	0.02593	0.03079	0.02847	0.10115	0.00964	0.00670	0.00219	0.00490	0.00803	0.00651	0.00968
18	0.00787	0.00562	0.00750	0.00900	0.00937	0.00525	0.00600	0.00900	0.01237	0.01649	0.03561	0.76871	0.04274	0.02024	0.00825	0.00262	0.00375	0.01837	0.00600	0.00525
19	0.01372	0.01158	0.07110	0.03642	0.07991	0.01047	0.01039	0.12979	0.01558	0.06656	0.02244	0.25157	0.02269	0.08181	0.11579	0.00373	0.00753	0.01010	0.03141	0.00741
20	0.00994	0.00730	0.00897	0.00845	0.01017	0.00701	0.00638	0.01279	0.03791	0.05080	0.41081	0.08645	0.22904	0.03712	0.00903	0.00227	0.04106	0.01184	0.00647	0.00619
21	0.02456	0.01810	0.01939	0.01487	0.02004	0.02004	0.01228	0.71107	0.03038	0.04072	0.01551	0.01551	0.01099	0.00776	0.00646	0.00194	0.00711	0.00582	0.00646	0.01099
22	0.01388	0.01375	0.01929	0.01661	0.01668	0.01917	0.01381	0.01534	0.00992	0.01552	0.00895	0.01473	0.00889	0.01328	0.05970	0.00323	0.72166	0.00572	0.00286	0.00700
23	0.81856	0.01250	0.00950	0.00850	0.01250	0.01449	0.00700	0.01899	0.01100	0.02899	0.00900	0.01050	0.00700	0.00600	0.00400	0.00200	0.00500	0.00350	0.00400	0.00700
24	0.00776	0.00655	0.00672	0.00668	0.00881	0.00551	0.00501	0.00952	0.01503	0.01817	0.12183	0.06100	0.67318	0.01610	0.00764	0.00217	0.00325	0.01347	0.00609	0.00551
25	0.01789	0.32857	0.04433	0.05491	0.06603	0.22776	0.01222	0.02148	0.07105	0.01711	0.01560	0.01682	0.06729	0.00706	0.00543	0.00169	0.00805	0.00509	0.00352	0.00809
26	0.00807	0.00571	0.00744	0.00874	0.00907	0.00538	0.00573	0.00905	0.01198	0.01598	0.03363	0.67430	0.04023	0.11806	0.01145	0.00310	0.00408	0.01720	0.00573	0.00507
27	0.01489	0.01354	0.01669	0.03962	0.06930	0.06112	0.08138	0.07711	0.21711	0.02334	0.05086	0.08844	0.07745	0.00945	0.00669	0.00201	0.00618	0.02489	0.02419	0.09573
28	0.04285	0.24251	0.12105	0.05746	0.11338	0.13615	0.05471	0.06762	0.01565	0.05705	0.01156	0.01355	0.00919	0.00630	0.00597	0.00179	0.02613	0.00477	0.00350	0.00880

[dist]
# distance from previous block
# <min> <max>
0	2

[block]
# block no. 5 follows, 34 sequences, length 31
# corresponding to MSA columns:
# 347-377
name=unknown_F
#
# <colnr> <probs for GDERKNQSTAVLIFYWHMCP>
#	G	D	E	R	K	N	Q	S	T	A	V	L	I	F	Y	W	H	M	C	P
0	0.04869	0.03995	0.05983	0.04133	0.32514	0.10263	0.04824	0.12039	0.08304	0.04792	0.01393	0.01597	0.01086	0.00653	0.00625	0.00193	0.00790	0.00563	0.00414	0.00969
1	0.04203	0.28493	0.16329	0.01452	0.02000	0.24021	0.01392	0.08033	0.05011	0.01951	0.01117	0.01248	0.00902	0.00634	0.00535	0.00170	0.00873	0.00431	0.00346	0.00858
2	0.00827	0.00613	0.00741	0.00818	0.00934	0.00556	0.00585	0.00994	0.01389	0.01825	0.11286	0.40204	0.25620	0.01759	0.00786	0.00239	0.00362	0.05452	0.04459	0.00547
3	0.01551	0.01694	0.08361	0.02927	0.35523	0.01590	0.17244	0.02247	0.14170	0.02175	0.01468	0.01749	0.01160	0.00654	0.00742	0.00208	0.04556	0.00637	0.00377	0.00968
4	0.01122	0.00561	0.00842	0.00842	0.00842	0.00561	0.00561	0.00842	0.00842	0.01122	0.01122	0.01964	0.01122	0.02245	0.02525	0.81201	0.00561	0.00561	0.00281	0.00281
5	0.00937	0.00675	0.00818	0.00773	0.00960	0.00601	0.00583	0.01193	0.01712	0.04922	0.48366	0.05191	0.28077	0.01406	0.00758	0.00208	0.00321	0.01214	0.00678	0.00606
6	0.01824	0.01632	0.02208	0.12597	0.39276	0.09954	0.01658	0.07207	0.06531	0.08698	0.01425	0.01673	0.01104	0.00651	0.00637	0.00195	0.00784	0.00575	0.00408	0.00964
7	0.00837	0.00625	0.00772	0.00815	0.00936	0.00568	0.00584	0.01026	0.01483	0.01972	0.26600	0.31522	0.21359	0.04459	0.00883	0.00247	0.00358	0.03773	0.00628	0.00555
8	0.00918	0.00745	0.00793	0.00758	0.00983	0.00676	0.00574	0.05500	0.03502	0.02046	0.16218	0.07986	0.53943	0.01526	0.00755	0.00216	0.00355	0.01283	0.00622	0.00603
9	0.01445	0.01145	0.01351	0.00970	0.01539	0.00867	0.00778	0.01730	0.01374	0.06939	0.01243	0.01398	0.01000	0.00500	0.00490	0.00103	0.00483	0.00401	0.00411	0.75832
10	0.01998	0.10870	0.02157	0.01651	0.01939	0.36422	0.04745	0.06804	0.01589	0.01759	0.00995	0.01279	0.00862	0.00792	0.01033	0.00202	0.23313	0.00481	0.00332	0.00775
11	0.00959	0.00621	0.00795	0.00878	0.00977	0.00565	0.00605	0.01086	0.01310	0.07450	0.03854	0.58252	0.13820	0.04465	0.00887	0.00264	0.00391	0.01643	0.00609	0.00569
12	0.32389	0.17514	0.01770	0.01165	0.01592	0.14740	0.00971	0.07569	0.10535	0.04539	0.01237	0.01314	0.00970	0.00657	0.00495	0.00183	0.00677	0.00436	0.00426	0.00819
13	0.01494	0.01547	0.01967	0.01694	0.01720	0.07804	0.01400	0.01637	0.01057	0.01557	0.00860	0.01394	0.00847	0.01094	0.01997	0.00273	0.70106	0.00553	0.00287	0.00710
