[name]
unknown

[dist]
# distance from previous block
# <min> <max>
0	0

[block]
# block no. 0 follows, 33 sequences, length 31
# corresponding to MSA columns:
# 0-30
name=unknown_A
#
# <colnr> <probs for GDERKNQSTAVLIFYWHMCP>
#	G	D	E	R	K	N	Q	S	T	A	V	L	I	F	Y	W	H	M	C	P
0	0.01061	0.00758	0.01061	0.01212	0.01364	0.00758	0.01061	0.01364	0.01515	0.01970	0.03486	0.07426	0.03789	0.01819	0.00909	0.00303	0.00606	0.68326	0.00606	0.00606
1	0.01402	0.01412	0.02250	0.21581	0.02705	0.01822	0.10571	0.01679	0.01162	0.01679	0.01007	0.01569	0.00885	0.00942	0.01577	0.00261	0.45850	0.00605	0.00295	0.00745
2	0.01320	0.03405	0.73453	0.01876	0.02849	0.01529	0.02432	0.02085	0.01390	0.02085	0.01181	0.01390	0.00834	0.00625	0.00625	0.00208	0.00973	0.00486	0.00278	0.00973
3	0.00837	0.00669	0.00748	0.00728	0.00925	0.00581	0.00546	0.01058	0.01639	0.02107	0.31736	0.05795	0.47218	0.01545	0.00777	0.00216	0.00325	0.01314	0.00655	0.00581
4	0.00825	0.00654	0.00741	0.00752	0.00926	0.00571	0.00551	0.01023	0.01563	0.02002	0.24414	0.17138	0.43228	0.01641	0.00788	0.00225	0.00335	0.01411	0.00643	0.00571
5	0.01992	0.01939	0.01665	0.01462	0.01850	0.20960	0.01136	0.13828	0.42291	0.02670	0.02065	0.01982	0.01561	0.00820	0.00648	0.00205	0.00730	0.00635	0.00580	0.00980
6	0.00796	0.00656	0.00700	0.00713	0.00907	0.00560	0.00526	0.00971	0.01508	0.01854	0.12930	0.14570	0.57669	0.01682	0.00785	0.00226	0.00337	0.01427	0.00623	0.00560
7	0.09996	0.01731	0.01836	0.01426	0.01935	0.01908	0.01176	0.57677	0.05077	0.08274	0.01617	0.01602	0.01142	0.00778	0.00635	0.00199	0.00687	0.00580	0.00645	0.01079
8	0.01364	0.00780	0.01005	0.00914	0.01145	0.00711	0.00697	0.01672	0.03917	0.17823	0.40243	0.13236	0.11193	0.01335	0.00756	0.00216	0.00383	0.01165	0.00718	0.00726
9	0.19953	0.01718	0.01753	0.01371	0.01872	0.01917	0.01132	0.55405	0.02659	0.03885	0.01434	0.01468	0.01030	0.00751	0.00603	0.00199	0.00677	0.00541	0.00603	0.01030
10	0.01474	0.01540	0.02572	0.02040	0.02238	0.01912	0.21943	0.01740	0.01171	0.01740	0.01003	0.01540	0.00904	0.00975	0.01749	0.00268	0.53484	0.00636	0.00301	0.00770
11	0.01243	0.01170	0.01975	0.75282	0.04534	0.01463	0.01828	0.01682	0.01316	0.01682	0.01170	0.01755	0.00878	0.00658	0.00658	0.00219	0.00878	0.00585	0.00293	0.00731
12	0.02541	0.01264	0.01558	0.01209	0.01706	0.01198	0.00989	0.15140	0.08063	0.45155	0.02262	0.02059	0.01507	0.00783	0.00638	0.00192	0.00571	0.00628	0.03395	0.09143
13	0.06862	0.02935	0.01767	0.01608	0.01943	0.67289	0.01209	0.02548	0.01805	0.01719	0.01055	0.01229	0.00873	0.00678	0.00578	0.00171	0.01115	0.00428	0.03433	0.00755
14	0.01440	0.01440	0.02016	0.01728	0.01728	0.02016	0.01440	0.01584	0.01008	0.01584	0.00864	0.01440	0.00864	0.01152	0.02160	0.00288	0.75659	0.00576	0.00288	0.00720
15	0.00852	0.00628	0.00804	0.00915	0.00990	0.00597	0.00627	0.01071	0.04714	0.01822	0.09821	0.62615	0.08241	0.01921	0.00823	0.00257	0.00380	0.01730	0.00624	0.00568
16	0.01861	0.01125	0.01284	0.01123	0.01467	0.03014	0.00875	0.06518	0.19410	0.25582	0.03351	0.15571	0.13613	0.01181	0.00711	0.00221	0.00510	0.00997	0.00688	0.00899
17	0.01678	0.01434	0.01511	0.01348	0.01727	0.01656	0.01052	0.06650	0.68349	0.02819	0.02628	0.02415	0.01968	0.00888	0.00669	0.00222	0.00531	0.00737	0.00669	0.01046
18	0.01554	0.01776	0.03885	0.02775	0.03441	0.01665	0.70366	0.02109	0.01554	0.02109	0.01332	0.01776	0.00999	0.00555	0.00777	0.00222	0.01110	0.00777	0.00333	0.00888
19	0.00957	0.00641	0.00733	0.00733	0.00738	0.00646	0.00417	0.00967	0.00962	0.01287	0.02061	0.04235	0.02362	0.73797	0.06374	0.00656	0.00686	0.00947	0.00397	0.00407
20	0.00952	0.00660	0.00827	0.00827	0.00865	0.00697	0.00535	0.01027	0.00990	0.01357	0.01975	0.03756	0.02154	0.53790	0.26097	0.00773	0.00999	0.00877	0.00384	0.00459
21	0.02459	0.03138	0.01866	0.01696	0.02035	0.74221	0.01272	0.02629	0.01866	0.01611	0.01018	0.01187	0.00848	0.00678	0.00594	0.00170	0.01187	0.00424	0.00339	0.00763
22	0.14589	0.00864	0.00770	0.00739	0.00961	0.03555	0.00567	0.01670	0.04898	0.02440	0.02470	0.02642	0.10004	0.00852	0.00505	0.00174	0.00387	0.00663	0.50599	0.00650
23	0.01432	0.01633	0.05957	0.11246	0.05883	0.01514	0.49759	0.01929	0.01487	0.02014	0.01542	0.09528	0.01329	0.00728	0.00759	0.00225	0.00989	0.00850	0.00355	0.00841
24	0.01332	0.03327	0.70102	0.01920	0.02878	0.01535	0.05705	0.02086	0.01398	0.02086	0.01189	0.01408	0.00842	0.00622	0.00633	0.00209	0.00980	0.00500	0.00281	0.00969
25	0.09080	0.01920	0.18893	0.06482	0.14299	0.01467	0.20514	0.02037	0.03142	0.03826	0.01289	0.01599	0.00987	0.00705	0.02489	0.00220	0.00878	0.00582	0.00350	0.09240
26	0.01340	0.00999	0.01334	0.01372	0.06484	0.04757	0.04785	0.05241	0.01458	0.09533	0.02642	0.37944	0.02800	0.02096	0.13578	0.00382	0.00773	0.01238	0.00540	0.00707
27	0.00802	0.00573	0.00764	0.00917	0.00955	0.00535	0.00611	0.00917	0.01260	0.01681	0.03628	0.76434	0.04354	0.02062	0.00840	0.00267	0.00382	0.01872	0.00611	0.00535
28	0.01401	0.01235	0.01949	0.01692	0.05372	0.01363	0.14393	0.11796	0.01491	0.02093	0.01586	0.06193	0.01435	0.02436	0.29020	0.00546	0.12122	0.00735	0.00399	0.02742
29	0.01686	0.24278	0.11884	0.04468	0.01893	0.11534	0.01245	0.06785	0.05922	0.05729	0.01772	0.16609	0.01690	0.00945	0.00613	0.00195	0.00731	0.00756	0.00435	0.00830
30	0.01906	0.04008	0.08944	0.05943	0.03926	0.10938	0.12350	0.13130	0.07414	0.12003	0.05341	0.06223	0.01600	0.00811	0.00673	0.00204	0.00795	0.00705	0.00506	0.02578

[dist]
# distance from previous block
# <min> <max>
2	6

[block]
# block no. 1 follows, 33 sequences, length 45
# corresponding to MSA columns:
# 37-81
name=unknown_B
#
# <colnr> <probs for GDERKNQSTAVLIFYWHMCP>
#	G	D	E	R	K	N	Q	S	T	A	V	L	I	F	Y	W	H	M	C	P
0	0.01629	0.51684	0.22540	0.01389	0.02059	0.02243	0.03498	0.02070	0.04288	0.01762	0.01074	0.01227	0.00895	0.00594	0.00499	0.00165	0.00782	0.00418	0.00298	0.00889
1	0.01823	0.01411	0.01568	0.01376	0.07032	0.06426	0.00997	0.14460	0.05834	0.10766	0.04532	0.01946	0.01459	0.06396	0.00797	0.00193	0.00617	0.00572	0.00511	0.31284
2	0.08529	0.10371	0.05619	0.01883	0.13965	0.04532	0.03283	0.29453	0.10873	0.02993	0.01484	0.01579	0.01127	0.00710	0.00611	0.00195	0.00729	0.00558	0.00501	0.01006
3	0.00892	0.00694	0.00814	0.00780	0.00969	0.00627	0.00586	0.01194	0.03889	0.02300	0.44030	0.05406	0.32504	0.01460	0.00774	0.00214	0.00326	0.01256	0.00678	0.00608
4	0.00992	0.00702	0.00834	0.00810	0.00822	0.00747	0.00502	0.01025	0.01008	0.01374	0.05371	0.04066	0.02439	0.65196	0.05439	0.00605	0.06292	0.00932	0.00405	0.00440
5	0.00802	0.00573	0.00764	0.00917	0.00955	0.00535	0.00611	0.00917	0.01260	0.01681	0.03628	0.76434	0.04354	0.02062	0.00840	0.00267	0.00382	0.01872	0.00611	0.00535
6	0.02248	0.02761	0.02010	0.01755	0.02087	0.57640	0.06621	0.04388	0.01773	0.01717	0.01071	0.01315	0.00897	0.00862	0.03320	0.00216	0.07723	0.00479	0.00344	0.00773
7	0.18583	0.01241	0.01427	0.01059	0.01609	0.01077	0.04390	0.03524	0.01367	0.02368	0.01135	0.01329	0.00924	0.00525	0.00490	0.00129	0.00531	0.00408	0.00398	0.57486
8	0.01703	0.01480	0.01472	0.01298	0.01648	0.07547	0.01010	0.14249	0.40519	0.02808	0.11435	0.05621	0.04352	0.00985	0.00685	0.00214	0.00573	0.00813	0.00643	0.00944
9	0.00886	0.00728	0.00869	0.00908	0.03949	0.00668	0.00640	0.01103	0.01583	0.02049	0.26471	0.09202	0.42881	0.01525	0.00824	0.00221	0.02978	0.01291	0.00623	0.00601
10	0.01760	0.77260	0.03450	0.01126	0.01690	0.02605	0.01126	0.01971	0.01338	0.01549	0.00915	0.01056	0.00845	0.00563	0.00422	0.00141	0.00704	0.00352	0.00282	0.00845
11	0.05726	0.01332	0.02194	0.30734	0.32571	0.01438	0.03963	0.01929	0.01429	0.07103	0.01396	0.04817	0.01141	0.00692	0.00654	0.00210	0.00782	0.00639	0.00365	0.00886
12	0.05225	0.06249	0.01034	0.03826	0.01181	0.00837	0.00672	0.02573	0.01508	0.04009	0.14603	0.16192	0.35220	0.03009	0.00785	0.00228	0.00416	0.01230	0.00583	0.00622
13	0.12308	0.01848	0.01798	0.01428	0.01915	0.09007	0.01164	0.49376	0.05442	0.07030	0.01536	0.01546	0.01103	0.00762	0.00622	0.00197	0.00727	0.00556	0.00604	0.01031
14	0.01545	0.01505	0.02645	0.18154	0.52713	0.01553	0.08309	0.01961	0.01468	0.02053	0.01233	0.01668	0.01006	0.00598	0.00665	0.00203	0.00832	0.00604	0.00320	0.00966
15	0.01683	0.01437	0.01514	0.01349	0.01729	0.01659	0.01053	0.07013	0.67980	0.02827	0.02622	0.02410	0.01963	0.00888	0.00669	0.00222	0.00532	0.00736	0.00669	0.01046
16	0.01236	0.00749	0.00987	0.00918	0.01128	0.00686	0.00721	0.01531	0.01805	0.12850	0.50346	0.04908	0.08537	0.01343	0.00776	0.00219	0.00385	0.09469	0.00718	0.00689
17	0.02487	0.01805	0.01944	0.01497	0.02018	0.01992	0.01235	0.66040	0.05420	0.06363	0.01652	0.01632	0.01167	0.00795	0.00659	0.00199	0.00712	0.00600	0.00664	0.01117
18	0.00942	0.00700	0.01029	0.01029	0.01136	0.00807	0.00787	0.01157	0.01049	0.01507	0.01790	0.02734	0.01710	0.11103	0.68177	0.01022	0.01667	0.00727	0.00357	0.00572
19	0.02081	0.01603	0.10508	0.01370	0.01863	0.01444	0.01218	0.17509	0.21693	0.22408	0.02142	0.02087	0.01529	0.01218	0.07971	0.00293	0.00755	0.00653	0.00627	0.01027
20	0.01365	0.01170	0.01365	0.00975	0.01560	0.00878	0.00780	0.01658	0.01365	0.02145	0.01170	0.01365	0.00975	0.00488	0.00488	0.00098	0.00488	0.00390	0.00390	0.80888
21	0.01243	0.01170	0.01975	0.75282	0.04534	0.01463	0.01828	0.01682	0.01316	0.01682	0.01170	0.01755	0.00878	0.00658	0.00658	0.00219	0.00878	0.00585	0.00293	0.00731
22	0.04959	0.01094	0.01453	0.01145	0.01609	0.00971	0.00934	0.04791	0.01850	0.62446	0.04354	0.07571	0.01900	0.00911	0.00670	0.00208	0.00544	0.00751	0.00782	0.01054
23	0.00816	0.00594	0.00769	0.00881	0.00952	0.00548	0.00602	0.00960	0.01359	0.01809	0.12475	0.60732	0.11206	0.01935	0.00826	0.00255	0.00368	0.01740	0.00625	0.00548
24	0.00806	0.00583	0.00762	0.00896	0.00952	0.00540	0.00604	0.00932	0.01301	0.01726	0.06618	0.68817	0.09019	0.02007	0.00833	0.00262	0.00376	0.01811	0.00616	0.00540
25	0.01144	0.00572	0.00858	0.00858	0.00858	0.00572	0.00572	0.00858	0.00858	0.01144	0.01144	0.02001	0.01144	0.02287	0.02573	0.80846	0.00572	0.00572	0.00286	0.00286
26	0.01661	0.60564	0.19275	0.01296	0.01952	0.02362	0.01422	0.01997	0.01349	0.01670	0.00975	0.01132	0.00842	0.00577	0.00468	0.00156	0.00765	0.00382	0.00281	0.00874
27	0.02917	0.01180	0.01564	0.01199	0.01710	0.01056	0.00991	0.08723	0.01983	0.67558	0.02514	0.02187	0.01588	0.00813	0.00662	0.00203	0.00574	0.00656	0.00802	0.01120
28	0.01500	0.01447	0.02349	0.24936	0.46954	0.03656	0.01873	0.01885	0.01444	0.01973	0.01327	0.05267	0.01148	0.00682	0.00661	0.00205	0.00803	0.00643	0.00330	0.00918
29	0.13297	0.01825	0.01459	0.01313	0.01656	0.24607	0.01009	0.06488	0.19302	0.08497	0.01920	0.10176	0.01627	0.00901	0.00620	0.00203	0.00725	0.00695	0.02833	0.00848
30	0.81514	0.01273	0.00968	0.00866	0.01273	0.01477	0.00713	0.01935	0.01120	0.02954	0.00917	0.01069	0.00713	0.00611	0.00407	0.00204	0.00509	0.00356	0.00407	0.00713
31	0.02053	0.02101	0.01595	0.01405	0.01722	0.34655	0.01062	0.14473	0.09803	0.04336	0.05297	0.02114	0.01577	0.11840	0.02892	0.00274	0.00900	0.00622	0.00477	0.00804
32	0.81514	0.01273	0.00968	0.00866	0.01273	0.01477	0.00713	0.01935	0.01120	0.02954	0.00917	0.01069	0.00713	0.00611	0.00407	0.00204	0.00509	0.00356	0.00407	0.00713
33	0.02617	0.01660	0.01862	0.01427	0.01950	0.01768	0.01179	0.53430	0.02787	0.21716	0.01839	0.01748	0.01249	0.00797	0.00659	0.00199	0.00683	0.00610	0.00698	0.01120
34	0.00802	0.00573	0.00764	0.00917	0.00955	0.00535	0.00611	0.00917	0.01260	0.01681	0.03628	0.76434	0.04354	0.02062	0.00840	0.00267	0.00382	0.01872	0.00611	0.00535
35	0.72138	0.01255	0.01034	0.00902	0.01322	0.01416	0.00743	0.02087	0.01212	0.11339	0.01117	0.01209	0.00822	0.00635	0.00438	0.00204	0.00515	0.00393	0.00456	0.00762
36	0.01497	0.03921	0.01694	0.06917	0.09756	0.01480	0.03390	0.04377	0.40420	0.02460	0.06590	0.08455	0.04258	0.00961	0.00685	0.00219	0.00577	0.00836	0.00577	0.00930
37	0.01059	0.00870	0.01253	0.03302	0.01340	0.01078	0.00937	0.01254	0.01043	0.01516	0.01588	0.02511	0.01540	0.12170	0.48519	0.00820	0.17558	0.00703	0.00342	0.00599
38	0.01535	0.01910	0.09630	0.02701	0.03392	0.01654	0.64756	0.02107	0.01540	0.02107	0.01319	0.01744	0.00985	0.00561	0.00764	0.00221	0.01099	0.00753	0.00328	0.00895
39	0.00940	0.00705	0.01058	0.01058	0.01176	0.00823	0.00823	0.01176	0.01058	0.01528	0.01763	0.02586	0.01646	0.04937	0.74255	0.01058	0.01763	0.00705	0.00353	0.00588
40	0.01874	0.05187	0.09448	0.01278	0.01695	0.03233	0.01130	0.21105	0.04041	0.14138	0.11170	0.02493	0.06403	0.03131	0.00956	0.06017	0.04539	0.00717	0.00569	0.00878
41	0.06052	0.05626	0.13551	0.01634	0.02223	0.05688	0.13065	0.15654	0.05510	0.10050	0.01468	0.01593	0.01079	0.00675	0.00665	0.00191	0.02823	0.00562	0.00465	0.11428
42	0.08635	0.15916	0.15534	0.01518	0.02097	0.01835	0.08233	0.16114	0.16583	0.02612	0.01682	0.01747	0.03237	0.00726	0.00605	0.00198	0.00732	0.00582	0.00465	0.00950
43	0.08198	0.06599	0.09433	0.05096	0.05675	0.09852	0.06254	0.05892	0.15643	0.08582	0.01559	0.01680	0.01182	0.00736	0.00738	0.00203	0.06874	0.00566	0.00455	0.04780
44	0.01673	0.54207	0.07750	0.01416	0.01975	0.04293	0.10465	0.01967	0.01399	0.01714	0.04443	0.01376	0.01125	0.00626	0.00562	0.00165	0.03225	0.00467	0.00311	0.00842

[dist]
# distance from previous block
# <min> <max>
8	24

[block]
# block no. 2 follows, 33 sequences, length 26
# corresponding to MSA columns:
# 106-131
name=unknown_C
#
# <colnr> <probs for GDERKNQSTAVLIFYWHMCP>
#	G	D	E	R	K	N	Q	S	T	A	V	L	I	F	Y	W	H	M	C	P
0	0.01632	0.08571	0.10990	0.03462	0.01870	0.05656	0.07324	0.08150	0.01613	0.11127	0.07656	0.09287	0.01965	0.09071	0.03722	0.00276	0.00749	0.00774	0.00482	0.05624
1	0.04375	0.10638	0.09662	0.01882	0.16505	0.08535	0.01367	0.09834	0.07224	0.06475	0.03727	0.06978	0.01475	0.00778	0.00614	0.00188	0.00715	0.00635	0.00451	0.07943
2	0.19006	0.13371	0.06495	0.04102	0.01998	0.15619	0.05952	0.08600	0.07675	0.06915	0.01311	0.01438	0.01006	0.00687	0.00613	0.00194	0.03232	0.00496	0.00426	0.00864
3	0.09163	0.04153	0.05310	0.01407	0.01795	0.05348	0.08614	0.11632	0.04113	0.11239	0.14785	0.02493	0.06251	0.00929	0.00843	0.00213	0.09594	0.00736	0.00535	0.00845
4	0.01701	0.06465	0.20097	0.01961	0.04667	0.13214	0.17988	0.05858	0.10542	0.02154	0.01372	0.01587	0.01054	0.00680	0.00735	0.00203	0.05136	0.00582	0.00377	0.03628
5	0.00937	0.00714	0.00933	0.03033	0.03129	0.00679	0.00705	0.01238	0.03754	0.02253	0.40002	0.21088	0.13686	0.01511	0.00786	0.00226	0.00376	0.03674	0.00655	0.00621
6	0.00857	0.00678	0.00776	0.00774	0.00967	0.00597	0.00595	0.01084	0.01623	0.02083	0.28187	0.05971	0.43804	0.01575	0.00790	0.00225	0.00352	0.07832	0.00648	0.00582
7	0.01351	0.01283	0.02216	0.04130	0.11168	0.01331	0.21858	0.01835	0.08221	0.02026	0.06410	0.05654	0.04238	0.05521	0.01108	0.02425	0.08381	0.09625	0.00440	0.00780
8	0.01637	0.01414	0.01489	0.01340	0.01712	0.01637	0.01042	0.03498	0.71568	0.02754	0.02679	0.02456	0.02010	0.00893	0.00670	0.00223	0.00521	0.00744	0.00670	0.01042
9	0.04532	0.01520	0.04749	0.04911	0.02106	0.01802	0.10737	0.06058	0.01312	0.05968	0.01196	0.01764	0.01046	0.00995	0.01564	0.00260	0.45165	0.03158	0.00363	0.00795
10	0.01647	0.05928	0.04897	0.04127	0.05393	0.05766	0.05762	0.06844	0.01567	0.06234	0.01271	0.01457	0.01002	0.00566	0.00552	0.00140	0.00656	0.00467	0.00409	0.45314
11	0.01344	0.01201	0.01951	0.52118	0.14086	0.01390	0.01693	0.01802	0.03709	0.03754	0.04581	0.02064	0.01289	0.00718	0.00664	0.00213	0.00795	0.02547	0.00356	0.03724
12	0.00798	0.00664	0.00698	0.00698	0.00904	0.00563	0.00520	0.00981	0.01536	0.01882	0.14738	0.09143	0.61324	0.01644	0.00781	0.00222	0.00333	0.01385	0.00625	0.00563
13	0.01505	0.01576	0.08709	0.09896	0.04884	0.05785	0.05839	0.01929	0.03971	0.04562	0.01280	0.01509	0.01007	0.00567	0.00566	0.00147	0.00681	0.00480	0.00383	0.44725
14	0.01506	0.01466	0.02579	0.25382	0.45507	0.01543	0.08565	0.01927	0.01449	0.02005	0.01227	0.01681	0.00989	0.00605	0.00666	0.00205	0.00843	0.00604	0.00317	0.00934
15	0.02549	0.01769	0.01929	0.01479	0.02004	0.01930	0.01222	0.63563	0.02969	0.11326	0.01686	0.01649	0.01173	0.00793	0.00659	0.00198	0.00707	0.00600	0.00675	0.01120
16	0.01521	0.08009	0.42069	0.01927	0.09748	0.01519	0.05709	0.04587	0.01499	0.06164	0.01438	0.01616	0.03116	0.00650	0.00618	0.00193	0.00847	0.00536	0.00351	0.07885
17	0.00941	0.00702	0.01043	0.01043	0.01155	0.00815	0.00804	0.01166	0.01054	0.01517	0.01777	0.02662	0.01679	0.08115	0.71123	0.01039	0.01714	0.00716	0.00355	0.00579
18	0.01554	0.01776	0.03885	0.02775	0.03441	0.01665	0.70366	0.02109	0.01554	0.02109	0.01332	0.01776	0.00999	0.00555	0.00777	0.00222	0.01110	0.00777	0.00333	0.00888
19	0.01621	0.04888	0.06393	0.07426	0.06905	0.03843	0.03032	0.13613	0.12978	0.06960	0.06564	0.12095	0.06674	0.01039	0.00694	0.00216	0.00641	0.02994	0.00549	0.00872
20	0.02938	0.01146	0.01544	0.01184	0.01693	0.01006	0.00978	0.05613	0.01927	0.70747	0.02561	0.02217	0.01611	0.00814	0.00662	0.00203	0.00566	0.00660	0.00809	0.01120
21	0.00800	0.00583	0.00754	0.00890	0.00948	0.00537	0.00599	0.00920	0.01286	0.01691	0.03949	0.69033	0.11548	0.02021	0.00834	0.00263	0.00377	0.01821	0.00611	0.00537
22	0.01760	0.77260	0.03450	0.01126	0.01690	0.02605	0.01126	0.01971	0.01338	0.01549	0.00915	0.01056	0.00845	0.00563	0.00422	0.00141	0.00704	0.00352	0.00282	0.00845
23	0.02195	0.01596	0.01996	0.06316	0.04554	0.06573	0.09383	0.26130	0.07942	0.18244	0.01868	0.04222	0.01400	0.03578	0.00774	0.00222	0.00747	0.00683	0.00587	0.00989
24	0.48012	0.01802	0.01354	0.01173	0.01586	0.18998	0.00937	0.12517	0.01623	0.05131	0.01097	0.01214	0.00837	0.00661	0.00498	0.00195	0.00706	0.00418	0.00442	0.00800
25	0.11814	0.01642	0.15287	0.01327	0.04001	0.03440	0.01196	0.10234	0.05452	0.13853	0.08146	0.07990	0.08078	0.00944	0.00647	0.00207	0.00620	0.00766	0.00546	0.03807

[dist]
# distance from previous block
# <min> <max>
0	2

[block]
# block no. 3 follows, 33 sequences, length 39
# corresponding to MSA columns:
# 134-172
name=unknown_D
#
# <colnr> <probs for GDERKNQSTAVLIFYWHMCP>
#	G	D	E	R	K	N	Q	S	T	A	V	L	I	F	Y	W	H	M	C	P
0	0.05178	0.01530	0.13433	0.04064	0.03476	0.01133	0.03518	0.02062	0.05861	0.13323	0.08052	0.02062	0.03656	0.00731	0.00641	0.00174	0.02466	0.00600	0.00483	0.27558
1	0.00911	0.00736	0.02615	0.00929	0.01077	0.00619	0.00672	0.01090	0.01355	0.01877	0.13110	0.52407	0.04038	0.03916	0.00854	0.00246	0.00407	0.01520	0.00584	0.11038
2	0.01365	0.01170	0.01365	0.00975	0.01560	0.00878	0.00780	0.01658	0.01365	0.02145	0.01170	0.01365	0.00975	0.00488	0.00488	0.00098	0.00488	0.00390	0.00390	0.80888
3	0.01608	0.03769	0.14367	0.12004	0.23564	0.01410	0.04227	0.05428	0.04021	0.09138	0.05035	0.02071	0.04812	0.00732	0.00651	0.00200	0.00741	0.00644	0.01920	0.03656
4	0.00801	0.00579	0.00758	0.00902	0.00951	0.00536	0.00604	0.00918	0.01275	0.01686	0.03813	0.72181	0.08488	0.02039	0.00836	0.00265	0.00379	0.01842	0.00611	0.00536
5	0.06053	0.08406	0.05334	0.01472	0.01901	0.27023	0.01209	0.12053	0.25234	0.02424	0.01644	0.01658	0.01266	0.00750	0.00606	0.00193	0.00817	0.00548	0.00489	0.00919
6	0.01710	0.21281	0.02257	0.12053	0.14245	0.06167	0.01306	0.05126	0.05437	0.07657	0.01778	0.01935	0.07075	0.00740	0.00631	0.00183	0.02725	0.00583	0.00411	0.06699
7	0.01942	0.09077	0.25964	0.01788	0.07085	0.07807	0.03702	0.16995	0.03892	0.10787	0.01437	0.01544	0.01045	0.00703	0.00676	0.00199	0.03385	0.00539	0.00445	0.00988
8	0.08510	0.04849	0.01632	0.01403	0.01754	0.40508	0.01085	0.04722	0.06600	0.08623	0.01927	0.04264	0.07161	0.00866	0.00621	0.00191	0.00879	0.03144	0.00462	0.00797
9	0.02123	0.01337	0.01526	0.01292	0.01718	0.01433	0.01028	0.06774	0.44738	0.26471	0.02597	0.02340	0.01837	0.00862	0.00667	0.00215	0.00544	0.00709	0.00718	0.01072
10	0.01515	0.01487	0.02365	0.26084	0.41797	0.05298	0.04172	0.01911	0.01480	0.01998	0.04663	0.01810	0.01230	0.00650	0.00661	0.00203	0.00822	0.00613	0.00336	0.00905
11	0.00941	0.00702	0.01042	0.01042	0.01153	0.00814	0.00802	0.01165	0.01053	0.01516	0.01778	0.02670	0.01682	0.08428	0.70814	0.01038	0.01709	0.00718	0.00355	0.00579
12	0.01144	0.00572	0.00858	0.00858	0.00858	0.00572	0.00572	0.00858	0.00858	0.01144	0.01144	0.02001	0.01144	0.02287	0.02573	0.80846	0.00572	0.00572	0.00286	0.00286
13	0.02503	0.01844	0.01976	0.01515	0.02042	0.02042	0.01251	0.70562	0.03095	0.04149	0.01581	0.01581	0.01120	0.00790	0.00659	0.00198	0.00724	0.00593	0.00659	0.01120
14	0.01814	0.73838	0.03363	0.01128	0.01689	0.02531	0.01119	0.02027	0.01362	0.04769	0.00991	0.01109	0.00880	0.00575	0.00433	0.00144	0.00698	0.00366	0.00306	0.00857
15	0.00940	0.00705	0.01058	0.01058	0.01176	0.00823	0.00823	0.01176	0.01058	0.01528	0.01763	0.02586	0.01646	0.04937	0.74255	0.01058	0.01763	0.00705	0.00353	0.00588
16	0.08803	0.01798	0.01714	0.01380	0.01841	0.13083	0.01115	0.36618	0.04994	0.15716	0.01687	0.01670	0.01195	0.00765	0.00620	0.00194	0.00723	0.00566	0.04514	0.01003
17	0.01518	0.01454	0.02455	0.22684	0.51221	0.01560	0.01941	0.01909	0.01426	0.01999	0.01202	0.01653	0.00990	0.00634	0.00729	0.00206	0.04573	0.00586	0.00315	0.00945
18	0.00844	0.00603	0.00812	0.00965	0.01022	0.00571	0.00685	0.00990	0.01302	0.01728	0.03605	0.65139	0.04262	0.02023	0.00852	0.00273	0.00419	0.12749	0.00610	0.00546
19	0.00811	0.00668	0.00712	0.00701	0.00909	0.00570	0.00526	0.01008	0.01577	0.01961	0.20571	0.06036	0.58475	0.01599	0.00778	0.00219	0.00329	0.01347	0.00635	0.00570
20	0.00943	0.00694	0.00999	0.00999	0.01096	0.00791	0.00749	0.01138	0.01041	0.01485	0.01817	0.02885	0.01776	0.17428	0.61942	0.00985	0.01568	0.00749	0.00361	0.00555
21	0.33903	0.08758	0.04334	0.01389	0.01875	0.08057	0.10455	0.11692	0.01585	0.05102	0.01152	0.01322	0.00885	0.00648	0.00582	0.00195	0.02942	0.00475	0.00420	0.04228
22	0.01659	0.01286	0.01640	0.01205	0.01760	0.01103	0.06419	0.09915	0.03914	0.09015	0.01438	0.01620	0.01127	0.02631	0.00630	0.00148	0.00577	0.00497	0.00466	0.52949
23	0.04640	0.07604	0.01970	0.03408	0.11255	0.01762	0.01250	0.33352	0.11748	0.06506	0.01732	0.04351	0.01358	0.01033	0.04843	0.00249	0.00739	0.00640	0.00558	0.01004
24	0.02444	0.02078	0.01926	0.01541	0.02021	0.16446	0.01243	0.53152	0.06761	0.03562	0.01531	0.01552	0.01116	0.00774	0.00646	0.00193	0.00805	0.00568	0.00595	0.01044
25	0.00921	0.00624	0.00748	0.00783	0.00818	0.00607	0.00487	0.01002	0.01170	0.01601	0.11561	0.23966	0.03396	0.44275	0.02241	0.00466	0.00515	0.01225	0.03121	0.00472
26	0.02272	0.02797	0.02139	0.06140	0.02365	0.57819	0.10307	0.05033	0.01839	0.01775	0.01088	0.01312	0.00879	0.00665	0.00624	0.00180	0.01142	0.00486	0.00348	0.00791
27	0.03647	0.01680	0.10622	0.01277	0.01664	0.09730	0.01109	0.14237	0.16000	0.02423	0.04470	0.05501	0.11280	0.09267	0.00972	0.00260	0.00673	0.03834	0.00532	0.00823
28	0.00802	0.00573	0.00764	0.00917	0.00955	0.00535	0.00611	0.00917	0.01260	0.01681	0.03628	0.76434	0.04354	0.02062	0.00840	0.00267	0.00382	0.01872	0.00611	0.00535
29	0.01806	0.01804	0.05840	0.13867	0.26117	0.12619	0.10502	0.02317	0.07304	0.09212	0.01459	0.01718	0.01110	0.00658	0.00661	0.00202	0.00866	0.00602	0.00399	0.00937
30	0.01884	0.49153	0.02878	0.04925	0.01917	0.16516	0.01221	0.05505	0.01502	0.01701	0.00977	0.01173	0.00862	0.00649	0.00618	0.00165	0.06806	0.00408	0.00313	0.00827
31	0.01144	0.00572	0.00858	0.00858	0.00858	0.00572	0.00572	0.00858	0.00858	0.01144	0.01144	0.02001	0.01144	0.02287	0.02573	0.80846	0.00572	0.00572	0.00286	0.00286
32	0.01164	0.01008	0.01267	0.01203	0.01335	0.06175	0.00947	0.03747	0.01180	0.01632	0.01592	0.02310	0.01474	0.04020	0.57502	0.00869	0.10920	0.00665	0.00354	0.00635
33	0.01440	0.01440	0.02016	0.01728	0.01728	0.02016	0.01440	0.01584	0.01008	0.01584	0.00864	0.01440	0.00864	0.01152	0.02160	0.00288	0.75659	0.00576	0.00288	0.00720
34	0.01870	0.62552	0.03164	0.01319	0.04165	0.14291	0.01181	0.02081	0.01430	0.01580	0.00943	0.01097	0.00852	0.00583	0.00458	0.00147	0.00786	0.00372	0.00293	0.00838
35	0.01349	0.00868	0.01081	0.00946	0.01215	0.00808	0.00730	0.04047	0.06878	0.12620	0.43498	0.06698	0.07502	0.01187	0.00726	0.00201	0.00394	0.01029	0.00694	0.07528
36	0.01792	0.13362	0.30901	0.01726	0.04189	0.04046	0.08392	0.09597	0.04813	0.11002	0.01460	0.01576	0.01058	0.00666	0.00616	0.00196	0.00836	0.00543	0.02259	0.00970
37	0.02087	0.11103	0.12064	0.01791	0.07177	0.29744	0.03495	0.08179	0.03687	0.07698	0.01264	0.01419	0.00983	0.00706	0.00706	0.00190	0.05927	0.00499	0.00394	0.00889
38	0.01469	0.01251	0.01631	0.01171	0.01759	0.00998	0.07386	0.04336	0.01462	0.04173	0.01240	0.01436	0.01001	0.00514	0.00526	0.00116	0.00557	0.00442	0.00406	0.68123

[dist]
# distance from previous block
# <min> <max>
0	1

[block]
# block no. 4 follows, 33 sequences, length 25
# corresponding to MSA columns:
# 174-198
name=unknown_E
#
# <colnr> <probs for GDERKNQSTAVLIFYWHMCP>
#	G	D	E	R	K	N	Q	S	T	A	V	L	I	F	Y	W	H	M	C	P
0	0.02357	0.05256	0.02025	0.01888	0.09426	0.50500	0.01341	0.15414	0.02042	0.02146	0.01144	0.01304	0.00920	0.00686	0.00606	0.00177	0.01041	0.00471	0.00396	0.00863
1	0.01360	0.00893	0.01331	0.04000	0.06603	0.00851	0.05889	0.03877	0.01480	0.13751	0.03033	0.42886	0.05805	0.01488	0.00765	0.00239	0.00518	0.01349	0.03158	0.00725
2	0.01365	0.01170	0.01365	0.00975	0.01560	0.00878	0.00780	0.01658	0.01365	0.02145	0.01170	0.01365	0.00975	0.00488	0.00488	0.00098	0.00488	0.00390	0.00390	0.80888
3	0.01708	0.56233	0.02959	0.01222	0.01695	0.08333	0.03354	0.01930	0.01355	0.01608	0.01060	0.01294	0.00955	0.00988	0.07047	0.00232	0.03320	0.00421	0.03482	0.00803
4	0.00940	0.00645	0.00785	0.00799	0.00824	0.00663	0.00497	0.00994	0.01003	0.01359	0.02154	0.10377	0.02428	0.56870	0.16307	0.00683	0.00825	0.00991	0.00409	0.00446
5	0.01486	0.01897	0.14265	0.06664	0.13199	0.01693	0.30781	0.01955	0.01388	0.01974	0.01184	0.01619	0.00943	0.00706	0.01027	0.00230	0.17151	0.00649	0.00311	0.00879
6	0.11257	0.11859	0.02127	0.03665	0.09877	0.37520	0.04179	0.04831	0.01691	0.05615	0.01136	0.01314	0.00911	0.00651	0.00572	0.00179	0.00944	0.00463	0.00373	0.00835
7	0.00851	0.00639	0.00920	0.00999	0.01066	0.00599	0.04160	0.00980	0.01255	0.01676	0.03409	0.67878	0.04054	0.06905	0.01002	0.00289	0.00436	0.01755	0.00583	0.00544
8	0.25046	0.04107	0.05661	0.06451	0.15811	0.07570	0.03422	0.01916	0.01337	0.02219	0.01192	0.01691	0.01030	0.00724	0.00724	0.00204	0.08343	0.04285	0.00363	0.07903
9	0.01536	0.04690	0.17343	0.06059	0.05851	0.01618	0.31812	0.06667	0.08809	0.02294	0.05546	0.01903	0.01369	0.00672	0.00703	0.00213	0.00909	0.00693	0.00396	0.00918
10	0.01452	0.01292	0.02142	0.33152	0.12657	0.01436	0.10705	0.03861	0.05332	0.05663	0.07511	0.02194	0.03776	0.00778	0.00775	0.00218	0.05122	0.00700	0.00406	0.00827
11	0.01394	0.03501	0.05237	0.28394	0.18613	0.01393	0.09810	0.01793	0.01370	0.04837	0.01430	0.04241	0.01190	0.01353	0.12278	0.00345	0.00994	0.00661	0.00346	0.00820
12	0.00956	0.00644	0.00748	0.00748	0.00759	0.00655	0.00436	0.00977	0.00966	0.01299	0.02047	0.04156	0.02327	0.70493	0.09631	0.00675	0.00738	0.00935	0.00395	0.00416
13	0.01743	0.42316	0.05724	0.01508	0.08053	0.10384	0.02901	0.05772	0.03701	0.01895	0.05153	0.01725	0.05224	0.00707	0.00539	0.00167	0.00742	0.00525	0.00368	0.00853
14	0.01930	0.12624	0.08548	0.07843	0.09320	0.24079	0.04371	0.11792	0.06169	0.02154	0.01352	0.04426	0.01125	0.00726	0.00615	0.00189	0.00894	0.00565	0.00396	0.00882
15	0.01028	0.00811	0.00984	0.00997	0.01090	0.04609	0.00730	0.01190	0.01123	0.01506	0.02073	0.07599	0.02167	0.25569	0.38767	0.00776	0.01220	0.06820	0.00403	0.00540
16	0.04168	0.12326	0.43049	0.01636	0.02403	0.03251	0.04772	0.07064	0.01558	0.07337	0.01581	0.01702	0.04937	0.00699	0.00612	0.00199	0.00850	0.00547	0.00372	0.00938
17	0.01182	0.01102	0.01591	0.01347	0.01639	0.04721	0.15436	0.01648	0.08733	0.02184	0.22725	0.12274	0.15252	0.01268	0.00773	0.00226	0.00579	0.06038	0.00576	0.00706
18	0.81514	0.01273	0.00968	0.00866	0.01273	0.01477	0.00713	0.01935	0.01120	0.02954	0.00917	0.01069	0.00713	0.00611	0.00407	0.00204	0.00509	0.00356	0.00407	0.00713
19	0.01048	0.00896	0.03696	0.03972	0.01360	0.00856	0.03046	0.05538	0.01442	0.01966	0.12877	0.10595	0.15502	0.06664	0.24949	0.00517	0.00913	0.01006	0.02524	0.00634
20	0.01693	0.16916	0.14390	0.01834	0.02396	0.07491	0.22223	0.02140	0.03087	0.07877	0.03832	0.01960	0.01320	0.00739	0.00752	0.00206	0.05724	0.04163	0.00387	0.00871
21	0.01465	0.02925	0.57505	0.01835	0.02699	0.01444	0.07916	0.02143	0.01472	0.08416	0.04984	0.01679	0.01195	0.00673	0.00649	0.00209	0.00914	0.00563	0.00353	0.00961
22	0.00978	0.00631	0.00733	0.00733	0.00733	0.00631	0.00418	0.00947	0.00947	0.01262	0.01973	0.04057	0.02257	0.68750	0.03266	0.09365	0.00631	0.00915	0.00387	0.00387
23	0.04876	0.19874	0.07878	0.07377	0.23522	0.08370	0.01522	0.05681	0.08319	0.02101	0.01451	0.01650	0.03334	0.00673	0.00587	0.00187	0.00768	0.00540	0.00373	0.00918
24	0.05098	0.10615	0.30212	0.01511	0.02151	0.04726	0.01597	0.16247	0.05602	0.06463	0.01604	0.08407	0.01324	0.00812	0.00624	0.00203	0.00779	0.00637	0.00447	0.00941

[dist]
# distance from previous block
# <min> <max>
0	1

[block]
# block no. 5 follows, 33 sequences, length 63
# corresponding to MSA columns:
# 200-262
name=unknown_F
#
# <colnr> <probs for GDERKNQSTAVLIFYWHMCP>
#	G	D	E	R	K	N	Q	S	T	A	V	L	I	F	Y	W	H	M	C	P
0	0.01153	0.00877	0.01309	0.01169	0.01352	0.00978	0.06898	0.04062	0.01288	0.01941	0.05451	0.02485	0.01760	0.03033	0.40002	0.00657	0.06779	0.00704	0.17452	0.00652
1	0.05933	0.01169	0.01553	0.01565	0.10393	0.01183	0.03938	0.16973	0.01840	0.13636	0.04528	0.22228	0.02409	0.01187	0.00717	0.00226	0.00586	0.06328	0.02755	0.00853
2	0.06030	0.15435	0.02321	0.06738	0.02204	0.13930	0.14240	0.04347	0.08015	0.08885	0.03417	0.05100	0.01493	0.00799	0.00639	0.00201	0.00806	0.04107	0.00448	0.00846
3	0.01642	0.52087	0.19847	0.04484	0.02159	0.03795	0.04241	0.02005	0.01369	0.01704	0.01007	0.01196	0.00850	0.00584	0.00498	0.00164	0.00801	0.00412	0.00285	0.00870
4	0.00957	0.00638	0.00718	0.00718	0.00718	0.00638	0.00399	0.00957	0.00957	0.01276	0.02074	0.04308	0.02393	0.76864	0.03351	0.00638	0.00638	0.00957	0.00399	0.00399
5	0.00919	0.00634	0.00738	0.00773	0.00805	0.00618	0.00476	0.00968	0.01083	0.01423	0.02799	0.17807	0.08543	0.53596	0.02569	0.00521	0.00565	0.04252	0.00465	0.00446
6	0.01723	0.71032	0.09353	0.01190	0.01787	0.02514	0.01237	0.01981	0.01342	0.01594	0.00938	0.01084	0.00844	0.00568	0.00440	0.00147	0.00727	0.00363	0.00281	0.00856
7	0.22702	0.13563	0.19127	0.01359	0.01918	0.08109	0.04071	0.03861	0.09805	0.02301	0.01626	0.01722	0.05852	0.00721	0.00557	0.00196	0.00730	0.00533	0.00399	0.00846
8	0.06462	0.02585	0.02118	0.01926	0.07599	0.46553	0.08904	0.12139	0.01938	0.02139	0.01144	0.01336	0.00911	0.00670	0.00618	0.00183	0.01046	0.00496	0.00386	0.00846
9	0.00835	0.00587	0.00754	0.00875	0.00905	0.00557	0.00566	0.00925	0.01196	0.01595	0.03299	0.61128	0.03938	0.17936	0.01373	0.00346	0.00436	0.01678	0.00566	0.00506
10	0.01377	0.01353	0.02003	0.25471	0.02634	0.01838	0.01566	0.01616	0.01108	0.01616	0.00963	0.01542	0.00869	0.00993	0.01676	0.00266	0.51520	0.00579	0.00290	0.00724
11	0.01474	0.01083	0.01469	0.07949	0.04423	0.01156	0.04262	0.08429	0.13754	0.08474	0.08320	0.11668	0.06537	0.01523	0.06945	0.07753	0.02563	0.00896	0.00542	0.00778
12	0.01510	0.01857	0.14136	0.02337	0.02974	0.01484	0.47369	0.02051	0.01553	0.05378	0.04538	0.02391	0.01478	0.00728	0.00760	0.00226	0.00984	0.06983	0.00388	0.00875
13	0.00802	0.00573	0.00764	0.00917	0.00955	0.00535	0.00611	0.00917	0.01260	0.01681	0.03628	0.76434	0.04354	0.02062	0.00840	0.00267	0.00382	0.01872	0.00611	0.00535
14	0.01320	0.03405	0.73453	0.01876	0.02849	0.01529	0.02432	0.02085	0.01390	0.02085	0.01181	0.01390	0.00834	0.00625	0.00625	0.00208	0.00973	0.00486	0.00278	0.00973
15	0.01852	0.01844	0.03052	0.02704	0.18338	0.08932	0.35961	0.11245	0.01792	0.05667	0.01372	0.01680	0.01039	0.00618	0.00710	0.00207	0.00969	0.00670	0.00398	0.00951
16	0.01296	0.00634	0.00650	0.00636	0.00803	0.00628	0.00480	0.01600	0.01401	0.05265	0.02165	0.02446	0.01685	0.00769	0.00468	0.00155	0.00317	0.00616	0.77352	0.00634
17	0.01778	0.70221	0.06341	0.01188	0.01757	0.06328	0.01190	0.02011	0.01368	0.01575	0.00932	0.01077	0.00845	0.00572	0.00440	0.00145	0.00741	0.00362	0.00284	0.00846
18	0.11153	0.01520	0.01618	0.01379	0.01786	0.03842	0.03988	0.16056	0.42327	0.02937	0.02119	0.02063	0.01594	0.00977	0.03496	0.00247	0.00652	0.00660	0.00600	0.00986
19	0.00805	0.00579	0.00764	0.00906	0.00954	0.00538	0.00608	0.00927	0.01286	0.01713	0.05801	0.72087	0.06536	0.02029	0.00836	0.00264	0.00378	0.01836	0.00615	0.00538
20	0.01534	0.01912	0.09697	0.02700	0.03391	0.01653	0.64690	0.02107	0.01540	0.02107	0.01319	0.01744	0.00985	0.00561	0.00764	0.00221	0.01098	0.00753	0.00328	0.00895
21	0.78366	0.01267	0.00990	0.00878	0.01289	0.01456	0.00723	0.01986	0.01151	0.05769	0.00984	0.01116	0.00750	0.00619	0.00418	0.00204	0.00511	0.00369	0.00424	0.00729
22	0.00909	0.00635	0.00734	0.00752	0.00800	0.00611	0.00464	0.00976	0.01154	0.01526	0.09377	0.15503	0.11768	0.49238	0.02414	0.00491	0.00531	0.01171	0.00487	0.00459
23	0.02431	0.03095	0.01929	0.01730	0.02079	0.71958	0.03427	0.02613	0.01856	0.01627	0.01027	0.01206	0.00853	0.00675	0.00599	0.00171	0.01185	0.00435	0.00339	0.00767
24	0.00825	0.00609	0.00776	0.00885	0.00972	0.00560	0.00622	0.00977	0.01367	0.01793	0.09617	0.53990	0.16358	0.01921	0.00829	0.00257	0.00383	0.06089	0.00620	0.00550
25	0.00858	0.00660	0.00786	0.00789	0.00956	0.00589	0.00588	0.01084	0.01624	0.02141	0.34232	0.15064	0.32554	0.01588	0.00791	0.00225	0.00340	0.03889	0.00660	0.00583
26	0.01944	0.01516	0.01629	0.01383	0.01803	0.01710	0.01104	0.24184	0.45485	0.06111	0.02359	0.02316	0.01768	0.00884	0.00673	0.00217	0.00588	0.02599	0.00671	0.01057
27	0.01660	0.46080	0.27750	0.01416	0.02119	0.02189	0.01591	0.06950	0.01482	0.01923	0.01056	0.01210	0.00861	0.00601	0.00510	0.00168	0.00799	0.00416	0.00307	0.00909
28	0.00945	0.00702	0.00876	0.00927	0.01053	0.00680	0.00685	0.01256	0.06374	0.02016	0.20778	0.28741	0.11852	0.08056	0.01029	0.00282	0.00426	0.12103	0.00625	0.00594
29	0.05018	0.61091	0.15659	0.01247	0.01876	0.02368	0.01339	0.01990	0.01338	0.01702	0.00962	0.01115	0.00837	0.00576	0.00458	0.00155	0.00743	0.00376	0.00286	0.00862
30	0.02431	0.04674	0.01953	0.01579	0.02017	0.34611	0.01250	0.35551	0.04840	0.02878	0.01344	0.01417	0.01019	0.00737	0.00623	0.00184	0.00926	0.00515	0.00504	0.00948
31	0.50783	0.01278	0.01226	0.01016	0.01464	0.01373	0.00838	0.08419	0.01526	0.24264	0.01483	0.01468	0.01026	0.00689	0.00507	0.00203	0.00544	0.00470	0.00553	0.00872
32	0.01144	0.00572	0.00858	0.00858	0.00858	0.00572	0.00572	0.00858	0.00858	0.01144	0.01144	0.02001	0.01144	0.02287	0.02573	0.80846	0.00572	0.00572	0.00286	0.00286
33	0.75471	0.01317	0.01045	0.00915	0.01332	0.01520	0.00754	0.07184	0.01271	0.03045	0.00967	0.01109	0.00744	0.00625	0.00427	0.00203	0.00526	0.00375	0.00427	0.00744
34	0.77887	0.01299	0.01014	0.00896	0.01308	0.01503	0.00738	0.05085	0.01211	0.03009	0.00947	0.01093	0.00732	0.00619	0.00419	0.00203	0.00519	0.00367	0.00419	0.00732
35	0.00957	0.00639	0.00722	0.00721	0.00725	0.00638	0.00405	0.00965	0.00981	0.01312	0.03891	0.04324	0.02492	0.74914	0.03284	0.00627	0.00630	0.00963	0.00407	0.00405
36	0.02382	0.01665	0.01831	0.01447	0.01934	0.01816	0.01194	0.54090	0.07938	0.10720	0.01896	0.02120	0.01423	0.00872	0.00677	0.00207	0.00685	0.05354	0.00671	0.01078
37	0.02420	0.01658	0.01822	0.01432	0.01929	0.01807	0.01171	0.48569	0.14869	0.14447	0.01928	0.01834	0.01353	0.00812	0.00661	0.00203	0.00664	0.00630	0.00684	0.01106
38	0.05789	0.01547	0.05577	0.03702	0.04210	0.01475	0.03943	0.28295	0.02227	0.31403	0.01922	0.01852	0.01293	0.00764	0.00647	0.00201	0.00673	0.00612	0.02811	0.01058
39	0.00866	0.00619	0.00836	0.00983	0.01051	0.00589	0.00716	0.01030	0.01338	0.01777	0.05696	0.58248	0.04280	0.01984	0.00854	0.00274	0.00432	0.17261	0.00613	0.00554
40	0.00871	0.00675	0.00994	0.01025	0.01130	0.00626	0.05492	0.01046	0.01373	0.01845	0.12964	0.58673	0.07079	0.01844	0.00825	0.00254	0.00421	0.01683	0.00607	0.00572
41	0.01165	0.01500	0.16801	0.04359	0.02019	0.01077	0.14069	0.04432	0.01520	0.02074	0.10000	0.23319	0.09185	0.01246	0.00759	0.00233	0.00675	0.04336	0.00490	0.00740
42	0.01392	0.06319	0.59916	0.01895	0.02760	0.03571	0.07050	0.02070	0.01392	0.02025	0.01160	0.01400	0.00848	0.00647	0.00707	0.00210	0.04908	0.00504	0.00284	0.00943
43	0.00818	0.00590	0.00776	0.00911	0.00969	0.00549	0.00624	0.00952	0.01313	0.01745	0.07226	0.66400	0.08010	0.01996	0.00837	0.00263	0.00385	0.04475	0.00617	0.00543
44	0.01358	0.01287	0.02181	0.54148	0.24773	0.01493	0.01885	0.01782	0.01371	0.01821	0.01190	0.01718	0.00927	0.00637	0.00656	0.00212	0.00849	0.00586	0.00302	0.00824
45	0.01975	0.46077	0.07796	0.01379	0.01892	0.27661	0.01269	0.02210	0.01527	0.01608	0.00970	0.01125	0.00845	0.00608	0.00497	0.00156	0.00892	0.00387	0.00302	0.00825
46	0.01344	0.07292	0.69769	0.01837	0.02788	0.01586	0.02364	0.02079	0.01387	0.02057	0.01167	0.01372	0.00835	0.00622	0.00615	0.00205	0.00959	0.00479	0.00278	0.00966
47	0.00814	0.00592	0.00768	0.00885	0.00952	0.00546	0.00602	0.00955	0.01347	0.01794	0.11382	0.62501	0.10534	0.01950	0.00828	0.00257	0.00370	0.01755	0.00623	0.00546
48	0.01365	0.01170	0.01365	0.00975	0.01560	0.00878	0.00780	0.01658	0.01365	0.02145	0.01170	0.01365	0.00975	0.00488	0.00488	0.00098	0.00488	0.00390	0.00390	0.80888
49	0.01629	0.01564	0.02672	0.04041	0.72757	0.01564	0.02020	0.02020	0.01499	0.02151	0.01238	0.01629	0.01043	0.00587	0.00652	0.00196	0.00782	0.00587	0.00326	0.01043
50	0.01813	0.01350	0.01638	0.01681	0.13535	0.03203	0.01134	0.17380	0.17344	0.10305	0.17480	0.02612	0.02494	0.00900	0.00676	0.00203	0.00575	0.00761	0.03968	0.00950
51	0.01831	0.12790	0.04813	0.01291	0.01720	0.03938	0.01091	0.19488	0.27923	0.04162	0.04145	0.02093	0.01648	0.03754	0.00719	0.00213	0.00622	0.00639	0.06168	0.00954
52	0.00886	0.00669	0.00828	0.00818	0.00958	0.00644	0.00597	0.01087	0.01431	0.01916	0.25125	0.07789	0.24153	0.12822	0.16879	0.00457	0.00677	0.01141	0.00561	0.00560
53	0.00940	0.00664	0.00763	0.00760	0.00797	0.00668	0.00467	0.00982	0.01046	0.01377	0.02698	0.06348	0.11957	0.58848	0.06708	0.00585	0.02505	0.01018	0.00428	0.00442
54	0.07654	0.01558	0.01610	0.01339	0.01771	0.03731	0.01074	0.28244	0.31209	0.08317	0.02072	0.01982	0.01514	0.00818	0.00636	0.00206	0.00609	0.00640	0.03989	0.01028
55	0.01116	0.00587	0.00872	0.00872	0.00883	0.00599	0.00589	0.00893	0.00881	0.01186	0.01241	0.02150	0.01242	0.05508	0.09579	0.69895	0.00690	0.00600	0.00297	0.00320
56	0.65982	0.01425	0.01118	0.00982	0.01394	0.06714	0.00798	0.04767	0.03445	0.06771	0.01096	0.01205	0.00829	0.00643	0.00453	0.00202	0.00570	0.00399	0.00443	0.00765
57	0.00963	0.00668	0.00846	0.00861	0.00885	0.00704	0.00560	0.01003	0.01022	0.01391	0.02184	0.16865	0.02474	0.43515	0.13174	0.06807	0.04165	0.01040	0.00417	0.00457
58	0.02091	0.02536	0.01678	0.01536	0.01801	0.55079	0.01152	0.02252	0.01643	0.01571	0.01190	0.01641	0.01079	0.07892	0.09644	0.00322	0.05330	0.00513	0.00343	0.00708
59	0.01433	0.04952	0.41157	0.02203	0.12806	0.04452	0.11369	0.02021	0.01465	0.02084	0.06172	0.01707	0.01265	0.00679	0.00706	0.00207	0.03484	0.00586	0.00327	0.00926
60	0.01806	0.44380	0.02770	0.06620	0.03490	0.06372	0.03249	0.06603	0.01524	0.05173	0.01117	0.01281	0.00929	0.00594	0.00501	0.00153	0.00724	0.00427	0.00353	0.11935
61	0.01793	0.71287	0.06012	0.01157	0.01733	0.02496	0.01169	0.02027	0.01362	0.04567	0.00996	0.01118	0.00877	0.00576	0.00440	0.00146	0.00708	0.00370	0.00304	0.00861
62	0.01572	0.01152	0.04321	0.01112	0.01503	0.01001	0.00935	0.08072	0.01664	0.13674	0.12768	0.03110	0.05260	0.04037	0.03130	0.00233	0.04017	0.08297	0.00557	0.23584

[dist]
# distance from previous block
# <min> <max>
5	18

[block]
# block no. 6 follows, 33 sequences, length 26
# corresponding to MSA columns:
# 281-306
name=unknown_G
#
# <colnr> <probs for GDERKNQSTAVLIFYWHMCP>
#	G	D	E	R	K	N	Q	S	T	A	V	L	I	F	Y	W	H	M	C	P
0	0.09291	0.05313	0.06339	0.03669	0.04880	0.04793	0.11301	0.06161	0.01461	0.02172	0.01357	0.05455	0.01181	0.01105	0.07970	0.00263	0.03068	0.00590	0.00385	0.23246
1	0.03775	0.05955	0.01905	0.08385	0.06281	0.01344	0.11674	0.08735	0.04917	0.03297	0.02549	0.16775	0.10354	0.01146	0.00820	0.00230	0.05752	0.04848	0.00484	0.00775
2	0.00946	0.00868	0.04769	0.01012	0.01222	0.00721	0.04711	0.01239	0.03626	0.02003	0.16437	0.29254	0.20807	0.01573	0.00781	0.00236	0.00443	0.04865	0.03866	0.00621
3	0.04053	0.01682	0.14548	0.04093	0.13441	0.01440	0.04720	0.13776	0.04048	0.04660	0.04785	0.01908	0.01395	0.00762	0.00741	0.00202	0.06827	0.00611	0.15414	0.00893
4	0.02349	0.02885	0.01947	0.06720	0.02252	0.62750	0.03617	0.06410	0.01888	0.01777	0.01070	0.01268	0.00870	0.00679	0.00608	0.00176	0.01137	0.00456	0.00354	0.00785
