[name]
unknown

[dist]
# distance from previous block
# <min> <max>
43	105

[block]
# block no. 0 follows, 32 sequences, length 44
# corresponding to MSA columns:
# 169-212
name=unknown_A
#
# <colnr> <probs for GDERKNQSTAVLIFYWHMCP>
#	G	D	E	R	K	N	Q	S	T	A	V	L	I	F	Y	W	H	M	C	P
0	0.12046	0.01609	0.01990	0.01532	0.02025	0.01720	0.09363	0.31531	0.05404	0.07527	0.01497	0.01613	0.01108	0.00751	0.00760	0.00201	0.06942	0.00580	0.00543	0.11258
1	0.14716	0.01284	0.01426	0.01101	0.01590	0.01217	0.00891	0.07641	0.03619	0.02448	0.01228	0.01444	0.01009	0.00768	0.03143	0.00180	0.06822	0.00448	0.00423	0.48603
2	0.01109	0.00821	0.01083	0.04209	0.01366	0.00868	0.00865	0.01502	0.08879	0.04747	0.07849	0.29223	0.07709	0.02112	0.10856	0.00373	0.03737	0.11444	0.00581	0.00667
3	0.01315	0.01181	0.01828	0.01442	0.01897	0.01034	0.16056	0.01721	0.03930	0.02176	0.07307	0.07558	0.02203	0.00951	0.00695	0.00191	0.00641	0.13482	0.00477	0.33916
4	0.02174	0.02483	0.02075	0.01704	0.02162	0.42437	0.09925	0.09683	0.01896	0.02093	0.01171	0.01366	0.00939	0.00649	0.00615	0.00168	0.01008	0.00490	0.00390	0.16573
5	0.07564	0.01002	0.01186	0.00964	0.01366	0.00875	0.00765	0.01942	0.03586	0.19375	0.19254	0.03194	0.12424	0.00977	0.00651	0.00182	0.00452	0.00810	0.00625	0.22807
6	0.01368	0.01161	0.01368	0.01012	0.01575	0.00885	0.00816	0.01667	0.01403	0.02173	0.01369	0.01853	0.01208	0.00598	0.00529	0.00115	0.00506	0.05430	0.00414	0.74548
7	0.01446	0.01416	0.02398	0.01728	0.02335	0.01203	0.28492	0.01844	0.01464	0.02153	0.01358	0.04527	0.01141	0.00588	0.00630	0.00157	0.00747	0.00616	0.00383	0.45373
8	0.01669	0.01441	0.01517	0.01365	0.01745	0.01669	0.01062	0.03565	0.71021	0.02807	0.02731	0.02503	0.02048	0.00910	0.00683	0.00228	0.00531	0.00759	0.00683	0.01062
9	0.01391	0.01193	0.01391	0.00994	0.01590	0.00894	0.00795	0.01690	0.01391	0.02186	0.01193	0.01391	0.00994	0.00497	0.00497	0.00099	0.00497	0.00398	0.00398	0.80521
10	0.00976	0.00651	0.00732	0.00732	0.00732	0.00651	0.00407	0.00976	0.00976	0.01301	0.02114	0.04391	0.02439	0.76419	0.03415	0.00651	0.00651	0.00976	0.00407	0.00407
11	0.01794	0.76823	0.03516	0.01148	0.01722	0.02655	0.01148	0.02009	0.01363	0.01579	0.00933	0.01076	0.00861	0.00574	0.00431	0.00144	0.00718	0.00359	0.00287	0.00861
12	0.01479	0.01230	0.01371	0.01204	0.01571	0.01285	0.00928	0.06652	0.35657	0.02505	0.02435	0.14903	0.02148	0.01208	0.04086	0.00244	0.00571	0.00864	0.00592	0.19068
13	0.02470	0.01289	0.01567	0.01260	0.01722	0.01285	0.01021	0.13355	0.18216	0.40601	0.07817	0.02442	0.02030	0.00887	0.00685	0.00212	0.00568	0.00725	0.00765	0.01084
14	0.00959	0.00719	0.01078	0.01078	0.01198	0.00839	0.00839	0.01198	0.01078	0.01558	0.01797	0.02636	0.01677	0.05032	0.73760	0.01078	0.01797	0.00719	0.00359	0.00599
15	0.81159	0.01298	0.00986	0.00882	0.01298	0.01505	0.00727	0.01972	0.01142	0.03010	0.00934	0.01090	0.00727	0.00623	0.00415	0.00208	0.00519	0.00363	0.00415	0.00727
16	0.02356	0.01054	0.01370	0.01102	0.01523	0.00951	0.00891	0.04842	0.05151	0.48056	0.15492	0.03151	0.09005	0.01011	0.00707	0.00211	0.00507	0.00842	0.00783	0.00993
17	0.02091	0.01651	0.01755	0.01451	0.01906	0.01866	0.01164	0.35400	0.38499	0.03488	0.02194	0.02076	0.01614	0.00860	0.00677	0.00215	0.00630	0.00685	0.00677	0.01100
18	0.00818	0.00584	0.00779	0.00934	0.00973	0.00545	0.00623	0.00934	0.01285	0.01713	0.03698	0.75981	0.04438	0.02102	0.00856	0.00273	0.00389	0.01908	0.00623	0.00545
19	0.00818	0.00584	0.00779	0.00934	0.00973	0.00545	0.00623	0.00934	0.01285	0.01713	0.03698	0.75981	0.04438	0.02102	0.00856	0.00273	0.00389	0.01908	0.00623	0.00545
20	0.01391	0.01193	0.01391	0.00994	0.01590	0.00894	0.00795	0.01690	0.01391	0.02186	0.01193	0.01391	0.00994	0.00497	0.00497	0.00099	0.00497	0.00398	0.00398	0.80521
21	0.02551	0.01879	0.02014	0.01544	0.02081	0.02081	0.01275	0.69996	0.03155	0.04229	0.01611	0.01611	0.01141	0.00805	0.00671	0.00201	0.00738	0.00604	0.00671	0.01141
22	0.01468	0.01468	0.02055	0.01762	0.01762	0.02055	0.01468	0.01615	0.01028	0.01615	0.00881	0.01468	0.00881	0.01174	0.02202	0.00294	0.75191	0.00587	0.00294	0.00734
23	0.00848	0.00611	0.00810	0.00959	0.01020	0.00573	0.00673	0.00990	0.01327	0.01753	0.03826	0.64521	0.07526	0.02053	0.00862	0.00275	0.00414	0.09782	0.00622	0.00555
24	0.00818	0.00584	0.00779	0.00934	0.00973	0.00545	0.00623	0.00934	0.01285	0.01713	0.03698	0.75981	0.04438	0.02102	0.00856	0.00273	0.00389	0.01908	0.00623	0.00545
25	0.01022	0.00741	0.01004	0.01128	0.01279	0.00723	0.00954	0.01303	0.01552	0.02024	0.09703	0.12980	0.10163	0.01819	0.00897	0.00290	0.00548	0.50629	0.00629	0.00608
26	0.63851	0.01578	0.01176	0.01044	0.01454	0.10963	0.00841	0.05223	0.04386	0.02878	0.01057	0.01191	0.00821	0.00653	0.00463	0.00204	0.00620	0.00401	0.00429	0.00767
27	0.02551	0.01879	0.02014	0.01544	0.02081	0.02081	0.01275	0.69996	0.03155	0.04229	0.01611	0.01611	0.01141	0.00805	0.00671	0.00201	0.00738	0.00604	0.00671	0.01141
28	0.01391	0.01193	0.01391	0.00994	0.01590	0.00894	0.00795	0.01690	0.01391	0.02186	0.01193	0.01391	0.00994	0.00497	0.00497	0.00099	0.00497	0.00398	0.00398	0.80521
29	0.00977	0.00673	0.00833	0.00840	0.00877	0.00702	0.00544	0.01050	0.01028	0.01397	0.02106	0.04115	0.02322	0.55472	0.20432	0.00738	0.00928	0.04098	0.00405	0.00464
30	0.00881	0.00667	0.00812	0.00810	0.00969	0.00599	0.00595	0.01120	0.01686	0.02266	0.41094	0.17281	0.25591	0.01591	0.00803	0.00226	0.00336	0.01390	0.00685	0.00599
31	0.02588	0.01731	0.01822	0.01431	0.01930	0.07228	0.01168	0.42527	0.05651	0.21649	0.01902	0.01821	0.01312	0.00807	0.00661	0.00201	0.00709	0.00617	0.03151	0.01094
32	0.02076	0.01643	0.01746	0.01448	0.01900	0.01859	0.01160	0.34217	0.39707	0.03463	0.02214	0.02092	0.01630	0.00862	0.00677	0.00215	0.00627	0.00687	0.00677	0.01099
33	0.01405	0.01204	0.01397	0.01012	0.01598	0.00931	0.00808	0.01779	0.04714	0.02216	0.01266	0.01444	0.01044	0.00517	0.00506	0.00106	0.00499	0.00415	0.00411	0.76729
34	0.01922	0.11891	0.02233	0.01746	0.04271	0.34285	0.09594	0.02208	0.03620	0.01776	0.01607	0.06231	0.03734	0.00890	0.00783	0.00204	0.07187	0.04647	0.00384	0.00787
35	0.03377	0.01107	0.01438	0.10192	0.05132	0.01228	0.01136	0.12765	0.06466	0.02337	0.04384	0.20513	0.04821	0.01374	0.00887	0.00253	0.06371	0.14901	0.00554	0.00764
36	0.09970	0.01460	0.01739	0.01505	0.06060	0.07366	0.08305	0.08007	0.04673	0.02253	0.01539	0.02061	0.03014	0.12114	0.01132	0.00252	0.05995	0.00613	0.00422	0.21520
37	0.12628	0.01430	0.02214	0.05189	0.02281	0.02996	0.24180	0.05539	0.06045	0.02337	0.06270	0.02083	0.01518	0.05548	0.04291	0.00272	0.02963	0.00683	0.00427	0.11107
38	0.19782	0.04883	0.01661	0.04559	0.01812	0.01340	0.07674	0.09538	0.04008	0.04630	0.04581	0.05403	0.04440	0.03139	0.00676	0.00199	0.00609	0.00646	0.00474	0.19945
39	0.07001	0.01530	0.02034	0.04937	0.02138	0.07428	0.14416	0.12000	0.01668	0.02356	0.04385	0.02032	0.01390	0.01241	0.08630	0.00298	0.09375	0.03312	0.00427	0.13402
40	0.01758	0.01733	0.02001	0.04842	0.02057	0.15816	0.11497	0.13529	0.03894	0.02134	0.01448	0.02105	0.01293	0.13696	0.06239	0.00350	0.13744	0.00670	0.00411	0.00786
41	0.11333	0.01546	0.02099	0.01650	0.02068	0.07607	0.17658	0.05694	0.03979	0.10444	0.01719	0.03567	0.04273	0.01007	0.04213	0.00254	0.11384	0.00668	0.00455	0.08384
42	0.06953	0.04959	0.02053	0.07634	0.02188	0.01445	0.11375	0.08872	0.01666	0.20713	0.01751	0.01894	0.03194	0.00876	0.02668	0.00226	0.09018	0.00620	0.00510	0.11383
43	0.07910	0.01320	0.02029	0.09420	0.02288	0.01394	0.18269	0.10897	0.06594	0.04736	0.02149	0.06071	0.06969	0.05340	0.07022	0.00322	0.03035	0.02944	0.00475	0.00814

[dist]
# distance from previous block
# <min> <max>
25	111

[block]
# block no. 1 follows, 32 sequences, length 17
# corresponding to MSA columns:
# 378-394
name=unknown_B
#
# <colnr> <probs for GDERKNQSTAVLIFYWHMCP>
#	G	D	E	R	K	N	Q	S	T	A	V	L	I	F	Y	W	H	M	C	P
0	0.01729	0.11025	0.21335	0.01765	0.09200	0.06922	0.01563	0.14377	0.11585	0.02570	0.09743	0.01995	0.01737	0.00784	0.00644	0.00200	0.00766	0.00626	0.00472	0.00962
1	0.07745	0.01490	0.09060	0.02257	0.26426	0.01320	0.03998	0.06126	0.05971	0.02262	0.02272	0.11376	0.08257	0.05791	0.00866	0.00247	0.00681	0.02539	0.00452	0.00866
2	0.01458	0.10564	0.04556	0.03321	0.04201	0.08861	0.01041	0.09681	0.06425	0.02182	0.08098	0.29838	0.02845	0.01312	0.00720	0.00224	0.00620	0.02750	0.00538	0.00766
3	0.01372	0.01128	0.01402	0.19462	0.02082	0.03986	0.01052	0.12563	0.01514	0.01986	0.01941	0.14839	0.02009	0.24925	0.01669	0.00366	0.05656	0.00928	0.00449	0.00670
4	0.05453	0.04792	0.13075	0.04888	0.10509	0.03137	0.19654	0.14576	0.03684	0.05452	0.01704	0.04669	0.03812	0.00755	0.00687	0.00212	0.00851	0.00700	0.00442	0.00948
5	0.01442	0.07590	0.26028	0.07289	0.07680	0.01500	0.05706	0.08790	0.06375	0.02249	0.02316	0.06646	0.11734	0.00906	0.00678	0.00214	0.00769	0.00766	0.00428	0.00894
6	0.01619	0.01182	0.01473	0.01220	0.05710	0.00941	0.00914	0.01918	0.01485	0.12248	0.01555	0.01929	0.01276	0.00637	0.00560	0.00134	0.00533	0.04746	0.00470	0.59452
7	0.00952	0.00676	0.00846	0.00847	0.00931	0.00697	0.00583	0.01087	0.01161	0.01594	0.07083	0.05982	0.10972	0.34240	0.25717	0.00681	0.00946	0.00973	0.03518	0.00516
8	0.01567	0.01934	0.17592	0.10149	0.05403	0.06468	0.10502	0.12376	0.01789	0.02417	0.10707	0.02407	0.05304	0.00860	0.00765	0.00215	0.04151	0.02068	0.02457	0.00867
9	0.00853	0.00664	0.00749	0.00773	0.00928	0.00590	0.00555	0.01019	0.01474	0.01865	0.14771	0.17726	0.40256	0.10849	0.01129	0.00287	0.00393	0.03951	0.00613	0.00555
10	0.02095	0.01904	0.01929	0.06277	0.02151	0.19228	0.05250	0.17681	0.11665	0.08807	0.03952	0.01998	0.01447	0.00866	0.00855	0.00216	0.09558	0.02678	0.00521	0.00922
11	0.00964	0.00696	0.00965	0.00965	0.01045	0.00777	0.00697	0.01125	0.01045	0.01473	0.01901	0.03212	0.01927	0.28449	0.50685	0.00938	0.01421	0.00803	0.00375	0.00536
12	0.01570	0.01622	0.09206	0.11452	0.30755	0.01498	0.04531	0.10269	0.06314	0.02373	0.03584	0.10516	0.01633	0.00853	0.00696	0.00216	0.00756	0.00777	0.00433	0.00948
13	0.00917	0.00743	0.00840	0.00792	0.01036	0.00631	0.00605	0.01144	0.01599	0.02082	0.22109	0.07603	0.41985	0.01496	0.00766	0.00213	0.00367	0.04483	0.00625	0.09963
14	0.01075	0.00649	0.00870	0.00965	0.01060	0.00597	0.00665	0.01208	0.01359	0.10039	0.03575	0.67337	0.04112	0.01953	0.00835	0.00265	0.00411	0.01763	0.00647	0.00615
15	0.01324	0.01121	0.01319	0.00987	0.01518	0.00853	0.00775	0.01601	0.01379	0.02131	0.01487	0.10140	0.01398	0.00685	0.00539	0.00120	0.00484	0.00575	0.00424	0.71140
16	0.01664	0.01460	0.02151	0.10182	0.35447	0.01461	0.01574	0.07252	0.08924	0.04173	0.01456	0.01717	0.01155	0.00638	0.00631	0.00184	0.00704	0.00574	0.00418	0.18235

[dist]
# distance from previous block
# <min> <max>
0	2

[block]
# block no. 2 follows, 32 sequences, length 16
# corresponding to MSA columns:
# 397-412
name=unknown_C
#
# <colnr> <probs for GDERKNQSTAVLIFYWHMCP>
#	G	D	E	R	K	N	Q	S	T	A	V	L	I	F	Y	W	H	M	C	P
0	0.67905	0.01279	0.01027	0.00924	0.01325	0.01470	0.00751	0.02091	0.08843	0.02921	0.01461	0.01547	0.04877	0.00715	0.00466	0.00211	0.00510	0.00466	0.00456	0.00755
1	0.01907	0.51111	0.03041	0.01620	0.10216	0.15803	0.01281	0.02201	0.04191	0.01712	0.01062	0.01227	0.00932	0.00612	0.00501	0.00159	0.00812	0.00417	0.00319	0.00877
2	0.01794	0.76823	0.03516	0.01148	0.01722	0.02655	0.01148	0.02009	0.01363	0.01579	0.00933	0.01076	0.00861	0.00574	0.00431	0.00144	0.00718	0.00359	0.00287	0.00861
3	0.01685	0.02422	0.40732	0.01587	0.02305	0.01371	0.01785	0.02484	0.12447	0.16313	0.05329	0.05270	0.01630	0.00820	0.00669	0.00216	0.00775	0.00671	0.00493	0.00995
4	0.01136	0.00858	0.01170	0.01110	0.01243	0.00996	0.00852	0.07421	0.01248	0.01765	0.01773	0.02733	0.01694	0.14975	0.52488	0.00889	0.05892	0.00739	0.00391	0.00628
5	0.01269	0.01170	0.01933	0.60275	0.07038	0.01430	0.01764	0.01687	0.01362	0.01766	0.01466	0.02462	0.01256	0.00828	0.00758	0.00235	0.03601	0.08618	0.00338	0.00743
6	0.01737	0.01475	0.01555	0.01379	0.01771	0.01701	0.01078	0.08669	0.65807	0.02916	0.02645	0.02435	0.01979	0.00902	0.00682	0.00226	0.00547	0.00747	0.00682	0.01068
7	0.01284	0.01193	0.01931	0.65081	0.04222	0.01412	0.01723	0.01711	0.01348	0.01777	0.01193	0.01737	0.00908	0.00648	0.00648	0.00207	0.00842	0.00570	0.00311	0.11256
8	0.02551	0.01879	0.02014	0.01544	0.02081	0.02081	0.01275	0.69996	0.03155	0.04229	0.01611	0.01611	0.01141	0.00805	0.00671	0.00201	0.00738	0.00604	0.00671	0.01141
9	0.00818	0.00584	0.00779	0.00934	0.00973	0.00545	0.00623	0.00934	0.01285	0.01713	0.03698	0.75981	0.04438	0.02102	0.00856	0.00273	0.00389	0.01908	0.00623	0.00545
10	0.00818	0.00584	0.00779	0.00934	0.00973	0.00545	0.00623	0.00934	0.01285	0.01713	0.03698	0.75981	0.04438	0.02102	0.00856	0.00273	0.00389	0.01908	0.00623	0.00545
11	0.00922	0.00639	0.00736	0.00770	0.00802	0.00619	0.00464	0.00965	0.01101	0.01444	0.02952	0.20062	0.10237	0.52461	0.02585	0.00524	0.00561	0.01224	0.00476	0.00453
12	0.05294	0.07053	0.37887	0.01654	0.02397	0.01771	0.01825	0.19888	0.10948	0.02766	0.01481	0.01574	0.01077	0.00712	0.00630	0.00207	0.00828	0.00544	0.00442	0.01020
13	0.02433	0.03068	0.01939	0.01820	0.04700	0.68111	0.01332	0.02613	0.01852	0.01662	0.01039	0.01237	0.00872	0.00707	0.00672	0.00179	0.04191	0.00445	0.00343	0.00787
14	0.00897	0.00666	0.00839	0.00857	0.01000	0.00608	0.00634	0.01139	0.01666	0.02258	0.39713	0.21722	0.18321	0.01631	0.00815	0.00234	0.00356	0.05362	0.00683	0.00599
15	0.02097	0.24803	0.10951	0.01548	0.02093	0.22027	0.04309	0.16277	0.01928	0.04210	0.03062	0.01433	0.01091	0.00690	0.00585	0.00179	0.00895	0.00496	0.00411	0.00915

[dist]
# distance from previous block
# <min> <max>
0	2

[block]
# block no. 3 follows, 32 sequences, length 7
# corresponding to MSA columns:
# 415-421
name=unknown_D
#
# <colnr> <probs for GDERKNQSTAVLIFYWHMCP>
#	G	D	E	R	K	N	Q	S	T	A	V	L	I	F	Y	W	H	M	C	P
0	0.07144	0.05312	0.06846	0.08407	0.11375	0.11674	0.08166	0.11506	0.03222	0.04169	0.01424	0.01644	0.02699	0.00682	0.00651	0.00189	0.02220	0.00559	0.00414	0.11696
1	0.02228	0.09878	0.14641	0.01552	0.02124	0.13459	0.01444	0.30888	0.02275	0.09358	0.01562	0.01793	0.01189	0.00784	0.00642	0.00198	0.00836	0.03623	0.00523	0.01003
2	0.01072	0.09158	0.01138	0.00878	0.01101	0.00899	0.00672	0.01376	0.06423	0.04102	0.15087	0.19894	0.28785	0.05323	0.00888	0.00246	0.00425	0.01280	0.00604	0.00649
3	0.01776	0.48908	0.12406	0.01364	0.01921	0.06677	0.01360	0.05028	0.05658	0.01846	0.01109	0.01270	0.00945	0.00667	0.00633	0.00174	0.06607	0.00434	0.00331	0.00888
4	0.00903	0.00687	0.00845	0.00945	0.01061	0.00656	0.00681	0.01182	0.06423	0.01846	0.04274	0.48228	0.18623	0.01902	0.00838	0.00263	0.00414	0.09006	0.00627	0.00595
5	0.01331	0.01268	0.01785	0.06862	0.01814	0.01678	0.01308	0.01514	0.01134	0.01700	0.04351	0.09950	0.01556	0.01411	0.05330	0.00313	0.51606	0.00760	0.00357	0.03971
6	0.04131	0.09634	0.14692	0.01605	0.02183	0.08989	0.05551	0.24528	0.14749	0.04972	0.01617	0.01665	0.01197	0.00742	0.00637	0.00201	0.00803	0.00579	0.00512	0.01011

[dist]
# distance from previous block
# <min> <max>
0	1

[block]
# block no. 4 follows, 32 sequences, length 19
# corresponding to MSA columns:
# 423-441
name=unknown_E
#
# <colnr> <probs for GDERKNQSTAVLIFYWHMCP>
#	G	D	E	R	K	N	Q	S	T	A	V	L	I	F	Y	W	H	M	C	P
0	0.00945	0.00647	0.00731	0.00745	0.00769	0.00634	0.00435	0.00971	0.01053	0.01384	0.02679	0.10878	0.08935	0.63087	0.02952	0.00579	0.00599	0.01098	0.00445	0.00433
1	0.00883	0.00656	0.00828	0.00882	0.01010	0.00601	0.00648	0.01097	0.01567	0.02092	0.27289	0.31291	0.18690	0.01750	0.00829	0.00246	0.00377	0.08017	0.00661	0.00586
2	0.04412	0.01707	0.04475	0.06769	0.14770	0.05217	0.06360	0.18523	0.22532	0.02796	0.01779	0.01905	0.01354	0.00908	0.03294	0.00243	0.00788	0.00646	0.00517	0.01005
3	0.01910	0.07399	0.04587	0.02456	0.26499	0.25005	0.01549	0.05533	0.04661	0.02025	0.01377	0.06296	0.01230	0.00787	0.00744	0.00200	0.05846	0.00615	0.00380	0.00902
4	0.00993	0.00713	0.00851	0.00828	0.00863	0.00749	0.00530	0.01054	0.01089	0.01473	0.07366	0.04254	0.07064	0.56166	0.07969	0.00598	0.05558	0.00978	0.00434	0.00468
5	0.01436	0.12300	0.01473	0.01018	0.01328	0.03902	0.00825	0.06606	0.07797	0.07544	0.33091	0.03841	0.13921	0.01157	0.00705	0.00202	0.00480	0.00965	0.00637	0.00772
6	0.01692	0.07092	0.02538	0.10535	0.40420	0.12231	0.06513	0.02046	0.01556	0.01990	0.01567	0.01890	0.05632	0.00687	0.00657	0.00198	0.00856	0.00623	0.00347	0.00930
7	0.01748	0.01365	0.01389	0.01209	0.01473	0.10372	0.00932	0.19165	0.01820	0.07315	0.05088	0.02514	0.01756	0.13997	0.17684	0.00469	0.03520	0.00703	0.06704	0.00776
8	0.19741	0.07842	0.06763	0.01352	0.01799	0.19816	0.01155	0.13891	0.04036	0.07131	0.03769	0.01602	0.01217	0.01037	0.05873	0.00257	0.00869	0.00519	0.00465	0.00865
9	0.01587	0.01380	0.04059	0.17573	0.02479	0.01311	0.05637	0.08216	0.11633	0.06133	0.01627	0.04273	0.01287	0.00704	0.00623	0.00178	0.00669	0.00607	0.00465	0.29557
10	0.00859	0.00663	0.00784	0.00794	0.00957	0.00588	0.00580	0.01076	0.01626	0.02137	0.31719	0.19546	0.32953	0.01650	0.00805	0.00230	0.00340	0.01433	0.00668	0.00588
11	0.01346	0.03471	0.72942	0.01912	0.02904	0.01558	0.02479	0.02125	0.01417	0.02125	0.01204	0.01417	0.00850	0.00637	0.00637	0.00212	0.00992	0.00496	0.00283	0.00992
12	0.02551	0.01879	0.02014	0.01544	0.02081	0.02081	0.01275	0.69996	0.03155	0.04229	0.01611	0.01611	0.01141	0.00805	0.00671	0.00201	0.00738	0.00604	0.00671	0.01141
13	0.01229	0.00773	0.00939	0.00868	0.01103	0.00695	0.00660	0.01529	0.04187	0.13051	0.32185	0.10034	0.27306	0.01434	0.00775	0.00221	0.00376	0.01232	0.00704	0.00698
14	0.00960	0.00714	0.01054	0.01054	0.01165	0.00825	0.00808	0.01182	0.01071	0.01539	0.01820	0.02761	0.01732	0.10106	0.68760	0.01048	0.01716	0.00737	0.00363	0.00585
15	0.00972	0.00778	0.01080	0.12047	0.04632	0.00781	0.00907	0.01206	0.01445	0.01882	0.10540	0.27636	0.18161	0.03940	0.00891	0.00263	0.00506	0.11147	0.00566	0.00617
16	0.00933	0.00701	0.00821	0.00813	0.00957	0.00655	0.00583	0.01180	0.03902	0.02043	0.27935	0.09226	0.24304	0.18149	0.01380	0.00322	0.00423	0.04485	0.00617	0.00573
17	0.06855	0.27339	0.11825	0.03875	0.13065	0.09026	0.05886	0.04511	0.01515	0.02032	0.01111	0.01339	0.00915	0.00604	0.00554	0.00174	0.00815	0.00468	0.00335	0.07756
18	0.06370	0.18417	0.04721	0.01652	0.06517	0.16979	0.05680	0.09030	0.04330	0.07175	0.03656	0.03685	0.01305	0.00872	0.02519	0.00216	0.04983	0.00578	0.00431	0.00882

[dist]
# distance from previous block
# <min> <max>
0	57

[block]
# block no. 5 follows, 32 sequences, length 46
# corresponding to MSA columns:
# 499-544
name=unknown_F
#
# <colnr> <probs for GDERKNQSTAVLIFYWHMCP>
#	G	D	E	R	K	N	Q	S	T	A	V	L	I	F	Y	W	H	M	C	P
0	0.01735	0.01781	0.02324	0.06436	0.27538	0.14426	0.09554	0.04056	0.08294	0.02145	0.03790	0.01839	0.01314	0.00850	0.02854	0.00233	0.06337	0.00631	0.02949	0.00913
1	0.01516	0.01489	0.02157	0.06345	0.08033	0.09580	0.18744	0.05377	0.01574	0.02118	0.06804	0.10213	0.01863	0.01168	0.05088	0.00270	0.07943	0.00827	0.08106	0.00786
2	0.06912	0.04054	0.01843	0.01389	0.01880	0.01894	0.01148	0.55960	0.02786	0.03840	0.01852	0.01868	0.04745	0.00832	0.00642	0.00198	0.00677	0.00625	0.05811	0.01046
3	0.00834	0.00676	0.00747	0.00753	0.00938	0.00603	0.00555	0.01008	0.01461	0.01813	0.10500	0.10353	0.51404	0.06386	0.08624	0.00343	0.00513	0.01335	0.00591	0.00564
4	0.00866	0.00670	0.00979	0.01040	0.01133	0.00621	0.05115	0.01015	0.01321	0.01748	0.03757	0.66418	0.08818	0.01975	0.00848	0.00266	0.00434	0.01801	0.00604	0.00570
5	0.00839	0.00613	0.00789	0.00890	0.00971	0.00563	0.00612	0.00998	0.01424	0.01902	0.16479	0.55367	0.12229	0.01924	0.00838	0.00256	0.00371	0.01727	0.00644	0.00563
6	0.02548	0.01945	0.02008	0.01553	0.02080	0.05619	0.01276	0.66671	0.03093	0.04101	0.01583	0.01591	0.01127	0.00800	0.00668	0.00200	0.00762	0.00596	0.00655	0.01123
7	0.00976	0.00651	0.00732	0.00732	0.00732	0.00651	0.00407	0.00976	0.00976	0.01301	0.02114	0.04391	0.02439	0.76419	0.03415	0.00651	0.00651	0.00976	0.00407	0.00407
8	0.00898	0.00640	0.00812	0.00917	0.00968	0.00620	0.00614	0.01065	0.03609	0.01702	0.05241	0.52201	0.03940	0.18432	0.01417	0.00355	0.00461	0.04988	0.00580	0.00538
9	0.02161	0.01635	0.01757	0.01442	0.01904	0.01830	0.01160	0.35300	0.34957	0.07157	0.02191	0.02065	0.01594	0.00856	0.00677	0.00214	0.00632	0.00680	0.00685	0.01104
10	0.01421	0.01339	0.02296	0.37203	0.22011	0.01470	0.09277	0.04386	0.01547	0.02091	0.08937	0.02101	0.01554	0.00721	0.00696	0.00215	0.00826	0.00686	0.00374	0.00850
11	0.05175	0.07567	0.24119	0.02062	0.08524	0.01688	0.16453	0.09197	0.05224	0.09023	0.01457	0.01643	0.01069	0.00680	0.00707	0.00211	0.03203	0.00597	0.00417	0.00983
12	0.01495	0.09396	0.01403	0.01039	0.01385	0.01227	0.00835	0.05698	0.20627	0.10321	0.06249	0.06943	0.28288	0.01220	0.00706	0.00216	0.00483	0.01007	0.00632	0.00832
13	0.01365	0.00659	0.00686	0.00662	0.00842	0.00649	0.00503	0.01674	0.01441	0.07067	0.02219	0.02487	0.01716	0.00785	0.00482	0.00160	0.00329	0.00629	0.74985	0.00659
14	0.00818	0.00584	0.00779	0.00934	0.00973	0.00545	0.00623	0.00934	0.01285	0.01713	0.03698	0.75981	0.04438	0.02102	0.00856	0.00273	0.00389	0.01908	0.00623	0.00545
15	0.01968	0.56127	0.03055	0.01294	0.01810	0.18177	0.01181	0.04154	0.03768	0.01708	0.01033	0.01167	0.00908	0.00617	0.00484	0.00154	0.00820	0.00395	0.00324	0.00857
16	0.01111	0.00756	0.00842	0.00801	0.00847	0.00773	0.00481	0.06884	0.01162	0.01552	0.02071	0.04153	0.02328	0.69946	0.03180	0.00612	0.00658	0.00944	0.00429	0.00469
17	0.00959	0.00719	0.01078	0.01078	0.01198	0.00839	0.00839	0.01198	0.01078	0.01558	0.01797	0.02636	0.01677	0.05032	0.73760	0.01078	0.01797	0.00719	0.00359	0.00599
18	0.02506	0.03198	0.01901	0.01729	0.02074	0.73725	0.01296	0.02679	0.01901	0.01642	0.01037	0.01210	0.00864	0.00691	0.00605	0.00173	0.01210	0.00432	0.00346	0.00778
19	0.11224	0.02582	0.01835	0.01578	0.01990	0.43711	0.01227	0.23292	0.02203	0.02589	0.01202	0.01320	0.00934	0.00719	0.00604	0.00185	0.00989	0.00477	0.00453	0.00884
20	0.00900	0.00662	0.00828	0.00829	0.00964	0.00606	0.00597	0.01132	0.01657	0.02264	0.43291	0.19420	0.16177	0.06452	0.00975	0.00254	0.00357	0.01369	0.00675	0.00590
21	0.00818	0.00584	0.00779	0.00934	0.00973	0.00545	0.00623	0.00934	0.01285	0.01713	0.03698	0.75981	0.04438	0.02102	0.00856	0.00273	0.00389	0.01908	0.00623	0.00545
22	0.01572	0.01787	0.03886	0.05548	0.03549	0.01689	0.67229	0.02133	0.01575	0.02133	0.01351	0.01809	0.01013	0.00570	0.00787	0.00226	0.01122	0.00784	0.00338	0.00899
23	0.01325	0.01252	0.02118	0.64362	0.14611	0.01506	0.01892	0.01765	0.01369	0.01785	0.01203	0.01770	0.00919	0.00660	0.00670	0.00220	0.00880	0.00597	0.00303	0.00792
24	0.00856	0.00608	0.00803	0.00920	0.00962	0.00591	0.00614	0.00968	0.01218	0.01636	0.03266	0.57788	0.03855	0.13288	0.08899	0.00413	0.00576	0.01646	0.00563	0.00530
25	0.02254	0.01622	0.01979	0.01973	0.16972	0.03694	0.01331	0.34357	0.02340	0.13890	0.01725	0.01970	0.01311	0.03554	0.00765	0.00214	0.00717	0.02512	0.00584	0.06235
26	0.01415	0.14793	0.62226	0.01794	0.02722	0.01728	0.02274	0.02107	0.01408	0.02041	0.01162	0.01364	0.00852	0.00628	0.00606	0.00202	0.00949	0.00475	0.00284	0.00971
27	0.00955	0.00661	0.00763	0.00763	0.00800	0.00662	0.00464	0.00998	0.01045	0.01382	0.02573	0.04420	0.09670	0.60910	0.10678	0.00652	0.00741	0.00995	0.00424	0.00444
28	0.01661	0.01594	0.02724	0.04119	0.72233	0.01594	0.02059	0.02059	0.01528	0.02192	0.01262	0.01661	0.01063	0.00598	0.00664	0.00199	0.00797	0.00598	0.00332	0.01063
29	0.01856	0.01788	0.06084	0.02242	0.22897	0.09179	0.01463	0.13443	0.20556	0.04853	0.01991	0.05732	0.03230	0.00839	0.00676	0.00210	0.00731	0.00708	0.00518	0.01005
30	0.05594	0.07397	0.15029	0.02098	0.15635	0.06605	0.10933	0.02175	0.01496	0.13012	0.01507	0.01928	0.01213	0.09022	0.00997	0.00254	0.03170	0.00619	0.00411	0.00907
31	0.00831	0.00595	0.00791	0.00925	0.00976	0.00554	0.00624	0.00969	0.01349	0.01816	0.10869	0.68517	0.04637	0.02025	0.00850	0.00266	0.00382	0.01835	0.00635	0.00554
32	0.01844	0.11055	0.02668	0.02903	0.36955	0.10941	0.06155	0.08440	0.01663	0.02180	0.01196	0.01519	0.01000	0.00679	0.00783	0.00200	0.07935	0.00560	0.00357	0.00968
33	0.02577	0.01837	0.01987	0.01524	0.02059	0.02017	0.01259	0.66126	0.03083	0.08200	0.01671	0.01650	0.01171	0.00807	0.00671	0.00202	0.00729	0.00608	0.00680	0.01141
34	0.01590	0.09928	0.20431	0.02343	0.24029	0.01593	0.04876	0.05983	0.03442	0.02242	0.01264	0.01511	0.01003	0.00605	0.00607	0.00179	0.00784	0.00521	0.00357	0.16713
35	0.06073	0.05618	0.04096	0.04737	0.16562	0.10224	0.04986	0.22629	0.03569	0.05816	0.01555	0.05359	0.01288	0.03630	0.00755	0.00219	0.00795	0.00649	0.00483	0.00956
36	0.00831	0.00594	0.00794	0.00950	0.00994	0.00557	0.00646	0.00957	0.01298	0.01728	0.03691	0.72504	0.04409	0.02090	0.00860	0.00274	0.00401	0.05252	0.00623	0.00549
37	0.02072	0.01977	0.05937	0.07056	0.04559	0.15581	0.01332	0.19683	0.25575	0.06477	0.01868	0.01876	0.01385	0.00794	0.00660	0.00207	0.00778	0.00620	0.00559	0.01004
38	0.00859	0.00615	0.00819	0.00931	0.01001	0.00575	0.00649	0.01027	0.01426	0.01932	0.17874	0.57615	0.04801	0.01937	0.00847	0.00262	0.00386	0.05229	0.00647	0.00567
39	0.02438	0.02295	0.02054	0.01890	0.09814	0.26333	0.01369	0.39667	0.02550	0.03127	0.01378	0.01480	0.01039	0.00744	0.00648	0.00191	0.00905	0.00545	0.00523	0.01009
40	0.00976	0.00651	0.00732	0.00732	0.00732	0.00651	0.00407	0.00976	0.00976	0.01301	0.02114	0.04391	0.02439	0.76419	0.03415	0.00651	0.00651	0.00976	0.00407	0.00407
41	0.00934	0.00685	0.00875	0.00828	0.00993	0.00626	0.00621	0.01236	0.01862	0.02603	0.65358	0.05157	0.12908	0.01405	0.00792	0.00213	0.00319	0.01234	0.00727	0.00626
42	0.01878	0.01369	0.01653	0.07621	0.09261	0.01486	0.01161	0.31932	0.02193	0.05018	0.02069	0.05884	0.05443	0.00895	0.00688	0.00202	0.02687	0.00721	0.16920	0.00920
43	0.00919	0.00734	0.01088	0.01079	0.01215	0.00682	0.07203	0.01099	0.01372	0.01807	0.07157	0.47251	0.13311	0.06684	0.01009	0.00285	0.00480	0.05456	0.00587	0.00582
44	0.01766	0.09312	0.13817	0.06579	0.18476	0.14740	0.11998	0.06551	0.01672	0.02146	0.03210	0.01633	0.01131	0.00659	0.00644	0.00196	0.00918	0.00577	0.03059	0.00917
45	0.01247	0.17514	0.08692	0.01424	0.05116	0.01386	0.05121	0.01559	0.01224	0.01682	0.01502	0.02087	0.01354	0.03174	0.43132	0.00701	0.01400	0.00618	0.00334	0.00734

[dist]
# distance from previous block
# <min> <max>
4	66

[block]
# block no. 6 follows, 32 sequences, length 8
# corresponding to MSA columns:
# 611-618
name=unknown_G
#
# <colnr> <probs for GDERKNQSTAVLIFYWHMCP>
#	G	D	E	R	K	N	Q	S	T	A	V	L	I	F	Y	W	H	M	C	P
0	0.06159	0.01630	0.06633	0.08513	0.05972	0.03791	0.06317	0.16723	0.01897	0.20431	0.01627	0.01732	0.01155	0.00742	0.00752	0.00203	0.05892	0.00589	0.00533	0.08709
1	0.02033	0.09577	0.07372	0.01455	0.01925	0.06880	0.04815	0.22634	0.04045	0.13373	0.01971	0.08318	0.01672	0.01162	0.04533	0.00257	0.00797	0.05678	0.00560	0.00942
2	0.00860	0.00620	0.00799	0.00882	0.00959	0.00576	0.00603	0.01021	0.01428	0.01930	0.20603	0.49056	0.08723	0.07414	0.01027	0.00283	0.00388	0.01638	0.00635	0.00558
3	0.06154	0.01549	0.05279	0.17169	0.17660	0.01615	0.20272	0.01888	0.01373	0.02000	0.01230	0.01719	0.01002	0.00986	0.05731	0.00285	0.12271	0.00639	0.00326	0.00853
4	0.01302	0.01411	0.09211	0.01249	0.01485	0.08704	0.01060	0.03725	0.05097	0.01789	0.02113	0.05468	0.04641	0.18464	0.17879	0.00518	0.07402	0.07386	0.00425	0.00672
5	0.01788	0.32181	0.19172	0.01815	0.06007	0.15461	0.10798	0.02182	0.01514	0.01825	0.01089	0.01309	0.00891	0.00611	0.00572	0.00179	0.00932	0.00475	0.00307	0.00892
6	0.00892	0.00666	0.00832	0.00848	0.00995	0.00606	0.00627	0.01131	0.01662	0.02243	0.38716	0.21304	0.20311	0.01632	0.00813	0.00233	0.00354	0.04855	0.00681	0.00598
7	0.01343	0.01045	0.05860	0.01017	0.01305	0.00883	0.00833	0.06131	0.06831	0.11365	0.16820	0.17163	0.19383	0.05808	0.00917	0.00252	0.00477	0.01180	0.00644	0.00744

[dist]
# distance from previous block
# <min> <max>
0	1

[block]
# block no. 7 follows, 32 sequences, length 14
# corresponding to MSA columns:
# 620-633
name=unknown_H
#
# <colnr> <probs for GDERKNQSTAVLIFYWHMCP>
#	G	D	E	R	K	N	Q	S	T	A	V	L	I	F	Y	W	H	M	C	P
0	0.02006	0.02157	0.01912	0.12613	0.05955	0.31494	0.03387	0.09526	0.12294	0.02189	0.01498	0.01818	0.01209	0.00755	0.00647	0.00195	0.00921	0.03004	0.00436	0.05984
1	0.01421	0.01288	0.01767	0.29408	0.10231	0.03995	0.01425	0.04153	0.10082	0.02075	0.03574	0.04881	0.01619	0.02771	0.00792	0.00225	0.02929	0.06140	0.00427	0.10797
2	0.51760	0.20049	0.06404	0.01130	0.01637	0.01803	0.05066	0.02002	0.01240	0.02550	0.00977	0.01151	0.00785	0.00608	0.00456	0.00193	0.00635	0.00396	0.00371	0.00787
3	0.02897	0.01117	0.01521	0.01175	0.01674	0.00967	0.00967	0.03160	0.01919	0.68856	0.06447	0.02434	0.01917	0.00860	0.00681	0.00208	0.00557	0.00704	0.00825	0.01114
4	0.01797	0.01465	0.01559	0.01373	0.01771	0.01674	0.01076	0.08981	0.62578	0.05854	0.02636	0.02421	0.01958	0.00898	0.00681	0.00225	0.00550	0.00742	0.00688	0.01072
5	0.01267	0.01193	0.02013	0.74806	0.04621	0.01491	0.01863	0.01714	0.01342	0.01714	0.01193	0.01789	0.00894	0.00671	0.00671	0.00224	0.00894	0.00596	0.00298	0.00745
6	0.02447	0.01799	0.01930	0.01491	0.01992	0.01987	0.01218	0.65469	0.03012	0.04037	0.01644	0.01793	0.01226	0.05764	0.00851	0.00231	0.00733	0.00628	0.00654	0.01093
7	0.00818	0.00644	0.00740	0.00794	0.00942	0.00565	0.00566	0.00983	0.01474	0.01865	0.12307	0.32792	0.39493	0.01819	0.00817	0.00242	0.00356	0.01582	0.00635	0.00565
8	0.03850	0.00902	0.01150	0.01036	0.01331	0.00856	0.00821	0.02096	0.05522	0.27354	0.09746	0.11569	0.08724	0.01584	0.07602	0.00305	0.00602	0.07073	0.07057	0.00821
9	0.00830	0.00658	0.00746	0.00773	0.00941	0.00574	0.00561	0.01015	0.01543	0.01960	0.18779	0.22848	0.42936	0.01732	0.00808	0.00235	0.00347	0.01494	0.00646	0.00574
10	0.01480	0.03041	0.54468	0.02014	0.06308	0.04009	0.06276	0.04368	0.07560	0.02238	0.01356	0.01546	0.00985	0.00662	0.00652	0.00212	0.00949	0.00543	0.00338	0.00994
11	0.00941	0.00636	0.00742	0.00776	0.00785	0.00627	0.00454	0.00967	0.01044	0.01392	0.02463	0.20159	0.02880	0.60051	0.02852	0.00567	0.00593	0.01181	0.00454	0.00437
12	0.06694	0.19106	0.13283	0.02107	0.21232	0.05428	0.01541	0.06684	0.04452	0.04587	0.03426	0.01635	0.01212	0.00799	0.02747	0.00214	0.00792	0.00537	0.02586	0.00939
13	0.08134	0.24143	0.02450	0.01807	0.13783	0.06364	0.01310	0.22884	0.08340	0.02716	0.01366	0.01478	0.01079	0.00690	0.00576	0.00185	0.00734	0.00515	0.00461	0.00984

[dist]
# distance from previous block
# <min> <max>
6	13

[block]
# block no. 8 follows, 32 sequences, length 9
# corresponding to MSA columns:
# 647-655
name=unknown_I
#
# <colnr> <probs for GDERKNQSTAVLIFYWHMCP>
#	G	D	E	R	K	N	Q	S	T	A	V	L	I	F	Y	W	H	M	C	P
0	0.00863	0.00634	0.00752	0.00811	0.00897	0.00585	0.00540	0.00981	0.01321	0.01718	0.09981	0.34113	0.21038	0.20904	0.01488	0.00352	0.00437	0.01486	0.00578	0.00523
1	0.01469	0.09933	0.13944	0.11386	0.07860	0.11019	0.01390	0.01755	0.01350	0.01741	0.01485	0.07857	0.01417	0.10203	0.01194	0.05209	0.05703	0.00683	0.03661	0.00739
2	0.01525	0.06766	0.24599	0.08301	0.24000	0.03769	0.04589	0.04856	0.04176	0.02143	0.01497	0.08022	0.01295	0.00767	0.00663	0.00210	0.00839	0.00673	0.00365	0.00946
3	0.01521	0.07565	0.05068	0.07977	0.36885	0.04129	0.01643	0.01967	0.05758	0.02034	0.01930	0.02382	0.07803	0.00974	0.03513	0.00242	0.03720	0.03588	0.00385	0.00915
4	0.00848	0.00604	0.00763	0.00877	0.00921	0.00567	0.00572	0.00944	0.01239	0.01637	0.03586	0.57105	0.08484	0.16920	0.01363	0.00345	0.00438	0.01689	0.00580	0.00519
5	0.01811	0.11546	0.05575	0.01503	0.04616	0.18570	0.05738	0.04750	0.01613	0.04574	0.01298	0.04144	0.01100	0.00652	0.00574	0.00155	0.00781	0.00514	0.00394	0.30092
6	0.01020	0.00890	0.07472	0.00899	0.00997	0.00706	0.00665	0.01058	0.01047	0.01418	0.02106	0.14888	0.02375	0.44393	0.02614	0.14949	0.00629	0.01006	0.00408	0.00462
7	0.00968	0.00702	0.00864	0.00942	0.01035	0.00679	0.00646	0.06482	0.01431	0.01889	0.03683	0.57427	0.10274	0.08323	0.01055	0.00295	0.00435	0.01678	0.00608	0.00583
8	0.01638	0.09966	0.04707	0.01802	0.16320	0.09811	0.01196	0.13168	0.01700	0.02164	0.02086	0.09311	0.07350	0.14547	0.01156	0.00281	0.00733	0.00805	0.00448	0.00811

[dist]
# distance from previous block
# <min> <max>
1	5

[block]
# block no. 9 follows, 32 sequences, length 15
# corresponding to MSA columns:
# 661-675
name=unknown_J
#
# <colnr> <probs for GDERKNQSTAVLIFYWHMCP>
#	G	D	E	R	K	N	Q	S	T	A	V	L	I	F	Y	W	H	M	C	P
0	0.11949	0.02572	0.01826	0.01571	0.01983	0.43429	0.01222	0.22926	0.02189	0.02587	0.01198	0.01317	0.00931	0.00718	0.00602	0.00186	0.00985	0.00476	0.00452	0.00881
1	0.07523	0.01574	0.02100	0.02087	0.17136	0.07890	0.11006	0.08712	0.03269	0.08434	0.01766	0.07077	0.03877	0.00812	0.00730	0.00201	0.04180	0.00703	0.00462	0.10461
2	0.01330	0.01256	0.02125	0.63599	0.15340	0.01507	0.01894	0.01769	0.01371	0.01790	0.01204	0.01769	0.00921	0.00659	0.00670	0.00220	0.00879	0.00597	0.00304	0.00796
3	0.00960	0.00711	0.01040	0.01040	0.01147	0.00818	0.00791	0.01174	0.01067	0.01529	0.01832	0.02829	0.01761	0.12887	0.66020	0.01031	0.01671	0.00747	0.00365	0.00578
4	0.00878	0.00683	0.00797	0.00768	0.00958	0.00602	0.00576	0.01127	0.01729	0.02287	0.41928	0.05677	0.36535	0.01523	0.00792	0.00218	0.00327	0.01307	0.00685	0.00602
5	0.00950	0.00653	0.00846	0.00903	0.01019	0.00599	0.00645	0.01145	0.01529	0.04794	0.24722	0.42359	0.11397	0.01782	0.00826	0.00248	0.00378	0.03937	0.00666	0.00600
6	0.01258	0.03028	0.61486	0.01717	0.02587	0.01401	0.02167	0.01941	0.01435	0.02075	0.02091	0.02216	0.12124	0.00806	0.00662	0.00215	0.00888	0.00642	0.00337	0.00924
7	0.04789	0.07080	0.01887	0.09453	0.02113	0.07998	0.01212	0.33534	0.02248	0.07064	0.01531	0.01677	0.01140	0.00778	0.00703	0.00198	0.05000	0.00568	0.10081	0.00947
8	0.01021	0.00716	0.00809	0.00774	0.01001	0.00617	0.00584	0.01229	0.01634	0.08137	0.20844	0.09271	0.47797	0.01571	0.00786	0.00224	0.00357	0.01331	0.00667	0.00630
9	0.01676	0.46774	0.11202	0.01230	0.01759	0.02057	0.01228	0.04125	0.01402	0.05798	0.01261	0.01563	0.01097	0.03987	0.11944	0.00320	0.00908	0.00479	0.00346	0.00845
10	0.00859	0.00632	0.00768	0.00831	0.00924	0.00581	0.00564	0.01001	0.01387	0.01825	0.15105	0.37508	0.19278	0.14079	0.01251	0.00314	0.00410	0.01535	0.00606	0.00541
11	0.00920	0.00680	0.00832	0.00797	0.00951	0.00621	0.00581	0.01169	0.01714	0.02344	0.50123	0.05240	0.19536	0.10268	0.01100	0.00266	0.00361	0.01228	0.00676	0.00593
12	0.02286	0.02543	0.01902	0.01816	0.07755	0.44257	0.01302	0.13998	0.11085	0.02278	0.01540	0.01635	0.03143	0.00761	0.00637	0.00189	0.00983	0.00546	0.00451	0.00893
13	0.02200	0.01408	0.01537	0.01286	0.01714	0.05007	0.01025	0.11152	0.29123	0.26872	0.04540	0.02590	0.06633	0.00925	0.00685	0.00214	0.00585	0.00751	0.00713	0.01040
14	0.01819	0.24110	0.10175	0.01698	0.08551	0.11751	0.05276	0.04471	0.10136	0.05303	0.01584	0.01693	0.03654	0.00695	0.00587	0.00180	0.00788	0.00543	0.00408	0.06577

[dist]
# distance from previous block
# <min> <max>
0	38

[block]
# block no. 10 follows, 32 sequences, length 31
# corresponding to MSA columns:
# 714-744
name=unknown_K
#
# <colnr> <probs for GDERKNQSTAVLIFYWHMCP>
#	G	D	E	R	K	N	Q	S	T	A	V	L	I	F	Y	W	H	M	C	P
0	0.04297	0.01278	0.01605	0.08943	0.08274	0.01265	0.01112	0.14536	0.05884	0.14500	0.06372	0.02468	0.09233	0.00847	0.00650	0.00189	0.00596	0.00700	0.00567	0.16684
1	0.01998	0.05848	0.04147	0.09152	0.04739	0.16067	0.05454	0.20928	0.10067	0.04642	0.01898	0.02003	0.06329	0.00819	0.00705	0.00204	0.02931	0.00643	0.00497	0.00929
2	0.01729	0.08505	0.02507	0.18181	0.26151	0.13411	0.08479	0.05739	0.01617	0.02031	0.01318	0.04877	0.01126	0.00702	0.00657	0.00201	0.00890	0.00627	0.00355	0.00896
3	0.01626	0.04278	0.13908	0.01909	0.05932	0.14133	0.07102	0.01997	0.03806	0.01856	0.03385	0.03923	0.01215	0.00930	0.01280	0.00239	0.30692	0.00623	0.00344	0.00822
4	0.00962	0.00645	0.00736	0.00749	0.00752	0.00642	0.00425	0.00972	0.01002	0.01336	0.02247	0.10403	0.02607	0.70178	0.03200	0.00619	0.00629	0.01054	0.00425	0.00418
5	0.30798	0.01638	0.01385	0.01127	0.01609	0.13903	0.00898	0.07701	0.01537	0.02564	0.01106	0.01268	0.00886	0.00603	0.00501	0.00160	0.00649	0.00408	0.00418	0.30840
6	0.01999	0.02304	0.17657	0.02125	0.14864	0.16063	0.04939	0.15262	0.04218	0.08193	0.01550	0.05030	0.01227	0.00762	0.00664	0.00204	0.00881	0.00625	0.00455	0.00980
7	0.01935	0.02243	0.02010	0.09156	0.05323	0.34993	0.01455	0.02135	0.01484	0.01663	0.01001	0.01390	0.00883	0.00876	0.01245	0.00227	0.30375	0.00517	0.00320	0.00770
8	0.00959	0.00719	0.01078	0.01078	0.01198	0.00839	0.00839	0.01198	0.01078	0.01558	0.01797	0.02636	0.01677	0.05032	0.73760	0.01078	0.01797	0.00719	0.00359	0.00599
9	0.02012	0.00897	0.01180	0.01017	0.01341	0.00806	0.00809	0.02278	0.01747	0.37173	0.15398	0.10755	0.02947	0.01117	0.00698	0.00213	0.00468	0.05053	0.13217	0.00874
10	0.00842	0.00658	0.00763	0.00786	0.00949	0.00580	0.00571	0.01039	0.01572	0.02030	0.23906	0.22693	0.37807	0.01706	0.00808	0.00233	0.00345	0.01478	0.00655	0.00580
11	0.00842	0.00611	0.00785	0.00888	0.00961	0.00565	0.00605	0.00990	0.01389	0.01855	0.14389	0.55568	0.11043	0.05000	0.00945	0.00274	0.00384	0.01716	0.00632	0.00555
12	0.01651	0.01434	0.01699	0.01477	0.01725	0.01767	0.01189	0.10062	0.33966	0.02494	0.01918	0.02060	0.01523	0.01160	0.04330	0.00281	0.25875	0.00676	0.03791	0.00922
13	0.00967	0.00647	0.00734	0.00743	0.00745	0.00645	0.00419	0.00973	0.00993	0.01324	0.02203	0.08410	0.02552	0.72246	0.03272	0.00629	0.00636	0.01028	0.00419	0.00414
14	0.00902	0.00694	0.00805	0.00862	0.01006	0.00637	0.00612	0.04705	0.01488	0.01891	0.04867	0.43156	0.32207	0.01865	0.00820	0.00250	0.00388	0.01633	0.00626	0.00586
15	0.02419	0.02496	0.01838	0.01569	0.01970	0.41104	0.01220	0.27578	0.02326	0.02673	0.01345	0.01465	0.01038	0.00741	0.00618	0.00182	0.00961	0.00512	0.07042	0.00900
16	0.00809	0.00680	0.00702	0.00697	0.00916	0.00573	0.00522	0.00994	0.01567	0.01903	0.13461	0.06309	0.65241	0.01666	0.00793	0.00225	0.00337	0.01395	0.00635	0.00573
17	0.05257	0.01362	0.01550	0.01326	0.03695	0.01433	0.01010	0.28643	0.09042	0.12408	0.02040	0.08379	0.01725	0.10125	0.03551	0.00289	0.00669	0.00764	0.00609	0.06124
18	0.01081	0.00772	0.01081	0.01236	0.01390	0.00772	0.01081	0.01390	0.01545	0.02008	0.03553	0.07569	0.03862	0.01854	0.00927	0.00309	0.00618	0.67717	0.00618	0.00618
19	0.02903	0.01118	0.01523	0.01176	0.01676	0.00968	0.00968	0.03165	0.01919	0.69041	0.06264	0.02426	0.01905	0.00859	0.00681	0.00208	0.00558	0.00703	0.00826	0.01115
20	0.00957	0.00818	0.00853	0.00887	0.01056	0.05014	0.00661	0.01151	0.01555	0.01944	0.16298	0.23165	0.33462	0.01698	0.00810	0.00240	0.00427	0.07790	0.00625	0.00590
21	0.01362	0.06132	0.70423	0.01885	0.02861	0.01598	0.02431	0.02121	0.01415	0.02105	0.01194	0.01404	0.00850	0.00635	0.00630	0.00210	0.00982	0.00491	0.00283	0.00987
22	0.01116	0.00810	0.00961	0.00921	0.01139	0.00777	0.00706	0.01588	0.11042	0.06164	0.31711	0.09744	0.23334	0.01451	0.00784	0.00228	0.00391	0.05752	0.00688	0.00693
23	0.01150	0.05767	0.07213	0.03960	0.08677	0.01003	0.01058	0.04290	0.01444	0.01940	0.02970	0.32444	0.07932	0.05574	0.00910	0.00265	0.00570	0.09264	0.02879	0.00692
24	0.01699	0.42696	0.25470	0.01478	0.02134	0.08796	0.01604	0.02087	0.01412	0.01761	0.01026	0.01218	0.00859	0.00636	0.00605	0.00176	0.04741	0.00421	0.00292	0.00889
25	0.00967	0.00729	0.01051	0.01055	0.01149	0.00839	0.00796	0.01165	0.01086	0.01549	0.01988	0.10285	0.02009	0.12176	0.55869	0.00918	0.04542	0.00863	0.00389	0.00579
26	0.00888	0.00622	0.00786	0.00887	0.00971	0.00569	0.00603	0.01017	0.01344	0.03747	0.06162	0.56604	0.15215	0.06024	0.00978	0.00282	0.00398	0.01721	0.00621	0.00561
27	0.01484	0.04482	0.17719	0.21594	0.26085	0.01613	0.13430	0.01998	0.01460	0.02026	0.01237	0.01647	0.00960	0.00619	0.00674	0.00211	0.00917	0.00600	0.00313	0.00932
28	0.01720	0.01317	0.01793	0.01645	0.07494	0.05861	0.10941	0.05750	0.11655	0.14687	0.08860	0.16125	0.04524	0.01217	0.03025	0.00250	0.00689	0.00979	0.00591	0.00875
29	0.05359	0.01757	0.06226	0.05997	0.11732	0.12633	0.04197	0.04414	0.01464	0.04671	0.01361	0.01737	0.02687	0.02428	0.05622	0.00273	0.17174	0.00576	0.00373	0.09317
30	0.09555	0.05286	0.06549	0.04833	0.12166	0.09470	0.03109	0.22623	0.01983	0.04859	0.01701	0.07887	0.03504	0.00859	0.00686	0.00207	0.02626	0.00684	0.00486	0.00928

[dist]
# distance from previous block
# <min> <max>
0	4

[block]
# block no. 11 follows, 32 sequences, length 22
# corresponding to MSA columns:
# 749-770
name=unknown_L
#
# <colnr> <probs for GDERKNQSTAVLIFYWHMCP>
#	G	D	E	R	K	N	Q	S	T	A	V	L	I	F	Y	W	H	M	C	P
