[name]
unknown

[dist]
# distance from previous block
# <min> <max>
0	30

[block]
# block no. 0 follows, 29 sequences, length 42
# corresponding to MSA columns:
# 30-71
name=unknown_A
#
# <colnr> <probs for GDERKNQSTAVLIFYWHMCP>
#	G	D	E	R	K	N	Q	S	T	A	V	L	I	F	Y	W	H	M	C	P
0	0.01866	0.71638	0.03601	0.01223	0.01810	0.02717	0.01215	0.02099	0.01457	0.01698	0.01130	0.01490	0.01075	0.00678	0.00483	0.00161	0.00756	0.03680	0.00322	0.00901
1	0.02255	0.05100	0.01745	0.01227	0.01808	0.01281	0.01010	0.13569	0.01989	0.25106	0.03675	0.01911	0.01457	0.00727	0.00625	0.00167	0.00603	0.00576	0.00625	0.34543
2	0.01023	0.00739	0.01024	0.01024	0.01110	0.00825	0.00740	0.01195	0.01109	0.01564	0.02017	0.03405	0.02044	0.28060	0.49795	0.00996	0.01510	0.00852	0.00398	0.00569
3	0.02784	0.02249	0.02013	0.01626	0.02134	0.21952	0.01303	0.37549	0.02726	0.16009	0.01739	0.01720	0.01229	0.00825	0.00693	0.00206	0.00894	0.00603	0.00645	0.01101
4	0.00866	0.00627	0.00818	0.00971	0.01027	0.00580	0.00652	0.00994	0.01383	0.01826	0.04173	0.69396	0.09664	0.02199	0.00904	0.00286	0.00409	0.01985	0.00661	0.00580
5	0.01762	0.01692	0.02890	0.04371	0.70533	0.01692	0.02185	0.02185	0.01621	0.02326	0.01339	0.01762	0.01128	0.00634	0.00705	0.00211	0.00846	0.00634	0.00352	0.01128
6	0.01622	0.01614	0.02940	0.24427	0.37299	0.01682	0.15764	0.02097	0.01575	0.02167	0.01339	0.01835	0.01065	0.00650	0.00735	0.00225	0.00950	0.00677	0.00343	0.00994
7	0.01829	0.55451	0.19260	0.01435	0.02135	0.05803	0.01552	0.02194	0.01487	0.01812	0.01062	0.01232	0.00911	0.00631	0.00516	0.00171	0.00853	0.00418	0.00307	0.00942
8	0.02660	0.03394	0.02018	0.01834	0.02201	0.72116	0.01376	0.02843	0.02018	0.01743	0.01101	0.01284	0.00917	0.00734	0.00642	0.00183	0.01284	0.00459	0.00367	0.00825
9	0.01345	0.01266	0.02136	0.73264	0.04904	0.01582	0.01978	0.01819	0.01424	0.01819	0.01266	0.01898	0.00949	0.00712	0.00712	0.00237	0.00949	0.00633	0.00316	0.00791
10	0.01805	0.01773	0.02849	0.04249	0.67265	0.05060	0.02147	0.02217	0.01640	0.02298	0.01328	0.01739	0.01118	0.00639	0.00702	0.00210	0.00867	0.00626	0.00353	0.01113
11	0.01715	0.01644	0.02805	0.12131	0.63141	0.01679	0.02162	0.02144	0.01599	0.02269	0.01331	0.01778	0.01108	0.00643	0.00706	0.00214	0.00858	0.00634	0.00348	0.01090
12	0.01036	0.00690	0.00777	0.00777	0.00777	0.00690	0.00431	0.01036	0.01036	0.01381	0.02244	0.04660	0.02589	0.74975	0.03624	0.00690	0.00690	0.01036	0.00431	0.00431
13	0.01712	0.01791	0.03592	0.06131	0.06262	0.01737	0.50472	0.08571	0.01795	0.02429	0.01593	0.05377	0.01301	0.02783	0.00897	0.00251	0.01082	0.00863	0.00408	0.00951
14	0.01892	0.59549	0.13408	0.01383	0.02038	0.07887	0.01435	0.02204	0.01498	0.01765	0.01040	0.01205	0.00912	0.00628	0.00503	0.00165	0.00843	0.00408	0.00309	0.00927
15	0.01817	0.01795	0.02838	0.04218	0.66409	0.05943	0.02136	0.02225	0.01645	0.02291	0.01325	0.01733	0.01115	0.00640	0.00701	0.00210	0.00872	0.00624	0.00353	0.01110
16	0.01600	0.02482	0.25552	0.02692	0.03518	0.01754	0.47160	0.02273	0.01624	0.02273	0.01389	0.01788	0.01024	0.00625	0.00788	0.00235	0.01153	0.00740	0.00341	0.00990
17	0.01591	0.01517	0.02580	0.32661	0.43583	0.01647	0.02100	0.02035	0.01540	0.02118	0.01309	0.01818	0.01055	0.00666	0.00708	0.00222	0.00888	0.00634	0.00338	0.00990
18	0.01189	0.00756	0.00980	0.01055	0.01175	0.00719	0.00738	0.05269	0.01544	0.08231	0.03690	0.63605	0.04232	0.02026	0.00880	0.00278	0.00453	0.01823	0.00684	0.00674
19	0.01762	0.01692	0.02890	0.04371	0.70533	0.01692	0.02185	0.02185	0.01621	0.02326	0.01339	0.01762	0.01128	0.00634	0.00705	0.00211	0.00846	0.00634	0.00352	0.01128
20	0.01610	0.01683	0.02351	0.40431	0.06935	0.11048	0.07786	0.01993	0.01470	0.01854	0.01199	0.01747	0.00962	0.00804	0.01028	0.00244	0.15076	0.00627	0.00328	0.00824
21	0.01589	0.01476	0.02434	0.41919	0.30641	0.01662	0.02023	0.05820	0.01614	0.02174	0.01321	0.01834	0.01035	0.00690	0.00709	0.00226	0.00899	0.00634	0.00354	0.00948
22	0.01558	0.01558	0.02181	0.01869	0.01869	0.02181	0.01558	0.01714	0.01091	0.01714	0.00935	0.01558	0.00935	0.01246	0.02337	0.00312	0.73672	0.00623	0.00312	0.00779
23	0.03035	0.01311	0.01702	0.01300	0.01858	0.01183	0.01072	0.11286	0.02166	0.58893	0.02585	0.02281	0.01654	0.00858	0.00705	0.00213	0.00623	0.00690	0.00834	0.05753
24	0.01771	0.01530	0.01610	0.01449	0.01852	0.01771	0.01127	0.03784	0.69247	0.02979	0.02898	0.02657	0.02174	0.00966	0.00725	0.00242	0.00564	0.00805	0.00725	0.01127
25	0.01577	0.01400	0.01896	0.01361	0.02002	0.01141	0.10253	0.05719	0.01614	0.02441	0.01316	0.01552	0.01067	0.00557	0.00582	0.00131	0.00636	0.00493	0.00430	0.63833
26	0.02707	0.01995	0.02137	0.01638	0.02208	0.02208	0.01353	0.68159	0.03348	0.04488	0.01710	0.01710	0.01211	0.00855	0.00712	0.00214	0.00784	0.00641	0.00712	0.01211
27	0.01979	0.71091	0.03610	0.01221	0.01827	0.02715	0.01208	0.02210	0.01481	0.05707	0.01096	0.01217	0.00963	0.00625	0.00472	0.00156	0.00752	0.00400	0.00338	0.00931
28	0.01359	0.01274	0.02143	0.64435	0.10229	0.01549	0.01939	0.01815	0.01438	0.01862	0.01385	0.04969	0.01124	0.00770	0.00720	0.00237	0.00918	0.00692	0.00334	0.00810
29	0.01762	0.01692	0.02890	0.04371	0.70533	0.01692	0.02185	0.02185	0.01621	0.02326	0.01339	0.01762	0.01128	0.00634	0.00705	0.00211	0.00846	0.00634	0.00352	0.01128
30	0.01017	0.00763	0.01144	0.01144	0.01272	0.00890	0.00890	0.01272	0.01144	0.01653	0.01907	0.02797	0.01780	0.05340	0.72153	0.01144	0.01907	0.00763	0.00381	0.00636
31	0.01453	0.01336	0.02156	0.49364	0.12921	0.01613	0.01853	0.04929	0.01492	0.01990	0.01325	0.01921	0.01054	0.01136	0.06809	0.00314	0.06506	0.00644	0.00345	0.00841
32	0.04607	0.01315	0.01901	0.01606	0.04817	0.01302	0.10778	0.10516	0.04068	0.22008	0.07538	0.10496	0.09899	0.01127	0.00849	0.00237	0.04344	0.00976	0.00658	0.00959
33	0.00931	0.00732	0.01075	0.01112	0.01230	0.00676	0.05736	0.01104	0.01437	0.01900	0.06385	0.59655	0.11242	0.02037	0.00894	0.00278	0.00465	0.01855	0.00643	0.00613
34	0.08229	0.02724	0.02180	0.02435	0.20106	0.45600	0.01550	0.02571	0.01817	0.02005	0.01149	0.01411	0.00962	0.00722	0.00708	0.00198	0.03861	0.00506	0.00367	0.00899
35	0.01589	0.01494	0.02411	0.23402	0.37756	0.01648	0.01904	0.02104	0.06606	0.02134	0.01455	0.02011	0.01221	0.04763	0.00988	0.00255	0.06250	0.00668	0.00372	0.00968
36	0.01965	0.04385	0.05974	0.02356	0.06247	0.07062	0.32670	0.08156	0.10062	0.08708	0.01791	0.04240	0.01378	0.00759	0.00765	0.00229	0.00977	0.00778	0.00487	0.01013
37	0.01722	0.02317	0.29014	0.02294	0.17559	0.01540	0.03699	0.04582	0.10636	0.09178	0.07027	0.02241	0.03372	0.00816	0.00715	0.00224	0.00823	0.00699	0.00485	0.01057
38	0.01856	0.02610	0.30073	0.02330	0.09181	0.05506	0.17660	0.09461	0.01821	0.07566	0.01472	0.01703	0.01069	0.00686	0.00717	0.00219	0.00999	0.00629	0.00415	0.04025
39	0.02012	0.04350	0.11981	0.04710	0.02386	0.01516	0.11107	0.10229	0.10958	0.17210	0.02085	0.07461	0.01623	0.00871	0.00717	0.00219	0.00769	0.00766	0.00578	0.08454
40	0.09537	0.02377	0.24204	0.04488	0.13303	0.05519	0.08650	0.10954	0.05502	0.02638	0.01711	0.01914	0.04556	0.00761	0.00689	0.00222	0.00897	0.00641	0.00429	0.01008
41	0.01810	0.02380	0.31996	0.01887	0.06910	0.01465	0.05810	0.02566	0.10165	0.14533	0.01808	0.01986	0.01327	0.03886	0.00813	0.00235	0.00842	0.00633	0.00481	0.08467

[dist]
# distance from previous block
# <min> <max>
0	32

[block]
# block no. 1 follows, 29 sequences, length 17
# corresponding to MSA columns:
# 104-120
name=unknown_B
#
# <colnr> <probs for GDERKNQSTAVLIFYWHMCP>
#	G	D	E	R	K	N	Q	S	T	A	V	L	I	F	Y	W	H	M	C	P
0	0.01504	0.02496	0.36059	0.02184	0.13342	0.01481	0.05512	0.02221	0.06745	0.04059	0.06348	0.06549	0.01715	0.00835	0.00711	0.00221	0.00856	0.00726	0.00423	0.06011
1	0.01755	0.02144	0.25408	0.01694	0.04039	0.01408	0.06505	0.09450	0.01806	0.11292	0.05280	0.04133	0.06757	0.00873	0.00750	0.00212	0.02869	0.00725	0.00504	0.12397
2	0.01481	0.04548	0.01966	0.01894	0.15809	0.01218	0.06117	0.01880	0.03783	0.02308	0.07060	0.07432	0.01968	0.00843	0.00666	0.00178	0.00638	0.04169	0.00466	0.35577
3	0.01776	0.05750	0.20064	0.01939	0.09634	0.01484	0.08597	0.04800	0.05261	0.10279	0.01655	0.04267	0.01293	0.00725	0.00667	0.00195	0.00796	0.00632	0.00459	0.19728
4	0.01151	0.00786	0.00989	0.01008	0.01194	0.00703	0.00718	0.01383	0.03695	0.07244	0.05648	0.49602	0.09951	0.01817	0.00833	0.00254	0.00440	0.01620	0.00654	0.10310
5	0.09814	0.04732	0.13149	0.01633	0.07125	0.01293	0.07787	0.01876	0.01485	0.02327	0.03784	0.10814	0.01643	0.00828	0.00641	0.00187	0.00694	0.00719	0.00430	0.29037
6	0.05576	0.02151	0.01975	0.01587	0.02102	0.17236	0.01277	0.39816	0.05499	0.10211	0.01689	0.01696	0.01218	0.00815	0.00680	0.00205	0.00847	0.00597	0.00632	0.04190
7	0.02660	0.03394	0.02018	0.01834	0.02201	0.72116	0.01376	0.02843	0.02018	0.01743	0.01101	0.01284	0.00917	0.00734	0.00642	0.00183	0.01284	0.00459	0.00367	0.00825
8	0.01695	0.06865	0.31105	0.01607	0.02227	0.01556	0.01707	0.07110	0.06457	0.10086	0.01934	0.10642	0.01680	0.05651	0.01010	0.00264	0.06176	0.00786	0.00480	0.00963
9	0.04673	0.17298	0.06349	0.01437	0.04613	0.01582	0.01206	0.01725	0.01303	0.04140	0.03407	0.02145	0.01497	0.02850	0.32868	0.00631	0.10469	0.00639	0.00380	0.00788
10	0.01345	0.01266	0.02136	0.73264	0.04904	0.01582	0.01978	0.01819	0.01424	0.01819	0.01266	0.01898	0.00949	0.00712	0.00712	0.00237	0.00949	0.00633	0.00316	0.00791
11	0.01017	0.00763	0.01144	0.01144	0.01272	0.00890	0.00890	0.01272	0.01144	0.01653	0.01907	0.02797	0.01780	0.05340	0.72153	0.01144	0.01907	0.00763	0.00381	0.00636
12	0.01754	0.15262	0.02227	0.01594	0.01834	0.13196	0.01322	0.02186	0.10333	0.01871	0.01359	0.01747	0.01203	0.01549	0.10688	0.00362	0.29697	0.00595	0.00383	0.00838
13	0.01670	0.07245	0.46767	0.02153	0.08050	0.01807	0.06427	0.10612	0.04143	0.02536	0.01388	0.01596	0.01015	0.00697	0.00683	0.00220	0.00978	0.00570	0.00375	0.01067
14	0.01760	0.58675	0.15280	0.01331	0.01996	0.02488	0.01425	0.02090	0.01467	0.01790	0.01397	0.01532	0.04889	0.00689	0.00517	0.00170	0.00789	0.00470	0.00324	0.00920
15	0.01241	0.06612	0.01269	0.01005	0.01298	0.00994	0.00774	0.08410	0.01743	0.02316	0.11888	0.24789	0.20754	0.01511	0.00773	0.00224	0.00473	0.01297	0.00620	0.12009
16	0.01944	0.09076	0.07122	0.01406	0.01845	0.08098	0.01203	0.18703	0.11058	0.07706	0.10025	0.11864	0.02417	0.01210	0.02884	0.00249	0.00739	0.00878	0.00614	0.00959

[dist]
# distance from previous block
# <min> <max>
5	16

[block]
# block no. 2 follows, 29 sequences, length 24
# corresponding to MSA columns:
# 139-162
name=unknown_C
#
# <colnr> <probs for GDERKNQSTAVLIFYWHMCP>
#	G	D	E	R	K	N	Q	S	T	A	V	L	I	F	Y	W	H	M	C	P
0	0.01833	0.24531	0.17359	0.01494	0.02096	0.01802	0.05078	0.04232	0.08407	0.11992	0.05699	0.08867	0.01864	0.00907	0.00661	0.00210	0.00750	0.00743	0.00503	0.00973
1	0.01677	0.04437	0.22404	0.01472	0.01993	0.06422	0.01452	0.06461	0.08175	0.09164	0.07557	0.07552	0.02107	0.07815	0.07834	0.00353	0.00898	0.00805	0.00515	0.00906
2	0.01605	0.13222	0.08810	0.16605	0.02570	0.08100	0.05746	0.02184	0.10094	0.04152	0.08773	0.04735	0.05492	0.03953	0.00818	0.00237	0.00800	0.00775	0.00468	0.00861
3	0.02395	0.09821	0.02057	0.01510	0.01983	0.19338	0.01223	0.27599	0.07859	0.08794	0.04434	0.02145	0.05948	0.00893	0.00682	0.00205	0.00829	0.00667	0.00598	0.01018
4	0.04670	0.01439	0.03574	0.01430	0.04585	0.04951	0.03044	0.06612	0.16114	0.16744	0.04320	0.09040	0.07995	0.03696	0.00823	0.00236	0.00633	0.00880	0.00640	0.08574
5	0.01708	0.12474	0.22484	0.02217	0.11688	0.01783	0.13578	0.04170	0.05755	0.06080	0.04720	0.02024	0.03460	0.00775	0.00768	0.00220	0.03996	0.00675	0.00421	0.01002
6	0.02095	0.08168	0.01540	0.01107	0.01509	0.01101	0.00903	0.02469	0.05992	0.33136	0.19242	0.05708	0.11719	0.01155	0.00743	0.00221	0.00517	0.00964	0.00759	0.00953
7	0.02250	0.02494	0.01893	0.08555	0.02329	0.38845	0.01342	0.09050	0.18273	0.02310	0.01723	0.04723	0.01407	0.00861	0.00686	0.00210	0.00995	0.00640	0.00493	0.00921
8	0.04248	0.01859	0.09244	0.11976	0.30462	0.04818	0.03749	0.08660	0.01759	0.06917	0.01657	0.01954	0.03934	0.00772	0.00793	0.00224	0.04873	0.00655	0.00427	0.01021
9	0.01566	0.01456	0.02366	0.11499	0.46577	0.01491	0.01820	0.02054	0.05174	0.02348	0.10648	0.02565	0.05685	0.00831	0.00732	0.00219	0.00750	0.00776	0.00441	0.01001
10	0.01048	0.00687	0.00882	0.00964	0.01083	0.00624	0.00673	0.01208	0.01503	0.07065	0.09500	0.53694	0.14382	0.02006	0.00879	0.00272	0.00414	0.01792	0.00687	0.00636
11	0.01644	0.01601	0.02816	0.22497	0.46718	0.01673	0.08452	0.02098	0.01575	0.02188	0.01330	0.01814	0.01076	0.00652	0.00720	0.00221	0.00907	0.00654	0.00344	0.01023
12	0.03953	0.14323	0.30637	0.02147	0.09933	0.03954	0.10671	0.04973	0.01628	0.06041	0.01375	0.01625	0.01045	0.00864	0.03626	0.00250	0.00996	0.00575	0.00373	0.01009
13	0.01136	0.00809	0.01009	0.01046	0.04895	0.00722	0.00728	0.01399	0.01805	0.07434	0.32501	0.08499	0.32269	0.01545	0.00827	0.00233	0.00397	0.01330	0.00711	0.00704
14	0.00865	0.00628	0.00817	0.00968	0.01027	0.00580	0.00651	0.00994	0.01386	0.01827	0.04208	0.68675	0.10362	0.02194	0.00903	0.00285	0.00409	0.01979	0.00661	0.00580
15	0.01679	0.01655	0.05531	0.15198	0.22852	0.03681	0.16386	0.05694	0.01694	0.05089	0.01784	0.09407	0.01588	0.00885	0.00766	0.00235	0.00899	0.03593	0.00432	0.00952
16	0.07594	0.02391	0.21224	0.04151	0.08569	0.10183	0.08164	0.10180	0.06296	0.12007	0.01623	0.01753	0.01170	0.00740	0.00688	0.00220	0.00914	0.00609	0.00484	0.01040
17	0.01483	0.01407	0.02386	0.50454	0.26633	0.01618	0.02046	0.01941	0.01489	0.01987	0.01290	0.01853	0.01008	0.00686	0.00710	0.00229	0.00915	0.00633	0.00328	0.00903
18	0.12320	0.07714	0.08859	0.01589	0.05793	0.01416	0.09148	0.05473	0.03691	0.08375	0.11113	0.10122	0.05109	0.01000	0.00699	0.00220	0.00678	0.00864	0.00538	0.05281
19	0.04276	0.26427	0.11831	0.02075	0.08217	0.10631	0.15863	0.08611	0.01763	0.02257	0.01235	0.01479	0.00991	0.00658	0.00634	0.00197	0.00959	0.00554	0.00371	0.00973
20	0.01695	0.07520	0.16542	0.04521	0.06049	0.13216	0.14256	0.06579	0.01755	0.02198	0.02311	0.07395	0.10995	0.00945	0.00731	0.00222	0.00923	0.00824	0.00431	0.00896
21	0.04065	0.12754	0.21568	0.01633	0.02257	0.08499	0.03765	0.06154	0.20103	0.06237	0.01877	0.04889	0.01478	0.00834	0.00668	0.00218	0.00825	0.00661	0.00497	0.01018
22	0.06730	0.12959	0.11359	0.01509	0.06672	0.04771	0.01262	0.02243	0.12071	0.06089	0.05766	0.11343	0.05082	0.01003	0.00668	0.00212	0.00667	0.00823	0.02728	0.06046
23	0.07436	0.11987	0.08494	0.01334	0.01785	0.07457	0.01168	0.09610	0.06750	0.07222	0.01734	0.05127	0.01521	0.10369	0.04786	0.00311	0.03366	0.00671	0.00484	0.08390

[dist]
# distance from previous block
# <min> <max>
0	12

[block]
# block no. 3 follows, 29 sequences, length 39
# corresponding to MSA columns:
# 175-213
name=unknown_D
#
# <colnr> <probs for GDERKNQSTAVLIFYWHMCP>
#	G	D	E	R	K	N	Q	S	T	A	V	L	I	F	Y	W	H	M	C	P
0	0.07838	0.08794	0.08408	0.04419	0.11514	0.04092	0.01395	0.11249	0.08474	0.10065	0.01948	0.06971	0.01633	0.00908	0.00674	0.00218	0.00725	0.03799	0.03392	0.03482
1	0.02037	0.07825	0.06972	0.03836	0.04406	0.09036	0.01309	0.15283	0.13267	0.09557	0.07809	0.02306	0.04170	0.00897	0.00747	0.00211	0.03395	0.00698	0.00580	0.05658
2	0.04412	0.05283	0.02203	0.02012	0.12667	0.09153	0.09901	0.04759	0.14024	0.07587	0.01939	0.08679	0.01644	0.00862	0.00694	0.00208	0.00769	0.00760	0.00514	0.11929
3	0.16977	0.14632	0.13516	0.04343	0.08517	0.05221	0.01478	0.09138	0.08507	0.09043	0.01520	0.01626	0.01142	0.00728	0.00608	0.00209	0.00776	0.00542	0.00475	0.01000
4	0.02006	0.01608	0.06512	0.13985	0.07269	0.04798	0.03714	0.08674	0.07448	0.17719	0.07136	0.04188	0.01821	0.00872	0.00759	0.00219	0.02809	0.00729	0.00572	0.07162
5	0.00960	0.00717	0.00953	0.01086	0.04103	0.00682	0.00716	0.01148	0.01501	0.02031	0.18466	0.38467	0.11054	0.08317	0.06071	0.00360	0.00538	0.01577	0.00636	0.00617
6	0.01769	0.01562	0.01864	0.02029	0.15476	0.01755	0.01337	0.03467	0.55832	0.02849	0.02589	0.02479	0.01966	0.00900	0.00721	0.00236	0.00620	0.00771	0.00651	0.01127
7	0.06436	0.01429	0.01883	0.13008	0.16902	0.01548	0.01408	0.10159	0.17899	0.07719	0.07184	0.02633	0.06901	0.00916	0.00716	0.00227	0.00680	0.00778	0.00575	0.00999
8	0.01709	0.01637	0.02793	0.13221	0.62102	0.01678	0.02159	0.02138	0.01596	0.02261	0.01330	0.01780	0.01105	0.00644	0.00706	0.00215	0.00859	0.00634	0.00348	0.01085
9	0.04305	0.33811	0.21541	0.01674	0.02357	0.04601	0.08220	0.06017	0.01607	0.02131	0.01292	0.01704	0.01096	0.00732	0.00657	0.00201	0.03061	0.03686	0.00357	0.00949
10	0.00918	0.00686	0.00860	0.00985	0.01073	0.00652	0.00674	0.01161	0.05424	0.01900	0.04269	0.61904	0.12639	0.02103	0.00890	0.00280	0.00416	0.01888	0.00665	0.00614
11	0.01694	0.16555	0.14442	0.04740	0.14694	0.01940	0.08407	0.02097	0.01472	0.05061	0.01390	0.01974	0.01199	0.00857	0.01031	0.00235	0.16450	0.04452	0.00366	0.00945
12	0.02332	0.01971	0.02277	0.04256	0.06668	0.10409	0.08606	0.29909	0.13391	0.07897	0.01814	0.01889	0.01333	0.00826	0.00769	0.00221	0.03072	0.00671	0.00598	0.01092
13	0.01181	0.00889	0.01295	0.01596	0.08633	0.00885	0.01203	0.01497	0.01607	0.02117	0.03533	0.14573	0.03854	0.01857	0.00946	0.00312	0.00649	0.52051	0.00625	0.00697
14	0.13939	0.41014	0.02752	0.01280	0.01831	0.04752	0.01160	0.12362	0.06554	0.06479	0.01345	0.01418	0.01076	0.00700	0.00534	0.00183	0.00728	0.00473	0.00453	0.00967
15	0.01116	0.00789	0.00935	0.00889	0.01112	0.00718	0.00669	0.01459	0.05166	0.06872	0.34423	0.10270	0.29773	0.01577	0.00831	0.00235	0.00379	0.01357	0.00733	0.00697
16	0.02202	0.27624	0.05185	0.01878	0.12993	0.09526	0.01414	0.07295	0.05947	0.14568	0.01655	0.01858	0.01303	0.00762	0.00623	0.00196	0.00800	0.02660	0.00489	0.01024
17	0.07259	0.11434	0.31904	0.01921	0.02717	0.01853	0.13608	0.11653	0.01805	0.07240	0.01417	0.01602	0.01028	0.00693	0.00671	0.00217	0.00941	0.00584	0.00419	0.01033
18	0.00868	0.00620	0.00826	0.00991	0.01033	0.00578	0.00661	0.00991	0.01363	0.01818	0.03925	0.74510	0.04710	0.02231	0.00909	0.00289	0.00413	0.02024	0.00661	0.00578
19	0.02660	0.03394	0.02018	0.01834	0.02201	0.72116	0.01376	0.02843	0.02018	0.01743	0.01101	0.01284	0.00917	0.00734	0.00642	0.00183	0.01284	0.00459	0.00367	0.00825
20	0.08845	0.04537	0.07186	0.14626	0.13549	0.08477	0.05839	0.06502	0.07476	0.09572	0.01584	0.01814	0.01190	0.00751	0.00722	0.00220	0.03068	0.00615	0.02452	0.00975
21	0.00974	0.00667	0.00895	0.00998	0.01079	0.00631	0.00717	0.01098	0.01442	0.01923	0.12440	0.42211	0.08237	0.02101	0.01167	0.11265	0.00462	0.10500	0.00628	0.00565
22	0.00865	0.00631	0.00815	0.00963	0.01025	0.00581	0.00648	0.00995	0.01391	0.01829	0.04277	0.67263	0.11730	0.02185	0.00902	0.00284	0.00408	0.01968	0.00661	0.00581
23	0.55537	0.01398	0.01477	0.01514	0.09784	0.01588	0.03965	0.02005	0.01283	0.02839	0.01260	0.06573	0.01123	0.00812	0.00667	0.00232	0.06128	0.00571	0.00433	0.00809
24	0.09575	0.01696	0.02061	0.36215	0.05801	0.10645	0.03893	0.11420	0.03961	0.02418	0.01341	0.01720	0.01020	0.00722	0.00672	0.00218	0.00901	0.00590	0.00412	0.04720
25	0.01831	0.06262	0.06865	0.07683	0.17721	0.04248	0.18013	0.10023	0.12503	0.02567	0.01613	0.01868	0.01242	0.00710	0.00718	0.00218	0.00900	0.00678	0.00449	0.03891
26	0.01902	0.02073	0.04579	0.04736	0.12531	0.20464	0.07571	0.05015	0.17538	0.02327	0.04094	0.05558	0.01680	0.01043	0.03371	0.00256	0.03091	0.00737	0.00483	0.00949
27	0.07755	0.04053	0.04151	0.04974	0.03836	0.07942	0.03889	0.08411	0.12207	0.16922	0.07197	0.05745	0.05267	0.03519	0.00808	0.00239	0.00706	0.00803	0.00617	0.00960
28	0.02036	0.04152	0.13042	0.03993	0.06594	0.09762	0.01468	0.11914	0.16382	0.10430	0.02076	0.02094	0.04192	0.00823	0.00682	0.00209	0.00785	0.00653	0.00552	0.08161
29	0.08192	0.07553	0.02013	0.01488	0.01991	0.11342	0.03608	0.24764	0.08496	0.09830	0.01792	0.05269	0.01410	0.00844	0.00661	0.00203	0.00767	0.00653	0.00588	0.08537
30	0.01888	0.15042	0.09917	0.03858	0.02026	0.16567	0.01311	0.06707	0.12604	0.05631	0.02248	0.11511	0.05745	0.01016	0.00684	0.00215	0.00804	0.00805	0.00508	0.00913
31	0.04497	0.01723	0.08732	0.08128	0.02219	0.04972	0.03283	0.15944	0.15655	0.08860	0.06628	0.05635	0.08610	0.01014	0.00731	0.00229	0.00712	0.00837	0.00612	0.00980
32	0.06368	0.05799	0.01832	0.04376	0.13215	0.03694	0.01209	0.09152	0.11205	0.08374	0.07639	0.07587	0.05989	0.00965	0.00691	0.00210	0.00641	0.00808	0.00570	0.09675
33	0.04531	0.07990	0.08233	0.03760	0.03924	0.04930	0.01278	0.10067	0.08161	0.16804	0.04617	0.02137	0.01597	0.05159	0.00937	0.00236	0.05389	0.00648	0.00559	0.09042
34	0.05088	0.05969	0.09468	0.04127	0.02104	0.03889	0.06301	0.09380	0.10133	0.13032	0.02260	0.14216	0.01987	0.01049	0.00722	0.00228	0.00721	0.03038	0.00579	0.05709
35	0.05790	0.08830	0.15337	0.04015	0.06789	0.01800	0.01520	0.22725	0.06766	0.04685	0.03622	0.01762	0.01316	0.00752	0.00648	0.00199	0.00763	0.00585	0.00514	0.11582
36	0.01946	0.08516	0.04202	0.06789	0.02071	0.06618	0.01181	0.11464	0.04311	0.11312	0.04140	0.02026	0.03779	0.00934	0.03013	0.00214	0.03257	0.00608	0.00521	0.23097
37	0.09328	0.01639	0.10729	0.01573	0.04502	0.01385	0.06046	0.08755	0.04766	0.17057	0.04251	0.08862	0.05030	0.00983	0.00801	0.00225	0.05018	0.00807	0.00578	0.07668
38	0.06877	0.03340	0.01877	0.05993	0.12889	0.01392	0.03397	0.06454	0.04678	0.13418	0.04474	0.10252	0.04354	0.00992	0.00828	0.00220	0.06391	0.00821	0.00546	0.10806

[dist]
# distance from previous block
# <min> <max>
9	34

[block]
# block no. 4 follows, 29 sequences, length 27
# corresponding to MSA columns:
# 250-276
name=unknown_E
#
# <colnr> <probs for GDERKNQSTAVLIFYWHMCP>
#	G	D	E	R	K	N	Q	S	T	A	V	L	I	F	Y	W	H	M	C	P
0	0.02012	0.01633	0.04317	0.06689	0.04756	0.08449	0.07776	0.07024	0.04513	0.16680	0.07615	0.02292	0.03898	0.00809	0.00691	0.00195	0.00745	0.00691	0.00561	0.18654
1	0.04997	0.03512	0.06741	0.10644	0.17995	0.01506	0.06745	0.03736	0.07722	0.06293	0.04812	0.02465	0.05253	0.00853	0.00769	0.00220	0.03601	0.03068	0.00471	0.08596
2	0.01561	0.05448	0.09626	0.01899	0.09699	0.03720	0.11002	0.06982	0.06452	0.02459	0.11699	0.07102	0.06886	0.00984	0.00797	0.00218	0.03606	0.00863	0.00505	0.08490
3	0.04644	0.04886	0.04516	0.02090	0.15031	0.09497	0.04615	0.11298	0.07762	0.07589	0.01818	0.09313	0.01576	0.00930	0.00826	0.00221	0.06492	0.00755	0.00507	0.05634
4	0.03618	0.01493	0.04506	0.14922	0.11409	0.04130	0.06078	0.04786	0.07364	0.09891	0.02335	0.07358	0.07863	0.00922	0.00714	0.00217	0.00742	0.00806	0.00509	0.10337
5	0.08032	0.01667	0.06879	0.01963	0.13153	0.07068	0.08032	0.07395	0.01743	0.08234	0.04438	0.15639	0.01997	0.01004	0.00716	0.00218	0.00747	0.00885	0.00514	0.09676
6	0.01874	0.01694	0.04904	0.09647	0.16249	0.04564	0.07328	0.14267	0.10919	0.05914	0.03947	0.05152	0.01719	0.00887	0.00735	0.00225	0.00797	0.03872	0.00530	0.04777
7	0.01711	0.07104	0.01769	0.10425	0.02101	0.01442	0.01133	0.10885	0.10193	0.06515	0.04619	0.08662	0.01870	0.00934	0.00728	0.00199	0.03309	0.02243	0.02606	0.21551
8	0.01787	0.01973	0.13997	0.04265	0.09054	0.05938	0.01503	0.11065	0.14330	0.04398	0.01842	0.06970	0.01524	0.00866	0.00749	0.00210	0.03624	0.00700	0.00506	0.14698
9	0.02392	0.01733	0.01927	0.05184	0.02195	0.01907	0.01278	0.39047	0.20911	0.10247	0.02100	0.02037	0.01506	0.00870	0.00710	0.00220	0.00707	0.00685	0.00702	0.03641
10	0.01711	0.12896	0.02027	0.13504	0.06141	0.03873	0.01299	0.07875	0.07907	0.07253	0.02197	0.09971	0.04507	0.03717	0.02734	0.00272	0.06312	0.04424	0.00506	0.00875
11	0.00975	0.00758	0.00996	0.08404	0.01434	0.00730	0.00776	0.01243	0.01721	0.02309	0.34256	0.20886	0.19612	0.01629	0.00842	0.00244	0.00423	0.01433	0.00681	0.00648
12	0.01477	0.01266	0.01477	0.01055	0.01687	0.00949	0.00844	0.01793	0.01477	0.02320	0.01266	0.01477	0.01055	0.00527	0.00527	0.00105	0.00527	0.00422	0.00422	0.79328
13	0.01646	0.12923	0.12019	0.05364	0.06882	0.06988	0.05212	0.06882	0.08599	0.02298	0.04238	0.14355	0.01952	0.00992	0.00696	0.00215	0.00773	0.00844	0.00475	0.06647
14	0.01761	0.28715	0.27060	0.01851	0.09417	0.04419	0.01783	0.02293	0.04020	0.04768	0.01294	0.01470	0.01022	0.00657	0.00592	0.00188	0.00859	0.00493	0.00357	0.06980
15	0.00868	0.00620	0.00826	0.00991	0.01033	0.00578	0.00661	0.00991	0.01363	0.01818	0.03925	0.74510	0.04710	0.02231	0.00909	0.00289	0.00413	0.02024	0.00661	0.00578
16	0.01641	0.02094	0.17094	0.02338	0.11572	0.06902	0.18658	0.02153	0.03627	0.05031	0.01936	0.09663	0.03755	0.00959	0.00906	0.00242	0.07290	0.02781	0.00425	0.00931
17	0.02109	0.14940	0.20833	0.01724	0.04791	0.09220	0.01639	0.13556	0.11568	0.10333	0.01688	0.01731	0.01243	0.00763	0.00654	0.00208	0.00855	0.00579	0.00504	0.01063
18	0.01881	0.44134	0.18500	0.01389	0.02094	0.02184	0.01480	0.02258	0.01522	0.08800	0.01265	0.01386	0.01011	0.00643	0.00540	0.00171	0.00787	0.00451	0.00374	0.09129
19	0.01579	0.02630	0.31180	0.02610	0.03464	0.01742	0.41680	0.02271	0.01609	0.02271	0.01375	0.01753	0.01009	0.00631	0.00774	0.00234	0.01141	0.00714	0.00336	0.00997
20	0.05034	0.49809	0.03043	0.01274	0.01810	0.02330	0.03724	0.08391	0.01625	0.06739	0.01331	0.01681	0.01175	0.08386	0.00843	0.00225	0.00754	0.00515	0.00404	0.00909
21	0.01112	0.00855	0.01253	0.01100	0.01202	0.00835	0.09774	0.01204	0.01149	0.01537	0.02256	0.09423	0.02537	0.59348	0.03040	0.00599	0.00740	0.01081	0.00439	0.00515
22	0.00868	0.00620	0.00826	0.00991	0.01033	0.00578	0.00661	0.00991	0.01363	0.01818	0.03925	0.74510	0.04710	0.02231	0.00909	0.00289	0.00413	0.02024	0.00661	0.00578
23	0.01769	0.63982	0.06862	0.01208	0.01802	0.02528	0.01220	0.02023	0.01468	0.01731	0.01652	0.01754	0.08122	0.00737	0.00508	0.00165	0.00735	0.00505	0.00341	0.00888
24	0.20099	0.15432	0.11696	0.01380	0.01906	0.01916	0.01294	0.19152	0.04668	0.02848	0.01320	0.01529	0.01043	0.00928	0.00876	0.08432	0.03581	0.00522	0.00460	0.00918
25	0.01059	0.00936	0.00941	0.01036	0.01156	0.08031	0.00729	0.01208	0.01494	0.01843	0.04290	0.50767	0.17534	0.01979	0.00870	0.00270	0.00502	0.04112	0.00630	0.00612
26	0.00917	0.00736	0.00932	0.08408	0.01423	0.00701	0.00767	0.01108	0.01486	0.01873	0.04982	0.36952	0.30983	0.01889	0.00864	0.00265	0.00456	0.04022	0.00625	0.00613

[dist]
# distance from previous block
# <min> <max>
0	7

# created by:
# /home/berkeley/.conda/envs/busco_data_prod/bin/msa2prfl.pl pipeline/OGs_align_augustus/4893/40726.fs
