[name]
unknown

[dist]
# distance from previous block
# <min> <max>
45	212

[block]
# block no. 0 follows, 32 sequences, length 103
# corresponding to MSA columns:
# 297-399
name=unknown_A
#
# <colnr> <probs for GDERKNQSTAVLIFYWHMCP>
#	G	D	E	R	K	N	Q	S	T	A	V	L	I	F	Y	W	H	M	C	P
0	0.08733	0.10395	0.01821	0.01331	0.01734	0.12896	0.04164	0.14678	0.08748	0.05328	0.01984	0.04469	0.05846	0.03649	0.05368	0.00268	0.00795	0.02670	0.00498	0.04624
1	0.02034	0.10665	0.01984	0.01392	0.01864	0.06195	0.04233	0.23986	0.14319	0.08497	0.01755	0.01819	0.01328	0.01026	0.05395	0.00245	0.00764	0.00594	0.03296	0.08609
2	0.07599	0.12707	0.18658	0.01675	0.05127	0.08851	0.04630	0.19898	0.08059	0.02685	0.01404	0.01526	0.01063	0.00699	0.00607	0.00196	0.00817	0.00533	0.02299	0.00969
3	0.12168	0.16817	0.10236	0.01550	0.04273	0.13025	0.04442	0.21349	0.01949	0.02673	0.01261	0.01408	0.00977	0.00681	0.00573	0.00187	0.00808	0.00496	0.04204	0.00922
4	0.01929	0.21210	0.08613	0.01527	0.04417	0.07238	0.04415	0.19869	0.06867	0.05189	0.01817	0.01994	0.05589	0.00787	0.00616	0.00189	0.00752	0.02542	0.00479	0.03961
5	0.01707	0.05294	0.35760	0.01675	0.02376	0.04512	0.04887	0.06376	0.09808	0.10216	0.01630	0.04061	0.01232	0.00758	0.00703	0.00209	0.03421	0.00604	0.00437	0.04336
6	0.04433	0.11223	0.21295	0.01795	0.07400	0.08849	0.06505	0.06289	0.04470	0.04886	0.07266	0.01787	0.01445	0.00753	0.00745	0.00202	0.06358	0.00586	0.00406	0.03303
7	0.06876	0.05111	0.22969	0.01902	0.08224	0.03403	0.13748	0.01903	0.03552	0.02075	0.02180	0.04542	0.12285	0.00886	0.00812	0.00221	0.07328	0.00745	0.00385	0.00852
8	0.04092	0.01405	0.07485	0.05133	0.06576	0.03758	0.03175	0.03985	0.09267	0.02119	0.06156	0.05082	0.11065	0.05529	0.02976	0.00271	0.09744	0.04586	0.00470	0.07127
9	0.00978	0.00720	0.01002	0.01049	0.01115	0.00732	0.02795	0.01103	0.01259	0.03806	0.03192	0.57768	0.03742	0.09644	0.01228	0.00310	0.06782	0.01628	0.00570	0.00576
10	0.01335	0.00947	0.01305	0.07336	0.01621	0.00954	0.03476	0.04200	0.03445	0.09318	0.21065	0.07086	0.08200	0.03793	0.09916	0.00333	0.03270	0.02969	0.02608	0.06821
11	0.01251	0.00625	0.00625	0.00625	0.00782	0.00625	0.00469	0.01563	0.01407	0.02502	0.02189	0.02502	0.01720	0.00782	0.00469	0.00156	0.00313	0.00625	0.80144	0.00625
12	0.01577	0.04388	0.09833	0.08764	0.36641	0.01662	0.20930	0.02049	0.01498	0.02099	0.01255	0.01663	0.01004	0.00615	0.00736	0.00211	0.03147	0.00633	0.00324	0.00971
13	0.01166	0.00583	0.00874	0.00874	0.00874	0.00583	0.00583	0.00874	0.00874	0.01166	0.01166	0.02040	0.01166	0.02331	0.02622	0.80478	0.00583	0.00583	0.00291	0.00291
14	0.01864	0.36384	0.16308	0.01571	0.06044	0.08698	0.01467	0.07934	0.07322	0.04736	0.01282	0.01395	0.01022	0.00655	0.00550	0.00177	0.00801	0.00471	0.00379	0.00941
15	0.09064	0.13468	0.05077	0.01672	0.02139	0.17395	0.12381	0.13592	0.01808	0.05849	0.03183	0.01535	0.01114	0.00737	0.00769	0.00201	0.08152	0.00553	0.00424	0.00886
16	0.01251	0.00625	0.00625	0.00625	0.00782	0.00625	0.00469	0.01563	0.01407	0.02502	0.02189	0.02502	0.01720	0.00782	0.00469	0.00156	0.00313	0.00625	0.80144	0.00625
17	0.37177	0.13215	0.01820	0.01309	0.04293	0.03928	0.04246	0.13264	0.01571	0.02741	0.01159	0.01363	0.00928	0.00858	0.03659	0.00235	0.03766	0.00467	0.03169	0.00831
18	0.01387	0.01564	0.11618	0.09584	0.15517	0.01351	0.11953	0.05187	0.03588	0.02174	0.05962	0.11353	0.02105	0.01034	0.00804	0.00236	0.03588	0.09705	0.00444	0.00844
19	0.01410	0.01589	0.16501	0.04394	0.15553	0.01180	0.03492	0.04622	0.03423	0.07081	0.15436	0.09296	0.07489	0.01059	0.00728	0.00221	0.00659	0.04493	0.00515	0.00857
20	0.00976	0.00651	0.00732	0.00732	0.00732	0.00651	0.00407	0.00976	0.00976	0.01301	0.02114	0.04391	0.02439	0.76419	0.03415	0.00651	0.00651	0.00976	0.00407	0.00407
21	0.02199	0.04567	0.05330	0.01598	0.02066	0.24663	0.06131	0.14923	0.12505	0.10636	0.01733	0.01949	0.01338	0.00793	0.00657	0.00199	0.00864	0.03644	0.00521	0.03685
22	0.01682	0.01829	0.05918	0.02537	0.03168	0.01722	0.53853	0.11064	0.01766	0.02401	0.01447	0.01960	0.01123	0.00664	0.00820	0.00228	0.03425	0.03078	0.00389	0.00924
23	0.01787	0.01180	0.01432	0.01043	0.01620	0.00917	0.00842	0.02076	0.01521	0.19415	0.01548	0.01609	0.01157	0.00578	0.00540	0.00126	0.00515	0.00465	0.00503	0.61125
24	0.01364	0.06489	0.70085	0.01881	0.02855	0.01603	0.02424	0.02120	0.01414	0.02102	0.01193	0.01403	0.00850	0.00635	0.00629	0.00210	0.00980	0.00490	0.00283	0.00986
25	0.00851	0.00682	0.02973	0.00934	0.01003	0.00589	0.00651	0.00976	0.01260	0.01681	0.03531	0.63498	0.06063	0.10543	0.01140	0.00313	0.00436	0.01744	0.00588	0.00543
26	0.00827	0.00590	0.00789	0.00945	0.00988	0.00553	0.00639	0.00950	0.01294	0.01723	0.03693	0.73629	0.04418	0.02094	0.00859	0.00274	0.00397	0.04170	0.00623	0.00548
27	0.00959	0.00719	0.01078	0.01078	0.01198	0.00839	0.00839	0.01198	0.01078	0.01558	0.01797	0.02636	0.01677	0.05032	0.73760	0.01078	0.01797	0.00719	0.00359	0.00599
28	0.01660	0.01702	0.02040	0.01742	0.01849	0.11550	0.03582	0.06562	0.01322	0.01824	0.01084	0.04521	0.01048	0.01103	0.01781	0.00268	0.54625	0.00629	0.00342	0.00766
29	0.01468	0.01468	0.02055	0.01762	0.01762	0.02055	0.01468	0.01615	0.01028	0.01615	0.00881	0.01468	0.00881	0.01174	0.02202	0.00294	0.75191	0.00587	0.00294	0.00734
30	0.00824	0.00589	0.00784	0.00930	0.00975	0.00549	0.00623	0.00949	0.01313	0.01758	0.06817	0.72734	0.04524	0.02069	0.00853	0.00270	0.00386	0.01876	0.00628	0.00549
31	0.01251	0.00625	0.00625	0.00625	0.00782	0.00625	0.00469	0.01563	0.01407	0.02502	0.02189	0.02502	0.01720	0.00782	0.00469	0.00156	0.00313	0.00625	0.80144	0.00625
32	0.01718	0.01898	0.03195	0.02642	0.11407	0.10401	0.40196	0.04381	0.01579	0.02078	0.01240	0.01659	0.00987	0.00689	0.00973	0.00226	0.12810	0.00686	0.00343	0.00890
33	0.01775	0.73732	0.06441	0.01180	0.01772	0.02609	0.01204	0.02014	0.01366	0.01602	0.00944	0.01091	0.00861	0.00577	0.00439	0.00146	0.00729	0.00365	0.00287	0.00867
34	0.01468	0.01468	0.02055	0.01762	0.01762	0.02055	0.01468	0.01615	0.01028	0.01615	0.00881	0.01468	0.00881	0.01174	0.02202	0.00294	0.75191	0.00587	0.00294	0.00734
35	0.00944	0.00686	0.00889	0.00838	0.00999	0.00631	0.00628	0.01255	0.01885	0.02658	0.69426	0.05067	0.08805	0.01384	0.00791	0.00212	0.00317	0.01221	0.00734	0.00631
36	0.77438	0.01325	0.01035	0.00914	0.01335	0.01532	0.00753	0.05192	0.01237	0.03068	0.00966	0.01115	0.00746	0.00632	0.00427	0.00207	0.00529	0.00375	0.00427	0.00746
37	0.01267	0.01193	0.02013	0.74806	0.04621	0.01491	0.01863	0.01714	0.01342	0.01714	0.01193	0.01789	0.00894	0.00671	0.00671	0.00224	0.00894	0.00596	0.00298	0.00745
38	0.01648	0.01581	0.02700	0.06411	0.70041	0.01591	0.02053	0.02048	0.01522	0.02177	0.01260	0.01665	0.01057	0.00600	0.00664	0.00200	0.00800	0.00598	0.00331	0.01053
39	0.02551	0.01879	0.02014	0.01544	0.02081	0.02081	0.01275	0.69996	0.03155	0.04229	0.01611	0.01611	0.01141	0.00805	0.00671	0.00201	0.00738	0.00604	0.00671	0.01141
40	0.01556	0.01772	0.05892	0.06226	0.11398	0.01713	0.48055	0.02053	0.01493	0.02069	0.01276	0.01737	0.00995	0.00650	0.00936	0.00231	0.09998	0.00725	0.00329	0.00898
41	0.01627	0.01613	0.02636	0.16337	0.52808	0.04996	0.06162	0.02034	0.01516	0.02080	0.01245	0.01671	0.01021	0.00613	0.00670	0.00204	0.00854	0.00602	0.00327	0.00984
42	0.02506	0.03198	0.01901	0.01729	0.02074	0.73725	0.01296	0.02679	0.01901	0.01642	0.01037	0.01210	0.00864	0.00691	0.00605	0.00173	0.01210	0.00432	0.00346	0.00778
43	0.00818	0.00584	0.00779	0.00934	0.00973	0.00545	0.00623	0.00934	0.01285	0.01713	0.03698	0.75981	0.04438	0.02102	0.00856	0.00273	0.00389	0.01908	0.00623	0.00545
44	0.01576	0.01865	0.06261	0.02798	0.03487	0.01692	0.67551	0.02149	0.01578	0.02149	0.01352	0.01797	0.01012	0.00568	0.00787	0.00226	0.01127	0.00782	0.00337	0.00908
45	0.00818	0.00584	0.00779	0.00934	0.00973	0.00545	0.00623	0.00934	0.01285	0.01713	0.03698	0.75981	0.04438	0.02102	0.00856	0.00273	0.00389	0.01908	0.00623	0.00545
46	0.02455	0.06956	0.02018	0.01823	0.07391	0.56588	0.01314	0.02657	0.01845	0.09161	0.01218	0.01350	0.00963	0.00692	0.00607	0.00177	0.01084	0.00466	0.00392	0.00843
47	0.01251	0.00625	0.00625	0.00625	0.00782	0.00625	0.00469	0.01563	0.01407	0.02502	0.02189	0.02502	0.01720	0.00782	0.00469	0.00156	0.00313	0.00625	0.80144	0.00625
48	0.01526	0.01577	0.02745	0.06790	0.15437	0.01830	0.22011	0.01862	0.01304	0.01887	0.01112	0.01624	0.00956	0.00857	0.01408	0.00252	0.35010	0.00651	0.00315	0.00846
49	0.01166	0.00583	0.00874	0.00874	0.00874	0.00583	0.00583	0.00874	0.00874	0.01166	0.01166	0.02040	0.01166	0.02331	0.02622	0.80478	0.00583	0.00583	0.00291	0.00291
50	0.53776	0.12600	0.07184	0.01231	0.05956	0.01681	0.01032	0.03701	0.01295	0.04961	0.01048	0.01201	0.00818	0.00626	0.00465	0.00198	0.00610	0.00404	0.00400	0.00812
51	0.02022	0.23611	0.04600	0.01620	0.02082	0.21778	0.07985	0.11744	0.08141	0.02151	0.01265	0.01432	0.01026	0.00720	0.00724	0.00190	0.07101	0.00515	0.00398	0.00893
52	0.01251	0.00625	0.00625	0.00625	0.00782	0.00625	0.00469	0.01563	0.01407	0.02502	0.02189	0.02502	0.01720	0.00782	0.00469	0.00156	0.00313	0.00625	0.80144	0.00625
53	0.01750	0.05085	0.02261	0.02100	0.14614	0.08207	0.13514	0.04293	0.25582	0.04485	0.01858	0.02052	0.01458	0.03382	0.00810	0.00226	0.02929	0.00678	0.03763	0.00953
54	0.01818	0.01167	0.01354	0.01169	0.01530	0.01214	0.00920	0.05606	0.31109	0.19993	0.18233	0.03236	0.07631	0.01042	0.00712	0.00218	0.00489	0.00877	0.00727	0.00956
55	0.01651	0.01645	0.05030	0.03785	0.63254	0.01600	0.01980	0.02202	0.08021	0.02247	0.01397	0.01731	0.01148	0.00628	0.00665	0.00202	0.00779	0.00609	0.00363	0.01060
56	0.01669	0.01441	0.01517	0.01365	0.01745	0.01669	0.01062	0.03565	0.71021	0.02807	0.02731	0.02503	0.02048	0.00910	0.00683	0.00228	0.00531	0.00759	0.00683	0.01062
57	0.01195	0.05301	0.39341	0.01425	0.02044	0.01209	0.01637	0.01754	0.01620	0.02344	0.31352	0.02937	0.03189	0.00948	0.00695	0.00209	0.00692	0.00796	0.00478	0.00833
58	0.01661	0.01594	0.02724	0.04119	0.72233	0.01594	0.02059	0.02059	0.01528	0.02192	0.01262	0.01661	0.01063	0.00598	0.00664	0.00199	0.00797	0.00598	0.00332	0.01063
59	0.01267	0.01193	0.02013	0.74806	0.04621	0.01491	0.01863	0.01714	0.01342	0.01714	0.01193	0.01789	0.00894	0.00671	0.00671	0.00224	0.00894	0.00596	0.00298	0.00745
60	0.01794	0.76823	0.03516	0.01148	0.01722	0.02655	0.01148	0.02009	0.01363	0.01579	0.00933	0.01076	0.00861	0.00574	0.00431	0.00144	0.00718	0.00359	0.00287	0.00861
61	0.01468	0.01468	0.02055	0.01762	0.01762	0.02055	0.01468	0.01615	0.01028	0.01615	0.00881	0.01468	0.00881	0.01174	0.02202	0.00294	0.75191	0.00587	0.00294	0.00734
62	0.00805	0.00684	0.00697	0.00703	0.00927	0.00575	0.00534	0.00981	0.01530	0.01821	0.06661	0.06504	0.69092	0.01706	0.00799	0.00230	0.00352	0.04210	0.00623	0.00569
63	0.01669	0.01441	0.01517	0.01365	0.01745	0.01669	0.01062	0.03565	0.71021	0.02807	0.02731	0.02503	0.02048	0.00910	0.00683	0.00228	0.00531	0.00759	0.00683	0.01062
64	0.02551	0.01879	0.02014	0.01544	0.02081	0.02081	0.01275	0.69996	0.03155	0.04229	0.01611	0.01611	0.01141	0.00805	0.00671	0.00201	0.00738	0.00604	0.00671	0.01141
65	0.01468	0.01468	0.02055	0.01762	0.01762	0.02055	0.01468	0.01615	0.01028	0.01615	0.00881	0.01468	0.00881	0.01174	0.02202	0.00294	0.75191	0.00587	0.00294	0.00734
66	0.00822	0.00595	0.00777	0.00913	0.00970	0.00550	0.00616	0.00951	0.01329	0.01764	0.07027	0.68024	0.09100	0.02041	0.00849	0.00267	0.00383	0.01842	0.00628	0.00550
67	0.01267	0.01193	0.02013	0.74806	0.04621	0.01491	0.01863	0.01714	0.01342	0.01714	0.01193	0.01789	0.00894	0.00671	0.00671	0.00224	0.00894	0.00596	0.00298	0.00745
68	0.00950	0.00686	0.00897	0.00844	0.01002	0.00633	0.00633	0.01266	0.01899	0.02691	0.71879	0.05012	0.06331	0.01372	0.00791	0.00211	0.00317	0.01213	0.00739	0.00633
69	0.01468	0.01468	0.02055	0.01762	0.01762	0.02055	0.01468	0.01615	0.01028	0.01615	0.00881	0.01468	0.00881	0.01174	0.02202	0.00294	0.75191	0.00587	0.00294	0.00734
70	0.00916	0.00685	0.00850	0.00809	0.00982	0.00619	0.00607	0.01201	0.01820	0.02502	0.57873	0.05323	0.20455	0.01442	0.00792	0.00214	0.00322	0.01257	0.00714	0.00619
71	0.01532	0.01229	0.01494	0.01075	0.01667	0.00961	0.02760	0.04013	0.01486	0.06521	0.01299	0.01464	0.01040	0.00529	0.00522	0.00113	0.00527	0.00432	0.00431	0.70904
72	0.00818	0.00584	0.00779	0.00934	0.00973	0.00545	0.00623	0.00934	0.01285	0.01713	0.03698	0.75981	0.04438	0.02102	0.00856	0.00273	0.00389	0.01908	0.00623	0.00545
73	0.01661	0.01588	0.02678	0.04014	0.69567	0.01597	0.02022	0.02116	0.04156	0.02215	0.01318	0.01693	0.01100	0.00610	0.00665	0.00200	0.00787	0.00604	0.00345	0.01063
74	0.01391	0.01193	0.01391	0.00994	0.01590	0.00894	0.00795	0.01690	0.01391	0.02186	0.01193	0.01391	0.00994	0.00497	0.00497	0.00099	0.00497	0.00398	0.00398	0.80521
75	0.00976	0.00651	0.00732	0.00732	0.00732	0.00651	0.00407	0.00976	0.00976	0.01301	0.02114	0.04391	0.02439	0.76419	0.03415	0.00651	0.00651	0.00976	0.00407	0.00407
76	0.11899	0.05855	0.02112	0.01859	0.13476	0.01570	0.07189	0.18772	0.01997	0.26039	0.01753	0.01765	0.01223	0.00723	0.00637	0.00203	0.00699	0.00600	0.00586	0.01042
77	0.01251	0.00625	0.00625	0.00625	0.00782	0.00625	0.00469	0.01563	0.01407	0.02502	0.02189	0.02502	0.01720	0.00782	0.00469	0.00156	0.00313	0.00625	0.80144	0.00625
78	0.02378	0.01800	0.02006	0.01694	0.07131	0.01964	0.01297	0.57808	0.07063	0.03898	0.01634	0.01658	0.01183	0.00782	0.00663	0.00198	0.00719	0.00603	0.00634	0.04887
79	0.01833	0.01648	0.01740	0.03795	0.08691	0.07719	0.01226	0.11291	0.48379	0.02790	0.02269	0.02186	0.01712	0.00842	0.00673	0.00217	0.00649	0.00693	0.00608	0.01039
80	0.01251	0.00625	0.00625	0.00625	0.00782	0.00625	0.00469	0.01563	0.01407	0.02502	0.02189	0.02502	0.01720	0.00782	0.00469	0.00156	0.00313	0.00625	0.80144	0.00625
81	0.09290	0.06725	0.01903	0.04059	0.05905	0.06043	0.03457	0.22699	0.12169	0.08562	0.08573	0.02033	0.01728	0.00826	0.00691	0.00206	0.02954	0.00648	0.00568	0.00962
82	0.01617	0.01550	0.02645	0.11959	0.64734	0.01583	0.02038	0.02021	0.01507	0.02139	0.01254	0.01675	0.01044	0.00606	0.00665	0.00202	0.00808	0.00598	0.00328	0.01028
83	0.01749	0.01761	0.02541	0.08849	0.51776	0.10696	0.04225	0.04292	0.01616	0.02146	0.01306	0.01780	0.01103	0.00655	0.00669	0.00202	0.00861	0.02433	0.00350	0.00988
84	0.00976	0.00651	0.00732	0.00732	0.00732	0.00651	0.00407	0.00976	0.00976	0.01301	0.02114	0.04391	0.02439	0.76419	0.03415	0.00651	0.00651	0.00976	0.00407	0.00407
85	0.01661	0.01594	0.02724	0.04119	0.72233	0.01594	0.02059	0.02059	0.01528	0.02192	0.01262	0.01661	0.01063	0.00598	0.00664	0.00199	0.00797	0.00598	0.00332	0.01063
86	0.01267	0.01193	0.02013	0.74806	0.04621	0.01491	0.01863	0.01714	0.01342	0.01714	0.01193	0.01789	0.00894	0.00671	0.00671	0.00224	0.00894	0.00596	0.00298	0.00745
87	0.01391	0.01193	0.01391	0.00994	0.01590	0.00894	0.00795	0.01690	0.01391	0.02186	0.01193	0.01391	0.00994	0.00497	0.00497	0.00099	0.00497	0.00398	0.00398	0.80521
88	0.01584	0.01810	0.03959	0.02828	0.03507	0.01697	0.69796	0.02149	0.01584	0.02149	0.01357	0.01810	0.01018	0.00566	0.00792	0.00226	0.01131	0.00792	0.00339	0.00905
89	0.01794	0.76823	0.03516	0.01148	0.01722	0.02655	0.01148	0.02009	0.01363	0.01579	0.00933	0.01076	0.00861	0.00574	0.00431	0.00144	0.00718	0.00359	0.00287	0.00861
90	0.00818	0.00584	0.00779	0.00934	0.00973	0.00545	0.00623	0.00934	0.01285	0.01713	0.03698	0.75981	0.04438	0.02102	0.00856	0.00273	0.00389	0.01908	0.00623	0.00545
91	0.01661	0.01594	0.02724	0.04119	0.72233	0.01594	0.02059	0.02059	0.01528	0.02192	0.01262	0.01661	0.01063	0.00598	0.00664	0.00199	0.00797	0.00598	0.00332	0.01063
92	0.01661	0.01594	0.02724	0.04119	0.72233	0.01594	0.02059	0.02059	0.01528	0.02192	0.01262	0.01661	0.01063	0.00598	0.00664	0.00199	0.00797	0.00598	0.00332	0.01063
93	0.01468	0.01468	0.02055	0.01762	0.01762	0.02055	0.01468	0.01615	0.01028	0.01615	0.00881	0.01468	0.00881	0.01174	0.02202	0.00294	0.75191	0.00587	0.00294	0.00734
94	0.00818	0.00584	0.00779	0.00934	0.00973	0.00545	0.00623	0.00934	0.01285	0.01713	0.03698	0.75981	0.04438	0.02102	0.00856	0.00273	0.00389	0.01908	0.00623	0.00545
95	0.01628	0.01561	0.02665	0.09923	0.66682	0.01586	0.02043	0.02031	0.01513	0.02153	0.01256	0.01671	0.01049	0.00604	0.00665	0.00201	0.00805	0.00598	0.00329	0.01037
96	0.01077	0.00874	0.00979	0.00919	0.01157	0.00871	0.00699	0.01742	0.19208	0.02418	0.32074	0.04876	0.27801	0.01368	0.00765	0.00221	0.00379	0.01168	0.00685	0.00718
97	0.01468	0.01468	0.02055	0.01762	0.01762	0.02055	0.01468	0.01615	0.01028	0.01615	0.00881	0.01468	0.00881	0.01174	0.02202	0.00294	0.75191	0.00587	0.00294	0.00734
98	0.01145	0.00887	0.00946	0.00992	0.01131	0.06815	0.00720	0.01308	0.01454	0.06193	0.08260	0.36837	0.13328	0.08137	0.01038	0.00286	0.00506	0.08810	0.00601	0.00607
99	0.01602	0.24068	0.44141	0.01627	0.02434	0.01876	0.01927	0.05063	0.04788	0.04760	0.01271	0.01412	0.00953	0.00647	0.00584	0.00193	0.00865	0.00481	0.00340	0.00970
100	0.05784	0.25055	0.08387	0.01417	0.01974	0.08116	0.01294	0.28976	0.05426	0.05479	0.01381	0.01441	0.01051	0.00708	0.00578	0.00184	0.00767	0.00504	0.00488	0.00989
101	0.17462	0.10846	0.04151	0.01291	0.01612	0.10176	0.01082	0.02111	0.07475	0.08878	0.03783	0.11042	0.01639	0.00983	0.00892	0.00222	0.14386	0.00703	0.00464	0.00803
102	0.17451	0.01499	0.04615	0.01190	0.01595	0.06430	0.00998	0.18425	0.08782	0.06427	0.06933	0.02991	0.14647	0.01017	0.00658	0.00215	0.00605	0.04084	0.00582	0.00856

[dist]
# distance from previous block
# <min> <max>
0	5

[block]
# block no. 1 follows, 32 sequences, length 17
# corresponding to MSA columns:
# 407-423
name=unknown_B
#
# <colnr> <probs for GDERKNQSTAVLIFYWHMCP>
#	G	D	E	R	K	N	Q	S	T	A	V	L	I	F	Y	W	H	M	C	P
0	0.16807	0.01501	0.02327	0.09957	0.52510	0.01568	0.01787	0.02011	0.01437	0.02305	0.01193	0.01563	0.00983	0.00609	0.00617	0.00203	0.00753	0.00553	0.00345	0.00970
1	0.05692	0.01704	0.12961	0.22218	0.31920	0.01487	0.01880	0.02111	0.01487	0.10186	0.01377	0.01701	0.01037	0.00651	0.00651	0.00209	0.00813	0.00579	0.00377	0.00959
2	0.01722	0.01447	0.02421	0.20528	0.48125	0.01500	0.01890	0.02116	0.01529	0.10170	0.01405	0.01763	0.01092	0.00642	0.00667	0.00206	0.00794	0.00606	0.00381	0.00997
3	0.01679	0.01308	0.01991	0.52250	0.06769	0.01527	0.01682	0.12264	0.01691	0.10261	0.01426	0.01813	0.01027	0.00706	0.00671	0.00217	0.00830	0.00607	0.00417	0.00864
4	0.69041	0.01282	0.01142	0.12095	0.01802	0.01503	0.00899	0.01933	0.01172	0.02814	0.00973	0.01196	0.00752	0.00630	0.00454	0.00210	0.00576	0.00399	0.00397	0.00730
5	0.01637	0.01185	0.01417	0.01024	0.01609	0.00908	0.00824	0.01929	0.01472	0.12881	0.01413	0.01527	0.01095	0.00548	0.00524	0.00116	0.00508	0.00440	0.00463	0.68481
6	0.01809	0.01468	0.02445	0.13827	0.51827	0.01487	0.01868	0.02193	0.01561	0.12817	0.01462	0.01774	0.01129	0.00644	0.00667	0.00204	0.00777	0.00609	0.00403	0.01029
7	0.01632	0.01118	0.01321	0.01068	0.01490	0.01003	0.00845	0.11836	0.03320	0.12587	0.09343	0.10873	0.08484	0.01004	0.00658	0.00179	0.00503	0.02306	0.00591	0.29839
8	0.44922	0.01386	0.01416	0.09772	0.07956	0.03483	0.01064	0.11360	0.01504	0.02803	0.01261	0.05125	0.01059	0.00894	0.03297	0.00243	0.00677	0.00537	0.00437	0.00803
9	0.02211	0.01686	0.01786	0.01518	0.04988	0.06705	0.01174	0.41149	0.06017	0.09019	0.04645	0.02351	0.09500	0.00929	0.00733	0.00207	0.03017	0.00719	0.00632	0.01013
10	0.01624	0.04845	0.05586	0.16389	0.42166	0.05260	0.01851	0.02201	0.09475	0.02119	0.01390	0.01723	0.01117	0.00653	0.00654	0.00204	0.00811	0.00593	0.00363	0.00979
11	0.07579	0.09896	0.02087	0.27760	0.22428	0.01501	0.01521	0.01798	0.01423	0.02059	0.06193	0.04248	0.01474	0.00738	0.00621	0.00202	0.00719	0.00638	0.06293	0.00824
12	0.09323	0.01245	0.07565	0.01562	0.13657	0.01085	0.01099	0.04876	0.04848	0.03876	0.34710	0.03491	0.07880	0.01061	0.00706	0.00210	0.00514	0.00912	0.00585	0.00796
13	0.07459	0.01543	0.01858	0.26589	0.09002	0.11123	0.03620	0.09646	0.05455	0.05265	0.05828	0.06552	0.01574	0.00828	0.00667	0.00213	0.00791	0.00697	0.00450	0.00841
14	0.01422	0.01285	0.02061	0.02945	0.46402	0.01271	0.01552	0.03063	0.01582	0.02212	0.12227	0.05990	0.07559	0.04017	0.00824	0.00229	0.00661	0.03354	0.00446	0.00898
15	0.01811	0.01375	0.01793	0.03203	0.15591	0.03774	0.04272	0.09749	0.15085	0.13145	0.03609	0.08759	0.05649	0.03288	0.00776	0.00223	0.00644	0.00813	0.00567	0.05873
16	0.09865	0.09686	0.05027	0.02001	0.13651	0.13335	0.08474	0.15277	0.04691	0.04539	0.01445	0.03946	0.01189	0.00750	0.00657	0.00201	0.02100	0.01792	0.00444	0.00931

[dist]
# distance from previous block
# <min> <max>
4	62

[block]
# block no. 2 follows, 32 sequences, length 13
# corresponding to MSA columns:
# 495-507
name=unknown_C
#
# <colnr> <probs for GDERKNQSTAVLIFYWHMCP>
#	G	D	E	R	K	N	Q	S	T	A	V	L	I	F	Y	W	H	M	C	P
0	0.01416	0.01294	0.01645	0.01427	0.01684	0.07638	0.10270	0.08892	0.05913	0.02088	0.02279	0.25992	0.02374	0.06384	0.05931	0.00319	0.06665	0.02612	0.00500	0.04678
1	0.05190	0.01237	0.01638	0.04276	0.01837	0.03230	0.08669	0.01863	0.06106	0.05307	0.07854	0.06478	0.01802	0.01056	0.05384	0.00229	0.03081	0.00677	0.00463	0.33622
2	0.01931	0.01753	0.01611	0.03732	0.01853	0.17449	0.01055	0.18701	0.06329	0.05414	0.01930	0.05987	0.06032	0.00830	0.00628	0.00175	0.00717	0.00648	0.00513	0.22712
3	0.01209	0.01073	0.01157	0.07725	0.06201	0.08786	0.00877	0.01442	0.01603	0.05085	0.15687	0.13207	0.30646	0.01379	0.00755	0.00221	0.00528	0.01173	0.00573	0.00673
4	0.05778	0.11420	0.02011	0.01406	0.01902	0.10777	0.01159	0.33667	0.12233	0.03111	0.01542	0.01576	0.01168	0.00738	0.00605	0.00184	0.00730	0.00542	0.00545	0.08903
5	0.00881	0.00624	0.00814	0.00908	0.00963	0.00601	0.00616	0.01014	0.01295	0.01750	0.10948	0.47581	0.04094	0.15897	0.05648	0.00385	0.00522	0.04343	0.00580	0.00536
6	0.03928	0.03810	0.20768	0.05371	0.05995	0.09203	0.20484	0.03579	0.01558	0.06830	0.01308	0.01577	0.00981	0.00648	0.00725	0.00203	0.04051	0.00583	0.00367	0.08030
7	0.05254	0.01780	0.02695	0.07304	0.14468	0.09707	0.24924	0.06768	0.05017	0.06658	0.01398	0.01705	0.01074	0.00698	0.00830	0.00218	0.07527	0.00648	0.00405	0.00922
8	0.00944	0.00648	0.00789	0.00831	0.00877	0.00637	0.00541	0.01001	0.01125	0.01485	0.02873	0.19161	0.09023	0.40878	0.06865	0.05275	0.00635	0.05470	0.00474	0.00468
9	0.00976	0.00729	0.00845	0.00839	0.01016	0.00691	0.00619	0.01358	0.07816	0.02270	0.29242	0.16946	0.23714	0.01491	0.00763	0.00222	0.00354	0.01292	0.08180	0.00637
10	0.02006	0.03667	0.02260	0.04898	0.04674	0.01639	0.14616	0.21346	0.11339	0.11407	0.01711	0.01814	0.01254	0.00730	0.00722	0.00200	0.03398	0.00636	0.00541	0.11143
11	0.01787	0.22711	0.20785	0.01800	0.06735	0.20403	0.05003	0.02168	0.01534	0.01831	0.01225	0.01674	0.01059	0.00723	0.00665	0.00193	0.04054	0.04455	0.00327	0.00869
12	0.01478	0.18086	0.46279	0.01926	0.05650	0.01819	0.08153	0.02077	0.01407	0.01995	0.01150	0.01395	0.00878	0.00642	0.00684	0.00203	0.04436	0.00503	0.00292	0.00948

[dist]
# distance from previous block
# <min> <max>
1	2

[block]
# block no. 3 follows, 32 sequences, length 8
# corresponding to MSA columns:
# 510-517
name=unknown_D
#
# <colnr> <probs for GDERKNQSTAVLIFYWHMCP>
#	G	D	E	R	K	N	Q	S	T	A	V	L	I	F	Y	W	H	M	C	P
0	0.04581	0.01959	0.12408	0.06711	0.08171	0.06276	0.10952	0.17501	0.01813	0.02535	0.01262	0.01538	0.00978	0.00714	0.00828	0.00204	0.09646	0.00566	0.00409	0.10948
1	0.02083	0.11709	0.02422	0.04105	0.02224	0.08258	0.10856	0.24767	0.06043	0.07274	0.01443	0.01613	0.01101	0.00791	0.00885	0.00211	0.12175	0.00594	0.00487	0.00960
2	0.01110	0.00891	0.01303	0.01198	0.01390	0.00971	0.06438	0.01596	0.11238	0.01888	0.06669	0.08939	0.02262	0.08005	0.39476	0.00704	0.01223	0.00875	0.03146	0.00677
3	0.01496	0.15373	0.15284	0.01769	0.08426	0.01668	0.08399	0.03787	0.03132	0.02023	0.01330	0.01677	0.01102	0.01127	0.07765	0.00283	0.11558	0.00562	0.08046	0.05194
4	0.01736	0.01252	0.01475	0.01076	0.01655	0.01022	0.00869	0.08517	0.01638	0.12508	0.01442	0.01541	0.01104	0.00575	0.00539	0.00125	0.00531	0.00457	0.00486	0.61453
5	0.01356	0.01027	0.01212	0.01031	0.01331	0.01015	0.00804	0.16580	0.01912	0.02651	0.26638	0.03526	0.10156	0.05309	0.10771	0.00334	0.00656	0.00902	0.00595	0.12194
6	0.01247	0.00847	0.01140	0.01097	0.01278	0.00934	0.00840	0.01701	0.11215	0.08610	0.02206	0.09407	0.02027	0.08002	0.45351	0.00773	0.01300	0.00844	0.00478	0.00702
7	0.02154	0.01928	0.02022	0.02054	0.16263	0.13307	0.01387	0.29692	0.18724	0.03065	0.01714	0.01769	0.01296	0.00770	0.00662	0.00203	0.00776	0.00612	0.00553	0.01049

[dist]
# distance from previous block
# <min> <max>
0	2

[block]
# block no. 4 follows, 32 sequences, length 19
# corresponding to MSA columns:
# 520-538
name=unknown_E
#
# <colnr> <probs for GDERKNQSTAVLIFYWHMCP>
#	G	D	E	R	K	N	Q	S	T	A	V	L	I	F	Y	W	H	M	C	P
0	0.01697	0.01846	0.06522	0.06321	0.06062	0.09864	0.24337	0.08322	0.01684	0.02268	0.01273	0.01570	0.00990	0.00594	0.00651	0.00179	0.00882	0.00581	0.00382	0.23976
1	0.01560	0.01570	0.02890	0.10760	0.10460	0.04499	0.35642	0.01980	0.01505	0.05285	0.01627	0.10785	0.01439	0.00827	0.00855	0.00230	0.05993	0.00850	0.00388	0.00854
2	0.00876	0.00642	0.00830	0.00957	0.01023	0.00619	0.00651	0.01112	0.05664	0.01822	0.06501	0.68413	0.04368	0.01997	0.00843	0.00267	0.00395	0.01807	0.00631	0.00581
3	0.26393	0.08780	0.03330	0.04178	0.01685	0.05771	0.00989	0.13668	0.01735	0.12220	0.04162	0.03442	0.04286	0.00797	0.00565	0.00198	0.00620	0.00587	0.05739	0.00856
4	0.02100	0.06747	0.20138	0.01816	0.06654	0.13347	0.06159	0.12568	0.06328	0.15260	0.01597	0.01661	0.01146	0.00713	0.00647	0.00200	0.00864	0.00569	0.00484	0.01002
5	0.01663	0.01503	0.02264	0.36663	0.18085	0.06050	0.07408	0.06116	0.04970	0.06699	0.01406	0.01784	0.01059	0.00678	0.00676	0.00213	0.00865	0.00616	0.00387	0.00892
6	0.00852	0.00632	0.00785	0.00884	0.00980	0.00581	0.00623	0.01000	0.01374	0.01781	0.07491	0.45576	0.20221	0.06821	0.01012	0.00287	0.00412	0.07524	0.00614	0.00552
7	0.01897	0.01783	0.03114	0.09234	0.03130	0.05754	0.41718	0.13788	0.01876	0.08679	0.01481	0.01782	0.01076	0.00647	0.00739	0.00217	0.00997	0.00711	0.00436	0.00944
8	0.01815	0.01346	0.01670	0.12852	0.02181	0.05054	0.04337	0.05193	0.22196	0.16161	0.04360	0.02746	0.05075	0.04101	0.00889	0.00244	0.04292	0.03998	0.00583	0.00909
9	0.01006	0.00840	0.00904	0.00898	0.01085	0.04068	0.00680	0.01313	0.05150	0.02098	0.24806	0.10135	0.29306	0.04770	0.03444	0.00278	0.00476	0.07497	0.00629	0.00619
10	0.01052	0.00800	0.00973	0.00973	0.01159	0.00753	0.00720	0.04465	0.05058	0.02079	0.11835	0.33759	0.11574	0.05094	0.00910	0.00257	0.00445	0.08153	0.00607	0.09336
11	0.05154	0.00972	0.01253	0.01050	0.01412	0.00828	0.04622	0.01535	0.01447	0.07383	0.07300	0.23364	0.09283	0.01163	0.00674	0.00189	0.00481	0.01021	0.00536	0.30333
12	0.01405	0.01150	0.01433	0.01125	0.01601	0.00977	0.04174	0.04874	0.06060	0.04293	0.02056	0.11202	0.05256	0.00867	0.00614	0.00158	0.00527	0.03519	0.00487	0.48223
13	0.01405	0.01220	0.01475	0.04266	0.01730	0.04381	0.05376	0.04438	0.08138	0.03916	0.02357	0.15273	0.08260	0.00973	0.00649	0.00178	0.00569	0.00845	0.00497	0.34056
14	0.03929	0.01258	0.01688	0.03497	0.01836	0.01260	0.08337	0.16161	0.01814	0.05742	0.06393	0.06252	0.06612	0.02199	0.03976	0.00250	0.04488	0.07120	0.00527	0.16662
15	0.02020	0.05618	0.06130	0.01553	0.01991	0.12855	0.08073	0.12195	0.10252	0.14668	0.01840	0.05306	0.01453	0.01273	0.08311	0.00299	0.04032	0.00680	0.00523	0.00927
16	0.08476	0.08754	0.09110	0.01530	0.01982	0.16070	0.07658	0.05214	0.11584	0.07431	0.06100	0.04186	0.01677	0.00854	0.00707	0.00209	0.03685	0.03418	0.00479	0.00873
17	0.01561	0.12559	0.12153	0.01479	0.01955	0.13921	0.09618	0.05863	0.01637	0.02036	0.05927	0.11536	0.10095	0.00979	0.00669	0.00199	0.00773	0.00827	0.00439	0.05773
18	0.19662	0.09074	0.01693	0.01247	0.01683	0.14664	0.01013	0.10997	0.07975	0.09352	0.05590	0.01690	0.01389	0.00742	0.00599	0.00187	0.02173	0.00530	0.00502	0.09236

[dist]
# distance from previous block
# <min> <max>
2	87

[block]
# block no. 5 follows, 32 sequences, length 24
# corresponding to MSA columns:
# 626-649
name=unknown_F
#
# <colnr> <probs for GDERKNQSTAVLIFYWHMCP>
#	G	D	E	R	K	N	Q	S	T	A	V	L	I	F	Y	W	H	M	C	P
0	0.04185	0.01674	0.01689	0.05899	0.01949	0.14587	0.01128	0.11671	0.03657	0.12037	0.03740	0.01686	0.01259	0.00758	0.00795	0.00183	0.09725	0.00542	0.00487	0.22350
1	0.08081	0.01530	0.01703	0.09261	0.06552	0.07078	0.01158	0.19114	0.01911	0.10107	0.01513	0.04219	0.01187	0.00717	0.00604	0.00176	0.00681	0.00567	0.00503	0.23338
2	0.01832	0.01751	0.10987	0.01735	0.07579	0.07289	0.07968	0.12616	0.05495	0.11701	0.06306	0.06490	0.01840	0.05570	0.00920	0.00241	0.03482	0.02563	0.00520	0.03117
3	0.01930	0.11764	0.08942	0.01496	0.01988	0.09234	0.05907	0.11029	0.14291	0.10902	0.04700	0.01905	0.01490	0.00944	0.03563	0.00233	0.04050	0.00613	0.00509	0.04508
4	0.01515	0.01173	0.01273	0.05692	0.01614	0.05736	0.00922	0.02313	0.25291	0.10525	0.12557	0.14250	0.11923	0.01217	0.00731	0.00226	0.00526	0.01038	0.00645	0.00833
5	0.01650	0.01205	0.01901	0.29330	0.02917	0.01296	0.09481	0.02249	0.11015	0.16094	0.13565	0.02527	0.02129	0.00840	0.00708	0.00219	0.00713	0.00761	0.00534	0.00867
6	0.08862	0.06750	0.01991	0.01638	0.04688	0.25834	0.04215	0.16517	0.06973	0.05615	0.02903	0.01599	0.01188	0.00883	0.02794	0.00223	0.05414	0.00549	0.00467	0.00897
7	0.02724	0.01129	0.01575	0.01371	0.05843	0.00999	0.01060	0.02997	0.01857	0.60964	0.02662	0.02813	0.01861	0.00926	0.00701	0.00218	0.00589	0.07850	0.00778	0.01081
8	0.02152	0.01059	0.01341	0.01110	0.01502	0.00998	0.00887	0.02709	0.14119	0.39533	0.19009	0.03223	0.07313	0.01026	0.00711	0.00213	0.00490	0.00862	0.00770	0.00973
9	0.22610	0.01488	0.01798	0.01486	0.01900	0.04201	0.10943	0.12316	0.13646	0.06969	0.01825	0.02395	0.01507	0.00886	0.00740	0.00229	0.04937	0.08712	0.00528	0.00885
10	0.00973	0.00659	0.00774	0.00771	0.00790	0.00668	0.00460	0.01011	0.01026	0.01387	0.05136	0.04243	0.02534	0.66024	0.10307	0.00674	0.00750	0.00961	0.00416	0.00436
11	0.00976	0.00651	0.00732	0.00732	0.00732	0.00651	0.00407	0.00976	0.00976	0.01301	0.02114	0.04391	0.02439	0.76419	0.03415	0.00651	0.00651	0.00976	0.00407	0.00407
12	0.02146	0.01926	0.01770	0.01498	0.01929	0.15098	0.01183	0.27736	0.33425	0.03113	0.02009	0.01938	0.01498	0.00832	0.00664	0.00208	0.00732	0.00642	0.00616	0.01039
13	0.02036	0.09650	0.02205	0.05425	0.20880	0.11561	0.01432	0.12964	0.15727	0.08995	0.01669	0.01762	0.01271	0.00727	0.00638	0.00198	0.00766	0.00590	0.00496	0.01008
14	0.00818	0.00584	0.00779	0.00934	0.00973	0.00545	0.00623	0.00934	0.01285	0.01713	0.03698	0.75981	0.04438	0.02102	0.00856	0.00273	0.00389	0.01908	0.00623	0.00545
15	0.02583	0.01828	0.01982	0.01519	0.02055	0.02004	0.01255	0.65308	0.03068	0.09039	0.01684	0.01658	0.01178	0.00807	0.00671	0.00202	0.00727	0.00609	0.00682	0.01141
16	0.01630	0.04912	0.02362	0.15820	0.12189	0.09621	0.14224	0.06425	0.06637	0.02095	0.01545	0.02201	0.01313	0.01061	0.05391	0.00275	0.05245	0.05804	0.00395	0.00856
17	0.02242	0.30829	0.02522	0.01490	0.01942	0.39411	0.01238	0.09482	0.01830	0.01889	0.01058	0.01202	0.00892	0.00659	0.00546	0.00165	0.00975	0.00423	0.00358	0.00847
18	0.01022	0.00740	0.01006	0.01146	0.01293	0.00725	0.00971	0.01294	0.01511	0.01953	0.03877	0.15882	0.10357	0.01870	0.00906	0.00297	0.00564	0.53364	0.00619	0.00604
19	0.05448	0.01729	0.01946	0.04259	0.02127	0.10374	0.09445	0.18411	0.24693	0.08268	0.04925	0.02060	0.01625	0.00810	0.00676	0.00211	0.00740	0.00677	0.00586	0.00989
20	0.01854	0.01966	0.02081	0.24995	0.02949	0.24867	0.08756	0.10250	0.05883	0.02122	0.03406	0.01758	0.01190	0.00912	0.03933	0.00243	0.01005	0.00598	0.00401	0.00829
21	0.01827	0.01759	0.02184	0.19355	0.02807	0.17262	0.15517	0.07546	0.01745	0.08436	0.03822	0.02112	0.06427	0.00765	0.00684	0.00202	0.00890	0.00675	0.00438	0.05548
22	0.01177	0.00940	0.01492	0.08207	0.01797	0.00946	0.10265	0.03845	0.01463	0.04993	0.09825	0.24074	0.07111	0.02126	0.16035	0.00411	0.00845	0.01141	0.00515	0.02794
23	0.01663	0.01448	0.01888	0.05893	0.06424	0.06214	0.10426	0.06523	0.06452	0.07606	0.02011	0.02139	0.08178	0.00730	0.00633	0.00172	0.00683	0.00639	0.00469	0.29810

[dist]
# distance from previous block
# <min> <max>
10	80

[block]
# block no. 6 follows, 32 sequences, length 10
# corresponding to MSA columns:
# 745-754
name=unknown_G
#
# <colnr> <probs for GDERKNQSTAVLIFYWHMCP>
#	G	D	E	R	K	N	Q	S	T	A	V	L	I	F	Y	W	H	M	C	P
0	0.01781	0.01529	0.01928	0.01556	0.01962	0.06582	0.11420	0.16473	0.12701	0.06247	0.02100	0.04718	0.05533	0.01254	0.06961	0.00286	0.06308	0.02285	0.00525	0.07850
1	0.05998	0.01359	0.01537	0.01264	0.01676	0.07361	0.05801	0.06901	0.10849	0.07868	0.07852	0.13021	0.02134	0.00941	0.00652	0.00188	0.00601	0.00804	0.00543	0.22650
2	0.04480	0.01358	0.01598	0.01345	0.04885	0.01339	0.01031	0.20965	0.08409	0.16117	0.04747	0.02073	0.03432	0.00990	0.04349	0.00225	0.00650	0.00625	0.00597	0.20785
3	0.08092	0.01282	0.01494	0.01220	0.01606	0.03880	0.05698	0.11120	0.10477	0.08712	0.04894	0.04550	0.06288	0.10903	0.03390	0.00281	0.00655	0.00747	0.00538	0.14175
4	0.05856	0.01138	0.01548	0.07711	0.06303	0.01139	0.06201	0.09283	0.04840	0.08749	0.09554	0.10888	0.14030	0.01204	0.02786	0.00238	0.00616	0.00943	0.00558	0.06415
5	0.01289	0.01296	0.04961	0.05687	0.01822	0.05074	0.06998	0.01730	0.08005	0.02075	0.10654	0.18816	0.05101	0.01135	0.00833	0.00212	0.06848	0.00974	0.00496	0.15995
6	0.06704	0.01605	0.06476	0.05599	0.02224	0.01560	0.11281	0.20281	0.08606	0.06452	0.05108	0.02176	0.01548	0.00821	0.00750	0.00210	0.04466	0.04170	0.00524	0.09439
7	0.01939	0.05508	0.02459	0.14845	0.23501	0.10798	0.07770	0.20343	0.01977	0.02556	0.01308	0.01597	0.01017	0.00674	0.00660	0.00200	0.00876	0.00584	0.00418	0.00970
8	0.01061	0.00871	0.01120	0.01097	0.01216	0.04698	0.00839	0.01276	0.01150	0.01596	0.05116	0.02783	0.01894	0.10706	0.57533	0.00922	0.04400	0.00745	0.00379	0.00599
9	0.01484	0.01253	0.01489	0.06234	0.01846	0.01040	0.00912	0.07649	0.01542	0.02331	0.01229	0.01438	0.01000	0.00536	0.00524	0.00117	0.00546	0.00430	0.00414	0.67986

[dist]
# distance from previous block
# <min> <max>
1	49

[block]
# block no. 7 follows, 32 sequences, length 7
# corresponding to MSA columns:
# 804-810
name=unknown_H
#
# <colnr> <probs for GDERKNQSTAVLIFYWHMCP>
#	G	D	E	R	K	N	Q	S	T	A	V	L	I	F	Y	W	H	M	C	P
0	0.01454	0.01398	0.07068	0.05460	0.02080	0.01165	0.12705	0.06562	0.01530	0.04791	0.01788	0.09238	0.03591	0.03798	0.02473	0.00218	0.02424	0.00727	0.02277	0.29252
1	0.17961	0.01716	0.09147	0.01934	0.06593	0.01597	0.22216	0.06967	0.04177	0.02438	0.01460	0.01730	0.03602	0.00717	0.00803	0.00215	0.08561	0.00619	0.00397	0.07151
2	0.00889	0.00639	0.00877	0.01014	0.01086	0.00627	0.00743	0.01060	0.01313	0.01755	0.03437	0.52987	0.03984	0.02407	0.09731	0.00378	0.00607	0.15308	0.00590	0.00567
3	0.01300	0.01088	0.01290	0.00963	0.01469	0.00841	0.00762	0.01602	0.01496	0.02290	0.15741	0.02137	0.02092	0.00677	0.00558	0.00122	0.00460	0.00565	0.00468	0.64078
4	0.01637	0.01396	0.01916	0.01445	0.01918	0.01364	0.09381	0.09235	0.01558	0.05812	0.01267	0.01527	0.01023	0.00695	0.00912	0.00171	0.15977	0.00521	0.00420	0.41825
5	0.01034	0.00958	0.01384	0.01221	0.01413	0.01005	0.09153	0.01235	0.01378	0.01790	0.04223	0.20465	0.33559	0.01544	0.01097	0.00251	0.15853	0.01280	0.00521	0.00637
6	0.11187	0.04081	0.06249	0.01807	0.02214	0.01790	0.18566	0.13490	0.03750	0.02469	0.04293	0.01734	0.01231	0.00947	0.03040	0.00257	0.20976	0.00638	0.00416	0.00866

[dist]
# distance from previous block
# <min> <max>
12	50

[block]
# block no. 8 follows, 32 sequences, length 7
# corresponding to MSA columns:
# 864-870
name=unknown_I
#
# <colnr> <probs for GDERKNQSTAVLIFYWHMCP>
#	G	D	E	R	K	N	Q	S	T	A	V	L	I	F	Y	W	H	M	C	P
0	0.01245	0.00815	0.01007	0.00938	0.01159	0.00746	0.00695	0.05546	0.01671	0.09714	0.23659	0.25426	0.12054	0.04780	0.00884	0.00241	0.00423	0.01273	0.00654	0.07072
1	0.07936	0.09287	0.01734	0.05738	0.01798	0.04838	0.03733	0.09160	0.13268	0.02326	0.05051	0.08172	0.01881	0.07018	0.00953	0.00244	0.04962	0.03307	0.00490	0.08105
2	0.10241	0.01575	0.01580	0.01209	0.01748	0.07191	0.00975	0.22642	0.01944	0.02853	0.01281	0.01412	0.01000	0.00620	0.00550	0.00148	0.00630	0.00460	0.00479	0.41464
3	0.09857	0.01452	0.02093	0.41353	0.06901	0.07256	0.09839	0.01980	0.05449	0.01998	0.01376	0.01978	0.01103	0.00720	0.00666	0.00221	0.00870	0.03736	0.00358	0.00793
4	0.07585	0.01129	0.01212	0.05179	0.01465	0.08628	0.00881	0.01447	0.01295	0.01823	0.05257	0.18740	0.04093	0.09437	0.13953	0.00415	0.07874	0.00941	0.00444	0.08201
5	0.01475	0.15385	0.04997	0.01384	0.05658	0.04848	0.01095	0.05345	0.06638	0.02099	0.08030	0.15570	0.02150	0.01020	0.00787	0.00197	0.07866	0.00816	0.00463	0.14176
6	0.01783	0.01454	0.01706	0.01436	0.01805	0.07511	0.08251	0.16114	0.16317	0.08124	0.08025	0.07520	0.05689	0.04043	0.00839	0.00241	0.00675	0.06970	0.00608	0.00887

[dist]
# distance from previous block
# <min> <max>
7	25

[block]
# block no. 9 follows, 32 sequences, length 16
# corresponding to MSA columns:
# 901-908,911-918
name=unknown_J
#
# <colnr> <probs for GDERKNQSTAVLIFYWHMCP>
#	G	D	E	R	K	N	Q	S	T	A	V	L	I	F	Y	W	H	M	C	P
0	0.01483	0.01257	0.01556	0.03692	0.04596	0.06964	0.05038	0.01866	0.06153	0.07380	0.04626	0.02364	0.05158	0.04223	0.18033	0.00405	0.03929	0.00670	0.00449	0.20156
1	0.13362	0.03943	0.04443	0.10001	0.02089	0.12268	0.01206	0.15922	0.05164	0.09086	0.01584	0.01921	0.01249	0.01375	0.11013	0.00329	0.00926	0.02764	0.00484	0.00868
2	0.01881	0.12850	0.05341	0.04791	0.06779	0.20410	0.14043	0.04186	0.01602	0.06456	0.01516	0.01779	0.04434	0.00859	0.00863	0.07026	0.03389	0.00595	0.00379	0.00821
3	0.08193	0.07753	0.07857	0.04257	0.01938	0.08429	0.05599	0.11438	0.06184	0.06783	0.07538	0.02033	0.01631	0.01333	0.10379	0.00312	0.00877	0.00625	0.02775	0.04066
4	0.00969	0.00677	0.00866	0.00866	0.00912	0.00723	0.00574	0.01062	0.01015	0.01400	0.01992	0.03712	0.02144	0.48787	0.30644	0.00816	0.01094	0.00876	0.00388	0.00481
5	0.08932	0.01832	0.01930	0.01490	0.02017	0.02034	0.01231	0.64473	0.02991	0.04130	0.01556	0.01569	0.01107	0.00791	0.00650	0.00202	0.00721	0.00585	0.00650	0.01107
6	0.01425	0.01088	0.01248	0.01175	0.01433	0.01154	0.00916	0.17467	0.15050	0.02616	0.07679	0.24507	0.08743	0.01460	0.00782	0.00245	0.00522	0.11039	0.00652	0.00799
7	0.04312	0.01660	0.01597	0.01411	0.01631	0.19526	0.02853	0.03927	0.04390	0.03985	0.06285	0.02574	0.10014	0.01212	0.04031	0.00261	0.21344	0.02638	0.05605	0.00744
8	0.01584	0.01810	0.03959	0.02828	0.03507	0.01697	0.69796	0.02149	0.01584	0.02149	0.01357	0.01810	0.01018	0.00566	0.00792	0.00226	0.01131	0.00792	0.00339	0.00905
9	0.01490	0.01405	0.02377	0.27799	0.44816	0.01506	0.01930	0.01899	0.01466	0.02019	0.01387	0.02087	0.01187	0.00704	0.00683	0.00215	0.00818	0.04945	0.00339	0.00927
10	0.02483	0.02194	0.01869	0.01548	0.02000	0.26074	0.01227	0.32410	0.10465	0.10567	0.01659	0.01652	0.01209	0.00782	0.00651	0.00195	0.00855	0.00572	0.00580	0.01010
11	0.02346	0.01869	0.01644	0.01370	0.01780	0.20754	0.01085	0.24733	0.06983	0.15007	0.01808	0.01827	0.01314	0.00783	0.00622	0.00189	0.00752	0.00585	0.13595	0.00955
12	0.47666	0.01224	0.01054	0.00998	0.01321	0.04764	0.00781	0.01946	0.07197	0.05198	0.01840	0.17814	0.01788	0.01019	0.00569	0.00225	0.00530	0.02834	0.00502	0.00730
13	0.04331	0.04667	0.04119	0.02214	0.18933	0.17076	0.08581	0.07965	0.03890	0.02238	0.03161	0.04271	0.01316	0.00778	0.00772	0.00203	0.07100	0.00631	0.06872	0.00880
14	0.01780	0.26354	0.10750	0.03635	0.07432	0.04150	0.01353	0.13432	0.06034	0.04586	0.05890	0.02032	0.02930	0.00779	0.00601	0.00187	0.00720	0.03327	0.00450	0.03578
15	0.03874	0.19843	0.11590	0.03827	0.05332	0.01743	0.01320	0.12799	0.07382	0.08808	0.04233	0.02279	0.07395	0.00860	0.00688	0.00202	0.03752	0.02662	0.00488	0.00922

[dist]
# distance from previous block
# <min> <max>
2	34

[block]
# block no. 10 follows, 32 sequences, length 29
# corresponding to MSA columns:
# 956-984
name=unknown_K
#
# <colnr> <probs for GDERKNQSTAVLIFYWHMCP>
#	G	D	E	R	K	N	Q	S	T	A	V	L	I	F	Y	W	H	M	C	P
0	0.06519	0.34907	0.17027	0.01382	0.03810	0.03839	0.03399	0.01889	0.01466	0.01987	0.10947	0.03760	0.03415	0.00795	0.00574	0.00185	0.00716	0.02166	0.00384	0.00833
1	0.01617	0.08131	0.29190	0.01633	0.02249	0.07012	0.08179	0.05035	0.05736	0.07985	0.04411	0.10109	0.01677	0.03150	0.00755	0.00225	0.00824	0.00743	0.00439	0.00898
2	0.01566	0.30172	0.29463	0.01638	0.02351	0.01945	0.09970	0.04650	0.03603	0.02031	0.03299	0.01652	0.03555	0.00677	0.00592	0.00189	0.00842	0.00545	0.00343	0.00916
3	0.01609	0.38265	0.20976	0.01338	0.01933	0.01919	0.01417	0.02050	0.04961	0.06065	0.01596	0.10300	0.01471	0.00839	0.00576	0.00189	0.00729	0.02501	0.00388	0.00878
