[name]
unknown

[dist]
# distance from previous block
# <min> <max>
0	11

[block]
# block no. 0 follows, 32 sequences, length 29
# corresponding to MSA columns:
# 11-39
name=unknown_A
#
# <colnr> <probs for GDERKNQSTAVLIFYWHMCP>
#	G	D	E	R	K	N	Q	S	T	A	V	L	I	F	Y	W	H	M	C	P
0	0.01590	0.01322	0.01384	0.01251	0.01554	0.04661	0.00965	0.12134	0.34581	0.02688	0.11155	0.07856	0.02702	0.07678	0.00957	0.00264	0.00572	0.05158	0.00641	0.00888
1	0.01629	0.01561	0.02684	0.14667	0.53862	0.01605	0.07281	0.04658	0.01567	0.02195	0.01273	0.01690	0.01037	0.00615	0.00675	0.00205	0.00836	0.00613	0.00341	0.01005
2	0.02551	0.01879	0.02014	0.01544	0.02081	0.02081	0.01275	0.69996	0.03155	0.04229	0.01611	0.01611	0.01141	0.00805	0.00671	0.00201	0.00738	0.00604	0.00671	0.01141
3	0.00973	0.00663	0.00793	0.00793	0.00814	0.00684	0.00482	0.01015	0.00994	0.01346	0.02059	0.04083	0.02306	0.63880	0.15771	0.00726	0.00852	0.00931	0.00398	0.00440
4	0.01584	0.01810	0.03959	0.02828	0.03507	0.01697	0.69796	0.02149	0.01584	0.02149	0.01357	0.01810	0.01018	0.00566	0.00792	0.00226	0.01131	0.00792	0.00339	0.00905
5	0.02341	0.10491	0.02015	0.01631	0.01986	0.62153	0.01254	0.02522	0.01798	0.01631	0.01072	0.01282	0.00913	0.00941	0.04991	0.00224	0.01196	0.00442	0.00341	0.00776
6	0.01251	0.00625	0.00625	0.00625	0.00782	0.00625	0.00469	0.01563	0.01407	0.02502	0.02189	0.02502	0.01720	0.00782	0.00469	0.00156	0.00313	0.00625	0.80144	0.00625
7	0.01763	0.01333	0.01751	0.17935	0.09933	0.01469	0.01318	0.15798	0.17310	0.09613	0.02142	0.12919	0.01820	0.00971	0.00701	0.00223	0.00665	0.00836	0.00563	0.00939
8	0.01346	0.03471	0.72942	0.01912	0.02904	0.01558	0.02479	0.02125	0.01417	0.02125	0.01204	0.01417	0.00850	0.00637	0.00637	0.00212	0.00992	0.00496	0.00283	0.00992
9	0.02267	0.04261	0.01773	0.01528	0.06052	0.08046	0.01152	0.12016	0.28452	0.23765	0.02253	0.02102	0.01604	0.00822	0.00662	0.00209	0.00654	0.00660	0.00660	0.01064
10	0.01556	0.37939	0.40319	0.01553	0.02349	0.02074	0.01854	0.02071	0.01392	0.01868	0.01077	0.01257	0.00855	0.00608	0.00540	0.00180	0.00863	0.00431	0.00285	0.00930
11	0.00922	0.00685	0.00858	0.00815	0.00985	0.00621	0.00611	0.01212	0.01834	0.02535	0.60342	0.05268	0.17965	0.01430	0.00792	0.00214	0.00321	0.01249	0.00718	0.00621
12	0.01517	0.01224	0.01438	0.01069	0.01605	0.01028	0.00858	0.06162	0.03902	0.05158	0.05295	0.01685	0.01362	0.00618	0.00600	0.00128	0.03207	0.00487	0.00457	0.62200
13	0.74463	0.01318	0.01056	0.00925	0.01350	0.01511	0.00762	0.05121	0.01265	0.05845	0.01033	0.01161	0.00783	0.00639	0.00437	0.00207	0.00531	0.00387	0.00443	0.00762
14	0.00959	0.00719	0.01078	0.01078	0.01198	0.00839	0.00839	0.01198	0.01078	0.01558	0.01797	0.02636	0.01677	0.05032	0.73760	0.01078	0.01797	0.00719	0.00359	0.00599
15	0.02506	0.03198	0.01901	0.01729	0.02074	0.73725	0.01296	0.02679	0.01901	0.01642	0.01037	0.01210	0.00864	0.00691	0.00605	0.00173	0.01210	0.00432	0.00346	0.00778
16	0.01794	0.76823	0.03516	0.01148	0.01722	0.02655	0.01148	0.02009	0.01363	0.01579	0.00933	0.01076	0.00861	0.00574	0.00431	0.00144	0.00718	0.00359	0.00287	0.00861
17	0.01251	0.00625	0.00625	0.00625	0.00782	0.00625	0.00469	0.01563	0.01407	0.02502	0.02189	0.02502	0.01720	0.00782	0.00469	0.00156	0.00313	0.00625	0.80144	0.00625
18	0.01391	0.01193	0.01391	0.00994	0.01590	0.00894	0.00795	0.01690	0.01391	0.02186	0.01193	0.01391	0.00994	0.00497	0.00497	0.00099	0.00497	0.00398	0.00398	0.80521
19	0.02197	0.06487	0.05940	0.01503	0.01999	0.09540	0.01272	0.39408	0.16088	0.03307	0.01782	0.04382	0.01376	0.00837	0.00657	0.00203	0.00748	0.00642	0.00592	0.01040
20	0.01055	0.00726	0.00848	0.00820	0.00880	0.00736	0.00519	0.04909	0.01237	0.01679	0.11350	0.06605	0.02902	0.55455	0.07063	0.00580	0.00672	0.01002	0.00470	0.00494
21	0.00828	0.00606	0.00778	0.00894	0.00968	0.00556	0.00610	0.00971	0.01376	0.01822	0.10823	0.60390	0.12951	0.01980	0.00842	0.00261	0.00376	0.01778	0.00634	0.00556
22	0.00954	0.00664	0.00817	0.00827	0.00869	0.00686	0.00530	0.01027	0.01044	0.01411	0.02332	0.08542	0.05294	0.51134	0.20376	0.00714	0.00902	0.00990	0.00418	0.00469
23	0.01766	0.03631	0.02319	0.01705	0.02228	0.04030	0.21979	0.15308	0.01866	0.07039	0.05547	0.04371	0.01577	0.00908	0.03283	0.00221	0.00811	0.02548	0.00487	0.18377
24	0.10619	0.01103	0.01144	0.01028	0.01329	0.05625	0.00801	0.04640	0.06274	0.08805	0.21836	0.09975	0.10571	0.01181	0.00699	0.00211	0.00495	0.04707	0.00616	0.08342
25	0.12787	0.09819	0.01937	0.09306	0.08843	0.19096	0.01253	0.09211	0.03443	0.04763	0.01375	0.05916	0.01178	0.00770	0.00644	0.00194	0.03140	0.00575	0.00421	0.05332
26	0.01790	0.01528	0.04353	0.18004	0.20107	0.07307	0.01482	0.02223	0.05064	0.13798	0.01670	0.01874	0.03067	0.00690	0.00638	0.00189	0.00745	0.00590	0.00444	0.14438
27	0.08794	0.01637	0.01799	0.01835	0.14506	0.11086	0.01242	0.14392	0.04344	0.06118	0.10288	0.01981	0.01728	0.00822	0.00800	0.00200	0.08588	0.00623	0.00494	0.08721
28	0.01985	0.01486	0.01809	0.06661	0.12685	0.03439	0.01260	0.24543	0.11769	0.10948	0.09875	0.02371	0.04409	0.00867	0.00684	0.00206	0.00655	0.00720	0.00604	0.03024

[dist]
# distance from previous block
# <min> <max>
17	48

[block]
# block no. 1 follows, 32 sequences, length 11
# corresponding to MSA columns:
# 88-98
name=unknown_B
#
# <colnr> <probs for GDERKNQSTAVLIFYWHMCP>
#	G	D	E	R	K	N	Q	S	T	A	V	L	I	F	Y	W	H	M	C	P
0	0.01941	0.01512	0.01805	0.12231	0.12550	0.08343	0.01322	0.15246	0.07792	0.13121	0.04491	0.05447	0.03222	0.00897	0.00688	0.00211	0.00719	0.04265	0.00549	0.03650
1	0.02157	0.07583	0.01856	0.09865	0.02093	0.03398	0.01164	0.13618	0.04080	0.25054	0.03465	0.01861	0.01362	0.00778	0.00756	0.00194	0.06859	0.00589	0.00569	0.12698
2	0.01891	0.11063	0.01857	0.01321	0.01754	0.01659	0.03251	0.16308	0.29317	0.10176	0.08278	0.02525	0.05854	0.00909	0.00666	0.00208	0.00591	0.00743	0.00636	0.00992
3	0.01862	0.01098	0.01399	0.01207	0.01560	0.01076	0.03068	0.12005	0.07658	0.23156	0.10220	0.08405	0.10502	0.01233	0.00758	0.00233	0.00554	0.12423	0.00698	0.00884
4	0.01490	0.01231	0.01423	0.01046	0.01599	0.01011	0.00838	0.09623	0.01639	0.02466	0.07055	0.01715	0.01450	0.00605	0.00541	0.00120	0.00510	0.00489	0.00458	0.64690
5	0.01532	0.01313	0.01729	0.01281	0.01833	0.01129	0.08899	0.11435	0.01657	0.02435	0.01478	0.07606	0.01301	0.00681	0.00586	0.00143	0.00597	0.00597	0.00448	0.53320
6	0.01318	0.05792	0.07371	0.01059	0.01605	0.00999	0.00923	0.01624	0.01386	0.02073	0.01721	0.10302	0.04545	0.00754	0.00560	0.00137	0.00532	0.00625	0.00418	0.56257
7	0.01778	0.01363	0.01516	0.01201	0.01667	0.07106	0.03251	0.11559	0.01789	0.12303	0.04941	0.07838	0.05751	0.00869	0.00633	0.00170	0.00601	0.02421	0.00541	0.32702
8	0.01614	0.01075	0.01401	0.04154	0.07342	0.01108	0.01021	0.11459	0.06145	0.12899	0.05354	0.16099	0.09376	0.01368	0.00963	0.06916	0.03304	0.07008	0.00593	0.00800
9	0.07371	0.01516	0.02250	0.12314	0.21914	0.03663	0.11237	0.06572	0.09689	0.04117	0.01742	0.01994	0.04922	0.00745	0.00736	0.00212	0.04096	0.00661	0.00427	0.03824
10	0.04554	0.01459	0.02361	0.26577	0.17265	0.01634	0.11391	0.09383	0.01581	0.04846	0.01285	0.01707	0.01000	0.00754	0.00897	0.01905	0.09526	0.00618	0.00376	0.00879

[dist]
# distance from previous block
# <min> <max>
0	52

[block]
# block no. 2 follows, 32 sequences, length 63
# corresponding to MSA columns:
# 154-216
name=unknown_C
#
# <colnr> <probs for GDERKNQSTAVLIFYWHMCP>
#	G	D	E	R	K	N	Q	S	T	A	V	L	I	F	Y	W	H	M	C	P
0	0.05020	0.12778	0.11696	0.06268	0.04594	0.04325	0.03385	0.14389	0.07785	0.07015	0.01783	0.04748	0.01515	0.00867	0.00649	0.00208	0.00739	0.07657	0.00487	0.04092
1	0.07145	0.07707	0.23173	0.01592	0.03912	0.01470	0.07710	0.06915	0.08288	0.02340	0.06043	0.06518	0.01828	0.03954	0.00778	0.00233	0.00748	0.05581	0.00447	0.03621
2	0.03621	0.15395	0.14154	0.01392	0.01959	0.03514	0.03643	0.13083	0.09350	0.05893	0.03699	0.04869	0.01431	0.00851	0.02204	0.00203	0.00727	0.00604	0.00471	0.12937
3	0.08741	0.05744	0.04485	0.04898	0.04193	0.05471	0.11828	0.15391	0.01784	0.05103	0.04164	0.10096	0.01723	0.02913	0.00821	0.00227	0.04210	0.03626	0.00482	0.04101
4	0.01552	0.06333	0.17312	0.01603	0.08778	0.01399	0.01366	0.07576	0.16079	0.07053	0.13245	0.06691	0.06225	0.00968	0.00687	0.00213	0.00637	0.00815	0.00547	0.00922
5	0.01536	0.01635	0.11106	0.01351	0.01751	0.07936	0.04326	0.11334	0.05282	0.04195	0.08718	0.12264	0.09432	0.01082	0.00790	0.00212	0.05382	0.00888	0.03932	0.06849
6	0.01468	0.01339	0.11223	0.01134	0.01518	0.01075	0.01023	0.09222	0.05969	0.07977	0.09311	0.08777	0.09333	0.01167	0.03131	0.00230	0.03190	0.00844	0.14800	0.07268
7	0.01141	0.01097	0.08891	0.01532	0.11076	0.00889	0.01109	0.01416	0.01350	0.04881	0.02679	0.34385	0.02886	0.02133	0.13261	0.00392	0.00777	0.07092	0.02306	0.00707
8	0.04489	0.07033	0.06096	0.01433	0.01919	0.13667	0.01213	0.27705	0.14338	0.04776	0.01955	0.01949	0.05631	0.00818	0.00637	0.00196	0.00748	0.00617	0.00553	0.04228
9	0.01534	0.01914	0.16349	0.15540	0.42716	0.03671	0.02047	0.02004	0.01471	0.02061	0.01250	0.01653	0.01006	0.00764	0.03024	0.00234	0.00897	0.00577	0.00318	0.00971
10	0.01808	0.26165	0.22426	0.01808	0.07126	0.06697	0.08377	0.06826	0.04375	0.06498	0.01304	0.01461	0.01004	0.00645	0.00593	0.00188	0.00858	0.00513	0.00374	0.00955
11	0.01491	0.16984	0.45191	0.01725	0.02510	0.06545	0.06025	0.02073	0.01488	0.02036	0.06788	0.01649	0.01300	0.00683	0.00618	0.00198	0.00909	0.00541	0.00328	0.00919
12	0.00966	0.00670	0.00810	0.00844	0.01000	0.00594	0.00606	0.01143	0.01511	0.06333	0.15595	0.34813	0.29131	0.01760	0.00812	0.00242	0.00371	0.01542	0.00654	0.00604
13	0.01127	0.00817	0.01055	0.01159	0.04005	0.00815	0.00821	0.05721	0.06364	0.03504	0.08778	0.40133	0.06695	0.01749	0.00896	0.03530	0.00475	0.11080	0.00618	0.00660
14	0.05422	0.09158	0.07523	0.06289	0.06560	0.05824	0.08726	0.08239	0.05902	0.12847	0.01705	0.08109	0.01416	0.00867	0.00814	0.00217	0.08295	0.00701	0.00475	0.00910
15	0.01484	0.01694	0.12048	0.15352	0.44152	0.01480	0.01969	0.01927	0.01475	0.02074	0.01482	0.04519	0.01311	0.00752	0.00686	0.00215	0.00814	0.05266	0.00349	0.00952
16	0.00837	0.00672	0.00760	0.00769	0.00952	0.00594	0.00569	0.01034	0.01543	0.01957	0.18906	0.14509	0.46210	0.01898	0.05470	0.00284	0.00435	0.01392	0.00629	0.00579
17	0.05543	0.19987	0.12961	0.06355	0.02389	0.19949	0.09648	0.06597	0.01676	0.07161	0.01235	0.01416	0.00951	0.00654	0.00596	0.00187	0.00925	0.00503	0.00378	0.00889
18	0.01852	0.13989	0.15850	0.03374	0.05267	0.12215	0.05951	0.06743	0.04164	0.08825	0.01355	0.01596	0.01059	0.00905	0.00932	0.10343	0.03786	0.00540	0.00395	0.00860
19	0.00847	0.00617	0.00781	0.00885	0.00960	0.00571	0.00605	0.00985	0.01356	0.01791	0.10179	0.52567	0.13350	0.07954	0.01050	0.00292	0.00404	0.03644	0.00616	0.00547
20	0.01059	0.00748	0.00898	0.00936	0.01049	0.00766	0.00656	0.04455	0.07199	0.01944	0.03019	0.36952	0.05548	0.13224	0.08341	0.00386	0.00584	0.01319	0.10304	0.00611
21	0.07907	0.03984	0.11636	0.01777	0.09045	0.13381	0.04180	0.16297	0.01977	0.19191	0.03182	0.01716	0.01246	0.00733	0.00639	0.00200	0.00807	0.00575	0.00529	0.00996
22	0.01456	0.01173	0.04755	0.17278	0.09382	0.01129	0.02830	0.04081	0.05553	0.09763	0.02219	0.18795	0.02113	0.05477	0.00867	0.00249	0.00650	0.03649	0.03908	0.04675
23	0.09241	0.12166	0.27018	0.01912	0.10202	0.04226	0.07750	0.08139	0.01581	0.02325	0.01192	0.01411	0.00919	0.00620	0.00594	0.00189	0.00837	0.00501	0.00355	0.08822
24	0.02382	0.01849	0.01915	0.01518	0.02017	0.04855	0.01236	0.54770	0.15922	0.03857	0.01800	0.01764	0.01301	0.00821	0.00671	0.00205	0.00718	0.00626	0.00660	0.01112
25	0.03492	0.01647	0.05510	0.22130	0.37963	0.04061	0.01860	0.09319	0.03453	0.02298	0.01302	0.01672	0.01028	0.00653	0.00658	0.00207	0.00826	0.00587	0.00369	0.00967
26	0.00839	0.00599	0.00803	0.00958	0.01006	0.00563	0.00659	0.00971	0.01305	0.01736	0.03687	0.70525	0.04392	0.02082	0.00862	0.00275	0.00408	0.07156	0.00622	0.00551
27	0.02220	0.01644	0.01839	0.01415	0.01934	0.04021	0.03438	0.40826	0.04170	0.09634	0.03498	0.03658	0.01387	0.00786	0.00647	0.00184	0.00680	0.00624	0.00610	0.16785
28	0.01939	0.13112	0.17941	0.01481	0.03841	0.04002	0.01404	0.13990	0.08324	0.13379	0.04882	0.01799	0.01414	0.00733	0.00615	0.00188	0.00720	0.00570	0.00508	0.09158
29	0.01726	0.01683	0.05258	0.04667	0.35816	0.07094	0.11558	0.02221	0.05899	0.07524	0.08333	0.02066	0.01648	0.00716	0.00692	0.00206	0.00808	0.00685	0.00430	0.00971
30	0.01355	0.03405	0.70215	0.01949	0.02928	0.01564	0.05141	0.02126	0.01423	0.02126	0.01210	0.01432	0.00857	0.00635	0.00644	0.00213	0.00997	0.00508	0.00286	0.00988
31	0.00954	0.00675	0.00873	0.00878	0.00921	0.00679	0.02370	0.01026	0.01075	0.01450	0.02411	0.20265	0.02755	0.48402	0.11833	0.00609	0.00752	0.01148	0.00448	0.00476
32	0.01640	0.15046	0.27401	0.01785	0.02445	0.09111	0.13097	0.06517	0.06101	0.02127	0.01418	0.04578	0.01158	0.00887	0.03611	0.00237	0.00953	0.00606	0.00367	0.00913
33	0.00971	0.00669	0.00826	0.00826	0.00859	0.00702	0.00524	0.01036	0.01004	0.01371	0.02028	0.03912	0.02232	0.56953	0.22597	0.00767	0.00963	0.00906	0.00394	0.00459
34	0.00994	0.00771	0.01146	0.01126	0.01237	0.00923	0.00883	0.01227	0.01075	0.01562	0.01733	0.02555	0.01622	0.04764	0.68779	0.01024	0.06906	0.00710	0.00355	0.00608
35	0.01575	0.01527	0.02664	0.18501	0.53606	0.01580	0.06734	0.01995	0.01494	0.02091	0.01255	0.01697	0.01025	0.00611	0.00675	0.00206	0.00840	0.00611	0.00326	0.00987
36	0.04418	0.01782	0.02126	0.14664	0.29028	0.14827	0.01608	0.08142	0.09582	0.02268	0.01486	0.04435	0.01232	0.00737	0.00656	0.00205	0.00829	0.00627	0.00412	0.00934
37	0.01661	0.01594	0.02724	0.04119	0.72233	0.01594	0.02059	0.02059	0.01528	0.02192	0.01262	0.01661	0.01063	0.00598	0.00664	0.00199	0.00797	0.00598	0.00332	0.01063
38	0.00881	0.00658	0.00804	0.00817	0.00953	0.00597	0.00585	0.01092	0.01597	0.02144	0.34687	0.22299	0.21771	0.06851	0.00990	0.00260	0.00363	0.01413	0.00659	0.00580
39	0.01466	0.38767	0.07563	0.11027	0.04360	0.01874	0.03951	0.01749	0.01364	0.01718	0.03401	0.13716	0.01670	0.03882	0.00697	0.00207	0.00712	0.00725	0.00363	0.00787
40	0.02010	0.01649	0.02034	0.01991	0.14140	0.10711	0.08599	0.15776	0.09223	0.12152	0.01924	0.10053	0.01613	0.00948	0.00774	0.03386	0.00761	0.00771	0.00538	0.00948
41	0.05568	0.02882	0.01807	0.01639	0.01960	0.62888	0.01238	0.02512	0.01831	0.01764	0.05560	0.01460	0.01209	0.00754	0.00681	0.00182	0.04442	0.00486	0.00371	0.00765
42	0.00954	0.00667	0.00816	0.00858	0.00989	0.00607	0.00613	0.01123	0.01463	0.04765	0.15934	0.31151	0.22432	0.09440	0.01088	0.00288	0.00411	0.05194	0.00629	0.00580
43	0.09948	0.15178	0.11694	0.01389	0.04610	0.01596	0.01237	0.08481	0.08696	0.13668	0.05292	0.04254	0.01541	0.00785	0.00633	0.00194	0.02387	0.00605	0.00507	0.07305
44	0.03861	0.04090	0.04741	0.09315	0.26618	0.11363	0.09718	0.08908	0.04813	0.02283	0.01399	0.04206	0.01160	0.00698	0.00659	0.00200	0.00854	0.00627	0.00393	0.04090
45	0.01942	0.01525	0.01576	0.01307	0.01688	0.06402	0.01047	0.32689	0.10685	0.05396	0.09268	0.02680	0.09992	0.01151	0.03649	0.00243	0.03277	0.00772	0.03774	0.00934
46	0.00817	0.00587	0.00775	0.00925	0.00971	0.00546	0.00619	0.00935	0.01293	0.01716	0.03807	0.73542	0.06806	0.02088	0.00854	0.00271	0.00388	0.01890	0.00623	0.00546
47	0.01702	0.23231	0.32354	0.01807	0.04746	0.10887	0.07866	0.02186	0.01487	0.04183	0.01162	0.01370	0.00904	0.00640	0.00634	0.00191	0.02923	0.00488	0.00317	0.00922
48	0.02161	0.13106	0.02334	0.01668	0.02094	0.28228	0.08791	0.15285	0.03791	0.05105	0.01450	0.01604	0.03301	0.00769	0.00764	0.00195	0.07478	0.00558	0.00432	0.00885
49	0.01597	0.21230	0.35663	0.04790	0.02466	0.04496	0.04541	0.02100	0.01438	0.05886	0.03317	0.01516	0.01074	0.00696	0.00717	0.00201	0.06507	0.00514	0.00335	0.00915
50	0.04574	0.04404	0.01879	0.06136	0.04270	0.07247	0.01264	0.22144	0.07048	0.04687	0.01564	0.06397	0.01355	0.04023	0.01159	0.00247	0.19550	0.00680	0.00486	0.00886
51	0.12616	0.01361	0.01407	0.01241	0.01619	0.01542	0.00977	0.08398	0.45966	0.05526	0.06887	0.02394	0.02046	0.00884	0.00643	0.00218	0.00524	0.00713	0.04058	0.00979
52	0.01323	0.01138	0.01852	0.38032	0.18623	0.01266	0.01565	0.01679	0.01421	0.04893	0.04031	0.15337	0.04118	0.00973	0.00711	0.00226	0.00733	0.00881	0.00411	0.00788
53	0.01380	0.01252	0.01926	0.04986	0.02016	0.03435	0.17209	0.04709	0.07618	0.03821	0.09003	0.07653	0.07672	0.04480	0.08585	0.00341	0.07755	0.04907	0.00489	0.00764
54	0.01213	0.00894	0.01018	0.00987	0.01183	0.03884	0.00747	0.03896	0.05636	0.06781	0.28194	0.18306	0.13023	0.03961	0.00877	0.00247	0.00454	0.07357	0.00663	0.00680
55	0.00902	0.00647	0.00864	0.01007	0.01087	0.00618	0.00748	0.01074	0.01361	0.01790	0.03721	0.49908	0.06935	0.04774	0.00970	0.00296	0.00466	0.21655	0.00613	0.00563
56	0.05392	0.01662	0.01685	0.01400	0.01841	0.06725	0.01119	0.28211	0.28616	0.09682	0.05074	0.02109	0.01720	0.00857	0.00666	0.00211	0.00650	0.00674	0.00660	0.01047
57	0.01558	0.01865	0.17029	0.08274	0.02878	0.01472	0.29989	0.02127	0.04742	0.08555	0.01745	0.08255	0.01456	0.00826	0.00802	0.00231	0.03934	0.02955	0.00417	0.00891
58	0.01010	0.00685	0.00790	0.00763	0.00874	0.00640	0.00505	0.01131	0.01352	0.04644	0.18844	0.04933	0.19718	0.38885	0.02097	0.00434	0.00499	0.01121	0.00549	0.00525
59	0.00920	0.00628	0.00753	0.00806	0.00824	0.00613	0.00489	0.00970	0.01111	0.01486	0.04763	0.29333	0.03252	0.48290	0.02445	0.00506	0.00550	0.01307	0.00492	0.00462
60	0.01966	0.10308	0.19208	0.06377	0.06830	0.11936	0.07424	0.07512	0.03540	0.14205	0.01549	0.03549	0.01169	0.00723	0.00643	0.00201	0.00868	0.00592	0.00444	0.00956
61	0.01574	0.02373	0.33112	0.01706	0.02346	0.03971	0.07975	0.16163	0.01777	0.02448	0.01880	0.07900	0.05904	0.03525	0.00852	0.00235	0.04183	0.00738	0.00426	0.00912
62	0.01443	0.00990	0.01207	0.01255	0.06022	0.02861	0.00866	0.09898	0.03186	0.10629	0.06163	0.31537	0.10286	0.04488	0.00935	0.02620	0.00523	0.03737	0.00615	0.00738

[dist]
# distance from previous block
# <min> <max>
1	9

[block]
# block no. 3 follows, 32 sequences, length 33
# corresponding to MSA columns:
# 226-258
name=unknown_D
#
# <colnr> <probs for GDERKNQSTAVLIFYWHMCP>
#	G	D	E	R	K	N	Q	S	T	A	V	L	I	F	Y	W	H	M	C	P
0	0.01603	0.04011	0.04446	0.06010	0.44481	0.01544	0.03540	0.06641	0.07023	0.02333	0.05465	0.04741	0.03658	0.00768	0.00679	0.00206	0.00734	0.00711	0.00419	0.00985
1	0.01833	0.08305	0.25491	0.01786	0.05922	0.10460	0.05083	0.10900	0.03655	0.07933	0.03310	0.01654	0.01185	0.00842	0.02720	0.00226	0.04628	0.00560	0.00419	0.03088
2	0.05708	0.01599	0.02149	0.08244	0.32369	0.09451	0.04880	0.04001	0.06208	0.05532	0.04777	0.02078	0.01469	0.04232	0.00788	0.00223	0.00782	0.01979	0.00422	0.03108
3	0.05847	0.01054	0.01412	0.01135	0.01544	0.00969	0.03568	0.02627	0.05290	0.43064	0.17064	0.02814	0.02601	0.00925	0.00677	0.00206	0.00515	0.00779	0.06947	0.00962
4	0.03869	0.01582	0.08526	0.02253	0.20174	0.01460	0.10627	0.08467	0.05607	0.08230	0.09558	0.02186	0.01780	0.01136	0.06675	0.00285	0.05477	0.00704	0.00470	0.00933
5	0.01789	0.11048	0.05155	0.11819	0.31905	0.09595	0.01649	0.02196	0.04368	0.08250	0.01484	0.05179	0.01240	0.00721	0.00639	0.00198	0.00803	0.00621	0.00394	0.00946
6	0.00987	0.00766	0.00902	0.00946	0.01091	0.00760	0.00677	0.01431	0.13126	0.01996	0.10803	0.37141	0.16779	0.06285	0.00967	0.00274	0.00419	0.03380	0.00631	0.00639
7	0.00834	0.00612	0.00788	0.00921	0.00996	0.00565	0.00642	0.00973	0.01339	0.01750	0.04127	0.60884	0.13976	0.02026	0.00853	0.00269	0.00400	0.06870	0.00623	0.00554
8	0.01543	0.01310	0.01904	0.20764	0.15058	0.01436	0.04776	0.05679	0.19700	0.05376	0.04467	0.05955	0.03897	0.00910	0.00708	0.00225	0.00699	0.04185	0.00504	0.00905
9	0.01725	0.12991	0.12331	0.09183	0.13603	0.07403	0.09412	0.06265	0.06176	0.04045	0.01306	0.01584	0.01033	0.00716	0.00814	0.00209	0.09343	0.00570	0.00370	0.00922
10	0.04882	0.00616	0.00879	0.00875	0.00894	0.00626	0.00589	0.00925	0.00887	0.01251	0.01155	0.01996	0.01145	0.02252	0.02520	0.76749	0.00580	0.00573	0.00297	0.00312
11	0.01018	0.00731	0.01006	0.01155	0.01289	0.00719	0.00968	0.01283	0.01491	0.01941	0.03691	0.21529	0.06258	0.01899	0.00908	0.00299	0.00562	0.52034	0.00619	0.00601
12	0.01198	0.00874	0.01060	0.01032	0.01248	0.00869	0.00816	0.07126	0.08126	0.04443	0.25480	0.12800	0.14498	0.01502	0.00806	0.00242	0.00457	0.16043	0.00674	0.00706
13	0.02332	0.01666	0.01820	0.01458	0.01942	0.01832	0.01191	0.45696	0.18660	0.10228	0.02043	0.02114	0.01506	0.00873	0.00684	0.00212	0.00670	0.03284	0.00687	0.01102
14	0.01794	0.76823	0.03516	0.01148	0.01722	0.02655	0.01148	0.02009	0.01363	0.01579	0.00933	0.01076	0.00861	0.00574	0.00431	0.00144	0.00718	0.00359	0.00287	0.00861
15	0.01370	0.01037	0.01178	0.01084	0.01368	0.01079	0.00853	0.06354	0.24344	0.06091	0.21830	0.04393	0.16856	0.01273	0.00757	0.00229	0.00461	0.07942	0.00686	0.00815
16	0.06017	0.01621	0.01717	0.01416	0.01873	0.01821	0.01139	0.33451	0.34414	0.06044	0.02134	0.02023	0.01560	0.00846	0.00664	0.00214	0.00625	0.00666	0.00670	0.01084
17	0.00915	0.00743	0.00819	0.00789	0.01006	0.00677	0.00595	0.01273	0.07251	0.02184	0.28027	0.05660	0.44588	0.01527	0.00784	0.00222	0.00348	0.01296	0.00666	0.00628
18	0.15291	0.01816	0.01647	0.01349	0.01798	0.14361	0.01085	0.31522	0.04135	0.11613	0.01853	0.01849	0.04984	0.00809	0.00619	0.00199	0.00727	0.00592	0.02789	0.00962
19	0.04596	0.02305	0.05375	0.03591	0.09038	0.30995	0.01360	0.15565	0.09257	0.07132	0.03406	0.01663	0.01260	0.00750	0.00639	0.00194	0.00902	0.00558	0.00483	0.00934
20	0.01166	0.00583	0.00874	0.00874	0.00874	0.00583	0.00583	0.00874	0.00874	0.01166	0.01166	0.02040	0.01166	0.02331	0.02622	0.80478	0.00583	0.00583	0.00291	0.00291
21	0.01336	0.00742	0.00762	0.00718	0.00912	0.00754	0.00549	0.07665	0.01587	0.02633	0.04903	0.02686	0.04899	0.00846	0.00513	0.00165	0.00352	0.00680	0.66627	0.00669
22	0.01460	0.01236	0.01427	0.01035	0.01620	0.00982	0.00829	0.05180	0.04019	0.02311	0.01270	0.01443	0.01040	0.00527	0.00512	0.00109	0.00510	0.00421	0.00422	0.73646
23	0.02874	0.01361	0.01692	0.01298	0.01822	0.01311	0.01072	0.23049	0.02286	0.52403	0.02340	0.02084	0.01507	0.00823	0.00674	0.00206	0.00621	0.00654	0.00783	0.01142
24	0.00906	0.00621	0.00752	0.00821	0.00838	0.00604	0.00502	0.00958	0.01112	0.01482	0.02810	0.35853	0.03318	0.43759	0.02291	0.00484	0.00536	0.01385	0.00502	0.00467
25	0.01018	0.00863	0.01302	0.29120	0.02396	0.00977	0.01128	0.01265	0.01310	0.01715	0.02811	0.39778	0.07249	0.01488	0.00844	0.00252	0.04054	0.01315	0.00484	0.00632
26	0.01661	0.01594	0.02724	0.04119	0.72233	0.01594	0.02059	0.02059	0.01528	0.02192	0.01262	0.01661	0.01063	0.00598	0.00664	0.00199	0.00797	0.00598	0.00332	0.01063
27	0.00806	0.00655	0.00714	0.00753	0.00928	0.00564	0.00544	0.00968	0.01481	0.01822	0.08636	0.24496	0.51717	0.01791	0.00809	0.00238	0.00352	0.01536	0.00628	0.00564
28	0.00921	0.00672	0.00858	0.00877	0.00978	0.00670	0.00623	0.01088	0.01308	0.01768	0.15318	0.15203	0.13179	0.21190	0.19579	0.00551	0.00792	0.03355	0.00524	0.00545
29	0.01488	0.10547	0.49865	0.05253	0.02594	0.01577	0.02021	0.04593	0.01508	0.05242	0.03425	0.01620	0.01117	0.00678	0.00615	0.00202	0.00868	0.00528	0.05316	0.00945
30	0.02421	0.03000	0.01919	0.01724	0.02048	0.64831	0.01310	0.05260	0.01877	0.01742	0.01047	0.01248	0.00877	0.00737	0.00743	0.00184	0.07439	0.00452	0.00354	0.00789
31	0.04184	0.01092	0.01393	0.01178	0.01540	0.01062	0.02551	0.08299	0.10330	0.31291	0.12289	0.16737	0.02803	0.01145	0.00722	0.00223	0.00523	0.00985	0.00723	0.00930
32	0.01479	0.04190	0.01864	0.01639	0.08346	0.01281	0.12439	0.10032	0.09863	0.04081	0.11948	0.05388	0.11513	0.03576	0.00819	0.00233	0.00631	0.05387	0.04463	0.00830

[dist]
# distance from previous block
# <min> <max>
0	4

# created by:
# /home/berkeley/.conda/envs/busco_data_prod/bin/msa2prfl.pl pipeline/OGs_align_augustus/4893/40744.fs
