[name]
unknown

[dist]
# distance from previous block
# <min> <max>
0	0

[block]
# block no. 0 follows, 32 sequences, length 17
# corresponding to MSA columns:
# 0-16
name=unknown_A
#
# <colnr> <probs for GDERKNQSTAVLIFYWHMCP>
#	G	D	E	R	K	N	Q	S	T	A	V	L	I	F	Y	W	H	M	C	P
0	0.01081	0.00772	0.01081	0.01236	0.01390	0.00772	0.01081	0.01390	0.01545	0.02008	0.03553	0.07569	0.03862	0.01854	0.00927	0.00309	0.00618	0.67717	0.00618	0.00618
1	0.02551	0.01879	0.02014	0.01544	0.02081	0.02081	0.01275	0.69996	0.03155	0.04229	0.01611	0.01611	0.01141	0.00805	0.00671	0.00201	0.00738	0.00604	0.00671	0.01141
2	0.00985	0.00741	0.01061	0.01047	0.01139	0.00861	0.00789	0.01177	0.01057	0.01513	0.01812	0.02902	0.01779	0.17876	0.57596	0.00964	0.05004	0.00760	0.00365	0.00570
3	0.00963	0.00701	0.00988	0.00988	0.01077	0.00790	0.00726	0.01140	0.01052	0.01491	0.01880	0.03092	0.01876	0.23598	0.55465	0.00967	0.01499	0.00786	0.00372	0.00549
4	0.00976	0.00651	0.00732	0.00732	0.00732	0.00651	0.00407	0.00976	0.00976	0.01301	0.02114	0.04391	0.02439	0.76419	0.03415	0.00651	0.00651	0.00976	0.00407	0.00407
5	0.01695	0.01696	0.02810	0.03867	0.61665	0.05192	0.08999	0.02099	0.01552	0.02160	0.01261	0.01654	0.01048	0.00599	0.00674	0.00201	0.00852	0.00610	0.00334	0.01032
6	0.02472	0.06935	0.01990	0.01690	0.02056	0.66685	0.01288	0.05814	0.01933	0.01761	0.01059	0.01222	0.00877	0.00691	0.00599	0.00173	0.01162	0.00436	0.00358	0.00799
7	0.00802	0.00644	0.00717	0.00776	0.00931	0.00558	0.00552	0.00952	0.01437	0.01775	0.05631	0.32617	0.46554	0.01851	0.00817	0.00244	0.00358	0.01601	0.00623	0.00558
8	0.01617	0.01624	0.02989	0.08102	0.50947	0.01614	0.18967	0.02061	0.01530	0.02152	0.01282	0.01706	0.01041	0.00594	0.00697	0.00207	0.00887	0.00646	0.00332	0.01004
9	0.01521	0.01189	0.01405	0.01010	0.01600	0.00902	0.00810	0.01816	0.01434	0.07829	0.01309	0.01463	0.01047	0.00524	0.00511	0.00108	0.00503	0.00420	0.00432	0.74169
10	0.45634	0.17325	0.05095	0.01104	0.01578	0.05378	0.00982	0.04797	0.08514	0.02626	0.01163	0.01274	0.00920	0.00653	0.00476	0.00195	0.00627	0.00422	0.00416	0.00820
11	0.01280	0.01131	0.01282	0.01208	0.01392	0.11319	0.04820	0.01498	0.01454	0.05230	0.11905	0.25435	0.05068	0.02350	0.19119	0.00445	0.02756	0.01131	0.00518	0.00659
12	0.06561	0.23430	0.24373	0.01549	0.02133	0.11057	0.03217	0.02114	0.01418	0.05170	0.01151	0.01381	0.00927	0.00876	0.03813	0.00233	0.08917	0.00476	0.00331	0.00872
13	0.02290	0.04758	0.06597	0.01483	0.02039	0.01920	0.01286	0.55018	0.02789	0.03774	0.04431	0.01702	0.01315	0.00786	0.00652	0.00193	0.00719	0.00597	0.00614	0.07037
14	0.06410	0.42240	0.17325	0.01329	0.01965	0.02125	0.01388	0.06640	0.04104	0.09009	0.01269	0.01354	0.00992	0.00643	0.00521	0.00175	0.00743	0.00449	0.00387	0.00934
15	0.05905	0.12426	0.26941	0.01487	0.02135	0.03959	0.01557	0.18329	0.01882	0.06796	0.05956	0.04427	0.01452	0.00779	0.00621	0.00197	0.00771	0.00600	0.00463	0.03316
16	0.06955	0.22520	0.35518	0.01575	0.02319	0.04665	0.01769	0.13185	0.01687	0.02363	0.01174	0.01329	0.00893	0.00649	0.00572	0.00191	0.00855	0.00466	0.00359	0.00956

[dist]
# distance from previous block
# <min> <max>
5	12

[block]
# block no. 1 follows, 32 sequences, length 8
# corresponding to MSA columns:
# 29-36
name=unknown_B
#
# <colnr> <probs for GDERKNQSTAVLIFYWHMCP>
#	G	D	E	R	K	N	Q	S	T	A	V	L	I	F	Y	W	H	M	C	P
0	0.01902	0.09392	0.05072	0.12112	0.12446	0.09916	0.08426	0.11863	0.06969	0.07274	0.01429	0.01659	0.01097	0.00730	0.00773	0.00208	0.06778	0.00588	0.00430	0.00938
1	0.01055	0.00794	0.00898	0.00876	0.01100	0.00747	0.00665	0.01478	0.10481	0.05446	0.17573	0.12976	0.37148	0.01548	0.00786	0.00232	0.00389	0.04477	0.00662	0.00669
2	0.00844	0.00631	0.00791	0.00907	0.01007	0.00578	0.00650	0.00997	0.01378	0.01774	0.04463	0.50062	0.21414	0.01970	0.00849	0.00265	0.00405	0.09833	0.00622	0.00559
3	0.01923	0.01456	0.01997	0.24813	0.09241	0.04390	0.03822	0.14145	0.05109	0.14960	0.04254	0.01942	0.01352	0.00792	0.00800	0.00218	0.06713	0.00642	0.00500	0.00932
4	0.11042	0.03834	0.04931	0.31395	0.10270	0.12763	0.01551	0.09437	0.01635	0.02199	0.01400	0.01728	0.03649	0.00711	0.00626	0.00206	0.00850	0.00565	0.00375	0.00831
5	0.04733	0.01852	0.02337	0.25327	0.21211	0.17530	0.08774	0.06497	0.01649	0.02079	0.01211	0.01592	0.00954	0.00652	0.00658	0.00204	0.00939	0.00573	0.00350	0.00877
6	0.01925	0.07074	0.07606	0.07026	0.05450	0.20156	0.11762	0.07731	0.05616	0.06616	0.01581	0.01913	0.03016	0.00788	0.00783	0.00209	0.06596	0.02848	0.00421	0.00883
7	0.01733	0.05853	0.06865	0.10581	0.17045	0.10775	0.05878	0.06584	0.09539	0.04824	0.05933	0.02027	0.03467	0.00788	0.00755	0.00209	0.05145	0.00651	0.00436	0.00912

[dist]
# distance from previous block
# <min> <max>
2	24

[block]
# block no. 2 follows, 32 sequences, length 32
# corresponding to MSA columns:
# 61-92
name=unknown_C
#
# <colnr> <probs for GDERKNQSTAVLIFYWHMCP>
#	G	D	E	R	K	N	Q	S	T	A	V	L	I	F	Y	W	H	M	C	P
0	0.09776	0.12214	0.19081	0.04303	0.02427	0.06081	0.13009	0.14416	0.01793	0.06575	0.03321	0.01593	0.01125	0.00682	0.00625	0.00201	0.00852	0.00564	0.00425	0.00937
1	0.04251	0.16670	0.36204	0.01651	0.02372	0.08700	0.01819	0.13988	0.01734	0.02355	0.01189	0.01359	0.00901	0.00678	0.00649	0.00197	0.03481	0.00482	0.00362	0.00956
2	0.02023	0.12718	0.16846	0.01544	0.02143	0.01930	0.03267	0.37093	0.05397	0.03122	0.01553	0.03810	0.01221	0.03462	0.00737	0.00215	0.00776	0.00610	0.00517	0.01017
3	0.02158	0.13832	0.15509	0.01550	0.02161	0.05132	0.01471	0.40231	0.06180	0.03235	0.01466	0.01523	0.01080	0.00739	0.00625	0.00195	0.00792	0.00547	0.00526	0.01050
4	0.01769	0.60442	0.14524	0.01295	0.01933	0.02444	0.01369	0.06248	0.01483	0.01830	0.01018	0.01164	0.00877	0.00599	0.00479	0.00158	0.00763	0.00396	0.00310	0.00899
5	0.01772	0.73294	0.06856	0.01185	0.01779	0.02602	0.01212	0.02015	0.01366	0.01605	0.00946	0.01093	0.00861	0.00577	0.00440	0.00147	0.00731	0.00365	0.00287	0.00867
6	0.18382	0.13435	0.47772	0.01585	0.02394	0.01703	0.01917	0.02076	0.01351	0.02236	0.01108	0.01299	0.00825	0.00625	0.00561	0.00202	0.00852	0.00448	0.00312	0.00917
7	0.00869	0.00618	0.00824	0.00970	0.01025	0.00588	0.00682	0.01009	0.01307	0.01734	0.03577	0.60657	0.04222	0.06675	0.01026	0.00302	0.00442	0.12316	0.00609	0.00548
8	0.01900	0.01648	0.02459	0.11759	0.38228	0.01745	0.04695	0.24182	0.02038	0.02797	0.01372	0.01666	0.01066	0.00673	0.00673	0.00204	0.00804	0.00608	0.00439	0.01043
9	0.01884	0.01612	0.01667	0.01492	0.03735	0.04966	0.01143	0.16891	0.52360	0.03025	0.02390	0.02243	0.01786	0.00871	0.00676	0.00219	0.00610	0.00709	0.00656	0.01065
10	0.00815	0.00594	0.00768	0.00907	0.00966	0.00547	0.00611	0.00937	0.01311	0.01723	0.04027	0.68609	0.11597	0.02059	0.00850	0.00268	0.00384	0.01855	0.00623	0.00547
11	0.02384	0.01797	0.01920	0.01510	0.02017	0.02003	0.01235	0.57430	0.15993	0.03960	0.01823	0.01780	0.01313	0.00825	0.00673	0.00206	0.00699	0.00633	0.00673	0.01126
12	0.00976	0.00651	0.00732	0.00732	0.00732	0.00651	0.00407	0.00976	0.00976	0.01301	0.02114	0.04391	0.02439	0.76419	0.03415	0.00651	0.00651	0.00976	0.00407	0.00407
13	0.57010	0.12151	0.04018	0.01037	0.01505	0.03751	0.00912	0.07005	0.01373	0.04706	0.01042	0.01173	0.00809	0.00637	0.00456	0.00197	0.00601	0.00395	0.00420	0.00798
14	0.02653	0.01715	0.01912	0.01466	0.01999	0.01837	0.01211	0.55126	0.02880	0.19487	0.01842	0.01761	0.01257	0.00811	0.00672	0.00203	0.00701	0.00620	0.00707	0.01141
15	0.00814	0.00596	0.00766	0.00902	0.00965	0.00548	0.00609	0.00938	0.01315	0.01725	0.04087	0.67255	0.12913	0.02052	0.00848	0.00267	0.00383	0.01846	0.00623	0.00548
16	0.01605	0.01537	0.02623	0.14118	0.62669	0.01580	0.02032	0.02010	0.01501	0.02125	0.01252	0.01679	0.01039	0.00608	0.00665	0.00203	0.00811	0.00598	0.00327	0.01018
17	0.01764	0.01751	0.02702	0.03730	0.59162	0.07492	0.06167	0.05113	0.01634	0.02235	0.01265	0.01631	0.01047	0.00613	0.00668	0.00199	0.00849	0.00597	0.00349	0.01033
18	0.03010	0.01142	0.01557	0.01194	0.01713	0.00986	0.00986	0.03270	0.01920	0.72698	0.02647	0.02284	0.01661	0.00830	0.00675	0.00208	0.00571	0.00675	0.00830	0.01142
19	0.01774	0.31945	0.28303	0.01568	0.02259	0.07186	0.04241	0.05171	0.01533	0.06335	0.01189	0.01347	0.00926	0.00649	0.00609	0.00185	0.03040	0.00467	0.00343	0.00930
20	0.02067	0.22091	0.09264	0.01389	0.01919	0.08320	0.03407	0.08074	0.12494	0.17549	0.05617	0.01889	0.01548	0.00761	0.00610	0.00191	0.00722	0.00590	0.00529	0.00970
21	0.01253	0.01027	0.01643	0.01508	0.04797	0.00980	0.14447	0.01662	0.06149	0.06135	0.07138	0.15803	0.16305	0.01406	0.00814	0.00250	0.00613	0.16762	0.00575	0.00733
22	0.00892	0.00652	0.00854	0.00989	0.01087	0.00614	0.00742	0.01072	0.01393	0.01812	0.04060	0.46861	0.13081	0.01977	0.00869	0.00277	0.00450	0.21128	0.00621	0.00569
23	0.01645	0.20259	0.26483	0.01591	0.02203	0.03602	0.05558	0.08871	0.01598	0.05165	0.01541	0.06950	0.01359	0.00853	0.00731	0.00209	0.05437	0.04647	0.00396	0.00902
24	0.03316	0.04435	0.30782	0.06551	0.16474	0.11239	0.08562	0.04259	0.04192	0.02147	0.01265	0.01528	0.00964	0.00645	0.00648	0.00205	0.00949	0.00549	0.00337	0.00953
25	0.01391	0.03369	0.68550	0.01929	0.02897	0.01579	0.04547	0.04263	0.01477	0.02192	0.01222	0.01435	0.00864	0.00641	0.00643	0.00213	0.00988	0.00508	0.00297	0.00994
26	0.01466	0.17044	0.43681	0.01625	0.02385	0.01743	0.01889	0.02306	0.13805	0.02123	0.01536	0.04873	0.01226	0.00739	0.00616	0.00205	0.00830	0.00579	0.00370	0.00959
27	0.03946	0.11117	0.09695	0.22293	0.15466	0.01581	0.05688	0.05105	0.01517	0.08352	0.01499	0.06164	0.01250	0.02662	0.00717	0.00219	0.00795	0.00656	0.00394	0.00885
28	0.10412	0.06515	0.12113	0.06279	0.15027	0.08498	0.06755	0.08299	0.06790	0.02331	0.01430	0.03822	0.01193	0.00767	0.00727	0.00212	0.05117	0.02402	0.00402	0.00908
29	0.04072	0.10907	0.36329	0.01734	0.06424	0.01654	0.01806	0.11173	0.04187	0.09840	0.04568	0.01698	0.01270	0.00712	0.00626	0.00202	0.00812	0.00557	0.00433	0.00995
30	0.04596	0.01521	0.05288	0.23038	0.12669	0.03155	0.08122	0.10253	0.06893	0.10967	0.01688	0.05928	0.01328	0.00781	0.00681	0.00217	0.00789	0.00694	0.00468	0.00925
31	0.03971	0.03486	0.05450	0.17809	0.33108	0.01556	0.04661	0.08754	0.01662	0.04334	0.05385	0.01850	0.01329	0.00683	0.00660	0.00203	0.00781	0.00621	0.00398	0.03302

[dist]
# distance from previous block
# <min> <max>
23	69

[block]
# block no. 3 follows, 32 sequences, length 15
# corresponding to MSA columns:
# 181-195
name=unknown_D
#
# <colnr> <probs for GDERKNQSTAVLIFYWHMCP>
#	G	D	E	R	K	N	Q	S	T	A	V	L	I	F	Y	W	H	M	C	P
0	0.04703	0.15688	0.08748	0.03318	0.05424	0.03890	0.01351	0.34845	0.02296	0.08724	0.01629	0.01679	0.03271	0.00755	0.00618	0.00193	0.00744	0.00567	0.00534	0.01022
1	0.10004	0.11174	0.07342	0.01470	0.02021	0.06424	0.01297	0.45954	0.02535	0.03473	0.01397	0.01456	0.01028	0.00740	0.00610	0.00194	0.00762	0.00532	0.00551	0.01033
2	0.06003	0.36940	0.09066	0.01360	0.01949	0.02273	0.01297	0.28780	0.02062	0.02742	0.01224	0.01318	0.00964	0.00673	0.00543	0.00176	0.00741	0.00468	0.00444	0.00976
3	0.02044	0.17983	0.22476	0.01593	0.02264	0.04257	0.03701	0.28806	0.02134	0.06525	0.01382	0.01473	0.01015	0.00700	0.00613	0.00193	0.00824	0.00526	0.00469	0.01021
4	0.08174	0.31992	0.36689	0.01520	0.02272	0.05158	0.01761	0.02091	0.01394	0.01963	0.01068	0.01247	0.00845	0.00614	0.00537	0.00183	0.00855	0.00428	0.00298	0.00909
5	0.38093	0.01585	0.11537	0.01144	0.01658	0.01383	0.01066	0.07997	0.03655	0.13705	0.04014	0.01821	0.04710	0.00754	0.00553	0.00205	0.00598	0.00546	0.00511	0.04464
6	0.56135	0.09159	0.07493	0.01043	0.01533	0.01582	0.00956	0.02166	0.03529	0.09486	0.01180	0.01277	0.00884	0.00648	0.00470	0.00202	0.00585	0.00417	0.00439	0.00814
7	0.00957	0.00643	0.00737	0.00755	0.00760	0.00638	0.00432	0.00971	0.01012	0.01349	0.02299	0.12755	0.02673	0.67737	0.03116	0.00606	0.00620	0.01085	0.00432	0.00423
8	0.00976	0.00651	0.00732	0.00732	0.00732	0.00651	0.00407	0.00976	0.00976	0.01301	0.02114	0.04391	0.02439	0.76419	0.03415	0.00651	0.00651	0.00976	0.00407	0.00407
9	0.01377	0.08622	0.68067	0.01859	0.02821	0.01635	0.02386	0.02117	0.01413	0.02087	0.01185	0.01393	0.00851	0.00633	0.00623	0.00208	0.00972	0.00486	0.00284	0.00982
10	0.06400	0.07714	0.57754	0.01776	0.02657	0.04494	0.02180	0.05692	0.01507	0.02238	0.01186	0.01378	0.00859	0.00644	0.00612	0.00206	0.00941	0.00482	0.00314	0.00967
11	0.08153	0.37707	0.34421	0.01469	0.02217	0.02068	0.01710	0.02058	0.01369	0.01942	0.01055	0.01230	0.00845	0.00607	0.00522	0.00180	0.00824	0.00421	0.00296	0.00908
12	0.05975	0.09984	0.15521	0.05014	0.02329	0.06013	0.05649	0.32872	0.02207	0.02999	0.01370	0.01530	0.01023	0.00880	0.03512	0.00233	0.00873	0.00552	0.00477	0.00988
13	0.08934	0.12503	0.19960	0.04873	0.08925	0.06788	0.01460	0.02059	0.05176	0.05737	0.10992	0.02248	0.06029	0.00815	0.00624	0.00200	0.00727	0.00648	0.00436	0.00867
14	0.06527	0.27725	0.06323	0.14894	0.08857	0.10829	0.06279	0.01988	0.01466	0.01860	0.02824	0.01709	0.04731	0.00689	0.00579	0.00186	0.00822	0.00544	0.00339	0.00830

[dist]
# distance from previous block
# <min> <max>
2	20

[block]
# block no. 4 follows, 32 sequences, length 20
# corresponding to MSA columns:
# 216-235
name=unknown_E
#
# <colnr> <probs for GDERKNQSTAVLIFYWHMCP>
#	G	D	E	R	K	N	Q	S	T	A	V	L	I	F	Y	W	H	M	C	P
0	0.08666	0.01693	0.02177	0.06121	0.32129	0.07448	0.03252	0.16371	0.06267	0.02647	0.01561	0.01778	0.03405	0.00707	0.00644	0.00200	0.00767	0.00602	0.00443	0.03120
1	0.06563	0.01512	0.02198	0.10502	0.42062	0.04993	0.01675	0.03912	0.05544	0.05318	0.04110	0.02103	0.03329	0.00737	0.00664	0.00207	0.00749	0.02446	0.00415	0.00960
2	0.14323	0.01536	0.02445	0.09256	0.48857	0.01593	0.06100	0.04107	0.01504	0.02343	0.01221	0.01588	0.00995	0.00612	0.00633	0.00204	0.00780	0.00573	0.00353	0.00976
3	0.01613	0.01411	0.02330	0.23875	0.43331	0.01488	0.01843	0.02054	0.03620	0.07027	0.01578	0.01935	0.03570	0.00683	0.00672	0.00209	0.00785	0.00636	0.00378	0.00960
4	0.18828	0.01614	0.01868	0.10728	0.09077	0.07497	0.01371	0.12908	0.01554	0.02409	0.01099	0.01448	0.00908	0.00839	0.01104	0.00233	0.24757	0.00532	0.00389	0.00836
5	0.01778	0.01632	0.02630	0.03781	0.63025	0.01658	0.01956	0.10976	0.01741	0.02459	0.01308	0.01654	0.01073	0.00625	0.00665	0.00200	0.00789	0.00599	0.00377	0.01073
6	0.01468	0.01468	0.02055	0.01762	0.01762	0.02055	0.01468	0.01615	0.01028	0.01615	0.00881	0.01468	0.00881	0.01174	0.02202	0.00294	0.75191	0.00587	0.00294	0.00734
7	0.03010	0.01142	0.01557	0.01194	0.01713	0.00986	0.00986	0.03270	0.01920	0.72698	0.02647	0.02284	0.01661	0.00830	0.00675	0.00208	0.00571	0.00675	0.00830	0.01142
8	0.01391	0.01193	0.01391	0.00994	0.01590	0.00894	0.00795	0.01690	0.01391	0.02186	0.01193	0.01391	0.00994	0.00497	0.00497	0.00099	0.00497	0.00398	0.00398	0.80521
9	0.01821	0.01422	0.01744	0.01839	0.15241	0.01534	0.01224	0.12654	0.33923	0.08811	0.07481	0.02542	0.04956	0.00895	0.00689	0.00215	0.00592	0.00759	0.00628	0.01028
10	0.01346	0.03471	0.72942	0.01912	0.02904	0.01558	0.02479	0.02125	0.01417	0.02125	0.01204	0.01417	0.00850	0.00637	0.00637	0.00212	0.00992	0.00496	0.00283	0.00992
11	0.01791	0.01903	0.08082	0.02310	0.02877	0.03934	0.39745	0.12817	0.01765	0.05382	0.01365	0.01705	0.01029	0.00708	0.00948	0.00228	0.11379	0.00697	0.00402	0.00931
12	0.02551	0.01879	0.02014	0.01544	0.02081	0.02081	0.01275	0.69996	0.03155	0.04229	0.01611	0.01611	0.01141	0.00805	0.00671	0.00201	0.00738	0.00604	0.00671	0.01141
13	0.02550	0.01616	0.01814	0.01403	0.01898	0.01717	0.01145	0.49125	0.02705	0.20450	0.01895	0.01968	0.01357	0.06137	0.00865	0.00235	0.00692	0.00647	0.00691	0.01090
14	0.01661	0.01594	0.02724	0.04119	0.72233	0.01594	0.02059	0.02059	0.01528	0.02192	0.01262	0.01661	0.01063	0.00598	0.00664	0.00199	0.00797	0.00598	0.00332	0.01063
15	0.01614	0.01547	0.02640	0.12452	0.64262	0.01582	0.02036	0.02019	0.01506	0.02136	0.01254	0.01676	0.01043	0.00606	0.00665	0.00202	0.00809	0.00598	0.00328	0.01025
16	0.01361	0.01268	0.02044	0.49642	0.16746	0.01413	0.01727	0.01775	0.01384	0.01880	0.01206	0.01700	0.00942	0.00629	0.00641	0.00199	0.00812	0.00564	0.00321	0.13745
17	0.01346	0.00772	0.01013	0.00909	0.01138	0.00696	0.00697	0.01635	0.01860	0.16509	0.52110	0.07536	0.08494	0.01311	0.00771	0.00214	0.00371	0.01146	0.00746	0.00727
18	0.02019	0.01590	0.01863	0.11122	0.02274	0.01708	0.01248	0.39303	0.02330	0.03208	0.01401	0.01570	0.01054	0.00738	0.00736	0.00186	0.05943	0.00551	0.00528	0.20627
19	0.01561	0.01452	0.02337	0.28373	0.39375	0.01585	0.01868	0.04902	0.07839	0.02166	0.01386	0.01780	0.01097	0.00660	0.00669	0.00210	0.00804	0.00612	0.00366	0.00955

[dist]
# distance from previous block
# <min> <max>
0	2

[block]
# block no. 5 follows, 32 sequences, length 10
# corresponding to MSA columns:
# 238-247
name=unknown_F
#
# <colnr> <probs for GDERKNQSTAVLIFYWHMCP>
#	G	D	E	R	K	N	Q	S	T	A	V	L	I	F	Y	W	H	M	C	P
0	0.00874	0.00688	0.00791	0.00785	0.00973	0.00615	0.00595	0.01095	0.01607	0.02070	0.26512	0.05850	0.41689	0.04490	0.03826	0.00277	0.00421	0.05616	0.00640	0.00586
1	0.01267	0.01193	0.02013	0.74806	0.04621	0.01491	0.01863	0.01714	0.01342	0.01714	0.01193	0.01789	0.00894	0.00671	0.00671	0.00224	0.00894	0.00596	0.00298	0.00745
2	0.01670	0.12200	0.13572	0.02887	0.29615	0.06743	0.19594	0.02129	0.01529	0.02050	0.01218	0.01553	0.00978	0.00599	0.00658	0.00199	0.00931	0.00589	0.00322	0.00964
3	0.00793	0.00680	0.00680	0.00680	0.00906	0.00566	0.00510	0.00963	0.01529	0.01813	0.06797	0.06457	0.71961	0.01699	0.00793	0.00227	0.00340	0.01416	0.00623	0.00566
4	0.01428	0.08733	0.05560	0.01060	0.01676	0.01104	0.00923	0.01745	0.01390	0.02123	0.01168	0.01362	0.00973	0.00512	0.00498	0.00110	0.00546	0.00399	0.00380	0.68310
5	0.81159	0.01298	0.00986	0.00882	0.01298	0.01505	0.00727	0.01972	0.01142	0.03010	0.00934	0.01090	0.00727	0.00623	0.00415	0.00208	0.00519	0.00363	0.00415	0.00727
6	0.00815	0.00593	0.00769	0.00910	0.00967	0.00547	0.00612	0.00937	0.01308	0.01723	0.03999	0.69245	0.10980	0.02063	0.00850	0.00268	0.00384	0.01860	0.00623	0.00547
7	0.01655	0.10645	0.39079	0.01954	0.09232	0.12921	0.01951	0.04667	0.01546	0.02061	0.01158	0.01380	0.00893	0.00655	0.00665	0.00195	0.03681	0.00484	0.00319	0.04858
8	0.01693	0.13832	0.03900	0.01250	0.01644	0.12437	0.02989	0.07248	0.12591	0.06866	0.09451	0.02967	0.15722	0.01134	0.03184	0.00229	0.00699	0.00792	0.00536	0.00835
9	0.01809	0.01514	0.01842	0.05085	0.05472	0.08075	0.07707	0.10188	0.01739	0.10006	0.01681	0.01820	0.04562	0.00668	0.00607	0.00160	0.00689	0.00564	0.00470	0.35342

[dist]
# distance from previous block
# <min> <max>
1	5

[block]
# block no. 6 follows, 32 sequences, length 15
# corresponding to MSA columns:
# 263-277
name=unknown_G
#
# <colnr> <probs for GDERKNQSTAVLIFYWHMCP>
#	G	D	E	R	K	N	Q	S	T	A	V	L	I	F	Y	W	H	M	C	P
0	0.02009	0.02157	0.18110	0.03936	0.09362	0.04363	0.01587	0.35061	0.02285	0.03132	0.01400	0.01536	0.01032	0.00701	0.00639	0.00191	0.00794	0.00547	0.00493	0.10663
1	0.07022	0.02554	0.09419	0.04975	0.09242	0.34933	0.06433	0.13373	0.01926	0.02290	0.01193	0.01401	0.00931	0.00681	0.00630	0.00192	0.01009	0.00512	0.00393	0.00892
2	0.00905	0.00706	0.00915	0.06235	0.01289	0.00653	0.00712	0.01073	0.01339	0.01778	0.03762	0.51650	0.14788	0.01768	0.00796	0.00244	0.00429	0.01577	0.00576	0.08805
3	0.00983	0.00766	0.01198	0.01144	0.01291	0.00853	0.04366	0.01239	0.01174	0.01678	0.06934	0.06544	0.02122	0.04387	0.60973	0.00930	0.01583	0.00820	0.00399	0.00615
4	0.07415	0.01835	0.10660	0.04670	0.06695	0.01571	0.40400	0.02152	0.05655	0.02242	0.01364	0.01704	0.01036	0.00596	0.00700	0.00209	0.00944	0.00669	0.00364	0.09119
5	0.01794	0.76823	0.03516	0.01148	0.01722	0.02655	0.01148	0.02009	0.01363	0.01579	0.00933	0.01076	0.00861	0.00574	0.00431	0.00144	0.00718	0.00359	0.00287	0.00861
6	0.00819	0.00681	0.00716	0.00707	0.00922	0.00578	0.00530	0.01013	0.01591	0.01958	0.17599	0.06218	0.61068	0.01645	0.00793	0.00224	0.00336	0.01382	0.00642	0.00578
7	0.01267	0.01193	0.02013	0.74806	0.04621	0.01491	0.01863	0.01714	0.01342	0.01714	0.01193	0.01789	0.00894	0.00671	0.00671	0.00224	0.00894	0.00596	0.00298	0.00745
8	0.00976	0.00651	0.00732	0.00732	0.00732	0.00651	0.00407	0.00976	0.00976	0.01301	0.02114	0.04391	0.02439	0.76419	0.03415	0.00651	0.00651	0.00976	0.00407	0.00407
9	0.01759	0.67684	0.07663	0.01208	0.01796	0.02527	0.01225	0.02112	0.05643	0.01688	0.01060	0.01185	0.00933	0.00599	0.00459	0.00153	0.00723	0.00392	0.00311	0.00881
10	0.01622	0.01554	0.02653	0.11123	0.65534	0.01584	0.02040	0.02025	0.01509	0.02145	0.01255	0.01673	0.01046	0.00605	0.00665	0.00202	0.00807	0.00598	0.00329	0.01031
11	0.02669	0.01690	0.01896	0.01454	0.01986	0.01800	0.01201	0.52854	0.02838	0.21818	0.01877	0.01784	0.01275	0.00812	0.00672	0.00203	0.00695	0.00622	0.00712	0.01141
12	0.01245	0.01004	0.01161	0.01166	0.01395	0.01082	0.00908	0.02178	0.31202	0.02291	0.05967	0.21291	0.08231	0.01480	0.00791	0.00256	0.00496	0.16417	0.00652	0.00788
13	0.77184	0.01290	0.01015	0.00898	0.01319	0.01479	0.00740	0.02038	0.01182	0.06555	0.01021	0.01151	0.00774	0.00633	0.00428	0.00208	0.00522	0.00379	0.00436	0.00748
14	0.05433	0.05748	0.12336	0.16809	0.30729	0.01571	0.05472	0.02068	0.04000	0.04990	0.01400	0.04023	0.01139	0.00685	0.00651	0.00208	0.00812	0.00620	0.00363	0.00942

[dist]
# distance from previous block
# <min> <max>
0	1

[block]
# block no. 7 follows, 32 sequences, length 77
# corresponding to MSA columns:
# 279-355
name=unknown_H
#
# <colnr> <probs for GDERKNQSTAVLIFYWHMCP>
#	G	D	E	R	K	N	Q	S	T	A	V	L	I	F	Y	W	H	M	C	P
0	0.02183	0.06001	0.10793	0.01310	0.01917	0.01386	0.01201	0.18213	0.01970	0.24559	0.01729	0.01705	0.01210	0.00695	0.00607	0.00174	0.00652	0.00542	0.00575	0.22578
1	0.01432	0.07000	0.22978	0.01494	0.02017	0.01480	0.04532	0.02307	0.21309	0.04140	0.04111	0.06020	0.08562	0.00993	0.00780	0.00226	0.05097	0.04132	0.00492	0.00899
2	0.01878	0.68130	0.03325	0.01217	0.01764	0.11046	0.01166	0.02088	0.01427	0.01586	0.00945	0.01092	0.00861	0.00588	0.00451	0.00147	0.00776	0.00367	0.00294	0.00851
3	0.01397	0.04488	0.01456	0.01210	0.01476	0.01194	0.04786	0.15551	0.08336	0.02370	0.06621	0.16986	0.07239	0.09651	0.09840	0.00378	0.00735	0.04974	0.00559	0.00754
4	0.05111	0.06333	0.07893	0.01437	0.01952	0.09167	0.01251	0.28918	0.10283	0.14757	0.04925	0.01872	0.01482	0.00801	0.00645	0.00201	0.00729	0.00611	0.00604	0.01028
5	0.03704	0.01264	0.03534	0.01874	0.20703	0.03709	0.01174	0.07752	0.01830	0.09211	0.25372	0.03378	0.11642	0.01035	0.00714	0.00207	0.00568	0.00895	0.00581	0.00853
6	0.00982	0.00739	0.00814	0.00776	0.01008	0.00653	0.00589	0.01270	0.04774	0.05630	0.22178	0.05719	0.49371	0.01541	0.00782	0.00222	0.00354	0.01300	0.00664	0.00634
7	0.01267	0.01193	0.02013	0.74806	0.04621	0.01491	0.01863	0.01714	0.01342	0.01714	0.01193	0.01789	0.00894	0.00671	0.00671	0.00224	0.00894	0.00596	0.00298	0.00745
8	0.01622	0.04645	0.02549	0.31384	0.22629	0.06643	0.11832	0.06854	0.01599	0.02080	0.01245	0.01675	0.00973	0.00642	0.00673	0.00209	0.00906	0.00605	0.00343	0.00892
9	0.01424	0.01444	0.02001	0.63382	0.04212	0.10223	0.01781	0.01827	0.01398	0.01702	0.01163	0.01708	0.00890	0.00691	0.00718	0.00220	0.03588	0.00576	0.00304	0.00749
10	0.00959	0.00719	0.01078	0.01078	0.01198	0.00839	0.00839	0.01198	0.01078	0.01558	0.01797	0.02636	0.01677	0.05032	0.73760	0.01078	0.01797	0.00719	0.00359	0.00599
11	0.10837	0.01527	0.02595	0.11043	0.28642	0.01546	0.18700	0.04600	0.01580	0.10388	0.01412	0.01717	0.01066	0.00635	0.00670	0.00211	0.00832	0.00629	0.00409	0.00961
12	0.00976	0.00651	0.00732	0.00732	0.00732	0.00651	0.00407	0.00976	0.00976	0.01301	0.02114	0.04391	0.02439	0.76419	0.03415	0.00651	0.00651	0.00976	0.00407	0.00407
13	0.00818	0.00584	0.00779	0.00934	0.00973	0.00545	0.00623	0.00934	0.01285	0.01713	0.03698	0.75981	0.04438	0.02102	0.00856	0.00273	0.00389	0.01908	0.00623	0.00545
14	0.01794	0.76823	0.03516	0.01148	0.01722	0.02655	0.01148	0.02009	0.01363	0.01579	0.00933	0.01076	0.00861	0.00574	0.00431	0.00144	0.00718	0.00359	0.00287	0.00861
15	0.01429	0.06110	0.61929	0.05050	0.02912	0.01583	0.04911	0.02145	0.01436	0.04638	0.01251	0.01466	0.00888	0.00641	0.00638	0.00211	0.00967	0.00513	0.00306	0.00978
16	0.00959	0.00719	0.01078	0.01078	0.01198	0.00839	0.00839	0.01198	0.01078	0.01558	0.01797	0.02636	0.01677	0.05032	0.73760	0.01078	0.01797	0.00719	0.00359	0.00599
17	0.01267	0.01193	0.02013	0.74806	0.04621	0.01491	0.01863	0.01714	0.01342	0.01714	0.01193	0.01789	0.00894	0.00671	0.00671	0.00224	0.00894	0.00596	0.00298	0.00745
18	0.01488	0.02783	0.44161	0.02235	0.03090	0.01633	0.27388	0.05196	0.01557	0.02229	0.01279	0.01571	0.00925	0.00618	0.00696	0.00217	0.01032	0.00610	0.00322	0.00966
19	0.03706	0.01916	0.02527	0.06551	0.50139	0.16784	0.04523	0.02176	0.01592	0.02073	0.01208	0.01564	0.01004	0.00620	0.00651	0.00196	0.00895	0.00565	0.00336	0.00975
20	0.01346	0.03471	0.72942	0.01912	0.02904	0.01558	0.02479	0.02125	0.01417	0.02125	0.01204	0.01417	0.00850	0.00637	0.00637	0.00212	0.00992	0.00496	0.00283	0.00992
21	0.00804	0.00677	0.00699	0.00713	0.00926	0.00572	0.00535	0.00975	0.01515	0.01813	0.06507	0.10604	0.65711	0.01728	0.00801	0.00232	0.00352	0.03644	0.00623	0.00567
22	0.06340	0.13508	0.19151	0.02073	0.15414	0.08631	0.03373	0.13098	0.01736	0.04345	0.01234	0.01442	0.00962	0.00687	0.00699	0.00199	0.05245	0.00516	0.00386	0.00961
23	0.01438	0.16946	0.57500	0.01806	0.02709	0.01766	0.04799	0.02105	0.01413	0.02025	0.01160	0.01369	0.00858	0.00623	0.00605	0.00200	0.00946	0.00482	0.00286	0.00964
24	0.00878	0.00627	0.00848	0.01003	0.01068	0.00597	0.00727	0.01038	0.01344	0.01780	0.03665	0.60380	0.04306	0.02045	0.00872	0.00281	0.00441	0.16915	0.00622	0.00562
25	0.01641	0.09828	0.35696	0.04905	0.04992	0.04148	0.11503	0.10839	0.05876	0.02354	0.01339	0.01546	0.00993	0.00661	0.00647	0.00206	0.00922	0.00559	0.00369	0.00975
26	0.16008	0.01552	0.01858	0.06194	0.13455	0.01669	0.01288	0.29572	0.04530	0.14969	0.01623	0.01683	0.01160	0.00740	0.00627	0.00205	0.00684	0.00578	0.00576	0.01030
27	0.00906	0.00664	0.00891	0.02814	0.01176	0.00638	0.00773	0.01098	0.01406	0.01846	0.06808	0.46124	0.09876	0.01932	0.00864	0.00275	0.00459	0.20257	0.00618	0.00576
28	0.00818	0.00584	0.00779	0.00934	0.00973	0.00545	0.00623	0.00934	0.01285	0.01713	0.03698	0.75981	0.04438	0.02102	0.00856	0.00273	0.00389	0.01908	0.00623	0.00545
29	0.01858	0.01636	0.02369	0.07062	0.26919	0.08213	0.07679	0.02168	0.01485	0.12424	0.01353	0.01683	0.01072	0.00791	0.01069	0.00226	0.20057	0.00609	0.00396	0.00930
30	0.01794	0.76823	0.03516	0.01148	0.01722	0.02655	0.01148	0.02009	0.01363	0.01579	0.00933	0.01076	0.00861	0.00574	0.00431	0.00144	0.00718	0.00359	0.00287	0.00861
31	0.01402	0.01327	0.02260	0.54918	0.17100	0.01542	0.05896	0.04069	0.01451	0.01913	0.01229	0.01760	0.00941	0.00655	0.00677	0.00218	0.00885	0.00608	0.00319	0.00827
32	0.01661	0.01594	0.02724	0.04119	0.72233	0.01594	0.02059	0.02059	0.01528	0.02192	0.01262	0.01661	0.01063	0.00598	0.00664	0.00199	0.00797	0.00598	0.00332	0.01063
33	0.00947	0.00641	0.00753	0.00781	0.00792	0.00639	0.00461	0.00977	0.01034	0.01383	0.02380	0.16881	0.02761	0.60664	0.05647	0.00601	0.00648	0.01129	0.00443	0.00438
34	0.00941	0.00710	0.00949	0.01096	0.04618	0.00676	0.00748	0.01195	0.03513	0.02040	0.20097	0.40948	0.09757	0.01761	0.00828	0.00253	0.00416	0.08202	0.00637	0.00616
35	0.02366	0.04296	0.02105	0.07229	0.04804	0.18615	0.03058	0.43161	0.02578	0.03238	0.01408	0.01523	0.01044	0.00749	0.00652	0.00195	0.00871	0.00561	0.00536	0.01010
36	0.01661	0.01594	0.02724	0.04119	0.72233	0.01594	0.02059	0.02059	0.01528	0.02192	0.01262	0.01661	0.01063	0.00598	0.00664	0.00199	0.00797	0.00598	0.00332	0.01063
37	0.01079	0.00720	0.00850	0.00838	0.01049	0.00631	0.00634	0.01282	0.01592	0.09585	0.16299	0.17535	0.38251	0.01629	0.00799	0.00235	0.00386	0.05305	0.00664	0.00639
38	0.06988	0.14757	0.04348	0.01372	0.01895	0.06022	0.01177	0.31034	0.12300	0.03055	0.01525	0.01564	0.01159	0.00725	0.00592	0.00183	0.00700	0.00534	0.00530	0.09540
39	0.01732	0.33297	0.18965	0.01595	0.02251	0.02054	0.10351	0.08340	0.04717	0.03790	0.01243	0.01414	0.00983	0.00641	0.00609	0.00182	0.02584	0.00501	0.00364	0.04387
40	0.06686	0.03587	0.14297	0.23295	0.06660	0.01579	0.01620	0.04042	0.02969	0.01954	0.01258	0.01790	0.01053	0.04552	0.07278	0.00322	0.15336	0.00587	0.00336	0.00799
41	0.01448	0.20260	0.57052	0.01738	0.02634	0.01809	0.02174	0.02098	0.01404	0.02000	0.01142	0.01339	0.00853	0.00623	0.00590	0.00197	0.00929	0.00464	0.00284	0.00962
42	0.01224	0.01096	0.01753	0.29425	0.20256	0.01190	0.01449	0.01579	0.01490	0.02013	0.14577	0.09267	0.07619	0.01113	0.02898	0.00245	0.00707	0.00889	0.00441	0.00769
43	0.01580	0.08738	0.40963	0.06165	0.02761	0.04232	0.10180	0.06470	0.03925	0.04513	0.01345	0.01612	0.01005	0.02775	0.00723	0.00220	0.00933	0.00559	0.00353	0.00949
44	0.01609	0.18012	0.35977	0.06176	0.04912	0.07065	0.08114	0.05095	0.03267	0.02066	0.01207	0.01433	0.00921	0.00637	0.00612	0.00197	0.00930	0.00511	0.00323	0.00937
45	0.01020	0.00745	0.01001	0.01133	0.01290	0.00726	0.00965	0.01295	0.01523	0.01958	0.04027	0.12574	0.13640	0.01850	0.00902	0.00294	0.00561	0.53272	0.00619	0.00605
46	0.01474	0.05014	0.50044	0.02161	0.05204	0.04877	0.17548	0.02150	0.01478	0.02096	0.01226	0.01495	0.00896	0.00621	0.00666	0.00212	0.01019	0.00559	0.00300	0.00961
47	0.10842	0.06497	0.16947	0.02199	0.05801	0.03625	0.32937	0.03880	0.01556	0.07395	0.01341	0.01613	0.00990	0.00617	0.00674	0.00212	0.00946	0.00627	0.00378	0.00926
48	0.01582	0.01665	0.02505	0.34388	0.14139	0.10965	0.16716	0.02097	0.05615	0.01938	0.01310	0.01741	0.01012	0.00653	0.00689	0.00214	0.00951	0.00628	0.00341	0.00852
49	0.00850	0.00608	0.00812	0.00940	0.01002	0.00570	0.00651	0.01004	0.01380	0.01857	0.12523	0.62742	0.04649	0.01993	0.00852	0.00267	0.00393	0.05708	0.00638	0.00561
50	0.01446	0.01335	0.02070	0.22939	0.25754	0.01452	0.04553	0.02150	0.15652	0.02162	0.03923	0.02582	0.05567	0.00837	0.00701	0.00221	0.00735	0.04580	0.00439	0.00901
51	0.02447	0.01853	0.02142	0.03927	0.02255	0.02037	0.05814	0.63377	0.02994	0.04013	0.01581	0.01630	0.01125	0.00785	0.00679	0.00204	0.00769	0.00616	0.00638	0.01113
52	0.01166	0.00855	0.01135	0.01244	0.01425	0.00879	0.01067	0.03775	0.07245	0.02133	0.03429	0.09733	0.03649	0.01753	0.00896	0.00297	0.00605	0.57421	0.00625	0.00668
53	0.01654	0.01536	0.02505	0.11013	0.55947	0.01588	0.01920	0.06079	0.04419	0.02282	0.01411	0.01901	0.01183	0.00672	0.00675	0.00207	0.00787	0.02827	0.00372	0.01020
54	0.02551	0.01879	0.02014	0.01544	0.02081	0.02081	0.01275	0.69996	0.03155	0.04229	0.01611	0.01611	0.01141	0.00805	0.00671	0.00201	0.00738	0.00604	0.00671	0.01141
55	0.01403	0.01331	0.02257	0.50475	0.27893	0.01526	0.01931	0.01833	0.01406	0.01879	0.01217	0.01745	0.00952	0.00646	0.00669	0.00215	0.00861	0.00597	0.00310	0.00855
56	0.00826	0.00590	0.00789	0.00944	0.00987	0.00553	0.00638	0.00949	0.01293	0.01723	0.03693	0.73715	0.04419	0.02094	0.00859	0.00274	0.00397	0.04087	0.00623	0.00547
57	0.01546	0.02070	0.14753	0.02685	0.03412	0.01675	0.59263	0.02146	0.01558	0.02146	0.01333	0.01748	0.00992	0.00577	0.00768	0.00224	0.01109	0.00746	0.00331	0.00919
58	0.02069	0.01640	0.01742	0.01446	0.01897	0.01856	0.01159	0.33691	0.40244	0.03452	0.02223	0.02099	0.01637	0.00863	0.00678	0.00216	0.00625	0.00689	0.00678	0.01098
59	0.00919	0.00684	0.00866	0.00899	0.01052	0.00631	0.00692	0.01169	0.01648	0.02204	0.33058	0.17591	0.19865	0.01658	0.00829	0.00244	0.00392	0.14327	0.00671	0.00601
60	0.01629	0.01683	0.03232	0.03587	0.43949	0.01636	0.29936	0.02096	0.01551	0.02174	0.01301	0.01722	0.01044	0.00585	0.00717	0.00210	0.00935	0.00678	0.00335	0.00998
61	0.02355	0.02953	0.01804	0.01643	0.01970	0.66610	0.01232	0.02542	0.01901	0.01744	0.07934	0.01580	0.01397	0.00758	0.00623	0.00177	0.01123	0.00508	0.00384	0.00764
62	0.01418	0.01333	0.02266	0.36793	0.31860	0.01469	0.03766	0.01836	0.01444	0.01950	0.01455	0.02300	0.01255	0.00753	0.00696	0.00222	0.00834	0.07137	0.00344	0.00867
63	0.01666	0.55893	0.23326	0.01366	0.02059	0.02342	0.01528	0.02042	0.01379	0.01735	0.01010	0.01173	0.00858	0.00592	0.00490	0.00163	0.00796	0.00398	0.00286	0.00898
64	0.00907	0.00667	0.00864	0.00996	0.01072	0.00652	0.00701	0.01177	0.06574	0.01824	0.03611	0.63775	0.04201	0.01988	0.00850	0.00273	0.00422	0.08227	0.00627	0.00591
65	0.01400	0.12321	0.64566	0.01820	0.02761	0.01691	0.02319	0.02111	0.01410	0.02059	0.01171	0.01376	0.00851	0.00630	0.00613	0.00204	0.00959	0.00479	0.00284	0.00976
66	0.01487	0.01365	0.02313	0.44723	0.07729	0.01577	0.12402	0.04009	0.05657	0.04818	0.01365	0.01820	0.01031	0.00711	0.00798	0.00227	0.06133	0.00640	0.00362	0.00835
67	0.01772	0.03806	0.06128	0.03194	0.36968	0.13855	0.20215	0.02190	0.01597	0.02070	0.01239	0.01600	0.01003	0.00606	0.00682	0.00201	0.00964	0.00612	0.00333	0.00964
68	0.00815	0.00681	0.00711	0.00703	0.00920	0.00576	0.00527	0.01006	0.01582	0.01939	0.16133	0.06250	0.62547	0.01652	0.00793	0.00224	0.00337	0.01387	0.00640	0.00576
69	0.00861	0.00656	0.00791	0.00813	0.00962	0.00586	0.00589	0.01073	0.01606	0.02126	0.31223	0.24927	0.27991	0.01682	0.00810	0.00233	0.00344	0.01472	0.00668	0.00586
70	0.01613	0.01558	0.02699	0.12090	0.61452	0.01587	0.05093	0.02024	0.01509	0.02136	0.01259	0.01682	0.01042	0.00605	0.00671	0.00203	0.00823	0.00606	0.00329	0.01020
71	0.01668	0.54705	0.22486	0.01438	0.03969	0.02326	0.01537	0.02042	0.01382	0.01745	0.01016	0.01185	0.00864	0.00592	0.00494	0.00164	0.00795	0.00403	0.00287	0.00902
72	0.00959	0.00719	0.01078	0.01078	0.01198	0.00839	0.00839	0.01198	0.01078	0.01558	0.01797	0.02636	0.01677	0.05032	0.73760	0.01078	0.01797	0.00719	0.00359	0.00599
73	0.01346	0.03471	0.72942	0.01912	0.02904	0.01558	0.02479	0.02125	0.01417	0.02125	0.01204	0.01417	0.00850	0.00637	0.00637	0.00212	0.00992	0.00496	0.00283	0.00992
74	0.04580	0.10001	0.07442	0.12405	0.06989	0.18417	0.08281	0.04118	0.06086	0.13151	0.01480	0.01642	0.01099	0.00690	0.00632	0.00198	0.00884	0.00561	0.00435	0.00911
75	0.01795	0.21096	0.23721	0.02007	0.10407	0.10193	0.08997	0.10219	0.01696	0.02194	0.01189	0.01401	0.00931	0.00636	0.00606	0.00189	0.00911	0.00511	0.00349	0.00951
76	0.00894	0.00717	0.00864	0.00919	0.01066	0.00687	0.00705	0.01074	0.01435	0.01810	0.04979	0.25612	0.36257	0.01809	0.00919	0.00259	0.04831	0.13979	0.00603	0.00580

[dist]
# distance from previous block
# <min> <max>
0	2

[block]
# block no. 8 follows, 32 sequences, length 55
# corresponding to MSA columns:
# 358-412
name=unknown_I
#
# <colnr> <probs for GDERKNQSTAVLIFYWHMCP>
#	G	D	E	R	K	N	Q	S	T	A	V	L	I	F	Y	W	H	M	C	P
0	0.02506	0.03198	0.01901	0.01729	0.02074	0.73725	0.01296	0.02679	0.01901	0.01642	0.01037	0.01210	0.00864	0.00691	0.00605	0.00173	0.01210	0.00432	0.00346	0.00778
1	0.01618	0.01747	0.08411	0.05466	0.50255	0.01590	0.12414	0.03813	0.01565	0.02214	0.01354	0.01859	0.01128	0.00644	0.00691	0.00209	0.00859	0.02806	0.00347	0.01012
2	0.22697	0.23687	0.05318	0.01338	0.01809	0.26492	0.01157	0.06880	0.01614	0.02178	0.01027	0.01177	0.00846	0.00645	0.00512	0.00177	0.00848	0.00408	0.00366	0.00823
3	0.02478	0.03048	0.01914	0.01716	0.02065	0.66246	0.01300	0.07607	0.01967	0.01832	0.01075	0.01247	0.00885	0.00715	0.00659	0.00179	0.03447	0.00450	0.00368	0.00803
4	0.01848	0.01772	0.02631	0.03492	0.52834	0.07261	0.05818	0.11772	0.01791	0.02437	0.01300	0.01627	0.01056	0.00633	0.00668	0.00199	0.00840	0.00597	0.00382	0.01043
5	0.04849	0.02136	0.01698	0.01503	0.01890	0.28298	0.01162	0.10935	0.35166	0.02550	0.01913	0.01873	0.01460	0.00807	0.00643	0.00204	0.00805	0.00606	0.00548	0.00955
6	0.01507	0.01438	0.02447	0.31660	0.45890	0.01554	0.01983	0.01925	0.01455	0.02006	0.01235	0.01711	0.00997	0.00626	0.00667	0.00209	0.00835	0.00597	0.00319	0.00939
7	0.00968	0.00682	0.00893	0.00893	0.00949	0.00738	0.00608	0.01079	0.01024	0.01421	0.01967	0.03573	0.02084	0.43155	0.36194	0.00850	0.01185	0.00856	0.00385	0.00496
8	0.01430	0.01413	0.01983	0.01711	0.01720	0.01966	0.01422	0.01584	0.01031	0.01611	0.00948	0.01554	0.00939	0.01459	0.07475	0.00351	0.69783	0.00597	0.00298	0.00724
9	0.00818	0.00584	0.00779	0.00934	0.00973	0.00545	0.00623	0.00934	0.01285	0.01713	0.03698	0.75981	0.04438	0.02102	0.00856	0.00273	0.00389	0.01908	0.00623	0.00545
10	0.01644	0.01578	0.02694	0.07036	0.69443	0.01590	0.02051	0.02045	0.01520	0.02172	0.01259	0.01666	0.01056	0.00601	0.00665	0.00200	0.00801	0.00598	0.00331	0.01050
11	0.01597	0.08051	0.19664	0.06351	0.39508	0.03805	0.07389	0.02081	0.01495	0.02086	0.01220	0.01560	0.00979	0.00609	0.00648	0.00200	0.00880	0.00565	0.00316	0.00995
12	0.02498	0.01884	0.01916	0.01512	0.02016	0.07954	0.01231	0.52103	0.09720	0.09635	0.01762	0.01723	0.01252	0.00808	0.00667	0.00202	0.00743	0.00611	0.00658	0.01103
13	0.01401	0.12504	0.64392	0.01818	0.02759	0.01693	0.02315	0.02111	0.01410	0.02058	0.01171	0.01375	0.00851	0.00630	0.00612	0.00204	0.00958	0.00479	0.00284	0.00976
14	0.01633	0.01617	0.02910	0.06430	0.58041	0.01608	0.13653	0.02062	0.01531	0.02168	0.01276	0.01691	0.01049	0.00595	0.00686	0.00205	0.00858	0.00631	0.00332	0.01024
15	0.01300	0.01226	0.02072	0.68846	0.10322	0.01499	0.01880	0.01743	0.01357	0.01755	0.01198	0.01778	0.00909	0.00665	0.00670	0.00222	0.00886	0.00596	0.00301	0.00772
16	0.01661	0.01594	0.02724	0.04119	0.72233	0.01594	0.02059	0.02059	0.01528	0.02192	0.01262	0.01661	0.01063	0.00598	0.00664	0.00199	0.00797	0.00598	0.00332	0.01063
17	0.00926	0.00681	0.00867	0.00830	0.00990	0.00622	0.00619	0.01217	0.01830	0.02548	0.61503	0.08356	0.13628	0.01441	0.00794	0.00216	0.00322	0.01267	0.00720	0.00622
18	0.00850	0.00679	0.00761	0.00747	0.00943	0.00590	0.00558	0.01071	0.01655	0.02126	0.30133	0.08202	0.46128	0.01594	0.00794	0.00222	0.00333	0.01359	0.00665	0.00590
19	0.01652	0.01912	0.03808	0.02747	0.03401	0.07004	0.64749	0.02188	0.01607	0.02112	0.01334	0.01766	0.01007	0.00575	0.00778	0.00222	0.01137	0.00765	0.00340	0.00896
20	0.01661	0.01594	0.02724	0.04119	0.72233	0.01594	0.02059	0.02059	0.01528	0.02192	0.01262	0.01661	0.01063	0.00598	0.00664	0.00199	0.00797	0.00598	0.00332	0.01063
21	0.01141	0.00599	0.00898	0.00898	0.00912	0.00612	0.00612	0.00912	0.00898	0.01211	0.01239	0.02109	0.01225	0.02645	0.10882	0.71259	0.00724	0.00599	0.00299	0.00327
22	0.01661	0.01594	0.02724	0.04119	0.72233	0.01594	0.02059	0.02059	0.01528	0.02192	0.01262	0.01661	0.01063	0.00598	0.00664	0.00199	0.00797	0.00598	0.00332	0.01063
23	0.00975	0.00653	0.00746	0.00746	0.00751	0.00658	0.00424	0.00985	0.00980	0.01312	0.02101	0.04319	0.02408	0.73473	0.06318	0.00668	0.00698	0.00965	0.00405	0.00415
24	0.01726	0.65725	0.14020	0.01264	0.01901	0.02489	0.01349	0.02027	0.01371	0.01661	0.00974	0.01128	0.00859	0.00584	0.00462	0.00154	0.00759	0.00380	0.00286	0.00881
25	0.01581	0.01656	0.02039	0.01758	0.01796	0.09831	0.01449	0.01730	0.01122	0.01618	0.00898	0.01440	0.00879	0.01122	0.02029	0.00280	0.67164	0.00570	0.00299	0.00739
26	0.01081	0.00772	0.01081	0.01236	0.01390	0.00772	0.01081	0.01390	0.01545	0.02008	0.03553	0.07569	0.03862	0.01854	0.00927	0.00309	0.00618	0.67717	0.00618	0.00618
27	0.01661	0.01594	0.02724	0.04119	0.72233	0.01594	0.02059	0.02059	0.01528	0.02192	0.01262	0.01661	0.01063	0.00598	0.00664	0.00199	0.00797	0.00598	0.00332	0.01063
28	0.08776	0.01403	0.01615	0.01279	0.01772	0.03467	0.01045	0.17223	0.09996	0.42868	0.02259	0.02044	0.01500	0.00814	0.00653	0.00208	0.00616	0.00638	0.00734	0.01090
29	0.01697	0.01716	0.02604	0.11922	0.55032	0.08786	0.04387	0.02085	0.01546	0.02081	0.01235	0.01636	0.01022	0.00614	0.00664	0.00200	0.00861	0.00588	0.00330	0.00992
30	0.01584	0.01810	0.03959	0.02828	0.03507	0.01697	0.69796	0.02149	0.01584	0.02149	0.01357	0.01810	0.01018	0.00566	0.00792	0.00226	0.01131	0.00792	0.00339	0.00905
31	0.01267	0.01193	0.02013	0.74806	0.04621	0.01491	0.01863	0.01714	0.01342	0.01714	0.01193	0.01789	0.00894	0.00671	0.00671	0.00224	0.00894	0.00596	0.00298	0.00745
32	0.01384	0.09656	0.67088	0.01848	0.02804	0.01651	0.02367	0.02115	0.01412	0.02079	0.01181	0.01388	0.00851	0.00632	0.00620	0.00207	0.00969	0.00484	0.00284	0.00981
33	0.01661	0.01594	0.02724	0.04119	0.72233	0.01594	0.02059	0.02059	0.01528	0.02192	0.01262	0.01661	0.01063	0.00598	0.00664	0.00199	0.00797	0.00598	0.00332	0.01063
34	0.00950	0.00686	0.00897	0.00844	0.01002	0.00633	0.00633	0.01266	0.01899	0.02691	0.71879	0.05012	0.06331	0.01372	0.00791	0.00211	0.00317	0.01213	0.00739	0.00633
35	0.01081	0.00772	0.01081	0.01236	0.01390	0.00772	0.01081	0.01390	0.01545	0.02008	0.03553	0.07569	0.03862	0.01854	0.00927	0.00309	0.00618	0.67717	0.00618	0.00618
36	0.01421	0.15847	0.61229	0.01783	0.02705	0.01743	0.02255	0.02105	0.01408	0.02033	0.01158	0.01359	0.00852	0.00627	0.00603	0.00201	0.00945	0.00473	0.00284	0.00970
