[name]
unknown

[dist]
# distance from previous block
# <min> <max>
0	0

[block]
# block no. 0 follows, 33 sequences, length 14
# corresponding to MSA columns:
# 0-13
name=unknown_A
#
# <colnr> <probs for GDERKNQSTAVLIFYWHMCP>
#	G	D	E	R	K	N	Q	S	T	A	V	L	I	F	Y	W	H	M	C	P
0	0.01061	0.00758	0.01061	0.01212	0.01364	0.00758	0.01061	0.01364	0.01515	0.01970	0.03486	0.07426	0.03789	0.01819	0.00909	0.00303	0.00606	0.68326	0.00606	0.00606
1	0.02539	0.01785	0.01939	0.01487	0.02012	0.01954	0.01228	0.65047	0.02996	0.09804	0.01664	0.01635	0.01161	0.00792	0.00659	0.00198	0.00711	0.00598	0.00671	0.01120
2	0.09249	0.01795	0.01890	0.01459	0.01976	0.01993	0.01205	0.64702	0.02927	0.04047	0.01524	0.01537	0.01085	0.00775	0.00637	0.00198	0.00706	0.00573	0.00637	0.01085
3	0.02498	0.01968	0.01965	0.01532	0.02041	0.08965	0.01253	0.64046	0.02977	0.03906	0.01527	0.01543	0.01094	0.00780	0.00652	0.00195	0.00769	0.00577	0.00628	0.01085
4	0.01760	0.77260	0.03450	0.01126	0.01690	0.02605	0.01126	0.01971	0.01338	0.01549	0.00915	0.01056	0.00845	0.00563	0.00422	0.00141	0.00704	0.00352	0.00282	0.00845
5	0.00806	0.00668	0.00706	0.00696	0.00906	0.00568	0.00522	0.00999	0.01566	0.01935	0.18588	0.06079	0.60474	0.01609	0.00778	0.00220	0.00329	0.01353	0.00632	0.00568
6	0.00948	0.00634	0.00721	0.00730	0.00732	0.00632	0.00411	0.00955	0.00975	0.01300	0.02165	0.08510	0.02508	0.72506	0.03204	0.00617	0.00623	0.01011	0.00411	0.00407
7	0.01760	0.77260	0.03450	0.01126	0.01690	0.02605	0.01126	0.01971	0.01338	0.01549	0.00915	0.01056	0.00845	0.00563	0.00422	0.00141	0.00704	0.00352	0.00282	0.00845
8	0.00932	0.00673	0.00880	0.00828	0.00984	0.00621	0.00621	0.01242	0.01863	0.02640	0.72410	0.04918	0.06212	0.01346	0.00776	0.00207	0.00311	0.01191	0.00725	0.00621
9	0.00802	0.00573	0.00764	0.00917	0.00955	0.00535	0.00611	0.00917	0.01260	0.01681	0.03628	0.76434	0.04354	0.02062	0.00840	0.00267	0.00382	0.01872	0.00611	0.00535
10	0.02459	0.03138	0.01866	0.01696	0.02035	0.74221	0.01272	0.02629	0.01866	0.01611	0.01018	0.01187	0.00848	0.00678	0.00594	0.00170	0.01187	0.00424	0.00339	0.00763
11	0.00778	0.00667	0.00667	0.00667	0.00889	0.00556	0.00500	0.00945	0.01501	0.01778	0.06669	0.06336	0.72490	0.01667	0.00778	0.00222	0.00333	0.01389	0.00611	0.00556
12	0.01645	0.01770	0.03043	0.09323	0.31194	0.08567	0.30525	0.02087	0.01542	0.02042	0.01250	0.01659	0.00992	0.00588	0.00699	0.00206	0.00966	0.00650	0.00327	0.00925
13	0.01541	0.01623	0.02641	0.04710	0.11305	0.08234	0.30627	0.01946	0.01481	0.02012	0.01284	0.01673	0.01036	0.00932	0.06945	0.00256	0.00977	0.00616	0.00347	0.19815

[dist]
# distance from previous block
# <min> <max>
0	2

[block]
# block no. 1 follows, 33 sequences, length 8
# corresponding to MSA columns:
# 16-23
name=unknown_B
#
# <colnr> <probs for GDERKNQSTAVLIFYWHMCP>
#	G	D	E	R	K	N	Q	S	T	A	V	L	I	F	Y	W	H	M	C	P
0	0.12666	0.01608	0.01713	0.01328	0.01839	0.01717	0.01091	0.44807	0.05139	0.09800	0.01576	0.01580	0.01128	0.00737	0.00606	0.00188	0.00646	0.00549	0.00608	0.10675
1	0.09562	0.07450	0.02497	0.05872	0.30111	0.01771	0.09846	0.20286	0.01874	0.02689	0.01282	0.01541	0.01003	0.00641	0.00628	0.00197	0.00778	0.00571	0.00418	0.00984
2	0.02152	0.01627	0.01750	0.01360	0.01856	0.01738	0.01112	0.51624	0.07005	0.03601	0.02072	0.02050	0.07778	0.00842	0.00650	0.00189	0.00647	0.00652	0.00623	0.10673
3	0.01622	0.01193	0.01424	0.01078	0.01580	0.01021	0.00863	0.08176	0.01564	0.10833	0.01556	0.07277	0.01323	0.00706	0.00627	0.00141	0.03885	0.00564	0.00479	0.54088
4	0.19707	0.06015	0.08273	0.01468	0.07166	0.05648	0.01176	0.07926	0.18019	0.04129	0.06083	0.01939	0.03321	0.00789	0.00652	0.00204	0.03729	0.00595	0.00489	0.02672
5	0.01835	0.07548	0.04128	0.01351	0.01725	0.14654	0.01118	0.15441	0.06532	0.05757	0.12148	0.04056	0.01934	0.00885	0.00811	0.00194	0.09572	0.00656	0.00504	0.09149
6	0.15192	0.11696	0.18739	0.03893	0.02130	0.01648	0.06102	0.11881	0.06999	0.08753	0.01481	0.03763	0.01138	0.00711	0.00588	0.00198	0.00728	0.00559	0.00449	0.03351
7	0.18641	0.01341	0.01534	0.01243	0.01684	0.02903	0.05545	0.08410	0.15477	0.12127	0.04418	0.04631	0.01546	0.00779	0.00627	0.00192	0.02206	0.00624	0.00544	0.15527

[dist]
# distance from previous block
# <min> <max>
1	27

[block]
# block no. 2 follows, 33 sequences, length 31
# corresponding to MSA columns:
# 51-81
name=unknown_C
#
# <colnr> <probs for GDERKNQSTAVLIFYWHMCP>
#	G	D	E	R	K	N	Q	S	T	A	V	L	I	F	Y	W	H	M	C	P
0	0.11399	0.01436	0.01580	0.01397	0.06173	0.06620	0.01046	0.11240	0.07262	0.18972	0.03663	0.03388	0.01405	0.00770	0.00695	0.00188	0.05359	0.00585	0.00548	0.16275
1	0.13923	0.01739	0.01641	0.01398	0.03737	0.12710	0.01087	0.29951	0.07257	0.07590	0.08033	0.01850	0.01575	0.00789	0.00617	0.00193	0.00693	0.00594	0.00570	0.04053
2	0.01747	0.01746	0.02031	0.23240	0.20881	0.17073	0.01564	0.10380	0.01728	0.02160	0.04035	0.01828	0.01231	0.00708	0.00644	0.00195	0.00850	0.02316	0.00386	0.05256
3	0.01772	0.01246	0.01691	0.14646	0.07037	0.01328	0.03342	0.10315	0.13454	0.16311	0.07552	0.05611	0.05742	0.00918	0.00742	0.00213	0.03587	0.00773	0.00571	0.03146
4	0.07834	0.01602	0.01546	0.01207	0.01717	0.13098	0.00965	0.13525	0.01803	0.14412	0.01435	0.01498	0.01069	0.00633	0.00557	0.00151	0.00655	0.00473	0.00499	0.35321
5	0.01560	0.01494	0.02548	0.16761	0.60576	0.01546	0.01986	0.01960	0.01466	0.02067	0.01226	0.01652	0.01013	0.00599	0.00653	0.00200	0.00799	0.00586	0.00320	0.00987
6	0.01456	0.01196	0.01408	0.01054	0.01579	0.00997	0.00847	0.05499	0.03432	0.04051	0.01388	0.03531	0.01190	0.00627	0.00592	0.00127	0.03426	0.02363	0.00431	0.64804
7	0.01528	0.01693	0.03542	0.02530	0.03185	0.01558	0.60899	0.02047	0.01528	0.02114	0.01310	0.01720	0.00996	0.00546	0.00738	0.00205	0.01025	0.00724	0.00341	0.11772
8	0.00930	0.00671	0.00881	0.00850	0.00998	0.00622	0.00639	0.01230	0.01816	0.02559	0.65711	0.08915	0.06007	0.01405	0.00786	0.00214	0.00327	0.04108	0.00713	0.00616
9	0.01657	0.01400	0.01475	0.01307	0.01683	0.01597	0.01022	0.09640	0.60008	0.02815	0.02866	0.02656	0.07056	0.00940	0.00677	0.00221	0.00527	0.00777	0.00665	0.01014
10	0.77132	0.01281	0.00996	0.00892	0.01297	0.01486	0.00731	0.02021	0.04985	0.02943	0.01013	0.01146	0.00784	0.00627	0.00422	0.00205	0.00510	0.00378	0.00422	0.00731
11	0.01005	0.00740	0.00983	0.01105	0.01270	0.00718	0.00950	0.01281	0.01513	0.01932	0.04114	0.07211	0.17353	0.01789	0.00883	0.00287	0.00552	0.55110	0.00607	0.00596
12	0.01559	0.01760	0.03796	0.02867	0.08486	0.01657	0.65392	0.02102	0.01550	0.02112	0.01325	0.01765	0.01002	0.00557	0.00768	0.00220	0.01086	0.00763	0.00332	0.00899
13	0.01243	0.01170	0.01975	0.75282	0.04534	0.01463	0.01828	0.01682	0.01316	0.01682	0.01170	0.01755	0.00878	0.00658	0.00658	0.00219	0.00878	0.00585	0.00293	0.00731
14	0.01320	0.03405	0.73453	0.01876	0.02849	0.01529	0.02432	0.02085	0.01390	0.02085	0.01181	0.01390	0.00834	0.00625	0.00625	0.00208	0.00973	0.00486	0.00278	0.00973
15	0.00802	0.00573	0.00764	0.00917	0.00955	0.00535	0.00611	0.00917	0.01260	0.01681	0.03628	0.76434	0.04354	0.02062	0.00840	0.00267	0.00382	0.01872	0.00611	0.00535
16	0.00944	0.00692	0.00989	0.00989	0.01083	0.00785	0.00737	0.01131	0.01038	0.01477	0.01826	0.02935	0.01797	0.19522	0.59877	0.00973	0.01535	0.00756	0.00362	0.00549
17	0.02469	0.02851	0.01890	0.01656	0.02037	0.58237	0.01267	0.17672	0.02138	0.02173	0.01142	0.01274	0.00908	0.00703	0.00608	0.00176	0.01085	0.00461	0.00410	0.00842
18	0.00802	0.00573	0.00764	0.00917	0.00955	0.00535	0.00611	0.00917	0.01260	0.01681	0.03628	0.76434	0.04354	0.02062	0.00840	0.00267	0.00382	0.01872	0.00611	0.00535
19	0.00802	0.00573	0.00764	0.00917	0.00955	0.00535	0.00611	0.00917	0.01260	0.01681	0.03628	0.76434	0.04354	0.02062	0.00840	0.00267	0.00382	0.01872	0.00611	0.00535
20	0.81514	0.01273	0.00968	0.00866	0.01273	0.01477	0.00713	0.01935	0.01120	0.02954	0.00917	0.01069	0.00713	0.00611	0.00407	0.00204	0.00509	0.00356	0.00407	0.00713
21	0.01546	0.37878	0.36105	0.01491	0.02234	0.02040	0.01733	0.02121	0.05805	0.01876	0.01151	0.01301	0.00913	0.00613	0.00533	0.00178	0.00818	0.00440	0.00304	0.00917
22	0.02461	0.03083	0.01870	0.01688	0.02035	0.71154	0.01271	0.05515	0.01918	0.01719	0.01042	0.01204	0.00860	0.00683	0.00596	0.00171	0.01168	0.00431	0.00353	0.00778
23	0.01675	0.01785	0.06858	0.02226	0.02821	0.01696	0.41538	0.10627	0.18769	0.02508	0.01681	0.01897	0.01250	0.00669	0.00728	0.00219	0.00913	0.00731	0.00451	0.00958
24	0.01452	0.01167	0.01374	0.00986	0.01567	0.00882	0.00790	0.01742	0.01393	0.06011	0.01248	0.01413	0.01011	0.00505	0.00497	0.00103	0.00491	0.00405	0.00413	0.76549
25	0.01643	0.01300	0.01487	0.01095	0.01658	0.01123	0.00883	0.14322	0.04473	0.05216	0.01358	0.01480	0.01067	0.00571	0.00532	0.00125	0.00535	0.00451	0.00466	0.60215
26	0.00875	0.00666	0.00806	0.00792	0.00962	0.00597	0.00594	0.01123	0.01688	0.02261	0.43272	0.10549	0.28282	0.01520	0.00786	0.00219	0.00333	0.03408	0.00675	0.00593
27	0.01384	0.00854	0.01101	0.00997	0.01271	0.00778	0.00800	0.01743	0.04724	0.14804	0.33854	0.04495	0.06260	0.01243	0.00747	0.00215	0.00441	0.14197	0.00675	0.09416
28	0.00847	0.00664	0.00767	0.00754	0.00935	0.00583	0.00561	0.01074	0.01645	0.02152	0.35447	0.10146	0.38972	0.01551	0.00781	0.00218	0.00326	0.01332	0.00661	0.00583
29	0.06035	0.01824	0.08440	0.02641	0.12114	0.01635	0.46315	0.06450	0.01618	0.04400	0.01339	0.01691	0.01003	0.00590	0.00719	0.00214	0.00984	0.00693	0.00367	0.00926
30	0.01841	0.01519	0.02044	0.01800	0.11701	0.01484	0.08577	0.24372	0.01971	0.04760	0.01359	0.01543	0.01048	0.00643	0.00667	0.00167	0.03597	0.00540	0.00471	0.29896

[dist]
# distance from previous block
# <min> <max>
0	4

[block]
# block no. 3 follows, 33 sequences, length 7
# corresponding to MSA columns:
# 86-92
name=unknown_D
#
# <colnr> <probs for GDERKNQSTAVLIFYWHMCP>
#	G	D	E	R	K	N	Q	S	T	A	V	L	I	F	Y	W	H	M	C	P
0	0.22114	0.01654	0.01571	0.01322	0.01731	0.12114	0.03844	0.19355	0.11951	0.06762	0.06860	0.02047	0.01613	0.00818	0.00611	0.00205	0.00680	0.03314	0.00548	0.00887
1	0.02407	0.02525	0.01874	0.01601	0.02011	0.42013	0.01245	0.27337	0.08104	0.02626	0.01360	0.01435	0.01043	0.00737	0.00623	0.00184	0.00964	0.00512	0.00482	0.00916
2	0.01646	0.01674	0.02405	0.20429	0.47669	0.10895	0.01879	0.02019	0.01503	0.01971	0.01194	0.01602	0.00979	0.00615	0.00646	0.00198	0.00857	0.00565	0.00320	0.00934
3	0.00957	0.00638	0.00718	0.00718	0.00718	0.00638	0.00399	0.00957	0.00957	0.01276	0.02074	0.04308	0.02393	0.76864	0.03351	0.00638	0.00638	0.00957	0.00399	0.00399
4	0.01629	0.01564	0.02672	0.04041	0.72757	0.01564	0.02020	0.02020	0.01499	0.02151	0.01238	0.01629	0.01043	0.00587	0.00652	0.00196	0.00782	0.00587	0.00326	0.01043
5	0.07917	0.28703	0.38233	0.01602	0.02365	0.01908	0.06877	0.02035	0.01362	0.01971	0.01079	0.01277	0.00840	0.00598	0.00549	0.00186	0.00853	0.00451	0.00294	0.00901
6	0.01719	0.01643	0.02391	0.08429	0.51361	0.07379	0.01797	0.09145	0.01670	0.02260	0.01370	0.05311	0.01188	0.00693	0.00658	0.00199	0.00795	0.00638	0.00373	0.00981

[dist]
# distance from previous block
# <min> <max>
0	2

[block]
# block no. 4 follows, 33 sequences, length 17
# corresponding to MSA columns:
# 96-112
name=unknown_E
#
# <colnr> <probs for GDERKNQSTAVLIFYWHMCP>
#	G	D	E	R	K	N	Q	S	T	A	V	L	I	F	Y	W	H	M	C	P
0	0.02243	0.01612	0.01692	0.01459	0.04302	0.09039	0.01131	0.32201	0.07709	0.16886	0.02181	0.07763	0.03590	0.00954	0.00682	0.00209	0.00684	0.04034	0.00638	0.00990
1	0.01618	0.01450	0.01440	0.01360	0.03805	0.14236	0.03305	0.03743	0.21823	0.07518	0.07406	0.09568	0.11403	0.01141	0.00716	0.00221	0.00634	0.07210	0.00584	0.00821
2	0.15686	0.01467	0.01466	0.01229	0.01640	0.07019	0.00982	0.18041	0.15699	0.17748	0.06490	0.04602	0.03362	0.00874	0.00630	0.00206	0.00603	0.00682	0.00628	0.00944
3	0.01612	0.01547	0.02642	0.07160	0.69770	0.01560	0.02012	0.02006	0.01491	0.02130	0.01235	0.01635	0.01036	0.00590	0.00652	0.00197	0.00786	0.00587	0.00324	0.01029
4	0.01495	0.01151	0.01361	0.00998	0.01540	0.00907	0.00799	0.04331	0.01511	0.07728	0.07126	0.01731	0.01459	0.00594	0.00531	0.00118	0.00488	0.00484	0.00460	0.65186
5	0.02389	0.01769	0.01902	0.01475	0.01977	0.01956	0.01212	0.64165	0.06282	0.04013	0.04923	0.01777	0.01398	0.00821	0.00665	0.00199	0.00696	0.00628	0.00662	0.01093
6	0.01442	0.01168	0.01373	0.00985	0.01566	0.00882	0.00789	0.01733	0.01390	0.05605	0.01240	0.01408	0.01007	0.00503	0.00496	0.00103	0.00491	0.00403	0.00411	0.77005
7	0.01144	0.00572	0.00858	0.00858	0.00858	0.00572	0.00572	0.00858	0.00858	0.01144	0.01144	0.02001	0.01144	0.02287	0.02573	0.80846	0.00572	0.00572	0.00286	0.00286
8	0.01880	0.01510	0.01599	0.01350	0.01766	0.01698	0.01075	0.27210	0.41767	0.03176	0.02595	0.02442	0.07114	0.00916	0.00674	0.00214	0.00579	0.00740	0.00661	0.01032
9	0.01315	0.01272	0.01456	0.01451	0.06724	0.12878	0.05366	0.01481	0.01249	0.01583	0.01824	0.12743	0.01926	0.22565	0.15131	0.00493	0.08657	0.00871	0.00389	0.00624
10	0.02397	0.01160	0.01463	0.01169	0.01603	0.01107	0.00948	0.11360	0.09060	0.44608	0.15145	0.02665	0.02435	0.00916	0.00683	0.00206	0.00532	0.00758	0.00764	0.01022
11	0.03431	0.08149	0.37483	0.06426	0.02615	0.04965	0.08729	0.03755	0.01453	0.02083	0.01170	0.01410	0.00883	0.00599	0.00598	0.00185	0.00871	0.00492	0.00319	0.14381
12	0.00957	0.00638	0.00718	0.00718	0.00718	0.00638	0.00399	0.00957	0.00957	0.01276	0.02074	0.04308	0.02393	0.76864	0.03351	0.00638	0.00638	0.00957	0.00399	0.00399
13	0.01434	0.01767	0.16550	0.08056	0.29779	0.01423	0.08800	0.01966	0.06772	0.02009	0.01418	0.01920	0.01185	0.06563	0.03425	0.04216	0.00853	0.00629	0.00345	0.00889
14	0.02559	0.01330	0.01545	0.01202	0.01706	0.06525	0.00976	0.06211	0.05193	0.48912	0.02188	0.01990	0.01452	0.00751	0.00627	0.00184	0.00601	0.00598	0.00692	0.14759
15	0.02266	0.02375	0.01759	0.05437	0.02059	0.42857	0.01218	0.06528	0.17377	0.09323	0.01587	0.01628	0.01202	0.00745	0.00624	0.00189	0.00934	0.00537	0.00476	0.00879
16	0.04221	0.11878	0.05606	0.08687	0.15159	0.03360	0.05006	0.16168	0.01755	0.02438	0.01282	0.03022	0.01044	0.00646	0.00589	0.00174	0.00727	0.00537	0.00406	0.17296

[dist]
# distance from previous block
# <min> <max>
0	6

[block]
# block no. 5 follows, 33 sequences, length 15
# corresponding to MSA columns:
# 119-133
name=unknown_F
#
# <colnr> <probs for GDERKNQSTAVLIFYWHMCP>
#	G	D	E	R	K	N	Q	S	T	A	V	L	I	F	Y	W	H	M	C	P
0	0.01480	0.01224	0.01553	0.07103	0.07764	0.05178	0.01142	0.07302	0.09275	0.05882	0.01676	0.02221	0.01442	0.07140	0.26758	0.00541	0.10456	0.00664	0.00425	0.00774
1	0.00884	0.00642	0.00833	0.00847	0.00970	0.00591	0.00612	0.01127	0.01660	0.02300	0.47861	0.26877	0.09173	0.01582	0.00796	0.00226	0.00334	0.01410	0.00684	0.00591
2	0.01463	0.01325	0.01771	0.07614	0.22456	0.03436	0.01318	0.02317	0.25170	0.02385	0.17426	0.02623	0.02485	0.00892	0.00756	0.00213	0.04154	0.00768	0.00526	0.00903
3	0.00815	0.00583	0.00755	0.00886	0.00930	0.00545	0.00586	0.00922	0.01243	0.01647	0.03627	0.66374	0.07397	0.09035	0.01072	0.00300	0.00404	0.01763	0.00591	0.00523
4	0.01547	0.01829	0.09326	0.30261	0.06586	0.12092	0.09230	0.03608	0.01423	0.01824	0.01123	0.01569	0.00894	0.00740	0.00943	0.00223	0.15099	0.00572	0.00312	0.00800
5	0.01440	0.01440	0.02016	0.01728	0.01728	0.02016	0.01440	0.01584	0.01008	0.01584	0.00864	0.01440	0.00864	0.01152	0.02160	0.00288	0.75659	0.00576	0.00288	0.00720
6	0.01144	0.00572	0.00858	0.00858	0.00858	0.00572	0.00572	0.00858	0.00858	0.01144	0.01144	0.02001	0.01144	0.02287	0.02573	0.80846	0.00572	0.00572	0.00286	0.00286
7	0.01043	0.00763	0.00933	0.00880	0.01079	0.00728	0.00673	0.01482	0.08729	0.04592	0.49461	0.04939	0.16436	0.01359	0.00769	0.00215	0.00356	0.04198	0.00698	0.00667
8	0.01582	0.01516	0.02587	0.12739	0.64427	0.01552	0.01997	0.01979	0.01477	0.02094	0.01230	0.01645	0.01023	0.00595	0.00653	0.00198	0.00794	0.00586	0.00322	0.01005
9	0.81514	0.01273	0.00968	0.00866	0.01273	0.01477	0.00713	0.01935	0.01120	0.02954	0.00917	0.01069	0.00713	0.00611	0.00407	0.00204	0.00509	0.00356	0.00407	0.00713
10	0.02318	0.01742	0.01875	0.01447	0.01967	0.01892	0.01187	0.58196	0.08544	0.03835	0.01630	0.01631	0.01178	0.00769	0.00642	0.00190	0.00684	0.00585	0.00633	0.09056
11	0.01706	0.01568	0.02533	0.09231	0.58857	0.01615	0.01912	0.10363	0.01680	0.02359	0.01275	0.01633	0.01039	0.00617	0.00653	0.00198	0.00782	0.00587	0.00364	0.01028
12	0.01424	0.11198	0.49600	0.01639	0.02407	0.01579	0.01946	0.08748	0.01538	0.02181	0.01490	0.10534	0.01293	0.00810	0.00632	0.00207	0.00846	0.00651	0.00357	0.00920
13	0.01196	0.01272	0.08235	0.01156	0.01365	0.09754	0.00926	0.06959	0.01498	0.01915	0.02898	0.53630	0.03310	0.01646	0.00774	0.00244	0.00567	0.01452	0.00549	0.00654
14	0.01255	0.08385	0.01207	0.00929	0.01163	0.00910	0.00727	0.03155	0.01605	0.10750	0.22988	0.19550	0.19521	0.01409	0.00785	0.00219	0.02934	0.01197	0.00625	0.00687

[dist]
# distance from previous block
# <min> <max>
0	21

[block]
# block no. 6 follows, 33 sequences, length 31
# corresponding to MSA columns:
# 155-185
name=unknown_G
#
# <colnr> <probs for GDERKNQSTAVLIFYWHMCP>
#	G	D	E	R	K	N	Q	S	T	A	V	L	I	F	Y	W	H	M	C	P
0	0.04122	0.05273	0.36128	0.02003	0.02762	0.01647	0.22227	0.05994	0.09184	0.02287	0.01393	0.01608	0.01023	0.00640	0.00662	0.00211	0.00925	0.00597	0.00362	0.00950
1	0.01430	0.05039	0.01467	0.01052	0.01528	0.01038	0.02634	0.06587	0.04258	0.04954	0.08179	0.06405	0.06674	0.00791	0.00584	0.00147	0.00503	0.00662	0.00487	0.45581
2	0.01511	0.01782	0.09459	0.02567	0.13522	0.01498	0.41642	0.02013	0.01497	0.02119	0.01276	0.01646	0.00987	0.00554	0.00693	0.00195	0.00938	0.00654	0.00337	0.15111
3	0.03102	0.04375	0.39543	0.01753	0.09190	0.01351	0.01776	0.01960	0.04008	0.02186	0.08150	0.01775	0.01445	0.00673	0.00608	0.00184	0.00763	0.00549	0.00365	0.16244
4	0.02440	0.01986	0.01961	0.04869	0.02153	0.11643	0.01280	0.58391	0.02851	0.03699	0.01487	0.01536	0.01072	0.00769	0.00650	0.00195	0.00793	0.00570	0.00599	0.01054
5	0.02081	0.04682	0.04287	0.01645	0.06075	0.03954	0.08556	0.22140	0.13169	0.14391	0.01768	0.01785	0.01281	0.00719	0.00640	0.00190	0.00703	0.00604	0.00562	0.10767
6	0.00967	0.00684	0.00864	0.00855	0.00891	0.00738	0.00563	0.01045	0.00990	0.01364	0.01940	0.03685	0.02114	0.52199	0.25301	0.00757	0.03326	0.00867	0.00381	0.00467
7	0.05272	0.04958	0.06436	0.01558	0.08112	0.01486	0.01227	0.21914	0.06931	0.29867	0.01999	0.04187	0.01425	0.00801	0.00644	0.00202	0.00649	0.00643	0.00637	0.01053
8	0.01625	0.01576	0.02741	0.03968	0.68794	0.01570	0.05928	0.02025	0.01502	0.02148	0.01244	0.01638	0.01040	0.00585	0.00659	0.00197	0.00801	0.00597	0.00326	0.01034
9	0.00943	0.00659	0.00846	0.00855	0.00900	0.00701	0.00567	0.01036	0.01011	0.01392	0.02045	0.07650	0.02225	0.46128	0.29444	0.00773	0.01040	0.00915	0.00394	0.00476
10	0.02263	0.24114	0.02319	0.01527	0.01937	0.50995	0.01230	0.05180	0.01765	0.01696	0.01011	0.01166	0.00858	0.00650	0.00548	0.00163	0.01031	0.00410	0.00336	0.00801
11	0.01312	0.01388	0.06063	0.01821	0.04783	0.01254	0.27885	0.01961	0.11879	0.02342	0.23569	0.03128	0.07761	0.00929	0.00748	0.00216	0.00706	0.00919	0.00518	0.00816
12	0.01477	0.01534	0.04804	0.05298	0.20310	0.01859	0.01643	0.01720	0.01162	0.01754	0.00985	0.01500	0.00910	0.00966	0.01652	0.00258	0.50481	0.00576	0.00298	0.00814
13	0.00853	0.00619	0.00813	0.00930	0.01005	0.00570	0.00639	0.00985	0.01271	0.01710	0.03431	0.66073	0.04068	0.04301	0.00903	0.00271	0.00408	0.05428	0.00592	0.05129
14	0.01903	0.01542	0.01692	0.07033	0.02039	0.01762	0.01173	0.26257	0.42838	0.03149	0.02189	0.02104	0.01619	0.00840	0.00665	0.00214	0.00618	0.00680	0.00637	0.01045
15	0.00784	0.00642	0.00692	0.00732	0.00906	0.00550	0.00529	0.00937	0.01438	0.01753	0.05876	0.24610	0.54728	0.01770	0.00794	0.00234	0.00346	0.01515	0.00611	0.00550
16	0.01365	0.01170	0.01365	0.00975	0.01560	0.00878	0.00780	0.01658	0.01365	0.02145	0.01170	0.01365	0.00975	0.00488	0.00488	0.00098	0.00488	0.00390	0.00390	0.80888
17	0.01798	0.02439	0.32795	0.01818	0.06280	0.01727	0.03567	0.26021	0.11906	0.02899	0.01538	0.01630	0.01115	0.00716	0.00649	0.00206	0.00816	0.00573	0.00469	0.01035
18	0.00948	0.00640	0.00715	0.00715	0.00727	0.00634	0.00404	0.00957	0.00985	0.01302	0.02310	0.04412	0.05997	0.72998	0.03218	0.00617	0.00623	0.00980	0.00410	0.00407
19	0.01817	0.09008	0.04516	0.01453	0.03456	0.07564	0.01171	0.12050	0.45931	0.02692	0.02142	0.02045	0.01620	0.00813	0.00636	0.00206	0.00642	0.00648	0.00582	0.01008
20	0.01446	0.02486	0.38679	0.07143	0.29998	0.01545	0.05304	0.02037	0.01435	0.02087	0.01210	0.01522	0.00925	0.00609	0.00644	0.00205	0.00900	0.00544	0.00300	0.00982
21	0.03563	0.06738	0.53637	0.01786	0.04539	0.01515	0.04419	0.03752	0.01464	0.06060	0.01570	0.01719	0.04991	0.00692	0.00627	0.00205	0.00881	0.00553	0.00343	0.00946
22	0.01425	0.13276	0.61292	0.01762	0.02662	0.01693	0.02211	0.04702	0.01448	0.02092	0.01161	0.01352	0.00846	0.00623	0.00599	0.00199	0.00927	0.00472	0.00293	0.00961
23	0.00942	0.00700	0.01029	0.01029	0.01136	0.00807	0.00787	0.01157	0.01049	0.01507	0.01790	0.02734	0.01710	0.11104	0.68176	0.01022	0.01667	0.00727	0.00357	0.00572
24	0.01760	0.14436	0.29251	0.01804	0.05028	0.18844	0.07557	0.03763	0.03406	0.04158	0.01277	0.03503	0.01022	0.00678	0.00609	0.00191	0.00939	0.00533	0.00344	0.00896
25	0.01993	0.09641	0.13546	0.01512	0.02061	0.03775	0.05346	0.30934	0.06040	0.07983	0.04299	0.06722	0.01520	0.00837	0.00651	0.00201	0.00737	0.00678	0.00542	0.00983
26	0.00957	0.00638	0.00718	0.00718	0.00718	0.00638	0.00399	0.00957	0.00957	0.01276	0.02074	0.04308	0.02393	0.76864	0.03351	0.00638	0.00638	0.00957	0.00399	0.00399
27	0.01045	0.00753	0.01038	0.01181	0.01337	0.00746	0.01029	0.01340	0.01515	0.01959	0.03668	0.07364	0.07719	0.01810	0.00902	0.00298	0.00591	0.64496	0.00606	0.00603
28	0.10414	0.01839	0.04497	0.01936	0.16346	0.14992	0.01330	0.16105	0.05832	0.13754	0.01585	0.03750	0.01217	0.00759	0.00664	0.00200	0.02731	0.00587	0.00505	0.00959
29	0.14026	0.11553	0.13639	0.01489	0.05794	0.06610	0.04758	0.07360	0.07354	0.04183	0.03405	0.01851	0.05846	0.00725	0.00580	0.00186	0.00703	0.00566	0.00428	0.08942
30	0.06960	0.04584	0.05120	0.05491	0.09610	0.10337	0.05659	0.06100	0.15707	0.08209	0.01894	0.01979	0.05291	0.00765	0.00673	0.00197	0.03051	0.00619	0.00476	0.07277

[dist]
# distance from previous block
# <min> <max>
0	176

[block]
# block no. 7 follows, 33 sequences, length 33
# corresponding to MSA columns:
# 366-398
name=unknown_H
#
# <colnr> <probs for GDERKNQSTAVLIFYWHMCP>
#	G	D	E	R	K	N	Q	S	T	A	V	L	I	F	Y	W	H	M	C	P
0	0.03637	0.04571	0.12922	0.01761	0.09201	0.20284	0.04658	0.10193	0.01745	0.06780	0.01805	0.11797	0.03996	0.00890	0.00653	0.00199	0.00825	0.00729	0.00444	0.02910
1	0.03508	0.06497	0.14281	0.05456	0.11392	0.15279	0.09620	0.07388	0.01627	0.03936	0.01272	0.03385	0.01032	0.00676	0.00669	0.00189	0.03294	0.00556	0.00370	0.09573
2	0.01738	0.09688	0.19812	0.04767	0.11778	0.13213	0.07641	0.06419	0.08015	0.04170	0.03900	0.01663	0.01224	0.00680	0.00628	0.00194	0.00861	0.00564	0.00392	0.02655
3	0.01144	0.00572	0.00858	0.00858	0.00858	0.00572	0.00572	0.00858	0.00858	0.01144	0.01144	0.02001	0.01144	0.02287	0.02573	0.80846	0.00572	0.00572	0.00286	0.00286
4	0.05040	0.05684	0.11675	0.01533	0.04051	0.05337	0.01337	0.29955	0.18545	0.04888	0.01699	0.01706	0.01252	0.00752	0.00626	0.00198	0.00713	0.00579	0.00550	0.03878
5	0.00948	0.00675	0.00906	0.00906	0.00971	0.00740	0.00633	0.01078	0.01013	0.01416	0.01903	0.03357	0.01980	0.37135	0.42515	0.00870	0.01260	0.00818	0.00373	0.00503
6	0.03838	0.13589	0.41919	0.01880	0.05911	0.03482	0.09868	0.03949	0.01485	0.03854	0.03502	0.01523	0.01063	0.00640	0.00614	0.00198	0.00894	0.00530	0.00331	0.00931
7	0.01396	0.07011	0.66640	0.01831	0.02754	0.05017	0.02314	0.02105	0.01410	0.02036	0.01161	0.01364	0.00835	0.00625	0.00614	0.00203	0.00970	0.00477	0.00281	0.00957
8	0.00999	0.00733	0.00878	0.00825	0.01026	0.00679	0.00624	0.01365	0.06239	0.04711	0.46489	0.05085	0.25097	0.01393	0.00766	0.00212	0.00339	0.01202	0.00691	0.00646
9	0.01480	0.20676	0.18758	0.13558	0.12102	0.01679	0.07680	0.01901	0.01406	0.04305	0.01552	0.06965	0.03720	0.00749	0.00619	0.00197	0.00798	0.00644	0.00347	0.00864
10	0.05063	0.01014	0.01574	0.01370	0.01606	0.03892	0.12853	0.01431	0.01179	0.01702	0.01618	0.02317	0.01457	0.03800	0.55028	0.00837	0.01566	0.00689	0.00351	0.00653
11	0.00802	0.00573	0.00764	0.00917	0.00955	0.00535	0.00611	0.00917	0.01260	0.01681	0.03628	0.76434	0.04354	0.02062	0.00840	0.00267	0.00382	0.01872	0.00611	0.00535
12	0.00961	0.00643	0.00731	0.00737	0.00742	0.00643	0.00424	0.00973	0.00978	0.01303	0.02128	0.04426	0.02446	0.74028	0.03259	0.00626	0.00637	0.03503	0.00407	0.00407
13	0.08834	0.32468	0.04189	0.04055	0.06386	0.17761	0.08412	0.02158	0.03868	0.01839	0.01073	0.01288	0.00904	0.00632	0.00597	0.00177	0.03740	0.00459	0.00327	0.00833
14	0.00988	0.00785	0.00899	0.00998	0.01086	0.04131	0.00689	0.03868	0.04806	0.01827	0.03378	0.66304	0.03946	0.01890	0.00813	0.00258	0.00440	0.01697	0.00603	0.00593
15	0.01313	0.00639	0.00659	0.00641	0.00812	0.00631	0.00485	0.01617	0.01406	0.05960	0.02170	0.02444	0.01685	0.00769	0.00470	0.00156	0.00319	0.00616	0.76570	0.00639
16	0.01369	0.01376	0.04747	0.49933	0.26241	0.01497	0.01911	0.01804	0.01377	0.01846	0.01192	0.01702	0.00929	0.00634	0.00655	0.00211	0.00851	0.00582	0.00303	0.00839
17	0.01570	0.01620	0.04894	0.20235	0.44841	0.05378	0.04547	0.02047	0.04672	0.02037	0.01278	0.01670	0.01029	0.00622	0.00655	0.00202	0.00833	0.00589	0.00333	0.00947
18	0.00941	0.00702	0.01042	0.01042	0.01154	0.00814	0.00803	0.01165	0.01053	0.01516	0.01778	0.02668	0.01682	0.08372	0.70869	0.01038	0.01710	0.00717	0.00355	0.00579
19	0.01760	0.77260	0.03450	0.01126	0.01690	0.02605	0.01126	0.01971	0.01338	0.01549	0.00915	0.01056	0.00845	0.00563	0.00422	0.00141	0.00704	0.00352	0.00282	0.00845
20	0.00891	0.00637	0.00866	0.01019	0.01096	0.00612	0.00766	0.01071	0.01348	0.01780	0.03579	0.52669	0.04159	0.01978	0.00864	0.00280	0.00459	0.24757	0.00609	0.00559
21	0.01416	0.01361	0.02103	0.55773	0.17366	0.04975	0.01820	0.04021	0.01435	0.01848	0.01189	0.01698	0.00916	0.00650	0.00654	0.00212	0.00869	0.00578	0.00313	0.00805
22	0.01144	0.00572	0.00858	0.00858	0.00858	0.00572	0.00572	0.00858	0.00858	0.01144	0.01144	0.02001	0.01144	0.02287	0.02573	0.80846	0.00572	0.00572	0.00286	0.00286
23	0.01006	0.00723	0.00869	0.00835	0.00863	0.00770	0.00530	0.01047	0.00982	0.01349	0.01925	0.03842	0.02165	0.62256	0.09479	0.00632	0.06618	0.00888	0.00386	0.02835
24	0.00864	0.00659	0.00793	0.00784	0.00948	0.00588	0.00579	0.01101	0.01667	0.02230	0.41650	0.14025	0.28638	0.01542	0.00785	0.00220	0.00327	0.01341	0.00672	0.00588
25	0.00793	0.00667	0.00688	0.00683	0.00898	0.00562	0.00512	0.00974	0.01536	0.01862	0.13036	0.06198	0.66071	0.01636	0.00778	0.00221	0.00331	0.01370	0.00622	0.00562
26	0.01400	0.03819	0.04587	0.01487	0.01782	0.01251	0.15397	0.04766	0.01338	0.07404	0.03443	0.02490	0.01592	0.15843	0.21339	0.00527	0.09674	0.00735	0.00404	0.00721
27	0.01760	0.77260	0.03450	0.01126	0.01690	0.02605	0.01126	0.01971	0.01338	0.01549	0.00915	0.01056	0.00845	0.00563	0.00422	0.00141	0.00704	0.00352	0.00282	0.00845
28	0.01297	0.01254	0.01973	0.69003	0.04306	0.04095	0.01789	0.01711	0.01321	0.01675	0.01149	0.01719	0.00876	0.00683	0.00730	0.00221	0.04593	0.00579	0.00294	0.00732
29	0.00948	0.00712	0.01023	0.01026	0.01117	0.00817	0.00772	0.01138	0.01063	0.01513	0.01949	0.09872	0.01973	0.13724	0.55379	0.00899	0.04288	0.00845	0.00381	0.00564
30	0.02054	0.06212	0.15603	0.01686	0.03690	0.29705	0.03165	0.18260	0.04062	0.02363	0.01403	0.04152	0.01162	0.00773	0.00633	0.00193	0.00939	0.02626	0.00426	0.00895
31	0.06333	0.03751	0.01083	0.00968	0.01109	0.00941	0.00714	0.06177	0.01210	0.01752	0.01933	0.09967	0.01995	0.24945	0.33467	0.00706	0.01104	0.00847	0.00414	0.00584
32	0.12552	0.17293	0.16616	0.01831	0.11957	0.22656	0.01507	0.04888	0.01563	0.02050	0.01070	0.01264	0.00865	0.00628	0.00552	0.00181	0.00883	0.00443	0.00335	0.00868

[dist]
# distance from previous block
# <min> <max>
1	7

[block]
# block no. 8 follows, 33 sequences, length 125
# corresponding to MSA columns:
# 406-530
name=unknown_I
#
# <colnr> <probs for GDERKNQSTAVLIFYWHMCP>
#	G	D	E	R	K	N	Q	S	T	A	V	L	I	F	Y	W	H	M	C	P
0	0.04535	0.09307	0.08390	0.03414	0.04293	0.09033	0.06833	0.22490	0.06983	0.02686	0.04582	0.01665	0.01281	0.00720	0.00659	0.00188	0.02932	0.00566	0.00468	0.08975
1	0.01253	0.01178	0.01974	0.68917	0.06617	0.01464	0.01797	0.01677	0.01307	0.01691	0.01180	0.01765	0.00903	0.00784	0.02671	0.00243	0.02958	0.00588	0.00295	0.00737
2	0.01836	0.01514	0.01733	0.04020	0.08948	0.01681	0.01200	0.22321	0.38173	0.03008	0.02234	0.02174	0.03625	0.00833	0.00661	0.00208	0.00610	0.00686	0.00608	0.03926
3	0.00853	0.00626	0.00807	0.00931	0.01005	0.00594	0.00649	0.01054	0.03888	0.01782	0.06477	0.61773	0.08905	0.01949	0.00832	0.00263	0.00395	0.06036	0.00617	0.00563
4	0.01392	0.15382	0.62101	0.01755	0.02661	0.01703	0.02221	0.02066	0.01381	0.01998	0.01138	0.01336	0.00836	0.00615	0.00593	0.00198	0.00929	0.00465	0.00279	0.00952
5	0.01706	0.68242	0.11998	0.01218	0.01831	0.02474	0.01286	0.01985	0.01344	0.01614	0.00948	0.01097	0.00844	0.00571	0.00447	0.00149	0.00737	0.00368	0.00281	0.00860
6	0.00807	0.00587	0.00763	0.00901	0.00960	0.00543	0.00613	0.00932	0.01291	0.01698	0.03921	0.67669	0.10975	0.02017	0.00836	0.00264	0.00384	0.03690	0.00611	0.00539
7	0.01605	0.01539	0.02627	0.08612	0.68379	0.01558	0.02008	0.01999	0.01487	0.02121	0.01234	0.01637	0.01032	0.00591	0.00652	0.00197	0.00788	0.00586	0.00324	0.01023
8	0.01665	0.05396	0.51825	0.01720	0.02544	0.04219	0.02035	0.08716	0.04239	0.09451	0.01403	0.01515	0.00986	0.00670	0.00626	0.00204	0.00890	0.00517	0.00385	0.00992
9	0.01398	0.01463	0.11090	0.04189	0.22701	0.01204	0.08683	0.01823	0.03219	0.06235	0.02413	0.10426	0.06972	0.01074	0.00741	0.00232	0.00718	0.14116	0.00460	0.00844
10	0.00957	0.00638	0.00718	0.00718	0.00718	0.00638	0.00399	0.00957	0.00957	0.01276	0.02074	0.04308	0.02393	0.76864	0.03351	0.00638	0.00638	0.00957	0.00399	0.00399
11	0.00940	0.00705	0.01058	0.01058	0.01176	0.00823	0.00823	0.01176	0.01058	0.01528	0.01763	0.02586	0.01646	0.04937	0.74255	0.01058	0.01763	0.00705	0.00353	0.00588
12	0.01338	0.01751	0.19861	0.03646	0.12441	0.01380	0.03260	0.02052	0.15466	0.02083	0.01977	0.11588	0.01816	0.01240	0.05109	0.00281	0.07637	0.05775	0.00437	0.00862
13	0.00934	0.00693	0.00873	0.00832	0.01001	0.00642	0.00629	0.01264	0.03540	0.02514	0.60371	0.05108	0.14415	0.01389	0.00778	0.00212	0.00327	0.03148	0.00706	0.00623
14	0.01482	0.00870	0.00901	0.00805	0.01030	0.00911	0.00622	0.15849	0.01720	0.02760	0.02027	0.02345	0.01597	0.03744	0.00614	0.00182	0.00406	0.00623	0.60801	0.00710
15	0.01482	0.01578	0.05785	0.27445	0.18333	0.01605	0.22988	0.04416	0.01478	0.02015	0.01231	0.01693	0.00956	0.00645	0.00784	0.00218	0.05512	0.00640	0.00325	0.00870
16	0.01719	0.01657	0.02101	0.20584	0.21297	0.15921	0.05760	0.02038	0.01494	0.06564	0.01312	0.01691	0.01042	0.00841	0.02800	0.02433	0.04841	0.00574	0.04498	0.00833
17	0.00942	0.00701	0.01036	0.01036	0.01146	0.00811	0.00796	0.01162	0.01052	0.01512	0.01783	0.02696	0.01694	0.09536	0.69722	0.01031	0.01691	0.00721	0.00356	0.00576
18	0.00945	0.00633	0.00722	0.00733	0.00736	0.00630	0.00415	0.00954	0.00981	0.01307	0.02193	0.09820	0.02543	0.71147	0.03159	0.00610	0.00619	0.01027	0.00415	0.00409
19	0.01354	0.01279	0.05160	0.04183	0.15024	0.01200	0.13325	0.06610	0.03265	0.04159	0.03914	0.27255	0.05362	0.01196	0.00799	0.00231	0.03296	0.01104	0.00487	0.00798
20	0.02117	0.01381	0.01574	0.01479	0.07175	0.08367	0.01079	0.07634	0.13286	0.27967	0.03876	0.07132	0.01883	0.03795	0.02848	0.00252	0.03598	0.02988	0.00624	0.00944
21	0.01705	0.01616	0.02466	0.10672	0.48620	0.05197	0.04760	0.10135	0.01691	0.02300	0.01441	0.01773	0.03337	0.00656	0.00660	0.00199	0.00805	0.00613	0.00372	0.00984
22	0.05636	0.31164	0.05578	0.03943	0.06248	0.22310	0.01301	0.12855	0.01761	0.02099	0.01087	0.01247	0.00895	0.00640	0.00537	0.00169	0.00855	0.00437	0.00365	0.00873
23	0.01595	0.01256	0.01460	0.06121	0.01807	0.03612	0.00903	0.03851	0.01484	0.09550	0.01325	0.01483	0.01036	0.00549	0.00526	0.00122	0.00554	0.00439	0.00434	0.61896
24	0.07253	0.22167	0.10482	0.01504	0.04428	0.19752	0.01318	0.12928	0.01803	0.10683	0.01286	0.01370	0.00979	0.00668	0.00560	0.00178	0.00830	0.00468	0.00427	0.00913
25	0.02101	0.31696	0.02446	0.01454	0.01864	0.41444	0.01210	0.02292	0.01625	0.01603	0.01086	0.01425	0.00980	0.00697	0.00579	0.00167	0.02745	0.03472	0.00328	0.00787
26	0.01475	0.01182	0.01382	0.01011	0.01568	0.00940	0.00809	0.04297	0.03787	0.05620	0.03877	0.01579	0.01235	0.00559	0.00519	0.00114	0.00494	0.00451	0.00441	0.68660
27	0.00875	0.00653	0.00871	0.01050	0.03597	0.00623	0.00699	0.01071	0.03616	0.01756	0.03653	0.63483	0.07512	0.01936	0.00829	0.00263	0.00413	0.05924	0.00602	0.00575
28	0.00819	0.00606	0.00769	0.00880	0.00965	0.00555	0.00614	0.00965	0.01356	0.01776	0.08688	0.55546	0.16853	0.01931	0.00828	0.00257	0.00380	0.05045	0.00618	0.00548
29	0.02006	0.01738	0.11897	0.01554	0.05243	0.01435	0.05362	0.22607	0.04454	0.15107	0.01608	0.01659	0.01153	0.00677	0.00619	0.00178	0.00690	0.00555	0.00532	0.20927
30	0.02248	0.01871	0.02139	0.01663	0.02163	0.08198	0.10340	0.47911	0.08235	0.03465	0.01655	0.04112	0.01258	0.00800	0.00675	0.00203	0.00788	0.00657	0.00587	0.01032
31	0.00812	0.00580	0.00775	0.00928	0.00971	0.00543	0.00629	0.00934	0.01270	0.01692	0.03623	0.73738	0.04332	0.02053	0.00843	0.00269	0.00391	0.04468	0.00611	0.00538
32	0.02184	0.11190	0.07332	0.01672	0.05047	0.40600	0.01335	0.08502	0.09876	0.04285	0.01318	0.01420	0.01037	0.00696	0.00595	0.00180	0.00962	0.00486	0.00408	0.00874
33	0.00951	0.00665	0.00856	0.00856	0.00904	0.00713	0.00571	0.01046	0.00998	0.01379	0.01948	0.03610	0.02090	0.47702	0.32098	0.00808	0.01094	0.00855	0.00380	0.00475
34	0.01961	0.05053	0.01826	0.03975	0.04263	0.06375	0.01114	0.32091	0.02162	0.02949	0.01331	0.01457	0.01023	0.00646	0.00578	0.00156	0.00671	0.00493	0.00494	0.31382
35	0.01696	0.01408	0.02341	0.08975	0.53722	0.01409	0.01776	0.02054	0.01513	0.10529	0.01571	0.07244	0.01345	0.00728	0.00667	0.00204	0.00733	0.00690	0.00403	0.00990
36	0.04925	0.18110	0.46881	0.03429	0.05174	0.01772	0.03687	0.05143	0.01451	0.02100	0.01140	0.01344	0.00857	0.00617	0.00582	0.00194	0.00881	0.00471	0.00305	0.00937
37	0.01582	0.01546	0.02744	0.06831	0.58024	0.01544	0.11039	0.01994	0.01499	0.02118	0.01330	0.01866	0.01130	0.00631	0.00678	0.00204	0.00823	0.03090	0.00336	0.00993
38	0.01320	0.03405	0.73453	0.01876	0.02849	0.01529	0.02432	0.02085	0.01390	0.02085	0.01181	0.01390	0.00834	0.00625	0.00625	0.00208	0.00973	0.00486	0.00278	0.00973
39	0.00883	0.00688	0.00809	0.00847	0.00996	0.00642	0.00608	0.01186	0.06763	0.01987	0.18386	0.32911	0.27481	0.01697	0.00794	0.00237	0.00362	0.01488	0.00638	0.00597
40	0.01362	0.06593	0.63724	0.01927	0.02853	0.01590	0.08780	0.02082	0.01403	0.02063	0.01184	0.01411	0.00850	0.00616	0.00631	0.00207	0.00974	0.00508	0.00283	0.00959
41	0.01243	0.01170	0.01975	0.75282	0.04534	0.01463	0.01828	0.01682	0.01316	0.01682	0.01170	0.01755	0.00878	0.00658	0.00658	0.00219	0.00878	0.00585	0.00293	0.00731
42	0.01629	0.01564	0.02672	0.04041	0.72757	0.01564	0.02020	0.02020	0.01499	0.02151	0.01238	0.01629	0.01043	0.00587	0.00652	0.00196	0.00782	0.00587	0.00326	0.01043
43	0.01703	0.01706	0.04925	0.10099	0.50852	0.07204	0.06443	0.02099	0.01528	0.05276	0.01281	0.01636	0.01029	0.00610	0.00656	0.00198	0.00840	0.00586	0.00345	0.00983
44	0.00957	0.00730	0.01090	0.01080	0.01194	0.00863	0.00843	0.01189	0.01056	0.01530	0.01733	0.02548	0.01620	0.04812	0.71860	0.01032	0.04218	0.00701	0.00351	0.00592
45	0.00802	0.00573	0.00764	0.00917	0.00955	0.00535	0.00611	0.00917	0.01260	0.01681	0.03628	0.76434	0.04354	0.02062	0.00840	0.00267	0.00382	0.01872	0.00611	0.00535
46	0.01579	0.04523	0.19727	0.02395	0.07882	0.01624	0.37844	0.02272	0.08186	0.05205	0.01459	0.01737	0.01082	0.00617	0.00706	0.00214	0.00962	0.00674	0.00371	0.00942
47	0.01243	0.01170	0.01975	0.75282	0.04534	0.01463	0.01828	0.01682	0.01316	0.01682	0.01170	0.01755	0.00878	0.00658	0.00658	0.00219	0.00878	0.00585	0.00293	0.00731
48	0.00802	0.00573	0.00764	0.00917	0.00955	0.00535	0.00611	0.00917	0.01260	0.01681	0.03628	0.76434	0.04354	0.02062	0.00840	0.00267	0.00382	0.01872	0.00611	0.00535
49	0.00802	0.00573	0.00764	0.00917	0.00955	0.00535	0.00611	0.00917	0.01260	0.01681	0.03628	0.76434	0.04354	0.02062	0.00840	0.00267	0.00382	0.01872	0.00611	0.00535
50	0.02561	0.01638	0.01906	0.01594	0.06646	0.01732	0.01229	0.48559	0.02675	0.21909	0.01821	0.01755	0.01247	0.00783	0.00659	0.00199	0.00686	0.00610	0.00677	0.01115
51	0.01243	0.01170	0.01975	0.75282	0.04534	0.01463	0.01828	0.01682	0.01316	0.01682	0.01170	0.01755	0.00878	0.00658	0.00658	0.00219	0.00878	0.00585	0.00293	0.00731
52	0.02379	0.01783	0.01906	0.01490	0.01995	0.01984	0.01221	0.60997	0.12861	0.03950	0.01737	0.01705	0.01247	0.00805	0.00660	0.00201	0.00695	0.00614	0.00660	0.01109
53	0.02954	0.01120	0.01528	0.01171	0.01681	0.00968	0.00968	0.03208	0.01884	0.73213	0.02597	0.02241	0.01630	0.00815	0.00662	0.00204	0.00560	0.00662	0.00815	0.01120
54	0.02954	0.01120	0.01528	0.01171	0.01681	0.00968	0.00968	0.03208	0.01884	0.73213	0.02597	0.02241	0.01630	0.00815	0.00662	0.00204	0.00560	0.00662	0.00815	0.01120
55	0.01320	0.03405	0.73453	0.01876	0.02849	0.01529	0.02432	0.02085	0.01390	0.02085	0.01181	0.01390	0.00834	0.00625	0.00625	0.00208	0.00973	0.00486	0.00278	0.00973
56	0.00778	0.00667	0.00667	0.00667	0.00889	0.00556	0.00500	0.00945	0.01501	0.01778	0.06669	0.06336	0.72490	0.01667	0.00778	0.00222	0.00333	0.01389	0.00611	0.00556
57	0.02954	0.01120	0.01528	0.01171	0.01681	0.00968	0.00968	0.03208	0.01884	0.73213	0.02597	0.02241	0.01630	0.00815	0.00662	0.00204	0.00560	0.00662	0.00815	0.01120
58	0.01320	0.03405	0.73453	0.01876	0.02849	0.01529	0.02432	0.02085	0.01390	0.02085	0.01181	0.01390	0.00834	0.00625	0.00625	0.00208	0.00973	0.00486	0.00278	0.00973
59	0.01320	0.03405	0.73453	0.01876	0.02849	0.01529	0.02432	0.02085	0.01390	0.02085	0.01181	0.01390	0.00834	0.00625	0.00625	0.00208	0.00973	0.00486	0.00278	0.00973
60	0.01320	0.03405	0.73453	0.01876	0.02849	0.01529	0.02432	0.02085	0.01390	0.02085	0.01181	0.01390	0.00834	0.00625	0.00625	0.00208	0.00973	0.00486	0.00278	0.00973
61	0.02954	0.01120	0.01528	0.01171	0.01681	0.00968	0.00968	0.03208	0.01884	0.73213	0.02597	0.02241	0.01630	0.00815	0.00662	0.00204	0.00560	0.00662	0.00815	0.01120
62	0.00802	0.00573	0.00764	0.00917	0.00955	0.00535	0.00611	0.00917	0.01260	0.01681	0.03628	0.76434	0.04354	0.02062	0.00840	0.00267	0.00382	0.01872	0.00611	0.00535
63	0.00789	0.00667	0.00682	0.00679	0.00896	0.00560	0.00509	0.00966	0.01527	0.01840	0.11401	0.06234	0.67720	0.01644	0.00778	0.00221	0.00332	0.01375	0.00619	0.00560
64	0.00859	0.00681	0.00779	0.00785	0.00979	0.00601	0.00609	0.01084	0.01605	0.02047	0.24831	0.06079	0.44645	0.01596	0.00795	0.00229	0.00363	0.10208	0.00643	0.00581
65	0.01320	0.03405	0.73453	0.01876	0.02849	0.01529	0.02432	0.02085	0.01390	0.02085	0.01181	0.01390	0.00834	0.00625	0.00625	0.00208	0.00973	0.00486	0.00278	0.00973
66	0.02503	0.01844	0.01976	0.01515	0.02042	0.02042	0.01251	0.70562	0.03095	0.04149	0.01581	0.01581	0.01120	0.00790	0.00659	0.00198	0.00724	0.00593	0.00659	0.01120
67	0.01374	0.01304	0.02211	0.51099	0.27692	0.01497	0.01893	0.01797	0.01378	0.01841	0.01193	0.01712	0.00934	0.00634	0.00656	0.00211	0.00845	0.00586	0.00304	0.00837
68	0.01629	0.01564	0.02672	0.04041	0.72757	0.01564	0.02020	0.02020	0.01499	0.02151	0.01238	0.01629	0.01043	0.00587	0.00652	0.00196	0.00782	0.00587	0.00326	0.01043
69	0.00957	0.00641	0.00733	0.00733	0.00738	0.00646	0.00417	0.00967	0.00962	0.01287	0.02061	0.04234	0.02361	0.73773	0.06397	0.00656	0.00687	0.00947	0.00397	0.00407
70	0.01320	0.03405	0.73453	0.01876	0.02849	0.01529	0.02432	0.02085	0.01390	0.02085	0.01181	0.01390	0.00834	0.00625	0.00625	0.00208	0.00973	0.00486	0.00278	0.00973
71	0.01046	0.00751	0.01040	0.01179	0.01333	0.00745	0.01024	0.01344	0.01527	0.01986	0.06023	0.07297	0.06442	0.01796	0.00900	0.00297	0.00586	0.63469	0.00611	0.00605
72	0.08764	0.01132	0.01486	0.01149	0.01650	0.01005	0.00949	0.03114	0.01828	0.68017	0.02473	0.02154	0.01562	0.00800	0.00643	0.00204	0.00556	0.00639	0.00785	0.01090
73	0.02954	0.01120	0.01528	0.01171	0.01681	0.00968	0.00968	0.03208	0.01884	0.73213	0.02597	0.02241	0.01630	0.00815	0.00662	0.00204	0.00560	0.00662	0.00815	0.01120
74	0.01629	0.01564	0.02672	0.04041	0.72757	0.01564	0.02020	0.02020	0.01499	0.02151	0.01238	0.01629	0.01043	0.00587	0.00652	0.00196	0.00782	0.00587	0.00326	0.01043
