[name]
unknown

[dist]
# distance from previous block
# <min> <max>
11	70

[block]
# block no. 0 follows, 34 sequences, length 16
# corresponding to MSA columns:
# 86-101
name=unknown_A
#
# <colnr> <probs for GDERKNQSTAVLIFYWHMCP>
#	G	D	E	R	K	N	Q	S	T	A	V	L	I	F	Y	W	H	M	C	P
0	0.02864	0.01352	0.03438	0.18829	0.04862	0.04403	0.06108	0.07076	0.01557	0.06831	0.05225	0.01859	0.01323	0.00660	0.00599	0.00168	0.00679	0.02177	0.00420	0.29572
1	0.13706	0.01756	0.09775	0.02460	0.27570	0.06041	0.11930	0.07251	0.01564	0.04406	0.03997	0.01655	0.01172	0.00773	0.03028	0.00225	0.00823	0.00579	0.00383	0.00905
2	0.01073	0.00912	0.01274	0.01182	0.01355	0.04010	0.05213	0.03137	0.01197	0.01639	0.02027	0.02763	0.06606	0.03849	0.55130	0.00822	0.04113	0.02702	0.00375	0.00619
3	0.01514	0.01596	0.06504	0.15043	0.50562	0.01529	0.09891	0.01944	0.01443	0.02030	0.01212	0.01622	0.00982	0.00585	0.00653	0.00199	0.00829	0.00592	0.00313	0.00954
4	0.01423	0.01392	0.01993	0.36173	0.16688	0.06889	0.04204	0.01795	0.01387	0.01856	0.01156	0.01568	0.00917	0.00591	0.00605	0.00179	0.00786	0.00525	0.00321	0.19552
5	0.01245	0.01352	0.07520	0.65591	0.04258	0.01453	0.06136	0.01707	0.01312	0.01707	0.01159	0.01697	0.00865	0.00637	0.00651	0.00215	0.00883	0.00579	0.00288	0.00745
6	0.01944	0.04463	0.01929	0.06786	0.02097	0.26895	0.09374	0.11017	0.03570	0.08143	0.03754	0.01855	0.01310	0.04833	0.08897	0.00302	0.01000	0.00595	0.00432	0.00805
7	0.06773	0.01568	0.09927	0.01381	0.01876	0.01414	0.06424	0.10239	0.26942	0.13574	0.02318	0.02239	0.06494	0.00813	0.00640	0.00204	0.00619	0.00677	0.00574	0.05304
8	0.01836	0.08365	0.08935	0.01371	0.01830	0.09681	0.01194	0.23463	0.21805	0.02715	0.02175	0.04948	0.07130	0.00873	0.00636	0.00199	0.00684	0.00685	0.00541	0.00935
9	0.01688	0.01318	0.01604	0.07300	0.04638	0.01379	0.03186	0.15767	0.23654	0.07508	0.07172	0.02354	0.05898	0.00827	0.00643	0.00192	0.00578	0.00694	0.00571	0.13028
10	0.01456	0.05855	0.05697	0.01475	0.10852	0.06688	0.01068	0.01843	0.05812	0.04076	0.04004	0.10484	0.01590	0.00763	0.00578	0.00156	0.00593	0.00642	0.00424	0.35944
11	0.01614	0.09700	0.08048	0.03900	0.01938	0.10071	0.05690	0.11916	0.01624	0.02162	0.01437	0.03980	0.03144	0.00984	0.05859	0.00225	0.03094	0.00553	0.00395	0.23663
12	0.07201	0.01359	0.01458	0.12114	0.01982	0.07490	0.01007	0.11037	0.05405	0.02296	0.01645	0.07437	0.04009	0.00752	0.00576	0.00164	0.00615	0.00606	0.00441	0.32406
13	0.01310	0.04294	0.08859	0.14787	0.18744	0.01243	0.03575	0.03948	0.01378	0.01909	0.01763	0.06645	0.05781	0.08495	0.03428	0.00261	0.00736	0.00702	0.00370	0.11770
14	0.01493	0.10346	0.04119	0.08142	0.01885	0.06259	0.05977	0.08392	0.03253	0.05514	0.10180	0.06771	0.09034	0.01069	0.02094	0.02781	0.04289	0.02173	0.00470	0.05760
15	0.03084	0.01497	0.04171	0.07234	0.09904	0.06582	0.07250	0.18454	0.06109	0.03767	0.08600	0.07140	0.03352	0.01206	0.06684	0.00274	0.02597	0.00753	0.00490	0.00852

[dist]
# distance from previous block
# <min> <max>
9	61

[block]
# block no. 1 follows, 34 sequences, length 314
# corresponding to MSA columns:
# 165-478
name=unknown_B
#
# <colnr> <probs for GDERKNQSTAVLIFYWHMCP>
#	G	D	E	R	K	N	Q	S	T	A	V	L	I	F	Y	W	H	M	C	P
0	0.12823	0.03860	0.01779	0.01441	0.04047	0.03812	0.10075	0.11282	0.10313	0.08847	0.06879	0.03973	0.05417	0.03096	0.00801	0.00216	0.05436	0.00697	0.00510	0.04694
1	0.16458	0.01854	0.08601	0.01597	0.08506	0.13886	0.01248	0.18423	0.01798	0.04880	0.03316	0.06432	0.03110	0.00833	0.00712	0.00203	0.06213	0.00617	0.00458	0.00854
2	0.04354	0.01803	0.04362	0.04857	0.11084	0.13486	0.09574	0.23342	0.03764	0.02581	0.01606	0.04675	0.03483	0.00983	0.04705	0.00241	0.00863	0.00643	0.00455	0.03137
3	0.04394	0.06906	0.19508	0.13921	0.15168	0.05921	0.01722	0.15264	0.01682	0.02318	0.01186	0.01460	0.00915	0.00679	0.00716	0.00201	0.06243	0.00521	0.00364	0.00910
4	0.11821	0.01648	0.01817	0.03879	0.04182	0.07379	0.06118	0.32204	0.04826	0.05378	0.01426	0.01533	0.01059	0.00685	0.00593	0.00182	0.00700	0.00536	0.02884	0.11149
5	0.05130	0.04048	0.02092	0.07029	0.03925	0.12412	0.07964	0.33575	0.07254	0.02907	0.01396	0.01546	0.01052	0.00742	0.00734	0.00200	0.05994	0.00568	0.00492	0.00941
6	0.02253	0.01639	0.01788	0.01479	0.03915	0.04014	0.01164	0.45457	0.11418	0.10813	0.01806	0.03704	0.01357	0.02804	0.00767	0.00213	0.03112	0.00643	0.00625	0.01031
7	0.08517	0.01756	0.06966	0.05960	0.01906	0.13741	0.01368	0.01761	0.01208	0.01727	0.01220	0.01611	0.04661	0.00969	0.01450	0.00243	0.43337	0.00559	0.00318	0.00723
8	0.00887	0.00635	0.00862	0.00994	0.01081	0.00609	0.00756	0.01082	0.01376	0.01831	0.09542	0.46174	0.04237	0.01879	0.00843	0.00270	0.00446	0.25332	0.00608	0.00557
9	0.01724	0.01521	0.05356	0.01353	0.01770	0.01614	0.01112	0.09928	0.58873	0.05585	0.02444	0.02263	0.01812	0.00850	0.00654	0.00215	0.00556	0.00699	0.00642	0.01030
10	0.02211	0.01530	0.01803	0.01544	0.06435	0.01680	0.01174	0.42360	0.02340	0.13831	0.01652	0.01895	0.01263	0.08182	0.01056	0.00246	0.08603	0.00624	0.00585	0.00985
11	0.00932	0.00623	0.00707	0.00715	0.00717	0.00621	0.00403	0.00938	0.00955	0.01274	0.02117	0.08084	0.02451	0.73297	0.03158	0.00607	0.00613	0.00987	0.00403	0.00399
12	0.00950	0.00731	0.01089	0.01074	0.01183	0.00871	0.00841	0.01176	0.01036	0.01503	0.01683	0.02477	0.01574	0.04644	0.70793	0.00997	0.05766	0.00685	0.00343	0.00584
13	0.01591	0.01589	0.02525	0.13073	0.53734	0.06162	0.05552	0.01968	0.01458	0.01997	0.01186	0.01590	0.00982	0.00607	0.00691	0.00198	0.03258	0.00575	0.00316	0.00948
14	0.01445	0.09460	0.51741	0.01904	0.02740	0.04025	0.13341	0.04297	0.01455	0.02055	0.01168	0.01397	0.00855	0.00604	0.00621	0.00199	0.00953	0.00514	0.00296	0.00928
15	0.02212	0.02694	0.01995	0.01725	0.02087	0.57517	0.08772	0.06140	0.01806	0.01764	0.01115	0.01348	0.00919	0.00959	0.05936	0.00236	0.01173	0.00483	0.00350	0.00769
16	0.01005	0.04821	0.00995	0.00852	0.01061	0.00787	0.00661	0.06142	0.01664	0.02177	0.27154	0.14372	0.29177	0.01472	0.00751	0.00217	0.00388	0.05061	0.00622	0.00622
17	0.01344	0.01286	0.01766	0.28032	0.18884	0.07595	0.01439	0.01723	0.03696	0.01884	0.06133	0.10106	0.03496	0.00905	0.00673	0.00208	0.00722	0.04671	0.00399	0.05036
18	0.01311	0.04575	0.47453	0.01963	0.06392	0.01447	0.14245	0.01932	0.01430	0.02055	0.05665	0.01916	0.05324	0.00698	0.00654	0.00205	0.00888	0.00621	0.00329	0.00897
19	0.00787	0.00562	0.00750	0.00900	0.00937	0.00525	0.00600	0.00900	0.01237	0.01649	0.03561	0.76871	0.04274	0.02024	0.00825	0.00262	0.00375	0.01837	0.00600	0.00525
20	0.02221	0.02604	0.01852	0.01822	0.09386	0.53183	0.01276	0.09767	0.03986	0.01945	0.01423	0.01557	0.04745	0.00726	0.00607	0.00176	0.01011	0.00510	0.00389	0.00812
21	0.01506	0.12162	0.21800	0.09330	0.08570	0.01648	0.15474	0.09501	0.01541	0.02112	0.01261	0.01595	0.00988	0.01054	0.08411	0.00285	0.00976	0.00568	0.00338	0.00880
22	0.00859	0.00634	0.00812	0.00936	0.01002	0.00619	0.00637	0.01120	0.07397	0.01741	0.03480	0.70398	0.04073	0.01925	0.00810	0.00259	0.00387	0.01741	0.00605	0.00568
23	0.01518	0.01795	0.06109	0.02694	0.03358	0.01630	0.68671	0.02069	0.01520	0.02069	0.01302	0.01731	0.00975	0.00547	0.00758	0.00217	0.01085	0.00753	0.00325	0.00874
24	0.01761	0.37795	0.24197	0.01395	0.02043	0.05883	0.01493	0.07116	0.04291	0.06761	0.01208	0.01311	0.00942	0.00622	0.00525	0.00171	0.00780	0.00441	0.00355	0.00908
25	0.01379	0.07225	0.17712	0.01546	0.07883	0.05858	0.03580	0.03826	0.15924	0.02146	0.08203	0.06874	0.13236	0.00964	0.00662	0.00205	0.00656	0.00810	0.00477	0.00837
26	0.00851	0.00607	0.00811	0.00940	0.01005	0.00577	0.00675	0.01008	0.01314	0.01754	0.08455	0.55352	0.04216	0.05169	0.00939	0.00280	0.00422	0.14486	0.00598	0.00538
27	0.01185	0.00901	0.00957	0.00931	0.01030	0.06075	0.00645	0.03548	0.03399	0.03771	0.02082	0.03882	0.02204	0.46279	0.12777	0.00578	0.00816	0.07980	0.00431	0.00530
28	0.05746	0.01889	0.13000	0.11650	0.07230	0.11877	0.23618	0.01915	0.01470	0.01964	0.04165	0.09565	0.01449	0.00775	0.00679	0.00210	0.00894	0.00741	0.00361	0.00800
29	0.01571	0.01511	0.02550	0.06617	0.65419	0.01563	0.01935	0.01939	0.01430	0.02053	0.01186	0.01591	0.01005	0.00618	0.00746	0.00199	0.06188	0.00575	0.00316	0.00989
30	0.01594	0.01550	0.02708	0.03877	0.68237	0.01542	0.06939	0.01989	0.01475	0.02108	0.01222	0.01610	0.01020	0.00573	0.00649	0.00194	0.00791	0.00589	0.00320	0.01013
31	0.04832	0.01315	0.01752	0.01376	0.01839	0.01306	0.08347	0.20019	0.06339	0.31971	0.04696	0.02548	0.04017	0.00881	0.00678	0.00209	0.00631	0.05592	0.00665	0.00987
32	0.01325	0.01318	0.04658	0.08869	0.29627	0.03106	0.03203	0.01792	0.07618	0.02064	0.09722	0.05868	0.12402	0.00952	0.00724	0.00210	0.02439	0.02829	0.00445	0.00829
33	0.00836	0.00616	0.00849	0.06289	0.01204	0.00604	0.00702	0.00977	0.01245	0.01653	0.03336	0.65792	0.03944	0.04089	0.00887	0.00271	0.00428	0.05167	0.00571	0.00538
34	0.01750	0.75266	0.03336	0.01124	0.01669	0.04892	0.01110	0.01956	0.01330	0.01522	0.00902	0.01041	0.00829	0.00556	0.00420	0.00139	0.00706	0.00348	0.00278	0.00827
35	0.06671	0.01424	0.04164	0.01219	0.01540	0.08659	0.00973	0.13654	0.20438	0.04812	0.06602	0.18770	0.04135	0.01209	0.02552	0.00237	0.00612	0.00924	0.00577	0.00829
36	0.01131	0.00790	0.01087	0.03635	0.07375	0.00773	0.00822	0.05696	0.01476	0.06717	0.10199	0.50813	0.03690	0.01622	0.00774	0.00240	0.00450	0.01460	0.00593	0.00657
37	0.01529	0.01455	0.02127	0.24244	0.30594	0.05993	0.03878	0.06897	0.06063	0.02085	0.01595	0.05681	0.03551	0.00744	0.00657	0.00204	0.00775	0.00672	0.00380	0.00876
38	0.01773	0.69819	0.03211	0.01153	0.01683	0.07712	0.01113	0.02030	0.03668	0.01563	0.00962	0.01091	0.00867	0.00572	0.00435	0.00143	0.00719	0.00363	0.00293	0.00830
39	0.01362	0.03006	0.59016	0.02044	0.09787	0.04349	0.04861	0.02027	0.01403	0.02026	0.01332	0.01545	0.03088	0.00641	0.00626	0.00203	0.00930	0.00523	0.00292	0.00938
40	0.00988	0.00803	0.00917	0.01003	0.01095	0.05943	0.00736	0.01155	0.01320	0.01710	0.07457	0.39562	0.03597	0.08562	0.08644	0.00370	0.00631	0.14411	0.00543	0.00554
41	0.01812	0.02195	0.18055	0.01486	0.01965	0.19501	0.01378	0.17198	0.08611	0.03859	0.06870	0.06654	0.01774	0.00897	0.00658	0.00203	0.00800	0.04723	0.00487	0.00872
42	0.05812	0.13397	0.24968	0.01376	0.01932	0.03834	0.01422	0.13626	0.06275	0.02400	0.06442	0.07316	0.01683	0.00849	0.00611	0.00198	0.00707	0.03246	0.03042	0.00865
43	0.03854	0.01176	0.01204	0.04047	0.01450	0.09288	0.00886	0.05856	0.14980	0.02085	0.02214	0.19912	0.02122	0.01795	0.13729	0.00359	0.03330	0.00905	0.10091	0.00716
44	0.01527	0.01682	0.07622	0.21832	0.40478	0.06177	0.07504	0.01948	0.01445	0.01952	0.01188	0.01598	0.00952	0.00600	0.00646	0.00199	0.00856	0.00573	0.00310	0.00911
45	0.07647	0.14106	0.12699	0.01348	0.01837	0.11475	0.01240	0.21498	0.01911	0.06355	0.05298	0.08689	0.01542	0.00837	0.00601	0.00191	0.00728	0.00643	0.00478	0.00878
46	0.03743	0.02073	0.22372	0.07919	0.32579	0.03879	0.11232	0.02061	0.04135	0.02083	0.01246	0.01564	0.00971	0.00602	0.00642	0.00201	0.00865	0.00568	0.00321	0.00945
47	0.00930	0.00737	0.01025	0.00982	0.01111	0.00774	0.02967	0.01135	0.01297	0.01779	0.17034	0.13347	0.14197	0.08981	0.25465	0.00530	0.05584	0.01060	0.00492	0.00574
48	0.01631	0.07516	0.14479	0.06270	0.26188	0.12311	0.07946	0.02071	0.03755	0.04008	0.01408	0.06929	0.01215	0.00715	0.00636	0.00196	0.00844	0.00633	0.00354	0.00894
49	0.03597	0.08797	0.16605	0.01404	0.01931	0.13383	0.01325	0.08670	0.10634	0.18810	0.04810	0.01979	0.01492	0.00776	0.00619	0.00195	0.00745	0.02777	0.00519	0.00934
50	0.00968	0.00731	0.01003	0.01043	0.03837	0.00681	0.03418	0.01229	0.03687	0.04129	0.23851	0.34110	0.15693	0.01572	0.00777	0.00230	0.00399	0.01406	0.00618	0.00618
51	0.01478	0.04627	0.25095	0.02274	0.15298	0.07835	0.18168	0.02018	0.03787	0.02018	0.03575	0.06124	0.01372	0.00737	0.00670	0.00206	0.00885	0.02597	0.00353	0.00883
52	0.01067	0.00812	0.01088	0.01136	0.04926	0.00807	0.03711	0.07394	0.01354	0.01806	0.02844	0.32938	0.07485	0.23204	0.04390	0.00382	0.00584	0.02979	0.00508	0.00585
53	0.01621	0.01604	0.06425	0.06089	0.64380	0.01507	0.01958	0.02021	0.01474	0.04899	0.01262	0.01614	0.01030	0.00589	0.00639	0.00194	0.00772	0.00573	0.00335	0.01013
54	0.01021	0.00607	0.00830	0.00868	0.00925	0.00583	0.00601	0.01004	0.01155	0.03531	0.09546	0.24556	0.05258	0.08521	0.01706	0.32481	0.00481	0.05406	0.00471	0.00446
55	0.04722	0.30800	0.37966	0.01513	0.02237	0.08948	0.01736	0.02051	0.01380	0.01840	0.01037	0.01211	0.00819	0.00596	0.00529	0.00176	0.00859	0.00418	0.00285	0.00878
56	0.01758	0.01877	0.05781	0.13018	0.15579	0.16775	0.03697	0.07470	0.22889	0.02247	0.01610	0.01760	0.01239	0.00711	0.00637	0.00200	0.00803	0.00590	0.00441	0.00918
57	0.00857	0.00725	0.03710	0.01043	0.03359	0.00631	0.00738	0.01018	0.01240	0.01668	0.03281	0.58366	0.05957	0.04278	0.07345	0.00336	0.00542	0.03797	0.00550	0.00561
58	0.01570	0.01344	0.02090	0.25105	0.31277	0.01464	0.01642	0.11766	0.01623	0.04529	0.03041	0.01813	0.01179	0.01046	0.07495	0.00278	0.00859	0.00603	0.00384	0.00892
59	0.04624	0.05156	0.52358	0.01810	0.06343	0.01565	0.02032	0.11454	0.01583	0.02329	0.01290	0.04264	0.00996	0.00685	0.00613	0.00202	0.00863	0.00540	0.00344	0.00948
60	0.01601	0.10061	0.48602	0.01747	0.02543	0.06904	0.05655	0.09180	0.01589	0.04518	0.01217	0.01385	0.00883	0.00631	0.00605	0.00195	0.00914	0.00492	0.00336	0.00943
61	0.01594	0.01582	0.02451	0.15791	0.56642	0.06779	0.01899	0.01970	0.01467	0.01996	0.01189	0.01589	0.00983	0.00594	0.00637	0.00194	0.00812	0.00564	0.00315	0.00953
62	0.01531	0.01362	0.01775	0.14166	0.04507	0.08160	0.08293	0.08606	0.05723	0.05916	0.06576	0.02847	0.07917	0.01207	0.05401	0.00272	0.07418	0.07079	0.00466	0.00779
63	0.01501	0.01086	0.01370	0.03835	0.10022	0.03830	0.00989	0.10784	0.04525	0.10696	0.20237	0.18589	0.03188	0.01309	0.03094	0.00242	0.00569	0.02750	0.00598	0.00786
64	0.01421	0.01347	0.02249	0.03162	0.53327	0.01325	0.05300	0.01752	0.01436	0.01991	0.02090	0.02498	0.12063	0.06251	0.00855	0.00229	0.00708	0.00732	0.00368	0.00897
65	0.01489	0.02026	0.27467	0.01557	0.02103	0.03271	0.08143	0.12181	0.01702	0.04689	0.13538	0.02250	0.03973	0.00935	0.02539	0.00227	0.06695	0.00684	0.03678	0.00855
66	0.01559	0.01961	0.10600	0.11782	0.07018	0.09141	0.44229	0.02063	0.01508	0.01966	0.01235	0.01634	0.00936	0.00579	0.00707	0.00209	0.01037	0.00663	0.00316	0.00856
67	0.01478	0.01924	0.13971	0.02669	0.10492	0.01572	0.51577	0.02023	0.01487	0.02058	0.01341	0.03844	0.01056	0.00601	0.00730	0.00214	0.01015	0.00732	0.00326	0.00890
68	0.00861	0.00616	0.00771	0.00845	0.00955	0.00558	0.00597	0.01021	0.01398	0.03654	0.14238	0.46732	0.20033	0.01797	0.00799	0.00243	0.00364	0.03338	0.00621	0.00558
69	0.06839	0.01905	0.06690	0.05195	0.24336	0.18743	0.05276	0.06935	0.05355	0.02132	0.01488	0.09406	0.01333	0.00784	0.00637	0.00199	0.00819	0.00669	0.00394	0.00866
70	0.00991	0.00723	0.00900	0.00972	0.01074	0.00718	0.00680	0.08084	0.04144	0.01963	0.05478	0.64195	0.03922	0.01833	0.00798	0.00252	0.00412	0.01647	0.00610	0.00604
71	0.01584	0.01520	0.02596	0.06780	0.70564	0.01531	0.01976	0.01970	0.01464	0.02093	0.01213	0.01604	0.01017	0.00578	0.00640	0.00193	0.00771	0.00576	0.00319	0.01011
72	0.01576	0.04694	0.21116	0.01804	0.05005	0.09751	0.15317	0.08591	0.09992	0.02278	0.07688	0.02125	0.05623	0.00767	0.00663	0.00202	0.00824	0.00675	0.00428	0.00882
73	0.02325	0.02905	0.01872	0.01813	0.06998	0.66686	0.01291	0.02572	0.04560	0.01663	0.01078	0.01245	0.00890	0.00668	0.00590	0.00170	0.01112	0.00440	0.00345	0.00779
74	0.01362	0.11833	0.60735	0.01820	0.02707	0.01632	0.07166	0.02035	0.01370	0.01987	0.01140	0.01353	0.00831	0.00602	0.00601	0.00198	0.00934	0.00483	0.00277	0.00934
75	0.00869	0.00673	0.02810	0.00912	0.01015	0.00574	0.00660	0.01016	0.01296	0.03824	0.03834	0.61534	0.12689	0.01893	0.00808	0.00254	0.00397	0.03788	0.00596	0.00559
76	0.01694	0.01532	0.04608	0.07534	0.26782	0.08361	0.01405	0.07076	0.08460	0.09562	0.04094	0.02462	0.11958	0.00834	0.00658	0.00199	0.00691	0.00712	0.00474	0.00904
77	0.01747	0.01681	0.07357	0.09415	0.36519	0.03694	0.01678	0.19630	0.01869	0.02579	0.04053	0.01718	0.01222	0.00673	0.00637	0.00194	0.00754	0.00589	0.03017	0.00973
78	0.00824	0.00583	0.00737	0.00856	0.00925	0.00542	0.00586	0.00958	0.01273	0.01709	0.03778	0.59500	0.12220	0.03808	0.00858	0.00260	0.00378	0.03848	0.05824	0.00531
79	0.01692	0.06696	0.07052	0.09170	0.35409	0.13593	0.05359	0.04036	0.03648	0.02026	0.01245	0.01553	0.01008	0.00618	0.00614	0.00188	0.00836	0.00544	0.03802	0.00911
80	0.01517	0.27011	0.33741	0.01661	0.02362	0.06591	0.10443	0.02001	0.01381	0.01820	0.01114	0.01355	0.00886	0.00813	0.04500	0.00227	0.00941	0.00478	0.00289	0.00870
81	0.01436	0.25790	0.35826	0.01738	0.08805	0.01768	0.03974	0.01969	0.03569	0.01890	0.01522	0.01679	0.06071	0.00671	0.00572	0.00185	0.00802	0.00527	0.00315	0.00892
82	0.01451	0.01338	0.01815	0.01638	0.06829	0.06501	0.11882	0.11080	0.01490	0.01982	0.01866	0.13133	0.03959	0.16618	0.01500	0.00311	0.14593	0.00874	0.00424	0.00716
83	0.01504	0.04844	0.25795	0.01554	0.06559	0.05460	0.03614	0.04013	0.05266	0.10357	0.06510	0.08921	0.10966	0.00947	0.00665	0.00206	0.00702	0.00794	0.00470	0.00854
84	0.01708	0.01594	0.08889	0.01291	0.01684	0.07668	0.01099	0.16365	0.21304	0.07564	0.02484	0.14764	0.06142	0.01040	0.00672	0.00212	0.00616	0.00861	0.03157	0.00887
85	0.01519	0.01461	0.02516	0.18770	0.56973	0.01518	0.03976	0.01917	0.01436	0.02015	0.01204	0.01629	0.00989	0.00589	0.00645	0.00198	0.00796	0.00581	0.00313	0.00956
86	0.03860	0.03836	0.12075	0.09551	0.35486	0.03351	0.03452	0.02006	0.08051	0.02067	0.01741	0.04356	0.05909	0.00734	0.00641	0.00201	0.00745	0.00657	0.00371	0.00912
87	0.03670	0.08114	0.07315	0.07549	0.39038	0.01614	0.12182	0.02103	0.06115	0.04192	0.01319	0.01622	0.01048	0.00603	0.00633	0.00196	0.00797	0.00584	0.00351	0.00954
88	0.01054	0.00856	0.00944	0.00891	0.00969	0.06008	0.03207	0.01128	0.01074	0.01372	0.02188	0.03824	0.06696	0.54548	0.12079	0.00604	0.00806	0.00891	0.00393	0.00470
89	0.00946	0.00707	0.00974	0.01165	0.04950	0.00681	0.00860	0.01166	0.01403	0.01839	0.05717	0.32521	0.10763	0.01781	0.00837	0.00268	0.00488	0.31761	0.00586	0.00587
90	0.01575	0.01999	0.14699	0.06431	0.11987	0.20323	0.03598	0.01964	0.03628	0.03918	0.08940	0.10393	0.04172	0.00910	0.00698	0.00203	0.02595	0.00756	0.00416	0.00797
91	0.01581	0.15337	0.17402	0.11057	0.18322	0.06388	0.14634	0.04266	0.01485	0.01963	0.01155	0.01465	0.00911	0.00594	0.00615	0.00191	0.00887	0.00540	0.00312	0.00896
92	0.62156	0.01683	0.07311	0.01060	0.01502	0.10958	0.00931	0.04225	0.01279	0.02693	0.00956	0.01108	0.00740	0.00615	0.00450	0.00196	0.00632	0.00377	0.00388	0.00741
93	0.01355	0.01324	0.01904	0.01616	0.01651	0.01777	0.04964	0.01499	0.01011	0.01541	0.01034	0.01813	0.01059	0.11429	0.02207	0.00326	0.61890	0.00627	0.00300	0.00673
94	0.03467	0.17289	0.33228	0.01935	0.09665	0.01725	0.09636	0.02053	0.01381	0.06559	0.01192	0.01416	0.00910	0.00639	0.00700	0.00197	0.06265	0.00508	0.00322	0.00913
95	0.00785	0.00570	0.00741	0.00878	0.00932	0.00527	0.00590	0.00902	0.01258	0.01658	0.03821	0.70729	0.10248	0.01991	0.00819	0.00259	0.00371	0.01796	0.00600	0.00527
96	0.01439	0.02125	0.25127	0.02116	0.10626	0.03883	0.09086	0.01846	0.01246	0.01831	0.01043	0.01447	0.00873	0.00826	0.01280	0.00237	0.33283	0.00555	0.00290	0.00841
97	0.03221	0.00615	0.00772	0.00883	0.00971	0.00577	0.00623	0.00985	0.01317	0.01775	0.07768	0.55639	0.13443	0.01872	0.00806	0.00254	0.00386	0.06950	0.00600	0.00543
98	0.01603	0.01868	0.08126	0.03084	0.31315	0.06838	0.33391	0.02070	0.01514	0.02050	0.01238	0.01617	0.00976	0.00571	0.00690	0.00203	0.00956	0.00643	0.00321	0.00930
99	0.01515	0.01834	0.08304	0.02747	0.07890	0.01619	0.61962	0.02063	0.01511	0.02071	0.01292	0.01709	0.00973	0.00551	0.00745	0.00215	0.01060	0.00732	0.00323	0.00887
100	0.00911	0.00627	0.00827	0.00914	0.01013	0.00584	0.00663	0.01090	0.01413	0.04225	0.16437	0.47775	0.08826	0.01800	0.00812	0.00251	0.00393	0.10245	0.00626	0.00570
101	0.01506	0.01836	0.20845	0.25931	0.21954	0.01461	0.01888	0.02027	0.03673	0.08172	0.01328	0.01649	0.00993	0.00656	0.00687	0.00207	0.03374	0.00561	0.00348	0.00904
102	0.10205	0.01148	0.01413	0.01118	0.01570	0.01087	0.00915	0.09718	0.04153	0.49768	0.07389	0.02368	0.04517	0.00849	0.00638	0.00201	0.00534	0.00680	0.00727	0.01003
103	0.01675	0.01732	0.07328	0.05100	0.42229	0.06259	0.03671	0.10293	0.06747	0.02314	0.01623	0.01860	0.04888	0.00687	0.00646	0.00196	0.00770	0.00617	0.00395	0.00971
104	0.02089	0.02445	0.01880	0.01912	0.11672	0.48120	0.01317	0.06235	0.01714	0.01788	0.01120	0.01397	0.00951	0.01096	0.07855	0.00264	0.06527	0.00485	0.00347	0.00787
105	0.01603	0.12773	0.15359	0.02031	0.12215	0.06097	0.15831	0.04289	0.07593	0.04539	0.07603	0.01845	0.01480	0.00701	0.00685	0.00197	0.03248	0.00622	0.00396	0.00894
106	0.05528	0.01516	0.01651	0.01494	0.07930	0.11229	0.01099	0.12423	0.06872	0.37908	0.02011	0.01893	0.01369	0.00755	0.00624	0.00194	0.00662	0.00595	0.03240	0.01008
107	0.01487	0.19323	0.45415	0.01915	0.09752	0.05623	0.03944	0.02044	0.01393	0.01914	0.01104	0.01317	0.00847	0.00597	0.00576	0.00187	0.00893	0.00464	0.00283	0.00921
108	0.00872	0.00661	0.00884	0.02913	0.03905	0.00629	0.00727	0.01041	0.01330	0.01741	0.05844	0.46694	0.14472	0.03993	0.00883	0.00266	0.00433	0.11573	0.00577	0.00561
109	0.04835	0.02756	0.01884	0.01821	0.08170	0.58487	0.01293	0.09632	0.01902	0.01928	0.01072	0.01239	0.00872	0.00667	0.00588	0.00173	0.01063	0.00445	0.00366	0.00808
110	0.01591	0.01666	0.09285	0.20015	0.29697	0.01586	0.08220	0.11373	0.06028	0.02295	0.01336	0.01663	0.01031	0.00639	0.00652	0.00203	0.00814	0.00594	0.00373	0.00941
111	0.00944	0.00729	0.00964	0.07483	0.01383	0.00738	0.00824	0.01262	0.06426	0.01832	0.05784	0.37997	0.12057	0.01697	0.00804	0.00256	0.00470	0.17172	0.00579	0.00599
112	0.01710	0.07398	0.29804	0.04046	0.04627	0.03836	0.06326	0.12046	0.01705	0.11756	0.01943	0.02018	0.08415	0.00760	0.00636	0.00199	0.00790	0.00621	0.00438	0.00926
113	0.02237	0.04746	0.01885	0.06868	0.02115	0.36157	0.01249	0.27494	0.02187	0.02502	0.01423	0.01545	0.03761	0.00748	0.00643	0.00183	0.02409	0.00526	0.00452	0.00869
114	0.06385	0.10344	0.40794	0.04254	0.09448	0.01668	0.06905	0.08956	0.01531	0.02243	0.01172	0.01392	0.00873	0.00615	0.00598	0.00196	0.00864	0.00500	0.00327	0.00934
115	0.00925	0.00686	0.01006	0.01006	0.01110	0.00790	0.00768	0.01133	0.01029	0.01476	0.01760	0.02701	0.01686	0.11832	0.67843	0.00999	0.01624	0.00716	0.00351	0.00559
116	0.01346	0.03825	0.04479	0.36509	0.23424	0.03811	0.01679	0.01719	0.01369	0.01801	0.01598	0.04913	0.04955	0.00778	0.00696	0.00211	0.02916	0.02841	0.00335	0.00797
117	0.01612	0.04422	0.06206	0.01595	0.06954	0.01416	0.09201	0.19371	0.11030	0.04283	0.07559	0.07379	0.04757	0.05821	0.00859	0.00239	0.00663	0.05236	0.00535	0.00865
118	0.01566	0.08188	0.09572	0.05503	0.52628	0.01623	0.05456	0.02022	0.03527	0.02056	0.01227	0.01564	0.01008	0.00587	0.00625	0.00191	0.00791	0.00561	0.00321	0.00983
119	0.00879	0.00670	0.00762	0.00770	0.00942	0.00611	0.00572	0.02796	0.01425	0.01809	0.09187	0.14133	0.44017	0.01893	0.06207	0.06169	0.00466	0.02983	0.03162	0.00547
120	0.01483	0.14837	0.50832	0.01780	0.02603	0.04457	0.08701	0.02089	0.01406	0.04378	0.01174	0.01370	0.00863	0.00606	0.00597	0.00194	0.00921	0.00488	0.00299	0.00924
121	0.01577	0.01746	0.15464	0.08469	0.26229	0.01416	0.11037	0.06942	0.01618	0.07346	0.08117	0.02095	0.01568	0.00720	0.00672	0.00205	0.00785	0.02659	0.00412	0.00925
122	0.00887	0.00662	0.00834	0.00922	0.01014	0.00647	0.00641	0.01201	0.08519	0.01886	0.12880	0.57345	0.06509	0.01801	0.00797	0.00249	0.00378	0.01619	0.00621	0.00587
123	0.01513	0.01676	0.09321	0.19625	0.48766	0.03991	0.01955	0.01936	0.01433	0.01985	0.01188	0.01589	0.00961	0.00598	0.00637	0.00197	0.00820	0.00560	0.00308	0.00940
124	0.01087	0.00897	0.01354	0.04130	0.03581	0.00967	0.09071	0.01224	0.01057	0.01454	0.01730	0.03258	0.01844	0.46127	0.11417	0.00563	0.08518	0.00825	0.00361	0.00536
125	0.01694	0.06697	0.19606	0.01491	0.04235	0.01350	0.04033	0.14937	0.01809	0.12818	0.08719	0.06997	0.02080	0.00965	0.00681	0.00213	0.00690	0.09569	0.00526	0.00889
126	0.01550	0.01485	0.02534	0.13210	0.64399	0.01522	0.01959	0.01940	0.01448	0.02052	0.01207	0.01615	0.01003	0.00585	0.00640	0.00195	0.00780	0.00576	0.00316	0.00984
127	0.00900	0.00789	0.03566	0.00799	0.01019	0.00651	0.00638	0.01102	0.01490	0.04215	0.14990	0.12908	0.48935	0.01549	0.00806	0.00222	0.02931	0.01301	0.00599	0.00592
128	0.01527	0.01687	0.08002	0.09417	0.44402	0.01550	0.19863	0.01983	0.01463	0.02058	0.01230	0.01630	0.00984	0.00576	0.00670	0.00201	0.00872	0.00617	0.00316	0.00954
129	0.01607	0.01687	0.07389	0.07498	0.47477	0.01578	0.13952	0.06953	0.01576	0.02214	0.01248	0.01612	0.00999	0.00591	0.00660	0.00199	0.00837	0.00602	0.00340	0.00981
130	0.00913	0.00630	0.00781	0.00814	0.00846	0.00643	0.00524	0.00984	0.01031	0.01392	0.02316	0.17215	0.02629	0.48703	0.14590	0.00616	0.00763	0.03726	0.00430	0.00454
131	0.07168	0.04735	0.39909	0.02131	0.09524	0.01532	0.19061	0.01994	0.01397	0.02094	0.01358	0.01613	0.03318	0.00625	0.00637	0.00205	0.00908	0.00574	0.00311	0.00905
132	0.01810	0.20817	0.13352	0.01755	0.06765	0.24117	0.10279	0.02144	0.01556	0.04103	0.03473	0.01626	0.04149	0.00675	0.00588	0.00178	0.00901	0.00534	0.00346	0.00832
133	0.01501	0.05008	0.47541	0.04573	0.09459	0.05703	0.08814	0.04149	0.01476	0.04087	0.01213	0.01444	0.00887	0.00616	0.00626	0.00200	0.00932	0.00518	0.00313	0.00938
134	0.01360	0.01291	0.02190	0.49316	0.29783	0.01472	0.01864	0.01773	0.01358	0.01820	0.01173	0.01677	0.00921	0.00620	0.00644	0.00207	0.00827	0.00575	0.00299	0.00830
135	0.01939	0.31287	0.15282	0.01589	0.07103	0.16928	0.01422	0.07418	0.01617	0.08137	0.01181	0.01302	0.00929	0.00627	0.00539	0.00169	0.00830	0.00444	0.00364	0.00893
136	0.01821	0.12315	0.10347	0.01605	0.06010	0.13589	0.04041	0.12047	0.04773	0.07568	0.01761	0.04949	0.05061	0.00858	0.00769	0.00202	0.08040	0.02936	0.00441	0.00864
137	0.00845	0.00629	0.00795	0.00912	0.00987	0.00605	0.00623	0.01086	0.06406	0.01733	0.03708	0.66377	0.09047	0.01913	0.00808	0.00256	0.00381	0.01722	0.00604	0.00563
138	0.01248	0.01054	0.01341	0.05495	0.01591	0.06195	0.07762	0.07254	0.03625	0.04756	0.03071	0.41203	0.09825	0.01475	0.00758	0.00235	0.00565	0.01324	0.00549	0.00674
139	0.04307	0.19971	0.23472	0.01851	0.12147	0.12757	0.03566	0.04077	0.03893	0.04105	0.01208	0.01388	0.00948	0.00623	0.00562	0.00180	0.00835	0.00476	0.02740	0.00894
140	0.01563	0.06891	0.25584	0.06352	0.31205	0.03081	0.04214	0.07217	0.01530	0.02149	0.01186	0.01481	0.00932	0.00624	0.00670	0.00197	0.03309	0.00533	0.00324	0.00959
141	0.00842	0.00646	0.00771	0.00764	0.00927	0.00575	0.00564	0.01069	0.01621	0.02155	0.39242	0.14354	0.31078	0.01528	0.00770	0.00216	0.00322	0.01326	0.00655	0.00575
142	0.01666	0.07654	0.29583	0.01657	0.04612	0.06376	0.03804	0.18251	0.05565	0.02497	0.05661	0.01835	0.04023	0.00758	0.00676	0.00199	0.03238	0.00591	0.00427	0.00926
143	0.11701	0.10035	0.16565	0.01581	0.08716	0.13829	0.01347	0.06491	0.03821	0.06654	0.09380	0.01916	0.03831	0.00752	0.00590	0.00189	0.00741	0.00577	0.00431	0.00851
144	0.01015	0.00711	0.00911	0.01023	0.05681	0.00643	0.00677	0.01193	0.01441	0.07384	0.12719	0.32492	0.26484	0.03530	0.00834	0.00241	0.00396	0.01404	0.00605	0.00615
145	0.01589	0.06088	0.07301	0.38564	0.13697	0.11010	0.01698	0.08866	0.01570	0.01974	0.01166	0.01550	0.00900	0.00644	0.00621	0.00198	0.00868	0.00535	0.00332	0.00829
146	0.02000	0.07148	0.09445	0.09218	0.09446	0.33462	0.01418	0.07350	0.01698	0.06338	0.01243	0.01547	0.01008	0.05073	0.00752	0.00207	0.00939	0.00507	0.00373	0.00827
147	0.01648	0.11321	0.09528	0.08796	0.30198	0.08061	0.11146	0.03499	0.01503	0.04079	0.01274	0.03746	0.01058	0.00640	0.00627	0.00192	0.00843	0.00588	0.00339	0.00911
148	0.00807	0.00659	0.00717	0.00725	0.00922	0.00569	0.00552	0.01000	0.01521	0.01884	0.16276	0.08194	0.55810	0.01611	0.00775	0.00223	0.00345	0.06235	0.00616	0.00558
149	0.03390	0.06631	0.05956	0.01218	0.02805	0.03660	0.01003	0.17122	0.09385	0.11075	0.02822	0.17550	0.12427	0.01132	0.00676	0.00211	0.00571	0.00941	0.00580	0.00845
150	0.01844	0.07756	0.03871	0.01511	0.04001	0.29978	0.01190	0.05094	0.19526	0.02045	0.01883	0.04002	0.01676	0.00920	0.00649	0.00204	0.00819	0.11738	0.00469	0.00823
151	0.02368	0.02971	0.01939	0.01716	0.02071	0.68665	0.04945	0.04585	0.01851	0.01681	0.01032	0.01207	0.00848	0.00663	0.00594	0.00170	0.01148	0.00439	0.00342	0.00766
152	0.04301	0.32825	0.19062	0.01423	0.04077	0.04013	0.03349	0.04980	0.01407	0.01919	0.01072	0.01276	0.00888	0.00724	0.02928	0.00189	0.02702	0.00429	0.00318	0.12118
153	0.01931	0.04265	0.15590	0.01739	0.09434	0.12277	0.01446	0.21770	0.08368	0.07224	0.06071	0.01946	0.01495	0.00777	0.00639	0.00196	0.00772	0.02611	0.00498	0.00952
154	0.01563	0.01353	0.01360	0.01193	0.01513	0.10430	0.03150	0.05268	0.25460	0.08198	0.09312	0.03356	0.20733	0.01074	0.00731	0.00210	0.02799	0.00878	0.00596	0.00823
155	0.00811	0.00581	0.00759	0.00870	0.00926	0.00542	0.00586	0.00944	0.01305	0.01752	0.12487	0.61473	0.06630	0.05916	0.00945	0.00273	0.00378	0.01688	0.00603	0.00529
156	0.01758	0.04744	0.04371	0.13158	0.12565	0.13428	0.22625	0.04278	0.01596	0.08850	0.01606	0.01864	0.04820	0.00676	0.00667	0.00200	0.00900	0.00644	0.00388	0.00862
157	0.05627	0.21149	0.13207	0.01934	0.11939	0.07434	0.12544	0.08705	0.05342	0.02177	0.03290	0.01517	0.01111	0.00635	0.00588	0.00185	0.00812	0.00536	0.00368	0.00898
158	0.03918	0.01144	0.06332	0.03570	0.01512	0.07100	0.01037	0.01561	0.01462	0.08027	0.02988	0.21321	0.06001	0.01493	0.00780	0.00254	0.00609	0.29669	0.00552	0.00667
159	0.01026	0.00874	0.01268	0.01535	0.12812	0.03140	0.04604	0.01218	0.01325	0.01762	0.02972	0.53894	0.03428	0.01653	0.00788	0.00248	0.00516	0.05771	0.00531	0.00635
160	0.01735	0.07669	0.04861	0.14213	0.13726	0.12681	0.17766	0.08873	0.01639	0.04133	0.01302	0.03900	0.01057	0.00680	0.00691	0.00199	0.03026	0.00616	0.00367	0.00865
161	0.01423	0.24860	0.42132	0.01741	0.07443	0.01767	0.03901	0.01950	0.01367	0.01881	0.01377	0.01554	0.04672	0.00645	0.00570	0.00185	0.00835	0.00501	0.00296	0.00899
162	0.01392	0.00942	0.01121	0.05815	0.03492	0.03073	0.00816	0.10538	0.01700	0.08454	0.16424	0.19964	0.05260	0.01179	0.00673	0.00205	0.00469	0.01017	0.16750	0.00715
163	0.01533	0.24927	0.36143	0.05577	0.05102	0.07034	0.01781	0.02129	0.06554	0.01887	0.01180	0.01358	0.00917	0.00619	0.00559	0.00183	0.00847	0.00462	0.00309	0.00898
164	0.01785	0.01806	0.08249	0.01934	0.10444	0.11478	0.14110	0.13393	0.08272	0.06990	0.03908	0.04520	0.04266	0.00840	0.00685	0.00208	0.00798	0.04937	0.00481	0.00898
165	0.01671	0.04331	0.09176	0.07758	0.47540	0.10593	0.03821	0.03794	0.01531	0.02041	0.01180	0.01516	0.00965	0.00598	0.00627	0.00190	0.00845	0.00545	0.00322	0.00956
166	0.01295	0.06087	0.01874	0.01487	0.01667	0.05409	0.09802	0.01524	0.01185	0.01648	0.05104	0.03367	0.01490	0.04627	0.24436	0.00502	0.26800	0.00674	0.00342	0.00678
167	0.05546	0.10669	0.06937	0.19448	0.06405	0.01448	0.01285	0.12585	0.01605	0.06807	0.02839	0.09032	0.01457	0.01025	0.04416	0.00241	0.00729	0.00675	0.06038	0.00813
168	0.01453	0.01611	0.11753	0.04050	0.21730	0.06502	0.06027	0.04595	0.03528	0.04163	0.01960	0.14965	0.03826	0.01088	0.03117	0.00240	0.02552	0.02955	0.03052	0.00832
169	0.01473	0.01638	0.14113	0.01479	0.05882	0.07134	0.03280	0.13006	0.06822	0.04130	0.04329	0.20768	0.08240	0.01161	0.00706	0.00219	0.00656	0.03636	0.00516	0.00808
170	0.01584	0.01571	0.02432	0.17811	0.54706	0.06776	0.01893	0.01961	0.01462	0.01983	0.01187	0.01592	0.00978	0.00596	0.00637	0.00195	0.00814	0.00564	0.00314	0.00944
171	0.02886	0.03058	0.64924	0.01725	0.02602	0.01447	0.02180	0.04178	0.01420	0.02106	0.01554	0.01713	0.06015	0.00692	0.00621	0.00205	0.00893	0.00542	0.00311	0.00925
172	0.01443	0.12361	0.21934	0.01813	0.13517	0.05760	0.03284	0.04141	0.06385	0.02014	0.02032	0.05956	0.08938	0.00848	0.00630	0.00196	0.00736	0.03605	0.00394	0.04011
173	0.03512	0.00629	0.00915	0.03096	0.01008	0.00635	0.00624	0.01029	0.00921	0.05370	0.01199	0.01945	0.01130	0.02067	0.02301	0.71825	0.00568	0.00561	0.00314	0.00353
174	0.00898	0.00713	0.00835	0.00968	0.01032	0.04483	0.00677	0.01031	0.01293	0.01673	0.03412	0.66143	0.04037	0.01929	0.00818	0.00261	0.00438	0.08229	0.00585	0.00543
175	0.01424	0.01639	0.08977	0.20979	0.15252	0.07554	0.13327	0.01962	0.07599	0.01963	0.04086	0.04456	0.06394	0.00770	0.00675	0.00208	0.00816	0.00712	0.00380	0.00827
176	0.06360	0.11484	0.26207	0.03691	0.12848	0.09311	0.03729	0.04766	0.01477	0.05828	0.01251	0.03639	0.01007	0.00691	0.00677	0.00196	0.05066	0.00531	0.00349	0.00892
177	0.01096	0.00945	0.01131	0.01090	0.01169	0.06228	0.00812	0.01243	0.01081	0.01467	0.01775	0.09007	0.01847	0.21185	0.35045	0.00697	0.12441	0.00810	0.00368	0.00560
178	0.01514	0.04216	0.06405	0.02557	0.03168	0.01685	0.60565	0.02024	0.01470	0.02011	0.01252	0.01680	0.00959	0.00593	0.00852	0.00220	0.06927	0.00723	0.00320	0.00861
179	0.01698	0.09475	0.17882	0.03485	0.02176	0.06514	0.09569	0.09626	0.13791	0.07917	0.05749	0.04331	0.01611	0.00795	0.00646	0.00202	0.00758	0.02392	0.00474	0.00909
180	0.01573	0.12294	0.29041	0.05399	0.09216	0.06425	0.16486	0.06618	0.01539	0.02082	0.01196	0.01461	0.00912	0.00606	0.00620	0.00194	0.00911	0.00540	0.01982	0.00905
181	0.01039	0.00579	0.00829	0.00847	0.00878	0.00573	0.00577	0.00878	0.00955	0.01264	0.01910	0.11039	0.07643	0.02354	0.07370	0.59173	0.00604	0.00787	0.00349	0.00353
182	0.01697	0.03940	0.02286	0.06796	0.45530	0.11055	0.01665	0.06225	0.06199	0.02137	0.01570	0.01828	0.04871	0.00678	0.00634	0.00191	0.00778	0.00600	0.00375	0.00945
183	0.06389	0.02283	0.25110	0.07203	0.08160	0.12476	0.04305	0.07961	0.07393	0.08080	0.01386	0.01547	0.01022	0.00684	0.00665	0.00201	0.03284	0.00533	0.00402	0.00916
184	0.01662	0.05094	0.10173	0.01640	0.09297	0.28155	0.01249	0.03392	0.06727	0.01879	0.04393	0.13144	0.08577	0.00979	0.00651	0.00197	0.00797	0.00790	0.00429	0.00775
185	0.01169	0.00973	0.03345	0.00985	0.01246	0.00928	0.00783	0.01866	0.22259	0.05273	0.16312	0.10322	0.23561	0.03586	0.00809	0.00234	0.00434	0.04558	0.00628	0.00730
186	0.05858	0.07450	0.36893	0.06967	0.13594	0.06116	0.07845	0.02065	0.01416	0.04259	0.01182	0.01432	0.00886	0.00608	0.00607	0.00197	0.00890	0.00509	0.00313	0.00913
187	0.01422	0.03726	0.12093	0.01804	0.17333	0.03326	0.03627	0.06119	0.01557	0.08150	0.02917	0.15405	0.17639	0.01097	0.00692	0.00211	0.00628	0.00953	0.00484	0.00814
188	0.02225	0.02830	0.05720	0.06643	0.06790	0.59167	0.01391	0.04490	0.01784	0.01719	0.01047	0.01252	0.00854	0.00659	0.00594	0.00174	0.01095	0.00445	0.00335	0.00786
189	0.01558	0.04943	0.31944	0.06106	0.04833	0.13149	0.10666	0.04237	0.08121	0.02044	0.01581	0.01760	0.04798	0.00696	0.00637	0.00200	0.00904	0.00583	0.00356	0.00885
190	0.07602	0.05843	0.11216	0.05133	0.25896	0.05354	0.03646	0.11846	0.06279	0.08943	0.01419	0.01588	0.01072	0.00655	0.00611	0.00194	0.00757	0.00550	0.00428	0.00968
191	0.01101	0.00828	0.01106	0.01080	0.01232	0.00876	0.02757	0.03567	0.04204	0.03993	0.05334	0.20668	0.11342	0.05857	0.10702	0.00372	0.07220	0.13454	0.03680	0.00627
192	0.01778	0.01483	0.01582	0.01493	0.07869	0.06018	0.01093	0.28269	0.17459	0.02867	0.02824	0.02966	0.15793	0.01001	0.00681	0.00208	0.00617	0.04495	0.00589	0.00916
193	0.04181	0.11484	0.07193	0.06801	0.21708	0.14204	0.12238	0.04229	0.03956	0.06134	0.01270	0.01513	0.00994	0.00620	0.00613	0.00189	0.00863	0.00545	0.00364	0.00903
194	0.01495	0.28686	0.33582	0.04671	0.08979	0.01799	0.01733	0.01962	0.01375	0.04155	0.01404	0.01572	0.04700	0.00651	0.00558	0.00181	0.00795	0.00497	0.00313	0.00891
195	0.01053	0.00949	0.00891	0.00852	0.01079	0.07129	0.00640	0.05265	0.03888	0.01991	0.13408	0.11251	0.46300	0.01472	0.00743	0.00214	0.00430	0.01232	0.00595	0.00617
196	0.03980	0.17387	0.21488	0.01630	0.06461	0.10641	0.03839	0.06190	0.08871	0.03902	0.03049	0.01600	0.01176	0.00965	0.05910	0.00247	0.00877	0.00524	0.00380	0.00882
197	0.01835	0.07135	0.13135	0.06588	0.14228	0.09021	0.03535	0.11026	0.05615	0.11915	0.05952	0.01955	0.03726	0.00744	0.00633	0.00194	0.00755	0.00614	0.00467	0.00927
198	0.00850	0.00635	0.00854	0.01036	0.04768	0.00602	0.00663	0.00983	0.01256	0.01670	0.04722	0.56969	0.09710	0.07307	0.03402	0.00306	0.00456	0.02700	0.00564	0.00548
199	0.01820	0.02036	0.12819	0.11530	0.21354	0.13674	0.03717	0.13330	0.06862	0.04629	0.01365	0.01583	0.01039	0.00665	0.00634	0.00196	0.00848	0.00555	0.00404	0.00940
200	0.01623	0.06267	0.09689	0.05618	0.19640	0.09658	0.15414	0.06615	0.05652	0.02122	0.03522	0.04649	0.01335	0.00735	0.00708	0.00203	0.03287	0.01996	0.00381	0.00886
201	0.01572	0.09500	0.25578	0.13912	0.05417	0.11376	0.08975	0.03980	0.03487	0.04058	0.01350	0.05481	0.01100	0.00704	0.00627	0.00199	0.00887	0.00593	0.00345	0.00858
202	0.00789	0.00620	0.00713	0.00764	0.00907	0.00545	0.00545	0.00948	0.01423	0.01801	0.12592	0.32648	0.39919	0.01748	0.00786	0.00233	0.00343	0.01521	0.00612	0.00545
203	0.04690	0.11439	0.21710	0.02007	0.17461	0.11879	0.01609	0.03962	0.10839	0.02086	0.01599	0.01737	0.04867	0.00698	0.00597	0.00191	0.00796	0.00553	0.00374	0.00907
204	0.05193	0.11821	0.19581	0.01722	0.09175	0.21530	0.01478	0.04235	0.07739	0.01977	0.01492	0.05527	0.02975	0.00818	0.01879	0.00203	0.00861	0.00572	0.00372	0.00849
205	0.01699	0.15498	0.11230	0.01869	0.13675	0.11530	0.06382	0.11665	0.04105	0.02256	0.09431	0.01987	0.04435	0.00750	0.00617	0.00186	0.00768	0.00618	0.00420	0.00877
206	0.00793	0.00577	0.00750	0.00885	0.00944	0.00534	0.00603	0.00917	0.01268	0.01668	0.03849	0.67702	0.10983	0.01979	0.00821	0.00259	0.00377	0.03962	0.00600	0.00529
207	0.01593	0.02264	0.25020	0.05630	0.24123	0.10843	0.04552	0.04354	0.08767	0.02104	0.01343	0.01593	0.01044	0.00777	0.03034	0.00225	0.00898	0.00551	0.00351	0.00935
208	0.01433	0.01365	0.05236	0.01156	0.04021	0.05625	0.00924	0.01792	0.03751	0.04268	0.07398	0.01699	0.01438	0.00596	0.00533	0.00126	0.00546	0.00483	0.00421	0.57188
209	0.01616	0.11942	0.19891	0.07602	0.26327	0.09230	0.03538	0.02089	0.03851	0.04067	0.01284	0.03428	0.01049	0.00650	0.00608	0.00191	0.00834	0.00550	0.00335	0.00917
210	0.01252	0.00743	0.00942	0.00968	0.03289	0.00690	0.00675	0.03373	0.01480	0.13241	0.10748	0.32021	0.12801	0.05837	0.00877	0.00246	0.00418	0.01268	0.08472	0.00659
211	0.04107	0.13511	0.12406	0.08090	0.06662	0.05853	0.05288	0.14002	0.05228	0.06815	0.05977	0.04065	0.01442	0.00761	0.00659	0.00196	0.02995	0.00611	0.00443	0.00890
212	0.01778	0.01828	0.11852	0.04235	0.26500	0.06735	0.10552	0.06538	0.07997	0.10630	0.01681	0.01849	0.03465	0.00685	0.00655	0.00200	0.00798	0.00624	0.00431	0.00966
213	0.01462	0.01639	0.12261	0.04510	0.32083	0.01387	0.10155	0.08447	0.01564	0.02184	0.01708	0.16307	0.01629	0.00882	0.00688	0.00211	0.00753	0.00832	0.00400	0.00897
214	0.01547	0.01637	0.06252	0.11516	0.26699	0.11093	0.01479	0.04814	0.09909	0.02109	0.04004	0.02290	0.09599	0.00792	0.00645	0.00197	0.00731	0.00676	0.03143	0.00866
215	0.01739	0.06828	0.14434	0.07885	0.20697	0.06701	0.03413	0.11442	0.08462	0.06030	0.01544	0.01721	0.02899	0.00700	0.00664	0.00198	0.02706	0.00577	0.00415	0.00946
216	0.01530	0.06242	0.21416	0.11315	0.22771	0.01471	0.01740	0.04230	0.04154	0.07544	0.01534	0.08132	0.01298	0.00771	0.00683	0.00206	0.03012	0.00657	0.00384	0.00912
217	0.00944	0.00651	0.00833	0.03279	0.01067	0.00627	0.00632	0.01165	0.03482	0.03892	0.16272	0.42852	0.08082	0.06865	0.00940	0.00262	0.00396	0.01437	0.05746	0.00575
218	0.04129	0.09537	0.25108	0.04088	0.10415	0.11500	0.06620	0.03417	0.08798	0.03919	0.03307	0.01726	0.03273	0.00689	0.00613	0.00194	0.00834	0.00563	0.00376	0.00894
219	0.01559	0.06792	0.20423	0.05761	0.02135	0.08588	0.05950	0.12623	0.03514	0.04354	0.04234	0.15322	0.04062	0.00960	0.00665	0.00207	0.00755	0.00811	0.00451	0.00834
220	0.01197	0.00901	0.01335	0.01460	0.09984	0.00877	0.05893	0.05090	0.04275	0.06603	0.02977	0.48836	0.04845	0.01541	0.00769	0.00240	0.00507	0.01408	0.00564	0.00698
221	0.01456	0.01608	0.09433	0.12171	0.31304	0.03488	0.07528	0.03922	0.03544	0.02033	0.01722	0.03613	0.06298	0.00771	0.00755	0.00209	0.05509	0.02001	0.01757	0.00879
222	0.04439	0.08130	0.22138	0.03220	0.09477	0.11073	0.01500	0.12882	0.01724	0.05387	0.05624	0.01862	0.03425	0.03001	0.00684	0.00202	0.00782	0.00575	0.02996	0.00880
223	0.01647	0.02091	0.21034	0.04627	0.23229	0.08616	0.04450	0.04319	0.10955	0.05733	0.03868	0.01746	0.01269	0.00693	0.00681	0.00202	0.02910	0.00586	0.00399	0.00946
224	0.01013	0.00867	0.01028	0.03943	0.01265	0.06016	0.02792	0.02922	0.01312	0.01682	0.03089	0.41215	0.10152	0.06552	0.12631	0.00390	0.00705	0.01340	0.00509	0.00576
