[name]
unknown

[dist]
# distance from previous block
# <min> <max>
0	45

[block]
# block no. 0 follows, 31 sequences, length 20
# corresponding to MSA columns:
# 45-64
name=unknown_A
#
# <colnr> <probs for GDERKNQSTAVLIFYWHMCP>
#	G	D	E	R	K	N	Q	S	T	A	V	L	I	F	Y	W	H	M	C	P
0	0.01640	0.01556	0.05604	0.15713	0.25259	0.06884	0.04650	0.02054	0.03448	0.07937	0.01851	0.10304	0.01678	0.00915	0.00715	0.00222	0.00795	0.05346	0.00438	0.02990
1	0.02453	0.02920	0.01877	0.01671	0.02042	0.59110	0.01269	0.11605	0.02087	0.02040	0.01502	0.01622	0.05312	0.00785	0.00638	0.00184	0.01114	0.00527	0.00415	0.00830
2	0.01452	0.01224	0.01423	0.01039	0.01618	0.00957	0.00828	0.05105	0.01505	0.02313	0.01352	0.04754	0.01178	0.00596	0.00532	0.00115	0.00514	0.00485	0.00430	0.72582
3	0.02535	0.01853	0.01983	0.01527	0.02056	0.02048	0.01259	0.66027	0.03128	0.04224	0.01672	0.01688	0.01193	0.00820	0.00674	0.00203	0.00731	0.00617	0.04627	0.01137
4	0.00909	0.00627	0.00772	0.00856	0.00877	0.00606	0.00532	0.00972	0.01163	0.01550	0.03017	0.42341	0.03573	0.36610	0.02091	0.00458	0.00521	0.01501	0.00532	0.00490
5	0.20727	0.10317	0.01914	0.01461	0.01854	0.30621	0.01173	0.11701	0.03974	0.02397	0.01144	0.01311	0.00927	0.00740	0.00701	0.00198	0.07114	0.00464	0.00415	0.00847
6	0.01188	0.00594	0.00891	0.00891	0.00891	0.00594	0.00594	0.00891	0.00891	0.01188	0.01188	0.02080	0.01188	0.02377	0.02674	0.80095	0.00594	0.00594	0.00297	0.00297
7	0.01372	0.03539	0.72412	0.01950	0.02961	0.01589	0.02528	0.02167	0.01444	0.02167	0.01228	0.01444	0.00867	0.00650	0.00650	0.00217	0.01011	0.00506	0.00289	0.01011
8	0.01570	0.01500	0.02555	0.25706	0.51144	0.01593	0.02038	0.01992	0.01500	0.02086	0.01265	0.01733	0.01031	0.00632	0.00679	0.00211	0.00843	0.00609	0.00328	0.00984
9	0.00834	0.00595	0.00794	0.00953	0.00992	0.00556	0.00635	0.00953	0.01310	0.01746	0.03771	0.75510	0.04525	0.02143	0.00873	0.00278	0.00397	0.01945	0.00635	0.00556
10	0.08447	0.08070	0.03088	0.08867	0.10451	0.05281	0.32925	0.10299	0.01740	0.02414	0.01301	0.01648	0.01001	0.00631	0.00695	0.00213	0.00962	0.00653	0.00385	0.00929
11	0.02053	0.45690	0.05595	0.01510	0.05187	0.15509	0.01312	0.12133	0.01771	0.02071	0.01099	0.01244	0.00930	0.00646	0.00527	0.00166	0.00841	0.00433	0.00364	0.00919
12	0.01066	0.00858	0.01218	0.01244	0.07114	0.00810	0.04096	0.01445	0.04392	0.02545	0.50025	0.07054	0.12792	0.01337	0.00794	0.00219	0.00418	0.01193	0.00679	0.00702
13	0.00987	0.00670	0.00793	0.00799	0.00816	0.00684	0.00479	0.01022	0.01020	0.01376	0.02175	0.06929	0.02465	0.64158	0.12262	0.00704	0.00802	0.00997	0.00417	0.00445
14	0.00996	0.00718	0.01065	0.01065	0.01172	0.00824	0.00813	0.01183	0.01077	0.01542	0.01793	0.02720	0.01703	0.08207	0.64043	0.07733	0.01674	0.00734	0.00363	0.00575
15	0.01292	0.01216	0.02052	0.74312	0.04712	0.01520	0.01900	0.01748	0.01368	0.01748	0.01216	0.01824	0.00912	0.00684	0.00684	0.00228	0.00912	0.00608	0.00304	0.00760
16	0.02404	0.08153	0.02108	0.01672	0.04794	0.23239	0.01296	0.38217	0.02533	0.03105	0.01503	0.05063	0.01217	0.00824	0.00654	0.00195	0.00879	0.00608	0.00538	0.00998
17	0.01400	0.01382	0.02307	0.52171	0.13000	0.03785	0.09276	0.01843	0.01445	0.01861	0.01465	0.01980	0.03743	0.00705	0.00700	0.00224	0.00914	0.00658	0.00328	0.00814
18	0.01665	0.06636	0.26996	0.01706	0.05790	0.03765	0.04981	0.05569	0.10352	0.08306	0.01995	0.04334	0.05651	0.00803	0.00659	0.00204	0.00780	0.00665	0.00459	0.08684
19	0.00845	0.00629	0.00779	0.00879	0.00970	0.00572	0.00602	0.00989	0.01407	0.01838	0.10113	0.51382	0.19689	0.04752	0.00951	0.00276	0.00389	0.01737	0.00637	0.00563

[dist]
# distance from previous block
# <min> <max>
0	1

[block]
# block no. 1 follows, 31 sequences, length 8
# corresponding to MSA columns:
# 66-73
name=unknown_B
#
# <colnr> <probs for GDERKNQSTAVLIFYWHMCP>
#	G	D	E	R	K	N	Q	S	T	A	V	L	I	F	Y	W	H	M	C	P
0	0.08604	0.01126	0.01417	0.01183	0.01479	0.04160	0.11438	0.04054	0.05880	0.02545	0.01900	0.02186	0.01483	0.00768	0.00617	0.00187	0.03320	0.00638	0.46265	0.00747
1	0.05103	0.07926	0.24120	0.01853	0.05530	0.07510	0.09028	0.15710	0.06912	0.02631	0.03815	0.01689	0.01238	0.00715	0.00652	0.00204	0.00869	0.00586	0.00437	0.03472
2	0.00971	0.00667	0.00840	0.00904	0.00976	0.00639	0.00609	0.03359	0.01334	0.01765	0.07160	0.41752	0.10597	0.13156	0.01484	0.10739	0.00466	0.01489	0.00566	0.00529
3	0.11453	0.13934	0.07163	0.02493	0.26001	0.05185	0.10094	0.07550	0.01627	0.02367	0.01214	0.01488	0.00982	0.00623	0.00611	0.00193	0.00819	0.00540	0.00372	0.05293
4	0.05557	0.01090	0.05017	0.04926	0.01394	0.04895	0.00881	0.04337	0.01206	0.01656	0.04011	0.02333	0.04522	0.06019	0.02009	0.44314	0.04310	0.00655	0.00363	0.00505
5	0.01714	0.01477	0.01761	0.01696	0.12695	0.04429	0.01152	0.15356	0.03962	0.02547	0.01499	0.05045	0.01306	0.04284	0.00829	0.00191	0.04586	0.00601	0.00463	0.34408
6	0.07997	0.01276	0.01563	0.01298	0.01648	0.01362	0.03909	0.09927	0.12853	0.12478	0.07576	0.06506	0.05690	0.04409	0.01011	0.00241	0.10240	0.00800	0.00585	0.08630
7	0.13296	0.01887	0.08378	0.02166	0.15297	0.08946	0.13310	0.12710	0.01810	0.06281	0.01716	0.05481	0.04128	0.00790	0.00672	0.00213	0.00830	0.00690	0.00458	0.00939

[dist]
# distance from previous block
# <min> <max>
1	13

[block]
# block no. 2 follows, 31 sequences, length 7
# corresponding to MSA columns:
# 88-94
name=unknown_C
#
# <colnr> <probs for GDERKNQSTAVLIFYWHMCP>
#	G	D	E	R	K	N	Q	S	T	A	V	L	I	F	Y	W	H	M	C	P
0	0.01416	0.01148	0.01277	0.01165	0.01369	0.07525	0.02716	0.06477	0.06696	0.04507	0.10384	0.10208	0.05279	0.09582	0.14094	0.02588	0.04756	0.00918	0.07189	0.00707
1	0.09233	0.01196	0.01458	0.01277	0.04663	0.01178	0.00976	0.11523	0.05692	0.31967	0.10425	0.02783	0.07554	0.01122	0.03608	0.00248	0.00604	0.00774	0.02742	0.00978
2	0.00988	0.00739	0.00860	0.00878	0.00999	0.00721	0.00607	0.01291	0.07824	0.01912	0.14339	0.20635	0.17154	0.23730	0.01610	0.00370	0.00476	0.03687	0.00594	0.00584
3	0.02476	0.01721	0.01869	0.01461	0.01966	0.01881	0.01198	0.53290	0.08428	0.10194	0.01872	0.01843	0.01328	0.00831	0.00671	0.00205	0.00689	0.00637	0.06320	0.01120
4	0.01485	0.01225	0.01369	0.03819	0.01658	0.01351	0.00976	0.07861	0.38935	0.02637	0.07470	0.17609	0.05734	0.01211	0.00737	0.00234	0.00518	0.01041	0.00661	0.03470
5	0.04952	0.01557	0.01568	0.01388	0.01765	0.08025	0.01101	0.13309	0.35260	0.07157	0.02356	0.02640	0.01870	0.01324	0.07145	0.00304	0.00761	0.05905	0.00628	0.00984
6	0.00994	0.00734	0.00895	0.00959	0.01048	0.00737	0.00650	0.01347	0.10380	0.01905	0.10004	0.44347	0.03977	0.17095	0.01380	0.00345	0.00463	0.01526	0.00609	0.00605

[dist]
# distance from previous block
# <min> <max>
4	8

[block]
# block no. 3 follows, 31 sequences, length 19
# corresponding to MSA columns:
# 104-122
name=unknown_D
#
# <colnr> <probs for GDERKNQSTAVLIFYWHMCP>
#	G	D	E	R	K	N	Q	S	T	A	V	L	I	F	Y	W	H	M	C	P
0	0.04530	0.24532	0.18418	0.01793	0.04485	0.20182	0.09192	0.05684	0.01658	0.02021	0.01134	0.01340	0.00911	0.00644	0.00592	0.00186	0.00966	0.00486	0.00339	0.00907
1	0.01894	0.01637	0.01870	0.05106	0.15079	0.09341	0.01308	0.17254	0.12431	0.05292	0.03893	0.02269	0.01596	0.11160	0.01183	0.00277	0.06277	0.00693	0.00511	0.00928
2	0.00938	0.00772	0.00837	0.00846	0.01053	0.00721	0.00623	0.01334	0.10307	0.02016	0.10009	0.20034	0.44651	0.01692	0.00807	0.00240	0.00380	0.01447	0.00651	0.00642
3	0.04415	0.05347	0.20229	0.02020	0.02585	0.01752	0.23154	0.08161	0.01542	0.02220	0.01304	0.01805	0.01074	0.06508	0.01196	0.00266	0.14518	0.00655	0.00360	0.00888
4	0.00917	0.00689	0.00764	0.00745	0.00944	0.00608	0.00559	0.01158	0.01677	0.02239	0.28793	0.05618	0.40984	0.01511	0.00771	0.00217	0.00335	0.01281	0.09583	0.00608
5	0.00997	0.00705	0.00978	0.00997	0.01094	0.00779	0.00741	0.01196	0.01141	0.01642	0.02144	0.08661	0.02164	0.17494	0.46503	0.00855	0.01347	0.03762	0.06228	0.00573
6	0.02068	0.26587	0.02597	0.01594	0.02030	0.27483	0.06444	0.07831	0.05229	0.01970	0.01269	0.04011	0.01108	0.00764	0.00711	0.00188	0.06328	0.00541	0.00383	0.00864
7	0.01055	0.00850	0.01291	0.10196	0.01696	0.01030	0.01032	0.01318	0.01129	0.01612	0.01687	0.02492	0.01551	0.04288	0.58983	0.00932	0.07157	0.00708	0.00354	0.00640
8	0.04240	0.01523	0.01771	0.04435	0.01922	0.11548	0.09724	0.05601	0.15130	0.05050	0.05400	0.13114	0.02147	0.08511	0.01113	0.00275	0.06260	0.00903	0.00520	0.00814
9	0.56889	0.04321	0.07926	0.01199	0.01712	0.01662	0.04924	0.10010	0.01467	0.03031	0.01084	0.01246	0.00824	0.00653	0.00498	0.00210	0.00643	0.00437	0.00433	0.00831
10	0.06224	0.02477	0.29346	0.02012	0.02686	0.06837	0.18628	0.04052	0.06685	0.05130	0.01394	0.01639	0.01039	0.00721	0.00835	0.00226	0.08134	0.00608	0.00380	0.00948
11	0.01076	0.00803	0.01001	0.01013	0.01157	0.00789	0.00729	0.05616	0.01430	0.01970	0.03151	0.44983	0.06359	0.06755	0.03627	0.00306	0.03736	0.03332	0.03765	0.08403
12	0.00972	0.00998	0.06202	0.01170	0.01432	0.00789	0.09267	0.01230	0.01491	0.01948	0.09991	0.32712	0.25856	0.01647	0.00823	0.00247	0.00512	0.01479	0.00585	0.00648
13	0.14780	0.05299	0.01239	0.01015	0.01301	0.01067	0.00779	0.01982	0.08084	0.17722	0.02646	0.16429	0.07600	0.06898	0.01107	0.09250	0.00532	0.00936	0.00579	0.00754
14	0.06864	0.01874	0.04354	0.04656	0.19682	0.09325	0.06055	0.18190	0.16896	0.02827	0.01652	0.01790	0.01262	0.00741	0.00669	0.00211	0.00799	0.00624	0.00501	0.01026
15	0.00938	0.00717	0.00822	0.00838	0.01009	0.00663	0.00609	0.01230	0.06089	0.02063	0.17930	0.21604	0.33176	0.01701	0.00883	0.03640	0.00376	0.01408	0.03694	0.00609
16	0.08474	0.25654	0.02424	0.05780	0.06299	0.27345	0.01286	0.06843	0.01735	0.06632	0.01186	0.01343	0.00956	0.00672	0.00562	0.00179	0.00901	0.00459	0.00390	0.00881
17	0.01237	0.01008	0.01313	0.01446	0.09989	0.01085	0.00951	0.04345	0.07954	0.02140	0.10032	0.18587	0.12134	0.08319	0.01199	0.00279	0.09945	0.01120	0.06193	0.00725
18	0.01888	0.17793	0.14406	0.05446	0.16737	0.06112	0.04655	0.13554	0.04586	0.05093	0.01411	0.02843	0.01119	0.00703	0.00631	0.00197	0.00836	0.00573	0.00417	0.00996

[dist]
# distance from previous block
# <min> <max>
0	1

[block]
# block no. 4 follows, 31 sequences, length 12
# corresponding to MSA columns:
# 125-136
name=unknown_E
#
# <colnr> <probs for GDERKNQSTAVLIFYWHMCP>
#	G	D	E	R	K	N	Q	S	T	A	V	L	I	F	Y	W	H	M	C	P
0	0.01336	0.03109	0.01668	0.05726	0.11235	0.04139	0.08202	0.01633	0.02981	0.06754	0.07312	0.30659	0.09669	0.01383	0.00779	0.00238	0.00613	0.01257	0.00548	0.00757
1	0.01318	0.01045	0.01229	0.01011	0.01301	0.00984	0.00739	0.06223	0.01345	0.01954	0.01699	0.05844	0.01745	0.30297	0.01849	0.00354	0.06757	0.00735	0.00430	0.33142
2	0.13947	0.06752	0.19716	0.01556	0.04579	0.01712	0.01470	0.21331	0.05224	0.05025	0.01517	0.04889	0.01201	0.00781	0.00651	0.00205	0.02288	0.00591	0.00484	0.06081
3	0.01750	0.14663	0.15135	0.01996	0.13511	0.11339	0.06357	0.02333	0.09744	0.05631	0.06123	0.02082	0.04875	0.00777	0.00651	0.00200	0.00819	0.00644	0.00432	0.00937
4	0.00989	0.00837	0.01013	0.00944	0.01124	0.00847	0.00728	0.01201	0.01558	0.02070	0.22994	0.09980	0.34850	0.01531	0.01024	0.00235	0.11984	0.01243	0.00604	0.04243
5	0.00972	0.00776	0.00956	0.01041	0.04970	0.00725	0.00708	0.01307	0.05967	0.02207	0.26867	0.19659	0.28118	0.01594	0.00807	0.00234	0.00387	0.01390	0.00661	0.00655
6	0.03378	0.07145	0.10792	0.05416	0.34665	0.03504	0.05113	0.04696	0.07787	0.04949	0.01491	0.01750	0.01171	0.00671	0.00650	0.00203	0.00797	0.00600	0.04211	0.01011
7	0.01351	0.00901	0.01069	0.00987	0.01160	0.00925	0.00706	0.11896	0.01527	0.06994	0.02772	0.12475	0.09761	0.30252	0.13673	0.00537	0.00797	0.01035	0.00530	0.00652
8	0.01567	0.05799	0.32584	0.01585	0.02214	0.01428	0.05791	0.05797	0.01649	0.08684	0.12416	0.02219	0.01924	0.00834	0.00764	0.00213	0.05420	0.00672	0.07525	0.00915
9	0.00967	0.00662	0.00744	0.00753	0.00778	0.00649	0.00438	0.00991	0.01069	0.01402	0.02720	0.08794	0.09401	0.64368	0.03068	0.00598	0.00617	0.01094	0.00449	0.00439
10	0.01850	0.45524	0.18910	0.01420	0.02067	0.09492	0.01484	0.02275	0.04587	0.05050	0.01188	0.01312	0.00968	0.00640	0.00528	0.00172	0.00831	0.00438	0.00342	0.00922
11	0.04459	0.13691	0.18478	0.01976	0.12586	0.04783	0.06472	0.02060	0.03520	0.03951	0.01314	0.01687	0.01094	0.04157	0.04373	0.00264	0.07667	0.00560	0.00355	0.06555

[dist]
# distance from previous block
# <min> <max>
0	3

[block]
# block no. 5 follows, 31 sequences, length 29
# corresponding to MSA columns:
# 140-168
name=unknown_F
#
# <colnr> <probs for GDERKNQSTAVLIFYWHMCP>
#	G	D	E	R	K	N	Q	S	T	A	V	L	I	F	Y	W	H	M	C	P
0	0.10633	0.17567	0.44694	0.05500	0.02601	0.03990	0.01983	0.02120	0.01412	0.02123	0.01136	0.01351	0.00857	0.00639	0.00583	0.00202	0.00902	0.00466	0.00308	0.00934
1	0.01919	0.07523	0.05141	0.08006	0.14976	0.12800	0.08146	0.10114	0.10381	0.04810	0.01469	0.01699	0.01149	0.00757	0.00819	0.00214	0.08084	0.00603	0.00432	0.00958
2	0.00887	0.00638	0.00828	0.00944	0.01010	0.00591	0.00635	0.01008	0.01290	0.01735	0.03475	0.62350	0.04126	0.09840	0.01133	0.00311	0.00438	0.03867	0.00601	0.04294
3	0.00923	0.00730	0.00836	0.00810	0.01011	0.00661	0.00607	0.01246	0.05061	0.02288	0.34992	0.08197	0.37040	0.01561	0.00805	0.00226	0.00347	0.01338	0.00690	0.00631
4	0.00873	0.00675	0.00800	0.00839	0.00997	0.00602	0.00618	0.01078	0.01588	0.02056	0.21913	0.24530	0.33332	0.01768	0.00834	0.00245	0.00372	0.05623	0.00664	0.00592
5	0.01388	0.00797	0.01018	0.00906	0.01159	0.00710	0.00699	0.01671	0.01872	0.17405	0.44915	0.04785	0.17296	0.01342	0.00782	0.00217	0.00382	0.01158	0.00752	0.00744
6	0.05559	0.01074	0.01227	0.01210	0.01463	0.01185	0.00961	0.04053	0.28543	0.02436	0.02903	0.13797	0.02752	0.01630	0.06190	0.00318	0.00633	0.17891	0.05358	0.00817
7	0.01854	0.01630	0.05017	0.02055	0.15995	0.03655	0.07637	0.15556	0.10748	0.07292	0.01842	0.08026	0.01530	0.00823	0.00681	0.00200	0.00720	0.00727	0.00521	0.13490
8	0.01923	0.33797	0.08172	0.03420	0.08619	0.17987	0.05007	0.03711	0.07739	0.01925	0.01233	0.01406	0.01020	0.00656	0.00570	0.00179	0.00882	0.00486	0.00357	0.00912
9	0.07862	0.04190	0.01887	0.27927	0.02879	0.01676	0.01395	0.20826	0.10067	0.10130	0.01671	0.01851	0.01209	0.00763	0.00652	0.00215	0.00740	0.00612	0.02497	0.00952
10	0.00882	0.00686	0.00762	0.00757	0.00951	0.00599	0.00562	0.01103	0.01647	0.02142	0.25432	0.10502	0.44170	0.01612	0.00795	0.00226	0.00341	0.01374	0.04858	0.00599
11	0.01418	0.01522	0.07290	0.30284	0.19790	0.04265	0.01711	0.01859	0.03821	0.01938	0.03716	0.02280	0.05733	0.04746	0.00956	0.00247	0.06531	0.00691	0.00366	0.00836
12	0.01068	0.00919	0.01217	0.08384	0.06341	0.02930	0.02947	0.01353	0.01664	0.02183	0.27318	0.10522	0.23523	0.01415	0.00795	0.00231	0.00498	0.05415	0.00606	0.00672
13	0.00935	0.00702	0.00931	0.00920	0.01070	0.00697	0.00694	0.01193	0.01551	0.02141	0.32800	0.09820	0.15272	0.02745	0.24813	0.00515	0.00832	0.01157	0.00597	0.00616
14	0.01696	0.04115	0.04118	0.04722	0.26612	0.07990	0.01494	0.07075	0.14074	0.02311	0.01840	0.04739	0.03259	0.03381	0.03149	0.00256	0.04566	0.00700	0.02959	0.00944
15	0.09831	0.07903	0.02094	0.01683	0.04606	0.28684	0.03617	0.24706	0.05849	0.02777	0.01345	0.01455	0.01038	0.00732	0.00621	0.00193	0.00915	0.00523	0.00482	0.00948
16	0.01110	0.00610	0.00867	0.00884	0.00898	0.00608	0.00585	0.00925	0.00972	0.01296	0.01740	0.10310	0.03382	0.11299	0.05286	0.57076	0.00624	0.00812	0.00358	0.00358
17	0.01636	0.04109	0.01529	0.08125	0.04220	0.09192	0.01053	0.13829	0.05431	0.05998	0.04786	0.15408	0.08845	0.06222	0.06235	0.00314	0.00761	0.00963	0.00543	0.00800
18	0.01416	0.01205	0.01395	0.01043	0.01593	0.00977	0.00828	0.01897	0.08925	0.02336	0.06637	0.01818	0.01537	0.00619	0.00550	0.00124	0.00497	0.00507	0.00463	0.65633
19	0.01048	0.00883	0.03685	0.03545	0.01387	0.00801	0.03455	0.06235	0.01521	0.02046	0.07738	0.55252	0.03993	0.01825	0.00840	0.00264	0.00495	0.03730	0.00612	0.00647
20	0.01583	0.08087	0.34322	0.01818	0.02534	0.06125	0.12807	0.02238	0.06284	0.06215	0.03954	0.04180	0.05234	0.00794	0.00683	0.00214	0.00894	0.00686	0.00407	0.00938
21	0.01047	0.00794	0.01005	0.01103	0.06281	0.00779	0.00717	0.03377	0.01357	0.01768	0.05633	0.06796	0.25037	0.20650	0.12956	0.06258	0.00732	0.02633	0.00497	0.00582
22	0.01504	0.03924	0.21380	0.04643	0.22264	0.01502	0.05386	0.06360	0.07562	0.02359	0.06685	0.02465	0.09311	0.00839	0.00696	0.00214	0.00775	0.00735	0.00436	0.00959
23	0.01920	0.21743	0.12219	0.06132	0.07759	0.06280	0.01501	0.17771	0.13486	0.02578	0.01506	0.01615	0.01164	0.00721	0.00612	0.00195	0.00791	0.00550	0.00458	0.01000
24	0.01253	0.00950	0.01143	0.01067	0.01261	0.01039	0.00824	0.01824	0.15351	0.04544	0.16460	0.05960	0.12925	0.06161	0.07841	0.00340	0.08599	0.03335	0.08395	0.00731
25	0.01634	0.04345	0.01644	0.03879	0.04067	0.07706	0.03098	0.14510	0.06108	0.02455	0.04434	0.09599	0.07273	0.04821	0.00819	0.00218	0.00657	0.03567	0.00520	0.18645
26	0.00927	0.00678	0.00854	0.00945	0.01041	0.00641	0.00655	0.04216	0.01489	0.01977	0.10685	0.57619	0.11792	0.01963	0.00851	0.00263	0.00401	0.01758	0.00649	0.00596
27	0.01519	0.08889	0.06781	0.01434	0.06244	0.01297	0.04163	0.08787	0.01660	0.02377	0.06769	0.07126	0.01776	0.00801	0.00618	0.00166	0.00622	0.03202	0.00459	0.35311
28	0.04671	0.32868	0.21752	0.01364	0.01974	0.04701	0.01437	0.05522	0.01535	0.02059	0.06489	0.03940	0.01492	0.04280	0.00702	0.00205	0.00770	0.00564	0.00374	0.03300

[dist]
# distance from previous block
# <min> <max>
3	5

[block]
# block no. 6 follows, 31 sequences, length 25
# corresponding to MSA columns:
# 176-200
name=unknown_G
#
# <colnr> <probs for GDERKNQSTAVLIFYWHMCP>
#	G	D	E	R	K	N	Q	S	T	A	V	L	I	F	Y	W	H	M	C	P
0	0.04465	0.52845	0.06352	0.01195	0.01716	0.02245	0.01153	0.07302	0.01546	0.01968	0.04367	0.09275	0.01526	0.00811	0.00531	0.00174	0.00687	0.00599	0.00385	0.00858
1	0.01861	0.01650	0.07323	0.05019	0.02020	0.01662	0.01252	0.22953	0.28163	0.05429	0.02549	0.05407	0.07315	0.00982	0.00754	0.00226	0.03005	0.00790	0.00626	0.01015
2	0.00811	0.00685	0.00701	0.00713	0.00929	0.00576	0.00529	0.00980	0.01540	0.01840	0.06685	0.11935	0.66219	0.01765	0.00814	0.00235	0.00350	0.01483	0.00635	0.00576
3	0.01160	0.00594	0.00883	0.00896	0.00899	0.00591	0.00597	0.00896	0.00925	0.01233	0.01395	0.07964	0.01456	0.02358	0.02529	0.73698	0.00578	0.00702	0.00324	0.00318
4	0.01791	0.67548	0.03301	0.01152	0.01689	0.02522	0.01115	0.04455	0.01426	0.01687	0.01073	0.01388	0.01017	0.06634	0.00692	0.00190	0.00727	0.00425	0.00317	0.00851
5	0.00979	0.00720	0.01034	0.01030	0.01137	0.00811	0.00775	0.01194	0.01149	0.01640	0.07274	0.03134	0.02191	0.15081	0.57536	0.00968	0.01546	0.00810	0.00403	0.00585
6	0.01663	0.01607	0.02729	0.06207	0.62258	0.01663	0.03645	0.02054	0.01512	0.02171	0.01255	0.01685	0.01062	0.00659	0.00808	0.00212	0.06820	0.00613	0.00335	0.01042
7	0.09661	0.09874	0.02361	0.07327	0.07354	0.26246	0.11241	0.09960	0.01821	0.03766	0.01250	0.01485	0.00983	0.00678	0.00622	0.00194	0.00952	0.00536	0.02811	0.00880
8	0.54231	0.01551	0.01345	0.14369	0.02062	0.09840	0.01041	0.04690	0.01371	0.02717	0.01040	0.01276	0.00805	0.00659	0.00503	0.00210	0.00689	0.00431	0.00404	0.00767
9	0.01087	0.00785	0.00929	0.00898	0.01106	0.00750	0.00677	0.03239	0.05422	0.05521	0.19659	0.13835	0.29137	0.01973	0.09347	0.00332	0.00556	0.01259	0.02820	0.00668
10	0.01333	0.00784	0.01034	0.00990	0.01201	0.00731	0.00771	0.01587	0.01676	0.14676	0.26658	0.12822	0.11363	0.04611	0.06538	0.00324	0.00556	0.10955	0.00683	0.00707
11	0.00878	0.00681	0.00803	0.00831	0.00998	0.00606	0.00617	0.01092	0.01615	0.02091	0.24072	0.20221	0.35158	0.01733	0.00830	0.00242	0.00369	0.05898	0.00668	0.00596
12	0.01335	0.01054	0.01202	0.01181	0.01400	0.01143	0.00879	0.07505	0.28170	0.02380	0.03131	0.33840	0.03179	0.05192	0.00923	0.00276	0.00508	0.05248	0.00651	0.00806
13	0.01668	0.01506	0.02253	0.16926	0.23080	0.03372	0.08406	0.08966	0.13192	0.03836	0.01820	0.08669	0.01545	0.00844	0.00712	0.00222	0.00783	0.00778	0.00465	0.00956
14	0.05711	0.11980	0.13586	0.05531	0.12342	0.05635	0.10129	0.16224	0.01895	0.02599	0.06725	0.01801	0.01414	0.00724	0.00654	0.00203	0.00839	0.00615	0.00434	0.00959
15	0.02227	0.01763	0.01818	0.01532	0.04227	0.06791	0.01172	0.44983	0.10145	0.03450	0.01793	0.02141	0.01442	0.12089	0.01100	0.00275	0.00752	0.00678	0.00610	0.01014
16	0.01559	0.01669	0.03334	0.16435	0.14440	0.01699	0.41403	0.02057	0.01521	0.02078	0.01304	0.01794	0.01012	0.00644	0.00860	0.00230	0.05996	0.00725	0.00334	0.00906
17	0.01782	0.56388	0.02984	0.01207	0.01707	0.10728	0.01130	0.01999	0.01481	0.01666	0.01638	0.02013	0.06926	0.00782	0.00525	0.00168	0.00752	0.04946	0.00351	0.00826
18	0.00913	0.00745	0.00887	0.00865	0.01039	0.00719	0.00655	0.01126	0.01569	0.02044	0.23004	0.10696	0.38598	0.01920	0.06910	0.00307	0.05463	0.01311	0.00622	0.00608
19	0.01036	0.00834	0.01335	0.07255	0.01628	0.00936	0.05495	0.01298	0.01168	0.01641	0.01918	0.08301	0.01856	0.07716	0.53311	0.00884	0.01542	0.00835	0.00383	0.00630
20	0.01377	0.01281	0.02038	0.08773	0.21939	0.01372	0.08542	0.03529	0.03776	0.02003	0.02392	0.02845	0.13352	0.05808	0.09305	0.00354	0.09264	0.00815	0.00412	0.00821
21	0.00991	0.00758	0.01028	0.01044	0.01102	0.00845	0.00753	0.01139	0.01194	0.01666	0.06718	0.27401	0.03007	0.17724	0.22454	0.00591	0.09325	0.01207	0.00482	0.00571
22	0.01708	0.17652	0.07962	0.08378	0.04028	0.17128	0.06106	0.03157	0.03099	0.01835	0.01542	0.09114	0.02856	0.00989	0.02316	0.00230	0.10024	0.00687	0.00372	0.00817
23	0.20615	0.13641	0.03794	0.01541	0.04876	0.24842	0.03856	0.09043	0.01711	0.02324	0.01314	0.07041	0.01174	0.00783	0.00582	0.00195	0.00849	0.00571	0.00413	0.00836
24	0.14852	0.06120	0.14945	0.01683	0.02211	0.20927	0.10645	0.06458	0.01661	0.02250	0.01597	0.01894	0.05596	0.00787	0.00698	0.00209	0.03817	0.02408	0.00394	0.00850

[dist]
# distance from previous block
# <min> <max>
6	18

[block]
# block no. 7 follows, 31 sequences, length 23
# corresponding to MSA columns:
# 226-239,241-249
name=unknown_H
#
# <colnr> <probs for GDERKNQSTAVLIFYWHMCP>
#	G	D	E	R	K	N	Q	S	T	A	V	L	I	F	Y	W	H	M	C	P
0	0.01799	0.04381	0.02496	0.25655	0.16722	0.16362	0.11464	0.04233	0.01622	0.04164	0.01260	0.01654	0.00988	0.00683	0.00737	0.00212	0.03734	0.00597	0.00355	0.00882
1	0.00979	0.00689	0.00866	0.00866	0.00920	0.00725	0.00573	0.01073	0.01061	0.01445	0.02296	0.03969	0.05857	0.47537	0.27475	0.00791	0.01051	0.00928	0.00410	0.00491
2	0.01825	0.01760	0.06070	0.04087	0.01948	0.10707	0.01203	0.10484	0.36587	0.05033	0.06471	0.06774	0.02108	0.00961	0.00699	0.00222	0.00676	0.00787	0.00616	0.00983
3	0.00828	0.00615	0.00773	0.00900	0.00978	0.00560	0.00612	0.00959	0.01361	0.01767	0.04414	0.61470	0.18149	0.02060	0.00860	0.00268	0.00387	0.01843	0.00635	0.00560
4	0.01141	0.00791	0.00983	0.01019	0.01162	0.00763	0.00715	0.05148	0.05647	0.05510	0.03297	0.54798	0.03726	0.06291	0.00979	0.00281	0.00457	0.01592	0.00626	0.05074
5	0.01556	0.01337	0.01538	0.01573	0.08225	0.01498	0.01100	0.03039	0.51812	0.02669	0.07088	0.10887	0.02546	0.01065	0.00721	0.00233	0.00537	0.00920	0.00659	0.00996
6	0.01674	0.01742	0.07017	0.04062	0.67504	0.01623	0.02126	0.02104	0.01551	0.02231	0.01283	0.01678	0.01070	0.00612	0.00676	0.00204	0.00825	0.00603	0.00336	0.01079
7	0.03948	0.20807	0.15663	0.01787	0.06604	0.22337	0.01575	0.04126	0.01558	0.01894	0.01066	0.01321	0.00898	0.00741	0.00845	0.00200	0.12952	0.00474	0.00328	0.00876
8	0.06584	0.01563	0.02086	0.01767	0.01847	0.04064	0.03728	0.04187	0.01179	0.01853	0.00950	0.01482	0.00902	0.01113	0.01978	0.00285	0.62751	0.00587	0.00324	0.00770
9	0.01188	0.00594	0.00891	0.00891	0.00891	0.00594	0.00594	0.00891	0.00891	0.01188	0.01188	0.02080	0.01188	0.02377	0.02674	0.80095	0.00594	0.00594	0.00297	0.00297
10	0.04097	0.24510	0.02402	0.01464	0.01814	0.13749	0.05257	0.08440	0.01543	0.01932	0.01233	0.01753	0.01139	0.09496	0.04855	0.00298	0.14290	0.00561	0.00366	0.00801
11	0.01817	0.01007	0.01135	0.00988	0.01298	0.01016	0.00775	0.10544	0.09830	0.17559	0.02702	0.07038	0.06115	0.00964	0.00618	0.00196	0.00461	0.00790	0.34288	0.00859
12	0.02414	0.07252	0.02199	0.01928	0.06567	0.57035	0.04783	0.06337	0.01938	0.01879	0.01115	0.01308	0.00917	0.00692	0.00624	0.00181	0.01147	0.00475	0.00366	0.00844
13	0.26048	0.07808	0.06688	0.05470	0.16953	0.19896	0.01388	0.02182	0.01497	0.02256	0.01170	0.03626	0.00995	0.00694	0.00570	0.00199	0.00832	0.00509	0.00369	0.00852
14	0.11320	0.24426	0.15288	0.03723	0.11356	0.09227	0.03480	0.09758	0.01663	0.02300	0.01154	0.01356	0.00925	0.00647	0.00569	0.00189	0.00839	0.00479	0.00366	0.00935
15	0.01401	0.05981	0.02130	0.02455	0.28848	0.01313	0.07636	0.03071	0.02900	0.02119	0.05783	0.15658	0.03715	0.02719	0.02863	0.00265	0.00729	0.09096	0.00467	0.00850
16	0.01141	0.00748	0.00906	0.00853	0.01078	0.00661	0.00653	0.01392	0.01758	0.10078	0.33817	0.07825	0.31113	0.01510	0.00802	0.00227	0.00375	0.03681	0.00709	0.00673
17	0.00940	0.00725	0.00861	0.00822	0.01016	0.00661	0.00618	0.01270	0.04305	0.02440	0.46704	0.05523	0.28612	0.01496	0.00803	0.00221	0.00339	0.01291	0.00711	0.00638
18	0.00836	0.00618	0.00783	0.00903	0.00982	0.00564	0.00616	0.00976	0.01386	0.01817	0.07883	0.59886	0.16181	0.02033	0.00859	0.00266	0.00384	0.01821	0.00641	0.00564
19	0.00857	0.00604	0.00779	0.00919	0.00977	0.00562	0.00619	0.00990	0.01332	0.01797	0.03876	0.67291	0.08406	0.02044	0.00847	0.00268	0.00390	0.01842	0.05039	0.00562
20	0.08188	0.70324	0.03377	0.01149	0.01721	0.02613	0.01136	0.02046	0.01372	0.01727	0.00951	0.01099	0.00867	0.00589	0.00438	0.00152	0.00715	0.00366	0.00303	0.00867
21	0.01477	0.01262	0.01399	0.01225	0.01504	0.09005	0.05016	0.09417	0.07485	0.04655	0.31200	0.08415	0.07934	0.03484	0.00849	0.00234	0.00576	0.03447	0.00645	0.00771
22	0.02078	0.25794	0.08702	0.03724	0.08005	0.20710	0.03072	0.13968	0.03924	0.02251	0.01223	0.01388	0.00985	0.00678	0.00589	0.00182	0.00907	0.00490	0.00393	0.00938

[dist]
# distance from previous block
# <min> <max>
0	1

[block]
# block no. 8 follows, 31 sequences, length 9
# corresponding to MSA columns:
# 251-259
name=unknown_I
#
# <colnr> <probs for GDERKNQSTAVLIFYWHMCP>
#	G	D	E	R	K	N	Q	S	T	A	V	L	I	F	Y	W	H	M	C	P
0	0.01829	0.10290	0.02140	0.04819	0.05346	0.11083	0.01363	0.08618	0.11140	0.04097	0.03922	0.01757	0.01320	0.00938	0.01227	0.00235	0.27962	0.00605	0.00431	0.00879
1	0.01058	0.06899	0.01141	0.00895	0.01108	0.00856	0.00697	0.01433	0.05054	0.02572	0.56318	0.04803	0.11928	0.01342	0.00772	0.00212	0.00369	0.01164	0.00702	0.00678
2	0.00944	0.00660	0.00847	0.00891	0.00944	0.00672	0.00595	0.01032	0.01135	0.01528	0.02758	0.23427	0.06890	0.31118	0.19296	0.04239	0.00849	0.01200	0.00471	0.00504
3	0.01421	0.01744	0.12249	0.07523	0.10090	0.01616	0.18891	0.01831	0.01421	0.02003	0.05153	0.02308	0.08273	0.00924	0.01158	0.00244	0.21179	0.00756	0.00370	0.00845
4	0.05747	0.00751	0.00859	0.00883	0.01007	0.00754	0.00612	0.01360	0.06998	0.02073	0.14733	0.27712	0.07368	0.17476	0.01340	0.00329	0.00451	0.01288	0.07655	0.00603
5	0.02070	0.25899	0.08629	0.01560	0.04230	0.18203	0.01353	0.18014	0.04646	0.02417	0.03911	0.01554	0.01229	0.00836	0.02471	0.00205	0.00883	0.00520	0.00434	0.00936
6	0.00934	0.00737	0.00855	0.00904	0.01066	0.00697	0.00657	0.01283	0.08487	0.01992	0.10377	0.33574	0.29656	0.01794	0.00828	0.00252	0.00396	0.04232	0.00651	0.00628
7	0.01622	0.02000	0.18974	0.11895	0.08193	0.05312	0.04369	0.13648	0.07787	0.02462	0.01905	0.10543	0.03597	0.00908	0.00697	0.00218	0.00803	0.00774	0.00460	0.03834
8	0.04165	0.08428	0.09748	0.06615	0.06822	0.09147	0.01453	0.23725	0.17781	0.02905	0.01668	0.01741	0.01255	0.00767	0.00648	0.00206	0.00788	0.00593	0.00521	0.01022

[dist]
# distance from previous block
# <min> <max>
2	31

[block]
# block no. 9 follows, 31 sequences, length 20
# corresponding to MSA columns:
# 291-310
name=unknown_J
#
# <colnr> <probs for GDERKNQSTAVLIFYWHMCP>
#	G	D	E	R	K	N	Q	S	T	A	V	L	I	F	Y	W	H	M	C	P
0	0.01814	0.08697	0.12101	0.06748	0.16775	0.17758	0.13869	0.03750	0.01638	0.02056	0.01214	0.01515	0.00968	0.00629	0.00649	0.00192	0.00967	0.00555	0.00344	0.07762
1	0.55854	0.05004	0.01360	0.01121	0.01537	0.15415	0.00906	0.05944	0.01438	0.02770	0.01034	0.01203	0.00822	0.00768	0.02279	0.00224	0.00719	0.00407	0.00417	0.00778
2	0.01363	0.01263	0.04488	0.01393	0.05206	0.07178	0.06004	0.01467	0.01329	0.01737	0.02286	0.15118	0.02490	0.39702	0.05413	0.00518	0.00830	0.01068	0.00478	0.00665
3	0.01052	0.00796	0.00932	0.00925	0.01102	0.00702	0.00669	0.01241	0.01785	0.02394	0.36919	0.17121	0.28234	0.01715	0.00878	0.00258	0.00400	0.01453	0.00736	0.00688
4	0.01599	0.00816	0.00864	0.00816	0.01032	0.00769	0.00611	0.01854	0.01589	0.10273	0.02663	0.02927	0.05648	0.00951	0.00587	0.00198	0.00406	0.00733	0.64891	0.00772
5	0.00994	0.00723	0.00899	0.01032	0.01105	0.00654	0.00692	0.01074	0.01428	0.01897	0.04168	0.67129	0.11138	0.02167	0.00925	0.00299	0.00447	0.01909	0.00680	0.00640
6	0.01178	0.00869	0.01138	0.01118	0.01245	0.00929	0.00817	0.01422	0.04975	0.01860	0.08937	0.03474	0.02488	0.19412	0.45823	0.00880	0.01388	0.00883	0.00484	0.00679
7	0.02683	0.03117	0.02042	0.01819	0.02207	0.61145	0.01370	0.12526	0.02203	0.02201	0.01297	0.01508	0.01069	0.00822	0.00691	0.00209	0.01198	0.00517	0.00453	0.00923
8	0.14108	0.01292	0.04052	0.01263	0.01688	0.01157	0.01046	0.05490	0.01825	0.35845	0.04483	0.06928	0.03973	0.03850	0.00859	0.00273	0.00635	0.09492	0.00734	0.01007
9	0.01862	0.01811	0.02684	0.12333	0.56109	0.07856	0.02041	0.02202	0.01655	0.02257	0.01408	0.01872	0.01187	0.00729	0.00736	0.00232	0.00906	0.00641	0.00388	0.01089
10	0.07321	0.04571	0.05308	0.01114	0.01365	0.01155	0.00886	0.11149	0.07165	0.02222	0.02388	0.24488	0.02502	0.16452	0.08470	0.00407	0.00715	0.01078	0.00525	0.00718
11	0.02162	0.11583	0.05725	0.04284	0.02099	0.46640	0.01328	0.04796	0.01766	0.01779	0.01179	0.01449	0.00997	0.01253	0.09815	0.00295	0.01209	0.00485	0.00354	0.00804
12	0.05198	0.08000	0.06362	0.10471	0.36989	0.09999	0.01787	0.06061	0.04682	0.02247	0.01294	0.01601	0.01048	0.00656	0.00640	0.00201	0.00849	0.00561	0.00369	0.00985
13	0.00924	0.00687	0.00835	0.00903	0.01018	0.00641	0.00629	0.03937	0.01495	0.01958	0.10896	0.46894	0.19447	0.05202	0.00960	0.00275	0.00406	0.01664	0.00639	0.00589
14	0.01631	0.08479	0.02676	0.10746	0.08476	0.01507	0.25367	0.02017	0.01560	0.10334	0.05045	0.08556	0.05453	0.00887	0.00801	0.00224	0.04066	0.00854	0.00451	0.00871
15	0.00876	0.00693	0.00772	0.00753	0.00944	0.00607	0.00554	0.01087	0.01644	0.02110	0.28232	0.05929	0.44353	0.07229	0.01010	0.00258	0.00362	0.01340	0.00658	0.00588
16	0.00972	0.00695	0.00939	0.00953	0.01022	0.00757	0.00669	0.01112	0.01078	0.01503	0.02122	0.09646	0.02248	0.31737	0.40544	0.00863	0.01265	0.00937	0.00408	0.00532
17	0.01792	0.15428	0.02708	0.09467	0.40613	0.01880	0.01759	0.10219	0.05444	0.02359	0.01342	0.01635	0.01094	0.00654	0.00636	0.00197	0.00785	0.00574	0.00388	0.01026
18	0.01747	0.34613	0.13262	0.01562	0.04948	0.05930	0.01442	0.08610	0.01560	0.02006	0.01287	0.06916	0.01192	0.00830	0.00803	0.00198	0.11264	0.00578	0.00363	0.00888
19	0.07544	0.07926	0.01833	0.01475	0.07038	0.12690	0.01093	0.13347	0.01806	0.05052	0.01419	0.05404	0.01206	0.00714	0.00581	0.00163	0.00702	0.00549	0.00459	0.28996

[dist]
# distance from previous block
# <min> <max>
5	6

[block]
# block no. 10 follows, 31 sequences, length 20
# corresponding to MSA columns:
# 317,321-339
name=unknown_K
#
# <colnr> <probs for GDERKNQSTAVLIFYWHMCP>
#	G	D	E	R	K	N	Q	S	T	A	V	L	I	F	Y	W	H	M	C	P
0	0.01613	0.07838	0.46987	0.02014	0.02859	0.09476	0.12831	0.04652	0.01586	0.02159	0.01231	0.01470	0.00907	0.00646	0.00659	0.00210	0.01031	0.00541	0.00319	0.00970
1	0.01277	0.01107	0.01571	0.01361	0.01520	0.01279	0.06821	0.01560	0.04892	0.04400	0.08375	0.10440	0.14270	0.09865	0.03294	0.00326	0.25447	0.01009	0.00487	0.00698
2	0.01995	0.07530	0.01950	0.01785	0.10680	0.17738	0.01265	0.12317	0.20687	0.04991	0.07631	0.02310	0.01885	0.00870	0.00673	0.00207	0.00763	0.03211	0.00549	0.00963
3	0.00861	0.00619	0.00821	0.00963	0.01025	0.00579	0.00669	0.01007	0.01371	0.01823	0.07234	0.64259	0.06891	0.02072	0.00873	0.00276	0.00410	0.07040	0.00641	0.00567
4	0.01782	0.43255	0.16764	0.01717	0.05706	0.09268	0.08880	0.02157	0.01487	0.01818	0.01079	0.01289	0.00904	0.00610	0.00549	0.00175	0.00885	0.00460	0.00306	0.00911
5	0.06046	0.05734	0.19069	0.02219	0.20757	0.01657	0.01684	0.16556	0.05440	0.02747	0.08067	0.03802	0.01666	0.00795	0.00665	0.00209	0.00757	0.00662	0.00468	0.01000
6	0.01624	0.05187	0.01455	0.01215	0.01483	0.05144	0.00952	0.05393	0.13250	0.12514	0.05516	0.19105	0.10016	0.01503	0.04634	0.00281	0.08256	0.01046	0.00602	0.00824
7	0.01515	0.01213	0.01429	0.01025	0.01629	0.00917	0.00822	0.01817	0.01450	0.06312	0.01303	0.01472	0.01053	0.00527	0.00517	0.00108	0.00511	0.00422	0.00431	0.75528
8	0.01685	0.17348	0.04980	0.09769	0.14272	0.10102	0.03189	0.06694	0.07540	0.02086	0.01894	0.07533	0.05637	0.03508	0.00747	0.00218	0.00781	0.00719	0.00423	0.00876
9	0.03561	0.36476	0.02682	0.01473	0.06148	0.04113	0.03572	0.14287	0.01820	0.10098	0.01759	0.04528	0.05207	0.00787	0.00581	0.00183	0.00714	0.00601	0.00467	0.00941
10	0.00857	0.00724	0.00746	0.00752	0.00974	0.00634	0.00559	0.01116	0.05091	0.01891	0.06438	0.12466	0.61926	0.01727	0.00808	0.00235	0.00361	0.01454	0.00638	0.00602
11	0.01758	0.01492	0.08372	0.05816	0.19942	0.05001	0.03778	0.02119	0.01615	0.16013	0.02432	0.05510	0.08440	0.00924	0.00688	0.00213	0.00694	0.04061	0.10223	0.00908
12	0.01188	0.00594	0.00891	0.00891	0.00891	0.00594	0.00594	0.00891	0.00891	0.01188	0.01188	0.02080	0.01188	0.02377	0.02674	0.80095	0.00594	0.00594	0.00297	0.00297
13	0.01292	0.08854	0.00973	0.00726	0.00920	0.00854	0.00569	0.01580	0.01418	0.02369	0.02244	0.09572	0.01931	0.00907	0.00513	0.00170	0.00371	0.00737	0.63343	0.00656
14	0.49895	0.01437	0.01193	0.01039	0.01430	0.08431	0.00822	0.04379	0.01412	0.13432	0.01385	0.01694	0.01105	0.08857	0.00824	0.00257	0.00629	0.00502	0.00489	0.00790
15	0.02101	0.25686	0.10121	0.01591	0.02065	0.32206	0.01422	0.06467	0.01706	0.01868	0.01063	0.01265	0.00898	0.00718	0.00730	0.00185	0.08254	0.00451	0.00342	0.00862
16	0.14675	0.57033	0.03006	0.01185	0.01721	0.09455	0.01116	0.02110	0.01408	0.01852	0.00962	0.01113	0.00856	0.00605	0.00454	0.00160	0.00748	0.00374	0.00320	0.00847
17	0.01774	0.01578	0.01535	0.01370	0.01724	0.09324	0.01059	0.12060	0.41532	0.02820	0.08598	0.09103	0.02438	0.01041	0.00712	0.00225	0.00613	0.00863	0.00657	0.00976
18	0.00846	0.00679	0.00756	0.00770	0.00956	0.00588	0.00565	0.01042	0.01598	0.02020	0.19947	0.17426	0.46944	0.01729	0.00819	0.00235	0.00350	0.01482	0.00660	0.00588
19	0.02438	0.01109	0.01402	0.01119	0.01553	0.01018	0.00909	0.09927	0.02006	0.45125	0.09349	0.02952	0.08945	0.00978	0.00692	0.00209	0.00530	0.00801	0.07929	0.01011

[dist]
# distance from previous block
# <min> <max>
4	11

[block]
# block no. 11 follows, 31 sequences, length 9
# corresponding to MSA columns:
# 352-360
name=unknown_L
#
# <colnr> <probs for GDERKNQSTAVLIFYWHMCP>
#	G	D	E	R	K	N	Q	S	T	A	V	L	I	F	Y	W	H	M	C	P
0	0.08926	0.52474	0.15467	0.01319	0.01932	0.02368	0.01390	0.02044	0.01360	0.01843	0.00997	0.01182	0.00865	0.00635	0.00575	0.00173	0.04860	0.00404	0.00304	0.00882
1	0.01358	0.06631	0.59534	0.01797	0.02672	0.01551	0.02227	0.02110	0.04321	0.02130	0.01516	0.08348	0.01258	0.00797	0.00663	0.00220	0.00921	0.00644	0.00338	0.00966
2	0.00889	0.00684	0.00812	0.00805	0.00980	0.00608	0.00594	0.01128	0.01711	0.02268	0.37622	0.14132	0.32057	0.01621	0.00816	0.00229	0.00341	0.01404	0.00692	0.00608
3	0.01453	0.01341	0.02228	0.23308	0.40077	0.01434	0.01766	0.01815	0.01409	0.01950	0.01404	0.02124	0.01242	0.09934	0.05425	0.00320	0.00885	0.00663	0.00340	0.00884
4	0.00832	0.00602	0.00787	0.00934	0.00987	0.00557	0.00627	0.00955	0.01328	0.01754	0.03995	0.70621	0.09269	0.02114	0.00869	0.00275	0.00393	0.01909	0.00635	0.00557
5	0.00947	0.00718	0.00978	0.00994	0.01127	0.00769	0.00759	0.01157	0.01220	0.01653	0.03062	0.06549	0.16019	0.09901	0.46012	0.00812	0.01314	0.04973	0.00450	0.00587
6	0.59524	0.01645	0.01277	0.01106	0.01539	0.10213	0.00896	0.12347	0.01569	0.03091	0.01070	0.01207	0.00822	0.00672	0.00486	0.00206	0.00648	0.00416	0.00455	0.00811
7	0.01623	0.01322	0.01491	0.01107	0.01667	0.01148	0.00892	0.16601	0.01829	0.02654	0.01841	0.01947	0.07579	0.00690	0.00574	0.00136	0.00546	0.00548	0.00488	0.55316
8	0.13132	0.26461	0.11550	0.01803	0.06999	0.09676	0.12846	0.02253	0.05566	0.02111	0.01202	0.01411	0.00970	0.00634	0.00576	0.00191	0.00857	0.00508	0.00353	0.00900

[dist]
# distance from previous block
# <min> <max>
0	3

[block]
# block no. 12 follows, 31 sequences, length 64
# corresponding to MSA columns:
# 364-427
name=unknown_M
#
# <colnr> <probs for GDERKNQSTAVLIFYWHMCP>
#	G	D	E	R	K	N	Q	S	T	A	V	L	I	F	Y	W	H	M	C	P
0	0.30538	0.05874	0.01766	0.01506	0.06299	0.14264	0.01139	0.23071	0.04693	0.03071	0.01278	0.01391	0.00979	0.00712	0.00566	0.00200	0.00751	0.00490	0.00490	0.00924
1	0.01845	0.04172	0.10421	0.01481	0.01949	0.05819	0.05521	0.27657	0.05792	0.03007	0.08801	0.11160	0.02122	0.00995	0.00698	0.00213	0.00711	0.00832	0.05873	0.00933
2	0.01322	0.01001	0.01326	0.01217	0.01413	0.01160	0.00962	0.14562	0.01508	0.02116	0.01757	0.02476	0.01585	0.06200	0.53364	0.00871	0.05302	0.00711	0.00427	0.00720
3	0.01068	0.00730	0.00898	0.00838	0.01044	0.00651	0.00635	0.01344	0.01832	0.07265	0.48454	0.05335	0.24439	0.01455	0.00799	0.00219	0.00347	0.01258	0.00726	0.00662
4	0.02237	0.01669	0.01736	0.01439	0.01894	0.05977	0.01151	0.26311	0.31734	0.12959	0.04023	0.02192	0.01752	0.00878	0.00689	0.00216	0.00656	0.00699	0.00694	0.01094
5	0.00995	0.00663	0.00746	0.00746	0.00746	0.00663	0.00415	0.00995	0.00995	0.01327	0.02156	0.04477	0.02487	0.75957	0.03482	0.00663	0.00663	0.00995	0.00415	0.00415
6	0.01176	0.00602	0.00904	0.00904	0.00911	0.00610	0.00610	0.00911	0.00904	0.01212	0.01227	0.02116	0.01219	0.02541	0.06872	0.75396	0.00668	0.00602	0.00301	0.00316
7	0.00974	0.00710	0.01007	0.01030	0.01124	0.00789	0.00767	0.01166	0.01124	0.01578	0.02160	0.09925	0.02223	0.17605	0.50227	0.00905	0.01427	0.04275	0.00413	0.00571
8	0.01601	0.01408	0.01510	0.01120	0.01701	0.05347	0.00894	0.07891	0.03872	0.02403	0.01296	0.01465	0.01054	0.00560	0.00535	0.00119	0.00573	0.00438	0.00437	0.65774
9	0.05958	0.08216	0.11498	0.01512	0.01961	0.16552	0.03097	0.19304	0.01891	0.02451	0.01402	0.01855	0.01194	0.09348	0.07036	0.00326	0.04511	0.00587	0.00433	0.00867
10	0.09857	0.06043	0.21476	0.03534	0.02233	0.16788	0.01552	0.10000	0.09571	0.02422	0.01424	0.01666	0.01117	0.00751	0.00671	0.00204	0.03226	0.02187	0.00423	0.04857
11	0.00872	0.00715	0.00779	0.00759	0.00984	0.00606	0.00566	0.01075	0.01602	0.02022	0.17943	0.10914	0.51288	0.01636	0.00797	0.00225	0.00354	0.01387	0.00644	0.04834
12	0.01240	0.00928	0.01082	0.04703	0.01372	0.00941	0.00775	0.04947	0.13936	0.05585	0.17253	0.11385	0.21844	0.09651	0.01073	0.00278	0.00476	0.01165	0.00640	0.00726
13	0.08986	0.07612	0.04340	0.01260	0.01705	0.08525	0.01054	0.08361	0.08541	0.27538	0.02192	0.09450	0.01720	0.00922	0.00646	0.00209	0.00650	0.00731	0.04594	0.00965
14	0.00857	0.00623	0.00794	0.00901	0.00983	0.00578	0.00619	0.00969	0.01328	0.01727	0.04197	0.52633	0.18541	0.02221	0.04657	0.05058	0.00471	0.01695	0.00601	0.00548
15	0.01514	0.01649	0.09399	0.26496	0.08645	0.03996	0.12974	0.05135	0.01483	0.03585	0.01382	0.02021	0.01147	0.08436	0.02711	0.00291	0.07280	0.00669	0.00357	0.00829
16	0.01807	0.01371	0.01529	0.01402	0.03746	0.01510	0.01066	0.10010	0.44294	0.09766	0.02956	0.07144	0.06495	0.01049	0.00718	0.00231	0.00557	0.02636	0.00690	0.01024
17	0.01464	0.10379	0.50065	0.01667	0.02468	0.01559	0.02004	0.02138	0.04178	0.05504	0.05923	0.01924	0.01419	0.05467	0.00821	0.00238	0.00877	0.00589	0.00370	0.00946
18	0.01422	0.00961	0.01111	0.00987	0.01270	0.00929	0.00764	0.12625	0.04092	0.10122	0.23465	0.11139	0.25597	0.01406	0.00777	0.00225	0.00443	0.01193	0.00701	0.00770
19	0.01797	0.63554	0.07800	0.04049	0.01961	0.05340	0.01301	0.02058	0.01403	0.01654	0.00981	0.01166	0.00879	0.00618	0.00528	0.00160	0.03185	0.00394	0.00295	0.00874
20	0.80789	0.01323	0.01006	0.00900	0.01323	0.01535	0.00741	0.02011	0.01164	0.03070	0.00953	0.01111	0.00741	0.00635	0.00423	0.00212	0.00529	0.00370	0.00423	0.00741
21	0.00845	0.00618	0.00795	0.00913	0.00988	0.00568	0.00623	0.00992	0.01405	0.01864	0.11296	0.60022	0.12522	0.02017	0.00859	0.00266	0.00383	0.01812	0.00648	0.00568
22	0.01594	0.01529	0.02639	0.11056	0.57128	0.01552	0.05229	0.01996	0.01526	0.02153	0.01441	0.06374	0.01281	0.00712	0.00697	0.00212	0.00813	0.00703	0.00354	0.01010
23	0.00940	0.00698	0.00875	0.00831	0.01005	0.00634	0.00623	0.01236	0.01870	0.02585	0.59959	0.05371	0.17923	0.01458	0.00807	0.00218	0.00327	0.01274	0.00732	0.00634
