[name]
unknown

[dist]
# distance from previous block
# <min> <max>
2	8

[block]
# block no. 0 follows, 32 sequences, length 81
# corresponding to MSA columns:
# 11-91
name=unknown_A
#
# <colnr> <probs for GDERKNQSTAVLIFYWHMCP>
#	G	D	E	R	K	N	Q	S	T	A	V	L	I	F	Y	W	H	M	C	P
0	0.01589	0.01786	0.03801	0.02733	0.03393	0.01695	0.65349	0.02241	0.06077	0.02192	0.01446	0.01855	0.01085	0.00588	0.00785	0.00226	0.01092	0.00790	0.00362	0.00915
1	0.01635	0.01568	0.02678	0.08692	0.67859	0.01588	0.02047	0.02037	0.01516	0.02161	0.01258	0.01669	0.01052	0.00603	0.00665	0.00201	0.00803	0.00598	0.00330	0.01042
2	0.02673	0.01284	0.01548	0.01191	0.01713	0.05675	0.00970	0.02935	0.01820	0.54839	0.02269	0.02046	0.01484	0.00759	0.00637	0.00185	0.00598	0.00607	0.00718	0.16048
3	0.00860	0.00641	0.00861	0.00988	0.01024	0.00643	0.00678	0.00978	0.01268	0.01707	0.03516	0.71160	0.04208	0.02042	0.00943	0.00274	0.05229	0.01822	0.00602	0.00557
4	0.01615	0.01538	0.02617	0.03922	0.67637	0.01545	0.01980	0.02004	0.01499	0.02151	0.01297	0.01724	0.01103	0.00885	0.05394	0.00256	0.00862	0.00606	0.00334	0.01033
5	0.01032	0.00756	0.00959	0.00889	0.01069	0.00724	0.00672	0.03582	0.04858	0.02745	0.66692	0.04796	0.05983	0.01334	0.00783	0.00211	0.00339	0.01175	0.00734	0.00668
6	0.01797	0.01675	0.01749	0.01797	0.11635	0.09618	0.01236	0.06062	0.50837	0.02653	0.02292	0.02206	0.01742	0.00838	0.00671	0.00216	0.00652	0.00694	0.00596	0.01034
7	0.01703	0.01599	0.02638	0.06207	0.60158	0.01629	0.04032	0.06513	0.04705	0.02333	0.01350	0.01704	0.01104	0.00627	0.00670	0.00202	0.00795	0.00611	0.00369	0.01052
8	0.01705	0.01590	0.02748	0.03945	0.66050	0.01578	0.05632	0.02107	0.01545	0.04709	0.01317	0.01691	0.01082	0.00604	0.00671	0.00201	0.00807	0.00611	0.00350	0.01057
9	0.01938	0.01070	0.01340	0.01080	0.01483	0.00976	0.00862	0.07562	0.05824	0.28260	0.25776	0.03023	0.03115	0.00962	0.00686	0.00192	0.00484	0.00811	0.00708	0.13848
10	0.01661	0.01594	0.02724	0.04119	0.72233	0.01594	0.02059	0.02059	0.01528	0.02192	0.01262	0.01661	0.01063	0.00598	0.00664	0.00199	0.00797	0.00598	0.00332	0.01063
11	0.01814	0.74705	0.03470	0.01165	0.01732	0.04700	0.01152	0.02028	0.01379	0.01580	0.00936	0.01080	0.00861	0.00577	0.00436	0.00144	0.00732	0.00361	0.00289	0.00859
12	0.01447	0.01225	0.01421	0.01020	0.01613	0.00951	0.00818	0.04940	0.01475	0.02284	0.01213	0.01402	0.01001	0.00512	0.00505	0.00104	0.00508	0.00407	0.00411	0.76743
13	0.01267	0.01193	0.02013	0.74806	0.04621	0.01491	0.01863	0.01714	0.01342	0.01714	0.01193	0.01789	0.00894	0.00671	0.00671	0.00224	0.00894	0.00596	0.00298	0.00745
14	0.01267	0.01193	0.02013	0.74806	0.04621	0.01491	0.01863	0.01714	0.01342	0.01714	0.01193	0.01789	0.00894	0.00671	0.00671	0.00224	0.00894	0.00596	0.00298	0.00745
15	0.00884	0.00683	0.00806	0.00775	0.00962	0.00605	0.00581	0.01139	0.01744	0.02321	0.44493	0.05620	0.33947	0.01510	0.00792	0.00218	0.00326	0.01299	0.00690	0.00605
16	0.01669	0.01441	0.01517	0.01365	0.01745	0.01669	0.01062	0.03565	0.71021	0.02807	0.02731	0.02503	0.02048	0.00910	0.00683	0.00228	0.00531	0.00759	0.00683	0.01062
17	0.01661	0.01594	0.02724	0.04119	0.72233	0.01594	0.02059	0.02059	0.01528	0.02192	0.01262	0.01661	0.01063	0.00598	0.00664	0.00199	0.00797	0.00598	0.00332	0.01063
18	0.01548	0.01466	0.02474	0.13578	0.56931	0.01504	0.01931	0.01941	0.01503	0.02104	0.01553	0.02141	0.03524	0.00709	0.00683	0.00209	0.00786	0.04081	0.00352	0.00980
19	0.01584	0.01810	0.03959	0.02828	0.03507	0.01697	0.69796	0.02149	0.01584	0.02149	0.01357	0.01810	0.01018	0.00566	0.00792	0.00226	0.01131	0.00792	0.00339	0.00905
20	0.01615	0.01537	0.02613	0.07348	0.65708	0.01551	0.02004	0.02012	0.01520	0.02161	0.01366	0.01943	0.01186	0.00660	0.00677	0.00206	0.00793	0.03732	0.00344	0.01027
21	0.02506	0.03198	0.01901	0.01729	0.02074	0.73725	0.01296	0.02679	0.01901	0.01642	0.01037	0.01210	0.00864	0.00691	0.00605	0.00173	0.01210	0.00432	0.00346	0.00778
22	0.00818	0.00584	0.00779	0.00934	0.00973	0.00545	0.00623	0.00934	0.01285	0.01713	0.03698	0.75981	0.04438	0.02102	0.00856	0.00273	0.00389	0.01908	0.00623	0.00545
23	0.01369	0.01296	0.02196	0.56573	0.22061	0.01517	0.01914	0.01803	0.01390	0.01838	0.01211	0.01756	0.00938	0.00652	0.00669	0.00217	0.00869	0.00597	0.00307	0.00827
24	0.01721	0.01530	0.02531	0.03655	0.61472	0.01493	0.01879	0.02102	0.01540	0.06607	0.01343	0.01676	0.01094	0.00603	0.00650	0.00191	0.00756	0.00585	0.00369	0.08204
25	0.08702	0.01153	0.01516	0.01171	0.01683	0.01024	0.00967	0.03176	0.01864	0.67623	0.02522	0.02197	0.01593	0.00815	0.00656	0.00208	0.00567	0.00652	0.00800	0.01112
26	0.03010	0.01142	0.01557	0.01194	0.01713	0.00986	0.00986	0.03270	0.01920	0.72698	0.02647	0.02284	0.01661	0.00830	0.00675	0.00208	0.00571	0.00675	0.00830	0.01142
27	0.01376	0.01175	0.01375	0.00989	0.01570	0.00886	0.00790	0.01675	0.01409	0.02204	0.03605	0.01515	0.01176	0.00527	0.00507	0.00103	0.00491	0.00425	0.00409	0.77795
28	0.00844	0.00630	0.00847	0.05539	0.01196	0.00606	0.00691	0.00986	0.01310	0.01722	0.03811	0.65276	0.10100	0.01977	0.00839	0.00265	0.00417	0.01783	0.00603	0.00559
29	0.01448	0.01616	0.03397	0.02459	0.03061	0.01503	0.57907	0.01946	0.01574	0.02092	0.02291	0.02607	0.13192	0.00760	0.00792	0.00226	0.00995	0.00899	0.00388	0.00847
30	0.00801	0.00647	0.00714	0.00767	0.00929	0.00559	0.00549	0.00953	0.01445	0.01778	0.05735	0.30297	0.48808	0.01837	0.00815	0.00242	0.00357	0.01585	0.00623	0.00559
31	0.01661	0.01594	0.02724	0.04119	0.72233	0.01594	0.02059	0.02059	0.01528	0.02192	0.01262	0.01661	0.01063	0.00598	0.00664	0.00199	0.00797	0.00598	0.00332	0.01063
32	0.02551	0.01879	0.02014	0.01544	0.02081	0.02081	0.01275	0.69996	0.03155	0.04229	0.01611	0.01611	0.01141	0.00805	0.00671	0.00201	0.00738	0.00604	0.00671	0.01141
33	0.01632	0.01565	0.02672	0.09246	0.67329	0.01587	0.02045	0.02034	0.01514	0.02157	0.01257	0.01670	0.01051	0.00603	0.00665	0.00201	0.00804	0.00598	0.00330	0.01040
34	0.01661	0.01594	0.02724	0.04119	0.72233	0.01594	0.02059	0.02059	0.01528	0.02192	0.01262	0.01661	0.01063	0.00598	0.00664	0.00199	0.00797	0.00598	0.00332	0.01063
35	0.01641	0.01600	0.02808	0.06272	0.64084	0.01600	0.07949	0.02056	0.01527	0.02173	0.01268	0.01678	0.01054	0.00597	0.00676	0.00202	0.00829	0.00615	0.00332	0.01039
36	0.02459	0.01885	0.02208	0.01678	0.02224	0.03982	0.08734	0.58606	0.02909	0.06125	0.01601	0.01643	0.01137	0.00777	0.00683	0.00203	0.00789	0.00622	0.00631	0.01105
37	0.00818	0.00584	0.00779	0.00934	0.00973	0.00545	0.00623	0.00934	0.01285	0.01713	0.03698	0.75981	0.04438	0.02102	0.00856	0.00273	0.00389	0.01908	0.00623	0.00545
38	0.01764	0.01779	0.05088	0.04196	0.02813	0.07319	0.38735	0.05879	0.06158	0.08261	0.01672	0.06799	0.01350	0.00769	0.00812	0.00225	0.04247	0.00793	0.00436	0.00904
39	0.01398	0.01365	0.01921	0.01668	0.01684	0.01889	0.01382	0.01558	0.01035	0.01607	0.01006	0.01628	0.00990	0.01703	0.12005	0.00401	0.65137	0.00605	0.00303	0.00716
40	0.00888	0.00634	0.00859	0.01015	0.01085	0.00606	0.00745	0.01056	0.01354	0.01792	0.03659	0.57720	0.04284	0.02036	0.00875	0.00282	0.00450	0.19474	0.00622	0.00564
41	0.01661	0.01594	0.02724	0.04119	0.72233	0.01594	0.02059	0.02059	0.01528	0.02192	0.01262	0.01661	0.01063	0.00598	0.00664	0.00199	0.00797	0.00598	0.00332	0.01063
42	0.01740	0.01679	0.02653	0.03890	0.65789	0.04811	0.01988	0.05320	0.01622	0.02265	0.01269	0.01638	0.01058	0.00612	0.00662	0.00198	0.00813	0.00591	0.00349	0.01054
43	0.00818	0.00584	0.00779	0.00934	0.00973	0.00545	0.00623	0.00934	0.01285	0.01713	0.03698	0.75981	0.04438	0.02102	0.00856	0.00273	0.00389	0.01908	0.00623	0.00545
44	0.02362	0.02584	0.02115	0.04024	0.09141	0.44930	0.05587	0.13694	0.02037	0.05474	0.01253	0.01424	0.00977	0.00699	0.00638	0.00187	0.01048	0.00515	0.00419	0.00890
45	0.01596	0.01528	0.02606	0.15758	0.61100	0.01577	0.02027	0.02002	0.01497	0.02113	0.01251	0.01682	0.01035	0.00610	0.00665	0.00203	0.00813	0.00598	0.00327	0.01011
46	0.01841	0.01361	0.01519	0.03153	0.01768	0.01510	0.01050	0.11588	0.44428	0.11278	0.06287	0.07004	0.02234	0.00979	0.00697	0.00224	0.00551	0.00820	0.00689	0.01019
47	0.02403	0.01350	0.01601	0.01268	0.01714	0.01385	0.01036	0.30709	0.02321	0.29053	0.05399	0.02181	0.01672	0.01208	0.07024	0.00277	0.00715	0.00671	0.06982	0.01029
48	0.02551	0.01879	0.02014	0.01544	0.02081	0.02081	0.01275	0.69996	0.03155	0.04229	0.01611	0.01611	0.01141	0.00805	0.00671	0.00201	0.00738	0.00604	0.00671	0.01141
49	0.00843	0.00626	0.00833	0.04357	0.01139	0.00595	0.00671	0.00989	0.01338	0.01768	0.07096	0.63088	0.10240	0.01965	0.00839	0.00263	0.00405	0.01770	0.00613	0.00560
50	0.01669	0.01441	0.01517	0.01365	0.01745	0.01669	0.01062	0.03565	0.71021	0.02807	0.02731	0.02503	0.02048	0.00910	0.00683	0.00228	0.00531	0.00759	0.00683	0.01062
51	0.01459	0.02789	0.53324	0.01721	0.02536	0.01375	0.04370	0.02114	0.01540	0.09051	0.11490	0.02030	0.01721	0.00759	0.00668	0.00212	0.00859	0.00626	0.00404	0.00952
52	0.02221	0.01444	0.01762	0.01497	0.04948	0.01512	0.03565	0.24783	0.17955	0.21244	0.09778	0.02367	0.02040	0.00880	0.00692	0.00211	0.00619	0.00730	0.00695	0.01056
53	0.01669	0.01441	0.01517	0.01365	0.01745	0.01669	0.01062	0.03565	0.71021	0.02807	0.02731	0.02503	0.02048	0.00910	0.00683	0.00228	0.00531	0.00759	0.00683	0.01062
54	0.01346	0.03471	0.72942	0.01912	0.02904	0.01558	0.02479	0.02125	0.01417	0.02125	0.01204	0.01417	0.00850	0.00637	0.00637	0.00212	0.00992	0.00496	0.00283	0.00992
55	0.01445	0.01375	0.02335	0.42780	0.35254	0.01538	0.01952	0.01871	0.01426	0.01931	0.01224	0.01731	0.00971	0.00638	0.00668	0.00213	0.00850	0.00597	0.00314	0.00889
56	0.00825	0.00587	0.00776	0.00925	0.00962	0.00550	0.00613	0.00936	0.01270	0.01694	0.03624	0.72638	0.04345	0.05572	0.00976	0.00290	0.00401	0.01864	0.00613	0.00539
57	0.00874	0.00680	0.00795	0.00773	0.00958	0.00600	0.00577	0.01118	0.01711	0.02260	0.40124	0.08087	0.35943	0.01545	0.00794	0.00220	0.00330	0.01329	0.00682	0.00600
58	0.02911	0.01301	0.01656	0.01269	0.01792	0.01222	0.01049	0.17668	0.02187	0.57923	0.02424	0.02139	0.01549	0.00825	0.00674	0.00206	0.00607	0.00660	0.00796	0.01142
59	0.02571	0.01847	0.01993	0.01528	0.02065	0.02032	0.01263	0.67042	0.03100	0.07260	0.01657	0.01641	0.01164	0.00807	0.00671	0.00202	0.00731	0.00607	0.00678	0.01141
60	0.01492	0.01422	0.02419	0.34389	0.43279	0.01550	0.01975	0.01912	0.01448	0.01988	0.01232	0.01716	0.00991	0.00629	0.00667	0.00210	0.00839	0.00597	0.00318	0.00927
61	0.00950	0.00686	0.00897	0.00844	0.01002	0.00633	0.00633	0.01266	0.01899	0.02691	0.71879	0.05012	0.06331	0.01372	0.00791	0.00211	0.00317	0.01213	0.00739	0.00633
62	0.81159	0.01298	0.00986	0.00882	0.01298	0.01505	0.00727	0.01972	0.01142	0.03010	0.00934	0.01090	0.00727	0.00623	0.00415	0.00208	0.00519	0.00363	0.00415	0.00727
63	0.01468	0.01468	0.02055	0.01762	0.01762	0.02055	0.01468	0.01615	0.01028	0.01615	0.00881	0.01468	0.00881	0.01174	0.02202	0.00294	0.75191	0.00587	0.00294	0.00734
64	0.00818	0.00584	0.00779	0.00934	0.00973	0.00545	0.00623	0.00934	0.01285	0.01713	0.03698	0.75981	0.04438	0.02102	0.00856	0.00273	0.00389	0.01908	0.00623	0.00545
65	0.01346	0.03471	0.72942	0.01912	0.02904	0.01558	0.02479	0.02125	0.01417	0.02125	0.01204	0.01417	0.00850	0.00637	0.00637	0.00212	0.00992	0.00496	0.00283	0.00992
66	0.00823	0.00588	0.00784	0.00930	0.00974	0.00549	0.00623	0.00948	0.01311	0.01754	0.06576	0.72985	0.04518	0.02071	0.00854	0.00270	0.00386	0.01878	0.00628	0.00549
67	0.00825	0.00598	0.00779	0.00909	0.00970	0.00553	0.00615	0.00959	0.01346	0.01788	0.08639	0.65808	0.09692	0.02021	0.00847	0.00265	0.00381	0.01822	0.00631	0.00553
68	0.01548	0.01479	0.02520	0.24383	0.52851	0.01565	0.02003	0.01960	0.01474	0.02055	0.01242	0.01697	0.01015	0.00619	0.00666	0.00206	0.00825	0.00597	0.00322	0.00972
69	0.81159	0.01298	0.00986	0.00882	0.01298	0.01505	0.00727	0.01972	0.01142	0.03010	0.00934	0.01090	0.00727	0.00623	0.00415	0.00208	0.00519	0.00363	0.00415	0.00727
70	0.01697	0.01500	0.01530	0.01378	0.01756	0.04067	0.01070	0.03536	0.68721	0.02768	0.02675	0.02460	0.02009	0.00903	0.00680	0.00226	0.00554	0.00748	0.00672	0.01053
71	0.01267	0.01193	0.02013	0.74806	0.04621	0.01491	0.01863	0.01714	0.01342	0.01714	0.01193	0.01789	0.00894	0.00671	0.00671	0.00224	0.00894	0.00596	0.00298	0.00745
72	0.01459	0.01388	0.02359	0.40361	0.37567	0.01541	0.01959	0.01882	0.01432	0.01947	0.01226	0.01726	0.00977	0.00635	0.00668	0.00212	0.00847	0.00597	0.00315	0.00900
73	0.01378	0.03246	0.63615	0.02036	0.02986	0.01577	0.11581	0.02128	0.01439	0.02128	0.01225	0.01470	0.00873	0.00628	0.00658	0.00214	0.01011	0.00536	0.00291	0.00980
74	0.00812	0.00606	0.00756	0.00875	0.00958	0.00550	0.00597	0.00941	0.01341	0.01736	0.04417	0.59854	0.20101	0.02009	0.00842	0.00262	0.00378	0.01794	0.00623	0.00550
75	0.01607	0.03105	0.61723	0.01800	0.02717	0.01468	0.02244	0.02305	0.01496	0.13217	0.01431	0.01553	0.00977	0.00668	0.00643	0.00212	0.00926	0.00524	0.00369	0.01015
76	0.04198	0.01614	0.05839	0.12441	0.52134	0.01566	0.04377	0.02093	0.03321	0.04093	0.01320	0.01691	0.01062	0.00623	0.00661	0.00205	0.00808	0.00599	0.00351	0.01006
77	0.10296	0.01937	0.15710	0.02090	0.12679	0.03868	0.13828	0.10941	0.04035	0.08990	0.03515	0.04187	0.01325	0.00751	0.00708	0.00214	0.02858	0.00657	0.00455	0.00955
78	0.01902	0.04481	0.06306	0.03237	0.47569	0.16406	0.01832	0.02260	0.01616	0.06236	0.01284	0.01573	0.01039	0.00632	0.00644	0.00193	0.00876	0.00555	0.00360	0.00998
79	0.07566	0.06345	0.05901	0.08360	0.51694	0.04689	0.01878	0.02055	0.01487	0.02156	0.01200	0.01560	0.00995	0.00609	0.00628	0.00198	0.00805	0.00554	0.00331	0.00988
80	0.02073	0.02054	0.04845	0.02943	0.39558	0.20951	0.01710	0.05539	0.01745	0.10183	0.01374	0.01600	0.01074	0.00661	0.00649	0.00194	0.00887	0.00559	0.00407	0.00996

[dist]
# distance from previous block
# <min> <max>
0	31

# created by:
# /home/berkeley/.conda/envs/busco_data_prod/bin/msa2prfl.pl pipeline/OGs_align_augustus/4893/40874.fs
