[name]
unknown

[dist]
# distance from previous block
# <min> <max>
47	288

[block]
# block no. 0 follows, 32 sequences, length 7
# corresponding to MSA columns:
# 349-355
name=unknown_A
#
# <colnr> <probs for GDERKNQSTAVLIFYWHMCP>
#	G	D	E	R	K	N	Q	S	T	A	V	L	I	F	Y	W	H	M	C	P
0	0.01568	0.10310	0.02212	0.26396	0.17976	0.01676	0.01559	0.06660	0.03702	0.04077	0.01342	0.01887	0.01135	0.07189	0.01049	0.00251	0.09186	0.00608	0.00367	0.00848
1	0.01991	0.01534	0.01863	0.06823	0.10418	0.01567	0.01247	0.29354	0.08186	0.06851	0.01581	0.01684	0.01182	0.00699	0.00625	0.00178	0.00664	0.00564	0.00541	0.22449
2	0.00989	0.00791	0.01057	0.01070	0.01178	0.00824	0.00781	0.01144	0.01241	0.01740	0.02820	0.49401	0.03258	0.02083	0.08430	0.00337	0.10822	0.01425	0.00524	0.10084
3	0.01427	0.01330	0.01949	0.15543	0.05993	0.01484	0.09013	0.02136	0.18332	0.02101	0.01784	0.09157	0.01559	0.00916	0.00940	0.00223	0.13268	0.00759	0.00443	0.11640
4	0.01026	0.00731	0.00875	0.00894	0.00965	0.00750	0.00603	0.01270	0.07114	0.01653	0.06592	0.12582	0.02967	0.44246	0.07108	0.00536	0.00663	0.08404	0.00494	0.00527
5	0.01952	0.01647	0.01643	0.01292	0.01807	0.09986	0.01031	0.20224	0.12344	0.06223	0.01586	0.01638	0.01208	0.00680	0.00592	0.00160	0.00654	0.00524	0.00528	0.34283
6	0.00909	0.00699	0.00843	0.00922	0.01051	0.00666	0.00663	0.01215	0.07351	0.01905	0.08166	0.43724	0.21333	0.01842	0.00827	0.00256	0.00400	0.05991	0.00634	0.00604

[dist]
# distance from previous block
# <min> <max>
0	1

[block]
# block no. 1 follows, 32 sequences, length 13
# corresponding to MSA columns:
# 357-369
name=unknown_B
#
# <colnr> <probs for GDERKNQSTAVLIFYWHMCP>
#	G	D	E	R	K	N	Q	S	T	A	V	L	I	F	Y	W	H	M	C	P
0	0.13078	0.05733	0.08060	0.01771	0.09143	0.20761	0.04884	0.08768	0.06390	0.10381	0.01510	0.03989	0.01186	0.00743	0.00616	0.00199	0.00836	0.00574	0.00463	0.00916
1	0.02443	0.02723	0.01896	0.01632	0.02044	0.50322	0.01258	0.20032	0.02192	0.02348	0.01196	0.01326	0.00945	0.00708	0.00615	0.00175	0.01040	0.00474	0.00433	0.06198
2	0.05785	0.29174	0.08808	0.01418	0.01968	0.15086	0.01300	0.20416	0.01966	0.06426	0.01254	0.01343	0.00975	0.00680	0.00558	0.00177	0.00819	0.00468	0.00437	0.00942
3	0.02580	0.01249	0.01648	0.01452	0.06347	0.01187	0.01119	0.14520	0.02058	0.46602	0.02500	0.02844	0.01830	0.00950	0.00708	0.00220	0.00621	0.09758	0.00741	0.01065
4	0.01959	0.02250	0.01914	0.21792	0.07272	0.38910	0.01458	0.04836	0.01700	0.01803	0.01303	0.06787	0.01153	0.00801	0.00699	0.00201	0.03410	0.00605	0.00363	0.00784
5	0.01653	0.01325	0.01456	0.01449	0.06882	0.10929	0.03235	0.04909	0.11315	0.10612	0.02500	0.14438	0.05589	0.08659	0.02711	0.05646	0.00693	0.04683	0.00540	0.00775
6	0.01687	0.01692	0.02651	0.03729	0.60229	0.07037	0.05762	0.02068	0.01559	0.02133	0.01468	0.01823	0.03829	0.00646	0.00672	0.00200	0.00829	0.00628	0.00345	0.01013
7	0.01267	0.01193	0.02013	0.74806	0.04621	0.01491	0.01863	0.01714	0.01342	0.01714	0.01193	0.01789	0.00894	0.00671	0.00671	0.00224	0.00894	0.00596	0.00298	0.00745
8	0.02511	0.01810	0.01955	0.01513	0.02038	0.01995	0.01245	0.61802	0.07961	0.07644	0.01745	0.01710	0.01233	0.00814	0.00672	0.00204	0.00715	0.00619	0.00680	0.01135
9	0.02551	0.01879	0.02014	0.01544	0.02081	0.02081	0.01275	0.69996	0.03155	0.04229	0.01611	0.01611	0.01141	0.00805	0.00671	0.00201	0.00738	0.00604	0.00671	0.01141
10	0.00950	0.00816	0.00830	0.00803	0.01057	0.00764	0.00609	0.01430	0.14004	0.01991	0.06067	0.05748	0.59411	0.01558	0.00773	0.00227	0.00374	0.01298	0.00634	0.00655
11	0.00959	0.00719	0.01078	0.01078	0.01198	0.00839	0.00839	0.01198	0.01078	0.01558	0.01797	0.02636	0.01677	0.05032	0.73760	0.01078	0.01797	0.00719	0.00359	0.00599
12	0.02030	0.02164	0.29675	0.01764	0.04528	0.01384	0.08743	0.02633	0.06262	0.28607	0.01853	0.01864	0.01259	0.00738	0.00725	0.00215	0.03379	0.00617	0.00523	0.01037

[dist]
# distance from previous block
# <min> <max>
3	5

[block]
# block no. 2 follows, 32 sequences, length 10
# corresponding to MSA columns:
# 375-384
name=unknown_C
#
# <colnr> <probs for GDERKNQSTAVLIFYWHMCP>
#	G	D	E	R	K	N	Q	S	T	A	V	L	I	F	Y	W	H	M	C	P
0	0.16805	0.01577	0.01688	0.06489	0.13598	0.08494	0.01235	0.02795	0.31616	0.06128	0.01881	0.01915	0.01427	0.00764	0.00621	0.00213	0.00664	0.00611	0.00524	0.00955
1	0.02656	0.01153	0.01521	0.01150	0.01686	0.00966	0.00944	0.02924	0.01805	0.57262	0.02329	0.02088	0.01515	0.00757	0.00636	0.00184	0.00555	0.00614	0.00736	0.18519
2	0.00793	0.00680	0.00680	0.00680	0.00906	0.00566	0.00510	0.00963	0.01529	0.01813	0.06797	0.06457	0.71961	0.01699	0.00793	0.00227	0.00340	0.01416	0.00623	0.00566
3	0.01335	0.01133	0.01331	0.00988	0.01529	0.00860	0.00778	0.01615	0.01381	0.02140	0.01439	0.08735	0.01333	0.00655	0.00532	0.00116	0.00486	0.00546	0.00420	0.72647
4	0.00864	0.00700	0.00778	0.00807	0.01014	0.00614	0.00638	0.01072	0.01556	0.01910	0.10310	0.06598	0.53436	0.01711	0.00821	0.00243	0.00397	0.15321	0.00629	0.00582
5	0.01449	0.01319	0.01979	0.65777	0.04287	0.06114	0.01775	0.01868	0.01412	0.05877	0.01268	0.01781	0.00938	0.00682	0.00667	0.00219	0.00896	0.00590	0.00332	0.00771
6	0.21246	0.02123	0.01685	0.01540	0.04780	0.29277	0.01159	0.10894	0.07744	0.06992	0.01333	0.01446	0.01028	0.00742	0.00677	0.00200	0.05310	0.00497	0.00459	0.00868
7	0.01815	0.01589	0.01573	0.01386	0.05879	0.14903	0.01008	0.07585	0.03734	0.08779	0.05720	0.01971	0.01515	0.06833	0.00864	0.00198	0.02690	0.00571	0.00473	0.30915
8	0.02167	0.01858	0.01982	0.08138	0.11887	0.12831	0.01385	0.35085	0.04918	0.04774	0.03307	0.03669	0.01395	0.00827	0.00675	0.00205	0.00799	0.02555	0.00546	0.00996
9	0.05220	0.01757	0.01843	0.13305	0.07800	0.14030	0.01329	0.16666	0.11089	0.02511	0.01630	0.01815	0.03662	0.00790	0.00764	0.00203	0.06812	0.00593	0.00464	0.07717

[dist]
# distance from previous block
# <min> <max>
1	17

[block]
# block no. 3 follows, 32 sequences, length 16
# corresponding to MSA columns:
# 402-417
name=unknown_D
#
# <colnr> <probs for GDERKNQSTAVLIFYWHMCP>
#	G	D	E	R	K	N	Q	S	T	A	V	L	I	F	Y	W	H	M	C	P
0	0.01501	0.34671	0.21283	0.01304	0.01882	0.01839	0.01381	0.06072	0.01533	0.02003	0.07120	0.09088	0.06017	0.00884	0.00592	0.00188	0.00706	0.00691	0.00398	0.00847
1	0.13180	0.02098	0.07497	0.05849	0.01873	0.31808	0.01158	0.02005	0.01511	0.01865	0.01625	0.06686	0.03639	0.08601	0.05683	0.00303	0.00960	0.02559	0.00388	0.00712
2	0.01759	0.51322	0.20294	0.01387	0.02047	0.06815	0.01487	0.04795	0.01482	0.01822	0.01033	0.01189	0.00870	0.00606	0.00502	0.00164	0.00816	0.00407	0.00305	0.00899
3	0.01723	0.65226	0.14492	0.01269	0.01909	0.02482	0.01359	0.02027	0.01372	0.01665	0.00976	0.01130	0.00859	0.00584	0.00463	0.00154	0.00761	0.00380	0.00286	0.00882
4	0.06676	0.01251	0.01497	0.07297	0.08168	0.06515	0.01062	0.05768	0.01790	0.26957	0.13516	0.05771	0.08890	0.00991	0.00690	0.00210	0.00602	0.00826	0.00631	0.00892
5	0.01647	0.01368	0.05951	0.05736	0.05400	0.03888	0.01154	0.16190	0.04118	0.09142	0.12590	0.09673	0.06098	0.03176	0.03457	0.00266	0.02823	0.05899	0.00581	0.00842
6	0.02551	0.01879	0.02014	0.01544	0.02081	0.02081	0.01275	0.69996	0.03155	0.04229	0.01611	0.01611	0.01141	0.00805	0.00671	0.00201	0.00738	0.00604	0.00671	0.01141
7	0.01479	0.01173	0.01281	0.01159	0.01453	0.03137	0.00920	0.17356	0.15040	0.02758	0.18246	0.07976	0.13674	0.01291	0.00761	0.00230	0.00525	0.10063	0.00662	0.00817
8	0.03998	0.01577	0.02339	0.15229	0.46598	0.06940	0.01811	0.01961	0.01495	0.02052	0.01557	0.01924	0.05443	0.00708	0.00718	0.00207	0.03531	0.00629	0.00347	0.00936
9	0.02551	0.01879	0.02014	0.01544	0.02081	0.02081	0.01275	0.69996	0.03155	0.04229	0.01611	0.01611	0.01141	0.00805	0.00671	0.00201	0.00738	0.00604	0.00671	0.01141
10	0.12061	0.01060	0.01331	0.17899	0.02070	0.01135	0.01020	0.02074	0.10374	0.15289	0.13300	0.03058	0.10078	0.05418	0.00834	0.00243	0.00572	0.00811	0.00572	0.00799
11	0.02433	0.07467	0.02094	0.01485	0.02028	0.02062	0.01241	0.61329	0.02928	0.03923	0.01538	0.01559	0.01112	0.00772	0.00644	0.00192	0.00724	0.00575	0.00628	0.05263
12	0.02551	0.01879	0.02014	0.01544	0.02081	0.02081	0.01275	0.69996	0.03155	0.04229	0.01611	0.01611	0.01141	0.00805	0.00671	0.00201	0.00738	0.00604	0.00671	0.01141
13	0.02499	0.01854	0.01984	0.01533	0.02061	0.02057	0.01263	0.66076	0.07159	0.04145	0.01677	0.01664	0.01195	0.00812	0.00672	0.00203	0.00726	0.00613	0.00672	0.01136
14	0.00933	0.00673	0.00907	0.01053	0.01154	0.00647	0.00819	0.01138	0.01414	0.01849	0.03817	0.41595	0.08169	0.01968	0.00884	0.00286	0.00488	0.31009	0.00621	0.00579
15	0.01843	0.01618	0.01562	0.01395	0.01779	0.09614	0.01083	0.03449	0.59166	0.06919	0.02538	0.02347	0.01894	0.00881	0.00674	0.00220	0.00609	0.00717	0.00654	0.01035

[dist]
# distance from previous block
# <min> <max>
0	4

[block]
# block no. 4 follows, 32 sequences, length 11
# corresponding to MSA columns:
# 422-432
name=unknown_E
#
# <colnr> <probs for GDERKNQSTAVLIFYWHMCP>
#	G	D	E	R	K	N	Q	S	T	A	V	L	I	F	Y	W	H	M	C	P
0	0.01482	0.01412	0.02401	0.36223	0.41526	0.01547	0.01970	0.01903	0.01443	0.01975	0.01231	0.01719	0.00986	0.00631	0.00667	0.00210	0.00841	0.00597	0.00317	0.00919
1	0.08209	0.02190	0.01910	0.01546	0.02023	0.21211	0.01241	0.47076	0.02674	0.03449	0.01409	0.01466	0.01037	0.00762	0.00635	0.00194	0.00849	0.00541	0.00566	0.01014
2	0.00976	0.00651	0.00732	0.00732	0.00732	0.00651	0.00407	0.00976	0.00976	0.01301	0.02114	0.04391	0.02439	0.76419	0.03415	0.00651	0.00651	0.00976	0.00407	0.00407
3	0.00818	0.00584	0.00779	0.00934	0.00973	0.00545	0.00623	0.00934	0.01285	0.01713	0.03698	0.75981	0.04438	0.02102	0.00856	0.00273	0.00389	0.01908	0.00623	0.00545
4	0.01127	0.00781	0.00905	0.00867	0.00938	0.00811	0.00557	0.08188	0.01236	0.01662	0.02143	0.09084	0.02370	0.55807	0.10210	0.00621	0.00759	0.00978	0.00445	0.00513
5	0.66547	0.01269	0.01093	0.00941	0.01375	0.01408	0.00775	0.02215	0.01287	0.16040	0.01255	0.01313	0.00901	0.00662	0.00464	0.00208	0.00529	0.00422	0.00493	0.00804
6	0.00976	0.00651	0.00732	0.00732	0.00732	0.00651	0.00407	0.00976	0.00976	0.01301	0.02114	0.04391	0.02439	0.76419	0.03415	0.00651	0.00651	0.00976	0.00407	0.00407
7	0.00959	0.00719	0.01078	0.01078	0.01198	0.00839	0.00839	0.01198	0.01078	0.01558	0.01797	0.02636	0.01677	0.05032	0.73760	0.01078	0.01797	0.00719	0.00359	0.00599
8	0.06343	0.10960	0.02071	0.06524	0.02106	0.43719	0.01319	0.02304	0.01601	0.01708	0.01001	0.01275	0.00862	0.00763	0.00876	0.00197	0.14808	0.00460	0.00330	0.00774
9	0.07423	0.10986	0.02064	0.01880	0.11829	0.38938	0.01312	0.02531	0.10310	0.01962	0.01352	0.01642	0.01139	0.00729	0.00602	0.00187	0.00943	0.02923	0.00393	0.00854
10	0.01487	0.01619	0.05928	0.22833	0.18919	0.11236	0.03857	0.01849	0.01401	0.01814	0.01304	0.01821	0.01094	0.01591	0.16040	0.00393	0.05077	0.00600	0.00326	0.00811

[dist]
# distance from previous block
# <min> <max>
4	11

[block]
# block no. 5 follows, 32 sequences, length 40
# corresponding to MSA columns:
# 444-483
name=unknown_F
#
# <colnr> <probs for GDERKNQSTAVLIFYWHMCP>
#	G	D	E	R	K	N	Q	S	T	A	V	L	I	F	Y	W	H	M	C	P
0	0.01905	0.04329	0.01952	0.08490	0.17003	0.11529	0.01334	0.07233	0.07393	0.11221	0.01685	0.01830	0.03380	0.00720	0.00670	0.00185	0.02890	0.00579	0.00466	0.15206
1	0.01855	0.01820	0.02169	0.02034	0.12654	0.15200	0.12114	0.08585	0.15383	0.04517	0.03587	0.01979	0.03507	0.00761	0.00720	0.00199	0.03283	0.00653	0.00475	0.08504
2	0.01831	0.04754	0.06578	0.09536	0.38170	0.17181	0.05961	0.02206	0.01595	0.04128	0.01240	0.01567	0.01001	0.00631	0.00650	0.00196	0.00917	0.00562	0.00343	0.00954
3	0.36279	0.01733	0.01606	0.05538	0.01915	0.15936	0.06179	0.10098	0.01640	0.06885	0.03257	0.01500	0.01081	0.00822	0.02742	0.00228	0.00786	0.00505	0.00452	0.00818
4	0.00857	0.00672	0.00775	0.00772	0.00951	0.00590	0.00570	0.01078	0.01647	0.02145	0.31895	0.13418	0.39005	0.01615	0.00799	0.00225	0.00336	0.01390	0.00668	0.00590
5	0.00811	0.00611	0.00750	0.00862	0.00954	0.00551	0.00591	0.00942	0.01355	0.01741	0.04584	0.56103	0.23744	0.01987	0.00838	0.00259	0.00375	0.01767	0.00623	0.00551
6	0.02451	0.01805	0.01943	0.01509	0.02017	0.01993	0.01238	0.66036	0.03048	0.04084	0.01731	0.05876	0.01330	0.00880	0.00682	0.00205	0.00718	0.00679	0.00668	0.01107
7	0.01623	0.01556	0.02655	0.10928	0.65720	0.01584	0.02040	0.02026	0.01510	0.02146	0.01255	0.01673	0.01047	0.00605	0.00665	0.00202	0.00807	0.00598	0.00329	0.01032
8	0.01431	0.09727	0.53539	0.02019	0.02913	0.01683	0.15223	0.02119	0.01444	0.02081	0.01209	0.01461	0.00883	0.00618	0.00648	0.00209	0.00994	0.00540	0.00294	0.00963
9	0.00959	0.00719	0.01078	0.01078	0.01198	0.00839	0.00839	0.01198	0.01078	0.01558	0.01797	0.02636	0.01677	0.05032	0.73760	0.01078	0.01797	0.00719	0.00359	0.00599
10	0.01166	0.00583	0.00874	0.00874	0.00874	0.00583	0.00583	0.00874	0.00874	0.01166	0.01166	0.02040	0.01166	0.02331	0.02622	0.80478	0.00583	0.00583	0.00291	0.00291
11	0.01081	0.00772	0.01081	0.01236	0.01390	0.00772	0.01081	0.01390	0.01545	0.02008	0.03553	0.07569	0.03862	0.01854	0.00927	0.00309	0.00618	0.67717	0.00618	0.00618
12	0.01661	0.01594	0.02724	0.04119	0.72233	0.01594	0.02059	0.02059	0.01528	0.02192	0.01262	0.01661	0.01063	0.00598	0.00664	0.00199	0.00797	0.00598	0.00332	0.01063
13	0.01794	0.76823	0.03516	0.01148	0.01722	0.02655	0.01148	0.02009	0.01363	0.01579	0.00933	0.01076	0.00861	0.00574	0.00431	0.00144	0.00718	0.00359	0.00287	0.00861
14	0.01425	0.16508	0.60603	0.01777	0.02694	0.01753	0.02243	0.02104	0.01407	0.02028	0.01156	0.01356	0.00852	0.00626	0.00601	0.00200	0.00943	0.00471	0.00284	0.00968
15	0.02517	0.01939	0.01989	0.01548	0.02068	0.06174	0.01269	0.63752	0.05518	0.04029	0.01618	0.01620	0.01158	0.00803	0.00668	0.00201	0.00758	0.00600	0.00653	0.01117
16	0.02814	0.01223	0.01584	0.01224	0.01723	0.01127	0.01007	0.13050	0.02102	0.58170	0.06808	0.02354	0.01875	0.00861	0.00682	0.00207	0.00580	0.00698	0.00801	0.01110
17	0.01638	0.01617	0.02536	0.17528	0.54892	0.06070	0.01974	0.02032	0.01515	0.02066	0.01235	0.01657	0.01018	0.00618	0.00662	0.00202	0.00842	0.00587	0.00326	0.00984
18	0.01412	0.14301	0.62692	0.01800	0.02730	0.01720	0.02283	0.02108	0.01409	0.02044	0.01164	0.01366	0.00852	0.00628	0.00607	0.00202	0.00951	0.00476	0.00284	0.00972
19	0.01251	0.00625	0.00625	0.00625	0.00782	0.00625	0.00469	0.01563	0.01407	0.02502	0.02189	0.02502	0.01720	0.00782	0.00469	0.00156	0.00313	0.00625	0.80144	0.00625
20	0.00975	0.00655	0.00753	0.00753	0.00761	0.00662	0.00434	0.00990	0.00982	0.01317	0.02094	0.04282	0.02392	0.71970	0.07800	0.00677	0.00722	0.00960	0.00404	0.00419
21	0.02217	0.06381	0.01754	0.01353	0.01793	0.12439	0.01089	0.19329	0.19056	0.17255	0.02440	0.02314	0.07828	0.00886	0.00661	0.00203	0.00687	0.00689	0.00630	0.00998
22	0.01251	0.00625	0.00625	0.00625	0.00782	0.00625	0.00469	0.01563	0.01407	0.02502	0.02189	0.02502	0.01720	0.00782	0.00469	0.00156	0.00313	0.00625	0.80144	0.00625
23	0.48400	0.01260	0.01221	0.01028	0.01474	0.01351	0.00842	0.02541	0.07794	0.25713	0.01657	0.01609	0.01152	0.00717	0.00524	0.00209	0.00537	0.00501	0.00575	0.00893
24	0.01635	0.01568	0.02677	0.08745	0.67808	0.01587	0.02046	0.02037	0.01516	0.02161	0.01258	0.01669	0.01052	0.00603	0.00665	0.00201	0.00803	0.00598	0.00330	0.01042
25	0.01921	0.01340	0.01570	0.05460	0.01888	0.01332	0.01035	0.12879	0.21171	0.15660	0.02024	0.04005	0.01524	0.00776	0.00628	0.00183	0.00577	0.00634	0.00599	0.24794
26	0.00976	0.00651	0.00732	0.00732	0.00732	0.00651	0.00407	0.00976	0.00976	0.01301	0.02114	0.04391	0.02439	0.76419	0.03415	0.00651	0.00651	0.00976	0.00407	0.00407
27	0.02295	0.02566	0.01817	0.01610	0.01990	0.45454	0.01233	0.11906	0.20003	0.02290	0.01553	0.01599	0.01208	0.00763	0.00634	0.00191	0.00971	0.00540	0.00477	0.00900
28	0.01669	0.01441	0.01517	0.01365	0.01745	0.01669	0.01062	0.03565	0.71021	0.02807	0.02731	0.02503	0.02048	0.00910	0.00683	0.00228	0.00531	0.00759	0.00683	0.01062
29	0.00976	0.00651	0.00732	0.00732	0.00732	0.00651	0.00407	0.00976	0.00976	0.01301	0.02114	0.04391	0.02439	0.76419	0.03415	0.00651	0.00651	0.00976	0.00407	0.00407
30	0.01267	0.01193	0.02013	0.74806	0.04621	0.01491	0.01863	0.01714	0.01342	0.01714	0.01193	0.01789	0.00894	0.00671	0.00671	0.00224	0.00894	0.00596	0.00298	0.00745
31	0.01267	0.01193	0.02013	0.74806	0.04621	0.01491	0.01863	0.01714	0.01342	0.01714	0.01193	0.01789	0.00894	0.00671	0.00671	0.00224	0.00894	0.00596	0.00298	0.00745
32	0.01591	0.01523	0.02597	0.16682	0.60216	0.01576	0.02024	0.01998	0.01495	0.02107	0.01250	0.01683	0.01033	0.00611	0.00665	0.00204	0.00814	0.00598	0.00326	0.01006
33	0.01468	0.01468	0.02055	0.01762	0.01762	0.02055	0.01468	0.01615	0.01028	0.01615	0.00881	0.01468	0.00881	0.01174	0.02202	0.00294	0.75191	0.00587	0.00294	0.00734
34	0.01468	0.01468	0.02055	0.01762	0.01762	0.02055	0.01468	0.01615	0.01028	0.01615	0.00881	0.01468	0.00881	0.01174	0.02202	0.00294	0.75191	0.00587	0.00294	0.00734
35	0.01251	0.00625	0.00625	0.00625	0.00782	0.00625	0.00469	0.01563	0.01407	0.02502	0.02189	0.02502	0.01720	0.00782	0.00469	0.00156	0.00313	0.00625	0.80144	0.00625
36	0.01267	0.01193	0.02013	0.74806	0.04621	0.01491	0.01863	0.01714	0.01342	0.01714	0.01193	0.01789	0.00894	0.00671	0.00671	0.00224	0.00894	0.00596	0.00298	0.00745
37	0.00828	0.00691	0.00728	0.00747	0.00965	0.00591	0.00579	0.01015	0.01531	0.01836	0.06406	0.06592	0.63738	0.01718	0.00809	0.00237	0.00373	0.09422	0.00622	0.00573
38	0.01251	0.00625	0.00625	0.00625	0.00782	0.00625	0.00469	0.01563	0.01407	0.02502	0.02189	0.02502	0.01720	0.00782	0.00469	0.00156	0.00313	0.00625	0.80144	0.00625
39	0.77812	0.01389	0.04003	0.00926	0.01365	0.01507	0.00800	0.01979	0.01153	0.02973	0.00946	0.01104	0.00732	0.00623	0.00425	0.00208	0.00539	0.00369	0.00410	0.00738

[dist]
# distance from previous block
# <min> <max>
0	14

[block]
# block no. 6 follows, 32 sequences, length 6
# corresponding to MSA columns:
# 498-503
name=unknown_G
#
# <colnr> <probs for GDERKNQSTAVLIFYWHMCP>
#	G	D	E	R	K	N	Q	S	T	A	V	L	I	F	Y	W	H	M	C	P
0	0.01607	0.01550	0.02254	0.38260	0.27977	0.07413	0.01840	0.07315	0.01596	0.02075	0.01238	0.01683	0.00971	0.00658	0.00663	0.00209	0.00873	0.00584	0.00343	0.00891
1	0.00950	0.00659	0.00794	0.00807	0.00843	0.00671	0.00506	0.01011	0.01049	0.01407	0.02440	0.10021	0.06214	0.53747	0.15478	0.00672	0.00815	0.01030	0.00428	0.00460
2	0.62887	0.01522	0.01513	0.01246	0.01697	0.07084	0.11384	0.02054	0.01268	0.02773	0.01007	0.01210	0.00782	0.00619	0.00488	0.00208	0.00666	0.00434	0.00398	0.00758
3	0.01183	0.00941	0.01290	0.01196	0.01298	0.01159	0.00943	0.04322	0.01179	0.01755	0.01625	0.02437	0.01525	0.09532	0.39969	0.00722	0.19735	0.00694	0.07851	0.00642
4	0.01993	0.17112	0.10905	0.05044	0.02084	0.09669	0.01404	0.11978	0.01728	0.13001	0.01496	0.01872	0.01203	0.00843	0.00873	0.00211	0.12777	0.04445	0.00453	0.00911
5	0.55850	0.05640	0.05485	0.04678	0.01661	0.01541	0.00963	0.05247	0.01359	0.10590	0.01184	0.01299	0.00872	0.00655	0.00482	0.00205	0.00592	0.00428	0.00452	0.00816

[dist]
# distance from previous block
# <min> <max>
0	2

[block]
# block no. 7 follows, 32 sequences, length 33
# corresponding to MSA columns:
# 506-538
name=unknown_H
#
# <colnr> <probs for GDERKNQSTAVLIFYWHMCP>
#	G	D	E	R	K	N	Q	S	T	A	V	L	I	F	Y	W	H	M	C	P
0	0.01654	0.01631	0.02170	0.22446	0.31011	0.10592	0.01699	0.04720	0.09444	0.02117	0.01512	0.05319	0.01270	0.00745	0.00670	0.00209	0.00823	0.00658	0.00391	0.00919
1	0.01023	0.00740	0.01009	0.01151	0.01296	0.00726	0.00974	0.01295	0.01509	0.01953	0.03838	0.16474	0.09515	0.01874	0.00907	0.00297	0.00565	0.53633	0.00619	0.00604
2	0.01318	0.01245	0.02105	0.65606	0.13421	0.01504	0.01889	0.01759	0.01366	0.01777	0.01202	0.01772	0.00916	0.00661	0.00670	0.00220	0.00882	0.00597	0.00303	0.00787
3	0.00925	0.00685	0.00862	0.00818	0.00987	0.00623	0.00614	0.01218	0.01841	0.02551	0.61551	0.05242	0.16746	0.01424	0.00792	0.00214	0.00320	0.01246	0.00720	0.00623
4	0.01251	0.00625	0.00625	0.00625	0.00782	0.00625	0.00469	0.01563	0.01407	0.02502	0.02189	0.02502	0.01720	0.00782	0.00469	0.00156	0.00313	0.00625	0.80144	0.00625
5	0.06143	0.05215	0.07204	0.12884	0.09882	0.11301	0.03954	0.04759	0.01447	0.01945	0.01491	0.07821	0.01361	0.01703	0.15846	0.00392	0.04818	0.00682	0.00370	0.00783
6	0.06030	0.02577	0.01961	0.05256	0.08251	0.46926	0.01379	0.07944	0.01814	0.01968	0.01089	0.01331	0.00901	0.00741	0.00784	0.00195	0.09182	0.00482	0.00367	0.00824
7	0.01251	0.00625	0.00625	0.00625	0.00782	0.00625	0.00469	0.01563	0.01407	0.02502	0.02189	0.02502	0.01720	0.00782	0.00469	0.00156	0.00313	0.00625	0.80144	0.00625
8	0.01381	0.01168	0.01324	0.01205	0.01359	0.07098	0.00919	0.11092	0.01410	0.01891	0.01664	0.02632	0.01609	0.20228	0.31727	0.00678	0.10822	0.00722	0.00405	0.00663
9	0.05147	0.02527	0.40419	0.11525	0.08740	0.01551	0.06849	0.02237	0.08089	0.04562	0.01400	0.01631	0.01022	0.00665	0.00650	0.00215	0.00893	0.00563	0.00356	0.00959
10	0.01618	0.01725	0.02117	0.01803	0.01881	0.12054	0.04421	0.01787	0.01174	0.01642	0.00923	0.01447	0.00884	0.01080	0.01917	0.00274	0.61628	0.00574	0.00303	0.00748
11	0.01976	0.01013	0.01236	0.01030	0.01376	0.00942	0.00803	0.10391	0.01831	0.31962	0.07377	0.07111	0.17679	0.10887	0.01070	0.00272	0.00527	0.00960	0.00695	0.00861
12	0.01821	0.45708	0.09417	0.01324	0.01841	0.17267	0.01267	0.02091	0.01509	0.01726	0.03232	0.01668	0.01218	0.00708	0.00527	0.00168	0.00818	0.04344	0.02516	0.00829
13	0.02323	0.02461	0.01777	0.01573	0.01956	0.43248	0.01206	0.07616	0.20766	0.07957	0.01669	0.01677	0.01270	0.00770	0.00636	0.00193	0.00941	0.00553	0.00499	0.00910
14	0.00960	0.00692	0.00988	0.00999	0.01087	0.00775	0.00737	0.01127	0.01066	0.01507	0.01960	0.07988	0.01983	0.17425	0.53354	0.04133	0.01447	0.00841	0.00383	0.00549
15	0.01482	0.02968	0.48368	0.01894	0.02687	0.10903	0.10474	0.02105	0.01528	0.02076	0.04728	0.01845	0.04518	0.00720	0.00667	0.00210	0.00975	0.00601	0.00336	0.00916
16	0.01841	0.71940	0.03409	0.01187	0.01746	0.07368	0.01158	0.02054	0.01399	0.01583	0.00940	0.01085	0.00861	0.00582	0.00442	0.00145	0.00750	0.00364	0.00291	0.00856
17	0.02551	0.01879	0.02014	0.01544	0.02081	0.02081	0.01275	0.69996	0.03155	0.04229	0.01611	0.01611	0.01141	0.00805	0.00671	0.00201	0.00738	0.00604	0.00671	0.01141
18	0.02551	0.01879	0.02014	0.01544	0.02081	0.02081	0.01275	0.69996	0.03155	0.04229	0.01611	0.01611	0.01141	0.00805	0.00671	0.00201	0.00738	0.00604	0.00671	0.01141
19	0.01681	0.58310	0.21038	0.01341	0.02020	0.02378	0.01484	0.02038	0.01377	0.01717	0.01001	0.01162	0.00858	0.00590	0.00483	0.00161	0.00787	0.00393	0.00286	0.00894
20	0.07946	0.13614	0.57280	0.01721	0.02606	0.01708	0.02148	0.02096	0.01387	0.02121	0.01144	0.01342	0.00841	0.00627	0.00590	0.00202	0.00914	0.00466	0.00295	0.00952
21	0.01671	0.09874	0.49824	0.01755	0.02601	0.01783	0.02073	0.18098	0.01821	0.02570	0.01275	0.01431	0.00920	0.00671	0.00626	0.00204	0.00907	0.00509	0.00375	0.01015
22	0.02043	0.07604	0.20595	0.01716	0.02352	0.08586	0.07176	0.33248	0.02256	0.02987	0.01391	0.01541	0.01030	0.00875	0.03403	0.00233	0.00919	0.00563	0.00475	0.01009
23	0.03826	0.24792	0.17158	0.01221	0.01732	0.01559	0.01245	0.01871	0.04227	0.06550	0.05671	0.02684	0.12683	0.01353	0.08484	0.00290	0.00787	0.02614	0.00434	0.00819
24	0.03740	0.19011	0.32731	0.01514	0.02204	0.04879	0.01673	0.10410	0.01683	0.05378	0.04503	0.01914	0.04486	0.00763	0.00611	0.00197	0.00812	0.02157	0.00405	0.00928
25	0.01551	0.30817	0.30020	0.01441	0.02126	0.01918	0.01605	0.05224	0.07975	0.02049	0.01776	0.01860	0.07508	0.00744	0.00579	0.00188	0.00773	0.00558	0.00371	0.00916
26	0.01423	0.05264	0.14796	0.01589	0.02068	0.03427	0.13856	0.02149	0.15149	0.03859	0.06816	0.05455	0.06127	0.01170	0.04071	0.00264	0.00784	0.07576	0.03308	0.00849
27	0.01934	0.07887	0.15487	0.01542	0.02080	0.11204	0.07710	0.09171	0.07457	0.14780	0.03691	0.05080	0.05040	0.03039	0.00746	0.00218	0.00792	0.00702	0.00511	0.00927
28	0.03867	0.10697	0.05610	0.01622	0.04036	0.01659	0.10910	0.15892	0.01786	0.05684	0.08164	0.08972	0.04294	0.00987	0.00926	0.00222	0.12522	0.00795	0.00489	0.00866
29	0.08544	0.11611	0.08391	0.01294	0.01651	0.08212	0.01146	0.07159	0.01571	0.04560	0.10482	0.08293	0.03682	0.01206	0.04376	0.00255	0.10818	0.02723	0.00462	0.03564
30	0.07129	0.07204	0.14103	0.01670	0.05229	0.08907	0.09614	0.01951	0.05616	0.02040	0.04187	0.08069	0.04180	0.01157	0.05512	0.00269	0.07546	0.00722	0.00401	0.04492
31	0.05587	0.05297	0.06786	0.04853	0.02403	0.08670	0.22896	0.02106	0.06175	0.04937	0.03866	0.02452	0.04696	0.00828	0.00765	0.00215	0.04275	0.06165	0.00428	0.06600
32	0.05742	0.18138	0.04549	0.06693	0.01943	0.06555	0.01165	0.15054	0.01875	0.12508	0.11442	0.02013	0.01809	0.00809	0.00672	0.00191	0.03670	0.00610	0.00517	0.04046

[dist]
# distance from previous block
# <min> <max>
1	64

[block]
# block no. 8 follows, 32 sequences, length 22
# corresponding to MSA columns:
# 617-638
name=unknown_I
#
# <colnr> <probs for GDERKNQSTAVLIFYWHMCP>
#	G	D	E	R	K	N	Q	S	T	A	V	L	I	F	Y	W	H	M	C	P
0	0.09401	0.01597	0.04002	0.11198	0.02151	0.08016	0.02301	0.17282	0.13004	0.06719	0.03925	0.04717	0.01536	0.04014	0.00757	0.00222	0.00704	0.00660	0.00527	0.07266
1	0.09213	0.06184	0.02048	0.03376	0.07501	0.16911	0.11188	0.04434	0.05993	0.02116	0.01789	0.04428	0.04918	0.02656	0.00784	0.00216	0.03981	0.05250	0.00422	0.06591
2	0.01606	0.01706	0.02031	0.09379	0.10031	0.18008	0.11392	0.01998	0.05414	0.01959	0.04755	0.10321	0.03632	0.00938	0.00795	0.00212	0.05563	0.02927	0.00421	0.06911
3	0.03615	0.07322	0.08326	0.09655	0.08465	0.07328	0.29219	0.03790	0.01609	0.04385	0.05993	0.02021	0.03773	0.00702	0.00700	0.00210	0.00923	0.00702	0.00388	0.00875
4	0.04370	0.16540	0.13516	0.04355	0.11962	0.11486	0.08825	0.07619	0.03742	0.04159	0.01263	0.01472	0.00991	0.00637	0.00603	0.00185	0.00858	0.00520	0.00376	0.06520
5	0.01534	0.25224	0.27809	0.01512	0.04423	0.06002	0.01570	0.02044	0.04679	0.01977	0.04522	0.01786	0.05054	0.00708	0.00577	0.00179	0.00780	0.00537	0.00358	0.08726
6	0.01298	0.00823	0.01019	0.00953	0.01179	0.00787	0.00725	0.01705	0.08733	0.12895	0.27463	0.12401	0.15829	0.04041	0.04849	0.00286	0.00490	0.03122	0.00679	0.00723
7	0.01123	0.00985	0.01012	0.00976	0.01168	0.07855	0.00696	0.01279	0.01319	0.01716	0.02895	0.27068	0.10988	0.14002	0.09666	0.00382	0.00689	0.01150	0.00491	0.14540
8	0.06332	0.00929	0.01000	0.01002	0.01142	0.04205	0.00705	0.08429	0.01455	0.04412	0.02747	0.37150	0.03079	0.20118	0.01426	0.00349	0.00552	0.03794	0.00555	0.00619
9	0.01200	0.04329	0.05366	0.04216	0.01428	0.07919	0.00904	0.01397	0.01405	0.05016	0.03117	0.41997	0.07416	0.05398	0.00915	0.00267	0.00575	0.05946	0.00546	0.00643
10	0.06442	0.16694	0.02349	0.01906	0.10827	0.35810	0.03623	0.04658	0.01665	0.01878	0.01056	0.01292	0.00897	0.00697	0.00721	0.00186	0.07649	0.00467	0.00343	0.00840
11	0.06611	0.46769	0.02881	0.01521	0.07298	0.18129	0.01242	0.02140	0.01466	0.01727	0.00979	0.01170	0.00871	0.00632	0.00568	0.00165	0.04268	0.00405	0.00311	0.00845
12	0.05215	0.55690	0.10873	0.01253	0.01846	0.04353	0.01270	0.02185	0.05511	0.04803	0.01145	0.01254	0.00958	0.00617	0.00483	0.00162	0.00736	0.00413	0.00340	0.00891
13	0.01733	0.66860	0.12945	0.01252	0.01883	0.02506	0.01329	0.02025	0.01371	0.01653	0.00970	0.01123	0.00860	0.00583	0.00459	0.00153	0.00755	0.00377	0.00287	0.00879
14	0.01256	0.00790	0.00981	0.00904	0.01141	0.00723	0.00703	0.01596	0.04758	0.12780	0.38688	0.05012	0.21085	0.01381	0.00779	0.00221	0.00388	0.05394	0.00714	0.00710
15	0.01564	0.01721	0.03531	0.06124	0.10151	0.01718	0.52204	0.02060	0.01504	0.02073	0.01286	0.01755	0.01001	0.00643	0.00935	0.00231	0.09534	0.00740	0.00332	0.00894
16	0.02551	0.01879	0.02014	0.01544	0.02081	0.02081	0.01275	0.69996	0.03155	0.04229	0.01611	0.01611	0.01141	0.00805	0.00671	0.00201	0.00738	0.00604	0.00671	0.01141
17	0.00810	0.00675	0.00707	0.00710	0.00920	0.00572	0.00529	0.00992	0.01554	0.01896	0.13242	0.10112	0.61600	0.01688	0.00796	0.00228	0.00340	0.01422	0.00635	0.00572
18	0.00868	0.00652	0.00813	0.00895	0.01019	0.00596	0.00659	0.01057	0.01481	0.01931	0.14970	0.36911	0.22636	0.01848	0.00839	0.00256	0.00397	0.10956	0.00640	0.00575
19	0.01710	0.01462	0.01540	0.01374	0.01760	0.01688	0.01072	0.06639	0.67881	0.02873	0.02679	0.02462	0.02006	0.00905	0.00682	0.00226	0.00541	0.00751	0.00682	0.01066
20	0.02179	0.02019	0.01769	0.01515	0.01920	0.21321	0.01190	0.20437	0.29325	0.06016	0.01919	0.01879	0.01437	0.00828	0.00706	0.00207	0.03129	0.00621	0.00583	0.00999
21	0.42050	0.07104	0.01419	0.01166	0.05395	0.01412	0.00894	0.05010	0.01511	0.15810	0.10685	0.01884	0.01689	0.00763	0.00539	0.00202	0.00542	0.00557	0.00531	0.00838

[dist]
# distance from previous block
# <min> <max>
2	4

[block]
# block no. 9 follows, 32 sequences, length 33
# corresponding to MSA columns:
# 643-675
name=unknown_J
#
# <colnr> <probs for GDERKNQSTAVLIFYWHMCP>
#	G	D	E	R	K	N	Q	S	T	A	V	L	I	F	Y	W	H	M	C	P
0	0.01755	0.01752	0.02442	0.10349	0.49573	0.10867	0.01836	0.05048	0.01621	0.02164	0.01238	0.01597	0.01020	0.00620	0.00648	0.00193	0.00840	0.00565	0.00349	0.05523
1	0.00912	0.00693	0.00985	0.11454	0.01521	0.00703	0.00829	0.01109	0.01374	0.01835	0.10544	0.53679	0.04098	0.01806	0.00828	0.00261	0.00468	0.05726	0.00589	0.00587
2	0.01011	0.00735	0.00872	0.00850	0.00862	0.00790	0.00535	0.01041	0.01022	0.01379	0.02275	0.08100	0.05416	0.61125	0.03032	0.00574	0.08506	0.01005	0.00416	0.00456
3	0.00966	0.00762	0.00993	0.07951	0.04295	0.00744	0.00783	0.01230	0.03118	0.01997	0.17271	0.22209	0.23398	0.04806	0.00897	0.00253	0.00447	0.03918	0.03344	0.00620
4	0.02204	0.01632	0.01843	0.01460	0.01937	0.01768	0.03704	0.48605	0.08719	0.06350	0.02361	0.02516	0.08497	0.00950	0.00702	0.00213	0.00682	0.04158	0.00659	0.01041
5	0.01669	0.01441	0.01517	0.01365	0.01745	0.01669	0.01062	0.03565	0.71021	0.02807	0.02731	0.02503	0.02048	0.00910	0.00683	0.00228	0.00531	0.00759	0.00683	0.01062
6	0.01391	0.01193	0.01391	0.00994	0.01590	0.00894	0.00795	0.01690	0.01391	0.02186	0.01193	0.01391	0.00994	0.00497	0.00497	0.00099	0.00497	0.00398	0.00398	0.80521
7	0.01575	0.01560	0.09056	0.01223	0.01815	0.01245	0.01078	0.10222	0.14097	0.02535	0.01520	0.01620	0.01185	0.00623	0.00566	0.00147	0.00584	0.00497	0.00469	0.48382
8	0.01391	0.01193	0.01391	0.00994	0.01590	0.00894	0.00795	0.01690	0.01391	0.02186	0.01193	0.01391	0.00994	0.00497	0.00497	0.00099	0.00497	0.00398	0.00398	0.80521
9	0.01298	0.01094	0.01292	0.00984	0.01490	0.00838	0.00767	0.01567	0.01374	0.02110	0.01598	0.13470	0.01552	0.00757	0.00555	0.00127	0.00479	0.00642	0.00434	0.67570
10	0.01391	0.01193	0.01391	0.00994	0.01590	0.00894	0.00795	0.01690	0.01391	0.02186	0.01193	0.01391	0.00994	0.00497	0.00497	0.00099	0.00497	0.00398	0.00398	0.80521
11	0.01591	0.01523	0.02597	0.16665	0.60233	0.01576	0.02024	0.01998	0.01495	0.02107	0.01250	0.01683	0.01033	0.00611	0.00665	0.00204	0.00814	0.00598	0.00326	0.01006
12	0.01081	0.00772	0.01081	0.01236	0.01390	0.00772	0.01081	0.01390	0.01545	0.02008	0.03553	0.07569	0.03862	0.01854	0.00927	0.00309	0.00618	0.67717	0.00618	0.00618
13	0.02863	0.01175	0.01553	0.01213	0.01716	0.01061	0.00995	0.03303	0.09521	0.65010	0.02656	0.02308	0.01704	0.00839	0.00676	0.00210	0.00567	0.00684	0.00814	0.01133
14	0.00793	0.00680	0.00680	0.00680	0.00906	0.00566	0.00510	0.00963	0.01529	0.01813	0.06797	0.06457	0.71961	0.01699	0.00793	0.00227	0.00340	0.01416	0.00623	0.00566
15	0.01391	0.01193	0.01391	0.00994	0.01590	0.00894	0.00795	0.01690	0.01391	0.02186	0.01193	0.01391	0.00994	0.00497	0.00497	0.00099	0.00497	0.00398	0.00398	0.80521
16	0.03010	0.01142	0.01557	0.01194	0.01713	0.00986	0.00986	0.03270	0.01920	0.72698	0.02647	0.02284	0.01661	0.00830	0.00675	0.00208	0.00571	0.00675	0.00830	0.01142
17	0.01669	0.01449	0.01579	0.01507	0.05367	0.01665	0.01113	0.03488	0.67450	0.02775	0.02656	0.02460	0.01998	0.00894	0.00682	0.00226	0.00545	0.00750	0.00665	0.01062
18	0.01408	0.01336	0.02267	0.49541	0.28787	0.01528	0.01933	0.01838	0.01408	0.01885	0.01217	0.01743	0.00955	0.00645	0.00668	0.00215	0.00860	0.00597	0.00310	0.00859
19	0.01585	0.01774	0.03754	0.02890	0.09577	0.01706	0.60319	0.02115	0.01551	0.02126	0.01325	0.01780	0.01015	0.00599	0.00851	0.00227	0.04796	0.00764	0.00336	0.00911
20	0.81159	0.01298	0.00986	0.00882	0.01298	0.01505	0.00727	0.01972	0.01142	0.03010	0.00934	0.01090	0.00727	0.00623	0.00415	0.00208	0.00519	0.00363	0.00415	0.00727
21	0.23284	0.02778	0.50247	0.01600	0.02414	0.01520	0.01937	0.02131	0.01362	0.05313	0.01190	0.01363	0.00850	0.00642	0.00578	0.00211	0.00845	0.00467	0.00342	0.00925
22	0.02551	0.01879	0.02014	0.01544	0.02081	0.02081	0.01275	0.69996	0.03155	0.04229	0.01611	0.01611	0.01141	0.00805	0.00671	0.00201	0.00738	0.00604	0.00671	0.01141
23	0.00818	0.00584	0.00779	0.00934	0.00973	0.00545	0.00623	0.00934	0.01285	0.01713	0.03698	0.75981	0.04438	0.02102	0.00856	0.00273	0.00389	0.01908	0.00623	0.00545
24	0.01346	0.03471	0.72942	0.01912	0.02904	0.01558	0.02479	0.02125	0.01417	0.02125	0.01204	0.01417	0.00850	0.00637	0.00637	0.00212	0.00992	0.00496	0.00283	0.00992
25	0.00793	0.00680	0.00680	0.00680	0.00906	0.00566	0.00510	0.00963	0.01529	0.01813	0.06797	0.06457	0.71961	0.01699	0.00793	0.00227	0.00340	0.01416	0.00623	0.00566
26	0.02381	0.01667	0.01816	0.01419	0.01890	0.01818	0.01148	0.54421	0.05407	0.09440	0.01794	0.02006	0.01361	0.09129	0.00974	0.00252	0.00707	0.00657	0.00656	0.01057
27	0.01107	0.00773	0.00886	0.00823	0.00919	0.00764	0.00528	0.06089	0.01313	0.01796	0.13939	0.04145	0.02937	0.54313	0.02622	0.00515	0.00592	0.00960	0.00482	0.04496
28	0.01600	0.21707	0.02142	0.01299	0.03568	0.03851	0.01074	0.03639	0.06120	0.02011	0.01186	0.01401	0.01014	0.00667	0.00769	0.00158	0.12220	0.00453	0.00375	0.34747
29	0.02243	0.06717	0.01882	0.01436	0.01881	0.16832	0.01155	0.33689	0.06795	0.06984	0.05520	0.05476	0.01596	0.00859	0.00652	0.00194	0.00763	0.00657	0.00579	0.04091
30	0.08262	0.04907	0.09471	0.01706	0.09313	0.18342	0.03175	0.09318	0.01740	0.06275	0.03748	0.06695	0.03935	0.00975	0.02581	0.00223	0.00829	0.03216	0.00455	0.04834
31	0.05368	0.03834	0.01737	0.08834	0.02067	0.15196	0.03595	0.15423	0.09999	0.07248	0.01864	0.07277	0.01610	0.04209	0.03497	0.00261	0.00812	0.04037	0.00515	0.02617
32	0.08490	0.06795	0.01735	0.01376	0.01751	0.23211	0.03493	0.10082	0.09228	0.02323	0.06530	0.07016	0.05186	0.00900	0.00673	0.00194	0.02733	0.00693	0.00483	0.07109

[dist]
# distance from previous block
# <min> <max>
18	79

[block]
# block no. 10 follows, 32 sequences, length 23
# corresponding to MSA columns:
# 768-790
name=unknown_K
#
# <colnr> <probs for GDERKNQSTAVLIFYWHMCP>
#	G	D	E	R	K	N	Q	S	T	A	V	L	I	F	Y	W	H	M	C	P
0	0.09217	0.01711	0.01999	0.16440	0.14607	0.13429	0.03543	0.09459	0.03707	0.02218	0.01454	0.03357	0.03481	0.00816	0.00869	0.00219	0.11614	0.00615	0.00394	0.00850
1	0.01698	0.01602	0.01937	0.06326	0.28181	0.11851	0.01398	0.11427	0.01737	0.02259	0.04784	0.05316	0.04134	0.09467	0.00982	0.00249	0.00768	0.00720	0.00432	0.04733
2	0.01949	0.01829	0.01650	0.03688	0.04941	0.22455	0.01102	0.12889	0.03758	0.06987	0.05676	0.08085	0.01657	0.00834	0.00634	0.00177	0.00756	0.00660	0.00495	0.19779
3	0.06511	0.01624	0.02313	0.01761	0.02251	0.01712	0.19329	0.28605	0.04683	0.02992	0.03427	0.05004	0.01367	0.00810	0.00814	0.00211	0.07069	0.00699	0.00511	0.08307
4	0.05102	0.01258	0.01490	0.05832	0.10921	0.06920	0.01118	0.03964	0.08817	0.11152	0.04665	0.14175	0.10229	0.01192	0.00788	0.00231	0.03764	0.07005	0.00558	0.00818
5	0.17218	0.01802	0.01694	0.05758	0.04039	0.17356	0.01199	0.10544	0.07308	0.02371	0.01459	0.01670	0.03951	0.00838	0.00918	0.00215	0.15990	0.00553	0.00427	0.04691
6	0.02386	0.02112	0.01991	0.05563	0.02191	0.18468	0.01327	0.45488	0.02602	0.03294	0.01399	0.01517	0.01044	0.00801	0.00777	0.00203	0.06722	0.00563	0.00547	0.01004
7	0.00848	0.00609	0.00790	0.00922	0.00978	0.00571	0.00630	0.00972	0.01294	0.01706	0.03763	0.60566	0.08717	0.08211	0.01069	0.00303	0.00424	0.06482	0.00605	0.00540
8	0.05685	0.01300	0.02137	0.52943	0.21532	0.01518	0.01851	0.01815	0.01378	0.01905	0.01196	0.01719	0.00928	0.00650	0.00655	0.00217	0.00850	0.00584	0.00313	0.00825
9	0.01452	0.01399	0.02345	0.38078	0.14951	0.01611	0.10010	0.04344	0.01426	0.01945	0.01194	0.01701	0.00948	0.00717	0.00898	0.00224	0.11619	0.00611	0.00326	0.04200
10	0.02364	0.01786	0.01908	0.01506	0.02010	0.01993	0.01230	0.55897	0.17558	0.03927	0.01849	0.01800	0.01334	0.00828	0.00674	0.00207	0.00694	0.00637	0.00674	0.01124
11	0.00974	0.00750	0.00828	0.00822	0.00995	0.00698	0.00588	0.06478	0.01546	0.01959	0.08744	0.21078	0.37542	0.12524	0.01177	0.00295	0.00426	0.01385	0.00602	0.00588
12	0.01486	0.01061	0.01167	0.01025	0.01210	0.01129	0.00719	0.22932	0.03985	0.02308	0.02091	0.08702	0.02162	0.44526	0.02268	0.00467	0.00655	0.00919	0.00515	0.00671
13	0.07902	0.02478	0.01982	0.01682	0.02053	0.39623	0.04592	0.18412	0.02025	0.02372	0.01163	0.01356	0.00930	0.00765	0.00807	0.00199	0.09873	0.00504	0.00421	0.00861
14	0.01153	0.00952	0.01318	0.04449	0.01525	0.03989	0.03570	0.05316	0.01264	0.01746	0.01711	0.02448	0.01553	0.04244	0.60468	0.00920	0.01646	0.00698	0.00374	0.00656
15	0.05577	0.00720	0.00877	0.00877	0.01048	0.00690	0.00670	0.01217	0.01618	0.02276	0.35630	0.12761	0.18351	0.01808	0.06605	0.00299	0.00486	0.07237	0.00643	0.00612
16	0.32454	0.01927	0.01570	0.01323	0.01763	0.17786	0.01059	0.25495	0.05777	0.03112	0.01286	0.01371	0.00971	0.00716	0.00560	0.00199	0.00749	0.00482	0.00502	0.00898
17	0.14104	0.02051	0.02002	0.04841	0.08217	0.23952	0.08615	0.16401	0.04410	0.02517	0.01326	0.01635	0.01071	0.05090	0.00784	0.00224	0.00892	0.00561	0.00436	0.00872
18	0.15297	0.01917	0.01842	0.01905	0.14625	0.21847	0.01289	0.06739	0.05066	0.14567	0.01447	0.01569	0.01093	0.00746	0.00741	0.00204	0.07183	0.00533	0.00472	0.00918
19	0.01951	0.01964	0.01989	0.17640	0.13095	0.21703	0.01476	0.13540	0.13149	0.02371	0.01478	0.01683	0.01142	0.00721	0.00648	0.00199	0.00871	0.00572	0.00443	0.03365
20	0.09832	0.01730	0.01728	0.06806	0.04548	0.15232	0.03234	0.14937	0.06051	0.05083	0.03304	0.01960	0.06155	0.00803	0.00713	0.00194	0.05004	0.00606	0.00480	0.11600
21	0.05604	0.05589	0.04054	0.01470	0.01975	0.18678	0.04664	0.17122	0.05320	0.16892	0.01601	0.01625	0.01160	0.00714	0.00618	0.00184	0.00794	0.00544	0.00535	0.10859
22	0.01733	0.07907	0.04962	0.01696	0.08357	0.09192	0.09024	0.06112	0.01656	0.11121	0.04258	0.10083	0.06270	0.01091	0.02514	0.00232	0.03458	0.04685	0.00493	0.05156

[dist]
# distance from previous block
# <min> <max>
3	32

[block]
# block no. 11 follows, 32 sequences, length 35
# corresponding to MSA columns:
# 823-857
name=unknown_L
#
# <colnr> <probs for GDERKNQSTAVLIFYWHMCP>
#	G	D	E	R	K	N	Q	S	T	A	V	L	I	F	Y	W	H	M	C	P
0	0.01697	0.07629	0.02070	0.01543	0.01984	0.04494	0.13655	0.09004	0.18502	0.06698	0.04115	0.02839	0.04773	0.01074	0.03462	0.00246	0.00749	0.08324	0.00540	0.06601
1	0.03324	0.01474	0.04531	0.03539	0.04690	0.07970	0.02620	0.06108	0.17552	0.04553	0.02418	0.13214	0.06500	0.01047	0.00735	0.00211	0.03175	0.03371	0.00529	0.12438
2	0.13886	0.16209	0.04591	0.01492	0.01994	0.04863	0.09717	0.17925	0.03667	0.02602	0.01252	0.01452	0.00995	0.00807	0.02682	0.00215	0.06052	0.00519	0.00429	0.08651
3	0.02157	0.01949	0.01945	0.01687	0.06041	0.22187	0.06798	0.17521	0.01986	0.10979	0.01667	0.01911	0.03470	0.05712	0.00890	0.00221	0.03738	0.00610	0.00492	0.08040
4	0.02270	0.01394	0.01596	0.01317	0.03645	0.05204	0.01027	0.14977	0.08677	0.29414	0.08937	0.02232	0.01897	0.00819	0.00654	0.00189	0.00602	0.00663	0.00668	0.13818
5	0.01989	0.25292	0.02276	0.01500	0.04536	0.31551	0.01181	0.06096	0.01696	0.01843	0.01391	0.08438	0.01331	0.00819	0.00586	0.00176	0.00879	0.02859	0.00384	0.05177
6	0.02143	0.06326	0.01989	0.10844	0.02309	0.17210	0.01300	0.30258	0.08890	0.02861	0.01456	0.01584	0.01105	0.00750	0.00674	0.00193	0.02815	0.00553	0.00505	0.06236
7	0.00916	0.05719	0.00950	0.00785	0.00998	0.00727	0.00603	0.01136	0.01631	0.02097	0.28917	0.10150	0.39927	0.01537	0.00773	0.00219	0.00360	0.01308	0.00641	0.00608
8	0.01056	0.00920	0.00882	0.00859	0.01076	0.05475	0.00642	0.05670	0.01594	0.01918	0.05245	0.10632	0.47635	0.08500	0.01026	0.00268	0.00471	0.04938	0.00588	0.00605
9	0.38174	0.01572	0.07365	0.07052	0.11769	0.01584	0.01268	0.09562	0.01503	0.07707	0.01214	0.01415	0.00918	0.00695	0.00651	0.00213	0.05542	0.00488	0.00434	0.00872
10	0.02217	0.02695	0.01969	0.01866	0.06652	0.54050	0.05260	0.02565	0.07499	0.01808	0.01386	0.06333	0.01220	0.00789	0.00643	0.00189	0.01068	0.00588	0.00391	0.00812
11	0.05898	0.00708	0.00898	0.00943	0.01068	0.00691	0.00669	0.01265	0.01341	0.08149	0.08431	0.43980	0.05492	0.07395	0.09467	0.00377	0.00589	0.01434	0.00592	0.00613
12	0.22874	0.07411	0.01653	0.01248	0.01702	0.11495	0.01018	0.10348	0.12091	0.21217	0.01744	0.01690	0.01246	0.00747	0.00580	0.00200	0.00670	0.00541	0.00574	0.00950
