[name]
unknown

[dist]
# distance from previous block
# <min> <max>
0	25

[block]
# block no. 0 follows, 33 sequences, length 21
# corresponding to MSA columns:
# 25-45
name=unknown_A
#
# <colnr> <probs for GDERKNQSTAVLIFYWHMCP>
#	G	D	E	R	K	N	Q	S	T	A	V	L	I	F	Y	W	H	M	C	P
0	0.01719	0.17665	0.08654	0.01261	0.01680	0.07277	0.01151	0.09367	0.04313	0.10307	0.04785	0.02985	0.05930	0.01209	0.03824	0.03707	0.00733	0.12118	0.00497	0.00819
1	0.03235	0.17571	0.16372	0.09126	0.10680	0.04630	0.14635	0.07911	0.01586	0.02129	0.03182	0.03590	0.01160	0.00673	0.00626	0.00196	0.00856	0.00595	0.00355	0.00893
2	0.01247	0.01255	0.07724	0.04501	0.05680	0.06987	0.01065	0.01614	0.05340	0.03284	0.01827	0.02521	0.03154	0.10867	0.35921	0.00654	0.01237	0.00691	0.03743	0.00688
3	0.00901	0.00684	0.00794	0.00769	0.00921	0.00623	0.00542	0.01069	0.01409	0.01863	0.21078	0.08016	0.27667	0.20893	0.05714	0.00369	0.00499	0.01162	0.00559	0.04469
4	0.01316	0.01035	0.01525	0.06736	0.15794	0.01026	0.04033	0.05799	0.03360	0.06343	0.25482	0.12245	0.10282	0.01156	0.00735	0.00215	0.00533	0.01035	0.00573	0.00776
5	0.06737	0.22555	0.02347	0.04853	0.16193	0.16698	0.01329	0.04956	0.14288	0.02091	0.01357	0.01501	0.01101	0.00667	0.00566	0.00182	0.00781	0.00504	0.00395	0.00902
6	0.01729	0.29956	0.25796	0.01802	0.09590	0.01956	0.05402	0.08843	0.01585	0.05841	0.01212	0.01377	0.00939	0.00621	0.00567	0.00182	0.00816	0.00483	0.00353	0.00951
7	0.01505	0.17042	0.50073	0.01743	0.02577	0.01743	0.06040	0.04212	0.03456	0.03969	0.01233	0.01409	0.00909	0.00627	0.00599	0.00197	0.00899	0.00493	0.00319	0.00954
8	0.01733	0.72745	0.07729	0.01172	0.01761	0.02539	0.01206	0.01978	0.01341	0.01582	0.00932	0.01076	0.00844	0.00567	0.00435	0.00145	0.00720	0.00360	0.00281	0.00853
9	0.00819	0.00632	0.00748	0.00797	0.00934	0.00561	0.00568	0.00994	0.01481	0.01915	0.18822	0.33284	0.32573	0.01756	0.00802	0.00237	0.00348	0.01536	0.00634	0.00561
10	0.02446	0.01065	0.01415	0.01096	0.01567	0.00907	0.00893	0.02714	0.01807	0.53249	0.12076	0.02487	0.02171	0.00842	0.00653	0.00189	0.00515	0.00696	0.00741	0.12471
11	0.00996	0.00691	0.00839	0.00824	0.00853	0.00741	0.00531	0.01062	0.01002	0.01405	0.01961	0.03751	0.02142	0.55985	0.15394	0.00664	0.04760	0.00874	0.05065	0.00461
12	0.01320	0.03405	0.73453	0.01876	0.02849	0.01529	0.02432	0.02085	0.01390	0.02085	0.01181	0.01390	0.00834	0.00625	0.00625	0.00208	0.00973	0.00486	0.00278	0.00973
13	0.00940	0.00705	0.01058	0.01058	0.01176	0.00823	0.00823	0.01176	0.01058	0.01528	0.01763	0.02586	0.01646	0.04937	0.74255	0.01058	0.01763	0.00705	0.00353	0.00588
14	0.06279	0.02837	0.49165	0.01777	0.02598	0.01652	0.05386	0.18035	0.01780	0.02618	0.01266	0.01435	0.00902	0.00660	0.00628	0.00206	0.00895	0.00518	0.00377	0.00988
15	0.00837	0.00612	0.00788	0.00865	0.00956	0.00562	0.00602	0.01014	0.01461	0.01970	0.23982	0.48263	0.12028	0.01812	0.00815	0.00245	0.00356	0.01623	0.00644	0.00562
16	0.01317	0.01381	0.02839	0.02130	0.02599	0.01293	0.46631	0.01750	0.01540	0.02100	0.11961	0.16942	0.02407	0.00965	0.00789	0.00229	0.00852	0.01052	0.00444	0.00780
17	0.06031	0.01510	0.02372	0.18863	0.25756	0.03240	0.11818	0.11224	0.01630	0.02290	0.01282	0.01684	0.01019	0.00911	0.05200	0.00260	0.03034	0.00606	0.00370	0.00899
18	0.01783	0.18344	0.20379	0.01508	0.02076	0.15674	0.01469	0.06063	0.21988	0.02181	0.01550	0.01601	0.01196	0.00709	0.00591	0.00190	0.00813	0.00527	0.00424	0.00933
19	0.20417	0.04443	0.01369	0.05273	0.01645	0.01116	0.00829	0.01712	0.01308	0.02271	0.01306	0.01492	0.03598	0.00575	0.00487	0.00136	0.00519	0.00429	0.00392	0.50682
20	0.07451	0.25476	0.06962	0.04627	0.08287	0.09331	0.16515	0.04220	0.05856	0.02023	0.01254	0.02925	0.01037	0.00643	0.00588	0.00187	0.00841	0.00552	0.00354	0.00871

[dist]
# distance from previous block
# <min> <max>
0	1

[block]
# block no. 1 follows, 33 sequences, length 13
# corresponding to MSA columns:
# 47-59
name=unknown_B
#
# <colnr> <probs for GDERKNQSTAVLIFYWHMCP>
#	G	D	E	R	K	N	Q	S	T	A	V	L	I	F	Y	W	H	M	C	P
0	0.01277	0.00823	0.01047	0.04236	0.02934	0.00782	0.00771	0.03686	0.03822	0.12598	0.17447	0.18949	0.19955	0.04470	0.00867	0.00245	0.00449	0.04308	0.00638	0.00696
1	0.01023	0.01019	0.06940	0.04111	0.01510	0.00844	0.06808	0.01418	0.05232	0.02223	0.32731	0.21286	0.09508	0.01365	0.00770	0.00225	0.00484	0.01229	0.00600	0.00673
2	0.01836	0.01496	0.01527	0.01318	0.01663	0.09538	0.01038	0.09229	0.31002	0.10885	0.12620	0.02461	0.02258	0.00924	0.00783	0.00211	0.06309	0.00727	0.00619	0.03557
3	0.01144	0.00572	0.00858	0.00858	0.00858	0.00572	0.00572	0.00858	0.00858	0.01144	0.01144	0.02001	0.01144	0.02287	0.02573	0.80846	0.00572	0.00572	0.00286	0.00286
4	0.03865	0.01748	0.08229	0.10325	0.28817	0.05463	0.05991	0.16114	0.01844	0.02540	0.07389	0.01865	0.01445	0.00708	0.00661	0.00201	0.00791	0.00628	0.00425	0.00950
5	0.01274	0.01206	0.02014	0.67468	0.07988	0.01498	0.01817	0.01695	0.01309	0.01701	0.01157	0.01731	0.00886	0.00682	0.00740	0.00222	0.04985	0.00585	0.00294	0.00747
6	0.00940	0.00705	0.01058	0.01058	0.01176	0.00823	0.00823	0.01176	0.01058	0.01528	0.01763	0.02586	0.01646	0.04937	0.74255	0.01058	0.01763	0.00705	0.00353	0.00588
7	0.00793	0.00608	0.00728	0.00825	0.00931	0.00542	0.00570	0.00927	0.01349	0.01717	0.04750	0.50572	0.29493	0.01917	0.00817	0.00251	0.00364	0.01694	0.00611	0.00542
8	0.02023	0.25746	0.24200	0.01430	0.02084	0.07726	0.01502	0.05031	0.01608	0.20527	0.01470	0.01499	0.01057	0.00666	0.00570	0.00183	0.00789	0.00489	0.00439	0.00960
9	0.01648	0.05078	0.01771	0.07828	0.04987	0.05128	0.01214	0.11153	0.11995	0.06397	0.06958	0.02086	0.01637	0.01472	0.11296	0.00340	0.17042	0.00656	0.00471	0.00842
10	0.01288	0.00946	0.01523	0.07043	0.22056	0.00997	0.01133	0.01305	0.01097	0.01520	0.01209	0.01899	0.01123	0.01837	0.07324	0.42593	0.03638	0.00587	0.00303	0.00577
11	0.01477	0.01631	0.08767	0.20403	0.41990	0.04273	0.01868	0.01888	0.01460	0.01984	0.01622	0.01979	0.06419	0.00693	0.00658	0.00203	0.00804	0.00632	0.00336	0.00915
12	0.05254	0.10733	0.21062	0.01740	0.04532	0.10896	0.08139	0.20264	0.01935	0.07381	0.01338	0.01467	0.00984	0.00673	0.00616	0.00194	0.00864	0.00529	0.00435	0.00964

[dist]
# distance from previous block
# <min> <max>
0	18

[block]
# block no. 2 follows, 33 sequences, length 19
# corresponding to MSA columns:
# 78-96
name=unknown_C
#
# <colnr> <probs for GDERKNQSTAVLIFYWHMCP>
#	G	D	E	R	K	N	Q	S	T	A	V	L	I	F	Y	W	H	M	C	P
0	0.01877	0.14252	0.01970	0.01333	0.01793	0.15685	0.02860	0.16913	0.08815	0.02419	0.03085	0.05910	0.01379	0.00756	0.00587	0.00168	0.00719	0.00584	0.00467	0.18428
1	0.01470	0.10475	0.16707	0.01327	0.04000	0.04694	0.01220	0.03623	0.01496	0.07901	0.06229	0.14554	0.06273	0.00978	0.00674	0.00191	0.02490	0.00805	0.00460	0.14433
2	0.01643	0.10221	0.11382	0.09568	0.09217	0.03578	0.06679	0.11067	0.07943	0.06099	0.04082	0.06373	0.04649	0.00828	0.00647	0.00202	0.00726	0.00707	0.03496	0.00892
3	0.08412	0.01592	0.01958	0.03636	0.06069	0.10454	0.07848	0.07541	0.01528	0.12461	0.01401	0.03564	0.01134	0.00875	0.01117	0.00227	0.24690	0.00609	0.04041	0.00840
4	0.00819	0.00644	0.00740	0.00769	0.00928	0.00565	0.00556	0.01004	0.01519	0.01945	0.20568	0.24459	0.39747	0.01699	0.00794	0.00231	0.00341	0.01472	0.00637	0.00565
5	0.01492	0.05634	0.05177	0.08165	0.01697	0.03392	0.00980	0.11339	0.01750	0.10643	0.12452	0.13118	0.16696	0.03547	0.00790	0.00226	0.00563	0.00999	0.00575	0.00766
6	0.01144	0.00572	0.00858	0.00858	0.00858	0.00572	0.00572	0.00858	0.00858	0.01144	0.01144	0.02001	0.01144	0.02287	0.02573	0.80846	0.00572	0.00572	0.00286	0.00286
7	0.00829	0.00599	0.00785	0.00887	0.00958	0.00554	0.00608	0.00988	0.01401	0.01891	0.18575	0.57920	0.07781	0.01891	0.00824	0.00252	0.00364	0.01703	0.00636	0.00554
8	0.00943	0.00696	0.01012	0.01012	0.01114	0.00798	0.00766	0.01146	0.01044	0.01494	0.01805	0.02818	0.01746	0.14607	0.64723	0.01002	0.01612	0.00739	0.00359	0.00562
9	0.01370	0.03082	0.60254	0.08790	0.07061	0.04012	0.02313	0.02062	0.01406	0.02035	0.01178	0.01431	0.00851	0.00628	0.00629	0.00207	0.00960	0.00499	0.00284	0.00947
10	0.01243	0.01170	0.01975	0.75282	0.04534	0.01463	0.01828	0.01682	0.01316	0.01682	0.01170	0.01755	0.00878	0.00658	0.00658	0.00219	0.00878	0.00585	0.00293	0.00731
11	0.01124	0.00684	0.00786	0.00779	0.00895	0.00686	0.00548	0.03118	0.01286	0.03757	0.04081	0.08210	0.06392	0.26428	0.08321	0.00418	0.00587	0.03654	0.27685	0.00559
12	0.01120	0.00634	0.00729	0.00748	0.00890	0.00605	0.00545	0.01366	0.01439	0.05137	0.11931	0.22746	0.07119	0.01242	0.00630	0.00197	0.00339	0.01072	0.40900	0.00611
13	0.01756	0.01543	0.04355	0.08512	0.04276	0.08970	0.11245	0.12652	0.07742	0.10097	0.03947	0.10386	0.01738	0.01311	0.08139	0.00299	0.00872	0.00791	0.00504	0.00864
14	0.01622	0.02021	0.16003	0.02323	0.02965	0.04609	0.43904	0.02146	0.01543	0.07215	0.03991	0.01813	0.01194	0.00653	0.00807	0.00219	0.04999	0.00706	0.00370	0.00896
15	0.00911	0.00633	0.00718	0.00739	0.00775	0.00613	0.00443	0.00950	0.01073	0.01401	0.02912	0.14777	0.12091	0.56183	0.02650	0.00530	0.00561	0.01145	0.00457	0.00439
16	0.04872	0.01303	0.01576	0.03439	0.10152	0.04949	0.02498	0.08738	0.03577	0.04262	0.06452	0.05238	0.05047	0.00992	0.03398	0.00210	0.02982	0.03703	0.00470	0.26143
17	0.06066	0.24272	0.09735	0.03647	0.06156	0.15418	0.03480	0.05408	0.11161	0.06693	0.01381	0.01483	0.01077	0.00669	0.00565	0.00182	0.00800	0.00497	0.00407	0.00903
18	0.01922	0.37820	0.02738	0.01514	0.03855	0.20874	0.06186	0.06836	0.03853	0.01845	0.01193	0.04343	0.01063	0.00696	0.00585	0.00171	0.02805	0.00505	0.00353	0.00841

[dist]
# distance from previous block
# <min> <max>
0	6

[block]
# block no. 3 follows, 33 sequences, length 13
# corresponding to MSA columns:
# 103-115
name=unknown_D
#
# <colnr> <probs for GDERKNQSTAVLIFYWHMCP>
#	G	D	E	R	K	N	Q	S	T	A	V	L	I	F	Y	W	H	M	C	P
0	0.01879	0.24350	0.17739	0.01665	0.06302	0.18318	0.01510	0.09790	0.06598	0.02086	0.01211	0.01359	0.00968	0.00669	0.00612	0.00181	0.03021	0.00472	0.00365	0.00906
1	0.01079	0.00791	0.00930	0.00896	0.01096	0.00755	0.00681	0.06687	0.03964	0.04154	0.24870	0.14710	0.25408	0.04540	0.00884	0.00245	0.00410	0.06608	0.00647	0.00646
2	0.01110	0.00594	0.00891	0.00891	0.00910	0.00613	0.00613	0.00910	0.00891	0.01207	0.01246	0.02098	0.01226	0.02724	0.14390	0.67692	0.00768	0.00594	0.00297	0.00336
3	0.01421	0.01784	0.18529	0.05146	0.09870	0.07113	0.03109	0.07659	0.02993	0.02083	0.03854	0.04597	0.04145	0.12059	0.04306	0.00312	0.00816	0.06402	0.03013	0.00787
4	0.01355	0.15883	0.45195	0.01648	0.02403	0.01590	0.06702	0.01938	0.01464	0.02077	0.11979	0.01895	0.01665	0.00719	0.00623	0.00197	0.00834	0.00590	0.00350	0.00891
5	0.00947	0.00681	0.00934	0.00934	0.01009	0.00756	0.00668	0.01096	0.01021	0.01437	0.01877	0.03213	0.01918	0.31131	0.48434	0.00905	0.01354	0.00797	0.00370	0.00519
6	0.00832	0.00641	0.00737	0.00779	0.00915	0.00574	0.00552	0.00986	0.01414	0.01798	0.12625	0.25336	0.35841	0.10317	0.01093	0.00283	0.00388	0.03747	0.00600	0.00541
7	0.07334	0.01680	0.02322	0.14328	0.14573	0.10023	0.16788	0.09325	0.09236	0.02344	0.01431	0.01713	0.01101	0.00666	0.00651	0.00204	0.00844	0.00613	0.03934	0.00890
8	0.01089	0.00592	0.00854	0.00860	0.00871	0.00600	0.00573	0.00900	0.00904	0.01215	0.01415	0.05364	0.01474	0.11888	0.08776	0.60610	0.00675	0.00685	0.00319	0.00336
9	0.01040	0.01063	0.07452	0.22923	0.02262	0.00962	0.03375	0.01346	0.01363	0.01809	0.08351	0.24133	0.08104	0.06628	0.00938	0.00267	0.00627	0.06237	0.00474	0.00646
10	0.01134	0.00904	0.01022	0.06149	0.01371	0.03188	0.00780	0.05899	0.05310	0.03473	0.06949	0.12946	0.28813	0.05027	0.06648	0.00310	0.00587	0.05406	0.03433	0.00651
11	0.07468	0.16879	0.08816	0.10096	0.02233	0.07396	0.06487	0.08612	0.09042	0.07648	0.01622	0.08018	0.01362	0.00797	0.00611	0.00199	0.00748	0.00649	0.00446	0.00872
12	0.01340	0.01376	0.07825	0.08110	0.12217	0.04685	0.06082	0.05935	0.03200	0.02025	0.02144	0.18461	0.04762	0.05227	0.03886	0.00276	0.04027	0.00928	0.06738	0.00759

[dist]
# distance from previous block
# <min> <max>
6	18

[block]
# block no. 4 follows, 33 sequences, length 11
# corresponding to MSA columns:
# 135-145
name=unknown_E
#
# <colnr> <probs for GDERKNQSTAVLIFYWHMCP>
#	G	D	E	R	K	N	Q	S	T	A	V	L	I	F	Y	W	H	M	C	P
0	0.01562	0.10811	0.05725	0.09297	0.24194	0.01509	0.01397	0.08514	0.06414	0.04179	0.01623	0.05880	0.01476	0.13382	0.01083	0.00271	0.00717	0.00693	0.00412	0.00861
1	0.00919	0.00694	0.00778	0.00762	0.00957	0.00631	0.00579	0.01214	0.04098	0.02177	0.27605	0.05367	0.37656	0.01445	0.00746	0.00214	0.00342	0.04117	0.09098	0.00603
2	0.01717	0.08031	0.01523	0.01189	0.01498	0.14373	0.00923	0.09120	0.10818	0.07647	0.02061	0.06838	0.03881	0.13174	0.06203	0.00323	0.00769	0.02856	0.02206	0.04851
3	0.06305	0.03885	0.06204	0.07058	0.16123	0.05601	0.12300	0.04931	0.09319	0.06136	0.01663	0.06944	0.01419	0.00859	0.00789	0.02596	0.03932	0.02629	0.00430	0.00877
4	0.00910	0.00708	0.00994	0.06181	0.06233	0.00689	0.00808	0.01092	0.01353	0.01795	0.07571	0.51487	0.10407	0.01771	0.00809	0.00253	0.00447	0.05322	0.00576	0.00595
5	0.00955	0.00677	0.00845	0.00852	0.00880	0.00720	0.00553	0.01022	0.01017	0.01390	0.02158	0.12928	0.02429	0.50119	0.16919	0.00659	0.03991	0.01007	0.00412	0.00467
6	0.01477	0.01955	0.22407	0.07765	0.11328	0.05216	0.14417	0.01916	0.01466	0.06780	0.01993	0.06237	0.08422	0.00892	0.00782	0.04140	0.00833	0.00741	0.00388	0.00846
7	0.01506	0.01723	0.08403	0.29698	0.20915	0.10161	0.05146	0.01904	0.01411	0.01833	0.01187	0.01645	0.00956	0.00885	0.04477	0.00254	0.06179	0.00573	0.00310	0.00834
8	0.08532	0.00878	0.00969	0.00853	0.01127	0.00878	0.00672	0.07510	0.01617	0.15502	0.07152	0.02668	0.06797	0.01077	0.04283	0.00225	0.00481	0.00697	0.37330	0.00752
9	0.00921	0.00714	0.00971	0.01192	0.08242	0.00671	0.00753	0.01099	0.01389	0.01849	0.11775	0.41938	0.14293	0.05935	0.00949	0.00269	0.00434	0.05425	0.00583	0.00596
10	0.01699	0.05549	0.21363	0.07780	0.05631	0.17028	0.06284	0.06950	0.03331	0.04128	0.02931	0.03499	0.01203	0.01045	0.06195	0.00265	0.03294	0.00588	0.00375	0.00861

[dist]
# distance from previous block
# <min> <max>
3	17

[block]
# block no. 5 follows, 33 sequences, length 28
# corresponding to MSA columns:
# 164-191
name=unknown_F
#
# <colnr> <probs for GDERKNQSTAVLIFYWHMCP>
#	G	D	E	R	K	N	Q	S	T	A	V	L	I	F	Y	W	H	M	C	P
0	0.01307	0.06892	0.03450	0.00927	0.01172	0.00998	0.00741	0.10976	0.01641	0.02390	0.14924	0.14017	0.02794	0.09045	0.00910	0.00236	0.00470	0.00911	0.22835	0.03365
1	0.09246	0.15918	0.20591	0.03565	0.04592	0.01486	0.05285	0.01893	0.03791	0.03815	0.12658	0.05307	0.01925	0.00790	0.00603	0.00191	0.00684	0.00652	0.00416	0.06592
2	0.03439	0.13052	0.10577	0.09901	0.17288	0.07163	0.04296	0.05102	0.05186	0.02114	0.05908	0.01719	0.01330	0.00687	0.00654	0.00188	0.03153	0.00562	0.00376	0.07306
3	0.01141	0.00700	0.00853	0.00840	0.01006	0.00629	0.00599	0.01298	0.01446	0.11904	0.12947	0.25805	0.22879	0.13478	0.01185	0.00296	0.00425	0.01334	0.00621	0.00613
4	0.01334	0.00688	0.00844	0.00809	0.00940	0.00688	0.00589	0.04443	0.01288	0.06645	0.01870	0.06457	0.01617	0.01520	0.03716	0.28618	0.00488	0.00676	0.36220	0.00549
5	0.01007	0.01050	0.08919	0.06992	0.01491	0.00846	0.00909	0.02483	0.06337	0.01940	0.11918	0.25945	0.17394	0.08545	0.01002	0.00271	0.00508	0.01248	0.00548	0.00646
6	0.01418	0.01488	0.10490	0.01441	0.03262	0.09283	0.04845	0.07299	0.01619	0.04940	0.02597	0.22922	0.02717	0.01384	0.00776	0.00247	0.00698	0.21307	0.00528	0.00739
7	0.00924	0.00659	0.00883	0.00913	0.00982	0.00695	0.00643	0.01069	0.01132	0.01564	0.06911	0.17043	0.02758	0.27088	0.30655	0.00696	0.01013	0.03400	0.00448	0.00520
8	0.00866	0.00620	0.00826	0.00960	0.01031	0.00589	0.00694	0.01025	0.01333	0.01766	0.06260	0.54585	0.06261	0.04724	0.00943	0.00285	0.00434	0.15645	0.00607	0.00549
9	0.05350	0.04906	0.31395	0.12716	0.13097	0.10031	0.04063	0.01994	0.01433	0.01979	0.01313	0.06374	0.01104	0.00720	0.00632	0.00205	0.00890	0.00598	0.00324	0.00875
10	0.01070	0.00799	0.01039	0.00990	0.01007	0.00923	0.00693	0.01085	0.01000	0.01384	0.01919	0.09231	0.04084	0.36637	0.06726	0.12944	0.16725	0.00890	0.00379	0.00477
11	0.02087	0.00986	0.01212	0.01015	0.01365	0.00940	0.00807	0.06364	0.07635	0.35168	0.06734	0.06928	0.02092	0.00915	0.00624	0.00195	0.00470	0.00757	0.22798	0.00908
12	0.00955	0.00815	0.01002	0.03327	0.01256	0.00770	0.04023	0.01351	0.09022	0.02001	0.13352	0.10005	0.43698	0.01492	0.00772	0.00227	0.00421	0.04263	0.00607	0.00638
13	0.04938	0.04133	0.21694	0.10192	0.12030	0.01509	0.05916	0.13038	0.01702	0.07612	0.03735	0.04751	0.01322	0.00903	0.03462	0.00239	0.00833	0.00637	0.00426	0.00926
14	0.01534	0.01619	0.06470	0.06614	0.04326	0.01536	0.37304	0.04170	0.12015	0.04286	0.01716	0.06818	0.01417	0.03209	0.00876	0.00238	0.03752	0.00802	0.00420	0.00878
15	0.11102	0.01228	0.01548	0.13046	0.12507	0.07188	0.02787	0.01685	0.01301	0.04443	0.01602	0.07868	0.01487	0.08269	0.13165	0.00389	0.04316	0.00707	0.04644	0.00720
16	0.01898	0.54380	0.07347	0.01325	0.01877	0.14112	0.03646	0.02150	0.01461	0.05073	0.01044	0.01180	0.00888	0.00598	0.00487	0.00155	0.00806	0.00402	0.00318	0.00854
17	0.00906	0.00657	0.00836	0.00945	0.01026	0.00629	0.00655	0.04897	0.01387	0.01836	0.03691	0.65761	0.08273	0.01958	0.00828	0.00262	0.00406	0.03862	0.00614	0.00572
18	0.07492	0.08927	0.09570	0.01928	0.13973	0.01662	0.07540	0.16898	0.08077	0.10630	0.01573	0.01711	0.01179	0.00932	0.04815	0.00248	0.00800	0.00585	0.00482	0.00979
19	0.01031	0.00794	0.01090	0.06273	0.05056	0.00826	0.00869	0.01322	0.05365	0.03009	0.06258	0.34096	0.07828	0.06496	0.06756	0.00340	0.02837	0.08583	0.00543	0.00628
20	0.00787	0.00660	0.00684	0.00693	0.00899	0.00557	0.00514	0.00957	0.01501	0.01813	0.09623	0.11382	0.64317	0.01681	0.00783	0.00225	0.00336	0.01415	0.00617	0.00557
21	0.01233	0.01108	0.01781	0.55579	0.03679	0.01364	0.01598	0.01643	0.03967	0.01705	0.01470	0.05487	0.01282	0.00929	0.00883	0.04821	0.05329	0.05101	0.00341	0.00700
22	0.01502	0.11349	0.09885	0.04451	0.18666	0.04396	0.08375	0.03890	0.04767	0.02017	0.04367	0.02265	0.08805	0.00846	0.00844	0.00211	0.10231	0.01887	0.00386	0.00861
23	0.06912	0.00979	0.01189	0.01045	0.01343	0.00968	0.00826	0.09487	0.04953	0.19640	0.24745	0.10275	0.05838	0.01325	0.03424	0.00249	0.00517	0.04796	0.00681	0.00809
24	0.00855	0.00603	0.00779	0.00875	0.00926	0.00571	0.00585	0.00980	0.01297	0.01750	0.13063	0.51674	0.04249	0.15485	0.01287	0.00327	0.00423	0.03159	0.00589	0.00524
25	0.06669	0.46284	0.02822	0.01331	0.01803	0.15599	0.05663	0.02041	0.01455	0.01750	0.05244	0.01375	0.01170	0.00658	0.00568	0.00165	0.03816	0.00453	0.00330	0.00806
26	0.03972	0.04348	0.09707	0.06946	0.04143	0.01138	0.05342	0.03658	0.03082	0.09188	0.02684	0.16099	0.09745	0.01420	0.04957	0.00280	0.03088	0.08939	0.00501	0.00763
27	0.04566	0.01414	0.01626	0.01279	0.01734	0.01465	0.01038	0.34076	0.05480	0.27220	0.06643	0.02214	0.01733	0.05436	0.00824	0.00228	0.00621	0.00678	0.00694	0.01029

[dist]
# distance from previous block
# <min> <max>
4	10

[block]
# block no. 6 follows, 33 sequences, length 21
# corresponding to MSA columns:
# 202-222
name=unknown_G
#
# <colnr> <probs for GDERKNQSTAVLIFYWHMCP>
#	G	D	E	R	K	N	Q	S	T	A	V	L	I	F	Y	W	H	M	C	P
0	0.03021	0.01022	0.01500	0.15243	0.16746	0.01075	0.01181	0.03799	0.04927	0.03916	0.05499	0.19774	0.06952	0.03636	0.00936	0.05992	0.00604	0.02976	0.00474	0.00727
1	0.06896	0.14638	0.33789	0.01805	0.05794	0.06353	0.08793	0.04127	0.01487	0.04353	0.03306	0.01492	0.01051	0.00655	0.00640	0.00197	0.02856	0.00519	0.00341	0.00908
2	0.03508	0.06357	0.05340	0.01640	0.10391	0.05456	0.01222	0.22769	0.01877	0.02516	0.01892	0.05204	0.03795	0.08038	0.06085	0.00311	0.04182	0.08094	0.00481	0.00843
3	0.01419	0.01425	0.02140	0.04363	0.01956	0.01893	0.08123	0.01622	0.01115	0.01692	0.04494	0.01658	0.01145	0.01086	0.01904	0.00275	0.62017	0.00627	0.00314	0.00732
4	0.12857	0.01424	0.10146	0.09275	0.01960	0.01267	0.03429	0.14390	0.01635	0.07028	0.02085	0.09243	0.07591	0.03781	0.05326	0.03856	0.00725	0.00760	0.00477	0.02744
5	0.01579	0.06119	0.04706	0.18030	0.31551	0.01559	0.05846	0.04495	0.08448	0.04712	0.03052	0.04254	0.01328	0.00710	0.00657	0.00205	0.00764	0.00654	0.00397	0.00933
6	0.00910	0.00655	0.00800	0.00831	0.00974	0.00591	0.00604	0.01103	0.01517	0.04079	0.23198	0.28008	0.25424	0.04157	0.00884	0.00249	0.00371	0.04423	0.00641	0.00581
7	0.01144	0.00572	0.00858	0.00858	0.00858	0.00572	0.00572	0.00858	0.00858	0.01144	0.01144	0.02001	0.01144	0.02287	0.02573	0.80846	0.00572	0.00572	0.00286	0.00286
8	0.09645	0.14344	0.29177	0.04340	0.06889	0.07439	0.01660	0.05520	0.05202	0.05375	0.01285	0.01462	0.00979	0.00792	0.03042	0.00222	0.00857	0.00491	0.00366	0.00910
9	0.01319	0.05827	0.01610	0.01423	0.09471	0.03237	0.05161	0.05347	0.01573	0.02162	0.11901	0.12116	0.11376	0.01000	0.00654	0.00179	0.00548	0.00873	0.00488	0.23734
10	0.00894	0.00657	0.00841	0.00847	0.00987	0.00604	0.00628	0.01148	0.01681	0.02307	0.46912	0.19315	0.13938	0.01553	0.00797	0.00226	0.00344	0.05045	0.00682	0.00595
11	0.00834	0.00617	0.00770	0.00840	0.00938	0.00563	0.00583	0.00998	0.01430	0.01900	0.19789	0.43521	0.17757	0.05143	0.00925	0.00261	0.00368	0.01584	0.00628	0.00552
12	0.05747	0.08936	0.15367	0.13206	0.10407	0.06175	0.01553	0.10653	0.01644	0.08625	0.01489	0.01688	0.03462	0.00720	0.00690	0.00199	0.04728	0.00552	0.00409	0.03752
13	0.00947	0.00648	0.00782	0.00789	0.00812	0.00667	0.00486	0.00995	0.00989	0.01341	0.02088	0.07257	0.02345	0.60328	0.16201	0.00698	0.00832	0.00953	0.00400	0.00440
14	0.00976	0.00728	0.00819	0.00811	0.01018	0.00659	0.00607	0.01275	0.06199	0.05522	0.14860	0.16345	0.42959	0.01592	0.00777	0.00228	0.00368	0.02990	0.00641	0.00624
15	0.01514	0.13982	0.22366	0.04307	0.10631	0.06049	0.03945	0.01971	0.03378	0.05780	0.04151	0.05622	0.03990	0.01052	0.05429	0.00252	0.00839	0.00649	0.03234	0.00859
16	0.01623	0.07318	0.36491	0.04270	0.09593	0.11235	0.04326	0.04170	0.06134	0.04199	0.01384	0.03892	0.01086	0.00697	0.00629	0.00201	0.00899	0.00563	0.00357	0.00933
17	0.01380	0.01490	0.09075	0.06241	0.24096	0.03675	0.03473	0.01938	0.10927	0.02106	0.06225	0.13886	0.04263	0.00985	0.00764	0.00218	0.04413	0.00863	0.03127	0.00853
18	0.00868	0.00648	0.00889	0.00941	0.01040	0.00602	0.02761	0.01047	0.01422	0.01916	0.19424	0.48272	0.09025	0.04402	0.00909	0.00263	0.00402	0.03984	0.00621	0.00565
19	0.01218	0.00951	0.01204	0.01128	0.01331	0.05478	0.06725	0.02932	0.01445	0.07974	0.03386	0.43729	0.11952	0.03735	0.00852	0.00250	0.00525	0.01416	0.00575	0.03192
20	0.01592	0.06942	0.05946	0.01116	0.01659	0.04440	0.00962	0.07839	0.01592	0.06850	0.04041	0.03782	0.03876	0.00674	0.00553	0.00139	0.00575	0.00535	0.00450	0.46437

[dist]
# distance from previous block
# <min> <max>
4	61

[block]
# block no. 7 follows, 33 sequences, length 21
# corresponding to MSA columns:
# 285-305
name=unknown_H
#
# <colnr> <probs for GDERKNQSTAVLIFYWHMCP>
#	G	D	E	R	K	N	Q	S	T	A	V	L	I	F	Y	W	H	M	C	P
0	0.06953	0.12252	0.12400	0.01470	0.03527	0.19560	0.02797	0.05526	0.06700	0.05188	0.07359	0.01924	0.04653	0.00781	0.00651	0.00189	0.03263	0.00583	0.00430	0.03793
1	0.03277	0.18680	0.10918	0.01335	0.03831	0.03691	0.02773	0.09362	0.04818	0.07550	0.10523	0.02523	0.09538	0.02937	0.02631	0.00228	0.03358	0.00702	0.00481	0.00841
2	0.04609	0.12816	0.08783	0.06741	0.03509	0.04926	0.03447	0.01961	0.12885	0.02034	0.05574	0.05569	0.07490	0.03063	0.03681	0.00252	0.00706	0.07254	0.00458	0.04241
3	0.11389	0.01208	0.01453	0.01458	0.11379	0.01199	0.00992	0.11894	0.06694	0.08180	0.12817	0.05113	0.06672	0.00885	0.00627	0.00188	0.00529	0.00734	0.02108	0.14480
4	0.01844	0.54911	0.02893	0.01238	0.01711	0.18443	0.01120	0.02038	0.01450	0.01573	0.01143	0.06781	0.01111	0.00702	0.00492	0.00157	0.00788	0.00483	0.00319	0.00803
5	0.01100	0.00830	0.01067	0.01233	0.09561	0.00776	0.00800	0.04360	0.01540	0.05374	0.09132	0.21955	0.30203	0.04204	0.00865	0.00246	0.00451	0.05050	0.00589	0.00663
6	0.01122	0.00579	0.00841	0.00841	0.00841	0.00579	0.00552	0.00869	0.00869	0.01159	0.01251	0.02268	0.01288	0.10923	0.02663	0.71559	0.00579	0.00616	0.00299	0.00299
7	0.02218	0.01485	0.01679	0.01346	0.01783	0.01598	0.01092	0.42279	0.08004	0.14473	0.05870	0.05593	0.01747	0.01207	0.06236	0.00269	0.00722	0.00718	0.00662	0.01018
8	0.02435	0.01667	0.01822	0.01419	0.01915	0.01815	0.01165	0.54114	0.08043	0.12443	0.01814	0.01767	0.01275	0.00800	0.00651	0.00198	0.00670	0.00614	0.04282	0.01091
9	0.01684	0.04612	0.04479	0.07327	0.02200	0.07065	0.12525	0.12146	0.01636	0.06838	0.03669	0.04592	0.03470	0.01272	0.07881	0.00302	0.16353	0.00695	0.00429	0.00824
10	0.00854	0.00640	0.00782	0.00862	0.00976	0.00587	0.00626	0.01016	0.01388	0.01790	0.09573	0.34817	0.24279	0.07922	0.01030	0.00285	0.00415	0.11009	0.00602	0.00547
11	0.00813	0.00593	0.00775	0.00897	0.00961	0.00555	0.00612	0.00949	0.01304	0.01732	0.07421	0.62924	0.10373	0.02127	0.04341	0.00298	0.00440	0.01737	0.00605	0.00544
12	0.04432	0.01959	0.23932	0.22474	0.09663	0.01476	0.07849	0.07062	0.01534	0.05229	0.03659	0.01758	0.01146	0.00863	0.03974	0.00249	0.00901	0.00593	0.00366	0.00883
13	0.01246	0.01166	0.01963	0.69204	0.07134	0.01439	0.01793	0.01674	0.01313	0.01694	0.01199	0.01786	0.00917	0.00840	0.03842	0.00255	0.00912	0.00590	0.00296	0.00738
14	0.00942	0.00700	0.01033	0.01033	0.01141	0.00809	0.00791	0.01159	0.01050	0.01509	0.01787	0.02715	0.01702	0.10320	0.68949	0.01027	0.01679	0.00724	0.00356	0.00574
15	0.01058	0.00738	0.00896	0.00929	0.01082	0.00698	0.00673	0.06884	0.01534	0.05434	0.06976	0.44882	0.19720	0.01766	0.00802	0.00247	0.00413	0.04015	0.00630	0.00623
16	0.01254	0.04220	0.12453	0.05045	0.11441	0.01250	0.17000	0.01718	0.04804	0.01976	0.02841	0.11760	0.16935	0.01054	0.00728	0.00222	0.00723	0.03341	0.00439	0.00796
17	0.00885	0.00671	0.00816	0.00780	0.00955	0.00601	0.00585	0.01153	0.01754	0.02380	0.52568	0.05346	0.26216	0.01443	0.00777	0.00212	0.00317	0.01251	0.00690	0.00601
18	0.01855	0.00886	0.01024	0.00880	0.01178	0.00863	0.00696	0.05541	0.06391	0.24591	0.02296	0.02346	0.01664	0.00792	0.00547	0.00176	0.00421	0.00637	0.46394	0.00825
19	0.01584	0.12506	0.12042	0.01221	0.01835	0.06903	0.01138	0.07051	0.01534	0.02163	0.01155	0.01327	0.00938	0.00555	0.00519	0.00133	0.00659	0.00416	0.00375	0.45945
20	0.01616	0.16458	0.12891	0.10617	0.17275	0.04930	0.07473	0.06463	0.01538	0.02073	0.01171	0.01451	0.00938	0.00597	0.00590	0.00177	0.00807	0.00509	0.00338	0.12088

[dist]
# distance from previous block
# <min> <max>
0	6

[block]
# block no. 8 follows, 33 sequences, length 22
# corresponding to MSA columns:
# 312-333
name=unknown_I
#
# <colnr> <probs for GDERKNQSTAVLIFYWHMCP>
#	G	D	E	R	K	N	Q	S	T	A	V	L	I	F	Y	W	H	M	C	P
0	0.01080	0.00904	0.01424	0.07963	0.01728	0.00853	0.12001	0.01340	0.01444	0.04782	0.08430	0.25256	0.21999	0.01505	0.02932	0.00253	0.00579	0.01257	0.00537	0.03733
1	0.01503	0.06839	0.26801	0.01510	0.02088	0.10965	0.04244	0.04375	0.01480	0.01998	0.03629	0.04132	0.03412	0.04342	0.00846	0.00209	0.06119	0.00591	0.00362	0.14557
2	0.04421	0.14827	0.20072	0.05866	0.04478	0.04497	0.04124	0.04509	0.01420	0.04862	0.01467	0.07180	0.01313	0.01066	0.04843	0.00255	0.08198	0.03200	0.00372	0.03030
3	0.01518	0.01100	0.01177	0.01078	0.01335	0.06290	0.00817	0.08052	0.11952	0.11737	0.17172	0.19808	0.10151	0.01333	0.00791	0.02676	0.00502	0.01100	0.00644	0.00768
4	0.00812	0.00580	0.00772	0.00910	0.00957	0.00541	0.00612	0.00940	0.01304	0.01751	0.08651	0.71212	0.04490	0.02010	0.00836	0.00263	0.00377	0.01822	0.00619	0.00541
5	0.08335	0.01242	0.05442	0.05094	0.04992	0.02678	0.06415	0.04375	0.03706	0.09609	0.02871	0.07529	0.16547	0.04721	0.03033	0.00262	0.02711	0.05022	0.00505	0.04913
6	0.01253	0.01044	0.01408	0.11243	0.07876	0.03838	0.02874	0.03836	0.06048	0.04612	0.02701	0.27048	0.07836	0.01717	0.08455	0.00323	0.03437	0.03236	0.00501	0.00714
7	0.00811	0.00602	0.00748	0.00849	0.00933	0.00549	0.00579	0.00945	0.01339	0.01747	0.08541	0.53909	0.19256	0.04791	0.00919	0.00268	0.00377	0.01689	0.00610	0.00540
8	0.18214	0.01147	0.01411	0.01222	0.03752	0.01169	0.03728	0.10251	0.01656	0.24109	0.05329	0.02395	0.05540	0.05405	0.11458	0.00352	0.00754	0.00680	0.00574	0.00856
9	0.06480	0.01368	0.02049	0.21214	0.23863	0.04174	0.06556	0.07150	0.01545	0.02145	0.01668	0.10771	0.01561	0.00886	0.00686	0.00219	0.00765	0.05660	0.00403	0.00835
10	0.01637	0.01414	0.01489	0.01340	0.01712	0.01637	0.01042	0.03498	0.71568	0.02754	0.02679	0.02456	0.02010	0.00893	0.00670	0.00223	0.00521	0.00744	0.00670	0.01042
11	0.19553	0.01574	0.01847	0.16380	0.16690	0.12425	0.04004	0.01922	0.01358	0.02076	0.01153	0.01563	0.00957	0.02396	0.02829	0.00240	0.08300	0.00528	0.03418	0.00785
12	0.01781	0.68671	0.03230	0.01158	0.01689	0.07981	0.01118	0.01993	0.01398	0.01596	0.03673	0.01215	0.01052	0.00602	0.00449	0.00146	0.00726	0.00390	0.00303	0.00830
13	0.01347	0.01290	0.03345	0.01303	0.01496	0.10356	0.03188	0.05446	0.03471	0.01740	0.01652	0.02263	0.03455	0.05203	0.35616	0.05936	0.11192	0.00663	0.00372	0.00665
14	0.01654	0.07401	0.13828	0.04314	0.16966	0.09341	0.01522	0.03899	0.03288	0.06448	0.03209	0.01916	0.06050	0.00790	0.00825	0.00200	0.10678	0.00597	0.00392	0.06680
15	0.01617	0.01221	0.01397	0.10714	0.03613	0.05194	0.01015	0.04489	0.23107	0.12653	0.10328	0.03107	0.11041	0.06522	0.00883	0.00244	0.00584	0.00831	0.00594	0.00847
16	0.00915	0.00690	0.00768	0.00763	0.00958	0.00607	0.00563	0.01137	0.03194	0.04644	0.16591	0.15121	0.46330	0.03683	0.00850	0.00237	0.00358	0.01366	0.00633	0.00592
17	0.01545	0.01231	0.01762	0.02097	0.25147	0.03052	0.03145	0.07273	0.01637	0.08927	0.11166	0.02996	0.10308	0.05789	0.06288	0.00297	0.03707	0.02299	0.00495	0.00840
18	0.01898	0.06221	0.17412	0.06645	0.09856	0.04923	0.04038	0.14725	0.09090	0.12457	0.01661	0.03663	0.01248	0.00739	0.00641	0.00201	0.00770	0.00609	0.00485	0.02718
19	0.01270	0.00836	0.01065	0.00960	0.01189	0.00797	0.02882	0.06298	0.04039	0.09324	0.29170	0.13957	0.14427	0.01344	0.00789	0.02520	0.00417	0.01130	0.06891	0.00695
20	0.00959	0.00680	0.00933	0.00933	0.01015	0.00756	0.00675	0.01125	0.01042	0.01493	0.01877	0.03112	0.01879	0.26961	0.48960	0.00887	0.01349	0.00779	0.04055	0.00531
21	0.06808	0.20632	0.22960	0.10031	0.08947	0.05414	0.07781	0.01994	0.01387	0.01946	0.01127	0.01407	0.00894	0.00626	0.00622	0.00192	0.03193	0.00494	0.02679	0.00867

[dist]
# distance from previous block
# <min> <max>
5	20

[block]
# block no. 9 follows, 33 sequences, length 40
# corresponding to MSA columns:
# 356-395
name=unknown_J
#
# <colnr> <probs for GDERKNQSTAVLIFYWHMCP>
#	G	D	E	R	K	N	Q	S	T	A	V	L	I	F	Y	W	H	M	C	P
0	0.05744	0.01667	0.10008	0.10182	0.15683	0.07586	0.05650	0.09012	0.05638	0.02255	0.04093	0.13999	0.03797	0.00940	0.00679	0.00214	0.00741	0.00821	0.00444	0.00847
1	0.01483	0.01346	0.03890	0.08524	0.07968	0.03550	0.01082	0.04228	0.01435	0.04322	0.01268	0.01610	0.01058	0.04523	0.00740	0.00165	0.03053	0.00481	0.00390	0.48884
2	0.01870	0.10787	0.01935	0.01606	0.08363	0.19812	0.02703	0.15651	0.10032	0.02437	0.10573	0.02319	0.07420	0.00861	0.00642	0.00190	0.00746	0.00680	0.00501	0.00870
3	0.04315	0.06893	0.10942	0.05843	0.16983	0.03785	0.08559	0.13373	0.03747	0.05202	0.01628	0.04113	0.04018	0.00753	0.00700	0.00201	0.03634	0.00638	0.00425	0.04246
4	0.06950	0.06712	0.10149	0.12352	0.14535	0.04571	0.03851	0.05381	0.16735	0.02241	0.01696	0.01885	0.03991	0.00757	0.00722	0.00210	0.05331	0.00610	0.00418	0.00903
5	0.01365	0.01127	0.01293	0.01189	0.03163	0.03949	0.03093	0.14950	0.06952	0.02333	0.05233	0.22585	0.15264	0.04000	0.03460	0.00260	0.00581	0.01105	0.00566	0.07532
6	0.01407	0.03886	0.01473	0.01143	0.01558	0.01106	0.03644	0.09962	0.09257	0.02309	0.02021	0.21007	0.01980	0.00983	0.00629	0.00174	0.00525	0.00852	0.00504	0.35582
7	0.00975	0.00719	0.00940	0.02857	0.02692	0.00773	0.00649	0.01080	0.01055	0.01440	0.02210	0.09851	0.04910	0.41829	0.21607	0.00667	0.03891	0.00952	0.00404	0.00503
8	0.03822	0.10026	0.21950	0.03668	0.06058	0.01736	0.11274	0.21492	0.01899	0.05074	0.01509	0.01685	0.03075	0.00820	0.02846	0.00225	0.00860	0.00587	0.00431	0.00962
9	0.01008	0.00763	0.00954	0.01073	0.03901	0.00762	0.00719	0.03510	0.08089	0.01849	0.03351	0.44093	0.08301	0.12728	0.01177	0.00311	0.00471	0.05755	0.00576	0.00609
10	0.01503	0.01582	0.01734	0.01613	0.05403	0.21166	0.09524	0.01760	0.01383	0.01702	0.01526	0.05353	0.01395	0.02480	0.30587	0.00548	0.05733	0.00673	0.03631	0.00703
11	0.01047	0.03617	0.08025	0.03433	0.03481	0.00883	0.00907	0.03628	0.04229	0.01905	0.08327	0.35116	0.09437	0.09381	0.01034	0.00281	0.00519	0.03565	0.00540	0.00646
12	0.04078	0.04051	0.01674	0.08000	0.04328	0.24728	0.04496	0.07699	0.04477	0.02045	0.06702	0.13166	0.06979	0.01153	0.03321	0.00235	0.00824	0.00828	0.00460	0.00754
13	0.00940	0.00705	0.01058	0.01058	0.01176	0.00823	0.00823	0.01176	0.01058	0.01528	0.01763	0.02586	0.01646	0.04937	0.74255	0.01058	0.01763	0.00705	0.00353	0.00588
14	0.00811	0.00592	0.00767	0.00902	0.00966	0.00547	0.00619	0.00940	0.01299	0.01705	0.03960	0.65494	0.11898	0.02007	0.00837	0.00264	0.00387	0.04853	0.00611	0.00540
15	0.01531	0.04413	0.07866	0.08529	0.10586	0.14748	0.01284	0.02122	0.14070	0.03153	0.07631	0.06262	0.07620	0.01204	0.05876	0.00265	0.00804	0.00757	0.00460	0.00819
16	0.02364	0.01270	0.01528	0.01229	0.01669	0.01275	0.01001	0.19535	0.11815	0.35544	0.08427	0.02499	0.02020	0.00893	0.00672	0.00206	0.00565	0.02668	0.03788	0.01032
17	0.00813	0.00584	0.00774	0.00921	0.00971	0.00545	0.00627	0.00937	0.01280	0.01697	0.03726	0.71013	0.06654	0.02038	0.00841	0.00267	0.00390	0.04772	0.00611	0.00539
18	0.01415	0.26978	0.31934	0.01520	0.04913	0.01751	0.01624	0.01864	0.01373	0.01880	0.03934	0.01839	0.06200	0.00870	0.03012	0.00216	0.04223	0.00550	0.03045	0.00856
19	0.06661	0.01650	0.12051	0.09592	0.16685	0.03917	0.04283	0.08813	0.01531	0.03646	0.01625	0.07586	0.03252	0.01136	0.06014	0.00275	0.07287	0.00692	0.02455	0.00849
20	0.01153	0.00833	0.00989	0.01010	0.01179	0.00850	0.00739	0.05540	0.13929	0.04351	0.06453	0.42095	0.08215	0.01607	0.00770	0.00243	0.00431	0.04149	0.04775	0.00689
21	0.20407	0.06657	0.04110	0.09260	0.12984	0.18606	0.03490	0.09561	0.01627	0.02337	0.01139	0.01382	0.00905	0.00658	0.00597	0.00193	0.02343	0.00484	0.02419	0.00841
22	0.05388	0.06596	0.11567	0.05395	0.06988	0.04403	0.08642	0.03699	0.01438	0.04277	0.02213	0.29862	0.02315	0.01203	0.00711	0.00228	0.00682	0.03172	0.00462	0.00758
23	0.05543	0.21437	0.09580	0.03105	0.04255	0.03346	0.03322	0.09139	0.10680	0.02181	0.05063	0.01888	0.01432	0.06748	0.00973	0.00233	0.09226	0.00586	0.00415	0.00849
24	0.01769	0.08786	0.10099	0.06377	0.10480	0.09533	0.07432	0.06797	0.10494	0.07581	0.01562	0.04704	0.01260	0.00762	0.00731	0.00201	0.05532	0.00621	0.00432	0.04846
25	0.05148	0.04702	0.17986	0.06482	0.13628	0.03444	0.19772	0.05729	0.06065	0.06215	0.01559	0.01788	0.03118	0.00668	0.00665	0.00208	0.00866	0.00630	0.00393	0.00934
26	0.00928	0.00678	0.00979	0.01001	0.01105	0.00756	0.00756	0.01142	0.01133	0.01623	0.05182	0.14425	0.02300	0.06440	0.54817	0.00853	0.01399	0.00916	0.02994	0.00576
27	0.01504	0.02121	0.29735	0.01915	0.10327	0.03198	0.08535	0.06223	0.01540	0.07465	0.01910	0.12391	0.04338	0.02993	0.00797	0.00229	0.02682	0.00792	0.00419	0.00887
28	0.03846	0.04291	0.13940	0.04425	0.12467	0.06344	0.08844	0.09965	0.03756	0.15119	0.01893	0.06312	0.04231	0.00803	0.00663	0.00206	0.00774	0.00694	0.00484	0.00943
29	0.01218	0.00753	0.00919	0.00877	0.01012	0.00737	0.00612	0.01448	0.05448	0.10396	0.12940	0.09388	0.06984	0.35253	0.05723	0.00454	0.00595	0.04098	0.00548	0.00595
30	0.01127	0.00748	0.00938	0.00952	0.01123	0.00706	0.00732	0.04073	0.01563	0.07588	0.15477	0.21712	0.16330	0.07417	0.01006	0.00278	0.00459	0.16511	0.00631	0.00628
31	0.08028	0.12718	0.17542	0.05363	0.08876	0.04471	0.05961	0.04420	0.04914	0.15091	0.01600	0.05475	0.01252	0.00738	0.00613	0.00200	0.00758	0.00607	0.00446	0.00927
32	0.04678	0.01977	0.14050	0.11088	0.07592	0.09661	0.23324	0.04258	0.03955	0.04532	0.05738	0.01829	0.01313	0.00686	0.00713	0.00210	0.02491	0.00649	0.00383	0.00873
33	0.01008	0.00633	0.00773	0.00850	0.00966	0.00612	0.00639	0.01243	0.01408	0.02086	0.08792	0.29267	0.06074	0.01492	0.00713	0.00228	0.00390	0.13803	0.28439	0.00583
34	0.01603	0.01342	0.03739	0.05408	0.10798	0.07185	0.06098	0.07561	0.04834	0.11258	0.02580	0.20301	0.07595	0.01264	0.02854	0.00247	0.00696	0.03288	0.00532	0.00819
35	0.05929	0.09161	0.24360	0.07157	0.08870	0.05374	0.10257	0.04285	0.08192	0.05011	0.04225	0.01710	0.01240	0.00679	0.00630	0.00202	0.00834	0.00579	0.00389	0.00917
36	0.01198	0.04496	0.01355	0.01385	0.08810	0.05583	0.02935	0.04942	0.01580	0.02041	0.12480	0.25629	0.12862	0.01457	0.00767	0.00234	0.00544	0.10465	0.00558	0.00682
37	0.00991	0.00835	0.04643	0.00924	0.01010	0.00797	0.00677	0.01108	0.01013	0.01408	0.01883	0.03511	0.02021	0.47734	0.24932	0.00731	0.04068	0.00840	0.00374	0.00500
38	0.01597	0.01292	0.01432	0.01073	0.01609	0.03994	0.00855	0.09450	0.01603	0.06300	0.01417	0.05320	0.01198	0.00629	0.00539	0.00126	0.00541	0.00506	0.00453	0.60067
39	0.04069	0.16321	0.24841	0.04568	0.04821	0.01625	0.03996	0.04290	0.03427	0.07249	0.01393	0.01860	0.01168	0.11160	0.01076	0.00260	0.06084	0.00570	0.00369	0.00851

[dist]
# distance from previous block
# <min> <max>
0	3

[block]
# block no. 10 follows, 33 sequences, length 31
# corresponding to MSA columns:
# 399-429
name=unknown_K
#
# <colnr> <probs for GDERKNQSTAVLIFYWHMCP>
#	G	D	E	R	K	N	Q	S	T	A	V	L	I	F	Y	W	H	M	C	P
0	0.01715	0.02181	0.15014	0.05498	0.12893	0.16895	0.17411	0.02129	0.01525	0.04511	0.01326	0.01834	0.01092	0.00740	0.00837	0.00215	0.08895	0.04073	0.00349	0.00869
1	0.01599	0.01544	0.11585	0.07354	0.13173	0.03729	0.02954	0.09774	0.01509	0.07478	0.01488	0.04574	0.01269	0.04415	0.04148	0.12851	0.06548	0.00643	0.02571	0.00793
2	0.11891	0.01068	0.01131	0.01002	0.01291	0.01122	0.00767	0.11925	0.13518	0.04208	0.13482	0.08066	0.10096	0.09115	0.00940	0.00252	0.00489	0.00885	0.04487	0.04266
3	0.01553	0.02077	0.20444	0.01897	0.10002	0.10064	0.09179	0.05131	0.11102	0.02097	0.01579	0.04019	0.01347	0.09559	0.02204	0.00269	0.02719	0.00657	0.00396	0.03704
4	0.00819	0.00599	0.00758	0.00873	0.00942	0.00553	0.00594	0.00945	0.01300	0.01703	0.05836	0.57521	0.14329	0.06793	0.00993	0.00284	0.00396	0.03626	0.00600	0.00533
5	0.01360	0.06737	0.01632	0.01568	0.12045	0.01225	0.04406	0.02037	0.19400	0.04732	0.13961	0.08500	0.10605	0.04583	0.00830	0.00236	0.00549	0.04218	0.00561	0.00814
6	0.01160	0.01048	0.04007	0.01159	0.04759	0.00992	0.00860	0.04929	0.19584	0.02222	0.09849	0.19418	0.24639	0.01389	0.00745	0.00228	0.00456	0.01196	0.00611	0.00749
7	0.01261	0.01123	0.05673	0.01314	0.05296	0.01017	0.04345	0.07285	0.08120	0.04445	0.05815	0.10580	0.17401	0.06729	0.07169	0.00331	0.00674	0.10143	0.00545	0.00734
8	0.01151	0.04597	0.06605	0.01171	0.03225	0.04286	0.00896	0.04778	0.06781	0.01882	0.02806	0.46828	0.03139	0.04512	0.00929	0.03322	0.00534	0.01361	0.00537	0.00659
9	0.04888	0.01103	0.01311	0.01070	0.01457	0.01072	0.00862	0.14831	0.04310	0.30291	0.13852	0.03057	0.11511	0.00998	0.00672	0.00203	0.00501	0.00816	0.06280	0.00915
10	0.01607	0.03627	0.02197	0.04887	0.42226	0.07740	0.01602	0.06283	0.01559	0.02088	0.01636	0.09014	0.02950	0.03555	0.00838	0.00223	0.04407	0.02272	0.00387	0.00902
11	0.01263	0.01112	0.01489	0.04711	0.01562	0.03870	0.03803	0.04772	0.01204	0.01672	0.01572	0.02686	0.01568	0.18692	0.22075	0.00564	0.22560	0.03822	0.00367	0.00636
12	0.01138	0.02505	0.03934	0.01119	0.01281	0.01028	0.00892	0.07584	0.01272	0.01780	0.01917	0.11895	0.01935	0.13533	0.38648	0.00711	0.06931	0.00852	0.00411	0.00634
13	0.00846	0.00666	0.00770	0.00802	0.00976	0.00591	0.00610	0.01049	0.01535	0.01947	0.17912	0.16193	0.41851	0.01684	0.00803	0.00236	0.00371	0.09956	0.00631	0.00571
14	0.01613	0.01485	0.02364	0.11832	0.48948	0.01571	0.01797	0.07652	0.04511	0.02282	0.04770	0.01825	0.01313	0.00689	0.00734	0.00205	0.04429	0.00622	0.00381	0.00976
15	0.01555	0.01648	0.03930	0.27336	0.02886	0.15893	0.10594	0.06031	0.01561	0.01934	0.01651	0.08947	0.03621	0.00849	0.00727	0.00211	0.03737	0.00727	0.05406	0.00757
16	0.30254	0.05207	0.04600	0.02941	0.06216	0.01591	0.01111	0.18329	0.01761	0.14511	0.01451	0.03313	0.01092	0.00745	0.00631	0.00205	0.04084	0.00534	0.00514	0.00911
17	0.07345	0.06224	0.11900	0.10484	0.22859	0.19281	0.05881	0.02120	0.01503	0.01959	0.01121	0.01435	0.00906	0.00642	0.00670	0.00196	0.03761	0.00516	0.00321	0.00876
18	0.00983	0.00796	0.00875	0.00890	0.00978	0.04067	0.00618	0.01094	0.01247	0.01599	0.06279	0.20722	0.17289	0.27667	0.04963	0.00416	0.04574	0.03920	0.00502	0.00522
