[name]
unknown

[dist]
# distance from previous block
# <min> <max>
2	46

[block]
# block no. 0 follows, 34 sequences, length 18
# corresponding to MSA columns:
# 46-63
name=unknown_A
#
# <colnr> <probs for GDERKNQSTAVLIFYWHMCP>
#	G	D	E	R	K	N	Q	S	T	A	V	L	I	F	Y	W	H	M	C	P
0	0.10884	0.01274	0.01698	0.17770	0.09851	0.04223	0.06099	0.07856	0.04225	0.02244	0.07357	0.07025	0.04230	0.00983	0.03635	0.00232	0.00712	0.00708	0.00432	0.08561
1	0.04350	0.01181	0.01181	0.01041	0.01319	0.06531	0.00790	0.14101	0.10482	0.02401	0.10392	0.08305	0.09877	0.10533	0.03215	0.00272	0.00578	0.00853	0.05689	0.06908
2	0.04195	0.01046	0.01361	0.11649	0.03888	0.01135	0.02816	0.12074	0.05376	0.04747	0.06819	0.14435	0.08366	0.11963	0.03947	0.00309	0.03710	0.00943	0.00506	0.00715
3	0.01676	0.01380	0.01557	0.16253	0.04721	0.12181	0.03235	0.04608	0.10151	0.12268	0.06108	0.07913	0.05234	0.03209	0.00734	0.00214	0.00681	0.00760	0.04173	0.02943
4	0.04782	0.01113	0.01437	0.18001	0.04970	0.01182	0.01072	0.09933	0.09147	0.09351	0.06291	0.09192	0.05112	0.08121	0.00902	0.00243	0.00603	0.00795	0.00511	0.07242
5	0.04719	0.01166	0.01565	0.08593	0.04406	0.01189	0.06827	0.12748	0.08720	0.06854	0.04863	0.18895	0.06011	0.01056	0.00680	0.00208	0.00585	0.00929	0.00535	0.09452
6	0.14971	0.01034	0.01112	0.06636	0.01455	0.03621	0.00803	0.08422	0.03982	0.05049	0.02188	0.20061	0.04716	0.08187	0.02834	0.03096	0.00570	0.00900	0.05356	0.05008
7	0.06975	0.01028	0.01258	0.01243	0.06051	0.01073	0.00880	0.11915	0.06549	0.10538	0.10626	0.20174	0.05216	0.06180	0.04795	0.00289	0.02861	0.01004	0.00578	0.00766
8	0.04580	0.01516	0.04772	0.01507	0.01891	0.08669	0.15126	0.13489	0.06258	0.08043	0.04534	0.08889	0.01781	0.10814	0.04936	0.00305	0.00807	0.00790	0.00489	0.00805
9	0.01745	0.01456	0.01553	0.08530	0.04600	0.10174	0.01103	0.14258	0.17826	0.08159	0.11010	0.05443	0.04057	0.03244	0.00805	0.00220	0.03638	0.00757	0.00559	0.00863
10	0.01220	0.01148	0.01938	0.75739	0.04450	0.01436	0.01794	0.01651	0.01292	0.01651	0.01148	0.01723	0.00861	0.00646	0.00646	0.00215	0.00861	0.00574	0.00287	0.00718
11	0.09648	0.01393	0.01747	0.06281	0.01943	0.07253	0.12478	0.15689	0.01657	0.02364	0.01521	0.06519	0.01336	0.06279	0.04865	0.03520	0.00773	0.00664	0.05404	0.08665
12	0.00891	0.00614	0.00711	0.00746	0.00771	0.00597	0.00447	0.00929	0.01048	0.01381	0.02725	0.21176	0.08065	0.54241	0.02530	0.00512	0.00546	0.01179	0.00455	0.00434
13	0.01771	0.01514	0.01822	0.01510	0.01802	0.03915	0.04358	0.24970	0.15203	0.02618	0.01561	0.01841	0.01265	0.03418	0.08145	0.00316	0.21971	0.00629	0.00487	0.00884
14	0.04616	0.01379	0.01829	0.01506	0.03918	0.01463	0.11986	0.23853	0.12134	0.05701	0.04805	0.02415	0.08913	0.01021	0.03639	0.00237	0.02691	0.00734	0.06265	0.00894
15	0.05364	0.01494	0.01638	0.01328	0.01764	0.01641	0.01076	0.37427	0.19372	0.11292	0.04819	0.02002	0.01584	0.01053	0.04916	0.00250	0.00678	0.00646	0.00642	0.01014
16	0.07908	0.01209	0.01515	0.07937	0.04383	0.01236	0.03121	0.14274	0.08219	0.15977	0.03747	0.09308	0.01730	0.06604	0.00833	0.00229	0.00598	0.00737	0.00552	0.09883
17	0.01328	0.01012	0.01279	0.01093	0.01389	0.00990	0.05685	0.11059	0.09121	0.06030	0.12491	0.14289	0.17432	0.06724	0.00900	0.00239	0.00502	0.01049	0.00587	0.06802

[dist]
# distance from previous block
# <min> <max>
0	1

[block]
# block no. 1 follows, 34 sequences, length 6
# corresponding to MSA columns:
# 65-70
name=unknown_B
#
# <colnr> <probs for GDERKNQSTAVLIFYWHMCP>
#	G	D	E	R	K	N	Q	S	T	A	V	L	I	F	Y	W	H	M	C	P
0	0.01125	0.00836	0.01000	0.01020	0.01123	0.03812	0.00731	0.04716	0.01370	0.05814	0.06504	0.48330	0.03421	0.07244	0.04071	0.00308	0.05998	0.01411	0.00560	0.00605
1	0.02051	0.01303	0.02000	0.02495	0.36010	0.01266	0.01425	0.07270	0.01645	0.26421	0.01682	0.01838	0.01235	0.00846	0.00847	0.08924	0.00667	0.00600	0.00502	0.00975
2	0.01560	0.01496	0.02553	0.11310	0.66221	0.01525	0.01964	0.01949	0.01453	0.02064	0.01209	0.01612	0.01007	0.00583	0.00640	0.00194	0.00777	0.00576	0.00316	0.00992
3	0.01582	0.01519	0.02290	0.13685	0.40912	0.06947	0.05014	0.01988	0.03791	0.04152	0.06194	0.01847	0.01371	0.00691	0.00738	0.00202	0.05183	0.00620	0.00366	0.00906
4	0.04258	0.01616	0.01798	0.05132	0.13699	0.11154	0.01235	0.21662	0.03926	0.16157	0.07289	0.01898	0.01539	0.00753	0.00631	0.00188	0.00701	0.00605	0.00548	0.05209
5	0.30595	0.01587	0.01489	0.03530	0.05617	0.10805	0.01026	0.17502	0.04339	0.09788	0.03604	0.01520	0.01145	0.00695	0.00547	0.00191	0.00655	0.00499	0.00496	0.04370

[dist]
# distance from previous block
# <min> <max>
1	16

[block]
# block no. 2 follows, 34 sequences, length 51
# corresponding to MSA columns:
# 87-137
name=unknown_C
#
# <colnr> <probs for GDERKNQSTAVLIFYWHMCP>
#	G	D	E	R	K	N	Q	S	T	A	V	L	I	F	Y	W	H	M	C	P
0	0.01754	0.13014	0.12280	0.05009	0.15638	0.05833	0.05410	0.05507	0.04735	0.12576	0.05442	0.04037	0.02874	0.00741	0.00620	0.00190	0.00732	0.00627	0.00444	0.02535
1	0.01606	0.09947	0.42582	0.01787	0.06882	0.11700	0.01877	0.02225	0.05642	0.05863	0.03178	0.01519	0.01085	0.00657	0.00601	0.00193	0.00882	0.00505	0.00347	0.00921
2	0.01886	0.21292	0.20999	0.03236	0.09984	0.03818	0.03675	0.05558	0.04005	0.17389	0.01466	0.01544	0.01071	0.00651	0.00581	0.00185	0.00762	0.00514	0.00427	0.00957
3	0.01434	0.19444	0.34439	0.01403	0.02077	0.01562	0.01579	0.03945	0.03971	0.03963	0.10651	0.01808	0.01600	0.00698	0.00578	0.00178	0.00728	0.00545	0.00381	0.09015
4	0.03851	0.06665	0.30906	0.01523	0.03915	0.01389	0.05281	0.04449	0.09681	0.02211	0.05827	0.02021	0.06287	0.00733	0.00609	0.00187	0.00716	0.00604	0.00403	0.12744
5	0.04909	0.05119	0.15235	0.01084	0.01458	0.01043	0.01033	0.01674	0.10812	0.02203	0.22483	0.05567	0.16924	0.03082	0.00758	0.00222	0.00517	0.04608	0.00544	0.00725
6	0.04294	0.25338	0.38679	0.01460	0.02182	0.01742	0.01697	0.02085	0.04707	0.06299	0.01492	0.01595	0.04492	0.00669	0.00558	0.00185	0.00783	0.00500	0.00345	0.00900
7	0.01088	0.01020	0.08488	0.00938	0.01229	0.00777	0.00808	0.01485	0.07577	0.07460	0.19132	0.13992	0.30762	0.01385	0.00738	0.00218	0.00427	0.01183	0.00610	0.00682
8	0.00955	0.00771	0.00857	0.00814	0.00981	0.04088	0.00603	0.01208	0.01707	0.02296	0.51951	0.04910	0.19504	0.05463	0.00891	0.00227	0.00367	0.01161	0.00653	0.00591
9	0.01746	0.70565	0.06261	0.01166	0.01724	0.06380	0.01167	0.01974	0.01343	0.01546	0.00915	0.01057	0.00829	0.00561	0.00432	0.00142	0.00727	0.00355	0.00279	0.00830
10	0.01002	0.04325	0.00992	0.00845	0.01050	0.00708	0.00639	0.01243	0.01599	0.04257	0.38650	0.18481	0.13992	0.01375	0.00730	0.00204	0.00362	0.01202	0.00628	0.07717
11	0.06645	0.01726	0.02107	0.02346	0.26888	0.10690	0.05787	0.22235	0.03988	0.02633	0.01594	0.01840	0.04464	0.03353	0.00726	0.00208	0.00772	0.00610	0.00448	0.00938
12	0.08045	0.08981	0.11656	0.01929	0.09268	0.01628	0.19979	0.16475	0.01751	0.02466	0.01791	0.04250	0.07403	0.00753	0.00647	0.00201	0.00786	0.00683	0.00420	0.00888
13	0.00903	0.00670	0.00983	0.01006	0.01105	0.00758	0.00761	0.01108	0.01065	0.01514	0.02019	0.13853	0.02044	0.06978	0.61018	0.00906	0.01486	0.00874	0.00386	0.00562
14	0.01030	0.00684	0.00868	0.00879	0.01024	0.00633	0.00635	0.03408	0.01562	0.07164	0.26861	0.36969	0.12584	0.01618	0.00779	0.00231	0.00369	0.01435	0.00653	0.00615
15	0.01635	0.09841	0.05875	0.04999	0.33154	0.05689	0.09959	0.05130	0.05410	0.03978	0.01557	0.05429	0.03061	0.00709	0.00640	0.00195	0.00779	0.00653	0.00380	0.00924
16	0.01533	0.11793	0.17510	0.16284	0.18234	0.01633	0.13878	0.02046	0.03674	0.05490	0.01277	0.01581	0.00976	0.00609	0.00629	0.00198	0.00851	0.00566	0.00334	0.00903
17	0.02716	0.01086	0.01457	0.01145	0.01613	0.00962	0.00935	0.03044	0.05614	0.66007	0.02608	0.06214	0.01763	0.00870	0.00660	0.00204	0.00538	0.00718	0.00781	0.01065
18	0.01537	0.01849	0.14682	0.02052	0.13745	0.05834	0.13411	0.04519	0.22264	0.02347	0.09355	0.02141	0.01796	0.00757	0.00671	0.00206	0.00753	0.00691	0.00465	0.00927
19	0.01873	0.09269	0.12913	0.03334	0.11731	0.08981	0.05617	0.09567	0.14522	0.11344	0.03436	0.01777	0.01330	0.00710	0.00624	0.00195	0.00758	0.00587	0.00475	0.00958
20	0.08227	0.01501	0.06534	0.18677	0.14605	0.01486	0.18521	0.04342	0.01435	0.06178	0.01389	0.05936	0.01147	0.00732	0.00771	0.00216	0.06418	0.00673	0.00371	0.00842
21	0.00937	0.00635	0.00750	0.00750	0.00765	0.00651	0.00448	0.00968	0.00953	0.01286	0.01995	0.04001	0.02250	0.67535	0.12911	0.00682	0.00775	0.00906	0.00385	0.00416
22	0.01760	0.22034	0.18912	0.01964	0.14094	0.01789	0.08711	0.07767	0.05498	0.09483	0.01371	0.01515	0.01039	0.00631	0.00590	0.00186	0.00782	0.00529	0.00393	0.00955
23	0.01680	0.01722	0.07380	0.06666	0.39238	0.06230	0.10424	0.02202	0.07356	0.06582	0.01397	0.01679	0.01094	0.00638	0.00693	0.00201	0.02882	0.00599	0.00374	0.00963
24	0.01830	0.01410	0.01508	0.01290	0.01683	0.01582	0.01022	0.19136	0.46380	0.06819	0.02468	0.02316	0.03942	0.00866	0.00648	0.00209	0.00544	0.00705	0.04633	0.01009
25	0.00833	0.00596	0.00772	0.00881	0.00948	0.00561	0.00602	0.01012	0.02742	0.01822	0.12827	0.61558	0.06259	0.01858	0.00800	0.00249	0.00365	0.01675	0.03091	0.00549
26	0.01293	0.09069	0.62136	0.01691	0.02548	0.01508	0.02131	0.01958	0.01387	0.02021	0.04879	0.01678	0.03583	0.00679	0.00610	0.00200	0.00880	0.00532	0.00306	0.00914
27	0.01129	0.00704	0.00910	0.00957	0.01089	0.00672	0.00678	0.01412	0.07027	0.10888	0.09031	0.55621	0.03902	0.01721	0.00784	0.00246	0.00402	0.01544	0.00639	0.00644
28	0.01306	0.01218	0.01863	0.01565	0.01686	0.01530	0.10575	0.01525	0.01122	0.01717	0.01325	0.05515	0.01259	0.03662	0.09525	0.00348	0.42918	0.00684	0.09971	0.00684
29	0.04418	0.01670	0.05129	0.03435	0.53850	0.03506	0.10548	0.05715	0.01555	0.02222	0.01226	0.01576	0.00999	0.00587	0.00645	0.00195	0.00813	0.00584	0.00340	0.00988
30	0.01556	0.01523	0.02705	0.05541	0.59515	0.01514	0.11265	0.01960	0.01486	0.02110	0.03712	0.01734	0.01189	0.00599	0.00661	0.00196	0.00798	0.00622	0.00334	0.00981
31	0.01596	0.01576	0.06207	0.19769	0.47243	0.03488	0.01880	0.03729	0.01490	0.05041	0.01256	0.01627	0.00997	0.00610	0.00639	0.00198	0.00799	0.00569	0.00339	0.00949
32	0.00829	0.00630	0.00904	0.00986	0.01065	0.00586	0.04087	0.00970	0.01269	0.01682	0.03587	0.68127	0.07335	0.01927	0.00820	0.00259	0.00413	0.03395	0.00586	0.00545
33	0.11295	0.02379	0.01702	0.01495	0.01853	0.47040	0.03153	0.02535	0.05487	0.10755	0.03510	0.01484	0.01142	0.00715	0.00626	0.00183	0.02927	0.00492	0.00426	0.00800
34	0.04224	0.12289	0.54943	0.01734	0.02572	0.01643	0.05769	0.02103	0.05181	0.02048	0.01205	0.01389	0.00887	0.00616	0.00592	0.00198	0.00889	0.00486	0.00301	0.00930
35	0.01365	0.01021	0.01417	0.01552	0.12829	0.01022	0.04183	0.01917	0.14754	0.08970	0.08312	0.12745	0.10399	0.05403	0.00864	0.00246	0.00537	0.08332	0.03352	0.00781
36	0.01517	0.01451	0.02474	0.19536	0.58334	0.01514	0.01942	0.01911	0.01432	0.02011	0.01201	0.01626	0.00988	0.00591	0.00641	0.00197	0.00788	0.00575	0.00313	0.00957
37	0.01575	0.01488	0.02865	0.02287	0.08692	0.01421	0.42147	0.07704	0.01665	0.06873	0.06875	0.08266	0.03379	0.00787	0.00740	0.00215	0.00862	0.00856	0.00440	0.00863
38	0.77925	0.01277	0.00999	0.00881	0.01287	0.01477	0.00726	0.05326	0.01196	0.02957	0.00932	0.01074	0.00720	0.00608	0.00412	0.00200	0.00510	0.00361	0.00412	0.00720
39	0.06057	0.01657	0.01691	0.03825	0.17382	0.17864	0.01214	0.05970	0.15350	0.04285	0.15841	0.02292	0.02178	0.00823	0.00643	0.00195	0.00694	0.00679	0.00501	0.00859
40	0.02224	0.01234	0.01473	0.01170	0.01588	0.01224	0.00936	0.21345	0.07568	0.31745	0.07977	0.02421	0.01907	0.08803	0.00925	0.00239	0.00575	0.00696	0.00674	0.05276
41	0.02283	0.17546	0.02142	0.01543	0.01932	0.55564	0.01219	0.07224	0.01814	0.01743	0.01018	0.01167	0.00850	0.00651	0.00554	0.00163	0.01041	0.00414	0.00344	0.00789
42	0.03841	0.01155	0.01351	0.01003	0.01524	0.00953	0.00806	0.07047	0.01558	0.09997	0.07364	0.01733	0.01462	0.00610	0.00531	0.00126	0.00490	0.00492	0.00476	0.57481
43	0.01869	0.01773	0.02160	0.11261	0.25412	0.15651	0.04966	0.08976	0.08266	0.07050	0.01406	0.01639	0.01091	0.00693	0.00720	0.00199	0.04960	0.00574	0.00413	0.00922
44	0.00846	0.00673	0.00769	0.00788	0.00981	0.00596	0.00620	0.01061	0.01541	0.01938	0.18165	0.06171	0.47157	0.01607	0.00788	0.00231	0.00375	0.14506	0.00620	0.00567
45	0.00926	0.00621	0.00709	0.00722	0.00725	0.00618	0.00410	0.00936	0.00966	0.01288	0.02169	0.10579	0.02517	0.70712	0.03073	0.00595	0.00604	0.01018	0.00410	0.00403
46	0.01950	0.53536	0.02883	0.01287	0.01768	0.25905	0.01152	0.02144	0.01481	0.01540	0.00931	0.01078	0.00830	0.00589	0.00469	0.00147	0.00844	0.00368	0.00295	0.00803
47	0.07785	0.12288	0.06777	0.03512	0.14836	0.11813	0.08305	0.12265	0.01655	0.04454	0.01173	0.01415	0.00936	0.00687	0.00763	0.00196	0.09357	0.00520	0.00378	0.00887
48	0.00798	0.00570	0.00762	0.00912	0.00954	0.00534	0.00618	0.00918	0.01248	0.01661	0.03555	0.73953	0.04250	0.02014	0.00828	0.00264	0.00384	0.04649	0.00600	0.00528
49	0.01524	0.01280	0.01905	0.08448	0.33860	0.01322	0.01438	0.05735	0.11313	0.06117	0.09837	0.02683	0.07312	0.00856	0.00676	0.00206	0.00634	0.03464	0.00482	0.00908
50	0.00884	0.00633	0.00814	0.00872	0.00965	0.00599	0.00629	0.01067	0.01417	0.01914	0.23981	0.29918	0.08542	0.13333	0.01191	0.00303	0.00422	0.11372	0.00600	0.00541

[dist]
# distance from previous block
# <min> <max>
1	3

[block]
# block no. 3 follows, 34 sequences, length 49
# corresponding to MSA columns:
# 141-189
name=unknown_D
#
# <colnr> <probs for GDERKNQSTAVLIFYWHMCP>
#	G	D	E	R	K	N	Q	S	T	A	V	L	I	F	Y	W	H	M	C	P
0	0.56070	0.01672	0.01322	0.01366	0.09324	0.17101	0.00958	0.02054	0.01297	0.02531	0.00956	0.01135	0.00764	0.00611	0.00465	0.00192	0.00671	0.00389	0.00377	0.00746
1	0.01894	0.01410	0.02110	0.06607	0.17661	0.01438	0.11096	0.18460	0.05013	0.14524	0.04550	0.03617	0.03084	0.02468	0.00738	0.00215	0.00714	0.02919	0.00528	0.00951
2	0.01470	0.01364	0.02057	0.02819	0.45771	0.03016	0.01508	0.04204	0.01510	0.02119	0.03773	0.07057	0.07206	0.00774	0.00641	0.00184	0.00658	0.00708	0.00393	0.12768
3	0.00925	0.00620	0.00709	0.00723	0.00727	0.00617	0.00412	0.00936	0.00968	0.01291	0.02183	0.11216	0.02534	0.70052	0.03052	0.00591	0.00602	0.01026	0.00412	0.00404
4	0.01544	0.01359	0.01631	0.01781	0.15390	0.01505	0.01170	0.02946	0.52213	0.02508	0.02480	0.04974	0.04079	0.00874	0.00659	0.00213	0.00549	0.00752	0.00583	0.02789
5	0.01694	0.53179	0.16515	0.01302	0.01902	0.08071	0.01355	0.02095	0.05496	0.01694	0.01057	0.01189	0.00894	0.00592	0.00480	0.00158	0.00768	0.00399	0.00302	0.00858
6	0.00883	0.00652	0.00833	0.00859	0.00998	0.00602	0.00650	0.01126	0.01605	0.02175	0.38625	0.19887	0.15925	0.01578	0.00793	0.00231	0.00364	0.10978	0.00655	0.00580
7	0.02899	0.01100	0.01499	0.01150	0.01649	0.00950	0.00950	0.03149	0.01849	0.73709	0.02549	0.02199	0.01599	0.00800	0.00650	0.00200	0.00550	0.00650	0.00800	0.01100
8	0.02124	0.01449	0.01623	0.01332	0.01758	0.01586	0.01074	0.26120	0.29615	0.17600	0.02311	0.02164	0.03838	0.00860	0.00707	0.00209	0.03248	0.00678	0.00668	0.01038
9	0.01557	0.01344	0.01413	0.01276	0.01632	0.01544	0.00991	0.03284	0.67890	0.02646	0.02863	0.02637	0.06201	0.00922	0.00664	0.00219	0.00500	0.00768	0.00654	0.00994
10	0.02352	0.01758	0.01880	0.01466	0.01964	0.01955	0.01203	0.62775	0.11540	0.03904	0.01684	0.01657	0.01206	0.00788	0.00648	0.00197	0.00686	0.00600	0.00648	0.01089
11	0.01138	0.00850	0.01132	0.01127	0.01305	0.00859	0.03891	0.05241	0.10764	0.04050	0.08538	0.37631	0.03607	0.01603	0.00795	0.00252	0.00488	0.15445	0.00611	0.00673
12	0.01545	0.01480	0.02525	0.14169	0.63479	0.01521	0.01956	0.01936	0.01446	0.02046	0.01206	0.01617	0.01000	0.00586	0.00641	0.00195	0.00781	0.00575	0.00315	0.00980
13	0.78922	0.01270	0.00986	0.00873	0.01277	0.01470	0.00719	0.04457	0.01171	0.02942	0.00924	0.01068	0.00715	0.00606	0.00409	0.00200	0.00508	0.00358	0.00409	0.00715
14	0.01637	0.01467	0.02359	0.20011	0.49370	0.03256	0.01837	0.04162	0.01511	0.06317	0.01285	0.01651	0.01019	0.00614	0.00641	0.00197	0.00784	0.00576	0.00352	0.00954
15	0.05862	0.02915	0.01800	0.01625	0.01955	0.67378	0.01229	0.04241	0.01803	0.01701	0.01004	0.01178	0.00834	0.00680	0.00625	0.00172	0.03479	0.00422	0.00342	0.00754
16	0.04311	0.01420	0.01634	0.01309	0.01768	0.03018	0.01086	0.33188	0.02317	0.30713	0.02138	0.02479	0.01596	0.00901	0.00670	0.00208	0.00639	0.08896	0.00687	0.01021
17	0.00793	0.00565	0.00748	0.00892	0.00928	0.00529	0.00592	0.00901	0.01226	0.01634	0.03504	0.74123	0.04201	0.04871	0.00918	0.00276	0.00384	0.01803	0.00592	0.00520
18	0.00816	0.00610	0.00762	0.00866	0.00951	0.00568	0.00595	0.01003	0.03616	0.01747	0.07484	0.58522	0.16311	0.01884	0.00805	0.00250	0.00368	0.01685	0.00607	0.00549
19	0.00876	0.00659	0.00810	0.00772	0.00942	0.00593	0.00579	0.01145	0.01738	0.02374	0.55915	0.05183	0.23237	0.01402	0.00762	0.00207	0.00311	0.01219	0.00683	0.00593
20	0.01688	0.01428	0.01507	0.01331	0.01711	0.01645	0.01042	0.09888	0.65508	0.02833	0.02527	0.02329	0.01889	0.00867	0.00656	0.00217	0.00530	0.00716	0.00656	0.01030
21	0.00914	0.00660	0.00864	0.00813	0.00965	0.00610	0.00610	0.01219	0.01829	0.02591	0.72921	0.04827	0.06097	0.01321	0.00762	0.00203	0.00305	0.01169	0.00711	0.00610
22	0.00936	0.00641	0.00777	0.00777	0.00802	0.00666	0.00481	0.00986	0.00961	0.01306	0.01970	0.03863	0.02190	0.61628	0.18736	0.00716	0.00865	0.00886	0.00382	0.00432
23	0.01785	0.71463	0.03256	0.01152	0.01687	0.08570	0.01117	0.01989	0.01356	0.01525	0.00907	0.01047	0.00829	0.00562	0.00429	0.00141	0.00731	0.00351	0.00281	0.00823
24	0.01340	0.01148	0.01340	0.00957	0.01531	0.00861	0.00766	0.01627	0.01340	0.02105	0.01148	0.01340	0.00957	0.00479	0.00479	0.00096	0.00479	0.00383	0.00383	0.81242
25	0.01622	0.01607	0.02464	0.03627	0.63919	0.07266	0.01854	0.01975	0.01488	0.02045	0.01319	0.05426	0.01175	0.00657	0.00645	0.00194	0.00779	0.00628	0.00335	0.00976
26	0.01685	0.65518	0.09923	0.01193	0.01761	0.04942	0.01222	0.01943	0.01327	0.01571	0.00954	0.01121	0.00854	0.00702	0.02860	0.00175	0.00767	0.00372	0.00280	0.00830
27	0.01442	0.01157	0.01281	0.01157	0.01462	0.01281	0.00895	0.02751	0.48273	0.05174	0.23978	0.03137	0.03212	0.01009	0.00689	0.00214	0.00450	0.00861	0.00679	0.00900
28	0.01648	0.01627	0.02576	0.03829	0.69019	0.05891	0.01939	0.02019	0.01493	0.02079	0.01202	0.01573	0.01012	0.00581	0.00636	0.00190	0.00791	0.00566	0.00321	0.01007
29	0.01861	0.01921	0.01924	0.07651	0.12910	0.25690	0.03967	0.06771	0.09076	0.04691	0.05645	0.03506	0.01430	0.00803	0.00806	0.00202	0.09271	0.00613	0.00422	0.00839
30	0.00870	0.00659	0.00802	0.00766	0.00938	0.00591	0.00575	0.01134	0.01724	0.02343	0.53418	0.05235	0.25754	0.01414	0.00763	0.00208	0.00311	0.01226	0.00679	0.00591
31	0.01019	0.00723	0.00829	0.00778	0.01001	0.00646	0.00592	0.01313	0.04741	0.07651	0.29486	0.05248	0.40738	0.01427	0.00750	0.00212	0.00345	0.01212	0.00657	0.00632
32	0.02456	0.01810	0.01939	0.01487	0.02004	0.02004	0.01228	0.71107	0.03038	0.04072	0.01551	0.01551	0.01099	0.00776	0.00646	0.00194	0.00711	0.00582	0.00646	0.01099
33	0.13482	0.01211	0.01349	0.01127	0.01527	0.01264	0.00904	0.12137	0.18140	0.27108	0.02205	0.05803	0.01630	0.00844	0.00606	0.00202	0.00523	0.00672	0.08317	0.00948
34	0.00779	0.00655	0.00677	0.00671	0.00882	0.00552	0.00503	0.00958	0.01510	0.01834	0.13519	0.06072	0.65971	0.01603	0.00763	0.00217	0.00325	0.01343	0.00612	0.00552
35	0.00875	0.00623	0.00835	0.00960	0.01034	0.00597	0.00708	0.01046	0.01333	0.01776	0.08796	0.48139	0.04150	0.06386	0.00985	0.00289	0.00444	0.19889	0.00595	0.00542
36	0.23234	0.01203	0.01397	0.01103	0.01578	0.01174	0.00910	0.08984	0.01764	0.49127	0.02033	0.01844	0.01322	0.00746	0.00585	0.00199	0.00552	0.00566	0.00683	0.00996
37	0.02795	0.01266	0.01602	0.01229	0.01732	0.01197	0.01015	0.19066	0.02128	0.57399	0.02315	0.02047	0.01482	0.00794	0.00649	0.00199	0.00588	0.00634	0.00764	0.01099
38	0.56317	0.06192	0.01323	0.01079	0.01470	0.20750	0.00868	0.02080	0.01304	0.02472	0.00926	0.01079	0.00742	0.00614	0.00449	0.00188	0.00686	0.00367	0.00375	0.00720
39	0.00846	0.00633	0.00914	0.01009	0.01085	0.00596	0.03724	0.00996	0.01275	0.01697	0.03448	0.66417	0.04072	0.01935	0.00829	0.00264	0.00429	0.08696	0.00587	0.00547
40	0.02414	0.03079	0.01831	0.01665	0.01998	0.74698	0.01248	0.02580	0.01831	0.01581	0.00999	0.01165	0.00832	0.00666	0.00583	0.00166	0.01165	0.00416	0.00333	0.00749
41	0.00796	0.00573	0.00756	0.00885	0.00937	0.00532	0.00597	0.00925	0.01290	0.01725	0.09018	0.69104	0.06550	0.01958	0.00818	0.00256	0.00368	0.01770	0.00608	0.00532
42	0.02087	0.02395	0.01681	0.01523	0.01869	0.45136	0.01157	0.02925	0.30249	0.02035	0.01658	0.01669	0.01293	0.00751	0.00613	0.00188	0.00901	0.00543	0.00464	0.00860
43	0.01361	0.01167	0.01349	0.00985	0.01543	0.00919	0.00786	0.01767	0.06812	0.02152	0.01263	0.01423	0.01036	0.00509	0.00492	0.00105	0.00481	0.00410	0.00404	0.75039
44	0.01273	0.02989	0.62739	0.01795	0.02655	0.01423	0.06296	0.01968	0.01418	0.02100	0.08072	0.01720	0.01336	0.00678	0.00637	0.00205	0.00900	0.00561	0.00318	0.00917
45	0.01314	0.01255	0.02146	0.55184	0.17753	0.01444	0.05339	0.01736	0.01341	0.01779	0.01170	0.01685	0.00903	0.00621	0.00645	0.00206	0.00841	0.00577	0.00299	0.03761
46	0.00907	0.06094	0.00954	0.00796	0.01004	0.00726	0.00628	0.01130	0.01569	0.02015	0.26997	0.07774	0.37687	0.01486	0.00753	0.00217	0.00373	0.07687	0.00612	0.00590
47	0.01436	0.01229	0.05039	0.01027	0.01563	0.00917	0.00862	0.04741	0.01446	0.07001	0.01580	0.07368	0.03008	0.00668	0.00538	0.00129	0.00506	0.00551	0.00439	0.59951
48	0.06296	0.07088	0.07507	0.01629	0.02039	0.55313	0.03865	0.02486	0.04794	0.01749	0.01083	0.01243	0.00880	0.00657	0.00576	0.00174	0.01057	0.00440	0.00343	0.00783

[dist]
# distance from previous block
# <min> <max>
0	2

[block]
# block no. 4 follows, 34 sequences, length 35
# corresponding to MSA columns:
# 192-226
name=unknown_E
#
# <colnr> <probs for GDERKNQSTAVLIFYWHMCP>
#	G	D	E	R	K	N	Q	S	T	A	V	L	I	F	Y	W	H	M	C	P
0	0.02354	0.02989	0.01965	0.01736	0.02091	0.69772	0.05946	0.02546	0.01810	0.01614	0.01020	0.01204	0.00842	0.00658	0.00595	0.00170	0.01160	0.00440	0.00333	0.00757
1	0.01562	0.27937	0.35131	0.01624	0.02343	0.06259	0.07958	0.04614	0.01464	0.01934	0.02920	0.01372	0.00983	0.00614	0.00564	0.00181	0.00866	0.00477	0.00308	0.00890
2	0.01447	0.01618	0.03489	0.02531	0.03119	0.01517	0.63486	0.01946	0.01495	0.02025	0.01545	0.09680	0.01328	0.00701	0.00769	0.00223	0.01014	0.00876	0.00356	0.00835
3	0.01479	0.01650	0.03340	0.02455	0.03020	0.04455	0.58661	0.01962	0.01516	0.02013	0.01589	0.07142	0.01380	0.00733	0.00768	0.00224	0.01011	0.05416	0.00363	0.00825
4	0.00797	0.00567	0.00747	0.00887	0.00921	0.00532	0.00586	0.00902	0.01217	0.01623	0.03458	0.71973	0.04144	0.07099	0.00991	0.00287	0.00392	0.01776	0.00586	0.00516
5	0.01579	0.01515	0.02587	0.07700	0.69681	0.01530	0.01973	0.01966	0.01462	0.02087	0.01212	0.01606	0.01015	0.00579	0.00640	0.00193	0.00772	0.00576	0.00318	0.01008
6	0.00831	0.00657	0.00748	0.00726	0.00914	0.00574	0.00544	0.01058	0.01632	0.02125	0.36300	0.05594	0.43008	0.01495	0.00763	0.00211	0.00317	0.01276	0.00650	0.00574
7	0.02042	0.01310	0.01518	0.01260	0.01664	0.01356	0.01019	0.29141	0.10063	0.18254	0.02294	0.11908	0.01946	0.01028	0.00684	0.00210	0.00586	0.07174	0.00654	0.05888
8	0.00787	0.00562	0.00750	0.00900	0.00937	0.00525	0.00600	0.00900	0.01237	0.01649	0.03561	0.76871	0.04274	0.02024	0.00825	0.00262	0.00375	0.01837	0.00600	0.00525
9	0.01387	0.01177	0.01365	0.00980	0.01551	0.00910	0.00785	0.04582	0.01412	0.02189	0.01166	0.01349	0.00963	0.00491	0.00486	0.00100	0.00488	0.00391	0.00394	0.77834
10	0.01405	0.01146	0.01347	0.00965	0.01536	0.00865	0.00773	0.01691	0.01361	0.05101	0.01207	0.01376	0.00984	0.00492	0.00486	0.00100	0.00481	0.00394	0.00400	0.77890
11	0.01175	0.00995	0.01277	0.09021	0.01697	0.00856	0.02458	0.01456	0.01392	0.02004	0.09129	0.04537	0.09590	0.04286	0.00725	0.00177	0.00513	0.05422	0.00447	0.42842
12	0.01607	0.01388	0.01461	0.01315	0.01680	0.01607	0.01023	0.03433	0.72094	0.02703	0.02630	0.02411	0.01972	0.00877	0.00657	0.00219	0.00511	0.00731	0.00657	0.01023
13	0.01667	0.01339	0.01612	0.04654	0.11477	0.01489	0.01160	0.03034	0.50658	0.08621	0.02410	0.05369	0.01863	0.00868	0.00661	0.00215	0.00558	0.00743	0.00606	0.00996
14	0.01296	0.03342	0.73944	0.01842	0.02797	0.01501	0.02387	0.02046	0.01364	0.02046	0.01160	0.01364	0.00818	0.00614	0.00614	0.00205	0.00955	0.00477	0.00273	0.00955
15	0.04644	0.01617	0.01716	0.01389	0.01841	0.01813	0.01125	0.44006	0.26382	0.03529	0.03874	0.01918	0.01521	0.00819	0.00646	0.00203	0.00625	0.00641	0.00644	0.01047
16	0.01220	0.01148	0.01938	0.75739	0.04450	0.01436	0.01794	0.01651	0.01292	0.01651	0.01148	0.01723	0.00861	0.00646	0.00646	0.00215	0.00861	0.00574	0.00287	0.00718
17	0.01174	0.01273	0.08163	0.01875	0.12156	0.01081	0.17300	0.01583	0.05233	0.01919	0.02509	0.33550	0.04315	0.01268	0.00757	0.00235	0.00662	0.03733	0.00471	0.00745
18	0.01747	0.01773	0.07492	0.09761	0.19922	0.09961	0.23061	0.02158	0.01544	0.11051	0.01466	0.04513	0.01154	0.00669	0.00678	0.00204	0.00893	0.00665	0.00389	0.00900
19	0.01193	0.00936	0.01316	0.01247	0.03290	0.02425	0.08340	0.03324	0.07583	0.05157	0.15367	0.27533	0.06115	0.01393	0.00759	0.00232	0.00512	0.08388	0.04200	0.00689
20	0.01421	0.00754	0.00845	0.00766	0.00992	0.00730	0.00593	0.04646	0.03240	0.12311	0.12432	0.03023	0.08662	0.00922	0.00564	0.00174	0.00361	0.00758	0.46108	0.00698
21	0.01568	0.01504	0.02567	0.09788	0.67680	0.01527	0.01968	0.01956	0.01457	0.02074	0.01210	0.01609	0.01010	0.00581	0.00640	0.00194	0.00775	0.00576	0.00317	0.00999
22	0.01563	0.37785	0.20724	0.01429	0.04388	0.01940	0.02914	0.07742	0.03257	0.01949	0.01502	0.06676	0.04144	0.00743	0.00549	0.00177	0.00729	0.00571	0.00355	0.00863
23	0.00915	0.00646	0.00833	0.00945	0.01023	0.00625	0.00668	0.04618	0.01359	0.01833	0.03385	0.63450	0.03951	0.01886	0.00807	0.00258	0.00410	0.07977	0.03849	0.00564
24	0.01599	0.01535	0.02623	0.03966	0.73262	0.01535	0.01983	0.01983	0.01471	0.02111	0.01215	0.01599	0.01023	0.00576	0.00640	0.00192	0.00768	0.00576	0.00320	0.01023
25	0.03438	0.05211	0.12090	0.08466	0.22011	0.01453	0.16194	0.02123	0.03875	0.11588	0.03422	0.01931	0.03895	0.00678	0.00656	0.00202	0.00793	0.00645	0.00408	0.00923
26	0.00924	0.00738	0.00843	0.00824	0.00982	0.03388	0.00608	0.01169	0.01679	0.02257	0.47551	0.14445	0.19295	0.01453	0.00764	0.00213	0.00351	0.01268	0.00660	0.00591
27	0.00985	0.00678	0.00756	0.00746	0.00771	0.00693	0.00435	0.01110	0.05802	0.01352	0.02076	0.04104	0.02323	0.72070	0.03109	0.00599	0.00619	0.00925	0.00410	0.00435
28	0.01296	0.03342	0.73944	0.01842	0.02797	0.01501	0.02387	0.02046	0.01364	0.02046	0.01160	0.01364	0.00818	0.00614	0.00614	0.00205	0.00955	0.00477	0.00273	0.00955
29	0.06921	0.13250	0.46299	0.01682	0.04763	0.03836	0.01897	0.08190	0.01503	0.02190	0.01201	0.03309	0.00936	0.00656	0.00580	0.00194	0.00850	0.00497	0.00327	0.00918
30	0.00927	0.00675	0.00949	0.00949	0.01034	0.00759	0.00696	0.01096	0.01012	0.01434	0.01812	0.02991	0.01812	0.24251	0.55595	0.00928	0.01435	0.00759	0.00358	0.00527
31	0.01586	0.01522	0.02599	0.06430	0.70899	0.01532	0.01977	0.01972	0.01465	0.02095	0.01213	0.01603	0.01018	0.00578	0.00640	0.00193	0.00771	0.00576	0.00319	0.01013
32	0.07988	0.02377	0.02076	0.01721	0.02112	0.39081	0.10924	0.15726	0.01901	0.02228	0.01130	0.01333	0.00897	0.00704	0.00733	0.00191	0.07155	0.00504	0.00394	0.00827
33	0.02418	0.01791	0.01918	0.01479	0.01989	0.01986	0.01219	0.68065	0.06142	0.04011	0.01600	0.01590	0.01138	0.00780	0.00647	0.00195	0.00702	0.00588	0.00647	0.01095
34	0.09183	0.01618	0.01681	0.01341	0.01805	0.10207	0.03129	0.29113	0.02192	0.22588	0.01917	0.01995	0.03686	0.00801	0.00629	0.00195	0.00689	0.02944	0.00608	0.03679

[dist]
# distance from previous block
# <min> <max>
0	1

[block]
# block no. 5 follows, 34 sequences, length 20
# corresponding to MSA columns:
# 228-247
name=unknown_F
#
# <colnr> <probs for GDERKNQSTAVLIFYWHMCP>
#	G	D	E	R	K	N	Q	S	T	A	V	L	I	F	Y	W	H	M	C	P
0	0.01774	0.01497	0.01477	0.01417	0.05636	0.14133	0.01030	0.23551	0.01954	0.05772	0.02193	0.22111	0.02198	0.05730	0.00860	0.00242	0.00683	0.06395	0.00548	0.00798
1	0.01581	0.01548	0.02437	0.09064	0.60412	0.05575	0.01858	0.01952	0.01496	0.02071	0.04863	0.01749	0.01260	0.00624	0.00643	0.00193	0.00773	0.00597	0.00338	0.00964
2	0.01569	0.14288	0.11594	0.01465	0.01831	0.13492	0.03924	0.05741	0.03809	0.01876	0.05831	0.01761	0.01358	0.01456	0.12894	0.00338	0.15067	0.00567	0.00361	0.00778
3	0.02456	0.01810	0.01939	0.01487	0.02004	0.02004	0.01228	0.71107	0.03038	0.04072	0.01551	0.01551	0.01099	0.00776	0.00646	0.00194	0.00711	0.00582	0.00646	0.01099
4	0.00807	0.00576	0.00772	0.00922	0.00968	0.00542	0.00634	0.00934	0.01257	0.01672	0.03550	0.71449	0.04230	0.02006	0.00830	0.00265	0.00392	0.07063	0.00599	0.00530
5	0.65683	0.03677	0.01141	0.00936	0.01351	0.01490	0.00774	0.05605	0.05302	0.07408	0.01137	0.01226	0.00854	0.00636	0.00444	0.00199	0.00520	0.00402	0.00449	0.00768
6	0.01586	0.01277	0.01610	0.01373	0.01547	0.01566	0.01103	0.14217	0.08519	0.06254	0.05488	0.02198	0.01579	0.10778	0.06443	0.00344	0.32206	0.00678	0.00457	0.00778
7	0.00929	0.00682	0.00760	0.00726	0.00943	0.00586	0.00550	0.01135	0.01590	0.06171	0.24132	0.05610	0.50873	0.01503	0.00757	0.00213	0.00334	0.01270	0.00642	0.00595
8	0.01220	0.01148	0.01938	0.75739	0.04450	0.01436	0.01794	0.01651	0.01292	0.01651	0.01148	0.01723	0.00861	0.00646	0.00646	0.00215	0.00861	0.00574	0.00287	0.00718
9	0.32320	0.01412	0.01435	0.17238	0.02144	0.07783	0.01084	0.12064	0.01580	0.10705	0.01397	0.05734	0.01111	0.00745	0.00558	0.00203	0.00665	0.00557	0.00463	0.00802
10	0.03637	0.17039	0.37041	0.01627	0.02328	0.07934	0.04351	0.08961	0.05511	0.02154	0.01209	0.01370	0.00918	0.00647	0.00616	0.00191	0.02726	0.00481	0.00342	0.00916
11	0.00813	0.00656	0.00721	0.00711	0.00898	0.00578	0.00527	0.00999	0.01490	0.01873	0.19317	0.05622	0.51648	0.05991	0.05045	0.00284	0.00418	0.01263	0.00596	0.00551
12	0.00846	0.00604	0.00817	0.00966	0.01029	0.00575	0.00701	0.01001	0.01295	0.01715	0.03529	0.60890	0.04146	0.01969	0.00840	0.00270	0.00425	0.17242	0.00599	0.00541
13	0.01728	0.05092	0.02492	0.07102	0.54326	0.10068	0.01807	0.05905	0.01584	0.02110	0.01192	0.01528	0.00989	0.00600	0.00624	0.00188	0.00812	0.00547	0.00336	0.00972
14	0.01472	0.17774	0.38128	0.02291	0.21312	0.01728	0.04617	0.02008	0.01388	0.01958	0.01127	0.01375	0.00881	0.00589	0.00586	0.00188	0.00857	0.00488	0.00288	0.00945
15	0.00877	0.00621	0.00825	0.00948	0.01014	0.00598	0.00690	0.01031	0.01288	0.01710	0.05927	0.46971	0.03958	0.11280	0.01146	0.00315	0.00461	0.19234	0.00577	0.00530
16	0.01599	0.01535	0.02623	0.03966	0.73262	0.01535	0.01983	0.01983	0.01471	0.02111	0.01215	0.01599	0.01023	0.00576	0.00640	0.00192	0.00768	0.00576	0.00320	0.01023
17	0.08605	0.01597	0.01892	0.01972	0.18187	0.05824	0.01316	0.21547	0.12925	0.10093	0.01594	0.01687	0.01198	0.00761	0.00761	0.00205	0.07758	0.00581	0.00517	0.00980
18	0.00821	0.00609	0.00707	0.00769	0.00854	0.00559	0.00509	0.00919	0.01233	0.01574	0.04108	0.34761	0.25769	0.22085	0.01466	0.00346	0.00427	0.01445	0.00544	0.00496
19	0.01734	0.18936	0.04983	0.02329	0.17846	0.06142	0.24033	0.06680	0.01586	0.05262	0.01315	0.03874	0.01081	0.00636	0.00631	0.00190	0.00858	0.00615	0.00364	0.00905

[dist]
# distance from previous block
# <min> <max>
0	1

[block]
# block no. 6 follows, 34 sequences, length 30
# corresponding to MSA columns:
# 249-278
name=unknown_G
#
# <colnr> <probs for GDERKNQSTAVLIFYWHMCP>
#	G	D	E	R	K	N	Q	S	T	A	V	L	I	F	Y	W	H	M	C	P
0	0.01524	0.01472	0.02585	0.09089	0.55702	0.01483	0.09115	0.01922	0.01464	0.02059	0.01374	0.02021	0.01195	0.00662	0.00671	0.00204	0.00796	0.05371	0.00337	0.00954
1	0.02001	0.34413	0.07628	0.01415	0.01894	0.32013	0.01256	0.05082	0.05564	0.01752	0.01082	0.01211	0.00905	0.00631	0.00521	0.00161	0.00895	0.00415	0.00336	0.00827
2	0.01759	0.69380	0.06089	0.01175	0.01728	0.07674	0.01167	0.01985	0.01352	0.01546	0.00916	0.01059	0.00829	0.00563	0.00435	0.00143	0.00735	0.00356	0.00280	0.00828
3	0.02090	0.10269	0.08571	0.01536	0.06977	0.03014	0.01259	0.35021	0.02220	0.11427	0.04431	0.01869	0.01380	0.06091	0.00805	0.00219	0.00702	0.00599	0.00544	0.00975
4	0.00997	0.04524	0.01194	0.00961	0.01168	0.00777	0.05547	0.01314	0.01782	0.02502	0.64375	0.04425	0.05480	0.01229	0.00745	0.00201	0.00379	0.01100	0.00663	0.00639
5	0.01514	0.04204	0.02275	0.32636	0.34833	0.04503	0.01784	0.04399	0.03984	0.01973	0.01231	0.01639	0.00980	0.00625	0.00633	0.00199	0.00808	0.00566	0.00329	0.00884
6	0.01556	0.01491	0.02544	0.12231	0.65338	0.01524	0.01961	0.01945	0.01451	0.02058	0.01208	0.01613	0.01005	0.00584	0.00640	0.00195	0.00778	0.00576	0.00316	0.00988
7	0.01509	0.00840	0.01040	0.00922	0.01187	0.00795	0.00714	0.01943	0.09350	0.20673	0.30782	0.07301	0.09675	0.01142	0.00693	0.00203	0.00395	0.00979	0.09088	0.00769
8	0.00891	0.01068	0.11972	0.00935	0.01225	0.00724	0.00847	0.01186	0.03078	0.01855	0.09143	0.20448	0.38577	0.01530	0.00756	0.00228	0.00447	0.03912	0.00558	0.00621
9	0.01578	0.01582	0.03117	0.11118	0.18443	0.01555	0.41399	0.02122	0.04877	0.05584	0.01394	0.01764	0.01054	0.00591	0.00712	0.00211	0.00940	0.00694	0.00360	0.00905
10	0.01718	0.64362	0.07824	0.01191	0.01748	0.05297	0.01190	0.02075	0.06399	0.01642	0.01043	0.01161	0.00910	0.00584	0.00452	0.00149	0.00714	0.00385	0.00306	0.00848
11	0.00805	0.00610	0.00742	0.00807	0.00923	0.00548	0.00568	0.00970	0.01425	0.01863	0.17996	0.40953	0.25916	0.01767	0.00794	0.00237	0.00346	0.01560	0.00622	0.00548
12	0.01316	0.06762	0.70698	0.01808	0.02744	0.01549	0.02328	0.02041	0.01362	0.02022	0.01148	0.01349	0.00819	0.00611	0.00605	0.00202	0.00943	0.00471	0.00273	0.00949
13	0.01763	0.01611	0.02352	0.03290	0.54623	0.07365	0.01745	0.02271	0.08994	0.07488	0.01447	0.01695	0.01152	0.00632	0.00638	0.00193	0.00756	0.00585	0.00392	0.01007
14	0.00960	0.00865	0.04364	0.00950	0.01145	0.00764	0.00744	0.01413	0.12301	0.01995	0.13607	0.32169	0.20383	0.01581	0.00768	0.00236	0.00411	0.04094	0.00608	0.00642
15	0.01414	0.01414	0.01979	0.01696	0.01696	0.01979	0.01414	0.01555	0.00990	0.01555	0.00848	0.01414	0.00848	0.01131	0.02120	0.00283	0.76110	0.00565	0.00283	0.00707
16	0.01596	0.01545	0.02680	0.03907	0.69920	0.01540	0.05279	0.01987	0.01474	0.02109	0.01220	0.01606	0.01021	0.00574	0.00646	0.00193	0.00783	0.00585	0.00320	0.01016
17	0.04564	0.35460	0.27331	0.01550	0.04714	0.05447	0.04378	0.02087	0.02716	0.04724	0.01120	0.01277	0.00887	0.00597	0.00527	0.00174	0.00807	0.00439	0.00314	0.00887
18	0.00924	0.00689	0.01023	0.01023	0.01133	0.00799	0.00789	0.01144	0.01034	0.01489	0.01745	0.02616	0.01649	0.08179	0.71445	0.01019	0.01680	0.00704	0.00348	0.00568
19	0.05641	0.00866	0.01012	0.00948	0.01172	0.00886	0.00735	0.01770	0.17044	0.04008	0.43314	0.04289	0.08623	0.01224	0.00726	0.00214	0.00387	0.05762	0.00669	0.00710
20	0.06987	0.04781	0.04338	0.01564	0.06671	0.26952	0.01177	0.10373	0.16680	0.04126	0.05202	0.03275	0.03539	0.00796	0.00614	0.00191	0.00784	0.00605	0.00480	0.00865
21	0.01508	0.01602	0.07539	0.05072	0.54167	0.01468	0.08659	0.01921	0.01457	0.02067	0.01402	0.04580	0.01239	0.00683	0.00668	0.00203	0.00792	0.03673	0.00339	0.00960
22	0.00817	0.00582	0.00775	0.00920	0.00966	0.00549	0.00634	0.00942	0.01250	0.01662	0.03492	0.67683	0.04151	0.04745	0.00921	0.00279	0.00405	0.08109	0.00592	0.00527
23	0.01531	0.01814	0.09219	0.02530	0.07899	0.01684	0.46938	0.04737	0.01486	0.02072	0.01228	0.01643	0.00954	0.00652	0.00945	0.00224	0.12556	0.00688	0.00328	0.00873
24	0.01518	0.30255	0.39078	0.01692	0.04843	0.04562	0.05823	0.02024	0.01376	0.01841	0.01069	0.01268	0.00839	0.00588	0.00550	0.00179	0.00868	0.00447	0.00281	0.00899
25	0.01567	0.01673	0.03474	0.02500	0.03118	0.01582	0.61296	0.06242	0.01621	0.03627	0.01641	0.01991	0.05035	0.00625	0.00753	0.00216	0.01013	0.00783	0.00371	0.00872
26	0.00851	0.00598	0.00772	0.00857	0.00893	0.00592	0.00562	0.00944	0.01121	0.01509	0.02862	0.45174	0.03347	0.25525	0.10887	0.00472	0.00623	0.01417	0.00504	0.00490
27	0.01580	0.01516	0.04118	0.03570	0.61092	0.01461	0.05756	0.01965	0.01485	0.04239	0.03345	0.04334	0.01289	0.00653	0.00656	0.00197	0.00757	0.00647	0.00354	0.00987
28	0.01545	0.01703	0.03224	0.02560	0.09294	0.05205	0.49415	0.02082	0.05436	0.02030	0.01400	0.04332	0.01137	0.00670	0.00846	0.00220	0.06939	0.00749	0.00351	0.00863
29	0.02232	0.00991	0.01294	0.01041	0.01423	0.00890	0.00832	0.05834	0.01819	0.47274	0.16458	0.03048	0.06507	0.06293	0.00862	0.00231	0.00503	0.00808	0.00735	0.00923

[dist]
# distance from previous block
# <min> <max>
0	7

# created by:
# /home/berkeley/.conda/envs/busco_data_prod/bin/msa2prfl.pl pipeline/OGs_align_augustus/4893/40917.fs
