[name]
unknown

[dist]
# distance from previous block
# <min> <max>
0	3

[block]
# block no. 0 follows, 32 sequences, length 7
# corresponding to MSA columns:
# 3-9
name=unknown_A
#
# <colnr> <probs for GDERKNQSTAVLIFYWHMCP>
#	G	D	E	R	K	N	Q	S	T	A	V	L	I	F	Y	W	H	M	C	P
0	0.07436	0.04170	0.01786	0.03608	0.01903	0.01729	0.01140	0.37611	0.07951	0.09426	0.01762	0.02045	0.01368	0.04624	0.00841	0.00228	0.03367	0.03177	0.00601	0.05226
1	0.04322	0.13721	0.17303	0.08239	0.05195	0.08731	0.11107	0.06613	0.05884	0.04968	0.01323	0.01547	0.01015	0.00681	0.00698	0.00201	0.04445	0.00550	0.00380	0.03076
2	0.00921	0.00628	0.00748	0.00802	0.00815	0.00614	0.00481	0.00961	0.01082	0.01443	0.02659	0.29031	0.03127	0.50841	0.02535	0.00520	0.00561	0.01296	0.00481	0.00454
3	0.01051	0.00762	0.00921	0.04569	0.01202	0.00728	0.00677	0.05008	0.01553	0.04651	0.14722	0.24386	0.25175	0.10195	0.01093	0.00283	0.00444	0.01354	0.00610	0.00615
4	0.04716	0.16873	0.31837	0.05857	0.11173	0.05603	0.01840	0.04249	0.05862	0.04131	0.01288	0.01477	0.00984	0.00652	0.00597	0.00196	0.00854	0.00504	0.00352	0.00954
5	0.01518	0.01193	0.05117	0.04048	0.01598	0.01126	0.00969	0.07485	0.19828	0.11269	0.17845	0.09969	0.12865	0.01184	0.00732	0.00222	0.00506	0.01008	0.00662	0.00854
6	0.00817	0.00628	0.00748	0.00829	0.00949	0.00559	0.00580	0.00968	0.01421	0.01818	0.09534	0.44183	0.30765	0.01896	0.00827	0.00251	0.00365	0.01670	0.00631	0.00559

[dist]
# distance from previous block
# <min> <max>
0	1

[block]
# block no. 1 follows, 32 sequences, length 9
# corresponding to MSA columns:
# 11-19
name=unknown_B
#
# <colnr> <probs for GDERKNQSTAVLIFYWHMCP>
#	G	D	E	R	K	N	Q	S	T	A	V	L	I	F	Y	W	H	M	C	P
0	0.01879	0.08374	0.17707	0.01831	0.07417	0.04255	0.09438	0.18584	0.07152	0.07596	0.01590	0.01884	0.01239	0.07040	0.00886	0.00241	0.00824	0.00623	0.00469	0.00971
1	0.02084	0.20938	0.09282	0.01531	0.02017	0.32051	0.01338	0.07674	0.12999	0.02058	0.01345	0.01437	0.01075	0.00701	0.00583	0.00181	0.00922	0.00486	0.00404	0.00893
2	0.01668	0.01224	0.01447	0.01050	0.01633	0.00972	0.00846	0.05641	0.01558	0.11561	0.01407	0.01521	0.01090	0.00558	0.00530	0.00119	0.00520	0.00445	0.00469	0.65743
3	0.11772	0.00893	0.01008	0.00942	0.01195	0.00889	0.00720	0.03757	0.06583	0.10544	0.18411	0.16511	0.17671	0.01536	0.04324	0.00268	0.00492	0.01127	0.00638	0.00720
4	0.13926	0.26852	0.04620	0.06039	0.09783	0.07908	0.01298	0.14502	0.01747	0.05857	0.01210	0.01364	0.00955	0.00656	0.00545	0.00182	0.00753	0.00471	0.00413	0.00918
5	0.01043	0.00705	0.00825	0.00816	0.01017	0.00614	0.00603	0.01234	0.01574	0.08927	0.16510	0.21644	0.38725	0.01651	0.00796	0.00233	0.00370	0.01421	0.00663	0.00629
6	0.00850	0.00644	0.00744	0.00789	0.00908	0.00581	0.00542	0.00988	0.01391	0.01783	0.11804	0.28636	0.30840	0.14892	0.01273	0.00314	0.00408	0.01478	0.00597	0.00538
7	0.10073	0.07163	0.05792	0.01492	0.05264	0.04711	0.01205	0.34729	0.04608	0.03147	0.01715	0.09621	0.01466	0.01006	0.02656	0.00229	0.00724	0.00698	0.02747	0.00955
8	0.08093	0.07458	0.05293	0.02552	0.29163	0.10301	0.08558	0.05453	0.04614	0.02271	0.05322	0.05071	0.01475	0.00742	0.00648	0.00201	0.00802	0.00657	0.00403	0.00924

[dist]
# distance from previous block
# <min> <max>
0	3

[block]
# block no. 2 follows, 32 sequences, length 24
# corresponding to MSA columns:
# 23-46
name=unknown_C
#
# <colnr> <probs for GDERKNQSTAVLIFYWHMCP>
#	G	D	E	R	K	N	Q	S	T	A	V	L	I	F	Y	W	H	M	C	P
0	0.06398	0.27034	0.22848	0.01327	0.01900	0.01788	0.01397	0.06698	0.01462	0.04512	0.01574	0.01965	0.04824	0.10173	0.00963	0.00246	0.03107	0.00567	0.00373	0.00844
1	0.02285	0.01566	0.01756	0.01345	0.01881	0.01595	0.01100	0.38068	0.07928	0.14673	0.01769	0.01739	0.01263	0.00746	0.00632	0.00181	0.00639	0.00580	0.00634	0.19621
2	0.01998	0.12278	0.04838	0.04323	0.19420	0.03801	0.01435	0.28158	0.02153	0.05241	0.06223	0.01873	0.01466	0.03009	0.00723	0.00207	0.00740	0.00614	0.00501	0.00998
3	0.09352	0.01827	0.18176	0.01728	0.07121	0.01405	0.09629	0.09105	0.05765	0.14757	0.01834	0.02092	0.03233	0.06111	0.04678	0.00287	0.00824	0.00654	0.00487	0.00935
4	0.01995	0.01265	0.01489	0.01141	0.01653	0.01151	0.00921	0.13186	0.07632	0.20688	0.03944	0.01916	0.01475	0.00708	0.00593	0.00161	0.00542	0.00568	0.04769	0.34201
5	0.01010	0.00726	0.00910	0.00993	0.01084	0.00714	0.00685	0.08367	0.01475	0.01969	0.03418	0.65471	0.04013	0.04565	0.00926	0.00278	0.00436	0.01735	0.00620	0.00604
6	0.06316	0.08010	0.12905	0.04771	0.19188	0.04120	0.05653	0.18049	0.01848	0.02588	0.01460	0.06904	0.01241	0.00762	0.00643	0.00201	0.00788	0.00646	0.00429	0.03478
7	0.01292	0.11608	0.01320	0.01001	0.01206	0.01008	0.00766	0.06095	0.01530	0.07335	0.08931	0.39457	0.03406	0.04241	0.00835	0.00247	0.00479	0.03151	0.05408	0.00686
8	0.01198	0.00784	0.01005	0.00915	0.01124	0.00742	0.00698	0.01623	0.06907	0.09350	0.60295	0.04571	0.05577	0.01287	0.00772	0.00212	0.00356	0.01129	0.00743	0.00713
9	0.01661	0.01594	0.02724	0.04119	0.72233	0.01594	0.02059	0.02059	0.01528	0.02192	0.01262	0.01661	0.01063	0.00598	0.00664	0.00199	0.00797	0.00598	0.00332	0.01063
10	0.06785	0.08794	0.01862	0.03520	0.01887	0.08229	0.04676	0.16235	0.19067	0.09127	0.02154	0.09234	0.03690	0.00927	0.00658	0.00210	0.00679	0.00756	0.00572	0.00937
11	0.00993	0.00765	0.01128	0.01108	0.01215	0.00911	0.00861	0.01216	0.01071	0.01550	0.01751	0.02636	0.01658	0.07908	0.65941	0.01008	0.06602	0.00721	0.00357	0.00600
12	0.00889	0.00652	0.00808	0.00876	0.00980	0.00606	0.00626	0.01056	0.01423	0.01873	0.15446	0.31870	0.17883	0.12437	0.01205	0.00311	0.00432	0.09462	0.00611	0.00553
13	0.01794	0.76823	0.03516	0.01148	0.01722	0.02655	0.01148	0.02009	0.01363	0.01579	0.00933	0.01076	0.00861	0.00574	0.00431	0.00144	0.00718	0.00359	0.00287	0.00861
14	0.07400	0.17310	0.10023	0.01403	0.01921	0.06707	0.03355	0.23465	0.04013	0.06952	0.03460	0.04123	0.01376	0.04739	0.00754	0.00217	0.00748	0.00606	0.00496	0.00933
15	0.01065	0.00706	0.00928	0.00872	0.01043	0.00648	0.00654	0.01363	0.01856	0.06856	0.62753	0.09986	0.05911	0.01392	0.00789	0.00215	0.00337	0.01231	0.00736	0.00658
16	0.00805	0.00675	0.00702	0.00721	0.00929	0.00572	0.00540	0.00976	0.01510	0.01811	0.06426	0.12219	0.63954	0.01738	0.00803	0.00233	0.00354	0.03842	0.00623	0.00567
17	0.03811	0.01874	0.04870	0.06347	0.23001	0.11481	0.14179	0.07764	0.08553	0.04324	0.01423	0.01695	0.01112	0.00704	0.00779	0.00212	0.05890	0.00620	0.00408	0.00954
18	0.01458	0.01556	0.06953	0.01425	0.03898	0.12801	0.03657	0.07815	0.09874	0.02121	0.02725	0.31034	0.06978	0.01346	0.00789	0.00234	0.02881	0.01154	0.00534	0.00768
19	0.01537	0.01350	0.01887	0.01550	0.01855	0.07599	0.15324	0.08747	0.01536	0.04221	0.01617	0.02097	0.01346	0.02202	0.25441	0.00502	0.07978	0.00671	0.11774	0.00767
20	0.01588	0.03848	0.02520	0.14288	0.54189	0.01571	0.01903	0.03932	0.01530	0.02136	0.01379	0.05557	0.01211	0.00693	0.00668	0.00205	0.00786	0.00659	0.00351	0.00984
21	0.13351	0.11818	0.08611	0.02042	0.13428	0.19765	0.10151	0.04464	0.06399	0.02189	0.01236	0.01445	0.00985	0.00649	0.00599	0.00193	0.00889	0.00519	0.00373	0.00893
22	0.10452	0.17202	0.06714	0.01314	0.01795	0.03336	0.04122	0.20408	0.01933	0.09159	0.06071	0.08763	0.04186	0.00902	0.00624	0.00200	0.00668	0.00717	0.00529	0.00904
23	0.21555	0.07057	0.18860	0.01493	0.04153	0.14776	0.01389	0.09299	0.03786	0.02482	0.05478	0.01597	0.01257	0.00861	0.03100	0.00228	0.00836	0.00516	0.00413	0.00863

[dist]
# distance from previous block
# <min> <max>
1	6

[block]
# block no. 3 follows, 32 sequences, length 49
# corresponding to MSA columns:
# 53-101
name=unknown_D
#
# <colnr> <probs for GDERKNQSTAVLIFYWHMCP>
#	G	D	E	R	K	N	Q	S	T	A	V	L	I	F	Y	W	H	M	C	P
0	0.08236	0.01667	0.02441	0.07846	0.45203	0.05904	0.05462	0.07694	0.04873	0.02388	0.01320	0.01639	0.01063	0.00640	0.00649	0.00203	0.00806	0.00587	0.00382	0.00996
1	0.07944	0.01375	0.01467	0.06344	0.01816	0.04105	0.01023	0.14310	0.24996	0.09442	0.02410	0.05801	0.05848	0.03685	0.00756	0.00228	0.00598	0.00753	0.03392	0.03707
2	0.01600	0.22369	0.14328	0.01249	0.01780	0.01537	0.01220	0.03591	0.07060	0.08825	0.08944	0.07004	0.01990	0.00872	0.00612	0.00186	0.00639	0.03777	0.00477	0.11939
3	0.00814	0.00626	0.00736	0.00820	0.00935	0.00558	0.00567	0.00948	0.01372	0.01736	0.04909	0.44156	0.32226	0.05179	0.00942	0.00270	0.00380	0.01664	0.00614	0.00548
4	0.01816	0.64943	0.08956	0.01257	0.01846	0.08353	0.01267	0.02073	0.01411	0.01628	0.00963	0.01115	0.00860	0.00589	0.00461	0.00151	0.00780	0.00376	0.00292	0.00865
5	0.01398	0.03343	0.67939	0.01880	0.02834	0.01580	0.02387	0.04430	0.04057	0.02220	0.01274	0.01463	0.00904	0.00653	0.00640	0.00213	0.00966	0.00509	0.00311	0.00999
6	0.00825	0.00675	0.00728	0.00727	0.00929	0.00578	0.00541	0.01021	0.01588	0.01979	0.19411	0.10294	0.55053	0.01659	0.00796	0.00226	0.00338	0.01405	0.00646	0.00578
7	0.01459	0.01155	0.01278	0.01151	0.01454	0.01260	0.00886	0.05024	0.39713	0.04991	0.22323	0.03499	0.07809	0.03958	0.00824	0.00237	0.00472	0.00929	0.00688	0.00890
8	0.00963	0.00758	0.00877	0.00834	0.01040	0.00711	0.00630	0.01381	0.08616	0.02374	0.40730	0.05303	0.30403	0.01448	0.00781	0.00218	0.00347	0.01244	0.00690	0.00651
9	0.01718	0.52809	0.17721	0.01441	0.04597	0.02324	0.01458	0.04592	0.04486	0.01865	0.01105	0.01250	0.00928	0.00611	0.00502	0.00166	0.00770	0.00422	0.00319	0.00915
10	0.81159	0.01298	0.00986	0.00882	0.01298	0.01505	0.00727	0.01972	0.01142	0.03010	0.00934	0.01090	0.00727	0.00623	0.00415	0.00208	0.00519	0.00363	0.00415	0.00727
11	0.00832	0.00595	0.00796	0.00951	0.00997	0.00558	0.00649	0.00960	0.01299	0.01729	0.03690	0.72126	0.04405	0.02088	0.00860	0.00275	0.00402	0.05616	0.00623	0.00549
12	0.01794	0.76823	0.03516	0.01148	0.01722	0.02655	0.01148	0.02009	0.01363	0.01579	0.00933	0.01076	0.00861	0.00574	0.00431	0.00144	0.00718	0.00359	0.00287	0.00861
13	0.02986	0.01182	0.01582	0.01213	0.01733	0.01046	0.01002	0.06895	0.01988	0.68978	0.02591	0.02247	0.01633	0.00829	0.00675	0.00207	0.00580	0.00671	0.00822	0.01142
14	0.02421	0.02955	0.01920	0.04905	0.02176	0.62878	0.01325	0.07598	0.01941	0.01836	0.01081	0.01274	0.00887	0.00715	0.00666	0.00181	0.03616	0.00457	0.00366	0.00802
15	0.01584	0.01810	0.03959	0.02828	0.03507	0.01697	0.69796	0.02149	0.01584	0.02149	0.01357	0.01810	0.01018	0.00566	0.00792	0.00226	0.01131	0.00792	0.00339	0.00905
16	0.00939	0.00685	0.00881	0.00832	0.00996	0.00628	0.00624	0.01245	0.01873	0.02628	0.67252	0.05115	0.10997	0.01395	0.00792	0.00212	0.00318	0.01228	0.00730	0.00628
17	0.01166	0.00583	0.00874	0.00874	0.00874	0.00583	0.00583	0.00874	0.00874	0.01166	0.01166	0.02040	0.01166	0.02331	0.02622	0.80478	0.00583	0.00583	0.00291	0.00291
18	0.01186	0.00755	0.01288	0.01145	0.01243	0.00736	0.10157	0.01059	0.01012	0.01355	0.01448	0.08689	0.01478	0.04403	0.02236	0.59690	0.00643	0.00742	0.00331	0.00403
19	0.01584	0.01810	0.03959	0.02828	0.03507	0.01697	0.69796	0.02149	0.01584	0.02149	0.01357	0.01810	0.01018	0.00566	0.00792	0.00226	0.01131	0.00792	0.00339	0.00905
20	0.02092	0.01134	0.01395	0.01158	0.01545	0.01120	0.00924	0.08058	0.16961	0.32054	0.22448	0.03061	0.03043	0.01001	0.00710	0.00212	0.00503	0.00842	0.00760	0.00979
21	0.01618	0.01551	0.02647	0.11727	0.64956	0.01583	0.02038	0.02022	0.01508	0.02141	0.01255	0.01674	0.01045	0.00606	0.00665	0.00202	0.00808	0.00598	0.00328	0.01029
22	0.00945	0.00695	0.00913	0.01042	0.01171	0.00663	0.00833	0.01168	0.01457	0.01878	0.04156	0.29775	0.15723	0.01909	0.00881	0.00283	0.00495	0.34808	0.00620	0.00585
23	0.00936	0.00685	0.00878	0.00830	0.00994	0.00627	0.00622	0.01240	0.01867	0.02614	0.66212	0.05138	0.12046	0.01400	0.00792	0.00212	0.00319	0.01231	0.00729	0.00627
24	0.00875	0.00667	0.00915	0.00978	0.01089	0.00616	0.03172	0.01051	0.01416	0.01871	0.11510	0.50819	0.14110	0.01891	0.00843	0.00260	0.00417	0.06300	0.00625	0.00576
25	0.01676	0.56382	0.18909	0.01352	0.01988	0.02378	0.01462	0.02014	0.01357	0.01702	0.00990	0.01173	0.00860	0.00621	0.00573	0.00167	0.04824	0.00402	0.00287	0.00883
26	0.06010	0.05614	0.02031	0.03658	0.08400	0.31905	0.01331	0.25593	0.04644	0.02680	0.01308	0.01436	0.01013	0.00721	0.00621	0.00189	0.00926	0.00515	0.00467	0.00938
27	0.01170	0.00900	0.01025	0.00935	0.01176	0.00886	0.00716	0.10837	0.07090	0.02593	0.33538	0.08648	0.25107	0.01398	0.00771	0.00219	0.00402	0.01194	0.00684	0.00710
28	0.25376	0.10761	0.33911	0.01647	0.02375	0.01684	0.11274	0.02070	0.01352	0.02333	0.01114	0.01336	0.00838	0.00616	0.00569	0.00205	0.00839	0.00482	0.00331	0.00885
29	0.42574	0.01317	0.01267	0.01056	0.01489	0.01426	0.00861	0.13388	0.04908	0.12007	0.08074	0.01781	0.01520	0.00757	0.00543	0.00202	0.00542	0.00544	0.00553	0.05190
30	0.04903	0.49029	0.10451	0.01502	0.04166	0.11742	0.06095	0.02119	0.01451	0.01758	0.01015	0.01199	0.00872	0.00598	0.00507	0.00165	0.00834	0.00420	0.00304	0.00868
31	0.00817	0.00588	0.00775	0.00924	0.00971	0.00546	0.00618	0.00935	0.01295	0.01717	0.03824	0.73159	0.07179	0.02086	0.00854	0.00271	0.00387	0.01888	0.00623	0.00546
32	0.00941	0.00683	0.00912	0.01037	0.01152	0.00653	0.00814	0.01162	0.01468	0.01928	0.09305	0.34424	0.10182	0.01901	0.00877	0.00280	0.00479	0.30586	0.00630	0.00586
33	0.01809	0.08063	0.33789	0.01880	0.04433	0.06624	0.10344	0.07022	0.03291	0.11344	0.01432	0.01587	0.01033	0.00690	0.00709	0.00208	0.03796	0.00562	0.00404	0.00980
34	0.08766	0.04222	0.02337	0.24035	0.31737	0.04021	0.04897	0.05717	0.03970	0.02216	0.01268	0.01645	0.01006	0.00644	0.00640	0.00207	0.00815	0.00577	0.00360	0.00920
35	0.00793	0.00680	0.00680	0.00680	0.00906	0.00566	0.00510	0.00963	0.01529	0.01813	0.06797	0.06457	0.71961	0.01699	0.00793	0.00227	0.00340	0.01416	0.00623	0.00566
36	0.17132	0.04939	0.05989	0.01956	0.02526	0.01618	0.32753	0.07205	0.01605	0.10862	0.01426	0.01682	0.01053	0.00803	0.03260	0.00246	0.02970	0.00641	0.00432	0.00903
37	0.01640	0.13017	0.43335	0.01933	0.08766	0.03744	0.02019	0.11350	0.03947	0.02350	0.01273	0.01448	0.00950	0.00658	0.00617	0.00200	0.00893	0.00508	0.00355	0.00997
38	0.00846	0.00613	0.00823	0.00949	0.01012	0.00589	0.00660	0.00992	0.01301	0.01743	0.05936	0.60522	0.06553	0.02378	0.08923	0.00359	0.00549	0.04095	0.00598	0.00557
39	0.01496	0.01422	0.02402	0.37484	0.30791	0.01587	0.05730	0.04521	0.01487	0.02020	0.01233	0.01721	0.00976	0.00661	0.00733	0.00216	0.03690	0.00608	0.00328	0.00893
40	0.05507	0.19214	0.18161	0.04014	0.04383	0.04927	0.01444	0.14954	0.04460	0.06437	0.07094	0.01876	0.03242	0.00763	0.00607	0.00193	0.00747	0.00583	0.00459	0.00934
41	0.01533	0.08638	0.10498	0.01136	0.01517	0.03482	0.01032	0.01880	0.03750	0.15291	0.17508	0.06257	0.15145	0.03795	0.00859	0.00230	0.03458	0.02616	0.00583	0.00794
42	0.01392	0.03969	0.01237	0.01096	0.01353	0.03962	0.00865	0.04498	0.14860	0.07778	0.16363	0.12715	0.11756	0.03232	0.00831	0.00245	0.00514	0.11930	0.00644	0.00762
43	0.15761	0.13855	0.12053	0.01570	0.07337	0.09924	0.01327	0.03884	0.13576	0.04591	0.01645	0.01903	0.02984	0.00781	0.00644	0.00204	0.03334	0.03300	0.00437	0.00891
44	0.04791	0.09525	0.09884	0.01446	0.04057	0.08698	0.01252	0.16983	0.01896	0.12215	0.03713	0.03362	0.01312	0.00749	0.00659	0.00182	0.03319	0.00564	0.00498	0.14895
45	0.04723	0.19297	0.02016	0.03808	0.05881	0.05951	0.01089	0.12329	0.08738	0.08181	0.11601	0.04984	0.02060	0.03176	0.00705	0.00205	0.00644	0.00688	0.00524	0.03399
46	0.08362	0.13206	0.14393	0.05385	0.02061	0.07096	0.01364	0.18135	0.03811	0.02505	0.01784	0.02100	0.06073	0.01097	0.05350	0.00259	0.02383	0.03307	0.00446	0.00883
47	0.15580	0.18323	0.14792	0.01443	0.01990	0.08335	0.05180	0.10210	0.03347	0.04947	0.03023	0.01642	0.03700	0.00736	0.00645	0.00197	0.04080	0.00534	0.00415	0.00883
48	0.04751	0.14924	0.22181	0.01614	0.04590	0.10721	0.01548	0.19023	0.01899	0.04301	0.01411	0.05681	0.01159	0.00759	0.00610	0.00193	0.00829	0.00574	0.00431	0.02799

[dist]
# distance from previous block
# <min> <max>
65	102

[block]
# block no. 4 follows, 32 sequences, length 41
# corresponding to MSA columns:
# 225-265
name=unknown_E
#
# <colnr> <probs for GDERKNQSTAVLIFYWHMCP>
#	G	D	E	R	K	N	Q	S	T	A	V	L	I	F	Y	W	H	M	C	P
0	0.10429	0.18105	0.15305	0.01744	0.09682	0.06294	0.03562	0.10632	0.03603	0.03941	0.01394	0.06328	0.01196	0.00774	0.00668	0.00200	0.04238	0.00591	0.00405	0.00909
1	0.11198	0.19906	0.08959	0.05722	0.14035	0.01707	0.05607	0.06371	0.01554	0.08405	0.01738	0.04918	0.05646	0.00768	0.00601	0.00197	0.00719	0.00628	0.00421	0.00899
2	0.05041	0.12465	0.11158	0.01780	0.15650	0.01499	0.01328	0.10053	0.03401	0.10042	0.04571	0.02564	0.11758	0.04901	0.00789	0.00224	0.00670	0.00714	0.00486	0.00906
3	0.04629	0.09327	0.18429	0.01567	0.07090	0.01522	0.01405	0.16224	0.04196	0.09255	0.08064	0.07355	0.04192	0.00892	0.00654	0.00204	0.00687	0.00726	0.00517	0.03065
4	0.04979	0.09842	0.14304	0.01632	0.04289	0.07187	0.06067	0.22190	0.05689	0.07313	0.04065	0.01729	0.01299	0.00869	0.02996	0.00224	0.00825	0.00583	0.00492	0.03425
5	0.06517	0.04554	0.15895	0.07520	0.06299	0.08989	0.01431	0.11469	0.05091	0.08786	0.08329	0.01914	0.01579	0.00753	0.00630	0.00194	0.00752	0.00595	0.00478	0.08226
6	0.07759	0.11968	0.21919	0.01882	0.06395	0.09076	0.13578	0.07013	0.01619	0.06020	0.01415	0.05827	0.01160	0.00727	0.00636	0.00203	0.00880	0.00619	0.00390	0.00914
7	0.11230	0.11805	0.22980	0.03629	0.07555	0.06048	0.03746	0.04695	0.04036	0.06151	0.08081	0.01801	0.01490	0.00719	0.00605	0.00196	0.00770	0.00567	0.00416	0.03478
8	0.06761	0.12040	0.21090	0.05051	0.04643	0.01603	0.05508	0.11169	0.04462	0.04885	0.01892	0.04235	0.07291	0.00793	0.00626	0.00199	0.00747	0.00644	0.00433	0.05928
9	0.09129	0.10986	0.18142	0.05254	0.05535	0.04319	0.03135	0.12592	0.01667	0.04207	0.01368	0.04129	0.01132	0.03761	0.00704	0.00205	0.00758	0.00558	0.00410	0.12009
10	0.07679	0.06139	0.17114	0.01711	0.06752	0.12747	0.03215	0.11348	0.05570	0.02379	0.03466	0.01612	0.01180	0.00884	0.03339	0.00229	0.06559	0.00542	0.00409	0.07125
11	0.05353	0.01614	0.07010	0.06773	0.05825	0.06255	0.02969	0.19382	0.01908	0.16401	0.01770	0.04804	0.01418	0.07477	0.05221	0.00299	0.03390	0.00679	0.00533	0.00920
12	0.01611	0.08059	0.08781	0.04351	0.19482	0.04447	0.04025	0.08827	0.03805	0.04625	0.05069	0.04499	0.10545	0.00899	0.00777	0.00208	0.05911	0.00740	0.00448	0.02892
13	0.10266	0.09318	0.15651	0.01579	0.06710	0.03637	0.04520	0.06381	0.10859	0.09947	0.01600	0.01828	0.01247	0.05851	0.00791	0.00225	0.00725	0.00572	0.00460	0.07833
14	0.03803	0.47015	0.13889	0.01404	0.04406	0.04261	0.01361	0.04880	0.06892	0.01967	0.03722	0.01429	0.01164	0.00654	0.00518	0.00170	0.00744	0.00463	0.00356	0.00901
15	0.01683	0.07941	0.07765	0.02262	0.26007	0.01409	0.04212	0.05957	0.01647	0.09168	0.08546	0.04635	0.01729	0.00748	0.00642	0.00185	0.00683	0.00662	0.00455	0.13663
16	0.01450	0.05800	0.08079	0.01413	0.04133	0.08471	0.03699	0.09657	0.01470	0.01939	0.01588	0.02367	0.01469	0.14917	0.27922	0.00596	0.03236	0.00674	0.00388	0.00731
17	0.67753	0.01553	0.08545	0.01107	0.03558	0.01534	0.00967	0.04416	0.01253	0.02938	0.00996	0.01159	0.00764	0.00630	0.00455	0.00208	0.00584	0.00393	0.00408	0.00779
18	0.00847	0.00637	0.00784	0.00843	0.00963	0.00574	0.00596	0.01031	0.01515	0.02002	0.22847	0.38481	0.22840	0.01799	0.00822	0.00244	0.00357	0.01591	0.00654	0.00574
19	0.02452	0.08785	0.02024	0.01685	0.02048	0.68332	0.01285	0.02628	0.01861	0.01637	0.01029	0.01200	0.00864	0.00683	0.00592	0.00171	0.01173	0.00427	0.00341	0.00784
20	0.01794	0.76823	0.03516	0.01148	0.01722	0.02655	0.01148	0.02009	0.01363	0.01579	0.00933	0.01076	0.00861	0.00574	0.00431	0.00144	0.00718	0.00359	0.00287	0.00861
21	0.07202	0.22448	0.14216	0.06605	0.13451	0.04588	0.13280	0.02159	0.03414	0.04870	0.01241	0.01488	0.00976	0.00620	0.00600	0.00193	0.00850	0.00534	0.00347	0.00919
22	0.00976	0.00651	0.00732	0.00732	0.00732	0.00651	0.00407	0.00976	0.00976	0.01301	0.02114	0.04391	0.02439	0.76419	0.03415	0.00651	0.00651	0.00976	0.00407	0.00407
23	0.00976	0.00651	0.00732	0.00732	0.00732	0.00651	0.00407	0.00976	0.00976	0.01301	0.02114	0.04391	0.02439	0.76419	0.03415	0.00651	0.00651	0.00976	0.00407	0.00407
24	0.02105	0.40660	0.05127	0.01440	0.01923	0.35129	0.01261	0.02320	0.01611	0.01626	0.00990	0.01149	0.00862	0.00630	0.00517	0.00159	0.00952	0.00397	0.00314	0.00827
25	0.00816	0.00614	0.00749	0.00854	0.00945	0.00555	0.00583	0.00944	0.01343	0.01726	0.04528	0.53449	0.23704	0.04706	0.00932	0.00273	0.00385	0.01733	0.00615	0.00546
26	0.01534	0.26121	0.46726	0.01697	0.02526	0.04543	0.04093	0.02110	0.01423	0.01939	0.01119	0.01316	0.00859	0.00618	0.00577	0.00190	0.00919	0.00460	0.00288	0.00941
27	0.01430	0.08127	0.56172	0.02126	0.11820	0.01642	0.02277	0.02167	0.04248	0.02124	0.01255	0.01469	0.00927	0.00639	0.00629	0.00207	0.00929	0.00510	0.00306	0.00995
28	0.00976	0.00651	0.00732	0.00732	0.00732	0.00651	0.00407	0.00976	0.00976	0.01301	0.02114	0.04391	0.02439	0.76419	0.03415	0.00651	0.00651	0.00976	0.00407	0.00407
29	0.02506	0.03198	0.01901	0.01729	0.02074	0.73725	0.01296	0.02679	0.01901	0.01642	0.01037	0.01210	0.00864	0.00691	0.00605	0.00173	0.01210	0.00432	0.00346	0.00778
30	0.01454	0.01383	0.02350	0.41294	0.36675	0.01540	0.01956	0.01878	0.01430	0.01941	0.01226	0.01728	0.00974	0.00636	0.00668	0.00212	0.00848	0.00597	0.00314	0.00896
31	0.01587	0.09464	0.05830	0.05123	0.03347	0.01783	0.58528	0.02119	0.01548	0.02076	0.01304	0.01723	0.00993	0.00572	0.00746	0.00217	0.01077	0.00733	0.00331	0.00897
32	0.01669	0.01441	0.01517	0.01365	0.01745	0.01669	0.01062	0.03565	0.71021	0.02807	0.02731	0.02503	0.02048	0.00910	0.00683	0.00228	0.00531	0.00759	0.00683	0.01062
33	0.01010	0.04217	0.00987	0.00980	0.01095	0.00736	0.00699	0.01251	0.05465	0.04662	0.03595	0.59938	0.06830	0.01884	0.00819	0.00261	0.00426	0.03909	0.00619	0.00618
34	0.04788	0.05518	0.25155	0.04374	0.06022	0.03313	0.01575	0.02653	0.01660	0.35519	0.01864	0.01822	0.01244	0.00726	0.00640	0.00205	0.00756	0.00577	0.00552	0.01037
35	0.02351	0.01368	0.04032	0.01544	0.02089	0.01198	0.16113	0.07746	0.01870	0.40936	0.02578	0.02460	0.07962	0.00834	0.00704	0.00209	0.00694	0.00749	0.00660	0.03902
36	0.01379	0.06460	0.66761	0.01983	0.06083	0.01606	0.02404	0.02117	0.01420	0.02105	0.01195	0.01414	0.00860	0.00633	0.00630	0.00209	0.00971	0.00495	0.00286	0.00989
37	0.05011	0.23747	0.13102	0.01517	0.02047	0.32402	0.01390	0.04600	0.01690	0.07081	0.01167	0.01292	0.00924	0.00662	0.00561	0.00175	0.00950	0.00442	0.00369	0.00871
38	0.26064	0.01853	0.09030	0.03118	0.01779	0.14908	0.01103	0.09687	0.01605	0.05303	0.01498	0.01763	0.03995	0.05328	0.02679	0.00242	0.00768	0.00529	0.00436	0.08313
39	0.04257	0.14299	0.07411	0.05979	0.06728	0.16422	0.01255	0.06326	0.05854	0.06479	0.04708	0.11586	0.04110	0.00934	0.00641	0.00201	0.00759	0.00748	0.00462	0.00843
40	0.12425	0.25423	0.11992	0.01354	0.01888	0.03809	0.05288	0.04541	0.04797	0.07985	0.03622	0.05645	0.01358	0.00764	0.00621	0.00191	0.03210	0.00581	0.00423	0.04084

[dist]
# distance from previous block
# <min> <max>
0	9

[block]
# block no. 5 follows, 32 sequences, length 16
# corresponding to MSA columns:
# 275-290
name=unknown_F
#
# <colnr> <probs for GDERKNQSTAVLIFYWHMCP>
#	G	D	E	R	K	N	Q	S	T	A	V	L	I	F	Y	W	H	M	C	P
0	0.10833	0.34128	0.22218	0.01369	0.02023	0.04089	0.01461	0.04091	0.03600	0.08765	0.01248	0.01350	0.00963	0.00642	0.00529	0.00181	0.00767	0.00449	0.00377	0.00920
1	0.10026	0.45575	0.25281	0.01363	0.02052	0.02186	0.01526	0.02042	0.01357	0.01903	0.01019	0.01186	0.00843	0.00599	0.00495	0.00172	0.00784	0.00403	0.00299	0.00888
2	0.01552	0.20020	0.49252	0.01752	0.02604	0.01786	0.05971	0.02162	0.01441	0.05803	0.01229	0.01408	0.00906	0.00629	0.00601	0.00197	0.00914	0.00491	0.00317	0.00965
3	0.01735	0.30289	0.31578	0.01606	0.02348	0.02063	0.04826	0.14060	0.01711	0.02295	0.01182	0.01343	0.00913	0.00640	0.00574	0.00186	0.00852	0.00478	0.00356	0.00966
4	0.00846	0.00679	0.00739	0.00726	0.00919	0.00589	0.00535	0.01042	0.01588	0.02005	0.23304	0.05945	0.50336	0.06626	0.00968	0.00251	0.00355	0.01334	0.00638	0.00573
5	0.01860	0.69971	0.03366	0.01202	0.01755	0.09269	0.01162	0.02072	0.01413	0.01585	0.00943	0.01089	0.00861	0.00585	0.00447	0.00146	0.00763	0.00366	0.00292	0.00853
6	0.00965	0.00694	0.00992	0.01000	0.01088	0.00779	0.00739	0.01131	0.01060	0.01500	0.01913	0.06288	0.01919	0.17731	0.54392	0.04602	0.01469	0.00814	0.00377	0.00548
7	0.00976	0.00651	0.00732	0.00732	0.00732	0.00651	0.00407	0.00976	0.00976	0.01301	0.02114	0.04391	0.02439	0.76419	0.03415	0.00651	0.00651	0.00976	0.00407	0.00407
8	0.14575	0.08521	0.13780	0.01525	0.02096	0.08059	0.11225	0.02427	0.01613	0.22747	0.05817	0.01842	0.01423	0.00724	0.00624	0.00202	0.00770	0.00595	0.00505	0.00928
9	0.01740	0.60062	0.16410	0.01315	0.01957	0.05410	0.01403	0.02059	0.01396	0.01683	0.00988	0.01145	0.00859	0.00591	0.00476	0.00158	0.00789	0.00387	0.00289	0.00882
10	0.00894	0.00683	0.00829	0.00857	0.01023	0.00618	0.00656	0.01128	0.01624	0.02127	0.27965	0.15725	0.29845	0.01667	0.00822	0.00240	0.00382	0.11661	0.00661	0.00594
11	0.01666	0.01368	0.01486	0.01098	0.01669	0.05384	0.00879	0.07685	0.01608	0.07057	0.01317	0.01459	0.01043	0.00557	0.00530	0.00120	0.00565	0.00436	0.00447	0.63623
12	0.02551	0.01879	0.02014	0.01544	0.02081	0.02081	0.01275	0.69996	0.03155	0.04229	0.01611	0.01611	0.01141	0.00805	0.00671	0.00201	0.00738	0.00604	0.00671	0.01141
13	0.01609	0.46492	0.32224	0.01464	0.02211	0.02202	0.01698	0.02057	0.01385	0.01805	0.01045	0.01217	0.00856	0.00600	0.00516	0.00172	0.00831	0.00415	0.00285	0.00915
14	0.01488	0.26825	0.50838	0.01669	0.02528	0.01907	0.02055	0.02088	0.01400	0.01951	0.01118	0.01308	0.00854	0.00617	0.00572	0.00191	0.00904	0.00452	0.00285	0.00950
15	0.05117	0.43604	0.31688	0.01448	0.02185	0.02157	0.01672	0.02055	0.01375	0.01864	0.01043	0.01216	0.00851	0.00602	0.00514	0.00174	0.00820	0.00415	0.00291	0.00908

[dist]
# distance from previous block
# <min> <max>
0	2

[block]
# block no. 6 follows, 32 sequences, length 22
# corresponding to MSA columns:
# 293-314
name=unknown_G
#
# <colnr> <probs for GDERKNQSTAVLIFYWHMCP>
#	G	D	E	R	K	N	Q	S	T	A	V	L	I	F	Y	W	H	M	C	P
0	0.01417	0.03372	0.69905	0.01882	0.02853	0.01534	0.02416	0.02174	0.01438	0.05128	0.01266	0.01454	0.00884	0.00646	0.00639	0.00212	0.00974	0.00503	0.00307	0.00998
1	0.05037	0.08016	0.65244	0.01817	0.02756	0.01625	0.02314	0.02111	0.01401	0.02131	0.01175	0.01380	0.00845	0.00633	0.00614	0.00208	0.00953	0.00481	0.00290	0.00971
2	0.02646	0.01061	0.01440	0.01132	0.01587	0.00924	0.00924	0.02915	0.01917	0.60304	0.14904	0.02767	0.02488	0.00926	0.00695	0.00208	0.00526	0.00770	0.00814	0.01052
3	0.00998	0.11339	0.07182	0.00940	0.01215	0.00936	0.00808	0.01221	0.01454	0.01851	0.10153	0.26462	0.29929	0.01551	0.00749	0.00227	0.00460	0.01327	0.00558	0.00642
4	0.00959	0.00715	0.01061	0.01061	0.01174	0.00829	0.00817	0.01187	0.01073	0.01545	0.01813	0.02726	0.01716	0.08678	0.70167	0.01057	0.01739	0.00732	0.00362	0.00589
5	0.00959	0.00715	0.01060	0.01060	0.01173	0.00829	0.00815	0.01186	0.01073	0.01544	0.01814	0.02731	0.01719	0.08884	0.69965	0.01055	0.01735	0.00733	0.00362	0.00589
6	0.01693	0.41008	0.30154	0.01502	0.02214	0.09468	0.01677	0.02122	0.01439	0.01796	0.01048	0.01221	0.00857	0.00610	0.00528	0.00173	0.00874	0.00419	0.00292	0.00903
7	0.01794	0.76823	0.03516	0.01148	0.01722	0.02655	0.01148	0.02009	0.01363	0.01579	0.00933	0.01076	0.00861	0.00574	0.00431	0.00144	0.00718	0.00359	0.00287	0.00861
8	0.00976	0.00651	0.00732	0.00732	0.00732	0.00651	0.00407	0.00976	0.00976	0.01301	0.02114	0.04391	0.02439	0.76419	0.03415	0.00651	0.00651	0.00976	0.00407	0.00407
9	0.00976	0.00651	0.00732	0.00732	0.00732	0.00651	0.00407	0.00976	0.00976	0.01301	0.02114	0.04391	0.02439	0.76419	0.03415	0.00651	0.00651	0.00976	0.00407	0.00407
10	0.01771	0.73052	0.07085	0.01187	0.01783	0.02599	0.01217	0.02015	0.01366	0.01607	0.00947	0.01094	0.00861	0.00577	0.00441	0.00147	0.00732	0.00366	0.00287	0.00868
11	0.01657	0.01707	0.05125	0.03593	0.56386	0.04548	0.06406	0.02062	0.01532	0.02164	0.01251	0.01620	0.01038	0.00593	0.00655	0.00192	0.00818	0.00583	0.00337	0.07732
12	0.01391	0.01193	0.01391	0.00994	0.01590	0.00894	0.00795	0.01690	0.01391	0.02186	0.01193	0.01391	0.00994	0.00497	0.00497	0.00099	0.00497	0.00398	0.00398	0.80521
13	0.11587	0.05870	0.04991	0.04267	0.22800	0.13440	0.01437	0.06690	0.09175	0.09056	0.03417	0.01719	0.01278	0.00709	0.00618	0.00198	0.00771	0.00567	0.00457	0.00953
14	0.01784	0.01776	0.14127	0.01651	0.07767	0.03493	0.03191	0.16669	0.12380	0.08844	0.06951	0.02447	0.04047	0.08499	0.01004	0.00257	0.02915	0.00721	0.00538	0.00939
15	0.06812	0.01656	0.07680	0.07548	0.22100	0.03279	0.15565	0.07954	0.01666	0.08491	0.01823	0.05741	0.05093	0.00778	0.00690	0.00214	0.00809	0.00730	0.00437	0.00934
16	0.06377	0.01826	0.02219	0.06006	0.32628	0.13249	0.03355	0.11274	0.08104	0.02453	0.01383	0.01622	0.01100	0.00668	0.00638	0.00195	0.00814	0.00568	0.00418	0.05105
17	0.06871	0.03836	0.06227	0.10892	0.12141	0.03406	0.06084	0.17775	0.01862	0.04858	0.07865	0.01926	0.01520	0.00784	0.00769	0.00208	0.06461	0.00634	0.02701	0.03180
18	0.11332	0.03741	0.04096	0.03712	0.15513	0.03543	0.07195	0.07789	0.11264	0.08895	0.02029	0.03631	0.06743	0.00828	0.00728	0.00212	0.04495	0.00686	0.00490	0.03079
19	0.07055	0.07798	0.07502	0.03949	0.13704	0.05095	0.03210	0.02179	0.09931	0.11110	0.02220	0.11577	0.05652	0.00980	0.00719	0.00218	0.03121	0.02603	0.00496	0.00883
20	0.05650	0.06217	0.02031	0.05909	0.15450	0.13837	0.04459	0.07990	0.01654	0.04587	0.06140	0.05858	0.01632	0.03098	0.00894	0.00222	0.08412	0.02296	0.00431	0.03234
21	0.03590	0.05645	0.05008	0.06599	0.06297	0.07217	0.01199	0.21276	0.06344	0.07043	0.08910	0.07772	0.03777	0.03180	0.00752	0.00218	0.00684	0.00765	0.00551	0.03172

[dist]
# distance from previous block
# <min> <max>
1	15

[block]
# block no. 7 follows, 32 sequences, length 30
# corresponding to MSA columns:
# 330-359
name=unknown_H
#
# <colnr> <probs for GDERKNQSTAVLIFYWHMCP>
#	G	D	E	R	K	N	Q	S	T	A	V	L	I	F	Y	W	H	M	C	P
0	0.01674	0.06076	0.10079	0.03548	0.06093	0.03743	0.08430	0.14269	0.03654	0.07709	0.09178	0.08886	0.04563	0.04351	0.00823	0.00232	0.00712	0.02826	0.00522	0.02629
1	0.12536	0.13640	0.28993	0.01721	0.06761	0.01663	0.07111	0.04900	0.01454	0.02228	0.04946	0.01749	0.01263	0.05323	0.00812	0.00230	0.02871	0.00562	0.00359	0.00877
2	0.14313	0.23081	0.23843	0.01446	0.03846	0.05014	0.01481	0.03822	0.03703	0.02187	0.03469	0.01675	0.01192	0.00698	0.00555	0.00189	0.00760	0.03264	0.00367	0.05093
3	0.05856	0.19889	0.13948	0.01466	0.03841	0.10018	0.04148	0.05049	0.03761	0.04355	0.03920	0.09304	0.03509	0.00910	0.00627	0.00200	0.00753	0.04788	0.00430	0.03228
4	0.06690	0.08928	0.42445	0.04126	0.08498	0.04209	0.01993	0.05982	0.03441	0.02238	0.01281	0.01592	0.00991	0.00691	0.00653	0.00208	0.02518	0.02225	0.00341	0.00950
5	0.01717	0.15548	0.26856	0.01590	0.02199	0.09762	0.03457	0.13460	0.01762	0.02313	0.05411	0.03947	0.03150	0.00803	0.00718	0.00201	0.05191	0.00603	0.00403	0.00908
6	0.05774	0.11931	0.03598	0.01119	0.01378	0.06996	0.00894	0.08480	0.03425	0.02087	0.06611	0.28507	0.02774	0.07982	0.03060	0.00286	0.00633	0.03242	0.00518	0.00704
7	0.10851	0.29648	0.04613	0.01291	0.01789	0.12190	0.01141	0.06968	0.12238	0.11089	0.01492	0.01513	0.01147	0.00697	0.00545	0.00182	0.00729	0.00491	0.00464	0.00923
8	0.03679	0.25419	0.39654	0.04800	0.02494	0.09388	0.01882	0.02126	0.01441	0.01915	0.01097	0.01300	0.00854	0.00625	0.00567	0.00188	0.00915	0.00449	0.00295	0.00912
9	0.01943	0.20676	0.16401	0.01782	0.11814	0.01776	0.01506	0.14284	0.01788	0.13401	0.01550	0.03995	0.01214	0.00921	0.03889	0.00231	0.00802	0.00579	0.00460	0.00987
10	0.01724	0.25349	0.25243	0.01448	0.02062	0.11633	0.01523	0.02119	0.01486	0.07992	0.01574	0.01738	0.04765	0.01100	0.07266	0.00265	0.00940	0.00530	0.00366	0.00877
11	0.07081	0.00799	0.01085	0.01072	0.01199	0.00924	0.00833	0.01271	0.01145	0.01735	0.05015	0.05358	0.02048	0.09404	0.48577	0.00822	0.05750	0.04874	0.00405	0.00603
12	0.05510	0.36180	0.17301	0.01361	0.01914	0.06395	0.04187	0.01924	0.01391	0.01821	0.03362	0.01893	0.01301	0.06688	0.03128	0.00245	0.00826	0.03419	0.00338	0.00817
13	0.02108	0.10973	0.12861	0.11965	0.02458	0.03709	0.01477	0.27458	0.05808	0.12322	0.01592	0.01670	0.01139	0.00739	0.00636	0.00201	0.00775	0.00570	0.00526	0.01014
14	0.02732	0.01082	0.01458	0.01138	0.01614	0.00936	0.00933	0.02990	0.01895	0.63521	0.07677	0.02728	0.06296	0.00921	0.00690	0.00209	0.00539	0.00757	0.00811	0.01072
15	0.01005	0.00729	0.00982	0.01083	0.01233	0.00705	0.00901	0.01285	0.01586	0.02094	0.17062	0.13887	0.10032	0.01773	0.00882	0.00279	0.00513	0.42715	0.00642	0.00609
16	0.06059	0.38231	0.17896	0.01522	0.04955	0.11921	0.01471	0.05517	0.01546	0.03815	0.01098	0.01251	0.00895	0.00625	0.00526	0.00173	0.00833	0.00429	0.00336	0.00900
17	0.02270	0.01842	0.04775	0.03897	0.09939	0.05636	0.01363	0.43595	0.06791	0.07245	0.01660	0.01800	0.01237	0.03922	0.00781	0.00221	0.00759	0.00619	0.00588	0.01060
18	0.02318	0.01024	0.01362	0.01122	0.01520	0.00925	0.00905	0.02685	0.06108	0.47636	0.16785	0.06721	0.02865	0.01052	0.00719	0.00217	0.00510	0.03760	0.00783	0.00982
19	0.01661	0.01594	0.02724	0.04119	0.72233	0.01594	0.02059	0.02059	0.01528	0.02192	0.01262	0.01661	0.01063	0.00598	0.00664	0.00199	0.00797	0.00598	0.00332	0.01063
20	0.00889	0.00660	0.00921	0.01152	0.05376	0.00627	0.00746	0.01038	0.01319	0.01765	0.03538	0.66263	0.04187	0.01991	0.00850	0.00271	0.00432	0.06790	0.00605	0.00582
21	0.01794	0.76823	0.03516	0.01148	0.01722	0.02655	0.01148	0.02009	0.01363	0.01579	0.00933	0.01076	0.00861	0.00574	0.00431	0.00144	0.00718	0.00359	0.00287	0.00861
22	0.00818	0.00584	0.00779	0.00934	0.00973	0.00545	0.00623	0.00934	0.01285	0.01713	0.03698	0.75981	0.04438	0.02102	0.00856	0.00273	0.00389	0.01908	0.00623	0.00545
23	0.00976	0.00651	0.00732	0.00732	0.00732	0.00651	0.00407	0.00976	0.00976	0.01301	0.02114	0.04391	0.02439	0.76419	0.03415	0.00651	0.00651	0.00976	0.00407	0.00407
24	0.02487	0.05529	0.21527	0.01392	0.02045	0.01228	0.01410	0.02889	0.01753	0.49537	0.02161	0.01983	0.01396	0.00764	0.00652	0.00206	0.00695	0.00609	0.00651	0.01086
25	0.01721	0.39258	0.29575	0.01504	0.02216	0.07690	0.01670	0.05855	0.01524	0.01936	0.01081	0.01245	0.00873	0.00620	0.00536	0.00175	0.00860	0.00430	0.00311	0.00920
26	0.01770	0.19712	0.35314	0.01629	0.02368	0.05288	0.05371	0.04442	0.01579	0.11692	0.03837	0.01600	0.01175	0.00679	0.00608	0.00194	0.00858	0.00530	0.00393	0.00959
27	0.08081	0.33691	0.23705	0.01503	0.02170	0.04181	0.06908	0.02081	0.03410	0.01959	0.01138	0.01341	0.00924	0.00748	0.02850	0.00207	0.00852	0.00460	0.00320	0.03470
28	0.01688	0.32818	0.29676	0.01497	0.02174	0.10301	0.01642	0.02120	0.01474	0.04080	0.03624	0.01446	0.01100	0.00784	0.02783	0.00206	0.00894	0.00471	0.00328	0.00894
29	0.01655	0.19792	0.35199	0.01697	0.02436	0.03866	0.09431	0.02178	0.01502	0.09185	0.04257	0.01641	0.01201	0.00764	0.02230	0.00215	0.00897	0.00549	0.00369	0.00937

[dist]
# distance from previous block
# <min> <max>
2	11

[block]
# block no. 8 follows, 32 sequences, length 250
# corresponding to MSA columns:
# 371-620
name=unknown_I
#
# <colnr> <probs for GDERKNQSTAVLIFYWHMCP>
#	G	D	E	R	K	N	Q	S	T	A	V	L	I	F	Y	W	H	M	C	P
0	0.04335	0.07026	0.27437	0.01937	0.13050	0.03750	0.03535	0.04303	0.06599	0.05983	0.08325	0.02129	0.04794	0.00796	0.00700	0.00208	0.03082	0.00649	0.00428	0.00932
1	0.05547	0.10441	0.04676	0.01853	0.09877	0.20799	0.07202	0.10624	0.06543	0.11723	0.03394	0.01681	0.01260	0.00718	0.00629	0.00193	0.00853	0.00569	0.00475	0.00943
2	0.04186	0.21405	0.02260	0.01602	0.08738	0.14749	0.01210	0.14098	0.06041	0.07298	0.03414	0.01610	0.01249	0.00849	0.03102	0.00207	0.00801	0.00524	0.00457	0.06199
3	0.16188	0.07830	0.20282	0.01749	0.10909	0.03882	0.03334	0.05324	0.07267	0.07305	0.03474	0.01768	0.03257	0.00713	0.00598	0.00200	0.00734	0.00561	0.00433	0.04191
4	0.04012	0.06930	0.25338	0.02472	0.23150	0.04842	0.07200	0.09082	0.04115	0.04619	0.01343	0.01566	0.01022	0.00651	0.00643	0.00203	0.00869	0.00560	0.00380	0.01003
5	0.01853	0.01886	0.06545	0.03225	0.47855	0.10720	0.01822	0.06746	0.01688	0.05267	0.01309	0.01598	0.01052	0.00631	0.00647	0.00192	0.00832	0.00564	0.00379	0.05190
6	0.00845	0.00617	0.00821	0.00956	0.00992	0.00601	0.00645	0.00959	0.01265	0.01696	0.03548	0.71027	0.04249	0.04545	0.00988	0.00286	0.02977	0.01831	0.00604	0.00547
7	0.02495	0.01852	0.01982	0.01533	0.02060	0.02055	0.01262	0.65812	0.07429	0.04139	0.01681	0.01667	0.01198	0.00812	0.00672	0.00203	0.00725	0.00614	0.00672	0.01136
8	0.01802	0.01592	0.01587	0.01405	0.01796	0.06269	0.01096	0.09544	0.60479	0.02862	0.02522	0.02340	0.01891	0.00887	0.00677	0.00222	0.00593	0.00724	0.00660	0.01051
9	0.00989	0.00694	0.00856	0.00846	0.00873	0.00742	0.00541	0.01048	0.01001	0.01370	0.02000	0.03892	0.02213	0.57639	0.19322	0.00735	0.03481	0.00904	0.00392	0.00462
10	0.01424	0.02923	0.50211	0.02214	0.03103	0.01604	0.24661	0.02133	0.01472	0.02133	0.01255	0.01546	0.00905	0.00614	0.00688	0.00217	0.01038	0.00593	0.00302	0.00963
11	0.01471	0.01389	0.02316	0.33063	0.39079	0.01520	0.01890	0.01941	0.04289	0.02004	0.01375	0.04223	0.01146	0.00691	0.00674	0.00213	0.00813	0.00647	0.00342	0.00915
12	0.01573	0.01789	0.03892	0.05311	0.03545	0.01690	0.67453	0.02134	0.01575	0.02134	0.01352	0.01809	0.01014	0.00569	0.00788	0.00226	0.01123	0.00785	0.00338	0.00899
13	0.01584	0.01810	0.03959	0.02828	0.03507	0.01697	0.69796	0.02149	0.01584	0.02149	0.01357	0.01810	0.01018	0.00566	0.00792	0.00226	0.01131	0.00792	0.00339	0.00905
14	0.00885	0.00648	0.00819	0.00917	0.01006	0.00608	0.00633	0.03346	0.01428	0.01891	0.09511	0.59310	0.12606	0.01950	0.00837	0.00260	0.00389	0.01747	0.00634	0.00575
15	0.01483	0.14972	0.50916	0.04368	0.02787	0.04825	0.07514	0.02118	0.01439	0.02005	0.01165	0.01397	0.00867	0.00625	0.00616	0.00201	0.00965	0.00498	0.00292	0.00946
16	0.00795	0.00674	0.00686	0.00695	0.00910	0.00565	0.00517	0.00961	0.01514	0.01807	0.06608	0.10704	0.67837	0.01724	0.00797	0.00229	0.00343	0.01446	0.00623	0.00565
17	0.01570	0.01695	0.03480	0.13893	0.10842	0.01665	0.50467	0.03935	0.01584	0.02145	0.01329	0.01786	0.01007	0.00592	0.00757	0.00222	0.01049	0.00737	0.00341	0.00904
18	0.01556	0.01571	0.04709	0.21586	0.48627	0.03608	0.01968	0.01970	0.01489	0.02048	0.01315	0.01876	0.01105	0.00663	0.00672	0.00209	0.00833	0.02904	0.00332	0.00958
19	0.01576	0.01865	0.06257	0.02798	0.03487	0.01692	0.67554	0.02149	0.01578	0.02149	0.01352	0.01797	0.01013	0.00568	0.00787	0.00226	0.01127	0.00782	0.00338	0.00908
20	0.00793	0.00680	0.00680	0.00680	0.00906	0.00566	0.00510	0.00963	0.01529	0.01813	0.06797	0.06457	0.71961	0.01699	0.00793	0.00227	0.00340	0.01416	0.00623	0.00566
21	0.01716	0.05930	0.45361	0.01730	0.02527	0.01499	0.05642	0.04499	0.04747	0.14988	0.01626	0.04059	0.01187	0.00731	0.00654	0.00212	0.00862	0.00600	0.00427	0.01002
22	0.01485	0.01834	0.11483	0.02486	0.06682	0.01532	0.47082	0.03790	0.01590	0.02179	0.03972	0.07406	0.03624	0.00755	0.00769	0.00225	0.00982	0.00856	0.00384	0.00884
23	0.00818	0.00584	0.00779	0.00934	0.00973	0.00545	0.00623	0.00934	0.01285	0.01713	0.03698	0.75981	0.04438	0.02102	0.00856	0.00273	0.00389	0.01908	0.00623	0.00545
24	0.01346	0.03471	0.72942	0.01912	0.02904	0.01558	0.02479	0.02125	0.01417	0.02125	0.01204	0.01417	0.00850	0.00637	0.00637	0.00212	0.00992	0.00496	0.00283	0.00992
25	0.01747	0.06278	0.10947	0.03238	0.46339	0.01630	0.06485	0.03861	0.03639	0.07353	0.01395	0.01677	0.01098	0.00630	0.00657	0.00201	0.00812	0.00595	0.00379	0.01040
26	0.01359	0.05575	0.70951	0.01891	0.02870	0.01590	0.02441	0.02122	0.01415	0.02109	0.01196	0.01407	0.00850	0.00636	0.00632	0.00211	0.00984	0.00492	0.00283	0.00988
27	0.02990	0.01226	0.01571	0.01216	0.01728	0.03965	0.00999	0.03246	0.01920	0.69788	0.02581	0.02240	0.01628	0.00825	0.00672	0.00206	0.00597	0.00665	0.00811	0.01127
28	0.00887	0.00683	0.00809	0.00778	0.00964	0.00606	0.00583	0.01144	0.01750	0.02337	0.45652	0.05595	0.32780	0.01504	0.00792	0.00217	0.00326	0.01295	0.00692	0.00606
29	0.02953	0.01223	0.04042	0.01219	0.01754	0.01006	0.01038	0.03230	0.01903	0.70242	0.02597	0.02254	0.01633	0.00824	0.00673	0.00208	0.00586	0.00669	0.00811	0.01137
30	0.01394	0.09978	0.64434	0.01875	0.02818	0.01661	0.04602	0.02115	0.01417	0.02077	0.01185	0.01399	0.00857	0.00629	0.00624	0.00207	0.00972	0.00493	0.00286	0.00977
31	0.01661	0.01594	0.02724	0.04119	0.72233	0.01594	0.02059	0.02059	0.01528	0.02192	0.01262	0.01661	0.01063	0.00598	0.00664	0.00199	0.00797	0.00598	0.00332	0.01063
32	0.01661	0.01594	0.02724	0.04119	0.72233	0.01594	0.02059	0.02059	0.01528	0.02192	0.01262	0.01661	0.01063	0.00598	0.00664	0.00199	0.00797	0.00598	0.00332	0.01063
