[name]
unknown

[dist]
# distance from previous block
# <min> <max>
0	37

[block]
# block no. 0 follows, 34 sequences, length 80
# corresponding to MSA columns:
# 37-116
name=unknown_A
#
# <colnr> <probs for GDERKNQSTAVLIFYWHMCP>
#	G	D	E	R	K	N	Q	S	T	A	V	L	I	F	Y	W	H	M	C	P
0	0.03557	0.00720	0.00789	0.00780	0.00965	0.00669	0.00573	0.03834	0.01442	0.03498	0.08336	0.13776	0.41219	0.10759	0.03929	0.00304	0.00456	0.03254	0.00571	0.00570
1	0.00908	0.00645	0.00796	0.00865	0.00927	0.00633	0.00574	0.01100	0.06286	0.01631	0.05338	0.43606	0.06765	0.19676	0.01504	0.05826	0.00452	0.01415	0.00537	0.00516
2	0.27455	0.05682	0.17830	0.07135	0.02119	0.01486	0.06108	0.02284	0.10434	0.11518	0.01439	0.01542	0.01044	0.00661	0.00558	0.00203	0.00688	0.00511	0.00436	0.00869
3	0.01562	0.01151	0.01353	0.01008	0.01520	0.00951	0.00802	0.06398	0.03872	0.10278	0.04276	0.01757	0.01341	0.04102	0.00655	0.00147	0.00503	0.00494	0.00470	0.57358
4	0.00840	0.00606	0.00779	0.00884	0.00955	0.00569	0.00620	0.00981	0.01300	0.01719	0.08823	0.49354	0.10375	0.09856	0.01083	0.00296	0.00417	0.09428	0.00586	0.00527
5	0.04251	0.01122	0.01247	0.01085	0.01390	0.04268	0.00848	0.14089	0.07131	0.17098	0.19003	0.11374	0.07308	0.03586	0.00784	0.00225	0.00515	0.03208	0.00654	0.00814
6	0.13647	0.01495	0.02039	0.10588	0.36764	0.04958	0.01525	0.08996	0.01576	0.02370	0.03566	0.01593	0.01120	0.00629	0.00595	0.00188	0.00715	0.00541	0.00380	0.06715
7	0.14418	0.00851	0.01041	0.00966	0.01150	0.00867	0.03003	0.01484	0.01290	0.11472	0.09692	0.20973	0.02775	0.20642	0.01403	0.00331	0.03445	0.03039	0.00531	0.00626
8	0.03918	0.00926	0.01096	0.01042	0.01269	0.00934	0.00816	0.13301	0.03255	0.08575	0.06268	0.18651	0.11362	0.09165	0.01018	0.00279	0.00521	0.16304	0.00603	0.00699
9	0.01685	0.23302	0.30549	0.04993	0.07498	0.06484	0.05011	0.02145	0.01443	0.09385	0.01234	0.01399	0.00929	0.00615	0.00571	0.00184	0.00842	0.00480	0.00340	0.00913
10	0.01647	0.01022	0.01474	0.10322	0.12233	0.01046	0.01082	0.04225	0.03557	0.21019	0.02148	0.05519	0.04758	0.11113	0.15508	0.00421	0.00847	0.00753	0.00503	0.00803
11	0.00868	0.00643	0.00802	0.00808	0.00945	0.00588	0.00592	0.01096	0.01597	0.02167	0.41367	0.18281	0.18386	0.05140	0.00899	0.00241	0.00349	0.04010	0.00650	0.00571
12	0.04783	0.06418	0.08200	0.01590	0.01996	0.55290	0.01301	0.02558	0.07057	0.03355	0.01163	0.01290	0.00930	0.00673	0.00579	0.00174	0.01040	0.00445	0.00362	0.00798
13	0.04593	0.15639	0.04622	0.01460	0.01976	0.08685	0.06692	0.30252	0.02156	0.13853	0.01525	0.03083	0.01138	0.00726	0.00603	0.00186	0.00750	0.00564	0.00527	0.00970
14	0.00824	0.00590	0.00781	0.00919	0.00975	0.00557	0.00642	0.00956	0.01264	0.01672	0.03587	0.62915	0.06517	0.04991	0.00929	0.00280	0.00410	0.10070	0.00591	0.00529
15	0.02414	0.03079	0.01831	0.01665	0.01998	0.74698	0.01248	0.02580	0.01831	0.01581	0.00999	0.01165	0.00832	0.00666	0.00583	0.00166	0.01165	0.00416	0.00333	0.00749
16	0.04942	0.09124	0.07552	0.03960	0.10566	0.01296	0.01223	0.06195	0.01701	0.40138	0.02003	0.05403	0.01436	0.00778	0.00622	0.00196	0.00632	0.00637	0.00599	0.00998
17	0.06714	0.06446	0.15612	0.02080	0.19512	0.09032	0.01558	0.01895	0.01334	0.01933	0.01088	0.01414	0.00916	0.00849	0.03731	0.00228	0.14730	0.00493	0.00316	0.10118
18	0.00925	0.00686	0.01008	0.01008	0.01113	0.00791	0.00770	0.01134	0.01029	0.01478	0.01758	0.02692	0.01682	0.11417	0.68251	0.01001	0.01631	0.00715	0.00350	0.00560
19	0.01351	0.01174	0.01339	0.01217	0.01433	0.10559	0.06857	0.01746	0.10418	0.06035	0.02408	0.16783	0.05051	0.14499	0.13391	0.00425	0.00840	0.03318	0.00484	0.00672
20	0.02370	0.03744	0.01852	0.01582	0.08586	0.03791	0.03539	0.25282	0.04429	0.30606	0.02092	0.04122	0.03355	0.00811	0.00651	0.00198	0.00654	0.00664	0.00641	0.01031
21	0.00919	0.00723	0.00986	0.01191	0.07096	0.00721	0.00763	0.01145	0.04626	0.01736	0.03369	0.56237	0.08627	0.01915	0.04081	0.00286	0.02867	0.01553	0.00558	0.00600
22	0.02088	0.01614	0.01735	0.01376	0.01858	0.01757	0.01116	0.44105	0.21899	0.03459	0.01801	0.01763	0.01323	0.00768	0.00629	0.00189	0.00628	0.00599	0.00618	0.10674
23	0.01007	0.00741	0.00976	0.00932	0.01066	0.00785	0.00688	0.04223	0.01234	0.01733	0.11308	0.03268	0.04608	0.21356	0.38875	0.00724	0.01132	0.00818	0.00428	0.04099
24	0.01403	0.18041	0.53468	0.01775	0.02622	0.01724	0.08372	0.02026	0.01369	0.01943	0.01121	0.01333	0.00835	0.00595	0.00588	0.00193	0.00914	0.00477	0.00278	0.00922
25	0.01315	0.03210	0.68145	0.01915	0.02845	0.01512	0.08054	0.02048	0.01377	0.02048	0.01172	0.01395	0.00832	0.00608	0.00626	0.00206	0.00966	0.00501	0.00277	0.00948
26	0.01327	0.01402	0.02881	0.02310	0.07749	0.01321	0.46525	0.01740	0.01442	0.01957	0.01923	0.22474	0.01893	0.00955	0.00771	0.00228	0.00869	0.01046	0.00402	0.00787
27	0.01576	0.01483	0.02479	0.03546	0.61031	0.01491	0.04213	0.04368	0.03632	0.02171	0.01437	0.04804	0.01270	0.00687	0.00660	0.00200	0.00748	0.02854	0.00362	0.00987
28	0.02337	0.04499	0.21365	0.01429	0.02054	0.04440	0.04162	0.04246	0.01711	0.44158	0.01974	0.01854	0.01291	0.00724	0.00633	0.00198	0.00717	0.00585	0.00596	0.01026
29	0.00961	0.00686	0.00949	0.01098	0.01212	0.00674	0.00901	0.01200	0.01408	0.01844	0.03465	0.29311	0.03894	0.01861	0.00871	0.00286	0.00525	0.47683	0.00596	0.00573
30	0.16778	0.01502	0.01524	0.01285	0.01707	0.01709	0.01031	0.25510	0.36103	0.03192	0.01952	0.01874	0.01448	0.00792	0.00606	0.00207	0.00575	0.00611	0.00606	0.00988
31	0.00892	0.00668	0.00760	0.00765	0.00881	0.00631	0.00520	0.01098	0.04682	0.01763	0.16062	0.15279	0.24712	0.26586	0.01601	0.00357	0.00438	0.01227	0.00553	0.00526
32	0.03299	0.00672	0.00826	0.00851	0.00927	0.00670	0.00578	0.01150	0.05207	0.01751	0.15931	0.23815	0.03406	0.23453	0.01724	0.10922	0.00476	0.03319	0.00517	0.00506
33	0.14165	0.02354	0.34375	0.04346	0.02816	0.01539	0.27217	0.02019	0.01379	0.02178	0.01172	0.01464	0.00860	0.00587	0.00635	0.00209	0.00929	0.00565	0.00313	0.00876
34	0.01220	0.01148	0.01938	0.75739	0.04450	0.01436	0.01794	0.01651	0.01292	0.01651	0.01148	0.01723	0.00861	0.00646	0.00646	0.00215	0.00861	0.00574	0.00287	0.00718
35	0.00936	0.00655	0.00810	0.00817	0.00967	0.00591	0.00598	0.01144	0.01549	0.05223	0.30972	0.23553	0.22079	0.04098	0.00861	0.00239	0.00358	0.03318	0.00645	0.00586
36	0.01601	0.01469	0.02326	0.20158	0.25565	0.01575	0.11393	0.12208	0.10404	0.02346	0.01589	0.01875	0.03171	0.00685	0.00665	0.00206	0.00783	0.00644	0.00411	0.00926
37	0.01243	0.00711	0.00926	0.00897	0.01054	0.00675	0.00649	0.01410	0.01361	0.14918	0.11470	0.24201	0.08308	0.15041	0.12053	0.00415	0.00636	0.01154	0.02247	0.00628
38	0.00923	0.00692	0.01038	0.01038	0.01154	0.00808	0.00808	0.01154	0.01038	0.01500	0.01731	0.02538	0.01615	0.04846	0.74732	0.01038	0.01731	0.00692	0.00346	0.00577
39	0.02383	0.06384	0.01900	0.01640	0.01982	0.71503	0.01242	0.02552	0.01808	0.01579	0.00994	0.01160	0.00832	0.00661	0.00575	0.00165	0.01144	0.00413	0.00330	0.00753
40	0.01114	0.00564	0.00836	0.00836	0.00836	0.00564	0.00554	0.00846	0.00846	0.01128	0.01162	0.02063	0.01176	0.05538	0.02559	0.77665	0.00564	0.00578	0.00285	0.00285
41	0.05693	0.01483	0.01593	0.04663	0.01880	0.04146	0.03313	0.10042	0.53768	0.02746	0.02271	0.02161	0.01701	0.00825	0.00644	0.00214	0.00587	0.00680	0.00605	0.00987
42	0.00940	0.00626	0.00705	0.00705	0.00705	0.00626	0.00392	0.00940	0.00940	0.01253	0.02036	0.04228	0.02349	0.77292	0.03289	0.00626	0.00626	0.00940	0.00392	0.00392
43	0.01296	0.03342	0.73944	0.01842	0.02797	0.01501	0.02387	0.02046	0.01364	0.02046	0.01160	0.01364	0.00818	0.00614	0.00614	0.00205	0.00955	0.00477	0.00273	0.00955
44	0.04761	0.00790	0.03040	0.00955	0.01102	0.00721	0.00728	0.01301	0.03538	0.06550	0.03128	0.32343	0.07503	0.16564	0.01276	0.00328	0.00501	0.13730	0.00554	0.00588
45	0.08263	0.00756	0.00841	0.00793	0.00961	0.00759	0.00568	0.01443	0.04361	0.08348	0.04243	0.03380	0.12913	0.22085	0.05852	0.07737	0.00551	0.00815	0.14752	0.00578
46	0.01986	0.00944	0.01156	0.00968	0.01297	0.00892	0.00769	0.07367	0.03797	0.33420	0.06192	0.02859	0.05342	0.06412	0.00809	0.00223	0.00481	0.03064	0.21174	0.00850
47	0.00963	0.00666	0.00815	0.00847	0.00982	0.00620	0.00603	0.01208	0.04563	0.05338	0.18021	0.36356	0.17994	0.04580	0.00869	0.00248	0.00373	0.01431	0.02929	0.00593
48	0.42345	0.01084	0.01023	0.00911	0.01230	0.01181	0.00717	0.07868	0.01436	0.08621	0.10093	0.08893	0.01932	0.05519	0.00703	0.00229	0.00486	0.00678	0.04336	0.00718
49	0.01052	0.00691	0.00838	0.00822	0.01015	0.00616	0.00624	0.01271	0.01576	0.09074	0.24668	0.16015	0.29407	0.01507	0.00762	0.00222	0.00368	0.06003	0.02849	0.00620
50	0.00856	0.00621	0.00786	0.00876	0.00977	0.00578	0.00638	0.01031	0.01383	0.01837	0.12582	0.40809	0.15825	0.04196	0.00884	0.00261	0.00397	0.11768	0.03147	0.00548
51	0.13579	0.00847	0.01000	0.00905	0.01153	0.00819	0.00701	0.01706	0.01557	0.18225	0.27469	0.06006	0.06554	0.10279	0.00997	0.00262	0.00453	0.06159	0.00628	0.00700
52	0.03258	0.00667	0.00808	0.00874	0.00974	0.00638	0.00605	0.03262	0.01305	0.03863	0.03552	0.47083	0.12768	0.13111	0.01165	0.00307	0.00435	0.04204	0.00570	0.00551
53	0.00857	0.00656	0.00784	0.00793	0.00956	0.00591	0.00599	0.01080	0.01577	0.02071	0.31741	0.12132	0.31797	0.03733	0.00854	0.00236	0.00358	0.07981	0.00637	0.00569
54	0.00950	0.00689	0.00891	0.00882	0.00966	0.00742	0.00619	0.01151	0.03889	0.01524	0.06565	0.03521	0.04987	0.34374	0.34639	0.00751	0.01080	0.00852	0.00410	0.00519
55	0.04567	0.00773	0.00975	0.00901	0.01118	0.00711	0.00670	0.01656	0.01536	0.21530	0.20519	0.21838	0.07683	0.08703	0.00968	0.00257	0.00429	0.01132	0.03334	0.00700
56	0.01417	0.00890	0.01039	0.00933	0.01155	0.00876	0.00696	0.08819	0.06135	0.13112	0.10819	0.04165	0.15169	0.25139	0.01530	0.00346	0.00525	0.05970	0.00586	0.00682
57	0.01115	0.00862	0.01183	0.01113	0.01241	0.01019	0.00866	0.07519	0.01205	0.01714	0.01654	0.02506	0.01564	0.11540	0.53125	0.00841	0.09249	0.00695	0.00371	0.00619
58	0.01355	0.01207	0.04172	0.04513	0.29643	0.01152	0.06370	0.01691	0.03521	0.04748	0.10513	0.07416	0.02036	0.04700	0.07660	0.06550	0.00764	0.00779	0.00417	0.00792
59	0.06664	0.00719	0.00854	0.00830	0.00993	0.00717	0.00611	0.01197	0.01298	0.05089	0.13001	0.07007	0.21823	0.15713	0.20142	0.00498	0.00761	0.01004	0.00508	0.00571
60	0.81856	0.01250	0.00950	0.00850	0.01250	0.01449	0.00700	0.01899	0.01100	0.02899	0.00900	0.01050	0.00700	0.00600	0.00400	0.00200	0.00500	0.00350	0.00400	0.00700
61	0.01514	0.01449	0.01417	0.01451	0.07991	0.13896	0.01014	0.04595	0.26584	0.02298	0.13625	0.08303	0.08791	0.01058	0.00688	0.00210	0.00599	0.03129	0.00567	0.00821
62	0.01784	0.01393	0.01789	0.10068	0.15408	0.01517	0.01291	0.26280	0.11177	0.05505	0.01891	0.04691	0.03019	0.05111	0.03767	0.00263	0.00719	0.02878	0.00523	0.00926
63	0.01079	0.00756	0.00911	0.00890	0.01086	0.00724	0.00670	0.01455	0.08928	0.07664	0.20007	0.18572	0.24149	0.01729	0.06076	0.00283	0.00477	0.03261	0.00629	0.00654
64	0.02414	0.03079	0.01831	0.01665	0.01998	0.74698	0.01248	0.02580	0.01831	0.01581	0.00999	0.01165	0.00832	0.00666	0.00583	0.00166	0.01165	0.00416	0.00333	0.00749
65	0.01525	0.01694	0.12145	0.01894	0.17318	0.07968	0.01360	0.09949	0.12834	0.02386	0.12451	0.11491	0.02297	0.00951	0.00676	0.00206	0.00666	0.00817	0.00498	0.00873
66	0.12578	0.01727	0.01911	0.15648	0.17243	0.12677	0.01413	0.21050	0.05230	0.02618	0.01288	0.01509	0.00987	0.00675	0.00603	0.00195	0.00782	0.00530	0.00432	0.00903
67	0.01190	0.01098	0.01784	0.53029	0.08731	0.01325	0.01571	0.01555	0.01271	0.01661	0.01590	0.02157	0.05938	0.03383	0.07517	0.00304	0.04222	0.00650	0.00319	0.00705
68	0.12034	0.01161	0.01454	0.01137	0.01620	0.01083	0.00936	0.06130	0.04625	0.59421	0.02314	0.02044	0.01486	0.00778	0.00621	0.00200	0.00550	0.00615	0.00740	0.01050
69	0.03278	0.33073	0.02621	0.04137	0.18334	0.16034	0.01346	0.08247	0.01614	0.01957	0.03141	0.01368	0.01050	0.00626	0.00536	0.00166	0.00792	0.00464	0.00346	0.00871
70	0.01535	0.01570	0.02476	0.27820	0.34523	0.08077	0.10853	0.01936	0.01450	0.01903	0.01185	0.01621	0.00946	0.00603	0.00653	0.00201	0.00877	0.00585	0.00311	0.00876
71	0.00816	0.00597	0.00755	0.00861	0.00938	0.00553	0.00596	0.00950	0.01298	0.01700	0.07209	0.52817	0.15156	0.07088	0.00986	0.00280	0.00395	0.05888	0.00590	0.00527
72	0.00946	0.00633	0.00725	0.00734	0.00743	0.00633	0.00430	0.00963	0.00972	0.01293	0.02119	0.04411	0.02431	0.72786	0.03146	0.00607	0.00625	0.04996	0.00404	0.00404
73	0.15849	0.09547	0.09774	0.01854	0.13705	0.09576	0.08305	0.04400	0.08547	0.02238	0.03885	0.04757	0.01382	0.00745	0.00599	0.00198	0.00744	0.02643	0.00404	0.00849
74	0.06571	0.03916	0.05200	0.01622	0.05201	0.01681	0.09384	0.32218	0.10123	0.09457	0.01616	0.01664	0.01172	0.00708	0.00627	0.00192	0.00702	0.00587	0.00549	0.06809
75	0.00828	0.00602	0.00752	0.00837	0.00912	0.00560	0.00571	0.00959	0.01299	0.01713	0.10793	0.45755	0.14509	0.12761	0.01168	0.00304	0.00406	0.04172	0.00581	0.00520
76	0.02035	0.02261	0.01951	0.03870	0.03964	0.38685	0.04604	0.07171	0.01669	0.04335	0.03481	0.01469	0.01071	0.00807	0.00991	0.00204	0.19755	0.00524	0.00370	0.00784
77	0.05366	0.13310	0.08950	0.01756	0.10158	0.04892	0.07736	0.14712	0.08500	0.06851	0.03485	0.01695	0.01250	0.00874	0.02905	0.02802	0.02832	0.00572	0.00445	0.00908
78	0.03790	0.00690	0.00834	0.00823	0.00898	0.00727	0.00555	0.02680	0.01107	0.01600	0.06222	0.06438	0.02334	0.42133	0.21342	0.00642	0.00864	0.00877	0.04946	0.00497
79	0.00858	0.00587	0.00728	0.00817	0.00845	0.00565	0.00517	0.00935	0.01131	0.01527	0.02946	0.47409	0.03472	0.29941	0.01728	0.00394	0.00466	0.01462	0.03193	0.00478

[dist]
# distance from previous block
# <min> <max>
0	1

[block]
# block no. 1 follows, 34 sequences, length 12
# corresponding to MSA columns:
# 118-129
name=unknown_B
#
# <colnr> <probs for GDERKNQSTAVLIFYWHMCP>
#	G	D	E	R	K	N	Q	S	T	A	V	L	I	F	Y	W	H	M	C	P
0	0.01942	0.22878	0.08756	0.01612	0.05458	0.33022	0.01338	0.02342	0.08407	0.01740	0.01145	0.01308	0.00952	0.00678	0.00654	0.00176	0.05975	0.00451	0.00340	0.00827
1	0.05363	0.43121	0.23244	0.01546	0.07253	0.06196	0.01525	0.02005	0.01358	0.01781	0.01002	0.01179	0.00835	0.00580	0.00497	0.00166	0.00790	0.00404	0.00288	0.00869
2	0.00848	0.00752	0.04317	0.01036	0.01148	0.00627	0.04253	0.01013	0.01258	0.01689	0.03335	0.69537	0.03945	0.01883	0.00812	0.00257	0.00438	0.01719	0.00571	0.00562
3	0.06395	0.01735	0.05828	0.02293	0.18706	0.09211	0.20194	0.08903	0.01690	0.11238	0.01455	0.01674	0.01085	0.00639	0.00642	0.00196	0.00827	0.00604	0.05765	0.00921
4	0.00940	0.00626	0.00705	0.00705	0.00705	0.00626	0.00392	0.00940	0.00940	0.01253	0.02036	0.04228	0.02349	0.77292	0.03289	0.00626	0.00626	0.00940	0.00392	0.00392
5	0.02678	0.01324	0.01623	0.01258	0.01753	0.01300	0.01035	0.22667	0.07307	0.48558	0.02269	0.02029	0.01483	0.00798	0.00649	0.00200	0.00593	0.00636	0.00745	0.01094
6	0.01355	0.01286	0.02182	0.50143	0.28990	0.01471	0.01862	0.01769	0.01356	0.01815	0.01172	0.01679	0.00919	0.00621	0.00644	0.00207	0.00828	0.00575	0.00299	0.00827
7	0.01060	0.00696	0.00894	0.00824	0.01011	0.00631	0.00625	0.01346	0.01795	0.08279	0.60499	0.04754	0.12494	0.01311	0.00753	0.00204	0.00327	0.01146	0.00707	0.00643
8	0.74661	0.01236	0.01000	0.00877	0.01286	0.01404	0.00723	0.02013	0.01168	0.09352	0.01050	0.01154	0.00782	0.00618	0.00423	0.00200	0.00504	0.00377	0.00436	0.00736
9	0.00915	0.00623	0.00705	0.00719	0.00736	0.00612	0.00416	0.00935	0.01001	0.01320	0.02469	0.10738	0.07208	0.65661	0.02905	0.00567	0.00584	0.01047	0.00424	0.00413
10	0.02144	0.01591	0.01624	0.03321	0.01820	0.09372	0.01080	0.28993	0.15876	0.15215	0.06847	0.02241	0.05213	0.00863	0.00656	0.00199	0.00651	0.00682	0.00634	0.00977
11	0.01797	0.13544	0.05538	0.01481	0.05462	0.05347	0.03582	0.08357	0.19661	0.11596	0.02165	0.02162	0.07746	0.00848	0.00760	0.00203	0.07676	0.00653	0.00511	0.00914

[dist]
# distance from previous block
# <min> <max>
3	6

[block]
# block no. 2 follows, 34 sequences, length 53
# corresponding to MSA columns:
# 136-188
name=unknown_C
#
# <colnr> <probs for GDERKNQSTAVLIFYWHMCP>
#	G	D	E	R	K	N	Q	S	T	A	V	L	I	F	Y	W	H	M	C	P
0	0.01269	0.01243	0.04221	0.09591	0.21033	0.01200	0.13272	0.01726	0.06571	0.02007	0.06512	0.20651	0.02316	0.01064	0.00728	0.00224	0.00685	0.04443	0.00448	0.00794
1	0.01216	0.01133	0.04078	0.03920	0.03598	0.00970	0.06994	0.03178	0.07051	0.02040	0.02520	0.16008	0.10254	0.01043	0.00662	0.00188	0.00551	0.05814	0.00476	0.28306
2	0.00928	0.00673	0.00939	0.00939	0.01021	0.00754	0.00684	0.01090	0.01009	0.01427	0.01821	0.03039	0.01833	0.26325	0.53551	0.00916	0.01403	0.00766	0.00360	0.00522
3	0.01068	0.00839	0.00952	0.00942	0.01121	0.03462	0.00715	0.01441	0.08493	0.04487	0.24442	0.19498	0.19257	0.01486	0.00797	0.00229	0.02129	0.07373	0.00628	0.00641
4	0.01852	0.19801	0.17321	0.04235	0.04556	0.01641	0.01371	0.13506	0.03668	0.15186	0.09142	0.01888	0.01613	0.00742	0.00598	0.00186	0.00688	0.00582	0.00489	0.00933
5	0.01460	0.08436	0.46919	0.01987	0.02812	0.01591	0.20269	0.02093	0.01424	0.05209	0.01241	0.01476	0.00897	0.00599	0.00640	0.00203	0.00952	0.00550	0.00311	0.00930
6	0.04432	0.01737	0.04663	0.16590	0.04776	0.12927	0.13711	0.01864	0.01304	0.01750	0.01035	0.01486	0.00871	0.00807	0.01196	0.00232	0.28985	0.00569	0.00304	0.00762
7	0.03761	0.02024	0.02298	0.01927	0.04640	0.29369	0.23615	0.04539	0.01657	0.03864	0.01606	0.10291	0.01482	0.00853	0.00689	0.00206	0.00954	0.05039	0.00402	0.00783
8	0.10918	0.02233	0.01936	0.01946	0.12735	0.37505	0.04411	0.04499	0.01583	0.01907	0.01060	0.01340	0.00893	0.00857	0.03490	0.00224	0.10847	0.00484	0.00343	0.00791
9	0.01653	0.01409	0.01512	0.03998	0.01802	0.01629	0.01065	0.08106	0.64719	0.02761	0.02501	0.02326	0.01871	0.00861	0.00656	0.00217	0.00538	0.00714	0.00643	0.01017
10	0.01122	0.00561	0.00842	0.00842	0.00842	0.00561	0.00561	0.00842	0.00842	0.01122	0.01122	0.01964	0.01122	0.02245	0.02525	0.81201	0.00561	0.00561	0.00281	0.00281
11	0.00945	0.00621	0.00713	0.00727	0.00745	0.00622	0.00430	0.00986	0.01001	0.01385	0.02168	0.10601	0.02445	0.62108	0.05411	0.00572	0.00619	0.00986	0.06488	0.00426
12	0.01800	0.01459	0.01551	0.01343	0.01740	0.01664	0.01059	0.16054	0.57328	0.04859	0.02426	0.02245	0.01799	0.00856	0.00655	0.00214	0.00550	0.00701	0.00659	0.01039
13	0.04396	0.01523	0.01632	0.01354	0.01789	0.01704	0.01086	0.29246	0.38287	0.08595	0.02160	0.02026	0.01573	0.00824	0.00645	0.00207	0.00590	0.00656	0.00656	0.01048
14	0.00939	0.00629	0.00719	0.00719	0.00723	0.00634	0.00409	0.00949	0.00944	0.01263	0.02023	0.04158	0.02318	0.74271	0.06268	0.00644	0.00672	0.00929	0.00390	0.00399
15	0.02714	0.01152	0.01505	0.01173	0.01653	0.01054	0.00962	0.07412	0.07106	0.61871	0.04661	0.02255	0.01734	0.00820	0.00654	0.00201	0.00550	0.00667	0.00777	0.01079
16	0.01643	0.01406	0.01481	0.01322	0.01694	0.01624	0.01031	0.06256	0.69214	0.02760	0.02585	0.02375	0.01936	0.00872	0.00657	0.00218	0.00520	0.00724	0.00657	0.01026
17	0.81856	0.01250	0.00950	0.00850	0.01250	0.01449	0.00700	0.01899	0.01100	0.02899	0.00900	0.01050	0.00700	0.00600	0.00400	0.00200	0.00500	0.00350	0.00400	0.00700
18	0.01220	0.01148	0.01938	0.75739	0.04450	0.01436	0.01794	0.01651	0.01292	0.01651	0.01148	0.01723	0.00861	0.00646	0.00646	0.00215	0.00861	0.00574	0.00287	0.00718
19	0.02406	0.01756	0.01889	0.01463	0.01968	0.01941	0.01204	0.63901	0.08217	0.06115	0.01664	0.01636	0.01180	0.00784	0.00647	0.00196	0.00691	0.00595	0.00652	0.01093
20	0.02290	0.01228	0.01436	0.01153	0.01572	0.01244	0.00935	0.21103	0.10607	0.32374	0.02204	0.02092	0.01522	0.00793	0.00611	0.00191	0.00540	0.00632	0.16481	0.00992
21	0.00787	0.00655	0.00688	0.00680	0.00887	0.00556	0.00510	0.00973	0.01529	0.01879	0.17031	0.05998	0.62430	0.01587	0.00763	0.00216	0.00324	0.01333	0.00618	0.00556
22	0.01535	0.12990	0.51102	0.01844	0.07972	0.01623	0.02038	0.04575	0.01461	0.07262	0.01244	0.01406	0.00903	0.00622	0.00593	0.00194	0.00867	0.00484	0.00329	0.00959
23	0.07364	0.01706	0.01837	0.01434	0.01893	0.01922	0.01184	0.59252	0.02707	0.03755	0.01475	0.01537	0.01072	0.00791	0.00736	0.00200	0.06379	0.00566	0.03164	0.01028
24	0.00825	0.00647	0.00746	0.00743	0.00916	0.00568	0.00549	0.01037	0.01585	0.02063	0.31943	0.13369	0.39593	0.01556	0.00770	0.00217	0.00324	0.01340	0.00643	0.00568
25	0.01773	0.01623	0.01445	0.04003	0.01698	0.18129	0.01005	0.11000	0.24229	0.05638	0.10184	0.02561	0.07740	0.00908	0.00647	0.00197	0.00651	0.00724	0.04992	0.00854
26	0.00977	0.00670	0.00870	0.00850	0.01006	0.00616	0.00640	0.01243	0.01704	0.05330	0.51630	0.14470	0.10519	0.01444	0.00774	0.00218	0.00344	0.05397	0.00685	0.00613
27	0.01564	0.01639	0.02265	0.33424	0.25606	0.13605	0.06438	0.01934	0.01443	0.01810	0.01146	0.01583	0.00915	0.00636	0.00690	0.00202	0.03401	0.00561	0.00308	0.00830
28	0.04766	0.00938	0.01194	0.01032	0.01353	0.00878	0.00806	0.04450	0.05518	0.35853	0.11789	0.19991	0.02783	0.01148	0.00688	0.00214	0.00467	0.00985	0.04287	0.00861
29	0.01402	0.01398	0.01977	0.06016	0.01857	0.01947	0.01436	0.01561	0.01007	0.01561	0.00866	0.01432	0.00849	0.01103	0.02034	0.00279	0.71720	0.00566	0.00283	0.00707
30	0.00859	0.00618	0.00850	0.00979	0.01050	0.00609	0.00720	0.01026	0.01261	0.01687	0.03279	0.52206	0.03791	0.02365	0.11062	0.00377	0.00608	0.15543	0.00564	0.00547
31	0.01002	0.00779	0.01022	0.01101	0.05507	0.00781	0.00727	0.01246	0.04838	0.01756	0.09461	0.25438	0.05430	0.17681	0.11657	0.00421	0.02945	0.01127	0.00492	0.06590
32	0.10622	0.01321	0.03670	0.01143	0.01670	0.01177	0.00963	0.14361	0.01817	0.31500	0.01759	0.01695	0.01210	0.00677	0.00573	0.00169	0.00564	0.00525	0.00596	0.23989
33	0.01207	0.01114	0.01856	0.67918	0.04103	0.01388	0.01694	0.01591	0.01264	0.01629	0.01227	0.04491	0.00996	0.00770	0.00767	0.03126	0.03245	0.00620	0.00298	0.00695
34	0.01857	0.01740	0.01554	0.01335	0.01587	0.20757	0.01018	0.23174	0.01834	0.02258	0.01454	0.02185	0.01350	0.21519	0.03902	0.00341	0.10311	0.00636	0.00440	0.00750
35	0.02414	0.03079	0.01831	0.01665	0.01998	0.74698	0.01248	0.02580	0.01831	0.01581	0.00999	0.01165	0.00832	0.00666	0.00583	0.00166	0.01165	0.00416	0.00333	0.00749
36	0.01320	0.01127	0.01318	0.00955	0.01510	0.00849	0.00760	0.01600	0.01336	0.02089	0.01237	0.04097	0.01078	0.00535	0.00491	0.00102	0.00475	0.00436	0.00391	0.78295
37	0.00945	0.00663	0.00826	0.00860	0.00976	0.00627	0.00612	0.01174	0.03905	0.04090	0.21566	0.30926	0.12646	0.11881	0.01127	0.00290	0.00408	0.05299	0.00608	0.00570
38	0.08547	0.01496	0.01647	0.01292	0.01772	0.04106	0.01059	0.33184	0.04909	0.30316	0.03822	0.01866	0.01416	0.00786	0.00630	0.00197	0.00632	0.00605	0.00677	0.01041
39	0.00890	0.00662	0.00850	0.00957	0.01087	0.00622	0.00755	0.01097	0.01417	0.01822	0.06658	0.29017	0.20528	0.01809	0.00836	0.00264	0.00451	0.29116	0.00602	0.00561
40	0.03631	0.00667	0.00768	0.00820	0.00929	0.00644	0.00569	0.03527	0.01310	0.01813	0.03558	0.36815	0.16342	0.14316	0.01170	0.00301	0.00424	0.03399	0.08456	0.00542
41	0.01090	0.00767	0.00972	0.01006	0.01171	0.00759	0.00792	0.01488	0.08916	0.05245	0.17762	0.17003	0.08611	0.06864	0.00978	0.00277	0.00473	0.24566	0.00622	0.00637
42	0.01342	0.07888	0.63826	0.01867	0.02772	0.01578	0.07857	0.02041	0.01374	0.02015	0.01155	0.01374	0.00832	0.00604	0.00613	0.00202	0.00949	0.00492	0.00277	0.00940
43	0.04406	0.01299	0.01722	0.13060	0.20325	0.05949	0.01302	0.08302	0.03717	0.02037	0.03638	0.04608	0.01490	0.08921	0.12744	0.00379	0.04256	0.00676	0.00391	0.00779
44	0.01169	0.00736	0.00926	0.00909	0.01076	0.00689	0.00662	0.05348	0.01585	0.10503	0.21808	0.35101	0.11348	0.03984	0.00850	0.00243	0.00400	0.01371	0.00649	0.00646
45	0.00808	0.00594	0.00761	0.00875	0.00955	0.00547	0.00612	0.00952	0.01326	0.01741	0.08374	0.57187	0.14802	0.01906	0.00816	0.00254	0.00377	0.05969	0.00607	0.00538
46	0.49024	0.01368	0.01217	0.04347	0.01561	0.08277	0.00866	0.02246	0.01363	0.20331	0.01352	0.01414	0.00966	0.00763	0.02327	0.00218	0.00622	0.00449	0.00487	0.00802
47	0.01056	0.00794	0.01071	0.01033	0.01162	0.02938	0.05061	0.01231	0.02994	0.03838	0.07554	0.26918	0.05854	0.14069	0.11592	0.07373	0.00698	0.03712	0.00494	0.00558
48	0.01167	0.00702	0.00838	0.00809	0.00891	0.00700	0.00526	0.01289	0.03226	0.08719	0.02193	0.06447	0.02301	0.53917	0.07166	0.00551	0.00661	0.03340	0.04042	0.00515
49	0.00929	0.00624	0.00718	0.00736	0.00744	0.00621	0.00429	0.00948	0.00982	0.01308	0.02212	0.10811	0.02561	0.68386	0.02999	0.00584	0.00603	0.02981	0.00416	0.00409
50	0.01561	0.01206	0.01406	0.01025	0.01584	0.00981	0.00825	0.07717	0.03020	0.07815	0.01322	0.01447	0.01040	0.00537	0.00510	0.00115	0.00505	0.00428	0.00443	0.66513
51	0.02165	0.01557	0.01945	0.01570	0.04524	0.01642	0.08274	0.41139	0.07279	0.12460	0.04663	0.02131	0.05944	0.00829	0.00671	0.00201	0.00678	0.00690	0.00622	0.01015
52	0.00874	0.00623	0.00804	0.00906	0.00968	0.00597	0.00617	0.03452	0.01329	0.01783	0.08607	0.61584	0.04137	0.07734	0.01005	0.00284	0.00406	0.03153	0.00594	0.00543

[dist]
# distance from previous block
# <min> <max>
2	4

[block]
# block no. 3 follows, 34 sequences, length 26
# corresponding to MSA columns:
# 193-218
name=unknown_D
#
# <colnr> <probs for GDERKNQSTAVLIFYWHMCP>
#	G	D	E	R	K	N	Q	S	T	A	V	L	I	F	Y	W	H	M	C	P
0	0.01612	0.41625	0.09714	0.01429	0.01933	0.02075	0.09083	0.02031	0.06738	0.03795	0.04581	0.01509	0.01208	0.00692	0.00710	0.00181	0.09383	0.00507	0.00347	0.00844
1	0.04438	0.04561	0.01103	0.00975	0.01186	0.00917	0.00732	0.08472	0.05897	0.07461	0.08562	0.38295	0.11883	0.01507	0.00734	0.00230	0.00440	0.01313	0.00608	0.00687
2	0.07914	0.15550	0.36151	0.01648	0.05649	0.08125	0.01729	0.05560	0.03360	0.06837	0.01233	0.01369	0.00918	0.00632	0.00567	0.00188	0.00833	0.00467	0.00354	0.00917
3	0.01380	0.06031	0.67098	0.01793	0.02708	0.01569	0.02272	0.06079	0.01460	0.02145	0.01173	0.01363	0.00835	0.00621	0.00608	0.00202	0.00931	0.00479	0.00295	0.00959
4	0.00979	0.00713	0.00898	0.00872	0.00899	0.00791	0.00581	0.01045	0.00967	0.01338	0.01857	0.03579	0.02042	0.53517	0.19807	0.00691	0.07739	0.00848	0.00371	0.00463
5	0.01135	0.00683	0.00824	0.00785	0.00973	0.00630	0.00601	0.01404	0.01617	0.08416	0.32583	0.06872	0.15091	0.01231	0.00683	0.00199	0.00345	0.04405	0.20886	0.00636
6	0.01479	0.10537	0.47477	0.01966	0.06000	0.01670	0.12113	0.07485	0.01519	0.02159	0.01188	0.01411	0.00875	0.00609	0.00619	0.00198	0.00919	0.00518	0.00313	0.00944
7	0.00870	0.00658	0.00795	0.00761	0.00929	0.00591	0.00567	0.01122	0.01693	0.02293	0.50584	0.05230	0.26278	0.03774	0.00841	0.00221	0.00322	0.01221	0.00668	0.00583
8	0.01237	0.01131	0.05825	0.01053	0.01354	0.01064	0.00872	0.04646	0.26616	0.02540	0.29351	0.03677	0.11954	0.01108	0.00696	0.00208	0.00438	0.00943	0.04496	0.00788
9	0.00803	0.00652	0.00712	0.00706	0.00899	0.00561	0.00526	0.01001	0.01554	0.01958	0.23462	0.08947	0.52815	0.01572	0.00766	0.00216	0.00324	0.01334	0.00629	0.00561
10	0.01460	0.01335	0.02129	0.12213	0.39178	0.01397	0.04621	0.02060	0.12065	0.02175	0.06098	0.02259	0.01623	0.00742	0.00659	0.00204	0.00695	0.03926	0.04252	0.00911
11	0.01436	0.01145	0.01350	0.00969	0.01539	0.00867	0.00777	0.01721	0.01371	0.06512	0.01235	0.01393	0.00997	0.00498	0.00489	0.00102	0.00483	0.00399	0.00408	0.76311
12	0.02416	0.03007	0.01837	0.01654	0.01998	0.70530	0.01247	0.06509	0.01900	0.01724	0.01030	0.01187	0.00848	0.00672	0.00586	0.00168	0.01139	0.00426	0.00351	0.00769
13	0.81856	0.01250	0.00950	0.00850	0.01250	0.01449	0.00700	0.01899	0.01100	0.02899	0.00900	0.01050	0.00700	0.00600	0.00400	0.00200	0.00500	0.00350	0.00400	0.00700
14	0.01062	0.00924	0.01320	0.01354	0.09796	0.00897	0.06341	0.01449	0.06410	0.02200	0.30718	0.04349	0.25490	0.01233	0.00789	0.00212	0.03110	0.01076	0.00581	0.00691
15	0.01033	0.00739	0.01023	0.00992	0.01059	0.00846	0.00727	0.02637	0.01028	0.01446	0.01665	0.04531	0.01691	0.20703	0.36516	0.14123	0.07639	0.00742	0.00353	0.00506
16	0.01167	0.00731	0.00933	0.00852	0.01041	0.00686	0.00642	0.01509	0.04549	0.10046	0.55211	0.04304	0.05029	0.05662	0.00879	0.00226	0.00358	0.01056	0.04453	0.00665
17	0.14266	0.01415	0.01681	0.01670	0.13530	0.03235	0.01151	0.14555	0.13710	0.25401	0.01883	0.01825	0.01326	0.00738	0.00610	0.00200	0.00615	0.00588	0.00598	0.01005
18	0.04157	0.14528	0.02032	0.01406	0.01858	0.16278	0.01155	0.30137	0.17054	0.02841	0.01546	0.01559	0.01176	0.00734	0.00592	0.00185	0.00749	0.00536	0.00520	0.00959
19	0.05356	0.06089	0.52209	0.01653	0.02457	0.01553	0.01973	0.06581	0.07715	0.06439	0.01371	0.01488	0.00978	0.00655	0.00603	0.00202	0.00843	0.00505	0.00367	0.00961
20	0.02049	0.08187	0.06845	0.01574	0.05305	0.24120	0.01256	0.10475	0.22771	0.08445	0.01693	0.01692	0.01275	0.00735	0.00609	0.00190	0.00795	0.00555	0.00495	0.00934
21	0.06479	0.01353	0.01738	0.01326	0.01835	0.01324	0.05109	0.23010	0.02144	0.45644	0.02104	0.01927	0.01373	0.00768	0.00643	0.00199	0.00626	0.00622	0.00708	0.01067
22	0.01725	0.12348	0.12136	0.03543	0.22712	0.11143	0.01562	0.02092	0.02893	0.06985	0.01212	0.01453	0.00976	0.00667	0.00752	0.00187	0.09268	0.00501	0.00351	0.07493
23	0.01227	0.00777	0.00989	0.00893	0.01139	0.00674	0.00673	0.01466	0.01592	0.12495	0.30733	0.20833	0.08874	0.01300	0.00716	0.00201	0.00385	0.01141	0.00639	0.13252
24	0.02113	0.02350	0.01990	0.01647	0.02078	0.39896	0.09448	0.12652	0.07790	0.02169	0.01273	0.01417	0.01000	0.00662	0.00607	0.00172	0.00948	0.00504	0.00412	0.10873
25	0.13096	0.01668	0.04025	0.01968	0.20233	0.11896	0.01293	0.07722	0.08237	0.18962	0.01604	0.01658	0.01171	0.00686	0.00598	0.00192	0.00707	0.00545	0.00501	0.03238

[dist]
# distance from previous block
# <min> <max>
4	10

[block]
# block no. 4 follows, 34 sequences, length 57
# corresponding to MSA columns:
# 233-289
name=unknown_E
#
# <colnr> <probs for GDERKNQSTAVLIFYWHMCP>
#	G	D	E	R	K	N	Q	S	T	A	V	L	I	F	Y	W	H	M	C	P
0	0.12844	0.01966	0.01759	0.01632	0.07770	0.22022	0.01197	0.22820	0.10456	0.05859	0.01425	0.01507	0.01081	0.00734	0.00662	0.00194	0.04143	0.00524	0.00491	0.00915
1	0.01902	0.02139	0.02237	0.09265	0.37875	0.31705	0.01664	0.02200	0.01604	0.01852	0.01120	0.01431	0.00930	0.00619	0.00617	0.00183	0.00940	0.00510	0.00322	0.00884
2	0.00923	0.00623	0.00726	0.00741	0.00751	0.00625	0.00433	0.00946	0.00975	0.01306	0.02180	0.11694	0.02513	0.65964	0.06492	0.00609	0.00654	0.01021	0.00411	0.00414
3	0.01542	0.01486	0.02561	0.14338	0.61061	0.01524	0.04145	0.01938	0.01447	0.02043	0.01209	0.01622	0.00999	0.00585	0.00644	0.00196	0.00791	0.00581	0.00315	0.00974
4	0.00940	0.00626	0.00705	0.00705	0.00705	0.00626	0.00392	0.00940	0.00940	0.01253	0.02036	0.04228	0.02349	0.77292	0.03289	0.00626	0.00626	0.00940	0.00392	0.00392
5	0.00846	0.00680	0.00757	0.00734	0.00932	0.00603	0.00552	0.01114	0.03834	0.02088	0.30971	0.05583	0.46014	0.01496	0.00760	0.00213	0.00325	0.01272	0.00643	0.00584
6	0.01892	0.01419	0.01540	0.01322	0.01727	0.01590	0.01046	0.13860	0.53060	0.11365	0.02454	0.02253	0.01793	0.00852	0.00655	0.00213	0.00547	0.00698	0.00673	0.01044
7	0.04600	0.01686	0.01846	0.01418	0.01930	0.01828	0.01172	0.58884	0.02805	0.14713	0.01687	0.01637	0.01165	0.00775	0.00640	0.00195	0.00681	0.00586	0.00663	0.01089
8	0.00797	0.00656	0.00701	0.00690	0.00894	0.00560	0.00518	0.00993	0.01553	0.01935	0.21434	0.05906	0.57993	0.01566	0.00763	0.00215	0.00322	0.01320	0.00625	0.00560
9	0.00914	0.00660	0.00864	0.00813	0.00965	0.00610	0.00610	0.01219	0.01829	0.02591	0.72921	0.04827	0.06097	0.01321	0.00762	0.00203	0.00305	0.01169	0.00711	0.00610
10	0.02352	0.02977	0.01840	0.01667	0.01979	0.70207	0.01259	0.02517	0.01779	0.01580	0.00989	0.01181	0.00833	0.00695	0.00678	0.00174	0.05794	0.00425	0.00330	0.00746
11	0.01599	0.01535	0.02623	0.03966	0.73262	0.01535	0.01983	0.01983	0.01471	0.02111	0.01215	0.01599	0.01023	0.00576	0.00640	0.00192	0.00768	0.00576	0.00320	0.01023
12	0.03889	0.04301	0.10504	0.06450	0.02147	0.06371	0.01349	0.31948	0.14301	0.06474	0.01610	0.01662	0.01179	0.00764	0.00693	0.00202	0.04062	0.00574	0.00534	0.00986
13	0.06449	0.09852	0.01365	0.00987	0.01222	0.01179	0.00773	0.10005	0.01556	0.06350	0.19389	0.03183	0.05811	0.19165	0.04942	0.00340	0.05428	0.00812	0.00513	0.00680
14	0.01041	0.00744	0.01041	0.01190	0.01339	0.00744	0.01041	0.01339	0.01487	0.01934	0.03421	0.07288	0.03719	0.01785	0.00892	0.00297	0.00595	0.68913	0.00595	0.00595
15	0.02236	0.05871	0.01810	0.01529	0.01897	0.48090	0.01177	0.06510	0.16986	0.05574	0.01453	0.01500	0.01130	0.00719	0.00598	0.00180	0.00948	0.00501	0.00441	0.00848
16	0.01490	0.14293	0.24457	0.02429	0.23249	0.01678	0.13190	0.02047	0.04842	0.02007	0.01394	0.01642	0.03174	0.00626	0.00621	0.00194	0.00839	0.00571	0.00325	0.00932
17	0.02070	0.01198	0.01427	0.01159	0.01543	0.01202	0.00931	0.26608	0.02194	0.25457	0.15997	0.09533	0.05714	0.01041	0.00691	0.00205	0.00534	0.00867	0.00701	0.00927
18	0.01220	0.01148	0.01938	0.75739	0.04450	0.01436	0.01794	0.01651	0.01292	0.01651	0.01148	0.01723	0.00861	0.00646	0.00646	0.00215	0.00861	0.00574	0.00287	0.00718
19	0.04381	0.16516	0.12661	0.19602	0.04886	0.06051	0.01476	0.04205	0.06485	0.05370	0.01486	0.01715	0.04183	0.00736	0.00723	0.00200	0.07578	0.00548	0.00367	0.00829
20	0.01750	0.32793	0.16112	0.01991	0.18877	0.07405	0.01568	0.07031	0.01537	0.03791	0.01119	0.01307	0.00913	0.00600	0.00540	0.00171	0.00792	0.00455	0.00330	0.00919
21	0.02246	0.02741	0.01809	0.04928	0.02053	0.60997	0.01258	0.05862	0.01792	0.01704	0.01062	0.01287	0.00886	0.00893	0.04247	0.00217	0.04467	0.00451	0.00345	0.00755
22	0.00924	0.00688	0.01014	0.01014	0.01121	0.00795	0.00778	0.01138	0.01031	0.01482	0.01753	0.02660	0.01668	0.10081	0.69569	0.01009	0.01651	0.00710	0.00349	0.00564
23	0.00950	0.00669	0.00836	0.00827	0.00859	0.00718	0.00538	0.01018	0.00968	0.01330	0.01915	0.03675	0.02100	0.54973	0.22924	0.00729	0.03281	0.00860	0.00376	0.00452
24	0.00787	0.00562	0.00750	0.00900	0.00937	0.00525	0.00600	0.00900	0.01237	0.01649	0.03561	0.76871	0.04274	0.02024	0.00825	0.00262	0.00375	0.01837	0.00600	0.00525
25	0.02486	0.01762	0.01910	0.01464	0.01980	0.01933	0.01209	0.66555	0.02958	0.08737	0.01618	0.01595	0.01132	0.00777	0.00647	0.00194	0.00700	0.00586	0.00657	0.01099
26	0.00814	0.00586	0.00738	0.00843	0.00921	0.00538	0.00578	0.00959	0.01325	0.01776	0.09534	0.57209	0.14243	0.01850	0.00793	0.00246	0.00359	0.01655	0.04496	0.00538
27	0.01745	0.01319	0.01428	0.01264	0.01636	0.01484	0.00989	0.03314	0.60530	0.11221	0.02597	0.02385	0.01914	0.00862	0.00647	0.00214	0.00507	0.00715	0.04218	0.01013
28	0.01416	0.01311	0.01878	0.11117	0.02003	0.01773	0.01393	0.01602	0.01076	0.04756	0.01082	0.03954	0.01022	0.01222	0.04538	0.00298	0.57909	0.00616	0.00319	0.00715
29	0.01530	0.01253	0.01351	0.01216	0.01553	0.01409	0.00944	0.03032	0.57468	0.05298	0.11561	0.02879	0.05740	0.00964	0.00675	0.00216	0.00479	0.00811	0.00667	0.00952
30	0.02268	0.01566	0.01719	0.01369	0.01838	0.01705	0.01114	0.42592	0.19233	0.14151	0.02114	0.01999	0.03633	0.00830	0.00653	0.00202	0.00627	0.00652	0.00671	0.01064
31	0.01336	0.10226	0.67411	0.01773	0.02691	0.01598	0.02269	0.02036	0.01359	0.01998	0.01135	0.01334	0.00819	0.00608	0.00595	0.00198	0.00930	0.00465	0.00273	0.00943
32	0.10533	0.02360	0.01787	0.01507	0.01924	0.36709	0.01184	0.31281	0.02263	0.02761	0.01221	0.01316	0.00931	0.00705	0.00591	0.00181	0.00907	0.00479	0.00471	0.00891
33	0.01724	0.50883	0.20700	0.01317	0.01959	0.04512	0.01422	0.03670	0.01412	0.05658	0.01072	0.01198	0.00875	0.00590	0.00488	0.00160	0.00764	0.00403	0.00315	0.00879
34	0.01741	0.06555	0.02247	0.02760	0.41966	0.01553	0.01552	0.11003	0.08402	0.07148	0.01791	0.04202	0.04734	0.00739	0.00639	0.00195	0.00683	0.00658	0.00445	0.00987
35	0.00784	0.00574	0.00738	0.00869	0.00929	0.00527	0.00586	0.00903	0.01266	0.01661	0.03932	0.68100	0.12805	0.01976	0.00817	0.00257	0.00369	0.01778	0.00600	0.00527
36	0.01487	0.01191	0.01388	0.01002	0.01569	0.00943	0.00805	0.06408	0.01478	0.05534	0.01240	0.01394	0.00996	0.00513	0.00498	0.00107	0.00498	0.00409	0.00420	0.72121
37	0.01442	0.01409	0.03818	0.06168	0.10815	0.14731	0.04149	0.01711	0.01570	0.06271	0.16791	0.08359	0.10194	0.06313	0.00877	0.00234	0.00670	0.03266	0.00492	0.00719
38	0.01517	0.08696	0.52824	0.01819	0.02627	0.12936	0.06726	0.02122	0.01444	0.01937	0.01125	0.01335	0.00832	0.00613	0.00604	0.00195	0.00977	0.00477	0.00286	0.00908
39	0.00925	0.00683	0.00991	0.00991	0.01090	0.00782	0.00749	0.01123	0.01024	0.01465	0.01774	0.02778	0.01719	0.15116	0.64604	0.00980	0.01574	0.00727	0.00353	0.00551
40	0.01051	0.00691	0.00908	0.00836	0.01012	0.00633	0.00633	0.01352	0.01830	0.07494	0.68070	0.04645	0.05787	0.01285	0.00754	0.00203	0.00322	0.01133	0.00717	0.00643
41	0.00949	0.00685	0.00903	0.00893	0.00946	0.00758	0.00619	0.01060	0.00987	0.01377	0.01854	0.03354	0.01960	0.41407	0.35956	0.00803	0.03825	0.00813	0.00367	0.00488
42	0.01041	0.00744	0.01041	0.01190	0.01339	0.00744	0.01041	0.01339	0.01487	0.01934	0.03421	0.07288	0.03719	0.01785	0.00892	0.00297	0.00595	0.68913	0.00595	0.00595
43	0.06110	0.01784	0.01894	0.01457	0.01969	0.01978	0.01204	0.67923	0.02949	0.04018	0.01521	0.01528	0.01080	0.00768	0.00635	0.00194	0.00701	0.00571	0.00635	0.01080
44	0.01369	0.15874	0.62050	0.01718	0.02605	0.01679	0.02171	0.02027	0.01356	0.01958	0.01115	0.01309	0.00820	0.00604	0.00580	0.00193	0.00910	0.00455	0.00273	0.00934
45	0.01525	0.01316	0.01243	0.01158	0.01404	0.14683	0.00901	0.08421	0.08045	0.06400	0.19971	0.09235	0.05809	0.04714	0.00844	0.00237	0.00606	0.12176	0.00588	0.00726
46	0.02414	0.03079	0.01831	0.01665	0.01998	0.74698	0.01248	0.02580	0.01831	0.01581	0.00999	0.01165	0.00832	0.00666	0.00583	0.00166	0.01165	0.00416	0.00333	0.00749
47	0.01530	0.01728	0.03727	0.02813	0.08413	0.01627	0.65948	0.02063	0.01521	0.02073	0.01301	0.01733	0.00983	0.00547	0.00754	0.00216	0.01066	0.00749	0.00326	0.00882
48	0.00796	0.00571	0.00742	0.00876	0.00919	0.00533	0.00581	0.00904	0.01228	0.01627	0.03593	0.68881	0.07208	0.07023	0.00986	0.00285	0.00390	0.01756	0.00586	0.00517
49	0.02420	0.02897	0.01847	0.01639	0.01998	0.64268	0.01246	0.12412	0.02004	0.01939	0.01078	0.01221	0.00871	0.00682	0.00592	0.00170	0.01100	0.00440	0.00378	0.00799
50	0.40905	0.11942	0.05737	0.04789	0.06314	0.01689	0.05547	0.09884	0.03706	0.02631	0.01101	0.01276	0.00856	0.00620	0.00500	0.00193	0.00647	0.00446	0.00398	0.00820
51	0.00911	0.00623	0.00704	0.00717	0.00739	0.00611	0.00418	0.00935	0.01011	0.01329	0.02555	0.10586	0.08607	0.64357	0.02861	0.00560	0.00579	0.01053	0.00427	0.00416
52	0.00894	0.00692	0.00781	0.00805	0.00956	0.00651	0.00596	0.01111	0.04293	0.01687	0.04512	0.08105	0.36727	0.19830	0.03967	0.00359	0.00502	0.12453	0.00543	0.00537
53	0.03864	0.04516	0.07427	0.01165	0.01520	0.01188	0.01001	0.05595	0.13316	0.04140	0.04440	0.09252	0.01968	0.06745	0.06547	0.00294	0.04829	0.06053	0.00482	0.15657
54	0.04570	0.01600	0.05117	0.01697	0.07150	0.07494	0.01319	0.06844	0.11322	0.02029	0.03471	0.01785	0.01264	0.04683	0.01457	0.00259	0.36144	0.00604	0.00391	0.00799
55	0.00924	0.00690	0.01027	0.01027	0.01139	0.00802	0.00794	0.01147	0.01035	0.01492	0.01741	0.02595	0.01640	0.07267	0.72344	0.01025	0.01694	0.00701	0.00348	0.00571
56	0.11137	0.01162	0.01281	0.01098	0.01453	0.01220	0.00883	0.16987	0.12503	0.15995	0.07138	0.06048	0.06933	0.00987	0.00642	0.00207	0.00514	0.05048	0.07897	0.00869

[dist]
# distance from previous block
# <min> <max>
2	7

[block]
# block no. 5 follows, 34 sequences, length 33
# corresponding to MSA columns:
# 297-329
name=unknown_F
#
# <colnr> <probs for GDERKNQSTAVLIFYWHMCP>
#	G	D	E	R	K	N	Q	S	T	A	V	L	I	F	Y	W	H	M	C	P
0	0.03311	0.04673	0.04078	0.06853	0.13883	0.20284	0.03029	0.03712	0.08582	0.05399	0.01471	0.04026	0.01256	0.04449	0.06425	0.00281	0.06470	0.00605	0.00395	0.00818
1	0.01556	0.10069	0.39063	0.01796	0.05186	0.13016	0.06559	0.02185	0.06475	0.01986	0.02596	0.01476	0.01029	0.00637	0.00602	0.00190	0.00903	0.00506	0.00328	0.03843
2	0.01034	0.00734	0.00906	0.00934	0.01079	0.00720	0.00671	0.01443	0.11465	0.05554	0.19088	0.41419	0.09218	0.01616	0.00774	0.00237	0.00384	0.01438	0.00643	0.00644
3	0.00787	0.00562	0.00750	0.00900	0.00937	0.00525	0.00600	0.00900	0.01237	0.01649	0.03561	0.76871	0.04274	0.02024	0.00825	0.00262	0.00375	0.01837	0.00600	0.00525
4	0.01844	0.01594	0.04023	0.08721	0.24972	0.04124	0.04986	0.21184	0.06880	0.06613	0.03161	0.04319	0.01338	0.00737	0.00653	0.00198	0.00735	0.00646	0.00477	0.02795
5	0.03623	0.01938	0.09965	0.09756	0.29065	0.11292	0.20929	0.02060	0.01497	0.01999	0.01192	0.01555	0.00942	0.00590	0.00658	0.00199	0.00931	0.00590	0.00318	0.00901
6	0.02274	0.01235	0.01456	0.01163	0.01578	0.01246	0.00943	0.25746	0.04619	0.30842	0.06199	0.04726	0.01799	0.00859	0.00633	0.00194	0.00547	0.00693	0.12271	0.00977
7	0.17649	0.01367	0.01429	0.01223	0.03170	0.04953	0.00957	0.19453	0.09392	0.17600	0.14096	0.02228	0.02069	0.00842	0.00617	0.00199	0.00569	0.00660	0.00620	0.00909
