[name]
unknown

[dist]
# distance from previous block
# <min> <max>
0	32

[block]
# block no. 0 follows, 31 sequences, length 6
# corresponding to MSA columns:
# 32-37
name=unknown_A
#
# <colnr> <probs for GDERKNQSTAVLIFYWHMCP>
#	G	D	E	R	K	N	Q	S	T	A	V	L	I	F	Y	W	H	M	C	P
0	0.09455	0.07047	0.04899	0.01373	0.01741	0.13902	0.05092	0.06072	0.07060	0.06066	0.03741	0.10180	0.05880	0.03751	0.00801	0.00242	0.00736	0.10641	0.00520	0.00801
1	0.15210	0.07264	0.11728	0.05583	0.02067	0.07970	0.02989	0.10209	0.05165	0.05568	0.04764	0.01882	0.04249	0.00797	0.00716	0.00205	0.05661	0.00587	0.00458	0.06928
2	0.06331	0.05698	0.13515	0.01882	0.11436	0.06910	0.06686	0.03833	0.04651	0.09155	0.01412	0.01595	0.01082	0.00668	0.00690	0.00187	0.04297	0.00537	0.00422	0.19013
3	0.06754	0.08598	0.04835	0.01282	0.01612	0.09584	0.04894	0.01939	0.09019	0.05276	0.10306	0.18361	0.06691	0.01249	0.00725	0.00229	0.00640	0.06684	0.00552	0.00771
4	0.01701	0.05213	0.05567	0.04475	0.01930	0.08728	0.01099	0.12102	0.05404	0.02433	0.01505	0.06430	0.01294	0.00725	0.00592	0.00157	0.00670	0.00575	0.00456	0.38941
5	0.01912	0.03824	0.06166	0.09447	0.02301	0.07773	0.04253	0.21314	0.01967	0.06337	0.01644	0.04707	0.01403	0.00934	0.00915	0.00223	0.11467	0.06008	0.00492	0.06913

[dist]
# distance from previous block
# <min> <max>
0	1

[block]
# block no. 1 follows, 31 sequences, length 7
# corresponding to MSA columns:
# 39-45
name=unknown_B
#
# <colnr> <probs for GDERKNQSTAVLIFYWHMCP>
#	G	D	E	R	K	N	Q	S	T	A	V	L	I	F	Y	W	H	M	C	P
0	0.01293	0.01158	0.04900	0.08333	0.05230	0.01143	0.01082	0.11539	0.04150	0.02204	0.02962	0.33041	0.09265	0.04156	0.00983	0.00265	0.05741	0.01260	0.00549	0.00745
1	0.02368	0.13100	0.01990	0.01454	0.01870	0.32413	0.01162	0.02754	0.08668	0.19079	0.01678	0.01726	0.01265	0.01085	0.06195	0.00257	0.00977	0.00546	0.00501	0.00912
2	0.07228	0.23046	0.03844	0.01159	0.01614	0.04843	0.01038	0.01987	0.01533	0.11365	0.02284	0.03102	0.07787	0.00975	0.00627	0.00197	0.00641	0.13551	0.00491	0.12689
3	0.01708	0.33982	0.15298	0.01484	0.05549	0.08714	0.01389	0.02058	0.01468	0.01901	0.01093	0.01282	0.00920	0.00590	0.00523	0.00154	0.00779	0.00420	0.00328	0.20360
4	0.01823	0.34511	0.32210	0.01505	0.02261	0.01983	0.01716	0.02291	0.01498	0.12399	0.01329	0.01427	0.00995	0.00652	0.00565	0.00186	0.00827	0.00473	0.00374	0.00977
5	0.01190	0.00889	0.01151	0.00983	0.01307	0.00753	0.05420	0.01429	0.01594	0.08745	0.11125	0.11111	0.37119	0.01389	0.00757	0.00212	0.00452	0.01197	0.00612	0.12565
6	0.13586	0.04224	0.26566	0.01485	0.02130	0.04153	0.03376	0.08878	0.01645	0.10394	0.01626	0.08550	0.01339	0.00814	0.00629	0.00206	0.00762	0.00646	0.00460	0.08531

[dist]
# distance from previous block
# <min> <max>
0	3

[block]
# block no. 2 follows, 31 sequences, length 7
# corresponding to MSA columns:
# 49-55
name=unknown_C
#
# <colnr> <probs for GDERKNQSTAVLIFYWHMCP>
#	G	D	E	R	K	N	Q	S	T	A	V	L	I	F	Y	W	H	M	C	P
0	0.02176	0.16054	0.02644	0.02105	0.13577	0.16545	0.11174	0.06736	0.01761	0.14457	0.01441	0.01606	0.01099	0.00708	0.00728	0.00198	0.05013	0.00571	0.00444	0.00962
1	0.01158	0.00859	0.01020	0.00938	0.01187	0.00811	0.00745	0.01375	0.01573	0.07979	0.11736	0.05301	0.40407	0.01494	0.00925	0.00232	0.07501	0.07441	0.00615	0.06700
2	0.07906	0.00999	0.00988	0.01013	0.01206	0.07626	0.00738	0.01322	0.01419	0.01933	0.03447	0.41008	0.12825	0.01640	0.00768	0.00240	0.00506	0.05225	0.00567	0.08625
3	0.01970	0.01683	0.04391	0.07660	0.10974	0.09629	0.07049	0.08616	0.01697	0.15195	0.01705	0.08341	0.01429	0.00942	0.01009	0.00232	0.15338	0.00736	0.00483	0.00919
4	0.16334	0.07187	0.01637	0.01164	0.01672	0.10334	0.04375	0.01882	0.01458	0.02230	0.01681	0.01829	0.07656	0.00682	0.00544	0.00154	0.00638	0.00520	0.00412	0.37610
5	0.18469	0.09614	0.05949	0.01522	0.02003	0.23613	0.05165	0.13149	0.04040	0.02505	0.01207	0.01368	0.00952	0.00700	0.00631	0.00193	0.03197	0.00486	0.00423	0.04816
6	0.16915	0.22322	0.05648	0.01397	0.01875	0.19336	0.05492	0.04537	0.01643	0.05382	0.08217	0.01678	0.01472	0.00729	0.00570	0.00187	0.00810	0.00531	0.00420	0.00840

[dist]
# distance from previous block
# <min> <max>
5	97

[block]
# block no. 3 follows, 31 sequences, length 21
# corresponding to MSA columns:
# 153-173
name=unknown_D
#
# <colnr> <probs for GDERKNQSTAVLIFYWHMCP>
#	G	D	E	R	K	N	Q	S	T	A	V	L	I	F	Y	W	H	M	C	P
0	0.01938	0.19308	0.10598	0.06313	0.04138	0.19095	0.07962	0.09484	0.08496	0.02210	0.03319	0.01616	0.01206	0.00709	0.00624	0.00193	0.00910	0.00555	0.00407	0.00919
1	0.02004	0.10017	0.01971	0.01589	0.06817	0.11288	0.01197	0.24192	0.17092	0.02918	0.07739	0.02322	0.06121	0.00892	0.00668	0.00203	0.00712	0.00701	0.00577	0.00981
2	0.04381	0.09530	0.04035	0.01483	0.01960	0.21070	0.01221	0.23039	0.10723	0.06474	0.01617	0.03668	0.01267	0.00788	0.00629	0.00191	0.00821	0.00581	0.00529	0.05991
3	0.11258	0.01761	0.05798	0.01490	0.01935	0.07553	0.05233	0.19516	0.17585	0.06202	0.08973	0.02137	0.01835	0.00871	0.00752	0.00218	0.04658	0.00680	0.00580	0.00966
4	0.16658	0.06830	0.06751	0.01158	0.01643	0.03150	0.01004	0.07875	0.09489	0.03769	0.02034	0.08474	0.06557	0.00870	0.00595	0.00187	0.00588	0.00683	0.00494	0.21189
5	0.05171	0.01817	0.24980	0.01328	0.01861	0.01148	0.01369	0.02119	0.08126	0.13283	0.19852	0.07125	0.06876	0.01045	0.00712	0.00221	0.00629	0.00876	0.00578	0.00885
6	0.01143	0.07635	0.01124	0.00870	0.01136	0.06120	0.00682	0.01358	0.01672	0.04479	0.20493	0.05219	0.42725	0.01448	0.00757	0.00215	0.00449	0.01201	0.00618	0.00656
7	0.08525	0.03322	0.61016	0.01843	0.02755	0.06706	0.02282	0.02193	0.01455	0.02212	0.01191	0.01400	0.00856	0.00653	0.00627	0.00213	0.00984	0.00489	0.00305	0.00971
8	0.01954	0.64286	0.03336	0.01236	0.01815	0.02612	0.01192	0.12980	0.01687	0.02048	0.01063	0.01186	0.00924	0.00624	0.00479	0.00156	0.00735	0.00406	0.00356	0.00924
9	0.00822	0.00678	0.00722	0.00745	0.00941	0.00578	0.00546	0.00995	0.01541	0.01884	0.10202	0.17683	0.56740	0.01780	0.00819	0.00238	0.00353	0.01513	0.00642	0.00578
10	0.00928	0.00737	0.00870	0.00845	0.01043	0.00695	0.00640	0.01241	0.04709	0.02143	0.26871	0.05291	0.35844	0.02139	0.12558	0.00367	0.00589	0.01231	0.00633	0.00628
11	0.02556	0.03261	0.01939	0.01763	0.02115	0.73210	0.01322	0.02732	0.01939	0.01674	0.01058	0.01234	0.00881	0.00705	0.00617	0.00176	0.01234	0.00441	0.00353	0.00793
12	0.01456	0.01282	0.01676	0.05837	0.13173	0.01064	0.01084	0.01785	0.01438	0.02202	0.01227	0.01487	0.01019	0.00534	0.00545	0.00125	0.00580	0.00450	0.00389	0.62646
13	0.02567	0.01766	0.01948	0.01507	0.02030	0.01925	0.01242	0.58112	0.02957	0.11990	0.01775	0.01778	0.01254	0.01057	0.04597	0.00254	0.00791	0.00631	0.00686	0.01134
14	0.01020	0.00792	0.00872	0.00918	0.01034	0.03898	0.00642	0.02951	0.01403	0.01773	0.05742	0.33243	0.21334	0.08876	0.01289	0.09319	0.00483	0.03292	0.00568	0.00551
15	0.01862	0.45148	0.12944	0.01261	0.01856	0.02039	0.01292	0.02173	0.01510	0.13174	0.01810	0.02006	0.06176	0.00772	0.00557	0.00180	0.00716	0.03193	0.00420	0.00912
16	0.01480	0.06507	0.01624	0.01249	0.04390	0.01082	0.04170	0.01828	0.05145	0.07223	0.01885	0.13801	0.01793	0.06314	0.00822	0.00200	0.00567	0.00763	0.00478	0.38680
17	0.06290	0.01825	0.07368	0.13481	0.02617	0.09980	0.11792	0.14626	0.05549	0.07983	0.01910	0.02095	0.06151	0.00931	0.02846	0.00242	0.02244	0.00678	0.00481	0.00913
18	0.06561	0.03471	0.05849	0.01391	0.01827	0.12826	0.01181	0.14799	0.01897	0.13632	0.03963	0.02184	0.06199	0.00894	0.00829	0.00205	0.09250	0.02265	0.00531	0.10246
19	0.05045	0.01661	0.13012	0.06600	0.02053	0.06697	0.04002	0.07629	0.03281	0.13911	0.06753	0.08472	0.09406	0.01096	0.00728	0.00229	0.00710	0.07291	0.00560	0.00863
20	0.01631	0.06653	0.03647	0.01361	0.05376	0.04399	0.01057	0.05910	0.07427	0.09790	0.05411	0.13745	0.02346	0.01097	0.00695	0.00207	0.00604	0.09947	0.00557	0.18140

[dist]
# distance from previous block
# <min> <max>
3	41

[block]
# block no. 4 follows, 31 sequences, length 6
# corresponding to MSA columns:
# 219-224
name=unknown_E
#
# <colnr> <probs for GDERKNQSTAVLIFYWHMCP>
#	G	D	E	R	K	N	Q	S	T	A	V	L	I	F	Y	W	H	M	C	P
0	0.01102	0.00762	0.00991	0.09427	0.01477	0.00725	0.00780	0.01307	0.01506	0.08586	0.09238	0.32084	0.26119	0.01660	0.00807	0.00246	0.00453	0.01453	0.00625	0.00651
1	0.06054	0.01021	0.01222	0.10369	0.01718	0.01061	0.00924	0.09430	0.06629	0.02488	0.19204	0.07907	0.16982	0.03156	0.00813	0.00236	0.00522	0.05287	0.00601	0.04375
2	0.01303	0.01260	0.02200	0.49076	0.03862	0.01488	0.11580	0.01712	0.01370	0.01804	0.01511	0.10379	0.01350	0.00882	0.00858	0.00240	0.07226	0.00792	0.00348	0.00759
3	0.01609	0.05844	0.01964	0.39566	0.03324	0.01578	0.01500	0.07654	0.13496	0.05913	0.01584	0.01874	0.01186	0.00721	0.00652	0.00207	0.00763	0.00605	0.00442	0.09519
4	0.11435	0.01607	0.07601	0.01385	0.01726	0.11109	0.03434	0.04233	0.07299	0.08078	0.05640	0.14631	0.02333	0.01187	0.00829	0.00241	0.05977	0.09915	0.00536	0.00805
5	0.02173	0.01604	0.01789	0.01459	0.01916	0.07822	0.04739	0.17786	0.21076	0.17120	0.02098	0.02085	0.01534	0.01182	0.06910	0.00283	0.00799	0.00665	0.00628	0.06333

[dist]
# distance from previous block
# <min> <max>
19	133

[block]
# block no. 5 follows, 31 sequences, length 122
# corresponding to MSA columns:
# 364-451,454-487
name=unknown_F
#
# <colnr> <probs for GDERKNQSTAVLIFYWHMCP>
#	G	D	E	R	K	N	Q	S	T	A	V	L	I	F	Y	W	H	M	C	P
0	0.03968	0.01515	0.02338	0.09690	0.05334	0.01530	0.18940	0.12481	0.07028	0.06330	0.01596	0.04314	0.01263	0.00739	0.00752	0.00203	0.04134	0.00677	0.00469	0.16701
1	0.01714	0.01715	0.02309	0.01830	0.02282	0.13590	0.22606	0.04387	0.05797	0.04936	0.01967	0.07071	0.03612	0.00924	0.00801	0.00217	0.04211	0.07615	0.00461	0.11957
2	0.01946	0.01672	0.02146	0.01700	0.04565	0.07515	0.13921	0.16869	0.07200	0.07845	0.03908	0.01819	0.01356	0.00696	0.00655	0.00180	0.00756	0.00614	0.00514	0.24123
3	0.01828	0.01522	0.02417	0.04564	0.23544	0.01531	0.14700	0.05228	0.17076	0.10864	0.01903	0.04454	0.01483	0.00760	0.00706	0.00214	0.00761	0.00729	0.00508	0.05209
4	0.01604	0.01552	0.02216	0.35009	0.21594	0.07426	0.03626	0.05990	0.01589	0.02092	0.01252	0.01684	0.00985	0.00651	0.00660	0.00201	0.00863	0.00577	0.00353	0.10077
5	0.05464	0.01464	0.02405	0.31172	0.29080	0.01580	0.07450	0.05539	0.01550	0.02192	0.01266	0.01712	0.00996	0.00644	0.00670	0.00211	0.00848	0.00604	0.00352	0.04801
6	0.06953	0.01079	0.01201	0.03584	0.01462	0.04569	0.00885	0.04050	0.12118	0.02106	0.02652	0.27337	0.05369	0.02042	0.13346	0.00386	0.03211	0.01108	0.00533	0.06007
7	0.01918	0.01799	0.02234	0.09258	0.02480	0.12725	0.14284	0.10237	0.16968	0.06890	0.01709	0.01960	0.01322	0.03331	0.00978	0.00241	0.09575	0.00675	0.00488	0.00927
8	0.05972	0.01591	0.01784	0.01438	0.01876	0.04747	0.03405	0.23475	0.14654	0.12023	0.02084	0.02086	0.05029	0.00879	0.00826	0.00212	0.08265	0.00663	0.00601	0.08389
9	0.01921	0.01551	0.01852	0.01558	0.01849	0.07795	0.04156	0.04388	0.17121	0.14901	0.01865	0.05504	0.01508	0.01005	0.01212	0.00241	0.25544	0.00707	0.00528	0.04794
10	0.01647	0.01578	0.02694	0.12252	0.63997	0.01613	0.02077	0.02059	0.01536	0.02179	0.01279	0.01708	0.01064	0.00618	0.00678	0.00206	0.00824	0.00609	0.00335	0.01047
11	0.02056	0.01514	0.01692	0.01508	0.04506	0.01678	0.01151	0.15521	0.46036	0.12749	0.02507	0.02323	0.01827	0.00885	0.00692	0.00223	0.00596	0.00727	0.00701	0.01109
12	0.01347	0.01272	0.02151	0.64704	0.13891	0.01534	0.01927	0.01796	0.01394	0.01815	0.01226	0.01806	0.00936	0.00674	0.00683	0.00225	0.00898	0.00608	0.00309	0.00804
13	0.01422	0.01227	0.01444	0.01043	0.01628	0.00957	0.00837	0.01720	0.01404	0.02207	0.01204	0.01422	0.01009	0.00533	0.00573	0.00109	0.03340	0.00413	0.00401	0.77108
14	0.02853	0.01172	0.01553	0.01224	0.01721	0.01055	0.00999	0.03272	0.08520	0.62810	0.02748	0.05144	0.01840	0.00904	0.00696	0.00216	0.00571	0.00744	0.00824	0.01133
15	0.00995	0.00663	0.00746	0.00746	0.00746	0.00663	0.00415	0.00995	0.00995	0.01327	0.02156	0.04477	0.02487	0.75957	0.03482	0.00663	0.00663	0.00995	0.00415	0.00415
16	0.00958	0.00699	0.00900	0.00850	0.01016	0.00641	0.00637	0.01271	0.01912	0.02685	0.67124	0.05207	0.10696	0.01420	0.00807	0.00216	0.00324	0.01251	0.00745	0.00641
17	0.02556	0.03261	0.01939	0.01763	0.02115	0.73210	0.01322	0.02732	0.01939	0.01674	0.01058	0.01234	0.00881	0.00705	0.00617	0.00176	0.01234	0.00441	0.00353	0.00793
18	0.01693	0.01626	0.02777	0.04199	0.71689	0.01626	0.02100	0.02100	0.01558	0.02235	0.01287	0.01693	0.01084	0.00610	0.00677	0.00203	0.00813	0.00610	0.00339	0.01084
19	0.00879	0.00636	0.00831	0.00908	0.00999	0.00588	0.00633	0.01072	0.01540	0.02098	0.27425	0.47648	0.08471	0.01864	0.00847	0.00254	0.00369	0.01674	0.00676	0.00588
20	0.01188	0.00594	0.00891	0.00891	0.00891	0.00594	0.00594	0.00891	0.00891	0.01188	0.01188	0.02080	0.01188	0.02377	0.02674	0.80095	0.00594	0.00594	0.00297	0.00297
21	0.02596	0.02046	0.02042	0.01592	0.02121	0.08958	0.01302	0.62996	0.03094	0.04058	0.01586	0.01603	0.01136	0.00810	0.00678	0.00203	0.00799	0.00599	0.00652	0.01128
22	0.01102	0.00787	0.01102	0.01260	0.01417	0.00787	0.01102	0.01417	0.01575	0.02047	0.03622	0.07717	0.03937	0.01890	0.00945	0.00315	0.00630	0.67084	0.00630	0.00630
23	0.00904	0.00665	0.00850	0.00891	0.01017	0.00610	0.00647	0.01132	0.01639	0.02224	0.34610	0.31176	0.14406	0.01740	0.00838	0.00245	0.00368	0.04748	0.00688	0.00603
24	0.02556	0.03261	0.01939	0.01763	0.02115	0.73210	0.01322	0.02732	0.01939	0.01674	0.01058	0.01234	0.00881	0.00705	0.00617	0.00176	0.01234	0.00441	0.00353	0.00793
25	0.01829	0.76368	0.03585	0.01171	0.01756	0.02707	0.01171	0.02049	0.01390	0.01610	0.00951	0.01097	0.00878	0.00585	0.00439	0.00146	0.00732	0.00366	0.00293	0.00878
26	0.01598	0.13300	0.19228	0.01573	0.05239	0.03451	0.03362	0.04609	0.16672	0.02302	0.01731	0.01824	0.03528	0.00709	0.00608	0.00183	0.00725	0.00568	0.00435	0.18357
27	0.02313	0.01712	0.01721	0.01401	0.01841	0.10565	0.01123	0.32141	0.09258	0.14942	0.13474	0.02374	0.02190	0.00918	0.00698	0.00207	0.00692	0.00725	0.00683	0.01023
28	0.02497	0.03174	0.01897	0.01727	0.02075	0.70767	0.01295	0.02673	0.01926	0.01680	0.01255	0.01414	0.03254	0.00740	0.00623	0.00178	0.01204	0.00474	0.00362	0.00786
29	0.04858	0.01769	0.10684	0.01923	0.07903	0.05266	0.13917	0.06485	0.07678	0.13198	0.06975	0.06029	0.01782	0.00886	0.00848	0.00226	0.07356	0.00760	0.00513	0.00943
30	0.05719	0.11214	0.13549	0.02323	0.20170	0.13914	0.05238	0.07839	0.01667	0.02227	0.01188	0.01455	0.00962	0.00682	0.00729	0.00198	0.05926	0.00526	0.00361	0.04112
31	0.00864	0.00604	0.00809	0.00946	0.00986	0.00575	0.00632	0.00963	0.01266	0.01694	0.03491	0.65701	0.04153	0.05621	0.04057	0.04237	0.00478	0.01786	0.00597	0.00539
32	0.00838	0.00702	0.00734	0.00749	0.00973	0.00598	0.00578	0.01025	0.01561	0.01868	0.06602	0.06696	0.64717	0.01748	0.00822	0.00239	0.00375	0.07956	0.00635	0.00583
33	0.01592	0.01718	0.03002	0.10412	0.07404	0.05313	0.32099	0.01985	0.01415	0.01942	0.01185	0.01690	0.00974	0.00799	0.01245	0.00248	0.25111	0.00687	0.00326	0.00852
34	0.01188	0.00594	0.00891	0.00891	0.00891	0.00594	0.00594	0.00891	0.00891	0.01188	0.01188	0.02080	0.01188	0.02377	0.02674	0.80095	0.00594	0.00594	0.00297	0.00297
35	0.02721	0.01630	0.01865	0.01440	0.01973	0.01709	0.01186	0.42982	0.06066	0.28071	0.02070	0.01928	0.01395	0.00835	0.00686	0.00209	0.00683	0.00649	0.00742	0.01160
36	0.01689	0.25232	0.14765	0.01522	0.05305	0.03697	0.01402	0.07509	0.07514	0.02178	0.01308	0.01495	0.01068	0.00826	0.03164	0.00207	0.04814	0.00492	0.00385	0.15427
37	0.01894	0.69988	0.03448	0.01213	0.01787	0.05581	0.01183	0.05128	0.01495	0.01735	0.00987	0.01128	0.00891	0.00601	0.00457	0.00150	0.00753	0.00380	0.00313	0.00887
38	0.80789	0.01323	0.01006	0.00900	0.01323	0.01535	0.00741	0.02011	0.01164	0.03070	0.00953	0.01111	0.00741	0.00635	0.00423	0.00212	0.00529	0.00370	0.00423	0.00741
39	0.01548	0.01658	0.08570	0.06993	0.51239	0.01497	0.04287	0.01970	0.01522	0.02157	0.01587	0.07657	0.01459	0.00796	0.00708	0.00218	0.00806	0.03965	0.00370	0.00993
40	0.02601	0.01916	0.02053	0.01574	0.02122	0.02122	0.01300	0.69408	0.03217	0.04312	0.01643	0.01643	0.01163	0.00821	0.00684	0.00205	0.00753	0.00616	0.00684	0.01163
41	0.00965	0.00665	0.00741	0.00746	0.00778	0.00649	0.00436	0.00992	0.01079	0.01408	0.02830	0.07132	0.11505	0.63845	0.03048	0.00594	0.00613	0.01085	0.00451	0.00440
42	0.00865	0.00693	0.00760	0.00745	0.00943	0.00602	0.00551	0.01072	0.01639	0.02081	0.25370	0.06045	0.48921	0.05552	0.00949	0.00249	0.00356	0.01360	0.00658	0.00589
43	0.00941	0.00698	0.00877	0.00832	0.01005	0.00634	0.00624	0.01238	0.01872	0.02590	0.60314	0.05362	0.17564	0.01456	0.00807	0.00218	0.00327	0.01273	0.00733	0.00634
44	0.01561	0.01395	0.01607	0.01478	0.05137	0.04521	0.04361	0.02810	0.40879	0.02668	0.16333	0.02839	0.02728	0.00945	0.00703	0.00213	0.00567	0.00815	0.00633	0.07807
45	0.02433	0.03071	0.02120	0.04367	0.02328	0.64705	0.07063	0.02652	0.01892	0.01721	0.01091	0.01306	0.00896	0.00693	0.00635	0.00183	0.01216	0.00477	0.00350	0.00803
46	0.01313	0.01238	0.02090	0.70613	0.08246	0.01526	0.01911	0.01767	0.01378	0.01774	0.01220	0.01817	0.00921	0.00680	0.00684	0.00227	0.00907	0.00608	0.00306	0.00777
47	0.04542	0.03450	0.69562	0.01908	0.02896	0.01587	0.02456	0.02160	0.01433	0.02203	0.01217	0.01431	0.00862	0.00649	0.00641	0.00216	0.00992	0.00500	0.00294	0.01000
48	0.06640	0.06346	0.25068	0.09452	0.09643	0.08715	0.15078	0.07070	0.01638	0.02272	0.01245	0.01540	0.00942	0.00649	0.00661	0.00210	0.00968	0.00571	0.00350	0.00942
49	0.00979	0.00657	0.00751	0.00766	0.00770	0.00653	0.00436	0.00991	0.01025	0.01367	0.02311	0.11308	0.02683	0.68858	0.03231	0.00626	0.00638	0.01086	0.00436	0.00428
50	0.00960	0.00699	0.00903	0.00852	0.01017	0.00642	0.00639	0.01275	0.01917	0.02696	0.67930	0.05188	0.09882	0.01416	0.00807	0.00216	0.00324	0.01248	0.00747	0.00642
51	0.01482	0.01486	0.02179	0.08819	0.02157	0.02024	0.04603	0.01681	0.01104	0.01681	0.00951	0.01544	0.00906	0.01120	0.02030	0.00289	0.64276	0.00609	0.00302	0.00757
52	0.01548	0.05242	0.50415	0.02139	0.05462	0.08494	0.12843	0.02219	0.01521	0.02110	0.01230	0.01487	0.00903	0.00640	0.00667	0.00213	0.01040	0.00547	0.00306	0.00975
53	0.00872	0.00696	0.00781	0.00760	0.00963	0.00605	0.00570	0.01105	0.01709	0.02204	0.32518	0.05999	0.45602	0.01600	0.00808	0.00225	0.00337	0.01362	0.00682	0.00605
54	0.00834	0.00595	0.00794	0.00953	0.00992	0.00556	0.00635	0.00953	0.01310	0.01746	0.03771	0.75510	0.04525	0.02143	0.00873	0.00278	0.00397	0.01945	0.00635	0.00556
55	0.01419	0.01216	0.01419	0.01013	0.01621	0.00912	0.00811	0.01723	0.01419	0.02229	0.01216	0.01419	0.01013	0.00507	0.00507	0.00101	0.00507	0.00405	0.00405	0.80139
56	0.01626	0.01557	0.02656	0.15901	0.60511	0.01608	0.02066	0.02041	0.01526	0.02154	0.01275	0.01715	0.01055	0.00622	0.00678	0.00207	0.00829	0.00609	0.00333	0.01030
57	0.00977	0.00733	0.01100	0.01100	0.01222	0.00855	0.00855	0.01222	0.01100	0.01588	0.01833	0.02688	0.01710	0.05131	0.73245	0.01100	0.01833	0.00733	0.00367	0.00611
58	0.00995	0.00663	0.00746	0.00746	0.00746	0.00663	0.00415	0.00995	0.00995	0.01327	0.02156	0.04477	0.02487	0.75957	0.03482	0.00663	0.00663	0.00995	0.00415	0.00415
59	0.01693	0.01626	0.02777	0.04199	0.71689	0.01626	0.02100	0.02100	0.01558	0.02235	0.01287	0.01693	0.01084	0.00610	0.00677	0.00203	0.00813	0.00610	0.00339	0.01084
60	0.01497	0.01497	0.02095	0.01796	0.01796	0.02095	0.01497	0.01646	0.01048	0.01646	0.00898	0.01497	0.00898	0.01197	0.02245	0.00299	0.74704	0.00599	0.00299	0.00748
61	0.02556	0.01902	0.02089	0.01703	0.05527	0.02097	0.01339	0.66112	0.03135	0.04210	0.01625	0.01645	0.01160	0.00811	0.00684	0.00205	0.00756	0.00616	0.00667	0.01160
62	0.02556	0.03261	0.01939	0.01763	0.02115	0.73210	0.01322	0.02732	0.01939	0.01674	0.01058	0.01234	0.00881	0.00705	0.00617	0.00176	0.01234	0.00441	0.00353	0.00793
63	0.00983	0.00658	0.00750	0.00762	0.00765	0.00655	0.00431	0.00992	0.01018	0.01358	0.02276	0.09783	0.02639	0.70443	0.03287	0.00634	0.00643	0.01066	0.00431	0.00425
64	0.03070	0.01164	0.01588	0.01217	0.01746	0.01006	0.01006	0.03334	0.01958	0.72163	0.02699	0.02329	0.01694	0.00847	0.00688	0.00212	0.00582	0.00688	0.00847	0.01164
65	0.02601	0.01916	0.02053	0.01574	0.02122	0.02122	0.01300	0.69408	0.03217	0.04312	0.01643	0.01643	0.01163	0.00821	0.00684	0.00205	0.00753	0.00616	0.00684	0.01163
66	0.00995	0.00663	0.00746	0.00746	0.00746	0.00663	0.00415	0.00995	0.00995	0.01327	0.02156	0.04477	0.02487	0.75957	0.03482	0.00663	0.00663	0.00995	0.00415	0.00415
67	0.00968	0.00699	0.00914	0.00861	0.01022	0.00646	0.00646	0.01291	0.01937	0.02743	0.71328	0.05110	0.06455	0.01399	0.00807	0.00215	0.00323	0.01237	0.00753	0.00646
68	0.01292	0.01216	0.02052	0.74312	0.04712	0.01520	0.01900	0.01748	0.01368	0.01748	0.01216	0.01824	0.00912	0.00684	0.00684	0.00228	0.00912	0.00608	0.00304	0.00760
69	0.01615	0.01845	0.04037	0.02884	0.03576	0.01730	0.69204	0.02191	0.01615	0.02191	0.01384	0.01845	0.01038	0.00577	0.00807	0.00231	0.01153	0.00807	0.00346	0.00923
70	0.00834	0.00595	0.00794	0.00953	0.00992	0.00556	0.00635	0.00953	0.01310	0.01746	0.03771	0.75510	0.04525	0.02143	0.00873	0.00278	0.00397	0.01945	0.00635	0.00556
71	0.02556	0.03261	0.01939	0.01763	0.02115	0.73210	0.01322	0.02732	0.01939	0.01674	0.01058	0.01234	0.00881	0.00705	0.00617	0.00176	0.01234	0.00441	0.00353	0.00793
72	0.01102	0.00787	0.01102	0.01260	0.01417	0.00787	0.01102	0.01417	0.01575	0.02047	0.03622	0.07717	0.03937	0.01890	0.00945	0.00315	0.00630	0.67084	0.00630	0.00630
73	0.00977	0.00733	0.01100	0.01100	0.01222	0.00855	0.00855	0.01222	0.01100	0.01588	0.01833	0.02688	0.01710	0.05131	0.73245	0.01100	0.01833	0.00733	0.00367	0.00611
74	0.80789	0.01323	0.01006	0.00900	0.01323	0.01535	0.00741	0.02011	0.01164	0.03070	0.00953	0.01111	0.00741	0.00635	0.00423	0.00212	0.00529	0.00370	0.00423	0.00741
75	0.01188	0.00594	0.00891	0.00891	0.00891	0.00594	0.00594	0.00891	0.00891	0.01188	0.01188	0.02080	0.01188	0.02377	0.02674	0.80095	0.00594	0.00594	0.00297	0.00297
76	0.01497	0.01497	0.02095	0.01796	0.01796	0.02095	0.01497	0.01646	0.01048	0.01646	0.00898	0.01497	0.00898	0.01197	0.02245	0.00299	0.74704	0.00599	0.00299	0.00748
77	0.01693	0.01626	0.02777	0.04199	0.71689	0.01626	0.02100	0.02100	0.01558	0.02235	0.01287	0.01693	0.01084	0.00610	0.00677	0.00203	0.00813	0.00610	0.00339	0.01084
78	0.00946	0.00698	0.00883	0.00837	0.01008	0.00636	0.00628	0.01247	0.01883	0.02617	0.62207	0.05319	0.15655	0.01446	0.00807	0.00217	0.00326	0.01267	0.00736	0.00636
79	0.01615	0.01845	0.04037	0.02884	0.03576	0.01730	0.69204	0.02191	0.01615	0.02191	0.01384	0.01845	0.01038	0.00577	0.00807	0.00231	0.01153	0.00807	0.00346	0.00923
80	0.01829	0.76368	0.03585	0.01171	0.01756	0.02707	0.01171	0.02049	0.01390	0.01610	0.00951	0.01097	0.00878	0.00585	0.00439	0.00146	0.00732	0.00366	0.00293	0.00878
81	0.01064	0.00722	0.00938	0.00871	0.01053	0.00660	0.00658	0.01377	0.01921	0.06098	0.65178	0.05038	0.09042	0.01386	0.00801	0.00216	0.00336	0.01219	0.00753	0.00668
82	0.01588	0.01518	0.02586	0.22637	0.54076	0.01598	0.02047	0.02007	0.01508	0.02107	0.01268	0.01728	0.01039	0.00629	0.00679	0.00210	0.00839	0.00609	0.00330	0.00999
83	0.02640	0.01853	0.02014	0.01544	0.02090	0.02028	0.01276	0.63887	0.03111	0.09981	0.01731	0.01700	0.01208	0.00823	0.00685	0.00206	0.00739	0.00622	0.00698	0.01164
84	0.76965	0.01418	0.01051	0.00942	0.01362	0.05038	0.00769	0.02046	0.01202	0.03001	0.00958	0.01117	0.00748	0.00638	0.00433	0.00210	0.00564	0.00374	0.00420	0.00743
85	0.02601	0.01916	0.02053	0.01574	0.02122	0.02122	0.01300	0.69408	0.03217	0.04312	0.01643	0.01643	0.01163	0.00821	0.00684	0.00205	0.00753	0.00616	0.00684	0.01163
86	0.00834	0.00701	0.00728	0.00742	0.00967	0.00596	0.00570	0.01019	0.01561	0.01865	0.06645	0.06682	0.65579	0.01746	0.00820	0.00238	0.00371	0.07118	0.00635	0.00582
87	0.01509	0.01676	0.03598	0.02622	0.03226	0.01571	0.59926	0.02024	0.01574	0.02131	0.01707	0.11814	0.01510	0.00789	0.00816	0.00237	0.01051	0.00961	0.00385	0.00873
88	0.10069	0.02229	0.06243	0.01539	0.02036	0.21323	0.01287	0.29736	0.07618	0.09034	0.01568	0.01596	0.01143	0.00771	0.00640	0.00201	0.00848	0.00556	0.00558	0.01006
89	0.02543	0.02296	0.01994	0.01621	0.02103	0.23310	0.01296	0.46301	0.06122	0.03454	0.01524	0.01565	0.01124	0.00792	0.00665	0.00198	0.00886	0.00571	0.00586	0.01049
90	0.02401	0.01919	0.01865	0.01494	0.01972	0.11523	0.01207	0.46877	0.06629	0.06991	0.04983	0.02083	0.05139	0.00886	0.00688	0.00205	0.00758	0.00675	0.00648	0.01055
91	0.01763	0.65799	0.13573	0.01284	0.01931	0.02545	0.01368	0.02066	0.01398	0.01690	0.00991	0.01148	0.00876	0.00595	0.00470	0.00157	0.00772	0.00386	0.00292	0.00897
92	0.01810	0.56193	0.16438	0.01353	0.02015	0.02445	0.01438	0.07893	0.01558	0.01948	0.01063	0.01210	0.00901	0.00618	0.00500	0.00165	0.00786	0.00414	0.00326	0.00928
93	0.01472	0.01399	0.02377	0.42919	0.34701	0.01567	0.01989	0.01905	0.01453	0.01966	0.01248	0.01765	0.00989	0.00651	0.00681	0.00217	0.00868	0.00609	0.00320	0.00905
94	0.03465	0.00697	0.00956	0.00941	0.00992	0.00712	0.00647	0.05216	0.01091	0.01499	0.01498	0.10202	0.01546	0.02205	0.02286	0.63974	0.00580	0.00740	0.00362	0.00393
95	0.01561	0.02217	0.19057	0.02678	0.03441	0.01699	0.54557	0.02186	0.01577	0.02186	0.01350	0.01757	0.01000	0.00593	0.00773	0.00228	0.01122	0.00741	0.00333	0.00942
96	0.00995	0.00663	0.00746	0.00746	0.00746	0.00663	0.00415	0.00995	0.00995	0.01327	0.02156	0.04477	0.02487	0.75957	0.03482	0.00663	0.00663	0.00995	0.00415	0.00415
97	0.04842	0.02978	0.55038	0.01863	0.05132	0.01489	0.02182	0.02357	0.01525	0.14113	0.01469	0.01590	0.01010	0.00681	0.00648	0.00215	0.00912	0.00535	0.00391	0.01029
98	0.02556	0.03261	0.01939	0.01763	0.02115	0.73210	0.01322	0.02732	0.01939	0.01674	0.01058	0.01234	0.00881	0.00705	0.00617	0.00176	0.01234	0.00441	0.00353	0.00793
99	0.01429	0.09589	0.54190	0.04801	0.06172	0.01630	0.02218	0.02099	0.01440	0.02109	0.01205	0.01439	0.00892	0.00632	0.00622	0.00201	0.00931	0.00494	0.00302	0.07605
100	0.01908	0.02198	0.01562	0.01443	0.01661	0.41863	0.01065	0.02055	0.01549	0.01584	0.01404	0.02176	0.01357	0.17735	0.12451	0.00431	0.05898	0.00616	0.00365	0.00680
101	0.00995	0.00663	0.00746	0.00746	0.00746	0.00663	0.00415	0.00995	0.00995	0.01327	0.02156	0.04477	0.02487	0.75957	0.03482	0.00663	0.00663	0.00995	0.00415	0.00415
102	0.00973	0.00922	0.03468	0.01205	0.07272	0.00772	0.04452	0.01225	0.01590	0.02032	0.15086	0.12031	0.43378	0.01527	0.00798	0.00230	0.00454	0.01324	0.00600	0.00662
103	0.01377	0.01314	0.02257	0.58923	0.16870	0.01547	0.04403	0.01828	0.01412	0.01853	0.01235	0.01801	0.00948	0.00667	0.00687	0.00224	0.00903	0.00616	0.00312	0.00825
104	0.61174	0.19966	0.01646	0.00967	0.01431	0.01826	0.00848	0.02020	0.01220	0.02707	0.00952	0.01108	0.00775	0.00623	0.00427	0.00195	0.00580	0.00369	0.00391	0.00775
105	0.01444	0.01332	0.02060	0.58940	0.10122	0.03571	0.01811	0.06033	0.01519	0.01978	0.01282	0.01811	0.00973	0.00691	0.00674	0.00220	0.00881	0.00605	0.03245	0.00810
106	0.01390	0.06446	0.69665	0.01919	0.02913	0.01633	0.02474	0.02162	0.01442	0.02144	0.01217	0.01431	0.00867	0.00647	0.00642	0.00214	0.01000	0.00500	0.00289	0.01006
107	0.01711	0.60637	0.12116	0.04275	0.02006	0.02433	0.01358	0.02014	0.01383	0.01685	0.01037	0.01243	0.00916	0.00803	0.03774	0.00202	0.00824	0.00410	0.00296	0.00878
108	0.00843	0.00602	0.00805	0.00964	0.01007	0.00564	0.00652	0.00969	0.01319	0.01757	0.03765	0.73101	0.04504	0.02134	0.00876	0.00279	0.00405	0.04260	0.00635	0.00558
109	0.00834	0.00595	0.00794	0.00953	0.00992	0.00556	0.00635	0.00953	0.01310	0.01746	0.03771	0.75510	0.04525	0.02143	0.00873	0.00278	0.00397	0.01945	0.00635	0.00556
110	0.01483	0.12459	0.33553	0.01612	0.02278	0.06079	0.06197	0.02029	0.03370	0.04041	0.08158	0.02392	0.09656	0.00861	0.00710	0.00210	0.02925	0.00692	0.00406	0.00889
111	0.02062	0.02472	0.04658	0.06461	0.21142	0.38668	0.01605	0.02339	0.01681	0.01843	0.01151	0.01476	0.00970	0.00885	0.03543	0.00233	0.07080	0.00522	0.00340	0.00867
112	0.00814	0.00693	0.00701	0.00699	0.00928	0.00580	0.00524	0.00993	0.01573	0.01881	0.09291	0.06530	0.69030	0.01720	0.00809	0.00230	0.00346	0.01436	0.00640	0.00580
113	0.00927	0.00695	0.00860	0.00825	0.00999	0.00627	0.00616	0.01210	0.01831	0.02507	0.54461	0.07544	0.21384	0.01498	0.00809	0.00221	0.00330	0.01306	0.00722	0.00627
114	0.01292	0.01216	0.02052	0.74312	0.04712	0.01520	0.01900	0.01748	0.01368	0.01748	0.01216	0.01824	0.00912	0.00684	0.00684	0.00228	0.00912	0.00608	0.00304	0.00760
115	0.01615	0.01845	0.04037	0.02884	0.03576	0.01730	0.69204	0.02191	0.01615	0.02191	0.01384	0.01845	0.01038	0.00577	0.00807	0.00231	0.01153	0.00807	0.00346	0.00923
116	0.01665	0.01596	0.02725	0.09196	0.66916	0.01618	0.02085	0.02075	0.01544	0.02200	0.01282	0.01703	0.01071	0.00615	0.00678	0.00205	0.00820	0.00609	0.00336	0.01061
117	0.25729	0.01708	0.01647	0.01305	0.01814	0.05254	0.01067	0.36676	0.02293	0.03524	0.01349	0.01433	0.01003	0.00716	0.00579	0.00191	0.00676	0.00505	0.00552	0.11980
118	0.08137	0.02099	0.01919	0.01578	0.02044	0.20536	0.04157	0.28953	0.13574	0.07719	0.01685	0.01700	0.01240	0.00786	0.00655	0.00204	0.00834	0.00591	0.00576	0.01012
119	0.02350	0.01787	0.01940	0.01545	0.02030	0.08615	0.04516	0.30894	0.15188	0.14141	0.01902	0.01873	0.01368	0.00820	0.00737	0.00208	0.03563	0.00637	0.00634	0.05252
120	0.04470	0.02253	0.02027	0.01702	0.02112	0.32501	0.09053	0.10018	0.10232	0.09837	0.01681	0.05551	0.01353	0.00835	0.00726	0.00207	0.03384	0.00652	0.00498	0.00908
121	0.02275	0.02015	0.01863	0.01556	0.01975	0.22012	0.04130	0.21538	0.12555	0.11043	0.02066	0.05012	0.04592	0.00905	0.00738	0.00210	0.03268	0.00698	0.00579	0.00970

[dist]
# distance from previous block
# <min> <max>
6	72

[block]
# block no. 6 follows, 31 sequences, length 66
# corresponding to MSA columns:
# 575-640
name=unknown_G
#
# <colnr> <probs for GDERKNQSTAVLIFYWHMCP>
#	G	D	E	R	K	N	Q	S	T	A	V	L	I	F	Y	W	H	M	C	P
0	0.03943	0.22546	0.20841	0.01431	0.01993	0.06658	0.04071	0.02069	0.06229	0.04549	0.05547	0.10579	0.04985	0.00924	0.00635	0.00204	0.00754	0.00746	0.00430	0.00865
1	0.01662	0.09204	0.24545	0.06078	0.12707	0.01809	0.13453	0.09585	0.06495	0.02366	0.01376	0.01639	0.01050	0.00692	0.00746	0.00215	0.04408	0.00600	0.00379	0.00990
2	0.03751	0.04050	0.01459	0.05563	0.05332	0.12215	0.01054	0.05120	0.04481	0.03968	0.20813	0.06509	0.07324	0.01208	0.00745	0.00225	0.00642	0.12330	0.00573	0.02638
3	0.02059	0.49636	0.03005	0.01367	0.01875	0.18240	0.01230	0.09272	0.01691	0.01910	0.01046	0.01199	0.00909	0.00659	0.00569	0.00165	0.03518	0.00417	0.00347	0.00885
4	0.01083	0.00789	0.00911	0.00882	0.01090	0.00736	0.00654	0.03767	0.05785	0.05527	0.22053	0.17918	0.31081	0.03509	0.00872	0.00245	0.00395	0.01364	0.00675	0.00666
5	0.24386	0.01536	0.01614	0.01468	0.05763	0.03337	0.01112	0.15781	0.20384	0.10309	0.01783	0.01794	0.01320	0.00810	0.00715	0.00220	0.05516	0.00591	0.00578	0.00982
6	0.01721	0.00983	0.01197	0.01109	0.03864	0.00918	0.00818	0.02172	0.11197	0.24899	0.08101	0.06713	0.26343	0.05717	0.00911	0.00250	0.00486	0.01054	0.00695	0.00850
7	0.00870	0.00640	0.00818	0.00905	0.01004	0.00588	0.00637	0.01051	0.01498	0.02000	0.19675	0.47099	0.14572	0.01905	0.00851	0.00258	0.00381	0.04004	0.00662	0.00582
8	0.00843	0.00603	0.00787	0.00930	0.00975	0.00563	0.00617	0.00956	0.01300	0.01724	0.03790	0.68537	0.06910	0.06685	0.01032	0.00300	0.00411	0.01867	0.00621	0.00548
9	0.23666	0.05357	0.01720	0.01458	0.01854	0.39792	0.01134	0.06712	0.08317	0.02326	0.01226	0.01346	0.00976	0.00710	0.00569	0.00192	0.00927	0.00461	0.00423	0.00833
10	0.01390	0.06403	0.69705	0.01919	0.02914	0.01633	0.02474	0.02162	0.01442	0.02145	0.01217	0.01431	0.00867	0.00647	0.00642	0.00214	0.01000	0.00500	0.00289	0.01006
11	0.00832	0.00601	0.00788	0.00937	0.00988	0.00557	0.00628	0.00954	0.01325	0.01753	0.03959	0.71398	0.08516	0.02119	0.00869	0.00275	0.00394	0.01915	0.00635	0.00557
12	0.01461	0.06480	0.65411	0.01907	0.02862	0.05908	0.02401	0.02196	0.01472	0.02115	0.01206	0.01418	0.00868	0.00651	0.00639	0.00211	0.01013	0.00496	0.00293	0.00993
13	0.01802	0.01700	0.02896	0.02235	0.04577	0.01733	0.35632	0.09813	0.24172	0.05163	0.01912	0.02067	0.01418	0.00727	0.00750	0.00227	0.00882	0.00767	0.00514	0.01013
14	0.00866	0.00689	0.00777	0.00769	0.00963	0.00600	0.00571	0.01087	0.01673	0.02152	0.29062	0.10768	0.44314	0.01645	0.00812	0.00229	0.00342	0.01406	0.00676	0.00600
15	0.01693	0.01626	0.02777	0.04199	0.71689	0.01626	0.02100	0.02100	0.01558	0.02235	0.01287	0.01693	0.01084	0.00610	0.00677	0.00203	0.00813	0.00610	0.00339	0.01084
16	0.00981	0.00718	0.01023	0.01023	0.01119	0.00814	0.00760	0.01173	0.01077	0.01532	0.01902	0.03074	0.01878	0.20403	0.58202	0.01005	0.01580	0.00789	0.00377	0.00569
17	0.02539	0.05091	0.01988	0.01737	0.02106	0.67522	0.01317	0.06327	0.01994	0.01816	0.01086	0.01252	0.00896	0.00708	0.00616	0.00177	0.01195	0.00448	0.00369	0.00815
18	0.01615	0.01845	0.04037	0.02884	0.03576	0.01730	0.69204	0.02191	0.01615	0.02191	0.01384	0.01845	0.01038	0.00577	0.00807	0.00231	0.01153	0.00807	0.00346	0.00923
19	0.00962	0.00715	0.00921	0.01026	0.01175	0.00675	0.00824	0.01199	0.01537	0.01982	0.09311	0.22537	0.20470	0.01874	0.00886	0.00279	0.00487	0.31898	0.00641	0.00602
20	0.03042	0.01208	0.01615	0.01238	0.01768	0.01070	0.01023	0.07153	0.02031	0.68241	0.02638	0.02289	0.01663	0.00845	0.00688	0.00211	0.00592	0.00684	0.00837	0.01164
21	0.00810	0.00687	0.00700	0.00710	0.00928	0.00576	0.00527	0.00980	0.01543	0.01842	0.06728	0.11004	0.67122	0.01759	0.00813	0.00234	0.00350	0.01476	0.00635	0.00576
22	0.02763	0.01655	0.01892	0.01450	0.01991	0.01734	0.01198	0.46479	0.02780	0.27857	0.02009	0.01881	0.01347	0.00830	0.00686	0.00208	0.00694	0.00641	0.00741	0.01164
23	0.01582	0.02289	0.26941	0.03419	0.47839	0.01613	0.02248	0.02123	0.01518	0.02211	0.01266	0.01607	0.01008	0.00624	0.00668	0.00208	0.00882	0.00573	0.00321	0.01058
24	0.01829	0.76368	0.03585	0.01171	0.01756	0.02707	0.01171	0.02049	0.01390	0.01610	0.00951	0.01097	0.00878	0.00585	0.00439	0.00146	0.00732	0.00366	0.00293	0.00878
25	0.00830	0.00607	0.00781	0.00921	0.00984	0.00558	0.00621	0.00956	0.01340	0.01759	0.04159	0.67048	0.12737	0.02093	0.00865	0.00272	0.00391	0.01883	0.00635	0.00558
26	0.01241	0.01043	0.01545	0.04747	0.23109	0.01038	0.01205	0.05341	0.01551	0.02085	0.03119	0.31663	0.10468	0.01468	0.00794	0.00247	0.00582	0.07449	0.00533	0.00771
27	0.01292	0.01216	0.02052	0.74312	0.04712	0.01520	0.01900	0.01748	0.01368	0.01748	0.01216	0.01824	0.00912	0.00684	0.00684	0.00228	0.00912	0.00608	0.00304	0.00760
28	0.00850	0.00703	0.00751	0.00762	0.00980	0.00604	0.00587	0.01049	0.01591	0.01938	0.11683	0.06579	0.59656	0.01722	0.00822	0.00238	0.00373	0.07881	0.00644	0.00588
29	0.02518	0.02590	0.01960	0.01661	0.02096	0.39302	0.01297	0.30162	0.06991	0.02835	0.01412	0.01489	0.01077	0.00767	0.00650	0.00192	0.00991	0.00535	0.00511	0.00964
30	0.01693	0.01626	0.02777	0.04199	0.71689	0.01626	0.02100	0.02100	0.01558	0.02235	0.01287	0.01693	0.01084	0.00610	0.00677	0.00203	0.00813	0.00610	0.00339	0.01084
31	0.01829	0.76368	0.03585	0.01171	0.01756	0.02707	0.01171	0.02049	0.01390	0.01610	0.00951	0.01097	0.00878	0.00585	0.00439	0.00146	0.00732	0.00366	0.00293	0.00878
32	0.02556	0.03261	0.01939	0.01763	0.02115	0.73210	0.01322	0.02732	0.01939	0.01674	0.01058	0.01234	0.00881	0.00705	0.00617	0.00176	0.01234	0.00441	0.00353	0.00793
33	0.01393	0.06918	0.69218	0.01914	0.02905	0.01641	0.02465	0.02161	0.01442	0.02141	0.01215	0.01428	0.00867	0.00647	0.00640	0.00213	0.00998	0.00499	0.00289	0.01005
34	0.01008	0.00723	0.00963	0.01096	0.01201	0.00708	0.00841	0.03911	0.01489	0.01966	0.03627	0.46551	0.04163	0.01993	0.00893	0.00289	0.00501	0.26833	0.00635	0.00609
35	0.00834	0.00595	0.00794	0.00953	0.00992	0.00556	0.00635	0.00953	0.01310	0.01746	0.03771	0.75510	0.04525	0.02143	0.00873	0.00278	0.00397	0.01945	0.00635	0.00556
36	0.01188	0.00594	0.00891	0.00891	0.00891	0.00594	0.00594	0.00891	0.00891	0.01188	0.01188	0.02080	0.01188	0.02377	0.02674	0.80095	0.00594	0.00594	0.00297	0.00297
37	0.01693	0.01626	0.02777	0.04199	0.71689	0.01626	0.02100	0.02100	0.01558	0.02235	0.01287	0.01693	0.01084	0.00610	0.00677	0.00203	0.00813	0.00610	0.00339	0.01084
38	0.01392	0.06650	0.69471	0.01917	0.02910	0.01637	0.02470	0.02162	0.01442	0.02143	0.01216	0.01430	0.00867	0.00647	0.00641	0.00214	0.00999	0.00500	0.00289	0.01005
39	0.02556	0.03261	0.01939	0.01763	0.02115	0.73210	0.01322	0.02732	0.01939	0.01674	0.01058	0.01234	0.00881	0.00705	0.00617	0.00176	0.01234	0.00441	0.00353	0.00793
40	0.01067	0.00762	0.01061	0.01219	0.01361	0.00757	0.01040	0.01356	0.01540	0.02007	0.03642	0.16726	0.04015	0.01924	0.00935	0.00310	0.00599	0.58428	0.00631	0.00620
41	0.00979	0.00715	0.00949	0.01071	0.01206	0.00685	0.00863	0.01221	0.01524	0.01985	0.08762	0.26295	0.13247	0.01906	0.00897	0.00287	0.00506	0.35657	0.00641	0.00603
42	0.02988	0.01183	0.01585	0.01228	0.01748	0.01047	0.01010	0.03352	0.06045	0.68028	0.02704	0.02342	0.01717	0.00852	0.00688	0.00213	0.00580	0.00693	0.00838	0.01159
43	0.01292	0.01216	0.02052	0.74312	0.04712	0.01520	0.01900	0.01748	0.01368	0.01748	0.01216	0.01824	0.00912	0.00684	0.00684	0.00228	0.00912	0.00608	0.00304	0.00760
44	0.01409	0.07676	0.65513	0.01945	0.02918	0.01660	0.05298	0.02161	0.01449	0.02135	0.01218	0.01441	0.00875	0.00643	0.00645	0.00213	0.01001	0.00510	0.00292	0.01000
45	0.01292	0.01216	0.02052	0.74312	0.04712	0.01520	0.01900	0.01748	0.01368	0.01748	0.01216	0.01824	0.00912	0.00684	0.00684	0.00228	0.00912	0.00608	0.00304	0.00760
46	0.01423	0.01388	0.01954	0.01697	0.01714	0.01919	0.01406	0.01586	0.01055	0.01638	0.01031	0.01666	0.01014	0.01757	0.12342	0.00413	0.64342	0.00618	0.00309	0.00729
47	0.01404	0.01434	0.02741	0.49525	0.04318	0.01593	0.25256	0.01902	0.01454	0.01902	0.01274	0.01831	0.00956	0.00647	0.00727	0.00229	0.00996	0.00677	0.00319	0.00816
48	0.02270	0.01913	0.01712	0.01474	0.01897	0.19444	0.01154	0.11159	0.32960	0.15327	0.02203	0.02075	0.01606	0.00845	0.00674	0.00211	0.00746	0.00656	0.00636	0.01035
49	0.01615	0.01845	0.04037	0.02884	0.03576	0.01730	0.69204	0.02191	0.01615	0.02191	0.01384	0.01845	0.01038	0.00577	0.00807	0.00231	0.01153	0.00807	0.00346	0.00923
50	0.01615	0.01845	0.04037	0.02884	0.03576	0.01730	0.69204	0.02191	0.01615	0.02191	0.01384	0.01845	0.01038	0.00577	0.00807	0.00231	0.01153	0.00807	0.00346	0.00923
51	0.01634	0.08571	0.03996	0.02729	0.03411	0.01818	0.63065	0.02179	0.01594	0.02139	0.01345	0.01778	0.01024	0.00577	0.00774	0.00223	0.01115	0.00768	0.00341	0.00919
52	0.02480	0.01091	0.01416	0.01138	0.01583	0.00983	0.00922	0.02889	0.07990	0.51003	0.10623	0.03103	0.09642	0.01008	0.00714	0.00216	0.00525	0.00836	0.00801	0.01038
53	0.00834	0.00595	0.00794	0.00953	0.00992	0.00556	0.00635	0.00953	0.01310	0.01746	0.03771	0.75510	0.04525	0.02143	0.00873	0.00278	0.00397	0.01945	0.00635	0.00556
54	0.01552	0.03416	0.59594	0.01901	0.02794	0.11695	0.02299	0.02306	0.04317	0.02125	0.01267	0.01460	0.00918	0.00669	0.00647	0.00212	0.01023	0.00507	0.00314	0.00983
55	0.01693	0.01626	0.02777	0.04199	0.71689	0.01626	0.02100	0.02100	0.01558	0.02235	0.01287	0.01693	0.01084	0.00610	0.00677	0.00203	0.00813	0.00610	0.00339	0.01084
56	0.00841	0.00700	0.00741	0.00764	0.00980	0.00599	0.00587	0.01028	0.01552	0.01866	0.06458	0.09196	0.61693	0.01765	0.00826	0.00242	0.00379	0.08567	0.00635	0.00582
57	0.00923	0.00638	0.00783	0.00847	0.00880	0.00615	0.00533	0.01006	0.01224	0.01648	0.09719	0.35150	0.03759	0.36747	0.02092	0.00453	0.00515	0.01428	0.00543	0.00498
58	0.01369	0.01308	0.02132	0.54179	0.10831	0.01635	0.01847	0.01764	0.01329	0.01778	0.01165	0.01752	0.00927	0.00770	0.00967	0.00238	0.14307	0.00606	0.00307	0.00790
59	0.00966	0.00651	0.00755	0.00784	0.00791	0.00644	0.00455	0.00987	0.01052	0.01403	0.02449	0.17381	0.02857	0.62548	0.03008	0.00593	0.00615	0.01167	0.00455	0.00440
60	0.00845	0.00610	0.00802	0.00952	0.01008	0.00568	0.00650	0.00976	0.01337	0.01766	0.03946	0.68381	0.08363	0.02108	0.00873	0.00277	0.00405	0.04939	0.00635	0.00560
61	0.02416	0.01406	0.01665	0.03826	0.01922	0.01470	0.01114	0.14320	0.27973	0.32419	0.02506	0.02282	0.01728	0.00868	0.00690	0.00219	0.00606	0.00706	0.00745	0.01120
62	0.02639	0.01898	0.02009	0.01550	0.02089	0.04441	0.01276	0.61477	0.03065	0.10039	0.01713	0.01687	0.01199	0.00820	0.00682	0.00205	0.00755	0.00616	0.00687	0.01151
63	0.01026	0.00701	0.00893	0.00963	0.01111	0.00644	0.00728	0.01227	0.01522	0.06001	0.11158	0.34497	0.19663	0.01848	0.00856	0.00265	0.00437	0.15182	0.00658	0.00620
64	0.01123	0.00751	0.01002	0.01013	0.01180	0.00725	0.00804	0.01395	0.01639	0.06379	0.29080	0.08018	0.08359	0.06858	0.08212	0.00366	0.00608	0.21193	0.00650	0.00646
