[name]
unknown

[dist]
# distance from previous block
# <min> <max>
3	7

[block]
# block no. 0 follows, 29 sequences, length 26
# corresponding to MSA columns:
# 7-32
name=unknown_A
#
# <colnr> <probs for GDERKNQSTAVLIFYWHMCP>
#	G	D	E	R	K	N	Q	S	T	A	V	L	I	F	Y	W	H	M	C	P
0	0.02121	0.01571	0.01632	0.01473	0.04212	0.11241	0.01107	0.14304	0.09753	0.17192	0.12904	0.11929	0.02696	0.01134	0.00804	0.00229	0.03127	0.00930	0.00679	0.00964
1	0.05636	0.01810	0.01951	0.01540	0.02073	0.01993	0.01260	0.47601	0.15140	0.10564	0.02004	0.01929	0.01422	0.00870	0.00704	0.00220	0.00717	0.00668	0.00720	0.01178
2	0.01687	0.02153	0.17401	0.13945	0.15528	0.04451	0.22389	0.02353	0.06280	0.04633	0.01495	0.01844	0.01123	0.00680	0.00741	0.00229	0.01004	0.00683	0.00383	0.00998
3	0.01343	0.01194	0.08660	0.01333	0.04129	0.02759	0.02745	0.01606	0.01505	0.09876	0.08043	0.32879	0.03366	0.08427	0.06233	0.00361	0.00698	0.03513	0.00589	0.00740
4	0.01642	0.01807	0.03569	0.02647	0.03141	0.01920	0.47148	0.02103	0.01496	0.02103	0.01282	0.01807	0.01035	0.00803	0.01309	0.00262	0.23906	0.00772	0.00345	0.00904
5	0.03195	0.01212	0.01652	0.01267	0.01818	0.01047	0.01047	0.03470	0.02038	0.71026	0.02809	0.02424	0.01763	0.00881	0.00716	0.00220	0.00606	0.00716	0.00881	0.01212
6	0.01957	0.02066	0.05235	0.01567	0.01994	0.17877	0.01260	0.03491	0.50415	0.02659	0.02404	0.02284	0.01821	0.00898	0.00703	0.00227	0.00753	0.00712	0.00621	0.01054
7	0.02332	0.07693	0.02018	0.01704	0.07021	0.22074	0.01262	0.19157	0.04891	0.11205	0.07071	0.04586	0.04060	0.00916	0.00693	0.00206	0.00840	0.00708	0.00578	0.00985
8	0.03001	0.01235	0.01638	0.01268	0.01792	0.01106	0.01042	0.08121	0.02134	0.61158	0.07594	0.02580	0.02080	0.00921	0.00725	0.00220	0.00600	0.00752	0.00862	0.01173
9	0.00994	0.00723	0.00935	0.00891	0.01057	0.00665	0.00665	0.01313	0.01970	0.02767	0.64341	0.08100	0.09900	0.01504	0.00843	0.00227	0.00340	0.01328	0.00773	0.00665
10	0.02618	0.03153	0.02066	0.02000	0.07410	0.63126	0.01421	0.02825	0.01989	0.05299	0.01206	0.01378	0.00976	0.00734	0.00651	0.00187	0.01216	0.00485	0.00392	0.00868
11	0.21353	0.04861	0.06542	0.04665	0.02144	0.07963	0.01302	0.32309	0.02345	0.07871	0.01477	0.01557	0.01070	0.00771	0.00628	0.00213	0.00783	0.00550	0.00566	0.01030
12	0.00888	0.00648	0.00836	0.00947	0.01030	0.00596	0.00650	0.01053	0.01499	0.02001	0.15282	0.55872	0.11955	0.02057	0.00890	0.00273	0.00395	0.01847	0.00681	0.00596
13	0.00877	0.00632	0.00834	0.00992	0.01047	0.00589	0.00675	0.01011	0.01385	0.01834	0.04060	0.69047	0.07499	0.02202	0.00909	0.00289	0.00420	0.04455	0.00661	0.00582
14	0.07633	0.01789	0.05531	0.04530	0.05198	0.01791	0.05664	0.36779	0.02559	0.13506	0.04853	0.03614	0.01550	0.00863	0.00711	0.00220	0.00763	0.00702	0.00646	0.01099
15	0.02066	0.01845	0.02302	0.12244	0.19165	0.10854	0.05894	0.19170	0.06227	0.05431	0.01643	0.04439	0.01316	0.00858	0.00782	0.02692	0.00875	0.00690	0.00495	0.01010
16	0.00956	0.00706	0.00906	0.00992	0.01123	0.00656	0.00748	0.01182	0.01617	0.02139	0.19440	0.32411	0.16657	0.01922	0.00898	0.00274	0.00439	0.15627	0.00688	0.00620
17	0.00876	0.00623	0.00824	0.00981	0.01020	0.00584	0.00650	0.00994	0.01347	0.01796	0.03841	0.71021	0.04604	0.05865	0.01045	0.00309	0.00427	0.01975	0.00650	0.00571
18	0.01477	0.01266	0.01477	0.01055	0.01687	0.00949	0.00844	0.01793	0.01477	0.02320	0.01266	0.01477	0.01055	0.00527	0.00527	0.00105	0.00527	0.00422	0.00422	0.79328
19	0.74128	0.01364	0.01093	0.00962	0.01411	0.01555	0.00792	0.02199	0.01275	0.08385	0.01131	0.01254	0.00847	0.00678	0.00462	0.00220	0.00555	0.00411	0.00474	0.00805
20	0.02158	0.01371	0.01539	0.01276	0.01671	0.03584	0.01034	0.26329	0.02419	0.16662	0.16736	0.03206	0.02779	0.01068	0.00734	0.00220	0.00607	0.05843	0.09788	0.00978
21	0.09895	0.01522	0.02025	0.03477	0.13489	0.01531	0.06469	0.15924	0.07081	0.11489	0.06941	0.02085	0.01676	0.00784	0.00677	0.00204	0.00695	0.00668	0.00573	0.12795
22	0.01818	0.01843	0.07275	0.05650	0.43929	0.04166	0.07031	0.06461	0.01718	0.04703	0.01490	0.04614	0.01255	0.00753	0.00793	0.00222	0.04125	0.00694	0.00401	0.01060
23	0.01159	0.04204	0.01089	0.00922	0.01185	0.00914	0.00712	0.09665	0.01875	0.02393	0.17079	0.13399	0.39561	0.01616	0.00815	0.00236	0.00434	0.01364	0.00674	0.00703
24	0.02130	0.08819	0.02296	0.10592	0.14741	0.17881	0.03789	0.06657	0.10157	0.10509	0.04354	0.01942	0.01467	0.00779	0.00682	0.00209	0.00876	0.00634	0.00495	0.00990
25	0.08141	0.08679	0.07042	0.01296	0.01777	0.04984	0.01135	0.08010	0.09538	0.17127	0.12885	0.02586	0.04884	0.00935	0.00717	0.00210	0.02525	0.00734	0.00620	0.06175

[dist]
# distance from previous block
# <min> <max>
4	11

[block]
# block no. 1 follows, 29 sequences, length 94
# corresponding to MSA columns:
# 44-137
name=unknown_B
#
# <colnr> <probs for GDERKNQSTAVLIFYWHMCP>
#	G	D	E	R	K	N	Q	S	T	A	V	L	I	F	Y	W	H	M	C	P
0	0.01894	0.01625	0.02113	0.19263	0.20330	0.07241	0.01605	0.11928	0.09594	0.07148	0.08430	0.02245	0.01794	0.00828	0.00719	0.00221	0.00798	0.00710	0.00517	0.00996
1	0.01978	0.08437	0.02522	0.02311	0.16845	0.13809	0.10169	0.06839	0.04687	0.06263	0.03570	0.01918	0.01365	0.03925	0.00989	0.00234	0.08771	0.00648	0.00439	0.04282
2	0.06328	0.01736	0.02501	0.11274	0.48770	0.08571	0.01917	0.02140	0.01601	0.02236	0.01428	0.05662	0.01262	0.00741	0.00695	0.00216	0.00860	0.00678	0.00372	0.01010
3	0.65937	0.01365	0.01225	0.01227	0.06896	0.01533	0.00896	0.02149	0.01327	0.07074	0.04059	0.01456	0.01110	0.00705	0.00495	0.00220	0.00568	0.00463	0.00474	0.00821
4	0.02656	0.01919	0.02078	0.01588	0.02161	0.02085	0.01311	0.61538	0.03183	0.07184	0.01730	0.01726	0.01225	0.00837	0.00702	0.00208	0.00761	0.00631	0.00703	0.05775
5	0.09195	0.01742	0.02565	0.03672	0.54731	0.05530	0.01922	0.02342	0.07069	0.02429	0.01420	0.01751	0.01167	0.00669	0.00678	0.00213	0.00819	0.00615	0.00392	0.01078
6	0.03117	0.01229	0.01650	0.01277	0.01820	0.01086	0.01051	0.03487	0.05704	0.67315	0.02814	0.02436	0.01785	0.00886	0.00717	0.00221	0.00604	0.00721	0.00873	0.01207
7	0.01670	0.01856	0.03930	0.07264	0.11481	0.01775	0.56524	0.02243	0.01659	0.02259	0.01419	0.01901	0.01078	0.00611	0.00817	0.00237	0.01145	0.00805	0.00357	0.00970
8	0.00896	0.00638	0.00848	0.01005	0.01053	0.00602	0.00686	0.01030	0.01368	0.01820	0.03832	0.66214	0.04562	0.05708	0.01045	0.00311	0.00444	0.06710	0.00650	0.00577
9	0.00842	0.00721	0.00721	0.00721	0.00962	0.00601	0.00541	0.01022	0.01623	0.01924	0.07213	0.06853	0.70244	0.01803	0.00842	0.00240	0.00361	0.01503	0.00661	0.00601
10	0.02076	0.59148	0.03354	0.01345	0.01912	0.14144	0.01252	0.06249	0.01656	0.01857	0.01052	0.01200	0.00932	0.00645	0.00503	0.00161	0.00849	0.00409	0.00340	0.00917
11	0.01544	0.01443	0.02336	0.43020	0.03860	0.04582	0.11463	0.01967	0.01481	0.05325	0.01455	0.02158	0.01170	0.00984	0.03523	0.00280	0.08788	0.03426	0.00369	0.00826
12	0.02538	0.07613	0.02110	0.01782	0.02152	0.62469	0.01362	0.02800	0.04799	0.01790	0.01164	0.01343	0.00971	0.00754	0.00694	0.00189	0.03777	0.00474	0.00376	0.00842
13	0.00868	0.00620	0.00826	0.00991	0.01033	0.00578	0.00661	0.00991	0.01363	0.01818	0.03925	0.74510	0.04710	0.02231	0.00909	0.00289	0.00413	0.02024	0.00661	0.00578
14	0.01731	0.01660	0.02834	0.09536	0.65613	0.01684	0.02170	0.02158	0.01607	0.02288	0.01334	0.01773	0.01115	0.00640	0.00705	0.00213	0.00854	0.00634	0.00350	0.01103
15	0.01589	0.01715	0.08375	0.18255	0.43701	0.01604	0.05360	0.02047	0.01558	0.02182	0.01481	0.06185	0.01286	0.00749	0.00723	0.00224	0.00876	0.00720	0.00360	0.01010
16	0.01588	0.01272	0.01889	0.48957	0.03804	0.04444	0.01676	0.01996	0.01562	0.10429	0.01983	0.02947	0.03622	0.00943	0.00751	0.00246	0.00862	0.09764	0.00447	0.00820
17	0.01198	0.00795	0.01006	0.00933	0.01146	0.00735	0.00706	0.01568	0.04560	0.08482	0.52049	0.08076	0.13086	0.01460	0.00828	0.00229	0.00374	0.01276	0.00771	0.00723
18	0.01669	0.02768	0.41366	0.08692	0.03144	0.01634	0.13451	0.06730	0.01707	0.07533	0.03577	0.01812	0.01202	0.00718	0.00718	0.00228	0.00994	0.00635	0.00398	0.01023
19	0.00892	0.00660	0.00834	0.00925	0.01027	0.00602	0.00642	0.01071	0.01545	0.02054	0.18377	0.48277	0.16494	0.01994	0.00883	0.00267	0.00388	0.01779	0.00687	0.00602
20	0.01652	0.01950	0.07295	0.16682	0.06748	0.05125	0.45436	0.02212	0.01634	0.02165	0.01377	0.01856	0.01039	0.00634	0.00791	0.00235	0.01132	0.00755	0.00348	0.00933
21	0.01640	0.07622	0.47038	0.02351	0.12785	0.08699	0.05608	0.02297	0.01577	0.02181	0.01260	0.01518	0.00946	0.00668	0.00672	0.00216	0.01035	0.00542	0.00318	0.01028
22	0.01369	0.01277	0.02143	0.56837	0.14579	0.01516	0.01901	0.01807	0.01449	0.01896	0.01495	0.07843	0.01285	0.00825	0.00727	0.00238	0.00889	0.00747	0.00350	0.00825
23	0.01997	0.66513	0.03520	0.01294	0.01874	0.11374	0.01238	0.02220	0.01517	0.01684	0.01004	0.01160	0.00914	0.00625	0.00480	0.00156	0.00826	0.00390	0.00312	0.00903
24	0.01449	0.01096	0.06151	0.01085	0.01402	0.00908	0.00910	0.01967	0.08945	0.13567	0.40785	0.06939	0.09295	0.01309	0.00799	0.00229	0.00458	0.01133	0.00746	0.00824
25	0.01306	0.05480	0.10560	0.01499	0.01786	0.01417	0.05866	0.01687	0.04380	0.01956	0.06946	0.08974	0.05045	0.07311	0.13328	0.00441	0.17554	0.03257	0.00443	0.00763
26	0.11391	0.01468	0.02220	0.17995	0.34718	0.01567	0.01732	0.06402	0.01635	0.04912	0.01592	0.08320	0.01398	0.00822	0.00693	0.00226	0.00779	0.00732	0.00427	0.00971
27	0.00961	0.00889	0.03802	0.00871	0.01125	0.00719	0.00691	0.04296	0.01653	0.02041	0.06090	0.18867	0.51888	0.01789	0.00841	0.00248	0.00420	0.01516	0.00648	0.00645
28	0.01745	0.01674	0.02858	0.07290	0.67753	0.01687	0.02177	0.02170	0.01613	0.02305	0.01336	0.01768	0.01120	0.00638	0.00705	0.00213	0.00850	0.00634	0.00351	0.01114
29	0.01681	0.01609	0.02744	0.17713	0.57823	0.01671	0.02145	0.02114	0.01583	0.02228	0.01325	0.01789	0.01093	0.00649	0.00706	0.00216	0.00866	0.00634	0.00345	0.01063
30	0.06256	0.01656	0.02445	0.28483	0.37751	0.07203	0.01965	0.02102	0.01558	0.02151	0.01274	0.01738	0.01027	0.00671	0.00687	0.00219	0.00900	0.00605	0.00346	0.00963
31	0.01646	0.05060	0.37490	0.02160	0.05823	0.01628	0.17549	0.04870	0.01666	0.06127	0.03600	0.01845	0.01248	0.00706	0.00707	0.00222	0.00969	0.00646	0.05030	0.01010
32	0.01847	0.01624	0.02496	0.11960	0.44423	0.03811	0.01900	0.07581	0.01752	0.06397	0.01586	0.04365	0.01346	0.00790	0.00769	0.00224	0.02994	0.02661	0.00427	0.01047
33	0.01508	0.01448	0.02536	0.15515	0.37183	0.01477	0.10483	0.01909	0.01555	0.02140	0.01948	0.13167	0.04125	0.00931	0.00760	0.00233	0.00826	0.00906	0.00406	0.00944
34	0.01870	0.01201	0.01721	0.01486	0.04264	0.03576	0.10487	0.02224	0.03807	0.23995	0.10719	0.09403	0.16036	0.01239	0.00799	0.00238	0.00633	0.04724	0.00681	0.00897
35	0.01660	0.01573	0.05482	0.23800	0.28506	0.01566	0.08278	0.05646	0.01656	0.05662	0.01648	0.08294	0.01415	0.00822	0.00738	0.00230	0.00866	0.00777	0.00414	0.00969
36	0.01562	0.01493	0.02541	0.21185	0.43769	0.01563	0.04828	0.01982	0.01558	0.02145	0.01766	0.02205	0.06056	0.00902	0.03244	0.00254	0.00890	0.00710	0.00367	0.00981
37	0.01752	0.09431	0.02716	0.25577	0.24580	0.08343	0.07832	0.04914	0.01636	0.02107	0.01267	0.01702	0.01021	0.00694	0.00747	0.00217	0.03557	0.00610	0.00352	0.00945
38	0.01903	0.01988	0.16752	0.02685	0.22365	0.01523	0.15946	0.02468	0.04544	0.15564	0.01845	0.06038	0.01442	0.00788	0.00743	0.00228	0.00881	0.00758	0.00479	0.01062
39	0.01000	0.00834	0.00887	0.00904	0.01077	0.04066	0.00661	0.01209	0.01670	0.02128	0.22753	0.19840	0.30871	0.04932	0.00972	0.00266	0.00436	0.04202	0.00670	0.00621
40	0.01708	0.01519	0.02520	0.17728	0.42061	0.01581	0.04341	0.05369	0.01677	0.04970	0.01643	0.04917	0.01427	0.00807	0.00736	0.00228	0.00840	0.04501	0.00413	0.01013
41	0.09149	0.01622	0.04197	0.02120	0.19020	0.04679	0.01414	0.12433	0.01923	0.19720	0.03269	0.02138	0.04368	0.00863	0.00821	0.00222	0.06923	0.00672	0.03410	0.01036
42	0.01768	0.01840	0.02640	0.16960	0.22702	0.11954	0.13416	0.04523	0.01682	0.02179	0.05035	0.01920	0.01342	0.00772	0.00890	0.00228	0.08158	0.00679	0.00381	0.00931
43	0.01585	0.01525	0.02665	0.17671	0.44347	0.01573	0.08270	0.02006	0.01563	0.02172	0.01584	0.08826	0.01433	0.00801	0.00739	0.00227	0.00859	0.00788	0.00376	0.00992
44	0.01755	0.01421	0.08988	0.11150	0.02151	0.03728	0.02843	0.04439	0.01740	0.18643	0.11389	0.13448	0.06987	0.01253	0.02156	0.00254	0.03554	0.00990	0.02238	0.00875
45	0.01866	0.14567	0.19359	0.05840	0.05246	0.04841	0.01589	0.09378	0.01763	0.11118	0.03557	0.10745	0.01685	0.00954	0.00763	0.00221	0.04305	0.00756	0.00485	0.00963
46	0.01643	0.04774	0.16511	0.07359	0.12237	0.11967	0.12132	0.02173	0.05271	0.02091	0.01721	0.11252	0.01565	0.01051	0.03073	0.00259	0.02802	0.00805	0.00402	0.00913
47	0.01559	0.18308	0.36590	0.01998	0.09815	0.04056	0.03638	0.02101	0.01505	0.02062	0.01483	0.05041	0.01306	0.03932	0.00784	0.00234	0.00919	0.03362	0.00347	0.00958
48	0.01728	0.05985	0.20738	0.05632	0.23263	0.04787	0.13779	0.05553	0.04134	0.02327	0.01368	0.01698	0.01068	0.00696	0.00781	0.00223	0.04215	0.00629	0.00367	0.01030
49	0.01018	0.00743	0.00965	0.05214	0.01334	0.00718	0.00783	0.01264	0.03872	0.04032	0.05837	0.47416	0.15406	0.01945	0.00878	0.00275	0.00463	0.06543	0.00652	0.00641
50	0.01566	0.11669	0.48203	0.01928	0.05258	0.01729	0.04205	0.02323	0.05512	0.04777	0.05158	0.01792	0.01340	0.00732	0.00670	0.00217	0.00931	0.00587	0.00377	0.01025
51	0.01660	0.01939	0.06529	0.06556	0.08309	0.01777	0.57729	0.02250	0.01657	0.02260	0.01419	0.01893	0.01070	0.00611	0.00819	0.00237	0.01158	0.00804	0.00355	0.00967
52	0.01763	0.01545	0.01901	0.08608	0.17032	0.12636	0.04551	0.04427	0.01702	0.09451	0.02336	0.23517	0.02330	0.01218	0.00775	0.00240	0.00779	0.03794	0.00526	0.00870
53	0.03110	0.01193	0.01625	0.01252	0.01788	0.01032	0.01032	0.03388	0.02037	0.68376	0.05428	0.02536	0.01955	0.00904	0.00721	0.00220	0.00595	0.00738	0.00878	0.01191
54	0.01711	0.01727	0.05389	0.10667	0.61919	0.01680	0.02183	0.02154	0.01599	0.02277	0.01330	0.01765	0.01103	0.00643	0.00705	0.00214	0.00863	0.00630	0.00347	0.01094
55	0.00893	0.00650	0.00878	0.01021	0.01068	0.00635	0.00697	0.01028	0.01341	0.01803	0.03706	0.67401	0.04403	0.02456	0.06547	0.00357	0.02000	0.01897	0.00632	0.00587
56	0.01857	0.04550	0.16532	0.05239	0.13144	0.01741	0.29815	0.07242	0.01778	0.08832	0.01521	0.01821	0.01116	0.00670	0.00750	0.00226	0.01009	0.00700	0.00419	0.01037
57	0.01100	0.00963	0.00971	0.00932	0.01134	0.07152	0.00695	0.01364	0.01863	0.02415	0.41158	0.08753	0.25802	0.01535	0.00826	0.00229	0.00434	0.01314	0.00702	0.00659
58	0.00875	0.00623	0.00824	0.00982	0.01021	0.00583	0.00651	0.00993	0.01349	0.01798	0.03850	0.71395	0.04615	0.05475	0.01030	0.00307	0.00425	0.01980	0.00651	0.00572
59	0.01590	0.02295	0.23762	0.13339	0.25210	0.04617	0.10820	0.02153	0.01600	0.02225	0.04621	0.01875	0.01286	0.00698	0.00719	0.00223	0.00965	0.00652	0.00354	0.00998
60	0.01723	0.01797	0.07706	0.10002	0.50310	0.01683	0.05965	0.05424	0.01685	0.02375	0.01432	0.01968	0.01194	0.00697	0.00721	0.00220	0.00881	0.02771	0.00374	0.01071
61	0.01558	0.01558	0.02181	0.01869	0.01869	0.02181	0.01558	0.01714	0.01091	0.01714	0.00935	0.01558	0.00935	0.01246	0.02337	0.00312	0.73672	0.00623	0.00312	0.00779
62	0.01593	0.01645	0.03134	0.24343	0.20572	0.01731	0.27795	0.02084	0.01553	0.02119	0.01332	0.01853	0.01044	0.00681	0.00859	0.00236	0.05428	0.00714	0.00342	0.00940
63	0.01745	0.02163	0.21054	0.02597	0.20833	0.04059	0.12707	0.05084	0.01717	0.08070	0.03528	0.07112	0.01625	0.00861	0.00748	0.00230	0.00901	0.03511	0.00445	0.01010
64	0.01681	0.13849	0.32958	0.07736	0.06184	0.08594	0.06944	0.04769	0.01644	0.02207	0.03405	0.01670	0.01158	0.00703	0.00657	0.00209	0.00965	0.00568	0.03132	0.00966
65	0.68307	0.05888	0.01293	0.01036	0.01479	0.08174	0.00853	0.02165	0.01300	0.02972	0.01001	0.01168	0.00793	0.00665	0.00460	0.00213	0.00631	0.00392	0.00426	0.00785
66	0.01979	0.05891	0.01914	0.01713	0.06720	0.12765	0.01260	0.07827	0.45908	0.02773	0.02325	0.02234	0.01771	0.00880	0.00695	0.00224	0.00721	0.00705	0.00619	0.01074
67	0.00868	0.00620	0.00826	0.00991	0.01033	0.00578	0.00661	0.00991	0.01363	0.01818	0.03925	0.74510	0.04710	0.02231	0.00909	0.00289	0.00413	0.02024	0.00661	0.00578
68	0.01889	0.01588	0.01677	0.01473	0.01897	0.01826	0.01156	0.11907	0.60931	0.03169	0.02748	0.02537	0.02052	0.00952	0.00723	0.00238	0.00591	0.00784	0.00723	0.01138
69	0.01953	0.16226	0.13343	0.02137	0.14262	0.06108	0.06461	0.04716	0.04541	0.10890	0.03603	0.01790	0.01317	0.00766	0.00796	0.00211	0.06856	0.00605	0.00443	0.02976
70	0.01734	0.01717	0.05526	0.10981	0.38718	0.04426	0.01899	0.02193	0.04799	0.05081	0.01607	0.01971	0.03622	0.00808	0.00951	0.00232	0.11670	0.00664	0.00392	0.01008
71	0.01428	0.03683	0.71286	0.02030	0.03082	0.01654	0.02631	0.02255	0.01503	0.02255	0.01278	0.01503	0.00902	0.00677	0.00677	0.00226	0.01052	0.00526	0.00301	0.01052
72	0.01591	0.01450	0.02512	0.28324	0.31952	0.01544	0.08386	0.02027	0.01553	0.04347	0.01533	0.05135	0.01273	0.00747	0.00720	0.00225	0.00866	0.00720	0.04148	0.00947
73	0.01793	0.05415	0.10002	0.06134	0.45618	0.03381	0.01988	0.03980	0.04671	0.05235	0.01540	0.04333	0.01284	0.00730	0.00697	0.00215	0.00839	0.00667	0.00403	0.01075
74	0.01042	0.00794	0.01167	0.01153	0.01267	0.00935	0.00891	0.01276	0.01135	0.01638	0.01885	0.02860	0.01794	0.09558	0.64710	0.01079	0.05031	0.00774	0.00382	0.00629
75	0.00875	0.00625	0.00832	0.00987	0.01034	0.00583	0.00662	0.01009	0.01396	0.01869	0.07222	0.71066	0.04810	0.02192	0.00905	0.00286	0.00409	0.01988	0.00667	0.00583
76	0.02454	0.20020	0.02413	0.04756	0.02212	0.45895	0.01348	0.05803	0.01923	0.05311	0.01196	0.01355	0.00974	0.00717	0.00609	0.00182	0.01089	0.00470	0.00392	0.00882
77	0.01939	0.01845	0.08630	0.06197	0.48985	0.01691	0.02031	0.09733	0.01832	0.08040	0.01491	0.01792	0.01162	0.00686	0.00704	0.00215	0.00842	0.00632	0.00430	0.01125
78	0.00899	0.00656	0.00846	0.00940	0.01033	0.00603	0.00651	0.01080	0.01548	0.02080	0.20305	0.50783	0.11948	0.01999	0.00885	0.00268	0.00389	0.01792	0.00691	0.00603
79	0.01350	0.00928	0.01066	0.00981	0.01263	0.00882	0.00760	0.04631	0.09686	0.10260	0.20255	0.07716	0.31969	0.01501	0.00816	0.00238	0.00438	0.03761	0.00724	0.00776
80	0.06632	0.05228	0.13039	0.10138	0.30916	0.06494	0.04284	0.04473	0.01673	0.08422	0.01416	0.01703	0.01087	0.00684	0.00676	0.00214	0.00886	0.00594	0.00404	0.01034
81	0.01479	0.01376	0.02320	0.42245	0.17675	0.01549	0.07125	0.05158	0.01599	0.02131	0.04089	0.07051	0.01488	0.00828	0.00739	0.00234	0.00880	0.00772	0.00389	0.00875
82	0.02663	0.03298	0.02026	0.01821	0.02202	0.67353	0.01374	0.07294	0.02109	0.01930	0.01142	0.01313	0.00937	0.00742	0.00647	0.00186	0.01250	0.00471	0.00390	0.00852
83	0.01523	0.01226	0.04250	0.01163	0.01499	0.01179	0.00957	0.10980	0.12963	0.07682	0.23942	0.04226	0.19636	0.01294	0.00855	0.00233	0.03760	0.01070	0.00700	0.00862
84	0.01933	0.01688	0.05082	0.22043	0.13323	0.04669	0.13524	0.11049	0.01864	0.11570	0.01694	0.05376	0.01320	0.00795	0.00740	0.00228	0.00904	0.00738	0.00476	0.00985
85	0.02121	0.11390	0.02487	0.08874	0.17161	0.28708	0.05425	0.04109	0.03876	0.04457	0.01528	0.01760	0.03583	0.00742	0.00665	0.00200	0.00997	0.00588	0.00400	0.00931
86	0.01750	0.00854	0.01145	0.01075	0.01319	0.00766	0.00798	0.01951	0.01682	0.27503	0.11504	0.37347	0.03800	0.03853	0.00912	0.00268	0.00483	0.01421	0.00750	0.00819
87	0.04464	0.04293	0.02806	0.15569	0.50723	0.01717	0.05907	0.02125	0.01571	0.02246	0.01308	0.01750	0.01075	0.00645	0.00696	0.00216	0.00870	0.00628	0.00348	0.01041
88	0.06914	0.01783	0.01944	0.01519	0.02062	0.01935	0.01248	0.47328	0.09421	0.15548	0.01972	0.01893	0.01374	0.00860	0.00699	0.00218	0.00719	0.00656	0.00727	0.01179
89	0.01207	0.00619	0.00919	0.00933	0.00936	0.00615	0.00622	0.00933	0.00963	0.01284	0.01453	0.07993	0.01517	0.02454	0.02632	0.72919	0.00602	0.00732	0.00338	0.00331
90	0.01797	0.50318	0.21114	0.01540	0.02268	0.02441	0.05227	0.04502	0.01541	0.01957	0.01114	0.01298	0.00930	0.00635	0.00543	0.00178	0.00861	0.00452	0.00321	0.00963
91	0.01039	0.04783	0.01086	0.01045	0.01163	0.00806	0.00766	0.03203	0.01503	0.02009	0.10674	0.47201	0.04311	0.05305	0.04551	0.00337	0.00547	0.08409	0.00632	0.00631
92	0.01739	0.34225	0.28986	0.03173	0.02507	0.02201	0.05986	0.06121	0.04969	0.02164	0.01270	0.01452	0.01001	0.00668	0.00597	0.00195	0.00894	0.00506	0.00352	0.00994
93	0.01695	0.29600	0.36879	0.01807	0.02629	0.06206	0.07681	0.02247	0.01528	0.02016	0.01177	0.01395	0.00923	0.00649	0.00609	0.00198	0.00973	0.00496	0.00311	0.00981

[dist]
# distance from previous block
# <min> <max>
0	3

[block]
# block no. 2 follows, 29 sequences, length 15
# corresponding to MSA columns:
# 141-155
name=unknown_C
#
# <colnr> <probs for GDERKNQSTAVLIFYWHMCP>
#	G	D	E	R	K	N	Q	S	T	A	V	L	I	F	Y	W	H	M	C	P
0	0.01637	0.23772	0.44147	0.01710	0.02577	0.01939	0.02044	0.02301	0.04162	0.04408	0.01310	0.01476	0.00990	0.00669	0.00611	0.00200	0.00914	0.00498	0.00343	0.04291
1	0.01727	0.35186	0.37971	0.01633	0.02465	0.02136	0.01928	0.02262	0.01505	0.05479	0.01228	0.01391	0.00951	0.00657	0.00582	0.00193	0.00901	0.00472	0.00332	0.00999
2	0.01041	0.00751	0.00939	0.01031	0.01125	0.00732	0.00709	0.07077	0.01537	0.02044	0.03759	0.62547	0.06488	0.05331	0.01010	0.00299	0.00457	0.01838	0.00655	0.00630
3	0.01485	0.06120	0.04287	0.12799	0.06194	0.03112	0.21350	0.06326	0.01638	0.02153	0.02225	0.19016	0.04673	0.04271	0.00908	0.00260	0.00848	0.01048	0.00457	0.00831
4	0.01720	0.31390	0.36376	0.01692	0.02470	0.07955	0.01933	0.02233	0.01506	0.01964	0.01137	0.01347	0.00909	0.00680	0.00660	0.00197	0.04086	0.00468	0.00308	0.00968
5	0.00878	0.00650	0.00821	0.00931	0.01023	0.00593	0.00640	0.01036	0.01483	0.01952	0.11847	0.54477	0.16930	0.02067	0.00889	0.00273	0.00395	0.01847	0.00675	0.00593
6	0.01667	0.02015	0.07781	0.02949	0.03687	0.01793	0.64462	0.02280	0.01671	0.02280	0.01432	0.01898	0.01071	0.00604	0.00832	0.00239	0.01193	0.00824	0.00357	0.00965
7	0.02044	0.19188	0.06581	0.05154	0.14817	0.13383	0.15983	0.04518	0.01736	0.08045	0.01374	0.01622	0.01072	0.00671	0.00666	0.00202	0.00966	0.00593	0.00398	0.00986
8	0.01621	0.01461	0.07705	0.05666	0.07809	0.01349	0.10820	0.08483	0.04590	0.08324	0.01847	0.02482	0.01554	0.09987	0.22483	0.00551	0.01182	0.00751	0.00463	0.00874
9	0.00864	0.00722	0.00752	0.00745	0.00975	0.00611	0.00558	0.01065	0.01675	0.02047	0.15572	0.06649	0.61809	0.01757	0.00841	0.00238	0.00357	0.01474	0.00678	0.00611
10	0.00887	0.00650	0.00839	0.00982	0.01060	0.00601	0.00685	0.01035	0.01420	0.01858	0.04344	0.60127	0.13266	0.02153	0.00906	0.00286	0.00426	0.07225	0.00661	0.00588
11	0.09522	0.08066	0.16062	0.02200	0.18211	0.10657	0.01670	0.09250	0.01823	0.10322	0.01701	0.01837	0.04130	0.00759	0.00654	0.00209	0.00853	0.00595	0.00460	0.01018
12	0.05309	0.10413	0.04225	0.02144	0.12150	0.22647	0.12392	0.04810	0.01707	0.02074	0.01447	0.02092	0.01291	0.07091	0.04279	0.00290	0.01045	0.03333	0.00390	0.00872
13	0.01779	0.05193	0.01877	0.04570	0.03856	0.05216	0.04154	0.14599	0.22994	0.02762	0.04418	0.05981	0.05809	0.01126	0.00834	0.00243	0.04126	0.08898	0.00608	0.00958
14	0.07712	0.04105	0.03559	0.01806	0.10601	0.06466	0.01312	0.23883	0.10418	0.05011	0.12320	0.02313	0.02107	0.00919	0.00776	0.00220	0.04137	0.00720	0.00599	0.01015

[dist]
# distance from previous block
# <min> <max>
3	8

[block]
# block no. 3 follows, 29 sequences, length 14
# corresponding to MSA columns:
# 164-177
name=unknown_D
#
# <colnr> <probs for GDERKNQSTAVLIFYWHMCP>
#	G	D	E	R	K	N	Q	S	T	A	V	L	I	F	Y	W	H	M	C	P
0	0.07459	0.01890	0.02689	0.10030	0.29357	0.11305	0.14463	0.07248	0.01761	0.02398	0.01410	0.04160	0.01175	0.00722	0.00712	0.00219	0.00944	0.00680	0.00397	0.00983
1	0.14707	0.01657	0.02192	0.17236	0.21629	0.08087	0.06118	0.05920	0.03718	0.04289	0.01543	0.02174	0.01288	0.00792	0.00689	0.00228	0.00850	0.05524	0.00430	0.00931
2	0.06846	0.01414	0.02233	0.43247	0.22928	0.01629	0.01887	0.02096	0.06823	0.02147	0.01397	0.01870	0.01084	0.00707	0.00692	0.00229	0.00863	0.00630	0.00367	0.00911
3	0.08966	0.01556	0.02144	0.45109	0.14531	0.06981	0.01807	0.06719	0.01618	0.02213	0.01271	0.01748	0.00977	0.00707	0.00680	0.00226	0.00909	0.00597	0.00366	0.00875
4	0.02006	0.02212	0.06848	0.06983	0.25733	0.17385	0.12435	0.10892	0.01908	0.02409	0.01370	0.01753	0.01104	0.02896	0.00799	0.00227	0.01006	0.00635	0.00401	0.01000
5	0.07923	0.01602	0.02526	0.16448	0.47143	0.01697	0.01957	0.05988	0.03588	0.02446	0.01365	0.01762	0.01102	0.00673	0.00686	0.00218	0.00830	0.00620	0.00384	0.01043
6	0.01459	0.01386	0.01986	0.27391	0.21931	0.05541	0.01611	0.01937	0.05707	0.02154	0.09897	0.06123	0.08005	0.00960	0.00742	0.00228	0.00770	0.00850	0.00454	0.00867
7	0.01619	0.01542	0.02667	0.08656	0.49594	0.01549	0.08087	0.02024	0.01595	0.02250	0.06092	0.02248	0.01601	0.06316	0.00948	0.00253	0.00840	0.00728	0.00386	0.01004
8	0.17265	0.13306	0.05833	0.01978	0.09354	0.05992	0.17768	0.02189	0.03412	0.04484	0.07835	0.04386	0.01680	0.00783	0.00662	0.00215	0.00821	0.00696	0.00440	0.00901
9	0.01175	0.00938	0.00896	0.00892	0.00929	0.07363	0.00537	0.01201	0.01152	0.01448	0.02264	0.09628	0.02593	0.62527	0.03140	0.00613	0.00725	0.01056	0.00443	0.00479
10	0.01730	0.08527	0.02528	0.10494	0.39849	0.05939	0.01770	0.05513	0.01754	0.02364	0.10900	0.02183	0.01860	0.00772	0.00698	0.00209	0.00801	0.00691	0.00424	0.00995
11	0.01484	0.07226	0.60516	0.02017	0.02996	0.01729	0.06333	0.02322	0.04708	0.02260	0.01349	0.01563	0.00973	0.00682	0.00677	0.00223	0.01023	0.00550	0.00324	0.01043
12	0.07866	0.11792	0.19397	0.06440	0.13601	0.07225	0.06224	0.02234	0.05528	0.03647	0.01599	0.08423	0.01395	0.00828	0.00670	0.00218	0.00865	0.00697	0.00402	0.00948
13	0.01271	0.01100	0.01538	0.01732	0.15481	0.01029	0.04509	0.06196	0.01718	0.02276	0.07970	0.15676	0.27768	0.01382	0.00790	0.00229	0.00554	0.01216	0.00574	0.06991

[dist]
# distance from previous block
# <min> <max>
2	7

[block]
# block no. 4 follows, 29 sequences, length 27
# corresponding to MSA columns:
# 185-211
name=unknown_E
#
# <colnr> <probs for GDERKNQSTAVLIFYWHMCP>
#	G	D	E	R	K	N	Q	S	T	A	V	L	I	F	Y	W	H	M	C	P
0	0.05058	0.01264	0.01352	0.01198	0.01485	0.06138	0.00933	0.08163	0.11424	0.09028	0.27931	0.07263	0.08676	0.01245	0.00868	0.00232	0.05185	0.01021	0.00688	0.00847
1	0.06952	0.01488	0.04463	0.01868	0.11637	0.01432	0.06858	0.17866	0.02133	0.13306	0.14773	0.06209	0.02575	0.01021	0.00751	0.00229	0.00688	0.04134	0.00633	0.00986
2	0.01968	0.62304	0.06634	0.01292	0.01901	0.05153	0.01277	0.02307	0.04575	0.05280	0.01186	0.01298	0.01014	0.00647	0.00499	0.00164	0.00777	0.00427	0.00355	0.00942
3	0.01479	0.01448	0.02127	0.20761	0.02649	0.01970	0.01642	0.01724	0.01181	0.01739	0.01062	0.01698	0.00973	0.01271	0.04738	0.00326	0.51488	0.00631	0.00316	0.00776
4	0.01476	0.01319	0.02183	0.59546	0.10314	0.01606	0.01928	0.01917	0.01447	0.04883	0.01318	0.01888	0.00999	0.00747	0.00815	0.00239	0.05556	0.00636	0.00344	0.00838
5	0.01018	0.00758	0.01121	0.01121	0.01240	0.00877	0.00861	0.01257	0.01137	0.01636	0.01929	0.02916	0.01832	0.09774	0.67790	0.01115	0.01830	0.00780	0.00385	0.00623
6	0.01910	0.01328	0.01814	0.01423	0.05080	0.01079	0.06636	0.02246	0.01632	0.18445	0.01646	0.01750	0.01226	0.00622	0.00606	0.00149	0.00618	0.00536	0.00521	0.50732
7	0.69920	0.01391	0.01148	0.00997	0.01453	0.01578	0.00821	0.05235	0.01380	0.09035	0.01179	0.01290	0.00876	0.00689	0.00477	0.00220	0.00566	0.00425	0.00491	0.00829
8	0.00868	0.00620	0.00826	0.00991	0.01033	0.00578	0.00661	0.00991	0.01363	0.01818	0.03925	0.74510	0.04710	0.02231	0.00909	0.00289	0.00413	0.02024	0.00661	0.00578
9	0.01771	0.01530	0.01610	0.01449	0.01852	0.01771	0.01127	0.03784	0.69247	0.02979	0.02898	0.02657	0.02174	0.00966	0.00725	0.00242	0.00564	0.00805	0.00725	0.01127
10	0.01477	0.01266	0.01477	0.01055	0.01687	0.00949	0.00844	0.01793	0.01477	0.02320	0.01266	0.01477	0.01055	0.00527	0.00527	0.00105	0.00527	0.00422	0.00422	0.79328
11	0.80005	0.01377	0.01047	0.00936	0.01377	0.01597	0.00771	0.02093	0.01212	0.03195	0.00991	0.01157	0.00771	0.00661	0.00441	0.00220	0.00551	0.00386	0.00441	0.00771
12	0.00868	0.00620	0.00826	0.00991	0.01033	0.00578	0.00661	0.00991	0.01363	0.01818	0.03925	0.74510	0.04710	0.02231	0.00909	0.00289	0.00413	0.02024	0.00661	0.00578
13	0.03195	0.01212	0.01652	0.01267	0.01818	0.01047	0.01047	0.03470	0.02038	0.71026	0.02809	0.02424	0.01763	0.00881	0.00716	0.00220	0.00606	0.00716	0.00881	0.01212
14	0.01477	0.01266	0.01477	0.01055	0.01687	0.00949	0.00844	0.01793	0.01477	0.02320	0.01266	0.01477	0.01055	0.00527	0.00527	0.00105	0.00527	0.00422	0.00422	0.79328
15	0.01008	0.00728	0.00952	0.00896	0.01064	0.00672	0.00672	0.01344	0.02016	0.02855	0.70158	0.05319	0.06719	0.01456	0.00840	0.00224	0.00336	0.01288	0.00784	0.00672
16	0.69089	0.11724	0.01422	0.00976	0.01440	0.01768	0.00834	0.02099	0.01245	0.02982	0.00991	0.01155	0.00791	0.00654	0.00443	0.00211	0.00580	0.00385	0.00422	0.00791
17	0.01327	0.00749	0.01011	0.01073	0.01221	0.00689	0.00779	0.01498	0.01515	0.14706	0.03703	0.54733	0.04103	0.01955	0.00880	0.00280	0.00472	0.07901	0.00701	0.00703
18	0.02707	0.01995	0.02137	0.01638	0.02208	0.02208	0.01353	0.68159	0.03348	0.04488	0.01710	0.01710	0.01211	0.00855	0.00712	0.00214	0.00784	0.00641	0.00712	0.01211
19	0.01904	0.75404	0.03731	0.01218	0.01828	0.02818	0.01218	0.02132	0.01447	0.01675	0.00990	0.01142	0.00914	0.00609	0.00457	0.00152	0.00761	0.00381	0.00305	0.00914
20	0.01428	0.03683	0.71286	0.02030	0.03082	0.01654	0.02631	0.02255	0.01503	0.02255	0.01278	0.01503	0.00902	0.00677	0.00677	0.00226	0.01052	0.00526	0.00301	0.01052
21	0.01428	0.03683	0.71286	0.02030	0.03082	0.01654	0.02631	0.02255	0.01503	0.02255	0.01278	0.01503	0.00902	0.00677	0.00677	0.00226	0.01052	0.00526	0.00301	0.01052
22	0.01781	0.26875	0.38533	0.01704	0.02537	0.02120	0.01972	0.12377	0.01769	0.02410	0.01250	0.01417	0.00954	0.00682	0.00610	0.00200	0.00916	0.00496	0.00365	0.01032
23	0.02707	0.01995	0.02137	0.01638	0.02208	0.02208	0.01353	0.68159	0.03348	0.04488	0.01710	0.01710	0.01211	0.00855	0.00712	0.00214	0.00784	0.00641	0.00712	0.01211
24	0.02296	0.19452	0.14588	0.01608	0.02272	0.02254	0.01545	0.41211	0.02581	0.03440	0.01466	0.01541	0.01088	0.00766	0.00646	0.00201	0.00825	0.00560	0.00545	0.01114
25	0.06167	0.23729	0.36108	0.01632	0.02427	0.01990	0.01871	0.09168	0.01700	0.04639	0.03552	0.01558	0.01151	0.00708	0.00611	0.00203	0.00874	0.00520	0.00388	0.01006
26	0.01428	0.06256	0.65671	0.01949	0.02947	0.01655	0.02492	0.02211	0.01524	0.02259	0.04274	0.01656	0.01156	0.00708	0.00675	0.00223	0.01010	0.00554	0.00322	0.01031

[dist]
# distance from previous block
# <min> <max>
0	8

# created by:
# /home/berkeley/.conda/envs/busco_data_prod/bin/msa2prfl.pl pipeline/OGs_align_augustus/4893/41058.fs
