[name]
unknown

[dist]
# distance from previous block
# <min> <max>
0	42

[block]
# block no. 0 follows, 34 sequences, length 38
# corresponding to MSA columns:
# 42-79
name=unknown_A
#
# <colnr> <probs for GDERKNQSTAVLIFYWHMCP>
#	G	D	E	R	K	N	Q	S	T	A	V	L	I	F	Y	W	H	M	C	P
0	0.07818	0.03692	0.03524	0.01384	0.05929	0.08868	0.01050	0.16708	0.06434	0.08643	0.03971	0.12969	0.03982	0.01395	0.07980	0.00290	0.00750	0.03255	0.00530	0.00829
1	0.18787	0.05174	0.10859	0.01315	0.03599	0.07070	0.03308	0.09963	0.08587	0.05705	0.02095	0.08046	0.08793	0.00878	0.00600	0.00201	0.00644	0.00695	0.00477	0.03202
2	0.04443	0.03857	0.04624	0.05183	0.03782	0.16013	0.01072	0.06964	0.10113	0.09000	0.02508	0.04986	0.13079	0.01087	0.03380	0.00228	0.00723	0.03233	0.00499	0.05227
3	0.03998	0.06833	0.06923	0.07382	0.01893	0.07912	0.02878	0.11346	0.05770	0.12314	0.05174	0.08528	0.10654	0.00961	0.00685	0.00202	0.02469	0.00778	0.00520	0.02781
4	0.10096	0.13100	0.05749	0.01339	0.04460	0.13275	0.01098	0.11138	0.05373	0.09271	0.04648	0.03786	0.06450	0.01041	0.04356	0.00233	0.00747	0.02528	0.00479	0.00835
5	0.13668	0.03498	0.01500	0.01329	0.03362	0.16168	0.05035	0.04122	0.06663	0.06910	0.03145	0.12041	0.01755	0.04341	0.03113	0.05923	0.02809	0.03441	0.00458	0.00720
6	0.18993	0.04221	0.10308	0.01370	0.01837	0.07570	0.02887	0.21370	0.08742	0.05096	0.01636	0.01711	0.04679	0.00776	0.00691	0.00203	0.05976	0.00559	0.00482	0.00891
7	0.04282	0.12671	0.02022	0.01499	0.01892	0.34875	0.04965	0.10514	0.11853	0.02123	0.03656	0.04103	0.01314	0.00752	0.00596	0.00182	0.00876	0.00560	0.00431	0.00833
8	0.12916	0.24588	0.20657	0.07427	0.02096	0.03941	0.01391	0.08354	0.01446	0.02100	0.01137	0.01463	0.00946	0.05979	0.00713	0.00209	0.00751	0.00466	0.00341	0.03078
9	0.01904	0.03952	0.08012	0.01576	0.02057	0.08646	0.10649	0.19090	0.20447	0.08525	0.01920	0.07064	0.01519	0.00830	0.00662	0.00206	0.00737	0.00707	0.00543	0.00954
10	0.01200	0.01133	0.01385	0.01289	0.01485	0.10690	0.10398	0.04241	0.01452	0.01816	0.02863	0.43675	0.05118	0.03370	0.00840	0.00251	0.00616	0.07028	0.00523	0.00630
11	0.00899	0.00707	0.00859	0.04614	0.01167	0.00655	0.00687	0.01116	0.01477	0.01899	0.17319	0.07864	0.33767	0.07767	0.00984	0.00262	0.00432	0.14057	0.00580	0.02889
12	0.01989	0.01656	0.05646	0.01386	0.01849	0.01707	0.01161	0.40608	0.21330	0.03306	0.01920	0.05661	0.01510	0.03051	0.00726	0.00213	0.00641	0.00682	0.00608	0.04350
13	0.00831	0.00586	0.00742	0.00837	0.00891	0.00548	0.00555	0.00918	0.01221	0.01609	0.06285	0.51169	0.11554	0.13200	0.01277	0.04757	0.00415	0.01554	0.00556	0.00497
14	0.04057	0.58374	0.15520	0.01257	0.01863	0.06304	0.01325	0.01989	0.01344	0.01656	0.00949	0.01101	0.00824	0.00571	0.00458	0.00153	0.00757	0.00372	0.00283	0.00843
15	0.01591	0.54150	0.25721	0.01339	0.02019	0.02222	0.01511	0.01970	0.01329	0.01687	0.00981	0.01140	0.00826	0.00572	0.00478	0.00159	0.00775	0.00387	0.00275	0.00869
16	0.00949	0.00724	0.01061	0.01047	0.01148	0.00854	0.00808	0.01158	0.01029	0.01484	0.01709	0.02607	0.01631	0.10035	0.65745	0.00970	0.05421	0.00704	0.00346	0.00570
17	0.00810	0.00632	0.00740	0.00795	0.00942	0.00562	0.00584	0.00983	0.01435	0.01820	0.12374	0.29183	0.37782	0.01741	0.00794	0.00238	0.00362	0.07061	0.00611	0.00550
18	0.01935	0.04144	0.01935	0.22380	0.07622	0.28174	0.01416	0.15089	0.05444	0.02163	0.01362	0.01595	0.02553	0.00704	0.00619	0.00190	0.00903	0.00537	0.00399	0.00837
19	0.01799	0.02152	0.08402	0.06686	0.29215	0.24204	0.07932	0.02282	0.07386	0.01961	0.01265	0.01531	0.01012	0.00633	0.00633	0.00191	0.00920	0.00548	0.00347	0.00902
20	0.01644	0.01240	0.07888	0.01138	0.01526	0.01075	0.00990	0.04847	0.18825	0.19953	0.09134	0.03430	0.15868	0.01263	0.04450	0.00256	0.00582	0.04394	0.00631	0.00866
21	0.00808	0.00575	0.00756	0.00879	0.00923	0.00539	0.00586	0.00929	0.01265	0.01699	0.09168	0.65849	0.04289	0.07237	0.00992	0.00283	0.00387	0.01719	0.00594	0.00522
22	0.01566	0.07462	0.01539	0.01002	0.01565	0.01036	0.00824	0.03354	0.01431	0.09900	0.01289	0.01413	0.01020	0.00526	0.00496	0.00113	0.00509	0.00413	0.00425	0.64118
23	0.01443	0.01558	0.16779	0.03146	0.01824	0.01197	0.03514	0.18923	0.01780	0.04849	0.02485	0.25789	0.05137	0.01250	0.00727	0.00230	0.00642	0.07392	0.00532	0.00803
24	0.01437	0.01477	0.02106	0.01759	0.01861	0.05531	0.09397	0.01633	0.01098	0.01611	0.00982	0.01532	0.00926	0.01346	0.07867	0.00332	0.57501	0.00591	0.00296	0.00717
25	0.00929	0.00665	0.00848	0.00937	0.01017	0.00647	0.00651	0.05853	0.01390	0.01862	0.07149	0.61224	0.04032	0.05729	0.00937	0.00274	0.00416	0.04275	0.00598	0.00566
26	0.01480	0.06569	0.15568	0.02418	0.12590	0.04094	0.33573	0.01950	0.01435	0.01961	0.01364	0.06835	0.01166	0.00704	0.00777	0.00212	0.05395	0.00713	0.00330	0.00867
27	0.01750	0.01769	0.08928	0.13901	0.26511	0.07623	0.08612	0.07886	0.06575	0.08005	0.01426	0.01676	0.01079	0.00650	0.00648	0.00200	0.00824	0.00589	0.00402	0.00944
28	0.00965	0.07017	0.01062	0.00929	0.01088	0.00791	0.00690	0.01184	0.03717	0.01758	0.06741	0.42238	0.09132	0.04744	0.04624	0.00288	0.00499	0.05760	0.00544	0.06228
29	0.01056	0.06112	0.01027	0.00861	0.01001	0.00837	0.00612	0.06823	0.01421	0.01881	0.14383	0.23309	0.10995	0.25029	0.01529	0.00347	0.00486	0.01190	0.00535	0.00568
30	0.01357	0.01267	0.01582	0.03613	0.01740	0.12164	0.12488	0.03395	0.04243	0.04522	0.03861	0.33038	0.02797	0.01367	0.00762	0.00237	0.00675	0.09688	0.00517	0.00688
31	0.04635	0.34697	0.25762	0.01462	0.02111	0.04789	0.07680	0.01924	0.01374	0.01813	0.01488	0.01637	0.06779	0.00667	0.00545	0.00177	0.00793	0.00512	0.00313	0.00842
32	0.01992	0.07601	0.03905	0.09295	0.06083	0.24806	0.01349	0.14131	0.08423	0.04827	0.01310	0.01495	0.01029	0.00751	0.00792	0.00197	0.10208	0.00523	0.00417	0.00866
33	0.01244	0.04313	0.01146	0.01065	0.01240	0.12713	0.00782	0.04238	0.07250	0.01804	0.03019	0.34983	0.10091	0.07095	0.03106	0.00282	0.00602	0.03867	0.00527	0.00634
34	0.01277	0.01689	0.17361	0.06894	0.13235	0.01268	0.19825	0.01731	0.01445	0.02014	0.07744	0.07531	0.07508	0.00965	0.03116	0.00235	0.00816	0.00802	0.00388	0.04159
35	0.07752	0.04943	0.13952	0.03649	0.13726	0.10657	0.04319	0.09657	0.03378	0.11818	0.01459	0.03761	0.01128	0.00690	0.00604	0.00188	0.00768	0.00559	0.00437	0.06554
36	0.08330	0.01678	0.12223	0.13380	0.04462	0.03310	0.09832	0.18136	0.01737	0.04416	0.01622	0.04836	0.03549	0.06915	0.00853	0.00238	0.00770	0.00665	0.00433	0.02615
37	0.07325	0.04083	0.10023	0.05223	0.04145	0.18052	0.02884	0.04627	0.11864	0.02052	0.01959	0.09478	0.06155	0.01103	0.04703	0.00244	0.00804	0.00710	0.00433	0.04134

[dist]
# distance from previous block
# <min> <max>
9	67

[block]
# block no. 1 follows, 34 sequences, length 49
# corresponding to MSA columns:
# 151-199
name=unknown_B
#
# <colnr> <probs for GDERKNQSTAVLIFYWHMCP>
#	G	D	E	R	K	N	Q	S	T	A	V	L	I	F	Y	W	H	M	C	P
0	0.04266	0.03671	0.07287	0.09182	0.09969	0.01400	0.06116	0.16308	0.04716	0.09116	0.03093	0.09102	0.01513	0.00941	0.02968	0.00223	0.00716	0.00703	0.00483	0.08228
1	0.06902	0.01369	0.01823	0.04358	0.01953	0.04905	0.12680	0.11930	0.05625	0.05296	0.01880	0.02495	0.05002	0.03219	0.05604	0.00271	0.06444	0.07129	0.00461	0.10653
2	0.08380	0.02578	0.01183	0.01098	0.01306	0.08011	0.00838	0.03053	0.09877	0.04288	0.06045	0.26154	0.07163	0.01552	0.05557	0.00279	0.05852	0.03519	0.00526	0.02742
3	0.09514	0.01266	0.01531	0.04044	0.04452	0.08512	0.07604	0.03748	0.01509	0.13848	0.06360	0.09326	0.10226	0.03407	0.05035	0.00266	0.03865	0.00818	0.00502	0.04166
4	0.06674	0.01438	0.04105	0.04840	0.01785	0.03482	0.01035	0.24740	0.08751	0.04994	0.02085	0.06711	0.07571	0.00968	0.02657	0.00209	0.00633	0.00687	0.00532	0.16106
5	0.01352	0.03915	0.01359	0.01212	0.05169	0.00988	0.02527	0.08336	0.03828	0.06657	0.10264	0.18059	0.08344	0.01184	0.00691	0.00202	0.00505	0.08212	0.00554	0.16642
6	0.05153	0.01622	0.06679	0.07508	0.04230	0.07512	0.02769	0.20860	0.13798	0.04066	0.04391	0.07469	0.01651	0.04880	0.00782	0.00223	0.00688	0.00705	0.00516	0.04499
7	0.05208	0.01658	0.05350	0.07882	0.02156	0.09671	0.08128	0.15266	0.07340	0.06372	0.01563	0.04917	0.01281	0.00786	0.00725	0.00196	0.05587	0.02748	0.00463	0.12703
8	0.10596	0.01464	0.01994	0.11754	0.02337	0.01577	0.12685	0.24770	0.01896	0.04510	0.01641	0.01838	0.05607	0.00755	0.00740	0.00201	0.06321	0.00618	0.00467	0.08229
9	0.05119	0.01863	0.01993	0.01692	0.06589	0.11875	0.06397	0.44684	0.02467	0.03243	0.01626	0.01720	0.04066	0.00871	0.02656	0.00216	0.00809	0.00599	0.00539	0.00977
10	0.04993	0.01582	0.01876	0.03208	0.07466	0.01736	0.03921	0.40833	0.13703	0.06286	0.01711	0.01777	0.01264	0.01021	0.05408	0.00254	0.00752	0.00614	0.00581	0.01016
11	0.06294	0.00797	0.00859	0.00814	0.00900	0.00834	0.00517	0.07035	0.04186	0.01674	0.02007	0.06549	0.02196	0.59692	0.02671	0.00531	0.00611	0.00897	0.00433	0.00503
12	0.02160	0.01614	0.01736	0.01356	0.01827	0.01752	0.01110	0.56174	0.05738	0.03669	0.05462	0.02119	0.07230	0.00864	0.00655	0.00193	0.00642	0.00672	0.00635	0.04391
13	0.12370	0.01591	0.01694	0.01324	0.01817	0.01721	0.01087	0.45756	0.07803	0.10894	0.01628	0.01607	0.01157	0.00745	0.00606	0.00191	0.00638	0.00558	0.00615	0.06197
14	0.01147	0.00704	0.01137	0.04283	0.04681	0.00708	0.04515	0.01020	0.00977	0.01308	0.01379	0.06943	0.01396	0.01973	0.02090	0.61290	0.00602	0.03136	0.00317	0.00394
15	0.02420	0.01792	0.01919	0.01479	0.01990	0.01987	0.01219	0.68230	0.05974	0.04014	0.01597	0.01588	0.01136	0.00780	0.00647	0.00195	0.00703	0.00588	0.00647	0.01096
16	0.00940	0.00626	0.00705	0.00705	0.00705	0.00626	0.00392	0.00940	0.00940	0.01253	0.02036	0.04228	0.02349	0.77292	0.03289	0.00626	0.00626	0.00940	0.00392	0.00392
17	0.02149	0.01081	0.01350	0.01123	0.01510	0.01043	0.00895	0.05250	0.16672	0.40008	0.11762	0.07859	0.04389	0.00990	0.00681	0.00209	0.00498	0.00833	0.00733	0.00965
18	0.01489	0.02031	0.17325	0.02692	0.11160	0.01597	0.49792	0.02055	0.01488	0.02070	0.01268	0.01653	0.00954	0.00562	0.00720	0.00212	0.01027	0.00686	0.00316	0.00905
19	0.81856	0.01250	0.00950	0.00850	0.01250	0.01449	0.00700	0.01899	0.01100	0.02899	0.00900	0.01050	0.00700	0.00600	0.00400	0.00200	0.00500	0.00350	0.00400	0.00700
20	0.00843	0.00589	0.00753	0.00861	0.00894	0.00564	0.00566	0.00934	0.01169	0.01555	0.03135	0.53237	0.03715	0.22695	0.01505	0.00364	0.00456	0.05130	0.00542	0.00492
21	0.00807	0.00653	0.00696	0.00687	0.00872	0.00565	0.00502	0.00979	0.01482	0.01844	0.17652	0.05780	0.54399	0.09032	0.01012	0.00256	0.00353	0.01288	0.00599	0.00541
22	0.00907	0.00651	0.00789	0.00783	0.00930	0.00588	0.00564	0.01111	0.01549	0.04007	0.34285	0.17268	0.24005	0.08442	0.01000	0.00256	0.00359	0.01301	0.00635	0.00571
23	0.81856	0.01250	0.00950	0.00850	0.01250	0.01449	0.00700	0.01899	0.01100	0.02899	0.00900	0.01050	0.00700	0.00600	0.00400	0.00200	0.00500	0.00350	0.00400	0.00700
24	0.01525	0.01743	0.03813	0.02723	0.03377	0.01634	0.70915	0.02070	0.01525	0.02070	0.01307	0.01743	0.00980	0.00545	0.00763	0.00218	0.01089	0.00763	0.00327	0.00871
25	0.00887	0.00614	0.00754	0.00814	0.00915	0.00564	0.00562	0.01039	0.01358	0.03512	0.13736	0.41119	0.16937	0.08667	0.01007	0.00272	0.00379	0.01478	0.04838	0.00546
26	0.02376	0.01770	0.01894	0.01470	0.01973	0.01966	0.01209	0.64675	0.09601	0.03942	0.01654	0.01633	0.01182	0.00785	0.00647	0.00196	0.00692	0.00596	0.00647	0.01092
27	0.00881	0.00659	0.00818	0.00778	0.00945	0.00596	0.00584	0.01155	0.01751	0.02405	0.58308	0.05133	0.20826	0.01390	0.00762	0.00207	0.00310	0.01211	0.00687	0.00596
28	0.00840	0.00659	0.00763	0.00755	0.00937	0.00581	0.00572	0.01066	0.01611	0.02095	0.33189	0.07932	0.40066	0.01529	0.00772	0.00218	0.00334	0.04864	0.00645	0.00573
29	0.00825	0.00630	0.00761	0.00812	0.00948	0.00566	0.00593	0.01011	0.01471	0.01913	0.20023	0.30532	0.29482	0.01711	0.00793	0.00236	0.00357	0.06156	0.00624	0.00556
30	0.01064	0.00674	0.00860	0.00849	0.01006	0.00611	0.00617	0.01272	0.01563	0.09622	0.31891	0.27151	0.14242	0.04488	0.00868	0.00240	0.00368	0.01340	0.00658	0.00617
31	0.00847	0.00603	0.00761	0.00863	0.00918	0.00573	0.00587	0.00956	0.01212	0.01593	0.03432	0.46969	0.09375	0.19679	0.01406	0.00348	0.00452	0.08374	0.00550	0.00502
32	0.00983	0.00708	0.00776	0.00738	0.00957	0.00622	0.00552	0.01211	0.03556	0.07276	0.15719	0.05463	0.50784	0.06670	0.00924	0.00242	0.00366	0.01234	0.00619	0.00600
33	0.00908	0.00617	0.00710	0.00734	0.00749	0.00607	0.00429	0.00933	0.01010	0.01337	0.02471	0.15888	0.05659	0.62082	0.02789	0.00551	0.00574	0.01101	0.00434	0.00419
34	0.00997	0.00647	0.00756	0.00737	0.00778	0.00634	0.00445	0.01055	0.01115	0.03752	0.13773	0.04263	0.02945	0.62325	0.02788	0.00543	0.00571	0.00968	0.00457	0.00450
35	0.00802	0.00654	0.00714	0.00739	0.00928	0.00566	0.00560	0.00983	0.01476	0.01813	0.10634	0.13176	0.55175	0.01666	0.00781	0.00229	0.00355	0.07588	0.00607	0.00552
36	0.01584	0.01520	0.02596	0.06757	0.70585	0.01531	0.01976	0.01970	0.01464	0.02093	0.01213	0.01604	0.01017	0.00578	0.00640	0.00193	0.00771	0.00576	0.00319	0.01012
37	0.00937	0.00632	0.00734	0.00731	0.00746	0.00637	0.00429	0.00967	0.00989	0.01334	0.05467	0.04149	0.02484	0.68935	0.07760	0.00632	0.00682	0.00935	0.00404	0.00414
38	0.00940	0.00626	0.00705	0.00705	0.00705	0.00626	0.00392	0.00940	0.00940	0.01253	0.02036	0.04228	0.02349	0.77292	0.03289	0.00626	0.00626	0.00940	0.00392	0.00392
39	0.00834	0.00646	0.00718	0.00713	0.00866	0.00575	0.00505	0.00997	0.01444	0.01846	0.21214	0.08949	0.40362	0.16030	0.01248	0.00295	0.00381	0.01260	0.00586	0.00530
40	0.00940	0.00626	0.00705	0.00705	0.00705	0.00626	0.00392	0.00940	0.00940	0.01253	0.02036	0.04228	0.02349	0.77292	0.03289	0.00626	0.00626	0.00940	0.00392	0.00392
41	0.07420	0.01700	0.01808	0.01414	0.01907	0.01883	0.01161	0.56823	0.09994	0.06839	0.01664	0.01636	0.01185	0.00776	0.00632	0.00197	0.00670	0.00585	0.00638	0.01066
42	0.01495	0.37625	0.41405	0.01502	0.02272	0.01988	0.01796	0.01995	0.01341	0.01804	0.01039	0.01213	0.00823	0.00586	0.00522	0.00174	0.00833	0.00417	0.00274	0.00897
43	0.39643	0.01703	0.12242	0.01192	0.01671	0.05053	0.01099	0.11740	0.07491	0.05521	0.01299	0.01429	0.00982	0.00934	0.05287	0.00254	0.00713	0.00471	0.00446	0.00831
44	0.08215	0.04718	0.01760	0.01349	0.04396	0.01497	0.03939	0.28113	0.05106	0.02888	0.01374	0.01550	0.01078	0.03086	0.00649	0.00174	0.00620	0.00510	0.00487	0.28490
45	0.02065	0.05639	0.04868	0.01430	0.04094	0.04322	0.01159	0.35450	0.09502	0.10093	0.01882	0.09917	0.01542	0.00884	0.00644	0.00197	0.00656	0.00710	0.00589	0.04356
46	0.01682	0.04478	0.07122	0.08709	0.48006	0.01637	0.04055	0.12318	0.01681	0.02343	0.01248	0.01570	0.01001	0.00612	0.00635	0.00194	0.00786	0.00568	0.00362	0.00995
47	0.01774	0.10925	0.02013	0.03626	0.06844	0.12463	0.04586	0.14440	0.15200	0.02363	0.05338	0.02031	0.01540	0.00958	0.03421	0.00229	0.06070	0.03256	0.00469	0.02455
48	0.06712	0.09741	0.08385	0.07792	0.18356	0.06687	0.01430	0.05991	0.07821	0.10109	0.01409	0.01575	0.01079	0.00670	0.00651	0.00189	0.03951	0.00526	0.00418	0.06509

[dist]
# distance from previous block
# <min> <max>
5	30

[block]
# block no. 2 follows, 34 sequences, length 11
# corresponding to MSA columns:
# 231-241
name=unknown_C
#
# <colnr> <probs for GDERKNQSTAVLIFYWHMCP>
#	G	D	E	R	K	N	Q	S	T	A	V	L	I	F	Y	W	H	M	C	P
0	0.01470	0.01320	0.01231	0.01119	0.01410	0.10473	0.00856	0.14306	0.17597	0.02342	0.03593	0.15044	0.24120	0.01249	0.00705	0.00214	0.00552	0.01035	0.00587	0.00775
1	0.04656	0.01800	0.01944	0.01866	0.13646	0.08278	0.01309	0.41961	0.12390	0.03299	0.01580	0.01631	0.01174	0.00742	0.00634	0.00195	0.00726	0.00580	0.00559	0.01032
2	0.01948	0.07149	0.05405	0.07794	0.08752	0.12164	0.01309	0.28952	0.02077	0.02700	0.01367	0.04365	0.01106	0.00716	0.00603	0.00178	0.00760	0.00557	0.00461	0.11638
3	0.01459	0.01598	0.09544	0.12331	0.08719	0.03312	0.13406	0.10849	0.01569	0.02118	0.01959	0.06495	0.09607	0.00912	0.00924	0.00223	0.13003	0.00759	0.00398	0.00814
4	0.01221	0.06313	0.01223	0.05597	0.04485	0.04506	0.00753	0.07980	0.01360	0.01729	0.02557	0.09640	0.12427	0.35378	0.01847	0.00394	0.00621	0.00936	0.00444	0.00590
5	0.00941	0.06160	0.05415	0.00928	0.01075	0.00772	0.00723	0.01093	0.01222	0.01602	0.03117	0.36822	0.09526	0.20006	0.01380	0.00337	0.00508	0.07317	0.00506	0.00548
6	0.01998	0.01479	0.01629	0.01324	0.01755	0.01586	0.01069	0.41423	0.12970	0.05760	0.02008	0.09927	0.01689	0.00942	0.00662	0.00201	0.00613	0.03805	0.00621	0.08539
7	0.02221	0.01751	0.01805	0.01546	0.05089	0.08232	0.01191	0.39598	0.20900	0.08115	0.01838	0.01789	0.01335	0.00785	0.00644	0.00198	0.00690	0.00610	0.00617	0.01045
8	0.00914	0.00715	0.00810	0.00813	0.01000	0.00654	0.00613	0.05287	0.01581	0.02016	0.15968	0.19128	0.40352	0.01617	0.00776	0.00228	0.00374	0.05944	0.00620	0.00589
9	0.00865	0.00645	0.00805	0.00881	0.01004	0.00598	0.00663	0.01052	0.01415	0.01838	0.13060	0.28834	0.22209	0.06159	0.00960	0.00273	0.00419	0.17171	0.00601	0.00550
10	0.01614	0.01631	0.02394	0.18293	0.51241	0.09766	0.01862	0.01983	0.01475	0.01958	0.01177	0.01575	0.00969	0.00600	0.00635	0.00194	0.00831	0.00557	0.00315	0.00930

[dist]
# distance from previous block
# <min> <max>
0	2

[block]
# block no. 3 follows, 34 sequences, length 6
# corresponding to MSA columns:
# 244-249
name=unknown_D
#
# <colnr> <probs for GDERKNQSTAVLIFYWHMCP>
#	G	D	E	R	K	N	Q	S	T	A	V	L	I	F	Y	W	H	M	C	P
0	0.01350	0.01264	0.02048	0.51103	0.20248	0.01477	0.01757	0.01917	0.08805	0.01869	0.01320	0.01766	0.01016	0.00654	0.00646	0.00210	0.00802	0.00591	0.00334	0.00821
1	0.40795	0.01394	0.01725	0.09430	0.09741	0.01582	0.08245	0.09172	0.01398	0.02600	0.01066	0.01337	0.00836	0.00663	0.00670	0.00209	0.07468	0.00484	0.00387	0.00797
2	0.45840	0.08601	0.01505	0.07903	0.05355	0.08979	0.00986	0.02097	0.01316	0.10583	0.01137	0.01280	0.00859	0.00628	0.00483	0.00192	0.00638	0.00422	0.00413	0.00781
3	0.01815	0.09598	0.08719	0.02448	0.28562	0.18684	0.04237	0.09135	0.01715	0.02153	0.05874	0.01634	0.01280	0.00666	0.00615	0.00184	0.00846	0.00554	0.00374	0.00909
4	0.01770	0.16282	0.25001	0.01569	0.02172	0.13290	0.04670	0.15852	0.04031	0.02277	0.01376	0.06318	0.01150	0.00741	0.00601	0.00189	0.00845	0.00575	0.00394	0.00898
5	0.11785	0.01553	0.10499	0.04251	0.01947	0.04755	0.10217	0.05365	0.01535	0.08712	0.15870	0.02318	0.04204	0.00890	0.00892	0.00216	0.13032	0.00701	0.00466	0.00791

[dist]
# distance from previous block
# <min> <max>
4	18

[block]
# block no. 4 follows, 34 sequences, length 47
# corresponding to MSA columns:
# 268-314
name=unknown_E
#
# <colnr> <probs for GDERKNQSTAVLIFYWHMCP>
#	G	D	E	R	K	N	Q	S	T	A	V	L	I	F	Y	W	H	M	C	P
0	0.05563	0.18921	0.31059	0.01634	0.02283	0.13911	0.06125	0.06342	0.01514	0.02001	0.01084	0.01284	0.00846	0.00638	0.00635	0.00188	0.04321	0.00461	0.00317	0.00874
1	0.03695	0.14756	0.01909	0.01360	0.01731	0.30840	0.01080	0.16269	0.01868	0.06215	0.01467	0.07828	0.01319	0.05985	0.00772	0.00209	0.00842	0.00605	0.00442	0.00810
2	0.04294	0.04355	0.52525	0.06730	0.02655	0.01468	0.04349	0.01922	0.01331	0.01998	0.01242	0.01645	0.00964	0.00844	0.03737	0.00242	0.03629	0.02960	0.00298	0.02811
3	0.04333	0.01427	0.02211	0.29243	0.14194	0.05959	0.12981	0.03980	0.01429	0.01945	0.01334	0.01999	0.01117	0.00739	0.00784	0.00216	0.07146	0.04976	0.03195	0.00791
4	0.01685	0.01290	0.01438	0.01232	0.01534	0.01435	0.00957	0.29396	0.17287	0.02825	0.05507	0.12003	0.02108	0.10924	0.04025	0.00301	0.03755	0.00854	0.00586	0.00857
5	0.01532	0.01397	0.02085	0.27261	0.04463	0.04184	0.14622	0.15312	0.04972	0.02321	0.04826	0.04827	0.05977	0.00806	0.00681	0.00209	0.00781	0.00735	0.02190	0.00818
6	0.01336	0.01698	0.12134	0.04915	0.02799	0.01414	0.43137	0.01809	0.01444	0.01960	0.02015	0.08469	0.08960	0.00823	0.00801	0.00223	0.04026	0.00865	0.00369	0.00806
7	0.00811	0.00664	0.00720	0.00756	0.00930	0.00591	0.00547	0.01040	0.04793	0.01764	0.05512	0.26067	0.50108	0.01710	0.00776	0.00231	0.00350	0.01467	0.00603	0.00562
8	0.02211	0.20895	0.02160	0.01508	0.04774	0.38178	0.01174	0.05538	0.01732	0.11030	0.01430	0.01504	0.03824	0.00695	0.00563	0.00168	0.00899	0.00481	0.00404	0.00833
9	0.01932	0.08688	0.01794	0.01538	0.08155	0.11073	0.01120	0.15024	0.19443	0.11337	0.02041	0.11486	0.01723	0.00912	0.00642	0.00201	0.00660	0.00745	0.00557	0.00928
10	0.00764	0.00655	0.00655	0.00655	0.00873	0.00545	0.00491	0.00927	0.01473	0.01745	0.06546	0.06218	0.73000	0.01636	0.00764	0.00218	0.00327	0.01364	0.00600	0.00545
11	0.00787	0.00562	0.00750	0.00900	0.00937	0.00525	0.00600	0.00900	0.01237	0.01649	0.03561	0.76871	0.04274	0.02024	0.00825	0.00262	0.00375	0.01837	0.00600	0.00525
12	0.01379	0.06793	0.62992	0.01855	0.02745	0.04672	0.06677	0.02065	0.01392	0.02003	0.01150	0.01364	0.00830	0.00609	0.00613	0.00201	0.00960	0.00487	0.00279	0.00935
13	0.01587	0.01522	0.02600	0.06367	0.70960	0.01532	0.01977	0.01972	0.01465	0.02096	0.01213	0.01603	0.01018	0.00578	0.00640	0.00193	0.00771	0.00576	0.00319	0.01013
14	0.01581	0.01361	0.01439	0.01296	0.01654	0.01570	0.01007	0.03351	0.69473	0.02699	0.05252	0.02501	0.02126	0.00893	0.00661	0.00219	0.00504	0.00747	0.00659	0.01007
15	0.01061	0.00781	0.01095	0.01057	0.01207	0.00898	0.00828	0.06927	0.01216	0.01749	0.01732	0.02452	0.01574	0.04342	0.65559	0.00932	0.01588	0.00679	0.03704	0.00621
16	0.00923	0.00692	0.01038	0.01038	0.01154	0.00808	0.00808	0.01154	0.01038	0.01500	0.01731	0.02538	0.01615	0.04846	0.74732	0.01038	0.01731	0.00692	0.00346	0.00577
17	0.02123	0.31554	0.02413	0.01438	0.01857	0.44512	0.01186	0.02364	0.04125	0.01598	0.01018	0.01160	0.00872	0.00630	0.00521	0.00158	0.00961	0.00400	0.00323	0.00789
18	0.00957	0.00705	0.00901	0.00844	0.01009	0.00671	0.00635	0.01356	0.06162	0.02598	0.68586	0.04678	0.05842	0.01294	0.00756	0.00204	0.00318	0.01142	0.00708	0.00635
19	0.01815	0.36395	0.20553	0.01406	0.02014	0.12619	0.01443	0.06449	0.04769	0.05334	0.01177	0.01288	0.00933	0.00625	0.00526	0.00169	0.00812	0.00436	0.00349	0.00887
20	0.01601	0.01260	0.01378	0.01230	0.01569	0.01410	0.00956	0.06116	0.52512	0.07085	0.11699	0.05836	0.02540	0.00973	0.00677	0.00217	0.00490	0.00822	0.00670	0.00956
21	0.01433	0.06117	0.02066	0.01660	0.01694	0.02015	0.01395	0.01578	0.01009	0.01553	0.00851	0.01390	0.00847	0.01095	0.02015	0.00274	0.71458	0.00552	0.00282	0.00714
22	0.01822	0.04939	0.03808	0.04781	0.10926	0.01410	0.04518	0.20870	0.01882	0.09361	0.01620	0.01736	0.04034	0.00668	0.00594	0.00165	0.00647	0.00555	0.00481	0.25184
23	0.02127	0.01374	0.01623	0.01232	0.01731	0.01338	0.01010	0.25246	0.02019	0.21524	0.01632	0.01641	0.01166	0.00704	0.00685	0.00168	0.05431	0.00531	0.00574	0.28245
24	0.01296	0.03342	0.73944	0.01842	0.02797	0.01501	0.02387	0.02046	0.01364	0.02046	0.01160	0.01364	0.00818	0.00614	0.00614	0.00205	0.00955	0.00477	0.00273	0.00955
25	0.02397	0.01780	0.01906	0.01475	0.01981	0.01976	0.01214	0.66386	0.07856	0.03977	0.01627	0.01611	0.01160	0.00783	0.00647	0.00196	0.00697	0.00592	0.00647	0.01094
26	0.00787	0.00562	0.00750	0.00900	0.00937	0.00525	0.00600	0.00900	0.01237	0.01649	0.03561	0.76871	0.04274	0.02024	0.00825	0.00262	0.00375	0.01837	0.00600	0.00525
27	0.01727	0.77681	0.03386	0.01106	0.01658	0.02557	0.01106	0.01935	0.01313	0.01520	0.00898	0.01036	0.00829	0.00553	0.00415	0.00138	0.00691	0.00345	0.00276	0.00829
28	0.01122	0.00561	0.00842	0.00842	0.00842	0.00561	0.00561	0.00842	0.00842	0.01122	0.01122	0.01964	0.01122	0.02245	0.02525	0.81201	0.00561	0.00561	0.00281	0.00281
29	0.00940	0.00626	0.00705	0.00705	0.00705	0.00626	0.00392	0.00940	0.00940	0.01253	0.02036	0.04228	0.02349	0.77292	0.03289	0.00626	0.00626	0.00940	0.00392	0.00392
30	0.02414	0.03079	0.01831	0.01665	0.01998	0.74698	0.01248	0.02580	0.01831	0.01581	0.00999	0.01165	0.00832	0.00666	0.00583	0.00166	0.01165	0.00416	0.00333	0.00749
31	0.00914	0.00660	0.00864	0.00813	0.00965	0.00610	0.00610	0.01219	0.01829	0.02591	0.72921	0.04827	0.06097	0.01321	0.00762	0.00203	0.00305	0.01169	0.00711	0.00610
32	0.00787	0.00562	0.00750	0.00900	0.00937	0.00525	0.00600	0.00900	0.01237	0.01649	0.03561	0.76871	0.04274	0.02024	0.00825	0.00262	0.00375	0.01837	0.00600	0.00525
33	0.00792	0.00652	0.00697	0.00693	0.00892	0.00557	0.00517	0.00980	0.01530	0.01899	0.18730	0.08490	0.58150	0.01592	0.00766	0.00217	0.00325	0.01344	0.00621	0.00557
34	0.07453	0.01108	0.01468	0.01132	0.01626	0.00978	0.00935	0.03077	0.01806	0.69625	0.02454	0.02133	0.01548	0.00788	0.00635	0.00200	0.00547	0.00632	0.00777	0.01077
35	0.01525	0.01743	0.03813	0.02723	0.03377	0.01634	0.70915	0.02070	0.01525	0.02070	0.01307	0.01743	0.00980	0.00545	0.00763	0.00218	0.01089	0.00763	0.00327	0.00871
36	0.01249	0.00978	0.01052	0.00984	0.01272	0.01003	0.00768	0.02082	0.29309	0.06629	0.04531	0.04544	0.35633	0.01296	0.00724	0.00223	0.00433	0.05884	0.00635	0.00772
37	0.00765	0.00651	0.00658	0.00664	0.00875	0.00545	0.00495	0.00926	0.01463	0.01742	0.06427	0.09031	0.70264	0.01652	0.00766	0.00220	0.00329	0.01382	0.00600	0.00545
38	0.01518	0.04676	0.13265	0.02500	0.03170	0.03271	0.56047	0.02062	0.01491	0.02025	0.01256	0.01646	0.00947	0.00570	0.00756	0.00214	0.02699	0.00697	0.00317	0.00875
39	0.01528	0.01733	0.03759	0.02780	0.06550	0.01630	0.67785	0.02066	0.01523	0.02072	0.01303	0.01736	0.00982	0.00546	0.00757	0.00217	0.01075	0.00754	0.00326	0.00878
40	0.00925	0.00624	0.00706	0.00714	0.00724	0.00618	0.00407	0.00937	0.00976	0.01293	0.02286	0.08490	0.05005	0.70226	0.03056	0.00591	0.00601	0.01007	0.00411	0.00405
41	0.01220	0.01148	0.01938	0.75739	0.04450	0.01436	0.01794	0.01651	0.01292	0.01651	0.01148	0.01723	0.00861	0.00646	0.00646	0.00215	0.00861	0.00574	0.00287	0.00718
42	0.09815	0.07773	0.49737	0.01695	0.02478	0.09442	0.04446	0.03863	0.01433	0.02104	0.01114	0.01308	0.00821	0.00616	0.00582	0.00196	0.00912	0.00462	0.00304	0.00899
43	0.01296	0.03342	0.73944	0.01842	0.02797	0.01501	0.02387	0.02046	0.01364	0.02046	0.01160	0.01364	0.00818	0.00614	0.00614	0.00205	0.00955	0.00477	0.00273	0.00955
44	0.02671	0.01048	0.01413	0.01108	0.01569	0.00905	0.00905	0.02909	0.01798	0.65976	0.02842	0.05861	0.06125	0.00907	0.00665	0.00204	0.00528	0.00748	0.00778	0.01039
45	0.01012	0.00614	0.00854	0.00895	0.00939	0.00617	0.00614	0.01022	0.04446	0.01461	0.05102	0.27196	0.02460	0.02233	0.06428	0.41658	0.00561	0.01030	0.00428	0.00431
46	0.01514	0.01660	0.02524	0.04676	0.04659	0.12795	0.30424	0.01886	0.03290	0.01842	0.01588	0.14207	0.01511	0.00922	0.00958	0.00227	0.13328	0.00843	0.00373	0.00771

[dist]
# distance from previous block
# <min> <max>
0	1

[block]
# block no. 5 follows, 34 sequences, length 14
# corresponding to MSA columns:
# 316-329
name=unknown_F
#
# <colnr> <probs for GDERKNQSTAVLIFYWHMCP>
#	G	D	E	R	K	N	Q	S	T	A	V	L	I	F	Y	W	H	M	C	P
0	0.01569	0.01505	0.02569	0.09599	0.67861	0.01527	0.01968	0.01957	0.01457	0.02075	0.01210	0.01609	0.01011	0.00581	0.00640	0.00194	0.00775	0.00576	0.00317	0.00999
1	0.01779	0.51053	0.15308	0.01336	0.01918	0.15685	0.01354	0.02073	0.01417	0.01622	0.00962	0.01117	0.00828	0.00584	0.00480	0.00155	0.00824	0.00381	0.00286	0.00836
2	0.08051	0.02726	0.01756	0.01646	0.04248	0.59642	0.01210	0.02597	0.08842	0.01807	0.01163	0.01297	0.00944	0.00679	0.00579	0.00175	0.01038	0.00448	0.00370	0.00782
3	0.00779	0.00655	0.00676	0.00671	0.00882	0.00552	0.00503	0.00957	0.01509	0.01831	0.13230	0.06078	0.66262	0.01605	0.00763	0.00217	0.00325	0.01344	0.00611	0.00552
4	0.00835	0.00626	0.00776	0.00816	0.00944	0.00567	0.00590	0.01035	0.01517	0.02021	0.29289	0.31100	0.22108	0.01667	0.00789	0.00231	0.00345	0.03542	0.00640	0.00563
5	0.01668	0.01785	0.01930	0.01963	0.12930	0.19633	0.01384	0.02001	0.07218	0.01740	0.01157	0.01549	0.01023	0.01186	0.06814	0.00291	0.34054	0.00554	0.00337	0.00783
6	0.02291	0.01681	0.01805	0.01401	0.01862	0.01854	0.01137	0.63459	0.02809	0.03765	0.01604	0.01843	0.01235	0.09115	0.00934	0.00241	0.00702	0.00621	0.00619	0.01022
7	0.00807	0.00574	0.00762	0.00904	0.00945	0.00540	0.00611	0.00923	0.01235	0.01644	0.03480	0.69922	0.04152	0.05688	0.00948	0.00282	0.00398	0.05072	0.00589	0.00522
8	0.02359	0.08993	0.01954	0.01620	0.01971	0.68979	0.01237	0.02529	0.01790	0.01577	0.00991	0.01155	0.00832	0.00657	0.00569	0.00164	0.01128	0.00411	0.00328	0.00755
9	0.01827	0.35716	0.07777	0.05537	0.02041	0.14809	0.04652	0.08114	0.05038	0.03752	0.01264	0.04469	0.01081	0.00685	0.00544	0.00172	0.00798	0.00510	0.00367	0.00847
10	0.00930	0.00631	0.00747	0.00755	0.00771	0.00643	0.00453	0.00963	0.00967	0.01304	0.02080	0.07889	0.02363	0.64598	0.11729	0.00656	0.00746	0.00958	0.00397	0.00421
11	0.00816	0.00635	0.00734	0.00769	0.00918	0.00564	0.00558	0.00991	0.01457	0.01862	0.17513	0.23512	0.37849	0.04913	0.00892	0.00247	0.00359	0.04253	0.00611	0.00547
12	0.14061	0.02220	0.18920	0.01652	0.02204	0.14261	0.10573	0.12636	0.06585	0.05177	0.01311	0.01467	0.00978	0.00687	0.00679	0.00202	0.04556	0.00529	0.00413	0.00889
13	0.01561	0.06006	0.09324	0.34478	0.13775	0.11330	0.01687	0.05428	0.06606	0.01938	0.01253	0.01597	0.00968	0.00653	0.00621	0.00199	0.00855	0.00543	0.00341	0.00839

[dist]
# distance from previous block
# <min> <max>
0	2

[block]
# block no. 6 follows, 34 sequences, length 31
# corresponding to MSA columns:
# 332-362
name=unknown_G
#
# <colnr> <probs for GDERKNQSTAVLIFYWHMCP>
#	G	D	E	R	K	N	Q	S	T	A	V	L	I	F	Y	W	H	M	C	P
0	0.01678	0.06367	0.04752	0.01793	0.11604	0.08224	0.07447	0.12386	0.05697	0.03732	0.01662	0.02113	0.04245	0.04854	0.00914	0.00217	0.08032	0.03578	0.00427	0.10277
1	0.01587	0.19106	0.40764	0.01675	0.02413	0.10551	0.05616	0.04381	0.04555	0.01972	0.01169	0.01342	0.00891	0.00620	0.00578	0.00187	0.00903	0.00472	0.00313	0.00906
2	0.00916	0.00600	0.00796	0.00911	0.00974	0.00560	0.00620	0.01035	0.01261	0.05469	0.03417	0.66622	0.04005	0.06202	0.00957	0.00281	0.00405	0.03819	0.00599	0.00550
3	0.07277	0.01198	0.01350	0.00983	0.01541	0.00977	0.00790	0.06069	0.01430	0.02288	0.01156	0.01332	0.00947	0.00506	0.00483	0.00110	0.00495	0.00393	0.00401	0.70274
4	0.01865	0.27542	0.08926	0.06482	0.02352	0.11425	0.13332	0.16649	0.01784	0.02216	0.01159	0.01357	0.00914	0.00624	0.00577	0.00178	0.00859	0.00503	0.00371	0.00887
5	0.00913	0.00683	0.01017	0.01028	0.01138	0.00787	0.00793	0.01135	0.01053	0.01511	0.01864	0.07954	0.01809	0.04640	0.69347	0.00982	0.01632	0.00776	0.00365	0.00573
6	0.00789	0.00576	0.00742	0.00868	0.00931	0.00530	0.00587	0.00914	0.01284	0.01692	0.06226	0.66228	0.12347	0.01956	0.00816	0.00255	0.00367	0.01759	0.00604	0.00530
7	0.18017	0.62143	0.02891	0.01054	0.01575	0.02332	0.01023	0.01928	0.01270	0.01800	0.00899	0.01039	0.00803	0.00562	0.00412	0.00151	0.00652	0.00346	0.00301	0.00803
8	0.10960	0.08337	0.01759	0.01323	0.03418	0.01493	0.06256	0.08228	0.25210	0.07910	0.01989	0.01981	0.04307	0.00743	0.00587	0.00187	0.00579	0.00607	0.02236	0.11889
9	0.00907	0.00683	0.00720	0.00695	0.00927	0.00575	0.00526	0.01084	0.01516	0.06353	0.09914	0.05888	0.64823	0.01566	0.00756	0.00216	0.00340	0.01308	0.00619	0.00584
10	0.01628	0.01578	0.02366	0.06431	0.55102	0.05434	0.01782	0.02233	0.12810	0.02158	0.01428	0.01711	0.01159	0.00632	0.00640	0.00196	0.00752	0.00592	0.00373	0.00996
11	0.00791	0.00656	0.00693	0.00684	0.00890	0.00557	0.00513	0.00981	0.01538	0.01901	0.18767	0.05962	0.60681	0.01578	0.00763	0.00215	0.00323	0.01328	0.00620	0.00557
12	0.01607	0.01388	0.01461	0.01315	0.01680	0.01607	0.01023	0.03433	0.72094	0.02703	0.02630	0.02411	0.01972	0.00877	0.00657	0.00219	0.00511	0.00731	0.00657	0.01023
13	0.01296	0.03342	0.73944	0.01842	0.02797	0.01501	0.02387	0.02046	0.01364	0.02046	0.01160	0.01364	0.00818	0.00614	0.00614	0.00205	0.00955	0.00477	0.00273	0.00955
14	0.00792	0.00590	0.00737	0.00839	0.00925	0.00536	0.00577	0.00930	0.01334	0.01742	0.09474	0.55886	0.19513	0.01886	0.00807	0.00248	0.00359	0.01682	0.00608	0.00536
15	0.01727	0.77681	0.03386	0.01106	0.01658	0.02557	0.01106	0.01935	0.01313	0.01520	0.00898	0.01036	0.00829	0.00553	0.00415	0.00138	0.00691	0.00345	0.00276	0.00829
16	0.00899	0.00772	0.00784	0.00760	0.01002	0.00715	0.00576	0.01328	0.12771	0.01899	0.05919	0.05609	0.61636	0.01515	0.00747	0.00218	0.00357	0.01262	0.00609	0.00622
17	0.81856	0.01250	0.00950	0.00850	0.01250	0.01449	0.00700	0.01899	0.01100	0.02899	0.00900	0.01050	0.00700	0.00600	0.00400	0.00200	0.00500	0.00350	0.00400	0.00700
18	0.01694	0.49699	0.18711	0.01344	0.01948	0.05406	0.01416	0.06372	0.01442	0.01803	0.00999	0.01164	0.00845	0.00612	0.00559	0.00164	0.04251	0.00403	0.00302	0.00865
19	0.05000	0.61562	0.03011	0.01259	0.05429	0.02305	0.01119	0.04894	0.01368	0.01718	0.01004	0.01199	0.00903	0.00878	0.05850	0.00212	0.00764	0.00393	0.00305	0.00828
20	0.00940	0.00626	0.00705	0.00705	0.00705	0.00626	0.00392	0.00940	0.00940	0.01253	0.02036	0.04228	0.02349	0.77292	0.03289	0.00626	0.00626	0.00940	0.00392	0.00392
21	0.01340	0.01148	0.01340	0.00957	0.01531	0.00861	0.00766	0.01627	0.01340	0.02105	0.01148	0.01340	0.00957	0.00479	0.00479	0.00096	0.00479	0.00383	0.00383	0.81242
22	0.00764	0.00655	0.00655	0.00655	0.00873	0.00545	0.00491	0.00927	0.01473	0.01745	0.06546	0.06218	0.73000	0.01636	0.00764	0.00218	0.00327	0.01364	0.00600	0.00545
23	0.00934	0.00624	0.00706	0.00712	0.00713	0.00623	0.00399	0.00938	0.00950	0.01267	0.02091	0.06832	0.02418	0.74594	0.03200	0.00613	0.00617	0.00972	0.00399	0.00396
24	0.02456	0.01810	0.01939	0.01487	0.02004	0.02004	0.01228	0.71107	0.03038	0.04072	0.01551	0.01551	0.01099	0.00776	0.00646	0.00194	0.00711	0.00582	0.00646	0.01099
25	0.02414	0.03079	0.01831	0.01665	0.01998	0.74698	0.01248	0.02580	0.01831	0.01581	0.00999	0.01165	0.00832	0.00666	0.00583	0.00166	0.01165	0.00416	0.00333	0.00749
26	0.01204	0.00602	0.00602	0.00602	0.00753	0.00602	0.00452	0.01506	0.01355	0.02409	0.02108	0.02409	0.01656	0.00753	0.00452	0.00151	0.00301	0.00602	0.80879	0.00602
27	0.01218	0.01144	0.01899	0.63988	0.09990	0.01377	0.01712	0.01624	0.01321	0.01697	0.01563	0.02053	0.06342	0.00715	0.00654	0.00214	0.00813	0.00634	0.00314	0.00731
28	0.00783	0.00655	0.00681	0.00675	0.00885	0.00554	0.00506	0.00964	0.01518	0.01853	0.14977	0.06041	0.64501	0.01596	0.00763	0.00216	0.00324	0.01339	0.00614	0.00554
29	0.04885	0.01864	0.09139	0.05044	0.14599	0.06240	0.38943	0.02164	0.06638	0.02110	0.01334	0.01669	0.01021	0.00593	0.00692	0.00208	0.00956	0.00660	0.00347	0.00895
30	0.01059	0.00861	0.01271	0.01452	0.11476	0.00953	0.00971	0.01424	0.06305	0.01690	0.02029	0.02629	0.06100	0.03742	0.54042	0.00806	0.01415	0.00721	0.00381	0.00671

[dist]
# distance from previous block
# <min> <max>
0	5

[block]
# block no. 7 follows, 34 sequences, length 67
# corresponding to MSA columns:
# 368-434
name=unknown_H
#
# <colnr> <probs for GDERKNQSTAVLIFYWHMCP>
#	G	D	E	R	K	N	Q	S	T	A	V	L	I	F	Y	W	H	M	C	P
0	0.20013	0.02652	0.15742	0.01507	0.01986	0.40057	0.01347	0.05999	0.01640	0.02101	0.01038	0.01199	0.00814	0.00647	0.00551	0.00183	0.00951	0.00422	0.00353	0.00797
1	0.01685	0.05761	0.02519	0.08378	0.55730	0.09243	0.01830	0.03553	0.01523	0.02036	0.01179	0.01531	0.00984	0.00593	0.00622	0.00188	0.00810	0.00547	0.00324	0.00965
2	0.01532	0.01522	0.02749	0.13427	0.47711	0.01544	0.16230	0.01990	0.03116	0.02054	0.01259	0.01665	0.01015	0.00586	0.00666	0.00201	0.00841	0.00618	0.00325	0.00950
3	0.01589	0.01622	0.02393	0.23211	0.43061	0.10197	0.04782	0.01967	0.01467	0.01921	0.01175	0.01587	0.00955	0.00604	0.00640	0.00196	0.00854	0.00564	0.00313	0.00901
4	0.00787	0.00562	0.00750	0.00900	0.00937	0.00525	0.00600	0.00900	0.01237	0.01649	0.03561	0.76871	0.04274	0.02024	0.00825	0.00262	0.00375	0.01837	0.00600	0.00525
5	0.01323	0.03152	0.65619	0.01946	0.02865	0.01516	0.10522	0.02049	0.01383	0.02049	0.01177	0.01409	0.00838	0.00606	0.00632	0.00206	0.00971	0.00511	0.00279	0.00945
6	0.02899	0.01100	0.01499	0.01150	0.01649	0.00950	0.00950	0.03149	0.01849	0.73709	0.02549	0.02199	0.01599	0.00800	0.00650	0.00200	0.00550	0.00650	0.00800	0.01100
7	0.01507	0.01439	0.02428	0.11837	0.61211	0.01465	0.01873	0.01883	0.01451	0.02037	0.01526	0.01888	0.05296	0.00647	0.00648	0.00196	0.00752	0.00623	0.00333	0.00961
8	0.00764	0.00655	0.00655	0.00655	0.00873	0.00545	0.00491	0.00927	0.01473	0.01745	0.06546	0.06218	0.73000	0.01636	0.00764	0.00218	0.00327	0.01364	0.00600	0.00545
9	0.01704	0.75442	0.03318	0.01104	0.01644	0.02506	0.01097	0.01912	0.01305	0.01520	0.00922	0.01080	0.00852	0.00678	0.02576	0.00164	0.00721	0.00356	0.00278	0.00822
10	0.00764	0.00655	0.00655	0.00655	0.00873	0.00545	0.00491	0.00927	0.01473	0.01745	0.06546	0.06218	0.73000	0.01636	0.00764	0.00218	0.00327	0.01364	0.00600	0.00545
11	0.01702	0.73249	0.07592	0.01149	0.01726	0.02494	0.01182	0.01941	0.01316	0.01552	0.00914	0.01056	0.00829	0.00556	0.00426	0.00142	0.00707	0.00353	0.00276	0.00837
12	0.00807	0.00579	0.00769	0.00906	0.00959	0.00542	0.00622	0.00940	0.01285	0.01713	0.07018	0.67871	0.05917	0.01968	0.00824	0.00260	0.00383	0.05499	0.00605	0.00533
13	0.02181	0.02404	0.01803	0.05868	0.05090	0.43909	0.01249	0.17211	0.04982	0.02203	0.01559	0.01674	0.05559	0.00755	0.00617	0.00182	0.00952	0.00541	0.00428	0.00833
14	0.01727	0.77681	0.03386	0.01106	0.01658	0.02557	0.01106	0.01935	0.01313	0.01520	0.00898	0.01036	0.00829	0.00553	0.00415	0.00138	0.00691	0.00345	0.00276	0.00829
15	0.01272	0.01208	0.01999	0.62016	0.09823	0.01501	0.01770	0.01668	0.01275	0.01679	0.01122	0.01680	0.00873	0.00691	0.00801	0.00221	0.08796	0.00573	0.00289	0.00742
16	0.00786	0.00585	0.00727	0.00839	0.00916	0.00532	0.00569	0.00907	0.01282	0.01660	0.04188	0.58956	0.19643	0.04070	0.00881	0.00263	0.00371	0.01705	0.00594	0.00526
17	0.02566	0.01213	0.01518	0.01210	0.01679	0.01172	0.00985	0.07558	0.18491	0.52514	0.02504	0.02208	0.01655	0.00816	0.00651	0.00204	0.00551	0.00664	0.00756	0.01081
18	0.00827	0.00592	0.00742	0.00831	0.00887	0.00555	0.00549	0.00938	0.01250	0.01661	0.09624	0.49693	0.10078	0.17089	0.01310	0.00327	0.00415	0.01556	0.00568	0.00507
19	0.81856	0.01250	0.00950	0.00850	0.01250	0.01449	0.00700	0.01899	0.01100	0.02899	0.00900	0.01050	0.00700	0.00600	0.00400	0.00200	0.00500	0.00350	0.00400	0.00700
20	0.00855	0.00655	0.00780	0.00774	0.00940	0.00587	0.00579	0.01083	0.01608	0.02126	0.36762	0.10059	0.31950	0.03692	0.00846	0.00230	0.00343	0.04915	0.00645	0.00572
21	0.01417	0.09031	0.58011	0.01905	0.06137	0.01619	0.05090	0.05740	0.01462	0.02117	0.01169	0.01376	0.00851	0.00613	0.00607	0.00199	0.00917	0.00489	0.00298	0.00952
22	0.01607	0.01388	0.01461	0.01315	0.01680	0.01607	0.01023	0.03433	0.72094	0.02703	0.02630	0.02411	0.01972	0.00877	0.00657	0.00219	0.00511	0.00731	0.00657	0.01023
23	0.01558	0.01655	0.06387	0.21164	0.42903	0.06168	0.05269	0.03565	0.01484	0.02005	0.01195	0.01595	0.00960	0.00604	0.00642	0.00198	0.00841	0.00569	0.00318	0.00922
24	0.00787	0.00562	0.00750	0.00900	0.00937	0.00525	0.00600	0.00900	0.01237	0.01649	0.03561	0.76871	0.04274	0.02024	0.00825	0.00262	0.00375	0.01837	0.00600	0.00525
25	0.00809	0.00579	0.00773	0.00910	0.00961	0.00542	0.00625	0.00944	0.01288	0.01725	0.07955	0.68455	0.04359	0.01966	0.00824	0.00261	0.00383	0.05500	0.00607	0.00534
26	0.00823	0.00598	0.00775	0.00891	0.00965	0.00557	0.00626	0.00969	0.01319	0.01743	0.08731	0.55590	0.11455	0.04044	0.00890	0.00267	0.00393	0.08226	0.00601	0.00536
27	0.02414	0.03079	0.01831	0.01665	0.01998	0.74698	0.01248	0.02580	0.01831	0.01581	0.00999	0.01165	0.00832	0.00666	0.00583	0.00166	0.01165	0.00416	0.00333	0.00749
28	0.00925	0.00684	0.00997	0.00997	0.01099	0.00785	0.00756	0.01127	0.01026	0.01470	0.01768	0.02746	0.01706	0.13762	0.65939	0.00988	0.01595	0.00723	0.00352	0.00554
29	0.01340	0.01148	0.01340	0.00957	0.01531	0.00861	0.00766	0.01627	0.01340	0.02105	0.01148	0.01340	0.00957	0.00479	0.00479	0.00096	0.00479	0.00383	0.00383	0.81242
30	0.01554	0.01489	0.02541	0.12486	0.65093	0.01523	0.01961	0.01944	0.01450	0.02056	0.01207	0.01614	0.01004	0.00584	0.00640	0.00195	0.00779	0.00576	0.00316	0.00987
31	0.01472	0.01114	0.01431	0.03467	0.08454	0.00943	0.00916	0.01782	0.03100	0.09686	0.01514	0.04875	0.01294	0.04572	0.04236	0.00201	0.00589	0.00547	0.00433	0.49375
32	0.18779	0.01078	0.01184	0.06307	0.01509	0.03223	0.00827	0.07846	0.01498	0.20239	0.02006	0.12624	0.01785	0.12841	0.01020	0.00272	0.00567	0.00777	0.04855	0.00760
33	0.01560	0.01115	0.01219	0.01072	0.01371	0.01185	0.00814	0.09878	0.29330	0.10538	0.03138	0.03368	0.15500	0.15613	0.01179	0.00292	0.00524	0.00866	0.00611	0.00828
34	0.02780	0.01077	0.01470	0.01152	0.01630	0.00937	0.00956	0.03033	0.01826	0.69123	0.02605	0.02524	0.01735	0.00863	0.00665	0.00206	0.00553	0.05012	0.00787	0.01067
35	0.02388	0.01223	0.01494	0.01188	0.01633	0.01199	0.00967	0.17006	0.10417	0.41505	0.08762	0.02492	0.04946	0.00885	0.00665	0.00202	0.00548	0.00721	0.00735	0.01024
36	0.00787	0.00562	0.00750	0.00900	0.00937	0.00525	0.00600	0.00900	0.01237	0.01649	0.03561	0.76871	0.04274	0.02024	0.00825	0.00262	0.00375	0.01837	0.00600	0.00525
