[name]
unknown

[dist]
# distance from previous block
# <min> <max>
20	66

[block]
# block no. 0 follows, 32 sequences, length 53
# corresponding to MSA columns:
# 66-118
name=unknown_A
#
# <colnr> <probs for GDERKNQSTAVLIFYWHMCP>
#	G	D	E	R	K	N	Q	S	T	A	V	L	I	F	Y	W	H	M	C	P
0	0.08027	0.18878	0.10560	0.03986	0.06244	0.13690	0.01345	0.09715	0.06358	0.05372	0.01590	0.04180	0.03718	0.00779	0.00636	0.00194	0.02832	0.00576	0.00427	0.00893
1	0.10797	0.23344	0.07676	0.07187	0.01993	0.08134	0.01184	0.05202	0.03769	0.05341	0.01322	0.04643	0.01117	0.00689	0.00541	0.00171	0.00709	0.00510	0.00398	0.15272
2	0.12081	0.22891	0.04966	0.01558	0.05116	0.07102	0.09694	0.02204	0.10285	0.02137	0.01344	0.01543	0.01092	0.00690	0.00670	0.00190	0.06139	0.00523	0.06172	0.03601
3	0.13210	0.22629	0.08890	0.01513	0.06948	0.09145	0.04168	0.08229	0.01571	0.02207	0.01410	0.01660	0.04144	0.03992	0.00673	0.00197	0.00752	0.00516	0.00382	0.07765
4	0.10524	0.40747	0.07311	0.09469	0.07203	0.07171	0.01345	0.04375	0.02952	0.01952	0.01072	0.01278	0.00899	0.00619	0.00511	0.00174	0.00770	0.00433	0.00331	0.00865
5	0.04662	0.00809	0.00825	0.00803	0.00872	0.03959	0.00499	0.01235	0.01109	0.04568	0.02107	0.06786	0.02289	0.57945	0.02722	0.00539	0.00631	0.00924	0.06223	0.00490
6	0.01474	0.06842	0.04876	0.01147	0.01761	0.01135	0.03885	0.04528	0.01470	0.02221	0.01198	0.01397	0.00985	0.00524	0.00518	0.00117	0.00572	0.00424	0.00393	0.64531
7	0.00976	0.00651	0.00732	0.00732	0.00732	0.00651	0.00407	0.00976	0.00976	0.01301	0.02114	0.04391	0.02439	0.76419	0.03415	0.00651	0.00651	0.00976	0.00407	0.00407
8	0.01804	0.01569	0.03573	0.01410	0.01832	0.01733	0.01136	0.14411	0.57976	0.03021	0.02505	0.02327	0.01866	0.00886	0.00680	0.00223	0.00578	0.00726	0.00670	0.01073
9	0.01804	0.01508	0.01593	0.01393	0.01796	0.01732	0.01095	0.13715	0.60652	0.03024	0.02560	0.02367	0.01910	0.00894	0.00681	0.00224	0.00563	0.00735	0.00681	0.01074
10	0.00950	0.00686	0.00897	0.00844	0.01002	0.00633	0.00633	0.01266	0.01899	0.02691	0.71879	0.05012	0.06331	0.01372	0.00791	0.00211	0.00317	0.01213	0.00739	0.00633
11	0.00896	0.00684	0.00822	0.00787	0.00969	0.00610	0.00590	0.01161	0.01771	0.02387	0.49375	0.05512	0.29025	0.01485	0.00792	0.00216	0.00325	0.01284	0.00699	0.00610
12	0.01794	0.76823	0.03516	0.01148	0.01722	0.02655	0.01148	0.02009	0.01363	0.01579	0.00933	0.01076	0.00861	0.00574	0.00431	0.00144	0.00718	0.00359	0.00287	0.00861
13	0.00803	0.00663	0.00704	0.00729	0.00921	0.00565	0.00534	0.00968	0.01500	0.01826	0.08493	0.18392	0.58074	0.01758	0.00804	0.00234	0.00348	0.01494	0.00627	0.00565
14	0.00818	0.00584	0.00779	0.00934	0.00973	0.00545	0.00623	0.00934	0.01285	0.01713	0.03698	0.75981	0.04438	0.02102	0.00856	0.00273	0.00389	0.01908	0.00623	0.00545
15	0.02375	0.01715	0.01869	0.01459	0.01927	0.01890	0.01187	0.61208	0.02865	0.03839	0.01554	0.01665	0.01144	0.00999	0.00919	0.10408	0.00719	0.00601	0.00623	0.01033
16	0.01768	0.07071	0.12500	0.02349	0.03020	0.06840	0.43214	0.08006	0.01717	0.04909	0.01357	0.01669	0.01010	0.00615	0.00720	0.00212	0.01037	0.00679	0.00376	0.00933
17	0.02405	0.13935	0.02147	0.01630	0.02023	0.58065	0.01273	0.07470	0.01913	0.01821	0.01063	0.01219	0.00884	0.00682	0.00584	0.00171	0.01103	0.00434	0.00361	0.00816
18	0.01448	0.00831	0.01087	0.00935	0.01212	0.00734	0.00726	0.01750	0.01861	0.18299	0.50358	0.04093	0.04831	0.01176	0.00740	0.00201	0.00389	0.01023	0.00730	0.07577
19	0.01372	0.02959	0.54614	0.02037	0.02909	0.01528	0.15170	0.02076	0.01458	0.02121	0.01404	0.01938	0.01101	0.00712	0.00688	0.00222	0.00991	0.05435	0.00318	0.00948
20	0.00976	0.00651	0.00732	0.00732	0.00732	0.00651	0.00407	0.00976	0.00976	0.01301	0.02114	0.04391	0.02439	0.76419	0.03415	0.00651	0.00651	0.00976	0.00407	0.00407
21	0.02601	0.01798	0.01963	0.01505	0.02040	0.01960	0.01243	0.62637	0.03019	0.11780	0.01725	0.01685	0.01198	0.00808	0.00672	0.00202	0.00720	0.00612	0.00689	0.01141
22	0.10429	0.01408	0.01440	0.01289	0.01671	0.01618	0.01009	0.05691	0.57799	0.02837	0.02670	0.02489	0.04936	0.00909	0.00658	0.00224	0.00529	0.00738	0.00650	0.01006
23	0.00976	0.00651	0.00732	0.00732	0.00732	0.00651	0.00407	0.00976	0.00976	0.01301	0.02114	0.04391	0.02439	0.76419	0.03415	0.00651	0.00651	0.00976	0.00407	0.00407
24	0.00828	0.00592	0.00788	0.00927	0.00975	0.00552	0.00624	0.00960	0.01332	0.01788	0.08911	0.70556	0.04583	0.02046	0.00851	0.00268	0.00384	0.01854	0.00632	0.00552
25	0.01260	0.01175	0.01949	0.69750	0.04393	0.01457	0.01791	0.01734	0.03287	0.01745	0.01337	0.04825	0.01071	0.00736	0.00679	0.00226	0.00864	0.00654	0.00322	0.00746
26	0.01314	0.00883	0.01200	0.01331	0.09271	0.00853	0.00874	0.03717	0.01575	0.11375	0.14556	0.27013	0.12738	0.04707	0.00944	0.00255	0.03048	0.03010	0.00617	0.00722
27	0.00977	0.00693	0.00819	0.00806	0.00996	0.00609	0.00597	0.01193	0.01635	0.06184	0.27738	0.17241	0.34847	0.01607	0.00796	0.00228	0.00354	0.01387	0.00674	0.00618
28	0.01584	0.01810	0.03959	0.02828	0.03507	0.01697	0.69796	0.02149	0.01584	0.02149	0.01357	0.01810	0.01018	0.00566	0.00792	0.00226	0.01131	0.00792	0.00339	0.00905
29	0.01368	0.01290	0.02180	0.51034	0.24658	0.01487	0.01877	0.01789	0.01395	0.01857	0.01304	0.04448	0.01074	0.00701	0.00676	0.00218	0.00847	0.00644	0.00320	0.00833
30	0.15383	0.04459	0.06336	0.04593	0.18605	0.14598	0.04754	0.05731	0.10160	0.02386	0.01407	0.01610	0.01106	0.00682	0.00599	0.00198	0.00788	0.00545	0.05158	0.00902
31	0.74935	0.01307	0.01098	0.03557	0.04523	0.01509	0.00824	0.01967	0.01166	0.02930	0.00958	0.01139	0.00747	0.00623	0.00435	0.00208	0.00544	0.00382	0.00408	0.00742
32	0.01395	0.13597	0.01743	0.01318	0.03262	0.08006	0.01026	0.01526	0.01194	0.01575	0.01455	0.07120	0.01458	0.07085	0.16912	0.09284	0.18171	0.00683	0.02538	0.00652
33	0.00877	0.00683	0.00796	0.00768	0.00958	0.00602	0.00576	0.01125	0.01728	0.02283	0.41670	0.05683	0.36794	0.01524	0.00792	0.00218	0.00327	0.01308	0.00685	0.00602
34	0.01595	0.09094	0.02020	0.01338	0.01922	0.06813	0.10216	0.04910	0.01532	0.02170	0.01195	0.01412	0.00980	0.00543	0.00546	0.00131	0.00670	0.00459	0.00387	0.52068
35	0.01063	0.00841	0.01161	0.01133	0.01279	0.00986	0.00882	0.01498	0.09778	0.01728	0.02069	0.05158	0.03709	0.04135	0.56598	0.00882	0.05251	0.00777	0.00412	0.00661
36	0.00818	0.00584	0.00779	0.00934	0.00973	0.00545	0.00623	0.00934	0.01285	0.01713	0.03698	0.75981	0.04438	0.02102	0.00856	0.00273	0.00389	0.01908	0.00623	0.00545
37	0.02506	0.03198	0.01901	0.01729	0.02074	0.73725	0.01296	0.02679	0.01901	0.01642	0.01037	0.01210	0.00864	0.00691	0.00605	0.00173	0.01210	0.00432	0.00346	0.00778
38	0.09506	0.15616	0.49559	0.01647	0.02482	0.01742	0.01995	0.04428	0.01453	0.04119	0.01184	0.01356	0.00872	0.00636	0.00582	0.00200	0.00878	0.00468	0.00325	0.00952
39	0.00866	0.00645	0.00852	0.00977	0.01038	0.00631	0.00690	0.01005	0.01314	0.01741	0.03794	0.61780	0.09233	0.02011	0.00916	0.00273	0.03624	0.07440	0.00608	0.00561
40	0.01729	0.31584	0.06979	0.01975	0.02600	0.04565	0.31662	0.04920	0.04088	0.02013	0.01231	0.01497	0.00985	0.00599	0.00626	0.00190	0.00926	0.00585	0.00342	0.00903
41	0.02327	0.17538	0.02306	0.01662	0.02067	0.56725	0.04215	0.02525	0.01783	0.01652	0.01031	0.01210	0.00870	0.00663	0.00579	0.00169	0.01110	0.00433	0.00334	0.00800
42	0.00973	0.00661	0.00787	0.00787	0.00807	0.00681	0.00476	0.01011	0.00992	0.01342	0.02063	0.04109	0.02317	0.64958	0.14709	0.00719	0.00835	0.00935	0.00399	0.00437
43	0.01766	0.01490	0.01572	0.01385	0.01782	0.01714	0.01086	0.10892	0.63536	0.02964	0.02607	0.02405	0.01948	0.00899	0.00681	0.00225	0.00554	0.00742	0.00681	0.01071
44	0.00815	0.00593	0.00770	0.00911	0.00967	0.00547	0.00613	0.00937	0.01307	0.01722	0.03982	0.69623	0.10613	0.02065	0.00851	0.00268	0.00385	0.01863	0.00623	0.00547
45	0.00913	0.00632	0.00771	0.00840	0.00880	0.00609	0.00542	0.00980	0.01164	0.01534	0.03107	0.32402	0.08027	0.36023	0.02075	0.02686	0.00524	0.05295	0.00514	0.00480
46	0.02850	0.01106	0.01506	0.01167	0.01658	0.00959	0.00959	0.03114	0.01919	0.67254	0.08031	0.02496	0.02024	0.00873	0.00684	0.00208	0.00551	0.00717	0.00823	0.01102
47	0.01391	0.01193	0.01391	0.00994	0.01590	0.00894	0.00795	0.01690	0.01391	0.02186	0.01193	0.01391	0.00994	0.00497	0.00497	0.00099	0.00497	0.00398	0.00398	0.80521
48	0.00915	0.00674	0.00832	0.00809	0.00955	0.00617	0.00587	0.01159	0.01696	0.02322	0.48268	0.10007	0.17763	0.09168	0.01065	0.00263	0.00360	0.01273	0.00676	0.00592
49	0.07007	0.02996	0.01828	0.01661	0.02012	0.65769	0.01251	0.02685	0.05487	0.01782	0.01120	0.01271	0.00919	0.00699	0.00598	0.00178	0.01134	0.00445	0.00367	0.00790
50	0.11156	0.01783	0.01864	0.01458	0.01970	0.01987	0.01199	0.57669	0.07862	0.03991	0.01618	0.01618	0.01161	0.00793	0.00644	0.00204	0.00699	0.00589	0.00644	0.01090
51	0.04625	0.01090	0.01465	0.01153	0.01623	0.00955	0.00941	0.03001	0.01867	0.63277	0.06662	0.06283	0.02055	0.00924	0.00685	0.00211	0.00545	0.00763	0.00804	0.01071
52	0.05627	0.00838	0.04550	0.00814	0.00894	0.00754	0.00548	0.01101	0.01012	0.01452	0.01988	0.03986	0.02232	0.65679	0.05442	0.00616	0.00699	0.00907	0.00399	0.00462

[dist]
# distance from previous block
# <min> <max>
1	24

[block]
# block no. 1 follows, 32 sequences, length 20
# corresponding to MSA columns:
# 143-162
name=unknown_B
#
# <colnr> <probs for GDERKNQSTAVLIFYWHMCP>
#	G	D	E	R	K	N	Q	S	T	A	V	L	I	F	Y	W	H	M	C	P
0	0.12119	0.12312	0.20505	0.05525	0.04500	0.05999	0.01511	0.11251	0.05973	0.07932	0.01447	0.03611	0.01124	0.00740	0.00638	0.00203	0.02690	0.00552	0.00436	0.00933
1	0.06087	0.06173	0.12167	0.10654	0.06327	0.10047	0.05794	0.07158	0.11161	0.05128	0.01590	0.01778	0.03019	0.00759	0.00754	0.00209	0.06489	0.00590	0.00425	0.03691
2	0.00971	0.00680	0.00783	0.00810	0.00848	0.00679	0.00495	0.01108	0.04904	0.01496	0.02683	0.20536	0.05494	0.52675	0.02589	0.00526	0.00573	0.01191	0.00479	0.00480
3	0.01768	0.41615	0.04948	0.01398	0.04615	0.05861	0.01221	0.05749	0.03866	0.04445	0.08194	0.01678	0.01501	0.00768	0.00735	0.00183	0.09672	0.00528	0.00391	0.00863
4	0.00894	0.00717	0.00809	0.00842	0.01027	0.00657	0.00632	0.01187	0.05894	0.01948	0.11182	0.20621	0.41499	0.01720	0.00812	0.00243	0.00386	0.07689	0.00636	0.00604
5	0.01665	0.15598	0.31071	0.01876	0.02577	0.08680	0.14467	0.07314	0.01593	0.02114	0.01203	0.01460	0.00930	0.00770	0.02636	0.00225	0.04028	0.00539	0.00332	0.00923
6	0.02047	0.25444	0.02462	0.10985	0.06089	0.36240	0.01370	0.02279	0.01614	0.01661	0.01032	0.01276	0.00879	0.00665	0.00619	0.00176	0.03585	0.00445	0.00319	0.00813
7	0.00962	0.00704	0.01005	0.01005	0.01099	0.00799	0.00747	0.01151	0.01057	0.01503	0.01864	0.03008	0.01839	0.20147	0.58866	0.00988	0.01554	0.00773	0.00369	0.00558
8	0.00837	0.00645	0.00766	0.00814	0.00953	0.00573	0.00580	0.01020	0.01519	0.01971	0.20169	0.32641	0.31541	0.01780	0.00817	0.00241	0.00353	0.01558	0.00649	0.00573
9	0.00848	0.00640	0.00781	0.00861	0.00978	0.00581	0.00615	0.01014	0.01438	0.01861	0.12152	0.39494	0.25435	0.04161	0.00913	0.00266	0.00390	0.06379	0.00629	0.00562
10	0.01506	0.05577	0.04069	0.09086	0.02187	0.01820	0.07847	0.03760	0.01247	0.04282	0.01208	0.04222	0.01102	0.01266	0.06035	0.00312	0.42703	0.00650	0.00344	0.00777
11	0.13779	0.42733	0.05226	0.01296	0.01799	0.21927	0.01175	0.02192	0.01480	0.01829	0.00972	0.01127	0.00842	0.00616	0.00484	0.00164	0.00833	0.00385	0.00322	0.00823
12	0.09015	0.06336	0.01686	0.17332	0.05802	0.10756	0.01210	0.03678	0.06884	0.02047	0.01557	0.06158	0.01365	0.03232	0.05426	0.00276	0.06958	0.00648	0.08871	0.00763
13	0.00967	0.00725	0.00903	0.00878	0.01048	0.00685	0.00661	0.01341	0.05895	0.02471	0.50561	0.11023	0.14467	0.01469	0.00796	0.00223	0.00352	0.04187	0.00705	0.00642
14	0.00818	0.00608	0.00764	0.00879	0.00961	0.00553	0.00600	0.00955	0.01361	0.01776	0.07318	0.58763	0.18221	0.01988	0.00841	0.00260	0.00376	0.01777	0.00628	0.00553
15	0.01616	0.30343	0.09918	0.01435	0.04135	0.08580	0.03800	0.04292	0.03285	0.01848	0.01742	0.01984	0.08080	0.03139	0.05051	0.00248	0.05723	0.00583	0.00365	0.03832
16	0.01361	0.01106	0.01240	0.01119	0.01424	0.01155	0.00856	0.06681	0.29615	0.02579	0.17349	0.14372	0.07568	0.01189	0.00719	0.00216	0.00462	0.01023	0.00650	0.09316
17	0.02091	0.06437	0.02113	0.10333	0.11342	0.10709	0.03795	0.24806	0.02113	0.09309	0.01629	0.04366	0.01313	0.00806	0.00663	0.00202	0.00796	0.03362	0.00511	0.03305
18	0.03769	0.15491	0.19569	0.01665	0.02263	0.08476	0.13066	0.08288	0.01708	0.06162	0.08980	0.04457	0.01666	0.00775	0.00647	0.00199	0.00835	0.00659	0.00430	0.00894
19	0.00973	0.00782	0.00931	0.03267	0.01179	0.03146	0.00723	0.01194	0.03220	0.01762	0.07127	0.26959	0.16663	0.09844	0.13969	0.00437	0.00714	0.05984	0.00542	0.00583

[dist]
# distance from previous block
# <min> <max>
7	18

[block]
# block no. 2 follows, 32 sequences, length 13
# corresponding to MSA columns:
# 181-193
name=unknown_C
#
# <colnr> <probs for GDERKNQSTAVLIFYWHMCP>
#	G	D	E	R	K	N	Q	S	T	A	V	L	I	F	Y	W	H	M	C	P
0	0.04800	0.10536	0.18410	0.10749	0.02469	0.01620	0.09081	0.06793	0.08150	0.06541	0.01524	0.01834	0.01184	0.03919	0.03507	0.00258	0.03648	0.00600	0.03489	0.00890
1	0.16263	0.04769	0.01714	0.01466	0.04608	0.19064	0.01119	0.18200	0.08269	0.09516	0.01606	0.04571	0.01273	0.00961	0.03538	0.00234	0.00808	0.00588	0.00521	0.00913
2	0.01510	0.15038	0.04827	0.06043	0.03676	0.06894	0.05141	0.01878	0.03596	0.07160	0.26658	0.02810	0.02962	0.01038	0.02902	0.00217	0.00665	0.00771	0.00517	0.05697
3	0.02013	0.01640	0.02253	0.07651	0.30535	0.04152	0.03615	0.19526	0.10037	0.09363	0.01641	0.01802	0.01233	0.00716	0.00671	0.00205	0.00761	0.00625	0.00504	0.01053
4	0.06566	0.00931	0.01214	0.06097	0.01452	0.01025	0.00859	0.01683	0.03389	0.13481	0.07682	0.02977	0.02087	0.22305	0.17749	0.00531	0.08025	0.00779	0.00484	0.00685
5	0.01352	0.01151	0.01349	0.00990	0.01548	0.00871	0.00783	0.01638	0.01384	0.02154	0.01364	0.06501	0.01230	0.00607	0.00522	0.00111	0.00490	0.00501	0.00413	0.75042
6	0.01036	0.00824	0.01115	0.05810	0.01319	0.00942	0.00830	0.01176	0.01198	0.01652	0.07073	0.26312	0.02962	0.22145	0.06042	0.00420	0.14172	0.03930	0.00476	0.00567
7	0.03077	0.00793	0.00951	0.00945	0.01107	0.00784	0.00688	0.06160	0.05940	0.02345	0.28406	0.31194	0.09933	0.03466	0.00857	0.00247	0.00402	0.01391	0.00661	0.00654
8	0.00868	0.00638	0.00786	0.00864	0.00958	0.00590	0.00602	0.01016	0.01382	0.01811	0.12102	0.38801	0.18328	0.12132	0.01192	0.00310	0.00422	0.06046	0.00606	0.00546
9	0.09384	0.11937	0.19585	0.08493	0.06327	0.04636	0.06319	0.07236	0.05316	0.04893	0.01322	0.01567	0.01021	0.00874	0.03720	0.00243	0.05297	0.00542	0.00382	0.00905
10	0.03764	0.01289	0.02001	0.14782	0.21480	0.03472	0.09229	0.04448	0.01644	0.02267	0.18243	0.05918	0.06756	0.00932	0.00717	0.00214	0.00696	0.00858	0.00469	0.00821
11	0.13712	0.04564	0.01781	0.10564	0.14800	0.09768	0.01275	0.08446	0.05583	0.02283	0.01677	0.05699	0.04100	0.01248	0.08189	0.00296	0.02491	0.00652	0.00423	0.02450
12	0.12492	0.04350	0.10685	0.01603	0.05964	0.20672	0.03372	0.10623	0.06027	0.04972	0.04274	0.01834	0.04074	0.00856	0.00733	0.04770	0.00821	0.00578	0.00447	0.00855

[dist]
# distance from previous block
# <min> <max>
0	13

[block]
# block no. 3 follows, 32 sequences, length 45
# corresponding to MSA columns:
# 207-212,216-254
name=unknown_D
#
# <colnr> <probs for GDERKNQSTAVLIFYWHMCP>
#	G	D	E	R	K	N	Q	S	T	A	V	L	I	F	Y	W	H	M	C	P
0	0.38129	0.08908	0.03563	0.10925	0.03739	0.04045	0.03231	0.02102	0.05019	0.06183	0.01192	0.01400	0.00925	0.00679	0.00614	0.00205	0.04933	0.00470	0.00406	0.03332
1	0.09026	0.03871	0.01575	0.05499	0.03591	0.03250	0.01040	0.17817	0.03960	0.13637	0.02037	0.09578	0.03796	0.06286	0.00948	0.00243	0.05784	0.00760	0.03228	0.04075
2	0.01562	0.00834	0.01057	0.00947	0.01189	0.00780	0.00709	0.01794	0.04115	0.20320	0.07398	0.10605	0.08398	0.10744	0.07678	0.07007	0.00604	0.00918	0.08291	0.05049
3	0.01350	0.01144	0.03659	0.07086	0.07495	0.01155	0.01032	0.11446	0.11811	0.02223	0.02698	0.18846	0.08861	0.09838	0.04949	0.03431	0.00659	0.01031	0.00528	0.00759
4	0.01054	0.00976	0.00897	0.00868	0.01068	0.09331	0.00640	0.01256	0.01640	0.02016	0.24667	0.08709	0.37345	0.05470	0.00912	0.00240	0.00456	0.01240	0.00612	0.00602
5	0.04629	0.13253	0.02097	0.01625	0.02004	0.61929	0.01260	0.02567	0.01806	0.01672	0.01020	0.01188	0.00860	0.00673	0.00576	0.00170	0.01123	0.00420	0.00340	0.00788
6	0.16973	0.15715	0.11019	0.05461	0.07881	0.12234	0.01342	0.07451	0.03868	0.05786	0.05345	0.01604	0.01271	0.00703	0.00571	0.00192	0.00767	0.00517	0.00419	0.00879
7	0.01201	0.00852	0.01092	0.01178	0.08345	0.00784	0.00787	0.01526	0.04693	0.09443	0.27780	0.07232	0.29775	0.01365	0.00765	0.00218	0.00412	0.01176	0.00657	0.00720
8	0.01628	0.03427	0.06437	0.13100	0.07165	0.01367	0.01296	0.03760	0.10604	0.09127	0.01520	0.01712	0.01168	0.00696	0.00737	0.00181	0.07089	0.00544	0.00444	0.27996
9	0.01109	0.00734	0.00894	0.00836	0.01055	0.00651	0.00642	0.01367	0.01755	0.09500	0.38872	0.05349	0.29271	0.01452	0.00785	0.00220	0.00362	0.03782	0.00702	0.00661
10	0.01041	0.00721	0.00901	0.00851	0.01019	0.00671	0.00627	0.01350	0.03877	0.05455	0.50316	0.07984	0.12620	0.08376	0.01030	0.00257	0.00371	0.01206	0.00693	0.00636
11	0.01683	0.24742	0.32886	0.01851	0.08830	0.01848	0.05428	0.02246	0.04239	0.08336	0.01327	0.01480	0.01002	0.00639	0.00592	0.00192	0.00843	0.00507	0.00357	0.00971
12	0.01576	0.11760	0.13983	0.06708	0.04942	0.01503	0.03511	0.09408	0.01584	0.02269	0.01205	0.01433	0.00961	0.00605	0.00612	0.00158	0.03010	0.00472	0.00379	0.33920
13	0.05398	0.38957	0.06371	0.01356	0.01853	0.22586	0.01223	0.05401	0.04392	0.01908	0.04149	0.01385	0.01153	0.00672	0.00527	0.00167	0.00840	0.00451	0.00362	0.00850
14	0.00955	0.00790	0.01006	0.01081	0.01172	0.04495	0.04068	0.01104	0.01342	0.01742	0.03437	0.65804	0.04059	0.01943	0.00843	0.00266	0.00478	0.04246	0.00594	0.00578
15	0.01530	0.01290	0.02114	0.05291	0.17896	0.01287	0.15481	0.08061	0.03382	0.06123	0.04303	0.09060	0.04011	0.13502	0.01185	0.00294	0.00751	0.03142	0.00469	0.00830
16	0.01537	0.01188	0.01406	0.01012	0.01601	0.00903	0.00812	0.01831	0.01439	0.08520	0.01323	0.01472	0.01054	0.00527	0.00513	0.00109	0.00504	0.00422	0.00436	0.73391
17	0.02516	0.02901	0.01927	0.01687	0.02076	0.57565	0.01292	0.17863	0.02184	0.02226	0.01167	0.01300	0.00927	0.00717	0.00620	0.00179	0.01104	0.00471	0.00419	0.00860
18	0.01059	0.00735	0.00906	0.00934	0.01020	0.00736	0.00678	0.03460	0.01339	0.01787	0.10660	0.05389	0.03304	0.41248	0.02220	0.00475	0.00604	0.22398	0.00522	0.00525
19	0.01584	0.01810	0.03959	0.02828	0.03507	0.01697	0.69796	0.02149	0.01584	0.02149	0.01357	0.01810	0.01018	0.00566	0.00792	0.00226	0.01131	0.00792	0.00339	0.00905
20	0.02451	0.05999	0.01996	0.01783	0.04468	0.66468	0.01316	0.04501	0.01902	0.01730	0.01057	0.01231	0.00879	0.00687	0.00602	0.00173	0.01163	0.00440	0.00352	0.00801
21	0.03010	0.01142	0.01557	0.01194	0.01713	0.00986	0.00986	0.03270	0.01920	0.72698	0.02647	0.02284	0.01661	0.00830	0.00675	0.00208	0.00571	0.00675	0.00830	0.01142
22	0.01660	0.01331	0.01444	0.01252	0.01611	0.01472	0.00986	0.18659	0.35176	0.02996	0.13974	0.03065	0.08965	0.01160	0.02959	0.00245	0.00567	0.00855	0.00674	0.00952
23	0.00896	0.00674	0.00829	0.00811	0.00975	0.00607	0.00600	0.01154	0.01740	0.02363	0.48014	0.12807	0.23008	0.01532	0.00799	0.00221	0.00330	0.01338	0.00697	0.00607
24	0.01377	0.01386	0.02498	0.01961	0.02260	0.01543	0.28413	0.01711	0.01330	0.01915	0.04751	0.07950	0.01591	0.01395	0.08707	0.00336	0.25745	0.00819	0.03547	0.00764
25	0.59898	0.01365	0.01190	0.00998	0.01451	0.01513	0.00820	0.11654	0.01479	0.05727	0.01118	0.01236	0.00845	0.00645	0.00469	0.00197	0.00550	0.00412	0.00466	0.07968
26	0.00821	0.00664	0.00730	0.00750	0.00933	0.00573	0.00549	0.01004	0.01543	0.01930	0.16221	0.18496	0.49999	0.01720	0.00804	0.00232	0.00345	0.01472	0.00641	0.00573
27	0.05169	0.09595	0.04563	0.01340	0.01806	0.09637	0.01129	0.24539	0.04330	0.15715	0.04871	0.08358	0.01690	0.00892	0.00645	0.00198	0.00696	0.00699	0.00590	0.03538
28	0.19436	0.06421	0.06832	0.01442	0.04174	0.12644	0.01195	0.22559	0.02003	0.12269	0.01452	0.01577	0.01083	0.03282	0.00682	0.00212	0.00756	0.00525	0.00517	0.00941
29	0.01134	0.01027	0.03885	0.01116	0.01344	0.02743	0.03542	0.01608	0.12644	0.01989	0.06943	0.32705	0.05789	0.09715	0.01056	0.00280	0.00526	0.03546	0.00564	0.07843
30	0.00883	0.00677	0.00826	0.00892	0.01043	0.00608	0.00665	0.01071	0.01459	0.01886	0.09819	0.33624	0.26935	0.01810	0.00827	0.00251	0.00407	0.11982	0.00622	0.03713
31	0.01575	0.01515	0.05559	0.03727	0.07047	0.07370	0.02382	0.06301	0.03864	0.04569	0.03524	0.07531	0.01506	0.03210	0.00757	0.00182	0.03508	0.00636	0.00443	0.34793
32	0.01755	0.17525	0.04271	0.08531	0.13900	0.09756	0.01330	0.02284	0.11665	0.08335	0.02084	0.02328	0.07668	0.00824	0.00630	0.00197	0.00728	0.03263	0.00454	0.02471
33	0.01517	0.01365	0.08764	0.01274	0.03572	0.01004	0.03801	0.04519	0.01532	0.09970	0.03986	0.14069	0.01801	0.00860	0.00623	0.00167	0.00575	0.00745	0.00489	0.39366
34	0.01411	0.01180	0.01643	0.03490	0.04136	0.00979	0.07907	0.01719	0.01416	0.05377	0.01589	0.10145	0.01447	0.00867	0.03070	0.00178	0.00619	0.00648	0.00431	0.51747
35	0.05652	0.04230	0.07444	0.04298	0.04518	0.11381	0.02678	0.10742	0.16047	0.02404	0.01852	0.10402	0.01620	0.01108	0.04528	0.00248	0.00777	0.00725	0.00488	0.08857
36	0.00972	0.00742	0.00934	0.07505	0.01308	0.00728	0.00706	0.03834	0.01402	0.01838	0.08155	0.34182	0.16717	0.14517	0.01247	0.00313	0.00482	0.01401	0.00561	0.02456
37	0.09055	0.12043	0.04363	0.05786	0.07291	0.09520	0.02606	0.10701	0.03859	0.04137	0.04655	0.05912	0.03445	0.01197	0.06900	0.00273	0.03616	0.00657	0.00444	0.03541
38	0.14986	0.18829	0.31974	0.01587	0.04613	0.04588	0.01680	0.08316	0.01556	0.04503	0.01177	0.01333	0.00891	0.00643	0.00559	0.00193	0.00819	0.00460	0.00362	0.00931
39	0.00925	0.00696	0.00956	0.01011	0.01110	0.00666	0.03371	0.01141	0.03561	0.01839	0.09427	0.48210	0.07059	0.09365	0.01103	0.00303	0.00461	0.07618	0.00601	0.00577
40	0.00945	0.00654	0.00816	0.00870	0.00999	0.00589	0.00616	0.01120	0.01492	0.05407	0.17541	0.42289	0.20571	0.01804	0.00820	0.00247	0.00373	0.01597	0.00655	0.00596
41	0.04408	0.03771	0.11632	0.08894	0.09901	0.06804	0.06548	0.08023	0.08661	0.06175	0.08437	0.02149	0.03730	0.00833	0.00799	0.00216	0.06981	0.00676	0.00462	0.00900
42	0.11023	0.08423	0.03981	0.12101	0.05089	0.01697	0.10247	0.19407	0.06298	0.05982	0.03805	0.03736	0.01359	0.00891	0.02895	0.00235	0.00782	0.00645	0.00486	0.00919
43	0.00968	0.01072	0.09839	0.03593	0.01453	0.00832	0.02994	0.01221	0.01392	0.01864	0.08212	0.38664	0.15899	0.01650	0.00879	0.00252	0.04446	0.03579	0.00552	0.00639
44	0.07404	0.09677	0.11705	0.05188	0.07250	0.09959	0.08799	0.12518	0.04092	0.05225	0.03057	0.01601	0.01143	0.00691	0.00659	0.00194	0.02779	0.00554	0.00425	0.07080

[dist]
# distance from previous block
# <min> <max>
0	13

[block]
# block no. 4 follows, 32 sequences, length 11
# corresponding to MSA columns:
# 268-278
name=unknown_E
#
# <colnr> <probs for GDERKNQSTAVLIFYWHMCP>
#	G	D	E	R	K	N	Q	S	T	A	V	L	I	F	Y	W	H	M	C	P
0	0.01732	0.18161	0.08972	0.01750	0.09484	0.05015	0.06928	0.11834	0.11633	0.02360	0.01687	0.01830	0.04110	0.00883	0.03484	0.00220	0.00791	0.00589	0.00436	0.08100
1	0.00997	0.00667	0.00842	0.00875	0.00971	0.00646	0.00609	0.01148	0.01323	0.04399	0.12265	0.26378	0.09166	0.21273	0.09391	0.00440	0.00608	0.03922	0.03524	0.00557
2	0.04700	0.18255	0.04889	0.06522	0.07650	0.05472	0.03647	0.16403	0.08310	0.02434	0.01410	0.01686	0.01149	0.03743	0.00851	0.00217	0.07633	0.00563	0.03561	0.00906
3	0.01248	0.04193	0.01245	0.01154	0.03523	0.06634	0.00846	0.04222	0.01439	0.01917	0.07325	0.15750	0.13256	0.06491	0.07192	0.03103	0.08798	0.02802	0.08216	0.00644
4	0.01085	0.00702	0.00853	0.00872	0.00976	0.00669	0.00612	0.01207	0.01291	0.06363	0.06358	0.13704	0.12479	0.36024	0.02020	0.00439	0.00551	0.12711	0.00542	0.00541
5	0.01937	0.07516	0.10887	0.04200	0.11395	0.13239	0.01430	0.17045	0.04452	0.07115	0.01766	0.04973	0.04182	0.03794	0.00804	0.00220	0.02992	0.00656	0.00470	0.00928
6	0.04921	0.09120	0.02546	0.13544	0.17358	0.05463	0.13236	0.06526	0.04070	0.02155	0.03815	0.01725	0.01194	0.00736	0.00859	0.00215	0.10643	0.00616	0.00373	0.00884
7	0.00871	0.00613	0.00756	0.00848	0.00885	0.00583	0.00540	0.00951	0.01193	0.01576	0.03343	0.46684	0.08007	0.27931	0.01743	0.00401	0.00477	0.01552	0.00548	0.00498
8	0.01072	0.00736	0.00893	0.00897	0.01063	0.00691	0.00655	0.01367	0.05914	0.06885	0.19385	0.24903	0.19883	0.08103	0.01029	0.00275	0.00417	0.04548	0.00648	0.00635
9	0.06843	0.04924	0.18287	0.08067	0.05129	0.08452	0.11702	0.12825	0.08872	0.06272	0.01482	0.01651	0.01091	0.00694	0.00651	0.00208	0.00869	0.00586	0.00439	0.00957
10	0.06793	0.01708	0.04123	0.04893	0.10179	0.10470	0.08998	0.20290	0.04500	0.02682	0.06140	0.12519	0.01872	0.00944	0.00693	0.00214	0.00764	0.00816	0.00508	0.00893

[dist]
# distance from previous block
# <min> <max>
5	19

[block]
# block no. 5 follows, 32 sequences, length 31
# corresponding to MSA columns:
# 302-332
name=unknown_F
#
# <colnr> <probs for GDERKNQSTAVLIFYWHMCP>
#	G	D	E	R	K	N	Q	S	T	A	V	L	I	F	Y	W	H	M	C	P
0	0.03917	0.19146	0.08875	0.01610	0.02123	0.18892	0.11440	0.07122	0.04048	0.06680	0.01608	0.04176	0.03852	0.00869	0.02627	0.00215	0.00906	0.00607	0.00414	0.00873
1	0.13245	0.02415	0.01784	0.06061	0.03872	0.42851	0.01265	0.05094	0.03941	0.01993	0.01161	0.03047	0.00986	0.00774	0.00764	0.00200	0.08876	0.00505	0.00377	0.00790
2	0.02017	0.02019	0.04586	0.15646	0.18186	0.20113	0.01575	0.18267	0.01995	0.04450	0.03848	0.01686	0.01198	0.00720	0.00656	0.00199	0.00890	0.00577	0.00437	0.00934
3	0.01669	0.01441	0.01517	0.01365	0.01745	0.01669	0.01062	0.03565	0.71021	0.02807	0.02731	0.02503	0.02048	0.00910	0.00683	0.00228	0.00531	0.00759	0.00683	0.01062
4	0.00858	0.00650	0.00781	0.00813	0.00949	0.00584	0.00579	0.01049	0.01543	0.02032	0.25877	0.27667	0.27236	0.05124	0.00932	0.00255	0.00362	0.01487	0.00649	0.00573
5	0.00835	0.00608	0.00771	0.00893	0.00957	0.00563	0.00604	0.00955	0.01299	0.01700	0.03970	0.58785	0.13156	0.08262	0.01064	0.00299	0.00411	0.03725	0.00605	0.00538
6	0.00844	0.00655	0.00771	0.00818	0.00969	0.00582	0.00596	0.01031	0.01521	0.01953	0.17750	0.28401	0.34970	0.01774	0.00819	0.00242	0.00365	0.04720	0.00644	0.00574
7	0.01363	0.01168	0.01357	0.00979	0.01557	0.00879	0.00781	0.01655	0.01398	0.02168	0.01462	0.01635	0.04403	0.00555	0.00511	0.00105	0.00489	0.00446	0.00408	0.76680
8	0.02020	0.09249	0.09961	0.01441	0.01930	0.08484	0.01272	0.26663	0.12621	0.07265	0.01933	0.10732	0.01626	0.00928	0.00662	0.00207	0.00725	0.00738	0.00565	0.00978
9	0.02034	0.51986	0.02971	0.01344	0.01841	0.26630	0.01198	0.02235	0.01545	0.01600	0.00968	0.01121	0.00862	0.00614	0.00489	0.00153	0.00884	0.00384	0.00307	0.00833
10	0.07084	0.11840	0.04413	0.03969	0.08920	0.14232	0.01188	0.07620	0.01768	0.10934	0.11270	0.02576	0.06479	0.00898	0.00645	0.00199	0.00716	0.03886	0.00507	0.00855
11	0.05181	0.01949	0.01659	0.01387	0.01814	0.26613	0.01094	0.13122	0.03895	0.27964	0.01837	0.01788	0.01286	0.00770	0.00626	0.00191	0.00798	0.00567	0.06498	0.00960
12	0.00944	0.00640	0.00756	0.00794	0.00818	0.00626	0.00486	0.00977	0.01082	0.01431	0.02678	0.19608	0.06030	0.52284	0.02644	0.03248	0.00578	0.03463	0.00465	0.00446
13	0.01505	0.05603	0.20381	0.18954	0.04642	0.06381	0.08022	0.08094	0.01549	0.02061	0.01420	0.05385	0.01207	0.04384	0.05274	0.00286	0.02997	0.00655	0.00360	0.00842
14	0.01754	0.10868	0.10255	0.17044	0.22929	0.13279	0.03841	0.06594	0.03424	0.02077	0.01231	0.01542	0.00979	0.00650	0.00630	0.00197	0.00894	0.00542	0.00348	0.00922
15	0.01422	0.01361	0.06644	0.01463	0.01797	0.03954	0.14492	0.05744	0.04852	0.05375	0.02264	0.04786	0.08260	0.16246	0.10089	0.00409	0.05267	0.00835	0.03999	0.00741
16	0.00969	0.00654	0.00761	0.00766	0.00777	0.00662	0.00448	0.00992	0.00994	0.01335	0.02142	0.06623	0.02445	0.68314	0.08891	0.00672	0.00733	0.00986	0.00410	0.00426
17	0.02395	0.15120	0.02182	0.01608	0.02017	0.52163	0.01269	0.11851	0.01986	0.01988	0.01099	0.01243	0.00902	0.00688	0.00585	0.00172	0.01064	0.00444	0.00381	0.00842
18	0.01882	0.10787	0.18069	0.01869	0.10086	0.01689	0.06534	0.14438	0.04792	0.11052	0.01603	0.01723	0.02538	0.00722	0.00704	0.00199	0.04092	0.00582	0.00462	0.06180
19	0.00995	0.00693	0.00814	0.00804	0.00985	0.00613	0.00587	0.01189	0.01575	0.06648	0.22649	0.17839	0.34237	0.06150	0.00955	0.00255	0.00376	0.01374	0.00654	0.00608
20	0.01360	0.03370	0.68767	0.01968	0.02941	0.01567	0.06554	0.02126	0.01427	0.02126	0.01213	0.01440	0.00860	0.00633	0.00647	0.00213	0.01000	0.00514	0.00287	0.00986
21	0.00936	0.00676	0.00800	0.00860	0.01011	0.00608	0.00618	0.01130	0.03083	0.05020	0.04914	0.39678	0.32380	0.01840	0.00820	0.00251	0.00388	0.03758	0.00634	0.00596
22	0.02464	0.04553	0.02012	0.01915	0.11259	0.41014	0.01338	0.11199	0.01999	0.13883	0.01405	0.01495	0.01058	0.00713	0.00628	0.00185	0.00975	0.00514	0.00464	0.00924
23	0.00959	0.00719	0.01078	0.01078	0.01198	0.00839	0.00839	0.01198	0.01078	0.01558	0.01797	0.02636	0.01677	0.05032	0.73760	0.01078	0.01797	0.00719	0.00359	0.00599
24	0.00813	0.00600	0.00762	0.00892	0.00962	0.00549	0.00604	0.00939	0.01325	0.01729	0.04208	0.64541	0.15549	0.02036	0.00846	0.00265	0.00381	0.01827	0.00623	0.00549
25	0.01027	0.00785	0.00932	0.00987	0.01130	0.00786	0.00717	0.03599	0.11077	0.01962	0.03869	0.39376	0.14903	0.07531	0.01020	0.00289	0.00456	0.08301	0.00616	0.00637
26	0.04778	0.44644	0.02875	0.01451	0.04377	0.10908	0.06185	0.04474	0.05715	0.01879	0.01304	0.06248	0.01194	0.00720	0.00538	0.00173	0.00771	0.00544	0.00364	0.00857
27	0.07246	0.07027	0.06089	0.08930	0.08526	0.06680	0.01258	0.06335	0.03163	0.12927	0.04027	0.07585	0.01583	0.03469	0.02789	0.00244	0.05501	0.00687	0.00475	0.05458
28	0.03731	0.06179	0.01363	0.01168	0.03859	0.01192	0.00841	0.08615	0.01311	0.01832	0.01874	0.03006	0.04239	0.30070	0.19636	0.00589	0.08676	0.00774	0.00409	0.00637
29	0.04658	0.09944	0.04832	0.04590	0.10109	0.26348	0.11181	0.09321	0.04266	0.02145	0.01289	0.03394	0.01069	0.00718	0.00686	0.00196	0.03412	0.00573	0.00387	0.00881
30	0.04867	0.04416	0.05275	0.02052	0.15952	0.08553	0.08552	0.19105	0.01920	0.04725	0.01872	0.11166	0.03946	0.01052	0.03310	0.00241	0.00815	0.00782	0.00482	0.00918

[dist]
# distance from previous block
# <min> <max>
3	15

[block]
# block no. 6 follows, 32 sequences, length 26
# corresponding to MSA columns:
# 348-373
name=unknown_G
#
# <colnr> <probs for GDERKNQSTAVLIFYWHMCP>
#	G	D	E	R	K	N	Q	S	T	A	V	L	I	F	Y	W	H	M	C	P
0	0.09076	0.06474	0.06749	0.04615	0.18763	0.08305	0.05552	0.06910	0.09460	0.09360	0.03571	0.02000	0.04764	0.00756	0.00641	0.00203	0.00751	0.00633	0.00470	0.00945
1	0.01166	0.00751	0.01193	0.08495	0.01447	0.00786	0.04762	0.01072	0.01029	0.01363	0.01630	0.05132	0.05554	0.02062	0.04263	0.55077	0.02766	0.00702	0.00330	0.00421
2	0.01489	0.07347	0.04702	0.04552	0.19411	0.03199	0.04219	0.05360	0.03425	0.06376	0.02513	0.08677	0.12395	0.03795	0.09267	0.00324	0.00811	0.00847	0.00458	0.00834
3	0.01733	0.09307	0.14942	0.10004	0.13940	0.05246	0.03885	0.04253	0.08446	0.09672	0.03675	0.01815	0.01298	0.00805	0.00808	0.03676	0.04554	0.00596	0.00423	0.00923
4	0.01802	0.69357	0.03364	0.01208	0.01738	0.05429	0.01173	0.02012	0.01364	0.01583	0.00934	0.01105	0.00862	0.00615	0.00544	0.00154	0.05238	0.00375	0.00290	0.00850
5	0.01362	0.01186	0.01919	0.37566	0.11350	0.01318	0.05929	0.05369	0.01532	0.04090	0.04283	0.08945	0.06466	0.00954	0.00722	0.00228	0.00764	0.04806	0.00424	0.00785
6	0.01285	0.01646	0.16870	0.05665	0.02156	0.04005	0.12715	0.03038	0.05768	0.02029	0.05121	0.15878	0.06966	0.01233	0.00868	0.04898	0.00746	0.07889	0.00464	0.00761
7	0.01627	0.01366	0.01611	0.13930	0.05144	0.08216	0.03461	0.12570	0.07351	0.06406	0.08632	0.02953	0.07995	0.08351	0.05216	0.00306	0.00776	0.02762	0.00518	0.00808
8	0.00871	0.00615	0.00763	0.00852	0.00895	0.00583	0.00549	0.00962	0.01227	0.01628	0.06029	0.46611	0.07978	0.25313	0.01651	0.00386	0.00465	0.01559	0.00560	0.00506
9	0.01101	0.00705	0.00891	0.00935	0.01058	0.00670	0.00660	0.01302	0.03828	0.08520	0.05303	0.40019	0.10943	0.13300	0.03643	0.00345	0.00504	0.05056	0.00606	0.00610
10	0.01801	0.06364	0.02929	0.09995	0.24866	0.10976	0.24272	0.02210	0.01592	0.06574	0.01327	0.01669	0.01032	0.00620	0.00686	0.00204	0.00951	0.00631	0.00362	0.00935
11	0.02143	0.02220	0.08887	0.06880	0.17610	0.24411	0.01568	0.12754	0.01918	0.10372	0.01475	0.01777	0.01149	0.00739	0.00655	0.00199	0.00912	0.02933	0.00449	0.00950
12	0.00894	0.00653	0.00804	0.00904	0.01007	0.00617	0.00638	0.01125	0.04378	0.01868	0.05946	0.50691	0.15877	0.01868	0.00817	0.00256	0.00393	0.05235	0.05448	0.00582
13	0.00942	0.00774	0.00934	0.07900	0.01369	0.00748	0.00743	0.01279	0.06111	0.02019	0.16622	0.13705	0.37446	0.01549	0.00789	0.00234	0.00423	0.05168	0.00615	0.00628
14	0.00923	0.00676	0.00823	0.00878	0.01000	0.00639	0.00629	0.01181	0.04469	0.02008	0.17780	0.33739	0.16811	0.06240	0.00963	0.00269	0.00397	0.05329	0.04658	0.00589
15	0.04566	0.23090	0.04303	0.15685	0.15107	0.15218	0.01517	0.05774	0.01563	0.01936	0.01102	0.01398	0.00916	0.00664	0.00657	0.00189	0.04625	0.00489	0.00334	0.00868
16	0.39916	0.11773	0.10354	0.03435	0.08907	0.01729	0.01223	0.07387	0.05465	0.02677	0.01164	0.01327	0.00907	0.00648	0.00512	0.00200	0.00659	0.00450	0.00406	0.00863
17	0.00929	0.00721	0.00858	0.00880	0.01055	0.00672	0.00669	0.01250	0.05632	0.02129	0.24211	0.17671	0.29136	0.01647	0.00814	0.00240	0.00388	0.09821	0.00659	0.00617
18	0.01075	0.00929	0.01284	0.01159	0.01299	0.01030	0.04979	0.01314	0.03386	0.01834	0.12383	0.11794	0.17767	0.11599	0.09066	0.00388	0.16509	0.01079	0.00497	0.00626
19	0.76932	0.01289	0.01017	0.00899	0.01320	0.01477	0.00741	0.02043	0.01184	0.06779	0.01027	0.01155	0.00777	0.00634	0.00429	0.00208	0.00522	0.00380	0.00438	0.00749
20	0.81159	0.01298	0.00986	0.00882	0.01298	0.01505	0.00727	0.01972	0.01142	0.03010	0.00934	0.01090	0.00727	0.00623	0.00415	0.00208	0.00519	0.00363	0.00415	0.00727
21	0.01576	0.01174	0.01486	0.08395	0.03378	0.03297	0.04461	0.13163	0.07206	0.09446	0.10012	0.13822	0.09129	0.07168	0.00954	0.00259	0.00612	0.03069	0.00591	0.00803
22	0.01262	0.01013	0.01135	0.01074	0.01286	0.05183	0.02710	0.03452	0.09177	0.06535	0.06228	0.24346	0.21472	0.05866	0.00989	0.00264	0.03460	0.03260	0.00598	0.00691
23	0.01713	0.16634	0.13963	0.03967	0.05027	0.08402	0.01367	0.08585	0.01641	0.05720	0.05936	0.06061	0.01520	0.00810	0.00718	0.00189	0.06011	0.00615	0.00422	0.10698
24	0.05628	0.03908	0.11574	0.06282	0.07136	0.10985	0.12964	0.02152	0.05536	0.06605	0.01628	0.03770	0.03611	0.00885	0.02912	0.00231	0.05547	0.00640	0.00404	0.07601
25	0.10379	0.01968	0.16525	0.07622	0.07892	0.08636	0.01476	0.09244	0.10848	0.02434	0.03683	0.03953	0.03515	0.00829	0.00694	0.00211	0.03281	0.02318	0.00448	0.04044

[dist]
# distance from previous block
# <min> <max>
0	11

[block]
# block no. 7 follows, 32 sequences, length 23
# corresponding to MSA columns:
# 385-407
name=unknown_H
#
# <colnr> <probs for GDERKNQSTAVLIFYWHMCP>
#	G	D	E	R	K	N	Q	S	T	A	V	L	I	F	Y	W	H	M	C	P
0	0.05480	0.00921	0.01111	0.04851	0.01401	0.00939	0.00808	0.06586	0.09133	0.07463	0.27121	0.19898	0.08934	0.01354	0.00751	0.00227	0.00447	0.01176	0.00660	0.00738
1	0.01413	0.01554	0.11431	0.10037	0.08793	0.01371	0.07171	0.03785	0.19209	0.02160	0.01834	0.03875	0.01550	0.10109	0.07196	0.00337	0.00832	0.00712	0.00442	0.06190
2	0.02429	0.06078	0.01914	0.01622	0.02001	0.55595	0.01244	0.05310	0.08777	0.06891	0.01336	0.01424	0.01048	0.00722	0.00612	0.00181	0.01058	0.00485	0.00423	0.00849
3	0.01068	0.00909	0.01287	0.01574	0.13079	0.03429	0.03570	0.01272	0.01412	0.01887	0.07933	0.50598	0.03725	0.01679	0.00810	0.00252	0.00519	0.03773	0.00561	0.00663
4	0.02419	0.03008	0.04817	0.01690	0.02079	0.61453	0.01323	0.09556	0.02001	0.01933	0.01253	0.01396	0.02738	0.00727	0.00618	0.00179	0.01130	0.00478	0.00384	0.00819
5	0.34651	0.03958	0.05672	0.01500	0.05453	0.25940	0.01181	0.03978	0.01482	0.02326	0.01014	0.01227	0.00826	0.00699	0.00675	0.00202	0.07618	0.00433	0.00372	0.00792
6	0.09928	0.21730	0.25631	0.09773	0.07517	0.01774	0.04425	0.02019	0.01421	0.04177	0.04850	0.01582	0.01178	0.00661	0.00581	0.00195	0.00803	0.00519	0.00346	0.00890
7	0.01365	0.02991	0.04299	0.08108	0.08081	0.01152	0.05024	0.05120	0.06679	0.04701	0.05710	0.20569	0.04729	0.01143	0.00745	0.00216	0.02218	0.03926	0.00510	0.12713
8	0.00920	0.00701	0.00892	0.00927	0.01027	0.00694	0.00673	0.01098	0.01449	0.01948	0.20870	0.31743	0.15318	0.08235	0.01147	0.00286	0.05402	0.05482	0.00611	0.00575
9	0.01541	0.04329	0.08444	0.04775	0.04563	0.09616	0.06995	0.08353	0.03365	0.04390	0.05722	0.18438	0.03870	0.05038	0.00945	0.00244	0.05271	0.00940	0.00480	0.02683
10	0.00874	0.00647	0.00773	0.00826	0.00930	0.00595	0.00571	0.01019	0.01388	0.01809	0.13882	0.29455	0.22579	0.16867	0.01349	0.00329	0.00429	0.04544	0.00595	0.00539
11	0.01696	0.08864	0.12235	0.02044	0.14203	0.01741	0.06950	0.13029	0.15232	0.02490	0.01720	0.02190	0.01424	0.02716	0.00845	0.00229	0.05859	0.05106	0.00462	0.00965
12	0.02429	0.01911	0.01941	0.01511	0.02032	0.07334	0.01234	0.57376	0.05740	0.03832	0.01585	0.01602	0.01147	0.00779	0.00654	0.00193	0.00748	0.00583	0.00628	0.06740
13	0.01882	0.06102	0.03463	0.01728	0.10111	0.22125	0.04033	0.02131	0.01616	0.10623	0.06557	0.02310	0.07176	0.03716	0.00925	0.00219	0.09178	0.00673	0.04614	0.00818
14	0.02026	0.21148	0.11215	0.03441	0.03746	0.21143	0.03324	0.14346	0.03362	0.03948	0.01337	0.01655	0.01102	0.02371	0.00661	0.00196	0.00892	0.02776	0.00409	0.00901
15	0.01529	0.10369	0.06529	0.06868	0.06010	0.12614	0.05835	0.01906	0.05409	0.01905	0.07026	0.08996	0.01837	0.03943	0.03155	0.00257	0.10810	0.00749	0.03477	0.00775
16	0.72872	0.01336	0.01068	0.00942	0.01362	0.01544	0.00773	0.05611	0.04920	0.03063	0.01064	0.01192	0.00818	0.00648	0.00443	0.00208	0.00531	0.00397	0.00443	0.00766
17	0.02152	0.01657	0.01908	0.09950	0.02279	0.06568	0.03910	0.26090	0.17858	0.12619	0.01861	0.01897	0.01349	0.00826	0.00779	0.00216	0.05829	0.00642	0.00592	0.01016
18	0.01660	0.10486	0.05070	0.05854	0.07162	0.01649	0.08541	0.10386	0.15384	0.05640	0.05673	0.04163	0.07428	0.00909	0.00802	0.00216	0.06808	0.00751	0.00505	0.00911
19	0.00923	0.00735	0.00909	0.00941	0.01059	0.00738	0.00704	0.01091	0.01402	0.01826	0.10238	0.27214	0.26533	0.06758	0.01139	0.00283	0.07641	0.08703	0.00586	0.00577
20	0.03432	0.01312	0.01474	0.05512	0.04811	0.05878	0.01042	0.18593	0.07037	0.07459	0.18714	0.03152	0.06864	0.03004	0.05952	0.00283	0.00694	0.03335	0.00603	0.00848
21	0.01184	0.00899	0.00993	0.00926	0.01136	0.04556	0.00698	0.05407	0.01836	0.05942	0.40379	0.12244	0.18396	0.01418	0.00776	0.00218	0.00413	0.01223	0.00683	0.00674
22	0.02372	0.07976	0.01943	0.01633	0.01974	0.64809	0.01236	0.02537	0.01813	0.01618	0.01092	0.01382	0.00954	0.04998	0.00753	0.00198	0.01145	0.00458	0.00345	0.00762

[dist]
# distance from previous block
# <min> <max>
2	6

[block]
# block no. 8 follows, 32 sequences, length 18
# corresponding to MSA columns:
# 414-431
name=unknown_I
#
# <colnr> <probs for GDERKNQSTAVLIFYWHMCP>
#	G	D	E	R	K	N	Q	S	T	A	V	L	I	F	Y	W	H	M	C	P
0	0.01544	0.05374	0.03889	0.06075	0.01684	0.01178	0.00980	0.12272	0.05571	0.09829	0.06867	0.12402	0.10829	0.03515	0.07432	0.00298	0.00678	0.00912	0.00560	0.08111
1	0.02416	0.01531	0.01758	0.01400	0.01859	0.01641	0.01140	0.37484	0.09926	0.22062	0.02116	0.06844	0.01586	0.00926	0.00752	0.00215	0.03849	0.00726	0.00695	0.01076
2	0.01555	0.05787	0.01581	0.04750	0.01716	0.05263	0.02984	0.10013	0.19097	0.04489	0.07331	0.13830	0.06877	0.01237	0.03055	0.00246	0.03832	0.00920	0.02734	0.02701
3	0.03550	0.07784	0.01498	0.01409	0.09864	0.01103	0.02871	0.06082	0.03446	0.04025	0.11510	0.21115	0.11145	0.06444	0.03072	0.00278	0.00576	0.02952	0.00546	0.00730
4	0.08561	0.01726	0.01837	0.01437	0.01949	0.01895	0.01179	0.51937	0.09958	0.07614	0.01717	0.01693	0.01227	0.00793	0.00647	0.00202	0.00683	0.00599	0.00652	0.03695
5	0.02506	0.03198	0.01901	0.01729	0.02074	0.73725	0.01296	0.02679	0.01901	0.01642	0.01037	0.01210	0.00864	0.00691	0.00605	0.00173	0.01210	0.00432	0.00346	0.00778
6	0.01213	0.01275	0.08652	0.08734	0.05793	0.01087	0.10684	0.05626	0.01573	0.02103	0.06849	0.20198	0.10877	0.01320	0.00786	0.00244	0.00668	0.11065	0.00512	0.00740
7	0.00871	0.00688	0.00799	0.00807	0.00990	0.00595	0.00586	0.01063	0.01523	0.01983	0.18434	0.25854	0.34769	0.01670	0.00791	0.00228	0.00360	0.01449	0.00631	0.05909
8	0.00967	0.00684	0.00901	0.00901	0.00959	0.00742	0.00617	0.01084	0.01026	0.01426	0.01960	0.03535	0.02068	0.41610	0.37716	0.00859	0.01210	0.00851	0.00384	0.00500
