[name]
unknown

[dist]
# distance from previous block
# <min> <max>
35	109

[block]
# block no. 0 follows, 33 sequences, length 93
# corresponding to MSA columns:
# 192-284
name=unknown_A
#
# <colnr> <probs for GDERKNQSTAVLIFYWHMCP>
#	G	D	E	R	K	N	Q	S	T	A	V	L	I	F	Y	W	H	M	C	P
0	0.05592	0.03650	0.05312	0.04824	0.08823	0.04775	0.07585	0.11922	0.09646	0.02394	0.03768	0.08000	0.08516	0.00990	0.00722	0.00215	0.02500	0.06108	0.00494	0.04162
1	0.09929	0.01852	0.01782	0.05555	0.03800	0.18975	0.04157	0.20463	0.07032	0.09678	0.05408	0.01757	0.01382	0.00749	0.00623	0.00192	0.00776	0.00577	0.00522	0.04791
2	0.03891	0.01567	0.05013	0.01963	0.15805	0.03569	0.04343	0.16958	0.06616	0.11727	0.02014	0.03954	0.06928	0.00890	0.00885	0.00217	0.11508	0.00697	0.00510	0.00946
3	0.09232	0.01565	0.01771	0.01666	0.09604	0.11583	0.04160	0.09919	0.01704	0.14880	0.05658	0.04073	0.04649	0.00872	0.00857	0.00208	0.11514	0.00659	0.00501	0.04928
4	0.11722	0.12975	0.02062	0.04847	0.06549	0.04536	0.09511	0.03993	0.06430	0.11124	0.06945	0.05753	0.01701	0.04081	0.00818	0.00223	0.04739	0.00685	0.00470	0.00836
5	0.04112	0.14375	0.02456	0.04925	0.02229	0.04698	0.16855	0.09959	0.06056	0.11947	0.01611	0.01759	0.03016	0.00719	0.00737	0.00196	0.06260	0.00603	0.00457	0.07029
6	0.05637	0.05026	0.02003	0.01545	0.01943	0.11976	0.12324	0.12525	0.08803	0.10108	0.03219	0.07459	0.01562	0.04420	0.00887	0.00228	0.05859	0.00718	0.00502	0.03256
7	0.21148	0.01283	0.01425	0.01214	0.01531	0.04444	0.03065	0.07497	0.03018	0.09772	0.05096	0.09579	0.04616	0.00992	0.00870	0.00217	0.13129	0.02590	0.00499	0.08015
8	0.10278	0.01712	0.01904	0.01492	0.01988	0.11531	0.09549	0.20337	0.07488	0.16499	0.01646	0.01673	0.01180	0.00709	0.00622	0.00190	0.00741	0.00572	0.00552	0.09340
9	0.05337	0.01183	0.01321	0.01165	0.01520	0.01249	0.00921	0.09403	0.28604	0.16293	0.03167	0.09305	0.12204	0.01110	0.00697	0.00224	0.00514	0.04197	0.00669	0.00916
10	0.43449	0.02022	0.01385	0.01238	0.01623	0.29442	0.00969	0.05359	0.05171	0.02481	0.01077	0.01210	0.00851	0.00660	0.00504	0.00191	0.00780	0.00413	0.00406	0.00768
11	0.01440	0.01440	0.02016	0.01728	0.01728	0.02016	0.01440	0.01584	0.01008	0.01584	0.00864	0.01440	0.00864	0.01152	0.02160	0.00288	0.75659	0.00576	0.00288	0.00720
12	0.01243	0.01170	0.01975	0.75282	0.04534	0.01463	0.01828	0.01682	0.01316	0.01682	0.01170	0.01755	0.00878	0.00658	0.00658	0.00219	0.00878	0.00585	0.00293	0.00731
13	0.01365	0.01170	0.01365	0.00975	0.01560	0.00878	0.00780	0.01658	0.01365	0.02145	0.01170	0.01365	0.00975	0.00488	0.00488	0.00098	0.00488	0.00390	0.00390	0.80888
14	0.00932	0.00673	0.00880	0.00828	0.00984	0.00621	0.00621	0.01242	0.01863	0.02640	0.72410	0.04918	0.06212	0.01346	0.00776	0.00207	0.00311	0.01191	0.00725	0.00621
15	0.01637	0.01414	0.01489	0.01340	0.01712	0.01637	0.01042	0.03498	0.71568	0.02754	0.02679	0.02456	0.02010	0.00893	0.00670	0.00223	0.00521	0.00744	0.00670	0.01042
16	0.02503	0.01844	0.01976	0.01515	0.02042	0.02042	0.01251	0.70562	0.03095	0.04149	0.01581	0.01581	0.01120	0.00790	0.00659	0.00198	0.00724	0.00593	0.00659	0.01120
17	0.01227	0.00614	0.00614	0.00614	0.00767	0.00614	0.00460	0.01534	0.01381	0.02454	0.02148	0.02454	0.01687	0.00767	0.00460	0.00153	0.00307	0.00614	0.80518	0.00614
18	0.01901	0.01545	0.01637	0.01393	0.01812	0.01760	0.01106	0.23893	0.50744	0.03178	0.02345	0.02190	0.01739	0.00862	0.00666	0.00215	0.00583	0.00698	0.00666	0.01066
19	0.01440	0.01440	0.02016	0.01728	0.01728	0.02016	0.01440	0.01584	0.01008	0.01584	0.00864	0.01440	0.00864	0.01152	0.02160	0.00288	0.75659	0.00576	0.00288	0.00720
20	0.01227	0.00614	0.00614	0.00614	0.00767	0.00614	0.00460	0.01534	0.01381	0.02454	0.02148	0.02454	0.01687	0.00767	0.00460	0.00153	0.00307	0.00614	0.80518	0.00614
21	0.01243	0.01170	0.01975	0.75282	0.04534	0.01463	0.01828	0.01682	0.01316	0.01682	0.01170	0.01755	0.00878	0.00658	0.00658	0.00219	0.00878	0.00585	0.00293	0.00731
22	0.01554	0.01776	0.03885	0.02775	0.03441	0.01665	0.70366	0.02109	0.01554	0.02109	0.01332	0.01776	0.00999	0.00555	0.00777	0.00222	0.01110	0.00777	0.00333	0.00888
23	0.01455	0.01484	0.02258	0.01864	0.01950	0.01971	0.10343	0.01652	0.01079	0.01652	0.00925	0.01484	0.00882	0.01075	0.01982	0.00280	0.66030	0.00602	0.00294	0.00742
24	0.01629	0.01564	0.02672	0.04041	0.72757	0.01564	0.02020	0.02020	0.01499	0.02151	0.01238	0.01629	0.01043	0.00587	0.00652	0.00196	0.00782	0.00587	0.00326	0.01043
25	0.00778	0.00667	0.00667	0.00667	0.00889	0.00556	0.00500	0.00945	0.01501	0.01778	0.06669	0.06336	0.72490	0.01667	0.00778	0.00222	0.00333	0.01389	0.00611	0.00556
26	0.01619	0.01553	0.02653	0.06016	0.70866	0.01561	0.02015	0.02011	0.01494	0.02138	0.01236	0.01633	0.01038	0.00589	0.00652	0.00196	0.00785	0.00587	0.00325	0.01034
27	0.01227	0.00614	0.00614	0.00614	0.00767	0.00614	0.00460	0.01534	0.01381	0.02454	0.02148	0.02454	0.01687	0.00767	0.00460	0.00153	0.00307	0.00614	0.80518	0.00614
28	0.02154	0.35467	0.02557	0.01448	0.01884	0.42985	0.01209	0.02342	0.01635	0.01584	0.00973	0.01130	0.00847	0.00628	0.00519	0.00157	0.00976	0.00393	0.00314	0.00799
29	0.02954	0.01120	0.01528	0.01171	0.01681	0.00968	0.00968	0.03208	0.01884	0.73213	0.02597	0.02241	0.01630	0.00815	0.00662	0.00204	0.00560	0.00662	0.00815	0.01120
30	0.02373	0.01980	0.01940	0.01549	0.02001	0.12450	0.01259	0.52262	0.05967	0.03518	0.01495	0.01554	0.01102	0.00807	0.00766	0.00202	0.06582	0.00574	0.00584	0.01034
31	0.01468	0.11355	0.28181	0.02164	0.02895	0.01682	0.34855	0.02030	0.01442	0.01994	0.01264	0.01672	0.00988	0.04159	0.00802	0.00227	0.00991	0.00632	0.00311	0.00890
32	0.02215	0.02613	0.02084	0.04148	0.20520	0.49809	0.01480	0.05888	0.01819	0.01882	0.01107	0.01337	0.00913	0.00660	0.00614	0.00179	0.01050	0.00479	0.00351	0.00853
33	0.00954	0.00652	0.00790	0.00790	0.00815	0.00677	0.00489	0.01003	0.00979	0.01330	0.02009	0.03944	0.02235	0.61658	0.18340	0.00727	0.00876	0.00904	0.00389	0.00439
34	0.01365	0.01170	0.01365	0.00975	0.01560	0.00878	0.00780	0.01658	0.01365	0.02145	0.01170	0.01365	0.00975	0.00488	0.00488	0.00098	0.00488	0.00390	0.00390	0.80888
35	0.04397	0.07613	0.05403	0.01414	0.01869	0.10653	0.01212	0.19651	0.01993	0.27383	0.01691	0.01683	0.01188	0.00799	0.00809	0.00204	0.09913	0.00564	0.00574	0.00988
36	0.01577	0.01240	0.01440	0.01044	0.01619	0.01009	0.00842	0.09207	0.01581	0.06323	0.01294	0.01437	0.01027	0.00539	0.00516	0.00114	0.00517	0.00427	0.00443	0.67803
37	0.01227	0.00614	0.00614	0.00614	0.00767	0.00614	0.00460	0.01534	0.01381	0.02454	0.02148	0.02454	0.01687	0.00767	0.00460	0.00153	0.00307	0.00614	0.80518	0.00614
38	0.02361	0.05317	0.01979	0.01469	0.01974	0.02000	0.01214	0.60673	0.07991	0.03863	0.01682	0.03503	0.01253	0.00819	0.00653	0.00199	0.00700	0.00625	0.00641	0.01086
39	0.01243	0.01170	0.01975	0.75282	0.04534	0.01463	0.01828	0.01682	0.01316	0.01682	0.01170	0.01755	0.00878	0.00658	0.00658	0.00219	0.00878	0.00585	0.00293	0.00731
40	0.01227	0.00614	0.00614	0.00614	0.00767	0.00614	0.00460	0.01534	0.01381	0.02454	0.02148	0.02454	0.01687	0.00767	0.00460	0.00153	0.00307	0.00614	0.80518	0.00614
41	0.01444	0.04708	0.38516	0.05670	0.08160	0.01469	0.09634	0.02125	0.06868	0.05788	0.01726	0.05311	0.04139	0.00755	0.00662	0.00212	0.00850	0.00659	0.00377	0.00928
42	0.01429	0.01360	0.02310	0.41016	0.37348	0.01511	0.01921	0.01845	0.01404	0.01907	0.01203	0.01695	0.00957	0.00624	0.00655	0.00208	0.00832	0.00586	0.00309	0.00881
43	0.01067	0.00852	0.01029	0.01102	0.01259	0.04566	0.00909	0.01320	0.01442	0.01849	0.06612	0.05860	0.11729	0.05936	0.13670	0.00429	0.00791	0.38439	0.00544	0.00596
44	0.63327	0.05107	0.01375	0.01165	0.04656	0.04538	0.04354	0.02033	0.01234	0.05765	0.01028	0.01185	0.00794	0.00616	0.00456	0.00200	0.00592	0.00404	0.00408	0.00763
45	0.00810	0.00576	0.00761	0.00906	0.00942	0.00540	0.00600	0.00919	0.01245	0.01659	0.03547	0.72670	0.04252	0.05966	0.00971	0.00287	0.00395	0.01824	0.00600	0.00528
46	0.01541	0.05084	0.02197	0.03910	0.05894	0.07398	0.09842	0.01804	0.03133	0.03293	0.01239	0.05304	0.01171	0.04137	0.01572	0.00267	0.40445	0.00665	0.00342	0.00763
47	0.01227	0.00614	0.00614	0.00614	0.00767	0.00614	0.00460	0.01534	0.01381	0.02454	0.02148	0.02454	0.01687	0.00767	0.00460	0.00153	0.00307	0.00614	0.80518	0.00614
48	0.01348	0.03210	0.65129	0.01984	0.02920	0.01545	0.10560	0.02088	0.01410	0.02088	0.01199	0.01436	0.00854	0.00617	0.00644	0.00210	0.00989	0.00521	0.00285	0.00963
49	0.00794	0.00668	0.00689	0.00684	0.00899	0.00563	0.00513	0.00976	0.01538	0.01868	0.13537	0.06187	0.65566	0.01634	0.00778	0.00221	0.00331	0.01369	0.00623	0.00563
50	0.01882	0.64309	0.03173	0.01226	0.01750	0.15118	0.01152	0.02086	0.01430	0.01560	0.00933	0.01079	0.00845	0.00583	0.00452	0.00146	0.00788	0.00365	0.00292	0.00831
51	0.01443	0.01168	0.01373	0.00985	0.01566	0.00882	0.00789	0.01734	0.01391	0.05629	0.01240	0.01408	0.01007	0.00504	0.00496	0.00103	0.00491	0.00403	0.00411	0.76978
52	0.03885	0.06739	0.03494	0.07665	0.06673	0.01720	0.52537	0.05129	0.01577	0.02159	0.01288	0.01690	0.00980	0.00576	0.00723	0.00213	0.01016	0.00706	0.00343	0.00887
53	0.00957	0.00638	0.00718	0.00718	0.00718	0.00638	0.00399	0.00957	0.00957	0.01276	0.02074	0.04308	0.02393	0.76864	0.03351	0.00638	0.00638	0.00957	0.00399	0.00399
54	0.01372	0.01294	0.02149	0.51404	0.23791	0.01500	0.01844	0.01867	0.04812	0.01868	0.01263	0.01754	0.00980	0.00649	0.00657	0.00213	0.00833	0.00593	0.00321	0.00835
55	0.01365	0.01170	0.01365	0.00975	0.01560	0.00878	0.00780	0.01658	0.01365	0.02145	0.01170	0.01365	0.00975	0.00488	0.00488	0.00098	0.00488	0.00390	0.00390	0.80888
56	0.01622	0.01584	0.02788	0.03920	0.66139	0.01574	0.08546	0.02029	0.01504	0.02147	0.01247	0.01643	0.01039	0.00584	0.00664	0.00198	0.00813	0.00605	0.00327	0.01028
57	0.01629	0.01564	0.02672	0.04041	0.72757	0.01564	0.02020	0.02020	0.01499	0.02151	0.01238	0.01629	0.01043	0.00587	0.00652	0.00196	0.00782	0.00587	0.00326	0.01043
58	0.81514	0.01273	0.00968	0.00866	0.01273	0.01477	0.00713	0.01935	0.01120	0.02954	0.00917	0.01069	0.00713	0.00611	0.00407	0.00204	0.00509	0.00356	0.00407	0.00713
59	0.02503	0.01844	0.01976	0.01515	0.02042	0.02042	0.01251	0.70562	0.03095	0.04149	0.01581	0.01581	0.01120	0.00790	0.00659	0.00198	0.00724	0.00593	0.00659	0.01120
60	0.01528	0.01723	0.03737	0.02693	0.03332	0.01617	0.66750	0.02070	0.01552	0.02102	0.01444	0.02071	0.01144	0.00621	0.00784	0.00226	0.01084	0.04302	0.00347	0.00873
61	0.00812	0.00596	0.00766	0.00897	0.00967	0.00549	0.00619	0.00944	0.01308	0.01709	0.04050	0.62941	0.13940	0.01994	0.00835	0.00263	0.00387	0.05271	0.00611	0.00541
62	0.01548	0.01759	0.03790	0.02722	0.03354	0.01683	0.66875	0.02082	0.01526	0.02082	0.01308	0.01759	0.00992	0.00585	0.00847	0.00225	0.04886	0.00767	0.00331	0.00879
63	0.01741	0.01726	0.01410	0.01295	0.01571	0.25029	0.00990	0.14997	0.05023	0.02244	0.06019	0.15136	0.08606	0.04429	0.00822	0.00232	0.00740	0.06710	0.00530	0.00751
64	0.00859	0.00614	0.00830	0.00982	0.01046	0.00584	0.00711	0.01016	0.01317	0.01745	0.03597	0.61121	0.04229	0.02008	0.00856	0.00275	0.00432	0.16618	0.00610	0.00551
65	0.01365	0.01189	0.01981	0.59946	0.11614	0.01412	0.01765	0.01782	0.01376	0.05480	0.01369	0.02054	0.01082	0.00717	0.00670	0.00220	0.00837	0.04021	0.00339	0.00779
66	0.01819	0.01976	0.02268	0.24582	0.12173	0.24286	0.10014	0.07410	0.01663	0.01960	0.01167	0.01534	0.00923	0.00679	0.00730	0.00203	0.04881	0.00559	0.00345	0.00831
67	0.01690	0.65407	0.14685	0.01247	0.01876	0.02432	0.01336	0.01990	0.01346	0.01635	0.00958	0.01110	0.00843	0.00573	0.00455	0.00152	0.00747	0.00374	0.00281	0.00865
68	0.00877	0.00659	0.00812	0.00799	0.00956	0.00594	0.00590	0.01128	0.01699	0.02307	0.47509	0.14015	0.22613	0.01514	0.00785	0.00218	0.00325	0.01324	0.00682	0.00594
69	0.01721	0.61694	0.14836	0.01276	0.01896	0.05787	0.01347	0.02021	0.01371	0.01640	0.00964	0.01117	0.00843	0.00579	0.00464	0.00153	0.00771	0.00377	0.00284	0.00862
70	0.01447	0.24667	0.53300	0.01660	0.02515	0.01839	0.02056	0.02052	0.01375	0.01931	0.01105	0.01294	0.00837	0.00608	0.00567	0.00189	0.00896	0.00448	0.00279	0.00936
71	0.00818	0.00593	0.00777	0.00913	0.00974	0.00551	0.00629	0.00952	0.01308	0.01729	0.05671	0.65717	0.09204	0.02002	0.00838	0.00265	0.00389	0.05515	0.00614	0.00542
72	0.01611	0.01556	0.02543	0.06895	0.64372	0.03690	0.01945	0.01993	0.01503	0.02106	0.01334	0.01893	0.01159	0.00650	0.00662	0.00201	0.00790	0.03758	0.00338	0.01001
73	0.01334	0.00946	0.01129	0.01055	0.01279	0.00973	0.00798	0.14587	0.07256	0.06076	0.14187	0.28369	0.09111	0.01786	0.07641	0.00308	0.00581	0.01219	0.00629	0.00737
74	0.01629	0.01564	0.02672	0.04041	0.72757	0.01564	0.02020	0.02020	0.01499	0.02151	0.01238	0.01629	0.01043	0.00587	0.00652	0.00196	0.00782	0.00587	0.00326	0.01043
75	0.00841	0.00638	0.00766	0.00799	0.00932	0.00573	0.00569	0.01029	0.01515	0.01995	0.26004	0.28141	0.27217	0.04809	0.00904	0.00249	0.00354	0.01463	0.00638	0.00563
76	0.01625	0.25217	0.37917	0.01784	0.07694	0.07506	0.01860	0.05662	0.01508	0.02001	0.01114	0.01303	0.00869	0.00617	0.00566	0.00184	0.00882	0.00455	0.00307	0.00931
77	0.01304	0.01027	0.01217	0.01122	0.01292	0.03354	0.00861	0.08316	0.09936	0.02001	0.01838	0.02568	0.01659	0.13991	0.30593	0.00614	0.08104	0.00707	0.08808	0.00687
78	0.00801	0.00577	0.00760	0.00906	0.00952	0.00536	0.00606	0.00918	0.01271	0.01685	0.03761	0.73389	0.07314	0.02045	0.00838	0.00265	0.00380	0.01851	0.00611	0.00536
79	0.01197	0.00850	0.01008	0.01021	0.01213	0.00860	0.00752	0.01776	0.18982	0.07875	0.03727	0.38922	0.13091	0.01600	0.00777	0.00246	0.00434	0.04308	0.00642	0.00716
80	0.09401	0.01319	0.01755	0.30248	0.08269	0.04549	0.01391	0.10131	0.01617	0.14385	0.01500	0.01805	0.01111	0.01139	0.08331	0.00296	0.00869	0.00583	0.00447	0.00853
81	0.02394	0.02835	0.01949	0.01873	0.08087	0.58657	0.01333	0.11373	0.01993	0.01986	0.01109	0.01276	0.00900	0.00685	0.00607	0.00175	0.01093	0.00460	0.00379	0.00833
82	0.01454	0.21882	0.49150	0.01773	0.02613	0.01813	0.08589	0.02058	0.01392	0.01952	0.01129	0.01343	0.00852	0.00603	0.00589	0.00193	0.00918	0.00480	0.00284	0.00932
83	0.18919	0.01671	0.01730	0.05464	0.01974	0.07327	0.04346	0.37327	0.02277	0.03319	0.04975	0.01668	0.01276	0.00753	0.00604	0.00198	0.00703	0.00569	0.03975	0.00927
84	0.00822	0.00619	0.00761	0.00830	0.00943	0.00558	0.00583	0.00991	0.01449	0.01903	0.18482	0.42687	0.23364	0.01808	0.00810	0.00243	0.00354	0.01601	0.00634	0.00558
85	0.00819	0.00635	0.00704	0.00748	0.00876	0.00565	0.00513	0.00939	0.01329	0.01656	0.04932	0.25957	0.39787	0.16003	0.01282	0.00314	0.00405	0.01445	0.00571	0.00520
86	0.08800	0.01078	0.01301	0.01081	0.01442	0.01053	0.00853	0.10728	0.04818	0.32542	0.14351	0.08443	0.02562	0.06872	0.00882	0.00243	0.00524	0.00839	0.00692	0.00896
87	0.01731	0.01782	0.05218	0.14027	0.20064	0.11114	0.07648	0.12593	0.01681	0.02206	0.01241	0.01617	0.01002	0.00951	0.04919	0.00258	0.10108	0.00584	0.00369	0.00887
88	0.02268	0.01095	0.01420	0.01168	0.01529	0.01064	0.00938	0.09093	0.01770	0.42607	0.02607	0.07998	0.04931	0.08091	0.01058	0.00260	0.06376	0.04110	0.00687	0.00931
89	0.00832	0.00602	0.00787	0.00925	0.00988	0.00563	0.00646	0.00968	0.01299	0.01710	0.03811	0.61784	0.09519	0.03821	0.00904	0.00277	0.00409	0.09009	0.00605	0.00541
90	0.06194	0.01835	0.04536	0.13596	0.13519	0.13838	0.24132	0.02168	0.01535	0.07275	0.01287	0.01622	0.00982	0.00646	0.00733	0.00209	0.04049	0.00611	0.00363	0.00869
91	0.03893	0.02160	0.14678	0.05430	0.10060	0.13307	0.23570	0.04268	0.04824	0.02075	0.01252	0.01573	0.00976	0.00678	0.00822	0.00214	0.08385	0.00604	0.00346	0.00885
92	0.03894	0.04914	0.01839	0.01516	0.05131	0.09686	0.03992	0.28856	0.08725	0.05008	0.02389	0.02397	0.12992	0.00919	0.00739	0.00205	0.04610	0.00713	0.00551	0.00924

[dist]
# distance from previous block
# <min> <max>
5	13

[block]
# block no. 1 follows, 33 sequences, length 6
# corresponding to MSA columns:
# 300-305
name=unknown_B
#
# <colnr> <probs for GDERKNQSTAVLIFYWHMCP>
#	G	D	E	R	K	N	Q	S	T	A	V	L	I	F	Y	W	H	M	C	P
0	0.01068	0.00715	0.00969	0.08686	0.01382	0.00690	0.00752	0.01254	0.01452	0.07834	0.17294	0.34015	0.13913	0.01622	0.00875	0.04466	0.00438	0.01361	0.00600	0.00612
1	0.01839	0.01922	0.05540	0.02751	0.34820	0.18386	0.05108	0.02279	0.05926	0.06438	0.01550	0.02096	0.01311	0.00744	0.00667	0.00203	0.00857	0.06227	0.00402	0.00935
2	0.01672	0.04151	0.01519	0.01268	0.01560	0.05021	0.02872	0.14902	0.13062	0.09322	0.06713	0.19135	0.02500	0.04476	0.00915	0.00245	0.04875	0.04367	0.00594	0.00830
3	0.01646	0.10656	0.01757	0.03248	0.01682	0.08577	0.05865	0.06061	0.01622	0.12131	0.07353	0.13449	0.10239	0.01097	0.00771	0.00208	0.05262	0.02868	0.00523	0.04984
4	0.07672	0.28906	0.02299	0.01287	0.01764	0.16075	0.03390	0.05745	0.07445	0.06113	0.04100	0.01505	0.01225	0.00666	0.00534	0.00165	0.00737	0.00481	0.00415	0.09476
5	0.01617	0.01438	0.06092	0.03995	0.05871	0.06383	0.07355	0.06809	0.05911	0.09867	0.06857	0.02567	0.03307	0.12330	0.02815	0.00276	0.00721	0.02231	0.00484	0.13073

[dist]
# distance from previous block
# <min> <max>
1	63

[block]
# block no. 2 follows, 33 sequences, length 12
# corresponding to MSA columns:
# 369-380
name=unknown_C
#
# <colnr> <probs for GDERKNQSTAVLIFYWHMCP>
#	G	D	E	R	K	N	Q	S	T	A	V	L	I	F	Y	W	H	M	C	P
0	0.01803	0.08969	0.02306	0.10014	0.07921	0.01655	0.12415	0.22703	0.03986	0.04297	0.04434	0.01799	0.01304	0.02373	0.00697	0.00196	0.00746	0.00611	0.00468	0.11302
1	0.01873	0.13221	0.04265	0.01691	0.06827	0.04958	0.09826	0.23057	0.06865	0.05254	0.01805	0.09072	0.03186	0.00859	0.00685	0.00200	0.02436	0.00722	0.00499	0.02700
2	0.04684	0.01667	0.01624	0.06346	0.01933	0.13296	0.01083	0.21563	0.10597	0.07436	0.01651	0.03885	0.01319	0.04606	0.00751	0.00204	0.00709	0.00598	0.00521	0.15525
3	0.07694	0.01567	0.02661	0.03400	0.50830	0.01579	0.13208	0.02132	0.06384	0.02247	0.01330	0.01669	0.01078	0.00605	0.00655	0.00202	0.00798	0.00612	0.00357	0.00992
4	0.00853	0.00666	0.00751	0.00732	0.00908	0.00588	0.00535	0.01057	0.01583	0.02051	0.30691	0.05613	0.41080	0.08784	0.01025	0.00257	0.00354	0.01274	0.00633	0.00565
5	0.02541	0.01504	0.01721	0.01338	0.01830	0.01572	0.01099	0.39998	0.06281	0.27713	0.02020	0.01903	0.01374	0.00803	0.00649	0.00199	0.00634	0.00626	0.05108	0.01088
6	0.01606	0.00825	0.01080	0.00929	0.01212	0.00733	0.00727	0.01884	0.01835	0.26632	0.42118	0.04144	0.11175	0.01196	0.00738	0.00207	0.00398	0.01030	0.00744	0.00785
7	0.01723	0.01756	0.03387	0.02754	0.13546	0.01712	0.48690	0.13469	0.01802	0.02454	0.01359	0.01722	0.01025	0.00599	0.00739	0.00214	0.00997	0.00718	0.00386	0.00949
8	0.01862	0.01655	0.01607	0.01404	0.01798	0.08852	0.01099	0.14555	0.53328	0.02873	0.02333	0.02186	0.01747	0.00855	0.00660	0.00214	0.00620	0.00688	0.00635	0.01027
9	0.00991	0.00680	0.00935	0.00935	0.01041	0.00761	0.00701	0.01204	0.01097	0.01646	0.01872	0.02814	0.01761	0.14660	0.51727	0.00847	0.01358	0.00727	0.13678	0.00565
10	0.01085	0.00784	0.00965	0.01016	0.01135	0.00785	0.00717	0.12488	0.01565	0.02091	0.03288	0.63998	0.03817	0.01851	0.00810	0.00256	0.00439	0.01659	0.00619	0.00632
11	0.05128	0.01190	0.01411	0.01163	0.01577	0.01193	0.00934	0.09759	0.18946	0.33498	0.10492	0.02766	0.07105	0.00943	0.00675	0.00210	0.00522	0.00773	0.00724	0.00991

[dist]
# distance from previous block
# <min> <max>
0	1

[block]
# block no. 3 follows, 33 sequences, length 11
# corresponding to MSA columns:
# 382-392
name=unknown_D
#
# <colnr> <probs for GDERKNQSTAVLIFYWHMCP>
#	G	D	E	R	K	N	Q	S	T	A	V	L	I	F	Y	W	H	M	C	P
0	0.19956	0.01564	0.01849	0.12188	0.09399	0.05124	0.03811	0.18674	0.07191	0.02701	0.01297	0.01534	0.01005	0.00749	0.00790	0.00215	0.10080	0.00546	0.00443	0.00883
1	0.06477	0.09983	0.57284	0.01898	0.07656	0.01628	0.02173	0.02060	0.01376	0.02095	0.01144	0.01356	0.00842	0.00616	0.00595	0.00201	0.00905	0.00473	0.00290	0.00950
2	0.01514	0.01279	0.01502	0.01112	0.01636	0.01128	0.00900	0.10255	0.01548	0.02343	0.01193	0.01399	0.00983	0.00587	0.00664	0.00128	0.07484	0.00433	0.00414	0.63497
3	0.01606	0.01669	0.06947	0.01826	0.02335	0.04118	0.23807	0.02368	0.18286	0.05269	0.01609	0.01803	0.01234	0.00710	0.00830	0.00204	0.09037	0.00641	0.00437	0.15266
4	0.00806	0.00590	0.00758	0.00881	0.00948	0.00542	0.00598	0.00938	0.01324	0.01745	0.07788	0.63751	0.12964	0.01974	0.00829	0.00258	0.00372	0.01774	0.00617	0.00542
5	0.01120	0.00707	0.00950	0.05650	0.01287	0.00668	0.00742	0.01305	0.01436	0.10726	0.10049	0.44825	0.11504	0.01696	0.00797	0.00247	0.00434	0.04594	0.00627	0.00634
6	0.01817	0.01821	0.02684	0.04360	0.07128	0.10241	0.28451	0.15917	0.01832	0.02422	0.01283	0.01583	0.00993	0.00654	0.00776	0.00198	0.05915	0.00618	0.00402	0.10904
7	0.04357	0.09655	0.07050	0.04343	0.07534	0.01769	0.02999	0.23441	0.09796	0.08199	0.01671	0.02018	0.01326	0.00835	0.00783	0.00212	0.07655	0.04880	0.00513	0.00964
8	0.01822	0.15573	0.10087	0.10946	0.08419	0.11016	0.06838	0.09696	0.04528	0.07852	0.01685	0.01838	0.05441	0.00725	0.00621	0.00192	0.00816	0.00590	0.00418	0.00897
9	0.08093	0.04997	0.01986	0.04186	0.02038	0.04155	0.11827	0.08935	0.25933	0.02503	0.03350	0.02093	0.01523	0.00821	0.00786	0.00215	0.07606	0.02760	0.01991	0.04203
10	0.06835	0.01488	0.01821	0.01878	0.16146	0.06506	0.04947	0.14809	0.06774	0.02550	0.03389	0.02574	0.04621	0.00854	0.00655	0.00197	0.00683	0.09057	0.00485	0.13732

[dist]
# distance from previous block
# <min> <max>
20	126

[block]
# block no. 4 follows, 33 sequences, length 19
# corresponding to MSA columns:
# 560-578
name=unknown_E
#
# <colnr> <probs for GDERKNQSTAVLIFYWHMCP>
#	G	D	E	R	K	N	Q	S	T	A	V	L	I	F	Y	W	H	M	C	P
0	0.07035	0.06209	0.02088	0.03744	0.26071	0.09958	0.01421	0.14386	0.09231	0.02535	0.06942	0.01840	0.01498	0.00747	0.00682	0.00198	0.03415	0.00604	0.00455	0.00940
1	0.01574	0.01526	0.04355	0.07912	0.50990	0.01516	0.01780	0.04763	0.09291	0.02239	0.01768	0.02035	0.05910	0.00706	0.00662	0.00202	0.00733	0.00655	0.00392	0.00991
2	0.01736	0.14275	0.11867	0.05148	0.13804	0.09731	0.06674	0.10358	0.06393	0.02241	0.02465	0.02745	0.01154	0.00671	0.00606	0.00183	0.00803	0.00555	0.00393	0.08198
3	0.10260	0.01337	0.01894	0.01463	0.01850	0.01390	0.12287	0.01713	0.01250	0.02033	0.01116	0.01536	0.00973	0.03679	0.01119	0.00205	0.22225	0.00525	0.00354	0.32789
4	0.01018	0.00863	0.00998	0.00927	0.01089	0.03953	0.00711	0.01270	0.01684	0.02276	0.45950	0.04705	0.20969	0.01371	0.00922	0.00218	0.08682	0.01136	0.00633	0.00623
5	0.01164	0.00768	0.00967	0.02866	0.01183	0.00725	0.00698	0.01519	0.06350	0.10123	0.35989	0.16263	0.16014	0.01409	0.00764	0.00220	0.00383	0.01230	0.00682	0.00682
6	0.02497	0.01074	0.01426	0.01151	0.01580	0.00970	0.00940	0.07283	0.01906	0.53571	0.09233	0.06788	0.02312	0.00994	0.00698	0.00213	0.00541	0.05043	0.00772	0.01009
7	0.01559	0.01332	0.01421	0.01283	0.01631	0.01525	0.00995	0.03249	0.63864	0.02741	0.10387	0.02728	0.02474	0.00943	0.00682	0.00221	0.00498	0.00794	0.00676	0.00995
8	0.01593	0.01374	0.01468	0.01280	0.01687	0.01514	0.00999	0.03198	0.60128	0.02655	0.02434	0.02278	0.01841	0.00827	0.00640	0.00203	0.00516	0.00687	0.00624	0.14053
9	0.02187	0.02352	0.05695	0.01635	0.03917	0.31773	0.01294	0.20632	0.19052	0.02595	0.01583	0.01621	0.01205	0.00754	0.00632	0.00193	0.00882	0.00554	0.00500	0.00943
10	0.01845	0.01180	0.01373	0.01200	0.01570	0.01223	0.00934	0.02875	0.36237	0.21936	0.02711	0.14379	0.02218	0.01035	0.00683	0.00217	0.00507	0.00882	0.00681	0.06316
11	0.00975	0.00732	0.00889	0.00942	0.01080	0.00716	0.00714	0.01295	0.07163	0.01894	0.10428	0.18717	0.17574	0.13941	0.01236	0.00319	0.00480	0.19730	0.00591	0.00586
12	0.01597	0.06386	0.13854	0.01599	0.02245	0.05288	0.16395	0.05470	0.01543	0.04711	0.01256	0.01473	0.00973	0.00567	0.00590	0.00158	0.00769	0.00510	0.00379	0.34235
13	0.01148	0.00961	0.01254	0.13063	0.01833	0.00853	0.00892	0.01402	0.01320	0.01907	0.02032	0.27738	0.02143	0.01067	0.00639	0.00177	0.00514	0.00941	0.00452	0.39665
14	0.00821	0.00600	0.00772	0.00875	0.00952	0.00551	0.00600	0.00973	0.01385	0.01848	0.15173	0.57033	0.12188	0.01902	0.00823	0.00253	0.00365	0.01707	0.00630	0.00551
15	0.01465	0.01220	0.01409	0.01025	0.01587	0.00987	0.00822	0.08714	0.01562	0.02370	0.03974	0.01525	0.01193	0.00552	0.00516	0.00112	0.00505	0.00442	0.00431	0.69589
16	0.02362	0.01774	0.01896	0.01486	0.01988	0.01976	0.01217	0.59634	0.14253	0.03922	0.01760	0.01723	0.01265	0.00807	0.00660	0.00202	0.00691	0.00617	0.00660	0.01107
17	0.01423	0.01204	0.01396	0.01003	0.01585	0.00937	0.00804	0.05174	0.01453	0.02247	0.01191	0.01376	0.00982	0.00503	0.00496	0.00103	0.00500	0.00400	0.00404	0.76817
18	0.01295	0.13524	0.02121	0.01483	0.01730	0.01506	0.13199	0.01536	0.01169	0.01618	0.01384	0.02130	0.01310	0.10562	0.25425	0.00544	0.17785	0.00659	0.00328	0.00691

[dist]
# distance from previous block
# <min> <max>
0	4

[block]
# block no. 5 follows, 33 sequences, length 193
# corresponding to MSA columns:
# 583-620,622-718,720-777
name=unknown_F
#
# <colnr> <probs for GDERKNQSTAVLIFYWHMCP>
#	G	D	E	R	K	N	Q	S	T	A	V	L	I	F	Y	W	H	M	C	P
0	0.08142	0.08757	0.07853	0.01218	0.01741	0.03281	0.01091	0.02822	0.03832	0.48746	0.02184	0.04288	0.01496	0.00798	0.00622	0.00200	0.00617	0.00629	0.00664	0.01021
1	0.09885	0.02536	0.01847	0.01672	0.05107	0.44280	0.01247	0.21225	0.02117	0.02460	0.01173	0.01304	0.00919	0.00699	0.00597	0.00182	0.00978	0.00471	0.00433	0.00869
2	0.00811	0.00668	0.00712	0.00701	0.00909	0.00570	0.00526	0.01008	0.01578	0.01962	0.20689	0.06033	0.58356	0.01599	0.00778	0.00219	0.00329	0.01347	0.00636	0.00570
3	0.01830	0.69898	0.03292	0.01183	0.01724	0.09718	0.01141	0.02037	0.01390	0.01555	0.00925	0.01069	0.00845	0.00575	0.00439	0.00144	0.00752	0.00359	0.00287	0.00837
4	0.01331	0.03333	0.70362	0.01916	0.02876	0.01535	0.05450	0.02086	0.01397	0.02086	0.01188	0.01407	0.00841	0.00622	0.00632	0.00209	0.00979	0.00499	0.00280	0.00969
5	0.00957	0.00638	0.00718	0.00718	0.00718	0.00638	0.00399	0.00957	0.00957	0.01276	0.02074	0.04308	0.02393	0.76864	0.03351	0.00638	0.00638	0.00957	0.00399	0.00399
6	0.00906	0.00668	0.00847	0.00811	0.00970	0.00609	0.00605	0.01189	0.01789	0.02484	0.60744	0.08280	0.14810	0.01420	0.00780	0.00212	0.00317	0.01247	0.00705	0.00609
7	0.00796	0.00598	0.00738	0.00850	0.00937	0.00540	0.00582	0.00924	0.01324	0.01707	0.04436	0.57807	0.22460	0.01957	0.00824	0.00255	0.00369	0.01743	0.00611	0.00540
8	0.81514	0.01273	0.00968	0.00866	0.01273	0.01477	0.00713	0.01935	0.01120	0.02954	0.00917	0.01069	0.00713	0.00611	0.00407	0.00204	0.00509	0.00356	0.00407	0.00713
9	0.01712	0.64293	0.11236	0.01229	0.01818	0.04863	0.01270	0.01984	0.01354	0.01611	0.00972	0.01140	0.00866	0.00695	0.02488	0.00175	0.00780	0.00379	0.00285	0.00849
10	0.00903	0.00672	0.00840	0.00798	0.00966	0.00609	0.00599	0.01187	0.01796	0.02479	0.60117	0.05183	0.18606	0.01406	0.00777	0.00210	0.00315	0.01228	0.00703	0.00609
11	0.01591	0.01507	0.02271	0.28778	0.09986	0.04013	0.09591	0.12052	0.01570	0.02120	0.01178	0.01625	0.00940	0.00779	0.01032	0.00229	0.18945	0.00601	0.00356	0.00836
12	0.00790	0.00652	0.00694	0.00717	0.00905	0.00556	0.00525	0.00956	0.01480	0.01807	0.09616	0.17906	0.57691	0.01716	0.00788	0.00229	0.00340	0.01459	0.00617	0.00556
13	0.02269	0.01713	0.01848	0.01426	0.01946	0.01847	0.01168	0.55094	0.09126	0.03750	0.01626	0.01631	0.01181	0.00759	0.00636	0.00186	0.00674	0.00579	0.00623	0.11916
14	0.00788	0.00649	0.00693	0.00722	0.00905	0.00554	0.00526	0.00949	0.01465	0.01787	0.08201	0.20153	0.56865	0.01735	0.00790	0.00231	0.00342	0.01478	0.00615	0.00554
15	0.01723	0.28099	0.31625	0.01693	0.06905	0.04684	0.01733	0.10239	0.01615	0.04296	0.01179	0.01333	0.00910	0.00629	0.00562	0.00182	0.00835	0.00463	0.00346	0.00948
16	0.01640	0.01524	0.02574	0.08709	0.59397	0.01547	0.04610	0.02114	0.05188	0.04307	0.01354	0.01706	0.01098	0.00613	0.00658	0.00200	0.00781	0.00605	0.00357	0.01017
17	0.02954	0.01120	0.01528	0.01171	0.01681	0.00968	0.00968	0.03208	0.01884	0.73213	0.02597	0.02241	0.01630	0.00815	0.00662	0.00204	0.00560	0.00662	0.00815	0.01120
18	0.02054	0.07244	0.06902	0.04148	0.07664	0.42826	0.01355	0.04283	0.09415	0.01887	0.01539	0.01667	0.04759	0.00738	0.00612	0.00184	0.00970	0.00532	0.00388	0.00833
19	0.01318	0.05060	0.47167	0.13236	0.06212	0.01503	0.05710	0.01941	0.01363	0.01963	0.01230	0.01567	0.00927	0.00984	0.06801	0.00279	0.01014	0.00536	0.00292	0.00898
20	0.00802	0.00573	0.00764	0.00917	0.00955	0.00535	0.00611	0.00917	0.01260	0.01681	0.03628	0.76434	0.04354	0.02062	0.00840	0.00267	0.00382	0.01872	0.00611	0.00535
21	0.01440	0.01440	0.02016	0.01728	0.01728	0.02016	0.01440	0.01584	0.01008	0.01584	0.00864	0.01440	0.00864	0.01152	0.02160	0.00288	0.75659	0.00576	0.00288	0.00720
22	0.01654	0.09927	0.04541	0.14003	0.13072	0.05512	0.01522	0.09456	0.08335	0.02093	0.01250	0.01578	0.01029	0.00815	0.01056	0.00222	0.22128	0.00562	0.00374	0.00870
23	0.00909	0.00754	0.00846	0.04085	0.01147	0.00706	0.00637	0.01268	0.07880	0.02034	0.19372	0.08083	0.46902	0.01502	0.00765	0.00221	0.00372	0.01273	0.00626	0.00620
24	0.00957	0.00638	0.00718	0.00718	0.00718	0.00638	0.00399	0.00957	0.00957	0.01276	0.02074	0.04308	0.02393	0.76864	0.03351	0.00638	0.00638	0.00957	0.00399	0.00399
25	0.00960	0.00704	0.00904	0.00856	0.01017	0.00665	0.00640	0.01336	0.05104	0.02609	0.66550	0.07501	0.05945	0.01352	0.00774	0.00210	0.00323	0.01195	0.00718	0.00638
26	0.01733	0.09003	0.11302	0.04597	0.10042	0.01639	0.01380	0.02828	0.34585	0.10331	0.02018	0.02000	0.01506	0.00782	0.00687	0.00210	0.03194	0.00633	0.00530	0.01000
27	0.01560	0.09172	0.13938	0.26517	0.24349	0.01679	0.01853	0.09381	0.01579	0.02145	0.01212	0.01570	0.00944	0.00636	0.00628	0.00200	0.00831	0.00548	0.00339	0.00918
28	0.00941	0.00685	0.00964	0.00967	0.01053	0.00768	0.00709	0.01113	0.01037	0.01467	0.01889	0.04854	0.01904	0.23304	0.54264	0.00931	0.01441	0.00799	0.00371	0.00538
29	0.00802	0.00573	0.00764	0.00917	0.00955	0.00535	0.00611	0.00917	0.01260	0.01681	0.03628	0.76434	0.04354	0.02062	0.00840	0.00267	0.00382	0.01872	0.00611	0.00535
30	0.01365	0.01170	0.01365	0.00975	0.01560	0.00878	0.00780	0.01658	0.01365	0.02145	0.01170	0.01365	0.00975	0.00488	0.00488	0.00098	0.00488	0.00390	0.00390	0.80888
31	0.00942	0.00700	0.01029	0.01029	0.01136	0.00807	0.00786	0.01157	0.01049	0.01507	0.01790	0.02735	0.01710	0.11132	0.68149	0.01022	0.01666	0.00727	0.00357	0.00572
32	0.00943	0.00632	0.00722	0.00736	0.00740	0.00629	0.00418	0.00954	0.00985	0.01314	0.02217	0.10930	0.02573	0.69997	0.03120	0.00604	0.00615	0.01041	0.00418	0.00411
33	0.01425	0.01205	0.01397	0.01003	0.01585	0.00939	0.00805	0.05275	0.01456	0.02250	0.01192	0.01376	0.00983	0.00503	0.00497	0.00103	0.00500	0.00401	0.00404	0.76700
34	0.00778	0.00667	0.00667	0.00667	0.00889	0.00556	0.00500	0.00945	0.01501	0.01778	0.06669	0.06336	0.72490	0.01667	0.00778	0.00222	0.00333	0.01389	0.00611	0.00556
35	0.01021	0.00728	0.01010	0.01157	0.01289	0.00723	0.00979	0.01289	0.01465	0.01911	0.03470	0.17264	0.03835	0.03751	0.00961	0.00306	0.00575	0.57073	0.00602	0.00591
36	0.01350	0.01099	0.01489	0.01354	0.03922	0.01211	0.06183	0.11409	0.12350	0.02133	0.02073	0.02704	0.04952	0.12770	0.28987	0.00594	0.03453	0.00759	0.00459	0.00749
37	0.02207	0.01697	0.01809	0.01455	0.01929	0.01903	0.01180	0.47635	0.26504	0.03672	0.01956	0.01880	0.01424	0.00825	0.00662	0.00206	0.00655	0.00645	0.00662	0.01093
38	0.02133	0.10201	0.08607	0.01584	0.01992	0.51373	0.01314	0.02458	0.05401	0.01744	0.03774	0.01445	0.01133	0.00842	0.03088	0.00205	0.01072	0.00477	0.00360	0.00794
39	0.02449	0.02012	0.01933	0.01532	0.02023	0.12708	0.01243	0.56880	0.06612	0.03698	0.01557	0.01570	0.01127	0.00779	0.00650	0.00195	0.00782	0.00576	0.00612	0.01063
40	0.02361	0.00989	0.01338	0.01071	0.01476	0.00866	0.00866	0.02633	0.01878	0.52543	0.23044	0.03025	0.02972	0.00970	0.00696	0.00205	0.00487	0.00817	0.00788	0.00974
41	0.01584	0.01307	0.01482	0.01314	0.01669	0.01462	0.03538	0.03095	0.56216	0.05766	0.06464	0.06669	0.04527	0.00989	0.00692	0.00224	0.00520	0.00847	0.00662	0.00975
42	0.01346	0.03251	0.67524	0.02058	0.08705	0.01532	0.02398	0.02079	0.01399	0.02090	0.01186	0.01410	0.00851	0.00622	0.00628	0.00207	0.00957	0.00495	0.00282	0.00979
43	0.00802	0.00573	0.00764	0.00917	0.00955	0.00535	0.00611	0.00917	0.01260	0.01681	0.03628	0.76434	0.04354	0.02062	0.00840	0.00267	0.00382	0.01872	0.00611	0.00535
44	0.00955	0.00696	0.01012	0.01012	0.01122	0.00799	0.00774	0.01176	0.01066	0.01553	0.01805	0.02709	0.01704	0.10114	0.65505	0.00984	0.01611	0.00720	0.04109	0.00575
45	0.05455	0.04670	0.01987	0.01484	0.01999	0.05420	0.01227	0.62257	0.02898	0.03889	0.01505	0.01523	0.01081	0.00770	0.00637	0.00194	0.00737	0.00567	0.00620	0.01077
46	0.01542	0.01752	0.03810	0.05602	0.03483	0.01657	0.67694	0.02092	0.01545	0.02092	0.01326	0.01775	0.00994	0.00559	0.00772	0.00222	0.01101	0.00769	0.00331	0.00882
47	0.02503	0.01844	0.01976	0.01515	0.02042	0.02042	0.01251	0.70562	0.03095	0.04149	0.01581	0.01581	0.01120	0.00790	0.00659	0.00198	0.00724	0.00593	0.00659	0.01120
48	0.01555	0.01737	0.03666	0.02841	0.10067	0.01674	0.60018	0.02072	0.01519	0.02085	0.01298	0.01743	0.00996	0.00590	0.00840	0.00223	0.05105	0.00748	0.00330	0.00894
49	0.00815	0.00578	0.00760	0.00900	0.00935	0.00543	0.00593	0.00920	0.01235	0.01647	0.03498	0.70368	0.04189	0.08353	0.01051	0.00299	0.00403	0.01795	0.00593	0.00523
50	0.00802	0.00573	0.00764	0.00917	0.00955	0.00535	0.00611	0.00917	0.01260	0.01681	0.03628	0.76434	0.04354	0.02062	0.00840	0.00267	0.00382	0.01872	0.00611	0.00535
51	0.00957	0.00638	0.00718	0.00718	0.00718	0.00638	0.00399	0.00957	0.00957	0.01276	0.02074	0.04308	0.02393	0.76864	0.03351	0.00638	0.00638	0.00957	0.00399	0.00399
52	0.01144	0.00572	0.00858	0.00858	0.00858	0.00572	0.00572	0.00858	0.00858	0.01144	0.01144	0.02001	0.01144	0.02287	0.02573	0.80846	0.00572	0.00572	0.00286	0.00286
53	0.01637	0.01414	0.01489	0.01340	0.01712	0.01637	0.01042	0.03498	0.71568	0.02754	0.02679	0.02456	0.02010	0.00893	0.00670	0.00223	0.00521	0.00744	0.00670	0.01042
54	0.01032	0.00696	0.00908	0.00842	0.01017	0.00637	0.00636	0.01336	0.01855	0.06263	0.67053	0.04817	0.07740	0.01327	0.00771	0.00207	0.00324	0.01169	0.00726	0.00645
55	0.01016	0.00743	0.00999	0.01126	0.01289	0.00726	0.00972	0.01298	0.01513	0.01940	0.03989	0.07254	0.14644	0.01795	0.00889	0.00290	0.00563	0.57749	0.00607	0.00598
56	0.00802	0.00573	0.00764	0.00917	0.00955	0.00535	0.00611	0.00917	0.01260	0.01681	0.03628	0.76434	0.04354	0.02062	0.00840	0.00267	0.00382	0.01872	0.00611	0.00535
57	0.01604	0.01385	0.01457	0.01313	0.01680	0.01595	0.01021	0.03399	0.68836	0.02716	0.02835	0.02607	0.04758	0.00923	0.00674	0.00223	0.00514	0.00769	0.00668	0.01023
58	0.02914	0.01183	0.01567	0.01201	0.01712	0.01061	0.00992	0.09061	0.01989	0.67212	0.02509	0.02183	0.01585	0.00813	0.00662	0.00203	0.00574	0.00656	0.00801	0.01120
59	0.01534	0.00910	0.00941	0.00830	0.01074	0.00957	0.00651	0.18146	0.01793	0.02862	0.02011	0.02244	0.01551	0.00773	0.00508	0.00164	0.00407	0.00609	0.61299	0.00735
60	0.00812	0.00580	0.00775	0.00928	0.00970	0.00543	0.00628	0.00934	0.01270	0.01691	0.03623	0.73830	0.04333	0.02053	0.00843	0.00269	0.00390	0.04379	0.00611	0.00537
61	0.02503	0.01844	0.01976	0.01515	0.02042	0.02042	0.01251	0.70562	0.03095	0.04149	0.01581	0.01581	0.01120	0.00790	0.00659	0.00198	0.00724	0.00593	0.00659	0.01120
62	0.01655	0.59652	0.20140	0.01305	0.01966	0.02348	0.01438	0.01998	0.01350	0.01677	0.00979	0.01136	0.00842	0.00578	0.00471	0.00157	0.00768	0.00384	0.00281	0.00875
63	0.01438	0.01201	0.01391	0.01013	0.01571	0.00962	0.00811	0.07405	0.01536	0.02339	0.04885	0.01567	0.01258	0.00557	0.00517	0.00112	0.00498	0.00448	0.00430	0.70063
64	0.01355	0.05210	0.65958	0.01861	0.02785	0.01567	0.04556	0.02149	0.04679	0.02103	0.01249	0.01444	0.00895	0.00634	0.00627	0.00208	0.00949	0.00504	0.00298	0.00970
65	0.01365	0.01170	0.01365	0.00975	0.01560	0.00878	0.00780	0.01658	0.01365	0.02145	0.01170	0.01365	0.00975	0.00488	0.00488	0.00098	0.00488	0.00390	0.00390	0.80888
66	0.01889	0.01539	0.01630	0.01391	0.01808	0.01755	0.01103	0.23015	0.51641	0.03160	0.02360	0.02201	0.01751	0.00863	0.00667	0.00216	0.00580	0.00700	0.00667	0.01065
67	0.00877	0.00626	0.00850	0.01002	0.01073	0.00599	0.00741	0.01046	0.01334	0.01764	0.03587	0.56478	0.04191	0.01992	0.00860	0.00278	0.00447	0.21090	0.00610	0.00555
68	0.00940	0.00705	0.01058	0.01058	0.01176	0.00823	0.00823	0.01176	0.01058	0.01528	0.01763	0.02586	0.01646	0.04937	0.74255	0.01058	0.01763	0.00705	0.00353	0.00588
69	0.01611	0.01717	0.01270	0.01209	0.01470	0.30181	0.00935	0.03464	0.03819	0.01924	0.05818	0.03807	0.19762	0.01156	0.00690	0.00207	0.00731	0.11695	0.07852	0.00683
70	0.01663	0.01639	0.05046	0.07546	0.57288	0.01601	0.05715	0.07445	0.01615	0.02279	0.01265	0.01632	0.01030	0.00606	0.00659	0.00199	0.00807	0.00594	0.00349	0.01021
71	0.00802	0.00573	0.00764	0.00917	0.00955	0.00535	0.00611	0.00917	0.01260	0.01681	0.03628	0.76434	0.04354	0.02062	0.00840	0.00267	0.00382	0.01872	0.00611	0.00535
72	0.02716	0.01502	0.01764	0.01352	0.01871	0.01534	0.01117	0.38724	0.02523	0.36796	0.02061	0.01893	0.01361	0.00802	0.00660	0.00200	0.00647	0.00625	0.00732	0.01120
73	0.06073	0.01676	0.01843	0.01509	0.04521	0.01831	0.01192	0.53929	0.05378	0.08285	0.05791	0.01829	0.01462	0.00812	0.00654	0.00200	0.00674	0.00627	0.00649	0.01066
74	0.00810	0.00579	0.00771	0.00911	0.00957	0.00540	0.00612	0.00936	0.01296	0.01737	0.07656	0.72246	0.04463	0.02021	0.00837	0.00264	0.00378	0.01832	0.00618	0.00540
75	0.00778	0.00667	0.00667	0.00667	0.00889	0.00556	0.00500	0.00945	0.01501	0.01778	0.06669	0.06336	0.72490	0.01667	0.00778	0.00222	0.00333	0.01389	0.00611	0.00556
76	0.01629	0.01564	0.02672	0.04041	0.72757	0.01564	0.02020	0.02020	0.01499	0.02151	0.01238	0.01629	0.01043	0.00587	0.00652	0.00196	0.00782	0.00587	0.00326	0.01043
77	0.01554	0.01776	0.03885	0.02775	0.03441	0.01665	0.70366	0.02109	0.01554	0.02109	0.01332	0.01776	0.00999	0.00555	0.00777	0.00222	0.01110	0.00777	0.00333	0.00888
78	0.00802	0.00573	0.00764	0.00917	0.00955	0.00535	0.00611	0.00917	0.01260	0.01681	0.03628	0.76434	0.04354	0.02062	0.00840	0.00267	0.00382	0.01872	0.00611	0.00535
79	0.02954	0.01120	0.01528	0.01171	0.01681	0.00968	0.00968	0.03208	0.01884	0.73213	0.02597	0.02241	0.01630	0.00815	0.00662	0.00204	0.00560	0.00662	0.00815	0.01120
80	0.00789	0.00667	0.00682	0.00678	0.00896	0.00560	0.00509	0.00966	0.01526	0.01839	0.11328	0.06235	0.67793	0.01644	0.00778	0.00221	0.00332	0.01375	0.00619	0.00560
81	0.01320	0.03405	0.73453	0.01876	0.02849	0.01529	0.02432	0.02085	0.01390	0.02085	0.01181	0.01390	0.00834	0.00625	0.00625	0.00208	0.00973	0.00486	0.00278	0.00973
82	0.01637	0.01414	0.01489	0.01340	0.01712	0.01637	0.01042	0.03498	0.71568	0.02754	0.02679	0.02456	0.02010	0.00893	0.00670	0.00223	0.00521	0.00744	0.00670	0.01042
83	0.01227	0.00614	0.00614	0.00614	0.00767	0.00614	0.00460	0.01534	0.01381	0.02454	0.02148	0.02454	0.01687	0.00767	0.00460	0.00153	0.00307	0.00614	0.80518	0.00614
84	0.01144	0.00572	0.00858	0.00858	0.00858	0.00572	0.00572	0.00858	0.00858	0.01144	0.01144	0.02001	0.01144	0.02287	0.02573	0.80846	0.00572	0.00572	0.00286	0.00286
85	0.00829	0.00669	0.00746	0.00793	0.00978	0.00587	0.00610	0.01012	0.01470	0.01797	0.05718	0.16072	0.51632	0.01747	0.00809	0.00242	0.00386	0.12731	0.00610	0.00561
86	0.01243	0.01170	0.01975	0.75282	0.04534	0.01463	0.01828	0.01682	0.01316	0.01682	0.01170	0.01755	0.00878	0.00658	0.00658	0.00219	0.00878	0.00585	0.00293	0.00731
87	0.01637	0.01414	0.01489	0.01340	0.01712	0.01637	0.01042	0.03498	0.71568	0.02754	0.02679	0.02456	0.02010	0.00893	0.00670	0.00223	0.00521	0.00744	0.00670	0.01042
88	0.01365	0.01170	0.01365	0.00975	0.01560	0.00878	0.00780	0.01658	0.01365	0.02145	0.01170	0.01365	0.00975	0.00488	0.00488	0.00098	0.00488	0.00390	0.00390	0.80888
89	0.01243	0.01170	0.01975	0.75282	0.04534	0.01463	0.01828	0.01682	0.01316	0.01682	0.01170	0.01755	0.00878	0.00658	0.00658	0.00219	0.00878	0.00585	0.00293	0.00731
90	0.02503	0.01844	0.01976	0.01515	0.02042	0.02042	0.01251	0.70562	0.03095	0.04149	0.01581	0.01581	0.01120	0.00790	0.00659	0.00198	0.00724	0.00593	0.00659	0.01120
91	0.01637	0.01414	0.01489	0.01340	0.01712	0.01637	0.01042	0.03498	0.71568	0.02754	0.02679	0.02456	0.02010	0.00893	0.00670	0.00223	0.00521	0.00744	0.00670	0.01042
92	0.01448	0.01462	0.02139	0.01797	0.01840	0.01993	0.05953	0.01619	0.01044	0.01619	0.00895	0.01462	0.00873	0.01113	0.02070	0.00284	0.70778	0.00589	0.00291	0.00731
93	0.00778	0.00667	0.00667	0.00667	0.00889	0.00556	0.00500	0.00945	0.01501	0.01778	0.06669	0.06336	0.72490	0.01667	0.00778	0.00222	0.00333	0.01389	0.00611	0.00556
94	0.02369	0.01767	0.01889	0.01471	0.01974	0.01957	0.01208	0.62273	0.09181	0.03946	0.01846	0.01815	0.03535	0.00828	0.00663	0.00201	0.00693	0.00632	0.00658	0.01094
