[name]
unknown

[dist]
# distance from previous block
# <min> <max>
0	117

[block]
# block no. 0 follows, 25 sequences, length 63
# corresponding to MSA columns:
# 136-198
name=unknown_A
#
# <colnr> <probs for GDERKNQSTAVLIFYWHMCP>
#	G	D	E	R	K	N	Q	S	T	A	V	L	I	F	Y	W	H	M	C	P
0	0.02214	0.01762	0.01964	0.05133	0.05071	0.05205	0.01399	0.30411	0.11705	0.03529	0.02317	0.03079	0.01942	0.01593	0.07970	0.00357	0.00950	0.09050	0.03257	0.01092
1	0.05128	0.01315	0.01943	0.14468	0.22767	0.01330	0.01473	0.01828	0.01545	0.02221	0.02208	0.10327	0.05154	0.13341	0.01308	0.00321	0.00773	0.00933	0.00460	0.11159
2	0.01598	0.05070	0.05111	0.02064	0.15883	0.04687	0.01386	0.01899	0.01645	0.06080	0.02976	0.11810	0.08764	0.08345	0.06177	0.00386	0.04209	0.10494	0.00543	0.00872
3	0.01507	0.01216	0.01536	0.13354	0.05415	0.04355	0.01173	0.04937	0.01726	0.05336	0.05617	0.20163	0.07484	0.06935	0.04434	0.00339	0.00768	0.03855	0.00580	0.09267
4	0.01909	0.01756	0.02534	0.03454	0.43290	0.04963	0.01860	0.07942	0.01938	0.02693	0.02182	0.02480	0.07925	0.00850	0.00753	0.00221	0.00827	0.00762	0.05038	0.06624
5	0.09929	0.01941	0.02086	0.15661	0.07471	0.10138	0.01518	0.25572	0.02442	0.06422	0.02012	0.02193	0.05175	0.00908	0.00738	0.00235	0.00884	0.00704	0.02910	0.01064
6	0.02004	0.08175	0.02331	0.02494	0.23890	0.01757	0.01530	0.11544	0.11867	0.06778	0.08522	0.06677	0.02308	0.00998	0.00761	0.00233	0.00723	0.00862	0.05437	0.01109
7	0.06085	0.01830	0.02172	0.01770	0.02178	0.05146	0.05161	0.19469	0.12922	0.11938	0.01984	0.02214	0.01528	0.04430	0.01327	0.00288	0.17086	0.00745	0.00632	0.01095
8	0.10475	0.07238	0.05006	0.05250	0.08789	0.14106	0.01423	0.14271	0.08024	0.05890	0.01762	0.02197	0.01456	0.09588	0.01095	0.00291	0.00907	0.00678	0.00536	0.01017
9	0.01909	0.17841	0.13279	0.02064	0.02665	0.06184	0.16534	0.08324	0.01793	0.02370	0.01448	0.01895	0.01207	0.03113	0.07668	0.00348	0.09280	0.00677	0.00404	0.00996
10	0.01176	0.09615	0.01335	0.01044	0.01274	0.01013	0.00829	0.01411	0.01727	0.02214	0.16168	0.14037	0.23148	0.08928	0.01206	0.00320	0.00543	0.12643	0.00671	0.00699
11	0.01141	0.00757	0.00911	0.00911	0.00930	0.00775	0.00552	0.01154	0.01135	0.01532	0.02315	0.04606	0.02595	0.58720	0.12705	0.06340	0.00924	0.01055	0.00453	0.00490
12	0.01564	0.01480	0.02506	0.56351	0.19095	0.01749	0.02203	0.02069	0.01598	0.02102	0.01396	0.02035	0.01076	0.00757	0.00774	0.00252	0.01009	0.00689	0.00353	0.00942
13	0.02473	0.02202	0.02468	0.10317	0.02880	0.15142	0.10047	0.24508	0.08679	0.07549	0.01934	0.02273	0.01478	0.00915	0.00794	0.00242	0.01000	0.03380	0.00610	0.01110
14	0.00963	0.00688	0.00921	0.01100	0.01153	0.00645	0.00751	0.01111	0.01502	0.02000	0.04263	0.68453	0.05088	0.02412	0.00995	0.00317	0.00466	0.05816	0.00719	0.00635
15	0.01608	0.01378	0.01608	0.01148	0.01837	0.01034	0.00919	0.01952	0.01608	0.02527	0.01378	0.01608	0.01148	0.00574	0.00574	0.00115	0.00574	0.00459	0.00459	0.77491
16	0.01736	0.01655	0.02816	0.31430	0.42677	0.01794	0.02288	0.02219	0.01679	0.02310	0.01426	0.01979	0.01150	0.00725	0.00771	0.00242	0.00966	0.00690	0.00368	0.01080
17	0.01097	0.00793	0.01036	0.00975	0.01158	0.00732	0.00732	0.01463	0.02195	0.03109	0.67505	0.05792	0.07316	0.01585	0.00914	0.00244	0.00366	0.01402	0.00854	0.00732
18	0.01608	0.01378	0.01608	0.01148	0.01837	0.01034	0.00919	0.01952	0.01608	0.02527	0.01378	0.01608	0.01148	0.00574	0.00574	0.00115	0.00574	0.00459	0.00459	0.77491
19	0.01738	0.01448	0.01612	0.01536	0.01901	0.01637	0.01233	0.03414	0.48328	0.02984	0.03423	0.04537	0.02956	0.01358	0.00868	0.00289	0.00642	0.18245	0.00768	0.01083
20	0.01929	0.01666	0.01753	0.01578	0.02016	0.01929	0.01227	0.04120	0.66513	0.03243	0.03156	0.02893	0.02367	0.01052	0.00789	0.00263	0.00614	0.00877	0.00789	0.01227
21	0.01782	0.01910	0.03868	0.15867	0.17630	0.01893	0.40555	0.02371	0.01766	0.02403	0.01511	0.02051	0.01161	0.00683	0.00859	0.00254	0.01177	0.00827	0.00382	0.01050
22	0.01115	0.00803	0.01106	0.01106	0.01196	0.00893	0.00795	0.01295	0.01205	0.01696	0.02205	0.03755	0.02246	0.29222	0.46693	0.01073	0.01613	0.00935	0.00434	0.00614
23	0.00945	0.00675	0.00900	0.01080	0.01125	0.00630	0.00720	0.01080	0.01484	0.01979	0.04274	0.72245	0.05128	0.02429	0.00990	0.00315	0.00450	0.02204	0.00720	0.00630
24	0.01864	0.03587	0.56472	0.02091	0.03138	0.01785	0.02575	0.07841	0.01863	0.09279	0.01598	0.01756	0.01104	0.00775	0.00744	0.00244	0.01073	0.00604	0.00428	0.01178
25	0.02239	0.01659	0.01984	0.08496	0.02405	0.01753	0.01338	0.19224	0.13898	0.11197	0.02000	0.02086	0.01484	0.00889	0.00881	0.00222	0.06798	0.00678	0.00641	0.20127
26	0.01910	0.05170	0.02595	0.28944	0.07536	0.01827	0.10229	0.07961	0.11031	0.07022	0.01800	0.02125	0.01344	0.00799	0.00768	0.00239	0.00920	0.00723	0.00502	0.06554
27	0.01604	0.03712	0.59872	0.02414	0.09159	0.01810	0.02750	0.02521	0.04463	0.02497	0.01474	0.01717	0.01065	0.00746	0.00742	0.00245	0.01102	0.00597	0.00353	0.01157
28	0.00945	0.00675	0.00900	0.01080	0.01125	0.00630	0.00720	0.01080	0.01484	0.01979	0.04274	0.72245	0.05128	0.02429	0.00990	0.00315	0.00450	0.02204	0.00720	0.00630
29	0.02304	0.01861	0.01881	0.01623	0.02102	0.06807	0.01278	0.13812	0.45891	0.09422	0.02799	0.02597	0.02059	0.01006	0.00780	0.00251	0.00713	0.00812	0.00775	0.01227
30	0.01964	0.01693	0.02343	0.30381	0.13280	0.07829	0.05559	0.05145	0.06492	0.08501	0.01787	0.02160	0.01340	0.00812	0.00757	0.00240	0.00936	0.00711	0.07064	0.01006
31	0.02073	0.73217	0.04063	0.01327	0.01990	0.03068	0.01327	0.02322	0.01575	0.01824	0.01078	0.01244	0.00995	0.00663	0.00498	0.00166	0.00829	0.00415	0.00332	0.00995
32	0.00976	0.00803	0.00868	0.00895	0.01140	0.00695	0.00699	0.01203	0.01784	0.02164	0.09208	0.07613	0.55519	0.01980	0.00941	0.00276	0.00443	0.11402	0.00723	0.00667
33	0.00967	0.00690	0.00925	0.01105	0.01159	0.00649	0.00758	0.01118	0.01506	0.02004	0.04261	0.67673	0.05080	0.02408	0.00996	0.00318	0.00469	0.06560	0.00719	0.00636
34	0.01116	0.00799	0.01087	0.01087	0.01171	0.00883	0.00771	0.01282	0.01199	0.01682	0.02222	0.03851	0.02288	0.32399	0.43572	0.01050	0.01551	0.00949	0.00437	0.00604
35	0.02868	0.02208	0.02236	0.01745	0.02328	0.07160	0.01428	0.57624	0.03439	0.04570	0.01848	0.01880	0.01330	0.00920	0.00758	0.00228	0.00867	0.00685	0.04620	0.01258
36	0.78228	0.01499	0.01140	0.01020	0.01499	0.01739	0.00840	0.02279	0.01320	0.03479	0.01080	0.01260	0.00840	0.00720	0.00480	0.00240	0.00600	0.00420	0.00480	0.00840
37	0.01108	0.00831	0.01246	0.01246	0.01385	0.00969	0.00969	0.01385	0.01246	0.01800	0.02077	0.03046	0.01938	0.05815	0.69678	0.01246	0.02077	0.00831	0.00415	0.00692
38	0.01464	0.01378	0.02326	0.70887	0.05340	0.01723	0.02153	0.01981	0.01550	0.01981	0.01378	0.02067	0.01034	0.00775	0.00775	0.00258	0.01034	0.00689	0.00345	0.00861
39	0.01608	0.01378	0.01608	0.01148	0.01837	0.01034	0.00919	0.01952	0.01608	0.02527	0.01378	0.01608	0.01148	0.00574	0.00574	0.00115	0.00574	0.00459	0.00459	0.77491
40	0.01103	0.00917	0.00987	0.00960	0.01172	0.03908	0.00713	0.01381	0.01984	0.02592	0.37543	0.10997	0.29419	0.01751	0.00911	0.00254	0.00430	0.01505	0.00773	0.00703
41	0.03989	0.00992	0.01184	0.01208	0.01456	0.01002	0.00984	0.01893	0.11997	0.02634	0.18569	0.06654	0.17341	0.01762	0.00940	0.00294	0.00553	0.25007	0.00749	0.00791
42	0.01229	0.00890	0.01257	0.01230	0.01396	0.01021	0.00959	0.04662	0.01400	0.02048	0.02104	0.02973	0.01911	0.05157	0.60408	0.01106	0.01871	0.00815	0.06836	0.00727
43	0.01608	0.01378	0.01608	0.01148	0.01837	0.01034	0.00919	0.01952	0.01608	0.02527	0.01378	0.01608	0.01148	0.00574	0.00574	0.00115	0.00574	0.00459	0.00459	0.77491
44	0.01084	0.00781	0.01028	0.01011	0.01175	0.00725	0.00754	0.01418	0.02080	0.02921	0.56061	0.14851	0.06889	0.01724	0.00932	0.00259	0.00393	0.04367	0.00829	0.00717
45	0.01731	0.01642	0.02746	0.32077	0.39097	0.01796	0.02236	0.02289	0.04465	0.02335	0.01498	0.02022	0.01196	0.00741	0.00772	0.00243	0.00955	0.00698	0.00385	0.01076
46	0.01607	0.07340	0.59434	0.02264	0.03352	0.01880	0.08626	0.02451	0.01652	0.02426	0.01392	0.01660	0.01001	0.00725	0.00741	0.00243	0.01145	0.00597	0.00334	0.01129
47	0.02813	0.03521	0.02159	0.01961	0.02364	0.63813	0.01475	0.03184	0.07730	0.02013	0.01367	0.01527	0.01116	0.00821	0.00707	0.00205	0.01331	0.00532	0.00433	0.00927
48	0.01608	0.01378	0.01608	0.01148	0.01837	0.01034	0.00919	0.01952	0.01608	0.02527	0.01378	0.01608	0.01148	0.00574	0.00574	0.00115	0.00574	0.00459	0.00459	0.77491
49	0.00945	0.00675	0.00900	0.01080	0.01125	0.00630	0.00720	0.01080	0.01484	0.01979	0.04274	0.72245	0.05128	0.02429	0.00990	0.00315	0.00450	0.02204	0.00720	0.00630
50	0.07752	0.00816	0.00892	0.00889	0.00939	0.00842	0.00536	0.01237	0.01165	0.01708	0.02388	0.07545	0.02707	0.60405	0.06585	0.00712	0.00787	0.01099	0.00479	0.00519
51	0.01798	0.01633	0.02755	0.36627	0.15631	0.01852	0.10516	0.06357	0.01762	0.05191	0.01491	0.02023	0.01143	0.00812	0.00945	0.00258	0.07070	0.00723	0.00412	0.01000
52	0.07224	0.11179	0.14810	0.07771	0.04654	0.18116	0.01695	0.02591	0.01776	0.11063	0.01656	0.05908	0.01367	0.00919	0.00837	0.00235	0.06062	0.00672	0.00468	0.00997
53	0.02072	0.05270	0.02561	0.14801	0.30392	0.04677	0.01861	0.05695	0.08557	0.10060	0.02095	0.02332	0.04525	0.00849	0.00764	0.00237	0.00866	0.00743	0.00518	0.01127
54	0.13785	0.01752	0.05222	0.09823	0.14934	0.10887	0.01457	0.02161	0.01832	0.04871	0.18234	0.06946	0.02893	0.01061	0.00763	0.00240	0.00784	0.00888	0.00552	0.00918
55	0.01968	0.02043	0.02526	0.20457	0.29881	0.16327	0.01946	0.02348	0.01764	0.02214	0.01371	0.01833	0.01127	0.00797	0.00818	0.02963	0.01014	0.00629	0.00382	0.07593
56	0.07565	0.03816	0.11172	0.07870	0.15099	0.08814	0.06252	0.02382	0.06570	0.05212	0.02031	0.12436	0.01847	0.01255	0.04045	0.00296	0.00963	0.00894	0.00488	0.00993
57	0.18458	0.01828	0.04940	0.01829	0.09539	0.08839	0.03566	0.11956	0.02027	0.08556	0.02728	0.06453	0.10945	0.01109	0.00752	0.00247	0.00786	0.03865	0.00594	0.00984
58	0.05228	0.02435	0.22288	0.01839	0.05116	0.07820	0.01731	0.13438	0.02030	0.05978	0.02503	0.10892	0.08287	0.01156	0.00903	0.00254	0.05630	0.00910	0.00542	0.01021
59	0.01888	0.08605	0.02257	0.04860	0.02252	0.07058	0.11662	0.06081	0.07402	0.09593	0.06449	0.10542	0.12967	0.01203	0.00812	0.00243	0.00785	0.01054	0.00617	0.03672
60	0.01833	0.01671	0.07886	0.04711	0.07167	0.03650	0.01415	0.12277	0.11678	0.05848	0.04811	0.06203	0.02590	0.11378	0.01289	0.00339	0.00795	0.12860	0.00630	0.00970
61	0.04964	0.01491	0.04060	0.10865	0.09851	0.03526	0.03473	0.11457	0.01918	0.02622	0.02729	0.21115	0.04710	0.01448	0.00946	0.00279	0.04223	0.08842	0.00578	0.00903
62	0.10340	0.03951	0.07952	0.04435	0.02117	0.08464	0.06067	0.05120	0.04500	0.05319	0.02449	0.16865	0.04959	0.05456	0.00954	0.00272	0.00794	0.01009	0.00546	0.08431

[dist]
# distance from previous block
# <min> <max>
6	20

[block]
# block no. 1 follows, 25 sequences, length 74
# corresponding to MSA columns:
# 219-292
name=unknown_B
#
# <colnr> <probs for GDERKNQSTAVLIFYWHMCP>
#	G	D	E	R	K	N	Q	S	T	A	V	L	I	F	Y	W	H	M	C	P
0	0.04956	0.06559	0.04716	0.09914	0.11245	0.04265	0.09084	0.11447	0.11398	0.05220	0.05417	0.02615	0.05225	0.03508	0.00888	0.00259	0.00861	0.00810	0.00559	0.01054
1	0.06019	0.13047	0.10251	0.04574	0.11675	0.15352	0.01638	0.10951	0.02056	0.07095	0.01927	0.02072	0.05784	0.00853	0.00702	0.00217	0.00941	0.00649	0.00494	0.03704
2	0.07394	0.02098	0.06183	0.05405	0.09320	0.11777	0.03688	0.17468	0.06930	0.05602	0.02231	0.05797	0.05834	0.00973	0.00754	0.00232	0.00872	0.00787	0.00577	0.06080
3	0.04743	0.09418	0.24150	0.02295	0.08902	0.04455	0.10037	0.10420	0.05248	0.07635	0.01629	0.01830	0.01210	0.00799	0.00815	0.00239	0.03910	0.00655	0.00476	0.01133
4	0.01803	0.10361	0.12653	0.02118	0.09992	0.04396	0.10068	0.04534	0.05783	0.04753	0.02492	0.02772	0.10301	0.00960	0.00833	0.00230	0.03846	0.02424	0.00490	0.09189
5	0.01856	0.02645	0.28712	0.06371	0.02812	0.04680	0.04479	0.10897	0.04020	0.05432	0.05933	0.02345	0.04903	0.00982	0.01015	0.00257	0.10370	0.00745	0.00490	0.01056
6	0.01984	0.01943	0.02208	0.02161	0.10833	0.18033	0.07775	0.02239	0.01642	0.06618	0.01700	0.02530	0.01554	0.14563	0.09504	0.00455	0.12172	0.00767	0.00441	0.00877
7	0.02324	0.11475	0.02233	0.01635	0.02138	0.18298	0.01334	0.17987	0.13837	0.02963	0.02005	0.02521	0.01685	0.00970	0.00732	0.00221	0.00895	0.06875	0.00589	0.09283
8	0.01580	0.01238	0.05521	0.01429	0.05859	0.01091	0.01072	0.06309	0.04239	0.09884	0.20995	0.08686	0.09539	0.09563	0.09109	0.00419	0.00772	0.01146	0.00682	0.00867
9	0.01127	0.00842	0.01179	0.01443	0.05689	0.00814	0.01030	0.01373	0.01635	0.02155	0.04200	0.39512	0.07705	0.02179	0.01003	0.00323	0.00582	0.25810	0.00695	0.00703
10	0.02358	0.01236	0.01551	0.01291	0.01629	0.01247	0.00987	0.08954	0.04553	0.29744	0.02557	0.03321	0.02111	0.24589	0.05427	0.00464	0.05413	0.00885	0.00706	0.00976
11	0.73172	0.01456	0.01147	0.01034	0.01492	0.01689	0.00848	0.02221	0.01315	0.03369	0.01145	0.01377	0.00912	0.01054	0.05017	0.00306	0.00697	0.00447	0.00476	0.00830
12	0.01734	0.09230	0.12080	0.02013	0.14000	0.05701	0.01531	0.02165	0.01730	0.02463	0.07744	0.02023	0.01709	0.00740	0.00666	0.00178	0.00778	0.00607	0.00448	0.32459
13	0.02100	0.11401	0.02600	0.27124	0.09427	0.17983	0.01806	0.09232	0.01928	0.02301	0.01331	0.01741	0.01068	0.00817	0.00847	0.00233	0.06074	0.00609	0.00406	0.00970
14	0.54930	0.02197	0.05828	0.01335	0.01839	0.18212	0.01132	0.02489	0.01553	0.03028	0.01129	0.01318	0.00888	0.00740	0.00550	0.00231	0.00829	0.00449	0.00450	0.00874
15	0.01824	0.01450	0.01539	0.01357	0.01704	0.06263	0.04229	0.07184	0.24989	0.02994	0.02533	0.02683	0.01961	0.01260	0.05209	0.00289	0.00720	0.00777	0.30061	0.00972
16	0.78228	0.01499	0.01140	0.01020	0.01499	0.01739	0.00840	0.02279	0.01320	0.03479	0.01080	0.01260	0.00840	0.00720	0.00480	0.00240	0.00600	0.00420	0.00480	0.00840
17	0.78228	0.01499	0.01140	0.01020	0.01499	0.01739	0.00840	0.02279	0.01320	0.03479	0.01080	0.01260	0.00840	0.00720	0.00480	0.00240	0.00600	0.00420	0.00480	0.00840
18	0.00916	0.00785	0.00785	0.00785	0.01047	0.00655	0.00589	0.01113	0.01767	0.02095	0.07855	0.07462	0.67599	0.01964	0.00916	0.00262	0.00393	0.01636	0.00720	0.00655
19	0.12843	0.01593	0.01850	0.01968	0.11919	0.05747	0.01376	0.14519	0.02085	0.08548	0.02454	0.10852	0.02338	0.01297	0.00889	0.00272	0.03750	0.14084	0.00629	0.00988
20	0.02634	0.02016	0.02150	0.01720	0.02285	0.02258	0.01398	0.46470	0.23015	0.04380	0.02260	0.02179	0.01642	0.00968	0.00780	0.00242	0.00779	0.00753	0.00780	0.01290
21	0.59548	0.01306	0.01058	0.00988	0.01380	0.01482	0.00787	0.02083	0.01378	0.03234	0.01627	0.09456	0.01471	0.00936	0.00545	0.00241	0.00552	0.00660	0.10467	0.00801
22	0.78228	0.01499	0.01140	0.01020	0.01499	0.01739	0.00840	0.02279	0.01320	0.03479	0.01080	0.01260	0.00840	0.00720	0.00480	0.00240	0.00600	0.00420	0.00480	0.00840
23	0.01225	0.00814	0.01038	0.00967	0.01176	0.00746	0.00731	0.01576	0.02133	0.06265	0.56397	0.05566	0.10672	0.01537	0.00885	0.00241	0.00382	0.01345	0.05548	0.00755
24	0.02899	0.03620	0.02204	0.01987	0.02397	0.66308	0.01497	0.06178	0.02269	0.02046	0.01231	0.01421	0.01015	0.00806	0.00703	0.00201	0.01371	0.00509	0.00418	0.00920
25	0.78228	0.01499	0.01140	0.01020	0.01499	0.01739	0.00840	0.02279	0.01320	0.03479	0.01080	0.01260	0.00840	0.00720	0.00480	0.00240	0.00600	0.00420	0.00480	0.00840
26	0.01797	0.01551	0.01627	0.01475	0.01890	0.01763	0.01144	0.03729	0.58092	0.03094	0.03767	0.03487	0.10852	0.01171	0.00806	0.00263	0.00585	0.00975	0.00780	0.01153
27	0.01347	0.00673	0.01010	0.01010	0.01010	0.00673	0.00673	0.01010	0.01010	0.01347	0.01347	0.02357	0.01347	0.02694	0.03030	0.77441	0.00673	0.00673	0.00337	0.00337
28	0.01654	0.01572	0.02669	0.43277	0.31467	0.01773	0.02248	0.02147	0.01640	0.02212	0.01412	0.02005	0.01115	0.00740	0.00772	0.00247	0.00987	0.00690	0.00361	0.01014
29	0.01302	0.01129	0.01377	0.01336	0.01477	0.06879	0.01029	0.01545	0.01314	0.01791	0.01955	0.02959	0.01858	0.09942	0.54342	0.01058	0.06776	0.00814	0.00413	0.00705
30	0.18133	0.02744	0.01990	0.01711	0.02192	0.35731	0.01337	0.17778	0.02366	0.07031	0.01447	0.01557	0.01100	0.00824	0.00678	0.00218	0.01062	0.00548	0.00540	0.01013
31	0.01767	0.01373	0.01624	0.01168	0.01850	0.01043	0.00937	0.02107	0.01660	0.08121	0.01521	0.01695	0.01214	0.00607	0.00592	0.00125	0.00581	0.00487	0.00502	0.71027
32	0.01676	0.01538	0.02278	0.39512	0.14008	0.01804	0.01906	0.02695	0.21401	0.02452	0.01933	0.02296	0.01470	0.00847	0.00778	0.00255	0.00888	0.00747	0.00486	0.01030
33	0.00990	0.00781	0.00895	0.00897	0.01111	0.00686	0.00671	0.01242	0.01882	0.02424	0.26940	0.12906	0.39881	0.01889	0.00928	0.00264	0.00400	0.03769	0.00764	0.00680
34	0.01710	0.01476	0.01846	0.01326	0.02017	0.01183	0.05079	0.06157	0.01756	0.02679	0.01422	0.01656	0.01161	0.00603	0.00609	0.00132	0.00640	0.00504	0.00476	0.67565
35	0.02755	0.02809	0.05102	0.01953	0.02501	0.30162	0.05435	0.26697	0.06834	0.05778	0.01679	0.01771	0.01254	0.00860	0.00752	0.00224	0.01096	0.00639	0.00585	0.01115
36	0.02120	0.02633	0.11579	0.08258	0.36045	0.21342	0.02175	0.02568	0.01858	0.02301	0.01369	0.01742	0.01116	0.00734	0.00744	0.00226	0.01096	0.00620	0.00378	0.01097
37	0.01149	0.00978	0.01243	0.01302	0.01426	0.05273	0.04940	0.01335	0.01572	0.02027	0.03887	0.59159	0.04561	0.02190	0.00971	0.00306	0.00584	0.05739	0.00677	0.00679
38	0.00955	0.00683	0.00909	0.01073	0.01127	0.00636	0.00721	0.01105	0.01531	0.02054	0.08443	0.67863	0.05272	0.02373	0.00985	0.00310	0.00444	0.02151	0.00729	0.00636
39	0.01632	0.01455	0.01927	0.01376	0.02075	0.01133	0.07815	0.02009	0.01632	0.02522	0.01399	0.01660	0.01151	0.00583	0.00611	0.00131	0.00653	0.00508	0.00452	0.69277
40	0.01408	0.01116	0.01247	0.01199	0.01349	0.05510	0.00861	0.08243	0.01558	0.02063	0.02403	0.12480	0.02516	0.26604	0.27132	0.00784	0.01252	0.01071	0.00511	0.00692
41	0.02873	0.05485	0.02296	0.02063	0.06635	0.47202	0.01509	0.10848	0.02331	0.09460	0.01494	0.01618	0.01152	0.00821	0.00715	0.00209	0.01200	0.00564	0.00503	0.01021
42	0.01102	0.00701	0.00918	0.00981	0.01059	0.00653	0.00670	0.01059	0.01358	0.01749	0.03931	0.28302	0.18446	0.02426	0.01805	0.31789	0.00528	0.01444	0.00563	0.00516
43	0.01347	0.00673	0.01010	0.01010	0.01010	0.00673	0.00673	0.01010	0.01010	0.01347	0.01347	0.02357	0.01347	0.02694	0.03030	0.77441	0.00673	0.00673	0.00337	0.00337
44	0.02898	0.02349	0.02286	0.01803	0.02387	0.11129	0.01466	0.54648	0.06114	0.04428	0.01830	0.01845	0.01321	0.00919	0.00766	0.00230	0.00914	0.00680	0.00727	0.01260
45	0.02384	0.01727	0.01906	0.01596	0.02089	0.01901	0.01288	0.26977	0.28704	0.10369	0.05988	0.03008	0.02313	0.01095	0.00808	0.00254	0.00703	0.04879	0.00799	0.01212
46	0.02715	0.02056	0.02196	0.01737	0.02316	0.02296	0.01417	0.51364	0.17988	0.04512	0.02157	0.02097	0.01558	0.00958	0.00779	0.00240	0.00799	0.00739	0.00779	0.01298
47	0.02452	0.01660	0.01804	0.01446	0.01944	0.01768	0.01174	0.37242	0.07107	0.10949	0.03019	0.02947	0.11009	0.01086	0.00767	0.00233	0.00687	0.00856	0.10710	0.01140
48	0.01215	0.00868	0.01210	0.01389	0.01552	0.00863	0.01190	0.01547	0.01751	0.02282	0.04124	0.15888	0.04537	0.02174	0.01062	0.00352	0.00684	0.55892	0.00715	0.00704
49	0.50107	0.01370	0.01300	0.01130	0.01600	0.01473	0.00932	0.02545	0.01625	0.19111	0.06125	0.02373	0.01760	0.00926	0.00619	0.00248	0.00606	0.04573	0.00636	0.00941
50	0.01249	0.00892	0.01249	0.01428	0.01606	0.00892	0.01249	0.01606	0.01785	0.02320	0.04105	0.08746	0.04462	0.02142	0.01071	0.00357	0.00714	0.62695	0.00714	0.00714
51	0.01591	0.03761	0.60388	0.02348	0.03446	0.01822	0.10959	0.02459	0.01662	0.02459	0.01414	0.01696	0.01007	0.00726	0.00760	0.00248	0.01167	0.00617	0.00336	0.01133
52	0.01102	0.00805	0.01084	0.01080	0.01217	0.00867	0.00805	0.01335	0.01373	0.01928	0.06943	0.04102	0.10952	0.15359	0.42616	0.00924	0.01456	0.01012	0.04385	0.00656
53	0.01156	0.00867	0.01196	0.01172	0.01255	0.00998	0.00858	0.01335	0.01203	0.01708	0.02121	0.03612	0.02160	0.27363	0.43420	0.01020	0.06581	0.00917	0.00428	0.00631
54	0.01744	0.01495	0.01859	0.01663	0.10472	0.01236	0.01148	0.06526	0.01774	0.02696	0.01423	0.01666	0.01171	0.00615	0.00614	0.00138	0.00639	0.00506	0.00472	0.62141
55	0.01555	0.04011	0.68733	0.02210	0.03356	0.01801	0.02865	0.02455	0.01637	0.02455	0.01391	0.01637	0.00982	0.00737	0.00737	0.00246	0.01146	0.00573	0.00327	0.01146
56	0.01347	0.00673	0.01010	0.01010	0.01010	0.00673	0.00673	0.01010	0.01010	0.01347	0.01347	0.02357	0.01347	0.02694	0.03030	0.77441	0.00673	0.00673	0.00337	0.00337
57	0.01958	0.06750	0.07754	0.04080	0.15717	0.15095	0.01532	0.06116	0.01936	0.06579	0.02945	0.10671	0.13332	0.01169	0.00786	0.00238	0.00865	0.00967	0.00536	0.00973
58	0.28917	0.07029	0.01929	0.01561	0.02032	0.33013	0.01233	0.06651	0.01946	0.07336	0.01322	0.01457	0.01028	0.00783	0.00621	0.00216	0.01001	0.00499	0.00486	0.00940
59	0.01041	0.00786	0.00961	0.00927	0.01126	0.00706	0.00692	0.01350	0.02046	0.02780	0.48262	0.09064	0.23970	0.01726	0.00918	0.00252	0.00377	0.01501	0.00811	0.00706
60	0.01608	0.01378	0.01608	0.01148	0.01837	0.01034	0.00919	0.01952	0.01608	0.02527	0.01378	0.01608	0.01148	0.00574	0.00574	0.00115	0.00574	0.00459	0.00459	0.77491
61	0.01832	0.01686	0.02217	0.36573	0.07749	0.06746	0.01790	0.11077	0.06030	0.02475	0.01598	0.02194	0.01288	0.05563	0.01089	0.00283	0.05596	0.00710	0.00451	0.03052
62	0.01819	0.11182	0.05924	0.11174	0.11988	0.08769	0.04369	0.04416	0.04013	0.02221	0.03777	0.02074	0.01453	0.01556	0.10234	0.00380	0.12593	0.00688	0.00413	0.00957
63	0.01095	0.00803	0.01024	0.01006	0.01191	0.00744	0.00771	0.01422	0.02040	0.02804	0.48505	0.06376	0.14668	0.04654	0.01061	0.00282	0.00432	0.09611	0.00801	0.00708
64	0.01380	0.01031	0.01254	0.01177	0.01429	0.01038	0.00923	0.08560	0.08254	0.03103	0.39832	0.08351	0.08779	0.01598	0.00913	0.00264	0.00495	0.09982	0.00807	0.00830
65	0.02021	0.07004	0.02566	0.29516	0.21143	0.06624	0.01917	0.04719	0.01804	0.10290	0.01611	0.02014	0.01231	0.00950	0.03157	0.00271	0.00998	0.00672	0.00451	0.01040
66	0.14919	0.04768	0.08362	0.07431	0.28652	0.10702	0.01884	0.06956	0.04526	0.02737	0.01435	0.01737	0.01143	0.00750	0.00700	0.00230	0.00935	0.00608	0.00437	0.01087
67	0.00945	0.00675	0.00900	0.01080	0.01125	0.00630	0.00720	0.01080	0.01484	0.01979	0.04274	0.72245	0.05128	0.02429	0.00990	0.00315	0.00450	0.02204	0.00720	0.00630
68	0.01768	0.01689	0.02875	0.26665	0.47185	0.01803	0.02305	0.02248	0.01694	0.02350	0.01432	0.01968	0.01164	0.00719	0.00770	0.00240	0.00958	0.00690	0.00371	0.01107
69	0.01608	0.01378	0.01608	0.01148	0.01837	0.01034	0.00919	0.01952	0.01608	0.02527	0.01378	0.01608	0.01148	0.00574	0.00574	0.00115	0.00574	0.00459	0.00459	0.77491
70	0.01125	0.00760	0.00889	0.00889	0.00904	0.00775	0.00524	0.01156	0.01140	0.01536	0.02403	0.04853	0.02723	0.65470	0.11096	0.00805	0.00896	0.01095	0.00464	0.00494
71	0.01996	0.50099	0.13546	0.01752	0.02502	0.02698	0.10701	0.04828	0.01702	0.02131	0.01225	0.01447	0.01032	0.00683	0.00603	0.00194	0.00945	0.00521	0.00357	0.01037
72	0.04178	0.01313	0.02041	0.27878	0.18577	0.01443	0.01680	0.04320	0.01734	0.02405	0.09449	0.16804	0.02631	0.01190	0.00823	0.00260	0.00790	0.01071	0.00510	0.00903
73	0.19577	0.09505	0.08636	0.01384	0.01956	0.04487	0.01248	0.08070	0.01797	0.08052	0.03989	0.06097	0.01576	0.00890	0.00722	0.00213	0.03707	0.00657	0.00529	0.16909

[dist]
# distance from previous block
# <min> <max>
0	74

# created by:
# /home/berkeley/.conda/envs/busco_data_prod/bin/msa2prfl.pl pipeline/OGs_align_augustus/4893/41098.fs
