[name]
unknown

[dist]
# distance from previous block
# <min> <max>
0	66

[block]
# block no. 0 follows, 30 sequences, length 11
# corresponding to MSA columns:
# 66-76
name=unknown_A
#
# <colnr> <probs for GDERKNQSTAVLIFYWHMCP>
#	G	D	E	R	K	N	Q	S	T	A	V	L	I	F	Y	W	H	M	C	P
0	0.01793	0.05535	0.01685	0.01491	0.05672	0.05802	0.01145	0.15216	0.11863	0.06954	0.11430	0.05158	0.02725	0.01155	0.00752	0.00231	0.00653	0.15369	0.00629	0.04740
1	0.01648	0.05963	0.02116	0.01936	0.13821	0.04484	0.11356	0.05847	0.01681	0.06997	0.11896	0.08217	0.02225	0.01082	0.00936	0.08920	0.00711	0.00818	0.00490	0.08857
2	0.04411	0.09969	0.11984	0.02001	0.02593	0.01674	0.27470	0.02181	0.01581	0.09591	0.07044	0.01985	0.01512	0.00757	0.00863	0.00220	0.08095	0.00699	0.00429	0.04941
3	0.06369	0.15239	0.05707	0.14675	0.02432	0.01842	0.01353	0.24707	0.02080	0.08931	0.01714	0.08832	0.01432	0.00883	0.00655	0.00211	0.00743	0.00700	0.00528	0.00965
4	0.01283	0.05516	0.01266	0.01217	0.07354	0.00925	0.00833	0.01592	0.04952	0.09389	0.13752	0.17787	0.28498	0.01490	0.00783	0.00232	0.00461	0.01281	0.00642	0.00747
5	0.00895	0.00704	0.00815	0.00851	0.01034	0.00624	0.00646	0.01107	0.01618	0.02052	0.17140	0.17549	0.40749	0.01796	0.00852	0.00251	0.00394	0.09651	0.00668	0.00604
6	0.02270	0.01267	0.01657	0.01342	0.01782	0.01249	0.04876	0.09383	0.16124	0.32841	0.13393	0.05971	0.02615	0.01010	0.00738	0.00224	0.00586	0.00865	0.00762	0.01045
7	0.01887	0.01976	0.07982	0.02218	0.12556	0.11220	0.07857	0.09423	0.01651	0.06049	0.01305	0.01675	0.01070	0.01103	0.04884	0.00287	0.24919	0.00617	0.00400	0.00922
8	0.01033	0.00726	0.00954	0.01031	0.01151	0.00716	0.00805	0.01194	0.01375	0.01784	0.03611	0.11539	0.14493	0.12885	0.08541	0.08901	0.00696	0.27455	0.00550	0.00558
9	0.02611	0.03205	0.01988	0.01781	0.02158	0.66443	0.01346	0.08620	0.02093	0.01946	0.01131	0.01295	0.00924	0.00730	0.00635	0.00182	0.01215	0.00465	0.00389	0.00842
10	0.01778	0.07751	0.04378	0.11024	0.31760	0.04831	0.04948	0.06031	0.05894	0.06113	0.01670	0.07712	0.01438	0.00805	0.00693	0.00215	0.00807	0.00726	0.00433	0.00992

[dist]
# distance from previous block
# <min> <max>
0	6

[block]
# block no. 1 follows, 30 sequences, length 12
# corresponding to MSA columns:
# 83-94
name=unknown_B
#
# <colnr> <probs for GDERKNQSTAVLIFYWHMCP>
#	G	D	E	R	K	N	Q	S	T	A	V	L	I	F	Y	W	H	M	C	P
0	0.01747	0.09078	0.21150	0.06312	0.04359	0.08036	0.24446	0.07127	0.06681	0.02309	0.01412	0.01685	0.01065	0.00671	0.00703	0.00216	0.01011	0.00637	0.00382	0.00972
1	0.01391	0.01265	0.01676	0.15700	0.02121	0.04647	0.01275	0.01614	0.01216	0.01757	0.01400	0.02219	0.01309	0.11319	0.08274	0.00393	0.31702	0.00676	0.09349	0.00697
2	0.19402	0.01566	0.02563	0.10536	0.29145	0.01612	0.16592	0.02178	0.01515	0.06505	0.01336	0.01681	0.01034	0.00643	0.00664	0.00219	0.00839	0.00617	0.00393	0.00960
3	0.01141	0.00919	0.01238	0.01212	0.01258	0.01081	0.00902	0.01315	0.04357	0.01784	0.06985	0.34366	0.03088	0.05592	0.01621	0.09364	0.21364	0.01286	0.00511	0.00616
4	0.09479	0.01253	0.01653	0.01366	0.01770	0.05272	0.08627	0.02454	0.01704	0.34473	0.02629	0.21636	0.02287	0.01159	0.00737	0.00234	0.00644	0.01015	0.00678	0.00930
5	0.00870	0.00626	0.00793	0.00918	0.00972	0.00584	0.00606	0.00980	0.01318	0.01734	0.03938	0.59010	0.10749	0.11921	0.01239	0.00331	0.00436	0.01805	0.00618	0.00550
6	0.08702	0.02556	0.35180	0.02452	0.15989	0.01630	0.14054	0.02230	0.04488	0.02357	0.03042	0.01706	0.01140	0.00671	0.00682	0.00221	0.00936	0.00609	0.00357	0.00998
7	0.01707	0.59294	0.09526	0.01257	0.01830	0.02405	0.01277	0.01988	0.01383	0.01691	0.01116	0.01368	0.01008	0.01221	0.10106	0.00285	0.00922	0.00436	0.00308	0.00872
8	0.00971	0.00693	0.00871	0.00891	0.01013	0.00692	0.00642	0.01166	0.01373	0.01904	0.12428	0.16013	0.15706	0.13563	0.21091	0.00545	0.00823	0.01185	0.07847	0.00585
9	0.00866	0.00619	0.00824	0.00961	0.01016	0.00577	0.00649	0.01011	0.01409	0.01897	0.11480	0.67055	0.04840	0.02100	0.00883	0.00276	0.00396	0.01901	0.00662	0.00577
10	0.01794	0.01321	0.03902	0.01163	0.01458	0.10513	0.00942	0.02161	0.04985	0.16512	0.07110	0.02565	0.01975	0.03352	0.15474	0.00397	0.02958	0.00707	0.19897	0.00813
11	0.01224	0.00844	0.01158	0.10696	0.01645	0.00863	0.00888	0.01579	0.05003	0.08222	0.27066	0.18482	0.05933	0.05012	0.07882	0.00343	0.00624	0.01198	0.00631	0.00708

[dist]
# distance from previous block
# <min> <max>
0	3

[block]
# block no. 2 follows, 30 sequences, length 6
# corresponding to MSA columns:
# 98-103
name=unknown_C
#
# <colnr> <probs for GDERKNQSTAVLIFYWHMCP>
#	G	D	E	R	K	N	Q	S	T	A	V	L	I	F	Y	W	H	M	C	P
0	0.01076	0.01263	0.14167	0.01203	0.01468	0.00968	0.01090	0.01374	0.01163	0.01671	0.01827	0.02909	0.01760	0.19888	0.44079	0.00856	0.01450	0.00764	0.00370	0.00655
1	0.65792	0.01448	0.01599	0.01293	0.01776	0.01602	0.13342	0.02085	0.01273	0.02965	0.01053	0.01273	0.00812	0.00637	0.00505	0.00220	0.00658	0.00461	0.00417	0.00790
2	0.10948	0.05206	0.14959	0.04848	0.10826	0.14971	0.01597	0.05982	0.01574	0.02250	0.01217	0.01525	0.00987	0.00786	0.00908	0.00219	0.14045	0.00532	0.05735	0.00886
3	0.00926	0.00711	0.00847	0.00813	0.01005	0.00632	0.00610	0.01197	0.01829	0.02452	0.46573	0.05783	0.30982	0.01556	0.00824	0.00226	0.00338	0.01342	0.00723	0.00632
4	0.01728	0.01441	0.01683	0.07674	0.05830	0.04477	0.01097	0.08334	0.06637	0.06166	0.01475	0.01645	0.01153	0.00627	0.00588	0.00149	0.00634	0.00507	0.00471	0.47683
5	0.01140	0.04047	0.06883	0.06443	0.01738	0.01025	0.04732	0.01563	0.06192	0.02030	0.06330	0.05286	0.27326	0.05723	0.00970	0.00276	0.00608	0.16419	0.00560	0.00709

[dist]
# distance from previous block
# <min> <max>
0	4

[block]
# block no. 3 follows, 30 sequences, length 13
# corresponding to MSA columns:
# 108-120
name=unknown_D
#
# <colnr> <probs for GDERKNQSTAVLIFYWHMCP>
#	G	D	E	R	K	N	Q	S	T	A	V	L	I	F	Y	W	H	M	C	P
0	0.01762	0.01564	0.04518	0.08200	0.41249	0.01531	0.08754	0.02175	0.01580	0.08696	0.01521	0.01877	0.01194	0.00694	0.00763	0.00214	0.04311	0.00649	0.07735	0.01012
1	0.01180	0.01011	0.00979	0.00901	0.01170	0.07354	0.00684	0.01412	0.01739	0.05234	0.23201	0.05240	0.38950	0.01450	0.00779	0.00216	0.00453	0.01212	0.00647	0.06188
2	0.01946	0.01766	0.05995	0.08476	0.11409	0.11239	0.01392	0.15637	0.06698	0.09445	0.02203	0.07071	0.06340	0.01241	0.05742	0.00281	0.00866	0.00771	0.00532	0.00949
3	0.04481	0.06518	0.05346	0.06650	0.06374	0.11997	0.07663	0.07898	0.01665	0.11812	0.01433	0.01791	0.01145	0.04399	0.01170	0.00251	0.17445	0.00616	0.00440	0.00906
4	0.01084	0.00743	0.00914	0.00853	0.01063	0.00663	0.00646	0.01366	0.01867	0.07117	0.48098	0.05452	0.24555	0.01486	0.00815	0.00224	0.00354	0.01285	0.00740	0.00674
5	0.01467	0.01289	0.02052	0.49577	0.12310	0.01521	0.01759	0.07972	0.01548	0.02042	0.01325	0.01896	0.01042	0.01080	0.05110	0.05275	0.00938	0.00628	0.00354	0.00816
6	0.00893	0.00638	0.00858	0.01020	0.01079	0.00603	0.00722	0.01045	0.01378	0.01829	0.03823	0.64614	0.04523	0.02146	0.00902	0.00289	0.00442	0.11971	0.00647	0.00579
7	0.01733	0.01657	0.07991	0.02243	0.17738	0.01535	0.10519	0.13516	0.09922	0.05660	0.02285	0.10423	0.06050	0.02785	0.00848	0.00240	0.02475	0.00880	0.00522	0.00977
8	0.11083	0.18297	0.16651	0.04935	0.06906	0.17325	0.01567	0.08538	0.04597	0.02306	0.01232	0.01412	0.00973	0.00686	0.00591	0.00195	0.00900	0.00489	0.00385	0.00933
9	0.00885	0.00696	0.00793	0.00819	0.00983	0.00631	0.00594	0.01056	0.01479	0.01861	0.09963	0.16286	0.41030	0.10001	0.07223	0.00367	0.00532	0.03614	0.00609	0.00577
10	0.01761	0.42235	0.28893	0.01546	0.02283	0.08838	0.01724	0.02199	0.01491	0.01859	0.01085	0.01264	0.00892	0.00633	0.00545	0.00179	0.00900	0.00433	0.00303	0.00938
11	0.01578	0.07624	0.01587	0.01490	0.08883	0.05413	0.01011	0.06161	0.06615	0.08269	0.02509	0.30341	0.02586	0.01458	0.00930	0.07621	0.00605	0.01131	0.00555	0.03632
12	0.01680	0.33062	0.11018	0.04507	0.07033	0.02099	0.16369	0.02243	0.08324	0.02019	0.01441	0.04663	0.01226	0.00710	0.00626	0.00198	0.00852	0.00624	0.00370	0.00938

[dist]
# distance from previous block
# <min> <max>
0	2

[block]
# block no. 4 follows, 30 sequences, length 9
# corresponding to MSA columns:
# 123-131
name=unknown_E
#
# <colnr> <probs for GDERKNQSTAVLIFYWHMCP>
#	G	D	E	R	K	N	Q	S	T	A	V	L	I	F	Y	W	H	M	C	P
0	0.02080	0.01495	0.01768	0.01458	0.01795	0.01728	0.01191	0.27773	0.08867	0.10276	0.01815	0.01994	0.01387	0.01298	0.06988	0.00305	0.17149	0.00660	0.08995	0.00980
1	0.01053	0.00750	0.00976	0.01069	0.01192	0.00735	0.00853	0.01278	0.01479	0.01936	0.08709	0.09452	0.09096	0.19771	0.01569	0.00392	0.00595	0.37914	0.00599	0.00583
2	0.01528	0.01539	0.08804	0.01355	0.01763	0.01475	0.01156	0.02999	0.47023	0.02817	0.18342	0.03087	0.03027	0.01028	0.00731	0.00231	0.00551	0.00869	0.00680	0.00994
3	0.00838	0.00654	0.00762	0.00849	0.00980	0.00577	0.00593	0.00985	0.01454	0.01829	0.05341	0.43339	0.35332	0.01992	0.00860	0.00261	0.00381	0.01747	0.00648	0.00577
4	0.01764	0.01893	0.06367	0.11922	0.08437	0.09108	0.24296	0.10664	0.07143	0.02411	0.01688	0.07974	0.01419	0.00818	0.00748	0.00227	0.00951	0.00795	0.00441	0.00935
5	0.01139	0.00780	0.00891	0.00853	0.00906	0.00806	0.00526	0.06232	0.01197	0.01607	0.02133	0.04206	0.02373	0.64401	0.08599	0.00675	0.00774	0.00965	0.00440	0.00497
6	0.01759	0.05667	0.02449	0.12149	0.17548	0.11050	0.11397	0.08606	0.04016	0.02237	0.01654	0.09117	0.01501	0.00897	0.00807	0.00226	0.04906	0.02682	0.00424	0.00908
7	0.07545	0.01509	0.01745	0.01551	0.01653	0.09158	0.01254	0.01684	0.01238	0.01813	0.01714	0.07564	0.06709	0.01546	0.07114	0.00340	0.43997	0.00758	0.00379	0.00728
8	0.04146	0.01716	0.05518	0.01877	0.10380	0.08685	0.06460	0.07483	0.12029	0.06314	0.03832	0.02347	0.01621	0.07444	0.01110	0.00261	0.08481	0.02882	0.00490	0.06924

[dist]
# distance from previous block
# <min> <max>
0	1

[block]
# block no. 5 follows, 30 sequences, length 14
# corresponding to MSA columns:
# 133-146
name=unknown_F
#
# <colnr> <probs for GDERKNQSTAVLIFYWHMCP>
#	G	D	E	R	K	N	Q	S	T	A	V	L	I	F	Y	W	H	M	C	P
0	0.01745	0.35142	0.33335	0.01631	0.02419	0.02085	0.05102	0.02246	0.01496	0.07091	0.01247	0.01404	0.00960	0.00645	0.00579	0.00190	0.00881	0.00482	0.00341	0.00979
1	0.01190	0.00932	0.01085	0.01032	0.01260	0.00957	0.00782	0.07597	0.12226	0.02396	0.17253	0.15566	0.21069	0.02048	0.10991	0.00363	0.00639	0.01228	0.00647	0.00737
2	0.13842	0.16985	0.28850	0.01494	0.02229	0.01828	0.01629	0.11539	0.01671	0.02558	0.01212	0.01377	0.00928	0.00654	0.00572	0.00190	0.00798	0.00470	0.00388	0.10786
3	0.01368	0.01090	0.01568	0.01340	0.01578	0.01157	0.11214	0.06416	0.09149	0.02218	0.02277	0.14108	0.02191	0.14885	0.06578	0.00377	0.05627	0.00971	0.15152	0.00735
4	0.01799	0.20077	0.15078	0.01595	0.02205	0.06836	0.07453	0.11589	0.05107	0.02355	0.01432	0.04926	0.01205	0.00752	0.00676	0.00190	0.03374	0.00591	0.00417	0.12343
5	0.12196	0.00813	0.00889	0.00899	0.01123	0.00783	0.00711	0.01307	0.01614	0.02308	0.20183	0.08910	0.30208	0.01579	0.00798	0.00248	0.00432	0.13716	0.00644	0.00638
6	0.01521	0.17510	0.38610	0.01631	0.02380	0.01730	0.04879	0.02239	0.07609	0.02216	0.01490	0.01682	0.01134	0.00693	0.00606	0.00200	0.00837	0.00545	0.11536	0.00952
7	0.01573	0.01461	0.02437	0.03574	0.56521	0.01450	0.01833	0.01970	0.01669	0.02388	0.15781	0.02453	0.02247	0.00789	0.00718	0.00210	0.00725	0.00755	0.00434	0.01012
8	0.01135	0.00870	0.00982	0.00942	0.01159	0.00857	0.00695	0.01696	0.15496	0.04201	0.21520	0.12063	0.25824	0.08149	0.01049	0.00276	0.00429	0.01269	0.00677	0.00711
9	0.01110	0.01079	0.00933	0.00896	0.01135	0.10816	0.00672	0.01318	0.01724	0.02046	0.19162	0.05637	0.47872	0.01550	0.00797	0.00224	0.00477	0.01285	0.00632	0.00634
10	0.12570	0.07678	0.01411	0.01077	0.01396	0.01083	0.03944	0.01679	0.01465	0.08912	0.07679	0.18362	0.08683	0.01631	0.08228	0.00310	0.00658	0.00997	0.04424	0.07813
11	0.00963	0.00687	0.00818	0.00823	0.00904	0.00664	0.00540	0.01084	0.01325	0.01770	0.16007	0.11594	0.14122	0.37546	0.07740	0.00519	0.00627	0.01205	0.00541	0.00523
12	0.01651	0.22268	0.14325	0.08045	0.05302	0.13218	0.03330	0.02008	0.01559	0.01894	0.02048	0.02205	0.11694	0.00812	0.00621	0.00189	0.00832	0.00628	0.00375	0.06994
13	0.01742	0.22373	0.05421	0.01680	0.11657	0.09734	0.01261	0.02107	0.03848	0.02054	0.01212	0.01415	0.01021	0.00598	0.00548	0.00149	0.00733	0.00453	0.00371	0.31623

[dist]
# distance from previous block
# <min> <max>
5	12

[block]
# block no. 6 follows, 30 sequences, length 30
# corresponding to MSA columns:
# 159-188
name=unknown_G
#
# <colnr> <probs for GDERKNQSTAVLIFYWHMCP>
#	G	D	E	R	K	N	Q	S	T	A	V	L	I	F	Y	W	H	M	C	P
0	0.01954	0.01071	0.01337	0.01145	0.01496	0.01019	0.00908	0.11040	0.01849	0.25911	0.04641	0.09350	0.09369	0.07913	0.07066	0.00341	0.00685	0.06684	0.00674	0.05547
1	0.01584	0.09104	0.06265	0.18705	0.16686	0.07567	0.01559	0.02120	0.08995	0.02048	0.03762	0.01932	0.01359	0.01135	0.06575	0.02766	0.00903	0.00612	0.00390	0.05932
2	0.04251	0.13531	0.16455	0.01511	0.02154	0.01596	0.08288	0.10555	0.01779	0.09203	0.04748	0.02070	0.06008	0.00768	0.00640	0.00190	0.00747	0.00632	0.00476	0.14399
3	0.01214	0.01091	0.01725	0.38124	0.11809	0.01227	0.01482	0.01581	0.01491	0.01959	0.09524	0.08861	0.11732	0.01228	0.03792	0.00270	0.00771	0.00923	0.00440	0.00755
4	0.00905	0.00644	0.00798	0.00883	0.00939	0.00607	0.00576	0.01015	0.01323	0.01757	0.09312	0.43724	0.09882	0.22423	0.01618	0.00383	0.00469	0.01610	0.00596	0.00536
5	0.01625	0.14247	0.01820	0.03574	0.01694	0.18741	0.01085	0.01968	0.05600	0.02077	0.18828	0.05460	0.06779	0.01132	0.00835	0.00218	0.06693	0.06347	0.00513	0.00765
6	0.01826	0.04063	0.21192	0.12432	0.07223	0.05749	0.10271	0.12195	0.06442	0.06908	0.01545	0.01783	0.01140	0.00868	0.03099	0.00249	0.00957	0.00624	0.00438	0.00996
7	0.01066	0.00765	0.01034	0.01157	0.01301	0.00751	0.00965	0.01341	0.01573	0.02059	0.09251	0.13033	0.07998	0.06863	0.01113	0.00329	0.00583	0.47559	0.00639	0.00620
8	0.09083	0.01088	0.01366	0.01151	0.01490	0.01073	0.00906	0.04610	0.01690	0.35593	0.05558	0.11907	0.05212	0.08803	0.01136	0.00280	0.06542	0.00915	0.00688	0.00909
9	0.01449	0.01486	0.05933	0.23519	0.25285	0.02855	0.01738	0.01914	0.05352	0.02023	0.01739	0.13466	0.01640	0.00970	0.00867	0.00238	0.07408	0.00838	0.00398	0.00882
10	0.01366	0.06186	0.22540	0.01852	0.09102	0.01461	0.07231	0.03136	0.03164	0.02115	0.05968	0.07640	0.13035	0.02835	0.00970	0.00244	0.08990	0.00870	0.00433	0.00861
11	0.04756	0.01257	0.01564	0.01243	0.01738	0.01190	0.01014	0.08728	0.10645	0.49770	0.02977	0.02665	0.07326	0.00940	0.00705	0.00220	0.00582	0.00761	0.00801	0.01117
12	0.02779	0.01254	0.01605	0.01269	0.01768	0.01179	0.01035	0.07734	0.11482	0.53487	0.06714	0.02527	0.02034	0.00907	0.00710	0.00219	0.00584	0.00742	0.00826	0.01145
13	0.02079	0.04610	0.15161	0.08167	0.15368	0.01593	0.01686	0.10799	0.03520	0.20111	0.01780	0.02024	0.01312	0.00812	0.00798	0.00223	0.05744	0.02641	0.00523	0.01050
14	0.04450	0.01693	0.05562	0.10341	0.50865	0.01647	0.03744	0.05978	0.01668	0.05388	0.01378	0.01738	0.01098	0.00654	0.00686	0.00212	0.00833	0.00618	0.00386	0.01063
15	0.01497	0.01249	0.01956	0.52636	0.03884	0.01516	0.01698	0.05778	0.01516	0.06641	0.01562	0.08031	0.01309	0.00885	0.00844	0.00240	0.06810	0.00740	0.00399	0.00809
16	0.41403	0.02089	0.01632	0.01543	0.05836	0.26566	0.03353	0.02300	0.01497	0.02470	0.01041	0.01259	0.00846	0.00702	0.00634	0.00208	0.04982	0.00445	0.00392	0.00802
17	0.01093	0.00874	0.01313	0.01706	0.15869	0.00871	0.01027	0.01316	0.01394	0.01915	0.05927	0.37094	0.03393	0.05311	0.11836	0.00411	0.00743	0.06675	0.00538	0.00693
18	0.02753	0.01794	0.01995	0.01529	0.02084	0.01925	0.01263	0.55063	0.03011	0.18511	0.01902	0.01822	0.01300	0.00843	0.00699	0.00211	0.00731	0.00644	0.00733	0.01187
19	0.01474	0.01335	0.04626	0.02823	0.01695	0.01411	0.01144	0.05583	0.06150	0.04347	0.01808	0.12749	0.01772	0.07531	0.03693	0.00301	0.24105	0.00825	0.00458	0.16170
20	0.01102	0.00934	0.00972	0.01008	0.03215	0.06732	0.00689	0.01257	0.01562	0.01978	0.20869	0.13739	0.24314	0.10650	0.01299	0.06746	0.00505	0.01246	0.00589	0.00595
21	0.01618	0.01743	0.03568	0.10385	0.17950	0.01697	0.46144	0.02150	0.01608	0.02195	0.01429	0.01994	0.01128	0.00639	0.00786	0.00231	0.01065	0.02364	0.00354	0.00952
22	0.00879	0.00701	0.00787	0.00784	0.00980	0.00609	0.00581	0.01099	0.01691	0.02166	0.27001	0.12003	0.44866	0.01695	0.00830	0.00235	0.00350	0.01449	0.00686	0.00609
23	0.02365	0.14731	0.02249	0.06345	0.04566	0.47275	0.01359	0.02661	0.04784	0.05678	0.01249	0.01411	0.01007	0.00713	0.00614	0.00184	0.01072	0.00483	0.00389	0.00865
24	0.06677	0.15210	0.25757	0.02060	0.13725	0.01853	0.03841	0.02513	0.17187	0.02345	0.01565	0.01704	0.01206	0.00707	0.00631	0.00210	0.00811	0.00572	0.00410	0.01016
25	0.06165	0.00798	0.00958	0.00974	0.01158	0.00793	0.00771	0.01499	0.04629	0.02470	0.28166	0.08248	0.08246	0.03743	0.00875	0.00258	0.00451	0.18494	0.10639	0.00664
26	0.01813	0.03964	0.07147	0.02920	0.05765	0.01351	0.02861	0.20539	0.02077	0.11625	0.08539	0.17933	0.08058	0.01208	0.00752	0.00229	0.00634	0.01034	0.00629	0.00921
27	0.06135	0.00988	0.01274	0.01149	0.01412	0.01067	0.00911	0.06245	0.03553	0.10033	0.01888	0.02396	0.01589	0.03338	0.41991	0.00726	0.03089	0.00680	0.04985	0.06550
28	0.01447	0.01240	0.01447	0.01034	0.01654	0.00930	0.00827	0.01757	0.01447	0.02274	0.01240	0.01447	0.01034	0.00517	0.00517	0.00103	0.00517	0.00413	0.00413	0.79742
29	0.04469	0.04452	0.04172	0.09041	0.05628	0.06481	0.01280	0.30315	0.06861	0.03188	0.01701	0.01862	0.01279	0.00786	0.00636	0.00201	0.00724	0.00609	0.15336	0.00979

[dist]
# distance from previous block
# <min> <max>
0	1

[block]
# block no. 7 follows, 30 sequences, length 11
# corresponding to MSA columns:
# 190-200
name=unknown_H
#
# <colnr> <probs for GDERKNQSTAVLIFYWHMCP>
#	G	D	E	R	K	N	Q	S	T	A	V	L	I	F	Y	W	H	M	C	P
0	0.01127	0.00754	0.00947	0.00921	0.01112	0.00670	0.00668	0.01342	0.01617	0.07692	0.24898	0.28483	0.13760	0.05355	0.00950	0.00257	0.00412	0.01411	0.00673	0.06951
1	0.04737	0.06621	0.01459	0.04376	0.01575	0.01029	0.03278	0.01937	0.03459	0.19509	0.15542	0.23147	0.06088	0.01354	0.00763	0.00236	0.00528	0.02886	0.00665	0.00811
2	0.14379	0.26435	0.35108	0.01524	0.02296	0.01951	0.01764	0.02202	0.01434	0.05471	0.01187	0.01347	0.00907	0.00649	0.00558	0.00197	0.00839	0.00456	0.00345	0.00950
3	0.01007	0.00679	0.00966	0.01003	0.01070	0.00727	0.00716	0.01090	0.01117	0.01546	0.02233	0.19415	0.02392	0.12204	0.34460	0.16239	0.01147	0.01035	0.00429	0.00524
4	0.06226	0.00815	0.01000	0.01010	0.01208	0.00771	0.00734	0.01627	0.04550	0.15237	0.03782	0.45605	0.11251	0.01736	0.00811	0.00259	0.00450	0.01529	0.00678	0.00723
5	0.00886	0.00687	0.00772	0.00789	0.00945	0.00611	0.00557	0.01054	0.01530	0.01950	0.17030	0.17557	0.38291	0.12727	0.01241	0.00306	0.00406	0.01453	0.00636	0.00573
6	0.00832	0.00678	0.00737	0.00783	0.00963	0.00583	0.00564	0.00993	0.01517	0.01855	0.06138	0.26448	0.51708	0.01888	0.00844	0.00249	0.00368	0.01620	0.00648	0.00583
7	0.07070	0.00906	0.01087	0.01000	0.01267	0.00872	0.00767	0.01958	0.06856	0.18192	0.18942	0.15163	0.09640	0.04013	0.00851	0.00248	0.00460	0.03687	0.06232	0.00789
8	0.24421	0.00928	0.01004	0.00970	0.01210	0.00945	0.00720	0.01692	0.01439	0.12702	0.10231	0.29421	0.03121	0.07016	0.00923	0.00276	0.00485	0.01169	0.00614	0.00714
9	0.01227	0.00771	0.00981	0.00895	0.01118	0.00693	0.00683	0.01524	0.01916	0.11168	0.52055	0.05104	0.16357	0.01412	0.00808	0.00222	0.00366	0.01227	0.00761	0.00713
10	0.01318	0.00870	0.01157	0.01037	0.01219	0.00848	0.03908	0.01530	0.04176	0.08151	0.02210	0.07155	0.02215	0.34705	0.11778	0.03569	0.00805	0.02864	0.03333	0.07152

[dist]
# distance from previous block
# <min> <max>
0	1

[block]
# block no. 8 follows, 30 sequences, length 13
# corresponding to MSA columns:
# 202-214
name=unknown_I
#
# <colnr> <probs for GDERKNQSTAVLIFYWHMCP>
#	G	D	E	R	K	N	Q	S	T	A	V	L	I	F	Y	W	H	M	C	P
0	0.00957	0.00704	0.00893	0.01014	0.01090	0.00694	0.00698	0.01252	0.07677	0.01872	0.03630	0.60084	0.04210	0.07176	0.01063	0.00308	0.00449	0.04979	0.00638	0.00610
1	0.01447	0.01240	0.01447	0.01034	0.01654	0.00930	0.00827	0.01757	0.01447	0.02274	0.01240	0.01447	0.01034	0.00517	0.00517	0.00103	0.00517	0.00413	0.00413	0.79742
2	0.01360	0.00877	0.01055	0.00992	0.01235	0.00814	0.00746	0.04504	0.04469	0.11605	0.09824	0.20026	0.18723	0.09273	0.01088	0.00285	0.00488	0.06185	0.00654	0.05796
3	0.01301	0.00760	0.00985	0.00979	0.01172	0.00686	0.00728	0.01514	0.01645	0.14561	0.18536	0.33034	0.14210	0.01709	0.00837	0.00253	0.00429	0.05244	0.00712	0.00706
4	0.01217	0.00664	0.00694	0.00686	0.00856	0.00646	0.00515	0.01529	0.01544	0.02565	0.11982	0.03317	0.08509	0.00980	0.00563	0.00177	0.00328	0.00806	0.61777	0.00646
5	0.00998	0.00742	0.01092	0.01092	0.01207	0.00856	0.00836	0.01227	0.01113	0.01598	0.01896	0.02889	0.01809	0.10908	0.67124	0.01086	0.01773	0.00769	0.00378	0.00607
6	0.01160	0.00922	0.01257	0.01508	0.11585	0.03193	0.00947	0.01321	0.01276	0.01715	0.02445	0.15292	0.05208	0.15198	0.20980	0.07649	0.00975	0.06291	0.00449	0.00630
7	0.01335	0.01249	0.05388	0.02349	0.28309	0.01206	0.01393	0.01599	0.01289	0.01842	0.01583	0.02424	0.01484	0.11539	0.24973	0.06929	0.03263	0.00705	0.00357	0.00784
8	0.01384	0.01296	0.02133	0.57887	0.13393	0.01508	0.01864	0.01829	0.01426	0.01894	0.01250	0.01805	0.00963	0.00671	0.00680	0.00217	0.00879	0.00602	0.00324	0.07993
9	0.08033	0.08254	0.04324	0.07891	0.05992	0.08173	0.06747	0.10280	0.01706	0.02426	0.01240	0.01495	0.00994	0.00652	0.00662	0.00176	0.03667	0.00511	0.00409	0.26370
10	0.01156	0.00703	0.00925	0.00941	0.01070	0.00648	0.00666	0.01306	0.01534	0.08934	0.21933	0.34263	0.08067	0.05886	0.01167	0.07637	0.00434	0.01449	0.00658	0.00623
11	0.00863	0.00622	0.00796	0.00929	0.00983	0.00579	0.00617	0.00978	0.01329	0.01751	0.03977	0.62487	0.10244	0.08941	0.01131	0.00316	0.00426	0.01849	0.00627	0.00555
12	0.01776	0.08179	0.04594	0.05568	0.02130	0.09058	0.08351	0.12789	0.01733	0.05801	0.01703	0.09705	0.01541	0.01648	0.12152	0.00369	0.10820	0.00770	0.00456	0.00856

[dist]
# distance from previous block
# <min> <max>
4	19

[block]
# block no. 9 follows, 30 sequences, length 38
# corresponding to MSA columns:
# 234-271
name=unknown_J
#
# <colnr> <probs for GDERKNQSTAVLIFYWHMCP>
#	G	D	E	R	K	N	Q	S	T	A	V	L	I	F	Y	W	H	M	C	P
0	0.04956	0.03870	0.09600	0.04298	0.12883	0.04314	0.14656	0.07589	0.05880	0.06530	0.01851	0.02102	0.04896	0.01146	0.07155	0.00292	0.00936	0.00685	0.00448	0.05911
1	0.01169	0.00766	0.00987	0.03243	0.01160	0.00780	0.00688	0.03230	0.03444	0.04608	0.07797	0.17322	0.05722	0.23323	0.09982	0.12892	0.00710	0.01102	0.00509	0.00566
2	0.01051	0.00765	0.00941	0.00990	0.01107	0.00753	0.00698	0.07112	0.01530	0.02030	0.06992	0.43850	0.11059	0.10376	0.04972	0.00358	0.00544	0.03633	0.00618	0.00619
3	0.01854	0.45964	0.09112	0.01325	0.01866	0.08400	0.01269	0.09136	0.01646	0.01990	0.01361	0.07186	0.01291	0.04092	0.00682	0.00199	0.00789	0.00575	0.00379	0.00884
4	0.02351	0.05715	0.02337	0.01993	0.06911	0.38105	0.09280	0.16842	0.02123	0.02366	0.01264	0.01486	0.01008	0.00793	0.00757	0.03727	0.01063	0.00548	0.00426	0.00907
5	0.10635	0.48778	0.06606	0.06912	0.02043	0.02288	0.01248	0.04127	0.01454	0.01994	0.01053	0.01245	0.00903	0.00614	0.00491	0.00165	0.00733	0.00412	0.00337	0.07962
6	0.01867	0.01548	0.01677	0.14256	0.05393	0.12778	0.01218	0.09107	0.06354	0.11050	0.06478	0.06456	0.01884	0.05902	0.04419	0.00283	0.00820	0.00751	0.00526	0.07233
7	0.01111	0.00801	0.01058	0.04562	0.01331	0.00806	0.00790	0.01508	0.06615	0.05063	0.34988	0.16708	0.07980	0.02028	0.11078	0.00362	0.00620	0.01238	0.00662	0.00693
8	0.00847	0.00620	0.00796	0.00937	0.01003	0.00570	0.00632	0.00976	0.01370	0.01795	0.04273	0.65984	0.13376	0.02131	0.00882	0.00277	0.00398	0.01916	0.00648	0.00570
9	0.03827	0.00938	0.01468	0.08128	0.03802	0.00914	0.10848	0.01325	0.01452	0.01950	0.05771	0.34209	0.17065	0.03895	0.00908	0.00267	0.00581	0.01430	0.00553	0.00667
10	0.22927	0.01237	0.01311	0.01129	0.01506	0.01301	0.00900	0.13421	0.07384	0.12840	0.05085	0.06347	0.06643	0.01136	0.00839	0.07354	0.00568	0.03532	0.00600	0.03941
11	0.00850	0.00708	0.00742	0.00734	0.00958	0.00600	0.00550	0.01051	0.01651	0.02027	0.16995	0.06481	0.60825	0.01714	0.00824	0.00233	0.00350	0.01440	0.00667	0.00600
12	0.01011	0.01126	0.08316	0.01059	0.01395	0.00849	0.05082	0.01383	0.05601	0.01985	0.05398	0.08161	0.47004	0.04574	0.00921	0.00258	0.00514	0.04094	0.00587	0.00682
13	0.08322	0.00805	0.00949	0.00905	0.01119	0.00755	0.00672	0.01494	0.01652	0.10857	0.26816	0.18368	0.17080	0.05923	0.00949	0.00262	0.00421	0.01280	0.00683	0.00687
14	0.15578	0.00976	0.01151	0.01065	0.01349	0.00955	0.00804	0.04800	0.01586	0.23695	0.02855	0.34032	0.02828	0.04016	0.00837	0.00261	0.00512	0.01215	0.00671	0.00813
15	0.01804	0.02344	0.37800	0.01555	0.02273	0.01259	0.01754	0.02365	0.01722	0.21865	0.15673	0.02480	0.02270	0.00873	0.00706	0.00219	0.00767	0.00718	0.00550	0.01000
16	0.01127	0.00717	0.00860	0.00864	0.00963	0.00681	0.00575	0.01227	0.01294	0.07118	0.05701	0.17518	0.13007	0.38178	0.04191	0.00488	0.00594	0.03793	0.00550	0.00556
17	0.01297	0.00762	0.00954	0.00923	0.01122	0.00682	0.00674	0.01492	0.01622	0.14584	0.18168	0.26129	0.19716	0.07337	0.01032	0.00277	0.00432	0.01409	0.00694	0.00692
18	0.01316	0.00959	0.00986	0.00932	0.01195	0.01007	0.00712	0.02167	0.25087	0.02509	0.03826	0.03765	0.21429	0.01129	0.00660	0.00209	0.00411	0.00931	0.29979	0.00790
19	0.01527	0.01527	0.02137	0.01832	0.01832	0.02137	0.01527	0.01679	0.01069	0.01679	0.00916	0.01527	0.00916	0.01221	0.02290	0.00305	0.74198	0.00611	0.00305	0.00763
20	0.04113	0.01011	0.01151	0.01031	0.01326	0.03656	0.00784	0.04876	0.01736	0.23553	0.09124	0.18243	0.18820	0.06167	0.00950	0.00262	0.00516	0.01181	0.00694	0.00804
21	0.11372	0.00870	0.01015	0.00964	0.01224	0.00825	0.00738	0.01774	0.01579	0.18163	0.08407	0.23693	0.13830	0.01434	0.00742	0.00238	0.00455	0.04182	0.07741	0.00754
22	0.01400	0.03610	0.71860	0.01989	0.03020	0.01621	0.02578	0.02210	0.01473	0.02210	0.01252	0.01473	0.00884	0.00663	0.00663	0.00221	0.01031	0.00516	0.00295	0.01031
23	0.01691	0.01279	0.01309	0.01155	0.01473	0.04103	0.00901	0.14027	0.25119	0.03015	0.11948	0.02756	0.02440	0.00945	0.00653	0.00205	0.00517	0.00772	0.24788	0.00905
24	0.01002	0.00728	0.00992	0.04321	0.01269	0.00741	0.00782	0.01230	0.03349	0.01931	0.14825	0.27036	0.07896	0.04494	0.13849	0.07232	0.00720	0.06433	0.00570	0.00598
25	0.01161	0.00858	0.01037	0.04296	0.01294	0.00892	0.00742	0.01608	0.12385	0.04364	0.08071	0.14526	0.13473	0.21732	0.10029	0.00464	0.00692	0.01148	0.00566	0.00663
26	0.04828	0.00684	0.00805	0.00870	0.00940	0.00668	0.00568	0.01060	0.01251	0.01729	0.05219	0.36017	0.09957	0.28223	0.03665	0.00435	0.00539	0.01459	0.00553	0.00531
27	0.00878	0.00657	0.00819	0.00933	0.01025	0.00610	0.00641	0.01074	0.03472	0.01878	0.07241	0.57525	0.16597	0.02041	0.00870	0.00271	0.00397	0.01825	0.00655	0.00591
28	0.01402	0.01262	0.02041	0.34741	0.23170	0.01406	0.01687	0.01874	0.05148	0.02118	0.12213	0.02398	0.01943	0.00888	0.00816	0.04133	0.00771	0.00729	0.00413	0.00847
29	0.04956	0.01245	0.01428	0.01028	0.01640	0.00958	0.00824	0.01770	0.01435	0.02312	0.01228	0.01433	0.01021	0.00523	0.00513	0.00108	0.00518	0.00412	0.00414	0.76231
30	0.01333	0.01240	0.02102	0.41294	0.18608	0.01395	0.04782	0.01727	0.01438	0.01913	0.01764	0.15875	0.01682	0.00962	0.00739	0.00237	0.00818	0.00892	0.00385	0.00815
31	0.00875	0.00625	0.00838	0.01000	0.01051	0.00588	0.00691	0.01014	0.01360	0.01809	0.03833	0.68995	0.04562	0.02163	0.00897	0.00287	0.00426	0.07766	0.00647	0.00574
32	0.01685	0.10474	0.07329	0.01990	0.14162	0.12656	0.03315	0.05449	0.01573	0.02014	0.04354	0.07348	0.03783	0.07642	0.01196	0.00263	0.12775	0.00747	0.00405	0.00840
33	0.01120	0.00857	0.01162	0.07641	0.04149	0.00950	0.00849	0.01427	0.06524	0.01652	0.02004	0.03371	0.02006	0.33515	0.29008	0.00751	0.01145	0.00846	0.00414	0.00610
34	0.01057	0.00836	0.01236	0.01202	0.01312	0.01015	0.00946	0.01295	0.01116	0.01627	0.01761	0.02604	0.01651	0.04780	0.64746	0.01029	0.10050	0.00732	0.00366	0.00639
35	0.01508	0.01342	0.02093	0.63493	0.04429	0.01638	0.01851	0.11349	0.01665	0.02156	0.01302	0.01834	0.00967	0.00718	0.00698	0.00229	0.00907	0.00621	0.00365	0.00834
36	0.00956	0.00712	0.00889	0.00845	0.01023	0.00645	0.00634	0.01256	0.01901	0.02623	0.58530	0.05501	0.18918	0.01492	0.00823	0.00223	0.00334	0.01302	0.00745	0.00645
37	0.01674	0.01351	0.01497	0.01118	0.01701	0.04282	0.00890	0.02105	0.06890	0.08520	0.01494	0.01612	0.01176	0.00591	0.00554	0.00127	0.00560	0.00470	0.00475	0.62913

[dist]
# distance from previous block
# <min> <max>
0	2

[block]
# block no. 10 follows, 30 sequences, length 28
# corresponding to MSA columns:
# 274-301
name=unknown_K
#
# <colnr> <probs for GDERKNQSTAVLIFYWHMCP>
#	G	D	E	R	K	N	Q	S	T	A	V	L	I	F	Y	W	H	M	C	P
0	0.13937	0.01456	0.01517	0.01382	0.04792	0.03117	0.01035	0.07282	0.33729	0.02847	0.04646	0.02284	0.04167	0.00847	0.00639	0.00206	0.00572	0.00676	0.00592	0.14278
1	0.01762	0.59740	0.18900	0.01372	0.02066	0.02506	0.01503	0.02116	0.01430	0.01769	0.01033	0.01198	0.00893	0.00612	0.00496	0.00165	0.00810	0.00405	0.00298	0.00926
2	0.00995	0.00703	0.00876	0.00900	0.00928	0.00736	0.00580	0.01066	0.01101	0.01496	0.02447	0.18942	0.02791	0.46428	0.13852	0.00651	0.03392	0.01162	0.00458	0.00497
3	0.01156	0.00832	0.01213	0.03185	0.01408	0.00804	0.05768	0.04306	0.01569	0.04549	0.13733	0.37826	0.06144	0.01753	0.00971	0.05666	0.00512	0.05279	0.02671	0.00654
4	0.00998	0.00824	0.00922	0.00824	0.01124	0.00679	0.00627	0.01234	0.01629	0.02157	0.18778	0.07482	0.39818	0.01431	0.00758	0.00204	0.00387	0.01209	0.00620	0.18293
5	0.01437	0.06729	0.64194	0.02018	0.03008	0.01682	0.07010	0.02206	0.01483	0.02186	0.01251	0.01485	0.00896	0.00655	0.00664	0.00219	0.01028	0.00530	0.00299	0.01019
6	0.01198	0.00616	0.00923	0.00923	0.00932	0.00624	0.00624	0.00932	0.00923	0.01240	0.01257	0.02163	0.01248	0.02614	0.07462	0.74381	0.00692	0.00616	0.00308	0.00325
7	0.01014	0.00767	0.01083	0.01108	0.01232	0.00862	0.00838	0.01351	0.05820	0.01744	0.02377	0.18886	0.02412	0.04263	0.51788	0.00874	0.01453	0.01027	0.00458	0.00643
8	0.01005	0.00675	0.00824	0.00874	0.00934	0.00645	0.00569	0.01100	0.01275	0.03576	0.07553	0.30143	0.07589	0.35165	0.02082	0.00454	0.00534	0.03916	0.00560	0.00529
9	0.01103	0.00726	0.00871	0.00878	0.00919	0.00730	0.00551	0.04969	0.01203	0.01605	0.02387	0.19398	0.02722	0.44756	0.02687	0.11784	0.00613	0.01145	0.00471	0.00482
10	0.80405	0.01350	0.01026	0.00918	0.01350	0.01565	0.00756	0.02051	0.01188	0.03131	0.00972	0.01134	0.00756	0.00648	0.00432	0.00216	0.00540	0.00378	0.00432	0.00756
11	0.00913	0.00651	0.00854	0.00998	0.01073	0.00615	0.00715	0.01074	0.01392	0.01849	0.03917	0.55530	0.08145	0.04155	0.00965	0.00296	0.00450	0.13254	0.02575	0.00579
12	0.00857	0.00617	0.00813	0.00957	0.01012	0.00573	0.00644	0.00993	0.01382	0.01845	0.07885	0.68569	0.07012	0.02127	0.00884	0.00278	0.00399	0.01924	0.00655	0.00573
13	0.01400	0.03610	0.71860	0.01989	0.03020	0.01621	0.02578	0.02210	0.01473	0.02210	0.01252	0.01473	0.00884	0.00663	0.00663	0.00221	0.01031	0.00516	0.00295	0.01031
14	0.80405	0.01350	0.01026	0.00918	0.01350	0.01565	0.00756	0.02051	0.01188	0.03131	0.00972	0.01134	0.00756	0.00648	0.00432	0.00216	0.00540	0.00378	0.00432	0.00756
15	0.00999	0.00739	0.01078	0.01078	0.01187	0.00848	0.00818	0.01218	0.01109	0.01587	0.01909	0.02963	0.01841	0.13774	0.64301	0.01067	0.01724	0.00780	0.00380	0.00599
16	0.30258	0.01329	0.01382	0.01079	0.01611	0.01280	0.00881	0.07760	0.01611	0.15990	0.01469	0.01530	0.01079	0.00657	0.00537	0.00174	0.00561	0.00474	0.00530	0.29810
17	0.01884	0.01196	0.01444	0.01088	0.01638	0.00979	0.00874	0.02279	0.05662	0.20998	0.03755	0.02043	0.03379	0.00703	0.00594	0.00150	0.00525	0.00572	0.02843	0.47396
18	0.01326	0.00794	0.00987	0.00898	0.01147	0.00702	0.00687	0.01592	0.01843	0.15064	0.37203	0.07669	0.24493	0.01451	0.00804	0.00226	0.00387	0.01248	0.00746	0.00731
19	0.01501	0.01439	0.02480	0.42101	0.32327	0.01604	0.04657	0.01950	0.01486	0.02007	0.01277	0.01806	0.01008	0.00662	0.00700	0.00222	0.00898	0.00629	0.00326	0.00919
20	0.01318	0.01240	0.02093	0.73798	0.04806	0.01550	0.01938	0.01783	0.01395	0.01783	0.01240	0.01860	0.00930	0.00698	0.00698	0.00233	0.00930	0.00620	0.00310	0.00775
21	0.00912	0.00638	0.00787	0.00881	0.00913	0.00610	0.00557	0.00989	0.01223	0.01622	0.03346	0.45343	0.06480	0.30188	0.01905	0.00432	0.00507	0.01593	0.00562	0.00513
22	0.01812	0.33397	0.21974	0.01934	0.09510	0.11927	0.06279	0.02234	0.01544	0.01913	0.01128	0.01350	0.00926	0.00634	0.00582	0.00185	0.00933	0.00479	0.00314	0.00946
23	0.01906	0.09722	0.02396	0.17079	0.11139	0.03618	0.10031	0.06816	0.05378	0.14423	0.04095	0.02043	0.01439	0.01050	0.05591	0.00275	0.00891	0.00669	0.00485	0.00955
24	0.01120	0.00846	0.01265	0.01484	0.09633	0.00824	0.03289	0.01340	0.01438	0.03886	0.07193	0.36965	0.03665	0.07444	0.05952	0.00359	0.00640	0.11406	0.00578	0.00673
25	0.02361	0.01130	0.01591	0.01263	0.01709	0.01023	0.05497	0.02775	0.06565	0.44050	0.16850	0.03193	0.06762	0.01019	0.00743	0.00221	0.00562	0.00876	0.00786	0.01022
26	0.04020	0.01672	0.05073	0.15775	0.12135	0.07709	0.13431	0.06632	0.03258	0.06506	0.01506	0.02009	0.01208	0.01102	0.04681	0.05649	0.03902	0.02440	0.00412	0.00880
27	0.01736	0.07004	0.16815	0.09954	0.14401	0.01705	0.05215	0.08673	0.14566	0.04912	0.01641	0.01818	0.01241	0.00717	0.00668	0.00209	0.00806	0.00613	0.00453	0.06854

[dist]
# distance from previous block
# <min> <max>
0	16

# created by:
# /home/berkeley/.conda/envs/busco_data_prod/bin/msa2prfl.pl pipeline/OGs_align_augustus/4893/41100.fs
