[name]
unknown

[dist]
# distance from previous block
# <min> <max>
0	25

[block]
# block no. 0 follows, 33 sequences, length 37
# corresponding to MSA columns:
# 25-61
name=unknown_A
#
# <colnr> <probs for GDERKNQSTAVLIFYWHMCP>
#	G	D	E	R	K	N	Q	S	T	A	V	L	I	F	Y	W	H	M	C	P
0	0.01001	0.00682	0.00868	0.00935	0.01006	0.00678	0.00692	0.01117	0.01207	0.01582	0.02783	0.07852	0.04996	0.36668	0.02139	0.05461	0.00604	0.28753	0.00490	0.00486
1	0.01924	0.60081	0.03089	0.01249	0.01770	0.15536	0.01159	0.05516	0.01521	0.01690	0.00967	0.01106	0.00859	0.00595	0.00465	0.00149	0.00792	0.00377	0.00311	0.00844
2	0.01168	0.00859	0.01010	0.00895	0.01176	0.00782	0.00685	0.01609	0.09582	0.06164	0.29265	0.07665	0.17954	0.01201	0.00702	0.00194	0.00387	0.01030	0.03165	0.14509
3	0.05198	0.01532	0.14346	0.05692	0.04097	0.04893	0.07593	0.04436	0.03696	0.02217	0.15902	0.11927	0.07447	0.03426	0.00777	0.00227	0.00650	0.00917	0.04276	0.00751
4	0.01185	0.01254	0.07945	0.20405	0.12941	0.01171	0.05347	0.01593	0.04843	0.01862	0.02180	0.29763	0.02267	0.01191	0.00772	0.00235	0.02780	0.01078	0.00437	0.00749
5	0.00957	0.00638	0.00718	0.00718	0.00718	0.00638	0.00399	0.00957	0.00957	0.01276	0.02074	0.04308	0.02393	0.76864	0.03351	0.00638	0.00638	0.00957	0.00399	0.00399
6	0.00808	0.00576	0.00762	0.00909	0.00945	0.00539	0.00603	0.00918	0.01248	0.01664	0.03566	0.73527	0.04275	0.05077	0.00941	0.00282	0.00392	0.01835	0.00603	0.00529
7	0.07641	0.08423	0.13358	0.01779	0.04491	0.10927	0.14571	0.14028	0.03127	0.13227	0.01461	0.01576	0.01058	0.00673	0.00631	0.00197	0.00852	0.00566	0.00461	0.00952
8	0.00941	0.00795	0.01341	0.01260	0.01414	0.00744	0.13502	0.01137	0.01315	0.01760	0.03204	0.62637	0.03734	0.01784	0.00829	0.00259	0.00516	0.01669	0.00560	0.00600
9	0.01417	0.01201	0.01393	0.01000	0.01582	0.00931	0.00802	0.04797	0.01444	0.02236	0.01189	0.01375	0.00982	0.00501	0.00495	0.00102	0.00498	0.00399	0.00402	0.77254
10	0.00892	0.00703	0.00804	0.00783	0.00968	0.00646	0.00580	0.01186	0.05076	0.02094	0.29256	0.07672	0.37012	0.05550	0.03618	0.00271	0.00405	0.01255	0.00634	0.00596
11	0.01763	0.50291	0.05447	0.03639	0.01845	0.05550	0.01185	0.06921	0.11489	0.01931	0.01319	0.03670	0.01139	0.00683	0.00510	0.00167	0.00707	0.00487	0.00376	0.00880
12	0.00826	0.00676	0.00732	0.00750	0.00938	0.00595	0.00550	0.01055	0.03921	0.01871	0.11818	0.18720	0.51869	0.01683	0.00785	0.00229	0.00347	0.01436	0.00623	0.00575
13	0.01243	0.01170	0.01975	0.75282	0.04534	0.01463	0.01828	0.01682	0.01316	0.01682	0.01170	0.01755	0.00878	0.00658	0.00658	0.00219	0.00878	0.00585	0.00293	0.00731
14	0.01449	0.01327	0.02188	0.15232	0.41442	0.01389	0.03668	0.03753	0.03163	0.02081	0.03270	0.07009	0.01459	0.01070	0.06319	0.00271	0.00823	0.00709	0.02481	0.00896
15	0.01619	0.01787	0.16670	0.03310	0.01952	0.09037	0.06332	0.04021	0.03668	0.10217	0.01806	0.12042	0.01583	0.00985	0.00896	0.02165	0.10436	0.00755	0.09908	0.00810
16	0.00898	0.00672	0.00833	0.00793	0.00963	0.00607	0.00594	0.01177	0.01783	0.02449	0.57873	0.05231	0.20868	0.01417	0.00777	0.00210	0.00316	0.01235	0.00700	0.00607
17	0.00940	0.00705	0.01058	0.01058	0.01176	0.00823	0.00823	0.01176	0.01058	0.01528	0.01763	0.02586	0.01646	0.04937	0.74255	0.01058	0.01763	0.00705	0.00353	0.00588
18	0.01121	0.00830	0.01192	0.05514	0.06217	0.00887	0.02530	0.04762	0.01183	0.01620	0.01833	0.08668	0.01887	0.24667	0.23565	0.10753	0.00984	0.00836	0.00388	0.00565
19	0.01387	0.01358	0.02155	0.06042	0.02057	0.01695	0.14384	0.01619	0.01144	0.01701	0.01169	0.01886	0.01099	0.09202	0.01851	0.00303	0.45106	0.00658	0.04472	0.00712
20	0.00806	0.00576	0.00768	0.00914	0.00956	0.00538	0.00611	0.00928	0.01281	0.01713	0.05966	0.74004	0.04417	0.02038	0.00838	0.00265	0.00380	0.01848	0.00615	0.00538
21	0.10510	0.48774	0.04838	0.01232	0.01726	0.17283	0.01133	0.02071	0.01423	0.01735	0.01038	0.03677	0.00951	0.00646	0.00477	0.00160	0.00780	0.00424	0.00318	0.00807
22	0.52694	0.09668	0.01459	0.01119	0.03527	0.05868	0.00896	0.09812	0.01422	0.02763	0.01052	0.01228	0.00840	0.00854	0.04287	0.00238	0.00668	0.00412	0.00413	0.00780
23	0.01849	0.03260	0.06466	0.08285	0.06202	0.15346	0.18081	0.14032	0.05031	0.04104	0.03678	0.01983	0.01323	0.00761	0.00737	0.00209	0.03504	0.03827	0.00434	0.00888
24	0.00927	0.00629	0.00762	0.00789	0.00818	0.00619	0.00489	0.00985	0.01121	0.01515	0.09992	0.19538	0.03157	0.47841	0.05130	0.03015	0.00588	0.01155	0.00474	0.00455
25	0.05327	0.01298	0.01544	0.01324	0.01670	0.03176	0.08427	0.06439	0.35244	0.02553	0.02401	0.02701	0.04032	0.04826	0.00790	0.00235	0.00585	0.04100	0.12454	0.00873
26	0.08628	0.04241	0.03724	0.06155	0.07984	0.23161	0.03351	0.09447	0.01674	0.02185	0.01571	0.06232	0.03471	0.00821	0.00695	0.00196	0.05306	0.00621	0.09745	0.00791
27	0.01225	0.00754	0.00940	0.00916	0.01107	0.00692	0.00675	0.04628	0.01612	0.12647	0.18301	0.33329	0.17436	0.01591	0.00780	0.00233	0.00400	0.01396	0.00667	0.00672
28	0.05795	0.15356	0.06421	0.09819	0.12613	0.12362	0.01436	0.06417	0.04990	0.08452	0.01295	0.01506	0.01018	0.00718	0.00758	0.00198	0.09047	0.00517	0.00395	0.00889
29	0.01309	0.01129	0.01424	0.01058	0.01574	0.00881	0.04594	0.01588	0.01348	0.02063	0.01426	0.07761	0.01324	0.04238	0.00668	0.00144	0.00520	0.00561	0.00406	0.65984
30	0.01555	0.09003	0.05106	0.03052	0.01785	0.04884	0.04922	0.06125	0.05596	0.05030	0.01558	0.06746	0.01336	0.00842	0.02947	0.00184	0.00656	0.00588	0.04684	0.33401
31	0.06036	0.07937	0.01751	0.05055	0.01852	0.01520	0.01044	0.24281	0.07262	0.14846	0.01677	0.01762	0.01243	0.03030	0.00672	0.00191	0.00619	0.00557	0.02666	0.15999
32	0.01517	0.01302	0.01390	0.01433	0.09154	0.08757	0.00984	0.06342	0.17518	0.06527	0.08009	0.08407	0.17548	0.01301	0.04372	0.00252	0.00629	0.00920	0.00569	0.03069
33	0.04505	0.23132	0.12281	0.03258	0.05376	0.08263	0.04154	0.15453	0.01702	0.02242	0.01230	0.01485	0.01006	0.01172	0.09406	0.00288	0.03284	0.00507	0.00378	0.00879
34	0.06267	0.14242	0.13524	0.01426	0.03722	0.01517	0.06750	0.08804	0.03723	0.08506	0.04016	0.04368	0.09203	0.04450	0.00813	0.00219	0.03704	0.00697	0.00458	0.03594
35	0.01012	0.00757	0.00933	0.03487	0.01191	0.00744	0.00708	0.08806	0.01542	0.02030	0.07800	0.50183	0.14772	0.01767	0.00800	0.00247	0.00426	0.01567	0.00612	0.00616
36	0.01223	0.01084	0.04780	0.01279	0.06960	0.04913	0.00908	0.03378	0.03216	0.04195	0.04490	0.05286	0.05295	0.22044	0.27385	0.00619	0.01057	0.00816	0.00424	0.00648

[dist]
# distance from previous block
# <min> <max>
4	22

[block]
# block no. 1 follows, 33 sequences, length 20
# corresponding to MSA columns:
# 86-105
name=unknown_B
#
# <colnr> <probs for GDERKNQSTAVLIFYWHMCP>
#	G	D	E	R	K	N	Q	S	T	A	V	L	I	F	Y	W	H	M	C	P
0	0.01602	0.06647	0.09746	0.11068	0.31561	0.01588	0.01683	0.09350	0.06590	0.02276	0.01363	0.01663	0.01090	0.00847	0.04221	0.00233	0.00810	0.00564	0.00380	0.06718
1	0.01587	0.05533	0.15034	0.07615	0.21274	0.03181	0.07113	0.10385	0.09065	0.02319	0.01648	0.09287	0.01426	0.00805	0.00667	0.00209	0.00779	0.00717	0.00419	0.00937
2	0.01149	0.06093	0.01641	0.08744	0.06434	0.01103	0.08456	0.03692	0.01355	0.01803	0.02583	0.29030	0.07782	0.04873	0.08973	0.00342	0.03671	0.01142	0.00460	0.00676
3	0.01236	0.06268	0.01347	0.10347	0.02859	0.04099	0.00925	0.06196	0.06053	0.01894	0.04981	0.25831	0.10487	0.03259	0.01013	0.08316	0.02640	0.01095	0.00497	0.00655
4	0.04640	0.08132	0.08526	0.10665	0.25506	0.07788	0.13576	0.06537	0.01602	0.05020	0.01262	0.01565	0.00983	0.00621	0.00640	0.00198	0.00870	0.00573	0.00361	0.00932
5	0.06919	0.01574	0.11275	0.10144	0.14337	0.04216	0.01412	0.07138	0.08592	0.05673	0.01800	0.11926	0.01604	0.01290	0.07741	0.00297	0.02003	0.00757	0.00446	0.00857
6	0.00946	0.00769	0.01248	0.01215	0.01358	0.00739	0.10165	0.01152	0.01311	0.01758	0.03133	0.51955	0.03592	0.02088	0.07415	0.00336	0.00630	0.09047	0.00550	0.00595
7	0.01214	0.01121	0.08573	0.09613	0.05269	0.00998	0.03475	0.01501	0.01247	0.06638	0.04736	0.02544	0.04149	0.06123	0.33900	0.05921	0.01192	0.00711	0.00391	0.00684
8	0.02831	0.06157	0.13505	0.04916	0.18419	0.03003	0.01451	0.05293	0.06104	0.02179	0.01552	0.04013	0.03723	0.00702	0.00640	0.00177	0.02764	0.00578	0.00389	0.21601
9	0.01164	0.01012	0.01477	0.16282	0.16712	0.01027	0.01156	0.01524	0.04780	0.02010	0.13268	0.10368	0.16759	0.01133	0.00759	0.02441	0.00562	0.00959	0.00484	0.06125
10	0.01062	0.00676	0.00857	0.00855	0.00922	0.00687	0.00565	0.01150	0.01086	0.06132	0.02264	0.14305	0.02457	0.44336	0.19168	0.00652	0.00855	0.01013	0.00447	0.00510
11	0.05054	0.01841	0.15505	0.12012	0.10277	0.01549	0.08834	0.16781	0.04154	0.15156	0.01577	0.01721	0.01116	0.00695	0.00655	0.00207	0.00795	0.00599	0.00485	0.00988
12	0.04369	0.04464	0.03180	0.07953	0.12081	0.02832	0.08971	0.05507	0.03987	0.02135	0.01269	0.01631	0.01054	0.03175	0.00814	0.03337	0.03648	0.00534	0.00376	0.28683
13	0.00988	0.00771	0.01074	0.01042	0.01131	0.00903	0.00790	0.01164	0.01062	0.01503	0.02045	0.03033	0.06347	0.17979	0.47968	0.00838	0.09643	0.00784	0.00371	0.00564
14	0.01018	0.00665	0.00836	0.00865	0.00986	0.00613	0.00611	0.01181	0.01428	0.07057	0.17862	0.32530	0.13610	0.13243	0.01194	0.00303	0.00423	0.04379	0.00617	0.00580
15	0.06773	0.12661	0.21312	0.01569	0.04566	0.10704	0.03686	0.05439	0.05001	0.11642	0.01745	0.01822	0.05741	0.00755	0.00666	0.00198	0.03818	0.00569	0.00429	0.00905
16	0.01206	0.01033	0.01110	0.01080	0.01238	0.08037	0.00837	0.01396	0.01469	0.05204	0.11569	0.16900	0.20187	0.04476	0.01074	0.00259	0.10728	0.11014	0.00554	0.00630
17	0.00941	0.00658	0.00841	0.00851	0.00895	0.00697	0.00563	0.01032	0.01013	0.01392	0.02066	0.08429	0.02258	0.46543	0.28241	0.00762	0.01019	0.00928	0.00396	0.00475
18	0.07130	0.20337	0.23290	0.01646	0.05302	0.11497	0.03783	0.12169	0.01705	0.05619	0.01211	0.01353	0.00924	0.00646	0.00571	0.00185	0.00847	0.00475	0.00380	0.00926
19	0.01063	0.00830	0.01184	0.01133	0.01251	0.00995	0.00887	0.04281	0.01138	0.01638	0.01675	0.02502	0.01575	0.07753	0.60004	0.00918	0.09495	0.00699	0.00362	0.00616

[dist]
# distance from previous block
# <min> <max>
0	1

[block]
# block no. 2 follows, 33 sequences, length 32
# corresponding to MSA columns:
# 107-138
name=unknown_C
#
# <colnr> <probs for GDERKNQSTAVLIFYWHMCP>
#	G	D	E	R	K	N	Q	S	T	A	V	L	I	F	Y	W	H	M	C	P
0	0.01530	0.07233	0.01597	0.01057	0.01627	0.03513	0.00864	0.07644	0.01528	0.02254	0.01181	0.01354	0.00973	0.00526	0.00501	0.00112	0.00548	0.00406	0.00403	0.65152
1	0.08255	0.10524	0.09858	0.01545	0.02021	0.28530	0.06538	0.04873	0.03953	0.08794	0.01400	0.02913	0.01132	0.00834	0.02573	0.00211	0.00926	0.02299	0.00412	0.02409
2	0.03531	0.00641	0.00756	0.00817	0.00864	0.00627	0.00524	0.00991	0.01132	0.01543	0.02943	0.32023	0.06982	0.38420	0.02049	0.00445	0.00518	0.04215	0.00501	0.00479
3	0.00902	0.00756	0.00995	0.00897	0.01119	0.00672	0.06000	0.01137	0.01583	0.02039	0.25649	0.05467	0.41212	0.05768	0.00927	0.00243	0.00412	0.03014	0.00611	0.00594
4	0.01634	0.23938	0.13046	0.08871	0.02126	0.05828	0.01324	0.12588	0.01653	0.02159	0.03338	0.07484	0.01353	0.00864	0.02363	0.00199	0.00759	0.00596	0.00397	0.09479
5	0.01775	0.03838	0.05954	0.08261	0.13688	0.15682	0.06722	0.13514	0.07818	0.02391	0.08456	0.05630	0.01736	0.00817	0.00667	0.00201	0.00805	0.00695	0.00460	0.00887
6	0.01144	0.00572	0.00858	0.00858	0.00858	0.00572	0.00572	0.00858	0.00858	0.01144	0.01144	0.02001	0.01144	0.02287	0.02573	0.80846	0.00572	0.00572	0.00286	0.00286
7	0.01032	0.00701	0.00860	0.02783	0.01093	0.00694	0.00659	0.06503	0.01453	0.02053	0.05063	0.49994	0.05850	0.01643	0.00744	0.00235	0.00403	0.01459	0.16173	0.00604
8	0.01482	0.02094	0.26783	0.13694	0.05019	0.05690	0.10783	0.05870	0.01524	0.04600	0.01535	0.07504	0.01271	0.00920	0.03392	0.00241	0.00896	0.00677	0.05170	0.00856
9	0.07431	0.04994	0.01189	0.01043	0.01200	0.00994	0.00824	0.01292	0.01130	0.01709	0.05907	0.02690	0.01865	0.07854	0.51565	0.00819	0.04171	0.02334	0.00382	0.00609
10	0.02134	0.01202	0.01451	0.01196	0.01567	0.01219	0.00958	0.22400	0.04317	0.27287	0.05859	0.02900	0.02003	0.11419	0.05459	0.00320	0.00681	0.06049	0.00659	0.00922
11	0.01470	0.05628	0.09652	0.01173	0.01552	0.05542	0.01012	0.12477	0.05551	0.04331	0.04235	0.17422	0.08625	0.08370	0.00928	0.00243	0.00613	0.00927	0.00513	0.09735
12	0.01052	0.00589	0.00802	0.00832	0.00879	0.00577	0.00569	0.00968	0.01056	0.01468	0.02200	0.16911	0.07421	0.02102	0.04246	0.46517	0.00524	0.00898	0.09987	0.00405
13	0.00800	0.00580	0.00756	0.00897	0.00950	0.00536	0.00602	0.00919	0.01280	0.01688	0.03871	0.70846	0.09786	0.02031	0.00835	0.00264	0.00378	0.01833	0.00611	0.00536
14	0.01287	0.01215	0.02054	0.67191	0.12282	0.01474	0.01850	0.01720	0.01337	0.01735	0.01178	0.01741	0.00896	0.00650	0.00657	0.00217	0.00867	0.00585	0.00296	0.00767
15	0.01047	0.00873	0.01382	0.01261	0.01404	0.01021	0.06424	0.01290	0.01088	0.01573	0.01636	0.02448	0.01529	0.06565	0.57725	0.00889	0.10175	0.00705	0.00345	0.00621
16	0.01760	0.77260	0.03450	0.01126	0.01690	0.02605	0.01126	0.01971	0.01338	0.01549	0.00915	0.01056	0.00845	0.00563	0.00422	0.00141	0.00704	0.00352	0.00282	0.00845
17	0.03729	0.01169	0.01363	0.01205	0.05699	0.01144	0.00896	0.18921	0.01898	0.15131	0.02098	0.02162	0.05267	0.00772	0.00577	0.00172	0.00517	0.00617	0.23146	0.13519
18	0.00812	0.00652	0.00725	0.00742	0.00919	0.00565	0.00543	0.00998	0.01529	0.01929	0.18901	0.18370	0.47656	0.01674	0.00789	0.00227	0.00338	0.01435	0.00633	0.00565
19	0.01018	0.00691	0.00869	0.00843	0.01019	0.00624	0.00633	0.01269	0.01695	0.06894	0.42356	0.14661	0.19486	0.01492	0.00783	0.00222	0.00352	0.03780	0.00687	0.00628
20	0.01168	0.00712	0.00931	0.00992	0.01128	0.00674	0.00717	0.01415	0.05250	0.11753	0.03496	0.54874	0.05486	0.01795	0.00810	0.00258	0.00431	0.06817	0.00642	0.00651
21	0.01760	0.77260	0.03450	0.01126	0.01690	0.02605	0.01126	0.01971	0.01338	0.01549	0.00915	0.01056	0.00845	0.00563	0.00422	0.00141	0.00704	0.00352	0.00282	0.00845
22	0.01228	0.00857	0.01075	0.15329	0.01673	0.02667	0.00857	0.04374	0.01346	0.02054	0.01814	0.02425	0.01531	0.07626	0.17369	0.00410	0.00811	0.00650	0.35264	0.00639
23	0.00843	0.00605	0.00803	0.00947	0.01006	0.00571	0.00668	0.00984	0.01298	0.01716	0.03667	0.62220	0.06453	0.03929	0.00913	0.00281	0.00420	0.11531	0.00605	0.00542
24	0.01305	0.01233	0.02087	0.63841	0.15490	0.01479	0.01859	0.01736	0.01346	0.01757	0.01181	0.01735	0.00904	0.00647	0.00657	0.00216	0.00862	0.00585	0.00298	0.00781
25	0.00868	0.00645	0.00811	0.00836	0.00970	0.00588	0.00610	0.01093	0.01603	0.02166	0.36927	0.26210	0.18610	0.01635	0.00800	0.00231	0.00346	0.03802	0.00665	0.00582
26	0.02296	0.02720	0.01703	0.01539	0.01865	0.59970	0.01161	0.06551	0.01874	0.01877	0.01204	0.01382	0.00977	0.00697	0.00579	0.00169	0.01041	0.00460	0.11171	0.00764
27	0.01375	0.01259	0.01842	0.10458	0.02034	0.01574	0.06078	0.06890	0.01307	0.01852	0.01544	0.08789	0.01553	0.05820	0.04062	0.00315	0.36015	0.06135	0.00383	0.00715
28	0.01490	0.07303	0.10377	0.01544	0.07370	0.01239	0.06808	0.11006	0.01631	0.08219	0.03915	0.28589	0.02415	0.04011	0.00813	0.00238	0.00639	0.01067	0.00518	0.00808
29	0.00910	0.00674	0.00983	0.01018	0.01115	0.00753	0.00765	0.01112	0.01101	0.01557	0.02193	0.19343	0.02277	0.05997	0.55951	0.00869	0.01424	0.00975	0.00412	0.00571
30	0.14157	0.17911	0.37741	0.01660	0.02407	0.03891	0.09565	0.02057	0.01369	0.02102	0.01098	0.01309	0.00836	0.00604	0.00566	0.00194	0.00867	0.00470	0.00307	0.00890
31	0.45723	0.07702	0.15445	0.01188	0.01738	0.01645	0.01167	0.12224	0.01505	0.04800	0.01114	0.01239	0.00833	0.00642	0.00496	0.00199	0.00648	0.00425	0.00421	0.00846

[dist]
# distance from previous block
# <min> <max>
2	3

[block]
# block no. 3 follows, 33 sequences, length 9
# corresponding to MSA columns:
# 142-150
name=unknown_D
#
# <colnr> <probs for GDERKNQSTAVLIFYWHMCP>
#	G	D	E	R	K	N	Q	S	T	A	V	L	I	F	Y	W	H	M	C	P
0	0.45242	0.04049	0.01238	0.01003	0.01383	0.01456	0.00804	0.09750	0.08915	0.08128	0.01451	0.01766	0.01180	0.10166	0.00850	0.00257	0.00562	0.00522	0.00489	0.00790
1	0.04256	0.01395	0.02022	0.01653	0.06156	0.01354	0.15073	0.15264	0.04935	0.11279	0.01704	0.05798	0.01352	0.00742	0.00667	0.00186	0.02187	0.00664	0.05023	0.18288
2	0.00860	0.00624	0.00800	0.00897	0.00982	0.00584	0.00638	0.01019	0.01372	0.01818	0.12644	0.45223	0.12127	0.07754	0.01030	0.00288	0.00415	0.09769	0.00608	0.00546
3	0.01552	0.34258	0.15788	0.01652	0.02193	0.02060	0.13783	0.01914	0.01318	0.01750	0.01070	0.01382	0.00912	0.00881	0.04368	0.00236	0.13239	0.00506	0.00295	0.00843
4	0.01128	0.00583	0.00837	0.00851	0.00874	0.00581	0.00582	0.00944	0.00956	0.01331	0.01476	0.06700	0.01487	0.02112	0.02206	0.65340	0.00537	0.03207	0.07925	0.00344
5	0.00900	0.00759	0.00790	0.00767	0.01000	0.00695	0.00579	0.01290	0.10138	0.01989	0.13123	0.05710	0.56840	0.01538	0.00765	0.00221	0.00354	0.01289	0.00630	0.00622
6	0.01041	0.05497	0.08361	0.01101	0.01334	0.00955	0.02453	0.01374	0.04982	0.01752	0.06781	0.18985	0.05564	0.09999	0.26191	0.00552	0.00975	0.01007	0.00453	0.00643
7	0.00844	0.00622	0.00793	0.00870	0.00972	0.00571	0.00619	0.01026	0.01463	0.01954	0.21577	0.44035	0.15305	0.01807	0.00818	0.00247	0.00367	0.04907	0.00640	0.00563
8	0.18205	0.37666	0.08709	0.01183	0.01716	0.04080	0.01142	0.12027	0.01573	0.02319	0.01109	0.01248	0.00905	0.00627	0.00479	0.00170	0.00682	0.00417	0.04892	0.00854

[dist]
# distance from previous block
# <min> <max>
1	2

[block]
# block no. 4 follows, 33 sequences, length 7
# corresponding to MSA columns:
# 153-159
name=unknown_E
#
# <colnr> <probs for GDERKNQSTAVLIFYWHMCP>
#	G	D	E	R	K	N	Q	S	T	A	V	L	I	F	Y	W	H	M	C	P
0	0.01496	0.20166	0.15770	0.08159	0.16625	0.01765	0.09733	0.01965	0.03788	0.01977	0.06953	0.01757	0.01379	0.00694	0.00703	0.00197	0.05052	0.00587	0.00346	0.00886
1	0.04147	0.00767	0.00944	0.00920	0.01121	0.00681	0.00657	0.01295	0.01332	0.07623	0.05343	0.43325	0.05600	0.07069	0.00923	0.00252	0.00436	0.01331	0.00567	0.15668
2	0.01358	0.01468	0.08767	0.28096	0.19039	0.01442	0.08138	0.01777	0.01346	0.01902	0.01296	0.01787	0.01042	0.01020	0.06660	0.00281	0.06979	0.00605	0.06179	0.00818
3	0.00825	0.00620	0.00769	0.00864	0.00970	0.00564	0.00615	0.00984	0.01393	0.01806	0.10020	0.46673	0.22821	0.01880	0.00823	0.00253	0.00380	0.06569	0.00620	0.00553
4	0.41298	0.01249	0.01288	0.01048	0.01508	0.01296	0.00864	0.07610	0.01601	0.33738	0.01700	0.01619	0.01144	0.00713	0.00537	0.00203	0.00548	0.00508	0.00604	0.00921
5	0.00992	0.00685	0.00900	0.00896	0.01029	0.00686	0.00657	0.01182	0.01324	0.05174	0.15243	0.14543	0.14071	0.12637	0.26331	0.00567	0.00878	0.01099	0.00524	0.00581
6	0.00941	0.00641	0.00713	0.00713	0.00734	0.00631	0.00408	0.00956	0.01008	0.01324	0.02505	0.04498	0.08970	0.69809	0.03109	0.00599	0.00610	0.00998	0.00419	0.00414

[dist]
# distance from previous block
# <min> <max>
2	4

[block]
# block no. 5 follows, 33 sequences, length 21
# corresponding to MSA columns:
# 164-184
name=unknown_F
#
# <colnr> <probs for GDERKNQSTAVLIFYWHMCP>
#	G	D	E	R	K	N	Q	S	T	A	V	L	I	F	Y	W	H	M	C	P
0	0.20708	0.15779	0.02006	0.01299	0.01693	0.01611	0.11563	0.09798	0.01465	0.02350	0.01335	0.01758	0.01136	0.07031	0.05614	0.00283	0.04277	0.00556	0.08969	0.00769
1	0.00936	0.00661	0.00868	0.00958	0.01043	0.00640	0.00714	0.01118	0.01375	0.01841	0.13927	0.28766	0.04067	0.16911	0.01357	0.00344	0.00494	0.22853	0.00584	0.00544
2	0.00822	0.00596	0.00776	0.00903	0.00963	0.00549	0.00605	0.00941	0.01263	0.01685	0.03621	0.69458	0.06696	0.04297	0.00905	0.00272	0.00391	0.01783	0.00598	0.02876
3	0.01471	0.01762	0.09077	0.02465	0.03082	0.01521	0.56006	0.01978	0.01516	0.02075	0.04696	0.02051	0.01310	0.00726	0.00867	0.04669	0.01019	0.02516	0.00351	0.00842
4	0.01083	0.00759	0.00963	0.00914	0.01082	0.00738	0.00680	0.05134	0.04064	0.04644	0.47375	0.16565	0.05034	0.03956	0.03771	0.00265	0.00428	0.01215	0.00678	0.00655
5	0.01357	0.00770	0.01016	0.00945	0.01035	0.00800	0.00670	0.11622	0.01231	0.01678	0.01266	0.01961	0.01170	0.01973	0.02162	0.63984	0.00581	0.00577	0.04769	0.00432
6	0.00950	0.00684	0.00981	0.00994	0.01101	0.00773	0.00754	0.01166	0.01093	0.01593	0.01968	0.08980	0.01923	0.08576	0.58584	0.00901	0.01476	0.00813	0.06115	0.00574
7	0.07990	0.01614	0.01638	0.01379	0.01808	0.04085	0.01100	0.27615	0.39270	0.03237	0.02096	0.01995	0.01553	0.00828	0.00644	0.00211	0.00615	0.00650	0.00635	0.01036
8	0.01096	0.00918	0.02960	0.01238	0.06344	0.00863	0.03095	0.04921	0.04198	0.01956	0.09873	0.27327	0.06545	0.13544	0.08327	0.00373	0.00642	0.01183	0.00522	0.04076
9	0.05147	0.05017	0.18448	0.12222	0.21255	0.05183	0.07443	0.05868	0.01562	0.07725	0.01371	0.03432	0.01070	0.00673	0.00640	0.00203	0.00840	0.00590	0.00377	0.00934
10	0.01354	0.06808	0.67287	0.01820	0.02749	0.01584	0.02315	0.02136	0.04182	0.02086	0.01229	0.01417	0.00881	0.00633	0.00618	0.00206	0.00942	0.00490	0.00294	0.00970
11	0.00943	0.00697	0.01014	0.01014	0.01116	0.00799	0.00768	0.01147	0.01045	0.01496	0.01804	0.02810	0.01743	0.14269	0.65056	0.01004	0.01617	0.00738	0.00359	0.00563
12	0.01756	0.01280	0.01841	0.16354	0.09356	0.04963	0.09438	0.05220	0.04594	0.16006	0.06116	0.02219	0.01615	0.03254	0.00735	0.00214	0.00697	0.00676	0.12813	0.00853
13	0.04158	0.06514	0.08668	0.23671	0.16795	0.04866	0.04425	0.05958	0.04897	0.02073	0.01421	0.02052	0.01196	0.00764	0.00728	0.00215	0.04567	0.05809	0.00368	0.00857
14	0.01088	0.00633	0.00871	0.00886	0.00935	0.00623	0.00607	0.03662	0.01126	0.01498	0.05687	0.19720	0.05896	0.02094	0.01907	0.50486	0.00508	0.00950	0.00416	0.00408
15	0.00826	0.00659	0.00740	0.00741	0.00924	0.00573	0.00548	0.01031	0.01584	0.02025	0.25959	0.13104	0.45738	0.01612	0.00784	0.00222	0.00332	0.01380	0.00645	0.00573
16	0.01276	0.16510	0.05582	0.01101	0.01424	0.01246	0.03054	0.04922	0.01550	0.04605	0.12453	0.13067	0.19387	0.01268	0.00777	0.00216	0.04472	0.05851	0.00525	0.00715
17	0.07891	0.23339	0.10286	0.07742	0.03808	0.08506	0.01243	0.08479	0.04420	0.02153	0.05410	0.02065	0.08561	0.00787	0.00575	0.00185	0.00708	0.00596	0.02421	0.00824
18	0.10364	0.09502	0.16674	0.01386	0.03654	0.04532	0.04507	0.06010	0.01580	0.15116	0.03012	0.03683	0.03878	0.00744	0.00587	0.00187	0.00683	0.00591	0.05763	0.07547
19	0.07754	0.03939	0.12699	0.01456	0.05451	0.07914	0.04639	0.06573	0.01564	0.06716	0.06743	0.13132	0.04226	0.04258	0.04248	0.00268	0.00743	0.03864	0.00475	0.03338
20	0.01614	0.08020	0.05275	0.04554	0.05524	0.06632	0.11692	0.03500	0.09489	0.07694	0.01986	0.02444	0.06305	0.06831	0.00972	0.00238	0.05915	0.03400	0.00446	0.07470

[dist]
# distance from previous block
# <min> <max>
0	19

[block]
# block no. 6 follows, 33 sequences, length 11
# corresponding to MSA columns:
# 204-214
name=unknown_G
#
# <colnr> <probs for GDERKNQSTAVLIFYWHMCP>
#	G	D	E	R	K	N	Q	S	T	A	V	L	I	F	Y	W	H	M	C	P
0	0.01448	0.04185	0.04240	0.04543	0.01527	0.10169	0.00958	0.08129	0.01425	0.04748	0.01682	0.04602	0.01538	0.10990	0.27092	0.05267	0.01106	0.00682	0.04993	0.00675
1	0.06642	0.00873	0.00980	0.00982	0.01167	0.00921	0.00725	0.01694	0.18679	0.02069	0.07472	0.23203	0.12390	0.09833	0.05225	0.00330	0.00534	0.05024	0.00580	0.00673
2	0.04106	0.01253	0.01896	0.28957	0.06880	0.01371	0.07883	0.07080	0.09318	0.11349	0.08987	0.02206	0.01711	0.00773	0.00669	0.00211	0.00714	0.00688	0.03088	0.00860
3	0.00896	0.00666	0.00804	0.00867	0.00967	0.00636	0.00603	0.01121	0.05014	0.01789	0.10175	0.36287	0.16601	0.15034	0.01261	0.00319	0.00432	0.05388	0.00587	0.00553
4	0.12168	0.06580	0.01916	0.01706	0.06802	0.44091	0.01254	0.09851	0.01803	0.02089	0.01067	0.01254	0.00875	0.00697	0.00664	0.00184	0.05355	0.00450	0.00376	0.00817
5	0.00925	0.00711	0.00864	0.00933	0.01074	0.00684	0.00694	0.01261	0.07894	0.01941	0.10956	0.35449	0.20425	0.01754	0.00814	0.00252	0.00410	0.11726	0.00627	0.00606
6	0.01634	0.32174	0.37225	0.01561	0.02296	0.11014	0.01778	0.02108	0.01429	0.01817	0.01057	0.01234	0.00840	0.00608	0.00542	0.00177	0.00895	0.00426	0.00287	0.00897
7	0.01336	0.01249	0.01382	0.05496	0.01591	0.09985	0.01030	0.01767	0.10331	0.01938	0.10746	0.09088	0.04005	0.01766	0.12879	0.00366	0.16396	0.03365	0.04580	0.00703
8	0.15709	0.00996	0.01143	0.01050	0.01288	0.01045	0.03358	0.13627	0.01595	0.02391	0.06654	0.27712	0.08373	0.07531	0.04301	0.00301	0.00570	0.01124	0.00550	0.00683
9	0.01735	0.11917	0.07598	0.07167	0.06238	0.09388	0.01240	0.09423	0.10156	0.08647	0.10733	0.06031	0.02001	0.01033	0.03642	0.00233	0.00739	0.00705	0.00503	0.00872
10	0.04011	0.04200	0.07700	0.01350	0.05640	0.04071	0.04979	0.07917	0.01620	0.02236	0.11428	0.13295	0.11150	0.02546	0.00733	0.00208	0.00592	0.03229	0.00502	0.12592

[dist]
# distance from previous block
# <min> <max>
0	2

[block]
# block no. 7 follows, 33 sequences, length 8
# corresponding to MSA columns:
# 217-224
name=unknown_H
#
# <colnr> <probs for GDERKNQSTAVLIFYWHMCP>
#	G	D	E	R	K	N	Q	S	T	A	V	L	I	F	Y	W	H	M	C	P
0	0.09203	0.07282	0.03839	0.04853	0.10393	0.14216	0.07136	0.14848	0.10235	0.04721	0.01572	0.06015	0.01294	0.00773	0.00628	0.00200	0.00785	0.00633	0.00465	0.00909
1	0.07846	0.09548	0.12018	0.01518	0.05459	0.13502	0.05156	0.01860	0.03599	0.01980	0.05070	0.09129	0.04105	0.03374	0.00757	0.00231	0.00755	0.12899	0.00436	0.00757
2	0.00971	0.00726	0.00903	0.05026	0.01207	0.00703	0.00702	0.04175	0.01551	0.02071	0.19732	0.24313	0.20297	0.04848	0.00890	0.00251	0.00422	0.06457	0.04156	0.00599
3	0.06465	0.12922	0.06959	0.05175	0.24052	0.03570	0.09310	0.05113	0.04602	0.02168	0.01492	0.01730	0.04306	0.00651	0.00604	0.00185	0.00753	0.00573	0.00371	0.08998
4	0.06064	0.01985	0.18298	0.08255	0.24132	0.07149	0.04056	0.02190	0.08972	0.04538	0.01483	0.04946	0.01212	0.00732	0.00690	0.00209	0.03159	0.00621	0.00383	0.00926
5	0.01112	0.00774	0.00890	0.00908	0.01082	0.00768	0.00660	0.01587	0.13789	0.05286	0.06387	0.33141	0.16079	0.01503	0.00731	0.00229	0.00392	0.01313	0.12698	0.00670
6	0.01058	0.05114	0.01000	0.00926	0.01054	0.03650	0.00673	0.03353	0.01349	0.01803	0.03112	0.37884	0.08541	0.10351	0.04440	0.00319	0.00537	0.05075	0.09182	0.00581
7	0.08863	0.09894	0.06458	0.01704	0.08614	0.08007	0.06826	0.09323	0.11684	0.07953	0.01753	0.05742	0.03196	0.00826	0.00736	0.00207	0.06190	0.00654	0.00469	0.00901

[dist]
# distance from previous block
# <min> <max>
1	3

[block]
# block no. 8 follows, 33 sequences, length 16
# corresponding to MSA columns:
# 228-243
name=unknown_I
#
# <colnr> <probs for GDERKNQSTAVLIFYWHMCP>
#	G	D	E	R	K	N	Q	S	T	A	V	L	I	F	Y	W	H	M	C	P
0	0.05600	0.06782	0.15954	0.13601	0.15355	0.03757	0.09164	0.05879	0.03422	0.02110	0.01375	0.06464	0.01174	0.00759	0.00745	0.00212	0.05768	0.00645	0.00359	0.00876
1	0.01676	0.01769	0.05479	0.13055	0.20484	0.11450	0.09627	0.06825	0.09628	0.02147	0.01420	0.01793	0.01148	0.04212	0.00828	0.00222	0.03232	0.00610	0.00388	0.04006
2	0.01713	0.04040	0.02414	0.09243	0.23952	0.13323	0.11990	0.06035	0.05625	0.02082	0.01421	0.03592	0.01219	0.00763	0.00793	0.00211	0.06926	0.03393	0.00379	0.00888
3	0.10767	0.19400	0.17312	0.01904	0.13813	0.06482	0.07922	0.01932	0.01354	0.01943	0.01116	0.01429	0.00926	0.00878	0.02966	0.07376	0.00841	0.00494	0.00314	0.00831
4	0.00986	0.00869	0.03646	0.06286	0.03674	0.00844	0.02856	0.01202	0.01288	0.01748	0.06010	0.35782	0.05749	0.06328	0.09266	0.00368	0.04967	0.07016	0.00506	0.00609
5	0.00966	0.00740	0.01024	0.01263	0.10207	0.00725	0.00750	0.01109	0.01236	0.01673	0.06120	0.34195	0.07182	0.21629	0.07765	0.00418	0.00613	0.01307	0.00502	0.00575
6	0.04066	0.27403	0.08221	0.01287	0.01759	0.14557	0.01165	0.06272	0.03923	0.05496	0.01554	0.09185	0.01438	0.00832	0.00574	0.00180	0.00740	0.03732	0.00415	0.07203
7	0.01429	0.01240	0.03504	0.01300	0.05056	0.04013	0.00944	0.11195	0.22110	0.02296	0.02660	0.20034	0.06286	0.10315	0.01108	0.03575	0.00574	0.01015	0.00561	0.00785
8	0.00859	0.00661	0.00785	0.00773	0.00944	0.00587	0.00572	0.01093	0.01662	0.02207	0.39828	0.12372	0.32196	0.01542	0.00783	0.00219	0.00326	0.01335	0.00669	0.00587
9	0.07670	0.01612	0.01850	0.06797	0.02068	0.09605	0.07416	0.23644	0.05924	0.02621	0.01640	0.01903	0.03912	0.01428	0.11802	0.00338	0.07815	0.00628	0.00468	0.00859
10	0.04342	0.04351	0.32857	0.05986	0.02541	0.01436	0.14647	0.05376	0.01440	0.02104	0.01428	0.04637	0.01175	0.03404	0.08424	0.00311	0.00983	0.00639	0.03071	0.00851
11	0.00997	0.00707	0.00866	0.00836	0.01017	0.00649	0.00623	0.01304	0.04397	0.05520	0.41421	0.14560	0.21682	0.01478	0.00776	0.00219	0.00345	0.01288	0.00684	0.00633
12	0.01415	0.01219	0.01682	0.06006	0.12976	0.03311	0.05671	0.07826	0.09049	0.02116	0.09828	0.06823	0.02139	0.13974	0.01398	0.05255	0.07284	0.00816	0.00460	0.00751
13	0.00912	0.00619	0.00732	0.00776	0.00788	0.00608	0.00461	0.00945	0.01047	0.01395	0.02531	0.25526	0.02970	0.54859	0.02612	0.00529	0.00563	0.01226	0.00461	0.00439
14	0.19964	0.05072	0.09742	0.01292	0.01716	0.05120	0.05874	0.06728	0.11623	0.02429	0.05708	0.02060	0.03750	0.01387	0.11528	0.00329	0.00826	0.00618	0.03430	0.00806
15	0.01650	0.13859	0.10462	0.02018	0.02582	0.08211	0.31295	0.05634	0.06250	0.02076	0.01434	0.05745	0.01199	0.00718	0.00736	0.00207	0.03989	0.00689	0.00372	0.00875

[dist]
# distance from previous block
# <min> <max>
4	80

[block]
# block no. 9 follows, 33 sequences, length 40
# corresponding to MSA columns:
# 332-371
name=unknown_J
#
# <colnr> <probs for GDERKNQSTAVLIFYWHMCP>
#	G	D	E	R	K	N	Q	S	T	A	V	L	I	F	Y	W	H	M	C	P
0	0.01681	0.06642	0.14869	0.01468	0.01940	0.13041	0.04086	0.12112	0.17285	0.02377	0.04061	0.10269	0.05453	0.00944	0.00665	0.00208	0.00743	0.00773	0.00498	0.00885
1	0.11823	0.33897	0.02477	0.01370	0.03802	0.04948	0.01170	0.15677	0.04919	0.02323	0.01137	0.01301	0.00946	0.00715	0.00728	0.00186	0.10849	0.00459	0.00395	0.00878
2	0.01519	0.06231	0.07309	0.01822	0.17834	0.01317	0.01259	0.06484	0.09917	0.04272	0.06466	0.06569	0.02875	0.00801	0.00623	0.00179	0.00609	0.01998	0.00466	0.21451
3	0.01924	0.01869	0.07323	0.02843	0.05046	0.16127	0.03291	0.14448	0.06178	0.09525	0.04175	0.08234	0.01565	0.00909	0.00846	0.00209	0.10066	0.00694	0.00492	0.04236
4	0.03019	0.00714	0.00820	0.00818	0.01003	0.00663	0.00615	0.01216	0.04982	0.02160	0.29168	0.14021	0.32201	0.01543	0.00776	0.00226	0.00358	0.04443	0.00649	0.00606
5	0.01347	0.01340	0.07213	0.01419	0.07841	0.07429	0.04094	0.01794	0.09048	0.06976	0.07603	0.13334	0.23030	0.01246	0.00731	0.00221	0.00586	0.03438	0.00549	0.00761
6	0.01554	0.03828	0.15724	0.10177	0.07156	0.05734	0.03905	0.09926	0.04444	0.06139	0.01798	0.08256	0.01589	0.01432	0.10296	0.00327	0.00917	0.05511	0.00439	0.00847
7	0.01189	0.00838	0.00980	0.00931	0.01151	0.00817	0.00701	0.03563	0.12260	0.07889	0.21751	0.15776	0.21726	0.04482	0.00866	0.00242	0.00413	0.03066	0.00658	0.00699
8	0.07400	0.00711	0.00757	0.00763	0.00964	0.00649	0.00575	0.01094	0.01510	0.02030	0.17831	0.13538	0.44033	0.01572	0.00760	0.00226	0.00360	0.04031	0.00615	0.00580
9	0.08884	0.01910	0.10937	0.04550	0.12946	0.07265	0.09419	0.21778	0.01968	0.06271	0.04093	0.01671	0.01210	0.00695	0.00639	0.00198	0.00799	0.00585	0.00465	0.03716
10	0.01694	0.03586	0.01947	0.07121	0.07070	0.14156	0.10083	0.10983	0.03211	0.04063	0.01719	0.02303	0.03313	0.03897	0.10409	0.00332	0.04132	0.04487	0.04693	0.00802
11	0.00926	0.00686	0.00886	0.01008	0.01113	0.00670	0.00756	0.01211	0.05948	0.01838	0.03742	0.47591	0.08872	0.01891	0.00844	0.00271	0.00449	0.20096	0.00614	0.00589
12	0.01546	0.16427	0.39177	0.01867	0.09061	0.07645	0.01892	0.04456	0.01468	0.01988	0.01240	0.04847	0.01033	0.00710	0.00664	0.00197	0.04013	0.00539	0.00318	0.00913
13	0.01926	0.04446	0.04814	0.07771	0.08784	0.06017	0.07037	0.27676	0.05783	0.05326	0.01650	0.07543	0.01357	0.00807	0.00658	0.00198	0.00752	0.00682	0.00508	0.06266
14	0.00990	0.00701	0.00925	0.01036	0.01140	0.00691	0.00824	0.01192	0.01352	0.01764	0.03317	0.16128	0.06461	0.19023	0.01453	0.00371	0.00571	0.40954	0.00560	0.00547
15	0.01578	0.01568	0.02332	0.14761	0.49607	0.08224	0.01806	0.01934	0.01485	0.01989	0.01402	0.07704	0.01269	0.00727	0.00663	0.00203	0.00802	0.00676	0.00345	0.00926
16	0.05780	0.02261	0.01827	0.07576	0.02147	0.38017	0.03884	0.15996	0.01917	0.02198	0.01248	0.01513	0.01009	0.01248	0.10236	0.00299	0.01110	0.00518	0.00404	0.00812
17	0.00805	0.00585	0.00759	0.00890	0.00950	0.00540	0.00601	0.00932	0.01306	0.01726	0.06554	0.67189	0.10740	0.01998	0.00832	0.00261	0.00375	0.01801	0.00615	0.00540
18	0.01598	0.01539	0.02250	0.31708	0.09506	0.07741	0.12936	0.06571	0.09032	0.03948	0.01536	0.01874	0.02777	0.00715	0.00728	0.00214	0.03441	0.00642	0.00392	0.00852
19	0.01634	0.04303	0.03622	0.05434	0.27325	0.10342	0.01405	0.04718	0.08865	0.04142	0.03887	0.04868	0.04757	0.00853	0.00654	0.00202	0.00709	0.04706	0.06695	0.00881
20	0.00809	0.00628	0.00736	0.00794	0.00930	0.00556	0.00563	0.00973	0.01449	0.01854	0.14291	0.35551	0.34937	0.01790	0.00804	0.00239	0.00351	0.01565	0.00627	0.00556
21	0.05974	0.01669	0.04455	0.09372	0.14246	0.07521	0.01363	0.21414	0.12618	0.06103	0.01630	0.01857	0.01261	0.04067	0.03363	0.00251	0.00780	0.00607	0.00499	0.00951
22	0.01033	0.00765	0.00901	0.00832	0.01036	0.00720	0.00633	0.06870	0.01846	0.02525	0.45892	0.04913	0.23318	0.01360	0.00753	0.00208	0.00351	0.01169	0.04230	0.00644
23	0.02826	0.01441	0.08638	0.44644	0.05451	0.01456	0.07269	0.01971	0.10730	0.01963	0.03511	0.02052	0.03786	0.00731	0.00669	0.00218	0.00813	0.00654	0.00371	0.00807
24	0.53343	0.01566	0.01305	0.01106	0.01538	0.07295	0.00901	0.19285	0.03565	0.03144	0.01139	0.01244	0.00860	0.00669	0.00492	0.00200	0.00617	0.00432	0.00472	0.00828
25	0.04430	0.33676	0.18881	0.01779	0.11506	0.01930	0.05735	0.02028	0.03228	0.03755	0.01195	0.01429	0.00982	0.00906	0.05743	0.00239	0.00859	0.00483	0.00324	0.00893
26	0.01604	0.01494	0.01668	0.11081	0.11618	0.14200	0.02499	0.07578	0.03530	0.04983	0.02042	0.10554	0.06370	0.04417	0.05376	0.00276	0.02598	0.01858	0.00446	0.05811
27	0.00851	0.00613	0.00818	0.00945	0.01009	0.00591	0.00669	0.00995	0.01271	0.01689	0.03509	0.55778	0.06730	0.05743	0.06947	0.00352	0.00532	0.09836	0.00580	0.00542
28	0.00942	0.00664	0.00864	0.00866	0.00926	0.00703	0.00589	0.01063	0.01083	0.01502	0.07753	0.06755	0.02500	0.39876	0.30302	0.00749	0.01033	0.00918	0.00417	0.00495
29	0.04287	0.09128	0.47046	0.05017	0.05786	0.04166	0.05744	0.02031	0.01373	0.02003	0.01129	0.01394	0.00853	0.00658	0.00729	0.00208	0.06740	0.00500	0.00291	0.00914
30	0.03503	0.01386	0.01649	0.12236	0.13173	0.08097	0.01234	0.07481	0.12470	0.06551	0.05518	0.08975	0.07553	0.00968	0.00740	0.00214	0.03985	0.00804	0.02619	0.00845
31	0.00907	0.00647	0.00832	0.00927	0.00998	0.00622	0.00638	0.03787	0.01375	0.01846	0.09818	0.57492	0.04200	0.08523	0.01051	0.00293	0.00421	0.04458	0.00605	0.00557
32	0.00990	0.00702	0.00788	0.00753	0.00977	0.00603	0.00569	0.01194	0.01603	0.07787	0.20714	0.08240	0.49630	0.01541	0.00771	0.00219	0.00349	0.01304	0.00653	0.00615
33	0.02459	0.03138	0.01866	0.01696	0.02035	0.74221	0.01272	0.02629	0.01866	0.01611	0.01018	0.01187	0.00848	0.00678	0.00594	0.00170	0.01187	0.00424	0.00339	0.00763
34	0.17976	0.00965	0.01013	0.00951	0.01156	0.01031	0.00689	0.07858	0.07898	0.05180	0.04890	0.16519	0.02401	0.25324	0.01511	0.00358	0.00545	0.02554	0.00524	0.00659
35	0.01468	0.07638	0.02377	0.08877	0.04729	0.01953	0.09734	0.01704	0.01147	0.01674	0.00967	0.01486	0.00886	0.00966	0.01656	0.00258	0.50839	0.00583	0.00295	0.00763
36	0.81514	0.01273	0.00968	0.00866	0.01273	0.01477	0.00713	0.01935	0.01120	0.02954	0.00917	0.01069	0.00713	0.00611	0.00407	0.00204	0.00509	0.00356	0.00407	0.00713
37	0.01287	0.00889	0.01144	0.01174	0.06939	0.00880	0.00787	0.06376	0.01614	0.08803	0.23942	0.09791	0.12697	0.16060	0.01315	0.00300	0.03671	0.01058	0.00589	0.00683
38	0.01241	0.01158	0.01879	0.62594	0.07296	0.01401	0.01694	0.01718	0.04458	0.01759	0.01688	0.02154	0.06772	0.00748	0.00668	0.00219	0.00813	0.00658	0.00337	0.00745
39	0.01791	0.47315	0.17333	0.01420	0.02040	0.11308	0.04302	0.02124	0.01442	0.04087	0.01056	0.01210	0.00876	0.00598	0.00508	0.00164	0.00831	0.00416	0.00308	0.00871

[dist]
# distance from previous block
# <min> <max>
0	4

[block]
# block no. 10 follows, 33 sequences, length 20
# corresponding to MSA columns:
# 376-395
name=unknown_K
#
# <colnr> <probs for GDERKNQSTAVLIFYWHMCP>
#	G	D	E	R	K	N	Q	S	T	A	V	L	I	F	Y	W	H	M	C	P
0	0.04760	0.01277	0.01440	0.01386	0.06465	0.01383	0.01012	0.06392	0.39855	0.06820	0.05343	0.02752	0.06980	0.00926	0.00658	0.00210	0.00522	0.02815	0.03949	0.05053
1	0.00810	0.00664	0.00715	0.00710	0.00911	0.00568	0.00530	0.01004	0.01565	0.01951	0.19984	0.08963	0.56102	0.01618	0.00780	0.00221	0.00331	0.01369	0.00635	0.00568
2	0.21244	0.01873	0.01629	0.01578	0.09372	0.21519	0.01117	0.16428	0.01869	0.02662	0.08055	0.01662	0.01421	0.00727	0.00579	0.00185	0.00750	0.00532	0.00462	0.06336
3	0.01120	0.00867	0.01211	0.01145	0.01283	0.01028	0.00900	0.07137	0.01224	0.01748	0.01678	0.02459	0.01557	0.06861	0.58849	0.00899	0.08327	0.00693	0.00375	0.00638
4	0.01367	0.01182	0.01123	0.01091	0.01318	0.12019	0.00831	0.03618	0.10008	0.06252	0.10979	0.20485	0.16920	0.01420	0.00755	0.00230	0.00549	0.08547	0.00602	0.00702
5	0.01013	0.00764	0.00922	0.00856	0.01052	0.00726	0.00649	0.04655	0.05171	0.02558	0.53394	0.04903	0.18130	0.01357	0.00766	0.00210	0.00345	0.01177	0.00698	0.00653
6	0.01447	0.01378	0.02343	0.37701	0.40523	0.01516	0.01930	0.01861	0.01413	0.01929	0.01206	0.01689	0.00965	0.00620	0.00655	0.00207	0.00827	0.00586	0.00310	0.00896
7	0.01607	0.01620	0.02347	0.28645	0.26727	0.09686	0.08390	0.04332	0.06365	0.02027	0.01309	0.01694	0.01027	0.00647	0.00661	0.00206	0.00873	0.00597	0.00351	0.00889
8	0.01414	0.01414	0.02059	0.58447	0.13594	0.08518	0.01801	0.01820	0.01394	0.01739	0.01165	0.01683	0.00897	0.00650	0.00651	0.00211	0.00895	0.00570	0.00302	0.00777
9	0.00886	0.00717	0.00793	0.00771	0.00977	0.00650	0.00579	0.01212	0.06436	0.02108	0.26579	0.07943	0.44931	0.01528	0.00772	0.00219	0.00341	0.01299	0.00650	0.00609
10	0.01526	0.01448	0.01670	0.16393	0.13998	0.13558	0.01307	0.04481	0.05132	0.03602	0.04751	0.10809	0.03297	0.03194	0.00775	0.00228	0.00742	0.08822	0.00453	0.03815
11	0.01498	0.04359	0.28729	0.10645	0.07598	0.01562	0.06676	0.08167	0.14133	0.02320	0.01619	0.04829	0.01272	0.00746	0.00651	0.00211	0.00804	0.00639	0.02606	0.00936
12	0.00810	0.00623	0.00746	0.00838	0.00957	0.00558	0.00598	0.00959	0.01373	0.01739	0.04827	0.43818	0.31393	0.01889	0.00820	0.00252	0.00378	0.06263	0.00611	0.00548
13	0.01460	0.04646	0.35536	0.11338	0.02849	0.03927	0.12856	0.02006	0.01419	0.05397	0.01514	0.01781	0.04585	0.00725	0.00784	0.00216	0.07144	0.00602	0.00335	0.00882
14	0.00912	0.00634	0.00803	0.00881	0.00994	0.00577	0.00626	0.01074	0.01416	0.04712	0.12215	0.47763	0.18025	0.01838	0.00817	0.00250	0.00382	0.04869	0.00632	0.00576
15	0.01438	0.05290	0.05190	0.04274	0.07678	0.06463	0.01078	0.11818	0.05802	0.02121	0.04373	0.15925	0.03664	0.06856	0.10871	0.04249	0.00809	0.00883	0.00470	0.00748
16	0.10597	0.01622	0.08042	0.18589	0.06674	0.01544	0.28329	0.04768	0.05416	0.02182	0.01309	0.01695	0.00998	0.00702	0.00765	0.04051	0.00888	0.00635	0.00358	0.00837
17	0.00972	0.00666	0.00810	0.00859	0.01002	0.00621	0.00637	0.01211	0.02926	0.03957	0.14578	0.30116	0.19272	0.01625	0.00770	0.00236	0.00383	0.08564	0.10200	0.00596
18	0.07415	0.07105	0.05564	0.12315	0.08722	0.04973	0.03405	0.09651	0.04259	0.04847	0.04155	0.05320	0.01383	0.00888	0.02721	0.00219	0.05391	0.00619	0.00426	0.10621
19	0.01772	0.23439	0.10492	0.03263	0.10229	0.13551	0.07841	0.09493	0.01659	0.02066	0.03903	0.01571	0.01172	0.00949	0.05667	0.00240	0.00922	0.00532	0.00363	0.00874

[dist]
# distance from previous block
# <min> <max>
1	5

[block]
# block no. 11 follows, 33 sequences, length 19
# corresponding to MSA columns:
# 401-419
name=unknown_L
#
# <colnr> <probs for GDERKNQSTAVLIFYWHMCP>
#	G	D	E	R	K	N	Q	S	T	A	V	L	I	F	Y	W	H	M	C	P
0	0.24463	0.01499	0.01449	0.06904	0.01811	0.09579	0.01017	0.11279	0.08555	0.10348	0.04832	0.01726	0.01335	0.00749	0.00633	0.00197	0.03797	0.00543	0.02797	0.06485
1	0.01002	0.00898	0.04461	0.01217	0.08146	0.00775	0.00845	0.01319	0.04218	0.02123	0.27502	0.19475	0.14971	0.06037	0.00929	0.00252	0.00448	0.04134	0.00596	0.00653
2	0.05493	0.01069	0.01299	0.01051	0.01442	0.01014	0.00848	0.11877	0.01926	0.34357	0.14918	0.02770	0.05683	0.00923	0.00648	0.00195	0.00494	0.00755	0.10024	0.03213
3	0.01941	0.58377	0.03060	0.01253	0.01778	0.13620	0.01161	0.08827	0.01592	0.01815	0.00997	0.01128	0.00872	0.00603	0.00472	0.00151	0.00781	0.00387	0.00328	0.00859
4	0.00880	0.00615	0.00780	0.00852	0.00888	0.00606	0.00552	0.00971	0.01151	0.01553	0.05746	0.38908	0.03425	0.30578	0.09015	0.00483	0.00612	0.01383	0.00510	0.00492
5	0.05276	0.01817	0.08791	0.01484	0.01973	0.04541	0.03292	0.24361	0.35347	0.03073	0.02007	0.01948	0.01484	0.00804	0.00651	0.00211	0.00672	0.00643	0.00594	0.01030
