[name]
unknown

[dist]
# distance from previous block
# <min> <max>
0	0

[block]
# block no. 0 follows, 33 sequences, length 19
# corresponding to MSA columns:
# 0-18
name=unknown_A
#
# <colnr> <probs for GDERKNQSTAVLIFYWHMCP>
#	G	D	E	R	K	N	Q	S	T	A	V	L	I	F	Y	W	H	M	C	P
0	0.01061	0.00758	0.01061	0.01212	0.01364	0.00758	0.01061	0.01364	0.01515	0.01970	0.03486	0.07426	0.03789	0.01819	0.00909	0.00303	0.00606	0.68326	0.00606	0.00606
1	0.02503	0.01844	0.01976	0.01515	0.02042	0.02042	0.01251	0.70562	0.03095	0.04149	0.01581	0.01581	0.01120	0.00790	0.00659	0.00198	0.00724	0.00593	0.00659	0.01120
2	0.01159	0.00982	0.00900	0.00877	0.00932	0.10610	0.00550	0.01200	0.01088	0.01341	0.01907	0.03753	0.02126	0.60988	0.08465	0.00607	0.00800	0.00866	0.00387	0.00463
3	0.01830	0.61965	0.08075	0.01231	0.01817	0.02455	0.01233	0.11261	0.01579	0.01938	0.01024	0.01150	0.00881	0.00598	0.00468	0.00153	0.00725	0.00394	0.00332	0.00891
4	0.01144	0.00572	0.00858	0.00858	0.00858	0.00572	0.00572	0.00858	0.00858	0.01144	0.01144	0.02001	0.01144	0.02287	0.02573	0.80846	0.00572	0.00572	0.00286	0.00286
5	0.00821	0.00591	0.00804	0.00936	0.00985	0.00574	0.00640	0.00952	0.01233	0.01660	0.03376	0.66441	0.03988	0.02452	0.10775	0.00374	0.00569	0.01714	0.00576	0.00542
6	0.02415	0.03045	0.01845	0.01677	0.02018	0.70310	0.01260	0.02676	0.05621	0.01673	0.01107	0.01256	0.00911	0.00690	0.00598	0.00172	0.01151	0.00441	0.00357	0.00778
7	0.01155	0.01112	0.00987	0.00931	0.01141	0.13769	0.00698	0.01394	0.01746	0.02176	0.38311	0.04710	0.26751	0.01331	0.00744	0.00205	0.00475	0.01118	0.00619	0.00625
8	0.01365	0.01170	0.01365	0.00975	0.01560	0.00878	0.00780	0.01658	0.01365	0.02145	0.01170	0.01365	0.00975	0.00488	0.00488	0.00098	0.00488	0.00390	0.00390	0.80888
9	0.70662	0.01562	0.10776	0.01002	0.01486	0.01484	0.00946	0.01955	0.01157	0.02836	0.00952	0.01113	0.00729	0.00613	0.00437	0.00204	0.00572	0.00374	0.00390	0.00748
10	0.00883	0.00650	0.00815	0.00919	0.01010	0.00613	0.00642	0.03977	0.01386	0.01814	0.03974	0.60146	0.14072	0.01940	0.00826	0.00259	0.00399	0.04496	0.00613	0.00566
11	0.16208	0.10292	0.06886	0.01450	0.01934	0.20440	0.04912	0.18206	0.01915	0.06989	0.03980	0.01498	0.01148	0.00704	0.00581	0.00188	0.00815	0.00511	0.00459	0.00884
12	0.08347	0.01189	0.01576	0.01298	0.01642	0.04170	0.12901	0.07957	0.06050	0.06473	0.17356	0.09973	0.16081	0.01133	0.00719	0.00216	0.00580	0.01001	0.00577	0.00761
13	0.10724	0.16000	0.09089	0.03654	0.05408	0.11183	0.10657	0.13254	0.04200	0.07890	0.01331	0.01473	0.01006	0.00659	0.00592	0.00190	0.00819	0.00525	0.00427	0.00916
14	0.04401	0.32316	0.05839	0.04653	0.02191	0.15197	0.10605	0.10876	0.01702	0.04841	0.01163	0.01335	0.00929	0.00630	0.00559	0.00175	0.00856	0.00481	0.00372	0.00878
15	0.18605	0.10371	0.11130	0.01564	0.04925	0.06038	0.10564	0.04143	0.05935	0.13062	0.01531	0.04698	0.01196	0.00715	0.00591	0.00198	0.00733	0.00585	0.00452	0.02962
16	0.12872	0.20214	0.05178	0.01180	0.01620	0.10022	0.01032	0.09363	0.03623	0.05907	0.12721	0.01949	0.01835	0.00935	0.03611	0.00213	0.00702	0.00572	0.00465	0.05986
17	0.07991	0.01778	0.05771	0.01927	0.02441	0.09781	0.30408	0.06895	0.06133	0.05714	0.08527	0.01981	0.01572	0.00720	0.00728	0.00208	0.02910	0.00694	0.00444	0.03376
18	0.04309	0.11644	0.08122	0.01488	0.01980	0.08918	0.10509	0.11066	0.12405	0.08812	0.02267	0.04175	0.09761	0.00853	0.00647	0.00201	0.00734	0.00710	0.00502	0.00897

[dist]
# distance from previous block
# <min> <max>
0	21

[block]
# block no. 1 follows, 33 sequences, length 16
# corresponding to MSA columns:
# 40-55
name=unknown_B
#
# <colnr> <probs for GDERKNQSTAVLIFYWHMCP>
#	G	D	E	R	K	N	Q	S	T	A	V	L	I	F	Y	W	H	M	C	P
0	0.19735	0.01337	0.01368	0.01064	0.01564	0.03617	0.00857	0.11556	0.03861	0.05746	0.04373	0.01550	0.01221	0.00629	0.00523	0.00151	0.00545	0.00470	0.00472	0.39358
1	0.01303	0.01177	0.01695	0.01253	0.01770	0.00959	0.12833	0.01632	0.01459	0.02163	0.09610	0.04128	0.05410	0.00701	0.00595	0.00143	0.00565	0.00640	0.00436	0.51529
2	0.01489	0.01393	0.01422	0.01057	0.01614	0.09172	0.00836	0.01767	0.01422	0.02085	0.01153	0.01345	0.00961	0.00509	0.00500	0.00106	0.00567	0.00394	0.00384	0.71826
3	0.01961	0.01729	0.02053	0.09957	0.02389	0.10760	0.10950	0.22977	0.12754	0.05818	0.01661	0.01897	0.01267	0.00748	0.00661	0.00198	0.00791	0.02639	0.00514	0.08277
4	0.12343	0.00836	0.00955	0.00896	0.01105	0.00852	0.00681	0.01578	0.09611	0.02647	0.50860	0.07845	0.04865	0.01229	0.00716	0.00212	0.00366	0.01058	0.00668	0.00677
5	0.13620	0.01764	0.01834	0.01423	0.01933	0.01962	0.01176	0.60906	0.02817	0.03981	0.01487	0.01509	0.01062	0.00765	0.00623	0.00198	0.00694	0.00559	0.00623	0.01062
6	0.01105	0.00912	0.00854	0.00857	0.00900	0.08946	0.00528	0.01141	0.01103	0.01371	0.02173	0.14104	0.02494	0.57723	0.02686	0.00533	0.00664	0.01026	0.00422	0.00459
7	0.02159	0.35335	0.02568	0.01429	0.01885	0.35632	0.01206	0.09262	0.01761	0.01843	0.01030	0.01170	0.00874	0.00640	0.00526	0.00160	0.00929	0.00410	0.00347	0.00835
8	0.00948	0.00649	0.00764	0.00764	0.00789	0.00661	0.00463	0.00988	0.00993	0.01332	0.02212	0.04146	0.05053	0.63777	0.13226	0.00681	0.00785	0.00939	0.00401	0.00432
9	0.42703	0.04089	0.01743	0.01360	0.01819	0.09674	0.10690	0.13202	0.04667	0.02826	0.01171	0.01325	0.00895	0.00650	0.00533	0.00200	0.00710	0.00478	0.00437	0.00827
10	0.01615	0.03587	0.11437	0.01639	0.02141	0.09572	0.17338	0.04028	0.11509	0.06916	0.08366	0.04137	0.05643	0.02890	0.00754	0.00213	0.00774	0.00748	0.00477	0.06216
11	0.04988	0.07395	0.05742	0.03855	0.02225	0.05497	0.18679	0.10011	0.08290	0.07284	0.03978	0.01983	0.03007	0.03867	0.00783	0.00213	0.02064	0.00649	0.00459	0.09033
12	0.05007	0.11051	0.04323	0.03435	0.02093	0.15348	0.12465	0.11214	0.07246	0.06172	0.03717	0.02118	0.06117	0.00786	0.00638	0.00193	0.00800	0.02468	0.00463	0.04346
13	0.03833	0.03087	0.03693	0.10304	0.02275	0.07306	0.10952	0.10098	0.04448	0.07295	0.07016	0.02020	0.03724	0.00837	0.00921	0.00212	0.13884	0.00655	0.00450	0.06989
14	0.03888	0.03184	0.06600	0.01487	0.01936	0.05985	0.13005	0.14655	0.09165	0.07511	0.02262	0.02643	0.09032	0.09444	0.00978	0.00254	0.00732	0.02380	0.00507	0.04353
15	0.05642	0.05483	0.06295	0.01747	0.06545	0.14047	0.13938	0.06919	0.01636	0.07984	0.01687	0.05129	0.04894	0.00766	0.00698	0.00191	0.03905	0.00645	0.00427	0.11423

[dist]
# distance from previous block
# <min> <max>
4	97

[block]
# block no. 2 follows, 33 sequences, length 52
# corresponding to MSA columns:
# 190-241
name=unknown_C
#
# <colnr> <probs for GDERKNQSTAVLIFYWHMCP>
#	G	D	E	R	K	N	Q	S	T	A	V	L	I	F	Y	W	H	M	C	P
0	0.01837	0.17369	0.05914	0.01549	0.02029	0.08060	0.11876	0.15541	0.03618	0.06625	0.01603	0.10051	0.01410	0.00838	0.00703	0.00195	0.04272	0.00694	0.00455	0.05360
1	0.03792	0.15963	0.11382	0.01519	0.05213	0.05208	0.03109	0.09509	0.13261	0.11721	0.03802	0.04224	0.01460	0.00793	0.00690	0.00198	0.04596	0.00614	0.00491	0.02455
2	0.13550	0.01530	0.06992	0.03481	0.01957	0.03570	0.10446	0.09516	0.12117	0.09471	0.02370	0.02403	0.11837	0.00866	0.00712	0.00211	0.03936	0.00710	0.00514	0.03812
3	0.20173	0.06487	0.06887	0.01271	0.01686	0.01230	0.09398	0.03727	0.01467	0.15648	0.03993	0.19364	0.03951	0.01035	0.00646	0.00217	0.00605	0.00887	0.00526	0.00801
4	0.03958	0.20159	0.10063	0.01254	0.01744	0.01657	0.01172	0.15597	0.06386	0.07352	0.09055	0.02371	0.05386	0.00862	0.00646	0.00191	0.02375	0.03902	0.00506	0.05364
5	0.08449	0.15426	0.16864	0.01438	0.03802	0.03481	0.04534	0.08118	0.07040	0.07851	0.05536	0.05985	0.03109	0.00796	0.00603	0.00193	0.00695	0.00640	0.00457	0.04982
6	0.00940	0.00705	0.01058	0.01058	0.01176	0.00823	0.00823	0.01176	0.01058	0.01528	0.01763	0.02586	0.01646	0.04937	0.74255	0.01058	0.01763	0.00705	0.00353	0.00588
7	0.01549	0.01293	0.01927	0.13560	0.15250	0.03208	0.08801	0.05713	0.08345	0.08420	0.16376	0.02714	0.06202	0.00888	0.00740	0.00211	0.02641	0.00793	0.00511	0.00858
8	0.01320	0.03405	0.73453	0.01876	0.02849	0.01529	0.02432	0.02085	0.01390	0.02085	0.01181	0.01390	0.00834	0.00625	0.00625	0.00208	0.00973	0.00486	0.00278	0.00973
9	0.01911	0.01516	0.01623	0.01366	0.01798	0.01695	0.01087	0.22680	0.46194	0.05222	0.02283	0.02142	0.01689	0.00840	0.00657	0.00209	0.00579	0.00680	0.00657	0.05172
10	0.01790	0.01396	0.01879	0.03726	0.12116	0.05341	0.07770	0.03889	0.01573	0.14995	0.01516	0.01766	0.01173	0.00626	0.00597	0.00158	0.00663	0.02299	0.00459	0.36268
11	0.01466	0.21628	0.45365	0.01825	0.02649	0.01819	0.12437	0.02060	0.01402	0.01954	0.01138	0.01365	0.00862	0.00599	0.00598	0.00194	0.00927	0.00497	0.00287	0.00928
12	0.01653	0.59234	0.20536	0.01309	0.01973	0.02342	0.01445	0.01999	0.01350	0.01680	0.00980	0.01138	0.00842	0.00578	0.00472	0.00157	0.00770	0.00385	0.00281	0.00876
13	0.00849	0.00606	0.00817	0.00970	0.01029	0.00575	0.00692	0.00997	0.01306	0.01733	0.03603	0.63994	0.04252	0.02019	0.00853	0.00274	0.00422	0.13851	0.00610	0.00548
14	0.01567	0.01500	0.02863	0.20836	0.13925	0.01523	0.32630	0.04517	0.01558	0.05822	0.01481	0.02101	0.01178	0.00683	0.00726	0.00220	0.00929	0.04690	0.00375	0.00876
15	0.01111	0.00713	0.00937	0.00859	0.01045	0.00652	0.00652	0.01416	0.01865	0.08886	0.66231	0.04681	0.05806	0.01299	0.00766	0.00207	0.00333	0.01144	0.00733	0.00665
16	0.01365	0.01170	0.01365	0.00975	0.01560	0.00878	0.00780	0.01658	0.01365	0.02145	0.01170	0.01365	0.00975	0.00488	0.00488	0.00098	0.00488	0.00390	0.00390	0.80888
17	0.00802	0.00573	0.00764	0.00917	0.00955	0.00535	0.00611	0.00917	0.01260	0.01681	0.03628	0.76434	0.04354	0.02062	0.00840	0.00267	0.00382	0.01872	0.00611	0.00535
18	0.02571	0.01734	0.01908	0.01462	0.01987	0.01878	0.01208	0.60319	0.02911	0.14653	0.01735	0.01681	0.01197	0.00794	0.00659	0.00199	0.00699	0.00603	0.00682	0.01120
19	0.00814	0.00588	0.00771	0.00895	0.00954	0.00545	0.00606	0.00951	0.01333	0.01782	0.10709	0.65631	0.08044	0.01970	0.00831	0.00259	0.00372	0.01778	0.00623	0.00545
20	0.02299	0.01726	0.01865	0.01426	0.01957	0.01850	0.01172	0.57681	0.05284	0.03794	0.01557	0.01579	0.01129	0.00748	0.00633	0.00183	0.00681	0.00567	0.00618	0.13248
21	0.08477	0.01741	0.09661	0.19693	0.10375	0.03769	0.20561	0.08599	0.01595	0.05309	0.01289	0.01631	0.00964	0.00648	0.00704	0.00213	0.02904	0.00608	0.00374	0.00884
22	0.02111	0.01858	0.01688	0.01413	0.01794	0.17344	0.01106	0.35816	0.10030	0.02949	0.01701	0.04147	0.01411	0.08687	0.04706	0.00285	0.00836	0.00654	0.00548	0.00917
23	0.01518	0.01761	0.05657	0.02657	0.03301	0.01607	0.64366	0.02064	0.01547	0.02100	0.01455	0.02100	0.01160	0.00632	0.00781	0.00226	0.01076	0.04771	0.00348	0.00874
24	0.00802	0.00573	0.00764	0.00917	0.00955	0.00535	0.00611	0.00917	0.01260	0.01681	0.03628	0.76434	0.04354	0.02062	0.00840	0.00267	0.00382	0.01872	0.00611	0.00535
25	0.01904	0.09219	0.01772	0.01332	0.01761	0.01745	0.01078	0.14269	0.47243	0.08883	0.02312	0.02152	0.01713	0.00836	0.00642	0.00209	0.00576	0.00672	0.00641	0.01041
26	0.01458	0.01529	0.06147	0.09110	0.14076	0.05713	0.04346	0.03540	0.01375	0.01935	0.01416	0.05874	0.02848	0.02942	0.01036	0.00214	0.17147	0.00635	0.00360	0.18298
27	0.01413	0.08234	0.61569	0.01872	0.02772	0.04739	0.06320	0.02102	0.01417	0.02030	0.01165	0.01382	0.00845	0.00619	0.00619	0.00203	0.00972	0.00492	0.00284	0.00950
28	0.01320	0.03405	0.73453	0.01876	0.02849	0.01529	0.02432	0.02085	0.01390	0.02085	0.01181	0.01390	0.00834	0.00625	0.00625	0.00208	0.00973	0.00486	0.00278	0.00973
29	0.01089	0.00861	0.01150	0.12258	0.01659	0.02723	0.03384	0.01332	0.01475	0.05522	0.15451	0.16787	0.20996	0.04853	0.05228	0.00295	0.00589	0.03166	0.00551	0.00633
30	0.01417	0.01356	0.02329	0.42750	0.33571	0.01512	0.03967	0.01839	0.01401	0.01895	0.01204	0.01702	0.00952	0.00625	0.00659	0.00209	0.00844	0.00591	0.00308	0.00869
31	0.01894	0.01408	0.01506	0.01319	0.01715	0.03472	0.01035	0.03423	0.57263	0.15289	0.02620	0.02384	0.01911	0.00873	0.00666	0.00218	0.00546	0.00721	0.00687	0.01048
32	0.00940	0.00705	0.01058	0.01058	0.01176	0.00823	0.00823	0.01176	0.01058	0.01528	0.01763	0.02586	0.01646	0.04937	0.74255	0.01058	0.01763	0.00705	0.00353	0.00588
33	0.00924	0.00725	0.01063	0.07595	0.08607	0.00719	0.00859	0.01095	0.01290	0.01729	0.03174	0.62395	0.03718	0.01791	0.00805	0.00256	0.00465	0.01630	0.00555	0.00604
34	0.01238	0.01172	0.02007	0.69004	0.04337	0.01433	0.04767	0.01669	0.01324	0.01701	0.01280	0.04884	0.01029	0.00713	0.00671	0.00222	0.00867	0.00647	0.00308	0.00730
35	0.01144	0.00572	0.00858	0.00858	0.00858	0.00572	0.00572	0.00858	0.00858	0.01144	0.01144	0.02001	0.01144	0.02287	0.02573	0.80846	0.00572	0.00572	0.00286	0.00286
36	0.00943	0.00695	0.01006	0.01006	0.01106	0.00795	0.00758	0.01142	0.01043	0.01490	0.01811	0.02848	0.01759	0.15876	0.63472	0.00994	0.01592	0.00744	0.00360	0.00559
37	0.11333	0.02331	0.01891	0.09385	0.14124	0.40830	0.01381	0.02375	0.05354	0.01926	0.01144	0.01378	0.00930	0.00674	0.00624	0.00188	0.02480	0.00480	0.00357	0.00815
38	0.01196	0.12452	0.01406	0.01045	0.01248	0.03780	0.00849	0.02924	0.01234	0.01712	0.01763	0.02630	0.01649	0.06635	0.42761	0.00701	0.01273	0.04647	0.09455	0.00640
39	0.00808	0.00651	0.00725	0.00777	0.00947	0.00568	0.00576	0.00973	0.01441	0.01770	0.05623	0.24261	0.49282	0.01781	0.00805	0.00241	0.00369	0.07236	0.00611	0.00555
40	0.01632	0.01189	0.01362	0.01190	0.01484	0.01320	0.00940	0.10808	0.25841	0.09540	0.09717	0.06250	0.08070	0.01053	0.00835	0.00219	0.08550	0.00838	0.08287	0.00877
41	0.02080	0.01321	0.01588	0.04027	0.04382	0.01385	0.01083	0.27230	0.09765	0.19812	0.02352	0.16241	0.02008	0.01062	0.00701	0.00218	0.00603	0.02510	0.00661	0.00971
42	0.01363	0.01295	0.02179	0.51825	0.24307	0.01513	0.01870	0.01777	0.01358	0.01815	0.01179	0.01707	0.00925	0.00655	0.00711	0.00215	0.03596	0.00585	0.00302	0.00822
43	0.01472	0.01296	0.01647	0.15519	0.12289	0.01449	0.01257	0.05696	0.34496	0.02383	0.02745	0.02755	0.12336	0.00918	0.00681	0.00217	0.00606	0.00783	0.00540	0.00913
44	0.03609	0.01455	0.01919	0.20643	0.02445	0.05803	0.01468	0.05510	0.01272	0.01798	0.01201	0.01681	0.03442	0.00982	0.01506	0.00254	0.43350	0.00594	0.00328	0.00742
45	0.24825	0.01597	0.01519	0.01257	0.01686	0.07619	0.01017	0.28544	0.07841	0.08791	0.03652	0.01684	0.01278	0.00989	0.04700	0.00248	0.00717	0.00554	0.00559	0.00923
46	0.01553	0.01497	0.02563	0.17113	0.52890	0.01554	0.05992	0.02026	0.04485	0.02087	0.01293	0.01697	0.01051	0.00611	0.00661	0.00203	0.00808	0.00604	0.00335	0.00976
47	0.01204	0.00965	0.01173	0.01126	0.01328	0.05129	0.04326	0.04372	0.04380	0.05023	0.02932	0.49350	0.03264	0.01580	0.00766	0.00235	0.00511	0.03035	0.00572	0.08729
48	0.00851	0.00662	0.00774	0.00763	0.00938	0.00584	0.00566	0.01080	0.01648	0.02169	0.36848	0.11673	0.35976	0.01552	0.00783	0.00219	0.00327	0.01339	0.00664	0.00584
49	0.01415	0.01311	0.02039	0.46622	0.09526	0.01537	0.05716	0.03969	0.16975	0.02050	0.01531	0.01897	0.01156	0.00702	0.00667	0.00218	0.00800	0.00632	0.00391	0.00846
50	0.00801	0.00576	0.00761	0.00908	0.00953	0.00535	0.00607	0.00918	0.01268	0.01684	0.03729	0.74121	0.06602	0.02049	0.00838	0.00266	0.00380	0.01856	0.00611	0.00535
51	0.06276	0.20483	0.19201	0.01416	0.01967	0.08670	0.03012	0.07537	0.05424	0.06423	0.01610	0.01839	0.04405	0.00889	0.02400	0.02328	0.02538	0.02310	0.00404	0.00867

[dist]
# distance from previous block
# <min> <max>
0	1

[block]
# block no. 3 follows, 33 sequences, length 72
# corresponding to MSA columns:
# 243-314
name=unknown_D
#
# <colnr> <probs for GDERKNQSTAVLIFYWHMCP>
#	G	D	E	R	K	N	Q	S	T	A	V	L	I	F	Y	W	H	M	C	P
0	0.01730	0.71050	0.05387	0.01180	0.01725	0.02542	0.01181	0.01954	0.01321	0.01566	0.00920	0.01086	0.00846	0.00597	0.00522	0.00151	0.04750	0.00368	0.00282	0.00842
1	0.00887	0.00671	0.00817	0.00781	0.00956	0.00602	0.00586	0.01155	0.01757	0.02387	0.53105	0.05334	0.25674	0.01440	0.00777	0.00212	0.00317	0.01249	0.00691	0.00602
2	0.00957	0.00638	0.00718	0.00718	0.00718	0.00638	0.00399	0.00957	0.00957	0.01276	0.02074	0.04308	0.02393	0.76864	0.03351	0.00638	0.00638	0.00957	0.00399	0.00399
3	0.01650	0.01681	0.02237	0.30327	0.19288	0.13062	0.07191	0.05782	0.06575	0.02020	0.01297	0.01671	0.01014	0.00673	0.00696	0.00207	0.02822	0.00587	0.00357	0.00863
4	0.00957	0.00638	0.00718	0.00718	0.00718	0.00638	0.00399	0.00957	0.00957	0.01276	0.02074	0.04308	0.02393	0.76864	0.03351	0.00638	0.00638	0.00957	0.00399	0.00399
5	0.00857	0.00612	0.00826	0.00979	0.01041	0.00582	0.00706	0.01011	0.01314	0.01742	0.03598	0.61905	0.04235	0.02011	0.00855	0.00275	0.00429	0.15863	0.00610	0.00550
6	0.17864	0.01304	0.01483	0.01351	0.06608	0.01392	0.01010	0.18290	0.05833	0.17711	0.05084	0.02215	0.06855	0.00860	0.00693	0.00206	0.04594	0.00655	0.05078	0.00915
7	0.02459	0.03138	0.01866	0.01696	0.02035	0.74221	0.01272	0.02629	0.01866	0.01611	0.01018	0.01187	0.00848	0.00678	0.00594	0.00170	0.01187	0.00424	0.00339	0.00763
8	0.00957	0.00638	0.00718	0.00718	0.00718	0.00638	0.00399	0.00957	0.00957	0.01276	0.02074	0.04308	0.02393	0.76864	0.03351	0.00638	0.00638	0.00957	0.00399	0.00399
9	0.01733	0.01893	0.01866	0.17149	0.04864	0.27088	0.06084	0.02123	0.06300	0.01855	0.01400	0.05840	0.01203	0.00765	0.00708	0.00192	0.04908	0.00605	0.03933	0.09491
10	0.00790	0.00619	0.00716	0.00793	0.00922	0.00545	0.00556	0.00931	0.01379	0.01729	0.05135	0.41696	0.38120	0.01867	0.00809	0.00245	0.00358	0.01633	0.00611	0.00545
11	0.02119	0.07214	0.01854	0.01405	0.01858	0.12655	0.01136	0.29217	0.19287	0.05846	0.01737	0.01744	0.01305	0.00902	0.03094	0.00218	0.00755	0.00580	0.00564	0.06512
12	0.01593	0.24307	0.24729	0.01773	0.02448	0.01854	0.17536	0.02103	0.03453	0.05067	0.01226	0.01452	0.00952	0.00630	0.00682	0.00192	0.04954	0.00530	0.00332	0.04187
13	0.01543	0.05138	0.10070	0.03457	0.14365	0.01360	0.13097	0.06146	0.06632	0.07717	0.08927	0.06592	0.04965	0.03110	0.00779	0.00226	0.00719	0.03798	0.00483	0.00876
14	0.00830	0.00625	0.00769	0.00825	0.00945	0.00564	0.00584	0.01012	0.01488	0.01965	0.22970	0.38106	0.23398	0.01762	0.00806	0.00239	0.00350	0.01557	0.00642	0.00564
15	0.01602	0.01625	0.05184	0.06303	0.65074	0.01564	0.04927	0.02015	0.01491	0.02131	0.01238	0.01631	0.01028	0.00589	0.00656	0.00198	0.00806	0.00591	0.00323	0.01023
16	0.07204	0.17502	0.33681	0.01524	0.02208	0.08834	0.01668	0.06002	0.04479	0.07053	0.01342	0.03365	0.01042	0.00688	0.00579	0.00192	0.00832	0.00510	0.00377	0.00919
17	0.01250	0.01151	0.01911	0.69847	0.04290	0.01428	0.01750	0.01698	0.03339	0.01689	0.01213	0.01786	0.00922	0.00737	0.00743	0.03778	0.00854	0.00589	0.00303	0.00721
18	0.00869	0.00710	0.00774	0.00771	0.00971	0.00641	0.00572	0.01174	0.06412	0.01993	0.18066	0.13549	0.47956	0.01598	0.00777	0.00225	0.00348	0.01361	0.00636	0.00599
19	0.04319	0.03474	0.10805	0.10664	0.08150	0.01404	0.01348	0.10977	0.15516	0.03992	0.09421	0.04303	0.04461	0.00956	0.00685	0.00219	0.00654	0.07252	0.00523	0.00878
20	0.01658	0.01484	0.08558	0.03940	0.01825	0.01523	0.01267	0.12767	0.09279	0.09321	0.01881	0.03580	0.04376	0.01339	0.07640	0.00308	0.22258	0.02105	0.04038	0.00853
21	0.00778	0.00667	0.00667	0.00667	0.00889	0.00556	0.00500	0.00945	0.01501	0.01778	0.06669	0.06336	0.72490	0.01667	0.00778	0.00222	0.00333	0.01389	0.00611	0.00556
22	0.00957	0.00638	0.00718	0.00718	0.00718	0.00638	0.00399	0.00957	0.00957	0.01276	0.02074	0.04308	0.02393	0.76864	0.03351	0.00638	0.00638	0.00957	0.00399	0.00399
23	0.01358	0.01262	0.02089	0.60552	0.15641	0.01503	0.01836	0.04561	0.01419	0.01860	0.01198	0.01727	0.00915	0.00652	0.00657	0.00215	0.00856	0.00586	0.00313	0.00798
24	0.02039	0.01614	0.01715	0.01421	0.01865	0.01825	0.01139	0.34620	0.39792	0.03401	0.02170	0.02050	0.01597	0.00845	0.00665	0.00211	0.00615	0.00674	0.00665	0.01078
25	0.01227	0.00614	0.00614	0.00614	0.00767	0.00614	0.00460	0.01534	0.01381	0.02454	0.02148	0.02454	0.01687	0.00767	0.00460	0.00153	0.00307	0.00614	0.80518	0.00614
26	0.01581	0.01540	0.02722	0.16578	0.46038	0.01582	0.13427	0.04669	0.01538	0.02138	0.01255	0.01675	0.01009	0.00602	0.00674	0.00204	0.00852	0.00618	0.00334	0.00964
27	0.05398	0.02373	0.01659	0.01529	0.01815	0.47752	0.01183	0.05077	0.01710	0.01804	0.01393	0.02078	0.01278	0.01308	0.08874	0.00292	0.05149	0.08206	0.00385	0.00736
28	0.02850	0.01287	0.01631	0.01251	0.01764	0.01216	0.01033	0.18758	0.02164	0.57269	0.02363	0.02088	0.01512	0.00809	0.00661	0.00202	0.00598	0.00646	0.00779	0.01120
29	0.00834	0.00597	0.00792	0.00895	0.00962	0.00556	0.00614	0.00996	0.01408	0.01915	0.20451	0.58943	0.04808	0.01887	0.00825	0.00253	0.00364	0.01705	0.00639	0.00556
30	0.02464	0.02990	0.01878	0.01675	0.02036	0.65995	0.01270	0.10371	0.02006	0.01900	0.01082	0.01232	0.00879	0.00691	0.00601	0.00173	0.01134	0.00443	0.00376	0.00804
31	0.00879	0.00902	0.05953	0.00809	0.01103	0.00661	0.00690	0.01112	0.01506	0.01886	0.09673	0.05600	0.55386	0.01498	0.00753	0.00215	0.00401	0.04219	0.00579	0.06177
32	0.68392	0.01501	0.09033	0.00994	0.01470	0.01455	0.00917	0.02020	0.01191	0.06642	0.01037	0.01168	0.00776	0.00624	0.00445	0.00204	0.00563	0.00387	0.00415	0.00764
33	0.01541	0.01750	0.03804	0.05819	0.03487	0.01656	0.67489	0.02091	0.01544	0.02091	0.01325	0.01775	0.00994	0.00559	0.00772	0.00222	0.01100	0.00769	0.00331	0.00881
34	0.00957	0.00638	0.00718	0.00718	0.00718	0.00638	0.00399	0.00957	0.00957	0.01276	0.02074	0.04308	0.02393	0.76864	0.03351	0.00638	0.00638	0.00957	0.00399	0.00399
35	0.00955	0.00648	0.00768	0.00768	0.00785	0.00665	0.00461	0.00989	0.00972	0.01313	0.02029	0.04056	0.02284	0.66344	0.13721	0.00700	0.00803	0.00920	0.00392	0.00427
36	0.02954	0.01120	0.01528	0.01171	0.01681	0.00968	0.00968	0.03208	0.01884	0.73213	0.02597	0.02241	0.01630	0.00815	0.00662	0.00204	0.00560	0.00662	0.00815	0.01120
37	0.00885	0.00664	0.00820	0.00795	0.00958	0.00599	0.00591	0.01146	0.01732	0.02361	0.51435	0.10356	0.22290	0.01475	0.00781	0.00215	0.00321	0.01288	0.00689	0.00599
38	0.00866	0.00742	0.03879	0.00943	0.01078	0.00617	0.00727	0.01061	0.01403	0.01854	0.11486	0.45373	0.15603	0.01828	0.00822	0.00255	0.00419	0.09859	0.00609	0.00575
39	0.01243	0.01170	0.01975	0.75282	0.04534	0.01463	0.01828	0.01682	0.01316	0.01682	0.01170	0.01755	0.00878	0.00658	0.00658	0.00219	0.00878	0.00585	0.00293	0.00731
40	0.00904	0.00674	0.00853	0.00960	0.01043	0.00665	0.00661	0.01228	0.09306	0.01855	0.07226	0.64150	0.04187	0.01891	0.00817	0.00259	0.00394	0.01706	0.00624	0.00597
41	0.00926	0.00711	0.00786	0.00759	0.00975	0.00628	0.00572	0.01198	0.04354	0.04472	0.23128	0.07731	0.48326	0.01537	0.00771	0.00219	0.00344	0.01302	0.00650	0.00610
42	0.02594	0.01697	0.01885	0.01445	0.01968	0.01823	0.01194	0.56860	0.02849	0.18199	0.01787	0.01715	0.01223	0.00795	0.00659	0.00199	0.00691	0.00607	0.00690	0.01120
43	0.01374	0.01301	0.01991	0.21549	0.20146	0.01566	0.01558	0.01733	0.04370	0.01830	0.03309	0.04032	0.03658	0.03573	0.01244	0.00251	0.24690	0.00681	0.00351	0.00794
44	0.05754	0.01222	0.01558	0.01208	0.01702	0.01145	0.00996	0.13334	0.02011	0.57564	0.02350	0.02109	0.01518	0.00948	0.03234	0.00233	0.00625	0.00642	0.00760	0.01086
45	0.00862	0.00644	0.00810	0.00920	0.01016	0.00608	0.00655	0.01080	0.04224	0.01796	0.05966	0.53049	0.15489	0.01906	0.00828	0.00260	0.00400	0.08303	0.00616	0.00568
46	0.03396	0.01100	0.01688	0.01411	0.01704	0.01124	0.16423	0.03915	0.08716	0.02072	0.06714	0.16861	0.19225	0.01393	0.03031	0.00261	0.06762	0.02964	0.00522	0.00719
47	0.01603	0.13371	0.23180	0.06284	0.05397	0.01696	0.10332	0.05186	0.07024	0.07004	0.01405	0.01644	0.01077	0.00934	0.04897	0.00255	0.06850	0.00570	0.00379	0.00912
48	0.23623	0.04119	0.01854	0.06581	0.05173	0.25992	0.05740	0.08786	0.01639	0.04244	0.01116	0.01332	0.00881	0.00688	0.00667	0.00197	0.05686	0.00478	0.00392	0.00812
49	0.01236	0.01001	0.01402	0.05291	0.06892	0.00993	0.06440	0.10409	0.01808	0.02463	0.29183	0.06396	0.15880	0.04003	0.00833	0.00226	0.00514	0.01031	0.03274	0.00722
50	0.00852	0.00623	0.00841	0.01004	0.02867	0.00585	0.00676	0.01004	0.01343	0.01798	0.09575	0.61666	0.06350	0.01934	0.00833	0.00261	0.00400	0.06215	0.00613	0.00561
51	0.01365	0.01170	0.01365	0.00975	0.01560	0.00878	0.00780	0.01658	0.01365	0.02145	0.01170	0.01365	0.00975	0.00488	0.00488	0.00098	0.00488	0.00390	0.00390	0.80888
52	0.01592	0.01514	0.03426	0.04573	0.01780	0.09019	0.01069	0.06162	0.42768	0.02484	0.05811	0.08175	0.05118	0.01077	0.02238	0.00236	0.00627	0.00823	0.00596	0.00912
53	0.01243	0.01170	0.01975	0.75282	0.04534	0.01463	0.01828	0.01682	0.01316	0.01682	0.01170	0.01755	0.00878	0.00658	0.00658	0.00219	0.00878	0.00585	0.00293	0.00731
54	0.06903	0.01388	0.02169	0.26224	0.21646	0.01524	0.08111	0.09666	0.04057	0.02291	0.04507	0.04323	0.01341	0.00737	0.00693	0.00212	0.02276	0.00664	0.00397	0.00871
55	0.01125	0.00878	0.01091	0.01225	0.01382	0.04705	0.01052	0.01412	0.01523	0.01938	0.03359	0.10157	0.03655	0.01768	0.00889	0.00294	0.00628	0.61714	0.00592	0.00611
56	0.00783	0.00663	0.00677	0.00682	0.00895	0.00557	0.00508	0.00952	0.01500	0.01798	0.08351	0.09240	0.67805	0.01675	0.00781	0.00224	0.00335	0.01404	0.00614	0.00557
57	0.00949	0.00663	0.00877	0.04035	0.01167	0.00618	0.00688	0.01110	0.01354	0.04923	0.07344	0.55624	0.09753	0.01811	0.00805	0.00250	0.00413	0.03430	0.00604	0.03584
58	0.01383	0.08473	0.44126	0.04945	0.05761	0.01639	0.08543	0.01965	0.01381	0.02000	0.04307	0.01589	0.01104	0.00705	0.00805	0.00213	0.09294	0.00553	0.00307	0.00904
59	0.01645	0.01493	0.02498	0.12799	0.47878	0.01504	0.06729	0.04883	0.01552	0.05083	0.01301	0.01660	0.01040	0.00604	0.00650	0.00194	0.00785	0.00589	0.00361	0.06749
60	0.02805	0.01180	0.01543	0.01202	0.01699	0.01079	0.00987	0.06093	0.08776	0.63368	0.02562	0.02234	0.01645	0.00821	0.00663	0.00205	0.00563	0.00667	0.00794	0.01113
61	0.04943	0.01219	0.01395	0.01038	0.01589	0.01022	0.00832	0.04649	0.07693	0.07253	0.01409	0.01519	0.01107	0.00563	0.00519	0.00124	0.00506	0.00447	0.00456	0.61717
62	0.00874	0.00671	0.00800	0.00768	0.00948	0.00597	0.00576	0.01131	0.01727	0.02317	0.47736	0.05450	0.31087	0.01466	0.00777	0.00213	0.00319	0.01265	0.00682	0.00597
63	0.01303	0.01104	0.01298	0.00969	0.01493	0.00840	0.00761	0.01576	0.01354	0.02094	0.01443	0.09687	0.01350	0.00662	0.00527	0.00116	0.00476	0.00554	0.00415	0.71981
64	0.01620	0.01705	0.07352	0.14854	0.42790	0.04805	0.03857	0.05147	0.07342	0.02184	0.01351	0.01684	0.01075	0.00638	0.00654	0.00202	0.00814	0.00591	0.00361	0.00974
65	0.01365	0.01170	0.01365	0.00975	0.01560	0.00878	0.00780	0.01658	0.01365	0.02145	0.01170	0.01365	0.00975	0.00488	0.00488	0.00098	0.00488	0.00390	0.00390	0.80888
66	0.01414	0.01352	0.02318	0.43452	0.33141	0.01511	0.03730	0.01835	0.01399	0.01890	0.01203	0.01703	0.00950	0.00625	0.00659	0.00209	0.00844	0.00591	0.00308	0.00866
67	0.02018	0.01557	0.01715	0.01285	0.01836	0.01545	0.01050	0.41192	0.02358	0.03295	0.01406	0.01489	0.01058	0.00661	0.00586	0.00155	0.00623	0.00506	0.00544	0.35120
68	0.00778	0.00667	0.00667	0.00667	0.00889	0.00556	0.00500	0.00945	0.01501	0.01778	0.06669	0.06336	0.72490	0.01667	0.00778	0.00222	0.00333	0.01389	0.00611	0.00556
69	0.00801	0.00576	0.00761	0.00910	0.00953	0.00535	0.00608	0.00917	0.01267	0.01683	0.03715	0.74431	0.06301	0.02051	0.00838	0.00266	0.00381	0.01858	0.00611	0.00535
70	0.02431	0.01673	0.01722	0.01368	0.01832	0.08169	0.01111	0.40203	0.06503	0.18284	0.01858	0.01813	0.01305	0.00789	0.00636	0.00194	0.00683	0.00603	0.07786	0.01038
71	0.02026	0.01396	0.04116	0.03387	0.01904	0.01374	0.06919	0.21605	0.11188	0.19431	0.02327	0.07522	0.03750	0.00938	0.00684	0.00213	0.00637	0.03764	0.05856	0.00962

[dist]
# distance from previous block
# <min> <max>
0	3

[block]
# block no. 4 follows, 33 sequences, length 13
# corresponding to MSA columns:
# 318-330
name=unknown_E
#
# <colnr> <probs for GDERKNQSTAVLIFYWHMCP>
#	G	D	E	R	K	N	Q	S	T	A	V	L	I	F	Y	W	H	M	C	P
0	0.19038	0.07500	0.01706	0.08698	0.01972	0.16170	0.01114	0.05222	0.08895	0.17835	0.01539	0.01600	0.01126	0.00731	0.00644	0.00199	0.04121	0.00520	0.00494	0.00875
1	0.21010	0.06515	0.05047	0.04225	0.08875	0.19416	0.01255	0.04854	0.03826	0.09317	0.01240	0.01413	0.00964	0.00718	0.00725	0.00201	0.08657	0.00485	0.00412	0.00846
2	0.10856	0.02211	0.25172	0.01981	0.02635	0.04027	0.25037	0.05235	0.01513	0.07262	0.01290	0.01550	0.00948	0.00664	0.00775	0.00217	0.06764	0.00592	0.00370	0.00904
3	0.01365	0.10813	0.66432	0.01801	0.02733	0.01637	0.02301	0.02073	0.01385	0.02031	0.01155	0.01356	0.00835	0.00619	0.00605	0.00202	0.00946	0.00473	0.00278	0.00960
4	0.01098	0.00878	0.01135	0.01215	0.08287	0.00869	0.00816	0.01646	0.12728	0.02526	0.48022	0.04338	0.11395	0.01230	0.00747	0.00210	0.00393	0.01079	0.00665	0.00723
5	0.00940	0.00705	0.01058	0.01058	0.01176	0.00823	0.00823	0.01176	0.01058	0.01528	0.01763	0.02586	0.01646	0.04937	0.74255	0.01058	0.01763	0.00705	0.00353	0.00588
6	0.01320	0.03405	0.73453	0.01876	0.02849	0.01529	0.02432	0.02085	0.01390	0.02085	0.01181	0.01390	0.00834	0.00625	0.00625	0.00208	0.00973	0.00486	0.00278	0.00973
7	0.01320	0.03405	0.73453	0.01876	0.02849	0.01529	0.02432	0.02085	0.01390	0.02085	0.01181	0.01390	0.00834	0.00625	0.00625	0.00208	0.00973	0.00486	0.00278	0.00973
8	0.00903	0.00672	0.00840	0.00798	0.00966	0.00609	0.00598	0.01186	0.01795	0.02477	0.59990	0.05185	0.18733	0.01407	0.00777	0.00210	0.00315	0.01228	0.00703	0.00609
9	0.01472	0.28936	0.49254	0.01617	0.02448	0.01901	0.01981	0.02046	0.01372	0.01900	0.01089	0.01274	0.00838	0.00604	0.00555	0.00185	0.00880	0.00440	0.00279	0.00929
10	0.01464	0.24740	0.39112	0.01472	0.02185	0.01691	0.01720	0.01977	0.01465	0.05057	0.11532	0.01841	0.01654	0.00720	0.00589	0.00188	0.00779	0.00557	0.00367	0.00890
11	0.01711	0.35188	0.22432	0.01412	0.02058	0.05070	0.01485	0.09034	0.08425	0.02106	0.01244	0.01358	0.00989	0.00637	0.00537	0.00173	0.00773	0.00457	0.00364	0.04548
12	0.01703	0.14745	0.13607	0.01406	0.02009	0.01402	0.09800	0.02136	0.03816	0.14367	0.06487	0.01805	0.01451	0.00662	0.00591	0.00169	0.00682	0.00562	0.00452	0.22151

[dist]
# distance from previous block
# <min> <max>
1	16

[block]
# block no. 5 follows, 33 sequences, length 17
# corresponding to MSA columns:
# 347-363
name=unknown_F
#
# <colnr> <probs for GDERKNQSTAVLIFYWHMCP>
#	G	D	E	R	K	N	Q	S	T	A	V	L	I	F	Y	W	H	M	C	P
0	0.15313	0.07605	0.05490	0.03674	0.08898	0.11349	0.08682	0.07055	0.01571	0.07727	0.01458	0.07971	0.01256	0.00770	0.00641	0.00195	0.02625	0.00627	0.00426	0.06668
1	0.12052	0.01631	0.07408	0.06554	0.44616	0.01543	0.01726	0.05712	0.04878	0.02363	0.01273	0.01570	0.01024	0.00617	0.00612	0.00196	0.00736	0.00548	0.00369	0.04571
2	0.00921	0.00672	0.00864	0.00816	0.00977	0.00616	0.00612	0.01221	0.01837	0.02577	0.67631	0.05021	0.11029	0.01369	0.00777	0.00208	0.00312	0.01205	0.00716	0.00616
3	0.01760	0.77260	0.03450	0.01126	0.01690	0.02605	0.01126	0.01971	0.01338	0.01549	0.00915	0.01056	0.00845	0.00563	0.00422	0.00141	0.00704	0.00352	0.00282	0.00845
4	0.00943	0.00641	0.00714	0.00714	0.00732	0.00631	0.00407	0.00956	0.01002	0.01318	0.02453	0.04475	0.08171	0.70665	0.03139	0.00604	0.00613	0.00993	0.00416	0.00412
5	0.01760	0.77260	0.03450	0.01126	0.01690	0.02605	0.01126	0.01971	0.01338	0.01549	0.00915	0.01056	0.00845	0.00563	0.00422	0.00141	0.00704	0.00352	0.00282	0.00845
6	0.10262	0.01749	0.01852	0.01432	0.01947	0.01928	0.01183	0.60158	0.02836	0.07812	0.01571	0.01567	0.01108	0.00774	0.00634	0.00199	0.00694	0.00573	0.00643	0.01080
7	0.00957	0.00638	0.00718	0.00718	0.00718	0.00638	0.00399	0.00957	0.00957	0.01276	0.02074	0.04308	0.02393	0.76864	0.03351	0.00638	0.00638	0.00957	0.00399	0.00399
8	0.02584	0.01203	0.01517	0.01219	0.01689	0.01155	0.00988	0.03290	0.21432	0.53448	0.02620	0.02301	0.01736	0.00837	0.00664	0.00209	0.00549	0.00685	0.00774	0.01098
9	0.02555	0.01820	0.01916	0.01482	0.01998	0.05439	0.01218	0.59110	0.02889	0.12363	0.01676	0.01641	0.01168	0.00788	0.00656	0.00197	0.00727	0.00593	0.00662	0.01102
10	0.00822	0.00587	0.00787	0.00940	0.00987	0.00552	0.00646	0.00952	0.01280	0.01703	0.03617	0.71050	0.04310	0.02043	0.00846	0.00270	0.00399	0.07057	0.00611	0.00540
11	0.00802	0.00573	0.00764	0.00917	0.00955	0.00535	0.00611	0.00917	0.01260	0.01681	0.03628	0.76434	0.04354	0.02062	0.00840	0.00267	0.00382	0.01872	0.00611	0.00535
12	0.00802	0.00573	0.00764	0.00917	0.00955	0.00535	0.00611	0.00917	0.01260	0.01681	0.03628	0.76434	0.04354	0.02062	0.00840	0.00267	0.00382	0.01872	0.00611	0.00535
13	0.01637	0.01414	0.01489	0.01340	0.01712	0.01637	0.01042	0.03498	0.71568	0.02754	0.02679	0.02456	0.02010	0.00893	0.00670	0.00223	0.00521	0.00744	0.00670	0.01042
14	0.81514	0.01273	0.00968	0.00866	0.01273	0.01477	0.00713	0.01935	0.01120	0.02954	0.00917	0.01069	0.00713	0.00611	0.00407	0.00204	0.00509	0.00356	0.00407	0.00713
15	0.01662	0.01818	0.06022	0.06894	0.37966	0.09447	0.12841	0.02170	0.06615	0.02071	0.01308	0.01650	0.01057	0.00650	0.00749	0.00206	0.04971	0.00606	0.00347	0.00950
16	0.01910	0.01563	0.02018	0.02297	0.25990	0.01689	0.01426	0.20138	0.27346	0.05781	0.01904	0.01942	0.01437	0.00759	0.00660	0.00206	0.00664	0.00648	0.00556	0.01065

[dist]
# distance from previous block
# <min> <max>
0	3

[block]
# block no. 6 follows, 33 sequences, length 12
# corresponding to MSA columns:
# 367-378
name=unknown_G
#
# <colnr> <probs for GDERKNQSTAVLIFYWHMCP>
#	G	D	E	R	K	N	Q	S	T	A	V	L	I	F	Y	W	H	M	C	P
0	0.04823	0.01443	0.02325	0.37817	0.29036	0.04452	0.06984	0.01886	0.01415	0.01935	0.01190	0.01659	0.00939	0.00623	0.00652	0.00208	0.00857	0.00584	0.00314	0.00857
1	0.01629	0.01564	0.02672	0.04041	0.72757	0.01564	0.02020	0.02020	0.01499	0.02151	0.01238	0.01629	0.01043	0.00587	0.00652	0.00196	0.00782	0.00587	0.00326	0.01043
2	0.01496	0.01513	0.01957	0.60107	0.04019	0.12964	0.01713	0.05165	0.01489	0.01790	0.01166	0.01657	0.00885	0.00668	0.00648	0.00210	0.00919	0.00560	0.00318	0.00755
3	0.00832	0.00651	0.00765	0.00784	0.00945	0.00584	0.00574	0.01028	0.01512	0.01957	0.22091	0.20511	0.37156	0.01877	0.05433	0.00281	0.00428	0.01398	0.00623	0.00570
4	0.01243	0.01170	0.01975	0.75282	0.04534	0.01463	0.01828	0.01682	0.01316	0.01682	0.01170	0.01755	0.00878	0.00658	0.00658	0.00219	0.00878	0.00585	0.00293	0.00731
5	0.01243	0.01170	0.01975	0.75282	0.04534	0.01463	0.01828	0.01682	0.01316	0.01682	0.01170	0.01755	0.00878	0.00658	0.00658	0.00219	0.00878	0.00585	0.00293	0.00731
6	0.01367	0.01285	0.02146	0.37246	0.33152	0.01415	0.01778	0.01765	0.01433	0.01938	0.05303	0.02102	0.04845	0.00716	0.00668	0.00209	0.00779	0.00659	0.00346	0.00849
7	0.00807	0.00668	0.00707	0.00697	0.00907	0.00568	0.00523	0.01001	0.01569	0.01940	0.18989	0.06070	0.60069	0.01607	0.00778	0.00219	0.00329	0.01352	0.00633	0.00568
8	0.01575	0.01321	0.01575	0.07157	0.14071	0.08448	0.01184	0.04925	0.12025	0.08122	0.04760	0.14659	0.04688	0.01101	0.00709	0.00220	0.00643	0.08041	0.00533	0.04243
9	0.02184	0.05640	0.02017	0.02057	0.16507	0.44025	0.01357	0.05719	0.01817	0.05729	0.03749	0.01631	0.03301	0.00720	0.00617	0.00180	0.00971	0.00531	0.00396	0.00850
10	0.01596	0.01298	0.05173	0.15826	0.04296	0.01283	0.01203	0.17240	0.04060	0.07935	0.09269	0.04153	0.03543	0.03385	0.10065	0.00320	0.00798	0.00717	0.00507	0.07332
11	0.01976	0.04302	0.07567	0.09171	0.02046	0.12776	0.01205	0.11926	0.05275	0.18675	0.09495	0.06919	0.03981	0.00913	0.00666	0.00203	0.00709	0.00739	0.00564	0.00891

[dist]
# distance from previous block
# <min> <max>
0	2

[block]
# block no. 7 follows, 33 sequences, length 9
# corresponding to MSA columns:
# 381-389
name=unknown_H
#
# <colnr> <probs for GDERKNQSTAVLIFYWHMCP>
#	G	D	E	R	K	N	Q	S	T	A	V	L	I	F	Y	W	H	M	C	P
0	0.01850	0.01938	0.01475	0.01327	0.01628	0.32379	0.01016	0.14523	0.01987	0.02274	0.13018	0.08544	0.10806	0.01070	0.00686	0.00199	0.00781	0.03219	0.00521	0.00758
1	0.01629	0.01564	0.02672	0.04041	0.72757	0.01564	0.02020	0.02020	0.01499	0.02151	0.01238	0.01629	0.01043	0.00587	0.00652	0.00196	0.00782	0.00587	0.00326	0.01043
2	0.01590	0.01485	0.02457	0.21322	0.51563	0.01570	0.01925	0.06291	0.01556	0.02163	0.01243	0.01657	0.01007	0.00617	0.00654	0.00201	0.00802	0.00587	0.00339	0.00971
3	0.00932	0.00673	0.00880	0.00828	0.00984	0.00621	0.00621	0.01242	0.01863	0.02640	0.72410	0.04918	0.06212	0.01346	0.00776	0.00207	0.00311	0.01191	0.00725	0.00621
4	0.01435	0.01243	0.01936	0.58242	0.03903	0.01528	0.01688	0.06230	0.04460	0.05158	0.01303	0.01772	0.00975	0.00722	0.00776	0.00223	0.06669	0.00595	0.00356	0.00787
5	0.00957	0.00638	0.00718	0.00718	0.00718	0.00638	0.00399	0.00957	0.00957	0.01276	0.02074	0.04308	0.02393	0.76864	0.03351	0.00638	0.00638	0.00957	0.00399	0.00399
6	0.02546	0.01774	0.01933	0.01482	0.02007	0.01938	0.01224	0.64075	0.02979	0.10800	0.01678	0.01644	0.01169	0.00793	0.00659	0.00198	0.00709	0.00599	0.00674	0.01120
7	0.06265	0.18600	0.45820	0.01865	0.07925	0.01761	0.05046	0.02048	0.01378	0.02030	0.01121	0.01336	0.00852	0.00605	0.00578	0.00194	0.00880	0.00471	0.00293	0.00932
8	0.01980	0.02337	0.06337	0.02049	0.12450	0.32980	0.01499	0.07375	0.01631	0.01905	0.01059	0.01367	0.00901	0.00806	0.01057	0.00212	0.22373	0.00508	0.00343	0.00832

[dist]
# distance from previous block
# <min> <max>
0	1

[block]
# block no. 8 follows, 33 sequences, length 14
# corresponding to MSA columns:
# 391-404
name=unknown_I
#
# <colnr> <probs for GDERKNQSTAVLIFYWHMCP>
#	G	D	E	R	K	N	Q	S	T	A	V	L	I	F	Y	W	H	M	C	P
0	0.00881	0.00656	0.00819	0.00810	0.00960	0.00595	0.00596	0.01132	0.01696	0.02318	0.48517	0.16511	0.19037	0.01523	0.00787	0.00220	0.00326	0.01338	0.00684	0.00595
1	0.01727	0.01442	0.01614	0.01564	0.07504	0.01634	0.01131	0.07202	0.59777	0.04992	0.02497	0.02332	0.01868	0.00860	0.00668	0.00219	0.00555	0.00720	0.00646	0.01049
2	0.00956	0.00644	0.00746	0.00746	0.00755	0.00653	0.00433	0.00975	0.00966	0.01297	0.02049	0.04168	0.02333	0.71018	0.09114	0.00672	0.00730	0.00937	0.00395	0.00414
3	0.01739	0.01704	0.05983	0.02386	0.02966	0.01596	0.49776	0.02211	0.01535	0.12538	0.01460	0.01792	0.01070	0.00663	0.00910	0.00226	0.09415	0.00726	0.00397	0.00907
4	0.01664	0.43352	0.29048	0.01446	0.02148	0.05458	0.01619	0.05106	0.01459	0.01865	0.01047	0.01208	0.00853	0.00602	0.00515	0.00170	0.00826	0.00415	0.00300	0.00900
5	0.01779	0.12952	0.16462	0.01438	0.02089	0.01453	0.08389	0.07683	0.01609	0.13498	0.01412	0.01523	0.01046	0.00610	0.00577	0.00164	0.00712	0.00503	0.00435	0.25667
6	0.01395	0.01114	0.04240	0.03478	0.01612	0.00908	0.03305	0.04322	0.01511	0.09426	0.06291	0.14036	0.06778	0.01119	0.02862	0.00205	0.00566	0.04183	0.00512	0.32138
7	0.01754	0.01531	0.01707	0.06579	0.05618	0.08937	0.03531	0.18662	0.11779	0.02591	0.05120	0.03979	0.01530	0.00855	0.00764	0.03695	0.03084	0.00635	0.03737	0.13911
8	0.01709	0.09435	0.11998	0.01564	0.05455	0.03720	0.05648	0.09583	0.19407	0.08333	0.02009	0.11155	0.01699	0.00889	0.00653	0.00205	0.00679	0.00755	0.00517	0.04585
9	0.04997	0.09550	0.12772	0.01776	0.11588	0.22201	0.01397	0.06514	0.01625	0.02028	0.01549	0.01868	0.05116	0.00972	0.04808	0.00232	0.00906	0.02641	0.00375	0.07086
10	0.06785	0.22878	0.14701	0.01485	0.02068	0.04581	0.09923	0.08225	0.03821	0.11250	0.04569	0.01798	0.03739	0.00714	0.00594	0.00189	0.00756	0.00576	0.00441	0.00907
11	0.09976	0.14954	0.14191	0.01436	0.04998	0.03209	0.03348	0.01980	0.01429	0.11400	0.07750	0.02166	0.01642	0.04592	0.00876	0.00223	0.07648	0.03676	0.00434	0.04074
12	0.09961	0.20238	0.07378	0.03917	0.01898	0.16333	0.01193	0.14737	0.01810	0.05916	0.04961	0.01695	0.03986	0.00734	0.00567	0.00180	0.00765	0.00528	0.00440	0.02762
13	0.01664	0.07962	0.11109	0.01539	0.04425	0.05714	0.08262	0.11491	0.09718	0.05817	0.01953	0.05127	0.05661	0.06585	0.00882	0.00229	0.02437	0.00697	0.00466	0.08263

[dist]
# distance from previous block
# <min> <max>
3	20

[block]
# block no. 9 follows, 33 sequences, length 27
# corresponding to MSA columns:
# 425-451
name=unknown_J
#
# <colnr> <probs for GDERKNQSTAVLIFYWHMCP>
#	G	D	E	R	K	N	Q	S	T	A	V	L	I	F	Y	W	H	M	C	P
0	0.08725	0.19352	0.18166	0.01329	0.01880	0.03629	0.01328	0.09986	0.08355	0.05748	0.01783	0.04098	0.04386	0.00915	0.02469	0.00217	0.00731	0.03799	0.00444	0.02661
1	0.07075	0.11346	0.22670	0.01743	0.04856	0.06183	0.10295	0.10014	0.01641	0.08741	0.01302	0.01474	0.00970	0.00664	0.00678	0.00195	0.04399	0.00526	0.00398	0.04829
2	0.05649	0.27671	0.07396	0.01288	0.01766	0.12081	0.01167	0.13224	0.05607	0.04425	0.03855	0.01917	0.07841	0.00791	0.00609	0.00182	0.02659	0.00570	0.00439	0.00864
3	0.01827	0.08905	0.12544	0.03342	0.02047	0.07447	0.04559	0.19306	0.06693	0.05794	0.03512	0.01845	0.03357	0.02767	0.00685	0.00193	0.00736	0.00581	0.00476	0.13385
4	0.01745	0.16523	0.15849	0.01469	0.04978	0.05297	0.01341	0.21902	0.01953	0.02598	0.10405	0.02071	0.03694	0.03550	0.00713	0.00201	0.00719	0.00621	0.00469	0.03902
5	0.03848	0.11652	0.12692	0.01329	0.01853	0.13887	0.01215	0.09526	0.08711	0.02256	0.03730	0.04035	0.03891	0.00745	0.00583	0.00172	0.00724	0.00569	0.00433	0.18151
