[name]
unknown

[dist]
# distance from previous block
# <min> <max>
0	66

[block]
# block no. 0 follows, 32 sequences, length 38
# corresponding to MSA columns:
# 86-123
name=unknown_A
#
# <colnr> <probs for GDERKNQSTAVLIFYWHMCP>
#	G	D	E	R	K	N	Q	S	T	A	V	L	I	F	Y	W	H	M	C	P
0	0.01200	0.03318	0.01178	0.06998	0.01494	0.07257	0.00896	0.01411	0.01474	0.04226	0.08540	0.19581	0.14284	0.07792	0.01054	0.00281	0.02803	0.15033	0.00549	0.00631
1	0.11279	0.19422	0.10123	0.01970	0.18171	0.07327	0.01450	0.09680	0.01658	0.06769	0.01245	0.01414	0.00980	0.00639	0.00565	0.00182	0.00761	0.00485	0.00400	0.05481
2	0.03380	0.03708	0.05638	0.03904	0.16041	0.01065	0.01115	0.03641	0.03493	0.01991	0.03216	0.15148	0.19069	0.05523	0.00948	0.03067	0.00582	0.05492	0.00490	0.02490
3	0.08243	0.01860	0.14231	0.06166	0.04374	0.10110	0.08403	0.07413	0.06389	0.04595	0.06025	0.07488	0.09990	0.00941	0.00683	0.00215	0.00760	0.00795	0.00474	0.00842
4	0.02031	0.43189	0.05269	0.01437	0.04013	0.12411	0.01266	0.16640	0.04176	0.02231	0.01172	0.01286	0.00967	0.00654	0.00529	0.00167	0.00797	0.00447	0.00392	0.00926
5	0.01782	0.10871	0.09244	0.01268	0.01859	0.01515	0.01150	0.19387	0.05281	0.04906	0.03871	0.01621	0.01260	0.00661	0.00573	0.00156	0.00635	0.00511	0.00482	0.32966
6	0.01733	0.01826	0.16362	0.15947	0.35584	0.01476	0.01944	0.02194	0.01532	0.12814	0.01449	0.01730	0.01081	0.00654	0.00662	0.00208	0.00819	0.00589	0.00392	0.01004
7	0.01539	0.11042	0.31464	0.01641	0.05619	0.01519	0.01665	0.04162	0.03222	0.08613	0.07818	0.08945	0.01805	0.00908	0.00785	0.00216	0.06983	0.00717	0.00432	0.00904
8	0.00882	0.00615	0.00815	0.00896	0.00970	0.00573	0.00618	0.01020	0.01426	0.01936	0.22103	0.48045	0.07092	0.01909	0.00984	0.06966	0.00384	0.01591	0.00627	0.00548
9	0.01462	0.02951	0.52340	0.02334	0.13482	0.01597	0.09629	0.04500	0.01513	0.02212	0.01244	0.01503	0.00911	0.00630	0.00659	0.00212	0.00968	0.00547	0.00310	0.00998
10	0.01041	0.00773	0.01012	0.05078	0.04296	0.00829	0.00701	0.01134	0.01080	0.01464	0.02111	0.09263	0.02352	0.49798	0.08901	0.00582	0.04792	0.03871	0.00412	0.00509
11	0.01661	0.01594	0.02724	0.04119	0.72233	0.01594	0.02059	0.02059	0.01528	0.02192	0.01262	0.01661	0.01063	0.00598	0.00664	0.00199	0.00797	0.00598	0.00332	0.01063
12	0.00847	0.00628	0.00790	0.00863	0.00968	0.00572	0.00604	0.01025	0.01488	0.01982	0.21731	0.44648	0.17718	0.01839	0.00828	0.00248	0.00361	0.01637	0.00653	0.00572
13	0.01834	0.01631	0.04528	0.16367	0.41677	0.05578	0.01825	0.05860	0.01646	0.10492	0.01417	0.01722	0.01089	0.00656	0.00663	0.00204	0.00814	0.00595	0.00402	0.01000
14	0.01566	0.01829	0.06101	0.05861	0.06616	0.01679	0.61699	0.02126	0.01566	0.02132	0.01341	0.01789	0.01009	0.00574	0.00776	0.00224	0.01102	0.00765	0.00335	0.00908
15	0.00834	0.00602	0.00794	0.00942	0.00998	0.00562	0.00649	0.00967	0.01315	0.01738	0.03843	0.67827	0.07775	0.02065	0.00858	0.00273	0.00402	0.06383	0.00623	0.00551
16	0.01637	0.01790	0.02791	0.26801	0.14464	0.13018	0.25692	0.02074	0.01545	0.01931	0.01237	0.01684	0.00960	0.00626	0.00702	0.00213	0.01012	0.00639	0.00326	0.00857
17	0.01436	0.07264	0.60645	0.01818	0.02712	0.04011	0.02245	0.02262	0.07457	0.02138	0.01316	0.01485	0.00955	0.00659	0.00629	0.00209	0.00944	0.00509	0.00320	0.00984
18	0.00965	0.00657	0.00786	0.00794	0.00814	0.00673	0.00483	0.01007	0.01007	0.01361	0.02148	0.07825	0.02428	0.61862	0.13844	0.00695	0.00809	0.00985	0.00411	0.00443
19	0.01759	0.01399	0.01513	0.01353	0.01735	0.01588	0.01065	0.05667	0.60240	0.07590	0.02732	0.02733	0.02090	0.00952	0.00695	0.00230	0.00545	0.04379	0.00689	0.01046
20	0.01632	0.01686	0.02291	0.33466	0.32400	0.13262	0.01853	0.02015	0.01510	0.01902	0.01196	0.01641	0.00960	0.00644	0.00657	0.00205	0.00905	0.00570	0.00320	0.00883
21	0.02117	0.09937	0.05075	0.10023	0.02378	0.39907	0.03816	0.06721	0.09987	0.01980	0.01298	0.01470	0.01029	0.00704	0.00617	0.00188	0.01004	0.00508	0.00391	0.00852
22	0.00815	0.00594	0.00768	0.00906	0.00966	0.00547	0.00610	0.00937	0.01312	0.01724	0.04039	0.68344	0.11855	0.02058	0.00849	0.00267	0.00384	0.01854	0.00623	0.00547
23	0.01636	0.01519	0.02661	0.17431	0.38387	0.01567	0.13681	0.05415	0.01579	0.04644	0.01351	0.01767	0.01070	0.00789	0.03397	0.00242	0.00901	0.00639	0.00362	0.00963
24	0.01630	0.06935	0.35560	0.01997	0.09393	0.03954	0.06304	0.06298	0.04611	0.06422	0.01523	0.01973	0.01208	0.00766	0.00728	0.00216	0.03984	0.05144	0.00391	0.00963
25	0.01549	0.04543	0.06280	0.18026	0.10712	0.04028	0.38491	0.02042	0.01504	0.02006	0.01265	0.01715	0.00974	0.00618	0.00771	0.00220	0.03369	0.00683	0.00324	0.00880
26	0.00851	0.00664	0.00764	0.00802	0.00959	0.00590	0.00587	0.01030	0.01498	0.01902	0.15007	0.22031	0.38683	0.05825	0.00959	0.00264	0.00384	0.06008	0.00628	0.00566
27	0.01562	0.01498	0.02527	0.19127	0.36936	0.01635	0.08500	0.04960	0.01492	0.02086	0.01242	0.01708	0.01021	0.00821	0.03039	0.00245	0.09715	0.00619	0.00337	0.00928
28	0.01554	0.01471	0.01642	0.06828	0.16072	0.14468	0.01227	0.04093	0.06077	0.04357	0.09056	0.19800	0.02501	0.01249	0.02668	0.00245	0.02971	0.02428	0.00498	0.00796
29	0.02369	0.01309	0.01580	0.04454	0.01828	0.01330	0.01043	0.18498	0.13257	0.34290	0.02550	0.02494	0.05436	0.05395	0.00845	0.00238	0.00610	0.00727	0.00710	0.01036
30	0.01720	0.36942	0.23822	0.01692	0.09241	0.02041	0.01620	0.05489	0.01511	0.05061	0.01167	0.01330	0.00933	0.00615	0.00541	0.00173	0.00792	0.00452	0.00338	0.04519
31	0.03285	0.17125	0.12318	0.01828	0.10041	0.03460	0.06514	0.23154	0.03878	0.02684	0.03926	0.03815	0.01320	0.00791	0.00683	0.02379	0.00777	0.00608	0.00455	0.00961
32	0.01397	0.04140	0.03884	0.04995	0.04929	0.09072	0.04050	0.06792	0.01606	0.02106	0.09564	0.24770	0.02740	0.01252	0.00802	0.00222	0.04368	0.04660	0.00506	0.08148
33	0.01628	0.01657	0.05462	0.13579	0.22140	0.11810	0.01522	0.05793	0.07335	0.03479	0.06569	0.08044	0.01900	0.00918	0.00698	0.00216	0.00776	0.05145	0.00452	0.00876
34	0.01634	0.01505	0.04018	0.11850	0.34569	0.01535	0.05427	0.08465	0.04108	0.04499	0.01661	0.06334	0.03225	0.00798	0.00778	0.00214	0.05308	0.00711	0.00413	0.02948
35	0.07225	0.06133	0.04792	0.07015	0.28093	0.05359	0.05206	0.04087	0.04593	0.06644	0.01965	0.04483	0.06577	0.00831	0.00666	0.00210	0.00744	0.04032	0.00434	0.00913
36	0.06267	0.14094	0.24854	0.03563	0.05488	0.05743	0.08265	0.09859	0.01608	0.02244	0.01365	0.06858	0.01170	0.00778	0.00715	0.00208	0.05027	0.00619	0.00373	0.00903
37	0.01631	0.10034	0.20912	0.01526	0.04205	0.03805	0.01455	0.02101	0.05764	0.12325	0.03580	0.05863	0.01625	0.04023	0.06463	0.00302	0.09602	0.03466	0.00447	0.00870

[dist]
# distance from previous block
# <min> <max>
25	45

[block]
# block no. 1 follows, 32 sequences, length 12
# corresponding to MSA columns:
# 176-187
name=unknown_B
#
# <colnr> <probs for GDERKNQSTAVLIFYWHMCP>
#	G	D	E	R	K	N	Q	S	T	A	V	L	I	F	Y	W	H	M	C	P
0	0.16469	0.07309	0.14532	0.01905	0.13378	0.10126	0.04472	0.08134	0.06686	0.07093	0.01373	0.01518	0.01040	0.00671	0.00595	0.00198	0.00792	0.00522	0.00427	0.02762
1	0.04475	0.01926	0.11733	0.04486	0.17953	0.07036	0.02910	0.19716	0.06007	0.04262	0.05214	0.01788	0.01369	0.00723	0.00647	0.00195	0.00769	0.00596	0.00474	0.07720
2	0.14671	0.01767	0.05756	0.05443	0.07749	0.10985	0.05842	0.13414	0.08346	0.05077	0.03206	0.04413	0.01377	0.00777	0.00629	0.00201	0.00749	0.01892	0.00480	0.07224
3	0.01931	0.13853	0.04261	0.01493	0.03672	0.34439	0.01177	0.06331	0.04281	0.01890	0.02035	0.08351	0.09635	0.00938	0.00676	0.00192	0.02935	0.00698	0.00422	0.00792
4	0.00918	0.00685	0.00866	0.00985	0.01064	0.00678	0.00675	0.01245	0.09521	0.01842	0.03584	0.67303	0.04156	0.01961	0.00836	0.00267	0.00406	0.01772	0.00630	0.00606
5	0.02197	0.01944	0.10326	0.07873	0.02344	0.01898	0.01436	0.50455	0.06237	0.03610	0.01651	0.04030	0.01238	0.00821	0.00674	0.00208	0.00760	0.00640	0.00592	0.01066
6	0.04119	0.08298	0.07762	0.01870	0.10371	0.05832	0.05602	0.25703	0.11152	0.05408	0.01583	0.01703	0.01198	0.00888	0.03110	0.00233	0.03055	0.00596	0.00508	0.01010
7	0.01012	0.00755	0.00981	0.01003	0.01121	0.00732	0.02935	0.06944	0.01462	0.01939	0.05756	0.51137	0.09534	0.10022	0.01111	0.00300	0.00466	0.01592	0.00598	0.00598
8	0.00905	0.00746	0.00810	0.00832	0.01043	0.00683	0.00637	0.01235	0.07494	0.01911	0.05730	0.13725	0.50630	0.01693	0.00806	0.00241	0.00394	0.09243	0.00628	0.00613
9	0.01367	0.06440	0.09977	0.05705	0.01831	0.03824	0.02489	0.05258	0.07464	0.03852	0.02399	0.25326	0.02481	0.01333	0.00903	0.00247	0.08523	0.09311	0.00504	0.00765
10	0.04283	0.01902	0.04165	0.03584	0.02126	0.12569	0.04779	0.31029	0.08811	0.17259	0.01785	0.01766	0.01257	0.00777	0.00662	0.00203	0.00784	0.00607	0.00610	0.01041
11	0.04813	0.03646	0.01580	0.01283	0.01681	0.01503	0.01031	0.17524	0.27266	0.14203	0.06859	0.02362	0.01944	0.01384	0.09529	0.00317	0.00727	0.00710	0.00647	0.00989

[dist]
# distance from previous block
# <min> <max>
2	5

[block]
# block no. 2 follows, 32 sequences, length 27
# corresponding to MSA columns:
# 193-219
name=unknown_C
#
# <colnr> <probs for GDERKNQSTAVLIFYWHMCP>
#	G	D	E	R	K	N	Q	S	T	A	V	L	I	F	Y	W	H	M	C	P
0	0.01788	0.16833	0.16015	0.05344	0.15678	0.16681	0.06263	0.04741	0.03566	0.02009	0.01295	0.01693	0.01080	0.00690	0.00622	0.00194	0.00914	0.03332	0.00350	0.00911
1	0.01768	0.03774	0.04921	0.05356	0.27517	0.10940	0.06199	0.08579	0.04256	0.02232	0.01285	0.01599	0.01050	0.00784	0.02409	0.00217	0.07540	0.00569	0.00379	0.08627
2	0.00848	0.00605	0.00782	0.00893	0.00947	0.00567	0.00596	0.00974	0.01323	0.01772	0.10673	0.58086	0.06951	0.10273	0.01132	0.00306	0.00409	0.01714	0.00611	0.00540
3	0.00951	0.00652	0.00838	0.00903	0.01019	0.00596	0.00644	0.01134	0.01496	0.05073	0.19706	0.44547	0.13747	0.01815	0.00828	0.00251	0.00383	0.04161	0.00658	0.00597
4	0.01508	0.01189	0.01403	0.01008	0.01599	0.00901	0.00809	0.01803	0.01429	0.07246	0.01297	0.01455	0.01042	0.00521	0.00510	0.00107	0.00502	0.00417	0.00429	0.74825
5	0.04817	0.10749	0.14243	0.03709	0.15582	0.03523	0.04768	0.10439	0.05846	0.05486	0.01378	0.01556	0.01063	0.00643	0.00603	0.00183	0.00758	0.00530	0.00416	0.13708
6	0.04680	0.07873	0.16179	0.05120	0.01876	0.01265	0.01237	0.04316	0.07528	0.15097	0.20154	0.02901	0.07095	0.00954	0.00675	0.00208	0.00606	0.00787	0.00574	0.00876
7	0.01000	0.00682	0.00808	0.00833	0.01007	0.00598	0.00602	0.01168	0.01497	0.07782	0.10221	0.32581	0.35252	0.01756	0.00807	0.00241	0.00376	0.01526	0.00649	0.00612
8	0.01423	0.01235	0.04865	0.32636	0.05382	0.01262	0.04785	0.07521	0.01642	0.07224	0.12084	0.10059	0.05114	0.00976	0.00717	0.00223	0.00712	0.00866	0.00482	0.00793
9	0.04530	0.04397	0.36581	0.02309	0.19498	0.04560	0.04609	0.02174	0.04401	0.04204	0.01391	0.02998	0.01080	0.00676	0.00636	0.00206	0.00866	0.00569	0.03348	0.00968
10	0.01280	0.01215	0.01839	0.60007	0.03971	0.04029	0.01666	0.01744	0.04072	0.01774	0.01815	0.02429	0.07018	0.00817	0.00690	0.00226	0.00834	0.03482	0.00355	0.00738
11	0.00825	0.00677	0.00727	0.00723	0.00928	0.00579	0.00539	0.01022	0.01593	0.01984	0.19655	0.09097	0.56021	0.01651	0.00795	0.00225	0.00337	0.01396	0.00646	0.00579
12	0.11660	0.05503	0.07201	0.01544	0.03899	0.36992	0.01248	0.02617	0.01736	0.17708	0.01423	0.01486	0.01048	0.00705	0.00592	0.00187	0.00919	0.00489	0.02165	0.00878
13	0.01898	0.66196	0.03289	0.01224	0.01773	0.09837	0.01169	0.04944	0.01493	0.01697	0.00972	0.01112	0.00873	0.00596	0.00458	0.00149	0.00768	0.00377	0.00309	0.00864
14	0.07533	0.47415	0.02922	0.01557	0.08986	0.12502	0.03432	0.02079	0.01472	0.01820	0.04104	0.01352	0.01117	0.00631	0.00506	0.00164	0.00778	0.00446	0.00331	0.00852
15	0.04020	0.19803	0.11195	0.03592	0.10180	0.15061	0.05570	0.11545	0.07333	0.03673	0.01325	0.01481	0.01039	0.00673	0.00599	0.00188	0.00859	0.00520	0.00404	0.00941
16	0.00918	0.00655	0.00820	0.00903	0.00971	0.00628	0.00604	0.03553	0.01351	0.01802	0.07909	0.52576	0.07266	0.15206	0.01297	0.00331	0.00442	0.01625	0.00594	0.00549
17	0.00888	0.00667	0.00825	0.00840	0.00991	0.00604	0.00621	0.01125	0.01658	0.02226	0.37454	0.20273	0.22820	0.01632	0.00812	0.00233	0.00353	0.04702	0.00679	0.00597
18	0.01159	0.00891	0.04133	0.01089	0.01300	0.00769	0.03817	0.01445	0.04000	0.08666	0.09515	0.33708	0.11587	0.04408	0.03557	0.00296	0.00541	0.07840	0.00610	0.00670
19	0.04970	0.01550	0.02253	0.16294	0.35467	0.03655	0.01700	0.13256	0.01800	0.10449	0.01444	0.01712	0.01094	0.00675	0.00657	0.00205	0.00781	0.00594	0.00441	0.01005
20	0.02273	0.01581	0.01558	0.01273	0.01674	0.10928	0.01016	0.29968	0.02262	0.16740	0.01878	0.01999	0.01385	0.03734	0.02623	0.00229	0.00706	0.00616	0.16607	0.00948
21	0.00823	0.00588	0.00784	0.00930	0.00974	0.00549	0.00623	0.00948	0.01311	0.01755	0.06605	0.72955	0.04519	0.02071	0.00854	0.00270	0.00386	0.01878	0.00628	0.00549
22	0.01150	0.00833	0.00992	0.00965	0.01139	0.00830	0.00716	0.07052	0.04521	0.04776	0.13910	0.23563	0.18960	0.09839	0.01132	0.00287	0.02873	0.05189	0.00620	0.00652
23	0.02019	0.42578	0.02778	0.07597	0.02101	0.29439	0.01265	0.02238	0.01565	0.01614	0.00994	0.01187	0.00865	0.00627	0.00517	0.00161	0.00919	0.00407	0.00310	0.00820
24	0.01600	0.01516	0.02522	0.16898	0.42776	0.01613	0.06968	0.05295	0.04983	0.02187	0.01341	0.01749	0.01086	0.00759	0.02377	0.00231	0.04149	0.00623	0.00359	0.00970
25	0.01928	0.06170	0.02074	0.26196	0.05791	0.01847	0.01471	0.31942	0.10690	0.02963	0.01552	0.01749	0.01149	0.00750	0.00657	0.00208	0.00767	0.00605	0.00510	0.00978
26	0.01869	0.01831	0.02043	0.11204	0.07459	0.19401	0.05488	0.07298	0.01626	0.07061	0.04747	0.01768	0.01275	0.01010	0.03732	0.00255	0.20091	0.00607	0.00405	0.00831

[dist]
# distance from previous block
# <min> <max>
0	3

[block]
# block no. 3 follows, 32 sequences, length 29
# corresponding to MSA columns:
# 223-251
name=unknown_D
#
# <colnr> <probs for GDERKNQSTAVLIFYWHMCP>
#	G	D	E	R	K	N	Q	S	T	A	V	L	I	F	Y	W	H	M	C	P
0	0.01531	0.01471	0.02543	0.20394	0.07674	0.01534	0.25642	0.09999	0.06934	0.02298	0.02083	0.02491	0.08620	0.00808	0.00735	0.00224	0.00859	0.02857	0.00432	0.00871
1	0.02146	0.28483	0.06653	0.01597	0.02076	0.41322	0.04916	0.02389	0.01672	0.01675	0.01028	0.01207	0.00870	0.00641	0.00557	0.00168	0.01024	0.00429	0.00322	0.00825
2	0.01225	0.00667	0.00938	0.00911	0.00947	0.00683	0.00621	0.04870	0.01020	0.01365	0.01275	0.02186	0.01264	0.07032	0.05263	0.67793	0.00642	0.00614	0.00323	0.00359
3	0.02439	0.09804	0.01975	0.01577	0.01957	0.55654	0.01220	0.02631	0.01853	0.10037	0.03939	0.01470	0.01168	0.00723	0.00604	0.00176	0.01054	0.00484	0.00412	0.00823
4	0.08710	0.01113	0.01298	0.01045	0.01495	0.00975	0.00834	0.06221	0.01586	0.13911	0.04241	0.10726	0.03882	0.00908	0.00614	0.00173	0.00511	0.04556	0.00544	0.36658
5	0.00804	0.00672	0.00701	0.00711	0.00918	0.00568	0.00527	0.00978	0.01530	0.01855	0.10289	0.12397	0.62320	0.01715	0.00798	0.00230	0.00343	0.01447	0.00630	0.00568
6	0.00855	0.00678	0.00768	0.00754	0.00947	0.00591	0.00563	0.01080	0.01663	0.02150	0.31973	0.08828	0.43593	0.01589	0.00795	0.00222	0.00333	0.01358	0.00668	0.00591
7	0.02036	0.22285	0.08151	0.01707	0.08921	0.05709	0.01391	0.23713	0.09615	0.05151	0.01462	0.01551	0.01127	0.00729	0.00659	0.00192	0.03583	0.00538	0.00478	0.01003
8	0.01721	0.01653	0.08817	0.21169	0.31675	0.01557	0.05077	0.07628	0.03578	0.08491	0.01436	0.01753	0.01086	0.00664	0.00672	0.00210	0.00823	0.00609	0.00401	0.00982
9	0.00849	0.00626	0.00800	0.00930	0.00998	0.00591	0.00631	0.01041	0.04067	0.01765	0.03919	0.67267	0.09980	0.02021	0.00844	0.00267	0.00391	0.01821	0.00625	0.00567
10	0.01217	0.00884	0.01227	0.01153	0.01316	0.01024	0.00909	0.04277	0.04222	0.05821	0.02016	0.02627	0.04921	0.03858	0.51508	0.03059	0.08139	0.00731	0.00418	0.00675
11	0.05146	0.08849	0.08742	0.07056	0.07106	0.08309	0.06938	0.15398	0.09615	0.02498	0.04085	0.01866	0.03312	0.00797	0.00781	0.00210	0.07302	0.00621	0.00451	0.00918
12	0.04549	0.08697	0.01954	0.01434	0.01899	0.12698	0.01173	0.39952	0.09939	0.03295	0.01605	0.01645	0.01200	0.00772	0.00620	0.00192	0.00749	0.00567	0.06054	0.01005
13	0.05710	0.05116	0.30502	0.08480	0.13916	0.01533	0.01824	0.02255	0.10543	0.04692	0.01437	0.01630	0.01081	0.00661	0.00620	0.00200	0.00797	0.00541	0.00381	0.08080
14	0.01536	0.09415	0.23620	0.02176	0.18114	0.06366	0.06025	0.01976	0.01490	0.05016	0.01739	0.12393	0.01627	0.00907	0.00680	0.00215	0.00820	0.04595	0.00393	0.00897
15	0.04726	0.03451	0.02204	0.37772	0.19023	0.01504	0.06910	0.05011	0.01471	0.02006	0.01516	0.01960	0.04695	0.00772	0.00750	0.03600	0.00821	0.00638	0.00348	0.00822
16	0.00850	0.00598	0.00769	0.00892	0.00923	0.00567	0.00578	0.00943	0.01221	0.01628	0.03370	0.61160	0.04024	0.17488	0.01386	0.00351	0.00443	0.01715	0.00578	0.00516
17	0.01630	0.01678	0.06125	0.12546	0.28528	0.07492	0.12009	0.02123	0.05699	0.05092	0.01642	0.07026	0.01422	0.00789	0.00702	0.00216	0.00846	0.03116	0.00400	0.00920
18	0.47610	0.08732	0.03179	0.01116	0.01544	0.12952	0.00935	0.06167	0.04736	0.02681	0.01136	0.01274	0.00894	0.00661	0.00482	0.00195	0.00662	0.00421	0.03835	0.00790
19	0.00882	0.00698	0.00801	0.00839	0.01000	0.00642	0.00604	0.01169	0.06160	0.01965	0.14388	0.30742	0.34187	0.01745	0.00808	0.00241	0.00367	0.01519	0.00643	0.00601
20	0.14518	0.13639	0.01990	0.01342	0.03557	0.01857	0.01101	0.33138	0.04329	0.03173	0.01352	0.01436	0.01033	0.00686	0.00563	0.00177	0.00655	0.00497	0.00515	0.14444
21	0.01658	0.01480	0.05212	0.06179	0.14179	0.01430	0.13697	0.10009	0.05427	0.08148	0.02223	0.04744	0.07661	0.00931	0.00814	0.00224	0.05234	0.06296	0.00487	0.03968
22	0.03405	0.06929	0.12801	0.15266	0.25860	0.08654	0.03880	0.03865	0.07097	0.02117	0.01375	0.01766	0.01109	0.00684	0.00647	0.00205	0.00855	0.02189	0.00363	0.00934
23	0.01450	0.10033	0.18654	0.01484	0.04781	0.01444	0.04041	0.06631	0.13973	0.03667	0.11438	0.04748	0.08008	0.03387	0.03137	0.00251	0.00707	0.00788	0.00500	0.00876
24	0.00842	0.00638	0.00765	0.00843	0.00958	0.00577	0.00594	0.00993	0.01402	0.01800	0.09175	0.39031	0.27555	0.06882	0.01006	0.00280	0.00397	0.05092	0.00616	0.00553
25	0.01905	0.05693	0.02337	0.06818	0.31200	0.10175	0.03501	0.14167	0.03765	0.05183	0.01400	0.01685	0.01118	0.00959	0.05309	0.00255	0.02546	0.00587	0.00420	0.00976
26	0.03713	0.01590	0.04158	0.01713	0.11524	0.10628	0.02702	0.12206	0.13328	0.05217	0.10577	0.05404	0.03631	0.06066	0.00882	0.00243	0.00694	0.04296	0.00548	0.00878
27	0.06161	0.01144	0.03657	0.01607	0.14020	0.03414	0.02913	0.04425	0.05669	0.01851	0.01502	0.02293	0.01396	0.13780	0.03786	0.26983	0.00704	0.00653	0.03405	0.00636
28	0.00846	0.00616	0.00766	0.00860	0.00931	0.00570	0.00576	0.00970	0.01325	0.01744	0.09159	0.49710	0.14651	0.12560	0.01206	0.00315	0.00413	0.01647	0.00601	0.00535

[dist]
# distance from previous block
# <min> <max>
0	2

[block]
# block no. 4 follows, 32 sequences, length 22
# corresponding to MSA columns:
# 254-275
name=unknown_E
#
# <colnr> <probs for GDERKNQSTAVLIFYWHMCP>
#	G	D	E	R	K	N	Q	S	T	A	V	L	I	F	Y	W	H	M	C	P
0	0.07638	0.03090	0.01841	0.04086	0.08759	0.12574	0.03150	0.21278	0.01961	0.05041	0.01564	0.08315	0.01347	0.00837	0.00700	0.00195	0.04051	0.00657	0.02388	0.10528
1	0.05203	0.05021	0.02220	0.17558	0.23529	0.10162	0.03844	0.08075	0.08262	0.02235	0.01487	0.01776	0.02849	0.00725	0.00717	0.00208	0.04218	0.00599	0.00397	0.00914
2	0.01044	0.00704	0.00854	0.00809	0.00992	0.00635	0.00599	0.01286	0.01694	0.06691	0.39988	0.07651	0.23311	0.06936	0.00968	0.00248	0.00366	0.01222	0.03373	0.00627
3	0.01905	0.13931	0.02495	0.03999	0.23721	0.07885	0.04398	0.15764	0.09783	0.02471	0.01404	0.01612	0.01124	0.00718	0.00735	0.00200	0.05865	0.00573	0.00431	0.00986
4	0.25259	0.01553	0.01543	0.07399	0.08711	0.13848	0.01144	0.04836	0.01381	0.02182	0.01204	0.01635	0.01036	0.03069	0.12865	0.03080	0.07609	0.00526	0.00372	0.00746
5	0.00816	0.00589	0.00773	0.00920	0.00969	0.00546	0.00616	0.00936	0.01299	0.01719	0.03875	0.72010	0.08294	0.02079	0.00853	0.00270	0.00386	0.01879	0.00623	0.00546
6	0.02244	0.01783	0.01840	0.01438	0.01950	0.06294	0.01169	0.47310	0.08269	0.03545	0.01602	0.01648	0.01187	0.00860	0.02445	0.00206	0.00737	0.00574	0.00599	0.14302
7	0.00915	0.00632	0.00784	0.00842	0.00869	0.00630	0.00531	0.00982	0.01102	0.01481	0.02677	0.31067	0.03113	0.41393	0.09502	0.00552	0.00667	0.01300	0.00483	0.00478
8	0.01470	0.06365	0.41483	0.02162	0.11809	0.01686	0.06893	0.02206	0.08308	0.02127	0.01330	0.01572	0.01012	0.00702	0.00795	0.00218	0.07998	0.00558	0.00335	0.00971
9	0.07665	0.02543	0.01848	0.01590	0.02002	0.41867	0.01236	0.23340	0.07136	0.02609	0.01326	0.01417	0.01024	0.00737	0.00618	0.00188	0.00972	0.00503	0.00474	0.00906
10	0.00814	0.00673	0.00714	0.00719	0.00923	0.00573	0.00533	0.00998	0.01557	0.01913	0.14566	0.11378	0.58946	0.01689	0.00797	0.00228	0.00341	0.01427	0.00637	0.00573
11	0.01579	0.02306	0.32046	0.08481	0.11280	0.04738	0.05750	0.07015	0.01600	0.06850	0.01641	0.10660	0.01403	0.00838	0.00683	0.00217	0.00857	0.00723	0.00403	0.00930
12	0.01545	0.01606	0.04484	0.20482	0.31178	0.04040	0.13891	0.02025	0.04050	0.02024	0.01299	0.01740	0.01043	0.00765	0.02518	0.00237	0.05191	0.00632	0.00336	0.00917
13	0.00831	0.00594	0.00793	0.00939	0.00987	0.00556	0.00637	0.00963	0.01320	0.01765	0.06726	0.70803	0.04505	0.02062	0.00856	0.00271	0.00393	0.03822	0.00628	0.00551
14	0.01641	0.59865	0.11120	0.01210	0.01785	0.02313	0.01251	0.01921	0.01356	0.01649	0.01273	0.01453	0.03924	0.00945	0.05668	0.00221	0.00809	0.00445	0.00306	0.00845
15	0.01523	0.02425	0.35508	0.02275	0.17039	0.01550	0.07204	0.08117	0.06512	0.02316	0.01495	0.03879	0.01211	0.05028	0.00826	0.00238	0.00870	0.00636	0.00377	0.00972
16	0.01197	0.00796	0.01122	0.04413	0.01508	0.00793	0.01057	0.01487	0.01533	0.06974	0.03402	0.14593	0.03640	0.01757	0.00890	0.00294	0.00601	0.52671	0.00620	0.00652
17	0.00838	0.00601	0.00765	0.00887	0.00934	0.00562	0.00584	0.00942	0.01258	0.01661	0.03698	0.60611	0.09103	0.12736	0.01219	0.00323	0.00423	0.01738	0.00592	0.00527
18	0.01175	0.04291	0.04798	0.06423	0.01818	0.01091	0.08876	0.01712	0.12346	0.01999	0.03011	0.30143	0.06495	0.01449	0.00788	0.00252	0.00606	0.11453	0.00547	0.00727
19	0.01575	0.15663	0.46187	0.01758	0.05044	0.05851	0.01985	0.04371	0.01520	0.04596	0.01471	0.01623	0.04148	0.00689	0.00611	0.00198	0.00897	0.00525	0.00337	0.00951
20	0.01611	0.01337	0.01702	0.11914	0.02109	0.08378	0.07637	0.12542	0.03585	0.05697	0.01657	0.05224	0.01440	0.05378	0.17249	0.09622	0.01029	0.00707	0.00436	0.00747
21	0.06712	0.00969	0.01045	0.01017	0.03160	0.03952	0.00734	0.06281	0.04735	0.02408	0.29422	0.07362	0.16153	0.07753	0.03375	0.00279	0.00506	0.01059	0.02401	0.00676

[dist]
# distance from previous block
# <min> <max>
0	1

[block]
# block no. 5 follows, 32 sequences, length 23
# corresponding to MSA columns:
# 277-299
name=unknown_F
#
# <colnr> <probs for GDERKNQSTAVLIFYWHMCP>
#	G	D	E	R	K	N	Q	S	T	A	V	L	I	F	Y	W	H	M	C	P
0	0.34199	0.05757	0.01873	0.01466	0.01887	0.20389	0.11713	0.02171	0.01440	0.04702	0.01141	0.01384	0.00913	0.00937	0.05349	0.00257	0.02768	0.00487	0.00386	0.00781
1	0.01715	0.52660	0.12726	0.05523	0.02149	0.02327	0.04763	0.04615	0.04626	0.01843	0.01113	0.01284	0.00934	0.00612	0.00511	0.00167	0.00777	0.00440	0.00322	0.00894
2	0.24743	0.02790	0.03756	0.01052	0.01453	0.01303	0.00880	0.15429	0.04018	0.10086	0.07840	0.02926	0.16912	0.03170	0.00706	0.00223	0.00539	0.00770	0.00580	0.00824
3	0.01606	0.01314	0.01661	0.05889	0.05545	0.01396	0.05541	0.13475	0.24470	0.04737	0.10406	0.03097	0.10743	0.00999	0.00712	0.00217	0.00595	0.02954	0.00607	0.04035
4	0.07770	0.05022	0.07552	0.17680	0.26914	0.05146	0.01659	0.02201	0.11074	0.02181	0.01391	0.01678	0.01099	0.00659	0.00624	0.00201	0.00774	0.00564	0.00379	0.05433
5	0.01017	0.00706	0.00856	0.00872	0.00931	0.00715	0.00575	0.04093	0.01222	0.01645	0.05917	0.18907	0.02997	0.43968	0.08445	0.00549	0.00680	0.04912	0.00487	0.00507
6	0.02111	0.14620	0.02159	0.11346	0.02312	0.23258	0.01308	0.19934	0.12057	0.02477	0.01434	0.01556	0.01110	0.00730	0.00613	0.00190	0.00866	0.00534	0.00462	0.00922
7	0.06047	0.02965	0.01340	0.03558	0.03563	0.05870	0.00921	0.04313	0.17974	0.08184	0.06791	0.09412	0.08052	0.05047	0.02271	0.00251	0.00587	0.02837	0.04700	0.05318
8	0.09334	0.09028	0.10096	0.03469	0.01907	0.08338	0.01232	0.13987	0.03818	0.10285	0.01785	0.04208	0.04869	0.00972	0.03263	0.00229	0.05171	0.00613	0.00484	0.06913
9	0.01083	0.00776	0.01033	0.01144	0.01290	0.00774	0.00958	0.03331	0.01515	0.01970	0.03514	0.10852	0.07188	0.09995	0.01181	0.00337	0.00598	0.51262	0.00597	0.00603
10	0.00960	0.00714	0.01056	0.01056	0.01168	0.00826	0.00811	0.01184	0.01072	0.01541	0.01818	0.02750	0.01727	0.09676	0.69184	0.01051	0.01723	0.00736	0.00363	0.00587
11	0.08760	0.10568	0.38576	0.01641	0.03926	0.07735	0.01788	0.05678	0.01538	0.07032	0.01359	0.03622	0.01070	0.03099	0.00692	0.00216	0.00865	0.00540	0.00373	0.00925
12	0.01290	0.00825	0.00940	0.04670	0.01193	0.00897	0.00697	0.03647	0.08481	0.02425	0.07988	0.05247	0.02160	0.04271	0.00776	0.00207	0.04626	0.00744	0.48230	0.00685
13	0.00818	0.00616	0.00760	0.00872	0.00967	0.00558	0.00605	0.00956	0.01360	0.01749	0.04556	0.54636	0.23207	0.01983	0.00841	0.00261	0.00382	0.03697	0.00623	0.00553
14	0.00968	0.00656	0.00775	0.00811	0.00832	0.00651	0.00506	0.01016	0.01075	0.01427	0.02461	0.13351	0.02834	0.59397	0.02838	0.00568	0.00616	0.08319	0.00455	0.00446
15	0.01464	0.01737	0.15308	0.09627	0.11783	0.05343	0.05986	0.07753	0.02842	0.03593	0.03810	0.17281	0.04512	0.02408	0.00816	0.00233	0.03307	0.00910	0.00448	0.00839
16	0.02271	0.02597	0.01891	0.01667	0.02031	0.49001	0.04284	0.12464	0.05105	0.02122	0.01485	0.05408	0.01311	0.00848	0.00657	0.00194	0.01033	0.04365	0.00438	0.00829
17	0.00840	0.00607	0.00803	0.00925	0.00980	0.00583	0.00628	0.00966	0.01258	0.01678	0.03568	0.60554	0.07539	0.06591	0.08722	0.00377	0.00551	0.01703	0.00583	0.00544
18	0.18520	0.01681	0.01756	0.01372	0.01882	0.01845	0.01133	0.48968	0.02613	0.11424	0.01587	0.01579	0.01114	0.00771	0.00620	0.00203	0.00676	0.00563	0.00637	0.01057
19	0.04481	0.02067	0.07914	0.19512	0.15452	0.23688	0.01599	0.04544	0.01606	0.01950	0.01461	0.04977	0.03560	0.00783	0.00707	0.00206	0.03685	0.00617	0.00361	0.00832
20	0.00883	0.00683	0.00884	0.00957	0.01033	0.00684	0.00679	0.01031	0.01365	0.01825	0.11292	0.52130	0.13982	0.01888	0.00953	0.00261	0.06639	0.01652	0.00608	0.00573
21	0.01704	0.01556	0.02092	0.06148	0.25183	0.04234	0.04978	0.09572	0.20809	0.02516	0.01866	0.02008	0.03593	0.00735	0.00659	0.00198	0.00706	0.00649	0.00480	0.10315
22	0.01565	0.01260	0.01618	0.01242	0.01730	0.01144	0.06638	0.09891	0.07863	0.05430	0.02793	0.04007	0.01443	0.04889	0.05499	0.00237	0.00671	0.00607	0.00479	0.40994

[dist]
# distance from previous block
# <min> <max>
2	13

[block]
# block no. 6 follows, 32 sequences, length 19
# corresponding to MSA columns:
# 313-331
name=unknown_G
#
# <colnr> <probs for GDERKNQSTAVLIFYWHMCP>
#	G	D	E	R	K	N	Q	S	T	A	V	L	I	F	Y	W	H	M	C	P
0	0.01846	0.30221	0.05846	0.01593	0.06632	0.16886	0.04595	0.08171	0.04853	0.02000	0.01640	0.06594	0.04864	0.00799	0.00590	0.00183	0.00810	0.00616	0.00397	0.00864
1	0.01520	0.01773	0.20440	0.08058	0.10037	0.01226	0.01519	0.03825	0.03936	0.09179	0.01965	0.06379	0.04242	0.00865	0.00664	0.00201	0.00709	0.06296	0.00451	0.16714
2	0.01034	0.00837	0.00942	0.00886	0.01074	0.04009	0.00667	0.01400	0.05261	0.02521	0.55795	0.04924	0.15385	0.01365	0.00778	0.00212	0.00371	0.01185	0.00701	0.00651
3	0.01003	0.00734	0.00799	0.00790	0.00972	0.00683	0.00566	0.01291	0.06726	0.04203	0.08155	0.13067	0.37456	0.13862	0.01197	0.00295	0.00416	0.01261	0.05922	0.00602
4	0.15270	0.06961	0.15373	0.01709	0.07303	0.04882	0.08365	0.12529	0.03902	0.05341	0.02855	0.09557	0.01462	0.00836	0.00636	0.00211	0.00755	0.00696	0.00457	0.00901
5	0.01439	0.01318	0.02165	0.11802	0.43550	0.01375	0.01706	0.01784	0.01445	0.02012	0.01748	0.07327	0.01699	0.04642	0.00910	0.00248	0.03708	0.09849	0.00388	0.00885
6	0.01005	0.00722	0.00949	0.01062	0.01186	0.00706	0.00860	0.01227	0.01421	0.01839	0.03667	0.14630	0.10694	0.14085	0.01313	0.00352	0.00569	0.42561	0.00584	0.00570
7	0.01561	0.10457	0.12576	0.15226	0.36733	0.04242	0.01873	0.01974	0.01448	0.01967	0.01238	0.01698	0.01041	0.04319	0.00767	0.00220	0.00840	0.00568	0.00318	0.00933
8	0.01663	0.09546	0.26390	0.05065	0.15831	0.02807	0.05910	0.09797	0.04427	0.04684	0.01482	0.01899	0.01182	0.00803	0.02032	0.00224	0.00871	0.04019	0.00395	0.00972
9	0.00826	0.00596	0.00785	0.00932	0.00986	0.00555	0.00635	0.00953	0.01308	0.01730	0.03858	0.69617	0.08021	0.02071	0.00856	0.00271	0.00396	0.04432	0.00623	0.00549
10	0.00858	0.00636	0.00806	0.00922	0.01005	0.00597	0.00638	0.01057	0.03724	0.01817	0.07167	0.59191	0.13054	0.01969	0.00842	0.00263	0.00392	0.03860	0.00630	0.00572
11	0.01602	0.08007	0.24411	0.02475	0.21060	0.04707	0.14267	0.02105	0.01538	0.05534	0.03711	0.01893	0.04288	0.00690	0.00669	0.00205	0.00884	0.00635	0.00365	0.00953
12	0.01295	0.01203	0.01961	0.63633	0.07260	0.01467	0.01765	0.01827	0.05799	0.01850	0.04531	0.01976	0.01224	0.00715	0.00677	0.00222	0.00841	0.00635	0.00344	0.00774
13	0.01016	0.00768	0.01056	0.01056	0.01146	0.00868	0.00806	0.01197	0.01134	0.01575	0.02237	0.03854	0.04499	0.21899	0.37178	0.00765	0.07053	0.10915	0.00414	0.00564
14	0.05914	0.69739	0.03316	0.01160	0.01716	0.05678	0.01133	0.02036	0.01375	0.01655	0.00937	0.01083	0.00854	0.00582	0.00437	0.00148	0.00729	0.00362	0.00296	0.00851
15	0.02054	0.17675	0.10042	0.01946	0.16234	0.07859	0.03198	0.05466	0.01688	0.19700	0.01796	0.01999	0.03562	0.00753	0.00627	0.00194	0.00765	0.02988	0.00479	0.00975
16	0.02188	0.01576	0.01579	0.01321	0.01733	0.09650	0.01049	0.22297	0.18081	0.17374	0.02401	0.05492	0.05069	0.00921	0.00668	0.00207	0.00646	0.00733	0.06023	0.00993
17	0.01410	0.03999	0.07419	0.14679	0.10436	0.03682	0.07425	0.03884	0.04588	0.05768	0.02516	0.18195	0.08774	0.01114	0.00728	0.00228	0.00708	0.03168	0.00474	0.00804
18	0.01767	0.08535	0.16009	0.01648	0.06571	0.10295	0.01431	0.17605	0.08414	0.02487	0.02017	0.08777	0.06450	0.00934	0.00729	0.00210	0.03996	0.00733	0.00477	0.00917

[dist]
# distance from previous block
# <min> <max>
0	20

[block]
# block no. 7 follows, 32 sequences, length 31
# corresponding to MSA columns:
# 352-382
name=unknown_H
#
# <colnr> <probs for GDERKNQSTAVLIFYWHMCP>
#	G	D	E	R	K	N	Q	S	T	A	V	L	I	F	Y	W	H	M	C	P
0	0.06314	0.03991	0.08512	0.05252	0.32209	0.01528	0.13758	0.02059	0.05860	0.02204	0.01729	0.02003	0.06160	0.00692	0.00664	0.00203	0.00792	0.00661	0.00378	0.05030
1	0.01097	0.00849	0.01213	0.01217	0.01440	0.00790	0.04548	0.01375	0.01466	0.01978	0.03111	0.21329	0.03404	0.01635	0.00839	0.00265	0.00576	0.39565	0.00571	0.12732
2	0.02057	0.04889	0.01818	0.01513	0.01898	0.22246	0.01191	0.14893	0.33083	0.02618	0.01887	0.01870	0.01445	0.00831	0.00729	0.00208	0.04690	0.00614	0.00550	0.00970
3	0.03966	0.02199	0.08805	0.02396	0.02994	0.16345	0.43778	0.04447	0.01653	0.02116	0.01259	0.01617	0.00964	0.00630	0.00781	0.00216	0.03936	0.00669	0.00347	0.00882
4	0.01285	0.01090	0.04877	0.01279	0.06441	0.03454	0.00909	0.03238	0.01305	0.06266	0.05837	0.07309	0.05837	0.27655	0.14121	0.00517	0.06591	0.00890	0.00451	0.00650
5	0.01065	0.00945	0.00911	0.00886	0.01113	0.06483	0.00677	0.04823	0.01682	0.02053	0.14395	0.09652	0.44966	0.01562	0.00785	0.00227	0.00450	0.06080	0.00619	0.00625
6	0.00855	0.00608	0.00810	0.00957	0.01007	0.00576	0.00662	0.00987	0.01297	0.01724	0.03600	0.64727	0.04271	0.05922	0.00997	0.00296	0.00428	0.09120	0.00611	0.00546
7	0.02403	0.02923	0.01883	0.01691	0.02037	0.61508	0.01283	0.06243	0.07427	0.01869	0.01196	0.01344	0.00974	0.00733	0.00675	0.00183	0.03949	0.00473	0.00388	0.00818
8	0.01996	0.01359	0.01356	0.01155	0.01482	0.10340	0.00910	0.18144	0.01919	0.15729	0.01935	0.02170	0.01482	0.03957	0.10767	0.00323	0.00791	0.00630	0.22704	0.00852
9	0.04232	0.00650	0.00639	0.00635	0.00801	0.00658	0.00479	0.01579	0.01397	0.02521	0.02142	0.02449	0.01683	0.00776	0.00467	0.00158	0.00320	0.00616	0.77169	0.00629
10	0.00842	0.00674	0.00756	0.00797	0.00963	0.00600	0.00574	0.01062	0.03717	0.01883	0.10864	0.28623	0.42706	0.01778	0.00810	0.00240	0.00360	0.01537	0.00634	0.00581
11	0.01738	0.01630	0.02133	0.02769	0.37965	0.08089	0.01552	0.08244	0.15536	0.02362	0.01713	0.04616	0.01467	0.06211	0.00869	0.00238	0.00751	0.00689	0.00449	0.00978
12	0.01053	0.00738	0.01003	0.00985	0.01100	0.00803	0.00723	0.01304	0.03887	0.04018	0.08481	0.05462	0.02387	0.21376	0.42721	0.00810	0.01254	0.00862	0.00442	0.00591
13	0.06450	0.01394	0.01584	0.01268	0.01726	0.01454	0.01032	0.26086	0.12689	0.27073	0.04441	0.02130	0.01649	0.00837	0.00649	0.00205	0.00591	0.00661	0.07032	0.01051
14	0.02182	0.01578	0.01838	0.01684	0.09342	0.01697	0.01236	0.38105	0.13342	0.10328	0.03621	0.02373	0.05253	0.00901	0.00691	0.00211	0.00661	0.03246	0.00650	0.01060
15	0.04555	0.01607	0.02640	0.05826	0.57581	0.03545	0.06427	0.02131	0.01543	0.05804	0.01320	0.01674	0.01068	0.00613	0.00663	0.00202	0.00812	0.00602	0.00360	0.01027
16	0.01446	0.00800	0.01010	0.00974	0.01185	0.00749	0.00732	0.05185	0.01619	0.17030	0.09815	0.33023	0.08216	0.01503	0.00756	0.00234	0.00438	0.04663	0.09895	0.00725
17	0.01637	0.01491	0.04391	0.02407	0.28490	0.04087	0.02729	0.15707	0.01867	0.02516	0.04398	0.09103	0.04519	0.01053	0.00736	0.00226	0.00716	0.12518	0.00498	0.00911
18	0.02329	0.24883	0.02429	0.01449	0.01956	0.17328	0.01230	0.32579	0.02299	0.05518	0.01324	0.01390	0.01018	0.00712	0.00584	0.00178	0.00825	0.00496	0.00492	0.00979
19	0.01229	0.00829	0.01006	0.00919	0.01041	0.00850	0.00633	0.03517	0.03305	0.05905	0.05773	0.03587	0.04876	0.41264	0.06981	0.06289	0.05181	0.00865	0.00456	0.05495
20	0.01753	0.12805	0.31756	0.02078	0.12052	0.08253	0.05167	0.12605	0.01736	0.02331	0.01223	0.01435	0.00936	0.00662	0.00656	0.00198	0.02498	0.00518	0.00359	0.00978
21	0.01729	0.18037	0.04867	0.01781	0.13385	0.17368	0.01284	0.05275	0.04429	0.01941	0.01869	0.02066	0.09039	0.01159	0.06935	0.00261	0.03662	0.00608	0.00390	0.03913
22	0.01069	0.00781	0.01050	0.01172	0.01330	0.00782	0.00991	0.01438	0.05185	0.02050	0.07237	0.13700	0.06553	0.01797	0.00895	0.00293	0.00565	0.51851	0.00628	0.00633
23	0.02094	0.17051	0.19313	0.01664	0.02208	0.43036	0.01553	0.02420	0.01684	0.01747	0.01058	0.01235	0.00860	0.00656	0.00580	0.00177	0.01065	0.00434	0.00320	0.00845
24	0.01201	0.00960	0.01278	0.01186	0.01346	0.04764	0.03698	0.03079	0.01209	0.04146	0.01766	0.02655	0.01654	0.12884	0.51033	0.00859	0.04533	0.00728	0.00385	0.00636
25	0.00974	0.00658	0.00768	0.00768	0.00780	0.00670	0.00451	0.00999	0.00986	0.01328	0.02081	0.04210	0.02361	0.69054	0.10673	0.00695	0.00769	0.00949	0.00402	0.00426
26	0.00831	0.00604	0.00771	0.00888	0.00952	0.00558	0.00597	0.00958	0.01327	0.01751	0.07542	0.59895	0.12242	0.06484	0.00999	0.00287	0.00395	0.01758	0.00616	0.00544
27	0.01852	0.01926	0.15413	0.01687	0.07102	0.03318	0.01435	0.15292	0.32548	0.07168	0.03839	0.02090	0.01638	0.00818	0.00671	0.00215	0.00690	0.00667	0.00581	0.01051
28	0.01564	0.01621	0.06786	0.11626	0.57691	0.01537	0.02004	0.01979	0.01491	0.02116	0.01352	0.04728	0.01171	0.00670	0.00671	0.00206	0.00803	0.00646	0.00337	0.01002
29	0.00965	0.00652	0.00729	0.00729	0.00742	0.00645	0.00413	0.00975	0.01009	0.01332	0.02396	0.04515	0.06618	0.71928	0.03258	0.00625	0.00632	0.01002	0.00420	0.00416
30	0.07358	0.01601	0.02523	0.10083	0.35735	0.05457	0.13800	0.02137	0.06545	0.02237	0.04964	0.01867	0.01345	0.00668	0.00674	0.00208	0.00824	0.00649	0.00383	0.00942

[dist]
# distance from previous block
# <min> <max>
0	1

[block]
# block no. 8 follows, 32 sequences, length 121
# corresponding to MSA columns:
# 384-504
name=unknown_I
#
# <colnr> <probs for GDERKNQSTAVLIFYWHMCP>
#	G	D	E	R	K	N	Q	S	T	A	V	L	I	F	Y	W	H	M	C	P
0	0.04851	0.36757	0.12214	0.01739	0.10938	0.07342	0.03875	0.04363	0.06561	0.01991	0.01324	0.01480	0.02646	0.00654	0.00548	0.00177	0.00786	0.00490	0.00352	0.00911
1	0.00988	0.00763	0.01135	0.01118	0.01231	0.00910	0.00875	0.01222	0.01075	0.01561	0.01744	0.02568	0.01631	0.04807	0.69585	0.01033	0.06080	0.00711	0.00356	0.00607
2	0.43224	0.11322	0.03566	0.06182	0.08123	0.06611	0.01103	0.06043	0.01427	0.05476	0.01104	0.01281	0.00860	0.00642	0.00501	0.00197	0.00669	0.00434	0.00407	0.00827
3	0.00828	0.00668	0.00738	0.00764	0.00948	0.00579	0.00566	0.01012	0.01535	0.01912	0.14184	0.17804	0.50066	0.01731	0.00809	0.00235	0.00356	0.04054	0.00637	0.00573
4	0.01339	0.01156	0.01669	0.01472	0.03673	0.01190	0.12719	0.08426	0.16361	0.02291	0.05150	0.20640	0.09904	0.04482	0.06057	0.00311	0.00695	0.01113	0.00560	0.00792
5	0.01343	0.01141	0.01340	0.00989	0.01538	0.00865	0.00781	0.01626	0.01382	0.02146	0.01404	0.07694	0.01285	0.00633	0.00527	0.00114	0.00488	0.00525	0.00417	0.73763
6	0.02427	0.11597	0.02094	0.01651	0.02034	0.61363	0.01278	0.06530	0.01913	0.01786	0.01059	0.01218	0.00880	0.00685	0.00589	0.00171	0.01126	0.00434	0.00358	0.00809
7	0.01496	0.01427	0.02427	0.33642	0.43994	0.01551	0.01977	0.01915	0.01450	0.01993	0.01233	0.01714	0.00993	0.00628	0.00667	0.00209	0.00838	0.00597	0.00318	0.00930
8	0.01349	0.01941	0.22777	0.02129	0.12255	0.01406	0.16548	0.01831	0.01502	0.02144	0.13817	0.02484	0.04715	0.03818	0.00969	0.00239	0.08054	0.00764	0.00401	0.00855
9	0.02385	0.02861	0.01851	0.01664	0.02026	0.58896	0.01261	0.06738	0.12190	0.01965	0.01321	0.01425	0.01055	0.00730	0.00620	0.00183	0.01082	0.00490	0.00415	0.00841
10	0.01002	0.00745	0.01068	0.01069	0.01192	0.00845	0.00818	0.03746	0.01178	0.01669	0.02024	0.11306	0.02005	0.06524	0.60438	0.00938	0.01559	0.00862	0.00404	0.00608
11	0.01705	0.06433	0.01661	0.01364	0.01754	0.04172	0.01076	0.03434	0.64124	0.02687	0.02556	0.02366	0.01931	0.00881	0.00664	0.00220	0.00566	0.00721	0.00645	0.01039
12	0.01793	0.01518	0.01781	0.01644	0.06618	0.04433	0.05634	0.08700	0.45242	0.06319	0.05001	0.02510	0.01988	0.00891	0.00696	0.00222	0.00629	0.02730	0.00630	0.01022
13	0.00854	0.00682	0.00764	0.00744	0.00944	0.00592	0.00558	0.01081	0.01673	0.02154	0.32099	0.05896	0.46446	0.01572	0.00792	0.00221	0.00331	0.01337	0.00668	0.00592
14	0.00865	0.00674	0.00731	0.00750	0.00945	0.00576	0.00550	0.01032	0.01504	0.03802	0.08187	0.20094	0.54455	0.01744	0.00802	0.00235	0.00355	0.01486	0.00633	0.00580
15	0.01662	0.01777	0.03564	0.02585	0.03204	0.01741	0.56956	0.07642	0.06229	0.02336	0.01448	0.01825	0.01090	0.00633	0.00834	0.00227	0.04168	0.00766	0.00386	0.00927
16	0.00973	0.00660	0.00777	0.00777	0.00793	0.00675	0.00464	0.01005	0.00989	0.01335	0.02072	0.04160	0.02339	0.67012	0.12685	0.00707	0.00802	0.00942	0.00400	0.00432
17	0.00959	0.00719	0.01078	0.01078	0.01198	0.00839	0.00839	0.01198	0.01078	0.01558	0.01797	0.02636	0.01677	0.05032	0.73760	0.01078	0.01797	0.00719	0.00359	0.00599
18	0.01743	0.06665	0.05838	0.03972	0.01862	0.04568	0.01154	0.19541	0.26425	0.02802	0.06126	0.09625	0.04778	0.01002	0.00684	0.00216	0.00630	0.00823	0.00597	0.00947
19	0.01557	0.06791	0.04939	0.22304	0.38948	0.04564	0.04672	0.01959	0.01481	0.01984	0.01401	0.01796	0.03386	0.00657	0.00656	0.00203	0.00839	0.00606	0.00329	0.00927
20	0.01195	0.00987	0.01222	0.01492	0.11071	0.05590	0.00983	0.03417	0.01485	0.01968	0.03013	0.33382	0.04674	0.03431	0.00861	0.00263	0.00568	0.17914	0.05812	0.00671
21	0.40137	0.04636	0.10840	0.06169	0.03798	0.20454	0.01229	0.02164	0.01407	0.02382	0.01022	0.01224	0.00803	0.00644	0.00518	0.00198	0.00800	0.00420	0.00366	0.00789
22	0.01063	0.00835	0.01115	0.01109	0.01250	0.00871	0.03125	0.03255	0.06000	0.02028	0.10284	0.34662	0.09145	0.01771	0.03276	0.00284	0.06470	0.09227	0.03583	0.00647
23	0.04235	0.03389	0.04069	0.01409	0.04676	0.07253	0.03344	0.14638	0.10647	0.02495	0.04170	0.04514	0.04929	0.03431	0.09304	0.00303	0.00802	0.00685	0.00495	0.15211
24	0.01747	0.09601	0.09920	0.03083	0.42896	0.01678	0.06575	0.06283	0.01626	0.06261	0.01467	0.01737	0.02823	0.00651	0.00650	0.00198	0.00804	0.00601	0.00379	0.01021
25	0.01570	0.01680	0.03373	0.10150	0.22204	0.01660	0.42607	0.02065	0.01527	0.02101	0.01300	0.01756	0.01014	0.00604	0.00791	0.00221	0.03404	0.00714	0.00332	0.00927
26	0.02923	0.01155	0.01553	0.01196	0.01703	0.01017	0.00986	0.05807	0.01968	0.67657	0.04949	0.02350	0.01799	0.00848	0.00679	0.00207	0.00569	0.00690	0.00821	0.01125
27	0.01166	0.00583	0.00874	0.00874	0.00874	0.00583	0.00583	0.00874	0.00874	0.01166	0.01166	0.02040	0.01166	0.02331	0.02622	0.80478	0.00583	0.00583	0.00291	0.00291
28	0.01982	0.38365	0.10412	0.01542	0.02098	0.24017	0.06817	0.02274	0.01567	0.03819	0.01078	0.01248	0.00897	0.00623	0.00542	0.00168	0.00925	0.00440	0.00325	0.00862
29	0.01358	0.00970	0.01114	0.01034	0.01301	0.00989	0.00787	0.02137	0.24712	0.09822	0.19406	0.13947	0.17051	0.01326	0.00752	0.00228	0.00429	0.01141	0.00691	0.00804
