[name]
unknown

[dist]
# distance from previous block
# <min> <max>
8	28

[block]
# block no. 0 follows, 31 sequences, length 10
# corresponding to MSA columns:
# 33-42
name=unknown_A
#
# <colnr> <probs for GDERKNQSTAVLIFYWHMCP>
#	G	D	E	R	K	N	Q	S	T	A	V	L	I	F	Y	W	H	M	C	P
0	0.01488	0.01118	0.01544	0.25163	0.02534	0.01176	0.01215	0.07313	0.05227	0.08406	0.11625	0.10537	0.02412	0.01023	0.00712	0.00215	0.00638	0.04716	0.00535	0.12404
1	0.04752	0.01410	0.01489	0.10176	0.01956	0.10122	0.01061	0.11719	0.05378	0.08146	0.11344	0.09882	0.03927	0.01241	0.04931	0.00256	0.00729	0.00820	0.00552	0.10107
2	0.10089	0.01248	0.01512	0.13030	0.02066	0.03296	0.02920	0.11927	0.06498	0.15084	0.08439	0.08980	0.02082	0.00954	0.00668	0.00215	0.00618	0.00794	0.08705	0.00874
3	0.02014	0.01375	0.01576	0.04889	0.05915	0.06496	0.01096	0.12945	0.11874	0.20213	0.09186	0.09361	0.05647	0.01166	0.02865	0.00245	0.00663	0.00870	0.00655	0.00950
4	0.01370	0.01153	0.01892	0.59759	0.04075	0.01387	0.01735	0.01795	0.01432	0.05950	0.01641	0.02679	0.01382	0.00863	0.00721	0.00239	0.00853	0.09926	0.00382	0.00766
5	0.08484	0.01439	0.01786	0.01619	0.05413	0.08177	0.10643	0.06593	0.12030	0.06227	0.06174	0.20610	0.02386	0.01149	0.00796	0.00234	0.03849	0.01003	0.00550	0.00841
6	0.07435	0.00704	0.00772	0.00804	0.00884	0.00694	0.00514	0.01065	0.01174	0.01655	0.03186	0.22948	0.13115	0.39629	0.02158	0.00462	0.00536	0.01257	0.00505	0.00502
7	0.12715	0.01523	0.01699	0.01364	0.01803	0.01678	0.01119	0.29488	0.08527	0.19061	0.01851	0.01842	0.01316	0.00849	0.00797	0.00217	0.07989	0.00614	0.04514	0.01034
8	0.01813	0.01447	0.01891	0.05163	0.07740	0.01565	0.07422	0.13074	0.30560	0.08234	0.02483	0.05234	0.05218	0.01094	0.03674	0.00261	0.00710	0.00801	0.00608	0.01007
9	0.07630	0.01439	0.01596	0.11439	0.02146	0.01664	0.01168	0.11790	0.43328	0.02898	0.02252	0.02225	0.01686	0.00852	0.00661	0.00223	0.00608	0.00693	0.04700	0.01000

[dist]
# distance from previous block
# <min> <max>
0	1

[block]
# block no. 1 follows, 31 sequences, length 26
# corresponding to MSA columns:
# 44-69
name=unknown_B
#
# <colnr> <probs for GDERKNQSTAVLIFYWHMCP>
#	G	D	E	R	K	N	Q	S	T	A	V	L	I	F	Y	W	H	M	C	P
0	0.03926	0.01078	0.01455	0.21855	0.02309	0.01120	0.01099	0.05359	0.04257	0.12494	0.11035	0.07431	0.02262	0.10565	0.01044	0.00266	0.00637	0.00815	0.00530	0.10465
1	0.08023	0.01039	0.01124	0.00983	0.01300	0.04654	0.00769	0.01950	0.04387	0.18146	0.22059	0.03756	0.16402	0.01283	0.03269	0.00239	0.00520	0.00937	0.04799	0.04358
2	0.01794	0.01640	0.02006	0.33552	0.08353	0.09135	0.01569	0.17508	0.06955	0.02484	0.01418	0.01732	0.01074	0.00716	0.00663	0.00206	0.00842	0.00588	0.00436	0.07331
3	0.01781	0.01417	0.01834	0.22978	0.02674	0.09585	0.06634	0.04184	0.05907	0.14210	0.01818	0.05341	0.01442	0.01366	0.09812	0.00328	0.02553	0.00706	0.04585	0.00845
4	0.02288	0.30184	0.02545	0.01545	0.01983	0.47246	0.01266	0.02480	0.01737	0.01651	0.01018	0.01184	0.00880	0.00661	0.00551	0.00165	0.01049	0.00413	0.00330	0.00824
5	0.01326	0.00758	0.01007	0.00953	0.01150	0.00688	0.00710	0.01581	0.01765	0.15530	0.39530	0.24262	0.05020	0.01503	0.00803	0.00232	0.00392	0.01332	0.00738	0.00718
6	0.00883	0.00680	0.00812	0.00844	0.01005	0.00608	0.00627	0.01099	0.01614	0.02103	0.24905	0.21984	0.31965	0.01740	0.00833	0.00243	0.00372	0.06415	0.00670	0.00596
7	0.01621	0.01828	0.03935	0.02990	0.09090	0.01722	0.63771	0.02184	0.01610	0.02195	0.01376	0.01833	0.01042	0.00579	0.00797	0.00228	0.01126	0.00791	0.00345	0.00936
8	0.04855	0.63953	0.12445	0.01262	0.01896	0.02516	0.01331	0.02062	0.01388	0.01739	0.00987	0.01143	0.00871	0.00596	0.00466	0.00158	0.00760	0.00384	0.00297	0.00890
9	0.00842	0.00602	0.00801	0.00947	0.00994	0.00561	0.00636	0.00974	0.01349	0.01809	0.08011	0.71091	0.04646	0.02097	0.00869	0.00274	0.00392	0.01900	0.00642	0.00561
10	0.00977	0.00733	0.01100	0.01100	0.01222	0.00855	0.00855	0.01222	0.01100	0.01588	0.01833	0.02688	0.01710	0.05131	0.73245	0.01100	0.01833	0.00733	0.00367	0.00611
11	0.00834	0.00595	0.00794	0.00953	0.00992	0.00556	0.00635	0.00953	0.01310	0.01746	0.03771	0.75510	0.04525	0.02143	0.00873	0.00278	0.00397	0.01945	0.00635	0.00556
12	0.01537	0.01466	0.02494	0.31532	0.45579	0.01584	0.02022	0.01963	0.01484	0.02045	0.01259	0.01744	0.01017	0.00639	0.00680	0.00213	0.00851	0.00609	0.00325	0.00957
13	0.01372	0.03539	0.72412	0.01950	0.02961	0.01589	0.02528	0.02167	0.01444	0.02167	0.01228	0.01444	0.00867	0.00650	0.00650	0.00217	0.01011	0.00506	0.00289	0.01011
14	0.00831	0.00605	0.00783	0.00926	0.00985	0.00558	0.00623	0.00956	0.01336	0.01757	0.04098	0.68370	0.11454	0.02101	0.00867	0.00273	0.00392	0.01893	0.00635	0.00558
15	0.08081	0.01618	0.02496	0.13476	0.53639	0.04826	0.01927	0.02073	0.01517	0.02210	0.01240	0.01643	0.01023	0.00626	0.00655	0.00206	0.00822	0.00582	0.00341	0.00998
16	0.02499	0.04355	0.07782	0.01641	0.02150	0.29810	0.01384	0.31071	0.02430	0.08255	0.01444	0.01506	0.01062	0.00758	0.00649	0.00194	0.00948	0.00538	0.00525	0.00999
17	0.01323	0.00919	0.01122	0.01056	0.01292	0.00928	0.00814	0.01996	0.18036	0.08799	0.34895	0.11848	0.06162	0.01364	0.00788	0.00234	0.00431	0.06489	0.00723	0.00783
18	0.01752	0.01775	0.02625	0.07313	0.50911	0.09208	0.05409	0.02215	0.05170	0.02158	0.01327	0.01697	0.01096	0.00661	0.00740	0.00208	0.03753	0.00610	0.00356	0.01015
19	0.01305	0.01193	0.01259	0.01183	0.01379	0.11605	0.04355	0.05681	0.01643	0.02104	0.16126	0.33814	0.03670	0.07030	0.00985	0.00265	0.00593	0.01305	0.00578	0.03926
20	0.09689	0.10955	0.02285	0.01785	0.08523	0.05836	0.13000	0.05639	0.07299	0.16085	0.07548	0.02284	0.01773	0.00810	0.00667	0.00210	0.00741	0.03393	0.00535	0.00943
21	0.01624	0.01278	0.01624	0.01507	0.08942	0.01202	0.01081	0.10612	0.01671	0.06480	0.01767	0.09209	0.01629	0.00896	0.00767	0.00181	0.06581	0.05586	0.00491	0.36871
22	0.05582	0.08314	0.01345	0.01025	0.01342	0.01130	0.00824	0.07558	0.06595	0.07459	0.08213	0.09565	0.19971	0.05972	0.00893	0.00248	0.00519	0.07458	0.00595	0.05392
23	0.06508	0.01557	0.01686	0.05250	0.01989	0.07356	0.03937	0.14631	0.27864	0.07162	0.02323	0.06448	0.01925	0.00999	0.00709	0.00230	0.00682	0.07166	0.00615	0.00964
24	0.02058	0.05914	0.01589	0.01213	0.01637	0.01245	0.00980	0.12644	0.08521	0.24837	0.02477	0.15566	0.02136	0.01077	0.00695	0.00211	0.00572	0.04296	0.00663	0.11668
25	0.02078	0.08589	0.04937	0.02554	0.21409	0.01621	0.21334	0.05977	0.01747	0.20432	0.01668	0.01837	0.01207	0.00672	0.00696	0.00209	0.00848	0.00662	0.00485	0.01040

[dist]
# distance from previous block
# <min> <max>
2	7

[block]
# block no. 2 follows, 31 sequences, length 22
# corresponding to MSA columns:
# 77-98
name=unknown_C
#
# <colnr> <probs for GDERKNQSTAVLIFYWHMCP>
#	G	D	E	R	K	N	Q	S	T	A	V	L	I	F	Y	W	H	M	C	P
0	0.01724	0.02198	0.26442	0.02227	0.15863	0.05771	0.09092	0.02207	0.01577	0.12971	0.01820	0.11719	0.01554	0.00871	0.00707	0.00221	0.00852	0.00778	0.00442	0.00964
1	0.48579	0.07178	0.16706	0.01185	0.01759	0.01567	0.01190	0.02207	0.01337	0.11087	0.01222	0.01329	0.00893	0.00660	0.00505	0.00208	0.00654	0.00438	0.00436	0.00860
2	0.02650	0.02551	0.01915	0.01623	0.02059	0.41829	0.01266	0.21538	0.02300	0.13574	0.01482	0.01522	0.01089	0.00760	0.00647	0.00190	0.00996	0.00529	0.00524	0.00956
3	0.01092	0.00729	0.00943	0.00873	0.01062	0.00664	0.00660	0.01402	0.01914	0.07123	0.62787	0.05028	0.10341	0.01385	0.00799	0.00216	0.00341	0.01215	0.00751	0.00674
4	0.01407	0.01308	0.02125	0.11524	0.43961	0.01320	0.01649	0.01755	0.01530	0.02098	0.05282	0.08946	0.12300	0.00954	0.00720	0.00217	0.00697	0.00878	0.00423	0.00905
5	0.01566	0.06597	0.11494	0.01898	0.06678	0.01447	0.20690	0.05037	0.01566	0.02266	0.01272	0.01550	0.01004	0.00571	0.00625	0.00167	0.00800	0.00553	0.00375	0.33844
6	0.01171	0.00600	0.00879	0.00879	0.00879	0.00600	0.00578	0.00900	0.00900	0.01200	0.01273	0.02290	0.01302	0.08842	0.02745	0.73115	0.00600	0.00629	0.00307	0.00307
7	0.01960	0.01644	0.03211	0.01637	0.07783	0.09046	0.01214	0.18431	0.15388	0.09019	0.15487	0.02507	0.02367	0.00951	0.00815	0.00217	0.05990	0.00752	0.00614	0.00968
8	0.02075	0.05368	0.19388	0.01440	0.02063	0.12614	0.01395	0.02505	0.03517	0.22429	0.01730	0.03823	0.01278	0.00735	0.00625	0.00185	0.00777	0.00571	0.00506	0.16976
9	0.01368	0.01163	0.01365	0.01008	0.01567	0.00881	0.00796	0.01656	0.01409	0.02188	0.01436	0.07791	0.01315	0.00647	0.00538	0.00117	0.00497	0.00538	0.00425	0.73294
10	0.10377	0.01409	0.01710	0.01721	0.12899	0.03776	0.02624	0.11439	0.12758	0.18062	0.09674	0.02553	0.06229	0.00899	0.00679	0.00213	0.00622	0.00745	0.00625	0.00985
11	0.01928	0.01454	0.02332	0.14104	0.41947	0.01481	0.01769	0.02409	0.06018	0.17226	0.01675	0.01905	0.01253	0.00692	0.00682	0.00211	0.00761	0.00637	0.00465	0.01051
12	0.01419	0.01216	0.01419	0.01013	0.01621	0.00912	0.00811	0.01723	0.01419	0.02229	0.01216	0.01419	0.01013	0.00507	0.00507	0.00101	0.00507	0.00405	0.00405	0.80139
13	0.01917	0.01621	0.02285	0.02514	0.26571	0.04494	0.08900	0.13836	0.12667	0.08602	0.02189	0.02292	0.07342	0.00813	0.00705	0.00213	0.00755	0.00730	0.00524	0.01031
14	0.01401	0.00916	0.01243	0.01286	0.07187	0.00857	0.02466	0.01756	0.05625	0.14210	0.19847	0.15676	0.17721	0.01409	0.00789	0.00234	0.00477	0.05455	0.00671	0.00774
15	0.01419	0.01216	0.01419	0.01013	0.01621	0.00912	0.00811	0.01723	0.01419	0.02229	0.01216	0.01419	0.01013	0.00507	0.00507	0.00101	0.00507	0.00405	0.00405	0.80139
16	0.01885	0.06495	0.29350	0.01729	0.02417	0.07804	0.07031	0.11630	0.09365	0.09923	0.04564	0.01837	0.01381	0.00752	0.00669	0.00210	0.00865	0.00611	0.00476	0.01008
17	0.01087	0.00956	0.05317	0.01021	0.01199	0.00834	0.00781	0.06159	0.05934	0.02048	0.09015	0.36844	0.09462	0.14581	0.01276	0.00324	0.00505	0.01419	0.00593	0.00646
18	0.08980	0.06103	0.52794	0.01679	0.02483	0.01492	0.02039	0.01982	0.01397	0.02172	0.01534	0.11456	0.01352	0.00849	0.00649	0.00221	0.00869	0.00682	0.00349	0.00917
19	0.24327	0.00997	0.01080	0.01010	0.01302	0.01020	0.00772	0.01973	0.06423	0.17122	0.06925	0.26593	0.05274	0.01289	0.00686	0.00236	0.00478	0.01082	0.00631	0.00781
20	0.07027	0.01857	0.07818	0.02273	0.08638	0.04044	0.29423	0.10400	0.08944	0.10203	0.01645	0.01838	0.01201	0.00688	0.00715	0.00219	0.00903	0.00689	0.00477	0.00998
21	0.33433	0.11023	0.02029	0.05844	0.02040	0.01711	0.11344	0.11722	0.01659	0.05838	0.06269	0.01682	0.01327	0.00714	0.00576	0.00207	0.00693	0.00562	0.00467	0.00860

[dist]
# distance from previous block
# <min> <max>
1	4

[block]
# block no. 3 follows, 31 sequences, length 17
# corresponding to MSA columns:
# 103-119
name=unknown_D
#
# <colnr> <probs for GDERKNQSTAVLIFYWHMCP>
#	G	D	E	R	K	N	Q	S	T	A	V	L	I	F	Y	W	H	M	C	P
0	0.02228	0.12671	0.09109	0.01328	0.01846	0.03523	0.03352	0.06850	0.03849	0.32737	0.02469	0.09668	0.05461	0.00956	0.00674	0.00210	0.00664	0.00785	0.00628	0.00991
1	0.00858	0.00620	0.00815	0.00954	0.01020	0.00578	0.00662	0.01004	0.01375	0.01823	0.07225	0.62807	0.08870	0.02063	0.00871	0.00274	0.00407	0.06565	0.00640	0.00567
2	0.01778	0.12127	0.06396	0.03124	0.36617	0.09959	0.16010	0.02187	0.01585	0.02074	0.01233	0.01580	0.01013	0.00612	0.00664	0.00199	0.00931	0.00594	0.00333	0.00985
3	0.02460	0.16253	0.06350	0.01609	0.05429	0.01591	0.08573	0.09324	0.01885	0.36735	0.01958	0.01886	0.01334	0.00741	0.00649	0.00200	0.00725	0.00616	0.00612	0.01069
4	0.00977	0.00733	0.01100	0.01100	0.01222	0.00855	0.00855	0.01222	0.01100	0.01588	0.01833	0.02688	0.01710	0.05131	0.73245	0.01100	0.01833	0.00733	0.00367	0.00611
5	0.01834	0.01332	0.03972	0.07278	0.13842	0.01276	0.03519	0.09373	0.08818	0.17818	0.09700	0.03055	0.13228	0.00983	0.00721	0.00217	0.00629	0.00845	0.00609	0.00952
6	0.02014	0.22859	0.15836	0.01872	0.07308	0.15945	0.08596	0.09053	0.01764	0.06796	0.01278	0.01446	0.00991	0.00663	0.00610	0.00188	0.00924	0.00517	0.00389	0.00953
7	0.01637	0.05196	0.32035	0.02177	0.02958	0.01747	0.26401	0.09701	0.06928	0.02445	0.01438	0.01683	0.01054	0.00661	0.00707	0.00219	0.00989	0.00642	0.00384	0.00997
8	0.04306	0.13359	0.10057	0.01946	0.15998	0.12471	0.01433	0.06491	0.03621	0.04656	0.01369	0.03953	0.01144	0.00689	0.00596	0.00177	0.00786	0.00541	0.00404	0.16004
9	0.00945	0.00698	0.00882	0.00836	0.01008	0.00635	0.00627	0.01245	0.01881	0.02611	0.61816	0.05328	0.16050	0.01448	0.00807	0.00218	0.00326	0.01268	0.00736	0.00635
10	0.01474	0.08719	0.54992	0.01915	0.02807	0.01677	0.08000	0.05735	0.01545	0.02227	0.01334	0.04115	0.01029	0.00701	0.00657	0.00214	0.00966	0.00578	0.00328	0.00985
11	0.01534	0.01294	0.01403	0.01271	0.01606	0.01461	0.00983	0.03100	0.54815	0.02835	0.18428	0.03136	0.03085	0.01036	0.00721	0.00228	0.00492	0.00879	0.00709	0.00983
12	0.01714	0.01146	0.01476	0.01520	0.09554	0.01164	0.01052	0.10335	0.13011	0.14558	0.16182	0.15498	0.03185	0.01225	0.00759	0.00232	0.00543	0.05268	0.00676	0.00902
13	0.12921	0.01712	0.10398	0.02066	0.14554	0.01559	0.09959	0.09037	0.07281	0.09276	0.03675	0.06223	0.01500	0.00839	0.00782	0.00224	0.05846	0.00707	0.00486	0.00955
14	0.06863	0.08078	0.17687	0.01381	0.01953	0.05326	0.01336	0.04772	0.14977	0.13361	0.08401	0.02089	0.01782	0.00795	0.00634	0.00199	0.00689	0.00626	0.00536	0.08516
15	0.04328	0.01664	0.11514	0.01859	0.10298	0.01394	0.10263	0.07406	0.12136	0.12858	0.11629	0.02454	0.03632	0.00841	0.00700	0.00212	0.00702	0.00747	0.00558	0.04804
16	0.02086	0.01865	0.14674	0.01825	0.10288	0.05710	0.03566	0.07536	0.13199	0.22432	0.05616	0.02331	0.01752	0.00843	0.00695	0.00217	0.00738	0.02997	0.00591	0.01038

[dist]
# distance from previous block
# <min> <max>
1	8

[block]
# block no. 4 follows, 31 sequences, length 20
# corresponding to MSA columns:
# 128-147
name=unknown_E
#
# <colnr> <probs for GDERKNQSTAVLIFYWHMCP>
#	G	D	E	R	K	N	Q	S	T	A	V	L	I	F	Y	W	H	M	C	P
0	0.02059	0.01853	0.17027	0.01536	0.02140	0.01420	0.06413	0.13794	0.10461	0.21397	0.07897	0.02193	0.01790	0.00815	0.00687	0.00209	0.00713	0.00684	0.00606	0.06305
1	0.02205	0.11219	0.12985	0.01825	0.06787	0.03985	0.11540	0.08782	0.06279	0.24829	0.01826	0.01844	0.01280	0.00727	0.00666	0.00206	0.00800	0.00624	0.00545	0.01047
2	0.04024	0.12234	0.30752	0.01728	0.02433	0.05581	0.09937	0.05227	0.05082	0.08634	0.06629	0.01843	0.01450	0.00730	0.00652	0.00206	0.00865	0.00606	0.00427	0.00960
3	0.02137	0.06453	0.10241	0.01273	0.01810	0.06724	0.01150	0.02546	0.04868	0.30015	0.10987	0.02281	0.02005	0.00815	0.00648	0.00189	0.00646	0.00655	0.00614	0.13943
4	0.01359	0.01776	0.23893	0.01388	0.01908	0.01118	0.06360	0.01905	0.06184	0.08600	0.17446	0.03495	0.14547	0.05911	0.00913	0.00249	0.00667	0.00912	0.00538	0.00832
5	0.01658	0.10242	0.51406	0.01843	0.02714	0.05221	0.05837	0.02302	0.01525	0.09089	0.01348	0.01511	0.00961	0.00662	0.00640	0.00208	0.00960	0.00524	0.00351	0.00998
6	0.18100	0.09022	0.43246	0.01778	0.02591	0.01689	0.10200	0.02127	0.01402	0.02312	0.01166	0.01394	0.00862	0.00632	0.00604	0.00211	0.00904	0.00502	0.00324	0.00932
7	0.01829	0.76368	0.03585	0.01171	0.01756	0.02707	0.01171	0.02049	0.01390	0.01610	0.00951	0.01097	0.00878	0.00585	0.00439	0.00146	0.00732	0.00366	0.00293	0.00878
8	0.01188	0.00594	0.00891	0.00891	0.00891	0.00594	0.00594	0.00891	0.00891	0.01188	0.01188	0.02080	0.01188	0.02377	0.02674	0.80095	0.00594	0.00594	0.00297	0.00297
9	0.00834	0.00595	0.00794	0.00953	0.00992	0.00556	0.00635	0.00953	0.01310	0.01746	0.03771	0.75510	0.04525	0.02143	0.00873	0.00278	0.00397	0.01945	0.00635	0.00556
10	0.00968	0.00699	0.00914	0.00861	0.01022	0.00646	0.00646	0.01291	0.01937	0.02743	0.71328	0.05110	0.06455	0.01399	0.00807	0.00215	0.00323	0.01237	0.00753	0.00646
11	0.00827	0.00621	0.00768	0.00885	0.00975	0.00561	0.00605	0.00960	0.01375	0.01773	0.04595	0.57539	0.21964	0.02036	0.00856	0.00266	0.00384	0.01814	0.00635	0.00561
12	0.06873	0.39215	0.33813	0.01497	0.02259	0.02135	0.01741	0.02098	0.01399	0.01953	0.01073	0.01252	0.00864	0.00617	0.00531	0.00182	0.00842	0.00428	0.00300	0.00928
13	0.04436	0.42414	0.26216	0.01472	0.02177	0.06848	0.01621	0.04351	0.01496	0.01938	0.01073	0.01240	0.00879	0.00624	0.00528	0.00176	0.00851	0.00426	0.00313	0.00921
14	0.03959	0.03630	0.08920	0.01145	0.01571	0.01023	0.01022	0.02203	0.06168	0.25055	0.13797	0.07637	0.12753	0.01146	0.00723	0.00220	0.00543	0.04227	0.00665	0.03591
15	0.01404	0.02687	0.47033	0.06578	0.02739	0.01409	0.05748	0.02048	0.01511	0.04593	0.08046	0.01873	0.01462	0.00712	0.00662	0.00206	0.00877	0.00595	0.00369	0.09449
16	0.05867	0.19015	0.49897	0.01775	0.02645	0.01835	0.05789	0.02134	0.01427	0.02098	0.01162	0.01373	0.00872	0.00631	0.00601	0.00202	0.00932	0.00485	0.00300	0.00963
17	0.05779	0.33288	0.17331	0.01585	0.04527	0.02118	0.05193	0.10326	0.07489	0.04443	0.01335	0.01458	0.01046	0.00667	0.00569	0.00187	0.00787	0.00502	0.00401	0.00969
18	0.01924	0.10079	0.08306	0.01744	0.09664	0.03489	0.01370	0.13076	0.19960	0.09881	0.02116	0.02132	0.05243	0.00866	0.00793	0.00216	0.06921	0.00667	0.00544	0.01012
19	0.01968	0.03742	0.11967	0.01727	0.02134	0.01718	0.07928	0.06487	0.04990	0.19479	0.01578	0.01780	0.01180	0.00922	0.01278	0.00246	0.28811	0.00631	0.00481	0.00951

[dist]
# distance from previous block
# <min> <max>
0	6

# created by:
# /home/berkeley/.conda/envs/busco_data_prod/bin/msa2prfl.pl pipeline/OGs_align_augustus/4893/41180.fs
