[name]
unknown

[dist]
# distance from previous block
# <min> <max>
0	6

[block]
# block no. 0 follows, 32 sequences, length 21
# corresponding to MSA columns:
# 6-26
name=unknown_A
#
# <colnr> <probs for GDERKNQSTAVLIFYWHMCP>
#	G	D	E	R	K	N	Q	S	T	A	V	L	I	F	Y	W	H	M	C	P
0	0.02256	0.01697	0.01796	0.01471	0.01926	0.05029	0.01208	0.45820	0.11764	0.06856	0.02043	0.02545	0.01639	0.00956	0.00704	0.00218	0.00708	0.09659	0.00658	0.01044
1	0.02028	0.01485	0.01515	0.01311	0.01688	0.10106	0.01037	0.09731	0.26039	0.18605	0.10315	0.02719	0.02278	0.01125	0.03814	0.00252	0.00677	0.03647	0.00664	0.00966
2	0.09303	0.01529	0.01776	0.10094	0.05124	0.01681	0.01235	0.33636	0.10389	0.11803	0.01848	0.05488	0.01406	0.00845	0.00659	0.00212	0.00677	0.00673	0.00609	0.01015
3	0.01644	0.01631	0.05029	0.02312	0.25226	0.11784	0.05906	0.02022	0.03562	0.07031	0.15091	0.04423	0.06221	0.00909	0.00770	0.00209	0.04091	0.00788	0.00476	0.00876
4	0.01432	0.01141	0.01432	0.01100	0.01587	0.00969	0.03740	0.04141	0.04453	0.06077	0.04121	0.02145	0.06503	0.01195	0.09167	0.00248	0.00673	0.00590	0.00464	0.48821
5	0.01304	0.01265	0.02241	0.66355	0.04490	0.01515	0.09840	0.01765	0.01370	0.01765	0.01212	0.01791	0.00909	0.00658	0.00685	0.00224	0.00922	0.00619	0.00303	0.00764
6	0.01703	0.01183	0.01423	0.01032	0.01614	0.00912	0.00832	0.01993	0.01493	0.15744	0.01472	0.01563	0.01122	0.00561	0.00531	0.00120	0.00511	0.00451	0.00481	0.65258
7	0.01819	0.01541	0.02587	0.03775	0.63953	0.01523	0.01933	0.02201	0.01574	0.10471	0.01425	0.01734	0.01133	0.00625	0.00666	0.00200	0.00771	0.00607	0.00391	0.01072
8	0.01527	0.01273	0.01464	0.01058	0.01648	0.01034	0.00851	0.09710	0.01598	0.02426	0.01242	0.01417	0.01011	0.00533	0.00517	0.00111	0.00525	0.00422	0.00430	0.71200
9	0.01166	0.00583	0.00874	0.00874	0.00874	0.00583	0.00583	0.00874	0.00874	0.01166	0.01166	0.02040	0.01166	0.02331	0.02622	0.80478	0.00583	0.00583	0.00291	0.00291
10	0.10737	0.03077	0.58718	0.01868	0.02766	0.01564	0.07910	0.02109	0.01398	0.02231	0.01185	0.01411	0.00850	0.00630	0.00624	0.00213	0.00948	0.00505	0.00304	0.00953
11	0.17788	0.01466	0.01771	0.01460	0.01890	0.03106	0.10617	0.12393	0.24470	0.06678	0.04364	0.04597	0.01761	0.00876	0.00661	0.00222	0.00652	0.03720	0.00577	0.00931
12	0.03474	0.01821	0.02439	0.06611	0.10574	0.12026	0.18018	0.13133	0.06310	0.07612	0.01465	0.01695	0.01111	0.00714	0.00783	0.00208	0.06012	0.00623	0.00449	0.04921
13	0.10999	0.01773	0.01718	0.01419	0.01852	0.19647	0.06641	0.06756	0.08979	0.15453	0.04564	0.05512	0.01563	0.00806	0.00633	0.00194	0.00752	0.00645	0.00534	0.09560
14	0.12249	0.01298	0.03745	0.01164	0.01604	0.01217	0.00977	0.13143	0.01724	0.11413	0.04919	0.05413	0.03745	0.00996	0.02561	0.00213	0.04320	0.05270	0.00536	0.23493
15	0.13495	0.17465	0.05348	0.01221	0.01599	0.07693	0.02920	0.06733	0.06710	0.04124	0.04415	0.21432	0.02121	0.01078	0.00632	0.00210	0.00637	0.00884	0.00489	0.00792
16	0.01903	0.27945	0.09971	0.01493	0.05399	0.05492	0.01312	0.17413	0.07079	0.05360	0.01674	0.01807	0.04697	0.02987	0.00707	0.00200	0.02604	0.00565	0.00452	0.00939
17	0.03725	0.07451	0.14521	0.01414	0.01913	0.17861	0.01290	0.10013	0.04691	0.08620	0.03324	0.10330	0.03255	0.00892	0.00639	0.00195	0.00780	0.00701	0.00479	0.07904
18	0.06325	0.12688	0.08042	0.01461	0.01983	0.09146	0.08354	0.12980	0.06109	0.07802	0.03728	0.04466	0.04545	0.00789	0.00624	0.00190	0.00743	0.00641	0.00483	0.08901
19	0.06266	0.03912	0.08298	0.02657	0.01753	0.05767	0.07831	0.09314	0.07985	0.02449	0.20122	0.05032	0.04673	0.09834	0.01016	0.00262	0.00660	0.00854	0.00532	0.00782
20	0.06222	0.04872	0.07755	0.06335	0.02096	0.05095	0.04297	0.16844	0.08947	0.14569	0.02078	0.02089	0.06482	0.00797	0.00640	0.00197	0.00696	0.00639	0.00550	0.08802

[dist]
# distance from previous block
# <min> <max>
1	39

[block]
# block no. 1 follows, 32 sequences, length 24
# corresponding to MSA columns:
# 66-89
name=unknown_B
#
# <colnr> <probs for GDERKNQSTAVLIFYWHMCP>
#	G	D	E	R	K	N	Q	S	T	A	V	L	I	F	Y	W	H	M	C	P
0	0.06614	0.07173	0.09822	0.04516	0.02096	0.06230	0.06559	0.15355	0.06525	0.02424	0.01571	0.05901	0.02534	0.01053	0.03990	0.00255	0.12714	0.00658	0.00439	0.03572
1	0.10185	0.06741	0.09782	0.05162	0.03635	0.14952	0.03043	0.14285	0.01860	0.07534	0.05760	0.02021	0.01478	0.00789	0.00626	0.00196	0.00788	0.04361	0.00475	0.06326
2	0.07866	0.04693	0.17258	0.04466	0.02228	0.07045	0.10534	0.09509	0.03440	0.05253	0.07641	0.01990	0.01557	0.01298	0.10177	0.00318	0.00953	0.00635	0.00435	0.02703
3	0.13066	0.17209	0.13853	0.02991	0.04310	0.11011	0.05263	0.11855	0.04932	0.05837	0.01299	0.01433	0.00993	0.00667	0.00576	0.00190	0.00809	0.00497	0.00418	0.02791
4	0.08704	0.04862	0.07565	0.01528	0.01988	0.15688	0.05134	0.21231	0.04000	0.05023	0.01617	0.05083	0.03355	0.00836	0.00752	0.00203	0.06429	0.00624	0.00482	0.04896
5	0.01951	0.14020	0.04956	0.03541	0.01940	0.01509	0.04932	0.13397	0.04899	0.16150	0.04118	0.01889	0.03191	0.00720	0.00603	0.00173	0.00647	0.00581	0.00527	0.20258
6	0.01418	0.01367	0.03782	0.01211	0.01733	0.05113	0.05043	0.01724	0.01421	0.02093	0.01451	0.06187	0.01329	0.00706	0.00631	0.00143	0.03345	0.03895	0.00408	0.57001
7	0.01681	0.19971	0.32072	0.05962	0.02434	0.01880	0.01749	0.15347	0.05244	0.02440	0.04202	0.01600	0.01197	0.00701	0.00606	0.00196	0.00821	0.00534	0.00399	0.00964
8	0.01074	0.00714	0.00900	0.00897	0.01075	0.00632	0.00650	0.01272	0.01536	0.08130	0.20410	0.35887	0.15602	0.01640	0.00790	0.00233	0.00387	0.01449	0.00653	0.06070
9	0.01349	0.05656	0.01447	0.00992	0.01522	0.00960	0.00795	0.01628	0.01401	0.02130	0.04242	0.07828	0.01493	0.00673	0.00535	0.00121	0.00494	0.00556	0.00424	0.65754
10	0.01845	0.01729	0.06193	0.01836	0.12462	0.08553	0.05537	0.10517	0.04809	0.08271	0.01426	0.01595	0.01100	0.00657	0.00677	0.00172	0.03919	0.00534	0.00450	0.27718
11	0.01443	0.05642	0.02094	0.39681	0.16925	0.04778	0.01643	0.01915	0.05584	0.01900	0.01393	0.05141	0.01165	0.00718	0.00648	0.00204	0.00802	0.00630	0.00353	0.07339
12	0.01426	0.05792	0.01526	0.04395	0.01713	0.05133	0.00879	0.01704	0.01408	0.02059	0.01373	0.07471	0.01255	0.00652	0.00536	0.00126	0.00560	0.00530	0.00402	0.61061
13	0.02155	0.03803	0.07320	0.01294	0.01797	0.03501	0.01122	0.12801	0.11219	0.26888	0.03982	0.06324	0.01762	0.00875	0.00659	0.00199	0.00623	0.02067	0.00639	0.10970
14	0.29067	0.05255	0.09654	0.01287	0.01766	0.08401	0.01158	0.09776	0.03992	0.14798	0.03408	0.01583	0.01179	0.00749	0.00659	0.00207	0.05153	0.00516	0.00499	0.00894
15	0.01090	0.00849	0.00931	0.01023	0.01126	0.06570	0.00727	0.01234	0.01386	0.05008	0.03463	0.53574	0.06438	0.05265	0.00949	0.00281	0.00498	0.08392	0.00600	0.00594
16	0.10614	0.05105	0.06752	0.01521	0.04511	0.23087	0.01237	0.09686	0.07828	0.07165	0.05231	0.02459	0.01701	0.00896	0.00651	0.00209	0.00809	0.09176	0.00498	0.00863
17	0.10498	0.07143	0.03949	0.01360	0.01826	0.13034	0.01122	0.25709	0.10252	0.04526	0.01535	0.01707	0.01204	0.05012	0.00756	0.00213	0.00740	0.00553	0.00519	0.08342
18	0.04228	0.19616	0.17329	0.01437	0.02006	0.18429	0.01386	0.07904	0.04482	0.02130	0.03579	0.01662	0.04120	0.00714	0.00578	0.00177	0.00829	0.00517	0.00391	0.08487
19	0.08653	0.01653	0.01676	0.01408	0.01802	0.16089	0.07592	0.12201	0.05320	0.02408	0.04021	0.08766	0.04985	0.01067	0.02731	0.00225	0.00767	0.05464	0.00493	0.12678
20	0.10098	0.19861	0.02148	0.01406	0.01812	0.19367	0.06637	0.06939	0.07495	0.02102	0.01701	0.09568	0.03577	0.01014	0.03301	0.00226	0.00830	0.00675	0.00429	0.00815
21	0.07222	0.04476	0.01598	0.01300	0.01617	0.09137	0.04413	0.10619	0.07154	0.08414	0.04899	0.02407	0.04812	0.05477	0.20082	0.00457	0.03924	0.00696	0.00492	0.00803
22	0.14179	0.09362	0.05652	0.04351	0.06845	0.16330	0.04610	0.09332	0.01650	0.02270	0.03445	0.09149	0.01484	0.04028	0.00728	0.00215	0.00780	0.00665	0.00424	0.04502
23	0.01922	0.10377	0.12863	0.01484	0.01955	0.31492	0.01313	0.07362	0.04627	0.02060	0.06650	0.01884	0.03586	0.03550	0.00716	0.00198	0.00900	0.00567	0.00412	0.06083

[dist]
# distance from previous block
# <min> <max>
57	101

[block]
# block no. 2 follows, 32 sequences, length 86
# corresponding to MSA columns:
# 208-293
name=unknown_C
#
# <colnr> <probs for GDERKNQSTAVLIFYWHMCP>
#	G	D	E	R	K	N	Q	S	T	A	V	L	I	F	Y	W	H	M	C	P
0	0.19540	0.01649	0.01409	0.01173	0.01616	0.17781	0.00922	0.04320	0.01551	0.08928	0.01416	0.03514	0.01194	0.02995	0.00637	0.00182	0.00686	0.02640	0.00452	0.27396
1	0.32687	0.01862	0.05659	0.01434	0.01932	0.11774	0.08402	0.16240	0.05554	0.02878	0.01260	0.01401	0.00955	0.00674	0.00566	0.00199	0.00752	0.00499	0.00457	0.04814
2	0.47522	0.04080	0.01409	0.05700	0.01728	0.12804	0.02642	0.07340	0.01476	0.02659	0.01442	0.01587	0.05806	0.00723	0.00517	0.00202	0.00677	0.00492	0.00426	0.00766
3	0.00855	0.00641	0.00778	0.00854	0.00964	0.00585	0.00604	0.01011	0.01410	0.01826	0.11363	0.37588	0.24216	0.08262	0.01055	0.00288	0.00405	0.06124	0.00616	0.00553
4	0.33818	0.01389	0.01348	0.01132	0.01577	0.06280	0.00916	0.02758	0.11886	0.29752	0.01869	0.01769	0.01293	0.00750	0.00568	0.00208	0.00588	0.00547	0.00610	0.00940
5	0.01520	0.12710	0.57065	0.01791	0.02672	0.06660	0.02192	0.04252	0.01497	0.02088	0.01171	0.01365	0.00861	0.00638	0.00610	0.00201	0.00964	0.00477	0.00300	0.00965
6	0.02551	0.01879	0.02014	0.01544	0.02081	0.02081	0.01275	0.69996	0.03155	0.04229	0.01611	0.01611	0.01141	0.00805	0.00671	0.00201	0.00738	0.00604	0.00671	0.01141
7	0.01669	0.01441	0.01517	0.01365	0.01745	0.01669	0.01062	0.03565	0.71021	0.02807	0.02731	0.02503	0.02048	0.00910	0.00683	0.00228	0.00531	0.00759	0.00683	0.01062
8	0.01472	0.01696	0.07940	0.18297	0.10582	0.01568	0.38793	0.01991	0.01512	0.02048	0.01456	0.02168	0.01184	0.00687	0.00752	0.00228	0.01000	0.05410	0.00345	0.00872
9	0.02896	0.01230	0.01600	0.01237	0.01751	0.01130	0.01019	0.09881	0.05609	0.62323	0.02549	0.02229	0.01630	0.00832	0.00675	0.00208	0.00585	0.00672	0.00807	0.01138
10	0.01669	0.01441	0.01517	0.01365	0.01745	0.01669	0.01062	0.03565	0.71021	0.02807	0.02731	0.02503	0.02048	0.00910	0.00683	0.00228	0.00531	0.00759	0.00683	0.01062
11	0.00976	0.00651	0.00732	0.00732	0.00732	0.00651	0.00407	0.00976	0.00976	0.01301	0.02114	0.04391	0.02439	0.76419	0.03415	0.00651	0.00651	0.00976	0.00407	0.00407
12	0.01569	0.01767	0.03723	0.02695	0.03290	0.01741	0.61300	0.02083	0.01515	0.02083	0.01298	0.01767	0.01001	0.00641	0.00967	0.00235	0.10340	0.00766	0.00334	0.00884
13	0.00818	0.00584	0.00779	0.00934	0.00973	0.00545	0.00623	0.00934	0.01285	0.01713	0.03698	0.75981	0.04438	0.02102	0.00856	0.00273	0.00389	0.01908	0.00623	0.00545
14	0.00798	0.00661	0.00699	0.00730	0.00919	0.00562	0.00532	0.00957	0.01481	0.01793	0.06190	0.20092	0.58719	0.01778	0.00805	0.00236	0.00350	0.01512	0.00623	0.00562
15	0.01346	0.03471	0.72942	0.01912	0.02904	0.01558	0.02479	0.02125	0.01417	0.02125	0.01204	0.01417	0.00850	0.00637	0.00637	0.00212	0.00992	0.00496	0.00283	0.00992
16	0.16088	0.02202	0.01801	0.01489	0.01944	0.24940	0.01188	0.36698	0.02406	0.03190	0.01310	0.01393	0.00981	0.00737	0.00606	0.00193	0.00852	0.00507	0.00523	0.00953
17	0.00860	0.00622	0.00809	0.00909	0.00988	0.00579	0.00634	0.01026	0.01424	0.01912	0.17097	0.51870	0.09088	0.04285	0.00925	0.00271	0.00392	0.05108	0.00638	0.00563
18	0.00813	0.00681	0.00707	0.00700	0.00918	0.00575	0.00525	0.01001	0.01576	0.01923	0.14990	0.06276	0.63700	0.01658	0.00793	0.00225	0.00337	0.01391	0.00638	0.00575
19	0.77125	0.01290	0.01016	0.00898	0.01319	0.01478	0.00740	0.02039	0.01182	0.06607	0.01023	0.01152	0.00775	0.00634	0.00429	0.00208	0.00522	0.00379	0.00437	0.00748
20	0.02723	0.01206	0.01549	0.01231	0.01720	0.01133	0.01002	0.03333	0.16741	0.57708	0.02665	0.02331	0.01744	0.00848	0.00676	0.00212	0.00562	0.00693	0.00799	0.01125
21	0.00908	0.00684	0.00839	0.00801	0.00977	0.00615	0.00600	0.01186	0.01801	0.02458	0.54655	0.05395	0.23700	0.01458	0.00792	0.00215	0.00323	0.01267	0.00708	0.00615
22	0.07799	0.01632	0.01553	0.01318	0.01743	0.15482	0.01041	0.03092	0.22724	0.30717	0.04385	0.02142	0.01702	0.00830	0.00649	0.00207	0.00673	0.00648	0.00660	0.01002
23	0.77101	0.01328	0.01039	0.00917	0.01338	0.01535	0.00755	0.05483	0.01246	0.03073	0.00969	0.01117	0.00748	0.00632	0.00428	0.00207	0.00530	0.00376	0.00428	0.00748
24	0.00976	0.00651	0.00732	0.00732	0.00732	0.00651	0.00407	0.00976	0.00976	0.01301	0.02114	0.04391	0.02439	0.76419	0.03415	0.00651	0.00651	0.00976	0.00407	0.00407
25	0.02996	0.01165	0.01571	0.01205	0.01724	0.01020	0.00995	0.05338	0.01959	0.70576	0.02615	0.02263	0.01645	0.00830	0.00675	0.00207	0.00576	0.00673	0.00826	0.01142
26	0.01584	0.01810	0.03959	0.02828	0.03507	0.01697	0.69796	0.02149	0.01584	0.02149	0.01357	0.01810	0.01018	0.00566	0.00792	0.00226	0.01131	0.00792	0.00339	0.00905
27	0.01081	0.00772	0.01081	0.01236	0.01390	0.00772	0.01081	0.01390	0.01545	0.02008	0.03553	0.07569	0.03862	0.01854	0.00927	0.00309	0.00618	0.67717	0.00618	0.00618
28	0.00818	0.00584	0.00779	0.00934	0.00973	0.00545	0.00623	0.00934	0.01285	0.01713	0.03698	0.75981	0.04438	0.02102	0.00856	0.00273	0.00389	0.01908	0.00623	0.00545
29	0.01346	0.03471	0.72942	0.01912	0.02904	0.01558	0.02479	0.02125	0.01417	0.02125	0.01204	0.01417	0.00850	0.00637	0.00637	0.00212	0.00992	0.00496	0.00283	0.00992
30	0.02706	0.01630	0.01859	0.01425	0.01956	0.01711	0.01178	0.47434	0.02737	0.27380	0.01961	0.01838	0.01317	0.00814	0.00672	0.00203	0.00682	0.00628	0.00725	0.01141
31	0.01899	0.01556	0.01647	0.01412	0.01832	0.01776	0.01118	0.20898	0.53314	0.03178	0.02439	0.02271	0.01812	0.00883	0.00680	0.00221	0.00585	0.00718	0.00680	0.01083
32	0.00959	0.00719	0.01078	0.01078	0.01198	0.00839	0.00839	0.01198	0.01078	0.01558	0.01797	0.02636	0.01677	0.05032	0.73760	0.01078	0.01797	0.00719	0.00359	0.00599
33	0.01048	0.00750	0.01039	0.01169	0.01317	0.00741	0.00998	0.01346	0.01570	0.02071	0.11772	0.11695	0.04196	0.01812	0.00906	0.00295	0.00567	0.55462	0.00633	0.00615
34	0.03010	0.01142	0.01557	0.01194	0.01713	0.00986	0.00986	0.03270	0.01920	0.72698	0.02647	0.02284	0.01661	0.00830	0.00675	0.00208	0.00571	0.00675	0.00830	0.01142
35	0.01669	0.01441	0.01517	0.01365	0.01745	0.01669	0.01062	0.03565	0.71021	0.02807	0.02731	0.02503	0.02048	0.00910	0.00683	0.00228	0.00531	0.00759	0.00683	0.01062
36	0.01368	0.01321	0.01864	0.01628	0.01651	0.01817	0.01345	0.01533	0.01038	0.01604	0.01061	0.01697	0.01037	0.01931	0.16235	0.00447	0.60798	0.00613	0.00307	0.00708
37	0.02508	0.03156	0.01905	0.01723	0.02075	0.71446	0.01296	0.04820	0.01941	0.01724	0.01055	0.01223	0.00873	0.00695	0.00607	0.00174	0.01195	0.00438	0.00356	0.00789
38	0.02551	0.01879	0.02014	0.01544	0.02081	0.02081	0.01275	0.69996	0.03155	0.04229	0.01611	0.01611	0.01141	0.00805	0.00671	0.00201	0.00738	0.00604	0.00671	0.01141
39	0.00976	0.00651	0.00732	0.00732	0.00732	0.00651	0.00407	0.00976	0.00976	0.01301	0.02114	0.04391	0.02439	0.76419	0.03415	0.00651	0.00651	0.00976	0.00407	0.00407
40	0.00963	0.00647	0.00744	0.00752	0.00763	0.00642	0.00434	0.00988	0.01046	0.01403	0.05830	0.09630	0.02786	0.67140	0.03094	0.00600	0.00614	0.01056	0.00439	0.00428
41	0.01796	0.01504	0.01589	0.01391	0.01793	0.01728	0.01093	0.13137	0.61243	0.03012	0.02570	0.02375	0.01918	0.00895	0.00681	0.00224	0.00561	0.00736	0.00681	0.01073
42	0.01003	0.00717	0.00992	0.01147	0.01267	0.00705	0.00946	0.01255	0.01468	0.01921	0.03596	0.27795	0.04032	0.01927	0.00906	0.00298	0.00550	0.48260	0.00619	0.00596
43	0.00858	0.00676	0.00774	0.00763	0.00950	0.00592	0.00567	0.01083	0.01662	0.02160	0.32821	0.10640	0.40876	0.01595	0.00797	0.00223	0.00334	0.01368	0.00670	0.00592
44	0.02481	0.01845	0.01974	0.01530	0.02054	0.02048	0.01258	0.64733	0.08532	0.04116	0.01700	0.01682	0.01213	0.00814	0.00672	0.00203	0.00722	0.00616	0.00672	0.01135
45	0.00954	0.00688	0.00863	0.00849	0.00982	0.00645	0.00626	0.01193	0.01642	0.02256	0.44208	0.05315	0.11829	0.16175	0.01321	0.00310	0.00417	0.08498	0.00649	0.00580
46	0.03010	0.01142	0.01557	0.01194	0.01713	0.00986	0.00986	0.03270	0.01920	0.72698	0.02647	0.02284	0.01661	0.00830	0.00675	0.00208	0.00571	0.00675	0.00830	0.01142
47	0.01346	0.03471	0.72942	0.01912	0.02904	0.01558	0.02479	0.02125	0.01417	0.02125	0.01204	0.01417	0.00850	0.00637	0.00637	0.00212	0.00992	0.00496	0.00283	0.00992
48	0.01537	0.02136	0.17488	0.02648	0.03389	0.01670	0.56595	0.02145	0.01551	0.02145	0.01327	0.01733	0.00985	0.00580	0.00762	0.00224	0.01104	0.00734	0.00328	0.00922
49	0.00947	0.00653	0.00752	0.00756	0.00796	0.00634	0.00458	0.01008	0.01156	0.01544	0.11365	0.09655	0.08373	0.56053	0.02705	0.00536	0.00566	0.01105	0.00480	0.00457
50	0.15761	0.01775	0.02049	0.03893	0.02172	0.08512	0.11589	0.25934	0.10797	0.04843	0.01519	0.01642	0.01132	0.00756	0.00720	0.00212	0.04621	0.00595	0.00521	0.00957
51	0.01498	0.01389	0.01591	0.06797	0.10625	0.12348	0.01188	0.09107	0.03318	0.01984	0.01574	0.02120	0.01371	0.02934	0.38338	0.00651	0.01370	0.00640	0.00392	0.00766
52	0.00920	0.00635	0.00845	0.00962	0.01045	0.00594	0.00686	0.01086	0.01401	0.03738	0.10408	0.56600	0.06524	0.01954	0.00852	0.00268	0.00414	0.09850	0.00639	0.00579
53	0.01632	0.01565	0.02671	0.09354	0.67226	0.01587	0.02045	0.02034	0.01514	0.02157	0.01257	0.01670	0.01050	0.00603	0.00665	0.00201	0.00804	0.00598	0.00330	0.01039
54	0.01448	0.17267	0.54929	0.01832	0.02722	0.01776	0.06954	0.02105	0.01418	0.02023	0.01163	0.01380	0.00864	0.00620	0.00609	0.00200	0.00949	0.00491	0.00288	0.00961
55	0.01056	0.00779	0.00985	0.01036	0.01207	0.00756	0.00833	0.05659	0.01663	0.02188	0.16292	0.18830	0.15900	0.01717	0.00850	0.00264	0.00483	0.28224	0.00645	0.00633
56	0.00986	0.00630	0.00833	0.00936	0.01009	0.00585	0.00634	0.01109	0.01323	0.06694	0.05194	0.64151	0.04152	0.07089	0.01017	0.00292	0.00418	0.01740	0.00625	0.00580
57	0.81159	0.01298	0.00986	0.00882	0.01298	0.01505	0.00727	0.01972	0.01142	0.03010	0.00934	0.01090	0.00727	0.00623	0.00415	0.00208	0.00519	0.00363	0.00415	0.00727
58	0.12446	0.01806	0.01884	0.01461	0.01982	0.02008	0.01206	0.61433	0.02901	0.04075	0.01526	0.01545	0.01089	0.00782	0.00639	0.00202	0.00711	0.00574	0.00639	0.01089
59	0.01218	0.00720	0.00883	0.00876	0.00971	0.00692	0.00593	0.01308	0.01217	0.10333	0.02680	0.13307	0.04634	0.46569	0.02379	0.00495	0.00596	0.09465	0.00518	0.00546
60	0.00943	0.00637	0.00742	0.00774	0.00782	0.00629	0.00451	0.00967	0.01040	0.01387	0.02443	0.19252	0.02854	0.60992	0.02884	0.00572	0.00596	0.01169	0.00451	0.00435
61	0.81159	0.01298	0.00986	0.00882	0.01298	0.01505	0.00727	0.01972	0.01142	0.03010	0.00934	0.01090	0.00727	0.00623	0.00415	0.00208	0.00519	0.00363	0.00415	0.00727
62	0.00833	0.00687	0.00735	0.00739	0.00952	0.00589	0.00565	0.01031	0.01577	0.01937	0.14762	0.06354	0.58917	0.01669	0.00802	0.00230	0.00356	0.06047	0.00637	0.00578
63	0.00976	0.00651	0.00732	0.00732	0.00732	0.00651	0.00407	0.00976	0.00976	0.01301	0.02114	0.04391	0.02439	0.76419	0.03415	0.00651	0.00651	0.00976	0.00407	0.00407
64	0.02603	0.01549	0.01563	0.01289	0.01721	0.15314	0.01017	0.03034	0.10565	0.45056	0.02305	0.02245	0.01607	0.05994	0.00850	0.00234	0.00697	0.00658	0.00688	0.01010
65	0.01073	0.00720	0.00875	0.00869	0.01058	0.00649	0.00662	0.01287	0.01588	0.08038	0.20855	0.13380	0.29024	0.06734	0.00987	0.00266	0.00418	0.10238	0.00653	0.00625
66	0.01065	0.00896	0.00979	0.01032	0.01224	0.05685	0.00846	0.01319	0.01611	0.02007	0.13454	0.06424	0.26805	0.01659	0.00842	0.00259	0.00526	0.32137	0.00617	0.00614
67	0.01715	0.01698	0.02670	0.03964	0.67702	0.06253	0.02010	0.02099	0.01552	0.02157	0.01248	0.01632	0.01050	0.00604	0.00660	0.00198	0.00824	0.00587	0.00333	0.01044
68	0.00956	0.00661	0.00816	0.00846	0.00907	0.00643	0.00569	0.01083	0.01304	0.01770	0.18838	0.16470	0.03829	0.38651	0.02114	0.00449	0.00527	0.08520	0.00542	0.00505
69	0.00862	0.00616	0.00803	0.00901	0.00958	0.00590	0.00607	0.00995	0.01302	0.01756	0.10901	0.51756	0.05908	0.12232	0.06190	0.00371	0.00512	0.01612	0.00588	0.00540
70	0.01558	0.01640	0.07391	0.18485	0.53596	0.01571	0.02048	0.01993	0.01482	0.02089	0.01244	0.01670	0.01014	0.00616	0.00664	0.00205	0.00830	0.00591	0.00322	0.00993
71	0.01542	0.01473	0.02509	0.25478	0.51803	0.01563	0.02000	0.01955	0.01472	0.02048	0.01241	0.01699	0.01012	0.00620	0.00666	0.00207	0.00827	0.00597	0.00322	0.00967
72	0.06091	0.00720	0.00799	0.00798	0.00997	0.00656	0.00598	0.01163	0.01570	0.03680	0.22179	0.16004	0.37413	0.01592	0.00779	0.00230	0.00365	0.03119	0.00643	0.00605
73	0.00827	0.00593	0.00800	0.00944	0.00989	0.00566	0.00638	0.00953	0.01270	0.01702	0.03565	0.70830	0.04244	0.02308	0.05977	0.00329	0.00488	0.01824	0.00604	0.00549
74	0.01334	0.01193	0.01336	0.01358	0.05688	0.10682	0.00968	0.06263	0.01348	0.01766	0.01667	0.02499	0.01567	0.12441	0.44198	0.00772	0.03177	0.00693	0.00382	0.00669
75	0.01231	0.01092	0.01720	0.25240	0.18899	0.01220	0.01389	0.01533	0.01315	0.01784	0.04051	0.04867	0.06391	0.11125	0.11637	0.00400	0.04221	0.00777	0.00374	0.00733
76	0.01381	0.00961	0.01087	0.05486	0.01409	0.05467	0.00793	0.01664	0.03875	0.14122	0.20094	0.17447	0.20792	0.01394	0.00761	0.00224	0.00479	0.01197	0.00650	0.00717
77	0.01727	0.06106	0.01856	0.04209	0.11368	0.01744	0.01244	0.08104	0.50032	0.02717	0.02288	0.02212	0.01737	0.00832	0.00664	0.00217	0.00606	0.00696	0.00597	0.01045
78	0.28630	0.01595	0.01811	0.08460	0.19804	0.07151	0.01343	0.09853	0.05820	0.02615	0.01232	0.01478	0.00976	0.00702	0.00684	0.00211	0.05820	0.00516	0.00416	0.00886
79	0.65623	0.01459	0.01274	0.01363	0.10678	0.06181	0.00939	0.02029	0.01242	0.02814	0.00984	0.01173	0.00780	0.00624	0.00460	0.00204	0.00600	0.00399	0.00400	0.00774
80	0.04104	0.01313	0.02063	0.43468	0.20824	0.01518	0.01739	0.02029	0.10417	0.02005	0.01400	0.01832	0.01087	0.00722	0.00709	0.02143	0.00803	0.00610	0.00360	0.00854
81	0.06700	0.01016	0.03826	0.01473	0.06368	0.00927	0.09609	0.01402	0.01430	0.01996	0.03263	0.27776	0.10731	0.01541	0.00809	0.00260	0.00596	0.19063	0.00540	0.00675
82	0.68471	0.01279	0.01135	0.10198	0.01730	0.01486	0.00879	0.01984	0.01193	0.05193	0.01024	0.01218	0.00779	0.00636	0.00456	0.00210	0.00568	0.00403	0.00414	0.00743
83	0.01578	0.01371	0.06379	0.01303	0.03836	0.03579	0.01049	0.14280	0.13467	0.07140	0.11580	0.12694	0.11049	0.01184	0.00728	0.00221	0.00568	0.03832	0.00620	0.03542
84	0.01753	0.01098	0.01336	0.01074	0.01522	0.00947	0.00859	0.06307	0.04001	0.19975	0.04219	0.09698	0.06835	0.00959	0.00648	0.00179	0.00513	0.04857	0.00593	0.32627
85	0.04266	0.06284	0.01652	0.05645	0.01854	0.06317	0.00977	0.10077	0.01665	0.06956	0.01486	0.01624	0.03351	0.00629	0.00551	0.00142	0.00615	0.00485	0.00450	0.44975

[dist]
# distance from previous block
# <min> <max>
1	16

[block]
# block no. 3 follows, 32 sequences, length 14
# corresponding to MSA columns:
# 310-323
name=unknown_D
#
# <colnr> <probs for GDERKNQSTAVLIFYWHMCP>
#	G	D	E	R	K	N	Q	S	T	A	V	L	I	F	Y	W	H	M	C	P
0	0.11720	0.06435	0.06414	0.04088	0.11281	0.01399	0.01202	0.08202	0.07361	0.09536	0.01871	0.13839	0.01679	0.00923	0.00669	0.00205	0.02399	0.00760	0.00500	0.09518
1	0.08271	0.03837	0.09512	0.05954	0.20676	0.09105	0.05713	0.14811	0.01852	0.05815	0.04974	0.01729	0.01289	0.00702	0.00641	0.00199	0.00807	0.00588	0.00442	0.03084
2	0.08838	0.02040	0.02050	0.06286	0.11595	0.19849	0.04893	0.24826	0.08289	0.02822	0.01425	0.01573	0.01086	0.00723	0.00639	0.00199	0.00857	0.00563	0.00484	0.00962
3	0.04825	0.05319	0.11052	0.06520	0.22418	0.01641	0.08215	0.16838	0.01845	0.06163	0.01487	0.04993	0.01199	0.00725	0.00658	0.00203	0.00790	0.00641	0.00441	0.04029
4	0.00941	0.00666	0.00890	0.01024	0.01103	0.00647	0.00772	0.01117	0.01344	0.01772	0.03431	0.39920	0.03948	0.11911	0.01225	0.00337	0.00513	0.27294	0.00592	0.00555
5	0.01162	0.00729	0.00908	0.00882	0.01084	0.00650	0.00666	0.01387	0.01649	0.11675	0.25885	0.19663	0.24546	0.01569	0.00796	0.00233	0.00388	0.04776	0.00687	0.00664
6	0.06904	0.13240	0.34617	0.05817	0.13427	0.05121	0.05716	0.03963	0.01484	0.02132	0.01168	0.01420	0.00897	0.00626	0.00607	0.00199	0.00897	0.00505	0.00318	0.00943
7	0.01430	0.17264	0.59888	0.01769	0.02682	0.01765	0.02229	0.02103	0.01407	0.02022	0.01153	0.01353	0.00852	0.00626	0.00599	0.00200	0.00940	0.00470	0.00284	0.00967
8	0.00976	0.00651	0.00732	0.00732	0.00732	0.00651	0.00407	0.00976	0.00976	0.01301	0.02114	0.04391	0.02439	0.76419	0.03415	0.00651	0.00651	0.00976	0.00407	0.00407
9	0.01725	0.13288	0.16208	0.06274	0.08525	0.09195	0.12228	0.09856	0.04332	0.02224	0.03430	0.01655	0.01168	0.00810	0.02572	0.00225	0.04407	0.00584	0.00380	0.00915
10	0.01778	0.06383	0.09873	0.09705	0.32303	0.11139	0.05581	0.04711	0.01590	0.04694	0.01250	0.01573	0.01000	0.00666	0.00732	0.00203	0.04947	0.00565	0.00353	0.00955
11	0.01190	0.00859	0.01060	0.01115	0.06297	0.00895	0.00677	0.08331	0.01259	0.01708	0.01957	0.03672	0.02103	0.53734	0.11847	0.00624	0.00816	0.00876	0.00423	0.00557
12	0.04509	0.06283	0.02274	0.16930	0.13335	0.20086	0.09859	0.02289	0.06146	0.06277	0.04614	0.01784	0.01293	0.00702	0.00652	0.00201	0.00897	0.00601	0.00402	0.00867
13	0.09304	0.16857	0.02215	0.01779	0.12969	0.09683	0.03319	0.18672	0.01904	0.05225	0.03740	0.08421	0.01488	0.00828	0.00615	0.00195	0.00735	0.00660	0.00474	0.00916

[dist]
# distance from previous block
# <min> <max>
1	17

[block]
# block no. 4 follows, 32 sequences, length 42
# corresponding to MSA columns:
# 341-382
name=unknown_E
#
# <colnr> <probs for GDERKNQSTAVLIFYWHMCP>
#	G	D	E	R	K	N	Q	S	T	A	V	L	I	F	Y	W	H	M	C	P
0	0.03782	0.01946	0.16716	0.05978	0.25234	0.04845	0.09378	0.04166	0.05573	0.08098	0.06433	0.01933	0.01468	0.00708	0.00675	0.00208	0.00821	0.00644	0.00424	0.00972
1	0.07514	0.01328	0.02077	0.26495	0.23459	0.01401	0.04808	0.03574	0.01507	0.09906	0.01610	0.03572	0.03410	0.00716	0.00653	0.00206	0.00755	0.00641	0.00411	0.05956
2	0.08049	0.01453	0.02268	0.14933	0.44149	0.01509	0.01741	0.02115	0.05719	0.05048	0.01366	0.01696	0.01088	0.00634	0.00637	0.00200	0.00747	0.00580	0.00379	0.05688
3	0.10435	0.01359	0.01970	0.35233	0.18386	0.03183	0.01609	0.02045	0.05371	0.06709	0.01349	0.01717	0.01031	0.00684	0.00683	0.00212	0.03181	0.00573	0.00380	0.03888
4	0.01522	0.01353	0.02193	0.34653	0.27422	0.01505	0.01772	0.01905	0.01413	0.05644	0.01266	0.01713	0.00999	0.00685	0.00788	0.00211	0.07247	0.00585	0.00345	0.06778
5	0.06041	0.01458	0.02219	0.35724	0.31902	0.04939	0.01816	0.01915	0.01435	0.01996	0.01199	0.01656	0.00956	0.00633	0.00645	0.00206	0.00835	0.00569	0.00324	0.03530
6	0.00837	0.00682	0.00749	0.00789	0.00983	0.00593	0.00605	0.01021	0.01503	0.01829	0.05968	0.14810	0.54265	0.01769	0.00820	0.00244	0.00385	0.10955	0.00622	0.00571
7	0.02606	0.01730	0.01914	0.01474	0.02002	0.01866	0.01215	0.55584	0.05136	0.16753	0.01838	0.01764	0.01266	0.00813	0.00672	0.00203	0.00701	0.00622	0.00701	0.01139
8	0.01098	0.00591	0.00866	0.00901	0.00915	0.00584	0.00612	0.00908	0.00978	0.01302	0.01732	0.15800	0.01881	0.02268	0.02226	0.62326	0.00549	0.03744	0.00366	0.00352
9	0.01646	0.01579	0.02697	0.06805	0.69664	0.01590	0.02052	0.02046	0.01521	0.02174	0.01259	0.01666	0.01056	0.00601	0.00665	0.00200	0.00801	0.00598	0.00331	0.01051
10	0.01391	0.01193	0.01391	0.00994	0.01590	0.00894	0.00795	0.01690	0.01391	0.02186	0.01193	0.01391	0.00994	0.00497	0.00497	0.00099	0.00497	0.00398	0.00398	0.80521
11	0.00829	0.00589	0.00775	0.00919	0.00955	0.00553	0.00607	0.00937	0.01262	0.01682	0.03581	0.70684	0.04290	0.07601	0.01046	0.00300	0.00409	0.01839	0.00607	0.00535
12	0.00821	0.00641	0.00733	0.00791	0.00928	0.00566	0.00555	0.00969	0.01424	0.01793	0.08801	0.33447	0.38415	0.05774	0.00956	0.00266	0.00374	0.01574	0.00618	0.00553
13	0.00911	0.00650	0.00789	0.00827	0.00905	0.00615	0.00556	0.01044	0.01346	0.01798	0.17762	0.23746	0.12479	0.28301	0.01748	0.00390	0.00472	0.04570	0.00570	0.00520
14	0.00971	0.00648	0.00733	0.00738	0.00739	0.00647	0.00413	0.00974	0.00985	0.01314	0.02163	0.06605	0.02501	0.74121	0.03336	0.00639	0.00642	0.01005	0.00413	0.00411
15	0.00854	0.00610	0.00772	0.00887	0.00936	0.00574	0.00589	0.00959	0.01253	0.01652	0.03622	0.54985	0.09036	0.16157	0.01339	0.00342	0.00443	0.03884	0.00582	0.00523
16	0.01973	0.00973	0.01259	0.01115	0.01440	0.00903	0.00901	0.06556	0.01744	0.33364	0.03230	0.09932	0.09283	0.07794	0.00995	0.00276	0.00562	0.16147	0.00698	0.00855
17	0.10785	0.01276	0.01573	0.01219	0.01730	0.01214	0.01007	0.13854	0.02040	0.54705	0.02309	0.02056	0.01484	0.00806	0.00648	0.00207	0.00593	0.00632	0.00763	0.01100
18	0.01089	0.00719	0.00927	0.00856	0.01047	0.00653	0.00649	0.01388	0.01869	0.07794	0.61122	0.04935	0.11668	0.01360	0.00783	0.00212	0.00337	0.01191	0.00735	0.00665
19	0.00972	0.00656	0.00758	0.00750	0.00775	0.00648	0.00443	0.01022	0.01124	0.01524	0.13317	0.04491	0.03064	0.64368	0.02994	0.00580	0.00597	0.01014	0.00460	0.00443
20	0.81159	0.01298	0.00986	0.00882	0.01298	0.01505	0.00727	0.01972	0.01142	0.03010	0.00934	0.01090	0.00727	0.00623	0.00415	0.00208	0.00519	0.00363	0.00415	0.00727
21	0.00962	0.00645	0.00736	0.00749	0.00753	0.00641	0.00425	0.00972	0.01003	0.01337	0.02251	0.10590	0.02612	0.69984	0.03194	0.00618	0.00628	0.01056	0.00425	0.00419
22	0.01391	0.01193	0.01391	0.00994	0.01590	0.00894	0.00795	0.01690	0.01391	0.02186	0.01193	0.01391	0.00994	0.00497	0.00497	0.00099	0.00497	0.00398	0.00398	0.80521
23	0.00988	0.00687	0.00976	0.00976	0.01055	0.00765	0.00711	0.01109	0.01030	0.01452	0.01789	0.02951	0.01783	0.20519	0.49353	0.10824	0.01393	0.00759	0.00361	0.00518
24	0.00935	0.00644	0.00814	0.00883	0.00999	0.00583	0.00619	0.01100	0.01456	0.05184	0.14749	0.48192	0.17645	0.01853	0.00826	0.00251	0.00377	0.01648	0.00650	0.00590
25	0.00818	0.00584	0.00779	0.00934	0.00973	0.00545	0.00623	0.00934	0.01285	0.01713	0.03698	0.75981	0.04438	0.02102	0.00856	0.00273	0.00389	0.01908	0.00623	0.00545
26	0.02329	0.02898	0.01960	0.09477	0.06335	0.62093	0.01399	0.02544	0.01822	0.01681	0.01066	0.01296	0.00879	0.00684	0.00615	0.00180	0.01154	0.00459	0.00340	0.00791
27	0.01627	0.01559	0.02662	0.10239	0.66379	0.01585	0.02042	0.02029	0.01512	0.02151	0.01256	0.01672	0.01048	0.00604	0.00665	0.00201	0.00806	0.00598	0.00329	0.01035
28	0.00948	0.00647	0.00773	0.00792	0.00819	0.00643	0.00484	0.01007	0.01109	0.01499	0.08381	0.15371	0.03041	0.54410	0.06800	0.00579	0.00647	0.01125	0.00466	0.00458
29	0.00802	0.00680	0.00692	0.00689	0.00912	0.00570	0.00517	0.00980	0.01551	0.01863	0.10562	0.06374	0.68164	0.01680	0.00793	0.00226	0.00339	0.01404	0.00630	0.00570
30	0.02172	0.01533	0.05021	0.01784	0.09858	0.05450	0.08121	0.08519	0.10841	0.27418	0.02134	0.02396	0.01596	0.03459	0.02876	0.00254	0.00757	0.04203	0.00602	0.01004
31	0.03694	0.01529	0.02390	0.25445	0.44621	0.04699	0.01902	0.02022	0.03465	0.02062	0.01264	0.01689	0.01022	0.00634	0.00658	0.00207	0.00830	0.00589	0.00335	0.00944
32	0.00861	0.00628	0.00812	0.00897	0.00990	0.00579	0.00632	0.01043	0.01483	0.01996	0.22264	0.47607	0.11491	0.01858	0.00836	0.00253	0.00374	0.04170	0.00654	0.00573
33	0.01800	0.01968	0.10681	0.02355	0.02969	0.06640	0.43398	0.02287	0.01588	0.11296	0.01449	0.01761	0.01063	0.00665	0.00860	0.00224	0.06975	0.00704	0.00394	0.00923
34	0.01713	0.05938	0.24695	0.03720	0.05387	0.13268	0.06264	0.06677	0.13627	0.03912	0.01914	0.02007	0.06380	0.00778	0.00657	0.00206	0.00859	0.00631	0.00431	0.00935
35	0.01572	0.01471	0.01421	0.01316	0.01591	0.15654	0.02662	0.12711	0.01873	0.02284	0.07224	0.04557	0.15756	0.01332	0.00841	0.00240	0.04003	0.22195	0.00559	0.00738
36	0.09686	0.01978	0.09308	0.02469	0.06281	0.07162	0.44660	0.02135	0.01514	0.02167	0.01245	0.01631	0.00957	0.00623	0.00800	0.00222	0.05265	0.00675	0.00340	0.00883
37	0.01924	0.01796	0.02187	0.11999	0.12374	0.15117	0.10925	0.15037	0.04679	0.06779	0.05097	0.02109	0.05374	0.00786	0.00688	0.00206	0.00850	0.00682	0.00476	0.00915
38	0.05441	0.01386	0.01881	0.21510	0.15224	0.04152	0.03020	0.13274	0.01803	0.09883	0.04742	0.02508	0.08534	0.00860	0.00683	0.00214	0.00730	0.02776	0.00491	0.00889
39	0.08467	0.01687	0.02347	0.20442	0.22195	0.11603	0.11135	0.01999	0.01451	0.01989	0.01188	0.01656	0.00979	0.02666	0.00859	0.00226	0.07339	0.00590	0.00332	0.00849
40	0.08201	0.00948	0.01159	0.10148	0.01653	0.00997	0.00889	0.05915	0.07678	0.07953	0.04934	0.27108	0.13324	0.01564	0.04199	0.00277	0.00570	0.01177	0.00581	0.00726
41	0.25194	0.01179	0.01208	0.01114	0.03233	0.01262	0.00847	0.13402	0.08499	0.06411	0.08699	0.11170	0.13040	0.01095	0.00647	0.00219	0.00507	0.00881	0.00588	0.00806

[dist]
# distance from previous block
# <min> <max>
0	27

[block]
# block no. 5 follows, 32 sequences, length 75
# corresponding to MSA columns:
# 410-484
name=unknown_F
#
# <colnr> <probs for GDERKNQSTAVLIFYWHMCP>
#	G	D	E	R	K	N	Q	S	T	A	V	L	I	F	Y	W	H	M	C	P
0	0.19453	0.07138	0.21882	0.05284	0.02384	0.01589	0.13866	0.02009	0.01370	0.05471	0.01372	0.04511	0.01139	0.00768	0.00745	0.00221	0.06600	0.02971	0.00375	0.00852
1	0.11587	0.03794	0.05176	0.01557	0.05122	0.03360	0.10307	0.15712	0.11354	0.02754	0.05869	0.02178	0.06243	0.00796	0.00638	0.00197	0.00674	0.00671	0.02277	0.09734
2	0.00811	0.00643	0.00730	0.00787	0.00937	0.00562	0.00560	0.00969	0.01457	0.01824	0.09304	0.33030	0.42348	0.01835	0.00817	0.00243	0.00357	0.01593	0.00630	0.00562
3	0.01794	0.76823	0.03516	0.01148	0.01722	0.02655	0.01148	0.02009	0.01363	0.01579	0.00933	0.01076	0.00861	0.00574	0.00431	0.00144	0.00718	0.00359	0.00287	0.00861
4	0.01288	0.01076	0.01265	0.00967	0.01449	0.00832	0.00745	0.01541	0.01347	0.02061	0.01576	0.11004	0.01535	0.06332	0.00759	0.00162	0.00495	0.00631	0.00427	0.64509
5	0.02276	0.02041	0.01970	0.11357	0.04745	0.18785	0.01376	0.39831	0.02495	0.03122	0.01494	0.01803	0.01160	0.00800	0.00667	0.00202	0.00867	0.03501	0.00532	0.00978
6	0.02022	0.02223	0.02324	0.06721	0.37270	0.30151	0.01706	0.05853	0.01751	0.02057	0.01188	0.01486	0.00980	0.00650	0.00642	0.00190	0.00962	0.00533	0.00354	0.00938
7	0.00816	0.00588	0.00774	0.00923	0.00970	0.00546	0.00618	0.00936	0.01295	0.01717	0.03830	0.73033	0.07301	0.02085	0.00854	0.00271	0.00387	0.01887	0.00623	0.00546
8	0.01333	0.03304	0.67698	0.01898	0.02849	0.01525	0.04816	0.02081	0.01427	0.02114	0.01424	0.01624	0.03584	0.00676	0.00649	0.00214	0.00972	0.00542	0.00298	0.00972
9	0.00976	0.00651	0.00732	0.00732	0.00732	0.00651	0.00407	0.00976	0.00976	0.01301	0.02114	0.04391	0.02439	0.76419	0.03415	0.00651	0.00651	0.00976	0.00407	0.00407
10	0.09890	0.01156	0.01507	0.01166	0.01676	0.01032	0.00963	0.03156	0.01852	0.66563	0.02496	0.02179	0.01579	0.00812	0.00652	0.00208	0.00566	0.00647	0.00794	0.01105
11	0.01284	0.01210	0.02044	0.71711	0.07582	0.01495	0.01872	0.01729	0.01350	0.01735	0.01196	0.01783	0.00902	0.00668	0.00671	0.00223	0.00890	0.00596	0.00300	0.00759
12	0.03010	0.01142	0.01557	0.01194	0.01713	0.00986	0.00986	0.03270	0.01920	0.72698	0.02647	0.02284	0.01661	0.00830	0.00675	0.00208	0.00571	0.00675	0.00830	0.01142
13	0.00952	0.00740	0.00930	0.01064	0.03600	0.00719	0.00730	0.01289	0.08494	0.01907	0.05955	0.46828	0.16061	0.01818	0.00824	0.00258	0.00423	0.06158	0.00622	0.00627
14	0.00961	0.00708	0.01026	0.01026	0.01127	0.00810	0.00773	0.01164	0.01063	0.01519	0.01846	0.02903	0.01793	0.15900	0.63051	0.01013	0.01623	0.00758	0.00367	0.00570
15	0.01789	0.74151	0.03488	0.01254	0.04226	0.02617	0.01180	0.02011	0.01369	0.01600	0.00945	0.01097	0.00868	0.00575	0.00439	0.00145	0.00720	0.00367	0.00289	0.00868
16	0.00976	0.00651	0.00732	0.00732	0.00732	0.00651	0.00407	0.00976	0.00976	0.01301	0.02114	0.04391	0.02439	0.76419	0.03415	0.00651	0.00651	0.00976	0.00407	0.00407
17	0.01353	0.01177	0.01215	0.01117	0.01406	0.04464	0.00856	0.02428	0.36431	0.02548	0.22716	0.03835	0.15367	0.01167	0.00729	0.00220	0.00469	0.00986	0.00673	0.00843
18	0.01391	0.01193	0.01391	0.00994	0.01590	0.00894	0.00795	0.01690	0.01391	0.02186	0.01193	0.01391	0.00994	0.00497	0.00497	0.00099	0.00497	0.00398	0.00398	0.80521
19	0.01346	0.03471	0.72942	0.01912	0.02904	0.01558	0.02479	0.02125	0.01417	0.02125	0.01204	0.01417	0.00850	0.00637	0.00637	0.00212	0.00992	0.00496	0.00283	0.00992
20	0.02479	0.06002	0.01963	0.01707	0.02061	0.71019	0.01291	0.02654	0.01881	0.01640	0.01033	0.01205	0.00864	0.00687	0.00598	0.00172	0.01191	0.00429	0.00343	0.00781
21	0.01386	0.01193	0.01420	0.04350	0.01728	0.00922	0.00844	0.01691	0.01389	0.02165	0.01193	0.01409	0.00989	0.00505	0.00505	0.00105	0.00515	0.00407	0.00393	0.76893
22	0.01566	0.01968	0.12413	0.17768	0.10489	0.06967	0.31539	0.02147	0.04569	0.02050	0.01329	0.01723	0.01008	0.00625	0.00714	0.00217	0.01008	0.00663	0.00338	0.00897
23	0.00859	0.00690	0.00775	0.00797	0.00994	0.00605	0.00617	0.01068	0.01574	0.01965	0.15676	0.09620	0.49303	0.01693	0.00815	0.00238	0.00379	0.11109	0.00639	0.00583
24	0.01346	0.03471	0.72942	0.01912	0.02904	0.01558	0.02479	0.02125	0.01417	0.02125	0.01204	0.01417	0.00850	0.00637	0.00637	0.00212	0.00992	0.00496	0.00283	0.00992
25	0.01351	0.00764	0.00946	0.00869	0.01090	0.00709	0.00662	0.01675	0.03769	0.14259	0.33669	0.09866	0.09979	0.01240	0.00712	0.00207	0.00373	0.01069	0.16074	0.00717
26	0.01923	0.01514	0.04690	0.03566	0.01938	0.06717	0.05537	0.04666	0.25990	0.18246	0.02340	0.07601	0.01857	0.00923	0.00687	0.00214	0.00656	0.03321	0.00612	0.07002
27	0.00831	0.00594	0.00794	0.00950	0.00995	0.00557	0.00647	0.00958	0.01298	0.01728	0.03691	0.72416	0.04408	0.02089	0.00860	0.00274	0.00401	0.05337	0.00623	0.00549
28	0.01642	0.01546	0.02550	0.07937	0.56690	0.01583	0.03874	0.04526	0.06418	0.02263	0.01447	0.03909	0.01222	0.00675	0.00676	0.00206	0.00780	0.00653	0.00375	0.01027
29	0.01643	0.01576	0.02691	0.07383	0.69111	0.01589	0.02050	0.02043	0.01519	0.02170	0.01259	0.01667	0.01055	0.00601	0.00665	0.00200	0.00802	0.00598	0.00331	0.01048
30	0.81159	0.01298	0.00986	0.00882	0.01298	0.01505	0.00727	0.01972	0.01142	0.03010	0.00934	0.01090	0.00727	0.00623	0.00415	0.00208	0.00519	0.00363	0.00415	0.00727
31	0.01689	0.59607	0.19811	0.01328	0.02000	0.02398	0.01460	0.02036	0.01376	0.01707	0.00997	0.01156	0.00858	0.00589	0.00479	0.00160	0.00782	0.00391	0.00286	0.00892
32	0.00818	0.00584	0.00779	0.00934	0.00973	0.00545	0.00623	0.00934	0.01285	0.01713	0.03698	0.75981	0.04438	0.02102	0.00856	0.00273	0.00389	0.01908	0.00623	0.00545
33	0.01062	0.00759	0.01058	0.01204	0.01352	0.00755	0.01039	0.01361	0.01546	0.02021	0.06402	0.11027	0.03994	0.01846	0.00917	0.00303	0.00593	0.61522	0.00623	0.00615
34	0.03010	0.01142	0.01557	0.01194	0.01713	0.00986	0.00986	0.03270	0.01920	0.72698	0.02647	0.02284	0.01661	0.00830	0.00675	0.00208	0.00571	0.00675	0.00830	0.01142
35	0.00808	0.00680	0.00701	0.00696	0.00916	0.00573	0.00522	0.00992	0.01565	0.01897	0.13073	0.06318	0.65633	0.01668	0.00793	0.00225	0.00338	0.01397	0.00634	0.00573
36	0.00823	0.00665	0.00736	0.00786	0.00962	0.00578	0.00584	0.00991	0.01472	0.01805	0.05789	0.23149	0.50215	0.01808	0.00819	0.00244	0.00375	0.07009	0.00623	0.00566
37	0.04981	0.05678	0.01959	0.01466	0.01969	0.02010	0.01208	0.50979	0.16465	0.03767	0.01775	0.01743	0.01293	0.00808	0.00652	0.00204	0.00689	0.00614	0.00645	0.01097
38	0.01616	0.01561	0.02702	0.11458	0.62246	0.01588	0.04911	0.02027	0.01511	0.02140	0.01259	0.01680	0.01043	0.00604	0.00670	0.00203	0.00821	0.00606	0.00329	0.01023
39	0.01632	0.04255	0.02654	0.09491	0.22876	0.03464	0.21219	0.02287	0.12678	0.05098	0.01714	0.06582	0.01420	0.00753	0.00707	0.00216	0.00833	0.00753	0.00425	0.00943
40	0.01779	0.73342	0.03449	0.01176	0.01724	0.02627	0.01163	0.01991	0.01348	0.01580	0.00930	0.01094	0.00862	0.00602	0.00512	0.00150	0.04157	0.00369	0.00287	0.00855
41	0.01480	0.01201	0.01397	0.01037	0.01588	0.00975	0.00827	0.03533	0.07025	0.04997	0.05064	0.01708	0.01385	0.00596	0.00538	0.00122	0.00499	0.00484	0.00461	0.65083
42	0.01350	0.00907	0.01112	0.01080	0.01282	0.00925	0.00823	0.07437	0.10228	0.08729	0.09796	0.23222	0.05000	0.09816	0.04399	0.00331	0.00573	0.11640	0.00629	0.00723
43	0.81159	0.01298	0.00986	0.00882	0.01298	0.01505	0.00727	0.01972	0.01142	0.03010	0.00934	0.01090	0.00727	0.00623	0.00415	0.00208	0.00519	0.00363	0.00415	0.00727
44	0.01760	0.01935	0.02205	0.32686	0.20361	0.24099	0.03584	0.02112	0.01569	0.01821	0.01166	0.01577	0.00930	0.00657	0.00652	0.00202	0.00976	0.00551	0.00322	0.00838
45	0.01833	0.30020	0.20103	0.01486	0.02096	0.11324	0.03550	0.05075	0.04759	0.07058	0.03877	0.01686	0.01262	0.00710	0.00581	0.00185	0.00827	0.02265	0.00393	0.00910
46	0.02551	0.01879	0.02014	0.01544	0.02081	0.02081	0.01275	0.69996	0.03155	0.04229	0.01611	0.01611	0.01141	0.00805	0.00671	0.00201	0.00738	0.00604	0.00671	0.01141
47	0.01588	0.17677	0.39290	0.01976	0.05841	0.04882	0.12336	0.05098	0.01533	0.02094	0.01187	0.01419	0.00901	0.00622	0.00621	0.00198	0.00948	0.00520	0.00314	0.00953
48	0.01166	0.00583	0.00874	0.00874	0.00874	0.00583	0.00583	0.00874	0.00874	0.01166	0.01166	0.02040	0.01166	0.02331	0.02622	0.80478	0.00583	0.00583	0.00291	0.00291
