[name]
unknown

[dist]
# distance from previous block
# <min> <max>
0	32

[block]
# block no. 0 follows, 33 sequences, length 41
# corresponding to MSA columns:
# 32-72
name=unknown_A
#
# <colnr> <probs for GDERKNQSTAVLIFYWHMCP>
#	G	D	E	R	K	N	Q	S	T	A	V	L	I	F	Y	W	H	M	C	P
0	0.00985	0.03588	0.04238	0.01096	0.01264	0.00905	0.00903	0.01240	0.01105	0.01573	0.01835	0.05362	0.01754	0.04383	0.63235	0.00934	0.01601	0.03021	0.00365	0.00612
1	0.01566	0.07020	0.01500	0.01318	0.06009	0.01091	0.02860	0.09574	0.01681	0.14187	0.04836	0.18387	0.09272	0.04179	0.00842	0.00247	0.00567	0.13489	0.00593	0.00780
2	0.01537	0.04305	0.10124	0.18411	0.41471	0.03557	0.07213	0.01978	0.01458	0.02008	0.01208	0.01610	0.00971	0.00605	0.00651	0.00201	0.00856	0.00578	0.00313	0.00944
3	0.01586	0.04004	0.02877	0.02201	0.05554	0.01391	0.41188	0.02014	0.01536	0.10104	0.01892	0.07613	0.01660	0.01029	0.03918	0.00265	0.00938	0.08943	0.00438	0.00848
4	0.00840	0.00600	0.00808	0.00960	0.01015	0.00568	0.00677	0.00983	0.01298	0.01723	0.03607	0.66276	0.04271	0.02027	0.00850	0.00273	0.00415	0.11654	0.00610	0.00545
5	0.01331	0.03241	0.67705	0.04755	0.05911	0.01528	0.02392	0.02067	0.01392	0.02072	0.01183	0.01414	0.00845	0.00625	0.00628	0.00208	0.00961	0.00494	0.00281	0.00967
6	0.01622	0.01101	0.07306	0.03588	0.01641	0.00876	0.05669	0.01894	0.01546	0.25021	0.06954	0.30205	0.05397	0.01329	0.00750	0.00233	0.00554	0.02889	0.00627	0.00799
7	0.01554	0.01776	0.03885	0.02775	0.03441	0.01665	0.70366	0.02109	0.01554	0.02109	0.01332	0.01776	0.00999	0.00555	0.00777	0.00222	0.01110	0.00777	0.00333	0.00888
8	0.01243	0.01170	0.01975	0.75282	0.04534	0.01463	0.01828	0.01682	0.01316	0.01682	0.01170	0.01755	0.00878	0.00658	0.00658	0.00219	0.00878	0.00585	0.00293	0.00731
9	0.01367	0.01312	0.03945	0.25343	0.25769	0.03731	0.04182	0.01721	0.01431	0.03624	0.04677	0.16377	0.01852	0.00937	0.00698	0.00218	0.00740	0.00862	0.00399	0.00813
10	0.02954	0.01120	0.01528	0.01171	0.01681	0.00968	0.00968	0.03208	0.01884	0.73213	0.02597	0.02241	0.01630	0.00815	0.00662	0.00204	0.00560	0.00662	0.00815	0.01120
11	0.00957	0.00638	0.00718	0.00718	0.00718	0.00638	0.00399	0.00957	0.00957	0.01276	0.02074	0.04308	0.02393	0.76864	0.03351	0.00638	0.00638	0.00957	0.00399	0.00399
12	0.01320	0.03405	0.73453	0.01876	0.02849	0.01529	0.02432	0.02085	0.01390	0.02085	0.01181	0.01390	0.00834	0.00625	0.00625	0.00208	0.00973	0.00486	0.00278	0.00973
13	0.02783	0.01320	0.01690	0.01383	0.04893	0.01262	0.01085	0.19946	0.02169	0.52875	0.02284	0.02049	0.01477	0.00799	0.00661	0.00202	0.00611	0.00641	0.00754	0.01117
14	0.01554	0.01776	0.03885	0.02775	0.03441	0.01665	0.70366	0.02109	0.01554	0.02109	0.01332	0.01776	0.00999	0.00555	0.00777	0.00222	0.01110	0.00777	0.00333	0.00888
15	0.00957	0.00638	0.00718	0.00718	0.00718	0.00638	0.00399	0.00957	0.00957	0.01276	0.02074	0.04308	0.02393	0.76864	0.03351	0.00638	0.00638	0.00957	0.00399	0.00399
16	0.81514	0.01273	0.00968	0.00866	0.01273	0.01477	0.00713	0.01935	0.01120	0.02954	0.00917	0.01069	0.00713	0.00611	0.00407	0.00204	0.00509	0.00356	0.00407	0.00713
17	0.02347	0.01752	0.01880	0.01469	0.01965	0.01943	0.01204	0.60490	0.10654	0.03937	0.04383	0.01804	0.01411	0.00823	0.00664	0.00201	0.00686	0.00632	0.00662	0.01092
18	0.00802	0.00573	0.00764	0.00917	0.00955	0.00535	0.00611	0.00917	0.01260	0.01681	0.03628	0.76434	0.04354	0.02062	0.00840	0.00267	0.00382	0.01872	0.00611	0.00535
19	0.01320	0.03405	0.73453	0.01876	0.02849	0.01529	0.02432	0.02085	0.01390	0.02085	0.01181	0.01390	0.00834	0.00625	0.00625	0.00208	0.00973	0.00486	0.00278	0.00973
20	0.02322	0.17137	0.05168	0.01437	0.01989	0.02092	0.01263	0.51229	0.02622	0.06273	0.01470	0.01493	0.01073	0.00739	0.00610	0.00187	0.00724	0.00542	0.00573	0.01058
21	0.01032	0.00737	0.01028	0.01180	0.01319	0.00733	0.01011	0.01314	0.01487	0.01938	0.03501	0.15083	0.03851	0.01846	0.00902	0.00299	0.00581	0.60953	0.00607	0.00598
22	0.81514	0.01273	0.00968	0.00866	0.01273	0.01477	0.00713	0.01935	0.01120	0.02954	0.00917	0.01069	0.00713	0.00611	0.00407	0.00204	0.00509	0.00356	0.00407	0.00713
23	0.00954	0.00651	0.00781	0.00781	0.00802	0.00672	0.00477	0.00998	0.00976	0.01323	0.02017	0.03991	0.02256	0.63615	0.16411	0.00716	0.00845	0.00911	0.00390	0.00434
24	0.01366	0.13050	0.53577	0.01758	0.02591	0.01614	0.06866	0.02007	0.01431	0.02057	0.06617	0.01642	0.01259	0.00667	0.00620	0.00200	0.00895	0.00543	0.00317	0.00923
25	0.01760	0.77260	0.03450	0.01126	0.01690	0.02605	0.01126	0.01971	0.01338	0.01549	0.00915	0.01056	0.00845	0.00563	0.00422	0.00141	0.00704	0.00352	0.00282	0.00845
26	0.01667	0.01540	0.02647	0.06493	0.64539	0.01540	0.04675	0.02061	0.01511	0.05095	0.01296	0.01665	0.01059	0.00597	0.00657	0.00198	0.00789	0.00597	0.00345	0.01028
27	0.01597	0.01371	0.01454	0.01310	0.01670	0.01579	0.01018	0.03368	0.67549	0.02747	0.06700	0.02598	0.02252	0.00919	0.00676	0.00222	0.00509	0.00770	0.00673	0.01018
28	0.01600	0.01534	0.02619	0.09502	0.67527	0.01556	0.02006	0.01994	0.01485	0.02115	0.01233	0.01639	0.01030	0.00592	0.00652	0.00197	0.00789	0.00586	0.00323	0.01019
29	0.04030	0.06974	0.09827	0.04300	0.08729	0.21566	0.05559	0.05806	0.12352	0.07371	0.01673	0.01781	0.03756	0.00743	0.00666	0.00197	0.02751	0.00581	0.00437	0.00900
30	0.05900	0.04088	0.09131	0.01319	0.03577	0.01136	0.07254	0.01859	0.06742	0.11593	0.12585	0.08051	0.17705	0.01110	0.00781	0.00218	0.04677	0.00935	0.00549	0.00791
31	0.01721	0.03754	0.10915	0.03736	0.02299	0.08855	0.18898	0.09369	0.06558	0.08619	0.09929	0.05017	0.03708	0.00843	0.00735	0.00210	0.02711	0.00758	0.00487	0.00879
32	0.01592	0.08940	0.23868	0.01599	0.05090	0.05324	0.04104	0.10995	0.10596	0.04276	0.07163	0.07721	0.04148	0.00878	0.00656	0.00205	0.00740	0.00727	0.00469	0.00908
33	0.06740	0.12780	0.20898	0.01656	0.03889	0.11462	0.06450	0.16298	0.06801	0.02494	0.03596	0.01559	0.01162	0.00693	0.00606	0.00193	0.00836	0.00538	0.00420	0.00931
34	0.07759	0.13261	0.25869	0.01540	0.02192	0.06954	0.03771	0.18876	0.01868	0.07819	0.03258	0.01521	0.01108	0.00691	0.00597	0.00193	0.00810	0.00520	0.00439	0.00955
35	0.01806	0.23943	0.17054	0.01412	0.01978	0.04551	0.01381	0.19862	0.11507	0.02498	0.01539	0.04856	0.01270	0.02765	0.00661	0.00201	0.00741	0.00582	0.00451	0.00941
36	0.06278	0.09991	0.14274	0.01640	0.04709	0.04570	0.09140	0.20663	0.07327	0.04505	0.06410	0.01960	0.04117	0.00769	0.00638	0.00199	0.00754	0.00633	0.00486	0.00939
37	0.04189	0.17565	0.11405	0.03423	0.02009	0.10477	0.01313	0.24991	0.04551	0.05617	0.04341	0.04427	0.01359	0.00776	0.00603	0.00189	0.00762	0.00584	0.00484	0.00934
38	0.07861	0.11351	0.16718	0.01512	0.03820	0.06810	0.01411	0.26506	0.02035	0.07650	0.01517	0.01594	0.03162	0.00731	0.00634	0.00192	0.02484	0.00535	0.00479	0.02999
39	0.04082	0.14653	0.15402	0.04715	0.02148	0.01788	0.03732	0.24270	0.01989	0.09938	0.05899	0.01728	0.01356	0.00759	0.00695	0.00198	0.04623	0.00576	0.00491	0.00958
40	0.07184	0.11501	0.12310	0.01465	0.02041	0.06031	0.01354	0.39525	0.02357	0.07924	0.01435	0.01478	0.01038	0.00722	0.00605	0.00191	0.00759	0.00528	0.00533	0.01019

[dist]
# distance from previous block
# <min> <max>
15	45

[block]
# block no. 1 follows, 33 sequences, length 17
# corresponding to MSA columns:
# 125-141
name=unknown_B
#
# <colnr> <probs for GDERKNQSTAVLIFYWHMCP>
#	G	D	E	R	K	N	Q	S	T	A	V	L	I	F	Y	W	H	M	C	P
0	0.01796	0.09089	0.13941	0.01798	0.09320	0.03648	0.08078	0.22072	0.04064	0.05462	0.04978	0.06438	0.04718	0.00840	0.00662	0.00202	0.00750	0.00712	0.00490	0.00944
1	0.05096	0.11475	0.13769	0.01658	0.10866	0.03581	0.04429	0.06156	0.01618	0.08587	0.11987	0.05378	0.01927	0.00793	0.00620	0.00186	0.00673	0.00666	0.00460	0.10074
2	0.01879	0.05556	0.12979	0.01897	0.12096	0.07422	0.05663	0.19884	0.08251	0.04796	0.01453	0.01583	0.01099	0.00670	0.00621	0.00184	0.00773	0.00550	0.00459	0.12185
3	0.01754	0.01576	0.09656	0.05033	0.08974	0.03491	0.11626	0.09870	0.05762	0.14117	0.07397	0.04487	0.04968	0.02860	0.00764	0.00221	0.00725	0.02899	0.00523	0.03296
4	0.05085	0.03387	0.06324	0.04512	0.15382	0.01381	0.08889	0.08626	0.05082	0.05736	0.05961	0.01952	0.03660	0.00708	0.00664	0.00183	0.02608	0.00616	0.00445	0.18798
5	0.01493	0.01483	0.09802	0.13714	0.17708	0.01325	0.03519	0.03678	0.08648	0.07026	0.10395	0.02419	0.03623	0.00822	0.00723	0.00206	0.03335	0.02703	0.00460	0.06918
6	0.01665	0.01451	0.01949	0.32928	0.11386	0.06969	0.01542	0.06765	0.05853	0.08030	0.01376	0.01712	0.01050	0.00730	0.00804	0.00210	0.08813	0.00577	0.00398	0.05793
7	0.15435	0.01573	0.04690	0.04064	0.13706	0.01523	0.31634	0.02169	0.07519	0.05475	0.01514	0.05076	0.01216	0.00683	0.00674	0.00216	0.00836	0.00703	0.00406	0.00889
8	0.01365	0.01170	0.01365	0.00975	0.01560	0.00878	0.00780	0.01658	0.01365	0.02145	0.01170	0.01365	0.00975	0.00488	0.00488	0.00098	0.00488	0.00390	0.00390	0.80888
9	0.01483	0.01415	0.02407	0.31096	0.46848	0.01526	0.01947	0.01892	0.01430	0.01973	0.01212	0.01677	0.00980	0.00614	0.00654	0.00205	0.00818	0.00586	0.00313	0.00924
10	0.00946	0.00706	0.00884	0.00833	0.01006	0.00660	0.00627	0.01311	0.04975	0.02549	0.61902	0.04965	0.13436	0.01361	0.00772	0.00209	0.00323	0.01193	0.00710	0.00633
11	0.00791	0.00667	0.00685	0.00681	0.00897	0.00561	0.00510	0.00970	0.01531	0.01851	0.12214	0.06216	0.66900	0.01640	0.00778	0.00221	0.00332	0.01373	0.00621	0.00561
12	0.01663	0.01535	0.02451	0.11420	0.54098	0.01600	0.01863	0.08020	0.06628	0.02316	0.01364	0.01698	0.01100	0.00634	0.00654	0.00200	0.00769	0.00598	0.00376	0.01015
13	0.00957	0.00638	0.00718	0.00718	0.00718	0.00638	0.00399	0.00957	0.00957	0.01276	0.02074	0.04308	0.02393	0.76864	0.03351	0.00638	0.00638	0.00957	0.00399	0.00399
14	0.04760	0.13685	0.05214	0.08219	0.02587	0.20302	0.20239	0.13191	0.01806	0.02217	0.01194	0.01444	0.00930	0.00639	0.00628	0.00191	0.00959	0.00551	0.00376	0.00870
15	0.45689	0.10560	0.17011	0.01151	0.01710	0.01560	0.01163	0.02121	0.01293	0.10817	0.01170	0.01274	0.00862	0.00632	0.00486	0.00197	0.00638	0.00420	0.00412	0.00832
16	0.03849	0.01290	0.04297	0.01094	0.01626	0.01051	0.00913	0.05627	0.04581	0.07952	0.01463	0.04760	0.01211	0.00650	0.00597	0.00139	0.03208	0.00513	0.00453	0.54725

[dist]
# distance from previous block
# <min> <max>
4	7

[block]
# block no. 2 follows, 33 sequences, length 20
# corresponding to MSA columns:
# 149-168
name=unknown_C
#
# <colnr> <probs for GDERKNQSTAVLIFYWHMCP>
#	G	D	E	R	K	N	Q	S	T	A	V	L	I	F	Y	W	H	M	C	P
0	0.08649	0.01420	0.09981	0.01410	0.08469	0.01079	0.01119	0.02084	0.03237	0.17629	0.03333	0.07403	0.01489	0.00745	0.00589	0.00171	0.00580	0.00617	0.00496	0.29501
1	0.01351	0.01141	0.01330	0.00975	0.01518	0.00884	0.00776	0.03589	0.01435	0.02200	0.04125	0.03646	0.03130	0.00602	0.00521	0.00112	0.00481	0.00492	0.00422	0.71270
2	0.02334	0.04738	0.01949	0.01481	0.01975	0.05785	0.01214	0.53658	0.13896	0.03693	0.01701	0.01680	0.01237	0.00792	0.00648	0.00198	0.00715	0.00599	0.00629	0.01078
3	0.01679	0.01558	0.02473	0.09837	0.57791	0.04475	0.01874	0.02055	0.01510	0.05309	0.01282	0.01639	0.01044	0.00603	0.00644	0.00193	0.00785	0.00575	0.00348	0.04328
4	0.01547	0.01680	0.08081	0.09730	0.48127	0.01604	0.08777	0.01965	0.01436	0.02049	0.01203	0.01619	0.00992	0.00644	0.00800	0.00210	0.07656	0.00597	0.00317	0.00966
5	0.01380	0.06587	0.60203	0.01860	0.02749	0.01596	0.06734	0.02188	0.06680	0.02112	0.01292	0.01480	0.00934	0.00638	0.00629	0.00207	0.00935	0.00519	0.00311	0.00967
6	0.01428	0.01553	0.03228	0.02546	0.09068	0.01460	0.52196	0.01894	0.01512	0.02043	0.01901	0.10742	0.05535	0.00798	0.00773	0.00225	0.00951	0.00924	0.00381	0.00841
7	0.01466	0.01387	0.02350	0.29032	0.45313	0.01490	0.01907	0.01870	0.01435	0.01977	0.01321	0.01948	0.01115	0.00670	0.00666	0.00209	0.00807	0.03796	0.00327	0.00912
8	0.00959	0.00862	0.03567	0.10433	0.01706	0.00799	0.06630	0.01193	0.01333	0.01762	0.03197	0.48286	0.07053	0.01671	0.00808	0.00257	0.00542	0.07794	0.00537	0.00611
9	0.00810	0.00622	0.00742	0.00810	0.00934	0.00554	0.00570	0.00971	0.01432	0.01846	0.13962	0.40186	0.30562	0.01816	0.00808	0.00242	0.00354	0.01597	0.00626	0.00554
10	0.01383	0.01259	0.02028	0.63383	0.09529	0.01521	0.01792	0.07735	0.01486	0.01934	0.01211	0.01730	0.00911	0.00664	0.00658	0.00216	0.00857	0.00586	0.00327	0.00789
11	0.06094	0.01708	0.01892	0.01625	0.07334	0.01876	0.01237	0.54007	0.06753	0.05495	0.01632	0.01659	0.01179	0.00772	0.00640	0.00198	0.00688	0.00592	0.03546	0.01071
12	0.81514	0.01273	0.00968	0.00866	0.01273	0.01477	0.00713	0.01935	0.01120	0.02954	0.00917	0.01069	0.00713	0.00611	0.00407	0.00204	0.00509	0.00356	0.00407	0.00713
13	0.01503	0.01434	0.02461	0.14948	0.54018	0.01473	0.04382	0.01886	0.01454	0.02040	0.01414	0.07370	0.01268	0.00709	0.00672	0.00206	0.00779	0.00691	0.00343	0.00949
14	0.01994	0.01239	0.01439	0.01181	0.01621	0.01233	0.00943	0.07670	0.27113	0.25093	0.04511	0.02528	0.07172	0.00873	0.00651	0.00196	0.00523	0.00717	0.00671	0.12630
15	0.01014	0.00797	0.00990	0.00939	0.01182	0.00664	0.00675	0.01195	0.01300	0.01855	0.02705	0.48236	0.03085	0.01471	0.00708	0.00204	0.00422	0.01315	0.00528	0.30718
16	0.15936	0.01410	0.01724	0.15310	0.12013	0.03181	0.03003	0.15536	0.11223	0.02651	0.04026	0.02158	0.07500	0.00804	0.00630	0.00208	0.00668	0.00657	0.00484	0.00876
17	0.01449	0.03343	0.05726	0.04054	0.07924	0.03765	0.17488	0.03850	0.05560	0.04136	0.08759	0.10773	0.04311	0.00970	0.00912	0.00221	0.11020	0.00851	0.00446	0.04442
18	0.01611	0.01608	0.09802	0.03084	0.01931	0.07238	0.08309	0.07687	0.09816	0.09202	0.04271	0.09293	0.10467	0.01065	0.00866	0.00226	0.08591	0.03584	0.00515	0.00836
19	0.01841	0.01264	0.01511	0.03090	0.07379	0.07827	0.03276	0.02199	0.06141	0.23307	0.05718	0.11993	0.08160	0.00989	0.00672	0.00197	0.00595	0.00845	0.00584	0.12411

[dist]
# distance from previous block
# <min> <max>
0	26

[block]
# block no. 3 follows, 33 sequences, length 30
# corresponding to MSA columns:
# 196-225
name=unknown_D
#
# <colnr> <probs for GDERKNQSTAVLIFYWHMCP>
#	G	D	E	R	K	N	Q	S	T	A	V	L	I	F	Y	W	H	M	C	P
0	0.04160	0.34534	0.10892	0.01307	0.01854	0.09306	0.01249	0.07080	0.07365	0.11965	0.03539	0.01542	0.01226	0.00685	0.00544	0.00175	0.00734	0.00493	0.00436	0.00915
1	0.04420	0.21058	0.28535	0.01490	0.02172	0.03730	0.01602	0.16456	0.01769	0.06372	0.01330	0.01547	0.01025	0.00685	0.00580	0.00187	0.00796	0.02381	0.00407	0.03459
2	0.06308	0.35225	0.06812	0.05373	0.01926	0.13145	0.01204	0.04510	0.08865	0.06027	0.01308	0.01488	0.01073	0.03438	0.00628	0.00190	0.00764	0.00474	0.00386	0.00856
3	0.10258	0.14817	0.07357	0.01225	0.01599	0.05833	0.05234	0.03755	0.05715	0.04638	0.03906	0.21454	0.07540	0.01140	0.00656	0.00214	0.00620	0.02800	0.00485	0.00754
4	0.01361	0.10156	0.67054	0.01808	0.02743	0.01627	0.02313	0.02074	0.01385	0.02036	0.01157	0.01359	0.00835	0.00620	0.00607	0.00202	0.00948	0.00474	0.00278	0.00961
5	0.01792	0.04216	0.13750	0.14751	0.20692	0.03519	0.05834	0.02205	0.01515	0.17026	0.01537	0.01869	0.01157	0.00716	0.00734	0.00210	0.04661	0.02452	0.00421	0.00943
6	0.01426	0.09143	0.47178	0.02076	0.02925	0.01659	0.22228	0.02082	0.01434	0.02047	0.01203	0.01475	0.00883	0.00600	0.00653	0.00207	0.00990	0.00560	0.00294	0.00937
7	0.02275	0.02853	0.01743	0.01609	0.01915	0.66035	0.01199	0.02439	0.01798	0.01619	0.01308	0.09546	0.01237	0.00832	0.00621	0.00180	0.01098	0.00585	0.00369	0.00738
8	0.00802	0.00573	0.00764	0.00917	0.00955	0.00535	0.00611	0.00917	0.01260	0.01681	0.03628	0.76434	0.04354	0.02062	0.00840	0.00267	0.00382	0.01872	0.00611	0.00535
9	0.01546	0.01945	0.17247	0.09384	0.24015	0.01584	0.23438	0.02049	0.01463	0.04645	0.01278	0.01649	0.00983	0.00632	0.00774	0.00214	0.05258	0.00628	0.00331	0.00936
10	0.02283	0.02801	0.02168	0.02028	0.08752	0.57227	0.09016	0.04579	0.01834	0.01794	0.01090	0.01306	0.00891	0.00660	0.00621	0.00179	0.01127	0.00483	0.00347	0.00814
11	0.01760	0.77260	0.03450	0.01126	0.01690	0.02605	0.01126	0.01971	0.01338	0.01549	0.00915	0.01056	0.00845	0.00563	0.00422	0.00141	0.00704	0.00352	0.00282	0.00845
12	0.00909	0.00653	0.00763	0.00803	0.00962	0.00572	0.00576	0.01068	0.01445	0.05468	0.09141	0.34182	0.37554	0.01763	0.00797	0.00239	0.00363	0.01534	0.00628	0.00580
13	0.01336	0.03299	0.68930	0.01935	0.02888	0.01538	0.06849	0.02086	0.01401	0.02086	0.01191	0.01415	0.00845	0.00621	0.00635	0.00209	0.00982	0.00505	0.00282	0.00967
14	0.00802	0.00573	0.00764	0.00917	0.00955	0.00535	0.00611	0.00917	0.01260	0.01681	0.03628	0.76434	0.04354	0.02062	0.00840	0.00267	0.00382	0.01872	0.00611	0.00535
15	0.01554	0.01776	0.03885	0.02775	0.03441	0.01665	0.70366	0.02109	0.01554	0.02109	0.01332	0.01776	0.00999	0.00555	0.00777	0.00222	0.01110	0.00777	0.00333	0.00888
16	0.01381	0.01402	0.02632	0.44648	0.07578	0.01542	0.24745	0.01909	0.03972	0.01888	0.01283	0.01781	0.00968	0.00629	0.00698	0.00219	0.00937	0.00655	0.00322	0.00811
17	0.00957	0.00638	0.00718	0.00718	0.00718	0.00638	0.00399	0.00957	0.00957	0.01276	0.02074	0.04308	0.02393	0.76864	0.03351	0.00638	0.00638	0.00957	0.00399	0.00399
18	0.00802	0.00573	0.00764	0.00917	0.00955	0.00535	0.00611	0.00917	0.01260	0.01681	0.03628	0.76434	0.04354	0.02062	0.00840	0.00267	0.00382	0.01872	0.00611	0.00535
19	0.01564	0.01526	0.02676	0.17474	0.41884	0.01602	0.13134	0.04450	0.01506	0.02097	0.01234	0.01666	0.00997	0.00632	0.00751	0.00209	0.04707	0.00617	0.00331	0.00943
20	0.01320	0.03405	0.73453	0.01876	0.02849	0.01529	0.02432	0.02085	0.01390	0.02085	0.01181	0.01390	0.00834	0.00625	0.00625	0.00208	0.00973	0.00486	0.00278	0.00973
21	0.02503	0.01844	0.01976	0.01515	0.02042	0.02042	0.01251	0.70562	0.03095	0.04149	0.01581	0.01581	0.01120	0.00790	0.00659	0.00198	0.00724	0.00593	0.00659	0.01120
22	0.01483	0.01512	0.02010	0.01727	0.01741	0.05050	0.01433	0.01628	0.01044	0.01585	0.00871	0.01430	0.00863	0.01132	0.02095	0.00283	0.72530	0.00570	0.00290	0.00722
23	0.00799	0.00583	0.00753	0.00889	0.00948	0.00537	0.00599	0.00920	0.01287	0.01691	0.03966	0.68647	0.11923	0.02019	0.00833	0.00262	0.00377	0.01818	0.00611	0.00537
24	0.00817	0.00589	0.00750	0.00872	0.00923	0.00548	0.00577	0.00924	0.01249	0.01645	0.03734	0.62017	0.10362	0.10336	0.01113	0.00304	0.00406	0.01726	0.00588	0.00522
25	0.02565	0.01782	0.01908	0.01472	0.01990	0.04163	0.01212	0.58832	0.02884	0.13902	0.01708	0.01662	0.01184	0.00790	0.00657	0.00198	0.00716	0.00597	0.00671	0.01108
26	0.02922	0.01171	0.01559	0.01195	0.01706	0.01042	0.00987	0.07890	0.01968	0.68412	0.02527	0.02195	0.01594	0.00813	0.00662	0.00203	0.00572	0.00657	0.00804	0.01120
27	0.00896	0.00612	0.00736	0.00797	0.00812	0.00597	0.00483	0.00941	0.01078	0.01437	0.02692	0.32972	0.03173	0.47137	0.02353	0.00491	0.00536	0.01321	0.00483	0.00453
28	0.17559	0.13690	0.02149	0.03569	0.02035	0.23302	0.07465	0.18452	0.01888	0.02512	0.01149	0.01307	0.00900	0.00662	0.00565	0.00185	0.00856	0.00477	0.00418	0.00861
29	0.04797	0.05304	0.02054	0.03474	0.02125	0.24646	0.06987	0.26875	0.08562	0.02737	0.01402	0.01508	0.01067	0.00710	0.00622	0.00186	0.00868	0.00540	0.00485	0.05053

[dist]
# distance from previous block
# <min> <max>
1	34

[block]
# block no. 4 follows, 33 sequences, length 25
# corresponding to MSA columns:
# 262-286
name=unknown_E
#
# <colnr> <probs for GDERKNQSTAVLIFYWHMCP>
#	G	D	E	R	K	N	Q	S	T	A	V	L	I	F	Y	W	H	M	C	P
0	0.00932	0.00730	0.00852	0.00878	0.01003	0.03224	0.00634	0.01143	0.01572	0.02103	0.33904	0.27836	0.13410	0.04963	0.00910	0.00250	0.00394	0.04041	0.00641	0.00580
1	0.01257	0.01042	0.01394	0.01269	0.01415	0.01210	0.02995	0.03971	0.03133	0.04415	0.05427	0.06951	0.15473	0.07648	0.01460	0.00294	0.25049	0.14433	0.00494	0.00671
2	0.81514	0.01273	0.00968	0.00866	0.01273	0.01477	0.00713	0.01935	0.01120	0.02954	0.00917	0.01069	0.00713	0.00611	0.00407	0.00204	0.00509	0.00356	0.00407	0.00713
3	0.01629	0.01564	0.02672	0.04041	0.72757	0.01564	0.02020	0.02020	0.01499	0.02151	0.01238	0.01629	0.01043	0.00587	0.00652	0.00196	0.00782	0.00587	0.00326	0.01043
4	0.02796	0.01198	0.01550	0.01195	0.01694	0.01094	0.00985	0.12182	0.02030	0.60736	0.02641	0.02334	0.04708	0.00849	0.00667	0.00204	0.00572	0.00685	0.00785	0.01095
5	0.01243	0.01170	0.01975	0.75282	0.04534	0.01463	0.01828	0.01682	0.01316	0.01682	0.01170	0.01755	0.00878	0.00658	0.00658	0.00219	0.00878	0.00585	0.00293	0.00731
6	0.08589	0.01340	0.01560	0.01281	0.01717	0.01381	0.01064	0.29136	0.02220	0.26792	0.02243	0.04931	0.01793	0.00991	0.00687	0.00220	0.00623	0.11767	0.00681	0.00986
7	0.01277	0.01205	0.02036	0.68985	0.10564	0.01472	0.01845	0.01712	0.01333	0.01723	0.01176	0.01744	0.00892	0.00652	0.00658	0.00217	0.00869	0.00585	0.00295	0.00759
8	0.01818	0.01374	0.01494	0.01317	0.01708	0.01545	0.01032	0.03458	0.61986	0.12443	0.02668	0.02427	0.01957	0.00882	0.00669	0.00221	0.00526	0.00733	0.00690	0.01053
9	0.00801	0.00578	0.00759	0.00904	0.00952	0.00536	0.00606	0.00918	0.01272	0.01685	0.03780	0.72929	0.07761	0.02043	0.00837	0.00265	0.00380	0.01847	0.00611	0.00536
10	0.01320	0.03405	0.73453	0.01876	0.02849	0.01529	0.02432	0.02085	0.01390	0.02085	0.01181	0.01390	0.00834	0.00625	0.00625	0.00208	0.00973	0.00486	0.00278	0.00973
11	0.01211	0.00873	0.01187	0.04517	0.01544	0.00922	0.01079	0.01647	0.08103	0.05249	0.03162	0.10267	0.03301	0.01620	0.00914	0.00285	0.03803	0.49045	0.00594	0.00677
12	0.01270	0.01207	0.01980	0.65167	0.04148	0.01539	0.01775	0.01669	0.01274	0.01669	0.01128	0.01712	0.00876	0.00726	0.00865	0.00229	0.11161	0.00584	0.00292	0.00730
13	0.00802	0.00573	0.00764	0.00917	0.00955	0.00535	0.00611	0.00917	0.01260	0.01681	0.03628	0.76434	0.04354	0.02062	0.00840	0.00267	0.00382	0.01872	0.00611	0.00535
14	0.04938	0.04672	0.02373	0.16631	0.16415	0.19880	0.12867	0.04940	0.07124	0.02053	0.01287	0.01587	0.01013	0.00651	0.00643	0.00199	0.00920	0.00572	0.00366	0.00869
15	0.12181	0.12357	0.08268	0.11961	0.02385	0.15223	0.06587	0.11690	0.04223	0.05309	0.01251	0.01449	0.00958	0.00679	0.00629	0.00195	0.02877	0.00510	0.00403	0.00865
16	0.00813	0.00588	0.00769	0.00893	0.00954	0.00544	0.00605	0.00950	0.01333	0.01778	0.10395	0.65241	0.08763	0.01969	0.00830	0.00259	0.00372	0.01776	0.00622	0.00544
17	0.02565	0.01744	0.01914	0.01467	0.01991	0.01893	0.01212	0.61216	0.02927	0.13732	0.01722	0.01672	0.01190	0.00794	0.00659	0.00198	0.00702	0.00602	0.00680	0.01120
18	0.02004	0.04142	0.09410	0.07879	0.17608	0.01600	0.08937	0.17776	0.06023	0.15571	0.01638	0.01762	0.01180	0.00698	0.00660	0.00203	0.00772	0.00614	0.00503	0.01020
19	0.01491	0.01023	0.01182	0.01054	0.01355	0.01053	0.00818	0.02364	0.28385	0.13425	0.26042	0.03763	0.13026	0.01136	0.00718	0.00215	0.00432	0.00966	0.00702	0.00849
20	0.02463	0.03036	0.01874	0.01682	0.02036	0.68537	0.01270	0.07978	0.01962	0.01811	0.01062	0.01218	0.00869	0.00687	0.00599	0.00172	0.01151	0.00437	0.00364	0.00791
21	0.74094	0.01259	0.01020	0.00895	0.01312	0.01429	0.00737	0.02055	0.01193	0.09590	0.01075	0.01180	0.00800	0.00630	0.00431	0.00204	0.00514	0.00385	0.00446	0.00751
22	0.07920	0.01534	0.01952	0.12716	0.14714	0.09555	0.03410	0.04337	0.01452	0.05069	0.07867	0.01840	0.01435	0.00859	0.01075	0.00226	0.22227	0.00613	0.00389	0.00810
23	0.11313	0.08057	0.09447	0.01620	0.04281	0.03736	0.11088	0.17138	0.03727	0.12221	0.01454	0.01567	0.01065	0.00686	0.00663	0.00194	0.03456	0.00552	0.00480	0.07254
24	0.01567	0.03414	0.09815	0.09666	0.17889	0.04264	0.24493	0.03948	0.05513	0.02109	0.01309	0.01658	0.01023	0.00639	0.00761	0.00207	0.05134	0.00626	0.00350	0.05616

[dist]
# distance from previous block
# <min> <max>
0	3

[block]
# block no. 5 follows, 33 sequences, length 66
# corresponding to MSA columns:
# 290-355
name=unknown_F
#
# <colnr> <probs for GDERKNQSTAVLIFYWHMCP>
#	G	D	E	R	K	N	Q	S	T	A	V	L	I	F	Y	W	H	M	C	P
0	0.01727	0.01605	0.02369	0.09257	0.48338	0.04364	0.01777	0.09835	0.09768	0.02384	0.01429	0.01713	0.01142	0.00654	0.00653	0.00200	0.00769	0.00599	0.00400	0.01015
1	0.00802	0.00573	0.00764	0.00917	0.00955	0.00535	0.00611	0.00917	0.01260	0.01681	0.03628	0.76434	0.04354	0.02062	0.00840	0.00267	0.00382	0.01872	0.00611	0.00535
2	0.01320	0.03405	0.73453	0.01876	0.02849	0.01529	0.02432	0.02085	0.01390	0.02085	0.01181	0.01390	0.00834	0.00625	0.00625	0.00208	0.00973	0.00486	0.00278	0.00973
3	0.01698	0.01570	0.02493	0.03560	0.59787	0.01609	0.01858	0.07481	0.09017	0.02369	0.01417	0.01713	0.01151	0.00635	0.00654	0.00199	0.00750	0.00604	0.00388	0.01049
4	0.00957	0.00689	0.00915	0.00902	0.01057	0.00647	0.00706	0.01266	0.01797	0.02511	0.59186	0.05399	0.05747	0.01437	0.00802	0.00225	0.00367	0.14071	0.00702	0.00618
5	0.01365	0.01170	0.01365	0.00975	0.01560	0.00878	0.00780	0.01658	0.01365	0.02145	0.01170	0.01365	0.00975	0.00488	0.00488	0.00098	0.00488	0.00390	0.00390	0.80888
6	0.00979	0.00729	0.00946	0.01048	0.01219	0.00697	0.00890	0.01245	0.01527	0.01948	0.07369	0.07021	0.22462	0.01757	0.00868	0.00277	0.00520	0.47291	0.00613	0.00593
7	0.05186	0.02341	0.02242	0.01861	0.02201	0.38028	0.14923	0.02316	0.03438	0.03565	0.01126	0.01412	0.00926	0.00760	0.00957	0.00209	0.16829	0.00538	0.00350	0.00793
8	0.00866	0.00696	0.00779	0.00766	0.00968	0.00619	0.00584	0.01135	0.03673	0.02086	0.26880	0.05838	0.46083	0.01552	0.00781	0.00222	0.00346	0.04884	0.00648	0.00593
9	0.01243	0.01170	0.01975	0.75282	0.04534	0.01463	0.01828	0.01682	0.01316	0.01682	0.01170	0.01755	0.00878	0.00658	0.00658	0.00219	0.00878	0.00585	0.00293	0.00731
10	0.01555	0.01495	0.02570	0.17387	0.58313	0.01547	0.03596	0.01959	0.01466	0.02062	0.01228	0.01656	0.01011	0.00599	0.00656	0.00201	0.00808	0.00591	0.00320	0.00981
11	0.81514	0.01273	0.00968	0.00866	0.01273	0.01477	0.00713	0.01935	0.01120	0.02954	0.00917	0.01069	0.00713	0.00611	0.00407	0.00204	0.00509	0.00356	0.00407	0.00713
12	0.01047	0.00748	0.01045	0.01197	0.01342	0.00746	0.01037	0.01340	0.01502	0.01955	0.03493	0.11112	0.03819	0.01832	0.00906	0.00301	0.00594	0.64776	0.00606	0.00602
13	0.00894	0.00694	0.00816	0.00788	0.00973	0.00630	0.00590	0.01198	0.04243	0.02278	0.42071	0.08095	0.31370	0.01480	0.00776	0.00216	0.00330	0.01276	0.00675	0.00608
14	0.03586	0.24195	0.04171	0.04161	0.18310	0.13168	0.04021	0.06882	0.01657	0.12002	0.01316	0.01466	0.01024	0.00642	0.00576	0.00179	0.00801	0.00503	0.00406	0.00934
15	0.01637	0.01554	0.02620	0.07231	0.67567	0.01573	0.01989	0.04006	0.01537	0.02188	0.01245	0.01634	0.01037	0.00596	0.00652	0.00197	0.00785	0.00587	0.00334	0.01031
16	0.01440	0.01440	0.02016	0.01728	0.01728	0.02016	0.01440	0.01584	0.01008	0.01584	0.00864	0.01440	0.00864	0.01152	0.02160	0.00288	0.75659	0.00576	0.00288	0.00720
17	0.01163	0.00937	0.01421	0.09545	0.06047	0.00933	0.07267	0.01571	0.06083	0.05019	0.28262	0.14122	0.10056	0.01248	0.00758	0.00223	0.00522	0.03524	0.00586	0.00712
18	0.06637	0.01801	0.10819	0.02860	0.33554	0.01626	0.14765	0.06786	0.08135	0.02360	0.01377	0.01663	0.01080	0.00646	0.00703	0.00208	0.03008	0.00611	0.00380	0.00980
19	0.01302	0.01230	0.02081	0.64398	0.14957	0.01478	0.01858	0.01734	0.01344	0.01754	0.01181	0.01736	0.00903	0.00647	0.00657	0.00216	0.00863	0.00585	0.00298	0.00779
20	0.00778	0.00667	0.00667	0.00667	0.00889	0.00556	0.00500	0.00945	0.01501	0.01778	0.06669	0.06336	0.72490	0.01667	0.00778	0.00222	0.00333	0.01389	0.00611	0.00556
21	0.01797	0.01633	0.07472	0.10353	0.30763	0.03630	0.05453	0.04041	0.09653	0.12750	0.01586	0.01797	0.01195	0.00698	0.00729	0.00208	0.04202	0.00614	0.00439	0.00987
22	0.01548	0.01686	0.07470	0.16600	0.44012	0.03376	0.11723	0.01991	0.01475	0.02042	0.01230	0.01646	0.00988	0.00600	0.00668	0.00204	0.00869	0.00603	0.00318	0.00952
23	0.01165	0.01028	0.01456	0.01328	0.01382	0.01340	0.01062	0.01339	0.01027	0.01531	0.01389	0.02225	0.01362	0.09545	0.35843	0.00677	0.34672	0.00670	0.00328	0.00630
24	0.01320	0.03405	0.73453	0.01876	0.02849	0.01529	0.02432	0.02085	0.01390	0.02085	0.01181	0.01390	0.00834	0.00625	0.00625	0.00208	0.00973	0.00486	0.00278	0.00973
25	0.01590	0.01886	0.09876	0.04423	0.08320	0.03592	0.42479	0.04798	0.07518	0.02186	0.01394	0.01742	0.01062	0.00644	0.00815	0.00220	0.05479	0.00699	0.00365	0.00912
26	0.01404	0.26348	0.43753	0.01539	0.02284	0.01763	0.01829	0.01926	0.01360	0.01874	0.01356	0.09203	0.01209	0.00758	0.00584	0.00193	0.00826	0.00590	0.00314	0.00886
27	0.02954	0.01120	0.01528	0.01171	0.01681	0.00968	0.00968	0.03208	0.01884	0.73213	0.02597	0.02241	0.01630	0.00815	0.00662	0.00204	0.00560	0.00662	0.00815	0.01120
28	0.01817	0.01225	0.01943	0.36128	0.15526	0.01338	0.01565	0.02178	0.01516	0.22901	0.03199	0.01935	0.01249	0.00728	0.00723	0.00213	0.03836	0.00621	0.00462	0.00898
29	0.01619	0.42198	0.33630	0.01452	0.02191	0.02072	0.01684	0.02071	0.01383	0.04734	0.01100	0.01249	0.00872	0.00600	0.00520	0.00173	0.00814	0.00423	0.00302	0.00912
30	0.53143	0.01267	0.01200	0.00999	0.01444	0.01366	0.00824	0.06936	0.01478	0.23643	0.01454	0.01447	0.01009	0.00683	0.00499	0.00203	0.00539	0.00462	0.00544	0.00860
31	0.81514	0.01273	0.00968	0.00866	0.01273	0.01477	0.00713	0.01935	0.01120	0.02954	0.00917	0.01069	0.00713	0.00611	0.00407	0.00204	0.00509	0.00356	0.00407	0.00713
32	0.00947	0.00804	0.00834	0.00802	0.01047	0.00759	0.00609	0.01435	0.14346	0.02023	0.11008	0.05517	0.54487	0.01501	0.00758	0.00221	0.00366	0.01256	0.00631	0.00650
33	0.00889	0.00671	0.00821	0.00783	0.00957	0.00603	0.00588	0.01160	0.01763	0.02400	0.54130	0.05312	0.24642	0.01435	0.00777	0.00211	0.00317	0.01246	0.00693	0.00603
34	0.00802	0.00573	0.00764	0.00917	0.00955	0.00535	0.00611	0.00917	0.01260	0.01681	0.03628	0.76434	0.04354	0.02062	0.00840	0.00267	0.00382	0.01872	0.00611	0.00535
35	0.02477	0.01698	0.01890	0.01455	0.01958	0.01843	0.01201	0.55318	0.02765	0.13797	0.01678	0.01660	0.01176	0.00798	0.00718	0.00199	0.03979	0.00594	0.00654	0.04141
36	0.01597	0.01593	0.02414	0.21008	0.47899	0.07511	0.01892	0.01973	0.01467	0.01973	0.01190	0.01617	0.00980	0.00632	0.00703	0.00202	0.03527	0.00573	0.00318	0.00933
37	0.00971	0.00721	0.00914	0.00850	0.01030	0.00673	0.00641	0.01347	0.05029	0.02600	0.64774	0.04752	0.08246	0.01312	0.00763	0.00205	0.00326	0.01154	0.00708	0.02983
38	0.01704	0.01570	0.02545	0.08552	0.59989	0.01612	0.01919	0.09915	0.01671	0.02350	0.01273	0.01632	0.01041	0.00615	0.00653	0.00197	0.00782	0.00587	0.00362	0.01031
39	0.01571	0.01485	0.02494	0.19928	0.55206	0.01557	0.01953	0.04135	0.01509	0.02110	0.01234	0.01656	0.01008	0.00609	0.00653	0.00201	0.00802	0.00586	0.00329	0.00975
40	0.81514	0.01273	0.00968	0.00866	0.01273	0.01477	0.00713	0.01935	0.01120	0.02954	0.00917	0.01069	0.00713	0.00611	0.00407	0.00204	0.00509	0.00356	0.00407	0.00713
41	0.01485	0.02500	0.32901	0.02365	0.03149	0.03927	0.39761	0.02115	0.01495	0.02083	0.01259	0.01596	0.00925	0.00588	0.00708	0.00215	0.01055	0.00644	0.00310	0.00919
42	0.00957	0.00641	0.00730	0.00730	0.00735	0.00645	0.00414	0.00965	0.00961	0.01286	0.02063	0.04245	0.02366	0.74241	0.05936	0.00654	0.00679	0.00948	0.00397	0.00406
43	0.01243	0.01170	0.01975	0.75282	0.04534	0.01463	0.01828	0.01682	0.01316	0.01682	0.01170	0.01755	0.00878	0.00658	0.00658	0.00219	0.00878	0.00585	0.00293	0.00731
44	0.01591	0.01561	0.02586	0.15401	0.56396	0.03931	0.04963	0.01990	0.01484	0.02056	0.01224	0.01642	0.01008	0.00600	0.00656	0.00200	0.00825	0.00589	0.00321	0.00977
45	0.00779	0.00663	0.00671	0.00678	0.00892	0.00555	0.00505	0.00943	0.01490	0.01774	0.06530	0.09547	0.69368	0.01685	0.00781	0.00224	0.00336	0.01411	0.00611	0.00555
46	0.04204	0.38417	0.37782	0.01486	0.02246	0.02038	0.01755	0.02026	0.01356	0.01859	0.01046	0.01221	0.00835	0.00595	0.00522	0.00176	0.00830	0.00418	0.00284	0.00903
47	0.02534	0.01446	0.01806	0.04859	0.04884	0.01510	0.01196	0.29216	0.02250	0.34849	0.01953	0.01877	0.01316	0.00813	0.00770	0.00208	0.06149	0.00622	0.00671	0.01070
48	0.01637	0.01414	0.01489	0.01340	0.01712	0.01637	0.01042	0.03498	0.71568	0.02754	0.02679	0.02456	0.02010	0.00893	0.00670	0.00223	0.00521	0.00744	0.00670	0.01042
49	0.00981	0.00766	0.01137	0.01113	0.01221	0.00921	0.00874	0.01209	0.01054	0.01533	0.01690	0.02492	0.01582	0.04627	0.68346	0.00995	0.07820	0.00695	0.00347	0.00599
50	0.01525	0.01454	0.02455	0.17931	0.54621	0.01529	0.01918	0.01914	0.01458	0.02055	0.03487	0.01753	0.01169	0.00644	0.00707	0.00204	0.03283	0.00605	0.00331	0.00957
51	0.01824	0.01962	0.02394	0.09299	0.47772	0.21420	0.01800	0.02159	0.01584	0.01964	0.01172	0.01519	0.00976	0.00618	0.00636	0.00190	0.00901	0.00542	0.00327	0.00941
52	0.06004	0.70710	0.03269	0.03540	0.01761	0.02507	0.01127	0.01960	0.01325	0.01628	0.00924	0.01080	0.00839	0.00569	0.00429	0.00147	0.00699	0.00360	0.00289	0.00834
53	0.00800	0.00668	0.00700	0.00711	0.00919	0.00568	0.00537	0.00979	0.01511	0.01829	0.09910	0.09198	0.62994	0.01673	0.00787	0.00227	0.00347	0.04465	0.00617	0.00561
54	0.01320	0.03405	0.73453	0.01876	0.02849	0.01529	0.02432	0.02085	0.01390	0.02085	0.01181	0.01390	0.00834	0.00625	0.00625	0.00208	0.00973	0.00486	0.00278	0.00973
55	0.01281	0.03682	0.02060	0.69048	0.08086	0.01505	0.01816	0.01710	0.01327	0.01703	0.01165	0.01726	0.00885	0.00651	0.00650	0.00216	0.00867	0.00578	0.00294	0.00752
56	0.01243	0.01170	0.01975	0.75282	0.04534	0.01463	0.01828	0.01682	0.01316	0.01682	0.01170	0.01755	0.00878	0.00658	0.00658	0.00219	0.00878	0.00585	0.00293	0.00731
57	0.00778	0.00667	0.00667	0.00667	0.00889	0.00556	0.00500	0.00945	0.01501	0.01778	0.06669	0.06336	0.72490	0.01667	0.00778	0.00222	0.00333	0.01389	0.00611	0.00556
58	0.81514	0.01273	0.00968	0.00866	0.01273	0.01477	0.00713	0.01935	0.01120	0.02954	0.00917	0.01069	0.00713	0.00611	0.00407	0.00204	0.00509	0.00356	0.00407	0.00713
59	0.11627	0.01634	0.05284	0.10048	0.02285	0.03516	0.08002	0.16923	0.25814	0.02782	0.01745	0.01833	0.01305	0.00768	0.00695	0.00215	0.03439	0.00623	0.00518	0.00945
60	0.08408	0.01783	0.01921	0.03492	0.08233	0.05769	0.01285	0.46624	0.07366	0.03490	0.01508	0.01584	0.01113	0.00770	0.00693	0.00202	0.03583	0.00575	0.00571	0.01032
61	0.01075	0.01043	0.01001	0.01079	0.06617	0.08960	0.00732	0.01332	0.04233	0.01876	0.09336	0.05161	0.52314	0.01424	0.00743	0.00213	0.00470	0.01182	0.00568	0.00639
62	0.01841	0.01565	0.02359	0.05189	0.52404	0.06155	0.01753	0.03841	0.01600	0.11684	0.01504	0.04513	0.01232	0.00686	0.00657	0.00198	0.00764	0.00635	0.00410	0.01010
63	0.02229	0.01579	0.01988	0.03541	0.14019	0.03515	0.04043	0.29037	0.10460	0.17378	0.01888	0.02022	0.01387	0.00792	0.00671	0.00206	0.00704	0.02885	0.00604	0.01053
64	0.04901	0.01532	0.02383	0.11555	0.31274	0.04173	0.10008	0.06697	0.01621	0.13218	0.01434	0.01706	0.01084	0.00675	0.00739	0.00207	0.04800	0.00606	0.00422	0.00963
65	0.01608	0.46250	0.15701	0.07272	0.04974	0.02185	0.07348	0.01969	0.01358	0.01726	0.01028	0.01266	0.00867	0.00603	0.00578	0.00173	0.03494	0.00447	0.00288	0.00865

[dist]
# distance from previous block
# <min> <max>
2	17

[block]
# block no. 6 follows, 33 sequences, length 27
# corresponding to MSA columns:
# 373-399
name=unknown_G
#
# <colnr> <probs for GDERKNQSTAVLIFYWHMCP>
#	G	D	E	R	K	N	Q	S	T	A	V	L	I	F	Y	W	H	M	C	P
0	0.02085	0.01347	0.01830	0.04969	0.19342	0.01348	0.01281	0.06545	0.18456	0.26160	0.02048	0.02012	0.01462	0.00742	0.00647	0.00198	0.00622	0.00634	0.00594	0.07679
1	0.01555	0.01425	0.02156	0.14801	0.33522	0.03890	0.01652	0.01875	0.01398	0.05387	0.01513	0.01994	0.04196	0.00803	0.00954	0.00217	0.15465	0.02610	0.00361	0.04226
2	0.01243	0.01170	0.01975	0.75282	0.04534	0.01463	0.01828	0.01682	0.01316	0.01682	0.01170	0.01755	0.00878	0.00658	0.00658	0.00219	0.00878	0.00585	0.00293	0.00731
3	0.01538	0.20349	0.24473	0.02078	0.06542	0.01854	0.24059	0.02113	0.04738	0.01983	0.01230	0.01500	0.00958	0.00615	0.00678	0.00199	0.03292	0.00569	0.00318	0.00914
4	0.01258	0.01155	0.01908	0.56435	0.13066	0.01372	0.01673	0.01635	0.01295	0.01693	0.01293	0.02061	0.01091	0.10289	0.00998	0.00269	0.00835	0.00632	0.00310	0.00730
5	0.74960	0.01260	0.01014	0.00891	0.01307	0.01434	0.00734	0.02041	0.01184	0.08815	0.01057	0.01167	0.00789	0.00628	0.00429	0.00204	0.00514	0.00382	0.00441	0.00747
6	0.00873	0.00644	0.00831	0.00915	0.01015	0.00578	0.00622	0.01004	0.01260	0.01717	0.03281	0.64823	0.03884	0.04957	0.00903	0.00263	0.00405	0.01663	0.00577	0.09784
7	0.01527	0.01460	0.02487	0.22921	0.54677	0.01537	0.01969	0.01931	0.01451	0.02027	0.01220	0.01663	0.00999	0.00606	0.00653	0.00202	0.00807	0.00586	0.00317	0.00960
8	0.00830	0.00669	0.00739	0.00721	0.00921	0.00578	0.00541	0.01045	0.01623	0.02069	0.28809	0.05858	0.50169	0.01559	0.00778	0.00217	0.00326	0.01322	0.00650	0.00578
9	0.01925	0.02076	0.02456	0.01948	0.02336	0.22817	0.20609	0.12084	0.03677	0.02159	0.01202	0.01507	0.00969	0.00769	0.01012	0.00215	0.18087	0.00590	0.00383	0.03181
10	0.02355	0.01670	0.01818	0.01439	0.01929	0.01836	0.01174	0.48223	0.18473	0.11166	0.01937	0.01849	0.01375	0.00816	0.00661	0.00204	0.00661	0.00634	0.00678	0.01102
11	0.00882	0.00671	0.00811	0.00776	0.00953	0.00600	0.00582	0.01146	0.01746	0.02360	0.51061	0.05378	0.27735	0.01450	0.00777	0.00212	0.00318	0.01255	0.00688	0.00600
12	0.81514	0.01273	0.00968	0.00866	0.01273	0.01477	0.00713	0.01935	0.01120	0.02954	0.00917	0.01069	0.00713	0.00611	0.00407	0.00204	0.00509	0.00356	0.00407	0.00713
13	0.01366	0.01317	0.02268	0.49970	0.21144	0.01525	0.06169	0.01788	0.01363	0.01820	0.01184	0.01712	0.00925	0.00656	0.00730	0.00217	0.04129	0.00597	0.00303	0.00817
14	0.02503	0.01844	0.01976	0.01515	0.02042	0.02042	0.01251	0.70562	0.03095	0.04149	0.01581	0.01581	0.01120	0.00790	0.00659	0.00198	0.00724	0.00593	0.00659	0.01120
15	0.01637	0.01414	0.01489	0.01340	0.01712	0.01637	0.01042	0.03498	0.71568	0.02754	0.02679	0.02456	0.02010	0.00893	0.00670	0.00223	0.00521	0.00744	0.00670	0.01042
16	0.01243	0.01170	0.01975	0.75282	0.04534	0.01463	0.01828	0.01682	0.01316	0.01682	0.01170	0.01755	0.00878	0.00658	0.00658	0.00219	0.00878	0.00585	0.00293	0.00731
17	0.02413	0.03060	0.01872	0.01697	0.02021	0.70926	0.01280	0.02581	0.01826	0.01610	0.01011	0.01199	0.00849	0.00700	0.00665	0.00175	0.04586	0.00431	0.00337	0.00761
18	0.81514	0.01273	0.00968	0.00866	0.01273	0.01477	0.00713	0.01935	0.01120	0.02954	0.00917	0.01069	0.00713	0.00611	0.00407	0.00204	0.00509	0.00356	0.00407	0.00713
19	0.00802	0.00573	0.00764	0.00917	0.00955	0.00535	0.00611	0.00917	0.01260	0.01681	0.03628	0.76434	0.04354	0.02062	0.00840	0.00267	0.00382	0.01872	0.00611	0.00535
20	0.01010	0.00841	0.01154	0.03879	0.13428	0.00790	0.00862	0.01291	0.01659	0.02231	0.35456	0.04723	0.27581	0.01300	0.00751	0.00211	0.00419	0.01133	0.00603	0.00675
21	0.00815	0.00651	0.00729	0.00746	0.00921	0.00566	0.00546	0.01002	0.01534	0.01942	0.19973	0.18680	0.46235	0.01671	0.00789	0.00227	0.00337	0.01434	0.00635	0.00566
22	0.02464	0.01889	0.01950	0.01516	0.02027	0.05543	0.01244	0.64447	0.05898	0.03967	0.01599	0.01598	0.01144	0.00789	0.00656	0.00197	0.00738	0.00591	0.00643	0.01099
23	0.01856	0.01504	0.02366	0.02748	0.36389	0.01452	0.08920	0.10673	0.01732	0.11384	0.01452	0.01675	0.01111	0.00622	0.00642	0.00184	0.00736	0.00587	0.00440	0.13526
24	0.01790	0.12398	0.16650	0.12101	0.13649	0.04710	0.07834	0.07500	0.01607	0.11091	0.01358	0.01581	0.01013	0.00665	0.00676	0.00199	0.03288	0.00554	0.00393	0.00939
25	0.01555	0.43277	0.32134	0.04988	0.02302	0.02108	0.01696	0.02004	0.01358	0.01775	0.01037	0.01227	0.00842	0.00593	0.00517	0.00172	0.00823	0.00418	0.00281	0.00892
26	0.00816	0.00703	0.00733	0.00719	0.00924	0.00629	0.00542	0.00976	0.01459	0.01752	0.06238	0.06033	0.66719	0.04152	0.00930	0.00239	0.03953	0.01336	0.00589	0.00558

[dist]
# distance from previous block
# <min> <max>
0	41

# created by:
# /home/berkeley/.conda/envs/busco_data_prod/bin/msa2prfl.pl pipeline/OGs_align_augustus/4893/41240.fs
