[name]
unknown

[dist]
# distance from previous block
# <min> <max>
0	9

[block]
# block no. 0 follows, 33 sequences, length 26
# corresponding to MSA columns:
# 9-34
name=unknown_A
#
# <colnr> <probs for GDERKNQSTAVLIFYWHMCP>
#	G	D	E	R	K	N	Q	S	T	A	V	L	I	F	Y	W	H	M	C	P
0	0.04465	0.00964	0.00961	0.01025	0.01156	0.09645	0.00754	0.01281	0.01444	0.01880	0.11801	0.38606	0.07240	0.04253	0.00878	0.00261	0.00518	0.11704	0.00575	0.00588
1	0.05248	0.14931	0.02059	0.01386	0.01838	0.14573	0.04354	0.26156	0.05013	0.05365	0.04740	0.02045	0.07870	0.00822	0.00618	0.00188	0.00745	0.00627	0.00516	0.00906
2	0.06750	0.01932	0.03671	0.01441	0.04550	0.28252	0.01088	0.09152	0.08705	0.02251	0.11312	0.05810	0.06406	0.01139	0.04469	0.00241	0.00830	0.00723	0.00489	0.00790
3	0.08347	0.01398	0.01635	0.01512	0.08484	0.01456	0.01098	0.13996	0.25311	0.17894	0.02035	0.01955	0.01471	0.00762	0.00623	0.00197	0.00583	0.00616	0.00614	0.10012
4	0.00938	0.00714	0.00844	0.00820	0.00999	0.00656	0.00609	0.04542	0.01709	0.02274	0.35927	0.16040	0.28429	0.01537	0.00781	0.00221	0.00350	0.01332	0.00665	0.00610
5	0.00931	0.00677	0.00823	0.00870	0.01020	0.00631	0.00635	0.01147	0.03497	0.04657	0.06323	0.33901	0.29039	0.02076	0.07767	0.00322	0.00513	0.03982	0.00600	0.00591
6	0.02743	0.00745	0.00860	0.00826	0.01045	0.00676	0.00620	0.01371	0.04627	0.09293	0.20780	0.15739	0.35210	0.01509	0.00763	0.00223	0.00370	0.01292	0.00657	0.00650
7	0.05952	0.01292	0.01577	0.01241	0.01731	0.01264	0.01016	0.14904	0.11324	0.48933	0.02362	0.02106	0.01553	0.00813	0.00652	0.00205	0.00581	0.00648	0.00752	0.01093
8	0.04578	0.00642	0.00728	0.00785	0.00914	0.00608	0.00559	0.01144	0.01382	0.02025	0.09640	0.35367	0.17165	0.01548	0.00712	0.00223	0.00354	0.01349	0.19705	0.00573
9	0.04846	0.00700	0.00860	0.00876	0.01038	0.00646	0.00635	0.01274	0.01497	0.09114	0.19932	0.36846	0.15995	0.01635	0.00777	0.00236	0.00381	0.01439	0.00648	0.00625
10	0.01052	0.00704	0.00852	0.00871	0.01036	0.00645	0.00628	0.01297	0.04765	0.08448	0.12452	0.35358	0.24148	0.03527	0.00852	0.00248	0.00389	0.01463	0.00641	0.00626
11	0.00984	0.00685	0.00843	0.00811	0.00992	0.00612	0.00605	0.01231	0.01699	0.06116	0.42851	0.12705	0.24455	0.01483	0.00777	0.00218	0.00338	0.01290	0.00686	0.00621
12	0.00902	0.00641	0.00795	0.00860	0.00979	0.00584	0.00614	0.01065	0.01418	0.03956	0.13155	0.39530	0.21242	0.05554	0.00941	0.00267	0.00393	0.05917	0.00621	0.00566
13	0.02961	0.00650	0.00737	0.00782	0.00935	0.00581	0.00561	0.01000	0.01452	0.01887	0.13964	0.30908	0.37777	0.01738	0.00790	0.00236	0.00352	0.01507	0.00621	0.00561
14	0.01864	0.01492	0.01590	0.01369	0.01778	0.01696	0.01082	0.17258	0.54932	0.05645	0.02451	0.02268	0.01813	0.00869	0.00667	0.00217	0.00564	0.00710	0.00673	0.01061
15	0.06037	0.01462	0.01542	0.01315	0.01723	0.01650	0.01045	0.20174	0.44079	0.06243	0.02281	0.02154	0.01685	0.00843	0.00643	0.00211	0.00563	0.00676	0.04647	0.01027
16	0.03545	0.00909	0.01094	0.00978	0.01261	0.00857	0.00753	0.09263	0.01735	0.21791	0.09361	0.22186	0.16940	0.01341	0.00724	0.00221	0.00452	0.01145	0.04667	0.00780
17	0.05017	0.00858	0.01088	0.00982	0.01212	0.00819	0.00728	0.04890	0.01512	0.24240	0.09481	0.20084	0.02766	0.14409	0.04463	0.04514	0.00565	0.01028	0.00615	0.00727
18	0.00855	0.00620	0.00777	0.00845	0.00918	0.00591	0.00571	0.00983	0.01275	0.01696	0.10540	0.38951	0.13085	0.17487	0.07340	0.00396	0.00534	0.01455	0.00558	0.00523
19	0.01108	0.00729	0.00904	0.00925	0.01050	0.00703	0.00646	0.04502	0.03856	0.07218	0.10999	0.42155	0.07453	0.13152	0.01184	0.00305	0.00445	0.01442	0.00611	0.00614
20	0.01025	0.00711	0.00805	0.00785	0.00984	0.00632	0.00575	0.01239	0.03356	0.07992	0.12929	0.15180	0.41428	0.08163	0.00998	0.00262	0.00389	0.01315	0.00625	0.00608
21	0.01137	0.00939	0.01361	0.03932	0.08648	0.00923	0.06474	0.05945	0.03305	0.02156	0.19247	0.20793	0.13084	0.07849	0.00986	0.00261	0.00524	0.01191	0.00561	0.00685
22	0.04794	0.01392	0.02238	0.10415	0.02445	0.04353	0.24505	0.03783	0.09629	0.02118	0.07756	0.08264	0.03735	0.00971	0.00923	0.04240	0.06395	0.00829	0.00437	0.00778
23	0.01590	0.01356	0.02215	0.21427	0.33719	0.01427	0.05232	0.04524	0.03946	0.07884	0.01717	0.02044	0.04977	0.00896	0.04014	0.00245	0.00815	0.00657	0.00399	0.00917
24	0.01931	0.01906	0.01977	0.05229	0.15541	0.22304	0.03446	0.07899	0.09274	0.06872	0.03016	0.01892	0.04452	0.00816	0.00844	0.00207	0.10452	0.00615	0.00441	0.00884
25	0.05391	0.01608	0.01917	0.05078	0.09563	0.05393	0.04691	0.28139	0.12158	0.13224	0.04839	0.01927	0.01485	0.00780	0.00657	0.00203	0.00701	0.00640	0.00591	0.01015

[dist]
# distance from previous block
# <min> <max>
2	16

[block]
# block no. 1 follows, 33 sequences, length 30
# corresponding to MSA columns:
# 51-80
name=unknown_B
#
# <colnr> <probs for GDERKNQSTAVLIFYWHMCP>
#	G	D	E	R	K	N	Q	S	T	A	V	L	I	F	Y	W	H	M	C	P
0	0.07650	0.01432	0.01798	0.01820	0.15339	0.01531	0.03031	0.25343	0.06629	0.07355	0.05350	0.03792	0.10096	0.00915	0.00748	0.00210	0.04724	0.00740	0.00555	0.00941
1	0.09997	0.01393	0.02155	0.04353	0.43567	0.01413	0.04433	0.04097	0.03858	0.04650	0.07549	0.02196	0.06020	0.00745	0.00651	0.00202	0.00684	0.00679	0.00423	0.00934
2	0.06564	0.01433	0.04641	0.04658	0.05823	0.03755	0.11788	0.12028	0.13034	0.02491	0.09168	0.02640	0.09200	0.01306	0.08251	0.00298	0.00797	0.00774	0.00506	0.00845
3	0.01526	0.01338	0.02013	0.04342	0.31975	0.01378	0.04901	0.10341	0.09817	0.02461	0.11565	0.11307	0.02275	0.00932	0.00701	0.00211	0.00650	0.00855	0.00496	0.00916
4	0.02184	0.02381	0.01884	0.01862	0.10632	0.39712	0.01298	0.14402	0.11766	0.02284	0.01598	0.01690	0.03906	0.00756	0.00630	0.00187	0.00930	0.00556	0.00450	0.00890
5	0.01567	0.01571	0.06732	0.26121	0.23518	0.05183	0.01689	0.11722	0.01627	0.02179	0.01315	0.01743	0.01051	0.01181	0.09704	0.00309	0.00958	0.00587	0.00364	0.00878
6	0.01724	0.09161	0.14057	0.02379	0.17363	0.03580	0.21206	0.07740	0.05201	0.06624	0.03619	0.01744	0.01225	0.00654	0.00666	0.00202	0.00863	0.00630	0.00403	0.00959
7	0.01382	0.01195	0.01448	0.01169	0.06058	0.00921	0.00858	0.01681	0.01374	0.02146	0.01174	0.01382	0.00979	0.00494	0.00498	0.00104	0.00506	0.00402	0.00386	0.75844
8	0.01853	0.01375	0.01498	0.01283	0.01679	0.01516	0.01015	0.15670	0.42939	0.10833	0.05728	0.02656	0.07112	0.00941	0.00679	0.00216	0.00541	0.00773	0.00682	0.01012
9	0.00872	0.00647	0.00725	0.00734	0.00840	0.00595	0.00487	0.00986	0.01307	0.01681	0.13192	0.12460	0.28803	0.31729	0.01813	0.00391	0.00457	0.01239	0.00541	0.00500
10	0.00984	0.00689	0.00798	0.00771	0.00958	0.00608	0.00566	0.01180	0.01566	0.06649	0.25237	0.10725	0.36718	0.08397	0.01009	0.00258	0.00373	0.01280	0.00639	0.00596
11	0.00791	0.00655	0.00693	0.00710	0.00904	0.00557	0.00523	0.00960	0.01492	0.01820	0.10419	0.15544	0.59265	0.01699	0.00786	0.00227	0.00338	0.01441	0.00618	0.00557
12	0.02717	0.01122	0.01494	0.01188	0.01663	0.01011	0.00980	0.03113	0.07848	0.62503	0.02662	0.02598	0.01803	0.00887	0.00679	0.00212	0.00560	0.05091	0.00789	0.01080
13	0.81514	0.01273	0.00968	0.00866	0.01273	0.01477	0.00713	0.01935	0.01120	0.02954	0.00917	0.01069	0.00713	0.00611	0.00407	0.00204	0.00509	0.00356	0.00407	0.00713
14	0.01415	0.01183	0.01373	0.01011	0.01559	0.00943	0.00805	0.06714	0.01487	0.02265	0.01351	0.05987	0.01193	0.00607	0.00522	0.00115	0.00499	0.00496	0.00423	0.70052
15	0.02150	0.01654	0.02036	0.01566	0.02068	0.01759	0.09667	0.49490	0.02599	0.03537	0.01681	0.02023	0.01302	0.00809	0.00668	0.00199	0.00726	0.05031	0.05113	0.05923
16	0.22265	0.06322	0.03212	0.03655	0.04250	0.30523	0.05405	0.03673	0.01512	0.02058	0.01071	0.01335	0.00888	0.00947	0.05359	0.00248	0.05688	0.00467	0.00355	0.00769
17	0.02381	0.01687	0.01840	0.01433	0.01925	0.01843	0.01176	0.56846	0.07125	0.09164	0.06354	0.01902	0.01545	0.00835	0.00667	0.00200	0.00673	0.00646	0.00675	0.01082
18	0.81514	0.01273	0.00968	0.00866	0.01273	0.01477	0.00713	0.01935	0.01120	0.02954	0.00917	0.01069	0.00713	0.00611	0.00407	0.00204	0.00509	0.00356	0.00407	0.00713
19	0.01629	0.01564	0.02672	0.04041	0.72757	0.01564	0.02020	0.02020	0.01499	0.02151	0.01238	0.01629	0.01043	0.00587	0.00652	0.00196	0.00782	0.00587	0.00326	0.01043
20	0.01702	0.01446	0.01525	0.01353	0.01736	0.01668	0.01058	0.08491	0.66470	0.02858	0.02598	0.02391	0.01943	0.00885	0.00669	0.00221	0.00536	0.00733	0.00669	0.01048
21	0.02356	0.01456	0.01640	0.01305	0.01765	0.01543	0.01063	0.34170	0.14265	0.22590	0.02099	0.01993	0.01465	0.00812	0.00642	0.00199	0.00605	0.00639	0.08332	0.01058
22	0.00812	0.00577	0.00761	0.00904	0.00939	0.00541	0.00597	0.00919	0.01241	0.01654	0.03528	0.71755	0.04227	0.06915	0.01003	0.00291	0.00399	0.01812	0.00597	0.00526
23	0.00943	0.00642	0.00765	0.00777	0.00795	0.00654	0.00470	0.00982	0.00994	0.01340	0.02157	0.09766	0.02452	0.61788	0.12210	0.00663	0.00762	0.00997	0.00410	0.00434
24	0.05378	0.02209	0.01693	0.01513	0.01857	0.34450	0.01166	0.06180	0.29533	0.02243	0.01692	0.01721	0.01318	0.00795	0.00715	0.00201	0.05399	0.00566	0.00486	0.00887
25	0.00938	0.00710	0.01024	0.05857	0.06286	0.00710	0.00830	0.01107	0.01287	0.01732	0.05409	0.48980	0.03583	0.04429	0.05749	0.02713	0.00562	0.06968	0.00541	0.00584
26	0.00817	0.00589	0.00778	0.00923	0.00977	0.00550	0.00634	0.00946	0.01289	0.01704	0.03773	0.68555	0.07766	0.02027	0.00841	0.00267	0.00394	0.06019	0.00611	0.00540
27	0.01673	0.01403	0.01493	0.01319	0.01691	0.01603	0.01032	0.10182	0.59354	0.02888	0.07786	0.02551	0.02233	0.00917	0.00677	0.00219	0.00526	0.00762	0.00673	0.01018
28	0.05120	0.01462	0.01503	0.01335	0.01709	0.03886	0.01051	0.10939	0.53453	0.02813	0.02417	0.02425	0.01860	0.01052	0.03564	0.00253	0.00616	0.02912	0.00632	0.00996
29	0.22886	0.40607	0.09062	0.01177	0.01710	0.06691	0.01142	0.02114	0.05908	0.02054	0.01062	0.01190	0.00885	0.00611	0.00464	0.00171	0.00696	0.00396	0.00344	0.00829

[dist]
# distance from previous block
# <min> <max>
2	5

[block]
# block no. 2 follows, 33 sequences, length 16
# corresponding to MSA columns:
# 87-102
name=unknown_C
#
# <colnr> <probs for GDERKNQSTAVLIFYWHMCP>
#	G	D	E	R	K	N	Q	S	T	A	V	L	I	F	Y	W	H	M	C	P
0	0.08215	0.01275	0.01993	0.37966	0.23547	0.01461	0.01663	0.01808	0.03656	0.01961	0.01463	0.04404	0.03319	0.00742	0.00706	0.00216	0.03802	0.00641	0.00345	0.00817
1	0.01687	0.01627	0.01598	0.01462	0.07763	0.15129	0.01041	0.07690	0.10520	0.02254	0.01534	0.06472	0.01323	0.00713	0.00582	0.00155	0.00663	0.00573	0.00447	0.36767
2	0.01648	0.01360	0.01430	0.01277	0.01637	0.01559	0.00996	0.07327	0.60426	0.02808	0.02560	0.02403	0.01924	0.00874	0.00648	0.00215	0.00512	0.00722	0.08669	0.01004
3	0.00919	0.00663	0.00868	0.00837	0.00981	0.00613	0.00620	0.01210	0.01804	0.02545	0.65590	0.12009	0.06027	0.01417	0.00783	0.00213	0.00318	0.01258	0.00713	0.00613
4	0.01400	0.01014	0.01207	0.01165	0.01430	0.01072	0.00938	0.02277	0.28166	0.08443	0.13397	0.07525	0.06252	0.01316	0.00769	0.00245	0.00505	0.21400	0.00666	0.00813
5	0.02503	0.01844	0.01976	0.01515	0.02042	0.02042	0.01251	0.70562	0.03095	0.04149	0.01581	0.01581	0.01120	0.00790	0.00659	0.00198	0.00724	0.00593	0.00659	0.01120
6	0.01467	0.01637	0.03524	0.02560	0.03154	0.01534	0.62315	0.01971	0.01520	0.02059	0.01597	0.10393	0.01386	0.00729	0.00784	0.00227	0.01026	0.00903	0.00365	0.00847
7	0.01335	0.09940	0.39080	0.01654	0.04577	0.01451	0.06280	0.03874	0.02885	0.02140	0.11777	0.02276	0.04992	0.04041	0.00763	0.00221	0.00793	0.00667	0.00387	0.00868
8	0.01402	0.01058	0.01247	0.00984	0.01428	0.00892	0.00774	0.01847	0.08954	0.08336	0.13743	0.04648	0.06930	0.00826	0.00600	0.00151	0.00454	0.00694	0.00533	0.44498
9	0.02292	0.02317	0.01788	0.01534	0.01917	0.36177	0.01190	0.30497	0.02306	0.02667	0.01542	0.09755	0.01352	0.00879	0.00648	0.00192	0.00906	0.00655	0.00501	0.00885
10	0.01160	0.00912	0.01108	0.01166	0.07375	0.00895	0.00792	0.09027	0.04709	0.02291	0.21653	0.04681	0.25687	0.10411	0.01066	0.00268	0.00471	0.05046	0.00597	0.00683
11	0.02218	0.01218	0.04181	0.01536	0.11329	0.01092	0.01098	0.08318	0.03433	0.37263	0.05169	0.05529	0.01779	0.00938	0.00769	0.04957	0.00581	0.00709	0.06917	0.00966
12	0.01668	0.09874	0.19425	0.04340	0.06051	0.03828	0.03785	0.06732	0.01513	0.09993	0.01467	0.06341	0.01223	0.00885	0.02282	0.00220	0.10767	0.00612	0.00407	0.08588
13	0.04310	0.29908	0.02505	0.05928	0.06655	0.22991	0.01287	0.12728	0.01753	0.02057	0.01082	0.01268	0.00900	0.00661	0.00599	0.00173	0.03523	0.00447	0.00364	0.00862
14	0.00933	0.00660	0.00869	0.00882	0.00941	0.00702	0.00604	0.01055	0.01069	0.01480	0.05101	0.11127	0.02454	0.36444	0.31994	0.00753	0.01058	0.00959	0.00416	0.00500
15	0.01348	0.14460	0.05950	0.07376	0.19853	0.03223	0.01373	0.01664	0.01432	0.01890	0.04519	0.12631	0.02213	0.01224	0.03140	0.00250	0.00722	0.15522	0.00427	0.00783

[dist]
# distance from previous block
# <min> <max>
0	7

[block]
# block no. 3 follows, 33 sequences, length 25
# corresponding to MSA columns:
# 110-134
name=unknown_D
#
# <colnr> <probs for GDERKNQSTAVLIFYWHMCP>
#	G	D	E	R	K	N	Q	S	T	A	V	L	I	F	Y	W	H	M	C	P
0	0.09514	0.04039	0.01404	0.01279	0.05831	0.11999	0.00890	0.09551	0.08309	0.02179	0.06074	0.04042	0.01854	0.22906	0.01398	0.00317	0.00680	0.00705	0.00462	0.06567
1	0.05161	0.01743	0.04574	0.07626	0.25312	0.10868	0.03758	0.11680	0.06576	0.06523	0.01548	0.02000	0.01262	0.00765	0.00710	0.00208	0.03450	0.04852	0.00442	0.00940
2	0.05392	0.00781	0.00865	0.00826	0.00972	0.00787	0.00574	0.01400	0.09847	0.02023	0.23458	0.04391	0.13893	0.30044	0.01724	0.00375	0.00475	0.01032	0.00560	0.00583
3	0.01878	0.03772	0.01980	0.15317	0.16606	0.13366	0.01436	0.09318	0.19938	0.07237	0.01684	0.01817	0.01276	0.00730	0.00643	0.00202	0.00774	0.00600	0.00477	0.00949
4	0.00808	0.00577	0.00769	0.00913	0.00956	0.00539	0.00612	0.00931	0.01287	0.01723	0.06688	0.73253	0.04437	0.02031	0.00837	0.00265	0.00379	0.01841	0.00616	0.00539
5	0.01018	0.00717	0.00860	0.00880	0.01079	0.00648	0.00701	0.01237	0.01540	0.06414	0.12197	0.08648	0.36793	0.04246	0.00899	0.00258	0.00435	0.20195	0.00627	0.00606
6	0.01656	0.42431	0.31832	0.01435	0.02161	0.02064	0.01648	0.02095	0.01393	0.06246	0.01129	0.01266	0.00889	0.00604	0.00520	0.00172	0.00805	0.00426	0.00313	0.00914
7	0.00955	0.00648	0.00768	0.00768	0.00786	0.00666	0.00462	0.00990	0.00972	0.01314	0.02028	0.04053	0.02283	0.66204	0.13860	0.00700	0.00805	0.00920	0.00392	0.00427
8	0.01365	0.01170	0.01365	0.00975	0.01560	0.00878	0.00780	0.01658	0.01365	0.02145	0.01170	0.01365	0.00975	0.00488	0.00488	0.00098	0.00488	0.00390	0.00390	0.80888
9	0.81514	0.01273	0.00968	0.00866	0.01273	0.01477	0.00713	0.01935	0.01120	0.02954	0.00917	0.01069	0.00713	0.00611	0.00407	0.00204	0.00509	0.00356	0.00407	0.00713
10	0.01556	0.01566	0.02005	0.01716	0.01763	0.06530	0.01421	0.04999	0.01163	0.01711	0.00909	0.01431	0.00876	0.01105	0.01990	0.00276	0.67366	0.00567	0.00309	0.00742
11	0.01129	0.03556	0.01034	0.00904	0.01107	0.03692	0.00672	0.01476	0.07321	0.04653	0.30437	0.12387	0.15373	0.09459	0.01018	0.00256	0.00438	0.01132	0.00615	0.03341
12	0.01629	0.01564	0.02672	0.04041	0.72757	0.01564	0.02020	0.02020	0.01499	0.02151	0.01238	0.01629	0.01043	0.00587	0.00652	0.00196	0.00782	0.00587	0.00326	0.01043
13	0.00813	0.00578	0.00761	0.00903	0.00938	0.00542	0.00596	0.00920	0.01239	0.01652	0.03519	0.71334	0.04215	0.07352	0.01018	0.00294	0.00400	0.01807	0.00596	0.00525
14	0.01422	0.01272	0.02122	0.50750	0.03760	0.01534	0.08375	0.01868	0.03733	0.06264	0.01285	0.01768	0.00974	0.00735	0.00880	0.00228	0.11295	0.00613	0.00342	0.00780
15	0.05673	0.01122	0.01458	0.01377	0.04300	0.05131	0.04382	0.08547	0.01354	0.01937	0.01555	0.02169	0.01389	0.03401	0.47285	0.00748	0.06441	0.00650	0.00380	0.00701
16	0.01543	0.04278	0.11108	0.09454	0.51201	0.01564	0.04699	0.01980	0.01468	0.02076	0.01294	0.01792	0.01088	0.00636	0.00655	0.00202	0.00817	0.02840	0.00326	0.00981
17	0.00824	0.00573	0.00770	0.00913	0.00949	0.00537	0.00609	0.00913	0.01235	0.01646	0.03470	0.71680	0.04149	0.02077	0.00951	0.05414	0.00394	0.01788	0.00590	0.00519
18	0.01108	0.00871	0.01171	0.01180	0.05666	0.00856	0.05136	0.07056	0.01395	0.01833	0.03150	0.18020	0.16108	0.27264	0.04110	0.00399	0.00613	0.02966	0.00498	0.00601
19	0.01671	0.29919	0.21232	0.01634	0.02269	0.09200	0.11008	0.02295	0.11070	0.01937	0.01294	0.01447	0.01023	0.00635	0.00575	0.00184	0.00853	0.00506	0.00347	0.00903
20	0.06755	0.05130	0.07772	0.01277	0.01668	0.04011	0.03450	0.06205	0.22092	0.11568	0.01938	0.02191	0.01530	0.07298	0.07143	0.05462	0.00742	0.00648	0.02263	0.00858
21	0.00796	0.00596	0.00740	0.00855	0.00939	0.00540	0.00584	0.00924	0.01319	0.01705	0.04373	0.59266	0.21042	0.01966	0.00825	0.00256	0.00370	0.01753	0.00611	0.00540
22	0.01583	0.01597	0.05238	0.13890	0.45461	0.03654	0.05190	0.06306	0.01583	0.02166	0.01589	0.01927	0.05519	0.00681	0.00664	0.00202	0.00800	0.00638	0.00359	0.00953
23	0.04778	0.19588	0.12527	0.01742	0.09667	0.18182	0.01432	0.11049	0.09135	0.04010	0.01325	0.01440	0.01038	0.00672	0.00577	0.00183	0.00832	0.00493	0.00406	0.00924
24	0.01994	0.01672	0.01700	0.09195	0.02064	0.10943	0.01170	0.37122	0.06136	0.03043	0.06267	0.09234	0.01796	0.03704	0.00774	0.00221	0.00726	0.00755	0.00570	0.00913

[dist]
# distance from previous block
# <min> <max>
0	6

[block]
# block no. 4 follows, 33 sequences, length 36
# corresponding to MSA columns:
# 141-176
name=unknown_E
#
# <colnr> <probs for GDERKNQSTAVLIFYWHMCP>
#	G	D	E	R	K	N	Q	S	T	A	V	L	I	F	Y	W	H	M	C	P
0	0.07984	0.05569	0.05524	0.01855	0.15552	0.09367	0.01296	0.11266	0.21949	0.04019	0.01934	0.01975	0.04917	0.00771	0.00621	0.00198	0.00691	0.00617	0.00498	0.03398
1	0.02018	0.04207	0.01939	0.05485	0.06597	0.39244	0.05150	0.03691	0.03460	0.04715	0.01283	0.01700	0.01103	0.07561	0.03454	0.00259	0.06437	0.00550	0.00371	0.00777
2	0.00808	0.00636	0.00730	0.00774	0.00925	0.00558	0.00555	0.00978	0.01472	0.01869	0.15103	0.29713	0.40035	0.01754	0.00799	0.00235	0.00346	0.01523	0.00628	0.00558
3	0.01671	0.01531	0.02562	0.09168	0.63116	0.01555	0.01948	0.04353	0.01551	0.04353	0.01286	0.01656	0.01051	0.00606	0.00653	0.00198	0.00780	0.00589	0.00350	0.01025
4	0.73259	0.01210	0.00950	0.00856	0.01230	0.01390	0.00692	0.01849	0.01150	0.02851	0.04603	0.01432	0.01079	0.04594	0.00578	0.00226	0.00506	0.00430	0.00423	0.00692
5	0.00811	0.00616	0.00747	0.00824	0.00937	0.00553	0.00576	0.00968	0.01417	0.01837	0.13524	0.44361	0.26769	0.01841	0.00812	0.00245	0.00357	0.01626	0.00626	0.00553
6	0.00815	0.00656	0.00726	0.00735	0.00919	0.00567	0.00541	0.01006	0.01547	0.01953	0.20563	0.15425	0.48937	0.01650	0.00786	0.00225	0.00335	0.01411	0.00636	0.00567
7	0.00946	0.00649	0.00790	0.00798	0.00824	0.00671	0.00497	0.01000	0.00994	0.01349	0.02091	0.07686	0.02341	0.58213	0.17791	0.00705	0.00856	0.00953	0.00400	0.00445
8	0.00952	0.00685	0.00914	0.00929	0.01073	0.00647	0.00727	0.01245	0.01730	0.02399	0.50066	0.11377	0.05472	0.01519	0.00814	0.00235	0.00388	0.17529	0.00687	0.00610
9	0.00942	0.00707	0.00880	0.00852	0.01022	0.00662	0.00645	0.01295	0.05077	0.02434	0.52256	0.08645	0.15853	0.01432	0.00781	0.00218	0.00343	0.04638	0.00693	0.00626
10	0.01760	0.77260	0.03450	0.01126	0.01690	0.02605	0.01126	0.01971	0.01338	0.01549	0.00915	0.01056	0.00845	0.00563	0.00422	0.00141	0.00704	0.00352	0.00282	0.00845
11	0.02600	0.01688	0.01879	0.01441	0.01964	0.01810	0.01190	0.56040	0.02834	0.19040	0.01800	0.01723	0.01230	0.00796	0.00659	0.00199	0.00689	0.00608	0.00692	0.01120
12	0.01637	0.01414	0.01489	0.01340	0.01712	0.01637	0.01042	0.03498	0.71568	0.02754	0.02679	0.02456	0.02010	0.00893	0.00670	0.00223	0.00521	0.00744	0.00670	0.01042
13	0.01038	0.00806	0.00935	0.00881	0.01090	0.00781	0.00665	0.04969	0.09435	0.02417	0.37511	0.10096	0.24059	0.01410	0.00764	0.00217	0.00367	0.01216	0.00675	0.00668
14	0.01854	0.67566	0.03253	0.01187	0.01735	0.06610	0.01144	0.07016	0.01496	0.01742	0.00970	0.01102	0.00865	0.00586	0.00449	0.00147	0.00733	0.00374	0.00312	0.00860
15	0.01343	0.01147	0.01342	0.00973	0.01536	0.00864	0.00773	0.01629	0.01361	0.02127	0.01267	0.04314	0.01108	0.00549	0.00501	0.00104	0.00483	0.00448	0.00399	0.77732
16	0.01569	0.01696	0.07937	0.08942	0.54152	0.01567	0.10425	0.02011	0.01484	0.02106	0.01241	0.01639	0.01010	0.00591	0.00666	0.00201	0.00843	0.00603	0.00321	0.00996
17	0.03502	0.06905	0.19219	0.07508	0.19313	0.13217	0.13423	0.02098	0.01486	0.01965	0.01156	0.01479	0.00916	0.00636	0.00710	0.00202	0.04504	0.00549	0.00313	0.00899
18	0.00830	0.00592	0.00762	0.00871	0.00939	0.00545	0.00592	0.00932	0.01296	0.01702	0.07226	0.57146	0.14313	0.01986	0.00954	0.06140	0.00385	0.01672	0.00593	0.00524
19	0.01678	0.10740	0.01699	0.01271	0.01660	0.01661	0.01022	0.05165	0.52343	0.05580	0.07963	0.02443	0.02156	0.00882	0.00647	0.00210	0.00535	0.00723	0.00632	0.00990
20	0.01635	0.15830	0.22980	0.02098	0.16850	0.04623	0.04972	0.05985	0.12754	0.02204	0.01407	0.01570	0.01094	0.00653	0.00606	0.00192	0.00803	0.00539	0.00379	0.02825
21	0.01594	0.01372	0.01459	0.01296	0.01676	0.01548	0.01009	0.03288	0.64111	0.02706	0.04902	0.02459	0.02075	0.00879	0.00660	0.00214	0.00512	0.00733	0.00651	0.06857
22	0.02954	0.01120	0.01528	0.01171	0.01681	0.00968	0.00968	0.03208	0.01884	0.73213	0.02597	0.02241	0.01630	0.00815	0.00662	0.00204	0.00560	0.00662	0.00815	0.01120
23	0.03552	0.03293	0.69156	0.01878	0.02825	0.01532	0.04618	0.02081	0.01388	0.02110	0.01179	0.01394	0.00836	0.00623	0.00624	0.00209	0.00965	0.00492	0.00283	0.00963
24	0.00912	0.00628	0.00742	0.00777	0.00802	0.00620	0.00472	0.00958	0.01058	0.01405	0.02645	0.20501	0.06423	0.52679	0.06127	0.00554	0.00620	0.01172	0.00455	0.00447
25	0.00807	0.00575	0.00762	0.00910	0.00947	0.00538	0.00604	0.00918	0.01250	0.01667	0.03576	0.74001	0.04288	0.04586	0.00925	0.00280	0.00391	0.01841	0.00604	0.00530
26	0.00972	0.00725	0.00969	0.00958	0.01068	0.00777	0.00705	0.01254	0.04736	0.01871	0.21262	0.11991	0.03314	0.14456	0.29329	0.00609	0.02903	0.01010	0.00505	0.00587
27	0.01624	0.40565	0.25802	0.01575	0.02255	0.05557	0.08553	0.02043	0.01393	0.01781	0.01046	0.01251	0.00858	0.00602	0.00575	0.00176	0.02724	0.00447	0.00289	0.00883
28	0.00814	0.00668	0.00716	0.00704	0.00911	0.00571	0.00528	0.01014	0.01585	0.01978	0.21885	0.06007	0.57150	0.01593	0.00778	0.00219	0.00328	0.01343	0.00638	0.00571
29	0.00808	0.00584	0.00767	0.00910	0.00963	0.00542	0.00617	0.00931	0.01282	0.01695	0.03803	0.70349	0.08345	0.02032	0.00839	0.00266	0.00385	0.03734	0.00611	0.00538
30	0.01840	0.01802	0.07231	0.01813	0.07563	0.13089	0.11948	0.16697	0.04045	0.07264	0.04206	0.12090	0.01840	0.00958	0.00706	0.00214	0.00798	0.04503	0.00507	0.00884
31	0.00862	0.00853	0.06053	0.00840	0.01068	0.00641	0.00692	0.01102	0.01549	0.02013	0.23216	0.17248	0.38340	0.01572	0.00777	0.00225	0.00382	0.01351	0.00617	0.00600
32	0.01544	0.01305	0.01389	0.01254	0.01597	0.01477	0.00972	0.06480	0.56221	0.02695	0.06278	0.06434	0.07424	0.01023	0.00691	0.00223	0.00501	0.00860	0.00665	0.00966
33	0.01320	0.03405	0.73453	0.01876	0.02849	0.01529	0.02432	0.02085	0.01390	0.02085	0.01181	0.01390	0.00834	0.00625	0.00625	0.00208	0.00973	0.00486	0.00278	0.00973
34	0.01758	0.05100	0.01922	0.31320	0.06359	0.08462	0.01435	0.18783	0.01870	0.05977	0.05111	0.06025	0.01449	0.00807	0.00657	0.00206	0.00783	0.00668	0.00455	0.00854
35	0.01505	0.01370	0.03522	0.20035	0.11526	0.05104	0.03604	0.14194	0.03977	0.02217	0.03744	0.07829	0.05106	0.12146	0.01079	0.00275	0.00739	0.00792	0.00445	0.00790

[dist]
# distance from previous block
# <min> <max>
1	4

[block]
# block no. 5 follows, 33 sequences, length 48
# corresponding to MSA columns:
# 181-228
name=unknown_F
#
# <colnr> <probs for GDERKNQSTAVLIFYWHMCP>
#	G	D	E	R	K	N	Q	S	T	A	V	L	I	F	Y	W	H	M	C	P
0	0.01765	0.15584	0.15248	0.01645	0.03953	0.22466	0.06309	0.02094	0.01520	0.04010	0.01389	0.06269	0.01256	0.00805	0.00712	0.00194	0.05688	0.03951	0.00361	0.04781
1	0.51007	0.01387	0.06287	0.00996	0.01490	0.01305	0.00879	0.02046	0.01278	0.11199	0.01186	0.01290	0.00882	0.00613	0.00469	0.00184	0.00544	0.00409	0.00444	0.16105
2	0.00959	0.00741	0.00864	0.00808	0.01020	0.00677	0.00611	0.01320	0.06171	0.02333	0.40279	0.04962	0.27322	0.01359	0.00745	0.00206	0.00340	0.01167	0.03479	0.04638
3	0.01864	0.66489	0.03228	0.01197	0.01740	0.08304	0.01146	0.06421	0.01493	0.01721	0.00966	0.01100	0.00863	0.00587	0.00451	0.00147	0.00744	0.00373	0.00310	0.00856
4	0.00815	0.00671	0.00718	0.00712	0.00920	0.00574	0.00538	0.01012	0.01569	0.01944	0.18820	0.06102	0.58241	0.01612	0.00781	0.00222	0.00337	0.03213	0.00632	0.00569
5	0.00835	0.00596	0.00801	0.00954	0.01007	0.00563	0.00668	0.00973	0.01293	0.01717	0.03610	0.67700	0.04283	0.02032	0.00849	0.00272	0.00410	0.10282	0.00610	0.00544
6	0.00783	0.00647	0.00688	0.00720	0.00903	0.00551	0.00524	0.00939	0.01449	0.01757	0.06017	0.21367	0.57880	0.01752	0.00791	0.00232	0.00344	0.01493	0.00611	0.00551
7	0.02954	0.01120	0.01528	0.01171	0.01681	0.00968	0.00968	0.03208	0.01884	0.73213	0.02597	0.02241	0.01630	0.00815	0.00662	0.00204	0.00560	0.00662	0.00815	0.01120
8	0.01227	0.00614	0.00614	0.00614	0.00767	0.00614	0.00460	0.01534	0.01381	0.02454	0.02148	0.02454	0.01687	0.00767	0.00460	0.00153	0.00307	0.00614	0.80518	0.00614
9	0.02459	0.03138	0.01866	0.01696	0.02035	0.74221	0.01272	0.02629	0.01866	0.01611	0.01018	0.01187	0.00848	0.00678	0.00594	0.00170	0.01187	0.00424	0.00339	0.00763
10	0.01618	0.01553	0.02653	0.06045	0.70838	0.01561	0.02015	0.02011	0.01494	0.02138	0.01236	0.01633	0.01038	0.00589	0.00652	0.00196	0.00785	0.00587	0.00325	0.01034
11	0.02377	0.01865	0.01855	0.01461	0.01931	0.08822	0.01183	0.58194	0.02812	0.03705	0.01571	0.01709	0.01177	0.04541	0.00778	0.00215	0.00750	0.00595	0.03429	0.01032
12	0.01357	0.09618	0.67565	0.01813	0.02752	0.01619	0.02322	0.02075	0.01386	0.02040	0.01159	0.01362	0.00835	0.00620	0.00608	0.00203	0.00950	0.00475	0.00278	0.00962
13	0.02162	0.01587	0.01731	0.01392	0.01819	0.01738	0.01127	0.55822	0.02704	0.03620	0.01931	0.10523	0.01681	0.04747	0.00825	0.00232	0.00675	0.04053	0.00638	0.00992
14	0.00957	0.00638	0.00718	0.00718	0.00718	0.00638	0.00399	0.00957	0.00957	0.01276	0.02074	0.04308	0.02393	0.76864	0.03351	0.00638	0.00638	0.00957	0.00399	0.00399
15	0.01787	0.01396	0.01505	0.01307	0.01694	0.01566	0.01029	0.13028	0.51243	0.07555	0.06320	0.02562	0.04199	0.00920	0.00677	0.00217	0.00536	0.00760	0.00679	0.01022
16	0.02779	0.01401	0.01701	0.01304	0.01820	0.01384	0.01077	0.29299	0.02353	0.46460	0.02203	0.01985	0.01432	0.00805	0.00661	0.00201	0.00624	0.00635	0.00754	0.01120
17	0.01243	0.01170	0.01975	0.75282	0.04534	0.01463	0.01828	0.01682	0.01316	0.01682	0.01170	0.01755	0.00878	0.00658	0.00658	0.00219	0.00878	0.00585	0.00293	0.00731
18	0.01343	0.01173	0.01495	0.01091	0.01647	0.00908	0.05373	0.01642	0.01371	0.02114	0.01333	0.06026	0.01185	0.00589	0.00528	0.00116	0.00522	0.00507	0.00400	0.70636
19	0.01509	0.01193	0.01395	0.01017	0.01575	0.00952	0.00816	0.06513	0.01534	0.06017	0.04337	0.01579	0.01245	0.00563	0.00521	0.00115	0.00500	0.00453	0.00445	0.67722
20	0.01557	0.01157	0.01602	0.03424	0.04762	0.03370	0.09127	0.12265	0.04250	0.10884	0.06876	0.30396	0.02801	0.01301	0.00755	0.00232	0.00605	0.03250	0.00590	0.00797
21	0.01570	0.01487	0.02523	0.07401	0.64279	0.01502	0.01943	0.01957	0.01491	0.02115	0.01394	0.02047	0.01229	0.00678	0.00670	0.00204	0.00774	0.05395	0.00344	0.00996
22	0.00789	0.00665	0.00670	0.00670	0.00879	0.00561	0.00494	0.00946	0.01467	0.01747	0.06385	0.06210	0.68163	0.06309	0.00937	0.00248	0.00352	0.01363	0.00598	0.00546
23	0.01475	0.01412	0.02333	0.18961	0.46935	0.02903	0.03632	0.01853	0.01464	0.02021	0.03975	0.07240	0.01431	0.00738	0.00674	0.00207	0.00773	0.00704	0.00354	0.00913
24	0.03690	0.24239	0.25187	0.01619	0.02283	0.04012	0.11512	0.06362	0.04486	0.03822	0.01575	0.01717	0.05368	0.00689	0.00596	0.00190	0.00825	0.00562	0.00366	0.00900
25	0.02453	0.01032	0.01373	0.01096	0.01511	0.00921	0.00880	0.02769	0.04819	0.54522	0.13496	0.02802	0.02412	0.05777	0.00853	0.00233	0.00524	0.00767	0.00768	0.00993
26	0.00801	0.00578	0.00759	0.00904	0.00952	0.00536	0.00606	0.00918	0.01272	0.01685	0.03779	0.72968	0.07724	0.02043	0.00837	0.00265	0.00380	0.01848	0.00611	0.00536
27	0.01320	0.03405	0.73453	0.01876	0.02849	0.01529	0.02432	0.02085	0.01390	0.02085	0.01181	0.01390	0.00834	0.00625	0.00625	0.00208	0.00973	0.00486	0.00278	0.00973
28	0.01724	0.01702	0.02444	0.09868	0.29652	0.10606	0.13601	0.04952	0.09184	0.04050	0.01463	0.01831	0.01176	0.03928	0.00786	0.00222	0.00856	0.00635	0.00392	0.00928
29	0.01340	0.03287	0.68915	0.02015	0.07331	0.01531	0.02406	0.02081	0.01397	0.02089	0.01185	0.01405	0.00847	0.00623	0.00627	0.00208	0.00961	0.00493	0.00281	0.00977
30	0.00804	0.00664	0.00708	0.00719	0.00919	0.00568	0.00539	0.00986	0.01518	0.01859	0.12525	0.11217	0.58998	0.01670	0.00787	0.00227	0.00344	0.03763	0.00622	0.00562
31	0.26091	0.16305	0.11766	0.01383	0.01937	0.01765	0.08299	0.09049	0.09099	0.06569	0.01347	0.01450	0.01017	0.00658	0.00546	0.00196	0.00697	0.00499	0.00434	0.00891
32	0.01618	0.03644	0.10720	0.05117	0.35069	0.07556	0.06637	0.04213	0.05853	0.02115	0.01448	0.04497	0.01248	0.00743	0.00738	0.00209	0.04527	0.02738	0.00369	0.00940
33	0.00909	0.00709	0.00768	0.00741	0.00963	0.00622	0.00560	0.01170	0.04127	0.04222	0.20199	0.05770	0.53812	0.01545	0.00770	0.00219	0.00343	0.01302	0.00644	0.00605
34	0.00801	0.00665	0.00697	0.00716	0.00915	0.00569	0.00536	0.00967	0.01469	0.01767	0.06148	0.10828	0.61996	0.04069	0.00871	0.00243	0.00362	0.05225	0.00604	0.00552
35	0.03393	0.01938	0.24763	0.02043	0.17064	0.01318	0.05949	0.03781	0.05032	0.11492	0.07047	0.04590	0.07028	0.00830	0.00672	0.00209	0.00734	0.00724	0.00461	0.00932
36	0.01268	0.01185	0.01945	0.70717	0.04360	0.01473	0.01780	0.01794	0.05653	0.01748	0.01263	0.01798	0.00947	0.00673	0.00659	0.00220	0.00856	0.00595	0.00316	0.00750
37	0.01533	0.01489	0.02586	0.19415	0.50148	0.01566	0.07028	0.01937	0.01445	0.02025	0.01217	0.01661	0.00997	0.00620	0.00717	0.00206	0.03540	0.00600	0.00318	0.00952
38	0.01868	0.01576	0.02485	0.10096	0.40689	0.04168	0.08668	0.08879	0.01705	0.11272	0.01439	0.01713	0.01097	0.00642	0.00665	0.00201	0.00805	0.00610	0.00418	0.01004
39	0.01779	0.01607	0.02570	0.03637	0.61059	0.04067	0.03519	0.05068	0.01606	0.06773	0.01335	0.01655	0.01076	0.00612	0.00654	0.00196	0.00787	0.00591	0.00372	0.01038
40	0.02447	0.07277	0.02074	0.01498	0.02016	0.06537	0.01244	0.61500	0.02895	0.03808	0.01499	0.01519	0.01083	0.00767	0.00638	0.00192	0.00752	0.00565	0.00612	0.01078
41	0.00801	0.00578	0.00759	0.00904	0.00952	0.00536	0.00606	0.00918	0.01272	0.01685	0.03780	0.72931	0.07760	0.02043	0.00837	0.00265	0.00380	0.01847	0.00611	0.00536
42	0.19039	0.09059	0.07322	0.04106	0.06312	0.14921	0.01255	0.16931	0.01836	0.09335	0.01356	0.01565	0.01043	0.00711	0.00575	0.00193	0.00770	0.02310	0.00462	0.00899
43	0.07576	0.07392	0.17564	0.03503	0.04066	0.06180	0.01422	0.17473	0.12186	0.09735	0.03395	0.01886	0.01364	0.00769	0.00624	0.00203	0.00737	0.02451	0.00508	0.00966
44	0.06392	0.00886	0.00992	0.00911	0.01130	0.04596	0.00693	0.01546	0.01760	0.10541	0.47952	0.08667	0.08868	0.01266	0.00734	0.00209	0.00404	0.01090	0.00681	0.00682
45	0.07576	0.02028	0.08739	0.02252	0.19026	0.13425	0.07490	0.17231	0.05247	0.02533	0.01297	0.01523	0.01014	0.00710	0.00760	0.00205	0.07021	0.00559	0.00417	0.00945
46	0.12224	0.03877	0.07164	0.12263	0.27372	0.04124	0.03729	0.02010	0.06577	0.02130	0.01514	0.01806	0.04575	0.00729	0.00749	0.00210	0.07110	0.00593	0.00365	0.00879
47	0.03934	0.11648	0.03881	0.06228	0.15162	0.13083	0.03475	0.12971	0.08021	0.02350	0.04662	0.01907	0.04850	0.00745	0.00617	0.00187	0.00761	0.00600	0.00439	0.04479

[dist]
# distance from previous block
# <min> <max>
0	23

[block]
# block no. 6 follows, 33 sequences, length 45
# corresponding to MSA columns:
# 252-296
name=unknown_G
#
# <colnr> <probs for GDERKNQSTAVLIFYWHMCP>
#	G	D	E	R	K	N	Q	S	T	A	V	L	I	F	Y	W	H	M	C	P
0	0.03770	0.17635	0.18090	0.01512	0.03560	0.03388	0.05836	0.08640	0.01549	0.06989	0.01684	0.12710	0.01561	0.00962	0.00767	0.02354	0.04709	0.03014	0.00424	0.00846
1	0.09327	0.08683	0.14856	0.01331	0.01849	0.15973	0.01230	0.03682	0.06602	0.05500	0.01509	0.08315	0.01308	0.00767	0.00579	0.00178	0.00740	0.00588	0.00418	0.16565
2	0.03017	0.09820	0.03247	0.01199	0.01512	0.09381	0.02978	0.03749	0.10078	0.07045	0.09319	0.15150	0.04209	0.06326	0.00905	0.00237	0.03163	0.02781	0.00520	0.05362
3	0.03312	0.04128	0.06620	0.01124	0.01418	0.01088	0.00924	0.08625	0.11759	0.09933	0.04799	0.27146	0.04802	0.08289	0.00965	0.00268	0.00541	0.02900	0.00588	0.00772
4	0.01468	0.10685	0.08398	0.01280	0.03510	0.14116	0.01045	0.05330	0.01600	0.04202	0.13185	0.24982	0.02855	0.03448	0.00769	0.00223	0.00652	0.01022	0.00504	0.00728
5	0.01492	0.11075	0.11098	0.03004	0.01753	0.09981	0.04779	0.04495	0.04239	0.04737	0.09132	0.08560	0.05746	0.10331	0.00979	0.00247	0.00701	0.00785	0.00453	0.06412
6	0.01156	0.00815	0.01035	0.00973	0.01121	0.03037	0.04449	0.01301	0.01337	0.08256	0.09479	0.24200	0.11003	0.25027	0.03512	0.00381	0.00568	0.01221	0.00544	0.00585
7	0.06146	0.12947	0.06135	0.01807	0.02330	0.08594	0.25439	0.04177	0.08026	0.07891	0.03904	0.01918	0.04028	0.00720	0.00698	0.00203	0.03076	0.00657	0.00429	0.00877
8	0.20336	0.01552	0.01472	0.01221	0.01629	0.08397	0.00978	0.27146	0.04890	0.05083	0.03254	0.01895	0.04034	0.03471	0.06555	0.00275	0.00746	0.00583	0.00526	0.05959
9	0.19198	0.03907	0.01493	0.01202	0.01622	0.06304	0.00974	0.18262	0.13267	0.11914	0.02106	0.04156	0.05789	0.00868	0.00609	0.00203	0.00607	0.02934	0.00577	0.04008
10	0.12883	0.04130	0.04168	0.05315	0.10799	0.19310	0.03977	0.05346	0.04146	0.07086	0.03636	0.04482	0.01281	0.00801	0.00795	0.00207	0.09790	0.00592	0.00418	0.00837
11	0.35205	0.10613	0.03193	0.01396	0.06301	0.05527	0.05551	0.05929	0.03756	0.14866	0.01360	0.01439	0.01002	0.00658	0.00530	0.00195	0.00656	0.00483	0.00469	0.00873
12	0.00957	0.00638	0.00718	0.00718	0.00718	0.00638	0.00399	0.00957	0.00957	0.01276	0.02074	0.04308	0.02393	0.76864	0.03351	0.00638	0.00638	0.00957	0.00399	0.00399
13	0.01765	0.01768	0.04153	0.07956	0.46089	0.08965	0.03936	0.08955	0.05812	0.02297	0.01332	0.01635	0.01070	0.00639	0.00651	0.00197	0.00823	0.00583	0.00377	0.00995
14	0.00943	0.00632	0.00722	0.00736	0.00740	0.00629	0.00418	0.00954	0.00985	0.01314	0.02217	0.10947	0.02574	0.69979	0.03120	0.00604	0.00615	0.01042	0.00418	0.00411
15	0.02070	0.28053	0.16224	0.01424	0.02033	0.07802	0.01404	0.20206	0.01918	0.10989	0.01353	0.01412	0.01010	0.00674	0.00566	0.00179	0.00783	0.00484	0.00449	0.00968
16	0.01719	0.01256	0.01527	0.06830	0.01800	0.08501	0.04725	0.05541	0.03234	0.17001	0.05481	0.11984	0.03747	0.03268	0.03799	0.00272	0.07604	0.07659	0.03266	0.00787
17	0.00807	0.00585	0.00764	0.00905	0.00961	0.00542	0.00614	0.00931	0.01286	0.01696	0.03864	0.69090	0.09696	0.02025	0.00837	0.00265	0.00384	0.03598	0.00611	0.00538
18	0.01399	0.16683	0.60867	0.01742	0.02641	0.01722	0.02198	0.02064	0.01381	0.01988	0.01134	0.01330	0.00836	0.00614	0.00589	0.00196	0.00925	0.00462	0.00279	0.00950
19	0.65604	0.01283	0.01097	0.00948	0.01371	0.01444	0.00779	0.04948	0.04023	0.11577	0.01217	0.01287	0.00892	0.00654	0.00459	0.00204	0.00525	0.00418	0.00478	0.00792
20	0.02157	0.02397	0.12083	0.01563	0.02049	0.28029	0.01360	0.21277	0.10932	0.05893	0.04734	0.01704	0.01348	0.00765	0.00637	0.00193	0.00876	0.00566	0.00499	0.00937
21	0.00918	0.00671	0.00853	0.00809	0.00964	0.00616	0.00601	0.01203	0.01794	0.02505	0.63436	0.05028	0.12353	0.04313	0.00877	0.00225	0.00325	0.01200	0.00701	0.00606
22	0.01544	0.41670	0.16581	0.01397	0.01989	0.02004	0.07683	0.02013	0.06158	0.01895	0.08047	0.01784	0.03302	0.00700	0.00554	0.00175	0.00734	0.00550	0.00362	0.00858
23	0.02181	0.00995	0.01310	0.01072	0.01438	0.00910	0.00853	0.06544	0.01848	0.42977	0.18993	0.05979	0.02832	0.05198	0.03549	0.00261	0.00552	0.00849	0.00737	0.00921
24	0.01120	0.00777	0.00949	0.01018	0.04959	0.00745	0.00681	0.05292	0.01476	0.04878	0.09600	0.20315	0.18282	0.15688	0.01234	0.00302	0.00464	0.03669	0.07932	0.00618
25	0.01915	0.09744	0.35794	0.01744	0.07191	0.01576	0.01785	0.11440	0.01732	0.18565	0.01536	0.01594	0.01069	0.00682	0.00620	0.00198	0.00806	0.00535	0.00455	0.01018
26	0.81514	0.01273	0.00968	0.00866	0.01273	0.01477	0.00713	0.01935	0.01120	0.02954	0.00917	0.01069	0.00713	0.00611	0.00407	0.00204	0.00509	0.00356	0.00407	0.00713
27	0.02503	0.01844	0.01976	0.01515	0.02042	0.02042	0.01251	0.70562	0.03095	0.04149	0.01581	0.01581	0.01120	0.00790	0.00659	0.00198	0.00724	0.00593	0.00659	0.01120
28	0.01035	0.00697	0.00908	0.00842	0.01018	0.00638	0.00636	0.01338	0.01854	0.06378	0.66707	0.04817	0.07963	0.01327	0.00770	0.00207	0.00325	0.01168	0.00726	0.00646
29	0.01346	0.01169	0.01397	0.01305	0.01511	0.06542	0.05443	0.10180	0.08608	0.02146	0.02720	0.35910	0.02922	0.01492	0.00880	0.00250	0.05920	0.08980	0.00561	0.00720
30	0.01708	0.01650	0.02603	0.03817	0.66248	0.04961	0.01951	0.05174	0.01589	0.02217	0.01244	0.01607	0.01037	0.00600	0.00649	0.00194	0.00798	0.00579	0.00342	0.01033
31	0.03990	0.01989	0.02252	0.14869	0.28931	0.24826	0.05775	0.03834	0.01615	0.01976	0.01186	0.01523	0.00960	0.00637	0.00630	0.00192	0.00926	0.00540	0.02475	0.00873
32	0.01858	0.23639	0.06856	0.04208	0.22578	0.21511	0.06516	0.02172	0.01545	0.01815	0.01088	0.01347	0.00914	0.00607	0.00578	0.00176	0.00907	0.00484	0.00314	0.00888
33	0.00844	0.00694	0.00746	0.00735	0.00943	0.00611	0.00550	0.01105	0.04292	0.01991	0.19983	0.08275	0.53750	0.01584	0.00776	0.00221	0.00338	0.01340	0.00637	0.00587
34	0.11843	0.33265	0.08823	0.01255	0.01793	0.02056	0.01191	0.20276	0.04566	0.02581	0.05621	0.01522	0.01279	0.00697	0.00533	0.00177	0.00678	0.00496	0.00440	0.00907
35	0.08075	0.01724	0.04141	0.02978	0.43874	0.09009	0.03735	0.04830	0.04322	0.05496	0.01320	0.01584	0.01054	0.00624	0.00623	0.00192	0.00781	0.00556	0.00384	0.04697
36	0.01144	0.00572	0.00858	0.00858	0.00858	0.00572	0.00572	0.00858	0.00858	0.01144	0.01144	0.02001	0.01144	0.02287	0.02573	0.80846	0.00572	0.00572	0.00286	0.00286
37	0.03822	0.04390	0.33772	0.09006	0.05350	0.03387	0.22473	0.02029	0.01438	0.02076	0.01260	0.01581	0.00937	0.00613	0.00653	0.00207	0.00947	0.00584	0.04583	0.00891
38	0.01582	0.05881	0.23141	0.01570	0.06130	0.03441	0.08926	0.04345	0.01526	0.08786	0.01639	0.01852	0.01225	0.00683	0.00583	0.00186	0.00706	0.00576	0.26366	0.00857
39	0.01144	0.00572	0.00858	0.00858	0.00858	0.00572	0.00572	0.00858	0.00858	0.01144	0.01144	0.02001	0.01144	0.02287	0.02573	0.80846	0.00572	0.00572	0.00286	0.00286
40	0.00838	0.00663	0.00763	0.00814	0.00984	0.00588	0.00619	0.01025	0.01479	0.01846	0.09862	0.20425	0.43662	0.01749	0.00811	0.00243	0.00385	0.12065	0.00618	0.00564
41	0.04831	0.46450	0.14959	0.04957	0.02045	0.05175	0.01398	0.05637	0.01433	0.01845	0.01010	0.01204	0.00855	0.00632	0.00591	0.00172	0.05221	0.00416	0.00309	0.00860
42	0.04387	0.11414	0.55411	0.01703	0.02540	0.03952	0.02078	0.04725	0.01452	0.02109	0.01235	0.03891	0.00962	0.00675	0.00602	0.00201	0.00903	0.00516	0.00311	0.00933
43	0.01422	0.01416	0.02016	0.32278	0.16908	0.08153	0.03528	0.01760	0.01403	0.01838	0.06586	0.05853	0.01493	0.00840	0.00889	0.00222	0.11574	0.00689	0.00353	0.00780
44	0.01794	0.01106	0.04038	0.01117	0.01439	0.01013	0.00893	0.12449	0.05941	0.23568	0.08185	0.22507	0.05092	0.06596	0.00911	0.00253	0.00530	0.01060	0.00664	0.00844

[dist]
# distance from previous block
# <min> <max>
0	2

# created by:
# /home/berkeley/.conda/envs/busco_data_prod/bin/msa2prfl.pl pipeline/OGs_align_augustus/4893/41256.fs
