[name]
unknown

[dist]
# distance from previous block
# <min> <max>
20	68

[block]
# block no. 0 follows, 34 sequences, length 21
# corresponding to MSA columns:
# 80-100
name=unknown_A
#
# <colnr> <probs for GDERKNQSTAVLIFYWHMCP>
#	G	D	E	R	K	N	Q	S	T	A	V	L	I	F	Y	W	H	M	C	P
0	0.07272	0.03762	0.03978	0.12309	0.11427	0.01354	0.04597	0.08772	0.10541	0.07804	0.01980	0.06205	0.04828	0.03529	0.04528	0.00263	0.00716	0.02619	0.00472	0.03043
1	0.09104	0.05361	0.04338	0.24568	0.21317	0.03640	0.03657	0.01977	0.04361	0.07178	0.01327	0.01735	0.01059	0.04244	0.00785	0.00223	0.03352	0.00569	0.00366	0.00840
2	0.13146	0.03653	0.01577	0.04505	0.09706	0.04990	0.04967	0.03972	0.04963	0.06814	0.01707	0.10340	0.01546	0.04364	0.06801	0.00285	0.04247	0.00709	0.06274	0.05433
3	0.06699	0.03344	0.03668	0.15323	0.14692	0.13850	0.03646	0.06021	0.04394	0.04059	0.01548	0.03206	0.04728	0.00742	0.00699	0.00194	0.05130	0.00591	0.00388	0.07079
4	0.04664	0.01279	0.02037	0.22501	0.25856	0.01416	0.05139	0.05816	0.03716	0.02019	0.01341	0.01812	0.01105	0.01431	0.14535	0.00362	0.03189	0.00603	0.00348	0.00831
5	0.04967	0.01349	0.01672	0.16153	0.14973	0.07827	0.01270	0.04801	0.10995	0.04440	0.06809	0.05130	0.01668	0.01162	0.07571	0.00274	0.00784	0.00667	0.00440	0.07049
6	0.01182	0.00872	0.01056	0.00998	0.01180	0.00887	0.00738	0.11382	0.03800	0.02063	0.07654	0.21182	0.02783	0.17589	0.11781	0.00421	0.00692	0.05968	0.00519	0.07254
7	0.01624	0.01669	0.01763	0.21517	0.08821	0.21496	0.03454	0.02067	0.09300	0.03877	0.01623	0.09715	0.01458	0.04132	0.02674	0.00244	0.02694	0.00708	0.00399	0.00766
8	0.01136	0.00820	0.01144	0.11890	0.01633	0.00833	0.03104	0.01428	0.04439	0.08311	0.07040	0.19318	0.17719	0.07034	0.09250	0.00347	0.00652	0.02728	0.00529	0.00646
9	0.01180	0.00829	0.00967	0.00910	0.01102	0.00826	0.00680	0.06698	0.08883	0.05316	0.23024	0.10179	0.13871	0.13390	0.01138	0.00282	0.00445	0.05245	0.04378	0.00658
10	0.01717	0.01240	0.01360	0.01142	0.01467	0.01325	0.00885	0.29407	0.12680	0.06487	0.08139	0.05999	0.10058	0.13818	0.01121	0.00277	0.00570	0.00853	0.00611	0.00845
11	0.10393	0.00759	0.00879	0.00868	0.01048	0.00750	0.00636	0.01346	0.03260	0.08650	0.06162	0.23430	0.17864	0.08432	0.08938	0.03725	0.00571	0.01139	0.00543	0.00605
12	0.00857	0.00647	0.00765	0.00809	0.00929	0.00600	0.00565	0.01065	0.04410	0.01808	0.14103	0.32383	0.25899	0.08410	0.01059	0.02745	0.00384	0.01426	0.00590	0.00546
13	0.81856	0.01250	0.00950	0.00850	0.01250	0.01449	0.00700	0.01899	0.01100	0.02899	0.00900	0.01050	0.00700	0.00600	0.00400	0.00200	0.00500	0.00350	0.00400	0.00700
14	0.00946	0.00670	0.00787	0.00825	0.00966	0.00611	0.00581	0.03433	0.01395	0.05117	0.04462	0.38778	0.29882	0.07261	0.00967	0.00267	0.00395	0.01494	0.00596	0.00570
15	0.04148	0.00639	0.00742	0.00782	0.00874	0.00608	0.00526	0.01022	0.01280	0.01770	0.13669	0.29399	0.15089	0.22298	0.01449	0.00340	0.00428	0.01316	0.03107	0.00514
16	0.01037	0.00708	0.00845	0.00895	0.00997	0.00712	0.00629	0.05418	0.04965	0.01923	0.02904	0.40645	0.03201	0.13980	0.01153	0.00300	0.00445	0.05398	0.13267	0.00580
17	0.01091	0.00791	0.00877	0.00837	0.01044	0.00752	0.00622	0.05064	0.06835	0.06006	0.08482	0.10091	0.36659	0.13409	0.01151	0.00286	0.00436	0.04354	0.00591	0.00623
18	0.03584	0.00660	0.00766	0.00825	0.00953	0.00633	0.00595	0.03259	0.01392	0.01982	0.06988	0.38965	0.15950	0.01587	0.00724	0.00228	0.00373	0.04291	0.15673	0.00574
19	0.01095	0.00764	0.00901	0.00879	0.01061	0.00727	0.00645	0.07899	0.01554	0.06275	0.10735	0.27899	0.25711	0.06288	0.04255	0.00289	0.00472	0.01323	0.00603	0.00624
20	0.01163	0.00790	0.00931	0.00881	0.01094	0.00754	0.00657	0.01589	0.11241	0.09770	0.23912	0.14805	0.23102	0.05287	0.00875	0.00239	0.00392	0.01190	0.00650	0.00678

[dist]
# distance from previous block
# <min> <max>
0	1

[block]
# block no. 1 follows, 34 sequences, length 58
# corresponding to MSA columns:
# 102-159
name=unknown_B
#
# <colnr> <probs for GDERKNQSTAVLIFYWHMCP>
#	G	D	E	R	K	N	Q	S	T	A	V	L	I	F	Y	W	H	M	C	P
0	0.01226	0.00771	0.00969	0.01026	0.04845	0.00745	0.00691	0.04637	0.01387	0.09525	0.03062	0.23818	0.11775	0.15795	0.04842	0.00337	0.00535	0.02936	0.10447	0.00632
1	0.01246	0.00911	0.01049	0.00991	0.01212	0.00940	0.00763	0.07653	0.15819	0.04266	0.18509	0.10532	0.11568	0.07107	0.00921	0.00252	0.00455	0.08960	0.06132	0.00714
2	0.02045	0.01600	0.01639	0.01379	0.01762	0.08660	0.01101	0.20850	0.30192	0.11990	0.02021	0.01959	0.01486	0.00836	0.00755	0.00208	0.06596	0.00633	0.03300	0.00987
3	0.01015	0.00745	0.00966	0.01049	0.04807	0.00732	0.00716	0.03105	0.03057	0.03607	0.14873	0.21881	0.13898	0.12075	0.10221	0.00384	0.00607	0.05109	0.00552	0.00602
4	0.01071	0.00743	0.00906	0.00913	0.01029	0.00743	0.00642	0.07225	0.02856	0.03537	0.07010	0.30921	0.08540	0.19426	0.05696	0.03466	0.00555	0.03612	0.00541	0.00571
5	0.10064	0.04842	0.05687	0.09996	0.18986	0.01552	0.01397	0.08261	0.13880	0.02293	0.01556	0.04021	0.01313	0.00854	0.00811	0.03303	0.06632	0.03262	0.00423	0.00866
6	0.01613	0.01669	0.07442	0.06911	0.08719	0.08895	0.03327	0.10738	0.06797	0.02276	0.01475	0.01659	0.03436	0.00660	0.00637	0.00165	0.03341	0.00527	0.00412	0.29301
7	0.00928	0.00624	0.00721	0.00732	0.00739	0.00626	0.00423	0.00945	0.00965	0.01291	0.02133	0.09369	0.02458	0.69074	0.05897	0.00616	0.00651	0.00994	0.00405	0.00408
8	0.03454	0.05762	0.08545	0.06808	0.07394	0.11784	0.05324	0.18302	0.10318	0.02437	0.01650	0.08418	0.01418	0.02779	0.02557	0.00232	0.00797	0.00683	0.00460	0.00878
9	0.81856	0.01250	0.00950	0.00850	0.01250	0.01449	0.00700	0.01899	0.01100	0.02899	0.00900	0.01050	0.00700	0.00600	0.00400	0.00200	0.00500	0.00350	0.00400	0.00700
10	0.02667	0.01334	0.01634	0.01249	0.01759	0.01289	0.01030	0.25277	0.02209	0.46959	0.02145	0.01940	0.01400	0.00774	0.00639	0.00192	0.00599	0.00613	0.00726	0.05563
11	0.01767	0.73377	0.03296	0.01138	0.01678	0.06719	0.01114	0.01972	0.01343	0.01524	0.00904	0.01044	0.00829	0.00559	0.00424	0.00140	0.00718	0.00350	0.00280	0.00825
12	0.02023	0.01366	0.01541	0.01274	0.01662	0.01459	0.01015	0.36538	0.10945	0.13158	0.06082	0.15783	0.02133	0.01051	0.00687	0.00211	0.00580	0.00872	0.00664	0.00957
13	0.01537	0.01247	0.01491	0.01080	0.01647	0.01030	0.02829	0.10411	0.01575	0.04747	0.01250	0.01407	0.00997	0.00528	0.00513	0.00115	0.00527	0.00428	0.00428	0.66211
14	0.04325	0.01630	0.03337	0.06214	0.14534	0.01572	0.51716	0.02005	0.01489	0.02081	0.01344	0.01886	0.01066	0.00599	0.00729	0.00216	0.00989	0.03060	0.00336	0.00873
15	0.01204	0.00602	0.00602	0.00602	0.00753	0.00602	0.00452	0.01506	0.01355	0.02409	0.02108	0.02409	0.01656	0.00753	0.00452	0.00151	0.00301	0.00602	0.80879	0.00602
16	0.01319	0.01367	0.05149	0.48435	0.08955	0.01537	0.08438	0.01790	0.04054	0.01771	0.01191	0.01690	0.00925	0.00697	0.00834	0.00222	0.09948	0.00594	0.00307	0.00776
17	0.06365	0.01549	0.01745	0.01313	0.01848	0.01567	0.03485	0.40992	0.02295	0.03261	0.01369	0.01458	0.01024	0.00656	0.00579	0.00161	0.00633	0.00507	0.00531	0.28662
18	0.00811	0.00656	0.00720	0.00704	0.00902	0.00566	0.00528	0.01018	0.01584	0.02010	0.27270	0.05784	0.52110	0.01538	0.00763	0.00214	0.00320	0.01303	0.00635	0.00566
19	0.01005	0.00749	0.01063	0.01059	0.01191	0.00859	0.00824	0.01348	0.07424	0.01607	0.01868	0.02762	0.01735	0.04138	0.58955	0.06332	0.01477	0.04623	0.00384	0.00598
20	0.01041	0.00744	0.01041	0.01190	0.01339	0.00744	0.01041	0.01339	0.01487	0.01934	0.03421	0.07288	0.03719	0.01785	0.00892	0.00297	0.00595	0.68913	0.00595	0.00595
21	0.01038	0.00712	0.01047	0.01027	0.01159	0.00806	0.00794	0.01258	0.01080	0.05653	0.01794	0.02608	0.01653	0.08454	0.66670	0.00968	0.01604	0.00703	0.00375	0.00597
22	0.01340	0.01148	0.01340	0.00957	0.01531	0.00861	0.00766	0.01627	0.01340	0.02105	0.01148	0.01340	0.00957	0.00479	0.00479	0.00096	0.00479	0.00383	0.00383	0.81242
23	0.02504	0.01734	0.01892	0.01450	0.01966	0.01891	0.01198	0.63807	0.02910	0.11553	0.01658	0.01621	0.01153	0.00778	0.00647	0.00195	0.00694	0.00589	0.00663	0.01099
24	0.00923	0.00692	0.01038	0.01038	0.01154	0.00808	0.00808	0.01154	0.01038	0.01500	0.01731	0.02538	0.01615	0.04846	0.74732	0.01038	0.01731	0.00692	0.00346	0.00577
25	0.07085	0.01108	0.01470	0.01134	0.01628	0.00976	0.00936	0.03083	0.01810	0.69955	0.02462	0.02138	0.01552	0.00789	0.00637	0.00200	0.00547	0.00634	0.00779	0.01078
26	0.01226	0.01108	0.01801	0.53401	0.10410	0.01309	0.01588	0.03971	0.01361	0.01779	0.01582	0.14579	0.01470	0.00880	0.00676	0.00220	0.00764	0.00791	0.00356	0.00728
27	0.00784	0.00650	0.00686	0.00688	0.00888	0.00553	0.00512	0.00963	0.01506	0.01849	0.14873	0.09786	0.60802	0.01617	0.00767	0.00219	0.00327	0.01364	0.00614	0.00553
28	0.01717	0.57071	0.05984	0.01481	0.06007	0.06167	0.07472	0.02038	0.03739	0.01667	0.01027	0.01198	0.00892	0.00573	0.00484	0.00155	0.00761	0.00418	0.00299	0.00851
29	0.81856	0.01250	0.00950	0.00850	0.01250	0.01449	0.00700	0.01899	0.01100	0.02899	0.00900	0.01050	0.00700	0.00600	0.00400	0.00200	0.00500	0.00350	0.00400	0.00700
30	0.00935	0.00624	0.00706	0.00711	0.00712	0.00623	0.00398	0.00938	0.00949	0.01265	0.02082	0.06408	0.02407	0.75034	0.03215	0.00615	0.00619	0.00967	0.00398	0.00396
31	0.01793	0.70701	0.03248	0.01148	0.01690	0.05279	0.01118	0.05728	0.01427	0.01662	0.00938	0.01069	0.00844	0.00569	0.00434	0.00142	0.00710	0.00361	0.00299	0.00841
32	0.01506	0.01940	0.22760	0.08496	0.11577	0.01532	0.01625	0.10270	0.18833	0.02360	0.01743	0.07599	0.01435	0.00831	0.00726	0.00215	0.04496	0.00683	0.00444	0.00930
33	0.01359	0.01469	0.06277	0.53876	0.13111	0.05696	0.05587	0.01793	0.01363	0.01752	0.01158	0.01655	0.00885	0.00631	0.00646	0.00209	0.00885	0.00570	0.00295	0.00781
34	0.00998	0.00765	0.01029	0.00990	0.01041	0.00894	0.00717	0.01120	0.00990	0.01404	0.01736	0.03091	0.01817	0.34700	0.34715	0.00761	0.11581	0.00778	0.00356	0.00517
35	0.01785	0.01572	0.01592	0.01388	0.01754	0.06684	0.01093	0.13935	0.52306	0.02776	0.02246	0.02133	0.01692	0.00861	0.00735	0.00215	0.04949	0.00676	0.00612	0.00998
36	0.01556	0.03966	0.01848	0.20167	0.11409	0.01317	0.02897	0.07830	0.06014	0.05974	0.01355	0.01599	0.01048	0.00605	0.00580	0.00164	0.00658	0.00516	0.00408	0.30092
37	0.00787	0.00562	0.00750	0.00900	0.00937	0.00525	0.00600	0.00900	0.01237	0.01649	0.03561	0.76871	0.04274	0.02024	0.00825	0.00262	0.00375	0.01837	0.00600	0.00525
38	0.09981	0.01113	0.01450	0.01123	0.01614	0.00994	0.00927	0.03037	0.01782	0.67358	0.02401	0.02096	0.01519	0.00782	0.00627	0.00200	0.00545	0.00623	0.00764	0.01064
39	0.01564	0.01612	0.02811	0.11985	0.26242	0.04422	0.25577	0.04365	0.01474	0.02017	0.01195	0.01622	0.00961	0.00655	0.00871	0.00215	0.10569	0.00633	0.00325	0.00885
40	0.01599	0.01535	0.02623	0.03966	0.73262	0.01535	0.01983	0.01983	0.01471	0.02111	0.01215	0.01599	0.01023	0.00576	0.00640	0.00192	0.00768	0.00576	0.00320	0.01023
41	0.00923	0.00692	0.01038	0.01038	0.01154	0.00808	0.00808	0.01154	0.01038	0.01500	0.01731	0.02538	0.01615	0.04846	0.74732	0.01038	0.01731	0.00692	0.00346	0.00577
42	0.01414	0.01414	0.01979	0.01696	0.01696	0.01979	0.01414	0.01555	0.00990	0.01555	0.00848	0.01414	0.00848	0.01131	0.02120	0.00283	0.76110	0.00565	0.00283	0.00707
43	0.00786	0.00567	0.00745	0.00886	0.00934	0.00526	0.00594	0.00901	0.01250	0.01655	0.03724	0.73006	0.08033	0.02003	0.00821	0.00260	0.00372	0.01811	0.00600	0.00526
44	0.00924	0.00690	0.01027	0.01027	0.01138	0.00801	0.00793	0.01146	0.01035	0.01491	0.01741	0.02597	0.01641	0.07367	0.72246	0.01024	0.01692	0.00701	0.00348	0.00570
45	0.00787	0.00562	0.00750	0.00900	0.00937	0.00525	0.00600	0.00900	0.01237	0.01649	0.03561	0.76871	0.04274	0.02024	0.00825	0.00262	0.00375	0.01837	0.00600	0.00525
46	0.00923	0.00692	0.01038	0.01038	0.01154	0.00808	0.00808	0.01154	0.01038	0.01500	0.01731	0.02538	0.01615	0.04846	0.74732	0.01038	0.01731	0.00692	0.00346	0.00577
47	0.01220	0.01148	0.01938	0.75739	0.04450	0.01436	0.01794	0.01651	0.01292	0.01651	0.01148	0.01723	0.00861	0.00646	0.00646	0.00215	0.00861	0.00574	0.00287	0.00718
48	0.01296	0.03342	0.73944	0.01842	0.02797	0.01501	0.02387	0.02046	0.01364	0.02046	0.01160	0.01364	0.00818	0.00614	0.00614	0.00205	0.00955	0.00477	0.00273	0.00955
49	0.01648	0.01685	0.03605	0.02582	0.03222	0.01573	0.64640	0.02167	0.01554	0.08495	0.01419	0.01784	0.01036	0.00568	0.00752	0.00216	0.01041	0.00752	0.00369	0.00892
50	0.59102	0.13217	0.01518	0.01019	0.01458	0.03422	0.03235	0.06842	0.01303	0.02708	0.00962	0.01110	0.00761	0.00605	0.00437	0.00190	0.00581	0.00381	0.00394	0.00755
51	0.01342	0.01236	0.02080	0.07087	0.43150	0.01235	0.05048	0.01678	0.01459	0.02043	0.08866	0.15312	0.02189	0.00952	0.00700	0.00212	0.00668	0.03472	0.00417	0.00853
52	0.01727	0.77681	0.03386	0.01106	0.01658	0.02557	0.01106	0.01935	0.01313	0.01520	0.00898	0.01036	0.00829	0.00553	0.00415	0.00138	0.00691	0.00345	0.00276	0.00829
53	0.01583	0.01551	0.02354	0.24499	0.38968	0.06792	0.05185	0.05139	0.03885	0.02046	0.01247	0.01636	0.00996	0.00620	0.00644	0.00199	0.00828	0.00578	0.00338	0.00910
54	0.16439	0.12685	0.34911	0.01353	0.01994	0.03179	0.01530	0.01892	0.01384	0.04152	0.08475	0.01935	0.06066	0.00745	0.00571	0.00194	0.00722	0.00564	0.00377	0.00828
55	0.01304	0.01102	0.01283	0.00934	0.01457	0.00840	0.00732	0.01565	0.01304	0.02029	0.01228	0.01599	0.01082	0.07368	0.00731	0.00143	0.00492	0.00433	0.00384	0.73991
56	0.01283	0.00927	0.01093	0.01105	0.02979	0.02599	0.00813	0.13188	0.01673	0.06072	0.05793	0.34586	0.11856	0.03352	0.00831	0.00249	0.00495	0.09819	0.00604	0.00683
57	0.01803	0.15641	0.15615	0.01652	0.05779	0.23638	0.04503	0.02116	0.01513	0.06547	0.01537	0.04220	0.05181	0.00775	0.00715	0.00190	0.06821	0.00570	0.00363	0.00822

[dist]
# distance from previous block
# <min> <max>
0	2

[block]
# block no. 2 follows, 34 sequences, length 38
# corresponding to MSA columns:
# 162-199
name=unknown_C
#
# <colnr> <probs for GDERKNQSTAVLIFYWHMCP>
#	G	D	E	R	K	N	Q	S	T	A	V	L	I	F	Y	W	H	M	C	P
0	0.27655	0.30833	0.04806	0.01191	0.01658	0.18624	0.01059	0.04342	0.01421	0.02081	0.00953	0.01099	0.00797	0.00603	0.00463	0.00169	0.00748	0.00376	0.00341	0.00783
1	0.18725	0.24763	0.05757	0.01350	0.01809	0.27682	0.03133	0.04200	0.03839	0.01984	0.01035	0.01181	0.00852	0.00622	0.00505	0.00171	0.00838	0.00409	0.00347	0.00795
2	0.01402	0.04580	0.42369	0.03723	0.02364	0.01452	0.03921	0.02037	0.06034	0.06269	0.03411	0.02087	0.01338	0.03134	0.00872	0.00231	0.08275	0.05250	0.00370	0.00880
3	0.00862	0.00652	0.00721	0.00738	0.00923	0.00561	0.00540	0.01026	0.01456	0.04612	0.09581	0.21712	0.50991	0.01671	0.00773	0.00226	0.00345	0.01430	0.00614	0.00566
4	0.01535	0.01707	0.05582	0.02452	0.05258	0.01658	0.50191	0.05890	0.01540	0.02131	0.03848	0.01781	0.01150	0.00671	0.00937	0.00224	0.11510	0.00724	0.00351	0.00860
5	0.00795	0.00568	0.00757	0.00894	0.00939	0.00530	0.00600	0.00919	0.01274	0.01707	0.07839	0.72427	0.04386	0.01981	0.00821	0.00259	0.00371	0.01796	0.00607	0.00530
6	0.01798	0.70052	0.03227	0.01163	0.01693	0.09934	0.01120	0.02001	0.01366	0.01526	0.00909	0.01050	0.00830	0.00564	0.00432	0.00141	0.00739	0.00353	0.00282	0.00821
7	0.81856	0.01250	0.00950	0.00850	0.01250	0.01449	0.00700	0.01899	0.01100	0.02899	0.00900	0.01050	0.00700	0.00600	0.00400	0.00200	0.00500	0.00350	0.00400	0.00700
8	0.00779	0.00655	0.00676	0.00671	0.00882	0.00552	0.00503	0.00958	0.01510	0.01834	0.13497	0.06073	0.65993	0.01603	0.00763	0.00217	0.00325	0.01343	0.00612	0.00552
9	0.01340	0.01148	0.01340	0.00957	0.01531	0.00861	0.00766	0.01627	0.01340	0.02105	0.01148	0.01340	0.00957	0.00479	0.00479	0.00096	0.00479	0.00383	0.00383	0.81242
10	0.00908	0.00660	0.00855	0.00806	0.00961	0.00607	0.00605	0.01207	0.01814	0.02556	0.70169	0.04884	0.08870	0.01334	0.00762	0.00204	0.00306	0.01177	0.00707	0.00607
11	0.00787	0.00562	0.00750	0.00900	0.00937	0.00525	0.00600	0.00900	0.01237	0.01649	0.03561	0.76871	0.04274	0.02024	0.00825	0.00262	0.00375	0.01837	0.00600	0.00525
12	0.00940	0.00626	0.00705	0.00705	0.00705	0.00626	0.00392	0.00940	0.00940	0.01253	0.02036	0.04228	0.02349	0.77292	0.03289	0.00626	0.00626	0.00940	0.00392	0.00392
13	0.00764	0.00655	0.00655	0.00655	0.00873	0.00545	0.00491	0.00927	0.01473	0.01745	0.06546	0.06218	0.73000	0.01636	0.00764	0.00218	0.00327	0.01364	0.00600	0.00545
14	0.01340	0.01148	0.01340	0.00957	0.01531	0.00861	0.00766	0.01627	0.01340	0.02105	0.01148	0.01340	0.00957	0.00479	0.00479	0.00096	0.00479	0.00383	0.00383	0.81242
15	0.81856	0.01250	0.00950	0.00850	0.01250	0.01449	0.00700	0.01899	0.01100	0.02899	0.00900	0.01050	0.00700	0.00600	0.00400	0.00200	0.00500	0.00350	0.00400	0.00700
16	0.02414	0.03079	0.01831	0.01665	0.01998	0.74698	0.01248	0.02580	0.01831	0.01581	0.00999	0.01165	0.00832	0.00666	0.00583	0.00166	0.01165	0.00416	0.00333	0.00749
17	0.02899	0.01100	0.01499	0.01150	0.01649	0.00950	0.00950	0.03149	0.01849	0.73709	0.02549	0.02199	0.01599	0.00800	0.00650	0.00200	0.00550	0.00650	0.00800	0.01100
18	0.81856	0.01250	0.00950	0.00850	0.01250	0.01449	0.00700	0.01899	0.01100	0.02899	0.00900	0.01050	0.00700	0.00600	0.00400	0.00200	0.00500	0.00350	0.00400	0.00700
19	0.02399	0.01781	0.01907	0.01475	0.01982	0.01977	0.01214	0.66543	0.07696	0.03980	0.01624	0.01609	0.01158	0.00782	0.00647	0.00196	0.00698	0.00592	0.00647	0.01094
20	0.00936	0.00640	0.00773	0.00773	0.00796	0.00663	0.00476	0.00983	0.00960	0.01303	0.01974	0.03883	0.02199	0.62499	0.17877	0.00711	0.00852	0.00889	0.00382	0.00429
21	0.01501	0.01435	0.02445	0.22606	0.55391	0.01509	0.01934	0.01897	0.01425	0.01991	0.01198	0.01631	0.00981	0.00594	0.00641	0.00198	0.00792	0.00575	0.00311	0.00944
22	0.01525	0.01743	0.03813	0.02723	0.03377	0.01634	0.70915	0.02070	0.01525	0.02070	0.01307	0.01743	0.00980	0.00545	0.00763	0.00218	0.01089	0.00763	0.00327	0.00871
23	0.04192	0.00952	0.01160	0.00997	0.01281	0.00936	0.00791	0.13242	0.01983	0.15541	0.41235	0.03730	0.04064	0.01118	0.00708	0.00204	0.00435	0.03858	0.02790	0.00781
24	0.01220	0.01148	0.01938	0.75739	0.04450	0.01436	0.01794	0.01651	0.01292	0.01651	0.01148	0.01723	0.00861	0.00646	0.00646	0.00215	0.00861	0.00574	0.00287	0.00718
25	0.02456	0.01810	0.01939	0.01487	0.02004	0.02004	0.01228	0.71107	0.03038	0.04072	0.01551	0.01551	0.01099	0.00776	0.00646	0.00194	0.00711	0.00582	0.00646	0.01099
26	0.00765	0.00651	0.00659	0.00665	0.00876	0.00545	0.00496	0.00926	0.01463	0.01741	0.06417	0.09265	0.70035	0.01653	0.00766	0.00220	0.00329	0.01384	0.00600	0.00545
27	0.02899	0.01100	0.01499	0.01150	0.01649	0.00950	0.00950	0.03149	0.01849	0.73709	0.02549	0.02199	0.01599	0.00800	0.00650	0.00200	0.00550	0.00650	0.00800	0.01100
28	0.02751	0.01337	0.01647	0.01262	0.01768	0.01303	0.01043	0.25909	0.02247	0.50387	0.02215	0.01982	0.01432	0.00792	0.00649	0.00198	0.00604	0.00627	0.00748	0.01099
29	0.05533	0.01393	0.07884	0.01244	0.01778	0.01159	0.01101	0.10905	0.04065	0.54598	0.02254	0.02016	0.01452	0.00776	0.00637	0.00200	0.00601	0.00618	0.00717	0.01070
30	0.01808	0.01045	0.01139	0.00956	0.01267	0.01088	0.00763	0.21703	0.04533	0.12609	0.02028	0.02135	0.01501	0.00770	0.00542	0.00172	0.00460	0.00608	0.44046	0.00828
31	0.02716	0.01393	0.01681	0.01289	0.01796	0.01385	0.01065	0.31240	0.02341	0.44924	0.02137	0.01931	0.01393	0.00790	0.00648	0.00197	0.00616	0.00622	0.00736	0.01099
32	0.02158	0.07046	0.10268	0.04625	0.04118	0.53562	0.01408	0.04270	0.03533	0.01744	0.01080	0.01257	0.00873	0.00659	0.00585	0.00174	0.01063	0.00442	0.00337	0.00800
33	0.00946	0.00767	0.00892	0.01001	0.03395	0.03550	0.00682	0.03399	0.01432	0.01849	0.09759	0.46929	0.17809	0.01738	0.00787	0.00241	0.00420	0.03230	0.00591	0.00582
34	0.00925	0.00683	0.00989	0.00989	0.01088	0.00781	0.00747	0.01122	0.01024	0.01464	0.01775	0.02786	0.01723	0.15472	0.64253	0.00978	0.01569	0.00729	0.00353	0.00550
35	0.00937	0.00635	0.00749	0.00747	0.00766	0.00647	0.00448	0.00974	0.00981	0.01327	0.04392	0.04050	0.02390	0.66236	0.11579	0.00660	0.00745	0.00918	0.00397	0.00421
36	0.12850	0.39436	0.10034	0.04251	0.08071	0.04697	0.04041	0.04129	0.03754	0.01964	0.01060	0.01240	0.00881	0.00592	0.00496	0.00170	0.00732	0.00427	0.00325	0.00850
37	0.03634	0.08997	0.17888	0.03282	0.02133	0.07890	0.05868	0.23005	0.01874	0.02515	0.01472	0.03633	0.03050	0.02669	0.02350	0.00223	0.04899	0.00587	0.00425	0.03605

[dist]
# distance from previous block
# <min> <max>
4	6

[block]
# block no. 3 follows, 34 sequences, length 48
# corresponding to MSA columns:
# 208-255
name=unknown_D
#
# <colnr> <probs for GDERKNQSTAVLIFYWHMCP>
#	G	D	E	R	K	N	Q	S	T	A	V	L	I	F	Y	W	H	M	C	P
0	0.01663	0.10336	0.17747	0.01886	0.11240	0.17603	0.07300	0.05308	0.05642	0.02062	0.07278	0.02021	0.03493	0.00754	0.00630	0.00192	0.00841	0.02754	0.00391	0.00858
1	0.02304	0.02899	0.01976	0.01800	0.04325	0.65799	0.05329	0.02499	0.01775	0.01626	0.01019	0.01221	0.00847	0.00671	0.00644	0.00174	0.03552	0.00446	0.00331	0.00764
2	0.01623	0.08444	0.13375	0.01662	0.12002	0.05357	0.01321	0.12683	0.01695	0.04619	0.05610	0.06166	0.01531	0.00760	0.00602	0.00174	0.00677	0.02313	0.00436	0.18950
3	0.01846	0.11455	0.01977	0.01609	0.05270	0.34876	0.02818	0.02079	0.03321	0.01648	0.03459	0.01621	0.01178	0.04372	0.07104	0.00279	0.13479	0.00526	0.00341	0.00741
4	0.01764	0.01159	0.01392	0.03299	0.03762	0.01220	0.00965	0.06110	0.30990	0.19117	0.17897	0.04787	0.02748	0.00966	0.00682	0.00210	0.00499	0.00821	0.00680	0.00932
5	0.01516	0.01478	0.02620	0.22031	0.42151	0.01540	0.13119	0.04011	0.01482	0.02046	0.01223	0.01653	0.00977	0.00595	0.00661	0.00202	0.00842	0.00606	0.00323	0.00923
6	0.02414	0.03079	0.01831	0.01665	0.01998	0.74698	0.01248	0.02580	0.01831	0.01581	0.00999	0.01165	0.00832	0.00666	0.00583	0.00166	0.01165	0.00416	0.00333	0.00749
7	0.00815	0.00582	0.00780	0.00920	0.00972	0.00547	0.00637	0.00952	0.01288	0.01721	0.07049	0.67423	0.04319	0.01969	0.00827	0.00262	0.00390	0.07406	0.00605	0.00535
8	0.01727	0.77681	0.03386	0.01106	0.01658	0.02557	0.01106	0.01935	0.01313	0.01520	0.00898	0.01036	0.00829	0.00553	0.00415	0.00138	0.00691	0.00345	0.00276	0.00829
9	0.00936	0.00635	0.00748	0.00743	0.00768	0.00640	0.00447	0.00985	0.01034	0.01403	0.08897	0.04145	0.02652	0.63860	0.09011	0.00620	0.00687	0.00941	0.00419	0.00428
10	0.00940	0.00626	0.00705	0.00705	0.00705	0.00626	0.00392	0.00940	0.00940	0.01253	0.02036	0.04228	0.02349	0.77292	0.03289	0.00626	0.00626	0.00940	0.00392	0.00392
11	0.05366	0.01290	0.01439	0.01232	0.01637	0.01392	0.00977	0.05584	0.44397	0.22785	0.02630	0.02394	0.04218	0.00866	0.00648	0.00212	0.00522	0.00708	0.00684	0.01017
12	0.02899	0.01100	0.01499	0.01150	0.01649	0.00950	0.00950	0.03149	0.01849	0.73709	0.02549	0.02199	0.01599	0.00800	0.00650	0.00200	0.00550	0.00650	0.00800	0.01100
13	0.01727	0.77681	0.03386	0.01106	0.01658	0.02557	0.01106	0.01935	0.01313	0.01520	0.00898	0.01036	0.00829	0.00553	0.00415	0.00138	0.00691	0.00345	0.00276	0.00829
14	0.00940	0.00626	0.00705	0.00705	0.00705	0.00626	0.00392	0.00940	0.00940	0.01253	0.02036	0.04228	0.02349	0.77292	0.03289	0.00626	0.00626	0.00940	0.00392	0.00392
15	0.02414	0.03079	0.01831	0.01665	0.01998	0.74698	0.01248	0.02580	0.01831	0.01581	0.00999	0.01165	0.00832	0.00666	0.00583	0.00166	0.01165	0.00416	0.00333	0.00749
16	0.01296	0.03342	0.73944	0.01842	0.02797	0.01501	0.02387	0.02046	0.01364	0.02046	0.01160	0.01364	0.00818	0.00614	0.00614	0.00205	0.00955	0.00477	0.00273	0.00955
17	0.01727	0.77681	0.03386	0.01106	0.01658	0.02557	0.01106	0.01935	0.01313	0.01520	0.00898	0.01036	0.00829	0.00553	0.00415	0.00138	0.00691	0.00345	0.00276	0.00829
18	0.00931	0.00628	0.00732	0.00739	0.00750	0.00635	0.00433	0.00953	0.00962	0.01291	0.02090	0.07741	0.02391	0.68166	0.08449	0.00639	0.00695	0.00966	0.00399	0.00412
19	0.01607	0.01388	0.01461	0.01315	0.01680	0.01607	0.01023	0.03433	0.72094	0.02703	0.02630	0.02411	0.01972	0.00877	0.00657	0.00219	0.00511	0.00731	0.00657	0.01023
20	0.02899	0.01100	0.01499	0.01150	0.01649	0.00950	0.00950	0.03149	0.01849	0.73709	0.02549	0.02199	0.01599	0.00800	0.00650	0.00200	0.00550	0.00650	0.00800	0.01100
21	0.00934	0.00624	0.00706	0.00712	0.00713	0.00623	0.00399	0.00938	0.00950	0.01267	0.02090	0.06785	0.02417	0.74643	0.03202	0.00614	0.00618	0.00971	0.00399	0.00396
22	0.01414	0.01414	0.01979	0.01696	0.01696	0.01979	0.01414	0.01555	0.00990	0.01555	0.00848	0.01414	0.00848	0.01131	0.02120	0.00283	0.76110	0.00565	0.00283	0.00707
23	0.81856	0.01250	0.00950	0.00850	0.01250	0.01449	0.00700	0.01899	0.01100	0.02899	0.00900	0.01050	0.00700	0.00600	0.00400	0.00200	0.00500	0.00350	0.00400	0.00700
24	0.10575	0.01414	0.05636	0.43048	0.09519	0.01488	0.15580	0.01810	0.01335	0.01935	0.01158	0.01622	0.00878	0.00613	0.00639	0.00212	0.00862	0.00582	0.00310	0.00783
25	0.01650	0.01409	0.01485	0.01324	0.01696	0.01627	0.01033	0.06822	0.68636	0.02771	0.02576	0.02368	0.01929	0.00872	0.00657	0.00218	0.00521	0.00723	0.00657	0.01027
26	0.01010	0.00721	0.01005	0.01154	0.01289	0.00717	0.00987	0.01284	0.01456	0.01898	0.03438	0.15911	0.03787	0.01815	0.00884	0.00293	0.00568	0.60601	0.00596	0.00586
27	0.00800	0.00579	0.00760	0.00900	0.00956	0.00539	0.00618	0.00927	0.01268	0.01673	0.03755	0.68007	0.08903	0.01984	0.00825	0.00261	0.00385	0.05729	0.00600	0.00530
28	0.01727	0.77681	0.03386	0.01106	0.01658	0.02557	0.01106	0.01935	0.01313	0.01520	0.00898	0.01036	0.00829	0.00553	0.00415	0.00138	0.00691	0.00345	0.00276	0.00829
29	0.01525	0.01743	0.03813	0.02723	0.03377	0.01634	0.70915	0.02070	0.01525	0.02070	0.01307	0.01743	0.00980	0.00545	0.00763	0.00218	0.01089	0.00763	0.00327	0.00871
30	0.02899	0.01100	0.01499	0.01150	0.01649	0.00950	0.00950	0.03149	0.01849	0.73709	0.02549	0.02199	0.01599	0.00800	0.00650	0.00200	0.00550	0.00650	0.00800	0.01100
31	0.05904	0.02846	0.58209	0.01645	0.02459	0.01414	0.02031	0.04886	0.01463	0.02217	0.07330	0.01801	0.03605	0.00712	0.00620	0.00204	0.00844	0.00561	0.00343	0.00904
32	0.00924	0.00689	0.01024	0.01024	0.01135	0.00800	0.00790	0.01145	0.01034	0.01489	0.01744	0.02611	0.01647	0.07944	0.71677	0.01021	0.01683	0.00703	0.00348	0.00569
33	0.00838	0.00567	0.00732	0.00864	0.00915	0.00534	0.00582	0.00973	0.01251	0.01741	0.03385	0.67856	0.03957	0.01870	0.00780	0.00249	0.00366	0.01687	0.10319	0.00534
34	0.02414	0.03079	0.01831	0.01665	0.01998	0.74698	0.01248	0.02580	0.01831	0.01581	0.00999	0.01165	0.00832	0.00666	0.00583	0.00166	0.01165	0.00416	0.00333	0.00749
35	0.01760	0.71539	0.06062	0.01136	0.01702	0.02447	0.01149	0.01990	0.01338	0.04593	0.00978	0.01098	0.00861	0.00566	0.00432	0.00143	0.00695	0.00364	0.00298	0.00846
36	0.02899	0.01100	0.01499	0.01150	0.01649	0.00950	0.00950	0.03149	0.01849	0.73709	0.02549	0.02199	0.01599	0.00800	0.00650	0.00200	0.00550	0.00650	0.00800	0.01100
37	0.00813	0.00660	0.00723	0.00716	0.00914	0.00570	0.00543	0.01018	0.01564	0.01968	0.23307	0.05906	0.53276	0.01562	0.00768	0.00217	0.00332	0.03952	0.00628	0.00564
38	0.03774	0.04552	0.01936	0.44339	0.07007	0.04606	0.01532	0.09285	0.01591	0.13173	0.01389	0.01702	0.01003	0.00676	0.00627	0.00204	0.00789	0.00565	0.00411	0.00839
39	0.00923	0.00692	0.01038	0.01038	0.01154	0.00808	0.00808	0.01154	0.01038	0.01500	0.01731	0.02538	0.01615	0.04846	0.74732	0.01038	0.01731	0.00692	0.00346	0.00577
40	0.00764	0.00655	0.00655	0.00655	0.00873	0.00545	0.00491	0.00927	0.01473	0.01745	0.06546	0.06218	0.73000	0.01636	0.00764	0.00218	0.00327	0.01364	0.00600	0.00545
41	0.00795	0.00568	0.00759	0.00909	0.00950	0.00532	0.00614	0.00914	0.01245	0.01658	0.03557	0.74664	0.04256	0.02017	0.00827	0.00264	0.00382	0.03964	0.00600	0.00527
42	0.02190	0.01842	0.09499	0.03590	0.02069	0.01799	0.01313	0.52856	0.05354	0.05812	0.01625	0.04005	0.01214	0.00838	0.00699	0.02342	0.00714	0.00618	0.00591	0.01030
43	0.00806	0.00580	0.00761	0.00898	0.00951	0.00543	0.00614	0.00929	0.01256	0.01659	0.03666	0.66473	0.07904	0.04391	0.00904	0.00274	0.00394	0.05878	0.00593	0.00526
44	0.00923	0.00692	0.01038	0.01038	0.01154	0.00808	0.00808	0.01154	0.01038	0.01500	0.01731	0.02538	0.01615	0.04846	0.74732	0.01038	0.01731	0.00692	0.00346	0.00577
45	0.03587	0.04603	0.40127	0.09589	0.07847	0.01565	0.04156	0.12002	0.01634	0.06993	0.01301	0.01495	0.00932	0.00646	0.00620	0.00201	0.00856	0.00523	0.00371	0.00953
46	0.01546	0.01746	0.11311	0.14639	0.09080	0.01577	0.27749	0.11845	0.03529	0.02269	0.01436	0.05736	0.01163	0.00709	0.00732	0.00214	0.02748	0.00707	0.00381	0.00883
47	0.02215	0.03764	0.01862	0.01424	0.01910	0.01783	0.03154	0.42632	0.19327	0.10075	0.01866	0.01803	0.01340	0.00781	0.00641	0.00197	0.00652	0.00617	0.00636	0.03321

[dist]
# distance from previous block
# <min> <max>
1	7

[block]
# block no. 4 follows, 34 sequences, length 71
# corresponding to MSA columns:
# 263-333
name=unknown_E
#
# <colnr> <probs for GDERKNQSTAVLIFYWHMCP>
#	G	D	E	R	K	N	Q	S	T	A	V	L	I	F	Y	W	H	M	C	P
0	0.17537	0.06159	0.10602	0.11739	0.02066	0.01433	0.02730	0.04484	0.03514	0.05797	0.01552	0.04904	0.01378	0.01191	0.06495	0.00286	0.09447	0.07515	0.00407	0.00766
1	0.01431	0.01145	0.01371	0.05026	0.01684	0.00951	0.00847	0.01857	0.07446	0.06452	0.04478	0.01655	0.01301	0.00578	0.00525	0.00124	0.00499	0.00473	0.00440	0.61717
2	0.01072	0.00829	0.01121	0.03329	0.10480	0.00780	0.00838	0.03800	0.01434	0.04120	0.07023	0.38467	0.15679	0.01503	0.00746	0.00225	0.00452	0.01337	0.00554	0.06212
3	0.01340	0.01148	0.01340	0.00957	0.01531	0.00861	0.00766	0.01627	0.01340	0.02105	0.01148	0.01340	0.00957	0.00479	0.00479	0.00096	0.00479	0.00383	0.00383	0.81242
4	0.01655	0.01909	0.16228	0.05083	0.15289	0.01592	0.20218	0.09975	0.13915	0.05246	0.01563	0.01757	0.01163	0.00661	0.00672	0.00207	0.00834	0.00637	0.00426	0.00969
5	0.02473	0.01784	0.01923	0.01474	0.01991	0.01965	0.01218	0.68591	0.02994	0.06650	0.01588	0.01575	0.01117	0.00777	0.00646	0.00194	0.00705	0.00584	0.00652	0.01099
6	0.00910	0.00660	0.00857	0.00808	0.00962	0.00608	0.00606	0.01210	0.01817	0.02564	0.70773	0.04872	0.08262	0.01331	0.00762	0.00204	0.00306	0.01175	0.00708	0.00608
7	0.00783	0.00638	0.00694	0.00730	0.00905	0.00549	0.00536	0.00944	0.01434	0.01758	0.07922	0.21405	0.53839	0.01715	0.00781	0.00230	0.00345	0.03645	0.00603	0.00545
8	0.00815	0.00649	0.00732	0.00737	0.00916	0.00566	0.00548	0.01015	0.01547	0.01973	0.24452	0.13085	0.45816	0.01593	0.00773	0.00221	0.00333	0.03038	0.00631	0.00562
9	0.00861	0.00635	0.00806	0.00813	0.00945	0.00579	0.00591	0.01098	0.01630	0.02235	0.46117	0.23246	0.14967	0.01543	0.00778	0.00220	0.00326	0.01365	0.00668	0.00579
10	0.68735	0.01244	0.01053	0.00909	0.01325	0.01395	0.00749	0.03927	0.01256	0.12790	0.01147	0.01223	0.00836	0.00632	0.00441	0.00200	0.00512	0.00398	0.00462	0.00766
11	0.01414	0.01414	0.01979	0.01696	0.01696	0.01979	0.01414	0.01555	0.00990	0.01555	0.00848	0.01414	0.00848	0.01131	0.02120	0.00283	0.76110	0.00565	0.00283	0.00707
12	0.02456	0.01810	0.01939	0.01487	0.02004	0.02004	0.01228	0.71107	0.03038	0.04072	0.01551	0.01551	0.01099	0.00776	0.00646	0.00194	0.00711	0.00582	0.00646	0.01099
13	0.01041	0.00744	0.01041	0.01190	0.01339	0.00744	0.01041	0.01339	0.01487	0.01934	0.03421	0.07288	0.03719	0.01785	0.00892	0.00297	0.00595	0.68913	0.00595	0.00595
14	0.81856	0.01250	0.00950	0.00850	0.01250	0.01449	0.00700	0.01899	0.01100	0.02899	0.00900	0.01050	0.00700	0.00600	0.00400	0.00200	0.00500	0.00350	0.00400	0.00700
15	0.81856	0.01250	0.00950	0.00850	0.01250	0.01449	0.00700	0.01899	0.01100	0.02899	0.00900	0.01050	0.00700	0.00600	0.00400	0.00200	0.00500	0.00350	0.00400	0.00700
16	0.00840	0.00683	0.00751	0.00751	0.00955	0.00604	0.00578	0.01087	0.03419	0.01950	0.18831	0.05949	0.51992	0.01570	0.00772	0.00223	0.00352	0.07495	0.00622	0.00575
17	0.00914	0.00660	0.00864	0.00813	0.00965	0.00610	0.00610	0.01219	0.01829	0.02591	0.72921	0.04827	0.06097	0.01321	0.00762	0.00203	0.00305	0.01169	0.00711	0.00610
18	0.02819	0.01174	0.01539	0.01186	0.01683	0.01067	0.00978	0.09496	0.04045	0.65106	0.02458	0.02145	0.01564	0.00800	0.00650	0.00200	0.00564	0.00646	0.00781	0.01097
19	0.01220	0.01148	0.01938	0.75739	0.04450	0.01436	0.01794	0.01651	0.01292	0.01651	0.01148	0.01723	0.00861	0.00646	0.00646	0.00215	0.00861	0.00574	0.00287	0.00718
20	0.00890	0.00670	0.00828	0.00825	0.00974	0.00623	0.00604	0.01195	0.04691	0.02243	0.43133	0.20397	0.17504	0.01509	0.00771	0.00219	0.00333	0.01328	0.00665	0.00598
21	0.00987	0.00709	0.00976	0.01119	0.01252	0.00698	0.00944	0.01247	0.01444	0.01877	0.03566	0.19221	0.06491	0.01820	0.00876	0.00288	0.00547	0.54760	0.00596	0.00581
22	0.01261	0.01057	0.01236	0.00998	0.01433	0.00888	0.00775	0.01708	0.10139	0.02090	0.01850	0.15736	0.01784	0.00855	0.00578	0.00148	0.00467	0.02731	0.00464	0.53802
23	0.04764	0.01370	0.01443	0.01290	0.01662	0.01572	0.01007	0.03362	0.66299	0.05795	0.02559	0.02349	0.01907	0.00863	0.00647	0.00218	0.00513	0.00712	0.00654	0.01014
24	0.00787	0.00562	0.00750	0.00900	0.00937	0.00525	0.00600	0.00900	0.01237	0.01649	0.03561	0.76871	0.04274	0.02024	0.00825	0.00262	0.00375	0.01837	0.00600	0.00525
25	0.01474	0.01798	0.14049	0.06407	0.32402	0.01467	0.19549	0.01948	0.01448	0.02062	0.01289	0.01758	0.01050	0.00606	0.00661	0.00197	0.00854	0.02700	0.00327	0.07955
26	0.02414	0.03079	0.01831	0.01665	0.01998	0.74698	0.01248	0.02580	0.01831	0.01581	0.00999	0.01165	0.00832	0.00666	0.00583	0.00166	0.01165	0.00416	0.00333	0.00749
27	0.01285	0.01218	0.01709	0.01501	0.01525	0.01657	0.01227	0.01435	0.00996	0.01525	0.01101	0.01816	0.01097	0.06564	0.16993	0.00458	0.56315	0.00614	0.00302	0.00661
28	0.00888	0.03755	0.00925	0.05352	0.01161	0.00703	0.00645	0.01120	0.01578	0.02043	0.30701	0.08284	0.37668	0.01431	0.00745	0.00211	0.00368	0.01222	0.00610	0.00590
29	0.01595	0.07900	0.09056	0.01229	0.03731	0.01191	0.01069	0.03491	0.01423	0.12002	0.01452	0.01602	0.02560	0.00787	0.03498	0.00181	0.05380	0.00481	0.00422	0.40950
30	0.45488	0.03972	0.23091	0.01276	0.01855	0.01466	0.05141	0.01977	0.01235	0.05183	0.01089	0.01273	0.00817	0.00742	0.02851	0.00227	0.00715	0.00433	0.00368	0.00801
31	0.02456	0.01810	0.01939	0.01487	0.02004	0.02004	0.01228	0.71107	0.03038	0.04072	0.01551	0.01551	0.01099	0.00776	0.00646	0.00194	0.00711	0.00582	0.00646	0.01099
32	0.00819	0.00657	0.00731	0.00712	0.00907	0.00569	0.00534	0.01034	0.01603	0.02054	0.30791	0.05710	0.48561	0.01521	0.00763	0.00213	0.00319	0.01292	0.00641	0.00569
33	0.02047	0.02378	0.01910	0.11564	0.02327	0.45586	0.05687	0.06938	0.03870	0.01838	0.01176	0.01437	0.00951	0.00870	0.03884	0.00221	0.03837	0.00502	0.02204	0.00772
34	0.02116	0.01611	0.01726	0.01404	0.01858	0.01805	0.01134	0.40719	0.31811	0.05709	0.02033	0.01930	0.01479	0.00819	0.00651	0.00205	0.00623	0.00646	0.00656	0.01067
35	0.00811	0.00660	0.00751	0.00767	0.00951	0.00600	0.00583	0.00994	0.01399	0.01737	0.07521	0.10051	0.51112	0.02184	0.12875	0.00359	0.00574	0.04956	0.00562	0.00554
36	0.00791	0.00617	0.00713	0.00774	0.00901	0.00553	0.00543	0.00927	0.01326	0.01666	0.04852	0.34579	0.37733	0.06542	0.04156	0.00297	0.00426	0.01500	0.00576	0.00529
37	0.01631	0.01400	0.01475	0.01320	0.01689	0.01618	0.01029	0.05362	0.70127	0.02742	0.02599	0.02386	0.01947	0.00874	0.00657	0.00218	0.00517	0.00726	0.00657	0.01025
38	0.00797	0.00570	0.00761	0.00911	0.00953	0.00534	0.00617	0.00917	0.01247	0.01661	0.03556	0.74096	0.04251	0.02015	0.00827	0.00264	0.00384	0.04512	0.00600	0.00528
39	0.02456	0.01810	0.01939	0.01487	0.02004	0.02004	0.01228	0.71107	0.03038	0.04072	0.01551	0.01551	0.01099	0.00776	0.00646	0.00194	0.00711	0.00582	0.00646	0.01099
40	0.02385	0.01656	0.01812	0.01418	0.01910	0.01811	0.01162	0.52323	0.13267	0.12691	0.01840	0.01763	0.01294	0.00794	0.00648	0.00198	0.00661	0.00613	0.00667	0.01087
41	0.01340	0.01148	0.01340	0.00957	0.01531	0.00861	0.00766	0.01627	0.01340	0.02105	0.01148	0.01340	0.00957	0.00479	0.00479	0.00096	0.00479	0.00383	0.00383	0.81242
42	0.01414	0.01414	0.01979	0.01696	0.01696	0.01979	0.01414	0.01555	0.00990	0.01555	0.00848	0.01414	0.00848	0.01131	0.02120	0.00283	0.76110	0.00565	0.00283	0.00707
43	0.07946	0.01218	0.01531	0.01182	0.01678	0.01143	0.00976	0.13431	0.01982	0.58503	0.02290	0.02026	0.01465	0.00783	0.00633	0.00199	0.00571	0.00620	0.00750	0.01074
44	0.02264	0.01061	0.01361	0.01119	0.01520	0.01000	0.00896	0.02805	0.14795	0.46612	0.12170	0.07076	0.02439	0.00958	0.00677	0.00208	0.00499	0.00806	0.00749	0.00984
45	0.02684	0.01368	0.01660	0.01270	0.01779	0.01343	0.01049	0.28656	0.02281	0.45313	0.02131	0.01929	0.01391	0.00781	0.00643	0.00194	0.00608	0.00616	0.00729	0.03574
46	0.01340	0.01148	0.01340	0.00957	0.01531	0.00861	0.00766	0.01627	0.01340	0.02105	0.01148	0.01340	0.00957	0.00479	0.00479	0.00096	0.00479	0.00383	0.00383	0.81242
47	0.01148	0.00711	0.00930	0.00851	0.01045	0.00646	0.00647	0.01435	0.01800	0.11234	0.59765	0.06736	0.07958	0.01290	0.00750	0.00205	0.00338	0.01132	0.00715	0.00665
48	0.01607	0.01388	0.01461	0.01315	0.01680	0.01607	0.01023	0.03433	0.72094	0.02703	0.02630	0.02411	0.01972	0.00877	0.00657	0.00219	0.00511	0.00731	0.00657	0.01023
49	0.00940	0.00626	0.00705	0.00705	0.00705	0.00626	0.00392	0.00940	0.00940	0.01253	0.02036	0.04228	0.02349	0.77292	0.03289	0.00626	0.00626	0.00940	0.00392	0.00392
50	0.01727	0.77681	0.03386	0.01106	0.01658	0.02557	0.01106	0.01935	0.01313	0.01520	0.00898	0.01036	0.00829	0.00553	0.00415	0.00138	0.00691	0.00345	0.00276	0.00829
51	0.81856	0.01250	0.00950	0.00850	0.01250	0.01449	0.00700	0.01899	0.01100	0.02899	0.00900	0.01050	0.00700	0.00600	0.00400	0.00200	0.00500	0.00350	0.00400	0.00700
52	0.01710	0.74716	0.06200	0.01135	0.01704	0.02515	0.01157	0.01939	0.01315	0.01541	0.00909	0.01050	0.00829	0.00555	0.00423	0.00141	0.00702	0.00351	0.00276	0.00834
53	0.00813	0.00666	0.00723	0.00737	0.00941	0.00577	0.00572	0.01007	0.01508	0.01849	0.12421	0.06222	0.57899	0.01625	0.00780	0.00227	0.00359	0.09906	0.00610	0.00558
54	0.00802	0.00577	0.00764	0.00908	0.00959	0.00539	0.00623	0.00928	0.01261	0.01670	0.03665	0.69937	0.06829	0.01995	0.00827	0.00263	0.00387	0.05937	0.00600	0.00530
55	0.01586	0.01532	0.02647	0.05971	0.68719	0.01536	0.04519	0.01977	0.01468	0.02096	0.01217	0.01608	0.01017	0.00577	0.00644	0.00194	0.00782	0.00583	0.00319	0.01009
56	0.00774	0.00635	0.00682	0.00713	0.00890	0.00543	0.00518	0.00931	0.01433	0.01752	0.08016	0.21538	0.55917	0.01711	0.00777	0.00227	0.00337	0.01460	0.00604	0.00543
57	0.00923	0.00692	0.01038	0.01038	0.01154	0.00808	0.00808	0.01154	0.01038	0.01500	0.01731	0.02538	0.01615	0.04846	0.74732	0.01038	0.01731	0.00692	0.00346	0.00577
58	0.05082	0.09516	0.24354	0.02538	0.26875	0.05689	0.10543	0.02074	0.01446	0.04244	0.01195	0.01462	0.00930	0.00594	0.00612	0.00193	0.00861	0.00531	0.00321	0.00938
59	0.01581	0.04333	0.02181	0.38525	0.14387	0.08320	0.07335	0.02060	0.06105	0.06987	0.01347	0.01707	0.01019	0.00651	0.00641	0.00204	0.00842	0.00582	0.00361	0.00833
60	0.01267	0.01072	0.01149	0.01075	0.01363	0.01160	0.00833	0.02386	0.41425	0.02350	0.08424	0.06081	0.22596	0.01206	0.00712	0.00223	0.00446	0.04769	0.00640	0.00822
61	0.04766	0.14645	0.02037	0.01533	0.01909	0.56304	0.01200	0.04429	0.04362	0.01725	0.01056	0.01198	0.00877	0.00657	0.00555	0.00166	0.01033	0.00419	0.00347	0.00780
62	0.01815	0.27474	0.18992	0.01691	0.07248	0.06599	0.05772	0.14869	0.03738	0.04270	0.01229	0.01371	0.00954	0.00632	0.00565	0.00178	0.00806	0.00485	0.00379	0.00932
63	0.00931	0.00661	0.00882	0.00882	0.00943	0.00723	0.00612	0.01053	0.00992	0.01384	0.01874	0.03331	0.01960	0.38831	0.41217	0.00845	0.01213	0.00808	0.00367	0.00490
64	0.01122	0.00561	0.00842	0.00842	0.00842	0.00561	0.00561	0.00842	0.00842	0.01122	0.01122	0.01964	0.01122	0.02245	0.02525	0.81201	0.00561	0.00561	0.00281	0.00281
65	0.03834	0.01426	0.08516	0.45016	0.10290	0.03598	0.01652	0.01861	0.05565	0.04009	0.04186	0.01985	0.03940	0.00717	0.00643	0.00210	0.00787	0.00618	0.00359	0.00789
66	0.06025	0.07169	0.04302	0.04468	0.09237	0.09477	0.06582	0.21333	0.08038	0.14635	0.01595	0.01651	0.01157	0.00705	0.00620	0.00193	0.00751	0.00570	0.00519	0.00973
67	0.01638	0.01869	0.10276	0.02579	0.09057	0.01629	0.49701	0.08796	0.01661	0.04266	0.01343	0.01688	0.00997	0.00584	0.00723	0.00212	0.00997	0.00698	0.00365	0.00921
68	0.00924	0.00645	0.00828	0.00892	0.00946	0.00652	0.00626	0.01040	0.01131	0.01513	0.02619	0.20895	0.02962	0.35443	0.11715	0.00532	0.00710	0.14966	0.00474	0.00487
69	0.07484	0.10368	0.13035	0.05962	0.09786	0.10880	0.07987	0.17953	0.01815	0.04304	0.01316	0.03870	0.01049	0.00692	0.00607	0.00192	0.00822	0.00561	0.00411	0.00907
70	0.01751	0.48681	0.10164	0.01432	0.03589	0.12509	0.04417	0.02070	0.03441	0.01656	0.01012	0.01190	0.00874	0.00611	0.00566	0.00163	0.04322	0.00414	0.00299	0.00837

[dist]
# distance from previous block
# <min> <max>
0	2

[block]
# block no. 5 follows, 34 sequences, length 120
# corresponding to MSA columns:
# 336-455
name=unknown_F
#
# <colnr> <probs for GDERKNQSTAVLIFYWHMCP>
#	G	D	E	R	K	N	Q	S	T	A	V	L	I	F	Y	W	H	M	C	P
