[name]
unknown

[dist]
# distance from previous block
# <min> <max>
0	1

[block]
# block no. 0 follows, 30 sequences, length 166
# corresponding to MSA columns:
# 1-101,105-169
name=unknown_A
#
# <colnr> <probs for GDERKNQSTAVLIFYWHMCP>
#	G	D	E	R	K	N	Q	S	T	A	V	L	I	F	Y	W	H	M	C	P
0	0.01131	0.00818	0.01157	0.03692	0.01557	0.00828	0.01152	0.01457	0.01599	0.02078	0.03613	0.07672	0.03914	0.01887	0.00955	0.00318	0.00652	0.64241	0.00632	0.00647
1	0.00856	0.00610	0.00808	0.00965	0.01004	0.00570	0.00640	0.00973	0.01325	0.01767	0.03792	0.72703	0.04547	0.04597	0.00978	0.00296	0.00414	0.01952	0.00640	0.00562
2	0.15937	0.01757	0.15545	0.04783	0.09977	0.01363	0.04572	0.04272	0.03786	0.06499	0.01605	0.06567	0.01327	0.00768	0.00619	0.00201	0.00702	0.00635	0.05356	0.13732
3	0.01885	0.46501	0.17246	0.01463	0.02102	0.13774	0.01498	0.02290	0.04191	0.01818	0.01118	0.01272	0.00942	0.00644	0.00531	0.00172	0.00880	0.00431	0.00324	0.00917
4	0.01419	0.01209	0.01412	0.01043	0.01619	0.00934	0.00825	0.01773	0.03706	0.02265	0.01456	0.06068	0.01293	0.00635	0.00546	0.00119	0.00511	0.00524	0.00438	0.72206
5	0.02489	0.01816	0.01970	0.01555	0.02074	0.02004	0.01281	0.55844	0.10292	0.06503	0.01948	0.02135	0.01460	0.00909	0.00714	0.00219	0.00732	0.04205	0.00702	0.01149
6	0.01077	0.00834	0.00972	0.00924	0.01132	0.00820	0.00696	0.01501	0.09458	0.03922	0.25040	0.07225	0.29862	0.05478	0.05469	0.00311	0.02705	0.01233	0.00658	0.00682
7	0.01318	0.01240	0.02093	0.73798	0.04806	0.01550	0.01938	0.01783	0.01395	0.01783	0.01240	0.01860	0.00930	0.00698	0.00698	0.00233	0.00930	0.00620	0.00310	0.00775
8	0.00850	0.00607	0.00810	0.00972	0.01012	0.00567	0.00648	0.00972	0.01336	0.01781	0.03846	0.75020	0.04615	0.02186	0.00891	0.00283	0.00405	0.01984	0.00648	0.00567
9	0.01340	0.01263	0.02133	0.70040	0.08391	0.01556	0.01949	0.01802	0.01406	0.01810	0.01244	0.01853	0.00940	0.00694	0.00697	0.00231	0.00925	0.00620	0.00312	0.00793
10	0.01838	0.14527	0.28385	0.02073	0.12651	0.17185	0.01854	0.05428	0.01676	0.02146	0.01254	0.01479	0.00985	0.00675	0.00618	0.00195	0.00954	0.00507	0.04610	0.00959
11	0.03095	0.01244	0.01655	0.01269	0.01810	0.01110	0.01048	0.08249	0.02092	0.66623	0.02673	0.02323	0.01687	0.00862	0.00701	0.00215	0.00607	0.00696	0.00851	0.01188
12	0.00987	0.00734	0.00808	0.00775	0.01011	0.00629	0.00586	0.01203	0.01701	0.05863	0.21416	0.06137	0.52392	0.01640	0.00818	0.00231	0.00361	0.01383	0.00687	0.00637
13	0.00907	0.00766	0.00833	0.00864	0.03101	0.00673	0.00617	0.01178	0.04166	0.02058	0.15302	0.06211	0.57561	0.01657	0.00816	0.00233	0.00372	0.01394	0.00657	0.00633
14	0.01925	0.06356	0.40811	0.01774	0.02584	0.04252	0.01987	0.19863	0.04054	0.07631	0.01497	0.01599	0.01061	0.00730	0.00665	0.00213	0.00911	0.00557	0.00456	0.01071
15	0.80405	0.01350	0.01026	0.00918	0.01350	0.01565	0.00756	0.02051	0.01188	0.03131	0.00972	0.01134	0.00756	0.00648	0.00432	0.00216	0.00540	0.00378	0.00432	0.00756
16	0.02386	0.02908	0.02192	0.02420	0.19426	0.54892	0.01547	0.02625	0.01880	0.01851	0.01137	0.01376	0.00951	0.00695	0.00645	0.00187	0.01151	0.00493	0.00356	0.00883
17	0.00856	0.00612	0.00815	0.00968	0.01013	0.00571	0.00648	0.00986	0.01363	0.01825	0.06700	0.72043	0.04699	0.02154	0.00888	0.00281	0.00402	0.01953	0.00653	0.00571
18	0.00993	0.00746	0.00945	0.01020	0.01123	0.00729	0.00715	0.04696	0.01456	0.01945	0.03790	0.59946	0.09645	0.01982	0.00916	0.00270	0.03304	0.01759	0.00629	0.03390
19	0.00891	0.00757	0.00775	0.00762	0.01003	0.00665	0.00574	0.01189	0.05866	0.02005	0.10657	0.06369	0.62675	0.01696	0.00817	0.00235	0.00364	0.01417	0.00659	0.00625
20	0.01089	0.00736	0.00965	0.00895	0.01078	0.00676	0.00676	0.01416	0.01976	0.06058	0.67533	0.05078	0.06354	0.01400	0.00817	0.00219	0.00342	0.01235	0.00773	0.00684
21	0.01727	0.01658	0.02832	0.04283	0.71123	0.01658	0.02142	0.02142	0.01589	0.02280	0.01313	0.01727	0.01105	0.00622	0.00691	0.00207	0.00829	0.00622	0.00345	0.01105
22	0.01322	0.01262	0.02196	0.64256	0.04519	0.01519	0.07394	0.01779	0.01413	0.01820	0.01386	0.05553	0.01127	0.00764	0.00718	0.00235	0.00924	0.00706	0.00331	0.00778
23	0.00864	0.00638	0.00809	0.00916	0.01005	0.00583	0.00630	0.01023	0.01463	0.01934	0.13289	0.54574	0.15681	0.02017	0.00871	0.00267	0.00386	0.01804	0.00664	0.00583
24	0.00850	0.00607	0.00810	0.00972	0.01012	0.00567	0.00648	0.00972	0.01336	0.01781	0.03846	0.75020	0.04615	0.02186	0.00891	0.00283	0.00405	0.01984	0.00648	0.00567
25	0.01549	0.01430	0.02112	0.57996	0.06286	0.04445	0.01835	0.09973	0.01644	0.02110	0.01279	0.01800	0.00965	0.00729	0.00741	0.00229	0.03066	0.00614	0.00360	0.00836
26	0.01301	0.01218	0.02047	0.71210	0.04671	0.01515	0.01892	0.01754	0.01393	0.01783	0.01333	0.04461	0.01061	0.00751	0.00705	0.00234	0.00912	0.00669	0.00322	0.00768
27	0.01298	0.00986	0.01045	0.00994	0.01059	0.07278	0.00666	0.01318	0.01139	0.04177	0.01877	0.03495	0.02005	0.44873	0.09391	0.11163	0.05471	0.00847	0.00407	0.00512
28	0.01447	0.01240	0.01447	0.01034	0.01654	0.00930	0.00827	0.01757	0.01447	0.02274	0.01240	0.01447	0.01034	0.00517	0.00517	0.00103	0.00517	0.00413	0.00413	0.79742
29	0.01585	0.32783	0.42263	0.01630	0.02461	0.02055	0.01960	0.02145	0.01451	0.01991	0.01167	0.01362	0.00914	0.00640	0.00571	0.00190	0.00896	0.00462	0.02509	0.00966
30	0.00874	0.00630	0.00860	0.00996	0.01050	0.00617	0.00684	0.01016	0.01301	0.01755	0.03524	0.63252	0.04148	0.02682	0.12584	0.00420	0.00643	0.01783	0.00603	0.00576
31	0.00855	0.00611	0.00814	0.00968	0.01013	0.00570	0.00648	0.00984	0.01358	0.01817	0.06174	0.72591	0.04684	0.02160	0.00888	0.00281	0.00402	0.01959	0.00652	0.00570
32	0.05927	0.01427	0.01503	0.01360	0.01735	0.01647	0.01059	0.03417	0.60480	0.02865	0.05107	0.02623	0.02196	0.01151	0.04110	0.00277	0.00606	0.00782	0.00681	0.01047
33	0.02404	0.12195	0.08688	0.01742	0.02193	0.57541	0.01444	0.02648	0.01862	0.01747	0.01082	0.01261	0.00897	0.00699	0.00610	0.00180	0.01175	0.00446	0.00346	0.00840
34	0.00859	0.00711	0.00754	0.00751	0.00974	0.00606	0.00568	0.01063	0.01649	0.02030	0.16583	0.06525	0.59021	0.01721	0.00829	0.00236	0.00359	0.03494	0.00666	0.00601
35	0.01947	0.67939	0.03473	0.01260	0.01831	0.10426	0.01211	0.02166	0.01479	0.01649	0.00982	0.01135	0.00896	0.00610	0.00468	0.00153	0.00802	0.00382	0.00305	0.00886
36	0.01759	0.01425	0.01615	0.01182	0.01786	0.01250	0.00956	0.19106	0.01922	0.02824	0.01353	0.01506	0.01073	0.00600	0.00564	0.00131	0.00582	0.00469	0.00487	0.59413
37	0.01810	0.08123	0.20046	0.09483	0.10364	0.01697	0.01689	0.13905	0.10005	0.07207	0.01760	0.05489	0.01389	0.00816	0.00673	0.00216	0.00789	0.00670	0.02858	0.01013
38	0.02607	0.03326	0.01978	0.01798	0.02157	0.72674	0.01348	0.02787	0.01978	0.01708	0.01079	0.01258	0.00899	0.00719	0.00629	0.00180	0.01258	0.00449	0.00360	0.00809
39	0.80405	0.01350	0.01026	0.00918	0.01350	0.01565	0.00756	0.02051	0.01188	0.03131	0.00972	0.01134	0.00756	0.00648	0.00432	0.00216	0.00540	0.00378	0.00432	0.00756
40	0.01212	0.00606	0.00909	0.00909	0.00909	0.00606	0.00606	0.00909	0.00909	0.01212	0.01212	0.02121	0.01212	0.02424	0.02727	0.79697	0.00606	0.00606	0.00303	0.00303
41	0.02550	0.01903	0.02036	0.01585	0.02125	0.02116	0.01301	0.61484	0.10760	0.04232	0.01806	0.01780	0.01293	0.00850	0.00699	0.00212	0.00744	0.00646	0.00699	0.01178
42	0.02265	0.01665	0.01818	0.01469	0.01916	0.01821	0.01180	0.54217	0.02863	0.03836	0.02142	0.17440	0.01924	0.01128	0.00739	0.00225	0.00690	0.00920	0.00687	0.01053
43	0.00850	0.00607	0.00810	0.00972	0.01012	0.00567	0.00648	0.00972	0.01336	0.01781	0.03846	0.75020	0.04615	0.02186	0.00891	0.00283	0.00405	0.01984	0.00648	0.00567
44	0.01527	0.01527	0.02137	0.01832	0.01832	0.02137	0.01527	0.01679	0.01069	0.01679	0.00916	0.01527	0.00916	0.01221	0.02290	0.00305	0.74198	0.00611	0.00305	0.00763
45	0.00997	0.00748	0.01121	0.01121	0.01246	0.00872	0.00872	0.01246	0.01121	0.01620	0.01869	0.02741	0.01745	0.05234	0.72710	0.01121	0.01869	0.00748	0.00374	0.00623
46	0.03131	0.01188	0.01619	0.01242	0.01781	0.01026	0.01026	0.03401	0.01997	0.71606	0.02753	0.02375	0.01727	0.00864	0.00702	0.00216	0.00594	0.00702	0.00864	0.01188
47	0.02763	0.01777	0.01985	0.01521	0.02076	0.01901	0.01257	0.53686	0.02984	0.19927	0.01924	0.01837	0.01312	0.00844	0.00699	0.00211	0.00728	0.00645	0.00736	0.01187
48	0.01000	0.00734	0.01052	0.01052	0.01152	0.00834	0.00785	0.01201	0.01101	0.01568	0.01933	0.03095	0.01898	0.18830	0.59323	0.01035	0.01638	0.00799	0.00383	0.00584
49	0.01430	0.01404	0.01744	0.01564	0.01644	0.08236	0.01266	0.01621	0.01173	0.01660	0.01286	0.01954	0.01223	0.02670	0.28377	0.00598	0.40451	0.00647	0.00336	0.00715
50	0.80405	0.01350	0.01026	0.00918	0.01350	0.01565	0.00756	0.02051	0.01188	0.03131	0.00972	0.01134	0.00756	0.00648	0.00432	0.00216	0.00540	0.00378	0.00432	0.00756
51	0.01330	0.01233	0.02078	0.68367	0.07273	0.01520	0.01897	0.01765	0.01385	0.01781	0.01242	0.01865	0.00948	0.00759	0.00772	0.03169	0.00914	0.00620	0.00311	0.00771
52	0.00997	0.00748	0.01121	0.01121	0.01246	0.00872	0.00872	0.01246	0.01121	0.01620	0.01869	0.02741	0.01745	0.05234	0.72710	0.01121	0.01869	0.00748	0.00374	0.00623
53	0.00850	0.00607	0.00810	0.00972	0.01012	0.00567	0.00648	0.00972	0.01336	0.01781	0.03846	0.75020	0.04615	0.02186	0.00891	0.00283	0.00405	0.01984	0.00648	0.00567
54	0.00884	0.00709	0.00789	0.00769	0.00979	0.00614	0.00577	0.01115	0.01730	0.02215	0.30088	0.06172	0.47615	0.01644	0.00824	0.00230	0.00345	0.01397	0.00691	0.00614
55	0.01301	0.00650	0.00650	0.00650	0.00813	0.00650	0.00488	0.01626	0.01463	0.02602	0.02276	0.02602	0.01789	0.00813	0.00488	0.00163	0.00325	0.00650	0.79350	0.00650
56	0.01075	0.00730	0.00958	0.00896	0.01073	0.00671	0.00674	0.01395	0.01957	0.05702	0.65818	0.07216	0.06317	0.01426	0.00820	0.00221	0.00343	0.01260	0.00769	0.00678
57	0.01193	0.01055	0.01687	0.01473	0.01629	0.01231	0.09979	0.01431	0.01182	0.01697	0.01762	0.07298	0.01743	0.11051	0.35393	0.00720	0.17588	0.00837	0.00379	0.00671
58	0.00850	0.00607	0.00810	0.00972	0.01012	0.00567	0.00648	0.00972	0.01336	0.01781	0.03846	0.75020	0.04615	0.02186	0.00891	0.00283	0.00405	0.01984	0.00648	0.00567
59	0.00840	0.00694	0.00738	0.00756	0.00959	0.00591	0.00556	0.01021	0.01584	0.01939	0.11353	0.15923	0.57040	0.01799	0.00834	0.00241	0.00359	0.01527	0.00657	0.00591
60	0.01647	0.01882	0.04118	0.02941	0.03647	0.01765	0.68588	0.02235	0.01647	0.02235	0.01412	0.01882	0.01059	0.00588	0.00824	0.00235	0.01176	0.00824	0.00353	0.00941
61	0.01032	0.00875	0.01171	0.01203	0.01325	0.04582	0.06349	0.01210	0.01417	0.01838	0.03483	0.59902	0.04075	0.01955	0.00877	0.00277	0.00533	0.06673	0.00607	0.00617
62	0.72225	0.01409	0.01247	0.01062	0.01515	0.01606	0.04452	0.05428	0.01318	0.03146	0.01031	0.01201	0.00794	0.00654	0.00466	0.00217	0.00586	0.00415	0.00441	0.00788
63	0.01478	0.01447	0.01988	0.01721	0.01759	0.01979	0.01424	0.01735	0.04815	0.01753	0.01360	0.01892	0.04336	0.01435	0.05687	0.00339	0.63070	0.00668	0.00347	0.00766
64	0.14730	0.59672	0.03250	0.01243	0.01819	0.02511	0.04766	0.02091	0.01393	0.01918	0.00994	0.01163	0.00881	0.00605	0.00465	0.00165	0.00736	0.00398	0.00323	0.00875
65	0.01729	0.01740	0.02576	0.17669	0.48624	0.08857	0.02000	0.02120	0.01572	0.02103	0.01261	0.01699	0.01043	0.00667	0.00742	0.00213	0.03446	0.00604	0.00338	0.00998
66	0.05636	0.04557	0.02310	0.10972	0.02452	0.06674	0.12353	0.07698	0.03575	0.02131	0.01548	0.01988	0.04819	0.03126	0.01341	0.00262	0.26657	0.00680	0.00392	0.00829
67	0.12187	0.03149	0.58579	0.01791	0.02690	0.01560	0.02231	0.02126	0.01427	0.02314	0.01345	0.05137	0.01055	0.00738	0.00643	0.00223	0.00932	0.00571	0.00331	0.00970
68	0.01019	0.00890	0.03284	0.00987	0.01199	0.00807	0.00768	0.01476	0.10653	0.02144	0.15182	0.23099	0.25340	0.01897	0.05303	0.00303	0.00517	0.03804	0.00646	0.00682
69	0.01111	0.00857	0.01131	0.01121	0.01305	0.00840	0.03983	0.03497	0.05705	0.03969	0.04235	0.35969	0.19767	0.01794	0.00900	0.00268	0.02701	0.09540	0.00634	0.00675
70	0.01561	0.01464	0.02339	0.27108	0.36902	0.01597	0.01876	0.02201	0.11010	0.02189	0.01691	0.02059	0.03499	0.00730	0.00700	0.00221	0.00809	0.00673	0.00394	0.00977
71	0.01736	0.01499	0.01578	0.01420	0.01815	0.01736	0.01105	0.03708	0.69862	0.02919	0.02840	0.02604	0.02130	0.00947	0.00710	0.00237	0.00552	0.00789	0.00710	0.01105
72	0.01015	0.00677	0.00761	0.00761	0.00761	0.00677	0.00423	0.01015	0.01015	0.01353	0.02199	0.04567	0.02537	0.75476	0.03552	0.00677	0.00677	0.01015	0.00423	0.00423
73	0.01755	0.04273	0.09494	0.03652	0.53317	0.01672	0.05211	0.02268	0.04392	0.05176	0.01423	0.01753	0.01143	0.00647	0.00688	0.00210	0.00841	0.00623	0.00376	0.01087
74	0.55469	0.01875	0.01425	0.01242	0.01672	0.18961	0.03813	0.04450	0.01469	0.02787	0.01040	0.01214	0.00818	0.00669	0.00506	0.00208	0.00750	0.00423	0.00420	0.00791
75	0.02465	0.12009	0.02139	0.01658	0.02057	0.54620	0.01291	0.08689	0.02006	0.01983	0.01170	0.01336	0.00962	0.00719	0.00607	0.00178	0.01112	0.00465	0.03687	0.00848
76	0.01768	0.01567	0.01593	0.01434	0.01827	0.04358	0.01114	0.03674	0.67352	0.02874	0.02775	0.02554	0.02085	0.00938	0.00707	0.00235	0.00578	0.00776	0.00697	0.01094
77	0.01568	0.00850	0.00889	0.00806	0.01039	0.00870	0.00625	0.10662	0.01731	0.06110	0.02219	0.02467	0.01706	0.00819	0.00526	0.00171	0.00397	0.00650	0.65149	0.00747
78	0.01102	0.00736	0.00957	0.00897	0.01081	0.00672	0.00674	0.01409	0.01924	0.06861	0.60008	0.08886	0.09228	0.01450	0.00819	0.00223	0.00350	0.01277	0.00762	0.00682
79	0.01527	0.01527	0.02137	0.01832	0.01832	0.02137	0.01527	0.01679	0.01069	0.01679	0.00916	0.01527	0.00916	0.01221	0.02290	0.00305	0.74198	0.00611	0.00305	0.00763
80	0.00850	0.00607	0.00810	0.00972	0.01012	0.00567	0.00648	0.00972	0.01336	0.01781	0.03846	0.75020	0.04615	0.02186	0.00891	0.00283	0.00405	0.01984	0.00648	0.00567
81	0.03058	0.01304	0.01692	0.01297	0.01840	0.01199	0.01071	0.13343	0.02192	0.61388	0.02589	0.02269	0.01645	0.00860	0.00701	0.00215	0.00620	0.00691	0.00839	0.01187
82	0.00859	0.00619	0.00817	0.00972	0.01025	0.00576	0.00660	0.00990	0.01357	0.01797	0.03978	0.69624	0.07418	0.02159	0.00891	0.00283	0.00411	0.04344	0.00648	0.00571
83	0.01101	0.00878	0.01346	0.01426	0.04347	0.00847	0.07013	0.01388	0.01542	0.02016	0.03742	0.23319	0.09957	0.01803	0.00909	0.00292	0.00613	0.36189	0.00606	0.00665
84	0.02397	0.03137	0.07222	0.05356	0.06999	0.59279	0.01521	0.02653	0.01887	0.01787	0.01115	0.01334	0.00913	0.00707	0.00639	0.00187	0.01197	0.00474	0.00351	0.00844
85	0.80405	0.01350	0.01026	0.00918	0.01350	0.01565	0.00756	0.02051	0.01188	0.03131	0.00972	0.01134	0.00756	0.00648	0.00432	0.00216	0.00540	0.00378	0.00432	0.00756
86	0.01509	0.01501	0.02104	0.01809	0.01813	0.02096	0.01505	0.01665	0.01070	0.01677	0.00947	0.01567	0.00943	0.01353	0.04606	0.00332	0.71819	0.00615	0.00308	0.00759
87	0.01400	0.03610	0.71860	0.01989	0.03020	0.01621	0.02578	0.02210	0.01473	0.02210	0.01252	0.01473	0.00884	0.00663	0.00663	0.00221	0.01031	0.00516	0.00295	0.01031
88	0.01647	0.01882	0.04118	0.02941	0.03647	0.01765	0.68588	0.02235	0.01647	0.02235	0.01412	0.01882	0.01059	0.00588	0.00824	0.00235	0.01176	0.00824	0.00353	0.00941
89	0.01736	0.01499	0.01578	0.01420	0.01815	0.01736	0.01105	0.03708	0.69862	0.02919	0.02840	0.02604	0.02130	0.00947	0.00710	0.00237	0.00552	0.00789	0.00710	0.01105
90	0.02015	0.01312	0.01501	0.01320	0.01714	0.01409	0.01031	0.03311	0.43531	0.21507	0.02932	0.10824	0.02305	0.01066	0.00728	0.00236	0.00547	0.00902	0.00745	0.01066
91	0.01527	0.01527	0.02137	0.01832	0.01832	0.02137	0.01527	0.01679	0.01069	0.01679	0.00916	0.01527	0.00916	0.01221	0.02290	0.00305	0.74198	0.00611	0.00305	0.00763
92	0.00863	0.00615	0.00813	0.00959	0.01003	0.00575	0.00639	0.00988	0.01349	0.01805	0.06521	0.69211	0.04609	0.05220	0.00999	0.00297	0.00413	0.01914	0.00643	0.00565
93	0.00850	0.00607	0.00810	0.00972	0.01012	0.00567	0.00648	0.00972	0.01336	0.01781	0.03846	0.75020	0.04615	0.02186	0.00891	0.00283	0.00405	0.01984	0.00648	0.00567
94	0.00856	0.00614	0.00804	0.00954	0.01000	0.00572	0.00635	0.00974	0.01332	0.01768	0.03896	0.69819	0.06888	0.05056	0.00993	0.00297	0.00414	0.01927	0.00639	0.00562
95	0.01647	0.01882	0.04118	0.02941	0.03647	0.01765	0.68588	0.02235	0.01647	0.02235	0.01412	0.01882	0.01059	0.00588	0.00824	0.00235	0.01176	0.00824	0.00353	0.00941
96	0.01587	0.01534	0.02270	0.01877	0.02015	0.01985	0.09122	0.07264	0.01323	0.01963	0.01120	0.01687	0.01028	0.01472	0.08220	0.00362	0.53366	0.00649	0.00349	0.00806
97	0.01014	0.00680	0.00779	0.00779	0.00786	0.00686	0.00446	0.01026	0.01020	0.01367	0.02182	0.04475	0.02497	0.71932	0.07040	0.00699	0.00737	0.01001	0.00420	0.00433
98	0.01447	0.01240	0.01447	0.01034	0.01654	0.00930	0.00827	0.01757	0.01447	0.02274	0.01240	0.01447	0.01034	0.00517	0.00517	0.00103	0.00517	0.00413	0.00413	0.79742
99	0.03795	0.01678	0.02994	0.17783	0.03373	0.06022	0.36693	0.04254	0.01591	0.02133	0.01399	0.01899	0.01094	0.01156	0.08922	0.00327	0.01161	0.00720	0.00362	0.02646
100	0.01169	0.00769	0.00850	0.00826	0.00902	0.00811	0.00537	0.01425	0.06838	0.01826	0.02225	0.03770	0.02245	0.46743	0.02457	0.00490	0.03291	0.00884	0.21388	0.00552
101	0.00842	0.00675	0.00755	0.00816	0.00982	0.00588	0.00589	0.01004	0.01502	0.01855	0.05848	0.30534	0.45822	0.01918	0.00852	0.00255	0.00380	0.03553	0.00648	0.00583
102	0.02360	0.24137	0.02393	0.01550	0.01984	0.42771	0.01265	0.02567	0.01798	0.07497	0.01318	0.01644	0.01124	0.00757	0.00599	0.00181	0.01023	0.03776	0.00398	0.00857
103	0.01667	0.01344	0.03925	0.10278	0.11822	0.01383	0.07811	0.07426	0.01619	0.10107	0.02001	0.08980	0.01838	0.01319	0.03624	0.05086	0.09202	0.09226	0.00487	0.00855
104	0.01631	0.01459	0.02306	0.26536	0.33532	0.01539	0.01812	0.04124	0.05016	0.04299	0.01412	0.01801	0.01112	0.00665	0.00675	0.00205	0.00803	0.00608	0.00386	0.10079
105	0.69938	0.11285	0.01376	0.00955	0.01408	0.01725	0.00814	0.02056	0.01218	0.02932	0.00971	0.01132	0.00774	0.00641	0.00434	0.00207	0.00567	0.00377	0.00414	0.00774
106	0.01647	0.12044	0.32362	0.01837	0.05332	0.05616	0.04320	0.09202	0.01694	0.02333	0.07007	0.01816	0.01435	0.00921	0.02963	0.00242	0.07289	0.00599	0.00389	0.00952
107	0.12542	0.01800	0.03893	0.12862	0.04522	0.16753	0.01366	0.02024	0.01407	0.05227	0.01304	0.03955	0.01170	0.06539	0.01310	0.00272	0.21271	0.00620	0.00382	0.00782
108	0.80405	0.01350	0.01026	0.00918	0.01350	0.01565	0.00756	0.02051	0.01188	0.03131	0.00972	0.01134	0.00756	0.00648	0.00432	0.00216	0.00540	0.00378	0.00432	0.00756
109	0.01384	0.01224	0.01962	0.46586	0.08018	0.01423	0.04015	0.07167	0.01547	0.02029	0.01723	0.14105	0.01593	0.01000	0.00794	0.02565	0.00822	0.00856	0.00402	0.00787
110	0.01983	0.01444	0.01585	0.01388	0.01809	0.01610	0.01091	0.03654	0.57839	0.15088	0.02825	0.02563	0.02059	0.00932	0.00709	0.00233	0.00560	0.00774	0.00737	0.01119
111	0.01447	0.01240	0.01447	0.01034	0.01654	0.00930	0.00827	0.01757	0.01447	0.02274	0.01240	0.01447	0.01034	0.00517	0.00517	0.00103	0.00517	0.00413	0.00413	0.79742
112	0.01542	0.00877	0.01101	0.00981	0.01261	0.00804	0.00757	0.01924	0.06329	0.20014	0.33618	0.08937	0.16322	0.01360	0.00789	0.00227	0.00420	0.01171	0.00760	0.00804
113	0.05284	0.01578	0.02417	0.01975	0.02113	0.02048	0.12728	0.01790	0.01171	0.01841	0.01002	0.01568	0.00932	0.01088	0.01956	0.00289	0.58473	0.00635	0.00319	0.00793
114	0.00889	0.00713	0.00794	0.00813	0.01013	0.00625	0.00620	0.01096	0.01618	0.02020	0.15577	0.10263	0.48506	0.03795	0.00919	0.00258	0.00394	0.08830	0.00659	0.00599
115	0.02952	0.01228	0.01614	0.01264	0.01786	0.01117	0.01036	0.03440	0.10698	0.62800	0.02764	0.02404	0.01779	0.00874	0.00703	0.00219	0.00588	0.00713	0.00844	0.01177
116	0.01301	0.00650	0.00650	0.00650	0.00813	0.00650	0.00488	0.01626	0.01463	0.02602	0.02276	0.02602	0.01789	0.00813	0.00488	0.00163	0.00325	0.00650	0.79350	0.00650
117	0.01065	0.00853	0.01322	0.01304	0.01498	0.00814	0.08626	0.01342	0.01544	0.02025	0.06982	0.27486	0.10426	0.01814	0.00905	0.00287	0.00588	0.29852	0.00617	0.00649
118	0.05866	0.01618	0.02139	0.10945	0.08282	0.08175	0.07020	0.02016	0.06827	0.01953	0.01295	0.01843	0.01138	0.04810	0.03463	0.00302	0.30480	0.00642	0.00365	0.00819
119	0.01911	0.71451	0.03554	0.01231	0.01813	0.07043	0.01203	0.02132	0.01452	0.01646	0.00977	0.01128	0.00896	0.00604	0.00459	0.00151	0.00778	0.00378	0.00302	0.00890
120	0.01258	0.01147	0.01630	0.01467	0.01585	0.03715	0.04314	0.01488	0.01157	0.01672	0.01504	0.02247	0.01408	0.03526	0.43440	0.00776	0.25929	0.00696	0.00350	0.00691
121	0.01299	0.01190	0.01459	0.01344	0.01422	0.06705	0.01044	0.01465	0.01149	0.01597	0.01552	0.02559	0.01550	0.16477	0.31016	0.00696	0.25742	0.00728	0.00359	0.00647
122	0.01599	0.01709	0.03408	0.16382	0.09753	0.01712	0.44405	0.02263	0.07244	0.02210	0.01489	0.01924	0.01127	0.00642	0.00778	0.00232	0.01047	0.00764	0.00374	0.00938
123	0.01301	0.00650	0.00650	0.00650	0.00813	0.00650	0.00488	0.01626	0.01463	0.02602	0.02276	0.02602	0.01789	0.00813	0.00488	0.00163	0.00325	0.00650	0.79350	0.00650
124	0.00940	0.00632	0.00835	0.00968	0.01024	0.00589	0.00647	0.01059	0.01340	0.04185	0.03708	0.68232	0.04389	0.06572	0.01045	0.00305	0.00428	0.01881	0.00642	0.00580
125	0.06587	0.02061	0.02012	0.01582	0.02110	0.10361	0.01291	0.55686	0.02983	0.06081	0.01603	0.01621	0.01148	0.00815	0.00677	0.00206	0.00809	0.00597	0.00650	0.01121
126	0.00850	0.00607	0.00810	0.00972	0.01012	0.00567	0.00648	0.00972	0.01336	0.01781	0.03846	0.75020	0.04615	0.02186	0.00891	0.00283	0.00405	0.01984	0.00648	0.00567
127	0.00850	0.00607	0.00810	0.00972	0.01012	0.00567	0.00648	0.00972	0.01336	0.01781	0.03846	0.75020	0.04615	0.02186	0.00891	0.00283	0.00405	0.01984	0.00648	0.00567
128	0.01073	0.00813	0.00971	0.00997	0.01191	0.00774	0.00779	0.06755	0.01725	0.02228	0.12692	0.21078	0.27174	0.01778	0.00862	0.00262	0.00465	0.17062	0.00665	0.00655
129	0.62494	0.01489	0.01272	0.01076	0.01537	0.01703	0.00887	0.17426	0.01670	0.03423	0.01134	0.01258	0.00855	0.00692	0.00493	0.00214	0.00592	0.00436	0.00493	0.00855
130	0.01377	0.00783	0.01041	0.00969	0.01180	0.00711	0.00728	0.01650	0.01842	0.16035	0.43075	0.19662	0.05211	0.01480	0.00814	0.00233	0.00397	0.01308	0.00761	0.00742
131	0.80405	0.01350	0.01026	0.00918	0.01350	0.01565	0.00756	0.02051	0.01188	0.03131	0.00972	0.01134	0.00756	0.00648	0.00432	0.00216	0.00540	0.00378	0.00432	0.00756
132	0.03061	0.01203	0.01617	0.01251	0.01783	0.01061	0.01030	0.03416	0.05421	0.68141	0.02757	0.02387	0.01748	0.00868	0.00702	0.00217	0.00592	0.00706	0.00856	0.01183
133	0.01927	0.47883	0.05535	0.03621	0.10562	0.13529	0.04274	0.02208	0.01538	0.01778	0.01064	0.01279	0.00929	0.00624	0.00536	0.00169	0.00870	0.00446	0.00316	0.00911
134	0.00869	0.00621	0.00830	0.00986	0.01036	0.00582	0.00674	0.01007	0.01369	0.01828	0.05798	0.69346	0.04641	0.02150	0.00893	0.00284	0.00415	0.05446	0.00651	0.00574
135	0.02035	0.03657	0.01805	0.01634	0.07625	0.05232	0.01189	0.25711	0.18334	0.05911	0.02006	0.04374	0.01637	0.03543	0.01030	0.09325	0.00703	0.02683	0.00593	0.00972
136	0.00966	0.00671	0.00867	0.00949	0.01061	0.00617	0.00677	0.01152	0.01530	0.04324	0.17274	0.46622	0.12894	0.01927	0.00868	0.00265	0.00404	0.05639	0.00678	0.00613
137	0.05662	0.01347	0.02000	0.17431	0.12996	0.01413	0.07134	0.04494	0.11211	0.09659	0.05927	0.02675	0.01839	0.00874	0.00715	0.00225	0.00732	0.06710	0.00517	0.06439
138	0.01892	0.73316	0.03597	0.01215	0.01804	0.05246	0.01200	0.02114	0.01438	0.01644	0.00974	0.01124	0.00896	0.00601	0.00454	0.00150	0.00764	0.00376	0.00301	0.00892
139	0.04689	0.41155	0.06987	0.01349	0.01870	0.11683	0.01252	0.06431	0.06305	0.03614	0.01284	0.01466	0.01080	0.02403	0.00657	0.00189	0.03227	0.00476	0.02980	0.00903
140	0.05901	0.20881	0.11004	0.01918	0.10195	0.23418	0.03845	0.02248	0.01571	0.01903	0.01144	0.01427	0.00971	0.00966	0.05054	0.00249	0.05593	0.00496	0.00336	0.00880
141	0.67368	0.01681	0.01185	0.01065	0.01485	0.13481	0.00855	0.02174	0.01320	0.02892	0.00990	0.01155	0.00780	0.00660	0.00465	0.00210	0.00660	0.00390	0.00420	0.00765
142	0.01725	0.41009	0.16323	0.01387	0.01964	0.10109	0.01412	0.02065	0.01456	0.01795	0.01204	0.01470	0.01038	0.01228	0.09800	0.00292	0.00988	0.00469	0.03400	0.00868
143	0.01733	0.01483	0.01561	0.01397	0.01791	0.01704	0.01089	0.06155	0.64329	0.02933	0.02975	0.02742	0.05024	0.00977	0.00714	0.00236	0.00552	0.00812	0.00707	0.01086
144	0.01834	0.01228	0.01487	0.01081	0.01683	0.00952	0.00873	0.02135	0.01574	0.18210	0.01588	0.01660	0.01193	0.00597	0.00559	0.00129	0.00534	0.00480	0.00517	0.61686
145	0.00850	0.00607	0.00810	0.00972	0.01012	0.00567	0.00648	0.00972	0.01336	0.01781	0.03846	0.75020	0.04615	0.02186	0.00891	0.00283	0.00405	0.01984	0.00648	0.00567
146	0.01552	0.07041	0.02250	0.01785	0.01829	0.02184	0.01502	0.01710	0.01095	0.01677	0.00920	0.01497	0.00915	0.01175	0.02153	0.00294	0.68753	0.00593	0.00305	0.00773
147	0.01169	0.00846	0.00967	0.00917	0.01161	0.00799	0.00693	0.01641	0.11311	0.07431	0.22653	0.11900	0.32801	0.01535	0.00805	0.00235	0.00398	0.01312	0.00704	0.00722
148	0.01545	0.00722	0.00780	0.00729	0.00942	0.00700	0.00559	0.01863	0.01535	0.11798	0.02340	0.02571	0.01780	0.00820	0.00516	0.00170	0.00361	0.00657	0.68889	0.00722
149	0.00904	0.00646	0.00871	0.01033	0.01097	0.00613	0.00741	0.01064	0.01389	0.01841	0.03817	0.61889	0.04498	0.02136	0.00905	0.00291	0.00451	0.14586	0.00647	0.00582
150	0.01502	0.02731	0.44912	0.02280	0.13746	0.01500	0.05580	0.02149	0.01541	0.05166	0.01660	0.02426	0.01382	0.00830	0.00717	0.00233	0.00936	0.09340	0.00376	0.00994
151	0.01021	0.00776	0.01142	0.01129	0.01241	0.00914	0.00872	0.01250	0.01113	0.01606	0.01849	0.02805	0.01759	0.09487	0.65350	0.01059	0.04879	0.00759	0.00374	0.00616
152	0.69238	0.01550	0.01169	0.01032	0.01466	0.07492	0.00839	0.06166	0.01380	0.03090	0.01023	0.01177	0.00794	0.00665	0.00464	0.00213	0.00613	0.00399	0.00442	0.00786
153	0.02653	0.01955	0.02094	0.01606	0.02164	0.02164	0.01326	0.68796	0.03281	0.04398	0.01675	0.01675	0.01187	0.00838	0.00698	0.00209	0.00768	0.00628	0.00698	0.01187
154	0.00996	0.00911	0.04734	0.00936	0.01172	0.00758	0.00757	0.01389	0.06150	0.02361	0.34548	0.11273	0.25798	0.01653	0.03200	0.00261	0.00447	0.01302	0.00678	0.00677
155	0.02284	0.02941	0.10470	0.01910	0.02368	0.44987	0.07665	0.08673	0.01927	0.02062	0.01170	0.01403	0.00940	0.00756	0.00805	0.00204	0.07656	0.00522	0.00378	0.00878
156	0.01301	0.00650	0.00650	0.00650	0.00813	0.00650	0.00488	0.01626	0.01463	0.02602	0.02276	0.02602	0.01789	0.00813	0.00488	0.00163	0.00325	0.00650	0.79350	0.00650
157	0.01015	0.00735	0.00993	0.01141	0.01271	0.00713	0.00929	0.01263	0.01522	0.01977	0.04021	0.28424	0.09735	0.01994	0.00930	0.00303	0.00546	0.41230	0.00645	0.00615
158	0.01547	0.01513	0.02384	0.42292	0.31265	0.05181	0.01990	0.01977	0.01502	0.01978	0.01261	0.01777	0.00999	0.00668	0.00691	0.00220	0.00906	0.00612	0.00327	0.00909
159	0.00947	0.00702	0.00903	0.01021	0.01150	0.00658	0.00790	0.01159	0.01513	0.01954	0.07339	0.33886	0.18696	0.01973	0.00899	0.00284	0.00474	0.24399	0.00651	0.00602
160	0.00850	0.00607	0.00810	0.00972	0.01012	0.00567	0.00648	0.00972	0.01336	0.01781	0.03846	0.75020	0.04615	0.02186	0.00891	0.00283	0.00405	0.01984	0.00648	0.00567
161	0.00904	0.00681	0.00837	0.00859	0.01007	0.00613	0.00621	0.01133	0.01688	0.02260	0.34383	0.25618	0.23377	0.01736	0.00843	0.00242	0.00357	0.01526	0.00701	0.00613
162	0.01381	0.01337	0.01603	0.03845	0.05850	0.11377	0.07964	0.03465	0.03772	0.01918	0.02665	0.33879	0.04692	0.07938	0.01118	0.00288	0.04410	0.01272	0.00513	0.00712
163	0.08059	0.15714	0.43621	0.05377	0.02687	0.04417	0.04061	0.02144	0.01448	0.02129	0.01198	0.01450	0.00912	0.00804	0.03004	0.00237	0.00977	0.00499	0.00314	0.00947
164	0.55359	0.03875	0.01326	0.03583	0.01615	0.01634	0.00905	0.10041	0.05766	0.05997	0.01438	0.01534	0.03053	0.00732	0.00513	0.00215	0.00585	0.00488	0.00496	0.00847
165	0.11679	0.11224	0.14803	0.03437	0.03926	0.17894	0.05294	0.05555	0.03895	0.02216	0.01463	0.07559	0.01289	0.00952	0.03015	0.00234	0.00917	0.00630	0.00402	0.03617

[dist]
# distance from previous block
# <min> <max>
4	7

[block]
# block no. 1 follows, 30 sequences, length 33
# corresponding to MSA columns:
# 177-209
name=unknown_B
#
# <colnr> <probs for GDERKNQSTAVLIFYWHMCP>
#	G	D	E	R	K	N	Q	S	T	A	V	L	I	F	Y	W	H	M	C	P
0	0.06111	0.09415	0.05572	0.01675	0.02115	0.23155	0.10536	0.05892	0.11285	0.02290	0.08203	0.04934	0.01798	0.00864	0.00725	0.00210	0.03177	0.00695	0.00469	0.00879
1	0.01286	0.01286	0.08551	0.11876	0.01935	0.04444	0.01110	0.01739	0.06548	0.06101	0.21811	0.13278	0.14682	0.01296	0.00773	0.00232	0.00581	0.01116	0.00597	0.00760
2	0.01664	0.01610	0.02512	0.24969	0.38898	0.05405	0.04589	0.05198	0.01647	0.02215	0.03731	0.01868	0.01235	0.00687	0.00700	0.00215	0.00876	0.00643	0.00367	0.00971
3	0.02206	0.25669	0.02666	0.02086	0.15279	0.37212	0.01452	0.02445	0.01728	0.01797	0.01090	0.01305	0.00937	0.00662	0.00584	0.00176	0.01016	0.00459	0.00338	0.00893
4	0.05930	0.01875	0.01970	0.08567	0.21694	0.20767	0.01448	0.05322	0.01732	0.05529	0.04310	0.05932	0.01592	0.03450	0.00778	0.00222	0.00856	0.02711	0.00441	0.04874
5	0.20041	0.14467	0.01814	0.01361	0.05334	0.09472	0.01049	0.05284	0.01520	0.09675	0.01582	0.05813	0.01370	0.01757	0.16191	0.00399	0.00969	0.00615	0.00455	0.00833
6	0.12775	0.09178	0.04483	0.01715	0.05155	0.40388	0.01330	0.04674	0.01767	0.05552	0.01164	0.01347	0.00941	0.00739	0.00713	0.00196	0.06157	0.00473	0.00393	0.00859
7	0.01177	0.00612	0.00892	0.00900	0.00902	0.00610	0.00593	0.00921	0.00940	0.01254	0.01431	0.06144	0.01499	0.08414	0.02699	0.69041	0.00601	0.00712	0.00331	0.00327
8	0.01806	0.01476	0.02237	0.18382	0.32578	0.01569	0.01719	0.06484	0.11413	0.09576	0.01915	0.02143	0.04056	0.00769	0.00702	0.00219	0.00765	0.00688	0.00477	0.01026
9	0.01447	0.01240	0.01447	0.01034	0.01654	0.00930	0.00827	0.01757	0.01447	0.02274	0.01240	0.01447	0.01034	0.00517	0.00517	0.00103	0.00517	0.00413	0.00413	0.79742
10	0.01709	0.02023	0.21208	0.01536	0.02121	0.01514	0.04649	0.25761	0.02205	0.02991	0.09244	0.03131	0.13644	0.01046	0.00741	0.00225	0.00741	0.03995	0.00565	0.00952
11	0.01768	0.53397	0.12185	0.01612	0.02283	0.02438	0.13703	0.02131	0.01467	0.01821	0.01086	0.01303	0.00924	0.00604	0.00543	0.00174	0.00860	0.00473	0.00308	0.00921
12	0.00949	0.00684	0.00899	0.00904	0.01034	0.00633	0.00655	0.01221	0.01797	0.02515	0.52136	0.24638	0.06036	0.01638	0.00842	0.00237	0.00350	0.01463	0.00735	0.00633
13	0.02534	0.01047	0.01359	0.01082	0.01525	0.00916	0.00878	0.02813	0.01853	0.50125	0.04938	0.02695	0.05398	0.00905	0.00664	0.00203	0.00519	0.00738	0.15896	0.03912
14	0.08341	0.02065	0.23009	0.02232	0.12221	0.01450	0.17637	0.02070	0.01545	0.06010	0.01978	0.06145	0.04842	0.00888	0.00732	0.00234	0.00873	0.06377	0.00423	0.00927
15	0.01783	0.01522	0.01604	0.01430	0.01832	0.01758	0.01116	0.07035	0.66458	0.02995	0.02781	0.02556	0.02082	0.00941	0.00709	0.00235	0.00563	0.00781	0.00709	0.01109
16	0.01020	0.00697	0.00839	0.00847	0.00887	0.00702	0.00543	0.01099	0.01164	0.01574	0.08692	0.04760	0.02976	0.56363	0.08841	0.00640	0.00741	0.06664	0.00470	0.00480
17	0.01513	0.15913	0.49584	0.01942	0.02814	0.01859	0.09141	0.02166	0.01462	0.02088	0.01203	0.01457	0.00906	0.00671	0.00721	0.00214	0.04532	0.00527	0.00302	0.00985
18	0.01044	0.00775	0.00953	0.01011	0.01131	0.00775	0.00733	0.01425	0.09479	0.02031	0.12673	0.30580	0.07331	0.14876	0.01341	0.00343	0.00495	0.11745	0.00631	0.00630
19	0.18590	0.01356	0.05927	0.01392	0.03980	0.01204	0.06863	0.02454	0.03924	0.27683	0.12122	0.02744	0.05495	0.00926	0.00682	0.00222	0.00617	0.02234	0.00643	0.00943
20	0.01804	0.09606	0.08639	0.20413	0.29053	0.10194	0.01868	0.02209	0.01585	0.06293	0.01315	0.01658	0.01035	0.00668	0.00658	0.00206	0.00900	0.00571	0.00361	0.00965
21	0.01212	0.00905	0.01218	0.01108	0.01346	0.00871	0.05482	0.01690	0.10447	0.06607	0.25665	0.18214	0.15732	0.03822	0.00903	0.00254	0.00470	0.02641	0.00680	0.00731
22	0.01000	0.00734	0.01051	0.01051	0.01151	0.00834	0.00784	0.01201	0.01101	0.01568	0.01934	0.03100	0.01900	0.19030	0.59126	0.01034	0.01635	0.00800	0.00383	0.00584
23	0.02128	0.01957	0.02305	0.02110	0.10625	0.17019	0.10447	0.11606	0.03969	0.10479	0.01509	0.01840	0.01203	0.04366	0.01141	0.00248	0.14997	0.00644	0.00467	0.00942
24	0.01778	0.01771	0.02673	0.08266	0.58873	0.07786	0.02028	0.02225	0.03781	0.02220	0.01337	0.01723	0.01109	0.00645	0.00687	0.00207	0.00864	0.00612	0.00356	0.01059
25	0.01188	0.00776	0.00977	0.00984	0.01160	0.00731	0.00721	0.01525	0.06545	0.09259	0.22079	0.33682	0.12462	0.01701	0.00834	0.00251	0.00415	0.03304	0.00707	0.00698
26	0.00983	0.00776	0.01160	0.07738	0.04774	0.00764	0.03322	0.01197	0.01459	0.01972	0.13308	0.51958	0.04279	0.01807	0.00851	0.00264	0.00489	0.01647	0.00610	0.00638
27	0.01721	0.06186	0.02704	0.07289	0.56424	0.01696	0.01951	0.05619	0.01659	0.02309	0.01586	0.01935	0.04461	0.00691	0.00683	0.00206	0.00803	0.00648	0.00374	0.01055
28	0.01547	0.26398	0.50359	0.01738	0.02633	0.01980	0.02142	0.02172	0.01456	0.02031	0.01163	0.01362	0.00888	0.00642	0.00595	0.00198	0.00941	0.00471	0.00296	0.00989
29	0.01852	0.01399	0.07415	0.01797	0.14966	0.01206	0.01265	0.09555	0.03954	0.18687	0.20135	0.05752	0.06891	0.01047	0.00742	0.00219	0.00604	0.00903	0.00649	0.00962
30	0.01646	0.01840	0.10583	0.13059	0.25401	0.04260	0.10361	0.02182	0.05903	0.04314	0.01474	0.04061	0.01213	0.00787	0.00904	0.00231	0.09756	0.00683	0.00380	0.00962
31	0.01731	0.01471	0.05468	0.01825	0.10791	0.02870	0.08830	0.08133	0.12192	0.10906	0.09963	0.10771	0.06170	0.01042	0.00744	0.00223	0.00669	0.00931	0.00593	0.04679
32	0.01711	0.01534	0.02334	0.02172	0.13162	0.01640	0.13411	0.08966	0.09506	0.04436	0.01640	0.02135	0.01365	0.01069	0.04495	0.00271	0.14933	0.03773	0.00456	0.10990

[dist]
# distance from previous block
# <min> <max>
9	29

[block]
# block no. 2 follows, 30 sequences, length 28
# corresponding to MSA columns:
# 250-277
name=unknown_C
#
# <colnr> <probs for GDERKNQSTAVLIFYWHMCP>
#	G	D	E	R	K	N	Q	S	T	A	V	L	I	F	Y	W	H	M	C	P
0	0.10057	0.01782	0.01937	0.01550	0.02029	0.08567	0.06829	0.33572	0.05138	0.08354	0.01867	0.09408	0.01540	0.00925	0.00691	0.00216	0.00760	0.00751	0.00608	0.03421
1	0.01135	0.00829	0.00984	0.00965	0.01100	0.00817	0.00680	0.01408	0.07000	0.01750	0.02505	0.07600	0.02701	0.42216	0.04012	0.00504	0.00660	0.13746	0.00497	0.08891
2	0.01484	0.01196	0.01772	0.22945	0.17948	0.01300	0.01430	0.08407	0.01727	0.02459	0.10472	0.02790	0.02086	0.00893	0.00691	0.00216	0.00681	0.05228	0.15433	0.00843
3	0.01831	0.01513	0.01641	0.01345	0.01836	0.01587	0.01068	0.15861	0.37079	0.03022	0.02150	0.02088	0.01629	0.00801	0.00652	0.00193	0.00584	0.00649	0.00622	0.23850
4	0.01843	0.01371	0.01587	0.01163	0.01763	0.01174	0.00941	0.14639	0.01850	0.09562	0.01473	0.01583	0.01132	0.00612	0.00570	0.00135	0.00572	0.00483	0.00512	0.57036
5	0.00990	0.00816	0.01084	0.01038	0.01238	0.00764	0.05312	0.01342	0.06899	0.02113	0.16328	0.29583	0.26431	0.01709	0.00838	0.00250	0.00439	0.01516	0.00653	0.00658
6	0.01246	0.01120	0.01232	0.01226	0.01410	0.08020	0.03771	0.01771	0.14843	0.02070	0.06064	0.43491	0.05528	0.01678	0.00824	0.00259	0.00555	0.03550	0.00623	0.00719
7	0.04400	0.08482	0.07411	0.01322	0.01749	0.22818	0.01121	0.03218	0.04353	0.04148	0.15952	0.02673	0.08513	0.00932	0.00660	0.00190	0.00759	0.00723	0.00500	0.10078
8	0.04278	0.01247	0.01565	0.01261	0.01666	0.01234	0.04623	0.15710	0.05910	0.11401	0.14930	0.02748	0.02435	0.06448	0.08039	0.00320	0.00727	0.00772	0.00607	0.14080
9	0.01768	0.01611	0.02555	0.17032	0.47358	0.01705	0.01963	0.10620	0.04128	0.02477	0.01398	0.01776	0.01118	0.00675	0.00694	0.00213	0.00831	0.00628	0.00396	0.01053
10	0.10792	0.01320	0.01582	0.03346	0.04186	0.01283	0.01041	0.11495	0.07391	0.27335	0.07802	0.02205	0.01826	0.00817	0.00650	0.00197	0.00590	0.00655	0.00662	0.14825
11	0.01452	0.01023	0.01171	0.01061	0.01311	0.01055	0.00789	0.06848	0.18577	0.08246	0.20260	0.08011	0.10194	0.15344	0.01298	0.00315	0.00511	0.01067	0.00673	0.00794
12	0.01149	0.01133	0.08103	0.01106	0.01216	0.01058	0.00871	0.01273	0.01077	0.01515	0.01843	0.03580	0.02021	0.50025	0.06897	0.00586	0.14728	0.00874	0.00385	0.00559
13	0.01686	0.48097	0.29885	0.01500	0.02264	0.02323	0.01726	0.02136	0.01439	0.01860	0.01079	0.01255	0.00891	0.00622	0.00531	0.00177	0.00856	0.00428	0.00297	0.00948
14	0.02324	0.30284	0.02493	0.01350	0.01879	0.13402	0.01166	0.09223	0.06529	0.18229	0.01614	0.01608	0.01210	0.00722	0.00582	0.00179	0.00770	0.00518	0.00513	0.05406
15	0.35030	0.01822	0.08569	0.01450	0.04663	0.01809	0.01229	0.27041	0.06728	0.03462	0.01404	0.01494	0.01037	0.00739	0.00583	0.00215	0.00686	0.00523	0.00533	0.00982
16	0.16960	0.01202	0.01361	0.05086	0.01717	0.01068	0.00874	0.01908	0.01496	0.08318	0.08640	0.01884	0.01617	0.00678	0.00558	0.00154	0.00531	0.00532	0.00487	0.44929
17	0.02415	0.02269	0.15331	0.01678	0.02326	0.02061	0.01564	0.56163	0.02938	0.03983	0.01595	0.01637	0.01129	0.00805	0.00691	0.00212	0.00818	0.00607	0.00622	0.01157
18	0.01574	0.01316	0.01515	0.01094	0.01708	0.01060	0.00879	0.08820	0.01640	0.02498	0.01286	0.01471	0.01050	0.00551	0.00536	0.00115	0.00543	0.00436	0.00443	0.71465
19	0.01297	0.15131	0.01560	0.01029	0.01341	0.01231	0.00841	0.04388	0.08532	0.02422	0.29492	0.08648	0.12246	0.01256	0.00728	0.00211	0.00478	0.03365	0.00623	0.05181
20	0.01481	0.00897	0.01204	0.08307	0.01640	0.00892	0.00921	0.06215	0.01612	0.15215	0.03233	0.36907	0.05934	0.04287	0.03113	0.00300	0.00586	0.05862	0.00642	0.00751
21	0.08911	0.09508	0.01953	0.01416	0.01902	0.04742	0.01176	0.29286	0.15993	0.11001	0.01985	0.02166	0.01517	0.00877	0.00664	0.00215	0.00696	0.04297	0.00638	0.01058
22	0.01572	0.01128	0.01287	0.01230	0.01508	0.03289	0.00976	0.08480	0.16061	0.09741	0.05599	0.18237	0.09109	0.01489	0.00816	0.00259	0.00568	0.17133	0.00682	0.00835
23	0.02418	0.02691	0.01977	0.01726	0.02091	0.44576	0.01338	0.15660	0.08880	0.02351	0.01353	0.01501	0.01079	0.00817	0.00822	0.00204	0.08617	0.00535	0.00455	0.00907
24	0.02266	0.01626	0.01807	0.01391	0.01944	0.01660	0.01133	0.35839	0.10968	0.10726	0.01818	0.01804	0.01321	0.00768	0.00651	0.00185	0.00655	0.00599	0.00641	0.22198
25	0.01874	0.01433	0.02056	0.01545	0.02109	0.01311	0.13820	0.14020	0.01881	0.11392	0.01736	0.02181	0.01387	0.00919	0.03571	0.00218	0.00760	0.05113	0.00524	0.32149
26	0.10087	0.01164	0.01425	0.01209	0.01551	0.01223	0.02542	0.09957	0.03656	0.04701	0.04370	0.02396	0.05542	0.02331	0.24975	0.00506	0.05436	0.00683	0.00480	0.15767
27	0.01801	0.01586	0.02443	0.06814	0.02557	0.01632	0.22488	0.22054	0.08795	0.02973	0.10812	0.04187	0.03656	0.00878	0.00755	0.00221	0.00802	0.00832	0.00559	0.04156

[dist]
# distance from previous block
# <min> <max>
5	23

[block]
# block no. 3 follows, 30 sequences, length 12
# corresponding to MSA columns:
# 301-312
name=unknown_D
#
# <colnr> <probs for GDERKNQSTAVLIFYWHMCP>
#	G	D	E	R	K	N	Q	S	T	A	V	L	I	F	Y	W	H	M	C	P
0	0.01668	0.01475	0.01556	0.01194	0.01754	0.05738	0.00947	0.07620	0.13055	0.02519	0.01533	0.01647	0.01221	0.00628	0.00571	0.00139	0.00590	0.00496	0.00483	0.55168
1	0.01383	0.01289	0.01743	0.05892	0.07544	0.05623	0.08084	0.01705	0.01592	0.02227	0.16107	0.12265	0.02666	0.00997	0.00758	0.00194	0.03221	0.00884	0.00494	0.25331
2	0.00867	0.00614	0.00805	0.00950	0.00987	0.00578	0.00625	0.00976	0.01303	0.01738	0.03678	0.67846	0.04404	0.09649	0.01162	0.00323	0.00433	0.01885	0.00625	0.00552
3	0.01586	0.01348	0.01656	0.01246	0.01810	0.01176	0.04958	0.09189	0.08618	0.02540	0.01602	0.05597	0.01357	0.00690	0.00595	0.00146	0.00581	0.00584	0.00483	0.54238
4	0.06610	0.01465	0.02046	0.28469	0.17444	0.04038	0.01613	0.06014	0.08868	0.14075	0.01683	0.01923	0.01231	0.00742	0.00680	0.00221	0.00791	0.00632	0.00484	0.00971
5	0.01184	0.00990	0.01271	0.09598	0.08135	0.00998	0.00973	0.08153	0.01715	0.02204	0.09466	0.04610	0.36470	0.01813	0.09009	0.00330	0.00678	0.01110	0.00563	0.00729
6	0.01974	0.01437	0.01599	0.01269	0.01732	0.01449	0.01025	0.33495	0.02368	0.06788	0.05375	0.02887	0.09485	0.05432	0.00866	0.00225	0.00630	0.04221	0.00626	0.17119
7	0.02026	0.01869	0.01799	0.08883	0.02242	0.14395	0.01276	0.17925	0.31373	0.02874	0.02084	0.02230	0.01610	0.00878	0.00695	0.00219	0.00767	0.02972	0.00593	0.03290
8	0.09653	0.01794	0.02118	0.01655	0.02184	0.01973	0.08922	0.41320	0.16797	0.03723	0.01822	0.01842	0.01329	0.00814	0.00690	0.00219	0.00748	0.00661	0.00636	0.01101
9	0.01408	0.01348	0.02187	0.50821	0.11773	0.01685	0.01875	0.01802	0.01349	0.01818	0.01181	0.01776	0.00947	0.00798	0.01029	0.00245	0.16214	0.00618	0.00313	0.00810
10	0.01562	0.01416	0.02021	0.29611	0.20327	0.05183	0.01616	0.02059	0.06747	0.04892	0.01811	0.06319	0.04013	0.00816	0.00692	0.00213	0.00785	0.00720	0.00418	0.08779
