[name]
unknown

[dist]
# distance from previous block
# <min> <max>
9	109

[block]
# block no. 0 follows, 31 sequences, length 21
# corresponding to MSA columns:
# 124-144
name=unknown_A
#
# <colnr> <probs for GDERKNQSTAVLIFYWHMCP>
#	G	D	E	R	K	N	Q	S	T	A	V	L	I	F	Y	W	H	M	C	P
0	0.01673	0.03888	0.03830	0.11352	0.14262	0.05599	0.04442	0.12565	0.03325	0.04414	0.06697	0.02286	0.05947	0.01126	0.06144	0.00264	0.00823	0.00687	0.00467	0.10207
1	0.16431	0.06990	0.09442	0.06583	0.08630	0.05824	0.05068	0.04569	0.11811	0.05139	0.01542	0.03156	0.01237	0.03057	0.00694	0.00215	0.00735	0.00586	0.00444	0.07847
2	0.01665	0.01488	0.01970	0.04742	0.10556	0.03821	0.03020	0.15745	0.01745	0.02424	0.08569	0.05424	0.03612	0.01093	0.01301	0.00249	0.28441	0.02813	0.00466	0.00856
3	0.01714	0.03913	0.07393	0.13217	0.14205	0.07775	0.01496	0.15049	0.06895	0.02597	0.12062	0.02592	0.02094	0.00897	0.00703	0.00216	0.00761	0.05000	0.00503	0.00917
4	0.04567	0.01953	0.01981	0.01623	0.01988	0.16540	0.03393	0.23117	0.04110	0.07569	0.01383	0.01572	0.01076	0.00865	0.01055	0.00219	0.19769	0.00570	0.00492	0.06157
5	0.01936	0.01609	0.01764	0.04221	0.01990	0.05941	0.03265	0.27442	0.07478	0.03006	0.01604	0.03837	0.01271	0.00738	0.00622	0.00172	0.00674	0.00590	0.03213	0.28631
6	0.01694	0.01741	0.05184	0.13555	0.10434	0.08348	0.17448	0.06546	0.04949	0.04217	0.03749	0.01954	0.03141	0.00747	0.00806	0.00212	0.06069	0.00669	0.00413	0.08122
7	0.05737	0.01745	0.01872	0.01459	0.01970	0.01895	0.01193	0.56615	0.02859	0.03921	0.01730	0.06793	0.01370	0.00883	0.00673	0.00203	0.00700	0.00683	0.00649	0.07048
8	0.01622	0.01825	0.03922	0.03003	0.09780	0.01721	0.63092	0.02183	0.01610	0.02195	0.01375	0.01832	0.01042	0.00580	0.00796	0.00228	0.01122	0.00789	0.00345	0.00937
9	0.00968	0.00699	0.00914	0.00861	0.01022	0.00646	0.00646	0.01291	0.01937	0.02743	0.71328	0.05110	0.06455	0.01399	0.00807	0.00215	0.00323	0.01237	0.00753	0.00646
10	0.01292	0.01216	0.02052	0.74312	0.04712	0.01520	0.01900	0.01748	0.01368	0.01748	0.01216	0.01824	0.00912	0.00684	0.00684	0.00228	0.00912	0.00608	0.00304	0.00760
11	0.00995	0.00663	0.00746	0.00746	0.00746	0.00663	0.00415	0.00995	0.00995	0.01327	0.02156	0.04477	0.02487	0.75957	0.03482	0.00663	0.00663	0.00995	0.00415	0.00415
12	0.02582	0.01813	0.01965	0.01512	0.02043	0.01985	0.01247	0.62111	0.03058	0.09010	0.01740	0.01726	0.01224	0.00822	0.00677	0.00204	0.00724	0.00622	0.03791	0.01143
13	0.00917	0.07551	0.01001	0.00836	0.01028	0.00766	0.00625	0.01080	0.01469	0.01825	0.07735	0.30682	0.38561	0.01762	0.00798	0.00239	0.00399	0.01517	0.00609	0.00600
14	0.01456	0.08061	0.01616	0.01028	0.01634	0.01075	0.00843	0.01752	0.01416	0.02173	0.01192	0.01389	0.01001	0.00514	0.00500	0.00105	0.00527	0.00402	0.00395	0.72919
15	0.01608	0.39466	0.07491	0.01192	0.01694	0.03816	0.03333	0.01879	0.01508	0.05953	0.06661	0.05893	0.12340	0.00909	0.00589	0.00181	0.00661	0.00710	0.00431	0.03685
16	0.04173	0.01517	0.09719	0.04266	0.10822	0.01208	0.03490	0.07662	0.01674	0.10905	0.03989	0.06352	0.07167	0.00835	0.00649	0.00186	0.00645	0.00710	0.00498	0.23534
17	0.01957	0.15114	0.17406	0.01774	0.06907	0.16269	0.03335	0.15490	0.04855	0.02422	0.01483	0.01619	0.03251	0.00719	0.00620	0.00189	0.00883	0.00542	0.00419	0.04747
18	0.03419	0.22211	0.13864	0.03873	0.02058	0.03970	0.06072	0.05511	0.03695	0.04334	0.03377	0.04226	0.04082	0.01027	0.04596	0.00239	0.00808	0.02333	0.02215	0.08090
19	0.03603	0.03795	0.10094	0.01365	0.01769	0.04367	0.05891	0.10018	0.12954	0.02543	0.14933	0.11773	0.09185	0.01168	0.00739	0.00227	0.00631	0.03524	0.00582	0.00840
20	0.04453	0.19506	0.05824	0.01477	0.04085	0.06178	0.04463	0.16635	0.06299	0.08934	0.04054	0.01766	0.01366	0.00869	0.02905	0.00214	0.00763	0.00570	0.03112	0.06528

[dist]
# distance from previous block
# <min> <max>
0	56

[block]
# block no. 1 follows, 31 sequences, length 10
# corresponding to MSA columns:
# 203-212
name=unknown_B
#
# <colnr> <probs for GDERKNQSTAVLIFYWHMCP>
#	G	D	E	R	K	N	Q	S	T	A	V	L	I	F	Y	W	H	M	C	P
0	0.01625	0.01556	0.02653	0.16146	0.60277	0.01608	0.02066	0.02040	0.01525	0.02152	0.01275	0.01716	0.01054	0.00622	0.00678	0.00207	0.00830	0.00609	0.00333	0.01029
1	0.01107	0.00885	0.00931	0.00850	0.01123	0.00827	0.00656	0.11730	0.01862	0.02336	0.13475	0.05642	0.52978	0.01552	0.00789	0.00225	0.00407	0.01291	0.00656	0.00677
2	0.01083	0.00820	0.01014	0.00944	0.01141	0.00811	0.00714	0.01658	0.12663	0.02762	0.60597	0.04710	0.05772	0.01325	0.00790	0.00218	0.00357	0.01165	0.00744	0.00714
3	0.00985	0.00691	0.00886	0.00878	0.00942	0.00722	0.00592	0.01114	0.01176	0.01632	0.12881	0.04001	0.02859	0.41522	0.25484	0.00733	0.00986	0.00949	0.00452	0.00514
4	0.01419	0.01216	0.01419	0.01013	0.01621	0.00912	0.00811	0.01723	0.01419	0.02229	0.01216	0.01419	0.01013	0.00507	0.00507	0.00101	0.00507	0.00405	0.00405	0.80139
5	0.01819	0.01707	0.02043	0.11775	0.26988	0.15040	0.01535	0.06681	0.04363	0.06553	0.01794	0.13249	0.01644	0.00919	0.00699	0.00215	0.00811	0.00798	0.00452	0.00915
6	0.06812	0.12257	0.21325	0.01520	0.02155	0.01890	0.01525	0.28710	0.06832	0.03080	0.06180	0.01778	0.01438	0.00777	0.00635	0.00203	0.00763	0.00590	0.00513	0.01017
7	0.07019	0.08340	0.03544	0.01443	0.06430	0.01588	0.01115	0.27794	0.02148	0.07000	0.06579	0.06450	0.01763	0.03337	0.00729	0.00209	0.00636	0.00696	0.04712	0.08468
8	0.03893	0.18648	0.08220	0.01584	0.02096	0.10650	0.11854	0.11695	0.07328	0.02311	0.02063	0.07009	0.08025	0.00882	0.00656	0.00203	0.00806	0.00734	0.00456	0.00888
9	0.09217	0.14505	0.16341	0.01655	0.06056	0.03742	0.05017	0.09276	0.04590	0.06531	0.01809	0.02683	0.01588	0.00908	0.00665	0.00221	0.00777	0.13040	0.00466	0.00913

[dist]
# distance from previous block
# <min> <max>
1	41

[block]
# block no. 2 follows, 31 sequences, length 28
# corresponding to MSA columns:
# 255-282
name=unknown_C
#
# <colnr> <probs for GDERKNQSTAVLIFYWHMCP>
#	G	D	E	R	K	N	Q	S	T	A	V	L	I	F	Y	W	H	M	C	P
0	0.01725	0.06549	0.10941	0.01583	0.07171	0.13653	0.01266	0.15083	0.03806	0.02409	0.06838	0.12346	0.04435	0.06578	0.00895	0.00243	0.00758	0.00843	0.02030	0.00848
1	0.01612	0.06993	0.05945	0.05870	0.10578	0.03582	0.08582	0.03989	0.05344	0.06524	0.01841	0.08745	0.01718	0.01057	0.01058	0.00245	0.16689	0.08324	0.00445	0.00860
2	0.42002	0.01319	0.01384	0.01342	0.08030	0.01400	0.02933	0.07529	0.03149	0.02777	0.01557	0.06250	0.03671	0.03008	0.00631	0.00215	0.00579	0.00596	0.00460	0.11170
3	0.01558	0.01561	0.02113	0.01914	0.06445	0.06298	0.06942	0.02004	0.10258	0.01884	0.01317	0.01784	0.01161	0.01452	0.09118	0.00354	0.42009	0.00643	0.00368	0.00817
4	0.00940	0.00651	0.00773	0.00809	0.00849	0.00629	0.00502	0.01014	0.01207	0.01614	0.10109	0.23260	0.07167	0.44772	0.02373	0.00492	0.00541	0.01293	0.00520	0.00485
5	0.00988	0.00709	0.00932	0.00920	0.01068	0.00667	0.00705	0.01285	0.01808	0.02524	0.54740	0.07238	0.05771	0.05879	0.00988	0.00259	0.00394	0.11787	0.00711	0.00627
6	0.01876	0.66494	0.03342	0.01228	0.01784	0.07924	0.01177	0.02193	0.05491	0.01688	0.01067	0.01193	0.00949	0.00614	0.00467	0.00154	0.00758	0.00395	0.00321	0.00884
7	0.01045	0.00760	0.01014	0.01116	0.01237	0.00780	0.00880	0.01364	0.05434	0.01883	0.03213	0.22758	0.03520	0.10479	0.10640	0.00442	0.00729	0.31515	0.00577	0.00612
8	0.01859	0.01807	0.02424	0.03417	0.02317	0.08644	0.15430	0.16481	0.04544	0.02408	0.01269	0.01622	0.01035	0.00893	0.01296	0.00241	0.29250	0.00630	0.00417	0.04015
9	0.02380	0.02086	0.02030	0.01734	0.05156	0.15572	0.01343	0.42448	0.07647	0.03358	0.01529	0.01620	0.01149	0.00833	0.00821	0.00211	0.07876	0.00592	0.00570	0.01044
10	0.01713	0.01731	0.02542	0.17474	0.50891	0.09686	0.01973	0.02103	0.01564	0.02078	0.01247	0.01667	0.01028	0.00635	0.00672	0.00205	0.00879	0.00590	0.00334	0.00988
11	0.00950	0.00722	0.00877	0.00846	0.01026	0.00666	0.00631	0.01288	0.04576	0.02462	0.48248	0.09811	0.22346	0.01510	0.00807	0.00224	0.00342	0.01315	0.00714	0.00641
12	0.01398	0.01110	0.01202	0.01277	0.01470	0.10233	0.01055	0.01662	0.01612	0.07156	0.03241	0.16521	0.03459	0.01695	0.00872	0.00284	0.00671	0.43793	0.00611	0.00680
13	0.00870	0.00670	0.00796	0.00817	0.00975	0.00596	0.00593	0.01082	0.01627	0.02133	0.28468	0.23631	0.31837	0.01721	0.00824	0.00237	0.00351	0.01500	0.00676	0.00596
14	0.01750	0.47094	0.05292	0.01625	0.06901	0.04662	0.09962	0.02055	0.01455	0.01828	0.01077	0.01292	0.00930	0.00582	0.00524	0.00158	0.00788	0.00451	0.00319	0.11257
15	0.00947	0.00691	0.00890	0.00856	0.01013	0.00634	0.00636	0.01244	0.01864	0.02607	0.61821	0.10436	0.10846	0.01477	0.00812	0.00221	0.00330	0.01304	0.00736	0.00634
16	0.01506	0.01268	0.01466	0.01055	0.01658	0.01002	0.00847	0.06744	0.01552	0.02384	0.01248	0.01435	0.01024	0.00530	0.00520	0.00109	0.00525	0.00421	0.00426	0.74280
17	0.01500	0.02886	0.47383	0.06242	0.15956	0.04418	0.02258	0.02262	0.06601	0.02189	0.01347	0.01586	0.01001	0.00667	0.00659	0.00214	0.00942	0.00548	0.00332	0.01008
18	0.01617	0.29115	0.30485	0.01560	0.02218	0.03913	0.01713	0.06212	0.01506	0.02014	0.01299	0.06501	0.01148	0.00790	0.00728	0.00201	0.07158	0.00569	0.00342	0.00913
19	0.00910	0.00770	0.00993	0.00906	0.01140	0.00676	0.05354	0.01150	0.01655	0.02115	0.24232	0.09348	0.45095	0.01580	0.00811	0.00229	0.00399	0.01368	0.00648	0.00619
20	0.01188	0.00594	0.00891	0.00891	0.00891	0.00594	0.00594	0.00891	0.00891	0.01188	0.01188	0.02080	0.01188	0.02377	0.02674	0.80095	0.00594	0.00594	0.00297	0.00297
21	0.01821	0.10847	0.13129	0.10552	0.17221	0.06315	0.11459	0.14162	0.03674	0.02442	0.01334	0.01608	0.01030	0.00669	0.00663	0.00205	0.00901	0.00589	0.00395	0.00985
22	0.01280	0.00890	0.01058	0.00957	0.01097	0.00931	0.00668	0.08202	0.01319	0.03781	0.01952	0.03412	0.02001	0.43008	0.13307	0.00589	0.04110	0.00831	0.04474	0.06133
23	0.01497	0.01497	0.02095	0.01796	0.01796	0.02095	0.01497	0.01646	0.01048	0.01646	0.00898	0.01497	0.00898	0.01197	0.02245	0.00299	0.74704	0.00599	0.00299	0.00748
24	0.01975	0.07409	0.04440	0.03114	0.04137	0.28069	0.06443	0.07478	0.12380	0.02171	0.05004	0.01832	0.01437	0.01042	0.04823	0.00254	0.06072	0.00606	0.00440	0.00876
25	0.03297	0.07450	0.10434	0.13240	0.09567	0.12295	0.03944	0.07785	0.05329	0.08768	0.04980	0.01828	0.01355	0.00775	0.00767	0.00211	0.06007	0.00604	0.00441	0.00923
26	0.04693	0.01800	0.07436	0.28666	0.11934	0.11742	0.07404	0.01974	0.01439	0.01900	0.01195	0.01667	0.00964	0.00926	0.04090	0.00264	0.10164	0.00589	0.00325	0.00829
27	0.03745	0.03332	0.07183	0.33486	0.17339	0.01521	0.08214	0.01840	0.01427	0.01967	0.01501	0.06056	0.01322	0.00821	0.00759	0.00230	0.03474	0.04587	0.00354	0.00842

[dist]
# distance from previous block
# <min> <max>
0	55

[block]
# block no. 3 follows, 31 sequences, length 24
# corresponding to MSA columns:
# 338-361
name=unknown_D
#
# <colnr> <probs for GDERKNQSTAVLIFYWHMCP>
#	G	D	E	R	K	N	Q	S	T	A	V	L	I	F	Y	W	H	M	C	P
0	0.17817	0.05599	0.01933	0.10113	0.11271	0.10749	0.01315	0.19004	0.05633	0.04643	0.01369	0.01541	0.01046	0.00705	0.00602	0.00199	0.00766	0.00531	0.00473	0.04691
1	0.01497	0.01587	0.05464	0.01891	0.05556	0.01985	0.01543	0.01699	0.01113	0.01733	0.00951	0.01501	0.00912	0.01104	0.01996	0.00280	0.63436	0.00585	0.00306	0.04860
2	0.06007	0.05476	0.06232	0.09385	0.16118	0.06897	0.11825	0.21247	0.01988	0.02713	0.01324	0.01601	0.01020	0.00710	0.00746	0.00212	0.04485	0.00599	0.00433	0.00982
3	0.01309	0.01200	0.01994	0.51902	0.14293	0.01407	0.01779	0.01726	0.01417	0.01856	0.01622	0.06002	0.01454	0.00879	0.00722	0.00237	0.00840	0.08216	0.00362	0.00784
4	0.06952	0.01801	0.02052	0.01621	0.02129	0.06076	0.09120	0.33189	0.19826	0.03353	0.01803	0.01829	0.01334	0.00785	0.00672	0.00208	0.00748	0.00642	0.00597	0.05263
5	0.01744	0.01756	0.02782	0.12004	0.37401	0.07472	0.15437	0.06211	0.01673	0.02247	0.01298	0.01690	0.01039	0.00629	0.00694	0.00206	0.00913	0.00629	0.00360	0.03815
6	0.02601	0.01916	0.02053	0.01574	0.02122	0.02122	0.01300	0.69408	0.03217	0.04312	0.01643	0.01643	0.01163	0.00821	0.00684	0.00205	0.00753	0.00616	0.00684	0.01163
7	0.00874	0.00613	0.00813	0.00945	0.00997	0.00576	0.00644	0.00985	0.01320	0.01757	0.06179	0.61361	0.06445	0.04554	0.01054	0.04529	0.00423	0.04772	0.00614	0.00545
8	0.01615	0.01845	0.04037	0.02884	0.03576	0.01730	0.69204	0.02191	0.01615	0.02191	0.01384	0.01845	0.01038	0.00577	0.00807	0.00231	0.01153	0.00807	0.00346	0.00923
9	0.02433	0.05299	0.07070	0.01520	0.02076	0.01934	0.01324	0.52247	0.02800	0.09988	0.01780	0.05270	0.01341	0.00865	0.00680	0.00208	0.00738	0.00668	0.00650	0.01110
10	0.00855	0.00692	0.00764	0.00787	0.00985	0.00601	0.00596	0.01052	0.01578	0.01957	0.13635	0.13540	0.51404	0.01750	0.00827	0.00241	0.00373	0.07128	0.00648	0.00588
11	0.00810	0.00687	0.00699	0.00709	0.00928	0.00576	0.00527	0.00980	0.01544	0.01842	0.06734	0.10863	0.67259	0.01758	0.00813	0.00234	0.00350	0.01475	0.00635	0.00576
12	0.01852	0.01039	0.01307	0.01102	0.01428	0.01008	0.00871	0.13586	0.02092	0.23051	0.32632	0.07642	0.03853	0.01338	0.03791	0.00253	0.00540	0.00990	0.00745	0.00879
13	0.01771	0.41621	0.18706	0.01589	0.02262	0.04776	0.09026	0.06298	0.04453	0.02018	0.01184	0.01357	0.00961	0.00632	0.00559	0.00180	0.00852	0.00481	0.00341	0.00936
14	0.01702	0.01470	0.01547	0.01392	0.01779	0.01702	0.01083	0.03635	0.70453	0.02862	0.02785	0.02553	0.02088	0.00928	0.00696	0.00232	0.00541	0.00773	0.00696	0.01083
15	0.00917	0.00692	0.00856	0.00895	0.01052	0.00631	0.00681	0.01154	0.01643	0.02169	0.27913	0.19801	0.24846	0.01724	0.00843	0.00249	0.00395	0.12259	0.00675	0.00605
16	0.02049	0.19013	0.08399	0.01856	0.05704	0.15347	0.13402	0.04514	0.07316	0.11266	0.01486	0.01624	0.01132	0.00703	0.00688	0.00198	0.03349	0.00573	0.00433	0.00950
17	0.02129	0.05017	0.09675	0.01493	0.02017	0.04337	0.01319	0.31833	0.18105	0.08118	0.02118	0.04074	0.03237	0.00899	0.00685	0.00215	0.00715	0.02331	0.00623	0.01059
18	0.00978	0.00729	0.01044	0.01067	0.01195	0.00803	0.00834	0.01218	0.01230	0.01712	0.05624	0.06327	0.06582	0.06689	0.51285	0.00862	0.01428	0.09345	0.00445	0.00604
19	0.09837	0.02044	0.02200	0.12073	0.10126	0.21668	0.08253	0.12381	0.01793	0.02333	0.01196	0.01509	0.00954	0.00750	0.00842	0.00215	0.09994	0.00558	0.00394	0.00879
20	0.01860	0.11130	0.11657	0.01639	0.08118	0.07002	0.01354	0.10105	0.14310	0.07951	0.05981	0.01925	0.01576	0.00755	0.00629	0.00189	0.00714	0.00600	0.00506	0.11999
21	0.05431	0.05272	0.13968	0.04166	0.13188	0.05354	0.01470	0.11408	0.10003	0.03880	0.03086	0.01963	0.01382	0.04932	0.06430	0.00294	0.00852	0.00613	0.00452	0.05859
22	0.01829	0.09299	0.05224	0.06169	0.09043	0.07745	0.08224	0.11858	0.06044	0.05821	0.01580	0.01884	0.01256	0.04567	0.00771	0.00212	0.00767	0.00603	0.08314	0.08791
23	0.09184	0.04710	0.11465	0.06371	0.09098	0.09622	0.04770	0.11320	0.09603	0.06547	0.04315	0.03759	0.01438	0.00776	0.00648	0.00206	0.00785	0.00631	0.00481	0.04271

[dist]
# distance from previous block
# <min> <max>
10	66

[block]
# block no. 4 follows, 31 sequences, length 32
# corresponding to MSA columns:
# 428-459
name=unknown_E
#
# <colnr> <probs for GDERKNQSTAVLIFYWHMCP>
#	G	D	E	R	K	N	Q	S	T	A	V	L	I	F	Y	W	H	M	C	P
0	0.07853	0.04036	0.01869	0.03923	0.08209	0.07665	0.01228	0.19452	0.08909	0.07227	0.01542	0.01687	0.01187	0.00902	0.03189	0.00226	0.06208	0.00564	0.00509	0.13616
1	0.04429	0.09608	0.22044	0.01792	0.02379	0.27417	0.07154	0.05639	0.03828	0.04039	0.01239	0.01431	0.00960	0.00707	0.00707	0.00201	0.04641	0.00513	0.00369	0.00906
2	0.00832	0.00603	0.00786	0.00934	0.00987	0.00557	0.00627	0.00955	0.01328	0.01754	0.04002	0.70455	0.09430	0.02113	0.00868	0.00274	0.00393	0.01908	0.00635	0.00557
3	0.00980	0.00723	0.01050	0.01050	0.01156	0.00828	0.00794	0.01190	0.01085	0.01552	0.01877	0.02936	0.01818	0.14974	0.63550	0.01039	0.01670	0.00769	0.00373	0.00584
4	0.00832	0.00603	0.00786	0.00934	0.00987	0.00557	0.00627	0.00955	0.01328	0.01754	0.04003	0.70452	0.09433	0.02113	0.00868	0.00274	0.00393	0.01908	0.00635	0.00557
5	0.01880	0.01481	0.01831	0.20680	0.04976	0.01691	0.01373	0.16977	0.30959	0.07704	0.02074	0.02124	0.01522	0.00825	0.00689	0.00223	0.00696	0.00685	0.00589	0.01021
6	0.01931	0.01568	0.01897	0.01418	0.01993	0.01522	0.06603	0.29199	0.06985	0.03110	0.01511	0.01623	0.01151	0.00669	0.00616	0.00163	0.00661	0.00549	0.00533	0.36297
7	0.01552	0.33514	0.34062	0.01543	0.02261	0.02026	0.01764	0.02090	0.03879	0.01904	0.01198	0.01425	0.00973	0.00951	0.05472	0.00250	0.03427	0.00475	0.00311	0.00923
8	0.02601	0.01916	0.02053	0.01574	0.02122	0.02122	0.01300	0.69408	0.03217	0.04312	0.01643	0.01643	0.01163	0.00821	0.00684	0.00205	0.00753	0.00616	0.00684	0.01163
9	0.01546	0.01291	0.01487	0.01074	0.01675	0.01042	0.00863	0.09014	0.01612	0.02454	0.01262	0.01443	0.01029	0.00541	0.00526	0.00113	0.00533	0.00428	0.00435	0.71631
10	0.00858	0.00627	0.00814	0.00953	0.01028	0.00583	0.00670	0.01005	0.01368	0.01790	0.04144	0.59965	0.12694	0.02066	0.00873	0.00276	0.00415	0.08671	0.00635	0.00566
11	0.02556	0.03261	0.01939	0.01763	0.02115	0.73210	0.01322	0.02732	0.01939	0.01674	0.01058	0.01234	0.00881	0.00705	0.00617	0.00176	0.01234	0.00441	0.00353	0.00793
12	0.01798	0.01705	0.02515	0.14960	0.47712	0.06456	0.01917	0.10388	0.01757	0.02376	0.01304	0.01677	0.01052	0.00654	0.00675	0.00206	0.00849	0.00599	0.00377	0.01022
13	0.01054	0.00841	0.01259	0.01192	0.01307	0.00994	0.02977	0.01274	0.01099	0.01586	0.01752	0.02717	0.01682	0.11735	0.56449	0.00944	0.09410	0.00748	0.00364	0.00615
14	0.01806	0.02175	0.09758	0.08993	0.30881	0.18831	0.06009	0.02191	0.01585	0.02008	0.01197	0.01555	0.00980	0.00678	0.00771	0.00205	0.06045	0.00563	0.00334	0.03434
15	0.00935	0.00684	0.00881	0.00884	0.01029	0.00630	0.00657	0.01204	0.01761	0.02428	0.48452	0.18634	0.12364	0.01599	0.00827	0.00234	0.00356	0.05107	0.00712	0.00621
16	0.01767	0.01312	0.01525	0.01126	0.01707	0.01115	0.00908	0.10666	0.05000	0.10287	0.01510	0.01602	0.01159	0.00605	0.00559	0.00133	0.00548	0.00481	0.00504	0.57485
17	0.00895	0.00696	0.00813	0.00784	0.00977	0.00614	0.00588	0.01149	0.01763	0.02332	0.41715	0.05788	0.36325	0.01552	0.00808	0.00222	0.00334	0.01332	0.00699	0.00614
18	0.01419	0.01216	0.01419	0.01013	0.01621	0.00912	0.00811	0.01723	0.01419	0.02229	0.01216	0.01419	0.01013	0.00507	0.00507	0.00101	0.00507	0.00405	0.00405	0.80139
19	0.00941	0.00623	0.00832	0.00965	0.01029	0.00577	0.00653	0.01067	0.01341	0.05129	0.03719	0.71994	0.04389	0.02081	0.00864	0.00275	0.00406	0.01885	0.00645	0.00585
20	0.01413	0.03043	0.54559	0.02157	0.05281	0.01577	0.14255	0.02133	0.01485	0.02168	0.01372	0.01825	0.01052	0.00695	0.00693	0.00223	0.01011	0.03761	0.00317	0.00980
21	0.01103	0.00773	0.00834	0.00793	0.01055	0.00670	0.00603	0.01353	0.04317	0.09891	0.06134	0.09226	0.57542	0.01620	0.00793	0.00231	0.00383	0.01355	0.00662	0.00663
22	0.02442	0.01977	0.02112	0.01730	0.04349	0.10940	0.04554	0.44152	0.04799	0.08164	0.01598	0.01667	0.01165	0.00821	0.00797	0.00211	0.06243	0.00611	0.00599	0.01070
23	0.00857	0.00618	0.00812	0.00926	0.00995	0.00573	0.00633	0.01016	0.01434	0.01932	0.16237	0.60104	0.07339	0.01992	0.00859	0.00265	0.00382	0.01797	0.00657	0.00573
24	0.01419	0.01216	0.01419	0.01013	0.01621	0.00912	0.00811	0.01723	0.01419	0.02229	0.01216	0.01419	0.01013	0.00507	0.00507	0.00101	0.00507	0.00405	0.00405	0.80139
25	0.01419	0.01216	0.01419	0.01013	0.01621	0.00912	0.00811	0.01723	0.01419	0.02229	0.01216	0.01419	0.01013	0.00507	0.00507	0.00101	0.00507	0.00405	0.00405	0.80139
26	0.00982	0.00714	0.01005	0.01005	0.01095	0.00804	0.00738	0.01161	0.01072	0.01518	0.01919	0.03165	0.01917	0.24012	0.54647	0.00983	0.01521	0.00803	0.00379	0.00559
27	0.00834	0.00595	0.00794	0.00953	0.00992	0.00556	0.00635	0.00953	0.01310	0.01746	0.03771	0.75510	0.04525	0.02143	0.00873	0.00278	0.00397	0.01945	0.00635	0.00556
28	0.02601	0.01916	0.02053	0.01574	0.02122	0.02122	0.01300	0.69408	0.03217	0.04312	0.01643	0.01643	0.01163	0.00821	0.00684	0.00205	0.00753	0.00616	0.00684	0.01163
29	0.01431	0.01234	0.01477	0.01151	0.04651	0.00943	0.00866	0.01739	0.01425	0.02230	0.01219	0.01431	0.01016	0.00511	0.00514	0.00106	0.00520	0.00414	0.00402	0.76720
30	0.01595	0.07036	0.21738	0.07000	0.18440	0.01597	0.12530	0.04777	0.04156	0.05222	0.01613	0.08283	0.01368	0.00786	0.00694	0.00217	0.00862	0.00725	0.00397	0.00963
31	0.02556	0.03261	0.01939	0.01763	0.02115	0.73210	0.01322	0.02732	0.01939	0.01674	0.01058	0.01234	0.00881	0.00705	0.00617	0.00176	0.01234	0.00441	0.00353	0.00793

[dist]
# distance from previous block
# <min> <max>
0	2

[block]
# block no. 5 follows, 31 sequences, length 27
# corresponding to MSA columns:
# 462-488
name=unknown_F
#
# <colnr> <probs for GDERKNQSTAVLIFYWHMCP>
#	G	D	E	R	K	N	Q	S	T	A	V	L	I	F	Y	W	H	M	C	P
0	0.01709	0.01756	0.05108	0.06690	0.63320	0.05151	0.02068	0.02120	0.01565	0.02186	0.01271	0.01667	0.01060	0.00619	0.00674	0.00203	0.00844	0.00598	0.00336	0.01054
1	0.04031	0.07413	0.06238	0.01704	0.02063	0.32663	0.05491	0.08325	0.01726	0.02023	0.01168	0.01488	0.00986	0.02551	0.01015	0.00219	0.16129	0.00529	0.03409	0.00828
2	0.01602	0.01510	0.02524	0.07185	0.59096	0.01535	0.01921	0.02050	0.03834	0.02232	0.05262	0.01962	0.01436	0.00866	0.03865	0.00245	0.00826	0.00655	0.00373	0.01023
3	0.01524	0.01519	0.02395	0.19182	0.32633	0.05507	0.08329	0.01896	0.01494	0.01997	0.01768	0.05674	0.06243	0.00825	0.00816	0.00222	0.05971	0.00744	0.00365	0.00893
4	0.01379	0.01265	0.01969	0.53266	0.05908	0.01521	0.01699	0.04368	0.04122	0.01930	0.01357	0.04279	0.01101	0.00773	0.00799	0.00225	0.06544	0.00645	0.00353	0.06498
5	0.02298	0.02423	0.02002	0.07378	0.10698	0.38664	0.01396	0.12156	0.01992	0.06294	0.01291	0.01472	0.01007	0.00700	0.00634	0.00183	0.00991	0.00511	0.00428	0.07480
6	0.02440	0.05563	0.02035	0.04360	0.02131	0.07543	0.01272	0.51610	0.05095	0.05669	0.01637	0.01676	0.01186	0.00799	0.00660	0.00200	0.00767	0.00598	0.03678	0.01082
7	0.00865	0.00623	0.00809	0.00913	0.00983	0.00579	0.00621	0.01020	0.01426	0.01920	0.16596	0.55603	0.08080	0.05352	0.00977	0.00281	0.00393	0.01743	0.00647	0.00567
8	0.00878	0.00696	0.00790	0.00766	0.00967	0.00607	0.00575	0.01117	0.01724	0.02240	0.35089	0.05940	0.43008	0.01587	0.00808	0.00224	0.00336	0.01354	0.00687	0.00607
9	0.00983	0.00709	0.00978	0.00978	0.01059	0.00789	0.00704	0.01144	0.01064	0.01498	0.01943	0.03301	0.01977	0.29414	0.49326	0.00950	0.01432	0.00823	0.00383	0.00544
10	0.01929	0.66310	0.03359	0.01252	0.01805	0.12407	0.01191	0.02143	0.01466	0.01619	0.00966	0.01116	0.00878	0.00602	0.00463	0.00150	0.00801	0.00376	0.00301	0.00866
11	0.80789	0.01323	0.01006	0.00900	0.01323	0.01535	0.00741	0.02011	0.01164	0.03070	0.00953	0.01111	0.00741	0.00635	0.00423	0.00212	0.00529	0.00370	0.00423	0.00741
12	0.01907	0.20078	0.17819	0.01939	0.08024	0.11804	0.10242	0.04904	0.04270	0.07850	0.01347	0.01529	0.01039	0.00684	0.00686	0.00198	0.03795	0.00543	0.00387	0.00955
13	0.71909	0.01328	0.01055	0.00930	0.01349	0.01529	0.00764	0.06321	0.01309	0.03124	0.01059	0.01215	0.00817	0.00655	0.00443	0.00209	0.00533	0.00399	0.04288	0.00763
14	0.00977	0.00733	0.01100	0.01100	0.01222	0.00855	0.00855	0.01222	0.01100	0.01588	0.01833	0.02688	0.01710	0.05131	0.73245	0.01100	0.01833	0.00733	0.00367	0.00611
15	0.02601	0.01916	0.02053	0.01574	0.02122	0.02122	0.01300	0.69408	0.03217	0.04312	0.01643	0.01643	0.01163	0.00821	0.00684	0.00205	0.00753	0.00616	0.00684	0.01163
16	0.01541	0.01381	0.07022	0.05769	0.03507	0.01206	0.11976	0.02178	0.13388	0.10329	0.09649	0.07721	0.06079	0.04649	0.00853	0.00234	0.00664	0.00869	0.00547	0.10436
17	0.00994	0.00681	0.00858	0.00866	0.00916	0.00718	0.00572	0.01095	0.01068	0.01495	0.02145	0.07764	0.02314	0.45259	0.25720	0.00758	0.01009	0.00946	0.04325	0.00497
18	0.01687	0.06115	0.07942	0.06232	0.10397	0.18582	0.08315	0.05036	0.01631	0.02007	0.04349	0.15425	0.01828	0.01005	0.00819	0.00221	0.06329	0.00840	0.00418	0.00825
19	0.18799	0.07973	0.31154	0.01584	0.04534	0.05116	0.01646	0.04780	0.04145	0.05583	0.01307	0.01481	0.00984	0.00833	0.03343	0.00236	0.00849	0.00493	0.00388	0.04773
20	0.05422	0.32879	0.07319	0.01554	0.05371	0.10266	0.04386	0.09974	0.01682	0.04506	0.01346	0.05698	0.01181	0.00760	0.00628	0.00186	0.03408	0.00562	0.01972	0.00898
21	0.06681	0.16251	0.05395	0.01357	0.01849	0.13693	0.01170	0.18886	0.05812	0.06696	0.01867	0.01923	0.06542	0.00940	0.03029	0.00217	0.00796	0.00587	0.00498	0.05812
22	0.03630	0.11184	0.12738	0.01382	0.01894	0.04461	0.01281	0.20422	0.10404	0.07403	0.05786	0.04522	0.03416	0.01034	0.03428	0.00238	0.00741	0.00684	0.04392	0.00960
23	0.04976	0.14562	0.16801	0.01477	0.02082	0.01908	0.01435	0.29252	0.07129	0.02987	0.01680	0.01771	0.03610	0.00966	0.03938	0.00239	0.00807	0.00582	0.00503	0.03295
24	0.08004	0.08004	0.09093	0.01321	0.01816	0.04116	0.01179	0.28699	0.05168	0.03017	0.02266	0.06123	0.09580	0.00934	0.00646	0.00203	0.00670	0.00727	0.04442	0.03992
25	0.05883	0.05165	0.04233	0.01449	0.01944	0.04329	0.01223	0.41416	0.08177	0.08324	0.02068	0.02046	0.06267	0.00882	0.00723	0.00210	0.03324	0.00661	0.00625	0.01050
26	0.01799	0.09321	0.20755	0.01470	0.02062	0.01674	0.01453	0.23317	0.08453	0.04601	0.02028	0.08191	0.04872	0.02621	0.00731	0.00219	0.00733	0.00731	0.00521	0.04450

[dist]
# distance from previous block
# <min> <max>
0	31

[block]
# block no. 6 follows, 31 sequences, length 17
# corresponding to MSA columns:
# 520-536
name=unknown_G
#
# <colnr> <probs for GDERKNQSTAVLIFYWHMCP>
#	G	D	E	R	K	N	Q	S	T	A	V	L	I	F	Y	W	H	M	C	P
0	0.04490	0.09128	0.10612	0.01457	0.03872	0.04118	0.01265	0.27414	0.07132	0.02927	0.04119	0.10136	0.08413	0.01014	0.00681	0.00213	0.00689	0.00814	0.00559	0.00946
1	0.01753	0.36296	0.06653	0.01228	0.01713	0.07690	0.01135	0.10657	0.01754	0.03622	0.08648	0.05254	0.09228	0.00901	0.00596	0.00183	0.00694	0.00685	0.00455	0.00854
2	0.09668	0.24520	0.02057	0.01178	0.01613	0.05935	0.01002	0.13042	0.04605	0.09916	0.03870	0.08028	0.08456	0.02465	0.00667	0.00206	0.00645	0.00729	0.00524	0.00875
3	0.02410	0.01774	0.01917	0.01507	0.02000	0.01953	0.01229	0.62022	0.03011	0.04035	0.01872	0.09612	0.01526	0.00964	0.00705	0.00213	0.00714	0.00759	0.00679	0.01098
4	0.00813	0.00676	0.00711	0.00739	0.00936	0.00574	0.00540	0.00977	0.01516	0.01830	0.06376	0.18680	0.59673	0.01805	0.00820	0.00239	0.00355	0.01532	0.00635	0.00574
5	0.01631	0.01181	0.01435	0.04661	0.01752	0.00942	0.00875	0.01937	0.01490	0.11758	0.01468	0.01618	0.01137	0.00576	0.00539	0.00125	0.00528	0.00465	0.04319	0.61563
6	0.02072	0.09629	0.01921	0.01362	0.01796	0.01823	0.01115	0.41552	0.05747	0.03243	0.01691	0.02051	0.01381	0.09171	0.10159	0.00359	0.00862	0.00646	0.00568	0.02851
7	0.02790	0.01400	0.09190	0.01274	0.01842	0.01050	0.01149	0.03108	0.01886	0.61605	0.02721	0.02415	0.04585	0.00863	0.00689	0.00213	0.00618	0.00701	0.00778	0.01123
8	0.01679	0.07428	0.19042	0.04537	0.05000	0.10994	0.01574	0.05453	0.17912	0.02281	0.04816	0.02221	0.01613	0.00882	0.00818	0.00223	0.07675	0.04470	0.00456	0.00927
9	0.01654	0.01768	0.01910	0.01679	0.01766	0.17210	0.01353	0.01812	0.01242	0.01634	0.01074	0.01677	0.01038	0.04486	0.08883	0.00366	0.48803	0.00594	0.00322	0.00731
10	0.01920	0.45238	0.07386	0.01456	0.05371	0.10817	0.01290	0.05237	0.03773	0.04657	0.02816	0.01393	0.01108	0.00652	0.00527	0.00165	0.00783	0.00455	0.00370	0.04585
11	0.00866	0.00679	0.00780	0.00799	0.00958	0.00618	0.00575	0.01039	0.01466	0.01864	0.13266	0.16694	0.39495	0.09379	0.08075	0.00363	0.00526	0.01385	0.00602	0.00570
12	0.02441	0.01819	0.01953	0.01524	0.02039	0.02015	0.01250	0.60004	0.09641	0.04101	0.04886	0.01886	0.01491	0.00858	0.00691	0.00208	0.00713	0.00659	0.00689	0.01132
13	0.00942	0.00668	0.00766	0.00781	0.00840	0.00651	0.00489	0.01005	0.01144	0.01488	0.03228	0.11229	0.16324	0.49154	0.07952	0.00575	0.00664	0.01151	0.00475	0.00475
14	0.02031	0.28637	0.17201	0.01574	0.02156	0.27905	0.01512	0.05715	0.03917	0.01924	0.01141	0.01293	0.00930	0.00665	0.00568	0.00178	0.00966	0.00448	0.00346	0.00896
15	0.01281	0.00981	0.06060	0.01030	0.01314	0.00780	0.00865	0.01556	0.01591	0.12429	0.17310	0.15951	0.17314	0.01853	0.08601	0.00326	0.00618	0.05598	0.00627	0.03915
16	0.15970	0.16041	0.02011	0.01473	0.06094	0.12628	0.01137	0.17837	0.04706	0.04295	0.01621	0.01975	0.03436	0.04549	0.00736	0.00220	0.00751	0.03148	0.00479	0.00893

[dist]
# distance from previous block
# <min> <max>
1	8

[block]
# block no. 7 follows, 31 sequences, length 30
# corresponding to MSA columns:
# 545-574
name=unknown_H
#
# <colnr> <probs for GDERKNQSTAVLIFYWHMCP>
#	G	D	E	R	K	N	Q	S	T	A	V	L	I	F	Y	W	H	M	C	P
0	0.01881	0.46945	0.07370	0.01347	0.01871	0.16405	0.01263	0.02252	0.06198	0.01794	0.03343	0.01620	0.01246	0.00711	0.00536	0.00171	0.00820	0.03001	0.00358	0.00867
1	0.01371	0.00934	0.01115	0.01007	0.01279	0.00905	0.00764	0.01962	0.15607	0.10835	0.28017	0.10951	0.11439	0.04271	0.00863	0.00236	0.00434	0.01102	0.00691	0.06217
2	0.05041	0.68417	0.03370	0.01200	0.01763	0.07430	0.01164	0.02093	0.01418	0.01672	0.00958	0.01107	0.00873	0.00595	0.00450	0.00151	0.00757	0.00371	0.00302	0.00867
3	0.01595	0.06508	0.12712	0.06637	0.22780	0.06267	0.08021	0.02083	0.05798	0.04015	0.03674	0.06906	0.03304	0.00879	0.00803	0.02780	0.03196	0.00728	0.00401	0.00912
4	0.01333	0.01225	0.04630	0.01371	0.07523	0.05877	0.00962	0.01856	0.14165	0.04499	0.06113	0.17411	0.11152	0.14646	0.01246	0.00312	0.00600	0.03778	0.00558	0.00743
5	0.00834	0.00595	0.00794	0.00953	0.00992	0.00556	0.00635	0.00953	0.01310	0.01746	0.03771	0.75510	0.04525	0.02143	0.00873	0.00278	0.00397	0.01945	0.00635	0.00556
6	0.80789	0.01323	0.01006	0.00900	0.01323	0.01535	0.00741	0.02011	0.01164	0.03070	0.00953	0.01111	0.00741	0.00635	0.00423	0.00212	0.00529	0.00370	0.00423	0.00741
7	0.00830	0.00686	0.00703	0.00708	0.00907	0.00586	0.00512	0.00982	0.01487	0.01786	0.06284	0.08790	0.61326	0.10056	0.01110	0.00281	0.00384	0.01411	0.00611	0.00559
8	0.01829	0.76368	0.03585	0.01171	0.01756	0.02707	0.01171	0.02049	0.01390	0.01610	0.00951	0.01097	0.00878	0.00585	0.00439	0.00146	0.00732	0.00366	0.00293	0.00878
9	0.04933	0.02735	0.33658	0.02298	0.11288	0.10817	0.14216	0.07864	0.01690	0.02333	0.01265	0.01524	0.00946	0.00653	0.00671	0.00211	0.01000	0.00568	0.00352	0.00978
10	0.01719	0.38523	0.11677	0.01452	0.01929	0.10130	0.03292	0.01993	0.01379	0.01691	0.01102	0.01495	0.01008	0.05541	0.02987	0.00243	0.12207	0.00490	0.00311	0.00830
11	0.11703	0.01182	0.01523	0.01182	0.01699	0.01064	0.00976	0.03187	0.01870	0.64487	0.02505	0.02193	0.01588	0.00823	0.00659	0.00212	0.00576	0.00653	0.00800	0.01117
12	0.02556	0.03261	0.01939	0.01763	0.02115	0.73210	0.01322	0.02732	0.01939	0.01674	0.01058	0.01234	0.00881	0.00705	0.00617	0.00176	0.01234	0.00441	0.00353	0.00793
13	0.00968	0.00699	0.00914	0.00861	0.01022	0.00646	0.00646	0.01291	0.01937	0.02743	0.71328	0.05110	0.06455	0.01399	0.00807	0.00215	0.00323	0.01237	0.00753	0.00646
14	0.02475	0.11743	0.02147	0.01670	0.02073	0.56399	0.01301	0.10601	0.02026	0.01981	0.01115	0.01266	0.00915	0.00705	0.00604	0.00176	0.01117	0.00453	0.00385	0.00847
15	0.00834	0.00595	0.00794	0.00953	0.00992	0.00556	0.00635	0.00953	0.01310	0.01746	0.03771	0.75510	0.04525	0.02143	0.00873	0.00278	0.00397	0.01945	0.00635	0.00556
16	0.01640	0.01571	0.02680	0.13529	0.62776	0.01611	0.02073	0.02053	0.01533	0.02170	0.01277	0.01711	0.01061	0.00619	0.00678	0.00206	0.00826	0.00609	0.00334	0.01041
17	0.01236	0.01215	0.06215	0.01983	0.22622	0.01064	0.01225	0.03794	0.04576	0.02183	0.10642	0.21656	0.16189	0.01323	0.00765	0.00231	0.00564	0.01176	0.00539	0.00803
18	0.01615	0.01845	0.04037	0.02884	0.03576	0.01730	0.69204	0.02191	0.01615	0.02191	0.01384	0.01845	0.01038	0.00577	0.00807	0.00231	0.01153	0.00807	0.00346	0.00923
19	0.01948	0.01918	0.01749	0.11353	0.03907	0.28996	0.04158	0.02291	0.04538	0.10027	0.14385	0.02600	0.02233	0.03463	0.00792	0.00222	0.00865	0.03245	0.00502	0.00809
20	0.01443	0.01389	0.02413	0.46981	0.26482	0.01568	0.06175	0.01890	0.01445	0.01935	0.01250	0.01783	0.00976	0.00653	0.00690	0.00220	0.00895	0.00621	0.00318	0.00876
21	0.02558	0.03201	0.01944	0.01754	0.02115	0.70062	0.01321	0.05685	0.01995	0.01791	0.01083	0.01252	0.00894	0.00710	0.00620	0.00178	0.01212	0.00448	0.00367	0.00810
22	0.00846	0.00623	0.00797	0.00930	0.01008	0.00574	0.00646	0.00986	0.01366	0.01782	0.04269	0.60207	0.15224	0.02062	0.00867	0.00273	0.00403	0.05939	0.00635	0.00564
23	0.01426	0.01283	0.02038	0.39513	0.20271	0.01455	0.01714	0.06024	0.03748	0.02073	0.01682	0.10424	0.01520	0.00889	0.00713	0.00229	0.00798	0.02956	0.00397	0.00847
24	0.01925	0.04867	0.02348	0.10224	0.32499	0.12077	0.01686	0.14205	0.06543	0.02484	0.01472	0.01859	0.01202	0.00730	0.00671	0.00205	0.00846	0.02727	0.00430	0.00999
25	0.04078	0.01700	0.02228	0.10979	0.12832	0.12694	0.13498	0.03926	0.04359	0.02109	0.01420	0.04115	0.01209	0.03035	0.03037	0.00237	0.02803	0.00640	0.00388	0.14713
26	0.02099	0.04353	0.02408	0.03842	0.13944	0.16699	0.10107	0.22464	0.04891	0.02682	0.01442	0.01771	0.01154	0.00782	0.00803	0.00212	0.06493	0.02415	0.00464	0.00975
27	0.01497	0.01259	0.03820	0.04030	0.10035	0.01229	0.04105	0.01882	0.06117	0.09146	0.02505	0.08375	0.10654	0.04857	0.01079	0.00243	0.11883	0.03184	0.00492	0.13606
28	0.01706	0.05934	0.03993	0.04721	0.06660	0.03426	0.05256	0.16379	0.06483	0.07213	0.02910	0.09716	0.16008	0.01108	0.00812	0.00224	0.05097	0.00914	0.00553	0.00885
29	0.06646	0.01514	0.04019	0.06460	0.15645	0.03753	0.02921	0.06476	0.04519	0.02294	0.01539	0.03992	0.03548	0.00785	0.00842	0.00195	0.10867	0.00609	0.00412	0.22965

[dist]
# distance from previous block
# <min> <max>
0	165

[block]
# block no. 8 follows, 31 sequences, length 29
# corresponding to MSA columns:
# 745-773
name=unknown_I
#
# <colnr> <probs for GDERKNQSTAVLIFYWHMCP>
#	G	D	E	R	K	N	Q	S	T	A	V	L	I	F	Y	W	H	M	C	P
0	0.03968	0.10444	0.09878	0.08911	0.05955	0.07757	0.01289	0.02324	0.10042	0.13193	0.04379	0.02408	0.08817	0.00853	0.00642	0.00201	0.00699	0.00682	0.04182	0.03376
1	0.01904	0.05762	0.11830	0.05129	0.07183	0.11714	0.05431	0.17743	0.05880	0.04691	0.01706	0.04190	0.03109	0.04440	0.00799	0.00222	0.00831	0.00653	0.00472	0.06310
2	0.01886	0.09111	0.05435	0.03687	0.08208	0.08236	0.07704	0.09755	0.09937	0.09497	0.04164	0.05458	0.01585	0.02435	0.00809	0.00216	0.04645	0.00692	0.00498	0.06041
3	0.01746	0.04602	0.17116	0.01827	0.06232	0.10892	0.10314	0.14577	0.01895	0.02502	0.08206	0.04717	0.01766	0.03573	0.00793	0.00222	0.00852	0.02316	0.00458	0.05395
4	0.02013	0.02151	0.09256	0.02211	0.12967	0.17090	0.14786	0.09296	0.05025	0.08172	0.01467	0.01658	0.01108	0.00673	0.00672	0.00196	0.00920	0.00595	0.00440	0.09307
5	0.02236	0.02063	0.01900	0.12094	0.04897	0.23590	0.01345	0.22331	0.09034	0.07973	0.01809	0.01899	0.04171	0.00810	0.00670	0.00204	0.00874	0.00617	0.00527	0.00956
6	0.07685	0.18161	0.19006	0.05912	0.07152	0.08035	0.06000	0.06341	0.01615	0.02217	0.05554	0.01808	0.03801	0.00724	0.00612	0.00194	0.00826	0.00574	0.00383	0.03400
7	0.02673	0.01786	0.01892	0.01468	0.01998	0.07177	0.01201	0.43602	0.02703	0.22344	0.01865	0.01787	0.01279	0.00806	0.00673	0.00200	0.00733	0.00613	0.00691	0.04508
8	0.00844	0.00606	0.00817	0.00964	0.01010	0.00578	0.00652	0.00973	0.01294	0.01734	0.03623	0.69970	0.04311	0.02371	0.06379	0.00340	0.00506	0.01853	0.00615	0.00560
9	0.01781	0.10361	0.14446	0.04913	0.24126	0.07281	0.13338	0.02341	0.06348	0.06455	0.01427	0.01679	0.01103	0.00654	0.00666	0.00205	0.00898	0.00602	0.00383	0.00993
10	0.00897	0.00753	0.00786	0.00768	0.01002	0.00672	0.00579	0.01223	0.06849	0.02040	0.14834	0.06089	0.57847	0.01629	0.00800	0.00229	0.00358	0.01367	0.00655	0.00625
11	0.00834	0.00595	0.00794	0.00953	0.00992	0.00556	0.00635	0.00953	0.01310	0.01746	0.03771	0.75510	0.04525	0.02143	0.00873	0.00278	0.00397	0.01945	0.00635	0.00556
12	0.07133	0.01704	0.06629	0.01621	0.04626	0.01632	0.05969	0.27459	0.09385	0.23801	0.01974	0.01911	0.01359	0.00793	0.00677	0.00213	0.00714	0.00645	0.00656	0.01100
13	0.01940	0.01588	0.01681	0.01440	0.01870	0.01813	0.01141	0.21068	0.52632	0.03246	0.02482	0.02311	0.01843	0.00900	0.00693	0.00225	0.00597	0.00732	0.00693	0.01104
14	0.01533	0.01212	0.01430	0.01027	0.01630	0.00918	0.00824	0.01834	0.01456	0.07071	0.01319	0.01482	0.01060	0.00530	0.00519	0.00109	0.00512	0.00425	0.00436	0.74671
15	0.02227	0.01810	0.01793	0.01465	0.01902	0.08905	0.01166	0.42545	0.14575	0.03476	0.04306	0.04391	0.01669	0.05556	0.00864	0.00238	0.00732	0.00713	0.00638	0.01029
16	0.01658	0.01589	0.02712	0.10446	0.65722	0.01616	0.02082	0.02068	0.01541	0.02192	0.01281	0.01705	0.01068	0.00616	0.00678	0.00205	0.00822	0.00609	0.00336	0.01055
17	0.01528	0.01530	0.08649	0.01597	0.02021	0.01399	0.13429	0.13325	0.17108	0.02606	0.07131	0.19152	0.02478	0.01279	0.03281	0.00265	0.00729	0.01028	0.00570	0.00892
18	0.00809	0.00693	0.00693	0.00693	0.00924	0.00578	0.00520	0.00982	0.01559	0.01848	0.06931	0.06584	0.71411	0.01733	0.00809	0.00231	0.00347	0.01444	0.00635	0.00578
19	0.01625	0.10803	0.04111	0.03547	0.01749	0.05803	0.03286	0.04397	0.19589	0.07052	0.08237	0.02882	0.09299	0.06787	0.02766	0.00272	0.05606	0.00792	0.00540	0.00856
20	0.00809	0.00693	0.00693	0.00693	0.00924	0.00578	0.00520	0.00982	0.01559	0.01848	0.06931	0.06584	0.71411	0.01733	0.00809	0.00231	0.00347	0.01444	0.00635	0.00578
21	0.01419	0.01216	0.01419	0.01013	0.01621	0.00912	0.00811	0.01723	0.01419	0.02229	0.01216	0.01419	0.01013	0.00507	0.00507	0.00101	0.00507	0.00405	0.00405	0.80139
22	0.01941	0.55843	0.05634	0.01258	0.01826	0.05034	0.01212	0.09789	0.03793	0.04020	0.01189	0.01301	0.00998	0.00643	0.00497	0.00162	0.00740	0.00432	0.02770	0.00919
23	0.00860	0.00628	0.00779	0.00874	0.00950	0.00580	0.00587	0.00987	0.01354	0.01777	0.08776	0.49321	0.15895	0.11848	0.01205	0.00317	0.00419	0.01683	0.00614	0.00547
24	0.01723	0.28335	0.35304	0.01637	0.02375	0.09159	0.01836	0.06122	0.01566	0.02035	0.01129	0.01318	0.00890	0.00661	0.00629	0.00191	0.03364	0.00461	0.00320	0.00944
25	0.01739	0.20030	0.05878	0.05584	0.13298	0.07958	0.07709	0.07170	0.04101	0.02071	0.01493	0.04103	0.03585	0.00816	0.00863	0.00210	0.11489	0.00627	0.00379	0.00898
26	0.01420	0.11016	0.25030	0.01443	0.02008	0.03323	0.04611	0.01904	0.03486	0.06370	0.04744	0.03618	0.15664	0.01093	0.00717	0.00226	0.00739	0.11273	0.00475	0.00840
27	0.01521	0.03722	0.08194	0.01504	0.08460	0.01268	0.01167	0.08566	0.11509	0.03888	0.04500	0.07763	0.06594	0.01051	0.03030	0.00218	0.00642	0.02425	0.00511	0.23465
28	0.05432	0.01264	0.01722	0.08522	0.06215	0.01338	0.05395	0.10733	0.10026	0.12957	0.06210	0.04717	0.01985	0.04053	0.07163	0.00317	0.02648	0.05338	0.00563	0.03403

[dist]
# distance from previous block
# <min> <max>
2	13

[block]
# block no. 9 follows, 31 sequences, length 18
# corresponding to MSA columns:
# 787-804
name=unknown_J
#
# <colnr> <probs for GDERKNQSTAVLIFYWHMCP>
#	G	D	E	R	K	N	Q	S	T	A	V	L	I	F	Y	W	H	M	C	P
0	0.08129	0.01684	0.01680	0.05718	0.05052	0.10830	0.01169	0.23880	0.13414	0.02886	0.02072	0.06604	0.05099	0.03113	0.00800	0.00228	0.03102	0.00735	0.02881	0.00924
1	0.01759	0.01599	0.04867	0.16874	0.14445	0.06976	0.01465	0.16455	0.05434	0.05090	0.01825	0.11970	0.01624	0.02245	0.02150	0.00242	0.00790	0.00792	0.00487	0.02910
2	0.15868	0.02435	0.01810	0.03363	0.02042	0.39673	0.03201	0.12465	0.03874	0.04805	0.01328	0.01590	0.01065	0.00755	0.00616	0.00197	0.00970	0.02638	0.00448	0.00858
3	0.46845	0.01397	0.01298	0.08048	0.01786	0.03786	0.00950	0.07930	0.08121	0.02916	0.05309	0.01618	0.01276	0.00723	0.00531	0.00207	0.00595	0.00508	0.00477	0.05681
4	0.01796	0.01464	0.01506	0.01317	0.01682	0.05870	0.01025	0.18157	0.29577	0.05188	0.06216	0.13099	0.05399	0.01110	0.00719	0.00223	0.00592	0.00925	0.00659	0.03475
5	0.01474	0.01101	0.01310	0.01220	0.01431	0.01189	0.00921	0.24018	0.01926	0.02596	0.02797	0.43061	0.03053	0.01767	0.03950	0.00289	0.05138	0.01364	0.00620	0.00774
6	0.06469	0.01806	0.07157	0.08137	0.25962	0.08447	0.04655	0.04272	0.05348	0.10573	0.01458	0.01715	0.01123	0.00745	0.00839	0.00219	0.09080	0.00598	0.00425	0.00973
7	0.00979	0.00657	0.00751	0.00766	0.00770	0.00653	0.00436	0.00991	0.01025	0.01367	0.02310	0.11260	0.02682	0.68908	0.03233	0.00626	0.00638	0.01086	0.00436	0.00428
8	0.00975	0.00666	0.00802	0.00831	0.00854	0.00672	0.00517	0.01028	0.01074	0.01441	0.02414	0.14430	0.02761	0.55693	0.09670	0.00636	0.00736	0.03889	0.00450	0.00462
9	0.01892	0.23721	0.16090	0.01765	0.04847	0.10756	0.09669	0.06350	0.10702	0.05770	0.01452	0.01578	0.01120	0.00684	0.00615	0.00194	0.00869	0.00548	0.00412	0.00964
10	0.01684	0.08940	0.11971	0.09557	0.20530	0.06407	0.13116	0.05929	0.06555	0.02225	0.01504	0.02020	0.01239	0.00729	0.00687	0.00214	0.00893	0.04457	0.00388	0.00955
11	0.01189	0.00990	0.05140	0.01054	0.01229	0.00885	0.00828	0.07717	0.01419	0.01911	0.02537	0.13206	0.02769	0.34372	0.03874	0.00461	0.00677	0.15887	0.00507	0.03349
