[name]
unknown

[dist]
# distance from previous block
# <min> <max>
0	0

[block]
# block no. 0 follows, 25 sequences, length 19
# corresponding to MSA columns:
# 0-18
name=unknown_A
#
# <colnr> <probs for GDERKNQSTAVLIFYWHMCP>
#	G	D	E	R	K	N	Q	S	T	A	V	L	I	F	Y	W	H	M	C	P
0	0.01249	0.00892	0.01249	0.01428	0.01606	0.00892	0.01249	0.01606	0.01785	0.02320	0.04105	0.08746	0.04462	0.02142	0.01071	0.00357	0.00714	0.62695	0.00714	0.00714
1	0.02947	0.02172	0.02327	0.01784	0.02404	0.02404	0.01474	0.65329	0.03646	0.04887	0.01862	0.01862	0.01319	0.00931	0.00776	0.00233	0.00853	0.00698	0.00776	0.01319
2	0.02352	0.01948	0.01987	0.01674	0.02178	0.05276	0.01331	0.26785	0.40173	0.03790	0.02584	0.02440	0.01914	0.00995	0.00780	0.00249	0.00739	0.00793	0.00766	0.01246
3	0.02073	0.73217	0.04063	0.01327	0.01990	0.03068	0.01327	0.02322	0.01575	0.01824	0.01078	0.01244	0.00995	0.00663	0.00498	0.00166	0.00829	0.00415	0.00332	0.00995
4	0.01929	0.01666	0.01753	0.01578	0.02016	0.01929	0.01227	0.04120	0.66513	0.03243	0.03156	0.02893	0.02367	0.01052	0.00789	0.00263	0.00614	0.00877	0.00789	0.01227
5	0.01302	0.00986	0.01448	0.08837	0.05008	0.01022	0.01395	0.01681	0.01760	0.02295	0.03700	0.07738	0.03957	0.01933	0.01026	0.00341	0.00757	0.53400	0.00660	0.00753
6	0.01112	0.00814	0.01160	0.01160	0.01268	0.00922	0.00861	0.01329	0.01220	0.01736	0.02156	0.03484	0.02129	0.20285	0.55468	0.01139	0.01790	0.00895	0.00427	0.00644
7	0.01064	0.00762	0.00892	0.00947	0.01033	0.00726	0.00636	0.01174	0.01409	0.01816	0.04128	0.18536	0.17122	0.36126	0.02407	0.00519	0.00615	0.08922	0.00599	0.00568
8	0.02842	0.08294	0.02321	0.01953	0.02370	0.65235	0.01487	0.03045	0.02156	0.01893	0.01191	0.01388	0.00999	0.00790	0.00686	0.00198	0.01361	0.00494	0.00395	0.00905
9	0.02788	0.02275	0.02311	0.08962	0.02707	0.10509	0.01547	0.51205	0.03253	0.04222	0.01731	0.01826	0.01250	0.00899	0.00766	0.00231	0.00938	0.00673	0.00685	0.01220
10	0.02882	0.01920	0.02143	0.01633	0.02258	0.02007	0.01345	0.46383	0.03137	0.16207	0.02021	0.01973	0.01408	0.00893	0.00752	0.00220	0.00784	0.00684	0.00771	0.10581
11	0.01492	0.01417	0.02332	0.62515	0.04938	0.01802	0.02098	0.01967	0.01506	0.01967	0.01334	0.02022	0.01032	0.00846	0.00990	0.00268	0.09581	0.00688	0.00344	0.00860
12	0.01073	0.00850	0.01198	0.14964	0.01977	0.00872	0.01011	0.01325	0.01622	0.02131	0.11130	0.40661	0.12126	0.01939	0.00933	0.00291	0.00560	0.03986	0.00660	0.00693
13	0.00996	0.00720	0.00954	0.01122	0.01204	0.00677	0.00805	0.01174	0.01555	0.02046	0.04469	0.57023	0.08931	0.02349	0.00999	0.00319	0.00493	0.12797	0.00719	0.00646
14	0.01861	0.01588	0.02016	0.09920	0.02517	0.01513	0.05226	0.12405	0.10558	0.02930	0.01703	0.01905	0.01325	0.00724	0.00681	0.00180	0.00726	0.00609	0.00535	0.41077
15	0.02308	0.01698	0.09816	0.01499	0.02039	0.01449	0.01334	0.07126	0.20449	0.25039	0.13176	0.03271	0.02853	0.01101	0.00809	0.00252	0.00673	0.03157	0.00797	0.01156
16	0.02357	0.04682	0.09918	0.06157	0.02487	0.01944	0.01586	0.22848	0.04339	0.13338	0.01784	0.01923	0.01308	0.00924	0.01020	0.00239	0.12029	0.00660	0.00603	0.09855
17	0.42812	0.01956	0.01650	0.01375	0.01898	0.09779	0.01115	0.21849	0.02153	0.03688	0.01348	0.01477	0.01020	0.00788	0.00601	0.00227	0.00769	0.00517	0.00561	0.04415
18	0.01845	0.01767	0.03014	0.15482	0.57768	0.01823	0.02343	0.02315	0.01731	0.02444	0.01445	0.01943	0.01197	0.00705	0.00769	0.00235	0.00939	0.00691	0.00377	0.01169

[dist]
# distance from previous block
# <min> <max>
0	3

[block]
# block no. 1 follows, 25 sequences, length 12
# corresponding to MSA columns:
# 22-33
name=unknown_B
#
# <colnr> <probs for GDERKNQSTAVLIFYWHMCP>
#	G	D	E	R	K	N	Q	S	T	A	V	L	I	F	Y	W	H	M	C	P
0	0.02058	0.02026	0.02670	0.13762	0.37082	0.11057	0.02024	0.07127	0.09629	0.02617	0.01642	0.01983	0.01310	0.00778	0.00763	0.00234	0.00961	0.00687	0.00456	0.01135
1	0.02168	0.01720	0.01825	0.01517	0.02017	0.04027	0.01204	0.19085	0.30164	0.06623	0.08911	0.02683	0.02361	0.00997	0.00766	0.00230	0.00673	0.00810	0.00743	0.11475
2	0.02519	0.02093	0.02215	0.05897	0.12784	0.13871	0.01518	0.24246	0.02520	0.11016	0.02139	0.02229	0.05525	0.00901	0.00754	0.00221	0.00896	0.00711	0.00616	0.07328
3	0.05601	0.02247	0.02478	0.02242	0.09753	0.21051	0.12647	0.08503	0.01998	0.02521	0.01935	0.02207	0.06523	0.01044	0.03300	0.00258	0.04427	0.00718	0.00467	0.10083
4	0.01720	0.01163	0.01411	0.05034	0.05568	0.05789	0.01018	0.01992	0.01895	0.15366	0.21925	0.20933	0.05936	0.05408	0.01041	0.00286	0.00607	0.01327	0.00730	0.00854
5	0.02092	0.01399	0.02106	0.04454	0.02303	0.01318	0.12128	0.07716	0.04917	0.19304	0.02698	0.15516	0.02398	0.01206	0.00834	0.00249	0.00754	0.05803	0.00679	0.12126
6	0.01936	0.09681	0.02536	0.17308	0.24127	0.06523	0.01729	0.02304	0.01697	0.07546	0.01576	0.02104	0.01314	0.06298	0.00958	0.00254	0.00893	0.00659	0.00433	0.10122
7	0.10667	0.01424	0.01668	0.01860	0.14350	0.06011	0.01168	0.01893	0.01651	0.02490	0.06334	0.20497	0.02560	0.01183	0.00740	0.00219	0.00656	0.01022	0.00537	0.23069
8	0.01885	0.21595	0.10330	0.07687	0.17539	0.09981	0.01782	0.02280	0.01743	0.02235	0.09137	0.02099	0.01804	0.00861	0.00827	0.00222	0.05911	0.00663	0.00415	0.01002
9	0.11125	0.02284	0.09953	0.11062	0.30975	0.11675	0.02027	0.07306	0.01881	0.02663	0.01390	0.01746	0.01106	0.00743	0.00721	0.00232	0.00985	0.00618	0.00417	0.01090
10	0.05019	0.01954	0.02672	0.11260	0.29242	0.10691	0.08907	0.07388	0.01939	0.02557	0.02160	0.02476	0.08589	0.00874	0.00782	0.00237	0.00963	0.00786	0.00455	0.01048
11	0.11170	0.09390	0.02291	0.12777	0.07859	0.05906	0.03703	0.15392	0.03355	0.05226	0.01650	0.02160	0.01360	0.05910	0.00926	0.00260	0.00858	0.02103	0.00515	0.07191

[dist]
# distance from previous block
# <min> <max>
3	65

[block]
# block no. 2 follows, 25 sequences, length 28
# corresponding to MSA columns:
# 99-126
name=unknown_C
#
# <colnr> <probs for GDERKNQSTAVLIFYWHMCP>
#	G	D	E	R	K	N	Q	S	T	A	V	L	I	F	Y	W	H	M	C	P
0	0.01825	0.06118	0.14884	0.01545	0.02067	0.01516	0.04233	0.11611	0.07652	0.08688	0.15400	0.09029	0.03038	0.07624	0.01092	0.00292	0.00750	0.00998	0.00645	0.00992
1	0.01797	0.07413	0.02263	0.05965	0.07838	0.01674	0.06881	0.13811	0.04284	0.02787	0.06039	0.05919	0.06954	0.01383	0.06072	0.00302	0.04264	0.00855	0.00547	0.12952
2	0.01194	0.00947	0.04250	0.01061	0.01295	0.00770	0.00833	0.01445	0.01741	0.07261	0.15933	0.28613	0.23487	0.02153	0.05030	0.00333	0.00565	0.01627	0.00724	0.00736
3	0.01736	0.01312	0.01550	0.01206	0.01757	0.01104	0.00949	0.06212	0.04897	0.07703	0.07603	0.09883	0.02241	0.00940	0.00688	0.00172	0.00569	0.00792	0.00596	0.48090
4	0.01875	0.04754	0.08962	0.06648	0.08120	0.05008	0.26480	0.05558	0.04742	0.05505	0.01956	0.10445	0.01703	0.00964	0.00905	0.00258	0.03667	0.00943	0.00482	0.01026
5	0.01737	0.01782	0.09320	0.02006	0.10445	0.01382	0.09155	0.02327	0.06685	0.05574	0.01997	0.02347	0.04241	0.00783	0.00715	0.00193	0.00772	0.02752	0.00496	0.35295
6	0.01830	0.02092	0.04575	0.03268	0.04052	0.01961	0.65098	0.02484	0.01830	0.02484	0.01569	0.02092	0.01176	0.00654	0.00915	0.00261	0.01307	0.00915	0.00392	0.01046
7	0.01959	0.01543	0.02208	0.01778	0.02255	0.01581	0.14623	0.11393	0.20116	0.09966	0.08084	0.10549	0.08012	0.01205	0.00854	0.00260	0.00743	0.01095	0.00713	0.01062
8	0.00945	0.00675	0.00900	0.01080	0.01125	0.00630	0.00720	0.01080	0.01484	0.01979	0.04274	0.72245	0.05128	0.02429	0.00990	0.00315	0.00450	0.02204	0.00720	0.00630
9	0.01608	0.01378	0.01608	0.01148	0.01837	0.01034	0.00919	0.01952	0.01608	0.02527	0.01378	0.01608	0.01148	0.00574	0.00574	0.00115	0.00574	0.00459	0.00459	0.77491
10	0.02896	0.03695	0.02197	0.01998	0.02397	0.69638	0.01498	0.03096	0.02197	0.01898	0.01199	0.01398	0.00999	0.00799	0.00699	0.00200	0.01398	0.00499	0.00400	0.00899
11	0.78228	0.01499	0.01140	0.01020	0.01499	0.01739	0.00840	0.02279	0.01320	0.03479	0.01080	0.01260	0.00840	0.00720	0.00480	0.00240	0.00600	0.00420	0.00480	0.00840
12	0.08734	0.06110	0.45746	0.02224	0.03203	0.01849	0.13781	0.02491	0.01663	0.05102	0.01447	0.01708	0.01041	0.00726	0.00737	0.00244	0.01093	0.00622	0.00378	0.01100
13	0.01840	0.01804	0.03201	0.14498	0.50602	0.01839	0.10125	0.02333	0.01741	0.02444	0.01460	0.01963	0.01193	0.00699	0.00787	0.00238	0.00986	0.00718	0.00379	0.01150
14	0.01608	0.01378	0.01608	0.01148	0.01837	0.01034	0.00919	0.01952	0.01608	0.02527	0.01378	0.01608	0.01148	0.00574	0.00574	0.00115	0.00574	0.00459	0.00459	0.77491
15	0.02529	0.34714	0.03030	0.01698	0.02215	0.39936	0.01422	0.02751	0.01920	0.01865	0.01145	0.01329	0.00997	0.00738	0.00609	0.00185	0.01144	0.00462	0.00369	0.00942
16	0.01128	0.00752	0.00846	0.00846	0.00846	0.00752	0.00470	0.01128	0.01128	0.01503	0.02443	0.05074	0.02819	0.72751	0.03946	0.00752	0.00752	0.01128	0.00470	0.00470
17	0.78228	0.01499	0.01140	0.01020	0.01499	0.01739	0.00840	0.02279	0.01320	0.03479	0.01080	0.01260	0.00840	0.00720	0.00480	0.00240	0.00600	0.00420	0.00480	0.00840
18	0.08326	0.02462	0.02207	0.01913	0.02166	0.26824	0.01532	0.09407	0.01839	0.02341	0.01182	0.01572	0.01030	0.01056	0.01512	0.00269	0.32428	0.00595	0.00421	0.00918
19	0.26686	0.02081	0.02050	0.01632	0.02198	0.07721	0.04367	0.37208	0.02703	0.04078	0.01545	0.01644	0.01134	0.00840	0.00683	0.00234	0.00840	0.00604	0.00632	0.01119
20	0.12050	0.02032	0.02161	0.01807	0.04753	0.10300	0.06135	0.25875	0.07171	0.09871	0.02118	0.02156	0.04527	0.00901	0.00737	0.00230	0.00854	0.00709	0.00648	0.04964
21	0.04847	0.01938	0.02374	0.09323	0.24342	0.08221	0.01725	0.19395	0.08085	0.03084	0.01826	0.04736	0.01520	0.04103	0.00907	0.00261	0.00894	0.00759	0.00543	0.01116
22	0.05984	0.05653	0.02712	0.11484	0.15087	0.15729	0.08914	0.10156	0.04872	0.02590	0.01450	0.01800	0.01160	0.00833	0.00928	0.00242	0.08266	0.00658	0.00446	0.01034
23	0.05856	0.11046	0.06864	0.16491	0.14315	0.07609	0.01762	0.12621	0.07957	0.02742	0.01684	0.04695	0.01381	0.00861	0.00725	0.00234	0.00912	0.00698	0.00486	0.01061
24	0.06536	0.04619	0.02553	0.17278	0.28174	0.01888	0.01862	0.13062	0.04891	0.02878	0.01541	0.01889	0.01214	0.00756	0.00726	0.00226	0.00866	0.00652	0.00471	0.07917
25	0.05838	0.01886	0.02720	0.07175	0.29487	0.04951	0.08659	0.14773	0.02138	0.05472	0.01858	0.02140	0.04193	0.00807	0.00766	0.00231	0.00912	0.00729	0.00506	0.04758
26	0.02016	0.05165	0.02578	0.20707	0.15555	0.07678	0.05996	0.12363	0.08334	0.02735	0.01626	0.01951	0.01261	0.00781	0.00747	0.00227	0.00940	0.00674	0.00481	0.08186
27	0.10066	0.05150	0.09331	0.04855	0.09958	0.17310	0.03784	0.10410	0.07688	0.05212	0.01573	0.01771	0.01215	0.00823	0.00795	0.00229	0.04370	0.00614	0.00494	0.04350

[dist]
# distance from previous block
# <min> <max>
0	54

[block]
# block no. 3 follows, 25 sequences, length 24
# corresponding to MSA columns:
# 184-207
name=unknown_D
#
# <colnr> <probs for GDERKNQSTAVLIFYWHMCP>
#	G	D	E	R	K	N	Q	S	T	A	V	L	I	F	Y	W	H	M	C	P
0	0.29284	0.08316	0.05220	0.04036	0.07978	0.08779	0.01289	0.02596	0.04723	0.11914	0.07442	0.02050	0.01717	0.00849	0.00648	0.00230	0.00763	0.00628	0.00551	0.00986
1	0.11789	0.08389	0.11650	0.09321	0.08356	0.06770	0.05705	0.09083	0.01910	0.08412	0.01863	0.04057	0.03918	0.00858	0.00713	0.00230	0.00893	0.00695	0.00500	0.04890
2	0.04852	0.08803	0.06967	0.02189	0.15842	0.08424	0.03208	0.07548	0.05543	0.09722	0.04701	0.07654	0.06564	0.03559	0.00873	0.00254	0.00826	0.00871	0.00565	0.01037
3	0.02157	0.14574	0.16413	0.01773	0.04995	0.06182	0.01634	0.12889	0.11015	0.08596	0.06487	0.02156	0.01781	0.00871	0.00715	0.00221	0.00847	0.00678	0.00571	0.05445
4	0.02439	0.02080	0.09362	0.01672	0.02201	0.09979	0.01453	0.07587	0.22900	0.20522	0.02428	0.02367	0.01753	0.01192	0.04067	0.00295	0.05106	0.00744	0.00691	0.01162
5	0.01870	0.19549	0.14665	0.07229	0.14052	0.01984	0.09333	0.04725	0.01813	0.06089	0.07298	0.04586	0.01816	0.00857	0.00736	0.00228	0.00910	0.00749	0.00459	0.01053
6	0.11086	0.12043	0.14431	0.04042	0.04767	0.04901	0.08606	0.05739	0.03943	0.02598	0.06972	0.09208	0.06443	0.01049	0.00746	0.00241	0.00842	0.00883	0.00504	0.00957
7	0.01169	0.00804	0.01088	0.06023	0.01493	0.00771	0.00859	0.01406	0.01724	0.06013	0.18646	0.41147	0.09584	0.01992	0.00943	0.00288	0.00490	0.04109	0.00737	0.00713
8	0.02344	0.01674	0.01840	0.01571	0.02063	0.01854	0.01246	0.12462	0.46457	0.15057	0.02961	0.02706	0.02143	0.01019	0.00785	0.00255	0.00655	0.00835	0.00817	0.01256
9	0.01863	0.02087	0.15211	0.08927	0.23418	0.01650	0.12583	0.02405	0.01726	0.08817	0.01656	0.02044	0.01274	0.01118	0.06154	0.00313	0.01078	0.00709	0.00435	0.06534
10	0.07031	0.24606	0.02709	0.01672	0.02171	0.26536	0.01394	0.11968	0.06657	0.02503	0.01380	0.01533	0.01133	0.00821	0.00744	0.00209	0.04929	0.00534	0.00463	0.01007
11	0.01239	0.00889	0.01099	0.01168	0.01291	0.00886	0.00822	0.09526	0.01750	0.02334	0.03784	0.53806	0.04387	0.08574	0.01233	0.00346	0.00543	0.04910	0.00704	0.00710
12	0.01919	0.01842	0.03147	0.04759	0.67914	0.01842	0.02380	0.02380	0.01765	0.02533	0.01458	0.01919	0.01228	0.00691	0.00768	0.00230	0.00921	0.00691	0.00384	0.01228
13	0.05928	0.21299	0.09050	0.06043	0.02981	0.15028	0.20319	0.06284	0.01883	0.02361	0.01336	0.01641	0.01062	0.00718	0.00711	0.00220	0.01106	0.00624	0.00397	0.01009
14	0.01062	0.00804	0.01173	0.01212	0.01336	0.00758	0.04618	0.01282	0.01641	0.02217	0.15241	0.47076	0.05103	0.05689	0.01128	0.00325	0.00526	0.07426	0.00711	0.00672
15	0.01062	0.00810	0.01086	0.05262	0.01409	0.00831	0.00836	0.01256	0.01555	0.02099	0.13650	0.39169	0.09046	0.09254	0.05151	0.00393	0.04122	0.01690	0.00657	0.00660
16	0.01368	0.00999	0.01185	0.01190	0.01371	0.01007	0.00853	0.14462	0.01940	0.02571	0.03978	0.48883	0.09404	0.05567	0.01086	0.00315	0.00544	0.01790	0.00719	0.00767
17	0.01914	0.13154	0.02396	0.02276	0.19970	0.04964	0.01459	0.12986	0.06529	0.02877	0.12723	0.03127	0.10328	0.01053	0.00765	0.00227	0.00744	0.00878	0.00585	0.01043
18	0.10261	0.05878	0.09256	0.01842	0.07520	0.14549	0.01478	0.12703	0.06641	0.02899	0.01510	0.01674	0.01182	0.00755	0.00665	0.00200	0.00882	0.00560	0.00498	0.19047
19	0.10146	0.06157	0.19546	0.01833	0.04395	0.11972	0.03753	0.12303	0.04566	0.05254	0.08162	0.02099	0.01765	0.00865	0.00720	0.00227	0.00924	0.00670	0.00526	0.04116
20	0.10002	0.19304	0.06297	0.01882	0.07558	0.11141	0.04060	0.09117	0.10907	0.06417	0.01793	0.02121	0.01453	0.00864	0.00688	0.00225	0.00883	0.03697	0.00525	0.01065
21	0.06648	0.05764	0.04352	0.01744	0.05817	0.17338	0.01341	0.13031	0.14601	0.05185	0.04778	0.02531	0.07428	0.00973	0.00734	0.00225	0.00850	0.00749	0.00601	0.05308
22	0.06605	0.04720	0.05616	0.06374	0.10978	0.08774	0.10466	0.06593	0.08751	0.13038	0.01838	0.02005	0.01365	0.00813	0.00803	0.00233	0.03257	0.00688	0.00546	0.06535
23	0.13110	0.01829	0.06875	0.05519	0.13827	0.03940	0.01521	0.09073	0.13231	0.11338	0.02039	0.04497	0.01585	0.01036	0.02811	0.00268	0.00818	0.00725	0.00592	0.05363

[dist]
# distance from previous block
# <min> <max>
3	75

[block]
# block no. 4 follows, 25 sequences, length 6
# corresponding to MSA columns:
# 283-288
name=unknown_E
#
# <colnr> <probs for GDERKNQSTAVLIFYWHMCP>
#	G	D	E	R	K	N	Q	S	T	A	V	L	I	F	Y	W	H	M	C	P
0	0.04313	0.01518	0.02417	0.06139	0.02565	0.01468	0.19643	0.04251	0.06683	0.02474	0.01972	0.06506	0.01796	0.08803	0.01186	0.00286	0.03108	0.03770	0.00493	0.20609
1	0.02020	0.01739	0.06137	0.01690	0.02133	0.01764	0.05741	0.16820	0.15130	0.08499	0.05937	0.06884	0.09133	0.01216	0.01080	0.00266	0.11114	0.00965	0.00670	0.01063
2	0.02522	0.01733	0.01922	0.01563	0.02049	0.01873	0.01246	0.37646	0.11931	0.11870	0.02499	0.10161	0.02066	0.06000	0.01017	0.00282	0.00744	0.00930	0.00773	0.01171
3	0.01912	0.01548	0.02070	0.01780	0.08971	0.01374	0.05117	0.07185	0.01822	0.07844	0.01546	0.01777	0.01225	0.00697	0.00767	0.00169	0.04993	0.00569	0.00504	0.48130
4	0.07607	0.06144	0.01428	0.01148	0.01466	0.03706	0.00898	0.06644	0.07086	0.06000	0.24777	0.12195	0.15018	0.01464	0.00826	0.00248	0.00538	0.01231	0.00727	0.00851
5	0.08329	0.01774	0.03913	0.01659	0.06435	0.08594	0.01254	0.10069	0.09463	0.18571	0.02569	0.07218	0.05490	0.01017	0.00743	0.00228	0.00743	0.00819	0.00672	0.10440

[dist]
# distance from previous block
# <min> <max>
15	94

[block]
# block no. 5 follows, 25 sequences, length 7
# corresponding to MSA columns:
# 384-390
name=unknown_F
#
# <colnr> <probs for GDERKNQSTAVLIFYWHMCP>
#	G	D	E	R	K	N	Q	S	T	A	V	L	I	F	Y	W	H	M	C	P
0	0.07975	0.01390	0.01853	0.01407	0.02008	0.01164	0.08781	0.01952	0.01610	0.02543	0.01769	0.08036	0.01642	0.00838	0.00670	0.00173	0.00663	0.03979	0.00489	0.51059
1	0.35107	0.01320	0.01530	0.01272	0.01716	0.01377	0.06967	0.02188	0.01567	0.08833	0.07142	0.02232	0.01772	0.01406	0.08662	0.00343	0.00800	0.00661	0.07708	0.07395
2	0.01513	0.01486	0.01675	0.01490	0.01815	0.12536	0.08230	0.01810	0.01826	0.02309	0.12793	0.20371	0.09400	0.01520	0.00872	0.00254	0.00736	0.08431	0.00615	0.10318
3	0.01698	0.01761	0.02226	0.01830	0.02148	0.14839	0.16975	0.01964	0.01567	0.01945	0.01883	0.06080	0.01865	0.21585	0.10402	0.00512	0.05915	0.00909	0.00432	0.03465
4	0.01944	0.01601	0.02055	0.05202	0.02281	0.04961	0.08002	0.09672	0.05537	0.08414	0.07494	0.06979	0.02076	0.00967	0.00865	0.00214	0.05300	0.00813	0.00585	0.25039
5	0.05641	0.01756	0.02402	0.01877	0.02400	0.06193	0.16795	0.05931	0.11235	0.04450	0.02154	0.06731	0.04333	0.00958	0.00915	0.00232	0.06743	0.00834	0.00537	0.17884
6	0.09981	0.01763	0.04589	0.08377	0.02823	0.01685	0.19213	0.14181	0.02032	0.03008	0.01869	0.02152	0.04464	0.00789	0.00738	0.00220	0.00878	0.00725	0.04278	0.16236

[dist]
# distance from previous block
# <min> <max>
82	191

[block]
# block no. 6 follows, 25 sequences, length 13
# corresponding to MSA columns:
# 643-655
name=unknown_G
#
# <colnr> <probs for GDERKNQSTAVLIFYWHMCP>
#	G	D	E	R	K	N	Q	S	T	A	V	L	I	F	Y	W	H	M	C	P
0	0.02158	0.01637	0.01829	0.04230	0.05783	0.05558	0.01270	0.19796	0.16125	0.09899	0.08185	0.14866	0.02749	0.01252	0.00823	0.00254	0.00712	0.01057	0.00734	0.01082
1	0.02304	0.04689	0.11577	0.05725	0.13241	0.05133	0.01762	0.19311	0.16346	0.09017	0.02035	0.02100	0.01497	0.00870	0.00759	0.00239	0.00870	0.00706	0.00614	0.01206
2	0.12729	0.01809	0.06483	0.09405	0.05155	0.07461	0.04986	0.10688	0.03719	0.05058	0.02361	0.02717	0.08667	0.06528	0.00973	0.00272	0.00823	0.00776	0.04093	0.05297
3	0.13647	0.02303	0.06139	0.06356	0.16828	0.17797	0.05575	0.04826	0.10094	0.02656	0.01564	0.01804	0.01231	0.00773	0.00708	0.00227	0.00967	0.00622	0.00466	0.05418
4	0.06187	0.02037	0.06310	0.07093	0.25497	0.05338	0.04523	0.17771	0.08381	0.03129	0.01979	0.02195	0.04389	0.00856	0.00765	0.00238	0.00894	0.00733	0.00534	0.01151
5	0.06604	0.01759	0.02259	0.20551	0.11888	0.07416	0.04337	0.09165	0.03824	0.02597	0.01581	0.05117	0.01330	0.00869	0.00858	0.00232	0.05781	0.00708	0.00461	0.12664
6	0.02287	0.01950	0.02451	0.13999	0.05499	0.05926	0.08252	0.30567	0.06868	0.03456	0.01763	0.02014	0.01325	0.01106	0.04452	0.00288	0.01000	0.00713	0.00587	0.05498
7	0.02226	0.02026	0.02491	0.16740	0.22138	0.09655	0.01844	0.20862	0.06065	0.03077	0.01626	0.01917	0.01252	0.00807	0.00757	0.00231	0.00947	0.00672	0.00519	0.04149
8	0.02100	0.05628	0.02497	0.05930	0.18711	0.05755	0.05007	0.07860	0.12625	0.07707	0.01821	0.02020	0.01413	0.00822	0.00845	0.00224	0.05252	0.00680	0.00532	0.12571
9	0.02504	0.06737	0.02352	0.02070	0.09822	0.18265	0.01497	0.27136	0.08218	0.03276	0.01707	0.01859	0.01327	0.01107	0.04403	0.00271	0.01019	0.00642	0.00578	0.05212
10	0.13020	0.01726	0.05898	0.16483	0.23836	0.01767	0.03894	0.07914	0.01729	0.02637	0.01434	0.01915	0.01163	0.01165	0.04869	0.04447	0.04023	0.00659	0.00421	0.01001
11	0.07744	0.06287	0.02336	0.18656	0.11354	0.19825	0.01666	0.08997	0.06879	0.06709	0.01591	0.01844	0.01218	0.00808	0.00718	0.00229	0.00999	0.00625	0.00489	0.01027
12	0.13953	0.02042	0.02538	0.02678	0.21442	0.09664	0.08631	0.14406	0.07204	0.07528	0.01699	0.01892	0.01289	0.00795	0.00736	0.00235	0.00915	0.00674	0.00545	0.01134

[dist]
# distance from previous block
# <min> <max>
0	2

[block]
# block no. 7 follows, 25 sequences, length 27
# corresponding to MSA columns:
# 658-684
name=unknown_H
#
# <colnr> <probs for GDERKNQSTAVLIFYWHMCP>
#	G	D	E	R	K	N	Q	S	T	A	V	L	I	F	Y	W	H	M	C	P
0	0.13176	0.01618	0.01818	0.09370	0.07273	0.05106	0.01307	0.17022	0.06242	0.08586	0.02161	0.11875	0.01872	0.01061	0.00739	0.00241	0.00745	0.00866	0.04260	0.04663
1	0.13439	0.01786	0.02334	0.05400	0.10318	0.01934	0.08535	0.20224	0.11146	0.06092	0.04053	0.02107	0.01562	0.00880	0.00828	0.00244	0.04065	0.00723	0.00603	0.03728
2	0.07411	0.02146	0.02217	0.12219	0.02779	0.12946	0.04086	0.29015	0.07688	0.03453	0.01682	0.01849	0.01256	0.00842	0.00734	0.00226	0.00929	0.00650	0.00590	0.07283
3	0.12932	0.01918	0.02099	0.01943	0.07605	0.10008	0.03872	0.12663	0.11429	0.06134	0.06867	0.02200	0.01796	0.01004	0.01070	0.00256	0.13866	0.00724	0.00577	0.01036
4	0.31159	0.01773	0.01627	0.01383	0.01868	0.05125	0.01113	0.19956	0.17050	0.03694	0.01878	0.01920	0.01410	0.00871	0.00647	0.00237	0.00694	0.00626	0.05915	0.01055
5	0.01120	0.00782	0.00998	0.00998	0.01050	0.00834	0.00659	0.01225	0.01173	0.01616	0.02304	0.04305	0.02485	0.47363	0.28878	0.00939	0.01254	0.01015	0.00449	0.00554
6	0.03479	0.01320	0.01799	0.01380	0.01979	0.01140	0.01140	0.03779	0.02219	0.68451	0.03059	0.02639	0.01919	0.00960	0.00780	0.00240	0.00660	0.00780	0.00960	0.01320
7	0.78228	0.01499	0.01140	0.01020	0.01499	0.01739	0.00840	0.02279	0.01320	0.03479	0.01080	0.01260	0.00840	0.00720	0.00480	0.00240	0.00600	0.00420	0.00480	0.00840
8	0.03479	0.01320	0.01799	0.01380	0.01979	0.01140	0.01140	0.03779	0.02219	0.68451	0.03059	0.02639	0.01919	0.00960	0.00780	0.00240	0.00660	0.00780	0.00960	0.01320
9	0.02757	0.02077	0.02220	0.01745	0.02332	0.02316	0.01428	0.53887	0.15397	0.04579	0.02103	0.02054	0.01515	0.00953	0.00778	0.00238	0.00808	0.00731	0.00778	0.01302
10	0.01128	0.00752	0.00846	0.00846	0.00846	0.00752	0.00470	0.01128	0.01128	0.01503	0.02443	0.05074	0.02819	0.72751	0.03946	0.00752	0.00752	0.01128	0.00470	0.00470
11	0.03343	0.01350	0.01795	0.01397	0.01983	0.01209	0.01147	0.03809	0.07870	0.62720	0.03067	0.02661	0.01959	0.00968	0.00781	0.00242	0.00656	0.00788	0.00945	0.01311
12	0.02335	0.01820	0.01888	0.01615	0.02104	0.05156	0.01277	0.15589	0.44610	0.10562	0.02808	0.02599	0.02055	0.01007	0.00781	0.00252	0.00701	0.00814	0.00786	0.01239
13	0.02521	0.29155	0.03018	0.01992	0.10411	0.15201	0.01510	0.17004	0.02242	0.07936	0.01485	0.01610	0.01173	0.00777	0.00656	0.00202	0.00940	0.00559	0.00503	0.01106
14	0.01462	0.17698	0.02388	0.01513	0.01918	0.01535	0.12910	0.01896	0.04913	0.02464	0.23213	0.13329	0.09041	0.01322	0.00823	0.00241	0.00674	0.01190	0.00615	0.00854
15	0.01608	0.01378	0.01608	0.01148	0.01837	0.01034	0.00919	0.01952	0.01608	0.02527	0.01378	0.01608	0.01148	0.00574	0.00574	0.00115	0.00574	0.00459	0.00459	0.77491
16	0.02146	0.02095	0.09349	0.02615	0.14634	0.07025	0.15939	0.07122	0.01980	0.12284	0.07528	0.02310	0.01799	0.00904	0.01000	0.00251	0.08611	0.00790	0.00531	0.01088
17	0.01149	0.01582	0.18264	0.01295	0.01696	0.00967	0.01255	0.01566	0.01802	0.02500	0.25500	0.23209	0.12915	0.01649	0.00890	0.00266	0.00592	0.01441	0.00665	0.00799
18	0.02323	0.01927	0.02272	0.01823	0.02306	0.07924	0.09923	0.22623	0.15974	0.06739	0.02121	0.02227	0.01586	0.00936	0.00888	0.00241	0.05918	0.00753	0.10381	0.01116
19	0.02702	0.02936	0.02358	0.02370	0.12908	0.39505	0.01620	0.17627	0.05766	0.02770	0.01496	0.01667	0.01181	0.00825	0.00733	0.00216	0.01154	0.00596	0.00505	0.01067
20	0.00945	0.00675	0.00900	0.01080	0.01125	0.00630	0.00720	0.01080	0.01484	0.01979	0.04274	0.72245	0.05128	0.02429	0.00990	0.00315	0.00450	0.02204	0.00720	0.00630
21	0.01608	0.01378	0.01608	0.01148	0.01837	0.01034	0.00919	0.01952	0.01608	0.02527	0.01378	0.01608	0.01148	0.00574	0.00574	0.00115	0.00574	0.00459	0.00459	0.77491
22	0.01889	0.01812	0.03093	0.09091	0.63815	0.01834	0.02365	0.02353	0.01751	0.02497	0.01453	0.01929	0.01215	0.00696	0.00768	0.00232	0.00928	0.00691	0.00381	0.01204
23	0.01608	0.01378	0.01608	0.01148	0.01837	0.01034	0.00919	0.01952	0.01608	0.02527	0.01378	0.01608	0.01148	0.00574	0.00574	0.00115	0.00574	0.00459	0.00459	0.77491
24	0.02947	0.02172	0.02327	0.01784	0.02404	0.02404	0.01474	0.65329	0.03646	0.04887	0.01862	0.01862	0.01319	0.00931	0.00776	0.00233	0.00853	0.00698	0.00776	0.01319
25	0.01128	0.00752	0.00846	0.00846	0.00846	0.00752	0.00470	0.01128	0.01128	0.01503	0.02443	0.05074	0.02819	0.72751	0.03946	0.00752	0.00752	0.01128	0.00470	0.00470
26	0.01807	0.01275	0.01463	0.01333	0.01683	0.01355	0.01023	0.03014	0.33472	0.12114	0.15523	0.13593	0.06286	0.01375	0.00845	0.00264	0.00541	0.01184	0.00812	0.01038

[dist]
# distance from previous block
# <min> <max>
0	2

# created by:
# /home/berkeley/.conda/envs/busco_data_prod/bin/msa2prfl.pl pipeline/OGs_align_augustus/4893/41339.fs
