[name]
unknown

[dist]
# distance from previous block
# <min> <max>
0	150

[block]
# block no. 0 follows, 33 sequences, length 77
# corresponding to MSA columns:
# 151-227
name=unknown_A
#
# <colnr> <probs for GDERKNQSTAVLIFYWHMCP>
#	G	D	E	R	K	N	Q	S	T	A	V	L	I	F	Y	W	H	M	C	P
0	0.05554	0.01751	0.01640	0.01485	0.05008	0.18020	0.01115	0.18976	0.08953	0.09473	0.03674	0.09071	0.01682	0.00922	0.00700	0.00202	0.03123	0.02713	0.00544	0.05392
1	0.01801	0.01427	0.01724	0.01442	0.01691	0.01701	0.01169	0.27433	0.05124	0.05644	0.01864	0.09288	0.04610	0.03964	0.01320	0.00256	0.27392	0.00772	0.00517	0.00864
2	0.01603	0.01316	0.01931	0.01637	0.03894	0.01562	0.07937	0.03966	0.01334	0.11709	0.01863	0.02170	0.08740	0.01220	0.04826	0.00284	0.38563	0.00694	0.00421	0.04331
3	0.01503	0.01374	0.01933	0.08977	0.08375	0.01759	0.01421	0.10273	0.01353	0.01961	0.01143	0.01665	0.01022	0.01532	0.11689	0.00368	0.41923	0.00598	0.00348	0.00782
4	0.04411	0.01073	0.01131	0.01089	0.01259	0.08471	0.00809	0.07950	0.01483	0.01990	0.08652	0.27958	0.02766	0.01791	0.06164	0.11499	0.03476	0.03212	0.00504	0.04312
5	0.01662	0.01511	0.02409	0.20448	0.46696	0.01608	0.01866	0.11640	0.01682	0.02323	0.01271	0.01652	0.01015	0.00632	0.00654	0.00201	0.00796	0.00587	0.00365	0.00980
6	0.02075	0.02336	0.01960	0.01978	0.11929	0.40444	0.01377	0.04195	0.03571	0.04067	0.01159	0.01434	0.00974	0.00939	0.03789	0.00235	0.15852	0.00509	0.00361	0.00816
7	0.01169	0.01093	0.07152	0.01308	0.01602	0.00887	0.12614	0.03492	0.01480	0.06645	0.07164	0.38309	0.11398	0.01485	0.00784	0.00240	0.00565	0.01362	0.00559	0.00693
8	0.01708	0.01678	0.02651	0.03750	0.62812	0.05914	0.04965	0.04651	0.01584	0.02192	0.01242	0.01608	0.01032	0.00598	0.00654	0.00195	0.00819	0.00586	0.00340	0.01022
9	0.01475	0.01615	0.03312	0.12682	0.03324	0.01641	0.50868	0.01958	0.01444	0.01972	0.01277	0.01769	0.00993	0.00803	0.03770	0.00261	0.08950	0.00726	0.00323	0.00837
10	0.01513	0.01651	0.03406	0.07222	0.12984	0.01612	0.51228	0.02005	0.01498	0.02051	0.01374	0.04484	0.01115	0.00646	0.00813	0.00223	0.04187	0.00771	0.00338	0.00880
11	0.01436	0.06988	0.15648	0.01658	0.02112	0.03231	0.18672	0.01807	0.01349	0.06068	0.01677	0.02392	0.03259	0.13022	0.06869	0.00347	0.07398	0.02532	0.02763	0.00773
12	0.01265	0.01046	0.01685	0.26821	0.04358	0.03343	0.08251	0.01406	0.01157	0.01516	0.01215	0.01891	0.01060	0.01649	0.07850	0.30676	0.03330	0.00605	0.00302	0.00576
13	0.03834	0.15433	0.02225	0.01572	0.01959	0.32313	0.10736	0.04299	0.01596	0.01800	0.01226	0.01539	0.01040	0.01366	0.13036	0.00323	0.01125	0.00519	0.03289	0.00770
14	0.01309	0.01237	0.02093	0.63160	0.16142	0.01480	0.01861	0.01740	0.01347	0.01762	0.01182	0.01734	0.00906	0.00646	0.00657	0.00215	0.00861	0.00585	0.00298	0.00784
15	0.01601	0.02816	0.38468	0.02149	0.07628	0.15661	0.15638	0.02168	0.01527	0.01998	0.01257	0.01637	0.00979	0.00657	0.00660	0.00206	0.01017	0.02709	0.00315	0.00908
16	0.00802	0.00573	0.00764	0.00917	0.00955	0.00535	0.00611	0.00917	0.01260	0.01681	0.03628	0.76434	0.04354	0.02062	0.00840	0.00267	0.00382	0.01872	0.00611	0.00535
17	0.00956	0.00687	0.00816	0.00781	0.00975	0.00606	0.00586	0.01195	0.01688	0.05494	0.38929	0.08419	0.33489	0.01485	0.00775	0.00216	0.00335	0.01278	0.00677	0.00613
18	0.01925	0.12076	0.23328	0.01622	0.02253	0.10324	0.06777	0.12243	0.04084	0.11269	0.01416	0.01523	0.01038	0.00685	0.00659	0.00192	0.03138	0.00528	0.00431	0.04489
19	0.01368	0.01261	0.05955	0.01829	0.18284	0.01193	0.01184	0.02118	0.22152	0.04544	0.08357	0.19433	0.02613	0.05630	0.00870	0.00249	0.00569	0.00997	0.00544	0.00850
20	0.00995	0.00745	0.00877	0.00843	0.01027	0.00717	0.00634	0.01422	0.09070	0.02359	0.39403	0.06724	0.19710	0.03874	0.00835	0.00227	0.00360	0.03304	0.06234	0.00641
21	0.00822	0.00669	0.00727	0.00713	0.00916	0.00574	0.00534	0.01029	0.01603	0.02022	0.25284	0.05934	0.53723	0.01576	0.00778	0.00218	0.00327	0.01333	0.00643	0.00574
22	0.01585	0.19855	0.26865	0.01983	0.09185	0.04069	0.11485	0.02088	0.03309	0.03826	0.01186	0.01441	0.00937	0.00667	0.00766	0.00201	0.08798	0.00525	0.00319	0.00910
23	0.00802	0.00573	0.00764	0.00917	0.00955	0.00535	0.00611	0.00917	0.01260	0.01681	0.03628	0.76434	0.04354	0.02062	0.00840	0.00267	0.00382	0.01872	0.00611	0.00535
24	0.00845	0.00643	0.00777	0.00800	0.00944	0.00575	0.00578	0.01053	0.01575	0.02088	0.31527	0.25370	0.27533	0.01652	0.00795	0.00229	0.00338	0.01446	0.00656	0.00575
25	0.04303	0.02416	0.15048	0.10249	0.11891	0.26956	0.10660	0.04773	0.01654	0.04233	0.01201	0.01465	0.00925	0.00645	0.00637	0.00195	0.00994	0.00532	0.00349	0.00873
26	0.01599	0.01437	0.10943	0.03711	0.04549	0.03512	0.14757	0.01982	0.01546	0.14891	0.05329	0.02648	0.09506	0.03160	0.00735	0.00212	0.00674	0.00752	0.17239	0.00817
27	0.10065	0.02925	0.07494	0.01706	0.04339	0.58960	0.01334	0.02498	0.01743	0.01798	0.01028	0.01206	0.00840	0.00665	0.00580	0.00177	0.01091	0.00428	0.00341	0.00784
28	0.01740	0.73855	0.06677	0.01161	0.01743	0.02555	0.01187	0.01977	0.01340	0.01574	0.00928	0.01071	0.00844	0.00566	0.00432	0.00144	0.00716	0.00358	0.00281	0.00851
29	0.01440	0.01440	0.02016	0.01728	0.01728	0.02016	0.01440	0.01584	0.01008	0.01584	0.00864	0.01440	0.00864	0.01152	0.02160	0.00288	0.75659	0.00576	0.00288	0.00720
30	0.04889	0.58532	0.02984	0.01180	0.01700	0.08611	0.01108	0.06002	0.01512	0.04178	0.03402	0.01266	0.01061	0.00623	0.00470	0.00153	0.00722	0.00411	0.00346	0.00850
31	0.02434	0.01712	0.01865	0.01456	0.01961	0.01877	0.01194	0.54732	0.12051	0.11077	0.01831	0.01765	0.01290	0.00806	0.00660	0.00202	0.00681	0.00620	0.00676	0.01109
32	0.00802	0.00573	0.00764	0.00917	0.00955	0.00535	0.00611	0.00917	0.01260	0.01681	0.03628	0.76434	0.04354	0.02062	0.00840	0.00267	0.00382	0.01872	0.00611	0.00535
33	0.02954	0.01120	0.01528	0.01171	0.01681	0.00968	0.00968	0.03208	0.01884	0.73213	0.02597	0.02241	0.01630	0.00815	0.00662	0.00204	0.00560	0.00662	0.00815	0.01120
34	0.00953	0.00685	0.00907	0.00946	0.01023	0.00720	0.00665	0.03733	0.01191	0.01631	0.02529	0.30762	0.02814	0.19849	0.27795	0.00632	0.00950	0.01197	0.00472	0.00546
35	0.00814	0.00634	0.00741	0.00787	0.00930	0.00560	0.00562	0.00988	0.01479	0.01898	0.17429	0.31493	0.35830	0.01753	0.00800	0.00236	0.00347	0.01528	0.00632	0.00560
36	0.02954	0.01120	0.01528	0.01171	0.01681	0.00968	0.00968	0.03208	0.01884	0.73213	0.02597	0.02241	0.01630	0.00815	0.00662	0.00204	0.00560	0.00662	0.00815	0.01120
37	0.01243	0.01170	0.01975	0.75282	0.04534	0.01463	0.01828	0.01682	0.01316	0.01682	0.01170	0.01755	0.00878	0.00658	0.00658	0.00219	0.00878	0.00585	0.00293	0.00731
38	0.01987	0.02093	0.01652	0.01483	0.01849	0.29542	0.01139	0.05778	0.42117	0.02369	0.01998	0.01934	0.01529	0.00807	0.00640	0.00202	0.00785	0.00615	0.00542	0.00938
39	0.01609	0.05508	0.01406	0.01215	0.04663	0.01213	0.00910	0.13047	0.12211	0.09325	0.06836	0.09715	0.02120	0.01511	0.10679	0.00315	0.00682	0.00794	0.15410	0.00831
40	0.81514	0.01273	0.00968	0.00866	0.01273	0.01477	0.00713	0.01935	0.01120	0.02954	0.00917	0.01069	0.00713	0.00611	0.00407	0.00204	0.00509	0.00356	0.00407	0.00713
41	0.00804	0.00668	0.00703	0.00694	0.00905	0.00567	0.00521	0.00995	0.01562	0.01925	0.17873	0.06094	0.61194	0.01612	0.00778	0.00220	0.00330	0.01356	0.00631	0.00567
42	0.01365	0.01170	0.01365	0.00975	0.01560	0.00878	0.00780	0.01658	0.01365	0.02145	0.01170	0.01365	0.00975	0.00488	0.00488	0.00098	0.00488	0.00390	0.00390	0.80888
43	0.01365	0.01170	0.01365	0.00975	0.01560	0.00878	0.00780	0.01658	0.01365	0.02145	0.01170	0.01365	0.00975	0.00488	0.00488	0.00098	0.00488	0.00390	0.00390	0.80888
44	0.01554	0.01776	0.03885	0.02775	0.03441	0.01665	0.70366	0.02109	0.01554	0.02109	0.01332	0.01776	0.00999	0.00555	0.00777	0.00222	0.01110	0.00777	0.00333	0.00888
45	0.00802	0.00573	0.00764	0.00917	0.00955	0.00535	0.00611	0.00917	0.01260	0.01681	0.03628	0.76434	0.04354	0.02062	0.00840	0.00267	0.00382	0.01872	0.00611	0.00535
46	0.01243	0.01170	0.01975	0.75282	0.04534	0.01463	0.01828	0.01682	0.01316	0.01682	0.01170	0.01755	0.00878	0.00658	0.00658	0.00219	0.00878	0.00585	0.00293	0.00731
47	0.01412	0.01369	0.01960	0.04187	0.09388	0.01779	0.01412	0.01602	0.01095	0.01674	0.01012	0.01604	0.00973	0.03465	0.05199	0.00309	0.54643	0.00583	0.00305	0.06029
48	0.01304	0.03442	0.01234	0.01148	0.03888	0.08674	0.03069	0.01526	0.01587	0.08829	0.20132	0.21946	0.15381	0.01493	0.03092	0.00246	0.00553	0.01184	0.00591	0.00682
49	0.00932	0.00673	0.00880	0.00828	0.00984	0.00621	0.00621	0.01242	0.01863	0.02640	0.72410	0.04918	0.06212	0.01346	0.00776	0.00207	0.00311	0.01191	0.00725	0.00621
50	0.01144	0.00572	0.00858	0.00858	0.00858	0.00572	0.00572	0.00858	0.00858	0.01144	0.01144	0.02001	0.01144	0.02287	0.02573	0.80846	0.00572	0.00572	0.00286	0.00286
51	0.01365	0.01170	0.01365	0.00975	0.01560	0.00878	0.00780	0.01658	0.01365	0.02145	0.01170	0.01365	0.00975	0.00488	0.00488	0.00098	0.00488	0.00390	0.00390	0.80888
52	0.00870	0.00709	0.00779	0.00786	0.00983	0.00641	0.00588	0.01168	0.06145	0.01960	0.15223	0.14797	0.47216	0.01626	0.00784	0.00229	0.00359	0.03909	0.00631	0.00596
53	0.00802	0.00573	0.00764	0.00917	0.00955	0.00535	0.00611	0.00917	0.01260	0.01681	0.03628	0.76434	0.04354	0.02062	0.00840	0.00267	0.00382	0.01872	0.00611	0.00535
54	0.00802	0.00573	0.00764	0.00917	0.00955	0.00535	0.00611	0.00917	0.01260	0.01681	0.03628	0.76434	0.04354	0.02062	0.00840	0.00267	0.00382	0.01872	0.00611	0.00535
55	0.01617	0.01552	0.02650	0.06307	0.70587	0.01561	0.02014	0.02010	0.01493	0.02136	0.01236	0.01633	0.01038	0.00589	0.00652	0.00196	0.00785	0.00587	0.00325	0.01033
56	0.00940	0.00705	0.01058	0.01058	0.01176	0.00823	0.00823	0.01176	0.01058	0.01528	0.01763	0.02586	0.01646	0.04937	0.74255	0.01058	0.01763	0.00705	0.00353	0.00588
57	0.01440	0.01440	0.02016	0.01728	0.01728	0.02016	0.01440	0.01584	0.01008	0.01584	0.00864	0.01440	0.00864	0.01152	0.02160	0.00288	0.75659	0.00576	0.00288	0.00720
58	0.01365	0.01170	0.01365	0.00975	0.01560	0.00878	0.00780	0.01658	0.01365	0.02145	0.01170	0.01365	0.00975	0.00488	0.00488	0.00098	0.00488	0.00390	0.00390	0.80888
59	0.01046	0.00741	0.01012	0.01142	0.01273	0.00741	0.00967	0.01306	0.01437	0.01872	0.03286	0.06985	0.03591	0.12438	0.01255	0.00351	0.00611	0.58793	0.00577	0.00577
60	0.01158	0.00677	0.00759	0.00725	0.00891	0.00664	0.00547	0.03726	0.01620	0.02581	0.28606	0.03353	0.03373	0.00986	0.00586	0.00175	0.00322	0.00830	0.47787	0.00633
61	0.00778	0.00667	0.00667	0.00667	0.00889	0.00556	0.00500	0.00945	0.01501	0.01778	0.06669	0.06336	0.72490	0.01667	0.00778	0.00222	0.00333	0.01389	0.00611	0.00556
62	0.02499	0.01771	0.01924	0.01473	0.02000	0.01927	0.01216	0.63528	0.02953	0.09041	0.01640	0.01621	0.01152	0.00782	0.00653	0.00195	0.00705	0.00591	0.00661	0.03667
63	0.01365	0.01170	0.01365	0.00975	0.01560	0.00878	0.00780	0.01658	0.01365	0.02145	0.01170	0.01365	0.00975	0.00488	0.00488	0.00098	0.00488	0.00390	0.00390	0.80888
64	0.02465	0.02955	0.01881	0.01670	0.02036	0.64007	0.01269	0.12242	0.02040	0.01970	0.01097	0.01243	0.00886	0.00694	0.00603	0.00174	0.01122	0.00448	0.00384	0.00814
65	0.00793	0.00670	0.00687	0.00689	0.00907	0.00564	0.00521	0.00969	0.01516	0.01820	0.09369	0.06306	0.67750	0.01658	0.00782	0.00224	0.00340	0.03259	0.00616	0.00560
66	0.01020	0.03276	0.00996	0.00999	0.01157	0.00763	0.00782	0.01325	0.05894	0.03421	0.06105	0.29226	0.15819	0.03610	0.00883	0.00270	0.00472	0.22761	0.00605	0.00616
67	0.02388	0.01776	0.01914	0.01460	0.01993	0.01924	0.01204	0.63619	0.02921	0.03947	0.01539	0.01559	0.01105	0.00760	0.00641	0.00187	0.00701	0.00572	0.00632	0.09158
68	0.02459	0.03138	0.01866	0.01696	0.02035	0.74221	0.01272	0.02629	0.01866	0.01611	0.01018	0.01187	0.00848	0.00678	0.00594	0.00170	0.01187	0.00424	0.00339	0.00763
69	0.01447	0.01229	0.01317	0.01203	0.01524	0.01380	0.00928	0.02910	0.54449	0.02622	0.11921	0.05374	0.08755	0.01054	0.00698	0.00222	0.00474	0.00892	0.00670	0.00931
70	0.00906	0.00645	0.00809	0.00847	0.00979	0.00589	0.00608	0.01096	0.01495	0.04250	0.23188	0.35058	0.20631	0.01845	0.03664	0.00269	0.00410	0.01487	0.00639	0.00584
71	0.01485	0.01146	0.01234	0.01074	0.01374	0.03047	0.00835	0.16810	0.15348	0.04971	0.24263	0.03778	0.16287	0.04369	0.00832	0.00228	0.00490	0.00966	0.00657	0.00808
72	0.01129	0.00653	0.00928	0.00909	0.00911	0.00699	0.00618	0.00934	0.00897	0.01216	0.01338	0.04561	0.01409	0.13606	0.02606	0.59526	0.06730	0.00670	0.00313	0.00346
73	0.01760	0.63297	0.06393	0.01466	0.08596	0.05758	0.01277	0.02011	0.01380	0.01633	0.00963	0.01132	0.00864	0.00574	0.00461	0.00150	0.00746	0.00384	0.00288	0.00866
74	0.01886	0.08867	0.02097	0.01730	0.11907	0.04677	0.04387	0.22150	0.01925	0.04971	0.01313	0.01479	0.01028	0.00644	0.00640	0.00164	0.03444	0.00509	0.00455	0.25727
75	0.01519	0.08965	0.10410	0.01604	0.02069	0.04637	0.14750	0.07076	0.16577	0.02254	0.05016	0.04770	0.09138	0.00928	0.00770	0.00216	0.04940	0.03022	0.00477	0.00863
76	0.01698	0.04484	0.19221	0.01583	0.04243	0.09305	0.03688	0.04423	0.22350	0.07555	0.01907	0.04387	0.01507	0.00830	0.00700	0.00210	0.03493	0.02508	0.04981	0.00928

[dist]
# distance from previous block
# <min> <max>
0	2

[block]
# block no. 1 follows, 33 sequences, length 7
# corresponding to MSA columns:
# 230-236
name=unknown_B
#
# <colnr> <probs for GDERKNQSTAVLIFYWHMCP>
#	G	D	E	R	K	N	Q	S	T	A	V	L	I	F	Y	W	H	M	C	P
0	0.01262	0.06123	0.04345	0.01251	0.01508	0.04262	0.06570	0.01583	0.03888	0.05469	0.01722	0.02428	0.01547	0.09437	0.44728	0.00745	0.01380	0.00687	0.00383	0.00682
1	0.01444	0.01665	0.11659	0.06540	0.16743	0.04819	0.05588	0.05068	0.01460	0.02013	0.01982	0.02545	0.09468	0.00954	0.01011	0.00229	0.17189	0.05583	0.03218	0.00822
2	0.01064	0.00671	0.00887	0.00908	0.01019	0.00620	0.00641	0.01126	0.01250	0.05062	0.07907	0.31721	0.05510	0.08160	0.01415	0.18867	0.00472	0.05845	0.00520	0.06335
3	0.01303	0.01293	0.01507	0.09254	0.06940	0.12052	0.05677	0.01649	0.05147	0.01996	0.17059	0.13673	0.14120	0.01186	0.00792	0.00218	0.03902	0.01018	0.00509	0.00706
4	0.01513	0.12078	0.11583	0.01571	0.06939	0.10929	0.05318	0.03840	0.01436	0.04937	0.01776	0.02127	0.06109	0.02092	0.24352	0.00468	0.01144	0.00628	0.00375	0.00786
5	0.04445	0.10624	0.09465	0.01466	0.04931	0.08576	0.01236	0.18456	0.01787	0.06041	0.01352	0.01689	0.01117	0.07683	0.00958	0.00224	0.06840	0.00536	0.00437	0.12136
6	0.06840	0.05442	0.06500	0.01492	0.05210	0.08404	0.09784	0.05284	0.04269	0.07244	0.01593	0.06202	0.01377	0.06940	0.00824	0.00215	0.00709	0.00640	0.03972	0.17058

[dist]
# distance from previous block
# <min> <max>
1	70

[block]
# block no. 2 follows, 33 sequences, length 24
# corresponding to MSA columns:
# 307-330
name=unknown_C
#
# <colnr> <probs for GDERKNQSTAVLIFYWHMCP>
#	G	D	E	R	K	N	Q	S	T	A	V	L	I	F	Y	W	H	M	C	P
0	0.08300	0.17803	0.07224	0.01464	0.04537	0.19939	0.01214	0.04703	0.18506	0.05100	0.01689	0.01723	0.03650	0.00737	0.00577	0.00187	0.00770	0.00540	0.00447	0.00888
1	0.01612	0.06551	0.07375	0.30700	0.09009	0.12209	0.03301	0.03916	0.01542	0.05920	0.04647	0.01882	0.03460	0.00712	0.00635	0.00197	0.00834	0.00593	0.00376	0.04531
2	0.01918	0.13563	0.04216	0.01352	0.03668	0.07614	0.01098	0.15700	0.14199	0.10499	0.01847	0.07537	0.01533	0.03236	0.00699	0.00201	0.00661	0.00661	0.00531	0.09269
3	0.05066	0.19658	0.09006	0.10678	0.04763	0.09795	0.05904	0.07792	0.03659	0.04724	0.01313	0.01652	0.01068	0.00672	0.00581	0.00181	0.00790	0.02977	0.00385	0.09335
4	0.04196	0.06171	0.30066	0.08037	0.09532	0.01403	0.01683	0.04002	0.01454	0.06070	0.04422	0.02162	0.07962	0.01111	0.06372	0.00273	0.03197	0.00638	0.00385	0.00866
5	0.04672	0.31361	0.30054	0.01458	0.02117	0.04290	0.01614	0.04393	0.01416	0.04083	0.01142	0.01345	0.00915	0.00877	0.04752	0.00231	0.03620	0.00452	0.00320	0.00885
6	0.00865	0.00656	0.00787	0.00839	0.00970	0.00599	0.00596	0.02967	0.01492	0.01946	0.16298	0.39702	0.26326	0.01778	0.00804	0.00241	0.00364	0.01565	0.00632	0.00573
7	0.01499	0.09225	0.57213	0.01804	0.02682	0.01680	0.04503	0.09869	0.01585	0.02277	0.01210	0.01397	0.00873	0.00637	0.00618	0.00202	0.00927	0.00497	0.00323	0.00976
8	0.08009	0.08445	0.06467	0.07799	0.11554	0.04503	0.08652	0.16293	0.07068	0.06785	0.01435	0.01636	0.01094	0.00822	0.02743	0.00227	0.04510	0.00576	0.00447	0.00935
9	0.01220	0.00800	0.01006	0.03331	0.01262	0.00775	0.00754	0.06341	0.03760	0.09854	0.09642	0.39211	0.13222	0.01625	0.00785	0.00243	0.00443	0.04410	0.00638	0.00677
10	0.00839	0.00681	0.00751	0.00767	0.00971	0.00594	0.00598	0.01043	0.01547	0.01912	0.14264	0.06323	0.54203	0.01650	0.00797	0.00232	0.00371	0.11261	0.00624	0.00571
11	0.01176	0.05178	0.05524	0.01255	0.05523	0.00995	0.00966	0.07535	0.04516	0.02181	0.13367	0.28411	0.07860	0.01479	0.00767	0.00238	0.00514	0.11230	0.00579	0.00706
12	0.01626	0.01743	0.02114	0.04220	0.07007	0.14235	0.04331	0.01818	0.01221	0.01654	0.00946	0.01434	0.00880	0.00991	0.01682	0.00256	0.52221	0.00560	0.00301	0.00758
13	0.01736	0.73232	0.07267	0.01167	0.01753	0.02546	0.01198	0.01977	0.01341	0.01578	0.00930	0.01074	0.00844	0.00567	0.00433	0.00144	0.00719	0.00359	0.00281	0.00852
14	0.00802	0.00573	0.00764	0.00917	0.00955	0.00535	0.00611	0.00917	0.01260	0.01681	0.03628	0.76434	0.04354	0.02062	0.00840	0.00267	0.00382	0.01872	0.00611	0.00535
15	0.03872	0.01769	0.02415	0.22748	0.23518	0.14630	0.11846	0.04890	0.01561	0.02003	0.01185	0.01582	0.00943	0.00648	0.00711	0.00205	0.03693	0.00579	0.00335	0.00866
16	0.01608	0.01542	0.02633	0.08062	0.68907	0.01558	0.02010	0.02001	0.01489	0.02124	0.01234	0.01636	0.01033	0.00591	0.00652	0.00197	0.00787	0.00586	0.00324	0.01025
17	0.00942	0.00700	0.01029	0.01029	0.01136	0.00807	0.00787	0.01157	0.01049	0.01507	0.01790	0.02734	0.01710	0.11097	0.68183	0.01022	0.01667	0.00727	0.00357	0.00572
18	0.00957	0.00638	0.00718	0.00718	0.00718	0.00638	0.00399	0.00957	0.00957	0.01276	0.02074	0.04308	0.02393	0.76864	0.03351	0.00638	0.00638	0.00957	0.00399	0.00399
19	0.01358	0.01328	0.02091	0.12805	0.06654	0.01653	0.09267	0.01627	0.01247	0.01801	0.07298	0.04435	0.01570	0.01046	0.01479	0.00258	0.39782	0.03204	0.00356	0.00742
20	0.01773	0.01672	0.01607	0.12076	0.04034	0.17926	0.01159	0.20650	0.04209	0.02505	0.10184	0.04337	0.10854	0.01071	0.02850	0.00226	0.00772	0.00761	0.00515	0.00819
21	0.01291	0.01206	0.02023	0.56739	0.16822	0.01420	0.01775	0.01712	0.01390	0.01838	0.06388	0.01963	0.01298	0.00695	0.00666	0.00214	0.00819	0.00630	0.00330	0.00781
22	0.07911	0.01644	0.01841	0.12968	0.06787	0.08545	0.01327	0.23533	0.08562	0.05285	0.01574	0.01755	0.03069	0.00819	0.00850	0.00215	0.11327	0.00594	0.00485	0.00912
23	0.04839	0.01887	0.01832	0.01625	0.06237	0.18426	0.03441	0.23755	0.08799	0.05629	0.01850	0.01920	0.06326	0.00822	0.00738	0.00197	0.05669	0.00616	0.00512	0.04882

[dist]
# distance from previous block
# <min> <max>
0	76

[block]
# block no. 3 follows, 33 sequences, length 47
# corresponding to MSA columns:
# 409-455
name=unknown_D
#
# <colnr> <probs for GDERKNQSTAVLIFYWHMCP>
#	G	D	E	R	K	N	Q	S	T	A	V	L	I	F	Y	W	H	M	C	P
0	0.01810	0.08694	0.12204	0.01265	0.01791	0.05939	0.01170	0.09929	0.03764	0.14197	0.01900	0.01964	0.06173	0.00908	0.03438	0.00208	0.02838	0.00576	0.02796	0.18435
1	0.01528	0.34347	0.24510	0.01398	0.02007	0.04039	0.03351	0.04506	0.01455	0.01907	0.06635	0.01677	0.01359	0.02503	0.05962	0.00249	0.00859	0.00519	0.00340	0.00849
2	0.01236	0.08765	0.50324	0.01536	0.02291	0.01387	0.01871	0.01821	0.01435	0.02022	0.06593	0.02459	0.13853	0.00850	0.00645	0.00205	0.00796	0.00679	0.00365	0.00867
3	0.04122	0.03714	0.12418	0.01632	0.04635	0.06612	0.13871	0.05601	0.01481	0.04849	0.01978	0.16240	0.03728	0.08038	0.01020	0.00259	0.04935	0.00886	0.03209	0.00772
4	0.01421	0.04731	0.23787	0.06288	0.05862	0.01651	0.23645	0.01919	0.01393	0.01988	0.05158	0.01740	0.01206	0.00744	0.00976	0.00226	0.15437	0.00641	0.00326	0.00862
5	0.01048	0.01011	0.05384	0.00971	0.01222	0.00915	0.00814	0.05284	0.04197	0.02109	0.17912	0.04686	0.38267	0.01539	0.03831	0.00257	0.08202	0.01115	0.00575	0.00663
6	0.00919	0.00749	0.00955	0.01132	0.07937	0.00684	0.00757	0.01131	0.01494	0.01911	0.11931	0.19269	0.36350	0.01625	0.00795	0.00238	0.00421	0.10492	0.00595	0.00613
7	0.01636	0.17058	0.23624	0.04214	0.02290	0.09001	0.08258	0.08769	0.06276	0.02155	0.01589	0.04097	0.03834	0.00738	0.00611	0.00193	0.00829	0.00597	0.03344	0.00885
8	0.01383	0.00970	0.03124	0.03395	0.01346	0.00930	0.00805	0.08466	0.08030	0.10726	0.04862	0.24017	0.08888	0.14123	0.03295	0.00321	0.00558	0.01127	0.02918	0.00715
9	0.00802	0.00573	0.00764	0.00917	0.00955	0.00535	0.00611	0.00917	0.01260	0.01681	0.03628	0.76434	0.04354	0.02062	0.00840	0.00267	0.00382	0.01872	0.00611	0.00535
10	0.01549	0.01476	0.02509	0.11912	0.61911	0.01507	0.01936	0.01934	0.01468	0.02077	0.01336	0.04952	0.01171	0.00660	0.00661	0.00201	0.00775	0.00643	0.00335	0.00985
11	0.04946	0.24203	0.06570	0.10581	0.02205	0.17923	0.03509	0.08260	0.06598	0.01998	0.01317	0.04108	0.01130	0.03211	0.00662	0.00198	0.00829	0.00541	0.00379	0.00830
12	0.02272	0.01095	0.01327	0.01086	0.01486	0.01069	0.00875	0.07463	0.13776	0.38979	0.02431	0.02285	0.01674	0.00815	0.00613	0.00194	0.00502	0.00659	0.20417	0.00982
13	0.00798	0.00664	0.00697	0.00696	0.00903	0.00563	0.00519	0.00981	0.01538	0.01883	0.14784	0.08612	0.61816	0.01641	0.00780	0.00222	0.00332	0.01381	0.00626	0.00563
14	0.00925	0.00616	0.00803	0.00888	0.00963	0.00588	0.00630	0.01058	0.01328	0.01830	0.12365	0.39651	0.05809	0.06344	0.01125	0.08080	0.00423	0.08832	0.07213	0.00529
15	0.01743	0.01845	0.05234	0.21969	0.22574	0.14711	0.12364	0.05134	0.01607	0.04713	0.01259	0.01617	0.00975	0.00636	0.00662	0.00202	0.00928	0.00585	0.00352	0.00889
16	0.00957	0.00638	0.00718	0.00718	0.00718	0.00638	0.00399	0.00957	0.00957	0.01276	0.02074	0.04308	0.02393	0.76864	0.03351	0.00638	0.00638	0.00957	0.00399	0.00399
17	0.00854	0.00624	0.00809	0.00938	0.00999	0.00601	0.00636	0.01075	0.05302	0.01773	0.05836	0.69851	0.04281	0.01972	0.00828	0.00263	0.00388	0.01785	0.00618	0.00567
18	0.01912	0.07469	0.06970	0.07861	0.19380	0.18775	0.01495	0.12941	0.03925	0.05026	0.01483	0.07090	0.01266	0.00775	0.00636	0.00195	0.00837	0.00629	0.00423	0.00911
19	0.01608	0.01542	0.02633	0.08040	0.68928	0.01558	0.02010	0.02001	0.01489	0.02124	0.01234	0.01636	0.01034	0.00591	0.00652	0.00197	0.00787	0.00586	0.00324	0.01025
20	0.01144	0.00572	0.00858	0.00858	0.00858	0.00572	0.00572	0.00858	0.00858	0.01144	0.01144	0.02001	0.01144	0.02287	0.02573	0.80846	0.00572	0.00572	0.00286	0.00286
21	0.13837	0.01833	0.04352	0.01427	0.01946	0.04247	0.01206	0.53562	0.02666	0.06375	0.01490	0.01512	0.01061	0.00756	0.00619	0.00198	0.00711	0.00552	0.00604	0.01044
22	0.01513	0.01470	0.02600	0.29065	0.34234	0.01563	0.13334	0.04524	0.01504	0.02053	0.01243	0.01697	0.00980	0.00615	0.00675	0.00209	0.00869	0.00618	0.00328	0.00909
23	0.00826	0.00661	0.00714	0.00711	0.00889	0.00575	0.00514	0.00997	0.01495	0.01870	0.17520	0.08617	0.50515	0.09918	0.01064	0.00267	0.00365	0.01326	0.00608	0.00549
24	0.00989	0.00636	0.00724	0.00729	0.00759	0.00642	0.00439	0.01050	0.01033	0.01470	0.02118	0.06344	0.02316	0.59527	0.06916	0.00582	0.00647	0.00925	0.11708	0.00445
25	0.01640	0.01594	0.02610	0.12232	0.55431	0.04047	0.06088	0.04558	0.01553	0.02149	0.01241	0.01636	0.01017	0.00604	0.00658	0.00199	0.00825	0.00593	0.00335	0.00990
26	0.00940	0.00705	0.01058	0.01058	0.01176	0.00823	0.00823	0.01176	0.01058	0.01528	0.01763	0.02586	0.01646	0.04937	0.74255	0.01058	0.01763	0.00705	0.00353	0.00588
27	0.01320	0.03405	0.73453	0.01876	0.02849	0.01529	0.02432	0.02085	0.01390	0.02085	0.01181	0.01390	0.00834	0.00625	0.00625	0.00208	0.00973	0.00486	0.00278	0.00973
28	0.02140	0.01617	0.01668	0.01333	0.01767	0.06448	0.01076	0.45822	0.02580	0.06264	0.09125	0.04665	0.04251	0.00902	0.00662	0.00194	0.00654	0.00710	0.04169	0.03952
29	0.70219	0.01233	0.01022	0.00896	0.01303	0.01390	0.00735	0.02038	0.01229	0.10167	0.03942	0.01343	0.01027	0.00661	0.00448	0.00204	0.00507	0.00421	0.00462	0.00751
30	0.00802	0.00573	0.00764	0.00917	0.00955	0.00535	0.00611	0.00917	0.01260	0.01681	0.03628	0.76434	0.04354	0.02062	0.00840	0.00267	0.00382	0.01872	0.00611	0.00535
31	0.02538	0.01287	0.01560	0.01224	0.01702	0.01256	0.01002	0.20836	0.06721	0.43409	0.02728	0.02477	0.08383	0.00896	0.00673	0.00205	0.00579	0.00720	0.00744	0.01060
32	0.01144	0.00572	0.00858	0.00858	0.00858	0.00572	0.00572	0.00858	0.00858	0.01144	0.01144	0.02001	0.01144	0.02287	0.02573	0.80846	0.00572	0.00572	0.00286	0.00286
33	0.00789	0.00664	0.00684	0.00686	0.00898	0.00559	0.00512	0.00964	0.01516	0.01832	0.10939	0.08673	0.65715	0.01660	0.00780	0.00223	0.00334	0.01393	0.00619	0.00559
34	0.02954	0.01120	0.01528	0.01171	0.01681	0.00968	0.00968	0.03208	0.01884	0.73213	0.02597	0.02241	0.01630	0.00815	0.00662	0.00204	0.00560	0.00662	0.00815	0.01120
35	0.00916	0.00701	0.00852	0.00918	0.01039	0.00681	0.00648	0.01274	0.09769	0.01955	0.13438	0.47443	0.14352	0.01766	0.00802	0.00247	0.00382	0.01572	0.00634	0.00610
36	0.71910	0.01254	0.01036	0.00903	0.01323	0.01415	0.00744	0.02091	0.01214	0.11543	0.01122	0.01213	0.00825	0.00636	0.00439	0.00204	0.00515	0.00394	0.00457	0.00763
37	0.00802	0.00573	0.00764	0.00917	0.00955	0.00535	0.00611	0.00917	0.01260	0.01681	0.03628	0.76434	0.04354	0.02062	0.00840	0.00267	0.00382	0.01872	0.00611	0.00535
38	0.02954	0.01120	0.01528	0.01171	0.01681	0.00968	0.00968	0.03208	0.01884	0.73213	0.02597	0.02241	0.01630	0.00815	0.00662	0.00204	0.00560	0.00662	0.00815	0.01120
39	0.01320	0.03405	0.73453	0.01876	0.02849	0.01529	0.02432	0.02085	0.01390	0.02085	0.01181	0.01390	0.00834	0.00625	0.00625	0.00208	0.00973	0.00486	0.00278	0.00973
40	0.01144	0.00572	0.00858	0.00858	0.00858	0.00572	0.00572	0.00858	0.00858	0.01144	0.01144	0.02001	0.01144	0.02287	0.02573	0.80846	0.00572	0.00572	0.00286	0.00286
41	0.00977	0.00657	0.00817	0.00804	0.00913	0.00654	0.00572	0.01186	0.01390	0.02018	0.26878	0.06263	0.06299	0.20368	0.14270	0.00456	0.00648	0.00986	0.13289	0.00555
42	0.01522	0.01263	0.01449	0.01050	0.01627	0.01038	0.00845	0.11171	0.01604	0.02422	0.01227	0.01395	0.00995	0.00529	0.00511	0.00111	0.00520	0.00418	0.00427	0.69875
43	0.00995	0.00745	0.00870	0.00823	0.01047	0.00639	0.00607	0.01187	0.01459	0.04388	0.14456	0.17664	0.28877	0.07724	0.00958	0.00245	0.00404	0.03378	0.00583	0.12950
44	0.01502	0.23410	0.02076	0.01387	0.06165	0.04103	0.04900	0.09192	0.03869	0.02010	0.02046	0.09490	0.05763	0.06237	0.07628	0.00304	0.00767	0.05220	0.03158	0.00772
45	0.15048	0.06626	0.14533	0.01332	0.01877	0.06201	0.05638	0.04323	0.06529	0.06422	0.04188	0.04322	0.03277	0.00732	0.00580	0.00183	0.00679	0.00583	0.00439	0.16487
46	0.06767	0.05986	0.04082	0.01147	0.01480	0.09500	0.00939	0.13266	0.06327	0.04493	0.04863	0.06425	0.06876	0.01393	0.07585	0.06122	0.00727	0.00710	0.07769	0.03542

[dist]
# distance from previous block
# <min> <max>
1	30

[block]
# block no. 4 follows, 33 sequences, length 9
# corresponding to MSA columns:
# 486-494
name=unknown_E
#
# <colnr> <probs for GDERKNQSTAVLIFYWHMCP>
#	G	D	E	R	K	N	Q	S	T	A	V	L	I	F	Y	W	H	M	C	P
0	0.01129	0.00929	0.01048	0.04174	0.01332	0.04475	0.00794	0.06667	0.01650	0.02157	0.18056	0.21157	0.17391	0.01472	0.00766	0.00227	0.00481	0.09661	0.00596	0.05838
1	0.00875	0.00656	0.00811	0.00803	0.00956	0.00592	0.00591	0.01120	0.01682	0.02284	0.45915	0.16378	0.21853	0.01535	0.00787	0.00220	0.00327	0.01344	0.00680	0.00592
2	0.00802	0.00573	0.00764	0.00917	0.00955	0.00535	0.00611	0.00917	0.01260	0.01681	0.03628	0.76434	0.04354	0.02062	0.00840	0.00267	0.00382	0.01872	0.00611	0.00535
3	0.04661	0.01847	0.01966	0.01579	0.02050	0.15047	0.10226	0.19562	0.20461	0.05073	0.01702	0.01747	0.01277	0.00729	0.00639	0.00192	0.00770	0.00599	0.00528	0.09345
4	0.59838	0.01412	0.07567	0.00993	0.01450	0.01369	0.00895	0.02069	0.01283	0.11688	0.05210	0.01464	0.01151	0.00680	0.00480	0.00204	0.00546	0.00454	0.00465	0.00782
5	0.01620	0.01478	0.02370	0.25613	0.42907	0.01593	0.01865	0.10531	0.01644	0.02258	0.01260	0.01662	0.01002	0.00634	0.00655	0.00203	0.00804	0.00587	0.00357	0.00957
6	0.01457	0.01389	0.02361	0.35792	0.42351	0.01519	0.01935	0.01870	0.01418	0.01942	0.01208	0.01685	0.00969	0.00618	0.00655	0.00206	0.00825	0.00586	0.00311	0.00904
7	0.01442	0.01457	0.01936	0.10924	0.02061	0.06162	0.01436	0.01631	0.01101	0.01594	0.00974	0.01544	0.00919	0.01324	0.06864	0.00326	0.56718	0.00577	0.00296	0.00715
8	0.10350	0.01421	0.04699	0.01352	0.01703	0.01517	0.01147	0.16442	0.05335	0.19367	0.05546	0.01941	0.01489	0.01177	0.06076	0.00282	0.18072	0.00624	0.00550	0.00910

[dist]
# distance from previous block
# <min> <max>
0	56

[block]
# block no. 5 follows, 33 sequences, length 21
# corresponding to MSA columns:
# 556-576
name=unknown_F
#
# <colnr> <probs for GDERKNQSTAVLIFYWHMCP>
#	G	D	E	R	K	N	Q	S	T	A	V	L	I	F	Y	W	H	M	C	P
0	0.01877	0.01375	0.01394	0.01144	0.01538	0.06942	0.00904	0.19327	0.11751	0.09413	0.01864	0.01996	0.01423	0.03464	0.00677	0.00188	0.00577	0.00590	0.18911	0.14644
1	0.00934	0.00730	0.00900	0.00893	0.01090	0.00632	0.00642	0.01109	0.01332	0.01821	0.05673	0.41888	0.14919	0.01785	0.04770	0.00264	0.00470	0.01380	0.00552	0.18217
2	0.01749	0.01351	0.01596	0.06830	0.05109	0.07110	0.04252	0.18506	0.04486	0.09118	0.17349	0.02945	0.02527	0.06281	0.00880	0.00237	0.00651	0.04466	0.03721	0.00837
3	0.01586	0.05196	0.01812	0.05587	0.04960	0.14218	0.03100	0.08073	0.01452	0.01878	0.01290	0.01799	0.01148	0.04083	0.19914	0.00439	0.17131	0.00580	0.00360	0.05394
4	0.00802	0.00573	0.00764	0.00917	0.00955	0.00535	0.00611	0.00917	0.01260	0.01681	0.03628	0.76434	0.04354	0.02062	0.00840	0.00267	0.00382	0.01872	0.00611	0.00535
5	0.00936	0.00689	0.00993	0.01001	0.01097	0.00782	0.00750	0.01131	0.01053	0.01498	0.01899	0.06396	0.01887	0.15488	0.60184	0.00958	0.01530	0.00799	0.00372	0.00557
6	0.01730	0.14335	0.10942	0.06897	0.24132	0.09456	0.07412	0.07440	0.05449	0.02150	0.01288	0.01543	0.01027	0.00636	0.00612	0.00190	0.00837	0.00545	0.02444	0.00935
7	0.01320	0.03405	0.73453	0.01876	0.02849	0.01529	0.02432	0.02085	0.01390	0.02085	0.01181	0.01390	0.00834	0.00625	0.00625	0.00208	0.00973	0.00486	0.00278	0.00973
8	0.00940	0.00705	0.01058	0.01058	0.01176	0.00823	0.00823	0.01176	0.01058	0.01528	0.01763	0.02586	0.01646	0.04937	0.74255	0.01058	0.01763	0.00705	0.00353	0.00588
9	0.01293	0.01087	0.01294	0.00971	0.01469	0.00858	0.00764	0.01563	0.01307	0.02025	0.01289	0.01670	0.01132	0.05228	0.09242	0.00239	0.00645	0.00458	0.00386	0.67081
10	0.00824	0.00595	0.00776	0.00912	0.00970	0.00556	0.00627	0.00952	0.01285	0.01694	0.03787	0.63807	0.09269	0.04720	0.00931	0.00280	0.00403	0.06473	0.00603	0.00536
11	0.01326	0.01128	0.01323	0.00971	0.01518	0.00853	0.00768	0.01606	0.01358	0.02113	0.01343	0.06641	0.01213	0.00598	0.00512	0.00109	0.00480	0.00494	0.00406	0.75241
12	0.01651	0.20294	0.15620	0.09264	0.08365	0.04134	0.10003	0.05227	0.05333	0.06073	0.01380	0.01733	0.01115	0.06136	0.00802	0.00223	0.00822	0.00569	0.00372	0.00883
13	0.01463	0.07001	0.25031	0.06805	0.06360	0.01578	0.06110	0.06463	0.01433	0.04101	0.01428	0.07421	0.01242	0.01072	0.04860	0.00267	0.14024	0.00659	0.01825	0.00855
14	0.00831	0.00654	0.00883	0.00936	0.01053	0.00593	0.03815	0.00979	0.01338	0.01727	0.04334	0.54255	0.22393	0.01887	0.00821	0.00253	0.00403	0.01692	0.00598	0.00557
15	0.01400	0.01282	0.02115	0.30795	0.17709	0.01390	0.09628	0.08038	0.01590	0.02129	0.06694	0.07667	0.05026	0.00844	0.00698	0.00216	0.00768	0.00785	0.00407	0.00820
16	0.02240	0.07877	0.02270	0.04043	0.04547	0.11112	0.09440	0.35668	0.06175	0.07850	0.01532	0.01612	0.01122	0.00727	0.00646	0.00195	0.00812	0.00586	0.00538	0.01006
17	0.01572	0.01731	0.06755	0.14155	0.37807	0.04776	0.19492	0.02023	0.01496	0.02042	0.01239	0.01653	0.00987	0.00595	0.00681	0.00205	0.00909	0.00622	0.00321	0.00940
18	0.00812	0.00588	0.00770	0.00912	0.00968	0.00546	0.00623	0.00938	0.01289	0.01700	0.03842	0.68306	0.09265	0.02023	0.00839	0.00266	0.00388	0.04773	0.00611	0.00539
19	0.01374	0.03170	0.01554	0.04591	0.09136	0.01022	0.00963	0.01713	0.03256	0.02100	0.01347	0.05581	0.01189	0.00605	0.00535	0.00127	0.00536	0.00510	0.00396	0.60294
20	0.06071	0.11613	0.03636	0.05698	0.14396	0.03068	0.01224	0.11536	0.11421	0.05093	0.06866	0.07241	0.04832	0.00870	0.00631	0.00198	0.00631	0.00721	0.00496	0.03759

[dist]
# distance from previous block
# <min> <max>
0	5

[block]
# block no. 6 follows, 33 sequences, length 26
# corresponding to MSA columns:
# 582-607
name=unknown_G
#
# <colnr> <probs for GDERKNQSTAVLIFYWHMCP>
#	G	D	E	R	K	N	Q	S	T	A	V	L	I	F	Y	W	H	M	C	P
0	0.05074	0.01312	0.01558	0.09886	0.05839	0.06170	0.01086	0.04057	0.05041	0.08641	0.03094	0.01769	0.01257	0.01154	0.08986	0.00268	0.05224	0.00539	0.00432	0.28614
1	0.01141	0.01403	0.17829	0.01213	0.01596	0.00919	0.06042	0.01485	0.01400	0.03840	0.09393	0.13970	0.10107	0.11353	0.01062	0.00272	0.00610	0.04713	0.06527	0.05122
2	0.01018	0.00678	0.00756	0.00741	0.00764	0.00684	0.00429	0.03297	0.01043	0.01411	0.02060	0.04155	0.02327	0.71792	0.03165	0.00607	0.00630	0.00934	0.03078	0.00430
3	0.02033	0.11387	0.02125	0.01725	0.08205	0.19433	0.04661	0.17632	0.16044	0.04218	0.01658	0.05076	0.01347	0.00785	0.00629	0.00193	0.00798	0.00621	0.00492	0.00938
4	0.00957	0.00638	0.00718	0.00718	0.00718	0.00638	0.00399	0.00957	0.00957	0.01276	0.02074	0.04308	0.02393	0.76864	0.03351	0.00638	0.00638	0.00957	0.00399	0.00399
5	0.03953	0.31306	0.09394	0.01305	0.01808	0.11448	0.01213	0.09339	0.03944	0.09667	0.01365	0.01548	0.01100	0.03028	0.06694	0.00257	0.00856	0.00492	0.00411	0.00875
6	0.01848	0.15367	0.25048	0.01744	0.02406	0.01642	0.15393	0.02308	0.01508	0.19179	0.01486	0.01618	0.01064	0.00681	0.00731	0.00203	0.05832	0.00570	0.00420	0.00952
7	0.00914	0.00716	0.00842	0.00900	0.01047	0.00687	0.00652	0.01271	0.09593	0.01911	0.08663	0.38080	0.25121	0.01747	0.00801	0.00247	0.00391	0.05181	0.00625	0.00610
8	0.00940	0.00669	0.00896	0.00905	0.00967	0.00728	0.00630	0.01068	0.01026	0.01429	0.01999	0.07398	0.02115	0.35580	0.39841	0.00835	0.01205	0.00878	0.00387	0.00504
9	0.01320	0.03405	0.73453	0.01876	0.02849	0.01529	0.02432	0.02085	0.01390	0.02085	0.01181	0.01390	0.00834	0.00625	0.00625	0.00208	0.00973	0.00486	0.00278	0.00973
10	0.01243	0.01170	0.01975	0.75282	0.04534	0.01463	0.01828	0.01682	0.01316	0.01682	0.01170	0.01755	0.00878	0.00658	0.00658	0.00219	0.00878	0.00585	0.00293	0.00731
11	0.00800	0.00580	0.00756	0.00898	0.00950	0.00536	0.00603	0.00919	0.01279	0.01688	0.03861	0.71078	0.09560	0.02032	0.00836	0.00264	0.00378	0.01835	0.00611	0.00536
12	0.01190	0.00748	0.00959	0.00923	0.01102	0.00720	0.00688	0.01550	0.06477	0.10132	0.35124	0.21513	0.04444	0.01593	0.04807	0.00266	0.00450	0.01205	0.05428	0.00682
13	0.00818	0.00584	0.00782	0.00935	0.00980	0.00548	0.00639	0.00944	0.01276	0.01698	0.03620	0.72202	0.04319	0.02048	0.00845	0.00270	0.00396	0.05947	0.00611	0.00539
14	0.00916	0.00672	0.00857	0.00811	0.00974	0.00614	0.00608	0.01211	0.01825	0.02549	0.65471	0.05067	0.13208	0.01380	0.00777	0.00209	0.00313	0.01212	0.00713	0.00614
15	0.00784	0.00643	0.00691	0.00730	0.00906	0.00550	0.00528	0.00938	0.01440	0.01754	0.05905	0.23953	0.55365	0.01767	0.00794	0.00234	0.00346	0.01511	0.00611	0.00550
16	0.00841	0.00596	0.00760	0.00875	0.00917	0.00563	0.00577	0.00940	0.01216	0.01611	0.03430	0.56854	0.06670	0.17220	0.01349	0.00342	0.00439	0.03720	0.00568	0.00510
17	0.01501	0.01541	0.02007	0.01726	0.01747	0.06310	0.01430	0.01646	0.01059	0.01586	0.00873	0.01425	0.00863	0.01124	0.02067	0.00281	0.71230	0.00567	0.00291	0.00723
18	0.01787	0.01090	0.01284	0.01053	0.01379	0.01128	0.04600	0.22173	0.01946	0.09642	0.01977	0.02138	0.01476	0.00767	0.00556	0.00175	0.00499	0.00621	0.44884	0.00827
19	0.01365	0.01170	0.01365	0.00975	0.01560	0.00878	0.00780	0.01658	0.01365	0.02145	0.01170	0.01365	0.00975	0.00488	0.00488	0.00098	0.00488	0.00390	0.00390	0.80888
20	0.01734	0.65329	0.03082	0.01097	0.01615	0.02313	0.01065	0.01958	0.01421	0.05332	0.08500	0.01522	0.01448	0.00658	0.00472	0.00151	0.00655	0.00456	0.00355	0.00835
21	0.01320	0.01058	0.01169	0.01097	0.01360	0.01139	0.00838	0.07440	0.31165	0.02487	0.11687	0.16729	0.12374	0.01281	0.00728	0.00228	0.00457	0.03331	0.03301	0.00812
22	0.01493	0.10126	0.11778	0.01179	0.01631	0.08748	0.01079	0.02043	0.12413	0.07063	0.08531	0.03037	0.18881	0.00976	0.00645	0.00192	0.00612	0.00784	0.00510	0.08279
23	0.01117	0.01315	0.14164	0.11273	0.06927	0.00994	0.03026	0.01486	0.02948	0.03323	0.02849	0.29757	0.08762	0.01367	0.00757	0.00242	0.00625	0.07867	0.00487	0.00716
24	0.02510	0.01282	0.04506	0.01526	0.09702	0.01123	0.01138	0.02989	0.10109	0.51586	0.02533	0.02300	0.03945	0.00819	0.00664	0.00206	0.00589	0.00681	0.00714	0.01078
25	0.01513	0.01764	0.09177	0.05860	0.11807	0.05830	0.23175	0.01968	0.03545	0.02006	0.01409	0.01748	0.03352	0.00694	0.00864	0.00203	0.10752	0.00627	0.00348	0.13359

[dist]
# distance from previous block
# <min> <max>
0	23

[block]
# block no. 7 follows, 33 sequences, length 41
# corresponding to MSA columns:
# 631-671
name=unknown_H
#
# <colnr> <probs for GDERKNQSTAVLIFYWHMCP>
#	G	D	E	R	K	N	Q	S	T	A	V	L	I	F	Y	W	H	M	C	P
0	0.01748	0.15055	0.01852	0.01449	0.06958	0.17123	0.01084	0.07788	0.05002	0.06107	0.05911	0.10004	0.06441	0.01004	0.00649	0.00197	0.00705	0.06343	0.00487	0.04093
1	0.08639	0.06276	0.01704	0.01547	0.08390	0.13575	0.01115	0.17652	0.13481	0.02565	0.02155	0.10004	0.06456	0.00962	0.00647	0.00206	0.00687	0.02541	0.00522	0.00875
2	0.02134	0.05202	0.02178	0.05815	0.02272	0.38299	0.10357	0.08966	0.01790	0.05521	0.01208	0.01450	0.00962	0.00855	0.03144	0.00222	0.07889	0.00528	0.00384	0.00824
3	0.01209	0.01092	0.01196	0.01156	0.01331	0.10432	0.00891	0.01607	0.08468	0.01733	0.06078	0.02534	0.01859	0.03748	0.52621	0.00805	0.01472	0.00702	0.00406	0.00659
4	0.01000	0.00704	0.00892	0.00884	0.00949	0.00752	0.00598	0.03643	0.01093	0.01501	0.02038	0.07986	0.02193	0.43246	0.28920	0.00752	0.01036	0.00908	0.00405	0.00503
5	0.01350	0.01171	0.01411	0.01051	0.01556	0.00983	0.00845	0.01625	0.01315	0.02060	0.01172	0.01436	0.01000	0.00785	0.04526	0.00166	0.07680	0.00424	0.00378	0.69065
6	0.00856	0.00648	0.00741	0.00752	0.00882	0.00586	0.00522	0.01011	0.01427	0.01849	0.20167	0.15895	0.31799	0.18344	0.01358	0.00318	0.00403	0.01319	0.00590	0.00533
7	0.00811	0.00625	0.00719	0.00780	0.00902	0.00558	0.00539	0.00944	0.01357	0.01713	0.06955	0.34948	0.35194	0.09558	0.01068	0.00283	0.00384	0.01537	0.00593	0.00533
8	0.02374	0.01803	0.02078	0.01887	0.12464	0.01971	0.01365	0.60460	0.02860	0.03854	0.01530	0.01588	0.01108	0.00760	0.00658	0.00197	0.00733	0.00592	0.00610	0.01108
9	0.69868	0.01357	0.01116	0.00961	0.01386	0.01560	0.00792	0.12050	0.01411	0.03130	0.01015	0.01145	0.00773	0.00638	0.00444	0.00203	0.00541	0.00391	0.00444	0.00773
10	0.76608	0.01233	0.00946	0.00850	0.01242	0.01424	0.00698	0.01911	0.01136	0.02923	0.00992	0.01154	0.00773	0.00621	0.00411	0.00201	0.00497	0.00372	0.05303	0.00707
11	0.01897	0.62882	0.03149	0.01228	0.01757	0.13135	0.01154	0.05209	0.01496	0.01677	0.00961	0.01099	0.00858	0.00591	0.00458	0.00148	0.00776	0.00374	0.00307	0.00845
12	0.00837	0.00623	0.00784	0.00890	0.00974	0.00583	0.00611	0.01035	0.03798	0.01802	0.09050	0.58812	0.13937	0.01914	0.00821	0.00255	0.00375	0.01715	0.00622	0.00562
13	0.05272	0.01764	0.01803	0.01451	0.01903	0.12315	0.04130	0.35025	0.05092	0.13201	0.01815	0.08032	0.01440	0.00865	0.00657	0.00200	0.00735	0.00687	0.00600	0.03014
14	0.01084	0.00864	0.01284	0.01111	0.01250	0.00879	0.10815	0.01316	0.05376	0.01528	0.01955	0.03560	0.02051	0.50025	0.13601	0.00615	0.00872	0.00879	0.00399	0.00539
15	0.01528	0.01715	0.03674	0.09330	0.05775	0.01643	0.62004	0.02068	0.01531	0.02072	0.01314	0.01769	0.00989	0.00565	0.00762	0.00221	0.01078	0.00754	0.00329	0.00879
16	0.01719	0.01356	0.01505	0.01277	0.01639	0.01504	0.03383	0.20128	0.35237	0.02893	0.02428	0.02535	0.04970	0.07042	0.00871	0.00243	0.00572	0.00740	0.09020	0.00937
17	0.01557	0.01760	0.03780	0.02712	0.03365	0.01664	0.67346	0.02169	0.04604	0.02137	0.01391	0.01805	0.01043	0.00570	0.00772	0.00222	0.01084	0.00775	0.00348	0.00895
18	0.00888	0.00659	0.00835	0.00894	0.01010	0.00621	0.00644	0.01150	0.04259	0.02054	0.25669	0.38798	0.12721	0.01730	0.00810	0.00243	0.00372	0.05404	0.00649	0.00589
19	0.00957	0.00638	0.00718	0.00718	0.00718	0.00638	0.00399	0.00957	0.00957	0.01276	0.02074	0.04308	0.02393	0.76864	0.03351	0.00638	0.00638	0.00957	0.00399	0.00399
20	0.00957	0.00638	0.00718	0.00718	0.00718	0.00638	0.00399	0.00957	0.00957	0.01276	0.02074	0.04308	0.02393	0.76864	0.03351	0.00638	0.00638	0.00957	0.00399	0.00399
21	0.01605	0.01540	0.02629	0.08480	0.68506	0.01558	0.02008	0.01999	0.01488	0.02122	0.01234	0.01637	0.01032	0.00591	0.00652	0.00197	0.00788	0.00586	0.00324	0.01023
