[name]
unknown

[dist]
# distance from previous block
# <min> <max>
0	38

[block]
# block no. 0 follows, 31 sequences, length 9
# corresponding to MSA columns:
# 41-49
name=unknown_A
#
# <colnr> <probs for GDERKNQSTAVLIFYWHMCP>
#	G	D	E	R	K	N	Q	S	T	A	V	L	I	F	Y	W	H	M	C	P
0	0.05564	0.01090	0.01280	0.01379	0.04976	0.05570	0.01054	0.04654	0.04267	0.05780	0.05338	0.18918	0.03240	0.01559	0.00866	0.00271	0.02682	0.30186	0.00599	0.00727
1	0.01071	0.00821	0.01168	0.08776	0.01555	0.00835	0.03452	0.04634	0.01533	0.02062	0.18076	0.25966	0.10458	0.01955	0.07719	0.06835	0.00627	0.01264	0.00565	0.00628
2	0.05067	0.01044	0.01331	0.14707	0.04940	0.02965	0.00996	0.04796	0.04653	0.08249	0.02368	0.02973	0.10883	0.12856	0.04601	0.14941	0.00711	0.00783	0.00461	0.00677
3	0.06725	0.01456	0.02062	0.38140	0.15145	0.07027	0.04801	0.02000	0.05941	0.02058	0.05002	0.02055	0.03242	0.00746	0.00677	0.00219	0.00837	0.00655	0.00381	0.00834
4	0.04631	0.01382	0.04107	0.34031	0.07827	0.04380	0.01509	0.05219	0.09177	0.05786	0.01834	0.05324	0.03703	0.01190	0.06744	0.00297	0.00876	0.00709	0.00434	0.00840
5	0.04729	0.01020	0.01134	0.01057	0.01265	0.02772	0.00770	0.10180	0.07945	0.02178	0.04680	0.19691	0.04353	0.17093	0.09377	0.03447	0.00707	0.01040	0.00532	0.06030
6	0.06605	0.01254	0.01533	0.01482	0.08123	0.04096	0.03375	0.10752	0.05329	0.09997	0.05563	0.10139	0.05763	0.05801	0.10299	0.00351	0.00784	0.00848	0.00544	0.07363
7	0.07592	0.01549	0.01778	0.04087	0.10119	0.04592	0.01224	0.26871	0.05669	0.02880	0.01812	0.05104	0.03825	0.06818	0.03775	0.00284	0.07108	0.00707	0.00520	0.03685
8	0.03929	0.01492	0.01909	0.10258	0.02263	0.03796	0.08981	0.26085	0.04861	0.06483	0.01890	0.10091	0.01656	0.08311	0.00978	0.00260	0.00751	0.00808	0.00546	0.04648

[dist]
# distance from previous block
# <min> <max>
26	42

[block]
# block no. 1 follows, 31 sequences, length 78
# corresponding to MSA columns:
# 102-179
name=unknown_B
#
# <colnr> <probs for GDERKNQSTAVLIFYWHMCP>
#	G	D	E	R	K	N	Q	S	T	A	V	L	I	F	Y	W	H	M	C	P
0	0.05423	0.03256	0.06373	0.08276	0.12020	0.06107	0.03929	0.08857	0.01610	0.02206	0.04424	0.02587	0.09024	0.01431	0.08271	0.04706	0.05119	0.03088	0.00430	0.02863
1	0.03498	0.06816	0.16411	0.21714	0.02843	0.01605	0.05655	0.07201	0.03928	0.02110	0.01652	0.05534	0.03908	0.01156	0.05937	0.00289	0.07830	0.00689	0.00383	0.00843
2	0.04257	0.01413	0.01898	0.19224	0.07939	0.06319	0.06815	0.06204	0.09026	0.02162	0.05229	0.02236	0.01562	0.06551	0.08623	0.00343	0.05442	0.00689	0.00426	0.03642
3	0.03419	0.06258	0.07897	0.03953	0.05983	0.13281	0.03385	0.05703	0.08837	0.02046	0.01746	0.12166	0.01635	0.01336	0.04935	0.07956	0.04474	0.00762	0.00432	0.03797
4	0.07329	0.04334	0.09386	0.06144	0.07389	0.07975	0.01365	0.08574	0.03702	0.05588	0.01411	0.01801	0.01163	0.01670	0.13792	0.06044	0.10515	0.00586	0.00404	0.00827
5	0.01834	0.04339	0.04352	0.04636	0.07002	0.08178	0.11741	0.07127	0.19992	0.06225	0.01714	0.01868	0.01317	0.00790	0.00861	0.00216	0.09522	0.00644	0.00484	0.07158
6	0.01669	0.07796	0.04370	0.07526	0.09689	0.08268	0.01250	0.03733	0.13011	0.06436	0.11082	0.02283	0.01993	0.01033	0.04059	0.00240	0.04004	0.00674	0.03001	0.07883
7	0.01438	0.07376	0.66280	0.01902	0.02867	0.04185	0.02413	0.02180	0.01459	0.02120	0.01207	0.01419	0.00868	0.00649	0.00638	0.00212	0.01004	0.00496	0.00291	0.00996
8	0.00834	0.00595	0.00794	0.00953	0.00992	0.00556	0.00635	0.00953	0.01310	0.01746	0.03771	0.75510	0.04525	0.02143	0.00873	0.00278	0.00397	0.01945	0.00635	0.00556
9	0.02454	0.07222	0.02190	0.01578	0.02110	0.05849	0.04149	0.55832	0.02888	0.03828	0.01573	0.01623	0.01144	0.00787	0.00661	0.00199	0.00778	0.00598	0.03442	0.01095
10	0.01527	0.01509	0.06870	0.08276	0.02272	0.03006	0.10123	0.02011	0.05990	0.05157	0.01489	0.04185	0.01214	0.00646	0.00609	0.00160	0.00686	0.00575	0.00424	0.43268
11	0.04645	0.29358	0.19603	0.01465	0.02078	0.07052	0.03629	0.09650	0.04266	0.02193	0.01642	0.05287	0.04859	0.00788	0.00592	0.00192	0.00800	0.00598	0.00397	0.00909
12	0.01298	0.03805	0.01837	0.01672	0.06578	0.01455	0.06009	0.01637	0.04827	0.01762	0.01500	0.02136	0.01365	0.02923	0.35216	0.00654	0.23548	0.00678	0.00358	0.00742
13	0.00995	0.00663	0.00746	0.00746	0.00746	0.00663	0.00415	0.00995	0.00995	0.01327	0.02156	0.04477	0.02487	0.75957	0.03482	0.00663	0.00663	0.00995	0.00415	0.00415
14	0.01517	0.01268	0.01350	0.01211	0.01555	0.01398	0.00942	0.08047	0.44109	0.02767	0.11201	0.03549	0.15928	0.01128	0.00729	0.00228	0.00496	0.00943	0.00690	0.00942
15	0.01579	0.01534	0.04753	0.15951	0.38285	0.01457	0.01749	0.04425	0.01548	0.02220	0.01269	0.01642	0.01032	0.00608	0.00638	0.00184	0.00764	0.00558	0.00359	0.19445
16	0.00977	0.00733	0.01100	0.01100	0.01222	0.00855	0.00855	0.01222	0.01100	0.01588	0.01833	0.02688	0.01710	0.05131	0.73245	0.01100	0.01833	0.00733	0.00367	0.00611
17	0.01604	0.01410	0.02387	0.35570	0.30536	0.01554	0.04756	0.02020	0.01485	0.07237	0.01350	0.01799	0.01043	0.00682	0.00747	0.00220	0.03695	0.00623	0.00360	0.00923
18	0.00825	0.00694	0.00715	0.00710	0.00934	0.00584	0.00532	0.01013	0.01597	0.01938	0.13400	0.06436	0.64886	0.01699	0.00808	0.00229	0.00344	0.01423	0.00647	0.00584
19	0.02378	0.01806	0.01928	0.01529	0.02037	0.02017	0.01246	0.53099	0.19888	0.03952	0.01926	0.01868	0.01393	0.00848	0.00687	0.00212	0.00700	0.00655	0.00687	0.01143
20	0.01284	0.01264	0.04209	0.09552	0.09003	0.03930	0.07117	0.01585	0.01248	0.01739	0.01509	0.02256	0.01372	0.06834	0.32860	0.00639	0.11832	0.00690	0.00345	0.00730
21	0.01730	0.01791	0.02432	0.20461	0.40752	0.13419	0.01894	0.02097	0.01550	0.01997	0.01213	0.01639	0.01000	0.00672	0.00746	0.00209	0.04545	0.00581	0.00331	0.00942
22	0.04107	0.06486	0.07937	0.03992	0.21141	0.01484	0.15961	0.01912	0.01524	0.04249	0.09499	0.02324	0.04218	0.01216	0.07991	0.00303	0.03628	0.00735	0.00409	0.00887
23	0.01861	0.39642	0.04987	0.01499	0.08495	0.04301	0.01228	0.07426	0.03671	0.07123	0.01724	0.01803	0.06615	0.00727	0.00554	0.00171	0.00703	0.00540	0.00417	0.06513
24	0.00893	0.00800	0.00762	0.00756	0.00982	0.03668	0.00565	0.01073	0.01590	0.01889	0.10291	0.08337	0.62673	0.01682	0.00802	0.00229	0.00384	0.01404	0.00630	0.00590
25	0.01829	0.76368	0.03585	0.01171	0.01756	0.02707	0.01171	0.02049	0.01390	0.01610	0.00951	0.01097	0.00878	0.00585	0.00439	0.00146	0.00732	0.00366	0.00293	0.00878
26	0.04747	0.05760	0.09098	0.08248	0.02474	0.04175	0.11929	0.22351	0.02065	0.10758	0.01854	0.01970	0.05299	0.00770	0.00673	0.00205	0.00805	0.00652	0.00516	0.05651
27	0.01999	0.15796	0.11392	0.01491	0.01979	0.10335	0.01366	0.20102	0.07761	0.04425	0.01486	0.01624	0.01152	0.00789	0.00777	0.00201	0.08663	0.00550	0.07162	0.00952
28	0.01497	0.01497	0.02095	0.01796	0.01796	0.02095	0.01497	0.01646	0.01048	0.01646	0.00898	0.01497	0.00898	0.01197	0.02245	0.00299	0.74704	0.00599	0.00299	0.00748
29	0.00990	0.00684	0.00850	0.00850	0.00886	0.00720	0.00545	0.01062	0.01026	0.01404	0.02060	0.03949	0.02258	0.55061	0.24064	0.00792	0.01008	0.00918	0.00400	0.00472
30	0.00866	0.00621	0.00810	0.00944	0.01001	0.00583	0.00645	0.00999	0.01336	0.01773	0.06004	0.60623	0.07244	0.07455	0.01063	0.00304	0.00427	0.06127	0.00623	0.00554
31	0.00882	0.00646	0.00838	0.00962	0.01054	0.00602	0.00696	0.01053	0.01425	0.01870	0.08300	0.50967	0.13467	0.02002	0.00872	0.00274	0.00424	0.12447	0.00641	0.00576
32	0.01389	0.03424	0.67759	0.02013	0.03003	0.01598	0.07065	0.02168	0.01456	0.02168	0.01238	0.01472	0.00878	0.00645	0.00661	0.00218	0.01021	0.00526	0.00293	0.01005
33	0.00933	0.00629	0.00838	0.00951	0.01024	0.00583	0.00650	0.01082	0.01412	0.04464	0.12130	0.64063	0.04661	0.02003	0.00858	0.00268	0.00395	0.01811	0.00658	0.00589
34	0.01746	0.01504	0.01723	0.01628	0.06794	0.01696	0.03172	0.08998	0.55529	0.02888	0.02676	0.02526	0.04191	0.00913	0.00701	0.00228	0.00590	0.00772	0.00657	0.01068
35	0.01419	0.01216	0.01419	0.01013	0.01621	0.00912	0.00811	0.01723	0.01419	0.02229	0.01216	0.01419	0.01013	0.00507	0.00507	0.00101	0.00507	0.00405	0.00405	0.80139
36	0.01082	0.00766	0.00946	0.00991	0.01128	0.00743	0.00705	0.06063	0.04500	0.04393	0.11628	0.50546	0.10215	0.01833	0.00833	0.00257	0.00421	0.01634	0.00662	0.00654
37	0.05782	0.01348	0.01893	0.07066	0.27127	0.04003	0.03501	0.06645	0.01705	0.07115	0.09677	0.05454	0.12170	0.02616	0.00769	0.00224	0.00673	0.00847	0.00500	0.00885
38	0.05503	0.04432	0.12517	0.09407	0.12550	0.01393	0.05497	0.04902	0.03984	0.06482	0.01513	0.05522	0.01245	0.00710	0.00628	0.00187	0.00728	0.00613	0.00422	0.21766
39	0.01664	0.01920	0.03926	0.02824	0.03498	0.05506	0.65618	0.02220	0.01632	0.02164	0.01367	0.01813	0.01030	0.00583	0.00797	0.00228	0.01158	0.00788	0.00346	0.00916
40	0.01782	0.01793	0.04498	0.23317	0.33430	0.11288	0.03553	0.05690	0.01656	0.04620	0.01306	0.01684	0.01026	0.00664	0.00674	0.00208	0.00901	0.00591	0.00366	0.00954
41	0.01303	0.01186	0.01472	0.05162	0.03982	0.05617	0.07070	0.04011	0.13013	0.02419	0.26218	0.04095	0.19278	0.01198	0.00763	0.00221	0.00558	0.01046	0.00615	0.00773
42	0.02469	0.11944	0.02134	0.01692	0.02072	0.64836	0.01304	0.02651	0.01874	0.01667	0.01045	0.01218	0.00881	0.00691	0.00596	0.00173	0.01174	0.00432	0.00345	0.00803
43	0.00890	0.00648	0.00804	0.00888	0.01000	0.00591	0.00637	0.01012	0.01397	0.01793	0.07371	0.37452	0.25349	0.01983	0.01034	0.08157	0.00418	0.07422	0.00606	0.00547
44	0.01188	0.00594	0.00891	0.00891	0.00891	0.00594	0.00594	0.00891	0.00891	0.01188	0.01188	0.02080	0.01188	0.02377	0.02674	0.80095	0.00594	0.00594	0.00297	0.00297
45	0.02122	0.01764	0.07467	0.02466	0.24789	0.01661	0.06299	0.23512	0.04601	0.13125	0.01748	0.04346	0.01334	0.00776	0.00696	0.00212	0.00774	0.00681	0.00542	0.01086
46	0.01607	0.04390	0.15198	0.02139	0.17825	0.01364	0.07984	0.02187	0.09241	0.10645	0.02276	0.15774	0.04351	0.01004	0.00721	0.00225	0.00727	0.00907	0.00496	0.00941
47	0.00998	0.00731	0.00943	0.01049	0.01177	0.00711	0.00825	0.01263	0.03525	0.01924	0.06325	0.24656	0.12494	0.08973	0.01139	0.00322	0.00523	0.31205	0.00618	0.00598
48	0.23832	0.01751	0.06513	0.07621	0.05475	0.08769	0.01234	0.07013	0.21471	0.04460	0.01650	0.01729	0.01247	0.00743	0.00599	0.00211	0.00698	0.00561	0.00499	0.03926
49	0.02507	0.01716	0.01813	0.06743	0.02111	0.08942	0.01208	0.36068	0.02500	0.20246	0.01857	0.01855	0.01293	0.00804	0.00662	0.00202	0.00737	0.00617	0.07066	0.01054
50	0.04397	0.12335	0.24250	0.11658	0.02632	0.14377	0.01718	0.12096	0.04200	0.02303	0.01282	0.01503	0.00981	0.00804	0.02465	0.00223	0.00950	0.00517	0.00382	0.00927
51	0.01736	0.01792	0.02317	0.05508	0.44138	0.14746	0.01723	0.02056	0.01581	0.02044	0.04113	0.02040	0.03778	0.04442	0.00900	0.00228	0.04908	0.00650	0.00368	0.00934
52	0.00841	0.00632	0.00782	0.00891	0.00991	0.00573	0.00622	0.00989	0.01408	0.01818	0.06843	0.52116	0.22599	0.01999	0.00856	0.00265	0.00389	0.04181	0.00639	0.00567
53	0.01188	0.00594	0.00891	0.00891	0.00891	0.00594	0.00594	0.00891	0.00891	0.01188	0.01188	0.02080	0.01188	0.02377	0.02674	0.80095	0.00594	0.00594	0.00297	0.00297
54	0.02629	0.01871	0.02025	0.01553	0.02099	0.02055	0.01283	0.65462	0.03141	0.08364	0.01706	0.01684	0.01195	0.00823	0.00685	0.00206	0.00743	0.00620	0.00694	0.01164
55	0.00926	0.00691	0.00861	0.00833	0.01000	0.00625	0.00619	0.01204	0.01815	0.02490	0.53390	0.10407	0.19577	0.01520	0.00812	0.00223	0.00333	0.01330	0.00721	0.00625
56	0.01388	0.03426	0.67847	0.02012	0.03002	0.01598	0.06979	0.02168	0.01456	0.02168	0.01238	0.01471	0.00878	0.00645	0.00660	0.00218	0.01021	0.00526	0.00293	0.01005
57	0.00903	0.00697	0.00825	0.00793	0.00982	0.00618	0.00595	0.01166	0.01784	0.02380	0.45202	0.05708	0.32808	0.01534	0.00808	0.00222	0.00332	0.01321	0.00705	0.00618
58	0.01671	0.01593	0.02713	0.04086	0.68987	0.01593	0.02061	0.02073	0.01558	0.02228	0.01377	0.01925	0.01193	0.00659	0.00688	0.00207	0.00806	0.03165	0.00350	0.01066
59	0.01615	0.01845	0.04037	0.02884	0.03576	0.01730	0.69204	0.02191	0.01615	0.02191	0.01384	0.01845	0.01038	0.00577	0.00807	0.00231	0.01153	0.00807	0.00346	0.00923
60	0.01458	0.01239	0.01440	0.01032	0.01638	0.00952	0.00827	0.03983	0.01479	0.02299	0.01230	0.01426	0.01018	0.00517	0.00513	0.00105	0.00515	0.00412	0.00415	0.77501
61	0.01490	0.17760	0.51196	0.01900	0.02791	0.01826	0.09669	0.02146	0.01453	0.02059	0.01190	0.01420	0.00888	0.00629	0.00626	0.00204	0.00972	0.00511	0.00296	0.00975
62	0.00845	0.00691	0.00746	0.00740	0.00949	0.00592	0.00552	0.01050	0.01635	0.02046	0.21307	0.08708	0.54413	0.01672	0.00811	0.00229	0.00343	0.01415	0.00662	0.00592
63	0.01102	0.00787	0.01102	0.01260	0.01417	0.00787	0.01102	0.01417	0.01575	0.02047	0.03622	0.07717	0.03937	0.01890	0.00945	0.00315	0.00630	0.67084	0.00630	0.00630
64	0.00949	0.00699	0.00888	0.00841	0.01010	0.00637	0.00630	0.01254	0.01891	0.02636	0.63587	0.05288	0.14264	0.01439	0.00807	0.00217	0.00326	0.01262	0.00739	0.00637
65	0.01153	0.00770	0.00993	0.00912	0.01110	0.00723	0.00692	0.01551	0.05312	0.07643	0.63114	0.04788	0.05905	0.01337	0.00793	0.00216	0.00352	0.01176	0.00757	0.00704
66	0.01292	0.01216	0.02052	0.74312	0.04712	0.01520	0.01900	0.01748	0.01368	0.01748	0.01216	0.01824	0.00912	0.00684	0.00684	0.00228	0.00912	0.00608	0.00304	0.00760
67	0.02415	0.02736	0.02097	0.07206	0.02398	0.48409	0.05414	0.16863	0.02150	0.02274	0.01214	0.01402	0.00953	0.00721	0.00648	0.00190	0.01102	0.00512	0.00419	0.00877
68	0.00977	0.00733	0.01100	0.01100	0.01222	0.00855	0.00855	0.01222	0.01100	0.01588	0.01833	0.02688	0.01710	0.05131	0.73245	0.01100	0.01833	0.00733	0.00367	0.00611
69	0.01702	0.01470	0.01547	0.01392	0.01779	0.01702	0.01083	0.03635	0.70453	0.02862	0.02785	0.02553	0.02088	0.00928	0.00696	0.00232	0.00541	0.00773	0.00696	0.01083
70	0.01419	0.01216	0.01419	0.01013	0.01621	0.00912	0.00811	0.01723	0.01419	0.02229	0.01216	0.01419	0.01013	0.00507	0.00507	0.00101	0.00507	0.00405	0.00405	0.80139
71	0.00839	0.00599	0.00798	0.00949	0.00993	0.00559	0.00635	0.00965	0.01334	0.01784	0.06328	0.72845	0.04598	0.02115	0.00871	0.00275	0.00394	0.01918	0.00640	0.00559
72	0.01419	0.01216	0.01419	0.01013	0.01621	0.00912	0.00811	0.01723	0.01419	0.02229	0.01216	0.01419	0.01013	0.00507	0.00507	0.00101	0.00507	0.00405	0.00405	0.80139
73	0.00858	0.00609	0.00806	0.00954	0.00997	0.00574	0.00643	0.00978	0.01302	0.01733	0.03654	0.67377	0.04358	0.07113	0.01053	0.00306	0.00426	0.05089	0.00620	0.00550
74	0.01513	0.01819	0.15249	0.05946	0.18553	0.01501	0.13910	0.07515	0.03437	0.02314	0.05854	0.02344	0.04100	0.01184	0.07171	0.00300	0.03278	0.02678	0.00413	0.00921
75	0.01147	0.00808	0.01035	0.01004	0.01089	0.00863	0.00723	0.01278	0.01296	0.05920	0.10505	0.17413	0.07549	0.28002	0.04464	0.00433	0.10571	0.04786	0.00528	0.00586
76	0.01795	0.18689	0.06170	0.01603	0.07679	0.21896	0.01246	0.02311	0.11233	0.02128	0.16296	0.02264	0.02253	0.00846	0.00636	0.00190	0.00783	0.00658	0.00467	0.00858
77	0.16371	0.04618	0.10260	0.03962	0.12206	0.04553	0.03917	0.06815	0.07791	0.08978	0.04057	0.01750	0.01313	0.00705	0.00609	0.00197	0.00712	0.00566	0.00471	0.10151

[dist]
# distance from previous block
# <min> <max>
9	20

[block]
# block no. 2 follows, 31 sequences, length 46
# corresponding to MSA columns:
# 202-247
name=unknown_C
#
# <colnr> <probs for GDERKNQSTAVLIFYWHMCP>
#	G	D	E	R	K	N	Q	S	T	A	V	L	I	F	Y	W	H	M	C	P
0	0.01690	0.32534	0.19396	0.01756	0.07687	0.05493	0.06958	0.03903	0.03361	0.01991	0.01216	0.01440	0.00994	0.00767	0.02852	0.00208	0.00874	0.00493	0.01934	0.04455
1	0.02009	0.02301	0.01646	0.01498	0.01759	0.41438	0.01117	0.02418	0.11762	0.01835	0.04614	0.02171	0.01580	0.13573	0.01254	0.00279	0.06924	0.00632	0.00427	0.00761
2	0.08938	0.04113	0.06944	0.06572	0.03911	0.17550	0.01254	0.02675	0.01722	0.31542	0.01820	0.01849	0.01274	0.01047	0.05559	0.00263	0.00876	0.00578	0.00557	0.00957
3	0.25458	0.23439	0.06871	0.01320	0.01810	0.14436	0.01185	0.08906	0.03699	0.02401	0.01111	0.01265	0.00903	0.00686	0.00591	0.00191	0.04036	0.00437	0.00393	0.00860
4	0.71962	0.01468	0.01148	0.01105	0.04510	0.06399	0.00841	0.02064	0.01234	0.02938	0.00975	0.01146	0.00766	0.00639	0.00448	0.00209	0.00590	0.00386	0.00415	0.00760
5	0.01769	0.01550	0.02503	0.07475	0.54394	0.01576	0.01880	0.06710	0.03524	0.06011	0.04822	0.01919	0.01399	0.00687	0.00685	0.00206	0.00771	0.00649	0.00416	0.01054
6	0.00841	0.00599	0.00792	0.00943	0.00980	0.00561	0.00624	0.00955	0.01295	0.01726	0.03692	0.72060	0.04426	0.05729	0.01000	0.00297	0.00410	0.01899	0.00624	0.00549
7	0.01150	0.00846	0.01021	0.01045	0.01191	0.00859	0.00768	0.08052	0.06963	0.02154	0.08717	0.33366	0.06715	0.12733	0.01229	0.00323	0.00509	0.11084	0.00621	0.00655
8	0.00966	0.00651	0.00755	0.00783	0.00790	0.00644	0.00454	0.00987	0.01051	0.01402	0.02444	0.17168	0.02851	0.62769	0.03016	0.00594	0.00616	0.01165	0.00454	0.00440
9	0.00978	0.00730	0.01082	0.01082	0.01199	0.00846	0.00834	0.01211	0.01094	0.01575	0.01848	0.02775	0.01748	0.08582	0.69846	0.01078	0.01776	0.00746	0.00369	0.00601
10	0.00850	0.00675	0.00768	0.00822	0.00991	0.00594	0.00609	0.01029	0.01514	0.01887	0.09321	0.25180	0.43923	0.01839	0.00838	0.00250	0.00384	0.07306	0.00641	0.00580
11	0.01693	0.01626	0.02777	0.04199	0.71689	0.01626	0.02100	0.02100	0.01558	0.02235	0.01287	0.01693	0.01084	0.00610	0.00677	0.00203	0.00813	0.00610	0.00339	0.01084
12	0.01878	0.02216	0.10143	0.05240	0.28175	0.16228	0.16083	0.07640	0.01762	0.02255	0.01281	0.01606	0.01011	0.00646	0.00690	0.00206	0.00990	0.00606	0.00364	0.00979
13	0.00977	0.00733	0.01100	0.01100	0.01222	0.00855	0.00855	0.01222	0.01100	0.01588	0.01833	0.02688	0.01710	0.05131	0.73245	0.01100	0.01833	0.00733	0.00367	0.00611
14	0.09595	0.15147	0.22773	0.04080	0.11634	0.08908	0.04621	0.06411	0.03415	0.02266	0.01217	0.01433	0.00953	0.00647	0.00597	0.00194	0.00864	0.00501	0.00359	0.04388
15	0.02046	0.05683	0.05440	0.01876	0.02293	0.34764	0.13780	0.05805	0.05515	0.01978	0.01287	0.01571	0.01051	0.01058	0.06077	0.00269	0.07711	0.00570	0.00378	0.00848
16	0.80789	0.01323	0.01006	0.00900	0.01323	0.01535	0.00741	0.02011	0.01164	0.03070	0.00953	0.01111	0.00741	0.00635	0.00423	0.00212	0.00529	0.00370	0.00423	0.00741
17	0.01372	0.03539	0.72412	0.01950	0.02961	0.01589	0.02528	0.02167	0.01444	0.02167	0.01228	0.01444	0.00867	0.00650	0.00650	0.00217	0.01011	0.00506	0.00289	0.01011
18	0.00961	0.00694	0.00908	0.00866	0.01020	0.00641	0.00645	0.01272	0.01902	0.02689	0.67623	0.08971	0.06349	0.01439	0.00811	0.00219	0.00327	0.01276	0.00747	0.00641
19	0.06271	0.01302	0.01615	0.01269	0.01778	0.01252	0.01040	0.11481	0.10479	0.52229	0.02502	0.02218	0.01634	0.00844	0.00677	0.00213	0.00596	0.00676	0.00790	0.01136
20	0.01342	0.01267	0.02142	0.65599	0.13035	0.01533	0.01925	0.01792	0.01392	0.01809	0.01225	0.01808	0.00933	0.00675	0.00683	0.00225	0.00900	0.00608	0.00308	0.00800
21	0.01188	0.00594	0.00891	0.00891	0.00891	0.00594	0.00594	0.00891	0.00891	0.01188	0.01188	0.02080	0.01188	0.02377	0.02674	0.80095	0.00594	0.00594	0.00297	0.00297
22	0.00838	0.00631	0.00779	0.00894	0.00992	0.00572	0.00624	0.00981	0.01391	0.01788	0.04646	0.53289	0.23162	0.02018	0.00858	0.00266	0.00393	0.04677	0.00635	0.00565
23	0.01855	0.01627	0.01932	0.16592	0.05540	0.10701	0.03788	0.16322	0.01802	0.05765	0.01450	0.01876	0.01170	0.04275	0.04189	0.00279	0.13543	0.00622	0.05815	0.00858
24	0.10513	0.01919	0.09031	0.12642	0.16207	0.07409	0.05720	0.17665	0.01853	0.02636	0.01273	0.01569	0.00985	0.00730	0.00781	0.00217	0.06911	0.00572	0.00417	0.00951
25	0.00913	0.00680	0.00953	0.01197	0.05820	0.00647	0.00771	0.01067	0.01348	0.01803	0.03591	0.65143	0.04245	0.02019	0.00866	0.00276	0.00444	0.07007	0.00615	0.00597
26	0.03735	0.07193	0.01730	0.01228	0.04738	0.01132	0.03331	0.01790	0.01422	0.02203	0.01197	0.01412	0.00999	0.00524	0.00517	0.00117	0.00561	0.00424	0.00392	0.65355
27	0.01254	0.01863	0.24922	0.01777	0.10991	0.01206	0.04500	0.01855	0.07513	0.02263	0.15392	0.10379	0.11051	0.01088	0.00736	0.00225	0.00680	0.00952	0.00497	0.00856
28	0.46341	0.16400	0.01735	0.01163	0.01600	0.19245	0.00966	0.02194	0.01397	0.02445	0.00978	0.01139	0.00802	0.00642	0.00474	0.00190	0.00740	0.00387	0.00381	0.00780
29	0.01764	0.06960	0.04624	0.03933	0.01948	0.01980	0.01431	0.12232	0.01495	0.06855	0.01201	0.01607	0.01026	0.01206	0.04739	0.00297	0.44856	0.00593	0.00398	0.00854
30	0.01173	0.01050	0.01464	0.06975	0.01770	0.01053	0.09762	0.01823	0.16118	0.02285	0.18301	0.04433	0.28521	0.01260	0.00775	0.00228	0.00533	0.01111	0.00609	0.00758
31	0.00899	0.00687	0.00825	0.00811	0.00985	0.00613	0.00600	0.01150	0.01744	0.02334	0.42272	0.12406	0.29015	0.01587	0.00814	0.00227	0.00338	0.01378	0.00700	0.00613
32	0.01428	0.12501	0.63942	0.01854	0.02813	0.01726	0.02361	0.02152	0.01438	0.02098	0.01194	0.01402	0.00868	0.00642	0.00624	0.00208	0.00977	0.00488	0.00289	0.00995
33	0.00862	0.00652	0.00797	0.00863	0.00989	0.00587	0.00615	0.01046	0.01525	0.01999	0.19230	0.38171	0.24847	0.01855	0.00841	0.00251	0.00372	0.03255	0.00660	0.00583
34	0.01356	0.01250	0.02052	0.70779	0.04586	0.01549	0.01871	0.05034	0.01458	0.01873	0.01237	0.01815	0.00924	0.00691	0.00684	0.00227	0.00904	0.00608	0.00322	0.00780
35	0.80789	0.01323	0.01006	0.00900	0.01323	0.01535	0.00741	0.02011	0.01164	0.03070	0.00953	0.01111	0.00741	0.00635	0.00423	0.00212	0.00529	0.00370	0.00423	0.00741
36	0.01419	0.01216	0.01419	0.01013	0.01621	0.00912	0.00811	0.01723	0.01419	0.02229	0.01216	0.01419	0.01013	0.00507	0.00507	0.00101	0.00507	0.00405	0.00405	0.80139
37	0.00969	0.00687	0.00844	0.00844	0.00906	0.00710	0.00556	0.01060	0.01088	0.01461	0.02592	0.04186	0.09928	0.46915	0.23657	0.00743	0.00971	0.00968	0.00425	0.00490
38	0.01035	0.00768	0.00914	0.00854	0.01077	0.00691	0.00644	0.01369	0.04742	0.04637	0.39366	0.08237	0.26213	0.01453	0.00786	0.00218	0.00361	0.01253	0.00694	0.04690
39	0.01620	0.43085	0.35039	0.01527	0.02307	0.02196	0.01791	0.02103	0.01415	0.01864	0.01078	0.01256	0.00873	0.00615	0.00535	0.00178	0.00859	0.00430	0.00291	0.00939
40	0.00992	0.00749	0.01084	0.01082	0.01180	0.00868	0.00821	0.01198	0.01100	0.01573	0.01958	0.07765	0.01949	0.12337	0.57796	0.00962	0.04767	0.00837	0.00387	0.00592
41	0.01446	0.02953	0.49805	0.05196	0.08012	0.06373	0.05884	0.02097	0.01514	0.02125	0.03768	0.01856	0.04513	0.00725	0.00673	0.00215	0.00960	0.00599	0.00333	0.00953
42	0.00936	0.00659	0.00782	0.00828	0.00885	0.00631	0.00536	0.01025	0.01237	0.01630	0.07904	0.23070	0.11546	0.39288	0.02182	0.00465	0.00533	0.04837	0.00532	0.00497
43	0.01498	0.04011	0.01771	0.04595	0.04993	0.05977	0.06001	0.01814	0.01479	0.02125	0.01525	0.01740	0.04860	0.00608	0.00566	0.00135	0.00634	0.00511	0.00399	0.54759
44	0.01695	0.07423	0.20200	0.07424	0.11311	0.09279	0.01733	0.08597	0.04041	0.02234	0.04645	0.01702	0.01252	0.00792	0.00894	0.00215	0.12350	0.00577	0.00383	0.03251
45	0.04893	0.16068	0.01957	0.01312	0.01651	0.03328	0.08988	0.05388	0.05358	0.02024	0.02456	0.18309	0.08527	0.03773	0.08422	0.00323	0.02765	0.00966	0.00472	0.03021

[dist]
# distance from previous block
# <min> <max>
0	32

[block]
# block no. 3 follows, 31 sequences, length 23
# corresponding to MSA columns:
# 282-304
name=unknown_D
#
# <colnr> <probs for GDERKNQSTAVLIFYWHMCP>
#	G	D	E	R	K	N	Q	S	T	A	V	L	I	F	Y	W	H	M	C	P
0	0.01379	0.01152	0.01454	0.03768	0.05678	0.01032	0.02136	0.06914	0.03808	0.02350	0.09375	0.06086	0.07420	0.01158	0.05767	0.00228	0.00626	0.00730	0.00492	0.38446
1	0.01311	0.06490	0.04757	0.01245	0.05952	0.05266	0.00906	0.04824	0.01371	0.01834	0.02187	0.04628	0.07644	0.24246	0.14809	0.00495	0.00889	0.00800	0.03410	0.06934
2	0.01959	0.47264	0.03035	0.01415	0.01937	0.15529	0.05991	0.07458	0.01684	0.01942	0.05163	0.01453	0.01238	0.00673	0.00539	0.00167	0.00832	0.00482	0.00365	0.00874
3	0.00855	0.00688	0.00762	0.00757	0.00956	0.00595	0.00563	0.01067	0.01650	0.02095	0.24939	0.10659	0.48680	0.01665	0.00812	0.00230	0.00343	0.01418	0.00669	0.00595
4	0.02042	0.01703	0.01723	0.01455	0.01837	0.18685	0.06420	0.12780	0.01977	0.14713	0.07596	0.12473	0.03671	0.01070	0.00723	0.00214	0.00761	0.04753	0.00586	0.04818
5	0.01174	0.00807	0.00991	0.01026	0.01144	0.00824	0.00764	0.01507	0.08585	0.04309	0.02851	0.09030	0.03042	0.34990	0.02044	0.00457	0.00622	0.24690	0.00548	0.00596
6	0.00968	0.00669	0.00785	0.00796	0.00830	0.00671	0.00487	0.01017	0.01072	0.01425	0.02601	0.09068	0.07972	0.57214	0.11053	0.00654	0.00754	0.01062	0.00441	0.00459
7	0.01969	0.01452	0.01586	0.01377	0.01796	0.01623	0.01085	0.07875	0.55611	0.13540	0.02697	0.02459	0.01968	0.00909	0.00694	0.00227	0.00561	0.00750	0.00718	0.01101
8	0.15878	0.01190	0.01492	0.01165	0.01677	0.01093	0.00962	0.03116	0.01827	0.60776	0.02411	0.02128	0.01537	0.00812	0.00644	0.00212	0.00573	0.00636	0.00777	0.01095
9	0.80789	0.01323	0.01006	0.00900	0.01323	0.01535	0.00741	0.02011	0.01164	0.03070	0.00953	0.01111	0.00741	0.00635	0.00423	0.00212	0.00529	0.00370	0.00423	0.00741
10	0.01781	0.01452	0.01549	0.01382	0.01777	0.01661	0.01078	0.03618	0.66494	0.06867	0.02780	0.02540	0.02066	0.00923	0.00696	0.00231	0.00544	0.00769	0.00705	0.01088
11	0.75198	0.01312	0.01047	0.00923	0.01354	0.01497	0.00760	0.02106	0.01221	0.08040	0.01078	0.01199	0.00809	0.00650	0.00442	0.00212	0.00533	0.00393	0.00454	0.00771
12	0.00847	0.00689	0.00751	0.00747	0.00951	0.00592	0.00556	0.01052	0.01633	0.02051	0.21780	0.10262	0.52344	0.01679	0.00812	0.00230	0.00344	0.01425	0.00663	0.00592
13	0.01417	0.00842	0.01086	0.00966	0.01212	0.00788	0.00744	0.01843	0.06787	0.15867	0.53514	0.04404	0.05247	0.01261	0.00777	0.00216	0.00387	0.01101	0.00767	0.00774
14	0.01803	0.01464	0.01588	0.01286	0.01767	0.01514	0.01025	0.20738	0.27953	0.03005	0.02327	0.02272	0.06439	0.00838	0.00648	0.00188	0.00575	0.00675	0.00607	0.23288
15	0.02420	0.01035	0.01371	0.01110	0.01541	0.00892	0.00890	0.02663	0.01817	0.50807	0.05943	0.11247	0.09229	0.01091	0.00718	0.00216	0.00523	0.00918	0.00776	0.04794
16	0.01034	0.00656	0.00873	0.00981	0.01064	0.00612	0.00681	0.01170	0.01359	0.07232	0.03584	0.61398	0.04149	0.06293	0.01014	0.00297	0.00442	0.05924	0.00639	0.00600
17	0.01615	0.01845	0.04037	0.02884	0.03576	0.01730	0.69204	0.02191	0.01615	0.02191	0.01384	0.01845	0.01038	0.00577	0.00807	0.00231	0.01153	0.00807	0.00346	0.00923
18	0.00931	0.00685	0.00877	0.00966	0.01082	0.00633	0.00706	0.01107	0.01409	0.01869	0.07801	0.41784	0.11795	0.07144	0.01042	0.00295	0.00456	0.14276	0.00614	0.04528
19	0.01205	0.00802	0.00998	0.01045	0.01209	0.00785	0.00764	0.01618	0.11301	0.09134	0.03775	0.46503	0.09470	0.01783	0.00829	0.00263	0.00450	0.06698	0.00665	0.00701
20	0.00891	0.00646	0.00829	0.00959	0.01014	0.00623	0.00641	0.01095	0.04859	0.01771	0.03592	0.66131	0.04238	0.07907	0.01070	0.00306	0.00425	0.01809	0.00621	0.00572
21	0.02022	0.02072	0.01974	0.01800	0.06181	0.22687	0.06609	0.08802	0.35110	0.02548	0.01982	0.01982	0.01513	0.00807	0.00680	0.00212	0.00827	0.00655	0.00546	0.00992
22	0.01597	0.08509	0.35052	0.01807	0.07284	0.09201	0.01816	0.02275	0.08125	0.02153	0.01339	0.01514	0.01028	0.00649	0.00611	0.00187	0.00863	0.00503	0.00359	0.15128

[dist]
# distance from previous block
# <min> <max>
1	5

[block]
# block no. 4 follows, 31 sequences, length 14
# corresponding to MSA columns:
# 310-323
name=unknown_E
#
# <colnr> <probs for GDERKNQSTAVLIFYWHMCP>
#	G	D	E	R	K	N	Q	S	T	A	V	L	I	F	Y	W	H	M	C	P
0	0.01443	0.01221	0.01306	0.01365	0.07859	0.10052	0.00867	0.04312	0.01319	0.04551	0.01876	0.05787	0.01969	0.40834	0.06085	0.00501	0.06751	0.00849	0.00425	0.00629
1	0.09126	0.01297	0.01784	0.26990	0.10412	0.03618	0.03044	0.02066	0.05057	0.09670	0.01543	0.01951	0.01206	0.04507	0.02477	0.00245	0.00764	0.00603	0.03713	0.09926
2	0.50052	0.01250	0.01204	0.10147	0.01757	0.01408	0.00894	0.05360	0.01300	0.02687	0.01186	0.01623	0.01004	0.07924	0.03093	0.00275	0.00641	0.00487	0.00418	0.07290
3	0.01902	0.01929	0.02199	0.10996	0.29049	0.17622	0.01635	0.07026	0.16248	0.02325	0.01567	0.01784	0.01236	0.00721	0.00669	0.00206	0.00857	0.00607	0.00436	0.00987
4	0.00926	0.00713	0.00861	0.00906	0.01077	0.00662	0.00709	0.01145	0.01527	0.01948	0.12653	0.10779	0.33677	0.06028	0.06153	0.00339	0.00543	0.18148	0.00616	0.00591
5	0.05532	0.06691	0.02064	0.03750	0.15295	0.11281	0.06006	0.06870	0.07559	0.03772	0.01889	0.15234	0.01808	0.01025	0.00813	0.00225	0.06369	0.02481	0.00466	0.00869
6	0.01045	0.00660	0.00890	0.00962	0.01049	0.00623	0.00686	0.01144	0.01368	0.04995	0.11320	0.39598	0.05787	0.04717	0.01260	0.13607	0.00463	0.08677	0.00594	0.00554
7	0.00979	0.00670	0.00783	0.00783	0.00837	0.00658	0.00491	0.01068	0.01212	0.01652	0.12871	0.08076	0.08026	0.49828	0.06024	0.00550	0.00621	0.01085	0.03304	0.00485
8	0.01432	0.08453	0.02052	0.01608	0.01686	0.01923	0.01347	0.01606	0.01090	0.01632	0.01077	0.01680	0.01047	0.01870	0.15253	0.00433	0.54166	0.00602	0.00311	0.00735
9	0.02198	0.01678	0.01805	0.01456	0.01923	0.01866	0.01178	0.44793	0.21657	0.03763	0.08564	0.02222	0.01920	0.00906	0.00699	0.00214	0.00654	0.00718	0.00694	0.01092
10	0.01615	0.03381	0.01072	0.00891	0.01151	0.04016	0.00702	0.15436	0.01816	0.02843	0.02023	0.02266	0.01570	0.00792	0.00525	0.00169	0.00458	0.00617	0.57900	0.00758
11	0.15534	0.03757	0.06721	0.06858	0.24015	0.11437	0.01589	0.02030	0.01413	0.02127	0.01184	0.03753	0.01037	0.00792	0.00920	0.00222	0.14813	0.00571	0.00350	0.00874
12	0.02177	0.15380	0.07341	0.01611	0.02138	0.17397	0.06468	0.16858	0.13583	0.08048	0.01619	0.01666	0.01218	0.00743	0.00635	0.00196	0.00853	0.00572	0.00504	0.00990
13	0.01108	0.03161	0.03784	0.06995	0.04690	0.00921	0.00915	0.04808	0.01512	0.01951	0.06665	0.13233	0.25084	0.09431	0.03628	0.02889	0.00595	0.07444	0.00536	0.00651

[dist]
# distance from previous block
# <min> <max>
0	1

[block]
# block no. 5 follows, 31 sequences, length 15
# corresponding to MSA columns:
# 325-339
name=unknown_F
#
# <colnr> <probs for GDERKNQSTAVLIFYWHMCP>
#	G	D	E	R	K	N	Q	S	T	A	V	L	I	F	Y	W	H	M	C	P
0	0.04399	0.07178	0.05716	0.05922	0.13389	0.13234	0.12739	0.08830	0.07541	0.05954	0.01511	0.03806	0.01213	0.00760	0.00756	0.00212	0.04821	0.00642	0.00434	0.00944
1	0.01465	0.11993	0.53491	0.02002	0.02913	0.01745	0.12782	0.02156	0.01465	0.02104	0.01219	0.01466	0.00895	0.00631	0.00649	0.00210	0.01000	0.00536	0.00298	0.00981
2	0.00834	0.00595	0.00794	0.00953	0.00992	0.00556	0.00635	0.00953	0.01310	0.01746	0.03771	0.75510	0.04525	0.02143	0.00873	0.00278	0.00397	0.01945	0.00635	0.00556
3	0.80789	0.01323	0.01006	0.00900	0.01323	0.01535	0.00741	0.02011	0.01164	0.03070	0.00953	0.01111	0.00741	0.00635	0.00423	0.00212	0.00529	0.00370	0.00423	0.00741
4	0.01442	0.01233	0.01531	0.01352	0.09439	0.00978	0.00938	0.01758	0.01435	0.02246	0.01276	0.01507	0.01059	0.00533	0.00524	0.00116	0.00531	0.00440	0.04434	0.67227
5	0.00832	0.00602	0.00787	0.00934	0.00987	0.00557	0.00627	0.00955	0.01328	0.01754	0.03997	0.70572	0.09316	0.02114	0.00869	0.00274	0.00393	0.01909	0.00635	0.00557
6	0.12208	0.01487	0.03951	0.03885	0.09110	0.09242	0.05709	0.04449	0.05080	0.05929	0.01824	0.03826	0.03511	0.04138	0.17940	0.00441	0.03194	0.02827	0.00440	0.00808
7	0.06737	0.06525	0.05730	0.01838	0.13983	0.08751	0.01318	0.08636	0.05015	0.04414	0.01315	0.01520	0.01056	0.00682	0.00719	0.00178	0.06737	0.00507	0.00422	0.23919
8	0.00923	0.00722	0.00904	0.01046	0.05197	0.00674	0.00686	0.01079	0.01370	0.01756	0.04413	0.27139	0.28358	0.13084	0.05716	0.00367	0.00544	0.04873	0.00568	0.00582
9	0.00961	0.00688	0.00880	0.00977	0.01082	0.00666	0.00710	0.01246	0.05135	0.02041	0.13417	0.45779	0.06594	0.01844	0.00838	0.00263	0.00419	0.10458	0.05389	0.00612
10	0.01547	0.12196	0.09793	0.07216	0.01999	0.08953	0.03289	0.09198	0.05050	0.02163	0.06347	0.12655	0.07626	0.03436	0.02961	0.00255	0.03168	0.00868	0.00473	0.00808
11	0.05634	0.03914	0.06983	0.10126	0.22028	0.05253	0.10645	0.04123	0.06770	0.04049	0.04259	0.09841	0.01675	0.00853	0.00698	0.00219	0.00796	0.00783	0.00434	0.00915
12	0.01076	0.00755	0.01006	0.04917	0.01295	0.00788	0.00784	0.03714	0.01386	0.03999	0.03091	0.50774	0.03474	0.02017	0.06070	0.00319	0.04422	0.01508	0.07975	0.00629
13	0.06534	0.04726	0.15371	0.01947	0.02553	0.05287	0.24790	0.07936	0.01718	0.10361	0.01758	0.07291	0.01462	0.00833	0.00720	0.00224	0.00897	0.04206	0.00460	0.00926
14	0.01903	0.07615	0.02407	0.08093	0.15843	0.10679	0.10716	0.04345	0.01613	0.12136	0.01611	0.07754	0.01372	0.00860	0.00879	0.00220	0.09886	0.00716	0.00439	0.00912

[dist]
# distance from previous block
# <min> <max>
0	2

[block]
# block no. 6 follows, 31 sequences, length 13
# corresponding to MSA columns:
# 342-354
name=unknown_G
#
# <colnr> <probs for GDERKNQSTAVLIFYWHMCP>
#	G	D	E	R	K	N	Q	S	T	A	V	L	I	F	Y	W	H	M	C	P
0	0.02234	0.02213	0.02137	0.01804	0.03786	0.27141	0.08987	0.20845	0.06903	0.05351	0.01490	0.01676	0.01156	0.01074	0.05770	0.00267	0.05149	0.00596	0.00484	0.00936
1	0.13989	0.08930	0.01987	0.01885	0.14811	0.21605	0.01275	0.06273	0.05624	0.02297	0.01283	0.01494	0.01047	0.00703	0.00656	0.00189	0.04479	0.00502	0.05295	0.05675
2	0.01518	0.06656	0.01991	0.40932	0.07007	0.08990	0.01534	0.05704	0.01538	0.01911	0.01606	0.02116	0.05224	0.05290	0.00827	0.00234	0.00848	0.00636	0.00364	0.05073
3	0.00989	0.00696	0.00821	0.00819	0.00982	0.00622	0.00586	0.01175	0.01561	0.05488	0.22218	0.19062	0.29926	0.10587	0.01135	0.00287	0.00400	0.01396	0.00650	0.00600
4	0.01676	0.09804	0.11548	0.14465	0.09495	0.01831	0.13556	0.09827	0.12192	0.02364	0.01495	0.01761	0.01149	0.00725	0.00767	0.00218	0.05124	0.00630	0.00414	0.00958
5	0.00867	0.00623	0.00844	0.00979	0.01038	0.00600	0.00681	0.01017	0.01331	0.01789	0.06383	0.62124	0.04310	0.02378	0.07633	0.00354	0.00541	0.05325	0.00615	0.00569
6	0.01523	0.01510	0.02214	0.09750	0.11571	0.04716	0.08929	0.01987	0.08468	0.01983	0.05351	0.01962	0.01423	0.01155	0.04927	0.00294	0.30338	0.00679	0.00383	0.00837
7	0.01066	0.00891	0.00965	0.01009	0.01161	0.05036	0.00742	0.01401	0.07681	0.01962	0.10582	0.30468	0.16693	0.05889	0.04045	0.00312	0.00543	0.08309	0.00612	0.00633
8	0.01083	0.00840	0.00926	0.00911	0.00974	0.03386	0.00602	0.01224	0.04000	0.01525	0.02584	0.08637	0.08131	0.48724	0.07578	0.00570	0.04661	0.02678	0.00452	0.00515
9	0.01569	0.10775	0.53389	0.01886	0.02783	0.01771	0.06368	0.09513	0.01643	0.02345	0.01254	0.01455	0.00911	0.00658	0.00642	0.00209	0.00963	0.00522	0.00336	0.01009
10	0.02331	0.14508	0.02236	0.01478	0.02007	0.02157	0.01245	0.47832	0.13253	0.03629	0.01701	0.01690	0.01257	0.00798	0.00644	0.00199	0.00717	0.00598	0.00620	0.01103
11	0.01994	0.08697	0.08956	0.05616	0.13382	0.04222	0.12406	0.26037	0.06925	0.02903	0.01486	0.01675	0.01122	0.00709	0.00676	0.00207	0.00856	0.00618	0.00477	0.01036
12	0.01642	0.03583	0.04789	0.13166	0.33999	0.09273	0.01733	0.04639	0.01551	0.02058	0.01423	0.06248	0.01272	0.01085	0.05823	0.00276	0.05489	0.00672	0.00364	0.00915

[dist]
# distance from previous block
# <min> <max>
2	7

[block]
# block no. 7 follows, 31 sequences, length 14
# corresponding to MSA columns:
# 362-375
name=unknown_H
#
# <colnr> <probs for GDERKNQSTAVLIFYWHMCP>
#	G	D	E	R	K	N	Q	S	T	A	V	L	I	F	Y	W	H	M	C	P
0	0.05944	0.06692	0.01947	0.09608	0.02205	0.25747	0.09654	0.02001	0.01660	0.01954	0.06981	0.02600	0.13975	0.00896	0.00668	0.00197	0.00855	0.00730	0.00428	0.05259
1	0.01337	0.00939	0.01124	0.01058	0.01306	0.00905	0.00805	0.11109	0.03917	0.06189	0.05928	0.28916	0.13526	0.01585	0.00872	0.03917	0.00493	0.07179	0.00622	0.08272
2	0.01675	0.06847	0.13270	0.02467	0.25469	0.03089	0.04704	0.10980	0.06235	0.02408	0.01781	0.02249	0.04216	0.01021	0.04256	0.00258	0.03268	0.04404	0.00426	0.00975
3	0.01667	0.06748	0.21304	0.05169	0.14796	0.04910	0.08071	0.07856	0.08067	0.04004	0.01844	0.02013	0.06065	0.00752	0.00670	0.00207	0.00837	0.00646	0.00420	0.03953
4	0.01130	0.00752	0.00899	0.00889	0.01069	0.00694	0.00648	0.01387	0.04604	0.08593	0.15731	0.20583	0.24599	0.11151	0.01154	0.00296	0.00437	0.04092	0.00649	0.00643
5	0.04311	0.01384	0.10347	0.03559	0.06044	0.01163	0.03899	0.10697	0.04420	0.05553	0.02611	0.22871	0.05816	0.05573	0.00984	0.03235	0.00648	0.05556	0.00538	0.00792
6	0.05693	0.08197	0.07866	0.02725	0.30258	0.04252	0.11145	0.09151	0.01706	0.04382	0.01432	0.05005	0.01201	0.00707	0.00663	0.00203	0.00828	0.00649	0.00403	0.03532
7	0.04394	0.01036	0.04154	0.01159	0.01419	0.00941	0.03311	0.08299	0.03860	0.10753	0.05683	0.37644	0.06002	0.01541	0.00783	0.00248	0.00520	0.04277	0.03222	0.00756
8	0.01016	0.00796	0.00868	0.00852	0.01076	0.00742	0.00640	0.01414	0.09931	0.03971	0.12159	0.10971	0.44179	0.04729	0.00914	0.00254	0.00402	0.03780	0.00651	0.00655
9	0.01602	0.04814	0.01585	0.01139	0.01676	0.01232	0.00916	0.11851	0.08851	0.02540	0.01601	0.06516	0.01376	0.00710	0.00574	0.00144	0.00550	0.00576	0.00487	0.51262
10	0.06954	0.01399	0.04233	0.09974	0.07199	0.01380	0.04067	0.11689	0.11921	0.08371	0.05721	0.02747	0.07780	0.00915	0.00686	0.00212	0.00653	0.04482	0.00552	0.09066
11	0.01610	0.01320	0.01408	0.01064	0.01585	0.06664	0.00829	0.01871	0.01465	0.08137	0.01424	0.01784	0.01207	0.07998	0.00825	0.00172	0.00587	0.00491	0.00440	0.59118
12	0.01617	0.01305	0.01544	0.01523	0.07920	0.04346	0.01083	0.17961	0.08411	0.02504	0.04343	0.02638	0.01805	0.10577	0.18672	0.00482	0.05162	0.02653	0.04625	0.00828
13	0.01592	0.01366	0.01952	0.01798	0.12753	0.01242	0.09700	0.08695	0.04558	0.04483	0.04916	0.04732	0.05173	0.00754	0.00645	0.00171	0.00644	0.00680	0.00476	0.33670

[dist]
# distance from previous block
# <min> <max>
1	16

[block]
# block no. 8 follows, 31 sequences, length 46
# corresponding to MSA columns:
# 392-415,417-438
name=unknown_I
#
# <colnr> <probs for GDERKNQSTAVLIFYWHMCP>
#	G	D	E	R	K	N	Q	S	T	A	V	L	I	F	Y	W	H	M	C	P
0	0.01660	0.02001	0.15368	0.11921	0.21308	0.08268	0.03250	0.08491	0.05307	0.02281	0.01620	0.05202	0.01405	0.00848	0.00751	0.00223	0.03309	0.05435	0.00410	0.00938
1	0.04710	0.01348	0.04609	0.07841	0.04568	0.01104	0.01050	0.05218	0.01513	0.05970	0.01343	0.01626	0.01087	0.03346	0.00660	0.00158	0.00600	0.00481	0.00427	0.52340
2	0.04452	0.03791	0.01240	0.01027	0.01274	0.05960	0.03603	0.03598	0.01770	0.05770	0.36844	0.04305	0.13993	0.08230	0.01006	0.00254	0.00506	0.01058	0.00632	0.00690
3	0.00982	0.00710	0.00948	0.01002	0.01110	0.00673	0.02765	0.01195	0.03906	0.03754	0.06431	0.49579	0.09947	0.09405	0.01118	0.00307	0.00460	0.04493	0.00616	0.00598
4	0.02808	0.01584	0.01848	0.01417	0.01956	0.01629	0.01170	0.40248	0.02661	0.34256	0.02109	0.01945	0.01397	0.00833	0.00686	0.00208	0.00678	0.00648	0.00756	0.01164
5	0.00958	0.00632	0.00830	0.00947	0.01018	0.00585	0.00640	0.01081	0.01338	0.05437	0.03752	0.65677	0.06737	0.05640	0.00988	0.00291	0.00418	0.01814	0.00636	0.00582
6	0.00960	0.00699	0.00903	0.00852	0.01017	0.00642	0.00639	0.01276	0.01918	0.02699	0.68103	0.05184	0.09708	0.01415	0.00807	0.00216	0.00324	0.01248	0.00747	0.00642
7	0.01275	0.00638	0.00638	0.00638	0.00797	0.00638	0.00478	0.01594	0.01435	0.02551	0.02232	0.02551	0.01754	0.00797	0.00478	0.00159	0.00319	0.00638	0.79755	0.00638
8	0.80789	0.01323	0.01006	0.00900	0.01323	0.01535	0.00741	0.02011	0.01164	0.03070	0.00953	0.01111	0.00741	0.00635	0.00423	0.00212	0.00529	0.00370	0.00423	0.00741
9	0.01477	0.01250	0.01450	0.01041	0.01646	0.00971	0.00835	0.05036	0.01507	0.02331	0.01237	0.01430	0.01021	0.00522	0.00515	0.00106	0.00519	0.00416	0.00419	0.76273
10	0.03792	0.36627	0.35632	0.01548	0.02326	0.02124	0.01800	0.05400	0.01499	0.02042	0.01114	0.01287	0.00883	0.00628	0.00549	0.00184	0.00858	0.00444	0.00314	0.00950
11	0.41478	0.08773	0.07701	0.06363	0.01942	0.01795	0.01155	0.18737	0.01733	0.03069	0.01166	0.01321	0.00882	0.00681	0.00527	0.00205	0.00672	0.00459	0.00456	0.00883
12	0.00983	0.00709	0.00978	0.00978	0.01058	0.00789	0.00703	0.01144	0.01063	0.01498	0.01944	0.03304	0.01978	0.29540	0.49202	0.00949	0.01430	0.00823	0.00383	0.00543
13	0.00835	0.00694	0.00730	0.00721	0.00941	0.00589	0.00541	0.01034	0.01623	0.01999	0.17772	0.06336	0.60476	0.01676	0.00808	0.00228	0.00343	0.01409	0.00655	0.00589
14	0.02377	0.04966	0.04651	0.01737	0.08524	0.06024	0.01332	0.32093	0.13055	0.15372	0.01891	0.01854	0.01352	0.00799	0.00671	0.00207	0.00733	0.00627	0.00631	0.01104
15	0.01988	0.01450	0.01584	0.01354	0.01759	0.01605	0.01067	0.18799	0.39611	0.10765	0.02526	0.06206	0.01957	0.02952	0.00770	0.00235	0.00585	0.00791	0.02944	0.01053
16	0.00883	0.00683	0.00805	0.00801	0.00977	0.00605	0.00591	0.01116	0.01696	0.02236	0.35317	0.14655	0.33903	0.01635	0.00816	0.00230	0.00342	0.01415	0.00688	0.00605
17	0.02916	0.01410	0.01740	0.01334	0.01869	0.01370	0.01102	0.24930	0.02369	0.49985	0.02354	0.02104	0.01520	0.00838	0.00687	0.00210	0.00638	0.00664	0.00794	0.01164
18	0.77560	0.01348	0.01049	0.00928	0.01356	0.01559	0.00764	0.04794	0.01249	0.03121	0.00981	0.01133	0.00758	0.00643	0.00434	0.00211	0.00538	0.00381	0.00434	0.00758
