[name]
unknown

[dist]
# distance from previous block
# <min> <max>
0	96

[block]
# block no. 0 follows, 33 sequences, length 10
# corresponding to MSA columns:
# 96-105
name=unknown_A
#
# <colnr> <probs for GDERKNQSTAVLIFYWHMCP>
#	G	D	E	R	K	N	Q	S	T	A	V	L	I	F	Y	W	H	M	C	P
0	0.01234	0.00889	0.01171	0.01249	0.01446	0.00912	0.01084	0.09694	0.01706	0.02232	0.03256	0.06722	0.03467	0.01695	0.00879	0.00290	0.00620	0.60172	0.00613	0.00668
1	0.01102	0.00572	0.00846	0.00865	0.00869	0.00567	0.00577	0.00865	0.00906	0.01208	0.01444	0.11001	0.01532	0.02260	0.02363	0.71103	0.00549	0.00729	0.00325	0.00316
2	0.07667	0.01643	0.01707	0.01354	0.01796	0.04076	0.01088	0.48774	0.05374	0.07530	0.01680	0.01935	0.01302	0.09938	0.00964	0.00252	0.00697	0.00625	0.00609	0.00991
3	0.10850	0.00918	0.01133	0.01060	0.01254	0.01044	0.00822	0.10468	0.01326	0.02022	0.01670	0.02452	0.01542	0.11456	0.48098	0.00796	0.01356	0.00675	0.00405	0.00654
4	0.00889	0.00623	0.00725	0.00769	0.00808	0.00598	0.00473	0.00944	0.01115	0.01458	0.03119	0.25343	0.12072	0.45545	0.02293	0.00477	0.00525	0.01277	0.00488	0.00458
5	0.09459	0.00705	0.00744	0.00734	0.00777	0.00727	0.00432	0.01061	0.00975	0.01453	0.01952	0.03966	0.02216	0.68817	0.03040	0.00592	0.00625	0.00894	0.00400	0.00432
6	0.81514	0.01273	0.00968	0.00866	0.01273	0.01477	0.00713	0.01935	0.01120	0.02954	0.00917	0.01069	0.00713	0.00611	0.00407	0.00204	0.00509	0.00356	0.00407	0.00713
7	0.36771	0.01328	0.01361	0.10023	0.01854	0.01517	0.00993	0.14653	0.12009	0.05204	0.01405	0.01562	0.01064	0.00825	0.00695	0.06321	0.00601	0.00512	0.00483	0.00820
8	0.26185	0.01568	0.01618	0.06429	0.05952	0.05609	0.01119	0.25641	0.04954	0.09657	0.01427	0.01509	0.01041	0.00704	0.00573	0.00197	0.00665	0.00516	0.00526	0.04110
9	0.24056	0.04191	0.01686	0.01514	0.07983	0.11836	0.01114	0.18435	0.10300	0.10557	0.01510	0.01549	0.01117	0.00715	0.00574	0.00197	0.00692	0.00521	0.00521	0.00933

[dist]
# distance from previous block
# <min> <max>
0	11

[block]
# block no. 1 follows, 33 sequences, length 141
# corresponding to MSA columns:
# 117-257
name=unknown_B
#
# <colnr> <probs for GDERKNQSTAVLIFYWHMCP>
#	G	D	E	R	K	N	Q	S	T	A	V	L	I	F	Y	W	H	M	C	P
0	0.07485	0.01629	0.02678	0.05586	0.48471	0.04532	0.13987	0.02082	0.03271	0.02181	0.01257	0.01621	0.01022	0.00596	0.00654	0.00201	0.00833	0.00601	0.00341	0.00970
1	0.10176	0.02272	0.02216	0.02097	0.12991	0.31901	0.11514	0.14782	0.01913	0.02365	0.01190	0.01402	0.00936	0.00660	0.00623	0.00190	0.00961	0.00525	0.00401	0.00884
2	0.07435	0.01504	0.02471	0.10933	0.56705	0.01552	0.03579	0.02027	0.03585	0.02179	0.01254	0.01630	0.01030	0.00604	0.00638	0.00200	0.00772	0.00579	0.00339	0.00983
3	0.01501	0.33665	0.44771	0.01569	0.02374	0.01970	0.01897	0.02038	0.01368	0.01865	0.01072	0.01253	0.00838	0.00600	0.00542	0.00181	0.00863	0.00431	0.00279	0.00920
4	0.01199	0.00757	0.01030	0.01042	0.01189	0.00716	0.02835	0.05527	0.01460	0.10793	0.03303	0.60256	0.03711	0.01782	0.00805	0.00254	0.00448	0.01608	0.00631	0.00655
5	0.01380	0.01183	0.01372	0.00995	0.01568	0.00919	0.00794	0.01758	0.05196	0.02178	0.01252	0.01425	0.01032	0.00510	0.00497	0.00104	0.00489	0.00409	0.00405	0.76531
6	0.01624	0.01570	0.02688	0.03782	0.63311	0.01576	0.06962	0.02118	0.05816	0.02185	0.01334	0.01691	0.01099	0.00603	0.00662	0.00199	0.00790	0.00610	0.00348	0.01031
7	0.01536	0.01457	0.02471	0.09008	0.62102	0.01476	0.01895	0.01909	0.01467	0.02079	0.01422	0.07537	0.01292	0.00708	0.00667	0.00203	0.00758	0.00688	0.00346	0.00980
8	0.02954	0.01120	0.01528	0.01171	0.01681	0.00968	0.00968	0.03208	0.01884	0.73213	0.02597	0.02241	0.01630	0.00815	0.00662	0.00204	0.00560	0.00662	0.00815	0.01120
9	0.00778	0.00667	0.00667	0.00667	0.00889	0.00556	0.00500	0.00945	0.01501	0.01778	0.06669	0.06336	0.72490	0.01667	0.00778	0.00222	0.00333	0.01389	0.00611	0.00556
10	0.00867	0.00648	0.00805	0.00813	0.00956	0.00586	0.00592	0.01099	0.01639	0.02220	0.41441	0.22215	0.20527	0.01588	0.00792	0.00225	0.00333	0.01397	0.00672	0.00586
11	0.01436	0.23557	0.49822	0.06189	0.02634	0.01820	0.02036	0.02029	0.01371	0.01913	0.01108	0.01321	0.00840	0.00610	0.00572	0.00191	0.00893	0.00456	0.00280	0.00923
12	0.00802	0.00573	0.00764	0.00917	0.00955	0.00535	0.00611	0.00917	0.01260	0.01681	0.03628	0.76434	0.04354	0.02062	0.00840	0.00267	0.00382	0.01872	0.00611	0.00535
13	0.01243	0.01170	0.01975	0.75282	0.04534	0.01463	0.01828	0.01682	0.01316	0.01682	0.01170	0.01755	0.00878	0.00658	0.00658	0.00219	0.00878	0.00585	0.00293	0.00731
14	0.01320	0.03405	0.73453	0.01876	0.02849	0.01529	0.02432	0.02085	0.01390	0.02085	0.01181	0.01390	0.00834	0.00625	0.00625	0.00208	0.00973	0.00486	0.00278	0.00973
15	0.01456	0.01486	0.02271	0.01871	0.01961	0.01969	0.10815	0.01656	0.01082	0.01656	0.00928	0.01486	0.00883	0.01071	0.01972	0.00279	0.65519	0.00603	0.00294	0.00743
16	0.00778	0.00667	0.00667	0.00667	0.00889	0.00556	0.00500	0.00945	0.01501	0.01778	0.06669	0.06336	0.72490	0.01667	0.00778	0.00222	0.00333	0.01389	0.00611	0.00556
17	0.02171	0.02643	0.02232	0.01872	0.02283	0.50278	0.15397	0.02631	0.10521	0.01856	0.01290	0.01467	0.01024	0.00680	0.00641	0.00187	0.01088	0.00536	0.00379	0.00824
18	0.00802	0.00573	0.00764	0.00917	0.00955	0.00535	0.00611	0.00917	0.01260	0.01681	0.03628	0.76434	0.04354	0.02062	0.00840	0.00267	0.00382	0.01872	0.00611	0.00535
19	0.00802	0.00573	0.00764	0.00917	0.00955	0.00535	0.00611	0.00917	0.01260	0.01681	0.03628	0.76434	0.04354	0.02062	0.00840	0.00267	0.00382	0.01872	0.00611	0.00535
20	0.11780	0.06206	0.01807	0.01438	0.01865	0.24122	0.01146	0.24784	0.15550	0.02815	0.01503	0.01538	0.01143	0.00742	0.00598	0.00192	0.00801	0.00528	0.00512	0.00931
21	0.01629	0.01564	0.02672	0.04041	0.72757	0.01564	0.02020	0.02020	0.01499	0.02151	0.01238	0.01629	0.01043	0.00587	0.00652	0.00196	0.00782	0.00587	0.00326	0.01043
22	0.01629	0.01564	0.02672	0.04041	0.72757	0.01564	0.02020	0.02020	0.01499	0.02151	0.01238	0.01629	0.01043	0.00587	0.00652	0.00196	0.00782	0.00587	0.00326	0.01043
23	0.01508	0.01890	0.10525	0.07994	0.03463	0.01637	0.58729	0.02075	0.01520	0.02075	0.01305	0.01737	0.00974	0.00569	0.00753	0.00220	0.01080	0.00735	0.00325	0.00885
24	0.02568	0.01578	0.01748	0.01374	0.01869	0.04533	0.01122	0.34984	0.10557	0.29534	0.02063	0.01912	0.01401	0.00807	0.00659	0.00202	0.00659	0.00629	0.00705	0.01096
25	0.01421	0.01409	0.01965	0.01688	0.01688	0.01962	0.01399	0.01560	0.01006	0.01572	0.00912	0.01554	0.00925	0.04144	0.02207	0.00302	0.72694	0.00591	0.00292	0.00707
26	0.00802	0.00573	0.00764	0.00917	0.00955	0.00535	0.00611	0.00917	0.01260	0.01681	0.03628	0.76434	0.04354	0.02062	0.00840	0.00267	0.00382	0.01872	0.00611	0.00535
27	0.01518	0.01925	0.11401	0.10912	0.03417	0.03907	0.51155	0.02062	0.01506	0.02030	0.01276	0.01704	0.00959	0.00592	0.00772	0.00220	0.02746	0.00707	0.00321	0.00872
28	0.03739	0.01457	0.01602	0.01540	0.06928	0.01662	0.01123	0.08917	0.58966	0.02831	0.02438	0.02288	0.01832	0.00855	0.00661	0.00219	0.00557	0.00710	0.00637	0.01040
29	0.01554	0.01776	0.03885	0.02775	0.03441	0.01665	0.70366	0.02109	0.01554	0.02109	0.01332	0.01776	0.00999	0.00555	0.00777	0.00222	0.01110	0.00777	0.00333	0.00888
30	0.00825	0.00668	0.00736	0.00742	0.00938	0.00579	0.00561	0.01025	0.01561	0.01955	0.19368	0.09792	0.51981	0.01633	0.00788	0.00226	0.00347	0.05071	0.00634	0.00570
31	0.07413	0.11402	0.01556	0.01153	0.01489	0.06202	0.00919	0.07574	0.23674	0.04490	0.08215	0.13478	0.07655	0.01073	0.00654	0.00210	0.00553	0.00881	0.00572	0.00835
32	0.01998	0.02064	0.01992	0.01811	0.07590	0.29467	0.09753	0.08140	0.12674	0.06014	0.10161	0.02034	0.01779	0.00787	0.00664	0.00195	0.00864	0.00650	0.00487	0.00875
33	0.01606	0.01780	0.03780	0.02706	0.03364	0.01685	0.66594	0.05845	0.01638	0.02220	0.01345	0.01765	0.01005	0.00568	0.00770	0.00221	0.01089	0.00767	0.00351	0.00901
34	0.01435	0.02740	0.49093	0.01804	0.02596	0.01530	0.08356	0.06950	0.09547	0.02343	0.06069	0.01792	0.01356	0.00708	0.00657	0.00211	0.00873	0.00596	0.00383	0.00960
35	0.07790	0.02407	0.06216	0.01867	0.02324	0.37160	0.20220	0.02329	0.04505	0.01927	0.01449	0.03937	0.03495	0.00723	0.00649	0.00196	0.01023	0.00611	0.00370	0.00802
36	0.01616	0.17742	0.32579	0.01553	0.02228	0.01716	0.04454	0.14585	0.01704	0.04114	0.01621	0.08472	0.03221	0.00807	0.00621	0.00199	0.00795	0.00648	0.00405	0.00922
37	0.02865	0.01102	0.01493	0.01151	0.01648	0.00951	0.00949	0.03116	0.01869	0.70306	0.02763	0.02407	0.04514	0.00850	0.00667	0.00204	0.00551	0.00692	0.00807	0.01097
38	0.01358	0.01288	0.02183	0.54019	0.24896	0.01493	0.01886	0.01783	0.01371	0.01822	0.01190	0.01718	0.00927	0.00637	0.00656	0.00212	0.00849	0.00586	0.00302	0.00824
39	0.03914	0.01336	0.02137	0.15457	0.14764	0.01405	0.13924	0.03755	0.09260	0.09616	0.02267	0.02451	0.10936	0.00837	0.00772	0.00218	0.04871	0.00749	0.00458	0.00874
40	0.01263	0.00838	0.01065	0.00954	0.01080	0.00842	0.03959	0.07622	0.01279	0.06889	0.02137	0.09222	0.02271	0.51904	0.05474	0.00534	0.00690	0.00953	0.00464	0.00560
41	0.00812	0.00580	0.00772	0.00910	0.00957	0.00541	0.00612	0.00940	0.01305	0.01751	0.08662	0.71200	0.04490	0.02010	0.00836	0.00263	0.00377	0.01822	0.00619	0.00541
42	0.08554	0.01822	0.01933	0.01571	0.02025	0.16070	0.10513	0.13955	0.20738	0.13321	0.01830	0.01823	0.01333	0.00753	0.00645	0.00204	0.00772	0.00616	0.00557	0.00964
43	0.01571	0.01450	0.02368	0.05170	0.53065	0.01469	0.03785	0.06436	0.03763	0.02229	0.01607	0.11059	0.01489	0.00796	0.00680	0.00207	0.00732	0.00759	0.00394	0.00971
44	0.57453	0.01688	0.01302	0.01284	0.06681	0.16252	0.00937	0.03978	0.01354	0.02656	0.00979	0.01148	0.00776	0.00628	0.00470	0.00196	0.00673	0.00394	0.00395	0.00759
45	0.02426	0.02987	0.01956	0.01727	0.02093	0.65985	0.04083	0.07579	0.01943	0.01817	0.01072	0.01240	0.00874	0.00682	0.00606	0.00174	0.01150	0.00451	0.00362	0.00794
46	0.01618	0.07083	0.02691	0.07715	0.63833	0.01635	0.01944	0.01998	0.01477	0.02081	0.01211	0.01594	0.01019	0.00589	0.00635	0.00193	0.00782	0.00569	0.00321	0.01011
47	0.01609	0.01473	0.01301	0.01185	0.01473	0.17526	0.00903	0.02312	0.22102	0.07480	0.21474	0.06218	0.10049	0.01086	0.00699	0.00207	0.00593	0.00897	0.00612	0.00802
48	0.11285	0.01182	0.01540	0.06800	0.01864	0.07780	0.11108	0.01591	0.01436	0.01998	0.02482	0.19274	0.02630	0.01344	0.00765	0.00253	0.00694	0.24809	0.00495	0.00669
49	0.02954	0.01120	0.01528	0.01171	0.01681	0.00968	0.00968	0.03208	0.01884	0.73213	0.02597	0.02241	0.01630	0.00815	0.00662	0.00204	0.00560	0.00662	0.00815	0.01120
50	0.01607	0.01537	0.02620	0.03955	0.70780	0.01536	0.01982	0.01990	0.01492	0.02138	0.01304	0.03689	0.01134	0.00627	0.00657	0.00198	0.00771	0.00622	0.00334	0.01029
51	0.02299	0.02686	0.01740	0.01571	0.01909	0.58076	0.01186	0.02640	0.08313	0.05746	0.06483	0.01636	0.01391	0.00755	0.00618	0.00179	0.01027	0.00523	0.00424	0.00798
52	0.02553	0.01426	0.01697	0.01324	0.01806	0.01465	0.01089	0.35053	0.02384	0.33737	0.02037	0.01959	0.01389	0.01184	0.07467	0.00280	0.00750	0.00633	0.00698	0.01071
53	0.00802	0.00573	0.00764	0.00917	0.00955	0.00535	0.00611	0.00917	0.01260	0.01681	0.03628	0.76434	0.04354	0.02062	0.00840	0.00267	0.00382	0.01872	0.00611	0.00535
54	0.01601	0.01535	0.02621	0.09255	0.67764	0.01557	0.02006	0.01996	0.01486	0.02116	0.01233	0.01639	0.01031	0.00592	0.00652	0.00197	0.00789	0.00586	0.00323	0.01020
55	0.01501	0.01433	0.02440	0.27744	0.50058	0.01530	0.01956	0.01908	0.01438	0.01995	0.01216	0.01671	0.00988	0.00610	0.00654	0.00203	0.00814	0.00586	0.00315	0.00939
56	0.01559	0.01492	0.02544	0.17104	0.60248	0.01546	0.01985	0.01958	0.01466	0.02065	0.01226	0.01652	0.01012	0.00600	0.00653	0.00200	0.00800	0.00586	0.00320	0.00986
57	0.01629	0.01564	0.02672	0.04041	0.72757	0.01564	0.02020	0.02020	0.01499	0.02151	0.01238	0.01629	0.01043	0.00587	0.00652	0.00196	0.00782	0.00587	0.00326	0.01043
58	0.00938	0.00765	0.00845	0.00856	0.01053	0.00731	0.00635	0.01373	0.12423	0.01983	0.10572	0.21490	0.38847	0.01614	0.00779	0.00234	0.00379	0.03220	0.00629	0.00634
59	0.00943	0.00707	0.01002	0.01004	0.01097	0.00802	0.00751	0.01129	0.01070	0.01510	0.02073	0.08336	0.04141	0.15518	0.53529	0.00886	0.03712	0.00847	0.00385	0.00558
60	0.01337	0.03286	0.68361	0.01942	0.02893	0.01539	0.07404	0.02087	0.01402	0.02087	0.01192	0.01418	0.00846	0.00620	0.00637	0.00209	0.00983	0.00508	0.00282	0.00967
61	0.13228	0.01865	0.02103	0.01640	0.02139	0.15146	0.14364	0.23401	0.02085	0.15417	0.01518	0.01592	0.01081	0.00704	0.00635	0.00199	0.00826	0.00576	0.00530	0.00953
62	0.01580	0.01808	0.03549	0.02583	0.03188	0.07050	0.60874	0.02082	0.01553	0.02040	0.01393	0.04082	0.01112	0.00746	0.03019	0.00245	0.01113	0.00782	0.00343	0.00858
63	0.00880	0.00646	0.00871	0.01056	0.03821	0.00615	0.00684	0.02805	0.01318	0.01764	0.03480	0.71496	0.04138	0.01970	0.00828	0.00263	0.00407	0.01787	0.00601	0.00570
64	0.06047	0.20650	0.10119	0.01226	0.01679	0.05747	0.01126	0.11363	0.05060	0.08119	0.12385	0.08074	0.02129	0.02690	0.00675	0.00202	0.00647	0.00713	0.00502	0.00848
65	0.01629	0.01564	0.02672	0.04041	0.72757	0.01564	0.02020	0.02020	0.01499	0.02151	0.01238	0.01629	0.01043	0.00587	0.00652	0.00196	0.00782	0.00587	0.00326	0.01043
66	0.00803	0.00608	0.00741	0.00835	0.00936	0.00546	0.00578	0.00945	0.01371	0.01770	0.08795	0.50517	0.25381	0.01897	0.00817	0.00250	0.00363	0.01682	0.00618	0.00546
67	0.01592	0.33526	0.28471	0.01731	0.02451	0.04957	0.14751	0.02065	0.01419	0.01849	0.01094	0.01317	0.00870	0.00589	0.00569	0.00182	0.00897	0.00484	0.00292	0.00895
68	0.39540	0.01505	0.01477	0.06717	0.05722	0.06311	0.01049	0.16607	0.01717	0.11769	0.01310	0.01413	0.00953	0.00681	0.00536	0.00201	0.00648	0.00478	0.00494	0.00873
69	0.01571	0.01703	0.03399	0.02484	0.03091	0.01659	0.56326	0.02390	0.15734	0.02239	0.01605	0.01914	0.01204	0.00623	0.00755	0.00222	0.00991	0.00770	0.00401	0.00919
70	0.00916	0.00706	0.00859	0.00916	0.01100	0.00649	0.00750	0.01158	0.01553	0.01969	0.13778	0.06610	0.35228	0.01689	0.00833	0.00254	0.00445	0.29378	0.00624	0.00585
71	0.04422	0.47426	0.20755	0.01353	0.01981	0.08394	0.01444	0.02031	0.01380	0.01737	0.01016	0.01198	0.00862	0.00721	0.02699	0.00190	0.00838	0.00403	0.00292	0.00858
72	0.02389	0.01776	0.01905	0.01485	0.01987	0.01970	0.01218	0.63429	0.08446	0.03974	0.01721	0.03632	0.01275	0.00832	0.00664	0.00201	0.00699	0.00639	0.00658	0.01098
73	0.00831	0.00593	0.00797	0.00950	0.01000	0.00560	0.00661	0.00966	0.01289	0.01713	0.03613	0.68750	0.04291	0.02035	0.00848	0.00271	0.00407	0.09271	0.00611	0.00543
74	0.01348	0.08045	0.69056	0.01829	0.02776	0.01596	0.02350	0.02078	0.01387	0.02051	0.01165	0.01369	0.00835	0.00622	0.00613	0.00204	0.00956	0.00478	0.00278	0.00965
75	0.01537	0.01895	0.08976	0.02709	0.03397	0.01655	0.65394	0.02107	0.01542	0.02107	0.01321	0.01748	0.00987	0.00560	0.00766	0.00221	0.01100	0.00756	0.00329	0.00894
76	0.01554	0.01776	0.03885	0.02775	0.03441	0.01665	0.70366	0.02109	0.01554	0.02109	0.01332	0.01776	0.00999	0.00555	0.00777	0.00222	0.01110	0.00777	0.00333	0.00888
77	0.00802	0.00573	0.00764	0.00917	0.00955	0.00535	0.00611	0.00917	0.01260	0.01681	0.03628	0.76434	0.04354	0.02062	0.00840	0.00267	0.00382	0.01872	0.00611	0.00535
78	0.00976	0.00702	0.00893	0.00874	0.00918	0.00761	0.00588	0.01072	0.01054	0.01462	0.07072	0.03724	0.02385	0.47405	0.22738	0.00704	0.04899	0.00884	0.00404	0.00484
79	0.02488	0.01768	0.01916	0.01480	0.01997	0.01941	0.01219	0.61973	0.06743	0.09127	0.01715	0.01677	0.01205	0.00798	0.00659	0.00199	0.00701	0.00606	0.00671	0.01115
80	0.00778	0.00667	0.00667	0.00667	0.00889	0.00556	0.00500	0.00945	0.01501	0.01778	0.06669	0.06336	0.72490	0.01667	0.00778	0.00222	0.00333	0.01389	0.00611	0.00556
81	0.01320	0.03405	0.73453	0.01876	0.02849	0.01529	0.02432	0.02085	0.01390	0.02085	0.01181	0.01390	0.00834	0.00625	0.00625	0.00208	0.00973	0.00486	0.00278	0.00973
82	0.02442	0.02225	0.01915	0.01562	0.02022	0.24565	0.01246	0.45683	0.06448	0.03280	0.01465	0.01505	0.01083	0.00761	0.00639	0.00190	0.00858	0.00548	0.00559	0.01004
83	0.02929	0.01160	0.01552	0.01190	0.01700	0.01026	0.00983	0.06884	0.01950	0.69444	0.02542	0.02205	0.01602	0.00813	0.00662	0.00203	0.00569	0.00658	0.00806	0.01120
84	0.02459	0.03138	0.01866	0.01696	0.02035	0.74221	0.01272	0.02629	0.01866	0.01611	0.01018	0.01187	0.00848	0.00678	0.00594	0.00170	0.01187	0.00424	0.00339	0.00763
85	0.00802	0.00573	0.00764	0.00917	0.00955	0.00535	0.00611	0.00917	0.01260	0.01681	0.03628	0.76434	0.04354	0.02062	0.00840	0.00267	0.00382	0.01872	0.00611	0.00535
86	0.02459	0.03138	0.01866	0.01696	0.02035	0.74221	0.01272	0.02629	0.01866	0.01611	0.01018	0.01187	0.00848	0.00678	0.00594	0.00170	0.01187	0.00424	0.00339	0.00763
87	0.00920	0.00603	0.00806	0.00931	0.00994	0.00558	0.00631	0.01042	0.01294	0.05584	0.03572	0.72385	0.04205	0.01994	0.00831	0.00264	0.00392	0.01806	0.00622	0.00567
88	0.01320	0.03405	0.73453	0.01876	0.02849	0.01529	0.02432	0.02085	0.01390	0.02085	0.01181	0.01390	0.00834	0.00625	0.00625	0.00208	0.00973	0.00486	0.00278	0.00973
89	0.01637	0.01414	0.01489	0.01340	0.01712	0.01637	0.01042	0.03498	0.71568	0.02754	0.02679	0.02456	0.02010	0.00893	0.00670	0.00223	0.00521	0.00744	0.00670	0.01042
90	0.01014	0.00725	0.01005	0.01141	0.01277	0.00715	0.00963	0.01290	0.01504	0.01977	0.08551	0.17246	0.04048	0.01819	0.00890	0.00291	0.00552	0.53780	0.00616	0.00597
91	0.01412	0.01342	0.02280	0.44119	0.34377	0.01507	0.01912	0.01830	0.01396	0.01887	0.01200	0.01700	0.00950	0.00627	0.00655	0.00209	0.00836	0.00586	0.00307	0.00868
92	0.02954	0.01120	0.01528	0.01171	0.01681	0.00968	0.00968	0.03208	0.01884	0.73213	0.02597	0.02241	0.01630	0.00815	0.00662	0.00204	0.00560	0.00662	0.00815	0.01120
93	0.01061	0.00758	0.01061	0.01212	0.01364	0.00758	0.01061	0.01364	0.01515	0.01970	0.03486	0.07426	0.03789	0.01819	0.00909	0.00303	0.00606	0.68326	0.00606	0.00606
94	0.01615	0.01605	0.02904	0.03798	0.59486	0.01583	0.15106	0.02037	0.01510	0.02143	0.01256	0.01657	0.01034	0.00581	0.00676	0.00201	0.00845	0.00623	0.00327	0.01013
95	0.01539	0.01876	0.08167	0.02719	0.03404	0.01656	0.66185	0.02107	0.01544	0.02107	0.01323	0.01752	0.00989	0.00559	0.00768	0.00221	0.01101	0.00759	0.00330	0.00893
96	0.81514	0.01273	0.00968	0.00866	0.01273	0.01477	0.00713	0.01935	0.01120	0.02954	0.00917	0.01069	0.00713	0.00611	0.00407	0.00204	0.00509	0.00356	0.00407	0.00713
97	0.02887	0.01228	0.01594	0.01222	0.01734	0.01127	0.01010	0.13181	0.02064	0.62987	0.02447	0.02143	0.01554	0.00811	0.00662	0.00203	0.00584	0.00652	0.00792	0.01120
98	0.01866	0.01632	0.02267	0.02774	0.36957	0.04587	0.03772	0.22753	0.03924	0.02730	0.01609	0.02226	0.01368	0.00787	0.00683	0.00208	0.00766	0.07623	0.00466	0.01004
99	0.02954	0.01120	0.01528	0.01171	0.01681	0.00968	0.00968	0.03208	0.01884	0.73213	0.02597	0.02241	0.01630	0.00815	0.00662	0.00204	0.00560	0.00662	0.00815	0.01120
100	0.01061	0.00758	0.01061	0.01212	0.01364	0.00758	0.01061	0.01364	0.01515	0.01970	0.03486	0.07426	0.03789	0.01819	0.00909	0.00303	0.00606	0.68326	0.00606	0.00606
101	0.01629	0.01564	0.02672	0.04041	0.72757	0.01564	0.02020	0.02020	0.01499	0.02151	0.01238	0.01629	0.01043	0.00587	0.00652	0.00196	0.00782	0.00587	0.00326	0.01043
102	0.02303	0.01839	0.01856	0.01518	0.01927	0.15472	0.03210	0.24925	0.12660	0.16321	0.01746	0.01754	0.01267	0.00823	0.00821	0.00208	0.09181	0.00600	0.00578	0.00989
103	0.00814	0.00679	0.00717	0.00737	0.00950	0.00582	0.00572	0.00998	0.01502	0.01803	0.06261	0.06475	0.63691	0.01687	0.00795	0.00233	0.00368	0.09963	0.00611	0.00562
104	0.01440	0.01440	0.02016	0.01728	0.01728	0.02016	0.01440	0.01584	0.01008	0.01584	0.00864	0.01440	0.00864	0.01152	0.02160	0.00288	0.75659	0.00576	0.00288	0.00720
105	0.04440	0.04265	0.06110	0.02508	0.29052	0.26450	0.01573	0.06253	0.07036	0.04239	0.01310	0.01510	0.01044	0.00662	0.00619	0.00189	0.00891	0.00527	0.00389	0.00934
106	0.77200	0.01375	0.01017	0.00911	0.01315	0.05447	0.00743	0.01973	0.01161	0.02880	0.00922	0.01076	0.00720	0.00615	0.00418	0.00202	0.00546	0.00360	0.00404	0.00716
107	0.00870	0.00634	0.00834	0.00969	0.01059	0.00598	0.00721	0.01042	0.01357	0.01771	0.03932	0.49707	0.11879	0.01951	0.00852	0.00272	0.00438	0.19948	0.00610	0.00557
108	0.01869	0.65743	0.03204	0.01215	0.01743	0.13732	0.01149	0.02073	0.01420	0.01559	0.00931	0.01076	0.00845	0.00581	0.00449	0.00145	0.00779	0.00363	0.00291	0.00832
109	0.00799	0.00654	0.00705	0.00722	0.00909	0.00560	0.00530	0.00974	0.01506	0.01861	0.13608	0.16485	0.55023	0.01689	0.00787	0.00227	0.00338	0.01438	0.00624	0.00560
110	0.01711	0.68962	0.11315	0.01211	0.01820	0.02484	0.01273	0.01984	0.01344	0.01609	0.00945	0.01094	0.00844	0.00570	0.00445	0.00148	0.00734	0.00367	0.00281	0.00859
111	0.01555	0.01504	0.02612	0.16886	0.56607	0.01551	0.05716	0.01964	0.01469	0.02063	0.01231	0.01660	0.01010	0.00598	0.00660	0.00201	0.00817	0.00597	0.00320	0.00978
112	0.00932	0.00673	0.00880	0.00828	0.00984	0.00621	0.00621	0.01242	0.01863	0.02640	0.72410	0.04918	0.06212	0.01346	0.00776	0.00207	0.00311	0.01191	0.00725	0.00621
113	0.01745	0.74725	0.05852	0.01152	0.01729	0.02568	0.01171	0.01975	0.01339	0.01567	0.00924	0.01067	0.00844	0.00565	0.00429	0.00143	0.00713	0.00357	0.00281	0.00849
114	0.01394	0.15777	0.61726	0.01751	0.02655	0.01709	0.02214	0.02066	0.01381	0.01995	0.01137	0.01334	0.00836	0.00615	0.00591	0.00197	0.00928	0.00464	0.00279	0.00951
115	0.01677	0.01405	0.01490	0.01335	0.01711	0.01618	0.01040	0.03490	0.69500	0.04845	0.02677	0.02450	0.01998	0.00891	0.00670	0.00223	0.00522	0.00742	0.00674	0.01044
116	0.01061	0.00758	0.01061	0.01212	0.01364	0.00758	0.01061	0.01364	0.01515	0.01970	0.03486	0.07426	0.03789	0.01819	0.00909	0.00303	0.00606	0.68326	0.00606	0.00606
117	0.01736	0.73230	0.07270	0.01167	0.01753	0.02546	0.01198	0.01977	0.01341	0.01578	0.00930	0.01074	0.00844	0.00567	0.00433	0.00144	0.00719	0.00359	0.00281	0.00852
118	0.01406	0.16582	0.58885	0.01768	0.02659	0.01726	0.04184	0.02065	0.01385	0.01990	0.01138	0.01341	0.00841	0.00612	0.00594	0.00197	0.00929	0.00471	0.00280	0.00948
119	0.00795	0.00668	0.00691	0.00685	0.00900	0.00563	0.00514	0.00978	0.01541	0.01875	0.14008	0.06177	0.65091	0.01631	0.00778	0.00221	0.00331	0.01367	0.00624	0.00563
120	0.01243	0.01170	0.01975	0.75282	0.04534	0.01463	0.01828	0.01682	0.01316	0.01682	0.01170	0.01755	0.00878	0.00658	0.00658	0.00219	0.00878	0.00585	0.00293	0.00731
121	0.01364	0.10728	0.66512	0.01802	0.02734	0.01636	0.02303	0.02074	0.01385	0.02032	0.01155	0.01357	0.00835	0.00619	0.00605	0.00202	0.00946	0.00473	0.00278	0.00960
122	0.01554	0.01776	0.03885	0.02775	0.03441	0.01665	0.70366	0.02109	0.01554	0.02109	0.01332	0.01776	0.00999	0.00555	0.00777	0.00222	0.01110	0.00777	0.00333	0.00888
123	0.00928	0.00670	0.00876	0.00831	0.00983	0.00619	0.00621	0.01232	0.01845	0.02611	0.70300	0.07112	0.06155	0.01368	0.00778	0.00209	0.00313	0.01211	0.00721	0.00619
124	0.01320	0.03405	0.73453	0.01876	0.02849	0.01529	0.02432	0.02085	0.01390	0.02085	0.01181	0.01390	0.00834	0.00625	0.00625	0.00208	0.00973	0.00486	0.00278	0.00973
125	0.00802	0.00573	0.00764	0.00917	0.00955	0.00535	0.00611	0.00917	0.01260	0.01681	0.03628	0.76434	0.04354	0.02062	0.00840	0.00267	0.00382	0.01872	0.00611	0.00535
126	0.64399	0.01555	0.01172	0.01028	0.01439	0.10437	0.00832	0.08477	0.01397	0.02902	0.00991	0.01132	0.00768	0.00636	0.00454	0.00199	0.00613	0.00387	0.00423	0.00757
127	0.01474	0.25363	0.46063	0.01735	0.02557	0.01864	0.08325	0.02053	0.01389	0.01927	0.01116	0.01326	0.00852	0.00600	0.00579	0.00189	0.00905	0.00473	0.00284	0.00927
128	0.01320	0.03405	0.73453	0.01876	0.02849	0.01529	0.02432	0.02085	0.01390	0.02085	0.01181	0.01390	0.00834	0.00625	0.00625	0.00208	0.00973	0.00486	0.00278	0.00973
129	0.00778	0.00667	0.00667	0.00667	0.00889	0.00556	0.00500	0.00945	0.01501	0.01778	0.06669	0.06336	0.72490	0.01667	0.00778	0.00222	0.00333	0.01389	0.00611	0.00556
130	0.02503	0.01844	0.01976	0.01515	0.02042	0.02042	0.01251	0.70562	0.03095	0.04149	0.01581	0.01581	0.01120	0.00790	0.00659	0.00198	0.00724	0.00593	0.00659	0.01120
131	0.01623	0.54180	0.25326	0.01361	0.02052	0.02269	0.01535	0.02007	0.01354	0.01716	0.00998	0.01160	0.00841	0.00583	0.00486	0.00162	0.00788	0.00394	0.00280	0.00885
132	0.02954	0.01120	0.01528	0.01171	0.01681	0.00968	0.00968	0.03208	0.01884	0.73213	0.02597	0.02241	0.01630	0.00815	0.00662	0.00204	0.00560	0.00662	0.00815	0.01120
133	0.00784	0.00667	0.00675	0.00673	0.00893	0.00558	0.00505	0.00957	0.01515	0.01812	0.09267	0.06280	0.69871	0.01655	0.00778	0.00222	0.00333	0.01382	0.00616	0.00558
134	0.02532	0.01796	0.01946	0.01492	0.02018	0.01971	0.01233	0.66141	0.03016	0.08682	0.01647	0.01624	0.01153	0.00792	0.00659	0.00198	0.00714	0.00597	0.00669	0.01120
135	0.01300	0.01228	0.02077	0.64804	0.14568	0.01478	0.01857	0.01732	0.01343	0.01751	0.01180	0.01737	0.00902	0.00648	0.00657	0.00216	0.00864	0.00585	0.00297	0.00777
136	0.01365	0.01170	0.01365	0.00975	0.01560	0.00878	0.00780	0.01658	0.01365	0.02145	0.01170	0.01365	0.00975	0.00488	0.00488	0.00098	0.00488	0.00390	0.00390	0.80888
137	0.00864	0.00618	0.00833	0.00971	0.01040	0.00586	0.00704	0.01031	0.01354	0.01806	0.08378	0.57375	0.04368	0.01963	0.00850	0.00270	0.00423	0.15393	0.00618	0.00555
138	0.01243	0.01201	0.01217	0.01169	0.01319	0.14016	0.00899	0.01433	0.01270	0.01585	0.02293	0.05202	0.10400	0.07820	0.35304	0.00640	0.08526	0.03450	0.00397	0.00615
139	0.01802	0.01304	0.01459	0.01275	0.01643	0.01429	0.01011	0.13047	0.39498	0.11683	0.09231	0.05169	0.02412	0.01004	0.00697	0.00222	0.00537	0.04909	0.00686	0.00981
140	0.56531	0.01482	0.01447	0.01186	0.01636	0.04532	0.07269	0.12878	0.01522	0.04671	0.01104	0.01248	0.00831	0.00642	0.00495	0.00203	0.00628	0.00443	0.00447	0.00805

[dist]
# distance from previous block
# <min> <max>
1	5

[block]
# block no. 2 follows, 33 sequences, length 23
# corresponding to MSA columns:
# 263-285
name=unknown_C
#
# <colnr> <probs for GDERKNQSTAVLIFYWHMCP>
#	G	D	E	R	K	N	Q	S	T	A	V	L	I	F	Y	W	H	M	C	P
0	0.01308	0.18642	0.43864	0.01504	0.02216	0.01561	0.01779	0.01828	0.01371	0.01896	0.01846	0.11105	0.06688	0.00871	0.00620	0.00202	0.00793	0.00700	0.00346	0.00859
1	0.00880	0.00669	0.00816	0.00825	0.00989	0.00604	0.00626	0.01121	0.01641	0.02180	0.35931	0.13453	0.27669	0.01580	0.00798	0.00229	0.00357	0.08379	0.00662	0.00589
2	0.01760	0.77260	0.03450	0.01126	0.01690	0.02605	0.01126	0.01971	0.01338	0.01549	0.00915	0.01056	0.00845	0.00563	0.00422	0.00141	0.00704	0.00352	0.00282	0.00845
3	0.01391	0.15193	0.62280	0.01757	0.02664	0.01701	0.02224	0.02067	0.01382	0.01999	0.01139	0.01337	0.00836	0.00616	0.00593	0.00198	0.00930	0.00465	0.00279	0.00952
4	0.01669	0.61936	0.17975	0.01282	0.01930	0.02382	0.01397	0.01995	0.01348	0.01660	0.00970	0.01125	0.00843	0.00576	0.00465	0.00155	0.00760	0.00380	0.00281	0.00871
5	0.01354	0.08982	0.68167	0.01820	0.02762	0.01610	0.02334	0.02076	0.01386	0.02044	0.01161	0.01365	0.00835	0.00621	0.00610	0.00203	0.00953	0.00476	0.00278	0.00963
6	0.00799	0.00584	0.00753	0.00887	0.00947	0.00537	0.00598	0.00920	0.01289	0.01692	0.03985	0.68226	0.12333	0.02016	0.00833	0.00262	0.00376	0.01815	0.00611	0.00537
7	0.01760	0.77260	0.03450	0.01126	0.01690	0.02605	0.01126	0.01971	0.01338	0.01549	0.00915	0.01056	0.00845	0.00563	0.00422	0.00141	0.00704	0.00352	0.00282	0.00845
8	0.01439	0.03142	0.57811	0.01997	0.02878	0.06893	0.12482	0.02128	0.01449	0.02054	0.01192	0.01433	0.00860	0.00619	0.00646	0.00208	0.01009	0.00525	0.00291	0.00945
9	0.01320	0.03405	0.73453	0.01876	0.02849	0.01529	0.02432	0.02085	0.01390	0.02085	0.01181	0.01390	0.00834	0.00625	0.00625	0.00208	0.00973	0.00486	0.00278	0.00973
10	0.00802	0.00573	0.00764	0.00917	0.00955	0.00535	0.00611	0.00917	0.01260	0.01681	0.03628	0.76434	0.04354	0.02062	0.00840	0.00267	0.00382	0.01872	0.00611	0.00535
11	0.01656	0.45734	0.24523	0.01493	0.02186	0.02139	0.07332	0.02064	0.01392	0.04498	0.01095	0.01263	0.00885	0.00591	0.00523	0.00170	0.00814	0.00440	0.00305	0.00898
12	0.01487	0.00858	0.01265	0.01216	0.01455	0.00803	0.05083	0.01742	0.01539	0.19475	0.03176	0.24613	0.03242	0.01561	0.00822	0.00264	0.00564	0.29461	0.00643	0.00731
13	0.00802	0.00573	0.00764	0.00917	0.00955	0.00535	0.00611	0.00917	0.01260	0.01681	0.03628	0.76434	0.04354	0.02062	0.00840	0.00267	0.00382	0.01872	0.00611	0.00535
14	0.02492	0.01419	0.09609	0.01413	0.01970	0.01089	0.09128	0.02840	0.01791	0.52990	0.06494	0.02255	0.01745	0.00796	0.00678	0.00207	0.00654	0.00688	0.00695	0.01047
15	0.01897	0.01873	0.11942	0.02212	0.02871	0.01574	0.40460	0.11299	0.01794	0.14976	0.01570	0.01784	0.01106	0.00641	0.00722	0.00214	0.00945	0.00696	0.00454	0.00970
16	0.01353	0.08835	0.68307	0.01821	0.02764	0.01608	0.02336	0.02077	0.01386	0.02045	0.01162	0.01365	0.00835	0.00621	0.00611	0.00204	0.00953	0.00477	0.00278	0.00964
17	0.02067	0.06862	0.13252	0.01697	0.04950	0.23230	0.04234	0.12931	0.14242	0.07813	0.01559	0.01618	0.01166	0.00720	0.00627	0.00194	0.00869	0.00551	0.00469	0.00948
18	0.01576	0.01396	0.08980	0.01417	0.04016	0.03071	0.07494	0.06248	0.12765	0.12656	0.22750	0.07998	0.04704	0.01032	0.00716	0.00213	0.00591	0.00909	0.00609	0.00860
19	0.01874	0.01618	0.05876	0.01997	0.12074	0.07723	0.14528	0.07106	0.01662	0.16391	0.01800	0.09163	0.01517	0.00868	0.00800	0.00212	0.06286	0.02749	0.00485	0.05271
20	0.04083	0.04902	0.07978	0.07500	0.12226	0.15198	0.25890	0.03911	0.01571	0.02030	0.03087	0.01626	0.01076	0.00660	0.00762	0.00207	0.05471	0.00616	0.00343	0.00863
21	0.01482	0.05811	0.44277	0.02025	0.10162	0.10097	0.06396	0.02057	0.01485	0.02016	0.03431	0.01758	0.04739	0.00695	0.00638	0.00201	0.00924	0.00570	0.00324	0.00914
22	0.01527	0.01183	0.03362	0.01253	0.01562	0.04817	0.05999	0.03716	0.06526	0.13447	0.22400	0.07921	0.06201	0.01154	0.00832	0.00221	0.05678	0.07236	0.00605	0.04357

[dist]
# distance from previous block
# <min> <max>
3	26

[block]
# block no. 3 follows, 33 sequences, length 16
# corresponding to MSA columns:
# 312-327
name=unknown_D
#
# <colnr> <probs for GDERKNQSTAVLIFYWHMCP>
#	G	D	E	R	K	N	Q	S	T	A	V	L	I	F	Y	W	H	M	C	P
0	0.01126	0.00953	0.01458	0.01227	0.01506	0.00902	0.13148	0.06403	0.01754	0.02360	0.31013	0.09985	0.18177	0.01317	0.00782	0.00223	0.00515	0.05857	0.00610	0.00684
1	0.01972	0.15535	0.10446	0.10721	0.06452	0.04442	0.01445	0.29308	0.02087	0.04951	0.01332	0.01482	0.01000	0.00681	0.00600	0.00185	0.00769	0.00520	0.00460	0.05611
2	0.00822	0.00587	0.00786	0.00939	0.00986	0.00552	0.00645	0.00950	0.01280	0.01702	0.03618	0.71215	0.04311	0.02044	0.00845	0.00270	0.00399	0.06897	0.00611	0.00540
3	0.01365	0.01170	0.01365	0.00975	0.01560	0.00878	0.00780	0.01658	0.01365	0.02145	0.01170	0.01365	0.00975	0.00488	0.00488	0.00098	0.00488	0.00390	0.00390	0.80888
4	0.02482	0.02445	0.01925	0.01599	0.02039	0.35562	0.01261	0.39013	0.02524	0.02970	0.01319	0.01398	0.00993	0.00738	0.00628	0.00185	0.00939	0.00514	0.00510	0.00954
5	0.01138	0.00722	0.00924	0.00845	0.01049	0.00651	0.00644	0.01423	0.01816	0.10451	0.55587	0.04810	0.14750	0.01330	0.00764	0.00209	0.00342	0.01158	0.00719	0.00668
6	0.01365	0.01170	0.01365	0.00975	0.01560	0.00878	0.00780	0.01658	0.01365	0.02145	0.01170	0.01365	0.00975	0.00488	0.00488	0.00098	0.00488	0.00390	0.00390	0.80888
7	0.01937	0.07110	0.08512	0.03893	0.02245	0.18981	0.11508	0.20069	0.06210	0.02507	0.03800	0.02029	0.04371	0.00791	0.00660	0.00199	0.00871	0.02947	0.00463	0.00896
8	0.06727	0.23643	0.06742	0.01323	0.01787	0.17533	0.01164	0.08570	0.11062	0.06410	0.07632	0.01751	0.01535	0.00743	0.00572	0.00181	0.00749	0.00543	0.00458	0.00875
9	0.01722	0.04482	0.07077	0.03336	0.52757	0.06006	0.01863	0.06616	0.05673	0.02258	0.01316	0.01612	0.01072	0.00625	0.00640	0.00195	0.00797	0.00572	0.00364	0.01019
10	0.00855	0.00677	0.00785	0.00808	0.00988	0.00590	0.00598	0.01041	0.01471	0.01886	0.12987	0.25077	0.37485	0.01679	0.00787	0.00231	0.00371	0.05858	0.00611	0.05217
11	0.01793	0.07415	0.07963	0.05844	0.15993	0.01628	0.14454	0.16205	0.03747	0.06515	0.01429	0.01699	0.01103	0.02793	0.00719	0.00203	0.00793	0.00598	0.00433	0.08672
12	0.03753	0.07541	0.22295	0.01820	0.02481	0.06292	0.19514	0.09000	0.05578	0.04159	0.01513	0.01696	0.03199	0.00662	0.00642	0.00195	0.00869	0.00594	0.00394	0.07802
13	0.01838	0.01536	0.01951	0.01649	0.06021	0.04678	0.09302	0.26621	0.06605	0.02712	0.01496	0.04237	0.01226	0.00953	0.00974	0.09612	0.05570	0.00630	0.00482	0.11909
14	0.03496	0.11038	0.17028	0.01890	0.07650	0.01673	0.15289	0.09092	0.08986	0.06049	0.03845	0.01733	0.01265	0.00690	0.00687	0.00199	0.03287	0.00602	0.00425	0.05076
15	0.01622	0.01340	0.02079	0.13899	0.11990	0.01367	0.13453	0.05193	0.14274	0.09939	0.02159	0.04543	0.06923	0.00803	0.00682	0.00206	0.00710	0.00743	0.00488	0.07586

[dist]
# distance from previous block
# <min> <max>
1	14

[block]
# block no. 4 follows, 33 sequences, length 22
# corresponding to MSA columns:
# 342-363
name=unknown_E
#
# <colnr> <probs for GDERKNQSTAVLIFYWHMCP>
#	G	D	E	R	K	N	Q	S	T	A	V	L	I	F	Y	W	H	M	C	P
0	0.10394	0.04640	0.29683	0.01596	0.04617	0.03305	0.06497	0.02067	0.01499	0.12057	0.09157	0.02135	0.05416	0.00794	0.00687	0.00208	0.03285	0.00641	0.00440	0.00883
1	0.01455	0.06383	0.42706	0.01791	0.02541	0.03642	0.11419	0.02091	0.03577	0.05178	0.05154	0.02023	0.01384	0.00733	0.00658	0.00208	0.00883	0.04492	0.00368	0.03314
2	0.03873	0.16361	0.42174	0.01731	0.02498	0.04475	0.09169	0.04452	0.01493	0.02100	0.04880	0.01545	0.01142	0.00652	0.00606	0.00196	0.00890	0.00527	0.00327	0.00912
3	0.01410	0.16258	0.48057	0.01806	0.02623	0.01692	0.11016	0.02024	0.01427	0.02021	0.04837	0.01563	0.01136	0.00642	0.00617	0.00198	0.00909	0.00537	0.00309	0.00921
4	0.01440	0.09663	0.62451	0.01787	0.02693	0.01657	0.02238	0.06834	0.01504	0.02182	0.01186	0.01374	0.00855	0.00632	0.00610	0.00202	0.00932	0.00482	0.00305	0.00972
5	0.01343	0.07139	0.69914	0.01838	0.02791	0.01583	0.02366	0.02079	0.01387	0.02058	0.01168	0.01373	0.00834	0.00622	0.00615	0.00205	0.00959	0.00480	0.00278	0.00966
6	0.01760	0.77260	0.03450	0.01126	0.01690	0.02605	0.01126	0.01971	0.01338	0.01549	0.00915	0.01056	0.00845	0.00563	0.00422	0.00141	0.00704	0.00352	0.00282	0.00845
7	0.01320	0.03405	0.73453	0.01876	0.02849	0.01529	0.02432	0.02085	0.01390	0.02085	0.01181	0.01390	0.00834	0.00625	0.00625	0.00208	0.00973	0.00486	0.00278	0.00973
8	0.01760	0.77260	0.03450	0.01126	0.01690	0.02605	0.01126	0.01971	0.01338	0.01549	0.00915	0.01056	0.00845	0.00563	0.00422	0.00141	0.00704	0.00352	0.00282	0.00845
9	0.01320	0.03405	0.73453	0.01876	0.02849	0.01529	0.02432	0.02085	0.01390	0.02085	0.01181	0.01390	0.00834	0.00625	0.00625	0.00208	0.00973	0.00486	0.00278	0.00973
10	0.01279	0.01207	0.02040	0.68608	0.10925	0.01472	0.01846	0.01714	0.01333	0.01726	0.01176	0.01743	0.00893	0.00651	0.00658	0.00217	0.00869	0.00585	0.00296	0.00760
11	0.02954	0.01120	0.01528	0.01171	0.01681	0.00968	0.00968	0.03208	0.01884	0.73213	0.02597	0.02241	0.01630	0.00815	0.00662	0.00204	0.00560	0.00662	0.00815	0.01120
12	0.00802	0.00573	0.00764	0.00917	0.00955	0.00535	0.00611	0.00917	0.01260	0.01681	0.03628	0.76434	0.04354	0.02062	0.00840	0.00267	0.00382	0.01872	0.00611	0.00535
13	0.01276	0.01204	0.02034	0.69187	0.10371	0.01471	0.01845	0.01711	0.01332	0.01722	0.01176	0.01744	0.00892	0.00652	0.00658	0.00217	0.00869	0.00585	0.00295	0.00758
14	0.01320	0.03405	0.73453	0.01876	0.02849	0.01529	0.02432	0.02085	0.01390	0.02085	0.01181	0.01390	0.00834	0.00625	0.00625	0.00208	0.00973	0.00486	0.00278	0.00973
15	0.00802	0.00573	0.00764	0.00917	0.00955	0.00535	0.00611	0.00917	0.01260	0.01681	0.03628	0.76434	0.04354	0.02062	0.00840	0.00267	0.00382	0.01872	0.00611	0.00535
16	0.01554	0.01776	0.03885	0.02775	0.03441	0.01665	0.70366	0.02109	0.01554	0.02109	0.01332	0.01776	0.00999	0.00555	0.00777	0.00222	0.01110	0.00777	0.00333	0.00888
17	0.02787	0.01223	0.05227	0.01210	0.01727	0.00988	0.01047	0.03070	0.01843	0.66444	0.02563	0.02422	0.01682	0.00849	0.00671	0.00208	0.00584	0.03589	0.00778	0.01090
18	0.01320	0.03405	0.73453	0.01876	0.02849	0.01529	0.02432	0.02085	0.01390	0.02085	0.01181	0.01390	0.00834	0.00625	0.00625	0.00208	0.00973	0.00486	0.00278	0.00973
19	0.01061	0.00758	0.01061	0.01212	0.01364	0.00758	0.01061	0.01364	0.01515	0.01970	0.03486	0.07426	0.03789	0.01819	0.00909	0.00303	0.00606	0.68326	0.00606	0.00606
20	0.81514	0.01273	0.00968	0.00866	0.01273	0.01477	0.00713	0.01935	0.01120	0.02954	0.00917	0.01069	0.00713	0.00611	0.00407	0.00204	0.00509	0.00356	0.00407	0.00713
21	0.00802	0.00573	0.00764	0.00917	0.00955	0.00535	0.00611	0.00917	0.01260	0.01681	0.03628	0.76434	0.04354	0.02062	0.00840	0.00267	0.00382	0.01872	0.00611	0.00535

[dist]
# distance from previous block
# <min> <max>
0	1

# created by:
# /home/berkeley/.conda/envs/busco_data_prod/bin/msa2prfl.pl pipeline/OGs_align_augustus/4893/41360.fs
