[name]
unknown

[dist]
# distance from previous block
# <min> <max>
36	91

[block]
# block no. 0 follows, 29 sequences, length 6
# corresponding to MSA columns:
# 111-116
name=unknown_A
#
# <colnr> <probs for GDERKNQSTAVLIFYWHMCP>
#	G	D	E	R	K	N	Q	S	T	A	V	L	I	F	Y	W	H	M	C	P
0	0.05048	0.09672	0.09457	0.04532	0.04517	0.06728	0.01377	0.18946	0.14060	0.07486	0.02048	0.02071	0.05069	0.00836	0.00665	0.00208	0.00757	0.00648	0.00557	0.05316
1	0.12139	0.01586	0.01664	0.01403	0.01819	0.08695	0.04694	0.15604	0.10443	0.06265	0.06791	0.06037	0.02099	0.03500	0.00801	0.00237	0.00703	0.06487	0.00592	0.08441
2	0.18167	0.01660	0.04409	0.01835	0.13439	0.04338	0.01294	0.18586	0.05225	0.13399	0.09022	0.02119	0.01802	0.00840	0.00666	0.00217	0.00691	0.00664	0.00600	0.01024
3	0.12493	0.01866	0.04354	0.01378	0.01767	0.18923	0.01107	0.12125	0.04853	0.11510	0.08751	0.13499	0.02276	0.01076	0.00702	0.00223	0.00753	0.00856	0.00595	0.00894
4	0.16190	0.08807	0.01789	0.01441	0.05428	0.11642	0.01099	0.06993	0.08162	0.07897	0.01588	0.01731	0.01236	0.00774	0.00696	0.00199	0.05614	0.00547	0.10321	0.07846
5	0.20150	0.05760	0.02005	0.01658	0.07240	0.06340	0.05669	0.22412	0.04351	0.06552	0.01511	0.01638	0.01137	0.00736	0.00617	0.00203	0.00739	0.00564	0.04238	0.06481

[dist]
# distance from previous block
# <min> <max>
0	2

[block]
# block no. 1 follows, 29 sequences, length 21
# corresponding to MSA columns:
# 119-139
name=unknown_B
#
# <colnr> <probs for GDERKNQSTAVLIFYWHMCP>
#	G	D	E	R	K	N	Q	S	T	A	V	L	I	F	Y	W	H	M	C	P
0	0.19167	0.05467	0.01717	0.01563	0.09595	0.03864	0.01115	0.18804	0.03715	0.08359	0.06163	0.04302	0.11374	0.00976	0.00666	0.00218	0.00642	0.00766	0.00587	0.00942
1	0.12356	0.01761	0.01649	0.01411	0.01822	0.10532	0.01113	0.25595	0.17251	0.03266	0.07358	0.08751	0.02082	0.01012	0.00698	0.00225	0.00698	0.00798	0.00637	0.00986
2	0.08062	0.01902	0.01842	0.01435	0.01990	0.18439	0.06257	0.07604	0.01758	0.02425	0.01254	0.01459	0.01014	0.00621	0.00588	0.00153	0.00787	0.00479	0.00429	0.41503
3	0.08927	0.02462	0.02036	0.08127	0.14290	0.37162	0.01479	0.02719	0.11972	0.02163	0.01418	0.01616	0.01134	0.00743	0.00654	0.00205	0.01007	0.00550	0.00420	0.00916
4	0.01020	0.01013	0.06372	0.00954	0.01225	0.00800	0.00803	0.01385	0.06084	0.02092	0.13432	0.05819	0.38487	0.10090	0.01155	0.00297	0.00490	0.07189	0.00625	0.00666
5	0.04859	0.02968	0.02046	0.02039	0.10035	0.56227	0.01409	0.02662	0.01905	0.01900	0.01138	0.01350	0.00948	0.00704	0.00634	0.00182	0.01152	0.00474	0.00372	0.06997
6	0.01370	0.01233	0.01151	0.01048	0.01334	0.09150	0.00803	0.09132	0.06722	0.02497	0.21014	0.04953	0.34017	0.01428	0.00795	0.00227	0.00524	0.01182	0.00668	0.00751
7	0.01083	0.00782	0.01065	0.01200	0.01356	0.00765	0.01011	0.01377	0.01636	0.02137	0.09222	0.15422	0.09031	0.01946	0.00954	0.00309	0.00582	0.48813	0.00667	0.00644
8	0.02341	0.01991	0.01874	0.05430	0.02184	0.16071	0.01279	0.21554	0.26377	0.10235	0.02102	0.02047	0.01539	0.00865	0.00703	0.00219	0.00797	0.00670	0.00643	0.01080
9	0.02427	0.01855	0.01979	0.01582	0.02102	0.02077	0.01286	0.48903	0.23060	0.04036	0.02065	0.01993	0.01499	0.00888	0.00716	0.00222	0.00718	0.00690	0.00716	0.01186
10	0.01563	0.01317	0.01523	0.01096	0.01724	0.01038	0.00880	0.06465	0.01608	0.02473	0.01297	0.01493	0.01066	0.00550	0.00540	0.00113	0.00545	0.00437	0.00442	0.73829
11	0.01591	0.01506	0.02594	0.07311	0.48282	0.01503	0.07403	0.02015	0.01690	0.02395	0.14335	0.02454	0.02170	0.00791	0.00742	0.00218	0.00785	0.00775	0.00433	0.01010
12	0.01768	0.01622	0.02710	0.05103	0.41319	0.01683	0.08811	0.02151	0.01549	0.06087	0.01360	0.01764	0.01117	0.00737	0.00969	0.00223	0.12607	0.00642	0.00381	0.07399
13	0.00977	0.00731	0.00913	0.00908	0.01085	0.00667	0.00695	0.01263	0.01843	0.02494	0.43912	0.09809	0.21365	0.01640	0.00861	0.00243	0.00383	0.08830	0.00733	0.00648
14	0.01182	0.01059	0.01741	0.01709	0.08908	0.00976	0.13495	0.01469	0.01530	0.02065	0.05532	0.32339	0.11868	0.01518	0.00836	0.00250	0.00621	0.05024	0.00556	0.07322
15	0.00915	0.00666	0.00872	0.01012	0.01098	0.00623	0.00727	0.01085	0.01457	0.01915	0.06578	0.54520	0.11340	0.02118	0.00912	0.00288	0.00444	0.12171	0.00665	0.00596
16	0.01687	0.20982	0.43355	0.01780	0.02611	0.02029	0.02087	0.09113	0.01659	0.02315	0.01232	0.01440	0.00939	0.00712	0.00725	0.00211	0.05251	0.00508	0.00346	0.01019
17	0.05078	0.41049	0.24553	0.01498	0.02233	0.02287	0.01647	0.07755	0.01636	0.04690	0.01207	0.01350	0.00960	0.00663	0.00556	0.00186	0.00840	0.00461	0.00364	0.00987
18	0.05121	0.01766	0.01837	0.10073	0.05117	0.12207	0.01242	0.14868	0.01895	0.02604	0.01305	0.01545	0.01038	0.00685	0.00683	0.00172	0.03840	0.00511	0.00451	0.33042
19	0.14535	0.12245	0.02298	0.08591	0.16491	0.07322	0.03488	0.12573	0.01782	0.02585	0.01297	0.01586	0.01050	0.00942	0.04646	0.00251	0.00868	0.00544	0.00422	0.06485
20	0.03835	0.13548	0.02760	0.13526	0.28984	0.01832	0.07267	0.08071	0.01754	0.07161	0.03642	0.01837	0.01286	0.00703	0.00676	0.00210	0.00831	0.00632	0.00425	0.01018

[dist]
# distance from previous block
# <min> <max>
5	24

[block]
# block no. 2 follows, 29 sequences, length 19
# corresponding to MSA columns:
# 164-182
name=unknown_C
#
# <colnr> <probs for GDERKNQSTAVLIFYWHMCP>
#	G	D	E	R	K	N	Q	S	T	A	V	L	I	F	Y	W	H	M	C	P
0	0.05606	0.01576	0.02485	0.11545	0.40105	0.01608	0.03969	0.07649	0.01792	0.14356	0.01602	0.01866	0.01205	0.00704	0.00701	0.00218	0.00810	0.00644	0.00473	0.01088
1	0.01901	0.01966	0.02325	0.15093	0.30646	0.17737	0.01742	0.04903	0.04108	0.02213	0.01333	0.01673	0.01081	0.00679	0.00673	0.00199	0.00916	0.00576	0.00385	0.09850
2	0.19746	0.01782	0.02300	0.09289	0.40975	0.09912	0.01749	0.02209	0.01557	0.02413	0.01225	0.01580	0.01006	0.00659	0.00638	0.00212	0.00839	0.00557	0.00371	0.00981
3	0.02125	0.06981	0.02531	0.02931	0.35952	0.11922	0.01708	0.13517	0.01974	0.06487	0.01423	0.01661	0.01128	0.00692	0.00669	0.00197	0.00858	0.00584	0.00447	0.06213
4	0.54639	0.01820	0.01379	0.04920	0.01767	0.16973	0.01010	0.02221	0.01391	0.02723	0.01026	0.01246	0.00821	0.00713	0.00607	0.00218	0.04903	0.00428	0.00411	0.00784
5	0.16800	0.05338	0.45366	0.01988	0.05476	0.01699	0.09269	0.02219	0.01469	0.02425	0.01233	0.01479	0.00905	0.00661	0.00642	0.00223	0.00953	0.00532	0.00337	0.00986
6	0.01130	0.00808	0.01123	0.01259	0.01424	0.00801	0.01088	0.01459	0.01686	0.02222	0.12104	0.07692	0.04427	0.01903	0.00965	0.00315	0.00616	0.57650	0.00672	0.00658
7	0.01008	0.00728	0.00952	0.00896	0.01064	0.00672	0.00672	0.01344	0.02016	0.02855	0.70158	0.05319	0.06719	0.01456	0.00840	0.00224	0.00336	0.01288	0.00784	0.00672
8	0.01036	0.00690	0.00777	0.00777	0.00777	0.00690	0.00431	0.01036	0.01036	0.01381	0.02244	0.04660	0.02589	0.74975	0.03624	0.00690	0.00690	0.01036	0.00431	0.00431
9	0.01008	0.00728	0.00952	0.00896	0.01064	0.00672	0.00672	0.01344	0.02016	0.02855	0.70158	0.05319	0.06719	0.01456	0.00840	0.00224	0.00336	0.01288	0.00784	0.00672
10	0.02660	0.03394	0.02018	0.01834	0.02201	0.72116	0.01376	0.02843	0.02018	0.01743	0.01101	0.01284	0.00917	0.00734	0.00642	0.00183	0.01284	0.00459	0.00367	0.00825
11	0.01019	0.00756	0.01107	0.01107	0.01221	0.00870	0.00844	0.01248	0.01133	0.01625	0.01941	0.02986	0.01862	0.12383	0.65223	0.01098	0.01784	0.00790	0.00387	0.00615
12	0.01876	0.01582	0.01669	0.01470	0.01892	0.01820	0.01152	0.11006	0.61853	0.03148	0.02765	0.02550	0.02066	0.00954	0.00723	0.00238	0.00588	0.00787	0.00723	0.01136
13	0.00998	0.00727	0.00938	0.00885	0.01058	0.00668	0.00664	0.01325	0.01992	0.02800	0.66399	0.05411	0.10512	0.01476	0.00840	0.00225	0.00337	0.01301	0.00777	0.00668
14	0.01637	0.01798	0.03776	0.03067	0.13445	0.01701	0.53588	0.02178	0.01650	0.02256	0.01596	0.06868	0.01336	0.00717	0.00825	0.00239	0.01094	0.00891	0.00380	0.00959
15	0.01904	0.75404	0.03731	0.01218	0.01828	0.02818	0.01218	0.02132	0.01447	0.01675	0.00990	0.01142	0.00914	0.00609	0.00457	0.00152	0.00761	0.00381	0.00305	0.00914
16	0.07053	0.13260	0.05237	0.01587	0.05477	0.01984	0.01278	0.13595	0.37018	0.02964	0.02129	0.02071	0.01618	0.00842	0.00659	0.00219	0.00666	0.00663	0.00600	0.01080
17	0.04687	0.09016	0.13749	0.01585	0.06470	0.01555	0.01378	0.13400	0.06518	0.14611	0.06503	0.06370	0.04604	0.00927	0.00686	0.00212	0.00695	0.00753	0.00581	0.05698
18	0.05603	0.13575	0.17223	0.01753	0.06871	0.10164	0.01563	0.18590	0.02015	0.04793	0.01494	0.05272	0.01225	0.00790	0.00642	0.00200	0.00849	0.00602	0.00466	0.06311

[dist]
# distance from previous block
# <min> <max>
2	62

[block]
# block no. 3 follows, 29 sequences, length 23
# corresponding to MSA columns:
# 247-269
name=unknown_D
#
# <colnr> <probs for GDERKNQSTAVLIFYWHMCP>
#	G	D	E	R	K	N	Q	S	T	A	V	L	I	F	Y	W	H	M	C	P
0	0.01886	0.02014	0.04613	0.02731	0.29461	0.17269	0.05545	0.07717	0.03905	0.02327	0.02025	0.06382	0.07278	0.00876	0.00718	0.00213	0.00882	0.00761	0.00442	0.02952
1	0.06428	0.01695	0.04285	0.05117	0.21158	0.07257	0.01466	0.12898	0.09197	0.02632	0.01928	0.13497	0.01772	0.00989	0.00753	0.00225	0.02608	0.00835	0.00507	0.04753
2	0.01824	0.01658	0.02521	0.06296	0.48291	0.05189	0.01880	0.02190	0.01614	0.07000	0.01642	0.01979	0.04088	0.00755	0.00833	0.00217	0.06702	0.00659	0.00401	0.04260
3	0.01693	0.01639	0.02834	0.12143	0.54060	0.01650	0.07311	0.02130	0.01596	0.02263	0.01335	0.01776	0.01100	0.00635	0.00707	0.00211	0.00870	0.00640	0.00352	0.05055
4	0.01731	0.01615	0.02645	0.03386	0.44846	0.01628	0.07832	0.07569	0.01713	0.02430	0.01563	0.07616	0.01405	0.00802	0.00805	0.00218	0.04522	0.00751	0.00411	0.06510
5	0.02565	0.01920	0.02119	0.07415	0.02414	0.02143	0.01396	0.60578	0.05469	0.04220	0.01715	0.01758	0.01223	0.00847	0.00713	0.00217	0.00789	0.00646	0.00681	0.01174
6	0.02410	0.01778	0.02168	0.12856	0.08777	0.01972	0.01508	0.44487	0.02711	0.09063	0.01667	0.01795	0.01197	0.00829	0.00770	0.00221	0.03406	0.00645	0.00618	0.01124
7	0.01505	0.01430	0.02426	0.46771	0.30142	0.01624	0.02057	0.01960	0.01500	0.02014	0.01294	0.01846	0.01018	0.00682	0.00709	0.00227	0.00909	0.00633	0.00330	0.00921
8	0.02022	0.08855	0.13049	0.15440	0.11759	0.08009	0.03990	0.23255	0.02138	0.02800	0.01386	0.01639	0.01047	0.00731	0.00681	0.00212	0.00919	0.00588	0.00450	0.01029
9	0.01634	0.07499	0.02320	0.50522	0.09729	0.06663	0.01838	0.07667	0.01650	0.02075	0.01276	0.01767	0.00982	0.00711	0.00686	0.00222	0.00934	0.00601	0.00356	0.00868
10	0.01135	0.00812	0.01131	0.01276	0.01440	0.00807	0.01106	0.01464	0.01672	0.02193	0.09495	0.07798	0.04324	0.01923	0.00971	0.00319	0.00628	0.60183	0.00667	0.00657
11	0.00881	0.00629	0.00842	0.01007	0.01054	0.00590	0.00685	0.01015	0.01377	0.01833	0.03917	0.71260	0.04680	0.02218	0.00913	0.00291	0.00425	0.05140	0.00661	0.00582
12	0.01640	0.01687	0.05564	0.20979	0.46042	0.01673	0.07823	0.02107	0.01574	0.02196	0.01328	0.01799	0.01071	0.00652	0.00717	0.00221	0.00910	0.00647	0.00342	0.01028
13	0.00888	0.00736	0.00785	0.00810	0.01039	0.00634	0.00632	0.01090	0.01625	0.01955	0.06695	0.07030	0.60291	0.01828	0.00863	0.00254	0.00405	0.11169	0.00660	0.00609
14	0.01036	0.00690	0.00777	0.00777	0.00777	0.00690	0.00431	0.01036	0.01036	0.01381	0.02244	0.04660	0.02589	0.74975	0.03624	0.00690	0.00690	0.01036	0.00431	0.00431
15	0.32131	0.01535	0.01872	0.11524	0.20868	0.01708	0.01417	0.09974	0.07773	0.02908	0.01380	0.01621	0.01071	0.00711	0.00606	0.00221	0.00712	0.00554	0.00458	0.00955
16	0.12965	0.01862	0.01944	0.06517	0.02251	0.05354	0.01294	0.46014	0.02752	0.09710	0.01648	0.01690	0.01167	0.00815	0.00673	0.00215	0.00773	0.00604	0.00646	0.01104
17	0.05012	0.01949	0.01950	0.01543	0.02052	0.09231	0.01254	0.48343	0.02923	0.09395	0.07590	0.02016	0.01684	0.00890	0.00708	0.00212	0.00776	0.00676	0.00688	0.01111
18	0.01888	0.07187	0.08565	0.03113	0.35384	0.08241	0.08026	0.07975	0.04176	0.02392	0.01362	0.01684	0.01104	0.00708	0.00788	0.00216	0.05135	0.00617	0.00389	0.01051
19	0.04620	0.12679	0.06388	0.01996	0.08142	0.24672	0.07046	0.11152	0.01910	0.05909	0.01295	0.01510	0.01028	0.00764	0.00809	0.00208	0.07946	0.00550	0.00422	0.00953
20	0.05065	0.02232	0.10505	0.09721	0.07862	0.20585	0.03540	0.11966	0.01901	0.02401	0.01724	0.07839	0.03785	0.00875	0.00688	0.00209	0.00912	0.00701	0.00446	0.07041
21	0.08949	0.05201	0.01762	0.01703	0.12129	0.05291	0.01151	0.14126	0.01814	0.02640	0.06251	0.08413	0.01920	0.06826	0.01017	0.00250	0.06153	0.00771	0.06834	0.06799
22	0.13144	0.06923	0.03354	0.07448	0.04135	0.03723	0.01064	0.05441	0.03748	0.14474	0.05193	0.08850	0.13801	0.01074	0.00686	0.00219	0.00617	0.00871	0.00579	0.04654

[dist]
# distance from previous block
# <min> <max>
3	76

[block]
# block no. 4 follows, 29 sequences, length 21
# corresponding to MSA columns:
# 347-367
name=unknown_E
#
# <colnr> <probs for GDERKNQSTAVLIFYWHMCP>
#	G	D	E	R	K	N	Q	S	T	A	V	L	I	F	Y	W	H	M	C	P
0	0.04305	0.01819	0.09507	0.01670	0.06145	0.01585	0.04112	0.21969	0.08445	0.11489	0.01745	0.01802	0.01273	0.00738	0.00661	0.00193	0.00721	0.00599	0.00573	0.20649
1	0.02138	0.01793	0.02039	0.01951	0.12309	0.10788	0.05007	0.23525	0.05339	0.08045	0.06515	0.03751	0.03951	0.04371	0.00854	0.00232	0.00789	0.00746	0.00580	0.05278
2	0.04258	0.01566	0.01969	0.01598	0.02026	0.08165	0.14375	0.12793	0.09483	0.05250	0.02962	0.13340	0.13160	0.01142	0.00765	0.00230	0.00740	0.01011	0.00578	0.04587
3	0.06015	0.01631	0.01690	0.01366	0.01866	0.09120	0.01096	0.14122	0.13377	0.28285	0.02190	0.02067	0.01528	0.00826	0.00669	0.00205	0.00683	0.00642	0.03208	0.09412
4	0.04272	0.09551	0.02069	0.03905	0.05093	0.01698	0.04811	0.13704	0.20532	0.14116	0.06168	0.02362	0.03594	0.00875	0.00690	0.00215	0.00668	0.00724	0.00634	0.04317
5	0.06022	0.01675	0.02790	0.04184	0.66769	0.01687	0.02108	0.02180	0.01599	0.02374	0.01320	0.01729	0.01108	0.00636	0.00691	0.00212	0.00830	0.00621	0.00357	0.01108
6	0.01343	0.01236	0.02046	0.60018	0.09539	0.01493	0.01825	0.01762	0.01397	0.01811	0.01378	0.02189	0.01142	0.08807	0.01029	0.00285	0.00913	0.00677	0.00332	0.00778
7	0.02586	0.10109	0.02284	0.01603	0.02155	0.08287	0.01333	0.53288	0.05111	0.03896	0.01616	0.01641	0.01184	0.00821	0.00679	0.00205	0.00817	0.00602	0.00638	0.01143
8	0.01035	0.00757	0.01118	0.01118	0.01247	0.00877	0.00868	0.01293	0.01164	0.01709	0.01930	0.02789	0.01783	0.05089	0.68155	0.01090	0.01819	0.00757	0.04764	0.00637
9	0.27005	0.10034	0.01909	0.01384	0.01876	0.16034	0.01138	0.22459	0.02108	0.07917	0.01360	0.01438	0.01020	0.00745	0.00585	0.00203	0.00796	0.00501	0.00525	0.00963
10	0.02537	0.09954	0.02267	0.01553	0.02132	0.02190	0.01304	0.56498	0.03015	0.04035	0.01601	0.01632	0.01168	0.00806	0.00672	0.00200	0.00764	0.00598	0.00648	0.06426
11	0.01004	0.00680	0.00801	0.00832	0.00845	0.00678	0.00493	0.01037	0.01101	0.01473	0.02541	0.17511	0.02947	0.58587	0.05998	0.00635	0.00690	0.01207	0.00472	0.00467
12	0.00922	0.00657	0.00879	0.01019	0.01076	0.00635	0.00711	0.01067	0.01352	0.01805	0.03636	0.56778	0.04274	0.08309	0.05923	0.00383	0.00562	0.08810	0.00623	0.00579
13	0.08049	0.01706	0.05534	0.11083	0.55342	0.01671	0.02068	0.02143	0.01563	0.02342	0.01301	0.01716	0.01071	0.00646	0.00683	0.00215	0.00841	0.00610	0.00354	0.01061
14	0.01320	0.00955	0.01250	0.01162	0.01317	0.01130	0.00921	0.06867	0.01410	0.02166	0.01858	0.02483	0.01619	0.03127	0.36259	0.00676	0.12199	0.00705	0.21863	0.00712
15	0.42494	0.01784	0.01486	0.04278	0.01812	0.14254	0.01065	0.05511	0.07870	0.05543	0.01304	0.01461	0.01010	0.00770	0.00692	0.00224	0.06626	0.00493	0.00469	0.00854
16	0.03501	0.01509	0.02247	0.18391	0.32467	0.01595	0.01726	0.11778	0.03376	0.02526	0.02044	0.02335	0.08654	0.00816	0.00710	0.00217	0.00780	0.00719	0.00445	0.04164
17	0.04271	0.00972	0.01136	0.01089	0.01304	0.00991	0.00817	0.10649	0.04695	0.06897	0.03379	0.21410	0.11493	0.14831	0.05416	0.00388	0.00644	0.08269	0.00620	0.00728
18	0.11705	0.01664	0.01565	0.04607	0.01806	0.14580	0.01122	0.07831	0.11249	0.02430	0.03879	0.09922	0.04833	0.01208	0.02941	0.00262	0.11982	0.00804	0.04779	0.00831
19	0.15771	0.01849	0.01779	0.02999	0.01968	0.11713	0.01180	0.22577	0.05093	0.06253	0.01444	0.01580	0.01103	0.00791	0.00783	0.00204	0.07858	0.00543	0.00529	0.13983
20	0.16191	0.01850	0.01982	0.01771	0.08318	0.07198	0.03964	0.34096	0.05463	0.06652	0.01824	0.01882	0.04040	0.00826	0.00669	0.00216	0.00767	0.00636	0.00597	0.01057

[dist]
# distance from previous block
# <min> <max>
53	206

[block]
# block no. 5 follows, 29 sequences, length 24
# corresponding to MSA columns:
# 689-712
name=unknown_F
#
# <colnr> <probs for GDERKNQSTAVLIFYWHMCP>
#	G	D	E	R	K	N	Q	S	T	A	V	L	I	F	Y	W	H	M	C	P
0	0.02146	0.12753	0.05162	0.01632	0.02144	0.03725	0.06543	0.24522	0.11006	0.07964	0.01834	0.02158	0.01449	0.00891	0.00819	0.00222	0.06422	0.04529	0.00569	0.03510
1	0.04626	0.13578	0.02332	0.01692	0.06080	0.01832	0.08791	0.21760	0.06563	0.05092	0.06045	0.05171	0.01822	0.08042	0.01025	0.00262	0.03024	0.00760	0.00544	0.00960
2	0.06559	0.05863	0.01980	0.01503	0.01949	0.01654	0.08898	0.19252	0.17658	0.05788	0.08090	0.04876	0.06336	0.01240	0.04888	0.00279	0.00749	0.00833	0.00622	0.00981
3	0.11433	0.03918	0.01601	0.01412	0.04274	0.04845	0.01079	0.19310	0.01999	0.06687	0.08018	0.12899	0.02458	0.05330	0.00991	0.00266	0.05031	0.06981	0.00598	0.00868
4	0.11175	0.03889	0.04286	0.05057	0.07910	0.03799	0.01287	0.27838	0.02253	0.05534	0.05581	0.01822	0.01434	0.00770	0.00645	0.00195	0.00716	0.00597	0.00554	0.14658
5	0.04118	0.01524	0.01716	0.01776	0.12428	0.08350	0.01202	0.13145	0.08630	0.04439	0.11966	0.02841	0.02328	0.04164	0.06733	0.00306	0.00800	0.04375	0.00560	0.08598
6	0.04096	0.01415	0.06194	0.16482	0.22991	0.01376	0.05293	0.01864	0.04079	0.02121	0.05677	0.06670	0.01835	0.07258	0.09263	0.00372	0.00933	0.00805	0.00413	0.00863
7	0.01460	0.01371	0.01684	0.01787	0.12338	0.08503	0.04363	0.01813	0.05531	0.02082	0.06078	0.17835	0.02526	0.08507	0.01138	0.00273	0.05272	0.04638	0.00498	0.12303
8	0.21210	0.01481	0.01487	0.03716	0.01774	0.05686	0.01044	0.07084	0.18141	0.05104	0.08403	0.02365	0.01938	0.00908	0.00740	0.00220	0.04871	0.03156	0.00567	0.10106
9	0.01702	0.45015	0.32355	0.01562	0.02359	0.02324	0.01817	0.02184	0.01471	0.01921	0.01112	0.01295	0.00909	0.00638	0.00550	0.00183	0.00885	0.00442	0.00303	0.00973
10	0.01483	0.11877	0.63568	0.01937	0.02939	0.01787	0.02470	0.02241	0.01497	0.02189	0.01245	0.01462	0.00903	0.00669	0.00651	0.00217	0.01019	0.00510	0.00301	0.01037
11	0.02660	0.03394	0.02018	0.01834	0.02201	0.72116	0.01376	0.02843	0.02018	0.01743	0.01101	0.01284	0.00917	0.00734	0.00642	0.00183	0.01284	0.00459	0.00367	0.00825
12	0.01904	0.75404	0.03731	0.01218	0.01828	0.02818	0.01218	0.02132	0.01447	0.01675	0.00990	0.01142	0.00914	0.00609	0.00457	0.00152	0.00761	0.00381	0.00305	0.00914
13	0.03195	0.01212	0.01652	0.01267	0.01818	0.01047	0.01047	0.03470	0.02038	0.71026	0.02809	0.02424	0.01763	0.00881	0.00716	0.00220	0.00606	0.00716	0.00881	0.01212
14	0.02707	0.01995	0.02137	0.01638	0.02208	0.02208	0.01353	0.68159	0.03348	0.04488	0.01710	0.01710	0.01211	0.00855	0.00712	0.00214	0.00784	0.00641	0.00712	0.01211
15	0.00883	0.00723	0.00779	0.00765	0.00987	0.00619	0.00574	0.01102	0.01721	0.02156	0.22886	0.06471	0.54427	0.01717	0.00841	0.00236	0.00355	0.01449	0.00692	0.00619
16	0.03095	0.01351	0.05572	0.01310	0.01889	0.01081	0.01136	0.03402	0.02008	0.67156	0.02723	0.02372	0.01714	0.00870	0.00714	0.00221	0.00631	0.00705	0.00849	0.01203
17	0.01036	0.00690	0.00777	0.00777	0.00777	0.00690	0.00431	0.01036	0.01036	0.01381	0.02244	0.04660	0.02589	0.74975	0.03624	0.00690	0.00690	0.01036	0.00431	0.00431
18	0.05751	0.02001	0.02033	0.01602	0.02138	0.06052	0.01308	0.55351	0.09808	0.04130	0.01766	0.01758	0.01273	0.00851	0.00699	0.00215	0.00780	0.00637	0.00683	0.01163
19	0.01742	0.01671	0.02854	0.07676	0.67384	0.01687	0.02175	0.02168	0.01612	0.02302	0.01336	0.01769	0.01119	0.00638	0.00705	0.00213	0.00851	0.00634	0.00351	0.01112
20	0.01087	0.00776	0.01078	0.01242	0.01379	0.00767	0.01042	0.01370	0.01579	0.02063	0.03804	0.22465	0.04231	0.02024	0.00967	0.00319	0.00603	0.51907	0.00657	0.00639
21	0.01034	0.00693	0.00787	0.00784	0.00794	0.00689	0.00446	0.01054	0.01094	0.01468	0.06272	0.04699	0.02834	0.70614	0.03459	0.00663	0.00669	0.01050	0.00452	0.00446
22	0.01811	0.01534	0.01654	0.01443	0.01841	0.01756	0.01138	0.11297	0.51085	0.03006	0.02825	0.02673	0.05777	0.01002	0.00820	0.00238	0.04959	0.00801	0.00685	0.03657
23	0.01463	0.01432	0.02204	0.62220	0.11301	0.05704	0.01963	0.01916	0.01478	0.01866	0.01263	0.01849	0.00965	0.00705	0.00707	0.00232	0.00958	0.00623	0.00323	0.00827

[dist]
# distance from previous block
# <min> <max>
0	1

[block]
# block no. 6 follows, 29 sequences, length 14
# corresponding to MSA columns:
# 714-727
name=unknown_G
#
# <colnr> <probs for GDERKNQSTAVLIFYWHMCP>
#	G	D	E	R	K	N	Q	S	T	A	V	L	I	F	Y	W	H	M	C	P
0	0.01847	0.01853	0.02808	0.04130	0.64053	0.08370	0.02109	0.02248	0.01659	0.02271	0.01317	0.01717	0.01108	0.00644	0.00699	0.00209	0.00887	0.00618	0.00354	0.01099
1	0.08804	0.01276	0.02032	0.66405	0.04570	0.01583	0.01863	0.01845	0.01404	0.01950	0.01240	0.01828	0.00932	0.00707	0.00686	0.00236	0.00911	0.00609	0.00328	0.00789
2	0.03063	0.01241	0.01649	0.01284	0.01821	0.01114	0.01054	0.03499	0.08264	0.64723	0.02817	0.02445	0.01801	0.00889	0.00717	0.00222	0.00602	0.00724	0.00867	0.01204
3	0.02611	0.08623	0.02170	0.01752	0.02174	0.54316	0.01360	0.14493	0.02213	0.02229	0.01201	0.01350	0.00970	0.00746	0.00641	0.00186	0.01155	0.00485	0.00424	0.00901
4	0.01771	0.01530	0.01610	0.01449	0.01852	0.01771	0.01127	0.03784	0.69247	0.02979	0.02898	0.02657	0.02174	0.00966	0.00725	0.00242	0.00564	0.00805	0.00725	0.01127
5	0.41643	0.01322	0.01283	0.01142	0.01541	0.01455	0.00948	0.13273	0.01768	0.07658	0.06994	0.02883	0.01960	0.01003	0.00633	0.00239	0.00597	0.12230	0.00581	0.00847
6	0.66010	0.14642	0.01528	0.00987	0.01458	0.01816	0.00851	0.02100	0.01254	0.02923	0.00991	0.01154	0.00797	0.00652	0.00444	0.00208	0.00589	0.00385	0.00416	0.00797
7	0.02744	0.01935	0.02100	0.01610	0.02179	0.02120	0.01330	0.63271	0.03249	0.09516	0.01793	0.01764	0.01253	0.00857	0.00713	0.00214	0.00770	0.00647	0.00725	0.01211
8	0.01151	0.01028	0.03951	0.01110	0.01401	0.00910	0.00936	0.01682	0.11376	0.02208	0.06536	0.08946	0.26577	0.01600	0.00842	0.00259	0.00526	0.21659	0.00639	0.06663
9	0.04855	0.01778	0.01817	0.01444	0.01931	0.06419	0.01172	0.44028	0.02670	0.03670	0.01676	0.01812	0.01263	0.01148	0.06097	0.00268	0.00828	0.00611	0.07919	0.08596
10	0.02702	0.02148	0.02124	0.01660	0.02207	0.09876	0.01356	0.60995	0.03202	0.04187	0.01643	0.01663	0.01179	0.00842	0.00705	0.00210	0.00838	0.00621	0.00674	0.01169
11	0.07375	0.00922	0.01072	0.01047	0.01243	0.00923	0.00752	0.07768	0.04109	0.09747	0.03262	0.37023	0.07046	0.12860	0.01237	0.00326	0.00524	0.01400	0.00641	0.00721
12	0.01488	0.01111	0.01378	0.16352	0.02110	0.04169	0.01071	0.03514	0.09112	0.10483	0.13592	0.18368	0.11701	0.01336	0.00788	0.00242	0.00594	0.01158	0.00629	0.00803
13	0.02584	0.02270	0.02041	0.01656	0.02145	0.19931	0.01329	0.47122	0.02864	0.03602	0.01567	0.01673	0.01174	0.01119	0.05391	0.00267	0.00985	0.00603	0.00603	0.01075

[dist]
# distance from previous block
# <min> <max>
5	51

[block]
# block no. 7 follows, 29 sequences, length 14
# corresponding to MSA columns:
# 781-794
name=unknown_H
#
# <colnr> <probs for GDERKNQSTAVLIFYWHMCP>
#	G	D	E	R	K	N	Q	S	T	A	V	L	I	F	Y	W	H	M	C	P
0	0.13988	0.01234	0.01546	0.04133	0.13089	0.01259	0.01113	0.05841	0.04060	0.02617	0.15875	0.03092	0.06098	0.03929	0.00864	0.00232	0.03339	0.04236	0.00533	0.12923
1	0.01624	0.01313	0.01429	0.01168	0.01615	0.04407	0.00916	0.09136	0.09360	0.04970	0.03767	0.07405	0.05651	0.01257	0.06485	0.00251	0.00679	0.00735	0.04107	0.33724
2	0.10084	0.01942	0.01673	0.01413	0.01842	0.21676	0.01112	0.11820	0.04867	0.15541	0.02116	0.04615	0.06192	0.00911	0.00730	0.00206	0.03691	0.00673	0.00570	0.08325
3	0.08124	0.01104	0.01238	0.01138	0.01432	0.01138	0.00862	0.10627	0.12623	0.11874	0.03417	0.25764	0.11356	0.04850	0.00906	0.00269	0.00529	0.01222	0.00679	0.00847
4	0.07855	0.11355	0.02862	0.05379	0.04480	0.05037	0.23985	0.02217	0.01549	0.07854	0.01350	0.01667	0.01058	0.00710	0.00870	0.00213	0.09639	0.00622	0.00402	0.10896
5	0.11609	0.01671	0.02070	0.44317	0.11966	0.12865	0.01753	0.02062	0.01516	0.02043	0.01213	0.01690	0.00943	0.00700	0.00665	0.00223	0.00940	0.00574	0.00345	0.00835
6	0.02141	0.02411	0.02033	0.02114	0.12958	0.35232	0.01434	0.02787	0.17344	0.02165	0.04492	0.01874	0.01490	0.00849	0.00834	0.00215	0.07618	0.00617	0.00460	0.00932
7	0.01537	0.12975	0.01889	0.01343	0.01716	0.01361	0.07088	0.02109	0.13072	0.07510	0.04399	0.12669	0.08109	0.03249	0.00840	0.00250	0.00634	0.12846	0.00585	0.05820
8	0.02435	0.01749	0.01885	0.01472	0.01988	0.01890	0.01207	0.53984	0.03003	0.07627	0.02647	0.02569	0.12268	0.01008	0.00733	0.00218	0.00707	0.00783	0.00713	0.01114
9	0.01787	0.01547	0.01395	0.01258	0.01558	0.15287	0.00951	0.08060	0.14914	0.07619	0.14540	0.08732	0.08159	0.06848	0.00965	0.00258	0.00663	0.00960	0.03652	0.00846
10	0.13066	0.02113	0.01839	0.01556	0.01978	0.20489	0.01237	0.21190	0.13269	0.07835	0.01660	0.01715	0.01248	0.00848	0.00792	0.00220	0.06791	0.00589	0.00565	0.01000
11	0.15055	0.01896	0.01963	0.01526	0.02075	0.02111	0.01260	0.57605	0.03007	0.04281	0.01595	0.01621	0.01141	0.00824	0.00669	0.00215	0.00746	0.00600	0.00669	0.01141
12	0.00884	0.00675	0.00813	0.00881	0.01014	0.00603	0.00622	0.01067	0.01573	0.02045	0.17225	0.38452	0.27696	0.01941	0.00873	0.00260	0.00381	0.01709	0.00684	0.00603
13	0.02495	0.01824	0.02090	0.01594	0.02168	0.01934	0.04287	0.49257	0.06435	0.08617	0.01782	0.01790	0.01275	0.00811	0.00697	0.00204	0.00748	0.00637	0.00673	0.10683

[dist]
# distance from previous block
# <min> <max>
4	6

[block]
# block no. 8 follows, 29 sequences, length 14
# corresponding to MSA columns:
# 801-814
name=unknown_I
#
# <colnr> <probs for GDERKNQSTAVLIFYWHMCP>
#	G	D	E	R	K	N	Q	S	T	A	V	L	I	F	Y	W	H	M	C	P
0	0.02707	0.01995	0.02137	0.01638	0.02208	0.02208	0.01353	0.68159	0.03348	0.04488	0.01710	0.01710	0.01211	0.00855	0.00712	0.00214	0.00784	0.00641	0.00712	0.01211
1	0.01477	0.01266	0.01477	0.01055	0.01687	0.00949	0.00844	0.01793	0.01477	0.02320	0.01266	0.01477	0.01055	0.00527	0.00527	0.00105	0.00527	0.00422	0.00422	0.79328
2	0.01199	0.01223	0.00991	0.00973	0.01224	0.14020	0.00734	0.01385	0.01686	0.01895	0.05736	0.09061	0.50771	0.01631	0.00815	0.00237	0.00551	0.04617	0.00606	0.00645
3	0.01345	0.01266	0.02136	0.73264	0.04904	0.01582	0.01978	0.01819	0.01424	0.01819	0.01266	0.01898	0.00949	0.00712	0.00712	0.00237	0.00949	0.00633	0.00316	0.00791
4	0.01963	0.01437	0.01592	0.01369	0.01778	0.01570	0.01089	0.16566	0.35183	0.10392	0.10667	0.03137	0.05318	0.01066	0.00750	0.00235	0.00583	0.03504	0.00740	0.01060
5	0.20614	0.01329	0.01599	0.01295	0.01735	0.01379	0.04147	0.08323	0.05112	0.28340	0.05889	0.02496	0.07260	0.00951	0.00797	0.00230	0.06128	0.00729	0.00665	0.00982
6	0.02707	0.01995	0.02137	0.01638	0.02208	0.02208	0.01353	0.68159	0.03348	0.04488	0.01710	0.01710	0.01211	0.00855	0.00712	0.00214	0.00784	0.00641	0.00712	0.01211
7	0.01503	0.01351	0.01834	0.01310	0.01954	0.01061	0.09637	0.01857	0.01503	0.02315	0.01289	0.01535	0.01058	0.00537	0.00568	0.00123	0.00616	0.00477	0.00414	0.69058
8	0.31817	0.01449	0.01438	0.01199	0.01664	0.04741	0.00972	0.08279	0.08940	0.25617	0.05707	0.02018	0.01622	0.00830	0.00616	0.00220	0.00612	0.00614	0.00655	0.00988
9	0.01479	0.01403	0.02378	0.51129	0.25990	0.01617	0.02044	0.01937	0.01487	0.01982	0.01289	0.01855	0.01007	0.00687	0.00710	0.00229	0.00916	0.00633	0.00328	0.00899
10	0.02157	0.01775	0.01902	0.01500	0.02037	0.12501	0.06227	0.10593	0.13565	0.13823	0.01840	0.01866	0.01362	0.00738	0.00656	0.00183	0.00748	0.00600	0.00571	0.25356
11	0.01521	0.01333	0.01945	0.52315	0.03960	0.04397	0.01699	0.05349	0.04875	0.05075	0.01711	0.09600	0.01455	0.00901	0.00731	0.00239	0.00864	0.00785	0.00420	0.00827
12	0.02577	0.01917	0.02067	0.01577	0.02153	0.02075	0.01300	0.61143	0.03150	0.04259	0.01663	0.01685	0.01194	0.00820	0.00693	0.00202	0.00756	0.00618	0.00682	0.09469
13	0.12635	0.01662	0.01517	0.01330	0.01693	0.14851	0.01030	0.17118	0.02057	0.13471	0.05714	0.19319	0.02304	0.01171	0.00717	0.00228	0.00708	0.00949	0.00627	0.00899

[dist]
# distance from previous block
# <min> <max>
4	5

[block]
# block no. 9 follows, 29 sequences, length 9
# corresponding to MSA columns:
# 821-829
name=unknown_J
#
# <colnr> <probs for GDERKNQSTAVLIFYWHMCP>
#	G	D	E	R	K	N	Q	S	T	A	V	L	I	F	Y	W	H	M	C	P
0	0.09523	0.01826	0.01677	0.01467	0.01860	0.12926	0.01149	0.16617	0.29861	0.03000	0.04061	0.06948	0.01898	0.00983	0.00744	0.00229	0.02839	0.00765	0.00623	0.01003
1	0.01776	0.01485	0.01734	0.01522	0.01751	0.10403	0.03922	0.02185	0.08492	0.11503	0.01958	0.09039	0.01733	0.01921	0.14530	0.00421	0.20723	0.00805	0.03258	0.00838
2	0.01793	0.01359	0.02068	0.53249	0.04098	0.01594	0.01761	0.11238	0.01776	0.11894	0.01544	0.01946	0.01100	0.00755	0.00713	0.00232	0.00878	0.00646	0.00450	0.00908
3	0.01124	0.00884	0.00996	0.01036	0.01161	0.04973	0.00744	0.01297	0.01523	0.04396	0.13141	0.37632	0.12558	0.06923	0.02981	0.00317	0.03102	0.03947	0.00633	0.00633
4	0.02364	0.01831	0.02043	0.01598	0.02086	0.02048	0.01315	0.48214	0.06785	0.03788	0.01627	0.01721	0.01214	0.00882	0.00919	0.00218	0.10838	0.00626	0.00627	0.09257
5	0.01748	0.01433	0.02030	0.41506	0.07785	0.01668	0.01663	0.20315	0.01980	0.02681	0.01504	0.01916	0.01124	0.00759	0.00689	0.00222	0.00833	0.00638	0.08592	0.00916
6	0.01654	0.43127	0.14037	0.01396	0.01930	0.02243	0.01418	0.01984	0.01485	0.01938	0.10607	0.01837	0.01719	0.00827	0.00809	0.00196	0.10974	0.00564	0.00371	0.00884
7	0.01308	0.01106	0.01138	0.01081	0.01321	0.06100	0.00796	0.07432	0.05848	0.02204	0.06188	0.26219	0.15907	0.08492	0.01064	0.00280	0.00553	0.03497	0.00606	0.08861
8	0.05146	0.12162	0.02206	0.11582	0.02423	0.12645	0.01353	0.29261	0.08581	0.03022	0.01556	0.01755	0.01206	0.03153	0.00750	0.00222	0.00847	0.00595	0.00530	0.01004

[dist]
# distance from previous block
# <min> <max>
10	30

[block]
# block no. 10 follows, 29 sequences, length 10
# corresponding to MSA columns:
# 860-869
name=unknown_K
#
# <colnr> <probs for GDERKNQSTAVLIFYWHMCP>
#	G	D	E	R	K	N	Q	S	T	A	V	L	I	F	Y	W	H	M	C	P
0	0.07580	0.21382	0.39019	0.01717	0.02512	0.12278	0.01955	0.02299	0.01543	0.02105	0.01159	0.01355	0.00897	0.00667	0.00599	0.00201	0.00976	0.00469	0.00322	0.00964
1	0.01978	0.01637	0.01840	0.01524	0.01962	0.04934	0.05635	0.27818	0.20246	0.03277	0.06861	0.03161	0.09307	0.01076	0.00761	0.00233	0.00695	0.05365	0.00671	0.01018
2	0.01028	0.00721	0.00933	0.00933	0.00987	0.00775	0.00627	0.01136	0.01082	0.01497	0.02100	0.03867	0.02245	0.45332	0.32796	0.00884	0.01208	0.00919	0.00410	0.00518
3	0.00864	0.00635	0.00811	0.00952	0.01022	0.00582	0.00643	0.00996	0.01402	0.01833	0.04408	0.64558	0.14350	0.02168	0.00899	0.00282	0.00405	0.01948	0.00661	0.00582
4	0.01904	0.75404	0.03731	0.01218	0.01828	0.02818	0.01218	0.02132	0.01447	0.01675	0.00990	0.01142	0.00914	0.00609	0.00457	0.00152	0.00761	0.00381	0.00305	0.00914
5	0.08308	0.01723	0.01718	0.01436	0.01891	0.06511	0.01147	0.26916	0.25486	0.07150	0.05198	0.02401	0.05083	0.00942	0.00702	0.00224	0.00675	0.00738	0.00682	0.01070
6	0.01683	0.01884	0.03634	0.06400	0.03382	0.04861	0.49620	0.02178	0.01575	0.02131	0.01325	0.01827	0.01040	0.00729	0.01097	0.00251	0.14349	0.00774	0.00349	0.00913
7	0.01678	0.01271	0.01611	0.01350	0.01710	0.03530	0.06261	0.10767	0.09635	0.08974	0.10857	0.05029	0.04244	0.06837	0.13244	0.00408	0.00871	0.02583	0.00590	0.08550
8	0.09570	0.01446	0.02298	0.07887	0.26343	0.01464	0.10463	0.04799	0.01637	0.07924	0.01986	0.02462	0.05953	0.01172	0.06387	0.00297	0.00885	0.03419	0.00455	0.03153
9	0.08284	0.01930	0.02350	0.04324	0.04516	0.14746	0.15301	0.11791	0.05117	0.07106	0.01583	0.04751	0.01291	0.00996	0.02974	0.00259	0.10572	0.00700	0.00476	0.00932

[dist]
# distance from previous block
# <min> <max>
0	20

[block]
# block no. 11 follows, 29 sequences, length 18
# corresponding to MSA columns:
# 890-907
name=unknown_L
#
# <colnr> <probs for GDERKNQSTAVLIFYWHMCP>
#	G	D	E	R	K	N	Q	S	T	A	V	L	I	F	Y	W	H	M	C	P
0	0.09827	0.01385	0.01985	0.33308	0.16706	0.03945	0.01652	0.02091	0.04359	0.06450	0.05245	0.02439	0.01589	0.00839	0.00706	0.00233	0.00809	0.05116	0.00438	0.00881
1	0.04745	0.01300	0.01425	0.01275	0.01531	0.11376	0.04485	0.01816	0.01530	0.10087	0.07824	0.10907	0.06361	0.09098	0.17899	0.00486	0.03257	0.00938	0.00523	0.03136
2	0.29100	0.01760	0.01802	0.06296	0.13415	0.09475	0.01305	0.15795	0.05753	0.04849	0.01458	0.01736	0.01144	0.00766	0.00618	0.00219	0.00758	0.02295	0.00500	0.00957
3	0.01522	0.01535	0.02407	0.01981	0.02114	0.01983	0.12494	0.01761	0.01194	0.01801	0.01121	0.01748	0.01048	0.01569	0.09414	0.00387	0.54128	0.00674	0.00327	0.00794
4	0.01621	0.01548	0.02635	0.27664	0.48344	0.01655	0.02115	0.02062	0.01555	0.02155	0.01314	0.01808	0.01067	0.00661	0.00707	0.00220	0.00881	0.00634	0.00340	0.01014
5	0.01646	0.01573	0.02680	0.23533	0.52279	0.01661	0.02128	0.02084	0.01566	0.02185	0.01319	0.01800	0.01078	0.00656	0.00707	0.00219	0.00875	0.00634	0.00342	0.01034
6	0.01824	0.01809	0.02830	0.04197	0.65844	0.06525	0.02130	0.02230	0.01649	0.02286	0.01323	0.01730	0.01113	0.00641	0.00701	0.00210	0.00876	0.00622	0.00353	0.01107
7	0.01713	0.01956	0.03967	0.02872	0.03526	0.04752	0.60436	0.02264	0.01653	0.02218	0.01390	0.01868	0.01063	0.00652	0.00939	0.00243	0.06380	0.00809	0.00357	0.00942
8	0.01572	0.25331	0.50895	0.01785	0.02703	0.02005	0.02205	0.02218	0.01486	0.02080	0.01191	0.01394	0.00906	0.00656	0.00610	0.00203	0.00965	0.00482	0.00302	0.01011
9	0.13122	0.01911	0.01990	0.01544	0.02096	0.02126	0.01275	0.59257	0.03060	0.04313	0.01613	0.01635	0.01152	0.00829	0.00676	0.00215	0.00752	0.00607	0.00676	0.01152
10	0.00950	0.00778	0.00834	0.00827	0.01051	0.00702	0.00625	0.01263	0.05916	0.02078	0.13598	0.06359	0.50638	0.05971	0.01004	0.00270	0.00408	0.05426	0.00666	0.00636
11	0.02365	0.01711	0.01841	0.01443	0.01939	0.01851	0.01177	0.52163	0.02896	0.03990	0.01860	0.04948	0.01434	0.00890	0.00680	0.00204	0.00691	0.00690	0.11231	0.05997
12	0.01736	0.50030	0.27631	0.01505	0.02271	0.02406	0.01718	0.02176	0.01467	0.01880	0.01092	0.01270	0.00910	0.00633	0.00535	0.00178	0.00864	0.00432	0.00303	0.00963
13	0.01546	0.01086	0.01248	0.01155	0.01455	0.01109	0.00900	0.09002	0.17526	0.09832	0.09485	0.16040	0.18101	0.01469	0.00811	0.00250	0.00511	0.06902	0.00714	0.00858
14	0.01665	0.01463	0.02246	0.19754	0.02825	0.04033	0.11286	0.04695	0.01487	0.08052	0.01527	0.05033	0.01295	0.01427	0.08767	0.00353	0.22102	0.00736	0.00411	0.00843
15	0.13350	0.01434	0.02302	0.40304	0.20692	0.01627	0.06374	0.01984	0.01459	0.02185	0.01255	0.01754	0.00976	0.00677	0.00678	0.00228	0.00880	0.00610	0.00347	0.00884
16	0.01341	0.01290	0.01447	0.01261	0.01572	0.09494	0.06752	0.01688	0.05853	0.02057	0.06915	0.16897	0.18034	0.04502	0.03119	0.00269	0.02512	0.01123	0.00544	0.13330
17	0.01593	0.01444	0.02240	0.01804	0.02162	0.03971	0.18578	0.13414	0.01699	0.02325	0.01637	0.02215	0.01393	0.02792	0.32323	0.00638	0.07763	0.00739	0.00428	0.00841

[dist]
# distance from previous block
# <min> <max>
5	42

[block]
# block no. 12 follows, 29 sequences, length 17
# corresponding to MSA columns:
# 955-971
name=unknown_M
#
# <colnr> <probs for GDERKNQSTAVLIFYWHMCP>
#	G	D	E	R	K	N	Q	S	T	A	V	L	I	F	Y	W	H	M	C	P
0	0.02707	0.01995	0.02137	0.01638	0.02208	0.02208	0.01353	0.68159	0.03348	0.04488	0.01710	0.01710	0.01211	0.00855	0.00712	0.00214	0.00784	0.00641	0.00712	0.01211
1	0.02482	0.01709	0.01879	0.01527	0.01938	0.08349	0.01241	0.22791	0.06931	0.23374	0.06141	0.02144	0.01706	0.00963	0.00993	0.00232	0.13176	0.00694	0.00667	0.01062
2	0.02485	0.01426	0.01682	0.01334	0.01810	0.01445	0.01085	0.27508	0.06027	0.28443	0.13386	0.02818	0.05271	0.01007	0.00740	0.00220	0.00617	0.00817	0.00784	0.01095
3	0.02707	0.01995	0.02137	0.01638	0.02208	0.02208	0.01353	0.68159	0.03348	0.04488	0.01710	0.01710	0.01211	0.00855	0.00712	0.00214	0.00784	0.00641	0.00712	0.01211
4	0.01872	0.01742	0.01656	0.01493	0.01891	0.09769	0.01155	0.03677	0.61604	0.02838	0.02694	0.02501	0.02031	0.00940	0.00715	0.00235	0.00645	0.00766	0.00684	0.01093
5	0.01616	0.01348	0.01552	0.01121	0.01747	0.01092	0.00902	0.09338	0.01689	0.02567	0.01316	0.01503	0.01072	0.00565	0.00548	0.00118	0.00556	0.00447	0.00455	0.70447
6	0.08826	0.01816	0.01687	0.01389	0.01829	0.11742	0.01113	0.33155	0.06608	0.07021	0.01812	0.01881	0.01339	0.00825	0.00639	0.00203	0.00725	0.00612	0.15769	0.01009
7	0.01431	0.00891	0.01064	0.00988	0.01221	0.00867	0.00736	0.01922	0.11473	0.12351	0.22546	0.12705	0.11465	0.08917	0.01069	0.00278	0.00456	0.01167	0.07683	0.00771
8	0.10332	0.05518	0.01373	0.01147	0.01425	0.01236	0.00892	0.09408	0.08838	0.08364	0.05696	0.17407	0.02702	0.11398	0.05520	0.00360	0.00669	0.06311	0.00604	0.00799
9	0.01796	0.47465	0.25819	0.01510	0.02262	0.02399	0.01690	0.06119	0.01579	0.02034	0.01128	0.01295	0.00928	0.00646	0.00544	0.00180	0.00858	0.00444	0.00328	0.00977
10	0.01589	0.01236	0.01412	0.01399	0.05741	0.03749	0.00997	0.10695	0.17326	0.06569	0.13652	0.18292	0.09340	0.01470	0.02966	0.00267	0.00593	0.01149	0.00676	0.00883
11	0.12178	0.01915	0.01719	0.01462	0.01888	0.17336	0.01159	0.17247	0.13439	0.10927	0.01800	0.01878	0.01358	0.01234	0.07202	0.00297	0.02686	0.00609	0.00575	0.03089
12	0.11146	0.01748	0.01935	0.01614	0.01957	0.14501	0.11117	0.10790	0.03814	0.05044	0.01834	0.11758	0.01736	0.09425	0.01202	0.00288	0.07922	0.00844	0.00493	0.00832
13	0.06276	0.01073	0.01226	0.01129	0.01455	0.03148	0.00902	0.04256	0.04291	0.13947	0.03522	0.13475	0.14827	0.01586	0.04111	0.00283	0.00620	0.13510	0.00639	0.09724
14	0.16606	0.02329	0.01873	0.01609	0.02016	0.31531	0.05035	0.11358	0.08302	0.02535	0.01709	0.01829	0.05202	0.00839	0.00725	0.00212	0.04334	0.00594	0.00475	0.00888
15	0.01719	0.01598	0.01663	0.01430	0.01737	0.13748	0.06411	0.12755	0.07846	0.02453	0.09972	0.09473	0.04820	0.13299	0.01276	0.00304	0.02759	0.03058	0.00558	0.03123
16	0.12272	0.03925	0.05735	0.01194	0.01647	0.01367	0.01019	0.12243	0.10642	0.02834	0.12313	0.02804	0.09051	0.01223	0.04988	0.00259	0.00654	0.00764	0.00573	0.14495

[dist]
# distance from previous block
# <min> <max>
8	37

[block]
# block no. 13 follows, 29 sequences, length 12
# corresponding to MSA columns:
# 1013-1024
name=unknown_N
#
# <colnr> <probs for GDERKNQSTAVLIFYWHMCP>
#	G	D	E	R	K	N	Q	S	T	A	V	L	I	F	Y	W	H	M	C	P
0	0.05458	0.11042	0.02162	0.01530	0.01955	0.10050	0.05340	0.27896	0.02195	0.02877	0.01779	0.02143	0.04650	0.07619	0.05119	0.00307	0.05759	0.00672	0.00515	0.00934
1	0.01847	0.05601	0.09356	0.01486	0.01855	0.16058	0.01268	0.11686	0.07110	0.04366	0.05823	0.10583	0.02089	0.08445	0.01151	0.00276	0.07209	0.02414	0.00515	0.00861
2	0.01853	0.09862	0.25973	0.01709	0.02411	0.01855	0.05944	0.22275	0.08026	0.02906	0.02124	0.02190	0.08029	0.00857	0.00696	0.00218	0.00839	0.00688	0.00503	0.01042
3	0.02507	0.13624	0.02244	0.01641	0.02078	0.38050	0.01313	0.12434	0.05740	0.08565	0.01421	0.01516	0.01107	0.00781	0.00709	0.00195	0.04133	0.00523	0.00473	0.00945
4	0.02030	0.26685	0.24582	0.01666	0.02360	0.16410	0.01720	0.12520	0.01874	0.02308	0.01215	0.01373	0.00957	0.00694	0.00604	0.00191	0.00963	0.00483	0.00379	0.00986
5	0.10004	0.01338	0.11926	0.01177	0.01564	0.00991	0.01081	0.01860	0.01609	0.14680	0.10030	0.12661	0.12379	0.05947	0.00950	0.00276	0.00596	0.09514	0.00619	0.00801
6	0.01214	0.00857	0.01065	0.01049	0.01248	0.00826	0.00777	0.03117	0.06111	0.05865	0.07859	0.28106	0.09446	0.08703	0.08188	0.00380	0.00636	0.06352	0.00617	0.07583
7	0.06844	0.15000	0.12569	0.01209	0.01643	0.01425	0.01128	0.05969	0.03339	0.07772	0.02604	0.10986	0.09680	0.13557	0.01178	0.00301	0.00677	0.02797	0.00509	0.00813
8	0.04686	0.17359	0.50917	0.01818	0.02715	0.06582	0.02203	0.02264	0.01515	0.02146	0.01199	0.01406	0.00900	0.00667	0.00623	0.00208	0.00992	0.00488	0.00311	0.01000
9	0.01628	0.15256	0.07232	0.01616	0.02073	0.04577	0.15160	0.02139	0.09135	0.05963	0.02078	0.11665	0.01966	0.11044	0.01115	0.00287	0.00802	0.03169	0.00477	0.02618
10	0.10211	0.02118	0.11417	0.01541	0.02120	0.07963	0.01381	0.34770	0.02446	0.06777	0.01672	0.05764	0.01313	0.00856	0.00672	0.00210	0.00792	0.00650	0.00582	0.06746
11	0.01891	0.26529	0.16129	0.05388	0.02242	0.01909	0.03398	0.06379	0.03576	0.12305	0.01733	0.08874	0.01477	0.00885	0.00721	0.00211	0.04232	0.00689	0.00465	0.00965

[dist]
# distance from previous block
# <min> <max>
6	19

[block]
# block no. 14 follows, 29 sequences, length 6
# corresponding to MSA columns:
# 1047-1052
name=unknown_O
#
# <colnr> <probs for GDERKNQSTAVLIFYWHMCP>
#	G	D	E	R	K	N	Q	S	T	A	V	L	I	F	Y	W	H	M	C	P
