[name]
unknown

[dist]
# distance from previous block
# <min> <max>
22	70

[block]
# block no. 0 follows, 33 sequences, length 6
# corresponding to MSA columns:
# 87-92
name=unknown_A
#
# <colnr> <probs for GDERKNQSTAVLIFYWHMCP>
#	G	D	E	R	K	N	Q	S	T	A	V	L	I	F	Y	W	H	M	C	P
0	0.08932	0.23702	0.10171	0.04238	0.08226	0.08919	0.05902	0.04628	0.01535	0.11402	0.01419	0.05649	0.01172	0.00716	0.00576	0.00187	0.00767	0.00566	0.00408	0.00884
1	0.03527	0.01622	0.17163	0.04928	0.02071	0.01185	0.08321	0.02119	0.05633	0.17732	0.06157	0.05387	0.07410	0.03121	0.00801	0.00219	0.03383	0.00749	0.00508	0.07964
2	0.01119	0.00794	0.00924	0.04617	0.01236	0.00735	0.00683	0.05672	0.01613	0.08294	0.09571	0.16650	0.42592	0.01526	0.00764	0.00225	0.00413	0.01297	0.00624	0.00652
3	0.09205	0.14371	0.02253	0.01834	0.12574	0.15983	0.05178	0.15523	0.04350	0.10607	0.01392	0.01497	0.01057	0.00677	0.00591	0.00186	0.00797	0.00522	0.00461	0.00941
4	0.11356	0.06713	0.05001	0.08245	0.10288	0.15286	0.06343	0.17390	0.01848	0.04365	0.01403	0.06268	0.01174	0.00757	0.00620	0.00198	0.00816	0.00609	0.00437	0.00884
5	0.00958	0.00662	0.00860	0.00930	0.01000	0.00650	0.00641	0.01080	0.01282	0.05000	0.06586	0.53389	0.07761	0.10587	0.01187	0.00303	0.04396	0.01582	0.00584	0.00561

[dist]
# distance from previous block
# <min> <max>
0	4

[block]
# block no. 1 follows, 33 sequences, length 8
# corresponding to MSA columns:
# 97-104
name=unknown_B
#
# <colnr> <probs for GDERKNQSTAVLIFYWHMCP>
#	G	D	E	R	K	N	Q	S	T	A	V	L	I	F	Y	W	H	M	C	P
0	0.01536	0.01220	0.01464	0.01245	0.06275	0.01061	0.00903	0.09224	0.05079	0.05302	0.01519	0.04972	0.01312	0.05415	0.00728	0.00167	0.00542	0.00555	0.00457	0.51024
1	0.01009	0.01008	0.08923	0.01115	0.05579	0.00780	0.00823	0.01199	0.01260	0.01711	0.10791	0.12831	0.08965	0.35116	0.01918	0.00413	0.00587	0.04926	0.00475	0.00570
2	0.01088	0.00860	0.01026	0.01197	0.09257	0.03892	0.00700	0.01190	0.01181	0.01546	0.05078	0.08732	0.06081	0.47905	0.02356	0.00482	0.00632	0.05828	0.00439	0.00530
3	0.09127	0.15167	0.02632	0.09786	0.21956	0.04493	0.14000	0.04512	0.04555	0.02118	0.01340	0.01632	0.02593	0.00650	0.00652	0.00197	0.02769	0.00576	0.00356	0.00889
4	0.01590	0.08296	0.23182	0.04583	0.09147	0.11531	0.08402	0.02212	0.09628	0.02008	0.01342	0.01585	0.01055	0.00846	0.03779	0.00233	0.04186	0.00546	0.00353	0.05496
5	0.07076	0.07186	0.04714	0.01456	0.07325	0.04779	0.01115	0.21339	0.12373	0.04607	0.05449	0.07581	0.07260	0.00934	0.00641	0.00202	0.00619	0.00754	0.03686	0.00903
6	0.04984	0.11761	0.04871	0.01423	0.03422	0.06630	0.07091	0.18161	0.03769	0.12921	0.05056	0.04017	0.06967	0.05085	0.00791	0.00221	0.00701	0.00702	0.00532	0.00894
7	0.07029	0.05397	0.07142	0.03517	0.10247	0.05642	0.01241	0.12392	0.09307	0.07670	0.03757	0.05638	0.05323	0.01041	0.03932	0.00240	0.04370	0.00682	0.00491	0.04940

[dist]
# distance from previous block
# <min> <max>
1	10

[block]
# block no. 2 follows, 33 sequences, length 22
# corresponding to MSA columns:
# 115-136
name=unknown_C
#
# <colnr> <probs for GDERKNQSTAVLIFYWHMCP>
#	G	D	E	R	K	N	Q	S	T	A	V	L	I	F	Y	W	H	M	C	P
0	0.05552	0.01642	0.09929	0.05013	0.11122	0.06610	0.04626	0.10860	0.08241	0.06736	0.09240	0.04069	0.01916	0.06527	0.00864	0.00237	0.00712	0.02514	0.00493	0.03095
1	0.03286	0.04582	0.04328	0.10325	0.05701	0.01140	0.01036	0.05662	0.08442	0.09084	0.04503	0.06534	0.20258	0.03540	0.04633	0.00265	0.00629	0.00879	0.00523	0.04653
2	0.01964	0.03872	0.01755	0.01648	0.09312	0.13042	0.01172	0.13328	0.26697	0.09385	0.02061	0.07284	0.01655	0.00867	0.00654	0.00203	0.00684	0.00706	0.00570	0.03142
3	0.05083	0.01596	0.02013	0.11572	0.27499	0.09279	0.01497	0.09352	0.10867	0.08728	0.01648	0.05124	0.01325	0.00755	0.00649	0.00204	0.00748	0.00646	0.00463	0.00952
4	0.01711	0.05183	0.15202	0.01878	0.13080	0.01459	0.06416	0.12827	0.08285	0.09126	0.07719	0.06327	0.01778	0.00817	0.00662	0.00201	0.00704	0.00709	0.00499	0.05417
5	0.01449	0.01748	0.13671	0.32709	0.31437	0.03871	0.01984	0.01912	0.01419	0.01931	0.01194	0.01628	0.00936	0.00625	0.00648	0.00207	0.00865	0.00565	0.00305	0.00895
6	0.13919	0.05767	0.06327	0.13380	0.20571	0.01595	0.20526	0.03654	0.01445	0.02191	0.01274	0.04119	0.01048	0.00649	0.00642	0.00208	0.00835	0.00629	0.00349	0.00872
7	0.01739	0.06578	0.28294	0.02057	0.16102	0.07710	0.01758	0.05866	0.04672	0.10015	0.05695	0.01765	0.01356	0.00718	0.00675	0.00200	0.02847	0.00574	0.00416	0.00960
8	0.01036	0.00865	0.01115	0.01109	0.01225	0.05128	0.00853	0.01249	0.01126	0.01553	0.01893	0.10906	0.01874	0.04189	0.58297	0.00881	0.04909	0.00817	0.00379	0.00598
9	0.00910	0.00744	0.01020	0.04344	0.01284	0.00709	0.04730	0.01179	0.04789	0.01860	0.09669	0.40889	0.21997	0.01693	0.00799	0.00244	0.00435	0.01513	0.00592	0.00601
10	0.01868	0.18029	0.10999	0.11231	0.10013	0.11368	0.04247	0.14540	0.01779	0.05439	0.01330	0.03884	0.01075	0.00701	0.00606	0.00189	0.00834	0.00557	0.00400	0.00910
11	0.09691	0.01626	0.13472	0.14588	0.21003	0.03339	0.01567	0.02037	0.01498	0.12390	0.07544	0.05289	0.01616	0.00774	0.00643	0.00207	0.00723	0.00663	0.00438	0.00890
12	0.01629	0.01564	0.02672	0.04041	0.72757	0.01564	0.02020	0.02020	0.01499	0.02151	0.01238	0.01629	0.01043	0.00587	0.00652	0.00196	0.00782	0.00587	0.00326	0.01043
13	0.00896	0.00742	0.00817	0.00886	0.01005	0.04209	0.00625	0.01050	0.01395	0.01774	0.09837	0.43098	0.23314	0.01985	0.04900	0.00289	0.00479	0.01544	0.00593	0.00562
14	0.04431	0.10842	0.03508	0.07532	0.05660	0.03231	0.01135	0.10298	0.01649	0.14875	0.01563	0.05926	0.01265	0.00745	0.00653	0.00176	0.04022	0.00582	0.00478	0.21430
15	0.01595	0.04634	0.01485	0.01503	0.12509	0.09617	0.00990	0.03388	0.03942	0.13095	0.17154	0.06909	0.15192	0.04105	0.00802	0.00221	0.00580	0.00918	0.00569	0.00791
16	0.00936	0.00701	0.00872	0.00837	0.01004	0.00655	0.00624	0.01288	0.05140	0.02461	0.55264	0.09987	0.14925	0.01418	0.00776	0.00214	0.00329	0.01244	0.00699	0.00627
17	0.09173	0.01473	0.05707	0.29324	0.31231	0.01507	0.03608	0.04211	0.01447	0.02111	0.01351	0.01748	0.03012	0.00654	0.00636	0.00207	0.00794	0.00587	0.00339	0.00879
18	0.01872	0.03674	0.10639	0.05493	0.18849	0.09689	0.07662	0.16489	0.03759	0.05901	0.01437	0.03470	0.01130	0.00694	0.00644	0.00193	0.00821	0.00596	0.00434	0.06555
19	0.01015	0.00721	0.00893	0.02778	0.01135	0.00687	0.00676	0.05138	0.01482	0.05088	0.07724	0.42225	0.21321	0.01875	0.03776	0.00277	0.00462	0.01504	0.00610	0.00612
20	0.00947	0.00641	0.00724	0.00721	0.00740	0.00633	0.00416	0.00972	0.01032	0.01373	0.06007	0.04441	0.06063	0.69165	0.03088	0.00595	0.00606	0.00991	0.00427	0.00418
21	0.49430	0.01367	0.01456	0.02999	0.05046	0.03871	0.06942	0.02047	0.01302	0.08700	0.01153	0.01315	0.00873	0.00611	0.00495	0.00191	0.00608	0.00442	0.00425	0.10726

[dist]
# distance from previous block
# <min> <max>
1	3

[block]
# block no. 3 follows, 33 sequences, length 11
# corresponding to MSA columns:
# 140-150
name=unknown_D
#
# <colnr> <probs for GDERKNQSTAVLIFYWHMCP>
#	G	D	E	R	K	N	Q	S	T	A	V	L	I	F	Y	W	H	M	C	P
0	0.03555	0.05933	0.23895	0.07577	0.08034	0.10049	0.04537	0.04515	0.11221	0.02165	0.01554	0.01727	0.03128	0.00690	0.00615	0.00193	0.00814	0.00559	0.02327	0.06912
1	0.12625	0.14304	0.04002	0.01334	0.01691	0.29034	0.01100	0.05150	0.01558	0.01947	0.04607	0.01609	0.01243	0.01454	0.13683	0.00334	0.02698	0.00503	0.00372	0.00753
2	0.06111	0.01515	0.08050	0.02999	0.05332	0.01264	0.04277	0.14922	0.01737	0.05344	0.02986	0.01865	0.01267	0.00678	0.00588	0.00163	0.00633	0.04091	0.00460	0.35717
3	0.24067	0.08445	0.11634	0.01214	0.01758	0.07053	0.01127	0.04963	0.04266	0.16400	0.01424	0.01470	0.01037	0.00655	0.00535	0.00182	0.00660	0.00469	0.00471	0.12170
4	0.01029	0.00684	0.00933	0.00942	0.01034	0.00724	0.00672	0.01177	0.01114	0.05424	0.02253	0.17208	0.02372	0.24187	0.36392	0.00743	0.01119	0.00997	0.00440	0.00554
5	0.00816	0.00609	0.00750	0.00838	0.00932	0.00553	0.00576	0.00959	0.01369	0.01787	0.11459	0.48889	0.21073	0.05024	0.00924	0.00266	0.00373	0.01645	0.00614	0.00543
6	0.08577	0.01894	0.01819	0.01586	0.06608	0.15202	0.01194	0.34699	0.04494	0.08277	0.01472	0.01526	0.01084	0.00719	0.00611	0.00185	0.00758	0.00534	0.00545	0.08216
7	0.01032	0.00815	0.01172	0.01150	0.01246	0.00975	0.00912	0.01244	0.01105	0.01577	0.01891	0.03217	0.01883	0.09700	0.47972	0.00808	0.12378	0.09946	0.00382	0.00595
8	0.01666	0.07156	0.09661	0.08956	0.18688	0.07426	0.04917	0.09446	0.07988	0.02242	0.05221	0.01775	0.01333	0.00761	0.00826	0.00209	0.09817	0.00603	0.00400	0.00909
9	0.01008	0.00802	0.01078	0.04235	0.08628	0.00747	0.00784	0.01174	0.01272	0.01733	0.02958	0.36436	0.09397	0.14429	0.01190	0.00294	0.00498	0.01281	0.00502	0.11554
10	0.01346	0.01164	0.01418	0.01142	0.04559	0.00946	0.00857	0.01624	0.01345	0.02087	0.01308	0.06002	0.01180	0.00624	0.00605	0.00122	0.04473	0.00499	0.00396	0.68303

[dist]
# distance from previous block
# <min> <max>
2	3

[block]
# block no. 4 follows, 33 sequences, length 8
# corresponding to MSA columns:
# 154-161
name=unknown_E
#
# <colnr> <probs for GDERKNQSTAVLIFYWHMCP>
#	G	D	E	R	K	N	Q	S	T	A	V	L	I	F	Y	W	H	M	C	P
0	0.03595	0.01606	0.10889	0.01745	0.12700	0.01247	0.07117	0.06919	0.03883	0.02312	0.01461	0.01660	0.03491	0.00606	0.00581	0.00156	0.00660	0.00525	0.00399	0.38448
1	0.02113	0.01966	0.01689	0.01503	0.04612	0.24736	0.01133	0.24880	0.07941	0.06378	0.07061	0.02301	0.09031	0.00888	0.00660	0.00194	0.00779	0.00681	0.00552	0.00902
2	0.01320	0.01109	0.01320	0.01010	0.01531	0.00860	0.00822	0.01614	0.01387	0.02119	0.01514	0.02265	0.01393	0.00685	0.00550	0.00128	0.00505	0.10481	0.00422	0.68963
3	0.00936	0.00675	0.00930	0.00941	0.01016	0.00744	0.00675	0.01088	0.01041	0.01461	0.01998	0.08558	0.02079	0.27203	0.46695	0.00869	0.01310	0.00870	0.00386	0.00525
4	0.01272	0.12758	0.14487	0.08340	0.01859	0.04614	0.01215	0.01595	0.04074	0.01701	0.02163	0.10794	0.09680	0.06090	0.04871	0.06909	0.05695	0.00798	0.00387	0.00697
5	0.01760	0.36792	0.02364	0.01296	0.06536	0.01794	0.01056	0.02104	0.06089	0.12808	0.01864	0.01952	0.06219	0.00968	0.04420	0.00220	0.03332	0.00563	0.07006	0.00857
6	0.05892	0.00992	0.01007	0.00922	0.01196	0.05946	0.00707	0.01705	0.05892	0.14057	0.16110	0.09442	0.30971	0.01320	0.00722	0.00215	0.00453	0.01101	0.00638	0.00714
7	0.01549	0.01548	0.02135	0.05760	0.02227	0.10345	0.19549	0.06875	0.11971	0.02137	0.04938	0.08707	0.01735	0.01380	0.09492	0.00321	0.07279	0.00797	0.00446	0.00810

[dist]
# distance from previous block
# <min> <max>
0	12

[block]
# block no. 5 follows, 33 sequences, length 15
# corresponding to MSA columns:
# 174-188
name=unknown_F
#
# <colnr> <probs for GDERKNQSTAVLIFYWHMCP>
#	G	D	E	R	K	N	Q	S	T	A	V	L	I	F	Y	W	H	M	C	P
0	0.01625	0.02096	0.19408	0.03577	0.13080	0.12298	0.06049	0.06495	0.04715	0.03661	0.04949	0.03804	0.03124	0.03364	0.00737	0.00207	0.00815	0.00633	0.00405	0.08957
1	0.03876	0.01539	0.05714	0.04267	0.04539	0.08757	0.15983	0.10295	0.01637	0.02193	0.06934	0.04179	0.05231	0.05852	0.12836	0.00367	0.00967	0.00749	0.00430	0.03655
2	0.01606	0.03062	0.10278	0.06828	0.12101	0.01292	0.11965	0.04016	0.03351	0.13937	0.02134	0.16913	0.03907	0.00999	0.00781	0.00223	0.04356	0.00898	0.00483	0.00869
3	0.30635	0.01324	0.04058	0.09109	0.17945	0.01348	0.01201	0.05126	0.01472	0.07117	0.07864	0.02101	0.06634	0.00774	0.00584	0.00205	0.00608	0.00616	0.00454	0.00825
4	0.01624	0.01477	0.01956	0.05697	0.23272	0.06190	0.03772	0.04333	0.18642	0.04786	0.03948	0.04842	0.03200	0.00870	0.00802	0.00215	0.07065	0.03103	0.00474	0.03732
5	0.08586	0.05935	0.12789	0.04015	0.14116	0.16513	0.03872	0.02155	0.01516	0.07198	0.01226	0.01425	0.00955	0.00610	0.00576	0.00173	0.00808	0.00479	0.00373	0.16679
6	0.01243	0.01170	0.01975	0.75282	0.04534	0.01463	0.01828	0.01682	0.01316	0.01682	0.01170	0.01755	0.00878	0.00658	0.00658	0.00219	0.00878	0.00585	0.00293	0.00731
7	0.00825	0.00589	0.00790	0.00943	0.00991	0.00554	0.00651	0.00956	0.01283	0.01706	0.03616	0.70373	0.04304	0.02041	0.00846	0.00270	0.00402	0.07709	0.00611	0.00541
8	0.02503	0.01844	0.01976	0.01515	0.02042	0.02042	0.01251	0.70562	0.03095	0.04149	0.01581	0.01581	0.01120	0.00790	0.00659	0.00198	0.00724	0.00593	0.00659	0.01120
9	0.00932	0.00673	0.00880	0.00828	0.00984	0.00621	0.00621	0.01242	0.01863	0.02640	0.72410	0.04918	0.06212	0.01346	0.00776	0.00207	0.00311	0.01191	0.00725	0.00621
10	0.01694	0.01442	0.01520	0.01351	0.01733	0.01664	0.01056	0.07852	0.67123	0.02844	0.02608	0.02399	0.01952	0.00886	0.00669	0.00222	0.00534	0.00734	0.00669	0.01047
11	0.01665	0.05216	0.02845	0.06923	0.48623	0.01661	0.14218	0.06846	0.01605	0.02233	0.01261	0.01631	0.01023	0.00598	0.00664	0.00199	0.00838	0.00610	0.00347	0.00996
12	0.00831	0.00593	0.00797	0.00949	0.01000	0.00559	0.00661	0.00966	0.01289	0.01712	0.03613	0.68833	0.04292	0.02036	0.00848	0.00271	0.00407	0.09192	0.00611	0.00543
13	0.01003	0.00622	0.00799	0.00899	0.00990	0.00589	0.00639	0.01175	0.01334	0.05259	0.03300	0.53705	0.03696	0.01749	0.00769	0.00247	0.00396	0.07239	0.15006	0.00583
14	0.01713	0.01452	0.01531	0.01355	0.01741	0.01673	0.01060	0.09389	0.65553	0.02876	0.02583	0.02379	0.01931	0.00884	0.00669	0.00221	0.00539	0.00731	0.00669	0.01049

[dist]
# distance from previous block
# <min> <max>
0	1

[block]
# block no. 6 follows, 33 sequences, length 18
# corresponding to MSA columns:
# 190-207
name=unknown_G
#
# <colnr> <probs for GDERKNQSTAVLIFYWHMCP>
#	G	D	E	R	K	N	Q	S	T	A	V	L	I	F	Y	W	H	M	C	P
0	0.01616	0.01601	0.02884	0.03820	0.60651	0.01582	0.13957	0.02036	0.01509	0.02143	0.01255	0.01655	0.01035	0.00581	0.00674	0.00200	0.00839	0.00620	0.00327	0.01016
1	0.01933	0.01797	0.02075	0.31070	0.03123	0.14393	0.05800	0.26930	0.02074	0.02594	0.01303	0.01594	0.00968	0.00703	0.00654	0.00203	0.00890	0.00572	0.00436	0.00888
2	0.01144	0.00572	0.00858	0.00858	0.00858	0.00572	0.00572	0.00858	0.00858	0.01144	0.01144	0.02001	0.01144	0.02287	0.02573	0.80846	0.00572	0.00572	0.00286	0.00286
3	0.01227	0.00614	0.00614	0.00614	0.00767	0.00614	0.00460	0.01534	0.01381	0.02454	0.02148	0.02454	0.01687	0.00767	0.00460	0.00153	0.00307	0.00614	0.80518	0.00614
4	0.01320	0.03405	0.73453	0.01876	0.02849	0.01529	0.02432	0.02085	0.01390	0.02085	0.01181	0.01390	0.00834	0.00625	0.00625	0.00208	0.00973	0.00486	0.00278	0.00973
5	0.00802	0.00573	0.00764	0.00917	0.00955	0.00535	0.00611	0.00917	0.01260	0.01681	0.03628	0.76434	0.04354	0.02062	0.00840	0.00267	0.00382	0.01872	0.00611	0.00535
6	0.01369	0.01365	0.01991	0.65846	0.06896	0.08122	0.01785	0.01781	0.01374	0.01693	0.01159	0.01698	0.00881	0.00657	0.00652	0.00214	0.00902	0.00570	0.00298	0.00746
7	0.01571	0.02260	0.23925	0.01802	0.05932	0.14160	0.07867	0.04071	0.10565	0.02032	0.01560	0.05695	0.01328	0.04421	0.05344	0.00282	0.05282	0.00656	0.00386	0.00859
8	0.02069	0.01168	0.01395	0.01181	0.01539	0.01189	0.00932	0.11773	0.17875	0.28641	0.02469	0.03037	0.01979	0.14203	0.01156	0.00292	0.00591	0.06912	0.00669	0.00929
9	0.00940	0.00705	0.01058	0.01058	0.01176	0.00823	0.00823	0.01176	0.01058	0.01528	0.01763	0.02586	0.01646	0.04937	0.74255	0.01058	0.01763	0.00705	0.00353	0.00588
10	0.01737	0.73349	0.07157	0.01166	0.01751	0.02548	0.01196	0.01977	0.01340	0.01577	0.00929	0.01074	0.00844	0.00567	0.00433	0.00144	0.00718	0.00359	0.00281	0.00852
11	0.00844	0.00652	0.00734	0.00758	0.00902	0.00584	0.00539	0.00997	0.01412	0.01786	0.13063	0.16852	0.38635	0.14830	0.01243	0.00304	0.00404	0.04339	0.00587	0.00535
12	0.00940	0.00705	0.01058	0.01058	0.01176	0.00823	0.00823	0.01176	0.01058	0.01528	0.01763	0.02586	0.01646	0.04937	0.74255	0.01058	0.01763	0.00705	0.00353	0.00588
13	0.02600	0.01687	0.01879	0.01440	0.01963	0.01809	0.01190	0.55973	0.02833	0.19109	0.01801	0.01724	0.01230	0.00796	0.00659	0.00199	0.00689	0.00608	0.00692	0.01120
14	0.01549	0.05920	0.13562	0.14684	0.18903	0.05913	0.25909	0.02039	0.01485	0.01986	0.01221	0.01609	0.00947	0.00597	0.00677	0.00206	0.00961	0.00616	0.00314	0.00900
15	0.01491	0.01264	0.01243	0.01271	0.05394	0.13647	0.00918	0.04582	0.03460	0.08731	0.09791	0.12302	0.15994	0.05286	0.00883	0.00247	0.00613	0.11603	0.00569	0.00713
16	0.09105	0.07683	0.01438	0.04067	0.01552	0.01054	0.00814	0.01577	0.01276	0.02015	0.01292	0.06620	0.01187	0.00812	0.00725	0.08609	0.00526	0.00514	0.00383	0.48753
17	0.01200	0.01006	0.01325	0.05252	0.07893	0.00998	0.04539	0.10725	0.04360	0.02170	0.04086	0.18318	0.30993	0.01390	0.00755	0.00227	0.00521	0.02960	0.00563	0.00719

[dist]
# distance from previous block
# <min> <max>
2	8

[block]
# block no. 7 follows, 33 sequences, length 22
# corresponding to MSA columns:
# 216-237
name=unknown_H
#
# <colnr> <probs for GDERKNQSTAVLIFYWHMCP>
#	G	D	E	R	K	N	Q	S	T	A	V	L	I	F	Y	W	H	M	C	P
0	0.06053	0.07805	0.01952	0.01692	0.08320	0.01830	0.01278	0.08987	0.17043	0.02224	0.01445	0.01724	0.01205	0.01185	0.06226	0.00292	0.28859	0.00594	0.00424	0.00863
1	0.07828	0.01396	0.03213	0.18699	0.19345	0.04193	0.01389	0.09548	0.04091	0.05408	0.03638	0.03484	0.03105	0.06613	0.00843	0.00234	0.00717	0.00650	0.00428	0.05178
2	0.01659	0.01543	0.02628	0.10172	0.02746	0.07314	0.33243	0.02051	0.01485	0.10514	0.01496	0.01948	0.01171	0.04137	0.09195	0.00325	0.04154	0.00693	0.00392	0.03134
3	0.00849	0.00650	0.00783	0.00826	0.00973	0.00584	0.00611	0.01050	0.01528	0.01990	0.22530	0.25844	0.30193	0.01709	0.00807	0.00238	0.00365	0.07259	0.00640	0.00571
4	0.01528	0.01507	0.09954	0.08241	0.14148	0.01321	0.07795	0.11322	0.06355	0.06545	0.05429	0.08596	0.12453	0.00971	0.00703	0.00214	0.00684	0.00859	0.00499	0.00876
5	0.04459	0.06817	0.10650	0.04284	0.10922	0.01523	0.09284	0.18270	0.03628	0.02647	0.12728	0.02469	0.07768	0.00852	0.00671	0.00203	0.00701	0.00737	0.00493	0.00894
6	0.81514	0.01273	0.00968	0.00866	0.01273	0.01477	0.00713	0.01935	0.01120	0.02954	0.00917	0.01069	0.00713	0.00611	0.00407	0.00204	0.00509	0.00356	0.00407	0.00713
7	0.01642	0.01497	0.01909	0.12876	0.26164	0.09177	0.01443	0.05232	0.12630	0.05701	0.05242	0.05543	0.06395	0.00849	0.00673	0.00207	0.00715	0.00737	0.00466	0.00900
8	0.01627	0.01633	0.11262	0.14069	0.19313	0.01442	0.08940	0.10010	0.04897	0.07858	0.05886	0.04288	0.04247	0.00785	0.00683	0.00210	0.00764	0.00712	0.00450	0.00924
9	0.03451	0.01613	0.19548	0.01347	0.01827	0.01104	0.09316	0.03972	0.04620	0.08781	0.07620	0.03361	0.19013	0.10316	0.01026	0.00266	0.00669	0.00874	0.00494	0.00782
10	0.01440	0.01440	0.02016	0.01728	0.01728	0.02016	0.01440	0.01584	0.01008	0.01584	0.00864	0.01440	0.00864	0.01152	0.02160	0.00288	0.75659	0.00576	0.00288	0.00720
11	0.04832	0.01839	0.08113	0.09316	0.19685	0.04890	0.28953	0.10079	0.01684	0.02328	0.01283	0.01634	0.00982	0.00612	0.00689	0.00209	0.00935	0.00639	0.00365	0.00931
12	0.01857	0.01515	0.02176	0.07544	0.35923	0.01597	0.01601	0.16646	0.11650	0.07479	0.01685	0.02002	0.01326	0.00739	0.00667	0.00206	0.00718	0.03157	0.00486	0.01027
13	0.00802	0.00573	0.00764	0.00917	0.00955	0.00535	0.00611	0.00917	0.01260	0.01681	0.03628	0.76434	0.04354	0.02062	0.00840	0.00267	0.00382	0.01872	0.00611	0.00535
14	0.01350	0.08458	0.68663	0.01825	0.02770	0.01603	0.02343	0.02077	0.01386	0.02048	0.01163	0.01367	0.00835	0.00621	0.00612	0.00204	0.00955	0.00477	0.00278	0.00964
15	0.01704	0.44096	0.07448	0.01379	0.05226	0.07104	0.01218	0.05478	0.08474	0.01904	0.03382	0.04809	0.01321	0.00850	0.02888	0.00198	0.00750	0.00532	0.00375	0.00862
16	0.03887	0.12144	0.28264	0.04434	0.10947	0.04599	0.01682	0.02321	0.10026	0.10123	0.01694	0.01789	0.03865	0.00710	0.00611	0.00198	0.00780	0.00565	0.00412	0.00949
17	0.01389	0.01000	0.01148	0.01085	0.01338	0.01036	0.00825	0.09022	0.20343	0.08124	0.05862	0.26630	0.13596	0.01421	0.00753	0.00236	0.00469	0.04283	0.00652	0.00788
18	0.01341	0.01311	0.01820	0.01581	0.01610	0.01789	0.01308	0.01495	0.01053	0.01595	0.01418	0.01943	0.06760	0.01538	0.08605	0.00353	0.62813	0.00654	0.00320	0.00695
19	0.15366	0.01151	0.01377	0.04452	0.05124	0.01068	0.02410	0.03780	0.03352	0.07227	0.09355	0.04553	0.04237	0.00754	0.00571	0.00165	0.00521	0.00618	0.00481	0.33439
20	0.04378	0.01342	0.13715	0.01194	0.04664	0.00946	0.01039	0.01649	0.05569	0.06302	0.12526	0.10311	0.20393	0.01130	0.00683	0.00202	0.00519	0.00954	0.00532	0.11953
21	0.01831	0.05299	0.04314	0.01232	0.01637	0.12281	0.01002	0.14410	0.03861	0.11473	0.02125	0.15777	0.04435	0.02856	0.00712	0.00200	0.00655	0.00807	0.00534	0.14559

[dist]
# distance from previous block
# <min> <max>
6	24

[block]
# block no. 8 follows, 33 sequences, length 19
# corresponding to MSA columns:
# 265-283
name=unknown_I
#
# <colnr> <probs for GDERKNQSTAVLIFYWHMCP>
#	G	D	E	R	K	N	Q	S	T	A	V	L	I	F	Y	W	H	M	C	P
0	0.01498	0.09523	0.04579	0.01846	0.09575	0.04058	0.01425	0.01701	0.01152	0.01678	0.00990	0.01521	0.00947	0.03953	0.01672	0.00260	0.47860	0.00551	0.00302	0.04909
1	0.01909	0.08379	0.11030	0.09043	0.10942	0.16634	0.03738	0.06160	0.14431	0.09004	0.01567	0.01684	0.01179	0.00703	0.00627	0.00196	0.00831	0.00563	0.00444	0.00936
2	0.00861	0.00637	0.00834	0.00920	0.00977	0.00635	0.00633	0.00987	0.01251	0.01681	0.07073	0.51961	0.08241	0.09938	0.06703	0.00360	0.03641	0.01567	0.00562	0.00538
3	0.01641	0.00904	0.01246	0.01059	0.01349	0.00825	0.04712	0.04259	0.01698	0.25033	0.20873	0.13589	0.11014	0.07575	0.00960	0.00253	0.00491	0.01071	0.00674	0.00777
4	0.12390	0.29488	0.16635	0.01255	0.01796	0.06759	0.01267	0.03851	0.01420	0.06173	0.01301	0.03941	0.01089	0.00907	0.04448	0.00224	0.00780	0.00495	0.04949	0.00834
5	0.05132	0.21596	0.02544	0.02020	0.17333	0.12459	0.06455	0.15079	0.01829	0.05243	0.03525	0.01525	0.01151	0.00665	0.00589	0.00181	0.00799	0.00530	0.00416	0.00930
6	0.01103	0.00572	0.00847	0.00865	0.00869	0.00567	0.00576	0.00865	0.00905	0.01207	0.01435	0.10733	0.01520	0.02261	0.02370	0.71394	0.00549	0.00724	0.00324	0.00315
7	0.01295	0.00899	0.01131	0.00998	0.01181	0.00904	0.04347	0.10903	0.01453	0.06084	0.02666	0.09012	0.10978	0.34790	0.07717	0.00468	0.00693	0.00970	0.02891	0.00619
8	0.11470	0.23449	0.13123	0.01541	0.02103	0.12151	0.10951	0.07033	0.01578	0.06070	0.01271	0.04169	0.01045	0.00680	0.00571	0.00186	0.00827	0.00534	0.00381	0.00866
9	0.01783	0.01262	0.01361	0.01175	0.01521	0.01386	0.00925	0.20104	0.28527	0.07096	0.02332	0.07293	0.01843	0.00913	0.00629	0.00202	0.00516	0.00747	0.19456	0.00931
10	0.01012	0.00793	0.00898	0.00898	0.01098	0.00759	0.00680	0.06676	0.05972	0.02090	0.10308	0.22702	0.34449	0.01633	0.00788	0.00237	0.00410	0.07334	0.00627	0.00635
11	0.03272	0.06038	0.05586	0.01537	0.05404	0.11207	0.05118	0.09582	0.07946	0.02222	0.07144	0.08020	0.08609	0.01067	0.00850	0.00221	0.08746	0.06143	0.00486	0.00802
12	0.01407	0.01337	0.02271	0.45045	0.33490	0.01506	0.01910	0.01826	0.01394	0.01881	0.01199	0.01702	0.00948	0.00628	0.00655	0.00209	0.00837	0.00586	0.00307	0.00864
13	0.00867	0.00620	0.00798	0.00915	0.00979	0.00589	0.00643	0.00998	0.01272	0.01671	0.03590	0.48491	0.09111	0.13803	0.01243	0.00328	0.00455	0.12523	0.00577	0.00527
14	0.01096	0.00680	0.00847	0.00858	0.01020	0.00619	0.00632	0.01306	0.01530	0.09216	0.19933	0.29456	0.16865	0.01562	0.00762	0.00229	0.00376	0.04006	0.08379	0.00628
15	0.02055	0.04695	0.01730	0.01417	0.01813	0.18247	0.01130	0.23094	0.21161	0.05314	0.06730	0.02296	0.01809	0.00882	0.00660	0.00203	0.00733	0.04505	0.00582	0.00943
16	0.00857	0.00641	0.00804	0.00919	0.01005	0.00609	0.00639	0.01085	0.05325	0.01766	0.03971	0.60244	0.13209	0.01934	0.00825	0.00260	0.00392	0.04331	0.00614	0.00569
17	0.00960	0.00637	0.00750	0.00756	0.00765	0.00644	0.00444	0.00966	0.00970	0.01301	0.02060	0.06629	0.02347	0.65422	0.08086	0.04799	0.00703	0.00953	0.00397	0.00411
18	0.01543	0.01469	0.04855	0.05102	0.13416	0.01442	0.16458	0.12938	0.11774	0.02471	0.05924	0.07521	0.05981	0.01047	0.03301	0.00247	0.00770	0.02356	0.00492	0.00893

[dist]
# distance from previous block
# <min> <max>
0	2

[block]
# block no. 9 follows, 33 sequences, length 16
# corresponding to MSA columns:
# 286-301
name=unknown_J
#
# <colnr> <probs for GDERKNQSTAVLIFYWHMCP>
#	G	D	E	R	K	N	Q	S	T	A	V	L	I	F	Y	W	H	M	C	P
0	0.10408	0.10326	0.04900	0.01492	0.10851	0.12307	0.01069	0.03350	0.07230	0.02117	0.07859	0.05284	0.11945	0.04345	0.00739	0.00215	0.00649	0.00746	0.03394	0.00772
1	0.81514	0.01273	0.00968	0.00866	0.01273	0.01477	0.00713	0.01935	0.01120	0.02954	0.00917	0.01069	0.00713	0.00611	0.00407	0.00204	0.00509	0.00356	0.00407	0.00713
2	0.01397	0.07157	0.42366	0.04966	0.02669	0.01715	0.09935	0.01953	0.01318	0.01927	0.01112	0.01441	0.00862	0.00732	0.00973	0.00224	0.17541	0.00536	0.00287	0.00889
3	0.02650	0.01155	0.01467	0.01144	0.01607	0.01075	0.00939	0.12747	0.01990	0.53429	0.02388	0.02174	0.01564	0.00805	0.00634	0.00196	0.00549	0.00645	0.11793	0.01050
4	0.01243	0.01170	0.01975	0.75282	0.04534	0.01463	0.01828	0.01682	0.01316	0.01682	0.01170	0.01755	0.00878	0.00658	0.00658	0.00219	0.00878	0.00585	0.00293	0.00731
5	0.01320	0.03405	0.73453	0.01876	0.02849	0.01529	0.02432	0.02085	0.01390	0.02085	0.01181	0.01390	0.00834	0.00625	0.00625	0.00208	0.00973	0.00486	0.00278	0.00973
6	0.00826	0.00659	0.00740	0.00740	0.00924	0.00573	0.00547	0.01031	0.01585	0.02026	0.25970	0.12954	0.45880	0.01611	0.00784	0.00222	0.00332	0.01379	0.00645	0.00573
7	0.00942	0.00716	0.00902	0.03639	0.01174	0.00670	0.00683	0.04161	0.01418	0.01893	0.07429	0.51231	0.13112	0.01741	0.00787	0.00240	0.00413	0.01551	0.00591	0.06707
8	0.01334	0.00675	0.00699	0.00674	0.00855	0.00676	0.00512	0.01706	0.04464	0.06112	0.02194	0.02443	0.01698	0.00775	0.00480	0.00159	0.00329	0.00622	0.72935	0.00658
9	0.01403	0.01379	0.01917	0.01651	0.01651	0.01911	0.01361	0.01536	0.01004	0.01561	0.00957	0.01659	0.00981	0.06929	0.02251	0.00315	0.69935	0.00605	0.00297	0.00696
10	0.61132	0.01217	0.01098	0.04548	0.01482	0.01356	0.00801	0.02123	0.01270	0.14799	0.01262	0.01356	0.00914	0.00654	0.00465	0.00203	0.00528	0.00430	0.03582	0.00779
11	0.00947	0.00680	0.00929	0.00929	0.01002	0.00753	0.00662	0.01093	0.01020	0.01433	0.01881	0.03240	0.01930	0.32256	0.47324	0.00899	0.01336	0.00801	0.00370	0.00516
12	0.00837	0.00639	0.00773	0.00834	0.00969	0.00575	0.00608	0.01021	0.01475	0.01911	0.17093	0.32953	0.29113	0.01772	0.00812	0.00243	0.00369	0.06806	0.00631	0.00563
13	0.02030	0.34007	0.07471	0.01404	0.01904	0.25917	0.01259	0.12050	0.01774	0.01990	0.01280	0.01396	0.03578	0.00680	0.00540	0.00166	0.00871	0.00459	0.00367	0.00856
14	0.01904	0.01532	0.01523	0.01317	0.03333	0.11619	0.01008	0.25357	0.02037	0.08353	0.02159	0.06528	0.06969	0.07444	0.04201	0.00269	0.00738	0.03546	0.00545	0.09620
15	0.01671	0.04421	0.13642	0.13535	0.12593	0.14297	0.13059	0.04169	0.04141	0.04197	0.06719	0.01837	0.01385	0.00696	0.00663	0.00202	0.00897	0.00620	0.00383	0.00875

[dist]
# distance from previous block
# <min> <max>
1	32

[block]
# block no. 10 follows, 33 sequences, length 21
# corresponding to MSA columns:
# 334-354
name=unknown_K
#
# <colnr> <probs for GDERKNQSTAVLIFYWHMCP>
#	G	D	E	R	K	N	Q	S	T	A	V	L	I	F	Y	W	H	M	C	P
0	0.06012	0.29929	0.23796	0.01752	0.10504	0.04860	0.01620	0.10567	0.01600	0.02181	0.01120	0.01295	0.00892	0.00620	0.00545	0.00179	0.00804	0.00453	0.00342	0.00930
1	0.01750	0.09023	0.24344	0.04441	0.10736	0.11518	0.10198	0.08989	0.01669	0.04815	0.01307	0.01531	0.00989	0.00646	0.00621	0.00193	0.00892	0.00541	0.04872	0.00923
2	0.03998	0.43592	0.06221	0.01200	0.01670	0.10124	0.01114	0.04662	0.01487	0.04777	0.05247	0.04271	0.01399	0.02956	0.04562	0.00225	0.00783	0.00527	0.00372	0.00811
3	0.00887	0.00676	0.00819	0.00796	0.00973	0.00607	0.00605	0.01149	0.01722	0.02313	0.46463	0.05535	0.28312	0.01480	0.00784	0.00218	0.00335	0.05046	0.00680	0.00598
4	0.00814	0.00592	0.00770	0.00908	0.00970	0.00549	0.00624	0.00944	0.01298	0.01706	0.03922	0.65781	0.11064	0.02010	0.00838	0.00265	0.00389	0.05405	0.00611	0.00541
5	0.00861	0.00670	0.00781	0.00753	0.00940	0.00591	0.00565	0.01104	0.01695	0.02241	0.41944	0.05575	0.36927	0.01495	0.00777	0.00214	0.00321	0.01283	0.00672	0.00591
6	0.02503	0.01844	0.01976	0.01515	0.02042	0.02042	0.01251	0.70562	0.03095	0.04149	0.01581	0.01581	0.01120	0.00790	0.00659	0.00198	0.00724	0.00593	0.00659	0.01120
7	0.77094	0.01265	0.00999	0.00883	0.01296	0.01448	0.00727	0.02007	0.01163	0.06907	0.01011	0.01135	0.00765	0.00623	0.00422	0.00204	0.00512	0.00374	0.00430	0.00736
8	0.00821	0.00669	0.00727	0.00712	0.00916	0.00574	0.00534	0.01029	0.01603	0.02022	0.25231	0.05935	0.53776	0.01577	0.00778	0.00218	0.00327	0.01333	0.00643	0.00574
9	0.00891	0.00688	0.00729	0.00707	0.00935	0.00581	0.00534	0.01078	0.01558	0.05019	0.13911	0.05995	0.61891	0.01593	0.00773	0.00220	0.00341	0.01335	0.00633	0.00588
10	0.01760	0.77260	0.03450	0.01126	0.01690	0.02605	0.01126	0.01971	0.01338	0.01549	0.00915	0.01056	0.00845	0.00563	0.00422	0.00141	0.00704	0.00352	0.00282	0.00845
11	0.01498	0.01536	0.02008	0.01727	0.01746	0.06104	0.01431	0.01643	0.01057	0.01586	0.00873	0.01426	0.00863	0.01125	0.02072	0.00281	0.71443	0.00568	0.00291	0.00723
12	0.00810	0.00583	0.00768	0.00901	0.00954	0.00541	0.00608	0.00939	0.01309	0.01748	0.08314	0.69062	0.07022	0.02000	0.00834	0.00262	0.00375	0.01808	0.00619	0.00541
13	0.01277	0.01064	0.01410	0.01673	0.17666	0.01081	0.01019	0.06199	0.13143	0.02334	0.18936	0.10253	0.13670	0.06245	0.00901	0.00243	0.00513	0.01016	0.00570	0.00787
14	0.00855	0.00584	0.00766	0.00878	0.00922	0.00548	0.00585	0.00913	0.01205	0.01591	0.03418	0.57037	0.08656	0.06808	0.01224	0.10933	0.00420	0.01608	0.00555	0.00495
15	0.01341	0.01223	0.01630	0.28284	0.11245	0.05185	0.01312	0.03518	0.11773	0.01987	0.07144	0.06790	0.05854	0.08786	0.00961	0.00259	0.00701	0.00801	0.00442	0.00763
16	0.03624	0.03958	0.07619	0.15048	0.11763	0.15030	0.04518	0.09464	0.04192	0.02117	0.01263	0.03263	0.01042	0.00756	0.00830	0.00207	0.10608	0.00573	0.00372	0.03753
17	0.01441	0.01441	0.04127	0.27011	0.30065	0.05501	0.01677	0.01914	0.05283	0.02063	0.11287	0.02146	0.01750	0.00740	0.00668	0.00206	0.00762	0.00667	0.00389	0.00862
18	0.09656	0.12768	0.03954	0.05424	0.07710	0.11217	0.01187	0.09455	0.03201	0.03925	0.04254	0.01989	0.06640	0.01107	0.04974	0.03164	0.07559	0.00599	0.00416	0.00801
19	0.08885	0.04355	0.08587	0.10358	0.02180	0.12251	0.01276	0.17545	0.07368	0.10891	0.04868	0.01784	0.01358	0.00748	0.00614	0.00195	0.00745	0.00572	0.02620	0.02799
20	0.15195	0.07007	0.03581	0.05669	0.07423	0.06497	0.01136	0.03379	0.09056	0.09029	0.03454	0.04801	0.03264	0.02736	0.00839	0.00216	0.09421	0.00623	0.00456	0.06218

[dist]
# distance from previous block
# <min> <max>
3	23

[block]
# block no. 11 follows, 33 sequences, length 13
# corresponding to MSA columns:
# 380-392
name=unknown_L
#
# <colnr> <probs for GDERKNQSTAVLIFYWHMCP>
#	G	D	E	R	K	N	Q	S	T	A	V	L	I	F	Y	W	H	M	C	P
0	0.05412	0.12918	0.07098	0.01335	0.04897	0.11395	0.01085	0.07386	0.01513	0.04407	0.01647	0.03497	0.04557	0.09983	0.01018	0.00237	0.06378	0.00604	0.06380	0.08252
1	0.14464	0.01839	0.06893	0.01296	0.01662	0.19649	0.01082	0.06119	0.09839	0.04117	0.03744	0.01798	0.01333	0.03685	0.02785	0.00232	0.06071	0.00549	0.07518	0.05324
2	0.01695	0.03915	0.04507	0.05112	0.05261	0.13187	0.12173	0.11376	0.04289	0.05496	0.01982	0.12462	0.04698	0.04670	0.03333	0.00261	0.03480	0.00826	0.00462	0.00815
3	0.01893	0.55516	0.02969	0.01231	0.01748	0.08303	0.01143	0.12749	0.01643	0.01961	0.01070	0.01226	0.00928	0.00827	0.04166	0.00198	0.00800	0.00413	0.00349	0.00868
4	0.00878	0.00637	0.00772	0.00829	0.00948	0.00582	0.00599	0.00986	0.01339	0.01703	0.07609	0.25472	0.29734	0.06779	0.01193	0.09939	0.00424	0.08500	0.00563	0.00516
5	0.13490	0.07445	0.01996	0.10883	0.07051	0.04378	0.09406	0.06705	0.01591	0.16790	0.01646	0.04089	0.01308	0.00866	0.02525	0.00224	0.00746	0.03789	0.00479	0.04592
6	0.01689	0.10442	0.10852	0.07206	0.10716	0.07473	0.06356	0.11238	0.06994	0.04557	0.04737	0.06241	0.03462	0.00833	0.00720	0.00205	0.04261	0.00686	0.00441	0.00891
7	0.00895	0.00700	0.00799	0.00806	0.00988	0.00633	0.00601	0.03761	0.01594	0.02042	0.19561	0.19512	0.39533	0.01648	0.00791	0.00230	0.00365	0.04313	0.00637	0.00590
8	0.00903	0.00628	0.00798	0.00874	0.00975	0.00580	0.00608	0.01051	0.01361	0.04456	0.10303	0.48757	0.16204	0.04656	0.04330	0.00301	0.00447	0.01592	0.00610	0.00566
9	0.01818	0.05090	0.24796	0.01746	0.05047	0.06986	0.05929	0.15955	0.05239	0.07492	0.01480	0.01743	0.01131	0.00742	0.00729	0.00203	0.05218	0.02734	0.00439	0.05484
10	0.07005	0.04326	0.13918	0.03544	0.03976	0.01425	0.14475	0.10898	0.06484	0.02274	0.03857	0.02071	0.01398	0.07721	0.08255	0.05610	0.00886	0.00657	0.00410	0.00810
11	0.00799	0.00584	0.00752	0.00887	0.00947	0.00537	0.00598	0.00920	0.01289	0.01692	0.03993	0.68039	0.12514	0.02015	0.00833	0.00262	0.00376	0.01814	0.00611	0.00537
12	0.04006	0.07586	0.15181	0.04680	0.08674	0.10676	0.07877	0.08776	0.03447	0.05497	0.01589	0.10487	0.01397	0.00813	0.00640	0.00197	0.00797	0.00690	0.00420	0.06571

[dist]
# distance from previous block
# <min> <max>
4	8

[block]
# block no. 12 follows, 33 sequences, length 82
# corresponding to MSA columns:
# 401-482
name=unknown_M
#
# <colnr> <probs for GDERKNQSTAVLIFYWHMCP>
#	G	D	E	R	K	N	Q	S	T	A	V	L	I	F	Y	W	H	M	C	P
0	0.03656	0.01626	0.06761	0.02603	0.33743	0.05837	0.05907	0.05511	0.03814	0.08598	0.03865	0.02277	0.09355	0.00791	0.00707	0.00204	0.02671	0.00695	0.00439	0.00939
1	0.10158	0.07503	0.13890	0.01546	0.02070	0.17813	0.06268	0.16196	0.05842	0.06304	0.01435	0.03270	0.01132	0.02926	0.00688	0.00208	0.00842	0.00562	0.00449	0.00900
2	0.04914	0.17456	0.11289	0.06997	0.09672	0.35416	0.01487	0.02274	0.01596	0.01770	0.01048	0.01269	0.00863	0.00635	0.00568	0.00176	0.00975	0.00444	0.00318	0.00831
3	0.01233	0.00972	0.01096	0.01161	0.03755	0.08479	0.00816	0.01376	0.03521	0.03800	0.02207	0.19434	0.02326	0.08469	0.15384	0.16649	0.00836	0.07470	0.00448	0.00568
4	0.03372	0.05752	0.48086	0.02153	0.10006	0.03972	0.11059	0.02075	0.01418	0.02064	0.01175	0.01439	0.00876	0.00628	0.00681	0.00207	0.03271	0.00527	0.00296	0.00943
5	0.00829	0.00656	0.00747	0.00752	0.00928	0.00573	0.00553	0.01033	0.01579	0.02032	0.26608	0.15762	0.42367	0.01623	0.00786	0.00224	0.00333	0.01396	0.00646	0.00573
6	0.01198	0.00939	0.01263	0.01109	0.01355	0.04285	0.08508	0.01464	0.01651	0.08184	0.28800	0.15903	0.18246	0.01372	0.00772	0.00222	0.00488	0.02944	0.00625	0.00673
7	0.00888	0.00665	0.00823	0.00796	0.00960	0.00601	0.00592	0.01153	0.01741	0.02380	0.52847	0.09746	0.21455	0.01465	0.00781	0.00214	0.00320	0.01279	0.00691	0.00601
8	0.13915	0.01598	0.01726	0.04072	0.01944	0.01750	0.01137	0.43064	0.07839	0.13873	0.01702	0.01677	0.01195	0.00771	0.00624	0.00202	0.00659	0.00580	0.00632	0.01040
9	0.01760	0.77260	0.03450	0.01126	0.01690	0.02605	0.01126	0.01971	0.01338	0.01549	0.00915	0.01056	0.00845	0.00563	0.00422	0.00141	0.00704	0.00352	0.00282	0.00845
10	0.00947	0.00724	0.00875	0.00828	0.01014	0.00678	0.00624	0.01335	0.06699	0.02455	0.52760	0.05062	0.20767	0.01386	0.00769	0.00212	0.00331	0.01204	0.00695	0.00636
11	0.01629	0.01564	0.02672	0.04041	0.72757	0.01564	0.02020	0.02020	0.01499	0.02151	0.01238	0.01629	0.01043	0.00587	0.00652	0.00196	0.00782	0.00587	0.00326	0.01043
12	0.01698	0.01444	0.01523	0.01352	0.01735	0.01666	0.01057	0.08229	0.66738	0.02852	0.02602	0.02394	0.01947	0.00886	0.00669	0.00221	0.00535	0.00734	0.00669	0.01047
13	0.01270	0.01198	0.02024	0.70256	0.09347	0.01470	0.01842	0.01706	0.01329	0.01715	0.01175	0.01746	0.00889	0.00653	0.00658	0.00218	0.00871	0.00585	0.00295	0.00753
14	0.02042	0.01664	0.01974	0.03920	0.04435	0.08346	0.08926	0.30475	0.02177	0.07867	0.01607	0.02015	0.01282	0.04793	0.00797	0.00213	0.00762	0.03851	0.00526	0.12329
15	0.01326	0.01078	0.01296	0.10320	0.01760	0.01194	0.00976	0.08297	0.23436	0.02332	0.10430	0.03523	0.11253	0.07273	0.07931	0.00335	0.00670	0.05223	0.00565	0.00782
16	0.03853	0.01282	0.01664	0.25940	0.10422	0.06232	0.01278	0.03738	0.03751	0.07949	0.01495	0.02097	0.01261	0.12294	0.02982	0.00280	0.00769	0.00613	0.00401	0.11699
17	0.01693	0.01596	0.02121	0.11205	0.21769	0.07078	0.07460	0.10072	0.20928	0.02419	0.01947	0.02098	0.05116	0.00765	0.00672	0.00208	0.00751	0.00678	0.00471	0.00953
18	0.00960	0.00779	0.00913	0.00930	0.03411	0.00721	0.00667	0.01335	0.07946	0.02149	0.25427	0.10681	0.34417	0.01455	0.00760	0.00217	0.00374	0.02635	0.00633	0.03589
19	0.01363	0.01174	0.01434	0.01184	0.06555	0.00914	0.00860	0.01663	0.01399	0.02169	0.04602	0.01555	0.01232	0.00536	0.00513	0.00110	0.00500	0.00442	0.00402	0.71394
20	0.01971	0.01727	0.01922	0.06149	0.02151	0.12853	0.08657	0.21291	0.16483	0.06982	0.03780	0.01933	0.01444	0.01061	0.05853	0.00261	0.00849	0.00640	0.00535	0.03457
21	0.01367	0.01472	0.02975	0.02216	0.02698	0.01439	0.47580	0.01794	0.01448	0.01960	0.02048	0.07552	0.08804	0.01132	0.05999	0.00289	0.07157	0.00897	0.00380	0.00793
22	0.04539	0.05843	0.08252	0.03254	0.05431	0.06698	0.06418	0.12977	0.15940	0.12833	0.01762	0.01868	0.01319	0.03473	0.00727	0.00211	0.00721	0.00604	0.00522	0.06609
23	0.02376	0.01819	0.01902	0.01494	0.01993	0.04045	0.01221	0.58882	0.13004	0.03874	0.01724	0.01696	0.01241	0.00802	0.00658	0.00201	0.00708	0.00610	0.00651	0.01098
24	0.00926	0.00673	0.00872	0.00822	0.00980	0.00619	0.00617	0.01232	0.01850	0.02609	0.70032	0.04969	0.08609	0.01357	0.00777	0.00208	0.00311	0.01198	0.00721	0.00619
25	0.00927	0.00748	0.01072	0.03306	0.01255	0.00693	0.05909	0.01186	0.01610	0.02172	0.35510	0.21404	0.18708	0.01495	0.00788	0.00226	0.00410	0.01338	0.00632	0.00612
26	0.01513	0.01737	0.11118	0.13923	0.31699	0.05532	0.06920	0.03506	0.03298	0.02007	0.01390	0.04286	0.01205	0.06062	0.00892	0.00238	0.02785	0.00652	0.00346	0.00890
27	0.02459	0.01306	0.01596	0.01272	0.01727	0.01322	0.01038	0.22109	0.09032	0.38233	0.02219	0.02115	0.01524	0.01299	0.09291	0.00304	0.00744	0.00656	0.00702	0.01050
28	0.02251	0.01691	0.01965	0.01541	0.02038	0.01853	0.06059	0.45377	0.19619	0.07762	0.01891	0.01847	0.01358	0.00800	0.00670	0.00206	0.00692	0.00647	0.00648	0.01084
29	0.01605	0.01540	0.02629	0.08477	0.68509	0.01558	0.02008	0.01999	0.01488	0.02122	0.01234	0.01637	0.01033	0.00591	0.00652	0.00197	0.00788	0.00586	0.00324	0.01023
30	0.00836	0.00609	0.00798	0.00920	0.00980	0.00588	0.00626	0.01000	0.02860	0.01685	0.03549	0.63240	0.07192	0.04569	0.06873	0.00340	0.00503	0.01700	0.00585	0.00547
31	0.01554	0.01776	0.03885	0.02775	0.03441	0.01665	0.70366	0.02109	0.01554	0.02109	0.01332	0.01776	0.00999	0.00555	0.00777	0.00222	0.01110	0.00777	0.00333	0.00888
32	0.01047	0.00758	0.00933	0.00882	0.01071	0.00726	0.00663	0.01489	0.09126	0.04823	0.50488	0.09835	0.12895	0.01368	0.00766	0.00215	0.00349	0.01197	0.00701	0.00669
33	0.01061	0.00758	0.01061	0.01212	0.01364	0.00758	0.01061	0.01364	0.01515	0.01970	0.03486	0.07426	0.03789	0.01819	0.00909	0.00303	0.00606	0.68326	0.00606	0.00606
34	0.00942	0.00701	0.01034	0.01034	0.01143	0.00810	0.00793	0.01160	0.01051	0.01510	0.01785	0.02708	0.01699	0.10011	0.69253	0.01028	0.01684	0.00723	0.00356	0.00574
35	0.00940	0.00705	0.01058	0.01058	0.01176	0.00823	0.00823	0.01176	0.01058	0.01528	0.01763	0.02586	0.01646	0.04937	0.74255	0.01058	0.01763	0.00705	0.00353	0.00588
36	0.01359	0.01315	0.02055	0.46939	0.21271	0.04118	0.01750	0.01747	0.01385	0.01801	0.01559	0.02015	0.05969	0.00728	0.00712	0.00214	0.03302	0.00636	0.00325	0.00798
37	0.01441	0.01367	0.01515	0.06350	0.11643	0.13317	0.01098	0.04993	0.03679	0.01754	0.01569	0.02440	0.01492	0.19211	0.20603	0.00526	0.05254	0.00680	0.00375	0.00696
38	0.00946	0.00633	0.00721	0.00733	0.00736	0.00630	0.00415	0.00954	0.00980	0.01307	0.02191	0.09713	0.02540	0.71259	0.03163	0.00610	0.00619	0.01026	0.00415	0.00409
39	0.00830	0.00594	0.00780	0.00917	0.00968	0.00559	0.00627	0.00954	0.01269	0.01681	0.03633	0.64250	0.06699	0.06664	0.00999	0.00291	0.00413	0.06743	0.00598	0.00532
40	0.01538	0.04677	0.43442	0.02044	0.12409	0.04419	0.02003	0.08881	0.04288	0.02241	0.01302	0.01594	0.01006	0.03935	0.00795	0.00224	0.03363	0.00538	0.00346	0.00956
41	0.03397	0.06307	0.10282	0.01335	0.01690	0.07691	0.03814	0.06319	0.12964	0.02147	0.06844	0.11425	0.10777	0.03163	0.00910	0.00232	0.08549	0.00874	0.00491	0.00789
42	0.00825	0.00588	0.00783	0.00931	0.00976	0.00554	0.00636	0.00950	0.01269	0.01688	0.03568	0.69218	0.04250	0.04480	0.00927	0.00282	0.00406	0.06530	0.00604	0.00535
43	0.51348	0.01474	0.01333	0.01106	0.01553	0.01677	0.00910	0.25503	0.04533	0.03355	0.01213	0.01298	0.00903	0.00683	0.00504	0.00202	0.00583	0.00452	0.00504	0.00865
44	0.01589	0.01307	0.02115	0.02107	0.17369	0.01286	0.16424	0.11512	0.03427	0.08314	0.02399	0.20481	0.06559	0.01069	0.00736	0.00222	0.00693	0.01009	0.00513	0.00869
45	0.01979	0.45093	0.04525	0.01331	0.01826	0.15255	0.01209	0.10628	0.03569	0.03830	0.01113	0.01241	0.00933	0.00658	0.00584	0.00166	0.04397	0.00428	0.00364	0.00874
