[name]
unknown

[dist]
# distance from previous block
# <min> <max>
0	21

[block]
# block no. 0 follows, 33 sequences, length 14
# corresponding to MSA columns:
# 24-37
name=unknown_A
#
# <colnr> <probs for GDERKNQSTAVLIFYWHMCP>
#	G	D	E	R	K	N	Q	S	T	A	V	L	I	F	Y	W	H	M	C	P
0	0.00823	0.00655	0.00745	0.00796	0.00963	0.00577	0.00596	0.01000	0.01463	0.01818	0.08703	0.22974	0.45380	0.01763	0.00808	0.00241	0.00375	0.09144	0.00616	0.00560
1	0.01365	0.01170	0.01365	0.00975	0.01560	0.00878	0.00780	0.01658	0.01365	0.02145	0.01170	0.01365	0.00975	0.00488	0.00488	0.00098	0.00488	0.00390	0.00390	0.80888
2	0.81514	0.01273	0.00968	0.00866	0.01273	0.01477	0.00713	0.01935	0.01120	0.02954	0.00917	0.01069	0.00713	0.00611	0.00407	0.00204	0.00509	0.00356	0.00407	0.00713
3	0.19546	0.01504	0.04764	0.01278	0.01725	0.01548	0.01080	0.22979	0.11363	0.17517	0.01835	0.05241	0.01382	0.00841	0.00687	0.00212	0.04303	0.00631	0.00600	0.00967
4	0.00957	0.00638	0.00718	0.00718	0.00718	0.00638	0.00399	0.00957	0.00957	0.01276	0.02074	0.04308	0.02393	0.76864	0.03351	0.00638	0.00638	0.00957	0.00399	0.00399
5	0.01550	0.01293	0.01549	0.07342	0.01905	0.03703	0.03065	0.07726	0.01582	0.05485	0.04633	0.01630	0.01252	0.00592	0.00551	0.00133	0.00580	0.00487	0.00436	0.54507
6	0.04393	0.08398	0.39731	0.04183	0.02386	0.04100	0.01787	0.07257	0.10401	0.02269	0.01634	0.01750	0.04538	0.00715	0.00612	0.00200	0.00814	0.00554	0.00384	0.03893
7	0.04210	0.12478	0.31547	0.01623	0.02302	0.07691	0.06581	0.08572	0.03576	0.07115	0.01428	0.05010	0.01130	0.00716	0.00613	0.00195	0.00843	0.00572	0.00395	0.03405
8	0.07910	0.04587	0.12770	0.03785	0.02099	0.09909	0.08528	0.07769	0.05108	0.10004	0.04523	0.01862	0.03854	0.00714	0.00613	0.00184	0.00747	0.00584	0.00459	0.13992
9	0.06830	0.10296	0.07568	0.06538	0.01966	0.15095	0.01179	0.02347	0.12767	0.09529	0.01667	0.05007	0.01369	0.00771	0.00594	0.00185	0.00724	0.02646	0.00459	0.12463
10	0.01891	0.07447	0.13367	0.01497	0.02020	0.12932	0.05921	0.10544	0.12379	0.10663	0.05189	0.04700	0.01563	0.00788	0.00637	0.00193	0.00762	0.00640	0.00501	0.06365
11	0.10954	0.14691	0.08245	0.04387	0.02184	0.01751	0.12862	0.09724	0.13652	0.10698	0.01586	0.01679	0.01178	0.00703	0.00651	0.00202	0.02863	0.00580	0.00474	0.00935
12	0.12920	0.05800	0.07259	0.01336	0.01779	0.17192	0.03659	0.09018	0.01672	0.04545	0.07497	0.04911	0.01585	0.00796	0.00641	0.00184	0.03031	0.02150	0.00446	0.13576
13	0.04750	0.09700	0.15745	0.03789	0.02093	0.19029	0.03156	0.07246	0.06022	0.07199	0.01594	0.01702	0.04534	0.00727	0.00642	0.00186	0.03001	0.00539	0.00417	0.07929

[dist]
# distance from previous block
# <min> <max>
4	21

[block]
# block no. 1 follows, 33 sequences, length 47
# corresponding to MSA columns:
# 59-105
name=unknown_B
#
# <colnr> <probs for GDERKNQSTAVLIFYWHMCP>
#	G	D	E	R	K	N	Q	S	T	A	V	L	I	F	Y	W	H	M	C	P
0	0.12668	0.07360	0.03528	0.13629	0.02104	0.06575	0.03597	0.05057	0.05528	0.10574	0.04590	0.05323	0.01519	0.04979	0.04355	0.00273	0.06437	0.00656	0.00453	0.00795
1	0.03038	0.06616	0.01862	0.15543	0.09134	0.09704	0.02876	0.06433	0.07331	0.09275	0.01852	0.08806	0.03771	0.02792	0.00788	0.00216	0.04374	0.00719	0.00457	0.04411
2	0.09784	0.01374	0.01667	0.10533	0.02075	0.07197	0.08448	0.09886	0.10901	0.03937	0.03590	0.06527	0.05158	0.01161	0.04107	0.04188	0.00745	0.03921	0.00482	0.04319
3	0.06752	0.03188	0.01505	0.10699	0.01904	0.03141	0.02750	0.15830	0.07445	0.08217	0.05477	0.04907	0.12203	0.05088	0.04213	0.00266	0.00668	0.00786	0.00537	0.04425
4	0.10541	0.01102	0.01486	0.12007	0.10627	0.01157	0.03999	0.08763	0.02719	0.02203	0.05476	0.14423	0.08952	0.07625	0.00957	0.02400	0.00609	0.00909	0.00471	0.03573
5	0.01630	0.04076	0.08457	0.04665	0.24267	0.04894	0.05249	0.07525	0.09587	0.04799	0.04227	0.05182	0.01502	0.00952	0.04235	0.00238	0.00786	0.00665	0.00436	0.06626
6	0.01623	0.01361	0.01856	0.21614	0.18397	0.04713	0.01431	0.11756	0.07365	0.05411	0.04187	0.02097	0.03983	0.01084	0.04625	0.05762	0.00790	0.00652	0.00438	0.00853
7	0.00921	0.00661	0.00768	0.00777	0.00924	0.00592	0.00549	0.01083	0.01451	0.04502	0.17885	0.20316	0.31888	0.13285	0.01184	0.00292	0.00395	0.01358	0.00608	0.00561
8	0.01175	0.00766	0.00940	0.00957	0.01115	0.00743	0.00705	0.04949	0.04635	0.07983	0.06630	0.34295	0.11111	0.08762	0.01027	0.00283	0.00458	0.08685	0.04139	0.00642
9	0.08485	0.01341	0.01754	0.10452	0.15399	0.04509	0.01300	0.07879	0.03307	0.12207	0.01652	0.05433	0.01416	0.05019	0.04477	0.00283	0.10915	0.02865	0.00458	0.00848
10	0.04079	0.00811	0.01028	0.01052	0.04270	0.00784	0.00752	0.01536	0.03222	0.12330	0.11280	0.11445	0.15316	0.11491	0.08653	0.00366	0.00610	0.07154	0.03150	0.00672
11	0.00903	0.00618	0.00728	0.00782	0.00885	0.00575	0.00540	0.01070	0.01365	0.01897	0.12063	0.32915	0.17406	0.10590	0.01055	0.00276	0.00382	0.01374	0.14030	0.00546
12	0.00841	0.00608	0.00760	0.00848	0.00910	0.00574	0.00564	0.00952	0.01242	0.01639	0.06109	0.47109	0.12481	0.17266	0.04615	0.00370	0.00487	0.01549	0.00561	0.00515
13	0.05530	0.01383	0.02527	0.18825	0.08015	0.01433	0.29315	0.01929	0.06676	0.02059	0.04025	0.04291	0.03854	0.01030	0.05942	0.00279	0.00930	0.00758	0.00385	0.00814
14	0.01220	0.00818	0.00954	0.00862	0.01137	0.00711	0.00648	0.01486	0.04549	0.11607	0.09749	0.15155	0.30466	0.05227	0.00857	0.00229	0.00415	0.01153	0.00608	0.12149
15	0.01365	0.01170	0.01365	0.00975	0.01560	0.00878	0.00780	0.01658	0.01365	0.02145	0.01170	0.01365	0.00975	0.00488	0.00488	0.00098	0.00488	0.00390	0.00390	0.80888
16	0.00833	0.00592	0.00758	0.00870	0.00914	0.00557	0.00572	0.00940	0.01248	0.01663	0.06829	0.58391	0.06590	0.14476	0.01253	0.00325	0.00419	0.01669	0.00581	0.00517
17	0.01185	0.00796	0.00968	0.00945	0.01143	0.00771	0.00711	0.01594	0.10293	0.09506	0.17651	0.19760	0.17485	0.05541	0.03518	0.00284	0.00473	0.06054	0.00642	0.00681
18	0.00879	0.00645	0.00750	0.00787	0.00925	0.00575	0.00553	0.01029	0.01414	0.03690	0.12075	0.29447	0.33550	0.09336	0.01055	0.00277	0.00384	0.01467	0.00607	0.00555
19	0.00964	0.00675	0.00853	0.00941	0.01045	0.00639	0.00664	0.04634	0.01414	0.03936	0.03832	0.58979	0.11872	0.01903	0.00822	0.00258	0.00410	0.04950	0.00619	0.00588
20	0.01032	0.00778	0.01108	0.01076	0.01201	0.00906	0.00832	0.04456	0.01145	0.01636	0.01748	0.02628	0.01651	0.09923	0.63193	0.00961	0.04040	0.00714	0.00368	0.00603
21	0.00988	0.00714	0.00978	0.00971	0.01074	0.00808	0.00733	0.01189	0.01110	0.01629	0.02102	0.06384	0.04858	0.12958	0.46378	0.00786	0.04936	0.00804	0.10030	0.00570
22	0.01107	0.00771	0.00910	0.00887	0.01039	0.00750	0.00627	0.05836	0.04917	0.05224	0.16299	0.23897	0.14882	0.18246	0.01346	0.00321	0.00455	0.01270	0.00600	0.00614
23	0.01104	0.00698	0.00905	0.00971	0.01112	0.00651	0.00736	0.01282	0.01404	0.09169	0.03791	0.34602	0.13418	0.07718	0.01030	0.00293	0.00474	0.19421	0.00614	0.00607
24	0.05546	0.01845	0.01743	0.04977	0.07670	0.20250	0.01213	0.16292	0.13011	0.12396	0.05406	0.02009	0.01554	0.00804	0.00645	0.00199	0.00767	0.02190	0.00548	0.00936
25	0.04040	0.00795	0.00900	0.00885	0.01055	0.00793	0.00634	0.01491	0.12543	0.03815	0.15753	0.18637	0.18557	0.13836	0.01220	0.02185	0.00437	0.01201	0.00596	0.00628
26	0.01136	0.00794	0.00920	0.00905	0.01115	0.00756	0.00687	0.04492	0.07141	0.07028	0.10942	0.21445	0.28401	0.01538	0.00766	0.00232	0.00410	0.06348	0.04278	0.00667
27	0.00823	0.00627	0.00748	0.00804	0.00926	0.00562	0.00564	0.00986	0.01438	0.01867	0.16767	0.35931	0.28611	0.05093	0.00918	0.00257	0.00364	0.01541	0.00622	0.00551
28	0.01344	0.01188	0.03925	0.07368	0.01666	0.04316	0.02960	0.11880	0.08907	0.02253	0.12270	0.14466	0.05157	0.12891	0.06147	0.00341	0.00689	0.00978	0.00532	0.00724
29	0.04922	0.00911	0.01050	0.01011	0.01235	0.00918	0.00765	0.10391	0.07752	0.06731	0.09084	0.30567	0.15286	0.01513	0.00759	0.00237	0.00454	0.05064	0.00635	0.00714
30	0.01093	0.00757	0.00924	0.00923	0.01079	0.00727	0.00677	0.06963	0.01592	0.05137	0.18044	0.29636	0.14427	0.08908	0.01042	0.00278	0.00437	0.06108	0.00627	0.00622
31	0.06991	0.07745	0.05274	0.07795	0.04271	0.17183	0.04669	0.18562	0.14520	0.02563	0.01474	0.01596	0.01128	0.00730	0.00655	0.00198	0.02707	0.00554	0.00465	0.00921
32	0.01035	0.00786	0.00940	0.00935	0.01100	0.00785	0.00688	0.04501	0.09902	0.02136	0.20095	0.24295	0.16159	0.04488	0.04750	0.02660	0.00481	0.03007	0.00617	0.00639
33	0.00944	0.00683	0.00821	0.00893	0.00991	0.00672	0.00620	0.01235	0.07740	0.01820	0.05211	0.41883	0.10424	0.12818	0.01164	0.00306	0.00432	0.04719	0.06049	0.00574
34	0.07152	0.01635	0.02272	0.18927	0.40765	0.08791	0.01758	0.07054	0.01587	0.02197	0.01205	0.01571	0.00971	0.00628	0.00631	0.00199	0.00820	0.00555	0.00350	0.00930
35	0.01501	0.01261	0.01535	0.01329	0.08651	0.01066	0.00939	0.09447	0.01555	0.02333	0.01264	0.01550	0.01063	0.04007	0.00653	0.00143	0.00550	0.00458	0.00414	0.60279
36	0.00868	0.00620	0.00769	0.00824	0.00895	0.00582	0.00550	0.01001	0.01338	0.01798	0.18639	0.36096	0.10429	0.20813	0.01456	0.00344	0.00427	0.01447	0.00582	0.00521
37	0.05106	0.01245	0.01556	0.07712	0.16519	0.06458	0.01163	0.07003	0.01494	0.04195	0.01960	0.16309	0.03133	0.03972	0.03275	0.00258	0.06770	0.00850	0.10257	0.00766
38	0.01758	0.05563	0.02110	0.20108	0.26428	0.14257	0.01554	0.02078	0.01552	0.09435	0.01772	0.02017	0.07092	0.00735	0.00643	0.00197	0.00811	0.00622	0.00394	0.00875
39	0.00857	0.00633	0.00773	0.00831	0.00929	0.00591	0.00578	0.01001	0.01340	0.01755	0.12365	0.31926	0.20345	0.15208	0.04541	0.00352	0.00478	0.04388	0.00576	0.00532
40	0.11499	0.01392	0.04699	0.01295	0.01610	0.07382	0.05273	0.07778	0.04822	0.12671	0.03989	0.07485	0.01642	0.06645	0.04733	0.08105	0.07014	0.00714	0.00485	0.00765
41	0.31489	0.01546	0.07646	0.05984	0.01792	0.04196	0.01099	0.13239	0.04993	0.04510	0.03687	0.05461	0.01312	0.00811	0.00672	0.00211	0.05959	0.00583	0.03993	0.00816
42	0.00944	0.00651	0.00787	0.00801	0.00836	0.00665	0.00508	0.01006	0.01030	0.01383	0.02319	0.07966	0.04913	0.55636	0.14744	0.00661	0.00799	0.03483	0.00418	0.00450
43	0.00940	0.00705	0.01058	0.01058	0.01176	0.00823	0.00823	0.01176	0.01058	0.01528	0.01763	0.02586	0.01646	0.04937	0.74255	0.01058	0.01763	0.00705	0.00353	0.00588
44	0.10929	0.25099	0.02592	0.07294	0.11016	0.08411	0.09599	0.02099	0.06369	0.01959	0.01155	0.01415	0.00960	0.00667	0.00706	0.00193	0.07843	0.00506	0.00342	0.00846
45	0.01547	0.01504	0.02169	0.35162	0.25677	0.07011	0.01758	0.05074	0.04800	0.01983	0.01250	0.01676	0.00992	0.00688	0.00755	0.00212	0.05958	0.00581	0.00341	0.00865
46	0.01655	0.01584	0.02325	0.12401	0.40572	0.08957	0.05067	0.02013	0.01529	0.05195	0.04719	0.02029	0.01379	0.00727	0.00737	0.00207	0.04111	0.03501	0.00374	0.00917

[dist]
# distance from previous block
# <min> <max>
1	5

[block]
# block no. 2 follows, 33 sequences, length 21
# corresponding to MSA columns:
# 111-131
name=unknown_C
#
# <colnr> <probs for GDERKNQSTAVLIFYWHMCP>
#	G	D	E	R	K	N	Q	S	T	A	V	L	I	F	Y	W	H	M	C	P
0	0.01309	0.10176	0.05735	0.01196	0.01477	0.01235	0.03316	0.07937	0.09792	0.02150	0.07179	0.23226	0.02773	0.05921	0.00928	0.00255	0.03179	0.08086	0.03392	0.00737
1	0.09342	0.45271	0.12953	0.01319	0.01883	0.16101	0.01303	0.02110	0.01426	0.01770	0.00973	0.01130	0.00831	0.00599	0.00483	0.00162	0.00817	0.00386	0.00304	0.00835
2	0.02925	0.01213	0.01681	0.09727	0.01889	0.01534	0.01251	0.03806	0.01194	0.01776	0.01381	0.07503	0.01365	0.01567	0.10257	0.00350	0.38781	0.03633	0.00358	0.07809
3	0.07908	0.01780	0.12369	0.05447	0.18598	0.04425	0.05724	0.13658	0.01807	0.14007	0.04091	0.01923	0.03852	0.00735	0.00647	0.00203	0.00752	0.00623	0.00483	0.00966
4	0.02046	0.20829	0.02100	0.01324	0.01766	0.13744	0.01104	0.16477	0.16469	0.09053	0.07225	0.01890	0.01639	0.00782	0.00600	0.00185	0.00705	0.00589	0.00533	0.00936
5	0.01732	0.02082	0.18039	0.07221	0.02783	0.08808	0.26083	0.04963	0.01614	0.10021	0.04625	0.01799	0.01245	0.00700	0.00781	0.00214	0.05343	0.00652	0.00401	0.00896
6	0.00933	0.00656	0.00836	0.00915	0.00981	0.00645	0.00630	0.03398	0.01264	0.01680	0.03143	0.43767	0.06179	0.17810	0.05741	0.03223	0.00551	0.06581	0.00541	0.00527
7	0.01924	0.06446	0.01940	0.08145	0.04469	0.19489	0.05265	0.16379	0.06888	0.05667	0.10193	0.02148	0.04347	0.00835	0.00698	0.00197	0.02950	0.00662	0.00497	0.00866
8	0.01913	0.05876	0.04520	0.14012	0.02226	0.20561	0.01249	0.08580	0.03845	0.12392	0.01870	0.06541	0.03212	0.01054	0.03648	0.00238	0.00850	0.04790	0.01796	0.00826
9	0.00816	0.00590	0.00772	0.00893	0.00955	0.00546	0.00606	0.00957	0.01345	0.01800	0.11973	0.64119	0.08279	0.01956	0.00829	0.00258	0.00371	0.01764	0.00625	0.00546
10	0.00840	0.00628	0.00772	0.00856	0.00963	0.00575	0.00610	0.00997	0.01384	0.01794	0.10473	0.40268	0.22861	0.06447	0.00978	0.00276	0.00399	0.07724	0.00608	0.00546
11	0.01602	0.31433	0.39682	0.01573	0.02327	0.09228	0.01820	0.02096	0.01418	0.01834	0.01064	0.01243	0.00839	0.00607	0.00545	0.00179	0.00892	0.00429	0.00285	0.00903
12	0.01799	0.01742	0.06637	0.01489	0.04658	0.12759	0.01185	0.14374	0.24584	0.04946	0.04747	0.06496	0.01874	0.01107	0.04028	0.00249	0.00742	0.03176	0.02489	0.00918
13	0.00798	0.00591	0.00745	0.00869	0.00942	0.00539	0.00590	0.00922	0.01306	0.01699	0.04205	0.63144	0.17272	0.01988	0.00828	0.00259	0.00373	0.01780	0.00611	0.00539
14	0.04565	0.01742	0.10081	0.01339	0.01804	0.06724	0.02306	0.30790	0.04661	0.05182	0.06731	0.04822	0.12499	0.00964	0.00670	0.00204	0.00668	0.00769	0.02571	0.00908
15	0.03844	0.01770	0.01734	0.04186	0.09429	0.19993	0.03278	0.18336	0.03456	0.05543	0.02059	0.09409	0.05762	0.00962	0.00672	0.00206	0.00773	0.04728	0.03007	0.00853
16	0.01551	0.26099	0.36838	0.01659	0.02406	0.01885	0.07923	0.07160	0.01502	0.02050	0.01167	0.01387	0.00909	0.00801	0.03798	0.00225	0.00917	0.00488	0.00316	0.00920
17	0.02152	0.01452	0.01674	0.01352	0.01740	0.01614	0.01105	0.34970	0.08491	0.14338	0.01826	0.01899	0.01341	0.01121	0.05769	0.00265	0.09058	0.00625	0.08225	0.00984
18	0.06465	0.12167	0.14615	0.01601	0.03264	0.06932	0.12371	0.07311	0.01625	0.11614	0.04213	0.03775	0.05185	0.00928	0.03297	0.00231	0.02431	0.00653	0.00445	0.00878
19	0.04951	0.01330	0.01772	0.14465	0.05505	0.01366	0.05252	0.16296	0.07062	0.13444	0.05872	0.02110	0.04175	0.00768	0.00642	0.00192	0.00654	0.00649	0.00536	0.12958
20	0.01720	0.01466	0.01498	0.03982	0.01723	0.12856	0.02743	0.16406	0.07999	0.06645	0.09707	0.09352	0.05464	0.01383	0.06824	0.00280	0.00764	0.04950	0.00559	0.03679

[dist]
# distance from previous block
# <min> <max>
0	23

[block]
# block no. 3 follows, 33 sequences, length 13
# corresponding to MSA columns:
# 155-167
name=unknown_D
#
# <colnr> <probs for GDERKNQSTAVLIFYWHMCP>
#	G	D	E	R	K	N	Q	S	T	A	V	L	I	F	Y	W	H	M	C	P
0	0.05480	0.14832	0.12354	0.05321	0.01898	0.08558	0.01233	0.10114	0.10326	0.02200	0.01919	0.19243	0.01848	0.01014	0.00639	0.00208	0.00693	0.00829	0.00465	0.00827
1	0.15000	0.09561	0.13161	0.05923	0.02162	0.05112	0.08416	0.11829	0.05741	0.02444	0.01423	0.06412	0.01192	0.00736	0.00593	0.00194	0.00740	0.00597	0.00420	0.08342
2	0.04631	0.06266	0.07865	0.05370	0.01919	0.08465	0.03992	0.13237	0.05204	0.04085	0.08706	0.05521	0.06768	0.00953	0.00776	0.00207	0.06559	0.03446	0.00488	0.05540
3	0.10539	0.01506	0.01876	0.07891	0.02181	0.03964	0.10474	0.17628	0.20596	0.08296	0.02050	0.02204	0.04152	0.00819	0.00661	0.00214	0.00696	0.02755	0.00557	0.00940
4	0.00989	0.00750	0.01042	0.01017	0.01089	0.00873	0.00752	0.01147	0.01024	0.01459	0.01776	0.02993	0.01798	0.25799	0.47049	0.00867	0.07904	0.00768	0.00361	0.00544
5	0.02046	0.05169	0.01790	0.01433	0.01860	0.10024	0.01153	0.29095	0.31260	0.03076	0.02021	0.02114	0.01555	0.00852	0.00655	0.00207	0.00687	0.03382	0.00608	0.01014
6	0.00957	0.00638	0.00718	0.00718	0.00718	0.00638	0.00399	0.00957	0.00957	0.01276	0.02074	0.04308	0.02393	0.76864	0.03351	0.00638	0.00638	0.00957	0.00399	0.00399
7	0.32730	0.06852	0.11329	0.01244	0.01745	0.10871	0.01142	0.09144	0.01573	0.12577	0.01305	0.01406	0.00964	0.00841	0.03518	0.00230	0.00752	0.00464	0.00454	0.00857
8	0.02263	0.01646	0.01803	0.01430	0.01896	0.01813	0.01174	0.54513	0.08169	0.06145	0.04537	0.02065	0.01528	0.01054	0.04136	0.00245	0.00731	0.03151	0.00651	0.01050
9	0.00807	0.00600	0.00753	0.00858	0.00944	0.00546	0.00589	0.00948	0.01358	0.01777	0.09695	0.56265	0.18611	0.01924	0.00822	0.00253	0.00366	0.01718	0.00620	0.00546
10	0.00940	0.00705	0.01058	0.01058	0.01176	0.00823	0.00823	0.01176	0.01058	0.01528	0.01763	0.02586	0.01646	0.04937	0.74255	0.01058	0.01763	0.00705	0.00353	0.00588
11	0.07665	0.06171	0.01929	0.01677	0.04770	0.51159	0.01254	0.13844	0.01982	0.02142	0.01109	0.01256	0.00892	0.00684	0.00586	0.00176	0.01027	0.00451	0.00394	0.00834
12	0.04511	0.01047	0.01241	0.01190	0.04651	0.01040	0.00857	0.12600	0.08491	0.06293	0.09316	0.26181	0.07889	0.01271	0.00707	0.00214	0.00486	0.01099	0.00599	0.10319

[dist]
# distance from previous block
# <min> <max>
9	11

[block]
# block no. 4 follows, 33 sequences, length 35
# corresponding to MSA columns:
# 179-213
name=unknown_E
#
# <colnr> <probs for GDERKNQSTAVLIFYWHMCP>
#	G	D	E	R	K	N	Q	S	T	A	V	L	I	F	Y	W	H	M	C	P
0	0.01460	0.01505	0.02916	0.07765	0.20659	0.01446	0.35413	0.01911	0.01526	0.02121	0.07299	0.04736	0.01559	0.00687	0.00721	0.00207	0.00877	0.00765	0.00375	0.06052
1	0.38988	0.06570	0.09081	0.01220	0.01724	0.08524	0.04316	0.03286	0.06576	0.02505	0.01149	0.01297	0.00898	0.00622	0.00501	0.00186	0.00666	0.00434	0.00397	0.11061
2	0.36216	0.01476	0.01456	0.01261	0.04174	0.01648	0.00987	0.28490	0.06592	0.05948	0.01421	0.01487	0.01047	0.00713	0.00542	0.00200	0.00595	0.00505	0.04329	0.00914
3	0.00940	0.00705	0.01058	0.01058	0.01176	0.00823	0.00823	0.01176	0.01058	0.01528	0.01763	0.02586	0.01646	0.04937	0.74255	0.01058	0.01763	0.00705	0.00353	0.00588
4	0.06977	0.01313	0.01440	0.01250	0.01647	0.01422	0.00992	0.08043	0.40734	0.12988	0.02441	0.05265	0.01908	0.00917	0.00656	0.00214	0.00538	0.04009	0.00648	0.06599
5	0.01719	0.33549	0.21407	0.01800	0.08673	0.04735	0.07933	0.09255	0.01590	0.02070	0.01126	0.01321	0.00903	0.00609	0.00560	0.00178	0.00838	0.00475	0.00331	0.00926
6	0.00805	0.00587	0.00758	0.00886	0.00949	0.00541	0.00599	0.00933	0.01312	0.01732	0.06864	0.65784	0.11849	0.01989	0.00831	0.00260	0.00374	0.01790	0.00616	0.00541
7	0.00810	0.00579	0.00771	0.00911	0.00957	0.00540	0.00612	0.00938	0.01299	0.01743	0.08074	0.71812	0.04474	0.02016	0.00836	0.00263	0.00377	0.01828	0.00618	0.00540
8	0.01746	0.21538	0.08229	0.11034	0.09599	0.10835	0.10870	0.02110	0.02535	0.06145	0.01194	0.01473	0.00957	0.00675	0.00753	0.00196	0.08376	0.00529	0.00340	0.00864
9	0.07489	0.01429	0.01722	0.08597	0.05942	0.04238	0.04431	0.15119	0.18180	0.15361	0.02277	0.02376	0.06147	0.00857	0.00663	0.00212	0.00657	0.02761	0.00586	0.00954
10	0.01341	0.00743	0.00779	0.00729	0.00931	0.00748	0.00559	0.06026	0.03872	0.05083	0.05862	0.02760	0.06429	0.00860	0.00523	0.00167	0.00352	0.00696	0.60863	0.00675
11	0.02156	0.01574	0.01707	0.01379	0.01828	0.01734	0.01114	0.41404	0.22259	0.07997	0.02183	0.02112	0.04787	0.00916	0.00737	0.03107	0.00632	0.00677	0.00656	0.01041
12	0.01773	0.09795	0.34014	0.01843	0.05190	0.05677	0.09032	0.12072	0.04400	0.07974	0.01392	0.01532	0.01010	0.00662	0.00630	0.00199	0.00880	0.00543	0.00401	0.00978
13	0.01625	0.13336	0.07097	0.02421	0.03068	0.05892	0.52696	0.02116	0.01531	0.01995	0.01244	0.01615	0.00959	0.00567	0.00706	0.00206	0.01046	0.00679	0.00323	0.00879
14	0.27465	0.00916	0.00938	0.00853	0.01126	0.00956	0.00665	0.01748	0.01386	0.12143	0.11821	0.04638	0.05457	0.05493	0.06362	0.00287	0.00542	0.00715	0.15793	0.00697
15	0.01630	0.01554	0.02590	0.03853	0.67828	0.01569	0.01953	0.02123	0.06360	0.02193	0.01338	0.01687	0.01110	0.00608	0.00653	0.00197	0.00764	0.00598	0.00350	0.01043
16	0.00947	0.00642	0.00726	0.00726	0.00742	0.00640	0.00418	0.00964	0.00990	0.01312	0.02317	0.04364	0.06223	0.70421	0.05486	0.00629	0.00658	0.00973	0.00409	0.00414
17	0.47060	0.01206	0.01213	0.01000	0.01452	0.01254	0.00825	0.02494	0.01455	0.33767	0.01654	0.01583	0.01115	0.00700	0.00519	0.00204	0.00532	0.00490	0.00586	0.00892
18	0.00831	0.00645	0.00752	0.00804	0.00950	0.00575	0.00587	0.01001	0.01447	0.01836	0.12297	0.27434	0.36740	0.04656	0.00906	0.00257	0.00379	0.06736	0.00615	0.00554
19	0.00824	0.00659	0.00738	0.00739	0.00923	0.00572	0.00546	0.01026	0.01578	0.02012	0.24997	0.13379	0.46450	0.01618	0.00784	0.00223	0.00332	0.01384	0.00643	0.00572
20	0.01025	0.00767	0.01107	0.01083	0.01222	0.00889	0.00846	0.04914	0.01168	0.01669	0.01754	0.02532	0.01617	0.04714	0.70290	0.01012	0.01707	0.00699	0.00369	0.00616
21	0.00821	0.00599	0.00740	0.00843	0.00908	0.00554	0.00560	0.00928	0.01256	0.01637	0.03923	0.53327	0.15926	0.13295	0.01209	0.00316	0.00412	0.01649	0.00579	0.00518
22	0.01367	0.01319	0.01820	0.01576	0.01576	0.01808	0.01283	0.01490	0.01001	0.01538	0.01047	0.01874	0.01095	0.12591	0.02340	0.00341	0.64325	0.00634	0.00305	0.00672
23	0.01881	0.64456	0.03176	0.01225	0.01749	0.14976	0.01152	0.02085	0.01429	0.01560	0.00933	0.01079	0.00845	0.00583	0.00452	0.00146	0.00787	0.00364	0.00292	0.00831
24	0.01485	0.01253	0.01623	0.01256	0.04443	0.01031	0.05325	0.04052	0.01448	0.04762	0.01239	0.01443	0.01004	0.00538	0.00576	0.00122	0.02861	0.00445	0.00405	0.64688
25	0.00817	0.00594	0.00772	0.00899	0.00965	0.00550	0.00618	0.00954	0.01326	0.01754	0.07782	0.63431	0.10715	0.01977	0.00833	0.00261	0.00382	0.04208	0.00617	0.00544
26	0.00937	0.00771	0.00902	0.01054	0.03774	0.04739	0.00695	0.01086	0.01374	0.01784	0.09512	0.57804	0.09425	0.01836	0.00809	0.00250	0.00433	0.01645	0.00595	0.00576
27	0.01676	0.47042	0.02593	0.01115	0.01585	0.01976	0.01022	0.04045	0.04062	0.06346	0.01294	0.01550	0.01124	0.03380	0.11696	0.00299	0.00828	0.00468	0.00366	0.07534
28	0.02090	0.31621	0.02469	0.01453	0.01860	0.37752	0.01212	0.04748	0.01635	0.01676	0.01011	0.01204	0.00880	0.00783	0.02671	0.00191	0.05199	0.00419	0.00326	0.00800
29	0.01665	0.01305	0.01564	0.07592	0.04259	0.01320	0.01043	0.20867	0.01824	0.02671	0.01416	0.01643	0.01112	0.00684	0.00677	0.00162	0.06233	0.00519	0.12934	0.30510
30	0.11376	0.00821	0.00968	0.01016	0.01187	0.00851	0.00788	0.01483	0.06974	0.04404	0.03024	0.23774	0.06426	0.08997	0.05059	0.00341	0.00579	0.20741	0.00561	0.00630
31	0.01614	0.12432	0.33544	0.02142	0.10054	0.06059	0.15301	0.07352	0.01586	0.02156	0.01203	0.01449	0.00912	0.00615	0.00632	0.00198	0.00938	0.00540	0.00327	0.00946
32	0.00943	0.00694	0.01001	0.01001	0.01099	0.00792	0.00752	0.01139	0.01041	0.01486	0.01816	0.02875	0.01771	0.17009	0.62355	0.00988	0.01575	0.00748	0.00360	0.00556
33	0.00882	0.00653	0.00822	0.00818	0.00962	0.00594	0.00599	0.01131	0.01689	0.02315	0.48437	0.18565	0.17031	0.01534	0.00789	0.00221	0.00328	0.01352	0.00684	0.00594
34	0.12231	0.04429	0.07518	0.14285	0.02414	0.35608	0.01389	0.08269	0.01700	0.02054	0.01085	0.01327	0.00859	0.00686	0.00642	0.00192	0.03687	0.00467	0.00360	0.00800

[dist]
# distance from previous block
# <min> <max>
0	1

[block]
# block no. 5 follows, 33 sequences, length 65
# corresponding to MSA columns:
# 215-279
name=unknown_F
#
# <colnr> <probs for GDERKNQSTAVLIFYWHMCP>
#	G	D	E	R	K	N	Q	S	T	A	V	L	I	F	Y	W	H	M	C	P
0	0.00954	0.00717	0.00789	0.00753	0.00992	0.00604	0.00566	0.01141	0.01522	0.05844	0.11654	0.12350	0.51439	0.01552	0.00758	0.00216	0.00359	0.01312	0.00618	0.05862
1	0.00813	0.00581	0.00776	0.00929	0.00972	0.00544	0.00630	0.00935	0.01271	0.01693	0.03622	0.73540	0.04330	0.02052	0.00843	0.00269	0.00391	0.04658	0.00611	0.00538
2	0.01403	0.00839	0.00862	0.00798	0.01016	0.00888	0.00614	0.08276	0.11188	0.02654	0.02168	0.02373	0.01678	0.00787	0.00508	0.00167	0.00375	0.00630	0.62056	0.00720
3	0.02203	0.01867	0.01796	0.01479	0.01929	0.11322	0.01183	0.38888	0.26224	0.03343	0.01881	0.01827	0.01387	0.00811	0.00654	0.00203	0.00716	0.00622	0.00621	0.01047
4	0.03296	0.09613	0.58113	0.01746	0.02605	0.04576	0.02142	0.02186	0.05964	0.02083	0.01243	0.01415	0.00909	0.00639	0.00604	0.00202	0.00918	0.00486	0.00309	0.00952
5	0.01635	0.07603	0.20287	0.07779	0.14106	0.05310	0.12998	0.05236	0.04639	0.05622	0.01436	0.01669	0.02279	0.00646	0.00640	0.00195	0.00854	0.00580	0.00373	0.06113
6	0.00965	0.00650	0.00754	0.00765	0.00784	0.00648	0.00465	0.01004	0.01041	0.01390	0.04947	0.04602	0.02663	0.67420	0.03039	0.00592	0.00623	0.06793	0.00430	0.00426
7	0.01047	0.00750	0.00916	0.00853	0.01054	0.00704	0.00647	0.01450	0.07299	0.05577	0.51361	0.04875	0.18266	0.01348	0.00763	0.00211	0.00342	0.01170	0.00703	0.00664
8	0.09562	0.02516	0.09325	0.01651	0.04409	0.38192	0.01337	0.07508	0.12507	0.02164	0.01324	0.01446	0.01039	0.00722	0.00655	0.00192	0.03686	0.00497	0.00411	0.00857
9	0.01128	0.00759	0.00976	0.01058	0.01209	0.00756	0.00844	0.03841	0.04424	0.04438	0.03318	0.28728	0.04761	0.01675	0.00810	0.00264	0.00496	0.30845	0.09032	0.00637
10	0.01099	0.00743	0.00904	0.00877	0.01091	0.00676	0.00687	0.01389	0.03657	0.08739	0.27787	0.07927	0.28991	0.01494	0.00785	0.00229	0.00394	0.11210	0.00669	0.00651
11	0.01510	0.01515	0.02486	0.31542	0.29418	0.05279	0.11814	0.01992	0.04296	0.01958	0.01272	0.01711	0.01001	0.00627	0.00670	0.00209	0.00877	0.00612	0.00328	0.00884
12	0.01579	0.01542	0.02446	0.19063	0.47956	0.04597	0.04086	0.02078	0.06310	0.02067	0.01317	0.01700	0.01064	0.00626	0.00656	0.00202	0.00812	0.00596	0.00343	0.00959
13	0.00965	0.00735	0.01078	0.01064	0.01167	0.00866	0.00820	0.01178	0.01048	0.01512	0.01744	0.02663	0.01666	0.10240	0.65424	0.00989	0.05189	0.00718	0.00353	0.00580
14	0.01631	0.01994	0.07453	0.02561	0.03178	0.09336	0.56015	0.02137	0.01552	0.02030	0.01268	0.01676	0.00967	0.00600	0.00815	0.00219	0.04653	0.00714	0.00328	0.00871
15	0.05072	0.00816	0.00937	0.00899	0.01133	0.00795	0.00719	0.03875	0.04779	0.08553	0.15023	0.04578	0.18986	0.01271	0.00702	0.00218	0.00426	0.13709	0.16826	0.00686
16	0.00832	0.00597	0.00787	0.00921	0.00978	0.00560	0.00636	0.00968	0.01303	0.01732	0.06462	0.63139	0.06742	0.04524	0.00926	0.00279	0.00404	0.07061	0.00608	0.00540
17	0.00859	0.00646	0.00810	0.00903	0.01004	0.00612	0.00639	0.01084	0.04298	0.01818	0.08874	0.49821	0.16420	0.01987	0.03517	0.00284	0.00436	0.04806	0.00612	0.00571
18	0.01144	0.00572	0.00858	0.00858	0.00858	0.00572	0.00572	0.00858	0.00858	0.01144	0.01144	0.02001	0.01144	0.02287	0.02573	0.80846	0.00572	0.00572	0.00286	0.00286
19	0.00963	0.00658	0.00781	0.00799	0.00832	0.00663	0.00511	0.01021	0.01049	0.01393	0.02367	0.04634	0.04683	0.60631	0.07712	0.00613	0.00700	0.09122	0.00428	0.00442
20	0.58990	0.01305	0.01109	0.00954	0.01356	0.01486	0.00782	0.14092	0.01499	0.03113	0.01165	0.01307	0.00888	0.00659	0.00458	0.00197	0.00526	0.00426	0.08912	0.00775
21	0.01825	0.65441	0.06349	0.01203	0.01781	0.02494	0.01198	0.09782	0.01540	0.01868	0.01003	0.01130	0.00876	0.00592	0.00458	0.00150	0.00718	0.00385	0.00324	0.00882
22	0.00972	0.00736	0.00877	0.00818	0.01014	0.00680	0.00620	0.04966	0.01823	0.02466	0.48888	0.05157	0.25719	0.01411	0.00770	0.00211	0.00340	0.01217	0.00687	0.00629
23	0.01584	0.01370	0.01549	0.01366	0.01731	0.01554	0.04146	0.04556	0.60873	0.02707	0.06218	0.05251	0.02248	0.00942	0.00686	0.00224	0.00536	0.00807	0.00655	0.00996
24	0.01772	0.01623	0.01679	0.01614	0.07336	0.08913	0.01174	0.09242	0.47507	0.02653	0.03696	0.02182	0.01764	0.00862	0.00744	0.00217	0.04754	0.00686	0.00589	0.00995
25	0.02257	0.01612	0.01810	0.01447	0.04053	0.01678	0.01146	0.48095	0.02574	0.09624	0.01651	0.04017	0.01240	0.00773	0.00634	0.00182	0.00659	0.00604	0.00612	0.15334
26	0.01365	0.06575	0.62938	0.01937	0.02859	0.01592	0.09548	0.02082	0.01405	0.02063	0.01185	0.01416	0.00852	0.00615	0.00632	0.00207	0.00975	0.00511	0.00284	0.00958
27	0.72804	0.01256	0.01030	0.00900	0.01318	0.01420	0.00741	0.02076	0.01205	0.10743	0.01103	0.01199	0.00815	0.00634	0.00436	0.00204	0.00515	0.00390	0.00453	0.00758
28	0.00811	0.00579	0.00774	0.00927	0.00969	0.00542	0.00626	0.00932	0.01269	0.01690	0.03624	0.74073	0.04335	0.02054	0.00843	0.00269	0.00390	0.04145	0.00611	0.00537
29	0.01554	0.01776	0.03885	0.02775	0.03441	0.01665	0.70366	0.02109	0.01554	0.02109	0.01332	0.01776	0.00999	0.00555	0.00777	0.00222	0.01110	0.00777	0.00333	0.00888
30	0.01140	0.00782	0.00979	0.00898	0.01104	0.00749	0.00684	0.01603	0.09208	0.07540	0.56786	0.04543	0.08856	0.01277	0.00757	0.00209	0.00351	0.01117	0.00719	0.00697
31	0.02662	0.01178	0.01521	0.01192	0.01660	0.01090	0.00974	0.13295	0.02034	0.55075	0.06088	0.06358	0.01937	0.00907	0.00677	0.00206	0.00563	0.00745	0.00775	0.01062
32	0.02459	0.03138	0.01866	0.01696	0.02035	0.74221	0.01272	0.02629	0.01866	0.01611	0.01018	0.01187	0.00848	0.00678	0.00594	0.00170	0.01187	0.00424	0.00339	0.00763
33	0.06943	0.01425	0.01608	0.01290	0.01753	0.04817	0.01058	0.23613	0.04891	0.35790	0.02142	0.02226	0.01518	0.00979	0.03000	0.00234	0.00677	0.04316	0.00690	0.01032
34	0.00845	0.00588	0.00780	0.00912	0.00950	0.00557	0.00614	0.00940	0.01228	0.01634	0.03366	0.62977	0.03999	0.08667	0.01148	0.04131	0.00425	0.05147	0.00577	0.00515
35	0.01647	0.01615	0.02600	0.07554	0.66091	0.04847	0.01977	0.02031	0.01506	0.02103	0.01225	0.01616	0.01026	0.00594	0.00649	0.00196	0.00805	0.00579	0.00325	0.01014
36	0.00971	0.00707	0.00847	0.00801	0.00989	0.00644	0.00599	0.01271	0.03851	0.04573	0.45080	0.05175	0.26355	0.04188	0.00865	0.00228	0.00344	0.01213	0.00679	0.00621
37	0.01264	0.01310	0.05935	0.68257	0.07302	0.01471	0.01870	0.01718	0.01328	0.01724	0.01174	0.01730	0.00882	0.00653	0.00656	0.00218	0.00879	0.00580	0.00293	0.00758
38	0.01556	0.01820	0.09771	0.06849	0.19622	0.01659	0.36153	0.04362	0.01521	0.02120	0.01257	0.01670	0.00980	0.00631	0.00835	0.00219	0.07052	0.00672	0.00331	0.00918
39	0.00974	0.00671	0.00806	0.00829	0.00868	0.00679	0.00527	0.03110	0.01113	0.01493	0.02407	0.19291	0.02751	0.50430	0.08488	0.00570	0.00679	0.03390	0.00454	0.00472
40	0.01365	0.01170	0.01365	0.00975	0.01560	0.00878	0.00780	0.01658	0.01365	0.02145	0.01170	0.01365	0.00975	0.00488	0.00488	0.00098	0.00488	0.00390	0.00390	0.80888
41	0.01026	0.00656	0.00778	0.00777	0.00815	0.00657	0.00477	0.01076	0.01040	0.04015	0.02196	0.09943	0.02436	0.58890	0.09207	0.00612	0.00702	0.00987	0.03250	0.00461
42	0.00803	0.00597	0.00749	0.00860	0.00942	0.00543	0.00588	0.00938	0.01339	0.01747	0.07536	0.58318	0.18748	0.01945	0.00824	0.00255	0.00368	0.01738	0.00617	0.00543
43	0.77474	0.01265	0.00996	0.00881	0.01294	0.01451	0.00726	0.02001	0.01160	0.06567	0.01003	0.01130	0.00760	0.00622	0.00420	0.00204	0.00512	0.00372	0.00428	0.00734
44	0.01112	0.00692	0.00858	0.00834	0.00997	0.00630	0.00604	0.01321	0.01562	0.09604	0.28977	0.19573	0.15484	0.09155	0.01023	0.00263	0.00389	0.01254	0.05047	0.00622
45	0.00804	0.00601	0.00750	0.00865	0.00952	0.00547	0.00598	0.00937	0.01327	0.01713	0.04362	0.57275	0.20873	0.01959	0.00827	0.00258	0.00377	0.03821	0.00611	0.00542
46	0.05244	0.01343	0.03993	0.01227	0.01626	0.01349	0.01030	0.23827	0.11547	0.16085	0.02132	0.02533	0.01662	0.00965	0.00734	0.03857	0.00589	0.07536	0.11794	0.00927
47	0.00995	0.00764	0.00985	0.01022	0.03628	0.00667	0.00705	0.01164	0.01345	0.01868	0.08680	0.39642	0.08177	0.01571	0.00841	0.04624	0.00429	0.03573	0.00542	0.18778
48	0.01736	0.01797	0.02581	0.05598	0.52368	0.12351	0.07070	0.02162	0.04125	0.02076	0.01264	0.01609	0.01041	0.00611	0.00653	0.00195	0.00860	0.00583	0.00340	0.00980
49	0.05565	0.04368	0.05722	0.10523	0.02214	0.15027	0.01256	0.16205	0.05672	0.20172	0.01642	0.01679	0.01164	0.00724	0.00618	0.00191	0.00768	0.00551	0.00534	0.05404
50	0.14082	0.05416	0.24908	0.01547	0.02171	0.13357	0.01549	0.24517	0.01980	0.02794	0.01235	0.01358	0.00912	0.00683	0.00590	0.00195	0.00845	0.00486	0.00432	0.00943
51	0.05563	0.01976	0.04529	0.03481	0.20429	0.20494	0.03037	0.11537	0.06338	0.05041	0.01382	0.01693	0.01126	0.04900	0.00872	0.00223	0.05488	0.00569	0.00419	0.00902
52	0.01611	0.01564	0.02389	0.08792	0.54419	0.05510	0.01814	0.02108	0.07163	0.02160	0.04997	0.01850	0.01363	0.00661	0.00657	0.00199	0.00766	0.00621	0.00372	0.00983
53	0.01031	0.00756	0.00880	0.00878	0.01081	0.00700	0.00685	0.04966	0.01605	0.04535	0.12964	0.11954	0.36497	0.04554	0.00898	0.00254	0.00428	0.14092	0.00625	0.00616
54	0.01352	0.02863	0.53541	0.02147	0.10196	0.01496	0.10519	0.02018	0.01427	0.02078	0.01507	0.01734	0.04817	0.00670	0.00655	0.00210	0.00934	0.00582	0.00308	0.00947
55	0.00949	0.00686	0.00862	0.00924	0.01027	0.00660	0.00658	0.04841	0.01469	0.01964	0.14500	0.43871	0.09319	0.08299	0.01038	0.00286	0.00426	0.07029	0.00613	0.00576
56	0.00854	0.00709	0.00806	0.00876	0.04592	0.00620	0.00594	0.01041	0.01511	0.01885	0.15072	0.08631	0.53134	0.05650	0.00913	0.00243	0.00372	0.01317	0.00601	0.00580
57	0.27841	0.06163	0.05304	0.01106	0.03597	0.01215	0.00912	0.01978	0.01341	0.16461	0.04101	0.01970	0.01417	0.04628	0.13335	0.00361	0.00766	0.00565	0.06155	0.00783
58	0.01553	0.01321	0.02074	0.47085	0.17774	0.01518	0.01736	0.08678	0.03901	0.06034	0.01354	0.01763	0.01014	0.00673	0.00658	0.00212	0.00814	0.00596	0.00377	0.00864
59	0.01011	0.00725	0.00999	0.00979	0.01140	0.00679	0.03817	0.01225	0.01471	0.05322	0.18948	0.24665	0.15485	0.07064	0.05738	0.00322	0.00531	0.08675	0.00601	0.00603
60	0.01375	0.03296	0.66649	0.01925	0.02857	0.04098	0.06574	0.02105	0.01417	0.02070	0.01185	0.01407	0.00845	0.00623	0.00634	0.00208	0.00989	0.00502	0.00284	0.00960
61	0.81514	0.01273	0.00968	0.00866	0.01273	0.01477	0.00713	0.01935	0.01120	0.02954	0.00917	0.01069	0.00713	0.00611	0.00407	0.00204	0.00509	0.00356	0.00407	0.00713
62	0.04413	0.07790	0.08354	0.11134	0.04608	0.05310	0.07888	0.16695	0.04351	0.04635	0.01386	0.01610	0.01062	0.00834	0.03694	0.00220	0.00807	0.00547	0.02221	0.12443
63	0.03472	0.00743	0.00996	0.05557	0.01307	0.00722	0.02952	0.03011	0.01439	0.03596	0.11717	0.44742	0.13901	0.01677	0.00788	0.00244	0.00438	0.01497	0.00595	0.00606
64	0.01481	0.06462	0.09477	0.06897	0.01789	0.02695	0.01112	0.10917	0.06751	0.05471	0.02061	0.07348	0.05974	0.14553	0.05256	0.00329	0.04971	0.00767	0.00461	0.05228

[dist]
# distance from previous block
# <min> <max>
0	2

[block]
# block no. 6 follows, 33 sequences, length 36
# corresponding to MSA columns:
# 282-317
name=unknown_G
#
# <colnr> <probs for GDERKNQSTAVLIFYWHMCP>
#	G	D	E	R	K	N	Q	S	T	A	V	L	I	F	Y	W	H	M	C	P
0	0.07551	0.23472	0.13086	0.04547	0.07991	0.15043	0.03986	0.09736	0.04986	0.02160	0.01183	0.01356	0.00943	0.00643	0.00562	0.00181	0.00839	0.00475	0.00366	0.00893
1	0.01159	0.00944	0.01229	0.04422	0.01407	0.04922	0.03468	0.05090	0.01217	0.01642	0.01697	0.02676	0.01628	0.17246	0.43603	0.04617	0.01346	0.00721	0.00371	0.00595
2	0.05891	0.17727	0.04387	0.01591	0.06884	0.24204	0.01245	0.11657	0.08047	0.04916	0.01389	0.01622	0.01131	0.00716	0.00580	0.00180	0.00828	0.02840	0.00430	0.03737
3	0.01515	0.01078	0.01404	0.01166	0.01489	0.02884	0.06277	0.05769	0.02706	0.12700	0.04378	0.19738	0.02265	0.12393	0.01114	0.00262	0.02438	0.00943	0.00530	0.18950
4	0.06334	0.07215	0.02243	0.01817	0.07700	0.20015	0.12566	0.11434	0.01865	0.18700	0.01562	0.02978	0.01162	0.00711	0.00636	0.00193	0.00853	0.00590	0.00494	0.00934
5	0.03713	0.07931	0.01979	0.04274	0.16130	0.01624	0.01278	0.21195	0.06079	0.08437	0.06805	0.02039	0.01593	0.03830	0.04848	0.00265	0.05897	0.00643	0.00508	0.00934
6	0.00849	0.00600	0.00759	0.00853	0.00898	0.00567	0.00557	0.00953	0.01243	0.01662	0.08798	0.50976	0.06293	0.20105	0.01441	0.00351	0.00437	0.01580	0.00569	0.00509
7	0.01492	0.18082	0.54214	0.01714	0.02558	0.07134	0.02086	0.02103	0.01415	0.01943	0.01116	0.01308	0.00837	0.00617	0.00583	0.00192	0.00935	0.00455	0.00283	0.00932
8	0.02302	0.01873	0.01737	0.07888	0.02076	0.23219	0.01200	0.13455	0.09111	0.21318	0.01788	0.04080	0.01333	0.00821	0.00726	0.00202	0.04769	0.00615	0.00553	0.00932
9	0.01130	0.00960	0.01285	0.01619	0.19264	0.00917	0.00965	0.03632	0.04234	0.02101	0.10508	0.06896	0.35136	0.01281	0.00730	0.00215	0.00476	0.03567	0.04359	0.00726
10	0.00848	0.00602	0.00797	0.00932	0.00982	0.00571	0.00645	0.00979	0.01277	0.01701	0.05052	0.60668	0.04163	0.08450	0.01063	0.00302	0.00428	0.09411	0.00595	0.00533
11	0.05281	0.01456	0.01895	0.01529	0.04201	0.03695	0.09083	0.21081	0.05900	0.29756	0.07551	0.02136	0.01724	0.00805	0.00672	0.00204	0.00671	0.00682	0.00656	0.01021
12	0.01693	0.01567	0.02642	0.03595	0.58006	0.01573	0.07661	0.04309	0.05963	0.04481	0.01390	0.01711	0.01121	0.00617	0.00664	0.00200	0.00785	0.00615	0.00374	0.01035
13	0.10779	0.01762	0.09587	0.04053	0.07505	0.14355	0.03717	0.04292	0.01518	0.15157	0.01522	0.01839	0.01197	0.04744	0.11966	0.00351	0.03805	0.00576	0.00438	0.00839
14	0.01053	0.00887	0.01215	0.01163	0.01307	0.04764	0.03089	0.01293	0.01115	0.01553	0.01688	0.02458	0.01563	0.04478	0.66214	0.00965	0.03545	0.00690	0.00350	0.00610
15	0.04614	0.01537	0.04021	0.01320	0.01875	0.03643	0.05924	0.19123	0.07562	0.04666	0.01433	0.01546	0.01097	0.00625	0.00575	0.00154	0.00634	0.00507	0.00483	0.38660
16	0.01638	0.01598	0.04539	0.18938	0.26806	0.04345	0.07925	0.10058	0.10642	0.02343	0.03679	0.01850	0.01283	0.00691	0.00669	0.00207	0.00800	0.00634	0.00413	0.00942
17	0.00802	0.00573	0.00764	0.00917	0.00955	0.00535	0.00611	0.00917	0.01260	0.01681	0.03628	0.76434	0.04354	0.02062	0.00840	0.00267	0.00382	0.01872	0.00611	0.00535
18	0.00827	0.00650	0.00750	0.00787	0.00948	0.00573	0.00580	0.01013	0.01506	0.01916	0.17305	0.23547	0.40122	0.01717	0.00800	0.00235	0.00357	0.05171	0.00631	0.00565
19	0.01594	0.01955	0.13259	0.02467	0.11371	0.05951	0.37690	0.04277	0.01609	0.04268	0.03854	0.02025	0.05106	0.00678	0.00721	0.00212	0.00958	0.00728	0.00377	0.00899
20	0.00827	0.00620	0.00760	0.00857	0.00957	0.00566	0.00604	0.00969	0.01345	0.01731	0.05888	0.45835	0.23454	0.05878	0.00960	0.00276	0.00398	0.06933	0.00602	0.00541
21	0.01253	0.01112	0.01813	0.64333	0.04027	0.01344	0.01650	0.01655	0.01357	0.04253	0.01833	0.02282	0.08867	0.00776	0.00672	0.00219	0.00806	0.00677	0.00347	0.00726
22	0.01506	0.01848	0.09212	0.09529	0.03497	0.01635	0.58537	0.02067	0.01518	0.02067	0.01305	0.01743	0.00974	0.00570	0.00754	0.00221	0.01077	0.00736	0.00325	0.00880
23	0.01533	0.01942	0.11878	0.02646	0.05770	0.01644	0.56658	0.02169	0.04868	0.02138	0.01375	0.01758	0.01029	0.00580	0.00750	0.00220	0.01054	0.00735	0.00342	0.00911
24	0.01355	0.01317	0.02332	0.52901	0.17864	0.01506	0.09739	0.01798	0.01380	0.01823	0.01202	0.01733	0.00924	0.00632	0.00671	0.00215	0.00885	0.00607	0.00304	0.00811
25	0.01558	0.01764	0.03818	0.02845	0.07269	0.01659	0.66592	0.02104	0.01551	0.02111	0.01327	0.01768	0.01001	0.00557	0.00770	0.00221	0.01092	0.00766	0.00333	0.00896
26	0.02279	0.02847	0.01795	0.01637	0.01943	0.64689	0.01236	0.02454	0.01758	0.01602	0.01082	0.01328	0.00924	0.01097	0.07584	0.00258	0.03946	0.00456	0.00339	0.00745
27	0.01211	0.01151	0.03828	0.12407	0.01978	0.03704	0.09411	0.03777	0.05426	0.04511	0.06817	0.07870	0.32848	0.01214	0.00737	0.00220	0.00596	0.01057	0.00525	0.00711
28	0.01750	0.16709	0.42918	0.01621	0.02410	0.01619	0.04301	0.02298	0.01489	0.16764	0.01431	0.01518	0.01007	0.00651	0.00600	0.00195	0.00842	0.00508	0.00392	0.00977
29	0.00932	0.00688	0.00966	0.06895	0.01376	0.00688	0.00857	0.01148	0.01391	0.01843	0.08147	0.42716	0.04020	0.01821	0.00844	0.00271	0.00491	0.23734	0.00592	0.00580
30	0.01542	0.08096	0.17716	0.02337	0.02989	0.04084	0.42930	0.02064	0.01466	0.01998	0.01218	0.01593	0.00937	0.00626	0.00832	0.00217	0.07503	0.00656	0.00314	0.00883
31	0.01290	0.01211	0.02045	0.70564	0.04425	0.01486	0.04343	0.03603	0.01374	0.01766	0.01187	0.01751	0.00889	0.00658	0.00663	0.00219	0.00882	0.00592	0.00304	0.00748
32	0.00854	0.00660	0.00845	0.00932	0.00997	0.00659	0.00651	0.00976	0.01269	0.01675	0.03858	0.56233	0.15326	0.04642	0.01026	0.00275	0.06342	0.01656	0.00578	0.00548
33	0.00916	0.00730	0.00839	0.00876	0.01064	0.00683	0.00678	0.01246	0.07039	0.01939	0.09837	0.16614	0.38618	0.01672	0.00804	0.00244	0.00408	0.14565	0.00623	0.00606
34	0.01229	0.01141	0.01889	0.61914	0.08686	0.01373	0.01709	0.01642	0.01362	0.01757	0.03768	0.02267	0.04940	0.00765	0.00676	0.00220	0.00816	0.02775	0.00335	0.00735
35	0.01350	0.07485	0.57584	0.01892	0.02760	0.01562	0.10302	0.02025	0.01400	0.02036	0.01300	0.04991	0.01022	0.00682	0.00641	0.00209	0.00945	0.00579	0.00301	0.00934

[dist]
# distance from previous block
# <min> <max>
0	1

[block]
# block no. 7 follows, 33 sequences, length 21
# corresponding to MSA columns:
# 319-339
name=unknown_H
#
# <colnr> <probs for GDERKNQSTAVLIFYWHMCP>
#	G	D	E	R	K	N	Q	S	T	A	V	L	I	F	Y	W	H	M	C	P
0	0.01554	0.01776	0.03885	0.02775	0.03441	0.01665	0.70366	0.02109	0.01554	0.02109	0.01332	0.01776	0.00999	0.00555	0.00777	0.00222	0.01110	0.00777	0.00333	0.00888
1	0.01760	0.77260	0.03450	0.01126	0.01690	0.02605	0.01126	0.01971	0.01338	0.01549	0.00915	0.01056	0.00845	0.00563	0.00422	0.00141	0.00704	0.00352	0.00282	0.00845
