[name]
unknown

[dist]
# distance from previous block
# <min> <max>
0	39

[block]
# block no. 0 follows, 33 sequences, length 58
# corresponding to MSA columns:
# 45-102
name=unknown_A
#
# <colnr> <probs for GDERKNQSTAVLIFYWHMCP>
#	G	D	E	R	K	N	Q	S	T	A	V	L	I	F	Y	W	H	M	C	P
0	0.01541	0.11952	0.08024	0.04923	0.01769	0.03744	0.01136	0.07691	0.11511	0.07111	0.09820	0.10788	0.04167	0.01062	0.00728	0.00213	0.03336	0.06513	0.00530	0.03441
1	0.09115	0.08836	0.07299	0.07734	0.01969	0.07922	0.04525	0.05899	0.03774	0.02087	0.02141	0.02291	0.13703	0.00863	0.00763	0.00195	0.08389	0.00651	0.00411	0.11434
2	0.12856	0.09870	0.17403	0.05416	0.09675	0.12298	0.01451	0.07135	0.03840	0.02219	0.01449	0.04833	0.03217	0.00731	0.00584	0.00191	0.00782	0.00560	0.00383	0.05105
3	0.03641	0.01559	0.09303	0.04965	0.01944	0.03730	0.05340	0.14567	0.14942	0.07498	0.05762	0.06433	0.03545	0.00866	0.00648	0.00200	0.00640	0.00727	0.07003	0.06687
4	0.01786	0.15423	0.15825	0.04510	0.02361	0.05204	0.13076	0.16978	0.04348	0.04739	0.01611	0.01753	0.04567	0.00704	0.00626	0.00191	0.00818	0.00591	0.00427	0.04462
5	0.01098	0.00896	0.06412	0.00969	0.01146	0.00787	0.00784	0.01326	0.01213	0.05280	0.08086	0.06190	0.02280	0.21036	0.30360	0.00645	0.01029	0.00829	0.09035	0.00601
6	0.00949	0.00743	0.00868	0.00832	0.01027	0.00701	0.00625	0.01364	0.08883	0.02331	0.40988	0.08132	0.27242	0.01434	0.00769	0.00216	0.00343	0.01238	0.00677	0.00640
7	0.02399	0.03152	0.05661	0.01706	0.02078	0.70367	0.01334	0.02600	0.01840	0.01636	0.01026	0.01198	0.00847	0.00676	0.00595	0.00172	0.01176	0.00427	0.00336	0.00774
8	0.04878	0.02220	0.09942	0.08235	0.05735	0.23537	0.01423	0.21443	0.02066	0.12157	0.01428	0.01531	0.01036	0.00714	0.00627	0.00193	0.00879	0.00530	0.00483	0.00944
9	0.05039	0.04407	0.00882	0.00789	0.00871	0.00750	0.00515	0.01069	0.01145	0.01587	0.07787	0.18327	0.07294	0.44240	0.02212	0.00461	0.00541	0.01121	0.00473	0.00490
10	0.08238	0.01107	0.01455	0.01132	0.01616	0.00984	0.00932	0.03017	0.01831	0.64650	0.06183	0.02302	0.01810	0.00829	0.00651	0.00204	0.00543	0.00669	0.00782	0.01066
11	0.01261	0.01651	0.16249	0.17347	0.05128	0.04692	0.08771	0.01652	0.01397	0.01855	0.06075	0.02872	0.11766	0.07888	0.01047	0.00260	0.06165	0.02794	0.00386	0.00743
12	0.01144	0.00572	0.00858	0.00858	0.00858	0.00572	0.00572	0.00858	0.00858	0.01144	0.01144	0.02001	0.01144	0.02287	0.02573	0.80846	0.00572	0.00572	0.00286	0.00286
13	0.01530	0.01957	0.11997	0.02733	0.06887	0.01644	0.58917	0.02101	0.01532	0.02108	0.01309	0.01723	0.00982	0.00565	0.00753	0.00219	0.01077	0.00733	0.00326	0.00906
14	0.01793	0.01482	0.05444	0.01407	0.06649	0.06363	0.03627	0.02180	0.04629	0.16159	0.01519	0.01608	0.01139	0.00601	0.00567	0.00147	0.00623	0.00495	0.00470	0.43097
15	0.01760	0.77260	0.03450	0.01126	0.01690	0.02605	0.01126	0.01971	0.01338	0.01549	0.00915	0.01056	0.00845	0.00563	0.00422	0.00141	0.00704	0.00352	0.00282	0.00845
16	0.05601	0.18180	0.36947	0.01888	0.10070	0.07961	0.03639	0.02138	0.01442	0.04741	0.01164	0.01357	0.00889	0.00618	0.00578	0.00190	0.00879	0.00472	0.00318	0.00927
17	0.01526	0.30422	0.14512	0.01536	0.08362	0.07626	0.01325	0.04267	0.01449	0.01827	0.01675	0.19317	0.01715	0.00954	0.00601	0.00192	0.00720	0.00777	0.00383	0.00814
18	0.01216	0.00809	0.00996	0.00939	0.01148	0.00771	0.00734	0.06544	0.01748	0.08229	0.31036	0.05082	0.16151	0.08424	0.01022	0.00266	0.00450	0.13115	0.00656	0.00665
19	0.01643	0.04335	0.02604	0.15223	0.10831	0.04889	0.22575	0.09660	0.09918	0.02245	0.01433	0.01766	0.01114	0.00820	0.03010	0.00240	0.05751	0.00651	0.00397	0.00894
20	0.02038	0.02239	0.04547	0.08664	0.05718	0.34132	0.06126	0.12054	0.01885	0.04283	0.04929	0.04081	0.01340	0.00773	0.00675	0.00193	0.02532	0.00599	0.02360	0.00833
21	0.01227	0.00614	0.00614	0.00614	0.00767	0.00614	0.00460	0.01534	0.01381	0.02454	0.02148	0.02454	0.01687	0.00767	0.00460	0.00153	0.00307	0.00614	0.80518	0.00614
22	0.01033	0.04619	0.01060	0.00982	0.01097	0.00833	0.00705	0.04755	0.01318	0.01773	0.02884	0.47744	0.03348	0.13123	0.01239	0.00307	0.04148	0.03925	0.00538	0.04570
23	0.06277	0.05965	0.02357	0.01935	0.05799	0.32224	0.14618	0.09816	0.01751	0.02080	0.01122	0.01385	0.00912	0.00712	0.00816	0.00199	0.10296	0.00531	0.00367	0.00837
24	0.01227	0.00614	0.00614	0.00614	0.00767	0.00614	0.00460	0.01534	0.01381	0.02454	0.02148	0.02454	0.01687	0.00767	0.00460	0.00153	0.00307	0.00614	0.80518	0.00614
25	0.20116	0.01612	0.04257	0.01892	0.09594	0.04512	0.12662	0.10818	0.01496	0.02395	0.01147	0.01494	0.00941	0.00975	0.04649	0.00267	0.19396	0.00560	0.00380	0.00836
26	0.01622	0.01217	0.01415	0.11981	0.01922	0.03957	0.01030	0.09371	0.21914	0.10691	0.13206	0.06559	0.06375	0.04781	0.00827	0.00236	0.00580	0.00855	0.00607	0.00855
27	0.01679	0.01751	0.05755	0.19874	0.28945	0.11493	0.03283	0.04936	0.03155	0.03679	0.01256	0.01597	0.00996	0.00644	0.00670	0.00195	0.02541	0.00555	0.00354	0.06641
28	0.00957	0.00638	0.00718	0.00718	0.00718	0.00638	0.00399	0.00957	0.00957	0.01276	0.02074	0.04308	0.02393	0.76864	0.03351	0.00638	0.00638	0.00957	0.00399	0.00399
29	0.02020	0.06444	0.01812	0.01417	0.01850	0.07492	0.01145	0.28677	0.33663	0.03094	0.02047	0.02088	0.01563	0.00845	0.00651	0.00207	0.00664	0.02684	0.00614	0.01024
30	0.00950	0.00639	0.00716	0.00716	0.00725	0.00635	0.00403	0.00957	0.00980	0.01298	0.02267	0.04393	0.05340	0.73703	0.03243	0.00621	0.00625	0.00976	0.00408	0.00405
31	0.00832	0.00600	0.00761	0.00866	0.00940	0.00552	0.00592	0.00943	0.01300	0.01700	0.06641	0.53451	0.16100	0.04755	0.01008	0.04280	0.00395	0.03166	0.00591	0.00526
32	0.01001	0.00822	0.01021	0.00993	0.01164	0.03542	0.03285	0.01303	0.04111	0.02141	0.30888	0.20491	0.14126	0.01698	0.04518	0.00273	0.00499	0.06879	0.00624	0.00621
33	0.01243	0.01170	0.01975	0.75282	0.04534	0.01463	0.01828	0.01682	0.01316	0.01682	0.01170	0.01755	0.00878	0.00658	0.00658	0.00219	0.00878	0.00585	0.00293	0.00731
34	0.01431	0.01362	0.02314	0.40624	0.37724	0.01512	0.01922	0.01847	0.01405	0.01910	0.01203	0.01694	0.00958	0.00623	0.00655	0.00208	0.00831	0.00586	0.00309	0.00883
35	0.01440	0.01440	0.02016	0.01728	0.01728	0.02016	0.01440	0.01584	0.01008	0.01584	0.00864	0.01440	0.00864	0.01152	0.02160	0.00288	0.75659	0.00576	0.00288	0.00720
36	0.01440	0.01440	0.02016	0.01728	0.01728	0.02016	0.01440	0.01584	0.01008	0.01584	0.00864	0.01440	0.00864	0.01152	0.02160	0.00288	0.75659	0.00576	0.00288	0.00720
37	0.01227	0.00614	0.00614	0.00614	0.00767	0.00614	0.00460	0.01534	0.01381	0.02454	0.02148	0.02454	0.01687	0.00767	0.00460	0.00153	0.00307	0.00614	0.80518	0.00614
38	0.01243	0.01170	0.01975	0.75282	0.04534	0.01463	0.01828	0.01682	0.01316	0.01682	0.01170	0.01755	0.00878	0.00658	0.00658	0.00219	0.00878	0.00585	0.00293	0.00731
39	0.01269	0.00654	0.00659	0.00643	0.00809	0.00661	0.00486	0.03819	0.01437	0.02510	0.02129	0.02425	0.01669	0.00768	0.00467	0.00155	0.00321	0.00613	0.77875	0.00630
40	0.01227	0.00614	0.00614	0.00614	0.00767	0.00614	0.00460	0.01534	0.01381	0.02454	0.02148	0.02454	0.01687	0.00767	0.00460	0.00153	0.00307	0.00614	0.80518	0.00614
41	0.81514	0.01273	0.00968	0.00866	0.01273	0.01477	0.00713	0.01935	0.01120	0.02954	0.00917	0.01069	0.00713	0.00611	0.00407	0.00204	0.00509	0.00356	0.00407	0.00713
42	0.41765	0.01535	0.01471	0.14413	0.09019	0.11087	0.01131	0.05613	0.01405	0.02517	0.01089	0.01342	0.00852	0.00641	0.00516	0.00199	0.00694	0.00451	0.03488	0.00773
43	0.00793	0.00668	0.00688	0.00683	0.00899	0.00562	0.00512	0.00974	0.01536	0.01863	0.13153	0.06196	0.65954	0.01636	0.00778	0.00221	0.00331	0.01370	0.00623	0.00562
44	0.00955	0.00649	0.00774	0.00774	0.00793	0.00668	0.00468	0.00993	0.00974	0.01318	0.02023	0.04027	0.02271	0.65105	0.14942	0.00707	0.00822	0.00916	0.00391	0.00430
45	0.01227	0.00614	0.00614	0.00614	0.00767	0.00614	0.00460	0.01534	0.01381	0.02454	0.02148	0.02454	0.01687	0.00767	0.00460	0.00153	0.00307	0.00614	0.80518	0.00614
46	0.28435	0.01556	0.08228	0.01287	0.01789	0.01463	0.03679	0.14903	0.01752	0.24549	0.01591	0.01597	0.01098	0.00733	0.00655	0.00208	0.04442	0.00532	0.00558	0.00944
47	0.02261	0.07712	0.02080	0.06158	0.02180	0.17610	0.04674	0.32105	0.06153	0.08066	0.01492	0.01566	0.01101	0.00727	0.00628	0.00189	0.00822	0.00554	0.00525	0.03397
48	0.01227	0.00614	0.00614	0.00614	0.00767	0.00614	0.00460	0.01534	0.01381	0.02454	0.02148	0.02454	0.01687	0.00767	0.00460	0.00153	0.00307	0.00614	0.80518	0.00614
49	0.02086	0.01383	0.01520	0.01254	0.01667	0.01499	0.01007	0.26093	0.25208	0.14884	0.02204	0.02120	0.01590	0.00825	0.00631	0.00200	0.00563	0.00658	0.13596	0.01012
50	0.09904	0.17281	0.16581	0.01553	0.02083	0.09227	0.06424	0.12727	0.03753	0.02291	0.01192	0.01408	0.00950	0.00855	0.03403	0.00229	0.08383	0.00502	0.00377	0.00879
51	0.01687	0.05488	0.02321	0.11423	0.24832	0.16381	0.05031	0.01978	0.01420	0.01805	0.01107	0.01524	0.00951	0.00883	0.03413	0.00241	0.17803	0.00553	0.00315	0.00843
52	0.00945	0.00638	0.00742	0.00753	0.00763	0.00642	0.00440	0.00968	0.00985	0.01320	0.02164	0.09255	0.02484	0.67145	0.07589	0.00638	0.00690	0.01006	0.00411	0.00420
53	0.01606	0.00932	0.04650	0.00982	0.01276	0.00760	0.00803	0.01879	0.01680	0.25443	0.24484	0.16420	0.07091	0.01230	0.00716	0.00213	0.00439	0.01064	0.07551	0.00782
54	0.01419	0.04682	0.01715	0.22590	0.07975	0.11928	0.01288	0.01604	0.01266	0.01577	0.01298	0.05526	0.01195	0.01549	0.09379	0.15100	0.08303	0.00627	0.00323	0.00657
55	0.00941	0.00702	0.01043	0.01043	0.01155	0.00815	0.00804	0.01166	0.01054	0.01517	0.01777	0.02662	0.01679	0.08112	0.71126	0.01039	0.01714	0.00716	0.00355	0.00579
56	0.01880	0.54294	0.05638	0.01406	0.03537	0.17584	0.03908	0.02120	0.01463	0.01617	0.00970	0.01137	0.00856	0.00590	0.00485	0.00154	0.00833	0.00394	0.00297	0.00839
57	0.05412	0.01476	0.04927	0.10066	0.26095	0.03113	0.03125	0.02290	0.21023	0.02251	0.01994	0.05773	0.04919	0.00806	0.00655	0.00208	0.00678	0.00711	0.00452	0.04025

[dist]
# distance from previous block
# <min> <max>
0	1

[block]
# block no. 1 follows, 33 sequences, length 10
# corresponding to MSA columns:
# 104-113
name=unknown_B
#
# <colnr> <probs for GDERKNQSTAVLIFYWHMCP>
#	G	D	E	R	K	N	Q	S	T	A	V	L	I	F	Y	W	H	M	C	P
0	0.05748	0.04954	0.08135	0.09625	0.22900	0.10149	0.04610	0.13622	0.05991	0.04385	0.01350	0.01581	0.01044	0.00678	0.00663	0.00200	0.02445	0.00559	0.00412	0.00950
1	0.01331	0.01258	0.02106	0.49414	0.24799	0.01439	0.01806	0.01739	0.01382	0.01829	0.01521	0.01992	0.05225	0.00697	0.00663	0.00212	0.00816	0.00634	0.00322	0.00814
2	0.00916	0.00668	0.00861	0.00823	0.00976	0.00613	0.00613	0.01208	0.01811	0.02540	0.65015	0.08614	0.10071	0.01401	0.00780	0.00211	0.00316	0.01237	0.00712	0.00613
3	0.01510	0.01455	0.02441	0.16373	0.45251	0.01587	0.04385	0.01877	0.01398	0.01977	0.01253	0.01830	0.01081	0.00722	0.00884	0.00218	0.11583	0.02930	0.00324	0.00920
4	0.01073	0.00721	0.00907	0.00836	0.01042	0.00643	0.00633	0.01345	0.01757	0.07933	0.49784	0.07936	0.17138	0.01359	0.00760	0.00208	0.00344	0.01183	0.00694	0.03704
5	0.00865	0.00639	0.00809	0.00833	0.00960	0.00582	0.00599	0.01089	0.01607	0.02189	0.39493	0.28924	0.15712	0.01633	0.00798	0.00229	0.00338	0.01447	0.00670	0.00582
6	0.01440	0.01418	0.02598	0.22409	0.24813	0.01466	0.21109	0.03755	0.01503	0.02047	0.03759	0.07754	0.01419	0.00745	0.00708	0.00216	0.00852	0.00762	0.00364	0.00863
7	0.01394	0.01350	0.02098	0.51307	0.20133	0.04706	0.01790	0.01802	0.01386	0.01814	0.01179	0.01679	0.00920	0.00633	0.00644	0.00205	0.00848	0.00567	0.00308	0.05238
8	0.06184	0.01479	0.01930	0.02008	0.19206	0.04324	0.05981	0.21124	0.01836	0.02600	0.01429	0.03771	0.01207	0.04157	0.00935	0.06692	0.02426	0.00614	0.03560	0.08535
9	0.01810	0.14040	0.20321	0.01626	0.06298	0.17217	0.01484	0.05608	0.06416	0.05174	0.01291	0.01425	0.01002	0.00638	0.00574	0.00172	0.00830	0.00474	0.00381	0.13219

[dist]
# distance from previous block
# <min> <max>
1	18

[block]
# block no. 2 follows, 33 sequences, length 30
# corresponding to MSA columns:
# 132-161
name=unknown_C
#
# <colnr> <probs for GDERKNQSTAVLIFYWHMCP>
#	G	D	E	R	K	N	Q	S	T	A	V	L	I	F	Y	W	H	M	C	P
0	0.01788	0.01246	0.04487	0.01092	0.01631	0.00972	0.00914	0.03941	0.04553	0.20797	0.01764	0.06061	0.01387	0.00697	0.00572	0.00148	0.00529	0.00573	0.00529	0.46319
1	0.01485	0.01198	0.01400	0.01008	0.01587	0.00934	0.00809	0.04830	0.01465	0.05284	0.01250	0.01412	0.01010	0.00515	0.00503	0.00107	0.00501	0.00411	0.00420	0.73871
2	0.00988	0.00766	0.01109	0.01082	0.01176	0.00913	0.00833	0.01189	0.01042	0.01505	0.01715	0.02672	0.01657	0.12590	0.59712	0.00940	0.08459	0.00721	0.00352	0.00579
3	0.01243	0.01170	0.01975	0.75282	0.04534	0.01463	0.01828	0.01682	0.01316	0.01682	0.01170	0.01755	0.00878	0.00658	0.00658	0.00219	0.00878	0.00585	0.00293	0.00731
4	0.01564	0.01350	0.01418	0.01282	0.01642	0.01545	0.00996	0.03280	0.65581	0.02671	0.03020	0.02788	0.08032	0.00959	0.00679	0.00223	0.00505	0.00799	0.00665	0.01000
5	0.01227	0.00614	0.00614	0.00614	0.00767	0.00614	0.00460	0.01534	0.01381	0.02454	0.02148	0.02454	0.01687	0.00767	0.00460	0.00153	0.00307	0.00614	0.80518	0.00614
6	0.03165	0.32856	0.02167	0.01127	0.01537	0.11188	0.02461	0.01950	0.07517	0.04210	0.07386	0.02704	0.17473	0.00918	0.00586	0.00180	0.00641	0.00706	0.00449	0.00778
7	0.01995	0.06158	0.08421	0.01402	0.01896	0.01706	0.01229	0.34804	0.11225	0.06637	0.01817	0.08053	0.01474	0.00875	0.00698	0.00201	0.03268	0.00686	0.00574	0.06881
8	0.01227	0.00614	0.00614	0.00614	0.00767	0.00614	0.00460	0.01534	0.01381	0.02454	0.02148	0.02454	0.01687	0.00767	0.00460	0.00153	0.00307	0.00614	0.80518	0.00614
9	0.01072	0.00789	0.01043	0.01002	0.01137	0.00875	0.00751	0.07203	0.01241	0.01719	0.02102	0.03087	0.05925	0.19779	0.48299	0.00844	0.01347	0.00790	0.00405	0.00592
10	0.01613	0.16934	0.22424	0.04612	0.16042	0.07932	0.05132	0.04157	0.05614	0.02042	0.01291	0.01533	0.01024	0.00751	0.02574	0.00211	0.00863	0.00522	0.03814	0.00913
11	0.02200	0.08921	0.01970	0.01681	0.06071	0.43763	0.01238	0.10896	0.09610	0.02061	0.01320	0.01526	0.01088	0.04006	0.00718	0.00198	0.00968	0.00507	0.00412	0.00845
12	0.00815	0.00582	0.00779	0.00931	0.00975	0.00546	0.00634	0.00939	0.01273	0.01695	0.03621	0.72979	0.04326	0.02050	0.00844	0.00269	0.00393	0.05198	0.00611	0.00538
13	0.01290	0.01069	0.04107	0.04832	0.10648	0.01019	0.01082	0.09945	0.03966	0.04144	0.08821	0.31278	0.03174	0.01429	0.00771	0.00241	0.00554	0.10313	0.00570	0.00748
14	0.10930	0.01811	0.09024	0.04077	0.08440	0.04543	0.20308	0.10190	0.01540	0.02293	0.01159	0.01516	0.00926	0.00754	0.01027	0.00228	0.19409	0.00595	0.00363	0.00866
15	0.01384	0.01189	0.04574	0.13703	0.02067	0.03632	0.04268	0.11622	0.01661	0.05038	0.02542	0.25311	0.02635	0.01357	0.00770	0.00246	0.00659	0.16069	0.00535	0.00736
16	0.27895	0.01675	0.01745	0.06238	0.17190	0.14628	0.01281	0.02126	0.01399	0.08284	0.01156	0.01402	0.00917	0.00710	0.00763	0.00208	0.10675	0.00487	0.00390	0.00830
17	0.00814	0.00584	0.00789	0.00929	0.00974	0.00559	0.00629	0.00939	0.01243	0.01668	0.03469	0.70124	0.04123	0.02308	0.07113	0.00335	0.00500	0.01772	0.00589	0.00539
18	0.00809	0.00619	0.00743	0.00817	0.00935	0.00553	0.00573	0.00966	0.01419	0.01832	0.13036	0.42751	0.28909	0.01835	0.00810	0.00244	0.00356	0.01617	0.00625	0.00553
19	0.01123	0.00832	0.01029	0.04182	0.03259	0.00816	0.00757	0.04541	0.07608	0.05409	0.23295	0.19887	0.20288	0.02942	0.00814	0.00233	0.00423	0.01247	0.00634	0.00680
20	0.07792	0.01655	0.01976	0.07953	0.05086	0.04917	0.07327	0.28337	0.17503	0.03005	0.01635	0.01742	0.01224	0.00767	0.00722	0.00209	0.04480	0.00612	0.00532	0.02525
21	0.08573	0.01368	0.01794	0.09808	0.13823	0.01342	0.03035	0.12373	0.04515	0.08814	0.01414	0.01592	0.01076	0.00626	0.00583	0.00169	0.00641	0.00521	0.00458	0.27473
22	0.04790	0.01192	0.01395	0.01205	0.01468	0.06891	0.03999	0.11655	0.05743	0.10435	0.01602	0.02129	0.01342	0.01663	0.06746	0.30141	0.00746	0.03332	0.00457	0.03066
23	0.36760	0.05029	0.08645	0.16381	0.03719	0.06691	0.01238	0.03935	0.01328	0.02354	0.01276	0.01522	0.03914	0.00700	0.00602	0.00206	0.04077	0.00487	0.00370	0.00765
24	0.07209	0.12579	0.17523	0.15375	0.09975	0.03653	0.07332	0.05900	0.01472	0.02064	0.01444	0.04541	0.03193	0.00903	0.03933	0.00240	0.00861	0.00606	0.00350	0.00848
25	0.01651	0.08551	0.05114	0.13310	0.04577	0.07914	0.03249	0.17446	0.01823	0.02362	0.04615	0.05541	0.07003	0.00906	0.00715	0.00201	0.03761	0.04071	0.00459	0.06730
26	0.06179	0.07849	0.04834	0.09893	0.01907	0.08635	0.04022	0.06449	0.03561	0.05269	0.06215	0.18092	0.05342	0.03717	0.00765	0.00226	0.00661	0.02378	0.00485	0.03520
27	0.15789	0.11361	0.09060	0.10583	0.02013	0.09956	0.01189	0.07058	0.03964	0.04232	0.02002	0.08500	0.08176	0.00908	0.00607	0.00204	0.00700	0.02475	0.00438	0.00785
28	0.07149	0.01472	0.05860	0.01379	0.01798	0.03396	0.07184	0.17951	0.06922	0.03991	0.02133	0.13031	0.05260	0.01008	0.00738	0.00209	0.04023	0.04183	0.00520	0.11793
29	0.03908	0.04866	0.05315	0.06769	0.03524	0.03599	0.04966	0.19846	0.07915	0.02616	0.07269	0.04114	0.06759	0.01188	0.05005	0.00259	0.00737	0.06495	0.00522	0.04328

[dist]
# distance from previous block
# <min> <max>
23	104

[block]
# block no. 3 follows, 33 sequences, length 22
# corresponding to MSA columns:
# 266-287
name=unknown_D
#
# <colnr> <probs for GDERKNQSTAVLIFYWHMCP>
#	G	D	E	R	K	N	Q	S	T	A	V	L	I	F	Y	W	H	M	C	P
0	0.08843	0.03647	0.11149	0.04155	0.06222	0.08892	0.04309	0.11154	0.04280	0.09727	0.07949	0.02116	0.05518	0.00807	0.00685	0.00198	0.03395	0.00639	0.00487	0.05827
1	0.01732	0.10702	0.08383	0.12037	0.04899	0.09482	0.06640	0.08383	0.03389	0.07967	0.08022	0.02047	0.01582	0.00795	0.00750	0.00202	0.06158	0.02669	0.00438	0.03721
2	0.01750	0.24678	0.03810	0.01181	0.01630	0.12984	0.01020	0.03873	0.05470	0.07559	0.04183	0.01856	0.04444	0.01018	0.05914	0.00224	0.00763	0.00537	0.03279	0.13828
3	0.04955	0.13937	0.25572	0.01612	0.02231	0.07979	0.09443	0.07528	0.01599	0.07375	0.03589	0.05523	0.01312	0.00901	0.03440	0.00230	0.00876	0.00612	0.00399	0.00888
4	0.01516	0.36282	0.42291	0.01543	0.02333	0.02008	0.01851	0.02034	0.01367	0.01846	0.01063	0.01241	0.00839	0.00598	0.00535	0.00178	0.00853	0.00427	0.00280	0.00916
5	0.01632	0.13673	0.27319	0.01447	0.02019	0.08397	0.01518	0.04453	0.01507	0.09979	0.04029	0.01988	0.01383	0.01471	0.13437	0.00345	0.00997	0.03144	0.00400	0.00862
6	0.02019	0.16990	0.06652	0.08730	0.02225	0.22528	0.02767	0.15484	0.04718	0.04734	0.01290	0.01456	0.01009	0.00804	0.02792	0.00205	0.00900	0.00498	0.00414	0.03787
7	0.04229	0.01151	0.01585	0.18143	0.02105	0.01451	0.01216	0.05644	0.01241	0.01813	0.01404	0.02350	0.01339	0.14055	0.05924	0.00362	0.27741	0.03385	0.04186	0.00675
8	0.01227	0.00614	0.00614	0.00614	0.00767	0.00614	0.00460	0.01534	0.01381	0.02454	0.02148	0.02454	0.01687	0.00767	0.00460	0.00153	0.00307	0.00614	0.80518	0.00614
9	0.01365	0.01170	0.01365	0.00975	0.01560	0.00878	0.00780	0.01658	0.01365	0.02145	0.01170	0.01365	0.00975	0.00488	0.00488	0.00098	0.00488	0.00390	0.00390	0.80888
10	0.00798	0.00659	0.00700	0.00708	0.00906	0.00561	0.00524	0.00976	0.01519	0.01866	0.13752	0.12692	0.58731	0.01668	0.00784	0.00225	0.00335	0.01412	0.00624	0.00561
11	0.01227	0.00614	0.00614	0.00614	0.00767	0.00614	0.00460	0.01534	0.01381	0.02454	0.02148	0.02454	0.01687	0.00767	0.00460	0.00153	0.00307	0.00614	0.80518	0.00614
12	0.02376	0.02949	0.01825	0.01653	0.01987	0.67177	0.01246	0.05295	0.01870	0.01709	0.01082	0.01282	0.00904	0.00922	0.04736	0.00221	0.01201	0.00447	0.00353	0.00768
13	0.01538	0.00962	0.01236	0.01086	0.01345	0.00956	0.03431	0.09393	0.06291	0.15962	0.07508	0.16092	0.09527	0.12766	0.08494	0.00368	0.00659	0.01032	0.00600	0.00754
14	0.01632	0.59989	0.02893	0.01090	0.01563	0.05537	0.01028	0.01826	0.01339	0.01552	0.01468	0.01731	0.06467	0.05454	0.03883	0.00219	0.00740	0.00487	0.00320	0.00781
15	0.00820	0.00581	0.00759	0.00893	0.00927	0.00547	0.00586	0.00921	0.01225	0.01633	0.03446	0.67977	0.04124	0.10833	0.01135	0.00311	0.00412	0.01764	0.00586	0.00519
16	0.06728	0.01421	0.01610	0.08081	0.01971	0.04797	0.02893	0.20393	0.17152	0.11312	0.06600	0.04294	0.01910	0.03184	0.00753	0.00227	0.00648	0.04504	0.00600	0.00923
17	0.06025	0.07247	0.07066	0.04845	0.17355	0.05728	0.15588	0.06857	0.14067	0.02357	0.05229	0.01868	0.01420	0.00698	0.00653	0.00203	0.00792	0.00641	0.00429	0.00930
18	0.00930	0.04810	0.00923	0.00848	0.00929	0.00711	0.00577	0.01044	0.01235	0.01652	0.11566	0.32217	0.06160	0.27291	0.05780	0.00421	0.00553	0.01311	0.00521	0.00520
19	0.09131	0.01736	0.11983	0.01524	0.05098	0.01493	0.04101	0.20900	0.08811	0.17378	0.01710	0.01716	0.01210	0.00714	0.00619	0.00193	0.00679	0.00571	0.00558	0.09874
20	0.04520	0.15137	0.17160	0.01466	0.01998	0.20984	0.01380	0.06305	0.11809	0.03950	0.01469	0.04758	0.01205	0.00739	0.00588	0.00185	0.00830	0.00547	0.00412	0.04557
21	0.01555	0.19218	0.40352	0.01568	0.02320	0.06095	0.01795	0.06698	0.01518	0.02073	0.01212	0.03540	0.00974	0.00657	0.00575	0.00182	0.00849	0.00493	0.00328	0.07998

[dist]
# distance from previous block
# <min> <max>
1	5

[block]
# block no. 4 follows, 33 sequences, length 21
# corresponding to MSA columns:
# 293-313
name=unknown_E
#
# <colnr> <probs for GDERKNQSTAVLIFYWHMCP>
#	G	D	E	R	K	N	Q	S	T	A	V	L	I	F	Y	W	H	M	C	P
0	0.02231	0.01352	0.01867	0.05524	0.02069	0.01346	0.10031	0.18262	0.08014	0.30564	0.02558	0.02453	0.08912	0.00864	0.00689	0.00209	0.00659	0.00741	0.00654	0.01002
1	0.07026	0.01560	0.09643	0.09237	0.02440	0.01374	0.17839	0.05329	0.10687	0.17640	0.04273	0.02265	0.06110	0.00785	0.00681	0.00214	0.00745	0.00715	0.00520	0.00919
2	0.01786	0.11040	0.21339	0.01846	0.07940	0.07672	0.08936	0.04475	0.16517	0.09556	0.01635	0.01715	0.01212	0.00693	0.00631	0.00200	0.00812	0.00581	0.00443	0.00971
3	0.01440	0.01440	0.02016	0.01728	0.01728	0.02016	0.01440	0.01584	0.01008	0.01584	0.00864	0.01440	0.00864	0.01152	0.02160	0.00288	0.75659	0.00576	0.00288	0.00720
4	0.00863	0.00665	0.00788	0.00768	0.00944	0.00590	0.00572	0.01105	0.01684	0.02241	0.42215	0.09448	0.32710	0.01515	0.00781	0.00217	0.00324	0.01308	0.00673	0.00590
5	0.01477	0.06529	0.31003	0.02234	0.07454	0.01620	0.27731	0.04242	0.03790	0.02142	0.01526	0.01787	0.04061	0.00652	0.00682	0.00210	0.00947	0.00646	0.00341	0.00927
6	0.01740	0.27865	0.19449	0.05979	0.07415	0.12936	0.01552	0.04028	0.01506	0.04486	0.01324	0.01505	0.03527	0.00680	0.00618	0.00182	0.03506	0.00490	0.00336	0.00874
7	0.01227	0.00614	0.00614	0.00614	0.00767	0.00614	0.00460	0.01534	0.01381	0.02454	0.02148	0.02454	0.01687	0.00767	0.00460	0.00153	0.00307	0.00614	0.80518	0.00614
8	0.00816	0.00654	0.00730	0.00742	0.00921	0.00567	0.00545	0.01007	0.01545	0.01957	0.20995	0.17012	0.46878	0.01657	0.00787	0.00226	0.00336	0.01420	0.00637	0.00567
9	0.01487	0.01759	0.14269	0.26429	0.03258	0.04160	0.19319	0.02047	0.05489	0.06047	0.01450	0.03614	0.01122	0.00852	0.03351	0.00249	0.03229	0.00661	0.00364	0.00843
10	0.01802	0.01974	0.04767	0.23839	0.09175	0.22816	0.12289	0.06087	0.01662	0.04141	0.01325	0.01818	0.01064	0.00703	0.00667	0.00205	0.00969	0.03501	0.00366	0.00830
11	0.02954	0.01120	0.01528	0.01171	0.01681	0.00968	0.00968	0.03208	0.01884	0.73213	0.02597	0.02241	0.01630	0.00815	0.00662	0.00204	0.00560	0.00662	0.00815	0.01120
12	0.01620	0.02790	0.50669	0.01701	0.02509	0.01539	0.02002	0.12536	0.05759	0.07573	0.04055	0.01672	0.01200	0.00706	0.00641	0.00207	0.00855	0.00556	0.00413	0.00997
13	0.01668	0.05108	0.03333	0.05614	0.05738	0.20263	0.03160	0.08392	0.04703	0.04113	0.02117	0.23113	0.02133	0.01140	0.00693	0.00215	0.00745	0.04400	0.02583	0.00769
14	0.01874	0.01082	0.01272	0.01080	0.01452	0.01058	0.00864	0.08700	0.15498	0.26840	0.07702	0.03685	0.21353	0.01128	0.00711	0.00216	0.00493	0.03385	0.00704	0.00903
15	0.01538	0.01728	0.03618	0.02625	0.03196	0.01715	0.60526	0.02034	0.01476	0.02034	0.01265	0.01728	0.00980	0.00640	0.00974	0.00231	0.11752	0.00748	0.00327	0.00864
16	0.01559	0.01761	0.03802	0.02861	0.08174	0.01658	0.65699	0.02103	0.01550	0.02112	0.01325	0.01766	0.01002	0.00557	0.00768	0.00220	0.01087	0.00764	0.00332	0.00898
17	0.01551	0.01440	0.02103	0.01757	0.01835	0.01922	0.05819	0.01729	0.01103	0.06509	0.01012	0.01516	0.00925	0.01091	0.01970	0.00278	0.65759	0.00595	0.00327	0.00758
18	0.01550	0.01526	0.02157	0.04644	0.11404	0.07417	0.13374	0.06624	0.08695	0.02064	0.01666	0.12165	0.01556	0.01097	0.03067	0.00258	0.18690	0.00804	0.00417	0.00827
19	0.07089	0.04620	0.05405	0.01617	0.07889	0.13550	0.01239	0.19056	0.05598	0.04111	0.05541	0.04362	0.01473	0.00977	0.03469	0.00230	0.07341	0.00615	0.00475	0.05341
20	0.04555	0.04166	0.01610	0.03320	0.01706	0.05358	0.05148	0.16404	0.10973	0.02535	0.04150	0.10442	0.03398	0.02515	0.00804	0.00221	0.05060	0.05374	0.07977	0.04285

[dist]
# distance from previous block
# <min> <max>
4	22

[block]
# block no. 5 follows, 33 sequences, length 15
# corresponding to MSA columns:
# 341-355
name=unknown_F
#
# <colnr> <probs for GDERKNQSTAVLIFYWHMCP>
#	G	D	E	R	K	N	Q	S	T	A	V	L	I	F	Y	W	H	M	C	P
0	0.01719	0.01319	0.01561	0.06906	0.08934	0.04612	0.01114	0.09684	0.24210	0.10865	0.13194	0.05983	0.02419	0.03559	0.00779	0.00227	0.00594	0.00806	0.00605	0.00913
1	0.01436	0.01185	0.01200	0.01109	0.01317	0.11701	0.00841	0.04802	0.01477	0.07849	0.07736	0.08582	0.07745	0.13448	0.15169	0.00438	0.04240	0.04898	0.00493	0.04334
2	0.01476	0.01516	0.02859	0.11893	0.22789	0.01533	0.29852	0.01901	0.01442	0.02006	0.01372	0.05906	0.01175	0.00703	0.00819	0.00215	0.06506	0.00726	0.00341	0.04969
3	0.02292	0.02759	0.01860	0.01750	0.05982	0.57801	0.01266	0.05633	0.05416	0.01853	0.01151	0.01308	0.00940	0.00675	0.00596	0.00170	0.01058	0.00455	0.00373	0.06661
4	0.01271	0.01199	0.02025	0.70078	0.09517	0.01470	0.01842	0.01707	0.01330	0.01716	0.01175	0.01746	0.00890	0.00653	0.00658	0.00218	0.00871	0.00585	0.00295	0.00754
5	0.01014	0.00743	0.00995	0.01121	0.01285	0.00724	0.00967	0.01294	0.01513	0.01938	0.04018	0.07244	0.15279	0.01793	0.00887	0.00290	0.00561	0.57131	0.00607	0.00598
6	0.00802	0.00573	0.00764	0.00917	0.00955	0.00535	0.00611	0.00917	0.01260	0.01681	0.03628	0.76434	0.04354	0.02062	0.00840	0.00267	0.00382	0.01872	0.00611	0.00535
7	0.00917	0.00672	0.00859	0.00813	0.00974	0.00615	0.00610	0.01214	0.01829	0.02557	0.66082	0.05054	0.12592	0.01377	0.00777	0.00209	0.00313	0.01210	0.00714	0.00615
8	0.01075	0.00795	0.01100	0.01061	0.01200	0.00907	0.00814	0.07030	0.01220	0.01723	0.01781	0.02684	0.01681	0.12229	0.60487	0.00941	0.01556	0.00723	0.00383	0.00613
9	0.01431	0.01366	0.02162	0.06494	0.41390	0.03481	0.06104	0.01848	0.04723	0.02107	0.07925	0.08519	0.07829	0.00882	0.00696	0.00208	0.00698	0.00826	0.00422	0.00890
10	0.00876	0.00681	0.00803	0.00802	0.00988	0.00608	0.00621	0.01119	0.01649	0.02150	0.32776	0.05903	0.36955	0.01557	0.00794	0.00227	0.00359	0.09887	0.00656	0.00589
11	0.01875	0.01358	0.01659	0.04904	0.01913	0.01257	0.03382	0.18951	0.03984	0.12512	0.01521	0.01606	0.01129	0.00631	0.00578	0.00151	0.00598	0.00512	0.00517	0.40963
12	0.05270	0.12363	0.12614	0.01505	0.09202	0.04931	0.01245	0.02034	0.01477	0.11977	0.04615	0.03127	0.01338	0.00784	0.02619	0.00189	0.00693	0.00532	0.00427	0.23057
13	0.07117	0.08022	0.01871	0.03649	0.05868	0.08835	0.04639	0.14281	0.13970	0.03794	0.01718	0.01857	0.03518	0.01081	0.06839	0.00258	0.00789	0.00586	0.00476	0.10831
14	0.01876	0.05548	0.07496	0.01666	0.08571	0.05413	0.01309	0.20192	0.20024	0.05309	0.01798	0.02018	0.01410	0.00808	0.00709	0.00202	0.04084	0.03688	0.00530	0.07349

[dist]
# distance from previous block
# <min> <max>
1	29

[block]
# block no. 6 follows, 33 sequences, length 46
# corresponding to MSA columns:
# 385-430
name=unknown_G
#
# <colnr> <probs for GDERKNQSTAVLIFYWHMCP>
#	G	D	E	R	K	N	Q	S	T	A	V	L	I	F	Y	W	H	M	C	P
0	0.05440	0.15258	0.25798	0.07803	0.02516	0.08549	0.09531	0.04939	0.01534	0.06926	0.03192	0.01538	0.01069	0.00666	0.00641	0.00196	0.02620	0.00531	0.00363	0.00890
1	0.01003	0.00907	0.04222	0.01037	0.01219	0.02995	0.03968	0.01223	0.01238	0.01684	0.02887	0.14995	0.14149	0.10938	0.28516	0.00580	0.00997	0.01013	0.05836	0.00591
2	0.04923	0.04919	0.06199	0.05830	0.10702	0.04741	0.12611	0.05770	0.03964	0.05827	0.03559	0.01658	0.01192	0.00619	0.00604	0.00171	0.00729	0.00554	0.00411	0.25017
3	0.01320	0.03405	0.73453	0.01876	0.02849	0.01529	0.02432	0.02085	0.01390	0.02085	0.01181	0.01390	0.00834	0.00625	0.00625	0.00208	0.00973	0.00486	0.00278	0.00973
4	0.01227	0.00614	0.00614	0.00614	0.00767	0.00614	0.00460	0.01534	0.01381	0.02454	0.02148	0.02454	0.01687	0.00767	0.00460	0.00153	0.00307	0.00614	0.80518	0.00614
5	0.01365	0.01170	0.01365	0.00975	0.01560	0.00878	0.00780	0.01658	0.01365	0.02145	0.01170	0.01365	0.00975	0.00488	0.00488	0.00098	0.00488	0.00390	0.00390	0.80888
6	0.00778	0.00667	0.00667	0.00667	0.00889	0.00556	0.00500	0.00945	0.01501	0.01778	0.06669	0.06336	0.72490	0.01667	0.00778	0.00222	0.00333	0.01389	0.00611	0.00556
7	0.01227	0.00614	0.00614	0.00614	0.00767	0.00614	0.00460	0.01534	0.01381	0.02454	0.02148	0.02454	0.01687	0.00767	0.00460	0.00153	0.00307	0.00614	0.80518	0.00614
8	0.00957	0.00638	0.00718	0.00718	0.00718	0.00638	0.00399	0.00957	0.00957	0.01276	0.02074	0.04308	0.02393	0.76864	0.03351	0.00638	0.00638	0.00957	0.00399	0.00399
9	0.01320	0.03405	0.73453	0.01876	0.02849	0.01529	0.02432	0.02085	0.01390	0.02085	0.01181	0.01390	0.00834	0.00625	0.00625	0.00208	0.00973	0.00486	0.00278	0.00973
10	0.01641	0.32887	0.33202	0.01546	0.02263	0.06942	0.03742	0.02170	0.04511	0.03802	0.01172	0.01323	0.00918	0.00619	0.00549	0.00180	0.00852	0.00453	0.00317	0.00912
11	0.01048	0.00754	0.01043	0.01188	0.01343	0.00749	0.01036	0.01345	0.01515	0.01962	0.03626	0.07378	0.06819	0.01812	0.00904	0.00300	0.00594	0.65374	0.00606	0.00604
12	0.01315	0.02006	0.33561	0.03554	0.07580	0.01145	0.01621	0.01803	0.01500	0.07734	0.12295	0.12117	0.04810	0.01036	0.00703	0.00221	0.00706	0.04990	0.00464	0.00840
13	0.03280	0.03126	0.01369	0.00993	0.01508	0.00964	0.00795	0.03899	0.03595	0.06095	0.04559	0.04576	0.04532	0.00678	0.00542	0.00130	0.00488	0.00552	0.00459	0.57858
14	0.76771	0.01307	0.01028	0.00905	0.01319	0.01511	0.00745	0.06055	0.01239	0.03025	0.00957	0.01100	0.00737	0.00622	0.00422	0.00203	0.00522	0.00371	0.00422	0.00737
15	0.01528	0.19707	0.33030	0.01926	0.02676	0.03612	0.20936	0.02144	0.04684	0.01988	0.01228	0.01465	0.00937	0.00605	0.00623	0.00197	0.00934	0.00547	0.00314	0.00918
16	0.01629	0.01564	0.02672	0.04041	0.72757	0.01564	0.02020	0.02020	0.01499	0.02151	0.01238	0.01629	0.01043	0.00587	0.00652	0.00196	0.00782	0.00587	0.00326	0.01043
17	0.00919	0.00672	0.00863	0.00815	0.00976	0.00616	0.00611	0.01218	0.01834	0.02570	0.67086	0.05032	0.11580	0.01372	0.00777	0.00208	0.00312	0.01207	0.00716	0.00616
18	0.68889	0.01249	0.01058	0.00915	0.01339	0.01395	0.00754	0.02140	0.01243	0.14244	0.01187	0.01258	0.00860	0.00644	0.00448	0.00204	0.00517	0.00406	0.00473	0.00778
19	0.01243	0.01170	0.01975	0.75282	0.04534	0.01463	0.01828	0.01682	0.01316	0.01682	0.01170	0.01755	0.00878	0.00658	0.00658	0.00219	0.00878	0.00585	0.00293	0.00731
20	0.00802	0.00573	0.00764	0.00917	0.00955	0.00535	0.00611	0.00917	0.01260	0.01681	0.03628	0.76434	0.04354	0.02062	0.00840	0.00267	0.00382	0.01872	0.00611	0.00535
21	0.01320	0.03405	0.73453	0.01876	0.02849	0.01529	0.02432	0.02085	0.01390	0.02085	0.01181	0.01390	0.00834	0.00625	0.00625	0.00208	0.00973	0.00486	0.00278	0.00973
22	0.01227	0.00614	0.00614	0.00614	0.00767	0.00614	0.00460	0.01534	0.01381	0.02454	0.02148	0.02454	0.01687	0.00767	0.00460	0.00153	0.00307	0.00614	0.80518	0.00614
23	0.00809	0.00576	0.00762	0.00907	0.00944	0.00540	0.00601	0.00919	0.01246	0.01662	0.03556	0.73095	0.04263	0.05525	0.00956	0.00285	0.00394	0.01829	0.00601	0.00528
24	0.01227	0.00614	0.00614	0.00614	0.00767	0.00614	0.00460	0.01534	0.01381	0.02454	0.02148	0.02454	0.01687	0.00767	0.00460	0.00153	0.00307	0.00614	0.80518	0.00614
25	0.00941	0.00683	0.00894	0.00867	0.01024	0.00635	0.00668	0.01246	0.01811	0.02533	0.62152	0.05258	0.08200	0.01412	0.00792	0.00219	0.00346	0.08996	0.00707	0.00617
26	0.00957	0.00641	0.00734	0.00734	0.00739	0.00647	0.00419	0.00968	0.00962	0.01288	0.02060	0.04227	0.02358	0.73488	0.06678	0.00658	0.00691	0.00946	0.00397	0.00408
27	0.01440	0.01440	0.02016	0.01728	0.01728	0.02016	0.01440	0.01584	0.01008	0.01584	0.00864	0.01440	0.00864	0.01152	0.02160	0.00288	0.75659	0.00576	0.00288	0.00720
28	0.01113	0.00975	0.01213	0.01172	0.01298	0.07044	0.00917	0.01334	0.01121	0.01540	0.01619	0.02365	0.01508	0.04236	0.61524	0.00914	0.08478	0.00670	0.00346	0.00615
29	0.01638	0.15030	0.10289	0.07101	0.32755	0.03686	0.01737	0.05249	0.04567	0.02056	0.01206	0.01513	0.00998	0.00676	0.00768	0.00199	0.08713	0.00536	0.00338	0.00944
30	0.01227	0.00614	0.00614	0.00614	0.00767	0.00614	0.00460	0.01534	0.01381	0.02454	0.02148	0.02454	0.01687	0.00767	0.00460	0.00153	0.00307	0.00614	0.80518	0.00614
31	0.00778	0.00667	0.00667	0.00667	0.00889	0.00556	0.00500	0.00945	0.01501	0.01778	0.06669	0.06336	0.72490	0.01667	0.00778	0.00222	0.00333	0.01389	0.00611	0.00556
32	0.01623	0.01582	0.02773	0.03935	0.66985	0.01573	0.07711	0.02028	0.01504	0.02147	0.01246	0.01642	0.01039	0.00584	0.00662	0.00198	0.00809	0.00602	0.00326	0.01030
33	0.14321	0.03830	0.01757	0.01382	0.01842	0.08507	0.01139	0.43123	0.02447	0.06677	0.01615	0.01970	0.01271	0.00833	0.00629	0.00203	0.00717	0.06178	0.00583	0.00975
34	0.01144	0.00572	0.00858	0.00858	0.00858	0.00572	0.00572	0.00858	0.00858	0.01144	0.01144	0.02001	0.01144	0.02287	0.02573	0.80846	0.00572	0.00572	0.00286	0.00286
35	0.00923	0.00636	0.00736	0.00766	0.00797	0.00621	0.00469	0.00968	0.01074	0.01411	0.02764	0.15552	0.08729	0.55808	0.02643	0.00532	0.00572	0.04101	0.00458	0.00442
36	0.01727	0.01903	0.08124	0.12718	0.22854	0.15592	0.04490	0.02112	0.03288	0.05585	0.03349	0.01670	0.01145	0.00741	0.00869	0.00211	0.11806	0.00579	0.00360	0.00877
37	0.01597	0.01531	0.02614	0.09973	0.67077	0.01556	0.02004	0.01992	0.01484	0.02112	0.01233	0.01640	0.01029	0.00593	0.00652	0.00198	0.00790	0.00586	0.00323	0.01017
38	0.01616	0.01551	0.02648	0.06509	0.70394	0.01561	0.02014	0.02009	0.01493	0.02135	0.01236	0.01634	0.01037	0.00589	0.00652	0.00196	0.00785	0.00587	0.00325	0.01032
39	0.02177	0.01459	0.04894	0.04933	0.04877	0.01413	0.03568	0.24760	0.07347	0.24285	0.04011	0.06659	0.04774	0.00904	0.00682	0.00209	0.00645	0.00753	0.00644	0.01006
40	0.01519	0.01744	0.06314	0.08853	0.11640	0.01655	0.48924	0.02025	0.01483	0.02041	0.01268	0.01717	0.00978	0.00612	0.00842	0.00223	0.06241	0.00712	0.00323	0.00885
41	0.01504	0.01539	0.05857	0.09993	0.47744	0.01466	0.08714	0.01922	0.01485	0.02079	0.01509	0.02341	0.01344	0.00740	0.00695	0.00214	0.00811	0.08746	0.00355	0.00943
42	0.03277	0.01012	0.01154	0.01146	0.01380	0.03011	0.00912	0.04476	0.18734	0.06109	0.07129	0.17650	0.07864	0.01446	0.00778	0.00251	0.00525	0.21764	0.00631	0.00751
43	0.01931	0.01434	0.02192	0.08740	0.33813	0.03668	0.04997	0.05505	0.03771	0.19141	0.01696	0.01994	0.01292	0.00900	0.04074	0.00244	0.00796	0.02346	0.00475	0.00990
44	0.04117	0.01738	0.14573	0.05567	0.02146	0.01432	0.03103	0.19889	0.07195	0.26896	0.05215	0.01995	0.01520	0.00785	0.00657	0.00206	0.00692	0.00635	0.00613	0.01027
45	0.13465	0.01619	0.03993	0.01893	0.11778	0.07413	0.13046	0.13717	0.03918	0.10938	0.05403	0.03661	0.01464	0.00920	0.03676	0.00239	0.00798	0.00654	0.00493	0.00912

[dist]
# distance from previous block
# <min> <max>
0	13

[block]
# block no. 7 follows, 33 sequences, length 13
# corresponding to MSA columns:
# 444-456
name=unknown_H
#
# <colnr> <probs for GDERKNQSTAVLIFYWHMCP>
#	G	D	E	R	K	N	Q	S	T	A	V	L	I	F	Y	W	H	M	C	P
0	0.03600	0.00909	0.01027	0.00938	0.01201	0.00882	0.00716	0.07855	0.08947	0.06189	0.19500	0.15105	0.23640	0.01354	0.00732	0.00215	0.00417	0.01154	0.00640	0.04979
1	0.32447	0.01532	0.01519	0.05700	0.10498	0.09567	0.01090	0.07909	0.06924	0.07556	0.01386	0.03624	0.01099	0.00703	0.00549	0.00196	0.00657	0.00523	0.00458	0.06062
2	0.06153	0.01435	0.02357	0.19734	0.49565	0.01505	0.01847	0.02003	0.01457	0.05872	0.01277	0.01658	0.01018	0.00616	0.00640	0.00202	0.00776	0.00577	0.00349	0.00958
3	0.02459	0.03138	0.01866	0.01696	0.02035	0.74221	0.01272	0.02629	0.01866	0.01611	0.01018	0.01187	0.00848	0.00678	0.00594	0.00170	0.01187	0.00424	0.00339	0.00763
4	0.00973	0.00638	0.00734	0.00740	0.00763	0.00645	0.00442	0.01021	0.01013	0.01412	0.02122	0.06929	0.02360	0.62364	0.07827	0.00610	0.00676	0.00947	0.07349	0.00436
5	0.01227	0.00614	0.00614	0.00614	0.00767	0.00614	0.00460	0.01534	0.01381	0.02454	0.02148	0.02454	0.01687	0.00767	0.00460	0.00153	0.00307	0.00614	0.80518	0.00614
6	0.01365	0.01170	0.01365	0.00975	0.01560	0.00878	0.00780	0.01658	0.01365	0.02145	0.01170	0.01365	0.00975	0.00488	0.00488	0.00098	0.00488	0.00390	0.00390	0.80888
7	0.00863	0.00606	0.00738	0.00819	0.00854	0.00578	0.00517	0.00935	0.01154	0.01523	0.03211	0.42257	0.08339	0.32380	0.01854	0.00415	0.00483	0.01467	0.00525	0.00481
8	0.01440	0.01440	0.02016	0.01728	0.01728	0.02016	0.01440	0.01584	0.01008	0.01584	0.00864	0.01440	0.00864	0.01152	0.02160	0.00288	0.75659	0.00576	0.00288	0.00720
9	0.01760	0.77260	0.03450	0.01126	0.01690	0.02605	0.01126	0.01971	0.01338	0.01549	0.00915	0.01056	0.00845	0.00563	0.00422	0.00141	0.00704	0.00352	0.00282	0.00845
10	0.02954	0.01120	0.01528	0.01171	0.01681	0.00968	0.00968	0.03208	0.01884	0.73213	0.02597	0.02241	0.01630	0.00815	0.00662	0.00204	0.00560	0.00662	0.00815	0.01120
11	0.00858	0.00670	0.00778	0.00751	0.00938	0.00590	0.00563	0.01099	0.01689	0.02226	0.40827	0.05599	0.38053	0.01500	0.00777	0.00214	0.00322	0.01286	0.00670	0.00590
12	0.01049	0.00782	0.00870	0.00861	0.00933	0.03145	0.00566	0.01258	0.06048	0.01582	0.06717	0.08472	0.02557	0.46086	0.13168	0.00588	0.00766	0.00951	0.03087	0.00514

[dist]
# distance from previous block
# <min> <max>
0	1

# created by:
# /home/berkeley/.conda/envs/busco_data_prod/bin/msa2prfl.pl pipeline/OGs_align_augustus/4893/41461.fs
