[name]
unknown

[dist]
# distance from previous block
# <min> <max>
9	59

[block]
# block no. 0 follows, 33 sequences, length 71
# corresponding to MSA columns:
# 72-142
name=unknown_A
#
# <colnr> <probs for GDERKNQSTAVLIFYWHMCP>
#	G	D	E	R	K	N	Q	S	T	A	V	L	I	F	Y	W	H	M	C	P
0	0.04217	0.04039	0.04550	0.26826	0.12473	0.04927	0.01543	0.14509	0.04235	0.07528	0.01504	0.01978	0.01187	0.00766	0.00702	0.00212	0.03263	0.04217	0.00437	0.00890
1	0.10280	0.01586	0.14864	0.26086	0.02765	0.01372	0.03761	0.03638	0.06192	0.03837	0.01461	0.04477	0.01160	0.00733	0.00658	0.00206	0.03211	0.00598	0.07087	0.06026
2	0.01426	0.01248	0.02043	0.49604	0.08275	0.01425	0.06730	0.03309	0.05617	0.05758	0.04026	0.01915	0.01214	0.00690	0.00665	0.00212	0.00810	0.00628	0.00376	0.04030
3	0.08483	0.01763	0.01839	0.11570	0.12881	0.17949	0.01325	0.09230	0.01655	0.04822	0.03386	0.01563	0.01112	0.00710	0.00739	0.00189	0.07651	0.00524	0.00402	0.12208
4	0.10211	0.03363	0.03966	0.17527	0.15669	0.04119	0.06741	0.03527	0.05362	0.02111	0.01471	0.01811	0.03206	0.01047	0.07354	0.00271	0.00841	0.00581	0.00372	0.10447
5	0.09036	0.01696	0.01979	0.20354	0.21865	0.14335	0.01524	0.08062	0.05592	0.02192	0.01457	0.01744	0.03667	0.00715	0.00673	0.00203	0.03080	0.00576	0.00386	0.00865
6	0.01475	0.01365	0.01870	0.26110	0.16037	0.05466	0.01485	0.06479	0.08069	0.02044	0.01690	0.02058	0.04970	0.01112	0.06451	0.00280	0.08310	0.00645	0.03261	0.00822
7	0.01492	0.01236	0.01761	0.29799	0.02785	0.01398	0.03609	0.07499	0.09489	0.06322	0.01690	0.09528	0.01447	0.00878	0.00818	0.00215	0.08475	0.00724	0.00442	0.10395
8	0.01310	0.01242	0.01719	0.41278	0.08247	0.06831	0.01443	0.01723	0.03259	0.01984	0.17537	0.02423	0.02144	0.00808	0.00670	0.00204	0.00733	0.00704	0.00413	0.05327
9	0.01411	0.03551	0.02038	0.46178	0.17237	0.01437	0.01685	0.01787	0.01371	0.06085	0.01439	0.07457	0.01221	0.00777	0.00719	0.00218	0.03550	0.00681	0.00355	0.00804
10	0.01246	0.01061	0.01226	0.01072	0.01381	0.05193	0.00831	0.04321	0.03329	0.01942	0.04313	0.09139	0.01783	0.02471	0.29848	0.00511	0.01030	0.00706	0.00424	0.28174
11	0.01378	0.01266	0.02002	0.34989	0.25717	0.01408	0.01655	0.03905	0.06421	0.01996	0.01870	0.04908	0.06698	0.00808	0.00678	0.00215	0.00752	0.02111	0.00383	0.00842
12	0.03973	0.00671	0.00756	0.00753	0.00786	0.00671	0.00444	0.01060	0.01015	0.03584	0.02167	0.09659	0.02458	0.65975	0.02967	0.00580	0.00611	0.00996	0.00428	0.00443
13	0.01982	0.02338	0.02271	0.16554	0.02788	0.39604	0.15571	0.05071	0.01731	0.01837	0.01306	0.01593	0.03055	0.00683	0.00652	0.00193	0.01065	0.00565	0.00350	0.00791
14	0.00947	0.00644	0.00725	0.00731	0.00753	0.00636	0.00429	0.00970	0.01018	0.01338	0.02474	0.04567	0.07818	0.68603	0.03072	0.00595	0.00614	0.03227	0.00422	0.00418
15	0.01333	0.01388	0.07111	0.04272	0.03990	0.05805	0.07367	0.03231	0.10885	0.02034	0.04176	0.15712	0.02319	0.01416	0.05229	0.00286	0.06558	0.11903	0.00483	0.04502
16	0.01539	0.01471	0.02495	0.16230	0.58970	0.01518	0.01944	0.01932	0.01468	0.02059	0.01379	0.01784	0.03026	0.00629	0.00656	0.00200	0.00786	0.00609	0.00328	0.00975
17	0.01559	0.20545	0.06628	0.04207	0.01879	0.08752	0.05032	0.01791	0.01254	0.01668	0.01115	0.01626	0.01029	0.06664	0.01347	0.00248	0.28397	0.00543	0.04968	0.00749
18	0.00991	0.00731	0.00960	0.01084	0.01203	0.00733	0.00847	0.01348	0.07811	0.01905	0.03479	0.39569	0.03893	0.01849	0.00855	0.00279	0.00492	0.30745	0.00614	0.00612
19	0.01848	0.13473	0.05027	0.10384	0.17987	0.21708	0.14272	0.02195	0.01573	0.03817	0.01174	0.01471	0.00942	0.00618	0.00624	0.00188	0.00953	0.00540	0.00332	0.00873
20	0.01040	0.00782	0.00925	0.00939	0.01058	0.00810	0.00656	0.01498	0.14970	0.01896	0.11277	0.25090	0.05482	0.23566	0.04269	0.00389	0.00533	0.03647	0.00565	0.00610
21	0.02977	0.09385	0.20330	0.11076	0.15451	0.03575	0.13996	0.03926	0.03426	0.02041	0.01211	0.01541	0.00949	0.00658	0.00758	0.00208	0.06694	0.00568	0.00325	0.00905
22	0.46807	0.12812	0.01779	0.04259	0.01769	0.10904	0.07001	0.02022	0.01289	0.02405	0.00974	0.01184	0.00786	0.00627	0.00532	0.00195	0.03115	0.00418	0.00365	0.00755
23	0.08438	0.01458	0.01508	0.01323	0.01718	0.01676	0.01042	0.12051	0.56803	0.02951	0.02390	0.02227	0.01786	0.00856	0.00646	0.00218	0.00546	0.00692	0.00646	0.01025
24	0.02065	0.06710	0.01959	0.06234	0.11276	0.40546	0.01319	0.07395	0.04601	0.01973	0.03204	0.01552	0.01150	0.00850	0.03246	0.00211	0.00990	0.00514	0.03379	0.00824
25	0.00940	0.00705	0.01058	0.01058	0.01176	0.00823	0.00823	0.01176	0.01058	0.01528	0.01763	0.02586	0.01646	0.04937	0.74255	0.01058	0.01763	0.00705	0.00353	0.00588
26	0.01645	0.31680	0.16869	0.04890	0.09775	0.08884	0.10989	0.02034	0.01450	0.01813	0.01270	0.01497	0.03265	0.00628	0.00573	0.00180	0.00862	0.00512	0.00310	0.00875
27	0.01229	0.01051	0.04220	0.06985	0.07086	0.01014	0.01013	0.01866	0.16514	0.04860	0.25744	0.17101	0.03684	0.01240	0.00741	0.00225	0.00496	0.03553	0.00608	0.00768
28	0.00814	0.00668	0.00717	0.00705	0.00912	0.00571	0.00529	0.01015	0.01586	0.01982	0.22216	0.06000	0.56816	0.01591	0.00778	0.00219	0.00328	0.01342	0.00638	0.00571
29	0.01583	0.01357	0.01442	0.01300	0.01656	0.01559	0.01010	0.03325	0.66220	0.02745	0.08030	0.02645	0.02332	0.00928	0.00678	0.00222	0.00505	0.00779	0.00674	0.01010
30	0.02503	0.01844	0.01976	0.01515	0.02042	0.02042	0.01251	0.70562	0.03095	0.04149	0.01581	0.01581	0.01120	0.00790	0.00659	0.00198	0.00724	0.00593	0.00659	0.01120
31	0.00999	0.00937	0.06541	0.05437	0.01442	0.00774	0.00951	0.01331	0.01639	0.02219	0.32669	0.05421	0.13628	0.01438	0.00799	0.00240	0.00489	0.21791	0.00613	0.00641
32	0.16011	0.08182	0.24926	0.01518	0.04627	0.01530	0.04044	0.09892	0.01592	0.10255	0.01320	0.01441	0.00964	0.00637	0.00568	0.00187	0.00734	0.00486	0.00421	0.10665
33	0.00940	0.00705	0.01058	0.01058	0.01176	0.00823	0.00823	0.01176	0.01058	0.01528	0.01763	0.02586	0.01646	0.04937	0.74255	0.01058	0.01763	0.00705	0.00353	0.00588
34	0.00800	0.00579	0.00757	0.00899	0.00950	0.00536	0.00603	0.00919	0.01277	0.01687	0.03838	0.71592	0.09061	0.02035	0.00836	0.00264	0.00379	0.01838	0.00611	0.00536
35	0.02166	0.02101	0.01604	0.01421	0.01774	0.35724	0.01104	0.12768	0.04218	0.11278	0.02210	0.05224	0.08529	0.00958	0.00667	0.00199	0.00855	0.05851	0.00517	0.00831
36	0.07659	0.10357	0.43623	0.04626	0.02449	0.04291	0.01863	0.04439	0.06255	0.04345	0.01312	0.01525	0.00986	0.02762	0.00669	0.00213	0.00853	0.00504	0.00351	0.00921
37	0.01697	0.01712	0.02543	0.08027	0.60998	0.09466	0.01928	0.02066	0.01528	0.02064	0.01210	0.01589	0.01012	0.00601	0.00646	0.00194	0.00832	0.00569	0.00325	0.00994
38	0.00940	0.00705	0.01058	0.01058	0.01176	0.00823	0.00823	0.01176	0.01058	0.01528	0.01763	0.02586	0.01646	0.04937	0.74255	0.01058	0.01763	0.00705	0.00353	0.00588
39	0.78873	0.03789	0.01050	0.00874	0.01287	0.01514	0.00727	0.01936	0.01128	0.02907	0.00917	0.01069	0.00717	0.00610	0.00408	0.00202	0.00516	0.00356	0.00403	0.00717
40	0.01169	0.01556	0.22664	0.01309	0.01735	0.00945	0.05950	0.01527	0.01406	0.07335	0.03158	0.31875	0.13946	0.01371	0.00748	0.00235	0.00614	0.01213	0.00508	0.00738
41	0.01408	0.01352	0.02311	0.42745	0.30115	0.01531	0.04443	0.01822	0.01382	0.01871	0.01190	0.01696	0.00944	0.00647	0.00721	0.00213	0.03857	0.00592	0.00306	0.00854
42	0.01584	0.01605	0.07084	0.12110	0.49513	0.01540	0.01870	0.04881	0.06340	0.02224	0.01372	0.01713	0.01102	0.00634	0.00645	0.00200	0.00769	0.00592	0.03235	0.00988
43	0.02588	0.01517	0.01750	0.01362	0.01866	0.01580	0.01119	0.37261	0.09768	0.30973	0.02092	0.01930	0.01412	0.00811	0.00661	0.00203	0.00639	0.00636	0.00721	0.01112
44	0.01551	0.01493	0.07871	0.06662	0.02005	0.01666	0.03692	0.03965	0.04105	0.08753	0.04192	0.01818	0.01271	0.01283	0.06816	0.00314	0.40731	0.00626	0.00389	0.00798
45	0.01269	0.01191	0.01220	0.01172	0.01368	0.12710	0.00903	0.01712	0.10882	0.01727	0.02106	0.02601	0.06430	0.03474	0.47290	0.00743	0.01402	0.00712	0.00412	0.00676
46	0.00784	0.00667	0.00675	0.00673	0.00893	0.00558	0.00505	0.00955	0.01514	0.01809	0.09028	0.06285	0.70112	0.01656	0.00778	0.00222	0.00333	0.01382	0.00615	0.00558
47	0.01393	0.02253	0.37399	0.06943	0.04326	0.01384	0.01777	0.04045	0.06255	0.05721	0.01848	0.07804	0.03979	0.03347	0.00860	0.00237	0.05934	0.03218	0.00401	0.00876
48	0.01738	0.01569	0.02221	0.09002	0.40608	0.05455	0.01648	0.16024	0.01851	0.02514	0.06838	0.04544	0.01550	0.00751	0.00667	0.00200	0.00749	0.00671	0.00433	0.00967
49	0.00957	0.00638	0.00718	0.00718	0.00718	0.00638	0.00399	0.00957	0.00957	0.01276	0.02074	0.04308	0.02393	0.76864	0.03351	0.00638	0.00638	0.00957	0.00399	0.00399
50	0.00833	0.00662	0.00750	0.00758	0.00940	0.00579	0.00567	0.01039	0.01573	0.02007	0.23862	0.13321	0.44828	0.01628	0.00789	0.00226	0.00343	0.04078	0.00642	0.00573
51	0.01721	0.01699	0.02419	0.15142	0.48784	0.09867	0.01851	0.06739	0.01621	0.02150	0.01226	0.01596	0.00999	0.00623	0.00647	0.00197	0.00840	0.00568	0.00345	0.00966
52	0.01227	0.00614	0.00614	0.00614	0.00767	0.00614	0.00460	0.01534	0.01381	0.02454	0.02148	0.02454	0.01687	0.00767	0.00460	0.00153	0.00307	0.00614	0.80518	0.00614
53	0.00778	0.00667	0.00667	0.00667	0.00889	0.00556	0.00500	0.00945	0.01501	0.01778	0.06669	0.06336	0.72490	0.01667	0.00778	0.00222	0.00333	0.01389	0.00611	0.00556
54	0.01440	0.01440	0.02016	0.01728	0.01728	0.02016	0.01440	0.01584	0.01008	0.01584	0.00864	0.01440	0.00864	0.01152	0.02160	0.00288	0.75659	0.00576	0.00288	0.00720
55	0.01402	0.01338	0.02237	0.43121	0.29712	0.01543	0.01870	0.01800	0.01361	0.01849	0.01172	0.01684	0.00938	0.00669	0.00771	0.00216	0.06580	0.00585	0.00305	0.00846
56	0.01620	0.01589	0.02817	0.03889	0.64464	0.01576	0.10197	0.02031	0.01506	0.02146	0.01250	0.01647	0.01038	0.00583	0.00667	0.00199	0.00821	0.00609	0.00327	0.01024
57	0.00790	0.00663	0.00689	0.00706	0.00912	0.00562	0.00530	0.00958	0.01483	0.01778	0.06317	0.11755	0.64692	0.01703	0.00788	0.00229	0.00347	0.03930	0.00611	0.00556
58	0.02221	0.19260	0.07707	0.01579	0.02023	0.50468	0.01329	0.04866	0.01758	0.01724	0.01028	0.01188	0.00856	0.00653	0.00561	0.00167	0.01049	0.00419	0.00333	0.00810
59	0.01476	0.05831	0.03729	0.08801	0.01949	0.01523	0.03760	0.13678	0.09570	0.02259	0.03692	0.06611	0.09510	0.01373	0.06849	0.00296	0.14990	0.02825	0.00475	0.00803
60	0.23678	0.56377	0.02768	0.01055	0.01575	0.02295	0.01013	0.01961	0.01278	0.01935	0.00916	0.01060	0.00809	0.00576	0.00418	0.00158	0.00651	0.00353	0.00316	0.00809
61	0.01042	0.00697	0.00915	0.00847	0.01021	0.00640	0.00640	0.01349	0.01865	0.06478	0.68614	0.04772	0.05963	0.01317	0.00770	0.00207	0.00324	0.01162	0.00730	0.00648
62	0.02419	0.02097	0.01824	0.03766	0.02017	0.24870	0.01207	0.34822	0.04566	0.10430	0.01552	0.01592	0.01130	0.00755	0.00631	0.00189	0.00836	0.00551	0.03774	0.00971
63	0.01418	0.01252	0.02073	0.35072	0.29756	0.01371	0.01729	0.01803	0.01429	0.04821	0.01691	0.04197	0.03852	0.00798	0.00684	0.00217	0.00776	0.05848	0.00370	0.00844
64	0.00779	0.00663	0.00671	0.00679	0.00892	0.00555	0.00505	0.00943	0.01489	0.01774	0.06527	0.09610	0.69308	0.01686	0.00781	0.00224	0.00336	0.01412	0.00611	0.00555
65	0.02207	0.06513	0.01928	0.01415	0.01920	0.04858	0.01164	0.46340	0.12847	0.03465	0.01635	0.01638	0.01207	0.00755	0.00625	0.00186	0.00687	0.00572	0.00595	0.09443
66	0.01777	0.72194	0.03347	0.01166	0.01704	0.05266	0.01141	0.01984	0.01347	0.01552	0.00918	0.01073	0.00846	0.00585	0.00481	0.00146	0.02989	0.00361	0.00284	0.00838
67	0.01698	0.17579	0.17436	0.01888	0.13362	0.06747	0.03200	0.06328	0.01546	0.07337	0.01525	0.07934	0.01355	0.00832	0.00728	0.00203	0.05955	0.03055	0.00397	0.00894
68	0.01125	0.01001	0.01643	0.05786	0.01746	0.01127	0.12076	0.01385	0.01207	0.01699	0.06590	0.04579	0.03804	0.10772	0.30626	0.00611	0.12398	0.00800	0.00381	0.00644
69	0.01115	0.00781	0.00947	0.00875	0.01090	0.00741	0.00666	0.01559	0.09243	0.07293	0.47321	0.04750	0.18435	0.01324	0.00758	0.00212	0.00355	0.01146	0.00703	0.00687
70	0.01682	0.23054	0.18248	0.04098	0.02056	0.16592	0.01432	0.04299	0.05697	0.01897	0.03998	0.04142	0.04112	0.00788	0.00677	0.00190	0.05262	0.00571	0.00369	0.00836

[dist]
# distance from previous block
# <min> <max>
0	1

[block]
# block no. 1 follows, 33 sequences, length 39
# corresponding to MSA columns:
# 144-182
name=unknown_B
#
# <colnr> <probs for GDERKNQSTAVLIFYWHMCP>
#	G	D	E	R	K	N	Q	S	T	A	V	L	I	F	Y	W	H	M	C	P
0	0.06193	0.01745	0.03870	0.04611	0.04025	0.06019	0.06562	0.39844	0.06944	0.03274	0.04386	0.04652	0.01495	0.00842	0.00668	0.00207	0.00740	0.02377	0.00568	0.00979
1	0.00826	0.00607	0.00777	0.00886	0.00969	0.00559	0.00619	0.00979	0.01374	0.01813	0.11508	0.54900	0.14509	0.01915	0.00828	0.00256	0.00379	0.05124	0.00623	0.00551
2	0.09830	0.06682	0.01685	0.06895	0.01883	0.13856	0.01092	0.24714	0.05506	0.02634	0.01695	0.13131	0.01545	0.01008	0.00734	0.04326	0.00720	0.00729	0.00501	0.00834
3	0.01475	0.01210	0.01515	0.01317	0.09269	0.00956	0.00924	0.01776	0.01406	0.05779	0.01250	0.01438	0.01016	0.00515	0.00514	0.00114	0.00523	0.00425	0.00405	0.68173
4	0.01226	0.00612	0.00895	0.00881	0.00923	0.00600	0.00609	0.01009	0.00963	0.05155	0.01523	0.02382	0.04021	0.02165	0.02337	0.70328	0.00563	0.03114	0.00339	0.00354
5	0.01358	0.10759	0.07241	0.01066	0.01414	0.01137	0.00941	0.01912	0.12526	0.08963	0.29366	0.03798	0.11011	0.01128	0.00699	0.00208	0.00489	0.04587	0.00614	0.00782
6	0.01583	0.01517	0.02589	0.12577	0.64582	0.01552	0.01997	0.01980	0.01477	0.02095	0.01230	0.01644	0.01023	0.00595	0.00653	0.00198	0.00794	0.00586	0.00322	0.01005
7	0.01351	0.01001	0.01155	0.01009	0.01272	0.01013	0.00784	0.21080	0.02119	0.02876	0.37346	0.09570	0.14214	0.01287	0.00748	0.00211	0.00438	0.01099	0.00681	0.00748
8	0.01569	0.01503	0.02564	0.15103	0.62163	0.01548	0.01991	0.01968	0.01471	0.02078	0.01228	0.01649	0.01017	0.00598	0.00653	0.00199	0.00797	0.00586	0.00321	0.00994
9	0.00823	0.00582	0.00758	0.00890	0.00923	0.00549	0.00582	0.00922	0.01219	0.01626	0.03418	0.66656	0.04088	0.12203	0.01181	0.00318	0.00417	0.01748	0.00582	0.00516
10	0.00957	0.00638	0.00718	0.00718	0.00718	0.00638	0.00399	0.00957	0.00957	0.01276	0.02074	0.04308	0.02393	0.76864	0.03351	0.00638	0.00638	0.00957	0.00399	0.00399
11	0.00816	0.00579	0.00760	0.00899	0.00934	0.00544	0.00592	0.00920	0.01233	0.01644	0.03489	0.69969	0.04178	0.08768	0.01065	0.00301	0.00405	0.01790	0.00592	0.00523
12	0.00802	0.00573	0.00764	0.00917	0.00955	0.00535	0.00611	0.00917	0.01260	0.01681	0.03628	0.76434	0.04354	0.02062	0.00840	0.00267	0.00382	0.01872	0.00611	0.00535
13	0.00801	0.00577	0.00760	0.00906	0.00952	0.00536	0.00606	0.00918	0.01271	0.01685	0.03761	0.73370	0.07332	0.02045	0.00838	0.00265	0.00380	0.01850	0.00611	0.00536
14	0.00918	0.00672	0.00861	0.00813	0.00975	0.00615	0.00610	0.01215	0.01830	0.02561	0.66399	0.05047	0.12272	0.01375	0.00777	0.00208	0.00313	0.01209	0.00714	0.00615
15	0.01681	0.01372	0.01473	0.01326	0.01696	0.01568	0.01039	0.03396	0.65181	0.06288	0.02708	0.02648	0.02063	0.00927	0.00679	0.00226	0.00526	0.03499	0.00675	0.01028
16	0.00802	0.00573	0.00764	0.00917	0.00955	0.00535	0.00611	0.00917	0.01260	0.01681	0.03628	0.76434	0.04354	0.02062	0.00840	0.00267	0.00382	0.01872	0.00611	0.00535
17	0.02473	0.01764	0.01903	0.01465	0.01976	0.01939	0.01208	0.64924	0.02975	0.07102	0.01647	0.01644	0.01164	0.00790	0.00651	0.00196	0.00701	0.00597	0.03782	0.01100
18	0.01474	0.02335	0.27746	0.02467	0.03238	0.01618	0.47065	0.02101	0.01498	0.02101	0.01280	0.01643	0.00942	0.00579	0.00725	0.00217	0.01063	0.00677	0.00314	0.00917
19	0.01314	0.01242	0.02102	0.62224	0.17038	0.01481	0.01863	0.01744	0.01350	0.01768	0.01183	0.01732	0.00908	0.00645	0.00657	0.00215	0.00860	0.00585	0.00299	0.00788
20	0.81514	0.01273	0.00968	0.00866	0.01273	0.01477	0.00713	0.01935	0.01120	0.02954	0.00917	0.01069	0.00713	0.00611	0.00407	0.00204	0.00509	0.00356	0.00407	0.00713
21	0.81514	0.01273	0.00968	0.00866	0.01273	0.01477	0.00713	0.01935	0.01120	0.02954	0.00917	0.01069	0.00713	0.00611	0.00407	0.00204	0.00509	0.00356	0.00407	0.00713
22	0.01558	0.01249	0.01444	0.01047	0.01622	0.01020	0.00843	0.09969	0.01591	0.04905	0.01270	0.01422	0.01016	0.00535	0.00514	0.00113	0.00519	0.00424	0.00437	0.68502
23	0.01481	0.30466	0.47804	0.01602	0.02424	0.01923	0.01954	0.02043	0.01371	0.01888	0.01084	0.01268	0.00838	0.00603	0.00551	0.00184	0.00874	0.00437	0.00279	0.00926
24	0.00940	0.00705	0.01058	0.01058	0.01176	0.00823	0.00823	0.01176	0.01058	0.01528	0.01763	0.02586	0.01646	0.04937	0.74255	0.01058	0.01763	0.00705	0.00353	0.00588
25	0.01144	0.00572	0.00858	0.00858	0.00858	0.00572	0.00572	0.00858	0.00858	0.01144	0.01144	0.02001	0.01144	0.02287	0.02573	0.80846	0.00572	0.00572	0.00286	0.00286
26	0.01009	0.00751	0.00922	0.00989	0.01129	0.00738	0.00748	0.05211	0.04574	0.01936	0.03853	0.34705	0.15485	0.06620	0.00990	0.00286	0.00473	0.18373	0.00602	0.00604
27	0.01693	0.62537	0.11406	0.01350	0.01969	0.02404	0.07115	0.01996	0.01362	0.01657	0.00980	0.01155	0.00857	0.00570	0.00475	0.00155	0.00769	0.00403	0.00286	0.00863
28	0.01683	0.01568	0.02578	0.07469	0.63305	0.01599	0.01946	0.07785	0.01624	0.02295	0.01264	0.01632	0.01041	0.00607	0.00653	0.00197	0.00782	0.00587	0.00352	0.01033
29	0.01903	0.18218	0.09384	0.01557	0.04020	0.20428	0.01330	0.10371	0.14311	0.02164	0.01447	0.03651	0.01195	0.00773	0.00709	0.00193	0.06482	0.00550	0.00421	0.00892
30	0.28551	0.26945	0.12121	0.01256	0.01762	0.11935	0.01208	0.02044	0.01327	0.02106	0.00964	0.01147	0.00801	0.00637	0.00566	0.00184	0.04920	0.00395	0.00332	0.00800
31	0.22173	0.06308	0.19756	0.01841	0.07611	0.01549	0.17033	0.02052	0.01392	0.06140	0.03152	0.01536	0.01052	0.00639	0.00636	0.00204	0.02739	0.00547	0.00372	0.03269
32	0.07480	0.13755	0.10252	0.01297	0.03508	0.08819	0.01139	0.07995	0.01553	0.02189	0.04067	0.06979	0.03912	0.00806	0.00647	0.00177	0.04457	0.00609	0.04555	0.15803
33	0.01658	0.03734	0.02270	0.13835	0.25453	0.10333	0.08974	0.03765	0.01583	0.05644	0.07247	0.02018	0.03567	0.00738	0.00728	0.00201	0.04026	0.00652	0.00397	0.03178
34	0.05983	0.23321	0.13318	0.01406	0.01928	0.16726	0.01318	0.12741	0.03745	0.05570	0.01328	0.03429	0.01086	0.00917	0.04292	0.00224	0.00871	0.00510	0.00406	0.00881
35	0.06070	0.03921	0.10594	0.05351	0.05923	0.05095	0.05447	0.14273	0.03849	0.10031	0.04607	0.08230	0.04466	0.00857	0.00646	0.00198	0.00694	0.00718	0.00501	0.08528
36	0.03508	0.07439	0.13039	0.01446	0.05441	0.05061	0.01248	0.12629	0.07537	0.10908	0.01694	0.07465	0.01393	0.00855	0.00699	0.03765	0.00675	0.00630	0.00487	0.14081
37	0.07944	0.07610	0.07499	0.05244	0.22050	0.01462	0.01385	0.11436	0.01646	0.05825	0.04667	0.05561	0.03547	0.01093	0.06187	0.00260	0.00761	0.00658	0.00439	0.04726
38	0.05918	0.06720	0.12355	0.01803	0.13172	0.08763	0.01386	0.15831	0.07971	0.04331	0.03664	0.06508	0.01468	0.02367	0.00681	0.00204	0.00733	0.00644	0.00466	0.05015

[dist]
# distance from previous block
# <min> <max>
4	60

[block]
# block no. 2 follows, 33 sequences, length 102
# corresponding to MSA columns:
# 248-349
name=unknown_C
#
# <colnr> <probs for GDERKNQSTAVLIFYWHMCP>
#	G	D	E	R	K	N	Q	S	T	A	V	L	I	F	Y	W	H	M	C	P
0	0.06317	0.06441	0.20403	0.03981	0.17996	0.04311	0.01602	0.07382	0.05812	0.08995	0.03643	0.01854	0.03937	0.00716	0.00620	0.00196	0.00746	0.00585	0.00432	0.04032
1	0.08572	0.08249	0.03895	0.05606	0.07993	0.09814	0.01173	0.08840	0.03634	0.04999	0.05845	0.02851	0.06877	0.00948	0.00692	0.00206	0.02932	0.10340	0.00475	0.06059
2	0.08582	0.12799	0.08102	0.05630	0.11439	0.05730	0.01217	0.08278	0.03266	0.03989	0.09574	0.05682	0.08070	0.04029	0.00737	0.00215	0.00661	0.00728	0.00457	0.00816
3	0.01737	0.05754	0.04894	0.06685	0.31001	0.05558	0.01529	0.09855	0.03805	0.06419	0.03486	0.04512	0.01412	0.00743	0.00641	0.00192	0.00728	0.02646	0.00432	0.07970
4	0.06759	0.07973	0.09885	0.11990	0.12272	0.07066	0.03429	0.07980	0.15272	0.04074	0.03555	0.01771	0.01298	0.00729	0.00671	0.00204	0.03136	0.00585	0.00436	0.00916
5	0.06223	0.09107	0.17399	0.03915	0.14807	0.08569	0.05459	0.06881	0.01515	0.02104	0.01351	0.06156	0.01201	0.00810	0.00810	0.00212	0.09676	0.02572	0.00362	0.00871
6	0.05682	0.01744	0.16920	0.04853	0.16601	0.01346	0.07475	0.06357	0.04014	0.04344	0.03950	0.02227	0.04514	0.03155	0.02936	0.00238	0.00773	0.03213	0.00413	0.09245
7	0.06551	0.10115	0.06195	0.18241	0.20038	0.14560	0.03783	0.05109	0.01548	0.04061	0.01173	0.01484	0.00933	0.00650	0.00649	0.00195	0.02976	0.00521	0.00346	0.00872
8	0.01286	0.01017	0.03251	0.08162	0.01603	0.02981	0.00879	0.01626	0.05326	0.08075	0.06844	0.24405	0.06832	0.01298	0.02757	0.00226	0.00541	0.01027	0.05333	0.16531
9	0.01010	0.00846	0.04082	0.00894	0.01048	0.00777	0.00673	0.01335	0.07473	0.01843	0.15392	0.06773	0.10706	0.28059	0.12897	0.00490	0.00700	0.00992	0.03428	0.00581
10	0.10456	0.01024	0.01033	0.00926	0.01173	0.05287	0.00689	0.03535	0.03263	0.02029	0.01720	0.02597	0.01609	0.19859	0.11755	0.00405	0.00731	0.02438	0.14084	0.15386
11	0.01784	0.01487	0.01571	0.01369	0.01768	0.01706	0.01077	0.14841	0.59987	0.02990	0.02494	0.02308	0.01859	0.00876	0.00668	0.00219	0.00555	0.00719	0.00668	0.01055
12	0.00802	0.00573	0.00764	0.00917	0.00955	0.00535	0.00611	0.00917	0.01260	0.01681	0.03628	0.76434	0.04354	0.02062	0.00840	0.00267	0.00382	0.01872	0.00611	0.00535
13	0.01464	0.01193	0.01272	0.01172	0.01472	0.03434	0.00910	0.05536	0.37668	0.05099	0.11694	0.09160	0.10794	0.01170	0.00720	0.00226	0.00499	0.04995	0.00656	0.00867
14	0.01320	0.03405	0.73453	0.01876	0.02849	0.01529	0.02432	0.02085	0.01390	0.02085	0.01181	0.01390	0.00834	0.00625	0.00625	0.00208	0.00973	0.00486	0.00278	0.00973
15	0.01520	0.01898	0.11048	0.04379	0.07005	0.07242	0.35466	0.01960	0.01444	0.01946	0.01380	0.07185	0.01197	0.00781	0.00951	0.00228	0.12440	0.00750	0.00339	0.00841
16	0.00813	0.00668	0.00715	0.00703	0.00910	0.00570	0.00527	0.01012	0.01582	0.01972	0.21462	0.06017	0.57577	0.01595	0.00778	0.00219	0.00328	0.01345	0.00637	0.00570
17	0.00986	0.00734	0.00957	0.01069	0.01239	0.00705	0.00913	0.01254	0.01512	0.01920	0.04324	0.07139	0.21875	0.01779	0.00875	0.00282	0.00534	0.50704	0.00608	0.00593
18	0.01366	0.01382	0.02602	0.48120	0.09286	0.01531	0.22502	0.01836	0.01402	0.01846	0.01224	0.01752	0.00926	0.00622	0.00693	0.00218	0.00940	0.00643	0.00307	0.00802
19	0.01425	0.01936	0.17232	0.05101	0.02933	0.01585	0.39450	0.01930	0.01397	0.01961	0.01293	0.01800	0.01035	0.03824	0.05053	0.00289	0.09903	0.00691	0.00319	0.00844
20	0.02459	0.03138	0.01866	0.01696	0.02035	0.74221	0.01272	0.02629	0.01866	0.01611	0.01018	0.01187	0.00848	0.00678	0.00594	0.00170	0.01187	0.00424	0.00339	0.00763
21	0.00779	0.00663	0.00671	0.00677	0.00892	0.00555	0.00504	0.00944	0.01491	0.01775	0.06552	0.09035	0.69866	0.01682	0.00780	0.00224	0.00335	0.01408	0.00611	0.00555
22	0.02210	0.02644	0.01964	0.02073	0.14692	0.52290	0.01378	0.02626	0.10334	0.01848	0.01261	0.01422	0.01025	0.00688	0.00613	0.00181	0.01033	0.00492	0.00377	0.00848
23	0.01476	0.02054	0.23826	0.04412	0.10188	0.01442	0.28642	0.02019	0.01474	0.04613	0.01447	0.04534	0.01142	0.00659	0.00682	0.00207	0.00905	0.00676	0.05155	0.04448
24	0.01885	0.55896	0.07806	0.01303	0.01844	0.18376	0.01246	0.02124	0.01458	0.01599	0.00956	0.01108	0.00845	0.00593	0.00474	0.00152	0.00829	0.00377	0.00294	0.00835
25	0.00955	0.00649	0.00775	0.00775	0.00794	0.00669	0.00470	0.00994	0.00974	0.01318	0.02022	0.04021	0.02269	0.64871	0.15173	0.00708	0.00826	0.00915	0.00391	0.00430
26	0.01859	0.16931	0.02150	0.01761	0.12087	0.14008	0.01254	0.07556	0.30855	0.02332	0.01762	0.01782	0.01379	0.00739	0.00604	0.00192	0.00721	0.00579	0.00486	0.00961
27	0.01320	0.03405	0.73453	0.01876	0.02849	0.01529	0.02432	0.02085	0.01390	0.02085	0.01181	0.01390	0.00834	0.00625	0.00625	0.00208	0.00973	0.00486	0.00278	0.00973
28	0.02101	0.01732	0.07086	0.01430	0.01917	0.01741	0.01224	0.44651	0.14156	0.05695	0.02078	0.07653	0.03666	0.00921	0.00676	0.00209	0.00666	0.00735	0.00632	0.01034
29	0.01556	0.01484	0.07365	0.01301	0.01682	0.05829	0.03250	0.04471	0.34119	0.07009	0.09318	0.08576	0.09108	0.01046	0.00698	0.00219	0.00578	0.00886	0.00610	0.00896
30	0.01100	0.00940	0.01364	0.01272	0.01352	0.01205	0.01020	0.01306	0.01042	0.01546	0.01476	0.02220	0.01396	0.03727	0.51204	0.00812	0.25391	0.00664	0.00332	0.00630
31	0.01756	0.74489	0.03378	0.01134	0.01690	0.02570	0.01123	0.02027	0.03903	0.01593	0.00980	0.01107	0.00887	0.00575	0.00431	0.00144	0.00697	0.00366	0.00296	0.00852
32	0.01337	0.06261	0.70747	0.01847	0.02804	0.01570	0.02382	0.02080	0.01388	0.02064	0.01171	0.01377	0.00834	0.00623	0.00618	0.00206	0.00963	0.00481	0.00278	0.00968
33	0.02335	0.16345	0.02148	0.01595	0.01974	0.61460	0.01246	0.02512	0.01772	0.01600	0.00999	0.01164	0.00847	0.00658	0.00563	0.00164	0.01101	0.00411	0.00329	0.00778
34	0.00940	0.00705	0.01058	0.01058	0.01176	0.00823	0.00823	0.01176	0.01058	0.01528	0.01763	0.02586	0.01646	0.04937	0.74255	0.01058	0.01763	0.00705	0.00353	0.00588
35	0.00920	0.00668	0.00867	0.00826	0.00979	0.00615	0.00616	0.01217	0.01823	0.02565	0.66853	0.08140	0.08659	0.01390	0.00779	0.00210	0.00315	0.01228	0.00715	0.00615
36	0.00949	0.00644	0.00761	0.00767	0.00783	0.00657	0.00459	0.00982	0.00981	0.01323	0.02096	0.06876	0.02378	0.65211	0.11902	0.00675	0.00766	0.00962	0.00401	0.00427
37	0.02503	0.01844	0.01976	0.01515	0.02042	0.02042	0.01251	0.70562	0.03095	0.04149	0.01581	0.01581	0.01120	0.00790	0.00659	0.00198	0.00724	0.00593	0.00659	0.01120
38	0.02472	0.01829	0.01958	0.01509	0.02030	0.02027	0.01244	0.68191	0.05516	0.04100	0.01619	0.01612	0.01151	0.00794	0.00659	0.00198	0.00717	0.00598	0.00659	0.01117
39	0.00816	0.00700	0.00703	0.00697	0.00926	0.00604	0.00524	0.01058	0.04605	0.01822	0.06492	0.06164	0.69367	0.01633	0.00773	0.00222	0.00342	0.01361	0.00614	0.00577
40	0.01144	0.00572	0.00858	0.00858	0.00858	0.00572	0.00572	0.00858	0.00858	0.01144	0.01144	0.02001	0.01144	0.02287	0.02573	0.80846	0.00572	0.00572	0.00286	0.00286
41	0.02954	0.01120	0.01528	0.01171	0.01681	0.00968	0.00968	0.03208	0.01884	0.73213	0.02597	0.02241	0.01630	0.00815	0.00662	0.00204	0.00560	0.00662	0.00815	0.01120
42	0.02459	0.03138	0.01866	0.01696	0.02035	0.74221	0.01272	0.02629	0.01866	0.01611	0.01018	0.01187	0.00848	0.00678	0.00594	0.00170	0.01187	0.00424	0.00339	0.00763
43	0.00957	0.00638	0.00718	0.00718	0.00718	0.00638	0.00399	0.00957	0.00957	0.01276	0.02074	0.04308	0.02393	0.76864	0.03351	0.00638	0.00638	0.00957	0.00399	0.00399
44	0.01061	0.00758	0.01061	0.01212	0.01364	0.00758	0.01061	0.01364	0.01515	0.01970	0.03486	0.07426	0.03789	0.01819	0.00909	0.00303	0.00606	0.68326	0.00606	0.00606
45	0.01320	0.03405	0.73453	0.01876	0.02849	0.01529	0.02432	0.02085	0.01390	0.02085	0.01181	0.01390	0.00834	0.00625	0.00625	0.00208	0.00973	0.00486	0.00278	0.00973
46	0.81514	0.01273	0.00968	0.00866	0.01273	0.01477	0.00713	0.01935	0.01120	0.02954	0.00917	0.01069	0.00713	0.00611	0.00407	0.00204	0.00509	0.00356	0.00407	0.00713
47	0.00802	0.00573	0.00764	0.00917	0.00955	0.00535	0.00611	0.00917	0.01260	0.01681	0.03628	0.76434	0.04354	0.02062	0.00840	0.00267	0.00382	0.01872	0.00611	0.00535
48	0.00787	0.00670	0.00679	0.00684	0.00904	0.00562	0.00517	0.00958	0.01501	0.01784	0.06572	0.06369	0.70391	0.01672	0.00782	0.00225	0.00342	0.03434	0.00611	0.00557
49	0.02459	0.03138	0.01866	0.01696	0.02035	0.74221	0.01272	0.02629	0.01866	0.01611	0.01018	0.01187	0.00848	0.00678	0.00594	0.00170	0.01187	0.00424	0.00339	0.00763
50	0.01421	0.01412	0.01980	0.01703	0.01707	0.01971	0.01417	0.01569	0.01010	0.01582	0.00899	0.01484	0.00894	0.01297	0.04912	0.00317	0.72838	0.00581	0.00291	0.00715
51	0.00942	0.00698	0.01019	0.01019	0.01123	0.00802	0.00774	0.01151	0.01046	0.01499	0.01799	0.02783	0.01731	0.13172	0.66137	0.01010	0.01635	0.00734	0.00358	0.00566
52	0.00802	0.00573	0.00764	0.00917	0.00955	0.00535	0.00611	0.00917	0.01260	0.01681	0.03628	0.76434	0.04354	0.02062	0.00840	0.00267	0.00382	0.01872	0.00611	0.00535
53	0.01320	0.03405	0.73453	0.01876	0.02849	0.01529	0.02432	0.02085	0.01390	0.02085	0.01181	0.01390	0.00834	0.00625	0.00625	0.00208	0.00973	0.00486	0.00278	0.00973
54	0.01560	0.01542	0.02775	0.14263	0.51040	0.01566	0.13552	0.01986	0.01482	0.02075	0.01244	0.01673	0.01011	0.00592	0.00674	0.00203	0.00852	0.00619	0.00322	0.00971
55	0.00914	0.00675	0.00855	0.00817	0.00981	0.00616	0.00617	0.01204	0.01802	0.02499	0.61155	0.05190	0.15468	0.01405	0.00781	0.00212	0.00322	0.03171	0.00705	0.00612
56	0.00778	0.00667	0.00667	0.00667	0.00889	0.00556	0.00500	0.00945	0.01501	0.01778	0.06669	0.06336	0.72490	0.01667	0.00778	0.00222	0.00333	0.01389	0.00611	0.00556
57	0.00855	0.00670	0.00774	0.00748	0.00936	0.00589	0.00561	0.01094	0.01682	0.02210	0.39588	0.05626	0.39302	0.01506	0.00777	0.00215	0.00322	0.01290	0.00668	0.00589
58	0.01365	0.01170	0.01365	0.00975	0.01560	0.00878	0.00780	0.01658	0.01365	0.02145	0.01170	0.01365	0.00975	0.00488	0.00488	0.00098	0.00488	0.00390	0.00390	0.80888
59	0.04419	0.01618	0.02000	0.08221	0.11623	0.12180	0.04075	0.04843	0.01348	0.01849	0.01121	0.01598	0.00991	0.01354	0.09941	0.00334	0.30802	0.00572	0.00331	0.00779
60	0.02503	0.01844	0.01976	0.01515	0.02042	0.02042	0.01251	0.70562	0.03095	0.04149	0.01581	0.01581	0.01120	0.00790	0.00659	0.00198	0.00724	0.00593	0.00659	0.01120
61	0.01320	0.03405	0.73453	0.01876	0.02849	0.01529	0.02432	0.02085	0.01390	0.02085	0.01181	0.01390	0.00834	0.00625	0.00625	0.00208	0.00973	0.00486	0.00278	0.00973
62	0.01111	0.00871	0.01274	0.07235	0.09717	0.00895	0.01141	0.01458	0.04156	0.01942	0.03045	0.19718	0.03291	0.01600	0.00837	0.00274	0.00600	0.39612	0.00553	0.00669
63	0.01629	0.01564	0.02672	0.04041	0.72757	0.01564	0.02020	0.02020	0.01499	0.02151	0.01238	0.01629	0.01043	0.00587	0.00652	0.00196	0.00782	0.00587	0.00326	0.01043
64	0.00932	0.00673	0.00880	0.00828	0.00984	0.00621	0.00621	0.01242	0.01863	0.02640	0.72410	0.04918	0.06212	0.01346	0.00776	0.00207	0.00311	0.01191	0.00725	0.00621
65	0.01227	0.00614	0.00614	0.00614	0.00767	0.00614	0.00460	0.01534	0.01381	0.02454	0.02148	0.02454	0.01687	0.00767	0.00460	0.00153	0.00307	0.00614	0.80518	0.00614
66	0.01534	0.01913	0.09733	0.02699	0.03391	0.01653	0.64656	0.02107	0.01540	0.02107	0.01319	0.01743	0.00985	0.00561	0.00764	0.00221	0.01098	0.00752	0.00328	0.00895
67	0.01554	0.01776	0.03885	0.02775	0.03441	0.01665	0.70366	0.02109	0.01554	0.02109	0.01332	0.01776	0.00999	0.00555	0.00777	0.00222	0.01110	0.00777	0.00333	0.00888
68	0.00802	0.00573	0.00764	0.00917	0.00955	0.00535	0.00611	0.00917	0.01260	0.01681	0.03628	0.76434	0.04354	0.02062	0.00840	0.00267	0.00382	0.01872	0.00611	0.00535
69	0.00940	0.00705	0.01058	0.01058	0.01176	0.00823	0.00823	0.01176	0.01058	0.01528	0.01763	0.02586	0.01646	0.04937	0.74255	0.01058	0.01763	0.00705	0.00353	0.00588
70	0.01629	0.01564	0.02672	0.04041	0.72757	0.01564	0.02020	0.02020	0.01499	0.02151	0.01238	0.01629	0.01043	0.00587	0.00652	0.00196	0.00782	0.00587	0.00326	0.01043
71	0.01365	0.01170	0.01365	0.00975	0.01560	0.00878	0.00780	0.01658	0.01365	0.02145	0.01170	0.01365	0.00975	0.00488	0.00488	0.00098	0.00488	0.00390	0.00390	0.80888
72	0.01061	0.00758	0.01061	0.01212	0.01364	0.00758	0.01061	0.01364	0.01515	0.01970	0.03486	0.07426	0.03789	0.01819	0.00909	0.00303	0.00606	0.68326	0.00606	0.00606
73	0.01061	0.00758	0.01061	0.01212	0.01364	0.00758	0.01061	0.01364	0.01515	0.01970	0.03486	0.07426	0.03789	0.01819	0.00909	0.00303	0.00606	0.68326	0.00606	0.00606
74	0.01629	0.01564	0.02672	0.04041	0.72757	0.01564	0.02020	0.02020	0.01499	0.02151	0.01238	0.01629	0.01043	0.00587	0.00652	0.00196	0.00782	0.00587	0.00326	0.01043
75	0.00778	0.00667	0.00667	0.00667	0.00889	0.00556	0.00500	0.00945	0.01501	0.01778	0.06669	0.06336	0.72490	0.01667	0.00778	0.00222	0.00333	0.01389	0.00611	0.00556
76	0.00778	0.00667	0.00667	0.00667	0.00889	0.00556	0.00500	0.00945	0.01501	0.01778	0.06669	0.06336	0.72490	0.01667	0.00778	0.00222	0.00333	0.01389	0.00611	0.00556
77	0.02503	0.01844	0.01976	0.01515	0.02042	0.02042	0.01251	0.70562	0.03095	0.04149	0.01581	0.01581	0.01120	0.00790	0.00659	0.00198	0.00724	0.00593	0.00659	0.01120
78	0.00802	0.00573	0.00764	0.00917	0.00955	0.00535	0.00611	0.00917	0.01260	0.01681	0.03628	0.76434	0.04354	0.02062	0.00840	0.00267	0.00382	0.01872	0.00611	0.00535
79	0.00940	0.00705	0.01058	0.01058	0.01176	0.00823	0.00823	0.01176	0.01058	0.01528	0.01763	0.02586	0.01646	0.04937	0.74255	0.01058	0.01763	0.00705	0.00353	0.00588
80	0.02459	0.03138	0.01866	0.01696	0.02035	0.74221	0.01272	0.02629	0.01866	0.01611	0.01018	0.01187	0.00848	0.00678	0.00594	0.00170	0.01187	0.00424	0.00339	0.00763
81	0.01320	0.03405	0.73453	0.01876	0.02849	0.01529	0.02432	0.02085	0.01390	0.02085	0.01181	0.01390	0.00834	0.00625	0.00625	0.00208	0.00973	0.00486	0.00278	0.00973
82	0.00940	0.00705	0.01058	0.01058	0.01176	0.00823	0.00823	0.01176	0.01058	0.01528	0.01763	0.02586	0.01646	0.04937	0.74255	0.01058	0.01763	0.00705	0.00353	0.00588
83	0.02459	0.03138	0.01866	0.01696	0.02035	0.74221	0.01272	0.02629	0.01866	0.01611	0.01018	0.01187	0.00848	0.00678	0.00594	0.00170	0.01187	0.00424	0.00339	0.00763
84	0.01379	0.13273	0.64100	0.01776	0.02694	0.01673	0.02258	0.02070	0.01383	0.02013	0.01146	0.01345	0.00835	0.00617	0.00598	0.00199	0.00937	0.00469	0.00278	0.00956
85	0.00802	0.00573	0.00764	0.00917	0.00955	0.00535	0.00611	0.00917	0.01260	0.01681	0.03628	0.76434	0.04354	0.02062	0.00840	0.00267	0.00382	0.01872	0.00611	0.00535
86	0.01013	0.00742	0.00994	0.01120	0.01284	0.00724	0.00966	0.01293	0.01513	0.01938	0.04024	0.07242	0.15406	0.01793	0.00887	0.00289	0.00560	0.57007	0.00607	0.00598
87	0.01313	0.09514	0.58779	0.01687	0.02528	0.01515	0.02105	0.01975	0.01441	0.02104	0.09577	0.01778	0.01471	0.00705	0.00626	0.00202	0.00871	0.00558	0.00331	0.00920
88	0.01629	0.01564	0.02672	0.04041	0.72757	0.01564	0.02020	0.02020	0.01499	0.02151	0.01238	0.01629	0.01043	0.00587	0.00652	0.00196	0.00782	0.00587	0.00326	0.01043
89	0.02503	0.01844	0.01976	0.01515	0.02042	0.02042	0.01251	0.70562	0.03095	0.04149	0.01581	0.01581	0.01120	0.00790	0.00659	0.00198	0.00724	0.00593	0.00659	0.01120
90	0.01289	0.03235	0.69092	0.01819	0.02736	0.01469	0.02323	0.02015	0.01382	0.02061	0.01328	0.05892	0.01045	0.00712	0.00638	0.00212	0.00937	0.00570	0.00298	0.00947
91	0.01455	0.01447	0.02161	0.45779	0.23019	0.07172	0.01816	0.01843	0.01392	0.01800	0.01160	0.01659	0.00920	0.00668	0.00736	0.00213	0.05063	0.00572	0.00305	0.00819
92	0.02466	0.02949	0.01882	0.01670	0.02036	0.63714	0.01269	0.12518	0.02045	0.01981	0.01100	0.01244	0.00888	0.00695	0.00603	0.00174	0.01120	0.00449	0.00386	0.00815
93	0.81514	0.01273	0.00968	0.00866	0.01273	0.01477	0.00713	0.01935	0.01120	0.02954	0.00917	0.01069	0.00713	0.00611	0.00407	0.00204	0.00509	0.00356	0.00407	0.00713
94	0.00951	0.00636	0.00720	0.00726	0.00728	0.00634	0.00408	0.00956	0.00970	0.01293	0.02139	0.07292	0.02475	0.73769	0.03247	0.00623	0.00628	0.00995	0.00408	0.00405
95	0.00831	0.00591	0.00784	0.00928	0.00973	0.00558	0.00634	0.00954	0.01263	0.01680	0.03528	0.66915	0.04197	0.06358	0.00990	0.00292	0.00414	0.06979	0.00598	0.00532
96	0.01379	0.01177	0.01443	0.01064	0.01607	0.00933	0.03478	0.04671	0.01441	0.02196	0.01385	0.07220	0.01245	0.00626	0.00534	0.00120	0.00514	0.00529	0.00417	0.68021
97	0.02078	0.04335	0.04481	0.01431	0.04485	0.06634	0.01145	0.24002	0.11765	0.15384	0.07859	0.04927	0.01899	0.00887	0.00663	0.00201	0.00652	0.02497	0.00616	0.04060
98	0.01644	0.01666	0.07030	0.07658	0.02124	0.11512	0.07146	0.09860	0.03611	0.04808	0.01663	0.10547	0.01491	0.00828	0.00637	0.00182	0.00731	0.02645	0.00448	0.23768
99	0.10633	0.07055	0.13692	0.04334	0.10940	0.08669	0.15307	0.06056	0.07666	0.02272	0.01425	0.04305	0.01154	0.00696	0.00628	0.00202	0.00831	0.00613	0.02636	0.00887
100	0.04835	0.26326	0.26867	0.01484	0.02160	0.06709	0.01581	0.15850	0.01737	0.02335	0.01156	0.01296	0.00896	0.00637	0.00552	0.00178	0.00817	0.00453	0.00369	0.03763
101	0.04142	0.08887	0.08774	0.01290	0.01781	0.03730	0.01141	0.22551	0.09930	0.05365	0.07734	0.06887	0.01796	0.00845	0.00622	0.00187	0.00633	0.00675	0.00539	0.12489

[dist]
# distance from previous block
# <min> <max>
0	65

[block]
# block no. 3 follows, 33 sequences, length 105
# corresponding to MSA columns:
# 415-519
name=unknown_D
#
# <colnr> <probs for GDERKNQSTAVLIFYWHMCP>
#	G	D	E	R	K	N	Q	S	T	A	V	L	I	F	Y	W	H	M	C	P
0	0.05025	0.01775	0.08049	0.01971	0.17017	0.08894	0.01400	0.18470	0.04624	0.04408	0.05358	0.02040	0.05679	0.00839	0.00807	0.00207	0.08805	0.00642	0.03073	0.00916
1	0.12511	0.32830	0.21584	0.01464	0.03866	0.09065	0.03835	0.02053	0.01387	0.01954	0.01060	0.01245	0.00862	0.00605	0.00511	0.00175	0.00800	0.00425	0.02915	0.00852
2	0.05635	0.54405	0.05257	0.01245	0.01776	0.12078	0.01174	0.06144	0.03786	0.01833	0.01034	0.01162	0.00893	0.00607	0.00473	0.00156	0.00764	0.00393	0.00330	0.00854
3	0.08416	0.04351	0.06337	0.01040	0.01358	0.05247	0.00888	0.01755	0.03569	0.10807	0.15353	0.11847	0.10122	0.01166	0.00677	0.00211	0.00520	0.06541	0.06790	0.03005
4	0.01554	0.01163	0.01275	0.01089	0.01388	0.04164	0.00855	0.20518	0.06422	0.06281	0.37932	0.03668	0.08691	0.01135	0.00725	0.00205	0.00487	0.00956	0.00684	0.00808
5	0.01886	0.01739	0.13192	0.01412	0.01918	0.01555	0.01275	0.14680	0.35951	0.12550	0.05154	0.02206	0.01790	0.00840	0.00664	0.00213	0.00626	0.00684	0.00627	0.01037
6	0.05426	0.11232	0.08818	0.04715	0.11999	0.08025	0.31178	0.04024	0.01527	0.02064	0.01192	0.01533	0.00940	0.00613	0.00720	0.00204	0.03966	0.00606	0.00331	0.00886
7	0.17151	0.02720	0.47152	0.01665	0.02436	0.04366	0.05731	0.04269	0.01440	0.02329	0.04124	0.01494	0.01054	0.00656	0.00597	0.00206	0.00862	0.00508	0.00340	0.00899
8	0.01385	0.01314	0.02230	0.49208	0.29503	0.01500	0.01899	0.01806	0.01383	0.01854	0.01195	0.01709	0.00938	0.00632	0.00656	0.00211	0.00843	0.00586	0.00305	0.00845
9	0.00802	0.00573	0.00764	0.00917	0.00955	0.00535	0.00611	0.00917	0.01260	0.01681	0.03628	0.76434	0.04354	0.02062	0.00840	0.00267	0.00382	0.01872	0.00611	0.00535
10	0.01715	0.04801	0.17650	0.02141	0.05983	0.01495	0.30882	0.02206	0.01536	0.14512	0.03512	0.01851	0.01240	0.00837	0.03714	0.00247	0.03665	0.00672	0.00414	0.00926
11	0.01465	0.01430	0.01994	0.46406	0.14353	0.07414	0.01685	0.02105	0.12752	0.01922	0.01412	0.01803	0.01084	0.00687	0.00654	0.00212	0.00830	0.00598	0.00362	0.00832
12	0.02954	0.01120	0.01528	0.01171	0.01681	0.00968	0.00968	0.03208	0.01884	0.73213	0.02597	0.02241	0.01630	0.00815	0.00662	0.00204	0.00560	0.00662	0.00815	0.01120
13	0.01554	0.01776	0.03885	0.02775	0.03441	0.01665	0.70366	0.02109	0.01554	0.02109	0.01332	0.01776	0.00999	0.00555	0.00777	0.00222	0.01110	0.00777	0.00333	0.00888
14	0.01590	0.01559	0.02582	0.15438	0.56679	0.03867	0.04717	0.01989	0.01483	0.02056	0.01224	0.01642	0.01008	0.00600	0.00656	0.00200	0.00824	0.00589	0.00321	0.00977
15	0.00802	0.00573	0.00764	0.00917	0.00955	0.00535	0.00611	0.00917	0.01260	0.01681	0.03628	0.76434	0.04354	0.02062	0.00840	0.00267	0.00382	0.01872	0.00611	0.00535
16	0.00802	0.00573	0.00764	0.00917	0.00955	0.00535	0.00611	0.00917	0.01260	0.01681	0.03628	0.76434	0.04354	0.02062	0.00840	0.00267	0.00382	0.01872	0.00611	0.00535
17	0.01144	0.00572	0.00858	0.00858	0.00858	0.00572	0.00572	0.00858	0.00858	0.01144	0.01144	0.02001	0.01144	0.02287	0.02573	0.80846	0.00572	0.00572	0.00286	0.00286
18	0.01560	0.01759	0.03786	0.02877	0.09069	0.01657	0.64817	0.02102	0.01549	0.02112	0.01324	0.01764	0.01002	0.00558	0.00767	0.00220	0.01083	0.00761	0.00332	0.00900
19	0.02954	0.01120	0.01528	0.01171	0.01681	0.00968	0.00968	0.03208	0.01884	0.73213	0.02597	0.02241	0.01630	0.00815	0.00662	0.00204	0.00560	0.00662	0.00815	0.01120
20	0.01243	0.01170	0.01975	0.75282	0.04534	0.01463	0.01828	0.01682	0.01316	0.01682	0.01170	0.01755	0.00878	0.00658	0.00658	0.00219	0.00878	0.00585	0.00293	0.00731
21	0.01510	0.02079	0.16830	0.02608	0.03331	0.01640	0.57725	0.02104	0.01523	0.02104	0.01304	0.01704	0.00968	0.00568	0.00749	0.00219	0.01084	0.00723	0.00323	0.00904
22	0.01760	0.77260	0.03450	0.01126	0.01690	0.02605	0.01126	0.01971	0.01338	0.01549	0.00915	0.01056	0.00845	0.00563	0.00422	0.00141	0.00704	0.00352	0.00282	0.00845
23	0.00778	0.00667	0.00667	0.00667	0.00889	0.00556	0.00500	0.00945	0.01501	0.01778	0.06669	0.06336	0.72490	0.01667	0.00778	0.00222	0.00333	0.01389	0.00611	0.00556
24	0.01365	0.01170	0.01365	0.00975	0.01560	0.00878	0.00780	0.01658	0.01365	0.02145	0.01170	0.01365	0.00975	0.00488	0.00488	0.00098	0.00488	0.00390	0.00390	0.80888
25	0.01629	0.01564	0.02672	0.04041	0.72757	0.01564	0.02020	0.02020	0.01499	0.02151	0.01238	0.01629	0.01043	0.00587	0.00652	0.00196	0.00782	0.00587	0.00326	0.01043
26	0.01637	0.01414	0.01489	0.01340	0.01712	0.01637	0.01042	0.03498	0.71568	0.02754	0.02679	0.02456	0.02010	0.00893	0.00670	0.00223	0.00521	0.00744	0.00670	0.01042
