[name]
unknown

[dist]
# distance from previous block
# <min> <max>
0	0

[block]
# block no. 0 follows, 32 sequences, length 93
# corresponding to MSA columns:
# 0-92
name=unknown_A
#
# <colnr> <probs for GDERKNQSTAVLIFYWHMCP>
#	G	D	E	R	K	N	Q	S	T	A	V	L	I	F	Y	W	H	M	C	P
0	0.01081	0.00772	0.01081	0.01236	0.01390	0.00772	0.01081	0.01390	0.01545	0.02008	0.03553	0.07569	0.03862	0.01854	0.00927	0.00309	0.00618	0.67717	0.00618	0.00618
1	0.02616	0.01774	0.01948	0.01494	0.02028	0.01924	0.01234	0.60456	0.02978	0.14018	0.01759	0.01707	0.01215	0.00809	0.00672	0.00202	0.00714	0.00614	0.00694	0.01141
2	0.01575	0.01867	0.06345	0.02796	0.03486	0.01692	0.67468	0.02148	0.01578	0.02148	0.01352	0.01796	0.01012	0.00568	0.00787	0.00226	0.01126	0.00782	0.00337	0.00908
3	0.00959	0.00719	0.01078	0.01078	0.01198	0.00839	0.00839	0.01198	0.01078	0.01558	0.01797	0.02636	0.01677	0.05032	0.73760	0.01078	0.01797	0.00719	0.00359	0.00599
4	0.00817	0.00677	0.00693	0.00691	0.00893	0.00577	0.00505	0.00976	0.01490	0.01798	0.08922	0.06200	0.62616	0.08935	0.01047	0.00267	0.00369	0.01365	0.00607	0.00554
5	0.81159	0.01298	0.00986	0.00882	0.01298	0.01505	0.00727	0.01972	0.01142	0.03010	0.00934	0.01090	0.00727	0.00623	0.00415	0.00208	0.00519	0.00363	0.00415	0.00727
6	0.01661	0.01594	0.02724	0.04119	0.72233	0.01594	0.02059	0.02059	0.01528	0.02192	0.01262	0.01661	0.01063	0.00598	0.00664	0.00199	0.00797	0.00598	0.00332	0.01063
7	0.01669	0.01441	0.01517	0.01365	0.01745	0.01669	0.01062	0.03565	0.71021	0.02807	0.02731	0.02503	0.02048	0.00910	0.00683	0.00228	0.00531	0.00759	0.00683	0.01062
8	0.00793	0.00680	0.00680	0.00680	0.00906	0.00566	0.00510	0.00963	0.01529	0.01813	0.06797	0.06457	0.71961	0.01699	0.00793	0.00227	0.00340	0.01416	0.00623	0.00566
9	0.02593	0.01812	0.01972	0.01512	0.02047	0.01981	0.01249	0.63887	0.03042	0.10497	0.01706	0.01673	0.01189	0.00808	0.00672	0.00202	0.00723	0.00611	0.00686	0.01141
10	0.00818	0.00584	0.00779	0.00934	0.00973	0.00545	0.00623	0.00934	0.01285	0.01713	0.03698	0.75981	0.04438	0.02102	0.00856	0.00273	0.00389	0.01908	0.00623	0.00545
11	0.00825	0.00681	0.00725	0.00714	0.00926	0.00580	0.00535	0.01025	0.01606	0.01994	0.20216	0.06159	0.58429	0.01632	0.00793	0.00223	0.00335	0.01374	0.00647	0.00580
12	0.02551	0.01879	0.02014	0.01544	0.02081	0.02081	0.01275	0.69996	0.03155	0.04229	0.01611	0.01611	0.01141	0.00805	0.00671	0.00201	0.00738	0.00604	0.00671	0.01141
13	0.01243	0.01151	0.01089	0.01013	0.01214	0.13387	0.00761	0.01590	0.04507	0.02487	0.55007	0.04298	0.07162	0.01246	0.00755	0.00205	0.00481	0.01066	0.00665	0.00673
14	0.01738	0.01586	0.01549	0.01395	0.01772	0.07608	0.01081	0.03492	0.65324	0.02711	0.02591	0.02397	0.01951	0.00892	0.00676	0.00223	0.00587	0.00732	0.00655	0.01039
15	0.01709	0.62928	0.16667	0.01293	0.01946	0.02447	0.01400	0.02031	0.01373	0.01682	0.00984	0.01141	0.00859	0.00586	0.00470	0.00157	0.00769	0.00385	0.00286	0.00886
16	0.02506	0.03198	0.01901	0.01729	0.02074	0.73725	0.01296	0.02679	0.01901	0.01642	0.01037	0.01210	0.00864	0.00691	0.00605	0.00173	0.01210	0.00432	0.00346	0.00778
17	0.01267	0.01193	0.02013	0.74806	0.04621	0.01491	0.01863	0.01714	0.01342	0.01714	0.01193	0.01789	0.00894	0.00671	0.00671	0.00224	0.00894	0.00596	0.00298	0.00745
18	0.00959	0.00719	0.01078	0.01078	0.01198	0.00839	0.00839	0.01198	0.01078	0.01558	0.01797	0.02636	0.01677	0.05032	0.73760	0.01078	0.01797	0.00719	0.00359	0.00599
19	0.00943	0.00686	0.00888	0.00837	0.00998	0.00630	0.00628	0.01253	0.01884	0.02654	0.69148	0.05073	0.09086	0.01385	0.00791	0.00212	0.00318	0.01222	0.00734	0.00630
20	0.81159	0.01298	0.00986	0.00882	0.01298	0.01505	0.00727	0.01972	0.01142	0.03010	0.00934	0.01090	0.00727	0.00623	0.00415	0.00208	0.00519	0.00363	0.00415	0.00727
21	0.00818	0.00584	0.00779	0.00934	0.00973	0.00545	0.00623	0.00934	0.01285	0.01713	0.03698	0.75981	0.04438	0.02102	0.00856	0.00273	0.00389	0.01908	0.00623	0.00545
22	0.00818	0.00584	0.00779	0.00934	0.00973	0.00545	0.00623	0.00934	0.01285	0.01713	0.03698	0.75981	0.04438	0.02102	0.00856	0.00273	0.00389	0.01908	0.00623	0.00545
23	0.01368	0.05832	0.68358	0.01918	0.02885	0.01599	0.04677	0.02122	0.01420	0.02108	0.01200	0.01419	0.00856	0.00633	0.00636	0.00211	0.00987	0.00501	0.00285	0.00984
24	0.26499	0.13245	0.08026	0.01345	0.01841	0.19931	0.01185	0.13316	0.01751	0.05571	0.01167	0.01283	0.00900	0.00673	0.00537	0.00189	0.00801	0.00444	0.00427	0.00868
25	0.00800	0.00680	0.00689	0.00687	0.00910	0.00569	0.00515	0.00976	0.01545	0.01849	0.09529	0.06397	0.69206	0.01686	0.00793	0.00226	0.00339	0.01408	0.00628	0.00569
26	0.01794	0.76823	0.03516	0.01148	0.01722	0.02655	0.01148	0.02009	0.01363	0.01579	0.00933	0.01076	0.00861	0.00574	0.00431	0.00144	0.00718	0.00359	0.00287	0.00861
27	0.02551	0.01879	0.02014	0.01544	0.02081	0.02081	0.01275	0.69996	0.03155	0.04229	0.01611	0.01611	0.01141	0.00805	0.00671	0.00201	0.00738	0.00604	0.00671	0.01141
28	0.01437	0.18401	0.58811	0.01757	0.02664	0.01782	0.02208	0.02101	0.01406	0.02014	0.01149	0.01347	0.00852	0.00625	0.00595	0.00198	0.00936	0.00468	0.00284	0.00965
29	0.01660	0.01646	0.02746	0.08699	0.59342	0.04328	0.07600	0.02067	0.01534	0.02135	0.01257	0.01665	0.01040	0.00604	0.00673	0.00202	0.00847	0.00607	0.00331	0.01018
30	0.78181	0.01320	0.01025	0.00907	0.01327	0.01527	0.00747	0.04549	0.01218	0.03057	0.00960	0.01110	0.00742	0.00630	0.00425	0.00207	0.00527	0.00372	0.00425	0.00742
31	0.01428	0.01201	0.01303	0.01187	0.01502	0.01335	0.00916	0.02812	0.49082	0.02698	0.19283	0.03418	0.08815	0.01084	0.00717	0.00224	0.00465	0.00919	0.00691	0.00921
32	0.00950	0.00686	0.00897	0.00844	0.01002	0.00633	0.00633	0.01266	0.01899	0.02691	0.71879	0.05012	0.06331	0.01372	0.00791	0.00211	0.00317	0.01213	0.00739	0.00633
33	0.01669	0.01441	0.01517	0.01365	0.01745	0.01669	0.01062	0.03565	0.71021	0.02807	0.02731	0.02503	0.02048	0.00910	0.00683	0.00228	0.00531	0.00759	0.00683	0.01062
34	0.00818	0.00584	0.00779	0.00934	0.00973	0.00545	0.00623	0.00934	0.01285	0.01713	0.03698	0.75981	0.04438	0.02102	0.00856	0.00273	0.00389	0.01908	0.00623	0.00545
35	0.04216	0.02024	0.02133	0.22558	0.12586	0.24946	0.05706	0.09293	0.06184	0.02151	0.01296	0.01592	0.01010	0.00689	0.00649	0.00201	0.00947	0.00560	0.00387	0.00870
36	0.01837	0.13754	0.24512	0.02137	0.12442	0.21690	0.08021	0.04360	0.01628	0.01988	0.01153	0.01386	0.00910	0.00636	0.00617	0.00190	0.00989	0.00503	0.00325	0.00920
37	0.00950	0.00686	0.00897	0.00844	0.01002	0.00633	0.00633	0.01266	0.01899	0.02691	0.71879	0.05012	0.06331	0.01372	0.00791	0.00211	0.00317	0.01213	0.00739	0.00633
38	0.01267	0.01193	0.02013	0.74806	0.04621	0.01491	0.01863	0.01714	0.01342	0.01714	0.01193	0.01789	0.00894	0.00671	0.00671	0.00224	0.00894	0.00596	0.00298	0.00745
39	0.01251	0.00625	0.00625	0.00625	0.00782	0.00625	0.00469	0.01563	0.01407	0.02502	0.02189	0.02502	0.01720	0.00782	0.00469	0.00156	0.00313	0.00625	0.80144	0.00625
40	0.00976	0.00651	0.00732	0.00732	0.00732	0.00651	0.00407	0.00976	0.00976	0.01301	0.02114	0.04391	0.02439	0.76419	0.03415	0.00651	0.00651	0.00976	0.00407	0.00407
41	0.81159	0.01298	0.00986	0.00882	0.01298	0.01505	0.00727	0.01972	0.01142	0.03010	0.00934	0.01090	0.00727	0.00623	0.00415	0.00208	0.00519	0.00363	0.00415	0.00727
42	0.01696	0.01455	0.01533	0.01371	0.01755	0.01682	0.01069	0.05627	0.68915	0.02851	0.02696	0.02476	0.02020	0.00907	0.00682	0.00227	0.00537	0.00754	0.00682	0.01065
43	0.01346	0.03471	0.72942	0.01912	0.02904	0.01558	0.02479	0.02125	0.01417	0.02125	0.01204	0.01417	0.00850	0.00637	0.00637	0.00212	0.00992	0.00496	0.00283	0.00992
44	0.81159	0.01298	0.00986	0.00882	0.01298	0.01505	0.00727	0.01972	0.01142	0.03010	0.00934	0.01090	0.00727	0.00623	0.00415	0.00208	0.00519	0.00363	0.00415	0.00727
45	0.01267	0.01193	0.02013	0.74806	0.04621	0.01491	0.01863	0.01714	0.01342	0.01714	0.01193	0.01789	0.00894	0.00671	0.00671	0.00224	0.00894	0.00596	0.00298	0.00745
46	0.01615	0.01548	0.02641	0.12316	0.64392	0.01582	0.02037	0.02019	0.01506	0.02137	0.01254	0.01676	0.01043	0.00606	0.00665	0.00202	0.00808	0.00598	0.00328	0.01026
47	0.16890	0.02592	0.01977	0.01700	0.02078	0.48169	0.09080	0.02429	0.01677	0.01952	0.01046	0.01271	0.00857	0.00691	0.00679	0.00192	0.05114	0.00469	0.00355	0.00781
48	0.01166	0.00583	0.00874	0.00874	0.00874	0.00583	0.00583	0.00874	0.00874	0.01166	0.01166	0.02040	0.01166	0.02331	0.02622	0.80478	0.00583	0.00583	0.00291	0.00291
49	0.81159	0.01298	0.00986	0.00882	0.01298	0.01505	0.00727	0.01972	0.01142	0.03010	0.00934	0.01090	0.00727	0.00623	0.00415	0.00208	0.00519	0.00363	0.00415	0.00727
50	0.01441	0.01191	0.01396	0.01000	0.01594	0.00897	0.00801	0.01738	0.01407	0.04334	0.01237	0.01419	0.01014	0.00507	0.00502	0.00103	0.00499	0.00406	0.00411	0.78103
51	0.01494	0.19427	0.43377	0.01930	0.02765	0.01830	0.15983	0.02104	0.01439	0.02009	0.01175	0.01422	0.00887	0.00609	0.00623	0.00200	0.00959	0.00526	0.00296	0.00945
52	0.01346	0.03471	0.72942	0.01912	0.02904	0.01558	0.02479	0.02125	0.01417	0.02125	0.01204	0.01417	0.00850	0.00637	0.00637	0.00212	0.00992	0.00496	0.00283	0.00992
53	0.00811	0.00680	0.00705	0.00699	0.00917	0.00574	0.00524	0.00998	0.01572	0.01914	0.14329	0.06290	0.64366	0.01661	0.00793	0.00225	0.00337	0.01393	0.00636	0.00574
54	0.00977	0.00733	0.01066	0.01050	0.01180	0.00827	0.00806	0.01202	0.01083	0.01564	0.01796	0.02712	0.01705	0.09955	0.65829	0.01009	0.01664	0.00725	0.00364	0.03752
55	0.01391	0.01193	0.01391	0.00994	0.01590	0.00894	0.00795	0.01690	0.01391	0.02186	0.01193	0.01391	0.00994	0.00497	0.00497	0.00099	0.00497	0.00398	0.00398	0.80521
56	0.02417	0.02940	0.01952	0.01729	0.02101	0.61494	0.03647	0.07013	0.06935	0.01908	0.01206	0.01349	0.00972	0.00710	0.00621	0.00180	0.01128	0.00479	0.00390	0.00826
57	0.01664	0.01341	0.01462	0.01080	0.01650	0.05637	0.00863	0.04270	0.01538	0.09229	0.01342	0.01476	0.01057	0.00553	0.00528	0.00118	0.00559	0.00434	0.00447	0.64751
58	0.02005	0.01715	0.01627	0.01487	0.03887	0.14332	0.01122	0.03322	0.47027	0.12388	0.02376	0.02219	0.01755	0.00851	0.00667	0.00214	0.00665	0.00684	0.00633	0.01023
59	0.00908	0.00680	0.00842	0.00809	0.00979	0.00614	0.00604	0.01182	0.01789	0.02448	0.54031	0.08161	0.21530	0.01477	0.00794	0.00217	0.00325	0.01288	0.00707	0.00614
60	0.00959	0.00719	0.01078	0.01078	0.01198	0.00839	0.00839	0.01198	0.01078	0.01558	0.01797	0.02636	0.01677	0.05032	0.73760	0.01078	0.01797	0.00719	0.00359	0.00599
61	0.01883	0.15628	0.08813	0.08898	0.19012	0.24680	0.07811	0.02230	0.01596	0.01856	0.01129	0.01417	0.00926	0.00630	0.00614	0.00187	0.00970	0.00511	0.00322	0.00887
62	0.02262	0.01765	0.01838	0.01476	0.01956	0.04039	0.01196	0.48266	0.21086	0.03701	0.02050	0.01984	0.03536	0.00857	0.00676	0.00208	0.00685	0.00665	0.00663	0.01092
63	0.00950	0.00686	0.00897	0.00844	0.01002	0.00633	0.00633	0.01266	0.01899	0.02691	0.71879	0.05012	0.06331	0.01372	0.00791	0.00211	0.00317	0.01213	0.00739	0.00633
64	0.01797	0.01531	0.02499	0.03047	0.41334	0.01524	0.10139	0.06485	0.07750	0.09096	0.04589	0.01945	0.01429	0.00686	0.00684	0.00204	0.00761	0.00664	0.00451	0.03384
65	0.00976	0.00651	0.00732	0.00732	0.00732	0.00651	0.00407	0.00976	0.00976	0.01301	0.02114	0.04391	0.02439	0.76419	0.03415	0.00651	0.00651	0.00976	0.00407	0.00407
66	0.02506	0.03198	0.01901	0.01729	0.02074	0.73725	0.01296	0.02679	0.01901	0.01642	0.01037	0.01210	0.00864	0.00691	0.00605	0.00173	0.01210	0.00432	0.00346	0.00778
67	0.81159	0.01298	0.00986	0.00882	0.01298	0.01505	0.00727	0.01972	0.01142	0.03010	0.00934	0.01090	0.00727	0.00623	0.00415	0.00208	0.00519	0.00363	0.00415	0.00727
68	0.02512	0.03023	0.01916	0.01704	0.02075	0.64199	0.01294	0.11630	0.02068	0.01986	0.01113	0.01263	0.00901	0.00707	0.00614	0.00177	0.01147	0.00455	0.00389	0.00826
69	0.01589	0.43222	0.35319	0.01498	0.02264	0.02153	0.01758	0.02062	0.01388	0.01829	0.01057	0.01232	0.00856	0.00603	0.00525	0.00175	0.00843	0.00422	0.00285	0.00921
70	0.00950	0.00686	0.00897	0.00844	0.01002	0.00633	0.00633	0.01266	0.01899	0.02691	0.71879	0.05012	0.06331	0.01372	0.00791	0.00211	0.00317	0.01213	0.00739	0.00633
71	0.01661	0.01594	0.02724	0.04119	0.72233	0.01594	0.02059	0.02059	0.01528	0.02192	0.01262	0.01661	0.01063	0.00598	0.00664	0.00199	0.00797	0.00598	0.00332	0.01063
72	0.01794	0.76823	0.03516	0.01148	0.01722	0.02655	0.01148	0.02009	0.01363	0.01579	0.00933	0.01076	0.00861	0.00574	0.00431	0.00144	0.00718	0.00359	0.00287	0.00861
73	0.00818	0.00584	0.00779	0.00934	0.00973	0.00545	0.00623	0.00934	0.01285	0.01713	0.03698	0.75981	0.04438	0.02102	0.00856	0.00273	0.00389	0.01908	0.00623	0.00545
74	0.04941	0.02146	0.01958	0.01564	0.02056	0.17528	0.01263	0.53388	0.02823	0.03633	0.01466	0.01509	0.01069	0.00775	0.00649	0.00195	0.00833	0.00560	0.00593	0.01050
75	0.00793	0.00680	0.00680	0.00680	0.00906	0.00566	0.00510	0.00963	0.01529	0.01813	0.06797	0.06457	0.71961	0.01699	0.00793	0.00227	0.00340	0.01416	0.00623	0.00566
76	0.00818	0.00584	0.00779	0.00934	0.00973	0.00545	0.00623	0.00934	0.01285	0.01713	0.03698	0.75981	0.04438	0.02102	0.00856	0.00273	0.00389	0.01908	0.00623	0.00545
77	0.01682	0.58501	0.20857	0.01339	0.02017	0.02381	0.01481	0.02038	0.01377	0.01715	0.01001	0.01161	0.00858	0.00590	0.00482	0.00161	0.00786	0.00393	0.00286	0.00894
78	0.01311	0.00760	0.00955	0.00888	0.01115	0.00693	0.00696	0.01594	0.01748	0.13844	0.34913	0.04740	0.14943	0.01310	0.00746	0.00216	0.00392	0.07829	0.10601	0.00703
79	0.11669	0.01655	0.02007	0.08800	0.27937	0.11042	0.01460	0.06137	0.01629	0.09213	0.01333	0.01565	0.01034	0.00642	0.00606	0.00187	0.00761	0.00528	0.00418	0.11376
80	0.00812	0.00606	0.00755	0.00874	0.00957	0.00550	0.00596	0.00941	0.01342	0.01736	0.04427	0.59623	0.20325	0.02007	0.00842	0.00262	0.00378	0.01792	0.00623	0.00550
81	0.01578	0.15378	0.49768	0.01758	0.02562	0.11350	0.02070	0.02163	0.01459	0.01954	0.01127	0.01335	0.00855	0.00652	0.00651	0.00199	0.03447	0.00468	0.00293	0.00933
82	0.01609	0.39061	0.26934	0.01740	0.04681	0.02116	0.11321	0.02070	0.01418	0.01863	0.01095	0.01314	0.00886	0.00595	0.00559	0.00180	0.00871	0.00474	0.00295	0.00918
83	0.01092	0.00721	0.00920	0.00850	0.01046	0.00652	0.00645	0.01384	0.01852	0.08109	0.57751	0.04989	0.14689	0.01373	0.00782	0.00213	0.00340	0.01198	0.00731	0.00664
84	0.01546	0.01714	0.03552	0.02658	0.05386	0.01708	0.55778	0.02038	0.01488	0.02056	0.01308	0.01792	0.01027	0.00824	0.03854	0.00268	0.11039	0.00755	0.00334	0.00875
85	0.01391	0.01193	0.01391	0.00994	0.01590	0.00894	0.00795	0.01690	0.01391	0.02186	0.01193	0.01391	0.00994	0.00497	0.00497	0.00099	0.00497	0.00398	0.00398	0.80521
86	0.01081	0.00752	0.00962	0.00898	0.01081	0.00714	0.00676	0.01492	0.06479	0.05667	0.61435	0.07707	0.05766	0.01348	0.00782	0.00215	0.00345	0.01189	0.00734	0.00680
87	0.00882	0.00636	0.00842	0.00943	0.01032	0.00596	0.00681	0.01072	0.01471	0.01984	0.19808	0.48023	0.07141	0.01884	0.00848	0.00261	0.00400	0.10270	0.00649	0.00576
88	0.01532	0.01196	0.01464	0.05736	0.01799	0.00973	0.00899	0.01832	0.01426	0.08501	0.01315	0.01499	0.01045	0.00557	0.00571	0.00122	0.02604	0.00440	0.00427	0.66061
89	0.01474	0.01328	0.01857	0.01331	0.01939	0.01083	0.12605	0.04704	0.01500	0.02268	0.01239	0.01472	0.01004	0.00522	0.00555	0.00125	0.00616	0.00474	0.00399	0.63506
90	0.04677	0.01612	0.02414	0.01857	0.02358	0.07777	0.26757	0.04196	0.07882	0.05024	0.01678	0.02325	0.01409	0.00778	0.00762	0.00207	0.04035	0.07780	0.00442	0.16031
91	0.12865	0.01361	0.05423	0.01286	0.01646	0.05767	0.05093	0.05584	0.01621	0.10918	0.10898	0.08630	0.05033	0.01102	0.00792	0.00225	0.05381	0.09976	0.00546	0.05853
92	0.04140	0.01171	0.01732	0.01379	0.01788	0.01097	0.13953	0.05897	0.06146	0.10252	0.12814	0.05489	0.08549	0.01051	0.00785	0.03247	0.00611	0.05570	0.00560	0.13769

[dist]
# distance from previous block
# <min> <max>
1	59

[block]
# block no. 1 follows, 32 sequences, length 33
# corresponding to MSA columns:
# 154-186
name=unknown_B
#
# <colnr> <probs for GDERKNQSTAVLIFYWHMCP>
#	G	D	E	R	K	N	Q	S	T	A	V	L	I	F	Y	W	H	M	C	P
0	0.07379	0.04242	0.09680	0.01997	0.02610	0.08482	0.29389	0.10912	0.03785	0.06828	0.01410	0.01634	0.01046	0.00641	0.00673	0.00202	0.00918	0.00623	0.00426	0.07124
1	0.01948	0.01347	0.02095	0.04345	0.11215	0.01306	0.13753	0.08764	0.04260	0.21815	0.06587	0.04486	0.05820	0.00855	0.00745	0.00209	0.02793	0.00771	0.00569	0.06316
2	0.01685	0.01382	0.01810	0.04039	0.01986	0.05365	0.10571	0.04024	0.01566	0.10679	0.03455	0.01762	0.01267	0.02861	0.00673	0.00162	0.00658	0.00543	0.00453	0.45061
3	0.14152	0.04104	0.10059	0.04461	0.11494	0.01420	0.17411	0.02123	0.01506	0.10983	0.04923	0.01776	0.01294	0.00655	0.00631	0.00196	0.00764	0.00603	0.00429	0.11016
4	0.08978	0.04877	0.09647	0.01462	0.02037	0.05733	0.09789	0.09397	0.05508	0.10524	0.03882	0.01706	0.01276	0.00670	0.00605	0.00178	0.00714	0.00557	0.00477	0.21984
5	0.04317	0.07398	0.07233	0.02246	0.05298	0.24964	0.32435	0.02333	0.01656	0.03993	0.01237	0.01529	0.00959	0.00622	0.00678	0.00200	0.01073	0.00605	0.00351	0.00873
6	0.00931	0.00678	0.00878	0.00860	0.01009	0.00625	0.00643	0.01216	0.01794	0.02499	0.57401	0.12923	0.10268	0.01492	0.00804	0.00223	0.00339	0.04086	0.00714	0.00619
7	0.01391	0.01193	0.01391	0.00994	0.01590	0.00894	0.00795	0.01690	0.01391	0.02186	0.01193	0.01391	0.00994	0.00497	0.00497	0.00099	0.00497	0.00398	0.00398	0.80521
8	0.02819	0.01214	0.01666	0.01264	0.01796	0.01071	0.03664	0.07004	0.01943	0.61208	0.02438	0.02166	0.01561	0.00796	0.00667	0.00201	0.00597	0.00656	0.00773	0.06495
9	0.02891	0.01115	0.01519	0.01173	0.01672	0.00966	0.00966	0.03153	0.01919	0.68623	0.06677	0.02443	0.01933	0.00862	0.00682	0.00208	0.00556	0.00706	0.00825	0.01112
10	0.00986	0.00709	0.00947	0.00951	0.01108	0.00671	0.00755	0.01300	0.01803	0.02505	0.53241	0.05710	0.05657	0.01503	0.00828	0.00238	0.00399	0.19354	0.00706	0.00629
11	0.02905	0.01187	0.01570	0.01217	0.01727	0.01069	0.01001	0.05554	0.06588	0.65696	0.02618	0.02276	0.01669	0.00835	0.00675	0.00209	0.00574	0.00678	0.00815	0.01137
12	0.75456	0.06724	0.01168	0.00901	0.01328	0.01588	0.00757	0.01975	0.01158	0.02908	0.00934	0.01089	0.00736	0.00619	0.00416	0.00203	0.00533	0.00363	0.00406	0.00736
13	0.00959	0.00719	0.01078	0.01078	0.01198	0.00839	0.00839	0.01198	0.01078	0.01558	0.01797	0.02636	0.01677	0.05032	0.73760	0.01078	0.01797	0.00719	0.00359	0.00599
14	0.81159	0.01298	0.00986	0.00882	0.01298	0.01505	0.00727	0.01972	0.01142	0.03010	0.00934	0.01090	0.00727	0.00623	0.00415	0.00208	0.00519	0.00363	0.00415	0.00727
15	0.01070	0.00712	0.00935	0.00865	0.01044	0.00654	0.00654	0.01383	0.01901	0.06766	0.67849	0.04853	0.06059	0.01340	0.00785	0.00211	0.00331	0.01182	0.00744	0.00663
16	0.00959	0.00719	0.01078	0.01078	0.01198	0.00839	0.00839	0.01198	0.01078	0.01558	0.01797	0.02636	0.01677	0.05032	0.73760	0.01078	0.01797	0.00719	0.00359	0.00599
17	0.02750	0.01221	0.01697	0.01315	0.01826	0.01118	0.05163	0.03241	0.10874	0.59349	0.02580	0.02284	0.01672	0.00825	0.00683	0.00211	0.00600	0.00693	0.00782	0.01117
18	0.01391	0.01193	0.01391	0.00994	0.01590	0.00894	0.00795	0.01690	0.01391	0.02186	0.01193	0.01391	0.00994	0.00497	0.00497	0.00099	0.00497	0.00398	0.00398	0.80521
19	0.02076	0.04208	0.14551	0.01482	0.02053	0.08679	0.01362	0.20281	0.16358	0.12028	0.01790	0.01773	0.01295	0.00753	0.00638	0.00195	0.00742	0.00582	0.00556	0.08596
20	0.04677	0.04187	0.09244	0.04178	0.08409	0.01447	0.08272	0.15551	0.01888	0.16634	0.04530	0.01826	0.01356	0.00704	0.00639	0.00188	0.00715	0.00600	0.00522	0.14435
21	0.20191	0.08941	0.07505	0.01471	0.06568	0.06248	0.01194	0.12985	0.12489	0.07030	0.01498	0.01562	0.01132	0.00697	0.00568	0.00192	0.00676	0.00515	0.00488	0.08049
22	0.08454	0.07046	0.16988	0.01500	0.02086	0.04180	0.05419	0.14527	0.07910	0.17759	0.04262	0.02000	0.01461	0.00785	0.00645	0.00208	0.00741	0.02493	0.00547	0.00990
23	0.01903	0.01753	0.08847	0.01622	0.02150	0.08696	0.14712	0.08210	0.10282	0.15160	0.08010	0.02283	0.04452	0.00803	0.00686	0.00201	0.00759	0.00710	0.00545	0.08216
24	0.06963	0.04098	0.05794	0.03265	0.02061	0.04040	0.11878	0.04308	0.15211	0.17379	0.08155	0.02173	0.01788	0.00804	0.00728	0.00208	0.03807	0.00683	0.00557	0.06101
25	0.01724	0.01473	0.04661	0.03994	0.06431	0.05316	0.05078	0.12683	0.15362	0.08715	0.13907	0.05134	0.04521	0.02922	0.00769	0.00219	0.00642	0.00808	0.00586	0.05056
26	0.10263	0.03979	0.07928	0.04441	0.03919	0.01256	0.05152	0.04080	0.08281	0.22049	0.10691	0.04519	0.02015	0.00839	0.00648	0.00202	0.00617	0.00705	0.00581	0.07835
27	0.14903	0.01651	0.07913	0.03964	0.04021	0.07042	0.07515	0.09481	0.04084	0.07293	0.10441	0.01977	0.01711	0.00743	0.00618	0.00189	0.00691	0.00611	0.00488	0.14666
28	0.09476	0.06701	0.02200	0.01984	0.14717	0.01570	0.12072	0.10511	0.09776	0.06652	0.05823	0.02310	0.03909	0.00815	0.00703	0.00210	0.02588	0.03626	0.00496	0.03860
29	0.06831	0.08632	0.05945	0.03627	0.01963	0.06386	0.06696	0.11142	0.05822	0.12898	0.07947	0.02529	0.01872	0.00887	0.00707	0.00209	0.02859	0.07193	0.00536	0.05318
30	0.01698	0.09412	0.14388	0.01512	0.02053	0.03698	0.07372	0.12183	0.17456	0.04949	0.08683	0.02117	0.01793	0.00954	0.03494	0.00233	0.00760	0.00661	0.00511	0.06072
31	0.04603	0.01606	0.02467	0.04094	0.09356	0.07938	0.25063	0.02434	0.07393	0.17379	0.01899	0.02108	0.03690	0.03281	0.00791	0.00224	0.00842	0.00706	0.00489	0.03635
32	0.05124	0.01645	0.08492	0.08413	0.10529	0.03959	0.04808	0.13607	0.09792	0.09316	0.06427	0.02287	0.03669	0.00844	0.00735	0.00213	0.03613	0.02692	0.00518	0.03315

[dist]
# distance from previous block
# <min> <max>
8	79

[block]
# block no. 2 follows, 32 sequences, length 33
# corresponding to MSA columns:
# 272-304
name=unknown_C
#
# <colnr> <probs for GDERKNQSTAVLIFYWHMCP>
#	G	D	E	R	K	N	Q	S	T	A	V	L	I	F	Y	W	H	M	C	P
0	0.05414	0.04009	0.02206	0.05828	0.07764	0.11085	0.11667	0.15346	0.06597	0.11089	0.01534	0.01681	0.01142	0.00710	0.00703	0.00197	0.03522	0.00591	0.00489	0.08425
1	0.05376	0.05728	0.05045	0.09471	0.04457	0.14849	0.06733	0.13467	0.01863	0.11813	0.04588	0.01735	0.01289	0.00731	0.00682	0.00193	0.03130	0.00577	0.00476	0.07796
2	0.01658	0.01712	0.02434	0.12047	0.16051	0.11619	0.18282	0.04222	0.05422	0.02163	0.05081	0.01834	0.01328	0.00663	0.00671	0.00193	0.00864	0.00634	0.00392	0.12729
3	0.04266	0.01349	0.02125	0.13138	0.06187	0.01365	0.15361	0.06277	0.01557	0.09062	0.04452	0.03463	0.01405	0.04141	0.00915	0.00220	0.07037	0.00667	0.00438	0.16576
4	0.04743	0.06493	0.02034	0.24807	0.05706	0.03671	0.05948	0.04521	0.03643	0.04953	0.04139	0.01751	0.01216	0.00710	0.00756	0.00195	0.07284	0.00573	0.00393	0.16466
5	0.01702	0.01530	0.02514	0.13362	0.11002	0.04136	0.22192	0.04408	0.05370	0.09138	0.01560	0.04623	0.01242	0.00743	0.00816	0.00214	0.06593	0.00699	0.00423	0.07734
6	0.08669	0.01539	0.02174	0.09005	0.05551	0.06221	0.17835	0.06777	0.04409	0.02332	0.04212	0.03035	0.01289	0.00683	0.00684	0.00188	0.03061	0.00617	0.00414	0.21306
7	0.06247	0.05289	0.05197	0.06312	0.02448	0.08103	0.16684	0.18532	0.10368	0.09229	0.01602	0.01737	0.01177	0.00733	0.00719	0.00211	0.03315	0.00627	0.00502	0.00967
8	0.05118	0.04775	0.09100	0.12153	0.02421	0.01558	0.07597	0.07960	0.06662	0.11161	0.01474	0.01688	0.01108	0.00748	0.00855	0.00207	0.11551	0.00576	0.00446	0.12842
9	0.07004	0.04175	0.04214	0.04583	0.07894	0.11611	0.05374	0.06760	0.06589	0.04672	0.08087	0.01873	0.01565	0.00730	0.00670	0.00181	0.03432	0.00585	0.00453	0.19548
10	0.01568	0.01371	0.01989	0.24706	0.09731	0.04490	0.06930	0.04547	0.05274	0.07183	0.01748	0.02208	0.05055	0.06263	0.01072	0.00252	0.10323	0.00683	0.00411	0.04198
11	0.04173	0.01648	0.02578	0.06043	0.41456	0.06181	0.11796	0.02238	0.04689	0.07384	0.01414	0.01715	0.01112	0.00630	0.00667	0.00201	0.00828	0.00613	0.00390	0.04244
12	0.01410	0.00954	0.01132	0.00985	0.01274	0.00915	0.00777	0.13052	0.02001	0.09500	0.33932	0.04450	0.18382	0.01280	0.00755	0.00212	0.00438	0.04046	0.00694	0.03812
13	0.06031	0.12095	0.39215	0.01540	0.02275	0.01574	0.01763	0.07013	0.01628	0.11147	0.08100	0.01820	0.01489	0.00735	0.00621	0.00202	0.00795	0.00570	0.00431	0.00956
14	0.00911	0.00805	0.01082	0.00948	0.01210	0.00703	0.08121	0.01153	0.01609	0.02024	0.19154	0.05661	0.51132	0.01510	0.00793	0.00223	0.00422	0.01307	0.00615	0.00617
15	0.01513	0.01412	0.01447	0.01074	0.01643	0.08869	0.00850	0.01798	0.01447	0.02127	0.01176	0.01372	0.00980	0.00518	0.00509	0.00107	0.00575	0.00401	0.00392	0.71790
16	0.01819	0.12827	0.05222	0.05261	0.14691	0.18135	0.05479	0.04072	0.10457	0.04601	0.01676	0.09743	0.01488	0.00837	0.00648	0.00200	0.00824	0.00699	0.00429	0.00890
17	0.01740	0.09242	0.36034	0.01745	0.05361	0.05987	0.01822	0.17173	0.01829	0.02525	0.01262	0.01425	0.00941	0.00655	0.00611	0.00189	0.00862	0.00498	0.00388	0.09711
18	0.01718	0.64407	0.15268	0.01277	0.01922	0.02469	0.01373	0.02029	0.01372	0.01671	0.00979	0.01134	0.00859	0.00585	0.00466	0.00155	0.00764	0.00382	0.00286	0.00883
19	0.00976	0.00651	0.00732	0.00732	0.00732	0.00651	0.00407	0.00976	0.00976	0.01301	0.02114	0.04391	0.02439	0.76419	0.03415	0.00651	0.00651	0.00976	0.00407	0.00407
20	0.01794	0.76823	0.03516	0.01148	0.01722	0.02655	0.01148	0.02009	0.01363	0.01579	0.00933	0.01076	0.00861	0.00574	0.00431	0.00144	0.00718	0.00359	0.00287	0.00861
21	0.00976	0.00651	0.00732	0.00732	0.00732	0.00651	0.00407	0.00976	0.00976	0.01301	0.02114	0.04391	0.02439	0.76419	0.03415	0.00651	0.00651	0.00976	0.00407	0.00407
22	0.01544	0.02334	0.29594	0.02251	0.03000	0.01559	0.34764	0.02217	0.04728	0.05961	0.01526	0.04692	0.01174	0.00684	0.00725	0.00222	0.00991	0.00717	0.00372	0.00943
23	0.04779	0.01782	0.01895	0.01481	0.01982	0.01979	0.01211	0.59669	0.09136	0.03967	0.01708	0.01768	0.01254	0.03329	0.00756	0.00219	0.00710	0.00623	0.00656	0.01097
24	0.02510	0.03085	0.01911	0.01713	0.02075	0.67583	0.01295	0.08450	0.02009	0.01864	0.01086	0.01244	0.00888	0.00701	0.00611	0.00175	0.01170	0.00447	0.00374	0.00809
25	0.02506	0.03198	0.01901	0.01729	0.02074	0.73725	0.01296	0.02679	0.01901	0.01642	0.01037	0.01210	0.00864	0.00691	0.00605	0.00173	0.01210	0.00432	0.00346	0.00778
26	0.02816	0.01209	0.01615	0.01337	0.04860	0.01100	0.01035	0.09336	0.01976	0.59946	0.02465	0.02288	0.01621	0.04216	0.00797	0.00227	0.00600	0.00678	0.00774	0.01105
27	0.01553	0.01476	0.02474	0.06718	0.61446	0.01478	0.01883	0.01934	0.01534	0.02162	0.04250	0.02148	0.06559	0.00712	0.00679	0.00203	0.00749	0.00682	0.00367	0.00997
28	0.00954	0.00641	0.00738	0.00760	0.00765	0.00636	0.00436	0.00970	0.01018	0.01358	0.02333	0.14287	0.02716	0.66146	0.03062	0.00598	0.00614	0.01105	0.00436	0.00426
29	0.02010	0.01701	0.14798	0.01593	0.04881	0.01349	0.06391	0.09812	0.13397	0.24055	0.06230	0.07002	0.01903	0.00891	0.00696	0.00217	0.00683	0.00766	0.00613	0.01012
30	0.01789	0.01716	0.02332	0.12549	0.43064	0.11729	0.01760	0.02206	0.04231	0.05937	0.01349	0.01665	0.01079	0.00640	0.00649	0.00195	0.00829	0.00574	0.00374	0.05333
31	0.04831	0.18822	0.22955	0.01452	0.02111	0.01707	0.03594	0.05425	0.11651	0.10322	0.01542	0.01604	0.01149	0.00674	0.00584	0.00186	0.00736	0.00522	0.00442	0.09691
32	0.08350	0.13732	0.16762	0.01524	0.02058	0.11582	0.04489	0.08817	0.01685	0.11489	0.05194	0.01661	0.01289	0.00763	0.00753	0.00202	0.07751	0.00550	0.00441	0.00907

[dist]
# distance from previous block
# <min> <max>
1	32

[block]
# block no. 3 follows, 32 sequences, length 23
# corresponding to MSA columns:
# 338-360
name=unknown_D
#
# <colnr> <probs for GDERKNQSTAVLIFYWHMCP>
#	G	D	E	R	K	N	Q	S	T	A	V	L	I	F	Y	W	H	M	C	P
0	0.09530	0.06507	0.16013	0.01733	0.05744	0.07973	0.09834	0.04216	0.04079	0.18019	0.01623	0.01851	0.01209	0.00741	0.00698	0.00208	0.03670	0.02791	0.00473	0.03089
1	0.04316	0.12960	0.13526	0.01495	0.02055	0.11735	0.05250	0.16934	0.04672	0.05602	0.01480	0.04143	0.01180	0.00731	0.00604	0.00185	0.00791	0.00568	0.03521	0.08250
2	0.06001	0.05356	0.21691	0.02046	0.16382	0.03560	0.03686	0.07698	0.01691	0.18297	0.01548	0.01650	0.01108	0.00674	0.00629	0.00197	0.00781	0.00554	0.00465	0.05986
3	0.01981	0.18165	0.04590	0.01495	0.01943	0.12586	0.03510	0.15049	0.17264	0.04550	0.01551	0.01634	0.01213	0.00777	0.00765	0.00198	0.08303	0.00557	0.00477	0.03393
4	0.01787	0.35699	0.05823	0.01476	0.04735	0.06741	0.05461	0.03861	0.01477	0.05466	0.01140	0.01332	0.00952	0.00636	0.00650	0.00164	0.06476	0.00453	0.00354	0.15317
5	0.08067	0.25456	0.43192	0.01560	0.02362	0.01861	0.01866	0.02060	0.01377	0.02035	0.01099	0.01285	0.00849	0.00612	0.00551	0.00187	0.00850	0.00440	0.00300	0.03990
6	0.06200	0.05346	0.04646	0.01515	0.04387	0.04596	0.08733	0.13694	0.07223	0.17182	0.06537	0.02458	0.06538	0.00860	0.00669	0.00203	0.00680	0.02492	0.00578	0.05462
7	0.00991	0.00649	0.00726	0.00726	0.00735	0.00649	0.00410	0.01008	0.00999	0.01366	0.02118	0.04289	0.02401	0.72334	0.03256	0.00624	0.00632	0.00957	0.04712	0.00418
8	0.00959	0.00719	0.01078	0.01078	0.01198	0.00839	0.00839	0.01198	0.01078	0.01558	0.01797	0.02636	0.01677	0.05032	0.73760	0.01078	0.01797	0.00719	0.00359	0.00599
9	0.02315	0.23019	0.02336	0.01572	0.01980	0.54591	0.01257	0.02499	0.01757	0.01625	0.01009	0.01174	0.00863	0.00660	0.00558	0.00165	0.01077	0.00412	0.00330	0.00800
10	0.01593	0.01540	0.02672	0.15469	0.57821	0.01583	0.05471	0.02008	0.01501	0.02113	0.01256	0.01689	0.01033	0.00608	0.00672	0.00205	0.00830	0.00607	0.00327	0.01004
11	0.01694	0.01605	0.02674	0.03820	0.63169	0.01622	0.04372	0.04879	0.05348	0.02306	0.01359	0.01709	0.01118	0.00622	0.00670	0.00202	0.00792	0.00614	0.00365	0.01060
12	0.02551	0.01879	0.02014	0.01544	0.02081	0.02081	0.01275	0.69996	0.03155	0.04229	0.01611	0.01611	0.01141	0.00805	0.00671	0.00201	0.00738	0.00604	0.00671	0.01141
13	0.02551	0.01879	0.02014	0.01544	0.02081	0.02081	0.01275	0.69996	0.03155	0.04229	0.01611	0.01611	0.01141	0.00805	0.00671	0.00201	0.00738	0.00604	0.00671	0.01141
14	0.00976	0.00651	0.00732	0.00732	0.00732	0.00651	0.00407	0.00976	0.00976	0.01301	0.02114	0.04391	0.02439	0.76419	0.03415	0.00651	0.00651	0.00976	0.00407	0.00407
15	0.00976	0.00651	0.00732	0.00732	0.00732	0.00651	0.00407	0.00976	0.00976	0.01301	0.02114	0.04391	0.02439	0.76419	0.03415	0.00651	0.00651	0.00976	0.00407	0.00407
16	0.01794	0.76823	0.03516	0.01148	0.01722	0.02655	0.01148	0.02009	0.01363	0.01579	0.00933	0.01076	0.00861	0.00574	0.00431	0.00144	0.00718	0.00359	0.00287	0.00861
17	0.02165	0.01688	0.01796	0.01466	0.01934	0.01900	0.01182	0.40904	0.32875	0.03606	0.02101	0.02002	0.01538	0.00851	0.00676	0.00213	0.00648	0.00672	0.00676	0.01106
18	0.00793	0.00680	0.00680	0.00680	0.00906	0.00566	0.00510	0.00963	0.01529	0.01813	0.06797	0.06457	0.71961	0.01699	0.00793	0.00227	0.00340	0.01416	0.00623	0.00566
19	0.02551	0.01879	0.02014	0.01544	0.02081	0.02081	0.01275	0.69996	0.03155	0.04229	0.01611	0.01611	0.01141	0.00805	0.00671	0.00201	0.00738	0.00604	0.00671	0.01141
20	0.01759	0.01486	0.01568	0.01384	0.01779	0.01711	0.01084	0.10333	0.64108	0.02952	0.02617	0.02413	0.01956	0.00900	0.00682	0.00225	0.00552	0.00743	0.00682	0.01070
21	0.02551	0.01879	0.02014	0.01544	0.02081	0.02081	0.01275	0.69996	0.03155	0.04229	0.01611	0.01611	0.01141	0.00805	0.00671	0.00201	0.00738	0.00604	0.00671	0.01141
22	0.02101	0.01345	0.01530	0.01310	0.01735	0.01449	0.01038	0.03470	0.48788	0.25295	0.02704	0.02433	0.01924	0.00885	0.00680	0.00221	0.00544	0.00732	0.00730	0.01088

[dist]
# distance from previous block
# <min> <max>
0	1

[block]
# block no. 4 follows, 32 sequences, length 22
# corresponding to MSA columns:
# 362-383
name=unknown_E
#
# <colnr> <probs for GDERKNQSTAVLIFYWHMCP>
#	G	D	E	R	K	N	Q	S	T	A	V	L	I	F	Y	W	H	M	C	P
0	0.01384	0.09703	0.67044	0.01848	0.02804	0.01651	0.02366	0.02115	0.01412	0.02079	0.01181	0.01388	0.00851	0.00632	0.00620	0.00207	0.00968	0.00484	0.00284	0.00981
1	0.01824	0.01628	0.03942	0.01378	0.01769	0.10003	0.01108	0.03193	0.48206	0.09102	0.06276	0.02586	0.02122	0.00922	0.00685	0.00220	0.00621	0.02775	0.00644	0.00997
2	0.02609	0.02663	0.01846	0.01606	0.02005	0.52213	0.01234	0.09776	0.02035	0.15666	0.01408	0.01459	0.01047	0.00730	0.00625	0.00183	0.01037	0.00497	0.00473	0.00886
3	0.12866	0.01491	0.01522	0.01327	0.01736	0.01711	0.01049	0.13853	0.50564	0.03060	0.02304	0.02166	0.01721	0.00854	0.00644	0.00221	0.00562	0.00679	0.00644	0.01028
4	0.02514	0.02971	0.01921	0.01697	0.02075	0.61385	0.01293	0.14274	0.02117	0.02088	0.01136	0.01279	0.00912	0.00711	0.00616	0.00178	0.01129	0.00462	0.00402	0.00840
5	0.01355	0.00910	0.01203	0.01257	0.01472	0.00921	0.01082	0.08947	0.01735	0.06737	0.03289	0.08791	0.03445	0.01683	0.00881	0.00290	0.00621	0.54040	0.00637	0.00706
6	0.01393	0.01312	0.02174	0.52195	0.22327	0.01528	0.01872	0.01905	0.05127	0.01899	0.01293	0.01793	0.01001	0.00664	0.00670	0.00217	0.00849	0.00605	0.00328	0.00846
7	0.01166	0.00583	0.00874	0.00874	0.00874	0.00583	0.00583	0.00874	0.00874	0.01166	0.01166	0.02040	0.01166	0.02331	0.02622	0.80478	0.00583	0.00583	0.00291	0.00291
8	0.01644	0.06135	0.11773	0.02459	0.03134	0.04858	0.49158	0.04539	0.05343	0.02199	0.01385	0.01728	0.01043	0.00607	0.00736	0.00217	0.01050	0.00710	0.00360	0.00924
9	0.01359	0.08243	0.65197	0.01815	0.02743	0.01591	0.02311	0.02080	0.01434	0.02113	0.04241	0.01549	0.01088	0.00665	0.00630	0.00208	0.00944	0.00518	0.00303	0.00967
10	0.01346	0.03471	0.72942	0.01912	0.02904	0.01558	0.02479	0.02125	0.01417	0.02125	0.01204	0.01417	0.00850	0.00637	0.00637	0.00212	0.00992	0.00496	0.00283	0.00992
11	0.01541	0.01472	0.02506	0.25704	0.51587	0.01563	0.01999	0.01954	0.01471	0.02046	0.01241	0.01700	0.01011	0.00620	0.00666	0.00207	0.00827	0.00597	0.00322	0.00966
12	0.01682	0.01886	0.22143	0.01778	0.02388	0.01285	0.19382	0.02229	0.03717	0.16762	0.12599	0.02697	0.02141	0.00861	0.00730	0.00222	0.00799	0.05261	0.00515	0.00922
13	0.00904	0.00647	0.00872	0.00991	0.01079	0.00615	0.00735	0.01101	0.01453	0.01952	0.15407	0.47283	0.04625	0.01916	0.00862	0.00271	0.00432	0.17636	0.00642	0.00578
14	0.02506	0.03198	0.01901	0.01729	0.02074	0.73725	0.01296	0.02679	0.01901	0.01642	0.01037	0.01210	0.00864	0.00691	0.00605	0.00173	0.01210	0.00432	0.00346	0.00778
15	0.00906	0.00661	0.00869	0.00985	0.01091	0.00623	0.00745	0.01107	0.01455	0.01917	0.11484	0.40627	0.11849	0.01905	0.00863	0.00271	0.00443	0.20986	0.00634	0.00578
16	0.01794	0.76823	0.03516	0.01148	0.01722	0.02655	0.01148	0.02009	0.01363	0.01579	0.00933	0.01076	0.00861	0.00574	0.00431	0.00144	0.00718	0.00359	0.00287	0.00861
17	0.01669	0.01441	0.01517	0.01365	0.01745	0.01669	0.01062	0.03565	0.71021	0.02807	0.02731	0.02503	0.02048	0.00910	0.00683	0.00228	0.00531	0.00759	0.00683	0.01062
18	0.00976	0.00651	0.00732	0.00732	0.00732	0.00651	0.00407	0.00976	0.00976	0.01301	0.02114	0.04391	0.02439	0.76419	0.03415	0.00651	0.00651	0.00976	0.00407	0.00407
19	0.81159	0.01298	0.00986	0.00882	0.01298	0.01505	0.00727	0.01972	0.01142	0.03010	0.00934	0.01090	0.00727	0.00623	0.00415	0.00208	0.00519	0.00363	0.00415	0.00727
20	0.01568	0.01923	0.08640	0.02766	0.03466	0.01687	0.65228	0.02148	0.01572	0.02148	0.01347	0.01783	0.01007	0.00570	0.00781	0.00225	0.01122	0.00772	0.00336	0.00911
21	0.02792	0.01210	0.01574	0.01239	0.01733	0.01118	0.01024	0.09752	0.05637	0.58512	0.02598	0.02512	0.01748	0.00887	0.00688	0.00213	0.00588	0.04267	0.00796	0.01110

[dist]
# distance from previous block
# <min> <max>
0	2

[block]
# block no. 5 follows, 32 sequences, length 7
# corresponding to MSA columns:
# 386-392
name=unknown_F
#
# <colnr> <probs for GDERKNQSTAVLIFYWHMCP>
#	G	D	E	R	K	N	Q	S	T	A	V	L	I	F	Y	W	H	M	C	P
0	0.14686	0.01404	0.01831	0.55418	0.03821	0.08494	0.01619	0.01851	0.01363	0.01923	0.01135	0.01616	0.00864	0.00665	0.00622	0.00216	0.00863	0.00542	0.00322	0.00745
1	0.01528	0.01487	0.01497	0.08266	0.01925	0.13053	0.00971	0.01808	0.01465	0.02019	0.01329	0.06230	0.01186	0.00650	0.00555	0.00135	0.00647	0.00520	0.00394	0.54337
2	0.01391	0.01392	0.02001	0.67531	0.04368	0.08682	0.01807	0.01810	0.01397	0.01707	0.01177	0.01731	0.00891	0.00673	0.00664	0.00219	0.00926	0.00580	0.00303	0.00749
3	0.01296	0.01201	0.01199	0.14734	0.01724	0.13587	0.00864	0.01427	0.01213	0.01456	0.01732	0.03227	0.01823	0.44051	0.07361	0.00518	0.00874	0.00792	0.00372	0.00548
4	0.25131	0.01857	0.01736	0.01486	0.01773	0.19098	0.03953	0.08130	0.01518	0.02327	0.03647	0.01453	0.01062	0.00846	0.01047	0.00225	0.23017	0.00517	0.00394	0.00782
5	0.24511	0.01650	0.01743	0.18609	0.05470	0.09255	0.01306	0.19883	0.01807	0.02752	0.01194	0.01454	0.00915	0.00727	0.00699	0.00212	0.06002	0.00514	0.00436	0.00861
6	0.32519	0.01382	0.01604	0.40557	0.03136	0.06850	0.01378	0.01887	0.01305	0.02215	0.01080	0.01473	0.00827	0.00654	0.00566	0.00214	0.00771	0.00493	0.00347	0.00740

[dist]
# distance from previous block
# <min> <max>
13	22

[block]
# block no. 6 follows, 32 sequences, length 9
# corresponding to MSA columns:
# 415-423
name=unknown_G
#
# <colnr> <probs for GDERKNQSTAVLIFYWHMCP>
#	G	D	E	R	K	N	Q	S	T	A	V	L	I	F	Y	W	H	M	C	P
0	0.21495	0.01610	0.01670	0.07297	0.01979	0.12296	0.06544	0.13469	0.01649	0.02478	0.01304	0.01723	0.01091	0.06354	0.07919	0.00313	0.02835	0.00553	0.00422	0.06998
1	0.13529	0.01483	0.01845	0.50519	0.03663	0.09786	0.01589	0.06336	0.01494	0.02066	0.01163	0.01606	0.00882	0.00675	0.00625	0.00214	0.00864	0.00543	0.00346	0.00772
2	0.35213	0.01524	0.01941	0.21016	0.07584	0.07179	0.12555	0.01995	0.01354	0.02362	0.01103	0.01443	0.00853	0.00630	0.00577	0.00212	0.00793	0.00517	0.00361	0.00789
3	0.38248	0.01937	0.01634	0.06173	0.01977	0.24634	0.07002	0.02178	0.01454	0.02355	0.01039	0.01258	0.00826	0.00634	0.00531	0.00192	0.00817	0.00440	0.00377	0.06295
4	0.18624	0.06860	0.01691	0.01337	0.01669	0.18749	0.06929	0.04425	0.01443	0.03960	0.01379	0.01904	0.01218	0.08907	0.17699	0.00439	0.01069	0.00575	0.00390	0.00730
5	0.01464	0.01476	0.01723	0.19225	0.02369	0.14962	0.07415	0.01844	0.06782	0.01709	0.01571	0.02412	0.01437	0.17996	0.11288	0.00428	0.04134	0.00696	0.00373	0.00696
6	0.23060	0.01956	0.01833	0.07211	0.02129	0.26162	0.11163	0.02118	0.01492	0.02109	0.01167	0.01576	0.00987	0.06550	0.00797	0.00225	0.00884	0.00519	0.00369	0.07694
7	0.20656	0.01883	0.01634	0.13803	0.02227	0.23653	0.01206	0.06685	0.06502	0.07751	0.01343	0.01544	0.01031	0.00888	0.03417	0.00237	0.03768	0.00514	0.00435	0.00824
8	0.01551	0.13327	0.02218	0.16283	0.02447	0.15532	0.11920	0.01840	0.01403	0.01673	0.01360	0.02014	0.01217	0.09958	0.14066	0.00403	0.01100	0.00623	0.00335	0.00730

[dist]
# distance from previous block
# <min> <max>
6	41

[block]
# block no. 7 follows, 32 sequences, length 7
# corresponding to MSA columns:
# 465-471
name=unknown_H
#
# <colnr> <probs for GDERKNQSTAVLIFYWHMCP>
#	G	D	E	R	K	N	Q	S	T	A	V	L	I	F	Y	W	H	M	C	P
0	0.03907	0.01634	0.01864	0.03807	0.04944	0.11371	0.06270	0.12362	0.05367	0.05724	0.03198	0.01822	0.01286	0.04334	0.03056	0.00239	0.10662	0.00591	0.00452	0.17110
1	0.01894	0.01794	0.02066	0.05424	0.04504	0.13804	0.10802	0.19682	0.09579	0.02685	0.09234	0.02029	0.01707	0.00807	0.00756	0.00202	0.04609	0.00667	0.00507	0.07248
2	0.01833	0.05282	0.16198	0.01901	0.02467	0.05212	0.18165	0.17527	0.01831	0.05697	0.01356	0.01619	0.01032	0.00884	0.03343	0.00245	0.11082	0.00609	0.00421	0.03296
3	0.01991	0.13621	0.02665	0.08211	0.13207	0.17172	0.15495	0.05768	0.01698	0.09336	0.01335	0.01568	0.01029	0.00645	0.00638	0.00190	0.00914	0.00567	0.00398	0.03554
4	0.00905	0.00678	0.00840	0.00812	0.00979	0.00612	0.00604	0.01175	0.01775	0.02427	0.52601	0.09885	0.21251	0.01494	0.00796	0.00219	0.00327	0.01304	0.00705	0.00612
5	0.01370	0.03299	0.65798	0.02007	0.02967	0.01573	0.09451	0.02127	0.01434	0.02127	0.01220	0.01457	0.00867	0.00630	0.00653	0.00214	0.01006	0.00526	0.00289	0.00983
6	0.01149	0.00786	0.00873	0.00821	0.00880	0.00808	0.00502	0.08576	0.01216	0.01623	0.02059	0.04085	0.02296	0.68093	0.03113	0.00601	0.00660	0.00935	0.00436	0.00487

[dist]
# distance from previous block
# <min> <max>
0	0

# created by:
# /home/berkeley/.conda/envs/busco_data_prod/bin/msa2prfl.pl pipeline/OGs_align_augustus/4893/41490.fs
