[name]
unknown

[dist]
# distance from previous block
# <min> <max>
21	58

[block]
# block no. 0 follows, 34 sequences, length 8
# corresponding to MSA columns:
# 63-70
name=unknown_A
#
# <colnr> <probs for GDERKNQSTAVLIFYWHMCP>
#	G	D	E	R	K	N	Q	S	T	A	V	L	I	F	Y	W	H	M	C	P
0	0.14803	0.05039	0.01695	0.01245	0.01746	0.08081	0.04772	0.14200	0.01769	0.19184	0.01489	0.01523	0.01074	0.00648	0.00557	0.00169	0.00645	0.00496	0.00516	0.20349
1	0.06808	0.01857	0.01778	0.01473	0.01867	0.21335	0.06247	0.20027	0.06315	0.08155	0.05931	0.02074	0.03161	0.00830	0.00704	0.00197	0.04097	0.03525	0.00513	0.03105
2	0.07029	0.01410	0.01450	0.01218	0.01601	0.10736	0.00970	0.02657	0.16745	0.28843	0.04261	0.02286	0.06488	0.00864	0.00732	0.00201	0.05876	0.00661	0.00609	0.05363
3	0.17160	0.01159	0.01295	0.00972	0.01499	0.00991	0.00787	0.01965	0.01389	0.15692	0.01363	0.01445	0.01028	0.00562	0.00495	0.00135	0.00496	0.00427	0.00464	0.50674
4	0.16589	0.01253	0.01344	0.01005	0.01539	0.01119	0.00813	0.10642	0.01514	0.02508	0.01154	0.01313	0.00927	0.00540	0.00485	0.00128	0.00513	0.00402	0.00420	0.55792
5	0.00926	0.00709	0.00877	0.00843	0.01040	0.00623	0.00634	0.01166	0.01568	0.02154	0.34011	0.18306	0.17237	0.01432	0.00746	0.00209	0.00363	0.05553	0.00620	0.10984
6	0.17363	0.01500	0.01604	0.01273	0.01748	0.01621	0.01045	0.35708	0.09652	0.19402	0.01767	0.01693	0.01228	0.00759	0.00602	0.00199	0.00614	0.00569	0.00636	0.01016
7	0.46032	0.01301	0.01186	0.00998	0.01432	0.04366	0.00808	0.02270	0.08522	0.15224	0.01403	0.01433	0.01027	0.00650	0.00488	0.00187	0.00535	0.00449	0.00492	0.11196

[dist]
# distance from previous block
# <min> <max>
0	6

[block]
# block no. 1 follows, 34 sequences, length 8
# corresponding to MSA columns:
# 77-84
name=unknown_B
#
# <colnr> <probs for GDERKNQSTAVLIFYWHMCP>
#	G	D	E	R	K	N	Q	S	T	A	V	L	I	F	Y	W	H	M	C	P
0	0.01448	0.01409	0.01887	0.01629	0.01693	0.01913	0.01344	0.01888	0.13580	0.01758	0.01164	0.01590	0.01047	0.01086	0.01861	0.00271	0.62723	0.00595	0.00349	0.00763
1	0.01449	0.01371	0.02104	0.13883	0.37714	0.04066	0.04058	0.01968	0.08617	0.02165	0.14040	0.02260	0.01984	0.00751	0.00666	0.00200	0.00700	0.00697	0.00419	0.00888
2	0.01180	0.01080	0.01751	0.57316	0.03641	0.01327	0.01558	0.01568	0.01366	0.01811	0.13836	0.02251	0.01787	0.00799	0.00769	0.00218	0.06003	0.00679	0.00362	0.00698
3	0.02157	0.02254	0.01732	0.01512	0.01894	0.35245	0.01170	0.17374	0.25213	0.02478	0.01653	0.01657	0.01264	0.00758	0.00621	0.00190	0.00854	0.00555	0.00506	0.00913
4	0.16002	0.01222	0.01317	0.01128	0.01499	0.01320	0.00897	0.10115	0.26522	0.15134	0.15489	0.02496	0.02367	0.00887	0.00629	0.00207	0.00499	0.00716	0.00645	0.00909
5	0.02456	0.01810	0.01939	0.01487	0.02004	0.02004	0.01228	0.71107	0.03038	0.04072	0.01551	0.01551	0.01099	0.00776	0.00646	0.00194	0.00711	0.00582	0.00646	0.01099
6	0.01404	0.01413	0.01927	0.59167	0.07071	0.10298	0.01691	0.01884	0.05563	0.01725	0.01221	0.01691	0.00931	0.00659	0.00639	0.00209	0.00873	0.00564	0.00316	0.00753
7	0.07906	0.01612	0.01753	0.01370	0.01862	0.01751	0.01126	0.48623	0.09068	0.15644	0.01775	0.01706	0.01237	0.00777	0.00631	0.00198	0.00651	0.00591	0.00656	0.01065

[dist]
# distance from previous block
# <min> <max>
0	4

[block]
# block no. 2 follows, 34 sequences, length 27
# corresponding to MSA columns:
# 89-115
name=unknown_C
#
# <colnr> <probs for GDERKNQSTAVLIFYWHMCP>
#	G	D	E	R	K	N	Q	S	T	A	V	L	I	F	Y	W	H	M	C	P
0	0.02456	0.01810	0.01939	0.01487	0.02004	0.02004	0.01228	0.71107	0.03038	0.04072	0.01551	0.01551	0.01099	0.00776	0.00646	0.00194	0.00711	0.00582	0.00646	0.01099
1	0.01453	0.01387	0.02588	0.01939	0.02413	0.01342	0.38654	0.04646	0.09744	0.04921	0.20999	0.02667	0.02513	0.00812	0.00742	0.00212	0.00776	0.00858	0.00498	0.00834
2	0.02427	0.02372	0.01857	0.01553	0.01978	0.36389	0.01221	0.34053	0.04481	0.05488	0.01359	0.01419	0.01018	0.00728	0.00617	0.00182	0.00914	0.00510	0.00504	0.00931
3	0.02456	0.01810	0.01939	0.01487	0.02004	0.02004	0.01228	0.71107	0.03038	0.04072	0.01551	0.01551	0.01099	0.00776	0.00646	0.00194	0.00711	0.00582	0.00646	0.01099
4	0.02414	0.03079	0.01831	0.01665	0.01998	0.74698	0.01248	0.02580	0.01831	0.01581	0.00999	0.01165	0.00832	0.00666	0.00583	0.00166	0.01165	0.00416	0.00333	0.00749
5	0.00922	0.00619	0.00710	0.00727	0.00731	0.00615	0.00415	0.00935	0.00973	0.01298	0.02208	0.12441	0.02567	0.68783	0.03010	0.00585	0.00598	0.01041	0.00415	0.00407
6	0.00787	0.00562	0.00750	0.00900	0.00937	0.00525	0.00600	0.00900	0.01237	0.01649	0.03561	0.76871	0.04274	0.02024	0.00825	0.00262	0.00375	0.01837	0.00600	0.00525
7	0.02899	0.01100	0.01499	0.01150	0.01649	0.00950	0.00950	0.03149	0.01849	0.73709	0.02549	0.02199	0.01599	0.00800	0.00650	0.00200	0.00550	0.00650	0.00800	0.01100
8	0.01313	0.06252	0.71183	0.01813	0.02752	0.01542	0.02337	0.02042	0.01362	0.02026	0.01149	0.01351	0.00819	0.00611	0.00606	0.00202	0.00945	0.00472	0.00273	0.00950
9	0.01480	0.01670	0.03624	0.02611	0.03226	0.01566	0.66575	0.01997	0.01507	0.02044	0.01446	0.06380	0.01184	0.00636	0.00766	0.00221	0.01045	0.00829	0.00344	0.00850
10	0.00923	0.00692	0.01038	0.01038	0.01154	0.00808	0.00808	0.01154	0.01038	0.01500	0.01731	0.02538	0.01615	0.04846	0.74732	0.01038	0.01731	0.00692	0.00346	0.00577
11	0.01427	0.25935	0.52501	0.01618	0.02451	0.01822	0.01998	0.02012	0.01349	0.01886	0.01080	0.01265	0.00822	0.00595	0.00553	0.00184	0.00875	0.00437	0.00274	0.00917
12	0.01220	0.01148	0.01938	0.75739	0.04450	0.01436	0.01794	0.01651	0.01292	0.01651	0.01148	0.01723	0.00861	0.00646	0.00646	0.00215	0.00861	0.00574	0.00287	0.00718
13	0.01727	0.77681	0.03386	0.01106	0.01658	0.02557	0.01106	0.01935	0.01313	0.01520	0.00898	0.01036	0.00829	0.00553	0.00415	0.00138	0.00691	0.00345	0.00276	0.00829
14	0.01201	0.01122	0.01885	0.72408	0.04294	0.01395	0.01741	0.01617	0.01290	0.01651	0.01256	0.05068	0.01013	0.00707	0.00654	0.00217	0.00840	0.00630	0.00301	0.00709
15	0.01470	0.01391	0.02295	0.28285	0.43942	0.01507	0.01841	0.01987	0.07131	0.02002	0.01307	0.01707	0.01045	0.00624	0.00643	0.00202	0.00779	0.00588	0.00336	0.00919
16	0.18992	0.01322	0.01453	0.04472	0.01731	0.05729	0.00976	0.11032	0.01792	0.40312	0.01964	0.04467	0.01368	0.00784	0.00600	0.00200	0.00605	0.00604	0.00640	0.00958
17	0.00765	0.00650	0.00659	0.00667	0.00876	0.00544	0.00497	0.00926	0.01461	0.01741	0.06392	0.09845	0.69472	0.01656	0.00767	0.00220	0.00330	0.01388	0.00600	0.00544
18	0.00777	0.00638	0.00685	0.00709	0.00890	0.00546	0.00518	0.00940	0.01452	0.01780	0.10098	0.19039	0.56316	0.01688	0.00775	0.00225	0.00335	0.01438	0.00607	0.00546
19	0.05368	0.06520	0.04404	0.01832	0.06860	0.15599	0.13742	0.19524	0.05558	0.09534	0.01432	0.01561	0.01066	0.00695	0.00682	0.00195	0.03458	0.00569	0.00468	0.00932
20	0.01910	0.01377	0.01546	0.01265	0.01634	0.01527	0.01027	0.44700	0.02320	0.03208	0.01664	0.01909	0.01299	0.01825	0.19768	0.00407	0.00925	0.00613	0.10171	0.00905
21	0.01204	0.00602	0.00602	0.00602	0.00753	0.00602	0.00452	0.01506	0.01355	0.02409	0.02108	0.02409	0.01656	0.00753	0.00452	0.00151	0.00301	0.00602	0.80879	0.00602
22	0.00940	0.00626	0.00705	0.00705	0.00705	0.00626	0.00392	0.00940	0.00940	0.01253	0.02036	0.04228	0.02349	0.77292	0.03289	0.00626	0.00626	0.00940	0.00392	0.00392
23	0.02013	0.01783	0.07091	0.01741	0.02287	0.01762	0.16996	0.34294	0.16598	0.06062	0.01730	0.01784	0.01252	0.00734	0.00673	0.00205	0.00766	0.00649	0.00558	0.01022
24	0.01605	0.01524	0.06201	0.14794	0.37175	0.03485	0.03998	0.02022	0.03167	0.08065	0.03118	0.01869	0.01229	0.00684	0.00707	0.00201	0.03856	0.02244	0.00378	0.03679
25	0.01332	0.07612	0.03982	0.01211	0.04002	0.03663	0.03788	0.03342	0.01469	0.02091	0.13669	0.02267	0.05862	0.00960	0.04243	0.00196	0.04286	0.00623	0.00432	0.34970
26	0.01853	0.53793	0.02846	0.01201	0.01713	0.08880	0.01106	0.07365	0.08134	0.03740	0.01169	0.01255	0.00981	0.00614	0.00478	0.00153	0.00709	0.00415	0.00362	0.03233

[dist]
# distance from previous block
# <min> <max>
1	7

[block]
# block no. 3 follows, 34 sequences, length 27
# corresponding to MSA columns:
# 123-149
name=unknown_D
#
# <colnr> <probs for GDERKNQSTAVLIFYWHMCP>
#	G	D	E	R	K	N	Q	S	T	A	V	L	I	F	Y	W	H	M	C	P
0	0.38256	0.04615	0.01623	0.01351	0.04315	0.14274	0.04740	0.13178	0.01606	0.04280	0.01100	0.01253	0.00852	0.00648	0.00553	0.00190	0.02633	0.00442	0.00422	0.03669
1	0.19220	0.01688	0.13116	0.06488	0.02002	0.05795	0.05341	0.08738	0.10746	0.07187	0.04982	0.08753	0.01603	0.00839	0.00614	0.00209	0.00677	0.00683	0.00480	0.00841
2	0.01565	0.01083	0.01420	0.01081	0.01559	0.00874	0.04889	0.01828	0.01420	0.15614	0.01751	0.10843	0.01536	0.03562	0.00673	0.00163	0.00521	0.00654	0.00485	0.48479
3	0.01567	0.01191	0.01379	0.01076	0.01555	0.01063	0.00857	0.10416	0.09878	0.07679	0.03567	0.06967	0.01569	0.00745	0.00574	0.00149	0.00507	0.02260	0.00507	0.46491
4	0.02226	0.02718	0.06244	0.02011	0.13057	0.51131	0.01427	0.09921	0.01879	0.01962	0.01102	0.01286	0.00890	0.00661	0.00600	0.00176	0.01042	0.00462	0.00361	0.00842
5	0.02115	0.04182	0.01742	0.01445	0.01826	0.30371	0.01132	0.23787	0.13443	0.02642	0.09319	0.01882	0.01675	0.00802	0.00629	0.00187	0.00812	0.00598	0.00522	0.00888
6	0.00923	0.00692	0.01038	0.01038	0.01154	0.00808	0.00808	0.01154	0.01038	0.01500	0.01731	0.02538	0.01615	0.04846	0.74732	0.01038	0.01731	0.00692	0.00346	0.00577
7	0.00810	0.00659	0.00719	0.00713	0.00913	0.00568	0.00540	0.01013	0.01559	0.01955	0.22319	0.05926	0.54330	0.01567	0.00768	0.00218	0.00332	0.03901	0.00626	0.00563
8	0.01607	0.01388	0.01461	0.01315	0.01680	0.01607	0.01023	0.03433	0.72094	0.02703	0.02630	0.02411	0.01972	0.00877	0.00657	0.00219	0.00511	0.00731	0.00657	0.01023
9	0.01414	0.01414	0.01979	0.01696	0.01696	0.01979	0.01414	0.01555	0.00990	0.01555	0.00848	0.01414	0.00848	0.01131	0.02120	0.00283	0.76110	0.00565	0.00283	0.00707
10	0.00906	0.00660	0.00852	0.00804	0.00960	0.00606	0.00603	0.01204	0.01810	0.02546	0.69356	0.04901	0.09690	0.01338	0.00762	0.00204	0.00306	0.01179	0.00705	0.00606
11	0.01220	0.01148	0.01938	0.75739	0.04450	0.01436	0.01794	0.01651	0.01292	0.01651	0.01148	0.01723	0.00861	0.00646	0.00646	0.00215	0.00861	0.00574	0.00287	0.00718
12	0.00773	0.00655	0.00667	0.00664	0.00878	0.00549	0.00498	0.00945	0.01494	0.01796	0.10484	0.06136	0.69030	0.01618	0.00764	0.00217	0.00326	0.01352	0.00607	0.00549
13	0.00764	0.00655	0.00655	0.00655	0.00873	0.00545	0.00491	0.00927	0.01473	0.01745	0.06546	0.06218	0.73000	0.01636	0.00764	0.00218	0.00327	0.01364	0.00600	0.00545
14	0.01296	0.03342	0.73944	0.01842	0.02797	0.01501	0.02387	0.02046	0.01364	0.02046	0.01160	0.01364	0.00818	0.00614	0.00614	0.00205	0.00955	0.00477	0.00273	0.00955
15	0.01756	0.74540	0.03320	0.01129	0.01673	0.05594	0.01112	0.01962	0.01335	0.01523	0.00903	0.01042	0.00829	0.00558	0.00422	0.00139	0.00711	0.00348	0.00279	0.00826
16	0.07177	0.01484	0.01667	0.01309	0.01789	0.01568	0.01073	0.37295	0.09484	0.25340	0.03857	0.01897	0.01453	0.00798	0.00637	0.00199	0.00618	0.00620	0.00682	0.01055
17	0.01449	0.01382	0.02351	0.32452	0.45951	0.01496	0.01908	0.01851	0.01400	0.01928	0.01189	0.01648	0.00959	0.00604	0.00642	0.00201	0.00805	0.00575	0.00307	0.00902
18	0.01187	0.00870	0.01101	0.01021	0.01160	0.00973	0.00757	0.12280	0.01325	0.01833	0.01776	0.02895	0.01748	0.27493	0.37784	0.00749	0.03285	0.00751	0.00407	0.00604
19	0.01387	0.01176	0.01365	0.00979	0.01551	0.00909	0.00785	0.04533	0.01411	0.02188	0.01165	0.01349	0.00963	0.00491	0.00486	0.00100	0.00488	0.00391	0.00394	0.77890
20	0.02454	0.01869	0.01934	0.01495	0.02003	0.05383	0.01229	0.67921	0.02982	0.03956	0.01526	0.01533	0.01086	0.00771	0.00643	0.00193	0.00732	0.00574	0.00632	0.01083
21	0.02268	0.01616	0.01772	0.01397	0.01864	0.01765	0.01150	0.55348	0.06520	0.08057	0.06583	0.02125	0.01636	0.00866	0.00666	0.00201	0.00658	0.03810	0.00658	0.01038
22	0.01267	0.01196	0.02022	0.66910	0.12915	0.01448	0.01818	0.01692	0.01314	0.01707	0.01157	0.01707	0.00881	0.00637	0.00645	0.00212	0.00850	0.00574	0.00291	0.00755
23	0.01340	0.01148	0.01340	0.00957	0.01531	0.00861	0.00766	0.01627	0.01340	0.02105	0.01148	0.01340	0.00957	0.00479	0.00479	0.00096	0.00479	0.00383	0.00383	0.81242
24	0.08136	0.01172	0.01355	0.01023	0.01534	0.01012	0.00825	0.06696	0.03893	0.15549	0.05681	0.01730	0.01400	0.00630	0.00538	0.00140	0.00500	0.00501	0.00507	0.47177
25	0.07048	0.01026	0.01267	0.01024	0.01432	0.00895	0.02583	0.04377	0.01546	0.18178	0.08435	0.11884	0.06649	0.00947	0.00622	0.00176	0.00485	0.02427	0.00561	0.28438
26	0.01988	0.38801	0.04938	0.01354	0.01835	0.27799	0.01192	0.06979	0.03701	0.01791	0.01047	0.01179	0.00887	0.00617	0.00506	0.00155	0.00855	0.00404	0.00337	0.03635

[dist]
# distance from previous block
# <min> <max>
0	1

[block]
# block no. 4 follows, 34 sequences, length 16
# corresponding to MSA columns:
# 151-166
name=unknown_E
#
# <colnr> <probs for GDERKNQSTAVLIFYWHMCP>
#	G	D	E	R	K	N	Q	S	T	A	V	L	I	F	Y	W	H	M	C	P
0	0.02343	0.01647	0.01806	0.01392	0.01885	0.01777	0.01145	0.58037	0.02792	0.09596	0.06544	0.01822	0.01479	0.00804	0.00648	0.00191	0.00661	0.00620	0.00653	0.04158
1	0.01548	0.01359	0.02150	0.08737	0.32582	0.01266	0.07128	0.01907	0.01437	0.06287	0.01273	0.01567	0.01017	0.00559	0.00595	0.00163	0.00689	0.00528	0.00368	0.28840
2	0.00787	0.00562	0.00750	0.00900	0.00937	0.00525	0.00600	0.00900	0.01237	0.01649	0.03561	0.76871	0.04274	0.02024	0.00825	0.00262	0.00375	0.01837	0.00600	0.00525
3	0.01536	0.07724	0.39101	0.01775	0.02509	0.01628	0.11581	0.06701	0.14590	0.04368	0.01500	0.01625	0.01096	0.00664	0.00632	0.00204	0.00846	0.00567	0.00391	0.00960
4	0.02232	0.06466	0.01997	0.01674	0.02027	0.61861	0.06025	0.02431	0.01739	0.01607	0.01058	0.01279	0.00888	0.00895	0.04897	0.00219	0.01170	0.00453	0.00331	0.00751
5	0.01599	0.01535	0.02623	0.03966	0.73262	0.01535	0.01983	0.01983	0.01471	0.02111	0.01215	0.01599	0.01023	0.00576	0.00640	0.00192	0.00768	0.00576	0.00320	0.01023
6	0.01599	0.01535	0.02623	0.03966	0.73262	0.01535	0.01983	0.01983	0.01471	0.02111	0.01215	0.01599	0.01023	0.00576	0.00640	0.00192	0.00768	0.00576	0.00320	0.01023
7	0.01599	0.01535	0.02623	0.03966	0.73262	0.01535	0.01983	0.01983	0.01471	0.02111	0.01215	0.01599	0.01023	0.00576	0.00640	0.00192	0.00768	0.00576	0.00320	0.01023
8	0.01220	0.01148	0.01938	0.75739	0.04450	0.01436	0.01794	0.01651	0.01292	0.01651	0.01148	0.01723	0.00861	0.00646	0.00646	0.00215	0.00861	0.00574	0.00287	0.00718
9	0.00956	0.00665	0.00800	0.00770	0.00947	0.00597	0.00576	0.01204	0.01652	0.04955	0.41027	0.09791	0.25360	0.01403	0.00741	0.00208	0.00325	0.01212	0.06208	0.00603
10	0.00786	0.00567	0.00745	0.00888	0.00934	0.00526	0.00595	0.00901	0.01248	0.01654	0.03703	0.73524	0.07529	0.02006	0.00822	0.00260	0.00373	0.01814	0.00600	0.00526
11	0.00775	0.00655	0.00670	0.00666	0.00880	0.00550	0.00500	0.00949	0.01499	0.01808	0.11490	0.06115	0.68016	0.01613	0.00764	0.00217	0.00326	0.01349	0.00608	0.00550
12	0.00835	0.00614	0.00786	0.00857	0.00960	0.00565	0.00613	0.01021	0.01455	0.01949	0.23761	0.42032	0.14677	0.01754	0.00802	0.00241	0.00361	0.05532	0.00631	0.00556
13	0.07124	0.01777	0.01881	0.01449	0.01959	0.01971	0.01197	0.67039	0.02924	0.04003	0.01513	0.01522	0.01075	0.00765	0.00632	0.00194	0.00699	0.00568	0.00632	0.01075
14	0.02306	0.01462	0.01641	0.01291	0.01743	0.01553	0.01055	0.42200	0.06979	0.18927	0.06090	0.02010	0.01604	0.00818	0.00639	0.00194	0.00606	0.00642	0.07218	0.01025
15	0.01476	0.01305	0.02127	0.15102	0.40199	0.01352	0.03447	0.05960	0.01512	0.03939	0.01698	0.13498	0.01607	0.00869	0.00682	0.00211	0.00716	0.03019	0.00399	0.00884

[dist]
# distance from previous block
# <min> <max>
1	5

[block]
# block no. 5 follows, 34 sequences, length 116
# corresponding to MSA columns:
# 172-287
name=unknown_F
#
# <colnr> <probs for GDERKNQSTAVLIFYWHMCP>
#	G	D	E	R	K	N	Q	S	T	A	V	L	I	F	Y	W	H	M	C	P
0	0.04634	0.09930	0.01986	0.03891	0.03997	0.56086	0.01254	0.07476	0.01822	0.01814	0.01037	0.01207	0.00854	0.00658	0.00569	0.00169	0.01047	0.00429	0.00351	0.00788
1	0.26144	0.01348	0.01661	0.01367	0.04331	0.02829	0.09989	0.06664	0.06225	0.13160	0.01446	0.01562	0.01076	0.00764	0.02908	0.00208	0.00657	0.00516	0.00474	0.16672
2	0.07402	0.07388	0.02053	0.03600	0.21349	0.20100	0.04324	0.05996	0.03721	0.06478	0.01532	0.05461	0.01351	0.00789	0.00626	0.00196	0.00805	0.05553	0.00416	0.00858
3	0.26646	0.07307	0.12770	0.03521	0.06239	0.01364	0.01163	0.04618	0.03401	0.13778	0.01673	0.11880	0.01443	0.00842	0.00572	0.00205	0.00612	0.00663	0.00470	0.00834
4	0.00925	0.00723	0.00914	0.01009	0.04176	0.00668	0.00762	0.01174	0.01559	0.02016	0.20457	0.06050	0.31958	0.01567	0.00800	0.00240	0.00429	0.23366	0.00612	0.00597
5	0.01501	0.01684	0.05369	0.02436	0.03018	0.01581	0.56347	0.04367	0.04551	0.02113	0.01463	0.05014	0.01179	0.00774	0.02910	0.00244	0.03443	0.00785	0.00361	0.00859
6	0.00800	0.00605	0.00728	0.00814	0.00915	0.00547	0.00565	0.00934	0.01321	0.01694	0.06492	0.45141	0.26689	0.06387	0.00953	0.00269	0.00379	0.03648	0.00591	0.00528
7	0.01417	0.01423	0.02030	0.01725	0.01743	0.01969	0.03345	0.01569	0.01004	0.01569	0.00861	0.01423	0.00852	0.01115	0.02083	0.00281	0.74024	0.00571	0.00284	0.00711
8	0.01599	0.01535	0.02623	0.03966	0.73262	0.01535	0.01983	0.01983	0.01471	0.02111	0.01215	0.01599	0.01023	0.00576	0.00640	0.00192	0.00768	0.00576	0.00320	0.01023
9	0.22360	0.01137	0.01364	0.01076	0.01551	0.01073	0.00888	0.02841	0.01665	0.56256	0.02143	0.01916	0.01378	0.00750	0.00588	0.00200	0.00537	0.00576	0.00701	0.01001
10	0.01220	0.01148	0.01938	0.75739	0.04450	0.01436	0.01794	0.01651	0.01292	0.01651	0.01148	0.01723	0.00861	0.00646	0.00646	0.00215	0.00861	0.00574	0.00287	0.00718
11	0.01296	0.03342	0.73944	0.01842	0.02797	0.01501	0.02387	0.02046	0.01364	0.02046	0.01160	0.01364	0.00818	0.00614	0.00614	0.00205	0.00955	0.00477	0.00273	0.00955
12	0.02415	0.03039	0.01834	0.01659	0.01998	0.72388	0.01248	0.04758	0.01869	0.01661	0.01016	0.01177	0.00841	0.00669	0.00585	0.00167	0.01151	0.00421	0.00343	0.00760
13	0.02281	0.01704	0.01965	0.03773	0.02097	0.07143	0.07347	0.39073	0.06292	0.14108	0.01663	0.01678	0.01177	0.00733	0.00642	0.00191	0.00732	0.00591	0.00591	0.06220
14	0.01997	0.44512	0.04986	0.01360	0.01835	0.32314	0.01205	0.02205	0.01528	0.01562	0.00948	0.01100	0.00830	0.00601	0.00490	0.00152	0.00895	0.00379	0.00300	0.00800
15	0.75445	0.01339	0.01050	0.01001	0.03980	0.04591	0.00771	0.01932	0.01145	0.02813	0.00916	0.01075	0.00718	0.00602	0.00417	0.00198	0.00538	0.00361	0.00394	0.00714
16	0.05076	0.01627	0.01764	0.05985	0.02033	0.01834	0.01184	0.44733	0.22792	0.03484	0.01814	0.01791	0.01322	0.00790	0.00640	0.00203	0.00655	0.00616	0.00618	0.01039
17	0.00932	0.00628	0.00703	0.00703	0.00712	0.00623	0.00396	0.00939	0.00963	0.01274	0.02231	0.04314	0.05403	0.74022	0.03180	0.00609	0.00613	0.00958	0.00401	0.00398
18	0.01525	0.01743	0.03813	0.02723	0.03377	0.01634	0.70915	0.02070	0.01525	0.02070	0.01307	0.01743	0.00980	0.00545	0.00763	0.00218	0.01089	0.00763	0.00327	0.00871
19	0.00764	0.00655	0.00655	0.00655	0.00873	0.00545	0.00491	0.00927	0.01473	0.01745	0.06546	0.06218	0.73000	0.01636	0.00764	0.00218	0.00327	0.01364	0.00600	0.00545
20	0.81856	0.01250	0.00950	0.00850	0.01250	0.01449	0.00700	0.01899	0.01100	0.02899	0.00900	0.01050	0.00700	0.00600	0.00400	0.00200	0.00500	0.00350	0.00400	0.00700
21	0.01220	0.01148	0.01938	0.75739	0.04450	0.01436	0.01794	0.01651	0.01292	0.01651	0.01148	0.01723	0.00861	0.00646	0.00646	0.00215	0.00861	0.00574	0.00287	0.00718
22	0.01720	0.01444	0.01525	0.01338	0.01723	0.01660	0.01050	0.12468	0.62875	0.02886	0.02486	0.02296	0.01856	0.00863	0.00656	0.00216	0.00538	0.00711	0.00656	0.01033
23	0.01122	0.00561	0.00842	0.00842	0.00842	0.00561	0.00561	0.00842	0.00842	0.01122	0.01122	0.01964	0.01122	0.02245	0.02525	0.81201	0.00561	0.00561	0.00281	0.00281
24	0.01867	0.38761	0.07236	0.01504	0.04920	0.07204	0.07424	0.10334	0.04269	0.06456	0.01224	0.01347	0.00977	0.00616	0.00532	0.00166	0.00759	0.00468	0.00380	0.03555
25	0.00806	0.00576	0.00771	0.00921	0.00966	0.00541	0.00632	0.00932	0.01255	0.01670	0.03551	0.71806	0.04233	0.02007	0.00830	0.00265	0.00391	0.06719	0.00599	0.00530
26	0.01725	0.01712	0.04751	0.05849	0.48486	0.07719	0.01748	0.10105	0.05181	0.02281	0.01325	0.01666	0.01087	0.02733	0.00709	0.00205	0.00788	0.00577	0.00375	0.00978
27	0.01376	0.09928	0.65041	0.01763	0.02666	0.01613	0.02231	0.04529	0.01420	0.02072	0.01150	0.01342	0.00830	0.00614	0.00597	0.00198	0.00923	0.00469	0.00287	0.00949
28	0.00786	0.00568	0.00743	0.00883	0.00933	0.00526	0.00593	0.00902	0.01253	0.01656	0.03759	0.72184	0.08833	0.01999	0.00821	0.00259	0.00372	0.01805	0.00600	0.00526
29	0.01393	0.01323	0.10112	0.01362	0.06236	0.01140	0.01092	0.06320	0.20399	0.07078	0.17233	0.15118	0.04554	0.01134	0.00707	0.00218	0.00529	0.02619	0.00596	0.00835
30	0.01469	0.01145	0.01727	0.21817	0.20674	0.01226	0.01390	0.08287	0.01559	0.06629	0.01905	0.11231	0.01749	0.00942	0.00673	0.00214	0.00665	0.07904	0.07981	0.00810
31	0.00826	0.00657	0.00741	0.00720	0.00911	0.00572	0.00540	0.01048	0.01620	0.02096	0.34060	0.05641	0.45266	0.01506	0.00763	0.00212	0.00318	0.01283	0.00646	0.00572
32	0.01312	0.06124	0.71304	0.01814	0.02754	0.01540	0.02339	0.02042	0.01362	0.02027	0.01150	0.01352	0.00819	0.00612	0.00606	0.00202	0.00945	0.00473	0.00273	0.00950
33	0.01396	0.01204	0.02012	0.59567	0.14752	0.01417	0.01764	0.01806	0.01358	0.06767	0.01257	0.01737	0.00938	0.00646	0.00645	0.00211	0.00825	0.00580	0.00328	0.00791
34	0.01712	0.74997	0.05933	0.01132	0.01699	0.02519	0.01152	0.01939	0.01315	0.01539	0.00908	0.01048	0.00829	0.00555	0.00422	0.00141	0.00701	0.00350	0.00276	0.00834
35	0.01205	0.00985	0.01222	0.03869	0.01467	0.01018	0.03099	0.04471	0.22633	0.02256	0.13550	0.28525	0.03213	0.01286	0.00718	0.00219	0.00468	0.01141	0.00596	0.08057
36	0.01338	0.08945	0.51469	0.01826	0.05553	0.01552	0.05926	0.01987	0.03242	0.02017	0.04041	0.01686	0.03416	0.00689	0.00674	0.00203	0.03660	0.00552	0.00316	0.00909
37	0.00998	0.00905	0.01414	0.12342	0.01840	0.00873	0.12017	0.01303	0.01556	0.02026	0.23918	0.04424	0.31405	0.01222	0.00745	0.00213	0.00524	0.01092	0.00541	0.00642
38	0.01872	0.13699	0.03954	0.01296	0.01768	0.21077	0.01079	0.11571	0.01703	0.04224	0.01229	0.03545	0.01033	0.00661	0.00592	0.00152	0.03167	0.00473	0.00402	0.26502
39	0.01326	0.03131	0.64663	0.01958	0.02873	0.01518	0.11456	0.02049	0.01385	0.02049	0.01179	0.01414	0.00840	0.00605	0.00634	0.00206	0.00973	0.00515	0.00280	0.00944
40	0.81856	0.01250	0.00950	0.00850	0.01250	0.01449	0.00700	0.01899	0.01100	0.02899	0.00900	0.01050	0.00700	0.00600	0.00400	0.00200	0.00500	0.00350	0.00400	0.00700
41	0.00940	0.00626	0.00705	0.00705	0.00705	0.00626	0.00392	0.00940	0.00940	0.01253	0.02036	0.04228	0.02349	0.77292	0.03289	0.00626	0.00626	0.00940	0.00392	0.00392
42	0.01024	0.00772	0.00891	0.00887	0.01068	0.00749	0.00659	0.03619	0.09702	0.03655	0.14426	0.21114	0.25713	0.07067	0.00951	0.00260	0.00413	0.05788	0.00614	0.00629
43	0.00856	0.00603	0.00785	0.00893	0.00944	0.00577	0.00616	0.00982	0.01245	0.01663	0.07273	0.49726	0.03934	0.16610	0.01309	0.00334	0.00448	0.10122	0.00565	0.00513
44	0.01436	0.01152	0.01256	0.01146	0.01451	0.01266	0.00882	0.04866	0.44940	0.05168	0.11532	0.09493	0.10447	0.01106	0.00695	0.00219	0.00462	0.00940	0.00658	0.00883
45	0.00997	0.00720	0.00986	0.01124	0.01267	0.00708	0.00960	0.01267	0.01462	0.01893	0.03649	0.14093	0.08529	0.01798	0.00877	0.00289	0.00555	0.57645	0.00596	0.00585
46	0.71925	0.01278	0.01038	0.00911	0.01318	0.01467	0.00748	0.05383	0.04260	0.05297	0.01060	0.01171	0.00804	0.00627	0.00431	0.00200	0.00512	0.00387	0.00436	0.00746
47	0.01599	0.01535	0.02623	0.03966	0.73262	0.01535	0.01983	0.01983	0.01471	0.02111	0.01215	0.01599	0.01023	0.00576	0.00640	0.00192	0.00768	0.00576	0.00320	0.01023
48	0.01479	0.01412	0.02280	0.17745	0.44448	0.02949	0.03981	0.01910	0.03847	0.02058	0.05923	0.01842	0.01345	0.00644	0.00643	0.00193	0.00749	0.00611	0.00354	0.05587
49	0.00923	0.00692	0.01038	0.01038	0.01154	0.00808	0.00808	0.01154	0.01038	0.01500	0.01731	0.02538	0.01615	0.04846	0.74732	0.01038	0.01731	0.00692	0.00346	0.00577
50	0.00923	0.00692	0.01038	0.01038	0.01154	0.00808	0.00808	0.01154	0.01038	0.01500	0.01731	0.02538	0.01615	0.04846	0.74732	0.01038	0.01731	0.00692	0.00346	0.00577
51	0.01122	0.00561	0.00842	0.00842	0.00842	0.00561	0.00561	0.00842	0.00842	0.01122	0.01122	0.01964	0.01122	0.02245	0.02525	0.81201	0.00561	0.00561	0.00281	0.00281
52	0.01310	0.03246	0.69735	0.01895	0.02831	0.01509	0.06501	0.02048	0.01374	0.02048	0.01168	0.01387	0.00828	0.00610	0.00623	0.00205	0.00963	0.00495	0.00276	0.00950
53	0.01607	0.01388	0.01461	0.01315	0.01680	0.01607	0.01023	0.03433	0.72094	0.02703	0.02630	0.02411	0.01972	0.00877	0.00657	0.00219	0.00511	0.00731	0.00657	0.01023
54	0.02414	0.03079	0.01831	0.01665	0.01998	0.74698	0.01248	0.02580	0.01831	0.01581	0.00999	0.01165	0.00832	0.00666	0.00583	0.00166	0.01165	0.00416	0.00333	0.00749
55	0.02295	0.01730	0.01848	0.01454	0.01942	0.01928	0.01189	0.58239	0.16169	0.03812	0.01756	0.01715	0.01265	0.00795	0.00648	0.00199	0.00673	0.00610	0.00648	0.01084
56	0.02786	0.01199	0.01554	0.01189	0.01694	0.01091	0.00982	0.12416	0.01995	0.61741	0.02365	0.02081	0.01509	0.00786	0.00644	0.00196	0.00570	0.00631	0.00765	0.03808
57	0.01599	0.01535	0.02623	0.03966	0.73262	0.01535	0.01983	0.01983	0.01471	0.02111	0.01215	0.01599	0.01023	0.00576	0.00640	0.00192	0.00768	0.00576	0.00320	0.01023
58	0.01296	0.03342	0.73944	0.01842	0.02797	0.01501	0.02387	0.02046	0.01364	0.02046	0.01160	0.01364	0.00818	0.00614	0.00614	0.00205	0.00955	0.00477	0.00273	0.00955
59	0.01220	0.01148	0.01938	0.75739	0.04450	0.01436	0.01794	0.01651	0.01292	0.01651	0.01148	0.01723	0.00861	0.00646	0.00646	0.00215	0.00861	0.00574	0.00287	0.00718
60	0.01496	0.01281	0.01415	0.01363	0.04641	0.01452	0.01003	0.03023	0.58824	0.02583	0.06975	0.08745	0.02378	0.00987	0.00677	0.00221	0.00498	0.00843	0.00641	0.00956
61	0.00914	0.00660	0.00864	0.00813	0.00965	0.00610	0.00610	0.01219	0.01829	0.02591	0.72921	0.04827	0.06097	0.01321	0.00762	0.00203	0.00305	0.01169	0.00711	0.00610
62	0.00940	0.00626	0.00705	0.00705	0.00705	0.00626	0.00392	0.00940	0.00940	0.01253	0.02036	0.04228	0.02349	0.77292	0.03289	0.00626	0.00626	0.00940	0.00392	0.00392
63	0.00795	0.00649	0.00702	0.00703	0.00895	0.00557	0.00522	0.00983	0.01527	0.01906	0.19437	0.10837	0.55038	0.01601	0.00768	0.00218	0.00326	0.01358	0.00622	0.00557
64	0.01599	0.01535	0.02623	0.03966	0.73262	0.01535	0.01983	0.01983	0.01471	0.02111	0.01215	0.01599	0.01023	0.00576	0.00640	0.00192	0.00768	0.00576	0.00320	0.01023
65	0.02274	0.01703	0.01822	0.01432	0.01907	0.01893	0.01166	0.58462	0.13184	0.03764	0.01729	0.01779	0.01275	0.03654	0.00747	0.00214	0.00678	0.00617	0.00638	0.01061
66	0.00800	0.00584	0.00753	0.00863	0.00933	0.00537	0.00589	0.00940	0.01333	0.01771	0.12055	0.60648	0.12017	0.01899	0.00811	0.00251	0.00361	0.01706	0.00613	0.00537
67	0.00853	0.00658	0.00779	0.00748	0.00928	0.00584	0.00561	0.01100	0.01684	0.02247	0.45887	0.05393	0.33345	0.01449	0.00763	0.00209	0.00314	0.01248	0.00666	0.00584
68	0.01884	0.01874	0.02239	0.05273	0.39734	0.16902	0.01633	0.12435	0.07515	0.02323	0.01333	0.01571	0.01066	0.00651	0.00630	0.00190	0.00825	0.00556	0.00397	0.00967
69	0.00993	0.00775	0.00850	0.00839	0.01058	0.00728	0.00638	0.03520	0.09046	0.03952	0.07727	0.15436	0.44664	0.01557	0.00762	0.00228	0.00388	0.05589	0.00617	0.00632
70	0.00928	0.00671	0.00932	0.00932	0.01011	0.00750	0.00675	0.01086	0.01007	0.01421	0.01828	0.03076	0.01849	0.27876	0.52021	0.00907	0.01380	0.00771	0.00361	0.00518
71	0.01073	0.00788	0.01021	0.01108	0.01287	0.00781	0.00944	0.05580	0.01572	0.02024	0.03836	0.09265	0.15233	0.01706	0.00853	0.00276	0.00549	0.50889	0.00599	0.00615
72	0.01456	0.05089	0.27156	0.02370	0.03120	0.01624	0.45505	0.02057	0.01464	0.02042	0.01243	0.01591	0.00921	0.00568	0.00700	0.00211	0.01030	0.00652	0.00307	0.00898
73	0.02041	0.10986	0.01676	0.01230	0.01606	0.19369	0.00991	0.02493	0.11566	0.22280	0.12783	0.02483	0.04123	0.00877	0.00632	0.00190	0.00672	0.02560	0.00575	0.00865
74	0.01532	0.01069	0.01194	0.01028	0.01239	0.01143	0.00743	0.25130	0.03655	0.04488	0.01926	0.05116	0.01897	0.40248	0.06413	0.00468	0.00709	0.00813	0.00502	0.00687
75	0.24104	0.22163	0.23400	0.01333	0.01937	0.09784	0.01395	0.05630	0.01415	0.02201	0.01021	0.01178	0.00804	0.00608	0.00500	0.00181	0.00769	0.00406	0.00335	0.00836
76	0.81856	0.01250	0.00950	0.00850	0.01250	0.01449	0.00700	0.01899	0.01100	0.02899	0.00900	0.01050	0.00700	0.00600	0.00400	0.00200	0.00500	0.00350	0.00400	0.00700
77	0.01343	0.01312	0.01987	0.31466	0.05482	0.01745	0.01588	0.01609	0.01129	0.01614	0.00982	0.01544	0.00860	0.00916	0.01474	0.00252	0.43119	0.00569	0.00286	0.00723
78	0.00905	0.00656	0.00853	0.00812	0.00962	0.00604	0.00606	0.01198	0.01794	0.02528	0.68176	0.07978	0.07778	0.01360	0.00765	0.00206	0.00308	0.01203	0.00704	0.00604
79	0.01340	0.01148	0.01340	0.00957	0.01531	0.00861	0.00766	0.01627	0.01340	0.02105	0.01148	0.01340	0.00957	0.00479	0.00479	0.00096	0.00479	0.00383	0.00383	0.81242
80	0.01350	0.02492	0.41027	0.08910	0.07265	0.01498	0.21119	0.01971	0.01412	0.02009	0.01404	0.01697	0.03581	0.00634	0.00665	0.00209	0.00949	0.00604	0.00304	0.00899
81	0.00787	0.00562	0.00750	0.00900	0.00937	0.00525	0.00600	0.00900	0.01237	0.01649	0.03561	0.76871	0.04274	0.02024	0.00825	0.00262	0.00375	0.01837	0.00600	0.00525
82	0.00859	0.00670	0.00783	0.00781	0.00950	0.00608	0.00576	0.01133	0.04221	0.02104	0.32454	0.16734	0.32693	0.01543	0.00769	0.00219	0.00333	0.01337	0.00647	0.00586
83	0.02292	0.02881	0.01904	0.01699	0.02010	0.65616	0.03332	0.02467	0.01742	0.01593	0.00994	0.01206	0.00838	0.00706	0.00734	0.00179	0.08288	0.00441	0.00328	0.00749
84	0.01110	0.00561	0.00838	0.00844	0.00845	0.00560	0.00563	0.00844	0.00857	0.01142	0.01214	0.04771	0.01240	0.02236	0.02462	0.78168	0.00554	0.00609	0.00293	0.00290
85	0.01727	0.77681	0.03386	0.01106	0.01658	0.02557	0.01106	0.01935	0.01313	0.01520	0.00898	0.01036	0.00829	0.00553	0.00415	0.00138	0.00691	0.00345	0.00276	0.00829
86	0.00787	0.00562	0.00750	0.00900	0.00937	0.00525	0.00600	0.00900	0.01237	0.01649	0.03561	0.76871	0.04274	0.02024	0.00825	0.00262	0.00375	0.01837	0.00600	0.00525
87	0.08028	0.01639	0.01789	0.01380	0.01886	0.01769	0.01140	0.53665	0.02683	0.16961	0.01692	0.01637	0.01164	0.00768	0.00630	0.00195	0.00666	0.00578	0.00658	0.01071
88	0.01036	0.00768	0.00965	0.01041	0.01187	0.00767	0.00811	0.06058	0.05468	0.01986	0.03623	0.35888	0.10698	0.01750	0.00821	0.00263	0.00478	0.25169	0.00605	0.00619
89	0.00940	0.00626	0.00705	0.00705	0.00705	0.00626	0.00392	0.00940	0.00940	0.01253	0.02036	0.04228	0.02349	0.77292	0.03289	0.00626	0.00626	0.00940	0.00392	0.00392
90	0.00979	0.04052	0.01180	0.01070	0.01199	0.00933	0.00846	0.01205	0.01048	0.01503	0.01657	0.02425	0.01548	0.04501	0.68408	0.00967	0.04872	0.00672	0.00340	0.00593
91	0.00796	0.00568	0.00759	0.00909	0.00950	0.00532	0.00614	0.00914	0.01245	0.01659	0.03557	0.74572	0.04255	0.02016	0.00827	0.00264	0.00382	0.04052	0.00600	0.00527
92	0.01727	0.77681	0.03386	0.01106	0.01658	0.02557	0.01106	0.01935	0.01313	0.01520	0.00898	0.01036	0.00829	0.00553	0.00415	0.00138	0.00691	0.00345	0.00276	0.00829
93	0.01316	0.05604	0.67265	0.04319	0.04827	0.01533	0.02315	0.02028	0.01363	0.02018	0.01152	0.01372	0.00826	0.00612	0.00609	0.00202	0.00938	0.00479	0.00275	0.00945
94	0.01599	0.01486	0.02165	0.31022	0.20221	0.06289	0.06961	0.06660	0.10687	0.04431	0.01431	0.01751	0.01091	0.00666	0.00651	0.00205	0.00811	0.00602	0.00389	0.00882
95	0.02374	0.01726	0.01864	0.01442	0.01938	0.01900	0.01187	0.63911	0.05243	0.05940	0.04701	0.01740	0.01358	0.00803	0.00652	0.00195	0.00682	0.00614	0.00654	0.01075
96	0.00923	0.00692	0.01038	0.01038	0.01154	0.00808	0.00808	0.01154	0.01038	0.01500	0.01731	0.02538	0.01615	0.04846	0.74732	0.01038	0.01731	0.00692	0.00346	0.00577
97	0.01667	0.02003	0.11954	0.04705	0.04976	0.06834	0.40759	0.11045	0.01688	0.02255	0.01268	0.01609	0.00956	0.00625	0.00777	0.00212	0.04755	0.00658	0.00358	0.00894
98	0.01233	0.01161	0.01960	0.73402	0.06691	0.01439	0.01801	0.01662	0.01298	0.01666	0.01151	0.01719	0.00867	0.00644	0.00646	0.00215	0.00858	0.00574	0.00288	0.00728
99	0.02899	0.01100	0.01499	0.01150	0.01649	0.00950	0.00950	0.03149	0.01849	0.73709	0.02549	0.02199	0.01599	0.00800	0.00650	0.00200	0.00550	0.00650	0.00800	0.01100
100	0.00899	0.00648	0.00850	0.00824	0.00962	0.00599	0.00608	0.01180	0.01756	0.02475	0.64365	0.13713	0.05872	0.01408	0.00770	0.00211	0.00313	0.01251	0.00698	0.00599
101	0.00798	0.00675	0.00724	0.03220	0.01015	0.00586	0.00561	0.00985	0.01491	0.01804	0.10615	0.06011	0.63873	0.01587	0.00764	0.00220	0.00353	0.03566	0.00597	0.00557
102	0.04320	0.01384	0.01737	0.19175	0.05425	0.01644	0.01311	0.13702	0.26862	0.02502	0.03814	0.01962	0.01452	0.00830	0.00843	0.00220	0.10785	0.00640	0.00496	0.00897
103	0.04195	0.01594	0.01886	0.18417	0.09101	0.11034	0.03906	0.13601	0.06136	0.08114	0.01394	0.01609	0.01053	0.00684	0.00676	0.00189	0.03991	0.00546	0.00438	0.11435
104	0.01722	0.01495	0.06131	0.09533	0.18713	0.01429	0.03303	0.18756	0.05808	0.07247	0.03404	0.02082	0.05061	0.04045	0.00754	0.00210	0.00687	0.00643	0.00477	0.08501
105	0.04456	0.01650	0.06765	0.01502	0.04973	0.05872	0.05093	0.19326	0.07259	0.08196	0.03830	0.01677	0.01263	0.00709	0.00694	0.00179	0.05309	0.00554	0.00491	0.20203
106	0.18324	0.01543	0.04812	0.03946	0.08904	0.01550	0.18095	0.18641	0.03946	0.02768	0.07814	0.01846	0.01457	0.00814	0.02582	0.00226	0.00762	0.00634	0.00461	0.00877
107	0.01816	0.01512	0.04444	0.01661	0.08903	0.01511	0.06055	0.23489	0.14508	0.06452	0.01750	0.02080	0.01396	0.05884	0.00866	0.00223	0.03089	0.02790	0.00525	0.11045
108	0.01676	0.15503	0.04112	0.03990	0.09037	0.06852	0.05570	0.13687	0.04001	0.04650	0.06638	0.04733	0.05884	0.00911	0.02715	0.00205	0.00715	0.00660	0.00454	0.08004
109	0.01855	0.06942	0.01708	0.08246	0.04551	0.05890	0.01104	0.15832	0.15721	0.12717	0.07306	0.07317	0.01876	0.00870	0.00640	0.00196	0.00624	0.00715	0.00566	0.05326
110	0.01636	0.01364	0.01526	0.08003	0.05975	0.07452	0.01025	0.08196	0.07683	0.08147	0.04203	0.01998	0.06060	0.00708	0.00585	0.00158	0.00602	0.00576	0.00473	0.33631
111	0.06496	0.06170	0.01602	0.03440	0.04331	0.01302	0.03465	0.14409	0.09083	0.07444	0.08681	0.02502	0.10998	0.00847	0.00615	0.00180	0.00552	0.00695	0.00533	0.16657
112	0.03755	0.01485	0.04606	0.05107	0.15590	0.01459	0.05867	0.19841	0.08179	0.16097	0.03395	0.02078	0.01443	0.03292	0.00740	0.00215	0.00688	0.02527	0.00543	0.03093
113	0.04300	0.01662	0.01844	0.03885	0.01992	0.11441	0.08596	0.22410	0.10647	0.06985	0.03880	0.02007	0.05672	0.00789	0.00682	0.00192	0.02948	0.00638	0.00523	0.08907
114	0.04196	0.01302	0.01682	0.05240	0.08879	0.03972	0.07138	0.08165	0.12747	0.08041	0.02320	0.07952	0.08623	0.00897	0.00652	0.00195	0.00618	0.02828	0.00510	0.14042
115	0.03685	0.01403	0.03583	0.09766	0.01973	0.05700	0.03031	0.11627	0.18710	0.04521	0.04206	0.07370	0.06885	0.00880	0.00638	0.00193	0.00614	0.00733	0.00520	0.13963

[dist]
# distance from previous block
# <min> <max>
120	427

[block]
# block no. 6 follows, 34 sequences, length 15
# corresponding to MSA columns:
# 847-861
name=unknown_G
#
# <colnr> <probs for GDERKNQSTAVLIFYWHMCP>
#	G	D	E	R	K	N	Q	S	T	A	V	L	I	F	Y	W	H	M	C	P
0	0.01838	0.10321	0.01894	0.06692	0.05201	0.31318	0.01210	0.06961	0.03807	0.01835	0.01860	0.02019	0.11066	0.00858	0.00798	0.00193	0.10374	0.00601	0.00387	0.00768
1	0.01212	0.01103	0.08977	0.01081	0.01324	0.00914	0.00908	0.11084	0.01561	0.04424	0.11899	0.25146	0.03094	0.13142	0.06273	0.00348	0.00629	0.05667	0.00543	0.00671
2	0.09700	0.00680	0.00823	0.00917	0.01009	0.00686	0.00658	0.01093	0.01209	0.01766	0.02951	0.44396	0.03406	0.12566	0.04533	0.00348	0.00520	0.11666	0.00536	0.00538
3	0.01727	0.09791	0.37291	0.01765	0.02502	0.06522	0.09637	0.16842	0.01778	0.04334	0.01262	0.01425	0.00920	0.00643	0.00618	0.00195	0.00896	0.00520	0.00377	0.00955
4	0.01685	0.35160	0.30552	0.01494	0.02163	0.15298	0.01630	0.02096	0.01427	0.01736	0.01018	0.01187	0.00826	0.00597	0.00523	0.00169	0.00880	0.00410	0.00285	0.00863
5	0.00782	0.00581	0.00730	0.00849	0.00924	0.00529	0.00577	0.00905	0.01285	0.01669	0.04174	0.62370	0.18379	0.01945	0.00812	0.00253	0.00365	0.01740	0.00600	0.00529
6	0.02231	0.10893	0.02014	0.01608	0.01928	0.59031	0.01251	0.02399	0.01684	0.01572	0.00972	0.01179	0.00834	0.00704	0.00732	0.00176	0.09293	0.00425	0.00321	0.00753
7	0.07773	0.04577	0.09420	0.01732	0.11919	0.18946	0.01314	0.07871	0.01752	0.23657	0.01715	0.01731	0.03316	0.00718	0.00606	0.00189	0.00778	0.00550	0.00500	0.00935
8	0.01457	0.00894	0.01181	0.01186	0.05960	0.00859	0.00859	0.06845	0.01712	0.15404	0.25249	0.06178	0.06139	0.09540	0.01026	0.00267	0.00502	0.13375	0.00634	0.00733
9	0.06194	0.00691	0.00916	0.01117	0.06393	0.00671	0.00711	0.01082	0.01310	0.01869	0.10779	0.58368	0.03993	0.01745	0.00776	0.00247	0.00405	0.01571	0.00578	0.00583
10	0.11184	0.01593	0.04503	0.21028	0.02599	0.07065	0.05758	0.16792	0.08739	0.09408	0.01474	0.01657	0.01077	0.00718	0.00676	0.00207	0.03602	0.00569	0.00468	0.00884
11	0.03980	0.09301	0.20765	0.01462	0.02049	0.10501	0.01427	0.19039	0.09575	0.07092	0.03195	0.01597	0.01198	0.00703	0.00597	0.00186	0.00767	0.00530	0.00467	0.05571
12	0.03163	0.06967	0.14917	0.01432	0.04011	0.09381	0.04708	0.12446	0.01717	0.04499	0.10994	0.02074	0.01748	0.06476	0.00808	0.00210	0.00720	0.00612	0.00444	0.12673
13	0.04008	0.04215	0.01659	0.01352	0.04298	0.01182	0.08271	0.08097	0.10073	0.10069	0.03675	0.12222	0.05515	0.01070	0.03031	0.00219	0.00614	0.03008	0.00525	0.16896
14	0.10526	0.09290	0.10285	0.01637	0.04336	0.05255	0.16624	0.03935	0.13122	0.03931	0.03409	0.07078	0.04762	0.02183	0.00684	0.00212	0.00734	0.00719	0.00439	0.00840

[dist]
# distance from previous block
# <min> <max>
33	105

[block]
# block no. 7 follows, 34 sequences, length 12
# corresponding to MSA columns:
# 1006-1017
name=unknown_H
#
# <colnr> <probs for GDERKNQSTAVLIFYWHMCP>
#	G	D	E	R	K	N	Q	S	T	A	V	L	I	F	Y	W	H	M	C	P
0	0.01782	0.14904	0.09751	0.04563	0.01967	0.04908	0.03931	0.17750	0.12256	0.06870	0.06266	0.01990	0.03037	0.02600	0.02102	0.00215	0.00712	0.00614	0.00495	0.03284
1	0.03215	0.04202	0.07763	0.01111	0.01428	0.03256	0.00939	0.04377	0.16931	0.06242	0.06413	0.07129	0.10431	0.12685	0.04746	0.00314	0.02217	0.02854	0.00520	0.03228
2	0.03941	0.17662	0.02375	0.08104	0.04235	0.11570	0.13859	0.04848	0.10356	0.04659	0.01520	0.06262	0.01299	0.02220	0.02007	0.00218	0.02992	0.00642	0.00404	0.00828
3	0.04764	0.31211	0.20362	0.01756	0.08402	0.05984	0.09699	0.04577	0.01450	0.01938	0.01077	0.01287	0.00871	0.00583	0.00544	0.00173	0.00821	0.00461	0.00311	0.03731
4	0.01515	0.18113	0.11405	0.01360	0.01784	0.09602	0.05506	0.02215	0.20360	0.01941	0.01867	0.11295	0.01709	0.07544	0.00848	0.00235	0.00709	0.00739	0.00438	0.00815
5	0.01581	0.06241	0.01576	0.01311	0.06071	0.01329	0.00976	0.07289	0.26879	0.06649	0.12892	0.02324	0.02159	0.00802	0.00614	0.00178	0.00516	0.00668	0.00564	0.19377
6	0.04417	0.02376	0.14283	0.01668	0.04657	0.28592	0.01428	0.10772	0.07534	0.04280	0.03425	0.01534	0.01142	0.00764	0.00799	0.00199	0.10338	0.00525	0.00408	0.00860
7	0.01542	0.38007	0.22926	0.01320	0.01968	0.01933	0.01417	0.02104	0.09663	0.01882	0.01208	0.01329	0.00977	0.00599	0.00508	0.00161	0.00718	0.00433	0.00334	0.10971
8	0.00813	0.00586	0.00776	0.00919	0.00977	0.00549	0.00641	0.00948	0.01275	0.01684	0.03690	0.66074	0.07520	0.01980	0.00829	0.00264	0.00396	0.08947	0.00599	0.00533
9	0.02239	0.01752	0.02118	0.01622	0.02138	0.01911	0.09942	0.54484	0.10977	0.03660	0.01648	0.01676	0.01187	0.00759	0.00662	0.00200	0.00735	0.00622	0.00608	0.01061
10	0.00958	0.00955	0.09346	0.00859	0.01007	0.00733	0.00672	0.01085	0.01064	0.01428	0.02474	0.04007	0.10970	0.53061	0.08296	0.00558	0.00715	0.00919	0.00400	0.00492
11	0.08371	0.02729	0.50292	0.01841	0.02592	0.01572	0.10185	0.01975	0.01313	0.02062	0.01115	0.01387	0.00831	0.00669	0.00802	0.00216	0.10355	0.00511	0.00292	0.00892

[dist]
# distance from previous block
# <min> <max>
1	6

[block]
# block no. 8 follows, 34 sequences, length 11
# corresponding to MSA columns:
# 1024-1034
name=unknown_I
#
# <colnr> <probs for GDERKNQSTAVLIFYWHMCP>
#	G	D	E	R	K	N	Q	S	T	A	V	L	I	F	Y	W	H	M	C	P
0	0.01727	0.77681	0.03386	0.01106	0.01658	0.02557	0.01106	0.01935	0.01313	0.01520	0.00898	0.01036	0.00829	0.00553	0.00415	0.00138	0.00691	0.00345	0.00276	0.00829
1	0.01379	0.12951	0.56486	0.01847	0.02714	0.01655	0.10193	0.02034	0.01376	0.01980	0.01142	0.01365	0.00839	0.00598	0.00605	0.00197	0.00936	0.00493	0.00280	0.00929
